cell_id,cell_type,diameter_um,organelle_count,viability_pct
CELL_89258,Stem Cell,29.52,29,61.56
CELL_88806,Fibroblast,64.01,38,88.21
CELL_56411,Leukocyte,59.99,23,64.99
CELL_11865,Erythrocyte,52.43,12,93.26
CELL_38810,Leukocyte,79.07,34,80.68
CELL_74126,Epithelial,98.17,39,67.85
CELL_86857,Leukocyte,59.7,37,77.7
CELL_42144,Epithelial,119.06,50,55.48
CELL_70122,Leukocyte,8.38,45,65.83
CELL_40911,Fibroblast,62.88,23,84.54
CELL_43999,Myocyte,51.99,27,66.58
CELL_37440,Leukocyte,63.67,18,55.81
CELL_25658,Leukocyte,64.94,39,63.28
CELL_86811,Erythrocyte,14.14,27,51.59
CELL_48557,Leukocyte,48.34,22,82.85
CELL_94303,Stem Cell,83.45,29,69.69
CELL_59869,Myocyte,49.22,30,69.05
CELL_99226,Epithelial,51.36,48,52.67
CELL_39862,Leukocyte,104.0,8,68.7
CELL_97307,Erythrocyte,8.65,47,93.52
CELL_39547,Stem Cell,39.68,9,68.02
CELL_77592,Neuron,11.14,33,76.55
CELL_25613,Erythrocyte,12.26,37,70.36
CELL_77851,Epithelial,49.74,7,63.43
CELL_77856,Fibroblast,73.53,9,57.16
CELL_48150,Fibroblast,7.79,45,68.22
CELL_47701,Fibroblast,74.05,29,87.68
CELL_77014,Stem Cell,68.83,39,83.23
CELL_42760,Myocyte,110.73,8,75.89
CELL_78239,Epithelial,33.0,39,92.88
CELL_46800,Fibroblast,17.64,34,90.57
CELL_72937,Leukocyte,62.45,37,87.02
CELL_49714,Stem Cell,23.67,14,59.78
CELL_98849,Neuron,98.12,9,94.56
CELL_45570,Stem Cell,106.83,14,60.66
CELL_79912,Leukocyte,89.89,49,67.43
CELL_73101,Myocyte,71.24,8,58.67
CELL_35295,Epithelial,10.53,29,89.63
CELL_22356,Epithelial,22.42,33,54.91
CELL_63313,Fibroblast,94.64,9,78.79
CELL_93393,Stem Cell,14.61,19,93.43
CELL_47776,Stem Cell,89.65,13,77.08
CELL_49879,Fibroblast,109.9,20,99.31
CELL_84514,Epithelial,32.17,47,55.58
CELL_34267,Erythrocyte,50.36,34,52.1
CELL_48221,Fibroblast,62.77,17,89.35
CELL_62721,Fibroblast,58.53,42,64.49
CELL_53604,Neuron,56.06,7,53.67
CELL_80675,Leukocyte,100.84,15,63.49
CELL_56068,Erythrocyte,107.82,6,94.15
CELL_70917,Erythrocyte,99.58,50,89.5
CELL_93294,Stem Cell,109.24,16,58.07
CELL_70046,Erythrocyte,115.46,49,71.71
CELL_48831,Epithelial,24.75,22,93.91
CELL_47567,Leukocyte,101.72,41,74.61
CELL_81697,Epithelial,102.12,12,97.22
CELL_31404,Stem Cell,95.49,37,69.82
CELL_59733,Erythrocyte,13.64,31,98.05
CELL_43367,Fibroblast,59.59,21,88.89
CELL_10217,Erythrocyte,92.75,47,99.98
CELL_67544,Stem Cell,102.69,41,73.74
CELL_41697,Stem Cell,40.88,34,51.94
CELL_53447,Fibroblast,78.66,13,99.9
CELL_85695,Fibroblast,59.01,16,86.34
CELL_65102,Leukocyte,81.22,28,71.09
CELL_69693,Myocyte,23.39,40,96.97
CELL_94632,Erythrocyte,42.01,45,54.74
CELL_73606,Leukocyte,13.38,41,95.29
CELL_63895,Stem Cell,50.04,41,71.0
CELL_77372,Epithelial,103.69,28,77.52
CELL_50991,Neuron,51.7,12,82.31
CELL_84741,Neuron,66.54,33,55.03
CELL_43731,Erythrocyte,15.55,47,68.35
CELL_13731,Neuron,79.12,44,55.54
CELL_98431,Neuron,93.09,44,85.71
CELL_73241,Fibroblast,25.59,46,72.74
CELL_86847,Stem Cell,86.76,13,87.88
CELL_87796,Neuron,67.43,33,89.18
CELL_76590,Neuron,13.89,25,81.32
CELL_56218,Fibroblast,31.49,31,68.1
CELL_20850,Erythrocyte,84.79,18,99.32
CELL_39324,Neuron,77.39,24,80.86
CELL_94653,Epithelial,105.69,35,54.62
CELL_59259,Fibroblast,108.12,18,86.95
CELL_49756,Myocyte,13.19,42,73.44
CELL_40198,Neuron,75.32,47,52.63
CELL_91914,Neuron,36.33,21,85.54
CELL_50602,Epithelial,8.32,12,57.27
CELL_92176,Erythrocyte,56.57,25,94.27
CELL_74859,Epithelial,98.35,40,85.22
CELL_39697,Leukocyte,73.52,20,71.64
CELL_64472,Myocyte,91.86,50,84.3
CELL_41629,Stem Cell,78.02,50,69.33
CELL_29574,Fibroblast,59.73,29,93.98
CELL_60585,Fibroblast,73.72,38,56.21
CELL_36183,Fibroblast,117.61,40,88.53
CELL_78056,Epithelial,95.0,40,67.15
CELL_55290,Leukocyte,42.52,47,66.81
CELL_84070,Stem Cell,45.8,46,89.77
CELL_26970,Myocyte,33.78,18,91.92
CELL_62930,Neuron,101.05,23,77.66
CELL_54408,Stem Cell,38.34,24,71.09
CELL_80504,Leukocyte,9.42,19,82.92
CELL_83078,Neuron,110.49,14,72.51
CELL_37167,Myocyte,98.53,8,89.29
CELL_61242,Stem Cell,28.07,13,59.16
CELL_29728,Epithelial,110.26,21,84.42
CELL_59879,Myocyte,32.23,21,70.16
CELL_66361,Neuron,33.19,23,77.63
CELL_42246,Leukocyte,99.31,8,84.8
CELL_28509,Myocyte,70.89,32,83.12
CELL_29112,Myocyte,68.06,36,95.14
CELL_30516,Neuron,114.12,12,74.22
CELL_93144,Myocyte,36.17,18,73.4
CELL_50052,Epithelial,105.06,5,55.28
CELL_29422,Fibroblast,88.91,20,86.38
CELL_61089,Fibroblast,87.05,50,79.75
CELL_26028,Neuron,63.97,40,58.88
CELL_43758,Neuron,41.82,9,51.66
CELL_90428,Fibroblast,39.93,5,79.99
CELL_82023,Fibroblast,70.77,50,72.89
CELL_41927,Leukocyte,29.15,44,52.64
CELL_37390,Erythrocyte,31.16,38,93.88
CELL_19554,Stem Cell,70.09,16,76.63
CELL_97494,Leukocyte,32.55,21,93.54
CELL_37858,Erythrocyte,23.69,6,83.62
CELL_41796,Fibroblast,52.95,8,64.02
CELL_30814,Fibroblast,91.0,25,85.67
CELL_75376,Stem Cell,117.09,49,56.08
CELL_71116,Epithelial,56.68,46,89.87
CELL_95381,Fibroblast,119.32,6,66.64
CELL_48628,Leukocyte,76.36,38,82.45
CELL_25642,Myocyte,31.14,21,93.44
CELL_33521,Neuron,31.02,26,52.97
CELL_13562,Erythrocyte,101.87,40,51.46
CELL_92005,Leukocyte,108.34,39,84.79
CELL_78725,Fibroblast,109.44,47,78.7
CELL_66284,Erythrocyte,73.16,9,52.52
CELL_40107,Fibroblast,12.88,44,93.8
CELL_56260,Neuron,78.51,34,78.31
CELL_26167,Fibroblast,113.53,42,60.0
CELL_69006,Stem Cell,99.78,35,86.21
CELL_56744,Leukocyte,17.28,35,89.64
CELL_91958,Fibroblast,78.37,36,79.01
CELL_33756,Stem Cell,38.71,5,87.8
CELL_74344,Leukocyte,112.24,50,81.61
CELL_75718,Fibroblast,30.24,24,87.85
CELL_57972,Fibroblast,83.87,14,92.26
CELL_50011,Erythrocyte,14.29,14,59.4
CELL_47719,Erythrocyte,43.75,26,65.4
CELL_96171,Myocyte,34.69,41,68.78
CELL_73700,Erythrocyte,68.06,33,86.97
CELL_18240,Neuron,32.98,35,69.11
CELL_22452,Epithelial,106.54,18,51.62
CELL_42024,Leukocyte,104.87,9,88.35
CELL_88086,Stem Cell,41.59,33,63.77
CELL_89675,Epithelial,19.14,45,89.24
CELL_90341,Stem Cell,74.52,24,76.72
CELL_74289,Neuron,19.26,20,64.7
CELL_20557,Fibroblast,12.77,50,75.02
CELL_80851,Leukocyte,63.99,42,50.56
CELL_82824,Stem Cell,119.08,46,86.19
CELL_62516,Erythrocyte,43.83,43,81.12
CELL_47117,Epithelial,70.93,19,65.46
CELL_26123,Neuron,30.98,35,90.61
CELL_38289,Leukocyte,22.4,37,56.89
CELL_66596,Neuron,40.12,43,70.47
CELL_99817,Epithelial,100.0,42,87.04
CELL_54325,Leukocyte,49.95,28,88.88
CELL_95335,Myocyte,36.78,9,85.41
CELL_66680,Stem Cell,10.57,13,72.93
CELL_75727,Neuron,38.01,37,75.31
CELL_84190,Neuron,34.73,45,61.6
CELL_30933,Leukocyte,113.72,45,71.49
CELL_75073,Myocyte,18.81,29,64.69
CELL_69953,Neuron,98.79,23,97.26
CELL_98012,Erythrocyte,62.03,19,89.11
CELL_41878,Fibroblast,95.34,16,51.45
CELL_61408,Erythrocyte,83.23,35,74.24
CELL_25692,Epithelial,33.88,45,59.61
CELL_14067,Fibroblast,5.58,24,52.16
CELL_56631,Erythrocyte,61.25,14,61.94
CELL_64048,Leukocyte,57.18,49,84.36
CELL_39549,Erythrocyte,89.69,30,83.17
CELL_35317,Neuron,6.08,16,75.36
CELL_97160,Myocyte,70.69,16,64.27
CELL_98317,Stem Cell,101.92,13,58.8
CELL_73385,Fibroblast,36.66,46,93.24
CELL_11556,Myocyte,86.7,34,95.53
CELL_77776,Fibroblast,75.16,27,69.01
CELL_47500,Myocyte,52.2,42,93.93
CELL_73819,Leukocyte,87.75,35,58.27
CELL_55822,Myocyte,47.19,48,81.34
CELL_72751,Fibroblast,65.72,48,61.58
CELL_16433,Myocyte,31.0,50,87.37
CELL_35709,Neuron,52.44,41,56.29
CELL_23944,Erythrocyte,110.27,9,80.98
CELL_39038,Neuron,52.14,14,74.02
CELL_68419,Epithelial,62.78,43,68.96
CELL_84403,Neuron,9.87,15,97.81
CELL_79729,Fibroblast,17.67,15,68.32
CELL_12029,Epithelial,35.91,17,83.16
CELL_52798,Leukocyte,72.08,34,87.85
CELL_37401,Myocyte,84.72,15,50.56
CELL_73655,Erythrocyte,112.51,43,93.86
CELL_48579,Epithelial,109.29,15,60.01
CELL_44317,Neuron,87.4,24,60.93
CELL_79246,Leukocyte,98.03,16,58.29
CELL_55944,Epithelial,77.72,40,65.58
CELL_13785,Fibroblast,86.32,45,59.46
CELL_90315,Erythrocyte,114.03,8,71.53
CELL_88194,Fibroblast,111.23,44,74.92
CELL_27425,Fibroblast,12.52,46,66.33
CELL_41065,Epithelial,87.63,32,95.07
CELL_94992,Leukocyte,14.81,12,77.08
CELL_76597,Erythrocyte,32.09,26,98.46
CELL_40106,Neuron,48.32,20,83.81
CELL_97615,Neuron,9.95,47,83.75
CELL_15288,Stem Cell,45.65,25,59.23
CELL_92759,Erythrocyte,86.54,13,92.69
CELL_12174,Erythrocyte,16.13,43,99.58
CELL_59990,Leukocyte,14.24,41,61.7
CELL_51738,Erythrocyte,25.96,47,55.35
CELL_53995,Neuron,98.32,25,86.61
CELL_37695,Erythrocyte,30.64,26,84.85
CELL_87532,Neuron,117.44,37,83.26
CELL_16306,Epithelial,40.98,6,77.62
CELL_72205,Neuron,97.27,17,54.54
CELL_85386,Epithelial,7.9,23,94.51
CELL_68599,Epithelial,13.15,43,58.97
CELL_72535,Neuron,107.63,46,69.4
CELL_15841,Stem Cell,59.35,41,68.32
CELL_36042,Leukocyte,9.86,31,64.84
CELL_24213,Myocyte,84.82,23,57.02
CELL_59690,Leukocyte,85.01,11,97.22
CELL_51737,Leukocyte,21.49,50,98.37
CELL_15038,Stem Cell,38.62,30,92.97
CELL_72915,Epithelial,90.5,33,96.44
CELL_63779,Stem Cell,6.63,28,62.14
CELL_38631,Neuron,96.14,40,81.8
CELL_53101,Epithelial,98.3,48,69.98
CELL_19380,Fibroblast,45.2,44,54.33
CELL_48898,Myocyte,62.35,20,52.57
CELL_15032,Stem Cell,61.16,35,91.45
CELL_64510,Myocyte,59.58,35,73.48
CELL_50590,Myocyte,56.12,46,66.13
CELL_78166,Epithelial,48.12,5,58.44
CELL_75511,Epithelial,16.18,40,73.31
CELL_55761,Leukocyte,82.62,39,61.68
CELL_99290,Epithelial,119.21,21,50.94
CELL_97273,Fibroblast,27.12,22,82.72
CELL_64360,Stem Cell,96.12,42,92.97
CELL_60534,Neuron,97.41,20,55.34
CELL_66181,Leukocyte,95.4,46,98.87
CELL_49217,Erythrocyte,104.98,21,93.77
CELL_25829,Erythrocyte,45.87,33,81.78
CELL_74415,Fibroblast,40.16,25,92.68
CELL_50085,Stem Cell,115.44,49,89.02
CELL_31866,Leukocyte,72.28,41,87.23
CELL_35457,Stem Cell,49.58,40,95.08
CELL_56672,Neuron,100.38,45,71.47
CELL_71789,Neuron,37.3,10,88.17
CELL_85541,Myocyte,14.93,41,99.82
CELL_79727,Myocyte,14.2,14,88.01
CELL_15212,Neuron,47.99,50,95.17
CELL_28851,Myocyte,26.6,42,66.15
CELL_49986,Epithelial,76.97,46,84.69
CELL_39556,Erythrocyte,41.43,33,97.32
CELL_33733,Stem Cell,30.93,31,62.15
CELL_19620,Fibroblast,58.21,21,81.47
CELL_49576,Leukocyte,84.59,6,57.58
CELL_91946,Epithelial,22.71,40,62.68
CELL_91402,Leukocyte,111.87,42,50.2
CELL_15873,Stem Cell,90.13,47,82.13
CELL_14059,Epithelial,38.68,28,74.61
CELL_19179,Stem Cell,52.18,34,79.81
CELL_48759,Neuron,84.87,5,97.15
CELL_70714,Erythrocyte,51.86,5,95.33
CELL_92173,Stem Cell,23.94,11,84.8
CELL_16615,Neuron,117.54,27,82.44
CELL_69792,Epithelial,117.93,28,95.5
CELL_30694,Stem Cell,88.67,20,79.5
CELL_40850,Neuron,90.84,44,76.34
CELL_58483,Myocyte,28.65,29,96.42
CELL_91904,Myocyte,78.01,18,76.92
CELL_85881,Myocyte,83.67,47,52.97
CELL_44692,Leukocyte,98.93,41,82.85
CELL_38432,Neuron,29.27,32,63.05
CELL_68945,Stem Cell,33.78,36,52.34
CELL_80496,Neuron,72.92,18,96.62
CELL_68670,Myocyte,55.95,26,78.73
CELL_40874,Erythrocyte,48.0,24,81.49
CELL_69895,Leukocyte,83.93,39,57.5
CELL_37984,Myocyte,99.23,48,99.55
CELL_86471,Erythrocyte,74.21,16,75.36
CELL_13598,Leukocyte,37.25,32,88.7
CELL_32117,Stem Cell,13.36,36,86.2
CELL_92733,Myocyte,45.79,48,52.01
CELL_95742,Fibroblast,119.69,16,83.65
CELL_95891,Erythrocyte,19.1,50,71.28
CELL_23689,Leukocyte,85.71,35,85.37
CELL_52711,Fibroblast,6.05,48,97.59
CELL_50976,Neuron,9.32,34,83.63
CELL_95655,Leukocyte,98.21,16,80.74
CELL_45296,Fibroblast,93.71,49,97.63
CELL_97681,Epithelial,33.68,32,99.49
CELL_57543,Erythrocyte,27.88,19,89.42
CELL_15522,Myocyte,71.24,9,85.5
CELL_94078,Stem Cell,99.93,16,54.61
CELL_11312,Erythrocyte,36.04,33,86.08
CELL_59650,Fibroblast,66.73,8,52.63
CELL_30805,Myocyte,54.27,11,83.65
CELL_13382,Leukocyte,62.96,10,85.63
CELL_10821,Epithelial,58.06,16,95.11
CELL_16595,Stem Cell,96.7,20,68.13
CELL_21658,Leukocyte,59.3,27,92.36
CELL_91667,Stem Cell,106.54,37,72.5
CELL_94130,Stem Cell,19.21,8,72.0
CELL_20912,Neuron,11.53,32,80.26
CELL_85852,Neuron,82.35,50,71.51
CELL_88854,Myocyte,80.37,10,99.58
CELL_74238,Epithelial,31.1,40,60.4
CELL_91538,Epithelial,109.95,41,69.13
CELL_38541,Leukocyte,51.89,41,53.35
CELL_34784,Stem Cell,99.63,10,71.57
CELL_30376,Fibroblast,23.79,37,91.74
CELL_63920,Myocyte,107.93,33,54.85
CELL_74475,Myocyte,26.36,50,70.18
CELL_75933,Fibroblast,58.88,20,66.97
CELL_84401,Erythrocyte,21.06,29,54.92
CELL_35753,Neuron,89.36,27,77.6
CELL_98082,Myocyte,43.05,40,99.87
CELL_15483,Fibroblast,109.44,29,64.58
CELL_60437,Stem Cell,87.14,30,71.9
CELL_96602,Leukocyte,15.39,19,74.67
CELL_53346,Epithelial,86.47,31,58.31
CELL_92261,Neuron,31.41,6,79.56
CELL_46637,Erythrocyte,52.31,24,92.83
CELL_12860,Myocyte,7.47,33,74.91
CELL_23754,Epithelial,56.3,19,96.35
CELL_67081,Fibroblast,22.63,44,71.41
CELL_74109,Erythrocyte,50.98,10,99.77
CELL_64386,Neuron,88.8,10,67.94
CELL_26144,Myocyte,79.49,19,92.49
CELL_62839,Leukocyte,63.78,31,93.54
CELL_32024,Leukocyte,34.71,33,87.2
CELL_11157,Stem Cell,82.81,49,80.9
CELL_50100,Neuron,79.34,41,97.43
CELL_28099,Stem Cell,112.27,42,91.85
CELL_61483,Myocyte,90.95,7,85.3
CELL_89581,Fibroblast,100.62,38,92.02
CELL_13320,Erythrocyte,111.99,26,82.83
CELL_55422,Erythrocyte,60.8,32,69.57
CELL_42172,Leukocyte,18.47,21,70.04
CELL_32623,Erythrocyte,29.1,35,57.3
CELL_84770,Neuron,73.73,40,57.46
CELL_81461,Erythrocyte,107.5,19,95.97
CELL_88626,Myocyte,44.54,41,96.21
CELL_80019,Stem Cell,28.56,21,81.67
CELL_28270,Fibroblast,82.09,18,65.03
CELL_26041,Fibroblast,98.03,43,54.44
CELL_89883,Leukocyte,37.93,5,54.31
CELL_58754,Epithelial,78.8,15,92.1
CELL_78009,Erythrocyte,24.45,43,94.66
CELL_29291,Leukocyte,30.04,40,99.85
CELL_58708,Fibroblast,114.71,23,97.2
CELL_70927,Myocyte,71.56,28,69.75
CELL_73456,Myocyte,107.48,45,77.25
CELL_66660,Erythrocyte,75.94,8,53.04
CELL_32582,Fibroblast,95.48,29,86.01
CELL_79767,Stem Cell,16.28,5,62.87
CELL_57206,Epithelial,90.03,49,94.94
CELL_26434,Stem Cell,41.27,38,82.06
CELL_31205,Leukocyte,66.67,5,99.83
CELL_95188,Fibroblast,64.96,42,98.25
CELL_50660,Epithelial,93.59,18,83.34
CELL_95248,Leukocyte,72.47,6,86.86
CELL_47463,Fibroblast,42.83,27,62.09
CELL_45560,Stem Cell,118.75,32,54.57
CELL_30387,Leukocyte,61.47,44,58.17
CELL_73227,Epithelial,57.99,35,90.2
CELL_25935,Fibroblast,97.31,38,99.21
CELL_91783,Fibroblast,89.64,25,76.09
CELL_37440,Myocyte,21.6,45,78.33
CELL_70812,Stem Cell,44.91,16,70.67
CELL_64878,Fibroblast,35.7,28,85.59
CELL_66579,Leukocyte,73.1,33,70.22
CELL_28071,Erythrocyte,114.75,20,98.19
CELL_31548,Stem Cell,49.45,36,97.86
CELL_97846,Erythrocyte,51.27,48,79.77
CELL_13493,Myocyte,99.44,14,65.65
CELL_94521,Neuron,103.25,15,72.47
CELL_16985,Erythrocyte,67.58,41,84.43
CELL_82831,Fibroblast,119.56,37,75.59
CELL_82418,Leukocyte,48.54,17,75.12
CELL_96521,Stem Cell,51.63,42,91.09
CELL_72333,Fibroblast,68.72,48,90.09
CELL_84740,Epithelial,93.65,11,64.62
CELL_89221,Epithelial,95.43,34,79.57
CELL_75057,Myocyte,66.57,50,92.29
CELL_88184,Erythrocyte,84.55,9,66.11
CELL_74189,Epithelial,116.74,26,56.44
CELL_40033,Fibroblast,51.84,12,96.67
CELL_32939,Stem Cell,18.51,28,86.46
CELL_19606,Fibroblast,97.68,40,63.26
CELL_30060,Stem Cell,83.06,31,81.21
CELL_46278,Erythrocyte,77.58,12,72.79
CELL_80824,Leukocyte,84.45,23,62.36
CELL_39334,Erythrocyte,41.66,34,94.13
CELL_18284,Myocyte,26.58,22,64.82
CELL_10434,Leukocyte,98.68,44,71.4
CELL_64266,Leukocyte,46.12,37,51.65
CELL_85861,Myocyte,94.34,8,97.24
CELL_14163,Neuron,85.02,37,97.65
CELL_64233,Erythrocyte,96.74,31,52.49
CELL_67064,Epithelial,63.82,21,79.57
CELL_37472,Leukocyte,88.52,31,87.68
CELL_97705,Neuron,49.8,9,67.08
CELL_31181,Neuron,62.99,43,63.38
CELL_50953,Epithelial,69.4,37,72.25
CELL_39074,Myocyte,98.07,18,71.89
CELL_26834,Fibroblast,97.82,39,65.67
CELL_13600,Stem Cell,36.81,48,92.16
CELL_81785,Stem Cell,57.83,46,83.29
CELL_54099,Fibroblast,89.2,28,77.54
CELL_76605,Fibroblast,35.3,23,66.87
CELL_97042,Epithelial,81.93,26,90.22
CELL_88385,Neuron,110.92,45,63.01
CELL_13131,Stem Cell,71.83,7,92.86
CELL_21833,Leukocyte,108.67,28,77.82
CELL_32446,Erythrocyte,51.97,33,52.17
CELL_86124,Fibroblast,45.46,47,92.74
CELL_59094,Fibroblast,113.29,30,99.59
CELL_13517,Stem Cell,14.36,13,73.51
CELL_43396,Neuron,92.01,25,82.34
CELL_87740,Fibroblast,22.85,7,56.02
CELL_80329,Myocyte,52.47,24,56.65
CELL_25013,Fibroblast,5.89,42,68.68
CELL_42773,Neuron,85.91,19,59.45
CELL_52364,Leukocyte,16.45,26,76.02
CELL_67398,Epithelial,7.96,50,69.78
CELL_87358,Erythrocyte,69.84,40,83.68
CELL_13287,Myocyte,52.7,8,71.83
CELL_37943,Leukocyte,105.68,11,67.23
CELL_80958,Epithelial,66.85,9,58.52
CELL_45576,Myocyte,101.18,23,96.84
CELL_22239,Fibroblast,74.06,50,87.37
CELL_72417,Myocyte,17.38,49,52.98
CELL_21742,Stem Cell,60.8,14,58.41
CELL_25301,Fibroblast,59.53,45,60.78
CELL_88333,Epithelial,41.27,10,79.61
CELL_75791,Stem Cell,76.12,16,78.84
CELL_30766,Erythrocyte,26.13,31,79.91
CELL_66432,Epithelial,74.53,45,50.3
CELL_30819,Fibroblast,17.57,29,56.64
CELL_52875,Neuron,96.79,33,52.29
CELL_54673,Fibroblast,98.16,7,55.31
CELL_54097,Stem Cell,52.97,42,70.2
CELL_91178,Fibroblast,85.03,28,71.68
CELL_94406,Stem Cell,30.56,32,74.67
CELL_15951,Erythrocyte,91.79,43,79.43
CELL_93782,Stem Cell,51.87,45,59.17
CELL_68121,Leukocyte,99.89,17,86.13
CELL_47774,Leukocyte,57.88,45,86.03
CELL_95035,Neuron,118.85,34,73.39
CELL_22815,Myocyte,101.36,23,82.95
CELL_88378,Erythrocyte,92.03,12,63.86
CELL_42852,Myocyte,103.83,35,97.21
CELL_93406,Erythrocyte,63.44,19,74.93
CELL_34961,Epithelial,33.7,19,98.53
CELL_90984,Erythrocyte,73.46,17,66.94
CELL_56975,Myocyte,97.66,46,83.61
CELL_18241,Epithelial,102.87,23,99.45
CELL_99878,Erythrocyte,117.45,15,66.5
CELL_28592,Stem Cell,61.11,18,75.64
CELL_78304,Leukocyte,76.86,34,91.82
CELL_30954,Myocyte,80.2,18,91.33
CELL_19832,Neuron,113.51,37,67.44
CELL_72454,Fibroblast,33.99,48,60.34
CELL_96736,Stem Cell,95.67,15,74.24
CELL_73609,Leukocyte,67.19,41,94.69
CELL_42857,Erythrocyte,102.21,9,70.2
CELL_26896,Erythrocyte,28.14,25,91.42
CELL_26438,Stem Cell,48.01,34,58.24
CELL_44785,Neuron,106.01,9,99.52
CELL_52175,Leukocyte,25.1,13,73.59
CELL_44066,Leukocyte,112.52,27,70.49
CELL_28084,Erythrocyte,11.65,31,75.74
CELL_17768,Stem Cell,13.45,18,74.02
CELL_91842,Leukocyte,89.61,42,81.01
CELL_86813,Stem Cell,40.33,46,60.63
CELL_44762,Neuron,55.01,20,85.83
CELL_60195,Fibroblast,90.73,46,66.31
CELL_96673,Erythrocyte,35.57,11,97.23
CELL_87589,Neuron,48.74,21,59.12
CELL_77763,Epithelial,46.63,10,80.84
CELL_43249,Fibroblast,65.55,43,87.99
CELL_22105,Neuron,109.82,22,81.57
CELL_48172,Leukocyte,18.6,5,98.23
CELL_30467,Epithelial,107.1,24,84.84
CELL_95518,Neuron,9.06,23,74.04
CELL_73915,Stem Cell,74.45,40,72.2
CELL_42871,Neuron,109.09,47,57.22
CELL_41970,Epithelial,7.69,5,64.06
CELL_75192,Leukocyte,92.77,35,80.6
CELL_70076,Stem Cell,34.75,38,76.77
CELL_64487,Leukocyte,110.01,40,84.3
CELL_99172,Erythrocyte,20.08,22,77.59
CELL_32790,Erythrocyte,10.32,47,79.23
CELL_55367,Myocyte,22.15,37,75.32
CELL_91868,Fibroblast,8.39,42,81.91
CELL_45047,Neuron,87.92,27,72.95
CELL_41567,Neuron,107.79,11,60.9
CELL_50051,Myocyte,107.42,42,72.87
CELL_28484,Neuron,113.43,26,74.74
CELL_13378,Epithelial,97.3,7,64.81
CELL_67584,Myocyte,54.4,32,99.58
CELL_58415,Myocyte,45.69,22,78.2
CELL_65698,Epithelial,108.02,29,67.25
CELL_41810,Epithelial,5.16,5,57.59
CELL_37498,Fibroblast,37.59,24,94.46
CELL_46976,Myocyte,16.75,32,98.43
CELL_85669,Erythrocyte,13.97,27,98.6
CELL_37002,Stem Cell,66.37,15,51.7
CELL_25119,Fibroblast,69.62,16,56.84
CELL_61270,Erythrocyte,51.76,42,87.84
CELL_35151,Myocyte,63.99,11,53.29
CELL_97153,Stem Cell,80.13,36,95.32
CELL_15769,Erythrocyte,29.22,21,52.57
CELL_18011,Stem Cell,97.62,45,91.11
CELL_60056,Fibroblast,101.48,28,67.15
CELL_86710,Stem Cell,13.25,18,85.57
CELL_33034,Leukocyte,18.36,33,89.3
CELL_59143,Leukocyte,112.41,37,57.46
CELL_40490,Erythrocyte,17.06,43,61.44
CELL_46621,Myocyte,80.85,31,91.17
CELL_76716,Neuron,108.3,32,56.56
CELL_16738,Neuron,22.0,35,65.14
CELL_74944,Stem Cell,95.62,28,68.12
CELL_48169,Stem Cell,8.81,47,51.45
CELL_57989,Leukocyte,74.7,47,69.15
CELL_15341,Myocyte,58.74,21,82.33
CELL_76943,Stem Cell,28.63,49,94.33
CELL_75066,Epithelial,7.12,5,94.74
CELL_10899,Stem Cell,62.04,10,50.8
CELL_24453,Neuron,44.22,19,87.54
CELL_72201,Fibroblast,33.56,13,84.17
CELL_70513,Epithelial,74.22,43,58.62
CELL_23648,Erythrocyte,79.76,33,94.44
CELL_34065,Fibroblast,68.65,50,82.06
CELL_11029,Neuron,44.89,39,92.45
CELL_13000,Myocyte,78.31,27,70.15
CELL_38233,Neuron,105.82,19,65.09
CELL_49499,Myocyte,12.18,34,75.69
CELL_11036,Neuron,117.93,25,88.47
CELL_45166,Epithelial,105.27,32,54.58
CELL_69997,Neuron,59.95,40,95.9
CELL_95066,Neuron,64.59,29,93.32
CELL_13433,Leukocyte,78.79,18,75.01
CELL_68829,Epithelial,77.15,32,81.47
CELL_18550,Myocyte,100.98,18,66.46
CELL_59647,Stem Cell,83.57,24,89.24
CELL_33680,Erythrocyte,59.62,26,65.71
CELL_11795,Leukocyte,80.69,27,88.13
CELL_88367,Leukocyte,79.21,16,83.17
CELL_24789,Epithelial,9.97,32,56.53
CELL_75287,Epithelial,16.83,42,64.62
CELL_95013,Stem Cell,48.4,6,90.6
CELL_10172,Leukocyte,108.08,12,74.35
CELL_43690,Epithelial,94.9,40,71.98
CELL_82174,Stem Cell,89.18,31,96.27
CELL_35207,Neuron,34.8,41,85.75
CELL_43003,Epithelial,79.44,20,81.66
CELL_94129,Epithelial,102.06,16,88.16
CELL_16358,Epithelial,19.11,47,73.58
CELL_77823,Stem Cell,91.63,31,79.59
CELL_30572,Myocyte,62.16,37,85.33
CELL_72599,Myocyte,45.55,49,82.34
CELL_96958,Epithelial,65.82,19,85.01
CELL_65961,Erythrocyte,38.26,28,95.36
CELL_88267,Stem Cell,79.71,29,84.46
CELL_53719,Stem Cell,60.11,16,62.05
CELL_54455,Fibroblast,116.06,11,76.18
CELL_50675,Stem Cell,64.01,32,51.08
CELL_58755,Erythrocyte,81.6,50,76.58
CELL_96243,Neuron,79.1,48,98.33
CELL_63973,Fibroblast,34.77,17,50.62
CELL_65958,Erythrocyte,58.41,45,99.26
CELL_61923,Neuron,5.54,5,76.9
CELL_65619,Myocyte,86.82,21,85.95
CELL_48437,Leukocyte,30.87,22,52.06
CELL_19305,Myocyte,37.09,30,97.03
CELL_99098,Stem Cell,108.27,46,75.62
CELL_29586,Myocyte,54.56,38,54.8
CELL_90255,Erythrocyte,20.23,34,82.71
CELL_11003,Stem Cell,29.14,48,77.49
CELL_78240,Erythrocyte,83.12,39,50.7
CELL_63571,Leukocyte,60.0,8,55.95
CELL_83400,Fibroblast,101.09,8,95.79
CELL_45292,Epithelial,104.42,7,95.41
CELL_48713,Myocyte,113.75,8,51.33
CELL_38830,Erythrocyte,56.75,36,90.05
CELL_83102,Fibroblast,102.3,31,97.31
CELL_98388,Stem Cell,10.48,7,87.2
CELL_88354,Neuron,58.94,50,77.24
CELL_84672,Erythrocyte,51.45,49,52.25
CELL_82193,Epithelial,64.73,30,53.5
CELL_11409,Erythrocyte,36.83,13,93.84
CELL_68564,Neuron,31.89,38,86.34
CELL_11748,Erythrocyte,35.44,16,55.55
CELL_79621,Epithelial,43.25,5,74.11
CELL_37379,Epithelial,87.3,11,87.96
CELL_35634,Epithelial,95.27,34,68.95
CELL_95445,Erythrocyte,81.44,30,89.53
CELL_75060,Stem Cell,47.3,46,87.6
CELL_13075,Leukocyte,24.18,37,73.61
CELL_33680,Erythrocyte,102.96,39,97.19
CELL_26066,Myocyte,14.66,23,56.97
CELL_93900,Fibroblast,57.53,34,86.98
CELL_28088,Myocyte,96.87,8,98.48
CELL_45137,Leukocyte,70.16,28,73.39
CELL_48142,Erythrocyte,98.09,22,75.2
CELL_17615,Leukocyte,36.04,39,73.11
CELL_17860,Erythrocyte,98.11,41,98.48
CELL_77146,Leukocyte,60.71,15,93.58
CELL_99196,Erythrocyte,35.1,37,94.69
CELL_15587,Epithelial,51.38,25,91.34
CELL_24004,Neuron,67.95,43,87.09
CELL_37838,Myocyte,28.92,42,89.79
CELL_24500,Myocyte,77.76,5,78.02
CELL_41488,Stem Cell,93.37,42,73.88
CELL_16584,Stem Cell,65.38,33,76.14
CELL_11402,Myocyte,38.36,34,67.97
CELL_36719,Fibroblast,67.95,21,96.29
CELL_81939,Stem Cell,18.48,29,94.27
CELL_22225,Epithelial,70.97,23,88.87
CELL_86537,Myocyte,18.18,15,82.83
CELL_26227,Leukocyte,13.96,8,77.56
CELL_46227,Fibroblast,8.87,44,87.96
CELL_53685,Fibroblast,48.57,30,79.71
CELL_63986,Leukocyte,48.94,40,94.42
CELL_64515,Stem Cell,67.85,11,96.27
CELL_11593,Stem Cell,67.01,32,98.69
CELL_86538,Stem Cell,32.42,9,70.26
CELL_24175,Erythrocyte,41.62,10,76.99
CELL_58219,Epithelial,110.25,33,98.44
CELL_41884,Leukocyte,104.01,5,54.8
CELL_92553,Stem Cell,92.29,36,64.28
CELL_29268,Myocyte,86.37,35,71.68
CELL_58270,Neuron,68.04,50,67.05
CELL_42935,Leukocyte,60.06,31,80.07
CELL_89046,Epithelial,67.95,28,68.14
CELL_43488,Neuron,106.83,31,55.52
CELL_32097,Erythrocyte,81.39,28,74.83
CELL_39979,Myocyte,44.94,48,99.58
CELL_35927,Epithelial,36.3,27,81.22
CELL_57820,Leukocyte,100.77,42,68.47
CELL_67765,Fibroblast,25.84,27,61.8
CELL_62975,Stem Cell,93.17,28,81.98
CELL_93984,Stem Cell,111.01,39,90.2
CELL_74057,Leukocyte,23.5,8,75.95
CELL_29429,Stem Cell,32.66,48,53.56
CELL_78137,Fibroblast,11.46,19,54.96
CELL_36795,Epithelial,31.87,34,60.13
CELL_83059,Stem Cell,85.41,39,90.45
CELL_35836,Erythrocyte,102.56,27,86.62
CELL_13255,Stem Cell,30.67,22,95.49
CELL_98311,Erythrocyte,42.84,19,68.8
CELL_11519,Stem Cell,89.03,21,98.03
CELL_34697,Leukocyte,51.67,23,50.88
CELL_62639,Stem Cell,32.43,27,57.63
CELL_62568,Leukocyte,103.58,25,88.01
CELL_26007,Stem Cell,27.3,36,81.77
CELL_10289,Leukocyte,38.15,36,60.26
CELL_43298,Myocyte,26.69,10,57.67
CELL_99555,Neuron,102.28,9,53.46
CELL_82327,Stem Cell,54.64,5,71.23
CELL_71461,Myocyte,79.35,17,76.67
CELL_98694,Neuron,113.6,50,94.59
CELL_80354,Erythrocyte,85.31,29,85.91
CELL_51769,Fibroblast,59.06,43,94.16
CELL_33992,Neuron,90.03,35,51.12
CELL_15883,Epithelial,8.36,10,58.1
CELL_62167,Stem Cell,99.03,38,61.28
CELL_72312,Fibroblast,102.54,19,57.68
CELL_62194,Myocyte,25.48,36,68.22
CELL_23584,Neuron,118.46,17,79.28
CELL_37727,Leukocyte,40.97,18,51.75
CELL_28696,Myocyte,15.07,17,62.49
CELL_41742,Fibroblast,8.27,46,83.62
CELL_60939,Neuron,8.7,22,68.41
CELL_56264,Stem Cell,115.16,5,85.16
CELL_23517,Leukocyte,88.15,7,54.79
CELL_78197,Erythrocyte,55.04,24,95.12
CELL_46789,Myocyte,111.56,31,79.24
CELL_27633,Leukocyte,47.24,22,59.94
CELL_49999,Fibroblast,115.85,16,94.49
CELL_75146,Erythrocyte,89.37,11,86.86
CELL_35373,Stem Cell,75.4,49,64.75
CELL_87013,Stem Cell,14.27,41,67.89
CELL_88240,Neuron,91.52,27,59.28
CELL_51408,Epithelial,114.43,33,79.11
CELL_34673,Myocyte,109.65,33,87.35
CELL_87653,Leukocyte,82.35,47,82.51
CELL_58372,Neuron,66.24,38,68.86
CELL_63295,Myocyte,99.74,8,78.14
CELL_97632,Neuron,119.83,23,63.56
CELL_52577,Myocyte,58.18,45,69.73
CELL_55274,Epithelial,100.08,43,55.28
CELL_54005,Erythrocyte,57.63,35,75.6
CELL_86414,Leukocyte,81.7,28,82.43
CELL_23110,Epithelial,110.2,9,65.81
CELL_44032,Neuron,76.16,31,96.54
CELL_12292,Stem Cell,92.91,19,91.12
CELL_11227,Leukocyte,81.06,38,90.36
CELL_48970,Neuron,115.72,33,66.46
CELL_18009,Erythrocyte,76.61,15,90.65
CELL_96833,Erythrocyte,36.42,41,89.21
CELL_31635,Neuron,29.33,27,90.0
CELL_40473,Stem Cell,20.3,12,78.85
CELL_62018,Neuron,76.54,43,88.71
CELL_94630,Neuron,33.07,44,77.99
CELL_20740,Leukocyte,72.75,33,52.18
CELL_44774,Stem Cell,119.49,42,90.51
CELL_63316,Myocyte,85.23,17,74.85
CELL_15362,Erythrocyte,112.11,7,97.8
CELL_38249,Fibroblast,105.53,14,52.98
CELL_56160,Epithelial,73.43,42,94.0
CELL_29480,Myocyte,7.56,17,75.64
CELL_93790,Myocyte,100.89,23,99.18
CELL_34445,Epithelial,119.1,37,89.88
CELL_68584,Myocyte,80.56,7,51.84
CELL_81177,Fibroblast,117.43,37,81.9
CELL_25740,Neuron,59.43,31,82.66
CELL_88885,Neuron,28.12,48,61.3
CELL_19339,Neuron,116.96,47,78.07
CELL_37984,Fibroblast,65.99,6,64.04
CELL_29737,Erythrocyte,38.37,39,85.19
CELL_58864,Epithelial,19.29,31,88.49
CELL_26990,Myocyte,20.15,14,98.11
CELL_72097,Neuron,59.44,37,82.96
CELL_64635,Myocyte,27.05,15,88.72
CELL_30157,Erythrocyte,67.79,44,68.9
CELL_36622,Leukocyte,21.46,50,58.15
CELL_25586,Epithelial,82.3,30,95.66
CELL_48085,Erythrocyte,79.19,26,84.91
CELL_19255,Fibroblast,90.19,44,62.72
CELL_15616,Erythrocyte,111.27,13,74.67
CELL_87144,Stem Cell,47.6,49,72.38
CELL_26728,Fibroblast,72.24,49,92.31
CELL_31910,Erythrocyte,62.79,20,94.82
CELL_96341,Myocyte,20.21,47,51.99
CELL_42818,Fibroblast,82.18,25,74.99
CELL_10350,Myocyte,82.36,26,94.58
CELL_18841,Epithelial,15.86,6,90.96
CELL_62215,Leukocyte,10.44,20,56.17
CELL_68299,Erythrocyte,37.87,33,72.8
CELL_65038,Epithelial,82.67,14,66.96
CELL_99170,Myocyte,90.76,47,84.29
CELL_73585,Erythrocyte,39.34,38,84.82
CELL_43005,Epithelial,66.26,38,51.58
CELL_42627,Fibroblast,109.61,6,73.21
CELL_65711,Myocyte,13.51,34,95.21
CELL_81737,Stem Cell,21.12,39,79.11
CELL_97004,Erythrocyte,61.38,38,92.41
CELL_85492,Erythrocyte,23.86,43,52.43
CELL_69068,Fibroblast,83.71,45,87.67
CELL_70732,Stem Cell,34.84,25,82.55
CELL_13337,Epithelial,59.65,10,79.8
CELL_63651,Myocyte,68.07,5,65.35
CELL_93464,Erythrocyte,70.69,40,72.29
CELL_32844,Stem Cell,94.91,12,54.42
CELL_54452,Myocyte,7.3,28,65.2
CELL_24565,Leukocyte,10.72,17,69.68
CELL_25955,Neuron,65.95,8,73.43
CELL_17478,Myocyte,26.49,32,56.43
CELL_53558,Erythrocyte,54.41,7,87.64
CELL_52002,Stem Cell,28.79,43,88.2
CELL_90955,Myocyte,34.08,47,50.72
CELL_31560,Neuron,44.51,13,66.25
CELL_80980,Myocyte,80.87,48,75.6
CELL_97296,Myocyte,42.45,46,77.27
CELL_20655,Stem Cell,11.1,5,60.42
CELL_54084,Erythrocyte,112.98,45,75.27
CELL_27860,Erythrocyte,107.3,14,80.27
CELL_15854,Leukocyte,105.29,50,71.81
CELL_61008,Fibroblast,61.94,49,98.95
CELL_21095,Erythrocyte,34.12,36,60.65
CELL_44383,Epithelial,76.45,8,53.29
CELL_24604,Leukocyte,100.9,36,70.51
CELL_84331,Neuron,58.2,28,95.43
CELL_52776,Epithelial,35.42,49,57.0
CELL_95528,Epithelial,73.55,43,94.72
CELL_67637,Fibroblast,50.15,21,83.79
CELL_47921,Leukocyte,24.99,18,55.9
CELL_76500,Leukocyte,91.81,32,53.28
CELL_47602,Epithelial,99.99,48,82.71
CELL_46945,Leukocyte,119.53,22,87.22
CELL_23028,Fibroblast,22.12,21,56.35
CELL_33078,Erythrocyte,5.84,20,52.56
CELL_55746,Erythrocyte,28.49,14,62.76
CELL_12256,Erythrocyte,5.61,42,76.35
CELL_33012,Myocyte,109.74,31,66.42
CELL_48871,Neuron,59.26,19,61.63
CELL_91032,Neuron,25.49,37,87.53
CELL_88883,Myocyte,107.74,34,62.93
CELL_16504,Stem Cell,89.44,14,73.1
CELL_47575,Myocyte,104.71,27,96.63
CELL_26864,Myocyte,107.77,19,88.52
CELL_69781,Epithelial,91.6,11,64.94
CELL_57061,Myocyte,62.95,13,51.55
CELL_52882,Leukocyte,67.11,50,78.43
CELL_41097,Leukocyte,59.0,26,80.64
CELL_45316,Myocyte,118.22,13,51.62
CELL_11762,Myocyte,37.02,11,99.5
CELL_19470,Stem Cell,5.06,16,52.65
CELL_12111,Neuron,28.69,10,57.7
CELL_47645,Myocyte,50.51,45,70.02
CELL_17386,Erythrocyte,71.91,31,60.0
CELL_86685,Leukocyte,42.08,27,87.83
CELL_91769,Erythrocyte,76.07,41,85.08
CELL_47530,Myocyte,37.93,24,73.06
CELL_53048,Leukocyte,49.29,34,57.81
CELL_62755,Erythrocyte,45.09,36,91.36
CELL_31050,Myocyte,40.53,28,59.38
CELL_54138,Epithelial,32.82,41,96.26
CELL_11767,Epithelial,58.4,47,86.66
CELL_44877,Erythrocyte,65.75,31,72.3
CELL_83732,Neuron,89.38,21,95.31
CELL_31078,Fibroblast,107.88,27,97.69
CELL_68139,Neuron,83.1,48,72.67
CELL_81531,Stem Cell,22.18,48,84.79
CELL_86508,Neuron,46.76,16,67.2
CELL_93394,Stem Cell,90.85,31,64.9
CELL_99535,Fibroblast,112.4,31,90.09
CELL_36905,Stem Cell,103.73,20,52.35
CELL_96358,Neuron,104.94,41,74.78
CELL_14525,Leukocyte,37.79,28,58.19
CELL_99670,Leukocyte,6.88,26,96.04
CELL_29293,Myocyte,99.56,44,74.3
CELL_54514,Erythrocyte,109.51,13,77.14
CELL_48028,Fibroblast,43.92,47,62.57
CELL_99529,Fibroblast,19.28,35,62.39
CELL_85594,Fibroblast,108.48,18,54.64
CELL_87702,Leukocyte,117.4,33,84.26
CELL_29096,Myocyte,22.56,32,84.33
CELL_75256,Erythrocyte,28.18,37,85.2
CELL_93642,Fibroblast,45.75,9,68.61
CELL_89046,Erythrocyte,110.36,24,58.53
CELL_98505,Erythrocyte,92.41,37,84.5
CELL_87873,Myocyte,111.75,44,99.08
CELL_49535,Fibroblast,63.89,37,95.39
CELL_36288,Erythrocyte,6.61,49,59.99
CELL_38885,Erythrocyte,21.34,25,62.09
CELL_79738,Stem Cell,99.91,16,71.72
CELL_49330,Stem Cell,60.28,23,89.91
CELL_39574,Myocyte,90.34,26,71.48
CELL_66084,Fibroblast,42.01,31,78.34
CELL_67582,Myocyte,66.05,37,51.28
CELL_26395,Neuron,53.87,37,58.9
CELL_80805,Erythrocyte,9.53,30,83.51
CELL_66916,Leukocyte,113.77,21,83.27
CELL_51988,Erythrocyte,88.99,24,60.03
CELL_79909,Stem Cell,75.56,31,69.15
CELL_50056,Leukocyte,52.48,18,99.92
CELL_71025,Stem Cell,5.44,41,68.59
CELL_47960,Neuron,28.77,28,68.41
CELL_29226,Erythrocyte,43.06,12,61.1
CELL_37766,Stem Cell,96.25,22,91.09
CELL_38056,Myocyte,97.86,10,74.3
CELL_42474,Erythrocyte,61.8,13,97.36
CELL_13752,Neuron,97.46,48,63.67
CELL_12463,Leukocyte,73.32,18,75.54
CELL_32929,Fibroblast,79.5,25,52.98
CELL_44507,Erythrocyte,17.23,9,82.78
CELL_13404,Epithelial,23.43,44,90.76
CELL_97692,Neuron,91.14,20,95.94
CELL_78257,Myocyte,12.99,30,72.67
CELL_19701,Epithelial,65.2,45,77.73
CELL_75387,Epithelial,9.0,50,90.33
CELL_76610,Erythrocyte,85.13,9,57.93
CELL_96316,Fibroblast,103.19,11,55.07
CELL_38008,Myocyte,47.26,46,75.49
CELL_15728,Leukocyte,19.72,15,76.75
CELL_51858,Fibroblast,69.08,22,99.44
CELL_55725,Erythrocyte,47.11,13,54.23
CELL_11022,Stem Cell,106.15,27,89.52
CELL_85382,Fibroblast,104.95,35,91.69
CELL_34052,Leukocyte,111.86,10,75.57
CELL_62836,Myocyte,65.15,45,91.53
CELL_37727,Epithelial,65.44,48,97.58
CELL_41838,Fibroblast,54.13,32,58.52
CELL_40073,Neuron,82.31,43,65.95
CELL_16496,Neuron,33.77,27,91.46
CELL_32437,Neuron,86.56,49,74.79
CELL_42735,Myocyte,62.27,6,78.46
CELL_19874,Fibroblast,70.04,32,60.47
CELL_11945,Stem Cell,19.77,35,86.07
CELL_81305,Myocyte,63.84,8,82.3
CELL_19056,Erythrocyte,42.99,25,86.62
CELL_60756,Epithelial,50.73,44,55.84
CELL_10467,Neuron,83.98,35,81.67
CELL_73719,Stem Cell,14.69,16,90.81
CELL_96147,Stem Cell,57.41,34,58.03
CELL_37300,Neuron,81.41,5,83.08
CELL_81000,Fibroblast,108.14,29,98.18
CELL_64789,Neuron,40.32,32,84.98
CELL_97172,Fibroblast,50.98,12,62.61
CELL_99484,Erythrocyte,45.29,31,77.29
CELL_55374,Epithelial,52.95,36,62.55
CELL_15837,Leukocyte,74.19,22,80.62
CELL_69701,Epithelial,51.06,14,76.38
CELL_18256,Stem Cell,91.71,8,55.05
CELL_76714,Myocyte,77.73,35,53.76
CELL_43508,Stem Cell,5.85,39,98.16
CELL_68133,Fibroblast,58.57,10,88.79
CELL_38186,Fibroblast,107.24,49,71.86
CELL_40187,Stem Cell,107.61,34,77.12
CELL_77581,Erythrocyte,84.68,49,51.08
CELL_74347,Stem Cell,28.77,13,55.42
CELL_28716,Fibroblast,57.88,44,57.09
CELL_34691,Fibroblast,38.74,16,78.56
CELL_24367,Leukocyte,74.71,23,97.37
CELL_16224,Myocyte,55.6,12,99.01
CELL_50477,Erythrocyte,34.57,31,56.66
CELL_26591,Neuron,72.93,44,85.4
CELL_17136,Stem Cell,23.33,38,79.08
CELL_80480,Fibroblast,101.57,29,84.56
CELL_89756,Neuron,105.62,29,84.8
CELL_87439,Leukocyte,54.09,24,92.49
CELL_70314,Fibroblast,8.87,20,89.05
CELL_54001,Leukocyte,36.55,34,83.3
CELL_55236,Leukocyte,87.74,45,53.49
CELL_79249,Leukocyte,100.53,30,67.53
CELL_57080,Epithelial,40.49,7,57.37
CELL_63082,Stem Cell,26.6,5,75.05
CELL_25417,Erythrocyte,99.53,43,68.39
CELL_88159,Erythrocyte,66.96,32,87.51
CELL_85121,Leukocyte,88.2,10,79.16
CELL_72894,Neuron,30.65,41,92.37
CELL_58387,Myocyte,110.34,48,60.43
CELL_18277,Neuron,94.13,38,57.13
CELL_96722,Epithelial,89.33,49,84.46
CELL_34326,Fibroblast,51.9,24,83.03
CELL_81851,Myocyte,81.82,39,94.97
CELL_77232,Erythrocyte,105.6,18,86.75
CELL_34350,Leukocyte,53.23,12,75.27
CELL_55284,Neuron,67.62,7,81.62
CELL_77047,Stem Cell,74.32,29,83.65
CELL_42188,Leukocyte,61.46,34,91.98
CELL_23002,Myocyte,20.84,27,75.88
CELL_17875,Stem Cell,36.34,29,71.94
CELL_50142,Myocyte,68.82,38,77.55
CELL_48681,Myocyte,102.96,18,58.19
CELL_15929,Leukocyte,96.58,13,80.15
CELL_23651,Myocyte,40.1,26,60.1
CELL_86311,Myocyte,83.32,6,76.32
CELL_70110,Leukocyte,28.12,31,56.16
CELL_11614,Erythrocyte,77.57,27,66.59
CELL_74378,Stem Cell,111.01,43,69.15
CELL_76836,Epithelial,77.81,7,54.83
CELL_35130,Neuron,24.42,42,87.85
CELL_51917,Erythrocyte,55.98,21,55.94
CELL_18273,Epithelial,46.89,46,74.04
CELL_83456,Fibroblast,21.35,50,78.75
CELL_61082,Leukocyte,64.73,22,52.14
CELL_52603,Erythrocyte,95.49,24,51.15
CELL_90199,Leukocyte,114.19,26,60.06
CELL_45415,Leukocyte,55.57,49,82.0
CELL_82233,Epithelial,75.36,20,55.92
CELL_52963,Neuron,34.81,45,89.54
CELL_64980,Fibroblast,50.02,31,72.41
CELL_13470,Neuron,93.19,34,58.63
CELL_70608,Leukocyte,21.78,17,80.0
CELL_11264,Myocyte,96.55,38,73.53
CELL_31837,Leukocyte,72.95,15,81.47
CELL_75609,Epithelial,78.18,16,97.52
CELL_20151,Erythrocyte,82.84,31,56.67
CELL_47228,Neuron,40.47,10,58.97
CELL_42026,Epithelial,36.16,50,82.08
CELL_68354,Myocyte,56.09,30,74.36
CELL_67273,Erythrocyte,47.82,22,53.39
CELL_69189,Leukocyte,57.55,24,88.56
CELL_16762,Neuron,76.74,24,58.38
CELL_98234,Stem Cell,102.33,33,65.47
CELL_38474,Fibroblast,84.3,9,69.32
CELL_90853,Erythrocyte,19.88,13,96.12
CELL_54971,Erythrocyte,24.63,49,91.01
CELL_11888,Erythrocyte,10.68,22,59.97
CELL_46859,Erythrocyte,112.63,9,93.88
CELL_25930,Leukocyte,10.94,41,95.03
CELL_24982,Stem Cell,42.41,14,89.68
CELL_46019,Leukocyte,66.82,45,51.85
CELL_67426,Stem Cell,23.76,40,89.76
CELL_88712,Leukocyte,59.16,34,86.83
CELL_26477,Erythrocyte,94.07,17,76.35
CELL_67542,Epithelial,45.31,42,58.67
CELL_14430,Stem Cell,90.6,24,82.92
CELL_98013,Fibroblast,13.17,30,55.0
CELL_47932,Erythrocyte,102.62,10,55.85
CELL_79399,Stem Cell,115.4,36,96.47
CELL_86729,Erythrocyte,52.4,40,97.37
CELL_93737,Neuron,70.0,41,51.36
CELL_46554,Epithelial,79.59,31,51.31
CELL_23719,Epithelial,29.95,21,50.85
CELL_56585,Leukocyte,26.27,19,59.06
CELL_96455,Myocyte,32.87,50,67.84
CELL_23447,Erythrocyte,19.55,21,81.34
CELL_90117,Erythrocyte,63.19,35,86.07
CELL_98649,Leukocyte,87.53,8,66.56
CELL_71209,Stem Cell,95.04,33,54.56
CELL_67712,Neuron,106.1,29,82.57
CELL_37638,Leukocyte,47.77,28,94.61
CELL_52620,Neuron,31.36,8,50.15
CELL_35932,Stem Cell,114.86,48,79.93
CELL_50717,Neuron,96.21,6,51.18
CELL_39669,Leukocyte,68.22,34,68.86
CELL_44007,Fibroblast,95.5,19,79.47
CELL_90692,Neuron,107.56,20,89.59
CELL_70068,Erythrocyte,76.61,8,70.46
CELL_56128,Myocyte,107.3,46,94.29
CELL_27524,Myocyte,53.35,50,54.85
CELL_29156,Erythrocyte,24.45,39,73.24
CELL_11244,Epithelial,77.15,45,71.42
CELL_50815,Neuron,76.15,23,66.55
CELL_67541,Fibroblast,100.5,10,53.99
CELL_66526,Stem Cell,118.75,26,83.75
CELL_21469,Myocyte,99.82,42,62.36
CELL_33910,Leukocyte,15.5,50,55.92
CELL_53393,Myocyte,55.32,40,91.72
CELL_39816,Fibroblast,112.14,8,95.35
CELL_24593,Stem Cell,115.67,20,59.94
CELL_71628,Epithelial,31.26,18,67.86
CELL_78110,Myocyte,84.82,7,60.58
CELL_32048,Erythrocyte,100.58,21,85.85
CELL_80063,Neuron,68.31,20,50.53
CELL_61930,Neuron,117.16,10,57.15
CELL_61729,Stem Cell,72.63,45,75.56
CELL_21804,Leukocyte,62.62,36,71.45
CELL_36276,Fibroblast,74.35,50,84.73
CELL_24597,Stem Cell,32.79,25,96.84
CELL_71752,Stem Cell,79.42,37,84.76
CELL_53999,Erythrocyte,52.33,28,61.93
CELL_43979,Erythrocyte,49.14,14,61.61
CELL_83813,Leukocyte,89.22,10,88.26
CELL_98194,Neuron,36.18,16,75.83
CELL_23758,Fibroblast,34.34,31,91.2
CELL_63393,Epithelial,68.95,39,98.21
CELL_77252,Epithelial,19.8,48,87.95
CELL_47246,Myocyte,39.48,27,77.51
CELL_57291,Myocyte,91.29,32,87.89
CELL_57205,Leukocyte,17.01,12,83.98
CELL_44509,Myocyte,22.3,27,81.93
CELL_58387,Fibroblast,5.18,12,76.09
CELL_98482,Myocyte,63.05,9,55.04
CELL_45456,Fibroblast,114.03,12,70.27
CELL_86915,Myocyte,85.1,8,79.12
CELL_74069,Fibroblast,19.83,15,89.17
CELL_57536,Stem Cell,116.93,45,68.18
CELL_22062,Erythrocyte,95.93,38,95.81
CELL_58488,Neuron,103.42,23,91.97
CELL_59422,Myocyte,88.91,39,88.46
CELL_67798,Stem Cell,75.43,5,69.36
CELL_90543,Neuron,6.22,28,94.66
CELL_35800,Leukocyte,33.16,27,72.55
CELL_22805,Neuron,49.78,42,99.57
CELL_47481,Epithelial,39.28,11,54.8
CELL_41325,Neuron,94.18,50,67.8
CELL_99314,Epithelial,36.99,42,59.19
CELL_32118,Erythrocyte,19.9,15,77.69
CELL_95432,Neuron,71.53,24,62.93
CELL_80130,Erythrocyte,24.53,19,55.48
CELL_79782,Epithelial,102.61,37,51.19
CELL_67562,Fibroblast,73.56,7,68.25
CELL_12358,Fibroblast,47.75,6,54.69
CELL_24201,Erythrocyte,57.62,35,83.01
CELL_46797,Myocyte,10.42,16,82.63
CELL_23021,Epithelial,119.3,46,95.97
CELL_88900,Neuron,85.81,23,60.21
CELL_46523,Epithelial,82.95,37,88.41
CELL_85802,Stem Cell,116.65,45,80.98
CELL_72479,Erythrocyte,7.73,26,82.49
CELL_69670,Erythrocyte,76.35,44,53.75
CELL_69215,Leukocyte,66.15,44,81.77
CELL_87276,Erythrocyte,97.63,25,82.54
CELL_17259,Leukocyte,71.01,27,92.09
CELL_91140,Fibroblast,62.04,14,55.67
CELL_18807,Myocyte,114.08,12,99.42
CELL_67850,Epithelial,32.28,41,54.86
CELL_10725,Myocyte,63.36,20,60.47
CELL_50880,Stem Cell,22.09,46,94.95
CELL_92930,Leukocyte,56.5,8,99.85
CELL_86294,Neuron,38.92,45,90.03
CELL_49207,Neuron,76.49,45,73.52
CELL_24199,Stem Cell,77.43,25,56.35
CELL_58353,Fibroblast,71.52,35,61.77
CELL_20993,Myocyte,16.19,44,89.19
CELL_43675,Neuron,111.89,36,51.74
CELL_30769,Myocyte,83.11,21,84.73
CELL_60297,Stem Cell,21.67,30,81.25
CELL_80088,Erythrocyte,66.89,12,75.23
CELL_97517,Leukocyte,69.14,18,75.67
CELL_68066,Stem Cell,20.31,16,70.61
CELL_21191,Stem Cell,43.56,47,72.07
CELL_50783,Myocyte,61.63,49,69.36
CELL_18093,Fibroblast,65.19,42,65.29
CELL_57872,Fibroblast,25.47,14,63.4
CELL_50341,Leukocyte,44.75,36,90.57
CELL_50382,Neuron,11.26,50,89.33
CELL_38494,Leukocyte,94.31,34,90.85
CELL_30230,Neuron,104.33,27,82.97
CELL_71396,Neuron,74.68,29,56.82
CELL_84327,Fibroblast,60.57,27,86.38
CELL_48223,Erythrocyte,22.6,23,77.61
CELL_59401,Stem Cell,101.24,37,72.54
CELL_39528,Neuron,76.94,23,59.49
CELL_59650,Stem Cell,92.74,15,81.11
CELL_48644,Neuron,22.39,31,99.85
CELL_68186,Neuron,109.03,37,60.81
CELL_23589,Erythrocyte,67.49,50,71.61
CELL_72653,Leukocyte,28.98,22,80.74
CELL_68740,Myocyte,73.79,46,54.45
CELL_28671,Myocyte,45.52,35,81.15
CELL_63458,Fibroblast,41.24,16,62.41
CELL_86596,Stem Cell,12.62,16,58.33
CELL_29717,Neuron,106.5,6,75.52
CELL_63987,Fibroblast,117.47,12,95.48
CELL_42318,Stem Cell,56.83,28,63.0
CELL_22256,Epithelial,115.94,7,98.74
CELL_96485,Erythrocyte,113.54,49,65.81
CELL_31929,Fibroblast,117.89,44,83.58
CELL_61978,Neuron,35.45,34,60.55
CELL_25671,Myocyte,47.14,22,98.07
CELL_77718,Epithelial,7.64,5,61.4
CELL_45558,Stem Cell,48.1,35,85.17
CELL_92445,Leukocyte,119.69,7,87.78
CELL_70147,Neuron,17.73,35,88.76
CELL_45499,Myocyte,41.45,37,52.07
CELL_43638,Neuron,50.74,49,67.67
CELL_88123,Epithelial,26.45,34,55.11
CELL_50147,Leukocyte,36.81,11,58.81
CELL_10978,Myocyte,75.22,49,74.68
CELL_17181,Leukocyte,92.06,20,61.89
CELL_49426,Myocyte,21.05,28,58.96
CELL_38841,Myocyte,58.71,36,69.1
CELL_49963,Stem Cell,84.99,31,70.81
CELL_27186,Neuron,108.1,29,97.65
CELL_54168,Epithelial,52.68,12,69.28
CELL_94203,Myocyte,8.12,21,50.58
CELL_34070,Stem Cell,54.08,50,72.86
CELL_44394,Myocyte,91.76,7,61.56
CELL_81662,Fibroblast,28.26,39,64.27
CELL_78399,Fibroblast,49.54,34,78.88
CELL_18007,Neuron,79.22,36,82.11
CELL_54603,Stem Cell,39.75,50,69.89
CELL_15314,Myocyte,84.71,35,75.09
CELL_61783,Fibroblast,79.78,6,65.77
CELL_52355,Myocyte,105.05,26,99.41
CELL_90954,Leukocyte,113.83,9,57.01
CELL_79399,Myocyte,60.04,16,55.13
CELL_58422,Leukocyte,12.75,32,87.37
CELL_57146,Myocyte,27.23,16,67.53
CELL_25368,Leukocyte,100.93,42,86.63
CELL_91095,Epithelial,105.3,31,67.09
CELL_49660,Leukocyte,34.93,32,93.19
CELL_46161,Fibroblast,115.24,11,69.53
CELL_40991,Epithelial,84.05,20,97.58
CELL_80658,Fibroblast,107.63,45,76.98
CELL_10424,Neuron,100.22,5,96.85
CELL_52254,Epithelial,44.91,42,81.7
CELL_44844,Leukocyte,45.61,21,50.83
CELL_11062,Neuron,23.09,7,59.16
CELL_38548,Leukocyte,22.63,44,68.32
CELL_65967,Epithelial,25.18,15,65.57
CELL_38802,Fibroblast,56.92,45,76.52
CELL_28838,Stem Cell,43.03,21,74.13
CELL_34817,Leukocyte,71.69,42,90.67
CELL_57281,Leukocyte,50.93,29,56.56
CELL_35773,Leukocyte,94.9,12,91.71
CELL_64376,Fibroblast,39.34,47,57.45
CELL_57480,Myocyte,31.17,11,99.54
CELL_35605,Fibroblast,110.65,26,92.38
CELL_39651,Leukocyte,35.8,15,75.0
CELL_97474,Erythrocyte,43.16,48,61.76
CELL_42884,Stem Cell,68.07,15,66.42
CELL_84388,Stem Cell,19.31,19,98.58
CELL_14107,Stem Cell,53.32,38,71.4
CELL_68709,Neuron,43.64,26,81.72
CELL_49356,Myocyte,8.15,26,79.86
CELL_61338,Leukocyte,86.61,17,85.63
CELL_16686,Stem Cell,93.18,23,60.29
CELL_88728,Stem Cell,112.3,29,60.41
CELL_55461,Stem Cell,108.3,16,59.49
CELL_77244,Erythrocyte,34.67,41,94.47
CELL_13929,Stem Cell,94.79,28,87.3
CELL_81408,Fibroblast,43.48,21,83.74
CELL_68122,Stem Cell,103.12,34,95.1
CELL_48092,Myocyte,36.93,40,89.79
CELL_41584,Epithelial,77.52,28,92.53
CELL_49891,Erythrocyte,18.98,36,92.75
CELL_50288,Neuron,60.19,24,89.94
CELL_88842,Myocyte,73.12,5,67.13
CELL_25278,Fibroblast,39.68,7,86.26
CELL_24358,Leukocyte,100.05,30,84.98
CELL_90177,Erythrocyte,84.72,23,57.73
CELL_44756,Epithelial,85.85,23,67.82
CELL_67298,Neuron,93.6,39,97.12
CELL_23960,Erythrocyte,21.06,29,72.47
CELL_69367,Fibroblast,48.69,32,78.39
CELL_16520,Myocyte,26.42,13,90.13
CELL_11242,Stem Cell,30.7,15,55.34
CELL_90779,Myocyte,25.88,26,88.27
CELL_52214,Stem Cell,61.54,5,93.99
CELL_54664,Epithelial,66.17,26,86.56
CELL_87422,Erythrocyte,64.65,5,67.33
CELL_59596,Neuron,59.64,12,90.05
CELL_81289,Erythrocyte,31.13,17,97.03
CELL_82880,Epithelial,7.76,36,90.09
CELL_72352,Fibroblast,16.7,36,73.72
CELL_44155,Myocyte,40.03,43,74.88
CELL_47166,Neuron,110.9,37,61.57
CELL_67684,Erythrocyte,68.21,30,69.41
CELL_98249,Stem Cell,13.67,33,87.61
CELL_20138,Epithelial,61.27,19,61.59
CELL_39928,Epithelial,56.8,12,70.64
CELL_32023,Stem Cell,79.77,40,66.47
CELL_21472,Myocyte,103.17,19,61.07
CELL_95989,Fibroblast,10.23,33,96.38
CELL_98940,Leukocyte,54.85,25,56.44
CELL_12026,Epithelial,47.27,35,69.5
CELL_10637,Stem Cell,93.9,20,93.05
CELL_68280,Epithelial,37.58,21,97.62
CELL_87838,Fibroblast,26.6,49,86.2
CELL_73560,Leukocyte,55.35,50,92.49
CELL_55805,Myocyte,86.57,22,57.63
CELL_90194,Epithelial,58.05,39,79.02
CELL_68225,Stem Cell,57.34,22,91.81
CELL_93668,Erythrocyte,29.51,7,68.58
CELL_36456,Leukocyte,71.81,17,76.37
CELL_31026,Neuron,112.32,23,89.56
CELL_84387,Fibroblast,97.0,12,58.44
CELL_34742,Fibroblast,75.21,14,62.73
CELL_71453,Stem Cell,70.15,13,61.2
CELL_23737,Myocyte,73.5,41,73.7
CELL_70073,Epithelial,73.81,19,76.15
CELL_77469,Erythrocyte,34.65,32,50.89
CELL_73673,Stem Cell,93.6,46,87.72
CELL_74257,Erythrocyte,77.36,21,71.3
CELL_75854,Erythrocyte,69.95,38,83.67
CELL_66803,Epithelial,60.18,30,90.52
CELL_51905,Stem Cell,115.01,5,55.17
CELL_54992,Erythrocyte,54.01,15,84.41
CELL_32495,Stem Cell,74.5,23,66.4
CELL_60482,Leukocyte,41.72,9,51.1
CELL_41886,Neuron,8.21,10,98.84
CELL_97512,Leukocyte,110.0,46,93.54
CELL_68088,Fibroblast,117.58,29,50.48
CELL_31120,Neuron,16.15,21,89.91
CELL_11194,Neuron,83.26,44,62.25
CELL_48177,Myocyte,31.83,9,84.72
CELL_82085,Epithelial,87.93,8,50.6
CELL_72644,Stem Cell,99.93,41,61.39
CELL_50595,Epithelial,62.08,8,83.3
CELL_40487,Leukocyte,42.77,12,94.02
CELL_85474,Neuron,112.5,9,79.44
CELL_91523,Myocyte,108.67,15,88.03
CELL_58471,Epithelial,53.89,5,99.66
CELL_19712,Neuron,42.65,31,89.39
CELL_79048,Stem Cell,55.82,18,59.18
CELL_99735,Myocyte,96.75,25,63.25
CELL_79065,Erythrocyte,87.9,31,64.82
CELL_16860,Stem Cell,102.37,28,96.71
CELL_85823,Epithelial,7.27,25,53.31
CELL_35627,Myocyte,34.68,15,84.1
CELL_47941,Erythrocyte,85.15,33,90.81
CELL_18143,Epithelial,62.5,18,87.71
CELL_28601,Stem Cell,76.84,46,61.02
CELL_82997,Myocyte,108.15,17,59.59
CELL_98773,Epithelial,17.43,13,89.1
CELL_64515,Myocyte,51.41,11,97.24
CELL_54569,Leukocyte,77.99,26,63.88
CELL_54554,Stem Cell,60.58,24,71.31
CELL_73095,Myocyte,22.11,24,78.6
CELL_24586,Fibroblast,71.0,41,91.48
CELL_81961,Myocyte,53.29,25,75.79
CELL_30171,Leukocyte,11.78,41,69.61
CELL_87881,Leukocyte,91.04,25,68.39
CELL_72560,Fibroblast,70.37,20,56.12
CELL_36799,Myocyte,107.51,23,72.82
CELL_26312,Fibroblast,42.98,20,71.01
CELL_23880,Neuron,46.09,48,54.38
CELL_39936,Stem Cell,106.69,16,80.27
CELL_63479,Epithelial,58.05,41,69.49
CELL_45900,Neuron,39.58,33,68.03
CELL_74664,Epithelial,45.69,11,88.35
CELL_41916,Epithelial,112.81,40,60.45
CELL_21953,Fibroblast,32.23,24,65.09
CELL_50907,Myocyte,40.25,15,80.72
CELL_14371,Myocyte,80.59,27,60.04
CELL_12778,Epithelial,17.92,5,69.51
CELL_63721,Erythrocyte,19.67,8,63.31
CELL_66314,Neuron,79.21,33,62.99
CELL_84464,Neuron,104.5,17,88.06
CELL_21513,Leukocyte,83.95,25,61.86
CELL_61235,Epithelial,50.0,31,99.93
CELL_15103,Neuron,46.17,39,59.76
CELL_83874,Myocyte,106.75,34,62.65
CELL_23825,Epithelial,115.84,46,64.84
CELL_99616,Leukocyte,89.8,35,97.46
CELL_62220,Epithelial,114.19,33,52.79
CELL_70242,Myocyte,98.79,20,78.22
CELL_90774,Epithelial,94.74,33,60.22
CELL_90667,Myocyte,94.47,44,57.28
CELL_84702,Myocyte,96.18,48,74.84
CELL_74551,Epithelial,87.71,24,51.26
CELL_29263,Stem Cell,80.87,34,92.6
CELL_48122,Neuron,46.53,33,98.62
CELL_71079,Myocyte,117.06,21,72.61
CELL_29491,Myocyte,108.22,18,60.46
CELL_90311,Fibroblast,21.49,44,57.08
CELL_98276,Stem Cell,24.02,23,64.62
CELL_97651,Fibroblast,61.22,48,98.88
CELL_86163,Neuron,24.28,35,65.12
CELL_14120,Stem Cell,98.4,27,76.73
CELL_42500,Erythrocyte,62.74,39,82.82
CELL_48655,Leukocyte,42.59,18,63.67
CELL_99642,Epithelial,45.12,50,76.1
CELL_73476,Myocyte,80.59,10,89.03
CELL_96609,Fibroblast,83.48,40,94.58
CELL_41920,Erythrocyte,27.57,7,50.52
CELL_11902,Leukocyte,14.2,13,69.75
CELL_39347,Neuron,118.8,13,59.23
CELL_36974,Stem Cell,95.62,19,78.25
CELL_83057,Myocyte,24.73,25,98.98
CELL_92027,Epithelial,74.06,50,92.84
CELL_31499,Neuron,118.34,5,89.91
CELL_66709,Leukocyte,58.33,28,91.74
CELL_97882,Fibroblast,17.61,28,50.52
CELL_90814,Fibroblast,44.03,19,96.78
CELL_48938,Neuron,33.88,35,85.6
CELL_16267,Fibroblast,99.8,17,66.66
CELL_12025,Erythrocyte,76.56,47,63.75
CELL_58985,Fibroblast,74.32,43,78.58
CELL_46992,Erythrocyte,93.31,44,71.24
CELL_29835,Leukocyte,108.45,34,90.94
CELL_39226,Erythrocyte,86.4,47,74.01
CELL_66249,Epithelial,107.5,34,68.38
CELL_22761,Fibroblast,85.04,29,92.82
CELL_50803,Stem Cell,96.41,10,95.76
CELL_82681,Fibroblast,20.63,45,62.33
CELL_88328,Epithelial,96.97,30,50.5
CELL_70870,Stem Cell,77.49,10,68.97
CELL_59357,Epithelial,111.98,16,84.43
CELL_34874,Stem Cell,85.26,5,76.66
CELL_42204,Epithelial,34.02,49,56.67
CELL_50487,Leukocyte,110.17,34,56.49
CELL_94978,Erythrocyte,117.0,16,75.63
CELL_61390,Epithelial,116.14,26,61.66
CELL_45782,Erythrocyte,45.84,29,62.21
CELL_92360,Stem Cell,5.52,14,80.64
CELL_23805,Fibroblast,35.08,16,61.87
CELL_16210,Erythrocyte,54.6,50,72.19
CELL_38381,Myocyte,47.83,35,70.89
CELL_49727,Myocyte,53.97,19,97.43
CELL_69290,Neuron,85.21,42,70.11
CELL_50816,Leukocyte,118.59,18,50.56
CELL_23003,Epithelial,84.17,45,59.54
CELL_56784,Erythrocyte,31.29,30,66.43
CELL_83469,Stem Cell,63.41,50,56.67
CELL_84312,Stem Cell,112.07,15,93.74
CELL_20689,Erythrocyte,88.07,50,75.17
CELL_62652,Leukocyte,18.55,8,73.77
CELL_68316,Epithelial,41.49,20,73.34
CELL_72590,Neuron,30.63,35,97.03
CELL_29547,Epithelial,53.34,39,98.03
CELL_95014,Leukocyte,11.14,36,72.63
CELL_26956,Fibroblast,69.34,20,92.61
CELL_70837,Leukocyte,73.12,23,76.1
CELL_50226,Epithelial,17.96,43,77.15
CELL_80166,Leukocyte,43.18,32,69.23
CELL_15915,Erythrocyte,71.94,36,59.89
CELL_87078,Myocyte,52.38,22,72.22
CELL_48387,Fibroblast,69.41,6,65.26
CELL_91550,Epithelial,94.89,42,98.75
CELL_17151,Erythrocyte,75.43,35,88.48
CELL_25691,Leukocyte,66.69,28,94.58
CELL_52446,Neuron,110.72,13,71.74
CELL_49773,Leukocyte,114.6,17,61.35
CELL_51977,Erythrocyte,112.36,46,94.3
CELL_77083,Erythrocyte,48.98,11,78.29
CELL_30422,Leukocyte,39.27,36,63.06
CELL_76256,Epithelial,103.5,11,90.23
CELL_83206,Neuron,63.61,22,93.78
CELL_81944,Fibroblast,15.33,22,67.23
CELL_21822,Myocyte,101.36,30,76.09
CELL_36488,Leukocyte,54.2,34,56.91
CELL_93532,Fibroblast,119.02,25,85.24
CELL_95442,Stem Cell,69.35,41,51.89
CELL_86697,Stem Cell,20.62,15,72.81
CELL_35117,Erythrocyte,105.14,46,67.53
CELL_21524,Myocyte,107.66,11,61.8
CELL_22546,Stem Cell,80.1,22,98.73
CELL_67427,Erythrocyte,22.04,38,74.22
CELL_65663,Fibroblast,63.07,28,53.57
CELL_20657,Epithelial,83.93,48,94.45
CELL_96096,Myocyte,69.56,24,74.46
CELL_11561,Epithelial,5.96,37,93.91
CELL_73704,Fibroblast,99.67,43,99.78
CELL_56678,Epithelial,117.41,36,79.35
CELL_93039,Fibroblast,107.22,25,92.75
CELL_54059,Neuron,26.68,27,73.32
CELL_27903,Neuron,75.15,15,68.55
CELL_43062,Myocyte,77.12,35,93.05
CELL_17891,Leukocyte,55.75,37,73.52
CELL_73599,Stem Cell,112.01,50,88.66
CELL_89759,Leukocyte,113.56,23,73.13
CELL_32965,Epithelial,8.25,23,93.08
CELL_84763,Epithelial,48.47,41,51.53
CELL_79187,Myocyte,35.02,42,82.22
CELL_91198,Epithelial,108.25,11,62.56
CELL_93816,Fibroblast,35.72,25,63.58
CELL_36360,Erythrocyte,60.15,24,79.61
CELL_81668,Fibroblast,119.03,26,85.49
CELL_91637,Stem Cell,90.02,38,63.97
CELL_33193,Neuron,14.83,47,96.55
CELL_83947,Epithelial,65.44,22,77.8
CELL_81020,Neuron,52.97,42,65.31
CELL_50730,Leukocyte,18.91,7,73.55
CELL_85694,Leukocyte,78.3,6,52.18
CELL_69551,Neuron,86.12,16,75.98
CELL_96036,Erythrocyte,114.93,18,69.38
CELL_97584,Leukocyte,70.95,8,79.6
CELL_24125,Neuron,16.94,12,94.0
CELL_49454,Epithelial,77.26,28,53.32
CELL_39741,Epithelial,23.64,18,71.58
CELL_84597,Erythrocyte,16.09,9,75.32
CELL_30628,Myocyte,77.06,24,63.0
CELL_67222,Erythrocyte,36.91,39,75.36
CELL_36952,Stem Cell,65.2,32,97.18
CELL_86645,Epithelial,68.35,24,54.46
CELL_69522,Erythrocyte,9.17,19,64.37
CELL_83924,Fibroblast,50.35,13,67.0
CELL_47325,Myocyte,112.05,49,97.81
CELL_50369,Neuron,95.07,47,51.63
CELL_78688,Stem Cell,57.35,16,76.5
CELL_99571,Stem Cell,111.45,9,74.94
CELL_51535,Stem Cell,20.3,49,67.0
CELL_62269,Myocyte,72.18,14,91.03
CELL_59539,Fibroblast,76.14,28,52.42
CELL_82930,Stem Cell,118.46,15,97.26
CELL_64209,Fibroblast,86.91,33,56.89
CELL_81389,Myocyte,113.41,17,70.97
CELL_75051,Myocyte,16.52,32,74.03
CELL_51370,Erythrocyte,38.49,5,93.91
CELL_33749,Myocyte,41.79,13,56.6
CELL_65775,Fibroblast,30.23,13,71.84
CELL_59326,Epithelial,59.35,9,83.06
CELL_28734,Fibroblast,71.59,36,77.91
CELL_86562,Neuron,16.89,26,56.83
CELL_36690,Fibroblast,62.99,9,87.5
CELL_28605,Myocyte,95.66,33,60.05
CELL_72247,Erythrocyte,106.7,11,77.55
CELL_92990,Fibroblast,118.63,9,80.18
CELL_67998,Leukocyte,103.45,27,85.01
CELL_96149,Myocyte,12.72,44,75.29
CELL_39700,Epithelial,53.59,14,86.18
CELL_25916,Erythrocyte,42.05,24,56.85
CELL_17072,Leukocyte,33.29,12,83.83
CELL_80175,Erythrocyte,90.49,43,64.88
CELL_71150,Fibroblast,56.77,49,50.05
CELL_94754,Stem Cell,11.24,49,81.19
CELL_90080,Leukocyte,96.82,35,73.96
CELL_72640,Epithelial,14.5,43,73.56
CELL_47105,Erythrocyte,35.35,24,80.64
CELL_52780,Stem Cell,42.67,12,72.61
CELL_81692,Stem Cell,112.94,9,62.9
CELL_45720,Myocyte,115.46,36,85.04
CELL_97207,Epithelial,116.33,8,64.21
CELL_23011,Stem Cell,116.29,15,83.6
CELL_36149,Stem Cell,24.99,40,60.4
CELL_53226,Neuron,92.93,49,53.47
CELL_49852,Stem Cell,80.57,50,58.56
CELL_87109,Leukocyte,97.07,12,54.31
CELL_60655,Myocyte,83.27,47,56.81
CELL_71531,Erythrocyte,75.26,7,60.02
CELL_90600,Myocyte,42.34,19,69.95
CELL_24892,Myocyte,71.74,40,81.05
CELL_69417,Epithelial,88.77,38,81.82
CELL_76816,Erythrocyte,19.92,47,69.71
CELL_64463,Myocyte,57.35,40,62.33
CELL_90555,Stem Cell,20.45,21,89.05
CELL_10835,Stem Cell,50.04,21,93.18
CELL_71301,Myocyte,73.12,8,95.77
CELL_69414,Fibroblast,110.32,38,85.43
CELL_97408,Epithelial,70.36,30,56.57
CELL_40762,Stem Cell,84.73,19,77.33
CELL_85749,Erythrocyte,12.02,49,52.84
CELL_71636,Stem Cell,116.84,29,87.5
CELL_32370,Neuron,58.13,21,63.5
CELL_78455,Fibroblast,111.94,27,73.68
CELL_38466,Neuron,85.68,31,99.67
CELL_58970,Leukocyte,63.35,20,80.89
CELL_66766,Stem Cell,30.92,17,71.96
CELL_84548,Epithelial,46.96,30,94.94
CELL_66880,Leukocyte,88.18,21,77.32
CELL_60428,Erythrocyte,103.38,27,74.29
CELL_80185,Leukocyte,111.59,22,74.77
CELL_94924,Fibroblast,51.58,20,98.95
CELL_78820,Neuron,73.22,8,78.62
CELL_35022,Erythrocyte,108.63,21,80.16
CELL_60806,Leukocyte,112.23,42,50.74
CELL_66586,Neuron,86.54,47,63.4
CELL_82428,Erythrocyte,89.53,25,55.54
CELL_37561,Neuron,29.53,24,51.58
CELL_86281,Epithelial,90.02,43,96.09
CELL_61148,Fibroblast,99.92,8,86.11
CELL_25283,Leukocyte,29.04,9,58.86
CELL_14486,Stem Cell,40.32,22,71.5
CELL_86933,Epithelial,63.2,39,69.82
CELL_99629,Myocyte,85.49,49,88.39
CELL_82045,Neuron,21.03,49,69.05
CELL_48178,Fibroblast,59.44,7,72.79
CELL_59173,Neuron,34.08,14,86.54
CELL_14129,Epithelial,77.0,24,66.51
CELL_17435,Erythrocyte,48.43,38,66.88
CELL_80711,Erythrocyte,50.72,18,77.6
CELL_94862,Myocyte,52.79,26,65.16
CELL_85632,Neuron,46.34,35,85.55
CELL_64192,Epithelial,109.66,50,73.66
CELL_92942,Stem Cell,47.8,39,71.7
CELL_34886,Neuron,38.86,26,93.42
CELL_64967,Myocyte,85.58,14,99.52
CELL_92965,Neuron,23.44,27,62.11
CELL_13142,Erythrocyte,27.36,36,99.74
CELL_63542,Myocyte,53.77,39,76.79
CELL_76208,Leukocyte,48.53,23,61.41
CELL_56952,Epithelial,40.86,9,59.48
CELL_46251,Erythrocyte,111.9,16,79.48
CELL_56902,Epithelial,83.87,7,87.84
CELL_31989,Stem Cell,103.01,23,59.31
CELL_59325,Erythrocyte,113.54,9,88.11
CELL_28541,Erythrocyte,118.15,46,60.2
CELL_43507,Stem Cell,31.83,20,66.8
CELL_79268,Myocyte,32.67,47,67.48
CELL_51672,Stem Cell,24.45,20,52.12
CELL_44396,Fibroblast,75.76,10,53.46
CELL_46232,Epithelial,23.85,12,58.05
CELL_67024,Neuron,58.13,15,95.54
CELL_39857,Myocyte,46.27,6,60.69
CELL_82107,Stem Cell,71.4,21,50.05
CELL_75635,Myocyte,7.54,49,96.3
CELL_37005,Epithelial,8.44,10,75.15
CELL_60537,Epithelial,58.86,14,62.12
CELL_61238,Stem Cell,12.36,32,55.66
CELL_99448,Neuron,99.06,11,65.42
CELL_35894,Neuron,17.35,30,87.83
CELL_35310,Erythrocyte,26.22,43,77.5
CELL_47865,Neuron,106.33,22,66.56
CELL_35956,Fibroblast,52.72,19,52.63
CELL_24094,Stem Cell,81.45,13,50.46
CELL_66309,Erythrocyte,21.95,32,71.56
CELL_61359,Leukocyte,36.25,44,87.34
CELL_68838,Fibroblast,118.15,5,66.87
CELL_27018,Myocyte,89.11,13,88.62
CELL_39078,Neuron,81.68,5,68.19
CELL_77319,Stem Cell,84.61,20,79.25
CELL_91083,Leukocyte,31.09,13,66.91
CELL_12811,Myocyte,52.47,38,62.53
CELL_11735,Epithelial,110.2,7,59.89
CELL_68317,Leukocyte,50.07,16,68.25
CELL_54490,Leukocyte,6.75,14,77.16
CELL_54660,Erythrocyte,97.35,17,73.37
CELL_27020,Stem Cell,65.51,35,84.71
CELL_45460,Leukocyte,39.35,49,73.02
CELL_56740,Epithelial,114.73,5,98.63
CELL_43737,Neuron,30.05,23,62.5
CELL_82734,Fibroblast,15.22,33,66.29
CELL_48895,Stem Cell,56.01,50,73.92
CELL_96125,Leukocyte,107.74,7,93.14
CELL_87012,Erythrocyte,82.61,17,96.9
CELL_44858,Epithelial,110.46,42,82.86
CELL_65119,Stem Cell,79.95,28,67.11
CELL_83094,Leukocyte,102.26,29,51.97
CELL_50538,Stem Cell,117.66,8,97.46
CELL_79132,Erythrocyte,114.66,14,79.52
CELL_47175,Myocyte,54.49,26,85.05
CELL_79773,Fibroblast,60.34,33,93.83
CELL_67438,Myocyte,107.28,41,72.37
CELL_56324,Stem Cell,89.32,34,86.58
CELL_94079,Leukocyte,37.14,50,65.26
CELL_57365,Epithelial,71.85,44,81.28
CELL_76659,Fibroblast,53.23,7,81.8
CELL_10798,Stem Cell,23.87,33,89.1
CELL_10970,Stem Cell,13.2,22,52.46
CELL_24788,Erythrocyte,98.29,19,59.29
CELL_16736,Stem Cell,108.03,43,81.65
CELL_23294,Neuron,46.02,21,60.76
CELL_82729,Stem Cell,79.35,48,98.19
CELL_20233,Myocyte,93.06,7,54.87
CELL_68064,Epithelial,103.05,46,60.61
CELL_96590,Erythrocyte,84.39,7,65.49
CELL_87953,Stem Cell,19.89,21,85.81
CELL_54530,Fibroblast,96.97,31,89.18
CELL_32337,Stem Cell,16.93,26,63.66
CELL_75366,Neuron,69.7,13,59.92
CELL_47335,Leukocyte,116.93,14,76.53
CELL_18293,Fibroblast,5.41,8,54.14
CELL_97267,Erythrocyte,8.45,15,91.63
CELL_27332,Erythrocyte,91.5,47,94.78
CELL_36661,Epithelial,35.99,18,85.97
CELL_77453,Epithelial,56.12,18,66.13
CELL_51206,Neuron,24.15,6,58.38
CELL_25179,Stem Cell,82.89,14,80.3
CELL_51801,Myocyte,13.86,17,86.64
CELL_64592,Stem Cell,95.84,22,89.99
CELL_62610,Epithelial,67.98,33,88.01
CELL_49486,Fibroblast,38.1,49,53.37
CELL_97525,Myocyte,103.15,47,72.51
CELL_62352,Erythrocyte,69.86,25,66.21
CELL_85882,Erythrocyte,31.54,17,60.81
CELL_19767,Stem Cell,105.07,16,83.21
CELL_20945,Epithelial,88.29,47,57.68
CELL_99660,Neuron,98.49,11,92.81
CELL_93577,Stem Cell,29.26,26,58.21
CELL_35706,Erythrocyte,43.07,13,55.1
CELL_94356,Myocyte,36.85,40,79.36
CELL_97451,Myocyte,72.95,29,86.11
CELL_94271,Fibroblast,19.28,20,61.45
CELL_79412,Fibroblast,8.41,40,51.72
CELL_31286,Neuron,80.0,23,51.27
CELL_66067,Leukocyte,91.4,39,54.78
CELL_74806,Epithelial,60.15,20,65.16
CELL_86134,Stem Cell,116.05,23,97.82
CELL_35072,Erythrocyte,54.5,31,99.57
CELL_72735,Myocyte,85.89,21,96.01
CELL_27613,Myocyte,35.81,49,65.85
CELL_47372,Epithelial,73.68,40,81.72
CELL_35962,Epithelial,113.09,26,87.91
CELL_51997,Fibroblast,41.1,15,94.71
CELL_33095,Myocyte,89.03,37,55.01
CELL_76741,Epithelial,21.65,41,50.91
CELL_47081,Myocyte,108.92,21,76.72
CELL_90893,Erythrocyte,32.54,9,81.53
CELL_79672,Erythrocyte,23.71,32,56.31
CELL_77732,Epithelial,108.12,35,74.92
CELL_22821,Epithelial,100.4,41,61.39
CELL_89933,Fibroblast,103.46,46,74.94
CELL_67176,Myocyte,95.25,6,80.82
CELL_64620,Stem Cell,82.48,6,99.92
CELL_98945,Myocyte,42.39,20,93.42
CELL_17510,Myocyte,110.78,30,78.58
CELL_38331,Erythrocyte,5.16,27,93.91
CELL_97245,Stem Cell,64.16,42,64.81
CELL_64337,Stem Cell,89.64,16,72.86
CELL_82710,Leukocyte,66.2,46,81.73
CELL_77629,Neuron,105.25,13,91.56
CELL_44221,Stem Cell,74.53,45,65.95
CELL_78619,Leukocyte,72.77,48,67.34
CELL_97155,Epithelial,23.26,43,71.14
CELL_42122,Fibroblast,113.98,7,83.31
CELL_75932,Erythrocyte,71.77,21,83.54
CELL_49462,Erythrocyte,75.13,44,54.16
CELL_71329,Stem Cell,97.67,40,95.42
CELL_38587,Myocyte,9.38,25,80.25
CELL_87790,Stem Cell,89.95,49,50.37
CELL_37205,Epithelial,8.51,45,55.35
CELL_57755,Epithelial,46.13,14,69.4
CELL_35634,Stem Cell,79.62,25,77.71
CELL_13970,Leukocyte,84.31,29,75.09
CELL_61605,Leukocyte,86.13,34,71.33
CELL_78380,Erythrocyte,98.25,27,66.28
CELL_40541,Leukocyte,38.9,23,54.02
CELL_19074,Epithelial,83.0,10,50.87
CELL_22415,Neuron,37.96,38,96.2
CELL_79118,Myocyte,49.23,17,86.54
CELL_49497,Leukocyte,77.03,38,84.44
CELL_16072,Leukocyte,67.13,49,54.19
CELL_53869,Myocyte,103.13,35,60.92
CELL_26029,Leukocyte,65.74,33,86.94
CELL_81978,Fibroblast,73.75,24,86.16
CELL_10817,Myocyte,102.57,7,81.45
CELL_53105,Leukocyte,25.45,18,84.56
CELL_52177,Epithelial,103.16,35,50.02
CELL_46181,Stem Cell,79.79,12,89.41
CELL_81086,Neuron,40.91,33,74.64
CELL_95410,Fibroblast,93.14,47,54.16
CELL_61080,Fibroblast,102.29,50,93.97
CELL_51339,Myocyte,74.46,49,73.1
CELL_90547,Neuron,63.48,35,93.9
CELL_59841,Fibroblast,103.22,11,68.19
CELL_71480,Myocyte,109.46,16,88.07
CELL_52414,Stem Cell,75.94,8,81.17
CELL_87253,Fibroblast,21.92,14,76.18
CELL_59486,Leukocyte,10.83,41,66.91
CELL_95382,Neuron,37.15,6,56.35
CELL_70931,Neuron,55.82,42,91.84
CELL_63498,Myocyte,46.29,20,54.78
CELL_21099,Stem Cell,62.74,45,85.15
CELL_97934,Myocyte,80.93,23,87.06
CELL_41618,Epithelial,73.66,6,72.56
CELL_27191,Stem Cell,22.54,16,82.94
CELL_27378,Myocyte,118.87,13,73.35
CELL_89191,Epithelial,82.33,17,79.82
CELL_36376,Epithelial,87.98,7,52.18
CELL_53905,Fibroblast,108.71,15,83.5
CELL_49527,Leukocyte,26.09,29,93.29
CELL_55862,Myocyte,99.41,20,78.9
CELL_81911,Myocyte,82.33,44,92.67
CELL_99680,Myocyte,117.97,25,72.84
CELL_93966,Fibroblast,45.09,21,79.04
CELL_48506,Erythrocyte,108.14,18,80.57
CELL_28019,Leukocyte,85.19,6,96.62
CELL_21661,Fibroblast,15.6,33,92.7
CELL_28405,Epithelial,65.86,10,88.34
CELL_10763,Stem Cell,97.6,29,93.29
CELL_14097,Myocyte,60.58,48,60.27
CELL_61900,Stem Cell,113.46,25,51.67
CELL_19648,Epithelial,62.23,12,50.69
CELL_63298,Neuron,75.33,25,87.68
CELL_15665,Stem Cell,39.86,19,99.84
CELL_50221,Fibroblast,73.47,22,59.6
CELL_23363,Epithelial,101.51,35,88.68
CELL_87058,Epithelial,115.04,30,84.27
CELL_57616,Erythrocyte,89.04,23,66.1
CELL_41191,Erythrocyte,46.47,35,64.7
CELL_92090,Epithelial,17.28,44,94.19
CELL_28048,Stem Cell,70.01,25,91.39
CELL_97666,Fibroblast,14.27,28,50.17
CELL_59297,Myocyte,14.37,45,71.67
CELL_11845,Neuron,111.52,39,63.6
CELL_88891,Leukocyte,44.89,36,94.16
CELL_66384,Myocyte,85.77,16,67.78
CELL_47310,Leukocyte,64.82,31,50.32
CELL_99397,Fibroblast,77.38,50,87.78
CELL_11875,Erythrocyte,9.63,27,87.35
CELL_92956,Epithelial,51.07,35,61.34
CELL_40537,Myocyte,26.81,25,73.15
CELL_26974,Epithelial,33.99,41,95.46
CELL_42702,Neuron,25.56,25,63.64
CELL_94168,Leukocyte,85.46,35,97.66
CELL_23974,Myocyte,38.86,12,65.05
CELL_43888,Myocyte,42.82,20,64.31
CELL_40533,Fibroblast,35.31,24,77.48
CELL_92760,Stem Cell,51.87,33,94.62
CELL_36464,Leukocyte,20.84,7,97.76
CELL_50573,Fibroblast,41.34,18,86.39
CELL_41729,Epithelial,105.72,33,99.2
CELL_91954,Erythrocyte,97.19,23,57.25
CELL_15149,Fibroblast,9.57,36,62.1
CELL_38676,Stem Cell,23.44,37,59.73
CELL_74862,Stem Cell,96.62,31,52.27
CELL_42415,Erythrocyte,85.32,13,74.33
CELL_83692,Stem Cell,67.11,32,81.84
CELL_15879,Erythrocyte,40.6,6,63.78
CELL_29550,Myocyte,29.29,25,95.29
CELL_43756,Fibroblast,82.82,5,92.9
CELL_11112,Myocyte,36.06,26,56.26
CELL_28491,Myocyte,43.04,43,99.35
CELL_14913,Myocyte,114.08,39,50.21
CELL_59513,Myocyte,114.52,24,52.84
CELL_22827,Neuron,34.8,19,57.01
CELL_49737,Leukocyte,102.76,15,75.49
CELL_30916,Neuron,49.23,9,90.76
CELL_62868,Epithelial,67.69,37,97.76
CELL_64359,Erythrocyte,84.09,46,88.88
CELL_22999,Leukocyte,65.3,34,96.55
CELL_34336,Neuron,95.84,32,85.16
CELL_75314,Stem Cell,100.26,21,83.26
CELL_68895,Epithelial,90.73,5,67.84
CELL_66035,Epithelial,27.12,20,96.85
CELL_28818,Stem Cell,48.77,50,63.74
CELL_79507,Epithelial,68.88,20,61.65
CELL_52303,Neuron,45.96,34,63.79
CELL_43110,Leukocyte,109.85,23,62.89
CELL_74142,Fibroblast,26.13,6,87.9
CELL_99900,Epithelial,50.59,46,92.55
CELL_10015,Neuron,108.11,34,93.84
CELL_73590,Epithelial,73.66,38,65.06
CELL_82907,Myocyte,74.71,11,94.13
CELL_72594,Stem Cell,12.87,16,52.03
CELL_15831,Fibroblast,93.36,12,89.36
CELL_10193,Myocyte,109.57,32,98.42
CELL_16709,Myocyte,95.67,30,98.12
CELL_52867,Stem Cell,67.31,17,90.9
CELL_86560,Fibroblast,27.48,38,82.61
CELL_55420,Erythrocyte,49.62,34,62.86
CELL_80058,Erythrocyte,115.05,15,78.75
CELL_83500,Stem Cell,98.64,26,57.14
CELL_43709,Neuron,34.4,35,57.18
CELL_98815,Fibroblast,110.02,31,94.14
CELL_95110,Stem Cell,66.11,25,93.1
CELL_21154,Erythrocyte,91.52,7,54.32
CELL_16274,Fibroblast,52.54,6,86.79
CELL_71839,Myocyte,55.02,43,87.78
CELL_44474,Myocyte,65.31,40,70.53
CELL_64353,Fibroblast,27.99,31,51.88
CELL_18762,Neuron,49.78,47,67.11
CELL_87558,Stem Cell,29.86,11,96.98
CELL_26546,Epithelial,100.58,16,52.39
CELL_27068,Myocyte,20.23,40,57.01
CELL_50661,Leukocyte,75.82,22,89.64
CELL_74281,Epithelial,71.96,21,76.3
CELL_66407,Epithelial,72.1,16,66.33
CELL_83604,Stem Cell,102.58,14,66.51
CELL_38707,Fibroblast,108.05,33,85.14
CELL_79236,Fibroblast,64.97,23,94.01
CELL_77015,Leukocyte,78.04,38,51.98
CELL_78808,Erythrocyte,117.37,25,68.38
CELL_89194,Epithelial,101.16,49,85.69
CELL_78854,Leukocyte,7.39,13,68.39
CELL_75962,Erythrocyte,45.03,12,95.01
CELL_17615,Leukocyte,71.58,14,86.65
CELL_26388,Epithelial,47.21,26,53.62
CELL_41747,Leukocyte,100.51,14,79.67
CELL_80524,Leukocyte,53.16,48,88.68
CELL_87084,Leukocyte,60.27,50,84.59
CELL_51232,Epithelial,16.58,44,55.46
CELL_63023,Neuron,25.86,48,94.7
CELL_69808,Neuron,85.44,13,86.88
CELL_36869,Myocyte,48.9,49,96.74
CELL_87495,Myocyte,74.48,36,95.82
CELL_13727,Erythrocyte,11.91,42,52.68
CELL_36084,Leukocyte,111.04,33,54.36
CELL_85896,Neuron,104.53,49,50.62
CELL_73999,Stem Cell,119.96,11,53.58
CELL_19955,Myocyte,52.19,33,59.57
CELL_64004,Fibroblast,60.75,29,96.23
CELL_78987,Erythrocyte,56.58,44,81.13
CELL_59589,Fibroblast,58.38,24,76.28
CELL_17412,Leukocyte,58.25,49,51.73
CELL_41933,Epithelial,107.67,28,86.6
CELL_82824,Leukocyte,5.26,17,76.47
CELL_93243,Stem Cell,40.86,30,82.89
CELL_36943,Myocyte,97.94,33,83.28
CELL_82144,Fibroblast,58.8,43,90.48
CELL_43369,Myocyte,78.41,37,62.7
CELL_18549,Erythrocyte,25.61,19,50.1
CELL_39475,Epithelial,88.93,35,59.94
CELL_79181,Epithelial,41.58,17,81.27
CELL_73252,Stem Cell,85.97,6,62.57
CELL_42969,Fibroblast,118.51,41,97.22
CELL_14904,Fibroblast,78.95,14,69.03
CELL_68267,Fibroblast,31.23,48,97.57
CELL_33890,Myocyte,58.77,12,71.49
CELL_29188,Myocyte,6.79,14,66.17
CELL_28016,Fibroblast,14.0,20,79.13
CELL_54088,Myocyte,66.86,9,76.16
CELL_42332,Neuron,117.51,49,74.37
CELL_72201,Leukocyte,68.48,14,97.99
CELL_47939,Epithelial,23.85,8,88.38
CELL_68177,Leukocyte,42.25,11,53.63
CELL_51347,Neuron,71.94,10,96.21
CELL_18428,Erythrocyte,81.07,13,83.82
CELL_17300,Leukocyte,27.03,32,85.59
CELL_26975,Neuron,86.17,13,93.53
CELL_86174,Stem Cell,20.72,9,74.11
CELL_95691,Neuron,83.43,18,95.82
CELL_33376,Neuron,98.48,43,54.98
CELL_25532,Neuron,115.0,10,57.67
CELL_82755,Epithelial,98.38,45,59.37
CELL_21745,Fibroblast,47.83,13,95.96
CELL_25070,Epithelial,25.37,24,94.63
CELL_74487,Fibroblast,63.85,46,87.31
CELL_19833,Myocyte,36.85,46,86.0
CELL_74575,Myocyte,112.55,34,69.78
CELL_78209,Leukocyte,112.08,14,94.86
CELL_49213,Epithelial,46.48,16,59.66
CELL_73705,Fibroblast,54.6,12,79.68
CELL_72962,Fibroblast,19.17,13,82.15
CELL_72670,Myocyte,115.61,17,81.5
CELL_17614,Erythrocyte,77.4,22,89.17
CELL_74309,Myocyte,6.28,30,84.04
CELL_88770,Fibroblast,91.74,28,95.26
CELL_80012,Leukocyte,119.39,38,94.25
CELL_27104,Myocyte,23.11,50,89.37
CELL_18161,Fibroblast,35.78,37,50.07
CELL_91117,Stem Cell,15.74,41,70.96
CELL_21566,Erythrocyte,76.02,11,68.15
CELL_41440,Fibroblast,40.27,50,97.18
CELL_63131,Fibroblast,102.84,11,90.44
CELL_30752,Myocyte,119.81,47,81.79
CELL_20383,Epithelial,16.63,39,76.75
CELL_50597,Erythrocyte,99.78,17,57.15
CELL_75686,Stem Cell,95.72,18,85.22
CELL_49945,Erythrocyte,58.65,42,80.3
CELL_18631,Myocyte,64.35,47,59.61
CELL_89313,Erythrocyte,98.89,6,56.29
CELL_10690,Erythrocyte,8.84,23,94.61
CELL_89570,Epithelial,109.78,24,50.08
CELL_54745,Neuron,46.98,9,83.92
CELL_12989,Leukocyte,36.74,19,68.99
CELL_52251,Stem Cell,35.39,34,95.14
CELL_87005,Epithelial,101.9,14,83.65
CELL_24409,Erythrocyte,16.19,43,68.24
CELL_24745,Leukocyte,42.43,21,73.12
CELL_21155,Neuron,112.65,8,79.75
CELL_16091,Stem Cell,7.58,44,72.6
CELL_29790,Leukocyte,41.42,36,81.78
CELL_68930,Stem Cell,30.23,30,77.55
CELL_61813,Neuron,45.05,48,99.38
CELL_25652,Myocyte,53.33,32,61.52
CELL_34175,Fibroblast,54.47,32,71.94
CELL_13005,Leukocyte,9.98,22,69.05
CELL_13055,Myocyte,64.26,17,97.08
CELL_98582,Leukocyte,18.21,12,65.8
CELL_78781,Myocyte,60.13,37,91.35
CELL_40046,Erythrocyte,77.21,49,71.9
CELL_71762,Stem Cell,117.25,34,57.26
CELL_92938,Myocyte,47.77,40,93.87
CELL_45492,Myocyte,37.1,23,73.84
CELL_84946,Myocyte,90.93,46,56.48
CELL_34012,Neuron,98.19,17,74.44
CELL_12244,Fibroblast,53.86,27,77.77
CELL_18304,Myocyte,105.38,10,90.53
CELL_55225,Stem Cell,72.76,33,81.83
CELL_44773,Neuron,72.99,45,66.99
CELL_52275,Neuron,92.51,27,92.61
CELL_93132,Stem Cell,58.1,27,79.37
CELL_79533,Neuron,9.79,49,52.9
CELL_16359,Leukocyte,107.84,45,52.6
CELL_85781,Neuron,108.94,36,74.98
CELL_62450,Neuron,14.7,19,76.22
CELL_40272,Neuron,21.2,43,55.54
CELL_85961,Neuron,83.83,35,98.74
CELL_47772,Neuron,88.6,30,83.93
CELL_18420,Erythrocyte,32.64,13,74.51
CELL_97350,Fibroblast,91.63,30,80.17
CELL_89546,Stem Cell,20.64,30,52.02
CELL_27713,Erythrocyte,30.02,43,72.11
CELL_81567,Erythrocyte,22.03,50,87.79
CELL_36384,Epithelial,34.96,22,54.9
CELL_80797,Stem Cell,87.14,15,59.75
CELL_32369,Epithelial,27.59,44,99.73
CELL_39914,Erythrocyte,97.61,20,94.97
CELL_57667,Epithelial,11.89,38,54.09
CELL_62037,Neuron,80.82,33,61.32
CELL_70694,Neuron,77.81,29,98.13
CELL_74866,Fibroblast,57.96,37,66.07
CELL_79804,Epithelial,115.68,13,57.34
CELL_67534,Neuron,17.55,47,67.06
CELL_46676,Myocyte,79.49,7,81.38
CELL_67210,Fibroblast,58.51,39,80.85
CELL_41051,Leukocyte,119.3,48,97.92
CELL_36843,Neuron,101.31,6,79.59
CELL_76337,Myocyte,101.85,33,53.99
CELL_75780,Epithelial,89.77,48,58.25
CELL_39290,Fibroblast,48.36,20,99.19
CELL_67300,Myocyte,114.36,31,63.75
CELL_74800,Epithelial,26.23,44,69.44
CELL_80552,Fibroblast,38.83,18,66.14
CELL_26223,Erythrocyte,79.56,11,76.41
CELL_33146,Leukocyte,35.74,48,80.25
CELL_23758,Stem Cell,65.09,28,58.77
CELL_65330,Stem Cell,21.44,12,64.27
CELL_81237,Myocyte,91.67,38,65.66
CELL_97206,Leukocyte,15.07,47,73.85
CELL_33981,Leukocyte,48.95,20,97.71
CELL_86007,Myocyte,28.62,25,83.6
CELL_68707,Neuron,38.39,32,87.84
CELL_76668,Neuron,66.95,16,87.15
CELL_89875,Myocyte,11.22,10,81.01
CELL_99452,Erythrocyte,103.35,19,59.87
CELL_59273,Erythrocyte,71.95,48,57.32
CELL_62903,Fibroblast,16.64,20,72.02
CELL_85531,Stem Cell,110.97,11,65.69
CELL_30358,Stem Cell,74.15,7,88.11
CELL_92885,Stem Cell,70.47,30,53.16
CELL_35174,Epithelial,18.19,42,64.83
CELL_22565,Neuron,95.52,43,90.66
CELL_46695,Fibroblast,78.72,22,88.31
CELL_73362,Neuron,112.4,5,83.04
CELL_89585,Stem Cell,42.01,20,88.51
CELL_72982,Fibroblast,75.93,49,87.46
CELL_99833,Myocyte,118.07,5,59.17
CELL_98007,Myocyte,108.14,15,59.86
CELL_40778,Myocyte,68.29,42,78.61
CELL_50894,Stem Cell,30.82,25,76.9
CELL_53984,Stem Cell,53.51,38,55.21
CELL_96712,Neuron,42.18,45,90.47
CELL_61300,Stem Cell,96.09,49,74.65
CELL_78954,Neuron,31.22,18,53.24
CELL_89194,Leukocyte,5.45,11,79.77
CELL_63498,Stem Cell,108.52,9,75.81
CELL_96791,Erythrocyte,105.95,36,94.57
CELL_45465,Fibroblast,61.26,40,88.05
CELL_39983,Stem Cell,58.08,11,58.24
CELL_58025,Erythrocyte,88.27,13,84.39
CELL_44728,Leukocyte,55.17,41,51.7
CELL_85936,Myocyte,31.35,18,77.0
CELL_63235,Neuron,59.29,44,97.16
CELL_92044,Epithelial,67.43,29,70.23
CELL_58462,Myocyte,59.65,8,89.2
CELL_54060,Neuron,50.35,44,90.66
CELL_86805,Erythrocyte,116.66,43,69.7
CELL_37013,Fibroblast,75.73,47,85.1
CELL_21291,Epithelial,105.37,24,72.8
CELL_23919,Erythrocyte,70.11,23,86.26
CELL_90487,Epithelial,42.03,26,93.03
CELL_32916,Epithelial,65.79,12,86.03
CELL_56165,Fibroblast,22.23,37,76.53
CELL_45478,Neuron,45.27,17,64.41
CELL_15952,Erythrocyte,25.7,28,61.89
CELL_98841,Stem Cell,69.78,36,55.76
CELL_75834,Epithelial,108.4,21,94.67
CELL_90746,Neuron,26.47,18,60.36
CELL_39519,Myocyte,105.58,50,72.12
CELL_43720,Neuron,77.26,32,63.31
CELL_18387,Epithelial,6.73,5,73.23
CELL_28609,Fibroblast,36.22,11,97.25
CELL_94267,Leukocyte,51.53,24,92.6
CELL_17703,Fibroblast,75.99,41,64.82
CELL_57365,Stem Cell,92.02,28,59.72
CELL_94870,Leukocyte,9.72,42,83.35
CELL_22966,Erythrocyte,45.91,19,70.56
CELL_10944,Epithelial,13.39,31,77.13
CELL_84270,Stem Cell,13.25,42,56.68
CELL_59777,Fibroblast,54.11,39,56.85
CELL_85005,Stem Cell,97.1,7,73.32
CELL_55545,Erythrocyte,53.7,36,95.58
CELL_89428,Myocyte,62.91,43,51.3
CELL_70963,Stem Cell,33.35,48,89.04
CELL_44140,Myocyte,83.84,6,50.3
CELL_17140,Myocyte,78.7,43,60.57
CELL_75873,Myocyte,52.46,16,52.07
CELL_85210,Neuron,14.52,50,99.31
CELL_99984,Epithelial,59.72,40,73.58
CELL_18850,Neuron,86.19,16,69.18
CELL_12151,Stem Cell,17.87,42,52.72
CELL_61566,Neuron,67.22,26,50.5
CELL_32632,Erythrocyte,94.55,13,50.86
CELL_76657,Epithelial,105.0,28,80.6
CELL_72761,Fibroblast,23.17,42,88.2
CELL_52597,Leukocyte,50.61,20,57.99
CELL_62495,Fibroblast,20.22,29,73.99
CELL_40850,Epithelial,55.91,50,99.45
CELL_64420,Fibroblast,27.27,44,86.01
CELL_83096,Neuron,12.88,11,64.13
CELL_33115,Erythrocyte,20.76,11,83.73
CELL_65398,Fibroblast,96.76,37,50.52
CELL_17435,Stem Cell,94.36,11,94.47
CELL_72842,Myocyte,110.39,35,98.01
CELL_52297,Neuron,12.13,22,92.15
CELL_21849,Leukocyte,30.11,50,90.72
CELL_48786,Myocyte,69.73,21,71.96
CELL_17920,Epithelial,73.58,13,52.22
CELL_41595,Erythrocyte,10.42,20,51.76
CELL_65540,Leukocyte,67.05,32,68.04
CELL_92393,Myocyte,29.61,15,68.08
CELL_70964,Fibroblast,69.36,6,89.98
CELL_66907,Erythrocyte,50.64,13,94.0
CELL_62704,Erythrocyte,32.18,33,64.28
CELL_25583,Erythrocyte,115.86,47,92.41
CELL_54547,Fibroblast,112.28,21,81.91
CELL_55692,Leukocyte,15.87,31,70.55
CELL_67891,Fibroblast,11.01,33,71.42
CELL_70289,Stem Cell,67.26,27,76.65
CELL_24946,Fibroblast,97.23,29,59.87
CELL_52661,Stem Cell,34.78,32,57.86
CELL_87250,Neuron,56.32,22,84.61
CELL_86678,Stem Cell,44.87,29,50.32
CELL_83030,Neuron,35.8,43,62.44
CELL_99647,Stem Cell,97.45,50,77.09
CELL_91796,Fibroblast,98.68,9,99.07
CELL_65531,Stem Cell,82.28,32,63.37
CELL_90028,Leukocyte,39.32,6,55.32
CELL_32703,Stem Cell,99.98,46,79.82
CELL_82693,Erythrocyte,60.47,8,56.32
CELL_85221,Neuron,29.18,22,87.53
CELL_30211,Myocyte,8.42,7,82.07
CELL_66540,Epithelial,60.89,11,79.33
CELL_89853,Fibroblast,28.18,25,53.87
CELL_41733,Stem Cell,82.5,16,92.65
CELL_99964,Stem Cell,87.15,23,64.66
CELL_99132,Neuron,84.72,30,71.86
CELL_66514,Erythrocyte,62.31,49,61.42
CELL_32268,Stem Cell,96.3,5,60.17
CELL_93380,Erythrocyte,43.55,47,58.3
CELL_25051,Erythrocyte,80.04,40,82.46
CELL_36071,Epithelial,44.38,6,58.85
CELL_11529,Myocyte,13.89,23,94.17
CELL_17976,Erythrocyte,71.86,43,94.93
CELL_23161,Stem Cell,99.39,13,88.08
CELL_77972,Fibroblast,44.95,27,60.56
CELL_79087,Erythrocyte,23.95,41,70.81
CELL_46091,Leukocyte,52.79,29,78.71
CELL_50862,Epithelial,65.28,47,76.94
CELL_56413,Erythrocyte,42.71,48,50.58
CELL_58988,Erythrocyte,70.27,20,63.2
CELL_60078,Fibroblast,15.91,37,66.89
CELL_46053,Neuron,30.18,13,56.59
CELL_91106,Epithelial,27.05,6,71.23
CELL_79362,Myocyte,20.84,17,73.15
CELL_56449,Epithelial,68.12,24,90.97
CELL_24957,Leukocyte,29.3,39,75.4
CELL_59922,Erythrocyte,98.52,19,72.81
CELL_74908,Fibroblast,6.65,25,67.11
CELL_59925,Epithelial,78.82,7,84.46
CELL_77821,Myocyte,41.14,23,62.03
CELL_48708,Epithelial,58.76,17,70.59
CELL_28255,Stem Cell,82.07,45,79.21
CELL_95529,Erythrocyte,55.84,38,75.14
CELL_47917,Erythrocyte,36.96,29,97.57
CELL_80917,Epithelial,80.86,31,91.92
CELL_52378,Fibroblast,9.92,13,76.42
CELL_52056,Myocyte,85.06,46,53.13
CELL_78316,Myocyte,114.66,32,80.28
CELL_44456,Fibroblast,84.21,42,52.9
CELL_21965,Erythrocyte,9.85,25,90.84
CELL_93439,Erythrocyte,108.99,7,81.82
CELL_11404,Leukocyte,21.45,11,97.37
CELL_93536,Leukocyte,13.86,17,52.91
CELL_30932,Leukocyte,47.05,45,68.39
CELL_36069,Neuron,66.63,18,52.46
CELL_36648,Stem Cell,7.57,42,96.82
CELL_84922,Neuron,73.17,6,83.95
CELL_68451,Epithelial,48.5,8,55.1
CELL_94042,Neuron,84.97,43,69.05
CELL_92198,Myocyte,30.6,41,97.08
CELL_47218,Myocyte,7.95,26,82.24
CELL_69869,Leukocyte,37.9,17,93.29
CELL_78886,Epithelial,57.36,40,84.78
CELL_45075,Myocyte,73.63,28,80.69
CELL_68711,Epithelial,36.19,14,71.66
CELL_43933,Epithelial,81.95,33,56.69
CELL_54968,Epithelial,115.42,19,94.92
CELL_47401,Myocyte,61.1,6,75.24
CELL_21988,Fibroblast,35.37,34,69.01
CELL_55648,Myocyte,83.0,47,66.35
CELL_56557,Epithelial,90.06,33,73.81
CELL_40823,Stem Cell,57.17,34,53.69
CELL_42847,Epithelial,99.49,23,87.54
CELL_47260,Stem Cell,5.35,49,56.84
CELL_44405,Stem Cell,81.69,49,97.33
CELL_46185,Leukocyte,115.22,12,93.77
CELL_12321,Erythrocyte,81.3,15,98.27
CELL_37223,Leukocyte,68.11,33,93.05
CELL_98200,Stem Cell,118.6,35,86.74
CELL_38150,Leukocyte,36.33,22,72.51
CELL_52177,Neuron,75.38,42,63.01
CELL_91886,Erythrocyte,20.78,48,69.99
CELL_56905,Epithelial,6.16,13,66.78
CELL_48003,Neuron,64.04,29,71.34
CELL_33716,Neuron,5.76,36,55.54
CELL_18245,Stem Cell,17.12,19,68.72
CELL_88947,Stem Cell,70.16,45,63.09
CELL_75209,Neuron,71.23,38,87.18
CELL_31165,Stem Cell,54.53,20,81.77
CELL_54494,Leukocyte,56.77,31,54.12
CELL_64892,Epithelial,76.84,41,70.57
CELL_25551,Myocyte,88.87,12,60.78
CELL_21011,Epithelial,82.61,24,88.01
CELL_46367,Leukocyte,104.45,39,64.1
CELL_74518,Epithelial,63.89,49,55.58
CELL_69636,Stem Cell,114.71,39,77.62
CELL_49453,Neuron,24.24,32,97.71
CELL_31789,Fibroblast,29.93,47,58.27
CELL_27572,Fibroblast,30.36,34,80.7
CELL_90870,Neuron,14.94,49,75.79
CELL_95087,Leukocyte,13.07,28,85.51
CELL_17171,Stem Cell,110.45,25,94.02
CELL_19472,Leukocyte,36.28,31,76.4
CELL_33526,Myocyte,67.97,25,95.12
CELL_65132,Neuron,92.93,19,93.55
CELL_22468,Epithelial,107.76,32,56.22
CELL_16238,Neuron,100.81,8,99.65
CELL_83682,Leukocyte,71.93,12,99.91
CELL_49188,Fibroblast,85.49,45,59.17
CELL_64683,Myocyte,16.16,40,56.69
CELL_94342,Erythrocyte,92.06,30,96.19
CELL_35082,Leukocyte,93.58,47,57.12
CELL_96362,Neuron,65.57,31,71.63
CELL_29525,Myocyte,58.41,48,60.13
CELL_80628,Neuron,81.17,28,96.63
CELL_49400,Myocyte,28.34,24,71.3
CELL_65636,Erythrocyte,72.02,39,59.11
CELL_51827,Epithelial,82.66,42,93.51
CELL_97530,Erythrocyte,86.17,49,83.41
CELL_42298,Fibroblast,48.44,9,81.69
CELL_69424,Myocyte,99.2,12,50.7
CELL_64892,Leukocyte,8.43,43,82.85
CELL_39538,Fibroblast,40.22,20,89.46
CELL_67143,Fibroblast,89.97,8,95.68
CELL_82103,Stem Cell,31.73,25,93.71
CELL_91107,Leukocyte,76.04,27,64.84
CELL_82378,Myocyte,30.58,5,60.73
CELL_84002,Stem Cell,107.64,43,76.5
CELL_55120,Epithelial,23.43,28,80.09
CELL_56398,Stem Cell,34.34,36,57.25
CELL_31870,Erythrocyte,29.89,39,67.16
CELL_43987,Myocyte,41.99,22,82.47
CELL_31246,Fibroblast,7.56,14,81.39
CELL_99154,Stem Cell,87.85,25,75.2
CELL_92547,Leukocyte,6.02,45,50.41
CELL_60895,Fibroblast,48.29,19,55.13
CELL_27887,Erythrocyte,47.97,34,68.0
CELL_57621,Epithelial,51.83,26,71.21
CELL_84052,Stem Cell,98.88,22,57.27
CELL_21511,Erythrocyte,8.28,17,58.98
CELL_31971,Fibroblast,99.43,18,70.0
CELL_22833,Stem Cell,71.44,46,54.49
CELL_27699,Myocyte,104.28,15,63.42
CELL_90673,Fibroblast,60.13,48,73.37
CELL_90909,Myocyte,14.25,43,79.86
CELL_24267,Stem Cell,11.61,28,68.17
CELL_56667,Erythrocyte,100.27,28,95.66
CELL_48097,Leukocyte,60.8,23,90.91
CELL_41067,Leukocyte,97.52,34,60.47
CELL_23449,Myocyte,106.05,34,72.57
CELL_38923,Myocyte,75.76,23,96.94
CELL_44333,Myocyte,61.05,38,92.14
CELL_45967,Erythrocyte,50.54,33,67.28
CELL_60390,Stem Cell,92.22,38,84.73
CELL_12790,Leukocyte,44.67,47,91.38
CELL_13378,Epithelial,14.44,41,50.55
CELL_77756,Myocyte,73.55,11,86.34
CELL_67073,Stem Cell,19.58,26,58.18
CELL_68277,Leukocyte,65.14,30,98.12
CELL_19145,Myocyte,59.36,17,70.93
CELL_66280,Stem Cell,68.86,23,84.37
CELL_94679,Leukocyte,49.25,37,98.81
CELL_32944,Myocyte,78.71,50,68.38
CELL_42870,Fibroblast,115.45,35,77.57
CELL_40640,Erythrocyte,93.14,23,87.77
CELL_23647,Stem Cell,92.8,6,62.49
CELL_32735,Erythrocyte,93.04,42,89.45
CELL_77434,Neuron,35.96,36,93.98
CELL_46848,Stem Cell,93.27,6,61.61
CELL_11193,Myocyte,94.93,38,82.88
CELL_78603,Epithelial,32.74,5,96.81
CELL_90809,Neuron,112.03,21,59.06
CELL_59562,Myocyte,30.21,33,51.65
CELL_31434,Fibroblast,94.25,17,78.48
CELL_89504,Epithelial,118.19,24,86.89
CELL_37144,Myocyte,24.86,43,81.13
CELL_86807,Myocyte,24.47,25,91.02
CELL_41526,Stem Cell,56.23,12,66.53
CELL_84686,Epithelial,73.66,6,85.01
CELL_54585,Myocyte,94.58,25,88.7
CELL_27769,Erythrocyte,22.27,37,99.35
CELL_38202,Neuron,19.85,5,67.49
CELL_16874,Erythrocyte,102.37,47,76.35
CELL_83427,Neuron,65.19,44,62.16
CELL_24271,Leukocyte,22.84,22,68.81
CELL_70099,Erythrocyte,56.35,15,58.01
CELL_64143,Stem Cell,48.48,5,85.09
CELL_35728,Fibroblast,44.52,33,56.88
CELL_77128,Leukocyte,14.41,43,57.78
CELL_14781,Stem Cell,11.89,7,95.86
CELL_48310,Fibroblast,83.88,12,71.67
CELL_57798,Erythrocyte,59.34,44,71.3
CELL_16017,Myocyte,16.75,31,61.18
CELL_53786,Erythrocyte,37.53,23,65.88
CELL_87394,Fibroblast,15.03,29,80.64
CELL_36791,Myocyte,12.94,14,99.03
CELL_27208,Epithelial,17.23,15,53.87
CELL_68538,Leukocyte,94.92,46,85.65
CELL_79157,Erythrocyte,43.18,22,97.65
CELL_41263,Leukocyte,115.3,25,84.94
CELL_99798,Myocyte,88.72,23,82.15
CELL_18800,Fibroblast,57.24,40,61.27
CELL_72749,Epithelial,11.7,39,50.32
CELL_82982,Epithelial,35.2,37,73.36
CELL_64320,Erythrocyte,8.25,17,65.55
CELL_54268,Myocyte,19.57,47,65.74
CELL_85232,Erythrocyte,47.76,16,81.54
CELL_64716,Myocyte,105.26,20,57.94
CELL_81670,Erythrocyte,107.13,35,76.44
CELL_56335,Fibroblast,97.03,32,83.58
CELL_34328,Fibroblast,86.05,46,88.33
CELL_46547,Leukocyte,15.88,12,93.48
CELL_60170,Epithelial,22.16,25,98.71
CELL_34267,Erythrocyte,43.88,9,71.24
CELL_99976,Leukocyte,63.42,31,76.97
CELL_65157,Myocyte,60.47,29,59.21
CELL_82580,Epithelial,43.9,38,87.35
CELL_56540,Stem Cell,31.7,40,86.37
CELL_50741,Epithelial,110.88,30,85.66
CELL_27866,Erythrocyte,97.29,31,80.57
CELL_24986,Neuron,62.27,42,57.77
CELL_23427,Stem Cell,23.06,44,97.65
CELL_56575,Leukocyte,6.55,11,73.23
CELL_47531,Myocyte,100.6,40,93.33
CELL_45698,Stem Cell,18.25,12,51.67
CELL_69242,Myocyte,57.08,21,98.95
CELL_42346,Erythrocyte,78.27,10,62.66
CELL_36990,Erythrocyte,93.47,43,98.57
CELL_82333,Neuron,119.64,50,68.94
CELL_65723,Fibroblast,63.27,7,74.43
CELL_80068,Stem Cell,48.35,8,84.69
CELL_78032,Myocyte,118.06,35,73.09
CELL_10549,Leukocyte,84.87,36,75.24
CELL_88394,Stem Cell,67.96,47,59.68
CELL_28628,Fibroblast,12.39,43,56.05
CELL_68808,Stem Cell,102.37,33,79.64
CELL_90015,Erythrocyte,78.77,31,92.88
CELL_42186,Myocyte,37.62,43,87.88
CELL_94190,Leukocyte,71.78,35,81.31
CELL_31066,Myocyte,56.18,23,85.04
CELL_37877,Myocyte,27.98,16,62.31
CELL_85792,Leukocyte,98.81,41,98.87
CELL_97935,Fibroblast,89.09,46,79.98
CELL_24363,Erythrocyte,77.49,23,88.0
CELL_83930,Myocyte,45.79,36,93.17
CELL_57220,Epithelial,34.0,39,72.83
CELL_10499,Leukocyte,29.83,37,98.92
CELL_42696,Erythrocyte,7.53,35,95.95
CELL_89875,Myocyte,30.83,36,78.18
CELL_74591,Fibroblast,47.89,50,68.38
CELL_66031,Myocyte,87.12,13,73.59
CELL_27785,Neuron,77.02,11,57.94
CELL_22649,Fibroblast,46.33,23,66.92
CELL_18795,Neuron,117.89,45,66.48
CELL_68561,Neuron,27.58,15,60.29
CELL_18060,Neuron,18.49,23,76.61
CELL_54711,Stem Cell,39.92,24,77.83
CELL_71109,Myocyte,72.71,36,95.08
CELL_18969,Fibroblast,52.39,28,77.64
CELL_15678,Neuron,38.1,31,69.57
CELL_56009,Erythrocyte,7.18,23,84.02
CELL_35256,Leukocyte,115.33,17,67.82
CELL_19929,Leukocyte,104.65,50,54.04
CELL_34418,Neuron,84.26,24,79.52
CELL_84869,Myocyte,75.33,34,58.46
CELL_28936,Neuron,95.66,10,78.13
CELL_74352,Epithelial,64.32,9,85.28
CELL_94087,Leukocyte,82.46,37,99.43
CELL_52265,Fibroblast,90.92,31,50.4
CELL_27197,Stem Cell,116.14,48,97.16
CELL_78293,Stem Cell,72.15,25,50.97
CELL_42045,Stem Cell,86.79,16,54.61
CELL_19910,Epithelial,111.23,20,60.08
CELL_76535,Stem Cell,41.66,47,56.75
CELL_60664,Leukocyte,114.5,5,54.44
CELL_62907,Myocyte,73.47,28,97.51
CELL_82674,Epithelial,95.06,28,87.43
CELL_32458,Myocyte,45.7,21,50.07
CELL_99479,Myocyte,44.99,22,60.56
CELL_74498,Stem Cell,82.01,11,94.24
CELL_49566,Stem Cell,55.75,43,78.27
CELL_23820,Stem Cell,77.88,15,82.65
CELL_90237,Neuron,83.51,17,98.42
CELL_24751,Leukocyte,63.52,10,71.72
CELL_79089,Leukocyte,15.55,20,80.52
CELL_43840,Leukocyte,62.63,5,63.34
CELL_46266,Epithelial,117.23,29,72.8
CELL_70116,Leukocyte,68.27,47,95.34
CELL_17654,Leukocyte,107.81,16,78.85
CELL_24040,Neuron,94.75,50,58.63
CELL_90514,Neuron,26.22,7,55.6
CELL_28352,Myocyte,22.0,19,80.4
CELL_71084,Erythrocyte,110.83,20,60.03
CELL_42168,Myocyte,70.48,31,85.78
CELL_87176,Fibroblast,12.24,16,91.56
CELL_44440,Stem Cell,44.88,10,95.7
CELL_12680,Epithelial,63.24,47,84.57
CELL_21010,Fibroblast,50.15,27,63.55
CELL_34872,Neuron,77.83,22,90.22
CELL_13790,Fibroblast,60.34,41,87.84
CELL_33810,Neuron,11.18,28,71.97
CELL_15509,Erythrocyte,113.42,23,70.33
CELL_92629,Neuron,82.34,20,60.04
CELL_28786,Erythrocyte,61.18,16,57.76
CELL_39892,Erythrocyte,11.05,18,81.44
CELL_78873,Neuron,35.4,48,60.22
CELL_86017,Fibroblast,54.32,47,55.91
CELL_84004,Erythrocyte,15.66,28,77.3
CELL_85112,Myocyte,103.43,19,83.07
CELL_10639,Leukocyte,118.05,5,57.15
CELL_88802,Leukocyte,59.23,26,54.73
CELL_71497,Fibroblast,58.62,34,52.23
CELL_17301,Erythrocyte,88.7,24,54.54
CELL_30258,Myocyte,84.42,25,72.3
CELL_88308,Epithelial,10.81,6,96.87
CELL_16886,Stem Cell,66.49,29,75.85
CELL_52667,Erythrocyte,10.7,15,95.56
CELL_72175,Epithelial,78.1,26,95.76
CELL_41064,Myocyte,7.7,26,76.97
CELL_38626,Epithelial,19.44,10,69.98
CELL_13047,Epithelial,43.65,23,83.98
CELL_68869,Leukocyte,73.3,20,95.17
CELL_25952,Erythrocyte,102.44,11,66.06
CELL_26886,Leukocyte,118.38,10,80.58
CELL_15905,Erythrocyte,112.5,47,57.93
CELL_25459,Epithelial,59.41,48,99.85
CELL_37691,Fibroblast,48.27,40,62.55
CELL_41643,Leukocyte,40.41,28,67.63
CELL_25643,Neuron,91.18,26,56.34
CELL_24435,Myocyte,50.18,49,60.05
CELL_37722,Fibroblast,104.94,36,62.47
CELL_20140,Fibroblast,27.78,8,70.51
CELL_74028,Fibroblast,58.46,17,76.41
CELL_54110,Leukocyte,26.29,25,80.04
CELL_38600,Neuron,79.07,49,68.03
CELL_69211,Myocyte,117.52,7,77.58
CELL_42689,Myocyte,118.98,29,63.92
CELL_62949,Stem Cell,6.61,18,73.01
CELL_81678,Epithelial,49.32,39,80.69
CELL_66274,Myocyte,54.71,13,64.73
CELL_45392,Leukocyte,20.0,13,79.84
CELL_66259,Stem Cell,97.03,41,97.88
CELL_98120,Stem Cell,31.5,49,70.73
CELL_55711,Stem Cell,117.05,17,79.35
CELL_45535,Fibroblast,105.66,37,55.76
CELL_16906,Myocyte,88.49,5,53.84
CELL_40514,Fibroblast,115.63,21,78.47
CELL_73219,Neuron,76.06,25,99.86
CELL_89433,Erythrocyte,55.84,43,63.55
CELL_24323,Fibroblast,97.49,15,68.53
CELL_15057,Myocyte,42.39,48,83.43
CELL_73977,Neuron,24.76,6,86.91
CELL_77495,Epithelial,91.19,9,55.89
CELL_87526,Neuron,36.16,33,69.9
CELL_53597,Erythrocyte,102.28,35,73.55
CELL_15795,Stem Cell,13.11,8,60.94
CELL_65843,Neuron,80.19,48,98.61
CELL_92420,Leukocyte,31.5,22,64.81
CELL_90668,Erythrocyte,51.95,41,90.28
CELL_24528,Stem Cell,113.07,8,56.53
CELL_18714,Epithelial,51.95,34,83.16
CELL_90014,Myocyte,66.26,47,97.48
CELL_62256,Stem Cell,86.58,23,87.68
CELL_18062,Leukocyte,17.65,20,77.27
CELL_54585,Erythrocyte,36.29,11,76.39
CELL_18930,Fibroblast,82.91,42,87.93
CELL_94036,Myocyte,8.68,16,53.52
CELL_10555,Myocyte,78.53,33,97.04
CELL_19758,Myocyte,82.98,37,67.82
CELL_66285,Neuron,50.02,27,60.51
CELL_45081,Erythrocyte,34.98,33,72.25
CELL_52661,Fibroblast,52.4,12,61.77
CELL_31585,Neuron,11.79,14,87.39
CELL_87785,Leukocyte,114.98,22,85.69
CELL_98385,Epithelial,43.52,34,62.2
CELL_78167,Fibroblast,113.64,12,83.1
CELL_18171,Epithelial,83.24,18,70.61
CELL_22688,Leukocyte,30.07,29,94.86
CELL_23071,Epithelial,90.53,32,81.26
CELL_88429,Leukocyte,98.02,6,80.72
CELL_71938,Leukocyte,21.82,19,50.28
CELL_62856,Leukocyte,69.41,37,87.47
CELL_31785,Leukocyte,89.69,14,77.45
CELL_12397,Erythrocyte,113.28,29,79.3
CELL_27944,Fibroblast,9.24,27,78.16
CELL_38309,Neuron,100.86,28,51.22
CELL_10899,Leukocyte,56.7,12,57.01
CELL_19485,Myocyte,115.95,19,60.85
CELL_41054,Erythrocyte,23.42,15,59.4
CELL_64927,Stem Cell,75.1,42,60.35
CELL_72911,Neuron,23.58,44,89.57
CELL_62081,Fibroblast,73.51,26,54.38
CELL_75869,Fibroblast,16.36,48,56.98
CELL_45703,Fibroblast,14.19,40,67.6
CELL_55385,Myocyte,82.51,16,84.95
CELL_55356,Erythrocyte,45.83,42,75.31
CELL_97591,Fibroblast,20.19,21,93.24
CELL_86286,Epithelial,119.03,24,52.25
CELL_81702,Epithelial,109.37,42,75.5
CELL_71581,Erythrocyte,105.93,5,75.28
CELL_39167,Neuron,29.2,9,63.99
CELL_35036,Stem Cell,18.31,14,86.4
CELL_16182,Neuron,47.35,40,79.42
CELL_44974,Epithelial,45.23,31,93.21
CELL_48344,Stem Cell,71.97,14,92.69
CELL_37789,Erythrocyte,109.02,38,94.06
CELL_49708,Leukocyte,30.58,48,57.74
CELL_35287,Neuron,102.48,6,53.34
CELL_42018,Neuron,33.22,34,56.93
CELL_14070,Fibroblast,20.99,47,85.73
CELL_22176,Fibroblast,119.79,9,51.09
CELL_44307,Leukocyte,66.42,32,84.95
CELL_57688,Leukocyte,22.84,8,53.03
CELL_11316,Erythrocyte,110.91,32,59.62
CELL_99327,Leukocyte,48.37,40,63.15
CELL_14090,Erythrocyte,102.44,5,87.23
CELL_77775,Myocyte,107.31,15,61.73
CELL_95809,Fibroblast,101.85,45,55.39
CELL_94927,Myocyte,99.37,13,72.81
CELL_17765,Erythrocyte,41.96,39,79.23
CELL_62111,Myocyte,45.32,25,90.64
CELL_54278,Stem Cell,80.55,28,58.03
CELL_34565,Fibroblast,104.06,47,50.92
CELL_46381,Epithelial,25.12,19,90.61
CELL_63565,Myocyte,10.25,28,55.57
CELL_45521,Erythrocyte,97.2,9,51.9
CELL_27001,Epithelial,71.53,40,55.56
CELL_99587,Stem Cell,92.28,40,62.33
CELL_40294,Erythrocyte,16.24,22,80.79
CELL_41201,Neuron,37.09,50,50.57
CELL_32047,Erythrocyte,68.8,32,73.97
CELL_32178,Erythrocyte,23.62,37,76.01
CELL_58079,Neuron,25.88,49,71.27
CELL_23312,Epithelial,53.76,33,83.46
CELL_53719,Erythrocyte,63.59,37,72.55
CELL_20916,Epithelial,90.8,20,85.55
CELL_30204,Stem Cell,83.68,12,95.95
CELL_88146,Stem Cell,59.49,22,66.59
CELL_48699,Myocyte,83.95,34,83.15
CELL_49126,Stem Cell,73.69,45,85.49
CELL_79565,Erythrocyte,80.62,29,94.23
CELL_96136,Neuron,21.12,25,70.94
CELL_17540,Epithelial,41.91,12,66.74
CELL_23684,Myocyte,93.16,26,52.24
CELL_98368,Erythrocyte,88.66,50,88.7
CELL_83693,Erythrocyte,40.97,50,69.68
CELL_99688,Leukocyte,81.25,11,53.72
CELL_61694,Neuron,79.1,15,70.91
CELL_55711,Neuron,45.96,28,82.68
CELL_94870,Neuron,70.42,45,94.93
CELL_57356,Myocyte,59.2,19,75.07
CELL_20353,Neuron,48.65,21,67.94
CELL_74871,Myocyte,6.85,22,77.14
CELL_48405,Stem Cell,89.8,8,93.63
CELL_73026,Myocyte,51.63,29,50.3
CELL_12849,Fibroblast,61.36,12,82.9
CELL_58585,Stem Cell,111.9,42,54.25
CELL_83127,Fibroblast,91.38,47,55.25
CELL_84201,Myocyte,22.54,21,62.83
CELL_19012,Epithelial,18.22,15,85.98
CELL_45661,Epithelial,47.45,48,59.53
CELL_45343,Myocyte,114.78,11,83.38
CELL_22962,Fibroblast,78.92,44,87.47
CELL_26634,Fibroblast,15.81,5,99.23
CELL_39427,Stem Cell,104.12,27,74.95
CELL_97977,Erythrocyte,33.3,45,83.38
CELL_69448,Myocyte,69.26,15,95.84
CELL_77989,Myocyte,15.5,34,59.87
CELL_19283,Stem Cell,17.46,26,70.96
CELL_94410,Leukocyte,80.15,11,52.4
CELL_37855,Stem Cell,42.67,11,84.97
CELL_70028,Epithelial,76.28,42,97.8
CELL_67193,Myocyte,53.94,14,59.76
CELL_39694,Stem Cell,38.84,30,64.7
CELL_76064,Leukocyte,43.66,30,93.27
CELL_20954,Fibroblast,63.86,30,60.16
CELL_91842,Leukocyte,113.22,6,91.99
CELL_43441,Fibroblast,71.54,38,83.13
CELL_40885,Fibroblast,46.28,32,95.08
CELL_36468,Fibroblast,8.35,36,66.01
CELL_21477,Fibroblast,72.82,42,70.26
CELL_49852,Leukocyte,48.24,30,66.5
CELL_52536,Fibroblast,31.23,6,62.6
CELL_33812,Erythrocyte,73.68,26,90.29
CELL_40491,Erythrocyte,92.77,30,83.38
CELL_60801,Myocyte,116.91,23,80.67
CELL_20516,Stem Cell,58.69,37,71.03
CELL_88009,Myocyte,62.86,19,75.11
CELL_89599,Fibroblast,18.84,17,97.19
CELL_31945,Leukocyte,78.38,47,59.3
CELL_37481,Leukocyte,36.09,12,57.74
CELL_82185,Stem Cell,68.23,13,64.39
CELL_29757,Fibroblast,83.09,19,81.3
CELL_65342,Stem Cell,26.55,14,71.54
CELL_65856,Neuron,95.5,41,79.12
CELL_40502,Fibroblast,75.61,19,59.68
CELL_98534,Leukocyte,5.99,50,67.38
CELL_56002,Neuron,19.23,16,96.14
CELL_79698,Stem Cell,47.6,50,98.85
CELL_66000,Leukocyte,113.64,42,59.83
CELL_78005,Leukocyte,88.98,6,87.66
CELL_86287,Myocyte,31.65,11,66.94
CELL_43542,Myocyte,116.23,35,74.67
CELL_23365,Neuron,44.28,16,93.87
CELL_64060,Stem Cell,92.79,48,57.53
CELL_89843,Fibroblast,103.6,17,54.38
CELL_49576,Stem Cell,52.36,35,68.3
CELL_56737,Erythrocyte,73.41,33,90.58
CELL_78044,Fibroblast,28.54,13,73.95
CELL_82468,Myocyte,71.66,26,75.34
CELL_22671,Stem Cell,108.65,44,89.21
CELL_17619,Stem Cell,80.41,33,62.52
CELL_11688,Fibroblast,78.96,45,56.85
CELL_61020,Stem Cell,20.46,12,96.2
CELL_13109,Neuron,29.96,8,67.44
CELL_81130,Fibroblast,119.98,12,91.35
CELL_37731,Erythrocyte,11.15,15,59.83
CELL_81128,Leukocyte,99.82,49,67.79
CELL_58019,Erythrocyte,88.35,10,96.04
CELL_93918,Erythrocyte,44.85,32,75.95
CELL_57369,Stem Cell,30.62,43,88.99
CELL_56186,Leukocyte,61.15,22,56.36
CELL_93500,Erythrocyte,59.36,8,58.7
CELL_62448,Epithelial,19.94,48,58.58
CELL_14658,Leukocyte,66.21,23,90.96
CELL_43348,Fibroblast,118.38,5,55.66
CELL_41152,Leukocyte,119.07,31,74.79
CELL_34470,Leukocyte,38.9,16,57.2
CELL_17040,Stem Cell,39.82,24,88.1
CELL_45017,Epithelial,51.71,44,93.2
CELL_54567,Fibroblast,112.07,40,79.28
CELL_33544,Erythrocyte,39.89,33,76.56
CELL_38859,Neuron,30.43,45,54.74
CELL_38379,Fibroblast,17.93,12,87.43
CELL_59408,Myocyte,55.32,13,83.24
CELL_87213,Epithelial,80.28,6,69.32
CELL_63890,Neuron,92.98,11,61.51
CELL_23289,Epithelial,67.46,39,76.03
CELL_32795,Neuron,26.54,20,84.56
CELL_62670,Myocyte,78.32,37,76.4
CELL_31265,Myocyte,115.74,9,71.49
CELL_67808,Epithelial,7.73,24,54.8
CELL_49717,Neuron,16.32,9,97.49
CELL_90714,Leukocyte,49.01,8,79.54
CELL_95566,Leukocyte,11.58,16,71.29
CELL_95878,Erythrocyte,109.28,46,50.79
CELL_81076,Stem Cell,113.42,27,52.16
CELL_57563,Stem Cell,60.76,29,54.95
CELL_21039,Stem Cell,117.67,24,76.95
CELL_74098,Myocyte,108.27,34,80.51
CELL_52370,Myocyte,28.76,7,50.14
CELL_13703,Erythrocyte,62.21,50,64.76
CELL_87621,Stem Cell,10.64,5,62.64
CELL_18206,Leukocyte,68.06,11,81.87
CELL_95086,Stem Cell,92.18,25,98.37
CELL_57216,Erythrocyte,93.96,17,76.73
CELL_87635,Myocyte,94.22,43,57.5
CELL_15806,Erythrocyte,114.83,36,59.4
CELL_88899,Erythrocyte,27.98,44,69.94
CELL_93278,Leukocyte,117.67,21,95.59
CELL_64612,Myocyte,73.85,22,63.45
CELL_48786,Stem Cell,70.91,16,53.31
CELL_87490,Epithelial,27.39,28,58.67
CELL_80303,Stem Cell,65.43,42,76.4
CELL_93678,Epithelial,83.69,6,79.11
CELL_74771,Stem Cell,117.0,6,59.62
CELL_82305,Stem Cell,69.34,46,83.27
CELL_34612,Leukocyte,10.4,30,56.11
CELL_50976,Stem Cell,32.21,20,97.41
CELL_16778,Epithelial,10.53,9,71.3
CELL_13395,Fibroblast,82.75,43,77.52
CELL_64476,Fibroblast,107.9,25,55.08
CELL_18497,Fibroblast,14.92,41,54.82
CELL_95940,Epithelial,73.47,28,74.68
CELL_55761,Leukocyte,41.69,25,65.78
CELL_60116,Leukocyte,117.07,50,52.51
CELL_87577,Epithelial,30.7,23,50.38
CELL_90591,Fibroblast,60.5,10,71.84
CELL_29158,Neuron,85.2,44,79.03
CELL_31842,Neuron,92.08,25,78.76
CELL_30940,Neuron,31.99,15,86.86
CELL_64003,Erythrocyte,82.0,27,50.83
CELL_54956,Erythrocyte,29.32,26,66.62
CELL_51385,Stem Cell,10.12,48,83.42
CELL_93326,Epithelial,113.94,20,80.23
CELL_53472,Fibroblast,44.92,47,69.43
CELL_77475,Epithelial,95.3,20,59.88
CELL_86003,Stem Cell,64.37,25,88.64
CELL_53959,Erythrocyte,88.21,32,82.63
CELL_58556,Leukocyte,91.36,20,93.86
CELL_18973,Fibroblast,68.79,45,57.95
CELL_77760,Stem Cell,7.86,6,88.22
CELL_80724,Stem Cell,91.4,39,86.93
CELL_71434,Stem Cell,34.41,42,61.17
CELL_95080,Neuron,106.16,21,83.37
CELL_92303,Erythrocyte,18.09,47,88.14
CELL_62946,Neuron,113.66,6,57.53
CELL_91274,Erythrocyte,81.63,30,78.02
CELL_50144,Leukocyte,27.54,8,83.92
CELL_32665,Leukocyte,28.63,15,90.93
CELL_50162,Fibroblast,30.12,17,94.38
CELL_16587,Epithelial,86.72,16,63.83
CELL_30959,Neuron,25.03,32,56.49
CELL_33403,Neuron,107.23,7,94.02
CELL_63294,Myocyte,57.22,49,64.34
CELL_50852,Myocyte,65.37,30,78.41
CELL_36139,Neuron,70.66,31,95.45
CELL_51966,Fibroblast,74.03,50,52.61
CELL_50670,Epithelial,90.21,10,53.31
CELL_44071,Leukocyte,32.73,19,96.66
CELL_27992,Myocyte,88.77,12,89.51
CELL_80979,Myocyte,16.19,39,71.94
CELL_41743,Fibroblast,7.88,40,86.69
CELL_51404,Fibroblast,6.91,32,92.26
CELL_17385,Erythrocyte,13.92,10,71.97
CELL_34309,Epithelial,17.3,32,64.24
CELL_59611,Leukocyte,90.59,7,98.99
CELL_55794,Fibroblast,29.64,24,76.63
CELL_50733,Stem Cell,30.28,45,56.27
CELL_92638,Leukocyte,110.39,16,92.15
CELL_22449,Erythrocyte,65.57,21,57.32
CELL_93164,Erythrocyte,117.36,22,99.02
CELL_29488,Erythrocyte,71.25,19,75.7
CELL_77707,Erythrocyte,71.95,10,77.87
CELL_62472,Fibroblast,22.61,19,73.93
CELL_50627,Fibroblast,40.63,37,69.63
CELL_85318,Stem Cell,73.12,46,99.64
CELL_88679,Neuron,88.38,27,91.42
CELL_74867,Leukocyte,38.47,41,76.57
CELL_20077,Myocyte,74.78,8,52.36
CELL_65931,Leukocyte,45.41,43,92.67
CELL_74693,Erythrocyte,17.52,15,77.16
CELL_87512,Leukocyte,17.5,43,65.62
CELL_46043,Epithelial,14.21,47,58.59
CELL_92604,Fibroblast,35.82,19,53.47
CELL_40899,Epithelial,24.41,49,77.0
CELL_20699,Myocyte,52.38,23,96.13
CELL_62163,Neuron,26.36,24,57.26
CELL_50331,Fibroblast,101.74,21,81.32
CELL_31708,Myocyte,56.88,7,79.62
CELL_89419,Stem Cell,94.44,7,73.88
CELL_81305,Neuron,71.47,39,79.09
CELL_86588,Leukocyte,59.58,12,97.05
CELL_65951,Erythrocyte,63.15,13,66.85
CELL_43024,Neuron,117.64,30,93.72
CELL_59034,Epithelial,105.89,26,57.94
CELL_78446,Leukocyte,112.52,39,57.46
CELL_41350,Myocyte,82.13,36,76.28
CELL_20502,Leukocyte,37.89,12,73.73
CELL_25328,Stem Cell,46.08,33,69.83
CELL_44194,Leukocyte,109.01,18,61.62
CELL_75620,Erythrocyte,19.55,16,54.89
CELL_74111,Leukocyte,71.93,48,56.19
CELL_58460,Fibroblast,43.98,37,82.16
CELL_93728,Myocyte,105.38,41,65.87
CELL_32718,Leukocyte,59.93,26,97.58
CELL_13631,Leukocyte,10.73,5,54.31
CELL_84495,Leukocyte,85.87,35,92.44
CELL_37860,Myocyte,66.63,34,75.94
CELL_64100,Leukocyte,103.1,41,92.68
CELL_17178,Fibroblast,22.67,39,87.24
CELL_72967,Epithelial,74.47,13,90.51
CELL_76421,Fibroblast,112.74,38,53.93
CELL_29185,Myocyte,31.57,34,65.9
CELL_68246,Epithelial,78.2,39,78.22
CELL_64619,Myocyte,55.35,23,54.81
CELL_67380,Stem Cell,44.97,21,95.86
CELL_82524,Epithelial,54.7,22,62.05
CELL_72200,Fibroblast,83.3,5,58.17
CELL_47804,Myocyte,5.41,34,79.13
CELL_51436,Epithelial,12.17,31,95.59
CELL_84115,Neuron,112.32,7,72.39
CELL_58471,Leukocyte,115.26,46,59.61
CELL_69223,Leukocyte,70.59,26,73.2
CELL_43015,Erythrocyte,16.84,11,94.88
CELL_20927,Stem Cell,114.35,26,58.11
CELL_33586,Stem Cell,41.49,37,92.62
CELL_96010,Neuron,17.48,7,53.86
CELL_43339,Epithelial,34.51,43,72.72
CELL_71961,Leukocyte,105.48,18,80.49
CELL_30431,Epithelial,115.41,16,63.48
CELL_43543,Epithelial,56.5,11,68.7
CELL_46719,Neuron,96.32,12,56.64
CELL_49995,Myocyte,52.9,9,72.46
CELL_59724,Epithelial,29.72,42,63.25
CELL_73331,Epithelial,5.89,23,62.62
CELL_63941,Stem Cell,11.89,25,94.12
CELL_52034,Neuron,20.67,43,90.48
CELL_67100,Epithelial,55.45,43,66.01
CELL_45985,Erythrocyte,41.98,50,64.12
CELL_17434,Epithelial,33.44,44,77.71
CELL_79409,Epithelial,83.77,28,88.46
CELL_81456,Stem Cell,86.52,16,78.3
CELL_49663,Erythrocyte,119.18,24,86.45
CELL_80359,Epithelial,65.88,5,64.27
CELL_14538,Neuron,18.22,24,89.13
CELL_26333,Leukocyte,23.84,8,79.73
CELL_74607,Stem Cell,74.62,47,86.44
CELL_44237,Stem Cell,54.29,5,67.58
CELL_78399,Fibroblast,16.43,31,57.13
CELL_47262,Myocyte,55.32,20,67.7
CELL_67636,Erythrocyte,44.99,19,68.35
CELL_35821,Leukocyte,32.44,16,97.92
CELL_85961,Epithelial,44.82,18,74.57
CELL_75718,Erythrocyte,86.56,20,95.62
CELL_44535,Stem Cell,23.48,44,88.69
CELL_66550,Fibroblast,76.23,25,63.84
CELL_70907,Myocyte,79.72,10,79.57
CELL_83903,Stem Cell,98.42,23,93.25
CELL_38318,Leukocyte,52.78,26,65.87
CELL_14282,Fibroblast,107.46,27,80.49
CELL_13623,Fibroblast,73.62,35,59.14
CELL_15636,Myocyte,106.36,49,96.37
CELL_23125,Fibroblast,72.79,38,76.52
CELL_40820,Stem Cell,79.92,26,91.89
CELL_34104,Leukocyte,46.0,41,83.6
CELL_24102,Fibroblast,16.79,40,68.83
CELL_58378,Epithelial,81.75,40,69.29
CELL_13189,Leukocyte,70.38,9,69.03
CELL_60855,Fibroblast,21.73,34,90.22
CELL_29021,Epithelial,90.4,18,58.61
CELL_45344,Erythrocyte,65.86,16,67.31
CELL_17309,Leukocyte,25.73,30,63.67
CELL_60702,Neuron,54.73,43,92.63
CELL_33241,Stem Cell,69.9,49,98.0
CELL_69594,Epithelial,12.61,28,92.85
CELL_94497,Leukocyte,108.4,44,80.37
CELL_60762,Epithelial,22.64,43,88.88
CELL_23782,Neuron,20.47,30,59.4
CELL_90687,Erythrocyte,86.33,32,64.65
CELL_85447,Stem Cell,105.73,39,70.9
CELL_35115,Myocyte,66.68,34,72.73
CELL_57664,Myocyte,20.66,47,88.25
CELL_87621,Erythrocyte,43.11,14,68.08
CELL_97700,Epithelial,83.6,10,72.61
CELL_36272,Neuron,119.02,15,92.66
CELL_44031,Leukocyte,8.78,44,76.79
CELL_71641,Fibroblast,32.4,23,60.98
CELL_35106,Fibroblast,11.28,43,79.07
CELL_31189,Erythrocyte,12.87,48,56.99
CELL_12105,Leukocyte,53.42,25,64.08
CELL_57953,Neuron,46.44,47,61.8
CELL_17342,Neuron,55.75,12,89.22
CELL_86073,Erythrocyte,72.25,30,97.79
CELL_79849,Fibroblast,66.65,20,51.81
CELL_22828,Stem Cell,19.28,43,60.34
CELL_18895,Neuron,12.86,18,61.03
CELL_57693,Myocyte,69.96,42,72.15
CELL_87268,Leukocyte,82.06,27,72.79
CELL_34342,Stem Cell,78.52,50,58.66
CELL_83268,Leukocyte,54.63,8,99.66
CELL_11100,Stem Cell,102.15,24,80.83
CELL_37138,Leukocyte,29.58,45,85.97
CELL_80226,Leukocyte,6.4,23,59.82
CELL_78893,Fibroblast,36.66,31,87.49
CELL_79171,Stem Cell,114.0,20,67.88
CELL_48980,Epithelial,108.05,6,82.26
CELL_22331,Fibroblast,10.67,36,88.73
CELL_55564,Erythrocyte,42.76,46,89.09
CELL_13821,Erythrocyte,86.2,26,52.51
CELL_81522,Myocyte,53.22,19,57.82
CELL_33390,Fibroblast,47.18,39,52.67
CELL_86213,Leukocyte,15.64,30,51.24
CELL_76510,Leukocyte,29.3,14,63.38
CELL_87570,Erythrocyte,13.72,49,81.73
CELL_48548,Erythrocyte,23.21,40,78.45
CELL_80712,Stem Cell,110.18,40,88.31
CELL_97929,Stem Cell,81.55,24,61.2
CELL_21882,Stem Cell,55.45,48,67.0
CELL_46175,Epithelial,94.44,22,97.65
CELL_24678,Neuron,25.8,14,70.13
CELL_16095,Leukocyte,45.35,22,70.8
CELL_47537,Erythrocyte,26.07,34,72.97
CELL_59446,Erythrocyte,70.31,44,78.5
CELL_40286,Stem Cell,73.73,30,98.43
CELL_49598,Epithelial,16.64,36,69.56
CELL_17228,Epithelial,44.6,11,82.6
CELL_94506,Fibroblast,15.45,21,95.66
CELL_94397,Leukocyte,63.55,35,82.48
CELL_65989,Fibroblast,85.91,21,79.79
CELL_25512,Myocyte,13.53,39,73.61
CELL_85612,Myocyte,49.1,46,59.13
CELL_89008,Stem Cell,67.02,26,80.5
CELL_19715,Stem Cell,15.82,6,53.57
CELL_74318,Leukocyte,93.61,38,67.25
CELL_49498,Epithelial,59.46,37,73.41
CELL_77235,Stem Cell,9.89,23,81.11
CELL_76380,Epithelial,24.28,24,72.11
CELL_62479,Leukocyte,14.05,46,56.41
CELL_83621,Myocyte,79.33,9,70.55
CELL_26130,Myocyte,67.88,15,88.19
CELL_16649,Neuron,45.42,29,61.89
CELL_82561,Stem Cell,116.28,11,88.15
CELL_98688,Epithelial,15.61,34,66.3
CELL_75138,Fibroblast,56.79,45,64.79
CELL_93058,Neuron,85.24,9,80.31
CELL_71933,Stem Cell,21.41,50,86.01
CELL_12976,Myocyte,42.45,27,53.01
CELL_22651,Neuron,116.27,18,98.54
CELL_82166,Stem Cell,27.12,11,66.88
CELL_70549,Fibroblast,36.28,45,60.13
CELL_88948,Fibroblast,53.15,40,98.14
CELL_96154,Stem Cell,96.06,39,60.2
CELL_55636,Erythrocyte,37.58,17,51.68
CELL_75637,Leukocyte,10.73,5,84.23
CELL_95162,Stem Cell,93.65,25,89.36
CELL_22887,Neuron,31.96,35,78.29
CELL_81994,Leukocyte,6.86,44,90.57
CELL_92506,Myocyte,6.56,5,87.14
CELL_53030,Fibroblast,40.24,46,89.84
CELL_72723,Fibroblast,21.41,5,68.44
CELL_54114,Epithelial,29.67,11,75.07
CELL_16415,Stem Cell,9.98,23,79.8
CELL_22339,Neuron,78.33,6,73.05
CELL_32904,Leukocyte,14.11,6,52.67
CELL_80004,Fibroblast,73.87,19,75.88
CELL_60711,Leukocyte,25.77,45,56.87
CELL_71372,Neuron,29.86,29,61.45
CELL_50513,Epithelial,83.27,34,93.02
