cell_id,cell_type,diameter_um,organelle_count,viability_pct
CELL_70664,Epithelial,90.98,9,69.05
CELL_26805,Leukocyte,109.65,36,76.17
CELL_48842,Stem Cell,32.11,19,77.69
CELL_29165,Epithelial,27.82,6,60.8
CELL_82374,Leukocyte,78.46,44,60.67
CELL_62569,Myocyte,90.15,25,91.94
CELL_36954,Leukocyte,16.94,14,79.01
CELL_38507,Neuron,55.82,14,79.21
CELL_83645,Stem Cell,67.0,48,75.72
CELL_88250,Neuron,110.45,9,82.07
CELL_65370,Erythrocyte,11.4,40,81.45
CELL_89664,Fibroblast,6.73,35,66.24
CELL_22748,Myocyte,115.46,27,85.22
CELL_14320,Neuron,5.16,45,89.1
CELL_95246,Stem Cell,106.62,7,93.82
CELL_68882,Epithelial,88.54,34,58.65
CELL_96795,Stem Cell,108.13,27,54.94
CELL_45365,Stem Cell,68.43,23,72.68
CELL_27415,Neuron,35.88,34,82.99
CELL_19110,Stem Cell,94.71,25,94.7
CELL_90964,Erythrocyte,31.22,33,81.36
CELL_66132,Epithelial,25.6,49,81.46
CELL_14347,Stem Cell,43.62,36,87.29
CELL_24375,Leukocyte,35.52,9,57.93
CELL_18011,Stem Cell,97.89,50,96.84
CELL_97444,Myocyte,95.27,40,64.02
CELL_46103,Neuron,31.57,40,73.82
CELL_44287,Leukocyte,105.63,38,65.48
CELL_50279,Stem Cell,103.96,36,81.45
CELL_83344,Epithelial,85.69,8,72.74
CELL_43005,Erythrocyte,100.43,14,55.6
CELL_97028,Erythrocyte,22.47,47,58.58
CELL_18988,Epithelial,25.5,24,84.97
CELL_86699,Fibroblast,102.27,8,94.87
CELL_16094,Erythrocyte,100.94,10,68.36
CELL_88869,Leukocyte,14.04,11,85.15
CELL_78464,Neuron,8.39,20,53.52
CELL_82479,Myocyte,32.39,34,70.99
CELL_50108,Stem Cell,88.18,32,50.69
CELL_97263,Neuron,43.51,47,82.47
CELL_63467,Stem Cell,79.62,33,78.95
CELL_27309,Erythrocyte,9.79,14,51.53
CELL_39698,Stem Cell,63.61,11,79.79
CELL_44859,Leukocyte,13.76,7,52.13
CELL_34703,Erythrocyte,57.21,28,71.73
CELL_78745,Fibroblast,20.33,31,97.52
CELL_11100,Myocyte,110.3,5,77.64
CELL_99429,Neuron,38.95,39,92.96
CELL_30034,Myocyte,50.69,42,78.96
CELL_37802,Neuron,46.91,16,66.88
CELL_75355,Myocyte,66.43,19,61.93
CELL_45135,Myocyte,42.95,29,83.1
CELL_31630,Fibroblast,33.24,23,73.0
CELL_60536,Leukocyte,10.28,19,86.96
CELL_20120,Epithelial,73.56,22,59.64
CELL_45002,Neuron,74.3,7,56.93
CELL_48191,Stem Cell,63.81,47,51.96
CELL_77421,Epithelial,7.71,45,76.31
CELL_73033,Leukocyte,108.82,42,75.95
CELL_40504,Erythrocyte,35.2,17,55.01
CELL_98566,Stem Cell,104.77,32,94.65
CELL_28121,Neuron,36.49,11,87.38
CELL_64716,Fibroblast,79.54,27,67.16
CELL_35960,Myocyte,9.42,50,86.17
CELL_63245,Epithelial,31.49,16,57.43
CELL_44915,Leukocyte,75.71,48,69.28
CELL_37382,Erythrocyte,53.86,24,91.68
CELL_48805,Stem Cell,16.86,32,58.86
CELL_74468,Epithelial,25.6,21,65.87
CELL_73315,Neuron,112.57,13,91.67
CELL_61971,Epithelial,26.42,49,87.68
CELL_50983,Fibroblast,35.81,47,51.6
CELL_66547,Leukocyte,111.61,40,65.14
CELL_16852,Leukocyte,37.96,37,76.96
CELL_18557,Leukocyte,6.51,24,97.58
CELL_54246,Fibroblast,36.59,11,89.12
CELL_42399,Stem Cell,10.16,40,80.39
CELL_29449,Epithelial,40.96,9,93.75
CELL_81226,Leukocyte,119.05,34,59.55
CELL_86194,Leukocyte,50.35,41,99.86
CELL_69398,Leukocyte,63.59,49,54.18
CELL_58669,Leukocyte,58.4,17,68.86
CELL_37324,Neuron,93.21,36,67.54
CELL_49706,Stem Cell,70.63,24,80.16
CELL_10576,Epithelial,28.89,38,97.01
CELL_21839,Neuron,101.63,30,95.78
CELL_70912,Myocyte,7.92,8,99.29
CELL_63962,Epithelial,95.53,14,71.09
CELL_56083,Neuron,49.89,14,77.33
CELL_85967,Fibroblast,38.24,8,83.66
CELL_37223,Leukocyte,68.02,5,62.02
CELL_14486,Fibroblast,98.98,46,84.35
CELL_53995,Erythrocyte,51.69,42,98.73
CELL_21553,Neuron,85.4,31,53.28
CELL_96240,Neuron,6.04,42,90.37
CELL_62016,Stem Cell,99.68,43,56.5
CELL_46728,Stem Cell,110.1,25,65.67
CELL_49317,Erythrocyte,66.64,24,64.24
CELL_55291,Neuron,75.6,27,87.76
CELL_74516,Stem Cell,22.64,25,60.15
CELL_52694,Stem Cell,36.75,14,71.77
CELL_36571,Stem Cell,50.74,21,67.22
CELL_65708,Stem Cell,36.49,49,78.88
CELL_13419,Leukocyte,11.96,22,99.39
CELL_97014,Fibroblast,53.2,49,94.6
CELL_28691,Fibroblast,13.79,42,82.46
CELL_82491,Stem Cell,16.76,15,78.5
CELL_67633,Erythrocyte,49.07,49,74.78
CELL_58942,Stem Cell,5.07,14,89.64
CELL_43357,Myocyte,17.76,16,51.66
CELL_68978,Stem Cell,62.81,25,72.39
CELL_46725,Erythrocyte,13.74,45,58.8
CELL_25439,Fibroblast,64.49,30,57.16
CELL_55136,Leukocyte,20.22,7,95.98
CELL_35141,Neuron,32.95,13,66.21
CELL_48499,Erythrocyte,5.9,47,50.58
CELL_59393,Neuron,67.41,32,93.35
CELL_57207,Neuron,113.25,35,89.71
CELL_78105,Myocyte,93.56,32,89.64
CELL_64200,Epithelial,13.72,39,59.73
CELL_84126,Erythrocyte,42.9,48,60.61
CELL_99412,Fibroblast,46.36,14,75.23
CELL_50767,Myocyte,117.77,15,98.04
CELL_10504,Erythrocyte,48.47,35,65.47
CELL_13672,Fibroblast,85.27,10,63.95
CELL_63091,Neuron,60.9,22,50.4
CELL_79255,Myocyte,86.19,41,59.6
CELL_48187,Stem Cell,73.63,41,54.66
CELL_57366,Myocyte,56.52,22,57.8
CELL_48430,Neuron,70.43,41,73.01
CELL_93933,Myocyte,35.84,49,94.03
CELL_10594,Neuron,104.46,30,61.83
CELL_35290,Leukocyte,112.78,21,57.62
CELL_55374,Fibroblast,69.52,20,93.98
CELL_34560,Stem Cell,85.52,5,57.86
CELL_98708,Stem Cell,37.47,15,68.38
CELL_60952,Leukocyte,49.05,10,90.87
CELL_86269,Fibroblast,69.22,50,72.08
CELL_49056,Erythrocyte,78.0,33,80.84
CELL_87989,Stem Cell,15.7,23,67.95
CELL_64314,Erythrocyte,27.18,20,75.82
CELL_41531,Epithelial,13.55,15,53.9
CELL_79623,Epithelial,98.47,50,96.83
CELL_97867,Myocyte,54.48,21,88.15
CELL_50473,Fibroblast,82.18,20,52.29
CELL_15501,Neuron,36.33,32,65.03
CELL_49869,Erythrocyte,14.98,7,80.28
CELL_76191,Erythrocyte,44.67,33,77.5
CELL_94379,Stem Cell,49.02,8,54.75
CELL_66948,Leukocyte,97.44,14,99.47
CELL_36908,Fibroblast,55.75,47,99.35
CELL_64821,Epithelial,24.37,34,57.66
CELL_51774,Erythrocyte,116.16,20,73.34
CELL_37718,Leukocyte,94.26,26,85.26
CELL_16865,Leukocyte,82.84,29,52.43
CELL_73776,Myocyte,66.48,25,77.69
CELL_11776,Stem Cell,97.26,27,59.84
CELL_67323,Leukocyte,70.48,27,97.74
CELL_57158,Epithelial,84.97,39,81.44
CELL_87172,Fibroblast,68.34,33,98.56
CELL_36505,Stem Cell,94.42,13,51.24
CELL_68969,Neuron,83.28,5,61.42
CELL_43166,Fibroblast,99.07,38,75.66
CELL_27441,Leukocyte,5.06,17,82.92
CELL_42457,Erythrocyte,72.75,33,53.21
CELL_89739,Erythrocyte,66.4,5,86.29
CELL_83698,Leukocyte,95.88,50,57.76
CELL_39570,Fibroblast,39.43,21,85.63
CELL_29437,Myocyte,93.87,20,86.22
CELL_60413,Erythrocyte,90.41,31,85.25
CELL_77483,Myocyte,24.34,28,87.43
CELL_37071,Erythrocyte,78.77,41,71.2
CELL_28050,Neuron,39.21,5,91.78
CELL_20629,Stem Cell,45.9,45,57.27
CELL_46731,Myocyte,67.17,8,53.68
CELL_57251,Stem Cell,56.27,21,73.68
CELL_53522,Leukocyte,97.39,16,59.04
CELL_10696,Erythrocyte,9.26,40,83.28
CELL_17304,Epithelial,111.62,39,92.6
CELL_66592,Erythrocyte,104.02,24,77.35
CELL_22336,Erythrocyte,112.64,47,86.32
CELL_92426,Leukocyte,54.71,14,73.47
CELL_62762,Fibroblast,68.79,35,94.93
CELL_72192,Leukocyte,38.47,40,90.48
CELL_46702,Neuron,57.56,28,97.77
CELL_35572,Leukocyte,65.86,44,66.07
CELL_63219,Leukocyte,42.1,25,95.18
CELL_79950,Leukocyte,98.58,24,91.93
CELL_31881,Stem Cell,78.06,31,53.69
CELL_80118,Stem Cell,39.48,27,51.18
CELL_11177,Leukocyte,46.8,20,61.32
CELL_75108,Stem Cell,8.07,35,68.97
CELL_24448,Stem Cell,68.13,32,76.79
CELL_33885,Myocyte,113.54,6,79.6
CELL_20187,Stem Cell,9.58,27,61.89
CELL_37588,Erythrocyte,42.02,31,74.59
CELL_41514,Leukocyte,96.31,10,90.38
CELL_36118,Neuron,60.56,48,64.24
CELL_89199,Leukocyte,80.64,13,77.81
CELL_61644,Fibroblast,47.78,11,88.43
CELL_45331,Erythrocyte,64.34,31,99.95
CELL_71980,Epithelial,92.97,36,64.83
CELL_25303,Stem Cell,59.34,18,55.36
CELL_35470,Epithelial,34.67,48,69.85
CELL_45209,Myocyte,30.68,28,75.24
CELL_66155,Stem Cell,11.09,48,97.04
CELL_52774,Fibroblast,33.23,23,85.79
CELL_96081,Neuron,26.07,24,51.02
CELL_48088,Erythrocyte,104.31,5,95.72
CELL_80679,Erythrocyte,87.64,13,69.24
CELL_52783,Neuron,92.2,27,58.55
CELL_13948,Stem Cell,107.94,7,68.87
CELL_69012,Erythrocyte,42.5,47,86.94
CELL_49737,Leukocyte,74.64,14,68.45
CELL_90033,Fibroblast,93.56,9,69.81
CELL_74697,Stem Cell,74.94,47,53.69
CELL_31048,Erythrocyte,73.11,22,68.46
CELL_52100,Leukocyte,48.94,40,84.56
CELL_75587,Fibroblast,55.35,36,77.52
CELL_88542,Leukocyte,83.2,40,77.08
CELL_51472,Epithelial,44.58,42,71.48
CELL_54250,Leukocyte,55.73,20,87.79
CELL_79919,Stem Cell,72.77,27,90.13
CELL_11820,Myocyte,59.25,23,57.82
CELL_76065,Neuron,61.7,46,64.61
CELL_28805,Myocyte,105.98,41,86.97
CELL_14806,Myocyte,51.29,22,59.15
CELL_86752,Epithelial,64.32,6,98.19
CELL_61157,Myocyte,37.82,32,62.75
CELL_24339,Fibroblast,52.24,23,55.95
CELL_78437,Myocyte,89.97,21,76.38
CELL_20478,Erythrocyte,107.81,11,76.17
CELL_32484,Erythrocyte,110.54,22,75.42
CELL_53507,Erythrocyte,97.06,32,50.63
CELL_50568,Neuron,47.04,26,70.88
CELL_61818,Leukocyte,27.04,46,89.8
CELL_93427,Stem Cell,8.45,6,95.59
CELL_22375,Erythrocyte,53.9,42,81.86
CELL_90406,Erythrocyte,18.94,29,98.94
CELL_63293,Leukocyte,118.97,32,97.39
CELL_38018,Leukocyte,58.5,6,84.98
CELL_77681,Fibroblast,50.69,44,66.84
CELL_36165,Leukocyte,78.63,25,55.19
CELL_76271,Epithelial,16.64,27,95.69
CELL_35048,Stem Cell,97.77,50,91.5
CELL_54869,Myocyte,72.16,46,78.39
CELL_80572,Erythrocyte,68.29,40,82.69
CELL_27019,Erythrocyte,18.15,49,71.42
CELL_13809,Leukocyte,119.92,11,58.58
CELL_56224,Leukocyte,24.59,18,73.05
CELL_12800,Leukocyte,92.87,17,76.3
CELL_13306,Stem Cell,53.44,39,56.27
CELL_71677,Epithelial,94.38,33,80.33
CELL_51151,Fibroblast,17.4,24,62.47
CELL_31720,Erythrocyte,68.57,44,57.18
CELL_95228,Neuron,42.27,36,99.94
CELL_45119,Neuron,7.64,7,72.68
CELL_44387,Epithelial,84.27,19,65.07
CELL_11151,Erythrocyte,33.25,24,70.38
CELL_86173,Epithelial,81.64,15,91.48
CELL_59481,Neuron,68.01,38,99.82
CELL_66257,Myocyte,67.38,36,58.65
CELL_45518,Leukocyte,92.7,50,60.72
CELL_30769,Stem Cell,5.73,19,59.1
CELL_28654,Erythrocyte,113.96,48,80.32
CELL_32632,Stem Cell,93.42,28,63.93
CELL_49083,Epithelial,52.23,27,82.83
CELL_63842,Stem Cell,33.79,5,89.96
CELL_68358,Epithelial,102.38,41,54.62
CELL_56872,Fibroblast,19.36,25,59.03
CELL_31934,Stem Cell,28.73,17,75.01
CELL_17777,Erythrocyte,21.88,9,97.92
CELL_41378,Leukocyte,79.61,23,52.46
CELL_88280,Erythrocyte,71.52,31,64.92
CELL_39588,Erythrocyte,18.94,37,62.88
CELL_42746,Neuron,110.62,35,85.65
CELL_49134,Leukocyte,60.73,22,58.21
CELL_47991,Fibroblast,38.16,47,86.99
CELL_72546,Epithelial,24.02,10,76.63
CELL_54695,Fibroblast,41.63,25,69.42
CELL_44077,Neuron,57.18,42,97.91
CELL_26740,Myocyte,96.62,11,91.51
CELL_14557,Epithelial,51.2,32,67.01
CELL_16630,Fibroblast,110.97,24,72.55
CELL_93013,Neuron,56.29,33,69.14
CELL_31454,Neuron,12.82,46,66.01
CELL_70156,Neuron,5.56,23,74.3
CELL_69139,Fibroblast,73.08,26,83.94
CELL_15267,Leukocyte,41.42,25,67.4
CELL_90564,Erythrocyte,66.25,7,96.37
CELL_64532,Leukocyte,98.83,10,71.0
CELL_79608,Myocyte,5.87,45,57.07
CELL_65059,Epithelial,30.85,16,52.04
CELL_40661,Neuron,52.34,19,57.39
CELL_20663,Erythrocyte,72.21,36,76.65
CELL_74645,Myocyte,54.84,8,83.42
CELL_52953,Erythrocyte,109.01,48,82.85
CELL_44682,Epithelial,70.56,22,62.28
CELL_67393,Leukocyte,38.29,25,72.49
CELL_12865,Myocyte,74.11,45,59.14
CELL_73759,Erythrocyte,55.83,28,70.02
CELL_83691,Myocyte,76.29,36,83.11
CELL_11737,Stem Cell,54.06,14,61.68
CELL_79178,Erythrocyte,17.9,48,75.46
CELL_26669,Stem Cell,32.01,30,62.81
CELL_68719,Fibroblast,60.47,42,73.05
CELL_97677,Myocyte,112.22,6,63.98
CELL_10281,Myocyte,42.51,13,88.91
CELL_63837,Stem Cell,60.5,39,76.61
CELL_94811,Myocyte,109.25,41,93.08
CELL_37012,Myocyte,90.76,45,66.32
CELL_53143,Leukocyte,50.03,28,78.22
CELL_86548,Myocyte,56.81,18,63.06
CELL_50355,Fibroblast,78.71,40,68.47
CELL_95886,Fibroblast,10.8,16,78.95
CELL_19028,Fibroblast,46.63,46,81.61
CELL_47392,Epithelial,14.28,14,93.15
CELL_55375,Stem Cell,37.31,38,98.79
CELL_23559,Stem Cell,109.87,18,74.41
CELL_63271,Epithelial,27.1,14,74.75
CELL_63373,Leukocyte,52.46,39,61.61
CELL_89904,Fibroblast,15.26,19,86.37
CELL_35280,Epithelial,19.57,43,57.14
CELL_76434,Erythrocyte,99.47,19,79.43
CELL_91524,Fibroblast,20.41,49,69.15
CELL_40513,Neuron,10.2,35,72.84
CELL_85517,Neuron,13.9,13,51.46
CELL_29142,Fibroblast,111.0,26,67.14
CELL_66161,Neuron,83.44,26,58.06
CELL_47708,Stem Cell,18.88,29,90.22
CELL_79399,Fibroblast,49.25,22,72.97
CELL_46932,Leukocyte,66.51,44,58.8
CELL_39183,Epithelial,44.57,10,95.75
CELL_82056,Erythrocyte,48.8,9,80.44
CELL_19012,Erythrocyte,13.44,37,91.69
CELL_93087,Fibroblast,57.12,32,97.9
CELL_51338,Epithelial,108.85,41,76.04
CELL_46876,Stem Cell,118.48,24,90.13
CELL_47104,Stem Cell,27.89,29,61.8
CELL_78306,Leukocyte,80.4,45,56.68
CELL_23914,Erythrocyte,91.08,38,58.11
CELL_24047,Erythrocyte,73.85,32,64.77
CELL_59433,Neuron,79.24,31,69.92
CELL_41902,Leukocyte,65.77,9,57.53
CELL_49776,Stem Cell,36.87,36,51.72
CELL_87400,Fibroblast,100.76,15,59.62
CELL_91655,Leukocyte,113.44,40,78.93
CELL_56971,Erythrocyte,78.35,8,56.64
CELL_61009,Leukocyte,53.31,29,57.0
CELL_75678,Neuron,109.17,18,76.72
CELL_25242,Stem Cell,101.71,21,89.17
CELL_44780,Myocyte,7.97,18,50.32
CELL_93256,Epithelial,109.36,45,67.76
CELL_58181,Neuron,91.39,10,73.05
CELL_91750,Fibroblast,29.08,44,73.13
CELL_45710,Neuron,87.12,13,94.41
CELL_11192,Erythrocyte,44.82,40,96.57
CELL_23296,Leukocyte,115.89,49,92.32
CELL_53164,Neuron,48.92,38,97.54
CELL_74918,Epithelial,16.7,41,66.5
CELL_21604,Stem Cell,41.69,30,68.92
CELL_47916,Stem Cell,87.44,26,73.06
CELL_30020,Fibroblast,114.72,16,53.12
CELL_25019,Leukocyte,65.37,13,94.5
CELL_90250,Myocyte,52.57,46,93.29
CELL_93347,Erythrocyte,57.43,13,58.81
CELL_64027,Leukocyte,54.97,6,87.06
CELL_10205,Leukocyte,112.92,13,89.04
CELL_13371,Stem Cell,37.93,31,88.3
CELL_59321,Leukocyte,103.6,21,69.69
CELL_69474,Fibroblast,72.21,17,91.55
CELL_43412,Stem Cell,47.68,37,85.08
CELL_84537,Erythrocyte,75.48,48,81.93
CELL_39336,Fibroblast,88.03,35,68.46
CELL_62268,Neuron,14.78,24,57.07
CELL_50201,Erythrocyte,47.09,36,92.62
CELL_77562,Erythrocyte,58.5,33,95.96
CELL_55791,Leukocyte,92.46,40,69.95
CELL_90733,Leukocyte,51.18,9,55.66
CELL_38617,Fibroblast,97.21,19,93.44
CELL_60294,Erythrocyte,47.41,37,70.16
CELL_62570,Fibroblast,28.11,14,59.6
CELL_72741,Epithelial,107.49,31,53.83
CELL_62359,Fibroblast,24.29,12,69.18
CELL_14649,Epithelial,81.84,16,96.48
CELL_59550,Stem Cell,101.56,25,58.4
CELL_41693,Epithelial,12.98,20,73.38
CELL_98520,Neuron,66.38,9,85.26
CELL_83566,Leukocyte,20.15,35,79.49
CELL_95762,Epithelial,87.82,19,84.56
CELL_79474,Neuron,81.35,23,98.43
CELL_35623,Neuron,60.06,27,75.21
CELL_92179,Epithelial,30.39,17,67.82
CELL_40180,Neuron,18.23,24,71.24
CELL_10089,Erythrocyte,17.22,13,76.96
CELL_51963,Epithelial,15.55,43,64.76
CELL_15185,Epithelial,17.64,13,61.27
CELL_56011,Neuron,32.12,27,79.03
CELL_47465,Myocyte,46.64,21,96.62
CELL_41040,Stem Cell,98.6,18,59.2
CELL_32159,Myocyte,105.1,15,68.09
CELL_66365,Stem Cell,93.37,17,83.93
CELL_14498,Leukocyte,88.98,20,52.59
CELL_57086,Erythrocyte,14.16,11,80.05
CELL_18600,Erythrocyte,11.62,23,86.5
CELL_34449,Stem Cell,92.22,13,97.69
CELL_43834,Fibroblast,87.25,42,53.67
CELL_11037,Erythrocyte,26.24,28,95.94
CELL_35698,Stem Cell,21.41,21,85.78
CELL_77751,Leukocyte,46.89,21,82.07
CELL_52377,Myocyte,118.36,21,51.62
CELL_58932,Epithelial,71.01,36,88.81
CELL_80514,Neuron,54.19,43,55.7
CELL_26126,Neuron,9.89,15,67.39
CELL_96711,Epithelial,22.7,31,90.98
CELL_83548,Stem Cell,77.59,19,57.32
CELL_73294,Erythrocyte,17.63,17,98.48
CELL_40842,Erythrocyte,52.7,42,81.03
CELL_47134,Epithelial,110.88,8,66.91
CELL_83929,Fibroblast,49.5,20,61.38
CELL_65223,Neuron,17.98,7,58.88
CELL_56637,Stem Cell,10.92,30,70.47
CELL_67051,Myocyte,21.55,49,85.24
CELL_38608,Stem Cell,42.19,49,73.91
CELL_27812,Stem Cell,17.09,6,63.36
CELL_99016,Neuron,90.94,18,75.74
CELL_16712,Erythrocyte,89.34,16,73.96
CELL_58011,Erythrocyte,109.72,17,60.97
CELL_78474,Myocyte,31.02,47,91.74
CELL_42221,Myocyte,70.68,21,78.55
CELL_37379,Epithelial,78.62,40,55.16
CELL_17889,Fibroblast,21.54,10,59.78
CELL_33002,Neuron,92.76,17,99.83
CELL_56754,Myocyte,77.52,11,66.5
CELL_65832,Leukocyte,108.84,45,63.11
CELL_82808,Epithelial,115.99,29,82.59
CELL_91406,Epithelial,58.59,23,63.58
CELL_57532,Erythrocyte,110.72,44,91.72
CELL_33460,Myocyte,67.12,33,90.12
CELL_66040,Stem Cell,20.02,39,58.55
CELL_86002,Fibroblast,46.76,50,83.32
CELL_60477,Fibroblast,48.83,41,96.68
CELL_31584,Myocyte,14.89,20,52.55
CELL_78095,Neuron,43.4,15,84.13
CELL_20027,Erythrocyte,39.42,35,76.42
CELL_19485,Epithelial,33.4,21,70.39
CELL_67211,Erythrocyte,85.4,34,51.4
CELL_40547,Epithelial,97.66,44,94.95
CELL_19721,Erythrocyte,64.82,15,69.78
CELL_63133,Fibroblast,48.61,17,67.13
CELL_88011,Myocyte,55.08,12,65.09
CELL_48481,Myocyte,112.79,49,52.36
CELL_79613,Erythrocyte,106.57,9,98.06
CELL_65485,Stem Cell,42.28,41,67.95
CELL_72321,Epithelial,104.71,6,71.68
CELL_51934,Leukocyte,69.19,21,64.85
CELL_43716,Stem Cell,77.22,12,63.03
CELL_24506,Neuron,73.26,15,82.83
CELL_66913,Leukocyte,102.77,31,86.61
CELL_94389,Fibroblast,5.35,24,98.94
CELL_97924,Epithelial,10.73,5,97.59
CELL_47760,Myocyte,34.21,22,73.98
CELL_63399,Neuron,118.16,36,73.72
CELL_60812,Leukocyte,95.83,41,91.53
CELL_82320,Erythrocyte,14.43,28,99.71
CELL_33960,Fibroblast,25.44,46,79.05
CELL_59491,Leukocyte,37.89,43,60.95
CELL_21054,Erythrocyte,54.45,12,82.99
CELL_96173,Myocyte,109.19,39,75.04
CELL_74977,Neuron,101.43,44,72.43
CELL_27236,Neuron,51.84,32,94.94
CELL_55246,Fibroblast,74.67,29,79.12
CELL_58801,Neuron,117.59,32,62.19
CELL_47304,Myocyte,7.06,29,67.22
CELL_94694,Stem Cell,13.86,7,97.19
CELL_82848,Myocyte,73.47,15,93.13
CELL_90529,Fibroblast,11.2,5,95.03
CELL_82187,Stem Cell,36.21,32,53.19
CELL_79621,Epithelial,83.94,12,91.57
CELL_61189,Neuron,93.26,49,91.15
CELL_83364,Neuron,114.62,13,73.8
CELL_33448,Neuron,78.77,25,50.46
CELL_63318,Stem Cell,11.34,5,98.34
CELL_31326,Stem Cell,30.78,39,57.0
CELL_43592,Fibroblast,98.89,39,93.19
CELL_62395,Neuron,94.54,40,76.22
CELL_18984,Erythrocyte,45.75,36,90.91
CELL_36737,Erythrocyte,61.48,18,95.69
CELL_14941,Stem Cell,75.95,9,94.64
CELL_89313,Myocyte,108.47,25,85.85
CELL_86338,Erythrocyte,109.78,40,69.5
CELL_50752,Epithelial,107.06,49,57.04
CELL_26991,Neuron,51.78,6,80.64
CELL_58732,Leukocyte,12.65,25,64.11
CELL_65810,Epithelial,106.98,22,69.72
CELL_30051,Epithelial,5.66,13,58.39
CELL_66448,Stem Cell,14.95,29,66.96
CELL_17684,Epithelial,25.87,33,70.19
CELL_80971,Leukocyte,108.48,14,96.15
CELL_33933,Fibroblast,100.19,8,78.5
CELL_51323,Leukocyte,27.15,16,73.62
CELL_85052,Leukocyte,108.89,16,94.44
CELL_33331,Epithelial,78.61,38,55.78
CELL_38786,Fibroblast,79.78,7,99.73
CELL_22154,Stem Cell,35.99,7,93.1
CELL_53844,Stem Cell,101.69,5,75.06
CELL_56831,Epithelial,115.56,28,93.66
CELL_19164,Stem Cell,7.09,49,96.28
CELL_93420,Stem Cell,39.95,41,50.54
CELL_95595,Erythrocyte,24.23,32,73.58
CELL_54084,Stem Cell,19.23,44,99.14
CELL_91073,Neuron,80.23,10,57.29
CELL_11406,Fibroblast,69.49,32,76.56
CELL_13640,Erythrocyte,98.0,40,82.82
CELL_47495,Fibroblast,100.37,43,96.44
CELL_43614,Myocyte,33.35,49,70.2
CELL_74011,Myocyte,115.87,46,83.0
CELL_22579,Neuron,112.9,14,83.2
CELL_55543,Myocyte,15.41,6,82.26
CELL_84610,Stem Cell,25.56,36,69.12
CELL_20551,Epithelial,60.88,14,65.4
CELL_63479,Neuron,87.84,8,97.81
CELL_65984,Epithelial,86.32,24,93.47
CELL_21974,Erythrocyte,16.47,19,79.11
CELL_66693,Epithelial,104.44,27,96.61
CELL_83631,Myocyte,114.37,49,87.73
CELL_60460,Myocyte,61.8,33,62.74
CELL_19847,Leukocyte,21.05,25,88.53
CELL_23481,Leukocyte,87.61,40,53.87
CELL_69508,Neuron,51.36,11,75.1
CELL_87009,Myocyte,47.3,24,76.21
CELL_98140,Epithelial,56.43,17,55.71
CELL_68784,Leukocyte,91.96,16,83.41
CELL_89401,Leukocyte,116.6,49,62.68
CELL_14398,Epithelial,14.35,23,87.19
CELL_56508,Erythrocyte,8.6,48,50.43
CELL_38589,Erythrocyte,107.17,41,58.46
CELL_99210,Leukocyte,118.68,24,94.09
CELL_27426,Neuron,95.81,6,62.77
CELL_67604,Leukocyte,54.38,50,70.36
CELL_35587,Erythrocyte,48.1,17,85.37
CELL_90128,Fibroblast,119.61,18,75.31
CELL_33604,Neuron,23.84,35,69.43
CELL_87487,Epithelial,52.21,14,73.11
CELL_60180,Erythrocyte,111.44,47,96.46
CELL_95228,Epithelial,73.11,33,88.19
CELL_49363,Myocyte,37.6,28,58.2
CELL_28812,Neuron,76.64,6,95.54
CELL_51326,Stem Cell,33.57,13,96.39
CELL_48401,Neuron,93.63,46,98.4
CELL_91422,Myocyte,15.38,18,94.54
CELL_41738,Epithelial,78.81,24,96.24
CELL_80939,Stem Cell,96.88,41,97.18
CELL_22686,Stem Cell,71.15,5,71.08
CELL_19069,Leukocyte,63.11,12,59.11
CELL_44081,Fibroblast,117.51,18,89.99
CELL_23785,Epithelial,27.87,23,51.58
CELL_60491,Epithelial,78.06,39,52.3
CELL_51689,Leukocyte,35.74,50,95.15
CELL_54752,Neuron,91.33,41,97.11
CELL_70333,Stem Cell,25.31,44,83.53
CELL_14794,Erythrocyte,7.45,14,63.51
CELL_36885,Stem Cell,65.4,32,76.91
CELL_77066,Stem Cell,63.98,28,91.54
CELL_97862,Neuron,31.68,25,73.52
CELL_64431,Epithelial,51.65,43,72.58
CELL_84315,Neuron,118.01,16,77.87
CELL_61347,Leukocyte,37.92,37,76.1
CELL_50052,Stem Cell,24.65,39,65.22
CELL_37949,Erythrocyte,72.33,12,79.19
CELL_57495,Stem Cell,114.93,33,52.39
CELL_71753,Erythrocyte,100.65,14,78.59
CELL_56409,Epithelial,13.88,45,94.71
CELL_87293,Fibroblast,43.73,33,96.28
CELL_26954,Leukocyte,89.38,38,69.79
CELL_83228,Erythrocyte,6.73,29,85.69
CELL_10771,Neuron,68.53,19,60.01
CELL_81557,Stem Cell,10.07,48,80.2
CELL_84619,Myocyte,21.82,47,79.04
CELL_71074,Neuron,31.35,31,61.01
CELL_53225,Fibroblast,61.25,32,52.88
CELL_79233,Stem Cell,36.1,6,87.46
CELL_70034,Epithelial,19.05,12,50.9
CELL_46995,Myocyte,27.85,31,57.74
CELL_19343,Myocyte,38.95,43,81.97
CELL_32255,Erythrocyte,47.34,34,73.33
CELL_12430,Epithelial,14.51,5,72.86
CELL_99929,Epithelial,44.87,22,85.02
CELL_44329,Erythrocyte,55.46,8,90.54
CELL_46646,Fibroblast,26.02,10,52.07
CELL_94869,Fibroblast,36.25,13,86.47
CELL_83787,Epithelial,24.23,9,59.67
CELL_48601,Stem Cell,16.71,30,73.5
CELL_94361,Myocyte,119.03,49,68.16
CELL_84694,Leukocyte,57.53,16,93.57
CELL_60518,Epithelial,74.35,45,61.46
CELL_99653,Neuron,39.28,10,59.29
CELL_16373,Stem Cell,55.42,6,58.88
CELL_69433,Myocyte,108.05,37,50.07
CELL_17539,Epithelial,116.01,24,62.06
CELL_41615,Leukocyte,64.12,29,78.42
CELL_99445,Leukocyte,28.98,31,81.98
CELL_82915,Stem Cell,94.85,26,85.41
CELL_33421,Epithelial,16.27,8,97.45
CELL_27119,Epithelial,82.1,24,68.35
CELL_37838,Myocyte,18.27,48,60.02
CELL_68077,Erythrocyte,80.54,34,89.62
CELL_26748,Neuron,55.18,13,77.25
CELL_71723,Epithelial,28.61,10,57.0
CELL_13125,Stem Cell,76.24,50,66.15
CELL_48825,Epithelial,79.45,20,94.39
CELL_92482,Epithelial,52.69,42,92.13
CELL_43215,Leukocyte,17.73,25,88.02
CELL_76242,Myocyte,114.09,5,51.79
CELL_66004,Fibroblast,78.64,48,75.05
CELL_87543,Erythrocyte,58.03,7,95.63
CELL_43587,Neuron,71.98,42,65.36
CELL_52414,Neuron,78.21,9,59.23
CELL_48822,Stem Cell,54.85,45,74.74
CELL_75421,Myocyte,20.32,30,85.68
CELL_40195,Epithelial,6.09,37,71.06
CELL_42154,Neuron,118.82,28,62.66
CELL_98770,Fibroblast,78.37,22,50.32
CELL_75533,Stem Cell,52.7,18,73.44
CELL_90654,Leukocyte,21.19,28,52.2
CELL_69493,Neuron,9.34,31,73.49
CELL_18181,Fibroblast,67.88,50,71.28
CELL_93508,Myocyte,49.19,42,64.1
CELL_15912,Myocyte,88.31,48,59.99
CELL_93864,Myocyte,103.74,20,97.98
CELL_58155,Leukocyte,97.63,13,80.18
CELL_93095,Neuron,58.07,18,79.86
CELL_66857,Erythrocyte,97.17,8,87.82
CELL_30294,Leukocyte,88.16,20,66.73
CELL_68845,Stem Cell,17.78,40,85.44
CELL_84707,Leukocyte,18.48,48,84.96
CELL_15874,Neuron,104.45,9,51.91
CELL_40553,Myocyte,116.84,10,54.35
CELL_29672,Fibroblast,95.15,32,67.54
CELL_70431,Neuron,38.06,23,90.2
CELL_54240,Stem Cell,91.03,15,90.39
CELL_32433,Leukocyte,27.34,43,85.38
CELL_65152,Stem Cell,33.15,34,54.62
CELL_26297,Myocyte,103.7,33,85.41
CELL_88152,Neuron,52.54,26,84.75
CELL_69201,Fibroblast,70.02,43,70.97
CELL_23298,Epithelial,99.08,40,80.05
CELL_38811,Neuron,50.97,25,67.8
CELL_61160,Epithelial,7.85,11,80.95
CELL_56806,Fibroblast,112.29,15,86.62
CELL_89192,Stem Cell,33.84,33,87.4
CELL_29768,Epithelial,91.53,32,88.56
CELL_28690,Leukocyte,15.85,43,83.26
CELL_21789,Neuron,59.91,12,86.37
CELL_40340,Leukocyte,98.85,46,66.23
CELL_30135,Fibroblast,119.98,30,55.1
CELL_46893,Fibroblast,112.8,40,62.0
CELL_28431,Neuron,37.83,26,59.3
CELL_77602,Myocyte,29.23,42,88.06
CELL_68340,Fibroblast,95.5,39,94.9
CELL_23904,Fibroblast,48.43,12,79.83
CELL_25832,Leukocyte,117.18,14,53.7
CELL_16580,Erythrocyte,32.14,25,75.92
CELL_61046,Myocyte,80.19,43,60.58
CELL_93080,Stem Cell,98.8,28,80.42
CELL_53301,Stem Cell,48.92,8,79.54
CELL_52931,Epithelial,83.46,9,98.65
CELL_57878,Fibroblast,20.12,36,96.08
CELL_21466,Epithelial,33.0,33,81.01
CELL_23142,Stem Cell,71.94,11,59.63
CELL_80557,Neuron,93.97,18,80.98
CELL_45169,Erythrocyte,104.06,13,78.52
CELL_20617,Stem Cell,77.63,27,69.97
CELL_27033,Neuron,54.78,36,81.06
CELL_18441,Stem Cell,76.43,21,65.82
CELL_82101,Myocyte,36.24,16,87.13
CELL_66817,Leukocyte,31.12,7,86.52
CELL_56823,Fibroblast,119.48,32,57.45
CELL_71658,Epithelial,111.5,29,54.58
CELL_32412,Myocyte,29.07,40,59.84
CELL_45216,Erythrocyte,31.23,19,66.97
CELL_52955,Erythrocyte,18.46,9,89.03
CELL_85217,Myocyte,87.25,50,55.95
CELL_69642,Stem Cell,77.13,12,85.33
CELL_32060,Stem Cell,60.11,28,50.7
CELL_73849,Neuron,23.4,39,65.77
CELL_84836,Erythrocyte,46.25,10,63.12
CELL_34556,Neuron,79.79,17,68.93
CELL_73031,Erythrocyte,102.43,23,87.69
CELL_33895,Fibroblast,87.84,48,76.59
CELL_82114,Neuron,95.9,37,93.51
CELL_54433,Stem Cell,86.73,18,61.33
CELL_67223,Leukocyte,49.78,14,56.07
CELL_43175,Erythrocyte,102.33,31,51.69
CELL_97687,Leukocyte,107.32,13,57.94
CELL_83286,Myocyte,70.32,43,56.89
CELL_53328,Myocyte,31.58,9,96.58
CELL_53048,Myocyte,57.44,19,75.43
CELL_28563,Erythrocyte,18.8,45,86.89
CELL_11143,Fibroblast,89.46,25,70.12
CELL_62756,Myocyte,27.53,46,53.71
CELL_28220,Stem Cell,97.88,37,82.06
CELL_40477,Fibroblast,66.33,30,63.92
CELL_78979,Myocyte,88.87,30,52.32
CELL_26767,Erythrocyte,77.55,30,94.63
CELL_24671,Epithelial,38.2,34,80.37
CELL_28635,Leukocyte,118.06,37,97.7
CELL_10352,Neuron,64.03,45,98.02
CELL_60898,Stem Cell,61.73,32,95.88
CELL_34867,Epithelial,70.71,48,97.73
CELL_26345,Stem Cell,47.47,25,51.2
CELL_26738,Stem Cell,43.64,16,64.31
CELL_93749,Myocyte,77.71,46,65.7
CELL_13336,Myocyte,27.59,22,61.87
CELL_80441,Fibroblast,69.82,33,74.49
CELL_33050,Erythrocyte,40.6,6,82.56
CELL_31831,Epithelial,53.08,41,86.7
CELL_31462,Leukocyte,93.6,50,81.08
CELL_71096,Epithelial,16.3,5,78.42
CELL_43757,Erythrocyte,40.64,10,58.8
CELL_60548,Stem Cell,31.98,31,66.85
CELL_42091,Stem Cell,37.4,19,50.93
CELL_34085,Stem Cell,45.68,22,55.81
CELL_78044,Epithelial,113.61,36,70.34
CELL_22549,Epithelial,36.72,21,55.43
CELL_93865,Stem Cell,40.66,41,52.95
CELL_31425,Myocyte,16.45,37,82.64
CELL_74439,Myocyte,45.22,10,55.93
CELL_61648,Fibroblast,12.06,20,56.54
CELL_53523,Epithelial,109.04,7,85.38
CELL_41336,Neuron,110.44,17,93.17
CELL_58569,Epithelial,110.66,36,62.86
CELL_82229,Neuron,115.93,8,74.48
CELL_18624,Myocyte,19.82,23,75.46
CELL_14781,Leukocyte,22.72,40,60.1
CELL_89149,Stem Cell,55.68,47,93.2
CELL_91221,Fibroblast,67.26,33,56.19
CELL_71357,Leukocyte,63.15,16,68.94
CELL_15984,Epithelial,43.78,16,92.46
CELL_75058,Fibroblast,117.74,49,92.36
CELL_81086,Fibroblast,25.14,48,87.04
CELL_23866,Neuron,10.2,39,62.13
CELL_65905,Myocyte,9.25,37,60.86
CELL_86713,Fibroblast,74.57,32,50.1
CELL_37150,Neuron,47.38,45,75.0
CELL_82944,Neuron,47.39,45,79.67
CELL_15736,Fibroblast,38.69,22,97.34
CELL_99942,Fibroblast,62.79,28,62.2
CELL_56412,Leukocyte,7.51,21,54.36
CELL_66416,Epithelial,21.05,11,90.61
CELL_72872,Myocyte,105.71,31,79.67
CELL_54929,Erythrocyte,115.17,47,63.84
CELL_18537,Epithelial,81.91,26,89.64
CELL_47092,Fibroblast,5.02,17,66.02
CELL_51151,Stem Cell,52.46,44,63.63
CELL_33720,Neuron,92.98,21,69.99
CELL_19004,Leukocyte,91.01,17,73.29
CELL_69509,Leukocyte,22.44,32,73.94
CELL_91205,Myocyte,65.02,14,73.29
CELL_39026,Neuron,5.95,11,71.13
CELL_91416,Myocyte,100.9,31,67.86
CELL_60114,Neuron,107.0,10,96.94
CELL_51913,Erythrocyte,15.16,24,68.07
CELL_75510,Fibroblast,9.65,14,70.04
CELL_70240,Neuron,21.52,23,66.64
CELL_64124,Fibroblast,119.0,34,98.65
CELL_93978,Neuron,48.18,33,70.9
CELL_44225,Neuron,33.66,29,59.81
CELL_83130,Myocyte,108.28,39,95.6
CELL_96425,Stem Cell,94.04,29,88.15
CELL_67053,Erythrocyte,41.3,28,57.76
CELL_16254,Erythrocyte,60.48,10,76.04
CELL_74449,Myocyte,54.34,25,72.34
CELL_97757,Erythrocyte,22.76,41,70.86
CELL_12349,Stem Cell,5.4,23,59.14
CELL_13463,Neuron,118.87,23,87.38
CELL_29701,Fibroblast,75.66,9,81.28
CELL_52683,Leukocyte,42.12,50,77.23
CELL_73919,Neuron,59.17,49,66.25
CELL_69004,Stem Cell,110.24,50,85.42
CELL_64384,Fibroblast,64.56,26,53.35
CELL_24421,Leukocyte,67.42,50,87.92
CELL_63825,Epithelial,94.25,27,99.72
CELL_62290,Fibroblast,72.04,10,65.2
CELL_36535,Stem Cell,65.28,39,73.92
CELL_76497,Fibroblast,115.57,21,74.36
CELL_41605,Fibroblast,20.01,41,67.9
CELL_64036,Neuron,11.72,34,62.91
CELL_94023,Myocyte,42.88,38,67.53
CELL_57346,Epithelial,86.16,45,99.59
CELL_61308,Fibroblast,116.48,6,87.6
CELL_45508,Erythrocyte,34.89,49,83.73
CELL_14998,Epithelial,71.23,22,99.03
CELL_79407,Neuron,46.18,49,95.26
CELL_52341,Erythrocyte,31.59,17,90.05
CELL_16574,Erythrocyte,86.86,34,95.36
CELL_51060,Neuron,29.5,21,58.34
CELL_31857,Myocyte,53.25,19,96.19
CELL_58662,Fibroblast,45.18,32,79.61
CELL_45061,Fibroblast,71.01,7,75.2
CELL_83884,Stem Cell,18.76,45,53.83
CELL_19626,Leukocyte,79.98,11,81.63
CELL_21350,Neuron,96.38,28,52.35
CELL_51111,Myocyte,118.84,16,65.02
CELL_54319,Stem Cell,55.49,35,84.29
CELL_42794,Myocyte,115.48,20,72.59
CELL_24262,Myocyte,63.55,37,68.86
CELL_43484,Myocyte,75.17,39,69.16
CELL_68386,Epithelial,98.65,37,60.89
CELL_43534,Erythrocyte,90.11,43,60.81
CELL_59550,Stem Cell,22.37,29,91.51
CELL_72581,Myocyte,73.08,22,88.54
CELL_20591,Neuron,52.84,30,58.16
CELL_76841,Leukocyte,69.12,48,62.98
CELL_84762,Fibroblast,12.9,40,87.72
CELL_15922,Erythrocyte,68.04,11,95.53
CELL_44230,Epithelial,73.29,40,74.41
CELL_92885,Stem Cell,82.82,39,53.36
CELL_36137,Epithelial,15.02,50,68.63
CELL_89554,Epithelial,103.4,31,90.93
CELL_36418,Fibroblast,76.82,43,63.25
CELL_97585,Leukocyte,14.54,26,77.73
CELL_66321,Myocyte,22.34,42,98.81
CELL_94393,Erythrocyte,54.91,38,63.46
CELL_22843,Erythrocyte,86.17,6,87.02
CELL_55683,Epithelial,31.92,16,54.89
CELL_60795,Epithelial,105.42,25,85.49
CELL_16265,Leukocyte,88.2,44,55.68
CELL_86824,Myocyte,47.78,41,97.08
CELL_16964,Fibroblast,57.9,9,91.61
CELL_10255,Erythrocyte,75.55,40,73.97
CELL_20183,Myocyte,38.07,31,55.13
CELL_90714,Myocyte,83.6,38,82.9
CELL_94756,Epithelial,7.77,9,57.04
CELL_79827,Myocyte,88.22,14,81.67
CELL_87156,Neuron,103.01,10,98.66
CELL_59401,Neuron,31.0,21,68.77
CELL_88916,Epithelial,92.89,47,96.44
CELL_20554,Fibroblast,81.37,26,66.29
CELL_22841,Erythrocyte,113.78,39,80.59
CELL_33111,Fibroblast,55.66,42,88.09
CELL_76589,Neuron,117.75,7,56.78
CELL_74002,Myocyte,54.09,48,52.53
CELL_39024,Stem Cell,75.13,35,86.75
CELL_80155,Epithelial,5.82,47,79.8
CELL_27869,Erythrocyte,41.21,41,94.12
CELL_12402,Stem Cell,45.4,28,94.6
CELL_21204,Neuron,33.64,31,80.09
CELL_50763,Fibroblast,43.05,14,73.94
CELL_90334,Myocyte,68.61,15,62.79
CELL_15582,Epithelial,103.26,45,89.86
CELL_48886,Stem Cell,112.71,5,93.47
CELL_92296,Neuron,12.76,42,76.02
CELL_69910,Stem Cell,77.36,43,88.54
CELL_38940,Epithelial,22.37,27,59.61
CELL_83386,Myocyte,11.23,49,66.94
CELL_44475,Erythrocyte,103.32,11,95.97
CELL_12567,Leukocyte,88.17,25,86.37
CELL_73209,Myocyte,67.42,41,77.7
CELL_66608,Fibroblast,21.24,42,94.06
CELL_26857,Leukocyte,49.45,32,52.22
CELL_63100,Fibroblast,58.04,33,83.74
CELL_52505,Myocyte,62.39,29,57.88
CELL_47465,Epithelial,74.84,42,74.68
CELL_91241,Fibroblast,93.72,50,77.82
CELL_50724,Epithelial,64.73,10,92.07
CELL_65803,Myocyte,117.8,8,95.9
CELL_29406,Myocyte,65.74,18,79.9
CELL_46960,Neuron,39.72,31,51.55
CELL_37435,Leukocyte,54.97,18,83.27
CELL_44919,Leukocyte,42.89,17,82.54
CELL_77671,Stem Cell,89.18,26,82.56
CELL_38744,Leukocyte,70.12,8,69.37
CELL_73783,Epithelial,92.03,37,85.6
CELL_76760,Erythrocyte,28.9,19,92.95
CELL_44508,Neuron,38.63,35,60.86
CELL_40144,Epithelial,67.54,48,81.86
CELL_85990,Neuron,27.84,10,99.35
CELL_63803,Stem Cell,31.35,31,52.34
CELL_85545,Stem Cell,65.92,8,98.14
CELL_60675,Neuron,39.02,15,70.27
CELL_70953,Neuron,111.21,32,97.24
CELL_37523,Stem Cell,30.26,44,58.13
CELL_67836,Erythrocyte,114.78,5,92.57
CELL_91764,Epithelial,5.06,12,89.58
CELL_74495,Erythrocyte,28.29,35,66.15
CELL_68788,Myocyte,116.82,35,52.39
CELL_47673,Neuron,45.61,23,94.57
CELL_69284,Leukocyte,71.25,27,88.35
CELL_63088,Leukocyte,90.8,48,55.26
CELL_26916,Neuron,113.64,23,85.81
CELL_27800,Erythrocyte,63.7,12,67.23
CELL_43423,Fibroblast,111.38,27,95.85
CELL_75003,Myocyte,70.86,16,71.3
CELL_99994,Erythrocyte,92.33,36,84.34
CELL_65380,Neuron,9.79,5,65.37
CELL_87362,Stem Cell,25.12,48,58.15
CELL_13707,Erythrocyte,15.27,47,65.73
CELL_41806,Myocyte,65.33,25,84.7
CELL_23422,Stem Cell,108.49,18,76.74
CELL_44242,Erythrocyte,117.13,24,54.1
CELL_68744,Epithelial,119.4,43,64.9
CELL_96314,Stem Cell,96.35,41,75.1
CELL_23808,Neuron,10.21,31,51.7
CELL_46534,Myocyte,57.51,42,61.09
CELL_53439,Leukocyte,34.99,21,83.42
CELL_93956,Fibroblast,66.21,14,88.62
CELL_20558,Fibroblast,102.71,44,70.54
CELL_93179,Myocyte,82.4,28,75.78
CELL_36003,Erythrocyte,119.5,33,69.84
CELL_74081,Myocyte,10.0,36,57.28
CELL_91821,Neuron,65.47,38,79.06
CELL_83960,Leukocyte,106.38,48,88.72
CELL_93719,Stem Cell,23.19,49,55.53
CELL_67718,Erythrocyte,108.01,27,83.65
CELL_85512,Erythrocyte,78.74,13,56.86
CELL_16106,Erythrocyte,112.52,44,79.21
CELL_18313,Erythrocyte,116.69,50,53.42
CELL_64522,Erythrocyte,10.45,40,82.31
CELL_27949,Stem Cell,97.24,13,67.15
CELL_29043,Stem Cell,117.31,25,99.95
CELL_57150,Leukocyte,8.78,38,77.22
CELL_24076,Epithelial,7.51,24,82.84
CELL_94497,Stem Cell,81.32,9,88.49
CELL_58066,Fibroblast,32.9,6,78.06
CELL_84145,Stem Cell,100.45,5,73.58
CELL_70988,Fibroblast,101.91,12,54.96
CELL_15583,Neuron,32.15,43,77.64
CELL_92828,Leukocyte,30.26,37,71.58
CELL_33847,Erythrocyte,48.73,10,50.55
CELL_20692,Fibroblast,71.72,24,74.81
CELL_72546,Myocyte,16.95,17,76.93
CELL_62903,Leukocyte,106.96,30,82.38
CELL_33436,Fibroblast,100.35,15,99.82
CELL_67422,Stem Cell,69.16,27,52.18
CELL_23866,Neuron,48.33,15,63.41
CELL_77415,Erythrocyte,94.6,42,76.39
CELL_68134,Leukocyte,11.42,26,94.29
CELL_79149,Fibroblast,76.87,23,56.54
CELL_12862,Fibroblast,108.73,7,56.17
CELL_16774,Leukocyte,102.92,21,50.72
CELL_31006,Leukocyte,60.6,42,97.3
CELL_78548,Leukocyte,27.6,34,60.6
CELL_64851,Myocyte,79.15,44,83.11
CELL_21360,Epithelial,12.47,17,84.69
CELL_47574,Fibroblast,95.91,24,68.19
CELL_69614,Erythrocyte,19.28,25,79.69
CELL_97246,Neuron,46.69,22,58.7
CELL_68615,Erythrocyte,100.47,43,85.92
CELL_63002,Neuron,5.03,32,80.1
CELL_47719,Leukocyte,55.32,44,89.14
CELL_11153,Leukocyte,66.02,30,50.6
CELL_78158,Stem Cell,79.29,46,80.63
CELL_91928,Myocyte,90.21,37,59.35
CELL_10381,Stem Cell,46.37,33,79.87
CELL_54871,Fibroblast,46.68,42,59.81
CELL_86805,Erythrocyte,83.04,25,50.21
CELL_33304,Erythrocyte,60.21,24,78.58
CELL_63427,Stem Cell,6.38,12,69.97
CELL_90933,Neuron,88.97,47,91.04
CELL_35831,Leukocyte,82.57,17,64.78
CELL_75394,Stem Cell,54.02,46,52.83
CELL_67932,Leukocyte,43.83,7,56.39
CELL_27774,Fibroblast,99.13,47,58.68
CELL_23820,Epithelial,39.7,24,94.01
CELL_25734,Myocyte,105.06,10,54.83
CELL_57662,Leukocyte,94.86,5,82.53
CELL_89738,Epithelial,64.32,20,97.7
CELL_25217,Erythrocyte,113.13,9,92.08
CELL_66825,Erythrocyte,32.39,14,83.86
CELL_89341,Myocyte,102.72,17,97.4
CELL_94121,Leukocyte,111.77,25,53.24
CELL_54084,Myocyte,53.16,49,77.08
CELL_48609,Erythrocyte,60.34,35,51.16
CELL_92827,Myocyte,5.7,38,61.03
CELL_55444,Myocyte,82.2,10,88.12
CELL_65444,Epithelial,65.39,40,58.68
CELL_83539,Neuron,79.39,47,99.12
CELL_27849,Epithelial,103.91,43,88.59
CELL_51292,Erythrocyte,81.29,35,52.62
CELL_94516,Neuron,22.28,39,60.78
CELL_20561,Erythrocyte,21.28,37,77.37
CELL_54195,Leukocyte,112.55,42,70.7
CELL_85662,Leukocyte,17.34,29,64.12
CELL_54760,Fibroblast,37.02,44,79.66
CELL_27854,Leukocyte,101.0,12,91.31
CELL_56235,Erythrocyte,108.98,43,77.4
CELL_86342,Stem Cell,25.62,50,73.37
CELL_10428,Neuron,51.34,11,63.39
CELL_67846,Myocyte,78.55,31,51.02
CELL_50546,Epithelial,59.54,41,61.64
CELL_43503,Stem Cell,101.3,17,92.57
CELL_90924,Neuron,9.63,14,52.37
CELL_76008,Erythrocyte,52.39,29,78.87
CELL_10633,Fibroblast,111.82,24,58.56
CELL_37054,Stem Cell,19.65,41,79.25
CELL_32193,Myocyte,106.03,42,92.72
CELL_26267,Leukocyte,117.27,39,53.6
CELL_87373,Epithelial,111.06,39,97.26
CELL_54006,Leukocyte,111.2,35,87.1
CELL_31570,Erythrocyte,15.83,24,59.49
CELL_86553,Neuron,65.53,32,52.58
CELL_60141,Leukocyte,47.14,35,97.91
CELL_73103,Epithelial,27.32,22,51.7
CELL_56906,Neuron,77.18,7,72.69
CELL_94900,Myocyte,33.05,27,79.1
CELL_56633,Stem Cell,33.88,24,74.18
CELL_62988,Fibroblast,21.33,45,74.04
CELL_21487,Leukocyte,30.07,14,65.39
CELL_64143,Myocyte,113.65,13,76.59
CELL_13531,Leukocyte,64.2,28,52.29
CELL_12438,Neuron,100.31,20,68.71
CELL_52411,Fibroblast,96.75,28,60.51
CELL_57901,Stem Cell,74.57,25,98.28
CELL_70746,Myocyte,89.37,33,71.87
CELL_83210,Fibroblast,117.78,46,58.51
CELL_17838,Fibroblast,109.06,40,89.81
CELL_89534,Neuron,101.08,48,81.61
CELL_97763,Myocyte,87.3,14,97.31
CELL_23797,Stem Cell,71.41,40,79.46
CELL_51842,Epithelial,44.68,10,51.87
CELL_32202,Leukocyte,65.11,38,99.03
CELL_25571,Myocyte,32.01,48,53.83
CELL_83106,Leukocyte,80.56,18,67.58
CELL_91103,Stem Cell,67.09,35,96.74
CELL_57318,Neuron,92.59,32,52.24
CELL_48934,Fibroblast,88.42,7,91.07
CELL_10949,Myocyte,106.85,31,99.95
CELL_19392,Leukocyte,89.92,31,68.49
CELL_65493,Fibroblast,118.26,36,95.11
CELL_44191,Epithelial,57.39,18,64.35
CELL_14352,Myocyte,14.75,17,83.52
CELL_26075,Epithelial,30.64,44,90.59
CELL_74512,Myocyte,83.35,27,63.65
CELL_48459,Neuron,102.36,23,82.57
CELL_20997,Epithelial,14.38,6,51.38
CELL_91590,Myocyte,15.25,21,77.01
CELL_71554,Erythrocyte,23.34,48,50.78
CELL_64744,Stem Cell,64.87,20,89.92
CELL_39629,Fibroblast,106.74,25,64.55
CELL_27423,Epithelial,80.24,15,54.66
CELL_45211,Erythrocyte,68.88,40,68.13
CELL_92694,Stem Cell,68.75,34,89.16
CELL_11155,Stem Cell,94.55,41,89.55
CELL_86533,Neuron,107.03,48,97.4
CELL_28001,Stem Cell,99.9,42,60.26
CELL_71409,Myocyte,66.41,41,67.31
CELL_17254,Fibroblast,12.86,5,94.08
CELL_75382,Fibroblast,63.6,39,56.04
CELL_72464,Erythrocyte,83.16,10,96.41
CELL_48974,Stem Cell,38.27,26,57.74
CELL_59831,Fibroblast,65.94,29,76.89
CELL_77690,Neuron,101.05,40,93.43
CELL_17788,Erythrocyte,82.17,34,53.53
CELL_50955,Stem Cell,82.6,34,77.11
CELL_76859,Erythrocyte,98.81,7,96.87
CELL_15858,Neuron,30.63,23,55.44
CELL_32053,Neuron,104.82,41,94.51
CELL_73318,Myocyte,76.62,11,96.07
CELL_34248,Leukocyte,70.42,11,94.6
CELL_70562,Leukocyte,91.5,8,95.85
CELL_56586,Epithelial,21.55,17,53.56
CELL_70971,Epithelial,32.28,25,74.4
CELL_14503,Neuron,49.25,48,65.96
CELL_38441,Myocyte,52.92,8,92.96
CELL_15644,Erythrocyte,62.7,23,91.53
CELL_41946,Neuron,80.13,33,83.26
CELL_19669,Neuron,72.71,34,98.71
CELL_70475,Epithelial,116.99,24,55.13
CELL_43619,Myocyte,89.16,31,56.49
CELL_47965,Epithelial,45.88,21,81.75
CELL_67726,Myocyte,54.31,44,52.45
CELL_74423,Stem Cell,21.68,15,52.42
CELL_78890,Myocyte,26.3,9,91.29
CELL_18214,Neuron,101.02,8,69.28
CELL_21223,Epithelial,58.1,33,89.17
CELL_50277,Neuron,52.81,32,71.04
CELL_84269,Myocyte,14.98,14,80.82
CELL_33756,Epithelial,7.05,43,72.62
CELL_26441,Erythrocyte,90.17,12,67.62
CELL_26178,Leukocyte,10.8,44,67.94
CELL_86723,Fibroblast,85.35,14,56.33
CELL_80806,Erythrocyte,117.6,8,60.6
CELL_58209,Leukocyte,8.82,44,86.77
CELL_41360,Leukocyte,99.53,36,82.84
CELL_56419,Fibroblast,117.76,16,51.83
CELL_17633,Erythrocyte,105.16,19,53.91
CELL_32426,Fibroblast,61.92,23,98.58
CELL_60638,Fibroblast,74.61,6,85.27
CELL_22489,Myocyte,33.01,30,95.02
CELL_17607,Neuron,23.86,35,94.86
CELL_52712,Fibroblast,14.28,43,67.05
CELL_54685,Neuron,33.69,26,94.68
CELL_93666,Stem Cell,51.75,41,77.35
CELL_75594,Erythrocyte,17.36,15,85.14
CELL_81259,Fibroblast,89.21,22,96.17
CELL_25654,Epithelial,111.3,19,95.74
CELL_48591,Fibroblast,67.96,12,63.63
CELL_29224,Stem Cell,69.26,8,75.51
CELL_37468,Myocyte,76.14,47,66.8
CELL_68134,Leukocyte,25.96,41,91.12
CELL_33325,Neuron,95.05,31,83.89
CELL_99594,Myocyte,24.54,32,88.48
CELL_77865,Fibroblast,6.7,5,50.37
CELL_39557,Myocyte,8.44,13,70.62
CELL_89352,Erythrocyte,46.61,8,59.53
CELL_22784,Erythrocyte,74.73,21,94.24
CELL_91580,Leukocyte,7.63,16,59.44
CELL_21986,Fibroblast,73.52,43,85.96
CELL_20393,Epithelial,98.09,36,98.47
CELL_43994,Myocyte,62.32,29,83.3
CELL_98076,Leukocyte,102.59,43,69.31
CELL_40953,Erythrocyte,110.8,39,82.46
CELL_15950,Leukocyte,15.63,6,52.73
CELL_69340,Leukocyte,51.82,25,99.58
CELL_32350,Erythrocyte,112.15,36,83.43
CELL_11246,Stem Cell,45.22,47,69.2
CELL_61718,Neuron,33.47,38,70.56
CELL_87272,Leukocyte,75.19,45,63.61
CELL_93233,Epithelial,23.6,13,67.37
CELL_32351,Neuron,81.72,5,98.87
CELL_99104,Neuron,92.72,36,64.33
CELL_81434,Epithelial,92.04,8,65.7
CELL_81007,Erythrocyte,82.45,44,99.33
CELL_86824,Stem Cell,113.58,28,60.5
CELL_70504,Leukocyte,6.1,43,64.35
CELL_77475,Myocyte,81.14,21,64.11
CELL_35881,Myocyte,59.84,34,61.5
CELL_87232,Fibroblast,48.16,38,52.91
CELL_23120,Erythrocyte,45.76,21,96.37
CELL_47972,Epithelial,85.53,37,72.95
CELL_20781,Fibroblast,67.36,14,57.88
CELL_10094,Epithelial,50.21,27,74.52
CELL_13029,Erythrocyte,90.06,28,99.2
CELL_54414,Epithelial,24.41,33,87.34
CELL_89769,Leukocyte,91.12,12,94.5
CELL_20600,Epithelial,11.09,25,84.26
CELL_80396,Leukocyte,9.07,14,51.03
CELL_30866,Leukocyte,75.22,29,51.02
CELL_52499,Leukocyte,7.5,29,90.88
CELL_34444,Erythrocyte,81.5,42,83.76
CELL_94468,Leukocyte,19.88,47,94.78
CELL_69288,Neuron,43.25,33,61.09
CELL_80239,Myocyte,44.84,34,83.51
CELL_64323,Fibroblast,118.14,23,98.07
CELL_75012,Myocyte,13.36,10,95.63
CELL_50860,Neuron,18.36,26,58.08
CELL_64804,Epithelial,96.42,47,71.71
CELL_99100,Erythrocyte,72.62,10,57.42
CELL_76402,Fibroblast,50.7,13,67.47
CELL_89035,Neuron,96.84,35,65.34
CELL_36313,Epithelial,38.99,32,98.18
CELL_83536,Fibroblast,79.26,21,74.8
CELL_88543,Epithelial,54.99,24,90.32
CELL_10314,Epithelial,49.23,38,61.77
CELL_29183,Stem Cell,26.8,39,50.68
CELL_95715,Epithelial,113.24,37,81.65
CELL_85581,Fibroblast,42.88,26,70.41
CELL_37239,Stem Cell,92.0,28,85.69
CELL_71981,Neuron,117.1,46,55.27
CELL_23647,Epithelial,82.8,30,96.07
CELL_45674,Erythrocyte,75.04,48,91.06
CELL_98598,Fibroblast,98.41,44,69.08
CELL_81601,Epithelial,82.7,6,83.21
CELL_88694,Erythrocyte,42.86,25,79.67
CELL_53531,Neuron,102.56,8,68.6
CELL_63254,Myocyte,52.74,15,96.1
CELL_19953,Leukocyte,91.25,10,59.83
CELL_93739,Fibroblast,23.49,37,75.38
CELL_52365,Fibroblast,97.12,11,76.49
CELL_80464,Stem Cell,69.72,15,57.7
CELL_56004,Fibroblast,67.68,20,71.78
CELL_69713,Epithelial,74.77,25,67.27
CELL_48573,Fibroblast,29.73,6,54.53
CELL_42068,Fibroblast,77.89,17,50.47
CELL_97647,Neuron,7.82,42,81.79
CELL_28250,Erythrocyte,39.88,42,68.66
CELL_42588,Neuron,64.14,14,82.06
CELL_37774,Myocyte,10.17,24,56.3
CELL_30175,Erythrocyte,99.16,45,96.11
CELL_16916,Leukocyte,107.41,27,66.35
CELL_43516,Epithelial,33.81,9,74.8
CELL_96536,Erythrocyte,104.63,20,59.89
CELL_59549,Myocyte,81.86,32,69.0
CELL_30463,Leukocyte,110.78,28,90.14
CELL_28939,Stem Cell,19.8,43,75.87
CELL_77224,Stem Cell,27.87,24,76.82
CELL_59523,Stem Cell,78.15,23,87.81
