cell_id,cell_type,diameter_um,organelle_count,viability_pct
CELL_58256,Epithelial,95.09,12,96.68
CELL_92161,Myocyte,56.23,46,65.75
CELL_22217,Myocyte,66.59,30,59.8
CELL_63768,Neuron,63.99,42,78.15
CELL_93084,Erythrocyte,28.61,27,87.51
CELL_13981,Stem Cell,17.31,37,79.94
CELL_91026,Epithelial,106.28,32,69.79
CELL_12140,Stem Cell,94.17,10,85.96
CELL_12202,Erythrocyte,40.77,29,93.32
CELL_81692,Leukocyte,110.24,35,91.84
CELL_11800,Fibroblast,38.23,15,53.34
CELL_83148,Neuron,52.24,18,56.03
CELL_47901,Erythrocyte,104.76,27,73.42
CELL_36754,Stem Cell,61.16,47,76.52
CELL_50591,Leukocyte,30.04,40,91.69
CELL_14894,Erythrocyte,72.4,5,89.26
CELL_17498,Epithelial,83.76,45,69.79
CELL_54994,Fibroblast,78.4,40,51.72
CELL_37540,Fibroblast,78.11,10,54.91
CELL_65192,Myocyte,72.38,28,84.68
CELL_78492,Neuron,118.12,43,54.98
CELL_48230,Myocyte,115.76,7,84.09
CELL_92167,Erythrocyte,10.35,5,99.02
CELL_34798,Myocyte,97.34,5,75.62
CELL_47075,Stem Cell,104.26,9,99.53
CELL_15245,Stem Cell,98.37,50,91.99
CELL_48760,Myocyte,104.61,47,86.01
CELL_47442,Leukocyte,93.22,42,99.05
CELL_45973,Fibroblast,38.37,8,71.46
CELL_62215,Leukocyte,87.43,44,59.06
CELL_50834,Fibroblast,34.63,40,87.97
CELL_60362,Stem Cell,22.77,34,95.47
CELL_69219,Neuron,86.36,19,70.72
CELL_89057,Epithelial,6.73,48,85.68
CELL_20612,Neuron,67.12,13,81.72
CELL_45619,Stem Cell,86.73,47,84.39
CELL_98578,Stem Cell,46.39,39,79.71
CELL_51313,Neuron,7.24,17,61.15
CELL_37551,Myocyte,65.5,24,98.99
CELL_27388,Stem Cell,9.81,23,67.41
CELL_85279,Epithelial,31.32,36,66.83
CELL_71737,Erythrocyte,28.4,46,65.57
CELL_86618,Neuron,20.79,45,76.49
CELL_70717,Epithelial,94.97,44,65.38
CELL_84795,Stem Cell,76.25,42,65.17
CELL_35316,Leukocyte,21.85,27,62.72
CELL_17898,Erythrocyte,88.23,50,58.45
CELL_92418,Leukocyte,110.96,8,55.53
CELL_22205,Stem Cell,17.07,32,89.38
CELL_31881,Neuron,98.24,8,65.0
CELL_95208,Fibroblast,30.58,36,77.1
CELL_95208,Neuron,74.49,7,57.49
CELL_61374,Leukocyte,114.4,8,94.04
CELL_80864,Epithelial,93.18,43,62.42
CELL_12892,Epithelial,6.85,48,78.69
CELL_44137,Neuron,71.55,38,59.47
CELL_53914,Erythrocyte,102.44,38,90.83
CELL_89079,Stem Cell,99.72,6,90.47
CELL_88509,Stem Cell,106.53,31,52.89
CELL_26044,Myocyte,57.66,5,92.76
CELL_16707,Leukocyte,53.73,38,61.91
CELL_71430,Leukocyte,47.78,40,84.65
CELL_57406,Stem Cell,44.5,11,86.08
CELL_48418,Stem Cell,106.07,23,78.46
CELL_75333,Erythrocyte,41.9,47,58.83
CELL_17085,Epithelial,79.53,7,95.89
CELL_63381,Myocyte,17.59,45,72.04
CELL_10880,Epithelial,45.79,13,75.68
CELL_90037,Neuron,108.1,33,78.32
CELL_47984,Epithelial,14.78,39,96.74
CELL_76729,Epithelial,76.3,27,94.3
CELL_38777,Erythrocyte,97.31,42,87.52
CELL_44612,Myocyte,85.16,37,68.91
CELL_47323,Leukocyte,46.73,38,76.65
CELL_12812,Stem Cell,38.64,28,83.31
CELL_44812,Myocyte,24.49,50,79.63
CELL_84566,Fibroblast,18.68,38,89.34
CELL_71504,Leukocyte,73.85,43,53.24
CELL_67067,Epithelial,64.82,36,75.93
CELL_88869,Stem Cell,66.87,44,64.76
CELL_99078,Erythrocyte,16.11,5,65.2
CELL_39843,Neuron,119.77,45,63.68
CELL_42693,Myocyte,119.43,10,86.26
CELL_56033,Erythrocyte,86.94,28,62.95
CELL_52162,Stem Cell,36.54,18,72.49
CELL_93416,Fibroblast,11.74,12,65.94
CELL_39700,Neuron,78.62,17,51.92
CELL_85331,Neuron,49.14,13,58.71
CELL_85732,Erythrocyte,91.16,15,96.76
CELL_29226,Fibroblast,119.11,41,85.74
CELL_47273,Stem Cell,8.58,13,87.46
CELL_34970,Neuron,13.56,32,59.16
CELL_75463,Leukocyte,88.99,5,86.21
CELL_27232,Leukocyte,50.4,42,86.97
CELL_44918,Fibroblast,59.14,5,98.89
CELL_70399,Erythrocyte,5.68,49,95.52
CELL_48026,Neuron,27.8,24,90.6
CELL_35962,Neuron,9.44,38,77.52
CELL_35139,Myocyte,21.18,16,91.7
CELL_26480,Fibroblast,66.58,19,56.73
CELL_72027,Neuron,71.52,17,85.32
CELL_12569,Myocyte,52.48,39,98.59
CELL_12213,Fibroblast,74.42,31,93.09
CELL_83463,Neuron,105.07,10,75.03
CELL_28604,Myocyte,112.63,17,57.33
CELL_68301,Epithelial,102.29,33,95.51
CELL_23169,Neuron,100.98,48,96.01
CELL_60079,Neuron,110.42,35,86.92
CELL_15770,Fibroblast,42.46,18,56.19
CELL_87242,Neuron,66.52,29,55.46
CELL_44047,Epithelial,16.5,32,52.99
CELL_30596,Leukocyte,117.45,49,56.48
CELL_39786,Epithelial,64.99,28,51.13
CELL_16873,Erythrocyte,16.81,24,74.02
CELL_58713,Fibroblast,34.84,34,98.68
CELL_40288,Fibroblast,107.36,26,78.53
CELL_80418,Neuron,112.83,38,58.12
CELL_52636,Myocyte,83.25,31,55.99
CELL_13662,Stem Cell,65.9,26,77.19
CELL_83591,Neuron,96.94,25,80.61
CELL_35208,Erythrocyte,94.67,25,59.5
CELL_95553,Fibroblast,73.57,14,95.85
CELL_43159,Leukocyte,90.39,6,69.81
CELL_10168,Neuron,42.33,45,51.67
CELL_94756,Leukocyte,52.89,41,59.83
CELL_12051,Neuron,100.44,5,85.09
CELL_12354,Myocyte,30.72,19,93.58
CELL_57077,Stem Cell,108.36,17,90.81
CELL_65365,Fibroblast,83.64,15,70.9
CELL_33898,Myocyte,106.33,47,90.04
CELL_77551,Erythrocyte,17.45,43,96.17
CELL_23203,Erythrocyte,50.76,19,72.51
CELL_18197,Erythrocyte,7.48,48,84.16
CELL_27130,Stem Cell,43.4,43,67.84
CELL_26356,Neuron,28.23,41,56.31
CELL_92971,Stem Cell,24.21,41,63.1
CELL_27901,Neuron,46.19,50,82.66
CELL_90726,Neuron,37.54,9,93.73
CELL_71874,Leukocyte,46.93,30,79.27
CELL_58333,Stem Cell,38.64,10,61.29
CELL_96955,Epithelial,46.47,39,54.61
CELL_34540,Myocyte,42.18,50,90.68
CELL_16613,Myocyte,44.25,5,60.27
CELL_62937,Epithelial,79.57,29,88.83
CELL_80992,Myocyte,24.66,23,91.91
CELL_54093,Leukocyte,93.02,36,89.01
CELL_88701,Myocyte,85.82,25,80.26
CELL_75115,Erythrocyte,7.36,47,82.51
CELL_91962,Fibroblast,106.23,9,91.09
CELL_27976,Erythrocyte,26.43,18,61.33
CELL_47251,Leukocyte,80.86,42,70.48
CELL_93539,Leukocyte,18.57,22,98.81
CELL_75216,Fibroblast,49.41,34,89.67
CELL_93503,Leukocyte,88.09,17,92.05
CELL_16010,Neuron,109.33,32,89.98
CELL_77090,Neuron,10.39,36,97.53
CELL_76698,Fibroblast,76.88,49,57.28
CELL_59646,Myocyte,26.03,19,84.66
CELL_85978,Stem Cell,82.57,17,99.57
CELL_32190,Epithelial,51.94,10,62.53
CELL_46991,Neuron,70.68,28,58.52
CELL_23760,Fibroblast,59.57,16,91.35
CELL_81606,Myocyte,115.06,20,83.38
CELL_62156,Myocyte,85.34,10,66.36
CELL_15941,Myocyte,39.48,24,70.41
CELL_11394,Erythrocyte,17.9,34,55.87
CELL_32932,Leukocyte,65.53,17,59.27
CELL_41205,Leukocyte,103.37,50,85.31
CELL_94881,Leukocyte,32.19,44,78.24
CELL_61066,Stem Cell,44.92,38,55.83
CELL_20527,Myocyte,6.17,46,92.14
CELL_40406,Leukocyte,105.16,39,94.79
CELL_87033,Leukocyte,35.35,7,89.92
CELL_10938,Myocyte,60.67,42,75.17
CELL_12384,Stem Cell,22.28,22,76.77
CELL_45740,Stem Cell,30.17,31,63.8
CELL_43986,Myocyte,79.15,32,51.32
CELL_77240,Epithelial,115.11,25,87.61
CELL_89844,Myocyte,85.54,24,56.44
CELL_45127,Myocyte,35.22,13,87.4
CELL_62196,Erythrocyte,52.47,23,78.22
CELL_15511,Erythrocyte,43.73,23,84.12
CELL_33858,Neuron,8.41,49,51.01
CELL_77383,Myocyte,27.3,36,57.95
CELL_42091,Fibroblast,5.74,12,58.1
CELL_43430,Epithelial,86.63,35,65.42
CELL_63933,Myocyte,61.9,30,78.49
CELL_36576,Leukocyte,86.03,34,93.62
CELL_71722,Stem Cell,10.32,32,79.47
CELL_86317,Neuron,63.84,34,81.45
CELL_63598,Erythrocyte,63.33,12,95.39
CELL_71939,Epithelial,13.2,37,61.87
CELL_71697,Fibroblast,32.33,12,55.41
CELL_44137,Stem Cell,96.76,22,63.47
CELL_35672,Myocyte,96.29,7,53.45
CELL_38197,Myocyte,54.9,35,67.6
CELL_15207,Myocyte,80.68,23,63.85
CELL_95351,Erythrocyte,9.75,14,56.33
CELL_17696,Stem Cell,93.98,12,68.0
CELL_46233,Stem Cell,49.0,32,79.96
CELL_77641,Neuron,27.74,32,94.75
CELL_33125,Leukocyte,102.2,45,62.16
CELL_86004,Fibroblast,104.53,43,79.46
CELL_93276,Neuron,67.51,21,95.82
CELL_14091,Neuron,113.84,45,73.01
CELL_30164,Myocyte,86.03,46,52.7
CELL_14627,Fibroblast,67.48,35,96.73
CELL_39053,Leukocyte,97.3,35,64.89
CELL_25107,Erythrocyte,98.48,42,57.19
CELL_97306,Epithelial,106.78,35,80.75
CELL_88661,Stem Cell,37.92,40,74.23
CELL_68113,Stem Cell,15.77,34,54.95
CELL_40864,Myocyte,12.19,31,51.96
CELL_59201,Myocyte,92.16,26,70.75
CELL_54382,Epithelial,54.86,25,87.67
CELL_81823,Fibroblast,114.05,6,94.8
CELL_40812,Stem Cell,69.95,36,94.13
CELL_25033,Epithelial,82.01,31,98.01
CELL_71714,Stem Cell,91.87,40,80.33
CELL_43669,Stem Cell,69.23,29,89.42
CELL_79580,Leukocyte,37.02,9,60.92
CELL_77354,Leukocyte,20.85,30,90.39
CELL_89754,Leukocyte,70.52,41,75.41
CELL_67602,Stem Cell,72.01,26,71.31
CELL_30707,Leukocyte,29.15,50,56.89
CELL_66727,Myocyte,109.58,43,75.06
CELL_58274,Fibroblast,49.0,30,75.13
CELL_76227,Neuron,97.73,30,99.2
CELL_74656,Stem Cell,74.78,37,57.06
CELL_65010,Neuron,30.87,44,66.34
CELL_41025,Neuron,83.85,16,51.84
CELL_69801,Stem Cell,35.97,28,72.03
CELL_38039,Leukocyte,97.43,7,98.68
CELL_66545,Epithelial,57.62,8,88.94
CELL_78898,Epithelial,35.72,13,96.68
CELL_88238,Myocyte,86.85,29,78.74
CELL_57153,Leukocyte,103.78,10,82.94
CELL_96660,Epithelial,110.81,19,52.35
CELL_73965,Leukocyte,89.79,15,91.45
CELL_94580,Stem Cell,33.88,12,98.27
CELL_28571,Erythrocyte,47.98,38,57.76
CELL_30181,Neuron,34.03,43,94.94
CELL_59213,Neuron,5.8,45,71.78
CELL_95675,Erythrocyte,44.02,12,82.02
CELL_54591,Myocyte,99.37,36,79.27
CELL_92106,Leukocyte,49.39,33,78.97
CELL_24967,Erythrocyte,57.32,26,78.78
CELL_21649,Stem Cell,46.39,48,51.22
CELL_30201,Stem Cell,13.66,46,81.42
CELL_16719,Erythrocyte,52.97,30,95.31
CELL_11654,Neuron,62.62,50,78.63
CELL_31072,Stem Cell,13.92,23,91.9
CELL_39949,Leukocyte,43.92,10,55.15
CELL_17384,Fibroblast,105.91,43,89.1
CELL_91831,Stem Cell,14.65,12,66.48
CELL_61748,Neuron,5.32,12,99.23
CELL_80384,Leukocyte,25.86,7,75.77
CELL_93300,Erythrocyte,55.3,20,78.89
CELL_40994,Erythrocyte,84.59,21,64.42
CELL_96563,Epithelial,113.73,22,87.38
CELL_51958,Fibroblast,49.05,14,56.5
CELL_10589,Myocyte,89.76,50,71.23
CELL_10776,Stem Cell,104.05,25,63.8
CELL_72052,Neuron,90.72,16,94.53
CELL_56366,Neuron,95.18,38,75.35
CELL_80087,Leukocyte,54.87,48,69.84
CELL_57206,Myocyte,60.16,49,66.9
CELL_35621,Neuron,75.52,6,71.82
CELL_68547,Myocyte,29.44,34,91.2
CELL_20535,Fibroblast,16.1,23,57.51
CELL_68016,Erythrocyte,64.89,17,56.94
CELL_42558,Stem Cell,75.11,37,63.92
CELL_16806,Stem Cell,70.44,31,52.27
CELL_55892,Fibroblast,75.69,12,83.48
CELL_53971,Stem Cell,105.16,10,75.25
CELL_34072,Neuron,95.93,10,77.44
CELL_53551,Myocyte,74.61,29,52.84
CELL_40734,Leukocyte,7.71,42,89.91
CELL_31762,Stem Cell,60.26,13,81.57
CELL_67278,Stem Cell,53.42,20,64.74
CELL_57897,Epithelial,49.59,49,65.42
CELL_65315,Leukocyte,101.51,44,70.74
CELL_60871,Myocyte,51.49,17,81.72
CELL_81220,Fibroblast,100.09,20,94.94
CELL_43895,Fibroblast,49.95,5,56.83
CELL_30327,Epithelial,38.84,30,74.32
CELL_81213,Stem Cell,67.91,8,94.89
CELL_46625,Erythrocyte,91.29,5,73.0
CELL_60864,Leukocyte,101.97,41,98.3
CELL_74549,Myocyte,11.95,36,78.86
CELL_10136,Neuron,47.25,18,86.87
CELL_13968,Epithelial,113.31,22,58.06
CELL_56590,Epithelial,10.15,41,51.92
CELL_54593,Erythrocyte,19.96,24,94.72
CELL_62670,Fibroblast,77.51,31,89.08
CELL_47100,Leukocyte,108.28,47,51.57
CELL_60806,Erythrocyte,36.2,32,73.38
CELL_40770,Myocyte,60.68,31,90.34
CELL_82558,Leukocyte,50.76,49,85.31
CELL_36126,Neuron,30.86,36,90.61
CELL_33388,Leukocyte,116.89,31,79.37
CELL_61775,Neuron,11.74,33,55.35
CELL_88156,Epithelial,62.84,12,83.41
CELL_11986,Leukocyte,96.44,24,89.07
CELL_17722,Leukocyte,6.82,26,85.96
CELL_37149,Myocyte,19.87,44,81.32
CELL_92998,Neuron,94.15,49,56.85
CELL_10659,Fibroblast,72.23,14,89.98
CELL_88583,Fibroblast,86.75,22,84.08
CELL_27100,Erythrocyte,10.85,49,89.63
CELL_19011,Stem Cell,74.98,18,78.89
CELL_48174,Leukocyte,49.08,42,60.26
CELL_75989,Erythrocyte,33.43,20,92.53
CELL_22173,Stem Cell,37.26,11,52.83
CELL_57329,Myocyte,23.18,8,51.13
CELL_85100,Leukocyte,103.23,5,78.71
CELL_76697,Fibroblast,60.5,35,98.62
CELL_75477,Stem Cell,96.12,19,73.89
CELL_33378,Leukocyte,67.49,32,58.58
CELL_60801,Stem Cell,21.82,32,88.62
CELL_28554,Fibroblast,107.88,49,76.93
CELL_93111,Epithelial,74.97,46,94.42
CELL_34763,Stem Cell,94.26,32,81.24
CELL_25268,Leukocyte,105.9,30,68.42
CELL_69815,Myocyte,14.93,6,80.01
CELL_88779,Myocyte,19.04,47,53.9
CELL_64563,Leukocyte,36.38,36,63.75
CELL_50495,Epithelial,90.81,22,93.32
CELL_49479,Stem Cell,25.44,15,98.19
CELL_60090,Erythrocyte,91.84,18,80.65
CELL_64929,Epithelial,30.74,9,58.21
CELL_10935,Stem Cell,31.33,20,97.85
CELL_40473,Myocyte,25.31,33,54.51
CELL_51514,Myocyte,107.28,15,82.51
CELL_37141,Fibroblast,35.59,19,69.8
CELL_72888,Fibroblast,80.37,13,76.47
CELL_58872,Erythrocyte,97.95,36,98.34
CELL_49043,Fibroblast,68.69,21,64.54
CELL_79913,Stem Cell,47.34,26,65.15
CELL_27149,Leukocyte,48.86,16,68.93
CELL_30719,Neuron,58.08,7,63.69
CELL_18092,Leukocyte,84.46,14,60.24
CELL_33601,Myocyte,45.73,36,83.86
CELL_84805,Erythrocyte,13.71,20,98.98
CELL_48218,Neuron,79.25,34,94.03
CELL_54661,Myocyte,94.04,6,53.9
CELL_90349,Neuron,107.01,43,92.84
CELL_30026,Stem Cell,70.84,35,96.15
CELL_17281,Neuron,80.5,47,68.11
CELL_94940,Stem Cell,23.87,49,70.5
CELL_64899,Stem Cell,75.92,43,86.18
CELL_38281,Epithelial,62.43,21,92.15
CELL_35149,Stem Cell,62.88,32,64.21
CELL_13008,Myocyte,25.65,42,95.89
CELL_32223,Epithelial,53.41,22,66.5
CELL_49636,Stem Cell,31.1,48,89.61
CELL_44391,Neuron,97.09,5,84.54
CELL_35305,Erythrocyte,107.69,37,78.01
CELL_69186,Erythrocyte,46.36,7,57.58
CELL_94164,Leukocyte,34.88,16,87.85
CELL_93435,Erythrocyte,102.97,46,61.13
CELL_69342,Myocyte,15.35,34,57.81
CELL_99524,Epithelial,23.45,6,50.86
CELL_66176,Myocyte,109.11,41,79.59
CELL_86096,Epithelial,50.36,49,82.28
CELL_65680,Erythrocyte,48.2,30,74.67
CELL_12089,Epithelial,51.94,19,64.21
CELL_60699,Leukocyte,89.4,38,81.05
CELL_75896,Stem Cell,83.53,18,66.34
CELL_74182,Leukocyte,86.28,7,93.29
CELL_20017,Fibroblast,22.65,49,94.97
CELL_24720,Stem Cell,6.76,21,53.57
CELL_76137,Stem Cell,118.82,20,82.0
CELL_79866,Leukocyte,62.52,27,95.44
CELL_95887,Myocyte,52.3,11,83.14
CELL_38898,Neuron,54.05,14,76.8
CELL_86545,Stem Cell,19.29,13,72.52
CELL_90982,Fibroblast,14.27,34,98.37
CELL_12207,Epithelial,19.17,13,99.88
CELL_81788,Erythrocyte,119.62,21,68.89
CELL_49002,Myocyte,94.16,5,55.58
CELL_24644,Erythrocyte,10.48,27,65.45
CELL_14808,Epithelial,21.68,13,83.0
CELL_57943,Stem Cell,90.52,26,55.48
CELL_32783,Myocyte,52.43,26,69.02
CELL_24304,Erythrocyte,43.7,11,73.04
CELL_24931,Stem Cell,113.85,15,82.8
CELL_62198,Neuron,42.12,25,50.92
CELL_80526,Myocyte,64.49,45,84.65
CELL_14493,Stem Cell,111.51,42,93.96
CELL_22819,Neuron,68.78,45,54.89
CELL_26919,Myocyte,111.24,42,59.14
CELL_50943,Leukocyte,53.94,5,90.91
CELL_71108,Myocyte,97.78,32,58.07
CELL_12182,Neuron,52.14,5,61.14
CELL_55099,Erythrocyte,33.53,7,99.83
CELL_58510,Fibroblast,119.69,17,71.46
CELL_26116,Fibroblast,37.04,44,90.53
CELL_81392,Myocyte,56.69,43,71.39
CELL_43088,Epithelial,94.8,14,96.21
CELL_29631,Myocyte,82.64,26,90.46
CELL_25341,Epithelial,59.58,6,62.87
CELL_71310,Myocyte,79.61,24,87.35
CELL_33447,Stem Cell,95.54,39,97.01
CELL_65732,Epithelial,31.83,17,94.99
CELL_19374,Fibroblast,34.15,40,98.07
CELL_46132,Epithelial,14.85,30,78.03
CELL_13080,Epithelial,29.0,14,79.52
CELL_37004,Myocyte,76.97,22,81.66
CELL_12706,Fibroblast,78.55,49,72.66
CELL_44651,Erythrocyte,23.6,35,70.68
CELL_12547,Neuron,69.56,9,89.86
CELL_88897,Erythrocyte,29.16,18,94.78
CELL_79309,Neuron,95.74,30,71.11
CELL_87877,Myocyte,111.16,18,97.35
CELL_98972,Myocyte,23.69,28,60.49
CELL_94583,Fibroblast,56.07,44,80.01
CELL_22717,Epithelial,61.95,24,82.54
CELL_19653,Fibroblast,80.29,26,70.57
CELL_48348,Fibroblast,76.86,33,79.12
CELL_25999,Erythrocyte,84.38,38,69.37
CELL_40233,Erythrocyte,93.21,26,68.01
CELL_41497,Stem Cell,51.29,31,89.97
CELL_53874,Leukocyte,48.11,22,50.56
CELL_74836,Leukocyte,20.23,20,58.59
CELL_25538,Neuron,27.21,18,84.96
CELL_10915,Myocyte,97.31,16,99.76
CELL_23045,Epithelial,41.58,47,93.55
CELL_58056,Stem Cell,84.39,27,67.71
CELL_90447,Myocyte,100.41,23,86.62
CELL_59356,Stem Cell,80.26,15,66.87
CELL_33673,Epithelial,13.84,28,73.7
CELL_47274,Leukocyte,47.02,22,52.47
CELL_67978,Myocyte,83.1,50,83.55
CELL_66368,Erythrocyte,85.61,19,70.49
CELL_85973,Leukocyte,42.6,14,65.09
CELL_45096,Myocyte,65.42,6,66.59
CELL_23262,Myocyte,106.61,24,61.99
CELL_97983,Myocyte,36.76,22,95.17
CELL_58997,Epithelial,38.05,37,66.37
CELL_68684,Neuron,88.06,9,95.37
CELL_56335,Leukocyte,117.53,50,66.06
CELL_44350,Leukocyte,7.72,19,69.57
CELL_98218,Stem Cell,97.11,29,91.54
CELL_64264,Fibroblast,66.29,19,99.79
CELL_98348,Epithelial,98.35,18,55.66
CELL_62366,Erythrocyte,29.94,42,71.69
CELL_45988,Stem Cell,9.17,33,92.68
CELL_70560,Stem Cell,56.42,29,82.72
CELL_23674,Epithelial,69.92,29,72.73
CELL_57280,Leukocyte,73.16,36,53.86
CELL_43593,Fibroblast,64.17,11,66.6
CELL_88480,Epithelial,59.82,31,56.49
CELL_52908,Neuron,46.43,48,62.46
CELL_42641,Myocyte,41.66,24,68.45
CELL_31255,Neuron,94.38,7,80.64
CELL_92549,Erythrocyte,77.33,45,67.36
CELL_39093,Leukocyte,9.52,32,70.67
CELL_93213,Stem Cell,34.67,9,80.51
CELL_15738,Leukocyte,116.17,16,79.88
CELL_71727,Fibroblast,80.53,14,61.93
CELL_41641,Neuron,55.03,46,56.06
CELL_64101,Fibroblast,5.97,49,78.48
CELL_71539,Stem Cell,60.6,41,64.69
CELL_61617,Stem Cell,10.04,21,99.37
CELL_13297,Fibroblast,8.26,15,83.86
CELL_59391,Erythrocyte,37.98,33,90.47
CELL_14519,Fibroblast,69.65,18,79.24
CELL_82833,Fibroblast,76.71,50,64.62
CELL_59770,Fibroblast,16.83,46,62.21
CELL_59966,Epithelial,82.79,18,93.61
CELL_17045,Stem Cell,78.25,37,54.84
CELL_69090,Myocyte,19.19,44,94.92
CELL_23586,Myocyte,72.61,45,51.95
CELL_32101,Epithelial,34.45,47,51.73
CELL_92369,Epithelial,59.71,26,52.48
CELL_30002,Leukocyte,47.35,41,75.97
CELL_76651,Stem Cell,78.3,9,82.37
CELL_43226,Erythrocyte,40.31,14,50.88
CELL_71217,Erythrocyte,91.4,43,73.79
CELL_39501,Erythrocyte,102.52,22,57.58
CELL_58698,Fibroblast,109.09,41,78.93
CELL_80751,Myocyte,56.55,27,63.38
CELL_92928,Epithelial,100.69,11,82.05
CELL_27538,Stem Cell,18.42,23,94.62
CELL_36043,Myocyte,98.25,28,90.97
CELL_34303,Erythrocyte,73.36,44,61.74
CELL_97772,Fibroblast,80.93,46,93.37
CELL_98706,Neuron,99.7,38,73.0
CELL_56364,Myocyte,48.17,37,86.78
CELL_44032,Leukocyte,98.28,17,51.29
CELL_34726,Neuron,78.0,11,99.62
CELL_98268,Fibroblast,74.83,50,92.44
CELL_78498,Myocyte,83.3,10,98.76
CELL_45445,Neuron,63.38,27,53.68
CELL_55858,Leukocyte,98.7,14,97.56
CELL_75591,Stem Cell,9.48,37,57.63
CELL_13553,Leukocyte,103.25,28,62.28
CELL_62648,Neuron,27.92,9,63.05
CELL_93025,Neuron,47.04,20,67.5
CELL_46551,Epithelial,50.74,37,70.44
CELL_43584,Epithelial,85.83,43,78.55
CELL_72611,Erythrocyte,32.95,8,97.66
CELL_93827,Fibroblast,55.66,42,95.17
CELL_78199,Stem Cell,32.62,44,70.05
CELL_12583,Leukocyte,88.54,36,70.93
CELL_47517,Stem Cell,101.22,43,61.12
CELL_58579,Neuron,67.05,5,81.27
CELL_18673,Leukocyte,9.49,47,98.02
CELL_27963,Epithelial,53.43,27,86.12
CELL_57695,Leukocyte,10.16,14,52.17
CELL_32232,Myocyte,99.21,13,88.07
CELL_69715,Neuron,30.53,37,59.3
CELL_34196,Leukocyte,5.76,7,99.91
CELL_62392,Erythrocyte,53.0,12,83.03
CELL_70031,Myocyte,64.09,50,75.95
CELL_57902,Neuron,61.52,6,82.52
CELL_45871,Fibroblast,72.03,40,63.59
CELL_19302,Fibroblast,29.72,18,67.92
CELL_24986,Neuron,104.59,39,85.34
CELL_65943,Leukocyte,28.27,50,82.43
CELL_44948,Myocyte,64.56,20,77.28
CELL_65381,Fibroblast,7.58,7,99.18
CELL_78216,Erythrocyte,82.31,41,64.18
CELL_75894,Stem Cell,83.99,27,91.11
CELL_82444,Leukocyte,42.11,43,78.17
CELL_93165,Myocyte,51.7,19,87.51
CELL_19100,Fibroblast,73.77,28,91.82
CELL_15053,Leukocyte,8.93,20,56.38
CELL_11954,Stem Cell,46.93,20,94.67
CELL_58925,Myocyte,32.58,40,51.83
CELL_38934,Stem Cell,55.47,44,80.51
CELL_99820,Erythrocyte,21.85,50,85.28
CELL_84161,Stem Cell,5.37,10,50.61
CELL_31340,Leukocyte,53.32,23,92.28
CELL_50268,Neuron,24.01,46,96.3
CELL_88895,Stem Cell,42.12,39,69.32
CELL_87183,Stem Cell,70.62,10,72.83
CELL_34479,Neuron,70.14,20,52.8
CELL_74161,Stem Cell,65.23,18,89.68
CELL_45024,Epithelial,66.07,33,98.44
CELL_69658,Myocyte,85.47,28,78.05
CELL_16462,Epithelial,50.95,36,95.13
CELL_77585,Fibroblast,63.72,23,92.05
CELL_18795,Erythrocyte,48.23,43,76.91
CELL_96061,Myocyte,9.77,30,63.69
CELL_81789,Neuron,90.31,8,88.39
CELL_43939,Neuron,44.82,5,52.89
CELL_38357,Myocyte,34.11,15,69.3
CELL_30359,Neuron,81.39,28,84.26
CELL_69137,Fibroblast,79.14,37,71.5
CELL_67282,Myocyte,38.1,18,64.78
CELL_20705,Myocyte,55.09,29,72.08
CELL_53132,Erythrocyte,62.44,21,54.82
CELL_12122,Myocyte,40.51,25,51.14
CELL_31168,Myocyte,77.86,45,54.41
CELL_16697,Myocyte,89.44,32,55.93
CELL_67743,Leukocyte,115.87,19,72.27
CELL_85510,Neuron,26.9,35,56.24
CELL_28372,Leukocyte,80.34,17,70.78
CELL_95951,Neuron,69.44,35,66.06
CELL_75588,Myocyte,113.23,16,82.3
CELL_19323,Stem Cell,100.37,42,74.21
CELL_56772,Leukocyte,17.84,19,57.82
CELL_20719,Stem Cell,71.14,44,71.71
CELL_96691,Stem Cell,92.16,11,87.31
CELL_30402,Myocyte,70.6,14,53.41
CELL_70809,Neuron,26.23,45,63.4
CELL_32985,Stem Cell,91.53,19,65.4
CELL_56711,Stem Cell,13.26,25,93.18
CELL_76710,Fibroblast,39.53,18,99.23
CELL_54631,Neuron,20.61,28,80.7
CELL_40055,Stem Cell,70.09,5,75.49
CELL_48095,Leukocyte,26.39,45,57.23
CELL_66280,Myocyte,56.96,8,50.26
CELL_36068,Leukocyte,41.52,20,64.6
CELL_48128,Stem Cell,46.25,38,68.14
CELL_30433,Neuron,52.34,41,99.45
CELL_25026,Erythrocyte,93.34,33,79.64
CELL_93681,Neuron,28.64,9,99.75
CELL_91294,Leukocyte,52.47,9,88.96
CELL_54054,Fibroblast,107.82,36,87.9
CELL_92251,Epithelial,108.94,27,82.12
CELL_33560,Erythrocyte,15.99,22,93.91
CELL_35259,Neuron,41.79,49,60.14
CELL_56654,Leukocyte,107.63,8,85.57
CELL_89722,Leukocyte,64.03,39,51.51
CELL_24276,Epithelial,52.59,6,90.74
CELL_54887,Neuron,75.98,32,91.48
CELL_91146,Fibroblast,63.91,6,78.57
CELL_64821,Erythrocyte,100.13,21,87.62
CELL_90336,Erythrocyte,91.39,14,81.65
CELL_72294,Leukocyte,16.33,36,60.07
CELL_32498,Leukocyte,48.62,23,57.92
CELL_87552,Myocyte,8.84,39,58.3
CELL_97463,Erythrocyte,112.71,41,96.04
CELL_27167,Erythrocyte,91.65,8,72.67
CELL_32024,Neuron,82.75,37,94.98
CELL_85999,Fibroblast,74.38,14,90.35
CELL_86907,Neuron,79.94,35,56.36
CELL_54621,Myocyte,56.7,13,58.15
CELL_81489,Epithelial,63.74,8,61.63
CELL_10451,Epithelial,46.41,6,94.68
CELL_86967,Stem Cell,19.69,8,90.86
CELL_75189,Epithelial,24.24,21,75.66
CELL_61039,Myocyte,118.77,10,70.42
CELL_96440,Erythrocyte,54.15,8,75.86
CELL_72498,Myocyte,82.5,49,55.53
CELL_96909,Stem Cell,26.06,44,94.27
CELL_71747,Epithelial,29.2,27,69.22
CELL_99530,Myocyte,104.18,21,78.12
CELL_76443,Fibroblast,61.45,37,97.86
CELL_16469,Fibroblast,84.47,42,70.88
CELL_64758,Fibroblast,31.49,24,69.6
CELL_57842,Fibroblast,63.56,27,73.94
CELL_26611,Neuron,28.93,19,56.95
CELL_27929,Erythrocyte,5.26,23,70.48
CELL_50104,Leukocyte,33.64,38,71.98
CELL_74814,Myocyte,47.93,9,91.47
CELL_72247,Fibroblast,91.28,24,82.35
CELL_81568,Fibroblast,62.19,37,82.88
CELL_35677,Fibroblast,26.98,43,99.54
CELL_81935,Stem Cell,80.15,36,74.91
CELL_10922,Neuron,67.1,28,94.28
CELL_15872,Stem Cell,119.08,26,70.39
CELL_53031,Erythrocyte,32.5,11,56.69
CELL_72188,Leukocyte,42.86,34,69.25
CELL_88039,Leukocyte,88.39,13,82.63
CELL_84910,Stem Cell,33.95,34,66.04
CELL_87956,Leukocyte,9.74,47,62.6
CELL_30924,Fibroblast,99.4,47,85.91
CELL_12381,Epithelial,95.01,48,79.99
CELL_40864,Myocyte,74.0,21,55.64
CELL_99359,Myocyte,101.67,25,67.36
CELL_22218,Erythrocyte,40.03,39,96.7
CELL_16385,Leukocyte,6.49,49,74.03
CELL_50627,Myocyte,109.6,20,56.11
CELL_81288,Neuron,68.14,7,75.74
CELL_21459,Epithelial,66.48,20,63.84
CELL_12716,Myocyte,82.24,8,59.79
CELL_51638,Stem Cell,33.01,41,66.42
CELL_85815,Myocyte,67.83,10,58.61
CELL_48582,Fibroblast,66.5,9,57.09
CELL_11543,Fibroblast,95.31,49,97.07
CELL_21246,Epithelial,44.86,49,69.66
CELL_78550,Fibroblast,13.02,25,62.27
CELL_87407,Erythrocyte,96.39,23,86.85
CELL_48559,Leukocyte,111.54,34,69.19
CELL_30254,Neuron,113.83,46,73.96
CELL_20888,Leukocyte,78.84,15,74.39
CELL_44792,Epithelial,82.0,13,54.65
CELL_78188,Myocyte,103.19,45,86.57
CELL_21555,Erythrocyte,115.47,34,53.02
CELL_51319,Leukocyte,87.94,31,60.15
CELL_56360,Stem Cell,73.84,9,94.09
CELL_67920,Neuron,53.71,50,82.86
CELL_78055,Leukocyte,98.78,11,75.41
CELL_82058,Fibroblast,81.69,7,66.35
CELL_95939,Leukocyte,102.53,32,86.66
CELL_99485,Epithelial,11.77,37,51.82
CELL_39419,Myocyte,70.81,38,67.54
CELL_81124,Stem Cell,29.37,41,52.4
CELL_28624,Leukocyte,85.59,8,71.41
CELL_35072,Stem Cell,54.65,16,91.65
CELL_27558,Stem Cell,80.9,22,94.99
CELL_44906,Neuron,89.34,26,69.07
CELL_72288,Stem Cell,100.84,13,96.92
CELL_43680,Epithelial,77.08,18,91.38
CELL_89848,Epithelial,115.89,9,75.42
CELL_53178,Erythrocyte,19.09,21,65.92
CELL_42192,Erythrocyte,14.02,43,66.62
CELL_75777,Neuron,78.62,37,90.25
CELL_31240,Myocyte,79.53,9,92.22
CELL_21958,Fibroblast,85.85,8,82.22
CELL_13458,Epithelial,73.31,46,69.58
CELL_68752,Stem Cell,38.99,24,59.56
CELL_49145,Fibroblast,96.25,36,70.46
CELL_95574,Fibroblast,7.65,27,55.33
CELL_13104,Erythrocyte,82.61,30,95.3
CELL_80351,Fibroblast,117.45,8,76.68
CELL_39561,Neuron,63.42,5,57.81
CELL_53916,Myocyte,78.35,12,56.0
CELL_75937,Stem Cell,28.92,28,53.01
CELL_71015,Leukocyte,91.77,12,97.64
CELL_16878,Myocyte,63.92,33,82.57
CELL_85002,Neuron,46.42,27,85.88
CELL_61338,Erythrocyte,38.48,35,82.3
CELL_26359,Myocyte,103.43,27,69.97
CELL_49991,Fibroblast,36.29,34,66.52
CELL_10734,Epithelial,115.76,35,86.89
CELL_14646,Epithelial,111.06,21,54.33
CELL_16700,Leukocyte,92.24,23,57.92
CELL_94596,Epithelial,65.51,40,67.29
CELL_30408,Erythrocyte,29.79,49,72.63
CELL_99910,Neuron,70.28,7,61.26
CELL_54714,Leukocyte,67.83,46,69.38
CELL_46158,Erythrocyte,109.73,12,92.33
CELL_49517,Neuron,111.77,47,99.61
CELL_56289,Epithelial,104.89,39,80.96
CELL_60047,Neuron,70.23,19,96.26
CELL_64547,Fibroblast,119.8,29,66.02
CELL_32663,Erythrocyte,74.86,47,59.99
CELL_86733,Epithelial,81.6,18,64.11
CELL_89867,Erythrocyte,110.62,14,83.89
CELL_57230,Neuron,58.17,36,77.1
CELL_53874,Leukocyte,62.72,6,62.65
CELL_49332,Stem Cell,117.4,18,85.53
CELL_73400,Stem Cell,101.93,41,62.58
CELL_45876,Leukocyte,86.33,21,81.11
CELL_86021,Neuron,44.63,14,76.49
CELL_30576,Erythrocyte,11.64,35,81.23
CELL_45177,Myocyte,98.84,31,76.41
CELL_13850,Myocyte,22.38,46,75.32
CELL_12820,Leukocyte,71.72,17,80.2
CELL_12510,Stem Cell,60.18,19,57.53
CELL_55115,Erythrocyte,8.86,13,83.38
CELL_45667,Erythrocyte,23.46,48,93.29
CELL_46006,Stem Cell,110.64,20,91.16
CELL_29962,Epithelial,66.41,16,88.64
CELL_46713,Neuron,112.71,50,80.84
CELL_84258,Myocyte,23.83,44,64.87
CELL_59373,Myocyte,46.84,45,87.28
CELL_29877,Myocyte,69.31,23,86.81
CELL_92150,Myocyte,81.12,48,98.13
CELL_54125,Fibroblast,59.38,48,65.81
CELL_69411,Stem Cell,22.94,18,55.94
CELL_26245,Leukocyte,45.69,8,55.69
CELL_14426,Leukocyte,7.4,43,91.77
CELL_51112,Leukocyte,74.1,21,86.81
CELL_77677,Epithelial,93.22,35,63.86
CELL_67568,Epithelial,75.66,16,70.1
CELL_97736,Erythrocyte,50.17,39,93.64
CELL_94427,Leukocyte,77.53,38,67.4
CELL_58862,Myocyte,118.69,14,62.03
CELL_30103,Stem Cell,85.67,17,68.23
CELL_98634,Erythrocyte,19.89,50,99.59
CELL_67555,Epithelial,34.99,31,59.37
CELL_37201,Leukocyte,77.95,27,73.54
CELL_62608,Erythrocyte,5.94,49,99.18
CELL_35279,Stem Cell,71.83,32,78.39
CELL_12144,Neuron,110.92,24,96.92
CELL_13393,Fibroblast,114.91,24,95.59
CELL_64119,Myocyte,21.08,12,58.26
CELL_24492,Stem Cell,66.66,43,80.36
CELL_61385,Myocyte,29.95,19,88.7
CELL_66300,Fibroblast,101.96,11,72.4
CELL_61220,Fibroblast,117.35,37,65.47
CELL_92289,Leukocyte,119.64,6,98.46
CELL_17575,Epithelial,34.37,14,70.24
CELL_81104,Erythrocyte,65.91,15,91.87
CELL_95645,Fibroblast,51.37,24,57.96
CELL_91349,Myocyte,8.49,41,59.64
CELL_61719,Neuron,111.47,17,62.13
CELL_20363,Epithelial,103.85,32,81.53
CELL_90660,Leukocyte,17.43,50,59.01
CELL_89382,Fibroblast,73.62,37,85.75
CELL_77595,Neuron,95.24,48,53.66
CELL_96786,Fibroblast,101.08,20,93.27
CELL_86123,Erythrocyte,80.49,22,88.8
CELL_33223,Epithelial,96.83,12,99.74
CELL_31380,Leukocyte,32.28,12,51.45
CELL_72623,Fibroblast,65.9,43,97.08
CELL_58965,Stem Cell,90.84,25,60.1
CELL_37265,Neuron,22.43,42,50.89
CELL_86256,Leukocyte,65.83,40,76.71
CELL_93031,Leukocyte,40.0,14,52.22
CELL_72591,Stem Cell,71.65,38,68.22
CELL_49001,Erythrocyte,89.94,49,64.6
CELL_13510,Myocyte,55.08,38,70.69
CELL_85523,Neuron,96.64,21,61.15
CELL_30518,Fibroblast,57.33,33,74.66
CELL_62760,Erythrocyte,80.69,18,66.24
CELL_94310,Epithelial,113.41,43,78.29
CELL_27281,Stem Cell,90.98,8,64.23
CELL_65516,Stem Cell,89.49,36,54.52
CELL_36589,Leukocyte,60.8,30,97.85
CELL_37163,Epithelial,87.37,40,59.98
CELL_77454,Epithelial,32.43,7,51.26
CELL_48885,Stem Cell,7.96,36,59.45
CELL_55117,Leukocyte,95.42,16,84.27
CELL_99150,Neuron,5.09,45,73.19
CELL_91840,Neuron,23.82,35,77.52
CELL_37154,Fibroblast,74.07,41,69.85
CELL_45161,Leukocyte,25.25,46,95.21
CELL_91480,Neuron,90.7,7,61.77
CELL_90652,Fibroblast,10.76,7,61.71
CELL_79357,Stem Cell,64.08,26,93.7
CELL_85686,Erythrocyte,32.28,13,88.96
CELL_78873,Leukocyte,44.48,43,88.72
CELL_85488,Epithelial,70.35,12,96.06
CELL_83863,Neuron,17.09,26,65.29
CELL_50062,Stem Cell,56.09,9,61.67
CELL_97042,Stem Cell,25.84,35,75.1
CELL_11410,Stem Cell,118.24,11,65.59
CELL_22515,Stem Cell,67.61,33,72.82
CELL_69895,Epithelial,83.49,7,77.38
CELL_51573,Epithelial,61.03,14,91.61
CELL_83801,Fibroblast,52.58,46,87.85
CELL_68329,Leukocyte,13.48,9,97.8
CELL_16960,Fibroblast,73.42,6,54.66
CELL_37047,Fibroblast,88.54,19,91.65
CELL_68489,Myocyte,52.41,12,98.72
CELL_82517,Erythrocyte,92.83,19,84.32
CELL_27628,Myocyte,58.48,36,97.72
CELL_89977,Erythrocyte,114.66,15,79.02
CELL_79358,Myocyte,85.81,28,79.57
CELL_66762,Fibroblast,104.04,25,83.97
CELL_56541,Stem Cell,117.72,26,50.78
CELL_12126,Myocyte,100.58,32,62.82
CELL_59886,Fibroblast,98.36,27,55.71
CELL_20333,Leukocyte,30.5,43,76.25
CELL_76118,Erythrocyte,41.01,19,79.89
CELL_95053,Epithelial,57.04,37,93.68
CELL_39556,Neuron,23.56,50,70.95
CELL_98035,Epithelial,84.36,30,89.49
CELL_42104,Leukocyte,53.03,50,88.41
CELL_73863,Myocyte,8.5,50,92.52
CELL_37509,Myocyte,65.11,7,80.51
CELL_72628,Erythrocyte,108.11,33,69.4
CELL_85124,Leukocyte,28.5,50,92.64
CELL_98135,Myocyte,5.83,26,55.43
CELL_38063,Fibroblast,99.4,22,74.39
CELL_25849,Stem Cell,80.72,32,72.66
CELL_97531,Leukocyte,39.74,34,53.61
CELL_31776,Stem Cell,89.39,8,62.48
CELL_66942,Leukocyte,7.34,40,63.88
CELL_57979,Fibroblast,38.75,19,77.01
CELL_68882,Fibroblast,69.99,35,85.84
CELL_80606,Erythrocyte,113.95,19,75.63
CELL_56094,Fibroblast,23.42,31,95.5
CELL_86857,Leukocyte,31.08,24,70.92
CELL_75501,Myocyte,8.94,12,77.06
CELL_58668,Fibroblast,29.29,50,85.68
CELL_87505,Erythrocyte,89.81,11,74.91
CELL_55985,Stem Cell,96.88,16,93.5
CELL_39347,Myocyte,84.61,22,52.92
CELL_22800,Myocyte,113.97,11,69.77
CELL_58776,Leukocyte,74.87,31,87.45
CELL_76739,Epithelial,29.29,49,72.57
CELL_73728,Stem Cell,92.81,47,99.83
CELL_52259,Myocyte,105.77,28,89.85
CELL_29624,Erythrocyte,110.3,34,83.88
CELL_62850,Epithelial,119.83,41,79.1
CELL_20343,Erythrocyte,9.62,25,94.95
CELL_13141,Fibroblast,11.03,27,61.23
CELL_75970,Fibroblast,21.24,17,97.62
CELL_75347,Fibroblast,29.25,24,60.63
CELL_77418,Myocyte,58.81,33,82.13
CELL_64333,Erythrocyte,45.01,12,79.58
CELL_82932,Fibroblast,44.05,5,80.92
CELL_43454,Myocyte,92.39,38,57.21
CELL_11669,Leukocyte,94.77,29,66.74
CELL_42044,Stem Cell,23.45,10,85.62
CELL_93580,Epithelial,65.01,14,65.13
CELL_78398,Erythrocyte,93.05,44,80.69
CELL_93571,Fibroblast,54.68,49,74.87
CELL_84313,Stem Cell,8.69,37,81.2
CELL_74023,Myocyte,98.85,24,86.14
CELL_83714,Stem Cell,17.45,9,76.74
CELL_35851,Stem Cell,96.6,27,85.51
CELL_72255,Fibroblast,8.48,14,92.77
CELL_94668,Fibroblast,55.06,34,62.28
CELL_76428,Erythrocyte,64.37,11,80.48
CELL_49538,Myocyte,39.92,12,88.73
CELL_82885,Fibroblast,77.5,49,62.2
CELL_24825,Myocyte,40.36,14,51.0
CELL_24275,Neuron,99.94,16,93.44
CELL_24270,Fibroblast,10.17,21,64.7
CELL_91141,Stem Cell,30.28,46,85.48
CELL_12866,Stem Cell,99.79,7,75.3
CELL_91479,Epithelial,65.74,39,96.72
CELL_73616,Neuron,60.05,38,91.43
CELL_28597,Stem Cell,98.83,44,65.46
CELL_88101,Leukocyte,60.19,32,90.67
CELL_20132,Fibroblast,6.15,16,98.05
CELL_35962,Epithelial,36.41,24,97.21
CELL_64162,Neuron,10.41,42,66.17
CELL_76362,Stem Cell,94.71,16,51.84
CELL_46815,Erythrocyte,5.85,20,79.79
CELL_21531,Myocyte,81.6,19,71.96
CELL_19841,Leukocyte,16.03,34,76.92
CELL_50866,Epithelial,85.84,31,70.58
CELL_60790,Myocyte,31.22,31,89.69
CELL_66665,Fibroblast,61.26,30,75.61
CELL_82014,Fibroblast,98.08,32,81.01
CELL_25614,Neuron,91.99,19,89.66
CELL_86808,Epithelial,42.54,12,72.04
CELL_62223,Leukocyte,85.66,46,89.34
CELL_59747,Neuron,110.0,16,95.53
CELL_62054,Stem Cell,101.69,37,58.86
CELL_71702,Neuron,107.13,47,93.68
CELL_88676,Erythrocyte,23.59,13,90.16
CELL_49267,Erythrocyte,119.73,10,58.61
CELL_44069,Erythrocyte,69.53,40,76.72
CELL_72752,Neuron,15.86,37,55.62
CELL_96540,Neuron,96.29,32,86.81
CELL_76894,Leukocyte,16.11,35,90.43
CELL_90487,Leukocyte,68.4,41,95.87
CELL_76095,Leukocyte,49.76,20,93.14
CELL_50219,Epithelial,67.59,38,73.77
CELL_86927,Fibroblast,40.84,28,81.07
CELL_83455,Stem Cell,78.3,30,90.96
CELL_27800,Myocyte,14.9,34,70.36
CELL_59354,Erythrocyte,23.8,28,77.72
CELL_79196,Myocyte,113.23,14,72.59
CELL_88622,Leukocyte,6.59,17,97.18
CELL_64107,Fibroblast,11.66,28,79.24
CELL_87178,Epithelial,90.28,28,88.75
CELL_11228,Erythrocyte,26.01,48,80.19
CELL_85713,Erythrocyte,19.97,44,89.65
CELL_27780,Leukocyte,41.35,32,77.53
CELL_34558,Leukocyte,44.63,44,97.65
CELL_61584,Epithelial,26.08,31,91.77
CELL_66960,Leukocyte,51.24,23,61.98
CELL_54126,Stem Cell,62.21,17,52.34
CELL_25704,Myocyte,14.98,44,62.48
CELL_60463,Epithelial,12.58,7,78.21
CELL_54701,Epithelial,76.25,21,79.56
CELL_21377,Erythrocyte,47.89,17,90.61
CELL_66009,Leukocyte,9.06,32,98.56
CELL_41962,Fibroblast,35.78,16,52.42
CELL_83004,Fibroblast,93.39,15,64.9
CELL_31392,Fibroblast,77.75,31,54.3
CELL_71323,Fibroblast,46.43,20,71.16
CELL_91486,Epithelial,23.53,5,85.62
CELL_48686,Epithelial,111.13,17,61.91
CELL_61310,Stem Cell,82.03,8,90.21
CELL_51176,Epithelial,16.27,21,59.93
CELL_44963,Leukocyte,35.4,11,80.47
CELL_65441,Stem Cell,116.2,5,92.23
CELL_69080,Leukocyte,44.97,40,75.93
CELL_97112,Epithelial,70.11,33,62.04
CELL_80793,Myocyte,92.45,17,63.05
CELL_24794,Neuron,76.32,31,65.17
CELL_56061,Erythrocyte,73.85,49,75.02
CELL_22504,Fibroblast,60.12,17,96.66
CELL_78738,Erythrocyte,53.86,14,77.31
CELL_99381,Erythrocyte,82.44,40,74.93
CELL_33518,Myocyte,79.05,32,90.28
CELL_54315,Neuron,19.6,42,99.36
CELL_62617,Fibroblast,37.87,11,73.82
CELL_51076,Myocyte,79.62,34,69.17
CELL_95015,Epithelial,86.36,15,82.98
CELL_16952,Erythrocyte,81.24,49,55.92
CELL_14804,Myocyte,58.97,23,70.27
CELL_80394,Fibroblast,47.45,5,55.81
CELL_53208,Erythrocyte,28.57,5,76.87
CELL_64371,Leukocyte,43.28,30,96.53
CELL_20600,Myocyte,32.93,37,73.22
CELL_75758,Fibroblast,19.01,36,96.23
CELL_57446,Stem Cell,74.78,50,74.35
CELL_79634,Fibroblast,69.46,19,89.17
CELL_66721,Erythrocyte,44.22,31,99.83
CELL_67149,Leukocyte,82.59,9,96.01
CELL_75545,Stem Cell,117.35,22,78.04
CELL_47202,Erythrocyte,15.44,30,79.54
CELL_44713,Epithelial,68.75,28,94.25
CELL_38025,Erythrocyte,110.23,16,73.97
CELL_59301,Epithelial,54.52,13,84.08
CELL_61957,Fibroblast,39.43,14,87.83
CELL_51778,Neuron,60.12,41,66.42
CELL_66916,Epithelial,110.05,20,79.06
CELL_89930,Fibroblast,5.24,12,86.42
CELL_71525,Stem Cell,92.72,23,93.93
CELL_97809,Fibroblast,44.03,50,74.63
CELL_35227,Epithelial,49.47,50,82.81
CELL_77214,Erythrocyte,26.04,41,98.28
CELL_91808,Fibroblast,25.62,9,69.39
CELL_16801,Fibroblast,117.68,5,71.07
CELL_47884,Fibroblast,87.42,48,54.81
CELL_16903,Stem Cell,17.25,23,85.07
CELL_62661,Fibroblast,70.51,31,88.64
CELL_81861,Myocyte,84.87,43,90.76
CELL_49949,Epithelial,53.84,19,89.61
CELL_75321,Leukocyte,28.28,15,63.46
CELL_39907,Erythrocyte,98.79,49,83.83
CELL_88227,Stem Cell,31.02,21,92.54
CELL_10620,Leukocyte,56.08,40,95.8
CELL_84314,Fibroblast,111.26,41,95.06
CELL_42220,Epithelial,77.25,9,80.51
CELL_81594,Erythrocyte,36.69,10,70.77
CELL_60470,Erythrocyte,86.83,49,72.5
CELL_67366,Erythrocyte,110.04,44,74.41
CELL_96859,Fibroblast,119.56,49,53.32
CELL_76074,Neuron,54.31,28,95.69
CELL_21838,Neuron,16.69,50,61.28
CELL_81389,Leukocyte,78.37,49,86.27
CELL_83231,Erythrocyte,88.71,9,64.44
CELL_12392,Fibroblast,106.24,46,76.73
CELL_69487,Myocyte,45.33,23,93.49
CELL_57415,Epithelial,90.72,50,59.25
CELL_29226,Neuron,100.81,20,93.13
CELL_23567,Stem Cell,104.17,38,61.12
CELL_29816,Myocyte,118.45,7,99.92
CELL_28859,Epithelial,47.97,45,52.39
CELL_93028,Fibroblast,69.52,30,90.43
CELL_68090,Neuron,14.52,26,94.18
CELL_94525,Stem Cell,87.23,33,59.41
CELL_84467,Erythrocyte,109.43,40,56.73
CELL_81619,Stem Cell,58.47,10,89.28
CELL_96795,Myocyte,40.69,5,90.04
CELL_64250,Leukocyte,106.91,45,65.58
CELL_29314,Stem Cell,91.47,8,97.76
CELL_83723,Epithelial,118.17,38,62.53
CELL_77452,Myocyte,27.84,37,60.88
CELL_42724,Erythrocyte,39.74,19,59.67
CELL_23997,Leukocyte,37.66,21,64.99
CELL_44561,Myocyte,86.2,5,75.63
CELL_23225,Leukocyte,15.25,39,51.32
CELL_83063,Fibroblast,76.86,43,98.81
CELL_81732,Erythrocyte,64.47,24,79.06
CELL_69915,Epithelial,31.81,38,67.63
CELL_87217,Leukocyte,95.83,33,76.84
CELL_56646,Neuron,29.23,12,74.65
CELL_39894,Fibroblast,77.66,11,53.92
CELL_36079,Stem Cell,52.33,7,62.63
CELL_17635,Neuron,73.1,32,89.39
CELL_39614,Leukocyte,36.16,22,85.94
CELL_98049,Epithelial,62.15,15,51.9
CELL_60419,Myocyte,79.29,25,91.08
CELL_78672,Leukocyte,25.08,36,55.02
CELL_41489,Epithelial,48.3,11,68.4
CELL_42797,Erythrocyte,103.97,20,66.43
CELL_89020,Fibroblast,90.84,6,63.58
CELL_22973,Myocyte,66.56,38,52.29
CELL_72199,Stem Cell,31.04,42,64.33
CELL_81962,Fibroblast,84.83,37,54.37
CELL_57021,Neuron,70.26,21,82.54
CELL_34330,Neuron,47.42,17,79.51
CELL_34579,Neuron,35.52,46,54.06
CELL_67271,Neuron,28.71,26,90.11
CELL_79098,Myocyte,38.22,49,92.99
CELL_83968,Epithelial,54.4,20,86.21
CELL_24613,Erythrocyte,93.88,37,82.08
CELL_49073,Epithelial,25.42,45,59.74
CELL_53306,Fibroblast,118.67,24,94.95
CELL_68162,Myocyte,117.26,22,96.55
CELL_17834,Neuron,37.57,10,59.1
CELL_26057,Erythrocyte,106.09,25,51.91
CELL_80842,Myocyte,99.46,36,54.76
CELL_97452,Epithelial,70.84,21,88.12
CELL_23892,Stem Cell,19.03,33,75.78
CELL_54362,Epithelial,91.9,21,95.49
CELL_90367,Erythrocyte,92.92,35,96.86
CELL_98793,Fibroblast,73.21,50,64.68
CELL_72203,Stem Cell,14.47,6,94.9
CELL_21496,Neuron,29.02,13,67.4
CELL_95090,Fibroblast,12.3,7,94.03
CELL_82257,Epithelial,27.3,26,56.78
CELL_18506,Fibroblast,26.95,22,79.2
CELL_41908,Erythrocyte,36.02,6,62.2
CELL_90750,Stem Cell,93.29,25,94.97
CELL_99303,Fibroblast,96.08,50,81.28
CELL_74720,Epithelial,95.81,18,63.62
CELL_89023,Myocyte,6.47,12,96.67
CELL_63108,Myocyte,96.17,32,65.13
CELL_16246,Erythrocyte,10.52,18,73.19
CELL_29241,Fibroblast,82.09,18,64.84
CELL_67394,Neuron,88.37,32,65.06
CELL_91535,Epithelial,14.95,38,58.02
CELL_30516,Leukocyte,69.14,6,65.99
CELL_14269,Leukocyte,84.48,43,80.88
CELL_54612,Erythrocyte,21.77,49,68.99
CELL_67642,Stem Cell,88.78,45,95.5
CELL_87377,Leukocyte,80.78,8,94.68
CELL_74553,Stem Cell,36.28,48,54.2
CELL_67371,Erythrocyte,13.39,6,88.96
CELL_21145,Fibroblast,40.87,46,87.6
CELL_13097,Erythrocyte,63.06,24,68.65
CELL_46463,Erythrocyte,11.09,17,92.71
CELL_68386,Erythrocyte,40.53,42,71.18
CELL_74627,Stem Cell,109.12,33,94.71
CELL_36127,Myocyte,103.03,50,84.97
CELL_46911,Fibroblast,26.23,24,52.06
CELL_34346,Myocyte,92.7,18,55.55
CELL_11455,Myocyte,32.92,44,59.72
CELL_10819,Stem Cell,90.16,29,54.68
CELL_84669,Stem Cell,114.97,26,97.81
CELL_55775,Leukocyte,71.89,44,52.72
CELL_63376,Leukocyte,11.9,44,68.69
CELL_57982,Neuron,118.79,6,88.37
CELL_74825,Epithelial,54.22,7,77.0
CELL_18194,Leukocyte,90.6,26,74.86
CELL_33098,Myocyte,21.73,15,61.38
CELL_57634,Leukocyte,32.38,13,69.86
CELL_66922,Leukocyte,39.96,46,62.02
CELL_23905,Neuron,65.65,50,54.95
CELL_61518,Epithelial,81.5,9,65.03
CELL_57476,Myocyte,41.32,24,77.65
CELL_57201,Stem Cell,66.1,19,67.18
CELL_22588,Leukocyte,17.05,7,52.01
CELL_65427,Leukocyte,10.16,13,72.5
CELL_53053,Fibroblast,75.06,8,78.05
CELL_35182,Epithelial,23.4,33,95.19
CELL_99758,Leukocyte,40.03,23,59.7
CELL_44249,Myocyte,39.97,41,84.27
CELL_14100,Erythrocyte,56.39,41,55.78
CELL_66736,Neuron,17.32,5,81.69
CELL_15008,Stem Cell,108.46,22,94.63
CELL_48517,Leukocyte,91.4,41,65.27
CELL_32044,Leukocyte,35.36,15,86.37
CELL_97421,Epithelial,103.93,49,73.69
CELL_89473,Erythrocyte,59.78,26,99.29
CELL_91071,Myocyte,76.03,31,65.67
CELL_21792,Leukocyte,13.65,18,57.59
CELL_27526,Neuron,61.95,34,79.88
CELL_67414,Erythrocyte,83.39,22,62.93
CELL_26660,Neuron,43.1,23,87.67
CELL_53289,Neuron,115.6,49,66.45
CELL_89520,Fibroblast,65.79,9,85.15
CELL_82785,Erythrocyte,37.83,9,85.55
CELL_90301,Epithelial,68.66,43,50.37
CELL_35873,Epithelial,80.61,36,86.67
CELL_18778,Leukocyte,73.47,12,83.25
CELL_85794,Stem Cell,15.2,12,66.57
CELL_66991,Fibroblast,42.65,41,68.42
CELL_22674,Fibroblast,33.62,12,70.13
CELL_61251,Erythrocyte,101.93,11,76.01
CELL_43353,Fibroblast,11.81,30,95.31
CELL_80606,Fibroblast,98.86,48,99.48
CELL_58541,Myocyte,20.85,22,67.16
CELL_56951,Neuron,112.74,33,68.22
CELL_21169,Stem Cell,105.38,16,81.69
CELL_35834,Neuron,32.04,29,58.58
CELL_47619,Neuron,100.16,26,96.62
CELL_88971,Stem Cell,40.21,40,67.06
CELL_18140,Myocyte,35.98,25,96.22
CELL_17858,Neuron,75.16,11,63.45
CELL_11946,Myocyte,57.53,30,92.55
CELL_93798,Myocyte,17.31,33,69.16
CELL_30710,Leukocyte,30.86,27,52.3
CELL_17126,Erythrocyte,48.16,20,65.48
CELL_22331,Erythrocyte,107.34,38,95.04
CELL_74297,Epithelial,110.37,30,68.78
CELL_37276,Fibroblast,105.65,36,97.93
CELL_89330,Fibroblast,83.19,37,72.48
CELL_60338,Neuron,106.68,18,54.18
CELL_49165,Myocyte,10.01,39,91.17
CELL_75688,Myocyte,31.41,6,96.69
CELL_23242,Epithelial,54.82,12,79.53
CELL_25704,Leukocyte,104.17,17,53.31
CELL_16591,Epithelial,68.83,12,92.96
CELL_33372,Erythrocyte,41.38,30,67.48
CELL_85021,Stem Cell,19.15,18,58.69
CELL_55050,Stem Cell,87.61,47,51.48
CELL_36341,Leukocyte,85.18,15,80.4
CELL_25445,Neuron,24.66,50,82.02
CELL_84037,Neuron,6.93,44,61.76
CELL_41544,Fibroblast,99.92,50,65.95
CELL_82316,Neuron,77.81,33,84.94
CELL_88126,Fibroblast,74.35,34,88.03
CELL_72367,Neuron,44.3,28,59.18
CELL_33491,Fibroblast,57.59,34,51.0
CELL_15178,Leukocyte,35.04,15,62.37
CELL_52827,Neuron,92.18,48,86.31
CELL_90783,Erythrocyte,104.5,38,88.96
CELL_42961,Stem Cell,109.13,46,57.12
CELL_88185,Leukocyte,26.01,41,84.17
CELL_74331,Fibroblast,27.02,11,97.98
CELL_40694,Neuron,40.67,22,65.65
CELL_54449,Erythrocyte,59.32,27,99.34
CELL_44282,Stem Cell,7.88,44,82.52
CELL_62000,Erythrocyte,116.05,16,59.69
CELL_62491,Myocyte,113.4,25,79.4
CELL_88942,Epithelial,27.07,9,72.99
CELL_72797,Stem Cell,24.12,39,85.41
CELL_64984,Leukocyte,41.38,38,52.05
CELL_55640,Epithelial,115.85,37,84.68
CELL_48473,Stem Cell,58.87,26,67.98
CELL_33014,Fibroblast,86.12,37,99.52
CELL_59353,Stem Cell,24.14,18,72.67
CELL_91847,Myocyte,39.95,28,64.26
CELL_89642,Erythrocyte,51.26,19,96.9
CELL_99138,Fibroblast,117.01,27,52.39
CELL_84647,Fibroblast,80.84,24,98.12
CELL_72090,Fibroblast,36.17,20,90.26
CELL_89109,Stem Cell,100.54,44,95.54
CELL_54021,Stem Cell,117.81,46,73.93
CELL_13097,Neuron,86.23,32,87.36
CELL_47856,Fibroblast,76.55,11,94.37
CELL_88717,Fibroblast,98.86,38,83.45
CELL_32207,Epithelial,30.62,38,67.21
CELL_12469,Leukocyte,23.32,18,57.77
CELL_78304,Neuron,51.2,12,65.42
CELL_44263,Epithelial,41.12,38,85.54
CELL_91441,Neuron,91.51,44,77.78
CELL_95304,Stem Cell,86.14,6,92.4
CELL_71888,Fibroblast,65.83,21,95.78
CELL_80388,Myocyte,42.5,19,64.92
CELL_92328,Stem Cell,25.39,49,87.51
CELL_69198,Neuron,21.54,32,69.9
CELL_95996,Erythrocyte,70.4,8,60.34
CELL_40932,Myocyte,70.68,17,73.26
CELL_75413,Epithelial,50.39,26,75.38
CELL_20400,Leukocyte,18.84,34,70.91
CELL_25418,Neuron,87.9,9,67.53
CELL_67114,Stem Cell,75.8,42,51.89
CELL_19980,Erythrocyte,102.09,33,84.53
CELL_35738,Erythrocyte,83.29,19,53.25
CELL_67070,Fibroblast,24.07,29,87.2
CELL_12928,Fibroblast,25.46,16,66.6
CELL_78012,Neuron,15.33,25,76.0
CELL_18689,Epithelial,103.83,26,64.2
CELL_67697,Neuron,95.94,12,57.53
CELL_78223,Fibroblast,62.53,22,98.57
CELL_15184,Myocyte,50.14,29,74.8
CELL_85421,Neuron,64.62,7,74.73
CELL_45590,Fibroblast,94.89,43,89.59
CELL_15881,Stem Cell,30.31,22,86.88
CELL_92518,Myocyte,51.55,27,67.92
CELL_44800,Fibroblast,37.26,41,81.17
CELL_75314,Epithelial,108.36,31,72.92
CELL_45368,Myocyte,64.36,25,84.98
CELL_39100,Leukocyte,62.13,27,58.33
CELL_36795,Erythrocyte,69.93,34,70.72
CELL_11815,Epithelial,49.38,50,83.77
CELL_18464,Erythrocyte,5.5,33,56.4
CELL_69147,Fibroblast,78.84,36,97.21
CELL_48225,Myocyte,109.63,5,50.04
CELL_95432,Erythrocyte,92.53,15,70.28
CELL_13243,Leukocyte,5.51,11,58.72
CELL_32986,Neuron,15.27,41,98.31
CELL_91605,Myocyte,65.23,46,85.1
CELL_93592,Stem Cell,78.65,12,90.59
CELL_27319,Leukocyte,40.61,17,53.72
CELL_98167,Fibroblast,11.13,45,73.2
CELL_74181,Myocyte,103.01,5,59.63
CELL_44404,Erythrocyte,24.29,13,89.27
CELL_86742,Myocyte,22.82,19,62.64
CELL_50136,Fibroblast,100.44,15,68.67
CELL_87954,Fibroblast,93.33,12,88.13
CELL_33606,Epithelial,89.27,17,88.85
CELL_80267,Epithelial,116.0,29,82.15
CELL_48924,Epithelial,101.74,45,99.64
CELL_23846,Leukocyte,117.31,45,53.14
CELL_21702,Leukocyte,32.67,35,73.97
CELL_22501,Leukocyte,102.35,33,70.68
CELL_58740,Fibroblast,118.79,46,88.46
CELL_65480,Leukocyte,64.35,44,53.81
CELL_42139,Leukocyte,46.92,47,99.78
CELL_41901,Fibroblast,20.75,9,91.29
CELL_95622,Epithelial,67.37,17,93.92
CELL_35466,Myocyte,26.5,14,80.82
CELL_35482,Leukocyte,27.62,25,87.12
CELL_64824,Epithelial,5.69,30,95.72
CELL_42015,Myocyte,39.45,27,52.71
CELL_99946,Epithelial,88.1,45,69.55
CELL_49884,Epithelial,89.1,30,65.5
CELL_31301,Stem Cell,77.88,10,81.45
CELL_69089,Leukocyte,96.33,15,52.03
CELL_27808,Neuron,91.89,33,56.5
CELL_42841,Fibroblast,80.91,5,96.76
CELL_52031,Leukocyte,70.54,47,87.27
CELL_80154,Epithelial,73.89,25,76.9
CELL_80811,Epithelial,91.94,37,90.13
CELL_44184,Erythrocyte,100.18,8,54.78
CELL_31660,Erythrocyte,82.52,39,57.02
CELL_31912,Erythrocyte,75.61,10,64.17
CELL_27077,Myocyte,47.14,17,61.26
CELL_95211,Stem Cell,19.29,47,86.29
CELL_12587,Fibroblast,33.82,36,66.18
CELL_80764,Fibroblast,71.76,30,74.98
CELL_27043,Leukocyte,108.2,16,88.74
CELL_57544,Epithelial,94.41,8,59.29
CELL_10850,Myocyte,107.19,41,64.86
CELL_28561,Erythrocyte,58.31,29,60.32
CELL_85873,Fibroblast,117.85,34,70.05
CELL_17182,Leukocyte,90.54,39,77.54
CELL_82604,Stem Cell,15.43,50,90.49
CELL_83176,Myocyte,16.28,47,95.43
CELL_38336,Fibroblast,70.45,16,58.19
CELL_41937,Neuron,77.74,27,50.43
CELL_14300,Leukocyte,102.13,34,87.79
CELL_33704,Fibroblast,104.17,20,56.85
CELL_46950,Myocyte,47.43,32,92.1
CELL_38866,Epithelial,42.15,19,62.76
CELL_92709,Neuron,84.35,28,78.86
CELL_64845,Epithelial,115.31,14,88.08
CELL_37271,Erythrocyte,18.13,30,83.37
CELL_58809,Stem Cell,76.24,38,79.58
CELL_29083,Myocyte,29.96,23,96.27
CELL_83091,Leukocyte,86.37,27,69.81
CELL_79971,Neuron,65.63,40,50.32
CELL_12368,Neuron,93.53,6,73.28
CELL_94000,Fibroblast,84.95,20,79.49
CELL_64558,Epithelial,60.53,35,99.17
CELL_47059,Neuron,18.71,49,61.4
CELL_23579,Epithelial,57.68,46,99.76
CELL_11145,Stem Cell,49.09,25,82.5
CELL_68644,Leukocyte,92.2,27,56.91
CELL_54356,Myocyte,42.49,18,83.14
CELL_98525,Leukocyte,85.51,42,69.69
CELL_60567,Neuron,109.85,23,67.28
CELL_71736,Epithelial,87.35,15,84.54
CELL_65329,Leukocyte,82.64,10,55.26
CELL_88927,Leukocyte,80.57,38,90.39
CELL_57419,Fibroblast,111.14,32,97.88
CELL_48448,Epithelial,42.87,12,95.06
CELL_80849,Leukocyte,11.56,11,74.32
CELL_22871,Fibroblast,99.6,6,68.92
CELL_14222,Neuron,103.74,30,51.0
CELL_90461,Neuron,82.12,32,65.89
CELL_44073,Stem Cell,107.44,19,76.96
CELL_94416,Epithelial,110.57,28,56.88
CELL_90671,Epithelial,70.19,25,70.0
CELL_37143,Fibroblast,41.53,46,97.31
CELL_75263,Neuron,56.73,13,83.08
CELL_54709,Erythrocyte,35.11,6,55.17
CELL_53420,Neuron,32.13,40,95.19
CELL_50218,Neuron,72.03,32,86.64
CELL_47500,Erythrocyte,33.42,34,98.51
CELL_28965,Neuron,22.69,23,60.78
CELL_73363,Myocyte,26.77,31,50.8
CELL_27207,Myocyte,48.08,19,61.47
CELL_62699,Stem Cell,54.15,29,58.31
CELL_80983,Stem Cell,86.9,29,64.1
CELL_29907,Erythrocyte,33.24,40,61.8
CELL_79485,Fibroblast,53.95,28,52.17
CELL_95020,Erythrocyte,111.24,45,87.61
CELL_51468,Leukocyte,16.5,36,94.82
CELL_75367,Erythrocyte,33.98,37,86.25
CELL_40096,Epithelial,111.39,7,85.59
CELL_64321,Neuron,100.08,37,70.42
CELL_26300,Stem Cell,114.7,16,79.87
CELL_75558,Neuron,52.51,37,75.58
CELL_30951,Stem Cell,71.23,29,76.59
CELL_96734,Epithelial,69.33,42,62.94
CELL_31224,Leukocyte,103.17,11,72.4
CELL_30312,Epithelial,23.41,33,66.38
CELL_12844,Erythrocyte,90.86,16,80.88
CELL_81213,Fibroblast,81.68,26,65.08
CELL_60425,Neuron,49.98,43,97.42
CELL_95469,Stem Cell,63.11,24,76.5
CELL_11566,Stem Cell,31.1,13,98.78
CELL_71278,Leukocyte,13.45,40,81.0
CELL_57224,Epithelial,90.85,48,88.19
CELL_36111,Neuron,107.21,19,74.39
CELL_33265,Myocyte,33.67,18,58.3
CELL_42027,Leukocyte,59.68,26,87.57
CELL_17478,Epithelial,6.26,23,81.55
CELL_94803,Erythrocyte,84.23,47,63.52
CELL_74153,Erythrocyte,56.87,47,65.21
CELL_57620,Stem Cell,110.36,43,84.2
CELL_30020,Leukocyte,26.74,23,98.19
CELL_59106,Erythrocyte,70.21,43,65.86
CELL_30214,Stem Cell,119.88,31,60.86
CELL_98855,Leukocyte,90.71,28,74.59
CELL_84306,Myocyte,119.35,20,80.94
CELL_78957,Stem Cell,26.92,14,82.04
CELL_66030,Neuron,50.82,38,99.1
CELL_79535,Stem Cell,21.79,49,82.9
CELL_74092,Stem Cell,10.46,26,51.54
CELL_88127,Leukocyte,55.81,6,98.06
CELL_83583,Stem Cell,103.12,47,87.35
CELL_53919,Neuron,103.27,12,66.05
CELL_39284,Erythrocyte,59.77,7,67.34
CELL_36259,Fibroblast,90.45,42,77.22
CELL_29779,Myocyte,105.86,38,91.12
CELL_87198,Fibroblast,99.77,26,95.44
CELL_37709,Fibroblast,69.15,41,98.32
CELL_88517,Myocyte,49.9,47,95.46
CELL_43002,Epithelial,48.18,43,64.67
CELL_78824,Leukocyte,85.41,47,73.62
CELL_91336,Neuron,87.13,13,83.34
CELL_57668,Erythrocyte,24.16,25,71.09
CELL_74136,Leukocyte,37.14,43,60.61
CELL_83184,Stem Cell,43.81,13,59.1
CELL_44959,Neuron,56.33,30,54.85
CELL_56821,Neuron,25.7,36,98.32
CELL_44840,Neuron,87.05,28,59.18
CELL_22383,Fibroblast,70.58,6,51.55
CELL_92544,Fibroblast,26.9,47,81.64
CELL_24890,Fibroblast,114.2,37,92.63
CELL_23156,Leukocyte,45.84,25,79.56
CELL_47105,Neuron,51.08,48,52.45
CELL_99157,Erythrocyte,45.88,35,71.98
CELL_52541,Neuron,29.38,38,77.31
CELL_47513,Stem Cell,54.64,16,71.27
CELL_79187,Stem Cell,29.35,5,75.06
CELL_12321,Neuron,12.68,8,73.21
CELL_76401,Fibroblast,80.49,9,92.16
CELL_90540,Fibroblast,57.01,11,56.01
CELL_41360,Leukocyte,62.12,24,64.85
CELL_34010,Leukocyte,108.08,14,73.19
CELL_22625,Neuron,55.86,33,57.87
CELL_38381,Fibroblast,90.17,25,74.19
CELL_40086,Stem Cell,98.96,50,85.62
CELL_97873,Myocyte,8.94,13,61.57
CELL_91279,Fibroblast,32.53,34,96.8
CELL_98302,Erythrocyte,85.69,41,62.31
CELL_10784,Fibroblast,51.23,30,64.97
CELL_60554,Neuron,117.58,9,79.84
CELL_45836,Neuron,32.19,41,54.64
CELL_21742,Stem Cell,85.55,24,99.47
CELL_93901,Erythrocyte,52.85,36,67.13
CELL_49456,Leukocyte,32.55,20,86.91
CELL_30232,Epithelial,12.87,32,84.29
CELL_52334,Stem Cell,15.45,11,56.06
CELL_13685,Fibroblast,50.2,50,78.2
CELL_24344,Fibroblast,53.21,38,61.71
CELL_69466,Fibroblast,76.51,23,75.61
CELL_63014,Epithelial,84.13,46,87.5
CELL_34221,Fibroblast,36.01,6,53.71
CELL_63381,Fibroblast,67.04,29,61.28
CELL_31769,Epithelial,9.62,22,63.58
CELL_37682,Neuron,80.9,42,74.78
CELL_54926,Erythrocyte,55.53,46,71.7
CELL_16186,Fibroblast,105.56,34,55.54
CELL_15271,Myocyte,34.86,26,52.73
CELL_55720,Leukocyte,99.48,35,94.08
CELL_74942,Myocyte,94.43,25,91.1
CELL_36009,Epithelial,118.41,8,60.84
CELL_90676,Myocyte,54.98,42,53.0
CELL_95627,Epithelial,55.25,30,90.56
CELL_76240,Epithelial,55.24,18,98.68
CELL_76451,Neuron,83.73,31,82.1
CELL_56757,Fibroblast,102.64,37,50.44
CELL_97631,Myocyte,80.14,31,62.05
CELL_65359,Fibroblast,60.34,28,54.46
CELL_87065,Fibroblast,98.34,10,91.17
CELL_51949,Fibroblast,6.84,44,89.73
CELL_93944,Epithelial,48.11,48,72.4
CELL_17320,Stem Cell,23.64,15,91.54
CELL_61873,Leukocyte,106.76,43,69.64
CELL_24243,Neuron,111.94,21,98.74
CELL_78255,Epithelial,89.26,20,99.67
CELL_10538,Fibroblast,12.12,48,77.63
CELL_41468,Leukocyte,79.59,49,79.8
CELL_91102,Stem Cell,6.75,48,54.4
CELL_22314,Myocyte,43.03,34,64.1
CELL_25683,Leukocyte,89.62,36,52.48
CELL_71347,Neuron,108.43,50,97.92
CELL_51102,Neuron,117.94,49,80.24
CELL_86318,Myocyte,65.49,12,66.91
CELL_88584,Stem Cell,72.18,12,62.65
CELL_72320,Myocyte,50.64,18,85.01
CELL_43805,Leukocyte,102.45,18,51.0
CELL_12752,Myocyte,11.25,26,81.13
CELL_27245,Epithelial,14.24,26,57.81
CELL_67501,Neuron,7.82,7,71.01
CELL_66989,Erythrocyte,6.61,11,96.02
CELL_73307,Leukocyte,47.01,25,57.1
CELL_90288,Fibroblast,46.8,5,66.43
CELL_54890,Leukocyte,119.47,21,83.25
CELL_26790,Stem Cell,104.04,40,53.83
CELL_86312,Erythrocyte,37.08,31,60.75
CELL_96593,Erythrocyte,100.66,6,87.44
CELL_27098,Neuron,59.83,33,52.88
CELL_91365,Fibroblast,38.02,11,75.58
CELL_86302,Neuron,46.29,23,97.41
CELL_70673,Neuron,43.2,16,95.21
CELL_52526,Neuron,113.46,22,91.53
CELL_28775,Neuron,94.62,47,76.18
CELL_40427,Neuron,6.81,16,76.67
CELL_57436,Neuron,50.52,41,58.47
CELL_36299,Erythrocyte,17.66,42,89.89
CELL_13341,Fibroblast,57.91,7,63.4
CELL_54787,Leukocyte,98.84,30,93.41
CELL_29687,Leukocyte,102.48,39,95.63
CELL_88368,Stem Cell,83.42,45,56.0
CELL_13938,Leukocyte,37.88,30,82.64
CELL_36730,Stem Cell,18.73,23,52.57
CELL_64376,Neuron,53.16,44,51.41
CELL_28391,Fibroblast,53.85,30,93.34
CELL_96986,Myocyte,13.11,20,75.64
CELL_68207,Erythrocyte,48.62,39,72.33
CELL_39704,Epithelial,61.38,39,88.6
CELL_30316,Epithelial,36.48,18,81.22
CELL_69220,Fibroblast,21.34,48,95.13
CELL_51102,Myocyte,65.58,32,75.64
CELL_57467,Leukocyte,89.1,5,83.79
CELL_75562,Leukocyte,43.12,9,55.6
CELL_49434,Epithelial,28.7,42,72.4
CELL_67453,Myocyte,18.46,20,63.28
CELL_27184,Leukocyte,43.85,19,86.14
CELL_58911,Fibroblast,68.2,27,89.82
CELL_57344,Erythrocyte,115.31,20,58.0
CELL_22745,Myocyte,58.93,37,63.06
CELL_33827,Myocyte,119.16,12,61.77
CELL_39528,Neuron,66.71,36,81.89
CELL_59819,Leukocyte,11.91,23,91.12
CELL_76886,Neuron,24.92,28,93.04
CELL_68328,Erythrocyte,7.16,45,70.01
CELL_46930,Leukocyte,27.55,34,58.03
CELL_94487,Myocyte,78.6,23,82.33
CELL_43005,Fibroblast,118.95,36,71.25
CELL_68173,Leukocyte,38.88,42,81.87
CELL_72570,Leukocyte,109.57,34,63.24
CELL_97024,Fibroblast,53.2,42,96.64
CELL_26728,Fibroblast,73.38,5,64.39
CELL_70378,Myocyte,90.36,16,51.56
CELL_10273,Erythrocyte,119.97,34,50.52
CELL_52253,Stem Cell,58.45,19,99.35
CELL_16142,Neuron,118.19,25,68.02
CELL_45216,Epithelial,102.14,28,56.59
CELL_36533,Leukocyte,110.43,20,97.36
CELL_16087,Stem Cell,102.67,38,66.98
CELL_46104,Erythrocyte,77.73,16,58.26
CELL_53862,Neuron,102.42,35,89.01
CELL_58730,Epithelial,84.64,30,87.77
CELL_28831,Stem Cell,61.26,15,84.01
CELL_74464,Stem Cell,97.1,22,74.8
CELL_75125,Myocyte,64.8,32,90.01
CELL_97619,Epithelial,34.82,10,71.83
CELL_26214,Fibroblast,64.97,10,76.76
CELL_76220,Leukocyte,23.1,43,63.89
CELL_97970,Epithelial,102.19,28,91.68
CELL_89741,Stem Cell,59.25,45,59.44
CELL_88927,Fibroblast,20.28,10,67.62
CELL_77783,Neuron,96.52,11,63.76
CELL_13919,Leukocyte,104.13,32,68.77
CELL_74674,Erythrocyte,104.63,34,74.46
CELL_40919,Stem Cell,24.25,40,68.97
CELL_43344,Stem Cell,19.63,19,81.59
CELL_18309,Myocyte,30.44,18,97.62
CELL_18323,Leukocyte,18.89,30,97.92
CELL_44659,Stem Cell,55.38,50,61.54
CELL_83153,Fibroblast,110.86,46,90.02
CELL_93933,Erythrocyte,106.75,37,62.83
CELL_62744,Fibroblast,5.14,48,84.32
CELL_49071,Erythrocyte,39.01,42,57.69
CELL_83561,Erythrocyte,59.4,17,71.54
CELL_53317,Stem Cell,93.07,14,50.6
CELL_48338,Leukocyte,78.62,33,69.4
CELL_41592,Fibroblast,67.53,11,96.59
CELL_82513,Stem Cell,33.83,16,77.74
CELL_12715,Epithelial,27.98,38,51.37
CELL_12188,Myocyte,90.77,43,50.36
CELL_70820,Epithelial,80.7,47,80.19
CELL_58672,Myocyte,8.15,18,67.01
CELL_54965,Epithelial,35.99,28,81.96
CELL_76534,Fibroblast,55.22,22,86.71
CELL_34710,Neuron,30.67,11,53.45
CELL_78965,Neuron,47.64,6,92.5
CELL_47285,Fibroblast,89.53,43,61.46
CELL_49618,Myocyte,85.03,19,57.32
CELL_58980,Fibroblast,109.35,16,84.67
CELL_59968,Epithelial,79.39,44,91.67
CELL_41913,Leukocyte,35.0,11,58.07
CELL_57241,Stem Cell,27.3,15,83.84
CELL_11023,Leukocyte,114.48,27,85.41
CELL_53963,Stem Cell,9.16,11,64.24
CELL_24719,Epithelial,18.12,50,63.68
CELL_19214,Neuron,81.26,10,93.76
CELL_17501,Fibroblast,74.55,10,85.86
CELL_66174,Myocyte,110.37,23,59.16
CELL_89445,Myocyte,46.01,29,52.16
CELL_87972,Leukocyte,103.2,6,99.79
CELL_92612,Neuron,21.51,13,82.95
CELL_35134,Erythrocyte,70.55,14,91.94
CELL_23417,Stem Cell,106.48,44,94.01
CELL_21162,Epithelial,28.96,9,70.88
CELL_24148,Myocyte,65.59,5,50.21
CELL_34400,Stem Cell,8.09,38,66.4
CELL_56460,Erythrocyte,118.7,28,70.97
CELL_86145,Neuron,18.97,7,87.13
CELL_65433,Neuron,70.27,12,62.17
CELL_27068,Leukocyte,9.41,46,50.31
CELL_77762,Neuron,63.74,15,80.16
CELL_91957,Leukocyte,73.44,10,96.28
CELL_70857,Erythrocyte,83.87,18,59.88
CELL_28850,Stem Cell,59.18,24,62.83
CELL_31682,Stem Cell,101.06,39,79.95
CELL_72555,Leukocyte,65.47,23,97.5
CELL_72307,Neuron,67.78,41,64.37
CELL_36122,Erythrocyte,66.22,5,60.72
CELL_64862,Fibroblast,68.82,14,73.26
CELL_25342,Myocyte,82.18,8,71.3
CELL_98595,Fibroblast,24.72,33,70.6
CELL_86800,Epithelial,80.37,16,53.15
CELL_27695,Epithelial,106.94,39,92.97
CELL_17469,Myocyte,20.57,43,84.56
CELL_38978,Neuron,59.73,19,96.26
CELL_93646,Erythrocyte,54.8,47,54.96
CELL_18601,Erythrocyte,99.53,48,87.36
CELL_98148,Neuron,87.61,11,73.1
CELL_17203,Fibroblast,119.73,34,95.18
CELL_82355,Epithelial,33.99,36,56.32
CELL_56867,Epithelial,113.71,6,50.57
CELL_16728,Stem Cell,48.37,46,93.49
CELL_82221,Epithelial,15.59,44,82.79
CELL_75477,Neuron,101.05,39,66.79
CELL_20058,Neuron,104.17,18,57.61
CELL_76540,Myocyte,36.17,30,72.19
CELL_74360,Fibroblast,61.44,11,79.35
CELL_93092,Myocyte,91.04,7,87.72
CELL_53037,Erythrocyte,57.69,29,95.42
CELL_29482,Erythrocyte,39.59,34,63.09
CELL_13272,Epithelial,7.45,16,87.39
CELL_68298,Stem Cell,57.13,44,82.92
CELL_73004,Leukocyte,66.13,46,85.74
CELL_68720,Neuron,72.28,7,66.88
CELL_95891,Erythrocyte,64.63,31,96.07
CELL_36082,Neuron,73.9,24,56.06
CELL_73814,Stem Cell,90.82,12,55.4
CELL_15090,Neuron,115.14,38,98.64
CELL_51304,Leukocyte,60.23,36,99.33
CELL_93519,Myocyte,50.71,39,95.33
CELL_25035,Leukocyte,79.75,44,61.78
CELL_95407,Stem Cell,66.98,38,92.13
CELL_17048,Neuron,36.59,46,76.28
CELL_43833,Leukocyte,39.77,12,51.72
CELL_13159,Neuron,74.39,32,67.25
CELL_67479,Myocyte,10.5,38,96.24
CELL_85675,Stem Cell,76.45,6,56.93
CELL_41230,Fibroblast,41.97,13,57.54
CELL_92076,Erythrocyte,65.29,15,50.38
CELL_82676,Fibroblast,99.06,48,77.08
CELL_47492,Myocyte,28.6,44,78.86
CELL_38152,Leukocyte,113.33,41,57.7
CELL_16365,Neuron,63.02,19,64.55
CELL_82086,Epithelial,80.75,30,83.87
CELL_21442,Fibroblast,48.12,13,80.71
CELL_25258,Myocyte,97.97,17,92.3
CELL_43380,Fibroblast,87.4,26,89.81
CELL_16378,Leukocyte,111.77,41,69.18
CELL_94968,Leukocyte,21.09,25,57.6
CELL_78826,Erythrocyte,19.56,30,77.57
CELL_32189,Neuron,82.72,7,51.73
CELL_62367,Fibroblast,113.32,20,51.73
CELL_10454,Myocyte,42.29,41,84.12
CELL_95824,Stem Cell,114.62,35,76.54
CELL_66059,Fibroblast,19.14,8,76.64
CELL_76348,Epithelial,29.67,36,62.02
CELL_39740,Stem Cell,24.56,50,51.65
CELL_38853,Leukocyte,10.29,20,64.19
CELL_69070,Erythrocyte,55.23,21,73.0
CELL_82686,Fibroblast,37.41,11,98.9
CELL_22522,Epithelial,87.16,7,64.05
CELL_18949,Leukocyte,20.64,15,86.8
CELL_77242,Leukocyte,53.32,48,59.91
CELL_40186,Fibroblast,118.74,33,56.38
CELL_22406,Leukocyte,87.17,10,55.75
CELL_56803,Leukocyte,55.11,22,98.09
CELL_72009,Neuron,116.0,45,97.11
CELL_23592,Stem Cell,27.38,47,57.65
CELL_25687,Neuron,53.2,44,67.4
CELL_73172,Leukocyte,67.97,20,79.97
CELL_19951,Fibroblast,65.11,19,89.01
CELL_20088,Leukocyte,116.09,26,81.88
CELL_51100,Myocyte,118.61,28,66.32
CELL_56653,Myocyte,108.6,14,67.74
CELL_24558,Neuron,47.8,7,58.47
CELL_41524,Neuron,58.64,39,67.83
CELL_84698,Stem Cell,87.04,47,93.54
CELL_62788,Stem Cell,90.24,10,57.37
CELL_67337,Myocyte,13.6,48,65.75
CELL_46227,Myocyte,114.11,41,69.98
CELL_43404,Epithelial,72.82,20,77.58
CELL_51688,Stem Cell,56.88,10,54.04
CELL_76130,Erythrocyte,49.81,25,80.47
CELL_57219,Erythrocyte,118.19,6,73.12
CELL_25872,Epithelial,9.3,26,70.09
CELL_34590,Fibroblast,111.09,20,80.82
CELL_34229,Neuron,23.11,6,57.01
CELL_40934,Myocyte,101.99,37,60.75
CELL_42237,Stem Cell,100.49,19,78.74
CELL_45184,Stem Cell,71.66,22,90.22
CELL_36888,Fibroblast,69.92,47,88.6
CELL_16706,Stem Cell,108.98,44,55.03
CELL_32917,Neuron,11.55,9,66.07
CELL_25828,Stem Cell,11.95,5,95.64
CELL_29859,Stem Cell,100.98,47,96.11
CELL_73320,Myocyte,14.58,18,53.87
CELL_25498,Stem Cell,37.15,23,62.27
CELL_12498,Epithelial,85.1,33,92.28
CELL_12777,Stem Cell,54.12,49,71.56
CELL_72684,Neuron,49.79,10,97.08
CELL_16465,Leukocyte,55.8,10,91.89
CELL_76695,Fibroblast,66.12,40,67.77
CELL_70344,Erythrocyte,26.38,20,54.15
CELL_10977,Epithelial,14.25,38,60.28
CELL_37688,Erythrocyte,60.13,15,89.16
CELL_74047,Neuron,115.65,50,66.01
CELL_24910,Leukocyte,71.91,20,59.16
CELL_29812,Neuron,89.58,39,97.33
CELL_56957,Erythrocyte,104.05,7,88.3
CELL_68560,Fibroblast,74.64,11,64.37
CELL_59220,Epithelial,96.24,17,52.31
CELL_51669,Erythrocyte,70.67,33,68.24
CELL_24460,Fibroblast,115.02,30,84.1
CELL_55563,Erythrocyte,63.5,30,58.47
CELL_68411,Stem Cell,35.52,28,53.05
CELL_13064,Myocyte,52.43,10,89.7
CELL_99302,Myocyte,83.71,33,77.68
CELL_34276,Epithelial,113.77,6,53.99
CELL_31191,Fibroblast,22.62,38,75.26
CELL_39346,Leukocyte,29.08,43,56.69
CELL_50709,Erythrocyte,6.97,48,65.07
CELL_93700,Stem Cell,33.47,49,75.19
CELL_90346,Stem Cell,24.82,9,71.05
CELL_46719,Erythrocyte,68.74,36,82.82
CELL_56748,Leukocyte,26.59,14,86.37
CELL_31687,Myocyte,118.44,27,95.93
CELL_15933,Neuron,43.97,21,99.81
CELL_29241,Leukocyte,109.44,34,64.16
CELL_85548,Neuron,51.72,24,93.71
CELL_63746,Neuron,6.01,12,94.43
CELL_17168,Stem Cell,64.32,35,60.49
CELL_23141,Epithelial,114.39,7,68.57
CELL_64756,Epithelial,67.65,8,89.22
CELL_84307,Erythrocyte,69.24,45,85.73
CELL_72856,Erythrocyte,105.04,25,61.11
CELL_69929,Stem Cell,91.12,18,66.26
CELL_99602,Leukocyte,25.15,38,73.91
CELL_67893,Fibroblast,12.05,10,63.31
CELL_18010,Epithelial,98.51,30,79.62
CELL_25221,Fibroblast,24.06,15,53.09
CELL_77682,Erythrocyte,45.44,13,57.57
CELL_77028,Erythrocyte,21.81,12,73.96
CELL_20283,Neuron,74.31,10,88.79
CELL_34206,Myocyte,33.84,35,95.91
CELL_14945,Myocyte,33.04,23,73.21
CELL_89599,Neuron,10.66,36,82.2
CELL_87978,Myocyte,19.09,14,66.72
CELL_92131,Epithelial,71.06,10,78.92
CELL_30085,Leukocyte,45.88,34,99.67
CELL_16770,Leukocyte,74.46,45,95.79
CELL_53592,Neuron,22.88,5,56.52
CELL_14209,Neuron,52.84,25,51.23
CELL_11368,Fibroblast,112.27,32,68.44
CELL_81123,Neuron,105.42,12,53.27
CELL_41699,Epithelial,61.12,34,94.33
CELL_73389,Erythrocyte,102.46,14,94.39
CELL_71986,Fibroblast,6.35,27,61.19
CELL_89964,Stem Cell,12.02,20,79.65
CELL_15589,Myocyte,29.13,24,58.92
CELL_18160,Stem Cell,38.11,46,88.55
CELL_17092,Stem Cell,17.54,13,59.33
CELL_37432,Neuron,94.23,10,99.41
CELL_58473,Fibroblast,82.46,7,91.93
CELL_44016,Leukocyte,51.7,27,86.1
CELL_91668,Neuron,68.87,10,51.01
CELL_36380,Myocyte,13.42,46,61.43
CELL_76352,Erythrocyte,37.59,12,81.3
CELL_52198,Myocyte,116.59,33,56.63
CELL_50854,Stem Cell,16.66,26,73.19
CELL_12406,Leukocyte,118.17,26,77.43
CELL_90334,Epithelial,82.93,23,55.95
CELL_24457,Fibroblast,58.57,30,50.09
CELL_30845,Erythrocyte,16.33,7,68.48
CELL_10816,Fibroblast,72.26,35,97.59
CELL_96846,Leukocyte,15.09,6,56.83
CELL_52307,Stem Cell,71.22,39,94.54
CELL_76762,Leukocyte,91.78,42,86.77
CELL_38152,Fibroblast,23.4,17,63.8
CELL_66666,Epithelial,48.81,7,88.28
CELL_25629,Epithelial,30.16,36,70.58
CELL_32848,Fibroblast,42.61,13,97.83
CELL_65598,Leukocyte,56.61,28,61.5
CELL_58206,Fibroblast,36.43,38,50.85
CELL_26609,Epithelial,41.95,10,92.15
CELL_63588,Epithelial,60.05,16,98.33
CELL_52981,Leukocyte,97.72,40,67.69
CELL_77977,Stem Cell,16.89,49,55.45
CELL_82197,Myocyte,41.27,20,96.09
CELL_52604,Leukocyte,42.69,10,68.75
CELL_52683,Neuron,111.94,44,73.52
CELL_41323,Leukocyte,51.31,46,81.23
CELL_39459,Neuron,91.02,44,67.24
CELL_66275,Stem Cell,93.29,25,92.38
CELL_57047,Neuron,16.07,28,82.09
CELL_79432,Neuron,7.56,29,73.97
CELL_36508,Epithelial,40.22,43,85.62
CELL_88340,Leukocyte,58.55,9,93.13
CELL_68884,Leukocyte,89.67,33,72.15
CELL_89050,Leukocyte,31.33,41,66.7
CELL_44511,Erythrocyte,53.86,23,83.54
CELL_15673,Erythrocyte,38.83,37,54.13
CELL_72501,Fibroblast,110.28,17,98.17
CELL_51038,Neuron,9.41,20,63.61
CELL_55011,Neuron,116.64,7,68.2
CELL_31854,Epithelial,9.64,33,55.86
CELL_20462,Leukocyte,15.1,33,73.08
CELL_98658,Neuron,89.84,34,88.67
CELL_58684,Fibroblast,85.25,31,85.91
CELL_27979,Myocyte,108.87,5,98.65
CELL_10149,Epithelial,30.68,33,87.14
CELL_46038,Myocyte,41.22,15,89.05
CELL_40188,Leukocyte,114.78,24,54.21
CELL_56132,Epithelial,16.11,35,98.59
CELL_17379,Stem Cell,22.8,33,62.63
CELL_89423,Leukocyte,53.8,38,69.47
CELL_89684,Leukocyte,7.29,14,81.54
CELL_48914,Fibroblast,15.63,34,71.74
CELL_78705,Epithelial,97.35,11,77.08
CELL_50778,Fibroblast,47.15,32,59.94
CELL_84915,Stem Cell,50.46,45,97.96
CELL_71435,Neuron,100.7,47,62.18
CELL_53742,Epithelial,111.26,41,59.06
CELL_57448,Stem Cell,54.43,15,98.19
CELL_57870,Erythrocyte,92.2,26,84.6
CELL_91272,Erythrocyte,106.83,8,53.76
CELL_72208,Epithelial,109.32,31,89.18
CELL_32838,Erythrocyte,24.93,50,98.65
CELL_94652,Erythrocyte,114.83,27,95.23
CELL_48292,Fibroblast,114.99,16,63.02
CELL_80752,Erythrocyte,8.28,40,73.02
CELL_38251,Fibroblast,88.96,14,83.36
CELL_62694,Erythrocyte,109.48,24,61.09
CELL_88757,Neuron,29.67,19,88.83
CELL_86958,Erythrocyte,77.63,26,58.97
CELL_37163,Myocyte,88.91,7,90.7
CELL_15719,Epithelial,38.51,48,61.41
CELL_51599,Erythrocyte,100.76,45,95.84
CELL_59458,Fibroblast,59.01,23,86.45
CELL_61914,Leukocyte,99.71,42,67.91
CELL_87343,Stem Cell,90.15,47,81.67
CELL_65255,Stem Cell,50.97,17,74.62
CELL_13824,Epithelial,107.26,25,63.79
CELL_19057,Neuron,77.87,44,84.17
CELL_80795,Neuron,24.26,15,79.42
CELL_60846,Stem Cell,16.94,25,88.09
CELL_38911,Fibroblast,14.53,13,98.29
CELL_15995,Stem Cell,95.71,15,71.26
CELL_37785,Stem Cell,115.95,35,51.86
CELL_56523,Fibroblast,111.54,45,67.37
CELL_41458,Myocyte,49.49,48,64.69
CELL_84956,Neuron,91.19,45,72.54
CELL_70360,Myocyte,98.54,35,51.99
CELL_59491,Epithelial,43.8,5,53.4
CELL_72693,Fibroblast,11.56,39,84.74
CELL_16362,Myocyte,85.97,12,77.84
CELL_12485,Neuron,71.81,6,96.68
CELL_75565,Fibroblast,67.84,35,68.46
CELL_32271,Erythrocyte,61.08,26,60.04
CELL_21382,Fibroblast,42.76,15,67.77
CELL_76686,Fibroblast,106.76,35,86.71
CELL_30429,Neuron,20.45,33,76.28
CELL_22451,Erythrocyte,74.73,36,52.21
CELL_84103,Leukocyte,26.28,26,67.35
CELL_59824,Epithelial,109.68,36,86.93
CELL_53763,Erythrocyte,15.56,32,64.33
CELL_54829,Leukocyte,78.74,19,75.94
CELL_95000,Erythrocyte,55.82,19,63.31
CELL_26835,Leukocyte,69.19,41,63.69
CELL_12141,Stem Cell,95.72,44,86.79
CELL_26498,Stem Cell,49.46,44,91.04
CELL_82623,Myocyte,68.15,41,62.6
CELL_81673,Fibroblast,24.95,41,54.68
CELL_12772,Erythrocyte,100.86,5,50.28
CELL_41694,Stem Cell,108.12,29,50.32
CELL_48310,Leukocyte,90.77,39,50.87
CELL_21185,Stem Cell,41.14,47,54.46
CELL_47683,Erythrocyte,35.92,34,61.67
CELL_88293,Erythrocyte,17.42,24,76.13
CELL_19821,Neuron,18.62,41,76.02
CELL_52795,Neuron,47.88,44,84.49
CELL_95644,Stem Cell,14.27,26,87.11
CELL_30333,Leukocyte,90.26,29,74.22
CELL_50215,Leukocyte,24.5,41,84.08
CELL_55046,Stem Cell,65.89,15,76.73
CELL_18068,Neuron,38.74,29,68.69
CELL_59484,Neuron,105.4,16,81.58
CELL_80253,Erythrocyte,66.06,19,86.23
CELL_90148,Erythrocyte,57.35,15,93.97
CELL_13900,Epithelial,70.84,29,94.8
CELL_12975,Epithelial,19.64,38,71.88
CELL_56502,Leukocyte,105.89,43,89.65
CELL_21817,Epithelial,81.56,37,53.59
CELL_84796,Neuron,118.3,32,57.69
CELL_41207,Epithelial,80.78,17,85.1
CELL_37276,Myocyte,77.7,12,74.87
CELL_45167,Neuron,32.48,7,81.8
CELL_81151,Neuron,44.12,19,80.73
CELL_76549,Erythrocyte,88.24,8,84.87
CELL_68919,Erythrocyte,45.03,9,58.51
CELL_43670,Myocyte,69.39,26,58.61
CELL_96447,Erythrocyte,86.2,38,80.26
CELL_90932,Neuron,80.99,28,74.14
CELL_62873,Neuron,118.52,17,65.43
CELL_66894,Myocyte,103.8,37,55.09
CELL_25327,Myocyte,111.26,14,94.24
CELL_28787,Leukocyte,82.8,14,90.41
CELL_38263,Stem Cell,42.38,28,87.13
CELL_51940,Stem Cell,18.39,35,59.55
CELL_74870,Erythrocyte,119.97,33,86.6
CELL_31508,Myocyte,38.72,36,68.71
CELL_61206,Erythrocyte,17.12,46,69.64
CELL_49498,Leukocyte,71.29,47,61.66
CELL_82336,Epithelial,14.94,8,76.73
CELL_79329,Leukocyte,117.5,25,70.91
CELL_11696,Fibroblast,14.57,16,73.2
CELL_52939,Myocyte,39.63,24,97.68
CELL_43385,Stem Cell,109.47,42,79.78
CELL_33285,Leukocyte,18.46,17,70.14
CELL_73468,Leukocyte,12.71,26,92.01
CELL_42882,Neuron,108.02,25,81.03
CELL_60809,Myocyte,24.6,38,90.17
CELL_32153,Stem Cell,6.82,45,85.87
CELL_18067,Erythrocyte,50.45,17,57.63
CELL_79986,Myocyte,22.58,49,54.27
CELL_47452,Erythrocyte,101.57,7,51.9
CELL_18948,Erythrocyte,34.44,9,56.67
CELL_34054,Fibroblast,113.24,40,71.56
CELL_73521,Stem Cell,71.86,10,66.32
CELL_39249,Epithelial,24.65,13,85.79
CELL_76718,Erythrocyte,9.97,15,86.21
CELL_92906,Fibroblast,110.41,22,91.79
CELL_82618,Stem Cell,68.67,10,76.51
CELL_18807,Fibroblast,55.17,25,80.77
CELL_45020,Erythrocyte,30.24,47,85.03
CELL_99018,Epithelial,103.27,32,50.89
CELL_55950,Epithelial,65.25,36,73.16
CELL_37508,Myocyte,66.96,26,66.99
CELL_60177,Neuron,77.57,24,82.46
CELL_53706,Leukocyte,6.59,15,50.86
CELL_97644,Fibroblast,33.99,8,73.17
CELL_87296,Neuron,94.05,46,61.26
CELL_88747,Myocyte,26.26,19,70.77
CELL_69135,Myocyte,11.21,34,68.81
CELL_39798,Erythrocyte,50.17,10,68.78
CELL_90386,Fibroblast,64.06,16,87.6
CELL_49870,Epithelial,34.39,9,80.72
CELL_45095,Fibroblast,44.11,41,53.61
CELL_41038,Neuron,13.02,29,71.56
CELL_59507,Leukocyte,55.85,39,72.12
CELL_57357,Stem Cell,33.4,39,91.69
CELL_44620,Myocyte,29.68,45,64.11
CELL_16199,Neuron,52.94,30,76.78
CELL_78943,Erythrocyte,108.3,15,58.9
CELL_70995,Myocyte,50.54,50,65.9
CELL_52989,Neuron,99.88,32,55.08
CELL_93911,Myocyte,45.39,48,76.12
CELL_28881,Leukocyte,53.43,37,61.77
CELL_23592,Fibroblast,16.71,50,87.37
CELL_26484,Leukocyte,57.09,24,92.61
CELL_26059,Erythrocyte,116.22,6,92.57
CELL_11289,Epithelial,75.15,5,57.69
CELL_74337,Myocyte,21.55,13,82.84
CELL_65063,Fibroblast,59.17,13,97.66
CELL_60307,Neuron,97.19,38,93.81
CELL_55574,Neuron,26.45,19,56.6
CELL_69027,Epithelial,116.44,5,71.82
CELL_42753,Epithelial,27.08,17,69.28
CELL_11987,Myocyte,106.61,40,52.04
CELL_19903,Myocyte,15.32,49,90.87
CELL_28661,Fibroblast,41.81,17,79.28
CELL_74624,Erythrocyte,111.25,18,91.3
CELL_36894,Erythrocyte,105.16,46,61.49
CELL_34792,Leukocyte,52.04,43,87.46
CELL_45167,Fibroblast,27.18,8,69.67
CELL_55992,Leukocyte,111.48,37,51.91
CELL_62674,Fibroblast,27.75,38,82.56
CELL_18924,Erythrocyte,117.41,22,88.55
CELL_45184,Erythrocyte,22.69,29,82.06
CELL_79976,Stem Cell,38.06,37,54.92
CELL_36939,Stem Cell,102.48,45,50.24
CELL_74790,Neuron,99.22,20,78.74
CELL_75766,Epithelial,19.11,50,88.63
CELL_92670,Neuron,80.9,48,75.08
CELL_47677,Myocyte,57.24,15,78.14
CELL_72947,Neuron,87.6,11,85.8
CELL_74578,Fibroblast,23.83,33,80.4
CELL_64389,Erythrocyte,46.69,46,69.98
CELL_23150,Erythrocyte,104.36,35,62.75
CELL_79776,Neuron,8.83,20,72.03
CELL_49500,Leukocyte,47.26,9,55.47
CELL_36373,Leukocyte,54.44,34,53.44
CELL_16971,Neuron,86.07,10,90.3
CELL_13789,Stem Cell,62.29,19,73.22
CELL_36884,Fibroblast,55.28,12,91.47
CELL_46156,Stem Cell,65.65,14,84.11
CELL_67292,Neuron,58.42,34,92.24
CELL_20712,Myocyte,9.06,39,60.18
CELL_18063,Stem Cell,18.11,44,51.24
CELL_73150,Myocyte,114.24,25,55.29
CELL_92410,Neuron,118.16,5,78.2
CELL_21228,Myocyte,27.36,21,76.8
CELL_16377,Neuron,68.08,15,96.92
CELL_64278,Myocyte,37.43,46,62.53
CELL_93124,Epithelial,26.34,29,98.71
CELL_54654,Erythrocyte,86.78,41,93.85
CELL_11556,Leukocyte,114.59,27,65.4
CELL_28096,Fibroblast,58.04,34,64.35
CELL_98321,Epithelial,64.18,15,87.24
CELL_99421,Myocyte,20.81,44,67.41
CELL_31430,Neuron,65.55,30,82.87
CELL_47499,Myocyte,118.43,37,61.79
CELL_32692,Epithelial,75.1,32,86.7
CELL_56152,Stem Cell,36.97,34,85.95
CELL_40909,Fibroblast,14.34,9,96.72
CELL_57508,Epithelial,70.06,32,79.93
CELL_76767,Erythrocyte,28.13,29,94.71
CELL_42967,Erythrocyte,39.21,32,65.66
CELL_31437,Neuron,82.59,39,95.78
CELL_87564,Neuron,93.92,35,86.17
CELL_48216,Myocyte,68.92,32,85.45
CELL_75513,Fibroblast,87.39,45,62.92
CELL_88651,Epithelial,82.92,30,58.2
CELL_57941,Epithelial,88.0,5,89.2
CELL_47951,Leukocyte,91.55,7,95.62
CELL_82777,Erythrocyte,58.06,20,69.37
CELL_45749,Fibroblast,35.72,45,95.89
CELL_99237,Epithelial,7.37,11,74.4
CELL_42892,Epithelial,102.32,40,78.28
CELL_71419,Myocyte,87.18,46,90.65
CELL_91901,Leukocyte,40.27,44,59.26
CELL_78520,Myocyte,82.48,29,90.69
CELL_60115,Fibroblast,62.51,10,79.84
CELL_75739,Leukocyte,81.15,46,97.32
CELL_44331,Leukocyte,79.64,44,52.29
CELL_30326,Stem Cell,104.76,7,89.16
CELL_79398,Erythrocyte,6.39,45,76.36
CELL_74348,Fibroblast,88.05,36,79.27
CELL_88961,Stem Cell,29.11,50,74.83
CELL_62251,Stem Cell,42.86,8,76.03
CELL_77753,Epithelial,81.54,11,80.5
CELL_21765,Erythrocyte,8.57,43,83.72
CELL_24687,Erythrocyte,115.59,25,81.51
CELL_88119,Erythrocyte,99.37,21,67.33
CELL_92189,Neuron,51.57,28,72.59
CELL_50642,Erythrocyte,108.47,8,66.82
CELL_58408,Neuron,65.0,14,52.05
CELL_85310,Stem Cell,16.74,23,71.86
CELL_13436,Neuron,28.89,14,88.37
CELL_13047,Epithelial,19.65,37,82.81
CELL_84986,Neuron,55.7,13,89.57
CELL_73270,Leukocyte,63.74,19,85.29
CELL_15507,Epithelial,36.24,29,67.62
CELL_15150,Erythrocyte,12.27,12,87.04
CELL_16619,Stem Cell,6.76,47,91.68
CELL_53698,Fibroblast,41.01,30,99.09
CELL_78195,Neuron,59.97,39,92.47
CELL_29067,Stem Cell,67.02,9,87.71
CELL_10511,Fibroblast,79.44,34,83.68
CELL_33586,Epithelial,52.01,39,97.48
CELL_42480,Erythrocyte,45.05,43,58.25
CELL_47519,Epithelial,27.89,8,60.39
CELL_79523,Neuron,76.16,7,73.11
CELL_78181,Neuron,55.29,20,85.37
CELL_88426,Erythrocyte,108.98,11,55.48
CELL_61461,Fibroblast,103.52,34,59.99
CELL_14706,Epithelial,44.42,9,82.13
CELL_94353,Fibroblast,108.68,22,66.29
CELL_53102,Myocyte,97.94,9,77.49
CELL_85311,Myocyte,89.5,34,71.18
CELL_87625,Epithelial,32.37,22,86.01
CELL_33851,Fibroblast,21.53,16,99.31
CELL_99571,Myocyte,68.46,41,51.52
CELL_31602,Fibroblast,58.9,16,51.46
CELL_84513,Stem Cell,49.91,32,82.17
CELL_74284,Neuron,104.34,44,62.13
CELL_83546,Leukocyte,83.92,11,51.23
CELL_16635,Stem Cell,100.75,40,72.8
CELL_75773,Neuron,56.01,24,87.13
CELL_67246,Leukocyte,91.21,17,97.98
CELL_67825,Erythrocyte,58.61,39,54.93
CELL_92106,Leukocyte,52.51,18,92.27
CELL_51493,Myocyte,91.98,36,58.94
CELL_66482,Fibroblast,102.43,31,52.12
CELL_96107,Fibroblast,54.65,7,97.43
CELL_45211,Neuron,36.4,16,62.68
CELL_46826,Fibroblast,57.08,26,86.98
CELL_99346,Epithelial,51.27,15,85.87
CELL_31738,Epithelial,119.42,14,91.83
CELL_63160,Leukocyte,65.38,29,86.05
CELL_98846,Stem Cell,26.58,16,52.9
CELL_76075,Myocyte,28.21,26,65.85
CELL_28717,Epithelial,115.32,24,52.41
CELL_90315,Stem Cell,90.3,18,80.44
CELL_42803,Stem Cell,96.88,19,89.44
CELL_30461,Leukocyte,101.12,50,53.88
CELL_83857,Epithelial,86.47,35,90.49
CELL_76598,Fibroblast,53.56,43,77.67
CELL_10348,Myocyte,112.12,42,78.58
CELL_24531,Leukocyte,20.38,35,69.85
CELL_49894,Fibroblast,43.0,21,97.08
CELL_97431,Myocyte,6.17,14,62.3
CELL_47958,Epithelial,95.98,10,80.49
CELL_72162,Fibroblast,115.21,10,80.02
CELL_77390,Myocyte,31.62,23,64.75
CELL_96221,Stem Cell,102.16,7,53.89
CELL_34388,Stem Cell,54.36,31,97.52
CELL_10956,Leukocyte,29.18,18,61.67
CELL_55700,Fibroblast,88.97,5,59.74
CELL_32660,Leukocyte,97.58,26,88.6
CELL_87545,Epithelial,112.37,11,94.02
CELL_61107,Epithelial,6.86,11,55.96
CELL_98719,Myocyte,8.89,42,80.8
CELL_74555,Stem Cell,79.85,47,65.8
CELL_97563,Erythrocyte,91.67,25,61.41
CELL_78427,Myocyte,5.94,29,84.6
CELL_59913,Fibroblast,62.05,44,59.86
CELL_36181,Leukocyte,116.37,47,78.39
CELL_81379,Fibroblast,44.7,34,55.71
CELL_96157,Leukocyte,97.32,7,72.21
CELL_10577,Stem Cell,71.81,42,96.32
CELL_83834,Neuron,11.11,10,56.71
CELL_59184,Neuron,49.2,42,62.81
CELL_61616,Myocyte,11.67,41,92.99
CELL_80148,Fibroblast,64.59,14,55.04
CELL_44641,Myocyte,36.89,20,63.03
CELL_67851,Stem Cell,67.4,19,98.52
CELL_70197,Myocyte,93.01,15,93.23
CELL_68930,Fibroblast,52.24,7,63.06
CELL_78255,Myocyte,45.65,33,95.67
CELL_57960,Neuron,76.24,42,54.18
CELL_80654,Myocyte,118.32,17,75.8
CELL_20227,Myocyte,25.63,49,87.81
CELL_39518,Neuron,93.17,34,56.82
CELL_36848,Neuron,35.04,14,80.06
CELL_38281,Leukocyte,8.56,44,95.64
CELL_33329,Epithelial,48.86,38,71.77
CELL_93265,Stem Cell,65.3,6,78.63
CELL_87682,Leukocyte,114.05,12,63.65
CELL_22395,Epithelial,105.58,12,71.03
CELL_48218,Stem Cell,88.44,35,79.86
CELL_92805,Epithelial,19.76,46,67.82
CELL_76007,Epithelial,49.94,37,88.49
CELL_98279,Epithelial,39.63,47,94.06
CELL_71572,Erythrocyte,76.76,38,70.37
CELL_19491,Stem Cell,107.06,36,90.63
CELL_60827,Myocyte,91.6,15,69.68
CELL_89044,Epithelial,67.53,19,70.13
CELL_15020,Neuron,103.3,23,52.14
CELL_34767,Stem Cell,45.38,42,70.87
CELL_29131,Stem Cell,35.12,18,68.95
CELL_81556,Leukocyte,41.54,47,87.33
CELL_41268,Leukocyte,79.04,16,75.42
CELL_23794,Stem Cell,52.35,5,86.53
CELL_71653,Fibroblast,34.68,49,67.27
CELL_48328,Myocyte,13.88,5,51.26
CELL_17505,Stem Cell,87.43,24,76.45
CELL_77528,Fibroblast,26.39,20,92.18
CELL_54168,Erythrocyte,114.3,16,87.27
CELL_68851,Fibroblast,78.82,18,89.11
CELL_46541,Leukocyte,12.86,25,51.26
CELL_69413,Leukocyte,94.51,20,70.17
CELL_85400,Epithelial,97.55,40,50.57
CELL_91931,Fibroblast,22.64,46,86.93
CELL_47252,Leukocyte,65.07,38,61.11
CELL_36438,Erythrocyte,15.55,5,50.99
CELL_91400,Stem Cell,55.9,42,73.95
CELL_54427,Erythrocyte,21.21,25,59.69
CELL_98167,Leukocyte,12.64,43,52.56
CELL_14062,Erythrocyte,117.39,45,72.46
CELL_64963,Myocyte,19.95,46,90.83
CELL_46258,Erythrocyte,11.94,37,93.45
CELL_12412,Erythrocyte,115.47,13,77.51
CELL_76360,Leukocyte,31.59,13,57.83
CELL_86346,Stem Cell,75.97,34,85.05
CELL_15218,Epithelial,21.16,23,91.09
CELL_19004,Epithelial,16.73,31,71.4
CELL_60378,Stem Cell,82.25,13,53.4
CELL_69093,Epithelial,34.64,46,78.53
CELL_46732,Myocyte,86.71,36,91.19
CELL_18705,Neuron,62.89,10,78.56
CELL_44889,Stem Cell,81.73,17,57.51
CELL_53911,Myocyte,40.48,49,77.48
CELL_96894,Leukocyte,100.81,34,57.92
CELL_67311,Stem Cell,93.32,47,97.02
CELL_35311,Stem Cell,23.42,13,78.82
CELL_33881,Fibroblast,53.21,10,74.79
CELL_74324,Leukocyte,72.57,50,67.1
CELL_29239,Fibroblast,88.46,11,81.86
CELL_28965,Erythrocyte,15.09,9,52.5
CELL_13009,Leukocyte,103.02,47,56.15
CELL_62296,Neuron,117.4,24,58.59
CELL_20393,Leukocyte,78.18,18,91.11
CELL_17765,Neuron,62.69,8,98.18
CELL_72162,Myocyte,21.09,49,64.81
CELL_66720,Myocyte,50.68,16,77.06
CELL_30672,Leukocyte,81.49,20,95.84
CELL_97200,Epithelial,44.58,13,71.6
CELL_58794,Myocyte,45.51,13,56.1
CELL_52871,Neuron,92.8,43,93.97
CELL_29575,Fibroblast,18.34,32,81.81
CELL_89764,Leukocyte,86.35,29,78.68
CELL_99194,Leukocyte,100.13,43,56.9
CELL_54596,Fibroblast,75.15,29,97.34
CELL_42042,Myocyte,115.36,13,58.84
CELL_70290,Leukocyte,31.24,32,93.77
CELL_67321,Epithelial,107.67,41,90.7
CELL_72445,Leukocyte,97.91,47,67.59
CELL_90594,Erythrocyte,106.92,29,96.57
CELL_23461,Epithelial,47.61,21,79.01
CELL_91929,Epithelial,54.53,25,63.63
CELL_77455,Erythrocyte,23.04,11,88.37
CELL_36194,Myocyte,77.68,11,95.21
CELL_85338,Stem Cell,78.24,20,54.42
CELL_89522,Leukocyte,48.53,14,69.94
CELL_92571,Stem Cell,36.83,31,79.59
CELL_30716,Fibroblast,116.99,22,58.01
CELL_97618,Erythrocyte,69.19,20,71.59
CELL_90941,Neuron,44.79,50,74.12
CELL_93579,Fibroblast,10.9,42,62.31
CELL_32551,Epithelial,68.34,17,71.97
CELL_40027,Fibroblast,53.37,33,61.27
CELL_36028,Erythrocyte,75.03,27,99.12
CELL_74154,Fibroblast,116.26,30,98.52
CELL_36246,Erythrocyte,90.03,20,59.62
CELL_86425,Myocyte,8.94,44,70.56
CELL_44593,Neuron,29.15,11,99.09
CELL_84815,Neuron,62.93,28,76.59
CELL_55038,Stem Cell,92.95,43,78.2
CELL_30283,Myocyte,43.11,25,59.12
CELL_88336,Myocyte,20.28,32,88.7
CELL_21580,Neuron,50.1,31,70.87
CELL_12684,Neuron,46.78,20,56.57
CELL_17388,Epithelial,24.65,23,90.2
CELL_56451,Stem Cell,22.07,42,68.21
CELL_72481,Fibroblast,42.85,29,97.49
CELL_32563,Stem Cell,73.08,47,76.91
CELL_18408,Neuron,108.28,50,90.91
CELL_66693,Fibroblast,30.81,20,71.03
CELL_85716,Myocyte,86.53,50,73.05
CELL_99467,Stem Cell,60.75,39,55.53
CELL_67513,Myocyte,42.12,32,97.81
CELL_54196,Myocyte,76.62,39,74.56
CELL_70163,Stem Cell,77.22,28,54.51
CELL_17532,Epithelial,60.83,16,84.77
CELL_83907,Myocyte,30.99,25,61.79
CELL_47668,Stem Cell,7.24,16,68.36
CELL_84593,Erythrocyte,6.53,11,77.19
CELL_79326,Stem Cell,94.94,6,72.61
CELL_49446,Stem Cell,36.28,9,59.07
CELL_41350,Neuron,66.57,8,60.92
CELL_27416,Epithelial,51.7,31,55.19
CELL_36163,Leukocyte,57.72,45,59.44
CELL_40483,Neuron,83.54,33,55.64
CELL_76688,Fibroblast,97.97,17,53.22
CELL_63223,Stem Cell,101.55,34,61.6
CELL_13001,Myocyte,110.37,30,50.04
CELL_32020,Stem Cell,103.56,8,99.74
CELL_45108,Erythrocyte,8.79,7,95.19
CELL_37803,Neuron,58.15,40,58.48
CELL_88104,Erythrocyte,65.42,35,75.7
CELL_93476,Myocyte,51.05,15,95.95
CELL_26916,Myocyte,34.45,50,84.07
CELL_94929,Fibroblast,22.2,9,63.34
CELL_18892,Fibroblast,86.92,16,56.53
CELL_11176,Stem Cell,29.13,30,70.3
CELL_87951,Leukocyte,114.94,37,93.41
CELL_60627,Erythrocyte,113.35,28,71.97
CELL_78685,Myocyte,92.55,17,86.82
CELL_84566,Stem Cell,80.63,19,69.79
CELL_33101,Epithelial,29.9,11,52.39
CELL_41908,Erythrocyte,42.51,25,71.13
CELL_43540,Myocyte,13.36,30,69.22
CELL_42252,Neuron,48.21,32,94.89
CELL_91388,Leukocyte,85.65,18,61.28
CELL_36148,Leukocyte,69.92,25,96.59
CELL_34599,Leukocyte,42.22,34,81.2
CELL_23072,Neuron,78.2,33,95.61
CELL_12617,Myocyte,62.98,44,64.92
CELL_30741,Fibroblast,84.56,20,54.63
CELL_49152,Epithelial,21.7,48,65.42
CELL_32533,Fibroblast,48.06,29,65.76
CELL_33168,Myocyte,8.97,22,56.46
CELL_57570,Stem Cell,61.05,35,92.98
CELL_74288,Leukocyte,18.39,40,57.87
CELL_82210,Myocyte,30.32,47,69.7
CELL_11150,Erythrocyte,6.33,10,95.9
CELL_43169,Fibroblast,44.51,39,50.08
CELL_75600,Leukocyte,16.43,17,77.79
CELL_74092,Myocyte,55.73,49,85.59
CELL_40342,Myocyte,43.45,21,81.87
CELL_46862,Stem Cell,54.16,31,60.68
CELL_90791,Neuron,16.72,31,78.32
CELL_92300,Stem Cell,88.47,9,70.18
CELL_31312,Stem Cell,77.85,32,69.85
CELL_54725,Neuron,26.48,18,68.37
CELL_84561,Leukocyte,11.28,37,70.64
CELL_52001,Erythrocyte,49.06,45,97.46
CELL_36047,Myocyte,116.58,45,97.84
CELL_30434,Fibroblast,70.65,37,66.15
CELL_95914,Myocyte,36.46,32,80.52
CELL_97710,Neuron,54.06,42,61.58
CELL_82050,Neuron,89.67,20,99.21
CELL_31287,Fibroblast,71.6,20,65.08
CELL_90831,Erythrocyte,28.78,7,89.59
CELL_67403,Fibroblast,104.7,10,81.95
CELL_13680,Epithelial,109.79,32,52.05
CELL_79277,Myocyte,103.21,11,83.4
CELL_68875,Neuron,37.3,43,74.66
CELL_21506,Leukocyte,109.87,41,76.73
CELL_19563,Epithelial,115.69,32,63.27
CELL_47519,Myocyte,61.65,6,79.4
CELL_91713,Leukocyte,54.09,42,58.47
CELL_13033,Epithelial,27.55,20,84.48
CELL_72446,Epithelial,105.31,46,50.6
CELL_39335,Erythrocyte,57.19,44,85.4
CELL_42029,Leukocyte,99.16,49,65.49
CELL_31574,Erythrocyte,16.22,18,65.32
CELL_40047,Stem Cell,39.03,10,56.17
CELL_40743,Neuron,45.47,44,52.52
CELL_60741,Myocyte,26.69,37,82.78
CELL_11462,Stem Cell,79.22,44,64.02
CELL_72150,Leukocyte,16.3,9,70.02
CELL_49192,Stem Cell,54.84,41,78.99
CELL_36632,Fibroblast,50.04,26,86.55
CELL_46153,Epithelial,81.29,11,59.53
CELL_93382,Epithelial,119.46,21,55.81
CELL_19553,Neuron,37.99,17,94.6
CELL_20363,Stem Cell,34.41,35,92.11
CELL_30467,Stem Cell,42.8,9,94.77
CELL_18193,Neuron,104.86,11,89.28
CELL_63164,Epithelial,35.0,21,70.99
CELL_43041,Stem Cell,104.82,5,92.1
CELL_44554,Neuron,43.65,7,81.87
CELL_14526,Fibroblast,44.86,7,91.37
CELL_20735,Stem Cell,108.15,21,54.57
CELL_50612,Stem Cell,8.84,37,86.56
CELL_35453,Fibroblast,79.1,23,59.77
CELL_85672,Erythrocyte,115.35,8,81.05
CELL_62270,Epithelial,118.62,16,90.87
CELL_32159,Stem Cell,51.7,20,58.92
CELL_68494,Erythrocyte,86.12,17,63.78
CELL_43837,Leukocyte,91.78,48,75.89
CELL_89453,Leukocyte,15.02,24,70.9
CELL_16879,Leukocyte,91.63,11,63.61
CELL_46770,Epithelial,91.66,38,71.8
CELL_13435,Neuron,90.73,35,96.53
CELL_60652,Stem Cell,8.83,32,86.51
CELL_18612,Leukocyte,12.74,22,59.79
CELL_98594,Erythrocyte,45.62,10,58.54
CELL_54166,Fibroblast,15.4,23,58.51
CELL_45889,Fibroblast,71.69,39,77.12
CELL_83813,Myocyte,86.2,31,68.86
CELL_63645,Neuron,22.41,18,76.84
CELL_69664,Leukocyte,55.93,27,74.29
CELL_35855,Stem Cell,23.45,46,98.91
CELL_33957,Neuron,14.34,36,65.99
CELL_24961,Neuron,73.59,23,92.79
CELL_28870,Stem Cell,44.23,40,65.81
CELL_33635,Erythrocyte,76.65,38,87.61
CELL_15916,Stem Cell,88.56,38,88.25
CELL_88548,Neuron,68.25,48,74.07
CELL_89722,Fibroblast,27.48,10,50.31
CELL_51429,Stem Cell,28.92,6,56.23
CELL_86263,Neuron,45.3,12,89.4
CELL_47043,Myocyte,104.23,32,64.81
CELL_24937,Fibroblast,96.54,24,54.3
CELL_61458,Fibroblast,100.5,13,96.92
CELL_11690,Fibroblast,72.86,48,90.01
CELL_88587,Erythrocyte,39.13,37,73.41
CELL_96525,Leukocyte,28.43,6,60.87
CELL_69325,Myocyte,59.71,21,91.52
CELL_76062,Erythrocyte,104.17,29,68.24
CELL_99466,Myocyte,87.62,45,91.23
CELL_46196,Erythrocyte,71.23,30,94.39
CELL_45975,Leukocyte,20.68,30,75.82
CELL_42369,Stem Cell,25.59,22,66.59
CELL_68460,Erythrocyte,84.65,47,53.84
CELL_23302,Neuron,66.09,35,90.66
CELL_62640,Fibroblast,90.47,22,77.98
CELL_59140,Stem Cell,25.56,10,81.95
CELL_97586,Erythrocyte,64.48,39,95.77
CELL_40807,Erythrocyte,95.7,27,91.23
CELL_92227,Leukocyte,49.45,36,79.09
CELL_21287,Leukocyte,110.47,25,98.31
CELL_19625,Epithelial,81.56,45,64.06
CELL_94049,Neuron,76.39,6,85.14
CELL_30749,Epithelial,69.56,15,98.92
CELL_32844,Fibroblast,115.47,49,84.07
CELL_30402,Leukocyte,25.06,30,99.64
CELL_18718,Epithelial,115.46,26,60.56
CELL_47173,Epithelial,74.98,16,98.73
CELL_82632,Fibroblast,55.11,49,60.69
CELL_62112,Epithelial,10.19,23,57.41
CELL_88184,Neuron,15.75,42,59.54
CELL_71513,Neuron,52.27,21,62.68
CELL_40367,Fibroblast,84.55,50,85.35
CELL_27566,Erythrocyte,84.02,10,67.98
CELL_32267,Epithelial,112.24,8,78.28
CELL_77164,Fibroblast,23.16,33,64.53
CELL_14733,Epithelial,26.54,48,71.78
CELL_14381,Myocyte,30.48,12,72.81
CELL_79942,Neuron,114.7,14,70.76
CELL_65340,Erythrocyte,13.36,32,71.29
CELL_44225,Stem Cell,15.09,38,96.83
CELL_16292,Neuron,45.14,27,52.94
CELL_25712,Myocyte,83.62,7,66.67
CELL_49627,Myocyte,46.61,42,93.19
CELL_35860,Neuron,103.22,19,66.66
CELL_65151,Leukocyte,103.58,18,73.43
CELL_67146,Epithelial,89.14,8,74.77
CELL_12433,Erythrocyte,119.28,37,96.46
CELL_74360,Leukocyte,112.0,30,65.83
CELL_16594,Leukocyte,21.11,26,54.62
CELL_83738,Myocyte,40.2,15,79.25
CELL_59463,Neuron,93.57,42,62.9
CELL_48486,Erythrocyte,61.31,13,98.45
CELL_53373,Stem Cell,101.49,48,92.19
CELL_15754,Myocyte,23.32,19,77.33
CELL_53954,Erythrocyte,25.96,40,87.72
CELL_74686,Fibroblast,54.49,13,87.65
CELL_16360,Fibroblast,111.79,16,78.88
CELL_17758,Leukocyte,22.08,21,97.13
CELL_52195,Epithelial,37.83,34,91.89
CELL_15405,Fibroblast,84.47,42,59.27
CELL_27965,Stem Cell,90.86,6,64.3
CELL_84670,Epithelial,67.12,42,85.6
CELL_82399,Epithelial,115.21,31,64.85
CELL_27287,Erythrocyte,43.82,14,71.72
CELL_61107,Neuron,66.0,48,69.71
CELL_42428,Fibroblast,118.72,31,67.19
CELL_53904,Epithelial,43.89,7,97.89
CELL_57363,Myocyte,20.1,24,84.3
CELL_86000,Myocyte,82.67,32,90.81
CELL_44862,Epithelial,41.5,23,76.9
CELL_48578,Myocyte,67.3,41,77.64
CELL_91596,Myocyte,90.26,31,95.83
CELL_45752,Epithelial,61.76,17,73.96
CELL_52287,Leukocyte,73.16,43,60.11
CELL_11910,Epithelial,103.41,34,80.4
CELL_32403,Stem Cell,75.27,26,50.93
CELL_99550,Neuron,101.8,27,61.15
CELL_69668,Fibroblast,23.55,28,57.51
CELL_73660,Myocyte,21.01,14,72.34
CELL_24836,Neuron,91.41,16,51.31
CELL_21467,Leukocyte,38.84,37,67.56
CELL_50131,Neuron,69.49,38,97.95
CELL_13282,Myocyte,36.95,49,82.31
CELL_65059,Leukocyte,49.88,14,90.1
CELL_68860,Neuron,95.97,45,58.86
CELL_48482,Stem Cell,44.34,19,67.86
CELL_73750,Neuron,44.07,18,54.07
CELL_44903,Epithelial,43.5,20,54.9
CELL_74127,Myocyte,32.97,25,80.68
CELL_72216,Stem Cell,14.45,42,97.85
CELL_32395,Erythrocyte,82.1,24,67.11
CELL_52706,Neuron,14.22,14,66.25
CELL_24613,Stem Cell,86.47,31,76.76
CELL_92607,Epithelial,89.35,33,85.29
CELL_43839,Erythrocyte,37.1,34,60.86
CELL_67263,Stem Cell,39.76,20,50.24
CELL_19362,Erythrocyte,83.48,17,82.59
CELL_42306,Erythrocyte,71.15,48,68.78
CELL_58655,Leukocyte,89.39,7,64.56
CELL_12984,Fibroblast,29.36,8,63.19
CELL_97206,Neuron,13.66,32,66.95
CELL_82838,Neuron,22.04,5,96.83
CELL_11003,Epithelial,98.28,48,72.43
CELL_40448,Fibroblast,40.7,42,99.27
CELL_64058,Erythrocyte,46.66,13,51.64
CELL_98304,Erythrocyte,50.34,23,91.14
CELL_28252,Stem Cell,83.65,41,53.92
CELL_80922,Epithelial,62.17,27,76.92
CELL_91732,Neuron,26.63,36,79.9
CELL_33841,Stem Cell,43.94,11,69.73
CELL_24610,Neuron,58.41,27,74.84
CELL_87389,Fibroblast,53.79,35,97.42
CELL_19036,Stem Cell,40.79,29,96.75
CELL_22785,Epithelial,58.28,19,64.9
CELL_94065,Neuron,113.35,43,87.16
CELL_94784,Fibroblast,43.41,31,70.29
CELL_36220,Stem Cell,119.13,6,73.06
CELL_68410,Erythrocyte,34.09,18,92.57
CELL_84945,Epithelial,55.03,10,96.53
CELL_76576,Stem Cell,108.17,19,83.33
CELL_25360,Stem Cell,110.91,41,84.55
CELL_86028,Erythrocyte,38.31,19,54.8
CELL_38223,Stem Cell,16.74,41,84.56
CELL_32409,Erythrocyte,42.35,35,80.77
CELL_78894,Neuron,39.31,6,68.41
CELL_45970,Epithelial,108.16,25,75.74
CELL_52279,Epithelial,75.37,17,99.31
CELL_64819,Epithelial,96.87,41,99.11
CELL_55566,Epithelial,69.91,46,69.14
CELL_25549,Leukocyte,108.15,25,62.49
CELL_69351,Fibroblast,105.67,34,93.21
CELL_54353,Fibroblast,14.02,15,94.82
CELL_80914,Leukocyte,56.28,31,77.24
CELL_77367,Erythrocyte,32.36,5,90.39
CELL_45924,Erythrocyte,27.84,25,94.91
CELL_70545,Leukocyte,114.93,47,91.52
CELL_28389,Fibroblast,119.88,27,81.22
CELL_51040,Leukocyte,37.5,38,85.43
CELL_20610,Stem Cell,58.67,16,96.93
CELL_46043,Myocyte,86.82,40,64.07
CELL_14225,Myocyte,119.11,49,74.48
CELL_12883,Stem Cell,39.78,20,55.59
CELL_32904,Erythrocyte,103.28,16,89.39
CELL_55268,Erythrocyte,23.01,6,87.85
CELL_39837,Leukocyte,84.15,39,59.88
CELL_80463,Fibroblast,96.62,20,63.18
CELL_50570,Erythrocyte,56.89,7,87.63
CELL_79006,Myocyte,39.95,47,57.59
CELL_56829,Leukocyte,47.57,29,83.56
CELL_92115,Stem Cell,33.09,39,78.99
CELL_74542,Fibroblast,7.07,32,97.91
CELL_35741,Stem Cell,93.89,35,98.95
CELL_52020,Fibroblast,46.44,47,96.47
CELL_50902,Epithelial,101.17,50,85.7
CELL_82220,Epithelial,18.75,27,62.77
CELL_94848,Leukocyte,114.81,38,67.72
CELL_87744,Myocyte,55.11,29,62.38
CELL_54213,Erythrocyte,44.08,26,97.39
CELL_72600,Erythrocyte,11.58,47,53.36
CELL_19910,Stem Cell,113.06,45,88.17
CELL_63806,Fibroblast,35.2,27,56.26
CELL_31536,Erythrocyte,20.45,42,86.47
CELL_28898,Erythrocyte,11.45,42,83.43
CELL_87317,Erythrocyte,106.54,41,53.11
CELL_57735,Fibroblast,46.26,30,57.57
CELL_22952,Myocyte,25.66,35,70.07
CELL_15714,Epithelial,64.38,43,63.32
CELL_97137,Erythrocyte,24.88,46,74.39
CELL_51140,Erythrocyte,5.44,43,94.81
CELL_92323,Erythrocyte,118.38,42,85.98
CELL_97062,Neuron,88.29,37,78.92
CELL_57051,Leukocyte,37.11,42,69.31
CELL_12970,Myocyte,16.32,15,80.89
CELL_56956,Myocyte,35.57,9,90.1
CELL_92483,Erythrocyte,34.33,16,99.91
CELL_23991,Erythrocyte,83.08,31,98.97
CELL_20744,Myocyte,67.19,46,93.61
CELL_22542,Stem Cell,67.0,12,55.8
CELL_76396,Leukocyte,56.79,27,75.01
CELL_77753,Neuron,75.04,36,57.32
CELL_87121,Neuron,35.52,32,86.82
CELL_88616,Erythrocyte,113.35,9,51.16
CELL_51539,Fibroblast,6.63,35,64.96
CELL_85059,Fibroblast,40.45,40,98.16
CELL_65216,Leukocyte,75.83,10,73.15
CELL_92123,Stem Cell,57.58,11,58.5
CELL_13247,Epithelial,93.97,12,50.86
CELL_59989,Leukocyte,54.79,5,61.55
CELL_13214,Erythrocyte,41.73,14,73.49
CELL_70050,Fibroblast,94.1,34,62.53
CELL_11250,Erythrocyte,62.08,7,77.6
CELL_33951,Stem Cell,65.55,18,60.74
CELL_44266,Fibroblast,108.43,48,82.58
CELL_21439,Neuron,93.3,36,88.96
CELL_28740,Stem Cell,54.51,21,80.65
CELL_39349,Epithelial,96.16,19,87.31
CELL_26158,Fibroblast,75.89,44,99.39
CELL_10111,Stem Cell,38.65,17,60.85
CELL_65477,Epithelial,40.52,36,90.1
CELL_54618,Neuron,101.26,49,67.74
CELL_99136,Neuron,119.53,28,73.69
CELL_35353,Myocyte,92.88,38,79.2
CELL_13799,Epithelial,23.45,29,85.2
CELL_52357,Stem Cell,32.54,38,61.32
CELL_93891,Fibroblast,43.38,39,53.53
CELL_14352,Epithelial,49.52,43,60.81
CELL_39102,Fibroblast,56.12,16,64.31
CELL_55115,Leukocyte,115.08,24,90.26
CELL_94695,Epithelial,54.84,38,52.85
CELL_15827,Myocyte,75.61,12,75.58
CELL_60279,Stem Cell,117.92,29,88.68
CELL_24177,Neuron,94.31,16,70.87
CELL_57962,Leukocyte,18.2,37,86.5
CELL_86036,Erythrocyte,46.39,26,62.58
CELL_18229,Epithelial,112.07,12,57.23
CELL_43697,Stem Cell,76.24,11,93.76
CELL_41775,Fibroblast,44.77,6,97.94
CELL_82557,Fibroblast,81.88,28,96.02
CELL_66427,Erythrocyte,41.85,9,51.91
CELL_35284,Leukocyte,16.04,43,55.23
CELL_40033,Erythrocyte,26.22,26,94.51
CELL_52730,Fibroblast,112.27,39,73.96
CELL_67397,Myocyte,110.3,25,63.61
CELL_87765,Stem Cell,61.09,25,51.54
CELL_62478,Fibroblast,59.22,12,75.54
CELL_13232,Epithelial,112.58,45,84.89
CELL_46187,Leukocyte,23.45,33,61.34
CELL_79711,Epithelial,12.6,18,87.92
CELL_25627,Leukocyte,114.19,21,56.79
CELL_86370,Erythrocyte,5.02,38,95.49
CELL_53295,Fibroblast,48.47,49,60.67
CELL_71532,Epithelial,48.53,34,97.18
CELL_73235,Neuron,49.64,50,83.73
CELL_43941,Erythrocyte,19.02,46,60.82
CELL_37028,Epithelial,115.49,37,85.61
CELL_66793,Fibroblast,95.25,19,71.96
CELL_75116,Myocyte,50.04,19,53.77
CELL_73587,Erythrocyte,72.46,28,70.05
CELL_22323,Epithelial,114.05,32,96.05
CELL_53556,Stem Cell,84.98,27,59.87
CELL_33383,Stem Cell,65.35,42,77.42
CELL_41923,Epithelial,58.89,46,78.69
CELL_17811,Leukocyte,119.81,17,50.95
CELL_59742,Neuron,70.93,9,66.89
CELL_88764,Stem Cell,16.37,22,75.89
CELL_60920,Fibroblast,100.21,12,89.6
CELL_60610,Fibroblast,93.42,26,53.5
CELL_46115,Stem Cell,21.71,14,76.64
CELL_84959,Neuron,23.8,8,75.41
CELL_13394,Erythrocyte,99.67,47,55.93
CELL_41092,Neuron,110.13,36,70.26
CELL_62659,Neuron,29.75,14,99.54
CELL_59332,Stem Cell,98.7,5,84.25
CELL_67661,Neuron,67.98,7,63.64
CELL_60002,Epithelial,115.61,36,75.89
CELL_62089,Fibroblast,94.42,46,78.78
CELL_49794,Fibroblast,65.14,8,91.6
CELL_82724,Epithelial,53.82,38,74.49
CELL_18897,Myocyte,72.92,15,63.25
CELL_50970,Leukocyte,118.01,39,91.67
CELL_98874,Myocyte,110.93,44,82.73
CELL_38962,Neuron,114.81,23,90.08
CELL_18289,Epithelial,15.35,27,67.38
CELL_23335,Stem Cell,58.99,44,51.52
CELL_13639,Fibroblast,81.96,42,55.1
CELL_42990,Leukocyte,63.26,27,90.81
CELL_15068,Epithelial,99.75,39,56.14
CELL_57076,Fibroblast,40.57,16,63.36
CELL_60759,Myocyte,55.53,22,61.02
CELL_32656,Myocyte,24.15,15,71.64
CELL_61911,Leukocyte,36.16,46,88.93
CELL_87323,Myocyte,113.26,27,75.3
CELL_10629,Neuron,18.67,21,63.82
CELL_22288,Stem Cell,60.98,13,58.77
CELL_62564,Leukocyte,109.41,46,97.68
CELL_14555,Neuron,19.34,38,88.6
CELL_71765,Neuron,69.25,39,82.13
CELL_88562,Epithelial,61.12,40,69.83
CELL_82735,Erythrocyte,26.0,8,87.08
CELL_26340,Myocyte,35.71,12,54.45
CELL_56435,Stem Cell,21.31,32,96.8
CELL_74835,Fibroblast,88.55,10,67.48
CELL_43945,Myocyte,72.52,14,53.06
CELL_61695,Stem Cell,108.11,17,55.42
CELL_82525,Epithelial,39.24,12,68.76
CELL_58064,Leukocyte,90.1,21,61.25
CELL_20489,Erythrocyte,81.22,32,88.9
CELL_81866,Myocyte,61.61,15,86.17
CELL_18878,Neuron,66.64,33,67.06
CELL_35713,Myocyte,86.39,13,73.69
CELL_85629,Stem Cell,49.43,37,88.12
CELL_97659,Myocyte,38.91,26,89.66
CELL_59954,Erythrocyte,65.77,31,89.47
CELL_62110,Fibroblast,101.53,11,72.15
CELL_29724,Myocyte,29.69,33,83.9
CELL_51769,Erythrocyte,32.1,16,50.68
CELL_63901,Myocyte,94.9,44,95.93
CELL_73562,Myocyte,32.07,44,74.4
CELL_55787,Neuron,65.32,48,50.96
CELL_61180,Fibroblast,8.82,20,90.04
CELL_11001,Stem Cell,41.91,25,54.82
CELL_39193,Leukocyte,39.15,23,86.11
CELL_54264,Epithelial,47.1,33,60.18
CELL_44255,Leukocyte,5.68,7,87.36
CELL_48241,Erythrocyte,117.72,14,54.55
CELL_62464,Stem Cell,114.23,27,82.94
CELL_93110,Fibroblast,32.95,39,63.88
CELL_12466,Myocyte,5.36,25,76.93
CELL_99975,Stem Cell,20.06,35,86.05
CELL_70781,Epithelial,82.93,5,75.68
CELL_64277,Leukocyte,30.86,47,96.48
CELL_18005,Leukocyte,91.56,29,64.72
CELL_51694,Leukocyte,80.93,24,89.22
CELL_36863,Myocyte,84.48,47,68.31
CELL_66487,Leukocyte,12.69,46,81.37
CELL_55769,Neuron,33.24,26,57.46
CELL_25221,Fibroblast,64.33,7,86.83
CELL_45563,Leukocyte,84.69,37,92.97
CELL_62439,Fibroblast,33.79,43,59.16
CELL_45364,Epithelial,9.15,48,95.99
CELL_56142,Leukocyte,114.19,39,69.23
CELL_94755,Epithelial,70.74,46,91.62
CELL_70777,Stem Cell,7.67,45,75.5
CELL_54698,Fibroblast,76.66,16,90.2
CELL_28299,Stem Cell,36.6,45,76.02
CELL_17166,Stem Cell,14.03,27,60.95
CELL_60353,Myocyte,115.39,7,78.31
CELL_79550,Myocyte,7.09,34,81.46
CELL_54922,Myocyte,28.05,19,79.83
CELL_88236,Neuron,75.18,7,83.68
CELL_78126,Erythrocyte,19.54,43,82.61
CELL_66293,Fibroblast,62.79,9,98.21
CELL_12760,Stem Cell,99.87,27,90.7
CELL_14414,Stem Cell,96.72,12,85.83
CELL_21758,Leukocyte,83.23,23,87.86
CELL_54360,Leukocyte,20.72,6,72.87
CELL_73035,Epithelial,96.39,13,79.57
CELL_99853,Fibroblast,52.75,49,56.56
CELL_14084,Neuron,75.73,48,55.93
CELL_56861,Erythrocyte,25.44,47,81.99
CELL_85828,Leukocyte,5.72,17,63.2
CELL_18363,Epithelial,58.62,17,91.17
CELL_85671,Neuron,49.88,22,65.91
CELL_38648,Erythrocyte,11.33,38,70.55
CELL_55025,Myocyte,96.59,13,95.0
CELL_87025,Fibroblast,67.1,33,81.21
CELL_33605,Leukocyte,38.61,45,71.47
CELL_37826,Epithelial,13.74,23,59.97
CELL_28496,Neuron,107.97,25,51.4
CELL_51595,Stem Cell,22.0,36,82.49
CELL_13010,Fibroblast,29.35,5,54.77
CELL_23367,Stem Cell,109.3,23,69.44
CELL_20926,Stem Cell,81.44,50,63.66
CELL_79596,Fibroblast,14.05,34,92.74
CELL_56239,Epithelial,28.55,14,87.41
CELL_83182,Myocyte,94.39,18,87.74
CELL_13915,Leukocyte,32.64,47,71.67
CELL_60960,Neuron,27.84,25,63.7
CELL_20368,Neuron,36.83,11,66.01
CELL_30142,Fibroblast,100.91,7,56.72
CELL_58146,Stem Cell,102.14,7,70.52
CELL_96651,Stem Cell,12.42,19,62.81
CELL_49527,Erythrocyte,92.56,28,83.64
CELL_94846,Erythrocyte,11.29,20,66.44
CELL_74186,Epithelial,119.73,20,97.16
CELL_77564,Leukocyte,66.07,9,93.1
CELL_23872,Neuron,98.75,16,97.7
CELL_78192,Myocyte,118.73,19,57.67
CELL_76496,Fibroblast,46.01,15,66.35
CELL_37785,Fibroblast,6.96,46,50.84
CELL_48241,Neuron,95.05,5,90.55
CELL_60419,Neuron,68.3,46,55.88
CELL_11448,Stem Cell,35.67,45,56.56
CELL_75782,Epithelial,57.79,33,66.18
CELL_63079,Stem Cell,42.22,22,80.82
CELL_13247,Stem Cell,27.44,34,99.55
CELL_76933,Stem Cell,14.67,19,97.08
CELL_75318,Erythrocyte,58.97,19,89.85
CELL_62187,Erythrocyte,118.05,8,72.33
CELL_13540,Epithelial,59.21,5,52.32
CELL_44442,Epithelial,87.09,36,76.27
CELL_30678,Leukocyte,93.38,11,91.75
CELL_38813,Stem Cell,119.75,39,86.75
CELL_53390,Stem Cell,75.9,11,76.49
CELL_71869,Neuron,78.62,41,54.31
CELL_99490,Epithelial,35.8,6,80.95
CELL_68390,Fibroblast,51.33,26,66.76
CELL_60846,Leukocyte,95.2,50,97.75
CELL_17658,Leukocyte,116.92,50,74.84
CELL_13012,Leukocyte,58.89,33,52.37
CELL_68569,Erythrocyte,67.75,43,88.07
CELL_86650,Erythrocyte,9.31,32,71.08
CELL_76669,Epithelial,72.67,30,89.02
CELL_97722,Erythrocyte,34.99,26,94.87
CELL_73868,Fibroblast,108.3,33,62.29
CELL_50542,Leukocyte,79.6,12,85.93
CELL_41841,Myocyte,16.55,26,52.84
CELL_49219,Myocyte,49.31,12,87.19
CELL_12746,Neuron,54.86,23,69.49
CELL_35234,Neuron,93.46,49,65.74
CELL_94042,Fibroblast,116.33,41,65.36
CELL_70053,Epithelial,48.24,35,94.07
CELL_16051,Neuron,22.42,34,74.57
CELL_58954,Leukocyte,49.19,48,75.93
CELL_57470,Leukocyte,19.67,25,70.1
CELL_53423,Leukocyte,81.31,38,86.78
CELL_80553,Neuron,11.04,7,96.43
CELL_25216,Neuron,25.13,33,62.06
CELL_12183,Leukocyte,116.34,27,92.66
CELL_18178,Fibroblast,103.88,39,83.22
CELL_95119,Myocyte,110.72,24,51.22
CELL_65918,Myocyte,116.43,42,66.85
CELL_54798,Erythrocyte,86.28,40,60.57
CELL_55101,Myocyte,26.88,26,96.19
CELL_91242,Erythrocyte,29.92,25,50.08
CELL_92050,Epithelial,37.06,49,80.45
CELL_14797,Erythrocyte,9.39,28,72.44
CELL_16993,Erythrocyte,113.63,10,74.61
CELL_91674,Stem Cell,20.13,48,97.31
CELL_39027,Myocyte,8.25,6,58.69
CELL_40189,Stem Cell,95.46,11,78.87
CELL_52770,Fibroblast,35.73,15,91.01
CELL_42464,Neuron,24.8,19,61.58
CELL_69713,Stem Cell,40.28,27,80.02
CELL_43919,Leukocyte,41.75,34,68.91
CELL_79169,Fibroblast,50.22,32,54.12
CELL_36197,Myocyte,93.89,34,72.33
CELL_65054,Stem Cell,98.97,31,92.36
CELL_72676,Epithelial,65.81,44,86.88
CELL_40297,Myocyte,62.29,35,68.21
CELL_23562,Stem Cell,33.41,30,94.64
CELL_95782,Epithelial,33.02,49,74.83
CELL_72478,Epithelial,91.64,7,63.85
CELL_57364,Myocyte,13.58,6,53.43
CELL_91277,Leukocyte,106.97,49,58.51
CELL_10957,Myocyte,25.55,23,65.74
CELL_30303,Stem Cell,115.17,39,75.14
CELL_88753,Fibroblast,19.05,8,58.24
CELL_49423,Fibroblast,103.38,35,92.02
CELL_77968,Neuron,104.78,18,93.36
CELL_68110,Epithelial,40.07,7,62.1
CELL_78403,Erythrocyte,106.08,48,54.48
CELL_29976,Neuron,57.09,6,68.84
CELL_92943,Epithelial,77.9,17,54.2
CELL_92683,Neuron,103.67,22,84.8
CELL_87601,Neuron,14.81,40,97.46
CELL_50451,Myocyte,36.66,33,66.85
CELL_87142,Erythrocyte,68.27,30,85.74
CELL_42823,Epithelial,119.9,12,71.92
CELL_42391,Leukocyte,116.74,33,55.59
CELL_40841,Erythrocyte,112.22,19,76.09
CELL_54801,Leukocyte,106.5,39,94.61
CELL_46021,Stem Cell,37.52,28,92.58
CELL_95078,Stem Cell,16.77,37,51.46
CELL_69151,Leukocyte,38.16,19,70.99
CELL_22352,Neuron,84.29,21,80.84
CELL_48747,Fibroblast,73.89,48,55.82
CELL_25099,Erythrocyte,30.94,11,62.9
CELL_29295,Epithelial,23.02,48,52.56
CELL_89809,Stem Cell,40.81,19,50.09
CELL_46301,Myocyte,7.37,22,72.63
CELL_19357,Myocyte,28.89,22,99.93
CELL_63908,Fibroblast,79.53,21,67.68
CELL_51487,Neuron,114.3,41,80.35
CELL_86854,Erythrocyte,83.34,5,59.48
CELL_88356,Epithelial,26.49,43,91.42
CELL_37790,Erythrocyte,119.33,32,63.61
CELL_67414,Neuron,10.1,48,84.55
CELL_32999,Fibroblast,36.93,32,59.94
CELL_33046,Epithelial,17.79,46,55.18
CELL_31177,Myocyte,97.81,8,61.09
CELL_50371,Myocyte,9.74,50,68.61
CELL_54744,Stem Cell,67.38,48,65.1
CELL_18810,Leukocyte,71.83,31,87.7
CELL_83179,Epithelial,57.46,31,52.12
CELL_11828,Neuron,39.65,18,60.2
CELL_85158,Epithelial,27.44,27,58.0
CELL_32932,Erythrocyte,30.75,23,88.94
CELL_91841,Leukocyte,113.71,26,79.14
CELL_81725,Neuron,79.89,8,66.98
CELL_48414,Epithelial,63.78,42,73.84
CELL_62699,Myocyte,26.79,11,56.94
CELL_92025,Neuron,117.85,22,87.3
CELL_46909,Leukocyte,16.62,18,94.4
CELL_73032,Epithelial,111.27,17,78.44
CELL_43567,Leukocyte,103.89,49,66.78
CELL_13754,Epithelial,34.04,6,91.58
CELL_23131,Leukocyte,26.96,40,64.76
CELL_64273,Neuron,27.57,18,84.04
CELL_51703,Erythrocyte,35.14,23,82.09
CELL_32257,Fibroblast,27.06,10,80.26
CELL_44205,Epithelial,7.49,23,69.93
CELL_88669,Leukocyte,23.09,30,70.98
CELL_10789,Fibroblast,83.88,23,63.32
CELL_39201,Neuron,39.77,22,75.57
CELL_28017,Stem Cell,60.41,19,69.63
CELL_57841,Stem Cell,74.12,21,92.86
CELL_69550,Epithelial,112.72,21,71.0
CELL_52460,Fibroblast,96.95,18,65.93
CELL_90885,Erythrocyte,109.02,24,53.77
CELL_77514,Fibroblast,101.92,47,94.03
CELL_39058,Neuron,77.24,11,70.75
CELL_45789,Leukocyte,38.89,28,76.26
CELL_57314,Myocyte,14.16,28,88.45
CELL_32312,Myocyte,19.64,7,76.17
CELL_56209,Neuron,67.13,24,69.96
CELL_37113,Leukocyte,96.24,26,96.5
CELL_14859,Leukocyte,81.16,5,98.34
CELL_99129,Myocyte,114.59,29,96.44
CELL_59306,Fibroblast,19.53,50,98.86
CELL_36131,Myocyte,85.04,35,81.68
CELL_32661,Myocyte,31.7,14,52.8
CELL_62914,Erythrocyte,5.72,15,91.7
CELL_23405,Leukocyte,46.48,29,79.74
CELL_93236,Stem Cell,74.27,46,83.74
CELL_80568,Stem Cell,46.88,16,59.39
CELL_66386,Stem Cell,88.4,17,59.37
CELL_65529,Myocyte,55.63,47,78.83
CELL_62250,Leukocyte,32.59,39,81.85
CELL_58959,Erythrocyte,83.19,43,76.26
CELL_52082,Stem Cell,34.92,43,72.56
CELL_24209,Erythrocyte,79.75,7,71.57
CELL_60203,Myocyte,27.49,37,94.74
CELL_74680,Fibroblast,39.98,12,53.73
CELL_33772,Neuron,63.22,8,97.16
CELL_93478,Leukocyte,97.65,10,79.84
CELL_98409,Neuron,31.46,26,78.65
CELL_63624,Leukocyte,88.2,25,85.23
CELL_17480,Myocyte,108.84,7,91.26
CELL_70513,Myocyte,26.63,21,92.91
CELL_64037,Epithelial,29.75,50,56.65
CELL_72968,Erythrocyte,52.12,31,71.82
CELL_95841,Neuron,25.59,22,65.21
CELL_77882,Erythrocyte,43.23,19,81.68
CELL_90040,Epithelial,72.96,41,56.98
CELL_85382,Myocyte,25.69,20,50.12
CELL_93250,Erythrocyte,81.94,45,73.53
CELL_32532,Erythrocyte,31.54,15,83.75
CELL_54390,Epithelial,34.29,45,76.74
CELL_24906,Epithelial,104.53,12,62.12
CELL_11185,Myocyte,12.87,47,96.52
CELL_17633,Leukocyte,40.9,5,89.97
CELL_78919,Fibroblast,68.16,8,69.11
CELL_99692,Epithelial,5.02,45,86.04
CELL_48667,Epithelial,12.28,5,74.69
CELL_81401,Stem Cell,80.16,18,91.8
CELL_26039,Leukocyte,77.57,19,94.46
CELL_50676,Leukocyte,62.15,13,53.5
CELL_93372,Erythrocyte,97.68,49,77.81
CELL_53727,Neuron,107.46,34,77.75
CELL_61942,Neuron,21.38,24,94.43
CELL_59791,Stem Cell,106.38,23,65.35
CELL_96558,Neuron,119.3,50,56.54
CELL_20013,Neuron,6.93,12,85.62
CELL_33993,Myocyte,113.1,22,67.41
CELL_44243,Fibroblast,67.14,38,88.76
CELL_94194,Stem Cell,55.38,20,64.6
CELL_90919,Leukocyte,45.48,5,50.91
CELL_20641,Neuron,39.41,46,54.31
CELL_92658,Stem Cell,105.4,34,67.29
CELL_52937,Erythrocyte,65.12,49,89.88
CELL_97476,Neuron,46.68,16,61.7
CELL_33221,Stem Cell,17.81,19,62.35
CELL_11847,Leukocyte,17.06,21,87.07
CELL_33311,Myocyte,44.42,49,87.83
CELL_77767,Neuron,58.04,30,99.05
CELL_28840,Neuron,97.44,45,57.61
CELL_30180,Fibroblast,45.71,47,68.62
CELL_47684,Stem Cell,41.69,38,65.2
CELL_76931,Leukocyte,6.09,24,97.53
CELL_27269,Erythrocyte,28.22,11,54.78
CELL_24041,Leukocyte,118.28,32,94.69
CELL_24252,Stem Cell,66.29,21,83.12
CELL_96303,Epithelial,109.14,27,58.42
CELL_95111,Neuron,103.24,38,71.2
CELL_29168,Myocyte,77.33,20,52.46
CELL_71232,Leukocyte,75.33,49,61.39
CELL_94691,Myocyte,58.55,40,61.09
CELL_31106,Fibroblast,22.75,7,98.3
CELL_33108,Leukocyte,105.74,7,58.15
CELL_64204,Erythrocyte,8.92,16,76.38
CELL_74096,Epithelial,79.31,49,83.51
CELL_46206,Fibroblast,54.02,8,75.19
CELL_67414,Neuron,20.52,23,63.68
CELL_52781,Stem Cell,54.43,5,55.76
CELL_61929,Neuron,8.0,16,83.81
CELL_46784,Leukocyte,31.99,35,98.72
CELL_74708,Neuron,61.39,31,75.52
CELL_68882,Epithelial,44.24,31,79.94
CELL_91733,Fibroblast,25.11,11,62.07
CELL_98664,Stem Cell,49.99,30,71.37
CELL_74618,Fibroblast,66.12,23,73.72
CELL_45672,Leukocyte,86.03,5,88.65
CELL_69915,Erythrocyte,49.07,47,76.78
CELL_90946,Epithelial,32.88,39,59.97
CELL_61162,Neuron,17.09,43,94.13
CELL_94259,Fibroblast,35.8,23,51.54
CELL_12129,Epithelial,114.69,18,79.26
CELL_68949,Myocyte,116.92,39,91.02
CELL_37032,Fibroblast,65.62,29,50.06
CELL_76505,Stem Cell,85.24,49,91.86
CELL_35176,Leukocyte,10.25,19,93.9
CELL_56887,Fibroblast,30.32,12,95.23
CELL_68826,Stem Cell,27.96,10,96.71
CELL_65849,Fibroblast,79.92,14,69.2
CELL_68746,Fibroblast,99.05,23,71.25
CELL_83473,Leukocyte,104.02,35,84.18
CELL_85501,Erythrocyte,67.42,26,84.3
CELL_68741,Fibroblast,25.69,45,91.34
CELL_55141,Erythrocyte,101.75,36,63.72
CELL_39782,Myocyte,84.02,18,63.19
CELL_47562,Erythrocyte,81.28,6,88.62
CELL_41435,Neuron,51.78,11,79.87
CELL_73333,Neuron,98.3,30,91.06
CELL_57607,Fibroblast,107.48,21,62.34
CELL_93718,Myocyte,117.89,31,76.17
CELL_20972,Stem Cell,47.24,19,52.25
CELL_26243,Erythrocyte,117.54,25,77.87
CELL_95213,Erythrocyte,65.77,14,82.23
CELL_18669,Myocyte,97.52,30,72.51
CELL_83268,Neuron,19.95,32,56.05
CELL_85868,Stem Cell,102.09,6,93.84
CELL_51176,Erythrocyte,35.22,40,62.0
CELL_53804,Leukocyte,41.14,25,62.7
CELL_87041,Neuron,96.36,19,87.47
CELL_34016,Leukocyte,38.6,8,65.66
CELL_47144,Erythrocyte,47.18,24,86.61
CELL_77462,Erythrocyte,56.53,28,82.68
CELL_98024,Fibroblast,90.16,40,82.89
CELL_26612,Fibroblast,67.63,45,57.18
CELL_57407,Erythrocyte,82.19,9,81.4
CELL_19284,Erythrocyte,19.51,29,82.63
CELL_58656,Stem Cell,85.9,24,51.07
CELL_24180,Erythrocyte,28.07,37,57.95
CELL_98162,Epithelial,65.96,18,86.36
CELL_34787,Leukocyte,114.7,24,61.68
CELL_61554,Myocyte,87.16,49,58.96
CELL_21768,Fibroblast,70.5,30,92.17
CELL_44936,Stem Cell,41.94,5,82.91
CELL_43697,Myocyte,116.14,33,71.8
CELL_94590,Myocyte,37.24,38,67.96
CELL_20408,Fibroblast,31.96,41,73.46
CELL_82767,Fibroblast,38.73,9,67.78
CELL_88872,Neuron,40.34,32,94.94
CELL_18120,Stem Cell,87.17,47,77.97
CELL_10156,Leukocyte,89.01,32,61.65
CELL_34421,Erythrocyte,96.14,9,87.04
CELL_94050,Leukocyte,39.88,39,57.71
CELL_31222,Neuron,117.8,50,60.74
CELL_23115,Neuron,62.83,21,91.73
CELL_55345,Epithelial,118.58,48,77.28
CELL_56541,Leukocyte,101.03,12,98.48
CELL_92662,Erythrocyte,40.91,49,66.55
CELL_59086,Epithelial,106.59,28,80.77
CELL_56076,Stem Cell,40.52,5,82.12
CELL_49975,Neuron,39.08,21,93.75
CELL_40319,Myocyte,107.46,39,98.86
CELL_67432,Epithelial,56.45,14,70.6
CELL_88914,Epithelial,23.33,12,60.63
CELL_36707,Erythrocyte,34.48,9,73.32
CELL_72298,Erythrocyte,13.47,28,81.43
CELL_27761,Leukocyte,64.05,24,59.68
CELL_72613,Leukocyte,40.72,40,75.37
CELL_69272,Neuron,33.06,12,65.81
CELL_38661,Epithelial,55.86,7,64.85
CELL_32155,Stem Cell,17.44,34,86.62
CELL_86952,Myocyte,56.61,50,71.7
CELL_67416,Fibroblast,76.74,28,58.35
CELL_49857,Fibroblast,83.9,27,53.55
CELL_73373,Epithelial,112.46,35,98.97
CELL_73208,Fibroblast,9.4,38,76.39
CELL_54592,Epithelial,103.5,34,74.85
CELL_15885,Epithelial,70.87,32,72.41
CELL_21727,Stem Cell,23.49,45,57.63
CELL_64736,Stem Cell,107.89,22,93.26
CELL_31549,Myocyte,35.29,28,99.06
CELL_55794,Myocyte,117.28,21,85.86
CELL_97359,Fibroblast,26.57,38,66.86
CELL_85768,Myocyte,73.93,23,60.73
CELL_24723,Leukocyte,25.78,21,87.37
CELL_39794,Epithelial,75.75,31,79.18
CELL_33520,Leukocyte,42.51,43,75.07
CELL_62864,Neuron,85.29,11,84.97
CELL_58150,Erythrocyte,104.46,24,62.87
CELL_42436,Stem Cell,34.24,33,73.28
CELL_33490,Neuron,7.25,24,81.12
CELL_38890,Stem Cell,74.54,35,68.64
CELL_44616,Myocyte,107.38,35,86.24
CELL_89597,Leukocyte,44.47,49,65.51
CELL_86578,Leukocyte,24.71,17,68.51
CELL_82982,Neuron,23.18,23,92.78
CELL_77970,Stem Cell,45.53,36,63.87
CELL_96203,Erythrocyte,38.61,32,62.69
CELL_40006,Myocyte,116.37,15,70.13
CELL_17563,Neuron,55.77,44,96.71
CELL_96513,Stem Cell,6.92,24,94.31
CELL_61169,Epithelial,83.21,17,61.43
CELL_71540,Neuron,98.17,11,90.57
CELL_68196,Myocyte,25.64,38,79.83
CELL_40381,Neuron,105.13,14,99.78
CELL_74164,Erythrocyte,33.36,20,99.12
CELL_59943,Fibroblast,7.78,31,56.21
CELL_11735,Myocyte,118.61,10,51.01
CELL_62375,Leukocyte,33.67,18,69.28
CELL_67473,Neuron,89.15,43,84.15
CELL_96716,Stem Cell,41.71,33,75.69
CELL_57032,Neuron,86.42,14,94.17
CELL_34422,Fibroblast,99.64,47,98.18
CELL_43531,Myocyte,72.74,45,88.38
CELL_97907,Myocyte,65.52,49,59.83
CELL_71703,Erythrocyte,92.53,13,67.89
CELL_26878,Leukocyte,68.11,39,62.67
CELL_93505,Fibroblast,45.75,18,71.22
CELL_50275,Neuron,90.15,32,66.96
CELL_58864,Myocyte,69.86,48,55.15
CELL_92724,Fibroblast,85.74,41,55.44
CELL_20759,Myocyte,68.1,40,98.22
CELL_81772,Fibroblast,31.25,7,77.5
CELL_43726,Myocyte,15.16,25,87.94
CELL_71332,Fibroblast,80.22,15,67.37
CELL_87723,Neuron,61.3,7,66.75
CELL_66812,Erythrocyte,33.46,30,67.88
CELL_67424,Epithelial,12.98,24,53.69
CELL_21738,Leukocyte,19.03,40,99.03
CELL_22417,Erythrocyte,6.72,49,92.96
CELL_71570,Stem Cell,80.34,23,76.04
CELL_30517,Epithelial,71.74,6,84.13
CELL_61596,Stem Cell,58.97,40,55.17
CELL_25707,Myocyte,114.79,46,75.88
CELL_29376,Leukocyte,5.54,44,64.71
CELL_26070,Erythrocyte,59.98,14,79.5
CELL_81112,Stem Cell,34.41,47,71.4
CELL_15049,Epithelial,98.83,49,91.68
CELL_81229,Neuron,55.21,18,84.86
CELL_73798,Fibroblast,77.51,32,95.29
CELL_61466,Fibroblast,10.45,7,72.84
CELL_32853,Fibroblast,111.63,27,98.79
CELL_50823,Myocyte,54.4,27,58.5
CELL_47318,Myocyte,14.35,42,63.67
CELL_20575,Stem Cell,37.89,12,95.3
CELL_78749,Leukocyte,22.19,47,61.06
CELL_90731,Stem Cell,85.96,42,50.7
CELL_27948,Neuron,79.61,27,70.67
CELL_70193,Myocyte,104.88,39,93.41
CELL_30420,Epithelial,117.02,41,59.89
CELL_31163,Stem Cell,34.65,38,92.96
CELL_87559,Stem Cell,75.52,13,63.94
CELL_87802,Fibroblast,118.19,13,91.57
CELL_28902,Epithelial,119.81,47,52.19
CELL_94850,Leukocyte,72.67,11,73.7
CELL_76210,Epithelial,8.62,42,74.12
CELL_62533,Epithelial,115.3,7,67.9
CELL_26181,Fibroblast,91.29,32,96.65
CELL_39683,Neuron,87.98,19,53.99
CELL_26468,Myocyte,51.11,24,81.13
CELL_78948,Neuron,20.92,17,87.82
CELL_87416,Myocyte,110.51,44,85.07
CELL_89587,Fibroblast,57.61,50,79.93
CELL_60082,Neuron,91.31,27,61.13
CELL_77702,Erythrocyte,46.5,19,54.91
CELL_64771,Epithelial,29.29,33,54.12
CELL_18803,Neuron,94.5,7,99.25
CELL_84086,Fibroblast,49.6,14,79.15
CELL_32967,Erythrocyte,58.43,41,52.25
CELL_93988,Myocyte,68.35,44,65.46
CELL_50340,Stem Cell,110.65,22,85.86
CELL_75439,Leukocyte,86.3,41,55.63
CELL_60205,Epithelial,45.48,11,87.1
CELL_65307,Neuron,90.33,7,96.29
CELL_52143,Stem Cell,48.54,15,65.67
CELL_56019,Stem Cell,28.84,28,67.37
CELL_58160,Neuron,21.44,15,89.14
CELL_66021,Stem Cell,24.54,14,62.66
CELL_16692,Fibroblast,22.89,48,69.37
CELL_38487,Epithelial,102.76,8,73.14
CELL_44865,Epithelial,34.14,33,93.08
CELL_17016,Fibroblast,61.53,10,57.87
CELL_79304,Erythrocyte,63.17,44,63.74
CELL_84239,Fibroblast,70.66,46,73.68
CELL_69825,Stem Cell,45.63,7,62.99
CELL_28608,Leukocyte,13.93,12,93.55
CELL_30654,Myocyte,21.26,39,62.49
CELL_61198,Neuron,98.29,48,56.7
CELL_39835,Neuron,62.27,33,81.5
CELL_72806,Neuron,84.26,9,76.23
CELL_61870,Erythrocyte,105.24,27,88.8
CELL_81120,Neuron,56.1,9,50.78
CELL_83640,Neuron,23.71,39,80.69
CELL_28499,Myocyte,114.46,8,60.19
CELL_25768,Leukocyte,71.82,19,92.26
CELL_57371,Myocyte,52.2,47,98.76
CELL_83863,Leukocyte,60.37,20,68.09
CELL_54250,Stem Cell,99.67,29,50.75
CELL_36106,Myocyte,72.54,42,56.5
CELL_48661,Neuron,112.35,39,85.85
CELL_82136,Erythrocyte,9.0,19,78.51
CELL_12232,Neuron,34.3,45,91.49
CELL_84107,Fibroblast,28.13,34,81.42
CELL_94990,Myocyte,106.14,31,59.54
CELL_27042,Fibroblast,63.97,5,53.18
CELL_51371,Leukocyte,94.3,40,64.26
CELL_37983,Erythrocyte,54.33,42,76.83
CELL_60925,Stem Cell,43.31,8,63.21
CELL_25206,Myocyte,45.2,31,72.34
CELL_85661,Myocyte,69.43,15,84.39
CELL_63228,Myocyte,39.33,6,57.62
CELL_98824,Stem Cell,111.61,6,71.45
CELL_47253,Stem Cell,13.82,27,80.41
CELL_17125,Neuron,105.0,9,84.17
CELL_72235,Myocyte,30.78,29,82.4
CELL_56165,Neuron,59.98,19,80.87
CELL_19607,Epithelial,25.34,39,77.6
CELL_56617,Erythrocyte,37.2,17,98.18
CELL_53537,Neuron,93.69,23,95.96
CELL_83862,Leukocyte,87.44,31,68.67
CELL_43424,Epithelial,119.63,37,74.41
CELL_64595,Neuron,84.07,13,79.12
CELL_76854,Myocyte,67.13,14,86.98
CELL_70597,Myocyte,42.03,28,59.5
CELL_19626,Stem Cell,66.78,14,79.45
CELL_27426,Myocyte,94.88,8,93.67
CELL_60668,Myocyte,89.22,29,56.62
CELL_89293,Fibroblast,78.5,47,83.13
CELL_20306,Erythrocyte,60.36,28,99.29
CELL_73950,Leukocyte,73.49,15,56.97
CELL_15953,Neuron,55.95,36,57.58
CELL_74717,Myocyte,77.12,20,51.48
CELL_55001,Myocyte,99.01,42,56.7
CELL_49882,Stem Cell,100.3,20,98.21
CELL_57359,Myocyte,65.82,34,54.39
CELL_49720,Myocyte,6.02,40,78.02
CELL_94740,Myocyte,80.76,37,64.38
CELL_40774,Epithelial,25.67,41,52.69
CELL_54132,Stem Cell,33.86,36,84.02
CELL_34780,Epithelial,114.48,40,77.33
CELL_45782,Fibroblast,20.59,32,93.09
CELL_88359,Fibroblast,79.34,9,57.04
CELL_22440,Epithelial,48.22,13,81.18
CELL_27624,Fibroblast,99.18,40,91.84
CELL_76554,Fibroblast,20.24,10,80.15
CELL_77940,Leukocyte,79.16,26,70.03
CELL_77760,Stem Cell,55.58,31,60.54
CELL_12915,Stem Cell,20.03,18,96.9
CELL_41944,Fibroblast,84.08,40,82.68
CELL_79612,Erythrocyte,83.06,29,76.37
CELL_34180,Epithelial,7.77,11,94.29
CELL_82400,Leukocyte,38.65,26,75.52
CELL_22900,Myocyte,47.41,6,80.05
CELL_89533,Stem Cell,30.28,5,66.41
CELL_22828,Leukocyte,119.89,41,56.25
CELL_43660,Fibroblast,23.38,8,62.07
CELL_38485,Fibroblast,51.5,20,60.66
CELL_73708,Fibroblast,87.46,6,65.27
CELL_55902,Leukocyte,66.46,29,75.83
CELL_74811,Neuron,115.01,25,73.83
CELL_82503,Epithelial,27.67,14,87.38
CELL_95905,Epithelial,25.3,27,59.39
CELL_75657,Stem Cell,11.2,24,53.03
CELL_58951,Leukocyte,33.52,13,82.33
CELL_88602,Fibroblast,79.56,13,64.36
CELL_10641,Fibroblast,26.5,48,52.68
CELL_98840,Leukocyte,31.02,25,98.4
CELL_63901,Epithelial,48.55,8,54.13
CELL_77331,Erythrocyte,87.46,20,79.37
CELL_73784,Myocyte,35.94,28,54.74
CELL_41590,Myocyte,39.15,36,53.89
CELL_75194,Myocyte,80.11,20,66.59
CELL_79384,Epithelial,51.38,11,57.88
CELL_42931,Stem Cell,87.33,27,50.27
CELL_72011,Leukocyte,57.5,12,66.91
CELL_54640,Leukocyte,90.16,36,61.04
CELL_76292,Erythrocyte,10.25,38,57.7
CELL_57841,Myocyte,7.19,36,70.26
CELL_63932,Neuron,97.35,27,60.71
CELL_68419,Myocyte,72.24,11,70.79
CELL_52808,Leukocyte,104.45,5,50.91
CELL_82905,Fibroblast,63.94,50,94.08
CELL_24403,Erythrocyte,82.97,34,82.47
CELL_68557,Stem Cell,114.45,36,51.28
CELL_17400,Neuron,73.92,9,84.0
CELL_10370,Stem Cell,104.7,16,68.94
CELL_41807,Stem Cell,79.07,23,87.18
CELL_30334,Leukocyte,45.53,14,95.87
CELL_36515,Leukocyte,14.13,38,77.93
CELL_35863,Fibroblast,48.03,20,87.98
CELL_50640,Erythrocyte,19.05,26,91.43
CELL_87672,Leukocyte,92.01,38,82.5
CELL_80784,Neuron,90.71,15,79.68
CELL_77629,Neuron,94.56,36,69.88
CELL_80192,Neuron,95.88,44,55.32
CELL_20931,Leukocyte,115.24,15,98.43
CELL_73400,Neuron,26.4,37,61.99
CELL_38961,Stem Cell,61.58,26,72.92
CELL_76174,Fibroblast,34.72,14,62.16
CELL_53878,Epithelial,98.59,43,75.22
CELL_21390,Erythrocyte,19.29,31,65.8
CELL_24846,Erythrocyte,45.42,22,73.45
CELL_30388,Myocyte,21.62,28,65.6
CELL_95214,Leukocyte,29.01,18,94.89
CELL_35115,Neuron,108.43,5,99.73
CELL_11686,Erythrocyte,111.95,44,79.69
CELL_38798,Stem Cell,38.74,12,80.31
CELL_37640,Myocyte,19.87,29,58.84
CELL_88707,Fibroblast,79.0,16,68.11
CELL_78600,Stem Cell,52.07,12,50.34
CELL_65592,Stem Cell,71.0,26,86.06
CELL_43251,Neuron,27.75,31,59.87
CELL_93675,Epithelial,43.14,43,96.58
CELL_17262,Stem Cell,53.22,19,61.98
CELL_88294,Myocyte,83.7,27,50.55
CELL_46166,Fibroblast,23.38,46,64.81
CELL_69818,Myocyte,35.85,49,96.85
CELL_64429,Stem Cell,19.43,14,59.77
CELL_12791,Epithelial,65.44,44,69.81
CELL_25581,Erythrocyte,7.95,24,88.61
CELL_51958,Epithelial,81.65,13,87.9
CELL_79803,Erythrocyte,21.97,40,60.9
CELL_72766,Stem Cell,104.83,18,87.09
CELL_61435,Fibroblast,13.25,30,86.31
CELL_47596,Fibroblast,69.57,23,60.93
CELL_46782,Erythrocyte,111.17,14,70.81
CELL_61786,Erythrocyte,71.53,7,87.44
CELL_36803,Epithelial,35.9,9,75.39
CELL_94051,Epithelial,57.45,21,52.99
CELL_16384,Epithelial,6.07,17,59.54
CELL_60819,Erythrocyte,35.16,42,83.05
CELL_48385,Fibroblast,7.46,31,54.94
CELL_31068,Fibroblast,61.75,27,81.5
CELL_96402,Leukocyte,11.69,9,56.67
CELL_93230,Epithelial,70.58,45,99.17
CELL_75163,Fibroblast,56.59,5,94.17
CELL_42683,Myocyte,34.99,26,55.34
CELL_91635,Leukocyte,85.87,35,94.78
CELL_72779,Leukocyte,76.96,41,61.11
CELL_10591,Erythrocyte,87.39,28,80.22
CELL_96559,Erythrocyte,118.67,34,54.55
CELL_38124,Stem Cell,91.21,9,98.41
CELL_76099,Stem Cell,108.53,38,89.89
CELL_59904,Stem Cell,67.09,21,96.93
CELL_91919,Leukocyte,82.48,9,81.16
CELL_15020,Stem Cell,24.73,48,81.25
CELL_83953,Erythrocyte,63.23,22,98.75
CELL_15758,Neuron,117.65,27,85.48
CELL_67448,Fibroblast,81.14,10,88.69
CELL_20255,Neuron,86.1,13,51.53
CELL_68114,Myocyte,14.27,18,96.61
CELL_93638,Myocyte,42.75,5,89.42
CELL_56846,Myocyte,99.14,39,90.56
CELL_42323,Erythrocyte,49.16,16,74.73
CELL_18279,Stem Cell,11.32,23,73.14
CELL_75779,Fibroblast,48.48,48,78.9
CELL_63383,Stem Cell,16.91,42,94.15
CELL_80585,Myocyte,11.25,46,63.79
CELL_94375,Stem Cell,114.03,10,54.98
CELL_84502,Myocyte,92.73,42,56.35
CELL_87218,Epithelial,7.83,32,80.24
CELL_93901,Epithelial,69.78,23,72.0
CELL_38611,Epithelial,57.98,13,93.69
CELL_68793,Neuron,7.03,12,53.21
CELL_57089,Stem Cell,79.71,14,62.58
CELL_30895,Neuron,55.88,50,54.82
CELL_12586,Myocyte,94.08,22,75.12
CELL_79620,Leukocyte,107.17,14,79.94
CELL_11235,Fibroblast,103.71,22,55.31
CELL_20022,Leukocyte,92.11,26,65.17
CELL_59059,Leukocyte,88.71,19,60.51
CELL_91595,Stem Cell,26.8,22,90.2
CELL_73096,Fibroblast,103.16,8,74.62
CELL_97159,Fibroblast,109.59,26,78.92
CELL_39887,Stem Cell,58.47,42,74.99
CELL_88504,Neuron,113.7,22,99.87
CELL_69372,Myocyte,103.79,19,68.52
CELL_21535,Stem Cell,19.97,20,89.62
CELL_85399,Myocyte,87.81,12,96.57
CELL_26110,Erythrocyte,47.69,50,69.42
CELL_87299,Neuron,86.67,14,99.6
CELL_30284,Myocyte,7.47,15,65.45
CELL_70131,Myocyte,10.49,29,88.49
CELL_19720,Myocyte,52.2,20,96.26
CELL_50843,Myocyte,11.92,44,73.64
CELL_28767,Epithelial,64.24,28,58.23
CELL_29970,Leukocyte,83.12,15,92.95
CELL_70495,Neuron,36.89,44,86.1
CELL_21116,Erythrocyte,6.95,17,54.97
CELL_74263,Myocyte,72.27,18,95.93
CELL_92904,Leukocyte,107.07,16,93.24
CELL_43986,Neuron,6.51,28,69.95
CELL_61057,Fibroblast,118.71,29,51.25
CELL_97578,Neuron,106.08,36,95.87
CELL_84920,Erythrocyte,72.99,8,94.51
CELL_94763,Stem Cell,34.08,29,56.54
CELL_19821,Stem Cell,19.72,24,99.26
CELL_13617,Leukocyte,5.8,28,85.64
CELL_22739,Erythrocyte,73.4,40,99.63
CELL_37693,Myocyte,5.09,24,73.73
CELL_44178,Erythrocyte,90.44,46,69.6
CELL_13292,Stem Cell,26.27,22,90.77
CELL_16196,Epithelial,60.72,27,92.77
CELL_96061,Fibroblast,97.02,10,86.95
CELL_32309,Epithelial,51.82,48,89.51
CELL_37196,Neuron,11.27,13,55.76
CELL_98843,Stem Cell,58.37,44,67.55
CELL_35998,Erythrocyte,111.93,22,96.49
CELL_70308,Neuron,43.59,27,60.1
CELL_93088,Epithelial,7.01,21,88.15
CELL_93773,Fibroblast,72.56,45,83.35
CELL_86603,Stem Cell,68.65,40,76.69
CELL_74864,Myocyte,22.08,22,66.84
CELL_69665,Leukocyte,12.15,23,94.31
CELL_52510,Stem Cell,108.29,23,57.91
CELL_36994,Epithelial,112.8,27,78.93
CELL_55784,Fibroblast,97.27,33,94.54
CELL_92087,Neuron,55.18,10,71.31
CELL_78359,Stem Cell,43.75,21,56.74
CELL_13756,Neuron,115.02,21,66.85
CELL_91907,Neuron,47.78,14,69.41
CELL_10057,Erythrocyte,35.2,7,86.69
CELL_62480,Erythrocyte,66.02,20,91.44
CELL_36872,Leukocyte,61.41,36,73.44
CELL_78284,Neuron,64.34,42,78.46
CELL_33849,Myocyte,18.27,17,70.84
CELL_38914,Epithelial,116.38,36,68.84
CELL_77451,Erythrocyte,56.7,46,60.97
CELL_49087,Epithelial,13.35,15,96.68
CELL_60819,Epithelial,19.14,50,57.85
CELL_43448,Erythrocyte,119.26,13,76.0
CELL_95922,Stem Cell,59.04,38,71.94
CELL_22701,Epithelial,84.55,14,86.7
CELL_21770,Erythrocyte,42.51,21,98.88
CELL_70154,Epithelial,18.24,42,66.2
CELL_52946,Fibroblast,19.17,50,67.41
CELL_60553,Neuron,113.7,44,72.85
CELL_41583,Stem Cell,14.67,13,77.56
CELL_82527,Leukocyte,84.39,32,82.15
CELL_39258,Myocyte,68.89,35,52.95
CELL_26020,Epithelial,103.5,19,82.24
CELL_17254,Stem Cell,94.99,18,93.66
CELL_55550,Fibroblast,59.17,49,95.22
CELL_75244,Leukocyte,116.64,45,82.43
CELL_62785,Stem Cell,94.38,21,72.06
CELL_55389,Stem Cell,72.71,44,97.57
CELL_33865,Erythrocyte,90.58,42,64.41
CELL_69459,Leukocyte,41.15,16,83.22
CELL_22609,Fibroblast,97.51,21,73.12
CELL_88367,Myocyte,77.17,15,62.43
CELL_78619,Stem Cell,47.45,26,90.37
CELL_65092,Epithelial,50.04,26,97.18
CELL_35528,Erythrocyte,114.16,45,55.03
CELL_38406,Erythrocyte,89.19,14,63.25
CELL_87597,Leukocyte,81.51,37,92.28
CELL_64236,Neuron,80.84,43,91.87
CELL_71664,Fibroblast,60.16,36,72.82
CELL_35147,Leukocyte,7.24,29,61.06
CELL_68431,Erythrocyte,117.97,5,98.36
CELL_52690,Neuron,8.29,6,89.43
CELL_17753,Epithelial,119.09,31,83.38
CELL_12752,Neuron,8.11,6,75.84
CELL_95863,Stem Cell,57.07,15,76.07
CELL_15238,Erythrocyte,91.41,14,76.29
CELL_80031,Stem Cell,74.29,48,75.24
CELL_95141,Fibroblast,25.2,46,56.07
CELL_87905,Leukocyte,58.46,31,91.09
CELL_61553,Neuron,81.57,36,53.66
CELL_23237,Epithelial,117.81,18,54.04
CELL_69067,Epithelial,93.83,14,86.38
CELL_66024,Neuron,62.08,20,54.28
CELL_53161,Fibroblast,99.41,13,65.24
CELL_54279,Leukocyte,46.08,32,92.45
CELL_71518,Erythrocyte,96.51,19,72.42
CELL_32530,Fibroblast,109.41,11,99.7
CELL_17142,Neuron,62.34,42,96.54
CELL_49738,Erythrocyte,74.15,11,70.51
CELL_59968,Epithelial,64.29,9,59.67
CELL_31670,Neuron,18.43,11,86.4
CELL_84002,Erythrocyte,21.09,11,81.52
CELL_50736,Epithelial,96.97,30,77.67
CELL_88920,Leukocyte,30.89,28,80.51
CELL_85832,Myocyte,65.24,26,81.89
CELL_90350,Fibroblast,14.06,17,92.16
CELL_33231,Fibroblast,103.17,39,60.29
CELL_92395,Neuron,53.62,5,80.87
CELL_97416,Epithelial,108.55,42,50.36
CELL_65242,Myocyte,105.66,12,94.62
CELL_78510,Epithelial,95.21,19,55.24
CELL_58791,Erythrocyte,118.99,34,51.38
CELL_65165,Stem Cell,118.94,44,98.93
CELL_12103,Stem Cell,20.56,29,89.62
CELL_85037,Stem Cell,20.74,30,62.16
CELL_36302,Stem Cell,14.14,11,82.1
CELL_56079,Neuron,65.36,13,84.88
CELL_78189,Myocyte,58.34,43,81.37
CELL_22648,Neuron,86.93,44,80.13
CELL_60752,Leukocyte,62.26,16,79.53
CELL_18289,Leukocyte,31.17,44,63.77
CELL_85658,Stem Cell,84.4,29,99.56
CELL_68567,Leukocyte,117.88,26,80.4
CELL_24034,Myocyte,41.68,32,58.8
CELL_27929,Myocyte,15.8,30,51.06
CELL_14929,Neuron,72.09,20,92.82
CELL_83099,Epithelial,68.49,37,76.09
CELL_92366,Leukocyte,32.5,12,87.85
CELL_82937,Leukocyte,76.18,18,84.2
CELL_58107,Epithelial,57.04,37,68.98
CELL_64564,Epithelial,54.83,44,85.74
CELL_64245,Leukocyte,8.83,37,78.45
CELL_89110,Fibroblast,48.34,28,85.38
CELL_75934,Erythrocyte,62.53,50,50.15
CELL_81836,Fibroblast,48.25,30,72.48
CELL_25319,Fibroblast,66.29,21,96.39
CELL_94753,Epithelial,117.4,30,53.64
CELL_96179,Myocyte,34.25,43,78.66
CELL_59242,Fibroblast,41.5,10,93.18
CELL_78293,Epithelial,69.06,12,94.84
CELL_11176,Myocyte,61.15,11,65.1
CELL_38730,Leukocyte,42.75,22,68.75
CELL_15411,Stem Cell,78.89,30,54.95
CELL_15747,Leukocyte,113.39,30,87.25
CELL_84258,Epithelial,103.65,7,54.98
CELL_20776,Epithelial,11.26,33,60.78
CELL_47303,Myocyte,44.28,47,76.86
CELL_85887,Myocyte,73.65,25,85.84
CELL_62352,Epithelial,31.39,13,65.95
CELL_65622,Myocyte,91.54,50,59.03
CELL_46509,Epithelial,81.68,33,54.24
CELL_28136,Neuron,96.73,36,58.34
CELL_93754,Myocyte,75.89,50,62.62
CELL_34877,Leukocyte,41.25,44,57.77
CELL_76538,Erythrocyte,81.1,47,86.62
CELL_14358,Stem Cell,111.26,36,78.23
CELL_95482,Fibroblast,65.49,28,96.82
CELL_17067,Erythrocyte,49.91,13,98.96
CELL_96247,Erythrocyte,88.75,26,83.63
