cell_id,cell_type,diameter_um,organelle_count,viability_pct
CELL_10719,Erythrocyte,26.43,8,70.99
CELL_98129,Fibroblast,51.02,25,84.85
CELL_52581,Stem Cell,29.38,24,63.97
CELL_68533,Erythrocyte,54.51,26,56.14
CELL_67540,Epithelial,18.92,8,67.66
CELL_30175,Epithelial,52.93,7,77.62
CELL_63702,Leukocyte,75.77,30,78.82
CELL_84298,Myocyte,52.38,33,67.71
CELL_73586,Epithelial,105.42,46,72.33
CELL_87907,Epithelial,54.09,33,66.84
CELL_73070,Epithelial,93.22,48,67.39
CELL_36964,Fibroblast,55.7,16,58.29
CELL_29427,Leukocyte,18.8,8,79.84
CELL_12890,Leukocyte,101.35,7,78.63
CELL_84323,Myocyte,20.75,38,62.4
CELL_90989,Stem Cell,33.37,41,79.41
CELL_87967,Leukocyte,41.03,9,54.05
CELL_78152,Fibroblast,15.58,40,58.64
CELL_22049,Stem Cell,83.5,29,94.84
CELL_20334,Erythrocyte,79.23,11,72.29
CELL_30858,Neuron,73.9,41,98.09
CELL_42165,Fibroblast,103.86,7,59.38
CELL_88434,Fibroblast,42.57,7,82.78
CELL_79229,Neuron,52.02,45,77.53
CELL_96797,Epithelial,30.12,13,91.36
CELL_17031,Myocyte,19.28,38,71.77
CELL_28388,Fibroblast,74.33,24,79.61
CELL_74102,Fibroblast,80.68,35,61.27
CELL_89387,Epithelial,108.14,12,50.85
CELL_92604,Epithelial,103.33,34,61.84
CELL_18825,Leukocyte,33.86,10,63.73
CELL_68071,Myocyte,27.53,24,83.93
CELL_20125,Neuron,48.37,7,91.23
CELL_20617,Neuron,38.87,21,83.9
CELL_39785,Epithelial,90.82,7,92.64
CELL_99488,Myocyte,113.77,43,73.95
CELL_49769,Stem Cell,99.1,30,65.75
CELL_97260,Epithelial,71.62,11,65.53
CELL_98441,Erythrocyte,48.45,8,86.25
CELL_65163,Epithelial,41.16,28,64.79
CELL_99428,Epithelial,39.61,21,92.09
CELL_87161,Leukocyte,100.71,25,81.56
CELL_66071,Stem Cell,70.54,31,92.47
CELL_70316,Myocyte,76.82,9,89.86
CELL_61340,Neuron,50.4,45,56.38
CELL_76709,Stem Cell,36.09,30,67.1
CELL_91157,Leukocyte,17.56,31,57.03
CELL_15651,Epithelial,72.22,8,75.34
CELL_10159,Epithelial,107.84,49,88.11
CELL_99599,Leukocyte,65.44,22,66.39
CELL_66541,Epithelial,43.92,28,78.48
CELL_21383,Erythrocyte,89.43,23,77.09
CELL_69782,Erythrocyte,20.63,46,99.11
CELL_50157,Neuron,74.06,38,92.03
CELL_49281,Leukocyte,81.87,21,74.42
CELL_21854,Erythrocyte,36.72,37,71.19
CELL_10740,Neuron,85.77,28,66.58
CELL_71865,Leukocyte,28.31,17,84.09
CELL_15670,Neuron,118.5,33,54.01
CELL_72598,Myocyte,8.04,10,62.49
CELL_15723,Erythrocyte,90.65,43,67.25
CELL_26906,Epithelial,17.3,20,53.56
CELL_78972,Fibroblast,20.03,31,98.19
CELL_90545,Leukocyte,48.51,35,73.0
CELL_91670,Epithelial,111.61,14,81.24
CELL_47713,Leukocyte,67.26,17,82.72
CELL_91316,Erythrocyte,97.96,46,90.11
CELL_15122,Epithelial,30.26,41,62.38
CELL_40556,Neuron,95.5,44,73.35
CELL_50153,Neuron,48.63,11,61.49
CELL_15018,Neuron,59.02,12,86.65
CELL_78655,Myocyte,28.37,45,76.2
CELL_16453,Erythrocyte,99.63,48,51.56
CELL_72351,Erythrocyte,22.82,19,63.96
CELL_32759,Fibroblast,70.97,9,91.61
CELL_74475,Myocyte,72.93,46,52.47
CELL_60877,Erythrocyte,112.43,40,98.13
CELL_35319,Stem Cell,5.26,8,79.52
CELL_42991,Neuron,115.11,11,82.76
CELL_44320,Stem Cell,75.19,9,82.94
CELL_15049,Epithelial,108.64,11,52.15
CELL_69350,Fibroblast,100.0,50,65.06
CELL_70696,Fibroblast,86.79,15,94.57
CELL_12628,Myocyte,68.29,22,80.79
CELL_57280,Leukocyte,108.33,6,70.26
CELL_53667,Epithelial,41.84,43,65.13
CELL_18765,Epithelial,49.89,17,69.38
CELL_50827,Epithelial,108.59,29,78.4
CELL_50685,Epithelial,69.33,13,72.88
CELL_70846,Erythrocyte,34.12,6,50.8
CELL_17781,Epithelial,47.08,9,74.07
CELL_74429,Leukocyte,112.25,13,57.05
CELL_77215,Erythrocyte,61.21,8,94.6
CELL_41338,Erythrocyte,81.57,20,54.31
CELL_26182,Fibroblast,63.54,17,80.21
CELL_30671,Neuron,69.27,30,97.12
CELL_23415,Stem Cell,27.24,49,81.04
CELL_73187,Myocyte,78.04,41,52.4
CELL_90571,Epithelial,66.83,33,82.38
CELL_64216,Fibroblast,101.24,6,65.61
CELL_74115,Neuron,14.37,27,65.3
CELL_90556,Stem Cell,26.47,45,57.7
CELL_62933,Stem Cell,112.06,14,97.07
CELL_71494,Stem Cell,85.13,25,79.8
CELL_82593,Myocyte,105.28,18,51.48
CELL_81526,Epithelial,35.34,42,65.0
CELL_17066,Fibroblast,112.21,31,90.06
CELL_57135,Stem Cell,85.32,6,98.11
CELL_15622,Myocyte,22.46,10,51.18
CELL_91235,Fibroblast,91.42,18,65.48
CELL_59632,Leukocyte,104.03,49,62.02
CELL_91425,Myocyte,51.21,47,60.2
CELL_55417,Leukocyte,63.04,24,97.73
CELL_24828,Stem Cell,28.56,23,81.77
CELL_26337,Neuron,114.8,23,80.1
CELL_67462,Stem Cell,73.27,24,54.26
CELL_31507,Fibroblast,80.82,50,81.87
CELL_11582,Erythrocyte,45.01,40,50.98
CELL_93297,Stem Cell,61.18,46,92.95
CELL_86307,Epithelial,19.89,14,85.94
CELL_73055,Myocyte,33.12,35,72.42
CELL_85055,Stem Cell,58.82,38,68.55
CELL_49786,Neuron,72.58,45,54.94
CELL_45233,Stem Cell,100.4,9,96.9
CELL_59497,Erythrocyte,79.2,27,93.98
CELL_29243,Erythrocyte,56.5,36,58.14
CELL_67439,Neuron,21.91,46,68.66
CELL_10460,Myocyte,54.73,43,69.98
CELL_95667,Myocyte,78.01,19,54.22
CELL_35309,Leukocyte,30.45,35,83.22
CELL_38895,Stem Cell,32.6,43,97.32
CELL_43262,Fibroblast,54.99,24,86.53
CELL_95951,Myocyte,46.7,24,55.84
CELL_83287,Stem Cell,85.1,39,88.85
CELL_37070,Neuron,60.18,32,82.4
CELL_33837,Neuron,112.93,27,82.78
CELL_96911,Epithelial,52.65,24,89.13
CELL_74754,Myocyte,78.9,49,58.34
CELL_11384,Neuron,77.04,50,83.29
CELL_45170,Erythrocyte,96.93,33,83.29
CELL_75526,Epithelial,36.02,27,53.41
CELL_46274,Leukocyte,67.55,34,83.78
CELL_79979,Erythrocyte,93.64,18,77.46
CELL_89672,Epithelial,12.28,10,93.83
CELL_39214,Stem Cell,66.57,42,53.16
CELL_85078,Leukocyte,52.72,25,65.75
CELL_10635,Neuron,73.59,40,74.74
CELL_18154,Fibroblast,40.04,42,63.8
CELL_76379,Erythrocyte,28.66,26,93.06
CELL_24942,Erythrocyte,115.74,14,80.98
CELL_31036,Neuron,35.39,32,55.71
CELL_69063,Epithelial,110.13,20,96.7
CELL_89683,Myocyte,69.28,21,69.86
CELL_65029,Erythrocyte,31.66,29,72.3
CELL_77794,Myocyte,108.8,37,69.92
CELL_46477,Neuron,65.18,26,63.49
CELL_68346,Epithelial,116.94,11,80.06
CELL_62287,Leukocyte,77.89,10,73.61
CELL_61848,Leukocyte,7.13,31,93.79
CELL_79851,Erythrocyte,90.78,44,71.45
CELL_34437,Stem Cell,83.22,40,66.14
CELL_41994,Fibroblast,8.01,48,82.15
CELL_43576,Leukocyte,116.48,14,69.48
CELL_50726,Neuron,87.13,43,84.63
CELL_15540,Neuron,39.34,44,73.55
CELL_13900,Fibroblast,70.47,39,82.17
CELL_41836,Neuron,109.12,29,52.04
CELL_88759,Leukocyte,99.26,36,94.69
CELL_86892,Myocyte,68.74,38,54.42
CELL_66785,Leukocyte,84.44,35,88.55
CELL_57843,Neuron,64.27,34,58.41
CELL_48614,Fibroblast,114.49,48,95.72
CELL_33811,Epithelial,18.07,7,66.48
CELL_99560,Fibroblast,26.3,15,81.71
CELL_73531,Leukocyte,76.38,23,94.15
CELL_59094,Myocyte,75.39,6,70.26
CELL_44080,Leukocyte,31.6,20,59.11
CELL_25183,Fibroblast,11.59,9,74.05
CELL_79954,Leukocyte,35.5,27,54.1
CELL_78284,Erythrocyte,61.34,48,89.15
CELL_86586,Erythrocyte,61.04,33,79.2
CELL_24404,Epithelial,89.42,12,79.79
CELL_66248,Neuron,45.16,20,66.31
CELL_96470,Epithelial,38.16,16,75.55
CELL_21551,Leukocyte,106.16,8,51.7
CELL_21792,Erythrocyte,59.05,11,75.61
CELL_75600,Fibroblast,71.27,7,80.19
CELL_47392,Neuron,25.0,24,61.88
CELL_28845,Myocyte,87.16,42,62.69
CELL_76334,Stem Cell,24.41,32,58.02
CELL_67237,Myocyte,20.51,28,73.71
CELL_84483,Epithelial,49.41,23,61.15
CELL_97781,Fibroblast,100.45,43,85.37
CELL_51701,Leukocyte,83.01,10,95.35
CELL_45293,Epithelial,35.74,12,94.18
CELL_23835,Myocyte,67.99,42,82.74
CELL_47368,Neuron,40.46,33,83.37
CELL_96030,Myocyte,102.71,26,73.97
CELL_89209,Epithelial,75.86,44,85.45
CELL_93812,Epithelial,112.69,34,70.5
CELL_79519,Stem Cell,110.33,46,96.02
CELL_65318,Stem Cell,42.31,20,51.63
CELL_72663,Neuron,61.29,15,91.7
CELL_78151,Myocyte,7.63,37,54.72
CELL_33161,Epithelial,17.43,46,55.36
CELL_51563,Fibroblast,8.11,32,85.16
CELL_25016,Neuron,57.69,13,86.3
CELL_37647,Myocyte,76.36,38,58.26
CELL_83438,Erythrocyte,93.04,29,53.4
CELL_17588,Leukocyte,34.38,22,63.17
CELL_63870,Epithelial,76.01,17,95.82
CELL_22059,Leukocyte,80.41,37,57.65
CELL_33242,Fibroblast,22.34,27,82.94
CELL_87297,Epithelial,64.28,19,94.41
CELL_78236,Leukocyte,61.14,14,94.78
CELL_82769,Erythrocyte,84.25,48,85.36
CELL_94297,Fibroblast,33.0,42,81.11
CELL_30993,Fibroblast,92.28,50,85.22
CELL_58276,Erythrocyte,105.83,10,94.27
CELL_55063,Leukocyte,18.76,7,78.28
CELL_78957,Stem Cell,68.24,35,79.49
CELL_72317,Stem Cell,110.01,5,67.22
CELL_81542,Neuron,88.25,17,67.27
CELL_96324,Erythrocyte,64.19,29,75.86
CELL_99113,Leukocyte,117.53,22,77.82
CELL_60845,Epithelial,53.29,8,66.54
CELL_71677,Erythrocyte,86.88,5,62.25
CELL_80645,Myocyte,82.73,34,89.93
CELL_15313,Epithelial,13.05,28,53.24
CELL_67873,Myocyte,17.01,29,92.52
CELL_39835,Epithelial,16.67,29,96.27
CELL_15727,Stem Cell,92.07,6,62.35
CELL_19626,Stem Cell,68.1,50,81.43
CELL_38009,Myocyte,34.05,44,51.04
CELL_55701,Fibroblast,107.06,34,82.17
CELL_31414,Stem Cell,82.02,6,95.53
CELL_55886,Leukocyte,39.63,13,99.25
CELL_11534,Fibroblast,76.43,38,60.82
CELL_84152,Erythrocyte,79.54,20,63.21
CELL_50433,Myocyte,115.29,14,99.18
CELL_43030,Erythrocyte,73.78,12,67.88
CELL_38568,Myocyte,101.83,31,95.7
CELL_56273,Stem Cell,21.37,36,85.19
CELL_99061,Erythrocyte,33.12,41,85.63
CELL_57547,Fibroblast,11.46,29,81.47
CELL_62240,Epithelial,15.53,21,63.23
CELL_80594,Stem Cell,86.23,32,66.08
CELL_53069,Stem Cell,78.79,20,56.99
CELL_65292,Leukocyte,59.78,31,58.77
CELL_27064,Erythrocyte,22.9,42,84.69
CELL_81027,Neuron,62.4,45,68.3
CELL_99366,Fibroblast,103.21,17,84.18
CELL_39137,Erythrocyte,74.58,48,94.88
CELL_90622,Epithelial,26.82,35,55.83
CELL_17384,Leukocyte,57.32,35,70.16
CELL_11027,Fibroblast,17.53,19,71.08
CELL_17638,Erythrocyte,70.31,28,72.83
CELL_65939,Myocyte,111.5,28,64.28
CELL_22035,Myocyte,85.73,45,60.74
CELL_24551,Myocyte,104.61,22,99.32
CELL_24120,Stem Cell,27.64,11,75.98
CELL_26734,Erythrocyte,50.18,45,59.58
CELL_23557,Leukocyte,114.59,6,90.74
CELL_49623,Fibroblast,44.12,34,53.62
CELL_56577,Myocyte,37.46,28,64.35
CELL_51887,Leukocyte,92.98,31,96.5
CELL_86768,Myocyte,37.0,15,71.9
CELL_66015,Epithelial,89.67,28,53.87
CELL_37434,Erythrocyte,58.54,36,69.83
CELL_35279,Stem Cell,72.98,48,65.09
CELL_76414,Epithelial,9.81,35,86.7
CELL_13501,Leukocyte,26.48,35,63.76
CELL_55705,Myocyte,27.49,18,97.66
CELL_70153,Erythrocyte,77.49,15,72.3
CELL_94624,Stem Cell,110.53,9,81.53
CELL_96751,Stem Cell,111.77,39,88.74
CELL_87758,Myocyte,78.51,36,89.5
CELL_50016,Stem Cell,36.76,40,76.62
CELL_96048,Erythrocyte,44.78,44,86.96
CELL_53635,Stem Cell,63.52,37,62.99
CELL_62083,Myocyte,47.28,5,82.43
CELL_80039,Fibroblast,55.38,18,50.79
CELL_77026,Fibroblast,16.04,5,88.42
CELL_31461,Leukocyte,54.99,15,68.26
CELL_98027,Stem Cell,93.79,14,65.44
CELL_23650,Erythrocyte,103.49,49,93.48
CELL_72649,Stem Cell,77.51,11,92.36
CELL_75303,Erythrocyte,74.41,16,90.08
CELL_66501,Neuron,117.0,14,80.51
CELL_19315,Leukocyte,66.71,36,95.41
CELL_43946,Neuron,97.39,14,61.89
CELL_35711,Epithelial,87.56,47,62.42
CELL_99149,Epithelial,88.3,12,86.06
CELL_25242,Fibroblast,45.93,14,74.02
CELL_59577,Erythrocyte,41.9,49,85.58
CELL_59324,Erythrocyte,88.62,48,62.44
CELL_12303,Stem Cell,86.47,34,89.27
CELL_74027,Myocyte,86.51,43,51.83
CELL_96768,Epithelial,80.56,17,76.51
CELL_22057,Stem Cell,88.26,47,63.41
CELL_36128,Stem Cell,37.39,50,65.66
CELL_28151,Fibroblast,54.72,11,59.23
CELL_19957,Epithelial,106.69,34,55.77
CELL_26230,Leukocyte,64.33,21,93.79
CELL_68560,Leukocyte,32.48,35,62.63
CELL_86427,Leukocyte,45.79,10,77.18
CELL_92098,Epithelial,91.71,31,97.91
CELL_45616,Erythrocyte,89.06,26,94.89
CELL_71938,Erythrocyte,48.93,44,99.41
CELL_44656,Fibroblast,109.38,36,91.65
CELL_48044,Stem Cell,53.93,9,63.49
CELL_30404,Stem Cell,87.45,16,61.11
CELL_90828,Erythrocyte,14.02,6,80.08
CELL_82999,Epithelial,46.09,31,73.4
CELL_67383,Epithelial,113.89,36,71.32
CELL_25100,Fibroblast,33.15,11,76.13
CELL_77908,Neuron,24.98,9,63.17
CELL_67006,Fibroblast,69.71,31,50.78
CELL_71955,Erythrocyte,49.25,19,72.87
CELL_28675,Fibroblast,20.62,26,56.98
CELL_40784,Leukocyte,119.15,5,78.1
CELL_81415,Neuron,89.83,18,98.68
CELL_83881,Leukocyte,65.16,6,71.38
CELL_20733,Leukocyte,68.45,27,75.12
CELL_38888,Fibroblast,67.11,30,85.65
CELL_59602,Epithelial,74.67,27,97.05
CELL_87938,Stem Cell,16.0,7,83.09
CELL_46413,Fibroblast,116.23,38,62.82
CELL_17521,Myocyte,110.34,8,79.65
CELL_62955,Neuron,86.34,23,68.85
CELL_53039,Epithelial,10.61,47,79.25
CELL_98520,Epithelial,12.06,45,63.21
CELL_35988,Leukocyte,9.0,26,74.62
CELL_10944,Neuron,99.99,28,94.35
CELL_45771,Neuron,28.6,26,85.92
CELL_43584,Epithelial,75.01,49,66.25
CELL_93840,Stem Cell,26.14,13,89.88
CELL_39380,Neuron,102.78,8,56.22
CELL_10715,Myocyte,38.59,15,73.73
CELL_86449,Stem Cell,91.45,48,59.22
CELL_98219,Neuron,75.79,31,83.05
CELL_95130,Stem Cell,37.03,36,65.94
CELL_30523,Stem Cell,106.51,27,90.63
CELL_39931,Erythrocyte,117.23,32,58.23
CELL_32068,Erythrocyte,82.79,38,53.86
CELL_78605,Leukocyte,55.35,44,78.82
CELL_37751,Myocyte,114.53,8,55.19
CELL_19324,Epithelial,89.71,16,53.05
CELL_50604,Myocyte,116.09,46,78.06
CELL_23359,Myocyte,35.06,17,96.68
CELL_54531,Erythrocyte,43.83,40,99.21
CELL_39292,Erythrocyte,72.31,32,86.23
CELL_26640,Stem Cell,50.64,8,95.68
CELL_41204,Leukocyte,108.19,34,58.11
CELL_62590,Fibroblast,17.5,43,69.35
CELL_37065,Epithelial,82.83,48,66.78
CELL_97448,Erythrocyte,84.96,25,63.06
CELL_27225,Fibroblast,32.34,49,54.24
CELL_87244,Fibroblast,104.42,12,84.24
CELL_52682,Erythrocyte,112.58,12,69.21
CELL_39649,Leukocyte,47.79,20,55.3
CELL_90752,Neuron,39.87,26,94.56
CELL_52885,Neuron,82.77,31,85.55
CELL_96637,Leukocyte,103.6,34,87.28
CELL_87403,Neuron,47.88,26,85.49
CELL_69034,Neuron,118.27,32,93.31
CELL_42447,Fibroblast,35.58,23,95.38
CELL_53865,Myocyte,18.84,34,72.56
CELL_67249,Fibroblast,109.06,34,88.0
CELL_29035,Stem Cell,18.84,50,96.73
CELL_61242,Epithelial,46.0,11,65.44
CELL_66711,Leukocyte,42.0,36,64.55
CELL_62805,Myocyte,96.17,31,99.15
CELL_88656,Erythrocyte,13.48,46,98.5
CELL_31269,Stem Cell,30.31,40,66.72
CELL_50910,Leukocyte,21.86,38,50.1
CELL_58563,Neuron,113.66,28,87.02
CELL_77905,Neuron,5.88,26,63.3
CELL_26713,Erythrocyte,104.02,44,84.39
CELL_62032,Leukocyte,64.73,5,54.8
CELL_99861,Fibroblast,7.35,5,71.51
CELL_44094,Epithelial,35.05,20,60.45
CELL_47889,Fibroblast,119.76,31,51.12
CELL_53612,Fibroblast,58.77,6,61.77
CELL_31274,Neuron,37.43,29,73.61
CELL_69340,Fibroblast,74.64,31,74.1
CELL_79385,Erythrocyte,57.86,11,52.55
CELL_38029,Stem Cell,24.64,6,87.55
CELL_47246,Epithelial,81.39,43,52.43
CELL_18119,Fibroblast,95.4,11,63.18
CELL_32862,Epithelial,113.78,28,69.18
CELL_98179,Myocyte,107.04,24,58.63
CELL_71324,Epithelial,96.49,47,93.06
CELL_46037,Epithelial,93.53,28,60.71
CELL_71193,Erythrocyte,16.11,30,94.62
CELL_31275,Fibroblast,56.55,6,94.57
CELL_13081,Myocyte,18.43,34,70.48
CELL_35740,Stem Cell,68.8,38,92.65
CELL_24305,Neuron,98.81,31,98.95
CELL_34871,Myocyte,83.86,15,80.27
CELL_88286,Fibroblast,22.14,11,65.49
CELL_52115,Stem Cell,80.27,36,62.32
CELL_34211,Erythrocyte,68.49,20,65.31
CELL_26437,Epithelial,115.21,45,68.92
CELL_26442,Neuron,113.86,29,60.79
CELL_47721,Myocyte,67.78,33,56.69
CELL_53236,Leukocyte,61.81,9,92.3
CELL_12865,Fibroblast,111.22,49,57.95
CELL_77357,Myocyte,78.53,14,81.99
CELL_66958,Neuron,8.54,48,80.25
CELL_46203,Myocyte,51.18,39,61.55
CELL_69934,Neuron,111.59,39,88.39
CELL_35172,Stem Cell,65.18,6,62.9
CELL_68151,Fibroblast,96.59,25,92.63
CELL_18541,Leukocyte,6.48,6,57.5
CELL_59063,Erythrocyte,51.34,28,97.89
CELL_67073,Stem Cell,37.14,15,71.31
CELL_83070,Erythrocyte,65.69,36,67.29
CELL_89627,Neuron,92.51,16,96.88
CELL_21544,Neuron,63.99,23,66.77
CELL_66328,Fibroblast,116.28,35,54.21
CELL_74618,Leukocyte,8.7,11,72.13
CELL_51547,Stem Cell,99.01,22,63.1
CELL_21165,Leukocyte,92.14,49,67.39
CELL_97095,Epithelial,14.73,19,50.69
CELL_19664,Epithelial,113.48,29,73.03
CELL_11218,Neuron,36.03,21,81.94
CELL_98839,Neuron,35.52,6,64.21
CELL_75090,Neuron,6.54,48,79.44
CELL_71274,Stem Cell,76.23,37,50.69
CELL_50730,Epithelial,41.39,10,82.9
CELL_46498,Stem Cell,90.29,50,63.76
CELL_58475,Stem Cell,81.07,17,58.27
CELL_56569,Erythrocyte,37.03,8,65.82
CELL_81554,Erythrocyte,32.11,18,56.91
CELL_44964,Leukocyte,64.73,13,70.57
CELL_60975,Stem Cell,23.38,8,68.71
CELL_64103,Stem Cell,55.6,7,69.46
CELL_32123,Fibroblast,68.48,40,73.23
CELL_77331,Myocyte,83.67,20,54.22
CELL_82389,Neuron,113.97,31,90.54
CELL_16087,Leukocyte,60.55,44,78.63
CELL_74687,Fibroblast,104.98,20,94.96
CELL_94634,Epithelial,54.85,48,59.99
CELL_20351,Leukocyte,8.44,35,53.39
CELL_10029,Myocyte,39.35,36,60.19
CELL_37182,Erythrocyte,101.62,23,83.43
CELL_75009,Stem Cell,103.03,9,99.2
CELL_50193,Neuron,64.88,11,51.21
CELL_49958,Myocyte,45.28,23,51.58
CELL_58426,Fibroblast,27.77,16,55.19
CELL_67842,Stem Cell,118.58,5,72.46
CELL_92321,Stem Cell,30.5,25,82.28
CELL_76136,Leukocyte,106.08,24,63.17
CELL_98156,Myocyte,41.12,45,60.55
CELL_53765,Stem Cell,73.32,37,75.84
CELL_31862,Epithelial,98.8,22,53.91
CELL_12754,Leukocyte,117.69,12,65.27
CELL_68565,Myocyte,54.94,25,60.55
CELL_22320,Stem Cell,58.78,37,98.59
CELL_57856,Stem Cell,7.26,44,92.16
CELL_70256,Myocyte,59.99,46,64.18
CELL_83931,Stem Cell,112.97,27,62.66
CELL_30809,Stem Cell,49.23,14,64.2
CELL_26093,Epithelial,76.29,27,75.7
CELL_42876,Epithelial,27.67,23,75.16
CELL_17437,Stem Cell,62.06,8,83.25
CELL_27981,Erythrocyte,90.43,12,53.75
CELL_50521,Myocyte,28.89,41,51.21
CELL_48604,Stem Cell,52.67,34,69.36
CELL_66246,Stem Cell,73.65,18,82.16
CELL_71300,Fibroblast,98.64,45,83.82
CELL_48999,Myocyte,60.28,23,82.49
CELL_79095,Leukocyte,79.11,50,85.31
CELL_52519,Fibroblast,96.99,21,96.23
CELL_76044,Stem Cell,19.7,34,63.44
CELL_87628,Erythrocyte,50.53,25,80.19
CELL_17636,Erythrocyte,86.65,32,96.33
CELL_64255,Stem Cell,19.92,39,86.21
CELL_52622,Neuron,97.14,35,93.64
CELL_76187,Epithelial,42.16,33,72.55
CELL_55136,Epithelial,44.03,16,54.0
CELL_96729,Neuron,77.8,25,95.04
CELL_38305,Stem Cell,19.11,22,59.85
CELL_47529,Stem Cell,96.51,8,75.35
CELL_20792,Epithelial,27.95,5,88.36
CELL_23629,Fibroblast,89.46,13,86.74
CELL_77560,Stem Cell,18.75,37,97.59
CELL_62930,Leukocyte,75.2,29,95.99
CELL_24435,Leukocyte,39.52,39,77.0
CELL_52883,Neuron,35.99,7,86.24
CELL_67885,Leukocyte,35.68,47,67.2
CELL_49530,Leukocyte,60.54,43,75.43
CELL_68178,Myocyte,112.33,30,73.0
CELL_93963,Erythrocyte,104.92,8,62.86
CELL_92246,Fibroblast,48.23,15,66.82
CELL_35262,Fibroblast,61.41,11,62.2
CELL_96983,Fibroblast,10.47,44,86.0
CELL_52328,Epithelial,54.12,14,78.59
CELL_78724,Myocyte,117.49,20,54.72
CELL_73288,Neuron,32.04,14,62.63
CELL_61849,Fibroblast,93.43,11,97.91
CELL_68523,Leukocyte,106.76,37,69.36
CELL_22742,Fibroblast,113.66,38,51.08
CELL_29917,Neuron,60.24,25,65.46
CELL_15707,Myocyte,42.2,50,77.96
CELL_93138,Fibroblast,92.95,13,62.41
CELL_35938,Neuron,107.5,23,64.54
CELL_40778,Myocyte,106.53,30,72.24
CELL_28513,Epithelial,113.61,10,60.95
CELL_70991,Erythrocyte,97.78,25,89.03
CELL_98557,Neuron,119.63,47,70.48
CELL_44928,Epithelial,50.62,37,88.78
CELL_26535,Epithelial,78.92,30,95.63
CELL_41995,Stem Cell,52.38,33,80.14
CELL_33512,Erythrocyte,20.1,34,55.11
CELL_24850,Leukocyte,56.31,32,99.9
CELL_86611,Myocyte,45.28,45,99.24
CELL_76962,Myocyte,38.72,10,92.96
CELL_82306,Erythrocyte,28.29,49,63.46
CELL_60425,Stem Cell,64.76,32,60.31
CELL_32911,Erythrocyte,18.6,16,99.5
CELL_94330,Stem Cell,21.91,25,94.65
CELL_98801,Epithelial,27.18,8,93.24
CELL_53465,Leukocyte,50.03,6,50.13
CELL_50823,Epithelial,42.93,36,57.04
CELL_71770,Erythrocyte,84.28,6,73.54
CELL_76690,Neuron,14.51,13,59.39
CELL_72053,Erythrocyte,65.88,19,73.17
CELL_25444,Neuron,47.38,24,92.79
CELL_10361,Stem Cell,119.64,24,92.13
CELL_80992,Fibroblast,82.35,26,70.56
CELL_79846,Erythrocyte,71.36,5,51.06
CELL_18284,Neuron,107.46,35,74.36
CELL_58342,Epithelial,14.77,10,66.62
CELL_70465,Erythrocyte,57.84,12,71.53
CELL_73133,Fibroblast,12.53,26,80.47
CELL_78604,Fibroblast,28.96,36,75.7
CELL_93768,Stem Cell,51.97,7,63.58
CELL_59631,Fibroblast,42.52,19,84.25
CELL_74052,Epithelial,37.36,34,62.73
CELL_36979,Leukocyte,98.28,11,77.54
CELL_28940,Myocyte,17.39,8,67.24
CELL_67636,Neuron,10.09,50,97.65
CELL_13002,Neuron,112.17,16,96.23
CELL_82221,Epithelial,97.09,20,73.74
CELL_88656,Epithelial,30.73,38,63.68
CELL_54400,Fibroblast,43.81,11,70.78
CELL_25913,Fibroblast,19.02,44,51.73
CELL_78175,Leukocyte,60.24,44,93.81
CELL_59709,Epithelial,76.03,27,51.53
CELL_53801,Myocyte,80.06,24,62.71
CELL_85123,Epithelial,100.02,38,68.16
CELL_70479,Epithelial,58.28,30,52.83
CELL_83181,Leukocyte,95.25,24,60.68
CELL_69239,Fibroblast,51.3,33,60.53
CELL_94622,Neuron,23.19,50,78.91
CELL_30992,Stem Cell,61.73,31,64.28
CELL_44062,Fibroblast,98.37,24,63.59
CELL_88301,Fibroblast,47.61,26,73.95
CELL_15411,Myocyte,63.79,50,58.23
CELL_87582,Leukocyte,92.04,26,55.05
CELL_35730,Leukocyte,30.96,38,98.5
CELL_95878,Erythrocyte,81.2,38,87.55
CELL_53024,Epithelial,51.51,5,69.04
CELL_63986,Neuron,101.0,42,57.66
CELL_71021,Stem Cell,21.56,19,66.34
CELL_63764,Neuron,110.85,8,99.1
CELL_10456,Neuron,95.98,42,65.84
CELL_60224,Neuron,48.76,50,73.82
CELL_15531,Stem Cell,73.71,39,85.58
CELL_94931,Fibroblast,13.52,47,77.44
CELL_42487,Leukocyte,20.4,48,86.16
CELL_81939,Fibroblast,8.92,28,90.85
CELL_94801,Stem Cell,69.47,6,58.07
CELL_76850,Epithelial,112.33,39,72.89
CELL_22826,Fibroblast,88.96,28,63.71
CELL_36714,Fibroblast,34.23,13,74.83
CELL_97270,Myocyte,50.04,28,87.29
CELL_54713,Leukocyte,96.15,38,87.78
CELL_60255,Neuron,104.18,32,52.6
CELL_12093,Leukocyte,19.19,35,76.81
CELL_48013,Epithelial,74.49,49,83.41
CELL_31811,Fibroblast,117.77,16,57.93
CELL_14030,Epithelial,62.34,8,61.76
CELL_62059,Stem Cell,7.83,5,97.37
CELL_75226,Myocyte,80.09,6,67.89
CELL_68136,Stem Cell,18.43,46,62.6
CELL_26576,Fibroblast,16.83,31,68.88
CELL_90110,Myocyte,58.6,6,74.94
CELL_21211,Fibroblast,94.13,48,79.02
CELL_25743,Epithelial,117.03,43,52.53
CELL_55645,Fibroblast,76.48,16,63.16
CELL_14281,Leukocyte,65.88,9,96.18
CELL_82709,Fibroblast,108.2,16,96.29
CELL_62208,Stem Cell,91.43,5,68.54
CELL_88479,Myocyte,59.32,13,76.42
CELL_61900,Erythrocyte,9.68,33,77.56
CELL_89436,Epithelial,55.67,27,69.08
CELL_18483,Leukocyte,40.8,5,78.27
CELL_15052,Epithelial,102.1,22,54.93
CELL_73470,Myocyte,50.71,33,67.9
CELL_29511,Leukocyte,36.79,6,54.59
CELL_35775,Neuron,83.0,49,69.88
CELL_73572,Myocyte,86.57,9,72.92
CELL_81235,Neuron,38.4,14,72.78
CELL_55124,Stem Cell,40.04,32,54.76
CELL_84913,Epithelial,97.94,24,89.49
CELL_43021,Erythrocyte,5.0,18,62.17
CELL_49657,Myocyte,48.84,38,92.13
CELL_56241,Fibroblast,93.06,10,79.91
CELL_61558,Epithelial,62.47,49,77.26
CELL_74101,Myocyte,118.71,33,83.51
CELL_59764,Fibroblast,29.19,38,92.29
CELL_30890,Erythrocyte,112.4,45,90.93
CELL_48635,Neuron,15.43,40,61.95
CELL_77257,Fibroblast,75.24,39,62.95
CELL_79681,Erythrocyte,18.62,34,76.17
CELL_78362,Neuron,24.13,16,85.18
CELL_83728,Neuron,53.62,5,94.19
CELL_10602,Neuron,72.42,10,57.69
CELL_17920,Stem Cell,94.11,13,65.84
CELL_40989,Stem Cell,79.24,50,55.92
CELL_27222,Stem Cell,87.48,5,94.59
CELL_54258,Stem Cell,82.45,50,62.9
CELL_83648,Erythrocyte,110.07,8,71.85
CELL_35322,Leukocyte,76.87,11,95.61
CELL_21580,Neuron,100.41,6,69.77
CELL_24712,Stem Cell,86.36,20,91.08
CELL_79369,Neuron,89.96,9,53.66
CELL_13573,Leukocyte,51.89,13,85.95
CELL_78608,Epithelial,90.13,48,96.2
CELL_62919,Neuron,87.28,29,59.16
CELL_89059,Stem Cell,27.83,22,59.9
CELL_98998,Leukocyte,34.56,16,89.48
CELL_30160,Erythrocyte,81.39,6,80.31
CELL_43200,Myocyte,99.88,48,97.07
CELL_55706,Fibroblast,86.69,25,87.71
CELL_64727,Leukocyte,113.01,38,83.91
CELL_27591,Neuron,65.78,39,70.17
CELL_82757,Myocyte,24.41,39,86.87
CELL_54269,Fibroblast,42.14,35,79.25
CELL_33160,Leukocyte,104.89,34,90.65
CELL_51613,Myocyte,47.63,17,56.8
CELL_21056,Myocyte,18.36,28,58.95
CELL_45465,Neuron,63.38,5,82.69
CELL_83197,Fibroblast,41.79,13,75.23
CELL_83449,Erythrocyte,74.03,38,92.17
CELL_13335,Fibroblast,51.53,14,98.12
CELL_17288,Erythrocyte,87.88,37,79.73
CELL_18777,Neuron,93.96,21,77.86
CELL_51215,Erythrocyte,114.7,12,96.88
CELL_58221,Epithelial,17.57,30,60.9
CELL_27649,Stem Cell,74.14,42,93.51
CELL_41909,Myocyte,72.57,44,74.34
CELL_24380,Leukocyte,68.42,45,61.81
CELL_60913,Fibroblast,74.14,31,98.18
CELL_36474,Epithelial,92.92,5,91.43
CELL_92594,Leukocyte,27.79,32,74.56
CELL_52190,Erythrocyte,105.06,46,72.59
CELL_71547,Fibroblast,102.07,41,73.89
CELL_49049,Myocyte,29.19,5,72.22
CELL_84335,Myocyte,105.91,25,87.15
CELL_52155,Epithelial,42.29,40,84.91
CELL_43180,Erythrocyte,43.75,32,62.46
CELL_38997,Epithelial,69.55,11,94.46
CELL_10903,Fibroblast,77.84,34,92.6
CELL_52940,Fibroblast,16.11,45,87.51
CELL_99995,Fibroblast,57.97,10,94.33
CELL_82082,Myocyte,110.67,23,88.66
CELL_16369,Myocyte,96.82,8,90.06
CELL_65113,Stem Cell,54.31,50,68.56
CELL_40109,Myocyte,118.65,12,69.92
CELL_99055,Epithelial,17.18,29,52.42
CELL_37076,Leukocyte,97.38,10,85.69
CELL_38152,Fibroblast,29.06,8,67.91
CELL_62397,Leukocyte,28.3,14,75.19
CELL_94697,Myocyte,85.65,35,63.43
CELL_70131,Leukocyte,24.84,6,90.21
CELL_74929,Leukocyte,72.22,13,75.24
CELL_38094,Fibroblast,77.82,49,82.05
CELL_21756,Stem Cell,66.11,29,63.83
CELL_86453,Leukocyte,55.68,13,61.98
CELL_18941,Leukocyte,20.12,21,97.47
CELL_84399,Neuron,113.65,16,54.59
CELL_95384,Neuron,6.48,49,64.38
CELL_59103,Neuron,58.4,18,62.52
CELL_78752,Fibroblast,71.15,6,71.57
CELL_46124,Fibroblast,47.75,46,56.78
CELL_40037,Stem Cell,9.8,21,81.04
CELL_71253,Fibroblast,98.52,13,84.54
CELL_29203,Fibroblast,115.95,18,85.46
CELL_27143,Erythrocyte,32.33,46,74.82
CELL_46598,Epithelial,26.39,16,50.91
CELL_44476,Fibroblast,70.72,19,50.29
CELL_26650,Stem Cell,24.87,40,75.94
CELL_85444,Epithelial,43.8,35,80.73
CELL_38853,Stem Cell,76.29,32,98.91
CELL_20106,Stem Cell,49.34,13,74.52
CELL_99582,Erythrocyte,95.55,26,95.47
CELL_78573,Neuron,65.43,11,62.05
CELL_57056,Epithelial,27.02,8,79.41
CELL_44417,Leukocyte,23.28,22,89.33
CELL_70473,Stem Cell,113.55,19,92.76
CELL_51673,Neuron,45.83,21,60.82
CELL_58653,Myocyte,100.21,44,94.29
CELL_32000,Fibroblast,37.76,9,65.99
CELL_54562,Fibroblast,57.31,28,58.42
CELL_65137,Neuron,29.88,21,72.01
CELL_14535,Fibroblast,25.37,49,67.7
CELL_42012,Neuron,40.53,39,84.72
CELL_88541,Epithelial,83.48,44,61.16
CELL_36281,Neuron,11.27,44,85.84
CELL_90998,Stem Cell,19.21,35,81.11
CELL_12547,Stem Cell,104.28,5,97.33
CELL_61015,Erythrocyte,35.33,38,78.25
CELL_41117,Leukocyte,57.76,25,60.21
CELL_54414,Myocyte,29.96,6,85.48
CELL_56907,Erythrocyte,22.25,15,75.08
CELL_53174,Myocyte,65.08,15,55.75
CELL_36076,Epithelial,56.42,15,51.2
CELL_41009,Neuron,32.82,16,85.88
CELL_77884,Neuron,114.62,28,69.33
CELL_64687,Stem Cell,56.78,20,66.45
CELL_55149,Erythrocyte,17.69,40,65.16
CELL_14884,Fibroblast,86.39,14,62.64
CELL_49414,Myocyte,67.3,19,82.41
CELL_67532,Neuron,61.8,46,98.42
CELL_58781,Stem Cell,19.32,11,73.6
CELL_67951,Myocyte,61.44,10,70.97
CELL_75649,Leukocyte,44.36,44,62.14
CELL_77662,Stem Cell,106.21,18,97.89
CELL_72797,Leukocyte,18.84,28,76.38
CELL_30980,Erythrocyte,118.68,5,69.45
CELL_20724,Erythrocyte,75.19,50,74.01
CELL_16211,Fibroblast,118.71,19,50.86
CELL_41946,Epithelial,7.63,13,81.72
CELL_38452,Epithelial,105.79,37,93.98
CELL_93867,Leukocyte,17.88,5,60.54
CELL_82734,Neuron,48.12,32,65.79
CELL_83118,Fibroblast,7.13,15,94.36
CELL_98621,Myocyte,67.2,32,60.16
CELL_83583,Neuron,9.88,46,57.64
CELL_42474,Leukocyte,96.08,13,71.52
CELL_79560,Leukocyte,79.88,28,87.99
CELL_84661,Epithelial,36.85,21,80.38
CELL_17340,Erythrocyte,82.32,49,62.45
CELL_79263,Neuron,50.48,25,81.42
CELL_46602,Fibroblast,70.52,36,62.72
CELL_60447,Neuron,59.78,35,89.47
CELL_68112,Epithelial,79.46,45,86.35
CELL_57859,Fibroblast,85.63,6,88.31
CELL_31114,Stem Cell,40.35,10,92.94
CELL_43265,Myocyte,117.52,18,70.28
CELL_63710,Leukocyte,15.95,33,74.49
CELL_33347,Leukocyte,72.27,27,63.24
CELL_24567,Neuron,77.93,28,69.87
CELL_85438,Stem Cell,7.31,7,90.86
CELL_81473,Erythrocyte,10.14,47,99.93
CELL_70521,Leukocyte,66.43,33,67.89
CELL_74854,Erythrocyte,105.45,12,59.72
CELL_34769,Neuron,19.66,19,62.4
CELL_79890,Epithelial,68.11,23,65.18
CELL_57891,Myocyte,33.28,29,83.55
CELL_35211,Leukocyte,62.88,31,86.65
CELL_25300,Myocyte,6.18,40,63.91
CELL_99200,Fibroblast,76.84,47,64.48
CELL_96408,Fibroblast,22.33,10,71.09
CELL_34820,Fibroblast,72.33,35,53.74
CELL_97858,Neuron,18.43,13,92.51
CELL_80895,Neuron,10.58,37,77.94
CELL_72571,Neuron,79.67,48,82.11
CELL_58630,Leukocyte,12.68,18,68.5
CELL_78465,Epithelial,25.42,5,69.06
CELL_23511,Fibroblast,111.97,42,80.84
CELL_98334,Fibroblast,11.71,48,92.92
CELL_78406,Fibroblast,64.76,49,70.8
CELL_64840,Myocyte,106.62,29,52.7
CELL_22928,Myocyte,116.99,44,71.57
CELL_95452,Erythrocyte,101.6,15,66.5
CELL_19327,Fibroblast,65.39,33,96.14
CELL_76194,Myocyte,102.5,17,54.24
CELL_56141,Leukocyte,67.47,50,53.27
CELL_64828,Neuron,102.25,20,64.09
CELL_51472,Stem Cell,113.7,42,55.14
CELL_60636,Epithelial,68.95,32,56.9
CELL_23508,Stem Cell,73.91,34,52.73
CELL_53712,Myocyte,11.02,10,58.68
CELL_36309,Leukocyte,106.1,37,69.74
CELL_29427,Myocyte,10.72,12,96.09
CELL_25873,Erythrocyte,44.04,41,79.74
CELL_17419,Leukocyte,19.82,26,60.39
CELL_27299,Epithelial,36.22,36,71.39
CELL_18557,Erythrocyte,113.91,48,91.4
CELL_88575,Erythrocyte,44.52,27,96.52
CELL_24366,Neuron,12.03,10,85.92
CELL_83313,Leukocyte,72.63,30,80.39
CELL_53023,Epithelial,61.68,39,65.79
CELL_96273,Stem Cell,44.54,13,95.58
CELL_22579,Neuron,23.73,34,74.75
CELL_21496,Myocyte,43.54,24,59.95
CELL_16058,Fibroblast,102.79,9,66.43
CELL_77666,Leukocyte,15.48,48,62.27
CELL_95163,Myocyte,116.33,20,88.38
CELL_66940,Erythrocyte,117.97,21,86.41
CELL_56613,Neuron,9.99,29,62.88
CELL_98226,Erythrocyte,8.88,45,68.51
CELL_26592,Erythrocyte,86.6,17,94.3
CELL_95033,Epithelial,86.06,37,64.7
CELL_67227,Erythrocyte,87.98,26,61.0
CELL_78789,Neuron,86.61,48,68.38
CELL_35400,Stem Cell,14.38,23,76.43
CELL_21738,Epithelial,44.2,33,71.6
CELL_78100,Leukocyte,107.84,7,80.88
CELL_60190,Myocyte,43.81,29,64.72
CELL_54863,Epithelial,117.87,37,63.09
CELL_29018,Erythrocyte,101.13,48,99.15
CELL_82010,Leukocyte,79.25,49,51.75
CELL_34925,Neuron,46.25,31,86.42
CELL_27750,Epithelial,78.83,10,75.25
CELL_89370,Fibroblast,48.98,27,64.41
CELL_26263,Leukocyte,92.59,38,78.01
CELL_37326,Myocyte,16.04,23,58.21
CELL_22682,Stem Cell,35.14,12,56.02
CELL_34050,Stem Cell,74.97,42,67.73
CELL_22079,Neuron,27.06,18,92.36
CELL_99558,Fibroblast,50.28,50,92.48
CELL_98420,Erythrocyte,108.56,19,85.32
CELL_38595,Erythrocyte,5.1,11,81.03
CELL_39713,Erythrocyte,79.93,36,76.08
CELL_25801,Fibroblast,98.24,31,59.12
CELL_70052,Fibroblast,89.15,48,51.43
CELL_84280,Stem Cell,115.26,44,83.18
CELL_98298,Epithelial,62.86,31,53.87
CELL_23242,Epithelial,17.03,13,90.83
CELL_57249,Neuron,81.36,11,95.37
CELL_72682,Stem Cell,23.55,10,53.13
CELL_44374,Neuron,102.97,42,68.48
CELL_65576,Stem Cell,116.75,23,92.06
CELL_67061,Neuron,114.53,7,94.83
CELL_64261,Fibroblast,102.2,17,93.33
CELL_25377,Leukocyte,47.62,10,62.12
CELL_43161,Neuron,56.64,42,86.96
CELL_32358,Fibroblast,35.27,50,95.88
CELL_40190,Epithelial,29.81,43,66.05
CELL_73490,Stem Cell,80.41,23,97.4
CELL_44461,Leukocyte,67.48,48,59.91
CELL_85579,Neuron,67.56,39,50.34
CELL_74199,Epithelial,101.57,11,88.72
CELL_31902,Myocyte,109.29,38,51.13
CELL_47253,Neuron,106.27,20,57.01
CELL_85359,Epithelial,103.16,37,90.16
CELL_82328,Leukocyte,17.06,8,64.07
CELL_36592,Leukocyte,112.02,20,66.01
CELL_29988,Erythrocyte,63.91,24,59.54
CELL_66111,Myocyte,73.26,41,82.41
CELL_61083,Neuron,67.15,45,84.93
CELL_46773,Epithelial,112.96,20,57.99
CELL_74208,Leukocyte,54.29,45,59.51
CELL_86415,Epithelial,103.9,13,65.54
CELL_63774,Neuron,56.38,32,64.79
CELL_17044,Epithelial,118.89,18,74.76
CELL_26834,Fibroblast,116.87,14,66.2
CELL_25743,Stem Cell,22.82,34,80.55
CELL_89453,Neuron,95.25,44,58.18
CELL_45567,Myocyte,21.28,8,68.68
CELL_35367,Stem Cell,107.88,18,66.57
CELL_11306,Stem Cell,96.83,8,64.18
CELL_62292,Stem Cell,49.85,13,61.23
CELL_19464,Fibroblast,70.39,50,99.15
CELL_20250,Myocyte,12.98,36,86.45
CELL_11459,Epithelial,91.77,27,54.99
CELL_28151,Erythrocyte,107.98,47,91.02
CELL_64647,Leukocyte,67.21,36,69.44
CELL_74155,Leukocyte,43.04,49,83.01
CELL_99196,Neuron,68.75,50,72.94
CELL_29105,Neuron,51.94,8,93.24
CELL_67103,Erythrocyte,32.39,19,50.26
CELL_50990,Erythrocyte,84.56,29,52.86
CELL_34632,Neuron,84.64,47,96.37
CELL_86387,Stem Cell,47.12,29,65.77
CELL_50182,Myocyte,19.43,45,71.47
CELL_95620,Leukocyte,90.89,30,54.19
CELL_40831,Epithelial,84.96,27,96.35
CELL_47334,Neuron,64.89,20,81.79
CELL_41878,Stem Cell,96.31,47,86.99
CELL_87098,Neuron,14.43,16,96.51
CELL_19602,Neuron,85.97,50,63.95
CELL_12897,Neuron,41.54,25,84.83
CELL_46909,Fibroblast,88.85,12,91.86
CELL_19640,Myocyte,101.25,6,52.51
CELL_35796,Neuron,33.91,6,61.09
CELL_80351,Neuron,48.67,35,50.79
CELL_15785,Epithelial,21.11,12,92.65
CELL_23859,Neuron,115.17,29,53.85
CELL_96500,Erythrocyte,6.92,30,82.73
CELL_82825,Myocyte,93.45,6,71.59
CELL_23676,Stem Cell,35.34,45,79.38
CELL_88916,Neuron,118.85,20,82.16
CELL_39844,Myocyte,72.04,50,90.1
CELL_88562,Fibroblast,6.47,15,58.54
CELL_97500,Stem Cell,21.3,11,67.72
CELL_24947,Leukocyte,29.7,10,78.79
CELL_45409,Neuron,63.42,31,62.32
CELL_55864,Myocyte,81.79,47,61.69
CELL_40976,Fibroblast,19.52,19,79.67
CELL_44026,Leukocyte,109.96,30,54.68
CELL_30313,Leukocyte,57.67,38,85.91
CELL_21165,Leukocyte,103.0,20,66.49
CELL_10863,Erythrocyte,113.24,25,99.53
CELL_14852,Myocyte,49.97,21,97.37
CELL_51922,Erythrocyte,40.82,19,64.57
CELL_32587,Leukocyte,9.18,40,87.14
CELL_86251,Stem Cell,119.99,14,59.45
CELL_84250,Stem Cell,10.41,24,53.15
CELL_49851,Fibroblast,38.55,28,61.48
CELL_26380,Erythrocyte,59.14,21,72.2
CELL_45946,Erythrocyte,71.59,16,75.1
CELL_67758,Leukocyte,60.63,12,69.51
CELL_30403,Erythrocyte,38.61,33,70.8
CELL_12664,Epithelial,31.75,25,51.95
CELL_84970,Stem Cell,101.33,47,95.76
CELL_18626,Leukocyte,35.0,31,56.13
CELL_86251,Erythrocyte,72.42,24,83.18
CELL_88301,Neuron,47.95,47,63.36
CELL_93885,Leukocyte,85.87,45,63.97
CELL_53364,Leukocyte,38.8,8,58.64
CELL_64095,Epithelial,36.11,25,58.68
CELL_95403,Epithelial,89.35,23,69.86
CELL_41010,Leukocyte,58.61,13,77.55
CELL_63355,Erythrocyte,32.5,40,95.35
CELL_58624,Epithelial,106.35,26,72.62
CELL_17496,Neuron,68.49,22,89.76
CELL_56575,Stem Cell,74.36,16,66.18
CELL_87777,Epithelial,28.2,24,52.89
CELL_22957,Leukocyte,14.33,40,94.05
CELL_81057,Erythrocyte,69.27,20,63.31
CELL_25923,Neuron,39.26,6,74.06
CELL_11456,Stem Cell,57.29,28,64.28
CELL_49437,Leukocyte,21.83,16,98.16
CELL_14055,Fibroblast,70.87,31,98.18
CELL_41864,Fibroblast,119.35,9,76.5
CELL_61943,Neuron,108.33,27,92.26
CELL_30440,Leukocyte,23.53,40,55.66
CELL_50288,Leukocyte,88.27,30,59.9
CELL_99907,Leukocyte,80.7,38,93.13
CELL_63941,Fibroblast,37.47,32,88.37
CELL_51238,Erythrocyte,29.87,40,92.52
CELL_95195,Stem Cell,85.08,42,62.55
CELL_42170,Erythrocyte,58.24,21,70.93
CELL_97470,Leukocyte,58.16,7,85.38
CELL_81259,Neuron,71.15,6,77.92
CELL_30527,Leukocyte,90.88,37,90.45
CELL_12211,Epithelial,84.43,30,61.11
CELL_13636,Epithelial,103.6,36,66.39
CELL_71398,Epithelial,42.64,43,66.1
CELL_74064,Epithelial,32.45,28,68.68
CELL_40730,Epithelial,60.65,40,95.16
CELL_80184,Neuron,113.55,50,62.44
CELL_49801,Erythrocyte,66.69,19,52.17
CELL_65673,Leukocyte,18.18,7,75.99
CELL_49228,Leukocyte,11.24,48,76.3
CELL_54114,Neuron,109.42,31,86.58
CELL_56569,Fibroblast,6.63,43,96.27
CELL_19806,Erythrocyte,74.3,13,54.54
CELL_10406,Fibroblast,81.51,45,78.67
CELL_17730,Myocyte,102.57,30,98.45
CELL_89661,Leukocyte,94.99,29,60.63
CELL_49123,Neuron,108.24,36,60.41
CELL_38346,Leukocyte,77.89,8,55.57
CELL_74916,Stem Cell,99.96,8,74.69
CELL_31855,Leukocyte,85.88,22,91.47
CELL_26141,Leukocyte,103.08,28,61.53
CELL_59872,Fibroblast,69.05,5,65.12
CELL_77182,Fibroblast,14.52,43,86.97
CELL_15738,Erythrocyte,42.21,8,80.37
CELL_36278,Myocyte,13.13,48,85.5
CELL_71033,Neuron,98.15,40,75.54
CELL_27543,Epithelial,99.74,5,83.49
CELL_46428,Stem Cell,37.33,10,70.24
CELL_93263,Leukocyte,80.69,49,94.55
CELL_28739,Epithelial,7.4,28,88.65
CELL_89624,Fibroblast,16.3,41,50.81
CELL_86812,Erythrocyte,53.04,48,76.81
CELL_74443,Leukocyte,80.43,18,56.92
CELL_35796,Leukocyte,17.12,14,90.47
CELL_68719,Neuron,56.22,21,58.83
CELL_99556,Leukocyte,56.46,19,76.28
CELL_84745,Neuron,34.3,25,66.63
CELL_27216,Neuron,32.33,49,80.88
CELL_13643,Epithelial,106.64,17,98.3
CELL_74478,Epithelial,82.23,49,53.91
CELL_92068,Fibroblast,82.05,50,53.65
CELL_83890,Leukocyte,66.95,24,81.93
CELL_19469,Leukocyte,8.52,36,76.13
CELL_10338,Leukocyte,28.23,14,80.97
CELL_94554,Stem Cell,69.29,14,85.3
CELL_91785,Leukocyte,47.98,23,75.02
CELL_83658,Neuron,67.06,14,69.19
CELL_42985,Fibroblast,98.35,37,97.11
CELL_25001,Fibroblast,83.32,48,76.45
CELL_29500,Leukocyte,68.13,27,57.71
CELL_20218,Neuron,58.56,22,98.61
CELL_70539,Stem Cell,75.58,10,54.08
CELL_39377,Erythrocyte,28.22,44,92.37
CELL_13584,Stem Cell,39.42,48,99.91
CELL_85840,Neuron,11.45,40,83.85
CELL_98127,Stem Cell,66.38,17,71.78
CELL_20306,Neuron,68.97,36,73.94
CELL_26590,Myocyte,39.13,44,95.22
CELL_14356,Leukocyte,59.67,28,67.54
CELL_23694,Myocyte,54.96,46,91.31
CELL_64060,Epithelial,83.47,24,50.66
CELL_74683,Leukocyte,24.78,7,77.21
CELL_31933,Leukocyte,86.55,38,94.98
CELL_44427,Leukocyte,100.42,22,56.92
CELL_68021,Stem Cell,62.12,37,83.85
CELL_70316,Neuron,77.63,6,65.03
CELL_51599,Leukocyte,42.13,21,92.25
CELL_12628,Leukocyte,11.21,29,72.45
CELL_50201,Epithelial,69.56,31,78.35
CELL_44690,Erythrocyte,105.57,18,57.45
CELL_57359,Epithelial,7.94,14,57.41
CELL_26700,Stem Cell,104.85,40,97.53
CELL_30760,Neuron,18.29,9,93.21
CELL_73468,Fibroblast,70.0,34,66.4
CELL_24121,Leukocyte,81.05,20,63.9
CELL_27887,Erythrocyte,92.83,26,77.2
CELL_11413,Stem Cell,16.3,44,54.69
CELL_57319,Myocyte,107.71,34,61.65
CELL_46602,Neuron,60.54,10,68.95
CELL_90924,Erythrocyte,41.88,37,69.93
CELL_69315,Neuron,98.84,45,69.56
CELL_28003,Neuron,68.61,7,70.48
CELL_23185,Neuron,71.38,19,66.34
CELL_20113,Epithelial,21.24,23,59.05
CELL_58524,Epithelial,108.9,31,93.08
CELL_67355,Leukocyte,100.63,5,92.71
CELL_51465,Stem Cell,61.9,22,72.65
CELL_83297,Epithelial,83.44,19,50.57
CELL_68743,Fibroblast,11.11,6,69.39
CELL_79825,Neuron,29.03,27,58.87
CELL_48135,Myocyte,69.13,50,53.37
CELL_61206,Neuron,26.58,40,99.81
CELL_84837,Fibroblast,67.51,47,92.74
CELL_73617,Stem Cell,78.43,27,94.83
CELL_24253,Leukocyte,67.12,5,93.68
CELL_30439,Stem Cell,104.93,9,78.71
CELL_66833,Epithelial,41.41,42,81.02
CELL_85545,Fibroblast,47.13,29,57.29
CELL_83830,Stem Cell,101.87,22,92.78
CELL_48851,Erythrocyte,33.49,47,66.8
CELL_68310,Stem Cell,98.76,39,87.26
CELL_93577,Leukocyte,29.22,7,81.63
CELL_39430,Epithelial,9.14,49,99.32
CELL_42631,Myocyte,82.45,22,86.66
CELL_37862,Leukocyte,101.1,24,69.36
CELL_16874,Erythrocyte,89.19,15,99.43
CELL_76521,Leukocyte,114.51,33,62.43
CELL_90228,Erythrocyte,7.0,41,50.85
CELL_49154,Stem Cell,66.46,30,60.78
CELL_37771,Epithelial,96.67,16,84.27
CELL_78061,Leukocyte,93.47,49,77.14
CELL_43015,Fibroblast,16.46,37,78.5
CELL_57736,Leukocyte,23.02,42,70.69
CELL_96954,Neuron,22.18,6,90.76
CELL_56102,Epithelial,71.93,49,60.7
CELL_52139,Stem Cell,28.26,47,84.34
CELL_99487,Neuron,65.79,41,78.64
CELL_83994,Epithelial,111.29,48,57.01
CELL_42527,Erythrocyte,50.51,20,92.12
CELL_42225,Erythrocyte,12.87,48,96.07
CELL_70442,Neuron,85.84,41,55.56
CELL_98037,Epithelial,26.83,31,80.39
CELL_39825,Stem Cell,44.28,21,71.8
CELL_62221,Leukocyte,41.83,13,62.32
CELL_50753,Erythrocyte,40.95,10,73.88
CELL_14538,Leukocyte,116.26,45,95.44
CELL_72967,Fibroblast,81.07,40,68.76
CELL_28470,Leukocyte,83.79,22,60.62
CELL_80376,Epithelial,21.14,22,58.02
CELL_77158,Stem Cell,104.29,31,78.17
CELL_48119,Stem Cell,11.47,39,74.06
CELL_20312,Neuron,63.85,24,57.19
CELL_50894,Leukocyte,91.35,45,61.01
CELL_78898,Erythrocyte,117.07,20,77.32
CELL_19960,Myocyte,29.54,34,55.32
CELL_63260,Stem Cell,114.06,19,67.98
CELL_18064,Fibroblast,5.05,5,70.95
CELL_30906,Leukocyte,29.27,48,98.85
CELL_67081,Epithelial,14.53,24,56.87
CELL_18926,Myocyte,73.44,29,86.15
CELL_78143,Erythrocyte,57.34,33,60.26
CELL_62278,Fibroblast,18.09,44,98.04
CELL_95059,Leukocyte,32.07,29,81.54
CELL_15027,Leukocyte,118.14,39,89.23
CELL_17971,Myocyte,68.46,9,64.41
CELL_94114,Neuron,102.66,41,87.08
CELL_15716,Erythrocyte,74.49,26,99.09
CELL_63558,Epithelial,74.29,45,51.7
CELL_68861,Myocyte,66.98,25,92.85
CELL_94250,Erythrocyte,50.11,10,70.28
CELL_41248,Fibroblast,55.73,36,87.95
CELL_27664,Neuron,26.92,10,97.79
CELL_26898,Stem Cell,10.89,8,94.26
CELL_39829,Stem Cell,58.22,35,91.19
CELL_33151,Epithelial,89.34,47,76.51
CELL_32379,Fibroblast,56.11,19,91.51
CELL_33625,Leukocyte,119.98,14,86.38
CELL_15900,Neuron,70.2,34,62.66
CELL_59245,Leukocyte,108.98,44,94.18
CELL_45830,Myocyte,11.49,30,85.48
CELL_58279,Erythrocyte,77.79,31,70.4
CELL_39632,Leukocyte,71.47,41,78.08
CELL_55791,Erythrocyte,42.5,19,90.03
CELL_80538,Epithelial,79.3,23,82.28
CELL_66785,Stem Cell,42.47,18,96.76
CELL_85445,Stem Cell,36.82,8,72.76
CELL_73023,Erythrocyte,16.43,23,99.34
CELL_44715,Fibroblast,56.08,22,67.92
CELL_69325,Fibroblast,115.69,31,52.26
CELL_85156,Stem Cell,89.73,18,81.06
CELL_22437,Stem Cell,116.65,34,55.98
CELL_96813,Epithelial,72.18,42,76.65
CELL_12212,Leukocyte,34.17,47,76.29
CELL_38293,Leukocyte,94.03,47,59.86
CELL_84423,Stem Cell,7.9,34,91.71
CELL_62085,Leukocyte,93.07,12,67.13
CELL_83901,Leukocyte,78.28,17,51.99
CELL_27341,Epithelial,25.29,14,93.24
CELL_95122,Neuron,114.91,7,88.82
CELL_54868,Neuron,22.7,40,68.82
CELL_21126,Neuron,99.11,46,93.74
CELL_89423,Epithelial,83.29,9,82.54
CELL_68260,Epithelial,6.56,38,50.93
CELL_26371,Epithelial,34.17,35,60.79
CELL_85821,Stem Cell,49.85,14,92.2
CELL_52610,Epithelial,74.21,15,77.85
CELL_65176,Erythrocyte,15.8,7,71.62
CELL_80909,Myocyte,83.73,23,92.65
CELL_71721,Stem Cell,24.08,14,50.9
CELL_91547,Myocyte,82.95,14,53.81
CELL_72539,Stem Cell,83.12,6,70.13
CELL_71566,Fibroblast,17.91,41,85.28
CELL_17004,Stem Cell,78.6,42,70.67
CELL_26751,Epithelial,28.29,25,57.39
CELL_74335,Stem Cell,87.47,22,97.76
CELL_55550,Neuron,57.8,16,84.92
CELL_90904,Erythrocyte,71.72,25,50.1
CELL_62681,Fibroblast,18.88,48,69.25
CELL_48001,Epithelial,34.96,25,96.82
CELL_26628,Epithelial,17.03,9,72.6
CELL_91116,Erythrocyte,118.65,27,64.33
CELL_99833,Stem Cell,66.91,14,92.88
CELL_79824,Stem Cell,31.5,50,54.82
CELL_76885,Stem Cell,31.6,50,90.62
CELL_36167,Erythrocyte,40.52,32,70.67
CELL_89923,Epithelial,53.34,24,87.58
CELL_46263,Neuron,92.65,27,57.56
CELL_98383,Stem Cell,53.19,15,86.66
CELL_26728,Leukocyte,54.01,43,62.94
CELL_59244,Epithelial,45.91,7,67.57
CELL_41026,Erythrocyte,33.57,14,89.82
CELL_80508,Erythrocyte,114.46,6,91.98
CELL_89012,Neuron,53.24,35,63.0
CELL_92685,Erythrocyte,68.54,18,72.34
CELL_40565,Myocyte,33.5,23,58.46
CELL_91012,Fibroblast,73.67,34,57.7
CELL_17530,Stem Cell,75.41,30,63.93
CELL_56774,Myocyte,51.9,46,72.82
CELL_99331,Fibroblast,59.38,41,92.57
CELL_39008,Stem Cell,100.4,39,55.4
CELL_52327,Stem Cell,62.24,22,70.06
CELL_91891,Epithelial,72.67,17,68.5
CELL_69808,Neuron,14.73,44,96.31
CELL_91366,Stem Cell,85.19,46,88.24
CELL_16437,Stem Cell,97.17,18,81.25
CELL_32251,Epithelial,92.8,19,91.51
CELL_88158,Stem Cell,99.84,11,56.62
CELL_30204,Stem Cell,32.09,38,64.59
CELL_34564,Fibroblast,30.26,23,59.96
CELL_26972,Myocyte,96.15,27,75.28
CELL_75902,Stem Cell,5.1,17,70.77
CELL_63301,Leukocyte,65.85,36,77.63
CELL_92129,Erythrocyte,16.02,44,86.02
CELL_53692,Neuron,41.48,34,97.71
CELL_60785,Stem Cell,46.15,36,66.37
CELL_11128,Epithelial,103.34,46,62.04
CELL_40761,Erythrocyte,53.95,34,63.9
CELL_21947,Myocyte,67.83,42,61.7
CELL_35326,Leukocyte,88.35,7,64.65
CELL_70729,Fibroblast,106.24,25,64.52
CELL_87011,Leukocyte,113.55,48,69.78
CELL_27914,Fibroblast,117.55,16,79.97
CELL_88553,Leukocyte,27.74,16,56.56
CELL_28661,Fibroblast,50.82,9,56.09
CELL_34357,Stem Cell,8.28,6,71.35
CELL_18169,Neuron,68.31,33,74.04
CELL_77975,Stem Cell,102.28,36,64.86
CELL_24992,Leukocyte,10.09,5,64.28
CELL_12472,Stem Cell,94.76,27,97.36
CELL_76489,Stem Cell,89.37,13,81.71
CELL_12401,Myocyte,62.17,22,83.16
CELL_30502,Neuron,101.04,6,70.75
CELL_91214,Erythrocyte,113.45,9,74.48
CELL_35674,Neuron,88.88,48,91.49
CELL_86473,Epithelial,7.88,8,88.85
CELL_62866,Neuron,16.63,30,59.33
CELL_34855,Neuron,17.16,24,54.16
CELL_44393,Stem Cell,46.94,39,85.64
CELL_90392,Epithelial,57.46,5,54.98
CELL_33604,Myocyte,48.71,46,53.97
CELL_88718,Neuron,109.99,28,87.47
CELL_83180,Fibroblast,73.04,40,95.42
CELL_14671,Epithelial,9.59,21,71.65
CELL_94284,Stem Cell,25.06,5,96.29
CELL_63687,Epithelial,108.57,22,53.75
CELL_17085,Epithelial,90.31,26,74.12
CELL_20074,Neuron,99.88,15,91.31
CELL_76228,Erythrocyte,51.31,24,95.5
CELL_15505,Leukocyte,82.0,9,76.66
CELL_22779,Fibroblast,23.56,11,68.35
CELL_78766,Erythrocyte,63.66,47,89.95
CELL_60224,Neuron,35.31,29,71.09
CELL_57876,Epithelial,22.0,47,94.5
CELL_51294,Leukocyte,31.63,7,61.2
CELL_81931,Stem Cell,100.57,32,99.42
CELL_13412,Leukocyte,65.58,11,71.18
CELL_53248,Leukocyte,5.45,44,58.47
CELL_26850,Stem Cell,113.25,18,61.61
CELL_29271,Leukocyte,32.87,22,77.06
CELL_96685,Epithelial,9.89,18,74.58
CELL_64759,Erythrocyte,78.22,49,98.19
CELL_29754,Erythrocyte,103.6,25,93.56
CELL_14787,Myocyte,36.2,13,86.85
CELL_46877,Erythrocyte,44.46,19,56.12
CELL_62159,Myocyte,65.03,18,99.22
CELL_16394,Erythrocyte,101.21,37,65.39
CELL_42022,Epithelial,72.63,5,71.82
CELL_97695,Leukocyte,6.94,28,56.36
CELL_45509,Fibroblast,51.52,41,91.64
CELL_13934,Myocyte,95.31,36,95.68
CELL_69662,Leukocyte,70.27,25,59.16
CELL_73872,Fibroblast,11.17,7,75.59
CELL_16977,Stem Cell,14.73,21,95.99
CELL_24779,Erythrocyte,19.07,47,76.03
CELL_34252,Epithelial,74.26,27,73.99
CELL_82426,Epithelial,12.0,30,59.65
CELL_71055,Erythrocyte,33.15,16,81.67
CELL_39553,Fibroblast,69.38,25,72.56
CELL_46955,Neuron,119.51,49,70.23
CELL_73962,Neuron,24.57,7,50.39
CELL_61990,Fibroblast,41.26,21,92.98
CELL_60357,Fibroblast,114.37,47,91.78
CELL_10037,Leukocyte,83.82,30,80.24
CELL_54123,Neuron,58.53,11,51.01
CELL_28519,Neuron,35.45,42,84.88
CELL_81260,Epithelial,79.11,8,53.98
CELL_43789,Leukocyte,49.99,29,72.06
CELL_60125,Erythrocyte,97.94,12,87.54
CELL_99262,Stem Cell,29.68,35,56.37
CELL_77710,Leukocyte,106.03,44,59.16
CELL_57766,Myocyte,103.34,21,84.77
CELL_91047,Fibroblast,67.86,22,86.7
CELL_56546,Leukocyte,72.34,47,75.93
CELL_37588,Leukocyte,77.22,34,98.71
CELL_42543,Leukocyte,55.27,46,98.29
CELL_93933,Myocyte,54.57,24,67.95
CELL_29821,Stem Cell,56.06,40,59.33
CELL_97926,Fibroblast,14.58,16,83.94
CELL_44897,Stem Cell,35.99,11,93.45
CELL_86007,Epithelial,88.88,48,57.27
CELL_46896,Fibroblast,78.84,31,94.62
CELL_33332,Epithelial,78.31,42,73.85
CELL_17311,Stem Cell,46.79,6,82.19
CELL_66148,Stem Cell,69.88,45,64.63
CELL_18574,Epithelial,7.69,13,59.53
CELL_76043,Leukocyte,38.49,10,69.01
CELL_54304,Stem Cell,85.69,28,56.71
CELL_48937,Neuron,13.96,9,90.8
CELL_39812,Neuron,29.41,6,90.16
CELL_15018,Erythrocyte,46.58,31,68.3
CELL_63396,Neuron,36.52,35,53.73
CELL_95664,Erythrocyte,67.06,42,80.5
CELL_65323,Erythrocyte,107.0,44,97.53
CELL_54066,Leukocyte,59.73,25,81.12
CELL_49229,Erythrocyte,27.14,6,52.63
CELL_59530,Epithelial,48.68,44,73.4
CELL_88871,Myocyte,94.49,33,95.38
CELL_29191,Fibroblast,100.63,24,52.34
CELL_94726,Epithelial,31.01,13,83.64
CELL_67340,Epithelial,87.51,35,95.07
CELL_56516,Myocyte,117.21,6,96.38
CELL_58769,Epithelial,19.98,16,68.68
CELL_49346,Stem Cell,107.07,10,68.95
CELL_60900,Erythrocyte,38.14,45,66.88
CELL_78789,Leukocyte,54.67,35,71.51
CELL_89442,Fibroblast,28.94,45,53.5
CELL_35778,Stem Cell,51.61,42,79.43
CELL_77525,Fibroblast,71.03,14,98.39
CELL_33937,Myocyte,83.26,35,97.46
CELL_94120,Epithelial,42.41,10,87.07
CELL_96784,Leukocyte,5.83,13,86.35
CELL_21196,Myocyte,95.24,37,73.26
CELL_31726,Leukocyte,29.57,47,79.37
CELL_13042,Erythrocyte,71.83,5,98.5
CELL_79354,Leukocyte,61.3,18,73.99
CELL_49109,Fibroblast,28.57,33,55.52
CELL_52248,Leukocyte,30.4,13,61.5
CELL_32531,Leukocyte,71.06,28,76.82
CELL_91225,Fibroblast,112.34,12,88.72
CELL_17664,Neuron,17.7,11,92.47
CELL_50522,Leukocyte,17.61,36,93.68
CELL_38686,Myocyte,38.28,20,81.82
CELL_42899,Neuron,106.99,39,88.27
CELL_76996,Neuron,74.7,29,50.78
CELL_90591,Epithelial,45.52,36,88.3
CELL_97292,Myocyte,66.73,21,69.6
CELL_21029,Epithelial,107.59,20,70.92
CELL_94982,Epithelial,31.55,8,69.84
CELL_49198,Myocyte,37.22,38,69.03
CELL_25895,Stem Cell,11.1,7,50.19
CELL_26410,Myocyte,15.93,18,60.31
CELL_70089,Erythrocyte,102.92,32,64.26
CELL_83740,Neuron,61.69,35,62.81
CELL_63883,Fibroblast,39.66,12,58.37
CELL_32147,Fibroblast,47.83,33,62.73
CELL_31545,Myocyte,26.0,50,53.12
CELL_80014,Fibroblast,105.64,40,64.85
CELL_50973,Erythrocyte,102.96,46,62.69
CELL_27202,Neuron,50.33,16,82.68
CELL_13726,Stem Cell,50.23,43,92.35
CELL_97626,Leukocyte,117.75,13,95.89
CELL_74619,Stem Cell,62.09,13,72.67
CELL_82773,Neuron,27.0,48,59.64
CELL_61266,Leukocyte,103.9,42,76.28
CELL_44220,Leukocyte,116.34,30,66.68
CELL_83886,Stem Cell,112.45,39,71.56
CELL_87906,Fibroblast,70.81,8,71.37
CELL_67639,Myocyte,53.07,24,94.61
CELL_90895,Neuron,43.31,24,73.34
CELL_28822,Erythrocyte,6.62,21,75.19
CELL_36661,Epithelial,85.12,43,87.49
CELL_22164,Fibroblast,105.34,42,88.44
CELL_77884,Epithelial,85.89,49,65.11
CELL_24887,Stem Cell,109.89,41,88.15
CELL_77097,Erythrocyte,95.4,46,50.18
CELL_35852,Erythrocyte,9.69,45,56.09
CELL_26353,Epithelial,46.97,21,84.75
CELL_69808,Neuron,54.27,38,99.92
CELL_41309,Leukocyte,109.75,9,81.38
CELL_31671,Epithelial,88.19,43,95.07
CELL_41726,Stem Cell,48.62,40,69.72
CELL_81645,Neuron,109.9,36,74.75
CELL_36539,Stem Cell,100.39,28,75.94
CELL_41120,Erythrocyte,98.0,47,59.31
CELL_74751,Leukocyte,26.78,33,78.28
CELL_29704,Epithelial,78.0,17,81.38
CELL_51713,Myocyte,20.48,35,50.9
CELL_14704,Neuron,40.58,49,83.93
CELL_68901,Myocyte,59.6,16,98.24
CELL_77360,Neuron,77.19,12,84.41
CELL_89320,Neuron,30.66,43,57.68
CELL_16100,Myocyte,75.2,45,59.82
CELL_90955,Myocyte,100.15,12,59.09
CELL_40059,Epithelial,64.56,42,82.55
CELL_83279,Leukocyte,47.67,26,82.98
CELL_42025,Fibroblast,46.25,28,72.46
CELL_74797,Erythrocyte,46.25,10,71.01
CELL_27142,Leukocyte,16.34,48,67.39
CELL_21790,Leukocyte,14.27,13,50.75
CELL_30327,Stem Cell,53.28,49,72.18
CELL_77390,Stem Cell,94.42,12,95.53
CELL_94206,Stem Cell,74.74,18,76.27
CELL_88151,Fibroblast,53.98,47,60.52
CELL_21780,Epithelial,94.76,31,72.91
CELL_93722,Fibroblast,62.84,41,90.72
CELL_78191,Stem Cell,44.3,15,76.01
CELL_34844,Fibroblast,66.04,33,81.33
CELL_32357,Myocyte,116.52,50,52.55
CELL_11021,Erythrocyte,25.48,38,87.92
CELL_67933,Fibroblast,8.37,23,90.23
CELL_20860,Erythrocyte,46.2,41,93.7
CELL_14701,Erythrocyte,13.14,50,92.91
CELL_76175,Erythrocyte,112.8,48,73.34
CELL_38153,Neuron,91.46,7,68.69
CELL_71868,Stem Cell,92.81,17,80.97
CELL_55440,Myocyte,36.41,15,60.9
CELL_20724,Epithelial,55.77,6,58.39
CELL_61712,Erythrocyte,110.82,11,56.57
CELL_33038,Epithelial,13.04,14,50.74
CELL_73273,Myocyte,45.9,24,66.56
CELL_38472,Leukocyte,38.53,43,59.46
CELL_36003,Myocyte,97.04,28,72.56
CELL_89758,Fibroblast,14.2,49,61.63
CELL_83200,Neuron,61.36,46,59.44
CELL_53395,Fibroblast,38.55,44,99.09
CELL_90758,Myocyte,107.69,27,73.99
CELL_63149,Leukocyte,76.97,45,96.23
CELL_98911,Epithelial,29.93,11,68.12
CELL_61395,Epithelial,82.83,30,60.96
CELL_69948,Neuron,29.89,39,81.52
CELL_24151,Epithelial,80.66,21,65.48
CELL_12866,Epithelial,5.52,29,89.83
CELL_97126,Leukocyte,104.46,5,80.27
CELL_67638,Fibroblast,100.01,34,60.09
CELL_19541,Myocyte,42.22,20,96.87
CELL_94391,Myocyte,32.63,38,58.08
CELL_95740,Erythrocyte,30.81,37,84.87
CELL_39729,Fibroblast,42.47,5,87.57
CELL_70226,Erythrocyte,55.96,10,52.54
CELL_53539,Erythrocyte,56.42,14,99.15
CELL_71926,Neuron,78.71,14,62.7
CELL_19995,Epithelial,47.57,34,56.27
CELL_87431,Stem Cell,61.07,24,83.68
CELL_14782,Erythrocyte,88.52,42,66.24
CELL_66176,Stem Cell,16.45,18,59.06
CELL_30545,Leukocyte,81.94,11,59.8
CELL_67108,Epithelial,58.1,21,95.13
CELL_84953,Epithelial,72.52,38,72.48
CELL_80356,Leukocyte,62.98,12,54.16
CELL_76508,Leukocyte,33.33,36,66.19
CELL_45566,Epithelial,74.16,31,92.98
CELL_11318,Myocyte,41.26,19,63.93
CELL_35533,Fibroblast,16.53,14,94.48
CELL_68531,Neuron,52.99,29,89.49
CELL_75098,Neuron,23.51,25,87.74
CELL_19481,Epithelial,32.75,10,85.94
CELL_47812,Leukocyte,38.92,23,50.29
CELL_68986,Leukocyte,95.43,40,52.97
CELL_97947,Leukocyte,103.03,16,90.63
CELL_67559,Leukocyte,35.64,49,57.0
CELL_50030,Stem Cell,64.65,24,61.71
CELL_57617,Erythrocyte,51.98,22,66.37
CELL_29263,Neuron,26.52,20,60.34
CELL_80161,Epithelial,7.25,33,76.2
CELL_81334,Stem Cell,27.34,50,65.13
CELL_31115,Epithelial,78.81,16,91.56
CELL_78227,Leukocyte,33.46,12,55.52
CELL_45520,Erythrocyte,112.56,21,65.58
CELL_14227,Leukocyte,74.29,28,60.03
CELL_64031,Neuron,48.25,13,78.55
CELL_52379,Neuron,95.85,32,99.51
CELL_96392,Myocyte,90.53,38,97.23
CELL_46637,Erythrocyte,7.87,27,50.71
CELL_12445,Myocyte,113.56,6,64.65
CELL_47118,Leukocyte,67.81,13,81.93
CELL_51544,Neuron,81.37,44,93.51
CELL_20439,Epithelial,56.84,33,69.57
CELL_18254,Myocyte,26.12,7,84.45
CELL_62195,Epithelial,93.61,38,99.73
CELL_43297,Epithelial,62.69,50,70.89
CELL_79032,Stem Cell,104.1,24,60.51
CELL_44054,Neuron,108.83,40,83.59
CELL_81996,Myocyte,79.68,27,55.75
CELL_18391,Neuron,24.28,39,70.27
CELL_35009,Leukocyte,99.42,15,82.24
CELL_56873,Erythrocyte,66.48,17,60.03
CELL_12569,Erythrocyte,28.22,26,50.85
CELL_29672,Leukocyte,67.03,41,82.33
CELL_67447,Erythrocyte,98.0,21,76.4
CELL_30018,Erythrocyte,6.94,28,77.15
CELL_77162,Neuron,46.47,42,52.53
CELL_61541,Stem Cell,79.55,38,75.55
CELL_90584,Fibroblast,98.29,19,97.15
CELL_37626,Fibroblast,43.71,11,61.47
CELL_87910,Neuron,56.07,5,57.66
CELL_62294,Erythrocyte,77.99,17,51.06
CELL_16372,Epithelial,23.04,15,73.22
CELL_22581,Neuron,117.5,48,54.99
CELL_13278,Neuron,7.13,42,91.96
CELL_31429,Fibroblast,102.87,31,95.16
CELL_92975,Epithelial,39.41,29,77.02
CELL_61559,Neuron,9.8,5,51.34
CELL_12719,Myocyte,12.85,26,63.22
CELL_38171,Fibroblast,90.37,46,53.77
CELL_61845,Neuron,46.69,8,61.15
CELL_73571,Epithelial,6.23,19,79.2
CELL_31839,Stem Cell,97.87,49,63.8
CELL_74382,Fibroblast,67.11,39,88.87
CELL_70318,Epithelial,66.81,47,58.02
CELL_76586,Myocyte,47.58,29,89.43
CELL_68418,Neuron,50.18,43,75.02
CELL_49498,Leukocyte,112.01,11,87.8
CELL_48865,Epithelial,31.06,12,88.41
CELL_71823,Fibroblast,43.19,14,97.77
CELL_78143,Erythrocyte,86.72,40,79.6
CELL_33428,Erythrocyte,51.67,18,52.09
CELL_58524,Leukocyte,23.98,5,74.41
CELL_42522,Leukocyte,81.28,26,72.89
CELL_33356,Epithelial,64.8,34,50.57
CELL_73242,Myocyte,79.85,29,55.89
CELL_89656,Myocyte,46.0,31,90.0
CELL_86909,Stem Cell,7.99,33,94.25
CELL_18211,Epithelial,31.18,6,63.08
CELL_36246,Neuron,65.3,27,83.02
CELL_98942,Myocyte,11.19,11,91.68
CELL_10519,Leukocyte,77.99,9,75.72
CELL_55007,Stem Cell,48.45,8,98.61
CELL_31766,Stem Cell,78.52,40,53.54
CELL_82583,Erythrocyte,37.19,10,84.96
CELL_53974,Stem Cell,93.36,17,92.18
CELL_40688,Neuron,77.79,39,90.17
CELL_47276,Leukocyte,25.35,15,67.46
CELL_37548,Leukocyte,33.98,5,79.75
CELL_18121,Epithelial,64.21,37,98.15
CELL_84145,Neuron,106.73,24,86.51
CELL_13222,Fibroblast,34.53,6,76.54
CELL_30136,Stem Cell,13.5,8,95.19
CELL_19268,Erythrocyte,52.74,13,90.74
CELL_79431,Stem Cell,111.81,37,68.14
CELL_72345,Fibroblast,22.57,24,51.53
CELL_20790,Epithelial,92.38,35,77.36
CELL_85378,Erythrocyte,96.51,31,84.74
CELL_65996,Fibroblast,62.6,17,69.41
CELL_11408,Epithelial,73.71,21,97.85
CELL_92605,Fibroblast,21.68,14,71.03
CELL_47664,Fibroblast,35.55,39,55.37
CELL_42984,Leukocyte,25.3,30,75.81
CELL_95814,Fibroblast,60.49,25,64.52
CELL_27674,Leukocyte,17.29,46,78.51
CELL_72875,Stem Cell,113.4,17,95.51
CELL_93032,Leukocyte,39.91,10,72.45
CELL_76565,Myocyte,34.57,34,75.32
CELL_75444,Leukocyte,84.06,11,72.82
CELL_25899,Myocyte,43.07,11,54.82
CELL_11088,Stem Cell,78.11,17,66.72
CELL_61484,Myocyte,22.33,43,90.48
CELL_25432,Epithelial,32.08,24,69.83
CELL_50008,Myocyte,110.49,7,72.4
CELL_17117,Neuron,82.3,42,67.22
CELL_84776,Stem Cell,119.5,7,85.7
CELL_61581,Fibroblast,84.33,25,75.48
CELL_52941,Erythrocyte,59.14,31,90.79
CELL_33937,Neuron,76.79,24,68.51
CELL_52809,Epithelial,55.75,22,65.68
CELL_56447,Epithelial,76.14,39,62.94
CELL_58213,Stem Cell,64.46,35,63.47
CELL_30867,Leukocyte,47.44,39,65.07
CELL_91187,Erythrocyte,108.13,32,56.11
CELL_20222,Fibroblast,7.12,24,56.26
CELL_26304,Epithelial,42.77,17,62.47
CELL_51246,Erythrocyte,71.27,23,67.11
CELL_43941,Fibroblast,82.77,33,97.28
CELL_16366,Leukocyte,52.1,11,69.51
CELL_61758,Leukocyte,37.97,35,55.41
CELL_32973,Neuron,64.94,17,96.55
CELL_80908,Neuron,43.5,35,50.35
CELL_76941,Myocyte,14.3,8,56.04
CELL_10920,Erythrocyte,45.66,33,69.8
CELL_57885,Fibroblast,65.83,22,87.48
CELL_79810,Stem Cell,112.06,32,57.49
CELL_68713,Stem Cell,38.55,6,67.49
CELL_21911,Fibroblast,52.57,22,97.75
CELL_48342,Epithelial,75.29,40,60.59
CELL_95316,Epithelial,112.84,21,70.65
CELL_36509,Stem Cell,47.8,7,52.37
CELL_11784,Stem Cell,10.37,41,56.63
CELL_60986,Leukocyte,9.43,9,65.27
CELL_73775,Stem Cell,99.52,33,55.8
CELL_18966,Neuron,45.83,34,83.56
CELL_77364,Epithelial,119.81,18,79.75
CELL_32448,Stem Cell,29.15,42,61.43
CELL_61964,Leukocyte,23.04,8,58.48
CELL_77541,Stem Cell,35.16,7,76.82
CELL_50803,Erythrocyte,26.82,11,98.16
CELL_17999,Leukocyte,11.11,37,70.57
CELL_47902,Neuron,113.29,39,64.13
CELL_61856,Fibroblast,91.24,45,59.35
CELL_34627,Myocyte,68.83,7,60.87
CELL_10800,Leukocyte,71.12,37,92.06
CELL_93412,Leukocyte,37.65,22,69.92
CELL_13133,Neuron,83.02,47,91.06
CELL_75503,Leukocyte,29.58,7,75.66
CELL_33094,Fibroblast,57.63,40,70.96
CELL_15829,Leukocyte,19.56,44,92.71
CELL_11120,Leukocyte,92.65,22,52.11
CELL_33909,Stem Cell,84.34,10,88.01
CELL_12662,Myocyte,112.15,37,72.53
CELL_35647,Epithelial,15.9,41,64.91
CELL_51518,Stem Cell,71.05,31,69.25
CELL_61807,Leukocyte,82.98,18,92.74
CELL_77907,Erythrocyte,64.58,16,77.17
CELL_37937,Epithelial,84.76,49,86.71
CELL_18722,Neuron,8.68,15,84.83
CELL_84342,Stem Cell,32.04,9,74.17
CELL_87918,Fibroblast,96.99,10,72.51
CELL_65224,Stem Cell,21.61,30,81.68
CELL_68399,Fibroblast,14.15,7,97.1
CELL_43714,Leukocyte,18.62,9,64.8
CELL_70952,Leukocyte,87.19,17,56.47
CELL_29098,Stem Cell,23.92,22,64.69
CELL_16264,Neuron,86.49,37,83.85
CELL_55973,Epithelial,7.6,42,64.24
CELL_64682,Fibroblast,119.64,11,78.37
CELL_89522,Stem Cell,43.06,11,91.66
CELL_86961,Leukocyte,66.04,46,52.88
CELL_79780,Myocyte,5.38,22,85.17
CELL_90474,Epithelial,117.81,9,96.59
CELL_98394,Leukocyte,8.87,28,50.42
CELL_22942,Erythrocyte,101.04,46,55.11
CELL_58330,Myocyte,11.3,31,58.07
CELL_34279,Stem Cell,109.31,19,83.1
CELL_92626,Erythrocyte,105.49,5,91.63
CELL_37439,Neuron,114.41,10,87.53
CELL_94329,Myocyte,51.88,39,76.91
CELL_34816,Neuron,40.17,27,54.3
CELL_17847,Erythrocyte,96.38,8,64.28
CELL_44156,Neuron,76.32,5,87.74
CELL_75207,Neuron,50.96,38,77.1
CELL_90119,Erythrocyte,30.54,37,51.71
CELL_45222,Neuron,18.44,8,81.52
CELL_55674,Fibroblast,30.78,26,85.21
CELL_16613,Myocyte,52.68,48,67.14
CELL_19246,Neuron,39.64,19,95.87
CELL_92531,Stem Cell,81.03,41,51.4
CELL_70435,Stem Cell,7.04,50,86.65
CELL_59370,Erythrocyte,43.83,34,79.92
CELL_92158,Neuron,98.46,49,55.19
CELL_26803,Stem Cell,82.05,15,77.04
CELL_31662,Erythrocyte,98.96,48,58.02
CELL_30930,Epithelial,6.31,28,53.14
CELL_48877,Erythrocyte,18.93,14,57.44
CELL_76779,Myocyte,98.39,38,69.59
CELL_91792,Leukocyte,102.42,9,50.03
CELL_64155,Neuron,70.32,30,55.31
CELL_54556,Erythrocyte,8.57,47,57.48
CELL_85045,Leukocyte,23.73,39,65.8
CELL_36084,Epithelial,57.69,23,63.0
CELL_99222,Epithelial,40.75,35,99.74
CELL_86355,Fibroblast,36.49,12,61.01
CELL_49104,Erythrocyte,48.71,22,83.44
CELL_52569,Myocyte,60.12,37,50.8
CELL_18066,Erythrocyte,65.16,18,67.24
CELL_67508,Stem Cell,32.31,48,95.52
CELL_29044,Fibroblast,119.78,14,63.67
CELL_58353,Stem Cell,13.84,30,93.58
CELL_65468,Fibroblast,77.1,44,65.87
CELL_63213,Stem Cell,19.87,14,91.58
CELL_30908,Epithelial,77.31,31,87.55
CELL_96258,Leukocyte,74.8,30,82.85
CELL_53154,Erythrocyte,89.49,11,88.55
CELL_27382,Neuron,104.78,5,66.14
CELL_39110,Erythrocyte,68.49,24,77.61
CELL_39294,Fibroblast,34.87,45,53.66
CELL_92679,Neuron,8.36,31,62.05
CELL_56987,Leukocyte,82.43,16,86.63
CELL_15247,Fibroblast,6.76,45,52.8
CELL_39784,Fibroblast,37.14,40,77.57
CELL_12176,Epithelial,46.44,45,58.63
CELL_28258,Fibroblast,40.46,25,72.72
CELL_96334,Fibroblast,54.72,6,93.43
CELL_20096,Leukocyte,7.34,37,89.75
CELL_91503,Fibroblast,10.62,43,88.79
CELL_37121,Fibroblast,75.16,50,50.4
CELL_97516,Fibroblast,72.04,44,54.5
CELL_48110,Epithelial,37.64,34,69.58
CELL_28478,Stem Cell,29.96,9,74.69
CELL_93546,Erythrocyte,9.49,13,67.68
CELL_49529,Neuron,98.0,24,83.5
CELL_72006,Fibroblast,94.67,43,67.73
CELL_25865,Neuron,119.25,15,85.04
CELL_17812,Leukocyte,40.53,45,72.72
CELL_55906,Erythrocyte,60.67,18,58.05
CELL_74090,Myocyte,75.59,5,79.13
CELL_79987,Myocyte,10.16,17,55.04
CELL_43164,Neuron,64.43,49,74.19
CELL_14400,Epithelial,63.07,31,76.8
CELL_40551,Fibroblast,79.21,29,66.1
CELL_67758,Fibroblast,27.12,20,88.71
CELL_65154,Myocyte,98.78,6,89.82
CELL_90366,Erythrocyte,65.6,20,65.91
CELL_67302,Neuron,54.8,31,77.44
CELL_10401,Stem Cell,82.09,16,70.27
CELL_86494,Myocyte,104.68,8,91.53
CELL_40976,Neuron,75.93,6,53.36
CELL_41175,Fibroblast,93.98,49,51.21
CELL_82615,Leukocyte,119.41,21,74.84
CELL_24401,Epithelial,98.32,46,92.76
CELL_58679,Epithelial,107.58,23,88.5
CELL_19030,Epithelial,54.56,36,70.54
CELL_42663,Stem Cell,66.79,34,73.37
CELL_77475,Neuron,57.37,32,83.82
CELL_78178,Erythrocyte,97.65,25,87.63
CELL_25685,Neuron,22.89,7,74.96
CELL_55447,Myocyte,91.78,16,70.19
CELL_18624,Neuron,97.77,6,95.44
CELL_25370,Neuron,24.59,7,62.1
CELL_24533,Leukocyte,12.14,44,75.58
CELL_72422,Epithelial,51.93,18,52.7
CELL_60358,Erythrocyte,118.61,8,70.99
CELL_66807,Fibroblast,28.98,39,67.98
CELL_59873,Erythrocyte,67.51,21,80.23
CELL_97373,Fibroblast,115.67,16,96.14
CELL_47091,Myocyte,102.33,13,62.77
CELL_33516,Epithelial,23.84,37,81.41
CELL_31595,Myocyte,82.8,23,51.96
CELL_59611,Myocyte,62.56,37,77.89
CELL_17521,Myocyte,42.7,25,54.94
CELL_68832,Erythrocyte,83.9,42,62.46
CELL_34108,Leukocyte,10.97,22,95.88
CELL_68263,Neuron,112.1,33,67.3
CELL_51690,Leukocyte,8.97,31,93.59
CELL_46425,Neuron,72.79,44,53.78
CELL_24891,Neuron,72.01,47,58.02
CELL_56697,Myocyte,103.11,28,84.78
CELL_19367,Neuron,15.07,32,67.96
CELL_86348,Stem Cell,62.57,9,92.94
CELL_72464,Erythrocyte,68.77,20,63.12
CELL_87580,Myocyte,31.92,49,66.3
CELL_58641,Erythrocyte,86.94,25,88.67
CELL_68967,Myocyte,31.17,33,53.22
CELL_24363,Stem Cell,60.98,29,86.66
CELL_46615,Stem Cell,21.63,39,56.02
CELL_84623,Neuron,66.91,9,74.03
CELL_86969,Fibroblast,102.04,30,63.53
CELL_61512,Neuron,109.72,34,55.42
CELL_77247,Stem Cell,50.97,11,59.12
CELL_67029,Epithelial,21.3,19,66.53
CELL_22627,Leukocyte,81.46,32,94.19
CELL_70841,Leukocyte,14.67,26,87.89
CELL_28623,Erythrocyte,14.87,12,87.99
CELL_44698,Erythrocyte,66.19,15,59.21
CELL_12782,Myocyte,65.14,27,54.18
CELL_95979,Neuron,32.92,8,92.12
CELL_60254,Myocyte,116.31,17,60.18
CELL_36066,Fibroblast,53.89,45,65.77
CELL_23718,Erythrocyte,102.92,46,99.51
CELL_99030,Neuron,116.11,12,88.35
CELL_42575,Neuron,66.78,46,82.37
CELL_71754,Myocyte,53.25,16,68.7
CELL_97632,Stem Cell,117.23,48,69.8
CELL_84016,Leukocyte,56.42,5,85.92
CELL_18343,Neuron,81.33,9,64.76
CELL_10262,Erythrocyte,115.2,43,99.42
CELL_76299,Erythrocyte,41.27,19,63.31
CELL_99155,Stem Cell,68.57,45,92.54
CELL_14773,Neuron,114.7,41,93.22
CELL_46602,Fibroblast,76.62,25,52.41
CELL_82849,Leukocyte,6.12,29,70.93
CELL_22806,Leukocyte,110.7,41,62.97
CELL_33647,Fibroblast,107.0,9,53.04
CELL_82171,Fibroblast,84.57,12,69.56
CELL_36257,Stem Cell,104.59,15,76.48
CELL_25544,Stem Cell,50.5,5,53.17
CELL_15732,Myocyte,109.85,48,83.95
CELL_47009,Erythrocyte,68.82,19,66.82
CELL_73862,Epithelial,23.29,28,71.06
CELL_36486,Stem Cell,60.03,38,68.59
CELL_26257,Erythrocyte,50.56,44,68.57
CELL_62862,Stem Cell,27.29,24,54.21
CELL_61022,Erythrocyte,26.83,9,75.06
CELL_73180,Stem Cell,36.74,12,87.77
CELL_81479,Leukocyte,106.96,28,59.71
CELL_84104,Fibroblast,38.89,7,94.49
CELL_50093,Neuron,47.81,14,60.26
CELL_44701,Erythrocyte,98.0,50,91.96
CELL_79564,Erythrocyte,7.46,41,97.16
CELL_52254,Epithelial,5.22,39,56.08
CELL_69090,Erythrocyte,102.42,9,87.31
CELL_20926,Epithelial,6.81,42,90.08
CELL_47638,Leukocyte,22.23,42,51.43
CELL_23441,Epithelial,40.62,42,84.41
CELL_45589,Leukocyte,53.75,43,87.81
CELL_80550,Erythrocyte,58.12,18,85.2
CELL_22336,Stem Cell,49.03,7,64.34
CELL_73893,Fibroblast,9.91,16,85.52
CELL_30289,Epithelial,70.24,25,79.04
CELL_30260,Leukocyte,19.09,14,79.01
CELL_10638,Stem Cell,5.66,42,90.7
CELL_97844,Stem Cell,38.04,23,80.05
CELL_71239,Neuron,93.88,23,95.94
CELL_33927,Leukocyte,7.88,8,90.25
CELL_29340,Epithelial,43.58,6,50.81
CELL_51566,Stem Cell,90.66,28,70.83
CELL_58078,Erythrocyte,82.6,8,91.57
CELL_32192,Neuron,41.0,9,54.71
CELL_81284,Epithelial,41.93,9,75.07
CELL_17425,Epithelial,50.36,9,84.91
CELL_27987,Fibroblast,58.69,36,91.0
CELL_58607,Fibroblast,94.67,50,86.95
CELL_45651,Leukocyte,19.59,12,71.55
CELL_80461,Myocyte,84.3,40,85.6
CELL_86873,Myocyte,57.5,15,68.28
CELL_41892,Stem Cell,46.88,15,87.63
CELL_47046,Erythrocyte,110.77,7,80.45
CELL_16474,Fibroblast,8.28,9,52.23
CELL_41117,Myocyte,108.35,34,53.08
CELL_30271,Erythrocyte,84.5,43,87.71
CELL_85750,Erythrocyte,62.62,20,56.81
CELL_49670,Epithelial,10.77,49,59.82
CELL_49220,Stem Cell,31.5,25,59.66
CELL_59642,Fibroblast,91.64,8,82.91
CELL_40240,Leukocyte,29.46,48,80.53
CELL_22272,Leukocyte,118.55,12,91.43
CELL_61891,Myocyte,114.07,8,92.54
CELL_59732,Fibroblast,15.77,7,57.11
CELL_56539,Neuron,56.8,12,73.94
CELL_10069,Neuron,91.77,14,77.63
CELL_58566,Erythrocyte,14.16,24,52.47
CELL_79657,Leukocyte,21.15,49,86.0
CELL_81801,Stem Cell,9.42,12,90.39
CELL_64351,Stem Cell,34.07,44,79.75
CELL_60281,Leukocyte,51.54,29,73.61
CELL_48587,Stem Cell,14.96,32,68.4
CELL_56391,Epithelial,39.96,44,79.48
CELL_60481,Myocyte,28.88,35,67.66
CELL_89402,Epithelial,25.59,9,61.8
CELL_79049,Myocyte,41.18,14,92.27
CELL_75853,Neuron,68.83,27,83.01
CELL_15007,Erythrocyte,43.21,36,69.76
CELL_54870,Erythrocyte,61.68,20,81.23
CELL_23457,Myocyte,113.88,22,91.72
CELL_87506,Neuron,21.4,37,87.76
CELL_81944,Leukocyte,16.71,44,57.96
CELL_77564,Erythrocyte,66.32,30,71.78
CELL_11612,Fibroblast,105.63,33,74.78
CELL_76553,Fibroblast,31.7,33,79.4
CELL_12730,Epithelial,37.95,19,91.74
CELL_62431,Epithelial,62.95,42,64.84
CELL_50364,Neuron,55.1,25,80.84
CELL_54569,Neuron,7.03,38,90.51
CELL_37796,Neuron,71.11,45,60.59
CELL_73061,Erythrocyte,34.6,50,76.16
CELL_18506,Erythrocyte,55.52,11,80.03
CELL_50095,Erythrocyte,73.71,35,54.37
CELL_19032,Stem Cell,24.37,25,83.96
CELL_49906,Myocyte,10.53,44,55.34
CELL_41113,Leukocyte,105.5,29,96.9
CELL_59959,Stem Cell,43.42,8,65.76
CELL_15261,Neuron,108.25,50,80.85
CELL_71530,Leukocyte,70.25,40,51.59
CELL_40655,Myocyte,88.06,13,75.23
CELL_66673,Epithelial,75.61,11,62.08
CELL_95013,Erythrocyte,110.98,39,78.94
CELL_32816,Epithelial,63.49,7,62.07
CELL_90404,Leukocyte,27.78,10,54.38
CELL_10458,Epithelial,62.75,26,85.17
CELL_33937,Myocyte,34.3,23,62.46
CELL_81806,Erythrocyte,32.68,11,66.25
CELL_82926,Myocyte,6.41,5,64.03
CELL_84755,Fibroblast,105.91,47,94.9
CELL_59659,Fibroblast,26.38,26,84.9
CELL_47566,Erythrocyte,103.62,31,52.05
CELL_33095,Fibroblast,99.13,33,95.51
CELL_28418,Fibroblast,104.26,47,57.94
CELL_25899,Stem Cell,28.91,25,60.41
CELL_63277,Neuron,9.35,22,89.52
CELL_82556,Stem Cell,100.24,25,73.49
CELL_11350,Myocyte,53.35,34,79.99
CELL_61229,Neuron,51.84,39,54.55
CELL_98377,Fibroblast,28.87,22,97.52
CELL_90278,Epithelial,99.3,36,78.43
CELL_62227,Stem Cell,111.53,27,93.75
CELL_83856,Stem Cell,115.21,34,55.99
CELL_70210,Fibroblast,69.55,48,89.49
CELL_42056,Fibroblast,34.64,15,93.07
CELL_46140,Epithelial,79.77,30,64.22
CELL_60449,Myocyte,61.56,10,85.86
CELL_39713,Leukocyte,100.35,9,95.12
CELL_96461,Neuron,73.02,39,56.56
CELL_31850,Myocyte,43.49,32,50.79
CELL_23906,Myocyte,74.72,23,86.79
CELL_36731,Stem Cell,109.9,30,54.9
CELL_81912,Epithelial,57.24,47,64.47
CELL_50367,Erythrocyte,109.72,36,58.29
CELL_41324,Stem Cell,32.12,9,83.08
CELL_13264,Leukocyte,91.64,25,84.11
CELL_99968,Myocyte,114.95,7,65.01
CELL_22092,Epithelial,96.65,46,71.73
CELL_64383,Leukocyte,103.37,9,77.57
CELL_89993,Fibroblast,72.92,22,99.67
CELL_26580,Erythrocyte,38.24,40,87.14
CELL_26904,Erythrocyte,115.08,13,88.65
CELL_67547,Leukocyte,12.99,21,53.48
CELL_74620,Erythrocyte,55.73,26,91.8
CELL_79657,Stem Cell,117.96,15,95.62
CELL_16983,Erythrocyte,44.23,48,78.28
CELL_22757,Stem Cell,118.43,45,97.45
CELL_86547,Leukocyte,13.96,29,53.6
CELL_76647,Leukocyte,32.71,15,86.37
CELL_71198,Fibroblast,76.7,31,72.16
CELL_18606,Epithelial,25.59,18,89.18
CELL_73611,Leukocyte,40.53,21,81.38
CELL_88279,Erythrocyte,9.26,8,78.02
CELL_89976,Epithelial,15.26,21,52.21
CELL_57844,Fibroblast,20.87,38,92.17
CELL_19875,Leukocyte,6.69,10,59.6
CELL_70395,Myocyte,93.33,24,78.88
CELL_49414,Epithelial,62.16,15,78.3
CELL_69494,Fibroblast,84.41,33,53.17
CELL_93162,Fibroblast,54.93,8,82.28
CELL_12895,Neuron,108.23,32,75.97
CELL_90288,Myocyte,74.86,8,80.06
CELL_55881,Fibroblast,31.57,13,63.17
CELL_30696,Epithelial,112.53,16,53.91
CELL_61071,Erythrocyte,70.7,42,56.78
CELL_97040,Neuron,29.26,5,91.91
CELL_58157,Fibroblast,21.24,7,77.94
CELL_36185,Stem Cell,96.14,22,90.73
CELL_65723,Erythrocyte,39.08,11,66.99
CELL_45116,Leukocyte,73.27,27,69.65
CELL_36450,Erythrocyte,107.2,14,96.71
CELL_16484,Stem Cell,36.25,18,53.31
CELL_78823,Leukocyte,116.48,45,72.11
CELL_27008,Myocyte,88.65,22,67.86
CELL_61742,Epithelial,5.99,28,58.44
CELL_99038,Fibroblast,108.1,29,70.4
CELL_50604,Stem Cell,81.85,48,83.23
CELL_51583,Epithelial,113.66,5,53.6
CELL_59370,Neuron,113.91,30,92.53
CELL_22139,Epithelial,16.59,38,78.38
CELL_43204,Stem Cell,10.6,42,64.18
CELL_37453,Erythrocyte,11.76,15,64.49
CELL_40678,Fibroblast,114.27,40,69.53
CELL_90932,Neuron,21.15,39,75.4
CELL_45004,Stem Cell,68.15,46,76.32
CELL_63169,Leukocyte,73.82,9,66.62
CELL_87427,Stem Cell,51.13,39,68.26
CELL_53642,Leukocyte,20.6,18,99.42
CELL_20030,Stem Cell,114.34,17,91.14
CELL_53459,Epithelial,87.25,50,91.72
CELL_20641,Fibroblast,66.47,39,65.29
CELL_42991,Myocyte,118.98,30,85.54
CELL_64188,Myocyte,62.38,46,81.43
CELL_61485,Erythrocyte,59.24,33,75.86
CELL_67043,Epithelial,109.49,9,72.3
CELL_68203,Leukocyte,99.0,49,50.99
CELL_84659,Stem Cell,86.33,7,94.12
CELL_61218,Myocyte,105.95,17,80.81
CELL_76857,Erythrocyte,78.38,27,95.62
CELL_57295,Erythrocyte,58.17,13,75.57
CELL_17851,Fibroblast,22.11,19,53.16
CELL_97851,Myocyte,24.38,18,89.6
CELL_80944,Leukocyte,71.34,5,90.4
CELL_99115,Epithelial,92.21,5,86.97
CELL_34904,Neuron,78.44,21,77.08
CELL_33679,Epithelial,61.05,43,84.62
CELL_25502,Leukocyte,42.67,6,98.96
CELL_15006,Neuron,70.86,18,60.27
CELL_37126,Erythrocyte,87.36,50,71.19
CELL_44191,Leukocyte,92.81,16,93.09
CELL_76200,Erythrocyte,47.06,34,89.77
CELL_52235,Stem Cell,96.15,10,52.55
CELL_20589,Stem Cell,115.99,43,83.65
CELL_73726,Epithelial,103.38,37,76.44
CELL_15398,Neuron,117.44,38,61.46
CELL_65459,Erythrocyte,79.41,27,50.82
CELL_52205,Epithelial,55.1,6,61.48
CELL_20839,Myocyte,83.3,21,92.29
CELL_63139,Leukocyte,118.44,21,53.82
CELL_95951,Erythrocyte,64.96,14,74.1
CELL_55079,Leukocyte,101.66,44,86.19
CELL_21856,Myocyte,30.51,15,87.42
CELL_34730,Myocyte,57.04,11,97.99
CELL_74642,Myocyte,46.64,32,58.54
CELL_36272,Fibroblast,46.89,8,63.12
CELL_95137,Neuron,113.96,15,69.75
CELL_88828,Leukocyte,90.44,49,57.56
CELL_51740,Neuron,47.53,38,82.39
CELL_61799,Stem Cell,85.14,10,91.99
CELL_45962,Myocyte,103.24,33,74.44
CELL_93010,Leukocyte,29.15,12,88.94
CELL_28846,Stem Cell,118.59,12,53.95
CELL_86360,Neuron,100.74,16,64.65
CELL_63404,Neuron,18.13,27,64.94
CELL_76493,Fibroblast,11.47,25,65.15
CELL_60436,Epithelial,28.46,8,73.93
CELL_76968,Fibroblast,86.9,43,63.45
CELL_85341,Myocyte,7.34,7,79.8
CELL_28607,Stem Cell,61.67,6,75.25
CELL_75642,Leukocyte,9.22,20,68.43
CELL_70379,Stem Cell,114.53,37,88.13
CELL_34854,Stem Cell,29.6,11,83.86
CELL_21380,Epithelial,83.45,15,61.01
CELL_11530,Stem Cell,99.54,40,62.59
CELL_13584,Fibroblast,72.73,23,63.25
CELL_80254,Epithelial,62.16,27,74.64
CELL_24049,Epithelial,32.94,35,74.39
CELL_49868,Erythrocyte,68.44,22,61.32
CELL_64526,Epithelial,10.91,38,99.78
CELL_67851,Leukocyte,91.55,44,71.51
CELL_28259,Epithelial,42.27,6,57.2
CELL_54051,Neuron,41.53,36,93.43
CELL_10889,Neuron,99.02,48,81.42
CELL_20693,Erythrocyte,45.22,25,51.22
CELL_54399,Neuron,79.1,47,95.94
CELL_19991,Erythrocyte,90.06,15,64.52
CELL_22127,Fibroblast,117.16,25,68.39
CELL_77352,Neuron,87.76,46,52.43
CELL_91139,Stem Cell,92.74,35,67.86
CELL_86134,Epithelial,15.9,20,71.67
CELL_50031,Erythrocyte,57.54,40,52.51
CELL_56109,Fibroblast,89.67,23,77.05
CELL_54442,Epithelial,110.02,41,52.71
CELL_12290,Epithelial,101.57,50,86.04
CELL_95784,Stem Cell,77.24,32,98.94
CELL_57705,Stem Cell,118.21,36,69.73
CELL_87347,Stem Cell,87.34,29,89.39
CELL_27933,Stem Cell,78.2,20,78.3
CELL_51168,Myocyte,32.54,12,94.48
CELL_80519,Stem Cell,35.92,10,54.32
CELL_58829,Myocyte,25.94,14,92.14
CELL_90599,Myocyte,114.57,44,54.29
CELL_67107,Leukocyte,7.85,17,85.01
CELL_53408,Neuron,65.11,11,62.57
CELL_13179,Neuron,29.09,28,97.59
CELL_65851,Neuron,70.54,18,91.03
CELL_67847,Erythrocyte,114.72,39,89.62
CELL_44507,Fibroblast,30.66,16,51.02
CELL_87533,Leukocyte,62.23,22,91.71
CELL_29948,Epithelial,39.16,13,92.11
CELL_21966,Fibroblast,23.3,36,90.86
CELL_29764,Fibroblast,118.28,18,79.71
CELL_10626,Fibroblast,59.16,19,52.73
CELL_70164,Fibroblast,71.78,16,57.46
CELL_75749,Fibroblast,22.69,31,82.44
CELL_89730,Fibroblast,96.71,11,63.44
CELL_93756,Erythrocyte,85.95,13,80.67
CELL_10695,Neuron,70.54,45,61.85
CELL_82723,Myocyte,90.26,29,63.43
CELL_80513,Stem Cell,88.22,17,65.84
CELL_69027,Stem Cell,82.85,25,85.82
CELL_10810,Fibroblast,55.43,45,97.43
CELL_22713,Epithelial,94.7,44,97.16
CELL_27249,Epithelial,66.98,13,83.42
CELL_73445,Erythrocyte,38.08,12,80.05
CELL_60642,Stem Cell,86.43,37,72.89
CELL_33165,Myocyte,50.55,49,73.66
CELL_46953,Fibroblast,49.11,31,52.95
CELL_78979,Neuron,105.8,17,50.58
CELL_78420,Myocyte,81.2,16,61.21
CELL_51371,Leukocyte,107.74,19,76.02
CELL_18164,Erythrocyte,6.89,11,98.65
CELL_20720,Myocyte,36.48,27,79.02
CELL_65569,Stem Cell,100.92,31,76.39
CELL_80970,Leukocyte,25.32,5,91.62
CELL_90970,Erythrocyte,96.26,40,79.06
CELL_80896,Leukocyte,56.83,7,92.97
CELL_36701,Fibroblast,67.02,16,63.82
CELL_54560,Fibroblast,93.03,19,95.47
CELL_87750,Epithelial,78.01,42,77.95
CELL_59297,Neuron,6.38,9,80.57
CELL_66077,Myocyte,38.11,17,71.86
CELL_73122,Myocyte,80.6,40,79.33
CELL_62969,Stem Cell,42.8,22,54.29
CELL_87037,Neuron,63.7,34,54.43
CELL_51874,Epithelial,62.35,43,60.62
CELL_25150,Stem Cell,95.49,41,55.34
CELL_45882,Erythrocyte,41.93,19,94.94
CELL_90410,Myocyte,43.63,8,60.3
CELL_45928,Myocyte,88.39,21,50.34
CELL_49346,Stem Cell,17.11,38,67.17
CELL_15702,Stem Cell,79.4,38,62.77
CELL_22807,Myocyte,67.73,32,95.02
CELL_88908,Epithelial,108.47,24,87.13
CELL_62204,Myocyte,109.61,35,56.48
CELL_64663,Neuron,38.72,47,51.93
CELL_32692,Epithelial,24.31,30,60.42
CELL_17241,Neuron,12.85,28,77.18
CELL_75524,Stem Cell,97.93,26,84.23
CELL_42643,Stem Cell,53.05,45,66.63
CELL_29489,Erythrocyte,30.79,9,79.75
CELL_54722,Fibroblast,84.56,39,76.26
CELL_20847,Epithelial,81.5,22,60.83
CELL_82344,Myocyte,102.03,37,68.83
CELL_40438,Neuron,77.01,34,90.22
CELL_50004,Leukocyte,12.16,28,51.66
CELL_14246,Stem Cell,48.48,21,77.16
CELL_61559,Leukocyte,93.25,8,88.74
CELL_20250,Fibroblast,99.28,25,65.53
CELL_55906,Epithelial,84.44,29,69.39
CELL_76726,Epithelial,16.97,23,57.16
CELL_10308,Epithelial,57.35,30,86.03
CELL_87419,Epithelial,95.82,5,75.8
CELL_35391,Stem Cell,102.13,38,78.24
CELL_88256,Leukocyte,115.91,7,87.71
CELL_18837,Epithelial,53.23,44,77.45
CELL_46360,Neuron,88.42,39,73.2
CELL_24137,Myocyte,56.8,11,74.36
CELL_16544,Epithelial,17.22,7,60.81
CELL_63475,Myocyte,81.43,35,88.58
CELL_16590,Myocyte,86.22,33,69.73
CELL_10494,Fibroblast,28.58,49,92.94
CELL_97637,Erythrocyte,11.93,43,65.99
CELL_56663,Stem Cell,109.2,23,58.34
CELL_49661,Myocyte,109.45,14,68.01
CELL_83796,Myocyte,18.2,27,50.53
CELL_17430,Neuron,108.22,42,81.4
CELL_87017,Epithelial,22.03,13,77.84
CELL_78735,Erythrocyte,66.09,49,79.69
CELL_46270,Fibroblast,25.4,21,80.63
CELL_31852,Neuron,24.03,37,88.43
CELL_15828,Epithelial,64.99,14,92.24
CELL_40839,Neuron,108.9,11,51.14
CELL_56750,Fibroblast,75.88,15,54.77
CELL_86724,Stem Cell,92.2,29,63.95
CELL_23987,Stem Cell,60.82,5,95.44
CELL_98448,Erythrocyte,107.36,39,60.65
CELL_33332,Leukocyte,109.62,49,81.28
CELL_43432,Stem Cell,33.47,32,87.9
CELL_66022,Leukocyte,22.76,38,66.86
CELL_15520,Epithelial,67.31,26,61.29
CELL_44033,Stem Cell,43.27,27,92.63
CELL_18135,Erythrocyte,58.92,12,82.32
CELL_49265,Myocyte,56.57,5,71.88
CELL_28955,Neuron,16.62,35,50.84
CELL_61490,Myocyte,44.69,50,84.16
CELL_85732,Epithelial,60.86,30,63.97
CELL_76814,Leukocyte,83.39,34,59.58
CELL_82655,Fibroblast,107.2,32,62.63
CELL_96429,Fibroblast,23.67,46,70.79
CELL_17009,Leukocyte,78.27,28,74.71
CELL_95145,Fibroblast,36.12,23,97.53
CELL_19717,Neuron,64.48,21,91.32
CELL_16602,Epithelial,27.29,19,72.41
CELL_63944,Myocyte,113.51,34,65.72
CELL_45375,Leukocyte,61.26,37,51.24
CELL_49262,Fibroblast,34.51,11,51.86
CELL_56774,Epithelial,64.42,34,75.12
CELL_90756,Erythrocyte,68.9,21,59.72
CELL_69715,Myocyte,89.27,41,85.34
CELL_72620,Epithelial,91.61,30,67.62
CELL_67180,Fibroblast,10.74,34,51.68
CELL_61722,Epithelial,74.07,36,99.82
CELL_84693,Neuron,48.95,12,52.57
CELL_26778,Myocyte,108.63,37,59.78
CELL_74225,Fibroblast,49.77,19,67.82
CELL_24334,Stem Cell,88.84,5,75.2
CELL_27149,Myocyte,28.69,27,69.02
CELL_71029,Fibroblast,47.82,11,67.64
CELL_60712,Epithelial,99.7,11,82.87
CELL_43677,Leukocyte,70.97,38,98.76
CELL_22898,Fibroblast,75.69,13,75.54
CELL_75019,Myocyte,38.38,45,88.27
CELL_41917,Neuron,86.49,16,59.19
CELL_76811,Fibroblast,104.88,22,82.75
CELL_27228,Erythrocyte,86.62,11,75.08
CELL_34576,Stem Cell,51.14,16,73.2
CELL_26311,Erythrocyte,22.33,23,53.73
CELL_51905,Fibroblast,23.58,48,74.51
CELL_19971,Myocyte,99.78,38,73.66
CELL_70084,Epithelial,13.27,15,64.33
CELL_73984,Epithelial,44.37,9,91.85
CELL_36122,Epithelial,94.27,47,85.52
CELL_90120,Erythrocyte,6.72,41,54.96
CELL_57517,Neuron,64.34,28,85.11
CELL_58359,Stem Cell,110.0,19,98.01
CELL_74985,Epithelial,22.28,46,88.64
CELL_35703,Fibroblast,105.49,12,99.88
CELL_33581,Epithelial,54.48,37,99.38
CELL_44981,Stem Cell,12.61,45,61.0
CELL_41116,Leukocyte,34.84,14,72.6
CELL_46074,Myocyte,7.59,8,91.64
CELL_30525,Erythrocyte,53.99,36,51.47
CELL_62121,Fibroblast,73.26,46,58.17
CELL_89933,Fibroblast,53.44,50,60.18
CELL_82424,Erythrocyte,103.11,17,79.1
CELL_27328,Fibroblast,65.28,42,54.4
CELL_84341,Fibroblast,42.34,37,52.9
CELL_93300,Myocyte,89.16,48,66.8
CELL_59527,Erythrocyte,21.16,38,67.98
CELL_24669,Fibroblast,69.2,37,55.56
CELL_31980,Myocyte,63.6,32,93.98
CELL_73326,Erythrocyte,56.49,31,51.13
CELL_47127,Fibroblast,49.29,40,91.41
CELL_68010,Epithelial,87.05,43,98.57
CELL_16316,Erythrocyte,28.8,27,70.76
CELL_40078,Myocyte,22.12,44,72.4
CELL_60488,Erythrocyte,114.45,23,74.17
CELL_53775,Epithelial,59.08,24,70.66
CELL_87598,Myocyte,18.96,9,59.58
CELL_15315,Stem Cell,35.21,34,69.56
CELL_55758,Epithelial,74.69,10,79.61
CELL_52734,Fibroblast,17.66,40,68.71
CELL_18907,Fibroblast,74.31,46,83.05
CELL_35654,Epithelial,51.18,6,63.24
CELL_75830,Myocyte,39.33,35,80.4
CELL_84268,Stem Cell,29.8,41,66.39
CELL_17594,Stem Cell,72.95,29,97.53
CELL_79839,Leukocyte,110.31,8,83.0
CELL_53147,Myocyte,100.23,49,75.71
CELL_56669,Neuron,87.45,34,55.39
CELL_99564,Stem Cell,37.69,34,91.88
CELL_81676,Erythrocyte,69.48,19,87.45
CELL_71026,Neuron,76.79,29,89.05
CELL_93062,Stem Cell,84.8,25,81.16
CELL_82875,Myocyte,108.77,37,64.58
CELL_81755,Erythrocyte,115.83,10,56.13
CELL_30528,Erythrocyte,73.5,7,50.74
CELL_93473,Myocyte,70.06,22,84.96
CELL_89839,Neuron,94.76,5,66.97
CELL_30045,Fibroblast,98.3,45,56.97
CELL_57157,Stem Cell,117.68,27,91.8
CELL_71925,Stem Cell,80.48,30,94.93
CELL_67682,Myocyte,16.52,43,99.03
CELL_55883,Myocyte,47.77,23,59.48
CELL_97355,Epithelial,31.69,8,85.76
CELL_57876,Stem Cell,73.67,18,84.74
CELL_94423,Fibroblast,47.55,32,83.73
CELL_97034,Leukocyte,47.08,17,53.59
CELL_46798,Myocyte,89.48,9,95.22
CELL_46165,Fibroblast,68.47,5,91.0
CELL_63452,Fibroblast,18.43,42,92.32
CELL_49271,Fibroblast,108.86,11,56.12
CELL_22721,Myocyte,94.89,46,68.24
CELL_95276,Neuron,72.77,30,83.42
CELL_56532,Erythrocyte,69.94,8,52.89
CELL_97559,Stem Cell,11.78,49,54.43
CELL_45732,Erythrocyte,99.82,30,97.25
CELL_62546,Fibroblast,119.71,50,85.95
CELL_77275,Myocyte,80.9,30,73.09
CELL_75817,Myocyte,71.56,36,93.02
CELL_54489,Fibroblast,45.68,16,76.07
CELL_15731,Erythrocyte,78.24,44,73.64
CELL_46006,Erythrocyte,11.57,14,95.56
CELL_22726,Stem Cell,33.74,11,86.45
CELL_55807,Fibroblast,113.3,33,52.08
CELL_10562,Fibroblast,88.31,32,84.61
CELL_20813,Epithelial,73.78,48,60.35
CELL_82909,Erythrocyte,55.19,41,71.49
CELL_65356,Myocyte,37.16,5,62.72
CELL_70998,Stem Cell,92.81,11,92.14
CELL_68864,Leukocyte,26.99,32,91.77
CELL_37715,Stem Cell,68.78,28,91.93
CELL_23467,Myocyte,75.97,7,75.98
CELL_97444,Neuron,87.48,39,66.35
CELL_42524,Stem Cell,117.11,9,59.05
CELL_35814,Myocyte,74.8,39,87.18
CELL_25130,Myocyte,38.99,21,89.39
CELL_86762,Leukocyte,9.9,34,86.66
CELL_26178,Epithelial,100.56,40,72.01
CELL_68359,Neuron,99.32,42,91.64
CELL_31989,Stem Cell,78.17,8,60.6
CELL_38697,Neuron,91.43,38,93.74
CELL_44238,Stem Cell,106.55,20,84.96
CELL_80658,Myocyte,32.51,35,91.91
CELL_27487,Myocyte,107.88,33,84.7
CELL_98432,Stem Cell,86.06,37,99.03
CELL_80067,Erythrocyte,108.2,49,90.15
CELL_96512,Myocyte,34.23,25,80.95
CELL_91360,Leukocyte,73.62,10,94.38
CELL_72806,Leukocyte,6.07,10,67.76
CELL_49993,Myocyte,45.48,10,98.29
CELL_97129,Stem Cell,103.35,29,76.37
CELL_60919,Neuron,116.38,9,67.07
CELL_65667,Fibroblast,54.48,28,84.02
CELL_46517,Fibroblast,117.8,29,98.91
CELL_67044,Myocyte,25.35,41,70.64
CELL_75186,Fibroblast,25.88,43,69.89
CELL_41885,Myocyte,82.67,43,96.3
CELL_15460,Leukocyte,63.78,41,74.92
CELL_38504,Erythrocyte,29.36,29,52.62
CELL_89481,Epithelial,94.06,26,78.24
CELL_38643,Leukocyte,118.04,13,71.0
CELL_99033,Erythrocyte,73.34,5,51.78
CELL_20126,Myocyte,53.22,6,90.98
CELL_46461,Erythrocyte,20.84,30,81.56
CELL_71159,Myocyte,79.68,32,94.24
CELL_83828,Fibroblast,22.75,35,71.91
CELL_58547,Stem Cell,55.91,15,60.83
CELL_76413,Epithelial,114.56,11,77.54
CELL_93981,Stem Cell,111.99,17,55.01
CELL_49604,Fibroblast,32.81,34,93.9
CELL_29337,Neuron,105.23,43,81.38
CELL_83645,Stem Cell,30.62,14,86.7
CELL_51372,Fibroblast,119.15,38,92.38
CELL_37024,Myocyte,85.62,20,75.48
CELL_24258,Epithelial,78.93,36,94.97
CELL_48877,Myocyte,86.56,15,75.4
CELL_56099,Erythrocyte,71.37,23,61.86
CELL_69008,Erythrocyte,16.98,11,82.54
CELL_65558,Fibroblast,81.66,42,71.88
CELL_21638,Fibroblast,25.72,38,75.34
CELL_60534,Erythrocyte,75.25,38,85.14
CELL_43268,Myocyte,37.93,35,57.71
CELL_74740,Fibroblast,85.91,15,68.43
CELL_95446,Leukocyte,8.43,46,84.76
CELL_41339,Myocyte,33.43,47,88.35
CELL_64257,Leukocyte,114.71,12,86.03
CELL_30088,Myocyte,117.9,25,51.22
CELL_17433,Leukocyte,47.69,45,62.9
CELL_58132,Epithelial,57.34,14,59.67
CELL_22949,Myocyte,96.01,39,99.51
CELL_55087,Neuron,64.05,41,89.26
CELL_89004,Myocyte,101.39,25,84.59
CELL_31516,Epithelial,34.79,34,78.8
CELL_63697,Neuron,80.23,21,56.39
CELL_25958,Erythrocyte,102.96,21,91.45
CELL_17738,Fibroblast,109.16,46,82.07
CELL_77326,Fibroblast,78.53,39,54.78
CELL_15322,Fibroblast,51.02,8,59.65
CELL_14152,Leukocyte,63.48,17,57.04
CELL_13829,Epithelial,47.66,44,90.64
CELL_51727,Leukocyte,52.89,14,88.73
CELL_44411,Epithelial,31.51,35,66.23
CELL_18114,Leukocyte,64.96,27,97.36
CELL_74625,Fibroblast,28.96,42,68.68
CELL_34026,Epithelial,7.38,33,87.21
CELL_87015,Fibroblast,49.08,47,76.74
CELL_29377,Neuron,29.57,31,56.57
CELL_28431,Fibroblast,49.38,42,71.8
CELL_47576,Epithelial,111.49,26,56.82
CELL_46728,Epithelial,91.17,36,51.59
CELL_50371,Fibroblast,42.85,35,73.55
CELL_20522,Leukocyte,24.17,34,90.14
CELL_56534,Myocyte,79.43,33,95.64
CELL_84178,Leukocyte,16.53,39,92.7
CELL_44701,Leukocyte,29.82,16,56.37
CELL_17379,Myocyte,60.76,38,73.1
CELL_90878,Myocyte,17.79,17,53.42
CELL_56655,Stem Cell,30.32,47,97.29
CELL_35675,Stem Cell,30.63,6,79.22
CELL_68161,Epithelial,64.26,7,51.26
CELL_29784,Erythrocyte,103.77,8,55.91
CELL_53769,Erythrocyte,50.29,27,61.81
CELL_72645,Epithelial,92.15,50,71.98
CELL_64314,Leukocyte,111.77,23,60.24
CELL_91612,Neuron,114.38,16,76.67
CELL_34307,Myocyte,21.42,14,52.88
CELL_44318,Erythrocyte,101.46,38,81.4
CELL_27941,Epithelial,116.58,14,97.56
CELL_13316,Epithelial,118.77,47,58.5
CELL_95990,Neuron,22.67,48,77.59
CELL_43272,Fibroblast,24.51,46,83.44
CELL_81485,Stem Cell,87.51,10,53.76
CELL_97362,Myocyte,84.34,21,54.3
CELL_23191,Fibroblast,117.28,36,62.96
CELL_13091,Myocyte,62.77,29,76.42
CELL_42280,Neuron,7.65,39,67.85
CELL_44070,Epithelial,80.68,16,94.73
CELL_20172,Myocyte,93.16,31,99.68
CELL_75121,Erythrocyte,98.22,16,75.93
CELL_34768,Epithelial,17.13,23,58.42
CELL_91252,Fibroblast,86.51,40,78.11
CELL_37854,Erythrocyte,88.53,24,76.58
CELL_29015,Epithelial,65.25,45,50.74
CELL_31806,Erythrocyte,115.04,19,74.05
CELL_85284,Erythrocyte,104.16,30,71.98
CELL_98826,Myocyte,9.43,27,70.85
CELL_77443,Erythrocyte,46.9,26,79.08
CELL_63534,Epithelial,47.27,40,75.32
CELL_56012,Fibroblast,86.75,47,66.1
CELL_37335,Stem Cell,95.55,50,84.71
CELL_32523,Stem Cell,15.88,16,59.94
CELL_59775,Erythrocyte,114.04,21,57.73
CELL_18178,Epithelial,102.23,5,55.6
CELL_75345,Fibroblast,17.36,6,55.05
CELL_27524,Stem Cell,45.21,28,59.94
CELL_62675,Stem Cell,49.99,38,94.07
CELL_52873,Epithelial,10.71,34,54.01
CELL_99278,Leukocyte,10.56,26,84.67
CELL_79326,Stem Cell,60.56,11,66.38
CELL_26285,Leukocyte,75.78,14,94.7
CELL_79087,Stem Cell,18.39,39,85.04
CELL_81462,Fibroblast,37.38,47,57.28
CELL_58916,Fibroblast,22.06,26,68.24
CELL_49621,Neuron,59.66,30,57.09
CELL_80647,Erythrocyte,16.25,17,92.59
CELL_55970,Fibroblast,100.65,37,56.18
CELL_45264,Leukocyte,16.17,26,52.87
CELL_24999,Erythrocyte,114.73,21,56.58
CELL_45460,Myocyte,12.68,7,61.12
CELL_21955,Stem Cell,117.29,48,96.36
CELL_44398,Epithelial,83.55,41,63.07
CELL_41757,Epithelial,114.24,20,70.1
CELL_36958,Stem Cell,22.54,12,74.32
CELL_90911,Epithelial,39.26,24,62.13
CELL_97023,Fibroblast,24.24,6,55.3
CELL_15040,Stem Cell,76.37,33,89.04
CELL_10383,Fibroblast,115.68,14,67.87
CELL_94201,Fibroblast,70.53,30,74.95
CELL_69273,Fibroblast,81.62,27,81.52
CELL_83483,Stem Cell,21.01,37,77.45
CELL_72606,Epithelial,115.24,18,60.2
CELL_46727,Myocyte,47.64,49,70.63
CELL_61333,Erythrocyte,65.68,5,74.93
CELL_25775,Erythrocyte,57.39,8,87.81
CELL_65547,Neuron,62.3,18,97.17
CELL_71373,Neuron,45.93,21,94.19
CELL_70725,Fibroblast,48.93,5,78.94
CELL_51205,Myocyte,24.33,27,88.68
CELL_48208,Neuron,110.15,44,91.62
CELL_98321,Stem Cell,115.27,47,82.49
CELL_16324,Epithelial,19.46,21,64.19
CELL_78349,Erythrocyte,15.29,46,72.49
CELL_63659,Fibroblast,23.33,30,56.88
CELL_81686,Leukocyte,15.5,15,61.47
CELL_80271,Epithelial,94.66,10,55.87
CELL_24141,Stem Cell,76.44,45,99.28
CELL_23616,Leukocyte,42.26,40,56.35
CELL_49475,Leukocyte,49.05,47,82.57
CELL_41364,Fibroblast,85.72,45,73.7
CELL_64294,Myocyte,72.96,44,85.57
CELL_57437,Stem Cell,27.86,18,93.16
CELL_80443,Fibroblast,73.11,26,57.09
CELL_16181,Fibroblast,81.8,7,73.07
CELL_23680,Stem Cell,84.22,10,80.32
CELL_74860,Fibroblast,100.0,5,61.29
CELL_36828,Stem Cell,64.62,33,69.32
CELL_62749,Neuron,55.1,6,63.4
CELL_14033,Myocyte,49.38,29,63.74
CELL_99451,Epithelial,9.44,6,58.49
CELL_67785,Erythrocyte,43.37,21,91.67
CELL_95644,Epithelial,93.1,14,96.05
CELL_15034,Epithelial,58.09,33,64.91
CELL_77191,Fibroblast,107.77,49,74.62
CELL_35112,Stem Cell,51.56,13,60.54
CELL_49561,Leukocyte,105.58,46,54.52
CELL_17766,Fibroblast,89.84,40,56.98
CELL_91487,Leukocyte,117.57,6,81.46
CELL_54628,Neuron,90.23,27,78.2
CELL_66705,Myocyte,99.53,21,77.78
CELL_71312,Epithelial,113.93,10,92.1
CELL_47790,Fibroblast,37.13,42,64.35
CELL_22043,Epithelial,105.55,37,56.88
CELL_74725,Leukocyte,62.74,24,96.97
CELL_48566,Myocyte,51.22,34,65.45
CELL_95420,Myocyte,12.15,9,69.94
CELL_62464,Leukocyte,80.39,33,88.69
CELL_96086,Erythrocyte,7.76,8,76.49
CELL_57302,Leukocyte,47.28,23,96.93
CELL_12903,Epithelial,98.55,48,57.07
CELL_12779,Leukocyte,86.6,36,79.71
CELL_35611,Stem Cell,71.26,8,89.5
CELL_31519,Erythrocyte,101.59,23,84.64
CELL_84148,Fibroblast,64.39,28,57.49
CELL_97853,Stem Cell,76.88,49,70.58
CELL_28395,Fibroblast,106.76,42,86.25
CELL_98409,Fibroblast,40.64,45,63.31
CELL_69598,Epithelial,5.41,31,97.25
CELL_82538,Erythrocyte,22.0,19,84.56
CELL_37818,Epithelial,95.6,8,63.7
CELL_50812,Erythrocyte,90.17,5,81.62
CELL_81405,Fibroblast,76.08,35,68.78
CELL_34536,Stem Cell,104.56,44,79.5
CELL_56290,Epithelial,69.84,32,79.97
CELL_26522,Erythrocyte,104.85,16,83.39
CELL_43018,Erythrocyte,105.22,32,57.09
CELL_98030,Leukocyte,98.1,50,63.47
CELL_60028,Leukocyte,65.69,17,69.74
CELL_66679,Epithelial,70.06,30,64.65
CELL_53473,Myocyte,59.63,31,78.84
CELL_80519,Leukocyte,46.33,38,73.19
CELL_47424,Fibroblast,59.45,6,69.38
CELL_95642,Leukocyte,39.96,32,56.73
CELL_72770,Myocyte,37.01,32,98.33
CELL_21795,Fibroblast,42.7,23,54.94
CELL_50692,Fibroblast,47.06,29,51.87
CELL_61864,Neuron,29.45,41,91.82
CELL_85398,Erythrocyte,31.43,32,61.43
CELL_45906,Leukocyte,86.53,33,66.28
CELL_67963,Epithelial,102.04,16,79.43
CELL_41254,Neuron,107.83,47,80.97
CELL_33275,Leukocyte,18.2,44,78.42
CELL_16540,Stem Cell,68.46,32,88.36
CELL_53528,Myocyte,68.76,40,91.79
CELL_81501,Leukocyte,24.88,49,84.01
CELL_56181,Neuron,79.14,28,80.57
CELL_40494,Epithelial,116.18,27,55.74
CELL_80005,Fibroblast,62.43,22,53.62
CELL_43723,Leukocyte,113.66,47,54.95
CELL_62458,Myocyte,94.73,38,70.46
CELL_30708,Fibroblast,100.13,50,82.38
CELL_89131,Leukocyte,24.34,24,73.14
CELL_10371,Fibroblast,85.82,35,54.16
CELL_83389,Neuron,44.52,42,81.9
CELL_43337,Epithelial,94.55,17,83.82
CELL_93023,Fibroblast,91.82,41,82.6
CELL_67924,Erythrocyte,42.69,37,81.73
CELL_79521,Leukocyte,82.96,23,64.28
CELL_68767,Stem Cell,113.71,49,81.07
CELL_23550,Leukocyte,104.28,30,61.07
CELL_80117,Stem Cell,30.25,30,65.43
CELL_78527,Neuron,88.61,37,75.53
CELL_85169,Erythrocyte,69.92,21,52.52
CELL_42176,Myocyte,72.97,9,60.67
CELL_47686,Leukocyte,16.44,50,57.76
CELL_99094,Epithelial,112.91,27,90.74
CELL_56042,Epithelial,87.41,27,54.35
CELL_30914,Leukocyte,111.09,31,53.2
CELL_13025,Fibroblast,20.01,21,82.81
CELL_30377,Leukocyte,110.04,10,58.31
CELL_32344,Neuron,68.77,20,88.09
CELL_60953,Myocyte,44.39,12,67.25
CELL_19526,Fibroblast,77.88,43,83.98
CELL_70246,Stem Cell,32.18,43,90.95
CELL_71544,Erythrocyte,90.52,10,67.51
CELL_97895,Epithelial,57.65,44,69.62
CELL_52719,Erythrocyte,58.28,6,83.79
CELL_21118,Myocyte,7.43,12,93.4
CELL_53159,Erythrocyte,9.46,28,60.65
CELL_12685,Epithelial,28.95,23,89.75
CELL_46335,Myocyte,104.74,16,89.68
CELL_83116,Stem Cell,18.21,49,69.86
CELL_87265,Myocyte,36.31,10,53.09
CELL_36701,Leukocyte,99.34,50,50.01
CELL_70698,Myocyte,106.59,29,59.52
CELL_38100,Stem Cell,30.32,50,58.75
CELL_78526,Myocyte,74.5,8,85.74
CELL_19874,Myocyte,116.99,8,97.91
CELL_16740,Neuron,13.18,6,81.15
CELL_45739,Erythrocyte,13.59,43,64.19
CELL_36713,Erythrocyte,108.67,41,57.41
CELL_46004,Stem Cell,72.71,13,92.79
CELL_50985,Stem Cell,56.17,37,99.96
CELL_52288,Epithelial,61.03,21,96.84
CELL_38422,Leukocyte,94.66,33,66.18
CELL_99250,Neuron,11.26,42,66.49
CELL_66843,Neuron,55.99,25,99.96
CELL_46079,Epithelial,62.03,47,59.61
CELL_45597,Myocyte,112.91,47,87.27
CELL_40966,Myocyte,21.89,35,72.31
CELL_17946,Myocyte,63.72,20,98.54
CELL_35453,Epithelial,83.21,18,64.27
CELL_84774,Neuron,25.83,19,89.21
CELL_11030,Neuron,64.04,20,74.84
CELL_17454,Stem Cell,97.83,39,75.98
CELL_39699,Erythrocyte,65.78,48,79.5
CELL_98757,Stem Cell,112.03,5,66.25
CELL_72639,Myocyte,40.07,12,64.34
CELL_41513,Epithelial,58.78,17,97.21
CELL_66293,Myocyte,11.16,33,73.08
CELL_15023,Fibroblast,95.84,40,65.84
CELL_93201,Erythrocyte,28.75,11,63.36
CELL_57089,Leukocyte,12.41,46,78.59
CELL_43671,Leukocyte,18.97,32,87.93
CELL_32636,Stem Cell,52.55,47,85.88
CELL_46571,Myocyte,53.18,30,95.35
CELL_57443,Epithelial,73.81,39,59.11
CELL_13486,Myocyte,96.97,36,69.97
CELL_33471,Neuron,60.55,29,85.86
CELL_25147,Stem Cell,9.1,34,65.63
CELL_46861,Stem Cell,67.79,11,53.25
CELL_32466,Myocyte,9.18,42,75.7
CELL_98840,Fibroblast,67.65,5,95.18
CELL_55563,Stem Cell,106.97,39,59.76
CELL_96232,Myocyte,114.88,22,66.61
CELL_68428,Erythrocyte,58.36,16,81.82
CELL_64130,Neuron,69.67,35,81.41
CELL_20416,Stem Cell,52.78,24,58.31
CELL_34302,Leukocyte,80.88,29,72.09
CELL_88467,Erythrocyte,59.29,26,93.87
CELL_53942,Myocyte,9.27,8,91.61
CELL_35302,Myocyte,55.54,35,72.56
CELL_94085,Stem Cell,14.13,21,89.82
CELL_69803,Fibroblast,67.89,46,99.69
CELL_20841,Myocyte,40.28,25,71.39
CELL_40546,Myocyte,74.16,50,77.54
CELL_44515,Stem Cell,85.31,28,66.76
CELL_36895,Erythrocyte,90.04,36,82.88
CELL_51502,Erythrocyte,71.55,42,67.21
CELL_10172,Leukocyte,64.83,20,54.53
CELL_25883,Neuron,65.05,45,82.46
CELL_13992,Erythrocyte,86.65,24,72.47
CELL_18967,Neuron,75.29,27,78.64
CELL_96403,Epithelial,98.42,26,52.0
CELL_31945,Erythrocyte,91.12,14,90.67
CELL_28256,Epithelial,23.86,16,94.4
CELL_34205,Myocyte,51.45,36,70.24
CELL_35188,Fibroblast,57.55,20,79.04
CELL_61549,Stem Cell,54.5,7,54.72
CELL_10848,Epithelial,108.66,49,78.26
CELL_78791,Leukocyte,57.18,24,97.18
CELL_38395,Myocyte,83.36,36,62.81
CELL_16134,Neuron,94.09,46,86.74
CELL_23381,Leukocyte,111.79,8,74.09
CELL_15319,Leukocyte,57.65,10,96.51
CELL_95205,Epithelial,24.74,30,76.81
CELL_91458,Myocyte,99.5,23,80.14
CELL_67827,Stem Cell,77.09,46,56.17
CELL_57410,Epithelial,118.12,29,72.98
CELL_57537,Fibroblast,50.37,43,96.64
CELL_22992,Neuron,19.35,16,50.84
CELL_45094,Fibroblast,62.62,37,82.52
CELL_31094,Erythrocyte,82.3,30,51.79
CELL_54186,Leukocyte,116.32,33,87.29
CELL_18458,Epithelial,52.52,50,83.75
CELL_87083,Leukocyte,72.65,43,62.43
CELL_79984,Stem Cell,97.57,20,57.78
CELL_77148,Erythrocyte,78.36,16,95.38
CELL_90061,Erythrocyte,8.38,24,73.6
CELL_37740,Erythrocyte,16.28,19,91.67
CELL_21489,Myocyte,103.63,34,53.07
CELL_73069,Fibroblast,111.95,36,57.5
CELL_54501,Epithelial,20.02,39,56.98
CELL_14125,Fibroblast,44.16,31,70.88
CELL_82323,Neuron,108.29,37,65.3
CELL_83224,Erythrocyte,50.85,33,61.65
CELL_19548,Erythrocyte,22.25,19,85.84
CELL_73607,Erythrocyte,14.9,48,84.31
CELL_39065,Myocyte,109.53,22,84.21
CELL_21017,Erythrocyte,41.53,40,81.48
CELL_63391,Stem Cell,39.8,20,62.04
CELL_11001,Neuron,117.48,19,78.16
CELL_90214,Neuron,77.61,20,64.38
CELL_51125,Myocyte,12.54,31,96.25
CELL_34367,Stem Cell,22.12,37,57.5
CELL_75873,Leukocyte,24.19,41,62.63
CELL_56937,Leukocyte,11.65,14,80.36
CELL_40730,Neuron,42.69,39,92.94
CELL_16780,Fibroblast,98.82,16,85.32
CELL_21017,Leukocyte,23.24,46,84.18
CELL_80688,Leukocyte,51.37,32,73.43
CELL_98360,Neuron,30.11,49,61.47
CELL_21086,Myocyte,57.79,21,67.84
CELL_31260,Erythrocyte,24.01,40,69.33
CELL_89179,Leukocyte,65.04,8,56.27
CELL_39953,Fibroblast,92.43,11,77.22
CELL_88906,Erythrocyte,47.7,13,86.47
CELL_22633,Stem Cell,92.64,42,75.51
CELL_61057,Myocyte,81.6,34,74.62
CELL_48125,Stem Cell,69.61,36,98.48
CELL_78409,Myocyte,112.26,20,95.0
CELL_15376,Epithelial,53.93,34,55.93
CELL_63694,Myocyte,54.45,36,80.06
CELL_35392,Myocyte,46.64,18,67.71
CELL_91151,Stem Cell,6.71,23,90.6
CELL_41762,Myocyte,95.76,31,85.93
CELL_89016,Epithelial,78.9,48,95.44
CELL_17228,Fibroblast,60.76,22,55.88
CELL_90780,Epithelial,46.01,18,52.3
CELL_25895,Fibroblast,61.93,40,56.32
CELL_58372,Erythrocyte,56.38,26,51.29
CELL_46451,Myocyte,29.59,24,69.58
CELL_10425,Leukocyte,80.8,42,51.36
CELL_31448,Erythrocyte,65.43,50,73.8
CELL_15030,Erythrocyte,59.83,16,82.34
CELL_91513,Stem Cell,6.33,41,92.24
CELL_27952,Leukocyte,52.07,36,95.55
CELL_51311,Leukocyte,36.8,41,55.21
CELL_45543,Fibroblast,87.36,26,83.69
CELL_42437,Leukocyte,49.83,17,74.2
CELL_73411,Fibroblast,69.31,31,53.37
CELL_77212,Myocyte,94.44,37,81.61
CELL_49425,Erythrocyte,12.62,25,51.1
CELL_73757,Fibroblast,61.06,35,98.62
CELL_70146,Fibroblast,58.08,42,59.05
CELL_94290,Myocyte,53.65,33,96.52
CELL_56313,Neuron,89.79,31,91.59
CELL_46767,Neuron,111.51,8,57.14
CELL_87022,Epithelial,40.88,32,81.37
CELL_25083,Erythrocyte,6.31,7,91.46
CELL_23167,Erythrocyte,47.66,8,53.09
CELL_83927,Leukocyte,13.25,10,57.07
CELL_97812,Myocyte,97.18,21,52.4
CELL_91905,Fibroblast,7.7,9,61.45
CELL_63616,Myocyte,93.35,38,76.19
CELL_97222,Leukocyte,67.36,11,60.05
CELL_94952,Neuron,25.89,26,95.18
CELL_17614,Leukocyte,99.27,17,54.83
CELL_33723,Erythrocyte,43.74,30,82.74
CELL_61457,Myocyte,47.35,5,94.31
CELL_37283,Fibroblast,84.9,9,94.03
CELL_71677,Erythrocyte,93.97,36,59.46
CELL_66069,Myocyte,25.49,14,91.33
CELL_41209,Epithelial,27.27,33,65.47
CELL_75041,Erythrocyte,53.31,7,58.92
CELL_87983,Neuron,85.58,38,98.03
CELL_36302,Leukocyte,28.37,16,88.71
CELL_49216,Stem Cell,50.55,47,97.12
CELL_58069,Leukocyte,117.82,25,65.68
CELL_52362,Epithelial,87.55,31,83.29
CELL_74148,Myocyte,107.96,28,67.12
CELL_70788,Leukocyte,114.83,5,97.1
CELL_86799,Erythrocyte,13.23,10,75.52
CELL_42408,Leukocyte,119.82,14,60.53
CELL_27964,Leukocyte,93.45,17,62.09
CELL_50964,Stem Cell,21.2,44,72.78
CELL_68380,Epithelial,104.8,24,75.42
CELL_36217,Fibroblast,43.34,47,58.68
CELL_63077,Leukocyte,40.07,44,65.99
CELL_55531,Stem Cell,99.77,50,84.8
CELL_37312,Erythrocyte,41.04,15,98.74
CELL_17812,Myocyte,61.26,5,79.02
CELL_64840,Neuron,18.58,15,57.04
CELL_24355,Erythrocyte,80.49,26,57.11
CELL_91837,Epithelial,48.42,45,65.73
CELL_22149,Leukocyte,87.14,41,87.83
CELL_62566,Erythrocyte,103.53,46,97.8
CELL_11277,Stem Cell,8.36,21,99.57
CELL_43825,Myocyte,107.45,21,53.79
CELL_75909,Neuron,99.61,21,85.54
CELL_80118,Neuron,51.57,50,72.25
CELL_24820,Myocyte,63.09,10,69.84
CELL_96826,Epithelial,52.28,21,79.68
CELL_36465,Epithelial,85.97,39,70.65
CELL_38041,Fibroblast,87.45,22,89.49
CELL_66452,Epithelial,48.75,29,58.28
CELL_67035,Erythrocyte,13.4,10,90.88
CELL_94163,Epithelial,40.82,33,90.97
CELL_59473,Myocyte,40.77,30,71.53
CELL_74425,Leukocyte,101.61,40,58.31
CELL_13599,Leukocyte,8.33,5,62.01
CELL_94867,Fibroblast,58.04,31,57.48
CELL_85760,Myocyte,87.71,24,77.72
CELL_48079,Neuron,17.97,42,54.17
CELL_97053,Myocyte,60.45,42,75.12
CELL_44823,Epithelial,96.34,12,63.26
CELL_34051,Epithelial,112.88,36,51.79
CELL_40327,Myocyte,9.81,31,85.32
CELL_64462,Myocyte,56.25,11,58.32
CELL_65438,Leukocyte,13.08,21,69.61
CELL_38776,Leukocyte,68.08,18,88.18
CELL_30520,Neuron,91.3,44,98.73
CELL_53634,Fibroblast,28.45,50,71.31
CELL_63825,Neuron,80.21,39,52.62
CELL_55096,Leukocyte,88.9,16,93.47
CELL_29742,Stem Cell,61.77,15,80.73
CELL_41349,Myocyte,77.22,14,64.34
CELL_20997,Stem Cell,68.23,17,91.53
CELL_30637,Stem Cell,15.1,26,52.44
CELL_24517,Fibroblast,58.21,8,52.25
CELL_73008,Leukocyte,91.81,41,65.75
CELL_68107,Leukocyte,109.83,38,54.6
CELL_62219,Epithelial,102.75,35,99.34
CELL_13014,Epithelial,100.4,23,57.3
CELL_64097,Neuron,39.02,38,92.66
CELL_60621,Erythrocyte,115.48,8,75.0
CELL_38108,Neuron,72.73,49,89.98
CELL_10186,Leukocyte,73.49,9,88.03
CELL_72835,Erythrocyte,60.11,47,73.97
CELL_22419,Neuron,47.68,42,61.17
CELL_51904,Leukocyte,108.06,12,85.99
CELL_18228,Neuron,44.7,32,56.09
CELL_29123,Erythrocyte,16.32,27,65.16
CELL_49838,Myocyte,21.98,21,76.45
CELL_99090,Neuron,112.44,17,95.7
CELL_18585,Erythrocyte,81.53,8,53.14
CELL_29962,Myocyte,112.17,39,58.21
CELL_51477,Leukocyte,68.67,6,60.85
CELL_17862,Epithelial,87.09,26,75.04
CELL_58658,Fibroblast,55.93,38,94.44
CELL_64259,Epithelial,80.37,35,55.5
CELL_36059,Stem Cell,116.8,48,71.74
CELL_40156,Epithelial,65.63,26,99.71
CELL_14221,Leukocyte,31.23,41,76.17
CELL_77932,Stem Cell,117.86,31,72.35
CELL_54644,Fibroblast,99.96,11,82.13
CELL_69059,Erythrocyte,14.84,28,99.03
CELL_80121,Fibroblast,21.01,36,55.67
CELL_90357,Stem Cell,71.59,18,80.73
CELL_57171,Fibroblast,35.41,46,74.86
CELL_61317,Erythrocyte,36.28,14,57.89
CELL_79673,Erythrocyte,57.4,16,95.29
CELL_87633,Stem Cell,75.73,50,78.6
CELL_78568,Fibroblast,68.37,20,70.08
CELL_45118,Erythrocyte,83.73,41,65.89
CELL_60051,Epithelial,50.71,12,87.45
CELL_83737,Leukocyte,27.08,45,96.93
CELL_53520,Erythrocyte,36.67,47,71.45
CELL_30127,Stem Cell,62.75,50,91.53
CELL_46949,Leukocyte,12.1,31,70.53
CELL_98950,Leukocyte,110.59,38,54.33
CELL_47270,Neuron,100.02,37,59.51
CELL_57257,Erythrocyte,50.16,11,52.16
CELL_37962,Epithelial,90.37,21,53.18
CELL_51099,Fibroblast,78.44,20,64.24
CELL_99670,Fibroblast,110.81,41,93.22
CELL_18339,Stem Cell,19.64,40,83.09
CELL_81565,Epithelial,90.8,19,72.22
CELL_58036,Neuron,8.92,31,86.56
CELL_18200,Erythrocyte,101.64,7,76.7
CELL_37099,Stem Cell,27.29,32,74.02
CELL_72442,Erythrocyte,77.04,33,80.97
CELL_90504,Neuron,109.48,40,68.22
CELL_49826,Myocyte,102.62,20,90.28
CELL_12982,Myocyte,59.46,35,72.64
CELL_51680,Neuron,75.09,46,53.34
CELL_58259,Erythrocyte,54.32,32,74.6
CELL_81321,Neuron,60.75,13,72.22
CELL_79176,Myocyte,26.98,14,87.15
CELL_61920,Stem Cell,111.91,32,93.65
CELL_60223,Epithelial,111.14,6,67.25
CELL_20633,Erythrocyte,27.03,20,66.25
CELL_91739,Epithelial,93.46,46,72.92
CELL_75837,Epithelial,114.69,33,52.76
CELL_97567,Epithelial,107.42,6,81.4
CELL_74222,Fibroblast,79.23,29,60.95
CELL_57505,Epithelial,50.89,17,86.37
CELL_44426,Epithelial,45.39,36,81.21
CELL_67993,Erythrocyte,18.98,38,67.04
CELL_79629,Neuron,33.42,41,71.86
CELL_82201,Myocyte,42.25,30,75.13
CELL_47482,Epithelial,103.74,36,80.43
CELL_83977,Stem Cell,37.18,16,89.95
CELL_77096,Erythrocyte,31.23,25,66.08
CELL_48703,Myocyte,26.87,38,55.83
CELL_13042,Stem Cell,22.92,29,86.93
CELL_53297,Neuron,83.7,37,84.57
CELL_41224,Epithelial,100.44,35,80.96
CELL_52706,Stem Cell,18.16,43,69.62
CELL_40874,Myocyte,52.34,45,88.1
CELL_85824,Epithelial,35.72,17,59.13
CELL_35164,Erythrocyte,22.43,46,62.39
CELL_19588,Fibroblast,99.68,17,75.89
CELL_92585,Neuron,15.7,44,85.42
CELL_94639,Leukocyte,116.71,6,55.72
CELL_67817,Leukocyte,115.85,38,55.79
CELL_49331,Fibroblast,25.03,24,89.53
CELL_13322,Erythrocyte,54.76,44,84.91
CELL_21375,Leukocyte,54.57,46,64.93
CELL_63713,Neuron,94.73,21,51.15
CELL_69898,Leukocyte,81.09,23,63.2
CELL_36216,Erythrocyte,12.05,26,96.81
CELL_42541,Myocyte,50.34,38,58.7
CELL_88831,Neuron,19.65,32,81.15
CELL_43925,Stem Cell,48.26,50,99.93
CELL_85259,Erythrocyte,38.57,18,98.58
CELL_11838,Fibroblast,49.51,25,71.37
CELL_41514,Leukocyte,112.18,15,79.79
CELL_11564,Fibroblast,96.85,38,65.91
CELL_88310,Epithelial,81.82,21,66.06
CELL_86593,Leukocyte,103.8,14,62.5
CELL_15385,Epithelial,98.53,8,67.81
CELL_39749,Leukocyte,64.67,28,79.17
CELL_13221,Fibroblast,55.23,42,73.15
CELL_81634,Myocyte,52.01,30,60.92
CELL_18515,Neuron,60.07,37,69.48
CELL_67546,Neuron,48.42,25,61.26
CELL_55866,Neuron,105.18,5,81.47
CELL_44583,Stem Cell,118.63,44,50.19
CELL_90878,Neuron,61.09,33,87.3
CELL_64549,Myocyte,78.5,25,65.88
CELL_13051,Erythrocyte,63.19,24,76.0
CELL_34420,Fibroblast,60.05,49,78.81
CELL_76219,Fibroblast,41.92,19,72.35
CELL_71809,Myocyte,59.75,6,98.41
CELL_32745,Epithelial,26.29,11,63.98
CELL_78601,Erythrocyte,39.08,32,66.67
CELL_69737,Stem Cell,96.43,6,57.59
CELL_66050,Epithelial,43.53,41,58.27
CELL_37401,Neuron,88.64,20,88.59
CELL_52395,Stem Cell,21.46,39,59.04
CELL_71677,Epithelial,45.22,26,77.87
CELL_60187,Stem Cell,75.84,33,60.39
CELL_60342,Neuron,113.38,7,64.92
CELL_76068,Leukocyte,47.33,5,96.96
CELL_56738,Fibroblast,89.17,37,75.87
CELL_30356,Neuron,41.21,5,87.36
CELL_39392,Stem Cell,119.09,7,76.54
CELL_61084,Erythrocyte,113.31,35,88.41
CELL_42404,Leukocyte,64.5,22,52.93
CELL_71724,Stem Cell,23.84,10,69.17
CELL_25229,Erythrocyte,95.28,13,67.59
CELL_46008,Leukocyte,25.81,18,55.09
CELL_23043,Leukocyte,76.58,41,73.17
CELL_15930,Stem Cell,16.37,19,86.0
CELL_25098,Epithelial,34.73,31,50.79
CELL_91937,Fibroblast,6.34,6,67.37
CELL_42011,Epithelial,100.41,6,78.59
CELL_25520,Epithelial,22.33,35,81.11
CELL_89948,Neuron,26.05,41,75.75
CELL_46152,Fibroblast,84.29,8,52.69
CELL_10415,Neuron,76.91,12,52.52
CELL_81161,Epithelial,60.49,8,78.74
CELL_59149,Leukocyte,46.26,23,95.37
CELL_35358,Leukocyte,64.32,48,71.72
CELL_77876,Leukocyte,110.55,7,89.65
CELL_37241,Neuron,77.96,39,59.14
CELL_78615,Leukocyte,118.27,48,81.83
CELL_20465,Neuron,44.07,15,59.51
CELL_46314,Erythrocyte,90.32,46,64.53
CELL_71967,Erythrocyte,41.3,6,66.85
CELL_54218,Neuron,119.24,26,63.68
CELL_23001,Stem Cell,59.35,7,90.1
CELL_97829,Erythrocyte,48.37,16,93.51
CELL_99888,Epithelial,30.04,15,71.29
CELL_71836,Stem Cell,58.33,26,92.05
CELL_34295,Stem Cell,33.84,5,54.43
CELL_62815,Epithelial,10.85,5,52.81
CELL_68632,Leukocyte,5.84,46,95.99
CELL_19034,Leukocyte,39.24,9,72.37
CELL_61392,Epithelial,111.56,37,72.86
CELL_78390,Epithelial,42.61,22,71.2
CELL_92926,Leukocyte,116.23,21,55.66
CELL_71879,Leukocyte,50.58,7,72.84
CELL_16463,Myocyte,7.03,35,55.81
CELL_94572,Epithelial,24.84,50,61.69
CELL_61516,Leukocyte,96.04,23,73.09
CELL_32012,Neuron,60.14,25,95.53
CELL_70426,Neuron,98.55,7,83.06
CELL_23896,Leukocyte,102.24,8,94.97
CELL_73181,Erythrocyte,112.95,28,79.43
CELL_39697,Epithelial,30.18,47,53.14
CELL_97458,Erythrocyte,27.83,50,53.91
CELL_92539,Myocyte,20.91,30,64.58
CELL_95145,Leukocyte,119.39,11,80.91
CELL_67055,Myocyte,38.62,36,59.26
CELL_14074,Fibroblast,86.14,21,87.61
CELL_85101,Myocyte,112.68,21,95.15
CELL_59090,Leukocyte,16.25,34,61.69
CELL_36560,Erythrocyte,8.31,5,56.75
CELL_82411,Leukocyte,81.11,27,93.48
CELL_84120,Erythrocyte,98.1,22,78.98
CELL_19023,Stem Cell,75.98,43,83.01
CELL_51630,Leukocyte,79.19,28,96.28
CELL_71415,Neuron,11.28,23,82.22
CELL_76341,Erythrocyte,105.89,23,98.45
CELL_53455,Stem Cell,22.82,18,53.95
CELL_28514,Leukocyte,23.0,44,93.46
CELL_61479,Neuron,97.25,15,84.07
CELL_36105,Fibroblast,100.88,32,61.67
CELL_70402,Leukocyte,18.31,5,96.48
CELL_18859,Neuron,11.29,24,79.45
CELL_44520,Leukocyte,83.11,12,51.83
CELL_10771,Epithelial,28.07,41,54.31
CELL_79213,Fibroblast,5.33,14,84.57
CELL_93691,Epithelial,6.25,33,81.45
CELL_92899,Neuron,86.8,25,73.26
CELL_18001,Myocyte,54.42,39,72.21
CELL_64059,Stem Cell,80.52,42,66.29
CELL_74639,Myocyte,100.3,12,87.76
CELL_18529,Leukocyte,27.89,32,75.73
CELL_11122,Myocyte,99.27,6,52.3
CELL_73146,Leukocyte,41.83,16,87.03
CELL_23051,Stem Cell,110.56,10,94.38
CELL_32097,Stem Cell,85.85,6,69.97
CELL_34271,Erythrocyte,96.91,22,54.54
CELL_77546,Leukocyte,105.0,17,61.48
CELL_58094,Neuron,15.13,18,92.67
CELL_36718,Epithelial,68.43,33,73.56
CELL_88929,Neuron,86.88,45,90.05
CELL_33250,Fibroblast,114.64,38,94.75
CELL_31375,Erythrocyte,6.83,10,69.97
CELL_89305,Epithelial,6.53,34,63.64
CELL_28352,Erythrocyte,39.65,10,68.62
CELL_86598,Stem Cell,74.13,24,91.87
CELL_14931,Neuron,11.16,23,65.89
CELL_92039,Erythrocyte,57.13,40,81.05
CELL_39725,Myocyte,79.6,49,98.39
CELL_20340,Fibroblast,108.79,7,51.95
CELL_72361,Fibroblast,87.12,11,75.65
CELL_99601,Leukocyte,9.27,50,64.15
CELL_64325,Neuron,61.3,24,81.41
CELL_89885,Fibroblast,92.11,11,68.04
CELL_54397,Stem Cell,113.0,11,59.98
CELL_78152,Leukocyte,81.25,29,63.74
CELL_76101,Neuron,62.39,10,90.76
CELL_76830,Fibroblast,42.19,36,93.23
CELL_11117,Fibroblast,49.13,41,88.08
CELL_32162,Leukocyte,108.08,27,97.58
CELL_56026,Stem Cell,99.18,42,96.43
CELL_64072,Leukocyte,65.34,26,70.4
CELL_20589,Erythrocyte,76.81,16,92.37
CELL_76351,Fibroblast,9.54,40,62.33
CELL_72216,Myocyte,73.41,17,78.42
CELL_46992,Neuron,56.85,27,59.25
CELL_69891,Stem Cell,29.64,33,53.76
CELL_37451,Epithelial,108.71,38,79.19
CELL_68804,Erythrocyte,25.72,25,78.51
CELL_19061,Stem Cell,110.73,24,99.15
CELL_66535,Erythrocyte,52.03,33,63.22
CELL_17022,Neuron,62.47,20,53.51
CELL_89483,Erythrocyte,55.61,30,94.49
CELL_39489,Myocyte,37.53,32,98.31
CELL_96727,Epithelial,11.22,21,86.83
CELL_68762,Epithelial,63.7,23,63.71
CELL_65863,Stem Cell,109.66,15,63.34
CELL_77705,Neuron,6.12,34,56.46
CELL_58414,Stem Cell,21.33,23,73.56
CELL_64546,Fibroblast,100.03,30,92.22
CELL_28399,Erythrocyte,20.59,28,67.68
CELL_53596,Fibroblast,19.92,15,65.05
CELL_32420,Fibroblast,115.81,39,73.26
CELL_62737,Stem Cell,118.69,49,56.8
CELL_97913,Myocyte,53.6,34,94.54
CELL_82930,Fibroblast,49.93,35,63.58
CELL_48718,Leukocyte,16.26,37,69.33
CELL_52846,Leukocyte,111.27,8,90.06
CELL_73374,Erythrocyte,37.56,10,88.05
CELL_38097,Stem Cell,91.93,16,79.81
CELL_36561,Fibroblast,16.53,17,73.92
CELL_22154,Epithelial,6.48,34,93.59
CELL_31477,Neuron,104.85,11,67.35
CELL_22150,Myocyte,93.12,15,51.37
CELL_87088,Epithelial,41.08,12,69.79
CELL_87808,Fibroblast,26.87,14,70.89
CELL_38295,Neuron,5.42,17,85.72
CELL_11168,Leukocyte,57.99,17,85.67
CELL_58087,Myocyte,61.47,11,54.12
CELL_87230,Erythrocyte,113.41,47,79.66
CELL_28625,Epithelial,59.4,13,52.51
CELL_17737,Stem Cell,106.78,27,82.21
CELL_85176,Fibroblast,106.37,46,56.2
CELL_11845,Stem Cell,50.53,43,97.28
CELL_16419,Myocyte,11.58,10,63.03
CELL_92622,Neuron,15.05,25,91.74
CELL_17043,Myocyte,109.46,40,88.18
CELL_18418,Neuron,27.89,50,55.29
CELL_38975,Fibroblast,22.46,8,85.56
CELL_71459,Erythrocyte,105.43,31,54.22
CELL_22123,Erythrocyte,87.72,7,64.05
CELL_87881,Erythrocyte,89.69,42,72.47
CELL_54133,Leukocyte,114.0,32,86.69
CELL_16394,Leukocyte,119.31,17,72.06
CELL_52671,Myocyte,36.89,16,59.67
CELL_38357,Myocyte,73.85,48,64.8
CELL_58197,Epithelial,100.27,18,69.47
CELL_78804,Fibroblast,52.75,28,84.06
CELL_68059,Leukocyte,8.27,25,64.0
CELL_73969,Leukocyte,29.87,11,84.2
CELL_54212,Myocyte,98.86,15,85.47
CELL_83157,Erythrocyte,10.58,25,60.69
CELL_17541,Myocyte,84.55,35,60.39
CELL_95026,Fibroblast,89.53,32,62.71
CELL_38794,Myocyte,7.73,21,66.28
CELL_85387,Myocyte,38.85,11,50.92
CELL_56626,Epithelial,12.17,29,97.73
CELL_15199,Myocyte,94.99,11,90.3
CELL_22720,Epithelial,114.49,39,86.01
CELL_19160,Stem Cell,79.06,30,64.34
CELL_38828,Neuron,65.81,15,54.57
CELL_91382,Erythrocyte,40.19,22,50.39
CELL_38494,Myocyte,19.68,5,97.41
CELL_80926,Leukocyte,88.04,30,78.04
CELL_47747,Fibroblast,43.66,44,62.49
CELL_30810,Leukocyte,39.36,19,98.09
CELL_69953,Leukocyte,60.23,33,78.89
CELL_88561,Neuron,25.41,33,71.43
CELL_53310,Fibroblast,97.66,39,85.8
CELL_36327,Fibroblast,68.23,21,60.64
CELL_34340,Leukocyte,98.75,5,51.84
CELL_31078,Epithelial,60.23,17,84.65
CELL_23990,Stem Cell,95.73,32,91.75
CELL_22710,Fibroblast,116.52,20,50.52
CELL_42225,Neuron,87.68,19,53.64
CELL_67831,Stem Cell,34.9,50,93.26
CELL_67844,Fibroblast,41.79,48,92.22
CELL_40813,Neuron,46.17,37,62.57
CELL_83548,Leukocyte,55.12,10,61.62
CELL_67396,Epithelial,65.3,48,62.77
CELL_15634,Myocyte,13.65,25,87.73
CELL_31480,Stem Cell,78.75,30,95.31
CELL_37341,Myocyte,55.56,17,79.8
CELL_43435,Neuron,10.85,29,88.56
CELL_11292,Epithelial,34.76,11,66.19
CELL_75590,Neuron,40.35,16,52.54
CELL_41051,Myocyte,19.62,36,94.06
CELL_57860,Myocyte,106.88,26,88.39
CELL_60204,Leukocyte,19.53,23,99.68
CELL_24379,Neuron,45.34,30,91.29
CELL_27839,Myocyte,6.62,23,77.55
CELL_38952,Epithelial,59.66,24,54.95
CELL_65002,Neuron,29.11,6,92.12
CELL_93597,Neuron,117.7,6,79.07
CELL_57389,Epithelial,118.21,42,66.78
CELL_70342,Leukocyte,9.38,35,88.23
CELL_29812,Leukocyte,62.67,9,68.37
CELL_24247,Erythrocyte,36.66,30,81.18
CELL_57881,Neuron,53.71,38,58.58
CELL_82175,Epithelial,115.08,11,90.61
CELL_47565,Neuron,61.78,27,63.02
CELL_52038,Fibroblast,23.01,11,54.25
CELL_22551,Fibroblast,46.11,45,93.82
CELL_98381,Neuron,77.58,12,50.62
CELL_86123,Neuron,44.47,41,78.51
CELL_41275,Erythrocyte,87.45,23,75.29
CELL_78476,Myocyte,108.82,45,77.8
CELL_35581,Erythrocyte,21.38,35,79.19
CELL_88540,Myocyte,74.9,7,84.83
CELL_24451,Neuron,91.58,46,73.1
CELL_91443,Fibroblast,51.46,33,72.25
CELL_63546,Epithelial,7.58,50,97.25
CELL_93815,Fibroblast,31.12,12,76.05
CELL_11411,Stem Cell,116.63,13,59.32
CELL_50283,Neuron,10.13,30,87.42
CELL_95067,Neuron,21.89,22,78.02
CELL_29311,Epithelial,48.02,26,73.87
CELL_69961,Myocyte,25.27,8,94.11
CELL_24935,Epithelial,34.46,39,59.46
CELL_74867,Neuron,73.82,18,76.73
CELL_49506,Neuron,60.62,5,61.87
CELL_98034,Stem Cell,25.47,9,57.23
CELL_38298,Stem Cell,26.24,14,79.39
CELL_49466,Myocyte,7.78,49,92.74
CELL_43363,Erythrocyte,110.27,46,56.79
CELL_22103,Erythrocyte,28.3,41,95.17
CELL_36844,Neuron,69.6,40,53.87
CELL_98156,Erythrocyte,61.69,46,78.33
CELL_28799,Stem Cell,21.67,32,94.66
CELL_32530,Erythrocyte,86.05,7,52.48
CELL_14836,Erythrocyte,78.62,42,75.3
CELL_24097,Myocyte,72.13,21,60.68
CELL_57137,Leukocyte,108.32,10,50.99
CELL_64134,Epithelial,86.98,33,78.27
CELL_77672,Neuron,109.79,47,67.91
CELL_78434,Epithelial,118.56,39,64.58
CELL_52435,Myocyte,52.92,17,73.4
CELL_78736,Leukocyte,106.43,48,99.88
CELL_93561,Stem Cell,96.3,44,98.98
CELL_13779,Erythrocyte,75.12,6,54.0
CELL_60877,Epithelial,13.31,41,51.16
CELL_45748,Stem Cell,84.88,8,71.78
CELL_87948,Fibroblast,64.04,49,65.51
CELL_80168,Leukocyte,35.23,20,55.33
CELL_47243,Leukocyte,75.87,8,92.66
CELL_82174,Neuron,39.68,17,53.59
CELL_53246,Erythrocyte,53.84,44,85.59
CELL_46841,Leukocyte,110.21,19,71.59
CELL_57091,Neuron,40.14,36,87.38
CELL_37612,Fibroblast,97.91,49,66.43
CELL_63490,Neuron,37.26,23,54.06
CELL_25954,Epithelial,54.56,40,94.28
CELL_49919,Fibroblast,74.93,27,73.87
CELL_52228,Neuron,100.56,13,94.09
CELL_61088,Myocyte,91.02,38,79.72
CELL_39641,Epithelial,89.27,8,61.53
CELL_22844,Epithelial,118.85,16,67.19
CELL_47372,Erythrocyte,42.17,43,67.15
CELL_83686,Epithelial,71.77,35,57.81
CELL_61332,Stem Cell,15.23,40,66.48
CELL_88948,Fibroblast,67.34,36,91.52
CELL_59722,Neuron,83.98,28,73.75
CELL_31127,Neuron,34.69,23,50.81
CELL_90926,Leukocyte,64.3,8,91.7
CELL_38717,Stem Cell,58.51,10,52.24
CELL_83530,Fibroblast,111.8,41,99.32
CELL_59790,Myocyte,47.66,20,62.1
CELL_94736,Erythrocyte,53.9,15,50.78
CELL_45946,Epithelial,52.13,15,86.58
CELL_42211,Neuron,83.13,36,57.68
CELL_94035,Stem Cell,67.39,24,82.61
CELL_81136,Myocyte,27.01,16,90.07
CELL_16727,Epithelial,43.68,14,86.73
CELL_66657,Epithelial,7.22,11,65.89
CELL_31320,Leukocyte,41.12,7,63.12
CELL_17798,Stem Cell,12.86,31,67.99
CELL_48687,Erythrocyte,51.7,22,74.33
CELL_13541,Stem Cell,34.08,45,91.45
CELL_49090,Fibroblast,42.26,18,58.61
CELL_14568,Epithelial,65.32,40,57.15
CELL_25713,Fibroblast,102.12,10,53.67
CELL_31278,Erythrocyte,49.59,34,94.82
CELL_14128,Stem Cell,34.26,9,87.96
CELL_97676,Leukocyte,114.66,50,88.55
CELL_49096,Fibroblast,116.57,10,97.82
CELL_74127,Stem Cell,97.03,32,81.34
CELL_77218,Fibroblast,13.54,5,54.45
CELL_12789,Stem Cell,95.23,21,80.23
CELL_60059,Fibroblast,70.85,26,82.82
CELL_55819,Myocyte,115.88,39,65.91
CELL_58188,Leukocyte,16.35,31,53.2
CELL_10330,Fibroblast,87.97,46,70.72
CELL_61452,Erythrocyte,108.62,41,62.08
CELL_29829,Stem Cell,13.5,48,97.63
CELL_80795,Fibroblast,93.34,5,51.89
CELL_83510,Neuron,10.47,11,92.75
CELL_41910,Myocyte,54.06,32,88.85
CELL_85291,Erythrocyte,16.82,50,90.92
CELL_73864,Neuron,115.93,47,52.81
CELL_77954,Neuron,7.01,49,88.99
CELL_67122,Neuron,78.64,26,68.19
CELL_42396,Neuron,67.76,12,75.79
CELL_60877,Myocyte,119.19,35,65.14
CELL_97534,Myocyte,90.32,24,63.39
CELL_78608,Epithelial,102.57,40,99.29
CELL_32899,Epithelial,21.01,18,89.16
CELL_72674,Leukocyte,115.44,20,65.51
CELL_81049,Fibroblast,95.73,5,53.38
CELL_38956,Neuron,70.19,7,70.46
CELL_50021,Fibroblast,49.74,36,85.83
CELL_19709,Leukocyte,117.15,5,60.17
CELL_46311,Stem Cell,44.19,17,57.09
CELL_31697,Epithelial,105.19,7,84.32
CELL_20311,Epithelial,105.46,10,61.5
CELL_88234,Neuron,47.65,43,78.05
CELL_98551,Neuron,28.88,7,67.91
CELL_74483,Fibroblast,107.3,26,75.9
CELL_12076,Epithelial,79.0,45,62.63
CELL_72480,Myocyte,115.65,33,60.75
CELL_37314,Epithelial,86.31,40,83.17
CELL_53223,Myocyte,116.39,39,95.79
CELL_38709,Epithelial,35.69,12,54.0
CELL_87956,Erythrocyte,115.43,8,60.96
CELL_39831,Stem Cell,110.33,27,88.5
CELL_42475,Erythrocyte,34.03,5,63.09
CELL_61373,Fibroblast,11.88,31,76.08
CELL_12799,Myocyte,43.18,48,65.93
CELL_68470,Stem Cell,52.69,15,71.69
CELL_67606,Myocyte,11.63,9,91.71
CELL_48845,Stem Cell,18.3,34,78.31
CELL_16851,Stem Cell,9.28,45,81.64
CELL_27492,Myocyte,34.55,23,80.95
CELL_76297,Leukocyte,44.03,19,97.29
CELL_87083,Leukocyte,25.82,26,98.23
CELL_58531,Erythrocyte,62.89,38,77.7
CELL_42734,Leukocyte,108.03,22,67.65
CELL_97202,Leukocyte,113.21,49,59.9
CELL_94970,Stem Cell,44.64,37,60.96
CELL_44305,Myocyte,25.15,38,70.21
CELL_36463,Epithelial,95.35,19,53.79
CELL_48179,Fibroblast,59.98,50,80.88
CELL_84158,Erythrocyte,44.24,28,81.49
CELL_45355,Fibroblast,100.83,42,93.93
CELL_19969,Erythrocyte,69.62,48,86.89
CELL_15387,Erythrocyte,111.33,30,56.39
CELL_49957,Myocyte,99.71,30,66.8
CELL_97264,Neuron,30.05,50,89.52
CELL_32625,Fibroblast,88.01,39,56.29
CELL_42181,Stem Cell,85.51,25,57.13
CELL_77904,Stem Cell,69.59,18,99.13
CELL_71173,Fibroblast,55.47,26,99.89
CELL_40564,Myocyte,69.93,33,73.28
CELL_97331,Fibroblast,77.51,33,70.43
CELL_11974,Stem Cell,63.44,42,63.35
CELL_33964,Leukocyte,57.11,20,94.43
CELL_21097,Fibroblast,29.42,16,70.87
CELL_82818,Erythrocyte,59.46,43,63.13
CELL_28815,Neuron,104.5,50,52.36
CELL_67732,Fibroblast,30.58,21,59.47
CELL_95686,Neuron,78.55,22,63.1
CELL_88122,Neuron,73.52,29,53.02
CELL_77821,Myocyte,46.42,26,51.5
CELL_88872,Fibroblast,44.81,20,79.98
CELL_33433,Neuron,33.49,7,55.95
CELL_65366,Fibroblast,46.7,45,87.15
CELL_30384,Leukocyte,8.65,28,50.51
CELL_81980,Myocyte,54.21,30,53.85
CELL_21218,Fibroblast,100.28,18,64.92
CELL_47992,Neuron,102.91,9,71.78
CELL_27822,Neuron,83.05,13,78.44
CELL_84039,Stem Cell,46.16,48,90.42
CELL_57772,Fibroblast,69.12,25,73.32
CELL_13608,Erythrocyte,115.94,11,90.71
CELL_68227,Leukocyte,104.82,31,91.35
CELL_32959,Neuron,70.85,36,58.41
CELL_34866,Fibroblast,117.12,21,63.92
CELL_60311,Stem Cell,61.98,18,58.41
CELL_53974,Leukocyte,88.19,43,66.75
CELL_23607,Epithelial,65.76,15,52.62
CELL_37351,Stem Cell,13.52,34,54.68
CELL_55107,Stem Cell,63.85,34,82.47
CELL_78346,Erythrocyte,77.3,40,85.72
CELL_79400,Fibroblast,53.2,26,51.4
CELL_59928,Neuron,64.8,33,61.17
CELL_60164,Myocyte,59.6,33,96.36
CELL_19717,Epithelial,10.79,46,71.9
CELL_80599,Stem Cell,98.65,26,93.91
CELL_50612,Myocyte,26.27,26,70.47
CELL_45264,Leukocyte,52.47,49,69.05
CELL_43960,Fibroblast,101.06,16,92.15
CELL_72605,Leukocyte,15.1,43,77.82
CELL_39097,Stem Cell,96.82,22,72.92
CELL_46312,Epithelial,52.94,26,67.68
CELL_97197,Fibroblast,5.23,19,55.25
CELL_28906,Fibroblast,43.08,19,96.74
CELL_58146,Epithelial,37.68,36,71.08
CELL_32778,Myocyte,84.22,47,79.27
CELL_90939,Leukocyte,24.62,10,52.3
CELL_45430,Myocyte,22.94,21,71.66
CELL_57879,Epithelial,103.3,11,70.1
CELL_16663,Stem Cell,55.07,13,83.04
CELL_51719,Stem Cell,116.09,41,84.93
CELL_45283,Stem Cell,100.32,28,91.76
CELL_85872,Neuron,15.81,13,76.57
CELL_16061,Neuron,17.97,41,92.36
CELL_50304,Leukocyte,99.47,44,72.81
CELL_91468,Fibroblast,60.42,26,65.99
CELL_47674,Leukocyte,52.32,31,67.23
CELL_81090,Stem Cell,67.62,49,82.58
CELL_10963,Myocyte,22.45,26,90.83
CELL_84462,Stem Cell,109.61,29,83.43
CELL_57206,Myocyte,108.96,22,97.05
CELL_22729,Stem Cell,36.0,27,81.64
CELL_27795,Erythrocyte,51.44,37,79.43
CELL_26992,Neuron,89.49,44,66.18
CELL_47593,Stem Cell,42.63,48,87.22
CELL_48139,Stem Cell,99.39,5,97.18
CELL_84878,Fibroblast,109.04,41,98.81
CELL_83671,Fibroblast,114.61,32,90.09
CELL_75414,Myocyte,21.84,42,69.81
CELL_81203,Neuron,45.04,20,69.35
CELL_88719,Stem Cell,94.3,23,97.33
CELL_98102,Fibroblast,6.11,45,55.01
CELL_68506,Erythrocyte,42.74,43,81.9
CELL_26679,Erythrocyte,20.65,11,81.51
CELL_16505,Leukocyte,45.52,12,63.41
CELL_39867,Erythrocyte,31.26,26,67.64
CELL_31343,Neuron,55.03,50,52.22
CELL_70520,Fibroblast,60.23,26,96.01
CELL_66959,Neuron,5.75,22,54.88
CELL_93952,Stem Cell,54.07,31,98.26
CELL_41903,Myocyte,43.74,45,56.44
CELL_59182,Erythrocyte,110.25,31,88.7
CELL_80383,Fibroblast,76.33,19,57.58
CELL_67733,Fibroblast,18.36,18,71.58
CELL_26871,Myocyte,107.79,9,84.19
CELL_86957,Myocyte,80.48,20,81.34
CELL_73675,Leukocyte,7.68,26,74.29
CELL_38709,Epithelial,81.21,49,78.11
CELL_23099,Stem Cell,118.63,20,88.95
CELL_27279,Neuron,58.91,30,82.76
CELL_73744,Leukocyte,80.94,40,60.13
CELL_41827,Myocyte,119.55,29,65.73
CELL_67388,Stem Cell,32.17,16,85.07
CELL_93532,Leukocyte,89.28,7,59.09
CELL_19583,Fibroblast,116.27,33,83.8
CELL_35396,Fibroblast,18.01,18,99.78
CELL_54920,Stem Cell,22.17,49,72.4
CELL_17036,Erythrocyte,54.43,9,65.41
CELL_95942,Erythrocyte,64.54,45,50.17
CELL_12211,Stem Cell,69.84,16,72.15
CELL_27321,Erythrocyte,27.81,41,97.77
CELL_37756,Erythrocyte,85.89,45,55.23
CELL_27778,Erythrocyte,36.55,43,72.96
CELL_65787,Erythrocyte,64.73,37,89.38
CELL_91047,Stem Cell,115.68,38,78.89
CELL_20339,Fibroblast,110.73,13,86.58
CELL_67510,Fibroblast,37.04,42,86.41
CELL_20079,Leukocyte,72.54,26,75.66
CELL_14559,Neuron,91.65,34,75.06
CELL_98235,Myocyte,75.95,46,59.88
CELL_36186,Erythrocyte,76.77,31,66.37
CELL_45732,Neuron,119.29,47,77.21
CELL_90265,Stem Cell,69.81,12,97.63
CELL_53283,Fibroblast,76.38,35,52.16
CELL_49405,Epithelial,36.32,12,68.04
CELL_88092,Epithelial,101.28,50,96.81
CELL_64785,Myocyte,81.58,15,76.26
CELL_58800,Leukocyte,74.27,29,56.6
CELL_38294,Neuron,116.13,27,62.45
CELL_66305,Myocyte,86.18,50,83.97
CELL_14609,Stem Cell,107.02,34,86.4
CELL_23387,Erythrocyte,43.71,40,91.39
CELL_66283,Stem Cell,24.38,9,72.45
CELL_33129,Erythrocyte,15.61,11,71.32
CELL_29686,Myocyte,51.26,28,66.28
CELL_59226,Erythrocyte,27.51,22,72.01
CELL_88855,Stem Cell,117.75,8,56.87
CELL_60952,Epithelial,24.19,11,93.33
CELL_14711,Stem Cell,80.55,42,87.49
CELL_13049,Leukocyte,47.68,24,55.83
CELL_77296,Epithelial,103.03,18,92.5
CELL_14818,Erythrocyte,98.68,5,98.67
CELL_25300,Fibroblast,19.54,20,69.37
CELL_97217,Leukocyte,82.88,19,79.58
CELL_55808,Myocyte,23.84,29,86.33
CELL_41293,Fibroblast,13.13,48,97.23
CELL_71873,Myocyte,67.49,32,55.65
CELL_37799,Neuron,114.0,36,64.53
CELL_35812,Myocyte,62.68,19,59.5
CELL_25161,Neuron,88.31,8,59.87
CELL_53097,Neuron,79.59,29,79.72
CELL_35763,Leukocyte,21.78,34,57.73
CELL_75796,Stem Cell,100.16,18,60.31
CELL_59134,Stem Cell,98.69,20,91.54
CELL_62708,Fibroblast,21.76,23,57.77
CELL_18723,Stem Cell,49.99,7,87.02
CELL_54149,Neuron,46.4,45,84.54
CELL_21273,Myocyte,85.76,41,82.11
CELL_32607,Epithelial,27.01,32,76.62
CELL_57655,Erythrocyte,110.29,46,57.43
CELL_19750,Leukocyte,87.04,47,63.22
CELL_53142,Leukocyte,67.02,10,95.69
CELL_16211,Leukocyte,118.64,32,64.03
CELL_70847,Leukocyte,15.79,30,65.07
CELL_34873,Stem Cell,62.99,21,83.79
CELL_57949,Myocyte,28.57,24,60.1
CELL_93095,Fibroblast,20.07,42,54.95
CELL_68914,Stem Cell,26.51,41,51.08
CELL_29594,Leukocyte,5.57,38,76.29
CELL_43814,Erythrocyte,61.94,41,81.75
CELL_91852,Fibroblast,70.09,8,64.59
CELL_41023,Stem Cell,65.59,38,77.41
CELL_66480,Stem Cell,73.06,32,96.33
CELL_25311,Erythrocyte,76.61,20,95.63
CELL_49075,Neuron,30.04,24,73.21
CELL_23498,Erythrocyte,43.71,39,69.05
CELL_61193,Myocyte,117.51,38,61.48
CELL_81355,Myocyte,55.0,28,73.26
CELL_47712,Myocyte,76.4,17,72.43
CELL_86370,Fibroblast,103.78,42,94.37
CELL_70412,Epithelial,42.06,28,81.49
CELL_61969,Epithelial,50.69,33,89.93
CELL_26560,Leukocyte,46.79,31,93.54
CELL_79172,Epithelial,36.49,49,99.8
CELL_86523,Stem Cell,65.02,21,71.15
CELL_57814,Epithelial,80.91,16,72.08
CELL_66989,Leukocyte,92.98,9,94.08
CELL_53172,Fibroblast,35.79,40,80.62
CELL_26982,Myocyte,19.55,17,87.12
CELL_16509,Epithelial,107.99,46,58.76
CELL_96196,Epithelial,6.03,5,95.45
CELL_41864,Stem Cell,102.34,39,98.25
CELL_41831,Stem Cell,70.05,22,66.7
CELL_70326,Epithelial,66.25,35,93.55
CELL_26896,Neuron,112.29,35,98.6
CELL_83320,Neuron,91.52,16,82.07
CELL_44200,Epithelial,92.27,18,70.11
CELL_34699,Leukocyte,51.81,37,93.57
CELL_44513,Epithelial,52.45,35,92.22
CELL_51642,Neuron,117.72,13,99.34
CELL_94178,Neuron,9.14,41,83.77
CELL_75939,Epithelial,21.98,35,68.0
CELL_72019,Erythrocyte,102.29,36,86.57
CELL_24908,Erythrocyte,15.47,17,72.56
CELL_92703,Myocyte,109.8,11,53.52
CELL_40723,Erythrocyte,55.76,26,81.38
CELL_44570,Fibroblast,96.3,13,54.5
CELL_17683,Epithelial,118.92,8,80.66
CELL_13073,Leukocyte,34.83,41,66.11
CELL_95469,Erythrocyte,6.34,5,84.04
CELL_88011,Stem Cell,55.97,37,52.92
CELL_91753,Erythrocyte,55.6,40,97.61
CELL_34438,Epithelial,11.67,35,55.62
CELL_11087,Leukocyte,13.91,8,72.65
CELL_55109,Stem Cell,56.01,39,68.41
CELL_96309,Epithelial,46.95,23,61.43
CELL_29085,Erythrocyte,60.29,18,79.64
CELL_11486,Epithelial,81.1,25,58.9
CELL_35686,Erythrocyte,74.32,24,95.67
CELL_13314,Neuron,80.81,41,82.59
CELL_97723,Stem Cell,19.13,50,66.66
CELL_77800,Erythrocyte,104.6,30,86.11
CELL_19840,Epithelial,74.74,16,76.85
CELL_71491,Myocyte,58.71,10,93.88
CELL_91365,Neuron,103.93,5,71.83
CELL_51464,Erythrocyte,20.88,16,98.11
CELL_59766,Leukocyte,98.53,44,52.55
CELL_71666,Leukocyte,53.4,26,72.6
CELL_69749,Stem Cell,89.02,26,79.93
CELL_20169,Neuron,77.68,43,54.03
CELL_70696,Erythrocyte,111.87,28,67.41
CELL_98129,Epithelial,6.88,20,68.67
CELL_80631,Neuron,28.61,25,68.23
CELL_86493,Fibroblast,81.3,35,71.69
CELL_42111,Erythrocyte,20.54,38,93.89
CELL_80560,Fibroblast,71.54,12,94.49
CELL_32075,Stem Cell,70.19,29,90.31
CELL_16279,Leukocyte,63.25,32,94.79
CELL_60900,Leukocyte,85.82,42,82.55
CELL_37108,Myocyte,65.02,33,64.0
CELL_73966,Leukocyte,54.23,37,79.21
CELL_68861,Stem Cell,100.44,31,97.33
CELL_65532,Fibroblast,92.06,40,66.5
CELL_56540,Erythrocyte,35.11,34,87.11
CELL_53222,Stem Cell,74.66,43,69.64
CELL_20163,Neuron,74.23,24,53.46
CELL_54602,Stem Cell,56.0,15,60.47
CELL_52110,Epithelial,96.9,13,53.15
CELL_80644,Stem Cell,73.91,11,71.02
CELL_99441,Stem Cell,90.43,29,63.63
CELL_16207,Fibroblast,94.42,9,69.11
CELL_22103,Stem Cell,72.35,38,52.4
CELL_69763,Stem Cell,6.52,19,58.36
CELL_51826,Neuron,98.93,11,92.3
CELL_63150,Epithelial,117.59,24,50.82
CELL_39135,Neuron,112.09,6,55.12
CELL_81125,Fibroblast,90.9,30,93.38
CELL_56174,Leukocyte,100.4,12,50.62
CELL_23923,Myocyte,104.95,7,81.47
CELL_32670,Epithelial,19.75,47,89.63
CELL_79827,Erythrocyte,79.53,49,83.31
CELL_52272,Stem Cell,8.64,10,58.58
CELL_59178,Erythrocyte,117.7,40,69.34
CELL_13726,Myocyte,23.69,45,71.51
CELL_12473,Neuron,30.46,29,67.37
CELL_43854,Myocyte,77.41,5,69.14
CELL_94530,Epithelial,13.9,49,64.5
CELL_58872,Leukocyte,26.34,25,72.34
CELL_74439,Myocyte,82.19,29,65.5
CELL_12025,Stem Cell,25.37,13,94.55
CELL_53011,Fibroblast,46.1,27,80.85
CELL_16675,Myocyte,37.33,38,82.68
CELL_99524,Erythrocyte,75.14,18,87.07
CELL_21788,Myocyte,36.94,36,59.48
CELL_25732,Epithelial,19.5,32,65.37
CELL_26034,Leukocyte,78.11,47,87.43
CELL_24230,Erythrocyte,12.47,35,54.3
CELL_89379,Myocyte,72.64,49,82.77
CELL_43637,Epithelial,68.32,31,85.39
CELL_12271,Fibroblast,8.78,48,93.41
CELL_92605,Epithelial,43.83,10,84.18
CELL_89022,Epithelial,24.27,27,77.85
CELL_51799,Erythrocyte,10.47,8,89.86
CELL_40867,Erythrocyte,13.4,16,93.52
CELL_17350,Fibroblast,98.8,10,53.67
CELL_10498,Fibroblast,23.69,50,72.76
CELL_75295,Neuron,18.3,26,88.54
CELL_45079,Fibroblast,24.42,49,53.35
CELL_59709,Epithelial,72.98,9,88.52
CELL_16924,Stem Cell,5.67,49,71.37
CELL_15084,Stem Cell,82.94,30,96.3
CELL_26276,Epithelial,101.2,15,58.08
CELL_24084,Epithelial,37.51,37,78.88
CELL_77518,Neuron,67.96,39,94.81
CELL_82614,Fibroblast,118.34,47,99.13
CELL_50459,Erythrocyte,35.41,6,50.33
CELL_87162,Erythrocyte,46.79,10,84.63
CELL_26095,Stem Cell,71.6,5,72.01
CELL_42024,Neuron,39.43,6,67.73
CELL_59481,Neuron,93.64,36,72.95
CELL_89732,Myocyte,107.21,28,79.23
CELL_83550,Fibroblast,89.86,13,94.42
CELL_60121,Erythrocyte,80.84,5,74.71
CELL_71679,Leukocyte,63.64,38,52.19
CELL_52399,Stem Cell,28.77,29,87.33
CELL_72358,Myocyte,62.75,18,62.32
CELL_38348,Neuron,35.3,28,89.81
CELL_47149,Erythrocyte,61.5,47,94.61
CELL_13824,Leukocyte,34.34,47,81.34
CELL_34966,Epithelial,96.9,7,77.72
CELL_83370,Epithelial,14.01,39,57.41
CELL_96177,Leukocyte,46.45,26,61.12
CELL_40786,Epithelial,27.33,13,71.43
CELL_25791,Epithelial,71.95,47,59.37
CELL_98632,Fibroblast,97.4,45,73.46
CELL_98703,Stem Cell,14.17,40,96.54
CELL_70867,Fibroblast,21.13,38,69.98
CELL_16774,Epithelial,13.1,5,95.08
CELL_67246,Fibroblast,72.64,48,60.19
CELL_21681,Fibroblast,23.23,33,73.85
CELL_76080,Epithelial,16.89,42,77.96
CELL_34746,Stem Cell,70.75,25,63.03
CELL_13344,Fibroblast,77.9,24,94.35
CELL_98859,Myocyte,34.39,40,67.45
CELL_94703,Neuron,95.74,42,82.93
CELL_27263,Epithelial,12.98,19,60.88
CELL_43395,Myocyte,115.54,7,56.28
CELL_96225,Fibroblast,106.41,21,62.09
CELL_12729,Fibroblast,98.68,38,71.39
CELL_61083,Myocyte,110.74,33,57.31
CELL_78086,Erythrocyte,16.37,5,93.83
CELL_90918,Epithelial,86.05,42,89.78
CELL_22465,Fibroblast,106.28,22,58.41
CELL_29993,Leukocyte,30.7,25,73.96
CELL_12627,Neuron,93.31,11,56.1
CELL_92542,Stem Cell,92.8,19,66.69
CELL_80641,Fibroblast,69.77,14,61.48
CELL_97782,Myocyte,17.38,49,80.67
CELL_32661,Epithelial,28.02,24,75.62
CELL_45788,Neuron,10.92,10,54.28
CELL_74823,Myocyte,70.85,7,82.9
CELL_51533,Neuron,19.24,25,92.17
CELL_95491,Leukocyte,68.14,15,57.43
CELL_78421,Neuron,69.28,24,85.89
CELL_79771,Erythrocyte,86.01,49,62.73
CELL_15528,Fibroblast,85.94,28,98.9
CELL_50256,Neuron,91.33,14,67.42
CELL_21084,Leukocyte,54.48,34,98.6
CELL_16076,Myocyte,25.66,40,68.69
CELL_44382,Epithelial,88.99,42,94.92
CELL_37603,Leukocyte,45.71,10,98.65
CELL_20641,Erythrocyte,5.38,19,87.62
CELL_52862,Fibroblast,67.44,42,68.99
CELL_35293,Leukocyte,85.38,48,79.47
CELL_80440,Myocyte,58.42,23,87.75
CELL_92033,Erythrocyte,14.94,30,95.03
CELL_36503,Erythrocyte,86.36,14,70.81
CELL_27138,Stem Cell,62.7,30,53.46
CELL_63310,Fibroblast,83.91,43,67.52
CELL_15057,Myocyte,74.85,23,64.03
CELL_47533,Myocyte,75.09,43,59.92
CELL_43785,Stem Cell,74.22,39,90.09
CELL_30075,Fibroblast,26.11,16,88.3
CELL_86596,Stem Cell,59.32,42,84.77
CELL_88001,Stem Cell,8.81,9,88.8
CELL_86856,Erythrocyte,63.63,10,93.18
CELL_33895,Stem Cell,67.44,21,60.09
CELL_85832,Neuron,17.24,21,61.6
CELL_98779,Stem Cell,28.18,29,52.12
CELL_74176,Neuron,57.27,12,68.89
CELL_91601,Leukocyte,11.64,7,99.86
CELL_40669,Myocyte,113.49,43,78.01
CELL_92947,Leukocyte,112.91,33,58.32
CELL_13463,Fibroblast,110.41,35,94.38
CELL_20248,Stem Cell,99.01,49,94.91
CELL_13326,Fibroblast,90.1,37,64.55
CELL_66166,Epithelial,60.78,8,62.34
CELL_34410,Neuron,71.7,15,70.43
CELL_16404,Leukocyte,5.02,11,70.28
CELL_89754,Fibroblast,10.77,40,62.88
CELL_40099,Epithelial,20.51,37,71.44
CELL_44858,Leukocyte,105.82,24,70.55
CELL_59959,Myocyte,64.08,10,59.02
CELL_58491,Leukocyte,107.57,22,70.67
CELL_33470,Epithelial,101.7,21,81.54
CELL_40878,Fibroblast,33.6,25,74.93
CELL_36746,Leukocyte,93.8,6,96.54
CELL_20434,Erythrocyte,108.8,50,53.31
CELL_61120,Neuron,99.93,36,76.27
CELL_58388,Fibroblast,8.7,45,58.51
CELL_69739,Neuron,96.98,17,55.5
CELL_88492,Leukocyte,40.77,39,96.21
CELL_13789,Leukocyte,49.65,26,64.46
CELL_66576,Leukocyte,14.45,32,57.74
CELL_72377,Leukocyte,108.96,40,99.33
CELL_61217,Myocyte,38.23,25,76.47
CELL_99529,Stem Cell,29.79,43,76.52
CELL_17201,Myocyte,28.53,26,99.09
CELL_93281,Epithelial,118.77,39,53.85
CELL_41101,Myocyte,37.04,20,75.36
CELL_53042,Fibroblast,42.54,29,52.78
CELL_23133,Myocyte,50.28,21,99.6
CELL_66228,Myocyte,43.83,46,77.96
CELL_57681,Myocyte,71.26,30,81.13
CELL_14356,Fibroblast,112.57,24,62.14
CELL_27952,Stem Cell,10.76,38,85.58
CELL_37479,Stem Cell,42.74,34,80.27
CELL_83548,Stem Cell,68.67,45,97.45
CELL_77644,Myocyte,8.8,35,51.07
CELL_11807,Epithelial,53.47,20,53.62
CELL_38679,Stem Cell,6.84,6,88.95
CELL_78202,Erythrocyte,46.21,8,84.31
CELL_74295,Erythrocyte,62.18,20,51.22
CELL_33999,Stem Cell,29.19,37,91.32
CELL_92505,Epithelial,99.7,14,76.85
CELL_24659,Erythrocyte,9.95,5,65.05
CELL_76930,Erythrocyte,33.99,46,84.42
CELL_18289,Erythrocyte,117.82,9,77.25
CELL_55827,Fibroblast,102.83,31,71.27
CELL_73523,Fibroblast,75.3,14,91.42
CELL_37793,Myocyte,107.04,50,88.86
CELL_41247,Stem Cell,13.19,18,82.89
CELL_98410,Neuron,68.79,39,91.84
CELL_53318,Stem Cell,115.73,43,88.81
CELL_48264,Neuron,54.71,33,62.35
CELL_21082,Myocyte,23.75,17,98.53
CELL_64131,Stem Cell,94.39,27,84.24
CELL_47461,Erythrocyte,25.51,15,54.12
CELL_44455,Neuron,72.15,40,92.66
CELL_46018,Neuron,68.8,49,62.84
CELL_14309,Erythrocyte,81.7,16,58.26
CELL_29511,Epithelial,27.12,47,85.24
CELL_18703,Fibroblast,27.24,29,99.6
CELL_94948,Epithelial,66.47,48,63.13
CELL_99622,Erythrocyte,5.37,38,88.6
CELL_25479,Leukocyte,74.58,24,96.5
CELL_17224,Erythrocyte,12.0,49,64.47
CELL_27256,Stem Cell,6.23,44,93.4
CELL_55963,Stem Cell,112.65,13,53.33
CELL_14258,Epithelial,33.65,38,94.24
CELL_44585,Erythrocyte,58.26,19,94.95
CELL_86943,Stem Cell,106.61,33,94.65
CELL_60415,Epithelial,87.67,23,70.92
CELL_93195,Erythrocyte,5.71,46,65.53
CELL_64993,Fibroblast,100.24,41,55.94
CELL_99826,Stem Cell,79.0,43,78.59
CELL_35586,Erythrocyte,54.29,44,56.12
CELL_95279,Neuron,15.44,23,91.17
CELL_46253,Myocyte,53.98,16,59.35
CELL_58384,Myocyte,113.6,42,85.75
CELL_92190,Myocyte,80.78,27,75.92
CELL_28419,Erythrocyte,52.05,49,70.99
CELL_89978,Leukocyte,74.59,37,62.9
CELL_30664,Erythrocyte,103.9,7,83.07
CELL_48638,Myocyte,28.81,27,71.88
CELL_65261,Erythrocyte,49.49,42,91.93
CELL_51672,Leukocyte,113.7,6,77.78
CELL_10907,Erythrocyte,79.27,25,69.83
CELL_98348,Leukocyte,27.31,48,86.82
CELL_19123,Myocyte,107.18,21,97.28
CELL_55522,Stem Cell,70.64,46,59.11
CELL_73202,Epithelial,69.6,11,87.34
CELL_20774,Myocyte,69.41,49,95.58
CELL_89715,Erythrocyte,88.83,15,96.9
CELL_25534,Stem Cell,5.49,43,84.46
CELL_28488,Myocyte,12.11,31,74.48
CELL_32358,Myocyte,50.82,34,88.94
CELL_47155,Erythrocyte,102.85,8,81.38
CELL_43025,Stem Cell,108.43,20,97.48
CELL_72196,Erythrocyte,45.79,49,71.6
CELL_39208,Leukocyte,44.39,27,91.69
CELL_87973,Myocyte,13.12,10,55.25
CELL_21813,Myocyte,112.11,20,72.05
CELL_38982,Stem Cell,18.54,19,82.76
CELL_37028,Epithelial,36.06,41,97.1
CELL_57159,Neuron,114.12,45,66.3
CELL_45171,Epithelial,110.01,7,81.89
CELL_98412,Myocyte,70.07,11,84.67
CELL_44483,Stem Cell,40.26,23,65.82
CELL_76206,Epithelial,51.77,46,61.84
CELL_42671,Stem Cell,16.77,42,86.08
CELL_66034,Stem Cell,37.55,31,88.58
CELL_80272,Neuron,93.05,34,71.79
CELL_87234,Leukocyte,19.31,21,79.48
CELL_29468,Leukocyte,54.02,31,70.04
CELL_76512,Neuron,30.44,7,57.83
CELL_63679,Erythrocyte,10.77,35,50.27
CELL_82591,Neuron,119.56,49,69.55
CELL_23131,Stem Cell,38.49,15,78.1
CELL_13880,Stem Cell,7.2,17,76.22
CELL_45166,Fibroblast,95.81,40,88.82
CELL_72953,Leukocyte,80.97,47,65.17
CELL_56641,Erythrocyte,119.22,24,76.7
CELL_93324,Myocyte,16.32,45,83.26
CELL_27913,Epithelial,110.65,9,99.14
CELL_56302,Leukocyte,57.32,41,53.93
CELL_17117,Myocyte,26.59,40,91.5
CELL_32661,Erythrocyte,24.33,30,65.47
CELL_72249,Fibroblast,100.34,23,81.74
CELL_55323,Neuron,18.07,8,97.6
CELL_83962,Neuron,101.7,32,61.31
CELL_24725,Epithelial,118.44,48,57.13
CELL_75386,Myocyte,10.21,38,85.37
CELL_64605,Stem Cell,22.72,17,84.81
CELL_27445,Epithelial,117.67,12,67.48
CELL_61650,Leukocyte,57.88,41,80.94
CELL_56986,Epithelial,73.1,42,82.89
CELL_46386,Fibroblast,97.06,16,73.5
CELL_19986,Erythrocyte,33.79,31,70.41
CELL_11929,Stem Cell,16.32,23,50.41
CELL_23877,Neuron,73.48,8,76.86
CELL_61508,Myocyte,85.6,28,88.29
CELL_90903,Erythrocyte,43.27,42,99.25
CELL_67325,Neuron,9.55,48,92.03
CELL_42093,Fibroblast,50.64,21,97.2
CELL_61508,Leukocyte,45.09,18,75.05
CELL_68957,Myocyte,68.22,5,53.19
CELL_34858,Myocyte,96.31,39,82.22
CELL_74514,Epithelial,13.45,50,52.68
CELL_74615,Neuron,44.12,31,60.39
CELL_13617,Myocyte,8.42,48,83.68
CELL_90430,Myocyte,46.98,39,65.72
CELL_86181,Epithelial,9.09,31,81.13
CELL_97520,Myocyte,110.12,14,60.77
CELL_83482,Stem Cell,8.38,28,73.22
CELL_95783,Leukocyte,37.48,20,50.31
CELL_32521,Myocyte,10.02,11,86.39
CELL_75858,Neuron,47.59,30,82.82
CELL_11619,Erythrocyte,23.31,20,77.35
CELL_15892,Fibroblast,9.59,38,66.87
CELL_21423,Neuron,97.01,50,88.21
CELL_38586,Epithelial,5.83,50,65.31
CELL_54626,Myocyte,98.01,30,85.67
CELL_26473,Neuron,67.73,18,82.94
CELL_77642,Leukocyte,60.99,42,61.61
CELL_24351,Leukocyte,15.47,29,78.84
CELL_95033,Epithelial,27.23,11,68.33
CELL_59045,Stem Cell,12.18,37,66.77
CELL_49373,Leukocyte,16.01,50,91.84
CELL_75587,Erythrocyte,102.16,7,87.28
CELL_42591,Neuron,11.16,33,76.32
CELL_81852,Erythrocyte,118.34,36,62.11
CELL_59195,Epithelial,60.17,33,92.18
CELL_51964,Erythrocyte,91.23,21,52.06
CELL_96059,Erythrocyte,60.66,17,57.59
CELL_43157,Epithelial,67.83,23,82.07
CELL_74569,Neuron,22.0,32,53.43
CELL_49344,Myocyte,98.0,14,89.37
CELL_13574,Fibroblast,58.47,7,81.64
CELL_42135,Erythrocyte,60.74,20,87.08
CELL_91003,Fibroblast,104.15,18,98.77
CELL_17130,Erythrocyte,85.89,40,98.84
CELL_15447,Myocyte,64.5,38,78.09
CELL_60261,Epithelial,104.72,49,88.46
CELL_77754,Epithelial,48.13,35,75.95
CELL_40798,Erythrocyte,9.81,39,55.1
CELL_79228,Fibroblast,116.09,47,98.83
CELL_92763,Epithelial,29.29,44,78.97
CELL_33655,Neuron,24.88,33,87.74
CELL_32905,Neuron,95.21,47,94.53
CELL_32135,Stem Cell,56.17,49,89.9
CELL_64513,Neuron,112.19,11,52.42
CELL_65737,Myocyte,42.27,46,58.43
CELL_48544,Stem Cell,11.03,41,63.26
CELL_59898,Neuron,118.77,27,81.52
CELL_11586,Fibroblast,37.19,46,67.72
CELL_10523,Myocyte,70.59,11,64.24
CELL_92621,Stem Cell,9.23,36,95.22
CELL_37210,Epithelial,7.32,16,82.19
CELL_26061,Erythrocyte,84.28,7,61.54
CELL_57026,Epithelial,46.35,20,54.87
CELL_84334,Erythrocyte,71.0,33,81.36
CELL_30693,Epithelial,39.47,37,58.13
CELL_23541,Stem Cell,27.81,38,87.5
CELL_86911,Leukocyte,68.12,11,69.74
CELL_14438,Fibroblast,10.86,17,63.08
CELL_16157,Neuron,31.94,15,87.93
CELL_60196,Epithelial,6.76,17,56.86
CELL_61967,Erythrocyte,112.42,23,75.36
CELL_25161,Neuron,11.09,41,93.4
CELL_49524,Epithelial,39.18,21,64.45
CELL_88595,Stem Cell,53.15,6,72.08
CELL_36735,Fibroblast,48.67,50,61.77
CELL_29399,Epithelial,38.69,30,73.13
CELL_83611,Neuron,63.13,17,82.84
CELL_91834,Myocyte,85.7,19,61.89
CELL_42444,Erythrocyte,23.12,44,88.35
CELL_20008,Epithelial,75.04,23,98.48
CELL_81168,Epithelial,9.22,41,88.63
CELL_26285,Myocyte,113.26,29,74.95
CELL_30421,Leukocyte,12.11,42,64.57
CELL_80448,Myocyte,59.4,18,57.31
CELL_67548,Leukocyte,46.16,17,73.61
CELL_62732,Stem Cell,19.81,41,88.73
CELL_11984,Myocyte,90.63,40,65.23
CELL_23285,Erythrocyte,112.2,23,68.0
CELL_37991,Leukocyte,7.33,20,71.79
CELL_28770,Stem Cell,68.02,33,99.09
CELL_74897,Erythrocyte,20.16,31,50.08
CELL_99925,Leukocyte,57.16,37,75.1
CELL_92253,Epithelial,100.08,25,81.15
CELL_74307,Erythrocyte,18.59,5,88.02
CELL_93576,Fibroblast,113.14,20,95.22
CELL_46436,Erythrocyte,38.81,5,93.35
CELL_73239,Leukocyte,65.97,45,67.11
CELL_88502,Leukocyte,86.88,30,57.2
CELL_40736,Neuron,68.63,8,95.49
CELL_48038,Myocyte,117.17,46,87.5
CELL_40247,Fibroblast,43.07,47,56.87
CELL_58318,Erythrocyte,111.11,33,51.18
CELL_32975,Stem Cell,20.29,49,65.2
CELL_97914,Stem Cell,41.13,50,58.97
CELL_45637,Erythrocyte,7.9,33,80.12
CELL_20865,Leukocyte,14.05,16,52.05
CELL_17953,Myocyte,97.18,21,87.77
CELL_32363,Fibroblast,7.1,17,94.68
CELL_29857,Erythrocyte,113.41,26,76.88
CELL_48795,Neuron,78.03,5,98.81
CELL_62642,Myocyte,72.88,15,77.38
CELL_87138,Erythrocyte,38.23,26,66.58
CELL_22768,Stem Cell,116.91,49,72.8
CELL_79494,Fibroblast,54.03,5,87.1
CELL_69649,Erythrocyte,100.16,39,58.59
CELL_51283,Leukocyte,118.55,42,96.55
CELL_97476,Epithelial,87.5,17,74.84
CELL_62708,Erythrocyte,6.35,24,62.82
CELL_90999,Epithelial,30.94,9,73.81
CELL_55784,Stem Cell,17.6,49,64.78
CELL_93570,Epithelial,94.46,6,73.65
CELL_96405,Leukocyte,119.03,29,91.97
CELL_41656,Stem Cell,29.75,39,77.61
CELL_45917,Myocyte,108.37,5,51.92
CELL_43676,Stem Cell,53.21,34,81.3
CELL_60687,Myocyte,98.59,22,84.61
CELL_67305,Erythrocyte,75.89,33,85.69
CELL_63605,Myocyte,86.98,36,50.22
CELL_29925,Stem Cell,62.81,31,68.09
CELL_25636,Neuron,67.32,38,88.63
CELL_61545,Stem Cell,118.58,32,54.33
CELL_93087,Leukocyte,54.78,28,87.26
CELL_21658,Myocyte,76.07,10,79.97
CELL_43427,Stem Cell,64.43,45,98.89
CELL_11250,Erythrocyte,74.59,46,53.4
CELL_24920,Erythrocyte,93.66,29,84.56
CELL_29539,Neuron,111.37,30,75.88
CELL_91287,Erythrocyte,100.51,7,82.9
CELL_19452,Leukocyte,112.61,10,76.91
CELL_19808,Stem Cell,60.81,8,89.1
CELL_67918,Stem Cell,83.61,50,74.25
CELL_13047,Neuron,116.95,46,93.07
CELL_56577,Neuron,71.69,42,52.24
CELL_23969,Stem Cell,81.83,22,70.45
CELL_59497,Erythrocyte,24.38,36,77.53
CELL_28493,Fibroblast,32.2,34,88.61
CELL_57913,Fibroblast,67.28,14,62.48
CELL_40825,Erythrocyte,54.96,18,98.59
CELL_39357,Myocyte,86.31,35,83.35
CELL_72692,Leukocyte,49.09,42,90.21
CELL_49113,Neuron,56.91,24,79.13
CELL_22951,Fibroblast,77.04,30,52.11
CELL_62213,Erythrocyte,110.48,16,69.97
CELL_76307,Stem Cell,78.89,8,89.79
CELL_44910,Leukocyte,38.43,32,51.2
CELL_88073,Leukocyte,70.99,37,63.0
CELL_57210,Neuron,87.23,26,52.22
CELL_29217,Fibroblast,85.78,7,91.97
CELL_90835,Neuron,96.71,10,51.26
CELL_64346,Myocyte,64.37,10,98.42
CELL_39737,Neuron,75.22,19,60.25
CELL_40816,Leukocyte,67.84,48,78.58
CELL_78579,Stem Cell,113.5,37,83.26
CELL_99144,Myocyte,6.88,22,74.09
CELL_29224,Myocyte,21.32,7,69.36
CELL_99826,Stem Cell,115.98,8,92.22
CELL_19087,Fibroblast,19.79,22,80.43
CELL_20704,Leukocyte,49.14,6,78.63
CELL_52138,Stem Cell,26.06,14,61.89
CELL_98864,Myocyte,20.83,14,75.46
CELL_12492,Stem Cell,59.8,37,87.83
CELL_35868,Leukocyte,77.58,37,76.94
CELL_63834,Myocyte,30.14,16,87.22
CELL_12176,Epithelial,81.13,12,73.7
CELL_75561,Epithelial,81.32,21,60.13
CELL_49048,Neuron,90.66,49,81.88
CELL_16043,Stem Cell,13.85,47,99.85
CELL_41070,Neuron,88.48,24,81.77
CELL_38033,Erythrocyte,23.75,41,78.84
CELL_48339,Fibroblast,86.13,34,89.72
CELL_61351,Stem Cell,94.9,46,80.31
CELL_19435,Leukocyte,87.74,45,91.25
CELL_80772,Erythrocyte,34.39,44,69.7
CELL_88891,Leukocyte,13.61,47,88.59
CELL_25104,Epithelial,15.64,10,56.62
CELL_74157,Leukocyte,60.61,43,98.49
CELL_73455,Myocyte,78.47,44,59.64
CELL_19974,Stem Cell,100.21,24,51.8
CELL_91472,Leukocyte,32.0,38,75.61
CELL_21542,Erythrocyte,6.37,35,91.94
CELL_47222,Neuron,80.23,33,86.76
CELL_78652,Stem Cell,97.33,50,79.74
CELL_59744,Myocyte,78.48,39,56.16
CELL_96782,Stem Cell,70.89,10,69.09
CELL_64249,Erythrocyte,51.19,32,86.54
CELL_45451,Fibroblast,76.89,46,70.12
CELL_57451,Neuron,26.9,34,55.19
CELL_79868,Epithelial,59.49,26,87.5
CELL_60034,Erythrocyte,92.97,44,79.76
CELL_95670,Neuron,78.55,14,65.73
CELL_16596,Stem Cell,31.62,13,60.31
CELL_48229,Erythrocyte,44.8,45,95.83
CELL_66494,Neuron,75.36,41,83.68
CELL_72172,Fibroblast,118.27,37,99.62
CELL_74171,Myocyte,85.0,14,96.52
CELL_26503,Stem Cell,29.68,43,56.99
CELL_14949,Neuron,43.57,6,83.16
CELL_87568,Stem Cell,101.78,18,76.27
CELL_57207,Neuron,66.62,26,59.6
CELL_48510,Stem Cell,54.0,21,95.54
CELL_96105,Leukocyte,111.76,6,98.71
CELL_15996,Erythrocyte,65.43,42,55.23
CELL_56992,Epithelial,7.87,34,55.27
CELL_52126,Myocyte,68.62,24,57.16
CELL_64065,Epithelial,60.35,47,82.6
CELL_35305,Neuron,114.49,5,89.5
CELL_13228,Fibroblast,95.57,45,95.29
CELL_23637,Erythrocyte,18.06,16,75.31
CELL_62431,Neuron,39.74,15,69.41
CELL_96181,Neuron,94.78,37,50.39
CELL_59403,Epithelial,75.73,40,85.98
CELL_60916,Epithelial,115.13,32,58.77
CELL_74409,Leukocyte,17.61,49,77.86
CELL_60628,Fibroblast,8.95,23,91.43
CELL_84860,Stem Cell,19.76,35,64.07
CELL_89890,Fibroblast,99.95,17,59.02
CELL_96986,Neuron,67.31,49,89.47
CELL_97032,Leukocyte,105.81,37,83.26
CELL_76172,Leukocyte,103.95,9,51.87
CELL_90824,Fibroblast,111.11,20,82.01
CELL_52633,Myocyte,71.19,10,69.44
CELL_78998,Fibroblast,27.75,48,80.73
CELL_27923,Stem Cell,8.31,7,63.71
CELL_48410,Neuron,24.69,5,82.55
CELL_91032,Fibroblast,106.19,8,76.91
CELL_92615,Myocyte,70.42,5,50.72
CELL_75628,Erythrocyte,88.79,48,96.18
CELL_32000,Neuron,32.35,45,66.53
CELL_73909,Myocyte,51.09,18,69.78
CELL_99061,Myocyte,62.43,40,97.12
CELL_55675,Myocyte,25.54,22,94.14
CELL_51980,Leukocyte,84.93,32,96.5
CELL_16905,Stem Cell,23.42,18,56.61
CELL_56838,Myocyte,10.04,20,70.18
CELL_97847,Erythrocyte,45.38,37,62.34
CELL_33299,Stem Cell,10.06,19,62.42
CELL_10578,Erythrocyte,104.77,9,62.35
CELL_35731,Stem Cell,49.99,21,57.32
CELL_92250,Erythrocyte,57.7,10,69.5
CELL_94843,Neuron,69.02,46,54.6
CELL_52520,Epithelial,23.89,22,57.46
CELL_34351,Fibroblast,41.16,26,63.36
CELL_57000,Neuron,14.81,49,61.1
CELL_39740,Myocyte,89.02,28,74.64
CELL_67371,Fibroblast,113.28,33,78.41
CELL_51238,Erythrocyte,62.48,49,73.39
CELL_15513,Epithelial,12.68,28,99.53
CELL_27574,Epithelial,27.33,36,89.06
CELL_89734,Stem Cell,50.86,43,70.14
CELL_16678,Stem Cell,60.32,49,89.21
CELL_53069,Leukocyte,50.71,39,74.18
CELL_42110,Myocyte,37.87,38,56.18
CELL_76473,Stem Cell,44.16,36,87.83
CELL_77804,Epithelial,67.91,39,88.29
CELL_46860,Epithelial,77.13,36,74.75
CELL_51606,Leukocyte,77.14,26,99.89
CELL_69414,Myocyte,53.94,44,77.34
CELL_72998,Myocyte,24.14,6,54.56
CELL_20745,Fibroblast,42.96,18,71.1
CELL_91440,Leukocyte,17.31,33,66.32
CELL_61560,Epithelial,6.56,35,74.16
CELL_91388,Fibroblast,116.3,49,85.68
CELL_18863,Myocyte,13.56,22,81.55
CELL_54828,Erythrocyte,108.51,21,53.36
CELL_97322,Epithelial,63.05,37,77.61
CELL_54813,Stem Cell,100.38,27,50.67
CELL_44548,Leukocyte,37.5,22,52.02
CELL_50292,Stem Cell,45.12,26,56.85
CELL_80200,Epithelial,35.8,45,50.74
CELL_74294,Myocyte,87.17,19,61.7
CELL_49175,Neuron,94.05,24,59.7
CELL_76757,Erythrocyte,22.69,39,68.8
CELL_34406,Epithelial,69.17,23,65.19
CELL_25518,Myocyte,99.92,29,90.75
CELL_38616,Neuron,81.69,12,67.56
CELL_74052,Erythrocyte,6.58,45,88.11
CELL_26459,Leukocyte,37.83,6,95.61
CELL_18443,Fibroblast,5.59,17,61.18
CELL_96117,Stem Cell,52.12,38,69.42
CELL_42549,Erythrocyte,37.51,15,86.29
CELL_17841,Erythrocyte,78.65,23,51.51
CELL_92506,Myocyte,97.62,8,68.53
CELL_92463,Leukocyte,22.39,19,74.67
CELL_21947,Stem Cell,64.82,27,61.92
CELL_21733,Stem Cell,45.21,28,93.61
CELL_73729,Myocyte,68.34,35,58.15
CELL_88036,Erythrocyte,58.32,26,78.74
CELL_76491,Epithelial,27.49,44,69.84
CELL_66367,Leukocyte,108.03,11,70.3
CELL_14188,Erythrocyte,39.14,7,84.06
CELL_95214,Myocyte,7.53,27,66.07
CELL_46857,Leukocyte,40.59,8,54.77
CELL_48837,Epithelial,56.0,7,79.1
CELL_12134,Fibroblast,109.38,39,99.62
CELL_28613,Epithelial,48.14,43,84.32
CELL_63583,Leukocyte,75.09,40,51.06
CELL_92920,Myocyte,107.58,40,63.44
CELL_54436,Neuron,49.49,16,80.67
CELL_74836,Epithelial,62.57,24,92.57
CELL_19209,Stem Cell,10.73,27,74.38
CELL_77030,Neuron,115.5,23,65.61
CELL_24845,Myocyte,80.68,9,68.51
CELL_20215,Fibroblast,23.57,44,77.77
CELL_44157,Fibroblast,35.14,16,93.32
CELL_94385,Myocyte,89.69,41,84.76
CELL_99739,Neuron,91.07,40,94.61
CELL_40755,Stem Cell,76.73,26,62.5
CELL_87847,Neuron,17.73,39,99.72
CELL_38844,Leukocyte,104.81,35,77.14
CELL_87853,Leukocyte,21.04,25,80.37
CELL_20762,Neuron,75.71,15,81.73
CELL_62224,Stem Cell,44.2,32,68.62
CELL_57291,Neuron,101.95,12,67.61
CELL_51733,Stem Cell,62.37,16,83.59
CELL_83098,Erythrocyte,26.69,39,78.11
CELL_87558,Leukocyte,18.15,48,87.93
CELL_64540,Fibroblast,97.7,37,79.04
CELL_78326,Epithelial,116.76,5,68.75
CELL_47398,Myocyte,115.52,7,75.68
CELL_92155,Epithelial,46.9,15,79.51
CELL_21450,Epithelial,82.63,26,68.22
CELL_48795,Neuron,11.96,15,91.24
CELL_53099,Stem Cell,28.24,29,51.5
CELL_84063,Fibroblast,49.45,20,90.24
CELL_77484,Leukocyte,46.39,37,87.98
CELL_18979,Stem Cell,15.31,22,83.34
CELL_52235,Leukocyte,73.66,50,67.28
CELL_38822,Leukocyte,31.08,34,51.89
CELL_56923,Epithelial,72.2,27,76.33
CELL_25658,Erythrocyte,97.68,36,97.48
CELL_38442,Leukocyte,96.56,37,68.28
CELL_21842,Erythrocyte,72.36,38,94.49
CELL_29242,Stem Cell,30.44,14,61.48
CELL_85980,Epithelial,80.58,32,80.57
CELL_12574,Neuron,88.94,20,51.02
CELL_68621,Stem Cell,43.96,43,53.55
CELL_46223,Leukocyte,113.42,23,78.07
CELL_95350,Fibroblast,89.32,47,54.4
CELL_10446,Epithelial,90.53,25,51.51
CELL_14064,Myocyte,78.11,31,74.2
CELL_21970,Fibroblast,27.15,27,98.03
CELL_49982,Myocyte,26.99,29,72.18
CELL_20357,Leukocyte,35.68,36,64.92
CELL_17150,Erythrocyte,15.79,16,61.37
CELL_91929,Epithelial,56.14,19,98.23
CELL_87077,Erythrocyte,104.49,27,76.05
CELL_31490,Fibroblast,71.39,31,71.79
CELL_63579,Epithelial,74.03,36,60.71
CELL_53138,Erythrocyte,86.78,38,91.39
CELL_48664,Epithelial,93.5,9,81.24
CELL_32781,Leukocyte,82.47,49,74.34
CELL_98116,Fibroblast,10.01,10,87.31
CELL_21575,Fibroblast,42.13,22,68.42
CELL_20271,Erythrocyte,78.19,21,90.63
CELL_89407,Neuron,59.82,47,69.04
CELL_76714,Fibroblast,86.77,14,81.93
CELL_47255,Myocyte,61.01,17,56.55
CELL_66056,Myocyte,109.04,12,51.78
CELL_88228,Fibroblast,42.08,11,71.74
CELL_96107,Myocyte,103.09,22,67.62
CELL_27554,Neuron,11.84,36,56.72
CELL_21745,Fibroblast,35.82,19,65.14
CELL_64154,Neuron,48.26,12,95.99
CELL_44634,Fibroblast,111.04,36,83.54
CELL_78004,Fibroblast,102.16,14,61.11
CELL_24163,Stem Cell,12.18,25,92.18
CELL_34630,Fibroblast,61.52,7,80.3
CELL_93069,Fibroblast,10.89,42,63.15
CELL_46136,Myocyte,79.39,23,84.17
CELL_65266,Myocyte,26.39,43,55.4
CELL_54871,Fibroblast,56.29,17,92.23
CELL_97163,Leukocyte,89.22,19,51.97
CELL_79514,Stem Cell,113.47,10,99.08
CELL_55782,Neuron,13.66,40,57.08
CELL_51743,Erythrocyte,14.18,33,84.04
CELL_33001,Erythrocyte,51.24,36,69.25
CELL_27896,Myocyte,5.92,42,63.04
CELL_60551,Epithelial,81.96,8,85.46
CELL_97966,Myocyte,99.61,17,93.44
CELL_85418,Myocyte,29.81,36,91.19
CELL_24205,Epithelial,18.53,28,51.6
CELL_62758,Fibroblast,81.8,49,96.4
CELL_77937,Neuron,69.79,32,81.87
CELL_31048,Erythrocyte,20.25,11,58.01
CELL_77032,Leukocyte,11.56,31,62.06
CELL_56955,Epithelial,57.28,13,84.58
CELL_75912,Leukocyte,56.57,44,99.66
CELL_81662,Stem Cell,50.84,30,73.16
CELL_46630,Erythrocyte,73.61,32,91.22
CELL_72775,Neuron,94.13,45,82.49
CELL_82945,Fibroblast,19.18,23,64.47
CELL_87275,Neuron,28.66,10,64.17
CELL_85048,Neuron,108.86,48,51.29
CELL_56004,Myocyte,69.21,27,55.18
CELL_64065,Stem Cell,82.56,5,54.52
CELL_56659,Epithelial,60.21,30,87.72
CELL_44058,Erythrocyte,85.27,44,56.78
CELL_43971,Stem Cell,112.29,7,68.67
CELL_41278,Fibroblast,53.62,49,65.48
CELL_68211,Fibroblast,104.45,43,90.15
CELL_89032,Neuron,108.43,11,78.0
CELL_22666,Stem Cell,81.49,32,96.27
CELL_19919,Myocyte,99.26,8,54.24
CELL_55863,Stem Cell,72.7,13,80.64
CELL_54603,Erythrocyte,41.3,11,99.84
CELL_60803,Leukocyte,18.97,13,62.86
CELL_35355,Stem Cell,112.45,20,81.04
CELL_33667,Stem Cell,86.04,16,76.31
CELL_26305,Neuron,40.35,44,97.72
CELL_73027,Stem Cell,92.83,9,84.74
CELL_58150,Leukocyte,19.31,39,97.91
CELL_69950,Stem Cell,40.34,12,87.13
CELL_37886,Leukocyte,10.93,15,56.61
CELL_22151,Neuron,98.74,31,63.88
CELL_10686,Epithelial,108.03,11,97.19
CELL_96243,Neuron,12.83,8,50.12
CELL_46522,Fibroblast,116.61,25,76.36
CELL_25211,Myocyte,37.49,42,58.51
CELL_46896,Neuron,109.76,15,57.63
CELL_79196,Neuron,107.19,33,85.17
CELL_37877,Epithelial,115.09,31,58.09
CELL_25534,Epithelial,70.81,29,62.06
CELL_94868,Fibroblast,11.15,39,73.19
CELL_25488,Myocyte,68.17,46,88.87
CELL_16299,Neuron,101.98,6,92.64
CELL_54764,Epithelial,95.64,13,98.35
CELL_42382,Neuron,102.78,36,56.37
CELL_26932,Fibroblast,48.27,17,82.55
CELL_40580,Myocyte,93.55,9,50.55
CELL_57113,Stem Cell,15.77,7,84.84
CELL_14980,Epithelial,6.8,35,78.54
CELL_67852,Leukocyte,107.96,20,71.04
CELL_32849,Stem Cell,42.93,30,93.66
CELL_86753,Leukocyte,110.78,39,70.18
CELL_26387,Epithelial,101.51,32,61.61
CELL_16201,Stem Cell,12.93,31,83.53
CELL_46800,Epithelial,29.18,17,97.97
CELL_40671,Stem Cell,46.8,10,57.51
CELL_92793,Stem Cell,89.42,10,71.36
CELL_65783,Stem Cell,7.88,26,92.56
CELL_42301,Fibroblast,72.54,11,80.69
CELL_81092,Erythrocyte,83.76,13,64.07
CELL_41956,Epithelial,87.16,22,81.75
CELL_37798,Neuron,94.01,9,75.47
CELL_24709,Epithelial,67.1,31,51.07
CELL_37569,Stem Cell,23.69,5,83.91
CELL_71448,Leukocyte,48.65,10,68.64
CELL_67785,Neuron,7.44,48,94.49
CELL_29885,Stem Cell,95.96,22,95.92
CELL_85003,Leukocyte,58.11,14,95.37
CELL_46058,Epithelial,20.61,34,84.66
CELL_52273,Stem Cell,96.35,23,99.39
CELL_95044,Fibroblast,12.44,40,78.45
CELL_94581,Fibroblast,95.69,47,83.61
CELL_81742,Fibroblast,53.49,21,82.64
CELL_30912,Fibroblast,73.07,22,77.35
CELL_90969,Neuron,89.3,23,80.76
CELL_46941,Fibroblast,36.27,32,81.99
CELL_27680,Leukocyte,67.09,21,91.3
CELL_10070,Erythrocyte,95.89,48,96.02
CELL_51932,Erythrocyte,18.66,26,83.38
CELL_99646,Epithelial,81.21,42,62.15
CELL_67829,Leukocyte,93.48,46,61.48
CELL_80393,Myocyte,68.42,15,90.15
CELL_74117,Epithelial,79.8,18,82.37
CELL_17839,Myocyte,64.22,35,96.86
CELL_18620,Myocyte,14.07,13,77.93
CELL_64235,Erythrocyte,81.27,28,61.34
CELL_76920,Epithelial,39.03,49,88.6
CELL_90501,Stem Cell,25.84,48,95.81
CELL_32889,Epithelial,39.83,21,59.96
CELL_20372,Fibroblast,59.16,28,94.52
CELL_19885,Neuron,60.54,26,64.41
CELL_13671,Erythrocyte,86.42,10,67.63
CELL_56351,Stem Cell,48.23,7,56.89
CELL_60268,Stem Cell,83.66,43,61.48
CELL_87823,Leukocyte,21.66,5,78.36
CELL_50483,Leukocyte,115.78,29,89.24
CELL_27782,Fibroblast,16.89,41,50.7
CELL_53689,Myocyte,21.69,32,79.6
CELL_41023,Epithelial,18.62,26,78.17
CELL_94455,Leukocyte,109.04,37,59.64
CELL_83850,Erythrocyte,34.27,44,82.85
CELL_90678,Myocyte,6.67,29,94.27
CELL_30964,Erythrocyte,93.38,48,60.69
CELL_64274,Fibroblast,6.1,48,70.28
CELL_64178,Erythrocyte,83.24,37,73.91
CELL_91444,Leukocyte,81.14,13,57.05
CELL_13394,Leukocyte,91.12,18,63.23
CELL_44491,Epithelial,40.56,50,75.19
CELL_99946,Fibroblast,91.86,10,86.2
CELL_83649,Myocyte,37.57,49,72.19
CELL_39027,Fibroblast,92.61,46,73.6
CELL_28647,Erythrocyte,101.05,50,55.04
CELL_57432,Fibroblast,81.07,10,59.57
CELL_50656,Epithelial,31.79,29,69.04
CELL_44158,Leukocyte,102.09,38,87.55
CELL_91732,Neuron,62.42,19,82.3
CELL_38948,Erythrocyte,86.65,40,64.47
CELL_23568,Stem Cell,80.56,16,97.68
CELL_68579,Epithelial,44.93,48,61.12
CELL_51772,Leukocyte,109.27,33,83.92
CELL_16352,Erythrocyte,65.53,45,53.14
CELL_38958,Stem Cell,75.32,29,67.72
CELL_20622,Myocyte,15.84,45,66.26
CELL_60155,Erythrocyte,6.71,9,81.63
CELL_26855,Myocyte,91.16,12,57.1
CELL_64786,Epithelial,30.01,22,73.7
CELL_78001,Stem Cell,111.88,23,74.77
CELL_69267,Neuron,54.7,32,77.56
CELL_48725,Fibroblast,86.36,9,92.96
CELL_53812,Neuron,118.9,34,58.91
CELL_78918,Myocyte,6.98,50,69.34
CELL_52996,Stem Cell,13.46,19,99.16
CELL_31241,Neuron,99.93,5,83.29
CELL_91120,Stem Cell,108.39,17,64.15
CELL_99399,Erythrocyte,69.66,14,64.23
CELL_55544,Myocyte,57.3,26,75.32
CELL_30626,Stem Cell,44.51,48,71.09
CELL_54594,Neuron,97.31,44,69.11
CELL_19524,Leukocyte,97.03,19,69.51
CELL_54425,Epithelial,95.53,14,51.2
CELL_47164,Leukocyte,32.89,47,85.3
CELL_46695,Neuron,47.72,21,60.74
CELL_22933,Leukocyte,53.24,18,98.57
CELL_19981,Stem Cell,38.43,38,63.37
CELL_32485,Erythrocyte,114.14,25,69.74
CELL_32057,Fibroblast,43.59,20,58.88
CELL_86988,Neuron,58.11,29,69.89
CELL_95662,Stem Cell,60.03,7,77.71
CELL_11690,Erythrocyte,74.28,40,99.22
CELL_70322,Erythrocyte,100.42,17,68.48
CELL_90380,Erythrocyte,103.38,13,85.93
CELL_26045,Erythrocyte,22.88,17,58.54
CELL_93798,Erythrocyte,25.27,41,59.78
CELL_45951,Myocyte,101.12,36,89.32
CELL_64404,Leukocyte,22.64,8,79.38
CELL_13725,Myocyte,63.14,12,62.23
CELL_40956,Leukocyte,96.02,50,58.87
CELL_70457,Stem Cell,111.15,23,83.01
CELL_85663,Epithelial,70.29,22,89.13
CELL_24495,Myocyte,5.74,31,76.96
CELL_39101,Myocyte,65.6,47,58.8
CELL_56393,Erythrocyte,66.42,27,51.19
CELL_42686,Neuron,9.36,41,90.32
CELL_79051,Leukocyte,98.99,44,56.64
CELL_48067,Leukocyte,44.56,44,90.53
CELL_56653,Fibroblast,84.3,23,72.19
CELL_92771,Neuron,6.12,10,58.38
CELL_78370,Erythrocyte,97.99,47,86.57
CELL_57353,Stem Cell,102.71,28,78.38
CELL_61334,Stem Cell,86.78,36,81.5
CELL_29033,Leukocyte,24.48,19,98.99
CELL_13623,Epithelial,69.6,20,60.83
CELL_85620,Neuron,75.23,39,79.71
CELL_18901,Erythrocyte,97.69,41,99.68
CELL_33467,Erythrocyte,89.28,10,94.73
CELL_96311,Epithelial,46.66,30,74.74
CELL_43467,Fibroblast,57.42,22,57.11
CELL_83756,Epithelial,22.3,47,91.22
CELL_32410,Epithelial,112.47,44,60.04
CELL_47612,Leukocyte,59.67,27,52.03
CELL_25403,Stem Cell,44.41,19,61.31
CELL_91351,Neuron,105.09,12,63.7
CELL_41012,Erythrocyte,71.84,17,70.39
CELL_16981,Leukocyte,28.74,22,71.77
CELL_83801,Erythrocyte,97.66,10,52.04
CELL_38992,Fibroblast,45.05,47,66.14
CELL_19969,Epithelial,72.47,7,55.35
CELL_11085,Myocyte,56.29,38,65.16
CELL_50115,Neuron,62.51,45,94.56
CELL_64190,Epithelial,12.38,36,70.57
CELL_92507,Neuron,12.06,9,72.8
CELL_43955,Epithelial,74.3,44,90.09
CELL_30973,Erythrocyte,35.11,19,63.96
CELL_19684,Stem Cell,105.71,15,51.77
CELL_85881,Stem Cell,7.94,14,78.84
CELL_65840,Fibroblast,103.33,37,73.5
CELL_92915,Erythrocyte,16.53,32,50.55
CELL_91160,Epithelial,117.32,9,66.15
CELL_26972,Myocyte,103.46,28,59.72
CELL_57435,Erythrocyte,82.83,48,89.76
CELL_25954,Neuron,89.91,5,70.89
CELL_86355,Fibroblast,20.09,9,80.3
CELL_48670,Erythrocyte,87.03,46,80.29
CELL_58376,Erythrocyte,76.96,13,52.36
CELL_84300,Leukocyte,101.62,14,74.75
CELL_52738,Stem Cell,6.84,12,64.58
CELL_11677,Leukocyte,112.74,32,80.29
CELL_92083,Stem Cell,111.54,22,89.12
CELL_36399,Fibroblast,47.53,15,90.71
CELL_35538,Erythrocyte,86.81,8,55.38
CELL_57056,Stem Cell,72.6,30,85.9
CELL_73430,Myocyte,32.4,5,86.53
CELL_46279,Neuron,61.72,22,68.8
CELL_98636,Leukocyte,103.39,42,62.41
CELL_75578,Stem Cell,76.86,10,99.82
CELL_40388,Epithelial,102.33,29,67.51
CELL_27737,Neuron,45.15,14,92.33
CELL_78779,Neuron,88.96,10,52.37
CELL_45884,Myocyte,56.01,44,65.25
CELL_89006,Neuron,9.62,34,51.67
CELL_39870,Stem Cell,41.18,40,62.81
CELL_33163,Erythrocyte,107.53,35,72.56
CELL_44951,Erythrocyte,61.82,31,67.19
CELL_16254,Leukocyte,91.01,22,97.58
CELL_83133,Erythrocyte,79.21,12,63.33
CELL_10654,Leukocyte,69.22,12,75.3
CELL_61481,Myocyte,118.68,13,90.99
CELL_35022,Neuron,99.24,31,94.07
CELL_32231,Leukocyte,41.56,49,58.78
CELL_55616,Erythrocyte,31.47,19,78.99
CELL_44458,Myocyte,15.54,8,63.13
CELL_57461,Myocyte,75.31,17,75.57
CELL_97822,Neuron,102.42,39,91.77
CELL_11281,Erythrocyte,88.04,26,80.55
CELL_17929,Erythrocyte,43.66,29,50.18
CELL_95517,Myocyte,83.8,42,75.89
CELL_54064,Erythrocyte,75.42,40,76.24
CELL_94555,Myocyte,105.31,25,60.46
CELL_88106,Neuron,49.05,8,91.15
CELL_63690,Erythrocyte,47.06,36,73.54
CELL_35403,Myocyte,119.31,11,67.1
CELL_93208,Fibroblast,60.32,22,91.59
CELL_20050,Erythrocyte,95.22,45,71.3
CELL_67328,Fibroblast,100.24,6,84.52
CELL_82566,Neuron,105.36,16,64.18
CELL_54748,Epithelial,7.61,19,54.82
CELL_60913,Epithelial,65.65,43,79.47
CELL_30766,Leukocyte,92.76,16,88.92
CELL_64696,Epithelial,5.5,22,74.63
CELL_25251,Erythrocyte,119.12,44,86.48
CELL_44382,Epithelial,26.58,24,53.67
CELL_90547,Leukocyte,113.93,24,91.32
CELL_42716,Stem Cell,45.97,20,84.26
CELL_96247,Epithelial,64.54,37,88.91
CELL_88674,Leukocyte,49.6,29,89.03
CELL_56764,Epithelial,66.84,7,80.5
CELL_28033,Myocyte,14.02,44,76.3
CELL_81527,Myocyte,60.26,44,51.23
CELL_97336,Epithelial,88.5,42,75.55
CELL_44258,Erythrocyte,49.39,5,71.87
CELL_52809,Stem Cell,110.2,16,91.48
CELL_98381,Stem Cell,79.21,31,53.03
CELL_11899,Stem Cell,60.22,28,73.22
CELL_39240,Leukocyte,6.19,38,90.64
CELL_28349,Fibroblast,63.11,30,81.89
CELL_15004,Erythrocyte,91.82,46,52.09
CELL_20080,Erythrocyte,77.19,32,59.69
CELL_43755,Epithelial,89.86,49,55.97
CELL_19762,Myocyte,74.45,33,56.47
CELL_68418,Neuron,24.93,34,65.18
CELL_82015,Erythrocyte,16.12,50,58.84
CELL_78656,Leukocyte,11.52,36,69.16
CELL_66410,Leukocyte,107.66,13,76.82
CELL_92962,Fibroblast,36.89,45,54.2
CELL_41768,Stem Cell,69.39,44,68.82
CELL_61492,Epithelial,71.22,16,52.86
CELL_82497,Epithelial,113.91,26,77.54
CELL_92208,Myocyte,113.8,20,62.38
CELL_51121,Leukocyte,109.72,6,98.92
CELL_52705,Neuron,8.82,31,92.32
CELL_59400,Neuron,79.13,48,95.25
CELL_90407,Epithelial,63.69,35,76.77
CELL_92910,Leukocyte,8.3,16,82.85
CELL_11603,Myocyte,79.1,15,66.95
CELL_66700,Fibroblast,67.8,45,81.68
CELL_83027,Leukocyte,83.75,47,71.66
CELL_28249,Fibroblast,77.43,31,66.17
CELL_86433,Neuron,61.84,20,51.02
CELL_87425,Myocyte,89.3,34,94.46
CELL_16176,Leukocyte,115.29,22,88.61
CELL_44984,Stem Cell,23.52,48,65.56
CELL_66776,Leukocyte,111.35,32,56.94
CELL_11032,Fibroblast,85.47,50,90.97
CELL_71850,Leukocyte,95.09,21,51.41
CELL_13306,Stem Cell,75.9,24,81.21
CELL_38029,Leukocyte,115.23,13,95.47
CELL_91543,Fibroblast,110.72,34,85.09
CELL_41832,Leukocyte,65.56,50,91.64
CELL_67498,Epithelial,54.79,8,66.65
CELL_68009,Neuron,56.24,18,93.52
CELL_77032,Fibroblast,111.14,34,83.01
CELL_29544,Myocyte,90.81,11,91.61
CELL_77153,Leukocyte,24.67,17,66.45
CELL_10052,Erythrocyte,118.44,18,68.5
CELL_85369,Stem Cell,92.05,7,99.98
CELL_19591,Leukocyte,24.07,12,59.29
CELL_39822,Erythrocyte,96.45,45,92.18
CELL_39964,Epithelial,83.46,34,61.7
CELL_90415,Leukocyte,59.02,21,54.62
CELL_71771,Neuron,26.23,33,67.79
CELL_39952,Stem Cell,42.33,18,72.03
CELL_28037,Myocyte,53.51,43,84.34
CELL_28257,Epithelial,110.82,36,54.03
CELL_63336,Myocyte,52.85,27,94.38
CELL_51263,Stem Cell,82.68,46,90.19
CELL_15188,Epithelial,23.61,31,63.59
CELL_67509,Neuron,42.61,47,59.65
CELL_43756,Fibroblast,95.71,34,80.57
CELL_23792,Erythrocyte,35.33,7,89.21
CELL_43364,Epithelial,118.42,46,50.17
CELL_47948,Erythrocyte,110.83,27,87.12
CELL_38212,Stem Cell,93.27,9,68.77
CELL_45371,Epithelial,100.75,26,88.71
CELL_12653,Leukocyte,95.2,36,60.0
CELL_54648,Fibroblast,13.81,27,97.41
CELL_57965,Stem Cell,21.46,7,98.64
CELL_70110,Neuron,67.81,18,54.78
CELL_95298,Stem Cell,92.64,28,81.88
CELL_72503,Myocyte,90.42,30,74.34
CELL_67873,Erythrocyte,12.14,18,96.68
CELL_97732,Myocyte,43.42,14,92.51
CELL_51864,Neuron,12.81,11,83.4
CELL_82620,Stem Cell,93.78,39,50.79
CELL_84119,Epithelial,16.04,28,54.9
CELL_45041,Myocyte,89.1,13,51.78
CELL_41257,Stem Cell,113.87,48,90.05
CELL_67719,Myocyte,19.0,23,60.29
CELL_84123,Erythrocyte,22.15,44,64.96
CELL_82340,Myocyte,93.82,35,50.51
CELL_33400,Leukocyte,99.17,15,61.8
CELL_70290,Erythrocyte,39.22,43,78.92
CELL_17575,Erythrocyte,72.17,10,69.61
CELL_59886,Myocyte,57.57,26,71.66
CELL_22743,Erythrocyte,43.78,43,50.63
CELL_56808,Neuron,17.33,7,93.65
CELL_20850,Myocyte,54.46,10,83.71
CELL_30674,Myocyte,108.23,47,97.98
CELL_30226,Fibroblast,110.82,28,90.61
CELL_10278,Epithelial,107.67,21,56.93
CELL_10152,Fibroblast,105.51,18,62.89
CELL_91822,Fibroblast,88.19,7,62.63
CELL_17413,Fibroblast,106.13,41,85.86
CELL_17227,Erythrocyte,46.81,40,64.59
CELL_27207,Erythrocyte,65.04,12,56.95
CELL_59325,Leukocyte,53.82,42,52.45
CELL_57954,Stem Cell,64.86,5,96.65
CELL_22018,Fibroblast,112.62,8,89.53
CELL_84172,Epithelial,15.0,26,84.1
CELL_95826,Stem Cell,92.31,41,84.47
CELL_13739,Neuron,87.76,21,64.42
CELL_39270,Fibroblast,115.59,5,63.27
CELL_66641,Fibroblast,10.11,26,76.45
CELL_21213,Stem Cell,72.69,27,87.7
CELL_22324,Neuron,91.8,36,84.17
CELL_67970,Stem Cell,19.36,27,85.06
CELL_80931,Neuron,90.3,23,72.9
CELL_30452,Epithelial,39.71,12,75.36
CELL_16784,Erythrocyte,5.97,22,87.25
CELL_26348,Neuron,33.2,20,97.69
CELL_35966,Fibroblast,18.88,20,69.06
CELL_94420,Epithelial,94.6,29,86.06
CELL_23916,Neuron,68.0,17,93.48
CELL_25873,Neuron,25.27,49,55.22
CELL_36109,Stem Cell,65.59,19,91.55
CELL_70634,Fibroblast,95.06,36,55.8
CELL_39517,Myocyte,47.56,9,54.67
CELL_43495,Fibroblast,29.04,8,77.4
CELL_39323,Myocyte,117.91,40,97.48
CELL_17589,Epithelial,39.12,10,96.14
CELL_42824,Epithelial,72.07,49,76.79
CELL_73399,Fibroblast,20.17,5,81.55
CELL_26124,Erythrocyte,55.75,46,60.35
CELL_57697,Erythrocyte,111.42,40,90.81
CELL_91606,Leukocyte,117.23,14,66.65
CELL_40261,Erythrocyte,52.65,15,65.2
CELL_35817,Fibroblast,24.38,17,60.88
CELL_78775,Neuron,62.8,44,53.41
CELL_68416,Erythrocyte,86.59,49,53.57
CELL_68239,Myocyte,7.12,21,77.29
CELL_45284,Myocyte,87.98,46,77.95
CELL_47281,Stem Cell,74.8,33,65.45
CELL_39554,Erythrocyte,6.02,44,76.8
CELL_24067,Fibroblast,93.08,29,55.66
CELL_66106,Leukocyte,51.77,11,89.68
CELL_71255,Epithelial,54.92,24,80.98
CELL_75358,Neuron,35.36,13,91.02
CELL_28626,Neuron,117.69,30,65.91
CELL_83948,Fibroblast,16.38,20,92.4
CELL_88615,Myocyte,38.91,26,64.03
CELL_84103,Epithelial,21.53,18,94.8
CELL_88546,Erythrocyte,84.49,26,94.25
CELL_84099,Erythrocyte,18.22,29,72.35
CELL_10515,Epithelial,14.09,27,67.47
CELL_12359,Stem Cell,68.84,15,69.37
CELL_85592,Fibroblast,117.77,21,99.41
CELL_51981,Epithelial,24.63,9,92.25
CELL_18627,Fibroblast,32.87,39,65.95
CELL_73656,Erythrocyte,119.45,38,57.71
CELL_74874,Neuron,87.35,34,75.88
CELL_40117,Neuron,95.47,12,81.48
CELL_91731,Fibroblast,105.39,14,70.95
CELL_52041,Erythrocyte,30.8,46,74.11
CELL_34386,Neuron,105.9,40,95.7
CELL_44092,Myocyte,76.68,18,94.77
CELL_50755,Fibroblast,116.5,36,83.97
CELL_18774,Neuron,41.79,31,93.03
CELL_23254,Leukocyte,33.56,11,75.47
CELL_89417,Epithelial,119.87,16,71.72
CELL_88008,Erythrocyte,118.1,41,86.32
CELL_80619,Epithelial,59.79,34,53.67
CELL_29295,Erythrocyte,35.46,40,71.87
CELL_13030,Epithelial,92.1,17,90.99
CELL_37338,Stem Cell,58.31,47,99.43
CELL_94105,Myocyte,118.94,26,55.24
CELL_85693,Stem Cell,48.19,39,66.27
CELL_76683,Neuron,77.97,14,99.95
CELL_84129,Stem Cell,7.78,31,61.24
CELL_85655,Stem Cell,15.05,33,67.07
CELL_58725,Myocyte,29.36,44,97.9
CELL_47378,Fibroblast,49.14,23,56.2
CELL_68674,Fibroblast,98.21,10,55.4
CELL_56943,Stem Cell,50.93,41,96.75
CELL_53148,Fibroblast,35.06,29,74.33
CELL_24245,Neuron,69.9,50,74.36
CELL_70498,Epithelial,20.47,6,58.17
CELL_99867,Myocyte,113.23,44,55.99
CELL_96496,Myocyte,94.18,49,57.33
CELL_20208,Myocyte,103.46,23,56.65
CELL_83118,Erythrocyte,92.13,36,70.25
CELL_52132,Neuron,48.77,32,85.89
CELL_93562,Fibroblast,62.59,42,56.02
CELL_64802,Neuron,17.6,49,66.55
CELL_59601,Stem Cell,56.64,31,91.94
CELL_30413,Stem Cell,16.29,49,59.99
CELL_87193,Fibroblast,77.82,5,95.68
CELL_21544,Fibroblast,76.36,14,77.45
CELL_86085,Erythrocyte,101.62,20,50.21
CELL_26130,Leukocyte,96.95,14,84.49
CELL_89280,Neuron,34.66,16,62.44
CELL_42464,Erythrocyte,32.69,7,89.29
CELL_31693,Neuron,84.43,16,65.04
CELL_81652,Leukocyte,32.99,21,94.66
CELL_37713,Stem Cell,22.68,34,52.55
CELL_88824,Erythrocyte,43.15,9,59.78
CELL_21853,Epithelial,74.91,49,76.33
CELL_58531,Neuron,115.72,46,78.1
CELL_21076,Myocyte,64.85,18,93.17
CELL_85378,Leukocyte,96.27,29,69.77
CELL_52665,Erythrocyte,69.89,27,69.82
CELL_22342,Epithelial,61.74,10,72.65
CELL_24707,Fibroblast,43.49,26,82.89
CELL_36659,Epithelial,18.03,28,56.68
CELL_61514,Neuron,40.12,46,75.7
CELL_50595,Epithelial,41.25,47,82.37
CELL_11241,Neuron,49.0,29,52.44
CELL_97950,Epithelial,111.96,33,51.43
CELL_98324,Leukocyte,14.73,17,86.44
CELL_71836,Neuron,25.19,30,64.46
CELL_78353,Myocyte,79.72,14,98.19
CELL_41485,Epithelial,56.24,14,69.08
CELL_27358,Myocyte,111.53,15,94.52
CELL_86965,Erythrocyte,9.07,11,60.59
CELL_71265,Erythrocyte,104.87,20,95.05
CELL_18734,Fibroblast,101.43,29,86.55
CELL_77087,Erythrocyte,103.74,50,80.78
CELL_69580,Stem Cell,17.09,38,70.9
CELL_13686,Epithelial,52.58,5,75.46
CELL_89020,Myocyte,113.27,25,67.73
CELL_69455,Epithelial,71.61,24,82.02
CELL_83582,Fibroblast,17.78,30,58.33
CELL_42596,Leukocyte,53.66,35,67.23
CELL_45060,Myocyte,101.26,21,85.62
CELL_97598,Stem Cell,119.73,42,53.9
CELL_98820,Myocyte,59.29,7,61.68
CELL_43658,Neuron,63.95,27,50.71
CELL_59572,Stem Cell,58.02,25,70.81
CELL_52530,Neuron,62.24,21,90.74
CELL_16815,Fibroblast,85.64,45,75.14
CELL_23200,Leukocyte,30.86,12,93.18
CELL_42811,Erythrocyte,90.69,21,74.64
CELL_77715,Leukocyte,114.11,38,50.97
CELL_33449,Fibroblast,89.7,41,65.89
CELL_98233,Myocyte,111.93,41,65.83
CELL_68773,Fibroblast,17.95,10,67.1
CELL_14444,Myocyte,114.83,8,66.42
CELL_26100,Neuron,101.48,33,63.01
CELL_16988,Epithelial,49.06,29,58.82
CELL_96485,Stem Cell,48.81,17,81.0
CELL_61914,Epithelial,50.68,12,93.42
CELL_93774,Erythrocyte,67.04,44,79.02
CELL_46198,Fibroblast,61.0,36,82.92
CELL_18101,Epithelial,91.2,35,93.32
CELL_11925,Erythrocyte,107.93,29,70.68
CELL_67630,Epithelial,114.05,48,85.3
CELL_70824,Leukocyte,46.35,49,59.43
CELL_84924,Epithelial,93.8,18,90.22
CELL_74477,Leukocyte,41.45,34,64.8
CELL_85264,Stem Cell,22.81,29,94.27
CELL_77176,Epithelial,28.53,19,73.86
CELL_33999,Leukocyte,63.52,38,59.62
CELL_79594,Fibroblast,117.49,25,64.85
CELL_33374,Fibroblast,67.48,15,56.89
CELL_61160,Leukocyte,84.5,48,68.63
CELL_28008,Epithelial,83.29,9,99.9
CELL_33109,Fibroblast,101.92,10,50.81
CELL_23209,Myocyte,6.83,5,75.6
CELL_60592,Epithelial,47.55,44,61.26
CELL_10845,Myocyte,78.23,48,78.0
CELL_34400,Stem Cell,108.33,24,71.18
CELL_44751,Fibroblast,101.81,10,85.23
CELL_15132,Myocyte,80.52,30,94.16
CELL_30013,Leukocyte,56.32,47,57.79
CELL_79185,Leukocyte,53.05,36,68.85
CELL_93360,Epithelial,102.49,30,99.47
CELL_14890,Epithelial,36.91,10,55.12
CELL_90925,Erythrocyte,10.26,24,61.64
CELL_73541,Myocyte,59.77,35,64.75
CELL_33134,Fibroblast,17.64,24,67.62
CELL_97267,Fibroblast,92.36,26,81.1
CELL_71354,Myocyte,98.95,5,70.11
CELL_21086,Erythrocyte,40.29,43,76.81
CELL_87888,Epithelial,97.04,22,65.66
CELL_21492,Erythrocyte,41.88,18,70.01
CELL_78648,Leukocyte,21.72,39,86.73
CELL_43821,Myocyte,55.59,15,99.57
CELL_44971,Stem Cell,8.48,41,96.98
CELL_28202,Stem Cell,86.07,30,62.01
CELL_54976,Neuron,101.68,33,82.22
CELL_38870,Leukocyte,22.83,49,58.31
CELL_76774,Myocyte,107.98,14,98.59
CELL_42456,Leukocyte,75.13,8,59.11
CELL_13753,Neuron,68.94,29,61.39
CELL_89701,Myocyte,37.09,5,85.99
CELL_32494,Myocyte,40.31,7,51.84
CELL_78850,Leukocyte,20.55,21,75.52
CELL_31457,Epithelial,31.19,9,50.83
CELL_95691,Erythrocyte,64.84,23,80.64
CELL_64403,Stem Cell,37.15,28,79.91
CELL_93550,Fibroblast,103.67,24,67.36
CELL_95938,Myocyte,17.07,33,88.88
CELL_28415,Stem Cell,41.42,28,74.06
CELL_36900,Fibroblast,104.27,26,70.82
CELL_24672,Fibroblast,68.85,9,84.5
CELL_17382,Stem Cell,68.25,35,89.15
CELL_70999,Erythrocyte,64.13,26,66.13
CELL_24005,Epithelial,26.07,43,81.16
CELL_16333,Epithelial,101.49,18,68.84
CELL_35639,Neuron,118.48,17,93.51
CELL_54908,Epithelial,28.4,41,76.7
CELL_20913,Leukocyte,103.21,6,85.4
CELL_14723,Leukocyte,43.53,5,97.92
CELL_96233,Erythrocyte,89.68,24,79.5
CELL_95278,Leukocyte,53.17,42,64.92
CELL_46934,Fibroblast,75.14,27,77.23
CELL_39565,Fibroblast,24.32,17,63.78
CELL_66265,Fibroblast,106.95,10,54.44
CELL_85348,Fibroblast,112.87,43,78.4
CELL_31663,Myocyte,118.24,16,53.02
CELL_81844,Neuron,99.1,5,86.87
CELL_53981,Stem Cell,72.72,34,71.32
CELL_83893,Leukocyte,30.62,32,52.86
CELL_86580,Erythrocyte,101.85,14,50.78
CELL_91782,Erythrocyte,105.37,41,99.8
CELL_89867,Erythrocyte,69.27,22,81.03
CELL_57166,Fibroblast,80.5,20,81.95
CELL_89381,Fibroblast,7.85,25,78.77
CELL_71925,Myocyte,50.88,46,61.45
CELL_71398,Neuron,42.39,39,77.23
CELL_24770,Fibroblast,99.68,22,53.32
CELL_77665,Leukocyte,27.67,49,87.28
CELL_88563,Erythrocyte,57.18,35,51.13
CELL_67739,Myocyte,16.95,18,54.17
CELL_15639,Erythrocyte,97.51,15,84.69
CELL_46385,Leukocyte,40.95,10,52.01
CELL_73855,Erythrocyte,39.15,5,73.86
CELL_77641,Fibroblast,33.68,10,61.2
CELL_43699,Myocyte,14.75,48,61.32
CELL_45527,Myocyte,99.02,9,82.57
CELL_19133,Leukocyte,90.33,21,50.79
CELL_89624,Erythrocyte,24.04,41,78.81
CELL_88014,Epithelial,101.77,20,66.91
CELL_25671,Stem Cell,92.35,48,95.78
CELL_85746,Myocyte,56.9,24,52.99
CELL_80022,Myocyte,31.12,23,63.95
CELL_72909,Erythrocyte,37.4,12,61.38
CELL_24652,Leukocyte,16.22,25,60.92
CELL_44469,Fibroblast,101.64,12,85.36
CELL_20827,Fibroblast,99.94,31,93.5
CELL_91792,Erythrocyte,117.35,12,86.69
CELL_16673,Myocyte,77.87,22,66.04
CELL_83882,Erythrocyte,64.36,30,85.91
CELL_46871,Erythrocyte,65.96,10,56.91
CELL_17073,Neuron,87.94,15,84.21
CELL_63821,Myocyte,111.12,46,78.66
CELL_52337,Neuron,59.71,46,93.48
CELL_95767,Stem Cell,24.59,27,64.35
CELL_73402,Myocyte,73.85,35,66.71
CELL_58969,Myocyte,100.7,28,66.05
CELL_57191,Neuron,11.79,20,54.46
CELL_12856,Myocyte,35.08,37,73.41
CELL_28881,Fibroblast,39.19,7,85.58
CELL_98412,Fibroblast,14.79,26,53.23
CELL_48776,Leukocyte,68.09,15,81.06
CELL_16706,Epithelial,10.04,32,93.47
CELL_21981,Epithelial,66.02,24,57.86
CELL_29612,Epithelial,78.0,13,61.23
CELL_69551,Epithelial,111.31,22,62.28
CELL_42538,Stem Cell,98.65,7,98.46
CELL_13178,Myocyte,103.81,37,90.08
CELL_41533,Erythrocyte,54.76,33,99.25
CELL_73635,Fibroblast,117.62,49,95.98
CELL_11189,Stem Cell,72.85,43,54.35
CELL_78937,Fibroblast,18.05,23,73.14
CELL_62886,Epithelial,91.91,37,62.29
CELL_77877,Stem Cell,17.18,13,76.95
CELL_33475,Fibroblast,46.74,6,57.4
CELL_52308,Myocyte,108.97,50,65.95
CELL_75387,Stem Cell,75.74,9,65.4
CELL_87767,Epithelial,12.03,25,64.26
CELL_91200,Erythrocyte,36.82,28,78.71
CELL_23548,Myocyte,14.69,20,90.15
CELL_27005,Leukocyte,64.96,23,52.74
CELL_42663,Leukocyte,40.69,46,65.11
CELL_53732,Myocyte,13.71,14,92.93
CELL_45156,Fibroblast,105.77,24,83.01
CELL_61987,Neuron,94.63,20,54.5
CELL_42732,Stem Cell,81.14,35,95.13
CELL_44640,Stem Cell,115.4,14,61.87
CELL_13410,Leukocyte,65.96,27,92.06
CELL_58175,Stem Cell,94.31,30,92.49
CELL_91776,Fibroblast,98.35,31,75.25
CELL_12860,Stem Cell,21.16,41,53.89
CELL_48290,Myocyte,88.27,15,72.75
CELL_38596,Erythrocyte,17.7,43,86.78
CELL_70767,Fibroblast,13.96,23,92.81
CELL_14186,Myocyte,75.81,39,53.85
CELL_10211,Erythrocyte,62.16,28,88.61
CELL_53992,Leukocyte,67.31,7,61.69
CELL_57601,Fibroblast,74.44,28,88.37
CELL_80492,Erythrocyte,87.74,36,62.97
CELL_68058,Myocyte,114.59,24,88.61
CELL_69008,Stem Cell,25.57,43,94.13
CELL_64397,Epithelial,5.9,19,98.69
CELL_13904,Stem Cell,111.4,8,54.22
CELL_44542,Epithelial,9.57,44,60.78
CELL_16170,Neuron,7.93,5,60.28
CELL_87686,Stem Cell,115.1,8,66.63
CELL_72753,Leukocyte,26.04,25,88.69
CELL_88335,Epithelial,35.11,12,50.73
CELL_76052,Erythrocyte,87.62,48,55.37
CELL_93828,Fibroblast,100.33,18,82.29
CELL_35058,Fibroblast,31.04,17,96.15
CELL_68770,Myocyte,49.72,29,54.88
CELL_93445,Epithelial,38.74,10,53.85
CELL_89143,Epithelial,75.39,16,96.93
CELL_58519,Myocyte,81.98,12,84.06
CELL_35892,Leukocyte,46.37,5,78.77
CELL_82693,Myocyte,30.43,29,77.2
CELL_46891,Stem Cell,106.04,20,66.86
CELL_90824,Epithelial,119.6,49,57.24
CELL_38719,Stem Cell,65.4,49,51.35
CELL_71406,Neuron,94.61,36,81.77
CELL_68224,Myocyte,55.97,37,73.21
CELL_11400,Fibroblast,68.13,19,66.7
CELL_59050,Epithelial,72.1,19,76.9
CELL_66637,Epithelial,97.61,27,51.04
CELL_51369,Erythrocyte,67.67,27,78.21
CELL_41344,Stem Cell,34.26,23,94.73
CELL_12270,Erythrocyte,12.41,25,74.22
CELL_84449,Myocyte,33.46,35,67.91
CELL_90965,Fibroblast,81.68,24,74.62
CELL_83959,Leukocyte,109.47,42,60.03
CELL_32424,Leukocyte,116.26,42,61.88
CELL_28203,Stem Cell,96.61,15,83.59
CELL_41020,Fibroblast,65.37,48,59.32
CELL_73668,Fibroblast,107.87,45,63.97
CELL_66419,Fibroblast,56.28,15,61.52
CELL_59097,Epithelial,98.25,43,62.29
CELL_31468,Epithelial,60.35,19,66.97
CELL_81623,Erythrocyte,74.62,44,70.91
CELL_99051,Stem Cell,71.39,25,65.18
CELL_83522,Neuron,104.67,49,93.94
CELL_28146,Leukocyte,43.07,44,61.67
CELL_41258,Erythrocyte,69.54,20,60.29
CELL_87578,Stem Cell,80.33,23,58.86
CELL_36344,Leukocyte,94.91,24,60.4
CELL_14588,Myocyte,70.91,38,87.19
CELL_12631,Leukocyte,52.19,43,75.9
CELL_35357,Leukocyte,34.23,5,66.02
CELL_96130,Epithelial,15.66,30,74.16
CELL_17022,Neuron,37.44,47,64.77
CELL_44844,Neuron,105.4,10,52.48
CELL_70024,Erythrocyte,39.25,19,98.26
CELL_92314,Epithelial,54.02,42,57.0
CELL_19522,Fibroblast,94.3,44,72.58
CELL_14507,Myocyte,110.34,15,98.03
CELL_54013,Myocyte,42.76,30,74.85
CELL_77253,Stem Cell,56.62,48,82.71
CELL_57102,Erythrocyte,48.47,25,81.11
CELL_92291,Epithelial,25.91,24,59.48
CELL_11992,Erythrocyte,92.0,20,99.2
CELL_64749,Neuron,77.72,38,52.65
CELL_75171,Leukocyte,44.36,49,80.35
CELL_52440,Erythrocyte,54.35,49,74.54
CELL_70934,Myocyte,115.85,25,56.96
CELL_85369,Erythrocyte,21.78,46,63.71
CELL_64707,Stem Cell,68.39,29,63.44
CELL_44673,Fibroblast,100.36,43,70.66
CELL_94049,Fibroblast,39.37,29,75.45
CELL_96996,Stem Cell,57.21,25,96.06
CELL_50931,Leukocyte,67.51,13,86.25
CELL_28870,Fibroblast,117.83,15,70.55
CELL_28149,Myocyte,80.07,17,97.06
CELL_53619,Fibroblast,49.65,31,75.6
CELL_74929,Stem Cell,34.04,48,83.86
CELL_49889,Myocyte,70.27,15,70.1
CELL_76298,Myocyte,49.78,33,67.46
CELL_23757,Neuron,58.05,24,94.8
CELL_70672,Leukocyte,49.16,10,55.17
CELL_19519,Erythrocyte,55.36,7,64.83
CELL_44261,Stem Cell,100.67,13,76.11
CELL_90075,Leukocyte,85.1,20,75.34
CELL_38816,Fibroblast,76.76,9,83.79
CELL_47263,Fibroblast,111.62,50,79.97
CELL_16753,Epithelial,17.44,35,80.06
CELL_99223,Leukocyte,110.33,8,55.25
CELL_28021,Leukocyte,67.11,36,65.83
CELL_16306,Erythrocyte,92.12,8,94.57
CELL_57348,Fibroblast,34.73,26,74.31
CELL_47927,Erythrocyte,84.25,44,62.19
CELL_45019,Neuron,55.75,49,97.16
CELL_28120,Epithelial,94.19,7,53.17
CELL_47058,Neuron,14.73,9,51.91
CELL_70803,Epithelial,50.83,24,85.39
CELL_45253,Myocyte,82.27,23,59.53
CELL_15709,Myocyte,36.05,39,82.12
CELL_23926,Leukocyte,92.81,44,76.13
CELL_64442,Neuron,32.67,41,53.54
CELL_77133,Fibroblast,59.25,12,66.0
CELL_42567,Leukocyte,73.66,5,50.18
CELL_79157,Leukocyte,15.15,33,63.78
CELL_70171,Epithelial,12.14,39,87.87
CELL_30349,Myocyte,11.88,32,71.23
CELL_41561,Erythrocyte,70.04,21,86.04
CELL_32566,Epithelial,118.34,40,50.33
CELL_85803,Neuron,72.01,36,90.52
CELL_85592,Erythrocyte,95.4,25,65.92
CELL_30742,Neuron,37.71,22,70.71
CELL_12755,Epithelial,75.14,40,51.39
CELL_66510,Myocyte,102.01,33,99.88
CELL_34330,Erythrocyte,56.63,11,80.5
CELL_91247,Fibroblast,94.41,17,73.05
CELL_15705,Fibroblast,76.97,15,59.85
CELL_50893,Leukocyte,86.94,40,77.91
CELL_73026,Fibroblast,82.45,16,96.12
CELL_90089,Fibroblast,79.32,33,59.41
CELL_56967,Epithelial,57.77,20,97.62
CELL_40671,Fibroblast,88.66,21,80.66
CELL_15253,Neuron,92.75,10,83.99
CELL_66468,Stem Cell,50.4,38,54.91
CELL_43293,Erythrocyte,56.34,39,71.84
CELL_23192,Fibroblast,87.53,33,67.5
CELL_91706,Leukocyte,12.69,31,80.81
CELL_28676,Neuron,10.83,42,84.05
CELL_74142,Neuron,74.5,12,87.28
CELL_38538,Epithelial,51.57,33,60.0
CELL_18501,Neuron,116.96,49,73.89
CELL_41293,Stem Cell,119.11,17,61.49
CELL_14694,Fibroblast,68.71,29,65.44
CELL_58140,Stem Cell,99.99,47,94.38
CELL_24343,Neuron,23.92,44,98.12
CELL_11046,Neuron,37.46,37,70.01
CELL_51563,Fibroblast,102.05,14,85.96
CELL_84808,Fibroblast,78.32,29,65.87
CELL_19727,Leukocyte,62.99,5,68.69
CELL_85656,Stem Cell,100.48,42,59.5
CELL_61225,Epithelial,47.78,13,65.13
CELL_89472,Leukocyte,82.1,45,81.69
CELL_67664,Epithelial,29.63,20,62.4
CELL_32538,Neuron,33.22,27,76.55
CELL_11775,Erythrocyte,112.6,8,55.8
CELL_49639,Leukocyte,30.91,35,80.99
CELL_21399,Epithelial,70.97,12,89.14
CELL_66770,Fibroblast,58.58,26,78.97
CELL_30762,Fibroblast,36.97,8,71.83
CELL_18944,Leukocyte,119.1,6,94.75
CELL_74116,Epithelial,20.52,20,60.69
CELL_65751,Stem Cell,98.46,26,56.39
CELL_51213,Myocyte,111.21,16,75.69
CELL_22995,Myocyte,39.72,23,57.83
CELL_40986,Stem Cell,113.23,34,53.49
CELL_84737,Epithelial,102.12,49,95.72
CELL_78021,Fibroblast,102.41,24,88.29
CELL_71013,Neuron,76.48,27,68.44
CELL_47239,Fibroblast,88.33,40,60.06
CELL_79528,Stem Cell,15.51,12,55.13
CELL_81309,Neuron,16.71,36,78.92
CELL_58669,Stem Cell,46.8,26,70.4
CELL_28361,Neuron,83.4,7,52.45
CELL_10752,Epithelial,47.24,43,77.52
CELL_26842,Epithelial,29.65,45,68.06
CELL_89215,Neuron,81.5,17,71.26
CELL_39588,Myocyte,114.08,21,84.04
CELL_19720,Epithelial,96.53,28,86.9
CELL_10755,Epithelial,100.24,8,60.09
CELL_92532,Leukocyte,28.76,48,83.03
CELL_65508,Neuron,101.43,19,63.24
CELL_48246,Myocyte,91.33,22,73.66
CELL_40760,Epithelial,97.53,12,51.34
CELL_29855,Epithelial,69.05,47,58.07
CELL_67776,Stem Cell,90.92,18,83.86
CELL_41924,Epithelial,35.51,26,90.14
CELL_20507,Erythrocyte,53.52,26,55.75
CELL_79493,Myocyte,55.76,12,69.7
CELL_15935,Epithelial,35.34,29,70.16
CELL_14116,Erythrocyte,33.08,33,76.18
CELL_92999,Neuron,38.62,8,66.32
CELL_16602,Stem Cell,33.8,50,79.28
CELL_32990,Erythrocyte,93.11,47,58.87
CELL_45292,Fibroblast,48.57,34,59.47
CELL_90112,Erythrocyte,77.66,32,72.64
CELL_11120,Myocyte,26.9,6,77.31
CELL_58370,Myocyte,21.86,12,85.22
CELL_83116,Erythrocyte,82.25,38,84.56
CELL_24330,Stem Cell,84.16,25,70.45
CELL_93930,Fibroblast,56.67,38,83.08
CELL_39619,Neuron,51.61,32,92.49
CELL_65357,Fibroblast,75.65,24,76.69
CELL_33673,Fibroblast,6.51,41,73.07
CELL_11375,Epithelial,66.65,9,88.39
CELL_78748,Fibroblast,5.12,7,93.11
CELL_15526,Epithelial,66.16,13,71.4
CELL_37734,Stem Cell,25.69,24,96.1
CELL_57144,Erythrocyte,18.55,49,87.57
CELL_59223,Stem Cell,119.54,21,60.51
CELL_77073,Stem Cell,74.91,5,88.35
CELL_36617,Stem Cell,70.45,24,86.68
CELL_47300,Epithelial,37.33,5,64.54
CELL_57154,Fibroblast,70.42,5,75.76
CELL_48242,Epithelial,106.42,28,64.89
CELL_20569,Fibroblast,110.38,30,80.06
CELL_98871,Epithelial,37.6,24,67.63
CELL_85069,Neuron,116.61,23,57.82
CELL_26934,Myocyte,51.0,15,59.71
CELL_16050,Stem Cell,102.32,48,81.78
CELL_82885,Epithelial,32.28,19,87.94
CELL_71580,Epithelial,115.69,35,77.28
CELL_39650,Stem Cell,8.51,43,59.66
CELL_53269,Erythrocyte,26.29,48,86.9
CELL_75282,Fibroblast,91.56,25,95.39
CELL_15758,Neuron,85.12,50,82.31
CELL_85977,Myocyte,98.79,50,85.45
CELL_18654,Fibroblast,87.82,43,65.74
CELL_15193,Myocyte,6.56,28,84.2
CELL_81747,Neuron,101.62,37,98.71
CELL_64000,Myocyte,67.53,5,55.81
CELL_54940,Myocyte,49.41,40,83.58
CELL_68157,Erythrocyte,60.38,25,51.57
CELL_34253,Leukocyte,43.64,5,97.1
CELL_93113,Erythrocyte,53.16,42,89.69
CELL_52196,Epithelial,69.19,46,50.98
CELL_93563,Neuron,36.79,34,68.84
CELL_81244,Erythrocyte,109.12,17,50.54
CELL_92821,Leukocyte,14.51,28,51.69
CELL_46465,Leukocyte,62.2,39,72.5
CELL_95925,Neuron,115.54,38,56.65
CELL_67609,Neuron,6.99,21,59.16
CELL_36329,Leukocyte,56.49,13,66.06
CELL_83259,Neuron,111.23,43,51.75
CELL_41869,Neuron,84.08,30,92.8
CELL_70658,Erythrocyte,111.35,16,68.13
CELL_75690,Stem Cell,26.41,27,82.84
CELL_95122,Myocyte,59.22,45,74.91
CELL_76367,Leukocyte,62.6,46,86.27
CELL_42203,Leukocyte,35.73,45,76.53
CELL_46840,Erythrocyte,25.92,16,52.43
CELL_48961,Epithelial,62.98,46,69.7
CELL_11445,Fibroblast,75.34,39,98.69
CELL_99133,Neuron,54.0,37,74.83
CELL_59658,Stem Cell,58.6,5,51.05
CELL_25500,Erythrocyte,86.6,13,80.22
CELL_98240,Leukocyte,91.22,25,71.89
CELL_96405,Myocyte,78.52,46,54.67
CELL_64874,Myocyte,88.42,13,72.73
CELL_91754,Leukocyte,96.05,14,78.64
CELL_59407,Stem Cell,34.52,14,71.8
CELL_60872,Stem Cell,75.87,21,84.34
CELL_68907,Neuron,100.9,12,59.99
CELL_40721,Stem Cell,18.52,9,59.5
CELL_53318,Erythrocyte,113.36,41,70.84
CELL_85233,Leukocyte,78.17,45,80.87
