cell_id,cell_type,diameter_um,organelle_count,viability_pct
CELL_10606,Erythrocyte,14.1,32,85.8
CELL_42736,Fibroblast,30.31,29,52.97
CELL_58475,Erythrocyte,93.34,40,92.93
CELL_70437,Stem Cell,55.39,10,51.75
CELL_44840,Epithelial,110.6,37,51.2
CELL_43097,Fibroblast,95.44,49,51.41
CELL_86373,Erythrocyte,36.35,35,93.75
CELL_87200,Myocyte,107.63,41,78.84
CELL_88748,Erythrocyte,32.4,20,97.15
CELL_70954,Erythrocyte,111.9,26,99.8
CELL_81594,Neuron,50.24,36,50.08
CELL_97566,Leukocyte,32.88,27,84.8
CELL_25421,Erythrocyte,24.48,17,94.71
CELL_28244,Myocyte,119.73,47,68.73
CELL_55713,Neuron,114.41,48,66.97
CELL_87098,Fibroblast,35.92,15,91.31
CELL_44370,Erythrocyte,113.96,37,60.91
CELL_56317,Neuron,65.48,31,64.23
CELL_94239,Stem Cell,9.97,5,60.98
CELL_93669,Epithelial,62.98,34,65.98
CELL_12344,Leukocyte,66.03,29,58.25
CELL_96431,Myocyte,96.05,19,88.66
CELL_95049,Fibroblast,96.7,27,93.33
CELL_13368,Neuron,19.39,10,78.92
CELL_97240,Neuron,21.1,43,61.9
CELL_39295,Leukocyte,24.82,41,74.63
CELL_53332,Epithelial,7.72,34,95.94
CELL_38068,Erythrocyte,69.42,31,59.89
CELL_56627,Erythrocyte,44.8,37,83.09
CELL_16454,Stem Cell,8.31,7,57.08
CELL_68123,Leukocyte,48.26,37,77.11
CELL_78112,Fibroblast,65.0,26,64.28
CELL_94031,Epithelial,87.58,45,82.25
CELL_39785,Epithelial,41.39,31,91.96
CELL_46867,Myocyte,45.89,13,96.81
CELL_80322,Fibroblast,105.53,32,52.09
CELL_29814,Myocyte,97.67,27,92.16
CELL_92069,Neuron,65.1,48,55.16
CELL_14432,Leukocyte,118.5,5,57.43
CELL_97293,Stem Cell,77.41,37,75.46
CELL_70602,Myocyte,91.87,19,77.47
CELL_85562,Fibroblast,51.36,42,86.83
CELL_45196,Stem Cell,5.74,6,57.55
CELL_49161,Neuron,6.43,6,56.69
CELL_36218,Erythrocyte,48.64,28,76.33
CELL_36323,Stem Cell,41.15,24,66.79
CELL_89485,Neuron,108.74,10,55.54
CELL_89057,Neuron,82.96,27,73.13
CELL_52751,Fibroblast,15.7,38,64.62
CELL_14376,Myocyte,8.77,27,93.05
CELL_39652,Myocyte,118.31,49,56.52
CELL_26193,Epithelial,5.04,9,58.33
CELL_15816,Leukocyte,39.71,41,85.76
CELL_80406,Stem Cell,45.6,33,52.1
CELL_90168,Erythrocyte,83.4,39,90.19
CELL_35516,Epithelial,103.72,22,61.28
CELL_89786,Epithelial,26.79,6,91.97
CELL_10141,Myocyte,88.74,39,76.42
CELL_17298,Stem Cell,34.81,14,66.65
CELL_90420,Fibroblast,99.0,28,90.47
CELL_58868,Fibroblast,61.18,44,69.86
CELL_18926,Erythrocyte,51.05,28,95.93
CELL_26488,Stem Cell,54.28,32,92.71
CELL_59900,Erythrocyte,116.76,21,53.49
CELL_66966,Erythrocyte,40.52,39,58.76
CELL_30151,Stem Cell,7.18,9,70.96
CELL_71326,Fibroblast,45.21,30,75.81
CELL_32425,Myocyte,98.93,42,86.16
CELL_62806,Erythrocyte,75.21,27,60.11
CELL_19889,Leukocyte,72.27,6,66.35
CELL_49104,Neuron,109.61,10,78.48
CELL_30846,Myocyte,31.79,44,87.14
CELL_35222,Erythrocyte,88.86,15,79.3
CELL_61318,Leukocyte,36.18,18,84.32
CELL_92037,Neuron,14.18,29,53.03
CELL_44710,Neuron,103.85,15,61.94
CELL_46227,Erythrocyte,35.32,32,80.26
CELL_92184,Erythrocyte,74.49,21,92.4
CELL_47081,Leukocyte,116.92,47,85.37
CELL_66393,Stem Cell,69.01,31,85.31
CELL_95617,Epithelial,101.87,25,60.92
CELL_99353,Stem Cell,91.9,49,57.06
CELL_64889,Neuron,58.86,47,68.8
CELL_56697,Myocyte,113.83,43,71.57
CELL_81715,Epithelial,78.44,21,94.37
CELL_80449,Fibroblast,119.8,45,56.61
CELL_41982,Erythrocyte,93.64,19,65.46
CELL_91181,Fibroblast,70.32,40,57.04
CELL_39285,Leukocyte,99.69,43,93.33
CELL_12271,Myocyte,19.91,44,64.7
CELL_96906,Erythrocyte,85.35,49,75.8
CELL_97255,Neuron,49.29,16,90.39
CELL_47930,Myocyte,55.58,15,58.36
CELL_26927,Neuron,112.32,30,91.13
CELL_38801,Stem Cell,102.08,38,77.64
CELL_11413,Stem Cell,110.45,29,66.39
CELL_86208,Erythrocyte,93.42,15,87.72
CELL_98757,Erythrocyte,34.73,34,90.96
CELL_43329,Neuron,86.89,45,99.44
CELL_91251,Fibroblast,39.82,37,62.83
CELL_49776,Neuron,42.96,25,57.57
CELL_28923,Myocyte,68.07,20,61.97
CELL_75792,Myocyte,50.97,26,91.08
CELL_62075,Epithelial,68.07,7,92.59
CELL_99168,Fibroblast,41.85,19,79.91
CELL_41685,Fibroblast,18.33,26,79.75
CELL_89049,Myocyte,67.82,16,79.29
CELL_78094,Epithelial,65.59,47,66.0
CELL_80664,Stem Cell,42.84,26,87.97
CELL_22584,Fibroblast,65.04,47,91.7
CELL_43644,Epithelial,82.15,14,54.0
CELL_99587,Fibroblast,116.8,44,51.17
CELL_74441,Neuron,112.7,37,87.8
CELL_26412,Neuron,58.77,25,64.17
CELL_19067,Myocyte,16.48,29,78.4
CELL_33173,Epithelial,54.2,13,80.05
CELL_29308,Leukocyte,23.81,26,79.4
CELL_19824,Myocyte,63.4,5,98.08
CELL_79757,Fibroblast,108.45,34,67.02
CELL_32714,Epithelial,110.7,20,79.65
CELL_41949,Fibroblast,48.64,17,99.92
CELL_30053,Stem Cell,53.11,36,81.54
CELL_15352,Fibroblast,89.61,22,62.53
CELL_46878,Myocyte,23.22,48,54.21
CELL_34599,Fibroblast,20.0,44,60.47
CELL_20937,Fibroblast,105.37,20,75.98
CELL_53937,Stem Cell,61.38,40,50.44
CELL_49020,Epithelial,105.83,14,85.48
CELL_80304,Leukocyte,62.47,33,81.15
CELL_51866,Neuron,91.8,15,93.11
CELL_28815,Stem Cell,45.05,13,92.12
CELL_14450,Leukocyte,119.39,24,50.45
CELL_83597,Epithelial,68.58,29,89.78
CELL_99052,Stem Cell,27.67,41,70.76
CELL_91055,Erythrocyte,85.19,42,58.47
CELL_53122,Erythrocyte,14.16,38,69.59
CELL_79308,Erythrocyte,88.24,45,50.06
CELL_13092,Myocyte,51.24,9,54.49
CELL_72807,Neuron,76.47,24,74.54
CELL_85356,Neuron,107.21,18,88.59
CELL_97932,Leukocyte,44.09,29,57.16
CELL_80519,Myocyte,26.01,45,70.64
CELL_79659,Neuron,32.09,50,67.72
CELL_79619,Stem Cell,111.75,20,55.67
CELL_43191,Leukocyte,39.93,46,84.77
CELL_21840,Erythrocyte,115.4,20,96.99
CELL_26954,Stem Cell,95.21,30,79.57
CELL_42077,Fibroblast,26.35,8,84.97
CELL_37529,Neuron,85.51,19,54.53
CELL_17541,Epithelial,78.63,6,57.74
CELL_23012,Myocyte,24.86,40,61.48
CELL_21014,Erythrocyte,87.96,33,68.22
CELL_94922,Epithelial,14.84,44,87.29
CELL_83864,Epithelial,69.01,38,50.98
CELL_95950,Myocyte,6.15,40,60.14
CELL_44322,Leukocyte,41.76,5,89.61
CELL_17909,Epithelial,59.1,36,99.62
CELL_93147,Neuron,110.4,18,82.59
CELL_85304,Fibroblast,114.33,13,79.99
CELL_93667,Fibroblast,66.96,43,75.72
CELL_19437,Stem Cell,22.82,36,79.31
CELL_86065,Epithelial,113.62,12,85.11
CELL_99980,Fibroblast,31.38,45,67.21
CELL_96083,Fibroblast,103.87,23,51.17
CELL_99492,Myocyte,59.07,48,50.18
CELL_71723,Neuron,40.81,18,89.88
CELL_90688,Erythrocyte,105.02,43,89.33
CELL_83899,Stem Cell,56.36,34,76.45
CELL_75157,Fibroblast,68.65,35,60.67
CELL_22619,Stem Cell,77.99,16,95.53
CELL_77795,Fibroblast,50.55,22,85.75
CELL_45250,Myocyte,18.63,34,58.81
CELL_18521,Erythrocyte,51.43,40,72.51
CELL_58903,Erythrocyte,109.79,24,54.35
CELL_19845,Stem Cell,92.73,6,70.74
CELL_34582,Erythrocyte,99.15,50,96.05
CELL_33457,Erythrocyte,72.23,9,98.39
CELL_67838,Erythrocyte,105.72,43,92.91
CELL_36536,Neuron,12.07,37,62.38
CELL_31841,Stem Cell,25.4,47,93.37
CELL_83386,Myocyte,85.04,40,84.83
CELL_50661,Neuron,52.66,31,68.42
CELL_34472,Stem Cell,66.52,43,80.29
CELL_17669,Fibroblast,91.07,47,74.99
CELL_49666,Epithelial,9.23,20,68.09
CELL_82268,Neuron,59.26,14,57.35
CELL_20715,Neuron,37.7,37,85.65
CELL_44428,Myocyte,9.88,25,79.01
CELL_73301,Neuron,113.58,50,95.61
CELL_35083,Myocyte,43.57,5,75.61
CELL_32218,Leukocyte,15.35,49,77.9
CELL_73175,Leukocyte,47.88,18,91.28
CELL_97627,Neuron,119.49,13,77.89
CELL_32683,Myocyte,88.57,41,51.81
CELL_48023,Leukocyte,65.22,32,98.07
CELL_65797,Epithelial,92.27,6,65.59
CELL_63403,Leukocyte,9.47,44,99.52
CELL_17523,Erythrocyte,82.62,16,54.73
CELL_30838,Leukocyte,59.97,31,63.56
CELL_73151,Epithelial,80.81,49,73.88
CELL_92819,Myocyte,109.57,14,95.75
CELL_56136,Leukocyte,100.76,34,51.39
CELL_80008,Myocyte,105.44,42,78.8
CELL_49517,Leukocyte,70.17,18,93.95
CELL_16306,Neuron,39.72,40,93.06
CELL_31909,Fibroblast,16.86,26,57.73
CELL_44653,Fibroblast,54.82,40,65.05
CELL_18963,Neuron,77.95,11,55.38
CELL_50678,Stem Cell,62.07,49,83.36
CELL_61701,Neuron,87.78,41,63.21
CELL_73909,Epithelial,94.81,10,51.43
CELL_29755,Leukocyte,111.83,5,52.57
CELL_48904,Myocyte,116.24,12,91.48
CELL_46800,Leukocyte,32.15,25,53.01
CELL_25602,Fibroblast,37.88,48,93.56
CELL_76314,Leukocyte,82.18,44,64.2
CELL_50911,Neuron,5.0,39,68.74
CELL_27473,Leukocyte,43.31,37,76.8
CELL_16670,Myocyte,87.47,38,97.84
CELL_86698,Epithelial,89.43,46,64.22
CELL_93889,Leukocyte,21.07,24,75.47
CELL_99626,Stem Cell,40.71,17,54.28
CELL_67753,Fibroblast,50.92,19,61.97
CELL_58999,Neuron,58.44,42,92.63
CELL_81320,Erythrocyte,88.8,38,87.58
CELL_93898,Erythrocyte,25.81,25,83.64
CELL_59860,Erythrocyte,96.63,47,75.9
CELL_47980,Neuron,17.61,12,80.35
CELL_87317,Leukocyte,105.64,18,88.17
CELL_69369,Epithelial,12.3,21,88.09
CELL_15713,Erythrocyte,83.57,28,88.52
CELL_36299,Myocyte,93.77,15,91.51
CELL_57958,Fibroblast,38.78,25,54.31
CELL_46282,Leukocyte,27.97,50,86.81
CELL_45156,Stem Cell,13.01,37,90.3
CELL_17335,Neuron,101.06,31,77.05
CELL_84900,Erythrocyte,50.38,23,79.65
CELL_40795,Neuron,89.7,5,84.94
CELL_47686,Neuron,59.26,8,64.2
CELL_16642,Erythrocyte,48.49,39,78.97
CELL_79049,Leukocyte,69.5,42,94.34
CELL_61189,Myocyte,81.7,48,83.54
CELL_87270,Erythrocyte,67.14,44,63.83
CELL_42792,Leukocyte,95.75,21,96.11
CELL_72097,Fibroblast,97.74,27,72.83
CELL_72336,Stem Cell,30.2,21,50.88
CELL_18876,Leukocyte,104.57,19,65.05
CELL_53199,Epithelial,80.88,44,59.55
CELL_32954,Fibroblast,24.56,15,71.63
CELL_27685,Erythrocyte,59.46,28,87.08
CELL_27193,Fibroblast,7.06,11,98.99
CELL_21943,Stem Cell,33.11,41,59.66
CELL_68384,Neuron,34.26,6,73.66
CELL_10969,Fibroblast,64.38,41,68.2
CELL_86566,Neuron,13.08,33,73.7
CELL_28779,Neuron,28.05,23,85.25
CELL_11225,Neuron,65.93,24,65.37
CELL_37003,Myocyte,45.68,44,87.91
CELL_38748,Leukocyte,113.91,14,89.64
CELL_89410,Epithelial,35.88,28,56.67
CELL_76758,Stem Cell,84.84,18,95.44
CELL_38463,Stem Cell,77.79,28,81.11
CELL_92263,Myocyte,78.46,5,78.47
CELL_55107,Erythrocyte,44.66,12,83.95
CELL_41970,Myocyte,27.41,30,80.56
CELL_69330,Erythrocyte,57.27,46,87.45
CELL_54998,Myocyte,64.13,42,84.97
CELL_66763,Leukocyte,35.09,31,69.47
CELL_40862,Fibroblast,41.59,30,78.52
CELL_95968,Stem Cell,98.21,26,70.65
CELL_25308,Leukocyte,7.91,22,96.21
CELL_27842,Neuron,112.59,29,73.03
CELL_37613,Epithelial,8.35,20,65.59
CELL_63253,Erythrocyte,113.85,32,53.85
CELL_89226,Stem Cell,105.04,41,72.23
CELL_29293,Epithelial,95.3,5,58.0
CELL_49567,Epithelial,91.83,40,56.28
CELL_72949,Fibroblast,39.48,5,83.51
CELL_52308,Erythrocyte,50.36,10,60.53
CELL_20957,Leukocyte,110.69,47,51.25
CELL_54924,Stem Cell,19.95,39,78.66
CELL_74685,Fibroblast,99.88,45,82.55
CELL_19826,Epithelial,112.25,45,56.74
CELL_34517,Erythrocyte,65.58,22,90.82
CELL_35456,Neuron,66.87,14,86.93
CELL_43917,Leukocyte,88.8,39,96.82
CELL_57426,Erythrocyte,109.88,42,78.59
CELL_65557,Fibroblast,36.34,18,52.94
CELL_39377,Myocyte,83.97,21,81.14
CELL_35959,Epithelial,8.54,46,65.05
CELL_59401,Neuron,113.96,24,97.74
CELL_66028,Myocyte,116.32,18,90.87
CELL_84417,Leukocyte,105.13,11,98.01
CELL_65611,Fibroblast,45.79,38,78.48
CELL_42157,Fibroblast,50.77,24,76.96
CELL_84902,Epithelial,84.73,35,76.99
CELL_43127,Erythrocyte,67.18,9,82.24
CELL_75293,Leukocyte,34.85,9,60.13
CELL_34234,Epithelial,82.68,45,82.09
CELL_47103,Leukocyte,87.38,27,74.68
CELL_32962,Fibroblast,5.77,5,88.62
CELL_30619,Erythrocyte,8.61,40,79.17
CELL_73311,Neuron,81.82,8,86.29
CELL_50755,Erythrocyte,52.47,15,79.57
CELL_54524,Myocyte,21.12,45,86.22
CELL_41165,Fibroblast,83.64,22,80.63
CELL_36160,Leukocyte,13.44,50,66.98
CELL_56472,Leukocyte,15.92,40,84.18
CELL_84371,Neuron,54.29,34,87.33
CELL_35843,Leukocyte,62.56,44,63.19
CELL_81240,Stem Cell,69.73,16,56.38
CELL_16164,Leukocyte,105.28,10,67.09
CELL_29925,Epithelial,42.7,25,55.66
CELL_54020,Leukocyte,35.13,41,65.15
CELL_82979,Myocyte,84.43,48,50.93
CELL_65758,Fibroblast,108.63,28,51.6
CELL_94826,Erythrocyte,95.46,6,81.94
CELL_87324,Fibroblast,6.99,8,54.85
CELL_80637,Fibroblast,13.28,34,84.53
CELL_71902,Leukocyte,94.44,38,56.5
CELL_78558,Fibroblast,75.53,32,98.92
CELL_90054,Fibroblast,107.41,25,58.88
CELL_85902,Stem Cell,68.97,44,92.47
CELL_10219,Leukocyte,62.82,46,83.3
CELL_16734,Myocyte,109.42,43,65.02
CELL_54535,Neuron,70.17,44,54.75
CELL_42000,Myocyte,13.63,13,99.11
CELL_25987,Neuron,108.43,47,62.48
CELL_71537,Myocyte,107.89,40,54.99
CELL_20132,Myocyte,112.31,23,71.55
CELL_94406,Leukocyte,113.74,37,61.45
CELL_91844,Neuron,5.77,10,76.76
CELL_40752,Neuron,66.18,7,57.16
CELL_28685,Epithelial,114.68,32,65.21
CELL_95930,Fibroblast,30.0,27,84.98
CELL_62863,Stem Cell,105.34,17,65.35
CELL_33593,Fibroblast,119.3,48,95.4
CELL_48052,Epithelial,80.82,45,60.77
CELL_53026,Neuron,33.47,21,90.57
CELL_24560,Stem Cell,42.41,32,50.72
CELL_43993,Neuron,30.71,18,59.5
CELL_98508,Stem Cell,14.98,32,88.67
CELL_23914,Neuron,62.41,34,81.91
CELL_63965,Leukocyte,106.38,41,61.14
CELL_76411,Stem Cell,112.13,22,77.28
CELL_74469,Leukocyte,105.54,20,73.14
CELL_88679,Myocyte,36.18,47,51.18
CELL_35344,Leukocyte,26.48,8,97.7
CELL_25730,Neuron,80.29,27,87.27
CELL_86058,Leukocyte,36.52,21,66.88
CELL_61185,Myocyte,83.66,28,82.8
CELL_16507,Neuron,33.82,50,88.97
CELL_33072,Myocyte,116.59,41,98.97
CELL_56328,Fibroblast,72.61,25,88.01
CELL_80144,Erythrocyte,6.0,23,63.54
CELL_98567,Epithelial,32.08,5,99.85
CELL_62110,Neuron,45.51,32,50.96
CELL_33285,Stem Cell,35.37,38,77.96
CELL_53483,Neuron,59.71,45,89.63
CELL_26693,Epithelial,71.65,50,61.1
CELL_26289,Leukocyte,81.39,18,93.87
CELL_53994,Epithelial,63.24,11,62.42
CELL_12419,Epithelial,113.93,45,92.99
CELL_48719,Epithelial,64.63,30,81.07
CELL_40081,Epithelial,78.43,30,92.82
CELL_79591,Myocyte,99.47,23,94.7
CELL_44808,Stem Cell,91.03,37,60.01
CELL_65434,Neuron,114.65,29,79.85
CELL_60061,Erythrocyte,74.71,41,53.98
CELL_35328,Epithelial,22.79,9,92.15
CELL_89798,Myocyte,67.97,15,92.59
CELL_89273,Stem Cell,21.6,36,92.9
CELL_42680,Fibroblast,70.87,19,70.46
CELL_48425,Stem Cell,54.01,10,54.61
CELL_99514,Neuron,11.67,42,69.53
CELL_65034,Erythrocyte,40.38,15,57.87
CELL_96117,Erythrocyte,104.4,44,63.4
CELL_70921,Stem Cell,101.65,23,82.79
CELL_81896,Myocyte,109.29,13,68.07
CELL_15546,Leukocyte,86.22,14,63.83
CELL_47120,Myocyte,112.02,31,58.07
CELL_94556,Leukocyte,85.72,26,73.09
CELL_14517,Neuron,69.04,44,72.63
CELL_46635,Epithelial,50.66,32,63.28
CELL_71950,Leukocyte,57.3,14,97.32
CELL_61041,Myocyte,104.86,26,85.52
CELL_84694,Stem Cell,20.94,8,68.32
CELL_11398,Erythrocyte,62.87,46,85.1
CELL_98054,Stem Cell,93.4,16,91.52
CELL_58413,Myocyte,34.04,30,67.12
CELL_13544,Leukocyte,34.81,33,80.57
CELL_99661,Erythrocyte,62.34,18,73.2
CELL_87493,Epithelial,40.43,35,99.37
CELL_26803,Erythrocyte,72.4,49,80.48
CELL_79375,Stem Cell,48.94,46,83.84
CELL_15985,Epithelial,105.37,17,50.48
CELL_66987,Erythrocyte,112.93,37,73.48
CELL_10648,Erythrocyte,67.03,46,78.3
CELL_95300,Neuron,91.71,24,82.79
CELL_39371,Erythrocyte,111.27,36,66.31
CELL_74124,Neuron,69.45,43,94.56
CELL_83932,Neuron,62.32,44,98.94
CELL_25435,Myocyte,93.86,5,98.38
CELL_47792,Fibroblast,105.31,21,83.92
CELL_70403,Epithelial,68.46,37,79.96
CELL_62748,Epithelial,39.82,8,96.69
CELL_32908,Fibroblast,68.44,36,59.96
CELL_88176,Neuron,38.82,46,83.9
CELL_85467,Erythrocyte,24.75,50,66.47
CELL_13149,Stem Cell,31.92,20,56.32
CELL_95075,Neuron,88.98,7,99.36
CELL_21372,Neuron,61.38,50,90.43
CELL_23012,Fibroblast,50.48,34,56.31
CELL_84708,Epithelial,11.36,17,89.1
CELL_58427,Leukocyte,49.61,15,56.37
CELL_28025,Leukocyte,50.36,21,57.29
CELL_78426,Myocyte,43.7,50,90.21
CELL_87418,Erythrocyte,102.01,48,84.75
CELL_73009,Myocyte,14.69,30,66.67
CELL_79835,Erythrocyte,110.26,33,51.72
CELL_82566,Epithelial,106.06,41,83.95
CELL_52324,Epithelial,65.2,28,51.92
CELL_36334,Leukocyte,91.72,46,81.12
CELL_54034,Stem Cell,23.92,11,74.74
CELL_70886,Epithelial,62.5,12,52.45
CELL_53433,Neuron,46.31,12,98.25
CELL_16245,Myocyte,58.76,25,64.64
CELL_44489,Epithelial,102.51,5,74.42
CELL_13684,Myocyte,110.47,21,59.5
CELL_25233,Myocyte,8.6,41,98.05
CELL_13347,Erythrocyte,12.08,26,89.52
CELL_39856,Stem Cell,49.57,24,50.89
CELL_94220,Stem Cell,52.32,35,77.42
CELL_18444,Leukocyte,32.76,32,60.84
CELL_21475,Epithelial,49.25,39,93.75
CELL_41398,Leukocyte,10.49,26,54.21
CELL_84280,Erythrocyte,70.75,7,50.8
CELL_90448,Leukocyte,35.37,20,73.19
CELL_63357,Fibroblast,34.62,21,96.7
CELL_13046,Fibroblast,58.01,14,82.76
CELL_14728,Erythrocyte,43.27,36,52.81
CELL_88268,Myocyte,46.03,28,50.7
CELL_93580,Erythrocyte,107.01,41,81.11
CELL_64616,Neuron,45.51,5,57.69
CELL_16983,Leukocyte,77.57,45,63.12
CELL_33232,Stem Cell,71.75,21,68.97
CELL_60798,Myocyte,91.49,28,66.37
CELL_21004,Myocyte,28.67,36,83.7
CELL_75564,Leukocyte,10.96,30,90.85
CELL_15825,Fibroblast,8.73,6,80.91
CELL_67759,Leukocyte,34.76,50,58.31
CELL_16788,Erythrocyte,80.9,38,69.94
CELL_26817,Fibroblast,89.16,10,60.89
CELL_71861,Erythrocyte,23.14,40,69.84
CELL_65684,Neuron,82.35,41,72.58
CELL_88823,Myocyte,41.03,7,68.3
CELL_42701,Fibroblast,97.03,15,91.42
CELL_41281,Stem Cell,43.98,29,57.96
CELL_11027,Epithelial,81.3,32,78.69
CELL_63116,Stem Cell,101.82,45,58.19
CELL_35116,Neuron,12.44,49,68.43
CELL_62960,Fibroblast,72.1,19,56.7
CELL_19209,Stem Cell,30.33,37,82.47
CELL_33420,Leukocyte,62.36,32,64.03
CELL_76369,Epithelial,108.27,29,52.29
CELL_14860,Neuron,10.64,18,63.08
CELL_36105,Epithelial,112.69,20,80.5
CELL_11193,Neuron,69.73,49,65.06
CELL_98029,Stem Cell,91.49,47,68.64
CELL_94201,Epithelial,58.47,18,90.57
CELL_80609,Stem Cell,96.66,20,85.64
CELL_36539,Leukocyte,90.89,14,98.23
CELL_55543,Myocyte,63.11,18,73.49
CELL_10057,Leukocyte,41.2,22,57.28
CELL_39528,Erythrocyte,64.0,25,87.21
CELL_20287,Erythrocyte,47.61,12,52.09
CELL_21021,Erythrocyte,16.18,44,61.16
CELL_83243,Stem Cell,100.13,50,55.37
CELL_54525,Epithelial,31.36,48,88.56
CELL_58477,Myocyte,6.68,30,63.32
CELL_74496,Epithelial,47.24,30,58.72
CELL_41827,Erythrocyte,92.77,24,82.91
CELL_64183,Stem Cell,5.63,48,94.93
CELL_49249,Leukocyte,78.9,49,81.97
CELL_60316,Fibroblast,67.53,23,83.54
CELL_42376,Leukocyte,90.86,15,62.93
CELL_21502,Leukocyte,113.44,23,91.99
CELL_47095,Neuron,50.5,28,77.38
CELL_15677,Erythrocyte,103.17,18,69.96
CELL_84805,Fibroblast,40.39,45,86.72
CELL_85139,Epithelial,46.41,12,59.53
CELL_50071,Myocyte,99.65,9,78.33
CELL_74404,Fibroblast,102.84,12,97.6
CELL_70499,Neuron,32.13,15,63.82
CELL_81544,Erythrocyte,66.99,49,79.17
CELL_86338,Epithelial,13.85,8,86.78
CELL_60771,Erythrocyte,12.44,43,91.77
CELL_20021,Erythrocyte,97.88,20,92.1
CELL_45332,Fibroblast,27.74,14,92.96
CELL_46296,Neuron,62.33,15,83.98
CELL_19189,Neuron,69.6,10,67.29
CELL_58308,Neuron,118.59,9,59.43
CELL_42476,Neuron,22.87,39,92.57
CELL_12478,Neuron,45.18,28,52.23
CELL_53216,Epithelial,98.48,17,76.73
CELL_29425,Leukocyte,98.35,10,94.83
CELL_84430,Erythrocyte,54.52,32,64.45
CELL_57329,Neuron,80.55,45,59.84
CELL_24537,Fibroblast,54.61,15,56.95
CELL_98048,Erythrocyte,12.18,31,52.9
CELL_77305,Erythrocyte,48.18,29,85.97
CELL_14088,Myocyte,6.48,7,90.2
CELL_66856,Epithelial,56.07,19,63.48
CELL_37370,Erythrocyte,105.64,15,60.13
CELL_25082,Stem Cell,40.4,15,69.24
CELL_23925,Leukocyte,6.75,10,68.61
CELL_37383,Epithelial,75.76,8,94.51
CELL_78527,Fibroblast,64.97,6,85.46
CELL_72784,Erythrocyte,38.93,31,54.65
CELL_83038,Leukocyte,36.13,26,80.04
CELL_51576,Fibroblast,63.02,35,60.46
CELL_61095,Stem Cell,13.15,15,73.38
CELL_43242,Leukocyte,32.41,11,60.67
CELL_15598,Erythrocyte,59.9,48,82.89
CELL_50485,Leukocyte,37.21,37,90.97
CELL_26212,Leukocyte,61.59,41,92.68
CELL_15766,Erythrocyte,31.25,50,52.02
CELL_90072,Leukocyte,8.12,44,65.57
CELL_85753,Erythrocyte,43.24,47,88.42
CELL_79567,Erythrocyte,83.99,8,82.43
CELL_51199,Neuron,29.35,44,88.44
CELL_29597,Leukocyte,80.65,13,85.35
CELL_73527,Neuron,95.39,18,78.53
CELL_17264,Stem Cell,88.73,44,76.16
CELL_19353,Myocyte,12.8,31,51.33
CELL_93045,Myocyte,71.07,50,80.72
CELL_84064,Erythrocyte,38.51,35,50.91
CELL_54215,Erythrocyte,25.15,47,98.24
CELL_42580,Erythrocyte,106.71,42,71.14
CELL_21816,Fibroblast,48.53,21,56.23
CELL_42881,Epithelial,29.63,16,62.59
CELL_83903,Myocyte,104.28,27,87.29
CELL_34802,Stem Cell,55.01,43,92.93
CELL_41159,Myocyte,119.0,5,59.81
CELL_66965,Erythrocyte,61.09,5,92.33
CELL_94031,Erythrocyte,15.29,6,81.38
CELL_53020,Myocyte,61.04,41,60.9
CELL_73293,Stem Cell,50.96,30,83.43
CELL_64561,Fibroblast,116.83,28,57.24
CELL_72089,Myocyte,74.59,46,91.21
CELL_11359,Myocyte,14.48,34,63.47
CELL_60836,Stem Cell,69.14,27,69.11
CELL_64902,Epithelial,5.54,15,57.16
CELL_98718,Leukocyte,50.33,32,86.72
CELL_60184,Fibroblast,103.61,46,89.54
CELL_34678,Erythrocyte,97.92,44,69.18
CELL_53822,Myocyte,7.01,39,54.81
CELL_26205,Neuron,16.28,33,61.32
CELL_48906,Myocyte,84.94,8,64.15
CELL_98396,Erythrocyte,6.74,37,96.32
CELL_43196,Erythrocyte,15.97,28,55.5
CELL_54864,Fibroblast,115.3,43,88.11
CELL_11486,Myocyte,116.9,17,98.64
CELL_45489,Leukocyte,82.91,41,77.57
CELL_26889,Myocyte,34.38,19,78.51
CELL_81411,Fibroblast,48.08,35,50.37
CELL_37459,Neuron,51.51,18,50.67
CELL_90942,Stem Cell,76.56,44,69.07
CELL_77635,Erythrocyte,62.46,22,60.08
CELL_27605,Stem Cell,112.68,24,62.64
CELL_26309,Leukocyte,47.84,5,83.85
CELL_70236,Epithelial,27.75,42,90.81
CELL_64626,Erythrocyte,9.44,12,63.16
CELL_11624,Leukocyte,32.71,44,82.54
CELL_62593,Stem Cell,56.85,24,58.12
CELL_92628,Leukocyte,99.97,21,61.89
CELL_12629,Erythrocyte,56.98,49,96.49
CELL_11141,Neuron,87.13,22,75.23
CELL_15986,Myocyte,11.29,16,98.34
CELL_70982,Leukocyte,20.12,27,81.41
CELL_84578,Myocyte,51.61,11,93.29
CELL_97235,Stem Cell,81.56,20,59.92
CELL_73049,Neuron,27.33,6,73.68
CELL_36313,Myocyte,11.31,11,81.14
CELL_65119,Leukocyte,25.89,5,55.18
CELL_41863,Leukocyte,63.48,37,82.1
CELL_78774,Myocyte,99.29,46,95.14
CELL_33964,Fibroblast,32.15,31,64.04
CELL_97202,Fibroblast,89.2,11,63.1
CELL_48452,Epithelial,59.63,47,67.57
CELL_68892,Epithelial,99.39,32,80.73
CELL_63620,Fibroblast,93.41,38,77.85
CELL_22343,Myocyte,104.11,5,59.71
CELL_68124,Myocyte,15.62,31,68.74
CELL_93502,Fibroblast,22.98,28,54.99
CELL_46505,Fibroblast,86.65,20,57.21
CELL_81055,Neuron,61.67,30,99.61
CELL_45120,Fibroblast,119.13,24,91.96
CELL_63892,Leukocyte,26.33,21,65.22
CELL_80001,Leukocyte,112.64,48,86.58
CELL_64795,Fibroblast,42.02,48,82.96
CELL_28878,Fibroblast,66.59,40,67.73
CELL_44052,Fibroblast,24.68,14,56.02
CELL_37192,Fibroblast,45.85,29,60.46
CELL_94045,Epithelial,114.67,10,62.04
CELL_90668,Stem Cell,66.68,12,77.63
CELL_85564,Epithelial,8.58,11,88.33
CELL_67369,Leukocyte,64.79,48,81.59
CELL_41106,Erythrocyte,90.94,23,95.94
CELL_74508,Myocyte,118.36,50,99.67
CELL_45681,Leukocyte,103.94,5,70.07
CELL_54470,Stem Cell,118.87,40,86.18
CELL_78587,Neuron,24.31,34,75.49
CELL_83174,Neuron,104.55,22,70.86
CELL_27439,Neuron,43.73,37,75.41
CELL_61067,Stem Cell,32.37,48,78.42
CELL_35070,Neuron,67.63,35,52.36
CELL_47493,Fibroblast,41.33,9,77.09
CELL_32720,Neuron,39.89,12,61.85
CELL_67097,Epithelial,40.03,27,94.24
CELL_40517,Myocyte,13.72,21,85.41
CELL_84468,Stem Cell,117.76,28,54.57
CELL_21336,Erythrocyte,12.5,46,74.17
CELL_26581,Stem Cell,46.89,19,75.45
CELL_53561,Leukocyte,89.9,36,73.97
CELL_90458,Fibroblast,48.23,10,87.96
CELL_77630,Myocyte,32.59,5,70.36
CELL_17329,Epithelial,70.94,36,78.17
CELL_20485,Fibroblast,114.42,33,82.41
CELL_75734,Stem Cell,10.62,21,71.42
CELL_63806,Myocyte,100.68,32,61.04
CELL_98286,Stem Cell,83.35,8,95.93
CELL_81367,Fibroblast,22.96,47,66.29
CELL_71159,Epithelial,6.88,45,67.45
CELL_24277,Leukocyte,45.71,27,67.77
CELL_66632,Erythrocyte,65.73,42,95.05
CELL_79707,Myocyte,59.63,22,87.23
CELL_76430,Neuron,107.61,40,84.32
CELL_15724,Leukocyte,38.74,16,81.36
CELL_45466,Neuron,101.99,32,95.98
CELL_28093,Epithelial,103.3,7,91.15
CELL_91097,Fibroblast,25.73,33,72.54
CELL_68136,Epithelial,5.16,18,85.86
CELL_55067,Erythrocyte,78.4,38,58.6
CELL_92901,Erythrocyte,66.05,45,94.48
CELL_31081,Fibroblast,115.49,39,89.51
CELL_91075,Erythrocyte,84.55,25,100.0
CELL_92494,Epithelial,68.01,12,74.77
CELL_35768,Fibroblast,27.26,47,87.59
CELL_91415,Epithelial,19.2,33,52.35
CELL_72059,Fibroblast,45.31,37,80.67
CELL_53233,Erythrocyte,8.4,38,93.39
CELL_65940,Erythrocyte,45.53,36,53.97
CELL_54411,Epithelial,99.21,31,80.04
CELL_28943,Neuron,41.43,24,96.16
CELL_60148,Epithelial,13.47,24,68.89
CELL_42948,Erythrocyte,27.58,35,82.68
CELL_12177,Epithelial,61.01,27,60.39
CELL_31304,Myocyte,91.78,17,57.03
CELL_58799,Leukocyte,25.59,28,70.48
CELL_41352,Stem Cell,118.46,9,69.06
CELL_31931,Stem Cell,81.14,44,63.69
CELL_32467,Stem Cell,69.52,33,62.19
CELL_16094,Erythrocyte,45.71,22,51.48
CELL_37362,Leukocyte,94.25,24,89.51
CELL_10930,Fibroblast,51.99,34,56.44
CELL_96681,Neuron,84.88,47,57.76
CELL_76360,Neuron,76.08,35,83.21
CELL_74913,Stem Cell,83.71,19,86.59
CELL_63497,Fibroblast,18.67,48,56.32
CELL_97686,Leukocyte,84.9,37,81.96
CELL_22921,Fibroblast,55.43,17,59.21
CELL_53770,Fibroblast,86.59,8,90.99
CELL_63502,Fibroblast,76.56,29,91.18
CELL_10524,Myocyte,111.67,20,80.62
CELL_25566,Myocyte,91.17,38,80.39
CELL_73289,Epithelial,52.74,30,60.71
CELL_97168,Neuron,62.41,30,75.01
CELL_57201,Neuron,35.65,44,85.74
CELL_37838,Myocyte,110.07,45,57.32
CELL_82496,Neuron,10.81,25,95.88
CELL_16250,Epithelial,19.86,48,90.18
CELL_73452,Leukocyte,49.36,26,88.79
CELL_90466,Neuron,52.71,15,78.66
CELL_62492,Myocyte,91.81,23,93.87
CELL_75532,Erythrocyte,15.58,41,82.21
CELL_41162,Fibroblast,11.51,17,70.42
CELL_19024,Erythrocyte,71.07,42,93.58
CELL_31630,Stem Cell,11.07,11,58.94
CELL_10934,Epithelial,97.28,39,53.23
CELL_76756,Neuron,22.22,11,52.9
CELL_35596,Epithelial,92.12,17,71.53
CELL_97728,Leukocyte,114.18,48,76.38
CELL_93734,Leukocyte,11.45,44,65.12
CELL_30700,Stem Cell,20.7,50,54.52
CELL_23504,Erythrocyte,64.33,32,90.81
CELL_84537,Leukocyte,34.88,23,92.83
CELL_44283,Fibroblast,96.45,12,92.13
CELL_46460,Leukocyte,82.96,22,54.98
CELL_65419,Stem Cell,42.43,16,96.63
CELL_24299,Epithelial,69.76,19,94.47
CELL_52733,Stem Cell,47.42,23,76.18
CELL_27524,Neuron,6.51,36,73.29
CELL_75713,Erythrocyte,90.26,16,73.59
CELL_40166,Neuron,9.46,19,99.13
CELL_54048,Neuron,32.76,27,69.34
CELL_77618,Myocyte,20.69,6,94.09
CELL_60730,Leukocyte,30.48,36,92.01
CELL_90912,Stem Cell,44.2,14,62.42
CELL_15423,Neuron,89.63,18,89.51
CELL_14344,Neuron,11.38,45,84.65
CELL_21486,Myocyte,119.24,25,95.46
CELL_78625,Stem Cell,56.52,50,68.36
CELL_88013,Neuron,104.88,17,87.26
CELL_90011,Epithelial,94.16,20,96.39
CELL_66268,Leukocyte,57.55,9,61.61
CELL_99995,Leukocyte,58.14,28,88.14
CELL_50170,Epithelial,81.27,41,74.13
CELL_43823,Leukocyte,106.16,13,55.8
CELL_29116,Neuron,111.79,15,88.65
CELL_32850,Leukocyte,52.23,23,85.17
CELL_40247,Fibroblast,81.33,37,61.01
CELL_13487,Epithelial,52.65,36,92.01
CELL_86600,Fibroblast,11.43,28,80.41
CELL_91709,Fibroblast,72.29,50,96.42
CELL_51147,Neuron,71.16,39,66.22
CELL_86621,Epithelial,56.99,13,84.74
CELL_34566,Myocyte,62.26,46,74.4
CELL_20076,Neuron,19.63,33,65.93
CELL_10107,Stem Cell,101.62,36,80.95
CELL_97674,Fibroblast,50.68,10,65.69
CELL_95676,Leukocyte,95.4,29,70.86
CELL_47374,Leukocyte,36.27,46,86.43
CELL_17858,Fibroblast,93.08,50,64.25
CELL_13429,Neuron,90.05,11,71.33
CELL_11730,Erythrocyte,36.59,48,58.93
CELL_95608,Erythrocyte,84.16,28,61.46
CELL_92077,Neuron,89.38,10,64.58
CELL_51174,Epithelial,104.59,49,50.21
CELL_68578,Epithelial,40.49,18,62.04
CELL_15456,Stem Cell,79.03,46,60.98
CELL_66021,Neuron,61.75,9,94.82
CELL_79816,Stem Cell,114.61,46,54.82
CELL_48825,Leukocyte,32.85,49,75.93
CELL_78753,Leukocyte,116.7,21,63.49
CELL_73104,Stem Cell,5.19,27,51.15
CELL_44676,Erythrocyte,115.65,13,57.84
CELL_73865,Neuron,16.24,28,98.4
CELL_85289,Erythrocyte,74.53,9,85.74
CELL_43319,Neuron,33.62,47,77.98
CELL_93061,Neuron,40.04,32,50.45
CELL_11879,Fibroblast,112.35,29,52.88
CELL_52389,Erythrocyte,19.05,22,99.57
CELL_85576,Stem Cell,92.58,17,86.18
CELL_12197,Leukocyte,117.05,39,73.15
CELL_46309,Neuron,63.92,37,80.08
CELL_11745,Leukocyte,83.18,8,95.92
CELL_52212,Neuron,83.43,25,56.86
CELL_56136,Myocyte,85.23,14,63.23
CELL_12678,Fibroblast,41.6,21,58.77
CELL_47321,Fibroblast,70.36,9,56.59
CELL_24642,Erythrocyte,51.64,32,65.49
CELL_80177,Neuron,60.48,8,89.64
CELL_95817,Leukocyte,107.4,7,89.04
CELL_48830,Neuron,30.62,46,71.4
CELL_49046,Erythrocyte,32.76,26,57.98
CELL_33253,Stem Cell,54.82,6,53.16
CELL_55336,Epithelial,71.02,5,53.92
CELL_78109,Neuron,79.42,16,61.05
CELL_40092,Leukocyte,98.31,36,95.85
CELL_55911,Stem Cell,8.51,28,62.16
CELL_30125,Neuron,32.32,7,61.34
CELL_57155,Stem Cell,86.48,42,93.02
CELL_77729,Stem Cell,73.19,13,60.88
CELL_81472,Erythrocyte,21.99,37,84.03
CELL_97917,Erythrocyte,40.76,30,62.72
CELL_57053,Myocyte,87.36,46,76.94
CELL_57647,Leukocyte,12.04,38,68.02
CELL_15865,Epithelial,19.59,18,89.53
CELL_11161,Stem Cell,116.81,17,53.75
CELL_38690,Erythrocyte,116.96,35,70.25
CELL_70734,Myocyte,92.31,11,90.54
CELL_87284,Erythrocyte,75.76,14,61.33
CELL_95719,Epithelial,94.83,10,99.5
CELL_38300,Neuron,38.47,47,67.9
CELL_95320,Neuron,89.92,17,95.24
CELL_37713,Neuron,88.84,20,75.7
CELL_11746,Stem Cell,38.42,39,53.37
CELL_50487,Epithelial,98.07,28,74.04
CELL_40151,Leukocyte,97.38,39,86.19
CELL_18725,Epithelial,53.74,45,68.14
CELL_50367,Myocyte,90.39,47,63.98
CELL_60201,Fibroblast,78.71,50,66.32
CELL_99425,Epithelial,24.4,26,56.92
CELL_96992,Erythrocyte,28.54,47,78.91
CELL_56169,Myocyte,114.37,50,91.43
CELL_70345,Leukocyte,11.65,21,96.41
CELL_81325,Stem Cell,110.14,30,84.41
CELL_65208,Myocyte,78.12,9,76.67
CELL_51160,Epithelial,21.6,49,53.51
CELL_86269,Leukocyte,51.3,45,63.19
CELL_51735,Myocyte,76.57,9,77.1
CELL_27602,Neuron,49.89,13,99.8
CELL_18817,Fibroblast,86.91,32,62.96
CELL_14539,Fibroblast,106.06,37,85.45
CELL_20885,Myocyte,51.33,30,95.15
CELL_86922,Stem Cell,92.89,42,54.62
CELL_37054,Fibroblast,116.62,49,95.19
CELL_63966,Fibroblast,19.07,31,76.07
CELL_81977,Leukocyte,72.92,13,60.7
CELL_82015,Erythrocyte,44.84,42,86.14
CELL_88193,Stem Cell,119.91,43,74.83
CELL_88628,Epithelial,108.33,46,53.13
CELL_36212,Epithelial,39.14,10,90.1
CELL_11352,Stem Cell,85.14,24,70.68
CELL_47663,Leukocyte,84.78,9,87.22
CELL_40651,Myocyte,44.92,39,94.43
CELL_76428,Epithelial,90.87,9,76.95
CELL_33369,Fibroblast,118.2,11,92.3
CELL_82087,Stem Cell,36.48,22,91.11
CELL_47973,Stem Cell,113.03,43,82.11
CELL_18974,Stem Cell,44.5,6,51.65
CELL_41754,Epithelial,22.16,5,85.8
CELL_79860,Neuron,38.21,32,67.08
CELL_79376,Fibroblast,95.24,39,97.81
CELL_29386,Leukocyte,109.87,13,87.36
CELL_97509,Erythrocyte,29.53,38,66.27
CELL_20704,Myocyte,105.21,26,55.45
CELL_24537,Myocyte,108.65,6,61.86
CELL_32939,Epithelial,61.19,23,66.82
CELL_18711,Erythrocyte,83.99,45,66.87
CELL_55063,Erythrocyte,24.5,23,66.35
CELL_70539,Leukocyte,71.38,18,80.07
CELL_21571,Neuron,40.32,25,69.4
CELL_83582,Myocyte,59.29,19,89.49
CELL_17980,Erythrocyte,100.46,28,98.52
CELL_95635,Neuron,70.62,6,72.85
CELL_33318,Erythrocyte,24.96,50,99.45
CELL_47560,Erythrocyte,86.6,14,87.95
CELL_53343,Fibroblast,94.6,33,75.25
CELL_10701,Epithelial,53.87,36,95.42
CELL_48305,Leukocyte,102.3,34,66.46
CELL_57782,Stem Cell,99.57,10,57.14
CELL_82834,Myocyte,62.19,50,60.61
CELL_19783,Leukocyte,89.97,22,98.19
CELL_42163,Leukocyte,57.03,15,67.82
CELL_91836,Leukocyte,94.12,28,67.75
CELL_55178,Epithelial,41.61,11,88.62
CELL_40567,Neuron,64.62,49,63.83
CELL_14682,Stem Cell,93.78,18,55.6
CELL_76036,Fibroblast,7.46,40,63.03
CELL_79940,Epithelial,80.94,32,63.42
CELL_52157,Fibroblast,115.5,8,60.69
CELL_17529,Neuron,64.61,41,98.97
CELL_91284,Stem Cell,40.15,22,91.32
CELL_11119,Epithelial,50.08,19,82.25
CELL_42011,Stem Cell,117.39,7,78.9
CELL_28386,Leukocyte,74.94,31,99.4
CELL_11312,Epithelial,42.75,22,59.63
CELL_29005,Epithelial,26.84,9,53.79
CELL_21522,Neuron,20.15,45,71.27
CELL_64864,Neuron,113.38,43,65.72
CELL_73160,Erythrocyte,80.9,18,54.23
CELL_50308,Myocyte,21.45,18,68.29
CELL_97915,Stem Cell,12.77,48,59.06
CELL_36568,Leukocyte,83.06,15,53.22
CELL_34501,Fibroblast,94.43,30,89.02
CELL_23728,Myocyte,44.43,48,94.92
CELL_63256,Erythrocyte,36.6,39,62.39
CELL_40689,Myocyte,64.61,47,69.91
CELL_59228,Neuron,8.9,17,81.26
CELL_22020,Leukocyte,112.73,20,68.18
CELL_85253,Erythrocyte,106.29,26,62.41
CELL_88957,Myocyte,43.52,22,69.1
CELL_11015,Stem Cell,39.38,38,89.62
CELL_68066,Epithelial,31.55,30,55.0
CELL_42013,Erythrocyte,115.2,11,90.93
CELL_54245,Epithelial,17.98,11,75.9
CELL_20308,Stem Cell,53.0,10,59.37
CELL_69308,Leukocyte,6.1,12,84.15
CELL_82321,Stem Cell,91.89,11,86.91
CELL_51149,Stem Cell,16.83,34,89.1
CELL_11378,Myocyte,105.82,13,59.7
CELL_29690,Erythrocyte,71.97,22,85.51
CELL_21079,Stem Cell,35.49,27,52.2
CELL_86289,Epithelial,38.19,17,98.64
CELL_44561,Myocyte,9.9,50,63.71
CELL_50602,Myocyte,115.99,49,98.29
CELL_65512,Neuron,102.43,37,68.41
CELL_59641,Erythrocyte,81.23,20,78.65
CELL_22537,Leukocyte,103.46,14,61.61
CELL_32032,Leukocyte,46.53,23,58.69
CELL_92498,Myocyte,100.95,44,50.39
CELL_34883,Leukocyte,71.78,17,55.01
CELL_52614,Stem Cell,77.49,32,55.64
CELL_92816,Neuron,76.73,11,88.92
CELL_96403,Stem Cell,118.01,50,68.73
CELL_18520,Fibroblast,9.25,33,58.51
CELL_34785,Erythrocyte,10.08,47,87.68
CELL_88820,Erythrocyte,61.34,24,84.56
CELL_40461,Stem Cell,61.02,8,80.57
CELL_51355,Myocyte,70.71,20,87.41
CELL_60672,Fibroblast,13.08,30,50.52
CELL_49057,Epithelial,100.08,21,78.99
CELL_42974,Epithelial,44.66,40,83.96
CELL_28308,Fibroblast,88.38,8,58.13
CELL_78657,Fibroblast,57.16,15,55.63
CELL_68473,Neuron,112.54,39,71.13
CELL_75191,Myocyte,78.48,29,77.28
CELL_78938,Fibroblast,117.36,38,73.9
CELL_55009,Leukocyte,91.73,33,66.25
CELL_63297,Myocyte,7.33,45,83.46
CELL_61663,Stem Cell,36.24,38,74.54
CELL_63548,Leukocyte,51.63,43,97.35
CELL_78461,Erythrocyte,85.58,50,85.29
CELL_48990,Stem Cell,55.18,22,70.2
CELL_47480,Leukocyte,68.14,37,97.37
CELL_38540,Leukocyte,13.99,17,52.24
CELL_50386,Myocyte,13.71,5,75.13
CELL_28621,Neuron,66.52,24,80.66
CELL_35992,Epithelial,24.58,32,98.04
CELL_22038,Stem Cell,52.34,10,70.23
CELL_69409,Erythrocyte,12.8,38,69.04
CELL_17926,Leukocyte,70.22,37,95.24
CELL_98062,Fibroblast,11.57,18,86.31
CELL_85839,Stem Cell,73.05,29,87.78
CELL_38837,Erythrocyte,119.14,12,95.44
CELL_68103,Erythrocyte,97.89,36,95.01
CELL_47788,Erythrocyte,56.03,36,71.05
CELL_10201,Leukocyte,36.99,5,62.81
CELL_99753,Stem Cell,13.51,14,57.24
CELL_73254,Epithelial,61.17,32,58.25
CELL_19603,Fibroblast,55.25,26,50.45
CELL_31782,Myocyte,12.33,48,97.47
CELL_24738,Epithelial,96.09,14,92.21
CELL_93254,Leukocyte,52.08,15,56.24
CELL_21076,Erythrocyte,36.19,14,81.93
CELL_70313,Neuron,77.61,10,51.26
CELL_93565,Neuron,70.46,20,87.67
CELL_56417,Leukocyte,76.04,27,93.61
CELL_55025,Erythrocyte,37.51,22,72.26
CELL_70739,Stem Cell,88.8,40,70.8
CELL_10102,Epithelial,92.34,32,74.75
CELL_99831,Erythrocyte,91.91,31,65.65
CELL_24172,Epithelial,24.73,29,93.6
CELL_19147,Fibroblast,34.47,50,67.49
CELL_50256,Epithelial,43.06,8,67.6
CELL_71227,Neuron,106.45,48,66.54
CELL_74787,Myocyte,27.91,32,58.93
CELL_28214,Epithelial,52.43,24,77.21
CELL_52095,Neuron,85.97,45,71.18
CELL_64829,Leukocyte,53.76,20,94.57
CELL_53482,Neuron,94.99,19,62.88
CELL_75030,Stem Cell,99.79,19,64.06
CELL_77298,Stem Cell,49.92,46,75.88
CELL_44330,Epithelial,89.44,35,66.01
CELL_12830,Neuron,18.1,19,83.07
CELL_63137,Stem Cell,97.64,39,70.36
CELL_10466,Stem Cell,29.8,34,54.73
CELL_45759,Leukocyte,11.29,18,76.62
CELL_94111,Leukocyte,116.83,9,79.35
CELL_23328,Leukocyte,30.81,25,68.21
CELL_33827,Erythrocyte,41.52,48,81.44
CELL_80154,Epithelial,22.82,18,73.68
CELL_82845,Neuron,106.02,37,58.51
CELL_58740,Fibroblast,102.77,41,74.67
CELL_23428,Neuron,118.2,25,51.94
CELL_62947,Epithelial,70.02,38,72.84
CELL_90235,Neuron,6.66,5,88.3
CELL_56326,Leukocyte,30.04,47,70.43
CELL_65812,Myocyte,101.69,29,78.36
CELL_49988,Myocyte,34.73,23,93.27
CELL_15648,Stem Cell,16.01,47,82.17
CELL_47252,Myocyte,74.58,39,97.82
CELL_78971,Stem Cell,86.85,35,96.03
CELL_67052,Myocyte,111.54,41,74.73
CELL_44693,Epithelial,17.56,31,51.16
CELL_54538,Stem Cell,65.44,7,90.95
CELL_44911,Leukocyte,93.08,12,71.51
CELL_29608,Fibroblast,39.29,44,95.52
CELL_90442,Stem Cell,107.22,19,73.43
CELL_57935,Neuron,33.8,35,50.42
CELL_91252,Epithelial,93.42,24,80.15
CELL_44684,Fibroblast,89.11,12,53.21
CELL_58538,Epithelial,50.58,19,86.6
CELL_21405,Neuron,110.24,46,73.49
CELL_40344,Leukocyte,86.25,16,89.33
CELL_43261,Neuron,109.7,31,60.92
CELL_60554,Erythrocyte,56.29,49,84.03
CELL_52677,Leukocyte,100.15,37,69.35
CELL_46548,Fibroblast,119.35,8,88.08
CELL_25786,Fibroblast,97.46,13,76.71
CELL_11011,Leukocyte,116.62,50,74.01
CELL_94098,Erythrocyte,15.5,30,89.27
CELL_97095,Erythrocyte,28.5,50,71.89
CELL_66103,Leukocyte,84.73,36,74.07
CELL_12764,Epithelial,63.48,10,72.65
CELL_68629,Stem Cell,97.36,12,80.29
CELL_24106,Leukocyte,19.52,11,52.21
CELL_78351,Leukocyte,72.3,15,67.05
CELL_44558,Stem Cell,8.16,14,84.91
CELL_22559,Stem Cell,62.06,44,85.8
CELL_38933,Fibroblast,45.36,40,81.26
CELL_37938,Leukocyte,16.83,27,78.88
CELL_33470,Myocyte,85.94,11,81.34
CELL_61125,Neuron,7.53,31,56.54
CELL_71092,Erythrocyte,41.69,20,68.12
CELL_48221,Myocyte,27.37,20,81.0
CELL_74323,Erythrocyte,16.75,43,63.52
CELL_93474,Fibroblast,55.74,22,59.69
CELL_18998,Stem Cell,116.19,17,87.07
CELL_70938,Epithelial,60.1,18,79.2
CELL_70412,Myocyte,37.68,22,55.05
CELL_26583,Leukocyte,54.83,23,78.98
CELL_60536,Leukocyte,44.61,15,54.41
CELL_64830,Erythrocyte,113.85,11,91.03
CELL_35127,Epithelial,6.5,21,85.47
CELL_46214,Neuron,76.06,32,90.38
CELL_70340,Fibroblast,31.11,30,84.4
CELL_95944,Leukocyte,51.42,13,62.63
CELL_57738,Fibroblast,86.41,27,84.54
CELL_73395,Neuron,15.06,40,76.0
CELL_64864,Stem Cell,75.94,13,91.62
CELL_63431,Leukocyte,17.29,23,89.2
CELL_33054,Stem Cell,62.1,15,75.7
CELL_64346,Erythrocyte,30.91,35,92.57
CELL_33674,Erythrocyte,118.8,29,79.31
CELL_89645,Neuron,22.33,35,67.72
CELL_74403,Stem Cell,6.48,37,97.71
CELL_47997,Myocyte,30.45,5,92.44
CELL_86919,Fibroblast,31.69,18,78.23
CELL_76803,Erythrocyte,119.25,39,75.52
CELL_98493,Fibroblast,118.97,32,88.31
CELL_31299,Erythrocyte,109.74,20,82.05
CELL_87253,Leukocyte,43.57,32,83.39
CELL_44114,Stem Cell,102.22,46,67.92
CELL_81976,Stem Cell,82.75,5,67.64
CELL_95434,Fibroblast,89.59,41,79.32
CELL_41026,Erythrocyte,96.05,50,79.96
CELL_55458,Fibroblast,47.05,48,62.85
CELL_81548,Leukocyte,11.23,45,68.92
CELL_31008,Erythrocyte,12.12,22,73.82
CELL_98742,Fibroblast,30.66,36,89.87
CELL_77042,Erythrocyte,97.47,33,62.41
CELL_28053,Leukocyte,51.74,47,55.01
CELL_59019,Myocyte,108.18,33,74.6
CELL_24738,Epithelial,31.62,21,54.09
CELL_41510,Erythrocyte,51.79,20,72.74
CELL_87173,Fibroblast,103.2,25,80.16
CELL_86981,Neuron,65.98,15,97.47
CELL_27416,Neuron,24.32,26,94.41
CELL_66233,Stem Cell,22.23,25,63.53
CELL_50009,Epithelial,15.56,14,50.92
CELL_84348,Stem Cell,56.25,50,62.16
CELL_22241,Myocyte,8.93,44,65.44
CELL_28577,Stem Cell,80.58,7,56.24
CELL_42634,Neuron,77.76,45,65.05
CELL_34779,Myocyte,11.01,45,98.52
CELL_48805,Fibroblast,73.32,8,75.32
CELL_93348,Neuron,13.08,20,73.8
CELL_57320,Leukocyte,76.68,25,81.49
CELL_13653,Epithelial,6.18,19,54.34
CELL_39400,Stem Cell,56.04,45,76.97
CELL_46846,Neuron,78.81,47,83.38
CELL_36433,Erythrocyte,72.64,19,97.0
CELL_93223,Epithelial,89.17,17,97.07
CELL_14148,Neuron,75.79,49,74.55
CELL_43187,Myocyte,44.65,14,80.52
CELL_29439,Erythrocyte,47.53,49,74.95
CELL_69967,Stem Cell,117.6,24,53.99
CELL_73147,Erythrocyte,58.96,50,71.86
CELL_95195,Erythrocyte,116.57,17,70.03
CELL_79517,Neuron,92.47,42,58.64
CELL_51571,Fibroblast,29.62,31,89.65
CELL_88859,Myocyte,82.37,11,98.26
CELL_26264,Leukocyte,5.11,27,86.79
CELL_20773,Myocyte,11.53,35,70.35
CELL_15962,Neuron,118.32,14,96.5
CELL_23525,Stem Cell,110.38,14,59.34
CELL_24871,Myocyte,16.06,34,73.37
CELL_58801,Neuron,48.21,9,63.29
CELL_30246,Leukocyte,66.84,8,86.96
CELL_34599,Stem Cell,106.45,48,61.9
CELL_79174,Erythrocyte,108.16,23,58.68
CELL_57719,Neuron,62.4,24,74.82
CELL_24805,Fibroblast,86.22,21,89.94
CELL_79222,Erythrocyte,40.6,39,80.39
CELL_31754,Epithelial,73.16,46,68.45
CELL_52490,Stem Cell,7.5,32,84.94
CELL_51273,Myocyte,98.13,21,55.45
CELL_19570,Neuron,16.45,41,97.12
CELL_91929,Erythrocyte,108.3,20,90.22
CELL_78040,Stem Cell,77.16,24,71.2
CELL_86118,Epithelial,61.2,38,69.98
CELL_65283,Leukocyte,44.33,9,63.97
CELL_20899,Myocyte,84.96,49,86.22
CELL_57848,Leukocyte,62.17,28,54.98
CELL_55629,Leukocyte,19.49,19,69.8
CELL_46457,Epithelial,81.4,8,87.45
CELL_70144,Stem Cell,68.33,19,99.7
CELL_87664,Leukocyte,79.11,16,86.46
CELL_92421,Epithelial,13.18,48,97.25
CELL_55125,Epithelial,57.72,23,63.08
CELL_21069,Stem Cell,58.2,15,62.25
CELL_78652,Fibroblast,55.88,49,71.11
CELL_68896,Epithelial,113.62,14,90.03
CELL_83761,Neuron,10.61,49,56.71
CELL_47353,Fibroblast,29.78,26,92.22
CELL_48624,Stem Cell,118.12,13,77.52
CELL_44374,Erythrocyte,10.51,27,53.39
CELL_64232,Stem Cell,85.4,41,50.56
CELL_53153,Erythrocyte,29.17,17,91.1
CELL_85297,Erythrocyte,108.05,50,76.26
CELL_66944,Fibroblast,61.38,45,77.7
CELL_10477,Stem Cell,99.07,12,72.04
CELL_40293,Epithelial,70.68,29,55.99
CELL_64940,Neuron,31.44,9,79.26
CELL_47409,Neuron,109.39,26,77.42
CELL_59034,Stem Cell,119.99,17,90.8
CELL_28693,Erythrocyte,81.64,31,69.12
CELL_85729,Stem Cell,30.26,14,89.5
CELL_19687,Myocyte,104.32,23,72.08
CELL_26991,Erythrocyte,37.82,37,95.36
CELL_77769,Neuron,16.94,49,90.06
CELL_10369,Neuron,20.66,10,66.79
CELL_32559,Epithelial,52.36,19,92.26
CELL_62688,Epithelial,76.26,13,91.42
CELL_44213,Erythrocyte,13.45,20,72.09
CELL_33629,Myocyte,117.16,21,79.19
CELL_10827,Myocyte,12.65,17,78.64
CELL_69268,Epithelial,17.57,29,83.68
CELL_92001,Stem Cell,82.98,12,60.66
CELL_65235,Erythrocyte,60.56,35,54.4
CELL_22878,Myocyte,51.87,29,71.91
CELL_88103,Neuron,25.5,15,67.19
CELL_82145,Myocyte,70.38,36,85.48
CELL_34648,Stem Cell,32.96,39,77.21
CELL_46090,Neuron,47.86,17,65.09
CELL_24431,Stem Cell,41.99,17,81.06
CELL_19766,Myocyte,115.32,16,94.99
CELL_63206,Epithelial,25.76,34,78.04
CELL_83531,Myocyte,103.2,18,84.82
CELL_22888,Stem Cell,36.95,25,98.72
CELL_51526,Neuron,62.69,20,76.37
CELL_15231,Epithelial,83.13,40,53.45
CELL_50606,Neuron,98.2,47,76.68
CELL_35347,Myocyte,76.9,36,59.72
CELL_49060,Stem Cell,80.46,35,87.05
CELL_62644,Epithelial,50.57,26,63.46
CELL_22489,Erythrocyte,90.78,8,82.05
CELL_77553,Fibroblast,30.28,12,52.28
CELL_26674,Stem Cell,106.56,15,56.77
CELL_47157,Erythrocyte,20.3,11,76.18
CELL_42656,Stem Cell,101.66,44,76.36
CELL_96518,Myocyte,20.09,49,84.33
CELL_81173,Fibroblast,49.22,7,99.7
CELL_83521,Leukocyte,17.47,37,93.4
CELL_86027,Myocyte,43.29,47,91.1
CELL_60442,Erythrocyte,90.84,24,72.82
CELL_20380,Myocyte,11.21,39,93.57
CELL_99013,Fibroblast,117.75,29,87.48
CELL_25091,Neuron,111.51,37,98.29
CELL_84486,Epithelial,28.75,40,68.87
CELL_76931,Erythrocyte,47.28,29,64.63
CELL_67765,Myocyte,106.85,11,96.32
CELL_66879,Neuron,15.91,37,60.63
CELL_94231,Epithelial,17.81,26,80.13
CELL_85024,Myocyte,43.31,34,91.85
CELL_37447,Fibroblast,63.78,25,59.21
CELL_16386,Neuron,82.59,21,94.29
CELL_80606,Epithelial,89.22,25,81.46
CELL_70326,Stem Cell,89.21,29,59.43
CELL_94783,Stem Cell,55.74,10,99.33
CELL_72870,Leukocyte,106.71,25,60.01
CELL_44880,Leukocyte,11.58,30,50.61
CELL_64275,Erythrocyte,15.17,46,79.58
CELL_88098,Leukocyte,15.05,44,63.09
CELL_34491,Neuron,69.7,27,63.52
CELL_97039,Stem Cell,102.73,30,88.24
CELL_81885,Stem Cell,22.78,19,95.98
CELL_45064,Fibroblast,22.38,14,91.49
CELL_84911,Leukocyte,98.67,45,72.57
CELL_23676,Fibroblast,31.46,21,92.12
CELL_39423,Myocyte,76.11,44,97.22
CELL_32322,Leukocyte,27.43,14,72.99
CELL_73752,Erythrocyte,56.82,40,72.37
CELL_52137,Stem Cell,36.95,32,61.6
CELL_83423,Myocyte,55.71,33,70.13
CELL_54401,Stem Cell,13.32,25,61.51
CELL_57116,Leukocyte,62.05,7,56.65
CELL_95013,Stem Cell,110.48,42,80.08
CELL_78238,Leukocyte,51.33,5,72.24
CELL_77629,Neuron,89.95,39,57.38
CELL_16080,Erythrocyte,54.74,9,90.7
CELL_65970,Erythrocyte,55.81,15,59.81
CELL_41119,Leukocyte,10.41,35,92.61
CELL_69496,Leukocyte,83.16,43,64.84
CELL_20455,Stem Cell,93.82,35,66.67
CELL_31980,Neuron,22.9,13,58.05
CELL_98088,Stem Cell,48.06,18,71.52
CELL_38260,Myocyte,92.27,50,51.94
CELL_29686,Fibroblast,77.43,43,84.37
CELL_69291,Stem Cell,6.78,48,66.99
CELL_56072,Leukocyte,96.44,14,94.3
CELL_73136,Myocyte,9.3,6,73.78
CELL_52961,Stem Cell,55.96,7,84.99
CELL_62808,Erythrocyte,119.29,24,63.06
CELL_59014,Erythrocyte,13.31,24,65.83
CELL_18591,Erythrocyte,25.17,44,51.21
CELL_76313,Neuron,58.87,6,63.84
CELL_35903,Fibroblast,117.45,24,79.05
CELL_24097,Erythrocyte,10.98,46,73.92
CELL_69736,Epithelial,46.8,44,87.93
CELL_70507,Fibroblast,83.53,41,98.52
CELL_17138,Neuron,105.2,36,76.82
CELL_99835,Leukocyte,83.71,41,77.34
CELL_33610,Erythrocyte,105.07,47,90.36
CELL_75799,Neuron,117.17,17,55.41
CELL_39825,Neuron,84.42,17,60.66
CELL_34980,Stem Cell,110.99,18,96.62
CELL_50244,Stem Cell,119.53,14,89.57
CELL_75569,Leukocyte,30.35,16,56.61
CELL_35460,Myocyte,98.79,41,62.42
CELL_20978,Myocyte,108.35,47,64.19
CELL_13821,Erythrocyte,104.42,24,57.1
CELL_94791,Myocyte,79.33,21,71.0
CELL_34363,Neuron,60.1,23,64.69
CELL_97814,Neuron,79.95,33,90.29
CELL_59629,Neuron,49.19,48,74.49
CELL_58043,Leukocyte,112.59,14,94.44
CELL_79942,Leukocyte,98.35,45,64.01
CELL_56546,Leukocyte,54.24,49,53.99
CELL_62021,Stem Cell,68.77,18,94.21
CELL_66040,Myocyte,16.2,45,90.38
CELL_89795,Neuron,72.26,30,51.31
CELL_63818,Neuron,8.08,21,77.36
CELL_87795,Neuron,7.32,48,92.4
CELL_77466,Myocyte,74.64,19,71.45
CELL_64914,Erythrocyte,112.66,41,79.62
CELL_82013,Neuron,34.2,16,96.76
CELL_22637,Myocyte,101.0,41,71.8
CELL_16967,Fibroblast,118.45,26,59.31
CELL_52769,Erythrocyte,12.04,16,81.46
CELL_14471,Myocyte,29.08,35,64.19
CELL_62460,Fibroblast,111.56,18,91.3
CELL_31303,Stem Cell,16.24,16,80.98
CELL_80565,Epithelial,87.2,15,52.49
CELL_63160,Erythrocyte,62.65,32,85.54
CELL_41349,Neuron,63.9,43,55.63
CELL_38230,Erythrocyte,48.84,31,54.13
CELL_46906,Leukocyte,90.46,16,53.02
CELL_17019,Erythrocyte,23.64,24,64.53
CELL_42271,Neuron,24.62,25,98.45
CELL_64491,Myocyte,42.9,41,90.93
CELL_71500,Stem Cell,108.26,42,94.89
CELL_20082,Stem Cell,85.79,32,63.83
CELL_91110,Myocyte,38.44,33,64.17
CELL_75188,Leukocyte,56.63,15,93.79
CELL_87507,Neuron,80.15,18,60.92
CELL_51611,Neuron,82.6,38,69.86
CELL_81193,Neuron,7.83,37,55.81
CELL_57717,Myocyte,5.51,24,70.97
CELL_10500,Leukocyte,106.74,7,62.23
CELL_17087,Fibroblast,58.47,20,55.38
CELL_99767,Myocyte,70.99,45,71.91
CELL_89731,Epithelial,42.56,11,73.38
CELL_59364,Epithelial,44.71,16,63.62
CELL_54742,Neuron,13.32,18,95.07
CELL_53142,Myocyte,77.95,42,56.17
CELL_37155,Fibroblast,73.09,14,81.12
CELL_92078,Epithelial,44.97,25,51.7
CELL_14363,Neuron,84.5,17,97.82
CELL_21692,Erythrocyte,44.41,8,82.02
CELL_57101,Stem Cell,72.46,24,53.9
CELL_75443,Leukocyte,45.57,43,90.32
CELL_58473,Leukocyte,111.51,7,94.19
CELL_72972,Stem Cell,8.65,27,94.44
CELL_39281,Fibroblast,99.36,7,60.02
CELL_96250,Fibroblast,115.55,14,74.36
CELL_30341,Fibroblast,23.51,23,62.92
CELL_63973,Myocyte,32.88,42,82.74
CELL_59379,Stem Cell,88.2,12,82.94
CELL_92847,Stem Cell,71.22,42,62.87
CELL_15636,Neuron,92.69,15,58.52
CELL_47516,Erythrocyte,34.4,11,93.42
CELL_99872,Myocyte,100.15,25,65.06
CELL_67886,Stem Cell,67.95,7,80.54
CELL_60222,Leukocyte,84.97,18,92.25
CELL_23108,Neuron,56.07,7,73.0
CELL_89339,Fibroblast,102.24,40,51.94
CELL_67766,Stem Cell,49.17,37,58.79
CELL_41965,Stem Cell,109.73,37,92.55
CELL_55888,Epithelial,83.66,41,95.36
CELL_67511,Fibroblast,35.34,13,80.62
CELL_30107,Neuron,34.86,32,58.85
CELL_92353,Fibroblast,80.87,41,51.7
CELL_87157,Stem Cell,9.93,11,86.27
CELL_84641,Stem Cell,101.83,26,90.91
CELL_60557,Leukocyte,92.06,8,84.28
CELL_82580,Erythrocyte,53.72,11,79.81
CELL_93804,Neuron,94.43,45,76.55
CELL_38246,Stem Cell,16.71,45,58.27
CELL_60729,Epithelial,28.78,35,86.82
CELL_72686,Myocyte,90.25,41,54.93
CELL_68324,Erythrocyte,97.16,24,76.34
CELL_70055,Epithelial,25.52,6,94.97
CELL_62331,Epithelial,65.25,13,78.93
CELL_51997,Fibroblast,76.64,49,59.8
CELL_31393,Leukocyte,57.15,30,50.68
CELL_20552,Epithelial,10.38,9,81.04
CELL_59881,Erythrocyte,73.15,16,94.49
CELL_71379,Fibroblast,32.92,5,79.37
CELL_23605,Epithelial,43.21,39,95.83
CELL_44209,Erythrocyte,44.26,45,88.92
CELL_29040,Leukocyte,91.84,13,86.81
CELL_54124,Neuron,117.09,33,92.08
CELL_87124,Epithelial,16.23,18,76.9
CELL_63274,Fibroblast,108.97,45,65.97
CELL_33923,Neuron,48.82,43,59.76
CELL_46746,Fibroblast,112.28,34,95.04
CELL_18263,Fibroblast,25.17,5,57.84
CELL_52649,Fibroblast,96.53,6,63.71
CELL_58645,Leukocyte,73.87,14,71.8
CELL_35450,Epithelial,7.07,39,55.52
CELL_53678,Fibroblast,94.0,32,81.49
CELL_10748,Myocyte,76.91,13,62.67
CELL_48208,Neuron,50.19,42,60.3
CELL_18095,Erythrocyte,118.26,44,56.94
CELL_63449,Erythrocyte,64.37,15,86.38
CELL_97725,Stem Cell,6.41,34,67.27
CELL_81916,Myocyte,103.76,46,88.8
CELL_90018,Stem Cell,97.77,28,77.53
CELL_33349,Fibroblast,42.88,45,87.52
CELL_15693,Stem Cell,103.24,34,58.11
CELL_64925,Erythrocyte,17.74,29,88.85
CELL_10910,Myocyte,80.81,20,81.67
CELL_60724,Neuron,114.74,35,60.2
CELL_69042,Erythrocyte,41.73,43,71.9
CELL_66246,Neuron,76.61,16,71.97
CELL_44226,Neuron,54.96,26,99.18
CELL_62130,Fibroblast,53.12,27,60.18
CELL_64015,Leukocyte,82.31,23,56.66
CELL_79935,Leukocyte,27.2,50,94.76
CELL_77509,Leukocyte,104.0,16,79.96
CELL_23497,Epithelial,78.65,13,84.34
CELL_70911,Neuron,80.25,26,55.54
CELL_54925,Myocyte,42.85,48,65.68
CELL_58683,Epithelial,119.43,6,97.52
CELL_78854,Leukocyte,23.92,15,73.63
CELL_66598,Leukocyte,116.37,49,90.19
CELL_66310,Epithelial,100.45,39,88.88
CELL_86715,Myocyte,57.66,12,52.26
CELL_56544,Fibroblast,70.9,34,95.73
CELL_40595,Neuron,92.57,38,64.91
CELL_27879,Fibroblast,41.38,36,54.89
CELL_44842,Leukocyte,89.73,49,66.37
CELL_51191,Myocyte,22.56,47,53.88
CELL_98969,Leukocyte,8.42,7,65.5
CELL_18153,Erythrocyte,6.98,48,83.01
CELL_60312,Epithelial,87.3,34,54.39
CELL_22975,Leukocyte,97.3,9,67.67
CELL_99604,Myocyte,81.06,25,80.58
