cell_id,cell_type,diameter_um,organelle_count,viability_pct
CELL_96622,Fibroblast,41.54,19,99.95
CELL_38306,Leukocyte,119.12,29,98.22
CELL_16795,Neuron,6.82,6,99.14
CELL_27906,Neuron,77.78,50,51.84
CELL_93709,Erythrocyte,60.59,9,53.99
CELL_30020,Epithelial,72.33,40,76.95
CELL_33014,Epithelial,64.59,49,69.87
CELL_48605,Stem Cell,103.82,41,52.94
CELL_72877,Neuron,94.38,37,80.61
CELL_34497,Fibroblast,112.65,35,67.84
CELL_32570,Neuron,6.54,6,57.42
CELL_39064,Fibroblast,58.01,10,96.99
CELL_15564,Stem Cell,75.77,42,70.46
CELL_78009,Epithelial,61.75,7,79.3
CELL_60177,Leukocyte,110.83,42,93.26
CELL_27409,Leukocyte,56.69,29,61.64
CELL_41900,Stem Cell,15.53,9,92.35
CELL_62851,Myocyte,31.91,33,77.05
CELL_37916,Myocyte,88.66,42,88.78
CELL_24724,Fibroblast,101.83,49,78.83
CELL_53130,Erythrocyte,95.51,13,83.13
CELL_16217,Leukocyte,47.36,48,73.58
CELL_89318,Fibroblast,110.09,34,55.62
CELL_33244,Erythrocyte,42.92,23,76.8
CELL_20256,Fibroblast,68.2,33,74.46
CELL_52078,Myocyte,52.16,13,57.34
CELL_54364,Epithelial,87.98,44,65.61
CELL_51043,Stem Cell,33.6,48,52.95
CELL_87664,Erythrocyte,114.35,14,99.46
CELL_16997,Epithelial,20.47,28,70.1
CELL_46727,Erythrocyte,111.9,35,65.03
CELL_51617,Myocyte,116.25,35,86.77
CELL_28483,Epithelial,44.67,49,91.43
CELL_68888,Fibroblast,90.17,45,60.26
CELL_98199,Myocyte,119.66,12,70.73
CELL_87202,Neuron,23.43,27,74.19
CELL_31271,Leukocyte,86.82,44,90.89
CELL_82130,Neuron,91.99,26,61.73
CELL_93825,Stem Cell,23.26,47,55.73
CELL_56357,Fibroblast,25.29,47,57.94
CELL_78756,Fibroblast,46.84,14,97.22
CELL_52790,Fibroblast,60.82,43,56.54
CELL_68274,Myocyte,117.3,42,61.47
CELL_52721,Myocyte,29.4,32,88.25
CELL_62357,Erythrocyte,47.57,46,97.58
CELL_25472,Myocyte,66.04,25,51.08
CELL_23937,Myocyte,99.53,10,59.27
CELL_30126,Fibroblast,104.9,33,63.63
CELL_59235,Epithelial,12.46,5,51.01
CELL_11279,Erythrocyte,72.5,29,88.13
CELL_69049,Myocyte,97.15,44,66.94
CELL_23226,Stem Cell,12.52,26,56.18
CELL_10573,Myocyte,11.46,14,84.79
CELL_42940,Leukocyte,105.69,6,95.04
CELL_24783,Epithelial,93.34,20,60.3
CELL_24969,Stem Cell,27.93,20,86.76
CELL_54464,Stem Cell,61.6,22,96.9
CELL_11262,Neuron,104.37,46,74.62
CELL_38637,Neuron,105.12,16,95.83
CELL_65079,Epithelial,50.41,19,53.49
CELL_78040,Myocyte,11.76,32,64.61
CELL_50340,Leukocyte,14.85,25,58.29
CELL_19917,Epithelial,47.49,19,91.51
CELL_75088,Stem Cell,9.28,30,96.79
CELL_53363,Leukocyte,113.13,10,67.65
CELL_49902,Neuron,96.06,46,56.86
CELL_23152,Stem Cell,23.39,29,89.7
CELL_85829,Erythrocyte,62.45,34,79.04
CELL_95227,Fibroblast,47.58,10,59.69
CELL_11482,Stem Cell,110.18,41,63.6
CELL_14297,Fibroblast,12.43,23,98.48
CELL_65281,Epithelial,107.8,28,95.95
CELL_23617,Myocyte,9.24,44,54.79
CELL_39231,Erythrocyte,43.49,40,85.05
CELL_64454,Myocyte,74.53,36,62.12
CELL_69393,Leukocyte,40.43,17,58.12
CELL_33286,Neuron,118.82,24,81.18
CELL_71598,Epithelial,52.64,29,54.33
CELL_68301,Stem Cell,51.24,24,95.79
CELL_53385,Erythrocyte,19.49,29,50.1
CELL_43946,Neuron,104.73,5,53.48
CELL_25102,Myocyte,116.91,41,97.08
CELL_59669,Fibroblast,104.12,43,75.74
CELL_18347,Myocyte,76.06,19,99.9
CELL_33961,Neuron,108.83,30,91.67
CELL_92205,Stem Cell,102.57,48,83.72
CELL_56186,Stem Cell,12.13,35,86.07
CELL_37810,Myocyte,61.45,28,77.38
CELL_35105,Stem Cell,64.09,27,79.39
CELL_35684,Fibroblast,16.91,46,79.79
CELL_36834,Fibroblast,23.81,34,70.64
CELL_89887,Epithelial,107.84,7,68.11
CELL_42846,Myocyte,14.0,30,60.48
CELL_93096,Epithelial,51.2,39,52.92
CELL_10922,Fibroblast,111.13,34,89.06
CELL_21952,Myocyte,92.46,39,88.51
CELL_93967,Fibroblast,72.33,25,55.2
CELL_57375,Neuron,35.53,41,59.77
CELL_51548,Stem Cell,30.89,22,68.98
CELL_19851,Myocyte,84.71,41,66.64
CELL_41351,Erythrocyte,61.07,30,50.75
CELL_18758,Stem Cell,51.27,6,95.18
CELL_97756,Stem Cell,88.06,38,92.13
CELL_20879,Fibroblast,64.83,47,66.45
CELL_26458,Stem Cell,21.1,42,99.65
CELL_49580,Stem Cell,62.62,30,56.02
CELL_25808,Stem Cell,62.0,5,57.76
CELL_38969,Epithelial,52.48,24,68.43
CELL_84190,Leukocyte,98.39,24,97.98
CELL_74730,Stem Cell,97.38,49,56.51
CELL_77123,Erythrocyte,78.26,41,78.18
CELL_70585,Erythrocyte,14.44,45,64.78
CELL_65120,Erythrocyte,38.54,18,83.33
CELL_66945,Fibroblast,19.65,43,86.09
CELL_90029,Epithelial,85.83,41,97.37
CELL_32599,Myocyte,96.45,29,82.74
CELL_94835,Epithelial,61.93,42,83.18
CELL_23971,Neuron,48.24,40,71.1
CELL_45230,Myocyte,8.24,26,56.26
CELL_62404,Fibroblast,35.02,27,78.04
CELL_81573,Stem Cell,69.92,16,81.79
CELL_99389,Stem Cell,50.62,24,93.45
CELL_33821,Erythrocyte,113.58,5,92.5
CELL_22186,Epithelial,56.28,14,89.76
CELL_79415,Myocyte,61.64,25,71.29
CELL_62479,Erythrocyte,52.16,20,94.16
CELL_29526,Fibroblast,116.94,5,99.46
CELL_33620,Myocyte,46.69,39,84.26
CELL_16843,Fibroblast,40.31,30,93.2
CELL_96079,Fibroblast,28.68,17,57.27
CELL_49424,Epithelial,33.14,41,69.07
CELL_78573,Fibroblast,86.87,35,61.16
CELL_36386,Fibroblast,110.77,7,55.86
CELL_40697,Leukocyte,60.19,49,53.43
CELL_75659,Neuron,103.41,27,68.15
CELL_46223,Leukocyte,10.62,40,97.31
CELL_56860,Fibroblast,95.54,8,54.16
CELL_84876,Leukocyte,25.15,26,99.32
CELL_59420,Stem Cell,54.36,5,87.39
CELL_42937,Leukocyte,47.26,30,51.59
CELL_65634,Stem Cell,87.87,49,86.18
CELL_71208,Fibroblast,48.05,43,79.09
CELL_40543,Stem Cell,40.92,34,79.06
CELL_23114,Erythrocyte,81.07,41,93.19
CELL_39147,Myocyte,23.16,21,81.39
CELL_80886,Neuron,99.46,20,69.98
CELL_81113,Erythrocyte,78.95,30,99.45
CELL_66111,Stem Cell,104.89,26,58.25
CELL_98432,Stem Cell,59.75,5,93.76
CELL_95992,Neuron,66.13,31,97.06
CELL_53243,Epithelial,87.33,5,52.03
CELL_46435,Myocyte,71.15,25,66.02
CELL_88246,Myocyte,76.29,34,72.29
CELL_97733,Erythrocyte,54.17,37,65.22
CELL_53077,Myocyte,61.63,37,91.4
CELL_95991,Epithelial,31.42,46,60.91
CELL_57386,Stem Cell,53.18,37,88.92
CELL_21938,Leukocyte,73.21,8,67.41
CELL_55225,Epithelial,27.55,39,99.36
CELL_24143,Stem Cell,24.57,19,71.48
CELL_78888,Stem Cell,89.58,31,74.36
CELL_96032,Myocyte,49.1,44,60.2
CELL_47073,Myocyte,94.06,26,80.96
CELL_45667,Stem Cell,16.0,40,64.72
CELL_96050,Epithelial,9.67,50,94.74
CELL_71783,Erythrocyte,100.64,20,65.02
CELL_36989,Neuron,24.46,18,61.95
CELL_48216,Stem Cell,57.55,42,64.41
CELL_52384,Myocyte,31.9,32,66.8
CELL_10068,Neuron,39.58,34,95.97
CELL_69632,Stem Cell,26.32,17,68.46
CELL_12025,Epithelial,68.49,21,65.54
CELL_44345,Neuron,21.52,10,98.46
CELL_63198,Epithelial,86.21,43,93.33
CELL_84191,Epithelial,95.55,5,71.5
CELL_69079,Neuron,26.25,17,72.63
CELL_60892,Neuron,112.79,29,79.91
CELL_44797,Epithelial,38.25,27,72.64
CELL_90115,Epithelial,62.05,32,50.25
CELL_87855,Myocyte,51.65,23,91.15
CELL_61938,Leukocyte,72.45,22,54.38
CELL_36734,Erythrocyte,88.27,22,96.77
CELL_84432,Myocyte,62.08,43,63.08
CELL_11495,Erythrocyte,104.02,45,73.97
CELL_82449,Stem Cell,31.9,39,98.19
CELL_68176,Fibroblast,93.8,39,59.03
CELL_56593,Stem Cell,113.17,26,52.33
CELL_58063,Stem Cell,44.42,13,75.07
CELL_68294,Myocyte,26.61,31,53.04
CELL_34092,Leukocyte,41.24,9,83.24
CELL_55975,Fibroblast,6.07,8,88.7
CELL_49534,Erythrocyte,112.16,5,77.82
CELL_92603,Leukocyte,77.98,29,58.25
CELL_97593,Epithelial,94.16,41,72.56
CELL_78020,Fibroblast,69.53,22,78.04
CELL_43623,Erythrocyte,35.3,35,55.23
CELL_98805,Leukocyte,76.78,42,73.71
CELL_83552,Leukocyte,91.85,32,89.31
CELL_94646,Leukocyte,83.91,17,90.72
CELL_63418,Myocyte,73.57,20,82.16
CELL_57912,Epithelial,66.6,16,50.03
CELL_15695,Stem Cell,97.6,28,59.47
CELL_96454,Fibroblast,43.95,48,65.09
CELL_87534,Stem Cell,57.64,32,60.7
CELL_19215,Myocyte,95.01,20,91.96
CELL_94273,Erythrocyte,20.56,23,66.39
CELL_64706,Neuron,16.28,16,74.56
CELL_58618,Fibroblast,102.77,30,73.33
CELL_41400,Erythrocyte,19.44,27,80.7
CELL_71690,Leukocyte,15.55,38,83.85
CELL_49844,Myocyte,107.29,43,88.2
CELL_82992,Epithelial,38.43,8,65.59
CELL_80334,Epithelial,87.76,17,93.14
CELL_48650,Neuron,118.07,16,53.39
CELL_24785,Neuron,45.48,7,68.61
CELL_10398,Neuron,30.73,50,67.08
CELL_47600,Stem Cell,113.21,15,55.18
CELL_13310,Epithelial,5.68,22,82.13
CELL_77115,Stem Cell,71.55,26,94.49
CELL_43308,Erythrocyte,94.21,19,79.58
CELL_63684,Neuron,39.43,29,61.21
CELL_76022,Myocyte,45.76,24,88.99
CELL_28104,Fibroblast,12.57,15,88.25
CELL_24048,Leukocyte,44.02,8,80.33
CELL_13990,Myocyte,25.98,9,86.14
CELL_19346,Myocyte,50.12,21,73.97
CELL_43998,Myocyte,31.93,48,61.41
CELL_71889,Epithelial,116.43,20,94.9
CELL_38767,Neuron,89.03,8,69.27
CELL_61018,Stem Cell,87.42,30,57.22
CELL_92950,Leukocyte,116.88,12,74.99
CELL_35373,Neuron,114.25,34,88.89
CELL_80336,Myocyte,63.22,9,55.58
CELL_46908,Leukocyte,81.59,43,52.76
CELL_14271,Erythrocyte,50.1,17,76.06
CELL_16121,Stem Cell,94.61,8,87.16
CELL_49641,Leukocyte,10.12,41,90.04
CELL_81024,Stem Cell,46.16,41,76.44
CELL_67632,Neuron,85.97,36,95.88
CELL_98416,Leukocyte,81.16,44,93.06
CELL_75008,Myocyte,79.18,48,81.28
CELL_63569,Leukocyte,38.11,33,51.07
CELL_47534,Fibroblast,7.19,42,77.51
CELL_89684,Fibroblast,92.49,28,69.81
CELL_48503,Myocyte,118.49,50,82.26
CELL_22979,Fibroblast,32.82,38,66.72
CELL_36302,Neuron,50.87,22,96.36
CELL_14786,Erythrocyte,91.0,7,63.4
CELL_33178,Leukocyte,5.98,18,52.91
CELL_27733,Myocyte,72.27,11,72.0
CELL_88340,Epithelial,46.77,23,82.37
CELL_53095,Myocyte,59.85,49,86.97
CELL_75031,Neuron,59.72,50,88.77
CELL_58192,Neuron,29.58,10,97.7
CELL_35989,Leukocyte,20.55,36,55.93
CELL_16849,Epithelial,8.44,14,57.14
CELL_86995,Neuron,60.22,11,53.95
CELL_87298,Neuron,84.4,50,92.51
CELL_35964,Neuron,98.94,49,74.94
CELL_97135,Fibroblast,28.71,41,57.1
CELL_95154,Stem Cell,6.86,42,84.25
CELL_30435,Erythrocyte,54.61,6,72.47
CELL_65514,Fibroblast,90.12,22,98.65
CELL_76837,Stem Cell,47.6,8,88.96
CELL_86759,Epithelial,24.81,16,75.38
CELL_76057,Leukocyte,83.85,43,74.41
CELL_25334,Fibroblast,9.26,40,85.74
CELL_16462,Leukocyte,85.27,18,85.33
CELL_37935,Fibroblast,94.31,5,71.26
CELL_91636,Epithelial,99.68,19,84.98
CELL_93377,Leukocyte,36.22,28,76.05
CELL_57398,Erythrocyte,104.44,28,80.31
CELL_36484,Erythrocyte,64.54,9,64.32
CELL_58864,Stem Cell,88.76,30,58.41
CELL_30618,Fibroblast,33.69,37,59.31
CELL_74371,Epithelial,28.26,37,69.13
CELL_39797,Erythrocyte,95.61,23,79.49
CELL_77126,Neuron,112.95,37,87.74
CELL_24135,Myocyte,69.33,12,73.39
CELL_76738,Epithelial,18.28,19,76.95
CELL_58082,Leukocyte,83.62,15,61.37
CELL_54712,Stem Cell,18.5,35,74.62
CELL_72946,Neuron,24.83,13,87.89
CELL_53087,Myocyte,113.89,24,85.56
CELL_25519,Neuron,88.99,6,60.4
CELL_59922,Erythrocyte,63.1,18,88.5
CELL_72890,Myocyte,33.3,32,66.55
CELL_92904,Fibroblast,11.57,15,78.91
CELL_22784,Erythrocyte,66.04,35,94.56
CELL_15551,Leukocyte,114.62,27,84.6
CELL_68439,Leukocyte,89.83,38,64.59
CELL_81575,Epithelial,119.79,35,73.97
CELL_29668,Stem Cell,28.46,37,64.42
CELL_29772,Fibroblast,62.76,39,95.84
CELL_52077,Fibroblast,105.01,11,82.01
CELL_66313,Stem Cell,50.31,41,54.49
CELL_17867,Stem Cell,75.96,29,61.13
CELL_29820,Erythrocyte,90.53,46,96.21
CELL_82532,Fibroblast,119.82,32,55.28
CELL_48193,Erythrocyte,103.55,35,98.17
CELL_22358,Erythrocyte,6.11,31,82.45
CELL_33596,Epithelial,31.75,8,56.3
CELL_64443,Leukocyte,52.37,28,75.59
CELL_53020,Erythrocyte,56.92,13,72.93
CELL_34293,Neuron,25.46,22,52.73
CELL_24783,Neuron,78.47,50,66.61
CELL_73610,Neuron,47.75,33,79.63
CELL_28293,Leukocyte,115.88,34,79.99
CELL_86227,Epithelial,25.58,29,93.62
CELL_61989,Epithelial,102.98,9,82.62
CELL_84744,Myocyte,54.0,34,90.57
CELL_95708,Stem Cell,105.2,15,65.46
CELL_69428,Leukocyte,44.2,21,96.01
CELL_70835,Leukocyte,94.07,29,64.69
CELL_22188,Fibroblast,117.94,14,90.86
CELL_91285,Myocyte,88.87,20,51.44
CELL_14256,Neuron,59.49,44,51.45
CELL_63726,Epithelial,114.57,30,96.07
CELL_50842,Myocyte,54.88,23,67.93
CELL_20708,Epithelial,64.75,43,75.61
CELL_33471,Leukocyte,103.32,26,63.71
CELL_93278,Epithelial,86.88,37,75.58
CELL_30956,Epithelial,12.29,29,55.65
CELL_45570,Fibroblast,104.02,43,83.08
CELL_72819,Neuron,63.84,44,84.43
CELL_11025,Fibroblast,95.39,10,85.38
CELL_42730,Epithelial,98.56,10,96.29
CELL_11396,Myocyte,40.47,14,65.88
CELL_28000,Erythrocyte,14.86,30,71.19
CELL_28587,Fibroblast,103.21,7,86.29
CELL_34986,Fibroblast,93.11,16,87.03
CELL_32144,Myocyte,38.74,50,96.92
CELL_72438,Epithelial,100.66,8,81.96
CELL_22999,Myocyte,15.0,45,68.1
CELL_37273,Erythrocyte,41.71,49,72.0
CELL_24654,Neuron,65.22,11,71.59
CELL_15657,Stem Cell,40.95,17,88.37
CELL_20298,Leukocyte,102.62,18,66.32
CELL_23400,Myocyte,18.67,33,59.43
CELL_37580,Neuron,81.68,31,72.54
CELL_91006,Leukocyte,28.35,40,58.43
CELL_31739,Myocyte,91.58,13,75.75
CELL_45640,Leukocyte,98.17,26,96.41
CELL_53900,Stem Cell,70.92,38,72.47
CELL_13406,Epithelial,117.54,35,97.59
CELL_76063,Fibroblast,50.79,26,77.12
CELL_81386,Leukocyte,84.38,41,89.11
CELL_89858,Stem Cell,18.05,23,77.76
CELL_72363,Erythrocyte,65.12,8,79.48
CELL_49545,Stem Cell,94.4,40,67.29
CELL_46553,Fibroblast,46.21,30,73.71
CELL_95016,Leukocyte,37.14,30,96.47
CELL_40961,Myocyte,48.49,42,65.2
CELL_24730,Stem Cell,103.81,28,60.38
CELL_47989,Erythrocyte,27.85,45,82.92
CELL_16748,Epithelial,100.35,18,62.81
CELL_69290,Epithelial,77.99,49,84.77
CELL_28301,Epithelial,36.72,36,59.0
CELL_10656,Fibroblast,46.17,11,87.09
CELL_31605,Neuron,32.46,8,90.37
CELL_68957,Fibroblast,77.49,47,75.79
CELL_75403,Leukocyte,110.38,42,88.95
CELL_70513,Erythrocyte,57.79,29,50.53
CELL_48966,Stem Cell,85.01,50,56.91
CELL_43613,Epithelial,33.67,25,80.41
CELL_31038,Myocyte,117.48,31,53.6
CELL_61773,Erythrocyte,108.17,33,64.14
CELL_15297,Erythrocyte,45.05,18,71.0
CELL_37105,Erythrocyte,118.77,10,80.35
CELL_24558,Neuron,106.29,30,76.24
CELL_28773,Fibroblast,75.08,42,67.07
CELL_71653,Stem Cell,7.6,6,90.6
CELL_20814,Epithelial,29.09,25,99.11
CELL_59416,Neuron,18.88,38,60.85
CELL_81215,Epithelial,45.45,33,71.97
CELL_23886,Epithelial,107.8,15,82.4
CELL_60062,Erythrocyte,104.68,44,60.01
CELL_83774,Erythrocyte,46.09,30,70.81
CELL_60891,Stem Cell,53.08,6,59.5
CELL_51806,Erythrocyte,32.36,42,61.85
CELL_94745,Stem Cell,41.89,10,76.75
CELL_90257,Epithelial,115.79,19,95.71
CELL_53882,Epithelial,60.94,36,82.48
CELL_45162,Epithelial,84.07,48,69.68
CELL_33209,Epithelial,29.5,16,81.35
CELL_76783,Fibroblast,15.13,17,76.73
CELL_10877,Stem Cell,95.93,30,96.51
CELL_27343,Epithelial,95.59,21,99.09
CELL_83171,Leukocyte,86.68,31,62.09
CELL_38267,Leukocyte,100.03,33,98.81
CELL_45824,Myocyte,75.89,6,83.18
CELL_54520,Leukocyte,54.29,24,56.4
CELL_88596,Erythrocyte,58.45,39,69.28
CELL_71281,Erythrocyte,72.93,41,64.87
CELL_66530,Leukocyte,100.53,22,76.45
CELL_47967,Neuron,33.36,39,50.34
CELL_57691,Leukocyte,107.22,20,99.19
CELL_49553,Leukocyte,75.39,42,73.2
CELL_58795,Epithelial,37.81,28,57.14
CELL_44298,Stem Cell,45.86,36,90.14
CELL_98358,Leukocyte,39.8,26,59.18
CELL_39880,Epithelial,101.45,14,78.54
CELL_18913,Fibroblast,118.67,46,85.04
CELL_42281,Stem Cell,75.18,7,93.22
CELL_93500,Fibroblast,89.88,25,90.77
CELL_79280,Leukocyte,14.63,13,84.49
CELL_69088,Epithelial,89.75,48,64.51
CELL_53875,Epithelial,66.18,42,95.16
CELL_34266,Neuron,84.14,20,84.58
CELL_16140,Leukocyte,67.43,29,67.13
CELL_71338,Neuron,15.25,37,79.12
CELL_25207,Leukocyte,65.77,42,52.66
CELL_72218,Fibroblast,60.33,27,68.84
CELL_32918,Neuron,100.73,24,64.02
CELL_12907,Stem Cell,102.12,35,83.97
CELL_53481,Neuron,107.65,34,99.72
CELL_17199,Neuron,85.28,18,64.89
CELL_39385,Myocyte,67.68,45,61.37
CELL_19967,Myocyte,109.91,26,94.89
CELL_97928,Neuron,90.62,36,90.35
CELL_74539,Neuron,40.39,36,60.82
CELL_53429,Neuron,31.4,12,78.46
CELL_49242,Erythrocyte,53.72,36,77.44
CELL_27853,Neuron,74.32,31,54.89
CELL_25529,Stem Cell,71.15,6,51.57
CELL_46555,Erythrocyte,42.74,13,56.49
CELL_60695,Fibroblast,65.36,8,57.33
CELL_19044,Myocyte,9.59,38,51.48
CELL_37666,Stem Cell,61.71,33,96.81
CELL_15337,Epithelial,114.18,10,51.9
CELL_16331,Neuron,54.9,12,59.33
CELL_84529,Myocyte,5.2,45,69.87
CELL_99808,Leukocyte,52.94,9,73.09
CELL_84219,Myocyte,42.68,28,51.18
CELL_31141,Epithelial,58.92,44,78.68
CELL_30955,Stem Cell,63.06,24,92.38
CELL_32947,Myocyte,43.07,34,96.25
CELL_10487,Fibroblast,38.53,39,97.07
CELL_35719,Myocyte,79.43,15,77.91
CELL_68948,Stem Cell,118.65,8,72.08
CELL_22112,Stem Cell,10.4,28,60.2
CELL_46684,Epithelial,20.4,44,61.9
CELL_26314,Neuron,117.03,29,92.87
CELL_29923,Myocyte,109.14,36,54.16
CELL_49708,Myocyte,115.25,30,65.6
CELL_74224,Fibroblast,119.71,10,56.83
CELL_85526,Epithelial,94.11,46,72.87
CELL_21451,Fibroblast,44.63,16,92.11
CELL_61758,Erythrocyte,27.75,14,89.81
CELL_47227,Stem Cell,54.37,23,55.58
CELL_37776,Leukocyte,68.84,42,54.43
CELL_38927,Fibroblast,91.53,43,64.74
CELL_51144,Neuron,33.25,39,80.03
CELL_41956,Epithelial,81.38,24,66.81
CELL_58392,Myocyte,46.66,27,89.49
CELL_27959,Fibroblast,16.94,28,98.65
CELL_82275,Myocyte,21.95,36,96.09
CELL_76815,Epithelial,80.9,31,89.2
CELL_66638,Myocyte,68.27,17,77.72
CELL_43913,Epithelial,82.45,44,57.95
CELL_51830,Epithelial,43.22,6,80.83
CELL_83874,Erythrocyte,5.59,16,91.05
CELL_19391,Epithelial,105.45,8,77.76
CELL_34540,Myocyte,45.45,30,55.94
CELL_26874,Erythrocyte,53.86,50,60.88
CELL_35954,Stem Cell,15.84,14,60.73
CELL_42112,Stem Cell,66.21,47,89.02
CELL_83952,Leukocyte,46.24,17,97.05
CELL_93274,Stem Cell,28.08,27,75.52
CELL_14766,Leukocyte,97.62,20,73.0
CELL_16843,Stem Cell,97.22,46,89.15
CELL_44517,Stem Cell,99.08,11,84.65
CELL_68330,Neuron,30.1,27,63.08
CELL_27636,Myocyte,56.32,36,77.21
CELL_57202,Stem Cell,109.55,48,76.95
CELL_88342,Fibroblast,60.27,29,54.81
CELL_41292,Stem Cell,100.14,13,52.23
CELL_74556,Leukocyte,51.23,34,62.85
CELL_32159,Stem Cell,45.05,49,77.51
CELL_82579,Stem Cell,52.19,7,83.59
CELL_28122,Leukocyte,23.71,9,76.02
CELL_85410,Stem Cell,119.37,39,89.46
CELL_28093,Fibroblast,54.84,13,85.97
CELL_48401,Erythrocyte,113.43,29,91.68
CELL_69213,Fibroblast,97.65,36,72.15
CELL_50656,Stem Cell,89.7,19,77.59
CELL_98343,Fibroblast,112.11,23,50.16
CELL_66071,Epithelial,36.07,15,99.76
CELL_83376,Erythrocyte,73.0,12,89.03
CELL_84743,Erythrocyte,100.07,28,76.94
CELL_98270,Myocyte,83.33,31,87.32
CELL_13049,Myocyte,15.05,32,61.66
CELL_34605,Epithelial,57.9,21,70.08
CELL_55139,Neuron,20.52,29,55.74
CELL_35248,Epithelial,100.31,16,92.65
CELL_89474,Fibroblast,7.48,49,59.76
CELL_67390,Fibroblast,58.66,27,53.09
CELL_70899,Fibroblast,24.68,10,66.06
CELL_11179,Stem Cell,84.17,19,81.88
CELL_51757,Stem Cell,53.55,47,83.64
CELL_93341,Epithelial,27.4,40,71.81
CELL_46085,Erythrocyte,60.02,46,85.7
CELL_39453,Neuron,13.31,48,64.22
CELL_45094,Myocyte,5.7,33,85.09
CELL_22650,Stem Cell,50.64,24,95.11
CELL_91015,Epithelial,73.37,23,59.51
CELL_87102,Fibroblast,26.84,42,57.53
CELL_58927,Neuron,32.79,37,81.52
CELL_78957,Leukocyte,77.56,30,96.25
CELL_11040,Neuron,79.67,12,88.07
CELL_55772,Stem Cell,104.23,31,85.58
CELL_41909,Neuron,78.36,40,87.72
CELL_42101,Myocyte,78.9,29,59.08
CELL_99973,Leukocyte,66.52,25,77.45
CELL_71789,Fibroblast,22.8,48,82.02
CELL_55766,Neuron,86.07,14,56.04
CELL_12663,Erythrocyte,99.37,14,84.32
CELL_11103,Myocyte,17.74,21,89.83
CELL_86892,Epithelial,83.24,15,86.95
CELL_17977,Erythrocyte,76.71,50,69.23
CELL_37721,Erythrocyte,52.27,45,55.92
CELL_75810,Myocyte,57.34,24,50.86
CELL_38843,Epithelial,110.77,8,63.32
CELL_50715,Neuron,61.18,31,99.78
CELL_17504,Epithelial,93.57,31,81.27
CELL_26964,Leukocyte,58.35,48,68.8
CELL_72270,Myocyte,6.91,12,87.02
CELL_97852,Erythrocyte,104.87,37,67.65
CELL_87345,Myocyte,104.55,33,97.31
CELL_66834,Fibroblast,7.93,37,98.95
CELL_54851,Fibroblast,41.02,5,83.89
CELL_59662,Fibroblast,115.56,41,81.35
CELL_52672,Leukocyte,65.97,9,90.12
CELL_69769,Epithelial,70.67,34,50.82
CELL_94666,Leukocyte,106.3,11,72.27
CELL_96000,Leukocyte,30.55,39,97.8
CELL_70988,Erythrocyte,110.27,42,98.19
CELL_10668,Leukocyte,117.99,32,73.87
CELL_87052,Leukocyte,31.86,8,69.71
CELL_89278,Leukocyte,104.67,11,59.3
CELL_92603,Myocyte,55.28,35,85.07
CELL_32450,Epithelial,105.32,14,60.64
CELL_87368,Erythrocyte,102.86,37,71.16
CELL_24028,Fibroblast,99.62,50,78.93
CELL_97362,Erythrocyte,63.49,35,59.88
CELL_98633,Neuron,48.18,41,96.05
CELL_93296,Epithelial,91.7,6,98.86
CELL_56029,Neuron,21.17,16,72.34
CELL_23806,Leukocyte,68.78,17,70.31
CELL_28737,Neuron,20.39,35,72.3
CELL_65627,Leukocyte,85.72,25,88.33
CELL_32585,Myocyte,95.52,26,80.8
CELL_68841,Erythrocyte,91.69,28,81.14
CELL_17205,Myocyte,77.69,21,56.87
CELL_79218,Epithelial,84.94,41,99.29
CELL_80331,Stem Cell,107.16,33,92.21
CELL_48236,Epithelial,41.42,9,78.14
CELL_62941,Leukocyte,119.93,49,57.98
CELL_23840,Fibroblast,77.33,48,85.12
CELL_46550,Epithelial,43.05,20,57.47
CELL_52054,Fibroblast,26.52,15,79.63
CELL_15770,Stem Cell,65.47,50,97.93
CELL_88339,Neuron,11.35,40,68.56
CELL_87792,Leukocyte,108.16,46,69.47
CELL_40282,Fibroblast,19.17,49,81.21
CELL_20662,Neuron,51.58,50,72.27
CELL_43407,Neuron,47.1,5,81.82
CELL_26329,Myocyte,37.36,20,74.7
CELL_50991,Leukocyte,99.21,33,55.28
CELL_94644,Stem Cell,117.59,33,68.63
CELL_91078,Stem Cell,69.42,15,76.23
CELL_30764,Epithelial,66.37,42,91.26
CELL_13675,Stem Cell,86.87,47,69.25
CELL_21969,Myocyte,11.22,31,51.34
CELL_52890,Erythrocyte,70.87,47,50.89
CELL_29236,Stem Cell,46.76,20,50.14
CELL_88116,Epithelial,48.01,48,69.87
CELL_18738,Epithelial,17.67,29,90.58
CELL_15196,Leukocyte,58.18,22,82.44
CELL_22464,Stem Cell,92.38,27,52.28
CELL_15707,Fibroblast,12.01,20,94.32
CELL_80559,Stem Cell,100.92,17,57.59
CELL_18915,Leukocyte,78.39,23,60.65
CELL_60116,Myocyte,89.69,46,94.43
CELL_87137,Neuron,50.65,16,66.89
CELL_44559,Erythrocyte,44.84,33,50.11
CELL_66525,Neuron,99.69,49,81.94
CELL_24778,Myocyte,19.6,50,75.05
CELL_27062,Erythrocyte,17.4,23,53.24
CELL_47845,Epithelial,117.95,49,88.8
CELL_60207,Erythrocyte,109.36,22,64.47
CELL_83884,Neuron,114.82,12,85.41
CELL_70734,Leukocyte,95.61,43,80.67
CELL_86554,Neuron,46.12,49,80.18
CELL_31840,Epithelial,112.01,29,56.95
CELL_15160,Fibroblast,61.12,30,96.5
CELL_76617,Myocyte,110.53,44,77.1
CELL_26470,Leukocyte,75.11,41,71.9
CELL_54012,Erythrocyte,71.44,41,91.3
CELL_63567,Myocyte,59.07,41,83.48
CELL_74322,Epithelial,68.11,13,55.87
CELL_48352,Leukocyte,21.49,41,62.07
CELL_67929,Epithelial,9.74,18,87.38
CELL_79832,Leukocyte,90.42,12,79.37
CELL_58272,Fibroblast,102.05,35,87.24
CELL_82809,Myocyte,68.49,23,68.88
CELL_55391,Neuron,112.18,14,95.01
CELL_20555,Myocyte,105.77,32,59.29
CELL_11768,Myocyte,71.2,12,85.48
CELL_56290,Stem Cell,48.11,47,71.76
CELL_34849,Myocyte,100.2,6,51.2
CELL_40874,Myocyte,77.73,45,56.65
CELL_57780,Stem Cell,57.96,19,95.81
CELL_42104,Leukocyte,96.3,18,73.8
CELL_48550,Epithelial,19.68,23,68.43
CELL_95264,Stem Cell,63.4,37,58.44
CELL_62217,Myocyte,112.55,27,66.04
CELL_72600,Epithelial,5.36,31,69.53
CELL_76402,Fibroblast,81.53,41,57.83
CELL_22507,Myocyte,101.64,45,91.59
CELL_76422,Myocyte,50.58,33,85.06
CELL_67219,Leukocyte,8.27,9,52.71
CELL_25181,Neuron,21.12,15,84.64
CELL_84955,Myocyte,65.85,36,65.74
CELL_66592,Neuron,93.46,26,90.88
CELL_46386,Fibroblast,43.31,46,50.58
CELL_99356,Leukocyte,60.64,5,99.89
CELL_50402,Epithelial,61.46,39,69.17
CELL_54271,Epithelial,104.04,26,88.91
CELL_94118,Neuron,16.54,5,89.39
CELL_67772,Myocyte,82.5,23,87.44
CELL_11566,Fibroblast,83.34,23,60.89
CELL_95574,Myocyte,103.05,8,63.32
CELL_57467,Fibroblast,27.29,46,56.59
CELL_95792,Myocyte,52.89,46,65.11
CELL_10134,Epithelial,10.74,50,82.38
CELL_70080,Leukocyte,17.59,37,99.59
CELL_30750,Neuron,28.33,33,92.49
CELL_12623,Myocyte,61.8,43,60.47
CELL_14202,Erythrocyte,78.05,21,52.57
CELL_56564,Erythrocyte,26.61,34,73.36
CELL_86356,Erythrocyte,73.61,35,80.72
CELL_97508,Erythrocyte,85.36,43,58.17
CELL_57467,Myocyte,61.02,10,64.92
CELL_45449,Stem Cell,79.0,14,94.1
CELL_98501,Stem Cell,81.14,18,90.68
CELL_96200,Fibroblast,10.73,10,57.2
CELL_42107,Fibroblast,93.22,41,87.87
CELL_15918,Neuron,55.23,42,79.06
CELL_72640,Myocyte,52.9,35,59.78
CELL_93133,Myocyte,96.2,22,93.25
CELL_99002,Erythrocyte,94.22,29,87.15
CELL_36407,Myocyte,105.34,13,96.98
CELL_51136,Stem Cell,12.42,16,85.74
CELL_20997,Erythrocyte,95.58,26,94.6
CELL_95859,Leukocyte,98.27,20,73.84
CELL_21693,Myocyte,24.52,47,70.65
CELL_55567,Neuron,109.95,11,61.91
CELL_38771,Stem Cell,92.42,14,72.77
CELL_39901,Fibroblast,68.71,50,80.27
CELL_24153,Epithelial,94.95,40,59.74
CELL_90230,Epithelial,54.0,25,54.86
CELL_35164,Epithelial,76.93,20,50.83
CELL_83892,Neuron,45.01,7,74.67
CELL_80710,Leukocyte,73.59,15,95.47
CELL_71619,Epithelial,27.45,42,79.79
CELL_65019,Myocyte,16.77,7,80.88
CELL_52147,Stem Cell,43.36,30,74.94
CELL_98627,Erythrocyte,71.16,7,63.02
CELL_10219,Erythrocyte,103.71,44,83.26
CELL_85481,Stem Cell,113.44,24,97.53
CELL_10879,Leukocyte,79.9,37,50.72
CELL_78399,Erythrocyte,74.71,7,53.98
CELL_16400,Erythrocyte,70.53,50,77.34
CELL_44465,Myocyte,36.8,10,76.48
CELL_62887,Myocyte,95.57,23,96.01
CELL_76603,Leukocyte,91.86,31,67.29
CELL_32006,Myocyte,117.77,47,67.92
CELL_58296,Neuron,74.96,24,50.21
CELL_82005,Epithelial,45.33,45,76.67
CELL_60383,Neuron,85.73,25,64.61
CELL_39353,Epithelial,55.08,12,55.78
CELL_82464,Epithelial,58.29,19,67.09
CELL_36199,Erythrocyte,84.77,31,88.11
CELL_87154,Epithelial,69.25,42,99.28
CELL_31602,Epithelial,117.26,22,73.34
CELL_89722,Myocyte,46.52,23,83.91
CELL_66284,Neuron,32.39,30,72.64
CELL_17790,Epithelial,39.37,13,98.92
CELL_64136,Myocyte,116.72,26,64.34
CELL_62699,Myocyte,36.96,14,67.13
CELL_50988,Myocyte,30.76,22,69.14
CELL_26999,Epithelial,65.6,29,94.85
CELL_12345,Epithelial,7.48,26,94.51
CELL_68356,Myocyte,34.28,21,52.53
CELL_87588,Stem Cell,37.57,44,92.58
CELL_75180,Epithelial,90.74,19,51.63
CELL_97574,Fibroblast,85.92,5,52.68
CELL_86381,Fibroblast,29.62,27,93.3
CELL_13458,Fibroblast,34.04,7,53.64
CELL_17148,Leukocyte,117.66,39,77.87
CELL_52531,Fibroblast,97.86,22,83.04
CELL_63322,Fibroblast,22.64,16,61.15
CELL_43119,Erythrocyte,16.78,26,99.82
CELL_44730,Myocyte,85.95,47,87.59
CELL_82932,Fibroblast,39.46,47,67.57
CELL_14489,Epithelial,45.12,16,69.47
CELL_93239,Myocyte,95.76,5,88.24
CELL_91083,Fibroblast,15.16,18,87.82
CELL_49627,Myocyte,18.31,35,89.19
CELL_32580,Stem Cell,63.56,11,93.17
CELL_71769,Erythrocyte,30.86,13,94.64
CELL_52727,Myocyte,52.28,14,52.17
CELL_75455,Stem Cell,103.82,23,58.08
CELL_29457,Fibroblast,94.89,6,85.24
CELL_25973,Leukocyte,39.54,5,74.26
CELL_10007,Neuron,29.27,32,83.81
CELL_19008,Erythrocyte,28.51,9,85.26
CELL_18024,Neuron,116.53,38,67.54
CELL_81665,Epithelial,24.97,11,79.84
CELL_95541,Stem Cell,80.69,32,71.51
CELL_38292,Neuron,80.4,31,54.39
CELL_88013,Myocyte,78.44,49,52.68
CELL_29940,Erythrocyte,49.66,7,93.94
CELL_37454,Epithelial,44.55,14,93.04
CELL_76433,Stem Cell,39.59,12,85.2
CELL_80748,Epithelial,11.25,46,69.21
CELL_16166,Leukocyte,92.76,46,97.38
CELL_27128,Myocyte,87.21,26,57.04
CELL_14824,Erythrocyte,52.03,5,54.67
CELL_57191,Stem Cell,44.81,42,65.02
CELL_71816,Fibroblast,11.04,15,95.12
CELL_39243,Epithelial,85.48,31,80.17
CELL_39282,Leukocyte,34.41,47,55.46
CELL_99208,Epithelial,58.07,34,76.97
CELL_40947,Fibroblast,83.05,29,77.97
CELL_26332,Epithelial,62.68,6,68.8
CELL_91031,Epithelial,56.41,17,50.91
CELL_80544,Neuron,102.48,11,91.6
CELL_21879,Stem Cell,28.01,22,76.36
CELL_95292,Neuron,21.1,9,73.61
CELL_74188,Myocyte,37.62,5,56.3
CELL_88416,Fibroblast,94.19,22,88.97
CELL_16493,Myocyte,105.42,13,57.52
CELL_90231,Myocyte,73.26,26,91.24
CELL_73331,Erythrocyte,9.88,34,70.59
CELL_61374,Stem Cell,59.81,20,52.96
CELL_66364,Leukocyte,50.34,17,71.86
CELL_20358,Neuron,70.0,46,81.3
CELL_84097,Myocyte,17.68,34,62.07
CELL_29623,Epithelial,100.5,25,70.1
CELL_29571,Fibroblast,77.46,9,67.87
CELL_13322,Neuron,97.22,15,85.0
CELL_23532,Leukocyte,25.24,16,93.33
CELL_57472,Fibroblast,56.17,20,92.08
CELL_34783,Fibroblast,59.12,34,57.5
CELL_59946,Erythrocyte,62.18,40,73.18
CELL_72301,Leukocyte,93.71,45,61.79
CELL_80924,Neuron,26.57,34,96.05
CELL_68197,Erythrocyte,65.95,36,62.33
CELL_55654,Fibroblast,106.37,29,66.42
CELL_31614,Stem Cell,53.26,34,77.9
CELL_73672,Neuron,31.29,17,70.64
CELL_48020,Neuron,39.61,23,85.32
CELL_72564,Epithelial,75.66,17,92.69
CELL_69427,Fibroblast,70.19,38,72.21
CELL_94351,Erythrocyte,22.81,29,89.44
CELL_53875,Fibroblast,35.36,21,70.26
CELL_32856,Epithelial,6.0,34,72.7
CELL_27329,Fibroblast,111.12,36,55.81
CELL_33358,Neuron,107.6,17,68.99
CELL_89451,Neuron,112.58,24,54.73
CELL_16341,Neuron,45.08,43,52.28
CELL_87001,Erythrocyte,29.94,45,72.29
CELL_57646,Fibroblast,85.17,47,82.28
CELL_73700,Fibroblast,42.07,24,81.52
CELL_63164,Fibroblast,71.45,28,66.04
CELL_22267,Neuron,42.87,45,67.17
CELL_10265,Stem Cell,12.3,30,62.42
CELL_11336,Epithelial,43.8,31,65.12
CELL_11601,Epithelial,55.81,17,87.55
CELL_57205,Erythrocyte,57.22,46,69.91
CELL_73670,Stem Cell,20.55,37,55.0
CELL_64658,Myocyte,55.56,13,68.17
CELL_77649,Fibroblast,83.05,18,63.82
CELL_18486,Erythrocyte,61.26,50,69.45
CELL_73571,Neuron,38.84,16,71.49
CELL_76924,Epithelial,117.52,50,83.15
CELL_83113,Neuron,110.55,36,65.16
CELL_30554,Epithelial,85.81,36,91.06
CELL_38069,Stem Cell,34.19,46,96.54
CELL_81225,Leukocyte,70.81,40,97.59
CELL_27528,Myocyte,16.42,26,98.47
CELL_67642,Leukocyte,17.18,12,51.31
CELL_46227,Stem Cell,21.27,31,51.43
CELL_34720,Stem Cell,81.79,20,92.89
CELL_84100,Neuron,6.76,32,96.83
CELL_19208,Stem Cell,70.0,36,81.96
CELL_58411,Myocyte,56.24,5,65.94
CELL_78301,Leukocyte,28.02,25,55.53
CELL_62956,Neuron,91.2,44,63.92
CELL_40837,Neuron,35.03,5,69.87
CELL_30990,Fibroblast,58.4,12,80.99
CELL_45566,Leukocyte,92.19,21,99.81
CELL_50483,Stem Cell,55.44,45,76.2
CELL_59363,Myocyte,38.17,16,80.27
CELL_57702,Myocyte,111.07,17,72.42
CELL_62242,Erythrocyte,44.98,38,56.77
CELL_96302,Neuron,30.27,12,76.35
CELL_55799,Fibroblast,30.1,10,57.82
CELL_88330,Myocyte,93.43,11,87.77
CELL_61051,Epithelial,45.1,22,81.77
CELL_64651,Stem Cell,6.7,35,98.3
CELL_58724,Myocyte,92.96,23,99.52
CELL_32563,Stem Cell,81.26,47,67.19
CELL_37267,Erythrocyte,117.1,26,95.18
CELL_74778,Leukocyte,43.13,39,51.1
CELL_88631,Fibroblast,27.92,37,95.16
CELL_81832,Myocyte,76.08,39,76.51
CELL_50946,Leukocyte,51.61,43,71.24
CELL_66372,Epithelial,114.08,41,71.47
CELL_55582,Leukocyte,86.49,29,96.8
CELL_25588,Myocyte,16.73,41,97.7
CELL_56188,Fibroblast,15.75,7,65.0
CELL_33597,Fibroblast,76.08,42,69.49
CELL_75013,Epithelial,84.18,42,86.16
CELL_80513,Myocyte,100.83,15,75.68
CELL_15478,Epithelial,21.3,33,72.42
CELL_47044,Fibroblast,111.4,50,68.15
CELL_18014,Myocyte,18.86,42,76.51
CELL_11825,Leukocyte,79.1,28,90.11
CELL_16896,Myocyte,52.49,40,62.4
CELL_42163,Fibroblast,59.15,29,98.67
CELL_97255,Erythrocyte,111.09,45,77.52
CELL_81790,Neuron,33.41,21,78.66
CELL_25028,Neuron,68.69,28,93.43
CELL_79744,Myocyte,55.67,26,51.1
CELL_56084,Neuron,57.61,6,55.14
CELL_34767,Epithelial,46.36,44,85.47
CELL_64032,Leukocyte,30.98,37,61.47
CELL_67717,Epithelial,100.84,31,53.39
CELL_71743,Erythrocyte,119.98,16,56.13
CELL_73529,Stem Cell,71.6,17,63.22
CELL_71462,Stem Cell,12.15,17,57.68
CELL_68677,Leukocyte,76.74,7,98.16
CELL_44087,Myocyte,6.72,7,92.03
CELL_62800,Neuron,6.29,23,53.09
CELL_56320,Neuron,24.37,23,55.54
CELL_13933,Neuron,118.24,27,79.39
CELL_65195,Neuron,44.0,5,85.84
CELL_14210,Leukocyte,16.99,33,92.11
CELL_47682,Epithelial,64.35,36,75.57
CELL_36376,Stem Cell,118.82,29,84.24
CELL_99584,Stem Cell,39.81,35,76.82
CELL_57268,Leukocyte,101.48,25,66.44
CELL_13183,Leukocyte,109.13,23,81.71
CELL_56383,Epithelial,35.17,11,76.05
CELL_20072,Erythrocyte,11.7,8,92.76
CELL_62891,Erythrocyte,114.45,47,93.43
CELL_59661,Leukocyte,9.83,31,93.55
CELL_12261,Myocyte,32.36,28,73.12
CELL_73718,Fibroblast,69.06,28,75.55
CELL_24676,Epithelial,88.4,43,91.41
CELL_73719,Leukocyte,96.06,34,58.03
CELL_69601,Stem Cell,109.89,42,81.16
CELL_11000,Fibroblast,10.61,7,56.57
CELL_23160,Neuron,71.16,34,51.72
CELL_47513,Erythrocyte,99.95,45,82.33
CELL_17465,Epithelial,103.66,30,56.39
CELL_92696,Fibroblast,50.08,22,93.37
CELL_39619,Erythrocyte,73.05,43,92.08
CELL_86660,Leukocyte,58.04,49,77.71
CELL_48692,Fibroblast,72.55,46,91.31
CELL_32920,Fibroblast,111.48,5,68.9
CELL_18068,Erythrocyte,61.31,36,98.45
CELL_42038,Stem Cell,73.72,31,86.21
CELL_92884,Neuron,40.59,15,99.44
CELL_43994,Epithelial,100.47,16,66.64
CELL_12714,Neuron,26.09,50,81.46
CELL_29697,Myocyte,62.16,23,66.88
CELL_75975,Stem Cell,46.98,25,61.58
CELL_89412,Epithelial,69.67,46,75.47
CELL_96130,Fibroblast,101.59,19,94.34
CELL_15196,Myocyte,36.0,28,54.62
CELL_82389,Leukocyte,49.75,27,80.51
CELL_58257,Erythrocyte,95.81,5,52.0
CELL_57085,Erythrocyte,80.2,13,80.51
CELL_31825,Stem Cell,63.32,39,81.11
CELL_34270,Erythrocyte,49.82,41,72.9
CELL_52758,Neuron,102.76,29,92.51
CELL_56245,Leukocyte,72.64,26,82.96
CELL_21638,Fibroblast,70.12,28,88.83
CELL_83355,Fibroblast,113.49,40,89.92
CELL_86452,Stem Cell,23.92,22,50.92
CELL_41609,Stem Cell,68.43,29,67.75
CELL_90415,Epithelial,59.46,19,66.8
CELL_49175,Neuron,7.04,23,52.97
CELL_54891,Neuron,116.9,45,90.77
CELL_57062,Epithelial,105.6,32,59.84
CELL_41355,Fibroblast,103.83,9,61.59
CELL_68442,Neuron,90.29,24,74.46
CELL_94519,Myocyte,22.55,43,80.99
CELL_44359,Epithelial,80.32,39,91.72
CELL_89911,Epithelial,104.47,34,84.33
CELL_32822,Neuron,31.17,44,71.83
CELL_52844,Fibroblast,46.01,9,84.18
CELL_81355,Myocyte,25.96,25,53.06
CELL_99778,Stem Cell,44.03,39,66.83
CELL_47141,Stem Cell,30.6,50,67.22
CELL_50630,Stem Cell,14.61,19,93.23
CELL_15715,Stem Cell,79.89,48,69.97
CELL_99415,Myocyte,99.3,6,83.2
CELL_10320,Fibroblast,74.98,7,50.34
CELL_76046,Fibroblast,66.47,10,65.86
CELL_58161,Leukocyte,86.4,30,50.79
CELL_56028,Fibroblast,26.71,28,99.07
CELL_51161,Leukocyte,115.78,15,77.53
CELL_65732,Fibroblast,7.88,8,63.34
CELL_67557,Leukocyte,110.2,40,53.14
CELL_94172,Stem Cell,69.49,32,61.6
CELL_41410,Neuron,23.8,37,62.36
CELL_79887,Leukocyte,49.15,18,58.42
CELL_49874,Erythrocyte,22.97,21,53.72
CELL_22233,Neuron,96.84,18,71.47
CELL_53046,Epithelial,93.78,5,62.81
CELL_30437,Fibroblast,34.33,32,86.15
CELL_90350,Epithelial,73.48,46,88.72
CELL_95300,Leukocyte,72.43,19,72.51
CELL_27604,Epithelial,89.34,38,51.98
CELL_39097,Myocyte,36.88,8,92.5
CELL_36276,Erythrocyte,90.41,40,57.45
CELL_58586,Stem Cell,79.97,24,79.2
CELL_69766,Erythrocyte,74.21,32,72.48
CELL_31287,Myocyte,105.34,12,82.35
CELL_77593,Leukocyte,119.51,5,77.21
CELL_51980,Erythrocyte,38.84,34,88.84
CELL_39985,Myocyte,105.35,45,57.62
CELL_37502,Neuron,65.1,19,83.96
CELL_61036,Erythrocyte,90.26,44,64.27
CELL_43448,Fibroblast,112.37,13,87.58
CELL_23980,Epithelial,9.5,13,50.82
CELL_85519,Myocyte,56.34,32,50.62
CELL_40750,Stem Cell,79.76,7,90.94
CELL_50867,Myocyte,13.64,16,99.33
CELL_71257,Erythrocyte,83.46,41,52.66
CELL_83674,Leukocyte,86.06,30,62.93
CELL_69481,Leukocyte,70.42,26,69.0
CELL_31899,Epithelial,76.01,33,61.1
CELL_90155,Fibroblast,38.32,9,52.06
CELL_92365,Epithelial,17.4,39,90.64
CELL_22724,Myocyte,45.93,30,90.93
CELL_68126,Myocyte,99.36,14,92.67
CELL_24478,Neuron,100.09,29,89.97
CELL_68584,Stem Cell,10.36,30,74.45
CELL_20062,Fibroblast,112.69,38,89.99
CELL_59762,Neuron,41.63,50,71.53
CELL_97359,Stem Cell,43.43,31,87.72
CELL_63335,Erythrocyte,81.11,25,86.07
CELL_94355,Stem Cell,38.55,48,56.96
CELL_42503,Erythrocyte,14.04,11,66.0
CELL_33845,Neuron,31.63,33,78.94
CELL_18222,Erythrocyte,15.01,37,90.81
CELL_44747,Stem Cell,100.46,34,56.88
CELL_33633,Leukocyte,71.05,40,65.44
CELL_99463,Erythrocyte,102.99,28,63.58
CELL_92173,Erythrocyte,29.5,45,55.06
CELL_98990,Fibroblast,8.66,24,95.55
CELL_87583,Leukocyte,78.89,25,96.11
CELL_80866,Fibroblast,103.44,38,62.77
CELL_18516,Fibroblast,15.98,10,62.22
CELL_92262,Leukocyte,88.98,45,97.73
CELL_74602,Epithelial,44.17,25,57.08
CELL_80153,Leukocyte,13.41,32,70.89
CELL_89242,Erythrocyte,13.12,49,66.66
CELL_46632,Erythrocyte,111.46,26,81.56
CELL_19735,Neuron,44.53,24,69.24
CELL_91128,Erythrocyte,102.66,16,69.69
CELL_20655,Fibroblast,21.21,48,56.39
CELL_48150,Erythrocyte,112.26,16,65.81
CELL_11139,Stem Cell,97.26,39,92.32
CELL_42035,Stem Cell,116.84,25,79.09
CELL_64784,Epithelial,46.37,22,97.63
CELL_68802,Epithelial,71.29,9,52.03
CELL_37985,Neuron,86.57,19,56.6
CELL_63422,Fibroblast,49.68,30,65.53
CELL_86350,Stem Cell,108.01,48,95.94
CELL_69267,Fibroblast,22.18,34,75.85
CELL_36501,Stem Cell,21.01,50,69.14
CELL_62568,Neuron,111.48,44,62.83
CELL_32761,Fibroblast,84.68,9,81.47
CELL_71638,Myocyte,34.82,45,96.19
CELL_18322,Epithelial,91.35,30,62.37
CELL_28713,Leukocyte,51.2,16,73.77
CELL_93362,Stem Cell,38.8,10,90.23
CELL_77002,Epithelial,51.88,26,94.5
CELL_75167,Myocyte,6.92,30,86.27
CELL_26127,Epithelial,94.02,35,97.36
CELL_46701,Erythrocyte,51.72,42,61.55
CELL_51908,Myocyte,45.07,19,78.6
CELL_50283,Epithelial,30.27,10,73.52
CELL_10548,Myocyte,24.33,11,53.1
CELL_70993,Myocyte,118.19,8,57.25
CELL_97129,Epithelial,31.83,29,74.8
CELL_79304,Epithelial,82.7,12,93.66
CELL_51530,Fibroblast,72.17,28,60.18
CELL_44472,Fibroblast,46.88,11,58.76
CELL_88495,Fibroblast,29.57,31,52.44
CELL_81416,Epithelial,99.73,6,94.27
CELL_56084,Neuron,119.85,42,98.08
CELL_80047,Fibroblast,50.5,11,95.36
CELL_36509,Myocyte,52.34,49,98.71
CELL_62257,Stem Cell,112.81,41,66.37
CELL_60562,Epithelial,23.31,42,57.5
CELL_24862,Leukocyte,50.78,35,92.74
CELL_56224,Stem Cell,97.25,50,99.51
CELL_72619,Erythrocyte,88.97,27,53.6
CELL_68931,Fibroblast,105.9,20,86.22
CELL_11527,Erythrocyte,78.72,12,50.9
CELL_62101,Fibroblast,48.9,10,92.47
CELL_11289,Leukocyte,94.91,42,95.77
CELL_37682,Erythrocyte,15.34,44,80.88
CELL_90578,Stem Cell,45.82,39,97.95
CELL_11754,Myocyte,90.23,26,72.75
CELL_83576,Neuron,12.71,45,69.52
CELL_22023,Epithelial,99.56,36,77.44
CELL_97905,Fibroblast,63.54,16,99.04
CELL_49606,Epithelial,34.35,40,53.91
CELL_10353,Stem Cell,51.16,36,99.32
CELL_43342,Stem Cell,89.92,15,70.18
CELL_17514,Neuron,73.8,11,59.15
CELL_78336,Fibroblast,58.89,42,76.92
CELL_18322,Myocyte,29.8,21,94.7
CELL_42924,Fibroblast,57.62,5,71.56
CELL_80263,Leukocyte,57.35,27,69.69
CELL_76095,Myocyte,80.66,19,60.08
CELL_38249,Leukocyte,106.15,5,95.72
CELL_41316,Neuron,52.52,35,78.32
CELL_38466,Epithelial,86.54,40,75.8
CELL_67498,Neuron,101.81,6,87.04
CELL_96161,Epithelial,85.48,38,71.93
CELL_22991,Leukocyte,23.99,7,59.33
CELL_14755,Myocyte,78.16,44,92.17
CELL_85974,Leukocyte,93.25,23,62.86
CELL_17625,Fibroblast,61.01,12,92.18
CELL_77030,Leukocyte,22.13,7,57.41
CELL_95243,Fibroblast,56.94,35,92.07
CELL_94138,Leukocyte,33.49,45,76.48
CELL_95240,Erythrocyte,43.36,14,69.53
CELL_82252,Stem Cell,115.98,9,76.53
CELL_57074,Stem Cell,36.45,37,89.75
CELL_44731,Myocyte,50.59,14,61.91
CELL_80998,Stem Cell,13.39,34,85.37
CELL_34448,Leukocyte,91.63,36,53.95
CELL_42006,Neuron,101.0,43,83.56
CELL_38512,Myocyte,73.04,41,91.85
CELL_63656,Fibroblast,60.3,20,74.04
CELL_23693,Leukocyte,68.14,33,76.17
CELL_50306,Neuron,9.4,13,62.39
CELL_13920,Epithelial,74.96,14,50.21
CELL_95979,Epithelial,76.17,50,71.63
CELL_34962,Erythrocyte,54.4,12,84.39
CELL_54367,Stem Cell,100.74,21,65.27
CELL_89764,Leukocyte,64.66,35,92.84
CELL_76466,Fibroblast,9.01,34,56.76
CELL_98447,Leukocyte,82.85,50,96.85
CELL_97187,Erythrocyte,61.21,14,63.08
CELL_85341,Leukocyte,87.19,33,70.1
CELL_58475,Neuron,66.65,43,98.87
CELL_89880,Epithelial,68.57,45,87.09
CELL_58882,Leukocyte,68.4,35,69.1
CELL_11597,Myocyte,5.67,43,67.2
CELL_18751,Epithelial,19.05,40,91.1
CELL_73918,Epithelial,12.02,26,60.26
CELL_16392,Epithelial,73.14,50,84.13
CELL_62699,Epithelial,112.01,19,83.66
CELL_46252,Fibroblast,41.3,6,53.5
CELL_89498,Neuron,75.28,41,62.1
CELL_11742,Neuron,53.97,28,83.75
CELL_92058,Epithelial,104.22,37,81.53
CELL_86627,Fibroblast,55.21,22,79.43
CELL_30906,Epithelial,95.76,17,76.62
CELL_87792,Fibroblast,109.55,24,76.05
CELL_78612,Leukocyte,82.61,28,78.04
CELL_80897,Erythrocyte,47.38,22,54.46
CELL_46904,Leukocyte,29.57,25,95.49
CELL_32963,Myocyte,50.54,21,77.27
CELL_60004,Stem Cell,48.2,14,71.05
CELL_35920,Leukocyte,72.03,8,55.91
CELL_69546,Neuron,7.89,11,97.44
CELL_45527,Epithelial,37.84,35,73.62
CELL_28423,Myocyte,22.32,5,60.1
CELL_16002,Neuron,46.94,36,92.13
CELL_60069,Erythrocyte,66.42,31,88.94
CELL_67610,Leukocyte,38.53,12,82.81
CELL_44794,Erythrocyte,27.45,49,82.26
CELL_33012,Leukocyte,67.56,8,69.13
CELL_79279,Stem Cell,45.57,24,62.86
CELL_42655,Stem Cell,66.6,40,72.33
CELL_92250,Leukocyte,53.03,40,98.31
CELL_85786,Stem Cell,10.19,49,53.21
CELL_70720,Erythrocyte,62.73,17,84.13
CELL_44559,Neuron,83.45,47,58.66
CELL_10228,Neuron,38.72,23,87.67
CELL_66152,Myocyte,38.21,25,53.4
CELL_27667,Epithelial,49.11,38,85.67
CELL_46947,Epithelial,19.25,33,85.03
CELL_65487,Myocyte,23.22,47,89.37
CELL_69965,Neuron,33.54,48,58.67
CELL_81965,Myocyte,97.4,17,95.11
CELL_51253,Myocyte,53.05,8,74.32
CELL_36121,Epithelial,34.22,38,54.67
CELL_15609,Myocyte,114.03,50,97.15
CELL_79878,Erythrocyte,43.79,12,53.46
CELL_49710,Leukocyte,40.81,16,74.12
CELL_17284,Erythrocyte,45.0,24,94.12
CELL_68700,Erythrocyte,117.53,11,73.71
CELL_33211,Myocyte,30.63,48,72.66
CELL_63636,Stem Cell,63.39,47,66.19
CELL_97649,Myocyte,44.24,47,87.69
CELL_30294,Erythrocyte,85.94,41,57.15
CELL_98432,Neuron,75.17,11,56.35
CELL_15049,Fibroblast,49.63,33,51.33
CELL_67193,Neuron,101.43,28,99.99
CELL_99600,Fibroblast,78.08,19,86.88
CELL_92423,Neuron,59.38,24,51.33
CELL_47105,Stem Cell,114.59,24,77.07
CELL_47360,Stem Cell,14.94,44,64.79
CELL_70077,Epithelial,90.44,38,77.43
CELL_79146,Stem Cell,115.59,18,57.91
CELL_50221,Fibroblast,117.82,43,68.44
CELL_23327,Neuron,87.33,32,52.61
CELL_73457,Myocyte,20.02,37,76.85
CELL_32006,Myocyte,18.15,50,81.31
CELL_67584,Myocyte,55.2,42,94.21
CELL_79567,Fibroblast,27.79,20,74.75
CELL_52178,Neuron,44.58,16,91.48
CELL_68755,Neuron,40.65,22,67.35
CELL_44622,Neuron,113.8,48,69.25
CELL_52465,Fibroblast,119.24,33,93.1
CELL_41142,Fibroblast,42.62,14,52.16
CELL_63115,Leukocyte,79.22,16,72.78
CELL_91637,Fibroblast,24.59,30,52.56
CELL_18281,Erythrocyte,33.31,10,77.15
CELL_10136,Neuron,53.15,41,81.21
CELL_42155,Fibroblast,95.38,8,67.49
CELL_88830,Myocyte,27.41,25,53.25
CELL_60215,Stem Cell,103.25,15,92.7
CELL_47778,Myocyte,6.1,47,55.9
CELL_51069,Erythrocyte,89.77,15,55.29
CELL_46568,Epithelial,52.31,8,55.77
CELL_99096,Myocyte,9.99,16,55.38
CELL_31919,Erythrocyte,52.3,10,59.7
CELL_65721,Leukocyte,40.56,18,55.71
CELL_45282,Epithelial,14.48,37,71.68
CELL_17177,Myocyte,10.82,42,58.33
CELL_65555,Erythrocyte,92.32,24,96.49
CELL_95714,Epithelial,6.84,38,63.93
CELL_92622,Epithelial,19.93,48,53.05
CELL_45514,Stem Cell,77.32,14,78.14
CELL_40697,Epithelial,103.38,31,62.69
CELL_76885,Neuron,38.87,27,81.28
CELL_27611,Myocyte,59.3,20,67.88
CELL_68901,Epithelial,72.04,38,86.75
CELL_99110,Leukocyte,59.18,19,50.35
CELL_34499,Erythrocyte,89.88,25,54.73
CELL_11101,Erythrocyte,43.93,25,99.17
CELL_18614,Stem Cell,8.69,24,97.34
CELL_34767,Leukocyte,28.08,41,97.9
CELL_48655,Leukocyte,55.92,50,87.35
CELL_98544,Stem Cell,42.08,42,55.25
CELL_58770,Fibroblast,7.94,16,85.27
CELL_83101,Erythrocyte,51.58,8,85.55
CELL_55014,Stem Cell,22.34,41,85.16
CELL_57138,Neuron,50.39,24,57.12
CELL_54251,Stem Cell,94.05,27,59.75
CELL_28528,Epithelial,41.09,30,93.77
CELL_42927,Leukocyte,11.42,5,54.21
CELL_65240,Fibroblast,23.42,18,85.06
CELL_52184,Leukocyte,78.39,32,90.1
CELL_31052,Erythrocyte,89.59,6,50.65
CELL_47527,Epithelial,15.31,44,96.32
CELL_53303,Neuron,89.38,50,57.2
CELL_85515,Fibroblast,98.65,18,78.13
CELL_90215,Myocyte,11.4,21,66.01
CELL_17593,Myocyte,44.34,47,64.25
CELL_86171,Leukocyte,89.48,44,61.07
CELL_80641,Epithelial,104.08,25,92.81
CELL_65117,Stem Cell,75.16,8,69.01
CELL_15745,Stem Cell,72.36,25,69.13
CELL_90061,Neuron,41.73,43,69.65
CELL_13263,Fibroblast,38.87,30,83.73
CELL_79986,Myocyte,32.72,33,66.11
CELL_16785,Myocyte,102.97,28,79.68
CELL_34403,Leukocyte,98.18,10,66.01
CELL_45180,Erythrocyte,17.1,12,84.54
CELL_77886,Neuron,21.92,14,51.31
CELL_38758,Epithelial,66.94,21,53.51
CELL_54659,Myocyte,110.56,15,90.97
CELL_56758,Stem Cell,72.48,24,51.47
CELL_27487,Epithelial,63.08,17,98.71
CELL_88239,Myocyte,77.4,47,53.81
CELL_24983,Erythrocyte,25.99,45,55.0
CELL_60589,Leukocyte,59.16,8,59.83
CELL_18142,Myocyte,82.64,19,95.63
CELL_79862,Myocyte,113.93,42,69.89
CELL_37724,Leukocyte,52.12,23,92.51
CELL_17477,Epithelial,73.59,33,69.58
CELL_29799,Stem Cell,96.32,35,99.0
CELL_87122,Neuron,76.92,16,69.03
CELL_48031,Epithelial,89.0,42,69.96
CELL_16713,Stem Cell,82.23,10,90.74
CELL_13797,Leukocyte,107.33,14,95.56
CELL_56839,Myocyte,85.88,23,51.64
CELL_23323,Stem Cell,55.72,45,70.39
CELL_63042,Leukocyte,52.8,17,64.67
CELL_24234,Erythrocyte,41.55,40,90.15
CELL_70374,Leukocyte,28.93,40,89.91
CELL_71958,Leukocyte,26.33,48,85.71
CELL_43404,Fibroblast,53.62,33,88.23
CELL_45231,Stem Cell,48.09,11,94.76
CELL_67155,Leukocyte,81.88,42,70.29
CELL_95819,Erythrocyte,117.89,10,72.44
CELL_59960,Leukocyte,73.99,28,80.41
CELL_65966,Epithelial,110.37,36,59.34
CELL_37380,Myocyte,82.03,42,74.85
CELL_67104,Erythrocyte,111.53,28,87.73
CELL_56651,Myocyte,112.19,17,67.74
CELL_27448,Leukocyte,55.81,25,73.54
CELL_40229,Leukocyte,53.42,22,83.67
CELL_26712,Leukocyte,84.05,17,87.01
CELL_15629,Erythrocyte,73.08,27,84.64
CELL_94219,Myocyte,35.23,25,96.35
CELL_44364,Erythrocyte,53.5,39,72.05
CELL_33961,Myocyte,12.77,19,69.16
CELL_86549,Fibroblast,32.64,7,82.82
CELL_33261,Erythrocyte,63.74,16,82.25
CELL_25165,Epithelial,117.92,6,76.27
CELL_24456,Leukocyte,66.51,47,62.78
CELL_40947,Myocyte,70.57,39,52.45
CELL_75423,Erythrocyte,101.1,25,78.65
CELL_64628,Erythrocyte,104.1,8,91.69
CELL_60330,Stem Cell,83.0,17,74.81
CELL_32353,Myocyte,99.4,36,95.88
CELL_20492,Neuron,45.96,47,64.35
CELL_52601,Stem Cell,42.58,21,71.56
CELL_52891,Erythrocyte,80.66,16,84.41
CELL_13256,Erythrocyte,60.3,44,99.22
CELL_47685,Stem Cell,61.22,5,81.85
CELL_73505,Fibroblast,87.34,34,68.77
CELL_48049,Epithelial,86.66,21,60.47
CELL_21416,Epithelial,79.1,5,70.45
CELL_92718,Erythrocyte,24.18,47,86.51
CELL_10705,Fibroblast,15.86,12,50.57
CELL_28531,Erythrocyte,117.5,5,72.46
CELL_16969,Neuron,17.14,35,82.65
CELL_12970,Erythrocyte,24.28,44,95.66
CELL_51885,Stem Cell,78.28,15,90.96
CELL_40606,Neuron,22.13,45,99.51
CELL_92923,Myocyte,52.22,47,70.8
CELL_56277,Fibroblast,47.96,24,80.38
CELL_79201,Fibroblast,35.24,31,55.32
CELL_56316,Myocyte,42.5,20,71.37
CELL_54714,Leukocyte,35.08,31,61.05
CELL_83258,Fibroblast,106.87,42,93.35
CELL_76671,Neuron,101.71,49,68.3
CELL_94211,Erythrocyte,15.82,22,89.47
CELL_89305,Leukocyte,65.74,48,84.19
CELL_54175,Neuron,39.27,50,80.26
CELL_55021,Myocyte,12.18,49,74.63
CELL_15721,Leukocyte,91.48,25,51.27
CELL_50419,Erythrocyte,13.37,8,77.67
CELL_98430,Leukocyte,38.35,13,74.73
CELL_35749,Stem Cell,86.77,10,52.3
CELL_38229,Myocyte,105.51,19,97.37
CELL_27410,Fibroblast,7.47,31,86.89
CELL_89870,Leukocyte,51.25,12,71.91
CELL_48754,Erythrocyte,41.5,11,55.17
CELL_55469,Neuron,46.55,13,52.51
CELL_74296,Erythrocyte,96.09,13,93.21
CELL_19481,Neuron,70.32,12,59.2
CELL_99357,Erythrocyte,13.04,20,88.33
CELL_78974,Myocyte,34.7,9,69.26
CELL_22382,Neuron,52.56,27,96.42
CELL_59615,Stem Cell,6.56,47,61.36
CELL_86667,Erythrocyte,28.88,29,96.73
CELL_18540,Neuron,12.0,11,51.3
CELL_35587,Stem Cell,42.0,49,55.02
CELL_99049,Epithelial,94.13,7,68.32
CELL_65308,Neuron,29.01,13,84.53
CELL_46520,Fibroblast,86.14,32,98.55
CELL_69380,Fibroblast,69.21,15,86.4
CELL_98164,Epithelial,13.39,8,55.9
CELL_60956,Myocyte,5.48,13,61.38
CELL_34074,Stem Cell,62.15,44,97.8
CELL_42925,Myocyte,114.38,26,66.31
CELL_98383,Erythrocyte,118.07,40,93.02
CELL_69846,Erythrocyte,75.85,47,58.35
CELL_39755,Stem Cell,76.95,21,87.32
CELL_85875,Neuron,84.0,37,69.61
CELL_10942,Neuron,55.61,26,57.93
CELL_81082,Neuron,14.87,22,65.5
CELL_31813,Erythrocyte,61.08,41,88.11
CELL_54640,Epithelial,108.08,20,67.87
CELL_60934,Erythrocyte,56.54,44,60.86
CELL_47152,Erythrocyte,111.83,34,52.39
CELL_21517,Erythrocyte,86.63,9,95.98
CELL_11726,Myocyte,15.58,49,96.7
CELL_30149,Erythrocyte,23.96,36,86.15
CELL_25006,Neuron,35.68,47,95.13
CELL_50745,Epithelial,89.98,34,83.32
CELL_89334,Leukocyte,104.71,48,97.7
CELL_21971,Epithelial,23.31,13,76.69
CELL_35357,Neuron,119.03,45,64.21
CELL_30023,Stem Cell,97.55,49,99.22
CELL_17108,Fibroblast,44.31,24,71.16
CELL_24236,Myocyte,31.32,47,81.53
CELL_58491,Neuron,40.66,44,63.9
CELL_41627,Leukocyte,85.6,38,96.25
CELL_72864,Fibroblast,38.49,12,85.97
CELL_37428,Erythrocyte,74.41,46,60.82
CELL_23508,Myocyte,75.06,11,56.35
CELL_23220,Myocyte,6.55,32,93.41
CELL_92956,Neuron,11.31,32,90.22
CELL_58343,Fibroblast,27.12,46,76.53
CELL_52274,Erythrocyte,86.57,47,66.63
CELL_62945,Erythrocyte,80.67,35,85.4
CELL_35560,Fibroblast,77.47,32,88.86
CELL_30008,Myocyte,88.32,40,54.7
CELL_30010,Neuron,68.92,23,95.5
CELL_64702,Fibroblast,43.48,22,50.43
CELL_63983,Leukocyte,82.54,43,98.44
CELL_65304,Myocyte,54.32,30,80.89
CELL_79548,Fibroblast,93.55,34,72.83
CELL_95049,Myocyte,52.02,15,96.48
CELL_62059,Leukocyte,78.97,23,77.67
CELL_64520,Stem Cell,103.51,42,64.41
CELL_23137,Myocyte,93.54,37,75.33
CELL_89759,Stem Cell,67.15,21,96.84
CELL_82019,Stem Cell,44.46,15,64.03
CELL_79801,Myocyte,68.75,42,64.29
CELL_65419,Erythrocyte,105.5,8,98.71
CELL_49403,Neuron,85.69,38,68.62
CELL_14352,Myocyte,34.98,39,93.79
CELL_39513,Stem Cell,97.59,5,73.8
CELL_23447,Neuron,8.4,50,89.57
CELL_70897,Erythrocyte,19.43,11,79.08
CELL_61314,Leukocyte,55.04,39,74.79
CELL_71350,Fibroblast,64.6,31,83.87
CELL_64658,Epithelial,61.91,12,54.78
CELL_67553,Stem Cell,118.29,36,62.58
CELL_81897,Stem Cell,27.24,29,50.06
CELL_15374,Leukocyte,50.53,29,95.67
CELL_85074,Leukocyte,41.35,49,84.84
CELL_96532,Erythrocyte,56.92,25,78.92
CELL_21897,Stem Cell,89.85,22,97.86
CELL_46040,Erythrocyte,94.23,24,70.79
CELL_98157,Leukocyte,59.0,10,92.01
CELL_18539,Erythrocyte,44.56,12,86.17
CELL_59185,Epithelial,7.16,35,90.76
CELL_11482,Erythrocyte,14.42,10,62.63
CELL_43931,Stem Cell,54.1,43,91.51
CELL_86416,Myocyte,98.85,44,70.55
CELL_34080,Myocyte,38.88,8,69.63
CELL_90656,Stem Cell,76.87,32,64.6
CELL_16438,Epithelial,62.03,13,57.77
CELL_68807,Myocyte,12.86,13,90.83
CELL_62215,Erythrocyte,74.38,12,84.62
CELL_45058,Leukocyte,44.89,24,92.43
CELL_24710,Epithelial,22.73,50,50.8
CELL_34664,Fibroblast,20.15,29,51.31
CELL_90222,Fibroblast,93.27,23,98.44
CELL_51731,Epithelial,119.33,22,53.38
CELL_45474,Erythrocyte,28.62,15,53.45
CELL_14298,Neuron,5.37,32,84.19
CELL_11430,Epithelial,30.86,23,74.83
CELL_50216,Epithelial,45.11,23,80.25
CELL_88441,Erythrocyte,67.82,22,77.86
CELL_99115,Fibroblast,100.71,29,89.94
CELL_29290,Leukocyte,27.63,8,72.44
CELL_54772,Stem Cell,36.5,50,63.97
CELL_65896,Neuron,112.28,20,61.38
CELL_15106,Stem Cell,70.98,38,88.06
CELL_68333,Myocyte,40.5,16,61.11
CELL_77535,Stem Cell,97.78,33,95.76
CELL_84858,Epithelial,53.46,44,64.01
CELL_12580,Fibroblast,50.84,33,87.5
CELL_20126,Neuron,19.74,19,74.28
CELL_89258,Myocyte,93.9,29,59.62
CELL_31735,Erythrocyte,119.01,6,67.23
CELL_25763,Stem Cell,90.06,10,94.8
CELL_78423,Erythrocyte,32.51,40,55.68
CELL_64270,Neuron,39.2,31,79.27
CELL_23512,Myocyte,88.87,40,84.99
CELL_55913,Leukocyte,111.91,39,76.86
CELL_26759,Fibroblast,89.71,23,90.1
CELL_34331,Neuron,53.43,26,53.75
CELL_35235,Neuron,62.75,9,79.42
CELL_56127,Erythrocyte,30.16,9,61.85
CELL_77465,Erythrocyte,96.04,19,62.34
CELL_24477,Erythrocyte,73.74,28,59.29
CELL_10593,Epithelial,19.65,15,86.23
CELL_69565,Erythrocyte,11.57,9,69.67
CELL_64436,Fibroblast,68.7,49,56.2
CELL_29021,Leukocyte,75.55,32,58.21
CELL_19492,Erythrocyte,65.35,23,98.53
CELL_47204,Neuron,37.92,40,75.73
CELL_73473,Myocyte,84.46,49,80.66
CELL_30415,Epithelial,71.68,38,63.14
CELL_11824,Myocyte,110.48,10,62.11
CELL_61533,Stem Cell,62.21,17,54.81
CELL_24307,Erythrocyte,83.88,8,68.74
CELL_68422,Erythrocyte,104.86,31,73.81
CELL_76385,Epithelial,36.48,25,75.94
CELL_41543,Neuron,77.26,19,68.8
CELL_46350,Fibroblast,110.9,32,67.48
CELL_76458,Stem Cell,96.13,15,53.13
CELL_71544,Epithelial,33.06,50,98.1
CELL_62934,Myocyte,81.29,39,53.25
CELL_61062,Stem Cell,47.09,26,98.06
CELL_35073,Myocyte,91.71,12,80.94
CELL_90641,Neuron,13.22,26,95.7
CELL_19915,Neuron,63.87,5,51.12
CELL_22411,Epithelial,70.93,36,80.14
CELL_25202,Fibroblast,64.53,46,71.74
CELL_27587,Stem Cell,90.93,7,53.7
CELL_49902,Erythrocyte,100.21,21,98.32
CELL_20571,Fibroblast,94.51,5,58.87
CELL_83031,Stem Cell,116.92,34,98.73
CELL_51531,Myocyte,73.51,32,52.31
CELL_72465,Erythrocyte,93.62,14,82.71
CELL_22275,Epithelial,50.74,8,92.51
CELL_95438,Erythrocyte,89.75,33,69.31
CELL_20693,Erythrocyte,97.36,15,97.84
CELL_67830,Stem Cell,102.7,27,87.27
CELL_58064,Leukocyte,94.82,6,99.54
CELL_11204,Epithelial,68.13,30,70.37
CELL_59245,Erythrocyte,5.58,13,67.91
CELL_92598,Myocyte,74.45,27,84.26
CELL_76824,Fibroblast,73.06,49,56.68
CELL_42624,Erythrocyte,24.31,34,99.45
CELL_35010,Epithelial,93.64,37,98.88
CELL_28600,Epithelial,82.51,6,88.83
CELL_53749,Leukocyte,113.58,36,97.33
CELL_68570,Neuron,107.13,31,92.54
CELL_83834,Leukocyte,13.33,24,66.62
CELL_34875,Neuron,5.92,49,74.79
CELL_20293,Epithelial,47.08,40,75.54
CELL_26785,Stem Cell,48.36,9,90.86
CELL_63200,Leukocyte,84.79,28,88.94
CELL_70305,Stem Cell,42.2,32,78.45
CELL_83238,Epithelial,7.16,19,73.59
CELL_16878,Epithelial,84.29,46,60.41
CELL_76536,Epithelial,66.31,39,75.22
CELL_68484,Stem Cell,23.84,42,71.9
CELL_29926,Neuron,7.34,34,60.48
CELL_62772,Stem Cell,103.27,16,50.91
CELL_35045,Neuron,52.46,42,97.49
CELL_10605,Fibroblast,94.29,10,55.23
CELL_38914,Erythrocyte,76.08,5,88.36
CELL_39571,Leukocyte,102.98,29,64.17
CELL_22052,Stem Cell,47.69,25,83.76
CELL_82955,Epithelial,10.14,48,86.65
CELL_54071,Myocyte,13.72,33,79.16
CELL_68676,Neuron,57.92,5,55.83
CELL_91905,Erythrocyte,64.75,18,97.11
CELL_16107,Fibroblast,48.19,47,98.63
CELL_56047,Fibroblast,49.23,44,65.98
CELL_94890,Stem Cell,45.68,28,68.56
CELL_45056,Neuron,100.43,28,78.16
CELL_14676,Myocyte,27.58,32,89.66
CELL_74494,Stem Cell,21.12,44,94.08
CELL_72872,Neuron,68.47,13,75.65
CELL_98484,Leukocyte,95.66,18,92.95
CELL_48780,Stem Cell,94.14,28,78.29
CELL_19761,Erythrocyte,84.02,28,84.69
CELL_47717,Neuron,84.02,43,97.02
CELL_79862,Epithelial,37.8,38,60.36
CELL_13956,Erythrocyte,119.43,22,84.29
CELL_33480,Myocyte,103.58,11,91.54
CELL_86696,Neuron,69.47,45,82.49
CELL_15653,Leukocyte,9.81,30,50.81
CELL_57019,Fibroblast,78.72,50,95.55
CELL_35951,Myocyte,84.15,14,94.79
CELL_85151,Fibroblast,117.88,32,56.15
CELL_49443,Neuron,59.88,30,94.92
CELL_99703,Stem Cell,70.55,34,74.54
CELL_33161,Neuron,105.97,22,69.39
CELL_93733,Neuron,54.53,19,91.18
CELL_71236,Myocyte,38.36,47,55.85
CELL_91228,Erythrocyte,36.3,27,75.25
CELL_50029,Epithelial,39.61,42,65.53
CELL_52425,Fibroblast,30.81,32,83.21
CELL_88754,Stem Cell,105.25,15,96.46
CELL_88807,Erythrocyte,111.57,19,69.39
CELL_14481,Fibroblast,58.79,37,60.39
CELL_41729,Fibroblast,72.7,32,93.55
CELL_60088,Myocyte,35.53,28,96.28
CELL_82130,Stem Cell,67.04,31,68.52
CELL_53097,Myocyte,7.54,13,89.11
CELL_57131,Leukocyte,65.68,35,78.58
CELL_74596,Epithelial,62.5,35,95.35
CELL_56032,Fibroblast,86.22,19,96.96
CELL_26433,Stem Cell,82.15,11,87.88
CELL_27945,Leukocyte,90.32,19,76.43
CELL_34087,Myocyte,43.91,30,57.74
CELL_20839,Leukocyte,105.53,16,93.85
CELL_15382,Leukocyte,110.04,45,71.7
CELL_46730,Myocyte,41.59,31,97.86
CELL_95164,Erythrocyte,6.59,41,73.52
CELL_49298,Neuron,119.68,50,52.69
CELL_84209,Leukocyte,69.63,33,91.38
CELL_31154,Myocyte,91.11,32,53.03
CELL_19925,Fibroblast,30.53,42,68.92
CELL_42005,Fibroblast,71.68,34,98.75
CELL_65503,Fibroblast,92.06,46,68.28
CELL_74498,Epithelial,27.13,35,50.87
CELL_50256,Fibroblast,90.97,49,70.75
CELL_97703,Leukocyte,50.23,18,67.68
CELL_89253,Myocyte,74.69,27,95.28
CELL_86483,Fibroblast,112.04,6,60.49
CELL_94111,Stem Cell,59.92,24,59.94
CELL_97515,Epithelial,20.8,38,90.25
CELL_55724,Erythrocyte,13.67,22,85.89
CELL_57912,Epithelial,5.5,33,66.85
CELL_94165,Fibroblast,71.66,41,95.93
CELL_56298,Neuron,19.51,25,67.72
CELL_43863,Epithelial,15.06,44,57.85
CELL_81847,Stem Cell,110.79,44,57.74
CELL_80234,Neuron,86.13,37,72.1
CELL_23010,Stem Cell,33.6,33,79.17
CELL_42115,Stem Cell,81.23,9,82.45
CELL_15496,Neuron,47.83,49,61.37
CELL_65556,Neuron,7.28,20,79.85
CELL_39921,Myocyte,86.84,18,74.17
CELL_12437,Fibroblast,91.79,50,67.01
CELL_42091,Epithelial,62.82,9,64.29
CELL_27577,Fibroblast,74.65,22,62.63
CELL_13110,Leukocyte,119.27,40,83.9
CELL_52836,Myocyte,13.7,21,77.4
CELL_33960,Leukocyte,108.35,27,81.05
CELL_30297,Stem Cell,107.34,7,83.52
CELL_60721,Epithelial,46.15,15,81.38
CELL_33635,Myocyte,93.18,21,63.17
CELL_47584,Epithelial,40.04,22,99.6
CELL_41827,Neuron,24.85,41,90.19
CELL_34606,Fibroblast,109.04,6,62.1
CELL_43582,Myocyte,65.9,34,77.89
CELL_57999,Epithelial,14.98,50,74.43
CELL_70336,Leukocyte,90.79,25,62.17
CELL_27328,Epithelial,99.69,5,90.08
CELL_12977,Neuron,27.86,11,75.25
CELL_62899,Epithelial,71.24,17,84.02
CELL_12041,Leukocyte,95.0,8,60.05
CELL_70940,Neuron,11.86,50,65.46
CELL_24509,Erythrocyte,61.97,25,58.05
CELL_53018,Myocyte,105.11,29,78.1
CELL_66013,Fibroblast,41.7,21,86.11
CELL_53251,Epithelial,113.76,16,97.0
CELL_23084,Fibroblast,65.29,17,93.33
CELL_10215,Myocyte,29.93,13,71.27
CELL_96056,Myocyte,29.93,31,82.59
CELL_91161,Stem Cell,89.53,46,77.45
CELL_82818,Stem Cell,94.92,27,57.84
CELL_46415,Leukocyte,101.18,24,53.33
CELL_54192,Myocyte,59.38,48,73.87
CELL_70418,Erythrocyte,100.89,13,94.06
CELL_60965,Stem Cell,6.85,37,87.74
CELL_85835,Leukocyte,56.45,8,50.85
CELL_77416,Myocyte,47.79,25,55.7
CELL_83958,Epithelial,27.76,36,90.79
CELL_95194,Myocyte,38.36,12,79.62
CELL_89496,Leukocyte,101.78,6,63.74
CELL_28642,Erythrocyte,100.83,33,82.42
CELL_51862,Fibroblast,66.26,10,59.75
CELL_57922,Myocyte,86.91,11,94.59
CELL_69637,Fibroblast,118.7,38,74.9
CELL_60455,Fibroblast,67.82,22,94.03
CELL_80030,Epithelial,23.57,43,50.15
CELL_27368,Myocyte,94.65,27,95.84
CELL_61535,Epithelial,21.21,20,65.1
CELL_83149,Erythrocyte,64.37,32,90.38
CELL_33515,Leukocyte,28.24,7,51.9
CELL_13132,Erythrocyte,18.92,17,69.84
CELL_58120,Leukocyte,40.91,14,67.39
CELL_55822,Fibroblast,66.15,8,86.06
CELL_52085,Erythrocyte,108.25,27,61.58
CELL_72108,Fibroblast,26.41,47,71.92
CELL_85731,Leukocyte,70.53,26,90.78
CELL_44834,Epithelial,26.22,37,54.76
CELL_21307,Epithelial,38.15,46,67.82
CELL_88599,Erythrocyte,24.5,17,56.44
CELL_36699,Epithelial,26.81,45,52.15
CELL_26668,Epithelial,107.57,13,85.98
CELL_20069,Myocyte,46.45,18,89.46
CELL_68747,Neuron,39.36,40,99.79
CELL_50654,Epithelial,23.32,47,94.07
CELL_77757,Erythrocyte,30.33,42,98.54
CELL_68686,Leukocyte,76.66,26,77.56
CELL_77508,Neuron,67.16,26,80.06
CELL_86931,Fibroblast,63.83,8,71.24
CELL_36449,Myocyte,27.92,18,70.63
CELL_91538,Leukocyte,8.02,8,79.66
CELL_55831,Epithelial,100.41,32,53.78
CELL_17941,Erythrocyte,57.95,34,50.21
CELL_82575,Neuron,42.76,7,79.65
CELL_31681,Stem Cell,84.61,13,77.1
CELL_97566,Erythrocyte,63.01,36,68.19
CELL_49016,Fibroblast,75.39,19,94.73
CELL_36852,Myocyte,57.92,37,91.0
CELL_26851,Stem Cell,78.76,18,64.72
CELL_36212,Neuron,61.28,23,79.39
CELL_93003,Leukocyte,101.41,14,85.87
CELL_35665,Epithelial,12.85,5,70.18
CELL_94427,Leukocyte,24.36,7,55.43
CELL_47052,Neuron,50.73,47,52.85
CELL_20900,Epithelial,17.68,47,98.87
CELL_33948,Neuron,98.49,44,70.32
CELL_54034,Erythrocyte,100.94,46,77.27
CELL_25874,Stem Cell,26.62,13,64.97
CELL_30464,Epithelial,32.47,25,99.21
CELL_60859,Epithelial,72.57,37,54.25
CELL_73245,Stem Cell,57.7,11,68.32
CELL_20426,Stem Cell,71.75,46,83.27
CELL_78135,Neuron,8.05,39,79.29
CELL_35129,Leukocyte,43.24,48,62.7
CELL_59712,Leukocyte,19.01,36,62.0
CELL_34089,Erythrocyte,29.06,48,98.66
CELL_62895,Erythrocyte,64.13,49,91.05
CELL_82222,Stem Cell,67.28,6,60.73
CELL_58602,Erythrocyte,17.42,44,52.24
CELL_53726,Stem Cell,76.4,12,64.51
CELL_12220,Erythrocyte,8.16,45,73.63
CELL_58269,Erythrocyte,113.91,44,91.97
CELL_87726,Epithelial,48.69,11,72.88
CELL_41153,Stem Cell,45.3,11,88.21
CELL_81699,Stem Cell,9.03,13,50.63
CELL_56226,Myocyte,72.4,11,93.19
CELL_44283,Erythrocyte,94.93,20,95.47
CELL_45054,Stem Cell,91.49,45,93.24
CELL_34386,Stem Cell,84.71,32,82.24
CELL_91074,Stem Cell,78.74,36,98.78
CELL_85290,Erythrocyte,119.22,14,76.87
CELL_32593,Fibroblast,20.57,26,91.66
CELL_64936,Myocyte,86.86,10,98.45
CELL_72647,Leukocyte,82.15,32,61.86
CELL_83579,Leukocyte,90.93,29,57.09
CELL_51702,Fibroblast,46.96,6,53.55
CELL_12239,Myocyte,30.61,13,96.58
CELL_39678,Fibroblast,102.93,12,91.68
CELL_97993,Neuron,12.01,46,69.18
CELL_67454,Fibroblast,26.88,45,52.98
CELL_36707,Fibroblast,81.92,33,68.08
CELL_22363,Erythrocyte,88.92,40,93.13
CELL_82422,Neuron,15.02,14,91.31
CELL_83710,Myocyte,81.4,34,73.11
CELL_85132,Neuron,95.3,21,63.9
CELL_95143,Stem Cell,83.08,31,82.52
CELL_50902,Epithelial,57.92,14,99.17
CELL_29249,Fibroblast,70.16,30,99.36
CELL_69034,Leukocyte,59.27,5,57.25
CELL_84007,Fibroblast,33.36,50,93.89
CELL_84827,Fibroblast,84.3,7,83.52
CELL_78104,Myocyte,7.98,35,86.69
CELL_39619,Leukocyte,117.52,9,66.03
CELL_74775,Fibroblast,65.76,34,63.5
CELL_38449,Stem Cell,31.4,12,85.91
CELL_80845,Stem Cell,104.9,46,57.63
CELL_98990,Stem Cell,81.67,46,58.09
CELL_92016,Neuron,91.26,37,89.67
CELL_30426,Myocyte,65.45,7,99.29
CELL_51605,Fibroblast,10.22,11,52.61
CELL_25365,Erythrocyte,16.39,21,66.42
CELL_49204,Myocyte,62.04,20,73.72
CELL_57589,Stem Cell,43.98,19,96.52
CELL_18918,Stem Cell,21.91,43,64.74
CELL_16475,Myocyte,43.61,21,71.67
CELL_97731,Erythrocyte,97.8,29,81.9
CELL_26858,Epithelial,57.81,22,92.49
CELL_12118,Fibroblast,16.61,47,57.3
CELL_72921,Neuron,91.65,13,96.0
CELL_52952,Erythrocyte,40.54,44,94.32
CELL_17397,Erythrocyte,110.38,25,84.36
CELL_71428,Fibroblast,25.27,23,56.38
CELL_20205,Epithelial,103.37,20,64.58
CELL_10509,Epithelial,21.88,20,77.38
CELL_61330,Erythrocyte,45.57,12,61.33
CELL_94468,Neuron,58.7,12,98.31
CELL_79891,Fibroblast,57.58,45,58.61
CELL_43419,Myocyte,57.36,39,66.31
CELL_61189,Myocyte,118.8,24,73.9
CELL_35432,Stem Cell,93.28,12,50.46
CELL_80404,Neuron,115.91,42,71.26
CELL_97944,Epithelial,42.66,50,81.28
CELL_76675,Stem Cell,12.18,5,95.92
CELL_87884,Erythrocyte,30.72,7,67.26
CELL_75458,Leukocyte,8.25,50,75.83
CELL_37517,Neuron,107.67,33,51.19
CELL_32290,Epithelial,66.04,49,90.78
CELL_29781,Myocyte,42.82,5,69.27
CELL_10606,Erythrocyte,86.18,16,70.81
CELL_82991,Erythrocyte,83.1,16,55.05
CELL_12026,Leukocyte,114.04,50,73.54
CELL_41259,Leukocyte,9.21,18,53.58
CELL_63309,Fibroblast,14.43,8,72.42
CELL_34900,Epithelial,8.54,48,59.72
CELL_43942,Stem Cell,25.05,33,92.61
CELL_62641,Fibroblast,103.42,44,69.31
CELL_68404,Neuron,76.66,48,90.01
CELL_93822,Erythrocyte,91.37,46,69.41
CELL_10910,Epithelial,112.98,19,77.42
CELL_93569,Myocyte,30.28,19,59.65
CELL_38083,Leukocyte,69.06,24,61.86
CELL_63849,Neuron,33.01,11,62.56
CELL_30983,Fibroblast,53.49,16,62.29
CELL_64730,Neuron,119.77,19,82.25
CELL_30929,Fibroblast,29.65,22,74.36
CELL_14624,Stem Cell,44.27,5,67.23
CELL_65827,Fibroblast,84.23,20,52.4
CELL_88264,Stem Cell,102.29,23,53.92
CELL_28310,Epithelial,38.79,13,82.05
CELL_23121,Stem Cell,11.08,35,75.57
CELL_43240,Epithelial,106.32,40,89.36
CELL_29304,Leukocyte,20.16,24,76.17
CELL_44796,Fibroblast,31.88,49,87.51
CELL_34440,Erythrocyte,53.08,29,73.4
CELL_10895,Stem Cell,44.01,50,57.19
CELL_52679,Myocyte,90.82,32,61.21
CELL_42599,Leukocyte,37.77,25,73.58
CELL_69610,Stem Cell,42.56,32,86.98
CELL_32419,Neuron,114.1,40,55.92
CELL_31431,Stem Cell,50.04,23,72.52
CELL_69839,Myocyte,46.29,30,69.99
CELL_47215,Myocyte,115.66,50,83.45
CELL_34907,Stem Cell,61.6,49,75.29
CELL_43527,Fibroblast,24.65,31,58.95
CELL_96451,Myocyte,93.53,37,99.13
CELL_71320,Myocyte,91.55,37,97.87
CELL_56512,Erythrocyte,55.45,37,98.67
CELL_55075,Myocyte,15.0,47,59.69
CELL_92399,Stem Cell,39.68,14,73.85
CELL_20912,Neuron,108.92,23,88.12
CELL_23315,Neuron,38.26,43,71.04
CELL_27625,Myocyte,97.15,10,50.31
CELL_11538,Neuron,49.5,24,83.22
CELL_19501,Epithelial,95.3,24,90.52
CELL_74794,Myocyte,94.27,30,55.21
CELL_86149,Leukocyte,35.93,20,96.26
CELL_54523,Leukocyte,58.37,35,88.8
CELL_20532,Erythrocyte,40.33,39,52.79
CELL_52294,Stem Cell,36.76,36,82.81
CELL_24343,Stem Cell,39.54,43,65.43
CELL_79367,Neuron,104.64,27,83.95
CELL_44606,Erythrocyte,68.29,24,56.12
CELL_41069,Epithelial,119.85,42,74.84
CELL_76518,Erythrocyte,76.97,7,74.99
CELL_24492,Myocyte,114.35,17,84.09
CELL_99397,Neuron,5.35,10,60.65
CELL_51646,Stem Cell,104.58,43,62.47
CELL_45722,Neuron,71.27,42,52.25
CELL_26976,Stem Cell,86.23,32,98.44
CELL_18370,Stem Cell,96.96,18,67.67
CELL_63079,Neuron,83.71,9,85.8
CELL_82691,Leukocyte,28.88,20,66.64
CELL_94674,Epithelial,48.36,14,72.39
CELL_93429,Erythrocyte,70.39,41,51.39
CELL_79515,Neuron,50.66,6,59.83
CELL_50360,Myocyte,100.37,21,83.89
CELL_42094,Epithelial,57.76,47,60.99
CELL_62338,Epithelial,113.53,25,60.08
CELL_76060,Stem Cell,13.72,10,63.27
CELL_21770,Erythrocyte,94.89,16,51.57
CELL_49646,Leukocyte,59.18,46,79.24
CELL_74101,Epithelial,9.21,20,71.18
CELL_28589,Fibroblast,95.07,46,81.4
CELL_84521,Neuron,50.58,30,90.0
CELL_99478,Leukocyte,83.63,13,98.01
CELL_87357,Neuron,66.38,21,94.15
CELL_95687,Leukocyte,63.41,24,88.99
CELL_95603,Myocyte,63.74,19,53.72
CELL_28637,Stem Cell,68.88,35,75.4
CELL_21611,Myocyte,26.52,28,83.11
CELL_12586,Myocyte,118.86,20,81.76
CELL_29393,Leukocyte,85.13,23,74.46
CELL_74682,Epithelial,106.59,8,65.14
CELL_11784,Fibroblast,118.85,42,96.07
CELL_15361,Neuron,53.71,18,81.77
CELL_46478,Epithelial,83.03,22,50.92
CELL_79762,Fibroblast,98.45,42,73.29
CELL_87314,Epithelial,106.95,18,79.03
CELL_71503,Myocyte,55.06,12,66.53
CELL_65962,Myocyte,60.35,15,53.22
CELL_91890,Stem Cell,69.71,21,58.93
CELL_53634,Epithelial,118.55,8,62.91
CELL_86219,Myocyte,22.59,37,92.15
CELL_74003,Stem Cell,26.4,16,63.69
CELL_26258,Epithelial,118.79,24,54.83
CELL_63595,Fibroblast,108.3,46,66.48
CELL_81277,Fibroblast,71.22,5,57.21
CELL_61816,Myocyte,55.51,46,80.65
CELL_93679,Erythrocyte,6.94,28,83.72
CELL_61537,Leukocyte,90.21,5,82.95
CELL_97883,Neuron,118.96,12,68.74
CELL_39402,Neuron,112.89,7,50.8
CELL_30766,Leukocyte,69.91,22,77.08
CELL_87532,Erythrocyte,97.53,37,95.1
CELL_21359,Neuron,8.82,18,70.17
CELL_98371,Stem Cell,8.58,10,87.12
CELL_18427,Leukocyte,49.14,7,53.34
CELL_32098,Erythrocyte,52.2,27,86.44
CELL_28145,Neuron,15.48,47,71.99
CELL_29562,Stem Cell,97.32,30,98.06
CELL_12351,Stem Cell,5.77,43,99.81
CELL_70478,Fibroblast,52.38,23,80.42
CELL_28639,Neuron,23.87,21,91.65
CELL_59487,Leukocyte,107.94,33,54.8
CELL_91403,Myocyte,75.72,7,57.53
CELL_15908,Erythrocyte,65.01,10,58.97
CELL_66241,Neuron,28.99,25,86.63
CELL_49697,Myocyte,64.74,50,56.57
CELL_94111,Myocyte,116.88,21,55.79
CELL_91121,Neuron,60.45,20,60.31
CELL_28215,Fibroblast,63.34,10,69.93
CELL_84234,Erythrocyte,28.46,19,69.59
CELL_68173,Neuron,67.99,11,63.45
CELL_40164,Neuron,88.1,15,98.94
CELL_56021,Fibroblast,5.46,21,80.69
CELL_24825,Myocyte,94.59,43,73.8
CELL_88613,Leukocyte,96.71,44,60.76
CELL_84701,Stem Cell,15.19,29,93.93
CELL_27189,Erythrocyte,106.25,21,62.2
CELL_61692,Myocyte,114.55,39,80.87
CELL_89111,Fibroblast,102.11,41,58.89
CELL_47508,Leukocyte,67.39,20,64.54
CELL_78643,Epithelial,12.33,7,64.37
CELL_19287,Leukocyte,15.49,49,74.45
CELL_14679,Fibroblast,83.18,34,64.05
CELL_21181,Leukocyte,52.3,32,84.97
CELL_83168,Fibroblast,82.68,9,92.76
CELL_10134,Fibroblast,20.16,15,91.19
CELL_76611,Stem Cell,106.57,7,80.49
CELL_66154,Neuron,23.42,34,51.85
CELL_31627,Myocyte,37.81,5,78.81
CELL_19032,Stem Cell,93.44,40,51.84
CELL_39125,Leukocyte,54.74,15,74.22
CELL_58439,Leukocyte,64.79,22,73.1
CELL_96700,Neuron,78.29,28,72.15
CELL_60950,Stem Cell,57.35,25,71.78
CELL_60757,Myocyte,61.83,38,61.55
CELL_41894,Neuron,7.45,5,64.59
CELL_45577,Myocyte,67.19,46,54.11
CELL_52981,Stem Cell,106.15,42,74.13
CELL_50527,Erythrocyte,24.31,45,78.22
CELL_62817,Erythrocyte,9.77,50,91.27
CELL_52886,Erythrocyte,12.83,39,91.05
CELL_92994,Epithelial,51.95,46,95.54
CELL_29518,Neuron,98.5,5,75.28
CELL_80367,Stem Cell,85.21,47,57.1
CELL_91488,Erythrocyte,18.58,13,67.26
CELL_99034,Fibroblast,21.4,40,71.38
CELL_19505,Erythrocyte,86.61,17,58.52
CELL_78191,Neuron,80.22,7,98.79
CELL_28397,Erythrocyte,119.38,28,81.79
CELL_32500,Erythrocyte,40.59,47,53.06
CELL_87865,Epithelial,110.43,23,52.51
CELL_47839,Neuron,60.18,10,85.37
CELL_69728,Leukocyte,61.05,15,59.99
CELL_54901,Erythrocyte,109.39,39,86.8
CELL_62750,Fibroblast,107.59,32,93.46
CELL_78396,Leukocyte,111.24,16,97.5
CELL_38304,Leukocyte,25.41,30,74.36
CELL_23972,Erythrocyte,15.57,15,61.9
CELL_96829,Fibroblast,68.79,38,65.86
CELL_17023,Myocyte,94.37,22,79.44
CELL_58033,Leukocyte,52.93,11,79.17
CELL_26088,Myocyte,71.22,26,63.03
CELL_30272,Erythrocyte,96.67,48,56.65
CELL_61840,Neuron,111.87,30,84.17
CELL_58459,Leukocyte,77.37,22,82.07
CELL_77067,Epithelial,45.79,43,63.12
CELL_77990,Epithelial,100.74,38,58.55
CELL_38322,Erythrocyte,111.6,18,79.39
CELL_71312,Myocyte,34.12,31,75.37
CELL_21625,Erythrocyte,87.79,28,73.33
CELL_55461,Stem Cell,6.03,37,66.66
CELL_21524,Neuron,56.33,29,75.92
CELL_23098,Epithelial,61.47,38,93.09
CELL_75756,Stem Cell,97.43,14,86.83
CELL_22332,Epithelial,28.39,37,57.01
CELL_20620,Erythrocyte,32.89,18,81.2
CELL_65579,Leukocyte,53.73,12,93.48
CELL_84043,Stem Cell,25.24,45,62.41
CELL_10637,Fibroblast,96.12,24,97.16
CELL_86206,Erythrocyte,85.0,24,78.94
CELL_30241,Leukocyte,118.38,45,92.51
CELL_13148,Leukocyte,52.74,15,73.17
CELL_77658,Myocyte,14.53,23,77.11
CELL_94460,Myocyte,25.7,5,95.26
CELL_14161,Fibroblast,69.43,16,65.78
CELL_24116,Neuron,90.69,7,95.39
CELL_57720,Stem Cell,49.78,27,94.82
CELL_92960,Neuron,24.03,35,59.65
CELL_14295,Myocyte,59.57,46,89.37
CELL_75554,Myocyte,117.34,6,54.25
CELL_53315,Stem Cell,20.94,40,91.87
CELL_52157,Erythrocyte,32.98,45,76.4
CELL_36223,Leukocyte,16.0,44,52.72
CELL_63344,Neuron,38.32,35,86.92
CELL_59196,Erythrocyte,28.5,29,99.74
CELL_31531,Epithelial,6.41,5,52.25
CELL_33058,Neuron,54.21,6,79.42
CELL_80838,Fibroblast,75.61,13,86.72
CELL_12626,Neuron,64.57,46,96.87
CELL_77013,Fibroblast,64.42,16,65.52
CELL_43322,Neuron,118.87,14,81.46
CELL_68940,Epithelial,87.0,11,67.69
CELL_61906,Epithelial,75.84,44,97.42
CELL_78025,Leukocyte,16.78,15,81.79
CELL_61624,Erythrocyte,11.79,40,54.29
CELL_20307,Myocyte,102.65,17,83.58
CELL_77531,Leukocyte,13.78,48,98.29
CELL_33180,Erythrocyte,96.31,13,66.79
CELL_42906,Neuron,102.59,45,93.11
CELL_72241,Stem Cell,47.83,6,57.61
CELL_15614,Stem Cell,116.25,18,96.61
CELL_80214,Stem Cell,48.31,23,81.92
CELL_96268,Myocyte,8.34,14,87.23
CELL_29933,Myocyte,10.13,13,51.07
CELL_70992,Leukocyte,66.17,35,84.14
CELL_53143,Epithelial,59.07,14,60.07
CELL_55657,Fibroblast,51.53,43,85.33
CELL_10290,Stem Cell,7.02,22,90.81
CELL_43191,Stem Cell,88.3,18,60.58
CELL_71797,Neuron,27.68,20,84.59
CELL_22766,Epithelial,101.58,7,51.6
CELL_26738,Fibroblast,37.65,37,84.33
CELL_24326,Fibroblast,119.9,13,63.13
CELL_32971,Stem Cell,46.35,40,83.07
CELL_98663,Stem Cell,81.84,11,55.83
CELL_49662,Neuron,106.25,33,92.98
CELL_59432,Erythrocyte,9.27,17,68.67
CELL_46240,Epithelial,109.08,6,96.6
CELL_95064,Neuron,44.83,19,52.78
CELL_89958,Leukocyte,10.52,21,70.09
CELL_87894,Stem Cell,66.5,13,91.44
CELL_98470,Epithelial,22.07,20,93.9
CELL_38101,Myocyte,54.68,37,93.66
CELL_34505,Leukocyte,66.18,34,78.38
CELL_87693,Erythrocyte,55.49,46,75.06
CELL_84925,Fibroblast,48.63,45,77.29
CELL_85023,Fibroblast,67.53,37,76.34
CELL_45721,Leukocyte,119.49,39,74.25
CELL_51236,Epithelial,47.2,40,86.01
CELL_56602,Epithelial,58.97,36,88.6
CELL_96657,Myocyte,103.68,39,72.02
CELL_87377,Fibroblast,93.28,43,57.84
CELL_95866,Myocyte,14.08,49,96.0
CELL_29510,Fibroblast,53.36,13,79.08
CELL_32629,Leukocyte,27.21,25,77.35
CELL_61692,Myocyte,102.35,35,62.45
CELL_31089,Stem Cell,21.58,32,73.73
CELL_13892,Stem Cell,52.12,40,51.19
CELL_40781,Erythrocyte,9.0,36,83.47
CELL_83213,Myocyte,14.38,9,95.93
CELL_80128,Neuron,33.18,13,99.31
CELL_84628,Fibroblast,79.56,15,58.47
CELL_47433,Leukocyte,83.61,40,89.98
CELL_39737,Epithelial,44.88,35,56.67
CELL_50422,Epithelial,12.81,22,75.85
CELL_30591,Erythrocyte,97.96,28,59.18
CELL_76558,Fibroblast,99.53,43,85.12
CELL_88927,Fibroblast,10.63,42,77.95
CELL_18273,Neuron,12.88,11,74.91
CELL_98524,Neuron,33.34,6,83.23
CELL_29965,Stem Cell,38.58,41,90.5
CELL_62960,Myocyte,107.67,21,51.71
CELL_71079,Leukocyte,52.68,48,60.94
CELL_58867,Fibroblast,62.03,44,58.58
CELL_48849,Myocyte,117.69,35,66.89
CELL_56805,Neuron,14.5,42,60.52
CELL_67948,Epithelial,62.72,32,82.61
CELL_34026,Erythrocyte,55.3,35,59.61
CELL_87857,Erythrocyte,115.43,10,98.7
CELL_48930,Myocyte,40.32,17,99.02
CELL_42007,Fibroblast,81.9,40,71.83
CELL_19608,Neuron,49.38,42,68.16
CELL_81613,Erythrocyte,7.09,32,96.66
CELL_33823,Erythrocyte,99.61,38,95.67
CELL_40647,Myocyte,40.66,13,61.44
CELL_33871,Leukocyte,39.83,22,63.23
CELL_90671,Neuron,61.39,44,61.57
CELL_34268,Leukocyte,39.16,30,63.95
CELL_66067,Myocyte,47.65,31,90.12
CELL_10681,Fibroblast,55.42,27,73.53
CELL_35507,Myocyte,73.49,34,98.46
CELL_49361,Leukocyte,41.25,16,50.24
CELL_14478,Fibroblast,52.1,7,81.69
CELL_68920,Fibroblast,97.74,10,75.25
CELL_34380,Epithelial,23.12,12,50.47
CELL_58653,Erythrocyte,80.21,23,57.9
CELL_86066,Leukocyte,77.0,50,56.07
CELL_42621,Fibroblast,42.47,50,57.73
CELL_64454,Leukocyte,36.22,35,92.14
CELL_93880,Erythrocyte,70.12,20,67.88
CELL_84366,Epithelial,36.99,11,89.79
CELL_18479,Neuron,86.53,34,73.97
CELL_59408,Epithelial,30.4,8,62.37
CELL_74865,Stem Cell,117.0,44,92.05
CELL_55122,Epithelial,40.19,31,91.03
CELL_47432,Stem Cell,119.02,18,93.34
CELL_17618,Stem Cell,18.96,6,96.01
CELL_18466,Erythrocyte,108.94,17,83.9
CELL_61536,Fibroblast,98.48,45,96.63
CELL_31989,Neuron,8.81,21,93.72
CELL_90998,Stem Cell,93.88,12,73.01
CELL_41975,Neuron,79.91,40,60.12
CELL_12251,Epithelial,10.59,50,94.38
CELL_29333,Stem Cell,56.29,34,79.17
CELL_27352,Erythrocyte,116.1,46,67.24
CELL_61125,Myocyte,91.93,8,51.52
CELL_85578,Myocyte,96.69,14,72.12
CELL_80494,Leukocyte,36.75,15,78.99
CELL_71139,Stem Cell,66.41,44,83.11
CELL_11575,Epithelial,18.56,8,93.03
CELL_40174,Erythrocyte,74.11,10,58.76
CELL_42063,Fibroblast,12.01,34,95.21
CELL_21932,Stem Cell,35.64,38,73.84
CELL_42351,Myocyte,27.4,20,67.03
CELL_74062,Myocyte,114.98,28,50.76
CELL_63656,Stem Cell,95.75,7,80.44
CELL_55104,Epithelial,45.7,11,79.8
CELL_42656,Neuron,91.49,18,97.1
CELL_33125,Erythrocyte,99.32,47,65.35
CELL_69149,Leukocyte,91.14,41,62.88
CELL_67877,Stem Cell,29.07,48,85.28
CELL_54804,Myocyte,69.62,41,61.78
CELL_36140,Neuron,45.72,38,64.96
CELL_93442,Myocyte,72.37,38,60.88
CELL_23039,Erythrocyte,49.19,12,73.49
CELL_12924,Stem Cell,7.53,26,63.29
CELL_57708,Epithelial,63.75,50,60.16
CELL_57020,Leukocyte,106.9,42,53.25
CELL_95684,Erythrocyte,32.05,5,59.11
CELL_94323,Stem Cell,32.87,16,64.1
CELL_87629,Myocyte,44.56,41,59.8
CELL_21494,Erythrocyte,21.6,48,82.44
CELL_17644,Stem Cell,39.95,31,59.73
CELL_54153,Stem Cell,30.82,40,51.57
CELL_97664,Erythrocyte,56.47,9,90.58
CELL_65785,Myocyte,96.4,46,70.9
CELL_26878,Leukocyte,82.33,7,97.31
CELL_99515,Epithelial,34.46,7,58.65
CELL_73073,Neuron,102.81,10,50.98
CELL_45132,Neuron,91.52,25,97.1
CELL_50311,Epithelial,24.89,43,92.69
CELL_87595,Erythrocyte,41.39,22,52.82
CELL_42464,Myocyte,68.43,42,50.71
CELL_84949,Myocyte,50.5,46,87.66
CELL_79552,Neuron,55.47,39,72.23
CELL_97374,Leukocyte,106.48,5,80.28
CELL_76319,Myocyte,13.14,13,89.31
CELL_77032,Myocyte,59.35,43,88.47
CELL_21471,Stem Cell,70.43,27,99.48
CELL_76734,Erythrocyte,13.75,49,86.63
CELL_89217,Fibroblast,93.04,33,86.18
CELL_47770,Epithelial,113.7,20,53.02
CELL_48863,Leukocyte,55.49,7,66.69
CELL_91485,Epithelial,104.17,15,62.21
CELL_74521,Stem Cell,99.54,27,60.6
CELL_99802,Epithelial,69.4,9,71.29
CELL_22238,Leukocyte,96.71,33,78.91
CELL_15359,Myocyte,84.51,8,67.2
CELL_51176,Stem Cell,62.81,21,82.78
CELL_14141,Stem Cell,43.59,45,59.61
CELL_20172,Myocyte,31.0,26,64.18
CELL_76192,Myocyte,63.41,34,61.17
CELL_68633,Erythrocyte,113.88,20,54.82
CELL_27028,Fibroblast,45.88,43,73.08
CELL_27856,Leukocyte,26.81,17,58.06
CELL_81284,Fibroblast,31.04,15,74.99
CELL_82206,Fibroblast,23.29,7,96.12
CELL_75415,Epithelial,43.63,38,90.74
CELL_68255,Leukocyte,54.91,49,62.77
CELL_51145,Stem Cell,90.9,31,62.77
CELL_81171,Neuron,6.67,12,64.77
CELL_29139,Stem Cell,26.18,45,66.29
CELL_28937,Neuron,24.34,11,92.13
CELL_55785,Leukocyte,23.52,49,56.28
CELL_28868,Neuron,48.32,26,75.31
CELL_87945,Stem Cell,11.26,45,83.57
CELL_43759,Neuron,107.85,17,70.83
CELL_78363,Stem Cell,78.6,16,81.93
CELL_48596,Neuron,47.83,20,92.27
CELL_83138,Erythrocyte,117.25,14,55.07
CELL_26406,Neuron,20.59,40,91.49
CELL_18104,Fibroblast,10.58,41,72.93
CELL_14567,Myocyte,76.76,25,73.97
CELL_37692,Leukocyte,73.47,33,59.2
CELL_71374,Stem Cell,101.92,43,81.66
CELL_64400,Neuron,112.28,13,68.71
CELL_63533,Myocyte,28.4,26,92.99
CELL_46696,Neuron,30.77,26,74.55
CELL_46656,Fibroblast,14.09,17,75.12
CELL_34010,Erythrocyte,99.12,34,85.18
CELL_90775,Leukocyte,110.88,17,61.07
CELL_71298,Leukocyte,96.92,7,93.39
CELL_53855,Leukocyte,114.74,40,68.7
CELL_93085,Leukocyte,11.89,45,74.59
CELL_27461,Fibroblast,83.02,8,81.3
CELL_83764,Neuron,113.8,46,65.3
CELL_79600,Neuron,108.39,43,51.29
CELL_40003,Myocyte,58.26,8,99.42
CELL_18583,Neuron,21.53,17,52.12
CELL_65826,Epithelial,8.6,48,70.09
CELL_73920,Myocyte,102.97,31,95.86
CELL_70324,Leukocyte,63.22,13,84.16
CELL_99681,Fibroblast,34.83,36,58.47
CELL_45768,Myocyte,34.38,44,57.26
CELL_12217,Fibroblast,51.87,41,95.51
CELL_98354,Erythrocyte,16.08,32,81.79
CELL_75752,Leukocyte,87.7,15,87.73
CELL_44849,Myocyte,119.58,48,94.81
CELL_25894,Stem Cell,87.16,5,74.35
CELL_89318,Myocyte,64.52,35,56.51
CELL_95520,Myocyte,7.78,41,76.91
CELL_20963,Myocyte,33.57,34,73.81
CELL_55208,Myocyte,97.58,42,77.46
CELL_15125,Fibroblast,61.64,7,82.1
CELL_62843,Neuron,57.79,24,75.64
CELL_28282,Erythrocyte,98.27,37,61.12
CELL_68268,Myocyte,90.69,40,54.05
CELL_41686,Myocyte,62.66,8,66.79
CELL_40233,Neuron,80.39,11,55.97
CELL_63652,Neuron,28.13,50,75.14
CELL_59698,Neuron,96.29,9,57.78
CELL_53817,Leukocyte,12.7,41,76.77
CELL_81896,Fibroblast,7.46,21,53.42
CELL_10765,Erythrocyte,48.2,25,85.43
CELL_96682,Fibroblast,23.76,15,77.54
CELL_54298,Leukocyte,50.22,42,80.55
CELL_48949,Neuron,45.83,23,95.77
CELL_72672,Myocyte,101.1,22,67.97
CELL_81177,Myocyte,67.5,44,87.61
CELL_13531,Fibroblast,54.66,39,59.99
CELL_60697,Leukocyte,26.09,37,53.27
CELL_68065,Fibroblast,30.69,48,52.17
CELL_83180,Myocyte,9.4,48,96.24
CELL_83718,Leukocyte,92.31,22,50.83
CELL_81773,Stem Cell,5.09,41,52.23
CELL_98511,Myocyte,19.29,46,79.18
CELL_18278,Fibroblast,63.64,32,95.01
CELL_59474,Leukocyte,114.57,16,79.66
CELL_10557,Neuron,67.75,46,56.35
CELL_25813,Leukocyte,86.75,42,92.63
CELL_77488,Stem Cell,107.06,33,90.17
CELL_38996,Leukocyte,51.56,37,62.17
CELL_43590,Neuron,73.88,26,93.33
CELL_26496,Myocyte,111.17,6,79.66
CELL_26490,Fibroblast,20.71,37,76.87
CELL_12473,Epithelial,75.94,12,92.92
CELL_26238,Stem Cell,66.24,33,80.73
CELL_78504,Epithelial,84.43,33,90.57
CELL_49148,Neuron,12.03,6,53.26
CELL_22592,Stem Cell,29.26,19,74.52
CELL_37402,Leukocyte,112.23,21,66.27
CELL_31151,Epithelial,26.66,41,61.4
CELL_74996,Neuron,55.16,29,74.12
CELL_53740,Leukocyte,100.69,11,98.11
CELL_12732,Leukocyte,98.13,41,74.74
CELL_81588,Myocyte,106.5,12,82.39
CELL_90088,Erythrocyte,69.39,17,58.52
CELL_37869,Erythrocyte,113.11,29,70.02
CELL_16610,Epithelial,37.5,21,66.02
CELL_46088,Neuron,77.58,9,90.2
CELL_35311,Epithelial,17.31,34,91.76
CELL_49529,Fibroblast,74.63,14,87.09
CELL_15838,Neuron,7.96,48,85.33
CELL_35931,Leukocyte,61.05,40,96.63
CELL_20195,Epithelial,89.66,20,70.97
CELL_26152,Leukocyte,54.39,21,65.39
CELL_31677,Erythrocyte,96.69,5,59.6
CELL_77793,Epithelial,75.04,7,54.59
CELL_84357,Myocyte,16.55,24,64.87
CELL_63303,Fibroblast,12.24,25,69.36
CELL_47163,Leukocyte,41.37,46,62.17
CELL_53029,Leukocyte,97.86,33,85.04
CELL_23691,Fibroblast,108.34,22,53.61
CELL_37212,Myocyte,83.41,49,50.34
CELL_22758,Erythrocyte,21.25,50,78.5
CELL_11457,Neuron,112.96,41,97.0
CELL_53999,Neuron,38.18,29,78.99
CELL_22449,Epithelial,84.66,43,58.79
CELL_75573,Myocyte,69.48,19,89.01
