sequence_id,sequence,length,gc_content,source_organism
SEQ_710547,GCGTTTGGCCTGGCTCCTGATGTAGGGTTGCATCCGCGTGACTGCTCGTCAGAGGTCAGGGTCCCTCAGTTCAATGTCCGTTCGTCAGAAAGATCCACGAATGGGGTCAGACCCCTTCAATGCATCCTAATCCCAAGCTGCCACCTTCAGCCCCCGAATCTGTTACTCCACACGCGTTAAGTATTTAGTCGTTCGGGATTGCGGGCTGCAGCATCTAACGTGCGGCGTATATCATTATCACTAAATTGAATGCATTCGCACTCATATTAAAGTCTTTCCCAAGATTTGGCGCCTTAGTCAGCGATTCCGCTTATGCTACGTGCAGTCAGACTCGCTTAACGCGAACTGTGAACCAGGCTCAACGTCGCTCCACGGACCTAGCTCTAAACCACGTTCCGAGGCTGAAATCATCGAGTTTCGCATCTTCGTGGGGTGGCTCAGCGTACCACTAGGCCTTATATACGCTCCGGAAACCGGTGGATAACCGTTATTTCCGGACTAACTATTTGAGGACAACTTCACACGTTACGTGTGATGTAGATGAGACAGGCTGCTTCCAAGGTTTTGTTCATCAGGAGGGCTCTCTTTGGCCCTACAGCTATCGTACATCCACATACAGAGACCCATGCGCTCTCAATTTCTATTCTCAAGGACACAAAGTCTTAGAAAGCGAGTCAATGGGGCCCAGGGATGGCAAAGCACCGACAAGGGCGTGGCACCTGCTGATCAATAGGGTGAACTGAGGAATGCGATAGGCTACCGATAAGCCTCTCTTAAACCTTGCCGAGGGATACTGTCGCTGATATTACTGTCTTCTATCGAACGCCTGAAGGGCCGTAAAAGGTTGCCCCGTCCCGGACCAGTGCGGTGGACCAATCCCCTAAATACTGTGTGGGGCCTTGCTAGGTAATCCGCCCAACAAACCGTCTCGGTTTAAGTAACTGGTACGCTTAAGAAGGAGTTGAGTTCGCTACGCACCGTTGTGACTCAGCGTATAGCCACGGCAAGCGGTTGTCAAGCCTAGGGAAATATTTAGGTGACCGGCCTTAGGTTTGGTAACGACGTCATGTCACTCCGGTGATGGATGCGCGTTTGGGTCAAGATTTCGTAAATAGCACCTTACCGAGGGAACTTACATCCTAACGTGCTATATACGAATTACAGAGGCCTGCCCTCTCCGAAAACGACTGTAAAAGTTCCGTTGTCGTACCCAGCCCAGAGATGCCTCATTCGAATCTCCTAGTCTCATCTATACTCTCTAGCACCAGGCAACCTCAGGACACTCCC,1287,51.05,Drosophila melanogaster
SEQ_210209,GTCTGGAAGGCGGCTTTGAGGCGATCCAGCTTGTCGTAGACCGAGTGTTCGCTTTCTTAAAATGTGGCTGCACTCAAGATATGAATATAGCCAGCTCATCAATCTAATTAATGTGCGAAATAGCATCAAAGGCGGCGGTCATCGCTGACGCGTAACGTTGGGGTCACTCCGTCATCAACTATCCGCTCACTATCATAAACTGTTTAAATAGTTCCTGTTATCATATTGCGCGTGTTCTCTCATCTGTTTAATTTAAACGTAGTCCATCGGCAGCCCCCGCTTAAAGCTAGCGTTGGAACTTGCATCTATTTGTACCATTTCGTCTAACTAATCCTATGGTCCAGCGGATATTGGCAACACACTTTTCGCGGGTATTCCAGCCACGTTTTTAGCTTGCGTTGCTCACTGTGTCACTGAGACGTAATATTTCATACTTAACTGATCAAGCGATAATTGTCTCTCTTAGGCGCTATGACATCAGTACCTGAACACGAGGAAGTGCCCTCACCTTGCGCTACCGCCCGTAGTATTTTCGGAACAGTTCTGAACTACCGCTATTTATGCATCAGCACCCCGGGGTAGTACCAGATAGAAACCCAAAATAATTGTTTAGTGAATAATTCACTTAACTCGGATAATGTCAGTAACCGTCGAGGTTCTTCTTACACTATTCGGCATGGGTGTCAGCAGATCCTGGGTCCTCCCAATTACAAGCCGATAGTGGCAGGGATACCTAAACCGATCAAGTGGACTCTATCTCCCTACTCCTCTCAAACGGCCAGCACGCGTCCTCGTTTTCCCAATCACTACGTACTAGTGAACTTCAACCCGCGAAAGCCATTACCAAAAAAGAGAACTGGTACTTCGACTCGCCTTTAGTAGTGCTGCCACTCGATCGCGATTAAACCATACTTTCAGTGTTTAGCTCTGTCTCAGGAACATGTAAAGAGAGTCAGAACCCTACAGTATCA,971,45.83,Mus musculus
SEQ_365087,GGGAATTTTCTAGTGCAAAGTTTGCACCAGTCGGGAGTGGCATCAATTGCACAATTTCATTACGTTTAGCTGGTCAAGATACTTTTCAGCCAAATTTTGTTTGACAGGGACCTTCTTTGTCCGCTCTAAGTGCGCAAACAATGACTAAATGCGTAGTGAGATAATAAGAGTTTCCGATGCCGACCCGGGAAATCTCAGTTCAGATGTGAACTAAAATAATCTTTACTAAGAACGGATCGCGAACGATCACTCGGGTGTACTGATTTCCAAGGTCTACTGGTAAGATTTGGTAAAAGCACGGCAATTTCGGCATACCGGCTACCTAGAACCTTAAAAATCCATCCATTCTCGGTTTACGCCAGCTTGCATAAGAAAGTGGAAGAACTTTTCCGAGTAAAAAATAGCTTAAGGCTCCCTTACGCCAGCCACTAGTGTTGGCACCGGCTGGGGTTTTGGAAGCCGGGCAGAGGTGCTCTCGGGAGATTCGCGGTGTGAATGGGTAGTTGAACGTGCGCGACACCCGTCCGTCCCACCAATAGTAACACATCAATCTCCGCACGCTGCATCAGAAAGTCAGTCGCAGATAGTCCTCCAACTCGCGAAACTCTATATGTGCACTCCGTGTGTGAACCTAAGCGCACTGCCTGTTTGTATCATTGTAGGTTTAAGTATAAGATGGGATACACGTAGCCGGAAAGAGTTGATCTTAAACCCATAAGAGCGGGCCCTCGCATGATTTCAGATGGGGACTGATCCCATGGCTGCATCTATAACGCTCATCAGCCTTTTAATCGCTCTCTGGACCCGTTGGTGTCACAAAAAGCAGCCAGCTTCCACTCGGTGGTAGTAGGTAGAGGTCATCTTTTGGGGATAGAGACGTGTAGAGCAGATATAGAGCTTTCATGAGCCGCCCGTGACTATAGAGTTTTCCCACTTATGGGAATGTGGTTCTGGTATAGGGGCCGCGGAACAGCAAAGGGCGCGCCTCTAAGGCCTTCCTGGTATGATGACGGCCAGTGGGTATGATAATTCAGACTTTCCATTGAATCTGCGCACAACAATAACGAGGAGATAGATTTACTCGTTACAAGTCTCACCGGTATGGGTCACGTGGACAGTTTCGCCACGCTAGTTTCCCGATAAGCATACGGAGGGCATACGCCCGCAGGCCTAAGGCTCATACGTTCAGATTCAGGCAGAGTTTAGCCTGCAATTATCGCGTATTTTTGGACACTTCCCATCAGCCGGGGCCCGAAGTGACAGCGTGGCTCCGATCAAGGTCAGAGGGAAAGGTATGCGGCATATGACAAGGCCTGTGTCACAAACTGTCGTGGCTGATACAGCTCCACCGAAAGACTATGGAAAATACGGCCCTGCGATGTACGGACAAGTCGGGTAACGGATGGCCGCTGTAAACCATACTCATGAGGCCGTCCCCCGGGGGGCAGGGCAGTGCTCAAGTTGTCCATGTTAGTTCTATGCGCAAACTGCGTTTCCTTTTAATGTTAAA,1510,49.21,Drosophila melanogaster
SEQ_852530,TATATATTTAAGCAGCTTGTATCCCCTCCTTTTGGCGTGTCGCTGCGTTATAGGGACGGGTCAATCACACATTTAGTCTTGGGGAGTTGTCTCCCCGGAACATCCGCACATGGTAGCTGAATGAGGTACCAAGCACTTCCAGGTGCTACTTAGTAGGACTTACTGTAGCAGAGATCCCGATCTAAACACGCTGTGCAGTTCAGTCGGTCGGCCCGAGCACCAGCGCGGTGCCACCTTGACTTCCCCCAGCGTCGCGTGGTAGAGAAAAAGTAGGGGGTGGCACTAGCATCAACATGGCAGAAGCAGACTCTTTTGGATCTACCAGAGAGGACGAAGTACGGAGGGTGTAGGTTGAAACTGCAACTAAGAAACACATCATTAGATTATTCAGTCGGCTCTCTGTATCCGAGGGCGGACGAGCGACTGCAAGGGGACGTAGTCGTCGATTGTCACCGATCGTTACACTAGAATAGCATGCCCCTATGCGTTGACGGTGGCGGAACAAGAGACAGGGGATTTGCCGGCCACTGGGCCGAGCAACCCCCAACCTGTTGATCCATTCGCCGGTACAGGATGTTCTTAAAGTTATTTATACCCCCCGCTTCACCCGTATATTGCTAATTGCCGATGTGCACGCGTCCCCTTCATCTTGTGGGTGCAGAGTTTCTACTTCGGTCCTGGGTTTAAGGACACTGGACTTAATAGCGAATAAAGTGAATTGTTGGTGTAGACATATATTAGCTCGGCTACACTGCATTGACTACAAAAGATTTACTTTCTAGGTCACGACTGATTATCAAGGAACGGTTGGAACCCTACCGAGTCCCCGGTTGAGGCTTTACGCGTTGACAGTTCATCCTTAACGGTGCCGATCCCTGATCGCGTCCGAGAATCACATAGAGAAAGCCGACTGAACATCGTTGTCTATGCCATCGGTGGTCGTGTCATAAACCCCCATCGGGGTCCATCCCATATTTGCCTCCCTGCTTTGGTGCAGGCGCTTCTACAGACCAGCCGCCCATGCGTGTAGTATCGTAGGGTATCTTTGTCGCCCCCTTGATGTAATACTAGGGGGTGACGGTCATGAAGCTACTGTAATCCGCGGACGGTCCTGTAACTGTGCGCTGAAACTGTCACTTTGTCATATGAACTAAGTCTGAAGCAAGATACCACTGACGTCGTGTCAACACACCCTTAGTCGCCAGCAAATGCTGATAACAAATTGCGCAGCATAATTCAAAGTGCAGTACACGTGTGGCCGACTTATGCGCCTAGCGGAGCAAGGATATGTGCAAGAATAGTAAGCTTACCTAGGTTGCACCTCACTTACGTTCGGGCCAGGGGTGCAACCAGGGTCTCATTTGCGTATCGTCAATAAAGAAAGAGGAAGCCGAACCGGACTTGAACATAAGTTCGCACCCAATTTCGCACACGGCAGACTTGGATAAGCCGAGCGCAAAGTAATGCGGAACTTGTGAGTCGACATTTGAGGAACAATAATGGATTTAGCTAAGAAGTTCTTGCGTCCACTCATCCTTGTCGTTACTGTCGGTGTCGCCTCATACCATTGATCCAGTCTATTCCGCTAACACAGGACAGGGGGCGTTTGGAGAAGGAGCTTCTATCGTCTCTCGAACTACAGTATAAGCACAATGGACTCGTGCCCGTCG,1670,50.42,Saccharomyces cerevisiae
SEQ_481303,ATTTCTCGTTTCTGGATGCCAGATATCGTACAGGAGGGGCTAACTGCTTGATAGGCGAATACTCGGACACAAGACCAGCCCATGGCCGAGTCAACTGAGGTCATGAGCAATGAATAATGATCACATTACGCTAACGTATACGCAAGAGGTCATTGAGATAAATCTAACAGGTACGGTAACTATATCCTGTCCAGTTTGTTGGATAACGTCCCGTGGAAGATAACGCTACGGTGGACGGGCCTTTTCCAAGGCAATCTCACCTAAGAGGGGAAACACAGCAGTATGTAGACGGTGGTGCTCGAACGAAGCGACTCTGGTCCGGCTCTCCCATTCTTTGTCAATCCCATGGCAAGCAGAGAAACACGACGGCATAGTTGTAGTATTAATAGATTCACCTCATTTGCACCCTGGGGAATAAGCTTGAAAACCATATAGGCCTGCCCCGAGGTGGGACTTACATCATATGCATTAACGATCTTAAATAAGACGACCAGGGACTTCACGTGGCACCTAATTAGTTCCACGTCTTCTGTCGTCAGAGGGTGCGAAGGACGTGGCTAAGTCATAATCCTGTAGCACATGCTCAATCATGGAACTTGCTGTATGTGACCATGCTGCTGAAGATAATGGTTCTCCGTCGTTACGCTTCGATGTTAACCGACAGAAGCTCCAGTACTCACAACACTCGACACCTGACGTTACTCACACTCGTAAAGTGTTAAGCGCGTACAGCTAATAGTATCGGCTATGCTGGGGCGTGAGAACGCTGAATCAGCCACGTAAGGGGCAATACACAGTCACGAGGCGGCTGTAGGGGAACTACGTCTGAGATTATTCGAAGGCAACTCTTGCTGGGTCGTTTTAACCAGTCATTTATGCGGTCAGTACCACTATGGGGCCTGACGATAGTAAGAGTAAATACGCTCCGCAAAGATACGTGTGGCTACCCACTAAAATAGTCGCAATGCACGGTTGAACCTCCGCCAGCCGAGACCGTGTAACATTATCACACCTAAGGCTTACCATAACATTCAGAATGTGGATGATCCGGGCTGCGTCACAAGACCACCTTTTACGGTCTACCCTACTATGATTACCTCCGTACGTAGGAAGTTGTCAC,1120,48.3,Arabidopsis thaliana
SEQ_453141,AATGTCTGGGTCCGCCAAGAATATGGACTACTGCACTTTACACAAAGGTCGAGCGGTTAGTGCAGGCCTATCTGATGTAAGAGGAAATGGGCACTCGGTCCGACAAAATTTACTAAACGCGAAGGAACCGGCGAGCTAGGCTTGCTTATCTCTCCATGTTGTTAGATCATTGGCAATATCAGCCGTTCTTTAAGAGGTGCCCTGTAGGTCGTCCGCCTACACTAGCATCGACTGAATGACGACACCGCATAAGATTACCAGGGGAAGTCTATGTTCCACTTGGGTTTGAGCGCTCCGGAGCTGATCTGCTCGCTGATTTTCATCGTTATAGCGTCGTAGTACAAAGGGTCCTGAAGTCTCGTGTACGGAAGATTATCTGAACCC,384,48.96,Arabidopsis thaliana
SEQ_677472,CACGATCGCGTGCGTCACCGATAGCATGAATCGGAACCTGCCCGAATTGTACCTCGCGTAGCTTCGTACCATCATTCCACCTTAGATTCTGATGTGCATAGCCTAGATAGAAGCAGGGTCCTTGGTACGCTTGCAGGGCATCTAAGGAGTACCTTGTCTTACGAATTTCCGAGGGGATGCCATAACGCTTAAGGAGTCTAATTCGACAACAGCGAGGAAAGCCCCTGGTAGAAATGGGTTGTTTTAGTGCCTAATGTTGGTGGAGTTGTACACGCAATCTGACTGACGACAGGCATACGATCGTCTGGCGAATTGTGTATTGGCGTAATGACGATCGTACCACCAATATTTTGTCCACCTCCCAGCATTGAACCTAGCCGAGGCCTGAGACCATCTAGGTCAAACCCTTGCGAAAACCCACATAAGCTGGGGACGAGCATGGATTCATCACTAACCGTTGAATGGCCATTCTCTCTGTATCTACGCATGAAAGTGACATTTGTGTGAGATTACCCCTTCTACAGGGGGGCCGTCGGCTAGGTTCTCCCCTCACCCAGGTGCCTCGCCACTGGGAGATCTGACGTAAACCGACCTACCCAAGGCGATTACGGCACAGTTAAATGTTCATGCACTCGTTCGACCATCGCTTGAGCTAGTAGGGTGGACGGAGACACAAGCATTGCCATACGGTATACTTAGTGGTTTGCAAGCGGGCTGGGGCAGAGCTAATGAAACCACCTTTGGCGAAGAACGATATCTTCTGTCAGGAGCCGGTCTAAGACGCGGAGTGTGGCGAGGGCGGCTGTCGTGATCCGGATCTCGTCGCGCCTGCACGATCTACATTTTCAATGAATGTGTGTCCCACGCTATTGCCCCACGATTTGGGCCTCCTTTCGTCTATGCGTCTACGTCTTTACGTCCCGCATTTTGTTATGTATTTTAGTGCATAGTGGGCCGATTTCCCCTCCTCCAATGGCACTCTGGCTGTTGATAAACTTGGTAAAGGGTTGAGTTCTGTTCCCTCTCATAATGGACTCGGGCGCGTTTATTTGTGAGCGGGATATTTGGCTAAGTACTAATGCTCTTTCGGCTGATATCTCCGTTGAGTATCATACTTGATGAGTCCAACAAAACTCGAGACTCTAACACACAACTCTGGTCCACACGTCAGCCTGAACCTCGAAGGATCAAGTATGGGTCCTGGGACCGCCCCCCGGTAGTCTAAAGTGGCGATCTAGTACGCTGTGACGTCTTACTGTACTACGCACCACATGCCTTCTACGGTTGCACTTCCCTAAAACCAAAAAAATCCTTGAGAGGCGGGTAGGCGACCCCGAGCTAGGGTGAAGTATTCTTGGCAGAGGTATCGCGAACGCCGGCCCGGGGTCTTTGCAGCGCCCTCCATAGGTGTAATGGGCACTGCCCGCTCATCAATACTACATTCCCAGGACGCAAATCCTGGGAGGTGCCATTCTCTACACGACAAGCTGTACTGTCTTATGATCATGAAGTAAGATCCGAAACCGGTCGCCTCATCAACCGGCTATTAAAAATTTTAGTGTAATACTATCGTCATAGGGTTAAACGTACTCGAGCGCTAGGACCTTCGCCTAAACGTAGCCCGATTATTGCCTCAGGTTTCCATCGTGGGAGATGGCGGATTAAGGACAAA,1672,50.72,Homo sapiens
SEQ_792559,CGAAATCATTTAGATCCGATAACGCGAACGGGATCAATAGCTCGAGGCGTGACGAACGATCCCGCGGCCAGAAATGACGTCTTGGAACGTATCACAGTGACTGTCCTACCCTGCTGCCCAGTGCTTTTTCGAGAGGTTATGCCTATGAGGGTCCAGCGGACTCCTCCTAATTGCGCCCGTTCCCGAACGTGACCATCTTATTCCGACTATGAATGATCATCGAATTCGGACAGACTGAGAGTATCCTGGGGGAGTTCGTCAAAGTATGGGCTTTTTACTGTGAATCCTGACGCAACTTGTACATCACGACCCGATCTTAAGCTCGACAGGATGGATAGTACGTCAAGGGTTCGAGCAAGCAGTGCATGTAGCCATGACGTGGAGATAGTATATAGGTATGCGACCCCTTGCATAGCAGATATTCTAGTGCAGTATTCTCCACGAACTCTAGGGTTATCGCGTACATCACGTTGCACGGTTACCACTGTCCTGAATACACAAAGCGTGCGGAAATACCCCGCTCTGGCTGGTTTGCTTAGAAGTGATAGAGGATGTGGAAGCTCAGATACTTTTGAAGCTCAACGGTAACATGGCGCGCCGAAGGTAGAGTCGCGTACAATGAGTCGGTTAGTGGATCGTACACGCTCAATGGAGTCCGGAATTACTTCTAGGGGTGCCGTTTTTCTCTGTCGTTTAGTCACCCCCCCCTCGCCTTGGCAGCCCCATGGGGTCGTTAGGTCTACCCAGATCCCGTTCCTAGACTGGTTACCCAACTTGGAGACCAGACGACTACTGATATTGCCGAGCTGATAGTCTCTCCTTCGAAAGCGGACGTCCAAGACACATTTACCTGACAAAGAATCCTACAGTTAGGCCCTTCGAGACCAGCTTCCAGTGAGCACAACAACAACCGGCGGGGGATTGCGAGTTATAGGGGTCATACTAAATAATGAAGTCACTCAAAGGCCTGACCCCGTGTGTGAGTGGGCTCCATAAGAACTCATGCATGAAGGTCGGGAAAACGGCGCGGTAGTAGAGTCGTGGGCCAGGCCGTGTTTTGAGATAGCCTCACGAAAAGGTAGTCGTCTGCCCTACGA,1097,51.23,Drosophila melanogaster
SEQ_148104,TTATATGACTACGCCCATGACTCAGACGCAAGCGCATCCCCCGCGAGCGGTTGGTAACGACAGGGAATTGAGAGCAGGCGTTCACTGGGCCAGATATTGGCGCTGACCTCGATAGGTGGTTCCGCCTCACGCACGGAAGCGCGAGCGTCCGTGTGGTACTTTCAACAGAACCATAGCGGCTTGGCCGCTTATGGCGCCACGCGCTTGTGTTGAACGGCGAATATAAGAAACATTTGACTGCACATATCTGGCGAATTTCCGGTTATTTCTCTTACCCCCGGGAGTATAGCTCGTGAAACATTGCCGCGACGCTCAGTGGGAATGTAGTTCGCATGGCGTTACCGCGTAACGTCCTCCTTCCAGGAGCCGGAGAGTTTCCTTCTGTCTCCCTAGAAAATCGTGCTCTAGTCTGCAGCTACTAGGTTAGAAGGGAGAGCGATCTATTACGTACGACCAAGGCCCTAGAGGAAGAAGGAGGCGCGCGAGTGAGCAATGATTCCACCTTAATTCGCCCGGCGGGATCCATGACTGTGTCTATTATAGCGATATGAAGTCCGGAAGTCCGAGGAACATAAACGACTTCGTAACTGATATCCGTTTTTAGGAGAGTGTTACAGTACAGCCCACTATGACTCCCAGGGAAATAAGGTTAACAGTAGACTCGTAAGTAAGCCATCGTGGTCTTCCGTCGTAACCAACGGGGTCACAAGCCGGGGCAGCGCTTGCCCCTGGGATTGGTATGACCACGAGTGCGTATTCGCGAGCGATCAATATAAGAGTGGCTATGTTCTTCTTCACGGGTAGCGCGACATGCATATTAGGACCGACTTATGGACTTCGTAAACTGCATAAAAGGGTCGCCTTCTTAGTGTTCAACAGCACCCTTGCCCGAAGAGTGTAGTGTTGACATTTGCGTGTTACACAGATTATGTCCGACTGAGCTACGGAAGCGCTCGGACGCTACTAAAGTCCGTAATTGTGACTGGACGCCGCACCCACTAGTAGATTTCATGCCGGCTATCCAGTACCCCACAGAAACCAACGTGCGGTTCATCGTTACGCCGCCTATGATTGCCGAACACTGAACCGTAGACACGCCACTGCTGGCGCGCGCCACATGCTACGACCGGCGCGTGGAGTTCGTGGCCGGTCGCAGTTCTAATCATCGGTATTGATGCTGGTAGTCAGCTGAATGTTCCTCCGTTAACTTCAGTAACATCATTTGACTGCAATTTATCAAGCGTGCAACAATCCGATCATTACGTGCGGACCTTATATTTCCCAATATCCCCATCTCGCATAAACGCCTGAACTTGTGCAGCCGGATAAGGCCAATGTGGATATCATCATGACAGTTAGCTGCTCGTCCTTGGACGCGGTGCAATCTTGGTCGGCCGAGTATAGACCTGGACATGTGTGGCGTAGAGTACGTGTTCCGTCGTTAATCTCCTTGCCTTAGAGCTTGCAATGGCGGATCCCTGTTTGAGCGACCTAGTCACGTCGTCGCAAGCTCACCGGGCGCAGCCTACCTTGAGCAACTAATCTTCTCTGTAGCGTTGAGCTAAACCAACCGGGACGGACGACTCCTCTTACCGAGCGTTGGAATGCGTTACCATTCGATAGAATGGCCGAAACTAGAATGGGCGGTAATGTTACCATACTTATCTGTCCGTCTAGATATTTGCGCGGGTGCAAGGC,1698,52.0,Mus musculus
SEQ_774021,AAAACTTCCAGGGACAGATCGTCAATGCACGCGCTGGTGTTCGCAAGATCCTGTTCCCGCGATAGAGCCGTACGGACGTGGCAATGGTACGACGCAGTGAGTTATCTTAGAGCTCCCATGCACGGCAGGCCTCATTGCAGAGTAGCAACGAGTATGGATTTGTCAACCTGATTAAAGACTAAGCCCGTATGGGACTCTCTATCGAGTGTCATTACTCTCAGAATGCCCCTAGCGGGACCGCATTGATAGCATAAAGCACACAATTGTGGACCAAGAGGATGTACCCTACGTCGATTGTCAGGTAGTCATGTGCAAAGTGAACGGTCATACCACGTGTTGGCTGACCGTTCCCCCACCCTCGGGCGTTGCATTCGCAGGTCAGTGCCGAGGGGGAGCACTGTGAGGACATGTATTCGATGCATCCCCCACGAAGGCGGTTCCCAATACATACGCGGGTCGGATTACGACATGAACATATCTACGTTTGGGGAGGAGTGAACCGGATCCAATACGTGAGCGTTGTCACGTCCCCTGGCTGACCTGCCAACTCCCATTTTTCCGTAGAGCTGTACCATACGCGTAACAGGCGTATGGCCCTGAGAACTGCGAAGGGGTGGCGCAATCTGGGACGGCGGTCAATTACAGGTTACGATCGATCAGTGCTGCCATGGGATATTGGTAACCCACTTCCCTAATCAGGACAAGATGGCTACGTTCCAAAGCCAACCATATTGCCACGGCCTAACATTGGTACGCTTCTCGCACAGGATGTCTAAGTGCCTTCCGTGTCATCGTACATCGGCTGCATCGTCTAGAACCCTTGTGTGTAAGCGGACAAGTCTCAGTCCTTATCACATTAATGGACGAGCAATACTCAGATTTCACCAACAGGCACGACTGGGTAAGTACAGAAAATGTCTATCGCCCGGACAGTCGACCTGTCCAACAACGAGAGGTGGGACGCCTCGACTAACCTGTGAATGTCCCCTATGTCACACACCCACGAACCCCTCTGCGTCCGCGTACCCATTAATTAAGTTTGTTGTGGTTAGGTATTGGCAAGACGACACTGCCAGCTCAGCCCTGCCGACTCCAGCTCCGAAGGATATGTATGGGTTGATCTTTCGGTGAGTGTCCATAGGGATAGTAATGCTGGACCGCAGTAGTGGCCGTGGAAAGTATGTGGTACATCTGATCGGATACTTTTAGTGCCTTCCCTCTCGACTTAGAAATACACCTAACACTAGCTCTGGCTTAACCACTACATTCATCATAGCGTTCGCGTTTCACGCACAACAGCCTCTCTCTCGTAAATGCCCGTCACCCAAATGCTGCGGACGCGGTTCGCCTTAATATAATGTATGACGATCAAAACTCCATAGCTTATACTCGATGCGACTGTAATCCCAGCTCTTCTGGGATGGGCCAAACGGTAGAAGTTGTCCTCTGATGACCCAGTTGTGGCATGCTGCCGGAACGAGTAACGCCTACTCATATAAGTGTTGGTTAATCTGCAAACAGAAAAACTAGCCAATGCAGATGCCAACTTTTGATTGCTTCTATCTTGCACCTACAGTCCGGACATGGCTCCTCGTTAATTATGACTTGCACCGTATCTAGACCGAATGCCAGTTGCTAAACATGTGTTCATCATTTATGTTACTCGCTATAGTTTATGATCTAAACCTGCTCAGGCGGCAAGATACATGTCTCAATCAAGTTAGTTCGCTAGTGAATCGATCAAGGCGCTATATCGTGCCCGCGCTGTCCTCGCCTCAATACTCGAGGTAAGGAGGACATGACGTAAGCAGCTTTTTGGTCCGCTCATCGCGTTCCTCCTGCCAAAGCCGCTCGGTGAGTCATGCGCAGCTTCGAAAGTAAGTGTCATCAGTAAGTGATCTTCAAGCTACGACGGAATTGAAGTTGTTTGAACCGGGCTCTGAATGTAGGCCACACTAATTACCAGTCGTAATAGAGTCTTCGGTTACTCGCGTTGC,1997,50.28,Caenorhabditis elegans
SEQ_333472,TTCAGGGTTATTGGTTGAACTCTATGCATGGTACGACAGGACACCATGGTGCATACTAATCGTGTATCAAGCACCCAAGCGTCCTCAAGTTTCTGTGGACGGTATATGCACTTAAAATTTCGAGGCATTGGAGAAGCCACACAACCCACTCAGATAGCAATACTCTGACAAATGAGTCCCGAAATTATTAGATTCTAATGGAGAACTAGCGCATGATCTGGAGCCTCTAAATTCTTACAACTCTGAAGGCGCCGTACTCGGAAGCGTGAGGCCAACCCGTTCGTGCATAGGGTAGCGATGGGGAAATCCGTGTGGCTTCGGCGGTCATATAAGTACTGGCTCTTTGATGGATTTTTGCAGTCTATAGGGGAAGGAACCCCTTGTCAAATCGCTAGGCGAACCCCGCGGGGCGCGAGGCCCGCCCCCACGCACAACGTCACTGACGCGAAGCCTTGAATCACTGGTTATCCATACGGGGATCTTCATGATGTGTCTTGTATCAACAACATCTGCAGCGAAGAGTCACAGGGCGTCATAACCACTGCCCGCTGCTGTGTTCCTGGCCAAGCTACAATATAGGCCACGTTCCGCGCCGGATTCATTGTCAGCAAGTCCTTGTCGATATACGCGATGGCTGTAATAGTGTTTGTGGATACCGGGCTGGCACCGCTACTTCGCCGTCGAGCTCGGCTCTCTAAATGTGACCCGGTCCTAGGGCAGGGTTAGTCCAGTGATTAGATAAATCTGGTGCGTCGAGATTGGAAGGGGACTAAAACCGCCGCCACAATCGTCGAGTAAAGACGGATTAATGACGTGAGGAAGATGTTGACACTCTTAGGATTCTCAATTCAACACTGTCCCGTATTGTCTGGCACGTCCACACCCGCTCCCCGGCGTGAGACTAAGAGTTTATAAAAGGATTTACATGCTCCCAATGAGCGTGGGATGAGCATTTAATCGACCCCTGTGACCAAAGTCTTCCCTACAAAATCGGCTACGCCCGGGAACCCAACGCATCCTCCGGCTTACGTAATGACTGACTCAGCTTGTTATCTAGTAGTGACTTTGTGACGCGCCGCCAGTAGAATTCTGACCAATCCGTGGGAGCTCGTATCTAGCACGAATTAGAGTCATGCGCCGCCCTCTCGAATGGGAGAGTATAGTAGCCGGAGAACACCGTTATTCACCTGTATTGGTCTTTCCGCTCTGCTTCGGAGCGCATGAATTGCTTCGATCTGAGTTATAGCATTTTACAGGCCGGTAGGGCAGATAGATCTCGCAAATGGTGTGTGAGTAGGGCGCATCCTGAGCGCCAAGTGCTAGTCGGGCATATTAGGGTCACCTTCATGCTGCAGCTTGTAACAGTTAGCCAAAAACAGTCCCCCACATCTTTATAGGTTCACCACAATCTCGGCCCGTGAGATTTGTCCCACCTCATGCCATTGACCAGGTCAAAAATTACCCCTAAATTTCAGACTTAGACTCCATAGATAGGCAGCTTCGCATTGGTGCAGAGTGACCCGGCCGACTCTCGGCACGCTCTATATTCTCTATAGCGCATACTACACAACATATCGTGTTATTCACTCGACCACTGTGCCTTCATCCACGACATCATAGGGGCGGGGCCGGTGCTGAGGCTTCAGGCTCATGTACCGGATTCAATCGGTGATCAAGGTGTAAGATGCGTACCATTTTTAATCGGATGTCTATCAGGACGTGAGACTCCCCTCGGATGCCTGTGTTACCTGCAAACATTCGTCGATTCGATTAGGCTAGAAATGCAGTGATGAGGTCCTTTTTCTTGAGTGTTGTGCCATTCAGGCCCGGGAGCTACTTGATAGGGCTTACTGAAAGGATGTTACTTTACCTGCGGCTTATGTTGCATACTCCCGCAAGCGAAGGTAGCGGATTTA,1916,50.37,Saccharomyces cerevisiae
SEQ_512244,AGATCTATAGCACTATTCGTGCGTTGAACACCCACCCAACGATTTGGCCGTAGCCGCGTTCATACAAGTGAACCACACCAGCCCTCTTACGCATAGCAGCGGGGATCGAAAATTGAGACCCTAGGATACCATCAGCACTTACACTGCAGCGGATCTTGACAGGGTAAGACAGCCCTATCCCCTTCAGATTACACATTCGGCGATCGTCGGTATGATAGGGGCTAGGCAGAAGGCATCAAGTGCAAACCATCTTTGGTGATGCCTACAAAGAAGGCAAAGAGAGGCGAACGACTCACCGATAGAACTTTCAGTAAATATGTATATCGTTGGACACCCACCACTGCACAGCTGCATGGGTTGTGGGAGCGGGATTCCTTACATAAATCTGCTTTAGGTCTCCCGGTTGTGAATTACACAGAATACTCCTGTACGGGGCTCAGCACAGATGGATTAGCGTATTGAAAAGATGAGTTACTGAAAGCACAGGTGCCGAGCATGACTGAGCCCTCCATATTAAGCACAGCGGTAATGAACATATAGCCCCAAGGACCCGGCCTCCTAACTAGTCTACGACAACCCCTTCGCCTCGTATGAATCTGTCACTGGACAAATCCTAGGGGGCCGGTGGCACTCTACTGACGTGCGCCGTCGGGAAAATTAGCCCGATATTCACGGGACTGGGGGACACTTACCTTGGCACTTGGTCAAACTCCGATGGAGTACCATGCTCCGGCATTGACCGAATTACTGCCCAGGTGATGAGGTGAATGCCAAGACGTACGCGTCATAGTTGAGGCGAGCTCTTATCTGTCGAATTCGGATGTGACCGGGATGGCCATCTAAGCAAACTCGGTGGTATCTGGCTTTGAGCGCACCCAAGCACCGCCCGGTCCTTGTTTTGCCTAGCAACCCGGATGTATGATGAAGGGCGCGTAGAGATTAATTCTGGAGCTAGATGTGATCTGACACTACGCTACGTACGAATATGGAGGCAGACTTCTACCCCTCGGAAACCAGTTGGCTCCTCAGGGGCTGGTACACCGACGCACGCGTAGAAGACTAGACCCCTATGACCCTCCTAAGTGGCATCCTATAAATGAGTGCACGTACGACGCCCGACGACCTAATATTGCGCGATGCTACCTGGATCAACCCGCGACTGGAAAGAACGGCCTATCCCACCGGATGGGTTCAGGAGTTGTAGGCGATCGTAGCAACTGGCGCAACGCTCTATACAGGCTCCAGAGTAACGCTATCGATAGGAGATTAGAGTATGTAACTTGCGATGTGAGAAGATGGCATAACCCATAGCCGTAGTCGGCGAACTCCGGGTAATTCGATCGGCTACTCAAACTTACCACCTGTGATACTAATGGCCACGGGTTCTATTACGTGGTACACTGACGGCGACGATCACCATCTTTTGATTAACACTTTAAGAGTTTGTTCTGTCAATGTCAGCGACGTACGCTAAGGAACGCAGGAGTACTTCCTATGGCTGCTCAGCTGTGACTCCATTTCTGAGAGGAACGCGTAAGGAGATTTTACAGGTATCCGTCTGGGTAATCCCTTTGGTTTCGGAGCACAGAATGGCCTGGAAGGAGGAAATTGAGCAATCAAGCCGAATTGGGCAATAACTCAAGCACTAGTCATGGGTG,1658,51.03,Saccharomyces cerevisiae
SEQ_876664,GCCATCACGCCCAGACATAGCGAGCAGTTACGGTTTTTTATTACCCCAAATCCTGTGACGGCCACGTGCCGAGAACAACTGGTTGGAACACTACAGATGAAAATTCGCGTATTATGCCAGTTTCGAAGGAAGGGTATCCGATACTCGCTGATCGACGTACTTTAACGGCTGAGGCCTGGCGCTAGACGCAGGGGAACAGCGATTCCAGGGGGTCAAGACGGACCAAGTAGATGCGGCGCTATCAGGCCATGGTAACATTGTAGAAACGTCATATACTTAACCGAACGTAGCAACTAGCGTCAATCAAACGGGGGAACGCTAGGCTACCATTGCTAACGTGAAAACCTACAGCTGGGAAATGCTCATATGTTGCAGACCCCAGTAAGTTCGCGGAAGTATGGATTAAGTATCACTGGCGCCCACACTAACTCTTCGGTAGAACCAGGTTACAGCGCTATCCGATCAGTTACTGTTATTTGTCAATCGAGTCGTCAATAGGAACTAAGGGCAAATTTGTTGGCAGTGAGGCGATACTTAGATCAGCGGGCTGGTTATCCGTAAAGCCAGCGAGTGTATTGCGCTGTTTCGTGATGATCCGTGTCTTCCAGAACGTATGGGTGAAGGTAGAGAGAGGTAAACGAACGCTCTGCGGACGGAGAGCGTATGATCCATGTGATCTATGTCGAAGCAGGGTAGACGAAGGATTTCCTCGGTTTCCCGCGGTTAGTGCTCGATAACCGCAAGCTGGACTGATCCGGAGCGAGTACCCGGGGTACCGGGTTCGTCACACGGAGCCCACCGGCGAACTCGCCGGAAGCATCGTGATCCTCGGACAAGTTGGTGGTGAGGCAAGTGTGATGCACGGATCAACGTGTAAGGCGCTAGGTCTCGCCATTACCAGGGTATGCCGATTTAGTGGGCGACAGGTGTACTCTACCCAGCCCTTTCTTTGCGTGTGAACCATCGTGCAAGACAGCCATCTTAAGAGTGAAATTCTATTCATCCTTTGTCCTGTTCACTGCAACTTGTGGAATGGTCAAGAGGCCGTGTGCGCTGTGACCCTGTTCCACTCGAAGTTCCCATTCCTTTATAAGGTCGATTAACCCTGTGGCGCCATTGCAAGCGCCTCATGATGGTACCAAGTACCGAAACAACGTAGAATTTACTGTTAGCTTACCCTAGGCTTGTCGCACGAAGTCTGCCATGCACATGGGACGGCTGTAGGGTAATTACCCCACGCAGGAGGACAGGTCCTCTACGCGTGGACCTAAGTCACCTGTGCGGCGAATAGAACCCGGGCGGGTAATTCTAAATTTCAGTATTTCGCCCCGAGAATGCGAGGGTCTAGTAATCTGAAGCGTAACGACCCCGGTCTCGGAAGGTGGCGCTTGCTTCAACCTCCCGAAACTGTGGGAGCAATCCGTAAAGTAACGAATGCGAATTGTGAACGGCCTCAACTGGTAATCTCGACTTTCAGTGTATATATCCTTCAAATGCATATCGGAATGAAGTTCAGCACGTTCCCGCGCCTAAGTTGTGGAGCATAGATCGACTGCAGTGCGAGGAACTCGCATTCAACTCCACGCTCAGGAGTCAACAGGTCTATCATTGGTATCCTTGCCTGCTCACTGGCAACGATTGAGCAACCAGGTTATAAAACATGTAAGCGTCCGTAGACTTGCAGTTAGGATACAGCGAGGTACAGGTTTGCAGAGACTCTTAATCCTGTGAAGTGGTGATAGATATCGTCACATTCCGGGATGGTCATAAATTCAAGTCAAATGGTAACACTATCTCTATTCCAAGTGGTCGGCCACTTGGCGTGTGTTAGCGTAATATGGCAGGATTATTGAGTAAACAACCGCACCCACGACATCCGAGCATGTGCATAGTAGTC,1897,50.5,Saccharomyces cerevisiae
SEQ_713219,TTCTCAGCTACCGCATGTCTAAAGTGATATGGTTAGCATACCCTCGACAGTGTCCTGAATCGGCCTCAAATGCACGTACTTGACACCAGTTTCCATCCACGGCTATACCTTTGGGAGACCGCTTGAGGCTTGTCACGCATCCTATCCGCGGTGTAGCGCGTTAGCACTGCTTCGCGAAGGGGAGGCCACGGGACGTCTTGTCCGATTTAGACAACCAGTACACGTTCTTTCTATACAGGCTAATACTTTGATGTCTGCCGACTGAAAATCCTCCTCGGGCAGCTGGAGGACGATGCATGAGGGCCTCCTACGATGCGCTCATTTTCGTACAGCATATCTGAACTATGAAAGCAAGTAAACCCCTCGCACCAGAGCACGCGGTTCTGCAGCATTCTGAATCTGAGCTCGAATCCACGGTCATTCTTCCGGCCCTTCAGCCGATAAGACTCCAGAACGCTCGCCCAACTTACAAGTCAGGACGGAATGAACACGGAGAGACACACCATTAATTTTGGAGCGGCTGAATATTTGAGGCGTTCAAACCTACATTGCACCCTAGGCA,562,51.42,Caenorhabditis elegans
SEQ_240328,GCCAACTAGCCACGATGAAGTCATTAAGTTGCAACTCAACGCTCTTCTAAATATTGTCCTAACCACGTTTCATGAAAGTGTTCACTCCGGGGAGTCCCTGTTCCATGCGAGCAGTCAAATCATATTAACAAGGCAGGAGGAGTATCTCGCCATGGTCTGAGCTCGCCAACATAAATATTACCAGTACGAAGGTAAGGGTCCGCCTTACCTCCTTGGCTCTGTGGGACCCCAGGATGAATGTTAGGACGTGCGTACTAACCACCTGTGACTGGTATGCCGTCCTTTCCGACAGAGTGCGTCGACAACAACAGGTCAGAGTGCCCTCCTAAAAACAAATCATACTCTGTATGATGTCCCTTTAGTGGCGGACCTCCCTGGAATAAGTAGCCCCGTATTTGACACGGGCTTCAGTGGGGATTACCGTCGGATCAACACGAGATACTTCGGTCTGGAATGGTGTTAAAGTGTACCCGCTAGCCAATCACCATAGTCCGTGGATTGGCCATCGGAAGATGTTCGTGTCGACGGTGTGACTTGATCCCGCGTCGGCGTAGCAGACTTTCTATCACGAATACAGGCCCTCTGTCGAAGTATCAGTGATTCTAGCCTATTTTGGCCCGCTCTCCATAGGCAGCGTTGCTCGGGTAACATGCGAATATGTGTCCTGATTCAGGGTACGCTACAGCCGCCTGTGTGGACGTCCTAGAAACAGGACGACCTTCTGCCCCCCGCGATCTATTCGTCAAAAGCTGTCCCGTAGCGCGTGGTCCAAGATTATGTGCTGATGAGATTAGGCGACTATGTTTAACAACTAACAGGAGGAGATATGTGGATGACGCTAAAGACGAGGATCCCCATAAGGGATTGGGAAAGGGAGTTGCAACCATTGGCTAAGAAACACGCTCTCAGCAGACCGCCCGCCGCCGGCACGCGAGGACGTATTTCCTCTCGACTAGTCCACTGGCCGCCTTAGAGTAGGTCGGAACATTAGACAGTTGATCCAAATCAGGCTCCATACTGCCCGGCCCGCTATTAAGGCATGCGTAACGCAGCCCTTAACGATACTGTGCGGGATCTGTCGGAAGTATGTGGTAGCTCATCATGCTCACGATCGCCATAACCCGAGTGTGCCCACGTGGACTATATCACGTTACGGTAGTATCTGCAACTAGTATACGGGCGTCTCGCACCAGAAAACGGAGTAGACAGAACTGTGATGCCGAGTGCAAGTGCTTTAAACAATCATCTCATCGGTCTATACCGTCCGAGAATAAAGATGGACATAGTTACAGCAGGCCGTTAATATGCCCCTATTCAGTGTATTTCGGCTTTGACCTCGCCTCTGCCACTTTCCTACTTCGTGAATCCTCAGTGATCTGCGTCTGCCGGCATCTGTGCCAACATCTTGCGATGATATAATCGAGAGGTCTACTCAGGCCGGGTAGTCGCGTAGTAATAGTTCTGGTCCTCCTGCTGATGAGACGGTAATACTGCCAAATGATGCAGTGGGAACAAGCCACAAAACAGTGGCTGGCCTACGTTCATACATCTTATTTTCAATGTATCCCAGTAGATCAGTAATATACAGTTTGATTTGGTTTACAAAACGGAGCCAGGAGATCTGCGGTCATTCATCAGTGCAGTATAGCACGTTGAAGGCGCGCGCTACCGGGCATGCAGATTGGGCCAGCTGAGGGAACTTAAGGGTTTTATAGGCAGTCTACCTGGATTTGGTCCCTTCTGCCTTCTGACAGCGGCATCGCTAACTTACGGGGGGCCCTCTAAAGGGCTATCCGTTTTCCTTGGGACAGGATCTAAAGCGGGATCAAGGGACGGTTATATTACTGTGAGCTGCGTGTGA,1861,50.62,Saccharomyces cerevisiae
SEQ_448301,TTCGACTGTCCCTTAAGCATCTTTTCGCTGCTCGCCCGGCATTTGCTATACCTATTTGTTAATAATGGGAGCCTAAACAAAGAATAGGATGAGATCAATCCCATTGAATGGCATTTATTGTCCAAATTACCTTCCAATAGCAAAGTAGAAGTATCAGAGCGCTCAAGGCTCATTTTTGCCAGGAATACCGTATCCTGTGATGCCACACACAACTCGATGTCAAGAATAACGCGCCATAACAGAGTCTCAGCCGGCGTTCTTAAGGAATATCCTGTAGTCCATCGATACAGTCGATCCCGGACGCTCAGCCTCTAGCATTTAGGTGTCACATTATATTACTTAATATTTTCGAGTTGCGAGCATAGCACTTTCAATCAAGTTGTTCCGAGTCCTATAACCGAGTTCTAACCCTAGCTTCCCGACGAACCTTCCGGAGTAGGAACAGGCAATCAGATCCTGTACGACTTATCGCTGTGTAGTGGAATGACCCTCTACACGCTCAGCTAAATATTTGGAACCAATATGTCTCGGATGAGGGTTCTTGAAAATCGCGAGCTATCTGGGGGCTTTTCAGAAATTCGACACGCGGTGCGCGAAATGTCCATCGGTGTCTGCGAGAATCATTAACATAAAGCTAGTGGGACAGAGCTGAGTAGGCGATAAATTCGTTATTCGCCGCTCGTTATGAGCTCGGATCCGGCGTAGTGTTGTGACAGATGGTTGAATGCATGTATATAACAATATGTAAGGAGCCCGAAACGCGCAAAACTCTTTTGCACACAACGATGATTGATCGAACGTCTAGTGTCTTGGCGTGTTTAGGTGATTATTAAATCCTACCTCGAGGGTCGCCTTATCATTTCAAGCGAGGGAGTGCGCATCACAACGAGGCCGGTCACCAAGTCGCCGCTGGTGGTACTGGTATTAGCAGGTATGGAGATAACCGCGGGCCAGATCTAGCCCTACTACACGCCTACGGTAGCGGCAACACAACCAGCCCAGTGAAGGGACAATCATGCCATGCCTCACAGCGGGCAATGCTCACGAAAGCGGATGACAATCCGTAATATACCCCCGAAACTCTTGCTATCCTGCCTTTTCAGTCGGTCAATCGAATGGAATCGTCTAGAGGCAGCTTCACGCCATTCCTGCACGGGGAATCAATATGGTGGATGCAGTACGGGCTTGTTACAGGAGCCATGTCTAATAGATGACAGGCCGGCAAAACACGTCACTATACTGTTCTAATTACACGAGTTATGTCCCGCCCACCGGTGTCTCCCGTCACCGCATGACAGGATCCTATCACAATCATAGTGTGAATCAGTCACACTAAGATCTGACACACGGACCTTGGGACTCTTGGCCTCCCTTAGACACCAAGAGGCTCGGACGACCAGACTGACGAGAACCCCGTAGACACTAGATAACAGGTGGGCGGTATTAGCCACGAAGTAGGGTCGCGACTTCGATACTAGGTGTGTCGGTTGAACGTCTGGGTCTTCAACTCTTCCCGCGTCTGCCTCGTTACCCAGCGAAAGCTGTCAGGGACAGAACGCTGCGCCCGATGCAAGCAGACACGGAAGCAGGATCATCGACCTCTCCCTACTAGTGTTGATGGATTGCCGGGGACTTTATACATCTGCGAAACGCGTCAAATTAAGGTAATGACATTGCACTCGACGGTTTGGCTGCGGCCCTTTTCCTTTCGGTCTCCAGCGCCAGCGAGTCCCACGAAAACGCGCAAGCCCGTAGGTTCAGTGTGTCACTGGCTCGCCGCCGGCCACCTCTCTGTCGCGCGAGCTCCACGTACCGTATGAGGTACATGGTTAAAGTAAGAAGTCTGTCCTCCTGGTGCGCAGTGTTAAGCACGATTAAGGGAATATACTCACTCTCAATAAATTCAAGTTATGCCCGCAACATCATGATGGA,1932,49.74,Escherichia coli
SEQ_142660,TCACTGTTTGCGCGGGGGTAATACCTGCGGGTAGCTGGTGCGCGAGTATAATTTTGGAGCTACGTCTACTGGCGGTACCGAGTTATAAGGACCTAAACAACGGTGTGTGTTTTGGGACCTAGTAATGGCCATAAGGAGGCTTTACTGGCGCCGCGCGGGTCCATCTACCACATCGGGTGCCTCGGCGTGTATAAATACATAAGCATTTCGCGTCTCCATCAAGTCCAATCAAGCAGTGCTCAGCGCACCGCGATGGTGCCGTTCTTACTATCCAAGGTCTGACGAGTAGACAGCTAGGACCACAGATAGCCACTGAACTCCCAGCGTGGTTGGGTGGTCGATCTGAGGGTTGTAACCGTTTATACCCCACGGTTTATGGAGGTGAGGGGTGCGCCGATCAGCTGATACTTGAGAACACGGATGTCAATTAGATAGGCCGGTGGGTAATGTAAGTATGTGGGCGGCAATCTTCGATTAGAAACAACCCGGACGTAGGTTCGCCGTTTGCGTTAATAGTCACCCGCCCCAGCCGTCGGTAAGACAGTACACAGTGTTCTCTGATACAGGCTGGCGATTGTTGGCGAACGCTAATCTACCCTAAGTTGATCACCAGTTGCTGATGCATGGTACGTGCTTACCCGGCCCAACATCTTTGTCCCGTAGGTGCTCCCCTTTGTGACTGAAGACTGCTATAACCGTGCCAGCTCTGGGTTCCATAGATTGTTGAGGGGTGTTGAAATAACCTGTACGCCTCGGCGTTATCGATCTCTATTGTCCGTGCGATCGCCGGCTAAGTGATATACGCGGGCTGGGCAACATCTTCCTCAATGGCTCGGCCAGGAGAGAGTCCGAGGTCACCGCCGATTTCGACCTCTACTCTGGCAAGTGTTATATAGTCGATACATCACGCGCTGACCCCTTTTTCGTGAGATTAGAAGCTCTTCCTAGGACGCGGAAGCTTCACCTGGAATTAAGACGCCCCTT,984,52.64,Arabidopsis thaliana
SEQ_893767,ATCCCAGTATGTTCGACGAAAACATGCCACGCTGTCTCTAAGCGGTGCCGTTAATTGGATGAACAGAACGAGTCAAAGAGCATCCGGTGGACCGCATCCCCCGTCGCGCAGATGCAGCGCGCCGGAGGGGACTATCGTCGGAGAATCAATTCGTTGTGTGAGTCGCTGAATCCCCCGAGTACCCGGCACGCGGCGCAAGCATATCAAGCGAATGAGACCTGAGGAGCTCAGAGCGAAAGGCCAACATTACACAGGTCCAGGGCCTTTGTGTACGAATTATAAGAGTTTCGGCCTAAATGATGAAAGAGCCTGGTTTGATAAGTCACACCTCGGGGTCATGCAGCGGAGTGACGGCACTCCCCCGCGCCAGCGGGTGACGCTAAAAATCTTCGAAGAACCATTAAGTCCCACGCCTAGAATATGTAACGTTTAGCCGGGGTGGGCTTATCGTTTATAAAACCTCCGGCCTGATGAATTCATCCCCCTATAGCACAAGTCGAGTCCATAAGCTGCTGACCTCGGCTAACGCACC,532,53.76,Saccharomyces cerevisiae
SEQ_847824,TCAGGTGAGTTACTGTTAATAGAGTCAACAAGCTGAGACCGATCGGGTGCGAGTATGTGTTATTGATAAACTTGGTGAGAGTCATTTTTCAGAGACTGAACCGCATCATGGAGACGCGGCTGTGAACCGATCTGTAGTCAGAAAATGCAAATAATTCTTCTACGCCGGCTGGAACTGTTCCGTTCAGAAGGGGAGCGGGTCAACATGGCCTATGGGTACAATCGCTAGCATAGGGCATCCAAGTCTTGTGTAGTACCACTGCCCGGATAGAAAAGACCTCAGAAAGAATCACCTGAAGTGGTCAGTACGCCGTCGCTCTCGATGGTTGTATAAGGTGCTTATCTCGACATGGGAGGCTAGGGCCTCAATAAGCACGGAGAACTCTGGCGCTCGCCCCGTGCCTGGCTGCGTAGTCCTCGTCTTGCTGGTGTTTGAACCTCGTTGCACATGGAACAAGAACTATCAATGAAATCGCACGGATACGTGGCTTCGTCTCATCATCATAGCAACCTCAAGCTTCCAACAATGCACGATCTTCTACCAAATTTCCAAGTATTACCGGTACTATCGAATGCACTCAATACTGGCGCAGATGACTGCTGTGTTAACTCATTCGATGCGTAAGTACAATATAAGCTCTAACAAGAGCCAGGGGACATCTTCCAAATGATAAGGATATGGTAGTACTCGCTTACCCTGCGGGGGCACCGGCAGTACATTGTTTCGGGGCGACTAACCATCTGCTAGTTATAATAGGTCGCGTCCTTGGAGGGAAGGCGAATCGAGGCCTAGTAAATTCAGATTCGAGACCTAGACCAGACTCATGCGACCCTGGCTCGCGTTTCCCTGGATAGCGCCTCTAGTCAGAGAAAGGCGGCTGAATGGGGACGTCGAGGATCATCTCTC,906,49.67,Mus musculus
SEQ_780350,GGCAGTGACTTGGCTACGTTGACCCCACGCGCCCTCGGTACCTTCTCATGAATTACCGCTATTGGAAAATCTAATGGACGCGGGATCTCATGAGGGATATGAATGGGCGATGCCGCCTTAATAGAGGTGCTCCTGGGATTCCAAATGGAAAACCGAGAGGGACCTTCCTGCTCCCCCTAGGAATATCCTCCCGGTACAAGCTACGCCTAAGCGAGGGTACATCAGATCTCTGAATTTGACACACCTCTTGAATCCCGCCGCCTATCGTTATGGGGCGTACCTACATCCTTTCGAGTAGCAGTAGGTGAGACACTGGTGGCCACTGGGTTCACTCGGCAGCTCTTGGCGATTGATGCTCCTATTACAGACGGGATTCCGCCGTGGCGTGCACAGAGACTCTGACCATCTCGCAGTGTAGCTCCAGGTCTCCATACTACCTACTAGGTCGCATATGGACGTAACGCTTCTAAAATCGTCGTTGGAATGGCCAACTTGCGCTTATAGCCGGGCGACGCGGTCATTAGCACAATGGAGGATTACGACGAAACCATACATGGTTTAAGACCCCCACATTCAGTCGGTACTCCTCGCGGTCCATAATCCGTAGGTGGGACCCAGTCACGTCCCTCGGCGGGGAGTTCTAATTATAAAATATACGTGCTGCCCCGACACTTGGTTGAGCTAGCTGATACATAGGGAATAATAAATGTTACTGCGCTCACTACCACAGGGGTTTCTTACATCATTTGCGAATTCTCAACGAGAGTGGGGTAATACGCAGAGTTTATTCCACTTTCACGTGCCGGGTCAAGTAGACCGCGGTCTAAGTTTCGGTAGGACCCCTGAATCTACCTTAAAGGCCCAGTAGGCTGTGTAATCAGTTCTACGAGCCCCTAAGGTAGTTCAGGACGTATCATAACGTCCCCGACTGTAAACGTCGGGGCAAGACACACGAGACAAACCTCTCTTGCGTTTTGCATGTCATAATGCCGGTACAGAGGGTCTGTACCCTGGGGACCCCACGCCTTCATCCGCCCCTCGCATGGGTTGTATCGCCGACCGCAACAAGTTTAGGTGAGCTATGATCCACTGCCTAAATAAGCTTCGCCCGGCAGGGC,1118,52.42,Drosophila melanogaster
SEQ_793037,CAGGAGAATACCGCCTGCATACCATGAATTCGTATGGGTGCCCTATTGTCTTGGTCAAGTTCGAGTGATTATACATCTGGGGGGCGGGGGAGAAGATATGTCGAGAGTGGGTCGGCTCATTCCAGTAATGGCCAGGAACTCACCTTCAAAAAGTGGTATCTTCACCCATCGCTTGCTTCACGCCAGTCAGCTCCCACCGTTAGGCGGCTATCACAATTCATTAGTGGATGTGGGACTGCGAATTCGGACCCTTCGCTGCCATCGTGTCTCGAATTTTTTAAATGCCGGATCTGGGTGTGTGTGGGATATCCTGCTTGACTTCTCACATCATTTGCAGTGAACACAAATAAAAAAGCTGCAAATACTCCTGCCAGCCCTCTACCCAGAAAGGTGAGACCATGAGTGCATAATTTCAATCGCCCAGGTGAACTGCTAACAAATATTGCTGATTCGAATATTCAAGTCACACTCTCATCAGCTTCCAATGCTGTTACGGGAGACTCACACGATAAGGCCCGGCTTCTTCAATGCAGACCGCCTTACGGAACTTTTTAAGCGCGGGTACTTTTGTGAATAGCGGCACTATACCATTACCGCTCCTGTGAAAACTGTTTGCATACCGCCCCATGGGCATAATGAAGGTATATTCAGTTTCCGATACAACTGAACTGGGCCAACGGTACCAGCGCGTCTTTGTCATACGCAGCTCCCCGTCTCGAGATACCATAGTCGAGTATTCAACACTCGCTGGACGACTGATCGTGCTATTGACAATCCACTGACTACGTCGAATACGCTACAGTGTTTGGAATGGATACAACTTGTATAGAAGGAAAGACCCTCTAAAAAAATCGTGCCCCTTAAACAGCTATAACCTCATTTAGCAACGGGGAGACGAAGCCTCCCCGGGTCGGACACCACAGTTTAGATGTAAGATTGGTCTAAG,946,47.99,Homo sapiens
SEQ_328082,GGGTAGAGCGGATCACAGCCATCGAGGGCAATGGTCACTTTCAGCGCGCACTCTCACTAAGTCGATTCAGAATGGACTTGTATTTAGCTATAGGCCATCGCGTATATATAAGGCGAGGTCCGTGCGAACGGCATCATGAACTCGTCGATTCAACAATGACGCGCTTAATGCGATAACATAAATTATTGCTTCTTTCTGGAATCCTAATGGGTTTGCTGCGAGCCAAGATCCTACGTGACTACATGGATAAGCACGACATGCGAACTTGCCTGTATCACAACCATCAGCAGGATATGGGTTTGCCTAGCACCTCTTGTCGGTTACAGAGTACTGCTTATAGTAAGATTACAACGCTGTAGGACATCTTTAGATTATAACATATTGGGACATCCGTCAGGCTTACGCGACTTCAGCTGGCTTCGTCAGACGAAAGCACCCTCTCGAATTTGGTTATCATTAACGCGCTATATAAAAAGTCGATAAATAATCGTTCCGGCGGAGCTACTGCGACCCCCAGGCCCAACACAGCGTCGGGTCAACGTTGAATATTTTGAACGTAGTTCAGTTCGTTATTTCAATTGTGCCGCTTAAGCCTACATGCCGACGCTTCACTCGGAAAACCAACGTGCCAGTAATAATGTCTGTGGACGGCGCCATTAAGCCAATCTGCATATCGCGGATGCCTCGGTTGCCTAGTCCCTCCCGGCCCCGATATACTCTGATCTCGGATCCGGTCCTTATCCGAGCATATAGTCGCGAAGACCAGCCTAAGCGGGTACGGAGCACTTTATCGTTTTACTGTGGACGACAACTTGATCAAGCATTCGTGGTACGTGGCGAAACTTAGTCCCTTAGAGGCTACCGTGGGACTTACTTCGGGCTCCTTGATAGGGTGTGCAAAGACGTGGAGCTGGTCATCGTATTGAGAACAAATAGGACCGTCTGTTACCTCGCTAAAGATTTCGCACGAACTAAGCTAAGAGGTATTTGGAGTCCCGGGGAAATCTCTTTCGTAGCACCCCACTGGGACTCAGCGCTCGGCGTGAGAACATCTCACATTATGTAGCGCGCACGAGCCAGAAAACCTAGGAGAGCGTAACTCGTGGTTGGAGAAAGGGCGCCCGTCTAGGCTAGTAATAAAAAAAGCCCCCCCATCCTATGAGCCTACGAGTTGCTTTTGGATTCGAAATATCTAGCCCTCTCCCTATGTTGTGTTTATGAAAGGCTAGCTATTTGTCGACACGTGCGGCTGTCATATTAGTTGGTCAGCCCACCTTTAAATCCTATATCAGCGGACTGGGATGTCAACGAATTCATTGTCAACTCGGGTTTCGGGTTCTCCCATTGTGGAGGATGCTCGCACGAGTATCCGTTCTGCACTATGGGCTTCTTGCCTCCGCTCATAATCGGGGTCCTCGTTGGACTCTGTATAGCTGATTTTCGACGAAATGGTTGATCCCAGTCCATCGACGAGCACTGCTACGGGACGACTCACTCCCTAGGAATTCTCCATGGATTGTGCAGCGTAACGACTCTTACCCATCCTTTTTGTAGTGTCCGAGCTGATGGCATGGGTTGAGTCCGAGCGATTGGCTCATAACTGGAGTTCTCAGCCCCTGATGATTTCTGTCATTGGTCCAGAAGTTACGATCATGAGTAAGCGCCCGGCTTCGTCTGACAACTATCTGCAGACAAGC,1697,49.38,Drosophila melanogaster
SEQ_615058,CTCGTGACCATGCACTACGGTTACTGCGTACTTGTAACCAGGCGCCGTGTTTTTTAGATGTAGCGGATATGGACACCGACGATGGACTGTCACTTTGAGGTGCGTGTACACATCGGACGGGATCCCCAGTATGTGCCGGCACTAATACAATGGAAACGTGCCACTCAGTACTGGAAAATGTCTAGGTATCGGTCAGAAACCTCCGGCACGGCTCTAGCGCCAATCCCTCGCCGGTAAAAAACGAGCACAAAATCGCAAATTGGACGGTCGACTAAACAGCACACATTAGATTGAGAACGGCGCGCACGAAAATCGCGTGCGTTTTGTGCACTTCCGCGGTCAATATCAGAATTCAACCGTTCCCGCCTCTGCTCCTCCCACGTCGACGGTTTATTATACTGAGGACGATATAGGCTATGAGCGACATCTCTAGGTCTCCGCCGATAGTCCTACCGACGTAACGCCGCACAGAGCGGCAAAATGGACGTGCCTGCAATTACGATTGTTCCAATCCTCGGAGTCACCTTGCCGGCCTTCCGACACGCGTGCGAGTTGACACACTATACCGGTTCTTCGCACTAGTTTATCAACACCGAGTGTATCATGGTGAGCGGCAGTATAATAGGTTGCCGGCGCTCGGGGGTGTCAGAAATGCGGCCAGCGGCTCCGAGACTCAAGAGCGCGTGAGCTAAACACCAGCGACAACGGTCGGGGATCGAAGATAAAGGTCTTAACAATGGTTGCGCCGCGATACCCTAGGCATAATGTCATAGAAGTAAATATCTTAGACCGACGGCAATCATACTTTTATATCATGATGCCGGCACTAGCTATGGAATCCACGCCTACCATGGTGCATAGATATGTGCGTCGTAAGGTGGAATTGAGGTTTGTTAGGCCACCTCCGAGCTCTAGGGTCGTTCGGCGGAATATAAGCAACTTTCTGGCTTGTTCTGTCTCAGGTAAGCTTAACCACAAGAATTCCGAATAATAATCTCTCGACACCAGCGGCGTCGGTTACCACCTACCTATCCTGCCTTTTAAGGATCGGTTTTTTGTTTCATCCAATGCGAGGCTAAAAGTATTAGTAGTCTCTGGGCTGTGTACACTATAGAGATCGGGGTGTGGATCCGGGACGTGTGCAGCGACGCGGCATCACATAATCGTCGAGAACGGACGCAGATGGGCCCAAACACCAACCCCTCCGTACAGTCTGAAATGAGCAGGCTGAGTTTTGAGGTGCGTGCCCGCACTCACGCCCAAGTAGAGTAGACAAGGTAATCGCCCCGAGACTCAGGACCTTCTGTCAGGTAGATCTGACGGTCCGCAATGGTATGAGGAAGAAAAAGTATATTGCACCGCGACGCGTTCGGTCCTTTGCTGCATTTGTGAAGGAGTTGCCACACGATGTAGTCACACAACGGTATCCTTCCGCAACATCAACCGCTCCTACTGCGGGCGTATCTGCGGTAAGGTTCTGGATTGCTGACTGTATGGCCACCACTTTCGGTTTGAGGTGGCACGTGGCGATTGTGAAAACCCCGACGCAGTAGTCCGGCCTAGAAGAGCCAGCGGTACGCAGGTCCCCCATAATGTGGGGTCCCTCGAAGAAGATCGCCTGGGTCCGGTGTCCTTTCGACACGATCTCCGTTGTTACTGCGCTCGGAATTGTACCGAAACAAACGCGTGCCTGATAGGGCATCGTGTTCCGATAGTGTTTACTTGAGATAACAATGGTGGAACGTAAGCTGGTCCGAGGGAGATCATATTCGAGCTAGTCCAGACTGGTGTAAATCCAACCATCGCGGCTCGAGTTCGGGTCAGGAACCACTATTTGATGCAGTAGTCACGTGCATGTTAAACTTATGAAATATAACCTCGGTTCGCTACCCTGCGTCTGAGACACCTAACGCGAGGTGTGTCTACTTCAGGA,1933,51.89,Saccharomyces cerevisiae
SEQ_606471,CCGGCATCCAGCCATTCGCGACTTTTTCTGAATCTCCCTGTTCGGCAAGTGAGCTCCGGACAGAGTCAGGATTGCCTTCATATTTGGTCTTAACAAACCGTGCGTGCTTAGTCCGAGCTTGAGGTGAACATGGTCAGTGTTAACATCGGCCCGGGCTCAGCATCAAAGATGGGGGAAAACTCCGTGTGCGTTCCAAAATCCACTCATAATACTTGTCAAGAGAACCGCTAACTCTCATGATTAATGTAGTCAAGCTAGCCGCATTGGAACCGCCATGGACTTGTCCTTAATACGGCCCCAAATTCGGAACGGCAACTTTCCTTTAAACTGGATCATTTTAATTCGTTCGTGATCTGGACTGCGAAATTTTTTAGGACACTTTGTTACGAGGCAGATTGCGCCGCCCAACAATGTAGACCTATAGTTAGGTGTATCCTTATTATGTGATGATTGGAGACTCAGGAGTCTTCAGCGCTTTCTAGGCTCAGGCAAAGATTTATTTCAATTCCACGGAACGCGCGTACCTTAGCCATTCCGCCCTATTCCATTCGGAACGACAAGCTTTTTGGAGGCGTACTTCACAATGTAGCCGCCCCCACCCGGCTGATACCGACTCCTACCTTTTTCAAGCTTTTGATTATGTCGCATCCTTCAAATTCCACTGCTTGAACTCGGCGTAAACGAATTATTCGTGGCTTATCCAATTCTCTCCATGCAGATTAGGTAATGGTGGAGCGACTGGTGGCTCCTCCGGATATGAGGATGCTTTTGACCATAGCTGAGTATTAGGAGGATTTGGGTCAAACCATCGGCAACCTCTCGGCGTCACCGACATGCCGGACGATTTAGGAATAGAA,857,47.72,Caenorhabditis elegans
SEQ_534297,AAGAATTAGCGCCGAATTGGTGCAATACGATTGGCGTCTAAATCTAGCGCATTGCATGCCCTTGCAACGCCCTCTGATTTACCGCACTTATGCGACCTATCAATCCGCCCCTCTCTCGATA,121,49.59,Mus musculus
SEQ_673068,CCTGTATGGATGAGGTAAACCCTGGGGGGAAGCGCACGTCAAGGAGAGACTTGCCGTCCTAGATGGGAACGGTTAGGATGTCTCGCACTCGCCAACATAGGGTCATGCTTTCGCTAAGGTAAATGTCGGGATTCTAAGTGTACCTAGGTCCTCTCGCTCTAGTATGTACCCAGCGCTCAGTCTGGTCCATATTGAGTACGTGGATGATCCCTGATGGGTCCCTTCCCCTCTGGCGGACAATCCTACTGAAGCGCAGCTGCTGCAGACCCATTGTGAGGGAAGACTATTCGACTTACCGTGTCATTTGCGCGCCGTGGTGCCGTTCACCACTGCCCAACTCATCCTCGCGTTAACCTACCCCGTTATGTATGTTCACGCGGTCTTTGGGCATCGCGGGCCGGGCGCCCTGCTAGGGGCGAGCTCTTATAGTAAAAGATATGCACAAATCATAACGTAGTGTCCTCAATCCACAACAAGCTTAATTCAGTTATGCCAGCCGGGCGGAAATCCGCCCTATGCGCCTGCACCCGGGCAATTGAGTGAAAAGAGATAGGCATTCGAGATGGGGCAGGAGCGGCTCTTGAAGATACCGCAGATCGCCGGCATAACAATGAAAACGAATGTCGCGCTCAATACCCTCAGAGTAGCGTTCAGAACTTCACTGGTGTTCGAGGAGTGCATAGCTCTTGAAGCACAAAAATATGTGTAATCCAAACCAAGCACAGCGAATGCCGCTGCCCTTCAATGTACATACCGCTTGAAGACCGGGTTCATCGTGTTGTCCATGTTACAGACCCAAAAATATAGTGGACGTATCGTGCTTTACGACGAGCAGCACTAGAGGGAATCCCTTGAAATTGCTATATTATCCGGGGGGACCATAAGCTGCTACGTTTGACTTACATCACTAAGAGTACGGCCCGTGTCTATACGCAGCGATGATGTCTTGTTATGAATGTGAGTGTAGGGCCTTTGCATGGTTAGCCAAGGATTGGCACCCGATTGGATAACGTTATACAAACCGCAACGTAAAATACTCTGGGCTCCATTGTTACCGTATGTCCACCTCGGCTAATAGCATGCCGCTTTTTTGTGAGCAACGTTCAATCGTCCCGACCTGTTAATTGGTAGCCAACTAAACAATTGTAATATCCTTCGGTCACGGCAATGGGTTCGCCAGTAAGGCGGCAGATTTGACGTTGCTCGTATATCTCACATGCATGATTTTCACGGTCTAACAGCCTGGTTGAGTTCACCGCTCAGTGGAAAATGGCGTTTTCAGTTACCCGCCTCACACTGATATGAGTTCAATTGCAACCCACTAAGAAGCCAAGTGGCGGTTGTAGGGTTTATTCGCAGGATAGTGGTATATTGGATGACAGGCTAATAGAGGATACACCAATGCAAGATTGTAGACCACTGGCCGGTGTAGACCTGGATGGTCGCTGGTATATTCGTTCACCCCTCAGTTGTTAGCTCATGCTCCTGGATGGCGAAGACCATTTACTTCTCACCATCGAGTTATCAACCACGCTAGCAGTGATGGCCATATGAACCTGAAGGATAACCTAAGGGTCGTATGAAACACCCATACTGGTGTGCGAGTGATTCGACATGGGGATCTCCGACTTGATAGGTAGTGAATCGACCGGATGCACCTCGATTTACTGCGCTGAGTGTAAATTCGAGAATTCCAGTTTGT,1702,49.65,Escherichia coli
SEQ_430923,GGGCTAAACCTATACCGGCAAACTCAATTATTTACCTTGCCGAGCGGATAGAGACCCGTGCTAACCTTACTAAATCTCCAGTCTGAGTGCCTCCTTTAGACTTACTCGCGCCATCCACATACGACCGCCTCATATATATGACCCATTCCTCCACCGTACTAGGTCTACATGCCCATCTAATAGCGAAGTGCGTCCAGCGGGATTCAAAAAAACCCCGACTGCGTATCTTGCCTATTTGGCTCGTAGTCGTATAGAATACTATGACGCCCCGATCTAGC,278,48.92,Drosophila melanogaster
SEQ_207354,TAATTGACCTTATTGAACACCGCCGCATAGCTGCTCTCCTACTACGTACAGGCTGTACAGCTCCTCGGGTCCCTAGACCTGATTGTGGGGAATAATCCAATTGAACAGGGGGCATAGTCGGAGGAGGTTTCTAAAGGTATGGCCTAAGGAATTTCGGTCTGGTTTTACACTTAATGGGCATAGGGCGAGAGCAAACGTTCTCTAGATAAGAATTGAAGATCAACACCCAGCACTAAGTAGCTGTGATACCCTCGTTTTAAAGCGATTAGAAATGCGACTGAATGAGCTCCCGAAGGGGCAGATATTGGTAAGAGGGAATCTGTACCAATGTTAGTGTTTCGGTTGTAAGGGGATCTAATGATATCAAGTAGAGTAACTAAAATAGTGCAATTTGTAGTATGCCGCTTAATTGCTCCTCGTCCTGGTAATCTCTAGGACAATCGTCGTTTTCAGCAATGCGGGCTCAAATCCGGGCCTACCATTATGGGGTTAGGGGCACGTACCTGGGGAGATATAACGCTCTGATCCACATTTACACAGTACCCTTGAACGTATTTTTCCGACTATTGAATTGAGTTTGGATACCGGCTGACAATGCGATTATGTTGCTACTCACGGAAAGTATATTAGTAGCTGAGTCGTGGCTGTCTAGCCGGCGATTACCTGACAAGATTGGCTTCGTTCGGCTCGAAGTCGTTAAAGCGCTTGCGCATGACCTGTCCCAACTGCCTATACCGGCGTACTGTGGCGCTTCCATAGGGCCAGCCGGTGCAACCGCTAACTAAAGCACTAGCAAAGGAAGTTCCCCCTCGGACGGCTTTTACATGAGGGTGGTGCTGACAGCTGCAAAGGGAACGTATCGTTACCCTTGTCTTAGGGATTTCTCTGCCAATGGGGCTTGTGGACAAATGACTCATGAAGGGACCAGCAGACACCAGGAACCCGCTTAATTCCCCGACGTCCCATCCCCTGAACGGCGCACCAGAGGAGTCCACTACGACGTACGCCCCCGCCATACTCTTTTGATAACGAGCACGTAAAGAGATTTCATGACTCCAATTCTGCGAGTTACGTGGCCCAACCCCCAATCATACATAC,1098,48.91,Caenorhabditis elegans
SEQ_111929,CTTCCTATTCCCGGCCTCGCTTAGTTCTGTACTGGTGCGGACATTTGCAACCGGGAGCCGGTTTAGAAAAATTCAGACGGCCACATGCGAAAGAAGCAATGCTCATAGGCGTGGTTATTTACGTTTGACAGTATCCTCAAGAGTTGAAGGCAGATTGGCGACCAATCTTCTGGGGTAGCTTGCCTAAGTTCTTTGGGTTTTGTGCACTAGCGAAACTTACGGGTAGTGGTAGTTGACCTGTAAATCGCAATTATGAATTGGCTGACCGTCCATGACGCGGTACCTATATCCGGAGTGCAGGAGTGCTATCCACGTAGTACAATGCGGAAGATTTCTTGGTGTCTTATGGTTACGATTCCCAGACACAAAGAGGCTAGGGACAAAGGCGGGCAACAGTCTGCAGTTGGCGAAACGATCCTAAGTTTACAACTAGCTAACAGCCTATTTCGTCTACAAGTTATGTCGGGGGGTAACAAACGGATCCAGCGCGGAATTCCCAGACTAGAAACTATGAGGTCAACCTTCACGCTGCAACCTGTAACCAAATCTCAGACACCTGACCCATATGATTCCCTCGTCTCCTCCAGCGATGACTTTAGGCTACGGACCACTGGTTCGGAGGCCTTATCATAAAAGCCACGACCCACCACATCGACGAACACAGCATCTTATTCGGAGCCCGGCAGCTTTCGGCGAGACCATAGGAAACAAGTAGGGTCCCCATGAAGATAGACGCAGGACCCATTCTCCTCAGATATGTTCGTTGGACTGGAACTCACTCTATCCGCATGATTTTCGTAAAGCCAAAATCCCGGGCTTGTATACCCGAACTTTATATAATGTTCTTTCATCGACTCGTACGGACGCATACAACGGTGGTTACCTTCGGATCCTCTCTCCGCTGTCTGAAGCAGTGTCCTGCGGATGGTGTGCACTGGTTAGACCGGGTCTAATTTTTACCAAGTCACTTACTGCGCCTCATCATTACTGTAAACATATTATCGGGAAGTGGTTTCAAAATTACGATACACGGTTGAGTTCAAGATTCTGCCTGTCCTTTGGCTCTGTCTCTAACACGGCCAGGTGGAAGAGCCCACTGGCTGATCTCCATTTAAAACTGATATTGGAGAACGGTCAAAGTCCCGACTAGACGAGCGATTAGACTCCAGGTCTTTTTGCCGTCGGAGATGAGGCTGTAAGGATGCGGACCACAAGTAAGAAACGTGCATGCACATCTCTAAGCGAGAATAAAACAAACAGGAGAAGTCTTAATGTCAATAGTTATAGGACTGATTCAAGTTGAGGACGGCATTTCTCACGTCGAAGTGCGAGAAGTTCAACAACCCGGGCTTTCTCACTCGGCATGAGTGTGAATTAGTCGCTCCGTAGCGCACATACAGTTTTGGCTGTAGTGAAGTTGCTTAGGAGGTTAGACGTGATGATGGAGAACACAACTCGAGGTGCTGC,1467,48.26,Arabidopsis thaliana
SEQ_453923,CATCCACTGAAAGAAAGAACCAGAGATCCTCCCTGGTGACGCCGAACTATTGGGAATTAGATCGCTGCCGTCGAGTAATGAATCTTCATTTATCTTGTCGGTAGGAAGCCGAGATGGCAACCCCTGGTGAAGGTTAGCGGTCCGTAACCGCAACAATGATCTGTGATAGGGTGCCAAACGGAGGAGATGTGGGGCGCTCATTCCAGATCCGTACGGAATTTCGTTAATTAGCTTATCCACCAGCTATTGGATCTCAGAGCGAGGGCCTCGCGCTCTCAAGCGCAGGCGTCAGCTACCGAGGTGGTCACGGTTGATTTTTACTTGGATACGATAGCTCAATGCTGGGTTAGCCTCGACAGACTTAAGCATGAACGCTTCACAGCCTCGGGGAATCATAATAGGGGGAGCCGAACCTGGGTGAGACAAATGACCAACGGCCTTGAGGTGACCACAGGCTTATTAGAATATATCCTCATCGTCGGCGACGTCTGCCCCAGGAACCATAGGGGGGCCTTTTTAAAAGGGTTTGGCTACCGCGCGCCGCGAATAGTCAAACACATGACCCCTGGTTGTTCCTTAGACGCAGGTTACAGTGCCTTTACCGTCGACGCCGCTAGCTGTGGCGAACGAGCCCGGTGATCCATTAAAATTGGATGGTCGTAGACCACGAATCAACGCTCCGTCGGGCTTGTACGCTGGCGGGTGATCCGCGGACTAGATTATACATTCGCTAAGCTGTCCCTCAGAGGAGGGTTATCCCACTCGTTCTTTTCACAGAAACTAGAACCAAGCCGGAGCCCCTGGACGCATCCCTGCCAGGTTATGATGGTAAAATCTCTGCCTTTGCCGGACCAGTGTTGCACGGACTTAGCTTGGGGCATGATCACAAAGTTGGTGGGACAGAAGGGCGAGGAAATCGGACTGTTCAAATTACTACCCGAGAAAAGTACGTCCGCATGTGAACTGTGGGAGACCAGGTACCCGTAAGCGCTTTTACGCTTCCGGCCACACACACTGCGGGACATCTTGTCGGACGAGAAGTGATGGCCGCCTGTACAGGCGCCTAACCGACGGGTCGCTCTCTTTTACCCAACGCCTTACCACCTGAGATAAGCGGCTAGTGCCCCAACTTTGGCTTAAGTATCGATAGTGCGAGGGGGTCTTACTCGACCAGCAATTATAGACAGTCCGAGCTTATACCAGCGCGGTAGTCGGGTTGCTGAGCGGGATAAAACACTCAGTCCAGACGATCCCCATAGGCGCCGACTTCTTCTATTGAGCCCGTCCATAGAGGCCTCTTGTTGCCTTACTGTAAACGTCGGTTTGCGGCAAGACTATTAGACTTGGTGTAGGCCTCTTCGTATTGTAACCTCCAGCTCAATTGACATGCTACCCACGGTGGGCCCCTCTACAGGCTAGTAAGTGCAAGGCTCGGAAACATGTTCTAAGACGGTCGGTTGGTAATCCTAGGGGAGAGTACATTGCCGTCAAGTGCTGAGGATTAGACGCATGTTTGAGCCAACGCGCGAGGAACCTGGGACACTGGACATTCAGCAATCGCAGCTGATAACCCAGGGGGCCAATTGATGATAGTTTCACATAGCTTAGCCCACCAAAAGCGGAGTATGCGCGTCCGTTAACGTGGCCAGTCTCGGGTCCTGGAGGGTTCCGATTGAGATGGGTGAAAATGCAAACACATAAAATTAACCTTGCCCTTTCACGCAGGGCGGCGAGGAATCGAAAAGATAACACTGAGTTTCTAACTCTGTTCTT,1773,52.57,Mus musculus
SEQ_720836,CGTGCTGCATTATCGAACACGGCAGATGGTTAAGCGTTTGAGTGGATGAGTCGAGTATGTGCTCTCCCGATTGTATATCATTATCAACTGCTGATATGTGATACTGTGCGCAAAATCTGCTACTAGGAGGTTACACGCGGCGACATGGCGCCGGCTACGTCGGTCTGACAGGAACGACGCTAAGTGGCATTGGCACTGACCACGGTGTACAAGACAACATTGGGTGCAAGGGGAGACCCCACCCAAGAAGGTTATTGGTCCGTCCCAGGCCCTACCGCTGACCACCCGACCGTGATTCGAGTACGACAGGGTAATTCTGAACCATAAAACGCTCCGTCGGACCACTTACCATAACACCCGTGGAAGAATGGGTCTTGCTGAAGGTGTGCAATGCTCACCGAACACGTCTCCCGTTGTTCCTAAGTAGGCTCGGAGTACTTCTCAGAGGAGGCCGTCGAGTGAGCTTCTCTACTTTCCCTCGAAAGTTCAGAGGTTTCCTAGTGTGTAAGCTCGAAACTGAGATTGGTTGATCATCATCAAAACGGGTATATGAGGTGCTGCCGACGCGGCGGTATACGTAGTACGGAGGCGGCTCACCTGCTAGAATCCGCATATGGCTTAGACGGTGCTTAGGGTGTCGGCACCAAAGCCAGCAGAAGGGTCTCCCCACTACGGAGATTAACCACCATACTATATACCCTAAGCCCATCACGCTGTAACACACGCTTGTCTAACCAAAAATACGCTGATCCTCGATACCCTATTGCACCTAGGCCGGGACCTAGAGTAAACGTGTGCCCGCTCCCGCCGATTCTGTCAATAATTCGCTGTGAGAACTTGGGGATTCATCACATCCCTAATAACAAGCCCACAGAGCTATGCGACTTCGGCAGGTACTTAGCCCTCTGTAGGCGAAGCGTCAAAAACTGCACAGTAGTTCTTCGAACGTATTTAAATTCGTTGCAGAAATTACCAGAGTCGCACCCTGTCCCTATACGTCGCAAGTAGACCTATGTTTATTTAGGAAGTCTGGGGCTTAAATTTAAACCCATCCGGGTAGCGTGTCGTAAGTGCATCTTGACACGGATTTCAAGAGCTACGACCACAGCTCAA,1113,50.85,Drosophila melanogaster
SEQ_403342,CATACTATGCGCGCGCTATCCAAAGAACAGCGGCTTACGGCCTTTGAATCACAACCCACAAGTTTGACGCGGATTGAAGCCGTGTCTCCATCCTCTCATGCAGGGAGCAAACATCGTAGACTTCGCGAAGCGCAAAGCGCCCCTAACGCGACCCCTTCTCGTTAAAACCCTGCAAATCTGCTTGATACCAAGCACGCAGTTCTAGAGGCGTGACACTGGGACGAGTTGGCAACACGGGACGTTTGTGTAAGCCATCCGTTTGCGTGCGTCATCATGTTTTTTCTCTGCCCAATAGCTCTACAGATTACCTTGCGACAGTCCCGTCATTGTGGAGAAACAAGGTGCTTAGCAAGGACCACCATGCGGCATTCTTGGGCATATAGGACGCTCCCGAATCTTTCGGGAACCGCATACGAAGGCCCATTGGCACGAAATAGCCGCTGACAAGTGTACGGCTCACTTGATAGTTGCGATTTCACTGTCGCAACTACCCGTAATTTCGAGGGTAATGTCCAGCAACAAAAGCAACATAAACACGGTGGGCCTATGGCCGGGTAAGTAATGACTATTCGAGCTAGATCCGGATGCGCATAGGACTCCCTGTTACCTTCCAAAGTCTGCTGGAAGCTTTCCTTCTTAATGTCTGAAGGCGTGGGAAGTCTATCTTGTTTACAGAGGCCCTACGTCTGCGGTCGTCATAACTGCACGCGAGTGATAATTACCTGCGAGATAAGAACTGTTGCTGTATTAAGGCCAAGCAAATCTATGGGCTTCCACCGGTCTTAACGGGTTAAATCTTTCGCGCTTACAGAACAGTCGCTGTGGCTGGATTCGGGCCTGAGCCACTTGCAGAACAGTCCTACTTGCATATCTTGGTAAGACTCATCATTGGGAAATCCGACCGTGGGCCCATCGCCTTGTGGACGCGACTATCGAAAAGTTACGTGTCAAATGGGCAGCCTCAGGTGGGGGGCACCGGGAGATCCATCTACGAATAAACATAGACCACATTATTTAGTTCTTATTGCGTGACGACAATACGCCCCACGGATTGTCTGCGCCATATAGTCGCCACAGGAAAAGCAACAATGTCGTGAACATGGAACTTAGCTAAATGCGATCCCGTGCTACGCACTTCTCGATGGTGGGTGCTCTTGTTAATGTGGCACTTCTGTAATCGCTGGGCCGACGCCCGTACTGCGTAACGAACATGTCGGATGAACGCGGGGAATCATTTCAGTGGGTGCTGCGGTCTCGGGATTCCCTACCTAGAGATCAACTATGGTGAGGAGATTAAGGGGCTCATTGATCGATACAGTATCTCCGACTCCCAGGTGGACTGCCTAGTCTGTTTTACCACAAGAGTGCGGACATAATCTAGCTGTATAAAACCATTCCTTAATGTGGTGAGATATTA,1417,50.25,Escherichia coli
SEQ_727934,CCTAATGCTATTTGTTATCCCCGGATGCCTGAGTCGGAAGGATACGCGTGCCAGTGACGCGATTTCGACCAACGTCACGTAGATGGCTACACCGAATGCTCAGCCGCGATATCGCAAGAGATAAAGTGGCTCTTTGTTGTGTAGACAACCAGCAACTCATGAAGGCTGGCCTCCGATCATAGCGTTATACGAGACGAGTCTAGACTTCAACTAAAACTCTTGATACATATTAGCTCCTCTCCCTAGAAGCGGTCTTGTGCTCACCCAATTAATCGAGAGAATATTGACAATGAAAATGCCATCACTGTTTTCTAGGGCCGATCTCTCTAGCCCCATCTCAGAGTTCTCGAGCCGCCAGGCGTTGCCGAGCAGTTCACGCCCCGGAACTGTAGTCTCGAGTCTATCTGCCCCCAGGGTGTCTTGCACAGACCATATTCTACTCCTTACGCAGTGATTTCCTTACTTAGAAGACTATCGGCGTAGCGTATTATAAGCTACAAATACTGCGAATTTATGGGGCCAATCCCTTACTGAGTTTTTCACGTTGCCAAAAGGAGCCGTTCTGGCTCACCTGCTTGATGCAAAGGACCACGTGCATTATCATAAACACAGGGCGTGCCAACTGACATGGCACACCTTTAGACAAATATACCAAAAAGAGGGGAGAGAGTAGCCCTTCATGTGGTTGCTGTATCAGTGCCGAGCATGGAGTAAAAGCGGTAGAGCTTTGCTTCCTCCTGGTACCTTCATCGCCAGTTTTATCTGCGAGGTAAAATCACACCGCCTAAACTCAAGCTACGCAGGGCGCACTAGACCGGTGTCTCATGTGAAGACGTTATGACTTGCTTTCACGCCTCGCATCAAGTTAAAACCCGTTAACTAAACAGTTCACTGGACACGGCGCCCGTTACGGGGGGCAAGTGAACCGTTGGATTAGCTGACGCGAGTTAACATCGTGTTCTGTGTTACAGACTATGCCGGCCTATCGGGGACCTGCAGGCCCCTTGAAGATGGTCCTGGCGGTCTTTGATATTGAATACGAGGACGTTGTAAGCCCCAGCTTAATTAGATCCCGTGCATAGCCGGCCAGATCTCGTTATATTGTAACCTGGTGATTCACTCAATCGTTCCTGTTTATGAGTAATGGCTCAAGTATCTACGTCCGCTCCCAGCTTAAGGGTGTGTCGGTGTTCACCGCTCCTATAGCGATAAAGCTATGTGTTTCCTTCCCGGATGGGGTCGGGGCCCTAATCCGGAGACGATGTCATAATTGTAGACCAGCGTACCATAGTGGATCACAGGTCCTATTATATATGCCACGAAGGCGTGCCGGCATTCCGCGGCGTAATAAGGAAGCAAAGCCCCCGCTTCGCCCTACCCCGTAGCTATTGCACCAAAGTCTCACCTTGTGCTCCTTCTTTCTAACCGGCGTTGATACGGGGTTCTGGCTGCTAGATGGTACTCCAGCCAGCTCAGTTACATTGCGTCTGGGCAGGGGACGGTGACACCAAGGCGGCGAGCTCTACTCGGAACAAACCAGCCGTACGAGATATAACGTCCTAATAGGTGGGTGGGACAATAACAGAAGTACGGTCAAAAG,1600,50.44,Arabidopsis thaliana
SEQ_493871,TTCTCGTCGCGATCCGGTGATCTTATGTAGGCTTAGTCGATCCGGGCGCTTCACCAATCAGAAACCCTGTTCCTACAATATAGTTGTCTTGACATGTATTGTCACGACTTAACAGACACCTATCCCCAATCCCGAAAGGGTGCGATTTCTACTCTGTATGGTGGGCAAGGAAACATCTACTGACGGAAAGAACCACTAACTTGCGTCCTATATCGTGATGTGTGAGCTTGAACTTTCCCGAGCGCGTCTGAAACGAGACTTGTCTCCTTGATTCTTCCTATGCCGGTGCCATCTAATGTATTATTAGGTCTGCCCAGAGAGCAACGGCTCTTGCTCGGAAATCTTGTTTCTCGCATAAAGCATAGACCGCCGAGTATAAGCGGGCATAAAGTACATTGAGGCGATGTCTGGCACAGAATATTTGGGGCTTCAAGCGAGCGGCTTATTTGCTACATCTAAATGGTCTTAGTGTGGATTATACCTCTAACAATTGGGCCAAAAGCTCTTAGTATGTGGGGGCGTGTTGAGGCGCCATCCGTCTGC,543,47.7,Saccharomyces cerevisiae
SEQ_760756,GGGATACTTGTCTGCGGGTTAAAAAGTCCGTCTCATCGACTCTTCCCGTAGGCATCCCTACGACTGACCAAGTCTTGAGTGCCATACCCGCGGTCCGTTTATCAGAAACCGTCTAGCCAAGTCTGCCCTAAAACTTCTTCGACTGTGACCGGACAGTTGAGCGATGTTCGGTTTCTTATAATAACTGGACAATGAGACCAATCTATACGCACCTGACCCGTTTATACTGACGTCCTGTATTCAGTACGGTCCTTGGCCTCTGCATCCCAGACGCACGGAATTGACTCCCGAGTTCAGAACTCCTTCCGCAGGCGTATGGAAGGCTGTGGGGCGAAGCTAGAAGTTCTTTTTACAAGTCGGAGTCGCAGACTCAGGGCTCGGGTTCTGTTTGCTACGTTTGGGACCTTCTTTATATGGTAAGGGGCTTTTGTTGATCAAAGCCAGTCCACCCTAGTGCACCAGTCATTGTTAGTAACCACGGGCAACGCGCTAAGTGCAGTGCTGTGCACTGCATGGGGAACGCAGGTACCTCTTTGAGACGTGCGCTCCTGCGGCATCGGTTCTCTCTCCGGCCTGGTTCGATTGTAGTTCCACATACAAACCGGTCCGGAGCAAGGAAGTTCCTCGCTTTTGATTACAAGAAGGTACCGGTCAAAAGAATTTCAGCTGAGAGAATGTTCTAGTGAAGAAGAACCAGTGCATCGACCTTTTTGCCTAGACATTCGCAGGGGGGATGGGTTTATTAGCTATATGGGATTGAATGATTGGAAGGGTTTATCCCGCTGATCATGTCCGGTAGGGTGAACGCGCGGGCTACTAGCTGTTCTTTCCAAAGAGTCACTCCTTTGTACGCTGAAACATCGACTATGCTTATGCTTTTCCCAACATGGAATTTTTGCATCTACACAC,909,49.83,Drosophila melanogaster
SEQ_677558,ATTATCCAGCTCAAAAACGTCTAGGGTATCACACTTCTGCAAGATGAATTTAAACGAATGTGCTCCGACATTACGGCCCTCCCTTCTTAGATGAATTTCCGGCGGCACCAGTTAACCTTCGATAGTAGTTTACTATAGTAATAGACTTCCCATACGGCAGTAATGATCTGTCAGCCGTAGGTGTACGAGCAAGCCAATCGTCACTTAAATAGTAGTTCAGCCTAGAATCTTTTAGGACATCAGACCGCCGCGTTGGTCTTTGGATCCAGTTGTCCAGAAGTTGCCAGTATTAGAGGAGAGTTGTAAACATCTCCGGCGTTCATCGGTGTACGTACAGCAACTAACTCGGTTTAGACTTGGCAGGAACACTCGCCTTTACATTTGTCTTCATGATATTTCAGGCATTCGCTGTCGTGTCGATGAAATTTTCGCGGACCTGTAATCAAGGCCCAACCCTGGAATCCTTCAAGACTCCCGCTGAAGTAGATCCACATTGCTCGTCCATGAGCGTAGACGCGTGCTACCACGTCCGCTTTACCAACAGGACCAGTTAGCGTGTTCGGCCCATTAGTGGGTTACATCGAAGGTATCCCGCCGGTACTGCACCCTGCTTTGACAAGACCTGTATCCCCGGACATTACTATCC,646,47.83,Caenorhabditis elegans
SEQ_718979,CCTTATAGGTATGTAGCATAGTGGAAACGCTATTCCGAGCTGCGTTTCTCATGTTGTACGAAAATCATGCCATGCCACTTAAAAATTGTGGGTTACAATGCCGGCATGTCGCGGATCATAAGACCAACACTTGTTGTCTTGATTTGAGTGCAATCCTGACTCAAGATCCACTTGTGCTCGAGGTTGCGCCGCAATGTAGCACCTCGCCGAATAGCGCGGCAAGGATACTGCGTGGTCGCCCACCGCCCGTCACGTTTAGCTCGACAGGAACACGAAGTCACGTTAGCGTACGGCATAGCGATGGAGCGCGGGGTATCAGCTCGATTTATAAGTAGAGCACGCTACAGGTTAGTCTCATAACCGCGTTAGACCTTCCGTCCGCCGACTATATTGCGCCACTTCCATGTCTGGTGTTTTAGACTCTATTCACTTTTTACACGTGATTACTCCGAGAGCCGTGGGACGTACTGCAAACAAGGTACTTGCTTTAGGTCCTCCGAATTACCAAAGGCGTATCGCTCTTGACAGGCCTCGAGGGCCAGCCAAGACGGCGGCGTCCCCCAACACAAGGAACTCGAACGCTTCCCGGTGAACTTCGAAGTGGCTATGTTGACCGCTCCCTTACGTGAGCTATGTTGCGAGAAGGTTAAAGCGCACACGCAACCTTTCTGAGCCCGATCAACCGGCCTGAAGTGTATTATCGAGGTCCACTCCTTGCAATGGGAGGCGCGAGCGAACCTGCAGATGCACTGACCCCGTCCGCAACGGCGTTCCAGTTATCCGGCGAGGGTAAGTGTCTCCCAGCTTGCCATAAACGAAAGATTTGCAAATCGCGAGCATCGCGACAAAACGCTGTAGACAGTTACTGAGGGGGAACATTTAACGGAAGAACCCTGATCTGTCTTTGTCAGCGCCGGCGCTCTTTACTTTGTAGTAATGTTTTCTGAGAGCTATGTTATTGTCTTTCAAGCGTTACTGGGCCACATACGGGCCACCGCTGCCCTAATTTTGGACTTTTTAACGAGCATTCGCTTGCATGGCTCAAACTAGCATTATATATCGTTTGTTACTGGTCGAAAAGAATAACACTCTACTACTTACCCCAGGGAGGGGTCCCTCCCTGATCTACTTGGGTAAGATAGAAATCAAGGACAACTAGGTGAATAGGTCACCGCGATTGGGTGTTCTGGTTTCTGCCTGGATTTAGTCCAGAGGAGAGGACATGGCGTATCACCAAAGGGCGAGTATTGGTCTTTAGTTTGCACAAGCGCTAAGGCGCTGAGTAGTTATTTAGGCAGATGGATGTCGCCCGTTCCGATTAATCAGGTCAACCCAGAGTAAATCCTCATTACTAGAAGATACTGTAGTTTCGCTCACCCGGCGGGGTTGTTCAGTATGGGTCTCCATATGCAAGCTATTATGATCTTATAGTTGTGAATATTAATTATCAACGAGGGGCTCGGGTCATTAGCCGTGTAGCAGCCCCCTAGTAATTTTTATTGATGCTGGGGACCAAAAACACGACACGCGGTAGTCTTTTCGCCAGGATCCACACGCTTAAGCGCTTGGTTATCCAAGAGGATCTTAAGCCCGCGGTACCGCCCCCAAGTATATCCCGGCTGTCACCGGGCATACCTTACTGAA,1644,50.12,Saccharomyces cerevisiae
SEQ_500702,CATCTTCACATGTAAGCAATAAGAAACGTTAAACATGACGCCAAGGCAGTTTCCGGTACGGTAAAGTCATTGTCTCAGCGACTACTCTATCCGGGATCAGGGCTGATAAATACAAGGCCGCGTATCATACATAAAAGCAGATACTGCCCAGAAAACACGCGATTCTAGGAAGATTGCGTCAGTCCTAAGTAGGCCATTCGTTGCTGTGGATGCGGAGCCGGCGCCACCCGTACTTGGTATCCTAGTCGCCCTGATATGGGAAGCCTAAAGTTTGTGTCATTCTGAACCGACCCATTTTCATTACGTGCCCCGAAGACGATTTCAGTCAACGCTCATAAGCCCACTCGACAGCTTCCCTTTTCGTTCGCTTGTTAAAGCCGCGCTTTCACAACATACAATACTTGGTGTCCTAGGGTGTGAGCATATCTGGCCCTGTGGGTGTAAACTGCAAGAATGACCCCAAACAAGACCGCTCAGTACTGCAGAGGCTTAACCTACGGCAACAACAGTACAATTGTCCCCATGATCAATGTAAAATAAAGGCCCCACACTCAAGAAACGGGACAGCGAGTAAAGGGCGTGGTACGCCGCGAGACCTACCATAAGTAGCCGCGAGCCTCGTCTGGAGTGTTTTTCGACACACAGCTAAATCATATCCCCAACTATACCTTATTGGAATAGGCTGATGAGTATCTTGTCGTCTCTAGACTGTAAATAAGATGACTACCTCCGCCGGCTTTGTTGGCTGCAAGCACCTACCCGGCACAAACAAATCCGCATTGCCGTGGGTGTGGTGCGTGGGGCGAAGATGAACGTCAGAATGGCCCACGCCACGACAAGAAGTATAGGGCGTTCATATAAGATGATTCGCAGGCCGCAGGTTTATGCCCTGACCAAGTAGTTGACCTGCCTAAGATTGTTTAATTACGCTCTTTCGGGTTTAAGTTTTATGCAGGGTCAACACGTCGTTAAGACGGGCCCCCACTCGAAATCCGGGAGCTTGCACCCGTCCCTCCTTTTTCATGTCAGACTGATGCAGATTAACTCCAGGGTGACAAGGTGTAGAAATACCCTGGTTCCCTCCTGACATGTTCATATCTGTTGAGTACAGAATCGGAATTGAGGGGCAGAGACCGGATTTGAAGATTCGTGACTTTGGCAGGCGCGCCAACTTGGCTCCTGTGCATATTCATCTGGCACAAAACAACGCTAGGAACATCACATGGTAATCTAGTTCGTTGAACGTTCCTTGGATACCCGTACGGTCCCCCCGCGCAACTAATTGACAAGAAATGTGGGGATACTACGTCGGCTTGAAGGACCGTGGCAATTCACGCGCTGGCGGAGTCTTCATCTTAGGCGTCCTCGACGAAGAGAAATACTACCGATTCCCCGGCGTCTCCAATTCTGTATGCAGTGGGAGAAAACTCACTTTAGGGTCTGAAAAAGTGTTGAGTAGTGCTCTCGATCAAATTGTCGCCCAACACTGTTGAATCTTCAGGACTCGTTAAAACGGCTATGACCGCCTGTCTTCTAAAGTAGCGTACGAATAATAGTTTAAAGGGCCGACGATCATAAACAGTTGTTGTGGGTCTTACCCTTCCACATTGTAAGGTCTGTAGATTGGTAATTAGGTAGGATGGGGATATTCCTGGGTTCGAAACTAATTCCCAAAGACTGCGGCGCTGCGTGATGATGTCTTGTACCGTCGATGGCTTCCTTTTCAGACCGCGCTA,1736,48.96,Escherichia coli
SEQ_243128,GCTAGGTACTCATATTATGACGTGGCTGTGTTAACGAGGCTCCCATGCACCCCGATCCCCCGCCCATGGCTTTTTGACCGGGCGTCCCAGTCTGCTAGCTCGAAGATAGTCTTTAATGGATTGGGTAACACCCACCCAGGACCGTCCTACTCAGTCCGGTGCCCAACTGGCTCGTGGTATCCAAAGGGGATCGTCTAGCAGCTAGGCCCGCTCGCAGAGATCTCTCGAGGCATCAGTGAGTTAGTCGTAACCCCCTCTGCCCCTATCTTGCTTAGCCTCAACGAATCCTTCCGCTCGTTGAACGTTGTTAAAGCTATTGAGCAACGCCTTTTAGCTCATGAACCTGCCGGTAAAGTTAAGTTAAATGCGGGAAAATTACCCAATATCCATGTAAGAAATCTCGAACACTACTGCGATCTAAGCTACCTCGCAACTTGGCAATGCCTGATTGCCTAAATTAGGATAACGCTGCACGACCAATGATGCAACGTACCGCGCAGAAGCGTTCTGGAGTGGCTCTACGATTACGTATCTTAAGGCACGCAAAAATCAGGATGCCATTCTTGGTGATCCGAGGGCTAGGTCCGCGACCAGCTGGACAGAACCCGCATAGCGCCCCGCTCTGCACTCTTACTGGAAGATGCCCCTAGTTGAGCGGATTGAGAAAGGTTTATACCACAGCTTATTATTATGGGGTCACGAGCCTCTCTTTACGTCATAACTACCAAGTGCTATTTTTCCCGCAGCACACGCTAACGTAGAGTCACACTGTGGCCTCCCGGTGCTCTTCTTAACTTGTGACGTCGACCAAACGAACAATATTGTACCATGACGCCATGCACGTTGCCCCGCGTACTGCCCTAGTGTTGGACCACTCGCACGAGTCTGGCCCTCTTGGGCGAAAAGATATGACCGCCGAGCATAAGGCCGAGGTACAGCCGCCACGTGGACTTACGAGAGCGCTGACTCTTAGCGAATATGTCAAGTGAGTACAATGTAAAATCTCACGTGATACTTGGCGGTTTTCGATGCGCAGTTGTGGACCAGCATCCATGATTAGAGGGCTAATCTGTCCGTTTCACGCTACATCACTGGTCCGTCCTGCCGCCGACTACAGCTTGTCGCTGGACACTTAAGTCATGGGACTGGAGACCTAGACCTGCCTTGATAAAGAACGTTGCGTGTCTGATCCCTTTGAAGACCACACTCGTACGGTCGCCGTTGCCGTCCCGTTGCGTGGCCGACGTGTCTGCATGGCGCGAAACGAACCGATCGGCCGATCGGTTCACTGATACTAAGCAAGCAATACGTCTTCCCCAGGAATGCCTTGACTCCCGTCCGGAGTTCAGATCTACCCATTCGAGCTACGGGTAAACAGCAATTAAAGCCTGGCAAGTTATTGACCTGTCTGTCGAACCCCAGTAAACCGTACTATCTAACTTGCTATGCAACTAGAGCAGGTTTAGGTAACACTTACATCTATTAACGATTAACAGGAGCGTTTTCCAAGTCGGTTACTGAGTGTCAAGCGCAGGTAAATTCTAACCACGACCGCATAGCAGTAGGCATGCATGCCCTATAGGGATATTACCCCATCTCGGCTTGTGCAACCCGCTTGGTTGCGCGGTGGTACTTACATCTCGGGCTTCAA,1651,51.61,Saccharomyces cerevisiae
SEQ_961323,GGTCCTGTTGGCGCGCGTTGCTATAGGTTGAGAGGACAGCCAGGGGTGTAGCTACTGGTATGCGCTGACCACGCGCTATATGGCAGGTGCCCGCGGATTATCCGACGTAGCATTCTGAAAACTGTTTACTTCCGCACCGGGCTCCCGAGCCACGAGCAAGTCTGGTGATGTTCGAGTCTGCAGTCCTGCGTGCCTCCGCGTAATACTTAGGCACGTAGAAGACCGACCACAAGGGCCCCGGGCAAAGACTACAATATAGATATACCAGATAAGCATCTTAGTGCGCTGAATGGAATCATTCAATCAAAGAGCATCTGCGCATACTTTCATTTTGGGTATCGGTGTACTTACTCATCAACTCTCGGCAGGGCGGATCCACCCTGTTCTGTTACATCCCGTCCTCAAACGTATCTTCGCGCCTAAAAAGTTGTCAAACAGTTGGACGCCTTCGTGCGGGCCATACTCTTCAGTGCGTGCATACGGTCTGACTTAGTTACTCTGATCCGACACTAACCTAGGTGTGCGATCAACATTGGGCTGGATAGGTAAAACCGGCCCTACTTAGTTTCATTAACAATGTGGATGACTGGTGCTTTTCACGGGGTAAATAGAATCCTACTACAAAGTCAGCTCGAGTCTTTGTCAAGACCTGAAATGATGTATAAGGATAAGCATAACTGGAATGGAGCACAGCCGCCTGGCAGAATATTTTCTATGGTAAGACGGAATAAATAGCCGTACACCATATTGACACTTACTGCCTGCTGAGGGCCAGAGGGGTGAGGAATCTTCATCCCCACGCCCCGGACACCAGGTCTAGTCGGACCTTATTATAATCTCCTCATGCTTCATTTCGCTTAATAAGCCAGTTCAAAAAGAGAAACCAATTGAGCAGGTCATCGTCACGCATGGCAAAGGTCGGGAACACGTGTGATTTATGCGATGGGTAAGCAAGTATTGGAGGCCGGGTTATTCATCTAGATGTGTCAAAGGTATGAGTCCTCTCCCAGATGGGATCCACCTACCAGTCTGTTGCATGTAGATCTTGAATCACTTCTCCCAACCTCCCGCAGGACATGGTCCTCGCAGTTCACTTTGGTGGATTATGAATTCCAGCCGAATCGTGATGTAGTTGTTAGACGCAGTAGGCGACTACGGGAGAGCGGAACGAAAATTAACGCCCACGTAACACATTTGATCTCCGTCGGTTCGCTCGGGGGAGTCACGTCGTTTGAACCCTACGGTTGACAAGTACAAGTGACCTGTGTGGTGAGGGATAGCCCAGGAGGCAATTGCTTACGAGTCCGATGGCTGGGCCCACCGACTCAAGACCACTGGGCGCACCATGACCAAAACCCTTATCTAACCATCGTGCTGGCTAATACACGTCTTGACCTATCATGCTCTTAAAGTAAAGGAGCGGCGCAATGGCCTGGGTCATGGGGCGTCTTGCGATCTAGTACAGTGGTTTGGATCTAAATCCGACCCATCTAATGTCGAGTGCAGATATCCGGTAAGGTGGCTTTCGTGTGTATGGCCGGTTAGCTAAGGCCACGTGCATATGGCGGGGGACTCGCGACGCGTCGAGACTTTCCGTGCAGGACCAGCGAAGGTTTCAATGCTGATCAGGCGACTCTAAAATACGCGTTCGTGGCCAAGGCTCAGAGCGTATTACTCCGGACCTATTACACGTAACGATGTAACTTAGAGCAATCTGCGGTTGATCTCCGCCGGTCCGCAGGCAACAACCAAGTTATAATCACTCCACATTCGATATGTATCCACATTGAGTCTGCTAGCTGCCGTGGG,1809,50.58,Mus musculus
SEQ_108425,CCTTCTATGCACGACTTCCCCTTTTGTCCTGAGGTCTACTGGATCGAACTACGCGTGCACAGTGACGGTTCCGTTGCCGAGCATATTCTGCCATAGCCAGCTAGTTGCAACAAAATAATTATCGGCTCAATCGTGTGAGATTGTGGGTCACACGAGCCGGGCCTATCCGTTTGCTACATGCTCCCAGTCAAGCGACGGGGACAGCATGGGGGATACCATCTCAGGAGCACTCCATTTCACAGCTGTCTTTCGTTGCCGCGTGCTTAAAACTGACTAACTTCGACACCACATACAGAAAGCCGGCACGTAGAGGTCAGCAGAATCTTTCCTTGTTTTAAGTACATGGATATATAGGGGTAGATCTCCGCGTATTCTTGGCTCAAATGGGACTGAGGTCATCAGTTCTGCCAATAATATCTTCGAGATCA,428,49.3,Saccharomyces cerevisiae
SEQ_260790,TATTTTTACTGGACCAAAAACGAAGTTAGGGCAATAATTACGTTGTCGCACAGTGGTTCACGTCCCCTTCTTCTTATTCACTTGCTCGGTTCGGCCAATAGAGAGAGCTATGGACGGATGAGTGCCAAAGCCTTCAGCAAGAACTAAGCGTTCTTTCCTCTGATAGGTGCAACGAAATGCTAAGTTCTCTTAGACCGTTCGAAAGCGCGGCTCAAAAAAGCGGCGTGCAACTTTTGCTTTTATACTGGACGCTACTGGGAACCGACCAGGGCCCTGAAAATCTACGCAGGAGCAACGTGACTAAGTATCGCAAACTCGGATCGCCTAACCAAGGAGCATGACTGATAATATTGTCGGGTACGGTGGCTCATGCTAGTTACAAACCAAGACGCGGTAGTTAAGCGTCTTTCGTTAAATTAATCGATGCTCAACATACGAGTAGGTCAGACTCGACTTTCCACAGTTTACCACGACATGAGATCACGGTCAGAGAAGCACAACGGGGACCTCACAGGACTAAAGTAATGTAGCATTCACGACCGCCTGAAGGTTATAAGCTGTGTTCCCACCCTTCATTCGGTGCAGGCGCGCGTACTTACGAGTACTCATGA,611,47.79,Saccharomyces cerevisiae
SEQ_904211,TAATCACCAGTATGCATTATGTGTAATTTACCCCGTGAGCTGCATCCCCATGAGAATGGCTCGAACGCAGTTAGATGCCCTTCATAGTTCCTCGATTCTAGACTGTAGATAAACATAAGGCCCCTGGCTTGATCTGTCTTTTCCCGCATTAAAGAACTCCACACGACAGGGTGACTTAGATCCACAATATACTACGAAAGCCTTGCCCGGCGAACGCCTCCCACACACTTAATGTGTGAATACCGGAAATCTCCCGGTCTAGATTAAGGGTATGGTAGAAAGTTCACCTTGAGTCGGTGAATAGCAGGACGTCCATTTTGCACTAAGAATCAGTAGCATAATGCCCTTAGCATAAGTCGGTCGACGATTACTTGTGGTGCTCATCTTAGCCCATTTTTCGTACCTTCGTGCCTCCCGCGACTGTCGAACACGGACCAGGGAGTCTCCTTTGCGATTTTCGACCTATGCGGTTTCTCGATTGTGGAATTCGTCTGTTCAAGCCGTCAAGTCGTGCGCCAAGCGGTAGTGCGACAAGAATCGCTGGGTCGTATTTAAACGAAGATTCACGAACAGCGTTTAGGCAATCTTGATCGTCATTGGGAGGACAAACTCCGAAGACGTTACTTTCTGCTTGATACCTCCAAGGTAAATAAACGTCGAATGTATTTAGGACACGGGGATGGTATAAAGGGCCAGCGTTACAATTGCTGTATAGGCAGGACTCCTGTATGTATACTATTGTGTGGCGCAATAGGGTTAAAAACCATACGCATGTAACTTGGCTGGGTTCACGCCCTTCACCGCATCCACAAGGATACAGCGGTCACATTGGCGGACTCCACGAACTTATCTGGCCGACATATGGGCCAACCAAAGACTGAGCGGGGACGCCGAAAGTATATCGAGCGATAACATG,916,48.03,Drosophila melanogaster
SEQ_570451,GTGTCGCAAGACGATCCGTGTCGTCGCGAGAGAGATTCGGAATTGTCCGCGTGGCGTCTTTCGAAACGTGAGCCCATTCGATAGAATGAACACCACTCCAGGGGGGGTATGCCGTATTGGAAGAAGAGTTATACGACGACAATACTCTAAAGAGGCGAGCACTCATTTATCTCAACAGGAGGTTTTGACACTCGCAGTTTGTGTAATTATATAACCCGGCCGTGCGCGGCAGCCGATGAAGGTTTGCGCTCCGAGGTTTCCGACACGGCAAGCCACTTTGGTGTGAAGTGTCTCTAGCAGGCCGTGCACTTGCTCGTCCGAGTGGGTAAACAACATGATCACATATCATCACCGAAATTTGCCTGGACGCCCGCGTATATATTCGCAGGTCGCCCGGCCCGTAAATCTGCATCCCTATACGTGCAGTACCTCACCCGCCTCAGGATTCAAAAAAAGAATCATTGGAGTCACAATATAGCGTAAAACGGCCAGTGACCCAGACAGTATTGGACGCGTTACAACAGTAGGCGGTACAATTGCTATTAACTACGTCTGGCTCTCGACACTCGCAGGCCAGTGACTCAATCAAGACGGATACCTGCGGTGGATATTACTGGAGTTTGGCCTAGGCCGAGAGGACAAATATCCCACTCGAATATA,660,50.91,Mus musculus
SEQ_806203,CCAGCCGGCCACACCCGGACAGCCTTTTCTTTTGGGATAGCCACCACCCTAACCAATCTTTTCATTCATTCAAGACCGGTGGGAGAGCACTTCTGGGAGATTCCGCGTTAAACGTATGGCTACAGTGTCACATGGGATGGTTCCTTCGATTTAGCTACTACGTTACAGGCCCGGTGATGGCCTGTTACGAAATCGTCCATACAAGAGTCTGCGAAGGTGTTTCAGTGTAACCGACCGCACGCCAATAGTGACTGCAATCTTGCAGGGGGCGTTCTACTCGCCACCGGCCGGGACTAAATGTCAAATGCTGCAGACCATGGACTTGCGTGTAGGCTTACAGAGGGATAAGAGATCAACAGGGCGTGCTCTGTTCCAAT,377,52.25,Caenorhabditis elegans
SEQ_981276,GTACTAGAGCTAGATTATTTGGTCTACTTCGCGGGGCAGTAGGAACTGAGGCTCGGGAAATTTCCCTTTCGACTCGCACCTAGATCCCCTGTACGAGAGACCAACTACCCTTCAGTCTGCCACCAATACGTATCGCAGTAAGCTCCGGCTAGTGTCAAGATCGTACTTACACTGGACTCGAAGTACCAGCCACTGCGCGTTTTTTTCGAGAATAGCGTTTGCTATAAGCTGCTCAGAGGTAGTGGACCCTGCTGCAATATACGGTCTTGCCGCGCTAAATGCTTACGTGACTGTTGTGTAAACCACGCCTCCCCCACAACCCTTTGTAGTTTGTGAGTGGTTTTACTTAAGATACGCGGCCGCCTCGTGAAAGGGGTCAACGATAATGTTACCGGTCTCACGTCAGTTGTCGGCTGCTGGCGCATGTTC,429,51.05,Escherichia coli
SEQ_663953,GGGCGGTATAGGGTTCGAAATACCAGAACGTCGATAGGGCTGACTCAAGTGTCCCTGGCAGGCCCCTAGCTCCTCAAAAGATACACCACATCCGATGGGGTACATGGTGAGAGTGTCTTGGCAAACGGCACATTTTAGGACCAGCGTTGACATCGTATAGCGGGTTCACTGGTGGAGGGCTTCCCTGGGCGAAGACCGAGCAATTTGCTGCAGATAGCGGAATACATGACTGCGTAACGTCTCGAGGAGAAGCTACCTGATTTGCGCGGGACACATCTCTGGACACGGAGGTGCAAGATGGTGCCCACAGGTCTAGGTTGTGTTGCCTTACATAAGCGCTGAGAGTTACTTGGCTAAGAGCCGCGAACGGCGTGAAGAAACTAACGTTGTAGGATGCTGGCAGCAGTTATTAATAAAGCTACGAGCTCTCAGGATTTTTTGCGCACCATATTGGCAGAGACTAAGCCGACTGGCGCATTAAACCACGTGCAGGCTTGAAGCATGACGTGCGCCGGCCCAACGGATCAATCAAGGCACTGGTACTCAGAGTACTCGGAAATGTGTTACAGACTGCATGACGACCGCCATACCTTTCCCCACTGAGTCAAGTAGAGTCCGACTCACATAGCACCGCAAAGGGTCCTATTTGATACGTGTGTACCGCATGATGGCTTTACGAAAGCTGGCTTAGAAATCCAGACCCTACATTCTCCAGGGTCCCTCTACGTTATTTTTTCCCTTCGGGGGATATTAGGGGATAATGTGCGCGAGCACCCTGCAAAATGCCCAGCATAACATGTGTCTCATATTCGATTCACTTTCCTCTCATTCCCGTCTGAATTGTCGGGAAGGGGGCCGGGGGCAGCTCCAAGGTCACCCAAGTCGGTGCCTCTTCGTACGCGGTAGGACTTCGTTTCGACCAGCTATGGAGTGTCGTCCGGCGCTAGATCAGATTTGGCCGAGGTCTCTAAACCTGTATGCACTGGGATACGGTATCGCTCAATGGAACGTCCCGCAAGTCGTAGTTAGTGCCCAGTCGGGAATCCCAGTTCTCGGGCTACTGATATGACACTAAGTTCATCGAGTCCGGCACTTCTCGGCATGGGGGAACTTGTATGTATACAGAGGTCTACACAGCAGGGCTTTTGTAGGTCCGAGATGTCCTACCAACAAACCATATTACATAACTGATGTTTCAGTCACTGGCCCGTTATTAGCTGCAGACAGAGATCAATAGGGGGCTACCTCGAGGGGTGATAGCGTGAGTCTTGTACTATGCGTAATCAGGCAGATTACCATGCGTATCGAGCCTAGTGTGGAGATGAACCACCAGGCTCTCAGTACTTGCAATCTTTTATCATATAAGTTTGTTTGACAGCAGATTACGTACTTATAAACGCACGTTAAAAGTAGCCTTGAAACCAATTACGCCTTGATGCCCCCATCGATTATAGGTGGATAGGGTTACAATTTACGTGCGTAGACTTAGACTGGGTAGGGATAATCTAGCCCTTCCATTCTACGAGTTCTTTGCCCCGTTAGTGTACTTAGCTGTGTGGAAGGTCGCGTGCAGGTCTGACCACGCCAGTACCCAACTGCGATACGAGCGTAGGCGAATGAAAATCCTATACGAGTTTAATTCCGAC,1646,50.49,Homo sapiens
SEQ_907702,CGAGAGATCTCGACGCCGGGCATCCCCGCGCTTGGGTGCGACCTGCGTGAAGGACATTCCGGCACTGTCGCCGGGTACCCAACACATCGCGCCGCGTTCATCACGGCAAAACTCTGCAGTACCGAACGGCATAAGTACAAGGTGCCTGCACATCTCTGGAGAATTCATGCACGACCGGGAATAGTTAACGAAGGATTTAGAGCCGCCCGTATAATGTCTTACGATTTGACTAAATTTTCCTATTTACGGTCACATAGCGCTTAGCATTGAAATGGACAACTGGCGAATTAATCACCGGACCTCAGCCGAAGTATGCGTAGAAACAGCGCTCAAATTGATTCGCCTATCCCGTCTTTATTGCTGAGGTAAACTGATCGTTTAATCCATTGGCCTCCCCGGTTAGGCCACCTTTCAGCGCCAGTACTCTGGTCATGGTAATCACTATAGTGCCCCATTCAGCCACCCAGCTGGGAATGAGCTGCGCATCCGCGCTTGAACACTATAGCGGCGGGCCCCATATACTTCGAGCGATGTGTTATTTTCGACAAAGACCACCAGGGCCATAACTTGACTACACAACTCACCACGCATCCTCCTTGTAAATAATCCGACTATCGGTCTCTCCTTCGAACCTAGGTCTGCTGACCGCCGCCGGAACCTGATCCTGACTTGCTTAATCCGTAATGCGAATGGGTACCCAGAAACCCGGTGGAGCACCCATCCACGATACCGGGGCCCCTGAGCATAAGAGGCGGGAGCTTGCCGCTGAACATTCTCCAGTTTAGTAGACAGATTCAGGGTTATCCGCAGATAATCTCGCCGATTGCGTGTTCACATATTACTAGGTTGGGGGCTTGGCGTAGTCGGCCTGCAGTTGTTAAGCGATTGTGGCTCTACATTCAAAGTTGGGCCGATGTGGAAGTCCCGAACGGAAGCAAGCTTGTTTTAGAGTTAAAGTGTAACAAGCAACAGTAGAAGCCTTTCGTTAACCATAAGTGCCTGCTAACCAATATGATGCAATTATCGAGGGGCACAAAATCACCGATGCGTCTAGGTTCATTAATAGGTGGGTGCAAGCGTCGGTTGCCACAGCGTTTCCGACAGTAGCGGCAGCGAGTCGAGGAGCCTACAGGAAAGAGAAGGCTCGGTTTAATCGCCGCGGCGACTAGAAGGCTGTCAGCACATCAGTATAAGACCGTTTCGAATAGTTCCATGTCCCCCGCTCTCAACGGTCACTGCACAAGGTGAGAACGGAATAGGGCGCGGAAACAGGCCATACACGGAGAAACGAGCGATATAAGCAGTCCCGGACCAATCCCCGTGTAGTCCTTACGAGCTTTATGGAAAAATTGATGGGGGGTGACAGGGATCGTCGACCAAGACACCGTGGGTTGGGCATCGCACTGAATTTGTTACAGCGTAGATTTGGGTCAGTAACAATCGGCGCCGCATGATCTCTCAGCCCTTACGTGTTGCACCGACTACGGGAACACTGGGTG,1499,52.03,Saccharomyces cerevisiae
SEQ_770491,CTAAGAGACTCACGAAAGCGACTGCCCAATTTAAGCCGAGTTGTCACGATTTAATTTTCAAATACAGCCTGTTTAACTCCTGCGAGACTACTATAGGTTTTTCACATCCTTCACAGCTACCTCGAGGATAGCATTGGTATGATTTTCGGTATAAGGCGAAGAACTCTGGTTGATGAGTTAGCAGCTACCGAGTTGACAGATTCGTTGATCCTCACACTCGTTATCCCACTAGTTCTACGATAAAGTACTCTGCCCGAGGGCTTCAGGCCATGTGACTGGTTTAGAGATTTTCGCCAGCTAATACCAGTCTAGTACTGAGCCTCCTTGCGGTTCGACGCGTCCCCTAATTAAATAGACCTCCATAACAGGATTATTAAATAAAGGCACGGTGGATTCGTCCGTACCGCATACGGAATAACTTTCAATCCTATAGAGGCGGAGCCTGGAGCATCCCGCAAAACTTCCCTAGTTAATTCCGTCTAGCGGATGGGACGATTTTTAAGCGTCTACTCCTCCCGTATTTAAGAAGCGAGCGAACCTCATTTATCTTGAAGTTTTCTAGGCAGCCTTGAGTAATACACCATCACCTGATCAGAGGTTAAACGCAGTCCCAAGCCCGTCGCACGAGAACCTCCACCACTAATACCAAAATCCTCATCTATGCATTGATAAGCCGGCGCGGCCCCACAGGCACCCTAGGGCAGCATAGGTTAAATCATCCTAACAGCTGCAGTAGGGGCTATGATTACGAGTTACTGGCGTCTAACCGAGTCAGGAAGATACTTTCATATCGAACAGAGGCTCGAAACAGTGGCAGATGGAGAGAGGTAATGCCAATGGGTTGAAAAATCTCTTTCGGGCGGCCTCACTGCCAAAGGTGGTCTGCAGTGTGGCGTAGGTACGTATTTCCGTTAGGAATTAATTCCCCACAAACCAGACAGATGAAACTTGCAATGCGAACCGCATCGGAACTAGGCCATAGCGTGCCTCCAACAAAGGTGGACCACGAGGCGGCGTTGAAGCGCAGAGGTGTTTCAACTTGATAGTCCCTGTAATTTCCCTGCAAGAAATAAAATTGGTCCCCTCATTCAACGGGGCTTTTCGGTTCTGGCTCCACCCACGCAAGGAACCTCAGAATAAGGTTACAGGGGCTACCCCCCATGCGTGCGGAAGACAGTACGTTAGCATACCAATGACATGCATGCCAGGTGAGCCAGCCAGACACAGGTGATTAGTAGAAGGTCGACACTTTACGAACAGTCAAATCGCCCTGCCGCGGGCGTAGCCGCAAAGTGAATAGGCAATAGTAATCTAAGTTCGTCAGCAGCAGACTCCTTTTACGAGACACAGATTTTCGCATCGATGAGGCACAGCACGCATACACGCCTGCTCGAAACGCTGCGTATGGTAACGGATACCTCACGCAGTGGTAAGTGGCCCGTATCCTCTCCAAGATCCACTGAGGCGTGTTAAACGGTGGTCGAAAATTACGACTTTCTTACATAGTTTCCTTGATCATTAGTCCTTCTCGATTAGTGGGTAGGATTATCTATGCTGACATAGAGATCCCTATCAGGTTACAGAACTAACTCCATCTAGATAGCGGGTTGATAGACGTGAAGTCCCGCGATTACCTTCGACGTTTATATATCCGTATTGTGGTAACACGACTGCTTGATAGGTCTTACGACCGACAGATCGGAAACCTGTATACCTTGTCGATTGAGTCCAGGCGCGCCCAATG,1744,48.34,Escherichia coli
SEQ_446435,ATTCTTTCGGGTAACATGTCCGATCGAAATGCATGTATATACACCGGGGAAGTCGCGCAAAAAGTTGATATCGAACCCACATCTGATTAACCAAAGTTGTTCAACTCGTGGATCTAAGGGACACCACCTCTCTGGATATAGCGCTTCTGCGTGGCGGGTGACACGCAATTCTAAAATTACTCCGATAGTCATATGTAACGCTGGAGTTAAATTTCACGCCAGAAGATTTAGCCCACCACAGCTGTAGTATGCCAGAAGATCAATACCCCCAGAGGGAGACCGTAATCACGGGTTCCCGAGAAGTATCTAGATCGGCAGGATCATTCCGTGTACTTGGATTGCTATTGCCCGCATCCCATCTGCGAATACCCCCGCTAATCCACGGTCTCCTCCTGCAAGAGCTTGGGTGGGTTCTTGTGCTGGGACGGACGGGATACAAACAAACTCTGATATAAGCCCTGCCTGTGCAAAAGCGTTGGAGCGTCGACAGGTGTGTACGCAGAAGGCCCCCCGGGCGCAAATCCGTTCACCCGTGCAGGGGTCACCCCAGGCTACGGTCGAGAGTATTCGGTCCTAAGGTCCCCCGTAACACCTTTCGACCTCGAGTTATCCATTACGATATCCACTAGTTGACGACTTTTGTCTCCCGAGAAAACATTGCACTCGGTTACCATCATGCCTGCTCAAAACCAGCCTGATCTCATACCCTTACTACGCCGGGGGTAATGACACCAGCCACCTCTCAACTGAGGTAAGGCTCCAAACTACCTGCTAAACAATTTCATGCTTCTGCCGCCTTGCTTTTCTTTAAGCTATAAGGGTAATCGACATGTGACCACGATCGGAGGTCGGGGGAGAGGTACCGGTTTGTGTACAATGCCGCACTTATAGCCGCCTGTAGTTGATGCAGTGATGCCGACTCAGCTTAGGACACCTGGATTCGGTGATAGATCACGGGTCCTTACTGATTCTCGTCTCGCCAACGTATCCCCTAGAGCCGCGCGTAACCGGCAGTTAACTCGGAACTAATC,1031,51.21,Mus musculus
SEQ_784072,ACAGGTCTCTGGGAGGTTCTCAATACGCGGGTTTACTCTAGATGACCGCTGCGAAGTGGGGTTCATCGGACGACAGAACGTTGAATAGACGCCGAGTTTCACAGACAGCACCGAGCGACTATTAATTAATTGGTCTGCCCTGTGTATGGAATGCATAACTGTTCAGCAATGGGTGATGCGGCCCTATGACTGGTAAAATCCTATTGACAGTGGGCGTGTCTCGGCATCGCGGCAGATCAGTTCGCTGCTTTGATTGGTCTAATAAAGTAACAAGCGAAAATAGTGAATTCATCCAAATCAGTAGGTCGTTCTGAGCCCTTGTGCTATAGTCAGGCATCACTGTATTTAACTATCGACAGGAATGTGCGTCGCTCGCTCGCCTCGCAGACGGAGCTGTTCAAAGGGTAGGGTGTTTCCACACAGTCTAGCATGTGGATGGGAATTAACATGCGATGCTAAGGATCCACACTCATAAGCTGATAACCGATAAGAAAATACTGAAATTTTATACCATCTCTGAGTTAGGTCAAGAGTCGGGCCGATGTCGTGCACAGGCGATCAGTCTGAACTTCTATGCGAAGACCTAGGACTACCTGGATGATTCACTGAGCATAAGCAAGAGCACTCAGCCACCTGGGTTGCCGGAGACTGAGGAAGGGCCCTAGAAGACGGAGTACAATAATGCACTGCTATCACGAGACCACTCGTGAACACTTACGGCACAGTTTTGTACATGTTAAGGTCAGAGGGCAAGGTAAGGTGGGGGATCTTCAGAGTACTAAGTTGCGCTTTTGTAAGGGATTTTATCGTACGCGAAGAAAGGCTAACCTTTGGCGTATGTAATCGATTACGTTGGAGTGCCAAGAGTTAAATTGCAGTTATGCGACTTACTCGAGAAACTCGAGTACAGATTTCTTTTACTCCAGTTTTACACTTAAATGATTCATCCCTCCGGGGGCAGAGTCGAAATTGCTCGAGAAACGACAGAGAACTCTCGAGCCT,1002,47.31,Caenorhabditis elegans
SEQ_119264,CCGTTTGATGACTCGATTTCTAGCACGGGGTATTGCCTTGCCAATTCACCGATTTTCGAGTACAGGACTATATATCGCAACCCGGATCCGAGAGAACAAAACGGAGCGTATGCGGTTGTAAAGGTTTAGACGATGCGACCGGGGATAAGCCTCACGGTAGGTTGTGTCCGGACTTTGAAACCCAGCGACTGCAGCAATGAAGCGAAACTTCGCTGTGAGGTGTGGGAGGCGGAGAGGGAACCCTCTCATCGAATCCTGGTCCGAACGCGTCGACGGTATAGGCGAGCCAGCGCGAGTATATAGTTGACTTCCAGGGCGTGCCGTTGTGTAAGATTATAAACGCACCTAAGCGTACTCTAGGGTCCAAAAGGGTCCATGTATGTAATTCGGAGTACACGTTCCAACCATCACCCGATTACTAGAACAAGTTTCGAGTCCTGTTGATTCTCGACAATGAGCAGTGGGTAGGGCTGCTTACAGTCGCCCTTCACTTCAGTTGGCGGCGCGGTTACGTAACGCGCGGTATAGTCTTGCTGTTTTACCATGCCCTAGATACCTTGAGCGCCCGTTAGCTCCTATTACAATTTTGTATGACCCGAAACTGGTCCTCTGCTCAGCTACGCGACGTTTATATGAAGCTGAGGTCGGGGTCCCCGTTATTGGAACGGTTGAATGTTCGAGACACAGTTCAAATTGATAATTTATTGTTTTCGGACGCGGTTAGCACTGATTACACTGTTGAGTAATAGGACCCGTTGTTGAGATAGTGCAGTCCATTTTGCTGGTTGAAGTTTATCTATATTCCCCCAGCTAAATCGAAAAGCATCAATCTAGGGTTCGCCGACACGAGCTTAGCTTCGGCTCCCGACCGGTGAGTCCCGTGCGTGCCAAGGCCGGGGGCGCACTTACCGTGCACCACGCGGCTTTGTGCCGACTATCATGGACTGCACTTAGAGACCCGTAACTCAGATTCGAAGGGAATTACGGACTGAAAGTCGCGGGCGTGTAGCGGCGGGTCCACATTCAACGAAGCTGTGTAACCACAAAGGGGAATTGCATAGTGCGGAACTGGCTAGAGTCCTTCTGCGAGTCTGCAGGTGGGCTTAGCCGAAATTTATTAGAGACTGGGGTTGGGATCGCGTGTATTTTAATTAATGACCAAATGGTATCGCGCATACGATGTCACGCTTATTAAGCAATGGGTCGGTGGGTCCATTACTTTACAACTGGGATCAACATGAAGAACATTGGTTGTATAGAGATAGTCCGGCCGCTAGAACCTTATACGCCCGACCGCCGCTTCTCACGTCGTAGCTTGACTAAGGATCCCCATTTCTTGTATGGGACTCGAGGGGTTAGCAGCCTTTGGGCGCGGTTTCTTGATTCATGAATCAGTATGAGCCTCCTGGGGGCATAACACTAAGCTGGGATCTTTCACAGTTATACTCCCTGACGTATAAAGGGAAGCCGGCCCGCGGGCCGGAGAGGGGAAGACGATGCTAGTTATTTCGATAATATCCGAACATATACTAGGGTCGCCATAATTCGCAGGCTATACGTCTGGTACATCGCATAAGCTTACTATTTGTTGGCCGTTTTACCTCCGACAACAAAACTGTAGCCACCTCTCACTTGAAAGCGCGAACTAGGTCCGCGTGGAACCTAGGTACTCAGGTGGTGTCGCGCCCAATACAGGCCTAGAAACGTTGGATGGCACCTCGCAACTCCGGCAGTTATTTATGTGACGGGTAGCCAAATTTCAGCGGCGCGATCGGCGAAATGGGCCGGGGGATAACCGTAGAGTGTCAGTGCCGATCTTAAGGCCTTCCGGGGGATTCGCTTCACAAGCTCTCCGACA,1858,51.13,Escherichia coli
SEQ_568637,ACTACACAGAATTATTTGTTTCGGTGTCACTTGGAATGGATTCGTCGTAACGACGATACCGCAAACCTGGTCCGCGGGACGATCCCGGCTTAAAAGCTGCGTGCCCCACTCGTGAACACGTTGCGACGCCGGGCCGGTCTCAGGGCGGATCGAATAGAGAAAGATGGACGCTCTCTAGGCCTTATAAGGCAAAAGTAGATGGTTTCCGCGCCGCATACGGAAAGTTTCGATCTATCGCTTCCGGACCCGTATCCGATGAGGCCACGGGACGTAATTTTCTAGCAGTGGCTGCATGCCGGTTACTGTCGGTAATATCGTGCTCTATCGTTTGTATGTTTGTTCGGAATTCCGAGGGCTTACTCAAGACTTCAGCGGTGCGCTTTTCGGTAATGGATATACCCTACACCTATGACCTGATCACCTCAGGCCTGCGTGTAGCCGTACAAGTCCCACGTAGACCACTCATAGCATCACTGTGTGGGCTGACGGTCACAATCTTCTTTATACTCGCCTTGCAGAGGCTGAGCACCCGTATCATTCTGTGGCTGCCTGAACGTCAGACAGCGCCAATTTCCAAAGAGTTACAACAGGCGGGTATTCATCGACTGCTCTGGAACATGCCAGGTTTTTTGATATTGACCTTGAACTTGTCTGCCGGTAGTTCTCCAGCTCATGATGATGCTCTCCTAGATTAATGGCATGGGCTCGCTCCGTTCAATGTGATCGTTGGTTGGAGCTTCGCTCCGCATTGTGTTCATCCCGCTACCAACTGTCCTGGTGCTCCATACGAAGCGCATGCTGTCAGGCCATGTGGACAATTCGACGTCCACTACACGGCTGTAAGTTAATTTTGGTTCTTTTCTCTCTGTCTCCCTCAGAACCCAGAGCCGACCCACACCTATACAGAGATGGCTGGTTGCTATGCAAGAAAACAGGAGGATACGTGATCTGGTTGAAGGCGTCACAACTTTTATTAAGTGCCACTGAGCAGCATCACTCCCGAGACTTGCGTATGGGCCCCGGTATGATCTATTCTCAATTCCGCGCGGACAGACGCTGTGGGGTATCATTTTCGCTTTGCGCGACTGGCTTCACAACCCCCCTGTGAGATTCTAGGCCCCAATTTTTGGATTGGGAACATGACAAAACGGCTGTATTATCACTACTTCAATAAGAAGTGCTACACGATCTGACAATGAGCCTGTTGCCTTGGGCGCGATTTCACGGGGCGTTGACCACGCGACCCAGTCGTCTTAGAACGGGGGGACGTAGTAAGCC,1278,51.49,Drosophila melanogaster
SEQ_151145,GCTGTTGCTCTGACTCAGCCTAGGTGTCGGGACGGGTAACGCCGCGGAGAAGTTTAGTTGGGGTCATACCGAAGCTTACAATACGAATTGGACTTTCCCTATAATGCCCCTTGAGGAAACATATACTAAAAAGTGCCCCTGGTCGAACGATAATACCTCTCCTGCTCTGCCAAGCCTACCCTATCATATAACTCGAATCCGTACTGCTGGTCGGTATCCAACAGCAAGAACAGTGTAATCCATCCGCGGTATCCAGAAGACTATTTGGCTTTCAAAAGTTACAGCCAGCATACTGTCCAATATTAGCGCATATGCTACATTGCGCTCCCAGCGCACTTGTAATTTTCGGGATCGTACACCGCATAACTACGCAACTGTTCACACTCACATATCATTTCAAAAAGGGTTAATATAACGAATAGACAGTGCCTCCTAACCCGCCCGCTTGGGGGATTAGGCTAACGAGTCCATCCTCTAAACGCAACTGGAGTGTCCTCAGAGGAG,504,47.82,Arabidopsis thaliana
SEQ_342907,CTCCAATATTTAGTGCTTAACGTCTGCGCCACGTCTTAGGCTGAGGTTTCAGTTTACCGATTGACCGGCATCACATGGCTCTCGTATCGGTATAAGGGACAATGACCCGAACTGACGGACCAAGCCCGTGTTTCCCCGGACATTCATGCGAGGCTCGTCGTGCGGGGGCGACAGGCCTCACATAACCATCATAGATGTCTGTACTATGGAATACAATCAGAGATTAGCTTTTTACTTTCAAACATCTCTGGTCATGAGCCCCGATGTGCGCACGCTAAGCCCGACCGCTCCCTGGGGTCCCGTAATAAGAACCGACGATCGTTGGTAGAACAGTTGCACTGAGTTAGCTTCCACTGCGGTACAGCGAAACACGACGTTGGACCTAAATAAGGAGCTTGCCAGGAATCTCCGTAATAATTGAGATTTAGAACAATCGCCTTAGACCATACTAGGTTTAATACTCCCTCGTTGACTCATTGAAACTTTTATGTAAAAGTGGCTAAGATGGCGCGCAGGCCAGGGGTAAAGTCCCGTAGTTGAGGTTATGGGTGGCTAGCATCTACCTCACCTAACAGTGCGTGTCGATAGCGTCTGGTCGTTCCGAAATATTGGATGCAGGCGACTTGCGGTTTAAGGTCTCAAAGACGTCTTGCCAATTTGTCGTGCAGTTCGCGGCAAACTATTTGTAGAAATTTATCGCCTCCGGGTGAATTGTTGCCGCATTCCCTCGGCGTGAAAACTCAAGCAGTCGAACAAAGCCCTGGCGTGGGTGTGAAGGAGGCTCAACCCGGAGCCCCCCGCCCGCTGCAGTCCGATATGACTTTATCCCGTGAGACGTATAGAAGTGCA,849,50.65,Homo sapiens
SEQ_230959,TACCCCCATTCTATCCCCCCTGTAAAAGTCTCGGCGCCACAGAAAGGACTTACCAGCAAAACCCCGCGCAATACGTTCATTCCTGCAGATTGAAGTCCCGCTTTGACCTACCCATAATATCTCCTCACGCAGGGTGAGGGCCCTAGTATGTCTTCCAGATCTCATATTAACTTGCAGCCAAAAAGCCCCACAGTGTCTGTACAGTACGCAAGGGCCGGGGCAGAGACGAGGAGGATAAATGATCTAGAGACATCATGCATCCGCGCCTGTCGTCATCCCATAATGTGAGGTTGCAAGCGGATCTCAGGGCGCCAACGACTCTGACCCTTAGTGAAGAAAGTCCCCGGCCTGTGCGGCTTCCTGCACAGTCGGACGATCACTAGAACCCTGATTTCCTAGTCGGGTTTCCAACCGTTGATGTCTTCCTGAACCACATGCCAGCTCTCCGGACAATAGGCCTCCTCGCCACTAACGATAATCAGCACGGCCGTCATCCCGCGGATTGACTGGGGTCCCGGTTACTACTGACGCAGAATGCTCCTTCCTTGACATCGTATTGGATCGCAGTTGAGAGAAGCCCCTGATCAGAAATGGCACTCGCGTAACCCCCTTTTCGCGTGAGACGCAGTTCCGAGTGGGGTCAGGCATACCTTAACTCGTACTCTAGGACAGGAAGAAAAGTGACGACCTCTAGGTTCGTAAAACGTATATCACGCCGCCGTCAGGGGAGTACGTGAGCCCGGATGCTTCCCGTTAAGATCGAAAGCTTCGTGAATCTAGAGTAACGCTCCTCAATTCTCATTCGATCTTTCAAAGAGAAGCAACCGCCACTATGTCACCGAATCTACAAATCAGCTGTTGACTCTAGCGTTGTGGGACCGTATTTACGAGCTTGTCATCGGAGGTTCCCAAACTATAGCGTTCTTTAGCCGGCTATATACAAGGGCAGACCGTAATACGTATCTGTCAGGGACGGCTCACAGTCCGGTTACCGTCTGCGAACTTAGGTAGGTCGGCAGATGGGGATGAGAAGTAGTAAGACAATACAACAAGAGGCCCTCACGTCGTGATACCGTTCTAGGAGAAGAAATCGAGGGTAGTGATACGGGCTCTGATCCAATAGCGCTCAGGATCGCAGTAGCTCAGTGATCCCTGGACAGGTCCAGCCGTTAGCTAGGGCTTGGTGATTCTAATGACGGCTGGGTTCTCGAGCTATAGGAGTTGGCAACAACTTAGTAGTGCGATACTGATGATTCAATTCTAGAAGATGTCCGATTTTCAGCAAATACTGAAAGGAATTTCTTTAACCCTCCCATTGACTAGTCTTCCTAGACTCTATCCTTCCTCACTAGGCATTCCCGCCCCCCCGTACACTGGTTGGTCGCTAAAGTGAGGGGGGTCTTGTAACGGCCGCGGATACCCTTCCTATGCTGTAGGAACCCCCGTCGTAAAGTGTTTAATCCTCCTGCACTGGATTGCGACGCGATATGACTAGGGTACGACAAGACTTTATTTACTAAGAGTGATATCCAGTATGCATATACATCTTAGCCTTCGTCTGGGCAGCGTTCTACGTCGGGACTTCTGATTTCCAAGCACTGTCATGTTTGTTCATCACCTGAAATCAGATTGAAATAGGGATCATCTGAATGCTTTGTCACCGACTCATTAGCGGTTGAGGGGGCAGTGATCCATGCATAAACGGACGACATCGTCATGATGGCTCCATTTGCCAATGAATCCCGCAA,1748,50.57,Homo sapiens
SEQ_907510,CGATGGGTTGCCGAGACACTCATACCTGTCAGGTGTACCAGGTTTTGGGTGAGGTAACCTATGAAGATACCATGCGAGCAGGAAATGGCACGAATCTTAAACCTAACGGGTTATCTCGTATAAACTCTTAACGTGGGGACAGCCCTCATTATAGAGGGATTCAGGTGGAAATATTGACCCGATGTTGACAACGATGGGATTCTCTGGACTAAGGAGCGGGAAGTCGGGCATGTGTTGGGGCCCGGGTGTGTAAGCCGGGAGCAGACACGTCCACGAAATCAGCTGAAGGGACGTACCGGTTGGGGCAGCTCTCTTAGGAGCCACAGGTTGCAACGGGATCAGTGGCTACCCTCTTACCGGGCGCTAATTTGGAGGCCACGCGGAGCGATCGAGGGGGGTGCAACAACTCAGACTTCGGTTACCCGATCTGGAATAAGCTCGCCAACAGTAGCCTTCGAAGCACAATGGCGAATGGTCAAAACAAAAAATCGCTCGAACTATCAGTTCCTAGGGATTAACTAGGTTATCAAAGCAAGCCATCCGTCCAGGTAAGTTGGGTAGGTGCCTCATTAGCAACGTATATAACCTCCTAGTGTTGACGGTCAACAGCGACCGGAGGCGGACACGAACCTCCTCCTGTCCGCCTATCGGTATGATTACAGTTCTACCCCTCTGTCTTTGATACTCTGCTTCGTGAGATGGTCTTGAACAAGTCAGCTGTGGTAACACAGGAGCTCTGAAACGCCCATTACTTTGATAATGTATTGCCAAAGATCATATAGGTCACTTTCTTCTGTCAGCAAACCTAACAACTTCCAGCTTAATACTTAGACATCCAAAATCGTCTCTTCTAGGGCTAGGGTGATGGTACCGGCGCGCAATACAACTTGTAAACAGAAGTAGTGGATGCTCACTCCCATTGTCACTAACTCGTTCTCGAATTATCTCAAATGTAGACGCGTTTGTCATGCTGTAAATCGGG,982,49.39,Homo sapiens
SEQ_747541,CGGTACGCTAACATGCCCCTGCTTAGTTCTTCCATGAACCTACAGACAACCATGGCTTACATTGAATGTAGGTAATGACTTTGCAAGTGCTCTGATTTCTTAGTGTACTGGTACGCGCAATGGTAGACGCGTAAGTCCGGACGTCTTCCCTTAATGTCTCTTACCTCGCCTACCGGACAATGCGGGGCGGAACGCACCAATATTAATGTCATACACGAAGGCACCAAAAACAACTGCGTTCTGAAGTCATCTCAGC,256,48.05,Arabidopsis thaliana
SEQ_916694,CATGGAGATAGCAGTCTCAGCCAGGATGCAGCTTTAGCTACGCTACAGTTGTCTCGAACAGGGTAGACAAACGACCAGTTCTCGAGCCAGACTGCAAAACATGATACCTATTATAACCTGGTGTGCCCAGTCGAATGAAATATGTTGGGCTACTGCGCATTCTAATATTTCGCCCCATCGTCGTTTCACTTGGGTCATTAATCAAATTAGGAGGAATCCGTGGAACGGAGGACGGCGGTTGGCGATTATCGGATAGGCCAATGTGCCTCAGCTCTAGTTGGAACTATCGGTTTGGACCACGCTGTAAGACAGGACTATATATCTTGTTAGAACGCCTGGACTTATGACGGGTTTGAGACCTAATGACGCTCCATGACCTTCACGGGACAATACGAACCCCATTCTAGTTTGGGAGCAGGCCGTAGGTGGATCGGCCCCACGGACAGACGGGCCGATGCAAGCTGATAATTCCCAGCAGATCAGGCTCCACCCAAATACGCGCATACAGATGACCGGGATGTGGCCGAAAGCGTAGGCTTAAGTTCACGGGGATAGAGGTCGAGGTATCCGCTCACTCCGGTGAGATAGCCCAC,593,51.43,Caenorhabditis elegans
SEQ_145907,GGCAAGTGTGGAGTGGGGTAATGTGAAGCACGCGAAGCTCTTCAATATGTTGGACTCACACAGTGAATGTTTGCCGCCTGTGAAATAAAAATGTGTTTCTGCTGGTCTTACGTCGCTACTAACCCTTCACATTTCTTGCATTTGCACTGTAACGCTCTGTATGCGTTACTGGCAGGGCGTATTCGAATAC,190,46.32,Arabidopsis thaliana
SEQ_107830,CGGAGACTACGGACCTTGAAAAATAAGCTTCCAGGCATCGGAAGCTATGTGTTACCGCTCGTATGAGCGAGTTGTTAGGCACAGTAGTCTGGTCGTCCTAATCTCGCCAATGGCTTGCGTCAGATGGTTTGCAATTAGCGAAACACCTGGCAGTTTGGTCGGCGTCGTAGAGGGGCTCGTTGGGAAGCATCTATTTCCGTTG,202,51.49,Caenorhabditis elegans
SEQ_297635,AAAAGCAACGCAGTCTTCTACACTGCCGCCCAGACGGCTATACTTTAATTTGCAGTTTTTGGACGCAGTGTTCCTCGACGGACCGGTACACTGGCATTAGTGTTATCTGGTGGGAAGTAGTGTGGCCGTGACC,133,51.13,Arabidopsis thaliana
SEQ_453309,TCCCGACCGTAGACGCGAACACGGCGCATCGCTGGCGAGTGTGGGCTTCGGGAATCCTGGGTAATGCGACCGTCCTCATCCCTCTCACCACAGAACACGAAATGAAGATGCAACCCCCGATACACAGCACACCATACGCGTCGAGTCTTGGTAATTGGCATTAGGAGTAGCGGACTCATTTTGATCATTCCAATGCAGCCCGTTCTTTATATTGGAACGACCTTCAGACGCCTTTAAACTGAGGACGGTCTTCGGACTGAACTAGCCACCTGTTACGGCAGTCACATCTCTGCACCGTAGCGCCCTCGGGCCTCAGCTTTATTCAGGTGGTATACCGGCCGTTGGAATGCCAGAGATACGCGAGCTTCCACCAATGCAATCGCACCAAGCATGCAAGGCTGATCGTAGTTCAACACGACGCGTCGTGTCCAATCCTGACAGCCCTGATGCCAGGTTTCAGTATATCTGTTTACCACACTACGGGAAGACCGTCGCATCCTCGCTTCGTTGCTCATGCCTGTAGGAGGTGAGAGCATCGGACCCTGCTCAAACGTTGACTTCAACAGGGCATCTCTGGAAAAGCGCGCGTTGCAACTATTATATAAGTAGCGTCGGAAGGCTAGAGGAGTACACCATAATGCACTGCCCCATATCACCTCTCTCCACTATCTTGCACAGGGGTACGCCGGCGAAAGCAAGATGGGAATATCGTGACCATTACTGTTGGAGCTGAGGTCATACTGGTAAGTGCAATCGGACTCGCTCACTCTTGGGACAACAG,781,53.01,Homo sapiens
SEQ_207333,GTCTTAGTCCACCTTCTCTAGTGAAGGCCCTACTAACTGTGAAATCAAGTTGTTGGGTTTTTTATGATCGAAGATCGAGTACGGTCTCAACGACTTTTGAAGAACCGTACCCGCTGTTTCTCATCATGTAGTACCGGTGGTCACTTTGCTAATTCGTAAGGAACACGCAGCGGCTATCAAATATAGCGCCCTAGATCACGGTCGCGCCTGTGAGTCGTTCAATTATGTTTCAATGTAAGCCATTTCAGCTTCTGTTAAAAGACCGCGGAATCACAGTGGGTTGTAATGACAAGTTCGAGTGTGTAAATCCTCTGTGGCACATCAAACCAGCTAGCTTGGATCGTTAATTCGGGGTGGCGGGGGTTGGGGGATTACCTAGACAAAGAGTATAACACAATAAAAAGATGTTATATGTCGTCGTGATTCCGCCGCTCCAGGCCTCAATTTCCGGCGCCAGGAAGGGAAGCTGGGTGAAGTGAAAGGCTCCCTTGCTTGGGCCTGTTGAAATTGTTCCGTGGCATCGCCAACCGGAACCGAGGGCACTCTCCTCATTGCGAACGTGTCCCATTTTCTACGGAGGACCGAGTTTGCTACCAAGGGGTAGCACACACAGGCGGGTCTTGCCCTCCTTGGTCATTTTGCGGTGTTGTTTTACTTCCATAAGGCATAATCGCGTCAACAAGGCACCGTAATTACGACAAATACCATGACCATATCTAGCTACCTCCATTACTGCTTGAGTTTACAGTATTACCTTGGAAGAATCGGGAATCGCTTGGGTGATTCAACATGGGTCTTAAGTCCTTGGGTAAATATAGGGATA,823,47.63,Caenorhabditis elegans
SEQ_381386,GCAAGGGGAACCTCTGCGATGATTCATTATAGATCCGTTTGTCTGAACCCTTCGTGACAATACTGATGATAAGTCATTACCTGCGGGAGAACCAGCGTTACTCGCTGTTCACGCACGACCTGTTTCCACGCAGGGTTGCCATAGGAGGTGTGCATTAGCAATTACAAAACTTGTTTAAGCCCTGTCGCGTACTCGGCCGATCGGCCAGTGCATCACGGTGTTAACGAACGTCGGCGATAGGATCATGCATATCAGCCGACTGGGGCATACGCGTCAAGCACTCTAACTTATGAGACTTTTCCGAATGCATGGCACCGAATCAGCCCCGAGATTGTGCAGAGAACGTTGTGGCCAAGGGGCCTGCAGCGTCTGTTAGGTGAGCAAAAGAGTTTCTACGTCTCAACCGGATCCGCCTGCGCGGCCAAACGGTGGTAGTGTAACGGATACCGGGTTAGACCGACGGCTCAATCCACCTGTCTCACACCGACGGAGCACAGTTTACCTTCAGTATTCCTTTTCGCGGAATACCTTCATGTTTTTAGGGATGTGCCGCTCCGGAATTCTGTCTTACGCGGTACAGAACGGCCAGGGTGCCCTGTGTGGTGGAGGTTGGGAAGATAATCGGTCAATGGTATCAGCCGGTACTCAATAGGAATTCACGTACATAAAAGCGAGCTCAAGATACCTGTCGGCAGTCCCAACGGAACGCTTATACTAGCTTTCCCGGCATCATATCACGTTAGTCGAAGATCAGAACATGGATAGCTCTTTATAAAGCGAGAGATTGCTACCTTTGATCAAATACAAAGAGCATAATCTCTATCAAGTCCGAAGACGCGGTGCTGAGTAACGAGTGTGTTCGAGCCCCTATCAACAGCGGACCTACTTCCGATGGCGGGATGGTTGTGCTCAATGTTAAAAGGGGTCCTGGTCCTACTTCAATTGTATTCGGTGCCCATAAGAATCAAGCTTGGTACTCACTAGGTTCGCTAGTGCCTGGC,1001,50.55,Homo sapiens
SEQ_560945,AGTCTACCAGGCCCACTTCGTGTTCTACTACTGGCAGTGACTTGATTCTGCTCCTAGACCGACGCGTTACGTACTCGCCTTAGACCACTGTTAAGCCAATTAGCAGAATCTGCAGGGATTGGCGCACAGGTCACCTGAATCGGTCCGTGGTTAGTTGGGCGCCGACGTGCTACCAGCTACAAATTCGTGATACTAACCGAGCTAGGGGGTCATCGTCAAAAGCCGTGCGTTAGCTGCTTGCGCTGATTACCTAACCCAAGTTCATATCTAGTTTTCATACTGTAGGAAAGGTAATTGATCACTCAGTAAATGTCCCCACTGCTCACTGAGCGGTGCAGAATCGCCCCGACGCGCGAATACAGAGTATCTCCCATGGTACGCAAGACACAGGAATCTTCTTTTCTTTCTAGACAGTTTTAACGAGCCACAGTTCGCTTCTAAGGACAGTCTCGAAACTCAGAAGACGCAGGCTATACAATTGCGGCTGGGGTTCCCAGCAATCTCCATGAGATCACCGACAATTTGCTGAACTAGATACTCCAGCGGATAACTGGCTAAAGTTGCCACTCATCGATGCGCCCGCGGTTGCATGAGCTCGGTTAGACGGAAGCATGTTTCGTAGTGCGTCGGATAGCTTCTGATAGTCCATAGAGATAAGGCTTGCACTTCAACACGATCCGCAGGCGTAAGTCAAGTGATCTGTGTCTTCGCCAGTGCAAGTACAGCTGATTTCTGCGCTGGTCCTGTCTATGTGAACGCTCTTCAACCATTACGATGTTCACTATTAATGGTTTATTTAGCTTGGGCAAAGACTATGGTAGTATGACCTGGAACGGCCCAGCCAGTTAACGAAAAACGTTAACACCGTGTCTGATCTAGTTACGGTGTAGCTTCAAGCATCGACGGAATCAGCCGTTTTGGCGCATGGCGTGCCGGGCCTGACGCTCGTGCACTGGCGTTGGTGTGTTTCTTTAACTGGTGTGGTCCAACAAATCTCGCACGCGCACCCCTCCGAATGGTCACCTCTCGCGGAGGGTGGTTACGGCTGTTGTGCGATTGGCCTTTGGGTAATTTAATAGCATGTCTACGTTTACAGAGGATGGCATCCTAAATACTTGCCTCAGTACAGGGATGATTTCGGCTGGTTCTACGCGGGAGTACTGTCGCAGCTTAGGAGTGCCATGGTTGATTCAACATTAAGGCCGTGCGGATGATTTTCTCGGAATAGAGATTTTGCCGATAGCCGTGTCACTCCATCGGAAAGATTGTCCTAGTACCCCGTTTGGAACATGTACTTGCGGTCTATGCTTTATCCTGCTAGCCCTGGAGCCAGGGCGAAGTCCCCAAATCCGCTGCACAATGGTGATACCCGGCCGGGGGCCCTGACTCCTCTAAGAAAGTAAGCCACGGCCGACATCCTGTGCGCCGACGACAGGGGCAACAGCATGGAAATGAACCCTTTCATATTGGCTTGTTGGCCAAGCGGGAACCACGCGATCCGTAAAAGACGCTCTATCAACCTTTACTGTACGTGTCATCTCTTCTCGTTTCGGGTGTAGGCGATTAGTAACTGGAAAAGGTAGTGCTCGGTAACTTTAGGCAGCGTTGCGTACGAGTGTCGAACAACGAACCCGGGCTACGCTCGCCACCGAACGCCACCGTACTGTGGTGCTACTGCCGTCTGCCCAGCAGAATATAAACTGTCAGGCATCAGGTTAGAGCTTTAATCCACCCGCTCGGGACTGTATTATCTATACAGCCGATAGGGCTCTAGAGCCCGAAGGACGGCGTCCTCAGTAGTTGGCTAGGAAGCGATCGGCTCATGTGAGAATAAGCCTTGAAAAAGACGC,1850,51.3,Mus musculus
SEQ_629747,TCAGAGTGGTTCTCTGCGCCGGGATGAATCTCAGTACGATGATGCCGTCTAGTAAATTCGAGATAGCAGCCAGTGTCTGACCCCGAATATCTTAGGAGGGTTGGATCATCAAGCTCAAGCTTGTCGGTTCCGGCATTATCGCCTCCCAGTTTATAAGACGTCGCATGCGTAATGCGTCCGTTCTAAAACCGAGTAACCGGTGTTATAGGAGTGGGGACGAATGGAGAGCAACCCTGAGATTATGCTCCATAAGAGCACTAGGTGCGCAATTTACAACTGTCCGCCTTCGGGCCCTAGGCCGTACATGAGGCTCCCCCTCCGCGACCTTGGTAGGGTGCTCCCCAAGGTTCATCCAATACCTCGCTGGACGCCAACGAAGGGACCGTTTTTTGCCTGATTTTTAATATACAGAAGAGCTTACCCACATGCAGACTGTCACCGGTGCTACTCATTGCGGTCGTTATTCACCAGTCGTACGATCCTCAGGGATTCCGCGGCGTCCGCGGGTGTTGTTAGACGCCGTTGGGAGGGGCGTAGCACATGATTACTACCGGTGCGACGCCCTATGGTTCGGTGTAATGAGAGCTATCCCAGAGTTGGTAGAGGGTCCGAAAATACTAGTTCTTGGGGGGATTGGCGACTCTGCCTCACGAGCGATACTGGGACTTGCTGCGGCGTCTCTCCTGTCATGTAACGTACGTCGACCAACTGTGCGAATAGTTGCCATCGTAGTTACTTAAGCGGGGTCGTGGAATAGAC,759,53.23,Mus musculus
SEQ_466750,TCAGTGCCAGCGGCACCGATCTTCGACATCTGTATGCCGACATTACGATGGGGGCCGTGATTTGTCGGCTCAGGGACCTGGAGCCCCTTGCGTCTTAGAACGAGGCCTATATCATTTGTGTGTACGTAACCAGCAGGGCAGCAGTCGCGCGACACGCTAGTTCACCGCCGGATAAGCCCAACACTGGTCTGTTCCGTGGTAAACTGAAAGAGGCTATCGTGTTAGGGGAGAATGACCGCCCATCTGGCGCTCGAAAATTACAATTATGAGAAGATCGAGTTCTGCTGAAACTGCGCCTCTATACAGGGGTCCAGGTCCTGCTTGAATAATATGTTACCCAATGCTGTACACGAGCGCTTGCCCACTACTATAGACATGCTTGCGGTACAGTATCATTCGGATAAAAGCGCTGTCGCATTCTGGTTGCTGCTCCCCGAGGTTTATTTTGAATGCTCAAGCGGAATGCAACAGCCAGTAGGCGGTTGGGATGCTTGCGTGCGTAAATGGGCTCAACGCATCGAATGTGGTCTAATCGTTTGTACGGCCCATTCACAGTCAACTAACATGTCCGATGCATGGGGGCTGGTGGAGTCGTGACCGGGAAGTTATGCTGCAACCCTGAAGCTTTAGTACAACCTGTCATAGCCTATCCGGTCAATAAGAAAACAACATTATCAGTATCCATCTTAAGCAGCTTTGCAGCTGGGCTTGAGGCTGATTGTTGCATACGGTTTCTCATTACTGTAGAAGCCCCATACAGAATTCCGGAAGCTGTTTCCCTTATTCATCGCTTGCAGGGACCTATTAAGTTCATATAGGCGCTTCTATAGCCGTTGATACCTAACACAGGGGCCCACTACCTTAGG,866,50.23,Escherichia coli
SEQ_103983,GACAACAGCATCGAGAGCCCCCTGCGTTGGCGAGCGGTCTACGACGCGACAATGATAAGCGAACGCGAAACTTGCAACTTTGGTTGAATTTGACGAGGTGCACCACTGCCTAAGTCATCAGTGGCCCAGTGAATACGAACACTGGTAAGCCAGCCCGGTACTCTCAACTATTTTTTTATGAGAGGACTGCGACCGATCGACCAAGCCGGGCGGTTCAAATCTATTGATTGACTGTGGACGGGTAAAGAAGCAAGCACGAAAATGCGTTCGTTAGGCTATCCGACGCTCGTCGCAAT,296,51.69,Mus musculus
SEQ_941789,AGACAGCGAAGCAAGGACGGCGGTAGGCGGAAAGGCGGGTCATAACTCGTCCGAACCCGCGCAAAAAATGGTGCAGCTCCGACCCTAACTGTTTCTAACACAAAC,105,55.24,Escherichia coli
SEQ_144648,GATTTCTATCGTCTGTCTGTGCGCGGATAGACTCCCCGTACCTATGGCACTTCGAAGGGCTAGGTGGAAGCCTCGAGTGCAGGATTGCAAACCATTAAATCCCGTAGCGGCGCTTGAGGTCGACTGCGAACAAACATGGGTCTGCTGCTCCTTAAGCTGAGGTCGTGACCGAACAACTGAAATTGGGTAAACGTATAGTTTGCCTCGGTAGTCCTCAGTATTTTTCAGCAGCGAATGTCACATACCTTCCACGCGACTTCCAAATGTAGCATAGCCCCTCATTACCAGATTAGTGTGCTTGACCGGTACAGGTTTATTATACTCCTACCTTTTCCCCGAGCCTAATTGACTATGCCTCCCTACGTTGTCCTCCATGGGGAATGTGCGCCACGAGGTATTCCTGTATTGTTATGGAATCTGTAGCAACTAAAAACTGCAGACTCGCTCTACGTGACCGATAAGTTGCCGTGCGAAGGGATTAGTTCAAGAGACGCCCCGCACTGAAGAGTAAGCGAATGAGGCATGTACCTTATTGCTGTAATTCCTAGGTCCGCTCTTGGCAGCGGTAATACTTATAACCACGCACCCTATTAGCCCGACCATCGCTGTCGCCTAACGGTATGACTCACGCCCATCCGGCCCTTCAATTACACATCAGCGAGGTGTGTTAGTCACCTCCTCTCTTCTAGTACGTGGCGTAGTGTTTATCGGGCCCGTAATTCTTTCGGGCATTGCTCGCTTAGCGGGGAGCCTGTCATCAATTAAGTTAAGTTGCATGCAGCTCAGCGATCAGTTGACCAAGATTGTGCAGC,812,50.12,Caenorhabditis elegans
SEQ_260472,GTGTAAACAAATCCGACGTATCAAGGGAATCACCACCGACTCACTCAGCGAGGGTTCCCTAGTTTCGACTTGCCGGCTGAGCTTCCATTGGTCCATATGACTCACGAATTCCATTGGTGCTATATAACTCACGTATTGTAACCCGGTTCCCTGCATGTCCCGGTACGACACGCCGGACATTATATAAGTACACTTAGTGGGTCGGATTTTCATGGATGCGCATCGTTGGCGAGGAATGGGTTACCGCTCAAATCTGTAATTATACAGCCGGGCTCCCCGTAGCTGATATGAACTGTCGGGACGTGTGTAGTCAGTTTAACGCTCTAGTCAAACTCCACGTCCCCCATAACGGAGTGGGTAGAGGCCCCTCTTGGACATGTGCACTAAGACCCACTCTTCGCACCGGAAAGGGTCGAGATGTCAAACCACACCGTGAGAGAATTGACCCGGGGCCCGTTGAAACGGATGGTGAAGTGGCTAATCTCTAGTCAAGCGCACCATGAGCGTGTATACCTTTACAAGGCGTGGCACTTTGACCTATGCGCCGAGTGTCGGATCTCTTAGCTTGAGAACCAACGGATGTAACCCCTGTTGTCTACGGGACATTTGTGAGGAGCGAGCCAACAGAGGCCACATGTCTAAGGCGAGGGAACGGCGCGATTGAATCCGTGCTACGAAGTCGTCGACTAAAGGACTGCGCGCTTACAGAATCGGCTGCGTGTACTGTTTAGCGGAGTTTGCGAGGCAACTCCTAGAAGTTCAGCGAATCGTTAATACCGAGCGTGCATTCGCGAGTAGGGATTAGGCAGGGCCTTGCCAGCAGCAGGGAATGCTTTGAGCGCGGATGTATACTCCCACTCGGGACTTTAGCGAAGGAGGGAGCCATACTAGGTGTCATTTCAAAGTGGCCTGACGCGAATTGAGGGAGCTGGAGATTTCTAGGAGAATTTAGATTATGGTATAGAGCGTAGGCGCCTCCCGTGTTGTCAGGCGACGTCCATAGTTTTATATTATCGGCATGTCTGCGTTAATATGTACTGGAGAGCTTGGGAGCTAGTCACACGCAGTTATAGCTCGTGCGCTTGTATGCAGCCGCGGTATTGCGATCGGATCCCGAGTGCTTCCCTACCGCCCATCATGTTTATAGAGTACGTTGGTACACTTAAATGGCATTCGAAGACCGTCACGCCTGTTATTGTCAGAGTTGCCCACGCTACCCTTCACAAGAGTGGGAATTCATATCTAGTAGGCAGAAATCCGAACAACAAGTTTGAACATATGGCTCGCAGAAACCTCCGTGAACCGATAGGTGTAGCGTGGGGGGGTTCGAAGATAGTGGTGGGTTCGTTCTTTCGTCATGCGGTTCTTGGTCCGCCGTATGCTAGTATCTAGGAGGGACTAACCAGCTCTGAGCAATCGTAAGATGTACAGGATAACGGGAATGGCGCAAAGTCTGCGGTGGGATACAGTAAACTGACATACGTCTCTGTTGATGCAAGCGCACAACCAGCGCTTCCTCGGACGATGCAAGATCGGACCTACTTACGCCTTGCTCCCATTAGGGGCATAGGCCACAATGAGAAAACGCGACGTGAACCCTACACCCATAACTCCATAAGC,1620,51.48,Mus musculus
SEQ_422079,CTCCATCACACAGCGGCTAGCAGACTATAGCTGTCTTTAGACACGCACTCTAGGCTTTTTCCTGACACAGCGGTCAGCAGGGCTGACTAATGTAACCGACAACCGAGGTCGCTCTCCTGTCGGTCCCATACAAGGCCTAGCGGTTGGCTTGCGTTCGGTCATTAGGTAGAGCCG,174,55.17,Arabidopsis thaliana
SEQ_327663,AAGCATAGATTTCCGTTATCCCCGTTCAGATTAACATCTTAGCCATTGAACTAGTACCTCTCCTTTCTAGCTAAACCGTCCACTACGAATAAACGGCAAATCTCAACCTACAGGAAACGCTTAGTCACCCGAAACGCGGGTCAGTGAAAAGTAGTGCTCTTGCCTGCAGACAAAATTGCTCACATGCTTGTGGCAACGTTGCCGGCAGTAACCTTGCTTGTGAAGGTTTACCCATAACTTTTATAGGTTGCAGCCACTGGCATGATTGAGATCTAAATAAAAGTACCAGCCTGACCGCAGATTGTGAACCCAGCCAACAATCCCGAGAGAACGACTTGCCTCTTGACTAAGTCAAGCCCAGCCGGATTGGACAATACACCTACGATATCACCCCAACTCGCCTAGGTCTTGTTCGTCAACCCAACGCCGGAACGCTGGTGCTTCACGTGCGATGAAGAATACCGGTTGTTTCAACCTATACGCCAAAAGCCCTCGGATCAACAGGCTAAAATACGGTTGGGGTCCTTCGTCCGGCGACCTGGCGGATTGTCAACTTACTCATCCTTACATTCTTGCCGCCAGCTAGCATCCGCCAACGAGGTTGAGGCCAATGCCAACAATCTCCGCTGGATCACCACCCACTGGGATCCGGCTATAGGTGCAAATGGACAACTCCGCGTTTCGGCCTACACTCCCGCCTTGCCTCTCTGCTCCAAGGTGTGTCTAGCACCCCCTCATTCTGTTCCGAAACCTGTAATTTAAGGGCTCTCATACGATAACAAGGTAACGACTGACTGGCGTGGCTCTGTCACTGTGCTTACTTCTAGGCTCATCATCAGCTTAGCAGACTCACGCTACAGCGAGCGAACTGGACTCACGTTGTACGACACTGAGTCTGCAAAATTCGGGACTGTGTACCGGGGTTACTTAGCTTTAATGACAAGCAACGTGCTTTATGGGAGGAACAAACAGCGTGGTTTGTTCGCAGGTGGATTGTTAAAGAATTAATGGGGACGATGGCCTACACTCGGTTCCCTCAAGGCGAACTTGACAGAAGTATATTGATTGCTGTTACCATAGTCCGTTACGGGCTTTCCATCGGCATATCTAATAGTAAAACGAGGGGGTGTTCGACTAGAAGGGTAGTCTCTGACCAGGATAGAATGTCTTGCATCAAACTGATTCGGCCCTTTCAGCGGACACGTAGCTTGGGCAGCTGTTGGTGTTCCCTCCCCTGATTCTATGATTCCCGTGGGCTGCCATATTAATTTGCCGTTGGCTAACTCTTGATCCCGACGTGAAAGTTCGCATATTAGTGCGTTCTGAGGCCTTTGTGAATACTGCGAATCTTCGATCCGGTTGGGTCTACCTTTATATATGGACTTTGCCCTTGCTTGTTCCATGCGTCGTGGTATTCCGACCTTTCAGTAATTTGTTGATTAAATAGATCCTAACTGGATTGGGCATGGAGGCCGTAAGTGTTCATTATGGTCGGGCGACATCATCGAGTGTTACACTCTTAACTGCTTCAAGGGGATTATCCCCAAGTGAACCGAAAAGACACACACACTGTGGCGGTTAGCGGCAAATGGTGGTCCTATGCCTGGGTTAAGTTCCGTTGTGGGGAGAAAACTTCAAGCCGATCATCTAACTTTTGTAGCAACCAACCACGCAACAGACTCGGATTCAGTGGGTCATCCAGTACTTGAGGTGCGGTATGCGTGGCCAGGGCGGTGTTGCGGGAGGAGCGCTTCCTCTCCTCTATACGGCGGTGATAACTAAATACCTTCGGTATCAAAACTTTCCTTAGCGTGAATGCCCGCCAAGTTACCATTATCTGTAGAAGGGTTAAGAGGGAAGTAACGA,1866,49.2,Caenorhabditis elegans
SEQ_839437,CAAATTCGGTGTCCTCGCTTCTTGCAGGATGACTGCGGTATTTCTAGCTCGTGTTCTCTTAGCCGACGTGGAGAGGGCTTTGACTGACCCCCAACAACAGCCATCATCGGTTGCGCCCCAATCTCCTTATTGTGCGTTATCGCTACCGGCTGTTAGGCGAACTGTAGCCTGAGAAGTATCCTCAACAGGTTCTGCGCACTTCGTCCTGAGTCCCATGTAGACATGAATCTATTAATTCTGGTGCCTCGCACATACCTCGGCGGGCACTATGCCTATAAAGGTTTAAATGCTGCTCGTTATGCCCTCTAAGTCACGAAGACAATGGCGGACTACATGGAGCTAGACAGCGTTAGGCCGGGACTTCGCTGCTTGCATGATGCCTCGAAGTATGCCTCACATGACTACGCATCGCTGCGAACACGGTCACTAGGCTGACTCATGTCCGAACCCCGCACCTTGGTGAACCCCCTCTTTGGACCAGATGCGTGACAATATGTAGAACGTGCCTTGCGTCTGGTCTCGGGCACAAAACCTAGTAGATCTTCCCTTCAACTTACAGTTAGCTCGAGACTGCGCGTCACCCGCTTGGTCTTGAAGTAAAGAGTGGCACCGTACATAGGATTTGACGCTAGGGTTGAAGTAAATTTTCTCAAGCTATAAGATTTTTTAAGATCTCGTGCCCATGTTAAGCGGTGGCAGAGAGTCAGTTCCTCGCCTAGCTTCCCTTAATTCGGGTGAAGTAAGACCAGGTCACTGGGGTGGACGGGATTTACGTTATTCGTCTCAATGGTTTTCCGAACCCGTCTTCATGAACGCGCATCACGGTCGATAGCGCTCACCACATTTTACTCACATAATTTGAGACATACTGACATCATCTGGCACGTCTAGGCCAGACCATGACTTCAGGTCCAGACGCTTATGCTGACTTCTAATCGCAGCCTCGCGAGCGACTCTGAGTATTACCTGCTAGTTTTTCACTCTTTTACCAGATATTTGAAACACAAGTAACTCCCGAGAATTTATGTGGCCTGAACCTCAAGGATAGGCTAAGGG,1056,49.81,Homo sapiens
SEQ_962078,TTAACGAACGGTAAAAAACGAGTCCGAAATAACAACACTCTTTGAAATATACGGCAGGAAACTATTCCAGGACCTCGCACGTGCCACAGGTGCAATCTGGGCTGCCCTCCCAATACTCGGTAAGATAACGATGGTACCCAAAAAAGGTCAAGCCGGTGCGGCCAACCACACTGCCCTCCTGGACACTGACTGAAGCCTCCAAGCCGGGTGGCTAATAACCCTCCCCGACGGTTGGTCTTGGGAGGGGGGCCTATATGTCAATGGTTGCGGCCTTGCTGCGACTTTTAGTGGGGCTAAGTTGTTATATATGCACTGGCGTGGCTGCTGTGACGAAAAAACACCGTTAGGGGCCTGTGGTCACTTTGAGACAGGTGAATGACCGCCCCCGCCCGGGAGCGCCCAGTGTCAGCTCTTCGAGTTCATACAGAAAGACTCAGGCCTGAACGGTACAGAGTAACTAATCAGCTAGCACTTGTCAAATGGGAGGCGTAAGCGTTTTCGCCTCTGTAGCCTGACGGCCACTGTCAGGTACCCGAGTGGGATCTGTCGGCTAGCGTCCTCGTTGATCTAATCCCGTTGGTAGCCGATAGCTCGAGAGCTTGTGCATCTAAATTCACCTATTCTTTAAAGACAGATCCGGCCCATCAATGATCCCAAGAACGACATTCTAAGCCAAACCCTGCTCAGTATCGCTCCGGCGTCTCCCGAGCGACAAAACACAGATGGCCTGTCCGAGTGCGCACGGAAACGCATCATCACATAACTTGAGACGAGTCACAAAGAATGGTCGAAATAGCACTCGATGGCTAATGCAATCACGAGGCCGAAACCTAGTGGACATTTGCCCCGGTAGGCATAGTTAAACACCAGCGTATCTCCTCATCTAAAGAGACGACACCGTTCCTCGTTCGGAGGCTGCTGACTCTCCAAAGATAGGGCATTATCTAGCTTTCTACACTGACAGAGAATATGAAGATGGGATGTACGGGGGAAAATATTACAGTCTCCCTCGTGACTTCGATCCGAAGTATATACCCGGCAATTATGAGTAGACATTTTACAGTAAGCGCAGAATGAACGTCGGTTAAGATATTCAGTTACTCTCATAGCATATTAGCTAACTTTGGGGCTATATGTACCTTATTAAAGCGTATTCAATGGGCCCGATTATACGAGCGACCTTTTTCTAACAGGGACCGTTAACCCAGAGCCCGTCCTGTGTAAGTCGATTGTTCGCCGGAGTAAAACGTGTCCTCATACTACGTACAAAGGTGACCTAACGTCACACTCTGGGGAAAATCAGACCCGTATCCTGATTTCCGCCAGAATTCTCAAAAGCCGATGGTATTTTACGCCAGGTTCCTGATTTACAACTACGTCGTGCTGTAATGGGTCATTAGGGCATTCAAACTTCGGGACCGCATCAGCATCGACCTTGACCCGCACACCGTCCGATCATGTTGAAGTGCAAGAAAGACCTGTCCTTCACAAACCAGTTGGCGGCACGGAGTCCCTCATAGGCACTATCACTCTCCATCAACTCCTCGGGTTTTTCTTTCTCGTGAATGCAGGATGGAACTCACAGTTTTGTAGCGCCACCCTAGTTGGGCCAAGATTCGCGGAGCCATGTGATTCGGAATAGAGTGCCTACATAGCATGGTTCTGACCGTGCCGGCGTGGACTGACTATCAGCCTCGCAGTCGTTGAGCGGTTGCAC,1717,50.44,Escherichia coli
SEQ_151260,ATATTCCCACTGACTGACCGGTTAAACGCCCGCGTCCGTCTGGTTTGCATTTGCCTCCACGGGTTTATACCCCGGACTATCCCATTAGAACTTATACGACGCTCGACTGGACCGAGGAAACGCCACATCCATTGGTTAGGTCGCGTCGCAGAGCTGCGTCTTAGGTCAGGATTAAAATGTAAGACCGGTGAACTTCCGACCATCTTTCTCGCTGAAACTCACCCGGAGGGAGGCGAGCAAGCGGCTAATCCAACAGGGGGTGATTAAGAGGTCGCTATCGAGTTCTATGTCGTTATCGCCCCTTTCAGCACCTCGATACTAGTCTAAGTCGTCTGACCGAGGACTTGGGCGAGGGCTAGGGACCACAGCGTTAAAAACCTCCGATCCCATAGTGCGCAAGCTTATTTTTCTGATGGACAGCACACGGCAACGACTCTTGAGTAAGCATTTGGTTATAGAATCAACCCTTTTTCCAACCGTCTAACGTTGAATGGGAAATAATGTCCTTTCTCCGCGGTTAGAACTAACGATGCCAATCGCCTATCTGAGCCGCGTATCCGACAACTATAGACGGCTATCCTTCCACCAGAGCGTGGAAGGTAGATGCATGCTATGCGAACCAGGGTATTAGAAATCGTCCGTCGTTAGTATTTTGAGCATAATCCGGTTAATTTTCATATCTCTTTTGCTGTACACAAGACGAGCCAACCGCCGGAGTGCGATCACAAACTTTAAACTACGTTAGTCCAAGTTATGATGACGGCATGGCATAGTATACTCCGCACACTTCCTGCACAGCGACATTAAACTTCGAGCTGTAACACCTGTGCATTATCCCATGTCTCGTCCACGATGCTGACTCGCCCGTACGAAGACCGATACACTATAGAAGGGTAATAATACTTACGAAGGCTCTACTGCGCCCCGTGAAAATCATTGTAGCCGTTTAAAATTTCTAATGTACGATTCGACTTCGGCCGAGGGCAGACTTCGTGTGGGAAGATGAGTCGTAAGGTGTTGAAACGCGGTAAGTCCTCGTCGGAGTGATAATGATGCTCCGTGTAGAATTAGTAGCCGTCTCACGCCTTCCTGAGCTCCAGTAAAAAATATACTTCGCATCGCTGGCAATGGGCACTTACCTTCCTCTCACTTTAGCCGCCTTTACCTGGGCCGACTCGATTAACCGGTTGATCCCGTTTAACGCATTTTCCGTGATCGGTAGAATTGCGGACAGAACGCCTTGGGGCAAAGTAAGGACGCGACGTAATTCCAGGATCACGTTGATTCAGTTGGGGAGTTCGTTATACTACTTGGTATAACGTGGAATTACCCCCGACTGGCATCATAAACCACTGTCGGCGTCACGGATGAGCCTCTATGTGCCGGTTTAGCGTCTCACGCTCACAATATAGCCACCGATTAAGTATTCTACAAATTAGGAGTCGGACTCAAAGCTCACATTGTTCAGCCACGGCTGGCAGGGCCAAAGCGCGGTTTGCGCGGGGACGAGGTCACTAACGAACCTATGGTCCTGACGCCAGACCTGGGGTGCGTGCGTCATGGACACGACATGGGCGCAACAAGGCTAAACCCCAACGTGACGCGAGAATAACTGATGATTAGACCTGTTCCCCGGAGGAATCGTGACTTTCTGCTCCAGAAGAAACTTTCGATCGCGCCGATCCTAGCGTGTTACGAACTGGCACGGGATGTGACGAACCCTCAGTGGTTAATATTGGTTCAGGCAACTCTTTCATAAGCTGTCCCAGTAGTATTACCCAATGATGGGACACGTTCGCCAAGAAGACAAAATCTGGGTTGC,1822,49.95,Caenorhabditis elegans
SEQ_944993,GGGATAGTTCTTAACTGAAGCAGTACGGTGTAGTATTCTATAAGATCGTATACTCCAGCCGTCGTGCAAAGTGGAACGTTCCGTTGTTTGGATCAACCAGAGATACTGATCAGCACACAGTTAGATAAAATGTTGGAAGGATGGTAGGAGACAGACTCGGTTGGACCTTTCCGGGATATACAGGCTGTCTATTCTATGAAGTAGCCCTGCGCATCACTTGGCAATTTAGCTAGTTACCGGCCGATAGAAGATTTATAGCGCCTGTCTGAAGTAATCCGGACGATTAATGACTCCTGGCTGTGCTGAAATTCCTTAAAAAATGGTCTTCCGCTTCACTCTACTAACTAACATTACCATCACCCAGGATGGCGTCTCATGGTATCTACTAGGAGAAATGGTCACGGTAATCAGATTTGCGTCACGAGGAGACCCTCGGCGGAGAAGCCGGAACAGAGCACACGTGGAACCACTGGGCCTGGCACAGCCGTGTACAGCAGCTAACAGGAAGACTTATAAAACAACCCTTGGGAGACTCATACCACGCCTGTCTCAGTCCCCGTCCCGTTTCTAACAAGTCTGGCTTCGCATTGGTTTCCCAGTTCCGAAGTCGTTGACGACTAAGTCCAGCTCATAAGGTCGGTACACTGCCTCTATACGCAT,660,48.33,Homo sapiens
SEQ_123158,AGATTGACATCGCGCATAAATTCTCATCATGGTACTATAATCCTGGCAGGCACGCCTGAAAGCAATGCCCGCACCGGCTACGGAGTGCATGAACTTGGATCAACAAGGGCAAACGAATCTGCGGAAGTTTGTGTGCCTCCTAATTTCTATGTATTCAGTGGTAACGAGGCTTCTCTAGGTAGACATTCTGACGTCGAAGCTCGGTGAAACATACGAAGTAGTTGGGAGGGACCTACTCAAGGATACGGTACTCAAGAGTAGCCCACCAAGTGAGCTATTGCGTCTGGGGCATCTGTTTAAAAGCGGGGGATCGATATCCGTCCGCCCCTGTCATAGGTATTCGTAATCAATCGGGTTAAATGGCGGTCCACAGGAAAAGGGTGACATTGGGAGTCGAGGGAACGTACGGGAACGCAAGCAGTCCATCTGATTAGCAAAGGGGGAGAGAGGAAGTAAGCGGCTCTAGTGTCCGATGGTTAATACTCCTTCAACACGGGATATCATCTTATATACGCGAGGACTTGGAATTCCAACAAAGACGGTGTAA,547,48.99,Escherichia coli
SEQ_895068,TGGGCCTAGTATGAGGTCAGAACGCTGTCGGGAACTTTTCCATGCCCAAGCGCGAACCTAGTGAAAACTCGTACAACTTCGCTTGAAGTCCCGATCACGAGCTCCATTGCACTATCGCGCCGATTAGTTACGACTAAACGCCCTCACATTTAATGGATTGCCGTGGTACTGGCGCGCCTAGCGACTGTACCGTGAAAGATGAAGAGATACCTTCTATAAGGCAGGTAGTGGACAATGCAAGCCTATTCGCGTAAGTACAAAGCTGATCCTGTTGGACTTGTGCAGCAAATTTTGTCGTAAAGCGCAGGCATGAGGGGTCAATGTGACGCCAAGTGCTCGAAGCAGGACGATGTAGCAACTAGTCGTGCCACGGCTGAGTACAATAAGTCTGTAGGAGACTCTCAGATACAGTCTTCCATCTCGCTGTGAACTCGCTACACGTGGATTTCGGGGACATAATCAGCGGTGCACCACTTCGGGTATTCCGGGTCGTTGGCAAGCGTAGAGGGCCGAGATACCCGCGGAAGGTTTTCGTGGGCGGACGAGTTTCTCAAAACACTAACCGAGACAGACCGGACCTAGTGACCAAAAACTTCGTTCATTTTACCTAGGCTCTGCCTCCCATCGCTGAGCAGTGTTG,640,51.56,Arabidopsis thaliana
SEQ_683927,AACAAGCTCATCGCTCTTGCGAGTAGTCCAATCTGAGGGTTTCTTCCCTGGCAACACTGGGTGGAGAAATTGTATACGCCTTTATGAAGGACTAGACTGTAACACAAAAATCTTTGACTCTATGGGATTAATCCGTTCAAGAGCGTACCTGAAACGGGCATAAAGCAATGCGATAAGTATAACTCCCTCAGGTGTTTAGCTGATAGGTTAGGGAAGGAAGTCATCCGACGAGTGAAGCCAACCCCATGACCGCGTTTTGGTCAGGTACAGAAATCAGGCAGGCTTGTGTGCATTGAAATGTGGGTCTTGGCACTCTGCTCGGTCGCCAAGTATTCCCTAGAAAAACTTGCGGGAGCCGTTCCCTTTAGGCATACGTACACGAGCGGCATTACAACACCCTCTATCGTCTGCGTTACTGGCTCACGCTAAGTCTTGCCAATCATTGGACGTAAGCAAATCATCATTAGGGCCATTTCTTATAGTGGTGACGAAACGTTACGAGTAATTCCATTCCACATGTGATCTGGCAGCGGCCCCGTCGACGTGGAAGTTGTTTGTAATTGCAGACAGCCCTGACCGAAAGCGACCTGATCTCCGAAGTGTGCCGGTATCGAAATGCCGGAAGTATGGGGTCTAGCGGGCATCCCTTCAGGCAATAACGCCCCTACCTCTACTGGCTATACTAAGGCCGCCCGGTGTGTACATCGGAGAAGACGGCCTGGCATCACGAACCCGTATCTGTGCGAGAGTGGAAGGACTACCTCCCGTCGTCGCGGTTGTGTCCCACACCTACTAAGCCGGGCAGTCACGTGCTCATATCAGACGGGTGAAAAGTTACACTACAACGGTGGTGCAGATGAGTCATTGTCTGTCGTACGCGGTGCGAAGACTCACCCTAACGACAAGTGACACGCAGAGGTTGCTTCCGTACATATGGCCCCACTCGTCGTGAGCTACCAGTGGCTTCCCTTTTGATAGCTTGTTGCGAGTTAAGGTGATAAAAATTTTGCCTTGCGCAACTGACTGTATCCCAAGTCCTGACGTACTGACTGCGCTGCGCTGGAAGGTGATGCGACGATGCAGCGCTTACAGGTGATGGGTATAGAGAAGGCTGATCACCGTTCGATAACTTGGGCTGCACCTGGTTGAATTCACTATTATACTTGTCGGATGTAATTGAATGGTGATGGAGGGCCTGCTGTCAGACACTCTGGGTCCACATTCTTGTGAGCAAATGGGAAGTGATATAGATAATAAACTATGCCTCCGATTGAGAGGTCGTCGTGAGAGACCTATTACGCTATTTCGATCGGCTCTAGGTGGACATTAAGGCCTCGCGTTAAGATTAGCCCCTCGCTGGGGTCAAAAAAGGGAACTATCTCAAGCACTGCCCAACTATCCACGGCAGGAGTTGGCCCTAACTAGAGGCCTTGTCATCCAAGGCATAGGGTAGCTCGCGAGGGGTTCTAGCTGTATTTTCCACAATCGTCTGTCGTAGTGCACTACAGAACGAACGCTTCCACTGCTACCGATGCAAGCCATTAGATGCGACGGTAGGTACAAACCCGCCTGTATCTCTCGGCCTGCTCCTAGTGGAAAATGGGGGGTTGTTAACCTACGAAGATGCCTAAACGCAGCGCGAATGCTGAGATGATTCTGTGGAATAAACATGAAACGTCGTGCTTAGGCATGACCGATAGCTCAGAAAGTCGTTATAACACCGTGACGGGACTATCTGCACTAACTACCTAGGAGCGGGAGGGGGTAGGTCGTTGCTCCCTCTTTCCACAACTGCACCTTCGCGGCTTGGGTTGTTAGCACTATGGAATCTCCCAAGGATGACCATCGTCGGCTATTTTCACTGAAAGAAGGAAAGGGGCATAACCGTCAGCGCAAGTACGAGACGACGAACGTCAACCGTCCCCACTCGACAAGTCGGGGGTGGGGCAAACGGCACACACCCAGTGCGGCGGGTGTGT,1979,51.29,Saccharomyces cerevisiae
SEQ_553596,CCACTGCGATGGCTGGCAGTGTAGCCTATGCATCTGTATCAAAAGAGGAACTTGATATGCTCTGTGGCACCTAATAAAGGCGTCAGAATTACTCAAGCCCAGCTCTAGCAACACCCAGAAACACACACCGGGAGGACGTTTCTGCTTAATAATCCACCCAGCGGCACAATTGAGCCTCGTCCCCTATGACAGTTCCTTCAAGCATGAACGCGCACCATTTCAGGGTCAACATAATTGGCGTAGTACAGTCAGGAGGTGAGTGGATGGTCTATTGTTAAAATGCGCTTGCGACTAGAACAGCACCATGTATCTCCACTGTGATTACGTTAAAACTATATACAGGACCTTCGTTATGCAACTTTTTTAGCGTGCCGGTGGCGGTGGTCCGATATCATTATAACGGCACTACTAATGGTGGGTTTGTAAGTACGGGACTGTCTGTTAAGTTCGTTAGATACCATCCTATGACATTGGCGGATGGCGGTGTCATTATGCCATGTAACTAATGGCAAAGGTATGCCGCCTCTCTGGGTGTCTTTAGCTGGCGTCAACCAGTCCAGTATATACGATTCTCTGTGCCCCTCTCGTAACTGATCGTATACCGGACAACATCTTACAGTACCGCCACATGTTACCAATATGCGGGCTTACTTTGCTGGATCACTGCATCCTTTAAGCAACAAAGGATCGGGTATCGGACGCGTAAGCATGGCGTATTCTGCTAGCAAAGCGCGGATAAAGAAAGACTACAGGTCCCACGGCAAGGCACGGACGATTCTGGGTGAAGCCCCACATCCTGCTGTGCTCCAGTGTGGCAGAGAATGCGGTTAATATAGGTATTGTTAGGAGAACTAATTGTTTTCGACCTTATTACATAGTTTAGTGTGGGGTTTCTTGCCCCTAGTAAAGCAGTATACTCTGGTCGTCCCACTTAGGAAAGGCTGCTTCCAAATCCAACTTGTCCGATTCGGCAATTGGTTCAACGCACGCAGCGGATGTTGTAGCCGTTGAGAACACCGCGGGGCGTTCCGGGCTCTGCGGTTAGCTCACCAAACGTTTTTTGACTGGTGTCAGATCCTTTAGAAACGTCTCTTGAGGCTGCAGTATGGCGATGTTCCCTGCCCAGTATCTTCCTGCGGCGACATTGCTCCGAGAAACATTCTCAGCCTTTGTGCAACTTTACCGACAGGGTGACGCTGGTGGTCACAAGGGACTGCTACATCATGGGTGGTTACTCTCATTGGAGACTTCCAAGAAGTCTTTACTCGTTGATGGTGAGGGTACACCGCAGGAATCCTAACGGGGTTGCGAGCAACAGGGAACAATATCACTGGTGATGGACTCGCTTTCAATCTTAGTTATCCATAGTGTGGTCTAGTATGCGAAAATACCGGTGTCTGGAGGGTACAACCTCTAGGCCCACCTTCGTTAAACCCCTGGAGGTTTTGAAAGCGAGGTAGCCGCAGCAGGATCAGATAATGTTGACCGTCGGTCCCAACTTAGGTGTCCAATACCTCAAGTATCCATCGGGATGTTCCCGCCACAAATATTTTGAATCCAGCCGCTTGGAACAATATGCAACCAGTCATTGCCTCGTGTCCTCGACTTTACCTAGGCCGCGGGAAATTGTGCTCTCGAACGCGCCATATGTACCTAGTCGGATGGCTCTCAGAAATTTGGCCGCAGACGAACGCTCTTCGGTCACGCTCCGCTAGTTAGTCCATCCGGCGGTTGTTGGCATGCGCCTGGTCATATCTATGTCGCGGTCGTTTCACGGTCGCCACCATTCCACTAGTATCAACAATGCTGTTAGGTACCCACAAAA,1825,49.59,Homo sapiens
SEQ_626030,TCCGCACCGACGCTCGAGGTCCGCTGGAGTGCTCCGCCATGCGCTCTACAGAGTACTCGAGTCCGTTACGGTGATCGGCTACATCGGTGAAGATGCAGTGTGCGGTTTTATTTCGTACTGAAAGGACATAGGAGTCCGCCTATTTTAGTTTCTCCGGTGCTACGTTTTCGGATCATGCAACACACCTGGTTTCCGCAAGTAACAGCTGTCGAGACTGCTACCACATAAAGATGCGCCTATACGTGGCGGGTCCGATGCAGTCGATAGGAAGGAATAACCACACAGGCTCAATGTCTTGCGGGTTCGCATTCCGTACTACGCACGCTCCATCGTGTGCCCCCTACCAATTTATCTTAATTAAGAGCACTCTGTGTTAAGACCCTGGTCATGACTGCATGGGCCTATCACCGTGAGACGCTACGGTGCTGGACTTCGCTCGATATGTATCAAGGATGTGGCCGCTTATGATAGGGAGACTGCGGGTCCACCCGATGTGTCGACACAGTTACTCGCCGACTTGAAGGCTGATACTTGCCTTTAAGTATTTGAAGATGACAAGGCCGGAGGGATAGACTCCTAGTCCAAGGCCACGGGGGGGTTACGTTTGGCAGCGGGAAAATCTATCCCCAAAGGAGGTCGTCAACCGAGTCCCTTCTGGGGTCTCGTCCCTTTGAGTACCAGGAATGTGAGCGTCGTTGGACCTATTTAGCAACTGGGCCTGACATATCGTTGGATCAAAACGAATAATGGAATTAACGTAGGTTATACAATGATGAATTCTCGCATAGTTCACACCGGCTATCTGAACTAACCTCGCGTGATGCAGAAGAACAAAAGAGCGAGGCGTGAGCGCCCAGGTGGGCGTTCCAATGACGATTGAGTCGTAGCATCTGGGCGGCGCAGGTCCATTGCCCGACTAGGCTTC,925,52.32,Mus musculus
SEQ_380957,GGTCAAGACAAATCGTGCTTCGAGTATCTGTGGGTTGGGGCTAACGCCTTGGGCCGCCAGATCATCTTATAGACTTATACGGCCACTCCTTCCACTATGGCACAGACCTCGCCAGAAAGCACTCTCGTCGCGTCTAATTTTAGTGAACAAACTTGGCAGGTATTTAAGAAAGGCCATTGCCGGAGCACTGACACGAGGATAGTGCATACTTAACGAGGAGGCAGGTAGTGAAGATGATGAGGAGCCCTCCTCGGAGCTTGCCGGGCACTGAATGCATCACCATTTAGTGCGTAGGTCGCGGAGCCAGGTGATAACTAAGCCCGCAATTGTAGCTTCGAGCCCTGGGTACCCCATCTACCCGTACTGATACTCTGAAGCCCAATAAGTGTTACGGCAGTTAGGGATAGGGGCGAAGGAGGCACGTAATAGACATGAGCGTTTATTGTAGGCGACGCATCCGAGGTGAGCGTTCTACGGTAGCTTAGACGACAGACGAGTAGCAGAACGTACAGCGTCTTCATGTCGACGCTGTACGCACAGAATACAGCGTGGGACGTGAAAACGTCTCAATTTCTAGAATCCATACAATGAAGTACTCAAACCGAGGCCGGACTGTGGTAGCCGCCATAGCGATTCCGTAGTTGCACGGGCTCGAGCTAGCTGATCTTACGTGGCCGATAGCTCTTCCAGGTAAGATATCAACATGGTGCCTCCATGCTCGATACCGCTCGTGACTATCCAACTGCCTCGAGGCCCGCGACTCTGAAGGTTGTGGAGGAGTTGGCTTTTCCTATTGTACAGCTGTGGCGAAGTGAGGGGAGGCAGAGGAGAGTCAGAAGGTTAGACTCCTTGTGTATGTTCCGGACTCACCTTAGCTCCCGCTTGGCGTCTAAGCCGTTGTAATCCCACCGTATCATCTACCTCTACAAACGTGCAGCTAAGCAAAATCCCTCCTCATGGGCCGTTGCTAGCTATACGCATGGATCAACTATGTCCAAGTCATCACGTTATACGCGGGGTCACGGGCCTAGGCCGGTCAACGCCTTCTGATTGGATTTAGCCGAATATTGAAGCACTCCGTCCAGTAGGTCATAAAGGCTTCAGAGCGTTCTTGTGGACGTCTTAAAAACCACTTAAGCTCTACTGTGGCTCCTAGGGGATGGTTAATGTGCCTCCCGAACCTCCTCGCTTACTTAGCTCCTGAAGACTATCAGAAAGCTGAGAACCAACTGGACCTCCTGGTATGCTTTAGGCAATACGTCACTAACAAGGGTTTGTTACGCTTGGCAACTAGTCGCCCGTCGCACGTGATAAGCCAAACCGTCGAGCGAAGAACTGTCGTACTCTTGTGCCCAATCATGTCAATCTGTGGACTTGAAATTGAAACCCTGGAAGACCTTTGATGAGGACCGAGTGGGGTCCAATTCGAGGTGGGAGCGTCGGATGACGTAGCACCCCCTTACGAGCTGCGAGTCTTAGGATAGGTATCTGGTGCCAAGTGGGATAGTAGCATAGATATGATGCGGGAAACTCGGTTGATCACTGCCCAGCAGGGGAACTACTAAGCTTAGATAACGTATGCGACAATAGGCCTCCCCCAGTAGTGGTAAGGTCGTTCGTGGCTCACGAGTTAAATCTACTATCCGGCACG,1651,51.67,Arabidopsis thaliana
SEQ_621047,CGTCCTGCTCGGGAGTCGTATTATGCTATTTTCTCTTGTTTTGCCCCAACTCTGGTTTGGCGCTGAAGGAGGATGATCCACTACGTACCGTAGCAGTCTGTATGGGAGAGCCGGATGATTCGTCTGCTGCAGCCCCTACGGATCATCGTACCATCTATTTTCAATCCTTCAGATCGTCTCCGATTGGTTGCTTTAGCGAAGCCATGTAACGCGTCGTACGATCAGACTAGGGACCCGGCTAGGACGAATTTTTATCATTAAACCTCTCTTTGCCTCGGATTAGCTGGGAACAGAAGATTGTAAATCGAAGCGACGGGTCAATCCAAGAGAATGCTTACAGTCAGGGAAGACATGCTTGATGCGGAAGCGAGTTAAGACGAGTTGTGTCAGTCAATATGGTTTTCAGCGACAATTGGACGAACCAGCTGCCATGCGCTTGGGGCTGCAGTGTCCCCATCGGTGTCACTAGTTCTTAACGAAGTGCGGTGAGCCGACGTACGTCAGACAGCGGCCACTTA,518,50.39,Drosophila melanogaster
SEQ_636703,AGGTTAGTACGTGAACTTACTGGTCACTTCCGACTTATCACTTGACTGGGCTGTATCCTCCTGAGTCCAATCGAAATGCTACAGGACCATATAATTAACACAAGATGTAATGCTGTTTAGAATGCGACTGTAACCGGTGTTACCGTAACCATTGTAATTATCCTCAATAAAGTCGGCGACACGCTACTCCAACCACACGCGCGCACAACGGGTGAGAATTGGCGTGGGACAAGTTGGACGCTTATTTGAGCAAAT,255,45.49,Homo sapiens
SEQ_172838,TAGGTTAAGAACTTCGGTAACAGGGTCCCACGTGGGTGTTCACATTCAGGCGCGTCGACTCTCAAATGCGCCCAGCACTGTGCACGCGTTGTGCCCCCGGGTACGGTGGAGTCGTTTACAGAAGTTTGGGTCACTTTAGCGATCCCTGATTTATGTGTGAGCTGACTAGGTCTCTAATGTACCCCCATTACGGCGCCTTGAAGCAGAATCAGCATTTCCACAACGCTATGCTACTCCAAAGCCTCTACAGCCCACGTTGCGTTGATGTCAAATGCTATCCTAGTGTGTTGGCTCCCTGATTACCACTATGAGACCGGAACTATAAAGCGTACCATGAATGGTCTTTAGTCAGGACTCCATGGACAATACTTAACAACGAATCACGTTATTGGAGTCGGCTGAAGCTGAATTATCGAGTCTCAGAGTTCAATGTCTTTCACTTCCACCTTTATGATGCCGTTACGGCTTATCTTAATAGCACGTTAAGCGGATCCTCTATTTATACACTGTCTAGTAAGGTCACGAATTTGCGCGGGTTATCGAAAAAAAATTCGGATTTGGTTGTAGAACTGTCAAAACCCCGTTCGTACCCACGGATTTCTCTCTTTAAGCTCGGTAGGTGCTCGTTGACTAAGTAGACCAGTTGTAGCGGTAAGTTGTAGCTTACCTTCCTTTCATCTACGAGCACGGGCCGGTTGTACATAGTGTCCGCGTTTCGGATCTACTAAAGTGAGAGCTCCCGTTTTCTATGGTCGAATTTCACTACTAGGATTTAGCTGAGTGGCACAGCGTCGGATCGTTATCGGTGAACACCGATGCAAGAGAATGTAATGTATTTACCTGTTAGAAAGTGCGAAGAACAACGATTCGGTTTTCGTAGCCAGGGATTGGCCTACGTAGTTGTGTCACATAGATTCAGACTACTTCGAGGGTCTTCATGAAATGGCGCCAAGCACTCTAAGAGCCCCCAAGCTGCTCATTCCCACAAGCGCGTGGGTAGGAACCATGTATTATGTCTGTGACCCGGGATTGGGTTAAGCAACAGTGGATTGCCTACCTCGCCTCCGTCCCCCCGGTTTATGGCGCGAGCTCGGACCATTGTTAAGCCTTTGGTGACTGTCTACACTTCTTTGCCACGGCATCGCGCCATCAGAATGCATTGAATAGCACCTGACTCACAAACGCGTACGGAATTGAATCAAGTAGCCCTGCCTTCAGCGAAACACGCCGCGTAAGAGCCTCCTGCGTCAAGGCCGTAGCAGTCTTCAAGTGCTGGCGGTGGCCCCACCGGTAAGAAGTCATCGTGGACCGTGAGCGATCATGAAAAATATACAAAGTAATATAGTTGCGTGTTCGGTTGGATTCTGCGGTACGTACTTGAAGTTGTAGAAGAACGCCGTTCAACTTGAGTTCAATAGGTGGTTTGTGGCTCACACACGGGGACATCCCCGAAAAATTCCACTGCATTCTTATGTCCTTATAGCGGTATCGGAAGAAGCAACGAGTTATCGGTAAAAGCTAGCGTTAAAAGTAAGCTCGAGAAGCTGGCTCGATTATACGTCTACGGGCGAGCTACTCTAAAGATGTCTTTGCCTT,1596,48.37,Drosophila melanogaster
SEQ_113398,CGAGCAAACCTAGTTTTGTAATGGACCGCACTGGATAGGTCATTTCACATCTAACTCGCATGACACGGTATTGGTGCGATGGAGATACCCGCATTATCCGCGGCTTGGCACCAGCGTCGGATCCCCAGACTTAGTGCGGCGGGTAGTGCGGATGCCCTAGTAGGAGCGCCTCACCGCCATGACTTTGGCCAAGTACATCTCAGCCTGAGGGGGACAGACTTTGAATTAACAGCCAAGGGTCCTAGGTCGTTAATTCTTTTGGAGATAACAAAGCGAGTCTCTCCATGGACTGCACCACGAAAAATCTGACGTCAGGGTTGTCTCTCACGTTCGAAAATCTAGCCATCTTCCCTTCTTCTCTTTCTATAACTTGACCTCCTAGCAACATCCTGCGCTAACGCGCCTTCACTAACATGAAAAACCCTAGAAAATGTCTCATCTAAAAAGACACGCGCCCCTGTGCACATAAGCCGTTCCCGGCTTGGTGGTAGCTCGGTAGAGAGATCGCCCCAACCTGACGTTCTAACTAGCGGGATATAGACAAAATGAGAGGGTGAAGCCTGAAATTGGTTTGAGACTGAAGGAAATCGCTGATGACCACCGTTGGCACCCGACAGATGTGATGTAAGGATGATTGCGAGCAGCCACTCACTGGCCTCGCTGCTTTTAGGTGTTCTAACGTTTTACAACAGAATCCAATGATGCGATAGCATCTATAGCCCGTAGACGCACCACACAGAAACCGGGTCTTTCAAAATTGGATCCACCATTCCCATCGACCTGTTTAGGGTTAGCCTCATACGTTACGCGGTACCTTACCGACATCCGGCGCGCGGCCAATACGTTACTCGGAAGGATGTTTGGTGTATCTTTTGTAATAAGCAGGTCGCTATACTCCCGCAGAAGTACTCGCATAAGATGGGGAACCGCATGAAACTCTGGTAAACGACAACAAAACTCCCATATCCAATGGAAATTTGTCTGACTATGGCCATCTGATTGTCTAGACTCTAGCTACTAGCTGAACTCGGAAAAAAACGAACCCTGTTATATCGTTAGGCTAGATGGTACCTTCAAAAGCCATCCTTCGGCGACTTCATACCTTCTTGCAGTGGATTGGTACTCTACCGATTAACTAGGTGGGAGGGCGCCACGTGTAATGTTATCGACAGACCTGGCCGTGTACTGGAGCTAAGACGTCACTGGTATTGGCGCACGCGCACAGGTACACAATCTTCTATCATGTCTATAGCACCCGTATTGTGAATACAAACTAATGCAGTACAAGGGCAATGGTTTGCATGTGTAGCTA,1312,48.78,Arabidopsis thaliana
SEQ_557882,TTTGACTGTAACCCTCAATCGCCTCGAACACCCACCTGCCCTTGCGGTGCATCGGTTACAGATAAGCTGAAAGAGCGTGACGTACAAGTGGTTGGGGCTGGAAGCATTTCTAATGGACGTGTCTTAAGCCAAGGCGAATGGTCAATGCTCCGCATGTGGGGGCTTGCTTTCTGACCGCTTTGCCGCCTGGATCTTCCCCTCCTAAATACAACTAAGCCGAGACGGGATAGTGCTCCAGAGGTTCCAGCCTGTGCTGGGGAATAGATTCGGGACGTAAAATGAAAGGCTTTCTAGCCCGGCCAGGGCCCCCCCGAAGGACCGACAATCTCCATATATATCTAGCTTGCTGTTATACTACTATGCATGGGGGGAACCTACAGACTTATGCCAGCATCGTCGATGGTTTAAAAGATTCATTAAATTTGCGAACTTGTAGCCTTTCGGGGCCTGAGCGGCGAAGTTATGCACATGATGTGGATCCTGACCGCCTACGGAGTCGTGCAACAGTTACGCTATCTTCAGCAGGGTACAACAGAAACGCTTTGGACACTTCTCATTATGATCGCACTTAGACGGGAACAGTTAGCGTGACGTTCCTGACATGGGCGAAAAGTCCTGGGCTACACTTAATGCCTCCATACGTCTATCATATCTTGAAGATGCCGAAGATTGAGTATACTTGTCAGGGGACGAACCTCTACCTGATCGATTTTGTGCTAGGTCAACCTGCCATTGTCCCTTAATCCACGTGATATACTTGTTGGATCCACTATCGTACGGTGCGGCCCGTAGCGAAACACATCTAGTGACAAGGAAAACTTTTCTCCGTCACACAGCGCCTAGGCCGCCAAATGCTGACGACGGGTCATGTGTCTAGAATAGGATCTATGGAAAGGGACCCTCTATTTATTATGAGGCTCCGGGCCCGCCACCTGACATAAGGGTTTATACGTAAACCAATCTTAAGGCACTGGTTGACTGCCATATAACACTAATTATTGATGAGAACTTACGCTGCAGGTCCTGCGGTTTATGCTGTGAGGTGAAGGTGCTTGGTCAACTCCGGTGGTAGCAGAATTAACAACATGTGGTAAGAGTCCAGAGCACAGCTATTAGAGGGGGACGGTTTTTCTACGAGACTTGTCCAGGCTGTCTCAACCCTACCGAAGTTACGGCGGGACCATGCCGATCCAGCCCTTTACGTGTCTTCGCGAGCCACTGGAACACTTATGCTCCTATCTCTTACTAGGTTTACGTAACTCTAGGGGACGGGTCAGGATACCCTTAGTGACACTAACCCTCGTTGCCCCACCTCTGTACCCGTGTATGTGTACTACCTGCCTCTGCAGTGGAGAGCTGGCTGGAATAACTAATATGGTTTACGATGTGGC,1391,50.04,Saccharomyces cerevisiae
SEQ_177318,GACGCACGAGGTGACTAGCTCACGTATTTAGAACGTTAGGATTTCATTCCGACAGGCTCAAATTTGTGGACTAGTAAGCCACTCTTCTACCGACTACTTGCTAATGAAGAGCGTGGTTCAAGACCGCTACAAATTCGACCTCCTGAGCTATAATCGAAATTGATTGATAGGATTGACATAGGTGCGTACAGCGGAGCATTCGTGGCGACAGTTGAAGCAGGATCCAGGGGCTCTAAGGCACAGATCTTCAAGCCAGCTTAAAAACGACGGTGGGCATATAATAATTAACCATAGAAAATTGTCTATCGTTATGCGGTAGAGGGAAGTGTTACGGTCAGCATGTACGCACTGCCCGCGGAGATTAATCGCTACGTGGAGATCTGATAAGTGGTCAAATTTCTCAGATACCACGTGTCGCCATAAACGATTTCTTCAGGTACGCTTGGCACAATTACGCAGTGTCTAAAACCAGTTACATAACGATTTTCATGATGGTTAGGGCATTACTAGCCAACTTCCCGTAGTGTACATGGTGCCCCGACACCATGTAGTCCGTAAATCGGGACTTGAAAAGTCTTTGTGTCTCGCCCCATACTGGGATATGTTACAGATACCGGGGATTGAGACATCTCCGCGGAGTCCGGGGAAGACACTGTCTTAGAACGTTTACACCAAGCAATTTTCAGCTCTGGAGAAAGAGGATTCTAAACTGTTGCGTGTTTTAGCAGTGGCTAGCTACGCATAAGTTTGGCACGCTGACTATACGTTAGTGTGTGACTTTGAGGTTCCGTGCAATGCTGATCAGGCCCGTCATATCGAGAAGACCGGTAAAGCCCAGCAAGATACTGCAGCAGTAATGACAATCTGAGAACAGACATGCTATGAAGGACAGGTTATGCACAAAATAGCAGACTGACAGCACTACAAATGGTGGGGTATACGTAGGCTCGTCAGTGTTTCCCGTCAGGTATATGAACACTTCCGCACCTATCTATGCTACTACCGAGGCTTAGGACGATTACCTACCAGCCGGACACAATGGACACACGTGGATAAAGTCCGTCATTGTGGATGACCACGGTATCTTTTTGACGCAATTCCACTGCACTTTAGGCATTCTGATACGATTACAACCCAGGTTAAGGATACGAAATTGTACGATAGGACGCCGTTGTAGACTGCTAGTGTTACTGTATACTCTAGGTTGGCAGTGAGTGCAATGACGCAAACGGAGCTCAATCGGCCGTCTGTTGCATGACATCCCGAGAGCCCAAATCGGGTAAATTAGGCTACCGATAGGGCTGGATTCTTTGCAAAATAACCGACAGACTTTCTCAAATCCTCTAAAACGACAATCCGACTCAAGGTCATAGGAAGTGTTAAATAATGGTTAC,1394,46.34,Caenorhabditis elegans
SEQ_159943,CTTCCGAGCACGATAGGCCGGGTGGTGGACCTGGTGTGCGGTAACTGATGTAGCGGAGCCCTAAATGTAAGATCTGGGTTGTGCAAAAGACTGGCGCGCAAAGGCCGTACGAGAGACTTTATCATTCATGACGTACCAGCAGTCTTGCCGCGCCTCACGAGCTAGACGGCTACGACTACTCCTCGAGGCCTTGACGTACGCACGCGGTTTAAAGAAGCAGTTCATGGAAGCGGTTGAATGAATCGCTCACTCGTTACCACGGGCAAGTTGCGCTTGGCCATGCCCGGCGC,290,56.55,Caenorhabditis elegans
SEQ_927012,TTTGTGGACGTGTCCTGAGCATTCTTCATTCATGGCATATTCAATGCAGGTGCACGTATATCACTGCTTACGGCTCGTACCCCTGACTGCTTTCTATCGCGAGATTTAGGCTCATGGTGCAGCTAAGTTTCTAAACAAGCCAATCGCTCCCGTTGTGGACTAGTCTGAGGGCGATCAAGTACCTTGCTGAGTGGAGAAAGGTCCTAACTTGCAGCTCTTTCAAAACTCAAAGTATTCTCTAAGATATGCTGATCAAGCACCGCTCAGAGTAAGTTCTACCCCAAGGGGCCTAAGACCCACTGTTTTCAGAGGTTGCTACCACGATTGAATTTTTTCCCCAGGGCATTGTCGGAATCGGTATCACGTCTATGTGTCTTGCCTCTCCATGTAGTCTGAGGGAAGCGATGCCAACATGACGAATCCTGAACACGCGCAGGGCAGCAAGGAATTCAGCAGTCACCTTGCTGGTGTACGGCTCGTCTAGCTCTGTTTACATAGCGTAAGGCGAATTCACAGGCTGAGGTCTGATGAACTACACACCTCCACCAACGTAGGAGCAG,560,49.11,Caenorhabditis elegans
SEQ_268270,GCGAAGTTTGTCGCAAGTAGAAATGTCACACTAGCTCATAAGTTCCACCAGAAACTGCTAGGAGCGGTTCCCTGTGATTGGCACCATCTAAATACTTGATTCTGTGAACTCAATTAAGGGCCCATCGTCTCTAACCTTAGTTACCCTACGTAATGCTAGATTCGCTAAGGATCTCGAAGCTAGATGGCTCCGGCAGCCAGCGAACAAGGCCCCTCCATCCCTCTATTTCCAACGGTCTAATTATTATTGCCATCTTTATGTCATGCTCTAGCTCTTTATGGAGTCTTTGCGACCAGGCGATATACGCGGACTTTTCTCCAGGCCCCGAAAACCTCTCTATGCATTGGTTGTAAGCATCAGCAGTGTCGTGTCCGCCAACTCTTATCGCCGGGTACCGGGCCTAAGGTGTCTCAGCCGTTTATAGTGTCAAATTACATCGCACCCCGTATGATGATTCTAGTCACGTTTCGCCATTGTGACCTCCGTATATAACCAAGGATCTGGTTGAGCCTTGGCTGACAGTTGGCGTCTGTAGCGTTAATGAGTCAGTAGATCCTAAAGCGTGTCGCAAATATGGGTAGACAGTACTACGTAGCGGCATTGTGGGGTCGGTCGGAGACCTTGGGGCTCCCCTGCGAAAGATGATCTACGCTGAGTCGGGGTCGTTAAGGGCTAGCGGCAAGCTCTGACTGTACCGAATCTCCCGGGACACGTGAAGGCGGTTCGGTGGCCACAGACATAAACGGAGGCCGAACTCGGGCGGGCCACACTTGGGTCTTAAACAGAACTTAGACGATACGAAGTCCCATGCCCGCGGCTGGATCGGGCGATAATGCGCTCAAGAGTCAGCTTTGGACTCAGAGGGAATCCCAAAATTCAGTACGCTGACAGCGTGTGATCAAGGTTGCTAATACGCGTCAATTTCTAACTCATTTATAAAACTAGAGATGTTCGGCGGGCATAAGACAGGGGCGACAACTGGATAGCGTCTGCTGAGGTGCGCCGACTAATCGACACTACCTCCTTATGCAACCTCAACAGCCGCTTGTCACGAGGTTCCTGGTTCGCTGTTCAGTTCCAGAACAGCACGCGTAGGAACTCTTCACCCGCAATGAGAGTTCACTATCCACGATGGAATCGTCACGCTAC,1149,51.09,Saccharomyces cerevisiae
SEQ_831806,GCCGATGTAATTGTACTCCGTTGCCTATGAGCCCAAGCGATGGAGCCGTCACATTAATAGACGTGCTTCCGTTCCCCCCTGGGCGATGCATATTCTAAATTTCGTTATTATTTTGTTGGCGGATCATAGTGAGTTATACCCATTTTAAATTTACATACGTTCGGTAGACTTGTCTGACTCCGCTGGTTAATAGGTCCTGGCTCACCGAAATAAAAAGCAATTGCTTCGTACGTGGACGCCCCCGCCGCGCTTCGCAGGGGTTTCCGGCAACTTAGTTTCCATCGCTGTTAGTTTAGACCTTGCTACGGTTAGCTTTGCAGCAGCTGCATCGCTATCCTCGCGGGGAACAGCAATAAAGCCAGGCGCGCCGCTGACAGTTTAGCCGCGGCGGTTAAGCGGAAAGTTCTTAGTTTCTGCCCCTAGGTCTTATGCCCGCTGCTGTTGTCATTCGTCTGAACAATGTGTCGTGTTACTTCAACACGGACGACGTACCATAGAGCGGCGTGTACGGGGCCGCCGGGGTCGGCGTAGGACGTAGTCCTCTGCGCACTCTCGGGTCAAGCTCAGGCAACATCGATGAGCAGCCAGTGCTCCCGGACGTTTCGACCGGGTTGATACTATAGGACGAATACACGGGTGCGTCCCTCGTTCCCTTTACGAATGATTGGTGCACTTCACCGGAATGTCAAAGCCCTAACGAGCAAATATATATTAGGCTCCTCGCGAGCTATTAGGATCTAGTGCTAAGAGGAACCAAAAAGCAATACTCGCTACGGGAGGCCGACTCCATTGTACGGACCGTGTGTAGTGTGACCTTGCCCTTATGTAATGAAGTAGGTGTTTCTACTTCTGTGCCAACACTCTTGCATGAGACTGGGTTAAAGAGGATGTGCCGCGGGTATCACTGCGAGTATGGAGGCACCATTTACCCCATGCGAATCTTCGGTACAGCTGACGACAAGATTTCACTCACCGGTTCCATTGAACCAGACTTTTGAGTTGGATTAATAATGATTCATCCGCCATAGGGAGTCGCTTGATGACGACTCTTCAGCTTCAGTCACTTTACTGTACCTAGATTTTACTGTACATAACGAGCTGATCCCAGGCGAACATCGCTACACTGCACGCTTTTCATCTGGCACGATTACGGAATCAGAATTACTGGGTTA,1172,50.26,Saccharomyces cerevisiae
SEQ_734648,ATATCTTTTATAATACTAAGTTTTTCTACCCCGTAGAGCATGCCTACCCCCGCACATGCGTGTTCACCTGCACCCTCACGTATGAGAACAAGTGGCTTTTCGTGTGATTGATTTAGCTAATCTGACATCAACTGGGGTTCCTGTGCAAGTCAGTAACCGCAAGTGCGAAGTGTTAGTCGCCGGCGGCACGAACCGTCAGACTAAGGTAGAGCATGCCTCCACCCTTCGGCATCTTAGAAGCCAAAAAGTTTCTACGATACTATATTGCATTAATGTATCTGACAACACTTATGCTACTATTGTTGATAGGTTAGTACTGTATCTGGGATGAAGATTTTACCTCCAAACTTATTAATAGGGAAAAAATCACGCCGCCCTCACTACCGGCTTCTTTATATTCCGATATGTGTACTTGGTTAGAATCTAAAGACCTTTGCCACTAGCTAAAATATTGTAAGAGAAGTCCGGATACCTACCTGAAATCCGTTCGCTGCCTCCGTCAGGTGCTTGTGTGCTGGAATAAGCTTCATCTGGCTGGCCGTCCTCGCGGTAATAATCTCGTGGGCATGAACGACCACGGAAAGGTTCGCTTCTCGATTTGAGCGTAATGCGGGGGGCCTCCGTTTGTATCGTAAGATGTGTGGAGAAGATAAAGACCCTGGTCTGACTCACTGGGGCCCAGTACAGAGGCCTTCGACTTAGTGTAACTTCGACAGCAAATTAGTATTTACGTAATCTACTGGATCAGAAGCAGACCACTCAAAATCCTTTGCCACGTTGCGCACGAGTGCGGCGGCAAAACCTAACTTTTTCGCGTGATCCACCCAAGTTAAGGTGTATCAAGCCTCCTTCGCATCCAAGGGGGTTGCATGGCCCAACAGACCGGTCCAGCGCTTAGTGCTATGAGAGGCTCGTTTGATAGTACCACGTGTGGATGAACTCGCCGTAGGTCCGACCTGCGAAGCGGCTGCTCCAAGCTGCGATTTGCCTAACAGGCATAAAGAAAGTTCCTATAGCCCGCATCAGAAGAACCCAAGGCACATTTGCCAGACAACGATATTAATGGTAGAGAATCTGTATGTTGGAAATCGGCGCCGCAGCTGTGCATTCGTTCGCTATTAGCGTGAACCTTCCTCATCGGTTGCCCTACTGCACTCATGGCATCCGCTTGACTGGTTAGAGATGGTCGTCCTTAGCAATTCATTCACGAGAGGATGAAACAGTGTGCTATCAGCGCTGGCGAGAATTGTAGTACGGATGTGTCGTGGACTGCATCTTTTACTTCCTGGTTTCTCCATGGGCGGGTCGCTGACGCGTTCCGTAACGCCCGTTACCTGAGCTGCGCTGCTACGGGTCCAGGTCGCGTGGCGAATCTATGCAGTGACCCTCATTGGAGAGTGCATTAGCAACCTGGATCCCCCTGACGCCAGTGTTGAGTGTGAGCAGCGGACGTGTGAAACAGTCCCGACATCGGCGCGCAGTCCAGACGGTTACGCTGACGTGCTGGGGCGTAAAGATCGGACGGGGTCCC,1531,50.29,Homo sapiens
SEQ_625665,CATGCTGCCCCACGGAAACCGGGCAAGCATAGTGGCCTGCTTTCGCTTTTCACATGTCGAAGAGTCAGCATACCTCCTTCGGCCTCAAGAGTGACTAACTGTAACTCTGCTGACTAAAAGACCTAGCAAGTGCAATTTGACGCCAAATCAAGTATTTCTAACAGGCGCCGAGGAGGGGAAATACCGAACTTAAATACGGAACATCCGTCCAATCCGTTATAGACAAGCATCATTCAGTCGGATTACCACTGCCCCAAACCATGATGTCTGCTGTTGGTAGTTCTAGCTTCGACCAACTCAGCTGCGTGGAAACGGCGTTTGTGTGCCTTAACCCGCAGGCTACTGTAAGATAAAAATACGTCGTCGTGGTCCTACATTGCTAGATACTGCAAAGCACGAAAACTCGGAGGCCGCACTCACTAAAGACGACTCCCAGTGGATGCGGAATTATATACTAATTGTGTGCTACCATCATGACCACAAGCGGTACACTTTCATGAATAACTATCGCAAAGTGTTAGATTTATAGAGTGAAACGTCCATTTAAATCGCTTTAGAGTCTGCAGGGGGCGCGAGCCGGGACTTCAGGTTCCATGAGCGACTTGCTTTGAGGCCTGATTCGGGCTCACCGTTGGTTTTTGTAACCGTCGTTACGGGTACCTCCATGGCCATTGCTTGTCTTTACACTACTATCCTAGAGGCTTGTACGAGGGGCGCCACCCGTCCCCTTGGGTCAGCATGCGTGCTGAATCCCGATTACGCAGAAGTGTGGACGTCGTACAATCTGGCCCCCACCGTGCGAAAGGAGGCATCTTACGCCTACCGTATGTAGGGCGCTAATTTATATGCGGATGTCCTCAACTTGGCATCGTGGAAGCGCCTGGGCGGCATGCGACGCGGGTGGTTTATTATTTAGGGCGGATCTGTTCGCTGGCCACGTTCGTACTTCGAATCTGCCCATTGTCAACATTTTTGGTTGTAAGTCCAAGGTTCTATTAGCTTTCGCCTAATTTGGTCAACTTTCATCTAGACCGTTAGGGTCCGGGACAGTGGAGTTAGGCATCGATTAGGAACGGCGCCTCGGAGGAAGCGCCCCGAGTTAACGCGAACCAGTGTGCCCGTTACAGCAATCGATTACTCTGCAATGGCCACGCCATTGCACCTTCATCGGTTGCCCGCATTAAACCTCGTCGGGCCCCGAACGTCCCTGGGGGTAAAACGCCCATAAGCACACCGGGTCCATAATTAGGTCTGTTCTGAGAGATCCGCGGGTTCAATGCTGAAGTGGCTCGAGACCGAATTTGGTGCAAACCGTGTCGCGCGACTACATTCGTTCAAGCCGTTATGACAAAGGGAATAACCAAACTCCCAGGTTTCACAGCGCCTCC,1388,51.3,Homo sapiens
SEQ_737301,ATAGTATCAAAACGTACTCGGGGGGAGGGATTTCCTTGCCATCCTTTTCGCTCGCTTAGGCCAATGCACATGACTACGACGGTACGTGAGGTTGAAGTACTTTTCCAGTAGTTGAACGCATCTCCCAAGTCCGCGATTGGTTAAGCCCCGCATAGACACGCTCTGGCTCCTGCCGATGATTATCGCAGAGATGGTGAGCAGGGAAGAGTCACGGGTCGACGAGACGTAATGTGACCCACTTAGCTGCTACTAGAAGAGACACTATGAAACTCGAAACAAGGCTGGGGCTAAATTAGAGTTTCTTTGCCCAAGAGTGAACCACAACGTCCAGTGCGATGCCAGGAGAACCTTGTTATTTCCTCAATTCGTACCTACGGGATTAATAATGAGCTACCATATTTAAGGGGCTCGCTATACTGCATACTCCGGCTTTCGTCACCCTTTATGCCTACGCATCTAATCGCCCGACCCCCATCCAAATTGCGTATAGAATTGTAAGATGGTCGCCGGTACAGTTCCGATCCCCCGGTTTTACTGTAAACTCCGCCCGGGCCGAGGTTTGTGCTCGCGGGGTGTACGCGAGAACTCGTCAAACATTAGGATGGCCTCGGACGGTCAGCAGAATGACTGACCCGGGATATGGAGTCTACTGCTACCTATTGCCAAAGGCGGACACCACAGCGCAAACGTTGGACGAACTTCGCGTCTTAGTAATCGGGCAATCTTCCGAGAAAATCAAATGCTTAAGCGGTTAACCCGTAGCCCTGGTCTCTCCTAACGGCCAACTCCACGGGCAGGATTATCTCCATACAAGCACCTGCGCCGCTGCATCTGGCCGATCTACTGTTTCAGGCCTTGTCGGGGATCAACATTGTAATCGCATTCGCGTTTCCTACGCTTTGTCCTTA,908,51.32,Escherichia coli
SEQ_424355,TCATGTGGATACCAACCGCATTAGCTAGTCGGGGGCCTCGATAAGAGCGAAGTCCTACGATTCTGTGTTAGATGGGAAAACAACTATCGACCTATGTTGTATTTCCTCCGGAGGCGGCGAAGTCACTAATCCACACATTACAAATTGGAGTAGTTCATGAATAGGAACAGACAGAAAGTACGGTCGCAGTTCCCAATCACACGTGGGCAACAGAAAGGGCGAAGTTAGAGTACATATCGTACGAGCAGATGTAGTACAACTCGGTTGAATATCGAGCAGCCGGCTCCTCAGTAGCCACAATAAGGTAACACTATATCAAACGGTTAGAGAGAATCGTGCATGATTGAT,348,45.98,Arabidopsis thaliana
SEQ_930842,GATAGAAGCATACGCATCAACGCAGTCATTTGTTATATTCCGCACCTAATTTGGTATTCATGGAATATTATGTTGGGCGTTCCTTCCTCTATTACGTGATTACGTGTACAATAGCATTTAAGTGTCAGCGACCGAGCTTGAGCTTCTACTGTGGATGAGTGGACCGAAATTGTAATGAACGGGGGTATGAAGTCGTATCTACTTTGGGAAGGCGCTCACTAAAACGATGTTTGATCATCTCTCCAGTTCTTGTTGTCTCTAATTCAAAACACCGGTACAGATTTTTATAATTCAATATCCATAAAGTAACCACGTCGTAGAGGTCAGAATGAGATGAGTTTAGGCTCTTGCTAACAGACGATGAGATGCTGCAAATTCTAACACCTCCGCTCTTTACACGCCCGTGCTCTTCTGCAAAGTATTTCTAGTCCCCAACAGAGGGGGAAGGTATGCCGGACGGGTGATCCGTAAATTGCGCAAACGATCCATGAACCATTGGTCCTTTACGCCGCTTGGGTTCGCACTACACAACACTGACAATTGCTGCGATGCAGTGGTCACAGTGTATTCCGGAACGCGTCGTCGTTTAAGGAACGTAGGGAGAGGTTGATGCCTGTCACAATGTATTCTTCGGCAGTACATTCCGTTTAGGTGGTGGGTGGTACCCAATTCGCCCGGTAGGGATTTATTACCCATTTTACATACAGCAAATTAGTTTATGCGATGATGACAGCGTCTCATCAGCCGTATCAGCTCCACGTCTCCTACATGTAGGTAATGAGCCTTCTTCTCGGCAGTCAGCCGACCGGGGGCTGGTGGCATACAATGGTCCGAGCTCAGAGCATGACCGTAGAGATCTTGGTACTCGGTTCATGGATTAACCTCTGGTCTTCATGGGACGTGCCAAGTTGTGTCTCTGCGCCGTACAGCCCGACGCCCCATCAATGGATTCATATTCGTTTATTGGAAAGACACGGCGTTCGACTCCAAGATCAAGGCTGAAATCTAGGCATCAAACCACTGGCGTTCTCTTTCGCTAGGTGTTGTAGGGAGGGCGTAATAGGTCCCGTGAGGTCATATTCTGCCCCCCTGCACGGGAGCCGTGAATCCCGACTTCTCTGAGCTGTGGTACGCAAAGAACGTTGGGAGGGCATTTAACGCCCTTCCCGGGGCGTTAGAATTCCGCAATTGCTGTCGAGGCAGACTAATTCGAACCAAGAAGCTGGGGCGCCAGTCGTTACAGTCCTGCATGCCATCATAGTTAAATGTTCACAACTCGACTAGGATTGTGAAATATAAAATGGGATCTCCAAGCCCCTTTTACTTCAAGCAGTCCCGTGTCGGGGGACGAGAATGGGAGGGATCAAATCTGATCTGACCGCTTCCATGGCCCCGATCCCAGTAGATATAGCATATTGCCACGTGGTCCTCTTGGTGGAAGTCTGTGACCAGCTATCTCGGGGCGGATTGAGAAGGGTAATAGACACATCCACTTCCCCTAGTTTAGGTCAGAGTCGTCGTACGAGGGTAAGAACCCCTAAGACGTGTCAGGTGTAACATATCAAAGTCGCCCCATTGGCACAATCAGATGATGTATGTGAGCCCCTCCCTACATCAATATAGCAAATGCTCCTCAAGTCCAGTAGAGATCCTTGACCCGAGCTCATGTCAGCGTGCATAAGCATTAGGTGCCGTCCGAAGCGTGCCATAGATCTCCCCCGCAAAGCAAGCCCTCTCTCGGCTCCATAGCTGTGGGGTAACCTTTGGCCATGGGCGAAGTACCTGCCCGGGGCACCGTAGCCGCGCCGTCGATCCCACCGAACTATCTGGAGCCGTGGTCACGTCAGAATAATCTGTGGTAGTACTCACCTGCGGAAAAATCGGATTTCCAAGTCCAAAGAGC,1903,49.87,Drosophila melanogaster
SEQ_526362,AGTACACCAATTGCTGTGACTTCAAGCTATTCGTAATTATTTTGCAACCCGTGTCCTAAGTTGCATAGAACTAGACACTATGCCTGGAGCCGCTCGTACTGAATATGTACTTTTTACGGTACGGTCTTCTCTTGCCGTTACGCCCGAGACAGGCCGCCAGGTACATTCCACTTAATCATGTCCCAGCAGTGGGCGACGTCGCGATAAAATTCTGATCCCATAGACTGCATGCGCGAGCCCTCCCTAGGCATAGTTATTCGCTCATCAAATTGAGGATTGCGCGCTGACATCGTTCTCCTTTGCGATATTAGGCGTCGCGCCCACGCATTTTGCGTTAGAAACGCGCATAGGCTCGTAACCCGGAATTCTCTGCCGGACCGCGCAGATGGACCAACAATCAGTTCGTGCAACCGGTTGTGACACGTAGCGTCGGTAGTGAATGTGGGCTGAAAGCAGTCGACCATTTAGGCTTAGACAGTATGTGTTGAACTAGGCTATACCGCGGAATTAAGGGCTGGCCCGTGATTGCTCCGCTGTATGCGGCCTATCTTAGTGCCCTCCCCACCAACTGGGACGGAGTCAGGTAGGAGTCACTTAACCCACGTGTGATCGTCTCTGGTAGGTGTTGGGGTGGGTTATGAGAGATTAATGGTTTAGCATTCGAATTGGCTTTCTGAGTGACGGACTTCGATTATTTGGACTCGCGGTGGCCTGCAATGACGAGATAACCGTCGACGGTGCCATAAGGAAGAGAAGTCGTTGACAAAGATAACGCCAGGTTCGCTACGCATTGAATTGGACAAACCTCCTGCCGTAAATAGGTCGACATTTATTGTTGAACAAATTACAGGAGATCCAGGCTTTGCCCGTCAACGATTTAGGGGCAATGTGTACGTTGTCCGTACCGACGATAGTCTCGTCATGGCGTCTAAGCATTATCATTTCTTGGCGCAGCTGACACAACACACAGACTTTACCGTACTACCACTATACTTAGGATGACCAACGTGCCTGGTCCAGCGGGGATGTTATTGTCTACGTAAGGTGATAATGCGGTAGTGGTCAGACACCAAAAACTCGAACGACGATCGTCTTACCGGCCAGCCCACCTCCACCGAGTTTGTGTAGTCCTTAATGGCCGAAAACCGTCTGCCATGGTGGGAGTCGGGCCATGGATCGGTGACATATTAGAACAACTGTGACCTTCCGTATAGAACGCTGGGAGAGGCAACACTGGTGCAGGGCGCGTTTTGGCCTTCCAAGGCCAACGGGAACTGGAATAATGTGAATCGTATCAGCAGTGATCGTCGGTTGGTCAACGACTGTATGGACGAGACATATCGTGGACTGGACAATAGCTACATTGTATAGCAGAGTACACGAATTATGGCGGACACCAGTGTAAGGAGACAAGACGGTGTGCGGAAATTAATTGTGGCTCCGCGGCACCGATTAATGGGAGCTATTAACCCCTGCGTTCCTAAGACAACCTGTAGACTTCGTAACCTATCATAGGAATGGTCTCACGGAAGATCA,1536,50.2,Escherichia coli
SEQ_630468,GTTAACTAGCCAGATCTAGCTTTCAGCTTCTCATGCTACCCGTACCGCATTTGCGGTGTAGATCGATTATTGAAAAGGGGTCTCCGCAGACGAACACTACCCAATATAGTGTAGCGATGGCGTCCCTTTACTTCTTTCACGCCCTTGAGGATGGCAAGACGCCATATGGCTTACGGGCTTCAGCACAGCAGAGGCGTTGGGCGAACGTCGTTATATGCTTTCACCAAACGCTTTGTTGTTGCATGGAATACGTCGTAAGGGCAGACCCAATCAGGTAAAGCCTGAACTATGAATGATCTTTTCGTACGACTACTGTAGTTTACCGGTTAAAACTTTGAGAAAAATTGTGAGATGGTACGTTCTCGGTCATGCTGGAAGGCGGAATACCCGGTGAATTTAATCATTTAATACTATTTAGCCGTTTGTCAG,429,45.92,Drosophila melanogaster
SEQ_379302,TGTGGGGGCGCGCTTTTAAGCAATCTGCGGGCGGTGCAGGTGGCTGGTGTCGACGCATGCCAACGCCATCGCACACCGGCGTTAACGGGCGGAGCACTATCAGGGGGCGTGGTCAGGAACCAAAGATTGTAGGTGTGCCCGACGTTGCATCATGGACAGCCAATGTACGTCAACAATCACCTAGAGATAAGGAATACCTCAAAAGAAAAAGGGTTGCTCGAACATGCGAGGAGACGTCGCCCAGTTGTGAGAGCGCTCTAAGCGATAGGGTAGACGCGTAACGTGCGGGAGTGTCTGTCATTATTTCTCCTAAGGGTCTAAATCTAATCACCGTTTGGTGTGAGGTCTTATCCCCACATTATCTCCGGTACCTGCGAAAACACGTCTCGGCTTATGATGTTGCGTAAGGAGCACGTGCAGCCTGGTGACGGCGCGGCACCTTATGCCGTTCCTGCCTATTGCCGAGTACGGCCCATCGGAGGGACGGGCGACTCAGTCCACCCATCCAGGTACGTGCGATACTCAGGGACCACTACAATCGGGTCTCTCTCCCTCCCCATCGAGAAGCCCCCGTTAAGACCGTCTCGCAACAGGGTCGCAAGATCAACACACTGTCCATGATCAACAAAACTGTTCCCCAGCCTGGACAGGACCTTATCAGACTCCTCGTGTGATAATGCGTTGGGCTACTAAACGATTCGTAAAAGGAGTCAAGGTGCAGTTTTAGGGCACAAGTCATTAGTTGTATCACTTGTAATCGACTGGGCTTCCCTGGTTACGACAGGGTGTGTATAAGGATTGCCCGTATTGGAAATGGAACCGAAGTAATAATGGTGTATAAGCCTCAACATCATCTCTTGCCGTTTGAGTCCCCCCTTGAGTCTAGGGATGATCCGGCACCAGAGAGTCTATAACGAGGTCCGGTACCCGGTAATCCCTGCTTCCGCTGGGCGACCATACGGTCGGGAGGGGTAGTAATGTATCCGGCCTGAGGCTTCTAGTGCAACCCAGGGGGTGAGCCCGCTATCACCATGTAGTATCATTTCGCACGATGCTAGGAAGGGGGGACAGAGTCATGAACCGCTGGGTAGTAGAGACGGTTCAAGTTAATTTATACCCGGTCACAATAAAGAATAAGGCCAAGGAACGAATAAAATGATTCCGGTGACGACAGAGTAAGCGCATGATCAATTGGCATAAGCAGCGAGCCCGCTGACCCGAATCAACTTTGTGCTTGACGTACCGCGACGAAGTGCGACAAGAAGTGCTAGTAACAATAATGAATCGTCTACCGCTTATTAAACTCTGCGCCATTAGGCCCTGAACAGCTAGCTGATTGAAGCCCTACTCAAATAAAAGAGGCCGGTGCCGGACGTCAAAAACTTACATTACGCGGTTTTTTAACCAGTGAACTCACCAGTGACCTTGCG,1430,52.03,Homo sapiens
SEQ_966398,CTCGGGCCACGGCGTTCGACTTGTGTTAGCGTATTGAGATTTTGCTATCGAAGTCCCTACAAACGCATGCCACGTGGACAGTTAGGGCAGCGACACTCTTAACAAGGGTTGAAAATTTCCCTTCGCGAGAGCTCGCGGAAATTCCACTTACATTGGCGCTACGCGATTGCGTGGTTTCAAAGCGTGATCCGATTCCAGGCCGTTAAAATCCCCTCTGACAAAGGTTTAGTGCCGGTATTACTACAATACTTGCTGGAGGTTTTTGTTTACTTCCTACGCTGAAGCTATATCCACTTCACCGCAATGTCGCTTGTTCCGTAGCCATGGGAAATGACTCTGGCTTGTAGCCATGTGAAAACCCTTTGATCGTCACACCTGCCTCCCAGGTTAGCTGACGAGGAGTAAGGGAGACCAACCGGTGGAGATTATATCTGGGAACTCTATAGTCGAAGGCATACCGCCTGGAGCTTTAAAGGCAAGCGGCTATGCCTGATGGAATATTCAAGGCCATTACAACTCTCGTCGCGCTGGGTGCCGCACATCATGATGGTTAGAGAGCCGTAGGGCTCGGTGGTATTTTCAAAAGCCTCTCTCCCAAATAATTCATCGCCCGTCTATTCGAGTGACCCTAAGTCCGGAGCTGGACAAATGTACGATTAAGATTTTTCACTTCGCACATCCGTATGCAAGGTCGAAATCCGGAGTCTTCCTTAGGAGGTCAACGACTCTTTGTATTGTTACCCTACTAATAAAAGTTAGAGCCGTAACCCACGTAAGTTGGACTGCGTACTGCCAATGACAGTCTGAAAGTCGTAGCAGTCGTCCCCTGGGAGGGGCTCCGGCACGACTCGCCCGTCATTTAATACTCGAATGTGAAGTTTATATATCAGTAACACGAGTGGACCTGATACTAAGATTGATACTAAACCTGCCGTGTAAACCCTACTCATAACCTGGTAGGCATAAGGATAAAGCGGCTTGGTAGCTACCGCTTTCTTCCTGTGTAATTGGGGGTCTCACCTCTGAACTTTTTTCATGTCGATGGGTGAGTACTCGCAAATGGTCGATCAGCCCCATGCCCCAGTGATAACACTCTCTAAAGTACTTAGGAACGCAGAAAACGAGTTCCTGAGGAGGGTCAAACAGTATGGGTGTTTCTCAAGGTATGGCTCGTTGCACGCGCGTGACCATAATGCATCAGACCCACTTGTACTTCACGCGCGAAGTCGCCACTGGTAAATATGATCATGGGGTACCGCGCACCATGCCCCCAAGGTATCAGTGGTATGACAAAAAAAAAGTGTGAGATGGGTTTGGATGAATGATGGTTCCGTGCAGGACACGTTGATGCTTCGCAGAGGGTGTAAGTGCACCGGTATACCACGTAAGGCATGTCTAGCTGCCATCGCAGCACCCCCCAAACACTCGGTCCTAGTCTCTGTCATGATATC,1451,49.21,Arabidopsis thaliana
SEQ_287544,GGCCATAGCTTGCAGGTTTAAAGCGGACAGTTTACTGTAATGTAACTTAAGCGGATACTATCATTCTCTCTGGCGAGAACTTAGTTTCGCGAGACCCTTCCTGTTGGAGGCGTCCTGTTCGCCAGGCAGCACATGGGTCGCACCCTATCGGTTATATTAATTCTCGCTTTCAAATATTAGTGAATGAGCCGAGCTCTGTGTAAGGAGTGGATCGGATGTCACGCCCGCACAAACGGCCGAGGGCCTTATTCCCATCCGTGGACTTCCTGATTTCTGCACAATTGACTAGAGGCCTGTCGCCATATAGATTAAGGCTATATGCCGCGCCCCTAACTTCGTCTCGTTGTTGCTGGTTTCACACCTAACGATATGGCTTGCGCCGCATGATGTAAGCTGAGAGCGTTTATCGCAGACCTAAGAGCATTATCATTCTTACGATGAACGCGCCCTTGACTGAGTGGACTGCAGATTGGGGGAAGCGTTATAGAGCGCAATTAAGCAGGGAATGTCCGATTGATTTATTATTGGCAGTTTCGTCAATGTAGTGCGCGGGGCCAGTGCGTAACGTGAACAATACGCGCGAACCTCACAGGAGGGCTTTTCTGGTTGGCAGTATCCAGATGGTTTGTTAGCCTCCCTATATGGCCTCAACTAAGTTATGAAATTGCTTTTATTAGCCGGGTTGTTATCCTCCTTTTCTCGGATTGCATCCGAGTACTTTAGTTAGCCTGGTTAGCAATGTCACTGTCGCCAGGCTGGAGACACCCCCCAGTGATGATTGAAGGTCTACGCCAGTGACAGAGGCGAGAGTACGTGTCTCGGGGCGCGATTATCATTGGAAGTCAGTAATGGGATTCCTAGCCTTGGAATGAGCAGTATCCACACCCGTCGGGGGAAGTCTCGCCGGAAGAGCCAGGAGACAAATAACTGCAATCCATTCCGAGATTTTACGTTGAAGAGTGGTTATGCTTATGTCGGACGGAGCTGGACGGCGTATTTTCCCGTCAGGTTGCGGGAGCCTCATACTCATTGCTCTTCCTAGGTAGATTCGAACATCCGGTATTCCTAACGTGGAGTATGACGCTGCGGATCCTAGACCACATATGCCCCCTTCATGTAGTGCTGGATATACTGAAAGGGCTTCTCCCGACCCACGATCATTCCACGGCATCATTTGGGTGTCTCG,1186,50.08,Arabidopsis thaliana
SEQ_938103,GATCGCGGATGATAGGTCGAACAATAGTGGCTAGGAGACATAAGGCAGAGCACTATTTAAAAACCATTCGGGATCGGTTGTAACCCCGTTCTTAAACCAACATAAGGCACGATCACTAACGAGGGATATTGGAACTTGTACGTAGTCCTTTGTTCCAAAAGACTTGTAAGCAAATATCCAGGATTCCAGACCGGACTTGCAATGAGCTTACTGGCAGAGACGACACCGACGCGGTCAGTGAAAGACCTCCAGTATCCCGGTCAGTTACATGCTACTTGCACAGAGGCTTACCCTGTGCGTGACCTCATCGGCAGTGGAGGTTTACGGGTCAGCGCACCCGTTACAGTCCACCTTCCGCTGACGCTAGGCTTGGAATCTCTGAGGTGCGGGGAGCGGTCAAGTCATTATCAACCGTTTCGTGTCAAGGGAATAAAAGCTAGAACTTATGTTAATGTCGGAATTAGTCGATTATATCCTAGCAATAGCGACCTGCGAGGATGGAAAGCGCTACCTGACTGTGTCGACATGTTAGGCGACAAGCACCGAGGACTAGCTAGGTTGAATCTTGTACCGTCATCAAACACAGACGACGTATTTGCTCCCTGAGCTGTGACTGGTGATAGCCGGCGGACCGATACGGGACAACTTATAGGCAATGCCTGCAACATATGGATACTAGAGATATATCTCCACGACCACCTTGGGTGGAACGAATCTGCGTGAAGTCAGTAAGAGCCAGAAAGTGCATTGTGACCCTACCTGAACATCGGGCTGGTTCGATCGGAGAAATTGCGTATGTAATCCTGTCCCCAATCCTGCGAAGAGGGCGACGGCCGCACGCCGTGCTGTAGCTAACTGACCGCGCAGTTGCTCGACGATACAATGTCAGGCCATTCTCCCTCCTGCCGGATTTGCCGGAATAATCGCAGCAGGCAACCGTTATTGACCGGGTAGGCAGATTTCTGTATAGGTTCGTTCTGATAATTTTCTGCCGTGGGGAGCCTGAATTGTATGCTAGTTCCCTAAAGCAAAGACGATTTCGGTCTGATGGCCGACACCCCGACAGCGACGCCAAAAGTGTCCTATTCTCATCTCGGGTACCGGGAAATACGGAAATCAGGTGTTACGGGAACCACCAGCGCTGAGACCTAGATTCTACCATCGGCTGGTCCGGGCCACTGACGTCTCCTAGATAGATCAGGGGGGCCACTGGAAGTTACAGCCAGGGTCCTACGAAGATCCACACCTGCCTTGATCACTGGGGATGGCAAGCCTGTGGATGCTGTAGCCATGGAACTAACAATTAGATGGAGTTAGCGTTATGGTTGTTCTGGGCGCT,1339,51.23,Drosophila melanogaster
SEQ_600343,CGATACCCTGAAATGTTAGAAGGCCCAGGACCGCCCGAAAGTTTTGGGTAAGGATTTACGAGTTTCAGTTCATAAATAGACACCATTTCCTGCTTAGCAGACTGTCGTTATGAATGGCACCCCCCCTAACAGTTCTGACCATACTACAGGACGAGTATGCTTTAGACTCGGAAAGCCTGCCGATCGTGCTAGCTCACTCCTAACCCAAACACCTGATATGATTACCCGTGCGCCACGAAGTAGCCTACAATTAAGAGACTGTGGTGCCTTTGGCGCTACCCTACACGACCCCCCTACAGACTCGAATCTACCTACATTTGAACAATATATTGGCGTAATAGAGTTACATTAGTGAAGCGTACACATCCAGAACGCATACGGTCACTTTTTCTATACCCATGGACTTGAAATGCCCTGTTTCAAACCGTCACTACCGGTGCCTGGACGAACCCTCTGAACCTCCCTTCGGATAGCATAGGACCCCCGCTAGCTGAATGCAGGCAGAGGTGAGCAGTCCAATACGTCGATGTCGACTGAGGATAAGGTCGCGCATGTCGACTACACTAGAAAAACGCGAGCGGAGATCGGCATATGAAGTTGTCCATAAATCCCAGATGTGAGTCGGGTACTCACTTAGGAGCGACATGGAGTATGAACAATATGGGGGACATCGTAGAAGAGTATCGTAGGCGTGTTGGTACTTGTAACTTTGTCCCCAGACTGAGGTCCCTAGGTAGCCAACACAAGCTACAACTCAACATAGTTATTAGACAGCAGGGTATAACACAACTTGCAATCTAAGAGAGTGGCGCCCTCTTGTGTCCCCCATTCAGATATTTGGTTCAGTTGCGAGGCGCGAGCGTGTGTGGAGTGGATGAACGTTATGCAACGGCCTTTCTTCTCAGGAGTAAGTGACGTAGAGGAGCCCTATTGTTCTAAAACAGCCCCGCTGGCATCACATACAACTCAATAACAGGACTGGAAATATTGGATTGAACATGAAATGTTCAGAGCCCCCATGAAGAACAACGCAGAACACTCATACGGTTACCCGGAAGAAAGGGGTCTTGGATTAAGCCCCTACTAAACGTTGATGCTCGGGACCTGATTTCCCCGAATATCAGGACATCCCATCCTTTGATCACCCCTCATCCAAGGCTACTTAACATCATTTTGCTAAAAGTGGCGAGAGTAAATGAGAGGATCAATGCGTGGTTGATGGGAAATGGTATCCTAGACTCCTACTCGGGCACTATTTGATTGCGATAGTAGTAGAATGGAAGCATCCTTTCCTCCAATTCTTGTGGGGCTTATGCGTACCTAGCCTATACTGATAAGTCACGACAACCTCTTTTGGGGTGCTAGTCGCGTTACACAATGCATCAGAACGTGCTACAGGTCTGGAGGGTTGTGCACGCTATTATAACCAGTGCTGGTCGTGATGCGTATTGTGTCGATGGGCCTATTCCACCTATACTTTGTGAACTGTTGCCGCACGATTATATGTTGGGATAGACGATTGATAAGGTAGGTGATACCAAGAGCGAAGGCGGCACTGAATGTCTTTGTATATCAATGAAGAGCTTTACTAGCGTACCAAGCAACACTGCATTAGTCTCTAACAGGGCAGACGATGTGTCCTTTCATATCTCGCATCATATCGTGCCCTGAGCTATGCGCAGACGCCCGGGTCAGGGCCCGGAGCGACGTCTGATCAAGTCGGCCTACACGTGATGACTGTTTGCGCCAGGACGAACGATGCGACTCACTTGGGCTATTCGTGATCGGGTAGCCACTTGTAGCCTATGAAACGACCGTACGCTCGAGGCACTATCTATCTATTGGTAGCTTGATACTGGCGCTATCGCTCTCCCCCCCGCCCGACTACTCCAGGAGAATCGGGGGCCACGA,1911,49.03,Arabidopsis thaliana
SEQ_441133,ACTAATCGAAACACGTTCGGTCTAACATTTCGCCGTGGAACGTTCTTGATTTCAACGACGCCATCATCACTATCCAATATAGCTACACAGAGCTGTGCAACGGGAACTGTATGTATAGCACCCTGTGTTGTGATCGTAGCGGAAGACTTCTAAGATTCAAGCAACAAAAGGCATTTCTGCTGGAGTAATCGTTGACCAGACTAAATGCTTCCGCACCGGGTACATCTAAGTTTGCAGAATGCTTACTGTATGTACATGCCTAACAAAGCTCCGTGGTCCCGACTATCTCTAAGGTGTCCCTAGTGGCGTGATAACGGAAAGTTCTTACAACCACACGGTGCCAGAGAAGCGGACGAGAGTTGTTCTAAGGGAAGCACTCTGATTGGCACACCCTTCGCGACGAGCCAGGGTCTTGACCAGTGTCGGCCTGTTACGTGAATTCGATTAGTCAGTCGCCAGAAGAAACACACTCTACGCTGGCGGTTCATCCTCGTTCGATGCACTCCGCCGGTGGTTGACTATTACGAATGTTTGGACCTTAACGGTACTGAATAAACGGAAGTAGCGGGAGGAAGGTGTGATGTTGGATTTCCGTCTCGGGGATTTCGGGCAGGTCTAGACTATTATATCCTCCTAGGGTTCCGATGTAATACTCGTCGAGCACGTTTAATCTTCATAGAACGCGTTTACAAGAGCATCGCTAATAAAAGAAGATACGTATGTTCTTAGCCGCGGTTGATGTATCGTCCTAAAGAAGGCGATTGATCTTGGTAGCCAGAGTATGAAATAGGAGGGTTGTGGGAGTAACGTCAGGAAGAACTATATACGCCGGAGACGGACCATCCAAGAAGTGACCCTTATCCGCTTATTGTGAAGTCGGAACCCCATACGATCGATGAGCCGATTCTCAACCTACTCCCAGAATCCGTTTAGACGTGTTAATAACATCATAGTTGCGAAACTAGTCCCCTATGTGGTGGGGTGTTAGTAAGCGAAATCTAGAGAGAACGTTAGTCAATTGTAAGTTGGAGAAATGTTAGAATAGTTAGAGAGGGCTCTACCAGTGAGACAGGGAGCGAGGATTGTAACGGGTCTTCGCGTCTCCCTTGCCAGATTAGGTTCTGCGGCAGTGCGCTAATCCCGACATGTGCTGTTAACCGGTCACTCAACTGGGGTCTACCATGCAATAGCGTGACACCTGGCCCAGGCTACATACATTCATAGTAGGATTAGAGGCTATAAGCAGTGCCCCTTCTTCATACGAGGGAGTATTGATACCACCTATCTCTGCACCTGACTATCGGTGCCTAGGCCTATCTGGAACCCATTCACGATTCCCACGAAAATCTTGAGGCGCCAGCTAGTGGGTGTTCTTCGCCCGCAGCTATCATAATGGCGACGCGGCCGGCTCCTGAATTAGCAGGACTTTAAGTCAGTCCGCTACGACAATAGATCTAGAGATTGTCCGCTGTCGGCTCCCGTGATCTTACTTTTGTTGGTGCCACACATGGCGGACTTCGGT,1522,48.69,Arabidopsis thaliana
SEQ_189523,ACTATCGGAATCTGAAGTTTCAACGCTTCGATAGAATAGTGTCGGATCTCGCGCAGAGATGCCAGTCTGGTTGTACTGTAGACTGTGGAACAGCGCCGGAAGACCACGTCCGGCTCCCGAGGCGATCAAGAATTATATGGCTCTGAAGCTTCCGTAGCTGCTCTGATAAGGCGCTTTAAGAGGCCCGAGCCAGTAGACCCTTAACTCTTCTATCCCAAGTTTGGTTCTCGCCAGTGCACTAACTCATAGCGATGTTTAGCTTAGCTTAATGCGTGAGATTTGGTGCGTTACTCTTGCGGTGAGTGACACTCTCAGATTACCAGTTGCCGCTTCTATGCTCGACAGAGGATTCAGAGGTAAGCTAGGGGAAATCTCTTTGGGCAATTATTCCCGGATATGACGACCGTCCAAGGGCTACGACGTCCCTGGGGAACACGATAACCTACCCCTCCTCTTTGTAAGTAGGCAACCATATAGTTTCGTCAACTCGAAGTATGCGTTGCCACATTCTCGTGTCGAACTTCAGGTGGCCGAAGCAGCGCAAGACTCACATTGCCGAACCCACCACGGCTGAAGTTGCACTTATACCGTGATGCAGAGGTTTGGACTCTGGCCCTCGGGTTATACTCAACCGCGAGGGCAACCGGCACCTAGCTTCGGGGTATCGTTCTACAAATTGAAGAAATGCTCAGACCCAGGGGTGTAGCTTTGCACTTCCCATGCCTTCTCCTATTACTGATCCAATCCCCAGAGGGTCACGTGAAACTTGCAAACTACGTGCCATCGCTCGTTGTTGTCCTTTGTGGCAGACACCCGTGCCATACGGCGCGAGGGGCGTGTTGCTACGACCAGAACCTAAAACATGTGACGAACAGTGCATAACGGAGTGGAATTTGGATACCCAGACCTATGCACGGAAATGTTGATGACCGGTTATCCTTTGTCGGCCATCTGCTGGATAAACCATTCGTTGCCATTCATAGGTCCAGAGTGAAAGGGGGTTTGGGCCGAGGAGAGCGTCCGGTTGATGGAT,1033,51.5,Caenorhabditis elegans
SEQ_376422,AGACTATTAGCGAAGGCACGGTCATTATACGCCTTGATTTGTTGCCGAGCCGATCATTTAAGTCCATACCCGAGGTCCTACATGTACAGTTACAATGCACCCAATATTTATGCCTATGCTCAGCCAGGGAAGCTGAGTGAGTTGCACGTCGAGTTCCCACCTCATGAAGCGCGCTACCCTGTGCCTGCAGCCAGAGCTGCTCCCACGTGGACTATCTTTTCAATTCATCGAGACGTGCAGGGAGAGTAAGCAACATAGGGCGCGTCACGGTACTGTAAAACAGCACTATGCGATAACTAGTTCCGTTTACCGCCCGTCCTGTCCTATTATGTACTGCCTCTATCGCAGCCGACTGCTACTATGAGCGACTAGGTGTATGACTAGCTGAGAAAAGACACTAAGTCGTCGGACTTCCCCTAAGTATTCTTCCTTAGTGGAGGAGTCTTTGACTATCGCAGCTCTCAAGAAACCGCCATCGCAACATGATGGGGCCTACATTCGATGTATCGGCCAGTCTCTGTTGGTCAACTACTTAAATCCCAGGAAACGGTCGCGGCCATTTTATCCGCGACCATTCGGGAGAATGTTTTCGAGTGTGTGAGTACGGGGCCATCTTGCTCTTGGAGTCCCTCTTCTAATAATTGTCCGTAACGAGGCTCACCCGAAACGTTTACCAGAGTTTTAAACGTTAAATTAGCCCAGGTGACCCTAGGCTTATAATGGATATTGCCAGCTCTCGAGACGTCCGTATTATTCTTTTAAGTTTAGGTTGACATTCAACCCAACCTAGTTTTGAAGCATTAAAATATGTGTCACACTGCATCTGCCCAAGGAAGATCCTTTAGAGTCTAGCACCAATTTGGAAGCCCTGTAAGTGTACAACAACTGTCGAGAAGCGTCCTGACATTCGTCCTAGATGCTAGATAGTGCTGTCGTAAACATCACCGAGATCAACTGTTTCTACCATCGGAGCGATTATAAGTTCTGAAGGAGCCCGGAGAATAGCAGGTAGTTAGCCAACTGGTAATGTAACCTCGCGGCCGACCCGCTTCCACTCTGACGTCCATTATGTACTCTGGGAGTATATGCAGGCTGGCCCCTGTGCGTTAAGGATTGTTTATAACCTGCCCCTTCAAACACGGGTGGCCATTAGGGTATATTGACCAATTCCGCCTAGATACGAAGGAGGCATTCCCCACAACAAGATGCGGCTTGTCATTTCACCGTGCCGTCACGCGCACGTCCTAGTAAAGCAATTGAGACGAGGTGCTCTAAAGGATCACTTTACCATGGTTGTACCACATTTGCTCCGCCGATCGTGAGATTAAGCACGTTAATGTAGCGCGACTCACCTGTGGCACACGTCGAGAATGATGTCCAGAACATGTACTTGGCCAGAATTGCGGGTCAATGACGAATCCACCGAATACACGTACTTCCGGACCGTTCGCATGGATAGGACAAAAGTCTGGGGCCCTATGGATCCTGCCTATGTGCAATCCCCCTAAATTACGAACGAACCTCTTAATACAGGGGCCGACACTAGGAGTGCTTAATCGCATGGGGGGGCAGTGGTGAAACCAAACATACGGAGGGGCATGGTCATTGTGCGGGATTTCAGGGTATGGGTGTTTCGAATACGGGATCGGACCGTAAGCTCACCGTAACCTACCTAATTAGGAAGCGTACAGATACAAAAGTAACATAAAAAGCCACCAGACACCATGGGGTGTATCCGCAGGCGCTCGCTGGT,1753,49.17,Drosophila melanogaster
SEQ_256103,CGAATATATAACTTGCGAGCGCAGGTAGCTTCACGGAGCCCGCGAAGAAGCGAAAGTAACGGTTTGGCATATGCGACTCCCCAGCCGACCGTGCACCGTCTCTAGTTTTGTGACCTCATTTTTTCTCTAACAGCGCCCGAAATCCACACAGTGGGATAAATTGATACTGGCAGCAAATTTAGTCCCCAGCTATCTCTGTGCTGATAGGCTCTGGATAGTAGAGAGCAGAAGCGCTAACTGCTATTAGCGATGACACTTTCTTTCCCGCACTTGTGGGTTCATCTAAGCATGGGTACTACCGTCTTCGTATCTTTCGATTGCATACCTCGCCGTGTCACGTGTCCAAAGGTATTTAGGTATGTAATGCATGATGCCACTGGTACGGGACCTGCTAGTGACTACGTGCTAGTGGGCTCCTCTCCGAGAGGGTACGAAGGTCTGTCTCCGTGCCCTGTCACCCTCGTGGTGGGGTATTGATTGTACAAAATTCTTCTGCTTTAGGGCGCCGGCGTAGAAGTTTCACTTTATATGTGACTTGTTACAATGGATTTAGGGCATCTCGTATGTCAGTGGCCGCGACGACGAGTGTGCTCGTTAAAATGGCCCTGTTCGTGTAAGCTCACAGCTAGTCCGATAGAATACGCAAGAGCGTGTCAGGCAAGTACACTAGGGAATCGCGTGCACGCTGTCGTAGTTGCGTGAAGAGTCACGACAAGCCCGGATACCGCAGTTGATACAGATTCATATACCGTTCCACCCGCAACGCTATGACACAACGACCTTAAGCAGTGTTATTTGGCCCAGTTAAATATAATGGTTTTTCTGGGCACTCGTCACATGACCATGACGTCCGTATCCAGCGAAGGTTTACCCTAATCTGTCGGCCATCGTAGAGTGATTCCCAACGATTTTTGGACTGCACGCCGGCGACGTGGATCGGCGACTCCACTGACTCTTCTGCTGCTATAACCAACTCTCAAACTTGTGTTGTGGTTATCATCTGCCACTAGTCGAGAGGACAGCTTAGTAGCTTTGACGTTGGGCTCGCCCATTGATAACATCTTTGCTGAGATCGTATATCGGTCCGTTACTCGGAGTGAAGGTGGGACTACCTACACAAATTATAAATCGCAGTGTTGGGTGAATGAGACTCCGGTATGCCACGGTTGCAACACCGACAGCTGACAATATCATGCCCATCCGGATCGTCTATTTCACGAACTCAGTTCTCAGGGCCTCCCTAAGTATTTCAGCAACGAAGTGCATACCTTTCCCGCAACTCCCCCAAGCATCTAAGCCTAATTACGCATTCAGGGCCGTATAGTGCAGAGGACTATAATCTATCTACGCCACACTTGTGCGCACAGCCGCTCAGCAGTCGGCTCATCTTCCCGTGTATGCGTTTCCATTGACGAAGCACGGAGCGACATACTCTGGCTTTTTTACCACTCGGTTGTTGCGTCCATTTGGCCCTGAACTAAATTGCAACCGGCGAGTCCCAGTGTCGGCGCCACAGATCTATTGTGGGATCGGCAAAGCCGACTTCCCGATGGACGGTCTATACGTGAGGGAATGAAGGCTGTTTGACTGTATTACTACCGCGCAACCCGCCGGTCAATGTGTTGAATACCGGAAAGATTCCGTCATGGTAGACTTATAGAGTGCCTTTCTCAGCCAGGAAGATAGTTGGCACCGCCGCCGATCCGCGCGCCACTGCCAAGAGACTCAGTCAACAATAGCGCTTCCGACACAAAAGCTGGCGCACCCAGTACCGACTTTATGGAGTGGCCATTGCGCCACGAACGCAGGGCTAACTATTGCTGCTATAACTCAAGAAGAGAGTAGTCCTTCTACTTTGCACAGAGATCAGGGTCATTCGGATTTGCGAACTATGACCCCCATGGGCCTCTGCTGGATCTGGTGGCCGCCCGCGCGTTCCAACCTCGAAACGTCGCAAGTCTTATCAGTGCGAGGCAG,1977,51.09,Arabidopsis thaliana
SEQ_668201,CTCCTGACGGGAATTCACCGAACAAGCTAGGAAGAGCGGAGATCATAGTATAGTCAAGCGAGGCCCACGCTACACGATATAAAAGTCTATGTCTTGCACTGAAATCTCCGAGAGCCGACGAAAGCTAATGATTGGCAAACACATGCCTCAGTCCTGAGCCTAAAAATGGCATTAGAGCATTCAAACAGTCCTACCGTTCCGAAAAAAAGCCACCACCCTATATTGCGAAATACTACTGGAAGTCCCCACTAACCGTCAATTTGCGAATGTTTTGTGCTCGCTGTTCTCGTTACCGCGCCCTGTGCCTCTCCGGCCCTGTCGTGAGCTTGACCAGGTCTCCACTGATGTGAGAAACCAAAGCCACTGATCATGTTCGAATAGGTATAAGCGGGATAATGAGGCGATTTGCCACGACATTAGAGACGTCGCATAAGATATTTCGAAGCAGATGGTTACCTTATCCCACCGATATTGTTGGGGATTAACTTTACAGGAAGTTTAATCAAAGATGAAGAAGTGGGGCAGTTCCCAGATGGGAGATACCGAGGTAGGCTGAGTAGTCTTTATGCCTCTGTATCACTAATTCGGGCCAAAAGTTGGAGGTCGAATCGAACGGGGTTTTAGCTAGGGTTAGCTACTGCTGCGTAATAAAGTAGACATCCGAGACTGCATAAGACCTTCCGGTGTTCTGAGCCCGCGCGTAAACATGGTCCCTTAATGTAGAACGCGTATGGGCTGATCTAGCCAAACGACGGTCGTCGGTGAACAAGTTTTCACGGCGCACTCCGCTGCATTCACACGGCACGTATTATTTCGAACAGCCTCCACCACGGGACCACTCGCCACCCCATACATGTTGTGTATCTAGCAAAAAGAGGTCGGTATATACCTATGCTGAATGGAAATTGCATGCCGTCGCCTCAGTCGCACCTTTTCTTTAACGCCCCTCGAGCTAACCGCACAAAGACCCCACCGCACACAGTGGATAACGAGTCTAGCGAACTAGCCTACGTCGAGCATGCAA,1024,49.12,Caenorhabditis elegans
SEQ_164108,GAACGCGCCAGAATAAGTTGTCTTTTGAATTCCAAGTCCCTAGCAAGTACAATGTGCGATCCACCCGTCATCCAGTATTGGTGTCCTCGCTCCCGTCCTCGGTCACTCACCGGCCGAAACAGATATAGTGTTTTAAAACTATAGGTTGCCTTGACCATAAACTGGAGTGTCTCCGTATAAAAAAAGTAGACGAAGGCACACGATACGCGGCCGAACTGCGCGACCTGCATCACATAGGACAGTTTGTAGTGTGACGTTGTCCTGTATATTGTAAAGAAGTTCGTCCCGTTACGCATTGCGTTTATTGATATGAAGACCCTAGTATACCTAATGATCAAGATGTTGATAGCGCATACCAAGAGCATCCCTTAATTCGTATCAGCAACCCACAACGGTCCTGTTTCAGTCTCATAGAGTAGATATCATCTCCATCCCAGATCGTGATATGCTTAGTTTCTTTGCGCAGCCGGATCTACACGTATTACATAGTCTATTGGTTCTCTCATTCCTAGGACTATAGCCACTAGTTCGTGAGAAAAGTGAAGCGAAAGCGTGTGATTACACCGAATACATAGGCAGCTCCCGACGTATCGACAGGTAGCATTTTTGGCAATACATAGTAGGGCCTCGGGCCTTTTCGCGTTAATGAGGTGATTAGCTCGCAGGGTTTAAACTCCTGGTGCAACATGTGATCTCCCGCGCGTTCATGAGCGTCAGAGAAGACTTGGCGCCGAGACGATGCCCGAGGCGACACACTCAGGCTTCTCTTCGAGCGCTAGTCTTTTGATAGCAATTTCCTCCCTAGTTGTTGTATTCCATATATGCTACCTGTCAGTGTATTATGGTCATACAGGCTGTGAATCGCCCGTGAACGCGTCCCTGCGCAGCTGTCAGACCGCAATTATGGAAGTGTTGCCACGATCCTCTCTCTTAGAGCTCCGTATATGATTCTTATTTACCAGTAACCTGATGTTTTATGCGACGGAGTGGCGTCCCCTAGCGTAAACACCATGGTTGCCTCTCGGGGTCAAGTGATCTGGCAGTGAAGTCACGAATCTCTCCGACCAGGTTTGACGTCCGGCTTATGTTCCAATATTAACAAACGTTGGAGATGATGTTGGACGGAGCCTATTTGGCGATACATATACATGCATTTGTCGGACACTAGATGTCGCGGCGGGCTGTAAAGTGTACGAATAATAGCGTGAGTTAGGGATCCGAGCGTCCTCCCTCGCCCGTTCTTATAGTTCCGATCGTGAAGCAGGGGCCCTACACGATCCGATCGGCTCAAGACATTCCATAACTCGTATTGTGGCAAAAAACAAATGTATAATTCGTGTGACCGAAGGAGTGAATGATAGTCGCTGCTCGCCTAGCGTTCGCTGGGTGTCGTAAGCAAACCGTGAGGAAAAAACACGCATCTTGTATAGTAGAAATCTCACGCCGCCCTTGGTAGACCCTAATCAATGTGCGAGGAAAATGAGGAGGTCTTGCGCGTTGCGCCTATGGGGGTACAGGACAGACTATCAGCCCAATATACCGTGTTACGTCCGACCGGTCGACCACCACCACGCTTACAAACGCTAACTATAGAGCTGATAGAGATTGCAGCAATCAACCAAGCTGCCACCGCAAAGTCGGCTGATTGCAAACTTGCATCGTTAGATCGATTTCTGCTCTCAGTCGCGGATCTTCTGCCCCCGGACTGTCGTATGGGAGTTGGATTTCTGATCATGGGGCGGTCGTAACCTTTGTGAGTTGTAGTAGTGTCATGTTGTGGTGGACAGAAGCTTATATTATGGCGAGCGTGGTACCATGCTAGACATGGAACAAACAGTCCGGTCACTTCTGCTCCCATGGGATGCTCCCCTAGATATCCGTTTTACAATCAGCCTAGGAGAGACTACAATTAAAGTAATACGA,1923,48.36,Saccharomyces cerevisiae
SEQ_797976,TCTGCCCTTACGCCCACCGGAAAATGCAGTCCGAGCCTAAACCCAGGCCAGAGCCCTGGCCTGATCCATCTGTGTTTTTGTTACAGGTCCATTCGTTGTTAAGGTTTACAAAATCTACCCCGGTTTTAGGATCGAGTAGGTCAACAACGAGTGTGTGGCATCTGCCTTGGATCCGTCCAGCCGGCGGACGGAAAAGCGTGTGATTGTAGAAAGTTCTGGGTTGGACTCTATACCCCTCTAAACATCCGGATGCCTCAGAGCGTTAGTATGTTCTGGGAGCAACTCTATCACATGAGATGAGGTGCGGAGCACGAGGGATTCTATGTTTAAAACTTCAGATATAGCCTCGTACGACGCCAAATATCAAAGCGCAACGGTCGCTGTAGCACGTGTGCCGACGCCGACTAGAGCAACCATTTCATTTGATTGGTAACTTTACGAACAAGGTTATAGTCTGATGGAGACAAAACAATGTGTCTTTTAGACAGACGAGACCTCTGAATACGATCATACCTGTTTCCGGCCGGGTCGTCATTACGCCTTCGTGAACTAGTCATTGCGCATGTTGCTCTAGTAGACCCTAATAAGATAAGGGCTCTACCTACCGGTTCACCCGTCACTGTTCTTCTGGAAGTTGTGGTTTCCAAACTATGGTTACGTCGTGAGCTCAGAACAAGCAAGTCGTCCTTATCTCAGACGCGGCTAACTAGGCGAGCTATTCAGCCCGACCCTGATTTATTGCGAAGGACCCTTAGTCCGATAGCATGTAGTACCCGAATAGCGAGCTACCCATCAACCCCAAGCAGGATTGAAATCCCGCCGTTCGTGTGTGGGGAGCCGATCCGACGTCCGAGGTAGTTCGAGCAGTATCACATGCGTCGCATGGACGCTTTCTTGTGACAAGAACCTTACCGCCGCGCGGTTCTTATCACTATCCTAACGTAGCGGTACATTGATTTTTAAGGACGGAATTCCCTCTACCCGTAGGTTCCGCGGGAGACAACCTGGGCTGAGACTACAAAATCTAGGCAGTTTGTAAAAAGCCCGTTGGCGGGATAGACGCTCATGCCGGCATCACAGCCCATGGCGCAAGTAATGTTAGCCTGAAGGGCGTCTGTCAGCACTAGCCTTGTGCTGCCAGAACTGATGTGACGCGGTGATGGCCCAGATAGATTGGTAGTTAAATATGGTGATGTATGATGAGACTTGCTCACGTTCGCATCCTTCACAGAAATTCATCTACGATACGAGGACCTTTGACAGCCAATTCGGCTATCATCGAATGCATTTGAAGATATCCGTCCACTAGGTATCTCTCCGCGAAGTCGCGTTAATAGGGCCGGCTTAGATAAATTATACATCCGCCAGCTCGTAGAGGGTGGAGGTTCACATGATGCACGAAGTTGAGTCGACTATGCGAATTTTTTGTGTGGTCTGAGTAACGACAACCCTTTAAGCAAAGTTCTCAATCGATTTGGTTTCGTAGCCAAGTTGTACCAGTCTTACTCAAACAGAGGGCACTGATAATCCTACACGCAAGACCCGCAGCGACGACTATGCAACCCAACCTCCATGCCCATATATTTACCACGGAAACTTTTGTCCCCTACTGTTGGATGTCCTCGCACCCGCCTTCCTTAGAAGGCGGTGTAAGGGACCA,1660,49.58,Drosophila melanogaster
SEQ_670016,GGATCGGCGTCTTGTCCTGCGGAATACGGCCAAATTCCACTTTGAAATAAAAGATAGGCGGATTTACGCCTGGCTTACCGCCGTGACTGCCAAAATCCTAAGGATTCTAGCTCCTAGATGCCGTTGGTGAATCAATCACCGTGCGGGTGGTACTGAGTAGTGCCCGTCAGTGTCGCCTTAACGCCCAAGACTCAACGCTTTATGATGGACCACTAAACACTTCATGTTTAAGAGTTCCCATCAAGAGCAGCGGTTCAATTCTTCCTGGCCCAGGTAGTTCGTGCTGGAGAACATCTGCCGCCTTGTGTCTTTAGAAATGTGGAATTGGGCGCCGGCCACCCGCAAAGTACGTCCTG,356,51.4,Arabidopsis thaliana
SEQ_605678,TACCCAGAAGGGACAACGGCCGCACACGGACCATATCGTCTAGCGAGCTTCGTTAAGCCCGCACGCCTATTTTTGCGGTATCTTGGATCCTAGTAGGGGCATAAAGTCTAGGTTTGAGAGACCCGATCCCAACTGTTAATCGCAAAGAGACAGATGGCCTGCGGAGGCCCAGGCTCAGGAAATCCGGCCGCCAATCGACATTAAGGTACGCATTATATGACGAACCGAATCCCCTGGGGTCCGATCCTCTCCGTGGGCCTATGTCCTGTGTAACACAACCGCTGATAGAATCTGGAGATTATTTACGATTTGTTCCATTATGTCCCATCACCGGCCAATTTGAACTAACCCTACCATTGCGACTGTACTATGATCGTTCCAACCTCCTACCTTAAGACTTTCCTCTCCCAGCTCTATAACATCCTGTTGTCATATGCACCGCACTCCGGTGGGCACTTTCCGTTTGCCGCTGGTCATACATGGCCGGTGGTGCCTAGGCATTTCACTCACGTGGCTTTCGTTAACGGAGGAAGCGGGTTCGTACCAACCAGGCACTGGGGCAGTCTTTACGATGCTTTGGGAAGGCCCAGCTTTTATATTCGCTACATGTGGCTCCGGAACCTCTGCTTTGAAGTGGGAAAGACTGTCTTTGACCGGCAAGCCGGCTGGAATTCCCAAAGCCCCAACCGCACTCCAGAACAAATCGTCAACGTTACCCAAGAACTGCCAGATACCGGCTATCTCACCAGCGCATTTGCCAAATCAACACACTAATAAGAAGATTCTTAGTCCTCATTATAAAGTGCCAGTCTGCGATAAGAAAGCCTCATGGTAGATTCGGGACGACACGAGCCAGTTCTGTTCTGGTGTGTCGGATGAAATCCACTCATAACCATTGTGTGGCCCGGCGGAAAATCATTTGGGTGTTCCAGCCTAAACATGAGCTACCTCTCGTGAATAAACTGCCGCAGAAACTAGACTAAGGAGTTTTCGACCTACGAGGGCAGTATCTGAAACCATCAGTAGGCAACCCACATGTTTAGGAACCCCACGATACTTGTTGCTGGCAAAGAAAATGAACGCGACTTAGTGTCCCCCCCATTAGAGCGAGTAGGGAGTATTCGGTTTCAGATGTCAAGCAATATTCAAGTTGGTACCTCACTCATTGAGCACGGAAGGCCCTCGAGCAGGCTGTCACAGTAGTGGCGTTAGGTCGACTATGTAGCCAGTAGTACGTACTTTATAACCCATCCTTATCAGAATAGCCCAACCCTTGATAGGCGCAATCTTGTCATAGAAACGATTCTCACGGCTATAAAGAATTGAACACGTTGGTATAGTAAGCATTTTGGCACTAATAGGCTAAGCAGTGTGTATGATCGACCGACGCGTCAACCCGGGCGTCTTTATGTATGACCATTGCCAGTTCCTGTAATGGAACGCCAGGCTGGGAGTTCCTTCGGTTGCGTTGGAGCTAGAGACTTCTCGTGCTGCCTGTATTAAGTGTCAACAGTTGCTCTCCGATCACCTGGGGGTAAGAGTTCTGGACGCACATCTGCCGCATTTGCTTCTTAGTGTCATGCATCGAATTGGCCGAAGGCTGCCACACATTAGCTTCTGTTGAAGAATCTTCCTATAACGGACAGGTGTACTCGGTCCTCTTAATACACCACACTTACGACTAGTATATCCGAGGGTACCCCCCTTCAGCGAGGGAGTCGCTTAATACGTCAGCGGAGAATGTGTCGAGACTGCTAGGTAGGATAGCACAGCCACGGGTGATGCCTGGGCT,1792,50.0,Mus musculus
SEQ_170448,GACATAACTAAAGACGTACATGTAGTACGTACAAATACACCCATTCTTCTATTCGTGGCTACATCTTGACCGGTGTGAGCTCCGTAAGACTCGCCGTCACCAGTAAATTTCACAGTATAAATTGCAAAACGCGAAGCTAATGAACGAACAGGTAATAAAACATGGAGTTGAACGGACGTACCCTGGATTCTGTTAAGTTGATTCACTAATATCATCTGCGGTGGTGTAGACGTCTCCGCCAGCGTCGTCTGTCGCACCTTCCCAGTCGTTCGAACAGCTTCCAATAAGAGCGTATATTTTCCTCGGCTAAAGTAGGAAATACATTCGGACTTACTTTAGCGTGTGGTTACATAACCTCGCGTACCACCAATTAGTTCAATCGGGTCTGCCAAGTACTGGTCGGATAAAATAGTCGTCTTTCTAGCCTCTTCCAGCCTAAGGGGATCAGACCGATACCAGCTCGAGACATGATAAGGGGGGCATCGTTGCATAAGTTTGTGACAGTCTGACCATAACGTGTGTTAGAGATTTCGTAATCACTCCAAGTAATACATGAAAAGCATTAGCACGGATAAACGCGCAGTGATGGTTATCGACATAGTCTGAACGTTTAAACGGAGCAGACAATATCTCCCACGTAGTTCTGAACAACGGGAATGAATGCATCATGCCTTGAGCCATTGCGAATTAGTAATTCCCAGCAAGCGCCTATACAGCACGCCGATTCCCAACCGCTGCCTTCTGAGCGCGTAACGGACCGTCGCTTCCCGTGATTTACTTCAAAGGTGGTATGCGGAATTCGTTACCCGCATAAGGATCTACTCACCCCAGTTGTTAATTGAGTCCCCCGGGAGGGGCTATTCCAACCAGGTATTTTTAACATCAAATAGCGGCTCAGATATCATTATCCGAATGCAGCCACCGCCATCAGTCGAAGCATCTCGTACGGACAGCGTTGCACGTGAAGTGACAGCTAAAAGCATTCGGTGTGTCAGTTTGCTCTTTCTTTTCATCTCCCAGCATGGCATTGAAGCCTACCGTGGAACCGAAGGTAAGCGAGCACATCCACGAGAACCCACCTTTTCGCCGGGGGGGCGGAAGTCAGACCCATGCACACGGGGACGACCTGTGACGCCTCCAGAGGCGTATGGAGGCAATCGACACGTCTACCGAAACTACGGTTCAGTAACCGTCGACCTCTCCACCCACTAATCGGCGGCACAACAACTTGGCGTGTGTAGAGAACTGCCTGGGGGAAACGAGCAGCTGCTCGTCACCCTCCCGTCACGC,1290,49.38,Escherichia coli
SEQ_911018,ACAAAAAGGACATGAGTGCTCCAATGTTTTACAGTCTAGTTGGAGACTCGGGCACCACGCCTGTATCCCGGACAAGTCCATAAAGGCGACTGGGATGAGACCGTGTGACCCAGGTTGGAGCGCTCGCAGAAGTAGAGTCTTTATATCTGCACAATAAACTACGCGCAGACGCGTTTCTAGTGCTCTTACCTTGTCCCTAAACACTTCTTTTAAG,214,48.6,Escherichia coli
SEQ_906835,TTTCTGAATGATGAGCCCACATAAAAATCTTGAAAAGGTTCATGCGAGGGCTACAGTACTAGAGTATTACTGTGGATCTTCTATAGAGGACGGTCCTGCGCGTAGCGTCCGCTACAAGCTTTTAATGGATGTTACTAGTTAAGCCGACCCCCCATGTGTCCCCGGGCACTAGATCAGGAATCCAGCCCTGGTGGGAGCTCCATGAGCGGACCACCGTTACTATAACTTGCCAGATTTCCCGGACTACTTCTCTTATAAGTCCGACGCTTGCGGCAGCGTAGTCTCAAGACCCCGTTTAGATGAGCAAGCTCAAGATGCACGCGAGGCACATTTAGCAGGACTTAACATGGGCATCCAGCTCCATCCGTATCCATATTCTCACTTATCACATGCCCATTGGACTGGTTTAACAATAGACCTGCAAGTATTCCAACCCATGTAGCCTACATCGGGGGTAAAAGCCAGTTACACTTATCGTAGTTAAGTAGCAGATGTGGAGTGAAGCGCTTGCATCCAGGCGCGCTCGACGGAAACATCGTCTCCTGCTTGGCTGCGCTTGCGCTGTATGTAGTCCGTAAGTCTCCTCTCGCCTCTCCTGGCCCATTGGAGCCAGGGTGCGGGGCACCCGATCTACAGAGCTAGTACGCACTCGGGCAGCCCACGGCTAAGGCAGTCTCTAGCCAGACCTGACGAAACATATTGTGCCGCCATACTCGGAACGAATGGTATAGTTTCACTTATGTTTCGTGGGCCCTCATGCGCTTCGCGGATCTCCGCCGGTTTCACCAGACTACTTAGGAATTGCTAATACCTTGTTAAAAGGAATTGAACGCCCGAGAGTAAGACGGATTCAACTAAGAGATCCTCTTTCCCCAGCGTGGATGCCTGCAGGACACCTGTACCAGTGCGGACTCCCGGTCGCCAGGGACGCGTGCACCCTCGCCCCAAGCGTTTATCGGTCGACGCCGTAGCGTATGTACCTAGAGGGCAAAGGGCATGGGACAGCAGGGCATGTTGTATGTGCATGC,1028,52.82,Caenorhabditis elegans
SEQ_366722,ACCGAGGCTCGCACCCCTCTCCTCAGCTATATCCATGTGTTGCTATGGTGGTCCTGAGCGCGGCCTCAAATCGCCCATCCCGGACACCTAAGTACCACAAGTCTGAGTGGACCACAATGTCGAAGATTTTTCTTCTAGGACCTTGTCGGCCAAAAGTCTAATAACTTTTGATGACCTCACGCGTATCTTTTCCGAGTAACTGGGCCTAGATGAACGCATGCAGTTGGCGTTATTGTAATCCGGCCGCGCTACATGTAACCCATGTAGTAAGCTGCGTAACTTACGGCGTATCACAATCGTGCTTTTGATCCAAATTAACGCGCCCCTGCCTTTCGACAAGAGCGCCATGGCGGCGTTGTATTTCCACTTTGAGCGTTCCGTTGGAGTCCAGGACACTAATACGGACTAGATCGTTTATAGTGCGTGTTGAACCATCGGATCGTTTCACATGTGGCACTGCTCCCTGACGGAGCCGAATTTTTTAAACCGTAAACACTAGCGAATACCAGCATCGATATTCGCGTTGCGCGGCAAA,535,50.09,Caenorhabditis elegans
SEQ_553068,ATACGAGCTTGCCCATGTGGCAGACAAAAAACAAGATCCCGCGGTCGGACCAAGGCCGGGGTGCTCGGCCGGGGGTGACAACTGCGCTATGAACAAGAGGCCAGAGAGAACTCGCCCAGTATCCAAAATACGCCGACACGTGACATGTAAATCAATATATTAATACGTCCACCGG,175,53.71,Drosophila melanogaster
SEQ_695646,TTTAATGGGCCCGTGACATTTTTAATGGCCTGTGGAGGCGTGTCCAGCTCGGTCAGGCAAATGTTGACTCCCCGAAGAGAAGAAGATAAGGAGCGGCCGCAGCGACGAATGCGGTGTCAACGCGCACCGTTGGAGGACTAACTCTCCCTCGGTACCACAATCTGGGTAAAACCTAGATTGTAGACTTATGTGTGGTCCCAATTTACTGTAGCTGTCGGGGCACATGCTAGAAGAACCGCTGTCGTCGAACGCACATCAGCTCCGTTACGCGTCAATCATCTGGGCCGCATTGCTGGCGGCTACTGATTAAAGAATTAAGCCGAACATGCTATTAATAGAGCAACGGTCAATATCCTTTAATGACGCACTCTGAGGATCCGTTAGCTAGTGAGGCTTGACTTAGCTGGGGATCTGGCTAACCGCGAGTCGCCAGAGGTCTCGAGTAGTTCAATTAGTCCGTTGATTTCCCGGACAAGCCTTGGATTAACTCTACATGATATCCAACACCACGTGGGGCAATTCCTTGCGGGCATAGGGAGTACTGTTTTGCTTCGTAGCTAGGCTCATATGGTTAGTGATGTAGCAAGAACCAAGACGGATATTCCGTACACACAATAACAACTGGAAGCTACTGACGCTGCGGGTGGATCGGAGGACCGTGTTTAGGTACCCTTCGTTGCACAGGAACAGACTAGCTAAGTGTTATATCCACTAGGGGCAATAAGTATTATAACTGGCCTCGTGAGCGGGGTAAGGAGAGGGAACACTTTCGAGCATATGGTCGCCTTATGCCGAAGCCGCCTCCCACCGGAACGATACCTCTATGTAGCTCCGAGCATGTCGACATCGTCACTTCGCTATGTTAAAGCCACCCGAACTTGAGAAAACGGCGGCGATGAGGCCCTTAGCGCACTTGAAGGTAGGTGAATAAGTCCCCATGTCAGGTATTGCTCCCGAAAGGTTATGTGCTTTAAGCAATCATGATGGCTACCACTGTTTGAACAAGTATCTCGTGGGGAATGGCTCTAAAGGACGAGTTGAAGCATAAACCAGCTGGAGTGAGTGATCCGTTGTTCAATATAGGAAATACGACCGCGACGGAGACCGCTACGCTAGCGCCTGCTTTGTGTTCCCCAGGCGATATGAAGAGTCTGCAGTGGGCAATCTAGATTTCAGGAGTAATCTGTAAACTCAAAACCATATGGCCATGAAAATACAGTAGACCCGTGATCGGCGTGACCATTTGAAGCGCGCACTTAGGTATCGCAGTTTACCGATGGGACCTTTCCGTAGGCGACTCTCTGCCATTATTCGCTCACAACTATGTCGGCATCCTTTCTTGCGCGTAGTGCGCGGAGTTAACTTATACGCGCGCCATTTCACGGCAAAATGAACCGTGAGAAGGGCGACACCCGCCACGAGCGTCCTGAGCCCGGCTAGAGTTATGCCTTGTTTCACATGTAGGTTGTGTTCGCTCTTCCGGTAGAAGGTTATGGATGTCACGGGAAACGTTAAGAGGCCCCCCTTGCTGTCGCCGAAAAAACTAACTGCAATAGCCACGCTTCCATCATGAGAGAGTCGCTTGTGCCTTCAGCTAACGCATCCAGTAACCTCGCTTGGCGCAGAGCATTTCTAGGATTGCTCTGGCGGAGTACTGTCCATTATGATGTGTTCTCTTACGTTAGATGAATGATTCTAACTTCATTTTGTGGCACCCGTATCTTCTGCGTGTTTAGGGACTAGTTTATCCACAAAGCATAACAGCCCATACTACCATCAAATACCCCTCTGCGCTAATACGCTAACTCTCACGAAGGGACGTTCCATATTGCGAGCTTAACCGTTACCGTTCGCGTGCCTGGGAACTGTTTCTTCCCACCCGACGTTTATGCGGTGGCAACGGTTTCTGTTCTCTAGTGTG,1921,50.13,Saccharomyces cerevisiae
SEQ_397217,AAAGCTGGCACCCCTGTCTACATGTTAGCGCACCAACCACGGCGTCCAGGACCATATGGACGCATGCCGTTTGGATGATACTACCCGTCTCCCTCACGAGGCCATGTATAATAGGACGGCCCTCCGGAGGTAGCACGCTACCTGGAACTTTTCCGCTGTTAATAATCGATATGCAGGCCAGACAATTCTACATTAGGTGTCGTGAAGTCACCTCTTGTCCTATCGGGCATAGATTGTTCCTGTAAAATCCTCGGAAAGGCAAGGGCTGTTGTCAAATACTCTCATCTTAGCCTAGAGATCAGCGAACTTCCGACATGAACGCTTTTCAATCTCCGAGATCCCCGCCACCCCCACAATAGCCACTGGACGGATCGCAACACAAGCACCGTTCATCACAACTTGTACGATATAGCTCGCCTGGGAGGAGCATCACAGCACGTTTTGGGCTCTAACCTATTAAGCGCTGGGAACATAGATCTTCAGTCTGTTTATAACGTCTAGATCAGAATCGCGAGCTTGTATCTAGGCTAAAGACTTAATGGGACAACCCGGATCCTGAAAGTTGACAAAGAAGACTTGAAAGTTGTCTAGTAGCTTGAAGAACGGGTTCGCGTCCACCCTCTATGGACTCACAAACGATACTGCTTTGGTACTAATTGCACAGGCTTGTCGATTCGGTCAAAAGGCGGGGGGGCATGTGCGCGTGCGCGTCTGGGACCAACAGGTTTATAATTATGTCAGCAGACACGGCTTGAGATCATGACAGCGTGGATGTGGTTTGTTCTAGTGGTCCTCCGCTGACGGGTAGGGTTACCTGTTGTCAGGCGCATGGCACTGTCTGCCGAGTTGCCACGGGCCGGCTGCCACGACGACGCTAGTTCTTACGTGAACGCAGTGGGTCGGGTAAAGGAAGCTTTTCGAAACGGTACGTCTGCGATGATAACAGTTCCCAGAGAAAGGTGCATGCGTCAGCCAGCAACGCTAATTCATACGCAGCGGTGGAAACTTTCAAAGGGGTAGCACACATCGAATCTCGCTCACAAACGATCCTGTCCCGCTGTGCGGCCACAGGAGGCGTGACAGCCGCAAGCTAAGCGGTTGTTTCACTCATAACGGACTATTCCACTCAGGGCGGGTCCATAATGACATTCCGCAGCCTAATAGCACATGCAGACAGCTGAGTTTCCGGTGCCACGATCGGTGGACTAATAGATCCTCCAGATTTTCGCACGTCGGTCGACCCAGACAGACTCAAGTCATGCTACGCGCGGTTCGGCGACTGTGCCGATGGGTAAAGTACAACGTTATGAACGCCACGAGCGGCGTACGTCTGGTTGACCGCATAAGTAAAATAAATAGGTTCTCTGCTAACCATTGACAGGACGTAGCTCTAAGCGAAACTCTGATTCTCAAGGTGCAAACGTTGAAGGAACTTGTGTCCAGTTAGGTCAATTGCAAACTCAAAACCACAGTCTCCGATCCATGTAGGCGATACTTGCTAAATATCACGAAGCCGAGGGACTAGGGATACACACTAAGCTTCTTTAGGGACTATGAACCCTAGACACGTAACGCATACATTTGGAAGAGGAAGATAATATAGACGCGCAATTGGCAGAGCCTCGTCGGGTACAAATTCCGACTTTTGTGATAGCAGCTATTCAGCATACAATGCAGTGGCATACGCATAGGGGCCCGATTACCAACCCCAGCCCGACACCTCGGTTACAGTCGTGTCCCTTGATCACAGATTACTCTAAGTGGAGGAGTAGCGTGAGTTTCGATCTATACGAAGGGCTCATGGGGACGACCCGGTTAACAGCTTTGCCTAGTCCCGCCGGTCACAACTTCATTGTAT,1858,50.81,Caenorhabditis elegans
SEQ_155460,AACTATGGTTGGATACGAATGGTCACTGACGGAGCGAGCCTCCGTGCTAATGCTGGAACTCGCATAGTGCCCTTTGTATCCGGCGCGGGTTGGACGTCATGGCTACCAAAGTATAATATTACGACACAATATTAGGGAAGTTACATGCTGTTACAGTCAGACATAGCTTCCCACGGCCTGCTAAGCAGAATTCGGGCGTACCGTTGCATACGTATTCCGACTCGCGCCTCCAAGGCTTGGACCGGCGATCGGACTTATCGTCCGCCAGGTCGATACCGACAAACAGCTTCAGTCGTGTCAAGCTCATCGGAACCGCTTGATGTACATGGCTAGCCTCTGTCACATGCACGGAGCCGGCCATGTCGGACGTACACCATGTCAATGACAAAAAGCTACGTTTGCTGGAGGCACGGGGAGGCCTTATCCCCAAAGGGGCCCAATTCTGATTCCTACGCAATTTATTATCGGAAACTAGAGCGTTAGAGGCTTGCAATACGTTTTAAATGTTCCGAATATCTTTAGTCACTCCGTACTCACAAAAGGCCGCCGAGCACCTACTTGGATGGAAAGTGTTGGCATAGCGCTCACTGACCATCGACTATGTCGCACCTATTACCTACCGTAGGTGAAAAATAAGGATACAGTTTGGCTAGATGAAGATTTATCAGCTAGCCAAGAGGAGGTACACATTGAGATCTGGTGTCATGTCCTGCTACGTCATACCTGGCCGGGGAATATCTACATCGTTCGGACTGCTTAATGCCGTCCTGACTTAGCTACATAATACAGGTGGAATATCCAGTCGCGTGGTCCCGTGGAAGTGGAAGATGGTGAGCATAGCTGACTCAACTCATGCTCGACGCAATATTGGCATTTTCATATCTGACTATGGTGTGCCGTCGAGTATGTGCCAATGGCGTGAGCTGAGGCCCGCAGTATGTGTTACTTGTTTTAAGGAGTCCTCCCTAGACGCCCATATTGGAAAAGATTCCCTGTGGGAGCTGACTAGCATTCTGGGTTCGAACTAACCGACAAGGATGCAGAAGTAGTCGCGTACTCAGGTCGATGCTGATGCCGGGACGTAAAGATAATTTCCCCATCTAATCCCCGATGTGGTACGACATACTAACGAAACATGCGGTCGTTCACATAGTACGGCGTAATCCCGGACGACAGACACCAGCAAACTTAAATATATCTCCGAAATAGATCAGTCTCCAGTTTCTCTGACTGCTAAGGTAGGTTTTTTTATGCTAACGTTATGAACTCGACGGTGAAATGACTGGCCCAACGACACCAATCGGCGTGCTGAGTTGCGCGCCGAGTAAGCGCCTCTCCCACCATACTTACGACCTAAAAAGCTGCGCCCATGAGACCGAATGTTTCTGTGGGGATGTTATGCTGTGTCTGGCCGAATGGCAAGAGCCACATCGTGAAGTATGTGGGGTAATTCATTGTGGATCATAGTCACCCGCCTAAGGGCGTACCATCGTGTGTCAGGCTTGATCCTCCGGCCGTTCAC,1522,49.93,Homo sapiens
SEQ_512716,GAACACTCATCACACTGGCGAGATTGCGAGTATTTCTCGGTTGTCGCTGCGCGAGGATAGGGGTGCGATTTTACTTCCTCCTTACCGTGTGGATACTCTCTAAAGAGATAGGAGTGCAACATCGATTCGGCTGCCGATAGGTAGGGGTGTCCGGCTCCAATATAACTGGCGTGTAGTCGCCCAGAGGCAATATAGCTCTCTGCGATTGTTGGAGAAGGTATCTGATTTTCAGTGAATGCCTCAAAGGGTAGCCTTAGTCGTCATGAATACTCTACAGAGCAGCCAATGCAGTACCAACTCA,301,49.5,Caenorhabditis elegans
SEQ_211331,AACGTTAACCACATTCCACCGCAACCACTCAAGCGTTTACATCTCCGGAGTGCACGTGACAGCTGACCCCGGGCTAATGGCGCGTTGAACTGAAAGGTGTATATTACGGCTTCCAAAATTATCCTTACACTTTAACTTGAGCGCTACATGACGCTCATCGTGCACGGCTTCTTATGTCGAAAAAATCTCTACAAGTGTGTGGTGGGGCTTTTACCATTGCTCATATCTGGCTAGGCACCTGATTAGGAGTCCCATGTCCGTGTCAGCGATGAGGTAAATTAATAGGTAACCCGTCTGCTTGTCCTCTATTCAACAACTCGTTCGTACAGTATACGCGGACGTCCCGCGGCGATCGAATACGGAGCATGCCATTTCCTTCAAGATACCCCAGCGCCCCGTGAAATCTGCTTTAAGCTTTACTTCAGTAGGAGGATGTAAGTGAGTGTATGGCCACTAGGGAATGAGGGTGTGACCCTCTCTACTTCCGCAACACGAAGCTGCTTGCAGACTGAACCCTCGCCATCTCCCTGAGTACCGGCGTCACACCGAGATCTGTTATATTTAAGGAACCTCTATGGTATAGGTTAAACATCGCTAAGTCTAACCAGCCGCCCTAGGATGTATAGCGGCTTGGTACGAGGCGCTGCCAGGGGGTTCGGGCTGCTGATTCGGAAGAAGAGACCGC,685,50.51,Caenorhabditis elegans
SEQ_624198,ACTATTACCGACATTCGTGACTGTACCGATAGCACCGTTGGTCGCTGACGGAGCCCGGGTATGTTTTTCGCCGAAAGTCACTGTTACTGTTTCATGCAGCAGCGCTGTCAACTCGATCAAAAGCCGATTCCCATGCTGTTAATGCTTCCTGACGGCCAGATTGGTTAGCGTCTTTACTGGGGAAGTGGCCCTCGGCGTGGCACATCTAAAGTGGCGACAAACATGGGCGAGATCGGGGACCTATCGGGTGACTTCGCATTGGATTCTATCTAACATACAAGAAGCTGGCTGATCAATGGATTGACCTACATATACAACTGTTCTCACGCTGGGACAAGAGAACGCCCTACCATTGTTACACCCGCGAAGGCATCCTAATACAACGCAGATCGTTTTGGAGACCACGTAGCAGCCCTTCTACCCCGGTGCGTAGTCGATGAACCGCGGGTCGTCATTCGACACGCAATAACTTGTATCCCAAATCCCGGCTGCAACGTTACGGGAGCCTGGTCACATGTCATTCCACATCTAAGACAGTGTTGCAAGGCATCTCCCCTATTACACAAGTCCGATTTCGTTCTGTTTGTGATAATTACTAATCGTGCGCGTTTAGTGGAGAGGGCGTTGATGGAATCGCCCTGCGGACGACTGACGGCAACGTATATGGGGTGGGCACGTGGGTTGTGCAAATCCCTGCTGAATGCTAGGATGGGCTCGCATGATAGAGATCAACGTACGGCGTGCCGGGTATGCACCGTATCGGCGCTTCCCGGTGTGCGAGCTTCGGGTGGAGAATTCGGACCATTTTGCCTCTAAGCATTAGCGTCTAGAAAGTATGTAGCGACGGGGCGTGCTTACAGGGTTCCCCGACAGGATGTCAGGCCGGGTCACTCAAACGACGCTGGTACGAATTGAGTTATATCGCATACCGTTGAGTAACTCCCCTCTCCATCACACGCGACTTTTGAATGGTACGGACCTGCTAGTAGCATTACCTTGGCGCGGAGGTGATGTTTGCTGCTGTAGCGCTTGCAGACCATATGCAGGTTGTATTGTTGCTGAATCCAAAATTGCTGGAAGAAGCATAATAGTTTATAAAGTGCGCGTTTCTCGCAGATCCTATTGTTAAGCTCCATGATCCTCTTAGTGTGTCTTAGTAACCCGCTGTGATGTAGGTAAGCGACGAGAGAGGGATCCCAGCAGTTCCAAGCATTGTGAATTCGGGCCTGGTCTAGGTAAAGGTTTGCTTACGTGCTCGCTTGTAAAAGTACCAATACAGCGCTGAGGTGGCGTGCTTATATGCTTTCTGGTTCGGGAGACGCTAGGGATCTAGGGTTGATGAACAGTCTTCCAACTATGACCAATCGGACTCAATCTCGTCCCTTATATGCGCCTTGAAAGCAGTGCAGTCCCCATCCGATAAATCATCCCCTGGTGCGTAGGGGGATGATATAATCATAGTGCTCCATCCTAACCTAGGCCCAAGCGGCATACGTTGTTCTTGTTATTTGGCGGTGAATTGCCACTAGTAGTAGGGTACCTCTACAAAGAAGTTCGTACCGAAATAAGTCGCCAGCTTCTGTAACCTCAGCAACGACGTTGACCAATTAACGCGATAGAGATTTATGCTCCGCTACCTCAATCAAGGGGTCCTGAATTCTGTTTGACCCATGCCGAGAGTCTGGGACTAAACTCTTGGGGAGAAGTGTGATTTCCCTGGACCTCATCGTCTTCGCATCCACACAAACCGGCCTAGCGGCGAGCGTGAGGATAAGTATAATATTACGCGTCCTCTTAAACCCCCATAGATCGGTC,1815,50.52,Arabidopsis thaliana
SEQ_555236,CAGTTATAAAACCAAAATTGCCTCGACCCTGAAGCCCTGGTCGCTGCCTCCCTCACATAGCGATCTAGTGCACCCACCATTAAACAGCGGTCCTCCCACGCAGGCGACCCGCGGATAGTCTAAGTTGGGATTTCGATCGCCAGGATGAAGATACAACCCGACGTAGGGTGACAAGAAGTCACCGTTACGTATTTCCTGCGTACTTGTCAAGCTGCGCTAATGATGTGAGCGGAGCGATCATCCTTCATGCAGTCAAATGGATCGGATGGGAGAATAGTGCACTCTTTCTGCTGGTGTTCTAGCTGGGACGTCGGATTTCTAGCTACGTCTGGGTTCACGCCGCTCAACAATTACATAACCTAAATAAAGCGGGGAACTATTGCTTGCAATACTTTTGTCGACGTGATGGGTACATCGTAAGTAGGATCGGAGTTAGCCATGGAGTGATTGGCTTATGAAGGTCGCCTTACTGATACTTACTCAGGCACGGTTACAATTCTCATTGTGTTGCACCTCATGTTCAAGAAAAGCCGGAATGGCCAAACCAGGAGTAATCGGGATACGGGATCGTCGCTCCTATACCTTACGTGCACAACGACCATGCGGTTGGGAAGCGCCCACTGCAGGTTGTAGTCATTGGCTCGGTAGAGGGTGGGCGTTGCGTGAGCTAACCAAGTCCAGCGCTCCTAGCAGCTCATTAAGATGTCACCGCTTAGGGCATTGTTAGTGTATGGCGCCCACTGAAAAAGGAGAAGTTACGAGACGCAGGCCGGTAAATTTGAGCAGAGAAGTGCAGGGAACGCCCAAGAAGGTTCATTCCAGAACTGCGGCCGCCGTTTCGGAGGACCGTGCAAATAAACACATTGCGCGTATTTTTCCGTACAGATAGTCACGCCTAAATAATCAGAGAATTGGTGAATGCTTGTGGCGGTTTACAGGAGAAACCTACCATTAAGCCTTATATCCGAAGGAGACCAGTAGCTCATCACCCTGTCTGTCTGATACCGCTTAACCTGCTCTCCCGAGGTCAAGTGTGGTGTGATCCCGATGCCAACTATGAACCCTCGCCGATGATAGGAGGCCAAAAGACAGTACCCGTTCTCGGCGGTAAACTTGTAGACTTCAGGGGCCACTATCTTGGACTAGTCCGGTCGTGCCCGGCGATGCAAGGGA,1173,51.07,Mus musculus
SEQ_354177,CATTTACCGGCAAAGGCTGATGAGATGCCGGACTTGCCGGCCAAGGGATATCTCACCTGCGAAGATCAGAAGATTGCTTCAAACTCTCAAGAGAGCCCTAGTGATACCTGTTAATCAGAGACAAGTTAGTCGACAGATTCCCCCTATTCAGTATGTCTAAAAGGCAGACGCACAATCGGTATAAATCCCGAAGTTACGCGCTTGTCCTCCGTACTATGCGAGGTAAACCGTAAATTTCCCAGATAAGTGGAACCTCAAATCGTCTTATGGCGTTTGCAAGGATAAGGTCAACCAGCAGGGCTTTGGTGAGGGTCCAGCGGTTAAACACCGTTCGCCGTACCACGGCCGTCTCTCTTGGTACTTCTGTCATGACCATGTCGGAGTAGATGAGTATTCACAAGGAGGACTACCAGGGGGGTGCCAGAGAATAATTAGTCCTAAGGGGGTAACGTACGACCGCCATAAATCCACAAACGGTAAGTGTCGTGTTGTAGTACTGCGAATCGCGCCAAACTTGGGGCTCTAGGTGGGGATCAGAGGTG,542,49.82,Arabidopsis thaliana
SEQ_498712,TCAGTACCCCATTGATGTTAGCTGGTAGTGCCGAGTCGCTGAGAATAACCCACTTAGCCGTGGGATAACTGCCATTGTACGGGAAATTCACAGCGAGAGTGCTATGTGGTGTCGCGGATTGCCTTATCTAACACGGATACGTCGTATTTTCTATCCAGCATAACGTACGGTGTGGGTTAGCCCTACAATGCCGCACTAGCCGAGCAAGCATGAGGTTCATGGATTGCGCGCGGGTAGAGAACCTATAATCGCACTAGGCAGGCGGCATCTGATACATGGTTGAATCGTATTGTATGGTATTATCAATAAGCTGGGAGAAATCATTCGAGCATCTCACAGCTACCGTTGGGGGCGTCCAAACGGAACGATCCTGCGTATGGATACTCGGAGCGTTAAGCCGCGGTTGCTAAATGGTGATGATAACCAATAGTCACGTCTCTGCGATAGCTCATTATGACACTGTCAGCGGTGTACTCCCCCTCGCATCCCACGTCCTTATGGTCCCCGAAGTTCCGAATATATGCGCGATCATGCCTGCCGGAAAGCGATATGAGCACCGCCCTCTTGCGTTACGCGAGCTCGGCCCCGTCGATGCGTTGACGCTTTTCACGACCAAGTGTTGCTTTAGAAACCAGGATGCTCTGGATAACGCCTACCGGAACTGTTTATGTCACTTCGGTGTTTACGGCTCCATGTTGTGATGCACCAGGCCCCATTTGCTCATCCACACGATCCCCCTGAACTATTCCTGATATCTACTTTGTGGGGAAATGCTGACCAATACCGCTCGCTAGCAATAGGGAACACGGTACAGAGCTCCCTTGCGCTCTTAAGTGGTGCACTGGAGAAATAATAGGATTGAATCTGTGGAGAGAAGA,878,50.8,Saccharomyces cerevisiae
SEQ_313472,GGTGACGCGTCTCCTGTTTCACTTGTCACGCCAGATGTCCCTATTTGATACTGCGAGCTGCGATTTCCACCACGAAGCCTGGCTCGCAGACTAATCCGGTCCGTACAAAACCCGGACATAGCTCCGATCCCCTCCAATGGGAGCGGCCAGAACGAATCCCGATCTGAGAGTGCAACACGGAGATCCGAGAGTCTGCTCCGGTATTGAGAAAGGCGCCTGTCGACTGGCGCGAATTGGGGTGACCGCTGTCATCGGTGCTTACCGATACTTCAGCCACATCCGAAGAAGCTAGATGGGCAAGTGAAATCAATATGGGTGTGCACCAATGTGACGCTGAGAATCGCTTCCCACACCAATTCAAAACGTCAATGGATACCGGCTAGCCCGGAACTTGCCGAGAAGTAGAGCAGTCTTGTAATGCATTCCCATAGTATGCAAAACCAAGTCCGAACTTCGGCAGTAGCAGGAGTCGTGCAGGCTCGAGGACAGAAAGATGCACTAGGGGTCGCGTTCTGAGAATGTAGTTGTCTACTCACTCTCGCGAGGAGCGCGTCTTCGAATCGAAGTGTAGCTCCAAGAGAACGGTCCGTCGGGGTACATGTAGTTTGGATGTACTTAGCGCATACAAGTATAGCGAAGCCGCCTATCCTGCTTGTTAGAGGAAAGGCAGGGGCCACGTTGTCACATTACCTCTCGTAATCCTCCCCGAGCGGCGCAAGCCCACTTTATCTTCCAATTCGGCATCACTATCGATGTCGAAGCTCGAACCGGCCGCGTCAAACTCGCTCGGGGGACGCCTGACACAGCCTTAAGAACCATGCGGCCCACCTAGGCAAGAGTGTAAGCGCAGTTAAATTTTCGGAACGATGGGGTGGCATCCCATGTTTTACGAGGTCTCTTCTTTGCAGGTATAACACTAAGTTAGTTGCCGGGGAAGCGTTAATATATT,949,52.9,Homo sapiens
SEQ_544915,GGTAGATCCGGGAGTCTGGAGTGACTGGCCGTAAAGTACGGGAACTATGTGAATAGAGCCACTCTGAAAGCAGAGTCCCTATCCGGGTCGCGTCGTTCGGCTTCACCAGGTGTGGTGCCCACACGATCGATAAACCGCGCTCCTGGTGTTTGAATAACCACCCCCCCTTCTTAGAAAGTAATTGTCCTCATCCGTGACTTTTATGAATTAATGACCTCTTCTTTCGCCAAATCGAGGAGTGCGGCGTCCTAGATCCTAGCATCAGTCGCTTGCATCAACCTCGTCACCAAACATTCGTAAAAAGGACATTCTACGATGCACCCCCCTAAGTAATTATGGCTGTCGATACCTGGGGGGGATAGAAACGAGTTAACCGGACAGAGCCACTTATTTCTGCAGTCTGGGAGCGTATGGGAATTAGGAGTCTTCGGGTAGTTCGGACTCGGACACTCATGTGGCCGCTGGCTTCAACCTGGCCCTGACGTAATCGTCACGATGGACCGTTACCGATGACAACTACCCGGTGGATGCCGCAGCCCATGCCGCTCGCCCAACAACATCACACCCACGAGTGTTTCGTGTGGCACAGCAACTCAACGAGCTAATAACTGTGACAATGATGGAAGTCGTGATCGCCAGCTTGTGCTATTGCATAGGGGAGCTCATAAACCGGATCCTCTCTCTGTCCCGATAGCGACAACTATATGGTGTCTATTGACAGCTTCTGAACTCCAGCACGTCTCTAGTAGAGCGCGCAAGGGGCGTCGTTATCCCACAGCCAACCGGATGTGCACACCGTAGCTTACTATGCACGATCGAACTGCGTATCTATAAGAGTACTAGTAACGCGAGGCATCGCTCGAATGTCGCCAAGTGTTTGCCTCAAAAGATGTCTCCCTCTCAGATCACGTACATAAATGTAGACCGTCAGCCTATGGGCATAACCGCCAATGCTTACACTCATAATGCATTGGAACATATCCATAGCTCAAGGAACATCGGCGCTTAACTTCCAATTTTCTCTATCAGTTCCTGAGAACAATCGTGCGTGTAATCGTCCTCTTCGAACGTTGCGGACGCCACAGAGTTTTCCAATCAGGTCGGTCGCCCATGCGGGACCACCGTAGCTGCCATCTCGTCCGACAACACGTTCCTATTACATAAGTTATGTTCCCGGATAAGACCATGCGGTATGCTCGTGCGGCAAGCGTGTTGGCGCGCTTCCCCGAGGATCGATGGTCTATCGAGTGCGTCACATCTTATCATTCTAGACATGCGAACTCATTTATTCGCCTGAAAAGAACTACGTATGGTAAGCGTTTATCTCAACAAAGTGGAACAAAGTTTGGAGTCAAGGAAAACGGATCCGCGAGGGATGCTTCATTCGATTCTCAGCCTCATTCACACTTGAGATTTAGGACCTGCACCGTGATACGGCACCAGACCTCCCGCTCTGGCCCCGAGCGAATTGCGCTAGATAGTTCGGATTGCCCAAAGGTCCGTGGAGAAGCTACTTTACCCCTGGCTTGGTGTTTCTGATCTACTATTTATGCATGCGGGGTCCTCCCTTGGATCTGGTAGTCTATTTCGACACGTGTTAGGTAGCCAAACTTAGGGGCTTCCGCAGTGTCCCTGCTTCCTGTAAACAATACCTCCAGTTACCTTTTACATCTTATCCCATATGCGCAGCCCAATTCGCCCGTTTCATTATAACCCAGACATGGCCATCAATGTCGAGAGTCCCAACTGAAAGCGAGATGGACCTCATAGGACTATCTCTGTTGGCCGAACGCAGTGGGTATTAGGTGGTAGTAGGGTCGTATGTCGGGGGAGTTACTGACCGATAAGCAAGCTATGTCCGCCGCTGGTGCCCGTTGCAAACGCAAC,1887,50.93,Saccharomyces cerevisiae
SEQ_731119,GTAACCGAATATCCCAAATTTGAAGATGCGCTAATCGATATACTAGGGTGTCACCGGGAATTCCATACGCGCTACACAGAAGATTTGGGGGTCTGCAGTTAATCAGTGATTAACCTGGATATCTGACACGTGCTTAAGTGTCGTCATGGCTATGTTGGAACGCTAAGAGCCGGTTAGGCAGAGTTCTACTTGATTTGTCACACGGCATGTCATCACCATTCGACACTCTTGCCTAACAGGGTTGGAGGCGTCGCGGCAGGATCGACTAAACGCTTGCCTTCAGGATAAACTGACACTTCCATGGCTGCATCCCTCGCAGCCGCTCATACGCCACTAAGATCTTTCGTACTGTTTATTCCTGAGATGTACGTGCAGGTGGCTGAGATTTGATCTCGGTGGTCATAAGGTAGACCCCAGTATTCGTTGTGACCCAAAGTAATACTTCGTGGGAACATTTCCGGTCGGATTTCAAGCCAAATCGGTTCAGCCGAAAAGAGCCTGCGACATGTCAAGTTTAGGCCTGGTAAGTTTTTGCTCAACTGGTAAGCACTGAGCATCCTCCAAAACGTAAAGCCTTCCCTGACCTTGGACGCGTTCCACCTTAACCGGGACCGACGTTCGAGAGAGTATAAATTTCAGACGGGTCCTTCAAAACCGCAACCCGTATACAGTCCCAGCGTCATCCACTGAAGGTACACCGTGGTGCTGAATAATTAGGTTCATGGCCCTACCTGCCCAGCTATGAATCGGCTTCCGACAGTCAACGAGTTGCAATTACGTGTGTTCCCTGATCCAACCGTCTACGTGGTGCTGTGCAACCGACGCTATCGTAGGCGCGCGGACTTCTCATACGATCTCCCGACAGTTTTCTCACACCGGAGGCCTTATCCGTGACCCTCACGGCCCGAAGGCTTAGGGAAAGCCGTAATTTGATCGTGTATAGAAAGGCATGGACTCCCGCTTGCATCGATCGGTACATCCTCCACGCAGCTCCGCATTGCATAATGAGGGGCCCCGGCCAACAGGTTTGAGCGTCATAATGAGATAGGTATGGCTTTTATAATCTGCTCAGGTATTAAGTTTACGCATGAATGGGTCTAATTCCACGTTTTCTGTATGTGATTTTGGATCGGTGCCTCGTTTGACCACCAGTATCCCGCGTCAGCCTGGCCGAAAGCGGCGAAACGCGCAGAAGAACGGAACGAGGTTATCGGGCATATGGTCGTGTATTACTTCTAAGTGATACAAGGCCCGGACCCGCTGGGCAACCATGCTTAACTCGCCCGGGCAAATTGGCGGACGCCATGTTGTGTCATCAATGATGACTAAATGGTTTAGAAACTTGAAGTCTACCGCCACTCATAAGACTAAACGAAACCAAAGGACCAGGACCTCGGCTATTGTGATCACCTGTTTACCAAGCAACAGTGACCGGTTGGCTCGGTACGTTGGGATATGCCAAAGCCCTAGTCAAGGAACATAATACAGCCAGTCAGTCGATACCTGTCTTAATGAGGTCGTCTTAGCAGTACGATCGTGCGTGCTTAGTGCGGCCTGTGGTACTAGAACACAACGGCTAAATCCCTGTCGTACTTAATCCATCTCGAGTCTTGACGATATGATAACTCACCCGTTCATGAGGGACCGGGTACCCGGCGGGGATTGGGGGGTAAAGAAAAATCTGCACCTAGTCCAAGACAACCTTACTGACCTAAGGATGCAACCCTTCTATACTGTAGCCTACTTTGAGTAAGAAATCTACAACCAACCCACATATCACGGTTTCAACAGATTGATAGTCTCTAACTGCCTTAACACTCTATGACAAGTACGTTATGTGCGATAAGTGGAATAAAGATCGTGTTCTCTGTATCCCTGCCCATATGATGCTAGCGTTTAGATCCCCACCCTACCACAGAAGGACGATAGAAGCCGGAAGGGTC,1943,49.46,Arabidopsis thaliana
SEQ_181530,CTAAGCGATTGCTATCTCCTATACCAGGGGTATGTTGTCTGAAGGTGAAGTGTCACTAAGTTAAGCGTAATAGCCAAAACTGCA,84,42.86,Drosophila melanogaster
SEQ_599383,TTTTAACGTTCTTAACCATTCTAGAAACTCCCGGCGGCATCCACAATAATCGCGGTTGGTTCAATAGGTTGCGAAGCTCTGGACAGTTTGTGAATATATACGGGCATTAGGCTCAGAATTAGGCTATTAATAATCACGGGCGTGCCACTGCAGCGGTGCGCGAACCCACGGGTTGACGGACGAGAACCGCGCCTTGTGAATCCTGCGAGTTGTCCCAGGGCACCGCAGGAGGGTTACGCAAGGCAGGATAGCACGTGGCAAGTGGAGCAATGGCTGCAATTACGATAAAGCCAGAATCGACACAGGTCGTCGGACGGTTTAAGGGTCGAACCCTAAAGGGGGTGACAGTGTCAAACCGGCAAGAAGCCGATGACTACTTGACTGAGGGCATTGATAGACAATTCGAGGCGCGCGCTTAACGGTGTGTGATAGCTAATCAGATATATTTAGTTATGGAACATATACACGCCTTTACCCCTGATATGGAAAGGGTACCCCTGCACCTATCAGTTTGCCCCGGGACCCCTTCGCAAAAGACGGTCTACATTGCAGCCATAGATAAAATCAAGTCTGTGCTAGCTCCGATTGCCCAACACAACAAGCCAAAGTGGAATTGCCTAGCGTCACCCCAAATTTGCATGCGTGCTCCGATCGTAGAACCTCTTAGTTCAGAACTAAAGTTCGGTTGGTAGAGTAAAAGTGCTCTATACTAAAATCTACCGCGAGCCAGTTGAGTGACGAAGAGGGTACACTGAAATACGCTTTAATGCTATGTGCTTACCTCTAAGCGCCGATGCTGTCG,802,49.63,Homo sapiens
SEQ_143321,TGACTCAGCGCAGTCACGGTGACGAGACCTAGTGTCCATTCGTAGCCTTCACGGGCCGCTCCGGGAGTGAGTGTGAAGTTCCTAAATCATTGGCAATGTCCAGGGGACGAATATATTCATACATCCTTAGCGACCGGACTGTGGGGGCATAGGACGCTACCTCCACCGCCTCTAGTTACAGCGGTAGTAATGTGTAGCATTGACAAAGTCTCACGGGGGACCTCAACAGGCACCTTGGAGCGCTAGGTAACTTGCCGTCCCCAGGTATCGGGATGTCTCTCCGTCAACAGAGAAGGACTGACCTACTATACTCAGGATCGGAGCCAATCTGGCAATTCAACGCCAATTCTTGGAACTTTTTATATCATTATTCATAGGAGTCGGACACGGGATTTAGAGAGACTACTCCCCGAAATCGACTTAACCTGTACATGTAGACGTATGGAAGCGAATTTGTATCTAACAATACTGTTGCAGGGACGACCGACTTCCTAGTACTGATTATAAGTCGAGTTGGGACTAATGAGAATTGCCATCTCATCCTCACCATATTCTATTGATTCCCAGAGTCGAAGGAGGGCCGGTTGAATTCCCTGTACCCGATTCAATAATAACAACTCGACGGTACACTCAACATTTACTAGGCTGCCGAATCTTCTGAATGTCCAAACTGAGTGTTGGTGCGGAAGACCCGGTTGGCTAAGGAATACGTTGCTTTAA,720,48.33,Saccharomyces cerevisiae
SEQ_326020,AAAGAACGGTTGCGGCTGTGTAAATGATTTTGTGGAACGCAGAAAGCGGACTCGTCATGAATCGACATGAAAGACCCTTGCATAAACGATCGCCGTGAAAGCGAACGAAGTGACAGGTGGGGAAATATGTAAGCTTGGAACGTGCTTAGATGCTACCTACCTAGCGCTTCTCGATCACTATAACGTATGGTATGCATGCGTAGGATTATTCCATGACTTGCCAGGACGATGCCTGTGGATTCGCTCACCGCCTGTGTCCCGATAATTAGAATTCTTGCGTAGGGCGACTGCCTGCCGCCCCAACTTACGCCCCTCTCTTCCACGGGAGTCTCCCTTTGCCCTGATAGAAATACAGACTTTAGTTACAAGTTGCGCCCATTCGCCCACACTGCGTTCTGATGGTGTCCAGATGGTAATACATCAGCGAATCTAACGGTGCCAGGGAGTGCCGCATAATCCATAAGCTCATAGCCCGTGGAGGCGTCGAGGCCTAGAAAACTTCAGCGTTCGGCAGAACTATCCGTCTTCAGTGCCCCGTTGTCGGATGCGCGGCTGGTACCGCCAGTGCCAACACACGATGCTTTAGTGGCAGCAAGGGAGGCGTTTCTCCGGTACAGATGAATGCTCCGTCATGAGGAATAGATTGGCGTCCCCTATGTTCGAGTTGCATACGTACTTCTCTCAAAACAGCCCCCTCCCTCGGTGCCAAGACGGGGGCATGGTACGTGCACACCGATAGCATTGCCAAAACTACCCTGCACTCATCTCGAAAGCTTGCGTTTCCATTCCATAGGATAAGCTGCACGCCCCTTGATTTACCCGGCCGACGAGGATAGATTATTACTTCTTATTGTAAGTCCCTGAATACCC,870,51.72,Homo sapiens
SEQ_198600,TAGCTCGATCAGACGGAAAAAATTTCCGGTATAAAACGGTTGTGTGTACGTCCTGAACCTTTGACCTGGCCCTCAACTCTGGCCTGACACACGGCAAACCATACTTCAGCGAACTTCTAGCTCCTTCCGACGCGCTGAATCGCAGCCAAGGGTGTAGACCTCAAAAAATGAAAAACGACACGTAACTCAGTATTGTGAGAGAACAAGAAGAACGTCTGAGCTGCGTAACAGACTCACGCGTATCGCGCTTCTGACACAAGGCCTCGAATATCGGAACGGGCACTGCAACTTCCCGTCGTCCGTAATTCCGACGCATGCACACGCCTTACACCGTCCGTGTATTTATATTAAGAAGACCTCATGCCTTCATTGTTTCTCATTCCACGCGGTGAATGATTACCTGGGGGTCTTTAGTGTTAACAAGTATTCGCGCAAGGCGAGTCCCCACTTCGCCGGTAAGCTTACCGCATCTTTCAAAAGATGTAAGCCCGTGCCCTTGCTGATGCTTCTACTCCTCGTTTGGATTAACCTAGACACCTGCCTCGAAACACATCATGTTCAAGGCATAGGAAAACTGCTGAGTTTAGGTGGTTAAGTTTGACTACTGCCCGAGTAAGACCAACTAGCTTCTAAAGCGATCCGCTATTCCCTGGTCACTATGCGAAACGCATTTCTGACTGTTGCACACAAACCCTCGCGAGCTGTGGAGTTTAGGAAACAAGATGATGAGAGTCTACGGGCGTGTTCCCTTAGGGCCAGGATTGATTCAAGCTAGGTGGAAGCTAATGCACGTAAAAGCGTAAACACATACGCAAAACCCTTATGACATTTACAGACCCCATGGCAGCCGGAAATCCCTATTCAGTCTGACCTTTC,876,48.52,Escherichia coli
SEQ_266339,CCTTAAGCCATGTCTGAATTGTAACTCAAATGTCGGTTAGTGCCGTACTGAAGAGGTAAGTATTTAGAGCTATAACTTCCAATGTCAATTCGTTAGTGGTTACTTTACGATTGCCCGAATTCTTGTTAAGCTGTACATTTATACGTAAAATGCTCTTCGTCAGGTGAGGCGCGATTATAATGGCGTGACCGGTAAGGTTCGGGTCTGGAGCGTACTCTCTGCCCAGTGTCGAACTCGCGCTTATTAGAAAAGATGGGGGAGTACATCATTGGGCCAAACATTGTTAACCTCCGATTTAAGGAGCTCACTACGAAAGCGGTTGGCTTCGGCCATACTGGATACGGCGATCTACGACGTCACATTAGCTTTAAGGGCTCACCTTCAGTCGCGACGCAGCTGAGCCCGTTCTAAATTTGCAAGCACGATACCAGACAATCTTAGGTTGTTTTCGACAGGTCCTGTCGCGGCGCGCGGATAGCGGGCGATCTTCCACGAGCAGTGGGACAAGGTTAGATCGCCATGGCGACTTCGAAGATAGGTTAAAACCCCTCGCGATTTATATTGGAAAGAGTCGTGCCTGGAAATTCATACACCTTACCCATTAACCCTTGCGTAGTGCCGACTAATAGGCGTGCCAAGTAATGTCTCTGCGTGCTGTGGAGAGTAATATAAGTGTCCGACTCCCCGGCTGAGACTGCCACAGGCCTGTTCGCTAGGTCCCATTAACATATGCGCCTTTTCGGCAGAGCAGAGTGAGACCGTTTAAATATGTGTCAAACGCGCTCCGCATGTAACCACAAAATGCAGAAAATGAGGGGAGGCATACTCTTATGATGTTCAGGCACTGAGCACACAGGTAGGTTGTCGGACAAGCTGAGTATTCCTCACACCTGGTTCAATTCACGGCTTTTCCCGCTTAGCTAAAGGTCCCCTATAGATCTTGATGACCCTTTCCGCCACATGGCATCTAGTGATGGCCGAGACTAGGTTACAACATCGCTTCATACCATTCTTACGCTCTTATGTTTATGTTGATCGGGGTGCCGGCTTTAGCAGATCTAGCCGGTCTCTCTCGTTGGCCTACCCCACGAGCTATCCGTCTACTAATTTGCCACGCAGTGTTACTCCCTGGGAAATCAGCGACTTTACCAAGGAGGGTAACGTGGTCGTCCGGACTTTCCTGGACGAGCACTCTAGCCTGCCTAGAACTCAACAGGTTATTCCTGTAGGGGTTGAGTTATGGATCTATCTGGTATCACCCATCACAAGGCACGTGTAGCGGTTAACTTAACAGGGAGGGCCGCCT,1306,49.39,Escherichia coli
SEQ_222163,ATGGCGTAGAAAGTTTCGAACCTGGCCATCCTCGAATATTACCGACTTAAACGGGCCTTGCCACTCTGCATATCCTCGGGCGTGATCGGCGGACTCGTATTATGCCATTGGCACGGACGGTTCCTAGTGGTGTTCACCCTGATACTAATGCCCCGACTTGCTAGCACGTAATATACATGGAAGTGGCATCTGTCGGGCTCTCCCGCCCAGAAGAAGTTCAGGTTCGCGACAGAGAAAACAAACGCATTTCTGGGCCCTTTGTTCGGCAACGGACATAGTAAGGCAAGAACTAGTCATCCGTTAGACTAGTGTGTGCAGTAGTGACTCTACTGAAGGCAAGACCCTAGTTATGTGGTCGTCGTCCTAACTCCCAGGGGCAGTGGCAGTGACAGCCGGCCATGCAATTTGGACCGCCTGCACTTGAACCGCGGAACAATTTGGAGGCGAGGACGACGTTAGATCATGCTAAGGGTTCCTAGCCATGTTATCTGGACCGAGTGGAAGGGACCTCCCCCTAAATCCGCAACTGATATAAGTCGGGGTCTAATTGTAACGTCAGTAGGCGATCTGAAGCAGACAATTCCTACAGCCTAAGACCACTGGCAAAGGGAGGGATTCAATCCTAAAATCCATGGCGACTGCATTAATTGACCGACTTTGGGCCCACTGGCGCTGTTATCATGCACTATTGTAATCCCAATACTAGAGGAACACTAGCGGTTTTCGGGTGATGACTATAGAAGGGAATCCCTCGAGGGATTGAACAGTCGGGCATCTTAACCGGGTACTAAAGTTTAGAGTCGAGATCATATCTTACAAGTTGATAATTTCTTCGCCGCACCGGCTTAATCCCAGGTACACTGCTGCGACTTTTTCATGCATACCGTTTTCCCAATTGGCGAACACCAGTCGAGCTAGCTGAAGCACCACAGGACGAGACCCCGAGGTGGTTACGACATAATAACGCGTCAGCCAGCCTGAGGAAGGAGCGCCCCAAACAGCTGGTCTGTGTTCTAATCTAATTAAAAGGCCGCCGATACCTGGTTTTTCACGCAGGGTTTCGCACATGTACCTCCACATGTAGGACTCCTAAAGGTGAAAACAGTCGACTACACGATTGTGCAACGCCTCCCTGGTGGTCCCGTTCATAAGTCCCAAAAGTTGCGGGAGGCTTATTTGAGAGGGCGTCGGGTCGACTACTCATAGAGAAGATGGCTGTTCTACTTGGTCTCTGCCGAGAACATGCGAAACGATTTTCTCTTAGAGCACCCAAATTACCGTTCGGCTAATCGCGGTGTTATAAAGTGACTAGCGCGGGGCATACAACATGCCGCATGGGGCGGATAGCACCACGCCTGTGTCTAATCATGGTGGGTCGATTGTTCACCGATGACATGCGAGAGA,1404,50.85,Homo sapiens
SEQ_257690,CCTTGTCTTGGGTAAAGCGATATCACCGCCATGAAGGGCGGAGGTCGCACTCCCCCATAGCTCTGGCTTAGTGCGCTGTGAACCCCTACAGAGGTGCTCGATCTAGAACGCAACCCAGAAGTTGCGTCCTTTCTTGGTCATCGTCAGTCCTATGTGAGCGGTTGCATACGGGCTTCTTTAACTACATGCGATTGGGTCATCGGTATGAGTGGGTGTTCGCAAGATCTTAGTCTGTAGTGTCACACAGCGACGACAACGGTTTGTGATTTGAGACTCGGGGGGTCCGCCATTTACCGCATAGTATTTGGTCACTACACCAGGTCACGGTTACCACAATGGGGCGGTAAACCAGAACAAGTCATATGGAGTTAATGTCTCGCACGTCACCGCTCTTGGTGGATATGAAATATTAACCGAAGGAATCCGAGGCCGGTTGATAGACTGCTTGCATACCACAATGACCTAAAGCTGCACCACTATCCATAGGAGACGGCTTGGATAAGGCGTTTTGCGTAGTATCACTTAATCAGTGAGCTGGGTTTGGCGTCGGGTCGTTGCCTGACTGTAGCCGTTCCCCCAAGTTTTCAGTTGTGAGCATGTATCGTCACTAGTGCCAACCGTTGCCTGATCTCGGACTATATTGTGAGTTCACTGGGGTTCAGCGATAAGGGCTCGGAGAATCAGCCAATATAGGTACGGTAGTGTTAACCGTTAATATCTTCCGGATGTAACAGACGGATTTTATCCTCTATGTTGTTGCTCCCTGCTCGCGTATGGCCTCTGGTCCACCCGAAAAGGGAGTGTGTTTTACAATTGGGTTCGATGTCCTGACCGGACGCTTTCGCCCTACATGTCCCTCCGGCGGCTGTCCTGCGATAAAGACCACGCACTTGTCATTTAGCCCCTCTACTGGTCTGATGCGACGCGGGCGTGTAATATCTTGGGCTGGGCATCTTCTGTCGTCTAAAGGCCAGGACCGCGCAGGTTACCTGGGAAGAGTGTAAACTGACCCGGGTTTCATAGGGGCATCTACATGCCGACGCCTGCCAGATCCCTGATCAAATAGCTGCCGCTGCCCTACCCATTGAACCTCCCCCATGCTTCTTCGGGGAAAAGAAGACTGCGTGAAGACCGCGCACATCTTAAATCTAATGGTTGAGATGGCTACCAGCGCTCTTTGAGGATCTTGGCGCCCCTCAAATTCAATCGGGTTTACCTTCTTTTATGGGCCGGACACTAGCATCCCGCGAGGCCGGCATTTCATCGATCAAGACCACTGTATGAAGTTTGTCGAACCTCGAGCAATTTCCTTAGCGGCCACATGAGTGTCTAATGCAAACCATAGGAGCATACAGTAACATGGGCTACTACTGCATTCCATAGTAAGTCACTTGCACAATGCGCTCTACAGCCGAAGTCTGCAGGGGAACCATGGGCAGGCAGATAAATCTTAGGTTACGGATCCTTTCTAGGAAAATATCACCCGTAATCGATGGGACTATGACAGCACTACTACTTAAAGATAATAAGTGCCCGCATTGCGATAAACGCTACAAATAGGCCGATTCGAGTATCAGATTGGGTGGGCTGTTGTGACTCTCAGACTCGACGCACACAACAGTCCCATCAGTCCCGAGCCCCCCACACCGCCCGTGACTTGGAAAGATGATTCTTAGGAAGACCT,1684,51.01,Saccharomyces cerevisiae
SEQ_163571,TCGTTGAACGAGGTGTTGGACGAGGCACGTTAGGACGACACGGCCCGTTGTTGTGATGCTCCTGCATGATGATAATTGACTCGTCCCAGAATCCATCGATAAGCTCGTGCCGTTACCACTAGAGAAGCTGTGAGGTCGCTCACTGGAGTTATGGGCTCTACTGCAAAGTGAGAGGGCGTTCAAGTGCGTTCAGCCCTAAGGGCTCGCTCCGCTTGGGGCTGCCTCCCCCGGGGCCAGTAGGACCGGTTAGCGTCTAGTCTTTATGCCCTGACGGCCTCAACGTGCTTCGGCGTTGGGGCTAAGGGTGATGAGGGCCCTGCTTATTATCGACAACGTAGTTGTAGGCACCGGAGTTCCATTGGAGGACCGCTCGGCAGAGGCCCCTCAGGGGGGTTGTATAATCAGCAGCCTCATAATGGCGTAGTCGAGGCTGGGCCGTTGTCGCGCCGAGCGTGGAGTCCAAGACACGGTCACATCCGAGCTCCAAGTTGCGGGTGATCGCCGGTAACACACGCCTGTTAGCTGACACAGTAGAGGCCCCAGGTCCAAGTGGATCTAACGGAGTCAGAGAGCAACAGACCTTCCTTGTAGATCCCCGTTCAGGTTCGCGTAGCTCGCTTTTGCAATCTGCTCCATTCCCGAGTACCATACAACTTCGTTCTGCCGGTCGGGTGAGAACGCATCAATCTCGGAATGCCTGCATTCCCAACGCCAGACAAGGATGGGTGAGCTCCCTAGCCGAACGTTTGATAGAGCGGAAGCATACTGGAGCTGGTTCCGTGAGCTTATCTTAACATCTAAAGACGACGATCACTGATCACATCGTCGGCGAGCTAGGGGGCCTGACCAAACCGGCGGGAGAATGATTTGGCAGATGACATACGTAGCGGAAGTTACATTGGGTCGAGAAAGGCCGTTACCAAAACGGCCTACCTATTGGCTAGACATCGTTAAGGGGAAGATTGGCTTCCCGCTGACCGCATTGTGCGAAACGTTTGACACGAGGGGTGCCGAATGCTTGCCTCAACATCATTGATATTATCACCAAATCACACTCATTAACCAATTAGTACCAAAGACTCAGTCTTTAAACTTCCGAATCGCGTTCGAGGCTCGAGACACCTCAAAAGCGTGGTGATTATCATGCGAGACTGGACACAGGTTTATACTAGCTGCATAGCGACTGACTAACATGTTGCTAACCCTCCTTGAGCGTAGGGGCTTTCCACCTGCTCAGGGCTTGAGGTACCTTTGATTCTACTCAGGCCACAGGCGTCATCCCTCCACTGGAGAGGAAATGTCCTTTGCCGGGGTCATTATTCAGCAACTTAAGGCGGCGCACCTATTGTCGAAGCATGCTCGGCCTTTGGGTACGTAGTAAGCTTCGTGTTGGGGTGCGGTGGACATTGTTGGGGGTAGATGAGCAGCCGGGACTAAATTGGCACACACCATAGACAGTAAACAGACATGGGAGGACTGACGCTGGTTTCCCCTTGCATGTCCGCCCAGGCCGGACTAAGGAAGGAGAGCGATCGGGAATTTCGCATCCCGTTCCAGTACGGCAAGCATATAGATTGGTGCAAGTGGCGTATCTCAAAAACACCATACCCGGGTAATTGTTACCCCAAGCCATTACGGACTAGCCGCT,1648,53.88,Drosophila melanogaster
SEQ_946926,CTACCTTGACATCGAGTATGTATCATTGGATTTGGAAACCTGAAAAATTTTGTAGATTCAGATGTAGAATCATAAGTTACTCAAAACTATCATGTAGGCTCGGTACCAATATGGGCATCTGAATCGCGGTGTATTAGGAGCGAGTAGTCCA,151,39.07,Mus musculus
SEQ_390384,CGTAGGGTGTACTTCCCCTCTCTTGCTGCGATTAACACCGTTCCGACGCGCACGTGGTCTAGATCCTCGTCATAGAACCGCGGATTGATCATTGAGCATGACCAACTGGCATTCTGCCTCACCCATCAGAATGTGGGGTTGACCCGGTGGATACGCGCGTATACGGTGTATTGGAACCGACCTTGAGGAGTACACCGTAATATCCTTCGACTGGGCTATAGAATCTGCTCAGGTAACTCTAGTAGCCTACTAATCGTATACGCGGTGGAAGAGGTGGTATCCCGGGGACTGCCCCGACCCAACACTTCGGAAATAGGCCCGAGTCAAGCGATGATGCCATACCACTGTACACGTGCGAATGGCTTTCAGAAGACTGTTAAAATGAGTCTGTATAATGCATACCGCACTAGGAACGTATTACGGCCAAAGGAGATATCGGCCGTGACGACTACTTTTGCCAGACATCCGGACCTGTCAGGCAGAAGCAAGGGCATTGTAAGTGCACACTACAAGACAGCGTTCGAATGTATGCACGAGGACAGTGCGATAATGGACTAATCCGTATAGGATGTCGGTACTGGTAAGAGCGTCTGTGACATTATGCTTTGGGACCTGTTTTACCAGGGGAAGGTCGGCCAAACAAGTAGAATCATGTCGCCATTTACGCCTTCACAACTACAACGAGGCGTCAGCCCCCACTCACTAGAGTATCCGGCTCTGGCCAGAACTCACAATGATGCCCTCCAGGTTCCCACGTTTTGGAATCTGTCCAACCGGATCTTAATGCCGTAGGCGTATCCGAATCTGAGTCGCCGATGAACAGACGCTATGGTGAGTTCCGGAGCGTCGTGCCGTCGGTGATTAGAGTCTGCATTTTAAAAGCTCCAACATCTTTCGCATTCGACTAAG,909,51.16,Saccharomyces cerevisiae
SEQ_201388,GCTCTAAGAAACGTTACTGCTCGCTGATGGGCTGTCTCGTTTTGTCGGGGGGATAAAACGGGATTATGATTAAGAACGCGTCCCACGTAGCTAGGTATCTGCTAAGTCTTACACAACGTTCGCCTTAGAATCCAAATCAAGCCCACCCTACGCATTAAACACTTTCTACCTACGATGAACTGCCAGGATATGAAGGTCGCTTCATAGCTTAAACAGACACCACAAATTTTTAGAATGTGGCTAGGTGACTCAGGGGTGCCTCCCTAGATAATCTCGGCACGTTCCGTTCTCCCCGTATCTAGTGGAGCGGCTTAGCCGACGCTTTCTGCGTTGACCACACGCAAGAGCTGGAGTCAAGTAGGGTGCGGCGGCTTTAATTCAAAACAGGAACCCTAAGTTGAGGGAATGATAGTTGCTTCTCCATCGTCAAGGCTCTGTACGAGAAACTGCTAGTTGTTCGTGTCAACACATGAACCAAGTTTAGTTCTGGGGAGGGACGTTCAGTCGCGTGACAGGTGCCGTGAGAAGTTTTATCTGTACTACTCGAACGAGTAACCGGGG,561,49.02,Homo sapiens
SEQ_504277,CATTGGTTTCGGGGAACCCCTTGCTTCCCAGATCCCGGGATCCATGTGCGGGCTCTCAGCCCGTTCCGGGCGGTGCTACGGAGCGACAGAGGGCGTCACCACGAGTATTTGAAGCCCCGATGACTTCTAGAGTGAGGTTGATACTGTCCTCAATTAATGAAACGAATTCGCGTTGGATTGCGCGCGAATCGTAAATACAAAAGCACTATCGCCAGTCGATTGGCATTCGAGGTACGAAACTGAGTTTTGCCGTGACATAATAACTTCTTTAACCCGAGGCAAAATAGCAGCGTCGGTTTCTGATTAAGAGCCAGTTTGCCACCGCTAGGATAATCTCCTTGCATGATGCGGCAGATTGACGTTCGCGCCGACAAACACAGTAGATCTTGATTGGCCTTTAAACACCAATACTGACGTCCTCTGTTTCCTTCAATTCGAGCCTCACGCCCAAAAGTTTCAGATAGACTGTGATATTGCCAGCCGGAGCATCTATAAGCTAGTTGAGACCGAGGCAGAATGTATGGTTACTCTGTTCCTGGCACGAGAAGTAGGCTAAATAGGATGACAATATAGATTCGGCGGGTCTAATCTAACTCTCACGCAGCCTCAGCTGACTACGCAAGTTTCGATCAACCATATGTGGTGTGCCGCAGCACGCGTTACTGTGATCGTGTTGGGCCTGTTGAAGGCGTCGGCGCGCTCTCACGTAAGGGTCCGTGGTCAGTGTGTTGGACTGCCCAGTGGTAGACATTTGTATTGTGACATTCAACGGCAGTATTGAGTCTGGGAGCGTCCCTTTAAGGTGGGGGAACCATTTTTCCTAACGGCTTAGTACGGATCTGGACATTGGAGACGTATGAAAGATTACGCGAATGCTGCGTTTGGACTGAGGACGTAGGGTCCTAGTCATACACTATTATAGTCGAATTCATCATTGGAGCAAAACGCGCCCTCTCCTGTTGTTAAATTCAGGCAATAG,979,49.54,Escherichia coli
SEQ_257355,GCTTTACAAGAAGCACTTTTACGCTTTCGGTGTCTTTGCAGAGAAGAGGCACGTCGCAATAACTCCGCAATATTGCAGGTGCCCCCTTAAATTAACTGGGATGAACCAGGTGAGCAGCACTGTAGCGCTTGGAGGGGTGCTAGTGAAACTTGACCTCGCAGTGCTGTTCGATTACAAAGAAACCGCGAATAGTTTGGATTATCTATAGGACCACGTAGCGGCCGTGGTCTCGTTCCTGTGACGCGCCGGGTGATCGTATTAGTGCGCCCATAGGGACCCAGTATCGGAGTGCTGAGACAAATCGTCCTGAAGTATACTGATAGTACATGGGCTCGAAAGACACACTCTGTGCCACCTTATCAGCCTAATGCTTGGTTCATGCTGGGGCACTGAATCACTTCCGAGGAATTTGGTGGCTTAAAC,423,50.12,Arabidopsis thaliana
SEQ_472551,GAGTTACAGAAGAAGTTGTCGTTACATTAGCTGGGGAGATGAGGGATAGATTCAACGAACATTTCTTTAGCTGAACGCCCATGATGGACTGGCTTGATCGCGTAACACGCGGAATAGCGAGTCAATACAGTTCTAGAATCTGTATTATGTCGGTCTCAACAATAGCAATGAAATTGGGGTCATACATGCGCGTACATTATTAACCAGATAGGGTGCAATGCTAATGGGGCGCTATAGGTATAAGGCGAATAGCAACACGAGCCGCCCGCAACTGCGATATCCCGCCTAGGGCCATTCGAGCGAAACAAGAAGACGCCGGTTTGATGAGGTAGTGATCGGCTTGAAGTGTCCTGTATGATGTGAGTAAATTTCTACGATGAGCCCGCTTATGAGTCAGCTAGGTCACACCAATGCGCCAGGCAAGGAAGGCCCGGTGACGGCATCGACGGGCATTAGTACATATTCACATGGATGTGGACCGTAAAACTGCTAAAAATCCTGCGAG,505,48.12,Drosophila melanogaster
SEQ_519263,CCTTAGCGTGGCGGCTTTTAAGACAGTGAGGAATGTTTAGAACCCGGCTCATCTCAGACACACTAACTGCGGTGCTCAGAAATTCAAAAATCGCGTCAAGAAACTTTTCTCCTGCGAATTCATCCAAGCACAAGTGGCGCCCCGGACGATAGTTCACTCGATTCTCGTCCGATCCTCTTCACCTCTCCGCTCTGAGTTTGACTCATCTTTTACTGTTGCATAGTCCCCCACGTCGATCACCACCGGTATCGGTTCGTCCACGCATGCCCTCTCTTTCTTACGTATACTCTTCTACGGCATCAACATATGGCTAGTCGCTGGTGGGTATGCCGCATCTCGGCTGAAACTCGTATTATCAATAGTACACCGGGGGAGCCGAGACCCAAACACTAGAGGACATCTGCCGTATATGCATCCGGATTTTCACGGGCGGTCTCCTAATGCATTCACGTGTGAAACCAGCTACGGGTCGTTTTCGTGCCATAAAGGGAAGCCGATGCCACGATCACTACTGGAGTCAACAATGAATTATACTGATCTCTGCTCCCCGACATACGACGGGATTAACTGCACGGACGACGAGTGACGCGCGCCCACAGTCCACGTCGCTGGGCTGACGCCGGCGAAAGAAAGCTGCAATAGGGGCGTATGCTCACCCCTCCTAGACCCAAATAGCACCGCCGCATGATGGGTCCTACGATCGCCAGTAGCTATGTAGTGCTCTTTTGCTTACGATTCACGCATTAGGTATATACTATGAGATTGACCCTTTTACCAAATTGCGCAGAGCGTTCCCGAACTATGTAGTGGCCCAAGCAGAGTTGGCTTGAGTTCCACTACCGTTGCAGCTCTGATAATACAACACTGTGGTGAGAAGCCCAAGATCGTATTAGAACTATCACATACGATCCGCCAACACTCTTCAAGCAATGAATAACGAAAATGACGAGAGTGGTATCCTATGCTTGTCTCGCGGAACGTCCATAAAAAAAAGACTGAGATGTGTGACTAGAGTCGTCTTTCAATCGGCACGCGGTATGTACCTTACAAGTTGCATGGACCGCGAATCTCACGAATCCAGAACGGACGAGAGCTCTATGTACATAAGTACAACTATGACATGAACACCCCAACGGGTGGTATGAGGGTTATCTCGTGCGCGAGCGTTGCCGGTAACAAGAGCCCGCATAGCCGCTGTTCGTAATCCCTCTCACTAAACCTAACCTTCTCAAAGACACTACTGTAGCATGGGCGACCCTGCTGTCTAGTCGTAATCCTATAGTTGAAACAGCCGGAAGGTTCAGTGAGCTGTAGGCGTTTCAGGATGACTCTCACGCAAGGGCACCGTTTGTCGATAGTCTTAGATCCTATCACTGACATTACAATTCCATCGTGTCACTAACTCTCGGCGGGAGAGTCTGTCGCGAGAGCATGGTACATCTAAATCCTAAAAGAACTTTTTGCCGCATGCTCCGGTGTAAGACCCGCATCACGCAAGCCCGTATTTGAGGTCAGGGTAGCGTAACGCGCACGAAGAGTTTCTGAGTACGGGCGCAGGCTTTCCGCATCTGTGGGTGGTGTGAGACAAGGGACGGTGAGCAGCCGGCGAAGCTAGCTGGTAGGTTAACGCTGCTACATCTCATTGCCATTGCAAAACGCGGAACTCGCATCTTTCGGGCCCCTTACTCTTACGAGTTTGCCAGGACGAATTTAGCCGGGGCCCTGAACGTAACACAAAGCAGGACTCTGATGTATTTGGGGTGACTCTGCCGG,1773,50.93,Arabidopsis thaliana
SEQ_703843,GCCCTCGCGAGCAAAAGTTATTCCCACTGACCCGTACATTCTCTTTGACCACGCAGAGTCGCTTTACGCACGCAACCTTGGGACTTGCTTCCCTGCCTGAATAGAGCGTCAATGGGTTCGACGCCGTCGCTATAAAGCTGCAGGCTTTCACGATGTTCCTAAACAGGCCATACGGTTTTCACTAAAATACAACGTCAGGGCCGAAGCACCACCTGGAGGCGTAGCATCAACAACTGCCGCCGAGCGGACAAAATCTGATGTGTTCTTCTCTACTATCCTGGTTGTTGTGTAGGGGCTGCAGAGACTTGGATCCCCAGGTTTAATCAAAGTCGGTCGTGCCGGACGAGGGGATGTCGTCTTAAACAGTGCTCAGTGTACGCCTTGTGGGGCCTGCGCAGGTCGTTGTGACTAAGAAGCTTCTGAAGGTTTGGCTTACCATCTGACCATAACCATTAATGTCAACAGAGAGTAGCATGAGAAGAGATGCACACGGAATTCCCCAGTGTTTCTGACTGTAAGAGCTGTAATACACGTGTATGCAAGCACTCCCGGGTTCGAGTGACCTTGCCTTCACAGACAGACAGCAGTTGTTGCAGTGGAACAGCACAACAGTTCACGACGCGGTGGTGCCTGTAAAATAAGAATGGTCATCTACATCCTTATCAGAACAGGAAAGCCCCTGTACTGATACAACAAGGCTTCCCTGTTATTTTGTCCTACGGGTGCGGTATCACCTAAATTTATAACCACTCGGTCAGCAGCTGACGTAGAAAAGAGTAATTTAATGGTTCCTGTGATCGAACACTTCCTGCAGTGCGATATTTTTAATAAGCTGTGCTACATTGATGTATACGAGACTCAAATTTCCAGTGATGGGTAGGGGGTGGGTGTAACATAACCAATCATAAAAAGTAGTATTGTAGTTAGAACTAATAGCAACCGGCATCACTGTTCAAGTGCGTGATACGCCGATCAC,976,48.05,Drosophila melanogaster
SEQ_328137,CGCGCCAGCCCGCTACACAGCTAAGGTTTATTAGCTTACCCCTTACCATCATCGTTTTAAACCCGCCCTCCCTAATTCTGCCCCTTTTCTTAGGATAGTGTCAGACTATTTTAAGTGAAGTAGCCCTGAGTCATGTTCGTCCGTTGGTATAATCGAATAAGCGGTCACGGCCAGCGGTGCTTTCTGCCCTATCTCGCTGGAACGGTGGACGAAGACAGTTTGTCAGTACTTAAATGTCCGGCCAAAGGGCTGACCAATTGAGTCGGGCATGGCACCCCGCTCCCAAGTATTGGATAGAATTTCATTCCAGCAGCATGATGAATTCATCGATGACATTCTATTGTGACATATGACCGGCAAGCGCCAACCCGGTCAGCGTAGCGCAGTGTAATATCACAAATAGGAATTACATCTGGCCCGCAGCATCGCTCGACTAAGTTCATTTAATCAATAATGTTCATTAGATACAACATAACACTGTTGCCACAAGCACGTGCGAATGCATTCCGCATAGAGTTCAGGAAAGCGAGGCGTTATTAGGACTCACATATACTTCAAGGGCCTTCTAATCGTCGATGTGTCATTTCCAGCGGGTAACGGAAACAATTGCCCCATAGTCTTCATCATTTCAGCAGCACTCGAAACAGCTAGTGTCCAACGTAGAAAGACAATTTCCAGTGGCGTAACATCCCCGCTGTTAAGGGCTACGAAGTTCCAACGTATCGCGAAAGGGCACTTCGGTTGTCCAGGCTGCTCCGCGTTACGATCGTATGGCTGGTTGCGGGAGGTGGGACTATGCAATCTCTCTTCGAAGGCTAAGGGCAAATCGGAGCACAAGCTAATAATGCCATTGCCAAGCCAGTACTGGTATACAGCATGAGAAATGACATCTTCAGCATCTGCATGCAGCACGGTATTTATCCTAGGACTAGCAAAAGGTACCGTTGGGAGGGAGGTCGCTATCGACGGAATTTGACCGAGTGTTCGAGCAGAGGCTTCGGGTTTCGGTTGAAGGAAAGGCATGACGCAGTTTGATCTATGACGAGCATCAGGACTGGAATTGGATTTAAGCCCAAGGAAGCACGTGCAATAATGGGACGCCTTGTCTACGCCACGAAACACTGCTGAGATACTCGTAACCGTAGGGTGTGAGACTGATTCTGGACGCATACGTTGGCTTGTATGAGTGCGTATCTGACAACTGCGACTTCTGGGTGTGAGCCACCAACTACCACGGCACCTGGTGTACTTCTGTAGAGACACGTTACACTCTTAATCTTTTGAGGACGGGCCATCTTTGTACTAATCAATTCTTCTTCAATGTGACAACGTTGCAGCGATGTGAGTGGTCGAAGCTCTAAGATAGGGGTGTTGGCGGTAACAGCTCTTAACCAGCTGAAAGCGAAGTTACAAGATTCATTTAGCCTTGATCTCAGGGAGTCTGAAAATCGTTAAGCGAGTATGGGGCTAAAAGAAGAGAGGCGAGAGGATATATGGATACTGCTCAAGCCAATATATGTACCTGAGGGAGTTGACCATAACGCTAGGATTAACAAGTAATATCTCGTGACTAGCCACGTATCTGGTTTTACAGCAGGTCTCATCGCAAGACAAGTGTCGCCGCTCGCGATGGCAAACATGATAAATGATTCAAAGTCACTAACGAGGTCCTAGTTTCTCAAAACGTATCCGAAGCTACATCTATAGTCGACTCACGAAAATTAGCTTTCACACACGCGTTCCGAGAGGAATTGCCTCGATCGCAGATCCGGTGGACGCCTAGTGTCCTAAAGGTATAGTACAAACTCA,1809,47.76,Arabidopsis thaliana
SEQ_435183,CTAACCCATGTAAACGCCAGAATGGTTCAGCGACAGTATCCCAGCTAACGAGTTTTTTGCTGACTTTGGCATTGAGTTCACGAGGGCAGTACGGGGGAAACCTTAACAACGGAACTCTGTTAGGCGCCTTCGTGGCAAGTCCGTCAAAAGGTGGGGGTATAGAGAACGCACTCCAAGAAAGGTGTGTACGTTGAGACAATGTGCGTCGCGCGCCGAGTCTCAGTCGTTCAGCGAGGATTGAGAAAGAATTCAATCCGTATTCTACTCAGTTACGCTGGCGGGCCACCTGAGTTACTTGCACAAGTGGAATACCCCTCACCCCTCAATGGGAGACGTTCAGGCCCTTAGCAACTCGGACATGTCATCGTTCATCAAGGTGTTTACGGTGTAGTAGCTTCGTCCGGGTCCCCTATAGTTTTGTAGTGTAGGCACCACCGGGTCTAATGTCGTCTGGTCTCCAATCGCTATCAGAGTGTACTGGAGCAGGACTTTATTGATCCCGACGGCGGTGAGAAAATACGCCCGGTACTAAACTCAACCTTGAAACGCATTGGGAATCAAAGATGCGAATCGGACAAAGAGGCAACCCTTCGCGCGGCCCGCGTGAACTGCCCAACCAGACGGCAATGGTAATTACGCCAGATTCCTGGATACTTGGTGTCTTCAGACCCTTCGATTTGACGAGATCCGGTTTCCCCTTTTGGCCCCATCCGGCTTATAGTGTTTCAAAGTTGTCAACACCCCTCAAGAGTGCCGAAGATCTGCCTGGAACCCTGATAACTGCGACGAGTCTTTGCCGTCCTTCGTCGCACCACTTCCGGCATCCCGCAACGGATATAGGCGACTTGTCCATCTTATTGTACGTGTAGCTAGGTCGAATTAGGTGTCAGTAAAGTTGGGTCCCGTCACGCACCGCAGTTTACAGATGTACAGGGTAGCATACGTTTAGCTATTAAATCAAACGGTTCATATCGTGGCAAGCGGTATTACCCGTTGTCGTCCCTTAGAAGAGAGTGTGTTAAAAAGGGAGGAATGCACCGTTTCCCAACAAGTTGCACCAAGTTAGTCGGGGAGGCTACATGATATCAGGACTTTAGTCACTAATGTATTTATTGTTAGCTATTAGCCGTGCTACATGGCCTCAGCGAGCTAATCGGGCCTCTGGACCTAATTCTAACGACTGGTGCCGCAAACGTGGCCGAATCATGTCCAGCTTCACTAA,1222,50.41,Saccharomyces cerevisiae
SEQ_652537,TTTGCACAGGTTGAGGCCCGGGGTGTAGTACCAGAGCTTGCTAGCCAGCTGCACATCTCCGACCCGGCATGTACTTATCGTTCCTCCGGAGTCTCGGCACATGTGGCCGAGCGGGAGTGACTATTGTCTCTGGCAATGCCTTGGACTCTTAGCCGCTGAAAATTAGACATGCTACGGCTAATATGCCTTCTTGAACAACTATTTCCTATGTGGATCGCTCGGGATCGCGCAATGGGTCGTGTTGAGCTTACCATGGGTGGGGAGTAGAGGTGCATATTGCCCCTAGTGGGAAGATAGTCCCGCTGGCGTCCCTTTAGTCAACTATCCAAATTTCTATTCCTGATTACCACCAGGCTGACGTCGCTATGGTTATGTCCCCGTGTTTTTAATTCTGAGTTACACATAAAGTAATCGGTCATTGAACAGGGTGGCTAAGTCAATTAGTATAAGACGGTCCCTCGTGAGCTAGCCAACGTCGCCGTCCATCGGTACGCGTCCTTTTGCGAATCTCTTGCCAGTAATATGTTGTCTAGCTGAATAGTACTGATCAGAGCTGGCTAACAGTGACATGCCAGTGGGAAATGGAAACGGTTTAACGGACCATAGACTCGAGCGCTCTGGCAGACTTTCGTTAATTTCATCCGAGTGAGTTAATACGAGAGTCCCTAATCAGTCTTCTTTCCGATGCAGCACGGCACAAATTCGCAATCATCATAGGGGCATCCAAGGACATTATGACTGGCCGGTAATGAGTGTGTGGGGAGTTAATAAGTTAGTACGCATCCGGGCACGGTCGGCGCACACATATCTGCCAACCTGTCAATCCTGCCTCCAGGATCTTCCTAGGCTTCGTGGATTCGGTACACACCAGGTGCTTGGTGCGCCCCTCTTGACATCGGTGTGCCGGCACAACGTGCGACGGCTTTGCCTACCGTATCCCCCTATAGCAGATGATTCTAA,960,50.83,Drosophila melanogaster
SEQ_650863,TGCACGCGGCTACAGATAGTACCGGGCGGATCTGGGTCCCATCTTACCTTATGACCACGAAGACAAGCAATCTCGAACTTTCCGTCCAGCGGGTTGCGATATCTTCTCTGGCGCGCGTCGATCCACTCTTAATCTTATTATTCCTGCCGGGAACTAGTTGTTTTCAAGCCATGCCAGACGGCGAGCTTGCGACCACGGTTTCATAACATCCAACAATCAGGCGTCGTGTCTTGGTCGTTGATCCGTGGCAGACATCTGAGTTCATTATTTAACATGCACTCGCCCCCCACATTTGATTGGTTGACGGTGCAATGTCAAATGAAAGCTGGGTGTAGTAATCCGCAAGATGTTCTCCTTCCTCGATTTCAGCGCAAACTAAATACCCATCCGCAGGTCCCTACATGTTTGGGACGGGTTTACCGATGTCTCCGTGTTATAGATATTGCCCATCCCAGCTTTACATGTCGGCCGTCGCAATAAATCAAGCCAGTCCTATTTAATAGTATGGTTATGGGTTGCTAATGCCGCGCCTCAATGATCCAAGCCTGCATTCAGCGGGAAAGCTTCTGTCCTATCGCAGCAATTTGAGGGCTGG,595,49.75,Escherichia coli
SEQ_530622,CGACGGCAGTAACCGTAGTGCTTTGACGTACCGACGTGAGGATTCCACTCGCCTTCATTCAAGCAAGTAACTAGCCAAGTACCCCTTCCCGGTCCAGGCGCAGCAGTCTGTGAGGCATATGTTCGTTGGGCCTACGCTCCTTGAACTTCAGGCCCCGCGGGATCGCAGGACCCGAATAGGGGCAGTGCGGATCGCCGATATGATCGCATCTCTGTCTTTATGATTGATCGTGGGGACTTATACGTACGCCCAGAGCCCCACTCAATTGACGGAGTAC,277,55.96,Arabidopsis thaliana
SEQ_394983,CCTTCCGAAGGTGGTGGCCTCTACGGCGTTCGACCGGACATTTCGCGCCACTCCGACCGCCTAACAGAGTAGGGGCTCAACGAGCACCCAACCTTGTGGCAGCCAGCTCATTGATCCCCTCCGTTCAGTGGAATTAAGTTGCATTCCCTCGATGTGATTTGTTTTCCCCATGTCTAAGGGGACAGGAGTAAAAACATCTGTAGAGGCATAACAAGTGATACGTATCATTAGATTTAGTCTCACCTAATCTTCATAATCTCAATGAGAAGCCGGTATAGGACTTATCCATCCCTTAATCTGTTACGTAGTCGGACTTTGTCGACCCATCCCATAGGACTACATCCTCTCGCGGAATGATGCAGCGCCACTAGATACGTAGTTACATCTATTAGGGTAATGTAATCAATTTCGGAAGTCGAGGAAATGCTGCAAGGGTTACGCAAAGCCGGCCATAACGTTTATCCTCACGCTGCTTTAACGGCTTGCCGGATGAAGTGCTGCATCTCCACTTAGCCCCATGGTCGGACGTCCCAGGCCGTAGCTACTTGAGCCATCAACGCTCCAGATTAGATCGATGTGAAACGAATACAGGCCCCTGACTTGACATGCTACTACCAGCAGCCTATTTTGATACAATTTCTCCTGTCAGGCTATCACCCCCACCTAGAGCGTCCACTAATTCGTAAATGACATTGTGGCCTCGAACTGATTGATCCCAAATTAAGTGAGACGCCCAGTCGCTGCGACCCACAGCCAGGACAGCGTCCTCGCATCTACGGTCGACTTGTATTGAACGACGCGCCTAGGACCGAGACACGCCTTGGATGCGGTCCTTATCGGCAGACGATTGGCACGACCGTTACTTACATTTGAGATCTATGAAAGTATAACGCTGAGTTTAGCCGAAGAAGGGGACGGCGTATTAGCTGGAAGACGCAGTACTTTGGCTGGACCATCGTGTTAAGCACACAGTATCGGTTCACGATCTATCTACCCCCATGTTATGCGCGTGGAGCGCCAATCGTGACGTTAAAGTATATGGTTTTGTGAAAACTATGCGGGGTAGTAGAGAGTCTAGGAATATATAATAAAACCTGCGCACGTGTATCGTTGTGAGGTTCGTCCACAACATGACGAAGAGCAATCTATACGCGTTAAAGTAACCGCGTACGAACAAGACTACTACACTTAAATAATTTAAGAGGAAAGGCGCCTCCTCAAGCAAGAATAAATCATGGTTTACAGGTCGAGTACAATAAGATCCGTGACCTTTTGAAGTTCGACTAAAAGATTCCGGGTATTACTCGGATAACGGCCGCTCTCTGTATCAACGAATCCCGCAACTCAACTTATTTCGATTCGAGAATAGTTGTTGACATGCCCGGGTTACAAGGAAATAACGCTAGGTACATTGACCAGCGTCACCTCCGGCAAGGAAAAAGAAACCAATATACATGCAAAACCCGTTAACGTGGGTATCTATATATTCCCCGTGCATACGCTTCTATGCCCGTGCGCACACCTCGGCTGCGCGTTGAAAGTTGCCGGCAGAGGCTATCTCTAGTGTGTCTGTTCCCAACGTTTGTTGTCCACGAGCAATACTGGGTTCCCGACTTCTGATTCAAGGCGGGCAACCCTGCCCTGGTTGCCAAAACAATGCGCGCAGGTATATTCATGTAAACGCGAAAGCCCTACCTGCTTGACACCGAAGATGCTTCC,1719,48.63,Saccharomyces cerevisiae
SEQ_590612,TCAAGTGAGTGCATTGTTATGACTTGCTCTAGGGGTTGCCCATATCAGAAGAAGTAAAATCGTATGCCAGCTCGAACGCGTTTCCTACGTCGCTTACCTGGCTTACGAACCATAATCACAGGTCTGCAGAGATCAGCACGGGGCGGCACTAAGTCACGGAGACTACGGAACAAGACACCTCCGTATTACTCGGGCTGTCTGTTTGGGAATACCCCCACAACCTGGCTGGCTTTGAGGTTGCCATCAGTACATCCCCGCATATGGTCGCGCCTTGTTTAGACCCCCCACAGTCGTATTTCGATGCACCGCCTGTGTCCGTCACAGCCGCGCCCGGGATAATAGACCGGACGTCAAATTAGTCGATGCGGCCTGGAACGTGTACTATGGGAGATCCCTTTAACAACGAAACGTAGGAGGCTGTAGGGCGAGCCTTTTCTAGAGCGGCTAAAAGAAATAAGTATGGTCAACGGCGCCCCGTTTTCTAACCTGCATCCGTTCGTGGCTGTCCGTCGCTTCGAATCTTTTTAATCCCCCGACATATCGAAAGTCTCTCGATAGCGAGGACGAATGCCGAGTGCCCTCTCCTTGGGAGATTACCGGGAGTGGTACCAATTCGGGAAATTGGCACTTGGGCCCGTGGAATGCAGGTTCCTCCCGCCGGTTGTTCCAGCAGCGCAGGCTTGCCCGCTCGTGTCTATGGGCTTGCTTAAATGAGAACGACCAGCCGTGGGCGCAACTGACGGGACATAATGATGCGCCCGGGGGTGATTCTTCGAACAAAGAGGTACCCCGCGCGCGATGAACTTGTTGCGTGGGGTAACTTCTGACCCTAAAAATACGTGAACATTTGTACGGCTGATATCATCCTCGGCGTGAGTTCGTTTACCACTCCTGGATAGGCACACCTTCAGAATCCACGGTACAATCGGAGCCATATCGTGCCGGACTGCTCTATGCGCCTTTCCTTAGCGGTGAGAGTCTGCGGGACTAGCTCGCTATGTAATCCTCAGAACGAAGTGTTTTTTGCGACAGCCATTAAACTCGGTAGGTGATTTATTTATTTACGGGTAGGCCAGAGTGCCCCGATGCCCTCCTTTGAGCTTCTTCCATTTCTGTACCTGGCGTCCCAAGGGCGACACGGTGGGTCGCCAAGAACCCGCTTACTATATAGGATGCGTCTCTTTGTCGCTACTGTGTCGCGTGAGAGGTTCCAGCACTTAGGCCATGAACATGACGAATAGCGGGTAGCTTTCACTTCAAGAATGACGTTGTATGATTGCATATAAGTACGGTATGAGGAGTTGCAGAAACGATACACGCCAGTAACTAACGCTCATTGTCCGCCTTCTAGTGGGTCCGCCTATCAGTTCTCCGTATACGTCTCGTAGGGCCAGTTGGTCGCTTGATTCTGTTAAGG,1417,52.51,Caenorhabditis elegans
SEQ_882749,CGCTTCTCAAACAGTTTAGACAAAACTGCGAAGTTTCTTAAGAAGAGCGTAAGGCATGTCTATCCTCTACATCCTTGCCCCACGTCGTAACAGTGTCAAGACATTTCCGGTACGAGGCCCCTACACATAAATGCGTATGTGGCACAGAGAGCGATGGTTGACGCGCGTGACGTCGCGTACCGGGTAGGCTCTCCCTGCACAGCGATAGGGGATCTATAGCGAATCTGGCTACGGATCTATGATATGGTGCCCAACGACATTGGTCGTCACCGTCGCTCATATTATGCGATTGCTGGACAAGTATAGAATCAGGGCCCCATTCATGTAGGGCGTGGTGTGCGGATAACCCTGCGACTTTCTGATTCGATCCGATGGATCGGGCAGCCCGCAGACTACGTTCTGAGCGACCCCCATTAACGGGGACGTCGGTATGGTCGGAGCGGCATGACTTCGTAAGGAGTGGCTTCGAGAAGTAGCGCCAGTCCGCGAAACTTTGCATCTCGCGGATATCGTTCTGTGCCTCTGGTTATGGCATTCTTTTTTCTAGCTCGTTAACCCAGGTAGCTCCTATTTCTCAGTAGACAGATACTAGTCAAGAATCGTCCAGCCATTAGCATATCATGAATCTTGACAAATAAAACCTGCTTAGCTATTGTGGAACAATCTCCGCATAAAAACGACGAAGGCGGCTATAGTCCCATTATCCAGAGTGTCATGTTCCTGACATACGTTCTATAGCCAGCATTCTCGTCGTTGTTTATTTGCTCTATGGCGCCATTGACGAAGCGGACACGTGTTACGCAACAAAACAAAACGCAAAAACTCTAATTTAGTTCACTGAGATAGGTCCCGACGCACTACAGTTTTGTGTAATCGGAATTCGATGACCCGGCGATTTACCGGTCATCCGGCTCATCACCGCCAATCGGACTCTCATAGAACTACTGGCGACCCACCTGGGCGGCCTTGAAGCGGTTAGTACGTCCGAGAATGATTTCCGGGGGGGCAGGCTGCATAGCGAGCACTAGTGGGGACAGCATACGCGCATAAACACGATTGGACAAACTTAAGGTACGACCTTTGACCGAAAGTGCCTTTGACGTGAATAGGGTCATCCTCCGCATTGTAGAT,1131,50.13,Arabidopsis thaliana
SEQ_446294,CGTTTCAGAGTTCATGGGAAGCTCATTTTTATGCCGCGATGCAGCGACTAAGCAGGGATTGCAGTTTGAACGGTCCTCCGGTTACTTAGTTCATGGCCGGGGGTATCGCTTCGGCATCGCAGATCGAGACGGCATGGCGTGCTCAGGGCATCAGTCCGTCAGGATTGTTCCACT,174,54.6,Homo sapiens
SEQ_165374,AAAATAGCTTAACATGGTATATAACTAGGGAAAGCTAGAACGTACTCCGAGTGTGCCTACCTTCAGTAGGAACTTATAGCTGTGCGTGAGCATGCACGACCAATTCTACTCTCGGCAAGGGAGTGCGTTTCAAATCTAGGTCTCGCTATGGAAACAATCGGTGATATACCATGCGGGTCGGATATCGGCTTGACAGTAGGAACAATCATCACGTAATGCGAAACGTGAATCTCCTATCTGAGCGCGGCATCACTAGCTAATTGTACGGGTTTTATAGTTAGAATCTGATTAAAAAAACGCCGAGAGAGCCGTTTTGCTGGGTTCGGGAAAACGCCTGTTAGCTCCACGAGACAGAGGAAGAGAGATGATGTGGGCCCCCATGGTTGCATGATTGCACAACCACAATAGTGTTAACACCTTAGAGGATCGCGTGAGGGTCGACCCTGAACCGGTACTTGTTCCGTCCCATCGAGTGAGAGTGGCGTTACGGGAAATGTGGTCAGGGAGTATGACTACAGTACCATAGTGCCATATGGAAATGTGCCGTGTTGCATTGCGTGGTGGCCTCGGCCACCAACGGATCCAGGCGCAGAGGTAAGCTGACGCGTCGTGCACTAGCGTGGGTGTGTTGCAACGCCCTGGGCAGACGAGACGCCAAATGCTAGAACCATGTCTGGCCGTTCTGCGCTCTAAAGCTGTAACTCCGGACCCCCAAGTCCCTGTATATTTTACAAGTAGTCGTTGGTACACCTGGAGCTGCCGGGGCCGGACATTAGCCGCTTCTCTTCATAAGGGATAACACATTTCTAGCTCCATACCAGTACTATCTATCAATGAAACTCCCAGCTGTATGTCCATGACCACCAGACCGAGATAGGTGGTTAAGTAATCATTAGGCTCCGTGGGAAATGTTAAATGAGGTTAGTCACCACAAGTGTGCAAGCATAACTGCTTACGCTATTACCCTGATCTCTCCACCGAACCGTTGTTACTAAGTCACACGGATAGGAAGTTCATTATCCGGACCTATGAACGCCGAATAGCAAGTGGCCGAGCTAAAAAGTCCTGTGACGTGCACGCGACGACGGATAGCATCCTCTCGAGTATGCATCTCAAGTCCCCGAGTGAGGGTTAGCAACTTTTCTCCTCCATTCTCCTGACGAATATAGCAGGGCTATTAAAGCGATGGTTAACTCGTTTTGGTTTTGCACTAGTGTGACTAACGTCTTACAACTATTGAGGGGTTTATTGGCGACCCTTGACTGGTCGAGAGCATGGCTAAGGCTTGTATGAAAAGCCGACTTTCTGTTCGTGTTCAGTTGGATTTTAGGCATAGATTATGGGCCTCTAATCATAGTGGAGATCCTGGTCAGTCTAATTGCCACTACGCTCACGGAAACGGGTTGAGCTTTCGTCTGTAGACAGGTTTATCAAGACCCCTGTCATGTAACTCGCTCTGTGCCACTACCTTTGATGGAAATGTCCATAAACAAAATCCTCTTCCGATTGTTCGATCATATGGGTAAAGTGTCCAGGACGAGGACGTTTACCGGGTTATTCGCCGGAATTGTACTATTCCCGTTATTGGCATTAGACTCA,1599,48.41,Mus musculus
SEQ_228919,AGGGGTCCTTCCAAACAACCTAAGAGGCAGCGTGCTCTTGATGCCTACCCTCCCGGACTGTGGCACCGATCTAGCGATCTACCGACGACGAGGCACGCCGTTGCGGAAAACGTCGGAGCCAATTCCTCAATGCGTCCAGCGTCGTATGAGTTTTGATTCACGGCATCTGCTAAAGAAGTGTGTGTAACTGCTGAATTCGAGAGCATGACGCGGCACTGGCCAGCATCCTAGAGATGCTGAGTGCACGTTACTTGCACATGTGTGCTTGGCTTTCCAACGGCTTTTTGAGCTGTCTTCAACTGTGTCAGTGGCCAAAATTAGCATCATTGGGCCTGGTGTACTGGACGTCCGTTAGCCGATCTGGCTGACCTAGCTGATAAAACTGCCCAACCCTTGATTAGGGAAATGTGCCGACCTCCGTCCTCGGTCCAAGACTCACTCGAACCCCGGGGCTTGAGGCATACTACGTGATTACGAGTTACTATGTTGGGCCACTTTCTTCATCGTGCCCGGGGACAGACCGTTAAAGTTAGATTCTGCCTGTTGTGACAACAACATAGACCGGGCGAAACGCGAATTATCGGATCATAGCTTATACAAATTGTGCCGCGAAACGGCGGACGCCTAAACCGGCAGGGAGAAGTTTCACTGTGGGCACCCGGACCTAGAGAAAACCTTTGACGGGATTTAGCCCTATCTCAGGCGGTCCAGCTGTCCCTAAATAGCTGGTGTTATAGTATAACAGGGGATCTGCCCCGATAATAAGCCCCCCCCTGTACACTCCAATACATTGTGTCAATCTGGAGAGCTCGACGTGACGAGGGACAATATTCTTAACTTACCAAAGTAATTCCTTGTGATTCAACGTCTACACTGCCGCGTGTGAGTGAACCCTCGGTATTCAGAATTCCGCGCGCCACACGGGATCTATATTTTGTTCATGTGGGGCGGTCAACCAAACATTGATATTCAATGCGGCGGTGTACTGGGTCCACTCCCACTGTCCTAATAGACAATCGTCTCCGTTAGGAGTTTCTTTGAGGCGGCAAGACGGATGTCTCACATGCTATGCATCCTGCAGGGTTGTACGCTTGGCAGAGCTTATGGCGCGTAGGCTTAGTGCCGCAATAACACCCACACTCGATAGTCTTCAGGGAATCTAGGCGACATACGATAAAACATCGCACACCAAGAGTTCTTCATTGGCACGCCCAGGGAGACGTTGGGCAAATACACACTGCTAGATTTGCACATCCGGTCGTCGGAGCCTTAATATCCAGTCAAGCAGCTCATCGTTCCGCAGGGGAGCTTCGCGAGCGAGCTAACCGGCAGTGTGCCGGAAATCCCTTTCGACTAATGTTTGCCTATTGGGGTATCTACGACGGGCGAATATAACCATCCGCCATATCCCAACGTTGCTATACATGTATCCGGACGAAAGGGCGATCCCACTTATGGGCATCGCTAGAGACCCACAGAACCTCTGCATTCGGCTGAAACTACATACGGTTGACGGCCTCTGGGTTCACCTGACATAAGATCAATTTAAATCGCGCAGAAGGCCTGTGAAATACGTCTTCGTTTTCAGCAGTGGGTGGAATTGGAGGGGGCGCGGTCTCCGGGGCCGACCACAG,1634,52.02,Escherichia coli
SEQ_301562,GCGCCACTACTTTATAATCTTCCCGTACTACTTGATCGCGGTGTGGGAGCGTGCAGGGCCTCCCTAGGGACAGTCTGGTGCCCCAGTTCCCACGAGCTATAGCGAAGGTAAAACTTGGAGGAATGTCATGCGCTTGGGACAAGTGTCAGTCTTATACAGCATCGCAGAGTTATACCCACACCGCCCGTTCCCGACGGCCCTCTGTAAACATTTGCTCACTAACCTTGCCCACAAGTAGGCATTATGGCTAGCGATATTTGCGCTTCTACGGGTCCTTGACTCCGGCTGGACCAGAATGGATGGAATGGATTTTTAGTTAAATCATGAAGCTGGAGTGAGCAAAAGGCCGGAGATAGCGGGCATACGAAAAAGACTCCACACTAGTTAAGCCGCCTTGACGAGATATATCTAGCACGTGTCCAAAGCCGTCGCATACGTCCCCTGAGGGGGTCGAAGCGAGTGCAATGGTCGGTTTTCGGTTCCTCTGTCATCGATTTACCGTCAGAACATAACTCAACGGCTTGCCCGAGCGTCCTCAGAAGGCAGACATAGAGACCCTAACACACCAA,569,52.02,Mus musculus
SEQ_841915,AGACCTGCGCGGAGGGTCGTAATTCCTTGCGGTCAGCCTGAATTCACCTGGCCATCGTGGTCGCTCGAACTTTCTTGGTAGCTTTGCAAATAGTTTCTTACACCCAGGATATTAAGCCCCGATCCCTTTATTGCCAATAGGACACGACTGGTCATGAGGTTCTTCACACAATCCACAGGCTCCCTGTCCGCGACTCCAAGTATCGGGTGGAAATAAGCTAACATGCCGGATCTTAGGCACTACTTGGGTGAGGTTTGTACGTCATAACCTGTCGCGGTAGGCAGCCTACCGACAACGGGACGGTCCTCCATGAGGAACCTAGCCATCCTATATCATACTGCCGAGCAGACGAACGCCCCAGCAAGTCGTTCTATTTTGTATCTTTCTCTCCGCCGATACATACCTGTTCCAGAGCCCGATTATTTAACCCGCCAGGCACGTGTCAGACCATCGTGTTGGAGAACGGGTCCATTCGTCAAATACTCACGTGTAAAGTCCGTAGCGGGGCATGTCTATGTTCCAGGCGCATGTTTCTTCATTCCCGCGGAGAAACTGCGGCCTGAATCATTTAATAACTGCTGATACCTCTTCATTATTAATACGAGTTCGGCGAAGTAGTGGGCTTGAGGTACCCCCACCACAGTAGTCTGGATAGTGGCAGGAAATACAACTTCGAGAGTGCCAGCCCTAAGCGATTATTTTCCTCTACATGCGCTCGGGCTAACTATATCCCCGTTGAGAGACCATTGGGATCGACTCCTCCTTGGTCTGGAGCATAAGGCCTACCCTCATGGGGATCGTAAGTATGATCATCGCAATCGCGTGGGACGCGAAATAATGGGCACTGGGGCCAAAGTCCCTGGGGGGTGTGGAAGTGGTTTAGTCAATCATATCGCGCAGCGCTATGGTTCGCCAGCTGTTGCGCCGGGGGGGCGTAGGCCGTTCGAGGGTAGAATATATTGATATAGCCATTGCACCTTAACCGGCGTGTAAAGGAATGTGTACCAAAGAAATGGACCCCTCGCAGACCAGCCTGCCTATCTCCACTCATCGTATAACACATTAGCAGCAAGAGACCCTACCCACGCGGACTCATACGCAGGGTAGCGCTAGGCCC,1117,52.19,Caenorhabditis elegans
SEQ_411399,ATACTTGCCTGTAGACAAGCGATCACGCCATGTTTCGTAAGAGGACTGGGCCTGTGTAGTACAATAGAGTTATGCAGATGACAGGTGAGATGATCATGTTTAATCATACCCTATTCGGCAACTTTAGGAATCCCTTCTAGGAGGCGTTACTAAAGCGTAACTATCAACGATCCAGCTCCACCGGAGGCCCATAAGCTGTTTGCAAATGTTTTGAACTTCGCACCGAGGGCTGCAATCCCTTATCCGCTAATCACACACCTGTACTAGCTCAGGACGGTTGACGTGCTAAGTGGAGCTCCAACAAGTTCAACCTGCTCCTTGGCGGTACGGGAACCGTGCATTCTTCAACTTCACCACAGTTGGAGCCTCCCACGTTCTAGTAAAGGGGGTCACAAGGGTTCGGGAAGGTGGATTCCACCTAACTGAGCGTTAATTGTATGGTGATCATGCTTTTCAAGATACGGTTGTGACAGCTTCAAGAAACTTTCATCCAATGAGGTATTAGGACCTTACCCAATAGATGGAGACTGGTACGTAGGTAATGAATAATCCTTATAAGCGCTGCATCAGGCGGCAACACCTGACTCTTCGATGACCCAGAAGGTAGTCAATCGTTACTGCGAGGCTTACCTAGGCTTGTTGGCTGCCCTCATGCGTGGCCAATATCTATTGTTGGGTTGAGTATCGCCTCTCTTACAACTGCGTGCCTAGTCCCCTTAGCCAAATTCATGCTCTCTATGATGTTGCGGGACGCTCTGTTCTGTGCACATCGTAAGGTACACAAGGGCGCAAGCTTTCGGATTATTGAGGCAGCCAATTCGTGCGGAGATATACGCGATACTTTCCTTTGTAACTGTCGAAACCGTAGCGGTGGGAGAGCACAACGGTCCGTGTCGACGTCCAGATTAGCCCTACTTAATGTGAAGACGACGTAGGGGACGCAGACATCGAATGTTTTTACCTGGGCTTACTCTTGATTAGAGATCTCCCGCGTTCATCTCGACCTCCCTGCATCATTATATCTTTCAACCTAGTTGCCTT,1041,48.41,Escherichia coli
SEQ_993805,AAACGATGGTTTATAGACAATCGTGGATGTAACGCCCTAGATCTCCCCGTCCAAATTGCCTCTCATGAATTTCATGTTATATGAG,85,41.18,Homo sapiens
SEQ_527488,TATTTGAGGTCGAGCTGATCAAAACAGTTCCCTTGTTGTTTCCTCTATTATCGGTTCGCCACGTTACAGAAGAGGCTCTCCGCGAAGCACCTTGAACTTCTGACACTGCCACCAACAGGCACCTAAAACACATTGGAACGTTACGTTCCCTGCTATGGGGCTAAAACACCGAGAATGTACAGTCGTAGCTTTTTTTAGTAAGCGGGCCCCCTGCCAAGTTCTAACTAGTTCGGGTTTACAAGTTTGTCGAAGAAGGGTCTACAGACTTTTAAGCACAAGTAATTAGTTGTCGCTCGCGTTCGGAGAAGG,309,46.93,Mus musculus
SEQ_546412,GATCCAGTTCAAAAGCCCGTTGAAGGAATTTGCCTTCGGACTCAAATCGACGTGTACCGACCCCGCATCGTACAGCCTGATTCCTTCATGCTGCGGCTTCTTGAATGTACTCCATTGGATATGATTTCACCACCTAATACTTTTGATGGTGGGCGATTATCACGGTCCTGACACCAGCAAAGGATTTCGACGCCAAAATAGAGGGCTTGTCTTCCAACCATGAACATAATTTGGACATGAGCTGTCACGCTTTCTAGCCGTCATACAGGCGCAATTCTCCAAAGATGCTTCAAAGAGGGCTGTAAGTCGCCTGATTAGTACTTGATCAAAACGGCAATCATACAGAAAGCACACTCGTGGACCGGTATTCTCTCTCAAATCACGAAGGAAGGAGCCGCATGGGTAGGTCTAAACCACCAGGGGACTATCATTATTATGACCCATGCATACATCAGAGTAGGGACCCAGTCGCAGTACCCTGCCTTCGAAATATAGAAATGCCCCTTC,507,47.53,Escherichia coli
SEQ_949601,TTTGATGATAAGTGCGGATGGAAATGGAAGGTATTGGTAGGATATTAGATGGTGTTAGCCCGGGGAAATTGCGTAACTGGGTAATGAATCCTGGGGGTTTTCTGCTTATGCTGAATTAGTGCGTCGTGTGAGTGATGCGCTTTTAAGCTTGCAATGGGGCTTCATTGGGGTTTATACGGCGGCATTCATCCTTCCGAACAGGTCGTTGGCCAGAGTGTGGGCCAGCCTTACATATCGTTATAAAGCCTTGACTGTTGGATGAGATGAGGAAATACTAAGTGGCCCAGCAGGGCAAAGTAAAAGGAGGCATTATATGGAGTTCGCATCAGTCGCGCAAGTGAACGTCTGTTGTTGTAGGTCCGTTTTCTGGCGCAAGATCTACACACCGTAGTGTGCGTCGAAAGAATAGCTACGGCGGACATACTGGTAGCTGATTGAAGGAGCATTGATAGCCACCTTCGCGCCAGAAGCATCCGGAAGCTGAAGACTTCATAACAATGGACTAACCGCGCCCCTGTTTATTTTCCACGCACGGTTTAGTGAAAGAAATGTAGGATTTAAGCGCGAACCTCCCCTTCTGGCATTCGCAGGAGAAGGCGAATCAGAGATCATGAGTTGCGTCGATCTTCGGGCGGCTGGTCACCCTTGAATATTAAGGCCACAAACCATTATGTCCATGTACCTATGCCCATATAAACGCACGTCGGCTCTAACAGTACATCGGAAGAAGCACGCTTCCTCCGCATGCTTAAATCCTTACGACCACTCCGGATAGGGCCTATTATCCGCTTCTACTGATGCTGTCGGTTCTCTAAAAGGTCGCACGGGAGTGCCCGTGTGGGTTTGCGAGATAAAGTCCGGTTGTATGGAGGGTAGACTAGCATGTACTCCACAACCTAGGCAGTAGGTTCCTGTCGCGATACTCACCCCACGCAGACATCTCTGGTGGAGGCGCAATCACGCAGAGTGTGGATTGTTCAACGACCCGACTGGTTGCCCATATTCTATGCCACGAGTTGACGGGACCGGTAAACTTGCAGATCCGGGGCGTAATATCCGGTACCGCTGTACGACATGAATTTCATGCATGCATCGTGACAGAAAGTATACAGTCACGAGAGCCTGGGTTTCTTTACAAGTCTCCATACAGTCATGTTGACGAGCGGGATACGACGCCAGTTAGCAACGTCCAGCCTCCAGTATGATGAGAAGGTCCGACGCGCGCCCGGACACGTCTTGCTGTAAAGCTAGTGCTATTTACGCCGTCGGTAACCCTTAATCAAGGAACCGGTTTTGCAGCGTCCACTTCCCAACGTGACGGTAGCGGGGACTAGGAACACGATCCCTAAGGCATCGAGCTGACTCACGCTAGTTGTCTACAGTCAGCGACAGCCGTCATCCGGAAACGCGTTGTCCATCGACGATGGTCATAGCCTTGTCGTAGCCGAGGGCAACGAGAGATGTCCAAAGCCGCCACTTTTTAAATAATGATATTGGGCTTCCACGAGGGAGTATTTGTACGCTGCGGTCATGCAGCTGCGATCTGGAACGTATATATGTCAGTGTGCTTCCTTTAATGAGGCAAAAGTCTTTTACCCATTATGATAATCGACTGTGCCTTGGGGTTTCTGGGCTATTTGGAGACAAGACCAGCATATAGTCCCGAAGAGTACCATATTTCAGGATCGATTCGGGTTTCGAGCTTGTCGTTCGCAAAAGCGTCACGAAGAGAACGATGATATCTGTAATAACAAGAGGCGCGGCTCGCCCACGAACGAGCAGCCTCGTGGACGCCAATTCTCTGGATTGACCCGTATTCGTCCTTCTCGTCTCCCTTCTTGGTAACAGAATACGTCGGACGTAGGGGATGCTTCATTCCAGAATTGTAAATTAATCGACAGGCGTTGTGCA,1911,50.18,Mus musculus
SEQ_829812,TGAAACGATCGGCTTATGAAGGACTTCAGAGCATCTGCTAATCTGCTCAGAACGTTAATCCTACCGCGTAGGGTCCCGGGTGGTCTTTGTCTCACTATAACAAGTCCGACGAAACTGATCTGTTGGCAAGTA,132,47.73,Drosophila melanogaster
SEQ_860853,GTCATCGTTCAGGGGGGTAGGTTTCTCATCCGTAGACTGTAGCTATATACTATATAAGCCCAGTAGCTATACGGCAGTCAATCCATGGCCTCGTTTACACATTAACGTGACACTTCATTCGACCTGAATCCTAAATCTTGTAGTTGTGATCCCGATCAAATTGTTGAAGTGTGGTTCCATCCGCCTCTAGTGATGCCTATATGTCTTAAGGCTCGCATAAACCACACACCAGAGAGACACTGAGGTGTACATGTA,255,44.71,Homo sapiens
SEQ_250237,CCATGAAGGCCGTCGCCCACTTTCAGGGTTCGGTTAGGGTCTCATCCCACGAAATCCTCTACGTCGTGAAGTGCCCGGAACTTTGGTGACCCATCCGCAAGTAGATAATCACATTGAAGACCGAGGGATCGGGGCCTGGGTATCCCCGTTATTTCAGGGGATCAACCGCGCCTCTGGAGACGTACGTTGGACAGTTGGAGGGCCAGGAGAAGTAAGGGTGAGTTAGCCCTTGGG,234,56.41,Arabidopsis thaliana
SEQ_412235,CTCTCCGGACCACTCTCTCGAAATCCCGACTGTAAGCGTTGTTAACCGACGTGCACCAGCACTTCTGCTGGAGGTTGGTGGGTTTAAGTAAAAATTCATATCCTAGGGAACTTTGTTGTGCCAATCCTGCATTAGTAAGCTATTATTACGAAACTATGCCTCAGCAACGAATTTGCAGCCTCTTCCGCTCCATAATTTCACTGGCTGAATTACCCCAAGTTGTCAGCAAGGAACTAGCTCTGTTTCACAGCTAACCCTGCGACCTGAGCTAATCTGTCGCGTTAGTACTCGCGGGCGAAAGCGCGTTCATTTACAAGAAAGAAGCAATATTGAGTTCTTCTCATAAACGAGCTTTCAACTTAGATTGGGGAGAAACTTATGTCAGCACCTGTACGACCGGACAACCGTGCAGTAATCTGTATCATCAA,428,45.79,Drosophila melanogaster
SEQ_537472,TAGATGTCGGCCAGGCGGTTACGCATCTACAGCGGCTCCATTAGGCAACAAATCCCAATTGGTGCCTAAAAGCATGGACTGGACTTCCAGCATGAGATAATATGTATCGTCGCAAGGAATATCACAAGCCCCAGTGCGTGCTTTTAACCTATCTATTTCGTGCTATCGGGTGTTATAGCGGAGGCCTGGACAGTTTCACCAACGAGTAAGCCGCACCCGCGTAGACTCTACTCCCATCGCGTAGCGCCAGCAGGCCTGAGGCGCGTTGTGTATTCTCTCCGGGGCTTGTCGAACTGGAATACTTCGTCCTTTCCAGGCTCGCCTCGCGTTGTGTCACACTTTTGCAGGCAACGCATTGAGTATGTCTGGCTTCACCAGATGTCGGCGTGTTGGGTCTAGCAACGTACTACCCTCCTGGCTGCTCTCGAGTCCAGCTCGTGCATATGTCGGTACTGGGAA,459,53.59,Escherichia coli
SEQ_473722,CATATATCATTCAGCGCAGCCAGGATATTTTGCAGCAGGTGGCAAATGGTCCCCAATTAAGCCGAGCCCTCCAGCATTCAGCCTTGTCGGGTGCTGAGATCCGATAGATCGCTGGCAGTACTGCGGTTTTAGGAGACTCTCGTCCTACCGTTCATCAGAAGTGTATTCTGGATGTCCCTTCCTTCGTGAATGGTAAGAACAGCGCATTCGCTCATTTTGTCCAGGAGTGGTACGTATGCGTTCATCATCACCCTCCCCAACTCAATTGTTTCTAACATGCTTTACGTGGACGAGTTCGTTGTGCTAAATCCCGGATGGGGGACATTCGAGGAACGTTGTACCATTCATCGTTAGCGCCCGCCGCTTAGGGGGTTGTTGAGCTAAATGGTGGGGCAGGCAGCATATATATTTACTTGGTGCAAACATAACGAAATTTCTGCGTTCGTTAGGTGCGGATTTTCGACATCAGGGATTTTGCCAGGGATAAGAATCCGGCCTCTCGAGGGATTGCTGTGAAAAAAACTT,525,48.95,Homo sapiens
SEQ_235749,GAACTTATTGTCCGACGTTAGCCAAAGTCAATGTCTATGTGTCGGATTAATTCGTAACGACCTTGACATCCGAGACACAACCACCATAGCAAACTCTGTGATATGTTTACTTGCGAAACAAAGAGTCGGATGGAGTAGCAGAGTGGAGGCGCGCGTAACTATCGACTACTGCAGGAGCGGGTTCCTTATGTATTGAATGTGAGCGCGGATGGCGGATCCGCGATCAAGCTAACAAGACCGTGGCAACTTAAGAATCGAGAACAATACTGCCACACCGCATTAAAGTATCAGAGACTCCGAGTCAGCGGTCAGTGAATGTAGCAGAAGACGGCCTCAATAGTGCACCAGGTCGGACAAGGGCCTGACAAAATGATCCACGCTGGAATCTTAAACCTACGTTGGTATTTTACTAGTGGAGGCATGGATATGGCGTATTATGCCTGAGTATGTACGGTAGACCGATGACCTGCCCGGGGCGCGCACTATACTACGAGGCCAGCGTACGATCTGCGAGGTGGTCTTGTCGATACTGTTCCGCACCGCAGCAACTATCGGACTTGCGTATTAGGCAGATATCATCGATGTTCGGCTGACACTCACCATGCTCTAACTGTTCCACAAGGCATTCCACGGACGAAACTCCATACAATTTGTGGTCAGTAACAAACACAACTATCTGGCTGCCTCAAAATTTACAGTGGCAAAAGTACGACAGTCTTGGTTAACTAATGAATTAAGCTGGGTTATCTTCTGAGCTTGGTAGATCGTTATGGGACTACGGAAAGCAGGAACCCCCCCGGAACCCTGGCACGAGTCAAACTGTGGGATATCCGGGGAGCTTTCTGAGTTGCAAAATTTTCTTGTGTCTTAACCACCGTCGGTTTCCCATATCGGTGTTTTAATTATATATCTAAGCACCACATTCACTAACTCCCGGATTTCGGACAACCGTCTTGAGCGTTGCCGCATTTCGTATCTTACAGCCAAATCTTTAAGTCCCGTCTGATCGCGCGCGTTCACGACAAAACGTTCACCGAGTTATCTGAGTAGACATTGCAGTTAATGTTGACGATCTACGCCCGGACCTGCCCCGGTAAAGTGACTTAATGACTGTCGAGCCTCCTTGTTATTTGCATGCTAATTTGGTTGGTCGCTTATTATGCTATACACGGAAGACAACGGCACGGGACACTTCGCGCAGAGTTGCCTTTAGGCGAGTAGTTCTGGGATCTTATCTTCTGATAAGGCGCACCCCCCGGTTGTTACAGGGATTGGGAGTTGTTCTAGATTAGCCGGATGTTGAAGCGGTCTGCCAACGTAACTTCATATGCTCTTTAACTATCAATAATGGATAGGAAAACAACCAGAAGGACCCGT,1377,47.93,Mus musculus
SEQ_979570,CATTATCCGCGCTCCTGGATCAATTGAAAGCGCAATAGACGGCCAATTCTCACAGGCCAAGGCCTGCGCGAGGCACTTCAGTTGGTCGAGGTTCTTTTTTGAACGCGTCAGTTACACTCTCATTTGTCTTAGCACCCGCTACCTTAGATCACCGAGCCCGTTTGGATATGGGTCGCGATTTCGATTGTAGGCGCATGATGTAAAGACCGTCGTTACCCCGGTAAATTCAAGTGCGCTGAAACCCGCAGCATCGCTTTGCCTCTGACGGCTCTGAAGTCGTCCGTTCTCTGAGCGACACTGTGTGGCTTGAAGCTATAGATAGGGCACCCTAGGAATGAGAAAGTGGCAGTTTGGCAGTAAAATGCAGAGTGTACTTACGTCTGCCGACTTCCTTACGTGGGAATCTACACCGAGGCATCAACGCTTCGGCTGAACTGAGACTCTGGGAAATAGCAATAAGATTCCGCATCATGCAAAGCCGTCAGTGTTAGTTAGGATTACGAGAACTCTCTGCGACAAATGTACCTTCCGAACCGCCAAACTCTGGACTAGGGGGATAGTGGTGCCTTTGGATTCCACGAAAAGTTTGTCGGAACCCACCCCTTACATCGTAGGGGAAGAGCGTGGTTTCGCTAGCAAGCCCGAT,646,51.08,Mus musculus
SEQ_202835,CACGGATCGACGCATGTAAAAGCATGAGCTTTTGCCGAATCCGGAGCGAATAACGGTTAGCCATGGCTGAGGACAATTAGCGGGGTAAGAAACCGGAGAAAGAGTTATAAATGGTTACATAGAAACATTTAACACCATACGTGGAGCCCGAAGCTTCTCGACTACGAGCAGTTTTAAACGGGATTCAGTTTATAGGTCGTTAGATGTACGTACCATGTCCTAAACATTAGTACACTCTGACGATGTTTATAGGGTAATCCCACCACAAGGATCCTAGCGGTTTGCGCCTCGCTCGCTGACCAAGCCGAGAGACGGTCAACGAGTTAATCCAACCAAGGATAACAAGATAAATTCCAAGATGTCAAACGGCTAGTGCTTAAATTGACCCTGGCGTACAGGGTGTTGATGGGAAAAGCCCGTGCGAGCAGTGATCCCCGCTGGGAAGATGCGAAGTCGGAATTGGCGAGCCAATGTTCGCTACAAATCAACCCTCTGGGAAGCTGATGCAAGCCATAAGCTCAGCTGACACCGACTAT,536,48.13,Mus musculus
SEQ_138066,CTGGGGATTTCAATATGGGCTAATATTTATAGGGAGGTGGGGTTGGTGAGTAAAGGGACTGCAAGTAGTCTTCTAAACGATCGACCCTTCGAATCCAAGATCACTTGAACGGACTCGTACTGAAAACGGTTAGTGCGCGACATGATATAGACCGGCCGGAGCACTCCCACTGCTTGGCCAGATCTAAGCTCATTCTGCATAAAATGTACATAGCTCCATTTGCGAGTTCTAAGTCGGTCCGGAAGCGATTGGGGCGCCCTGAGTTCGTTCGTTGGTTTGACCGTCCTACCCATACGGATTCAATCATGTACGATGCCCCCAATAATTTACGATGGGTCTCTTATTCAGCGCCCGCGGGCCAAGATGTCTGATTGGTTTCAGAGCGCCCTTCGGAGCGCGCGGCCCCTTCTCTTGGGCTCTATTGCCCGATTCCCTGGTCGGCCATTGTTGTAGGTCTTAGCCAAATGACCGCATCAGAAAGAGTTTATTAAGGTTGAACGCGCTATTCTGACGCTTGGGGTTGTTCCCCTACCTTGGCTTATATATTGCACTAAATCGGAACGCGTGACGCAGGTTGTCGAAACCCCCATTTTCCCTGGGCCATAGCACTTATGTCTGGCCAAGCCAGTTGATATATGAGGGCGGCAATAGTTTCGTCATTTGTCGCCTCACAGACAGCTTGAAACAACAAGCTCCATCCCCTGACAGAGTCCATCGATTCAGTCCACGATTGTATAGGCCCACGAGCACTATCGTCATAAAGGCTACCTGGCACAGGTCAAGTCCCTGCGCGCGTGGGGTGAGCGCTCCTCTCCGGATCAGCATGAAGGCGCGATTGGAGCGAAATGGATCGCTCTGTACCGATTGGTAGTAGAAGCACCACAATGAAATCTTCCACCGCATGTAGATGCCTATGTCTGTTCTGCGAGGCGTTACATCGGGGGTGCCAAGTACAGTAGCTAGTACGGCTTATGGAGTGGTATTATGGGAGAACCTCCGGACCTCTTCCGGGGTTCTAATCCGTGAACACCATAATGCGTTTACAACAGCTTGGCCTGTCTCTTGCTCTTACGTCCGCCCCGGAGTCTCAATATCTTTACTCGTAGACCACATCCCCTAGATCCGCACACCGCCGAGGGCAAAGGCGCGATAGCCGTTGGGACCGTGTCACCTCATCGGTTGCAAGCGCGGTCCCCGAAGCGTTTTTATACCTTGGTAGAATTAAGTCTTTAATCCGTAGCATATGAAGCCCAAGTGATTATGTTGGATAGTAGCAGCCCCTAAGGAGATGAGGACCTGAGTCGCTTCCCGAGGTACTAGATAAGTAGCAAACCATCGCATATTCCCCAGGGCTGAGCTGGTGCACGTTAACATCTGTGAATCTTGTGGGACGACCCGGAGACAGCGACTGTCCAGATCATGGCGGACCGATAAGTCGATCTATTCTGTTTAGGGGCCAACAGTGGGCTTTGCATCCATACACTCCTGAAAGTCGGGGCTGCAAGGCAGGGCGCCTATCGAATGCTCCAAGGGCCCGTTAGGAAGTATGCCTGTTCTACCAATGACTTGAAAGGCAGACTTAAACAGCCTCATGAACCACTACGAGCTCTCCGGATTTTGTTCAGAGGACAGGCCCGTTACGATCACATGGTGGTTATACTAGAATTATCTGCCAGTATTCACAGGGAGGTATCTCCATGTCTACTACTGCTGCATGTACGAAAGTACACCGTTCTGACAGAGGGGCGATGCGGCTCTTCCAGAACAAAACAGCCTTTCTAGGTAATGACGAGCACTCCGACGACTTTTAATA,1813,51.24,Caenorhabditis elegans
SEQ_241600,AACCTACATCATCTAAACCACCCTCGCGGCAACTAGTCCAGTATAAAGCGTGGAATGAGAGGGTTAAGAGGCTCAAAGTACTGGGCGTGCAAATCAGGAGCTTATTACAACCGCATCCTAAAAGGCCGCCCATGATCCACCGCCAGCATAAATTCGGCTCAGTTAAAAAGTCAGAAGATCTGCGTACGGGAAAGGGCCACTCGACACAGCAGATTGTCCGTACTCTTCTCTCTCTAACCCTCACAATTTTAACGTTCAGGTCCAGATAGACGAGGAGATCGGCAGTCTGATGTACCTATACCGGAAGTCCCCCGGTCCAGACACAATATGTTACGGCTTCTGTACTTAGTTCGCTGGCAGCAAGCGGGGCGAGATAGGGTTGCACCCGACGGGTTAATCCATGTACTCCCTTTCGGGTCGCCCTGAAATTCGTCGGCTTTGTAGACGCCGCTGTAGCCGTCCGCGGAAATGGGATCGGAACCGCATACAGTCAGGACCTTGGCTGGGGTAATGTTCACTTGCCGATCCTCCCCTACACGATACGGAAACGGCCAGGCTAAATACTCATTTTTTGAGTGCCCGAACCCCGCGATGCTCACGCTTCACCGAACGTGTTGTCGGTAATGACAAGTCCCACTTCGCATGACGCTGTAGCGGTTATCTCCTTAGTAACAGCAAGGGTCGGTTCCAGTAGTAACGTGTTCTAGACTTACGTTCTTATTTTCCCCTCTTACAGTAGGTACAGGCGATCGAGGACTTGTGCCCGAGTGATGTAATGAAATAGTTGAAGCCGAATGTGCTTATCTAAAATTCCCCGATGATAATTGCCCTCGGATAAATCGTCGGTTATGTATTGGAGCTACAGACTTCTTCTCACTGAGTCTGTATCTTCAGTTTATCAGAAAGTGCCCATTTGAATTACTTTTGGTTGCAGGGGCGCTTTAGACTCTTTATGAACTTGGCTTCATGTTACGAACGAGGTGTCCGATGGCATCTCATCTCGTAAGTATGGTGTTCTCACCTTCATTCCTTCTATTCAAT,1041,48.9,Saccharomyces cerevisiae
SEQ_708220,GTATTAGGAGGGATCTAGAAGCTACTATGTAATACAGATAGGAAGCCTGGACGGTTGGGGCTTATGTGTCTCGCCACGACTTTTCCGCCCGTAAACCGGTTTATGTATAAAACTCCCGCAGCTATGTGGCCGGGTGGTAGAACAAAGACCGACCCAACTAGGGTAAGACCCATACAAGGGATTTCAGATATACATGGGACATGCACACCGTCCGGATCAGCGAGGAACTTATTTTTTGGGCGGCCATTGAGTAACCGGAGGACGACTTCTTCCGATGAGGTGTTCAACAGCGGGCCGGAGCACAACAGGGTCCTGAACGACGCCATTACTGGGCGTGTCTCCACATGGGCTTAGGGGGACGGTTTCGGCTATAAACTACGGCTGACAGCGAATTTCGACCCCACCGGATGGCAGACCGCAGACTGAACGGCGCGGATGACTGAACGTATTCCTACGAGTACATTACGAGTCGCAGGTAGTCGTCGCAGACGTGTTGTGCCGAGCTATGTACAAAGGCTTTCGACATCACAATATTGTCGCACCCGGGATGTTGTTCCTCCATAACTTCTAGAGCAGTATACGTTACCGTGCTCCAAAACGGTTTCGTTGGATTGATGTTTATAGCTGGGGGTTTGGCCTACACAATGAAGCAGGGTTATGTTGTATGATAGCGATCCTCGGGCGCAGGAACAGTCGCATCTGTCCCAGATCGCTTTTGTTAGCAAGATTACAAACGTCAAGCTCGAGTGTCATACACTGACCGAAATTGAAAGACCTCACCCTACGATGGTTTCAAAGCCTACTCAGATGCCTGGTGTCCAAATACTTCTAAC,833,50.54,Drosophila melanogaster
SEQ_329135,TTAATGATTATGTCGCGTGAGATGCATTAACAAATGTTGCTGGTGGGGGCCTGGTTAGCCGGGCTAGGCCGCGGCTGACTTAGCGGCACTGTTAAGCTCTACCCATGTTTCGCTCTTGAGTATATACGCCGGGCAAATATGCAACGATGGCGAAACAGCATGCAATGTCTTGTTCTGATGACATTTCGCAAGGCGCAGGTGAGAGCGAATATATGTACAGCTCACGGGCTAAGGGGATTTGTACAACCAACGTCGCAGCTGGTAGGCTATTCCTGACCTTGTATAGGGGCTACCAACTGCAAGATGTCCGGTGCGCGTCGTATGATACGCGTCCATGATATTGGAGAATACGGGTGCGAACGTCTTGTCGGGAATGCTCCAAGAGTCCCGTAACGAATCACGTTGGTTCCTCAGGTCAGCCAAGGGGCCGTCACATCAAACCTCTACGCCCCTCATTTGTAGCTCCCCACTCGGAGACAGCCTCTGGGATTTTGCTATTAAAAAGTGTCCATATTGGATCGATCAAGGTACGGTTCTGTGTCCAACTCCGCGAAATGTCCGGTCAACTTTCCCGCCGTGTACAGTATACCCATTGGGAGTTGCCCGGACAGTCATTACTACCTTTCATCATCACCCCGACTCGACCGCGTATCCAAGTGCCACCTCAGCAAAAATCAGAGCGCGAAAGCCACAGTGATGGGAGAGGCCCTGTGGCAGGCTCGCTAGGCACCGCGCCTAATTATTTGTCCAGAGTCTGATAAACTTCAATTCTACATTATACCGCCAGAACCGCAGGGCTCTTGCGGATATGTTCCCGGTGCGGCTCGTAAGGGTATTGGCGCATCAGAGTCCGAGCCAGTCTCCGTAGGGAGCACCGACAGGGGACGTCTCCAGACCAGTGAAATTATTAAGTTAGTGAACTCTCGCGAGCGTGGCCACAGCGGCTCAGAGATTCTTAAAGGATGACCGAGTGTTGGTTTCTCCTTGCGTTCACGGACTGAGCTTCTAGTATAAGGAGTTTAGGTCCCTCGGGAGATACGACCAGACCTCCCTGTATAATCTGAATATGATTCTCATTCCCATA,1084,51.75,Saccharomyces cerevisiae
SEQ_714241,AAAAAGTTCTGTGCTGCACAATGCTTATCTGACTGGCCCGTTAGACACTGGCAGCCTGCTTGCTACGTATTGAGCTCTAATATCAGTAAATGAGCCACACCTCGATGAGATCGCAGACGGTTATAGACGCTCTTTTTGGTTATATTTCATCTTTTACCATGCCCGGGTCATATAGTACCTGGGTAAGCCTTGACCCTGCCGAACCACGGATAACCGTGAAGGGCAGCATCATAGGTAGCTTATGCAATTTTTCCGAGGTAACGCTGCGTCGTTAGGCTTGCCTGTTGGTTTCCGTACAGCAGAGACGCATATCTTGAAGGTGGGCTCCGTATTTATCGCTTTGTGTCTTGAATATAAGGATCTTTTACAGTCCTGGGAAACCCACCGCTCAAAGTCGTCTTCGGACAATTTCTACGTCATTCTGATGGGGAGACCACCAGGTCATCGCGGTACCGTTGACATGCCGTTAAGTCACCCAACAACGATTCGACGCACTCAGTCGGCGTACAGGCATACTAGCCTAGTCAGCTTCCTCCAGATTTCGTCTCCGTATTCCACACAGCTCATTCCTAGACCGTCTAACGCGTGATATGCTAGAATGACTAGAGTATTTATTAATGCTGAGGCCGGCTACTGGCGCCTTAGCGTAGAGTGAGACTAAATGACCCGTCATAACAGTTGTCGACGACAGTTTCGTTTTTGGCTACGGGCACAGGTACTAGTAGCATCGGCGTCCAATCTTTGACTCCTGCCGCTCCATCACGGCAGTCGACAGCCATGCTGAGATGAATCGTAAATGCGTATGTACCGGTACGCTCCGACCAGACGTTTCCTAGGTTGGCTGCAACGGACAAATTATGCCGCCGTCAAGTTTATCACCATCGACACAATGACCACATACAGTGACGATGGGAAAGCTATTTTATGATTCGCCCAAAAATAACAGTAATAAAGCGAAGTTCTGTGCTCTTTTCTCTTCGGTCCAAACTTTAACTCACGTCAACCGTTGCGTAGAGCCCATAATTCTTCTGATTGCGTTGTGATGTACATGATCGTTACTGGGGGCGTCGTCCGAAATCGCAGCAGTTTGTTAGGTAAATGTAGGATCCCTTTAACAGGCTCTGTCTGGAGCAAATCCGGGTCCCATACTTGTGTACCCGCGACGTACTCTTAGCAACTAGATCCTATACGTTCTGGTCTTTTGCGCACTGGGAG,1215,48.31,Caenorhabditis elegans
SEQ_237806,TCGGCTACAATGCAAAGGGGTCTGAATTTTTGTTTGAAATCCGTAATATCTTTGGCAAAAAGTTTGCGGGTTTACACACTAAGGATATGGTTCACAACCGTCCGTAGAACTGAACGTTCACTGCCATGGGACGAACTGACATTGTTACAGGTTGACTTACCGGGTTGCCTACCCGAAGACCCTATTTAAGAGTCTGAGTGTAGGCTCAATACATACAAAGCACTGAGTCTAGGTAGAGCCGCGGTGGGTTCCGTTCAACAAGAGGCCGGTCCCAGAAACTTTTTAGGTGCGACGATCGGAAGTCGCATACAGAGAGCAGGACCCCCGTAGACTTATGAAGAGCCTGGGCGCGAGCGCGCAGCCGAGTATCGACTATTTCCCGCGGATCTACGTCACGTTCAGTACCGTCTTAACGCGCTGTGAAGGAACCGAAAGCTCCGCGTCGTGACCCTCAAAGCGTATCGACAGGCGTGGATTTCATCTGGCCCTGCCTCGGGGCAGAAACAGGTAACACTTTAATTTGGGCCGCATTTCTGACCTCATGATCGTCCGTACCGTTAGACTATTTCATCCAGGTAAATAGCCGGAAGTCCTCGCCCGAAAACCATTGGATACAAGAATCGGGCGGTTAATACTAAACTGTCAGTACGCTAGAGATAATCACCCTCTCGGATGATTACTTTGGTAAAAAGCGAGCCTTCACACGTCAGCTATTGCACATATGGAACCGGACGCTCGGTGGATACGGTCATAACTTCCTTATTAGTAGAACGCTTTCAGAAACTCACGTCCACACCATCCGGAATGCTAGAAAGCTGAATCGCAAGGTCTGCCGTGGCAGGAGGCTTTTGGTATCGGCGTTGGTATGCGTTAGGACTGTAAGCACTGTAGAGTATGGACCTTTTCGACCCTCCTCGGAAGATCAGCGAATATATTTGGATGTTGGTGAGTTACTTCACTTGATACGCATGAGACATTAGGCGCTATAACCCTGTGGCATATTTGCTACACCGGTGTTCGTATAGCCGAGTGTAGCGTAAGGTCGGTACCCGGTTGCGCCTTCTAACCTCTTTTTGCTGCTTAGTCCCAACGACGCCATAATACTTTAGTCATACGGACATTGTCCACGCCCAGAAAGCAGTAGGTGAATGGGTCTATGCTCCCCACACGTTACCTTACCCATTTTAGATCGCCCGATCTCGCAATCGCGGTCGTGGGGA,1220,49.75,Caenorhabditis elegans
SEQ_464250,CTACGTAATTAAATCAGACGGGTGTTGATTGGGGTCACTTACCTCATCATTTTTCAGGTCATCTCGCGGCTGGCACGTAGGCAAGTCGAACGTTTCCCCAAGCTCGCAGGACCAACATGGACGCTACCTGCGTAGAAGAGTGTCTCTCATCGACTGCAGTTCTCTACATAGTACTCTGATTGGGTTAAAGTAAGGACTGTCCGTCCCCAGATAGCGCGTTATCTGAAGGGACTGCTGAATCAGTTGCGGAATTAATAACCTACTCTTTACTAGTGTCACAAGTTTCAGGATAATAACCTGCTCACTAACGGATTAAAGATCCTCGCCACTAGGGGTCGATTTGCCGGTATGGGTGATAATTGACCAGGTCGATTCGCAAGATGTAGAGAGGTCTCTGTAATGCTGTAGGACCGGGGACCTGCCGCGGGACGTTGTGAAGGTAGGCAATGGTGCATTGAGTCGTTTCGGCTAGTTCTCCTCTCGGACCATAAGACCGACACAGACCTAACTTGTTCCTGTATCTGTCTCTGTGAGTAACAAGGTCCAGCTCAAACGAATCGGGTGAACTCTAGATCACCTGTACCGGTCGCCCACAAAGGCTCCCTGCCTTTTCACGCCTCGTCTGTATCGTTTGCGATCGTACGGCCATACTGCCCTTAGGCGAGGCCGGAAAATGAACGGAGATATGCCGGTCGCTTTGTCGGTCAGTTAGTTGTTTCAGCTACCTGATCACATCTATTCTAGCCCTGGGCTTAGTTTTCACCCGTCAGTTTGGCTCGGTACTATCTACAATAGCGACGCTCTTGTTAGGGGTGAACCTATGTGTGTTAGACAGCAGAACCTCGCTGCCGAAAATCGTGATAATTGGTCCTACGTAGGGGGTCGTTTTTAGTATAAACAACCGTCACTAAAAACCAATTGTTGTCTCATATGAACTGTCGAGGGAACAGCCTCTCATCCTCCTCGTCCGGGTGTGACTTAGGGTCTAAGCAGTATTAGCTACGTGCAACAGATTGTTGCCAGCACCTCGAACACCAGCGCGCATTTTCCAGGGAAAGGTGCAATAGTTGTGCGTTTCTGGTGGTTTATTCCTCTTTAATACGACTCGGCGGGTTAAGACGAGCTAAGAGCATAATTCAAACGCCATGGTCAGCGCAATACCGCCATACAGCAGAGACGTAAGCAAATCACGGGCCGACCTCAGACATCCACCGGTGCCATGGAGCATTACGCGTACGCCGATCTCGCAGATAGTGGCCTGGTCTCGATGGGTGAGTAAATCTGACTTCCGCCAGCTAACAGCGAACCAGCACGAATGTTCGCGGGTAACCTTGCTCGTATGAGCCTGGAGGAGGTGGTAACACCGATGCGCGTTATGACACGCCTAGCAGCCAAGAGTTAGTAATGAGTCATCCATCGTCCGCACCGAGTGTATCGAGGACGGCTGCAGATGCCGAATTTATTTGTTTTCCAGCGTAAATAGGTAGTAATCAATATAATGATAGTGTCGGGCCTATTAGTGCATGTCTAGCGACTACAGCGCACGATCAAACCTTTTTCCGCGCGGACTAGTTCCCAACCGTTACTGAGTTCCTGAAAGTTATAAATAAATGGTGCTAGGATACTGAAAGTCACTAGACGATGTAAACATCTAGCCCAAAGGAGTGGCTCCAGCGTTGTTCATGCTACTGATTATAGGGGTAGAGGGAGACTCCCTGATGGTTCCTACAACTGTGCGGATGGTGCGATATTGTCCACGGGTCAGTAAGTCTTTCTTCATTAACCGGGTCTACCCCAGCCAGCAGGGACCTGCCGCTCTCATCGTGAAAGGTCCGGGGTGGTATTCTGGTATGTACTAAAT,1861,49.7,Saccharomyces cerevisiae
SEQ_227399,GGCTTCGAGCGATAGGGGGGCGCTTGCGTTTTAGCGCGGCAGTCAAGAAAACTGGTTGCCCTTTTACCAAGTGTCATGCTGGGGGCTAGGTGGTAGATGGGTCACATGCTCGTTTACCTGCTACTCTAATAGGGTACAGATCCGTTGAAGGATTACCAGGGTGCCTAGCTATCGCTTGACTCGTAGGCTCATACTGATGCGGTAAACAATTGACTCTCATAGAAACGTCCCCGATTTATGCCTGGCGAGTTGTGACTTTTGAATGTAGGGTCACGCGAATCCCCGCCTCTCGATTAGCGGTACTGTCACGGCTTAGCACCTTCTATATCTAACCCGTGTTGCCACTATTCCT,352,51.14,Drosophila melanogaster
SEQ_850663,GGTGAAAAGCGGACCGGCTATCTAACCGATTTCCTCTGGGGTGCTCCACTCAGAGTACAAAGAGGCAAGCCCTAATAGCAGTCCGCTTGGCCGTCAACTTGAGCCACATACCTCTCACGTCCAACCTTACGATGGTGCTCGACGACACGAGATGTAAGGAAAGATTGCGAACGACCAGCGATTCATCCCGCTGCGATTAGTGACCCCCTTTGACACTCCGTACTTTCCACATCGGTACCCCATACCCTAGTATACCTTAATGTTGCATGTCCACCACGGCGTCCGACTTGTGTGTAGTAGATCCCGGGTTGGCAGAGGAGAGCAGGTTCGTTATGCGTCCAAGACCCGGCATGTTACATGACTATTAACAGGTGTGCAGCCAACACCAACACCCACCAGGTCCGTAGCACGCTGTAGAATCTGCACTAGCGTACAGTCATCGAAACCTGAAGTCGGGGGATAGGTTCACACTTGCAAAGCGACTTGACGGCAATCCCGGCCTAATAATTTCTTGTCATTCTGAGCTCCGTACGTTGTCATAGATTCTAGACCACAGACTCCTGACATCCAGGAATGATGGCTCAGCTTTGAGGGCCAACGAAAGGTGCGGGCGTGGGCACAGACTAGCTCAGGAAGTGCGAGCAGGGTCATCTAGTGTACAGACCTACGAGCTAAGATTTGCCATATTAGAGAACTATGTTTGATAGACGGTAAGAGGTGAAGGCACCTAGCGGTCTGAGCACTATCCAGCTGAGTATCGCGCAGCTAGAAGCTAATAGGCGCGGATTTCGACAAGCCGCATTTAGATTCATAATAGGTGCTCGAGACACTTCTGTCTGTTCTCAGCTTGAGCCGCAGCAGTCTGGATGGATCAACCGTTGTCTGCGCGGAGTAGATTACCCCGTGAGTCGCTAAGAGCCCTGTATCCCACCACTACGGGAAGATCGACAGCAGGGCTAAGCACAACGGGGTTCTAGACGGCATGCCATGGCTCATCGTTATAATTTAGTCTCAACTTGTGTGTTTGGGTGGTGCTCAATTGATAAGTGTACACGCAGAGCATACCCAAGAAAAATGAAGAGATAGTTTTATCTCTAAGTCTCGATGTGCTGCGGACAAGCGGCGTGGACTCTCATAAGTTAGGACAGTCCCCTGAGCGCACCAACCTTGGCGGTAGTGCCTTCGATACTAAGACCCAATACGAGACCAGCATTTGCAAAGAAGTCAGTGTTACCAGCCTGCCTCACCTTCCAACGCGTTACACTGAATGGGAGCACCCTGCCTGCGTATGTTCTTAGTGCCCGCGAACCCCAAACATAGCCCGAGACATAGCCGCAAAAAGTAGAATACGCGGACCCACTACCGTCCTACGTATGTCCTATGATATGACCCATACGCTTTTCGCTCCGTTCCTTTAGCGAACCTGTTTAAGTGACGAAACACCCATGATACCTGCGTCCCTATTTACACATGGAATAGTGTGCTTTCCCACGCGTTCCGAAAAATACGCCACATTGATCTCTATCCGGATGCTGCAGTATCTTAAAGAGAGTTTCTGAAAAGACAGTGATCAAAATCGAACCGCCCCGAAGGGATAGAATTGCCGAGATACGGGAGCATCGTTAGATGAATACATCATTTCATATCGCCGAGTAACTTAAATCATTCCGATCGATATGCCATCATAATAGACGGGACTACTTATTGGGCTGGCAATTGTTCGAAGGCAGTCTTTCTTCGGAAGTGCTGCTGCTTACAAAATCCTCTATCCCTGAGCTACCAAAGTAACCAAGCCGTTCTCAGCATGAATACATTGTTCGCTTACTGGTTAGAGGTGCGGGCAA,1844,49.84,Drosophila melanogaster
SEQ_280948,CCTCAGTCGCTGCAATAGTTTTCACTTTCCCTGATGCGGTGTCAAATTCTGAATAGTGCCCAGCCGCCACGCCATATCAATTGCGTGTGCCAACCTGTTCCAATACCTTGCTTAGGGCAACCCCCTTTCTCTACGCTATGCAAACCTCCACGGAGAGCGAATTCTAAGTCGAAGCATCCTGGACGCGCGTCCGCTCGCCGACTCCAACTGATTTTAGAATTGCTTGTGTTTCGAGATTGTCTAACGTGCGAAAGTCATCGACTAACAGCTAAAATACATGAGATGGGATGAAGGGGTTTTGTGGCATATGCACAGTCATCAGTTAAGCAGCATGATTGTTGGGGCT,346,48.84,Drosophila melanogaster
SEQ_821532,GAGGAATATGAATGATTATCGACAGGATCTAGGTGTCCGGTAGTGATGGTTACATATGGAGCGTGCCGTTAACACGGACGCGTCAAGACCCCTAGGATCCCACTGAACGTAAATCGTTGGAGTTTACGATCCGTGTCAGTCTATGCGGACGCATTGCATACTTTAGGTTATAAGCATTTGCTACGATGTCCGCACCCGTCAAAACAGTGGCGTTAGGGAGTACAATAACAGAGGGCCCCCCTTCCACTGAGTTGGACATGTCCTGTTAGTAGGATCGATACCGAGCAGTAGTACGTTCCGCTAGAGATATGTTGAGCGTTCTCTGGAAACGTCGAGATGACAGATAAGCGACATCGGTTGGCAGACCTCACAGCCTGTCGGGCATGCTATAAACTTTAATGACAGACATCCGAGTATTGATACTTCCATCCTCCTTGATGGACTACACTTTTGGTCCTCTCGTATGAGCAAACTTTACGTTACTGGATTTGGCATACAGTCCATCTTTGTTTCTAATAGTGAATACAGAAAGGATGCAGTAAATATTGT,549,46.08,Homo sapiens
SEQ_768722,TCGTAAAGAACAAACATGCTATCCCTTCAGTAAGTAGGTATTGAAGACAGCCTAAGATGTGGACTAGTGTTTTGTATTTAAAGGCATCTCTAGAAGAGCAATATGGTTCAGCATTTTAAGCTGGTGCGAGGCTGTAACGTTTTGCAGTCATCAAGTAGGCATACTGGAGCACTGGTTAGATGGCTATTTCTTTTTACGTACTGCACAACGATTAGAACGTCCCTGAGTTTAAAGTCACGTACATTGAGCACCGTGCGAGGAAGCTACAAAGGACGGACCTCGGAGATCCCGTGTGAGCTTGTAGATGGCTGCGGAGCAATTCAGGGTAACTGCATTATATAGGTTCCGGATTAGTTGGAGCACCTTTGCGCCAGCTAACATCTATTATCAATGCGCCCTAGATTATTTGAGTTCTAGAGCCGTTGCCTATTCTTGTCCTTCTACCCCTACTAGTCAGGCAATCAGACTTACGCTCCATCCGTGCTTCCGCGTCGCTCTAACTGGGCGCCTTGAGAGCGACTCTTCCTTAGGTCCGTTAGGTCATGTGGCACAAGTCTGTTAGCAGACATATCCCTTTAAAAGAGGCAGGGTAAAATCATACCTTTATAAGACGTTCGGTTGCTGGGCGAAGTCCGAAGTTGTGATCACGCGACGGGATTTTTAGATTCTTTGGATGAGTCACTGCCATATGATGCAACCTCTAATGCCTAGAGGCCCATGATAGATTACGTGCCGGGAGATGGGTATAGATAGCATTACCTTCACTCAAAATGAGTGCTGAGTGCTTCCCGGTCCCACCATAATAGTGGTTTTCGTAGCTCAGAATTTCTCTACAAACTATGGGTAATCAGCTCTTTAGTGAGAGACTATCGACAAGTTAGTAATCTTTACTCAGGCTACAGACGCTGATGTCGTGAAATCCCCTGGTGCGCATGATCATATACGGCCTACTGGTAATATGGTACACCGGCGTAAACAATAGCTTGGAACAATATACTGTCCGAAAAAGCAGAGCTTCCTGTTAACCCGGGGCCCTAGTTACCGCCTTCAAAGACGGGACTTTAGCAAATCACGAGAAGCGCGTAACTACGCTCCCGTGGCCCCCTCGTTCCCTGCCCTAAGGGTTGCGCTCTAAAGACGAAGCCGTTCAAGAAACGCATGTCGGAAGTCCGGCCGGAGCGTGGCACCATCGCACACGCCTCGGCACCACAGCGCTTCAGTAAAGAGAACGGGACAGCCCTTAATCACCCCGTACAACTGTACGGTATGGTGGCCGCGGAGAAGTGCTACACGGCCTCATTTCTCTGTCGTTTTAGTGAGTAGTCATTAGGATAACTCCATGCGAATAAAGATATTGGCGGACTTACTAAGACACCCTGGTTAGAGGTCGCGAGGTGATGCGTCCTCACTCTCGACTCTTGATTTACACTCGACAGGATTTACTGAGACCGCATGGATAGTCTTGCTTGTTCTTTGTCGTTACCAAATAATCCGCCGAGCCGCCCCGATGCCTC,1514,48.41,Drosophila melanogaster
SEQ_118676,GATTTATCAGATTTGATGGTAGTTAATCGAAAGTAACACTTCACCACTATCACACCTTTGTGCAGTCTATTCATGACTTACTTGATCTTGAGCAGAGCCAATGGACTGTATACCTTCTTAGAAGGGAACATGGAGTACATTCTATTGCTCTTAGAGAGAGTGATCTATTTGCGGCCCTCGTAGAGGTCACCGTCCGCTCTAACTGTGCCGTAAACTCGGGAGGTCTACTGCGCGACAGATAGACACACTCTGCATATTGGCTTTTACGAAGGGCCCGAAAAATTTCGCATTTTCGTTAACTAATCGACACGAATACTGCTATGCTTGACCTTTCCCAGGATCGACAACTTAAGTGACGTATCGGTTTTACATCCCACATATTCCTAAGGCGGGGTCAACCGAAAGGCGTCAGGTGTCAGTATAAGGGTGAAAAGAAACTGCGGAGGGTGCAGAAGGGGGAAGTGGCGCTGGCCAATATAGCGAATAACTGATAGCATAAGGCTTCACTGATTAATAGTCACTGCCCCGACCATAGCGCAAAACTTTGAGTCAGACGGGTCGGCCAGAGCATGGCTCGGCCGAAGTCAGTTAACACCAATCACTAAATTGACGTCTCTCATTCACCTTGGTGGTAAGATAAACAGCTTGTAGAGCGCTTAAACTGAGAACGTGGTAGCCGCTTTGCCACCATATCACAGGTAGCCCCTGCAATCAGGTGATAACCATTATGTCCAGAGGCTGCCGCTAGCTCAGCTGGAGTGACCAGGACTATATAGCTCCGTCCATCTGCGAGATCTTAGGACATCCATCTTATAGGGCTTTCGCAAGAGCGCCGATTCGATAAATAGAGACTCCCAACCAGAGACCTTAATACCAGCCTAGAGAACTCCATGGGCCCCGTTGTGACCTAGTATCTATACAATTTAGCCAGCCGTGGGCAAGTTTGACTCAAAGTGTGTGAGTATCGAAGGAACGGTTTGATTCTCCACTGTTGGGAGTCCACAAAAGTGCATCAGTACAATCACCTTGCGATGGGATCTTACACACGGAAGCCGATATGACTCGGTGGGAGGGACTGACGGCCACAGGACTTTAGCGAGAGCAATCATAGGATATGCACGTGGTCTGAGGCAGATTACCGCTTTACAACCGTAATCCAGAGGGGCGAACGTGGAACTACCGTGAGGGTCCTTTAACTTGATATACGTCTCCCCTCCGGAAAAGCTTTCTGTGACCAAATCTACTGAGGTGCCGGATGCAGGATTTCCAGGGGCGCAAGTACTTGTCCTGCGCCACGCATGTGTTTAATATCCATCCCGCAGCGAGGGGGACGCTAAGAGCCGTAGCCGTCAGTGTCCACCCAGTCCAGACGAATATTGCGGAACTCGAAAGCCTTCCCCGGTCTGCGAACTCGACATCTTTTAATAGGGGATTGTTGGATCGGG,1445,49.2,Mus musculus
SEQ_885472,ACCCTTTAGGGTAAATCATGTTTCGCAAGTCTCCGGTCAACGTGATTTTGTGTACTTGCGGAGCTCCAAAAGGTAGTACCACACTTCAGCACGATGGCACGGTCTACCACGTACACCTGCCGGGTCGGCTGTGATATGCATATCCCGGACTCAGTTATGGTACTGAGTTGGCTTTATTGTGCAGTCGGTCGGTTGGTATCAAGCCTACAATAGGACATGCCCGGCTCACGCTGCGAAACGATACGGAGGCCGGGCCCCACGTCGAACCGGTGTGTTAGCAGGCACGGGCTTAAAATTCAGAACCAATACGTCTTGCAATTATAAGCGTGTCTGCGTAGGTTCGGGGCAGGCAAGGCCTTCGTTTCCGACGCACAACGGCGCAGCCTAGAGGTATGAATGGCGACCCCAGGACCCCGGTGTCTTTTCTGTTTGCATTGGGACAGGAAATCTAAGCGAAGGTGCAATTGGGTTAGAGTCATGACGGGTCTTTCAGTCAGACACGGGCTGGACACAAGCCCCCTAACCCCCCCCTATAGGCCAACGCGGCTCTCCTCCAATGACGATATGTGGGTTATAGGGCAAAAGAGCACGGGTCGCGTCCGCAGAGAATGCACACCGTCTTGCTCTACTGTGCTCTCACGGCTACGTATACACTATCAATGGTACTAAGAGAGTGTCTGACCTCACCGATGGTTGTTATCTATGGGGCGCGACAGTTCCGTTCTAGTCTCTACACGGAGGCGTTAAGAGACCGACAGTCACTGCCCTCAGTCGATTACTGAGGGTATGCTAGCTTTGGCATGACGTAGTAATACCGGGACGAGATGCCACTTACGCTTGTAATGATAACACCCCCTGCTTCCTCCGTATAGCGGAAGCGGAGGTCCGTTATATCTAAGTACATCGTAGGCTCTACGCGATCCTCTCCCGGGGCGGGTGTTATAAAGTACGCTTACCACGTGTGCACACAGCACGTATGTGGATAGGCAGGCACGACTATTAGGTACCATGTATTGTAAGTCCCAACTATAGGTCTTGAC,1040,52.79,Caenorhabditis elegans
SEQ_666336,TTACTAAGCAAACGTGGTCGACTGCTACAATTGGCCGCACGTGTAACCAGAATGACATAAAGTGTACGTCCTAACCTGGTAAGCCGCATCATACAGGTTCGTTTGAGGTGGTTTCGTATAGAGGGCCGGATTACCTCCACAAATTTGCCCCACTTGCAGTCCAGCCTTGAGGAGTAGCCTTAAAAGCTTGCATTTGACTGCAACATAACGACCAATAATTGGAAAATACCGGTGAGTGTTAGCCACCTCCCTCTGAACAAATGTTAATCCTCAACCGGTAAGAGAAAGCATCCCCTGGATATCTAGCACTGACCTACTTTCCTCAGATAATTTTCCCCAGTATTTGCCCATGGAGTCCCATACAAGTCTTTACGTGGCTATGTGGTGTTAATCCATACCAGACCATGTGAACGCAGATTTCGAAGTTCCTAGCTCAAAGTTAAGGACATCAGGAAGTCTCAAGAAGCAGGAAGCTGAAACCCCCATTAAACATTCGTACGAATGCATAAACCCTAGGGTAATTCCATTAGCAGAATACGTCAGGGACCGCGGTGCAAGACTATAGAATGCCGGTTTATATGTTCGGCCGCAATGTACCGGGAATTCCTCTATTAGCAAAGTCGTCTTCATGTTACCAGGCTCACCCAGTCGTCTGCTTGCTTCCGCTGATACGTGGATAATCAACCGTACTTCTGTGGCATCTCGTCTCAAGTTGATGTCCTCGTAATATTACTGCAAGACCGACACTGATCTGTACCCCTGCACAAGTGCTTGCAAGTCTAGTGTGCCCGGTCTTCGTGCAAAAGTCAGGCACATCTCCACCCTACCTTAACAGCTCTGAAACAACATTCAATGGTCGGGGTATTGGCCAAAACACCCTCGAGCCCTATTGCCATAGCGAGTTGAGGCAAAAACACTCTGGTCGATATTTAATCAATGGCAATTCTTGAAAAACCGGCCTGGAGTCTATGGTCGATCACCATAACGCCGATCGGAGACTGCGCGTACGAATCGGATAAATTGGAACGTCTAACAAGAACCTTACGCAGGGACATCCCCACCTCCTGTCGTTTCCGGCTCGCCCCGAAAAAGTTACTCTAATATTTCGGCACAGTTCTCAGGTCCCTTGGAGGAAAATGCCTTCAGCCAGAGTCGCACCATGGGCAGGCTTATTCGGTGCATCCTAATATGAAGGGATTTCTTCGGAGAGCGCGCCTCCCTCAGGTTTCACTCGAGTTAAGCACCATATTATTCTATACCTTACGCCCCAAGTTGGCCCGGTCTGGCCCCGCCGTCGAAAGGCGGAAATATAACAACCGTG,1321,48.22,Mus musculus
SEQ_546660,GCGTTTTAGATCAGCGTCTCGCGATTTCACTGTACCGAGCGCAGTTTCCATGTTCCTTCGACCGGGTCATTGTATAATCCGGACCCGAAACGGTCTCGGCCAGACTCAACAGCAAGATGGTAATATATGATCCGCAGAGATGCACCTGATCGATTGCATTTGCACCCTCGTGCTCAAACACACAAGATATTGATACGTAATATCTTGCTGTAACTCCACCCTAACTACTTGAGGCAGC,238,48.32,Arabidopsis thaliana
SEQ_632221,CAACTGAATACTCGAATAACAAATACGTCAAACGAGGTTTTTAGGTGAATGCTGCCGGCAGCTGGAGGGGCGTCGCATGGAGGGACGTGCCACTATCGTTATAACCGAAAGGTTACGCACCTAATTTTCTAGATCAGCACCGTTTATGAGCTGCAACGAATGGCTATGAGGGCAGCGTCTTGACGACATGGCGTGCGGCTTGATATGGTCTCGAGACGAACTAATCTAGCCGGATCGAACTACCTATTCAGGAAATGGATCTCGCAAAAGGGTGTATACTCGTTAGGAGACTCGCTCCACATTGGTTTAGTGACAGAACTCGCGCATATTGGACCCCGTATATCTAAAGCGCCGGGACAGGAGCTTGGCTGCCATTTACCGAAGGTGGTAACCGGATACCCGTAAAGAGATAGCGTACCAGCTTGAACCAGTGTAAAATTAAGGCCTCAGTAATAACACGGACTTGCGCCAGGTCCGTCCCGTCAGTCTTTCGAAGTCGAATACATACGGACCGAAGTTCCCTGGGGTAAGACTTGACGGGGCTGCCTTATGTCATGAATCAACAAGGAGCCCAAAAGTGGTACAATAAATAACCGACATAGTTCGTACAGGTTCAGCGGCGAGATGTCTTCGCTGACTCTTCATAGAAGATAGTCTAAGGGCTATACATCAGCAGCCCTGGTGCGTCTAAGTATCCCAACGGCCATACGCATTAGACCTCTAGCTGCGCGTCGTCACTCTTCACTTGGAGTTGTTCCGTCACTGAGTTCTCCAGTAACCTCCTGGAA,788,49.62,Drosophila melanogaster
SEQ_695522,GGAGAGTAGCAGTCTAAGCTATCCCTTGACACGAACGTCATTCGGCGTATTCGGCTACTAAATACGTCACGGGAGATCGACAAGTCAACACACTTAATACGTCAACCCCTGTATCCGTATTTTCTATTGTCGTTCATCAAAGTTGGAAAAGTTCTGCCTAGCGACAATTTCCACAGCGACAGCCATAATAAGCAAAGAACTTAGCGATAGCGAGCGCCCTGAGTGCAATCCTCAAATAAGCTATACTTTAAGGCGCTTCGCACATGGCTGGGAGTTGAGCTGACTCGGGCCCGGCATCCGGGCGTCCAGGATACACCGTCCGCATAGAAACCTCAAGTGGCGGGGACCATCGGTTACGAGCCTCGTACGGGCGAATTGACACACTGCGTAGCAAAAGGGATAATGGTCCTATTACAGTTGGCGGGTCTTGCAGACCACGCCCGGTCTGGATTACGGGATGCACCGCGTTCCTTTGCCGGGCAATTAACGTGCCTGCAGTAGGGACTGGGCCACGAGTCTACTGACACCAAAGAGGTCTCGAACCTAAACAATGGTCTTAGT,561,51.69,Mus musculus
SEQ_268404,CTGCCGTATCCGGAGTTGAATATCATCCGAGGACGCGTTATTAGTATGACAAGGAATCAGCTACTTCGGTTACTCCTGAGGTCCCGTCCCACTCGATCGTATTTGTAATCCCCGTCAGCGATCGGTCTATACCGAGGAAACATGGGTCTTAAGTTTGACATGCGGCGGTCCTGAGGTGGGCTCCCGCTCTTAGAAAATGTACTTCAGCGCCGGCCCGTGCTGAGCTCGTGGCTTTGGCGAGTCGCAGATTTCCAGACGATACTCCGTAAACAATGGTTTTGGAACTACTGATTGATGGCATTTGCACTCCCATATATACGGAGGACCCTTTGGGGGTGGGAGAAGTTTTCTAGGCTTTCTTATGCTATGAACGTACCGTGCATCGATGAAATATCCGATTGTGAACCGACGCAAGGAAGGGTGCGGGAGCGATTAACGCCCCACGCAAAAGACAGTGGGTTCATACAGCGGCGAGCACAGTTAATAGACGTAGGATATTTGTTGCTCTGTATATGAAGCCACCTCTGCCAGCAGGGATACTAATGCTCTCGCATCTCGTACACAAGCTAACCGGGTCGGGAACAACCTACAGTAGAGGTTAGGTCGCGGAACCGTAGTCGTATGACCACACTTCACTAAAAGCTTAGAATCCATCGAGGGTGGTAGTAGGTGCAAGACTCCCGTTCGGACACGTACGTAAGCGGAGCCACCTAACCATAGGGGTTCCGACCCTCACAGCGGGGGACTACGGTGGCCGGGTACGTTCACGTGGCACTACGAGACACGTATGGTGGGGCAAGAGAACAGCGTGCATTCTCCATCGTCACCCGTGACCTCGTTAGAGTCGCATAACGCGTGGACTTGGTAAAACAATGAGGAACGCAGGTAATAGGGCTAGACGGCTGATATTTACGGCCCTGGTCATCGGCGCTTACGGCTTGCTCCGCACTCTCGCTTACTCACCCACGGTACAGGATTCCTCATTGGAACAGGACCACAATCATCCAGCGTTGATTCGACGAAACGGATCGTCCGAGGAGATTGGGTATGACGAACTATATGGCTTTGGACATACCGCTTACGAGATGGCACATCTTATACGGGATGGGACACGTATCAACGCACAATGAAAGATGACGGTTTGAGGCAAATTCCCAACCTACGCAGGTGACATGCCCTCCGGCACTTATCGCCCCTGCAC,1201,52.37,Escherichia coli
SEQ_509553,AGCAGCTCAATCGGTTAGCAAGTCGTAGAGTCCCAGTAGCTGTGTGATAGGATGGGTTATTCATCTTAACTCACTTTCGAGCCAAGGCGCTATAATTGTAGCGGCCATACGCTTCCCAGGGGCTTTATAGAAGGGGGCTGCTACATTCAACGCTCAGAATGGCTCGAGTCTCGTGCAGCCGATCTTTCATGTCTGGAGCTGTGCAAATGGGTTCGTTAGGGAGCACTGCCCCGTCCTGCTCACTGGGTACCGGGTGTAAGTCTAAGTTAGAATCCGGTTGCATCTCTACACGAGCAAGTTAACTACGTTCATCCGGCAGAAACTTGGG,328,51.22,Arabidopsis thaliana
SEQ_790024,GTAGGCAAGTAACCTTAATTCCATCGGATAAGCTGACCTGCTGTAGTATGACGTGTAACCTGTTTTCGCTCAACTAGCGGGTGGTTTCCCGTCAGTCGGAGGGTTCATCGCGTTACCGAATAGTTCCGGCTCCGTTGATTCCCAGTGGGACTGAATGCCTACGCAAAATGTCTCCAAAGAATTGATAGGTCGGAGTTCATCTCTCGAGGTACCCGGGTGCTCTGGGCCAGCATGCTGGTTCGTAAAAGTCCTATGTGCTGGCCCCCGGCTCCCAAGTGCCTAAGGCCGACTCTAAGTCAGCCTTCCACAATAGGACATATGAAGTCTGGCTCACTTAAGAGTGTCAAGGGGTGTTCACACGAATTGCCCCCAAAATGAACTGATACTTACATCGCAGGGATACAAGTTTCTTATGTAGGAACGCCATCTCTCATTCAGATACCATCAACCTGTCGTAAAACGGCGCACGCAAGCGATGGAATATAGAGTTCACTTTATTTAGCTTGCGCGCGGGCAGTGATAAATCACAACTAACTGAAGCTCACGCACCAAGCTATGCAAACGATTTTTACAAACAGCTACCTATGTTTCTCTCGCTATCTTTCGCTAATTCCGTCGATTAGTGGAATTTCGGAGAGAATAGGGTGCCGCGCGATAGATGCAGGACTGCAGGTCTTTCTTAGTCACAGGGTTACGCTGGGTCACACAAAGACCACCTCTACCAACCCCGTCAAGATTAACCGTGCAATCTGGTGTGTGGGACCATGTCAAAAGTAGTTTCACATACCGTGCGAATTATACTTAGCCTCAAGTGCAAATAATCCATTTAAGCCTTTTAGTTGCGGCACGCACAGCTTCGCCGGCCTGGTTCGTCCGACAATCGGCTATGGTTACTTCGGAGAGTTTCCTGCTCACGGCGATTTGCGTT,928,48.92,Drosophila melanogaster
SEQ_518958,GGCTGCATCCAAGCTTAAGAAGTGCTTAACATCGGTTGAGCAATCATATCCGCCGACAGAAACTTAAATTCAAGGCATGAGGGACCTACATCTTCAGGTACTAATAGACTTGCCATAGAGAAACCCCGGATGCGGATGTCCTTCTTGATGCTTGATCTGTGGGCACATCACCTGGCATACCGCCGTTCGTAGAAATAAGGCTTTTGGCTCTCTATCTGTTGTTGGTCGTCTAATTCAACGAATAGATCGGTAGATGTATCCCGGTGATTCAGGTTCTGGATTGCCATTCAGAAAAATAATGCATGAGGGAGTGTTGGTTGCACCAAGATCACTGCGTAATCGGATGCCTCCGATTCGACGCTTACAGCAAAATGAGTGGGCTTCTAAGGAAATAGGTTCCCCGGACTCGTCACGTCAGGTTGGAAGTATCCGGTTCTTTCCTAATCTCACATTGGGAGCCGCTCGCGTGACGTCACGAGCACCGTTTAGGCTTTAGATGCATCTTCACTGGACTGCGGCGGTCTTCAGCGAGACTCGTGAGACTACCAGCACCGGGCACAATACGCACATTTGCTTGTGCAAAATGGGCATGATCGAAGGGCGCGTATTAGGTTTAGTCAGCGGGAACGGAACATAAAGGGGCATTATCATGGCTTTCTATATGACAGGGCATCTAAGGTGATCTGCGGCCCGGTTCTTGGCGACAGTGCGGGAACGCCGAAGGAATCGAAATGATAGATTAGGATTGCTAGGGGAGTCAAAACGGCCTTCTAAGAGCCCGTGCGCGAACACGTTCCAGTATCCGTACGGACGTATCGTAAGCTCCAGGAACTCCTTGCACGCTCATGTACTTGAGCCTTATAGCTGTGCCCTCTAAGCGACGCACACAGTTCAGTGAATAATTAGTATATTTCTTATTCTGGTCTCGACTGCATTCCTTGGACAGGGAGGGGCTGTGACCGCACAACGGCCTTAACTACATTGCCTTTTTTCCACGATGCCTACCTCGCAGCACACGCGCTCAACACGTAGGGTTCATATAGCTTGTGAACATCGTCGCTAAGTGAGAAACCCGTCATGTTTGGTTAACCCAATGCTACACCGACGGAGAGACACCATACTAGGCTGCTACTTTTGCCGACGCCAGGTATACCGCACAATCAGTCCATGGTTCGCGTCCGCTACTGGAGACCTGCTCCGCGATTGCAGATTACTAGCTCATGTGCCCACTAAACATGTCTCACTGGAAGGGCGCGGTGAGGTTGGATTTCGAAGGAGGCTAATTGGCACAACGCTTCCTATTGAATTGGATCGGGGAACCTTTGACTTATCAGAACTACTATCACCGCCCAAAGTCCAGATCTATCCCTCGAATCGCCCGTATTGGCGTGGTTGACGTAATATCAACCAGTTCCTAGAAAAGTGTAGACGGATA,1435,49.83,Arabidopsis thaliana
SEQ_790813,CGTGCATACGGCCGCATCCTACGCTAGAGGCGGCCATCCCAGGCGGAAGTAGGTACCGTAAACACATTCTGCGTGGGGTAGAGTTATATTACTGAGTGGGAGCAGTGGAAACGAGTCTCCCAAATTTCCTTCGAGATTCATACGTGCAAACAGGTTAGTATCCCCCCTGTTGTAGTCCATTACAGATTAGTCCCCTTGCGAGAATCCGATCAGTAGGCGGGTTCTATTACTCGTGATTACGTTAGCGAGGATCGACAGGTCGGTGGCAATTCGAAGTTTGCACTTGGCACTCTCTAGAAGTCTGTTTCGTTTTGCAGATTAGCCCAAAAATCACTGAGTCAAGAAGTAACTTATGTGCCTGACGAGTCCTGTGGTGATTGACCAGAAGGGCATCCTTTTCAAGTCTGCCTCACTCGTTGTCTGCGGAAAGTCCACTCCGCGCGAGGGTTCTTCTATAAACCACAATCCGCGAGGGACTGCTCCGCGCCCAGCTTTCCCTCGATTTCTAAGTTGTGATGAAAACAGATCTGATCGAATGCGTTCCGCTAGCATTGGCATCTGAGGGTTCGACGGTGTTTTGTAAATCGACACGATCATTTCCCGCGCAAGAAACGGTAAACTGTCATGATATCCGACAGTTCTTGGGGCTGAGACGCTTTCTCAATTGCTGAGGAACATAGGCTGGTGCGTCCGCATCATAATCCACAGTCTACTAAAGTTCTGAGGCACATACCAAGAGAGAGGAGCCGAGTATAGACGAGGGGGCATACGGAGCTGCTAGCTTCTCGTCTTTCAGCGCAACTAGCCTGAACTGGAGGGCGCTTTACCCCTACCTGCTCTACTACACGCCCACCGAGTCGCCCGGCTGACGTTGCTCTTTTCTTTAGGTATCGTCTATTACGTGCTGCTCTGCTCTGCTCGACTTCTACCTAAAAGCATGAGACGTACTCGTGCCAATATGGAACAGTTGCCTCAAGTTTGGTATCAGAACCGAGAGCGTTATACGACAACACCCCGTTGGCGTGCGTTTGCATAAAGCTCGGCGATGTAATGAGATAGTTCATGTTATTCTGGGACTTTGTTGGTCCGCCCTCCACCGAACATCGGAAGTGCCGAGTCTAATGAGCGCCCTATGGGGAAGTACTTAGGTCAGCAGCATGACATTCCTTAGCCTCCTCTACAACGCCATCGCAGAATTTAAATCTAG,1207,50.29,Saccharomyces cerevisiae
SEQ_643935,AAACCCTCGCATAAGGGGCCCCCTAATGTTAAAACAGTGATCTTAACTATAACGGGGGATGGTTTTTATTGTGGCGCGGTGGGAACAGAGAGTTTCTCCACAAACCCTTATCTATCAGGCGTAGCATTTGGCCTCTGATAGCAGTAG,147,46.94,Escherichia coli
SEQ_670520,GTCTGCAAGGACGAAAGGCATAAGTCTACGGGTCCGGCAATGTCAGTGGGGCCCCGGAGCGCTTTATTGTTGTAGTTCAAGGATAGCACAGACCGCAAGCACGTTCTTACTTTGGCAAATGCGACCCAACGGCAGGACAGACAAGCCGCTGAACACCTGGCCAGCTCACCCTATGGACAGAACGAGTTGAGCAAAGGTACTAAGGAGTTTTTACCCACGTTTGCATCCCGGGCTCCTAGTTATACGGCATCAGTCCGGTCGTGTCGTGCTAGGATAGCTTTCACGGCAGCAGTCCGTGTTACTGGTACACCCCCGTGAAGCACTGGCCCCACAAAACGACAAGTTGTGAGTGGATTTGTCTGGCCTGATTTGAAAATTCCATTCCCGGCATACGTGAGAAGCACTGTCGTGATCTGAGTAGTGATCAACTGCCACTTATTAAACAATTTAATCAAAGGGCGCGGGAAGTACTGGGTTCCCCGGAAGGACACACACCACTGGCCCGTAGGGGAATAGGTGAGGTCTCCCCCCTCTTGAGGCGCTTAGCGTGGGAGACTAAACTAAGCACAAAAAGAGGGCCTGGCCAACATATAGCCAAGGTAAATTTCCCCACACTTTTGCACAGGGGAAACGGGAAAATGGGTCACGACCATAACAACGTCTTCAAGTGTCGAAAGCCCGGTTACTAGGATAAAGAATTGCATCGGAAAGCATAATGGCAGTCGATACCTGGAGAAACTTACAGGTCTAATTGTGGGGCTCCTCCTCTAAACTATATTAGCTGCAGGGAGGGCGTTGATATGGCCTAACAAGCTCGTCAAGCTGGATCAACGATTTCTTCCGTTCGCGCGACCACGACCTATAATCGGAAACATCCGCCATAAAGACGAAGAGAGTAAATAGAAATATTTTCTTTGCTCCGGGAAAAGTGCCAGCCGACTGTGACCACGTCCTACAGCCACTTCTAGAAGAAATGGCCACGTTTCTGCGCGCAGAGTCCACATTAGGAGCTATTG,1016,50.59,Arabidopsis thaliana
SEQ_768310,GCTAGGAACTGAGGAAAGAACATCACGTCATCGTCCCGTGGGGTTGAATCAGAATGGACACTAGATCAGAATTCCCTCTTTTCCCCCATCTTCACAGCGGCGATGGATAGCCTTATAATATATCCACCTAGGAGGTTCCGAAGTATTCGAGCTCCCAGGCCTCGCCAAATTGAGCTATAGATAAACTACAACCATTAGAAAGCGACAAATGCACTTGCGCTGTCTGTCGGACAAATTAAATGGTTCCGTATTATCCGGGGCTCGTATGACCGACCATGCCTTTTGTTCTAGAAATTCAAGCTGGGTACTGGCCTCTTTTGGCGAATAGAAACTCACCTTACGGTAATCTCTAGTCGCGGGACTTGCACGGTTCCATCCATACGCCAGGTTGCTTCCAGCGCCATCGAGTTCGAGCGTTGTACTAAAACACCCTAAGACCCATTCACAATGCCCCTGAGAATCCTCTGTTCGTATATATCTTTACTTAGTAACTTTGTGGGTGAAAGGGGGGGTGTGTACCGATTGGTAAAGTAACGAGTCATCCCTTAAGGATAGCTCATTCACTCCGAGAGGCTTCTTCTAGTTGTTCTTCGGATCACGAGTGCAAGCCCCTACAGGAACCTGCGCGAGTCGGTTAGAATGATGTGCATCACGGCAATATCGGGTTAGATATAGCCGTTAATCGGTTAAGTAGTAACATTCCATAGGTCCCATGGTAAGCTTCCTGCACGACATCAACCTTATGTTATAAGCCTCACGAAATCGCAGCCATTCGGTAGCCGAAATGCTAAGCATTTGTGTCGATTGAGCGATATAAAGACCGGCTGTACTAGCGTTTACATTAACCTTGGAAGCGTACGGGCCATCAAATGATCCTTCAGGTAAATCATTCTAATGTCGCTATTTGGAAAAGTATGTGGCGGAGTCGTGACCAGTTATATTCGGGATGGAGTGTGTCCGGATTGGGAGAGGCCCTTACTGGGGATCCCCCATTCTTTGTTCTCGACCGCAATAATAAGTGGGCGGATGGCACTCGATTCTCTCGAAATCAACGAAACATCAGAAGCTCTAGAGGTGTGTCACTCGGATCAAGAGCCCATCGGGGCATCGGGCCGGAATGCCGAGATAGCACGATGTCGGTATTAATTTGTGCTGATCCGTAGGACGCGAGGTTGGGTAATTCAAAAAGCCTACTTGTATGGAGGTAGAGACTCACACGCTTTTCGTCCATACCCAGTCGAGCATGCAAGTTCTGCGACCGATGGGACTCGGCTGTCTATTGCCTCTTGGTGCCTACTCTCGAACGTCCGCGTTGGTCCACAGTGCCCTCGCAGGCAAAATGTTGCTGAAGGCGCATCCCACTCTGTTGGGACGTCTCAATCAAGCTCAATATCTAAATAACCCCAGCCTTACTCGAACGTATTGCACATTAGCTCAGCAGACTATCCCACTGCGCCCGCATAACTGGTCCCTTACGATAGTAATCGAAGATGTGAATTGTCAGCAATTGAAAGGGTCGGACGACCAGAAAGGTGGATAAACTCATCAGCTTACCAATGTAACACATCGG,1570,48.41,Drosophila melanogaster
SEQ_307896,GTCTGAACCTCTGGATTCGGTTTTTTAGCCGTGCCTCCAGTAGTCGTTGTTTGTGACCTAGGCTCCCTGTACAACCAGCGAATGGCATGCTCTTCGTAAAATTATGTTTCTACATAAGCATAATTGCAAATAAAGGTGGTACCGCCTAGTGGCTCCACCTCTTCGGCAGTGCAGCCCTCATCAGGGCCGCATTGTGGCCTCGAGAAATCACTCAAAGTGTGCCGGGCCCGAGACCGTACCGCGACTTTCTAGTCTCTACGGAGACTGTTTATGCACACCTGATAATCGTCGGGTTGGGTGTATTGGCTATATTTGCCAATGGTGAAAATTATTGTCTAGAGCGTGTAGTAGTTACATCTATCCGAGAATAATATCTTGAGTTACAAGTTAGCGCTCTAGAAGTAATAAACAAAGGTCCAAACCTAAGGGACAAAAGGTACGCTTTGAGCCTGTACAATCTTTCATAGATAAACCCGAGTAATTCTGCTAATCAGCAGGAGGTGGCCGAGGGTGAGTACTA,520,46.35,Arabidopsis thaliana
SEQ_725194,GTATGGCGAACGCATGTGCAGGTGCGCGCGGCAGACCTAAGAAATCCTAAGGAGGAGTAGTTCCGGGGGCCTTTCGACAACACACAGATGCCTTGTGACCGAATCCGGTAAAACCACTTGGTAATTCCCCAGAAGCCTAAAGAATCACACGAGTCTTACGCAGGCTCCGCTAATCACTACAATTCTTGTGCGACTGCTTTGGCCGCCGTACGGCACAATACCTCTGCGAGTCCAGTTTGCTACTGCCAGAACGGTATGAGGTTATGGTCTTTTACCGACGAAATCTGATTGCATCTTCGGTAGCCGAGTGAGATCTTGTGTATCCGAAAGAGTATCTCCCGATGCCCATTAGTAAGCGCCACACTTCGTGTTTGCCTAACGTCACCAGGTACCATATCATGCCGAGTAGAACGGCAGTACGAGGAGCGTAGAGCGTCCTCGGGAATTCAAGTGGTAAGATCCGTCCACGGCTCTACCGGCCGCTCTCATCACGCAGGATGCCTATGTTCGACAGCGCCCTAGAATCGCAACAGTTCTACCTTAAGACTGAAGGTATGTGTATCCACCAGACATGAATTGAGAGGGGCAGCTGAGTTACGCACCGGGTATACACAGGAAAGTCTTTCATGCTTACTCCGCATTATACGTCCGGGATCTCATGACACCCTAGATGTATAGCTCCCTATGCCTCCAGGTTTTGACTTCGGTCGACACCAAGCGAAAGAGTAGGCATCCCCCGTTGTGGCATTCAAGTAGCGATGGCCATGCTAGCAATGGGCGGCTGGTACGGTTGACTGCCAAAACCACCAGGAATAATCGGTTCTGCGCGCATAAGTTCGAGACGTTGGACAGGTCGATCGCGGCCTTCAACGCCTTGTTCACTGAGAGACCAAAATATACCATTGTGCGGGTTAGAGTGCTAAGGCAAAAGTCTCGGGAAAGAACCTGTTTCTCGCTATTTCGCTCGGAAGCTGGTGAGCTTCAGTCCATTTTGAGTAACCATACATAGACACGGGTCTGGTACACTAACGACATCACGAAGCGGGTTTAGACGCGACACTTGGCGACTCATTATAAAATAAACAAGCCAACAACACTATGATGATCGTGTGGCGGATCACAAAAAAGCACTCGTAGTACGGGGTTTCATATTTGTTGGTTGGGCTAGAGGAGCACGGCAAACTAACTCCGATTCCCACCATCGGTCAGGCTGCAGATCGTGGGCGGCCTAAGGCATCGAGTGTCCTGTTGAGGGGCGCCACGAGGCCTACAGATCTCAGTCATGTGTAGGACAAGACGGACGTCATTACCGATGAAAAGCTATGTTCCTACCACCTTGATGCGGCGGTCTAACCCGTC,1359,51.43,Drosophila melanogaster
SEQ_858372,GCCAGTGACACACCATTGTAGTTGGCGGCTTGACGAATGAACTCGTCGATTGGGCCGCCACAAACTTTGGAATTAGTTCCTCTCACCTGCATCTCCCTGCGCCAAAAGGCCGTATTGCCTGAACCCCACGACCTTAAACGACCGAATTGTCGAACCTGGTGGTCGTCTGTAGTTCGAAGACCCCTGCGACGCGACCATTGTGTCGGAAAGCAGTATACACTACTTGTCACCGACCGGGGCTTTGAGAGTCTAAGGGCATCTCCTTAGCGCACATGAGCCTAGCAGTTCAGCTTTTTCGACGCTGTCCCCAGCTGTTGCTAACAGGGCACAAATATATTGTACTTTGGGAATCATGAATACGGGCCCTGGAAGTCCTTTAAATCACGTGCCCAGTTTCGTTTAGAACGTGTTAAGGGTTACTAGTGACATTGTGCTTTAGAGCGGCCAAACCTAGCATTTGTTGAATGAAAGCTTCTGCACTAGCCCGACTTTGAATGCCACTACGGGCACCCATATTCTCGTTCGTAAACATATGATGGAGTAGAGCTGCTGAGCCGAGCCTAGACGTCGGGTGGCATTGCGCCCACCGCCGCAACTGGTTTACCCGCTGTGGCTTAACTAAATCTCAGTTTATCGCCAAACAATCACGGCCATGCGACTTTGTAACTATCTTGGCAACTTATTATTGTCTGAAAGTAACGCGCATCCACATGACTACTAATCGCAGATCCTCATCAAACCAAACCTCCATTTTCCCGTAATCGGCACCACAAGCCTCGGTCCACGTTGCTGCATCTGGTAACAAACGATGTGGTGAAGTACCCCACCCTCAATTATAGACACGTGGTTATAGTATTCCTGTCTTGGGTGGTAGCCTGCCTTAGTCTTCCGATGTCATGCACCCTGGTACTGAGGACCCCGCAGATCATTACTGGGCGGGTAATAATTAAGAGAACGGCAAGTCCACATCGATCAATCCGGTTAGTAGTTCTAAGGTGTGTCTTTTAGTCAAAGCCCATTGTCCACGGTCTTCGTGGTTTGGCCGATAGAATTAGCCGCTGGTACTGTGATCCGCAGCGGTCAAGGGCGTCCATGCGCGTCGGTATTGCTATCGGGCCCTGCCGGACGCGATCAATGTCATCGGGCTTCCACCCATAAGCCGGTCTGCTTTAGTACGGTTTGATTGGGGGTATGAGCCACGGACGTTATCGGACAAGGGCATGGTGTCACCGTTGGATTTGGGACACGAGCTTTCGGGCCGTAGGTTCCAAACTCAATAGTGTCTTTCGGCTCTAAATGAGAGGGCTCGACACTCAAACTCGGTTAGACT,1330,50.83,Arabidopsis thaliana
SEQ_802285,GCCTCAAGTTGGAACCTTCGCTCAAATAGCGTTTGCCAGCACCAGTGACTAAAATGGCAGGCTGTATTCTAGCTCGATGGAACCCGTACGGAAGACACTTAGGTTGACGTGAGGACTGGAGGTGGATTGTGCTATGGGCGACATGCTTGCCCTAGGTCCTTCGCGGGGGTGACGCCGCCGTCTCATAGCATCCGGTCTTAACCTTTCTCAAGCCCCTTCAGTTACAGGAGATAATAAGCATCGCCTAACGCCGTTACGGTCTATACATTCGTGCCCCGCCCACGGTCGCCTTGAACGCGCAGAACGACTCATTGTACATAACTAAGCTTAAGTTATTGTACATCGACGGAATGCCCGTGGTTAGATCCAGCCAGGCGCGACTTTCCGTGTGTTTCGGGGAGTCCGTCGGCATTTTGCGCCCCGGACGAATGTCCACTGTCGCACGGACGATGTGTCCGAAGATGATAGAGGGTACCCAGGCCGCGCTTCACGCTAAGTAACAACAACCCATTGGCCGGACCAAAGACCCTATTACCCAAGTTGTGGGCCTAGATTCACACATCATCGTTAGGTGCTTCGGCCAAACAATTCATAATATTACGAGCAGGGCTACCAGCACTATATGTTTCTCTCAGAACTCAAGAACTAACCTTGAGACCGTGGTTTGACTAGAAAAGCCGAGACTAGCATTGACGCAGCTGTTTGCCTACGCGGCTTGGGGAGGGGCAGAGTTAAAGGACGGCTCCATCTTGTGTACGCTCCGTTACGTTACATCATAGGAGCCCACGCCATTCGCAGCGTTTTAGTATCCCAACCATGTGCTCCACTTTATGCTCCGTCCCAAATGCGAGACCTGTTGGTAGGCTAGAACATTACACGTTTTGCGGCGTCCTAGAATGCAGCGTATTCCCCGTAACGTTCCGCGGTAGCGAAGTCGTCTCTCGACGGCCGGAGAGGAGCTTTGGCGGTTACTTTGTCATCACTTGGTGCACGAGGATCTTTTCTTAAACGTGAGGCACGCGCGGAGCATAAGTCCGGTTCCGATGTAAAACCCTCTACACGACAAACCTCGGTGCAACACGTCGTCCCGTGTCAAGCCCGTGAACAGGAGTGCAATGACGCCACCATAGGTACCTCGCACGAGACAGTGCTCATGGGAAGTGATGACGCTGTTGTAGGTCACAGGCATGCGTTCGTTGTGCCCTGTTTTATACGGTTAGGCACATACTGCAACTATCTATTGTTGGCTCTAGTATTGATAATATCGTAGTTCTTCGCCAGGATTTTGATCGGGATGAAATCGGCTACCCTTAGGAGGGAGTTAGTTTATGTCTGTCAACGTGATCGTTATATTTAATATGTAAAGTGTTAACTAGTGGGCGATGTTATAGAGCCCTTAATGAGAATGAGGATTTATCACTGCTTCCAGCACAGTGATTGCGCCCTCGTCGTGCAGTTTAAGCCCCGAGCTGTGG,1475,51.25,Saccharomyces cerevisiae
SEQ_797338,TTTCTAGAGAGAAATCTACCAGCTTGGACTGTTGCTGCACCGGCACGGTGTTGGAACTTCCTGAGATCTAAGCATTAATGGTTCTGACACGCCTTCTAGAACAATCGAGAGAGACCGCTCACATAAGCTTCAGCAGGCAGGGCTGCGTTCAAGCACTACTTCCGCTCTAACATTTCCTCCTAGAATGCTGCGCAGGTACAGAGTTCCTGAGGTCGACGAGGCCGCACCGAGCGGAGGCGAGGATCTGCGGGATTCCAGGCACAACACCTCTTACGTGGTATAGATGTTTATCACACCTAAAACGTCCGTTAGTAACTCACTAATGCGCATGCTGATTAGTTTAGAAGGGGCGGGTGGCTCAAAGCCTCTACTTATCGTGTCTGACTATAAGAGCTTGCTTGCTTTGACGCACGCGACGTTATTAGTGTTAATGTTGGCTGCAGCTTTTTTCGCTCGGATACTCCCAGACGATGCTACCCTAAGCAAAATACGGACTTTCTCCAGACCCCAGAGATCGATTCTCATTTGCGAATATCCAAGTGCCAGCACTGATACGACTATAGCGTCGGCCTGATTTCATTACGGGCGGGCATACTCAAGTACCTTCCACCAATTCCCTGGACATGATATAATCGACATGAGGATTAGGTCGTTAGCCCCTAGTCCGGAAAGCAGAGCATTAGAAGGTTCGTTAGGGGCCCCAGCGAAGCTCAAGTGACCTGTCCATTTTATAGTCTGTTGACCACTACGAGGTTTTGTTGGCAACTAAGCCCTCTGGGTATAAGCCGCCACGCCATCTCCATCCGGAGCCAAACGAAATCCCAACCAACGACACAGATGGTGTTCTAGTAAAAGGACAAAGTGAGCAGAGTACGGGGGTAAATATTAGACCCCCGCCTAGAATCTGCATATGTTGTATTTACGACTAAGAACACGAATGAGAAGAATTGTTGCCGTATGATAGCCATGCAGATGGTCGCAATCTATATTTCTGGAGTGGTGAAGAGATCAACGATCCTTCTTAGGGGTCGCATAGAGGCGGCCGGCCTCTGAAAGTTTGTAATTGGTGCCAAATAGCTACGCGAGGATAGGCCTACACGCCATGGCTTAACGGCGCAAGGGGCAGATTAATGTCGGAAAGAGTTCTGGCTGGAGCGGTACACCAAATGCTCGGCCTCATCCAGTTAATGGGCTAGGATGCGCGCTTGATCCACTATAACATATCTTGTATATAAGAAAAACCCCTGGCTGAGTCGACCTCTATTAGTTTCGGCATGTCATCGGGCACGGGCTATTTGAATCAGCATTGGGACGTACGAAATATCGACAAGTTGGATTCGACGATCCAAGTAGTCCTCACTGATTCTGTTGTTGATGGCGTTTGAGGTTGACATCACGTAGGTGTGCGCGTAAAGGGCGCTTCGAAGGAAACGCAACAGTGGTTATATTGTACCAGAGCTCGAAATGGAGATTATGCTAAATCCGTCGGGTGTGTGCAAAACTACTTTGATCATATTCCTCCATGTCTTATATAAACTCTACCCTGCCCAAGGCTAACATCACATGCTCCATTTGAACACGGCTCTATTTGGCATGACAACATGGTATATTATTTGGCTACTTAAGGTGGATGTAGGAACGCATGCCGCCCTCCACGGCATGGCTTCGTATAATAATGCTCATTTACTATACTACCCGCATCACTTGGGGTGTGCCCCAAATCCGTGTGTATTGCAGCAAAGGTGCGGCAAACGTCATATCCGGCGCCCGACCGCCATACGTTTTAACCAGCGATGATCCTGCCTGTTCGGTGAAGGGAATTTAGCCCT,1829,48.66,Mus musculus
SEQ_849562,CGCCTCACTGTGAGTAACGCCTCGGAGATTGCGGATGCCACCAAATTAATGTCCTAATTCCTGAATCATCCACCTCACTGCGGCTCGCAGGATACTTGCTCACACTCACGTATTATTTAGCGAACAGCCTGAGAGCACCTTCCTCTCGCCGTGTCTACGCGATTACAGGCACAGAGGCGCGACCCTAGGTACGACTTGACTTCAATAGCCACAATTTCTTCGCCTGGAGTTGACCAAGGAATTCTGCTGCTGTGGACATGGGTCGCTCGGTT,272,52.57,Mus musculus
SEQ_243222,ATAACTTTAGATTAGGATAACAGCACAGATTGTACAAGTTTGGGCTCCTAAGCCGGGCCTACCAATAACTGTTCAACCAAATTAATCCTAATGCGCGTCACATCCTTACGCACAGTCTCCTTTCCATAGTAATCACCCAGCACGGCGCAGTCACACGGTGGCAGATATTCGGGAGAATACCGTGTAAGTTGTCCATGACAATGGGCGATTCTACGCGATAAGTGTAGCTTTTGCAAATATTTGGGAGACACCCGAAGCTACTGACGTGATAATGATGGTACTGTTGGAAGTACGACGTGGAGCATTTCGATTAGAGTTCGGTCTGAAACTGATGGGCCTTGTCGTGC,347,46.4,Caenorhabditis elegans
SEQ_938555,AGTGCCCTTTATCAGACCATCCACGAGTATACCCGCACTGTACGGGGAGCAGGCAC,56,57.14,Escherichia coli
SEQ_668663,AAGCAGCACAGAGTCAACGCCGTGAGGATCATATTAGAAAGTCTGCATGTCGTACCCATTACAAGTGCCCACCTTTTCTGGCCCTAAAGTACTCGCGGAACCTTTGCCCGACGAGATAACTGGTGTCATACGCACTCAGTACCATTTCAACGCACGTGGTCTATAGACGTTGTTGAATCTTCCGTGCTGAGCCTCTTTGCTTTCAGTTAATGTACGACCTTGCACAGTAGCCCACACGGGAAGTCCTTTATCGGCCGTGCCTTCTGTCCTCGAACAGAAGGACACTAGATCGTATTTTCTACATGACTTGGCTTGAACGTAGCGAACGATACAGGGAATATTTGGCGTACGGAAGCCGCTTGATGGTAGGTTTAAATTACACCACGTGAGAAAAGAAGACAGTATGTCCAATGGGAACACGGCTAGGAAGGGCGTTACCGTTGTGCTGAATTCATCGTCCGCCATCTGACTTGATTTCAGAAGATTGCTGCGTAATCTAGACTACAGGGAGGTAAGCGTCCTTGGACCAGAGCGGAAGAGAACTAAACGGTTGCAGCACGGGTATGCGGAGCATTAAGCGTCCTGCATTGGGTTGGTAATCGTCCTTTGAGGTCGCGTGGAACTTACCGGATGTAATCAAACTTGCTCGCCTCGCGGTATTTTCAATGCTCCTTGGTTCAGTGAAGCTTGGGTGGCTGTCCGCATGGATTTAGCATCCTAACCCAGAGTGAATCTCACTATGCGCCCAAACTCGCGGCCCGAAACGACATCGCTCATAGCAAAACACACTTTTTTGGTATCGGTACGCTGGTTGAGCACCTTGGCATTATTTTATCTGAAGAGACTAAACGCATAGGGCATGTGCAGGTTTTCACTCTCCGCGCCCGATGATATTTTTTAAAGATCCTGCCGGGCGAGTAAGGTAACGGTGCAACAGCACGACAGGCTAATTCTAGGCATACGCAGGTAGCTAGAGCACTGAGAGCGACAGGTATTAACGTATTCCAGCCTCAAAGTCCAAGTTGAGCTCCGTTATCCTTCGAATCTTTTAAGTATTCTGAGACGGTTCTGTGAGAAACGTAGAGTTCATCCTAACTTCTCCTTTATACGGCTATATATGTACGTCGAACCGGGAGCCGATCAAGGGGTCTAGGCTAGGTTAAACTTTGCGCAATTGAAATTCTTGGTTGCCGACGTAGAGGCACTGTGGGTGTACAACATATCGGCCCACGAAATAGGTAATTAAGGCTAGGGACGCGTCAAGGATAGTATGTACGGAGATATTGATCTTGTTGGACCCGCGGCCGAAAG,1311,48.51,Saccharomyces cerevisiae
SEQ_610536,AGCACTTGGAGCCGTCTACCGTGCGAATCTGGACCACACATACATATATATCGGCACGTACCTGCCCAGTCAAATTGTATGTTCAAGACTCGGGACGTAATCAAGGCCGTTATCTTCTAGCACTTTCCATGCCCCATCGACCTCAAGTCCCAGTGCCGAGAGTGGGGTGTTGCGCCAATAAGGGTCACTTCATACCGGTCAAAGTCACCAGCGGTACCCTTAGCACGTATGGCTCTGAATTGCCTGTGTCATGCACTGTGGACGTAGAAATGCCAGGCTGGCCATCCCTCTACCTTAAGAACAAACTTTCTATATAACAATCCGATACGATCGGCGCCGCGACTACAGCGTAGCTTCAAAGTGCTCGTCGGATAGTTTCGGGTGCACGCGCCCCCTTACCCCCTGAGGTTGTCTGCTGGTAGCTATCGTGTTCACCAACATACGTGTTAACAGGACCGAACATGCTAGGGAATGCGTGTCGACACGACGCTCTTACTAAGAGCCTCACTCTCTAAGCACGCCTTCTGCACCAGGTCCCGTTCTTTAGGCCGCGGCAGGAGTGTCGGCCATTTCCCTATAGATCCTAGTCTGTACGCAGACTTCGTGTCTAATTGCTTTATTGGGATGCTGTCGGCGGCCTACTTCTGGCCGAGGCATGGCCAGAATGCCGAAGTATATAGCCATCTCTGCTCCACACGTCACCTGGGCCAGATTTGCAAGTGATTCAATTGGTCTAACAGAGTCTGTGTAGCTGATACCCTGTTTTTCAAATGCAACCAAATTGCAAAGTTTACTCTCAGGAGGAATTGGTACACCGACGACAGGACTTTGAATAGGTTGATCGTGCTACAGACAGCCGAGGGCAAGAGAGCCATGTGCCCTCCACCTGGAGATGGATATCCTTTTAATGGGACGGCGCTGGGCGCTGGACCGACACCACTAAGTTCCCTCAGAGCTTGCCACGTAGCGGTCCGGTGCGTAAGAGGTTAGCGTTAGGGTGCACTGGCCGAG,1011,52.62,Saccharomyces cerevisiae
SEQ_260968,CTTTGGGCATCCCTTGGAAGTAATTTTTGCCATTAGTTTCTCTGGACCGTCGATTTCAATACCGACGCTTCTCTCCCTGTTAACCAAGATTAGCTGATACAAACCCA,107,43.93,Caenorhabditis elegans
SEQ_493020,TACTTTAGATGGCCAAGAGTTTAAACCGAAATTCATCACCCCCACGCACCGTCTGGTTTTTCATTGGTCTTACGCGTGGTCAGGTATTATCTCGCCGTCTAAGAGCGCCTACTGCGGGGGCTATCTGGATGGGGCGTGCTTATAATGTCGCCTGGCTCGATGGCGGCTATCACCAGAATTGGACCGGCAATCGATGTAGACGGTGAACGGTAGATGCGAGTTTTCACTCGAAGTGGCTCCTTGCGCCCTCGTCCAGTAGCGAGATGCCTCCCTGCTTTCGTCTGTGATAGCGATCTATCACTACGGACCGCCTCGCCGCCCAAGTTCACCGAGCGACCTGGGTACCCATAATGTGTTCTGCGGTCGTTAATCGTCCTACGAAGCTCTGTGCTGATGGGGAGTTCATGAGCGACGTAACAGGGTTGGTTCGAAGACCCAAGCCAAGATACAGTAATCATATGGTCGGGGACGAAGAGCACTTACCGATTGCAGGGTTCCTCAACATAGTGTTTCAGTATGCCGTCCCGTGTCTGGGGGCTAAAGGGTTGGGTATTGCTGGACGTGCATATTTCTCTCCTATTCGAGCGTCTTCGCTGTGCCTTTAAGGACAGTCTGACCGTATCCGTTACGGGTTGACCGTAGTTTGAGTACTAGGGCCGAATACTGTCATGAGGGGCATGAGAAAACTCGGCCTAGCCGCAAGCGTGGATTCTATCAAACCGTCGCTGCGTCTTCAGTTACAAGAAGAGGCCGACGACACATGTTGCCTAAGCCAGTTAACCTTCCGAATCACCACTCCTATGCATTTGTTTAGGGTCCAAGTTCGACCGAGATCAAAGCCCCGATGGGAACATATGTTTTTGATCACCGTTGCTGGCGGCCATCGCCTCCTGCACGGGATACACGTCTAACCATGCAGGCGCCCTGAGCCAACTCGCACCGTCTAATTCTAATTAAAGCAGCTTGCGAATATGTAGTCTCCGACCACGTGTTGATGCACTACGACGAAAGCGAAACATTCCTTGTCCAGGTCACATCAGAATGGTCCTACTAGTCCTTGCATTTAT,1067,52.01,Mus musculus
SEQ_576716,AGCGATCAATCCGCATCTATTTGCTCCACAGAGAGAGTAAACTAGAGCTCACTAGCCGTGCGGCATATCAACGCTGTGGTAGATGAAAAATCCGTGTAGCGCATAGCGTATGGAGGCTCTTCGGGTCTCATCGCCCCGCTGGATAATAAGAGGATCGCGCATGATAAATACAGTAATTGCAGACGATCCTTTCCCGGCACCGCTGAGGCTTATCATGCTGCGGACGTCGAAAGGGCGCGGTACAGTGAAGTAAGTGCAGTTCCTAATACAGTACGACTATAACCTAGGGGGGCGATTGATCATGGCCGTTCAGCCACCCTATATAGTTCTGTTGCGTACTGAAACCCCCGCTACTATTTGTAAAGGATAGAACATATAATTGCAGGTTCACACTTCATTGACCAGCCCGAGCCAAGCCACGTGCGGTCCTAGTGCTAACCCAATAGGTTTGGACGTTTGTTCCTAACGCGAAACAGAGAGTTTCCTTTACCCGTCAAGTTGATCTCAAATCGACCGCTACAATCGCTTCTGGTTCCTAGGTTATCCACTATTTAATACGCCAGCCCGTACAGAGTATCTGGTGGGGGACGGAACAGTAGGCGAATTGTGCAACTCATAAAAATTAACCACGGCTCTAGTTTCTCCGAATGACTGACTGGCCTGGATGTCATATCCGGATCCTTATGGGAGGGCCCGAGTCTGACTATCGGCGATTGGCAAGCCACATTTTACGCGTGAATTCGCGCGCGAGGTGCCGTACTCTTAAGATTGCGTCGTAGCTTAAGGACTTAGCGCAACTACCCGGGGGGAGTCCTGGATCTGTTGTTGTTCCAATTCAATGTTGCTACTTCCGACTTTTAGGTCCGTACTCCAGAGGTCAATGCAATCATCTTAGGCCATTGGCGGCTAGAAGCGTTTAGATAACCTCCATGCCATAAGAACGCCCCAACAGCGTAAACGCCCTTAACGTCGTCCGCGGGTGATCCCCCCTCCCCATTCTCTACGGAACTCATCCCGTTCTTATATTCAAATAAACCGATTTCAAGGCCAGCCTGCAGTTTTTATCGTTATGTCTAAGATCGAGTCTAGATGCTTATCTTGACCGAGTAACATCACGAAAAAGTGACAATATCGCTGCCGCATAGGCTATCCCGTGGCGATACCTTCGTGATGATAACAGTTTTGTCACCGTTTTTTGGGGAAGTTCGCTGAGCGGGGCTGCTAGGTATATTTTCCGGTCTCGAAGTTCTTCGCTCGTTGGCGTCTGGAACCTAATGCCGCCCGTCCAGACATAGGAATTGGGGACATTTTTGAAACCCCTACCTGTCAGAATTTCACGAACTTCTGATCGGTTGAACGTCACCAAGACATTACTTATCCTAGTGGGCGCCTTTTAAACACTTGACTCGAACATACGAAGCAGGCCCAAAAGGCCTCCGCGCAGTATAGTGTGAACTTCGTAGCACTGTACTTAACCCCCGGGAACCTCAATAGCCCTCACTCCGTCGACTAGTCTCTGCAGTTTGGGGGAATTCA,1536,49.41,Mus musculus
SEQ_810356,CACTGATTGTCCCGGCAGGCGTATCGGGATCTCGTGCACTGTAGCCTGCTGGGGAATACTTGTGCACCAATAAAACATCCGTTTCTGAGGGAATTCAATAGCAGTTCCAACCAAGTGTCGGGTTGTGGGCGACTTTAGTGAGAGGTATCATCAAACCCAATGGCCTGGAATGGTCGAGCGTCTGTGAACTCTTCCGATACGAGTTTATAAGATGAGCGCTATTCACTGCACGCTTAGGTATATACCTCGGCCGTCCACTCAAATGAGGCAGTTGGTCAGTACTACGACGTACTCTCTAGACGCATCTCAGACTGACGTCCTATCTATTTTTGAGGTAATTACGGTTCTAGTAAGGGTGACGGTCTAGAACCACAGTGGGTTGATGGTTCGCATCCGGTAGTACTAGTTACTGGGTTGTAGTATAGACGTGTTGGCTCGTCGTTTTCCTTCGATACAATCTTAGTAAGGGTATAATCCGTGCCTAGGATGACCAAGCCTATCGAGCTCCCACCCCCCGGCCCTGTGCGTGTTTTCAGGCTGATAACTGAGTTAGCTTAAATACCCCCGTAGGCGCCGCACTGACATTGCGTCTTGTCGCCCGGTAGGGTAAGTTGCCAGGCAAGATGACACAGACGAAACGAGAAAACTCACACAAACCTTACATCTGCCGCGAAGTGAGCTTTCGTCGACCTACCTATATTCATCGAGAGAAATTATCAATCAGAATGGCTACGAATTCACGTATTAAGTCTGGATTCGCGCACTCGTTGATCCAGCCATCGCACCCATAGCTAAGGCTGCCTCAAATCTCTCCTCGGTATGTGGTAGATCTAGGTGACGTTGACGATTAGTTTTCACTAACTGATGGAAACAAATCCCTGTCCGGTAACGGTTGTCCGGACCACGGTCAGCAGCCGCACAGAGCCGCTCGCACGGCTTACGACGCCCTGAGCGAGTCATCGCACCCAGGGTCTGAGCAATAGCCACAACACCGCCTACTCATGCCTTACACGGGAATTTCGTGGCTACAGTTGCTCACCACCTCAGATCTCGACCTTCCATAGCTCCAAGACGCCCCACGTGGATTGGCCGCAGCGTGAATGATGATAGGGGGGCGAGATGCTCGCCATACTAATGGTAGGTCCTAGGAATGCTCACGGTAGGCTAAAGGCATAAAGATCCCGTATAGTGCATTGTCTGTGTAGCTGGAACGCGGATTCGTAAGTCGTAGTGGAGTCGTGAGGCGAGATCTGATCTAATTCTTCTAGAGCATTTCGTAGCGCCTACCGTCTCGGAGATACAAGCACGACGGGCCAATGGGTGACCAAGATCGTCACCTCGGTGGCTGGCGACGCCCGCCCTATATTGGGACCAAAAGTGGCAAGACACCAGTGTCGGACTTGTCGGACGTAGTACCTCAGCCCCTTTCCCGTCAGCGTGCCACACCGGGGACAGCACATATTTTCCGTCT,1471,51.87,Homo sapiens
SEQ_643396,GACTCGCTAGGCGCGTGCAGTCCGTATGCAGTATGTAAAGCACTAGAAAACGGGAGGTAACAAATGGGATCTCGCTTTAAATTGGACACGGGTAACTGCCCTGCCTCAAGCTCCTCGGTACGTTAGCCTTAAGCTATGTGCTGCCTCCTCCTCGGGGCCATACGGAGTCCAAACTCCGACCACCGAGACTACAAGTTAATTCGCTTGGAGGGATAAGACATGCGGTATGACTCTAGGCCTGCGAGTCCTCCAGACCGTCCCATACGCTGAAGAAGCATATCGGCAAGTCGTGCCCCGAAATCTCCAATATTAAACCCGTACTTTGCGGGAGTTTACCCGTATACGAGCCACAAAGATACTTTGTGCTTCTAGGTGCATGTTGAACCTATACATCTACAATGCCCCAGAATGGCTACTAGTTGTGCATGTGTGCTGCTCTGCAACCGTAGCAGCAGCTTTCGCGGGCTTAGAGATAGGTTATCCATTTCAATATACGGCCCTAATATCTACAGGCTTAAGGCGCGGTCGCGAACCTCCACGAATGAGGTTTGGACGCCTTTGGTGCGACCAACGACGTTGAACGATGAAGGGAGTTAGACTCTTCGGACGAACCCTGGTTATACGCTGTCCCGTCGACCCGTCCGACCTTATC,652,51.69,Escherichia coli
SEQ_536725,GGTGCATCCGGAGCGTCTAAGCCATCGACCTGATCCATCTAGCTCTAATTCGGCAATCTCAGTACGGGTTTGTAATAGCCCTTATAGGTGCCCCACCGCAGTCGGACGCCTGCACAGAATTGAGTTAATAAACATCTATCTTTGCAACGTCTGAGATAGGTGACTTCAGGGTGCGACTACGTACTTTTGGTAACTGGGCTTCACGCGTTTCGTTTTCTGACAGGTGGCTAAAGTAATGCAGTCGTTGCAAATTGCTACATAGGTGACTCTGCAAGCAGTAGAGGTCTAGTGGATCCCTCTTAAGCTGCGATAAATCTCGTCAGCTGAACGTTACTGTAACCGTGTGAGTTGAACAGGGCTGGATCGTTTTTCGGAAGATTTTGCTGAGCGAACCCGGCCGCGGGGTACGATTATTGGACCTGCGAGTTCCCGCAGATATGTTAGTTTAGGTGGCAGGGGTCGTGGTAGGTTGGGTAGTCAAGTCAAACGGAGGGCTCCTCTATCTAGCACTTATCCATAAGAACAAAAGCGCGGATTCTCTAAGCTGAATGAGTCGCGTTACTATTCCCCCCATTGGCGCACCTCCTGGGGCACTTCCAGCACGAGAGCCGGGTCAGCCATACTCTCCTTACAGGCGCGAAGAGGTGATGATAGCCCACCTGAGTTAGGCGCATTTGTCTCGAATTGCCTCTTCTTGTCGATTTACAAAACGACGACCCATCAACGTTAGCAGCGTAACCCCGGGTTTGCAGATACAGACCCATTTACTTGTGGTTCGTTATTACTACTTACTCTCGCATCTGGTAGGAGCGTGCCATCATTATCTCATAAGCAGGACCGGGGGAGCGCCTTAGAGCAACTGGAAGTGTCCCCAGCCATCCTCACATCGTGTGTGGGCTCTGGCAACCTACCAGTCAAGTTCCCCGTATAACTAAAGCCCGCCACTTCGATCAATCGCAAGCTAGACATTGCCAATTAGGGGCGCGTCGTGCTCCGCTTGGACCACATTACAAGCTTACGTCAACTGAACCTAAATGTCTTCCCTTTTCATTGGACGGATCTAGACATCAGGGACGACGTCCAGAGATAGAAGGGGATAATCTGTTTATACGAATGAAAGTTATACGCCTGCAACCCGCTCGTAGGAGTTGTCGCAATAGGAGTTATCATTAAACCCTACCGTATAGCCAGGGTCGGGGTTGGTAGGGTATACTCGCGCCCCCCTGGCAACGCTC,1235,50.77,Escherichia coli
SEQ_959925,GTGGTCCCATCGACCCGTCGGCAGCGATCCGGATGATATGCTTGATGCGCCCTAGATAAGAATCCAACTCCTTTTGACCGTTCCAGACCGGATTCAGTCAAAGGAGAAACGTGGTACGGCTCAACTGTCGGTAATTCAAATACGAAGGACGTCCTCGCTAGGTAGGTGTCGACGCGGGAACGCACCACCGCCGCTTGTGGGGGTCGTGCGTCTTGCGCTTAACTGTATGTTTATTAAACCTCCGGCCGATTGACTCTCTGACAACTGCGCCTGCGCGTGGCCGCATCCTCACGTTACGACACAGTTTATTTTCCTCACTACCAGTTGTTGACCGCTCCTCCTTGCGCGCCTTTCACCAGCTCA,363,54.82,Saccharomyces cerevisiae
SEQ_896807,CCCAGTATGTGAGTACTTTGTGATTACTACCTCCCCACCTAGCCTTCACATAGCTATGCTGGAGTAGGGTAATCTCCACCTACTCCACTCGTGTGCGCTCGTTACTAGCTACGCAATTTACACATTGGCGACCCTTTCATCTTGAAGGCATATGAATAACCCGTACTGTATATCCGAGGCGAGCGCGACCTGTACGTTGCCATCGTGCAACTGCCACGCACCTGGTCAAATAACAGATCTCCCTGGTGAACTTTGTGCCGACGCCCGCGGGCAGCAGGCAGGGACGTAACTTTGCGCATATTGGTAGACCAGTACCGGCGTGAATTTCCCGTCCCTAATGAATCTCATCTCAATGATGATCGACCTGAAACACGATTTTAGTGCCTCTCAGCCGAATCTCTTCCCGGTTCGTGTGGATCAATATGCCTCGTATGGCTCAATTCCGTATACGCAGGTTGTTCCACTGATCTTGAGCCCGTTTGAGGGGCCAAACGTCAGAAACCGTCCATCTCACGGAGGCTCAAAGATTGGCAAGTGAACCTTTGCCAACTCGCGCCATAGAATAACTTGACGGCAATCAGTTCAGTATTGGTCATAGCGTATTCATTAGCTAGGGCGAAGAATTGATAATCAGGCGTTAAGTCTTAGGTTGTCTACAACTAGGTCATTAGATGGTCAAAGTCTCCACTATGGCTAGTTATATGCCAATCGGTTATTCCTCCGTTACATCGCTTCGTAACGACACGCTAAAAGCGGGACATCGCCAATCGGCGACGCGCTGAACTTTCCCTCGTAATCCAAAAAACGTGCTACGGGGTTAGCCATAGCAATACATAGTAAATGGTCGTGACCTGCACTAGCGGTAACCTTTGACAAACTCCATCCCGAGCAGCGAAAGACAGAGTCTCGTTAATTAAAGCTGTCCATTACCGGAGAAGACGGGAGACATGAGAGCCGGTACGGAGCAAACGGCGTAGGCAGCATGAATCGACCCCCTCACACTTAAGTGATCTTTTCTCACATTCACGTGCAAGCTCCGTCTGAAGTTTAGTCCAACCGTGAACTAGCCCCGTAGATGAAACCGTTCTAGCTTTTATTGGGCCTACCACTGTGGTTGGATACGTACTGCTGCTCCCTCACGGATAACGCTGGTCACATGCGTTGCTATCCTGGTAATTGGAGACAACCATTTATTACTGCTACAGGGATTCTGGTGGTGTTCACTTGACGCGGAAGAAATCGCTTTTGTCATATT,1255,49.0,Mus musculus
SEQ_230270,AGTCTCCCGTCCTGAGCAACGCATACTTAGTAATAAAAGATAGAGTGAGATGCATCTACGTTGTACTGTGTACGGCGGTAAGTACGCAGTGTCGTTCTTAAGACCTACGCTCGGGGCTACGGACGTTCGTCTCCCCGATTCCGAGTTAACAGTCTTACGTGCACTGGCCTGAGCTGGGGGAGATTAAATCCTCCGATCCGAGGTACCTGTGGAACCAGCCGCTTATCTTAACTTATAGACCGCCTTTCACACTTCCTAGACGCTACATGGGTCCAGGGTCGTACAAACAAATGCACGCAATGTTCTTTGATTCCGGGTATGCAGCATGCAAGCCGTAACTACGCTCTTCCGAGGCACTTAATTCCACAGCCCGATGGAGAACTCCTGCGCCTATGAACGGTTACTCCCTTGCTGTTTCGGAGGTGATCCAAGTTTGTCTCTTTGCAACGCGGACTTTGACCTACCGTGGGTTGAGCCTACCTCGTCCACTGTGGGTCCTAACATGGCGATGACTCGCGGTCACAATACATGTCCTGCTTCTTTATTATGTAGAACCTATGTAGGCGGTGGCTCTGTTGCAATAGTAACGCACGGGTTATTCGGCCTGATGGAATAGGCGTGACGTTCAGAGGCAGCGACTGGGATCTCGACCAACTCACGATGTGGCTTGATCTGTAGTACGTGCGTGCAAAAAACGTCAGATGGTAATCGGTAGAGAGCCACGTATTGCGGTAGATCCGTCCTACGGTGAACGCCGTGAGGAGCGTCCCGTTCCATATTCACGATGGAAGCCGCCCATTACTTTATGGGTTTTAAACTACAGTCGCCTGTACATGGCCTCGCCACGCGCACCTCAGTATGTCCCACGTATTCCGGGGCGCAGCAACGTGTTGAAACGACATAGCGTGCAGTGGACAACTCCTGGCGACCCTGGGTGCACGCAAACGATCGAGTACCAGGAATGCTTGGGGAACTCGCCAGGCGCTGGCAATATCCACACTCGTGGTGTAGGGGGCTCTATTCTCCCACAATTCGACATACCTAATTAAGTCGAGCCTGTCTAGTTCCCGTCCGGGCCAACACTGCGTTCGGTGCGAGAAGAGAAGGCGTGTTACATGCGACTGTGTATTGAATGGAGTGTCAAAAATGTAAGCGTAGTGTTATATGGTATGCGCCGTTCATGATATCTAACCATCAAAACGCAATCAAAGGTTATGAGCCTCATATTTCTGAATAGCGCTTTTCATTTCATGCCCTTAGGGTAGGGAAGGGTAGGTCAAGACCTGCCAGATCAAGCGACCGTACTGACGCACCACCCTCTTCGTCAAGAAACCACGACCGTGGACCGATACAATTGCCTACGTTGGCAGTAAAACCAGCTAAGATAATTATTCCACAGGTATCACTAAGTCCATCTATGGCCTTGTATATGTGGTAAGTACGAGTGATACTTCCCATAGCTACTATCCTGCTCAAATTGTCCCAGCCATTACGGGTGTAGTTACACGATAGGTTGCGTAAGCGGGGTGTGAAGTTTACAACATCCTGTAATCAGATGGAGGACCGCACACAAAGTATATACCGAACACATTATTCTACGATTCACAATGGCGTGCCGGGTAATTTTTTAATAGCATTCATTTGAGCCTCATCACTCTCGAAGAACGGTCCACTGACCTAGTGGAGGTAAGCCATAGCTCATCTCGGTATCAGCCATACTACAATCTAGCGCAATGTATTCTATTGAGTTTCCCCGCGCTTGGTCTGGTATCAACACGACAAAGGAGCATCGAGGT,1796,49.83,Escherichia coli
SEQ_278460,AGCCAGGGCCCCCGTCATTCCCACCAACTTTGGTTATTGTCGTTTGCGTTACCCTGAAAAGAAAACTTTGTAGGTGGTGTCTTAGTCGATGTAAAACCGGGATGTTAGTGCACCATTCCGCTAGGAGTCGTGCCTCTGGGAGCTTTATGAGTAAGTCACGCTTGGAGAGCGGTGAATACGACCTAGCATGATTGAGGACAGAATCGAGACACCGATCATGTCGACCATAACTGGGTTTATTGCCTGTATCTTTTTCTAAGTTGATGTCTTGAAGGAGCCAAACTCTGATATTAATCAACGTCGAGATAACACAATCATTAGGCCAAGAGTCCGCGCACTCTATCTGCAGAATGTATTTAAGCCCCAAGATACAGAGACCCTTTTCGGACACGACCAATACTCGAGAGTCTCGGGCCGGGTCGCAGTCAGTACATTACCGGAATAATCTAGGCCTTGACAGAAGATAAAACCCGTTCTAACCGACTGCTGCTGTGAATACCGGGAGGACCAAGAACTTAACTGACCACGGACCACCCCAACGTTCGAGGCACACACGTAAAGGGCAAAGACGCGTCAGTTCCACTCTCTTTGAGGTCGTACGCTGCAAAACAACAGGGGACGCGATGAGTTCTTCGAATTGGGCTGCTCTGGTTCTATTATGGGATAGATAGTTCAAGCTAGGGCGGGTCGACGCCAGAAGAAGTTAAGGGTTAGGAATGCCGCCTTTCCCTTTACGAATCAATAAGTACCCGTATATTTAACATACCCATCACAGAGGGTTAGAGCTGATATCTAGTCAAACCCCTGTCACTTACCTAGAACGTGGATTTATTGGTACATCTCTGCATAAGCCTCTAATGTCTTTGCAGTCCATGTTGTACGCATGAACAAAGACGGATACGTCAGTGCACCGAGTGAGTAGAGGTCCTTCCGGAAACTAAGTATTGCTAGTGTCCTGCGGAACATGTTGGTACTTTCAAATCGATTGCACACCTTACTAATTCATAGCAGCACGCCTCCAGCTAGCCTTACAGAAAAATAACTTTC,1047,47.09,Caenorhabditis elegans
SEQ_400511,TTAGGCTCAGTAGGACAGCATGTTTGTATCTCGTACTCTGGTGATTCTTCCAGTCTAGGGCGTGGTCCGGTAAACTAAGCGGGCGTACCGTCTGGTAAGTGGCGCTTATCGTAAGCGATTTCAACATCAACGTATAACAACCATTTCACTCGACTCGACCTTATTGACAACGGTCCTCAACGCCGTTAATGCAATCTCTACTGTCTCATATTCTTTCCCTCAGTCCATGGATACTACCGGATGTAGTCGTGACAAGTGAAGCCAGACCAGTTGCTGAGCACAAAATGCCGGCAGTCCTTATTGTATTGGTGGCATTTGCTTAAATACCTACTGATCCACCAATTTGATAAGCCTAAAATGAATTTTTTACTAGCGCGCGGACAATCTGCTGGATCCATTGGGATTCTGACACATGAATGCATTATTAAACAGTGTCGCGTGACGGTGAACACGTATCCCGGCCCACACGTTGACAAACTACAAATCGCGAACAACTCCAATGGGAAGCGGGATCAATCAAGTGGTTTACGTACGAGGTAGATGCTAGCTATCCGCGTTCCTCGTATACTAAGCGACAGTTAGTATACTTTTACAGATGGAAGTGTCAAGTTCGACCAGCAATCGAGCGTGGTCGACGCCGGTGTCCTTTAGGATATCACGATAGCTAGTTAGTTGCACACCATTCAATTGGAAGTCAGACGACGCTCCACCCTCTGGTAGT,721,46.74,Arabidopsis thaliana
SEQ_410783,TGAGTCTATTGTGGAAGTCTTGGTAGGCACGTCTACCTTTTCAGTTTACAAGCCCTGCTGTTTAACGATGACTGCTCTCCCGCTGTCTGGTCGCTCCTCTCTCAACCGACTTATGATCCGCATTCGCTACCGCACGTTATTCCGATAGTGCTGGGCCTGGTCTGCAGATTGTTCCCTATTAAAGGCCGCGCCCCATTCAGCCGCTGTGTAGATTACCGTCCGGCGGGTGATCAAAGATAAGAGTTCGCTACTTCTGTGTTCGAAGCCACGTTATTAGCTCCCGAATACAGTTTAAAATACGTGACGTGAGGTTAAGCATCGAGGTCAAATTCAGGTTGGACAGGGCGCAGGCAACAAAGCGACCGGGGCCCATGGAGCCCTTAGACTATTTGAATGGCTCACGTGCGTCACAAATTGCGCTGGGCATTGCGGTCCATGGAAATTTTATAGGGCCCAGCTTGACTTCTCGGAAGGAATTCTTTCAAAACCGAAATATGAAAGATAGCTGTTTATTCAATCATGCACACATGCCGGATGCACTAAGATGACTCTATTTAATTTCTATTTGATACAATTGAGCTATTTCACTTACCACGTAATACACTTATACTAGGAGACACTACTAACGAGAAGAGATGCGTTAACCAGTCAACCTTGACAGATCTTGCGCCGCCGCGCCCTCACGCTCATTACCCCAATGACCAGGTACAATGCGTGAGCTGTATTAGTCAGTTCGAACAGACGCCGTATTGACGGATGTAGTTTAGACGCAGTTTCTATGGAGTGCTTCCACCTAAAAGCGGCACGCTATAAAACAAGAGCAAGGTTATTCCTGGGCGTCTCGAACCT,849,47.82,Drosophila melanogaster
SEQ_934872,CGACGCAGTGGTGGATCTCACCATACACTGCTAGCTAGCGAATTTAAACGCCCGTGGATTACTTCCTCAAGGCGAGCAGACCTTCTTCCAGTACTTAAGAGGATCCTGATTTCTTCAATTCCAGGGACGCGTCTTTCTTGTTCATTTCTAGGGGGCTCGAAAGCCTTTCCTGGGGAGTAATGAATCATAGGATCTCGTTTGAATCTGGACGTGTGCTGATTTGTGGGAGGTCCGCATCCCGGGCCTCCTCTGCGGAAACGTACCCATAAAACGCGTCGGTCGCTATGACGCTCTTCCTTCCTAGCATAGACATGTAAGCTAGGGTATTGCCTTTGATCCAAACGCGAACTGGGAGTTTTCTGTGCCTCATACCGGGCTCGTACGAAACTTATCCTTAGTAATACAGCTCCTGTGGCTTTCAAAGTGCCTGCCGGCATGTCCGCAACTATGGCGCATACATGGAAGTAGCACAGCTGATAGTAGCAAAATTCAGTACATGCAGACCCTCCCGGTTCGGCTTAGTTGCCCATCTGGGAGAGGACTAGCCTCTTGAATACCTAGGTAGGCCCATTGAGTATCTTGGACCGGCCCCCACCCTCCGCTGGGCTTCGACGCGGGGCTAGAGTCGCCGACCCCTTCAACGACATGGTTTAGACCGAGGATCGTCCGCAGTGACCGTCTCGGCCTATATGCTCTTAGCACAGAAGGGGCGCACAGAAATTGGCGGGTTCGAGCTCCTTCGTTGGCCGAGCATCTAGTGATGGAACCCCAATCCCATTCACCCTCAATCTCCAATTAAGGGCCTTCACTTCATTCGTTCCGAGTTACATGAAGTAGTAACGTTAGCTTGTGCAATCATCGCCGGCGCTAACTGCACGCTTGGCTGTGTCTTTCCGGTCTGGAACGAGCTTGCGCACCTGGCGACCCCTGAAGTGGGTTTCGAAACGTAATCCGAAAGTTAAATCGAGCGCAGACCTATACAACTCAAGTACAGAATCGTTCCCCGTTTCTCGCCTGAAGAATCCGGCTAACTGTACTCGGGCTCCTCTTCCCAACAATGGAACTCCACCAGTGAGTATGTATGGATACTGTACTGCCTTCTCCTAGTCCTTGTCTCGCTTGTCCATTATTG,1132,52.03,Drosophila melanogaster
SEQ_342444,TTGCTGGATACATAGGTAACGCGCTGACGATGGAAGGCCCTACCTTTGTGAAACCATACTCGTGCAGTGCGTATCTGTTCGTACTTCATGTCCTGCCCATACCTCAGACACCCAGGTTTATCATCTCAAGGAAGCAGCCGTTAGCTAATAATTGATGCCAGCAACTGACATCGTTGACTCTATAGTTTCTAAACATTGGGACACTCACGGTATCATGACATAACCACGAGACCGGCCCTGGTTGGGCAATATCGTGGAGCGGGTAATGCAAAGCGTAGGTACACGGTTCAAAAGTACGTTTTATTAGGATCCACATTGGCTCCTAAAACACAATGCACGATGTAAAAAGTAAAACGCGAAACCTTATCTTCAATCGACAGATTAGGACCTATTGCAATGGACATCAGAGTCGAAATTAAGCCCTATCGGTCTAACTGATGTTATGTTCAATATGTTCCAATATAAAACCGCGATCCGTACCGGAAAATGATGCCGTGCCCAGAGCTGGTATGACCAGCCGCCCTCTTGTGGGCTTTGCACGCTCGAAGTACCGGGTCACTGGTCAATGAACGGGTATGTACGGTAGCATGTCCTGAGTGAAATCGATTGTTACCGCCGGTGCAGTGAAGTTCGTAGATTCGGTGAACGCGCTTTATAATGATTGTGCCGTGCCGGTGGAGGTATGCCGCAGGTATGTTCACAAGGAGTAATCTGTATCCATTTTTCATATGTTTGCAAGCTCCACAATGCAGCGCCTTCGAGCTACCGAGATATCCTCGGCAGGTCTACGATTGCACGTCGACAATTCAATATAATTATAGACTGTTGTATTCTGGACATATAAGCCGACCGTGTGGGCGGCATCTATTACGCAACTGCTTCACTTTTTATCTCAATTATCATCCCCTTCTAGTTTTGCATGGCTATGATTGAGGAACCGACGTGCAGAACGCTAGCACTCAAAAGAGATTCTATCTCATCCGTCCGAGTTTTTCTAATATGTGGTCGTTACGTCGGGACGACATCTGAACATCCGCCTCAGTTGGGCTTCGACTGCAC,1059,46.74,Escherichia coli
SEQ_628859,GGGGCTCGCATTCCCGGGATATCTACATGATCTGTACGTCCACAGTTAAATGCTTACCCGAGTAACTTGCTATAATGTGGCGCTTGTTCTAATCACGGTGCCAGGGTGCGACGTAAA,117,49.57,Arabidopsis thaliana
SEQ_403951,AGAGTGGGGATGGTAAGAAGATGCAGAAAATATAACTTACATTCGCTATAAGATCGTTTTGCCCCGAGCAAGTAAATCGCTTACGACGTCATGTGTAGCTGCGAAAGTTTCAAGTTCATTTTAGATGGCCATTACCATAAAAGGATCCCAGCACGACCTGGCTCTTGGATATTAGTTTAGTCTGAATGTCGTTTGTTAGGCCACCTCAAGTTATAAAAAATAATAAGTGCCCTCGTTAGCATCGGCAAGTTGAACCTATTTCAACTGACCGGAAGGTCGGAGCGCGCCATGCTGAAAGCATGACATGCCCTATGCGTGATTGATGATGATTAGGACGCATGCGCGCCGCTTTAAGACTCGGGACTCCGGGGCCGCCACCTAGGCATCAAGACCCCTCAACTCAATGTCCTCATGCCTAACTTCCCTGGGTGTCACTGTCTCTTCATCTAGCCTGGTGGCCTGGGAATCAACGCCCATGCGTCCAAAGGTGGGAGCGAGTTACTTGTTGCAACCATCTATGAAGATAGGGCCGTGCCCTCCCCCTGAAAATCCTGGATTCTGACAAGGGTGAAATAAAAAGACAGCGAGCTACGGACTATGCTACCAGCTCTTATATGAGCTACCTACCAGTATAAGCTACACCTTAATGCTTTAGCCGGATTAAAACACCCTTAAGACTGCATGATTTCAGGACCTACGCGCCGAGTGACAGGGGGTCCATACAAGGTACTCCCCGGCCGTTTCGTTCCTAGCGCTGTGTCGTTGCGTTCAGACAGGACTACTACTCGCCCTCTAATGTTTGGGTTTTTCTAAATTCCTTTCACGCTCAGATTCGATACACGTTTAACGTGTGCCCCTGAACATGTTCATGGTAGTCTACAGTTAACGTACACCTTAGGTGGTGATAGTGATAATGTGCGGACACTGTTTTTCATGGTGTCCTTATGAATAGCACGCATCTGATGGCCCTGTAAGTTCGTTCTGGGCTACTAGGTGATATGACGCCCCCCGACTAAAGTCACTCCGAAAGCCAACTCTGTACTGCCGGTGACTCACGAGCCCGTGCACCATCTGCAAGTAATAAAATAATGAGAGTGGATATTCCCAGTCCCTGGACGCATTTAGGGTAAGGCGAAGTAGGCCAAGTTGCTAGGAAGGCGCATAGATCCTTAAAGGTGAGCATTAGGAGATTCCAAAGAAATGCGCTGAGAGACTCGCGTGGTGACCCATTGGAGATCACCGAAGAATGGTTGGTAAAGGTAACGTGACAGACTAGAGAAACCTCGAAAGATCCTCGATCTACCGAGTCCCTTGTTGTGTGTCTACATACTGTAGAATGTTCCTTGGTATGCTTGAGGTGAGCTTCGTCCTTGCCAACCACTTCAGAACCTAGAGAAGGTGATACCCCACTGCCTACAACGCTCACATGGTCCTCTCGAATTTAGCGTCCCATCTATATGCTCGAATCGGGGAGTGTACCGGGCCGGGCATGGATGTGACAACCTATAGGTGCCGACAACACAACGGGGAAGGTCTGCCTGAAGTGATCGCCTAATTGGGCTGTCCATAATAAGTTATTGAAATTTAATGGGTGGGTTCAGCGACCATTAGGTGAAGACCCTAAACACTGGATGGCGGGTTTACCGGGTTGTAGGAAGCGACGCTGGCGACTTTCGCCGCGATAAATCATATCGTCGGGTAACTATATTGAGATACCCTGAGCTGACCCGTAGTTCTAACTCATGGTTAAACCCTGTGCCAGGGCAACCT,1770,48.81,Escherichia coli
SEQ_655252,AAATTCAGGTCTTTCTTTACTTGCGATGCCAGACCCTGCTGGCGGATTTCAGTGTTCCAACGTTGGACTTGTAACTATAATGGGTTGTTAACACGCATTACTTTATGATTCCGGAGCTCTGTCAACCCAGGATGTGCCGGTTATGCGTCCAGATGGGCATGCCCCATTTAATGAGGTGTCCGCGCGCATAGCTTTAGGTTGTGATCCAGTCGTCCATTCCGAACGGAGTACCAGAAGTAGATTCCCGCAATCGAAGGAGCCCTAGGGCCGCTGTTTAGGTTCGGGCTCGTCGGGGGCGTGTGTCGTAGTACAATAGATCCAGGGTTTCGTGGTTTGCGTGCCTCCGGATAACGGCTCCATGGAGTCGCTCGAATCAGCCACAATTATGAACGAAATACCTTTTCACATCGCCTTTGGTGCCTAAATCTAATAATTTCGGGGATTCTGTCGGGACTCGTGTGCGAGGTACACGAAGTTAGACCCTGTATATCCCAGCCGCTGCAATTGTCCCAGACACGTCCAAGCCATTACTCTCTCGTGGCCCTGTCTGGCTAATGAGCACGTTTAAAAACCCGCCTCCGTGGGCTCCACGCCAAGCCACCTATGAGGTACGAGTTTTGTTACTGGGAAATGAGCAACAGTTACATGGCTTCATGCAACGGCTGCAGGAGCAATGGAGGTCTCTCATCAAGTAGGCGTTAGGGAACCATGCAAGTTCCCCACCGAGCAGCATGAGGAGGGAAGGCCTTATCTCCTGAACAGCTGGCGGACTCTGAGGGGCAGCTGTTACTCCAAAGCCAAGGCCAGTTAAGAAAGCTGGTCCGATTGCCGTGCAAACGGTTATGAATCACCGTATAGTCGAAACGCCCACACGTAAGTACTATTCGCCACACCCTTGCACCAGTCCAAGTGAATCTTGATTTAGATCGAGGCGATATCATTAGTCTTCTGTTTGATATCCGTCATGGACTTATACTTGTTCAAAAAGTACATACTTTTGTGAAGGCACTATCTGCCTCATTCCGTATCAGGAACAGCCAGCTAGGAGTAAGTAGAAAACGCTCAAGCCCTACTACCGATATTGCTTGTGACGTGGACCTTACGCAAATCATCAGGGATTACGTACCTTCACTTGGCCGAACGACAGGTGCGCTTCCTCGGGTTCAGTATGCTCCGGAGAATCCGGGGGCCCCAATAACCAAGGAGAAATGGTTG,1215,50.53,Homo sapiens
SEQ_701478,TCGTCCGTATAGCACTCGGATATCAATAGCGCTCGCAATGTCGAGCAGGA,50,52.0,Caenorhabditis elegans
SEQ_103902,CCACTCATTTACCGTCTAAGCCAACCGGGGCAAGCACTGGATGCAATATAGAGTTGGCAGGCACCCTTGTCACTCATACAAAAAGAAAATTTGCGGTATGTACACCGAGGCCCCTCAATTCTTCGCCAACTTGTCAATTTCGCGCCCTGTAATTGGGGATCAGAAATTCATGGGAGCAGTCCTGTGGGACCATAAAACGACCGAACAACGAGTCTAAAAAGGCGGGGTTATGGATAGACATTTACACAAGAACTGTCCGGTATGATCACATAAACGAATGTAGCGGACGTGGTTAGGGGTGCTACTCTACTGAAGCATTGGCTGCCGTAGGAGAATGTACGCCTTCCCTTGTCATACCCAGGTAGGCGTAATGGTTTTATAACCAAGTGTGTGCTTGGACAGGTGCAGGGCGCGCACTAGGTTAACCGTTCTTGGCTTCGTGCCGACCGCTATGACGCTTGTCCATTTGAGACTAACGTATCCCTGCTTAGGTATAGTTCTTTCGAAGGGATCCCGTATAAGGAACACGAGTCGGACAGCCAGCATACATTGCCTGGGTAAGCGACTTCCAAAGATGAGCGTGATCCCACAGTCAAAAGGTTATAACCGGTGCGGAAATAGTCTCCGGGCTTATGACTAGTGCACGCAGATCTGAGAGCGGATGTATGGAGAGAATATTTGCCCCTTAACTACAATCTCATGCATCTCAATTGAGAGGATGCTTCACGTACCAAGACGTCTAGAGGGGAACAGGAAGAGTAATTAAATTGCAGGACGACTGGTGGGAAGCG,791,48.8,Drosophila melanogaster
SEQ_587287,GACGATGAGTTTCTTCGATGAGGTGACAGCGAATAAGGCAGCCTAATTATCAAGCCTCGAGTTCTGCACAATGGTGTGCTCCTCATGACCGCTTAGTTTATTAAGAGGTAAGATAGGACAAGGGGCCCACTGTACGAGCCGTCGTTAGAAAGCGCTGTCCTCTACACCCGAAGTATGTCAGTTTTTTACCCCCAGGCGGCCGAGCATCCTAGAATAAGCGTTAACC,226,49.56,Drosophila melanogaster
SEQ_741254,ATGCGGTTCCGCTGAGTGTACCTGAGGCGAGTAGTTTCAATTTACCTTTGGCCGTGCCTCAGTCGTATAGACACTTCGGGTAATGATGATTACCTTGGATACATCCATACCTCATGTGATACCATGATTAGAAAAGATGGCCACGATCCTCACTACTCCATCAACCTTACCTGCCGTCCAAGCAGTTTTGTGGTCATCACTTCCACGTGGTTCGTATTACGGTCGAATTGTGTAAACAGGAGCTGGCGCGAGAGGTGCTCAACAGGTAAAAGAGCCAAAAGATGGAGCACAAATTAGATTAAGTCAATCAGGTGATCAGTTCCGCACTAGCGGGTGATGGGAAACTAAAAGGCGTCCTACTCGATATAAGACATGATCAAAAATTGA,387,45.74,Caenorhabditis elegans
SEQ_642840,TTCACATGAGTATATTTTAGGTCTGCGAACACTGAGAACCTAGTATATTCTCCTCAGCGAGTAGATGGTACTGGGGTGAGGCTCAGGCGGGTCGTAGGCTAACTCAGGCTCGGCGCGTAACCTGGTCTGTGCCCTATGTTTTGGAGAGTTTGGTTCGTACCGGTAACTTTGGGTCCAAATGTGAATCAGTACGGTCTCTAACGTGTTAGTTCCCATCGAGGAAACAGGTCCTGACTTAGAATCATATCGCGTTGGACGGGAGCCCAAAAAAGGTACCAGATGGGGTTACTCTGGTAGCTTCTTAA,305,48.85,Homo sapiens
SEQ_273893,GTTGCCTGTTTATAACTCCAATTCAGAAGAATTAAAGTCTGAAGGCGACGGCTACTCCCGAAATCTGTCGGTCAGCTTCACTACGAGCAACCTCACTGCCCACCGCTTTTGCTGTTATTAGCGAATGATGCAGACGACCTACCTTTTCATAAACTGTTGAAGATGTCCCCAACGTTTTACGAACTTCAGCTGAGCATGACACTCTAAGTTTAAATTCCCCGCGCCTGCTATATGTTTATCGTCCGGGGATGATGGTAATTCGCGTACGCTGATCCCTTAATGGGGTAGAAAAGCTTCATTGTAGACACCACACGGAAAGTAACGACAGTAATACAGGACTGCGCTCGAATACGTGCAACTTGGGCTAAGGTTTTCGCGGAGTTTCAGCGTCTGTAAAATCCATATGACAAAGCCATCGATACCGTATCCGGACGACGAAGTACATGTCAGTCGGACTATCGCCCTTGGCGACTAGGTTTCCTGAGATAAATTTTCTCCGTTTCGCGTAGTGAGAAGTGGTGTTAATATTGGATTATCTGTCTAATGGGCCTCTAGGGCTCATCCCAGGCTCTTATTTCATCAAGGTGCTGTAACAACCGCATCATTCGGTTTAAACACCCGTGACGGATACACCATTCATTCTATTGAGCGACAGAGCTTTCTGTTGGACGTGGGAGATAATACTGGAAATTAGCGAGGGCGGATGGGGGACGTTGGGGTGGGGGATGCTTACGTGGAGCGGTCGTTTGATCAAAATCTAGCCGACTCTTAAACAGGACGTCTCCCCAGTGTATCAGGTTATGCACGGTGCCACCATTTTGGATTGACTTTCTAAAGATTCAGTCGCGCGCAACGCCAGTAGCTAGCGTTACGGTGCCACGGGCCATGACGTGGTGAAGTCATGAATAGGACCATGCGCAAAGTCCACTTGCCACTAGGCCCGCCGCTTCGTTTCAATATTTTACAGTGCGCACTTGCATAACATGTCTCGTCGCGCCCTTCAAAGTGAGCTAGATGAAACATCCCGCGATCCCAAGCAGTGAGTATGATGTGCTGTATTCTGAGCCGATTGTGACAACACCGGTCGTGGGAAACGACCCGTCCCACGTAATTACAGTAACCAGCCATTAAGCTCACCCGCCACAGTGTCAGTATACGCTGACACTAGCCCCCCGGCTGATGCGATCGTGTATGAGTGGTATCCTCGATTAGGTCCGGCCGGGGAATTGCGTGAAATGGTGAAGCGTGACAACAATATTCGTCACGAAGCTGGAAAAGTCTAGTTTGCGGGACGAAGAAAAGCCCATCTCTGCGTCGCGGACAGACAGGTTCAACTAATTCTCAACAATGAACCGATCGGGAACTATTATATGTCGCTTCCGTGTTTGTGCGCATATCACGAGCCAGGACTGACTCACAAAAAGCTAGTGTTGCCAGTGCCAGCTGCATCCTATTCACCCGATCTAGATGCACCTGCGGTCTGTTGGCTACTTGCGCGGAGGGAGGTCCACCTTCGTGCTTAATCTCAGTAGAGACCAGTGTAACGGGGGATACGGTATCCGCGTTTGCTCGGTCCGC,1578,49.87,Homo sapiens
SEQ_813854,ATAATAACTAGTCCCTTTGCTGCGCAGAGGTATCTAAGCTGCAATTGGTGCGTAACAAAGCGGGTATTTGACCCAGCTCTGGTACTTCTTCCATACGCAGGATCTAATCTATACGTCACTAGATGAATGAGCCCAAGCGGAGTCCAAGACGAGAGCAGATATCGTGGAATTGCGAACCCTCCGAGCCCGTACTAAGCCGTTCAGAATGCGTGTCAGCGAAAATGAGACACACAATCCCAGGCTTGGGATAGTACACCTCTATTATCAGCAACGAGAACTCCGTGTCTCCCTCGGAATTCCTGCTGGCATGCTAGCAAAGAGTGCTAAGCACGGTCGCGAACGATATACAGATTATGCCTAATGGAATGACAATTCACCGGGAGCCAGCTAGGAGTTTCAGGTTACTATCCAATCGAACGGGTCCATGCTAGTTCAGACAACTGACACGAGAGAAATCATCGTTTGACATCTCCAATGCGTCCTACGGTGACGACGAGATTAGGTGCAGTGACCAAACGAAGGAGAAACAGCGAAGGGGCATAGTGGGCTATTATGACTCAATCAGCTTGCCGCATTCAGGCAACTTATCGAACTCTCCAGCATCGGTTAGTAAAGTGCTACGATGCCTAGGTTCCCCACCTGATGCACTATTACTTCCGACGATTGACCGGGAGAACAAAGTTGGATAGAGGCACCGCTAACCTACGAAAAGGCGTTAAT,720,48.75,Homo sapiens
SEQ_981292,CTCTTCCAAACGCTCATGAATCCTTCTCAAGTACCCCCTCCTACCCTTATGCTTTTGTGCAGCGTCGAGCCCCGCCCTATATACACTACTAGCCACGCCCCTAACTCTGCGTGCAGGCTGTCCGAGTGTTCAGTAGATTGAAATTAATCCACCTTGAGAGAGAAGTCGGTAAATCGGGGCTGCACCGAGACATAAAGTTTTGTCTTTTTGTAGTAGTTATTTCAACAGAGTCGGACCGACCTTACGAGTTCTACCCTGGATTTGGAGTGCATCAAGGTTTCAGATAGGTGCACCTTTCGTCGTATATATATTTGTGACGGTAGCTATAATTAAATAAATTCTGAAAAAATGAGGTTCCTTTTATTACGCGATAGTTGCTGTTTCAGACCGATCCATCAACCCGAGGACCGGGTGCGAGATGCCGCACACGGACTTGAGTTAAGCGAATACTCGGACTAAAGTTTGTTCAGAAGTAGGGTGGCTGCTTCTACCAACGAAGTCCCCTTTATTCTTCGCAGGCACTTTCTTACCTTCTATTGCATTTGCGGACAGGAATCGGTTGCGACCGGCACTAAATAGGTGTGTTCAGAACTAGATAGTGACGCTGGTGATAGAACTACAGGTCGTCCAGGGTTCTTCTCATAGTCACAATTGCAGCCGTTGCCCGCGACGGTTGTATCCATCGACTAAGGTTCCGCGTGACCTTCGAATCTAATCTCTAATTATGGCTCCCAATTACTAGGCGTGTTACGCCTTTTCAACTTCTTTTCGCTCAGTTGTCCGAGTGTGCGGCAGCAAGCCATAATCCCATAGATGAGAGCGATGCAGACAGTACGACACATGGGGTCAAGAATCCACACAAGCTTGGCGGCTACGATCCAACCCGGCAGTTCCAAGAGCAAGCTAAGGCCATGCAGTTGTCTGCTAAGCCGTCTTCGGCCCAGGAACCTCTACTCGCGGGTGACAAGCCTTTCGGCTTCGCAGGGGAATCCTGTCGCATCTTCCGTAACTATAAATGCAGCGAACTTTCCTACGTCGCGGTGCTCGCTATCCTTGGAATCGGGATGCGCACTGCCGGGCCCCATCGGTTGCTCGAGCACTCTGAATCGCCTCCCTTTTGCTAGCTCCAGCTATGATGGAGAGGGCGCGCGGTATCGAACCGCCTGCTTCAACCAGCGCGTGGCGGATAGATGTGACGCTTTAAATCGCTCAGGGCTCTCCGGATGGGAAGCTAGTCTTATTGAGTGACCAGAACCCA,1258,50.48,Drosophila melanogaster
SEQ_854002,TGAGAACGAAGAGGAGTTGGTTATACTAAATAGGTACTTCGAGGAAATGATACATGTGATGACCGGGTTTTCCAGCTGCTAGTCAGCAACTACCGTGTGTTGACAATGAATATTGTAATTAAGATTGTATGTCGGCCACCTGGTGTATTGCGTACGTTGCTGCACTGGGATCACACATACTTCAATAACAAATCCCACTTAACTCGTCCACTACGACATATAGCTTGGACCTGGGCACATTCATTGGCTCTGGTAGGAGATAACACCGTAAGATTAGCCACTCGTTCACGATGAGTCCTGAGCTCGGGCCGTTGTACCGAGGTCCACGTGCCTCTGGCGCTGCCGGTACATATCACAAGTGGACCATATTTAGCTCAGATATAGCTTCCTACCGTCACAACCGCATGCCCGGTACCCTATTTTTAAACAAGCGGTTCACCAATTTGTAACATCCTTGTAAGAACGATAATAAATACGTCTCAGCTAGGTGCCAAGTCCCCGTATGTTGGCTATAAGTAACCACAACTGCATTACCAGGGTCCGCTCGCCGCGGGACGATACGAAGCCGGCCCTTTCCGACCCGATAGGTGCAGTATGGTGCCCGATGCGCGCAGCTCGAAGAACGGAGTTATCTTTCCCCCGCGCGGGCGGGTCCGCGTGAGGCTCTGTGGTCGAGTCTGCGTGACCTATTTACGTAATGTAGAAGCTAAGCATTGCCCTAGACAATTCACAGAGTTTACAAGTCCAATCTTTTTGAACCGTGTGTTGAAGCGGCCTGAAACGCCCGACGCTCAGTTCGGGAGGAGCCAGGAAACTTTCATAGCGTATTCGTGCGGACTGGGGAAGGCTTAATTCAACGCCGCGCGCCGCTCAACTCTTATAGTTCAAATGAGGGCAGGTCCTCATGTACTCCTCGGTCAACACATACTGAAGTACAGAGATTAGTTTTAACTGCCGCTTTTGCGGCCTCGTCCCATTTCTCTGCGTATCCCGTTTTTGATGGTCATAGGAGTCTTGGTCTACATTGCAGCTTCGTGTGCCCACTGCACTGGCTTGCTTAGATCCAGTGAGAAGTGTGATGACGTGGTACGTTGCTAGAGTAAATGGCCGAACGATACAGACACTGGTGGGTGACTATCCCCGAGAAATACCCAACAGCAGATCTAATAATCCTTGAAACAAGTACAATCGTGTCGACTCTGCTGATATTCAGATACGACATCCAACGATTAACAGCCGGGCGGGCACATACTACAATATTCTTACACGCTGCTTTCACCTCTCCATCTGGCACGCTCCATAAAAATTTCCGGTGGCCATAGTGTACCACGCCAGAACACAATGTGATGCTAAACAGCAACAAAAGCAAGGATATCGGTCGGTCTTGCGTCAGCCATCGAAGGTTACGGTATGTTGTTCGCAGTTCAGTCCGGATAATGACTGCCCACTGGCCCGCCCGGACGCTCCCCTCTAACATTCGTTCCGCCAAGCGCCTCCGACGATTACGAACGATGCTTCGCTAAGGTCTCGCAGGGATTAGGGTTGAAACCGCACGAACACAAATGTATGAATGATATTGAACTTCT,1586,49.68,Mus musculus
SEQ_726583,ACCGACTAGGCTGCTTATTAGACGATAAGGCCAGAAAATTTATTGAGTAGGGCGAGACACTGCCCAATGAATGCTAGGTAGGGTACCTCGGGGAGTCTGGTGATTCGCCAGTAGCGCGATTCATCGTAACCACGATGTAAAATACTGGGGGTATAAACCCACGGCGCGAGTACTGGGGCCCTTCGGATCATTGGGTGACAGCCAAGGGACCGAGCCGAATAGTAGCCTCTTACACGCATTGAAGTGTGCAGTGCACCTGAACTAAAGTAAAATCGAATCCCCTTTTCTTAGGAATAATTGTGAGATCAAATGGTGATTCACGTAAGACACGGGTGGACCACTTAAAGGGCCAAGTAGGGCGAGAATTACATCTCTATTGGAAGCATGACACCTAGCGTAATCGCACTCAGACGGTTGATAAGCGTAATGAACTCTTCCAGAACGCCCGTTATATTCGTACTTGAACTACGCAGCACCGACAGCGGCTAGCGCGACTGGCAAAGCAGATCTCGCCATCATTAATGACTCTGGTATGGAGGGGGCACATCACGGGTTTCGGAGGGGTGTGCTATGGGGCGATATTGGGGTTCGTGCACTCTGCAAGTGCGGGATCGAATCTACGTGAAAGTTTAATGTTTCCTCGTCGCTACACGAATCCGATCGATGTTACGTGTTCGGCGCATATGCAAAAGCCACGAGATGATTAACGATGCGCTCCTCCTATTAGATTCCGCTTCTGTGACAACAGTGGCATGCACAGGCTTGGCCAAGGTCCAAGTACACTACCCCTATGATCAGCACTGTTGAAAGCACAACAAGTGCAGCTGGGTGCCTAAAACGTAAGCAGGCCTTGTTCGGGGCTAAATGCCGTGTGAGGGCAGGGAGCGTATATCTACGTTTATCGATTACGAAATTTTTAGCTAGCATTCTGGCTAAGCTCTGAGCAAAGTACTTATGAAGTCTGATCGGTAGGCCGGAAGGCTAAAGGTTGGTACCAGTCTTCGATGTCGTAGATATAGCTCAGGCCTGCGAGTCGGATGCGCTATATGCGAGATCACTGCCTCTCGTAATGGCCGCGCAGGTCCTCGTTGAATCATCGCGGCCAGTCGTACTCCGAATTCCAACCGGAGTACCGCAATGATCTCTCTTCTCAGGGGCATCAGCCATCTTCATTCGCGTACCATACAGTGGTAGCCATCAGAGCGCTCAGCAAGTACTTAGTCCGGTTCTGCCGTCATGCTAAGCACAACTC,1252,50.48,Caenorhabditis elegans
SEQ_132846,ATTGCTGGTCAGATACCAGTAATTGTGCAGGATAGACACAACGGTCCAGCTTTTTAGGAGGAAACTCACTAAACTCGACGAGGGAGTCGCCACAGCAATATCCGTATTCACAGATTAACCCAATACCCTGACGTTTAGCGTCCCAGAAGATTAGCTATCATGAACACTACTTGGTTTGCGTTGTGTTAAGTCTTATTCCGCAAGCAACTGTACTAGAGTTATCTCCAGAGCGACACGTACGCTCGATATAGTGCACATTACAAATGGAGGCACTCGGCGAAGGACTTCGAAAACTAGCGGTGTAAATTTTCAGCACAATTCGTATTGACCATCACTAACATCTGCACAAGGTTGCCGGGTGAAATCACTTGCCGGCTATTGGAGCGGGTATGGATTCAGGGGGAATCGATGCGCAATACATTAATCCTCAAAAAAATATAGTCATCACTAATCACTACCTGACTCTGTTTTTTAAAGCTCCGTTATAGCCGCATGTGTGCATCACCGGCAATTCGACCGACCCATATTCGGCGGCATACAATCTGGGGCGTAAAGAAGTAAGCATAAGGGCTTGATGTATGCAGCTACCGGCTCTGTGTACGTCCTGAGATGCATTGGCCAACACGAGCACCTCCTAGCTGCAAGAACAATATTAGCCTAGTAAGCTTTAATATCGTTTACCCCGTTCTTACGGCGAGTTGAGACTCGCGAAATACCGTCCCTCACGTCGCATTTCCCAGTGGGGCCGGTGGAGTGCCTAAGATGCTCTTACGTGTAAACCCTGTAGGCAATGAAGATGTGCCCTCCTTAACCCTCCCGCGAATTTACTCATCTAGCACATATTCGTGAGTAACAAAGCAAATAAACATTACTAGCTGATATCTGCTTCGCTCCGTATAAGTTTTTTCACTCCAATGTTGTCCTCATTCCCGCCGCCTCTTCTCTTATTGCCTATCTAATCATCAAGCATGCCCTTGGCTATAGCGATAGCGGGAAGGCTTCCTATGACACCGAATGGCCTATACCAGATGTGCGGACTCAGCGGGTCACTAATCGCGCTAAGCTCACTGCTAAGGCGGTAATGAATACGATCCAAAATCGCAGGGCTTAGTACGTTACGCACATAGCGTACTCAGTGCATCCGTAAATCTGCACGCCAGTATTCTGTTTTCGGGAGCGTTGTTCTGTGGTAGCCGGCCAGCACTTGAGTTTTATTGGCTATACACAGGCAGATACCAAATTATCTAGGTCTTAGGCGCAAGGTTTCCCCCTCCGATGCGAGAGACGACAACATGGTTCGTCCGTACATATCTATCGGAATAACAAGACTCGTTCACGTAACCATAGATCTGATAGGGCGATGGGGTATCAGGCCTTTTCGCGAAAGAGACTTTTCACGGTGAAGTCACGTTCCCGTGCGAATAGCCTCTCGGTGGATCCCGACATCCTACACGGCATACTAGGGTACTGGCTATACAACTATATCCCTGTACCCCCAAGACTCCACAACGGGTGCGACTCACACTGTAGAAACCTAAGGTGTATACGCTCGGTCACACCCACGGGTTCTGGTACGTTGGGAGTCGAGTCAACTATGTCGGAAGAGGTCACTCCCGCAGCTTACTCTAGAGTGTCCTCGAGCCGGAGACCTCTCCGGAAGCTGAAGATGTCCGAGCCTGCCCGAAAGTATTGAGACCTTGATAACTAAGTATA,1713,48.34,Drosophila melanogaster
SEQ_433473,TTTTTCTAATGGCTGTCCGGGATCTGAACCACGATAATTTAGACCATTAGCAAGACGGTGAATGGCGCAAACTGGTATGGTGTCTGCCCCAAAAGAATTGATGGCATAAGCGTATCGCGTTGTTCGCACTCCTCGAGTAGCTATTCTGGTGTAAGAGCAAGAAACCTTCATAGCGTACCCGGTAAAGGATGAGTACCGTGACACAGGTTGTAGGGAGACAAGGCCGCCCTTGAATAGTTAAAATGTGTGGATTGACGATTAGAGTCTGCAGGGAAAGTATGATAGCCGCTGCGGATCGCAACATAAGTCCGTCCGAGGGTATCCACTTACAGACCCGGAATGACATCTGAAGTATCAATACGGAAATCTTTGTGAACGCATACAACGTGATTGGCCATTATTAATCACACCCGATAGAACCGCAGAAATTCAGCATGTCATCACCGAAGGCTAAATCGCCGACTCTTAGCCGTTGGACCCAGTGGTAGGGCTCCGTATCGGTTGGCAGAACAGTCTTGGCCGAAGCCCATGTAACACCCCCATTATACGGATCTCTGAGCCATCGAGCGTGGGCCATCGACGATAATCACTCTCGAGTAAAGTAGTAGATAGTGGCCGTAATTTATAACAAGCGTAGGATAAGATTTCAGCCCACATCTAGAGTCCGGCACACAGGGAGGATCCCGGCTTTACCCGCATGCCTTCAGTTCCAAGTAGCTGCGTCTTCGGAAAGCTCCGGCCGGATATTATTAGTTCTTGCCTACTCATCTGGAGTTAGCACTCGTGCCTTGACAGCGTTGAAATGAGACATGAACCTACGCACAACCGCCTAACGAAACCCCAGCACGACAGAAATTTCCAAATCTGAAGATTGCGAATGGATTTCTGCTATGTAGTTCTTGGGGCGCAAGGGAGGTATATGGATAGACTTTCATGAATGGTCTATCATGGTTGGCGTCTGTATGATTCAAGTTTCCGATTCGGGAGGGAACGCTCTGCCGAAACCAAATACGTTCTAGTTCCACGGCAACATCCAGTGCATGACTTACAGCATGACGCGCATGTCCACAACGTCGGTGGGCGGCACCACTACCCGGAATCCATAGGGTGCGAGTGAGTACCCATACGCCGTCGTTTAGGGTGACAACAGATCTCCGCAAAGCCAGGCTCAAAATTCGTACATCTCTTGCATACAGAGGGCACCCGTTTTACTTTGGGCTACTAAGCGGTCTGATCTGACAGATGGTACAACAAGTATATCTGCTGGGCATCCTGCTGTGCGCCCCAGACAAACCTTCTCTAGGCTGTCTTCGGAGGCCCTAGAATTCGACATACTGGCGCCGCGAGAATGGCT,1354,49.7,Arabidopsis thaliana
SEQ_813585,CGTAGGAGCATGATGAGACTCGTTCGCTAGTCGACGTGTCGACCGGTCTCACTGTCTGTGTTTGACTGATTGAGTCCGTCGGATGAATCTATCATTGGTCGGTAGAGGCCTAGAGACTAATTGGATGACCCTCGGCGATCCCTGAAGGCCTTCAACCATACTCGGCGCCGAGCCCCCTGCCCAATGAGAAGTGGCCAGATACGCGCTGACGTGTTTTGCAGAGGAATGCAAGTCTAATAGAACTGCAAACTGGGCATTTAGCCCCCACCCTCACGTCACTAATTAGCTTCGTAACGGCTTCCTACACGAGGTGGGCTACCTGTGCATATCAACCACTCTTGTAGATGCATGGAGAACGTTAAGAGCATCTAAGTTTGACCACTGGTCAGCCGTGTCGCACGAAACAGTTCGGTCATTCCGCTAAAAGATGGCGGTTTTGATTGCGTTGAGGTCCGTTCTCTATCAGGATTTTAATAGTTTCTGATGACCTAGTGTGGTCGGTACGCTCGCAGCTGTACGTCAGCCGTTCATAATGCCTGTCTGGTTCGAGGATCACTGTGTTCCCAGTTTTGGAGAGTAGACGTGTATCTTCAGGCGATATACGTACCTCTGACATCTCCCGAGCAGGTATAATTTAGATCTCGGAGGAGCGGTCATCAGGGGTCGGCCTGCCTCGTCCAGCGCTAGCTAGCAAAAACTGATTACGATCCTTCAAACTCTCCCTAACTTGCCTACCAGTCGTGACCTGTGCTACTGTATCTCATAGATGTACTCATATTCCACATGACAAATGGGTCATATCAAAAAGCCGACTTCGCACATTCCAGTTGCTGAATCCCGTTTGCCGGGGGGAGTACCGATTGACAAGAGGATATTATTGGCGCTGCCTAAAGGGTAGATGATGGATTGCAAAGGCCCCCTGTCGATAAGGTTTGGTGGTTTAAGTGTCCAGAAAGACGCTGAAAGACTTTGTTATCTTCCCTGAGGCTCAGCAGCGAGTGCTTTCGGGTTTTTTCTGTTGGCAAGTCTCTTATCCCGGACAGTTAGAATACTAGGGCGTTATATAATTCTTTAAACTAGCGGAGAATCTCAGTTGTGAGTGAGAACGTGTAAGGCCGCGCGAAAAGTTCTCTGCAGTATGACCGTGTATTGATGTCAAGGTTGGGGACCGAAAAAAACGATGTGGTGGGTTGTTATCGCCTCAACTCAGAAACCACATCAGGTGTCTAGATCCCGAACGGTGTGTTGCATACTAAACTATCAGGCGGACCGGGCCTTGATGATCTGAACAGGGGGACAATGACGAAGATCCGGCGGTCGGC,1322,49.7,Escherichia coli
SEQ_224383,TACATAGTACCCCGGCCGCTACATGGTTACGTCCCAACTATGGCTGCTGCGAGGGGAAACGCAAGGCACCACTCTATAGAACGCCACCCAAGAAGTCAGATTGGCGAACCAGATAGGACGGGGATTGGATATGACCTCGTGCCCTCGGTCAGCTGTTAATTGGGCCAAGTGCTAGTGCCTATAGACATTGGAGTCTCTACATTCATGGATGTGACTACGACACATGCCCAAGGATAACAACCCATTGGTGTCGTAACAATTAGAGTCCTTAAAGGAAGTTCACTAGAATAAACAACAGTGACTCGTCGAGCTCCGCCTCGGTCGAAGAGTTAAAACGTTAACAGCCGTCCTTAGAGTCACGAACCCCCACGGGAACGTAGATTGTACTCCTCGCGTGAGGCCCTTGTACCACGGTTAGGCGAACATTCCAAGTCACTATCCTCCCATAAATCATAGGAGGTCTGCCAGTGTGAGACAGTAAACTGTTGGGGTATACTGGTCTGATCTTCGCTAGTCCGAATGTACTCCTGCGTGCGCTAGAATTTGTATGGATCACTTAGCAGACTGCACTGGGGTTACATGAGTAGGATGTCCCCGCGAAATGCAACTATCTATAGCCATCACAACTAGGGCATAAGCTCTGTGCGACAATGTCAAAACTACTTGTTCACTGTGAGAGCCTTGCCCAACGTTCACTATCTCAGGGCCAAGCTTTTTTCCATATTCTAGCTCTTATATCGTGAACCGTCGACCCTCAGCGTCCTGCCAGCTAAGTATGCGCAGTTAAATGTTAGTGTCATAGTGAGACGCTATCTACGCGGGCGCCCGCGCCGACTGAATCAGGTGTAATCCGGTTTCGGTGTAGGTATTCTGCCTTAGTCTCTTAAATTCAAAAAGTAGCAGGCTGACGGCTTGACGGAAAAGGAGAGATCTGCCACGTCGTGATTTCCATTGCAACTGTTCGTCTGAGTGTCATTGAACATCAGCCTTGTATGATTGTACAGCCACAGGGCGTAACCACTCACTAAACGCATCGTGGGGTTCGACGTAACGATGCGTGAGGTGGTGCGAGGGTTGTCATGGTAATGTTGTGGCAGCGCCAAGGTCCGCGAAATTCTATACGCGAATCCCAGATGTCGCTGGTCTAGTTCTTAAGGGGCCGCCTGGGATGCTCTACACAAATCGCATTGGCGATCGTGTCATAGTTAAAAACGATTTACGA,1222,49.59,Saccharomyces cerevisiae
SEQ_940283,AGCTGGAAGCGTCCCGAGCTTTCGAGTAACAGCTCTTGCATTCTGATTAGGCGCGTCGAATGTCATTTCGAAAAGAACTCTCGAGCACGGATATGTTGTATCTCAAATCTACCGCACGCTGTGCGTTTACCTAGGTTAATAGGTGACCGTTAAGGTGATTGGTCGCGGCAGGTAAAGTTGGAGAACCGAGATTTAAGTGAGGTGACAGATAGAGAGAAACCGCTCCGAAGGCAATCATGGTGCCAAGGTGGGCAGCAGCTGAGATACGATATGTGCATGGAACGCAATGCCCCGTTATCAATCCTACTGGTCGTGCATGGAAAACTTGTAGTGAAATCTTTGTTTTCATTCGACATTTAGACTACCAGGGCAGTTATTGAGCATATAACACTTAGTTAAAGGACGCAATGAGCGCCAATTGCGGGGCCCTTTCGTTCTCGACTGTTAAATCAGATGCTCGGAACTCCCGTTGACCCCCGGCAAGTGCCCACTGTTCATGCTTGATGCTATCCACCTGTTGCACCAGGGGGGGCGTAACTCCAGTGGTCCCTTGTAGACCACTGGAGTTATCAGGAGGTCGAGCCGACCGCACTTAGCAGTACGTTTCAACCGTGTTAAATTATAGATCCGAAAATACGCCAGGCTTCCATTTTAATCAGTCTCTTTTATGCGCGTAC,677,48.6,Arabidopsis thaliana
SEQ_210394,GTCTCGCCGTTAAACATTCGGCCCGCCCACTGCAGTGACTTGTCTATACTGACAGCATCCCGTACGGTTAATTCTCTGCACACCATTATACGTACGGAGTTGGGTGGGATGCGTGGCTGCAATACCCACTTCCCGAGCTAGCGCTACAGCCCGACCGAGCGCTCTGAATACCAGCTCAAGTATCGCGAGCACATAAGGACCACCACTCGCGGGCGAGGTAGGCCTCCCTGCGCGCAAGACCCCGGGCGCAAAGCAAGGTGGAATCCCAGTGCTAATGGGTTGTCCATCACAGCTTGTATGCAAACCGCTCTTTAATCGATCGTTGTAAGTACGGTGACCTACCAAAACTTTTTCACTGCGTCGTCGCCTGTATCTGGTGCGGAGCAGGCTAGCCTTAAAGATGGGTCTCGCACTTTAGTCGCATTAAGAGAATGTTCATAATTGACTTCATGTGTGCGATTTCCTACATGATGCCCAACGTCCTGCCATGAGCGCCCGTTACTTGGTTCAAAATTCCTCGCTTCGGAGACCTAACTCTCAACATCGATCATCTAGGTGGACGTTCCATTTAGCGGGCGGCGAACGAGGAAGCGAGTATACCGTGTTTCTGGCCTACCTACTCTCTGGGAGATTAGCGGCGCTCCTGCTCCACGATAGGCGACTGCGGACTACACCGTTAGTCCACTACTCTGGCCGATACAAAT,704,53.41,Escherichia coli
SEQ_352587,GCTAGAAGTGGACTATATACTGTTATGTCGTGCAAAGTTAATCAGAGCACGATGCGGAGAATTGAGGGCAGTTGCCTCATTATCTCGTGACACCAGTCATATCACATGCTGATCATTTTAGACGGCTGAATTACCCTAGAGTACTGTGCTACACAAGTGAGGCCACGTAAAAAGGCCCGTATGGAATGCCGAGAGTGTCTGATAGGTTGCGCGGGGAAATACGAATATGTGCTCCTTCCAGTCCAATTTGATGTTACTATGATACATCCACCGTAGCCGATTATTTTTTTCGCATAAGAGTCATGGAGGAGCGTTGGGCAGTGCACAGCCATGGTACGTCGCCCAAATACCTCAAGGTGATCCCCTTGCTTCGGGTAACTGACTAACTTGAAAACGGATGTTATTACCCGGGCAGCTGTTGGGATAGACAGATGCCATTGTGCCTAAGTGCCTGATGAGAGAATAGGGTTTTTATTAACATGATAGTCGTGATACATGATCCGTGGGGATAACAAATGGGCACCAATGGTAGTTCAGACGATTGAAAAAGGGCTGTATTTGATTGTTATATTCCCCTGTGGGCTCATTCTCTACACTTTTAGGGAGTCAAGACCGATTCTGGTCGATTCTGGCGACAAGAGATTCGGGAACCTCTCTATCTTCCACGGTCCCATAACCCGATATCCGCTTCAAGGCTCAGATTTTCGAGAACCTTACCGTACGCCAGAAAGTAACCAGTAAGGGGAGTGCTGGGCATTTCGCTTGCCCCTAAGCACGTGAGGTTGGCCACAAAAAACATTAGGTGGTTCAGCCATGCCGTACCGAGATCGGTACAAGGCGGCCGCATTTTACGGGTTAGGCATTGCTCTAGCTCTTTGTTTAGCGTTGCTGTGCATACTCGGTTCTACCTCCCGCCCCGAACCATACTATTTAGAAATTCCTTTCAACGACCCACCTTCATCACAACGGAGGCTAATAATCAGCGGCCTAGGCCATCTGCATAGGCAAGGATACGCCTAGGATTCCCCGATCCCGAATCTAGGATGAATCTACACTATGTAGACGTCAGTTGTGCTTGAAATCGCCGAAAGTTTTCCTAGAAACCGGTCGGCCGACAGCGATAGCGTTCGACCTGGTCAGCGATCATGGTCGAGAGCGCACGCCCGTTGCCCGGGATTCCTTGCGGAACGTTACTCTATCGACCGGGGTTACGACCTATCGAGATCATTGAATTTGTGTGCGGCACGCTGAATCATAACTCGGGCTCCCAGTGTCCCCTCCTGCCGGCGAATGTCTGCGGACAGTAAGTTTACATTAGTTTACTTTTCAGTAAGATAATGACGTGAGTCGCGGATAAGCATCGCTCCGCCAATCTTCGGAAGGATGTACTTACGTTTCCCCCGTTGTACTTATCCTGTCGACCTAAGCCCGATTCCTTTTACACGCAGGCGCACAATAATACTTTAGGCGTAAAGGTAAAAACTTCGCGGATCTAACTCCGCTCTAGCCTTACTAATAGTGAACCTGCCACGCAACAAGTTTAAATTGTTCAGCTCCTAGGTAGGACAGTAGACGCTGATCTTATAAATTTCGACGAGGTAATGACCTCTGAACTTACCATAAGCAAAAGCGTAGCCGATTGGTGTGGCTACTGAGAAGACGGAAGGCGGCGGTGAGATAGAACAATGACCGTAATGCATGTCAACGCCCAGTTAAGATTTGGGTAG,1727,48.35,Saccharomyces cerevisiae
SEQ_414283,GTCTGCTGGCAGCCTCTCCCGAATTAGGTCGAAGCCGGCAGTTCGAGACCTGAACTGCGCTCGCGCCGACGGGGGAATTCAAGAAGCGGTCACTTTCACTCCTATTGCACTATCCATACCGCAAAAATTCTTACTGCTTAATGTCCATAGGCCCTAGTCTCTGAGTTGGATAGGCGAGCCATGTACTAAAGTAGTGCAGGACTATTATAGGGGAAGTGGAATAGCTTGACTCACTGAGACTATCCGCGTCAACCCCCACGAGTGTCAAGAACTGACTCAAGACTGCCTATTCATTCGAGCTCACGATGAACCATAATTATGATCTGCGGGTGTGCGTCCGCCCAAGTTTGAGACCTCCTAGTATTTAAGCCCCCCAAGCGTCTTACACCGACCACGACGATGTTTGCTTAGCGAAGCGTGTCCGCGGCTGACGCAATAGAGACACATCGATTGTCTGGTTCTTTGGAAGGCCCCTGGATCCGACCCGATAGTTATGTGCAACTGGTAGCTTGTGGCCGGATTTTGTCACCTCAGGAGGTAAAATCGATTATCTTTGCGCTTACCAGGTTAACGCGGAAGTTTGGACGATTGGCTGGCTCCCCGAATTTCAAGGAGACTGCGGTGTAAGTAAGGTTTTTCCAGTTATGTTGGCGGCACAGTTAGTAATTCGTAGTCGCCAGCGATGGGCGCACTATAGCCATCTATGACGCGTTTAGGTCAAGTATCTTTTGCCATATGGTGATGAAATTAATCAAAGGTGCTCGCGTTTATCTTTCCAAACTTTCTTCATGAGGGCACTTGCTTTTATAGTCATTGCAAAATAGGGCCATAGAGGTCTAATTGCTAGCGAGAGGGTTGGTCTCTGTAAAGCAAGTCACTAGCTTTGTTGTAGTTGTCGCAACGCTTGCGTTGCCATGCGGGGCGAACGCAGGGGCCGGGCTTCTCCCCAAATTATGACCAGGGGGCGGGGATCGGATTATGCTTCCAGGTCAAGTGAACGTATACATTTTACAGCTGCAGTTAGCCCGTCTGGTGCCGGTAGTCCCCGCGCGGACCAGGCGGCGCCCAATTTCCTATTTTGGAAAGCATGTTCGGTAGCTCTTAGTAGGCCAGAAGCAGCTAGGTACCGTCCAAGAGGGTCGAAATGTTCGAGTTACACCCCAGAGCGAACATACGATGCTCAACCGCCAACTATCAGGCGGGTTAGGAAACTTCTGTATCCAGCATAGGTAGAGGGTACCGTTGTCATGAAAAGCGCGGTATTATAAGAGGAAAGTACGCTCGTGACTGACCGCACAAGAGCCCGGATGTAACCATCGAACACTGTCGAGCCATACTACTAACCATTACTGGAGCTCATGATCTCCGAGACAGAACCTATCTTAAATGCGGAAACTTACATCCCGTGCGTCGACGAAGTTCGTCACTATCGGACAAGTAAAACTTCGCATCAGGGAACACCGTTTGTCGGACTCCAAATTTTTGTATACGGCGCAGCGTGCACGCTTTTGAAGAGGCCCCCGGCTCGGCCGTGGTTGAAACGGGGTCTAGGGTCCATTACGCCGCTAAAACAGATGGGGCAACGGCCATGATCGCCCAGCCCTACGCTTTATGAGGTGTTCACT,1625,50.89,Homo sapiens
SEQ_186196,ATTGTTCCTTTGCCACACCTTCCTTGAGCACTCCCTGTACGAGATGCGGTCCAGCCGATTCCGCTGACCCTCGACAACAGATTGTCGGGAAAAGATAATGGGGATCCCTCGGGTTATGTTGACGTGAGGCCAACTGCCGCTGCCTTGTCCGGTTCACTGAGCGATTAACTTTTGAAGAATGTCCCTAGGGACCAGAGCTCAGCTGCTCTGTGGTATAGCGCCGCAATCCTAGAGGCGAGCATTGCGGCTATATGTATTGTAGTAGGTTCCTTAATACTGGGTTTTGTGACAAGGTGCTACGCAAAACGTCTAGGCACTGTTGCGGAGACCCCCGCATAAGAGATGCGCCTTAACCTAAGACATTTCGTGGGATGACAGTCCTTGCTGACTTCTGTTCGACGCATTATCGCTTGATCGGATTCCACAGATTCATGTTTTGTTAACGAGGTAGCTAAGGTTGACTGGGGGTCTGCGAGTAATCAAGGGCACATCGCTAGTGAGGTATAACTGCTTAAGACGAAAGGGTTCGTCACCGTAGCCGGTAGGCATACAAGAGGCAGTGTTAGTAGGCGTTGGTAGGAAATGACATCTTTATATTTGTAAGCGCTCGTGCCCCACTTCATGGGAGACCTTGCGGCCCTAGTGCCTGCATAATTCGTAGCGAGCAACACTCTTTGGCGTGACAACTGGCTCCCTTGGACTGAGTCTACACCGAAGGGAAGAAGCTCCTGGGCTTGATTTACTTTCTCTGCGATCTGATGTGGAGCCCCCAAATGATACCCTACTGCTAAGGGGTGCCATATTTGGTTGAAACATAAGGAGTTGAATAGGGTGTTGCGGCAGGACTTTGCATGGCCAATTGAGAAGTTGTGTTATAGCCTTCTGGCGCTGTATGGATTAAATCTCGCGTTCTTGCTAGCCTTTGCATGGCTTAACTCAGATCTGGCACCCCTGCTTCACTGCGCCCTGTGGGGAGGCTTGTGTGCCCCTCCGGGTGACTGTGGGCACCCTAAAGTTGTACAAGTGGCGAGTACACGCCCTCTTCGGTTGGGTGCGGTTATCTTGCGACTGCTATATTTGGTGGGGTGCGATCTACCCATATAACCGCGTCTAAGCCTTTTCGTGAATGGGGGTGCGCATCTTGATAAACTCACGTGCTATCTTCGTGTTGGACTACAACAATAATCATAAATATGATGGATTATATGTAGCTCTGAGCATGAGCGTGGCGGACCTTACGATGGCGTCCTAACCCAGCCACGCATTTACTATCCAAGAAGACTCACCTTCTACTTACAGTTCGTGCGTGTTCGCTTACGCGCTATACTCATGAACGCTATCGCACGACAAAGCGATCCCGGCCCAAATTCTTGGACCCTACATCCTGCGGTACAGACAAGTACTGATACTCGGTTGGAAAGGGCAATATCTACACACTCATTAAGTAAACGTGTGGATCACTCTCACATCACAGTTTATGGCGTCATGTGCAATTTTTGGAACTCTTACAAATACACCTACCCGCTGGTGGCGTAGTCATGCCGATACGAAACTATCGGTACCCGCAGGGTACCTACGAGGGCTCGCATGGGTCTTGTCCACTGGCTATTCCGATAGGATAATGTTGGGCAGACCGCGTGCGCGCATACAATGCGGAGGGAGTTCTAGCAGTTTTTGCGC,1680,50.42,Arabidopsis thaliana
SEQ_504788,TAAGTATGTGCCGGGCTTATGGTTTTATGTCTTAACTTTACAGCATTCACATATTATCTTTACGACCGGGCGTGAGTCGGCAAAACGCGACGCGCTAACATGGAATCTGGCGACGCAACCCTGGCTAGACACGTATCCTAATCTTGCAGAAGTGGGGTGCCGTTGCTCATACAGGGACCAGTGATTACCGAAATTACTGGCTGATGGTGCTATCATTATAGAGCCTCCGCAGCGCGGAAGAATGGAGGTAAGTATACACAATTGCTCGCTTTTAGCATGTTGACTCCTTTCCGTAAACTAAAGTGGCCGGAGTACGCCGATACAGAAGACGAAGATAT,338,47.63,Drosophila melanogaster
SEQ_489379,ATCTGGGTGCGTCATACGAATCCAGGAAAAACCAGGCTTAGGCATCTTCCTACAAGACTCACATGCACTTCTGCATGTCCATCCATATGTCGCCGCAA,98,48.98,Caenorhabditis elegans
SEQ_211389,GGACTGCGCCCCCCCGACCATAAGTCGGTTCAGGATGCTTTCGAGCCAAGCGTTAAGGTATCGGTTCACTGATAAGCTGTGGTTCTTATTCACAGAGG,98,53.06,Drosophila melanogaster
SEQ_165946,GAATGTGAAAGATTATGTTAACTGCGCTAACGACCGGACGCTTACCCGTTGTCGATCGCGTAGCGGTTGCAACAGTCCTCCCCGAAATCGAAGTCCCCGTTTGGCTTTTTCACCGGGGCTCGTCCGCAAGCTTGACTCGGTTCCGCAGTCCCTCGCGCTTAAGACCCCGAGCGGTTGTGATTCGCAAGACTTAACGTACCCTTTGGAGCAATATACCACCTTCAGGCTCTGGATCCTGTGGGTACCTGTTCCGACTGACAACAGGATTCTAAGTGGGAGGGTCTTGGAACTTGCTTTTCTTGTGTTATACGATTGATCATTCCTTAGGACCAGCGATTGAAAAACCTAGGGCCGAACATGTGGAGTCCTCTAACGTCCCATGGAACCGGGAGGTGCGTTCTTGGTAGGGCGTATGTTGTTGGAGTGTGTTTCCCCGCGGCGTCTGGGGCGGACTAAGGATAACTTAATCCCCGAATGGATGCGTAGCCGCAACTAAGCAGTATTTTAAGTAGGCGACACACCCGTGGATTGCCGCCCAAGCGTCCGTCGGTTAGGATCATTCAGATACTATTTTCTCCCCCACGCAATGGATACTGGAGGCCTGGGCTTTATTCATGTGTAGGTCGATAGAACAAGATGGATAAAACCAGAAAGCAATCAATTCGCGCTCTAGTCAGACCGACGGAGAGTTATTCATGTACCGCAATCGGCTCTGTCCGGCTCAGACGCATTGACGTTACGCGGTGAGGATAGATTTGTGACTTCACAGTAAAGTTTCCCTTTCCTCGACAAGACCAGCCCCTGAAAACGCGCCTCACCGATGGTGGTTAATTGTATATCATGCAGTCCCACCAGGGCCGTTTGTGGAACGCTAGCGCAACCTTGCCAAGAATTAACTAGCCGCAACACCAGTTTGTCGGTATCACACGGGTTCTAGAACGGGTCGACAGTTGCCCTTCCCAGTGGTTGCACGGTATGAACTCTTTTATTTGAAAATTTTTACGTACCTGTATGAAGTAGGCGGTTTTCTTCTGGCTGTCAGACCGCTCGTGAAGTTCCTGGCTACTGATAGGTAATCACACATCAAATGGAGCCTTTCAAGGAATCTCCTCGGGTCGCTGATTAGGCGGATCCAACGGTTATGTTAGGCCATGTGTTTTTCCGTTGAGTTTCCTACCGTTTTTACTCAAGCCCAATGCCATTCGCGTAAGCTATTCAGTTTCGTTCACTAAGCTGCTCGCTGCATGCGTCCGTTGTGGTTGCGGAAGTATGTTACAGGCTTAAGCGTTTTTCTCGATTTGCGGCTCGCCGTGTCTGAAATAACCATACCAGTCAATACGGCCCGGCCATAT,1352,50.37,Homo sapiens
SEQ_904310,AAGGAAGACCGTCCCATCTTTACAAATGTCCCGGGGAAATGGACTTCGTCTTGTGATTGTAGACTACCTGGATAGTGAACCGGCTACTGACGCACCGAGCGGTAAGTAAGGGGACATTAGCGACGTCGTTCTAAGTTGCAACCGAGTGGATAACGAAGTAACATCGTGGGGT,172,50.0,Caenorhabditis elegans
SEQ_721683,TTGCTAAGAAAAGCCACATTTCGCTGTCGCCCACAGATGCATAATGTAGGTCTAGCTCGACTTGCCACTTTTGAGCGCGTCATTGTAGGGCCCGACTTAACAACATATGCATAGGGGCTTTGGAAGACTTTCGTAAATGCTACGACAAGTCGCATAGCGGGACGTCGCTATGCAAGTCCAATCATGGCCTCGAGAGAATGATTGCCTGGGGTTAGAAGTTTCTGCGAAAGCTTTGGCGAAAGTTATTTATTACACTCCTCGTGTTTATAGCAGGGCTAGCACGGCGCTACGAGTGTCTTGTACTCAAAGAGACTATACGGGTCCACTAGTGGCCTCGACGGCTAGCTACTTTATTAAGTACCTTAACACAGTTTATGAAGCAATGGCGTCGACTAAGCTTCTCCCTTATCCGCCGTCGCTTTCCGTTTTTTAGCCGGGTAAGTTCGCCGGATCCCCTCGGGGAAAGCGAGACCCGCTAACCCTTGTTCGGCTCGGGCTCCACTCGCGATCTGTATTAGTAGTTAACTTTATTCTGCAGATCGCTTATCCACCTGAAAATAGACCTTTGAAGAGGCCAAGTGTGCCTTTGTGAAACGGTCTGTACCCCGAAAAGTAATGTTTGAGAGGATGCGGAGTCGAGGAGGAAGGCCGGTTGAATGTGCGCGGCAGCCTACACAACCACCATGGACCCGGTTCTGTCATTAATGTTTTGGACTGGTGCCAATAGTTAAAACGGAATTGATCGGTTTGGCTGTCACTACGATAAGGTGGAAGATCCTTGGTGTATCACGGTTCCGGTGAGATGTGTACCATTAGCTGTACGAACTGGTCTAGTCCTGAAGAGCTAGTCACTGCAAGTCGGTGCTTCTGCCCTGTTCAGCAGGTTTTCCCCACTCACCCACGGTTGGCCAACCCGAGCGACACGTGTGCCGTAAATTTCACAAGCTCCGTTACCACTAGATCTTCTAGCTGGAGGGCCCAAGGAGGCCTCGTTCTGCAAACTGCGAGAATCTGTGATACCGTCTCGCTTCCCAAGGATAACGCTCGTGGGGGCCTTGGTCCGGGTCACGCATGCGAAAAGATACGTCTAACCGGGGACTGAACTATGAAGCTATAACAGAAAAGATTACACTACGGCTTGGACCGAGTGGAGAGGTGATGCCCGATCGGAAATCACACCGCCCATGAGTATCGGTGCGCCGTTTGACCTG,1211,50.87,Drosophila melanogaster
SEQ_191803,ATTGGTAGAGCAACACGCAGAGGTGTTAGTGGAGTTTCCCCATATTACACCAGTGTTGGAGGATGTTCAAAACCAACAGTCGTACAGCGACGTTGTAGTCTATATACCTCTAGCTCCCGCTCATTTGTGAGCTACCCCGTAAGCGTAGGTTTATTATGCCCGACACTTTTTGCGACTCAGAAAACCTTGAGGGGAAGGTCAGTGAGGTACACTGCCCATGAACTTGATGACTTCTAGACATGATAAAGTGCTGGGTCGTATCTTTCCCCGACGGAACAAGCACGTGTCCCGCGAACGTAAAATCGGGGCCTCACGTTTCTTTGACGAGCCAAAAGACGTGGTGTCGCTCGCTGATGGCCAACCGCCGGTGATATCACTCAGAACGATCTCTTACTGACTCGACGTGGAGATCCCAGGGAAGCAAAGCGCCGTGTTTACCTATCGTAATTAACGCGGACGTAAATGCGAAGCTGATTGAAAGGGTAAACGATGAGACGAAACCTCACTGACATTCGACGGACATAAAACGTGGCCTTGCTCTGTTCGTTAAAGACTAGGGATGGACCAAAGGAGCGCACTGGACCATCTCTGCACGTTAAACTGTCTTCAGACCCAGAATCGGAAATGAGTCGTCGATGAATGACAGTTGACTCTAAATCCCATCGAACACTCAGGTGTATACTGGACCTTGAGAAGGAAGTTGGCAGCAGATCAAATAGCTAGTCCGCGCTTAGCTGCGGCTTTCCTTACCTCTTCCGGTAGATAGATGGAGATGATACTCGAGAGCTAGCGCGAATATTCACGGAGAAAGGTCTTACCCGTTGTACCGTGACTACGTCAAAAGGGGTCTCCATACTTCGAAACTCAATGATCGAACCCGCCCCAGGTACTGAGCACAACAGCTAGCAGTACGAAAGCCGCAGTTCATCACTGTTGAGAAGTATGAATCAAGCTTATTGAACACGCGCAGTGCCAAGGCAGACCTATGCCTATATTTCTTGGTCGAGTGGGGTAAAGGCCGAAAAAGGACGCATAGGGACGGTTAGCTTTGAGTGCCAAATCGCCCCACCTCTGACCCTCTGGATACCGTTCGAGCCCGAGTATAGCTATCAGCATCCACGAGGCCCAGCGTTGTCTTGGTTGTGTTCATGCCGTTCTTAAAACGGAGAGCCTTCAGGAATGTCATCTCTTAGTGGACCCGAGGTCTTGCTCCTACGAGCGCCACAATATCTTGTACCAACTAAAGTAGTATCTCTACCACTCACCTACCCACGAGGGAGAAGATGGGTTAGCCTCGTATAACGAACCTGGTAGCTTCATAGATCATCTTTAATCTGTTAGCAAACCACTCATTCTTATTGATACCACTTAAGTGCGGGCGATGCACTCCATTCCCAGAAAGCTCGCGGCTGGCTTCAATCGCCCCGTACTATGTCCCTGCACGCAGGACTCCCGACACAGGATTGATATAACCTAGCTCCCGTCTGTAAAGTCTACATGCGTAAAGAGGTTCCGTTTACTAAAGACCTATTAGAATGC,1539,49.25,Mus musculus
SEQ_214033,CGACGGTTATATCACAGTTTATCAGATGAACAGTTCCCAATTTGCTGCACTTTCCATATCCTCAATGGTTCGACTACCCCTCCAGCAGTAATAGATAATGGTTACCATCGTAAGTTCATGAGTCGATTACCCGCTCTATGTTCGGAGAGGCTGGTCTGCGGTTTCCGGTAACCCGAAAATCCAGTACTAGGGAGATCTAACAAAGGAGTGTAGTGTCCCCTATGCTTGAACTTGTATATTGCCAGGCACCCCCTGCGGGGCGCGTAAGGGTACCTCGTTGAGCGGATCTCTGAAAGTATGACGCAAGTACACAGGTGGGCTATCGTCAACGTTCACTTGTAACTCTCGAATGCTGTATCGACGATGCCTCTGGACATGTTTAAGGGTCGACTAAACACAATACGGATCACG,411,48.18,Drosophila melanogaster
SEQ_639188,TGTAACTACTCGAATGCATTATAGAGTTGTTTAAACTATCGGCCAAAGGAGGACCTGTGCACGCACGCTCCTCCGTAGTACGCTCATTGATCGTCATCAGATGATCCTCTCCAAGCAAGTCTGACTATTAACGACACGACTAGATGGATTCGATGTGTCTTTGCGAGTAAAACAGTACTCCCTGGCATGTACTGACATTTTACTGATAAGGCGTCCTTTAGATATAGGCTTTGATAACCAGTTTACGCCCGCTTCGTAGCCCCAAGGCAAAACTTGGAATAGCTTCCGACCGAGAGTAGCTGGGCAGAAGCTGCTTTTATCAGCGAATTCACGCGGCGGAATGCTTTGGATGTGCCGTGAGCTCGCCGTGACTATGGTACCGGATAACACAGTCACTAGCACCCTATACAGCAAACACCGCGTGAGCTGGGTACAAGCTCATGTCTTGCGATGTGGAAAGTAAAGGAAAAGTGGAATCTCTGCCCTTCTCGGGGCTCGATCCACTATAGACCTAGATCTTGATACCGCGATGATATTGTTGGCCACAAACTCATGGTAGACTCAGTACATGCTAGGATAATGCACACGGCTTCGACAAGGGCATAGGTTTCTTGCATTAGCGAGATACAGCGAACCGCAACACTGCCTACATACTCTGTTGTGGAACGGTGGGGCAGTAACAAAACGAACTGGAGAATATATAAGCGGGGGGATCTATCTTGTAACACTGCCTACTACTGCCGAGTTCGGGAGGCGCTAGGGGTTTTGAGCCGTTCGACCGTGTGAAAGATAACAGTTGTGTTTTTTCTCCGCCACCCCGAGGAATACTGGACAATAGGCGCTTTTAACGAAAACAGCAATAGTACTATGTCCTCTTCACGAGAACCGAGGACTGAGCTCAGAGCGGGAGAAATGCCAATGGTGTACGGTTCAGAGCCAAGCCCTCTGCGCATACACGCGGAAATCCCAAGCCATGCCCCGGTCTGACGAAAAAATGCAAAGGTCTACTTTAGTTAGTTAGCATGGGTAAAGATTAACAGGTTACGACAACCAAGGTAAAGCGGTCGGACCGAGGAGCTGCGCGCATTCTCCGACGATCGTAGGTTGGCACCTTTGGTTATGGTTATAAAAGGCTGAATTCTTGCGCGAAACATCTACCGAGCGCTTTGGTAATACGAAACAACTTCGTATCGTAACTTAACGCTTCATTGTGTAGTTCTGTCCGCGCCTTTTCATGTTATATACCCGCGGAGGCAAGGTACCGTAACCTTACATGAAGGCCTGGGGTCTCTACTTTCGGGGTGCGTAATCAATGGAATGGCCATTGTGAGAAATTCGTTTCGATTCTGCGTTAGAAAATGTTTACTTCGCAACTTCTCGCGGCCATGGCGTTATAACCAAGGCGCACTCGACCTTGATTACAAGGCTGACAGTAACGGCTAACGAACTCGTGAGCCCT,1459,48.59,Caenorhabditis elegans
SEQ_320434,CCGCAGGAGACACACGTCGATCAAAACCACTGTTCGAGGAACTCGTCGCGTTGGTCTTAACGTAAATCACTCTGCTAACTCCCCAAGGTCGAAATGCTAGTCCCTTTGTGGGAAGGGACCGCGCGAGTGATCGCCAGGACGAACCCAAGAGAACGTTTTGCCGAACCCCGAGGTAATCAGGTGCCATGCATAGGACCAAGCTCACATATGGCCACGAAAACCGATCACGATGAGACCTGACTTACGCTTGCGAAACGCCCGGCTCGAAACGCACCCATCATCTCCAGAACCGACAAGCTCATGGTCACCAAGAACCCGCGCCCTTCTGAAGAGGAGGCTGTAGTCCACGCGTACCTTACTAATGGATATTTTCTTGCTGAGTCGGAATGGATTATTGGTTAGATTGGCTAACAGATTGACAGTTTCAAAGCAAGCACGTCTCTAGCCGCGACCGCGAACGCCATCACGAGGGTTGCACTGACGTAAAGTTAGCGACGTTGCCGAGCCGTAATCTCTCTAGTCCGGTGTTCTAGTAATTGCGGGGACGTCGAAATTAGGGCGTGTAACGTCACGTTCGGTCATACTATATTAGATGTAGATATTAAACCCTCTATGACTTCATGTCTGGGTGTGGGGCCCTACTACTGGAGCCAATCGCGCCGTGATGCGGGTGAAGTACTTCGCGCATCAAGAATGCCCGACTTGTCCGTTTACCAGATATGTAAGCCTCCTCTAGCTCGTAACTCCCACAGGCGGTTGTGTATGTATCCGATCCTGCCCACACACCTTCCCCCGCTGTACGGGTGTCGGAAGTATCAAGGAGGGTCCTAGAGCCCTATCGATTCTCAATTCTACGGTTACAATTAAAACCGAACAGTGTCCTCCAAGATCAACGGAAACAGCATGTCCGAGAACCACTTGTAAATGCCTAACTTTCTAGAGATCGATGCGACCAGGGAATCTGGGAACGCTGAAAAGATTGGTTGTCCTTCGTGTGTTATAGGCACAAAAGTTGATAATGCGAATTTTTTAGCATTACCCATAGGCCCGATTTCATC,1058,50.47,Escherichia coli
SEQ_131073,AACATGAGATGTAAGGCTAAAGCACCCTTTTGCAGCAGTTATATACATCATCCCTGTTCCGTAGTGAAGGGCAGGGGGTTTCGAGGGTAGGCACAGTGCTTGACCTTCACTACATGGGGGGCCCCGTGAAGGAAAGCAACTCTTTCGCTTGCCTAGGGATCCTGCCTGCGCACTAGAGGATGATGAACACATGACTATGCCAACAGCCTTTCACTTGAAGACGCGATGCAACGGGTGAGTAATGCAGGACCCACATGGGATACGCATGGCAGTCCGTCACCCGGCATTCGACGCAAGCCACATGTGGGCCAGGTAGCATAATTGATTCGCCGGTGTGATATTGCGGAGATTGTTGTATGTGGGGCACGCACCTTGTTTTGGCCTACCGCCCGTGTGGTAAGAGCAGCGTCTGGCCAAAGTAATCAGACAAATAAGAATTGGGTCCTAATCCCGGACAGTTTAGCCGCCTCCGCAAAAACAATTCCTGGTATCCCTATGAAATAGAGCGTCTTCAGCAGAAAAAGCACGCTGCACACCAAAAGCCTTAGCTGCGTCCAGGAAGCTTCCGGGCTTCTGTGTGCACCTGCTGCACATGAGCAGTTAGGAGCCATTCGGTCCGACTTATGGGTGACACTAACCATGGGGCCAGAAAGCTTAACAAATGTTTAGAACCTGGTTGTCGAATAACGCCGCTTCGTAGGTGGGCAGCGGATTGGTTAATAGTAGAGGGATTGACAATTGTTGAGCTGGCATGGCCTACGATATATCAATGGGATGAGTCGTAAGGATTACCTACCTAAAGTGGCCTTAGCGCATCGCCCAGTCCTTGTTATTTCCCAGTACGTGCTTCCTAGACATCGGTCCATTGCAAATAGGCGAATCAGGCATTTAGCACGACTCATTACCGATGATGCCTTACGAATACAACTAGTAAGCCTCTTTATCTGAATTGTAGAAACGCCCTGAGCATTTGTCGAATCCGTATTGGTCGTCTGTAGAATTATGATAGTGTGAGAGGGACCTAGTTACCAAGGATACAGAAGGCGGGTGACGAAGTCTAAAATAGTTCAGAGAACACGTGCTCTACCGCTCGTAGAACTGTGCACGGATGAGTGAGCCTATTTTGCGTTTACGGCCCGTCTACGTACCTGTTCAGTAACCTTTGATCACGTCCTTACGCGTATTTTGAAAGTGTCATAGCGTGAGACACGTCTGCGTCCTCTAGACGTTTTATTTATACCCTGCCCAAGGTTCATGTTGGTGCCTTTGCGCTGGCCAAAGCGAGGGCCTTACGTAACGAACCCCGTGGTCGTAAATTGATCGTGTCCTCATAAAAGAGCGTATAGATACTGGCTACGTACCTCCTCGCCGCAAGCTAGGGCGCCGGATTAGGGTCCCCTCACCGAAGCAATTCCATATAGAAGCTGATTTCAGCCAATCCCCCGTTCGGCTTTATGGACACAAGCCGGAACAACTATGAGTGGTCGGTCGTCTTCCTAGGATCTCGACGCAAGTCCATTGACTAGTTGTTCTGGCTAGATGACTGTATCCTTCGTAGTCCCGGGACCTTACGACCCCCGACCAAAGGCTGTAGCATGGGGGCGCCTGGGTAGCGGGCCTACGCAGTGTCGCGTGCGAAAAAGTGAGTACTATTTTATGGCGACTGTCCCTGTACTGAACTGCCCGCTAACGAATTGTAGGCTAAAAGGATAAACGCAGATCATTTGATCGCACGTGGTCTCCACGTGTTGGACGAACAAACTGATTATTTACTCGGGGAGTAACCAGCGAGGTACAGCTACCGATCACCGTAGAAGATGTGTTGAGCTGTCTGCCCCGACAATTTCATAGCGAGCGTTACTATTGTCCCACTTTAGCTCTGAACCAGAATTATATGATTGACGGAATGA,1910,50.05,Arabidopsis thaliana
SEQ_423421,GACTGAAAATGACTGTGATCCGACTAGGGTGAGGGACCTAGGTCTGCACGCTAAAGTCAAGCCCAACCATGGAAGCTTGAGAATGGGTGTCATTCGCCCTAAGCAAAGTGATACTGAGTTTTGTAAGCTAGTTTCTGTGAATTGTACTAGCGTCACCCTAGTAATGGCATAACGTGTGGGACTTGTCCTAAGGAAGAGGCGTCCGTGGAGAATAAGATATCAGCCGCAAAGATTTTACAAATACCTCCCTATCGATGTATGATCCCCTCACTATAGTCGCAAGAGGACGCACGATAATGCACGAAGCTAACTCATACATAACCTGAGAAGCATGTCAGTGAAAACTTTTCTTAACATGAGACCCCAGGTGGCATAGCGTGGGCCATTTGGATAGTCGCATAGTCAAGGCCCGCCTCCTCGCAGCGTGAGTGTCCACCCTTCGAGGGGTGTTCTTTCGTGTTAAGCCCCAAGAAAGTGTCGGAGCGACTAGGCTCATATTAGTATTCTCCCGTACGGCGCCTTTGGCTGCCTGAGCGTTGCAGGTATGCAGACATGAAGGTGTGATGATAGGAGCCTGGGGTATAGCCGTC,590,49.49,Escherichia coli
SEQ_627741,CGATAGTGGATACGTCCCTGAAATTCAATTCCCGGATCATAGCATTTATCACGAAGACTCGTGTGGAGTGTCGCCAGAGGACTTACGCACCCCTCGTTGTACTAGTGTAGTGTCCTCGAAGGACCTCTCGGCCAAACCGCAGGAGACGCCGTGCTGCCCCTCAGACCCGCAGCGAAAACCCGGAAGGACGTATTGAAGTGAATCCCTGCTGTTGACTGGATATGCGCCTGTAGATAAACGGTTTCGCCTTTTGAACCATGGCTACTGACTGCGTTATACCCGATCTCCTATCACGGCCAAAACAAGCCACGGATCCAGTGTCTCTGAGCGGGTTTCAAGGGGGTTCTACACTAGACTTCCACGTCACGAGATACCGGTTACTCTTATTACATCGCCGCCGGTATGTCTCTCCTAAAGAACTCAATGCCCCATCACCATCCCGGCTTGACGCGCGAGGGCATGCGGA,466,53.65,Saccharomyces cerevisiae
SEQ_855853,AAGTTGTAACCAGGTGTTATTATGGGTGATGATGGTGAACATGACCGTGTGGGGTTGTATACATATCTTCGTGACTATAGGTCGGGGGATTTTTCTGGCCTTCCGACGCGCGTGCCGCGGTCTCTAAGCAAACCTCCTTTTCGATGTCAACGGGACATAATTGGTTGTCCCTACGACATAGGAAAAATCTTTATCCTTGGGCCGCTTAACGGCTGAGTCGTACCTTTGGACATGACACCGAGATTGGGCGTCTGAAAAAATCGGTAACTAGAGATTTACACTTAATAACGGTCGTCTTTTACGCGGCTAGGACTCATCTTTCGTTATTGAATCTAGATACGCTTTGGTGTCGGGACGGGTCGGTTGTATAGGCGTACACTGTATTAACAGCACAGACGCGGGCAGATAGCCGTTGACAGCATGTGACGCGGTGCCGGTTGCCCGCCGCTCTCGGCGTGGCTCCAGCTTCCCCAGTAAGCTTCTGGGTCGCGGTCGTTCTGTCCAACGGAAGGCTCCTTGTGCCACGTCGAAAGCGCGTGCCGCAGCATGCCTTTCTGATCGCGATGAATACGTGTAGTGGCCCCATGGCGGCCTGGAGCGTAGACCGCAAGTAACACCACTTTGAGTGGGTCGATCATATGACACACAGGTACGTGCCAAAGA,663,52.34,Homo sapiens
SEQ_679879,GTGCAATCAAACCTTAGACCTAGGCCATTAGAAACAGCGCGGTCCTTATGCTTCAGCCTCCCCTATCGGCTTGTAATCTATTTTTGAATCTGTGTGACCTCATTAGAACTGGCAGAAGTAACGCAGCAGGTCCGCGCTTTCAACGGGACAGTACTTCTCCATCAGCGAAAGCAGTAGTTAGTTGCAACACCCTAGTTCGGACGGGTATCAGACATTCGAGGGGGTTAGAGTTGTGGTTTTGTATCACGCGTATTAGCCTAGAAGCCTTTCTGCTCAAGGAAGCCGCACGTAAATCGACTATAACACAGACGGCTGGACCTCAGCGTTGCACTAAAGGTTCAACTAATGATCAACCCTAGCGACTCCCGTCTGTTTGATTGCCTCGTATACACTCCTCCTACTCAAATGAAAACCGGCCCACCCATTTCAGCATTTAGGTTCATCTCTGGTGGGCAGCCCGGAGATTTAGCCTTGACTATGGAACTATCGTTAGCGGCACGGCGGTCCGTGGCCCGAGCACCCCCCGGGCCCCCGACATTGGAAATTTATTCTCTAAATATTATGGAGGTAGGCTCGCATGTGTTGGTTTTGGTCATATGCGCGGGTATGTAGATATTAGCGCCTGAGAT,629,49.76,Arabidopsis thaliana
SEQ_130273,TATTAGAGAACATATCGCCTCGTTGCACGACGCACTGATCGCAATTTAGTTGGAGGCATGAAAGACTTACCGTGGTCGACGATAACCGTTTTATTGTACTACCTAAGCAGCTCAGCACCCGTACAAGTGTAGTATGCGATACACGCGGATGCTACACGTTAATCCTAACACTAACGCAGCATTTTTGTTTGAGCTAACCATCTGGTCACTATGGTCATTTATATATATGTACGGCGCTCTAACGAGCGGTCGGTTAGATACACCATTATCATATGTCATGATATACATGACCGGCGTCCCCTTTCTGACGGCCCCGGCATATGTTGAATATGTGATATTGAGACGGGGGGCTGGGAGACGCATACTCTTTTCTTGGCGCAGCGTCGTTAGGGGGACGCCGGACTCCTAACTGCAGGTTACAGAGGTCATCCTGCGAGTAGATCCTTTTCCTAAGGTAGGAGAAGGGCATGCTTTGTGCGGGGTCTTTGTGTCCTGAAGCCACAGCATTGGGCCAACGCCCCTCGCGAATTCCATGAATTTCGGTTTACTACGTGTTTATAGTGGCTAAAGATTATGAGTCTCATGGGGAACAGTCCTTGAGCACACAGTGGCCTTCCGGGTCCTCGCCCGGCCACCACGCGACATCACAGACTTGCCAATCTTTCCGGTAAACGTAGTAAAACATCTCCTGCAAGAGGGATCGCATGTGTGCAGAAGTACAGGTCGTGTACGACATCAATGTACCTGAGCAGCTGCCTACCTTCGATTTGGGGGGGCCTTTCCCCCGCCAGAAAGCTATTGCCTAGCAGCGTTCTTGGACAAAAACGACCCTAATGAGAGACTCAGATACGTGCCATTTTAACCAGAGCTATAATGTATGCTCAATATCAGCATCCGACGGCACATTACCCTAAGAAGGGTACATATTACTCGCATTTTAGCTTCGGAATTGTCCCCGTCTACGACGTCGGCTAAGATGGCAGGCGCTTAGACTAGCCACTGTCGGCAGAAGCCAATTCCAGCATTAGCAGAGGGTCACCGAACTTTCGCAATAGTTCAAGGCACGTGAAAGAACGTGTCTGAAGGTCGACCGCCAGCAGCAAGCCTTCGAGCAGATGCTGTGTCGAACGCGAAGTCGAATAATGTCTTTCTTAATAATGATGTAACCTTGTATGCTACAAGACCACATATTTGCCACGCCAATCGGACAGTAAAATATGCTATGAGCAACCACGGGACTTAGAGCGTATAGGATAATAGGCGCGCCTCGCTCGGCACCAAGTGACTCATTTGTTCGGTCACGCGACTAGGGTAGGTCGTCAACACCTCCTCGATGAAGGTTATACAGATGATCCTAGTTGCAGCTGGTGTCTTTTTCAGGTCATCGGAAGGACCACCCACTGCTATCCGCGTTCGATACAGTTCGAGACCTTGCCTATGAGCCAAAGGCACTTGCGAAGACGCCATGCGGGTATAAACTGTTGAGCCCAGAACCGCAAGATTAGGGATTCAAGTCGGAGACCCTACGGTAGGCGATACTTTGATGCCAACCAATGTGCTCTTCCGGAAATCTCCTAATACACCTATTCGTTCCACCCTGCCAATTTGCATTGTCCCGTATAAGTAAAGCGACTCAGCTGGTACCCAGTGTTCAGACTGTTCCCAGAGGGCCACCTTCCCCGCTACTAGGGATAGCGAAATGAGCCCGAGGTAAAAATTAGT,1722,49.65,Saccharomyces cerevisiae
SEQ_169932,CCATTTACGGCGTGCTCGAATTTGGGAACATGAGATACTGTTGGTGATTACGCGCATGGCCCTATTGCCCTGTCGCCAGCCAAGAATGGTAGCTATCGAAGCCCCTACACAATGAGTGTGCATACTCTGGGTGGGGCCCATCCAATTGCCATTTAGGCGCTTAGAAGGTTTTGCCCTACGCACTAGCTTCAATCATACTGTTCTTCGGGGGCCTTGTATTTGACGTCGGCGCCCGCGCGGGATTTATCTCCTGTCGCCATGCTACTCCAAGGCCTTGTTTTCATGCTTCGGCTAGTTTGGATCCCCTGCTTGGCGCTGGGGTGGGCTTTGGATAGGGCCAAGTCAGCCCGGTCCTCTTTGCCTGCTCCTCTCGCGACGAGGTACGATTAGGGGATTAACCAAATTCGCAACCAGTCAAATGTGCGGCCCCACATGCCTCAGGCAGTGCCCAAGCCGGAACCAGTAATAGCGATTGTCAACACCCTGAGAAACTGATGGGGTTCTTGCGGAATGGCCCATACGTACCCTGTTAGATCACCCTCGATGTTAACACCATGGAACTCATGACGACTGGGGGTCTTCCTGTTACCTACTAGTACGATCAGTGAAGTACAAAGTCTTGGGAGCTACTATGCCCTACAGGGCAGATATATTCCAAATCGATCGATCTCTATGCTCGACTGTAACTGGTAGACGCGCCAGTCCTTGCAATAAGTATGGTGTGCTTCCCGCTAGATACGATTCCGACTTCCGGTTCAACGATGCCAGGAAGGGAATCCTCTTTAGACACCTGGCTAGCGCCGTCACTTATCTCCGCACTCACTGGGATCGGCACTACTGGCAGTTGAGACCTAGAGTATGCACCCTTATTACCAGTTGAAGAGACAAACTTACGGCGACGAGGCCTACAGCCGGTGGCTGCATCTAGAATTCTCGGCCATTACTGAGTTCGCCGGGATTGCAGGGAATGGCAGAATCCATAGAGACGCACCGGTAATCACTCATTCCCCAACCGGCCTGGCTGAGCGTGCTTTGGGGGGGGATAATGTTACTAAGGCTCATATCCGGCGCTCGATGGGCCAATGCCCGGTATTTAGCGGTAAATCAAGTGT,1112,52.97,Drosophila melanogaster
SEQ_431934,CGGGACACGCTAAGAGGCGTCCCAGGTCGGGGATTCCCTTTAGTGGTTGGTCGGTAGACACTGCGAAAATATGCGATCCCGGGCCAAAGGTACTCCTTTCAGGTGTCGCAGTCGCTGTCGAAATAACGAATACCTCAGTGTGGGGGCAAACCATCCATGCAAAGGGTATTATGCCTTACCGTGGAGTCTTAGGATGGGCGCTATTATTTTAAACAACCGACAGAGGGTAATTTCACACCTCTCACTTTGACTTATGAGCACCAAAATAAAAGGCTCTACTATTAGACCCCGTCCTTTAATTGGCACGGACAACAGCCCGCGAAGTACCGAGAACAAATAACCTGCCAATCAGTGAGTCAATAACGCTCGTTCGAGTCACTAATTGTGATTTATGTTTAATCGATATGAATATATAAGCTCACATTAGCGGTTATGCTGACTGGACGGCACGTAATCCCAGATAAAATACAGCTTGTTGTTAGGAACTCCAGGTCTTCCCACTGTTTGACAGTGCATACCCTCTCCAATAGGACTCGAAGTGCCGCGTTCGACCTTGGGGGATACCACCGCGGTTCTCCAATTCAATCTGCTGGCGGTTCCCTCCAGGTGTTAGAGACTGTATGGGCTACTGTGACTTAGGTAACGGCGGCAAGCGTTTTCTAGGGTACGAGCAAACAACACGGCATCAGAGATATACTCGGACTACCGTAATTATGGAATCTCAGTGGTGTCTCATGAAAGGTCTTAGTGTACGTGTCGCAATGCGAGCTTCCCTTTCTAGTCGTTAGCTAAAAATCTAGCCTAGAGGATGTTATGACCTGATCACGACTGACTGAGTCCGTTACCAAGCAGATTGCATCTGTCGTCTCAGAGTCCGCGCCACGGATGCGGTACTGTGCATTTTGGCGGACGGGGATATCGGGTAGTCTGGACTGGGATATTTTTCTTAATACTTGATGGGTGCATAACTACAGCTGGCTTAGGAGCATGGAGCCGATCCAAGCTCCATCCATCGCACTTCGTGTAGGTAGCAGCAAACTTCTATCGATGTCCACGTGCACAAGCCTCGAATGCAGATCTGTCGGATTCGCCGCCTTCGGTATATTGAAACCAAATACGATTATGAGCCAAGTTGTCCTTCGGCGTTTGTCGAATCGACAATCCCATC,1168,48.54,Caenorhabditis elegans
SEQ_735865,TTCGTTATAGTCTCATAGGCCTCACCGGCACTCGGCGTTCTGATAGCTTTGTCCCCCCTTGGCTAAGAGCCATTGGGTACGGCAAGCGGCGTACCACTAAGGGCGGAGAGCTTGCGCGCATCACCTTTTCATATGATCGTCCGCCGAAGCCGGCATCATCGTTTGTTCTAACGTAGGTCCCCTCTTTCAAAAAGAGGAATGTAGAGTAACCCGAATGGCCCACCACCTGAAAAAATTACTGCCGCTTACATAACATAGCGGGCTGTACGGATGTCTGCAGGATATCGCATGAGAACTCGGAGTGGGAGTTGATACCAAATATCATCTACGAATCACACTGATATGTACGGTCTAGGAGCTCAAGTTTAAAGTGATACGTGGCTTCGTGTAAATTCCTACTTGACACACGCCCTTAGACCGTTATGCTAATCTGATCGTCTTAGGCCAGACGTAAGCGTAGGGTTCTAACCCTAAGTAATAACAATATTAATACGGACTGGTCCGGGGGGGGATCGGTTGCTAAAACAGTTACGCCAGGACCCCATTACGCGTATACCTGCAGTGGACGAGGAGTTAATCCGACTCCTACCAG,592,49.49,Caenorhabditis elegans
SEQ_208282,GATCCACCGCGAGTCGCGACACTTGGGGTTAGCAGGGCGCTTCGCAATTGCGACACAGAACCAACATGTTTACTGGGTCATTCAAAAACAGACACCACGCCCTCGAACGTAGTGACGCTTCGCGTAGAAGAATACCCGTGCCACCATCACGTCACGAGGATCTCGCGATAAGTCACTTTCCGCAAGCTAATGCGCATCGTGTTGGGGAGATTGCGCATTCTCATTCTATCGTGTAATGTCACCTTCGCCAGCATGGGGCGAGTGTCCACCTAAGGTTGGAGCCACCGGCAGCCACATTCGCAGCATCTCTAGGCATAGTGATAGTCGGAGGAGCACCAGACTCAAGGATTGGGATCTGGCACGCACAGGGATCTACGTCAGCGAAGTTCACTGACACCGGAATCAACCCGGCTCTTCTCGGAGTGCGTCCGAGACCAGCTCGTCCGCTCTGTTATTGGGAGGAGTAACGTACTGAGTACTGAAGAAGGACAAGCTACTTTCTGACCCGTCTCTGCTTCCCTGTTTCAATCGCGTCGGGGAGCGGGCGCAACTATCTACGTCAGGTTATTGACATCTCCAGTCTGTAGCCCCATCCCTGACCGCCGCCTAGCGTCTATGCCCCATTCTGTCACGTTAGAGCAGGTAATCTCGTCCACAGTAACTGCCAGATTTCGTAAGCAAATGGGATTTCGCTTGTTCTAACGGCTAAACCTACTTTGGCTACTTGCTCTTAGCGTCTTTTGGAGTTATGAATGGTCCCAGCGGGGTACGTTCCGGAACCCTTCCCACTGCGTCTAAGTGCTTCAACCAACAAGCCTCTGGTCGGCCTAACAATTCTGTCTCGGGTACGGTGCCATACACCAAAGGGCCGGACTATGTCCAATCCACATCTCTGGGAATGTTGAGCAGGAGGCACCGGGGAGTTACGTCTGGGAGGTGGGTCAGCCATTGCGGACTGTGGTCCGCAGCGAGTAAATAGTTAAGTCATTGGACCGAATTACTTGGTGGGGATATGATATTAGATTTTATAATTTTTTTGGTGCGCGCCATTGGAAGACGTCTTTGCTTCTTAATCACCGCGTAAATAGTCCCCGCAGGCCGGGGAACGAAGCCAGTAGCGCTCTATTGAGCGGTGTATCTGGTGGTTCTCACCGTTGTCTAAATAGTTGTGCCGTACTACAGAGTTAACGGAGGAGATCGTTTTTCCAGAGTGGTGGCTATATCTAGTCTTACACCTTTCCGCTATAACGACAAAAGTAGACCTGAGCCTGCAGGGGGCTACGTCTGTACGGGGGCACCTAGTTCTCCTTGCATGCTGAGATGGGCCAGATCTAGGCAGCAAGCATCTCTCTCTTCGACCTTACCGGTCTCTCCCTGGTCCCGACACATATCGACCGAACCGAACAGGAGAGTCGGGCTCAGAGGGAGGTCCTACCGCTAGCTCATCTTAGCTATACTGATGGCTTGCGTTATGTCTACCTTACCAGTCTGGGGTCGGTAGCAGAACCGCCGGAACAAGCTCAAACATAAACTACGACTTTACCAGACAGTCTTTATCACTTCACCTAAAGCTCAGGGGGTACGCATAACAAACATGTTAAAAATTAGTGTGGTAGACATATCTCCTTCGTGCCCAACCATATAGA,1646,51.88,Saccharomyces cerevisiae
SEQ_605856,TGGACTTCAAAAGTGTGTTATCATTTACGCTTTTTGTAGCGCGATGGCCTTATTCACGGATTTTTCGGGCAACGCTCACATCTAAGTAAGGGGGAAACTGTTCAGTATTTTTGCTCACAATACGT,125,41.6,Mus musculus
SEQ_309532,CATCAATGTACTTTAATTGGAGCACGCACCACAGCACATCTCGGGTAGAACGGCCCTAGAGCTTGCACAGGCCGGATGACGTGCGATGGGGGATGGAGCACGGCGTCTCCCGACCGGTACAGATTCATGTCGATAATTTACCCATTAAGGTTGGGAGCGGTAGAGTTATGCATCAAAGTAGGGAGAACAGCGATACACGCAGCAATACCTTATTTCGTTGGAGCTATTGTGTCAGTCAAAGCGTGAGTTTTTATTACTCTACGCCCAGATGTGCTAGTGAGTCCGCAAGAATTTTATCTATCTTATAGTATAAAACCGCGGGAACCCAGCGCTATTTCTGCGCGGATTGTTATCAAATCCAGACTATTGCTTGGTTCGCGGGCCCTGTGCGATTAGCTCTATATACTAAACGTAGGCTGTTAAAGTCGTGCAGCAAGCCCTTACTTGAGCAAATATGGAGAAAGTTTACTCTCGCAGCGATCTTGCGCCCAGCGATGGCGCGAGCCTTGAATCCAGCGTAGCTTCACTCCCCTGGACTGGCGCTACGAACGAGAAGTTCGACGTGCACATGTTCTGCACCTTGAGCCTGCTGTGTTACCTTCGCGTTGCCTCACGCACCAGGACGTCGGCGGTAGCCGCAGCCGTGGTTGTTCTCTGCTCCTTTAATATCAAATCGTACGAGTGGCGATCTTAATTCGCTTACTACAGGCCTGGGATCTGCATCGAGATTGCTGCGGGTAGTCTGGCACGAAGCGTAGCAGACAGGCCCCAACTGTTGAGAGACCACGTCATCCTAATACACATTCCCTCGCACGTTCGCGGGTCGATAACAGCGCTATCAGTAAATTGGACAAGCCTAAAACCGGAACACGAGCAGCCCTGAGCTCACCCATACCCAGGCGACGTGAGCCAGGCAACTAGAGCTGGGCCAAGATGATAAGACCAGACCTACAAGCTAATGCTGCAGACACCGGGCCCGATAAACGCTAGGGATGTCAGGGTTCGTTGGCTCTACTCCCCATGGTTCCCGGTACAGCGCCTGATAAGTCTGGGCCAGAAAAACTTCGTTTCGACGTAGCGTCCTACTGTAGGGTTTGTACGGGCGCAGGGACGATGTATTGTAACATAATCCCTCTGGAAGCAAGGAGTTTGAGAATTTTTTTTCCCTACCGCCGGAAGCGCCGCCGTCGCACGCACTTTTCACTCTCAGATGGCTCCCTCCGAGGCACGGTAAAGAGTCTACTGCAGCTTCTGTTATCCTGATCATGCCGATCTACGGAACTAACAGCTGTTCCATATCTAGAGCTGTACCTATTAATAGCAGATGCACGAATCCGGCGACCCATTAAATCCTAAAGATCGGATATACCTCTTTTGTCGTGGCGAGCCAATGCTGTGGAATTTTTCCCCGATTATTCGTCCTCCCCCTAGGTGAACGCAATAATGGGCGTAGTATGTACAAACACTGTAGAGCCACGATTCATATGCCGGGCCCGAATGTATAGAATTAGTAGGAATGGTGCCACTTATTCAGGTTACTTTTTCTGGTATAAGGTATCCTTGGCGTAAGACCGAACATCTACGACGAATGACACCTGTTGGATTGATGTCACTAGGATCCGCCTCGACTCGGAAAATGTCTTTTTCCTAGAACCCCATCGGGTAGCTCTCCTATCATCCGCATCGGCTTCGGGAATGGGACATAGTCGGGCCAAAACGCTCGGGTGATCTTTTTTTCCCGACACCAGTACAAACCTTGAGATGGGTGTACGATTTCTAGCAATCGCCAAC,1791,50.7,Arabidopsis thaliana
SEQ_719628,AGGAGCCCCCTAAATTGTGTCGTAGCGAACTCTTCCCGTTTCAACCAGAGTGTATATATAGGTGGGTACGCGCCTCATTGACATGGGATCGCGAGACCTTCGCGCAGCAACTGTGCCGGCCCGGGTAATTATCTCTGGCCGGATTCTACACGAGCATGTAACTTTCTTAAGCATATCAAGCGGATGTCAGCCCACTCTGAGTGAAAAAAGTGGTATTGTCTCGCCCGACCCATTATGATGTGGTATAATTAAGGGAAGGCAGGAGGGGGTGCCGTATGCTACTGGGCGGAGGGTATCCGGCCGTGAATAGGTCCGGGAGTTAGAAGAAGACCGGCGCTATGGTTCTAGGACGGATCGTCGGTCGAGGAGAAGGTGGCTCAGATTCTAAGCTAGCAATCAGGTGCTTTACGAGAGCATTGGCCTACGTCCGGTCATAACGTCCGCAGCTTTGCCTCACGGAATGACCGTCCGCTCCATCGCAGTTAGGATGTCAGGTAGCTGTAGGTGTATACTGGGACTCACTACTCCAAGCGACGCCCGTCAGTACTACTTACCACAGCTGTTTAGCTATATGTGATACCTCCGAGGAAGTGTGGCATTCGATTGACCCATCGAGCGTCTGTAATAGTTCTCATGAAGCCAGTTGATTCCTCTAATGGTGGAGAGAGTTGAACCTATTATCGAAAGTGGTATCTAGCCTAATAACAGTACGATAAGTATCTGCCAAAGCGGACATCTGTGCTTGTCCAAACGAAGTAGGATTCCAATTGATGCCCAATACAGGTTTGCCGATACGCCTCGAATCTTGGTTCTCGGGCTTGTGGTGCCCTGTGGGAGCTACGCCGTGCCTGCGGTATTTGCACAAGACCCGTCATAAGGAGAGCGTATATGTACAGGGTGATCATTCTCTTGAATTACAGGTGTTCCTGCCCACCTAACGCCCTAGGCCCTCAGTCGATTTGCCACTTCTAGACAATATTGGCGGTATTCCAGTAGACGTGGTGCTTACCTCTGTAACTTCCTCTTTTGTACGGGGCGAGCATACTAAAAGGATGTCGCGAGGTGACCGTTGGGGAGATATGTTGGTCAAGTAGGATGTTTTCGGCCGATAATATTTAGTAGACAAAGTGTAGGAAATTGTGAAGTCCTAAAGTTCCACAACCTCTGTACGCCGCACCCTAGATTCAAAGTTAAACTGGCATTAAGCTGTTCCCCGGACATTATCTGCATCGATTGGCACAACATACCGAATTTTCCACAGGACGGAAGTAGATATCGTACCTCAGGCAGACAATGAAAGCGTAACAGGAACTTACAATCACCTGATTCATTGCAACATGATTTAGCCAGAGGCCAAACGTATTGCTGGCAATGCAGTCCCCAGCTTGATTTGGGCACTTCTCGACACCACAAGTGTCGGGAGAACTGCGCACGGGTATGACTAACCCGTCACTTCCCGTACAGTTTCTCCTACGCGCCAACTCTACTCGGGCTTAAACGCATGCTGTTCTCTGATGATTTTCGGCGCCTCGACTGCAGGGCCTTTGAAGCCAACTTCGTATGTCTAGTATGCCATTGTCCAGATTTCCATATTCCGTTTAGCAGTGCACTTAGGCGTGACATGGGTAAACTTCGTCTTGTAAGGGATGTACGCGGAAGTGGCCATTGGTGGAAGTATAACACGTAGCCACGTATTTCCGCCTGGACTTGTATTGGTCTTCAAACACTCAACATTCGAGCATGGCGCGAAGTGCTATACAAAGAACGCCTCCAGGCGATTAATATAATGGGCTGATCGCAGACGCCGGTACGATTCGCTAACCAAACAACTTCCACCGTGGGAGTTCATTTTACCCCTATCTCTGATCCGCTTTGCACGTGGGCTGCCTTAGTGATCGCGAAGAATGACGCTGTAATGGGAATCTAGGTGT,1931,49.61,Homo sapiens
SEQ_972951,AAACCGATATATTCAGCGGAGATCTATACATGGTCTACAAAATGCTGAGGCCCCTCTACCATCCATTGTAGCAAGTTCTCCAATTATCATTAGCCAAATAGATTACACTGGGGTTTAACCTTGCGCGGTCTTCCGCAAGTCCGCCCATCTGGAGGCTTCGTTCAAGAGATACTCTGACAACGACGTGAGGCCGTTATAAGACCTATCCCCATTAATAGAAATCCGGCACCCGCGGTTTTGCTTCAACGGGCTACGGGCGCTACTAGCCACGCTGGGGCTTGATTATGTGGCATCCTAGACATCGCCACGTCCGAATTGGTGGAATTTTGCCGCGCCGTTCGCGTCCGAGCGCGCATCTGTTAGCATTGTGGAAGGCAGCTGGAGTCCCCCCATTAGATAACAGCACTTGGTTCCTGGTCGGTAACGGAACACGTCCAATCGGCCACCGTCTGTCGCGACGTCCGACTAATTTAGGCTCGGCGCGATGATTGGGTCGGAATCAACCCGCCCGAGCATATCACACTCTGGACTCGAGGGATGGGGAGGGACACATAGCTCTAATTCCATCTCTGACGACCTTGGGTATGACCTGTACGTTGCGTCCTGCTACCAATCAAGAGGATTTCCGGGAGTAGACAGGGAGAAAAGAGACAGACGGAGATGGTGCTCTGTAGATGTCGTAATCGGCTTTTACGGTCTGGGGATCCTCGTGATCCGTCGTTCCATTTGACCTATATGGAGGCCAACACTGATGTACGATACCACAATTCTCCATCGGACTTGATTGTGATTTACATTGCCCATAGCGGCAAGCACATGTATCAGTGTATACATATGGGCTTGCGGCTCGAGACGAGTTACCCGAGATGTCGCATATTGATAGAGATGACAAGGGGTCCGGGACACGGGGCCGAGGTCGACCCGTCCACTACACTAGACCGTGCCTCTATACAATGATTTCGGAGGATAGTCTAATACAAACGCTCGCCCCTGCACAAGAAATCTGAACTCGCAGCTCTGCCCGGACGCGCCCACCTGAAATAAAGAGGATATCCTTTCTTGGCAAAAACAGCATACAAAGATAGGCTGAGACTAGCTCAACGTCGTACGCCGGCCAAAGTGATACCAGTATAACGGTGCCACGCTGATGCGTCCCAAGCTTGGTTGCAAGCACAGATGTAGGAGCTGTCATGGCAGCACGATGCGCAATCTCCCTGTGGCGCGTTTCAAACTAGCATTCACCTGCGACTGGGCCGCAGGATCTCCATCTTATTTCTTCGCTGTTGCCCAGGACAGGCGTTAATCTGGCGGGGCTCCATCGCCGAAATGATATCGTTTAGACGGGTGTTTCTGTGTTTCACCATACGACTTATGCGCCCTAAGACTGATTTGCGATATGCAGTCGCTTTGCTGAAATCCGTGCCTTAACACTAGCGTCACCCAATATCAAATGAGGAGCCTGTACTAAATGGGCTCTCTCGATGCGAGTTTTAAGTATAGTTCGAGCCCTCAACAAGGTACTGATTCGTGAGACATGTGACGGTATCGCTCGCATCGCAAGTTGAGGTTGGATAGCCACTATTGCTGTAAAGGCCGCCAGGGTGCTTATAGCCTCTATTGTGATACTTTCTGCCCCTGCCCTGCGAGCCACTCTGGTAGCTTACGTATATCCATTAAGTCGTTCCATCGACGCCGTCTGCTGCAACGAATTAAATTTAAATCTATGTTCAAGGAGCACATCACTCGGTTTATGCTTGACGAACTTTTTGTTGCGCTGATGAGACAAAAGCTAAGACTGAAAGGAGGATAACAGAGGAGTGACATGTGGCAAATTTCATTAGACTGAATAAATTCTTTAGCTGGAACCTATTGAAAAGCGAAGGACATCGCCTCCAGCCTCTCGGACCGATATTCGTAAAAGCTGGATGAAACCTAATTCTACTTTACAAAGTTATACACAGGATTCTAGGACGCGACTACA,1981,49.92,Mus musculus
SEQ_617742,TACAGCGCCCGTGCTGAGTTATCGCTGTCGTAGTAAGCCAGGATTAAATGGACGCCGTTCGCTGTTAAAACCCAAACTAGAAGCGTCCTCGAGGTCGCGCGCGCTGCCTATGGTAAAAGGCCCGGGGTTGGAACTCGCATCACGGGT,147,56.46,Drosophila melanogaster
SEQ_590885,AAGCCTAAGGGGTGGCTGGACAGTTTCTTGGCCATGAACGTCGCGTAATAACTTGCTGATCAAAATGGGCTCCCGGAGCTTGCCTGTAGTTTCCACAGGAAGTTCTCGAGTTAGTGCGTTCCGTAGACTTCGTGGGGACAGCCTAAATTAGCAGGGCCTACGCCAGTACCTGCGTACGTTACGCGTATCTCCTTGTAAAATCAGTCTTTCGTATCAACCGTGCCAAGGCCGCTCAATCATATTCTGTAAGGATCTCATCCTGCATCCCGATGTGCATCTCACGGACATTGACGCCCCGTCCGAGCGGATTTATTTGCTCTAGTTACCCGCGACTGCCATCGCCTCAATACTAGTCTCACTGAGTTAAATGTATTCGGCGAAAATTTGGTGAGGTAAGCGGGGAGTACTGATGGGGCAGCAACCCGTGAATTATAGGGGACGGTGAAAAGTTCGTGGTACGGGGCCAAAACCGTAACGTAGTATTGCCTAGCGCACCGTCCAGAATGCTGCACCCCCAGCCCACCGGTGGTCAAACCTCCAAATGAGTAATTCCATGTTGAGTAGCCTACACGTCATGAAGTGGGCATCGATCACAACAGCCTCGTACTGCAACGGTGTTATCATTGTTCCGTGCCCAGCCACAAAGACGCTAGGCTGTCGTTAGGTTCATAGGTTAAGGAGTCCCCGGAATCTCCCCCCCATAGGGTGCATTCGTCCGCCAGCATGCGGGAGTGGTGGAAACATCCTAGTCCATCCCGGTATACGGAGACCCGTTCTGGTTATGATCTGGATCGGTAATATCTAGCGAGATGAGCGGACATCGCGAAACGCTGCTAAGCAACAGCGCTTTTGTTGTAGCCCCGAAACCATTATAATCCAGGTCAGAGATTAAAGATAGTTATAGCAGTTCTGCGGCAAGGGATTGATAGCCGGACGCTTTCTATGTTTACGTTGTTTATAGATTCCGTGGATACGTGAATCATTTCTTGTCGCTACCGATACTAAATTAGGTGTATAGCAGTGAATACGCGTGAGTTAAGTATAGGAGACAGGGCGTGAACCCAGCGCCAGTCATCGGACAAAGTCAGTAACGTATCGGTCTAGCATCGGCGGGTGACTCTGATGTGGGATAGGGTTGCAATGAGTGCTTTATTCTGCCATTTTCGTAGCGACGCCAAGGCTATCTCAGAGCTGTTGGAGCTTTCAATGTATGATCATTAAATTAGTATTAAGAGAGGCGTTGCCCCAGGGTTAAGGTTAGGTGGCACCATCGCTTAGCATTAGCTATGCCCTCGGCGTTGTTGGTTTGGTCTTGATCCTCTCAACCCGACGACTTGAGGAAATGCGGATAGTAGAGGGGTGCAAAGACCTCCGTCCCCTGGTAAGCCTCTGTATCTCGTCACTCAGTATCCACGTGCAAAAGTCAGTATTACGCGGAACAGTGTTCTGACGTCTTTGGACATTATTCAGCCATTGGAAATGTTGTCCATCTCGCGGTATCGGATTAATGTTGCGTTACCTATCCGGGCTTCCGGCGACAGAAACGTTACTCGCTTTCTGGACCTAGGTTAGCAGCTAGCTCGTTCAGCCGGACCACCACAGGCGAGACTGTCATACCCCTCGTATTTCTTATGCACGCCTATGAAAAGAGTATGATCATCAGCGAGTGGCCTGGTGTCTAAGATATGGTCCGGCCGTGGTTTCCGCTCAACATCAGACACGATATCGGTAGGCGAATAGCTGCGAGTCAAGACTGTTGTCGTACCGTCAAAGCGTAACTGCGTCTAAGTGCGAAACTGGAAAGCAGTGGGGGGCTCGTATTGATGTGATGAGGAGTAATAAGGAACTGTACCAACGTGTCATCTTAGACCAGTCCTTTGGTAAGATAATTACTCGTGCGATGTGAAACCTAGCGCCACCACTGGGTGTGCGAGCTTAAGCAGCGAGCGCTT,1952,50.2,Caenorhabditis elegans
SEQ_433526,TCGACGCCCATCTGTTGGTAGGTGATAGTATCAAATAAGTGTTACAGTCGAATTCGAAGAGTGGGACTACCATCTCCAAGATATACTGTCGGTGCAAGTTGGCACGAGCGTAAAAAATCAGTTAGAATGCCGTTATCACGGTCACGGTTTTCTCGGAAGGAATAGTCGGCTAATCGACTCTTTCATCCTTTTTATTTGCTCTCAGCACTTTTTCAACTCGGAGAGTCTAAACTGCATTACAGACGTAGGACGTGACGAAAGTTGGCTCGACGGAACAATCGATACGAACAGGGCACCTGAGATTCTTGCAGCAACCGGGTCCTAAGGGCTCGCCGCCGTCTAGGAACCTGACTAGTGTCCCTTCCGAGCAGGCCGAACACGCTCCATTTAATTGCTATCAAGATAGGACTCCCGCCATATAAAGCTGTTACCATTCGTACTCAGCAACTTATAGGCAAGTAACGTGTAAGTGTCTTTGCCAGATTAGGTTTTTTAGTGTAGTACCCCTCTTGG,513,46.78,Escherichia coli
SEQ_722312,TATGACTCGCTCTGCCGATTGAAATGACTGCACAGGAACTTCCGGAGTTCCAAGGACGGACGAAGATACCAGGTATGAGTACAGTCCACTTATCACTTTCGATCTGAGCCGAGATCTATTGCAACCCCCATATCTACTTTTATGGAGACTGATTAGAACGAGCCCAACAAGCATGCTGGTGCAATCACCTGGTGCCCCGTACGGGGCATCATCGTGGCACCTCACGTGTCGTGCTTTGGCCTCAGTAACGGGTGCATTGGTTCGTCCGGTAGAAGCTTATTAAGACGTACACTAGTTAACACAAGATCCGCGCTCCTCTTTCAAGGTCGAAGAGCTTACGTACATCTCATCTGGATAAATAAAAGGCGGTTCGTCCC,377,49.6,Caenorhabditis elegans
SEQ_513406,GGTATCGCACGTTAAAGTGCGAGTCTGGCTCTGAACATTAATATGGCTCGTGTCATTACGAGTTGAACCGTGGGCCGCCGCCGTAAGTATCCGATCCCGTCCTCGGTTTGGTGAGAACTCGCGTATTGCAAGCACCTGGGAGATTCCCAACTCGATTGCTTCAGCTGTCTTCGAGGGTTTTGTCATGGTTGCAGATATAGTTGGCTCATTTTCATCAGACCGCGATGAACCTCTTACCGGCTGGCGGGGGGCTCTAGTGTAGGAGTTGCACCGGGGATTCCGGGAACAATGGTATCCAAGACCCGCCTTAAGTGGAAATCGGTTACGACACATAGAGATAGATAACGCATCGTGTGATCTGACCCAGTGGACAGTCGCCAAGTTCGCGGCAGTGAGACATTTACGGCCAGCACCTGCATAACTACCGGCTAGAATTGTGGTGCCCGCGTTCGACGCTTTTCCGATTTGGCTAGTGACGTCCGGCAGTCCTCAATCTTAGCGCTGATTGTTATGCCAAACGGTGGTAAGAGTGGACTGGCCACCAAGAGACTTGGTTTTCAAGAACGAACCCGTATTGTCGGAACCTCCGTGCCCCTCCTAGCCCCACTACGGGGGGACACACCTGGCGATTATACGCATTCAATGAGCGGAGAAGAGTGAATGAAGTTTGCTTACATGGGATAGTCCCGGAAATACTGCTTGGAAATCGAGCAATGTTTCCCGCATGAATTAGAAACTCGGCCGCAGGAATCAATATCAAGACATTCGAAATTATTTGTGGCCCCCCAGTAACGTATGGAATAATGGAATCTGCCGTGCATGTAAGCACTCCCGTTGTATCGCGTTGCCAGCCGGAGCAGGGCCGGGCGTGTAATTGCCTCATCTCGAATGGCCAGACACGATTTTAGGCTGTTACATAATAGGCGATATAGTCTGCATCATTGAACCTTACCAATTGGGCCATTGGGGCACTATCATTAACACCGTGGTAACAATGACAGGCCGACAACAAGATGATATGACAATCACTGTCGATTACAGACTATAGTGTTGGATTATGACTCTTGTTGGAAGTTGCCCCCGCTATGCCCCTATCCGAAGGTGGGGAAGTTGTTCAGCAAATGCATAGCTGACAGGCCACCTAGATCCATTGGGATGTTCGAAAGCGTGCTCCGCTGCGTCCCATTTAGTCATACTTAGAGCACCGTTCTCGGCCGTGGATAGTGGCGAGTCGATAGCTTAATACGGC,1249,50.84,Mus musculus
SEQ_251109,GGGTTGCCAACACGCCGCGAGCTTATCGGTAGCAGGATGGGGCGGTTCCAGTCTTGGTCGGATCCGACGCGCATAGAGCTTCTAACAAGGCGAGAAAACGAGCGATACAAACAGAGTACTAATCGGATAGAGATTAGACCTGACATGTAATACTGTGGTTCCTTAGACGGCATGACCCGGATGGACCTATGCAACCCTCGGCAGTGAGTTCAGAGTTCTGTCATCGGGTAACACGAGATATAGTCCGCGTACTCAGGCATTCGACCGCAATTGCCAAGGCCCATGGCCTTGACGTGTACAAAGTACCCAATACACTTCGTCATAAGGCCCCTATTCCCACGGCGGTTATCTGCAATTTTGGCCAAGCATCTATACACTGGTAGGTAACTTGAATCGCACCGACCCTGTTTCCGGGCGCTACGCAATACTCCAATTTCAATTGCAGCAATCGACGAAGGCTATTGAGGCTCGTAGGTATGATAAGTCAGTGTCAACGACTTTGGTCACCGTTTTCTAACGGTCGATTTATTTACATTTAGCTAGAAAAATCATCACTGACCTAGAAACGGTGCACACCCAACCGCCGAGATCCGATTACTCCCGGCACGGAGTTACGGTTGGGCGTCGATGCCTCTGGCTGCTAGAAGATACAAGAGTGGCCTGTCGTCGCCGCATCCCGAGGTCGAGTGTACATGAGAGGACCCATGGGTTAACCTTCTCTGCGGCCGACGCTTATTCTCAACACAGGCCTAAACACGGACCGTTATATTTCGTTGCACTACCGAAATATTCCAATCACTGCTAGCACTCTGTCGCAGGTGTTGTGGCACCCGGTCCGGCACGATCGCAACGCGCCTTAGAGAAACGTGCAAGTTGGCTACAGACTGCAGCGCCTCGGCTCCTGTACCCTTTGTGAAATGTATCTGTCTGTGCTGCACGATGCTAATGAAGTCAGTACCCCTCGGTAAATCTACGGTTATTATGCCAAGGCTAAAGTGACCTTGAATTGTCCTATGGAGAACGCTCACAATCTGTCCTACTCAAGATCGTACACAGGCTCCTCTGTCAGCACTCATAGTTACAGATAAGTCATCCATGGTCTAATAGAGCCTTCTGGTGTTTAGTCCGCAAACCACTCACATCAGAATTACTGGACCGAGTGTTGTCTAAGGAAAGATGAGTATCGAACCCACAATGGCCAATCCACGGCCGGGGTAGAATAGAAAGCACCCCGTCAGTCGCGTGATTTAATGAACACATACGCGCGCATCCCCCGGGCATTCGGTCTAACCTGAGCCCAATGCAGTGATATGAAACGATACCGGTAAGTTCGGGTACCGAGTATCTGGCCGTCCTATTGTTTACTTACTCATACGAATGCTGTCTTGGGGTTCCGCTGCTAGAG,1405,50.6,Homo sapiens
SEQ_339408,CTCAAATTCTTCCAGTTGTTTACTGTCGAGTGGGCTTTTTGCTGTCTGATAAGAGCTTGACGCACTGGCGGTCTCCTGGGGCCGCTGTGAACCTTGTCGATGTCGTAACGGAATGTCTAGTTCCTTTACGGCATCCATCCAAACCACCCACCGAGGGCTAGACACGACCCTCTACGCGAGGGTACCGGGTTTTTCTGGATAACTACGTATTTTTAGGCACCTCAGCCGCTCGATTGGAGGGCGTTTCTTGCCACACATCAGCGGGAAGAGCAAAGCCCAATAGGGGCCCGTACGTGGTCACGAGGTGGCAACCCTTTAGTTGAGTTCGTCTTCAGGCATAGTTACCCTCATGATAGACGGTCCATACTCTTTGGTGATAATTACGTCCGGTCAGCATCCACCATCCGGCCGGAATCCTGCAAAATCGATCTGGCCCTTACACGAAAGTCACCGTATACATGTCTATACCTAGTCAGTTGGTAGCAGTTTCCAAGAATTTGGTCGATGTTTTTATTGGATTCTTTGACGGTGGTCGAAGGCTACTGGTTGGACCCAGTCGATGGCCAATGAAGATTATTCAGACTTCGCCACTAGGAAGCACTTGTTTGGGCTCCGCGCCCAGCTCTCTTCACAAGTCACGGCAATGAGTTCGGGGTGCCTCTAGTTTGAACAACGACGAGTGTACCTTCGCAGTTGAGTCTACCTACATCTAAGTAGCCGTTCCGTCGGAGTCGTATTTTAAAATACGCAGGCCTCGGATCTGCCAACGAAGACCAACGGCAGGGAGGACTTTAAGAGGGGCTGACTGATCCAAACTCCGAAACAAGCTACCTTGCGACCGTCAATCTATGCGGAGTCAAAAGCACGCTCCTATGGATGATTGACAACCGAAGTTGTAAAACCGAGTCTTAACCATACAAGTGACAACAAACACGAATCTTTTGTTCGTGCGATAAGATACACCTTCTT,969,49.85,Caenorhabditis elegans
SEQ_859304,ACTGGTCTTCTACAGACATCATGGCCTGAATGTGAAAGCGAGACCATCCTTATGGACCATGCGACATTGGGACCGTTGCTATCACGGCACTCAGCGCAAGCAACTGAGAAAGCATCTCCGGTTCCCCTGAACTTATGATAGGAATCTCCGGTTCCTAGAGGCTACATAACAGCCTCAATGTATCGGCCCCCTTCGTCCCATTTATTCGGCCGGGGGAAGGATGTCTCCGTGGTCCCCTCGGAACCTTCGACTTCGTCGGGAATTTCCCCGCGTGCTTCCCAGATGCCCTTTTGGGCATCGCGTCGGAGATGTATGCCAAGTGCTACATGAATCAACGAGCTGATTCTACAATCCGCTGGATGTCATCGGCGCTGTGTGCGACCCTAAGGGCCCTTGTGTCCCACAGGATGTCTCACATAGCCAGAAATGCACACTGAGTAGTAAGGCGCGCCGGTTTGCAACGCTGAGCTCAAGTGCCCGGTCCCCTAACCGAATAAGCTTGCTGCCGTAATACATGGCGGGTTCGTTGGGGGCAACAGTTCAGCAGTCGCCGGTTTGACCTCAGGAATCATCAGCCTCCGAATACCCCGAGATACCCAGTCTCGCTCCACGAAACTTTTAATCGGATGGTGTCAATAGAAAACCAGTTCAAATTTGCGTGGCAGAACTCCTAGCTGTTACTTCAGTGGAGCATTCGGTGACCAGTACAATAACTGCTCGCGAAGAAAAGGATGTCTTAAGAGATGTGCACGATCAGAACCCCCAGGAGCGGCCACGTCATCATTTGGGTGCTTGCTGTCGCTGCCTCCCGACTGCACTTTAATGCGAGACCTCTGCTCACCTCATCCATGAGAGTCTCCTATTACGGCCCAATTGGCACGATTTCTCGAGGACAGTGTTATAAGGTGCTGTGCAGTACGAGCCGTGCTCCGTCGGTTTGCCTTTGGGCTGGACCGATGGGTATACGCCGTGCGCACGGCCAACGTGCAAAATTCTCCTCGTAGGGATGTAGGATTTCCAAGTGCATGCTGACCACCATATGTTGTGAAAGGCGACCATAGAATCTCGGCCTCACTTACGATCCCGAGTAAGGTGTCGCCCGGTTAGACGGAGACAGTTGCCGGGGTTGTGGCCCCTGTGAATTTGCCGCTGATCTGTTGAGGTAAACGTTAGCACAAACTGTAGCTATCCAGCGTTAGCTGTATCCTTATCAATACTGGCAGAAGGGTATTGATCTGTGGTGTCGATTTTAGTAGTTGTCCGCTCGTGAGCCCTGCGAATCCAATTGTTGACAGGCACACCCGTTGGTGACCACCCCTCTGTACGACATTGAAATATTTTACCTGCCTGAAGCGCGAGCTTTGAGGTTGTGGCGGGCCGGCCATCTAATTCATTATTAATGTAGCGACCACGGATGGGTCCGCGTCTTTAAGTATTCTGTCACCGAAGTTCTCCCTACGATTTCTAATTATTCATCAAAAGACGTGCGATCCACTTTCTTACCCCTAGTCCGGTACTAATCGATATGAATCGGCCAGGTACTGACTAGTTATTAACATCTCGTTTAGTTCGAGACTAGTAAACTACTCTAACATTTGACGCACCAACCGGTGAGGCTAGGCGCTAGGCCTTATAAATATATGAGCCCCAGTACGAGAATGTGGATCTACCACACAGCCGTTGTAGCACTCCTTCTCGAGACTCATTGCCATTCACAGAGAGCGAATTAGTTATCTTCGTTGAAATAGTGCCCCGCGAACACTCCACGGGACC,1773,51.38,Caenorhabditis elegans
SEQ_361013,ACAGTAGATCGCGCAGAACCATCGCCGGTTGTCAGCGGGAAAAGGAGGGCGCAGGGTTTGTGCCTCGCGGTCTGCGCAGTGTCTTAGACCTGCGCGCGAGACCGACTTGGTAAGTATAGCTGTCCACAACATACAACTGCTAACAACGGGATACACCATGTCAACTCAGCCTCAACCGAGGATGACTGAACTAATCTATCGCGATCACTTGCTCGCTGCCTTACACGCGCTCAACCATCACGTTCCTCGTGTCTGAGAGTGCGTATTTTCTCTCTCGGTAAGGACAACATGGCATCTCTCGAGGAATGTCGGCCCTGCGTCCTACTTCCCATACATTGCAAGACATAGGGCAGCCCAAGAGCCAGAGAGCGTACTTTAATCTAGTGGGCGACCGGGAAATTTTACGGCTAACTTTCCAAGGT,422,53.08,Caenorhabditis elegans
SEQ_101232,TTTCCCCGGGCACTGATTCAAACTATTAAATCCGCCGGGCTAGGAGTCCACCAGGCAATTTAGGCTGTATTAGGGACCCATACTTTCACCCAGACCAATCTGCGTCCCGATTCAATTTTAAAATGAGGCTGCCAGATTTAAGATAGTTATCCCCCGCCCTACGACATAATGCAAAGATAGTGAGAACTCGAGTATGGTCGGCAATGTCCGCAGAATAAATTACGATGTAGTATGACGGAGTCCAACACATATGTACAGCGTCTCCAACCACTACGATTACCTTATAGATAAAAACTATGCCCGATGTCGATGTATATCCGCTCAAACTGAGAGGCAAATAGTAAAAAGTTGCCCAAGACTCGTGTTATCACTAACATCAATATTCCCCGACAACTCTTTGTGTATATGGGTGCTTTACTCAGCACCCGGTTGGAACACATTTGGTACCCGACCGGCGCAGACAACTTAGCGGTTAGTGATGCACGTCCATGATACCATTGGGTGCGATGGTTAGCCTTTCGCTCGAGGGGGGACACAAATGATCGCGGAGCGAAGTTCTCGTCAGCCGGAGTAATCAGGGAACGCTGATACAGACGACCCCGCAATTGCTGGTTTATTCTTCGAACACACTCACAATAGTTGATGACAGGATTATCTACCCTCCTTGAGAAGTAGCGCAAAAAATACTGCCCGAATATACTAATATAAGGTACGAAGTCATAGATTGTGCTTCACCGCTTTGAAGGGGAGACGGATTAGGTTAGGCTAAATGATGACGCCCGAATAACACACTACGCAGAGCACGGTCCATAAATATTAATTGTATTCGTGGAGCGCCTGAGGTATACCCTTTTGCGGCTCGACTTGATCGCAAAATGATGAACCCTGGTAAATGGGTATCTACGCGGTCAGTATCCAATGTTGTTGTAATGTCATAGATGCGCCAGATCCGTAGTGAAGTCGTGTGTTGGGCCTTGATCTTCGTAATCAACGTATTGCCGTCAGCTTGGAACATGACCAGTGGAATACTCAAGCATTACGCTCAAACGTACCGCTATATTAAGGCGAGGAATTATTCAAGTGTCACAAGAACTCTGCCAGACAACATACTTGCCCTATTGGGCCGAACAGAGGTCTTTCTGACGTGGCTTACTCCTAGCTCTCCCGCCCATTAACCCGCTGGTATTCGAAATGGCCGGGTAATGCTTGCATTAGTCGTCCATAGCGACCACTATCGTGAATACACTGAAATGAAATCTATGAGGCAGTTG,1271,46.42,Mus musculus
SEQ_315293,TGAGTGGTTTTCATAACAGTTCCGGATATTCCGGCCCGCATGTTCGTGCCGAACGCGCGCGCTTTTGGGCCCCTAATCCGGCAAGACAACCCCATTGCTTGTCTCCTCTGAGGCATTACAAGTACATTTAGTTCAATATTCATAAGTAGATACTGTCGCCCATTTGTCTTCGTTTCGTGTGTGTCTAGTACGCCACACATTCGGGCGAGTTTACATTTGTCAAGGGTAAAGAAGTCAACTGCCGGGGTAACGTCTGCGTGGGCTGTAGTATACGTCATCATGTCGGTCCAGTCCGTGGCTTCTACCTCTCGGGGTGGAAAATAGAACAAAGTTCGCAGAATTTAGATCGCTTCTAATCCGGCCTGTCGATGACGATCCGAGCCGTGGTGTTGGACTCGATCCCACGTGCCCAATAATGGCCGTGTGCCCTCATTTCGGGTTCCCTGCGTCGAGTCGGACCCGGACCCTGAGCACATAGTAAGCCTTTATAGCATGTGCCGCCGGCAACCGGCCGGACGAAAGTGAGAAATCGACGGCTAGGTAATAGCTATCAGTTCGGAAAGGGTGACTCGCCAACAAGAGTACAGTTGCCTGCTCTTCTGTGACGCCTGAGAGCGAGCACCTTGGCTTGGGCGCGTTTGGCAGCGTGGCTCCTGCCAAACCGCATATTACGCCACAGATCCGGATTACGCTGACGCGTGTGGGTAAGAGATGTTTGCTAGACATCGGATATCTCCCGAGACAGTTCGCACCATTCTCAAAGTAACAATTTTATAGCTTGGTCGAGCAGGGGCGTACAGTTGGCCACAGGTAAATCCATCATGCTCCATCATAAGTGACCAACTCGGGCGATACTTCTGAGCGCACCTAACTAAAAGTGTCTTAAGAACTGGGAATACTCATCCAACGCCCCGCTTACGAATACGCGGTTAGAGAACAGGAATCTAGTGTCCCGTATGGTAAACTTCTAGCGGTGGGTCATGGGGGCTAAGCCCGCCAACAATCAGGCGTCTCGCCCTTGGTTAGTTATAACCCTAATTATATCATCCTAAAAAGCAAATAAATTTCCGGGTACGTTCAAAGGTAAGCGGCGGAGTGTTCGTATTGGCGGTTTCAAGTCGACTCGTTGCAGGTGTATGCGCACGATCCAGTGTTGCTAG,1160,51.29,Arabidopsis thaliana
SEQ_866599,ACGTCGCCGAGTTCAATTACTGTTTACCGGTTACCCAAAATCCCATAAGTAACACGTCGCGTCTTGTTAATAAAGCAAGAATTACGGAACGACTACCGGCTCGTTGGTCCTATGATCGCCCGTGGTGGTTTCCAGAATTCGCGCAACCGAGTTTCGACATTAGCATTGGTTTAACCCGTTTGGCATTCTTGATTCATATGAAGTGGTTGTAGCGCGAGGTATTGGCTTCTGAATACTTTCAGTAAGACTCGTGGTCTAGCAGAATAAGCGTGCGGGAGCTCACATTTAACGTCGCTGTAGATGGCATTGAATTTCCTGTCTATCTCGTGGGCGGCAATTGAACCACTTTCCGTACGAGGACTTGCGCTGGGGATGGCCTTCGGTTAACGCACCAGCCTCACAAACAAGAGCATTAATGGAAGATTTTGACGTCGAATCACTTTCTTCGTTAGTCCACCTATCGGAACCATAGTCATCAAGATTTCTCGCTCACAGGGTTGATCGCTGCGTCCGAGATCACTGTCAACGTATTAATCGCCAGGAAGTATTAGAACAGATCGAAGGATGCAAGTGCCAGCCTTGGATGCAGCCTTCCGGAGACAGCGGTACGCTGCACAGAGCTCCGGTCCGTAATGTTATAACTAGGGAGTAGATTAGTACGATACGGCCATTCTCTATATCTATTGATATTTTTCATAACCGGTAGTACAATCGCGTAGTCAGCCAACAGGAACTGGTAGAATACATTTGGTTCCAAACCGTCCAGTTGCGGGTGACGTCCGGGTTACACCCGGCACTCCTCTCTCCAACACCCCGGCTGACTGCCCCGATCATCGAGACCAACGACAAGTGTTGCCAGAGTCATGTTAGACTACTCACAGTGTCCGCCGGCAATCACATATCGGTTGCGCAATGTCCATTCTCACCAATCATCTCGTTTTCAACTTAAAGCGATGAGTCTAATTAGACCGCCGGGAAGAGCAATCGATTCTTGGCCACTTCTGATCCTATGATTCCTCCACGTTAGATGCTGGTAGTGTACCATCTACAAGATCCTAGCCAGGTTGGCGTAGAAAACCGATATTAGCTTAGCTAGCGTAGCCAAGTTCCCGGTCGCAGGGTTATCCGAGCATTTTACGTGTTTTAGCTATTTTGAACTTACCGCTAACATATTAACACGGCCGGTAAGAAGCAACCCTAGACAAAGCCTGTGGTGATGGGCTCGTGCGAACAGTCGTGACCGGGGAGGCCAGGTGCGGCGGTAATTGGGATCTCTTAGTAAGACTACACCCCCATGGACTGATTTGAGGTAAAGCATAGCTATACTGTCGAGCCTAACCGAATTAGGCGAAAGCTTCGAGCTGACTTGGGAGAGCAAGCCCGCAGACTCCCCCACATACACGTTGACGAATATCGGTTTAGGTAAACCATTGGTGAACGCCAACCGTATGTGCGGGTGGAATTGAAGTCTGCTCCCCTGTCCGAGCGATGACGGTTGGGGTTGGCTTCAGATTACAGGCGACCTTACTAAGTGGGCTTCACATCACAGTCATAACAATACCCTCACGAGCGTTGGGATTCAGGGGGTGCAACTCGCAGAAAGGTTTCACCATTTCCTTTGGCTATGCTCCACACAACAAAAGTGAGAAATCGTATTGAACTAATGTGCGGAAGTTACGGTAACGGGGTCAGGTATAGGGCTCCGAACAAGGGTGCGTACTAAACTTAATTAAAGAGGGGGTCGTCACCGGGCCCGATGGATTCGGCTCTTGCCCCCACTGAGAGGTGTTGGCAACAAGCACGTAAAACCCCTGGTGACCCGGTGCGGGCGGACAACCTTTACCGTCTAAAGGTCGGCTCATCTGTTCCAACACATGCCTGACGTGTAATTGCGACTACCTCTCA,1905,49.71,Escherichia coli
SEQ_360208,GATTCCTTTCGGACATCCCTCAAGAAACGCATTGGCAGATACGCCTCCAATCATAACGTATGTCTTAACTAGCGGCGTAATATTGGGCAAATGTGCGTCCCAGCTATGACGGAAATCACCGTCCAATCGTGTAGGAAGGGTCACATATAATTAATGCATTGATATCACAAGGCGGAATGTCAAGAGCTTGGTTTGAGGGACGTAAGGCTAGTACTGAACGCTGAATTCCGGAGCCAACGTGGATTAATCATAGAGGAAAATACTAGGGAGCTGTTCCTAACCTGTCAGTGACGCGACTAACTGGATCTATGATACTACGCTCACTCTGGCTGGATTGCGCCCACCCGGTATGTGTCTAAGAAATGGATGCAGGGACGATTAGCAACAAGCCGCTATTGTGTTCCTAGCACTTGAACCCCAACCAAAACTGTACGTTGGAGCAGATGCCTACGCCACATAGTATCCATATATTCTATTCGCCAGCAGGCACAGATATTCGGCGTTTGTGTCGCCACAGCGGCTGTCTACACATGATTGGATGAATCTGACTTGACTCCATATCTTGTACTCACCGGTTTTTCAAGTGCCACACATCTTAGTGTTATTAGCCAATCGAGAGCGCACTGCCAGCCCGACTAATGCCAAATATTCAGGACCGAATGCACCCTGAATAATTAGGTTTCGCTACCCGCCGAGCTGTTGTGTTGAGCTCGTAAAGTGTTGGTGTTTGATGTTGTGCTCAGTGCGAGACAAAAGCTGTGTTGATTTGAAATCTATTATACACTTGCCTGCGCAAAGTATTATAGTCTGAACGGTAGACGGTCTCGGGCTCACAGCGAGTGGGACCTGGCATTGCAGGACTCAACAACTTCTGCTACGCATAAGCTGAACGAAGTAGAGCGATTCCGTGGTATTAGTCCTTTATAATACATCGGCACCGATCTTAACAATGGCTCATAGGAGTAGATGTCAACAAGTATTCTCCATAACACCTCGCCATCGTACGGCGACTACCTTAAGCTCCCCGCACGCTGAGGTAGGTGACCGATAGGTAGCGAGTCCCCTGTACTTTAACCGACTGAGCCTCCAATGTAACCGCGTTCTCAAGGTGTAAAAGACTGTCTGTAGCATTCACAGCTGCAGACGCCGTAGGCCTGACAACGCGGTAACTACAGATTTCGGGCCCGGATGTGTGAACGCAGAGCGTGTTGGAGAAAATCCTCAATTCAGTCAACGCCGCCGTCTAGCACGACCCGCTGAGGTCATAGACAAGACAGTTTAGGGAGTATTGGAACTCATAACACCATAATTAGCGAACCCCGGGCTCTACCGCAGATCGATAAGCCGCAAAGGACGCCCCTATTTTCACCGGTTGTTACGTGAGCTTTAGTGTCGGTTAATTGGCGCGCGGTACCGGATTACAGCGTCTAGTTGCCACTGTGACTCACTATCGCCCCTGCTACCGACAAAGATTACACCCCATTGTGGTCGTTATGAAAGATAAGCTATGAATTCATACAAGACTGGATGTCATGGCATGATGAGTGGTTGGTCTGGGCGGGAACGTGACTTCGACTTCTGGGTGGTGGCGCTGTCACCAATGATCACTACACTCCTGTACAGCTGGCCTTCCGACTGTT,1640,48.96,Arabidopsis thaliana
SEQ_570892,GGGCTACACGATCAGATTAGCACTTAAAGAAGCCAATCTAAACTTAAACCGTTTTTGATTAATATTTCGGATCTTCAGCGTCACCGGATAGTTGGTCGTGTGCTTACGTACACGCACTTAACTTTCGCTCGGATTCTCTCTGCAAGGGTCTCAACGCTCCGTCCCTATGCAACTAAGTGAGTTGTGATCTGAAAAAACTTGTCTACAAATTCCGGAATGGAGGGCGGTTTCATGGAGTTAAAACCCAATGTATTTCCACGATTCCTCCCAGGTCTTAAAACGACAGATGGCATTAATGAGTCTTCCCCGCCCGGGATTTCGCTCAATGGTGGTAGCGTGTATGTGTTCTAGTATGACTATTGGGGCTTAGACCTAACGGCCTAATGCTGTTACACTGATCCATCACCTACGCAGTACCCTAAGGAGAGGCTTTTGCGCGGTAGCCAGGGGGGGTCGGTTTGTTAGGTTAGCCGGGACAAAG,481,47.4,Drosophila melanogaster
SEQ_256673,GGCGCAATCAAGTGGCTTTAGACACAGTACCCAGAACCTCATTAACGGTCACTGGCCATCGTGAGAAGAGTGCGTGCCTTCTAGAGCCGTGAGGTCTGGACAGAGGAATCCGATGGGTTCGGGGCCGCGGACCCTGTGCCGAAGCATTTCTTATTGGATGCTTCGTAGATACGGTTGAGAAAGACGCCACAGCTGGACTCTACACGTTGATAAAAGCTACCCTAAGAGTTGCACGTCTGGGAATTGCAAGGCCTTCCGGCCCCTAGAAACCGATCCATCTAAGTTCCTCCTTGCCCGTCGGGTGATGGGCTGACGTAGCAGAACAATGGACTGTTGCAGACTTGTGCGGCAGAAAAGTTAGATGCGGGACAAGGGGTGATCTGCTCCCTAATTAGTATGGCCGAATTTTGGGTAATACACCAGGGGAGGGGCGGGGCTCAGGTATCTGGTAGTTCGAGTTACAAGCGTGACCAACTAATCACTGTTGTTGGAATGTCCAGCGCGTTGGCAATTTTCTGATTAGGTTAACAGCTTAGCAATCACTAGTTGATAGCGGTCTCCTGGTTAAAACGATTAATATAAGTCTTAGGTAACGAGCTAGGTAGTCATCGGCTAAGACACGTGTGTTTGGTTAATTGGTATGCTAGCTTCAAACCACGGAGCCGGTCTATAAACTGTAGGGCGCCCATTTGAGACTAATTGTACTGGAGTTTCCGGTCCGCACGTCAGATATATGCTCGAACACTACGTAAGTAGGATGTTGAGGCTGCACC,773,50.06,Mus musculus
SEQ_611322,GGTTCAAAGATTGCATAAATCTACTTAGAATCATAGCAGCACTTAACGGCGGTTACTACGTGATAGGAGTGGGATCGAATGATCGAGGCCTTCCTGAGATCCTAATGCAGTCCCTACTGACACACTAGCGATACTCAGCTCTGAATTCCTTCCCAATTAGCATATGTGAATGCAGCCCCTCGCGTATTCCGTGGCCACCTTACCTAGTCTGCGCAGAAGAACAATCCTATACGCTGTCCGCAACACGGAGTGGCGCATGGAATGTTGATTAACGCTACGTCTTTGTCGTTAAACAGGGTCATTAGAATTGACTTTCACTAGCCCCATCCTCTCTCTGTCTCGTTCGTGGTATGCAATGGCGTCAACCTTACGATCGGTACTGGCTCTCGCTTGCAGGCTGCCCAGGAACCGCGTTGCCCCTACGTAAACGCACCAAGAGGCGGCCGAGGGAGGAGCAGAGTCGTGCATTGTTCCCCTTTAGGCGGGCGGTTGACCAGTATGCAACGACTGAGGACTGTGTTCGTTTAACTCAGCAATTTACCTCTCAACGTGTCTAACCCGTGGAACTGGGATTCGGATTCCTCCACGCCCATGTGGTATCTGCCTCGGCCTGCACGGAGGGTTAAACATTTACATATCTAGGCCGGACCGCGGTGCGGTCCCTCCATCGAGAAGGTCGAGCCGGATCATAGTGAGGTTCATGAGGCGAACAGACTGGAGACTCTATCATTATGACATTACCCCATGCCTCCGGTTCCCATTCCGTGCGCGACTAAATTAATGTACCATTCACAATTGACCACGTAAATACTGGGTACCAAAATAGAATGGGGGACTGCCCGGAACAATCCAGCGCCAGTGCATTGCACTTACTTCATTATCCAATGGATGGCCCGACCGTGTGACATCACCACGGTCAAATGCCATTGCATATCAGCAAGGATATGTCATAGCCTTAACACGTTGCCCCGCGGAGGGCCGTCCCTCGCTCACAAAAACAGGCCAACACTTACCCCAAAGCACACATGCTCTGCCCACGATGAAAGGGTGATGCCCCACAGAGGAAGCATGATCCGCTCAGACCTGCAAATCAGCTTCAATGGAGTGCCCATCGAAATCCTGTGTAAGATCGGTGCAAGTTAGCCGTCCTTCGACGCACCGCTGCGACTAGGTATACCACGCAAGGTCACTTGGATGCCGTTTCACTGCTTGTTTA,1216,51.81,Saccharomyces cerevisiae
SEQ_664513,GCTACGCTGGAGATAACCTTGTCATCTCGATCACTTAAGAGCAACAGATGCAGTAAGATAGTTCTTGCTGTACCCAATAGAGGTCAAACATGATGTATCGTGGGAAGATTCGAGGAAACCACCCGTGAGTAGTTCCATTACCCTCTTCACGTGTGATTCGACTCCAGAATTAGTGTAGCTAAAAATGATACACCCTCTAGCACTACGGTGCTCCTTTACCGTAAATCCTGGTCCTCCGTAGGCGTCCCTGCAATCTAACGTAGGGCGTTCGCTATAGGGATCGCATGGGAAGGGTGCAGCCTCTAAGCAAGGCTATCGTGCTCTACCCCCCGATTGAGTTACATTCTGTTCACTTAACC,359,48.19,Caenorhabditis elegans
SEQ_549122,AAGCTTGCAGACATGCCATGGCGACCATGAGACTCCGAACGGTTACCAACACTTGACACATCGTCCTTCTCCCAGTTAGTACGTCGGAAGGTGTTGCGAGGATTCCTTCGAGAGATATGGTCACGGGGATGTAAATCGGCCCCATCAATATCCGACAACCACCCGTCTGATTAGTACCTCCAAAGCACGCTGAGCTCGGCTGGTTATAGCTTTGTAACTTCTTGAGTGCCGCAGCTGAAACCCACGTGTCGATAGCGCGCACCTTAGCCTACCGACAGAACGTCT,285,52.63,Drosophila melanogaster
SEQ_539554,CTAAAGATAAGGAATTGCCTGTGTTCGCCCTCAACAGTCGCGCTCCTCGTCTCCTGCTTGACTCCGACCGCCTGCTGTTGGCAACGTGATGTTATGTAAGGCATCAAGGCAACGACGATGTGAAAAAATACATAGCGAGGGGTGCTGGCTCTATTACGACCGTCGCACCTGTATGTGCAGGACTCGCGCTGCAATTCGACAACGAACCGTTGATTCACTCCTCGATGCCTGTTGTATACTCAAATTTATAAAGGGCAATTGTCGCGTTAGATATCGGCAAGACTGTGAGGCTGTAGAGACGACCGATGTCGTCGCGTCAGGGGCAAATGTGAGTGGCCCATAGGCAATAGAAGCTATGCATTCTGTCTTGAGGGCGAGGGAGGTCTTTCGGAGTGGTAGCACGTCCGCCAAGTCAAGAAGTAGTGGGTTGAACCGTCTATTAAACCGAGATATCGTTTTGGTCGCAGGAGAGAGGACAGGCATCCGATCAGAGTGATCTGGAAGTATATGCCTGGCAGGGCCATTCCGCACATAATCATAACTATGAACGATCGCATACTGCTTTAAACTCTAGCTCTCAAGTCACCGCGAGCCTTATGTGTCTGGTGGAAGACCACTACGTCGATAGGTTGCGATGGGTGACCTGGCAGTGAGTGTGGCCAAGGATTCTTAACCCAGGACAGAGGGGCGAAGCTCCTGTGAATAAAACGATCATGCTCACCGAGCAGTCTCTAGCATCATTTTAACGAACAACCCCATCTTGCATCCTCTACCACCAGGTCCATTCGGACATCGACTTAATAGTCTATGTCCGAAAGGGATAGTGAGCTTGGTGCGAACATATACCTAACGCTCTTCTTTTTCCACGAAAGGTCCACGATACATCATTTCTCCCCTGTCTCTTTTGACTCATTACTTGGTAGGGGGGAAACTGTTATGCGTGGAGTATAAATTGGGCGTACTTAGAGGCCCGTATAAAAGCGCGTGGACAAATCCAGCTACCTTACAACGAGATCAGTTCTTCTCTTAGCACACCACCTCTGGCAACCACTAATGACCGTCTGTCTCTACACGTAGGTGGTCCTCGCGAGTGGGCGAACTACGTCCGCAACATATCATGACCTGATGTTAATAATCTATCACAGATGAGTACATGGAAGTACTGCTCCATCCTTTGGCGCCCTAGATTTCATAAGGTAAGATCAGATCGAGCAATGGGTTACAATGTACGCGACCACATACACGCCCCTTATCGGCGAGACCTTTGCCCTATGAGGATGCAGTAGGGCCATATAGTCAACACCGAAGGAAACAGAGCTCGGGGTTAGGAGGGTTTCATCACAGTATACAGATGAGGTCCGCGAGTTGTGTCGCCTTACCAATTCACCCCGAGATGTCGTTGATAGATCGCTACTGTCCAATATATGCCTTAGGTGGATTTTACGAACTAAAGCTCGCGTCAGATATCTCGCAAGTTGAACATTTTCGGGTATAGTTCCCGTATATTCGCCTTCAGTCCAAGCGCAGTCTACCGTATCGGGGTTGGTTCTCGTTGCGCTTTGCGCCACAGGACGGATTACGGTTCTTCAAGATGTGCTGGCACCCGTTGATCTCGCGGTGTACTCGCATCCCGTGGAGGAACCTATAAGGGGTACTCCTGTGTAAGACAATTGTCATAGATATCTTTGGAAGCCGACTTGCCGAACTCAACTCCTGGTTGACCCTTGAGAACAAACAGGGTTCTGTTACCCCCTACCTAGAAATTCAAACATGGAAGACACCAGCATTTGTCAAGCTCGAGACACTTCACGGCAAATTAGCGG,1823,49.31,Arabidopsis thaliana
SEQ_314111,GTTATTTATCCATCTATGTGATGGTATATGCGCTCTCGGCGGCCCCACGCGCCTCTCTACGATCGAGAGAGGCCTCCGAGAAGTTCGCTGTATAAACGGCCCCATAAAGTTTGACCAACGGTGAACCTTTTGCTAGTTTAATCGCCCACAAGGCACCCTCGTCACATACGAGAACCTCGAACACATAGAGTCCTGGACCACAGTTGATAAAAGAGAAGCGGTTGTAGACTTACACTCCGGAACATATGAATGATTTTTTCGCGCGGGTAGATTGTTGGGATAGAGTGAGCTATTCACTATGTTGCACTGCGCCTGAGGTCATTCCGCTCTTTTAATATTTAGTAAAGCATATGCGTTAAAGGCACTTCCCTCAAGCAAACTGACGGGCCATCATGATACCTATTCTGCGTTGAGTGATAGCGTACAGAACTCGCGACGGCTTGGAGTTGAACCGATAGTAGAGCCTTTCGGACATCTATTCCGTAGCGCTCCTACGTTTCGCGGTCCTTCCGGATTTGGTATCCTATCCACCTTGCTTCCGCGTCCCAAGGAAGATTTTAGCGAACTCCGTCTGGAATTAGTAGAATTCTGCGCGCTTACCTTGATCCTGTAAGTGCAAGCAGCATAGAATTGAAATGAATTTACCTTGCCATGGGCTATAACCGTATCCTGGCACAATTCCCAAAGAATTCGGACTGAGACGCGAAAAACTTCGAGAGGAATCGGGCGTTGGCTTTGCGTAGACAAGTTGTGTAATTTTATCAGCGATTCTTGTTTTCGCGTGATTACTCTCCACAGACGTCGTGCGTGTATTGGGCGATCATTTCTGTGTTCTAGCGGATGTTGATTAGCCTGTCTAGATTTGGATGATCCCAGCTAAGGGACCAGCGTAGGAGGATAAGCAGTGGGGTGATCGTTCGGTAACTTTCTAGGCGTTGGGTAGTAGAGGGATTAGTGTCTAACGCTTCCAGAAGTATACTCGCTAT,986,47.57,Caenorhabditis elegans
SEQ_243038,TGTGGGGCGCAACCAGCCACGTGCAGCCCTGGTTGACGACAATTCCCCATAGTGATCCTAGTCACCGCAGAGATGAATAGGCGACCGTCCCAGGGGATTTGCCATCTTCCGCAATGTTTGACTTATAAGGCATTCCGGCGCACGAGAGCACAAATTTATCCGTTAGGGGTATTCCTTGATGAGTAGCTCGATCAACCTCGCAGCCTTCTTTGTTTAGTACATCTGGTTTTACAGTATGTGAACCATACCATGATGGAGGATTCCGTAGATGCTCGAGGCCGAGCTTTCCCCGCAGCGAAGAAGATTTCGACGCCCAGGACAGGCGAAGCTGGCACTGGTCTCTGGATTATATAACGCGCTTCTGCATCTAATCCAAGGTCGACCGCTTTTATTCTCAGTGGGCACCACATGAAGATCGGATGCGCTTACACTGTTGTTGTTGCTTCGGGACGGAGGGACAAATTAATATAAGCCTCCTTGTATTAAGACCACGTTACCCAGTCATTTCTGGCTTACGAGTTTTATGATTATGTAAACCGCTGCTTTAGGCAATTCTAGTGCGTCTCTCAGTACAACTCAGGATAGGTTATCGAAGCTGTTATCTCTCACGTAGGTTGGACAGGAACACGGTTGATCCAGTTCGTGACGAGGAGTCGACGGTGTTCCAACCATATATTCGCTTGATCAACTCGCTAAAGGCATCCTAACATCCTTGATGTCGCGTCACGCCCCCGAACGCCAGGTACTAAGAGAATGCAGACTGATCTTTCGGTTATTTAGCCTGTGTCGGACTGCCGGAAGATGCCGCATTCCCAAGGACAACATCGTATTGTTGTTAGCGGGCAAGCTCAGGCCCTAAGTCCCCGGTAGACAAGGGAGTTTTGTGATAATCTAAGACTATCCTGAGGACTTAAGTATAGCTATCCACCACTTAATCAAAGCTACGAGCAATGTTAGCTGATATTATTTAAGACAACGATTTGGTAGAGGTGTTACGTGGACCTGCAGGGTCCCATTGGTGCTCCGAAAGCGAAGCCGTCTCAATTACGCATCATTGAAAGATTAACATCCTCAACGTATTACTCGCGGGCTCACAAGGGAGATGAGCATCCCGCTCCAAAGAAACCTAATATAAGAGTACGTAGGACTTTATTGCCCACCCCATTGTGTAATTTAATTCGACCCCCCCAGCGGTGGTATTTAAATTTGATTCTTGAATTTGTCAAGGACGGACACCAGTAAAACTCCTGGGGGAATCATGTACGCTCTGAACGCCGCCTATTAGCGCACGTGGGAGATCTCCTGCTCTAAGACGAAGACAAAAGCCTGATAGCAGGTTACCGATAGCATTGGTGAGCCTAGGATCGGACTTGTCCAAGCCCGTGATAACAACAGCTCCTTTACCATACGTAGCACACCCCGTCGCCCAAAGAAAACCTGGCGAGATCGCGTGTATTCCTGTGGCCGAGCGAGCGACCGTGCGGATACGGCTCTTTAATACTGTTCGTGACGCGCTCAGCAATGGGAGACGCATAATAAAAGCTTAGACCGAGCCTCCCTTTTATTGAGAGGCCCTCCTTGGATTACATTCTTCGCGTTCACTACTCCGAGCGCCACTAATACAGTCGGAAAGGAGATTAAAACACGTGCGTCGGCTTCGGTCAATGTGATAGACTACTGCTGGTGGCTCGAAGGCTCCAACCCCCGCCTACTTACAGTGTTTTTACTGCGCAGCTTGTTCTTGTCGAAATCCGTAACCAGA,1762,49.09,Saccharomyces cerevisiae
SEQ_534640,GATGAGAACAGAATCCCTCTGATTTGCCTACAGCTCTTGTCATGATTAATATCCCTATAACACAGCAACTTCTCACTATGAGAACTTGATGTGAGATTGCTCCTTAATCTTACAGCATCGATGATTCCCGGTCGGGAGAGTGATCGTGGCTCCTGGTGTGAAACTCGCCTTGCGGTGATTGCACTTCGCGTCGACCTCCAACACCAGCGCACAGGAAACGGGCAAGTGTAGTGAACCCAGCTAAATTCACGGCGCTTCCTCTGATACCTTAGCGCAGAGTTTCAAGGGGATGACCGTACACCGATATGACACAGGAGTAGATGCCAACCAAGTGTACGCGTCTTCCGGCTCTCCCATCTGCCACCTGCTCACCTTAATAGCTTCTGCTGGGTGTAAGGCGTTCAAAGGGTCGCTTATAAGCCTCTAAGCTAGGAGCTTTACTTTGATAGGTCTACCCCCTCCGAGTGCCATCTTACGGCTGTAATAACGGCCTGTATTTCCAATAGGAGGTAAGTTGTTGGTTATTACTAAGCGCACAATCTCTGAGGTGCATGTCATTATCTCCTTATACAGTTGGGTGTTGACATGCACAACGCAAAAGTGCCACGTGCTTTCATATATAAGGCTTGCCTGTGTCACATCGCTGTTGATAGTCGTCACTTCGAATGATGTTTTCCTCACACCCGCTCTGATGTCCTTGCAGGTATCTTGATCTATGCTTTCTTGAGATCGTGAGAGAAATGGAGCAGCGTCATACGGCCGCACCCCCGTCCTCACGTAGTTACAACTGTCTTTAGAGGGCGGAGACCCCTATAGCTAACTTAGAGTCGGCTGCTGTGCGGATCCCGTCATAACTAGTAAAAGCTGAGTTCCACATGACCGACACAAACTCAGTCTCATACTAGCCTATACGATTCCCGTCCTCCCGTAATACGGTTGCAATGGCCCCCGATCTCTCTAGTCGGACAATAAACAATCGAGAGTGCGTAGCGGTACCGACCGAAGGCACATTGCGCAACAAGCAGGTTGCTCTAACAGGTGACTTGCGATTTTTAGGGCCAGGTCCCCTTACGAAATACAATGTAGGCCTGTCCTAACTATATAGCAGATAAGGACAAGACTCCCCAGGATCGGCAAAGGCTTAGTCTCACCTTTTAGAGGGTTTACCTTTCAAGTCACTCATGGGTTGAGCCGAAACTGACTAACACCCCTTTTTCCGTGCACCAGTGAAGCACTACATGCGATTGTGGTTCGGGCGTCGTTATTGCCGGGACTTCTTAAACACGACTCGGCGAAAGGCCTGACGCAACATAGTTAAATCGGTCGTAATCTGAACTTGGGGTATGCATCTTCGGTGCTCCGAGCGCGCTTGTGGTGCTATGAGATATCCTAAGTTCCGCGTACCAGGCAGTCGAGGTCTCTCCAGGAAGCGTGGACCGCTTTTCCGCCTAATAAGATCTCTCCCATAACCTGTATCTACTTGGAGCTTTACGTACGGGGCAGCGACACGCTACCTATCTTCGCTGACGTGTGTAACACGGTCGGAACTGGTTCCGCATTTCAGCAACACTACTCCCTAGGCACTATTAGGACGTGCGCATCGTTATCGCTGAACTTGAACGCGTCACAGTGCGGATCTGCCCGACGATCAGGTAGCTCTATTGGCAAGCGCGCACGTACAACCTCCACTGGGTGCTGAACGAGAATGTCAAACTCAGCTGCTGCGCGGTCTACATCTCAAGACCCTCCTTTTTTGGCGTGTTACTCAGGCATAACGTCCAAGAT,1785,50.2,Saccharomyces cerevisiae
SEQ_740036,ATGATCTCCAGAAGTCGGGAGAAGATGAGGATTTACGATAAGATGTTATCTTTGTAGCATAGAATCCTGTTTATTTTTTCGCAGGCGTGAAGAGCGGGCGGAAACATAGATCAAACACCCATCTAAGGATAGAGTTTGCCTTCAGAAAT,149,40.94,Saccharomyces cerevisiae
SEQ_120379,GGACACTGCGCGCGATGCTGTAAGAGTATCCGCCTTAAAGGGTGAGCAAAATTTATTACACTGTTGGGGAGTCACAGCATCACACATAGTGTCTTAGTGGGAAACTCCCCTTTTACACAATTGGAACACGGGATACGATTCCGTCTCAGAGATTAAAATGTCCAAAAGGTAGAGATGGAAGAGTGTGTATTATCTACTATGATACGAATCAGGTCCTGTCGGGCTTGCAAGCCAATAGTCGCGAAGATGAACACGCCAAGGTCATGCTGATTGTAGGGTCGAATGTCACTCAGAAAGCCCATCGCATCGGACGACGGGACACAGCAACCTGTATCCTCTCATCAACTAGCAGAGAAGGGCATCAGAAGTGAAAGTACCAGCTGAATTTGAGATGTTATCGTCATTTGACAGTCATGATGCCATCGAAACTAAACTACCCGACTACTGTCGTTTGCTCCACACACGCTGCGTAGAAAAGTGGATTGGCCAACGGCCTGGAGCCCGTCCTACTGTTCGGGCACCGGCCCTTGTAAACCGTTGGATTCATGGCCACTGTCCTGGATTCCGTCGACAGTAATCACACCCATGTGGATGAATGTCCCAGCAGGACCTTCGGCTTAGAGCGGTGTGTGACCGCTCGTTTAACGGCGGCCACGTAGGACCTCTTTAACACCGACTCTCTTAATCCGCCTCCGTCGCATCGGCGTGGTTGTACACAACCGGTGGTCTCGGCTCGCATCGTTCTACACGCTGGTAGGGCATTTCTGCGCCCTCTATTCGCCCACCTTGGCGCTGGGGGTCGGCGACTCTAGCATCCTTCAACAACCGCATTGCCCCATTGATTCAAGTTACGGGGACTGGACCACAAGTATTCTCCGTTGACTTCTGATACATTTGGAGTGGTATGCGCTTAATCGTGAAGGGCCATGAAACGGGATGTACAGAAACTCGCCGGTGGATGGGATAGACCCCAAAAAGTCGCGTTCGCTCCCAGACCACCTAGGGCTTCATAAATCCATGATGAGCATGAGAATCGCACGCATAGAGGCCCTGGCATCAGCTGGATACCGCCTTAATGTCCGGTTTATCACACACTTCGGCAAAAGACCTATTAACCAGACCTTTTACAGAACGGGTGGGACTCGGACGAGACCGTCACCGATCGATTTAACCTCGGGATCTTTTTACACGGTCCCACTGCACCAAGGAGAGTAGCCATCACGTCTTGTGGATCGTGAAAAGAAAAACGTGATACCCAGCTCGATTTCTGGATTCCGACTTAGCACGTTACCTCGGCCCTTGCAATTCGATAGATTGTTCCATGGCCACGGAGCATTGCAGTGAACTGGATATCGGGATCTTTTGCACCATAGAGTTGGTCGCTCTCGCGACAAATGACACGCCACTCCTACCGGCTTTTACCTGGGCCGGTGCGATATGGTGTTATTGCGTTGTTGTGTTAGCGCTTGCATATGGAGCTCAGCATAGTTTAGGGATTTCGAGGTGGAATGTACATCATTGAATTTCCAATTTTCTCAATTACGGATGCGCGTTCCAACCACCTGATGATGCCCACCCTCAAGTAACAGTAGTTCCTTTTGCGTTTTATTAATGTGGATCTGTTACGCATGTAAGTCCTAAAGCGGGTACCCGCCAATTCGCAAAGGGCATGAACTCGCCACCCTAACGCTACGGCCAAGTGTGGCGACGAACTACCAGCACTCCAAGTCTGCAATTCGAACTCGGCTCTAGTTTCCCCTGTTCCGGCCCTTAGTGTAACTCTCTATGGGGGTGAACATGTAT,1803,50.64,Escherichia coli
SEQ_998177,GTGGAAGCTCCTAAGAAGCCCGCGAGGATTCTCGACCCAGTTGATCACGTGCTAACACATAGGATTACTTACCGCGCTTCGGCCCGGCTACTGTTTAGTATACTAAGAGTTGGGAGTGCCCGGGACGCGGACATAGCGCGTACTTCGACGAAAGCACGTCCAAGTATGAGTAATCGTTTATCAGCAACACCTGTACCGCAGACGAAGCGACAGCGTGCCACGTGTCGTTACGCTGTATTTGACCAGAGTGGTACCAACTCTATTCCCCTTAAAGTTTTCACTGACACCGGCACTGAGCTCGAGAACGGCTTGCAAGCCCCGATCGCATCAAATCGGCGATAACCCCCGTACTAAATAACCATCGAGGGGTATTCAATGGCACGATTGCTATCCTCGTAGCAACCATCCTTTATTGAATGTACTAAGATGTGTGGATGAGGAACCAGTTACTCCCAGGAAGGGAACAGCCAACACGTGCGTATTTATTGATTATTAAGTTGACGCGTGGGGCACAGTCACGTGCCGGCAACCAGTCGGTCGTTATCGTGAAAAAGATACGCAGTCATCGAGAAGTTATAGGGTATATCCGACACTCTTGCCTCCATGTCTTTAGTATGTTCCTTTGAAAAAGAGATACCACAAATAGGCGCGCCCGCGACCTGACAGGTACCCGGTGTCTGGGTTACCGGCATTCTAAGGCTCCCCTCCACTGGTACGTGCTATCTATTCGGAGGGACCTGTGGGGCCGGGCCCTTCCTCGACGTAGACGTTGTAAACTCCAGGCTGCACAAAGGCTAGGTGAGGCACATCGCCCAGTTAGCTAGCAGGTGACTCGTCGTCCCAAAGAGCGTTACGCTGTTCTGCACGTGGGCCGGGCTCTATCTCTAGAGCAGAGGTTGGTTGAGTCCCCCTTCCCAGAGATCCCGGGGACCAGTGTGTCGTTGATACGTAAGCAAAAGTCAAGCGATCACTCTACGCCGTGTACCTATGGGAGCCGACCCCACTGTACTTGCAATACCGAAATTGAAAGTATAACTGATTCGATTATACCAGTTTCTTCACACGGATGTATGTTGGGGCTATATAGTACGACAAATCTGTGGCGGAGCTTCACAAATTACCTCGCGGCGGTCGCCCCGCTACGGCAAACGGATAGCCGCGCCGATGGATCGGATGCCTCCTTGCGCTCACCGAAGCAGACGAAAAATTGTACGGTTATCGGAGGATGGTAGGGGACAGCGATCACAGGACTTATGATTACGTTTGTTCTCCCTTGTGTCATCGGTGAAATAGATATGTCCCCACCGAACCAAACCGACCTGATCACTATCACTATCTTAAAGACCACGCGTGGTGAACGCATAAGTACGCGGGTTCGAAGCAGATGGTTGGGACTCCTTGGGCTTGCCACGTATGCATTACTCAAAGATCCAACCGGACTTGTAACACGTTAAACCTAGGGAACACGTGGACGTCGGAAACGAGCCTATACGCTACTGCCGTGGTTGAATGGGACCCTAACTCGAAATTTCTACCGATTGTTGATATTACTCACGTGCCTTGTCAAGTGTGAACACTAACTTGGAGGCTTTATGCTCGCACCCTAGTCCTATGCCCCGCGCCCCTCGGGTACTAGTCCGTATTAAATGCACGGTACTCCATCAATGCGGCAAATCTAATC,1681,51.4,Saccharomyces cerevisiae
SEQ_475555,CGTCGTTTGTACGCGGCATATGTGGACGAATGCGTTTCCACGCCAGACAGCCCGTGGCACTGCAGCTAGCCAAGGGGGCACGCAGCCCACATTACGATGTATAACAGAAGCGCAGACAGAGTAGTTTCCTTTTCTGGCCGCCGTAGGACACTTGTACAGGTGTTCGGAGATTGATGGCTGAGATTATATCCATCTACGTCCTACTTAAGATCGACCGTGCCGACGCTTAACTGCGTTAGATTGCTGCATGGGACTACTATGAGCTGCACCCCCTGACGACACCATTTGCGAGGTTCGCCAAACCACTAGAGCAGCAACTTTAGTCCCTTGGCGAGATGGTTTGCGAACCATTCGTAGAAAAGCCTTGGGCTTTGTCATGTGAGACCACCTCGCGAAAACCTTTCACACATATGATCACCTTAAAATCCCTCGCCCGGCCCCGGGCGCTCACTCCCATACATGGCTGCCAAAAAACACCCCAAAGCCACGATCAATCAAGTGAATGTTCGCAGAAGCGGTGCTCAATCGGAGGGTGATGGCGTGAATCGGCGCTTACGATATGCCGCCCTGTTCATACCTACTCATTTCGCCACTTGTTTTGGTCCGTTTTTAAGTGATGATGGCAGGTACGACGTGCATAACCACAGTATTCGCCCATTTCGCACATGGGAACATACATAGGTACCAGCTTTCAAAAGTATGATAACCTGAGAGGCATAACTGATCCCGCTCTTATCTGGGTACTGCTTCTTAACTGTAGCAGCTGCCTACTCAACGGGCCCTATCCCAAGCTAGCGTCAAGAAACAGCACTCCTCATGGTCATGACTTGTGTAGTATACTAGGAGCGGGTCCTAGCCAGGCCGACTATACAGTAAACAGTAGCAAGACATCTACAAGTCGGATGCTCACAATTGACATCAAATTGTTCTTCGAATTTACGTT,943,50.16,Arabidopsis thaliana
SEQ_221128,TCCTCGTGCACTACACTCATCACCGAAGACTCTAGATAATCAATAGGTGTTATTGAAAGGTCAATATTAGTTCAAGAAGGTCGTAGTCGTATAATCTGCATAGAAGCAGTTAGACCTCTCCCGGCGCAATCGTGTGCTGCTCTTGCTGCCAGCTAGGAAAAGGTTACTCTACGTGCTGTCGCGAGACTGAGTTTTTAAACCAGAACGGCGGACCATAGACTTTCACAACCATTCTGTTATCCACTCCCCTATTATTTCAAACTTCACTAGGTAGTTCGATTATACATGATATAACGCTTGCAGACGGCCGTCCTTATTCAATCAGTCATGGTAAGGTTCGTAGTTAACCATCACCTTGCCGCCTTCGTAGCAAGACAACTAACTGCTTGGTAGGTCCCAAGACTGCTCATTCATAGCGGCAGTTCATTCCGACCCGTATACCTATCGTATATTCACTCCCTAGACTGCGGAAGTACGTTATGGACAGCCGAATCCCAGCGGTTGCCGAGCTGGCCTTGGTTCAGTAGTTCCAGGGCACACGTTATTGCAGAAGATTTGAGTGGCGACGATATCATGTCGCCTAGTCTACACAGCAGATATGGCTCAGTGGATGACGGTAAAGTCTTACATATGTCAAGGCTTACGGATTAGGAGTGAATTTTCTCTTGGTACGCCGAAAATGTCGCTATTCGGGTTCTTACCATAGCTACCGCGACTCTTTTCATCAGGAAATTATGTTTCTGAAACGGGCGGATATTCCGCGGGGGTCGTCGTCACCTAGGCTCCCACCATGCTGTATGGATGCTCGCGTCCGTTTCGTCTGAGATAACTCCCGAGTTTTAACTAATGGGTATCGCCAGTCGTCGCACAGAACCGTAAACCTTAGATGATTTTGTAGAGCAAGTCTACTCCTACACAGCGTTGATTGCCAGTTTACACCATACTCCAGCTCGTAATAGTTAGATTCTTTAACCCTGGAAGGTGGGTCGCAAATGATGTCTCTCTGCAGATCAACAGCTTATATAGTATATGACGTTGGTAGGGGATCGGAGGGACTTTCTGGTTAGTCCTGTGAATAGTACACGCACTAGACACC,1096,46.81,Mus musculus
SEQ_315496,TGCAGTACCATTATGGGACACGGGTAGCACAGCTACCGTTAAATCTACATAGAACTGACAAAGCTCCCTACCCAAATCGTACGGTGGATCGGGACAAACATAAAGTCCGCCCCAATTACTGATGGTCATGGATAGCTGGTCCTCAGTTTTGTTGCAAGTAAGACCTTGCTGCACAGTCAACGTTGGTGCAACCGCCAGCTCCGGTCAAGAAGAGTGTCCCTTCGATCCGAGTTATCATGTTTGCGGACGAGTTACGGCTATCTTAGGTTGATTTTTACGCCTGGGTCGCCGTCATATCGCTGAGCCGGTGCCTAACCGCAGATGATTCTATAAGCACGTTCGGTGCGTGATTGACAACTTTGTTCCCCGGTGACCACCGGCGTCAAATGTTGAATAGACAAGCTCGTCGTCAGTCCTCACTCGCGCCGCGCACGATCCTTCAAAGGGGAACATCGTTAATACCACGCATATTCTATACTGCCCAGCCTCACTCTAAACCATTGTAGGTATGATCGATGAGATTGTAGGGGGCTGGCAACTTTAATATCGACCTTACAGTAGCGGCATAAAACCGACGCCCCTTTTATTGTATGCGGCGCATCTACAACACCCCTGTAGAGGCATGCTGCAGGTAGTCCGTGCGTCTCATGGCTACGACCGCGGGCTCTTTCATTTTCCCGGGACGCCTTGCGTATGGAAATGGATTATAGTCCAGCCTGTTAATTCGAACCATTACCTAGCGGGAAGACGGCCGACCATCAAGTGCGTATATTTACTCATCTAGAGTGATCGTCTACACCGCTTCAATCGCCATACGGAGCATCGCAACCACTTGTGGCGCCTCGGATAACGGAAGCATCCCAAAACTGTTCTAGAACTGCTCGAGCCTCGGGAATACAGGGAAAGTTCGCCTAGTGGACTTCTTTCTTGCCACTCCAATTAAAATACTGTGCTTTTAACGTGTCACTATACGGTCAGCTCCAGCATGTAGCGAGGCAGATAGAACCGCAAAAGTTTCCCCTGTCCCGTATGGTATCTCATGGAAGGTCAGAACGGAATCATGTTGTACTGAAGTTCAATTACACTGGGTCTTTCGGAGTTCTGAACGCCTTACGAATTCAGCGTTGGGCACCCCGTCTTGTACTATAATTGCAAGGTGATCAATTCGTGGTGCCACTTCGATAGCCCGACAACTCTGCCTTAGAGGGCACAGGTACCCTTGAATTATATGTCCCATGAATCCTTCCACCTGAGCCCCCGTCTTACCCCTGTTCTGTGGCTAACGAACCTTATCGACCTAAGTCCACGAGATGTTCGTACGTCGGTTTCACCAAGGGGGAGTTCCCAGGTTCGATGATCCCGCCTGGCTCATGACGCAATACTCAAGGT,1389,50.25,Homo sapiens
SEQ_541325,GCACTCTGAGCCCGGGTCGCAATATCCAATGTATACTGTGTTTACATGTAGTCAATTCGACTTCCGCTTCCCCAGGTAAGTCCGTGGGCGGACGACGCCAAACGTCTCTGGTAGTATTTTCGGGCGTCGTCTCGTGATTCCACGAGCATGCGGCCACGCACTAAGCACCAGGCGGCATTGAGTCGGCTGCTTCCATTCCATACCCAATGGGTCATAAAGTTGCGCAAAGCTTTCGCCCGTTATAGACCATAGGGACACGCACGTTTACTCAGCGCAGGGGCGTTATTAGTTCAATCAAAGTTGCCTTTCCTTATCAACGTAAATGCGTCGATCTCATAACACTCTTTTGTCAGGTTAACACGACAGAAAAATCCCGGTTTCAAAGTTATAAAGATACAGTTGACTTTCGGTAGAAGTGTAAGCCAACGACGACCATTCTAACAAATTGGAAACTTGTATTGTAGCGGGACGCTCTCTCCACAGATCAGATTAGCGATTTTTATCCCAATAATGCCAACTATGGACCGCACGGGTGGCATTCGCCGCAGAGCAGCCCCCGGTCTCGCGAGACCTCAATCGCCCCTAACTCCAAGCGGGTATGCCCACTAATTGATAACGTCACTGCTGACATGAGAAGGCATGGTCGATGATCCCAGAATGATGCGACGCCCTCGTAATTCTCCAATGAGAATCGGTCTCACTTACTATTTTAGGCCACGTACCCCCGCATTCGCGACGGTAGTCTCCGCCCCCAATCTTCGGTACTACACATGCATCTTGTAGGCGTTGCCCATTGCGCTTCAGGCGTTACGTGCTACCTAGGGAGTCTAGTGCTGAGCAAGTTCCTCCATAACGCGATAGCCCACAGTGATTGAAGATTGAGCTGGCTAGGCAGTTTATGCACCGACTCCCAAGTGATCAGTCTATCGCCAGCCAGTATCATCAATTCAATAAAGCAGCGATGACTTTGATTCTTGACGGAAGTGGAGTAGCAATCGAGCGGCCTCATTTTTAGTGATATAACGAGCTTACTCAATTGTCTGCTGCTCGAACCCGTACAGCGAAGAGCTAAG,1073,49.77,Arabidopsis thaliana
SEQ_905061,CATCACCAGACCTACAAAACTGTGGTCACATGAGGCATTTTCAAACGCTTAATTAGGGCGCCTAAAGGTCCTGCGTTAGCAGTAAATTACTAAGTAAACTGCCATCAATGGACGCGCAACGAATCACGTCTCTGATTGAGGACTGCTTTTCCCATCGAGATGGTACCCAGCTTCGATAGAAGGGCAACCGCCTACGTGCGACGGCTTTTAAAGAGCTTATTGTTTTACAACACTTAAGTTCCCCCTTTTCCTCAACGCTAGCGAATGCGTCTAAGTCGAAGGATCTCTGCGCGTGCCTCACCCGGGGCCTGCGGTCGATTGTTAGTGCCTAGACTCTTCGTCGACGCACATCTCGAGTGAGCTTTGCCGGGGTATATTTCGTTGCCAGCACCTAATTAGAGCTATTCTTCAATCGCTTTCTGAGGATAGAAGGCACCCCTATCCCATGATTAAGAAAACGTGCTGTCTACGCTGGGGCTGGTGGACTGCTTATGCTGGATTCGCTAGCCGTCGAGTAGCAACATGTATGTTTTGCGACTCAGGGGCTCTCACTCCGTTGATTCAGGCGAGCGGGTGTGCTTTTTTAGATGAACCACACACAAGG,604,49.83,Saccharomyces cerevisiae
SEQ_780985,GGAAAGACCCGCATCTACAAGTCCCGCCTCTCTAGGTATAGCTAGCGGGCGAACCAGAATTAAATCCGGTCCACAACGACCTAGGACCGGTCGATAGGCGATAACAACAACGCTTGTAAGCATAGACTGAAGAGGCATCTGAGCCGATAGGGTACGCCCGTCGTCAACTCCAGGGCCGCAGGGTATTTGGATTGTAGTCACACTCGTTAGTAACTGCGTCACTCCCCTTGCATCTAGTTCTAGCGCTATCGATTAACCGCACAAACTTGGGACTGGCAGCTTTGCGGGTCCTCGGGGCCTAATGTTCCAAAGTATGCGTTTGATTCGACTGGCTCTTTCGTGGATGCAGTAGCCTGACCGTTCAGCCTACCTAGTTCCCCCGCCACAATTAGCACCTACAGTCAAGGCATTCGATCTTCAGAGGTTTCCACTTTGTCTCAAAGAACACACAGCGCTGCCTCTCTAGCTTTCATGTGACACATATTGTTCTGCCACAAGATCCGACCTCGAATCCCATGACAATTTCATGTTTCACTGTTTCAGACTGCTTTGACTTTCAGGCGTATGTGTGTTCTGTGGAATAAACGATATCCGACATGGTCC,603,50.25,Caenorhabditis elegans
SEQ_245430,CCCCATGAAGCCTTCCCGGCAGCAGGTATGGGCGTCAAACGTAGAGTAGGCTGTGCTTATTCGGGGCATAGCGCTACAACCTAACACCCGGGCGACACGGTGCCCCGCTGACTTGCCCTGTGATACGCTAAATCACACAAAGAATGTGCGGTCCGCGATAAGGATCCGATTCGGTGCGACGATGGGACAGCGTAAAATGAGTCTGTGAGTTAGTAACAGGCCCTGCAAGCTGGCCTAAAAGCGTATCACTACCCCACTGCACAGGCAGACCGAGGTCAACCAGAGAGGCCCTACAAGCACAGATGCGTCTTCACTGCCTCGGCTATTGATCCATAGAGTGAAACGAGATGCAACCCAAGTCTTCTCGCGTCTAATGGTAACGATTAGTGATCAGCCCATAGGAGTGCGTCTCGAGTACGGATGAGATAGCCTTAAGTGGCTCTCTTTCTACATCTGGTAAATTCGGGCAATGCAGGCGTAGTCTGCACGCTAAAGTTACCCCGATTTTGAGCCGCAGCACCTCATCTGGAACGGCAAATAAGAAGAAGGTCAGAAAGGTGCCGGGGATCATCTCGACAATGGACAGTTGACAGAACTACCCGCTATTCAATGTCCGCTGTACGGGTCGCGTGTGGATAATTACCCCCGTAGTTGGTTCGTCCGACACAAATTGTTGCCAGATATAGACCTCTGACATACGGCATCCTGGTGCTCAGAGCCCCAGCAGTCACTGGTGGGCTGCAGAACTGGTATGAGCTCCCAGGTCAGGGGCACGGCTACTTATCCTTAGGCCCTTGCTCTTCAAGACCAAACATAGCTACACGTCTTGGTTTAACAAGACTAGCATATGCGAGAGAAATCCTCTCCTTGAGTCCTGTCTTTGTCCCTGATGCGGAAGTGTTAACACTATTTCCACAGGTGTTAGGATGCTCTGG,935,52.19,Escherichia coli
SEQ_842724,TAAGGGGCAACCTGAACTGGCGTGTGGCTGTTCAGCGAGTCTTTATTTTGGCGGAGAACAGCGAATTTTGTGAACGCCCCCAGCCTGCTCCTCCGGCTGTTATTGTGGTTCCTTGGTCTTACTACGGTGTCCTGTTTTGGTATTGAATGGTAACAATTGGTCTGCAGTGTTTGACGCATTTACGATAGCAGCGGAAATCTTTCAGAACCGAGTCAAGGCTTGGGCCTGTCGCGGTAGTACATTGCAAACGACTACGGACGGCTCTTGGGGTACAGATACGTGTTTTCTGCCTGTTATCCCGTGCCAGTGCGCTGTATGGCTAGGGACTGCCCTTTCAATCTTAGCTCGAGTACCCCTTACCTTTACCCCATCTCCAAAAGATCACGGACGCTCTTGCGATCCATCGACGGCTACTAGCATTGGCGCCGAAAGCATTCCTACCCTCGTGTCTGTACGAGGCATCACTCATGCGTGGTCGCCGTCTTTGCTAATGTGTTCGGATACAGTGGACTTAATCTAGCGATATCAATGTGTCGGCGATCGCGTGTCGCCGGGATCATTCTGTTTAGTATGGCGCTTTTTCATCGAAGATACTCCTAAGCGCGTAGGATATCGGAGGGTGGCAACCGATGTGAGAGCCAAGTTCAACCCCTTGAATTCAAACTCCCTGTACTTTGTTGGTTACGCAGTTACGGTCATGGTTCACAAATGTACGAGATGAGTCTAAGAGCCCAGGCTGATTGGACGACCGAC,753,50.86,Escherichia coli
SEQ_553441,GAAGTATTCCTAGGGTCCGCAGGTCTAACACTACCCGAGCTGGACAGGTAGAAGTCATAGGAAATTCCGACCACAGCACAAAGGAGGAACTGGCATCAGTTACATCAAGTCTGGTTCGCTCTGTATCATTCAAAGTATGACAAGCTCCATTAGCTTCCGAAATGATTGCGGGCTTCCCACATCGACCCGGACGCCCTGGGTTAGTCCAATAGCCCCTACGAACACTCGCCGCCAGGGTGCATGAACCATAGGGCATCCATAAAGCTATCTGTATCTTAGCTGATCATTTCGCGTCGACCCCACAGCGTATTCCGTTAGGTAGTCAAGCCAGGGCGACGTAGAGGGGCGCACGCTTCCAGTGAGGTTTCGATGTCACTATCTAGACGGTCGAAGCAGTAAATATTTCCCGGTTAAGGACGCGATCATGGGCTTCCGTTGAAGGCTTTAGGCAATACCAGATTAGCTTGTTGGACGCGATGGGGACGCCACCTTATAACACAAGCACAAGTAACGCAGAGACCACTCGTTATTGAGGAGCTGGGAGTATAACCAAGTCGGTTATTCGCCAGCTGCCTGGGTCGACCTTCTCAGTCGGTTAGAATGCATATGCGCATAGACGATCTTTTTCGTCGTTTTTATTCCAACTAATTAAGAAAGTATAAAGCGGGCCAGACACCCTCACAAATCATCACGGAGCATGACTCTTGGCCACAGAAGTCAAGGGGAGGAATGTAATGCTTTATGCATCGAACAGAAACAGGCTGAACTGATGGGTTGATAATCGGGTGAGTAGGAGCGTGCGCTCCGCTTAAACACAGGAATATAAGGCTTTCTGCGCTGCATTCTTGCCAGCCCACGGGATCCCTACCCTATCCCGAAAAAATTATGCCGACTGCGGTAGCGGAATACCTCCTCAATCAGACGTTGTTTTAGGTCTGACTAAACTAAGTTCCACCCGACCTCTGTCCATACCCCGGGCGCCACTTGTGTCTTGAGCCTACTCTACGCAATTATTATCACTCCCGCCTCGGTGTTGGGTGATTCCTGGTAAAGTTGGTTCCATGAGGAGCGTATATGCGGTTTATGGAGTTACTCGGCTTTACAATGCAGTCTGCTTACAAAAATCTGTTGATCAAATTTTGCCCATGTCGGGGGCCGTAGCCAACCTTTGCATAGTTAGCCATTACATCTACATCGGATAGCATCGCGGTAGCACGGGATGCAACGCTCTCTGTAATAGGCCGTCCTCTGCGCCCTATTGACTGTTAAGATTAGCGCCCCCGGCTCCTTTTTGTTGCACTACGTGGCCAGCCGAGCCGACCGACTCGATATCGCTGGTGCCGCGGAGGAGTTCGATGCGTATAGACACCCCCTGGCTCCCACGGAACTATCACACCAACTCAACCCGGCTAATCTTATCAGAGCCTCTGCTCGCGCGTGGTATTTCCTGCGTCGATGATAGAACTTACTCCGGGCGGCACGACACGATCAACCAGC,1497,51.1,Escherichia coli
SEQ_500702,CATAGACTGAGTCACGAGCATACTATGAACGGCAACGGAGATCGCTGCAAAGCTATACCTATATCAGTGAGCGGCAAGTGAGGTCAGGAAATTGTCCGCGGATCGCTCTCGTTCGAAAGCCATAGAAAGGATAGTTGTTCTATTGATAGTACTCTCCTACTACT,164,46.34,Escherichia coli
SEQ_166160,TCAAGGTAAAGCCTCTTTGTGAATACTTTCTGATCGCGATATCTAGCAAGCCAGCTCAACCGACTTGCTTTGTGATCGCAATTGTCAGCTAAGCCCATTTTTTCTGTATATCGAAAGAGACTCGGAACACCGTCTATGGGCTCGTATTAACCAATATTGCTCAGTTATGCTATCCCACTCGCGGAGCTAGACAATAGCGTACCGTGGGCGAGGTTCATGCATCACATATGCAGCTTATGTTTCAGACTGCCGTCCAGCTGGGTACTAAGCCCTTGGACACCTGTGCGTCAAACGTTAAAGCTTCAGTTTCTAGTGACCTAATTAAGTAACACATAAGGGTGGTGTACATCTTAGAATGCTTGAGACATTTACGTCATATCGAATAGTACCGTATTGAAATTCTCAACGGGTACTGGCTTCCCTGACGTCTATCACAGTCAGTACCACGTTTACGATCTCCAGGACAGAACAAGCAATCCTTAGCGGCCCGTACGCGAGTTCGACTGCAATATGTCACGGGCTCCGATTTTCGAAGGAGTGTTAGTTTTAGTTGGTGTATGAAGGGTATAGTTTACACTGATGCGGCTTCCCCCGTTTTGTCTCACTGAGATTACCCTTTGGCGATTAATGACTGAAAATCATAACGAGGGTTTGTGGATCAAGTTAAATATGGACCTATAGCTGGAGCGCCGAAATAAGCCATGTCTCTACTATGTATACCCGCGATGCCCGGTGAGGTGCCTTTTTGAACTCACTAGCGTAACTTGCGGCGTATTATCCGGGTCCCTCAAGCATAACCCGACAAAGTTGTGCGTCATGGTTCCGTAGGACAACGTCCAAGTTGACCTCAATTTCTGGTACCAATGGAGGGCACCGCCTTGTTTCTCATGCATCTAATGGGAATCGTACAAGTTCCCCCAAGTTGTCGTCTATGTTGAAGCGTTGTCCATATTCAATTCCCGGAGATTCTCAGGGAACCAGCGTATAGGAGGCTCTGCAATGCCACGATTATGCGTCAGTCCACAATGATAAGCACGGCATTCTGCCCCAAGCGTAGTAGCTTCGCCAGCTATGTCCACGGACTGTCCCGCCCTGCATATAGCCGTTAGGCTGAGCAAGGCCAGTATGCGTCCGCCTTACAGGACGCCGCGTGGCCTCACTGTCCTTAGTGGTCTCAATCATAAGTGAGCGCAGATTCGTGTGGCACTATCGTGCCCACCGTTTGCCCGAAAGGGTGGCAAACGTCGGCGGCCCAACATCACTAAGATGCTGCACGCAGGTAATGGGCCAACGGTGGTTGTATAATCATTCCTGTGGCAAGGTGTGGCGGTACTGCGTCCGCCATTGGGAAGAATGCAATAACCGGTGCTCCGTGCATGGCCATAATGGGGGGTAAAACATGGGGTACAGCTAGCCGACGCAGGAGACGTAAAAAATACTTTAAGTGTGACTGGAGGCGGCGAGTTCTAAGTTTCAAACCGCAAACCCACCGTAAAAGTCCCCTTCTGGAAATCCACCTTTCGGAGGATCAAACGTGAAGATTGCCTTCTTAAGGTCCTGCTTAACCGGAGGTAAAATAAGAGATTTGGTGCGGCTATGCAAGGCGTGTTTTAGGAGGAGTGCGATTCCCAACTTAGTAACTCGGAAATGTAGCTCTCGGTCGTACATCTATTTGCGCAAGCCGCGCCCTCCTCACCCCAGATTGCTTTCGACCGTCAGCAGAGAGAGTCAGGGAAAACGGAACTATCGGCTCACTGATGTCTACGTTAGATACCCGCTGCTGTATCTGCTTACAGAGGCGTCACATTGTGTGGTGTCTATTGCGCTTATTAGGGCAGTACTCAGC,1846,49.4,Drosophila melanogaster
SEQ_955001,TAGACAATAGCCCGAACACCCTGCCTCTCGATATCCACCAGAAGAAGCCGACACTCCGCTCTGACGAGCTTCACTTTGACAAGATACGGTAAGAGCGGAGACCCTTGGCTTACGCAGCAGGTAAAAACATAATTGTGTACCCCGCAATTCTCGGACTTTAGGGGCAGGAATGTGCATTCAAACTTGCATCACGGCACCAAATATGTTCGGCCGGCGATCATACGTTACCTAACGCGAGCCACGTTGAAGATTGCGTGCGTATGCAGTCTCCAACTCAGAAGACAGCTCCGATGCAGAGGGTAACGCAAAAGGCCTAGTGGCTGCTTGTGTAATCAGGGAGTACTTGAATCCGAGGCGTCCAATATCATGGCGAGTAAAGGAGACCATGCATAGCACGGGAGGCACCTAACGTGCTGCAGTTCACTGCCCTGCCCGACAATTCTTGGTGGAGTTATAGGTGACCTTTTACATAAGCCCAGCACCGTGTTCCGTCATCTGATTAAGGGTGCTAGTCGCAACTTCCCACAAAATTAACTAGCTGGTCTATGGACGACAGTAGCGGCGCACACGTATAGACGAATAGGGTGGCGCTCAAAATTTATCGGGGAGCTGTTCGTCCGATAGCACAGGCGGATACAGGTACATATGCCTCTCCATCCTATAGGTCGAGCTTCTTAACCATATGCGACAATTCTCCAACCATTACACGCAGCTGCAGGTATTTACTCTAATGGGGCCGTCATTTTCTATTCGACAAGGGTTCTGCACACCAGAAAACGTGAGGGGATAGCCCTCCCTAGTTAATGGCCGTCCTGCTGTGTTCCACGAGCGGTAGCAGCGAGAGTCTGCT,850,51.06,Saccharomyces cerevisiae
SEQ_464871,TTGTATTTAAACCTTAAGCCTACATTATCCAGGGTCCAAAACGAGTAGCATATACCGATTAAATGGGCGGGATTAACACATGTTCGATTTAGCATTCTCAGCAACACCAGATTATTACAACAAAAGAGCTCAAATCCAGTCTATCCATGTCTTCAATCCCATACTTACGTTGGATCCTACGGTGCGAGGAGTATGCATAGGCAAGTTTTTATTAGATCCACGTGGATTCTGCAAACCTATTGTGTCCAGCTGACAACATTTCATATCGGCCGACGTACGCGATCGGTCATGTCGCTTGACGTACGGTCACCCCAACCTGAATGCGGAAACATAATCGGTGCCTCACTGGAGACGCGCTATCCTGGACCTTTATCTAGTCGTCGGTCGCCAAGTTTAAGACTTTATAGTTATCGTCGCGAATTGTCTTGGTGAAAGTGTGTGCCCGATATCCCTATGCTCAGACGCCTTCTCCTAAAAAACGTGAAACACAGATCTTTCGGGAGCGTCGATGTAGTCGTTACTCTAAGACAGCCGCATAACCACCCTCCGTACGGAGTCGAGATGGCCAGTCTTGTCTTTAAACAGTCTAATTTTTCAACATGCATACATTGAGCAGACTACGCAGGAGACC,631,45.64,Escherichia coli
SEQ_710791,AGAAGAGCACCCTAGGTCTTCGTTTTGTTTAACTAATTTTGCACCTAGGAAACGGCGCTCTCAGGAGAAATTCTGCTCAGGAACTTCTGTCAGCGTTGCGCCACCGTAGATCAAACGAATAAAGCGCCTGCTTGCGCTGATAACAGACCAAATTAATGACCAACGTTCTAATATGGCATTTTTATCGGGCGTTATCATGTGACGTTAATGGTTACGAGAACATTCGTAGCCCTCGAAGCCGAATTGGATTCACTGGGGTGGTGACAACTGGGCAATTCCCGAACGGCATACGACTAGAAGGTCGCATTATAGTAAGCTATACAAAGCCTCCCCACGGGAGACGTTAGGGATAGTGTAAGAGTCATTGTGGCGGCAAAAGGTGTACACGTGATTATTTTATCCCGCCCGGTCGTGCATGAGGCAGCTACTACGCCAGCCGAGGGCAAGTCTGGATGGTAATGTAACTTAATTCGCCCTAAATATCTCTAAAGGAGCTAAACTCATGAAATCACAATGGCAATCCGAATGTCAGCTGTCACTTGTGCCCTACAACTAGACACCACTGCGTAGGCCAAAAACGTAAAGGCCTTACAGACGGTATAATGGGTTCACCGTGGCTTACTGAGCTAGCACACAACGTCTCATCTTAGTCTGCGTTAAGACCCGGAAATCCTTTTCCCACTGAAGAAAGCACCTCGGTCTTTCCTATCGTTGTAAGGATTTCCGCAAGTGTGGTCTATTCAATCCACATAACCCGGTTCTATGCAAGTATCGAACGCCGATCGGTCCGTCTTCACGTTACCGAGAGAGGACGGCCGAACCTTCCTCTTCGAGGCTATCCGAAATAGTTCCGCTAGGATGACTAGACTTGAAACTTTGAGATCGGTTCACATGTAAGCTGCGAACGAATTTCCCATCGACGCCCACTCAACGTGAGGGAAAGTCCCCAGTATAAGACTAAAACCACTCCCAGACACTACCCAATGTGGCTACGTTTCTTGGCTCGAGTGGTCTAAAGCTTCCCCATGCTGAGCAATAACTCCATTAGCATCTACACGAACTGGCGCCAATAAGGCCGGCTTGTATAATTGAATTATCGCTGTACTAAAGATTCGTCCTAAGTGAGTGTAACGTCCCGAGGTAGCAGTGGCGCGCGAGGGCCTACCGGCCCTGCGCAAAGTGGCTGATAATTAGTTATATCAGAATGAATAATAATCGCTAAGCAGGGCAGCTCGGCCCTGACGGGGATTCGTAGCACTCCACCCTGCCCGCTCCCTTAGGTACCAAGTCATAGTGTTCTACTGCAAGTACCAATGCGCCCTATAGTCAACTCTATTCTCGTGTTGCAACGCGCCACTGCGCCATGGGTAAAAGGAGT,1378,48.77,Mus musculus
SEQ_765609,CCCTCCCCAGCGAGATGTGTTACGACTCATTGGTTGGAATCACCGCGTCCCTGCATGCCATATGAAACAGCATTTGATTTCAACATCACTGATCGGATAATACAAAGCGTGAAGCACTTACTGTGGGAGTTAACACGGATAGGTAGCTCGAAACGACAGTACAACCATCCTAAGGCGACGCAAACAATCCAGTCCAACGATTTTTGATTCCAAGAATTGTCGCACACCCCGACTTGGAGTTCGGCATGGCTGACGATCAAGTACAGCGCGGTCGTATGGACAAGGAATTAGGCTGGGAACGTAATCCACCTATGACTAGTTAGAGCCGCAGAGTATATCACGAAACCTCAATCATAACGATCATATGCCTCGATACCCCCGACGACTTAACTCGCGACTCAGCCTGTTTCGGGACCGTAAAGGTCTTTCCGTGAACTCGTCTTATTTAGTTTACTTAGCGCCGTATAAGAGAAGCATGTTGTTCCTGGAGCTGATAGCTAGTAAGGCAGGATCGTGTCGGTCCGATTACAAGGTAACTACCGGACTTCACTCAATTATAACGCACGAATCGAACCCTCAATTCTCAGCTACAGTTAGAACTGTGGAGGACGATATCAAGTAGGTGCCTATAGTATAAACGATTGCAGTAAGGGATAAACAAGAGTATTGTAATCGAATGCGGACACCGACCTCTTGACCAATGCGATCGTGTGGCACGTACCAGCCAATCTTGGACCCGACCCTTTTGCTATTGCTGGGATGCACCTACAAATCCAGAGCCGCCCGAAGCCAGTCTATCAGGAGCAAGGAGATGAAGGCGGAGCGTTTTTTCCATTAAACTTCTGGAAGAGATTAGCGAAGCCGAACCCACGCCCTGTAATACGGATTTTTTGCGGAACGAAAGATCCGGGCAGTCTCGCACGTCGCAAACAGCCACAACAGACTGGTTGCTCTACGACGCCACGTCCGGAATACCTATGCACTAAGAGCTCCCTAATTGGAGTAGTCGGATCACTGGATCGTAATTCTGACGTCTCGGTCCCTTCAACGCCGTGATGTGAGCTATCTGTCTTCGGCTTGAGCGTTCCCACATGATTTCACCCGGACTTTGGCAAGGTTATCGAGCCGAAGGTCCTATAATAGGCGTGCCTTGTGGAGTGCCGCTCGTTTCTATCAGCAGCAACCGGTTCGGGGAATCAGGGGACTTGCCCTCTCGCTACGTAATGCCGGGATGTTCTTTCGGCTAGAGCGCACTCCTCGCTTTCCCCCGATAACTACACTCGACCCGAGTCACCTTATGCCACCCACTCCTAGTGTAGCCAGACACGAAGACCTGCCGCAATTATTCCCTGTACGATTATCAGATTATTCTGGAGTTCTTTTCAGCTCATCTGGCCGTGAGCAACATGATTTCAAAGTCATTTAATCTTGCACGGCTCCAGCCGTCACCCACGGAGTGTCTCCGATTAAATACAAGACACACGTTGCCTCGGACCGCTAGTCCAGTTACCTCGTAAATAAATTCCACGGTCTGCTTCCTAGTCTAGTTCGAGAGTCCGGGTTGTTACGGGGAGGCAAAAGCCATTTCAGGTCTTACCTTAAGACGCCGTACCTTCATCGATAGCTACGGCATGCATCGCAAATGGCCCTTAGCCCAGTTCCATTCGGGGGGTTACTCTAAGATCTGGGGTACATTACTGTCCGTTGCACGTGGACAAACAATTTTCCCTTGAATTCTTAGCCGCACGCTATCACACATCCGCCTAGTCAGCCTAGACTGGGCTGAGTAACAGGCCCACCCTTGGCGTTTGTCG,1814,50.11,Caenorhabditis elegans
SEQ_630841,AGCTGCAGTAGATTCAACGGGGTTCGCAACAAGGTATCTCACTACGTGCAGTTACAACTTTTAGCTAGTTGAGGCCGTGGGGGCCATCGTGCGGCAGGAACACTGGGGTCCATCGCGTAAAACGCATCCCTCTGAAGGGACTTCGTGAAAGCTGGTTGTCTAGAGCGGCCGCTTTATTTAATCACCATCCCCCGCTTTGCCGGCACCCGATGTAAACTGAAGCGCACCATCACCTGGTTGGTATCACCCCCGCCAAAATAGTCCTGCGCTTGGCCATGAACGCAAAAGTAAATCGCTTAATACGTACGTTATACCTTTTCTCGCTATTCTTCACGGATCCATGTCTGTTATCGCCCTTTGCCACAACTGGCTAACTTCCTTATCTCGACGTCGCAGTGCGGTGAGCTTGTGCGAGACGCTTAAATACTTTCATAAATATCCTGAAGGGCCATGTACCGACTGCGTTAGACGTCGTGACGTCCCCGTGCTGGCTATAGACATCCGTTAACTGTAGAGACAACAGCTCGGACATTGTGTTGATACTGTGGTAGGCAGATTGCTGCTGTTGAGGTCGTATTACGGCGACGCGCAATAACGACATTGACTCCCATTCCGAACCTGCAAAGTCTGCTTCCAGTGGACTAAGTGGCCTGCGCACGCGCCCAAACGGGCTTCCACCACTGAGCGAGAAGGTTTCTCGCTAGGGTACTGTAGTTCTTGTTCCACCCGCGCAGGTACAGCAGTAGGGTGGCATGACGCAAGTACGGACTGATAACAAGGAGACATTAAACCTGGGGGCTCTCTTTGGTTGCCATGTCGGTTTGTGGTTAAAGGCGGCGCCTCCCATCTCTTATCGTTGTGGCGTGATGCCTCAAGTACTTGTAGTTACCCTACACGGATACCAACAAATGCGGGCACCCATGGCGACGATCCTAATATTATCTCGATCGCGGCTGCTAAGACTCAAATCCCAGCCT,977,52.0,Arabidopsis thaliana
SEQ_580442,CCAAAGTGTAATTGCGGCCCTTCACGAATGAACGTAGGGGATCAGTGCCCATATCTTGAAGAGCCGAGTCAAATATACCCTGATGTCCGATTCTGTGCAGCGTAATAAGGCCATGTGTACGAGTGGTGAGAAAACCGTTTATGCGCGAATTATCGGTAACTTCCAATATTTGAAGACCTAACACGTCCGAGTCTATGCTTGGTATCACGTAGCCGCCATCGATCTCAAAAATTGGGGTGTTAGCGCGCGCTACCGGATTTACGGGGCCGTGCACGCGCCGTGAGCCTGGTGACGACGAGGCGTATATGCCGCGGAGACGGTGGACTAGAGCATAACACGTCATTGTTCCTGAATATTTACCGCACAGTGGTTAAAATGTGCGAGTGTGTGAACGCGACTCAAGCACTTTAAAACCTTAACTACCATCATGAATCGCAACCGGTATCCCGAGTTTTCGTCCAGCTCTAATATGTCGGCGCTATGCTGTACTATTTTACAAACCTAACCTCTGTTGGAGGTTATTACACTATAGGTCACAATTTGGACTATGGATATAGTCCCTGGAGTCTGCACTTTCTGGACATGGATTTTACTCCGCTCCGCTAGTAGAGTCGATTGGAGCAGACACACTCGATTTAGGGGTACCTATAGGCATATTAGGATTGAGTACAACGGTAGGCGAGCGTCCTTCCAGACGCTCACGTGCACGCCGGGTAAACAGAGTGGTCGGGGACTGTGGTGACTCTGTGCCCTACCCTTCCGGGTTGGCTGTTGTGCAGCGATGTAGACGGCTGCTATATGGAGAGACCCTACACAGCTACTACAACACCCCGACGCTGTCCACGGATTATTCCTATTAGCCTGCCCCAATAGCGTTGTGCCGATACCCAACGTGCGTCGTAGTACTGGAATTGCCAGACCACGATGGCGGTGGCAGTAGCTTTGCAAGGAAACGGCTCGAAAGTAGGGTGGCCTGTCCTCAATTTAAGGTTGTGCACCTGGTTCTTCCAATCAGTGTGAGATGGTTCGAACGAAGGACAAGACTCTAACCGTACGTACTCTTTGGCCGCAGTTTTGTTTTAGCTGCTGAGGCGGCGACACGTTACGTCCGTCCGGCTCTCAGTAGCACACGAGAGCCTACCCTACTAGAAGGCGGTTAATTCTATGAAGGGCCTCCTGACGCAGTCGCCGATGGTGCCCTATCCGCCCCGCACCTGTTGGTAAATACTTTGCCAGGACGATTGACTTAACATCCCACTAAGGGGAGACAGTTCTTGTACAGGCGGG,1287,51.28,Homo sapiens
SEQ_933299,GGCACGCTAAGTATAGATAAAGTACGTTAAGCTGTCATACCATCACGACCTTGGAGGACAGGAAGTTTAGGAGTCTCCGGCATAGTAAAGCTAGCTATCTAGAGGTAGCGAGCGCTAGAAGGCCCTCCACAGCATCGGGTAAAACTCTCTGCCTTCCATTTACCGGACATCGGCTATGCGTCTGTTCGCCTCCCGCGAGGTGACAATGCTAGCCGCTGGGCGTGTGGCATTGCTATGCCATTATTATCCCGGGGGAATAATGCGGTCCCAGTAGGTAACCGTAGATAGCCCCCTAGGGTATACGAAATTCTCTTCTTATATTCCGGCGTGCCGTCGTAGGGTGCTTGTATACGCCGCCATAGTGTTCTTGACGTCTTCTGCTCGGGTATCCCGCCCCTTCATTATGTGAGATCAAACTGGCTGTCCTATTGAAGAGACATACATGAAGCTATGCCCCGATCGTTTCGCACCTAGTATGTATTTAGGACTCTTAATGCAGTTACATTCCCGTGACTATCTGGCATGGATCGCGTATATATAGGCATCTCTCACTGATGAGATCTTTGCCCATGTACGGGTCGGGCGCGATGGGGGCGAGAACGAACCGAGCACTGCTTATCCTGGCGACAGCAATGTTCAGTCTGTGCGGCTAGCGTGAATTTAGGCCTGTGTGCTCTCCATAATAAACACGCTCCTTGCAATAACTCAGCGAATGCTGACCACCCTATTGTCGCGTGTAAATTAGAGTTTTATTTAACATATGATATTTAATTTTATTAATGGTCGCACTGGAAGTTTAGGCACCGGGCGAGTTGACTAGTGTAACTTGTAATCAGAGGACAATCAGGGCTTACTCCCGCCGTACCTATTGGTCCCAAAGCCGGAGAGAGTCTAGGATCGGCTATTAGGTACCAAGTATCCAGTCCCATATATGACTCGTTGGACACTCAGTATTAACCCATGCGAGCATCACTATGACAAATAAAGAGCGCGACTATCAAGTCGATATTAGCGCGCGAGCTGGAAGTTACCAAGAATTGTCCGCCGGGCGGACGAAGGACAGCTATACCCAAATCTCGTAAGGGTAACTTCTGAGACCCCACTCAAGAAATATCCAGAGAAGAGTTGCAGACACGGCCGCACTTACTAGATGACGGAAGCGTACGACGGTCGTTTCGAATGCCCTCTTGTCCATCAACGGACCGCGCGGTCTTTAGGCAACTTATATATCCCTTTAAATACACTGCCTAGTTCTCCGTTTAATTGGCAATGAATCCGCTCCACAAGGTGCTGCCCTCAATTGGGCGTGCAAAGATTATACATAAACTGCTAATAACATCCGACGAGGGCTTTCTCCTTACAGCATTAGCTCAGATGGCCCGAGTGATAACTGCATATAGTGAGTGTTTTAGATGTCTGTTAAAGAAGTGTTAGTAGTACAGCATTTCTGGAGTACCTGGTTGGCTCCCTCTATACATATTGAAACAATACTAAAGAGCTAGCTTTGTCTAGCGTTACTGGGACGTTCGAAGTGGAGTATCGCCCTATTCTTGTCGGTAGGGCGGGCCAACAGTCCCCTAGGAATAGCCGAATCAGATGCCCCTGCCCGCTCCGCGGACTAGATTGCTATGTTGCACTGGGAACCGATATAAATTTTGCAAAGCTCATGATGGCCCCCAGGCAGTTTGAGTTCGCAGGAGCAACGTAGTACACGTAGGGGGTAAAGATTTTTGCCGTCACTATCAATGCTAACCCGGAACTAAAGTGTAAATTTCTACTCCGGATCTGGTACGTTGGAGTTATCTCCTAGCGCGGCTAACAAACACCCCTACAGTTTGCTTACTTGGGGAGTGAACACACTTGAGTGGGTACCGCGGCCTCCCGTAACAATAGAGGCGAACAGGTCCTGAAATTATCGTAGCAGGCTGGAACCCTGGAGTCGCTGC,1946,48.82,Arabidopsis thaliana
SEQ_333582,TATACGTCTTTTCAAGTAGCGCCCCTATCTTCCTCCATCGGTTAGGAGAGCCAGACCCGGGATAGCTCTATCTAGGAACTGCCCTATCGTACTTTCTTCCGCCTGACGGCTATTCAAATGGTTCTCTGGCTCTTCATGGAGTCATAGCTGGGTACACTCCCCGCTCGCACCTCAGAAATCGCTAGACTCGGGATTTAAGATCACACCGATTAGTTCTAAAGGCGCCGATCCCTCTCCATTTAGAACTCAGTACGTATCACATGGTGTTAGTGACGAAACCGGTTTTTGCACCGGTCACGAGACCGGGGGGTACGATAGGATCTAATGCTTTGAAGCGATGTAAGTTTAGCGGTTCCACAGATGTTCGCTCTGACAGTGCGCTAAAGCCATAATTGTCCGTTTATGGGAGAACAACTCTGTGTATCAAACTCAAGTTTAGTGTACCAGGCGACATACTTAATTTCGACGGAGCAGTCAGGGTCAAGCAGTTCCGTCAACTCCGCGCCCGCATTCGCAGAAAATTTACTCCAATGCTGGTCCATTATCGTAGGTCACATTCGTTGATCTTGCAGATCTGACTATTCTGGTACCGACTAATCGTGGTCGTGTATCCCCGAAGTGCTCTCCGTTGCAGCCACGCTCTTGGCCATTTCAGACCTCAACTCCTCCTACTGCCCCTGTGAAATTCGGCGTTCGTTTTATACGGTACATCAGCCGCAAGGTGCTAAATGACATCCACCGTGCCTACACCTAGCGCCCTCCGTGCTGTTCCAATGCAACGGACTTTGTTCCCCGGCCGACCGGTGAGATAACGAACGTAAGTCGCCGTTAGTCGGGGTTTGCGCCGTTGAATGGCTCACACGAGTCTCGTTCACCATCTCCTATACTGCCTTCCATCCGTTGTGCACTGGTCGCCCGAGGGCGGATTTTAGTGTTCCTACATCCTAACTCCTCCCATTGCAAATCGGCATGAAACCGCAGAAATAGTGCGATCGTAGTCGGTCGTTATGAATAGGGTGTACGTTGCTGGCCCCAGCACAAGGGTGCTTCTTATGGGACCTTGCTACCTATTGGGCCAGAAGTGTCCCATCCTCTTGGCTGTATAAGGCTATGGAATTAGTATAGGCTCACAAACTCGCCCACATACGAATTTAAGTTCATTTATTTACATTCAAATTGAGTCTTTTTCGTCCCGTAAGAGACTCACAGGTATAGCCGAAGGATAGGTACGTCACCGAGCGAAGGCACCGTATCGCAGGGTTGCCCTTCTTTCACATTGCTGAAACTAGACAACCGACAAACCCCAAGATTTTGGAACACCGCGCACGTTTGACGCCGGGTGGACTGGCATGCACGCTCGCTTATAGGGAGTGAGTTAAACCCCCCGCGGGAAAGAACGGTCATAGCGTAAAACGCCACGCCTACATTGGGCCCGGGTCGGGCCCCATTAGCCTTCATCATTAGTAATGTTCA,1473,50.71,Caenorhabditis elegans
SEQ_834986,TAAGTCGTTACACTAGCGCAATCTCCGGGACCCTTTCAGGAACTTCGGCGAATTGCACGCGGCTGTATACAAGCTCCATTGAAACCTGCATGTAGGTACTAGAGAGTGGTGAGAGGTCATTGTGAAAATTGACTTCGGCTAGCAATAAGGATAGCCCTTCCATAGTTCTTACCGCGGAGCTCTCATTAGCCAGTTTGCCCATATCTCATGTATACAGCTCGTCTCTATGACGCGAGGATCGCGGAATCCCCATACAATACCGTCCGCGCTTTTAGACTAGCGAAAGGGAATAGCGTGGGGCCCACTTGCTTTAGTTATCCTCATTCTGTCGTTGAAAGATGACATAAGGCGCTTTATGACTGAGCACCAAGATATTAACGGCAAACGATAGATAATGACTGGCGCTCACCGAAGGGGGATGCATGTCCCTACCTTCCTGAAATTCGGTGCATCGGTTGTCCGCTGAGTATCTCAAACGAGCAACCTATGCCAGAATATAGACGGTGGGCCTACGGGCCTGTGAGAGCTGCTCTAGTCATTGCTAACATCTGTACTACAACCTCACCAGGGCTAACGTTCGATATGGTGCACCTATCCAATGTCGCGGAAAAGTGGCTTCGAGTGCGTACGACACCTGTAGGCATATTGAACCGAGGCCTGTCCCTCTGAACCTAGGGGATCGACGATTGGGATGCCTGGAAGGGGAGGCTTTCCTTTGTCAGTAAGTGGGCGCGGTATCTAAATCCAGCGCCGCGGTAACGGGCGCTTCGCTTGTGGTTGGCAGGGATTAGCTATACAAAGGCAATGGTAGTCTGTACCATTCCATTGACAATGCGCAAATCTGGTCGATTCAGTGGCAGGGCTCAGCGTGGGATCATAGTAGTACCTCGCATTTTTGCCGGCATCTATACAATCCCGTTCGAATACCTATCAAGCAACGCGATGCTGCAGCTAGAGGAGTCTAGGCACTGTTCTAGAGTACGTTAACACCGAAATGTTGCAAAATAAACGTCCCTCGGCGAAATTGGCTCCGTATCACCCCAACCGCCGTGAAGCAAACACAGGTCCATAGTGAGTGACAGGCCAATGACGGCGTGCTGTAGAGTCCGGTTGATTTATCACTATCCATACGTTTCACTCGCTGTACGATCAGTGCGGACGCCGATGAACGGAGATCGATATGTGAATGCGCGCCTTGCAAAAGTTTCCGGACTTAGAATGACTTACCTACATAAGCGCGGGTCAGCAGTCAGAAACTTCGCCAAGTACCGAGCCATATTTTACAGCGTGTCCTGTAAATGCAGGCAAGCGGTATAGACAACCCCGAAGAATACGTCAGGAAGAGTGGCCTGGTTCGGAATGAAACTACCAGTGCATACCATAAAATAGTTCGTTAAGAGTATATCATATCTAT,1414,49.65,Arabidopsis thaliana
SEQ_800905,ATGCTATTTATATCAGGTGGGTTGAGAACGTTAGCTGTCACGTGATCTGCGCATAGTCCTCCGCCTAAAGTATGTGCACTTGAGCTCTAATTCGACCGGAGTGATTGTCTTAACTAAGTTATGTGTAACGAAAATTTTTGCGGCTGGTGTCCCGGTCACACACGAGTCTGTGCGAGCATCGATTAATAGAAGGGATTACTACGCACATCCTTGTTCTCGGTAGCATTATCTAGGTTCGGAACTGCTGATCGCAGTTATCCTAGCCCTGAATGGAAAATGCATGACCGAAGGCAGTTGCCGCTACTCGCCCCGGCAAACTACGGGGGCATAGCGTTCCCAGAAGGGTTTGTTAGCTCCGATGTTGCGGCCAGAGCTTGTTATCTCGATCTGTGCTAAACAGCTTCCCGGGGCCTGGTCAACCGCTCTGACCGTAATTCTTCACGAAGACGGGACTCTTTCATGGCGACGTCTCCATGATATAAGCCAGTTACGGGAAGGGTTCACGTCATACGAGCGTGCCGTCGTTTGAGAGATACAATAAACCGATAAACGCTGATGAGCCCGATTGATTCGAGTAGTATGACTTTGCCATACAAGCTTCAGGGCCGGGAATCTACCATCGACACAATCTGTATCCGCCCATCACCACGATTATGCGAGACGTCGAAGGAGGTGCTCCTTCTCGAGGTTCGCCCATCAGCGCACCCGTGGAGAGACTGTGAGGGGCGTGTTTGGAAAGCTCACCTTGCATGTGCCTGTGATACAGTGCAGGGATACACGCACTCGTTTAGTACCCGTTCCAGAGCAACGCCTGGGATGCTTGATGCCTTTCTGCTCGCGACCCCGCATAAATGCCTTCTGAGACATCTTCCCACTCCAGGGTTTGCCCTTGGTTTGAGTAGTCTGTATGTGAGCGTTAGTATGCAAACACAGGCCAAACTAAACAACTCCGCGACATTTAGGCGTGGTGGCAAAGGCCGCATTGAGCGAGCAAATCATGAGACAGGAGCTGTACGATAATAGTAGTGTACAGCGATACAATGAGCAGAAACAAGTACTTGCGTACGAGCCATCGGCTGAAAGCGACTCCTGGGAACCTCGCAAGTTAACCACCTGTTACGGACGGGATCTTGAGGGGATCTTGCTCACCGATATGTAGGATCGGTTGCAACATAGGCGGGCCGAGTTCAGCGTTTTGGGAGGTAGTTTAACCGCCACTCACGCCACCGTCCATACCGGAATATTCCACGGTGGTAGATGTCGACAGGTAGATCTACACTAGTACTCGCATATGCCCAAACTGTAGGTTGAATCTTTCGGGCCTCTCAGGCGGGAAATCGAGCAAGCTCTACTTCCCGGCAGACACGACCCTTCA,1375,51.42,Caenorhabditis elegans
SEQ_910758,TAGGCGATCAGGATAACGCGAATAGTTGAGGTTAGACGATTAGACTCTCTCCGCAGGCCTTAGGAAGTACGCCCACCACTCCACACCTCGTATTGAATAGCAGGGAGTCTGAAGCCTCTCCAATACCACTCCCGCCCCCTAGTGCTGTACACCGGATGTGGTGTTACGCGTACCAGCTGGGTAAGTTGATCATTGCATCTAAATGCGTCTTATCTCCGCGCCAGCCGAACCCCGCATCCGCTGTGTTCCGTTGCGCCTTTACACAGCGGTTCCCTCGTTAGAAATCCCATTGGCAGAAGTGGGGGTGGATAGAGTTGTCAGCCTCCGCCCTATCAATAGGGCAGGCAGGGCGCACGCGCGCCAGTCCAGGACTATTCAAAGCACGGATACCGAGGGTTCCGGTATTTTCGTTCGCTCAGGAGCATGAATATACTGACATGTAGAGATCCGTAATTGTTAGATCCGTTCCCATACGGTGCTCGCGCCAGATGGGAGGCTGATGAAGCAAAAGTCGTTAACTATCATAAGGTAGATATTGGTATCCAGGGAAAGGGACATGGGACGTCTTAACAGTAGTATTCGTGATGCAAAGCCTAGCCCTTTCACGCTAGCCCGAGACATTTTCCCTATTTCCGTCGGCTGCAGTTGAGCAAGGCAAGGCTGAAGTCGAAGTTGTGGGGTCCATCGTAGTCCAGTATTTTAGTCTTGCCACTGGCCTAACAGGCCTTACTCCCCGCGAAACATACAGGGGAACTCGTACTTCGACAGGCAAAACGGAATACGCACCGTGCTGGAGACCGAGCTCACCTCCATAGTTGTCTGCATACCCACATAACTGTGTGACTTCCGCTCCGTTGATGACGTGTATCAAAATCAGGTAAGGTCGTGTCCTAGTAGTTTCTTCTATTCTTGGCGAAATAGGATTCTGGCGCGGCTTCGTCGGGCGCCAGACCACGCGGCGAGCCTGCTTGTAAACGAAGAAAAGGTAGAGTTTCCTGGTGGGGGGATGGAGGGTCGTAACCTGATGCTGCGGTAGAACTACATCGCACGCCATGATGCGCACTGTGAAATCGTTAGTGCGCTACGCAGAATAGCATTGATTTAGCTGACAAAACCGTAATCTTCGCCTACGCTCTAGTCAACTACGCGCGTCTGGCGCCGTGCCGACCAAAAGGTGCAATGCCCTCATTGGGATAGGCTCTATTAGCACAACGCGCATCTGACTACGATAATAAAAGAGGGTGAGGGTCGGTGCGAAAACTCCTATAAAACCGTAGATAACCGTAATAGACGGTGACTCCCAGCAAGGCCCCGGCCTATACGATCCCCGCCACCATGCCGCAGAGCTGTAAGCTTAAGACGATGGTGGGGAATGGAATGGAACTTACATTTATGACGCTACGTGGGCTCCCTTAACATAAACATCGATCGATCGTAG,1438,52.09,Saccharomyces cerevisiae
SEQ_261048,TACCTGAAACTAAATAATCGTGGCATGCAGCCAATTAAGGGAGGGGGAATCCTAACCAAAAGCACAGCCACCCTTTCGGTATCGTTTTGGCAAGCAGTAGAGTACCAAACTTCTGACGTAGCATCCAGCTTTATCAGCATTGATAATTCGGTATCTAGATGGGTGCGAGCGGACTGCATGTAACATATTCCCACAGTTCATATCCTCGCCCGATTAAGAGGACGAAAGGTCATGTCCGGGGGACCTCGATGGTTTTAGTTTTGCATCAGCCAACACGGACATAGAGCTCGAGGTTGGCACTTAAGGGATTACTTCCTCTGTGTGTTCGATGTCACCATGGGTTAGATAACAATGAGCGGCCGAAGTAATCTATTAACTTTGTTATCCAAACTTCTAGCCGGTAAATAAGTAAGCTAACAGGTTAAACTACTGTGACATCATGCCCGATCAGCTGTATACCGACAAGGCCAAAAGACGTACATCCGTCGGGCTATGTAGTTGTTTGCTGTTACCGCTGTCATGCTCGGCGCCCTGGAGTTACGTGAATTCTAGTAGCCGTTAAGCTAACAGACGCGCTAGACAGTAACGGGCTCCGAGTTCCCCAGTTAACTAAGCAACAGCTATCCAATAATTATTGGGGCGTTTCTCAAAGATCTACCTGAGTCGTTGCAAAGGCGCCGCGAGAGTAAAGTATTCAACCAGATAGTGGGCTCCCTCTGACAGATCAGCCGGCTCACTCTACTTAACTACACCTTTTTCGACTATCCTAGCGGGCGCTAGGATTCGCGCACGTAACCAGGCCCTGTCCAGACGCAGTTCCTACGCTTGGACCGAACCCCTAGGTCTTGCTTTATGCGGTTACCTGACGAAGATGCCAAAACTCTTTGTGCCGGTCCTCCTGGATTTGATGCGTAAGGCCGTCGAATCATATTGGGTTTCTGTCTATCGTAAGAATGCGCGATTGTCGTCCCCAGTGGAGGGTCGAGGGGTGTGGACCTACGGAGCAGGTCCAACGCGTCGTCTACCACGGCGGTGTCCTGGTATAAATTCCTTGAGATGCCAGGATGCTGGTTATTATCAAATCACAGCATGTTAGCAAGTGTGCTGAACTATCCAGATATCCTTCGACGAACATCAAGACTTACTGTTGCACCAGCCCGCAACATTTTTATCCTATGGTGGGCCTGTTGACACAATGCTCTCTACTTTCCGATCGGCGCACAGACTCAATCCAATCTTCGTTTAATCCATAAAGACCCATGTGCCCTCTACAAGAAACCCTATACTTGTGCCAAAATAGAGCGCAATGGAGACACCTTCGTTTTTCGACCGTAGTGGAATTAGCGCCAATTGGTCATCGTGTGCGCAGGGTTACTGTTTGTATCTGGGAAGTCAAGGCCCCGAATTTAAGTTTGCATCCATACCTCTGTCGTAGCAAGACACTGGGACCGAACTTGGGCGGGGGAATTAACAAGGAGTCCACGTAGATGGAGGGTGGTCTTAGAGCGGTGTCACCATCGACCTGGCAGTGGAAGAGTCTTTATTTTCGTTTCATATCGAATGAGCTAAAGCCGAAAGCGACGTACACGGGTTTGTCGAAGCGTGTGAAGAAACTTACCACCTATGTGTCTCAATGTACCTTCACCTGCAACGTTTTGAAGGTTCTTCGATATCAGACGCCGAAGAACAGGCCTAAAAAGCTTCAGACCCCCGTGCGGGTCATGGGTCTGACATGGAAGGGGAGATCACACTACGCGCGGAAAACACGCGTCTCCTGAAGGCCGATACTGGGCAGTGCTGTCGTCAGGACTCTGACAAGTGCTAGCACTTTTGCCGTATTATATCTACCACCGTTTCCAGTTATTGCAGAACCACGCTTCGCGGCTGAGCCGGTCTTATATGAAGTTTATCCGACGAGGACTACGACTATTCACAGTTAT,1940,49.02,Drosophila melanogaster
SEQ_367726,GACTCTCGCCTTAGGCTGTACACCGTGCAGCACCGTCTTAACCACTAATCCCATTAAACAATTGGCTTCGGCGGAAAAGTTCTCGACTGACACTGGACTGCTTACCATGTCTATAGACATTCGGGGCGTCTGGTCGTTCTCAGCACTACCGCCGGTGTCACGACGGTTTCAAGTGCAGGCCAGTGGAGGGCACGGGGAGCTTCAATAATACTGCCGAAAGACAGATCGCGCACATTATAGGGTGGACATTGGATCAACGAAACGTAAATGCCTAGCAGTGCCAAGTATGTCGCGTCCTAATTACGCTTTCCGACATGTTCAATTCTCACTCATACTACAGCGCCGCCATCGGTAGCTCTAAGATTGAAAAGTACTAAGTGATTATGATTAGCTGCTCGCCAGGATTAACGGTCTAATTGGAGTACTCGGCTTAGAGACGATCCATCACAGCGTGCATATACAAATTGGTAAAACTGCTCTGGTATGGCAATGCATCTTTCCGAAGTTGGGGAATCGGAAAGCCCTTGATAAGATCTATATAGATGACTGAAACAGCTATATTGTCAGATGCGTCAGATATGGATACCGAATGAGGTTTATCTGCCGTTCCCCTCGGGAAGATTACGGGCGAGCCAATCACCTCGAGCTACTCGAAACAAGCTGGTCCAGCTAGCGTATCGGTTGTTCCAACTAGGGAGGGGGTTGGCGAAATCCAGAGCCTTGCCAGGATCCCAACAGCGTTATCGTTGGAAAGCAGTGTCTGACCCGCACGGGCGGCCGGCTATCAGCTTACGTCCCCCAGCATTATCGCCGTCATG,818,50.24,Arabidopsis thaliana
SEQ_352513,TTGTACAAGTATGGTGGGACATTCTTGCAGGCCCACCTAATTGTGCGATGTAGCTTATCAACCCTTGTACATACATGAAACGTCCCCATGTGTAGGCCGTTTAACAAATGCTGATTCGTCGCCAGCCTTTCTGTGTGTAGCCCATTTCCCGCCTACGGTCCTTTGAACTGAATTCATCGCGCACGGCACAACTTTATATGGTAGAAATGTTGCGTCCTCCCCATGTGCGCGAGGAGTCGCTATAGCAATGCACAGTGCGAAGGAGGAGTTGCCATCAATATGTTAGGTGGGGTTCTGTCGTAACTACATTAAGGCGTTGTATTGGATGGCACGTACCGACGCGGCTGCTTATTGAACCCAATGCAAGTGCTGAGGGAAAGTAATCGCGCCGGGCTGGCTGGTTGTCAGTCCTTAGGTAATAGAGGTAACTGGGCACATTGGGAATTGCCCTAGCCGGGAGGCGTGATCGCTATGAATATACACTCCATTGCTCCGACAACCCTAGTGGTGCCGAGAAGCCTCGATTTTACGGAGATCTATAGAGTTTGCCTTTGGATGCAGGCCGCCGTCCCCTTAAGACACGGTGATTTCCTCCACCAAAATATTTGACTCCTGCCTAACCAGGTACCGTTCTATTGTCAAGTACGCGTAAGACAAATTGCTTCAATTTTCCGACATAAGCTAATGGGTCCGAACTCACAAACTGGATGTTGTCAGGGGCTGGTAGTCGTACGTTACGATCCTCCCCTCCACAGTTCAAAGCACGCTAGCTCCCGGAACGAAGTGGGCCGTGCGTTTTGCGAGGATCACTTCGGCGGCGACGTAAAATCTTAGTTGCGAATCCGAATAAACGTAAGTGGTACTCTCGCTTTAGAGCCGGCAGGACCAAGCAGTAGCTTGAGGAAGGTGGGTGCCTGTGAAGATGCAAGAGTGGCTGCCGAAAGCGGAGTACGCCTGCGGGGCGCCCCATACGATACTCGCTCACGGGCTTTACAAGTGGGTGCCGACCCTGGACTCAAGTGTCAGGACATGAGGCTTTGAATAGTAGTTCCAGGGGCGCCCTATACAGCGCGAGACTTGATGTAAATACGTGGCACTAGGGTGAAGGCGTAACGCTTGTGACGCAAGTTTGTCGTAAACTGCCGGTAATCCTCCCGGCTCGAACTCACGTAGACTTACCTGGTATGGCCGGGCTGTCACTGAGGGCTCCAGACCCCATAAGCAATACAACACCTCGAGGACTAGTAATTGAATTGATCAAATTCCCCAATTGGGCCGGCATAGTTGATCTCTAAATGCCTGATGTAGACCCCCTAATTGGATTCGTCCCAGCCGATCCCATTCTAAAATAGAGGGTAGTTCTAGTGTAGGCTATAGTGTCCTACAATACCTCGGCAAACCCCCTTTGGTGTGAGGGGCGTGCCGACTGGTGGAAATCGTGATTCTAATCCTAATTCAATCATTCGGCCGATATAGTCTGGTTCCGTATGGTGTATCGGACCTTGCAATCATCATTTTATAGCCAGTCCCCATGAACATTAACGCAACAAGTACCCGTGGCTGGTTTTTCGAGGGTGCATATAGTGCCCCTGCATTATATTGTGGTTCAGTCGGAAGTCGCGCCCAAGAAATACGCGTTTATAAATAGGGCGGCCAACTAGGTGGCCGATCCCTTATTTGGCTCTTCCCAG,1691,50.74,Mus musculus
SEQ_969251,CACTTTTAGACCAAGCTTCTCCTAATTGCTGATATGAACCGCTGGATTTGGATCCGACGCCCGTTCAACGATCTATAGTCGTCACATATAGCATTGATGACCGATTAGCCAGACTGACTGTCAGGTATGAGCGGGACGCGGGTTGTCTTTTTAAGTGGGTGAGGCACATGGGCAACCTTCACGCAGGTAGTGCGGATGGTCTGCACGGTTCCGTAGTATGCGTAATCGCACTGTTGCCAGTGCCACTTCTAACCAGCCCCTGAACTGGTCACTTCAGTGCAGAAGGAGCTCTCTAAAAGCATCCGGGTACGGCAGCGTTCCTTATGACAGGCCGTCGCACGTAGTGGCTGATCGGCACCGTTTGTTTATGAAATACATGCACGGAATCTACGAGTCAGCGCTGCGTGGTGTACAAATCATATATGAGCACCGTTCATGTCTGGCGTCTCCTCTTTTATTAAAGGAGCCTTTGCAACTGTTATTTAAAATTCAAGCGCTTAGCGACGGCGTTACTCATGGCCTGTATGAGGCGAGCTTACATCGGCTATAGAATAGATTAAGTCGTGCAACGTTATCCGAGGATCACAATTATCTTATGGCTCGTAACCTCTAAATCCTGAGGCACCGTAGATGGACGGGTTTGTGAAGTCGCCTTTAAGGAAGTACGCGCCTTCGAGGGTAACTCGCTCGGCACGCGGACATCCGCCTCCATCCAACCTCTACATCAGTACGTGCCGCACAATAGTTAGCAGGTACGAATTCAAGAGCTTTGGGGCCTCGTGTTACTACGCAAATTTTGCGAAAACGACGCTTTCCGTACTAGAAACCGCCTCTAGACTTTCGGTAGGCGGTTGGTCATGACGCTCAGCAAATGGCAGCCAGCGGAGGGCGGCATGAAGGCA,902,50.67,Escherichia coli
SEQ_954121,CTAGTAGCTCACGCTCAACTAGTAACACGAACAGCCACACTCGCCCGTCGGGACCCAGTTAGTAAACTATGACTGGGGTAGCATCTCTGAACCCAACGAGGATTCCGTTGGCGGATACGAATGCAGACGGCCAACGCTTGGTAGGCGCGTGACAAGGCAGGTTATCCACGGTTGGTCCTGCACCTGGCCCTTGGCCTCAAGTAATAGGCCACAGTCACACTAGTATACGCGAGCGTTAACGTACTTCGAGTGGATAAAACGTGAATGGGGAGCGATTGCCACGAACCGAGAACGAGAGCGCAGCGTAAGTACTGCGTTGAACAATTTGAACGGTTATTGAGCGATGGATTTTCACACTACGCATCCGCACGGTACCCATTTGAGCCGGTAGAGCCTTCCTGCGGTTGGGTGATCAACGTGACAAGTACTCGCCCGTGGGTTTAATGAAGTATCTATGCAGCGACTCACTCTCCGGAGAGCATCTCCCTCTCTTTCGTCGGGAGCTCCGCGCGCTAATTGTCGCAACCTACCCCAGTTAGTTGGGTTATTAGACAGCATCGGATCCGAGCAGACCCATTCTCAACGCCCACCGAGGTCACTTCAACTAGTCCGTACTGACAGCCCCTGTCTCGAGAGCAACGAACCACACCAACGCCTGTCTCACCCTATCCAACTAACTACTCAGCGCCTTGTTCGTATCTCCTGGAGAAATCTAATAATGAGATGAAGATCCGTCTTTGTTACTCTGGGATTAAACTAAGGGAGTTCACGCACATCCTGTGCCTAGGAAGTTATCGAGCTATCCGAGGTCGCTTGCCCATGTCAGGGTGACGTAGATTAACCGCACTCCCTAAGGGTTTTTTTGAACTCTAGAGTCGTTCGTACCGCTATTCTTTGCGCGATAAGGCGGTTGAAATCGAATTGTTTCTTGGAAGTCCGGGACTTACGAAACAGGGCGGTCACGAACTCCGGTAAGAGCCATCGCAAGATCTGGTTATTGGATAACGTAAAGCTATCTCATGCAGGACGTACGATGCACCCGACCCGAAGCCCGCAGGATCAGGAGGTAGTTCTGGGGGCGAGCTTAACTTCTTATCGGCAGAGGTCTTCAACTCTTGTGTATTAGAAGATCTTTAATAATGCCCGTTTCTCAGGTATATGACCTCCAAGGTTTTTACCGATGGAGGCAATACAGGAATTTTGACCAAAACCATCGGAAGTCACGTTGCGCC,1232,51.06,Mus musculus
SEQ_293783,GCTTTAGATAATGTACATCATCCGCGTTGTAAGCGGTCCACTGTTGTCTGAGCCCGGCGCGAAGCTACCCACCGGTACACCGAGCGGGGATCTAAGGAGAATTCCGGCAACCTTTCTAATCTCCTCATATACCACGTAAGCGTATAACGTCACACCTGGATCAAGGACGACTAGTACGTATACCCTCACCGTCCCTGTACATATAGTGCTCTCGGAGCGTATGATGAAAGTGCGGGTAGGCTGTTACTGATTTCTCTTACGCATAATAGAAATTTTAGAAATACCTATAAGCATGAAGATCGCGACACCTGGGTCGAAGAGCGTGTCCCAATGCGTTTTTAGGGAGCTGTTTCCAGCGAACCATCAGACCTTTCAGTTTCTGGAACCGGACTAGAACCAACAGGTGTGTCTTCTGATGCTAACCCAAATTATCTGTGCCCATATATTATCATCTGATAGATGTGTGGTTTAATCGTAATTCCTTAACACAAAGATCCAGCTCGGCTGATTCAACCCACATAACAAATGTGTACGTAACTATCCTCTCTGTGCCACTAGTTCTTTAGACAGCGCGCTGTCTGACAGAAGCAACAGGTTCAGTACTCCGGGAAGGAATAGACCAGGAGTATTTGCCGGAGATTGGCCGTCAATCAGAGCTCGACTATTAAGCCTTAATCCACTTCCGATAAAGCCAGGTATTTGGATTCCTTGTTGAGTGAGGAGTTTATAGGGGTTGGACTCGGCTTAAGGGATCAACTGGAATTCCAAGTCCACTGTGTATAGGGTGGTTCGTTAAAGGTTGGGCGCCAGGACGCCTGATCGAAGTTGGTTCAGGTTTAGTATTTAGGTCTGGCCATGCAGGGTACTAATTGGGTGAGCCATAAAGCTGTGATGAGTCAGCAGTACTTTTAGCGGTGGTGGCAGTTCCACTGCTTAGGAAAAACCTCAAGACCTTAAATGTAATGGCTCCGACCCCTGCCTTCTTAGGATATCGATAAGAGTCGTATAAGATTAGCCATGATTATATCAGAAAAACATTCAGAGAAGGCCGCAGCCTTTATCATCTCCTGCTTCGAATCGCCGTGCAGTGCGGAGCCTATGTTGCGCTCCGTGCTTTCAACCATTTCGGCATGCCTCGGAGCTAAACGACTTGACTATGGGTGCGACCACTGAAAATGACTAGTTTTAGAAGACGCGTTTTCTCTCGAACGGCCTATGGATTGTAGTCGTGAAACGGTGAGGTGGTAAATTAGCGAATAGACACTTGAAACGCCGCATATAATATACCATGGTGTACGCACGCAAGTTGGCAGTCAGCAAGGTCCGATTGGCCAAGACTATGGTACTAGCTATTATTAGAGCGTTAGATCCTTTGTATGCTTAGTTTTGTCGTAAC,1396,46.63,Caenorhabditis elegans
SEQ_766831,TCTTAGAGCGACGAGGAAGTCGCGCAATTTCTCAGAACAGTGTGGTGGATTCGCACTTATAACTAAAGCTTGACTTGAGGCGACGCGATAGAAAACACTCGCATCCACTGGCATGTTTAGCTAGATACTCGCGAGCAATGATTTGGAGCCTGGTTGTCTTAAACCATGGCATAAGGTTGCGCCAGTAGAGAGGAATGAGCCCAGCATAGACATAGTGGGCGGACCCTGAGTAGACTCGAGGAGATTCCTTGGGACTACTACGGATGCTGCCGGGAACAGCTTATCTCTCCCGCACCCGATATACATTTGGCCGCACACGACTCTTTGGTCTAGATAATATCAAGTTGTAGGACGTCAGATTGTCGAAAGAGTCCTGGGCGCTTGAAGATCCTAGTGTAATGACAGATGTCGTGAACCTCCCACCCACGTTAACCATTTCCCTGGCTATGAGGAGTCTGTAGTCACCGGAAACTCGAACTCTTGGCAGTATTGCACACACTACCTCTCAGTGCTGGAGGGAATTCCCCTCTTAAGCCGGCCAGAGGTTAGTTCTCTGCACTGTTTAATTCGATGTTGGAAACGACAGGCTCATTGATGCGTGGTGGGCTGACTGTTCCAACACCAGGGTAAAGAGATCCGCTTCAGCCGGTTGCCAAAACTTAACCAAGCCATTTAGCGTCACCCACAAGGGAATGACTGTGGGGCTTGAGTTCATAATAGAAGGCAGAGGCCTTATCTGGCTGAATCCAGCTTGTCGTCCTTTACCCCTACTCACAAGTTCCAATTCTACTAGAAAACACAACGCCCCTTAAATGTAAGCTTGATGGGCCAGCCGCAACAAGAGGGGCAGTTCCTTACGAAGGTTCGTCATTGGCGCCTCTCGAGGTGGGGAGGGTTATCACAGCGGAGGGCGTACCGCCTTTCATTATACGAATGATCCAATTGTCGCTTTAGTTGGACCTGGATCCGGAGACATAGCTAATCCAGACAAAGCTGCAAACATTAAGGCCCATGCGCCGGGCCGAATTCTCGTCTCGGCCCTAGCCATCCACACTCTACCGGTGACGACTATTTATCGAC,1080,50.56,Caenorhabditis elegans
SEQ_755001,ACCATCGAGGGATACATGCCCACGTAGAATCAAAAGCTCGGGCCCATGTACGTTTATAATCGGACAAGACCGAGGCGGCTAATTGGATGGTTAGTAACTGCGATC,105,49.52,Arabidopsis thaliana
SEQ_332986,ATTCGATTTACCATATTTCGTACGCGTCTGGGATTCATCGAGGTAGCGCATGAGAGGACCCAACGAGGCTCGACAGGACGTCGCACGTACCTTGGTGCAGAAAACTGTTTAACCTTTCCGATAAGATGACGCCTTCTCCGATCGAAGACTGCCCATGTTTCTTTTGAACCGCTTTATAAAGCTGAAGCGCATAACTACTGCCGTTTATTATGTAGAGATCTAGATGAAAGTAGCGACGGACGGCTGATTTAACGGTTGATGCCGACACTTGAAACTAGTCTCGTACCCGCTTCCTCTCGCGGTCTCGTGGGAAGGGGGTGCGAGCCCACCTTGGTTCGTCCGGGAAGGGGGGCGCGACTGCCCATATCATCATCGAGTTTTGTAAGACAGAGGATGAAGGGCTGAGATTGGTTAATTTGACTGAATCGGCATAAGAATGCTACTAAGACCGAAGCTAGATGGAGTACAACGCCTGGGTCTAGCCTAGAGTATAGCAAACGGTAAAATCTTCACTAGAAAAAAGGTTAGTGGATATAATCAGTGATTCCATAACCGTTAGCGATCACCGGGTTAAGATGCACTCTTAATAAAAACCCGTTTCGATATATACGCGCCTCGAGGGGGCTCATGAACTCGACAATGCGCTGATGATCAATACATGCCAAGTCCCTGACGTGGGTTGGGCGCCTCGAGGAGTCAACGCGATGGAGTAATTTACTAATGCCGGTGGTTAAATGAATTCAAATCATCTCCAAGGAACTAAGAGCAGAATCCCCTTGTACGGAGTTGGGCATGAACACACTGTTAATCAGAGAAGGCCACACGTTCCCGATGCATTGTGGCGAGGCAATTCACGCGCTTGCGGTTTCGAAGGTATCTAGGAGGGTCTTCCTGGAATATCTACTTTCCCAGTTTACCAGTCTGGCACGGAGATTCGGTTCGTTACGTCTTCGACCTTGGCCCAACGCAGGGGTGAAAGTCGACGCGCACGGTTCATTGTATCTGCTATCTGAAAATCTTAAATAACTGGTAATAGTGAGTGCGCGCTCTGTTGGGGACCTTCAACAAATCGCGCCCTCCAGTTCTTTCTGTTACGTTGTTACGTTTGCTTAACTTGGGACTACCGTACCTTTGCGCTACCTGAAGGCGCAGTGCTGCTGACGTGGATTATCTAGAGACGGCAAGAAGCATTCACGTGGGAGTGTTGACTGTGGTGCATCTGTACAAACGAATTGGACTACTACACGGGACCGGTGTGGGTACACTCGCAGCCACACATACCCCTCATCGAGGAGGGTTCGCAGATCATATCTGATTGGCGTGGGAAGAGCCGTTTAGATGCGCGTGAGATCGATTGATTTTTGAATATGCTAACTGAAGTGATGAAATCCAAATCCAAACATTGTCGTTGGCATTTCGCAATTAATTGATCGGTCGAGACAGAGTAGACTTACCGGGACTGTGATGCAGTTTTATCTACAAACCGGACATCCGGACCGTAGCAGAGCATACGACATTAACGCCCATACTGAGACGATTATTATGGCAATCGAGTCACACGTTCGCGTCAGACGACGCCAATCACATACGGTATCTGGTGCAATATATACTGTGAGGCGTAAACTTCGTAATCGCAACAACGTAATGCGGACCCGCGGCGATACGAGTGCCGTCCGTTTGAGTACGGTTATCGACTAAACCTGCCATCGGACGGTATGATATTCTAGATTATCCGCGGGACGGAAAAACCGCCCGCATGAGTATGGTTCGGATTCCACC,1779,48.85,Arabidopsis thaliana
SEQ_806174,TAATCTGAGGGTACGCTAGTCGGGACATGTGCGTGCTCCCGTACTCGTCCCACTCCTATGGCGGGGCGCGCGCCGTTTCCGAGCCTCCGGTTGTCGTGTTCGCTGAGACGCCACACCGCTCCGAGTCGTTTTTCAAGCGTGACCGGTTAGACTAGTGTCTGGGTGGCAAACTTTTTCTTGTTCACGAGATGATGATGGTAGGTGTTTGCATAACACCAATCCTCTAGCCCGCTCCTTCGTCGACGCTGCGTC,252,57.14,Mus musculus
SEQ_160439,TAAGGTGATCGGTTCTGACGGCTTACTCTCTACAGTGCTAACGAGAAGCTAGAACGGAGGAATCAATGAGCCGATCTGATCTAGAGATTATGATTGTTGGGTGCATGGAAAACCCGCCTCACGCTAGGGGCAGAGCATGATTAGCTGAATACGCAGACACAGTAGATAACCTGTAAGAGCTCCTCTTGCACGTTTGGTTTTTAGATGGTCTCCACGGAGTATTATATTGCTGGGGTCGCGCGTTTGCCGGTACGGGGTCTCTTTCTCTTATGGGTAATGCGAGTGCTGTTCTCGCATAGCCTAAATCAGTCATAGCAGGATTGCTCGCTGGTTAAAGCTCATCAGTTGTACGCCCGTGCGCTATCGGCAGGACCTTCTGAAGGGTGTTGGGATTTTAATCCCTCTAGCTCCGAAATAGCGGAGTGCGGGCTTCATGCGTCCGAATATACAACGTCCAGACACGAGTAAAACCCCGATTGCGTTAGCATGAATCGCCCTCCGAGTTCGGTCCGGCTAGTCCGCCGAATCGCCACTGTCAATCATTTTGGCATTGGCATTGGACCATCAGTAAGTCATGTCGCGCTTCGGGTCAAAGAACGTCTAGGTAGACGTAACTGTAGATAAGGCCGCCTGAACCCTATAGCAGGTGTCGCAT,655,50.53,Caenorhabditis elegans
SEQ_204003,CGAAATTACGCGCTGGAGCATCAGTTGTGGCACATTTGAACCAAGCGTAACATTGACTATGCACCTCGCCTCTGCTCTGGCCGGTTACCCGTGCTACTCTAACCCGCCGAACATTAGGCCTCCAAGTATACAGGTGCTACAGGTCTGATATACTCTAAGCAATCCGGCAGCGATACTACAGTAGAGAATATGAATATCAGGCCATACCAAACGATTGGTAAGAGATTTGTGTAGTCTAGAATTCGGCCGAGTTCCGTGTCTTACGCATCCCAACGCGACGGTTGCCCATGGTTCACTGGCATCGAGCCTAATCAGACGAAACTCGTCAATCGGGGCGTTCTTGAGCGACCTCACTAAATCACATGTATCGACGCCTGACGTGGGCTCCGGGCACAAGTCAGTACTAAAAACGACTGCCAACAAGCTAGCCCGAATGGAGAATTGTCTTGCGCTGGTGCATATAAAATACCCGACAGAAGCCGTAACGCTCTGTGATCCGATTACCTCCACGTGAGCACCCGTGTGCTGAGCTCTTCATGCCACTCGTTAGAGCCTCCGGGCTTGGGGATCCTGGAAACGTATGCTCTTTGGTCTCTAATCCATTTCAACTCACCAGAAATTTACGGGAAAGTATGAGCGCCAAGCACGATGACTTCTAGCACTCGGGTCTTCTCACCTATCGTTAAGGCGATTAGCTTAATGAGGGCCTATTGAAGAGTAAATCGCCCTACTGCACGGTATGCGTATTCTTTCACATATCCGCCTTGTATATTCATATCCCATAAATCAAATCGGCGGGTGGAGGAAATTCGGTTCTTGTTGCTCCAAACCCTTACTGCTTATATACTTCGACCACGCGACATCGACTTAAGGTATAGAGCAAGAAACTCTCCTATGCGACCTCAGTCACGATGACCGGGCACACCTATTTGTGACATATTGTACTAAACCCGCCCAGCGATAATGGGTTTTGTCTAAACCGTCTGTCGATCGGGCTGTGCCTTCATCCTCTACATATATCCTGGTTGTCGACTGCTACAAGGCAGATAAGTCGTTGGCTGG,1062,49.15,Drosophila melanogaster
SEQ_850061,GGTCCCGGACTTTTAAGGATTCGATCCAGAACGGAGGGGGAATGTGGTCCCTCTGGTAGCCGAGGGATACAATCATCACCAAAAGATACTTCCAATTCCCCAATATATCTACTCCTAGGTTAGAGCCCAGTCAAACATACTTCTTATTGGTAGGGCGACTACTCTCAATCAAGTCGCAGGAGGGGTATTGCGGCGAGTTTTGTATTAGCTAACCCCTCTCTGATTAGGCGAGCGTACTCGTGCCCATCCAGATGTGTCATGATATTGACGCGATGTTTGGTTACTTGCATTCATTGTTAGTACACTTCGCGTCGGCGTCATCTCACGGATAGGAGTCCTAGACGGCCTTCTAGACCTCCCACGGAACGACACGACACCACCGGCCAGTGTCTGCAGCGATCCCACTTCGGTACACTCTTTATACAAGAATTAAATGCCCAGCTGAGCATCAGGATTGGCCTGTCCGTTTTGTCGGAGCGTGTCTTAACCAACTAGCCGGTCATACGGCATCATGACTTCTCGCAGTCTCACAATATCCACCCCCACAGCTTGTGTGCTTGCGACGCATTGTTAAACAATCGTGCTTGACGTTGGTCGACCAAAGGACATACCAGGCAGGACCGCCTGTTATCATCCCATTGGGTATTACGATCCCATT,658,50.15,Drosophila melanogaster
SEQ_898392,GAGAAATGAGAATATAAAAAGCCCTAACTAGATCCCCGCTTATCGCGTGGAGCCCTTTCCCTCACCATGTGTGGATTAACGTCACGGACCCGCGTATCGCTAGCCTAGGACAGGGTTTCCCCTTAGTCTTCGGTTAGCATGCATGTTCGACGAGTGGATCTTGCATGCTTCTCGAGAAGACGCAGGACAGAAGTACATTCAAAACACTATTACTGCACAAATAGGGCGGCTGGTTTTCTCTTTTTAACGGGTTGCCTCCGTTGGACAATAGTCTGTTTCTTTAACCGTGGCCGTCGCCCAAGCCTTATGCTCATTTCTCCCAGCTACTTTAGTCGAAAGTCGACCGGAAAGTACGTCGTTCTACTTAGCGCGTATCA,377,48.81,Mus musculus
SEQ_310591,TTTTTAACGGTTACGGAGCTTCACTGGCGGAAGTGAACAGACTCGCGCTTCTTGACCTCGGTGAGTGCGTGATGGGGCAGGGCCATTCCGCAACTTAAAGACAAAGTCCTTGGTCATATTCAGTTATGTCAGTTATCTAGGTACCAGCTATTTGAGATCATGAAGCCGCCGTCCGCTTTGACTCGTTCATCTGCTTCAAAGCCAATCCGGCCGCCTGAAGTTCTACCGCGGTCTGTGTAATCTGGCTATAACGTAACAAGTCTTTGGGGTGGGAGCAAATCTTGGCTCGTGTCGGAAGTCGCCGGGTGAAGGAGTGGCTGATTGTCTAGTAGCATTAATCCGACAAGTAATGACCCAACACGAGGGGGCGCTGTCTTCCCAACTGGTGATCGGAACTTGGGTGGGAACCCCCGTGTTCTTGCCCATGAAGCTTCTGCCCGATGCGTCATGGACCGTTATCGTTATATGAGGCAGGACGTCTTGGTCAAGAAACTCGTTTTTATGCTTTTGCTCGCATTTACCTTACAACGTCGCACCGTACTCATGAGATCAGTGGTTCGTGCTTTGAACAGCGCACATGAGGTTTTAAAGCACCCCCAGCGTTAGCATGTCTACAACCCCGACGCTTGATAGGGGTCTTCCGATGAGGACTCAGTGTCCAAATAGTTTAACTTCAGGTAAACACAAGTGGCTAGCGTGCAGTTGAGAAAAGATGTGCAGCCTTGTGTCGGCGATCTAGTTACTTATTCGCGTTTTATAAGCTAGGGCATACGCTTCCGTGCCGCGGTTGATTGTTGAACAACAAATGTCAAATACGGACACAATCCTTATGTACCCTAAACGCGTGTAGACTGACATGTAAAGCGTGTCCTATCATTACCTGCGTAACTAACGCGCTGTGCTAACTCTGCAGGATCTCACAACTAGCGCAAGCGGGTAGGAGGATTTGACCGAGTTAGATGCATAAACAACTATGCTACATGCATGTGACGTCTTATTACCGGACGAGGTACAGGGCCCACACAGCCGAATGCATGTAGTATGTAACACTCGCAGAGGGGCGGGCCACGCACGTCGCCCTTACTAAGAGGATTCAGCACGTGTTAATCACCCATGAATTTCACAAACGCGGCCTTGACTAGATCTAAGGATCTTCCACACATGTATGTGGACGGGCAAGCAATTCAAAAGTCGTCGTAAAAGTAGTCCAGATCTTCATTTCCACTAACACTGGCTACCTATCCAGTTTGGAAAAGGTTCTTTTAAGAGGGCGGGGCAGACTGTGTTTGAGGTGTATTTAGCGAAGGTATAGATCAGCATCTGAATCACTCTAAAGCTGACCAAAACTGTATCAACGGGGACCGGTATCGGAACCACTTCTTTCGTGTACTAAATATTCTGAAGACTATAGTATATAAACTCCACTCGCGGCTCCAGTACTTAGCCGTATCAGCGTTTGGTTCGGTCAAATTTACTAACCCCGTAGTCACAAAGATGTTACGAACCACGTGATGAAGACCCAAGACTACAGCTATCAGTCTGTCGGCAGAGTACAATCCCGTCCTGGGTACGAGAATCGATCGTTGGAAGGTGTTAAGGGGCGCTCAACAAGCTGGAGGCGAAAATCTGCTCACGTAGGTCTACCCAACCAATCGGCACTTACGGAGCTCAGTCGTATTTTGGCGTCAGACGCAGTACGGCAGACCGAAGACAGCGGTAAGCATACAATTTACGTGCGACATCATGATTGAGGCGCGGTTCCTCGACACATCCCATCACATCTGGACGATTAGTTTGCCTGTACCGGCATACCCGTTCCAGGCTATCGGCGGCCGTCATCACATCAATGGCTTCAGTCTCGATATTCGTATTATTCCTTTGTGAACTGTCAAGAGGGCTAGCTATCGGCCCGTACAGACCATTTCGTGGCTTGAGAGATACTTTCAGTGTCAGTGGTCGGCCGTTCGCGATC,1972,49.14,Caenorhabditis elegans
SEQ_441233,CGGGCACGTCAGAAGCTGTCTTTGGACGGTTGGGTCTATTCATATGGCCAATGTATCGACGGGAACATCAATGACGGCTCTCAGCAAAGGACGTCGGAAGGTACCATAAAGCAATTAGTACTGCCCAAAAATAACTCGTGAGTAGATCTAGCACCGCTTGGGCGCAAGTTTGTGATAGGCACATCGCTGCACAAGACACTCTGCGCGATAACAGTACTCCTCACCGCTTACATGTAACATGAGGCGGTTACAAAGTCTTACTATCCGCAGTATTCACGTTGTCGAGTTCTCCCACAAGCTCTATGTTCTTTTTAGCCCATGCCGGAAGGAGTGAAAGCCTGTACCGTGTTGTAATGTAGTCTCTATGTAGTGCAATGAATGAAATCATTAGTCAGACAACAAACACCCAAATACATAGACGCCCCATGGTCTCTGCTACCCCACCACAATACACAGTAATCTAAACGACCTGCACAAAGGTCTCTGGTAGCTTTTCTGTACACGTCGTCAAATCGATGTTTAGAGTAAACCGCGGGCGTCCAAGATGATCAGCACGGGTGCTTTGCGGCTGTATCCACCATGTGCCGACTGTGTCTTTATCCCCGATGAAGACGGTCATAAAACTGACTCCCAGCCTGAGTGCTATCTATTCAGCACCGACACTGACTCCCCCCGAGGCTCCTGACGACGGATACTGGCCTCTTCCTAAAACGCTGATGGGCCTTCTGCTTTACCCAATCTAACGTCATGGTGGAGGAGATCTTTCACTACAATGCTGAGGCGAAGGTAGATCAAGGGCTATAAATCGGGGATCGACACGATTAACACTTCCCTGGACTACGTCGAAGCCGTAAGGCTAGCCTCATTATCTCCCAGACGTCCCTAAGGCATAGACCTATTGAAGCGACCCACGGTATACTATTGTTTTGTACGAGCTCGTTTAATGTTGCGTCAAATTCCATCCGGTGCAGCAACAGGAGGTGTGGTCCGCAGCGGAAATTTGGTATCGCGGAAACAATGAAGCAAGAAGACCGTGTAGTACCTCAATTAGAAATCCACTATTAACGCACTTCCGTTGAATGTCCTAACGAATAGTATTCTCGTGTATGGTTGCGGGTTTATTGACCGCGTACGGCGTAGTAGTGTAAAGTCATCCGGTTGTGACGTAATGGAA,1174,48.3,Mus musculus
SEQ_298952,CAGTTCCCAGCCCTTGAAAAGAGTTCCTAGGCGTAATCACCCTCCCAGGTCCGTCAGTCCCCGTTGCAGTTAGTGTGGGTATTATGCTGATTTTGTCTAGAAGTTCGACGACCCGCTACTCATTGAGAGCAGCGGCCGGAAGTATGAGTGACAAGAATGCTCCAAGACCCTTGATCTGGTCGACTAGACCTCCGGGTGAGAAGGCACGTAGTAGAGTAGAGCCCACGCGTCTCCGTCTCCATATCGATACTAGGTAGAATAAAATCATATGGGATATCATGGTAAAGCACTAACGAAACAGCCAGAGAAAGTAAGAGGCCACGTGCGATACTGTGCGAGTGAATAGCGACCTTTAGCTCTACCAGGACTATTTATAAAGGCAGGAAAAGGCACAGGGATCTCTATCACATTGGGCGGTGGTGTTACCGCTACACGGAGCAGGGATCATACTACCGACGTCGCGTTTCTAGATACGTCAGCACGTGTGGGCCAATTGTACGCTTTTGGTTCGAGCTGTCTGAATACTTCGTAGTTCGGAGCCGACCTTTCGCGGGTCGCTCAACCAAATGCGTAACCCTTGATCGACATTTACGGCTGGTAGGTATGTCGATGGAATGTCTTAATATTATCCGATGATGTAAGGGAGCACTGATGCGAGCATACGGGAGCGCGGCGCAATAAGGCCTAACTGGTCGCTTCAAAGTATCTCAGGATCGGGACGCTGGTTCCCAAGCCGGTCGTTGGGCCTAAAAGATAACGGGCACCACCCAGAGCTATCACTATAGCTATAGGTAGCGACGATTTGCCTCCGAAGATGAGGGCATCGTCTGTCGAACAATACGCCGAGAGACCGTTCAAGTACATGGTCATTTACATTGTTCGCAGGTCTTACGTCCATTGTGCAGAGTTGATATCTTTATGTACTAATACCTAGGCCTGCCAAGTTAAAAAGACCATTGCTTCCTCTCAACAAACTTAGCCGTCCTGACGCAATAGGCTGCTAAGGGGTATATACCTCTAGCGTAACAACTCCCGACGAATTGTCCAACAGTTTGTGACCAGATGGATTGTGGCCCGTCCGCGATCTGTGCGAGAGTTTGGGCTATCTTTTTCGCCCTGCAAGGGTGGCATATTGTGTTCGGTTCACTCAATTGGGAATGCTGCAAGTTGAAAGAGATTTGGATTTTTTGATGGTTACTATCTTCTCGGGGAATGGTCATCCTGAATTTTCACCGTGTGCATTTCCATACATAAAGGGCCAGACAGGATCACGACTTCCATGTTCCGCGCTATGCGCAGCAAAGAGGTTGTAGATTTTTGTTGAAAGGCCAAGCTGTTGGCGTCATGGGAACGGATGATCACTCGATTGGAAGTTTCAGTGTTTATCCGCACAGAGATTTGCCCTTTCTTGCGGCGCTTCCCAAAATTAAACCGCGTGCAACTGCTAACATATGACGTCGTAGGCCTAAGCCTCGGGGGTTCGATTGTATCCGTCCGTAGTATGTAGCCAGAGTAAAGTTTGTAACATAATGGATATTTATCTATATTAGTCAGATAACAAGTGCGGGACCGGAGCGATAGAAAGTTTTATCATGCAAGAGACCGCCACGTTTGGCCGCGAAAGGGAGACGCGTTTATGGCATTTTCTTAGATCCCACAAACTCTGTCAACGTACGAGATGATCCACATATTGGGCATTGCCTCCCAGTGTAGAGATTCTGGACGTCCTGTGGGTTGTGCAGTCGCCGTGTTGGGCAAATACGCCCCTCGGAAGACTACCGTCAACTTTAGTGCCACTGTTCCCATCCTCTAGCGTTCTATAGCCATTAGCGTTCCAACAGTTCTGTGCACTAAGTACATGATGGTCTGTGTCGCCCGAAGAGATGGTGGCCTTGCCATGATCACTGCCGGAGGACTATACAACGGTGCGAT,1932,49.07,Homo sapiens
SEQ_449354,GAGCGAACGACTCGGTGAATCTAACTTTTGTGCCGAGTGAAGAGACAGACGCGGGTATCTGCGACCTCCGGCATCTTTGGTCTCTCGCGCTGGAACGTAAAATAAACTATCAGTACGCATTGACCACGAATGTATAGAACTAGACTAGGCTAAGCGGCTACTTATTGATTTTCACAGGAAAGGGTACCTTCCGCACAGAGTGTTACCCCTACTGTGGCAGACCGACGGCTCCTATTCGTGCCAGACGAGTCTCCCCGCGACAGTAACTGATAACCCAACGTCAACACAGCTTTGGGATTGAGGACGTGCTTCTGCTAATCTTGATCCTGGTAGTACGGACACCCTACTCTTGAAGCCACTGTAGTCAAGCGCTCGGCTTCGACGTTGGTCATGATGCCGCCGAAAAATAGTAAAGCAAACTAATAAGCTCGTCGCTGGTTCAACTATCTTAAACACGAAAAACGACAGTGCCGCTTATGATACCTGCGTTGACGATGAAACAAAACGATGAAAGATGAAGTACCGAGTTAAGTGCAAACCCCCACAAGATGAGAATTCTACCATGGCAATTAGGCCTGATACTTTTAAAATATTCCACGGTTGACTTGCGGATTGTTTCAGGGAAGCACAGTAAACCCGAGTTGGAAGCTAACGCCAGCTGGCAAATAAATCTCAATCCAATATCGTGCTACTCTGGCATGACGGAGCGAAAGAGAGGTTCTCGATCAGGGAACTCATGAACCTTAGGTTCAGATCGCATAGACGTTTGATGACCATGGAGCAGCACTAGGCTTTTCCAGTTTGGCGGTATTTTAACTTTAAGAAAACCGCCTATAAGAACGGTTACTCGTATAGGATGTTTGTGCTCGGGGATGGGAGGGCTATGCGGTAGCCGGAAGGACAACCTCTCATCTCCGTTGCATAGTTTCAACCTCCCCGAACGAGTACGCGAAAGCTTACCAGCGTAACCTCCTTTCTGACATGCTATACGGCATGGAGACATAGCACGGCACACCGTATTTAGTGTACTAAGAATGATCGACGGCATCCTTAGATCTTTAATAACATAGGCCGCGCATGCCCTGGATGCGTATGACACAGAGGGGGTCCCCCGCCCCGGTAGTGTGCGCATAATTGCCATCCCAGGTTGCAGGCGAGCCTGTAGTTTGCACACAGGCGTAACTATAAGTAAGCGGATCACGAATCTGGAGGGACCTGAGAAAACGGTTAACCGGTCCAAATTAGGTATT,1250,48.64,Drosophila melanogaster
SEQ_629468,GAACGCTATACACGATGCCGTCGACCGATCTGTAAAGCAAAGCGGGTGTAACCAAACTGTCACTCCACGATGGTTGTTGGTATATTCTCGTTGTAAAAACTACGCGATTTAATGACTGATGTGCGATCTGGACGTGTCACAGCTGTGTCCCATGATACAGCTTTCAACAGATGGGCCAAGCTACTTAGACACGCGCACACTGGTACTTCCCAAGCTGTGCGGAGATCTAAGACGGCCCCTGTAACCAAAGCCTCTCGCGGCCTTATGCAAGAGTAAGGGCGCACCCGCTTAAATAGGGCCGAGCCATGAGGGTGCCTCTAGAGATCCCGTTCAAGTAGCTTGTACACCGTGAGGCCCCCTTGAATACTTAAGCATCGACGAAAGTCTGCCCAGTATAAATCTAAATTTTGGTCGTATTCGACATGAAACCACTCGATAACATAGATAAATTTGTTACTGAATAACTGACCGCGCCCGCCCCCTTTGAGTCAAAGTCATCATGGTATAAACTTATTTGTAACCGGGTCATTTGAAAAAAAATGCGCGGTGTGGGTAGAAACATGCACCTCAGTTGTGGGTCCCAGAGCTGGCGATGGACCACTTTGGACGCTATGAAATGATACGGGCGATTAGCTGTAATTGCAATTCAAGACGTACATGCAATGTCGATATATCGAGCGGTCACCCTGTACTCTGTGGATGATTACAGTGCAAGAGAGGTATCCGTGGCTATTCGACCCTATACTTTTTAAAGCGCGGTGCAGGGCGGTCGTAACCGATACCTTGAAGGGGCGTAGCAATCTAATACTACGGCTAGTCTCGATTACCTACCGCTATACTTGATTTTTTCCGAGTAAACCTTAGTACACAGTGCATGTTCTGTAACCTTTATAGTGGAGGTATGTGACAATGCCATTCAAAGTTTCTCAACGTTAATCGTTAAACCTACTGGCGTACGCATGTATGAGATCTGCCCCTCTCCAACGAGGAACCCTGCCAACATAGACGTGCAGTAACCGCCTTCGTCCAAATGCAAATTTCCGGCGTCGTTGTTTTCAATCTTCAGAAGAGTCCTTAACACTTTAGCAGCGTTGATCGAGAGTCAGTCCCCACGTCGTCAGCCAACATAGGTCTGTAGTCCGTTAAGCATAATGCCAGTTGGTATTGAGATCACTCGTAGACATCCAAAAAAGTATCAACACATGGTAACCA,1212,46.95,Mus musculus
SEQ_833673,TAAGACAGTACACGCGGAGAATCGTTACAAGCACATTAAATATATATGTCCACATTCCTCCCGGTGGCGATTTTGCGACGGCTGGGTTTCGTCAGTCAGCCGCTTAGAGTTACGCCAAATCGAAAACGATCTGAAGGACTTCAAGGCGTGGAGTTTTCGATCATTGCACCCGGTATGTTGTTCCGTACACGTACGGGAGCCCCTCCTATATTGATCAAATTAAAACGCACTTTGTTTAGACTCTTGCTTCGGTCCACTAGCTCGATCCTGTAGCTACTTTAAGAACAGCAGCCTATTCAAGGTGCTTAGAATACCCGATCGTCTTGGGGAATACCCCGTCTACGTGGACTGGCCGAACTCGGTGCACCGGTCGTTGCGTGCGGCTACAGATCAACCAGTTATAGGCGTTTTGCGTGCTTTTCGGCAGTTATCCTTATACTCACGCTAAAACGCTGAATTGCTTTTCGACGAGTGGCAAAGTGGTCTGGCCAGTTAAAGGTTGTATGCCGAGTTTTCTTCCTGATGGTTGTGTTCCCGACTCGCGCCACTGGGGCCTAAAAAGCTCGGCACACAGTGCTAGGTGCACTGCCGGCACCATGCTACGGCTAATGCTACCGGACTTGTTTTATGGGTGTGCGATACGGTTCTCTAAGTAATGTCCCTTCATTTAGATCCATACGTGAGGGAATGCTCTCTAAGCAGTTCGGGTGTAGCTGATTGGTCCTGCCTTAACGGTGGTTGGCCAGCTCATCTAGCTATCCGTTCGCACATTCCTTTGACGGAACTAATGGACGAGACCGGCGGAAAACGTTCATAACTTTACACACACTAGCACGCCCTCGTAGACGGTGACTATTTTGATCTGATACCGAGGTCACAGAGTTCGCGATGCTGTAGGCCATCCTATGAATTAATAGCTCAAGGGGTATCGAGTTTGCGAACGTCCTGTAGAACTAGTTGCCATCCAAGTGGCACCCCTTGCACCCATAAGAGGTCGGTGTTTGTTGCCGGTACCATGGTATCACCGGTACCGACATAGGCCGGTGGAGGATGTTCGGTACGCTGGTCTGGCTTAGTCTTTTCTTTGCGGTCGGCCACTTGGTTTAAACTATCGCACGTTTCCTAGGTCTCGTCGCAGTGCGAGACTTTCGGCCGTATTACACATGTATTTTCCTTACTTCGGGTGATTTTTGGCATATTCGCCACAGCGGACAAAGCCTAACATCGGCGGACGCTCCTGTTTAGGGTCCGAATAGACAAATCAAGTTGTATAAGGGTCGCGCACCGACAACCAGAAACCGGGGTGACAGAAAGGCATTGTCGGTGATACTAAGTACCGCTTAAAACTGTCTAATGTGTGATTAATGGTCCTCGCCAATCGGCCCATGTGCTCGGGCCGGAGCGTAGTACTAAGAGAGGGCGTTAGTATGGTATGTGGATCATCGGTTCGCTACCTTTCGCCTAAAAACCCTTCATTCCCCTGGATATAGACATTATAGGATGGCAGAGATCTTACCGCAGAGCGG,1526,50.0,Caenorhabditis elegans
SEQ_672438,CCCCAGAGCCTTCAGAGTTCAGCGATAATACCCACTACAAGCCCCCGTAACCAACTGCAATTGGAATCATCGATCCAAATCAGTTCTCCCTAGCTCGCGCGGGAACGTCGGGGGACGCATAGCTATATTGAACCGGGTGCGACGTTACTGCTTGAGATTACAGGGGTCCGAGTAGAAGGATGCAATCATTCCACGACCGACAGGATATAGTCTGCGGGCTACAACGGAATCGATGTATTGTACGAGCATGAACTTCTCTACGACGCAGCTACAGGACCCTCCAGGGGCCCCTTGATATTACTGGTGGCGAATAGACGATGGCACCAAATCGAGCCAGCTCTAGTTGCTTCTGGTAAGCTACAGGATACGCCGGCGTAAACCCAACGGTGGTCAGGTTGAGATAATGGACTACTACGATCAGCCTGCCTTTTGGCCACACGATATAAGTTACTTCCTTTTTATTAGGTTACGAACCATATCCCTAATGGTCCCGGGGATACCTGCATGGTCTATTTAATTATACTTTCGGGGGAATTCGATTACGAATGGAAGTAGTCGAGACAATAGGGCCAGGGATCCATTATAGCCTGAGGGTAACTGCTAACCGCTCCTGCCTTCATAAATTCGTGATCATACCGAAATTTCATCTGCGCTACTGTCCTCTGAGAGAACTTTTGCTCCACCTTGCAAATGAATATGATTCATATCCCAATTTCTTATCTTGAACATTAAATCGAATAGCCACCCCATTACGCAAAATTTGACAGTAACCCTCAACAAGAGATCTCGTCCGTAGTCGGGATAGCTTTACACCTGCTCTGACCCTGAGGTAGTGATAGTAAATAGACAACTTATTAGAGTGACACTACTAATTCCAGAGTTTCATGTGAGTCGCGGACGGCTTGGGGAGTCGCGAAGTAGGGCATAGGCTGACGTCCTGTCCAAAATCGAAACACCGCAAAGGCGGGTACGGGTTGGGGGGCCATGTCTACACTCCATAGTCTATCCAGTCGGGGATTCACCACATTGTAGAACTCGTGGACTTATTTGACGTGGGGTGGCGCTATCTCAACCTGGGTGTTTTCTGCCCCAGTTCGCGAATCTAGCAGACTCAGAGCTGGGCACTGGGGGCTCATCTTCCCGTGGAAGGGCCCTTACAGTATTGTGTAATCCCGACTCGGCTCATACAGGACACATTGAAAAGACCCCGTGTGGACCCATGCCCACTTAGCTGAATAGCCTTACTCTGTATCTACCCAAGCCTGTTTGGCCCGATAAAGTAGGAGCGATAGTATGAGGTAGTACCCGGGCCGTTAAGCGCTCTAATGCCTAGGAGGATGAGCCTACTAGTTTTCGCCATTGGGGCACCAGCGCTATATTCTCGATGGGCCTCCTACACTGCCTGGAGTTGCGCTTTAGCTCGCTTAGGTGGCTCCTGCCGACTAATGGGACTCGGACTAAAACCATGGTAGGACGGGCCGAAGTTGCGGGTAAGCAGGTCGTATTTGCCTATCGAAAGTTACATGCACCAAGAGTCCCTTCCAGGGTGTGGGTATTTGTTAGAATTGGTAGTGGCGCTTCAATGTTACAGCCGGCCCCAGTTCGTACTGCACACCCTAAGACCCGGCCTACCTTGCATGTGTGTCTATCGGGCTTAGAATATAGTGCGCGTCGCACTCTGTGACTCAGAAACGAAGTGACTTCTACTTATACGGACCAGGAATTGAGCGAATACATAGGATGCACCCCTCTGCATATGCTCTGCAGAGTCACGATATGACGAGGGTTACAGCTGCCTCCTGTACTCACTATCGTAGTACTGCGACAACCTCGAATTGC,1839,50.14,Escherichia coli
SEQ_757075,CCTTCTGCGCCGTATGAATATGCTCTGCATGGTTCATCGAACGACACTTGACTCGAATGGTCACTATGTCATGCAGTGCAAGTCACGACTCTACCGTGTACATGCTCGGGCAGAACCATCATATCTGCTCTAGGCTAGTTTAGTTCCTTTCATTCTTTGCGCTTCGAATCGAAATCCCTTGTACAAGCGCACGCGGACTCGGCAAGAGTCAATTCAGTGGTAAAATTCTATGCGGGGACATGAGAAATTTCATCAAACGAGCCTTCACAGGCTTGAATAAAACCGCCAGTAAGCCTACGTGAACACGTCAGCGCGGTCGTGGCACTGGAACTTTTGGCGCCCGTGATAATTTTAACCAGTAGGCTCACCCAATAAAATAGTGCGGTTTCACGATGAAGGCTATACGCCCGGGCTCACAAACCTGCTTGTTAACAGGACGGAAGAAATCGAGGGTTCGACGTCTAAGAACGTGTACTGAAAACGACAGGCCGGCTCCAGGGGACTAACAACAACAAAGCCTCCAGACTTTAGGGCTACCTACATACGCGTTGCGAGTATAATAGCGACCTGGTTCGCTCCAAAAGCGAATTTCAGCGTTTATGATAATAGACTAGTCGAGATAGCTGAGTTCTCGCGGACGGTCGTGATGGGGGTATCGGCACTTCCCGACGTTCCTGAACATACATAATTCCCTCGGTCGCCCATCATATGTATTTTCACATACCGACGGACGGCCCTCAGGTTGGACTGTCATACCAGCCTGCTCTCTCATCACTTTGAACCGGGAAATACAAAGTCCGTTTATTATCGGCCTTCTGGCGGGGGGCCTTCACCACGTTACTACCAGATAGGTCTTCGGGCAATTGGTTCGCGCTGAGGGACGGGGGTCACCGTAGCCTTCTGCCCTATCGGGTCGACATGCACTGCATACAATACCCTCTCAATTGTTCTTTAATAAGGGAAGCAAGCGATATCGCGACGTCCGGACATGCCCAGCGATATCAACCCGAAATCCTCCGACGGACGACCTCCTACTGACGGGATGTTGTTGGTTATATCGCGATGGGTCGTCTTTCCGCCAAGTGCCAGAACTGACTAACTAGATTCAGTGCGGCCCTGCGTGCGTCGTTGAAGCAATGTGTAGGAAATTGTATGACTGGATACGACGCGCTCGAGAGGGGGAAGAGCCCGGCCGTCCTGTTCACGGCATAGGTCATCTACTGACGACTGTCTGGACGATCGAATCGGCTCCGGCATCGCGACAGGGGCCCCCGCTTGACAGATGAAGAGCGAAGTTAACATTAAACTTAAATAATAACTAACAGTTCCAGCCCGTCATCCTCTTCAATCTTCATCACAACCCTGTCCAAGATCTAGGTCTCCACCGTCTGACGCTAGGCATTTGATCGTTCGTACCTTTAATATAGACTGGCGTTTATTAATGGTTTTTTCTTCGAAACTGCGCTGGAATGTAGGTGTAGCCCGATCCCTCATTCTGATCAGAGAATTGCTTGGTAACAGTTTATG,1527,50.16,Arabidopsis thaliana
SEQ_219676,GGTTCAGTCCGGGAGAGAAAAATATAAAGAAAACATTATTGCACAGACTGAAAGCTCATAGAACCCTCTGGAACTCAGCTGTATGACGGACGTTCTATCGGATGATCTTGTAACGGACGGAGCGGGCCGGACAGAGATTTTCCCCTGTTTCCATACGAGCAACCAGTCTGTGAGGTGGAGATATCCAAACTTCGTGGTTCGACGACACTCTGGGCTTACTCTCTCGAAGAAGGTGACACGACACCGTTTGTGCTTGATTCTTAACTCCAGGGTGCGCATCTAGAGTACGCGCCGCACACATTCGAATATTCGGGTTACTCACTGTGTCCAGTTTATTAAAGGTGCGATTTACTAATGAATGTAGCTTCCGTAACACCGCTAGCAGGAGGCGAGGTAGCACGGGTCAGTATACCAGTACGGTCCATTCAGGACGACAAGCAATGTAAGTCTCAAGCACCGGGCAGTTATGTGGGTACTCACAATATAAGCGTCCCGTTGAAGGAAAGCCCATACACTGCACTTCGAACAGGCTACCCTGCGTACACCGTTTGTCTACTTTCTCGGAAACCTGCATAACGAAACGGTATCTTTCTTGCGTTGTTGTTACGATCCGAATTTACAAGTATGACTACCTGCAACAGGTGTTGGCACGAAGTTTGGTCAGCCATGGGCAGTTGGGCAATCAAAGTCGTCTCCATATTGCGGAATACCTAATGTACGTAAATCAACTGTATGACTTCCTTACAAGGTAACACTTCCCCCTCCCAAGCACATCACCGGGTCTAAGGAGTGGTGGTAAACTAAGGTCACTCAAACGCGGAAAAGCCGACCGCCATTCCTAACCATAATGGGATTGTTGCATTAGGGGCCATTAGACACCGCCCCTTCAGTCC,893,48.49,Drosophila melanogaster
SEQ_564406,CACCCGAGCGACTTTGATGACAGAGCCACAATGAACATGATTAAATGCGTTTAGGGGGAGCCATTGCTCTGAGGATTGATAAGGCCACCAGTACATGTCACCCTTAATCGCCTACAGTACCTGTAGTACCTGGCCTAGGACAGAGACGTGCAACTGGCTGTTACTGATTCGGCTGCTCTCTTAAGTTTAAATCAATGATGCAGAGGGATAGGGAAGTGCAAACATTCTTTTGTCAGTTGGTTACTCTCTTTAATTTGCTTTATATGTGTCTGACCGCATCATTTGTTCGATTAGTGATCCTACGCGAAGATTATCCACATCCGAGCCATTAGTACTATCTCTCCGGATCTCCTGGCCATTTCAGTATGTTCTTAAATTACCACTGATAGTCATCTTTAAACAATCGATTCGCGTAACGGAATTCGTCGGGACAAATGCTGCGCCTTGTTGGACAGAATTTAGATATTGAGTCTGCTGGTGACGCAGACCTGCCACGCGTGCTCAGTCGACGCATGAGGAGTAGGGAGCTGCAATTAACACACCCGAGATGAGCTAATCAACAAAATAAGGTTTAATGGCCCGGATACCACGCCTCTTACGTGACTTCCAGATACGTTGCGTACACGCCACGGTTCCGGAGTGGTTTTGACGCGTAGGCCTCCGGGCAGCGACGAAAATTCAGTGCCTATAAACTTGTAAGCCTGGCTTACAGTATTCTCATTTGCCAGCGCTCCGCACAGCAGTGTGTACAATCACACCAAGAAGGACAATCAGGGCGTTTGCAGTGAAAAGTTTTTAGGTAATCTACGGGGGTCTTAGCCGTGCATGAGG,831,47.29,Arabidopsis thaliana
SEQ_276140,TAAGTGACGGCACGTCATAGGACCCAATAACATTTTTAATCTACTGACCTCAACATAGCAGGGCGCGATTGAAGCATCGACACCGCTGCTTCAACGAAATTATTCTCGCTCTGGTAACTGGTAATAGCTAAAACACAACAGTACGTTTTGATGGCGCCGACAATCCCTGGCCGGCGGGACCCTGCACGGTTGTCCTTGTCGGACAGGAGCGAAGACTACCCCCCGGGCATTGACCACGAATTAGACACTTTTAATGATTCAAGAGGCTCGCACAGCCCTTCCAGAAAATCCGCAGAATGTGGAGTCCATCGAGAAGTGTATCTCATCCGCTACGAACGTAGCCTGCAGTAGTTATTTATTCGACCGCTATGACAACCTCTCTACTACAGGGACCACACAAACTCAGCCATACCCGTAGCATCCGCAGTTTGGCGTCACGTCATTAAATCACCAGAATCCGTGTAGAGTCAGTGGACACCCAGTGAGTTACAACAAGAAGTCGTTGGACTACTTATGCATGTGGCGCTAAGACGACGAAGTCTACTCTCCGTGTACGCTGATTCTTGCCATGCCGCAGCTCGCTTAGTGAGATTTCTATTTGTCAGCAGATACGCAGGGCGACGACGGCAGGACTGATCTCACCGACACCCCGTTTTTTACCATCGGACGAAGTAGGCAGCTATTCCATGGATCTTGAGGTACGAGCAAACCACAGGGTGTTAGAACTAAGAGGTCAGGTACCAATCTAGTCCATGGAGCGACAGAGGCGAACGAGTACCTTACATCCAATTCGGGTGAGTCAACGCTGTTGTAATACATCAGAATGCACATGTTATCCCTCACGTGGCTTCTGCCGCTGATTCCTGCCCGTGGAGGGTTCCGCGTATGAAAAGTATCAAGTCCAGTATGTATCAACTACTTATTATTCTTTTCAAGATCTCCGGGCTGCGCTGCCAGCCGTTCCTTCACGGTTGATGCAAGCGGTTTCGAGCGGGGAAAGGTAGAGTACACCAGAAGGGCTGTTTGTCACTTCACACCTTCATACCAACTTTTTCACCCAAAGGCCTG,1068,49.91,Escherichia coli
SEQ_449658,GAATTTTTTTTACGATGTATATTCCCAAAACATTATATAACGTCGCTAAAACGCAGAAGCGAGAGGTCCTTCGGCGTTGGCGTTGGGTATTCATCATAGTTGAGGAGTTCCAGGAGTCTTCCTGCTTGGCTAAGCGATGGCCCCTTCGGAGCCCTGGTCAGAGGTTATAAGCATAAAGGTTCGCTGACCGCCACTGTACCGTGCCGTCCACAATCACAATGTACCGACCAGAACAGTCAGACCCAGTTGGAGCTGCCTCGCCCGCTCACAACATTTACGCCCATGGTTCGGTTGGCTCATTCTCGGCCGTCGTAAACAGATTGAGCTCACCGTTTTAGGGTTACGGGCGACTCCACCAACTACTCTTGCCTCAAAGAAAACCCTTCCCGCGACCACGGCGACCACAGGGCAAGTTTAACGACGACTGGCGCCATGGGGAATATCAATACACGTCCGCGACTGGGTATACTAAGAATCAGGCTATCGATCGATAGACAGATCCTGAGAGGTCTGGGAATGCCTGGCAAAGGCTCATTTCATAATTTACAAGTTGTCTCACCGGCGGGATTGATCAGTACGCAATTCTAGCCCATTTTTTCCCGACAGTTAAAAGCGCCTTGTAGTAGTGAGAAGATGGGCCGGAGCTTGGTCAACTGCCGTTCCTGAAACCAATGGGAGGGCTAGACGTCTCAAAGGGTTGGTGCGTCAGCTCGCTACTTCGGTTTATAATATGCCCCTTGCCAAAGAATGAATAACGGTTACAGATAATATCCCTTGCGCTAGACAAAGAAATGACGTAAATCTGCCGCACGGCTCCGTCTTTCACTCGTTCGGGTAGTCTGCTTGGGTACCGGTCCTCAATTGGAGATAAGAATGCCCATAGGTTAAAGTTCTAGGGAGCATAGACAGGACGCAGCGGCAGTGTGAACGGGCGCCTTTAATGATAGGCGGCCGTAGCGTCAAGCTGATCGTCCCGGTGTTGCGATTTAATCGACGCCGTTGGATCTTACGATGCATGGTATGGATTAGACCTCCCGCAGACTAGTAATTGGACAGGCTATGCAATTACCTACGTAATGTCCTAGGTTTATCTGGAAAGACATTAAACACCGGGGATGCAGCAGGGAGTGTTACACGGACCTGTGGTGCTCCAAAAGTCGCCGTCGTATTGCTATTGGGCTACATCCGTCGCTCAAATCCTGCGCACTAAACGAGCTTCCGGGGACTGCCAGATGCAGCCGGGGGCGATTCGAAGAGAACTTGATGAACAATAGACCGAGCCTTGTACTCATCCCATTTAGCCAAGTGCCAACTTCAATTTCCGAAAGGACCATTGTCGGCAGCTGTTCGTGGCGACAACGAGCAAGAGGGCCTAAGGACATATGCACAAAGGAAGGTCGGTATCTGATGCATAGAACTTAGATGAAGGCTGTTGAGCTCCCCATTGTAACACTTGAACTGCACGTGGACATGTATGACAGTATAACATGATGCCCGGATATCAAATAGGGTCATCTATTCTCTGATTTACATACTCCCACGAAAACAACCCTAAATCATCGACGAGAGCATGGAATTTAATTACGCAAGGTGTTCCTTCTCGGATGACCCCCTTACGTGGCAATGTAACCAAATCACGTGGCTCAGCTGGCATGAATAAATTAAATGTTCCTAAACCCGGAGTTGCTACTTACTTAGACACACATACAGGTCTACGGAAGCTCTTTTCTACCGCGAGTGTATCTCTATGTACCGTAGTTATAAGTAGACAACTGACATCAAGATCTGTGAAGAGGCCAACCCCTAAGTGAAGGGGGATAATTGGAGGATGAGCCTCGAACGAGAAATTCAGCAGA,1856,49.08,Homo sapiens
SEQ_266446,TATAGAACAGGTAAAACCATGTCAGCTCTGGTTATGAAATGTCATCACATACAGCTTGACGCTCTAGTGAGGCAGACGTTTGTAGCATACTGGAGAGGTAAATGCAATTCGCCCTTGAAGTGCATAACACAAGATGTCATTAAGACTTCCACCGATCGGACTTCAGAATAGCTGGCTATTTCCTACTCGAATGAATAGCGTGCCTCTGGGCACACACCAATAATTCTGAAAATCTCGGGAACATGTGTT,249,43.37,Drosophila melanogaster
SEQ_566576,AAGAACGTCGAATCCAATTAATTGCATCTCGTGCTAACTCTGTCGAGCGCCTGCAGGCACACGGCAAGCGACAGACAGTGCCAGGAGAGTGAAGGAAGTGTAGACACCGGCTGCTATACGTTACTAATGCCGCCGTGAGAAAGTTCGTTCACACCCAACGCCCAGTGTTCGCTGGCGGGGTTGACGAGTCTAAGTCCCTGCTCGTCAGCGCATAACGTCGGCACCTAAGCTCCAGTCCTGGCGGTTCGATATGAGACCGTTGGTTCAGTAACTTTACCATACAACAGGTTATAAACACCAGCGTGCACCCGAGCGCATCCAAGATGGGCAACCGTTCTGGACTCGACACTGCGAGGCTCACAGGGCGGAACACCTTATGTCACGAACACACGGATTCCAGGATGCCATTAATCGGGGACTAGTTCCGCAAGGACTCTTTTTCAAAGTATATTGGCGTGCTGTTAAGACTGGTGGCGTAGCCATTCGCGTTAATGAAACCCCAGCCGGGTTGAACAACTGACGGGACGTGCAACGCCCGGTTGAGCAATAGTCTCGTGCTCGGCTTCTGTACTTGTTGGGACGCCACTCTGGTGAAATTATCCCAACTATCCACCAGTTAAGGCCAAGGACGTGGCTCACAACTTTATTCCAGTGGGAAGACGCGGGCGCACGACAAGCCGAACGGAGTCAGTCTGGATACGAAGTGGTAACGGTCCCTTAAGGTTCACATGTGTATGAAATGTCCACATTTTAGAAGGTCGAGTGCGAGCTTAGGAACGACACCCGTCCAGCGAACCTAGGACTTATTGGGGAAGAAAGTAAGTGAGCGTGTCGACCCGGAGCAGCGGACATAGCGACTACCCGCTACACCAGCGATTAAAGGTTTACCGCCGATGTAGAAGATGTCATCCGACGCGTCCCTTCTATAGCCCTTGTTTCTTGTCCTTCAATGGGCTTAAGGGTGCATAGCCCAATCAAGGCCTTGACACAATCCTTGTTTTAAGAATCCCGTGTCCATCACTTCAAGCCTATCAATTCTCCGTACGGAAAGGACCGCATAAGGCTCGGTATATTTTGCCGATTCTGGAATTTGTATTTGACAATCCGAAGGGAGAAATTCTCTCGTATTGAGGGCCATTCTAGCTGGGAAGTTTGAGCCATAGCGACAGGTTCAATAGGTTATATACGATCATCATCGTGCATAGGAGCGACTGTTACCTATACATGGAGAATTCGGATTATAATACTTCAATGTCGATCCACACCCCAGGGACAGTCACCCACGGGACACGGAAGAGAGAAGAATCGCGATATAAGAGCTTTGCCTCTGAAAACATATCTCAGCCGCCCTGTAATATCCGTGCCGAAACCTAGTGGCATAACCGGCTCCTGAAACCTTGCGGAACAAATAGAGGGAAAGCTATGGTTAATCCGTGTAGGTCCGAACGGGCGTTACCAGTAGCAAAAATGAATTAGCAATCGCCGTACCTAACAGTAGGTCCCTGTCAGGAGTGTACCTCATGCCGCGGGTCACAGGTACTTAGTGGTCATCATGCAAGAAACTCTTGGAGTCCGGCCTCTCGCCGGATACATTCTCGGATGGAGGCAGGCTCACAGAAGAACTGAGTTGATTCGCGAGGGAGTACATTATGATCGACTATCAGAGTCGTGGGCCATTCAGACCGGCGCCCGAATTGGACTATGTCCAGGTAATCAGCGTCTATGATGTGGGGGAGACCGTTAAGGCGACAGGGTGCTCCAGGCGATTGGGAGGGTCTAAAGGCGGACCTGGAGGCCTGCTAGGGAAATTGTTCAATCGTGCTGCATACCGCTATTATCCCCTGCATTTTTCTGGTTCTGCTCATAAATG,1870,51.07,Escherichia coli
SEQ_608397,ACCACACTTTCGACAAAGTACATTATCCGCTCAATTGCTTCTCATTGAGTTAAGATGGATGTATCCATTGCATTCATCGTACGACTAGGAAAGCTCGCACGTTGTTGACACCTTAGTACCCTGCGATCCCACAAGGACAGAGCGACCGCCCGTTCAGTCAATCCCATGCACATCAGTCCGGCTACCAAACGACGTAATCCAACTTAGCTATTTTAGTCCCTCAGTAATTCAGCGCCCCATGAAACTCACGTGACCAACTTATCGCACCAGCGTCCGTCGTTCCTTCGTGAACAAAGCGGGGGTGCGCCGATGGGCTATAGTGCGGTGCTCAACTAATAGGCGAAGCTGCTTAGGGAGATGTGTCTACACGAGCCGCCGAGGATAAAGGGTGTGCAATGCCACATTCTAATATATGGGAACTATGTAGCATGCCGCATCGCCACGCCGGTGCTTCACACTGTACTAGTGTCGGTCTTCACGTTAACGTAGCGGCCTTCCAACTTTACAATGGTGTTCGTCCGTTACGGGATCATATCTGAAGTGGGAGGATATCGTGGCAAGGTCCAACGTGGCCCCGCAGGCGAGCCCTTTAGAGTGTTAAAAGGCCGTATTGTAGACGAGGAGGCGTTAGTAAGTCAAAGTGCAAAGAAAGGTAGCTTCACCGTACAGGGATGATGCCCTTAGGGTTGTACAGTGGTTCCGAAGAGACAATGTGAGCATTAGCTCTGCGTAACAGGACGGAGGCCTAACTGAGGATGTTAGCTGCGGCAAAAATCGGAACGGGCTAGACTTATTACGTCTTTTCACCCTCGGCCTGGTCAACAAGGACGTAGTCTGAGATTGAGAAGAGCGTTATGTTGATCTATGGGCATAGGCTTATCCTGGCATTTCGATTACATAGCCGGGAAGACTTCTTGTGGAGGCGTTTAGGCCGCACATGGGAGTTTACGCATCATCGTTAGGGTCGTTGAACGCTATTGCTCCGTGAACCCGCCGTTCCTTAAGAGTCTTCTACCGGCGAGGGCATAGATTCGGTGGTAACCGCCCAGCATTGGCAAAAACGAAATTCAGTTACCACTTCCTACAACACCGCATAATCATCGATGCTCAATCATAGACGCTTCGATACACTTGTTGTTCTGGGCGCTTCCAGCTTGTAGGAAAGTGGTAAGCCTCTCCGAACGTTCGAGACACTCGCATGCACGGCGCGTTTGATGTTATCGGTGAGATGCTTAGCGGCAATGGGGCATATCGCCGATCAACACCCGTGAAGACGCGCTCCAGAAATGGATGATCAGCGACTTTGGAGAGCCTACCCTTATCCTCCGTCGTTCGGGTCGTCCATGATCAGCACAGAACCCCTAGTTTTCAGGAACGAATTCGTGGATGAGCCTAGCCACCTTATTCTAACTTCGAGCCCATCTGTCATTAGCAACCAGTCGCGATCACCTTCACCCGGAATGACAGCAATCCATTGCCCTATGACCTGATTGACCAGTACGACCCAAGTTTACCGGGGACACAGGTAGGGTAGGATATTTCACTAATGGTCAGTCCGGGCGGCGCTCCACGTGGTGACTCTGGTATGAAGCTTGCCAAGACTGGTCGTGTCAATGCCTTCTGAGTCAGCCAAGGAACTCCTTGACGTTGCCTGTTAGACCAATGAAGCCTATGCGAAGGCGCTGGGGCTCGTGATAGGAGTAAGCCTCTACTGCACTTC,1720,51.22,Caenorhabditis elegans
SEQ_389601,GGTAAGCCAATCGCAAAGAGCAGCGCGATAGAATGTCTATAGTATTAAGTCTATGATTCGGCTCAGATCTGCTATGCAAACCGCCCGCCGGACGGTGCGACGCTGATTTACATACTGGCCCATTGTGGTGAGGAACCACGTGTACGGAGCAGGTGACTAGTAGACCGAGGTCGCGTTGCTATATCAGTCTGCGGACGTGTGCTTAGAACTACAAACTTATGCACGGTTCATACATGGAAGGTGGTCAAGCCACAGATGTCATGTCGAAATCTTATCGTACCCCTACGGAATATTGATCAGGCCCACGTGGTTAGCACGCTCGAGATAGTGATACACCACTCTATTCCAGCTAACCACGCTGCTGGCAGGTCCTGCGACTAAAACCAGGTTCGTCTCCTCATTATCAAATCCGTCTCCACGGGAGACAATCAGCAACGTGAGGTCTCTGTAGGTCTGGGGGGTCGACACCGCGGACTATGTCATGTGAGCATGGGCCACTCTACACCCATGTCTCACCTGGGGTTCTTCACCGCATTATTGATTCGTATATGGTTTTGTTTGATCCAAAGACCCCATCAAAACACGTTCTGCTACGTCTGATTCAATCGAGTTAACGTAAAGGCTTTGCATGATTGAGTGTACTAGAAGGAGTGCTAGGAGGATCACATCAGTTTATTTAATTGGGGTGCGTTATCAGTCTTTTATGTGACTACGTGACATCACCTACCTAGCCTAGGAGGAACTCGTCATAGCTACCAACTATACAAGTACTTCTTCATTATACTGTCGGGTACACACCACTGGCCCTTTCTACGAGACAGCCCATGGTGCCCCAGACGTCGTCGTGTTCAGATATGCCTAATCGTAGTAACGTCTTAAAATGCACGAAAGGAACCGT,898,48.55,Escherichia coli
SEQ_230582,ACCCGTCGAAGACAAACCGAGCGAACTTCCTCTGAGGTTACAAATATACCTAGGTGCCCAGTGTTGGGCTTCATCCTACGGTCCGCCAAGTAGTATGTAGGGCAACCAAGTTGGTTCTAAGATTGGCTTTGGCACACTAGATATTTCTGCGCCTAAGGGCCAAGGACCCGGCACGTCATTTCCTGGCGACGAGGACTGGTTAATGAGAGGCACCATGGCTGGCCAAGTGATAACTAGGTAAGGTCTGCTGTTCTTACCAGGGCATAAATTCTGGCAATCAACGTTTATGTGTGAAGCTCTTGACGCAGTGCGATTCGTCCGGGCTTCGACGCTCAGTACTCACATAGCACATGTTGGACGACCCCCCCGGATAATCAGATATCATTGTTCACAGGAAACCCATATTTCCCTGATATTAAGAACACCTGCGGCCACGTAGTTTGAGCCAATCGACAACATCATCTCCAGAGGACCTCTACGGCATGCTACTTTTCGGGGGTAATCTCGTCGATGTCTGACCCGTGGTAAGTATGCCTGCAGGTTCTGTTAGGTGGTCTACCCATGGCCGCTGAGCTCTGAATTTCAGGGCAGGCAGTCGCCGTAGCTCTACGAACCAAGTTAACACCCACCTTACGGCAAAGATTCTTTGAATGTAGAGGCTATTCGTGCTCGATAAGTCCATGGAGGACTCGATAGCGCAAATACCAGGTGCAACTGCCGACTATTTGCTCCAAGTTAATTTAGACCGCTCGAAATGTTCAAGTGATAAGTTCCGGTGGGTCGGGGAATTGGAAGCCACATACGCAGGCTTGACAAACTACTTGCATTTGCAACTTGGCGGGAGGTCATTAAAGGTAGGTTGAATCGCCGGATATATCAGGTATCTTGCATACAATACCATCTTCGGCTCCTGTCACAACACGTCGATCTGCGTGAACAATGGTCTGAGGAGCCCCTACGTAAGTTTCGGCGGTCAGCCCGTCCGACATTTTCGAATTAGCCTTGGAAACAACATTTTCATGCAGGGGGGACTTTTGGAAACTTACCAAGTTCAGGGTGACAATATGATACTTGGGGAACAATAATGAAACGATGATAAGGGCTATGAGGCCAACTTGCGGGCGACCTGGTGAGGAGGCGCTTACAGAATCCCGCGTTCTATTTCGTGGACCGATCGAATTTTTCTAAGCCTTGAAGGCATCTTGGCTTATATAAGAGGCGTACAGTTCGTCATATTACTGAACTCCAGCGAACATCAGAGGTTGGTACGGATGTATAACAGATAGTTTTGTCACATCGAACAGCACTGTGAGTTGCCAGCCTCAATCGCGGCGGGCGTATTACTGTACCAGCTGCCAGGCGAGTTACGGACAACTTTTGGGGGCGACTAGCGTAAGCCCTAATCCATAGCTATACTCCGCGGTAGTGGGTACTCTCACGTGACCGGCATTGGGGATCCTATTGCTCGAGGCCAATTGTCCCTCTGGCGTGTGGGCCCGGGCTATGAATACTATCGAGTCTGTGATTGTACTTGGTATATACACTATACAGCGACTTTGGTGTTACTAAGAACGCTAACTGCCGGGAGGTAAAGAGATCAGAGCGGGCGGCCTACTGCGTCTGCTCTGTTAACTCCTCCGAAGTATGCCTTGCCCCGTTTCCCTACTGTTCACAGGCCTTTCAATCTTGAGGAGTATGCGCTTACATCATCCCCACATGAAATTCTTCCCGTCGTTCATTGAATCCCCCCAGCCTGTGACGAAGAGTCTGAGGTCGAATGGATAATTGTCCCACGTCTAAGGGGTACGTCCAGTTTCCCCTCTAGTCCGCCTTCCGAAGGGTTCGGACCCCGGCAGAAGTTAGCGTACATATTGTGCCAGGAGCCGATAGGTCGCTGGAAAGGCGGTATTTAATCCCTCAGCACGAATGGCTTTAACCTCAAGTCGCCTGTCGGTGCGGGGGGGCGTTCAGGCGATCCACCTATCAGTAAG,1991,50.58,Homo sapiens
SEQ_721855,TAATGTTACGCCGTCCCGGTGGCATGTAAAATCCCGACTCGATTGTATCAGGATGTTAAGTTAGAGGATGCAGCCTCTAGGACTACCCAAGCGGGATGAACCCCAAGTGCTAAGTTGTCTTCTCCATCTAGGACGTCATAAAGCTACGACCTGCAGAGACATGTACGAACTTGTCGTCTGATACCACACCTCTTGGGAATAAGTTTCTATCCCAGATCAGTTCAATTTGTGGGTTTTGCCACGCTGTGCTGTTGACCCGGCCCTACGTTGAAAGTCCGCAAAAAAGCTTAAGAGTTCCCGAAGACCCGAGGAATACAGTAATAAGTTGTAATATTCTGGACAGAAGTGACAGAATTTGAGACCTATGTAGTCTTGTGATCTCCTAACAGGTCCAAACTCGAAAAAGCGCTAGCTGCTCGTTCGCCTCGGAGCCAGTCCGTGCCTATTCCTTTGAAGCTGTTTGGTCACAAAAATGACATAGAACTCCCTTATAAGGCGCGCGTGCCATCCTGACACATATACAGCCATAGCATTGGTACGGGTTCGAATCACAACCTTTGTCGACGGAGCGTTAATTGAAGTTTGACCTAGGACGTGTATAGATGCTTCTCTAACTTGGGCTATTAAGTCTCGTTCGAAATATTGATGTTAGAATTTGACCACAGCCTGATCCAGTCTGTGGAATGTACGCAAGGTGCCAAGGCCTATGTCACGGGGACAGAAGTTGAACAGGATGGCTTCTGACTCTTGTCGCGGAGCGGGATCTGCGCTGGCACCGTGTGGGCTTGATATAGTATAAAAAAGAGCGCAACCCACCACTGTATACGCTGACGGCAGGATCTCGGCGGGGCCTCATACATGTACCTTGTGCTGCGAAGGTTAATTTTTTCGGGGTATGAAATTGGACTTCACAGTTTTATACGAGTGCCAACAATTGCACCGAGTGTCCTTTGGGGTTTCAACTCCAGCGCATCTGTACTGTCATAGTAGTCAGGTGCAGTAGGCAAACCTATATGCGCTCCTGCACGGTATTTTCTACGGGCGTGGACGCGTCAATAATTAAAACACAGAATGTGCCCTTAATTGATGGGGGTAGCTTACGAGTCGAAGGTTTCCGCAAGAAGCATCTGGCCTAATCAGTTAAGAAACGGACGCCCCGCTAATTGAAAAGGTGTTGGGAGACTCTTGTGCCCACACCGATACAAGTTGGTTGCCACGACCCCCCCCCCGCTGGCGCAAAGGGATCAAACTACATGCGCTTAAGCGAACGCTACGTCAGAGTTAGCTATCTCTCTTTTCCCTAGAAATGAAAGATGGGTGCCTGCAAGTATGAACGCAACTGGCCGCACGGACTCCCTACCCTTATCAGGTTGTAGTTTTTACTTCTGCCAATCCAGAGTAATGCCGCATTATGGTGGTGCGTTCTTTTCCTTTGAGTATATCTTCACCACCAGATAAAACGCTCCCTTGACGTTCAAGTACCCGTTCGACAGCGCAAGTGCTCGACTTGGTAACTCGCTCCGCATG,1527,48.53,Homo sapiens
SEQ_195530,TCACGCCCGCCCGTCAATTCGGGTTATTCACACTATTGCTGTTTTCACCCAATCGGCGCCCTCATATCTTTACCCAAAAGCTCACCAGCATTCAGGCCGCAGGAATCCCAGCGAACAAGAATTCGGCAAGTGGCTGTGGTCTCCCAACGCGATTAAACCGCCATAAGGCTAGCAATCCCCTCCGAGTGAAATGAGCGTTTATCTTGGGCTGTGTCTGCTCTCGTAGTCAGGGCCTAGGCCCTGGAAAGGCATACGCAGGGGGTGCGCGCCAGGTATGGCGGGGGCTCGCTTGTCTCGTGAGTTGCATAAAGGATCTGACCTGAGCTCAGTACATCCCCTTTCAATATGGTATGTACTCATCATAATGAGACGAGTGTGAGAGAGGAGTGCCGTACTCGCCTATGAAACACTTCAATTCGAACTGATGGGGATACCTTCGTCTGGCTACGGGCAAGCTACCTCAATGTATCACCCGGGTGCAAATCCGTTTGAGACCGCGCTACGATCTAAAGTTAGGTCTTTCGCTGATAGATCGCCTGTTAGTCGCATCCTTCGTCCCCCCGTCAGCTTGACTGTCGCGCATTTTCTTGCGTGTCCCAAAGAAGCGGGGTATTGGTTTCGATAAGAGTCGCAATGGTTAAGCTGTATACTGTCTACTCTGGCACAGGAACGTAGCACTGGCCCGCCTCTCTGACCTTTCACTCGCGCACGGCTCAATAGCAGTCGTCATTTCAGACATGCGCTTTAACTAATTGTGTCTCGAAGTTATGTCACGCAGCACGCCCTGCAGAGGATATCTGGCCTCTTTCGAACACGGCGCACAATCTCAGTAGCAGCTAGAGTTGCCGGGCGAAATCGTCTCCGTTCCAACTTAGTACGGGCACCACGATTACCGGTGATGTCATGCACCGCATGCGCCCATCGCCTTATACGACACGGAGGTAGCGCCGTCTGGCCAGCAAAAACGCAAAATCCGGCATTGGCACTGGCACAACGTGTCTGATGAAGAGTGCAACCTCAGCAAGTGATGTAACGAAGTCAACAAGCACTAGTAGGATGGGCGCCCCCGACCAAGCAGCCGGCTTCTCTACCGAACACCCCCACTGGCGGATGACCTCAGGCGTTGGATCGACATCGCATGACGGGCCTCAGCGATACCCAGTCTGGGCACCATGATAAAGGACGGTGAGTAGGATAACACGCGGTGCGGCCACCGTGACATGCAGCCTCTCGAGAGAACCTCCGCGTCCTCCTGGAAGGCCTCCTGACTGCTTCACCGGGGCTTTACACTAATTGATAATTGCTACTTTCCGTTCATATAGTGATTCCGCCTGTTGAACCGCAGTCCCTAACGATCTTGTCTACCCTCTAGATTATCCAGTTAACGGTGTCACCGGAGTAGCTCTTCGAGCTTACCCGTTAGCTGTCACTTCTATGCTTCTTCGCGAATGGATTCTGGTCGCATGCCTCGCCTCCCGGCCCTGCAGTCACCAGCCTAATGTACAGGCATATAACCGG,1518,53.82,Arabidopsis thaliana
SEQ_715091,ACGAGGACTGTGCCGTGCGAGTTAGACCAGCTTCAGGTGACGGATCGTGGGTCCATAGTGGTCGCGCCTGCTGGTATTCAGTCACCCCAATCTCGGGCGATAGCTTGCGCATAAATACTATAGCCCATCATCAGTCCGTTTGTGTACCCCATTTAGTTTCGCATTACATTCGGGTATTTGCCTCATTCGTATGCAGTAGGCGCGGGACGCTAAGGCCCCCGTGATTTGACAGGCACTTGGAAACAGCGCCACAACATAGCTTATTAATCCGTTTCTTCGATTGCTACGTTGTATCTTCCGTATGGTGTGCCAATGGGCACTTCATATTTGTCCCTTGAGCCTTGGAAAAGTAAGTTCGTGGCCCTAGGCATACCATGTCCGCGAGAGCCTCAATTCCATGGAAACTGCTCCTAGTGGCCGGTCGGTAGGCTGGTGTTTCGACAGTGGTATTACAACATGTTCGGAACGAATTCCGTCGTTAGTTACTCCCCTCGGCATCCGGATACAAGTCCATTTCCTAGCGATGGCCATTGTGTGCCAATGATACCGACACCGCACGAGAACGTCGGGGGTTATTGACGGCACCATGGCCATTAGCGAGATTCGACTATAAAATACTCTGGCTGATATTCATAGTAGCGCGCAGGCGCCCCCAATCACCAATCATACACGCGGTTATTCGTTCCGTTGTTAGGTTAGAACTAGGCCTGTCTCGCCAGTTCCACAATGAATCAAAGGTATACGGCTCGCACAACCTATAAGCAGCATTTTGCACAGTATAGTTCCCAACGACCTGTAGGAGATTAGCACGGGAGGTGTGAGCAGCCCCCACCCCACCCTGTAACTAGGTGCAGAAACGTATAGAATCGACATAGGCACAGTGAGAAGACTCGTCGAATGACGGAACCGTCACCTAGATGTTGGCTGACCTCGCTCGACAGCTCGAGGCTTTTGGAGATCACTCACGAACGTTCAAGTGA,980,51.12,Homo sapiens
SEQ_925711,CACTTCGACCTCTCTTTAATGACCTCGATGCGGCACTAGAGATATGCAGCCAGTAATCCGCAACTTTTGGAATAACCTCTCTTCTTTCGGCTCACGATAGGTTTTTGTTGCAGTAGAGGGTGGGGCTGATGCTAGAGGATTATAAGAGGCGATTCAATATAATACTCATGCGTCCGCGAGTAGCACTTAACCTCGAGTCTATGTAACTAACAAACTAAGCTTGGGCCGGCATGGAATGCGGAAGGTTGATCCATTTGTAGTGACTTGGGAATGAGAGCTGGGGCTACGTAGAAAATGGCACTCTCAACACTTGAAGATAAGGCCAAATCA,330,46.06,Escherichia coli
SEQ_426569,GCGAAGCATAGGCCGCCAGACAGTTACTATGATTCACGGGGGTTCTTAGCAATTTTTATGTGCGATCAGCCATCGACAATTTTTGGCTATGTTTTTAGTGGGTTGATCTGGTTGACCTGTTTCTCATGTCGGCCCGGCTACCACAGCATAAAGTTAGTTGTCCTTGCTTGCCTTGCTGTGAATCGTACAGGAACCCCGCCTAAACGATGTATCCCCCCAAATTGAGCTATCAGATATAGCGCGTCCAAGGACCGTATTGCCTCGTCAGGGTCGTCCGCACGGTCCTTAGGCTCGATAGCTCTTTTCATGTTAGGACGGTAGAGGGGCTAGGACGCCGTTTACAGCTATTTAGACAGCAATAACCTGTTCAGTCCAAGACACTTTTCCGGATGCTCCAGAAGACCATCAATGTACTTGTGTTGACTACCTTGTTCTGATTATGTCCAGATGGTTTACCCAAGAAATGATGTTGTTGCGAGAATTGGGTCGTGCACAGCGCTTAACAACCACGAGTTTAGCACTTCCCACAGCAGTTTAGTTTGATGCAAACCCGCCACGATCAGCGCTGAATTGTCCGTTATAGAGTACCGAGGGAACCGTTGCAACTGCGTTCCTTCTGACTCATGATCTCGTTTGGACCACTGAGGTCGGAAGGAACACCACTTGCCTTTGTTTCAGACTCGGTAATACTTAAGACCACAGGAGTGTACGTGCCAGGGGCCTCTGCAGCGGATCCTCTGCGACTACTGAACGGAAGGACGGCCTCTCCTCGCGCTCTGAACGAACCTCTTTAATAGGCCATGCCCTGGCACAGTAGGCCGTACAGTAGAGTAATTCGGCAAAATACTGGCCGTTTTCCGTTGGGCTTTTACTGACGCCATCCACTTGCTCTATGAAGAGGTACCACTGGAAACATACACATTTGGGAAGGTCCTAACTATGTCATGGTATGGGCGTTCTTTTATCATTACATGGCAGAAGCAGGATTGATATGCTAGAAGGGGTCGTCCAGGGAAACCGGCCACTGGGGTTAACATCGTCTGAAAAAAGTAGTGTCTTCTGTTTCTACGATGGTCGTGGTCGGTAGATCCTCTCCTGCGACGGATCCATGCGCGAAAACAATACACGGCACGTGCAAAAAGGCAAGTAGGCCGGAGGGGTGACCTGGTCAGGCATTCCACACGTCTCAGAGCCCTCACTGCTCGCGGTCTCGCAAAACTAAGGCCTTAGCCAGTAGTAAATATCTTCAATGGCGATCGCCGACGCGAACCTCTTGCGCGACAAATGGATTCGACTAATCGTAGGTCATCAACAATAGCGTTGAGGGGGTGAAGTATCGTCCAATACATCTTACACATACGATCCCTCAAGTGATATTATAGTTCATCTTTGCCAGCTCCTGTTGTAAGTTGCTCTTCGATACTTAACCCCCATTGTGAAAGTGTAACGTAACGGAACCAGCTGCACGCTGCCACAAGCCAACGCTGCTGGGTACCTTAGGGCTGGGGGCCCGGGGTTATTGGGCCCAAGTTTAACAATTTCTCTATGATCTAAAGATCGGAATTTCGTATAGTGGTCAGAACGTTCAGGCAGGGGAGTCCCACCGCTTCGCAGGAAAGCATCATATCCAGTTGTCGTCGGTCAGTATTAGCCTTGTTTTATATCATACACCGGCGGGCTAAGCGTATGCGGGCAAATAACGGGTATGAGAGGTCTGATACGTAGCGTAGTTTCTGGTCGTTATCCACA,1749,49.57,Homo sapiens
SEQ_905624,ATATCATTCTATATCAAACACGAGTAGGATATGTTCGGAGACGACCCTGGCGATACCTACGGAGCGTAAAGCAATGCAGTCTCCGTGACGATTAATGTGAAGCCTTAGTGCGGCAACACCTACAGGGCACTGCTCTCCAAGTTCTTCATACGGTGACCGACAGAATTATAGAGATTGTCTCCGAGGAGGCCGGGACGAGTTGGGATACCTCTCCCGTCATAATGCTGGTCTTTAATTCATGCCTACGGTCGTTAACCGTTCTAGCTCCCCCACACGGGCAAGCGCTCCCACTCAGCTTTAGCGTCGTACGCACAATTTTGCCTGGTTACTCAATTTATGAATTGCCTGGTAATGTGGCAAGGATCTAATTCAGGCACAAACAAGCATTTTTTAAAATTTGCCGAAATACCCCGTCTTTCGCTGCACTAAAGTGGTACGGAAGAACAAACCACCCAGACGTACTTCCAGGCACTAGGGATCCAGTTTGCGCTTAAATCAGGGAGGTGGCGGCCAGATTATGATAGGAAGATGCGCCCCCTCCCAGCCGGTCTACAATTTAGAAAAGTCTCTGCGTACTTTGTGACCGTCAAGGGAGGAACCGGAAGCTTAGCTGCTTGACCTGAAATCGCTCAAGACATTAC,641,48.99,Saccharomyces cerevisiae
SEQ_143660,CTACGGTTAGCTCATGGCCAGTACGATAGTACAGGTTCACCCGTTTGTCATGGTTGTAACATCAAACGGCGCCAACTGATACGAGCTGAGCCTCGGCGGGGGACGTGCCGGTTCGATCGGGGTGCCTCTCATGAGACCCAGTAAATAGCCCCGCTCTGAAAGGCAACATCAGACGTTAAGATTCGCGGGACCCATCAAAATATATGTTACCCGGCTTGAGAGCGCCTTATACGGTCCTTGAAGACAACGTTCTGCGAGTAGGGAGAGTTTACGCAGTCTTTATCTCATTCCAGGGCCTACCGTTCAGGTATACGCCCGAACCCGACCAACACGGATAATTGACGCCTATCCCTGACCGATAGCCAGGTGGGTCAGGAGAATTACTCAAAATCCTGGTATCTCAGCAAAGACCTGACTCTAGATCAAGTAATCTTGGGTATTCTTGCGATGAAAAACGAGGCACTGGCTCACTGGACATATTTCGCCGGCGAAACTGACGGAGCAGAGGAACGTGTCACGCTGCGCTCTTGCTGTATCGTCACTCTTCTGTTGGGTCCATTGGACTCGATGTGTCGACGGTAGTCCTGTGGCGCGTCCAGGATTTACAAGTAGCTTAAACCCGGCTGTACGGAATCTATACTATAGTAACTATTGCATGGCCAAAAACTGCCTCGAGCTCATAAA,684,51.02,Escherichia coli
SEQ_942085,GGACTTCTAAGAAATGTTCGACTGATTTGACCGGCTGCCTCCGCTGCATGACCGCTATCCGCCTGCAGAGAGGCCCGCAAGTCCAGGTGACGCATCATAATCGAGTCTAGCTTAATTGACTTGTGTGAAGGCTAATCAGCTTGCGACGGGTTTGCGCACCCAGTGGCCTAACGTCCCGAACTCATAACATTCAAGTCTGTTCACGGGCCCATCCACACTGGTAGGGGAATGACCGTCTTTCGATGGATAGATGGTTTACAGTTCTCAAGGATTCTAGCGGGCCAGCATTCAGTGGTGCACGCTGGGCCCTGACCCCGAACGTGACACTCTAGCGACGATCGAAAGTTCTGCACCAGGCGCAACCAGGAATGCCTTATCACTCCCGTGGGCCTATTTTATGGAAAAGGCATAGGTCTAAAGTTATTACGTCAGCTAGCGCAAAACGCAGATCGTTAGTTAAGCGATGTATCAGTGCCGAACTCTTTGCCGTTCCCCCTCTATAGGC,505,52.28,Caenorhabditis elegans
SEQ_169253,GGGCCTATCCTAGGCATCTAGAGCGCAAGCGCATTCAACAGACTCGCTTGCGATGTCGGGCCAATAGTACATCGGAGGGTGATATTTTGATTACAACTACACCTCTACTTATCTTCGGAAAACACTGATTCATTTTCGTCCCGCGTTGAGGAGCCGCATATCTTGGGGAACGCGCGAACACGGGCTCGGTATCCAGTGTGCATCAGTCAACGTGTTGGGAACATAACCTCAGATATTACTCCCGGTCGTGCGCGGCGCTATCATTTCACTATTTAATGGAGCGAGTCCAATAGGGTGTATGCCCCCTAAGTCCAACTTTCGTAACAATCCTAAGACTCGGCGAATCTTGACGAGGTATACTAAAACGCTCATCGAAGCAGCATAACTAGCCCCAGAACTGGCTCCGCGAACAAAACCTGGCGAATGTTTGGAAGCACCGCATCGGAAACTCGGTATGGAGACACCAACGCTGGAAGGGGAATGAGAAGATCATTCGCATTAGGCACGTTTTTTAACGATTCTATCACGAGGTACTACCAGATACCGAGAAGATCTGCTACCCAGGTGAAGCATCGTGAAGGCTACTTTTGATACAAGAACTATTTAAGCCCAGTTCATCCGTGTTGCTGTATTTTTCTCGTGAAGCATTCTGCTGGGTACTCGAAGCAGCTGCCATCGGATGCGGTCGACATGACTCGGGTCTGAGGACCAACTAGCACCACTACATACGAGCACC,736,49.46,Caenorhabditis elegans
SEQ_308620,ATCTTGCTGTATGCCGCTAAAAAGAGTGTATATGCGGGAGGAGACGGTTCCGGGACAACAGCGTACAACTCTCCGTATAATACAATTTATATTGCTACTCCCGGCGGCCAAAGGTAGGCCACATGGTGCCTGAACCCTGTGCCGTATCTAATTCTTATAAGGATAGGCGTTGAATCGGTTGTTGGCCGAGAGCTTATCCCTGGTACTCAATTCTCACCGTGGATGGCCGTACCATTTTCGCCGCAAATCGAAAAACATAACACGAATGCTATAGCTTGTTGGGGTATTCGAAATCGCACCTCCTAACGGGAGCTAGGGCCTTATCGAGCTGGGAATAGAGGTTCCGAGTATCACCACGCGTACTCAGCTAACAAACCTGCTGTCAACATTCAGCCTCTGTTGGCCGCACGCCGAGCGTGTCACATTCCATCGGTTCCCCCGGATTAAGTGGTAACTATTAGGGGTGGCCGGGCGCAGATAGCCATCCCCCAAAGATACTAATCCTGACCTATCCATATATAGCTAGTTGCTTACAAAACCGTCGGCCTAACGTGGTGAACCCGAAACAACTTAGCAGGCACACACCGACGCTTGACGCCCTTACCTTAACTCAGCTATAATGCGGATTCTGTATCTGGTGGAGCCTTGTTTAAGGCGTTAGCGGGTTTTTCCGTAAAGTGTATAGGCATAGGGCGTTAGCGGAACAGTTCACAAAAGACAAAGGCCGTTCCGTCATATTAATAAGTATCTCGCTCCCACCCTGTGCCGAGCCCCCAGCATAGCTAACGTATGGGGGGTATTTGAGCGCGATTAGCTGCTGTTAGTCCTGACTACAAGGGATAGCGATTAGCCGTCAGCAATGTAGAGAACCACTGCGAAGCGGTTGCACCACCGCGTAAAGCGGGCAAAGGTGATAGTTTAGAGGGAAGTGGACTGTACCGAGGTCTATACGCATTTCATGGTCGGTTTCGACGTTGCCCCGTCCGATCACGTATGAGAGCAGCTGGCAACAGCCCTCGTTGGTCCAGTGCGATCTTAAATTTTCCTTAAGGGCCTGATCAGGAAAAGGACATGATTATTAGTTGAGTTACTTAGACCCAGTTTATAGCACTGGAGGGAGCCACAATCGACCTCTTGCCACGGTAGACCCATCTAATATCGCATTTCAAGAACATTGCGGCGGTAAGATAGGTATCCCCTCACGATGTATGCATGTAAATTGCTAAGAGTTGGAGTCAGAAGTTCTGCCCCCAGACGGCCGGCGTTAACACTATTTGCGTAAGGGCGACTCAGTAAACCGGCGCGACGAACAGCAACATCCTGTCTTCTTGGGTGGCCTGCTCCCCAATGGCTAAAATTCCCTGATCGTATTGAATTCATCTTTCCCAGTTACGTGCTGGGGTCCAGCGATGAAGAAGCTGGAGCTGCACTCATGCACCTTGCATGATGGTTGACAACACCGTCGTGAGGCCCCCCGAAATAAACGTCGCGGGTGAGCATGACGCGAACCCGACTACTTTGGGGTTTATCCCAAAA,1536,50.52,Caenorhabditis elegans
SEQ_533612,ACCCCATCTGCCCTCGGTCCCTCTGGCGGCCACATTATTACCGTCCTGACCCTATGGTACGATCGTTGTCCGCTGGGCGTGTCATAGGGGTCGGGACCGGATGATTTGCATAAGAGGTCCACCCGAAGCGCTGACATTCGCGGTTGAGTACCAGCCGTAAGCCTCTCCGTCATTGCTGCCCTACATCACCAAAGCGTGGCTGCAGGTATCTCTGGAACCAATCCCAACGTCCCTAGGGGAGTACACACATGATAGCAGTCCAAATATCCGTCTCTGTAGTTGAGTCACCCGCCTCCGAAGGCAGCGAAGTACGTTCAACGCAATAGTTCTACCTCGTGGCTTAGTGTTGAACTTCCATGCATGCAATTTGAGAATCTTTGTCGCTACCGACACCGACTGTACGCGCTACGCATTGATGAAAGAGGTAATATAACAGGGTGTTCGGCCTCTATATTAAGATCGTGGCGAGCAACCTTGATGAACCGTTGCTGTCGCCTTTACTATGTTGATCAACACGACGGGCCCCTTCTTATCAGTTGAAGGGCGTTAGTTGCCATGATTGTATCTTGACTATGGCTTATTATGGGGGCTAGGGGACTCGGGCAAAGACGTAAATCAAAATTAGCCAAATCGCTAAGCGCCGCGACGGGGGTACGCTTCAGGACATATAGAGCCCACCACAGGCTTGAAGATGGTATTATATTACCCGGAGGAATTCCTTACTAAGGCAGGGAAGAGTCCCTTGGGACGTATTTACTACAACACCGAGCATGATGAGGACCAATCTATAGCCACTACCAGCATCAGTGCCGACCCAAATTGTAAGATAACTCACCTGGTCAATAACGCCGCGTAGGGACACCGGGGATTCTAAACTGACAGTTATAAGTCTCTCGT,897,50.84,Escherichia coli
SEQ_324113,GTCAATCAACCTCCCCCAAACTTCCAGACCTCGTCTGGTAACTCCTAGTTACAATTGGTGGACCGCTTCCTACGGACCATGGGTGCGAAACAGAGTGCTGGCAGTTTAGGCGCCTTGATCATTCGCAGGGCCTCCGGTCAAAAGACTGACGTAGCATATGGGTTACTTGCTACCACACTTATCAGTAATGGAGGATCGCGCCGGATCTACTTGGCATCAGTTATAATCAAGCGACGGTTCCGCTTAAACAACGCGCTGGTATTAAGGTTACATTCTTCCCCATGGGAAGTTCTCGCGGGAGAGTATTGAGAACTTCGCACTCCTCGTTGGACGAGCCAGACCGATAGCTATTCATTTTCTCCCAACTTATGGCTGGTCTTGAGTCGGTTCATCCCTGGGGGGAAATAACCCTTGTCCTCACTTGAATGCACCTCCGCATCGATATATTAATGATCTGAGGCTGTGAACTTGTACGCAATAGCGTCACTCGAAGGTTGGAAATTTTTTCGGGTAACGTTCAGGTAACCAGCCTTTGACGTCGGACCTCGTACCCGTTGTATTTGGTTGGAATTTCTCCATTACGTAAGTGAGTTATCTAAACATTTTACGCTGTCATTAACACCTCTCCGGAACGTCGAAGATGGGACCTGTGCACGTGCAGATCTATTAAACATGGCGCTAGCCTATACCCTAATTCCGCGTCTCGCTTGTATCGGGTCCGAATAGCCTTAACGTTGCTGGGGACAAGATAGGCAGGGAGTCTGCCTCCACAAACTTTTAGACAACCGTGCGTAATGGTACCTTTTAATCATGAATGACACCGCCCAACCAGAATAATGAGTACCATGCGCGCATGACCAGTGGGGGACTGTGCGGGCGGAGTGGTACTCGGTAAGCGCCGCCTCCACGGTCCTGTTTTAATAGCAACTTGTTCGTTCAGACAAGTGAGGCCCGCCCCTTAGTCTCGGCGTTAATACGCGCACGCTTTCGAATACCAATATCGGAATCAAGCGTCGTACCCAGAATGCTAATAGTGTTTCTGGTGTCATGAACTCACATCAAATGTGGGTGTGAAATGCAGATAAGCTTGAGCCCGCCAACCGTAGAGTGGTGGAATTATGATTTCACTATACGACTCCTGGTAGCCCTTGTCCCTACGCCATAGATGTGAGTATGCATACGGAGCCACGGTGAGTGCCCCTGTACTCTAGTAATCAAAGGAGGACGAGGGCGCCGAAAACGGACGGCGACCAGCCTACAATATAGCGACCAAGACCAGCCTGGACCTATGATATATTATGTCAGACGGTAATGCGCTTTCACATACACGGTTTCAATATATCTGTGTGCTAACTAAATAGCCTAGTACAATCGTCCCTTGAATCACAGTCCCGATGGGGGGTTTGCTACATGCGTGCGTCGGTTGAGCTAGATCGAGTACCGGGTACTGGGAATTATTCATGTTTCCAAATGCCTCGGACAACCTTTGCTTAGCTCGATCGACGGGGTGACAGCCT,1517,49.57,Homo sapiens
SEQ_215318,AAAACTGGGCACTTATTCCAGACATGATGTGAGATACAGAAGGGTACAGCAACACTTAGCCTCGTCTAATTGGGGCAGTTGGTCCGTTGACTTATTAGCTTCCGTGCTCCTCGATGGTCGTGATCGCTGGACGTTTCCAAAATTGGGCTATCGTAGATTAAGGCCGGGTGAGTCGCTGGCCTGTAGTCACATTGGGATTTAAGTTCGACAACCCTACGTGCTAATGAGAATGGCACATTGATGTTCGAAGCCAGGGCTCGAGGTCAGCGGAATTGTGAGTGCCACAACCGAACTCCCGCCTTGAACGCGTGTCGATAGGAAGGCAGCAGACGGTAGAGCCGTTTCCCAATTCGTGTATGAGGGCCGGATCCGATACTTTGATCCAGGTCTGTTTAGGTCATTGTATTCGAGGTCGTCCACGCCAAGTTGCTGTTGCAATTGACATGCCCGCGCACGCCGTCATTTCATTGCGGCACATGGCAACTCAAGATGCCCTTAAGGGGTGGTGAGGCCTAGGGCCCACACATGGCATACCACGCGTGGCCGGTGGTTTAGGCCGTAGGGTCCCCCTCTAGTAGATTATGATGATTCCGACCATCGTTCATTTAACCAAATGTTGCTGGAGACGTAGTCTAGAATCTCTACCTGATGTGCCGGTAGTTCTTTCGGAACTAGACCTGCGCGGGATCGTCGGTTTACGTCAACTCGTGCCATACGTACTCCACTTTACAGCTCAGAGTAGGGATGCCGGCATACATTGCTAACTTCCTCACTTGTGTACGGACCAAATCGTCGGTCAAAATATGCGTCCAAGTACGGCACTAGCCTTGCTAGCGCAGAGGGTATGGGCGTAATCAGGCTCACAGAAGGCTCGGGAGCCTATAGACCGTCGACACAGGCCTCGAGTGTCAACCGTCTCGGTCAGATACGAGTCATTAGTAAACTGGCGTAAATCTACCCTTAGCGAAGGCGGCTGGACTCTATGATGTAAACCCACTTACGTTGGACATCACTCCCCTCTACTTGACCACGCTGAAAGAAGACGATAGGAACTATCCGGCCCTAAGTCAGCTTTTCAGGCCGGGAAGCACCCCGAGACTGCTGAGCTCGTTTATTTTAGAGCATCGTAATCCCCGTATGACTTTGCCGGAATACCCTTATCGCTTTCTAGAAGCATTAGCGGCCAAAACAAACCAATCGCGCCTACCTCCGCAAACTTCGTATAGATTGAACTAGGGTTATCTGTGA,1248,51.36,Arabidopsis thaliana
SEQ_582573,TAATTTACACACTGGATGTTACAACTACCCCGCGGCTGTTAGTAGGGACCTTCTGGTCAACTTCTACAATGCCAAAGAAGATGTTTCGAATCCGACGTTAACTTATCCAAAACAGTCCTATAGCCAGACCACCCACCATCATAGAGGAATCCTATGCGCGCAAGTCGACACGCTAATGGTTTAAGGTCGCGAAGGATAGGTAAACACCCGCTGTAAGCGGACAAACCTTCCAGGATAGATACGAGGAACACTGGTTTCCAAGGCCGGCACCGGTTATGGTGGCTTGACTAGAAACCTCCAGGAGCTAACTTTGCTTCTACCCTATATGTACTAGTGCATGGCACACCCCGCCCGCGTAGTTATCTTCGATCGTAGGGCTCACGGAGGTTTTTTCCTTCGAGAGTGCGCCTGCTTGACTCTCGACTGCGCCAGCCTGGCGTTCCCGCTGGGGCGAACTGGGGAAACAAGTTTCCGGAGCCTAGAAACACTCTATGGACCCCTGTTGTAATTTGACCTGACCAGGGTGACAGATCTTTCCGAATACAAACCGCTCGACTTAGGCTGCTATACAAGCCACAGTATGCTGAGATCGACGCGTCTTTACAAGCCGATCCGCAAGATACAGTTGCCAGCCTTACCCCGACACAAGGATATCACACTGCGCATGTTATAACAGACTTTCACCGGCGGTATAGTAACACAGTAATTGTGTGCAGCATCGCACTCCGGATTGAGCATGGAAAACTCAAAAGTATATACAGGCAATTAGCCTCATTATTCAAACCTTTCACCTAGTTCACGACAGAATCCTGTCGAGTGGTTCACCCTGAAAGGTGTTGCAACATATTCGAACTGCTCGAACTTTGCGTCTTCATGTCTCTTTTGCAACGCCGAGGTAATCTTGATTGAACGTGTTAGTCGTGAACGAGTCCACAGACCTACTGGTAGCACGGAGCCATCTCATGTGCGTTATGTCTCGGCCCATACATCACGCAGAAGCCAAAAAGGATGGCGTCGTCGAGGTTCGTTGGAGTTTTCCGAGCCCCAAGGTAGACTGCATTGCTGCAGACGTGTATGATCATTAACCTGTTTCACTAGCAAGGACTTTACCTATGATTTACACGGAGCACCATTGTCACGCTTCGTACTAGTTTCCAAAGTGGGTAATTCGCTGTGAAGCCAACGGCAATAAGCACTCGACCGCTCTCGATACTCCAAGAGCGCAACCCTTCTCCTACTCCGAAGTCATATATAATGGACTTCCTGCCTGGACTCTTGCTAATGCATCGCGGTCCCTAGGTAGAAGGAGCAGCATCCAAAGCCTCGCGTCCTGCGAGAACAAATAGCGTTACCTGCCCTACAAGGAGCCCACGACACCCGTTGTTTAACGACCTCCTATGGA,1402,49.71,Arabidopsis thaliana
SEQ_492843,GCGGTTGTGGCAACGGACAAGGGAATGAGACATCTGATGGATCAATCGGGGGACTAATCCATATGGTCAACGGAACTTCCCGCAAGGGAAGGGCGTATGAGTTACGAAACAAAGTCAACCGGTCACGCGCTGAAGCTGATCTACTCTTCTAAGGTTTGACAGTCAATTCCTGCGAAATGGTAGTATACTTCCAGTCGCCGCCTTACTGGTGAAAGACCTGGGGACCTCCCACTTTACTCGTTCGAGTGAATCCCCCTGCCATACAACTGAATCGTCGCACAGGCATGACGGAATCGTTGTCGGGCATGGGTTGGGTGCATGTTACCGAAATCGCACCAGCGTGAGTTAACTTACCGAAACTGGTCTGGCCGCGTAATCTAGTATCGGATCGCCGTCCTGGTATGCGGTACAGTGTATAGGCCTCCCTGCCACGGGAAGTAATATGCGCGTTAAGTCGTACTCAATCCGGGGGAATTCAATCGCTGGAGATCCTTCCCTCGAGGGCCTGGAGGGGTTAATGTCGTCGTTGGCCATACGAGCGTATGGGACCCATCACCTCGAACCGTGTATGCGAGTGTTTTCTGACAGGATGTGGATCGGTTGATAGGCACGTTGCGTAAGCGATAGACTGCAACTTATGACGACCGGGGACCTACCCTGGTGCGTGTGCAGATACCGTTAGACACAGGTGTCGGGGCGGTCGGTTAGGATGGGCGAAAGGGACGGGTACACGCCGCTCGACCTTCGCGGGATACCCGGCAGTATGATGCGGACGATGCGTCTGTTAGACGCTCCTGATTTACCCTGGGTACGCCCGCTCAGGACAGTGAGTATCAAGTTCTTGAAAAAAACCCGCAAAGCTGGAACACGACCCCGACATACCACTGACTTTTAAGCATTCCGTGTCGAGCAATTTGTCATCCTGCTAATGAATGTTGGCTACGCAGGCTGTTCACACCCCAGATAATACTACATGTTGGCGAACTTTTTTACAGAGAATGGCGAACTTAGACGACCTCCGTGACGCACTAAACGAGCTTCTAGACCTTGAAGCGGTGCCTAGGGTTAAAAAGGACTTCGCGCTCTAAGATGAGCTTAGAGTGTTGCGTAGGATTAGATGTTGCCGGTAATATGTCCTCAGGTCTGAGAAGCTGTCCGTGGGTACTCACTCACGCCGGAGGAGTAGGCCATATTTGCTAGGTCCCCTTGGATGACCTTCCATGTCTAGTCTTGGACTTCCTTCGCAGCACGTAGGATCTACATAGCGTTGAAGTACCAGCGGTACACACGTAGAAGTAAGATGGCCCGCAGTCCGCCCTATCTGGTCAAGCCTCGATCCGGGTCTGTATCCAAGCCCTGAGGCATACAGCACGGGCTCCATGAGCACAACTTCTGAAGGCCCCCCCCGCGCCAACACAGGTACGGCAGACGACAAAACCTTGGAGTTCTAGTAGAGTATGGATATTTATCCTTCGCCGTATGA,1483,52.87,Caenorhabditis elegans
SEQ_604410,ATTGGCTTCAACCCAGTCACTTTCTTTCCGAACATGCGATCCTCGTCTAGCACATCTCACAACAGTAAGGCCATCTGTGGTCATTCGCGGCTCGCCAACCCCTTCAGTATCATACAGGGAGCAATGATAATGTGCTCCGAGAACACCGGCCTCACTACTGTGGCGGGGCCATATCCGAGGTGGAGCCACCAAGGTGCGTTGACCCGGTGAGGCCGGTGTTGTAGGTCGTGTGGCTCAGTCAGGAATTGCCTGTAATATGTTTCCGATCATCGTGTCGGGGCAGGCTATCGTACGACGGTTAATTAACCTCTCATCATAGCACGCGTTATCGAGTGGATTTTTTGGAGGCCTAAATCTATTTATCTGGATATCCGAGATCGAACTCCGTGCAGGCGGTGCATGTTGGGCAAGTAGACCCGAACTCGGATCCATAGGTAAAGTTTGTTGCCGTCTCTAGCTATATACAGTCAGTATTCACGATG,482,51.04,Arabidopsis thaliana
SEQ_488254,CGTTCACTGGTGTAGACGAAATCCAACTCATTCTTTACCGCTAGGGGTAGTTGCATGTGTAGGGACCTTAAGCGATGCCAACGAACAATCTCCAATTTCGGATCTATTATGAGAGGGACCTCTTGGTAGACAGTATGGAGACTTAACGTGTGTTTTTATTGAGTAACCATGGGCGTTGTGTCCTCCAACGTCTGAGGGACAAGTGCTGACTGCGAGAAAACTCCTAAGTATCTAACCATTTTCACTGTTGACTACTTAGCACCTGAGCAAAAGGCTAACAGTTTCGCTCACTCTTCAGGAAGAACTTCTAGGCGATTTTGATAAGACGTGAACAACTAGGGCACGGACTGGGATTCGCATCTGAGGTTTCACCACAACGGACACTCGCGTAGTCATATCCAGTACCGAACTATCCTCAAAGCGCCCGAGTCAGTACACTTTCACAAGTCCCTGGCACAACTGGTACGACAGACTCGGGGCAGAATGATGCTGCTCGACGCGCGCAATGCCGAGTGTAAATGTCATCGGAAAAGGTGTCATAGCGTACCGATACTCTAAGTCTCGCATCCCCGTTGTTACGACATTAGGAATTTCATATAGTTAGAATG,608,47.2,Arabidopsis thaliana
SEQ_164517,TCTCTTCCTCAATTTCTACTTTTTAGAACTCGATTCACGTTCTTTTCCCATTATAAGCCATATGCGTGCATAATGCCGATTGAAATGTTCGAAGTTCGGGGCGGAGGTGAGGTGATTGGATGGATGCAAATGTGGTTGTGACGCACAAAGGGCATTCTACTGTAACATGTAAGGACGATAGTTACAGGGCCTACGCACGGGGGAAGGTCGTTTGCATAGTGTGTCCGTCGGAAATGACTGGGTTACAGGATCCCCCATATTGTGGGGTGCTAGTTTTTCTCACTGGAAGCTCGGTCCGAGAGATTACCCAGTTTATAAGACGCTGGAAGAGCAGGGGGGTACTAGGCTTCTAGCGGAGGCTCCTGACATCGACCTAGCAGGATAACTTAGGCCGACCGACTATTAACAATCAGAACTTTTCACGAAATATCGGTCTGCGATGGAGGGAAGGACAAAGAGGCTGTAGATACCAGCCATCTTCATATGTGTACGGACTGAGCGTTCGATAGAGCCCTTACTCGACGTGAAAGGGCACCAATCACATCGTCTGGAGAGTAGACATCGGACCCGCACGGTGAACCACGGGATGAGCCCTACAGATGAGGGGTACATAGTCGATGTACCTCGCCACCTTGGCACCCTGGCGTACTCATTTCGGTTGTAGAAAAGAAGTCCATCAGGATAGGTCGCTTCCCGTGCTGAGCCACCATACTGGTAATAGGTGATAATCCGATGGGCCGATAGCGGCTCGGTATTCCGTGCTAACTGCCCCATGTTCACTGCTCGAGCAACGTACAAGCTGGACTAACATACACCCCGCGTCTTATGTTACTCTCACGATACACGACTTCCTACTATGTTCGTGTTCGCCACCCTGCGTTCCGCATCGTGGACGACCTCCTTCATACTGCTGGAGAGCGGACTCGCAGAAGTATTCCTGGCAGCGAGGTATGGAGTAAACTGCCCGTAAAAAATGTTCTAGCCATGCCGAATTCCCCGATAAGGCAGGTCCCCCTGAACAACAGCGCCGGGATATCCATTGGCAGATACGTATCGTAATAAATCGATACAACGGTGTGAACGGTCGTCCTCGGTTTTTGCTTGGACGCGGAGCTCTAGGAGGGAGAGACCAGGATACATCGGATGAGACGAAGCCTATCTCTCACTCGAAGCTAGATGACTAAAATACCCGCTGGTAAAGATGAATAATAATTGAAAGGCGTCGTAATGGAGTCATCCCTTCCGTGTAAGAACGAAAGAGCGTTATGGCAGTACGACCGGACGAGTGTAGTGTTGAACTTAACCTGTTTTTAATGCGAGTATAATTTGCAGCGCTAGTAGACTTGCTTGAACAACCGATCAAACCAGTCCGCTAATGCGTTCACGGTCCTCACTGCTTACATCAACTCCGTGAGGGGGGGTAACATTTAAATTCCCTGCTAGAAAAGTACCGCATCGATTAGTAGGATTGGCCCCAGATTATATGCCTTTGGATGTAGGGGTAATTTGCATACAAGTTTTGTAGTAGCTTGTTATGACTACGCGTTGATCAGAAGGTACATGCGATGCTGCCGCAGGCTCTCAACCTTCTCATAGTCAACGAACTGGCCCTTTGACGTGTCCTGGCGCAGTCTTAGCGGAGTGGGACGACAAGTTGAGAGAGGCCCATACGTACCGCTTTGCCGGCCAACCGGGAGTATAGCACTTCTCACGATTTTATTGTCCTATCCTTCACCTCGGACGGCACGTTCATGCCGTTGTATGCTCTCTA,1771,49.8,Drosophila melanogaster
SEQ_982677,GATCGAAAGTGGGCTCCAAGGACTCGCACCCTGTGTCGGACTTGCCACTCCGCATCAGTCGCCCATACGTCTTCATTTTGTCTGAGAGGACTATCGCGATTCCAGAGGTCAGCTCAGGACTCTTCAAACCCAAATGATTAGAAGACTAAGACGCTAGTACGTGGTCTGGTACTCAAGCATTAACATTAATCCGTTAGACCGCACCACAGTAAGTGTGCCGATCCTAGTGAATGATTCAACGGGATGCAAGATATCAGGAGAAAGTTGCTTCTAACCGTTCGCGGTCGATCTCTTTGTTGGGCATACTCGCTGGTCTAGTAACCATGGTGATTGTATGCCGTGATCCGAAACGGTCAGTCATATCAGAGTATTCCGGAATGAATTGAGCTTGCCGCTTTCCACATAGAGACACGTCTGAAACAGCTATAGATTAGGCCGCTCGTCCAAGACCGAATGGGAAGTATGGCAGAATGGATGAGGCCCCGCATATGCAGCCGAGCCGTCCGGCGTAGGGGCATGCATTATAAAAGAGATTCTGTCGTTAAGGTTACTTTAATTAAGAAAGATGCCCGCTTACTGTGAGCAACGAATCGTTGGCAGAAATTTAGTACTAAAGCCTCATTCTAACATGACGAACAGCTTGATCTAATACACGTTCCATGGGTTAATCTGCAGACGTTCAATTACCCTGGCCAGGGAAGGATTATATAGCTGCGGTAGAAAGGACAACTGTGTCTCTCCAGGAACTTTTTCTACTGGGGCGTGGATGAGCGGGAGCTCCCCCGGCGAGTGCTATACCGTTAGTTTAAATCTCGGTGGCTTCATTGAGACAGTTGCATCCGACAGACTGCAAGTCGCGTCTTTTAGTGTAACATCCAATATAGGGTGGAAAGCGCGCTGCGGCGTCCCCTGCGTCCCAGATAGCTCCGGCACATAATCAATCAAGGGAAGCGTCCGGCCTATCGTAAATTTCCTATCAGCCGCCGTAATGGAAGTCCCGGAGTCCAATACGTTCAACCTGCATGCTGTGCGGAGCTCGGTACGAGGAAAACGCGTGGATTCAGGAGACTGAAGCTGTCACCGCTTGAAATCTGTTCGGTGCCCTCGTATCGTCACAAGTTTCGACTGTGAAGCGTCCCAGTCCACTTGACGGCCACTTTTCCCTTATTGGTCTAAAGTGAGTTAGCTGCTGGTTCGTGACTACGTAAATACCCTGATCGAATACTCTACCACCGACGACCAGTCCAGTCGAGCGAATGGTTGGGAGACTATTTGGTCCTCCGTTCCGCGTGGGGGTTAACTGTACTGCCTGTATGGGGTGCCCACATTTCGCCTCAAGGCCCAGGCCTTAAGAGTGCCTTTACTCTCCACGGCAGCGGAAAAACCTACACCGAACACGACGATGGCATTCCGTTGCCGTGTATGCCAATCTGCGATGAGCGTCACTGTGTAACGGGTTTGTACA,1465,50.44,Arabidopsis thaliana
SEQ_676957,GGTAGTAATGAACGCACCACTGTTGACTTGGCTTCAGCACTAACATAACACGATCGATTATTCTAAAGTTCTCGGTACCCATGGCCCAGGAAGCAAATGGTATTAGCCGTAGGAGGTCAGTCCAATAGTAGCTGGGAGGACCAGGATGAGAGATGGATACCCGTTCGTAACTCTGGAACCCGAGGCCATCCCAGTTTCTCGCTTTAACAGGGGCAAATCTTAGGAGACTTCTTGACTATTGTTCGAAATCAAATCTAATACTCCGGGGCTAAACAGTGTGTAGAATACCAACTGTGAGCCAGTGGGCTTCTAAGCCTCGCGTTGTGACTGGGACACACGTGCCAGATTTGAAAAATGCATTAGCGGCTTCCCCCTCCAAGTCCAGGTTTGGACCGTTGGCGCGGACCTCCGCTCCTCGGACCAGCCATTTCAGGAACGAAGACACATCGTTTCTCGGTACGTCTAGGTACAAT,473,49.89,Saccharomyces cerevisiae
SEQ_928908,CTTTGGCGGCCGAGTCCGTCTCTTGTTTATTCGAGGGGTCGTTAGAAGCAACGGATTTGTGTTACCATTACAATAATAATAGGACACGGCATAAAAGATGTCCGTGCCTGCGCTCCGGATCACTGACTGCGCTATGCGTGTTACTGGATGTTCGGACATGAACTCGTTTTGTGCTCTAAGAGGAACAACTCCAGCTCGGTGCATGGACTTCACCCGTGTGCCCTCAATTCATTAAATGGGCGGCAAGTTTGGGGAGCTCCCCCGGGGACGGCTACGGTCTATGGAAATATCCTTGGATTGCGACTATGGAGTCCGCATGCATGAAAATTATCTACACACCGGAAGCGGTATTCCGTAAAAACTGGGTTCTTCTTGGATCGTAGTCATCAACGTCTAATGCTACCAGTAGCTCGCACGGTGGCGCGCGCAAGTAATATAGGTCACCACGCTGAGCAACAGAAGTGCGACTGAACGTCATAGGACGTGTAGTAACCGCAAAGTGGTGATACGACTATGGTCTGTGGCTTGTCATACTTCCCCGTTTTGTAGGCAGGTGATATCCCACCCTATGGTACTTGCGTAACTACGCGCTCGATCAAGCTGCGAATAA,610,50.16,Escherichia coli
SEQ_684197,ACCGATGAGTTGCCCATTCTCGTCGCCCCTTGTCCTGTGGCAATCATTGCGTTTAAGAGATACGCAAAATCGCAGCAAGCCAGAGGTGAGCTCCCAGGGTGTTTAGGATCTGGACGAGAAATATCCTTCCGTGACGAACAGTAATGTGCATAACTAATTCAGTGTTTATGCCAAACAATGGTATCAGTGCAACAACGCCATATTACAGGGTGTTTTTTTCCTTAGCGTAAGACCCACCATGTCCAGGACAAGAACACAGTGCCGCATAACAGCGATATCTGTGGTCCTAACAAGAACTCTCTGATCAATTTCAATTGACGACTACGGAGACGTCTTTTTGCCGAGGCCGGTTTCTATGACCGGACATAGTGCCGCGCCCGCGGTCAATCTCATTGATTGAATCATAGCTCGAGTCATGTGCTTCGACGTCGTGCCGCGAGCGTGGTTACATCATGGTCTTGGAGTCTGAAACGTCCACCCGTCAGTGGAAAACGCTTAGGCGCCCTTTAGGTTCGCTACTGGGTCGCAGTACTGGCTGATGCCGCACGGTCCGCAATACCACTTTTGGAACTGGGCCATCAGACAAATGATGCCTAGCGCGGTGCGACACTTAATGACCACTTATGTATCTATAGCTAAGTACGCTACTGCTCAGGCAAACCTGAGCTTCTAGGACCTGCCCCCGGACCGAATTGGGGAAATTCCTCCCGCATGGCAAGTCAGACGATAGATCAGTACCCGGAGGGTGGTTCGTGATACCGAAAGCACGATTAGTTGGCAAATCGTTGGCGCAAGGCGGCAATCAGGCCCACTACTTTGTTACTTGGTCATTCCTGTGCGCATGATTATACGTGAATATGCTTGGCGCAACCGTGTGCCACAGCGCCGGGGCCTAGGCACGCATTCCGTCTGGGGCTGTTGGTGCATCGCGACTCCACATGTCTATCTCATGGATGTGATATGATTATTCCACGGGCACTCATGACACAGGTTCGAGACCACGAATACATGAATGCATGCAGTGTTATGCGGTCGACGCGACATAAACTTTAACGAGTGCGCGGTATCAACGATAGATCGTTGACTACCGCAGTAAGATGATCGCACGCCGTCTGGTGTGTGTACAGAAGTATAGAGTCCTGACTACACCTCTCCCAAGTAATCAGTTGAATCTCACTCGCCCAAACGACCCCTCAGTTGTGTATGCAAATTTAGGTTGACGTCATCCGCCCAACACACGTTTAGATGATCCTAACTCCCTCCAACCATCACAAAAACCAATTCTGTAACATAACACAAAATTGGTCCTCATGAGTGGGGGTGTCGCCGCAAGGCCGTAGCGGGTGTCGTCTCAAACCCTCAAGAGATGCTTGGGTCGAAGTGCGTAACTCAGGTCATGAAATCGTTCCTACTGCTTCAGGCGGAGTAGGCAAGGTTGTGCTTTGAGGGGGGGTTCCCTTTTCAAGATTTATTATAGGGCTTGACGTTACACAA,1494,50.33,Homo sapiens
SEQ_671945,CCGTGCAGACAGCACGGTCTGACACTTCCCGATGAAAACCCTACTACAGAGTGTTAACATGTTCGTGGGCTATTCCACTCAAATGCTTTCGTCCTCTGGGTACGTGAAACCTCCGTAGTCATTAAGGGAGATGTTATTTCAAATGTGCTTTAGCATCACCCGCACAGTCAGTTGCTGCCTCGTAAACACGACAGTGCAATGACAACTACTCTCAATTGATGCCCCTTTAGTTACGATACGGATTTAGTGCTTCACTTTCTTGCGCCCTGCAAACAACGAACAGGTATCTACGTCTGTCGACTGTGACGGAATAATTGCATGCAGTGAAGAAACGGCATGAGAACTACCACTGGGGACGATGACCGTCATCAATGGAAACCGCGTACGGCCAACATGGACAGGTATACAGCCATCGAATGCGGCTGAAAATTGGCGAAAACTGGAATTCGTGGTTTCACTTGCTCTACGCAAGGTGTAGGCAGGCAATGCTGGTACTGGTACGGGCCATCTATCTGATTCAGGCGTACCCTAAACGTCTGCCCGAAGTAAACGTCCATCCCGCGAGGTGATTGTTGGCACTCGGCTTCGAGTTTCCGTAGTCAAGCGACAAAATAGTAGTCAGCAGTGGAAACTTTTCATCCAGAGAGCCTGAGATATACCCCTCTTTCGGGAACGTCGTGGAATCGACGTAGGGCAACGGTCTTTTGCCGAATGCACTGAGACGTCGACACTCTAGGCTAAATCGACTCCGCTCGAGGCTCTTCTACGCTCCGAAATATCACTCGCGTCAACCATGTGGAAGGTAGTAGACTGCCATGTCATACGAACCAAGACTGTATCACACGCGGTGCCCGAGTCTTGGACGACTGCCTAATCCGATTAAAATATTTCGACCAAATGGGTCATTATCTACCTTGTCGTTTTAGCCCTTTTCTCGGTATCCAGGTCGAAAAGCATGACTTAGTTCTTCTGGTAACGTGCCTATAATCGTCCATGGGCAGGAGAAGCCGGCATTCAGCCACTTGTCCAAGAAAGGTGGTTTTACGCCAGGCCCCGTGAAGGCTAAGGTCAGCGTTACAGCACGCACCGCCTTTCCGTCGACTCTGATCTTGTGGTCAACACGGAACTATGAGTCGGTTGGGAAATGAGCCTAGGGGCCGGCAGTGGGTCGAGCGTGGTCTGCTTAAGTAAGTCTGTAAGTATGCTTTCATTTCTCGTGAGCAACAACATGTCTCCACACGGTCGCTTTCCTATCTAAACGTCTCTAAAGTCAGGCTTAGTCGCACCCTGCCGATACCCCTCTAGACAAAGCAAATCGTCACAGTACTAGTCAGAGAATTCTCATGCGCGCGCTAACAATGAGACGGAGCCTCAATTGTCCCAGTAGGCCGGATCACGGCACTACGGCTCATCTTCCCGCTAATCACAATACATCCGAATCCGATTACGACCGACTTATCTGTCGGAACCTAGTGAGTACGAATCGGTAGCCGTGCGCCGTGGAAGCGGCCTAGTGTCCACTGGCGTCAAGAGCAGCTCGTTATGGGTGGTGACACCATGAAGTTATTAGCCTTTTACTAGAGCGGAGCCATGTGTCTGCTTCTTCTTCGTTGGACAACAAACGTTAGTGCCCTCCAAGGTTTCATGTGGCAAATGACTAATAGGCCACGTACTATGATCCGTAGCTAGGTACAATTCCTTGAATCGTTGAGTAGTATCTCCATGATCGGTATCCTGGGTCTGATTAGTTTACCCCGCATCCGCTTCCGGGATTCCTCGA,1780,50.06,Drosophila melanogaster
SEQ_130928,CTAGCCACCTTTCCCTGCCGTCCATTAACTACTACTAACCGATTGGTACTCGCAACTAAGAACGCAAGCCAGAGATAGATTCAGAGTACTGCCCCCCGGACGACTAGATCGTGCGCATCTTCAGGCTACAACCGACGGAGTAATGAATTAGTTTGATCAGAAAGCCACCAAAGCAGGGCGTATTCCCAAACTCACCCACCGGTTTTTGTGACAGCCTGGAGGCCGGTATTAATGCTGAAAGTATGTTCTATCGGACAGGTTAAGTGCGGGCTCTGTATAGGCAGAAAAAACCATCCATGGGTGAGGTAAAAGACCGCTCGTCCGGCAAAGAGTGGCAGCTACGTATATGTGCTAAATACTTTGCCTTGATGATTAACCGTATACTCGTTCAGGACCGTCTGTGATAGATTGGATTAAGGAAGTCCCCAGGGTGGTTCGTAAATGGAAACTGGGGAAGTGTAACTGACTCGCGAATCAGAAGGTTTGATGCGGTGTTACCCTATCACGCAACCCGTACTAAAAAAGTATACGGCAAGGTCGATACCGCAGCCCCGTTCAGCCTAGGTATTGAAGCCCGGGGACCAATTAGGGTTCGTGTGAATATGGGACCGACCCAATTCCCCGCCGCAAGAACGGTCGAAATTTAAAACGACGGGAAAGGGTAGCCAGGTATCATCTTGCTGTCGTTGCTAGAACTTTGCGTCCAGTCGCTGGATGGGGAATCAAATTGGGGAACTGTTAACGGCCGGGCTATCCAAGAGACGCCCTGTGCGTTCGTCTTTCGGCCGCTTATATAAGTGCGTCCGTGCTCACGTGTTACTTCACGGCGGCCCTTCAGTCCGCGAGCGCCATAGGTGACACCAACACGATTAGCTTCGTTACGATGCCAAGCCTTCCCTGGGAATGGGGCGTGCACCATTGTCGCCAGTATTCAGCGATGAGCTCACAGATTCTCTCACTAGACCCGGAGTTAGGCTCTTTCATCTTTCACCTTCTATACTTATTGGGCATCTGAGGAGTTTCGCTAGGACTTGCCAAGATTTGGAGTGAGCCAGGGCTAGCGCTTAACAGGAGCATATTATCCCATGCGCATGGCCCTCTTAAGAGGCAGCCATGGACATTCGGCGCGTTTGTCTGAACCGACTTCTGTTGCCGTCTGCGTCGGTGGAAAAGGCAACCATCCTTGATGTAATGGTCACACGGGGTGCAAAGCATTTAGTGGCTATGGCCTGCCAACCTGGAGACGATCCGGAGGTAAGTAGTAGTTTTGAACCGATGTCAGTCGATCTGGCCCAGCATATATGAAATACGGTGGGCAGTCCAGTCGCCAGAATAGCCCCACCTCTCCGCTTTGTGGCATCGAGTAGACTTGACTCCCTTCACAACGAACACAACGATTTTCGACTCCTACAACCAGCACAGTTAGAGACGCCTCGTTAGGGCAATACTGTCGCGTCTCTGAGTGTTTACTCCAGTTTTCGAGGTTATTACCGTTACACTACGAGAGAATCGGGCCAGGCAGCCAACGCACCAATTGGCTAGTGACCCCATCCTGCCACACATTCAGTCCATTTATAGGATTTCTTACACTCGGTGTCTAGTCGAACCAATATTAATATACACCCTCACTCAGTTGTCACCGGGCTTTTGGACAACTGTCGTTTGACTGCGGAGTCTCCATCATTTGTAGGTCTACGTCCTGCGAGAATCCAGACTCTTGAAGTTGACCGGTAATCTTCCCCTGTCAATCATTCAGACCCAGCCAGGGTCAAACAGCCGACGCACGATAACGGTTCAGTTACTGTTATTTGGACGACAGACGCACAAGCATCAGTCGGGGTTGATAACGCCCAGATTACGCCCCGGGATGCGCGAGTTAATTTAGTGCGCGAACCTTATGCCATGTATCAACTTTCTATGGTCCGTTCGATGTTAAGGATCCAGCC,1946,50.72,Mus musculus
SEQ_857977,GAACTGGGCAGTAGCATTATATCCGGGTGAGAGATAAATGCATAGCTCCGTTGGGAAGACTGCTGTGGACGCTTGAGAGTTCGAGTCACGCTCCAACACCCAATCTCTTAACACAGGCTATCTTTACAGTCCGAACAGAGTAGGTGCGGGAGGGCTTGGTGGTGTTTGGACACAACCGTGTCCTCTTTACTATGATTTCACAAATAGGAAGAATTCTACATCCAAGTCTAGCCGCCAAAGATTAAGCCTCGGCCCAACCATCCATCATGAATCGAACCATCTGCGTCCTAGACGTCTGAGTTCGTCTCTTTGACAAGGGCTAAGCTTCAACTTACTGTGCTACGTTAAGGACGCATAGGATACTACTTTCAACCTTGTTAGAACGCTTGCCGTATTATCACTGATAGTTGGGTGGACTGGTATCAGAATATTTAGGCCGATGGACATATCACCACTGAGGAAGCGCAGGCGTCGCGCCATGTCACCTGCCCCGGGAAGGCGGTTGTGTGCGGCCACCATCGCGCCAGGCTGTGAGGTCCGATGTCAGACACCTGTAAAGCTAGAGCGGCAGCCCATTGTGCTCCACGTACGTGAGCTAGAGAAGGTTGACCGGTTCCCGGAGTTCGAGCCAATGATCCCTTTGATAAGGGATGTAATGAGCTAGACAGGTAGTGGCCTAGGTATTGCAAAGACCTCAGACAGGCAAATGCTACTTCACCGTAGACGGTTTGCCCCAATGTCTGGGATTTCCGTTCTAGCAGTAGGGGCACTCATCAATTAGAGATCTTACATCGTAGCCAATCCTAAGTGATTGGTATGAAGAAAACACTATCAAAACCTCCCCAAGGCCTTTAGATTTAACCGGGAGGCTAGTGGCGTCATTGACTAAAGTCAGCAGCGGCCAATCGTACTTTCCTGGAACCAGAGGAGGCATTGTTTCCCGCCTTAGTCCTAGCTTGAATTCGTGCGGCTGGCTGCAAGTGGTATAGGACATC,995,50.15,Saccharomyces cerevisiae
SEQ_400466,TTCTCGCGCAGTAACGCTAGCAGTGTCCCCGCTTTTAGGTGTGAATGCGGGCGTACACATAAGATCGGTGAAGTACATCGTCAGCGAGGCTTCGTACAAGTTGTGCTAAGTCTAGAAAAATCCTCTGGCCATATGTCATTACCCTTCCATCACACACTTGGGCTCAAATAAAGCTCAAGGAGAGATAGGTTTGGACTCTACCCGTTCCCGGTTACCCGCCCGCAGAATATACACCTTTACCAGCAGATTCCTAAAAACGTCCGCCGAAATTATGAGTGGCCGGGGGTGTATTCTGGCGGGGACATTGACGCATTGGGACCTCTTTAGACAGGATGACTTTAGTATCACGAATGGATTGTATAGCCTATAGGCGGCGTCAGGCACTGAACAGCACTCATACAAATGAAAGGGATGATAGCTTTTCCTATCTTTGATGGCCTGTCGAGCCTACGGATCATACCTTCTGTTTCACCGCTTGTTACCGGCTTACACCATGATGCAACGCGGCTAACTCTGTTAACACACTATCTGCAACCATACGCGATTAACATGAACATGGCGATCGTCGCTCGGACGGCCGCTGGTCCTAGTCACCATATACTTGAGGAGGCATCGATAGGGCTTTCTCT,629,49.28,Caenorhabditis elegans
SEQ_328223,CAGATTATATCGATTTTTCGTAAACGGTATATTCTAGGGCAAGCAGGGTCGATATGTTGCTAGCCCAACTTGTAAGGTAGGAAGGTACATTCCCGGATTCGCTTGACATTGCGGCAGTCATCATCTGCCGCCCCGTAGGCTCTCTAAAGTCAACGATGCAGCTCATACTTTGCCTCCTGCAGACAGATGGGAATAGTATTCTATTAGTGGTAAATCATGCTCACGATTTAGACATCTCGTATAGGGAGGTGTTAAATACAAAGATTGGTCAGAAGACGGTGAAGCTCGAACGCAAGGATAACAGTCTTGATTTGTCTTTACTCTCATGGAGTTTTTGTCTAGCGGTTGGTAAATCCTGCACGGGTTAGGGTGGCACATCGGGAGGAACGCTTATAGTGGGGGCCCTCACCATGCGGCGCCAGGCGCCGTTAGAGGGCACACTGACAGAATTAGCAAATATACACGATGATAGTCAACAGAGGGCCGCGGGCCCCGTTGCTCTGCCGGCGTATACGGTGGTGGGGCCGTACACTCGTCGGCCGGGTGCTATGGCTAAACGAAGCACCTTTTTGGTGGTAACGACCTGGCTCGGGCATAGCGAATTTACGATCGGATCTACGCGTGCATTATGAATATGTACGCGGTGGACGTATGAACCTCAGTTCTGTTTAGCCGACCAACAATCAAGCCATTCGCTCCTGAATGATTGGAGGGAGAAGTGTATTTCTAGGCTGGTAATGAAGATTACAAGATCCCCCCTGGATTCAAGAATGTAGTCGAAAAAGTTGGCAGCGTTCACCCTGACCAACATCCTTTGCTGTCAAGTAAATTTTGAATTTTCACCACCGAGAGAGTCGTCTAACCATTCTCGGTTTGACTCTGTGGAAGTTCATCCATGGATTAAAGGAATATCATTCCCGTCAGAAGCTGTGTTTTGCTTAGCTACAGTATTGACAGCGACCGATTACACCCGGACTTGGTTTAACAAACATCGGCAACCGTGACTACGCGGAAAGTATGATTTGGGCTACGCAGCCTAGGAGGGGGCGTTTGCCAGGGGTAATGGGCCAATAGAGTGGTCACCTGGCATCTAAGCGGGTTTTGTCGTTATGCAATCATACTGCCGTCGTATGATAGGCCGGCCTGGATGAGCGGAACGCCACCCTGAGCTTTGTGGGGAGACATGTCGTCTTCTGAACGACTATATTGACGTCTCGTTCTGACTATATGAAGATGAAAGATAGTACATTCGAGCATCGTATTAACAAATAGCGCGTGGTGGAAGCTTGACAAGGAAACGCTGCGCTGGGGTAACTGAATGTGATATAACATCATTAGAAATTCTCACTCAGATCCCTTCCGTAGGAATTGTTTTCCTCGGCTCCACTCTGACATTCCAAATACCTGGTCGCACCTTATCAATGTTGTCGTTTTCACCACACCGGCGCCATGTCGACAATTCCTTCACATCCGTACCTTAATAGTGCTTTGAACGGTAGTAGAGTATTGTATGACTAACATGCTGCACGTCGTCGATTGAGCGACTGCGTGAATACTAAGGACGTTAGGTGTTAGTCTCGGTCCGGCAGTCCAGTCGACTTTAGAAGTGGTAACTGTTTTCCAACACCAATCCTTGGGGTTGTTTAATCACCAGTCCAGTCACATCTGCCATCCTAAAGCGCCCAGATAGAGCTCGGTCGAATTACATTTAGGAAAGAAAAAGTTTGACCGCTTATTGAATACTGAGTATTAGATACTGCAACAAACGGGAAGGGTTAGCGCTAAGGTGCCCATCGCTGTTAAGGTGTCAGCGCAGACCAGGTGCCAACCAGTCTCGATTGCATGTGGGCGGGACAACTTGCTGCTTAAA,1870,48.13,Homo sapiens
SEQ_874149,CCTCGCGTGTACTGAGGTTAGCCATCAAACCGTCCGGTCAGCAATATATGCCCATGCTTGTATGTGTGGCTTGATCGCCACTAGCTTACTTGGGTTATGAAACCAATTATAATAGGCTTCTCGATGACAAACCCACTGTGGATTACTCGCACCACTCTTGTAAATGGAAACAGAGTAAAGCC,182,46.15,Escherichia coli
SEQ_955944,TAATAGCTTGTTCTGCGGTACCATTAGTGCGGGCCTCTAGTCGCAAAAGTCAGGGCAACAGCCGCGTCAAGAAATTCCTCCACTTGCCTTAGAGCGCGCCTAGGAATTACCCAGACGATTCCAGTTCGTCCCAAGGCCACAGGAGGGAAGCGGGATATCTGATAATCACTTAATGTTAAGGCACAAAATCCCTGTCGTCGCTCTATGAGTGTCTCTTTCCAAAGGAAACTCCATGCGCGCATAATCGCCGTTAGAAAGCCCGATAGATAAACGAAGCGAAGAATGGGTATCCAACCTAGGAAGATTTTCCCAAGTGGTTGGCAAAGTTGCATGGGTAACCGTCGTCAAAGGTCGTTCGACGTCTCTAGCTTTCTTAGGACTAGGGCCCGGGTCAATGCTCGTGATTCGGCTAACATTTAGTACAGTGAACAACCATGATTATCAGCCTGAAATGGTCGGGGGGTGACAACTAAGCCCCAGTCGACCAGTTATGATGTTTTGGGGTGTAGTGAAATCAGGCTTCAACTTCGTCGAGCTAGGGCAGTTTACATCGGGAGTTTACCCCGCTATCCAGCCCAGATAATAAGAACGTTTCTCGGGACGGATGCCCCAAGCTGCTGATAATTTACCCCACTTTTGAGTGGAGCCATTGGGGCAGGCTATTATGTTCCCTGGATGGGGGAACATAGTATAGACGTCGGACAATAAAGGCCCGCTTGTAGTATCATTGTCACTATCAATCTGTGGCGCGATTCTAAGCTTCGGCTCATGGTCGCAGGACTCGGTACCGCGTGACCAGACAGTCACCCGCGAGTAGAGAGTTGATCGGGCCGTCGGCGGTGCAAAGTACTGTCTCAGCATTGCGAAGTTGATGACTGCTGCGCTGGTCACCCCCATCACAGTCGACCGAACATGATGTCAGTAATTTAGCTTATCGTCATACGGCTTTCAATATGATTGTGCGGAGATCCGGGCGGTAGATATGTTTAGAAACTTGGTAGTATTTTCGATGGTGTATAAGGTCTTA,1027,49.56,Drosophila melanogaster
SEQ_756632,TACATCTATTCACCATTTACAGTCCGTAGTCTCCAGTACAGACACCGCTATTAACCAATGACCAAGACGAATTGCACAAATGAAAGGAACTAAAGCTCAATCATGTCATAACCGGTGTATTGGGACTTTTCAATTCAGATTTAATAATTGCTTGCGAAACGTATTTCCAGTTATGATCTCAATCGCGAGCCTAACGCTAATTTACCAAGATTAAGGCAACCGTCCCTGTGCCCCCTCTTACGAGTTTCAGTCCCCCTCCCAGACCACGAGCCTTAACTCTTATCTTGGTACTAAGTACTTTATTACGCCAGCTTTAAGTCGTGGGATGATACTGATAGTTCCACTCCGCGTACGCCGTACCGTCCACTATTCGGAGAGTAAACCGGTTAGGACAGGAGTAGCCAGTTCCGGTCTATCGTGTTGCATTTAAGGCAAAGCTGCTGATATTCCAGGATCGGTGGATACTGTAGTCCGTAGGCAATCGCATGTCAGACTGCTTTATGTATACAACGTGTATGGTCCCCTTGGGGGGCAAGGAATCTCCTGGCTTCGGGCGAATTGATTGGGTGTCCAGACAGTCCCCGGTGCCCTCATGACACTCATCCAGTGAGTAAGTCCGTCAAGCTACTCATTTGAAAATTCTCAATCGATGTGTTGTGAAGTCGTTTCCGTCAAGAACGTTTCGGACCTGACTCATTACTGTCGCGCGCCTGGATGATTAGGTGAATTACGTGGAATCGTTTCGTCTCTTCCTTCTCACGAGACGGGTGTTTATTCTCATACGACGTTCGGCACATCACTAGGTCCTTCCAACTCTAGCAAACACCCGTTACCGGTATGGAAACTTCTCACACGAATCGAGCTCCTGTTCGAATTTTAGTGTACGGCTGGCGCTAGGATGAACGCCGGGTTGTCCGAGAGTGAAGATCCCCCAATGGGTGTCCGGACAGCGCCCTTACGACGAGCGGGTTCGTCGGTGTGAAGCGCATTAATCATTGGCGTGTGAGTCGACTTGCATTGCCCGGGTTCGGCTTATGGGTTAGTGGTTCCGGTTACCGTTCGCTAGAGGACTTGCGCTGTCTTATTCATATTGCTAAAAGGCACCCCACT,1110,48.74,Caenorhabditis elegans
SEQ_309354,GTCCTGCCGGGCATGCTTGGCCTCTCTGACCAGCGCTCAAAAATCTTAATAATCTATTGGGGATGGATTAATCAGGACCCTTGCGCGCGTACTAGGGGCCCGCACGGATCGGTGCTCCGTAAGCCCACTAAGCTCGAACCAAGTTGGCGTGACCGAGGACGCAACGTGTCAGGGGGAAACGCCTGGGGCGACAGCGTTACGTGTCCTGAGCCCCCTGTCCCCTCCCGCAAGTAGAGAGAAGGATGAACCCAAGCACAGAGCAATCCTGCTTCCCCGACCGGAGCCTGCTGTTGTTCTCTACTACTACCTGAAAGCCGAAGCGGTATGCGTATGAACGCGCAATTCGTCGCATAAAGCAATGAGCACGCAGAGTCTCATAACACGACGCGATCTAACGCAGCAAGGACTACCATGACGGGATTACTCTTTACATCCCCTCGTTTGAAGGTATATGATCGTGCTTTTTCGCGATTTGGCGTGCATAATGGCACTCCCGACAGCGGGAGTGAAGCGGCGTTGATCGTGATGAGGCCAGACGTGTTAGGGACCCGGTACCCCCTACGAGACGCACTACCAGACGGTGTCAGCGGGCGTCGCTGTGACGGGTTAGCATGATAAGAAATGGTGTTTGTTAGATTATTCTCCCTGGAGGAGTCACCAAGAATCCCAAGCTGTGGTTTTTGTAGCTTATTCCATAGGGCCCAATGTTAAAGCGTAATCCACAGAGTGGGAGGGCATTTGTCCATCCTGGACATCGAGGAAGGTGCTTCAAATGTCGTCTGTCAGATCACGTTGCGATGGCCTACTCATCTATGATAGTTTTGTGGACTTTACGTCTCCATTGCTTGGTGT,852,53.29,Escherichia coli
SEQ_703646,GGCCTTCCAGTAATCGCGTCCGAGATGCAATAAGCTGCTATGTTCAGATCCAAGTGGGCCATATTAGCAAGGACAGTTCTAGCGTTACATTGGCCATTGAGGACTGGGGAATTATCCGATCTCGCAAGTCTATTTGGTGATAGGTAAGCTAATGTACCCATTTGGCCGATTGTCCATCGTTTCACGCTCCCAGCCTCCGTTGCTGAAGCCCTTTTATACGGGGAGAACAATTCCCGAAACCACACTGGGCTCACGGTGGATATGGGGGGTTCGTATGTCGCATATAGAACGTGATTATGTAGTCCTCGGTCTTATGTCTTCAAAACTCTCGTGGCTTTGGGGGACAGGATAGGAGATACTTACTGGAACTCGGGACATGTATCGGTCAAAGGCTGCGGCGCCAGGAGTCCCAGTTTCCCCTCGCTGTTCCCCGCATGGATCGCTCTACGCAGTCCGGACACTCCGGGATTATTGCCAATATGAACGGTGATGGACCGCCAGGTATGTGTGAAATTACCGGGGAGATCTAGACTGCTCCGATTGAAGTGTTACAACGGTGCCCCTCGTGATTTAAAGATGTTGAACAAAGACTTCAGAGCTCCCGTTTCTTTATTCTCTTGCCGACATAAACATTAGAGCCCCGCAACGGCCGGCGTTGCAACGTTCTTTTAACGGCTTAAAGGAGCTGCGAGGGGGCGAAACCGATACTCGTTCTCACCATATTACGTGGTAAACGGGCAGACCCAGCTGGGGTATAAGTGCCGCGCTACTACTAAGAAATCACGCTCGGCACCTCATTGCAAATTTACT,810,50.62,Caenorhabditis elegans
SEQ_249899,ATAGAGATAGCCTCGGTCTTAGCAGGACCTTGACTAGGTGGCGGTCGATAGCGGTCATTGTCATAAACTTAGTATCCAACTCCCGAGCAGCCTGCGAGAACCGCTAAAGTTAACCTGGTATCTCGAGGCAAGGCAAGCCGTGTCTATAAGGGCCCTAAGTTCAGTTTAGCGTCAAAGGCACCAGCGTACACGGAACGGGTCATGTGGAGACGTACTTGCGCCCAACTAAAACAGCATGACGAATACCCGATCTCCGATCGCACCTCAGGTATAAGACGTAAGACAAGTGGGTAATAGGATATCCAGTGCGACTGATTATAAGCGATCAGCTAAAGGGTGAGGATCGAGGTGTACAGGAGAGCAGGCCCGTAAACCAAGGAGCAAGCAAAAGCATGTGAGATTTTACTGCAGTTTGGCACTACGGCCCAGGTGCAAACTTCCAATTCCGCTATTTAGTGACTGGGCACCACGATGCACATAGTTTCGGATACATCTCCGCCACGATCCTCTAAAAAGTTTAAGTCTCGAAACGCTGCGTACACACGTTTGCACAAGGTACACGCCATTTGGTCAACAAGGCTCAATTTACGAAGGCGGAAATGGGGATATATTCTGCACGTCTCTAGCAGTTTGCAAATAAAGTCGCGGGCTGAACACGACTAGCATACGACACCAAATAAAGGCCATGCGGATACGGGGGGCTCAGCAGCGGCGCAGATCTTTCTCTCATTACGGATCGAATATAAGATATC,752,49.34,Drosophila melanogaster
SEQ_365605,CAGAGGCCAACGAACGGACTTCCTCCCTGGAATGCCACACTAGTGGTCTCTTGTGGGCCGCACAAACGTCACCCATCAAAAGTGCCTTTCCCCTCGTTCCACGCGGCTGGATGTTTGCTTCCTTTTTGACATATGTTTACGTAGAGGACTCCAACAAGTGATTTTATAGATCTGAATTATACGTACTTCACCATTTTCAACCCATCTCCGCGTTGCACGGAGCTTCAAGATTGAGCTGCTTTTGTCCAATTGCGGGATACGGATGCTGAAGACGCGGTACTATAGTCACAGCGGCTTGTCTCCATTGGTTTGCCGCCTTCACGAAGTTTCTTGTCCGTAGAGCTTGTTTATCAGCCAACCAAGCCTGATCAGCTCGAGTGCACCCGCTTTCCTAGGCATATTAAATACGGGTAAGGGTGCCCCGTCCCCAGGACAGAGAAACCTACCACACCGCAAAATTATTTCCGTAACGAGTCCTTTTCCACTTAAGTCCCGACCATTTAACTCACGAAAATACGCTCCATCTCGTGGTTTGAAAGGGTTACACCGCAGGAGAATTCCAGACCAGATCATGCATCTCAAGCTGGGCAGAAAGAATAGACGTTATTTAGTAGGGCACGGTATCTTCCCCGAGAGTTGGTCTCCCGATCAAAGAGTTACAGGGGATTACGCTCAAGAGCCACCGACGTATCGATACGTGTGATGGTTCTGAAGCGACTTCTCGAGACGTAGAAGTATTGACTACCTTCGGGTTCGCATTCAAACTCGCAGTTATATGTTTTCTATGACCCAGCGTCTCCAGGATAGCGTGATTTGGGATTTGTCCTCCGGAGGGAGCTGAAGCGCTGACAACTAACCGGGGTCTCCCTTT,871,49.37,Caenorhabditis elegans
SEQ_548828,GTCTATACGACCTGCAACAATTTCGGTGATACATAAAACTACGAACGAGTACCAAATTCTGTATGGGGTCCACTTCACATGGCGGCACTGGCCACCGCTTGGCACGGAGCCAGGATAGACACCCATAAGCGACCCTTTCTACGAGGCATCGATAGGTAGCATGTTAACTTGTGAGGCTAAGCTGACTGCTAGCGCGTAGGCAGGCCAGTTAAGATTCTTTTCCCTTGAGGTGATATACTTCCTCAGGGTGCTTTTGGGGTTCTATTTTAGGTTTGGGCCCCTTGAACCTGGCGGCGAGGATACATGAGTGCATCTCTCCTAACGTCGTGCAGCAGTGCTATGAGTGCACTTGAGTCGCCACGGTAAGCTAATTAGTTCAGGATCGTCATAGCCCTTGTGTCTGGAGCAGCTTGTATATGTAACTGACGTTTGCATCATCATAAGCTGCCTATGAAAGCTTTTGTATGACTGAGTTATACCAACCGATGCAGTGAGAAAGTGGGGACTGAATTATCATTCCGGCGAATGGTGTTCAACGGCAAGTTTGTCCGCTACTGAGCTGCGATGTTCAGCAGGAGCGGTGACTTGTCGATAATTGACGCCAGTCCGCGTTCGTTATGGAAACCGAGAGGGCCCGAGAACACGTGAGCCAGGGGTGAATCCTGCCACTAAGGTCCCACACAACAAAGGGAGTGGTGCGTGCCCAACCGTTATTTTCCCACACCGTGATTACGAAGCAATAGTGATGGATTGGGAGGTTCGAGAATCGCTAACCCATCAGGTCCCTTCTACTATGGTTATGTATGCGGCCCATGCTGAATTGGTCCTGAGGGGCCACCAGTTGCCGGAACTAAAACTTGCCTCATATTCTTATCCATAGCCACATGATGTGCACGCGCGAGATTAGAATTAGACAATTCATGGAGCGTGTCAGCTGGAAGACTTCTTCGCCTTCACATTCTGTACAGACTAAAAGAAATGTCCGCAGGTCGATCTCTCGGTTCCGAAAGCGCCTTGACGAACCCCGCCTCGCGGAACTGTGTTGGGCATTCGCGGCGCCGTTGGTACGCATAATCGCACAGTCCCCGAGTGAATCTCACACCAGCCCTAATGAAATTTCTGGTAGCCGCCAGAGAACACTCACAGGCACTCCAATCAACGGGTGGCGCAATGATATTAAAACACTACTTGCTAACTTTTCAGATCTATGCGGCTTACAACCAGAGCAGCAAACCACCAAAATTTCACCAGGGGATTTGAACCATGTTCACTAATGGAGACTAGCTTTGCAAGTATGGCAAATAAGTCGTGGCCTGGGTTAGGCTGTAATGCTCTGTGTTGTTGCATTCACGCCTGGAGGAAAGGTAAGTCGAACTAGGCCGGGATTCGCCGGATAATATAATTCGATGCATTCAGATTGACAACAGTTGCGTAGTAGAATAACGAGTCTTGAATACTTGGGTCGTGAGGCTCCTAGGTGATCTTCTATTTAACGACCGCGGACGGCTCACGTATACGACGATAACTCCACTGCCCCACGTGGGCCTCAACCCGCACACTCATCCCACGCCTACGCCCTCCCTAAAGATTTTCCAGCTGGGAGGGCGAACGTCCCCTTCACGACTCCGGCCTGGCCGAATCTGAGGGCTCGCAATGAGGCCTTATATGGACCCCGATGCCCTCATTGAGG,1690,50.71,Arabidopsis thaliana
SEQ_457608,GTTGGGAACAACCTAATATAACCTCAAAGAAGGAGAGTCAATGCTAGTCATTGTCTACCGCAGTACGACTGGGCCCACCGCTCGTGACTAAGTAAGCCGACCGTAAGTCTTGACCGACGTTACATAAGCCATTGCGTGACAGACTCTAGACGTGCTTGTACTCGTGACAAGCCCCTATGGCGCGTACGAGGCATTGAAAGTTGAGTTGAAGACGTACCAAGAACTCAGTGTGTGGGCTCATTTTTTGTCACGGTTCACACCATCTTGGACGGTGATGTATCCGCCAAGGGCGAAACAAGTCCTTAACCATGTTGAGCGGCCTGCTATCACGCTGAACTTATATTTGATGGGTGGCTGGGGAGGATTTTTAGTTTACGGGAAACACCCCCGTATACAACTCACCATATTCTACCCCGCGCGCAGGCCTTATTTAAAGACCGACGCATTATAAAACTTGCCGTCCGTGTAGGAATCCGACGTCACTCGAGACCGGGAGTGTACGGGAGAAGTGTGTACCCAGTCCAATTATAGTTCATAAAAGAAAATTAAATACACGGCAAAAACCACTCAACTGAACATGAAATCTCATTGTGCGTGCTATCAATTAGGACAATGACGATGTTGCTTTCGACGTCCGTTTGACCAGCGCTCGGCCGACAGCATCTGGCGAATGAGACACACCGTTGTCTTCAAACGCAAGAGCACTAATTGTAACTTTGGACAGTGGTCATAGGGACGGTGGACAGACGCATTCAGGCCCTATAATAGGCGTTATCGAACATAAGTTGATGCATAGCATTTCGGCGAGTGGAGCCATCCCTGCTTGATGCCATTGGGAGTATGTACACCTCGATAGATTGACCCGCAGCAGCTTCACGACAAGGCAACTCTGGTTTCATGGCGTTGCTTGCTATGGCACTGACCCCTTGAGCTAAAGACCTGAAGGCTGTCTTCTCCTACAAGCAGTACCAGGTGGGACCCGGTCACCGACTTCCGCGGTAGCGTCGTGTAGGGTGACAAGGAAACCTCGTGATGCGAGCTACCTCAGAATAAGATTGAGGTTACTCATTTGACCCTAGATCTCCACCGGTGGGTACGCATTGGCTTAGATGCACCATGAACTGACCGTTACTCTTATGTTGTGGTCGACCGGCTCAAATAACAATGAGCTTTCCAACTTCTCGGTGGCGCAAAAGACCAGGCATGGAGCTGATTCACTCCCCAGCAAATTATCGTACCGATGAGCTCTGAGCTAGCTTGCGTCCCGTAGGCAGCTGGCCTTGCGAACAGTTGGGTCCCCATATTCAAGTGAATCGCAACCTTGCGCGTCACAGCTCGACCAAAAACATTGCTGCTATATGTACGTAGGCAAGATTTGTCGCTGACTAATATTGTTGGAGGATTCAGTCTGACAAAAGATCCAGCATCCTCACACCGATCCTCCTAAAGTGGGGTTGGGCAAACTGCTGTAATTAGAAGTATTACCCCGCGGGGGTGATTGGAAACGCGTCTTTAGATCTGGCCCATACAAACTACGGCACGCTGACCATAGGTTATTACATGCATCTATAAGCTTCTATTGGCGGCGTTGACTCGGACCGTAATT,1606,49.38,Caenorhabditis elegans
SEQ_201465,CCCCGTCGAGTGTTGTGGGGGACGGGTCGGTCGACCATTACTTCCCAAGATTTTGATAGCTGGGATGCCACTCGAGTAGTCTGGTTTAAACTGATAATGGTCAACTTGCCTCTCGGTCTCATGATAATGCAATCACGTCCCCGTAATATTTGTAACTACGACGAATCCCGTTCCGCAGATCTACAACTAACTGAGTCTCTTATTCGAAGACTGCAATAGATGTACGATGGTCACCTACATCGAGCACTGAAAGTACACAAATTCTAATCTAGTGTGATCTAAACGACAAAAGAGCGAAGGCAAGTCGGTATCCACTACACGCGGCAGTAGCAGACGGTGTTGCTTTCACGGACAGTTAGAACCTTGGGGGATAATTAGAATATACCGCGAAGCCATGGGGTACGTGGACGTGTTTTCTCGTCGGACTTCGTAGGACCATCGTCGGCATCTCATCCCACTCGAGCGCGGCAGATCCGTATTCGATGAGCCACACGAGAGGACGACGGCTATCTGGGGATAATGTAGGATACCTGGAGTGGGCGAAGCACCGCAATATTAGTTAGCGTCCATGATCACGAAATAAGCTTAGCCGTTGTTACTTTAAGCTCGAAATGCGGGTTATAATGGATTGCTGCCCATCATAAAACTGATTCAGCCAAGGGAGGATCGCCTTTGCAGTCGTACTCCCCGCCCGACCTCCGAAGATCAGGCACAGCTAGCGCTCAAGGTGCTCGTCACTCTTGGTTTTGCCAGGTGAACATAGCCGCACCTCGTCCTCGCCCAGGCCTCTAGTAGACCACATCGCAGACGCTGGGGTGGAGTTTCGCCGTAATTGACGGCTTGTCAACGCTGAAAACATCTGCCTAAACTAGGCCGCCAAACAGGAGGGGACAACCTACGTTAACGAGATCCTTCCATTGTGTTTTAGCTTTTTAGCGAGAACCTGCTATCGGCGACTGCATCAGTCCGCCTACAATTTTCAGATCGTAATTGGCTAGTAGACGCAGCGCTCGTAGATTCCTCGGATTCCCCGGCGGCCATGGCAGTCCGCAATTGTCAACGTTTCTGATTATTGCCCCTAAAAATAACACCACAACAGATACTTGTCGGGAAGCTATCAAATAGTTTTCAGGTTTGGTTAGCCACCAAAGCCTTAAAGGGAAAAAAGCAACTTAACACCAAATGAACCGTAATCC,1196,49.5,Drosophila melanogaster
SEQ_230829,GTATCGCTTCCCACTAAGTAGAAAGGTCGGCTCCGCCACACTCTCGGATATCTGAGACTGAGGGTATCCTACCAGCCATTATTGATACCTCCCAGGTATTTGGGCTTGCTACTCAAATGCGACAAATGGGCTGGTACCATGAAAACCCTATAGCAACAGAGCTAATTATACCGTCCAAGGCACAATTGAGGCGCCACCTGTC,202,49.5,Mus musculus
SEQ_981037,TTCGAGTATCACTGATCCGAGGGAGATCCATCAAGACCTAAGAACGCGTAATTCTTCTGCAATAGTATCACAAACACCGCCTCCACCCAGCCTTCGTAACACACACTAGGAGGGGGAGGATTGGCGTTATGGTTTGGCGCGACAATTAAATGAAGCAAGGGTGGTGAAGACGAAGATAGACCTTAACTAGATGAGCTTTTCCTCTATTAGAGCTCAGTTCCGATTAGCCGCTCTAGAACCGTCGTAAGTAAAGAAACCAAAATACAGCACACTAATCACTCTAGATGCATGAGAGTACTGCTTGAATAGCCTTGCGCGTGCCTGTACTCTTGTTAACTGGGTCGAATACTATGAAGCTCCAGCTATTTCATCCCGTACTCTGCATATCCATTATTCCGTAGC,402,45.77,Drosophila melanogaster
SEQ_369821,GAGACGACCATAACTTTATGATGTACTAGTACTAGACTTGGTATGAATTATTATTGATCCATGGTTACTACTAGTAATCTTCTATTATTATGAAAGGATCGCGCCCTCCTGGGTTAATGGGCTGCTGGAGGACACGTTCAGCCTCGCGGTTCCTATGCGTGCCACATATTGGAAGATTTGCCAAAAAACGGTATGCTGAGTGTAGTCACTCGCAATCTAAGCCGAGGACGACATTAAACCGACTATGTAGGGCGGTGATCGACGATTTAAATTCGTGGAATGAGCGGAGTTCGATACTTGGCAGAAAATCACTCGATAGCTCTCGACCGGACAAAACGCTCCATACAAGCTCATTGAAGTCGAGGATTCTGTCCGGTTGGGTGCAAGCAAACTATGGCAGTCAGTTCATGCATCATATGCTACGGTTGCGTGACGGTATGGATCGGGTCGGTGCGGTTCTTACCCCGGGGGGGTAGGCGACGGATAACGGCGAGCCCGGCGGGGTTCGCAAACGCTCCAGGCTTAGAATTCACACGCTCTCAACGCCAATGAATAAGGCAAGCAAT,566,49.12,Homo sapiens
SEQ_127739,TTAATGACTCCCACGAGTTATCTAGCATACGGCACTAATCGCTAAAGGCCGAGTACAGGATTGTAAACCCGTGCAATCTCTGAGATGTCCGCGAACACCGGAATCACCTTCTGATGGAGAGATCGATGGCACCGGCGGTAACGCGCACGCCATTGTGCAGAAAGGGTGTAGAGCCAAGGCAGCC,184,53.26,Saccharomyces cerevisiae
SEQ_745278,CGGATGTCAAAGGCAATAATAGGCTTTCTAACGCCGATTTTTTTCAATGCCTAAGTACAGGGCCAACAGTACAGCGTATTAGGGCGTCTCACGCTCCAATAAAAAAAAGTGTAAGCAGCCTAGCTAGGTAAAGATAGAATTATAAACAACCTCCGACAATAGACTCGAGACCCTCAGACCCACGAAGGTCCACATAGGAAATAATCGCCCTAACAGTGCTCACCGCGACTTGTAATATACCAGACAAACACTATTCACTTGTGCGTTTTTGCCTCCCCGGAATCGTAGTGAATGGAAGAAGCCCGGCCCGCTGGCATACTGCATTTCACCAGTTCCGTGTGAACTAGTACTTGCCAAGGCAGGACTATTTGGCGTCTGTACCTACTGTCTGATGCGAAGAATCAGTTCTGTACAGGGTACCCAGTACTTGTATCATGTTAACCCAGGCGAGACTTGTCTCGAGAATACTAACCGGAAGAGAGCTCTAGGTCCGTTTGGGCGCTATAATGCGCGTTCACACCGTAGCTCTAGATGCGCCTATGAAGCACTGAACCAGTTCGATATATACGCGATGGAGGCGGTTATAAGTGGACCGGAGCTACGAATTAGCTAGAATCAATCCGTAGGTTTGAAATCGTGTGCTTGGTTCTTGCGTCGCTGGGACTATGGTTAACTGGTGGGAGATTCT,688,47.53,Caenorhabditis elegans
SEQ_607149,TCGGTATGATTATTTAACCAGCCCCCCCGTTCAGATTAACGTGCGATAACGCCCGGTAAGTGAGGGGGCGACCACTCTGAAAGATTGGTTATACACCCCCTCAGGACTTGATTCTAGAGTAGGGGCTCAAACAGCTCTCAACAGGAAGACACTTAGATACATATACCCAAAATTAGTATGTACAAATGTTAACGAATCATACCCCGGTAGGAGTCTGTGAATAGCTTGACTGCCCCGTGTGGCGTGGATTGCCATGGGTATGCGAATATTCTCACACCCAGCACCCACATGGTATGAGCGCGTGAACTCTGATCATCGTAGAAGTATGTTTCGTTTCTCTCACGCGCCCACCAAACAAGTTCGTACCACAGGATGTCTCCGGTGCATCGTGATATGAGAAGTTAAGCCATCAATAACAAGACCCCTCTACGTGGCGTGAGACGATTGGGGTTGCGGCGCATGAGAGCCGTCCACGAGGCCAAATCTTCCGCTTCGAGGGAACCGATCCGTCTCGTATGCGGCGGGTAGGCCCTTCTGTACCGCGGAACTATGACGTTCCCCAAAACACACAAAGAGCAGGCATATGCTCCTTTTGACTGCCCGACAGTGAACGATCCGCCTTGCGTCGGTATCACCTGTCGCAAGCATTTTTGAAGGCGAGCTATAGGGTTATGTCTTTAAGGTTCACCCCGAGCATTCTTAACCGGTACTCCACGCCGAGGCAAACCCGCCGGAATAATCTCCGGTTCTACTATCTGGAACGCTGACTTTAATGTGTATCATCCGTTTTCGACACAAGCGGCCCTGAAATATAAACATGCTGTTGTAGAGATTGACTCAAGCGGTCGAAACACTAGGTCTACAATAGGCGCTGGACAGGCTTAGGCTGTAAGTAAATTAAGTCGCATTTGTTTTTTCGTGTCAGGTCGGAGTTAGCAAAACACGATCTCTGGACGGGGTAGCCAAACAGGAACACTCCTTCATCCCTACAGCAAAGCGTCTCAACTAATATTGCCTGGAGTGAGCGTGGATATATTTACAGCAAATGAACATCCGGGTACTGGCGCGAACTTGGGGGCCAATTCTTGGCCGCCGGCCCCAGAGTTCCATTCTTGTCCTAGCATATTAAGGTATGGTTGGTAGGGAGGTTAGCATAGACGAAATGCGCAGAAGAAGGGCCTTAGGGCAGGATATTTGAATGGGCTATGGTTGTTGCAAAGTGCAAACCTACCTGGCAGCCAATGTGCCGACCAGAATCTCGGGACGGCATCTGTGTATATAATGGTGCCGCCGCCCTACGACTCCCTAAGAAACACTCCTTTATCCTACTGGGA,1334,50.07,Escherichia coli
SEQ_246472,TCAACCTGAGAAACTCAGCCATCGAGAATTATTCGTGTCTTGCAATTACTTAAGATGACGCGCCATTCGCATATTCATACTGGGTTTGACGCATGTTCATAAAGTAGCACTCTCACACAGCAGTCTCTGCATAGGCAATGGCCTTTCGGTGTCTCGTGAATCGCGACTATGATGTTGTAAAGCCCCCATGATATGACTTGGACATGCCAACTGGGCAGTCGCGATCGCACGGACAACAAATAGTTTTGGGGTGCAAAGCGTAAAATTCGCGTGCACCATTGTTTAGTTCCGTTCACACCATGGGAGCATCCGTTACTATTTGCAACGCCCAGGTTAGCCGAGCATAGAAGCGTTGTGCTACTCGACCTAGACGTACGCCTTTAGCCCATTACAAGTCCACAGAGCACGCGGCACAAGCTGGCCGGCATTGTACGACCAGTCCCAATATTGGCGGCGTGGCTGAGGGCTCGCTCTATTTATGATGGGGGGGCTTATACTAGTCTGGCTCATTACCTAGCTACTGAGTCGTCGATTGCTTGCTGAACTAAGAAATGTGGCGGAGGTCTCCCGCCGGTGCGCGCTGGCGCGTATAAGAGTAACCCGCGTGTTTGCCTGTTCAACGTGACCAGCTTGCTGTATCCAGCCACATCCGCCTTATCAAAGAAAGTTGGTCAGTTCAGCTTATTTCGTACCGATAATTTGAAAACGAGGACCTACGACTCAGGCTGTTCCGAAGTGTTGCCGCCGGCCGAGGTTAGAGATTTCAGCATCCAGCGACCGTTCTATAGCACCAAAAACTCTCTAAGGTTGGAAACTTGTTCATTGTGTACCAGGCCTTGCATTTTTCGCCCCTCAGGCTAATTAGTTCTCCGGCGCGCCGCCTCTGTCTATGAAACTTGGTATGCCGCAAGAGAATGAGTT,921,50.38,Caenorhabditis elegans
SEQ_175112,AGCGGTGGGGAAACTTATCCCAAGATAGTGGGCGCTGCCGTTGCTCGGTGTCCAATTGACGGGCCCAATCTAGGTCACGCTACCAATGGATCTACCGGTCCTGGAAGCGGGCGCCTGATGATGCTGGGCACTAAGTAGCGTCGAGGGTGGCAACTTCGCTTGCATTTGTTGATACAATCCCCTCACCTAAATCCACACTACGACGCGGGGCATCAGTCCCGGGCATTTCCACACGTGTATGTTACGAAATGATTTAGAGAGAACCTATGCCGCCTAATTTACATTCTGACTTCGGCCTAGACCTAGGAGCATCCTTAATTTGGACGTCGCCGTGTAAGACGCTTTATTATCGCTAATTTGTTGGATAACACTGCTAGAAATAAAGCGTTCTCCAAGGTTAGTGGGCGATAAGTGTACTTGGTACGTTAAGTCTGGGGACCTGGAACGAAGGATGGAGTTTGAGGACCACCAGTGTTCCGCTATTTTTAACAGCCAATTCCCCGCTGTGATCGTAGCATTTTGGTTCGTCGCCGGGCGAGGTGGATGCTTTAGTTTGCTCCGTGCGTTGACGCCCAGGCCGGGTTAGGCAGGGCGACCGCTCTAGTGTAAGTATCACCCCTAGAACGTTTCCCCTGTATAGGAACACCCATCCTAAGACCATAGGGTCGGTTTCTTGTATGAAATCGAGGGCTCCCCCCAGACGAGAGCCTCTGGCTGTACGTCGTCTCCTTGCGATCATATTGTCGTTCCGCCTGTGGTCACCTTCTGCCCCCTTTAAGAGGTCAGAGCTTCCGACTCGATGGTAACAGCCCAATTAATCGGAGATGCCAGAGAATTCCGAGAGTGTCTCCACTGTGCCTGATTGTACAAGCGATAAAGAGTCACGCGAACTCTTCTCAAAAGTATCCTGAATTGCATCTAAGTGTAGGGAAGCGCAGAGCTGTGTAGGTATGCGCATCTTTAAAAGGACCGTCATCTGCCAAGGCCCCGCCCTAAACTGTGAGAAATGAAGATGCCAGTATAAAGCGGGTAGCACGGGTATACCGAGTCGGCTGATGATCAATTGCAGCCCTTAATTCTTCGCGAAACCGTTCGCTTCCTACAAGCTCGTATAGTAAGTGTAATGTGTTACCCTTGTATGCAGTGCCACGGGGTATTAGT,1161,50.9,Saccharomyces cerevisiae
SEQ_652469,GACATTCATTGTTCGGTCCAATATTCAGTTTGCTTAGATTCGGTAGAACAGGCATGCCGTCAAGTCCGAAGACTTCTCCCTAGACAGATGGGTTTGTTTAGCTAGTTAGACCTAGTTGAAGCGGGTGCTATTTTTTAAACCCGTTCGTTCTAAGTAACCTAATTTCATCACTAGAGGGCTGAGAAACTTTGCAGGACCGCTGTCTTGTCAAGTACCTCCGCAAGGACCAGGGGTACTGGGATTGTCTGGGGTGTGAGTGAAGCATGCATCAAAGCCATTGCTAGGACTCGTAAGTTCCTGCGCACCTATATACCGCCGCCAAGCTGTGGCGTGCGGAGCTCGACTGAGCTTCCTCTTGTGTGCGGAGTCAGAAATCTTTCATAAGATGTCAGTACTATTCAGGCGGGGCCCCATAAACGAGAAGTTGTAACGCCGCCAGAGGCCCATCCCGTAAGAAGCAGCGCGGCCAGAACTGTAATCAACTCGCCGTTTGCCTAGGTGCATACGACTTGGTACCCGCGTTCTTGGCCCCCGGGGTGACACCGTTTCGGGAAATTGAACTCGGTGCTCGCGCCCAGGCTATGGGACAGGCGGTATAGGTCTCAACTGACAGGAACTACTGCAGCTGTGTCCTCCTCGGACCAGCGAGTGGATTATAGCAGCGCTGTTCCCACCCACGATGCCCGAATATATAATCATAGACAACGGTGCGCTATACCAGGGATGCTCCCGCGGCACTGGGGTACTTTAGCCCATGATGGTCTCCTACAAGGGCCTTACATTTGAATCCCTAAGCGTCGTAGAGATTAGTAAATCCGCCTTCTCCTTCCTCAATCTGCGCATTCAGCTCTTCCTCATAGCCCTGTACACGGTGTGTCAAGATTGGCACCGGCACGCCAGTACATGGCCATACAACTCCGGAGCTAAAAGTCCCAGCCAATCAGAACTGTTATTGAACATGTTTCTGCTGACCGAGCCCGGCCCTACGCTAACCCCGGTGCCAATTACGTAGCAACACATGCGTCAGCAGAGTATAGTACACATAGGTCGGCCCTTAACGCACACTCATGCTAGGGGAAGAGCCGGTAAACATGATGATGATTACCTCCACCGTCCCGCCCACGTGAACACTGAACGGAGCGGGCGCCATCCTGCGGACAGC,1162,52.93,Mus musculus
SEQ_219848,AAAACGCTTGAGGGTTTGCTGGACCCAACTGTGAATTGACAACCCTCCATATTGGGCCCGGTATAGAGGGGCCTCCCTCCCGTCGGTCTGCAGGGCGGATTTCACCACGTCGTGATGATGAGTCCTTGGCATTGTTAAGCTAACCAAATACCCGAATCATGTTATCCGGAGGTACGTACGCTCAAAGAGGACGGTGCCCAATCGTTACTCGATTTAGGCAACACGACCTAATGCAGCATAGTAAGTTTGCATACCGATTTAGTTCCATAAAACCAGCTTCACTGGGAGTAGTCCATGGGGGACTCATCTTAGACCACTAGCGACTGTTGAAGGCCCATCAAGAGTAGGTCTGTAGGCAAATCTCTAGGATCCATTCGAATGCCGGACCTTCAGGACAGATCAGAGCTCTTGCACATGTTTGGTATATGTCCAAAAGTTGGTGGGTCCACAGGCTGTGCTTGTGGTGCATCGTATGAAAGACATACGACACGGAATTAGGTCTTTAACTGTCTAATTGCGATCGCATGACTCAAAGCGTCGGACATCCCATTTGCGCTACTTGACCGACACAGTTATGGGCCAAAATTCTAAATCGCCTCGAGGCAACACGACGATATCCCTGAAATTAAAGCTTCGAGAAAATCGTAGGTTAGCCGGCGAAGTCACGGCGATGTCGTAGCCTTTTCTTTCACTTAGACTCGCCTAACCGGACGGGCCCACTGTGAAAAAAAATCAAAAACCACGGACTCGAAGGAGGTCAAGTACGCCGGGGAATCCGCTCCCTCGCAGCGGAATATAAGTTTAGTGAAACACAGTCAGTTGCTACCGATCGACCAACACGACTGTGTCCCCACCCAGCCTGCCTTCAATCGCCCAATCTGATATTCTATGTGGAGACGTGTAGAGTATCGCCCCACTTCATCAACCGTCGCGGCTAAGCAGCCACAAGGCCGTCAGTATTTGCGGGCAACGCGCTTAGTCGCATCAGCGCCTACGCGCGTTTTATTTTCAGGCGTACCTGTATGCTCCCTAGTGACTTGACATTTTCCGACAGCACTGCGAACGCTACCCCAAGGTCTACTGCATTTCAACGTGCAGAAATGCAATAGGGAACCTCTTTTATACTGCGCGAGGTTGCCTTGCTGTCCCGCCTCACCAAGCTCGAACTTTGTTGTAGCTAACTGAGTGCTAAACGTCTGTGCCGAACTGACGTTCGTATAGAAACCCCGGATAGTTGGTATTCATCTGCAAATAAATAACCCAACACTACACTTTCCCGAGGGTCCCCATGACTGCCAAAGACGCTAGGTCAAGGTATGTTGGTCAGTACGCCGCTACCCTGAAATTGGACCAGCTCCCAAG,1362,50.22,Escherichia coli
SEQ_589902,TGCTAGTGGATGTGTGCATCTATTACGCGACCCCGTATACAGCATACACCGTTCTCTCTTTAAAACCCCGCTTTATCACGTTAGACAACGCCGCGACCTGCTATAATCGCTGTAGAACAATCTCAAGTTGTGGACTCGGACGAATACAGTACACTGCCTTTCATAGTACTACATCCTGTTCCTATTTTCACCTGGTGAGATTGCGGTCGGGAAAGTCTTTGAATCCTCGTATATCGCAAGCGTACGAGCATCTCACTATCTGAGTTGTGGATCATGTGTACACGGATAACAAACGAATCTGACTTATTAATCAAGAGCTGGTCTAAGCGCGGCCTAGGTGATTCCAGGACAGGTGTCACACTATCATATAACGGTCGGAGCCTGGGAAAAGTCGGCTTCCCCAGCTCCCAGGTCGTGGCAATAAGCCTCTCAATTACTGTGGAATAACTGTCGGGCCTTTCAGACGTGTTCCAGGATCTTACCTATCGAATTTATAGAGACTCAGACACTCCGGAGCTAAAGCAGGTTCGCGGTCGATTCGGATGCAGTATTAGGTCCACGTCCGCCTAGTCTTGCATTGTGCCTAAACTTACCAATCATGGGGTCATTAGATGCGAACCCTTCCGAATTTATGCAGAGTTCTAATGCTGGTTCACCGAGAGCGAGCTGCGCCTTAGGTGTAATTAGCGTCAACGCTTGTGGTGCCGTTTATCCAACCGTAACCGCACTCAACAGACGCTGTGGCCGTTCGATGGATGCTGGGCCGCAGAACAGTCGTTCAGTGAGCTGTGGAAACCGGGCGCAGAATTAATCAGTTCCATCTGGGACATTGAACTTGGGCTCGCAAAGTAG,852,49.18,Arabidopsis thaliana
SEQ_540173,TCCACAAGTGTGATGAATGTATCCTTGATTAGTTTCTTACGCTTGCTGTGCACGACGTCCCTGAGCAATTAAGGACCAGCAATCTACATACCGCGACCGTTGCCCTAATGCAAGTTCGGTGCTGGGAATATGGTCGAACAGTCCAGGATGTGAATGTTAAGCGCTTCCCGTTCCAGGGCCGTGTGCCGCTTCTTTCGTAAACGCCAGCGACTTTCCGACCAGATGCGGACCCCAACGAGGTTGTGTCCCCTGAAATTCACCCACTCGGTCTCCCAGAGATCAACGTATTCACCTGTGTTTTTCTCAATGGTAAAGTTGGGGACCAGCAACTTTTGGGGGCAATAAGACGTATACTGGGCAATCACAATCTACGACTGCGGTCGAAGAGATTTCCCATGGCCGAGGGCCGTTAATAGGTACTGGTGTTCCCTGGCCGTATTCAGTTTAGGCTCTTATGGGCTTGTTTAATAATTGACACTTACTCTGGACGCTGTCCTCCATAAGAGTAATTATTGGACGGACTGGGCTGTGACTTTAGTTTAGTTAAGCCGGGTGGGCTAGAAGGGGTTGTATTTAGCTTCGGTCTAAAGGGGGATGCCTCATGGTTCTCCCGCACGCCATCAATGCAGCGCTTCATCCGCATTCTTCGCGTCCAAAAATCTGTTGCACTTACACGCCGGCCTAGGTAGAAAAAATGAAACCGTCCGACGGGTTGTTGCTTAGTGTGCGCAAGAACCGGTTATTGTTCTCGAACCTGTAGAAGATGGGCTTCTTGGTCCTACCGTCAGAATCGTATATGACTTGGAGCTATCCTCAGTCATTGGGGATGACTTACACGTAGATCAGTAGACTATCGGGAAAATGCTCTTCATGCAGATGTGTCAGTGTTCCTCATGTGTTTCAGAGGTGGTGAATTTGTGTCGGTAGAATAGAATAACCCAGATATTATCGCGAGAGGAACATGGAAGCAATTGAGTTGGAAATATTCGCCTCGTGGGGTCTCTTATCCTGTAAGTTGCCTGCCCACCCAGACACGCCTGGAGCAGCCGGGCTAGGAACCCTCCACTTACAGACTTGACAACTGGTTGAATTCCTTCTGTGATTCTTCCGATATCTTATTGTCGTGGGCCGTAGTTGTTTGAACCTCACCCAGAATGGCCACCTTCCACTCGTTTGCTACGCCACTTGGAGGAGCTCGTATTTCGCAGGAAAGGGTGCGGGAATGCGTGTCGCCTCTAGCCTTACGTATCTCAGTATGACTCTTGACATGAGCCAGGCGCATTAAACGCGGTTCTGTGAGTCAATCCCCGGATATTAATACTATGGATTTGTCAGAGTATATTAAAGGGCTGCATTATTTGGGGGAGTCCACCGGCATATGTCGCAGACTTGAGTGCGCATTCTGGCACAAGCGTTGCGGCGCGCAAATATGCATTAACTGGCCTA,1446,49.38,Homo sapiens
SEQ_345339,TACCATCCTTCATTCAAAGTCGCATTGGCGGGCGTCACGTACCCGACGTAGACCGCCCGTCGGGTCTATATGCGTCCTTCATAGACAAGAAGTCGTCTGGGTTACCGGACAATTCCACTAACAATCCCTTTTGATGACCCTTGGTTTGGATATTCGCCGATAATGCCCGCTCTTCCGCAACAGTTATATCAGTGCACATCTTTCAAGCACAACGACACGCATAACACTCCCAAACCGGGTCCGGCTGTACCTACTGGCTTCGAGGCTAGATCGAATTCCTACAGCTGAACCAACGTAGCCCTATACCACTTTGAAAATACGTATTCAATCGTTTGTGGTCGCTTAGTATATAGATGTATATTCGGCCGCGATACTTGCTGACGCTCGACGTGGTGTAAGATTCGCTGCTTACGAGTATAAC,421,48.69,Drosophila melanogaster
SEQ_175464,GACGATATTACAATTGCAGCGAGCGGCTTCTTCAACTACCCACGGGATCCAATAGTAGCGAGAGAGATAATGTTCCGCCGGTTCCAGGCAGTTTCGTGGCCCGTGTCGAGGGGACCAGCTATTTCGCCAAGCTTGATGTGTGCGCTCTGAGATCGACATAGACAACTAGGCGAGCAGTTCACGGGAAGCTGCCAGGGGCCACCAGTTCTTGAATCAGAGATTTGGCTTCACCGAAAATTATTTTTGTACGAGGCAATTCTACCTTATCTGCATGCCGAACCGAAGCTTTAAAATCTCCCTTCTTCAATGTGACTCGAAATTGAAGTAGCAAGCAAACTGTCGAAGCGGGAACACACCGATAGTCGTCTGCTCAGCATGCCAAGTTTTTGTTTATAGTCCACGGATTTATATTTTGGGAACAAGGTTCCCTTCGGACGTGGCAACGGCAGTAACTCCGGAGATGCATTGTGTGAGCGGGCTTAATGTAAAATTTAATGGGCCAACGACGAAACGCCTTAAGACCTCTGTGAGCAAGGTAATGCCCATTGTCCCGCTTTGAGAAAAGCTCGTCCGGTAAATGTGCAGGCGAACCGGGGGAGTCCCGCTGCTACGATCGCGCCGATCTGTACGGCCCTAAGAAATGTCAGATTAAGTCGTTCAGCGACCACTGAGAGAGGGCAGCCGTCACAAACGCGACTAGAGAAGGTACCCATCCTCTGATATCTGGCTTAGAATGACACGCCACGCGGTAAAGTGTGCTATGGAGTAATTTGGCAGAAGTATCTTTGCCTGTCTTCGGAGGTAATCACCACGGCCGTAGTCAACCCCGGCTGCATGAGGTTTTCCGTTCCCTACGGTCCGAGGGTAACATATCATGTACAAGGGACTCTTATATGCCCAGGCGGTGCTGAATCACCAACGAATAATCAAAACGGGAACTAAAATGTCAACCGTCATATGGCCTTGACAACGATCCGAACTCAAACTAGCCTTTTCAAGAAAGCTCAAATCGTAGTCGTGCCAATGTTGTCGAGGTATGTCGGACCCTAAATATCGTACGCCACAACCTTACTTGGGTAAGTGTGAGGAGACGTCAGAATGTCGCTCCGGTTTGGACTATATCCGGCCATAGTAACCCGTTCCATTATTGCACGGCTGTGTGGATGAATGATTTTAACCAGGAGAGTCTTAGGTAGCGCGCGCGCGTCATCAATGAAAGAATTGCTAGTCGAGCAAGTTGGTTATGTTTAGGGTCCAACCTTGTGGCTGTAGGTTGGAAAACAGTCGTATTAATATATAGAACTTACGCCAGCTGGCCCCATGTGCCTCGTGGGTCAGAATGCACTATCGAGTGTGTCAAGGTCCTGAGAGCGAACTGGCGAGCCGCTCCTATAAGGCCCGCGGTCGGCGCGATGTCGCACTGGAGCGCGTCTGCAACCCCCCTGGACATGCGCTTTCCTTCAGTGCGGGCTGAGGGCCCGTTGCTAAGTGCAATCCGCACATCTTCCAATCAAGGCGATCTTTATAAGGGCAACACAACCCGTAAGTCTCATTTGGGGGCCAATAGGATGACAGGCAACCAAACAGTCGCCGAGATTGGAGTTGAAAGGGGCGCTAATGGTGACGCGAGAGCAGAGTCCTTACTCACATGTATATACGCCCACTGTTTTATCTCACACTACTTGCAATCACGGAGATGAGATGAGCAAGGATCTGCTGAATAGACCTATGTAACTAGACCCATTTACTTAACTTCTGCTTTCAACCGAGCTGTTAATGATGGCCTAATTTTGGTACTTAGGACTTAGGACTGGGTTTCAATTCCTTTTCTCGAAAACAGCTGGCCTTGGTGCATGCCCTCCTCCGTTGTACGAGGCGGCGTGGACCGCCCCACGACTTAGGCTCTAGGCGAC,1913,50.29,Escherichia coli
SEQ_236401,TAGAGGCGCCCAGAACACTCATAATTGGGGCTAGACCTTATAAACTAGCACACTGCCTATGTTACTCGCGTCACAATCCGAGTCTAACGCGTACCTTTGACTGGTTATCACCGAGACGCGCAATCACAATAACCTAATCTATGTCTTTTGCCATTAGTCGGGATAACTTCGTCCATAGGCCATCTCTAATAGCTCTACTAGAGGGCCCTAACCTGTCGTCCTCAATTGCAAATACTCCTGTGCAACCCCACTTCCAGATAATAATTGCTAGGCATCTGGTGACCTGTCCCAACATGTTACGAAGACCAAGGGCTAGGCCGGACTTGCATTTAAGCAGGGCTATTAGGAAAAGTAGAAAGCTACGTTAACGCCTAATCTGACCTCAGACTCCGGGCATCGTGCAAGCACAATCCGGTTCCCGGCACTGGATACCTGGCATACAACTGCTTCAGCTGAACTGAATGGCAACTTGTCATCCAATGTTTATAGCCACCGACGTATTCGTCCCACTTACCCTTTGAGTTCAGCCACTATAGACTGTGCCTTTCTGGTTACCACTAGACGATAATTGGGCTGGCGCTGTAATAAAGAAAACAAGGGTGTAAAGGGATAATCTTGGGGGGCATCGATGTCTTTCACCCTAGCTGACCAAACAGTGATAATCCCTAAATATGCAACTTCAAAACGCTTTCGGACTCGCTGGTGCCCCTAAGCGACCTGTAGAGACTGACTCCTACTAGACGATAGATACGTATGAGTAAATCCTCATTCCTATCCGGCTATTCTGCAGCGCCCGCTCGTATTGACCGGAGTTAGCTTCTGATGAGATGAGACGTACGATGAGCTCTAAAACCTTTAAAGCGCAGTGAGTTTGGAGTCCTATTATCATCGAACCAGTCGTCAGACAGCTGCTTGGAGGGGGTACTCTGCCCACATAGAGTTCTATATCAGGTCTAGGGCGAGCCGACCAGAGAGACTATTCGTTGATCTGACAAACAGTAATACATGTGTCTTGGCGGTCAGAGCCAATTGCCTGTCCCTGCTTCGATTGGCTAACCGGGTTTGGTATGTTAAAGTGAAATGCATACTCGCGCCATATCCATCAACCGTTGAAAACGTGAGAGTAGTTTTTGTCGGCGCATGTTGCACCAGGTTGGCCGACCACTACACATTAAATGTTATCGCACCCATTCTCCTGGCGACAACCCTCCCTTCTGAGTTTCCACAATATGTCTCACATGTCCATCCTCACGAAATGACAGTAGGAGAATTATGAGAGAGGCCCTCGTTCGGGTCTCTCCTTAGTCCGCGTAACACACCTTGGTAGTTATGAACCATGGATCTCATGCAGTGAGGACAGAGACTATGTAGTTGTAATTCGGTGATCGTCTTGCCTGTGACCGCTGACGTGGCGAAAGTGAATCAGGGGTCTTAATCGAACGGTACCGGGTGCATGGAAGACTCCTCCGGTTTCTGCTGTACGTGACCCGATTGCCTGAATCGCATCACTCACGTGGCAAAGGATAATTCCTGCTGCACCAATCCAATACACTGCTTTTGAATGTATCGATACGAAGCGAAAGACAGCCAGATGGGTCGAGTTATACGCCGTCTCTATGTTTTCGAGACGTACAGCGCAATCGCGCAAATCGCTACCGCCGGAGAGTTATACTGAAATGATGACGTTAGGCTACCATATCGCTACAATGAGGGGCAAGCGTTTCTGCACCGTAGCCTCTTAAGTCTGCGCGCCTATGGTAGGCGGTGCTAATAGGAAATCGTCTTGCGTAGGATCACGCCGTGGGCCAACTGCAGGGCCTCCCCTAGAGGCCAACA,1836,49.02,Mus musculus
SEQ_279161,GGTATATGAATTGTGCAAGTTATCTGATCACAACTTGCAGGTGATATATTATAGCTTGAATCTGCCTCGACAGTGCCATTGCGTCAACTTGGACCTCAACCTGAACTCGTACAAAGACGGAGTTAAGATTCTGTAACGTCCTCGTGAACTTCTTCCGCATGGTTCCTCAGATGGCAATCAACGCTTATGTGGTACTTTACACGACTCGCGACTTTTGGACTGTCCACATTGTTGTCCTCAGAGTCTTATCGCGAGGGATTCGACGTCCATAGCTATGTAAGCTTGAGGACTCTCAACCTGGGGTATGTTTTTGGCATCACAGTCTAGGTGATGTTAGGAGGTACTAACCTGTTGGGATCGTTTTGTCAGTGAATGGAATTTCCCGGCTGCGAAGTTGAGCACTCTGAGCTGTCAATAAGGGTATGTAGAAGAGGAGGCGGGATTGCGTTGCGGTTCGTGCTACCGACGTGGTGCCATTCCACCATCAGTGCGCGACAGAAGTCGGAATGAATGGGGGACTTATTCCTTCCAAAAGTTATGATGCTCAACGAAGTTGCAAGCCAAACGTGGAACCCCAGCGCCGCATACGGGTACCTCTCCACACCTGGCACAGATTCGGTCCGGATAATACACAGCGTGGCGACTGCGCGCCAAATACTAGCCGGCGTTTTGTGTCCGAGGTGATTTTGTTGTTAAAGCCATTGTTCAACGTGCTCTCCCCCATGGGTTTGCTGCGCAAGGTAATAACATCGCTCCCAGATGCTGAATTGTAACGTCTCGCAAACGAATCCACTCTTCCTGGTTTTTTAAAGTTTTAGCGGTACTCGAACTCGAAGTGACAAGCAATTCTATGCTCCGTTCAGCTTGTCTTGGTTAATTTAACTCCGTACTAGTTTGCTGGTAGGTGGTCGCTGCTAACAACTTCATACTTGACCAGAGAGATTACATCGATTGTCTATGACTATCGAAGGATGCGATCTTTGAGACGGGACTGGGCTTGGGTGGTTGGTCCGGCCAGCAACCAAGTGAAATGTATCAATTTCAGACACAACATCCATACTATTCGGAAACTATAGACTAATACAGTTAGGTTGGACGAGCCGTTGCTTTTACCAAACCGGCTAGCCCTACCAATTACTGCTGGTGATTAGAGCGTACATTACATGACCACTGGGCCTGATCCCTCCGCATCGTATTCGTTGAGGCAGTGTTTCCCTATGCCGCCCAAACGTTGGGCACCCACGTTGCTAGTAAGTTGCCTTATGTAGATTTTTTTAGAATAGGCCGTGAAATCTGGCGGGCTCCTGTTGGAAC,1314,48.02,Escherichia coli
SEQ_815823,CACTACGCATGTCCAACTGGCGTGGCAACACTCCTTGAGCATTGTTGGAGGTGTTGTGCTGGAAAGGTATCGGTCAGCTCGCCGCCCTTTACGAACTCATGCTCTCAGTCTATGCCCGAAGCACTCACTAATCTCTCGGTGAACTGTTGAGTGGGGCGGTTTTTTTCGTCCTAGAAAAGG,180,52.22,Caenorhabditis elegans
SEQ_281318,GTCCATAAAACCTACCGATCGGTACCCGGGGCGCAATAGGGGGACGAAGCCGATGCCTACTAGCTGGTTCTCCGAGGTCGATACAATAAACTGGCGCATAACAATCAGTGGAATCATCAGGTTGTGCCGTAAAGCATTGGAGTCTCCGTGTTACCTTGATTCGTTGACCACAATCAAATGTGTTCTAAGTATGACGCGCATGGCACCGCTGTCACGATGCCAGTAATAGGCCTATTACTTCACGTCTCAGTATTATCGTCGGTATAGCGCTTAGTAAACAATTCCCACCGCGGTGAACAAGGGGCGCGTAAGAGGATTGTGACGCTCATTGCTACTTCTCAAGATGGGCATACTCTTTAGATAAGGGGACTAAGTGGTCTAGGAGCCCCCAGTGTAAT,398,49.25,Saccharomyces cerevisiae
SEQ_328004,TGTCGCCTAAGTGCGAGATCTTCAGACGACCCTGGGGGGAACCTCTCCTAAGCTGAGTAGATTCCTGACGGCGACATCCATTCAAACAAAACAAAGTCAGTGGGAACGGCTTTGATCTATCCTTACTAGCAAACGTGATACTATTTATCGATATTACTCGCAGAAGTCAGCGTACACGATTACAGGTGGAGGCCAGTTCAGCTATTCAATGCTGGGGTACTTTCACCCGGGCTCTGCGCG,240,49.58,Escherichia coli
SEQ_558937,TGCGAGGTCACCAATGACCGGGTGTTCTAACATTTAGCTGCGCGTTTTACAGAACATTTCTCCCCGCGCTGTAATCCAACAAACAACTTGCAGCTCAAGTCGAGCAACCCTAACGCTAATCTGAAATACGGCAGATCATGAGCGTGACGCCTTGCTCAGCTCCCTCTTCCCATTAGACGACGCCACTCTATCCCCCTATCGTGCACATACTCTGGTGCGAGAACATACGAGAGTTCGGTCCGTTTTGTCTACAGGATTCGTAAAACATGTAACCACGCCAAATTGCGCTTATAGCGTGCAAAAACCACCCGCGTGCGTGTGGCCCCAGTCAAAAAAAACGAGTATTCTAACCCTGTGTGTAAGCGGCCCCTGCTCCTAGAGCTGTAGGAGCAAGAGCAGGTCTAGTGAACGTTTTCGATCCCCACTAGCTAGGTGGCTCAACGAGGTCAATTCGTGGTGGGTAGGTCGCTGACGGCCGGGAGGCGGG,487,52.57,Saccharomyces cerevisiae
SEQ_175080,CACGATTCGAAATGTGGATAACTACTCCATAGACGGCATGAAGAGAGGAAGGACAGCACCATCTAAGAATTCCACATAATTTGCGACCGTTTGTTTTCGCTCTCCTTTCCCATGGGATACACACTAAACTCTCGTCAACAGTAAGAATGCCTCGTTATACATAAGATTCTTAGGCTGACTTGGAAGCCTTTCAGCGGCCGTTAACGGGGGCCAGACAAAATATTTTATTCGATTGCCAACGCAAACTGATAAGGAGATCCACCCACGTCAATTTGACCAAATTAGCACTTCGCCCAGCTCTGCGAACGAATCAGTCTTGATAAAATCGCGTAACTATGGGTGCGACTAGCAAGCTCCCACAATCCAGGCCAGGCAACTTTTTAGCGTCAGCCGAGCATCAGGGTGCACGGTCATTAGTAAAAAAGGACACTCCTAACTCGACCTAGAGTATTATCACCTCGAACCGGAGCCGAAGGGGAGGACGATATCTTTCGGTTGTTAATCTGGGATGTCCGTGCGTTGCCGCGTAGGGCTACTATGTTCACTATTACCCCGGCGGCAAGTCCAGAAAAGTATCATTAATAAGAGGCGGATAGGGAGGTCTCTCCGCGCGCTAATTGTCACAGGTCCGTGACACATCATCTCGGCCACCCTTTCTGCGGCGCTGACTTCACCGTAGCCTTTGAAGGCCTGCGGGGGTCTAGGAACCCCAACACGGCCTCCCCCCACTGAGCCAAGTTCCAATCCAGCTGGCCGCGATAAACGTACTTCATAACGGTCCAGACGAGATAGCACTGTACGGAGGTGCACCTTCCCTAAGGGCCAAGTTCTAAAGCGTCAGTGCGCATAACTTTCTTTCATAAGTCTGGGTGTCTGCTTGATGCATTGGGTCGGTTATCAGCTACACTTGTAAGCGGCTTTCTTATGAGGGAGGGGGACCTATACCACAGCCCCGCAAAGACCTGATGCCATAAAGTGTGCGTCCATTCCCGGACAGACTGGCCTTCCTACCCCCGCTTCTATGCAGAGATTCTCATACACCACGCGGAGAAATATGAGGCTGCGTCCATATAACACAATGTGAACCCCAT,1091,50.5,Escherichia coli
SEQ_496686,AGAAAATTAAGTGCGGAGGCTGACATTTTCTCTTTCGCACTGCCGAACAGTGCGCTACTAGATTCTTATTGGCAGGCTTGGTGCTACCGCACGACATAACAACAGCATCTGAGCTAACTATGAATCTTTGCCCTGAAGATTGACAGAAGGGGGGCGTGCTCGCTTTGCCAACCGGGGCAAGCAGACCCTCTACTGTGAATAATGCCAGACCTAACCGGACCAGGACTAACCTTCGTTATCACCGCGAGTGAACGGAATCTTCTCTGCTTAGGTGCGCCCACATTGTCACAGACCGCGCCATCGTAAGGTTGCAGGATTACATCGGGTTGCTACAAACTGTTACTCATCCAGTCGTCGTCTGGCATATGGAGGTAAGGCCCGGCATTAGCCTCTGAACTATAGACCTCCGTAACTAGAATCCGTAATAACCGGGTAAGGATCTGCTACATACACAGTATTTTATGCCTCTCTTGATTTGTAGTAGGAACTCCAAACGGTAACAAACCTTAATCAGGAACTTATGGGTTGGGCCAGCGATTCTCTGTTACAGGATTGTCCCCTTGGTTAAACGGAGCATGCCAGGATGCATATATACGCTGTCCCTAGGACCGCCGATATCTCTATTTATTTACTAATCTAGTTAGTCACAATATTACGAACATTCAAACAATCCAAATAGAGGGGCGTTCAGTCCCGCACTGATTGTGATAACAACACACTACGAAAATGACAAGGGATGACTGTTACGATGTATCTGAGCATAGAAACAGCTATAGATATCCGCTAGATAACCCGCGGTTAGTTGCGCCGCACTTTGAAGAGATAATGGCTTTTGATGAGCGCCGACAAACCCGGATGTGATACTCGCTTCTTTTCTCTAAGGATCCCTCCCGTGCTCAGCCAGACGGGCCACAAAAGCGCTTGCGGTATTATTGCACCTATGCACCAGTACTGGTAAACATAGACCA,968,47.42,Caenorhabditis elegans
SEQ_797709,AGCACGATAGCAATAATCGCTAGCTCCATCTTGATATAGGTAGGGATGCCGCGGCCCGAATGCCCGTTCAGACCGACTGCCGTTGAACAAACGTGCCGGAGTCCCTCCCACCGCTAGTTACCATAGTGCAGATACCTTGCCGGGTAGAGCACCCGATCTAAGCGACAGCGCTCATTGCTTTCATCATGGAAAGCGAGGTGATGGAGTCGTTAGTTACTTAGCGGATTTAGCCTCCGGGTTTAGGCGGTGGCTCTGCGCCTGCCGAAACATTGTCCGCGTTGCTACGGCATCGTTGTGTAAATGCTAAAAACACACTCTTAACCGGTTCGCCAACAACCAGCATTCCCATACTTGAATCGACGCCTCAGGAAAGGCTTTCATGGGGACTAAGTAGTGCGTGCGCACACAAAAGTCAACTCCTGGTATTAAGTGTGATCATATCTACAGTGCTGTGGGACACCAGGACCGGATGCACTGCTGACGCACTTCTCCATCTCGTGTACGTGAGGGCTCGCTGCGCAACGGTCGTCTTTGCTCTGTGTCTTCTTCAAACTCTGGCGTCAATTAGTCACTCCGCGGTCCATCTTCGCACGTTGTCGCATCCCCAGGAGGTGCTTACATCTTTACCCACAACGCCTGTATGCCTACACTCTACGACTTATAGTAAGTGTCGCAATCCTCGCAGACACCAATTACCCGCAATCCCAGGATGTAACGCATGTCCATTGGATTCCACTTCTGGGACAGTCAGACCAAAGGCAGGACCATGCATATCGTCTCACTTTCGAACACTCTCCGTAACCACCACGGCTATACACCACTGTGAATCCTGCGGATAATAAGGCCAGGTACTCCGTACGCCATTCTATAATCTGTAGAATACGGTGCCTACGTCACTGTACCACTGCATGACGAGGAGTGCCCTATTTTTTTGAGGTTGAGCAGCGTTATCTTATAGCGATGGCACGTACTTCCATCCCACTGATGTATCGTCGATCGACGGCTCGGAAGAAACGAAGCCCCGTGCCTTGAATCGATGACAAATCGGTACGAACTAATAGAACATCCGGGGGGACAGGTATGCAACTTCGTCGAGAACTGGTCGCTTGTCTTCTGTACGACGGTACCATACACTATTGCATGAACCGGTGCACGTCGGATTAGCTTTGGAGTCGGGCAGGCCCACTCGCAACGGTTAACGCAGACCGGACTAGATGGAACGTCACCATACGCTTTGGGTCGGCCTCGCCTCCC,1254,52.31,Escherichia coli
SEQ_868552,CCTCTGAGTCTTAGCTAGCGTCAACTATATGGGTGGTGCCAATCCACATGCGTAAAGTAGAAATAACGCTCTACTTGGGCGCCTTATTCAGTTGTTTTGCAATTGCGTCAGTAACCTTGTTTAGAAGGCTCTTCTCACGCACCCTACTCCGACTTGCTCAGCTAGTAATCGAAAGCAGACCCGGCTATTTAGGAGCCGCACTGCGCGGCCGTGAAGCTACGTCTGGGAGGTGAACCTAAGCGCTCGACAGCTAAGTGCCTGATACAAATACACAGACATTAGTGCGGCTAAAAATAGAACTGTCCATCGGCTAATAGATCGGATAGCTGCGCTGGTCGCCACTGACAATACTTGCGGAGGCCAGTCACTAGTGACGGACTGAGCTGGAATTAATTGGCATGTATTGCGCTGTAGCAACCCAGTAATACCTTACCGGCGAGCCCGTTTATAGCAAATGATGCCGCTATGAGCCCGACGATGCACTGGGGATGATAGCTGTAGTCACTCGTCGAATAGCCCGGATCGGCTCCATGATTCCGTGTCGGGAAGACATAAGGGTCTTACTATAATCATATTAACGCTTACCCGTACAAGTTTGCTGCAGTGCCTGATAGACGTTTCGACTAATAGGTGCGGGGCCCCATAGGCTAATTTAGTTAAGGACCGATTACCGTTGGTCGTGTGCCAGTTGGCGTCTTGCGTTTAGCAACGTGAGCCCGTTCTGCTATCATGAGGCTAATATGATGAAACGCGATCAAGGGGGGATCATAATGCGTTTGGCGTTAGAAAGACCTTGCACTCAGGTAAGGCCGCGGCTGATAAGCAGATTTCATGACCGGTGTTTCAGGTGTGGGGCCTCATATCCGCACCCGTACGATTGGGCCTCCTACATCCAGACAATCCAACGTCCGGTATTTGACGAGTGGTATCGATGAATCCACCTATTGTGATCTCAATTTCGAGCCCAAGTCTCGAGAGTAGACGATACCAGCCGCTATCATCGGGATCGCGTCCGCTCACGGCAATGGCCCCAGCCTCAAGTTTTAACGGGTCTATCTAGTGATTGGCGTTTTGATGCTATCTTCCCCCAACCCCTGATCCCGCGGGCGGCGGACAACTCTGTACAGCTACAGGAAAATACGTGGCCTAAACATTCACCCATGTCGGAAAGTTTCGAGCGCAAAGCGGTTGACGCCCTTGGTCCCCAATTGTCAACTCTTCCTCACTATTGAGATGCACCCTGGAAGGGGTTCAGCTCCCGCTACTTGTCTATGACAACGTCAGGATTAAGCTCACCCCCGAGAGTACTCAAGGCGTGGCCTCGGGGTTAGTTACGCGCACTAATCAGGATAGCATTCAATCCCGATGTCATGTAGTCGGATATTAACTTGGAAGACAAATTCATTCTCTATTTTGTCAATTACTAACCATATTCACGATTTAGCCGTCCGCGTAGGTCAAACAAGGTTTACCTGTCCACGCAATTGGTGGGCCTACCTATTCAGCCTGGAGTCGAAAAATCATAGTAAAGGTATAGACTTCAAGTATTACTGCTTACAAGAGTCCACCTGTAGGAGTATCCCCGATCGATGCGATTACCTATGATTAATTCGATAATACACCGTTTTTCTTCCTTCTTGCGATATGGCGCGTCTGCTCCGCTACAAACTGATTTGGGGAACTTGCGTTCATCTCATACACCTGGTGACAACCCTATTTGGCCACGTGTAGTGGTCGTTAGCATCGTAAGCGTAGCCTAGAGTTTCCAGGAGGACAATTAGCACTTAAACGCTTGACACCAAAAATCTCTTTATCCACATCGCCCAAATGACGATGAAGAGAACACCACCGCATTGGGCCACTCTTGACACGGATCG,1877,49.39,Arabidopsis thaliana
SEQ_494455,AAACTCAGTTCTGGACGAACTCAAACCAATCCAGACAGCCCTTGCTATTCCCAGTGTGACTAGCTTTAATCTCAGCGAGCAGGTCACCTGGCATACAGGGACCTCCGGTTGCCTCAGCCAAATAATTGGGTGTACGCTACAGAGAAAAGATATTTGAGCGTGCATTCCGTAATAAACTGCCGCTGAATTGCGATGTGTCTCCCGTCGCAGGGAAATGCTCGTGGACTCGGAAACATAACTCAGGGTCCAGCTCCAACTGAGGAAGTACGCAAGTCGATCACAAAGGCAACGGTCGTTTGACATCGTAGCGGTTGGGCACCCCAGCTAGAGGTGGAACAGGATACAGTTGAGGGATCTGCGCAGGGTTTGGACGATTGCAGGGGTTGGTACTTAATCTTCCCTCTTACGCTACAACTACGCACTTACACGTACTCTCCATTGATGTCATGCAACCAGTAAAATCTCTTGGTTAGTATCTGTCTTTATGCTTCGCAAACCCTCAGTGCGCAGGAGATGTTGATCCATTAACGGGGTAGAAAGCTTGTCGGCCCTCTCTGGAATGGGTCAAGTCATGCTGCCAGAAGACGCCCTCCAGCCCCTGTGCGTCGAGCCATACTCTTCCATTACCCGTCTTCCGGCCGCCAACAGGTCTGGGTACTACCATTGCAGGGTAAGCGAATATCCAAAGTAGCCCGACCGCCGCCACCTACGGCAAAGAAATGTTTGGACGAGAATAAGTTTTCAGCGGCAGTTGTCGCTGGTCGGTGCTTACTTGCTCAAAAGCCGCCCCATGCTCAAAAAGTTATCCCGATGTTGTATTATTAATTACGTCGATTTTTTATTGCACGTGCCATTTGTTTTATTGCGAGTATGGCAGCGTATGCGTCTGCATCGCTTGAAGATAATTACCCGCCTAGGGTACGAGACTGGGTTGAGGCTCATTAGCCTGGACTCTCTTTAGTCGGACAGGTATGTCTGGAGTTACAGTACCCCGCCATGTGTGATGACACATCAAAGTCTGGCATTACAGAGTGTGGCACGAAACAATCCGGATCAGCAAATCATTCGTCGCTAGGTTCATCAGGATAAATAAGGTCTTCGATACACAGGGAGTGGAATCGTGAAGTTTTCTATTGTAAGCTCATTTACTAAGGTTGCTCATTGCCCCAGGCGGTTTCTGGGAACTAGTAAAGATACGATGCGAAAAACGGCGAGTAGCTGAGGCATGTCGCCGCTCCACTATCCTGCGCTTTGCTCAGGTGGCAGGGGTATGAACTCCACGCCCTAAGAATACGCCTAGCCAAGGTTTGTCGTCACCAACTCGTCTCAGCGAGTTTGTGTATGCTCCACACACCCCTCTCGCGATCCAACTATGGTCTGAATCACCGTGGAGGGGGGCGGACGTTCTAAAAGCGTCTTTTGTCTTCCCGATCTGGCCACGCCTTTAAGAATCAGCTTCTAATTCTCGGGTAAGGGTTGTCAGGTTTTAAATTACCCAGCACAGCGAGCTACCCCCTGATCGTATTAGAACGAAGAACGTGTGAACCTCGTACAAGGGAGAGGTCGGAGACCCGGTTTCGCTGTCGTCGGGCTCCACTTAAACCGCGTTAGCCGGTATATAACGGTGGGAGTCGCATTTCTGTATTGCGTGTAGAGAGGGGGCCCAATCCTATTCCTATAATGACCGCTAGGGCTATTGCAGATTTGACTGCGACCACGATGATCGGCGACCTGGGGATCGGGTGTGCTTGATCACATAGGCCAGAATCTCTGCGATCAGCGGGCTCAGCCTAAGCGATTTCGGGCTCTGAACATTCTAAGAGGACGTAGATAGCAAGGGGTTTCTCCGCGGTAACTTTTTGGTGGACTGAGGGCTCCAACACAGATGCCGGACGTCGAACCGACAACTTGCTACGTCTCGAAACAAGAGCTTAACCGCGGTATGTCAGTGGTACCCAGGAGACAGTCCGGGCGTGTGCGTCCC,1984,51.16,Mus musculus
SEQ_962284,GATCACGCGATAATTCAGGTCATAACATCGTGTACCTTGTGAAGCATCACGACAGGAGGACACTTGACGATAATCGTAAGGCTACCTCGAGATCGCTTGGATATCTGAATCGATCCGCGATCACCGATGTCCCGCCTCCTGTTGTGTTCATAACGCAATGGGGACCACATTGTAGAACGCCCTCCTAGCCTGATGGCGGCAGGCGGGGCCGGCTACTTCACGGCCGTTACGTCCACAATTGGCTTCTGAGAAGTGTGGCGGGTTTGAACACCCCACGGAAATCTGCCTTTTGGAACGCCAGTCTATCCATATCCTTGGGGTTTACCATGAGTCTGTCACCTAAAGTAAGCATTCAGGGGGGAATCCCTTTATAGGAAACTCGACGTATGTGAGAGGTCTAAACAGGCATCCAAGTCCGCACTCTATTATCATGCCCACAACACTTGGACAGACTAGATCCGTTCTATTACGCCTAGGCTTCTTGAGTCGGGTGGGATACTACCCTGTTGTTACCGGAACAGGACAGAGGTCAGCCTTAGCGCGTCGACCTGGCGGGAATAGCCGCCTAAGCTGGAATAACTCGGAGGCATGCTGGGGTCCTTGAAAGAAGTTAATGCTTATCACATGCAATACGCTTTCCCCCAGATTAATCATCTGGAACACCCATATGATTCTCCGGCGTGTGGGCCGATAGCGACCAACGTAGTAAAAAGGGGGCCAGATTGACGCAGATCAAACCTTCGTGATGGGAATGGCGTTCTCAGAACCCGATCGGGCAGCCCGCTCAACCTGAGAAGTACGAAGGTAAGTGCGAGTCCCCTTAGATGTCTTCGCTCAACACGCTCGTAGAACGCGTTTCATAGCACTTTCGTAACATGGCCTACACGTGTGCATTGCCCTAACAGGATGTCTAAGCTAAGGGGACGACGAGCTATGGCCACAGCGTATGTCTAGGGCGCGACTCAAGTGCAAAGTAGGTGGTCACCGACGTCCCCAAAAAATTATTCCCGAGCAGCAATCTCCAGAACTAGGCTACCTCCACTGGGTAACGGGATCTATAGGATCTAAAACTGTTACTAGAGCACTGATGCAACTTAGGTCCATAACCTTGCATGATCATCGGACTATATAATTCCAAGGCAGAATTGACCGAGCGACAGAGAAATAATGAAGATGAATCTAATCCCTGTGTGCAATTAAACACCCGAGCTTTGGTCGGCCTACGCATGATCGAGCCGGTAGCTTACATCAAATAAACTTACGCTAGACTAGCACTGCCACAACGGGAGGGATCGTACTTACGTACTTTCACCGTAGCTGAATGCGCGGGATTTGACCGAGCCCCGGAGGCTCTGCTCACACCGTGCCATGTTCCGTCACCAAAACTAGCTTTCT,1395,50.82,Escherichia coli
SEQ_722605,CAATTATCCGTCTCAAAGAGAGCCGGACTGATGGTAAACTAGGCGAGCGATTGGGGCGCCGTAAGTTAGCTATACGGCCGTGCTTTATTCTTAAAACCAAGGCCGTATCCACACTGCAGGCTTAAACTTGCCTGTAGGTCGACAGTTGTTGCTGCGTCCCTGTCGCCAGAGACGTTGTTTGAGCGCCAACCGCAATCCCGGCGGGAATGGGTGAAGATGAGTCGGTGGAGATTGGTCGGGTATGAGAGCGCCAGGCGCGGAGTCAGCTTGATTCTGTTAAGTTAACCAAACCCTATCATCGCCGCAGATTCTCGGGAGTCGGAAGTGCAGTCGCCTCGGATGAAGAACTCGTGGCTTGCTCGATATGGGCCTCTCTCAGTCCACTAGTTGGGGCCCGTACGAGTGAAAACCATCATAGGTATCCGCTCCTTTGGTCTAATGGAGAGTGGGGTGCGTTCTTAAGATAGACGAAGGCGAACCTTCATCTCAGGATCACTATCGTGTTCCTCCGGTACTTTGCCCCCCGGTATCCAGAGTCGAGAGTTGAATACTACCTCATCGCATTTTTGTCAACCTTCGCACGAACATTGCACCGTATTTTCCGGATCGATGCTGCGGGACAATTGCACCACGGAATTACGCCGGAGACGCCCCTGAATCACGCGCACAGATCAATCAGTAATGTACCACACTCGTGCTTAGCCGGGAGCAGTTCATGTCAATAACAGGCAGTCAAGCACCCATCCAGATGGCCTTTGTGATTATACGCCGGCCTAGGCCGTCCCTACGACTGCGACAGCCCCGACCTAGGGCGGTGGTAAGCGTACACTACAGTCCGCTTTTCCAACAAACGACACTTTGGGCGTCTTAGGTATTATACTTGCCCGCTGTGTCTACTAGCCAACATTTATCTACGTCTATAATCAAATGGAAAAATGCACCTCTCCGTACGTAGCCCGTTGGATTTCACGTGTCCGAAACGGCCCTAACAGAAGGGACTTCCAATTCCTTTTACGAC,1018,52.26,Drosophila melanogaster
SEQ_216185,GTTTACACGTTGAAAACCCTTAATTTTTGAGGTGGTAAGCGAAGTGTGGTCGTTATGAGACCTCGCGGCCTCTAGCGATAGTCGTAGCCATCGCCTACCTTATTTCTCTGAGCCTGGAGACCGTCGCGGTCACCAGGCAATTATGATCAGGCAGGCCAAAATGTTCAATGACCGGCCTGCCAACGGATCGGGACCATCTACTCATGCTTTCCAGGTACAAATAATCCGACGAGTCCGACCTTCCCATATGAGATAATGACCATCCGTTGATTCCAACTGAACCGCGCCCTTATCATTGCCCTCTAAGTACGCCTTCAGACTTCGCGGATTACCTAACCCGTCCTCGTGAGGACCGTGACTTCGGCTCGGTATATCTTCGATCGGGAGAGCGTACGTAGCCACTTATGCGCCTGTTATTAATTAAAAACTCGATCCAGCGATTCCCAGCAACTGACCTTCTATTTCATTCCGGGTGCAGCACAGACGCCCGGGCGGGCGATAATGTGTATATGGGTTAGAGACACGGATACGACATACAATGTTGAATACCGTGTAGGGTGTTCTTGGGTATGGCGTCATCCCCCACAACTCTAATATGGTTTTATCTCGCCAGGAAGCTCTTTGCGGCATGTGCTCGCACTTCTCCCCAGCGCTTGAGACTCAGCAGCCCTGCGCAGAACATGGAGATTTTACATGGGTAGTAGCTTATTACAACGACCGTTAGGTGCCATCATAATCGTACCCTTCCCATTCGCGTCGCCGGACGGGGCTACGCCCTACCGGTCCGGCGGGGACGTCACCTAGGCCTAAACTAAGTTACTGTTAGGCTTATTACATCAAAATAGGGTTAAGATAGCGGCCCTGGGAACACCTGACCGATCATCCCTTTCCAATTTGGCTAGCGCCACCCCTGCCGCTGTTGCGTTCCAAACTGCGCTAATTGAGCCCGCCAGGCCCCCAAATATCAAGGCCAAAAAAGAGTACCAAGGTTACGCACATGGAAGTTTAGACTCGGAGGGGGAGCTCACTACTTGTATAGGCACTCAGGCCTGCCACTGGGTAACTGTAAGTGCTTTAGCCGAAGGACAGAACCATCTTATAATGATACCCTCTTATCGAATTCAGCACCTTTGTAAACCATTTTATGAGCAAGCATCTTAAGGTAAGAGGAGAAAAATACATATGCCAGCTCTTTTATAATCGGATCGCTTCGGGCTGGGCATAACATAATTTGTGAGCCAGACCAAACCTACATCGGCGGGTATTACCGACAGGAAATGTTTCCCATTAAGCAGATATGTGGACTGTGAAGCTAGGGCGAGCACATTGGTGTTGGGCGGCTCATTGCGCATCCGTGGCACGTGGCGTTGCGCCGGGAAGGATCTAAACTACGAGAGGTGGATGGCGTATCATAGTGCGACCGCTTTCCGTGATTCACTGGTATCCCCACGATCGCGGCTCGGTGCTACGTACCTGTCAAAGACTATTTCCAGGCAAGAAATACCATGGCCGTCCACGGCCATTTATAACATGATAACGGACGGAGCCGCTATTCGATTTTTAGTTGCCTAATGGGTCTCGCGAGTAATACTTAGATGCCTGTTTACAGCCCGCGTAAGACGTCGAAGCGTGGTAAAGTGAATCTTCGGCGCTCTGCCCAGTGATGAAGAACCTAGCAGCCACATAACGCCAATGGTTTGGCCCGTGCTGGAAGAGTACTAGGTATGAATTCCTATAGAATCAAATGACCGAGCCGTCTGCTCCCATTATCATGTAACAGTTAGAGTCAACTTGGCGCATATAATTTGTCAGCACGCAGCGCTAGGTTGACCGACGCCGTACACAAATCCGCAATACCTAGACGCGTGTTGTCTGTAGCGCAGCGAGCCCTTCGTAAAGA,1900,50.53,Escherichia coli
SEQ_665116,TGTGTATACAGGAATTTATCGTCCATTAGAGCACGGTAGGTAGACTTGAGGAATTGACCGTTACGTCCCAATTATGACGTCATGCGCGTGCCTACCGGCTGACCTAGACAGCTCCGGGCGTGTGCCTGCTTATGTGTACTCTTCACGTGCTAAAAATTCGCAACATTTACAATGCATCTTCACTCTAGAGCAGCACATACTACATCATGTTTGGCGCATTCTAGGGCTCCATCAAATTGGATCGGAGGGAAGTATCTTCCTAATTCATCGGAGAACGCCGGATGTTGCCACGGACCGACCCACTCGGAAGCTTTAAAAAAATAATTTGCGGCTTGGTGGCGTTCCGCGGGTGGTCTTAAGAGTAGACGATAGCTTTGTCTCCAGAATGTCCGGCATCCTGCCATAACAGGATTAGACGCCCCGCAGAAGAATGATAGGAGCGCAACACCAAGAGCATTGTATGAAAGAGTGGATAGGTACGCGGTCCATCTCATTGAAGCTTAAGTCAGTCCGAACAACGCGGGAAGAACCAGCCGCCATGCTCGCAGGCAGGGTACCTAACTTATCACTCGTGCCCGACATAGCGCCACCTGGAGGGGTCCGAGATACGATTTCAATGTTGTAACTAGCGCTAAAGCCGACAGAGGACATATTTCTCGCGCACTCCTTTACGGTCGATGATCGCACTCTACCCTATGTCACTGCAATTTTCTTAGCGCGGCACTCGCCTAGCCTATTTGGTAACTCATGAAAAAACCCTGTATAGGACTTCTTCTTCATGGACACGAGGAGCCAGTTTAGAACCAAACGAGTAGTGTACCGTATAGGAGGGATGGTGACTTCGTGTCGACGCGAGCGTCGCACACCTATAGCCCGCTCTGGACCCGAGCAACATTCGTCCAACCAGAATACGGGATTGAGGGCAGCGCAGCCCGTCGGGTCAATTAGCAGGCGAACAACCAAATGTCCTAATCTTGCTTCCCTTAGCCAGGTACCGGTGCCTCCGCAAGAAGAGTAGTTACCCGACCCCTACAAGGATGGTCTAAGTCGCTCTTCCCACAAGCTTGACACGACTATACACGGGAAGTTATACGAATTGGAGGGGCCGATGTGGCGGATTGAGCGTTCGCCCGTGTTCTCGGAGTTTCGAGCATCCCATGCTCCTGTCTAGCAGTGGCCGCATAGTTACCGAGATCGGCGCCAGGCGCAAAGATCTGTGTTTACAAGACCACGATAGGGTTTCAGTTGTGTGTCTCGCGTTGGCTTCATTGGGAGCCGTGGTCCAAAATCGTATAACAAGGTCTCCGGGAACAGCCTCCCCACAGCATAATTGTAGGGGGTGATGGTGTCCATGTCCCCCTTGACCAGTGGGTAGGACAGCAGTCCAGGTATCTATCTCGATTGGTGCTAGAAAGCAAGGTCACCATCTCCCTGGCATAGTTTCCATAATCCGGTGACCATCTCCGCTCACCCGCGGAGTACACCGCGGGTTACGGTTTAGGCGATATCAACACGGCGTTTTCTGACTCCTACGCTGGAAACCTAATAGAGGACAGCGTAAGTACGCCGGCTTCTCGCTGCCCCCTCTCGCATTACAACGTATTGAACTACGCGCTGATGGGAGGATCCACTTATAGAACACTTGACATGGCTGACTAGCACTTATACTTATAGCGATAC,1680,51.67,Caenorhabditis elegans
SEQ_372580,GTCGTCCACTAGGATAGGATTACATAACGTTGACGGCAGCCCACAAAATGAATTCGGAATCCATATATATGAATCGCCTCTCACTCTACCTACTGAATTAACTTGGTTGTTGACCACCGTAGTCAATTCTTCACATGAGGAATACCGGTGCAGAAGCCCACGCCGGTCAACGTTGCAATTTGCGTTGCTAGATTGGATTCGCCTATCGGCTGCATCCGACCTGTCTCTCCCAAGCCAGTGTGCATCACAGAAGGAGAGCGGCTAATGGAGTGACCTCGTCACCCTTAAGAGCGCACCGTAATTGTGCTAAGACCGAGCGAGAACCCGCTGACACCGTAATCGGAACCTATCTACACTTAACATACGGTTGCGCCGGTTCATGCCCACGCGTCAAGTATGTCCACCGAGTAATTTCCGCTCACAGATTCTTCCAGAAACCTCAAAAGCGGCCCTGATACTTGGCAAGGTATTCTTCTCAACATTGCCCATTTTTACATACCGGGGACGAGGGCCGTAGAGTTGTAGTTACTAGGGACTACATACACTATCAACTCATAAACATGGGCCTCGGGGTACAATTTTAGTTTACTCGCCCCTGAGAAGCTTACGCTCAGCGGATGGCGCGGTGTATGTATGCGAACATGCATACATAATCAGAGAACCCACATTGATTTGGTCAAGACTGTTCGCGAACATTTACCGCGTTGCTAGGGCAATTTTCCGCCCGACATGCCATCCTATAGAGGACGCAGGGATCTGTTACAGTACCTTTGCCTAAATATTCATTGGGTAGGACGTATGAGTAATGTGGGCTCGCGGTGACTTCCATTCCGCACATCCGCTCTCATAAATTATCATTTAATCCTATTGCGCGGGACACTCACTCAGGAAGGTATTTGAGGTGACCGGTCTCCTAATCTTCGATATACTCCGTGTTAACCAAGCGCGACCGACTGCAGGTCCGTCCTACTTACCGTTTCGTCTGTTAGAGCCTCGCTCAAGTCCACTGTCCGGCGAAGGAACATAAACGGACCCCTTACCCTTTGAGTGTCACAAGGACTGTCTGATCTGATGCCGGACCTCTCATACCGTTCGGAATACTGATGGCGAACTGCCCCACTACTCATGTCTTCTACAAACCGACTGGTGCTAAAGATGTTGAGGAATCGAGTTGACAGTCAGCCACAAGTTGGGTAACCTCCATTCCCTCACGAGTCCCCATGCCGTATTAATCTCGTAGACGACTAGAGGCTTATGAACAACTGACGCTGCCTAGGGATACCACCCTTGTCGGCGGCGAAGCTTCCGCCTGGCGACTAACGTGATAAGGTTTTGGGTCGTCGAACAAATCTGCCGTGATCCTCACGCCAGAAGAAGGTCCAACCTACGAGCTATACCTAATCGAAGCGGGATTGCTCCGGTCATGACGATCATACACCGCTGAACAGGCCATGGCCAGGTCAGTTCCTTGTTTGTTCAAGCTCGTTCTGGAGCTAAACGTACGAGATTGGTCCAAACAAACCATACAAAAGGGCGCCGCAGAGAGTCACCACAACCTTATGAAATGGACACCAGACCCTAGTCTCCGGCTATGATTTGATTACGCTGGATGCAAGCATACAGACTTCGTTATTGTTTATTTCATGCCTAGACCCCACGAGTTTCCCGTTGAAGGGCCAATGGACATACCGGCCAGGCCCCTACACTGCGCGACTCCGATAAATGTAACTTGGGATATCGCCTTAGGAAAGATTATCGCATGCGCTGGAGTTAAAGAAAATTTAGATGGCGTTAACTATTTTACCACCCATTTAAGCTGCATGTAGGATAATATCCATTATATTATCGACACTCACCGTAACCGTGTCCCCCTCCGGCCGCAACTGTCGTCGTT,1894,49.47,Homo sapiens
SEQ_344156,CGCAGTGTAACAATCATCTGGAACCTGCATCGTTGTCGGCCATAGCGCACTTATTATAAAGAGTTCTACAACCCCTAATCTTTATTTGTCAGTCAACAGTTTCTTTAGTTCCCTCACACTTTCGAGACCGATTTGATGTCGGACAATGACACCTAACGGCGATCCCTCTCTTCTACTGGTAGTAACGGTCAGGTTAGCATTAAGTGAGCATCATAGGCCCGGTTCACGCCTCCCATAACCTTGTAAACACGGGTCCGAGTGCAAGGTCGGGCTAATATCTTGAGTCCCTTTTGCCGGGTCTGCCCCCAAATATGTTTATCCATTATAAACCGTGCGCAGCCGTAGGTCCGGGAGAACTCTCGATTCGTCTAGGACCCCTGTCGGTCTTAAGTTTTCGAGTAAGACAACCTCATTCGTTATTCAATCCAAACCTAGGACAGTCGATTATACTTTTGAAACAGTTGAATCCAGCCCTTAATGATGTTCCACTACTCGCCTCTCGTTGGTCGAATCGACACGCACAATATCTTTTGTCCCTGCCGAGCGGGATAACAGCTACGAGAGAACGCGGTCTGCGTGAAATACGCGTAGACACGAGATTTCTACTAAGCCCTCCTGGCCACACCCCGCGCATTAATTTTTCAAGCGGAAGACTTCAGAATAATCCATGGTGTTTTATAGGCAGCAGCAGACCCCCTGTGGTATCTCCTTGATTGTGATGGGTAAATCTTCTCCGGAGAGGAAATACGATGA,753,47.54,Homo sapiens
SEQ_250839,GTTGTACAAATCGATCGCGCGGCCCTCATACCCAGTGTAATCTTGCGATGTCCAAAGTGAAATAGCCACATTGGTAGTGTTGAGGTTCCTTTAATCGGCAGTTAAGGATTCACGAGAATACATATAAGATAGATAGCTTAGCGGTCGAGACGTGAGTCCGGGGAGGCTTTATCGAACTGCAGCGTTCCGATTTTATGGTTAAAAGTAAATCGGTTTAAGATGTGGTTCTAATCACAACGTCGGGCTGGCTGTTATTTCGCTCAATAACAGCAATGGAAGCAACTAGACTGTTAGCCCCTGCTAAGGATTCAACGCACCAGGAACGTAGGTACAACGCCGAATCGAAGGGCCAAGAGCCTGGGTTTTCATTAACGACGTTATCCACGCAATGCTAAAGAGGGACTAGGCTACCAAACCCACGGATCATCAGACAACGGACACCTGTACTACCCACCGTTGCAGTCTGGAGTACACACCTAAACTGCGTACACACTCCGAATTCCTATGATCACGTACGACTTTCCATTAGCCCAAAAATGGTTTATCCGGCGGGTGTATACGGGATAGACCGTTTTCCCTACAGCTCTCACAAGACCGCATCTGAAACGGCATACGCGCAGAACCCTACTTGACCAATAGTAAAAGATTTGCTAGGCCGTAACGTCTGGGCCGAGATTGTTCTGGGCCACGCGCAGAGATCGGAAGCATTGCGCGCGAGTGGTGCGCTTGAGGCGTCGCTTATCTCGGTAAAATTGGCGGCGGTTATGCGATTGCCACGTGTCCGATTGCTGGAGGATAGGCAATGTAACCTAAACGAGGAATAACAGATATAGTTAGAAGTCAGAGAACCAGAAAGATCAAGCCGCCAGATGCTATTGGTGCCCGGCCCAAGCGAAAATCGGTTTGGTGTTGGGTCGGCGGCATGTTTGGTTGAATGTGCGAGACTTCCCCTATAAGACACGGATATTGCAGAACCCCCGTTGACGAGACGTCGCATGCCGGAACGCGTTCTCTGCGGATTTTCGCGAACGCACGGGGTATTCGTTGATACACGGCTACCATGCTTGACGTGGGAGACCGGAGTTCCCCCATAAATAGCGATAGCCTGGGTGTGGATCCAGCCTCGCACATATGTGACGACCC,1143,50.48,Arabidopsis thaliana
SEQ_876214,AGCTAATACGGTCAGCACTAAGGAAGGGTCGGTTACCAACGCTGGTAGCACTTGTAACACCGTGGGAGATGTTTTGTTAGTGGATTTGCGGGCTACTTTTTATGACGGCGAATAGTAGTGGCTGAAGAACGGTCTCGAGTTCTGCTGCGTAGTGTGGCAGCTGGCAAACCCCACGTAAGCAGAGATACTCCACCCGGGTCTGGTTTTCGCGGCTGCGGGTCCCGTATGGTTACGTGTCCGCACCGGCAAATGCGTTAACGTAGATCAGTGGTGAAGATTCTACGTCTGTTCCAGCAACCGGCAGACCGGGAGATCGGCAAAGCGGATCAGGTCTATGGGACTCGTTTTTCGCACCTCTCTTAAAAGCGGGCCCAAGCATATTGAACCGTGAAACCTGGTACTTCCAGGGCGGCTTATTGCTCGCCTATTTAGTACAGTGGGATCACACTGAACTATTTATAGGATCGATGGGACCAGAGCTTGGTGCCTTGTATGCGTAGACCGTCATGTGGCAAGTCACCACGTCAAAAGAAAACCCGTCAAGACCGCTTTCGGAGGGTTGGTATTTCGTCGTTGTGGGGGCCCGATGATTGGCCCGCGCGAGCAGATGATCTACGCTCGCTAGCACCGATGTGTATGAATACCCCAGGTTATAGCTATTACGGTTGGTGAGGCCATAACAATCAACTGACTAGGAATTGCTTGCGGCTAGTCGCAACCATACCCGGGAGTCGCGATCCTTAATTCAATATGTATTATTAGTAACGCAGCGCATACTGTGAATTAATGTTGCACACCATCCCACAAGCGTATAGAAGCCAGACTTCATTATGATACAATTTAACACTGCGGTGTGCATATGTCGCGACAACCCGAAATGTGTCTAGTGACGTGAGAACACGGTACCGTTTCAAAGACTACCACATCCGTGCAACGGCTATGACTCGGCATGAGATACCGCGACAGGTATTGTCTCCGAAACTGCCATTGGAAGTTAACACATCACAACTGCCTAGTGTTTTCCGAGCGAAAACACGCTAAATGAATGAATAGCCTGGCTGCCCACTGACCAAGAAGGGAAGCATATCTCGTTGTACCCCTCTTTATTTTTGAGCACGCAAACGGCCAAATCTCCCCAGGACACGACTAGGGTCAGATATGACCACACGTTATTAAGAGAAGGCTGAAGCAACAATTGACTCGAACCCCACCGGCCACGTTCAGTCCACGACATTGAGAGCGCGTAGCGGGGATGAC,1257,50.44,Escherichia coli
SEQ_252944,GAACGGAACCCTTACCCAAGAAGGTAATGTGCGCCACTCGAGAAGTCATAAGTGCGCTGCGTCCAGTATAGGGTCATTCAGTCCGTAGCGAACTGCGCTACAACGACGCAGTTAATCCGGTATCACCCATCAACACTACTCGGCAAATAGATTGATTGAATAGGCTGCGAGCTATACGATGTGACGCCCCCCGGGGTGCTGTCGCCGCTTCCTGCTAGACTACGCACGGAAGAGATGTAATTAGTCCGGGGTGGACGAACGTGAGCTTTCGCCTTCGCGGTGCCTCCTGCCATTGCTCAGATAATCGATACAAGTCCCCGTCCGACGTAACGTTCAGCTTTGCGTCCGAGGAGCTTCTCCGAAATTCGTACCTCTGCTGCTGCATGTCGCGCCGGTAGATCTAACAGGTATGTCAGGGTAGAAATTTAGACATCAATGATTCTACTCTGTAGTTAACTAGGGCTGGACAACGTCTACAAGGCCATTATTATATTTGAGGACCTAACCACTTGGGCCCACGGTAAACCATATATTTAGGCGGCTGAGGTGTGCATTCCTTTTAATCCAAGGGGTAGTAATCTAACTGCAGTCTGTAAGCCCTCGGACGTTCTTCGTTGCTCCGCAACGACGCAGGGGTAATATGCATTAGTCTGAGCCTGTAATGGGCGGTACTTAAGACCGCATAACACAATTGTCTTCCTTTTACGACTTCACGGCGCTATCAAGTTCCATCTCGCTTTGGCACACTGTAATGGTTTGCTCAACAACTTAATTTAGCGCTACATTTAATTCAGCTAATCCCCTTTTTTGGAGAGTGACCTCCCACATAGAAGAGATCCTGTTTCATTTTGCTGTGATATCACTCGTAACGTGCCCTGCTGTCAGCATCTGCCACATCCTACTCCGGGGCCGCAGCGCGCCGGGGTCGTTGATGTGGTGCACAACCACGTTATTTCAAATTGAAGTGGTGTTTAATCTCGCTTGCCTTGATGCCTAGCAGTACTACCTCCAACAGCCCAAAACCGAAGATGAAACAAGGTCCTGACACTAGATCGACCCGCGCATTCCAAGGCACTAAACTAACTCTCGAGCTCTACATCATTTTCCAAAAAGTGAACATTGTGGACCGAGCTCACCCCAGCAGGCAACCTATATACGGCAACGGCACGACCGGAGCCCTAGCAGACTGGCACCCGGAATTCCAATGCTCGGTCAAGGCCATTGCGTCCTGCAAAAATCTCGCGGTAACATTGTGCAGTCTCTCGCGAGTGGAATTATAAATATAGCATATGTATCGCACTAGTCTAATTTGTACTAGAAGAATTGTTAGCTCAATAAGAGGGGTCCTTACTCGGAAGGGATACTCAGTTTATATCGGTCCGAACTCGATCCTCGAGGCTGTTTTTGTAGACCGATCATCTCACTCAAGCCTGTCAAATTCACGCAAACAGCTGAAAGCCGTGGGGGGTACAATGCGCTGTCACGCGCCCTCGCTCGTAGGATTGCAGTTGGTGTATGGAGGCTTACACTCAAGTAGCACCTTCAGGCGACGGGAGCTGCGCATA,1565,49.78,Caenorhabditis elegans
SEQ_828505,ATCAGTCTAACGTGGAGAGCGCGCCTGCTATATCTTCTAAGATTCAACCTTACGCACGCTGGAACAAGGCGTCTTGTACCATCAGAAATGTACCACGTTACTATAAACCCCAGGTAACACAATGAAAACCTACTGCCGCCGATCGAAACCACCAGCATTTCCGTACATCATTCACAGCCCCTAGTCTTTTTACCCAGACCCGCTAGATGAGCAAGATTAACCTGCCAGCGGTCGTGGGGTCCGACTGTCTGTATAAGATTATTCCGACTACACTTAGCACAGCCATAAACCATGAGAAATTCTTTTTAATAGGGGAAACTCTATGCTCGTGGAACCCGTGACTCGCTTGGGGCCCCGATCGAGAACTCCCATACGCACGGAGGACTCTTACACGATGTACGACCATACGTAGGGATCACTCCTAGTAGAAAAAGGCCGTTACCTTCATTAGCATTCTCCACACCCCTACTGGATGTGTCCAGCTAAGTGGGACACATAGTATTAGAAGTCGAGCTTTCCTAGTTGGGTCTTTCGTACCCACTAAGGCACCTGAACTCATCTGCGCTGTCCCCTGGCACGCAAAGCACTACTCCACCCGAAGAC,603,49.42,Homo sapiens
SEQ_845798,TAAAATATATGATCTAAAATGTGCGAAGATAATCTTGACGAGCTGTTGCGAACATGCTCATGGATACTCCGAGTATCAGAAGGACCCCTATTGTACACAAGTCTATATTGTCGCGCAGCCGTATACCTCCCTGTGAGCTACAGTCGGCAGCTTACGTTAAAAGTCGAAGTGGAACCTTTGCTTAAGATTAACCAGTATCCAACAGAGAAACGATTTAACGTAGTTGCCTAACCTGTAACTTATAAACTAAAAGCTGATTTAATTCCTCTTTAATACGCTGCTACTATCAAACTACTGGACTCGACCTGCAAAGTAGGAAGGATTGAGACAAGTCGGTGACCCCGTGGTAGCGTCGAGGTGATTATCCTACACCGCTATTGCGCTGCTCCCCCGATTCGATATACCAATGTCGGCGACATTACCTCAGTGAGTAGCACCCTAACCGGGTCAATTGTGAAGTTCGTAGTTGCCTTCAGGTTCGTTCTAGCCGTAATGGCTCATAGACACTTCACCGCCCAACTCGGCTCGTAAGGCAACAACTAAGTGATCAGTTATCAAAGTCTAATGAACCCCCCTCAAACAAAC,585,44.96,Drosophila melanogaster
SEQ_771594,GGTAAGGCTTCTACCGGTTAATGCGTATAAATTGCCTGGCACCAACGGGTACTTCCTAGTCGTTTTAAGGTCAGATATTGGTGCGTACATAAGTGCGCGCCGTTGTACTGTATGTTCCGTATACTTTTCGGTGATGAATATCCGGTAGAAAGGCGTAAGAGTGCCGGTTCGTAAAAGATTAAACAGGTTACGGTGTTCATTCTTGATCCATGCGAGGAGAATGCGTAGCATAGTTAGATGGTCCGTATGGAATTTGAAGGCATACGGAAGATACAATATAGCTCAGATCTCGATGTGTCCATTCGTCCCCGACCAGGCACAGCTTTATAATAGGGCAAACGGGACGGGCAACCGTCATGACGACCTCCCATAACCAAATAGCATACTTTGGACGGACGGAAATCCACCTCATCGGTCAGGGATGATAAGCGCGCACTCTGAAGAACAGCCAAGACCACTGTATAGGTACGCCAGAACGCGACCCTAATACGAGAATGCATACTCCGTAAGCTCCATAGTTTCTCGATGCGGCCTCCTTATTAAGGTTATAGATCTGGGGGTGCGGGGCGATCGCAATTAGCCGGCCGTTCCAGTCTCCGCCATGGGCTACATGGTAGCTTACTTACGGTAGAAACGGCGACTGGTTACTAAGCAACATCAATGTTCTACTGCGCTTAGAAATATCACCGCGCAATCATCAGAGGGTACTGTGTTTCGATTTTGAAGCGCAGCCGGGCACAAGGCGGAACGAGGTCTTCACCACCACGAATGGATTCATGTGGGACGCAATCGCCCTCTCACGCCAGGCCCGATAGTAAAAACTTGCGCCACTCAAAGCATCTATGGCAAGCTCTGAGACACCATAGATACATTCGAACAGGTCAGAGCGGTATTACTAACCGGCGCATCGACACATCGAATTGTCTTCTTAGTTGGGCTTCGTCAGAGAACATCGATAGTAGGACGCTATTTGACCCTACGGGTCGTCTATCCAATTGATTCGCCGGTGTTGTCGTTAGTGCAGTATACCATTCTTCAGAATGCGAATTGGTCTTAATACGACTGAAGTGCTAACAATAAAAACACGATGGGTGGATAGAATCTTCAGTTTTCCCTCAATCGCCTTAATCGGAGGTTTCGCGGTTGCAAATTGCCTA,1157,48.31,Saccharomyces cerevisiae
SEQ_745560,AGCATTCTTACTATCGTCGAGGGCACTAGTAGAGTGTGTTGACATCTGTGCTACCCACCCCAAGAAAAGTGACCGATAGCGTGCTCCACGAAGAAACGCGCGGATTTCAACACAATGGCGGGGTACGGGTATCAGTTCGTACGATCCGGTATTGACAATGACCCACTTCAAGCGTTACGTAGCTTTAAACGCTA,194,49.48,Saccharomyces cerevisiae
SEQ_624360,ACGAGGCATGCTCAAGGCGAGTGCATCGAACAACCGCTTTACTCTTAACTATTTGACTGTTTCTTACAATTAAGCGATTTGTCAACTTCTCACCGACTAATTGGCCGCCTCGGATCGAATATTTTAGTGTGGGGGCGGATACACTCAGAGTCCCCAGGCATGTAAGATGGCTGGCCATCCCCCTTTAACGCTGTAATCATTGGCTCGCACGTCTCCCGGCCT,222,50.0,Saccharomyces cerevisiae
SEQ_749028,AAGCACCAGATATTAACCCGTTTATTAGATGATGTTGCGCTCTAGCTCGCTAGGCGATCGCGTTTTCTAGCGGCTGTTCCAAGCGATTGAAAGCGAGTTGGATAGGCTTAGTG,113,47.79,Saccharomyces cerevisiae
SEQ_914607,AAATATTGGCACACTTCAAGCCGGACACTTTTCATAGTAGATGATACATGGAAGAAAAACAGTCACGCAGTTACAAGCCACTCGCTAGCTTGGCACGATCGGGGCAGGGACGAGAGACTCGCGCTCGTACCACTTGCCACATCAGCATAATCAAGATTGGGTGGCCTGATGTTCCAATTGGGATCTTAAAGGGGAGCAGGCCATATTCGTACCAAAAATAGTAATAAAGACATGTAGCTTTTGACGAATAAACTTGGGAGACCATATCCGTATTGCGAGGCTGTTTGAATGGCTAGCGGCCAGCGCGGTGATTGTATATAGATGGTCGGTTACCCGCCTCCAAGTCTGTCCCGACATCTGTTAATCTCGTGCACTTAATCTAGTTGTGCGATTTACCGGCTGAACTTTCGTTCAAAGCCTACACAAGAACCAACAGAAACAGAGACTTGTGATTGCATACATTTTATAAGGAAGCAACCTTAGACTTAAGGAAGTTCAACTCGAAGAGTACTCAGCTACTAGGAGGTAATCAATGCACAAGATCTATCGTAGGAGTGATTGCGGTTAGTTTTTGTGAACATGGGCGCATCGGCCGTGGCAACCAGCACCTCGATACATCTCCGGCAGGCAAGTATACCCCGGGCTACAAGCTCCACTGCAGTACAGAGATGTCCTGCTTTAAAGATCTGGCCTCGTCGCCAGATTGGATCTATACCGCCGTTCCTTTTTACGCATAGATATGTCAACGCACCGGATCTGCCTAGACGGACCTTATTCATACGCTCTCGTTCTAATAACCTGTCCCCACGCACCCTGAACCGAACGTAAGGCCTGGTGTACATAATCAAAGCACTTCAAAGGGTTTCCACAGCATTAAGCTACATGCGGGGGTGGTCGTAGCGTAAGTGTGGAGAAGCCGCCAACATTAACTCCTGTGTAGTCGTGATGTCTTAGTGGCAGGGTCGCGGCTTACACGGTTCTGACCTCTGACGGCCATCTAAGTGTGCGCATGCGCATGGTCAACATCAGCTTACGTTATGCACCGAAACCCCTTTTCTACTTTTGGTGTCGTCAATATACGGCATTGAACCTAGTCTTTATCTTGTTCACCACGTTACGCGCGGCAAGTTACTGACGTACCCCTTCAATGTTATCCTTTTCTTTGATGCTGATAATTTACAAGTAAACGGTTTTACTTGTAAACATACGATCCTTAGATGGGAAGCACTCCTAAATTGAACATGGCAGCTCAGTATATGACCATTAGAATACAACTGTCCTCATGTTAGTTCGTTAATCGTTGTGTGGGTCGTCCTAAACGAGAAACCCTCTGTACGTTCTACACCGGCACGTCTCGTTGCTTGAGACATATATGCATAGTGCGTACCTAGAGATGCAGTATCACAGTGGGCAATAGGTAGTTTGTTTCTGGAAGGGCGTACCCAAGCCTACGGCTGCGTATTTGCGTATTCCCCTACCAACGTGGAACCGATTGTGGGAGTGTTATGCAGGCGCGTGCCTGACACGGTGCGAAAGAAGGATCGTATAGTGACTGCCCTTGTTCGATCGAAATTCTGGAGACCCAACGTTTTTCATTTTAGTAGCGCATTGCCCGAGGGGTTAGAGCATGTGGTTGAAAATGCGGGGTTACTATCGTCAGTGATGCCGGAATT,1673,47.46,Arabidopsis thaliana
SEQ_681269,CAGCACACGCTTTCCGCTGACGTACCAATGTCCGACCTATAGCATCTGGAGTATCCAGCCCAGTGGGAGTGGGATCAGCGATTTGCGCGGGACTAAGGTCGC,102,57.84,Saccharomyces cerevisiae
SEQ_126943,CTAAAGGCAATTACGCCTCGACACTTGTGAGCCGGGCTACCGTTCTGGCAGTAAGGACCTGGCTAAAACTGTATCAACCTGGCAGACTGGTTCCCTTTTAAATATACGGATCTTGTAAGTGATGAAATTGGATACACAAAAAGGGGTGTCGTCTGATCTCGACAGCCTAGGGTTCCCTGCGGACGACCCAGGAGTGTAACGCTGAAGGATTGGCCGACACGTCGCGGGATCAACCGTAGATTTAAACGCAATCATGCACGCCTGTTCGGGCTTAAGAAACACGGCCCATGAACTCGCTAGTGTTGAAGCCTAGCATACTGAGTAGGGCTAAAGCGAGTTGAGTTCCCGCTGGCACATTAAGCGCTCTTTAGGCATGTCATTCTGGCGATCGCGCCCGGTCGT,402,51.74,Homo sapiens
SEQ_701177,CCCCATTTCGGAATCCGGCAGTTCAATTAGGTCTCTGCGCGGCCTCGCTCGCTGAATCTTAGACTACTCAGATTTTTGCAATATTTTGTGAGCGAATTTGTGGGCAGGAAGGAAACGCGACCGGGTCTAAGTACCGCTCGGCCCTACCTGGGTTTCGCCTTAAAATGCGACAAGACATGGCGTTAAATCGATGGATCGGCTGTGACCATGGCATTCCTACCAAAATTCGTAGGCAAAAATAATCACCAGTCACAGTCTTGCCACCCAAGTACTACGATTACTACTGGAGACGTCGAATGGGCATGCTTCTTATGGGACCTATCCCCTGGGTGTTATGCAGCCCCATTTTCTAAGTTATAGTCCGTAAACATAGTAGTGAAAGCGATAACGGGCGGGAGTACCCCCTGGTTCTCCCATCTATATTGGCTCAAAAATTCGGACTTCATGTCGGTAAATTCAATTTTTTATCGCCTTTAGGCCAACGGTGCAGAATGGCCGATTATACCGCTTCTCGGTTACACTACAACAACCACATTTCTGGATGCCCCTGTCTGGAAATCTCGACGTTCACAGGGGAGTCAGTACGGTCAAGGCAACCTGATTTTATACGTCAGGATCTGCTACCTATTGTCAAGTACTCGGGAATATATTTAGGCCATCGTGGGGCAAATACCCCGCTTGTATCTTATCCTTGTCATAAAATTATTACGGATTTCAGTAGGGCCGAAATGGATCGCGTCATAGGACCTCGGTGTGGCAGCCGCCCCCGCTTCCGTGATCAAGGCAGGTATACAGGGAATGTACTCTAACTGCCTAAAATTATCACGGTAGTGTACGCTGAGTACTTAGAGCGGATTCTCTCATGTATTTCTCAGAGATGTGCTGGACGGATTACGGTTTATGGTTTCTCACGATGTGTCTTGTAAAGCCACCCCATCATCTAGCAGACAGTTCGTAAGTCCTACGGCCAGGTTATTCCGTAGGTACTTCGGGCTGTGGAAGAAGAGCTACCCGTTATAGGCGCGGGTGACCTCAGAGAAGCGCTTCGCTGAATCTCGCAGTTCAGTCAGGTTGAAGAGGCACCGAGACCCTTGCCATGCGGCGTAGTGTCTACGTGTTGACGTGCCTGTGTACGGCTCGCCAAGATTCTAGCGTACTCACGTCCCCAGATTGCCAGGGACACCAATCATCAACATATATCGATT,1205,48.96,Mus musculus
SEQ_263559,CACATCGCTGCCGCGTGGTTAACGTCTACAGGATATCACATGTCTAGTCGTCCTAGGCCAAATCTTTTTCCGCAGCCTGACCATCGACCGGGAATCATTCCGTATTAGGCGAGAACCCCGTGGCAGTCTGCTACAGTTTCAGCACAGGGTGGTGTAATCACGATGCCGTTGCCGAGTGTGGCGTGCCATAGGTGAGACCACGACCCCGAGGTACGTAACATATAAGAAAACACGACGCTGGATGTCAGGGAATTACGACTTCTGCGACGCGCTCCGGATACTAGGGGCAGCACGGTTCTACCGAGACACTCGCCAGTGTCCCAGGCTTTTGCCCATTACGCTGGGGCGAATTAGACATGTCCTCGCTTACAGTAGGACGCGGTCTCCCGGGACTGATACTCTTAGGGATGCTCGTCGAAGAGCGCCCGTCCGTATGAGCTCGCACGAAATTATTTTTACTCGTGAGGCTTCGTAATTGTCAGGACAGCCTATGAGGGAGTACGATATCAACCACGATGCTAGATCAACGGAATCACACTTGACCCTGAACCCAGTT,556,53.6,Caenorhabditis elegans
SEQ_787399,CGATGTTGGCAAGTGCGTTAATCTCCTCGTGGATTTTATGGCATCAGCCCTGAACTTAGAGCGCGTTGACTCACACTGGACCAATATTTGAGCTGGATTTGAGCTGAGATGGCCACCAGAGAGTAGCACTTGCTGGCTACGGGTTGACCCTGGGTGGGTGTCTGACATAGACCAACTCAAGAACCGCTAGTGCCGTCATGTTCTTTGTTTGCGAACTCGATACACTTGTAGTGACAGTCGCGGTCACTCTCAACCAATTGCGTTAAGAAGATCGTAAGACAACTCGAGTGCTTAGGGCAGCTTTGCGATTCCTGGGGGCTCGGCACTGTACAACCAACGGTGATGTAACGACCACGGGCGGTTCCAGTATAAATCGATGCTGGGCAACGTAACTCTGCGTCGTATGAGACGAGGGACTCGCTTCACAACGACCCGTTCATATATATCCAACATCACGGTGCACCGTCCTCAAGGGGTGGGGGAATGGGTTCCATCATAGGACTCTAGCAACCCGTGCAACCGGCTTACATTATCAGGATGGGCTATTAACCACACCCAACGCGTCCAATGTTAAGAAGGACGCTATAGCATAGTCCTAAGACGGTTCCCTCGTTGGGCAAGACTCAGTACGCTTGCGAATGCGTTTTTCATGAGTGGACGAGCGCGCCAGCACGCACGGTGTTCAGAATAAGGGGCGTGGTCGACATAAGTAAGGGTGATGAGATACGTGATCTGCATGCCTTTCGACCGCCATGGCCCGCTAAGCACTCACCGTCCTTAAAGGTTTTGATGGAGATGAGCGATGGCTAATCGGTCATAGAAAGGAACATGGGCTCCGCACATCATCGGTGCTCCGTATCGGGGGTGCTCAGTTGAGCTGGGTCTGGCGACTCCTATCTAGTGCGCTCTCCGCCCTGGGGACAGTGCTCTTAGTTCTGAATGCAACGCAGTGCAGTTGCATGACGTTCACAGCGTCTTTCGCTGACGTGCATAGAGCTACCTGGTTACGGGCCTTACAACATCTAGTGCTTTTCTCAGAATTCGGCCGCCACTTTACCGATGATCGCCAAATCCAATCGCCATGGTAGCAATTATTAATGGCATTAAAATCCAGCCGTTGAAACGGAATACATAGTGTGGCCAATTCACAAAGCGTGCTAATTGCCCAGCGTGTGCACCCCCTTAAAAGGCAGCTGGCTTCGACCGCCTCACTTACTCCAAGAGGGTGGATGGCACATTGCGAAATTGACGATGGCTTCAAGACGTTAATCCTGTATTCGCCTCGAACGAGCATTCCGAACACTCTCTCGTGCCCAGATGTGAGCCTGAGGAGGAGAGAGTACGTTGTTTGCAGTCGAATTACGGGTGAATGCCCCATTTCCGGACTCGTCTGCGGACTTGGCTTCACGGACCGTCTTTTGATGAAAGCTGAAGCGATACTAATAGCCTGGTGGGCTAACTTAATTGCGGTGGTTGGGTCTACGCCACGCCCCTCTTCTTATGTTCCTAAATATGCTCCTTTCTGCACAGCGAGGCGACGACCCACAATCGGTCTTTGACTTTCCAAGCATGCAAGGCATAAACCCCGAGGATTCCTATCCTACTCATCGGGCGCTTCTAATGATAATAAAACCGCCGCAAAATAGCCTGCCATATTGGGTTCCTCTTAACCGTCCCCCCTGCCAAACTGCGTCAGCGTGTTCTCAAGTATGAAATCTCGCTTGCGATACGCCAAATGTCCACCGTATTTAAGGGCCCCTTAATACAAACGGGTGTCTTACGGATTGTGATGAGAGGAACCCGCAGTATTTTTATT,1816,51.27,Caenorhabditis elegans
SEQ_337336,ACACATTGTTACGGTCGGTACATCTCGAGCGTAAGCTGGATGCTCTTGACTTAGACGGGCGTTATATATGGACGCCCAGGTGAGGGTTCTTATCGTTCCGTTGACGACCAGTTCCCAATCTTTTACCATACATGTAACGAGGTAGAACATTGATGAGGTTGCTCATATTCCAGAAACTGTACAACATTCTGAGTTGGGGGGTATGTCTTTTGGACTTTAGCTCGGTGGACTCGCAGTGTCTTTATGTGCTGGTTGACTCTTTTCTAAGTGGACTAGGCGGTTCGCTACCATACCATGCCGTTCGACCGCCCATAAATCTAATGTTGCCTAAGTAGGAATCAAGGGAGCCGGTGCGGCTTCCGTACGCTTAATCGTACGAGGGACTGACGAACACCAGGGGACACAGGCGGGGGCTACCTCCCATCGTAGTTCATAGCAGTAATGTTCAGCTAGGATTAGTGGTAATTATTACGTAGAAGCCTAAT,485,48.25,Homo sapiens
SEQ_384007,GCCATCGACCCTCTCATAGATGCGATATGCACTGTGTCGGCGCGAGCTGGGGCGACGTGAGCCCCTGAGCGAGCCTCAGTGACTAGGGGCGCAAGTAGGTGTCCAGCGCTGCGCTATAAAAAAAATATGAGACATAAGGCATGCACTTTATGCTGCCACGTGGGCCTTGTTATCTACGATCTTCGTCAACGCGAGTCTAGTTCCTACTGGGTACGAAGGAACAAAACTACTCCCGCGAGAGCTAAGTAGATGGTGAATGGGCAATCAGGCGTGCAACTGGTCAACGCAAGTAAGAGACGCTCCCCCTGATACTGGAGTGGGGTTTGATGTCACCTCCTCCTTAAGGGGAAATCAAACGCACAGATTACCATCAGGTTAGATCTGATGTGGCTATTGAGTATACTTTGTACTCGACTTACATGTTATCAACGTTTATCATGGTCCACACCCCAGATCCCCGCACTGTGTAGTGATTTCTGCAGCGGTTTCATGAGCCGCGCCTGTGAGACGTTTGCATATTCTTTAGTTGGGACTCAAATGCCCTGGCTTGTTTTGTCTGATTACAGTCACGAATTAAGCACCCGACCGGATGCATAAAAAATCCACACTGTCCTCAGTACAAACCACTCGATTCATCACTAGTGCGTACCGGCCGGGTGTTCGCGGCCTACCCCACGGCGCCAGTTCAAGGCGGATTCGTAAGGCTTCATGCAGATTTTCGCTCGCCGTAGTCTTCTCATATATGGCGACTACAACAATGGATCCTCTTACATTGTTCGCGAGCCGAGCCACCCAGTTTGACTTGGAGCCCATCCATCTGTGGGATTTCTGCGGTAGTTAAAAGACGCTCTGCTTATAACGCAATCATTATACACGAGTCTGGAGTTAAACTTATGTTCTACTATCCTGTTTCATGGGGAGCCCAGGCTCCCGTTGGGTTTGGTCGAACCTTCTATATGCTACGCTTACAGAGTGGGAACCCCTTGTACCTTTATCCTCGTTGACCGGTCTCCTTCCTGAATACGGACGTGTATCGTTGTCATACTCGCACTCGTACCCGACTATGGG,1068,50.37,Arabidopsis thaliana
SEQ_866246,AAGGCCTCCCTAGGTCTAAAAGCATAAAAGCTGTAGAAAGCTAAGTGTTGAGACGGGCATGCAGGGACCAAGGCTTTCAGACGCCATGCTAGGCTCGCAGTCTAAGGACCGCATTTGTTGTCCGGTCATACTTCTCATTCGATATTCAAAAATGTGAGTCACGGATATTCGTAATTACTTTGTGACAGCAGTCGGACGCCAGCTGTATGGCCACGTCACCGGACAGAGATCGCTCACTACACAGCAAGCATCCTAATCGGAAATCGTGTAGCAGCCAAGGGTAAGGGGCATCTCTAAATGATCCAAATCGCACGAGTGGCGCCCTAGACCTTATAGCATAGTATCAATGCAGCTTTTGCTCCACTAGTACTCACGACAAACGTATGCGCGGCCAGATTTTGGTTCAAAACGCCCACTATAACATTCGCCGGAGCGTACCAACGGCCGAGCGATTATAATGACGTCGCTTACAATAACGGCGGAGAATCAACCCTGAAACGAAAGAGTTGACTCCCAGGCTGCAACTTCGGC,531,49.53,Drosophila melanogaster
SEQ_211792,CCGTAGGATGTAGGCGGGTCGACTGCGTCCCGCTGGGCGCAGCAACAGATGTCTCCTATAACCTACGGATGGTAGTCAAGTACGATGAAGGATCCTGTTGCATGCGCAGCCAGAGGGAGTTACCTTACTGCATATGGAATTGGGCTGCGTGACCTGATGGGTCTGCTCCTAATGCTCTGGTCATGGAATGACTGTAGTCAACGTACCATAGAGGAGTTCCACTTCAAAAGTACTGAATATATCTAGCTGGCTCTTTGTGACAACCGGGCTAGGGAGCGCTACAAGCGGTAGTTCACACGCCCTCAAAGCACTAAAAGGTAAGGAG,325,51.69,Escherichia coli
SEQ_762255,CCCCTCTACCCCTAAAATGTGGAAGGCAACCAGAGTCCGGAGCCACCTCCCTGCGGCTCAAGGACGTTACTCGGCCTAAATCCAGGGGTCTACCTGCCTTAGTCACGAGTCGCACTAAACTGAGTCTTTGCCGAACCGCCCGTGATATCCAAATCTTGCTACCAAAACAACCTTTAACATATTTATCCAGAAAGGCTTGGCCCCGTTGCAACCGTTGCATATTATTGGAGACACATCACTTGCCAGCGGGTCGGGGGTGGTCTACTAAATACTGCAGTGCCGAGAACCTACACTGTAAACCTGCTGGTGTCCTCCGCATTTACAAAGCCAGAGGCGATATGTTCTCATGAGCTTAAATCGAGAACCCTGTGAAATTCAACGGGGTCAGTGTATATCTAGTGCCATAAACTATGGTCGCAGTAAATAAAATAAATGGCAACCGCGGTATAAACGTTGAGGAGATCGAAAATATCGGCACTTATATAAGAAAGCCGCTATATGGGACGTTCTTGATTCACTGACTTCGGACAGTATCTCCGTAGCCAGACTATACTTTCTGCAGAGTGATTAAACCCAGCTCCCCGGGACGAGTCTGAGCCAGGCTATTATCAGGACACCGCAAAAATTTATCCTTCTGCACTGACATATCGGTATCCGACCAAGAGGTGCATTGCCTTTCCGTCTATTTTTACGCAGACGCACAGTCACGGTGATGAGTTTGGCCCACAAGAAACTTGGGGCGGAGTCTCTTAAAGAGGACGTGTCACCCCCATACCGCTATGTATATCATTTCTCCTACTGCGCGGAGCCTACTGAATACAGTGGACCGTACACCAGGCCCTCGCGATGCCCACGCTGTGTTGCTCTGGTAGAAAGCACTTTCGTATCCTGAAATGCGTCAACGTACTCTCGGAATGCTTCTCGATATTCGACTCCTTGATCAGACGTACGTTGGGTCGGCCTGAATGCGTATCAAGTACTCTTCCTGTTCACATCGCTAAAGGTATCGATAAAGACCGGCTTCGAGCTACCGCTGGGAGGTCGTACTGATACACGTGCCATTGTCCCCAAGGATGCGCTCTGTTTTCCACGACTGTCTGTGGCATACTCCCAACGGCCTGGCGTTCATCGTCTTCCACTTAAGAAAAAATCCATTTCTCGGTGATAGCCCATTTGATAATTGGTCCTGTCGACGTCTATTATGTGAGGCTAGCTACATATTCTCAGCTTAGCCCTGCATCCGAAGCATCTGAGCGGCTGCGTCCAACGGTGTTGTTGACGGGTCTGACAAGGCTGGCAACCTGAGCATCCCATCCGTGAGCCCACCTGTCTCTGATATCCTTTACTATGAACGGAGAAAGGCACGTGTTTGGCTTTCTTTTCTGTTGACTTCTCATTTCTTTTGTTTTGGAGTGCTCTGGTGGACTGATAACGGCGCGCCCTAGGGAAACGTTATAATACGAAGGCGAAAGTCTCGGAGCGTAATGACGCCCAGGCGGGAGGCGAGTCCGATTAGTGCTTTCAAGGTCCTCCTACTTCGTGGTCTGCCTTCCTCAAAAGACGGAATAAAGAGCGACTATTAATTGCATACCATTAG,1597,49.47,Caenorhabditis elegans
SEQ_418896,TGTCCGTCATGCGCTATCGGGGAGGAGCAAATCACCTAAGCTACTTTCGGTAGTCCCACCTTCCGCGGACAGAGGGTAGTCTAAGGGCCCGAAAGCACAAAGAAGTGATGGAATTACACAACCGTTTTCCCAATTATAGGAACATCATGTGGTGCCCACATGACTTCCTCCAGCAAGTTATGAAGTCGGTGGGAAAGTACTTTGTGCACATGTCTGCCGCGTCTAGTGATCATGCCATCCCCTTCGATTTGATTTTATCTGATAGATCGGCTCATATAGTAAATCCATGATAACACTTGACTCACTACATTTGTAATATAACACGTGCTACAATTGCTGTCCACAGCCTGAGTAATTTAAGTGTAGTGGGTTAGTTACTAAATATCTTTACCTATAGTTTGGTAACCCGTGCTAGGTTGCTTGGTACATCCTAGTCAGTGTGTCGTGTTTATATAATTGTGGAAGCCACTATCCTAGGAAGCGACAATGTCGGAGTTACCCGAGGCCCGCCGACCAGGCATACATGCATAAAACTCCACAACAAAGGCTTCCCCCGCTTAAGCGTTACGTCATCAGACTCATGTTGGAACGTATGTGCATGAACGCTATTCTACCGACTAATTCCGTTATCGCAGCGCCCACGGATTTACAACAGATGCGCAACGATTAGAAATGGTGTGTTACTAGATGGTAAGCTGACTCGTCATCGCCCAACGACGTTTCTAGATTACGATTAATGCGAGTAGGAGCCCCGGGTAACGATGTTCAAGCTCCTAGAGAGTCCAAAGAGTAGGTGCTGTTCTGGAGCCCCCAGATTCAACCGTGCTTTGGCTCGCTAGTCATCGTATTTTATAACCAACATCTCGTCCCAGAGCAAAACTGTATCAGATGGGTTTAGAGATGCCAGAGCGACTGGGTAGGCTTTATCGAAATGAAGTAGGCCACCTAGGGTCGCGCGAGCTTACTGGTGCGGACGTAGCACCTCCCGATGTATCCGGTTAGTACAGAGTGTCCCGAAACTGTTATCTAAGGTTGTCGTGACTAACCGGAGTCCCAGAGCTCAGCTAGTCTGTCTACGTCCGGTATGGCCTTGGTGGAGGCCGCCACGCAGTCACAATAGAACCATTCGGCAGCCGCCAAACGAT,1145,48.3,Homo sapiens
SEQ_581944,CCGCGCGCGCGCCGAAAGGACGTACTTTCGGTCTATATGCGATACCATTTGTGTTCACACATTAGAAAGCGTGGGACGTCCCTTCCACTATCTTAAGCCACATAAAACGTTATATAGGTTGAGGTTCTACTGCGTTGAATGTTTCCTAAGGGTTTACCGTTATATGGCTAAACTCCACCGAGCTGACGGCGAGTGCAAGATGAGTTGATAAGCGCACCCGAATTAAGAATGGTCGACGCATCTCCACCAACATAGACCACGCTGCACTTTGATATGAACCTCGTGAGCATCAATAGCTCTCTCTTACGCCTGTAGCGAAAATAATCATACAGGCTCTGCGACCGCTTTCTCAAATCCTAGCTATCAGCAAGTAGACGATTGCCGCAGTGCGCGTTTACATTTGGTGTATGGCCTAAAGGCGGGTATCGGAGGCAGCGGTCTATCTTTAAAAACGGTATAATATAGTGCGGTCCGTTTGGCGTGAAGCATCGGGAGTATTGGATTAGTGGGCCATGGCGGCTCCCGTAAGGGGTGTAAGAATAAAGCGCCAGGAGCGTAATAGCGTTGCTCCTGCAAGGTCCTACGGCTAT,590,49.15,Drosophila melanogaster
SEQ_762307,AGAGTTTCAAGAATCTGAGCTCGACCGCGAGCATGAGTTCATACACTACGGAGCCCTCATCGGAGTAAAGCTGGTACCGTTAGTCTAAAATAAAGGCCTGAGAAGACTGTGCCGGTCAGTGCCAACCAAGACAAAGGGGCCTACCTAAAATAGCTCGGCTGGTCGGCTCCTGTCACGCTAACGCCATCATTTATGCTCCCAATGAGGCGACGAACTTGGGAGGTGTGATGCGGAGTTCGGAGACGCTTAGCGTACTTGCCTCCGACGCCCTAAGTTCGACACATCTGGGCATAGATAAGTGATTACCACATAATCCACTGCCGGAGTTTTCGCTTACTTCTTTTGGGGGAACTGGCCACCGTGGCAAGCCGTGGCACACCCCCTATAGCAACTTACGCAATAACGGCCCGCCCCTGCCATTGTCTTAATCATAGATAAAAGGTTGTACGGGCCAGGGTGGAGGGAATCGAGATGTGGGGTGGGGCAGGACCCGCGCGATGGTGCAAGCTTGAGCCCCCTTACGACCTCTGCGAACGAAGCCTTAAAGGACGTCAAAGGTAGCCGAGTATCTTTTAGTCTTTGCAGACGAAGACAACATTAAGGGCTCTACTTATGAGTCACGTTGAGACACCGGAAACCATAGGTAATGCAGCCCCAGTTGTTAGCAGAGTTCCCTGGCTGCACTCGGAAGTCGAGGGACCCCGATAAATATCTACTCCAAATATTCCCGTACTAAGGCCAGAGGAGGTGATTAGTTCTGGATCACCTAATTGCTGAGCTCATTAAGGGCCTCAATCCAAGAGACACGCCAGCATATGAGGTTCGTGAGGGAATTCTCAGCCGGCACCTGTTTGATCGTCAGTACAATTACTGATACGAACGTCCCGAAAGCCGTTGGCCATAGTATTCCAGCCGGCCAAAAAAGATGTTCCTTTTTGACCGCAAACCCACGTTTCGCCTGATAATGCCCAGAGTGCTCAGTTTATCGGGCGCATTTTTCGACACAGCTTCTAGTAAGGCCCGAGGTTGTGGAAGCAATCGTGGTAGCGAGTTCCGCGTATGGCTTGAGGGGGTCTGCCCGCCTGCAGGATTGTAAGGGCCAATTCGGGATATGGTTTACCTTGACCGAGTTCCTGAATTGGACCGGAAACTTTATATGTCCGCGCGATGCAAACCGCGCGTCCCTGACCCGACTATTTAATGAGACGCGAAAGTATGTGATACAGTATGAGTACTGAGATATCTAACCTTTGAATCCGACAGAATGGCCTGTCGGACTATCCTGTATTCAGGATGGGACTTGTAGTCGCGAGGAAAATGGTTCATAGGTTATCCGTAGGTAAAATCTCCGGCAAATGCACTACGGAGGTAAGAGGCTTCACAAAAAAGTGAAATTGTTATGCATTGCGTTGCGGGCGAAGTGCCCAAAAATCCAAATCCCTGACAAGTTTAGCCTTAGGTCAATTGGGGGATCAATGCTCCTGGGTACATTGAGTCTGTTCACTGTGCCTTGCAAGCGTCGCGAGAACATTCTGGGCAACCAATACCGATTCTCCGTGCAGCTATAAGTGTACACCTTGACGATCCGGCTGGTAGCACTTATCATGGATGGTATTCAAGTAGGTATAGAACTGCAGGCTAACAGCGCGTGGGATCCCCATATTCGGTACACTCCGGCGATCTCAGACGTCAGACTATGTCATCACTAATAGGTTCGAAGACAGGTGTGTGGGGAGTATACTTGCAGCGACGTCCACGGTAGTCAGCTTTGTACCAGTCCGCCTCACACCGACAACCACGTTGCGCACAATGCCTATATCTCACCAGCAACACACTGACTCCAGGCATCAGAGCGGTTCTTACTCCACTAATTCTGATGATTACCCCTGCGCCAAACATTCATTTTCTGTTTAGTCTCGATAAGCAA,1927,50.39,Mus musculus
SEQ_137659,AGGTTAATAGCAACTCGAAAATCTTAGCATGATGAACCTCGTCGAATCCCTATGGAGGTGCCGCAGAGACTTCTACTTTGTATGAGCTTGGGGATACATGTATCCACTCACAGTCCGCTCCCCCCATCTCGTTCTACATTTCCCATAAACGGCGGGCCTTCCTCGTCTTTGTGGCAGCGGAGTAAAAAAGTCTACCGGCTTGCGACGACCAGTCGGCAGTTCCGTTCGGTGGGACGACCAAGAGAGTATAAAGACGTCCTAGTGTTGTGTAGAACGGGAGATCCGGCATGAGGCTTGTCGGTGACGATTGCCGCCAAAAGCTCAGCTCGCCCTTCTTTAGCTGCTAGAAAGCCCCATACATAAAGAACAGTATTTTACCCTTGTAGGGTATCATGAATTTAACGAACACCTAGTATATTATTGCACTGCTCAAGGGGGCGCGGCGACAACTACATGTGATTCCTGTGTGGGTGCTCGAAAGTATTAGGGAGAGTTGTATGCGCTCATCTGCGCTCGTCCATAATACGCAGGGGCCACTCTAATTTCGGGACGATCCTCCGTTCAACCTTATGCTCCCCACAGATGGGTCTTCTCTGACAATTCCTGGGTCAGCTGCACCGCACACGGGATCGGGCTCACCTGGCGGCTATGACTGGTTCACCCGCAAGGCCGTGCGCCTATGCCCATGTACCAAAGGGTATGTTTTCTCCTAGCACCCAAGTTTTACGCGAGTCCCGGCAATTTACTCCGTGATTGACGGAACGGCAGATCCTCGCTAGCATCTCCTTTATCAAGTTGCTAACCTGAGTCCCCACGTAGGTACGTAATGTTTCCTATAATGTGTGGACACGCTATCTATGAACGCGTCAGAAAACCGGATGCTGGGGAACTGTCGAAGTCTAGTGGTGGAAGAAATGTGCGATTAAGAACTGGTCACACTACAAGACCTAGGTGTTAGCTTTGCGCCGCGACGTACGTTCGCGTTACCGTATACGTAGAAATGTAAGTAGACCGAGATTTAGCACTAGTTGGTCTATCATAAGAGTTGGTCCTAAAAATACTTAAGCGACCTAAGACAACCGAAGCGCAAATTTACCCCCTCGGAGGTTATAATGAATGTTCGCAGACCCTGTGGTGTGAACAGAAATAGCTCCGATCTCGCCCGAACGCGTAGGTCATTAGCGTATGCTACGCTAATATGCAGCACAGCGTACATTTTCATCTGGCACCGTCCCCCCGGTGTCGAAAAGAGTTCGCGAGATGTCGG,1267,50.36,Saccharomyces cerevisiae
SEQ_335243,CCTTAGCACATTCTTACTTCAGTACACTATGCAAATGATAGCCGTTCGGGTGCTTCCCCAACACCTTGATGGATGGATTGCAAGCGTGAATTTGCGTGCTTAGAAATAGGACGCAACCACGATCGAGTAATTACATGACCTGCTGGCCGTCGCACACCATTTATATAGCACGCGGAGTGACTCACATAAGCACAGTTGGGGTTCACCGAACGCCTGAACACCTGAGCGTTTTTCAGATCCGGTTGACTCGGGACTATAACGACCGACCCTTACTAAAGATGCCGTTTGAAACTCCCGGACTTGATACATTAAGGCTAGACTAACCCTGAAAGCCGTGTGCCATGTGCGACGGAATTGACGCCGTTGCAAAATTCTCCCTTCCGGCGTAGGCCGTCTGACAGATCAGATTTCCGGTTCCTAATATTGAGATGTTAGTTAAGAGTCAGTCATATACGAATAGCAGCCTGAGCCGTTGGGTGCTAGCGGGGTGACGCAGCAATTTGTTCGTAATTTAGTACTTGGGGAAATTTGTTTCGGATGCGTCCTGCACCCGATCCTTATCAGAACACTGATCGCTGCTATCCTTAAGCCGCTTCCATAGGCATTGGTCGCTGAAACTGGTCCGTCCACGTGGAGAGAAGCCGGGTCGCATCGCATTCGACCTTGAATACAGCTCGGCTGTTGCTGTGCCACAGGTGCCAGGTCGGGCCAGGGACATTCCCACCTGAAGCATTTTGATCACGGTGAGATTAACCATTCTCGGCTCCCTAGATCCTTGCTCCGTAGATAATTTGCAGCTAACTACGCAGACACTGACACCACCAGACCGCGCTGTGAGTTCTGCCCAAGACGGAGGCCCGATGAATGTCCCGACAAGGATTAGGTGGGCCGAGCTCGATGTGTCCAGAACCTCTCTATATCTTAGGCTTTTATTTTAGTATAAAATATAAGCCCCCCTATGTCGGTACAACAATGATTGGAGGAACGGCGACCAAACAGTAGTATAAAGCAGAGCCCGTTGCGCCTGCGGATGTTGACTTACTGGGACTATGACGAACATCTATATGTGGTATGGTTCCGTAGATAACCAAACTGCGCTTCATCCCTCTGACTAACACTGGTGGTCGGGACCCTCTAATTGAGGTGGCAGCCAAGTCAGCTGGACGCGCAACAGACATACACCAGCGGATATGGTGTTGTGATGGCCCAGGTCGGCTACCATCCATGTAGATCAC,1235,50.53,Arabidopsis thaliana
SEQ_732150,GAGGAACGGTCTGTCCGGAACCTCCGGTTCCAGTTGTAGACATTAGAAGACGGATGCGTGCTGGTTTAATTCACAGAGCGTTTACTCGCCTACACAAAACTGTAGCAGGAAAACCAGTACTACGCGTGTGTAGGATGTGTACGGGGCATTGTTCCATGATACCACTGAATCACCCACGGCTGGCACTAAAAGAGGAAATGCATTTGTCCCCTTTGTCTAGTGCTCCTCGTTGTCCCGTGCGTTATTGGCCATTTCTAGTTCAATACTCCCTAGTGGGCATGGTCTGACTATATGAATAAGCATCTAGCCAGAATCGGCTAGGCAGACTTCATCCTTCCGTCCGAATGCGAAGGCAGTAGTTAGCTTAGATCAGCTCCGGCAAAAGACGCTACACACGGCGAAAAATTGATCCTGTCGGCTACCGTCTTGTTGGTGCGAACTAGGACGGACAACGCGCAATCATAGTTACGAGAACGTTTGGGAATGTGTTAGACTTTCTGTTCGAGTCTTTTTGAAACGATATCGAGCATGTTAGCAACAGCGGAATAGACCCACCATGTCCAAATCCCATGCCGTTAGCCGGCGTAGCGTGAACGCCATCCATCCGGGCAGTATCGGCTTTCGCCAAATGGCGCCATTATAACTGCGTCGATGTCAACCTGAAGAGTTGGGCCCGGCTGGCTCCTCTCACGAAACTGATGGGGGCTAGAGCTGATTCCTGGAGATGCACCCTCGCCTGACAATCGGGGAAGGGAAAATCTGTTGAGAGCGATAGCCGTTAGTTATGTGGGATAACGGTAAAGTAGCACGCGATATGCGTCAGAGTAGACGTAGGAAGTGCAGGGAGCCCGACAGAGGTCCTGGCCCGTAGTCCTAACACTAGTTTTAACAGGTTATAACGGGTCCGCGGGCGGTTGCAGTAAAATGCAGGACGATGGTATGTGCCGTCAAGAGCACACTATGCACGGGCATCCACTCCACCGCTTTATAAAAATCGTTAAAGTTGTCAAGGGTCCTATTGGGCGAGCTCGTTTTTTTTAAACGTTGGACATCTCTGCTTAATACCCCCAAGCCTATCGTCAGGGCTGGATCCATCTTCCATGGCGAGTTGTGGGCAAGCCACATCTGAAGCGAGTAAAAAGTCCGGATGAAGGCAAGAGCGCTGTGCTTACTTAATTTGTGTACCCCCCGTTAGTTTCACTAAATGGGGAGTGACTATTTGAACACGCGGGCATCAAAGTTCGAAAGAAGGCGGTGGCACCGGATGCCAGAAACAAGGGTGAGTAAGTATTAGCGACACTTCAGGTTGATCTTGGCTCTGGGCTAAACGCTTTTGGTTAGAAATACAGAGCAATGTCAAATAGTCGAATTTTTTCGTGTCTAAGCCTCACGTCTTCAGTATTGGGTAAATAAAACCAAACGTCTAGTGTCCAGGGAGCCACACGTACATTTTAAAAAACTAATACGTTATATTGAAACATTGCGATCGACACGAGGTGCAACTACTCGGACCCACAGCCTTTCGAAGCGTTATTTCACATGGCAATTCTTGTCTCTGCGACGGTAATTCGCTGCGCTAGGCTAACTCATCAATAGGCCAAAGGAGTGCCTCAATAATACAAATGTATTGTTATCCGCGGAAAGCGACTACAGTGCCTAGCTCCTCTGGCGGACAAATCCGTTTCGACTAGATTTGAGGACGCGCTGTTCTCTATGGGCCTAGAATCCTTCGTCAACAGTGGCCCCGTGTAGCAAGCCATTCTGTGTTACCCTTGTCGAGCATAAAGCAGTGCGCCATGGAAAATGTACCCTATACATTGGGAACGCGGATGGCTTGGTTCTGGGTATTGCGGAATTTGAGTGAGAGTTCGAGATGACTTTTGATTCCTGACCCCCCCATCGCGAAT,1907,49.08,Caenorhabditis elegans
SEQ_234946,ACGTGTACCGCAGGCTGCGAGCGGACAACTGTTTATTCACAAAGGTTCCCTAATTGGCTATACTCGCGATCCTTAAATGATGGACTACAATCGCGCGCCCTTCACGAAATAGGGCGATTATAATCCGTTGCCAAGCATTATCGTCTCAGTTTGGTGATAGGCTCCACGGGACTCCCACATGCAAGGCTGAAGAGCTAGGCTGACGTGTCTGAGAGCATACACTATTTATAGCGGATAACAAGTGGCATTTTTTAAATACTGCCAATGCGTGAGCACCCTACCATGATTAACTCATTCTTACGCTAAGATCCTCACACTCCCAAGCTTCCCGTGATAACGAGCCTGCATGCTGGAGGGTTCATCTCATTTGAGGTCGGCAACCATTAGTTAGGTTAAAACGGTAAGCCCGAACCGGACGCCTCTTCTATGCGTAGTACCGCCTCTTAGAACTAGTAGCGTCAGCTCGCCGATAAGGCCTTGTTGGTTGGTCCGCGGCGGTGATGTTAACTCAACCGGTAAAGTGATACTCTGGGATTACTGCGTGTGGTGTGCCATGGACTTGCGAGGAACCGGTCTGGGCATTATCCTCCATGGTTTATTGAGTTTCACGCTCGAAACAGCGATGGCATGGGGAGTGCACGTGGGTGCTCTTAGTCGTCGCGAATTTCAGGCCTCAGTAAAGGAAACGAAACCCAGAAACCAGACCTTCTCAGTATTGCTCATTGCTCCGCAATGGGGCATAGGGCGACTATGTCGCACCTCGCGGGGCTCACCTCTGATATCTGGGGTGGAACATGGCATCCTGCCTCCTGTGGTGGGATAGCCACCGGCCCTCCGTGCCACGAACCGAACGGCCCTACAGGATCCTCTACGACTTTGGGATTTGGAGGTTCCGGCTGGTGTAAGCGGGCCACGGCCTGTTGCCCCTATACAGCTCAAAGCTGGACTTCCGCATTACTGGTGCAGCCCTGAAGATCTCAGTCAATGTTTTTCCCCGAGCAATTGTACGGGACACCGGGTTTTCTACTCGATATAGCCCCCGATTAATAAAAATCGCCCTTCACCTATAATGAGTCTTCTCCCCGTTTTTCAGTAGCAGGTGTGCGAACCGGTTGCATCCCCTCAGAGAAAACCGGCATTTTTCTTGAAGAATTTACCGTATCGTCTTCTGTGGTAAACTTCACGACGAGACATGGTTTCAACCTAGCCCAGGAATAAGGCTTATTTTAATCTTTTCGCAAATAACAAGATCCCAAGGGAGACAAGAAACAGAGTATGACGCGATTGGTCGTATGTACTTTTTTAATGATCCGTATATCCCGGGATTGATTCACTAAGATCTACGCCGACTGGTGTGAAACCATCTTACATCCCCTGATGACGTTCAGGGTCCACGCATGCCTAGCTACACTCTAACTTCTGTCCCGTCGCTGCAGTAATTAGCTGTCCGCCGAGTTGTCCTTGCTCGTACCGGCGCTATCACCTCTAGTTACAGATTTCTTGGAACACGCAACCGGGGAATCACATTACGGTCGGTAATATCGAGTAGGCTATTGCCCCAAAACTCTAGCCTCAATCCCTATTGTTCCCAATATAACTTATATCCTCGCCGCCGCTCATCGACCACTCTATGAACTATACAATGCGTGAAAAGCCACACGAGAGATCACGAGTGAAGAAAGAAATGGGGAGTGATGAGGCTAAGAGACTAAATTGAAATGAATACACAGAAGTTGGACGCGGCAAGTTCGCATCTGCTGCGCAGGGGATTCCCTTTTACTTTGGCGGTGTGGCTCACGACAGAGCTGTGTTA,1813,49.86,Homo sapiens
SEQ_435192,AATTGGCTAATACGTTCGTTCTACCTTTTTACCGAACTATAAAGCCCGTCACGCGGGAAATGCTCATCAATGTGGGGTTGGTATACCGCCCTATCGGAACACATATCACGTAAGAGATCACCTCCTACTAACACCACTAGGACTACAAACGACTTTCACCAGATTAGGTTAGCTCAGATGCGAATGGACGGCGCAGTCGTAGACGGCCAGTAGTTAAATTTCCAATCTTTCTGCATTGCATTAACTACCGCTGGGCTGCCCCGTAGTAAGTTGTGTAACTTTGTCGAAAGCCTCCCAACTATCATATTGTATTTACGTTACTTACCGTGAGAGTGCACGTTGCTTATAACGTCTCTGTCGCTCTCTATGCACTCGGGACTGGGGCGCACTCAGGGCGATTAATGGAGAACTCGATTAATATAACCGATTGCGGTCCCCGTCCTTCGCTTAAGGCAAAGCGAGGACATGGCAGGTCCCTTAACCTTCTCCCCTTCCAGAGAGTTCAAGTCACGCATAAAACACGGCGCGTAGTTTACCTGCGCTTTCTCTCTGCGGCTAACCGAGTTATACCACGCTGGTAGATGCGCCTAACGCTAGCTCGCGGCCATTGCGCGCGGTCTTATCCGAACTCGCGCCCGTACC,642,50.16,Mus musculus
SEQ_762998,TATGAGGATTTCATTCTCGGACTGGTCAGTGGTGTCCTCGCAAAACGCATCAACAGTCTGCAGGAATTCTGAGTCGCTGCAAGTCCAAAATTAAGCAAACACGATGCGTAAAACAACGGCTAGTACGCGTGAAGTGACGTTCTTCGATCCGCGGGGGATCATTACCCATGTCCGCCGTTGTTGTTGGCCGAGAAGCGTAAATAATGTTGGAAGATACCTCAATCCAGCTAGATGTAACCTTCACTCTAGGCTATTAGGCGACCAAGCGGATCACATACCCCGATCCCGTCGTTTTGATCCTTCGACATCGCACCGCGCACATAGTTATACACGGAGCTCATGCGCAGCGATTTGGTATGACCTACCCTGGCGACTCAGGCCATGGCACCCGTCTCAGGTCGAGCAGGACAAAATCCTAGGACCGGTGATTAGTCTTGGCCACGATTGCTGCCACACATGACCCAGTGCCCACTGGGGCAACCCGGAGTCTTTGAGTTCCATTCATGTGCGAACATGTGAATCAACCCCTTTAGCCACAAGTGCACCAGATACATCGGTAAT,561,51.34,Escherichia coli
SEQ_959774,TCCAGACCGGGTCGCTGTCGAAAGAATTTCATGATGAGGATGCCGCCCTCCGGGTAGGCTTACGACGGGTTGCGTAGATTCTCGCAATGACGCTTCCTGCAAAGCATTTGGCGGTCTTAACGGCCGGCTAAAATCTACTGCAATTCGATCTGTAACACCTTCCGATCCTTCGTCGGTTCGCTTGCCTATGTATAGATAACGGACAGTGCGCGTGTGCACTTTTCACCTGTACATGTCCTCCAAATGTCGGCGTATGCGGAGGCGTCGCGTATGACGACGGGCCGGGAGTTACCGCGTAAAACCCTTAAGTCCTATGCTTCTTCCCGTTCTCTCAATAAGAGGCACGCCGCTTTAAAATCTGTGGTAAGGACGGACTATCCTAATTATGTCATTGCACCATCAATTTCAGTTCTAAGGTAGTCTGTCGTCGACTCCGTGTTGCTTTACGTGTACACGTGGCTCCTCTAGAGGCGTCTAAAGTCAGC,485,51.13,Arabidopsis thaliana
SEQ_135784,TACTCATAATTCAGTAATTACAACCGTCGACGTCGAGGCAGGGGTATTATGAGGGCTTGGCCGCTGCGTACTACCATCCGGGACTTTGTTTGGGTGAAACGTAGTGGGCAGTGTGTGTATGTGCATACCGAATACACAATGTCGTCTCAAGATCCAGGGATTCAAGACGCTATACTCTAGCGCTTCTGAGGTTCTTAACTTAACTAGTATTCTCGCGTCATAACTCACGATATCACCAGCCGAGCACTTTGGGAATGGAC,260,47.69,Homo sapiens
SEQ_905764,GCATTCCGGCGGTGAAAGTTGCTCATAGTATCGCAATCATGTTCTACCGACAGCTTCGTTCCAACGAGTGATATCAAGGCCCTGAAGGGACCTTACACGGGAGTGCTGTTGTATAGGTTACAGACGGAGTAACTCTCAACTGGACTTGAAGCATCACTCGGAACCCCGTAACCTTGATCTGTAGTTCGAGTCTCTCATGCCAGAGCAGGAATTGTTTGACGTGATATTTAATCGTTTAGTCCAACGTATGCGCAAACTCGTCTACGCCAGAGGTCCTTCACCAATTCAATCGATACGACCCCAAACCACCTTTACATAGGGAGGAATTCCACTGTCACGTGTGCGACAAGCCCTTATAAATTTGGCCTGACGGACATCATACTCCAGAACTAGGACTGTAATGGAGAACTCGAGTCCTCAAGTTTAACACGTACAAGGGGTAATGTCACTTCACCATTGATACGCTAGTTTAATCAGAACATTTGGTAGTAACCGTTTGATCCCTCTCTGCGTACAACGGGATGGAGGAAGGTTCGCGATGCAGGCTCTCAACAGGGATGCCTTTTTTTCGTTAACGCAGCACCCGCTACCTATTACTTTTCACTGGCGGTCCATCCTGCACGCGAATATATGTTGAAGTACACCGCTAATCGACGGCCCACCTCGGCCGTGAGGGTACGGAACTGTGAAATTCTCGTGCGTTTATATGTGATTTGCAACACCGATACTTATTCAACCCGAATGTTGCGAGCCCTACTGGAAATTTCCAGGCAAGCTCCGCTGTATTAAGATAAGTGGGATGCGGATCACTACAGAGCGAGAGGCGAGAAATAGTACACACTATCCTTCTCATAAGACGATGCACGCGATTCAACCCAGTACGGCACCCAGGCATCGACCATCGTTGGACGCTAACTGCGCTACGACACGGTACGATAAATTGACTGACACGGTATCTGCCGGACCTCTCTGGAATATCCTGTAACTTGAGTGGTAAGGTTATTGTCCCTTATCGACCGTTCTCTGGGGTAGAGGCAAGAGAACGACCGTGATCCCGTATCTGAGGCGGAACATACGGTGCGACTGTGCGGATAGCTAGATCACCCTGACCTACAGTCCGTAGTAGTAACGTCTGCCCGCTTACCAGGTAGCTGAAAATTTATAGCGTCTACTGATGGGGTTGTATGCGTGCGATTATCAAAGACGGCTCGTCGGAACTATGTGGAATTATACTCCTTGGGAAGCGCGCAAGACATAACCAGAAAAGCCACCAGTGGTCTAAACCAAAGTGGGGCCGCGCAGAGAGCTCTTAAACACACACTGTAAAGTTGGAGGATTAAACCAAAGTTCCAGTTAATCTGCTTAGTCTTTGGCCGGAGGCTTGTTGTGGGTAGCCGTTCGGAGAAATTACAGAAAAACTACCCTCATGTTGAGCGGAGAAGCGAGGGTTTTTGAATGAGACGTTGTGGTTTTCTCTGAATTCGCTAATAGCGGCTATAAGAACGCCGAACTCCGTCCTTATGATAACTTCGCAACTCTGGTACTCCACCAACAGGAAGTGGAAACGATTCGTACTGGCGGATACATCTCAGATGGACTATAAATGTCGCTGCGTATGTCATGACCGCAGGACTTC,1636,48.47,Saccharomyces cerevisiae
SEQ_824101,ACAGAGACACGTTTTCTGTGGCCCTTATACGATAAACGTCGGCCGGGCGACATAGTTGATAAAGGTATCAGGGGTCTGAAGACACCGGTGGAATACTGGCCGATCGTGAAAGCTCTATTCTCTAGTCGTGCTATGAAAGTATTAGATGCACACCGATGAGTCGTGCTGCCGTTATAAGGTAATGAATTGCAAGTACGAGGTCACTACATGCTCAGACCCTTATCTTTCATAACTTGCCCCACCGTGATGACAATCGAACTACGCCAACATCTTCGATGATACGACCATAGGAGCTGTTAAGGTCGGTGCTATATTGCGTTGTAAAGTATCGGGTTCAATCTTGCATCGAACCGCGGGGGAAGCAGCCTGGAAGTATCCCTTACGGGCCACAGCTTTCGAGGGTCACCCTTTTCGGTTTTTGCGGCACGGAAAAGACTGACTTTTTACAGGGATATCTAAGGCTAGTTAATCGGGTACTCGGTCGCTCTTTATAAACGCAACGGTACATAACCGAGAGTCAGACCTTAAAGCTGGAACTAACGGCTACATTGAGTTTTGTCGAGGTCTTCTGTCCTAGCTATCACCTGCTCATAGGTCGTGGGTTCAGACGAGGGAGCTATTAGTGATTCCCCACCGTTCAAGGAAACAAATACGCGCGATATACGTACCGATCCTGTAATTATACTCAACACCGATGGGGGGATAGTTGGCATACCCCCAGGTTAGCCAGCGTAACACCCCTTCCGCTATCTCGAAACGAGACTCCGGTCGGAGCAGCCAGCGGGATCCCGGTAAGGGCAGTCCAAGCGACATAGGGAATCCAACGTCCTTAGCGTGACTTGAACGGTCATTGCCTCGAGTCGGGTTTATATTTATACACTAATGGATTTGGTGACGAACTGGGACCATAATCATTCCTTGTTTTCTCTTCGAGACGCTTCGTGTAGGTCCTTATCCAAAAGCCAACATGGCTGCTTAGAGGAGATCTCCGTAGAGAACTTATGTTAGGCGATTAGGTAGTCATAGCCGGCCAAACTCCCATAATCAGGGGTGGGATACATTGGATGAAGGGCCTATAGGTCGCCCCTATTGGCAGTTGTCGTTAACGTCCGTGGGACCCGCATGAGGGCAAAGAAGGCAAGTAAATTGGCGACCCGCTCCTTTCTTGAAGTATTAGAGGTATGGCAACCGTA,1193,49.12,Drosophila melanogaster
SEQ_808829,ACTTCTGCTATGATGTGGCTGCAGTATTAATAATCTACATAATTAAATTCGCGGCTCGCTCATTGTATCGCATTACCTCCGGTGCATATGGTAGCAACAAGATAAGTCCGATGGGAAGGAGATCAGCATTTCCATCGCTCGATGCCTTTCGAGAAAACACGTCAAGGGCGCAACCATACTTTATTGACCGCTCGCAAGGACATACTACCCCATTACGCGACGGCATGCGGTTCAATCTTAAAGGCTAGCAGCTACTAAACTAAGGATCGCATCGACGGGAAATTTATTCGAGTGAAGAACCATGTGTATTGCATATTAACAAGGGCGACTGATACAGCATCCAGAAGCCGAGTTCTGTCTAACAAGAGGCCTAGTGCGGTTTCTACGCTCTGCTATCTATGCGAGTACTATAAGACTCTGGGTACTTACACTTCTCTACTTAGACGTACCCCACACGGGTCGTAGTCAAAGTTTTCCATGGTTTAGTCCAATTCCGCCCTCGAAGTTCATACGCTTTGCCAATGGCCGAGCGTGTATAAAGGGGATAGCTTAGCGTCGTAATCCGGGACCAGGGGGAGTTACCAACACAGACCCTCTCAAGCCTGGGGGGTGCATGTACCAAAGGATGTATCGCGCTCTCCTGAGAAAAGAAATACGTTACCTATATTCCGCACAGCCGTCAATTAAATAATTTCATAGCTCGGACAAGTTAATGAGCACGTGCTTTGAACCCACAAGTGGTGACGGCAGGGAATGGGATATTCCAAGGAGCGTAGGTTGCACTTGGGCTAACGTCAACCTCGATGGTGTGTCCGTCTGACATGGGTGCGTATTACCGGCCAGGGAGGTGTCTCAGCTGC,860,48.37,Mus musculus
SEQ_818904,CCAAAATAACCATCGGTGTGCGATTGCTATAGTTTCTAGCGTGTGCGTACGTATCAGACGGTGTCATCGAAGACCCGAGAGGTACCTCCGAATAATTACTACATTCTGGCGGCGATTATAGTCAAGGCACGCTTAAATGTCATCGTTGGTGGTCAGCATCCTGCGCATATCGTTGACCGTGACAAAGATCACAGTCCGCCGCTAACACCCACCTAGGGCTGTTTGACTCCATACATGCGAATCTGATATTGGGGGCGATGAACTGTTGATGA,272,48.9,Mus musculus
SEQ_913638,CAACATCGATTTACCATTAGAATTCATGCAGGACCGGCTGCCAGCACTTTAGAATCCTGGGCAAAAATTACGAGGTAACGTTAAAAAGGAGGCAGGCAATCGCATCATATGATCTTCACTTATTACGCCGGATGGGGATAAAATTTTTTTCGCAATGGTATGATCCATCAAGACGCTATCTCAAGTGCCGAGACTATACGCGCTTTCAGACTTCCCTGTCGAACTCTAGATGGGAAGTTCAGATACGTATATAATCGACAGCATAGCGGGACGTAATGTGCAAATATTGGGAAGTGGGCACGCTCTTTCATGTCGCCTAAGGGCGGAAACCAGTACATAGTCCGCACTTAAATAGGTGTATAACACTACGTAGTAACAAAAGATCTTTAAAGGGTTATCGAGCTGACACCTCACTCGCGCGAAGACTGTACCGTGAAATGCGAATTACCAAGACAGTGGTCGCTCCGCTACGCATATGATCACGCAATTATATGCTAGCCACCCGGCTTGAGACTGGGACAAGCTGGCACCGATTGTTAAGTTTAGCTTTAACAGACGACTAAGATTCTGGTATGGCAATGTAGCGTCTAAATTGGCAGTCTCCAATGCACCGAGATAGAGCGATATCGGAGTCAGGCCAAGACGCGATGTATTTATATCTCCGTGCGCTAGTATTGATAGTGAAGACAACCCTAGGGAACCCATCCTGATGTTCCAGTTTGAAACTAGGCTCATTATCATATGCTGCGGAACGCTATACGCATTCCTGGCGGCTTGGGGGCGTGCGACTCCGGTGTTTGAGAAATTGGCTGATCGAACGCCCAATACTTAGACAACGTAGACTTTAGAAACTACGGGCAAGCCCTGTCCCAGAGACAGAACACGCAGTTCTTGCCCGGGTCTCATGAACGGTAAACGTGGTTATTCCGGCGCAATCGGCGACTTGAGCTGTCAGTGTGAGGTTACGCCCAACAACGCTAAGCCTTATTCCCCTAACCGGAGATCCGACCCATGCTCTTCACAGCTGCGAAAGGTGTGTCTACTGGACTCGCCTACCCGGCGTCGGGCGACGCTTATATGCCGCTCCTTAGTATTCGTGGGAGCTAGATCTCGGCGTTTTCTAATATATCATCAGCGCTGGCGTCATCGCTACTAGGTCCCGGTGTCCTCGCCCACGAGAACTTGTAAGTACCCAACGAGACCTAACGGGTACGGAATACCCACATGAGTACTCTGGGGCTGCTCAACGCCTATCTAAGTCCCAAACGGTCTGGGACCTTATCGGTATCTGGGTAGATCACAGGTGATTCCTATGCTGGAGATATTCTCTGTCGGGTCGATTCGAGGACACACCCTCAATAACTTCGAGGTTTATTAGTGCGAATACGCGTAGCCATGGTCCTGAGATACTTCTATTGACGGTGCCAGTCCTTCGCACCTGGGCCCCGCGGCTACTTAATTTTAGCGTGGTGGGAATAGACCGTTGCGGCCTCCAATTCT,1500,49.53,Mus musculus
SEQ_444046,CTATCCAGTCGAAGTATCACGATAATAGATCGGCGGCGGGAGTGTATTAGTGCCCTCTACTTTATGGGTTGTGAATGGATATCTTTATCTAGGAGCAACGAGTCCAACAGGGGAGGTAAATCTTCGAATGCTAAAGACCCTGTAAATCTTGCGGAAGAAGGCCTCAAGATGCCGAGTCTAATTGTATTTATATCGAGACCTCTGCTGTACTCGACACTCTCCTGCAAACAATCTCTCCCGGAGAATGATAGACCCTTTCATACAAGTTCACAACGTTCATGTTTCTCGTCAGATGGGTTCCCAACGTGAGGTGTCCCCGGTACCGCGCGCACTTATGAGGTTTGGCCGGCCTTGCTTATGCTTCACGTATTCCGGCCCTAGGAATGAGACCACGGATAAGTAAGTGTAGAAAATCATATGAGGCGGGTTGCGCACTTCGAATAACCAACTGGCGATGGGAGGGTTCGGCCGGAACAACGTCAACTGGCTTTAACGCAAGGGCCACGACAGTCATTTCTACTAGTTCAGTGGATACACGAGTAAGGGGTGCATTTTTGGCACTGGGCATATGGGAGAGCTCGGCCCCACTTCAAAACGATCTTAGG,605,49.09,Arabidopsis thaliana
SEQ_179018,TCTACATTTACAGAGCATATTAACCCTTGGGTGCAAGCCGTAGATTCCCTGAGCGCCGGCAAACCACGTATAACCGTCTCACGGACTTTCTTTGAGCCGTGCTGCAGCGTCACTGGGGGGTCCGGAATTATATTTGACTAGGTCGTCAGTCACCGCATCGGAACGCGCGGGTCACAAGGTCCTCAGACGCCCGTGCCTAGGCATTTCCGTGCGTCCCCTTAAAACTCTTTTATAGGGGTCCTTTCAACCTCCCCAGCTTCAGTTCGGAATGCACCACCAAAGCCAGCCTAAATCGTATATCACATTCAACCTTGCCGCGCAGTCCAAGAGCAAGTTGTGGACGGCCTCACCGGGTCTTTTGTTACTTGGCCGATACGTAGGCGCGGAATCCAAATCGGGGTCTTACGGTACTAGCGGCGTAATGGAGGGAATGTCGGCCCAGAATTACCGGTAGCGGCGCAGTCCGTGCACAAAACCTACTGTGTGGGCTAGACGGTAAACCTTTTGGATGTCAGTGCACATAAATACCATCACCGATGCCTAGCTAGATGGCAAGTACACTAGAGATCCATCACGATAATAGAAAGAGACGGTTGTGTTAAGTCAACCCGTGCGTTGGTTGGCACACGGCCAGGCCAGGCGCTGTTGGCTTCAGGAATTGAAGAGCAAACTGCGGGTATTCCTTAGCAAATATGCGTATCTTTCTTTTGGTTGATCATTGGCGCCAATGGGGCGAGCCGCTCGACCTAATAAAATTGAACGTTCTTTCCAGATTGCAAAACTAAATTCACGGACGCTAGCCTACGAGGAAGGTCGGTATAGCCTGAATAGGTTAAGACGGCCGGCTCTCCCCATACTTCCACCAGTCTTACTTCTCGCACCAGCTAAGACCGGGACGTGCACCATAGATGCGCTTGCGGCCCATTCCCAACAATGTTCGACTCCAGTTCTCGAGACAGATTACTATGCCATTAACGCAGATTTATTGACATACGCGTCACCCATCGAAAAACGGGTGATGTGACTACCGCTTAGCACTAATACGTGAACAACAATGCAGTTCAGCCAGTCTAGGCGGGGGTTAAACACGGCCATAAGTACACTAGTCTAGTGTTGGGACGGTCTCGCAGACGCCACACTAGAATGAAGCCTTTAGGAGAACCTGACCCGGCCAATATGGCAAATCTCCTTGAAATCGTTCGGTCCGCAGAAAGTCGTCGGCAAGTGGATTGTCTTTCGCATATACCACTTGTAGGTTAGAGGTGGTGTAATGCATCCTCGGGTACTAGACGAGGGTCGTAAGACCGACGGGTAAAAAAAAGTGAGTAAGACCTTGCACCAGCATAGGGATTCTCGGCCAAAATCATCGTAAACCTGGTATGCGCCAGGTCTGATGAGCCTGCCACGTGTTCTGGTTTTTTGATCTCCCCTAGGCATTTTGGGTACGTAAGGCAGATTGGCCCCGCCCCATATCGACCAAGGCGAACTAATTGATTCCGTTAGGTTATTGCATCGTGGTTCCATTGAGGTGAAATGAAGCAGTCTGTTTCGACGGATGACAGACTTGAGATTGGTACAGTGAAAGGGCAAGTTGAAACGGTCAACAATCAGATGAGTGGCGATCTCTGCATGCGAGTCTTTCATCCCAACGACCCCCACATCTCTTCGGCTCTGTGTGCCCTCGGTTAAGTTCACTAAACTCCGTTCGTACGATCGCGGAGCCACCCGATCCTGTCAGGGTGCTAAGAAGGATCACGGTGTGCATTACAACCTTCGGTCAATAAAGCTATTAATACTTAGGCGTTCAAT,1809,50.58,Homo sapiens
SEQ_721297,CGGAACCACGGCATCACTACCGTCTTTGAATCGGATTGGTGGTGGTCCTTGATCATGCCGACGCTGTGGGCGCAAAGCGTTTTGGGTCCCCGACTTCCTTTGTGGGACCGGTATTCAAGGTAGTGTCCAGTTGGGCCATCTTGTATAAGAGCAGGACGACGAATAACTCGACGTCTTCACACCTCGATGTTTCTTCACATGAGGGCCACGATAAGGTTACTATGGGTGGGTGGGGAAGTTCCCGGCGGAGCTGGTACGTTCTATCTTCTGAAACCTTCAAACTAAAACTCGTTGAATAAGGGTCGTGACACAAGTACACTTTTAAGAACCCACCGCCTTGGAGAGGGTCTAACCGGTTCCGCGCGCCGGGAAGACGAATCATGGTTCACAACGCGGGTTAACGAATCTGCCCTCTTCAGGAATAGGAGGCCATGAGCGTCGGTGACTACAACGCGTCAAGGTGACACAC,469,52.88,Saccharomyces cerevisiae
SEQ_472456,CGAATTTAATAAAGCTAGGACCATGCTGCTAATGATTCCGCTCAGTTGACCCTAGGCTGCACGGTGAAGAGGGGGTGAATCAGATGGGAGCCCACTAGTAGGGAAAGAGCCTGGATGTGGTTTCTTACCACAGGCCCAGAATGCCCCCTATAGTGCAAAGTGACCACGCCACTTTCGTATGCATTGTTCGATGATAATGATCGGGTCCCCCCCCCTAGGGATGTTTTAGCCTTGCCACTGCTAGAAACAACTGGTTACCCTCAGGCTAACACAGGGCACCACAGCGCTAGAGATCCCTTTACCGCTGCTGATAAGTAGCCAGTAGAGGCTTCTACGATCTGAGGGCGAAAAACGTGGTCGACACCCGTTGACAGTAATCTTTCACGCGTGCATCAGACGGCCGAACGCTACTCATGCCTTGTCTCAGTGTACATGTGTAGTCCTCGCTAATGTCACAAGCGAATATTAAGCTAGCAGTTCATTGAGGTGTGCTTCGCATTGATTGAAAGGGCCTACTTGCATGAGTGTGTATTTAAACCGTACACTCCGTCTTTGTACGGGGAGTAATAATCACAGGAGCTCAACCCTACACTTATAAATACCGAATGAACGGCACCACACGAAGAGCTCACAACTTCACAGTAGCGAGCGGGACCAGTCACATTGGCTGTCCCCGGCTAGAAGGGAGGATTGGCTCCCTTCAGCCTACGTGTTTGTCGAGTTTAAAAACAAACACTGAGTATTTGGCTAGGTCTCACATGGGAGCCTGTCAAGTATAAGATCTGGGCACACTAGGATGCTGGAGCCGGGCTCGGCCGTGAAGTTCGCTTAATCCGCTTCACCAAGGCCCGGCA,854,50.82,Drosophila melanogaster
SEQ_623699,CGACCACGTTAAAGCCCGATCTAGTACGTTAACATGGGATTCGGTGAACAGGATGGTTATCAGTTTAATCGGCGAAGTAATGCCTGCGTTAACGGGCGTACCACATACTTGTTCTAGTACGAACGCTGCATTGTGCACGGGTTCACTCCACGTTGGAAAGGATCTAGGTGCCCTTACGTCCATGAGCAATAAAAATGTTCATTGCTTATGGGCTAGAACGCCCGTGCAAGATGTCCATGATTCATGAAATAGGTTGACTATATCCTGGTGCGATAGGTGACCTTATGCGGCTCTGGTACTCAACTGGACGGCGTACTGGCACGGTTAAACAGCTCATATCGGTATCGGCATCTACAGCTCATCGCCCTGTGCGGCGATACCACACCTCGGGGAATTTGCGTATCGCTAGTCGTATACCGCAGAGTCGCAGGGCGTGCCGGACCAGCTGGCGCGCCCGCTGCGAGGAACTGGTGATAGGATTTTGGCCCGCAAAATGTCTTCCATTGTAAACGCGCTGTTGCAGATGGCTCACCAGCGCGGCCTCACGCCATAAGATCATCAGCGTCACTATGTCGTCCGGACCAACATAGGGACTAACCGGCTGCCACTGTCCTTAGTGCCGGACGGCTCCAGCTGCCGCCTAGTACCGTGCCGGCACCGCTACGCCGCGCGCTCAACAAAGCTACACAATCAAAATGCGTACGAGCGCTTATGTGGATTTTCTATTCGTCAAACAGGATCGAGGGTAATAGTAGTCGCACGATCGCGTGAGTCTAGCCTCTAAAATGCCAAGGGTACACCGCGGAACGCCATCGAGAGCATCGATAACCGCACCGCGGCCAACTAGGTTAGTAATTGCTAGGGACCATTAATCCTCTGGTCAACGCGGTCGCGATGAGCACGATGTGGAACCCCTCCTACAGCAGTTGTTTGTTAAGGAAGACACGACAGAAAGCCCCTATTCAATGATAAGAATTCATAGTGCTACTCTCCTTCGGCGCCGTTTACCACGTCCTACTGTCTTGAAGAAGTGGGTCACGTGCATTCGAGGTACCTATTGACTAGTCCGGGGTAAGGCCGTTTGTGTAACTACCTGGGAATGTGATAGTTTGAGGGGAGCTGGAATACAGTGGACTTGAC,1140,52.46,Caenorhabditis elegans
SEQ_143960,ATAAGTCTTAGCGCAGACAAACGTAAACCGCAAATTAGCAAGCTAATAACCTGACCACTATGGGAAATCGCATAACGGTCAGGTCGGCATTGAGATTTTAACTCTCGTGGACAGCGGGGCTTCGGTCCGAGGCATCCGCAAGTCCTGCATGACTGACTCAAGCCAGGTACATTCGCCTTCCCCGACTGTCGTATCGAAGGGTAAGCATTGCGTTCGCGCACCGCCTCGGGAGTATATGGATCCTAGACACTTGTAAATAGTTAGGGTGCCGTCTCATAGCATGGATCCGTGTCCGCATCTTCTGTGTAACGATGGGTCAACGAAAAACTGTTGGTTCCTAAGCCTGGTGCGGTCACTATAATACTAGACATCTGGTGAACGGCCTACGCATACGATTTACAAGTAACTTCTCGTGTCTAGCGCCGCTTCCGCACTGCGGGGTGCCTCGACATGTTTGTGCACTATTCCTGATGAGGGAAAGCATGCAGCTGCACGCAGCTAACCGGAGGCCCGCTTCTGTCGTGAAGTAAAGGAAGAAAGGAATGGTAGAAGCGCGCGATTGCTCAACGCCGGATAGATCACCTCGAGACCCGCGATTCAAGTAGCGCGAGATTCCAGACGAGGCGCCGATCGATCTGTCCAGCTGCTTGCGGATCAATGAGTTCGTGTGTGAGGTAGCAGTGCTAAGTGAAGAGCAACTTTCCAATGAGCCGTGGGTTTAAGTATTCAATGACATACTCCGATTCAGTAAGTCTGATGAGACACCAATTGCAGATCGTCACCCTCTTTTTAAGTCACCGTCCATACTAACGATGCTGTATCCGTATGAAAGATTTTGCCATGACGTAGCAAGAAATGCTTTGGAATTGCGACTAAAAAAAGGTACTACTTTAACTTTATCCGAGATTAGGCTGGACCGGCTGTCTTACGCCAATTCGGTATGACATTGACCGGCGCAGTCGGTGAATGGGGCAGGCATTTTGTGTATTACATTGGCATGGAAATTGCATTCACGGTTTCCTTGTTCCTCGACAGTGTGGGGGGGCCGTAATCCTATAGATTCCGTACTTACTAATAGTTACGAGTGGAGGACCGGGAATACAAGTCGAAGAAGACCGTAAGCACAAATCTGGTTGCGCAAACTGAATTGGATCCGCATACGGAGCCGGGAGCTGTTTCCGTTCATTCGAGTTCAGCGATACACCTAGATCGCAACGACTTTGCCTGGGAGAGCTGCATCCGCGCCAGACGGGACAGTCGCTCGGACGAGGAAGCTCCAGTTTGGGCATATAACACCAATAGACTAGCCTACTGCGGCATATGAGCCAAGCTACCTCTAAGCCGCCCGTACCCATCACGTGCCCTAGTAAGCTGTGTCCGCTGGTTAAGCATAGCTTACTAGTCCCACTTCTTCCTGACGAGAAGCAGAAATCCAACTGATAGATCCTCAGTTTCTGGACTGCCTTATACCCTGGTCGGAGTGTAAGACTGGGATGACGTAGCTCCCTCAGAGCAATTATCTACTTGATAATGAATCCAGGTAGCACCAACTGCACCGCCCGTAATACCCTTGCTGGCACATAACTATGGTTCATCGTCGGCTTGTCTCAAGTGGCGGAGGAGGTCCGTTGTTAATGAGTCACCCTTAACTCAGCCTTTAATGGTCTAGCACTAGCTGCATGGGCTATGAAATTCAGACGGAACAGGTGAATACACTAGTGTGGCTTACACGTGTACGAACTAATTCCATACA,1753,49.8,Saccharomyces cerevisiae
SEQ_463837,GGCATTGAGGGAGGTAAGGAAGAAAGTGGGGGGCATACGCCATAGATTTATCCACCAGGAATGGGGTCCAAGCCCCCAGCGCCTAACGTACAGTCACCCCAGACCGCTGCGAGCTGGTCACTACTTCTCAACATAGGCAAGAATAGGGCCGCCCACCCACCGACTACCACCATTGACACCCAGCCCTAGTAAAACTCAGAGGGCCGCGGATGTCTTATAGCGGGAAATTAAGTGGCCCCTCTACGAAGTCGTAAGGTGGAGCGCGCACTTCGATAGTACAAAGCGGCCTCCAATACAATCTAGACTCAGGGCTTGACAAACGGGATGCCTGTGTCGACACAACTATACTATACTTCCATACAGTTAGTCTCCCACGTAGAGGCCTGACTCCAGATCCTGGTATATGGCGGCCACTTTAGCGCAGTATCGTGATTGATCACATTTCAGAATCCACAAGTAGGTACCCCAGGTAATGATCTATGTGAAAAAAACAGGCAAACTCATTGGTGAAAGTCTGAACAACTCAATCAAAATACAGAGTTGTCGTGGGTTATCGGTCTATGAAGGACGTTCCTTCCACGATCTGCTTGGCGTGGCCTTTATAGAGTTACTGAATTAACAGGAGTCCCCTGTTGCGCTGTGGTTAAAGCTGATGTTTAAGAATCACTAAGGGTTAGTATCGCTTAATAGAATTGCTCTTCTACCGACGGGGGTCCCTTCCACTTTTATTTAATGTGCGCACCATGCTTCGCATCTTGTCTGCATTTTTGACCAATCGCGTAGGCGGCTTTCCATGCGAAAAGACATGACCAGCAATGATGGCAAATTACCAGATAGGTTCAATCTAGTTCTTCGCATTAGACTTACGCTTAACTACTCCCTAAAAACAATGCTACGTGATAGTCCTCTGACGCAAGTAACCATCAGAGCCTCCCGAACC,940,48.3,Drosophila melanogaster
SEQ_102855,TATTTAAAACTAACGTGGAGTTACACGCGGCTTACACCCTCCATAGTGATCCCCCTTGACGAGGCTTAGGCCCTTACGGATGGCCTTGCTCTGGTTTACAGATTATCTCCAGTATTCTCTATCCAGTAGAGCTGACTGCAGTGCGGATGACTTCTACGCTCAACTCAACAGCCGGCGGTGCCCTTGTGGAGAATCGTCAACAAAACATTTGGGCCACGTCACGATGCAAGGGACGAGACGCTCTCTTAGCTCGAAAAGGTAAACGAAACAGTAGCCGAAACCGGAGATTTTTCGCCATAATTGGTCGCACAAGGTCATTATGATAATCCATACAAGATACGAACCCGTAAGATACTGGCCAGTCTGAGGAGGTCTTAGACGTCCAGTTCTACCTTTTAGACTTAACCCGTGGGCAGACTACGTCTAATCCGATGTAGGGGTTCTGATGAACTATATTCGTAAGATTATAAAACAGTGGCTAGGACCGCCTCGACTTAGATGGGGCTCAGACGGCTCGCACTAAACTGATTTGAATGTTGGGGAAGTCGTACGCTAACGCATCTTTATGGCGAAAACACATAGGTCGGTGTTCACAGTGAATGACTGGGTAGCAAATCCCATACTTACTCCAAAAAGTTTTCATGTAAGCCTCAGGTTCATATCGCCCAGTGGTCCCGTTGGGATGCCTTCGGACAGGTTAAAACGGGTCAGCAGCGCCGAAGGGAGCATGCACTGACTGGGGTAAATAGACGTCCACTTGCCTCGTAAATTGGCCGGTGCGTTCTAATCATGCAACTATAATTTCCGATAGTTGGCTCTAGAGGGGATCACTCCCCCAATTAATACATGGCCTCGGATGGCCAGGAAAATGTATCTGCGACGGCTACGGGTCACGCGACCATGGATAAAGCGATAGATTTAAATTCTTTCACACGCTGAGCCGAACTAAACTAGCAACTAAACCAGTATTTAGACTGAGCACGGGATTAAAGCTCAGGTTGCAATCCTTCACTTCTGAGTCGTCAAGTCCTTATCATCACCAGACATAGACAATCAACCCGTGATCGTAACCTCGCGTGCATGTCAGCCTGTGCGTCGTCTATGCTGGTGGTCGCCCTCACCATCCTTCGACCGTACGCTGGTCTCGAGGCGCAAGCTGGGGACCCGGGGTCATTTGGACATGTTTTATGGTTAATGCATATTAATCGACTTAAGGGAAACAGTATCAGTCTTACCAATTCTGGTGCTTGCTCGTATGAGAGGCTCTTTTTTGCGCAGATTAGTACCACCTCGGACTGCCATG,1303,48.58,Escherichia coli
SEQ_470361,ATGGCGTCTTGCAGCCCCACAACGCCGGACAGGTAGCTAAACTTGTCTCAGCAGATTTGCGGCCAGCGCGCTTTCAAGCATCAGATGAGGACCTGTAAAACAGAGCCTCTCAAAGAACCAAAAGTGCAGTTGCCGTCTTATTATCCCTCGGTAAAACCTGTCTCTCATATATGATACGCTTTCGGACAATGTATTCCGCAGTCATCCTAAACGTTTCGTGACCTTTTGATTCACTGCCGGAATCCGCGGAACGGGAGTACTAATGGAGTTCTCTCTATCCAAGAAGGTTCGTCGCATACAACTAAGATACGCGAGGAGTCAACATAAATTTATACACATCCTGTATCTTTTTCGGCTAGTCGCCACTTGATCTAACACTAGCCTTTCCCTTTCATACCAAATTTGTTACCCGTCCATCCGGATCGTAGAATTGCAGAGAGTACCCCTGGGTTGTCTGCTGAGCTCCAGACCAGTAAGCTGCGACCCTAGATGGGTAGCCCGTCATCTGGGAGGCAACAAGTCCCATATCTTCTCCCCGTGGGCACATTAAACATTTGACCCACAAATGCATGTACAAGCACATACCGTCTTTCAGGAGCTTCATCTCACCAGGCAGCAGTTCCGGATCCGGCGTCCAATCAACGGTCCTTCAATCGATTAACTTTTATAATCACAGGATCCGCAACCCTATTAGTATCGTCAAAACCTCAAACTCATATGCGTGCGCATAACCGGTCTCTATACCACACACGCTTTACTAACGATCCATGTTCCTAGAAAGCGGGATCGCCACGCGAATAGCTAGCCACTACGACATCCTCCAGCTTACGGGAGATTAAGTGGTCAGATGGCGTTGGTTGGCTCGCCACCTCAGAATACTGTTCAGCACTCCCGGGGTCACATTGGGTGTAGAACTCGTCATCGTGATACACGCACATCCAAGGGATCAGGAGAGTGTGCAAAGTGCATGGAGCCTTGGCTTATTCGCTGCGTCTCCCAATCCCGTGGTCATAGACCGATCAGCGAGCAAGGAATTCCCTTCCAGCGCTTGTTCGGCACCGAACGAAAGTCGACTTTGGTGCTAGGAAGCCGAAAGGTTTGTTGGCACTCTCGGTAACGCGTAAAGCGTGGAGAGGTCCATTACTGGGTACTGTTTGTTAAACATTAGTTCCAACGGGGACCCCCAACAGAGCGGGACAATGGTGATGTGCAAAGGGCAGGATGGGCATTCTACCGAACTGGAACATTGGCATACCTTCCGCTATTTAGCGTAATGACAGGCGTAAGAACAACAATCCATACGAGGCCGAGATTACCGCATTACTTGCTTCTTACTACCTTTATTGGATATGCTTAATACGATCCACTATTGTCGGATTCCCCTCCAGAATCAGAGCGATCACTTGGCAAGTATAACAAAACATTCGAGGTTAGGTCGTCATCTA,1445,48.93,Caenorhabditis elegans
SEQ_320570,ATTCTCGGGCTATCCCAGTGGAAAGTGTGCACCCCGACATATAGGCTTGTGGCCCCTCGCGACTCGATCAGAGTCGATTGCAAACGGGACGCATCGGAAATTAGACAGAGGACTTTTCGACAGACTCGTAAGCCGTCTATAATGATATACGGTAACAAGGAAGAGCAATTGTCTAGGTCAATTCTAGTTCGCGTGTCCCCCCGCAGCTCTAGAACGTGCTTAATGTTTAATAAGGATCTAACGTAGAATGCATGTCGAGACCTCGTAAACCTGGAGACGATGTGTGCCACACAGTAGCCATA,302,48.68,Caenorhabditis elegans
SEQ_487240,AGCCGCTAGTCAAGAGACAGGCCGAGGCATAAACAATTCCATTCGTTAATACTCTGACGTAGACTCGCATTTCAAAATTCCTCACCTGCCTGACTGCACTGAGTACGCGGTCGGATACTTGACAGCACGTTGTCCTTCAGATATTTATGCCTAAAATAGGGGGTATTGGTAGTCATCGGAGAGCAGCGAAAAGGCTACTTATCGATTATCCTAATATTCAGCATGTGAACCATACCCAAAGCGACTCTTCAGTCATTAGTGGACTACGAATAGGAGGACATGGAGAACCGCTCATTTTAACACGAGCCGGCGCCTCGCCCCATTCACATTCGCCGCAACGGTCAGTCAAAGAGCTCAGTCAAACCCCTATTAATTATAACGGCCATGGAAATGTGTATGCACTGAACGGCCTCTATGCAAGACCCGTCAATAATTGTGGCTATCCTAAAAACACAACCTCTCAGTGTTTGCGTTCCTCTACTGCCCATCAGATATCCCTCAGGTTAGACCCGACAAAATCTCTTTATATCGCTAACGAGGTATCATGGGTAGGGCGATATCGCGACCGTCATAGAATAGGCTATTCGCCAGTGTTAACCTCTGCGGACACATAGTTAGGTTGTAAATGCCCTTCCCGTTAATGGATAGCCGTGTTGTCGCATCGCTGATCACTCTTGTCTCTCCACATGACCTGAGCTGTTTCGGTCAATGCCATTGGGTGGCTAGAGCGTTTGAGCACACTCGGAAATCGGTAAATATCGGAAGAACTTCCCTAAGCCATTGACAGGACCCGAAAATCGGCTGCACGGTTTGGGGCTAGAGGCATGTGTTTTGCAATTAGATCAAGGACGCCGACCTCAGTGCGCGCCGCTGATCCGGAGCTACCTCGCTCTTTCCTCACGGCACGACTGGACGGAGATGGCATCCCCCACTTAGCGTTACAATACCTGCTACCTAGCAGATTATAGTCCAGATATTGGGAAGAGCTATGGGAAATGTACCTAGATTTAACGAGTATGATGTTTTCTACTGGTGGGCGTATGTCATGCTACGGAGCTCCCTAAGGGCGCAAAACGCCTCTAATTCGCCTAGCGGATACAGTTTAGACAAGCAGGGGCATGTACGGTCAGCATGTGTTTGCATCGCCGGCGGTCGAGTAAGTACCTCGCCAACGTACACTAGGCCCTGTTTAGTGTCCATTCAATCATCTCACATGGGTCCAGCGTATCATGATTAAGTAGCTGTGGAGAGTGTGGCAGGTCTTGAAGGCCCCCTACTCTTAGCCGCCCCAATCGTTAGAGCATACGCTGGATGCATGCGCCACCGGTCTTGACTGTCCTGATCACAGCACAGACGAATAAGCCTGGCTCTGTGCGGTGGACGGCCAGTCAAAATTCTTAGTACTGTACTTGACAGCTATTGATTTATGAACGCGATACACCCGAGAATTTCTGCATGGTACACACGGATGATGGCGTAAACGCGCCATCGAATGATCCACCTTGGCTGATCGGCACCATATTGGAGTGGCCTACAATAGTGGCCACTGTGGAGAATCGCCTCGGTGATCCTACACACTGCTGAACCTAGAACCATTAAACATTCTTGGCAAGGCTGCCCTGGGTTCCTATCACTTCCGCGAAAAGACGGCAGTCCTGTGCAGATGGCTATCTACAAACCCGCTTGCTATACTAGTAACGACCCCCAAAAGGCTATAACGGTTGTCAGGCACCTCACTACCTTTTTGTAGATATATCCACCTGTGGTCATTATCCAGATTACGCGCGCCCTCAGGACTTCGAGTACCACTAATCCCGAGGTGGCGAATGGCCAAAGGGCCTTTGATGTGCGCACAGCCGTAAAGTTAGATGCAGCCCCAACCTGAGCGCTAAACACTGATAAATCCCTACCCCTCGTCCGGGGGT,1925,50.08,Escherichia coli
SEQ_754024,ATACGCCTTCGATTACGATGAGAAACTGGCTATAGCCCCGACGGAAACCCTAGAGAAGCAGATGGGTCGGTATTCGTGATCGTAGACGCATTGTTAGACCTACCGCTGGTTCTCAGTCGGGACAGACTTGTCCGTGGTCACGTCCACAGACCCCATGTCATCGCCAGAACTCTAACGTACAACTGGCGGGTCCTAGTCTCAGTTAGAGTACACCAGCCGACATAAGTCCGACCTTGCATCATGGCAGCCCACGTCTATACCTTATTTTCTCATGAGTGCACCTGGCCGTCCTAACGACACATGGTAAGCACTTTGCTGTCATAGGGGAAGTGTGAGAATTTTGCTTCAATGGCCCGACAGATATAGTAACAACAATTTCTCCGGGATATCTTTTCTCGTCAATGTTTAACGTAATACCATTTGCGTCAGCCTTAGCTCACGTCATCTACCATGGATGTCTCGGTATTCACTAAGGGTCGCGAGATGGGTTCCACTAATCGGATCTTGCAACTCTTTCTTAGGTCGAACGGCTATCTGGTCTTCTCCTCTATCGTAACCCTATTCGTCGTAATCGTCGCTGATGCACTAATCTGATTTACCCGTGCCCGTCACCTTTAGCGCATCTGGGAGCTGGTGAAGAGACGGACCCGCGAACATGATCACCGATTGCGCATGTGGTGGAGCAACCCCAGTAGTCACATGTGCCAGGGCCGGCAGGCTCAGGTGAGTTGATTGAGAATGGGCCCGCTCCGCGCAGGACATTTCCAACTTGATCAAAAAAATAAATGAACTAGTTCATGCACAGTATTTAAAGCGATCATCTTGGAATTAAGCACTTTAAACCAGTACTTTCATTAGTTAGTTGCGCCACGGCCTGGTTGTTTGGCAAATTTACCCAATCGACAACGAGTGTTTAACTACACTTAGTGAAGGCTTTCGTTTCACCCCGCACATCTAAGATGTATAGCTAACGCATATCAATCTTTGGATTATTCACCACCGCGGGTTGGCGGCCACTAATTCTTAGTATGGGTGCATTTAAGATGAGTAACCAGTGCTATATATCCCATCTAAGGAGGGATCACTGAGCTTGGATAGCAAGTGGATGGACAAGTATACACCGTGATAGCTCATATTCATAAGCACAACAGTGGTCTGATTCCTCCAGATTTAACCAAGCTAATGTGACCCGTTTCTTATGAGTGTTCCAAGTGAATTAGGCAGTGTGATATAACCTGATGTATGTCGGCTACAAGAGTATGTAGGAAAGTTGACAACCCTGGGTGCATGATGGGCTGCATGAACGGCCACACTTCGATTATTTATATTCCTTGGAGCACAGCCGCTATTCAACAATACACATTACCGCGCCTTATGAGTCTTTGGCCCGATAAGAGACCTAACTTCCCAGTACTGGGATTCTGGCGGGGAGATCGAGAGATAAGTCTGTCATTCGAGCCCGTAAATAGCCTGCAACCCTGCTAAAGTGAGTTTATAGTTTACGACTCGGCGTGTTCTGTCTAACTCGAAACAATCCCTTAGAGTTAACCTTCGAATTTTCAACTGCTGGGAGATCTAACTCTACCCCGTTAAGTAACAGTTGTGGAAAACCTACAGTTCTTTGGGGTTCACATTTGGAACCCCTCTTGAACAATTGGGGACAGGTGTTTTTTATTGTCGGTTATGAT,1688,46.62,Drosophila melanogaster
SEQ_804700,CGTAATGAACCCGAACATTCTCCGTAGTTAACGAATAGAATTTCATTAAGCCCAGATTTAAACCGAAGTGAAGTTATGACAGATGGAATCTCATCTCCCCAGACCGACATACCTCGGGTAAAGTTCTGGTGACCTAACTGAATCGGTTGTGGGGTCTTCCCGAGGCAATTGCTCCAACCGAGTCTATTCGTTCGCACGAACTATCTGTTTGTCAAGGTCCGGCTGTCCGCATCAGCTCGTCGGTAGTGAAGGGGGATGAAAAATAGTGCTCCCCAGATTGGCGGTATTTGCGATTCGTCGCCAGATCAGGTGGGACCTACAGGGACATCTGTAATGTTGTCCCTGATGGCTAGAATCTGTGGAGGTCGCCATTTTTATTCCACGGTCGGTCTAAAGATTGCTGAGGTTCTTTCTGAGAGCCTTGACCTATTACTCTTACATGTAAGCATAGTGTCACTAGTCGAAACCGATGACGACTTAGACCCTGTCGGGGTTCTCGTTTGATGTCTCTATCCTATAATGCAGGGTGTACTATGCGCTAGCGGGCTCTGATCCGATATGCAGACCCTAAAGGTTAGCAGCTAAAGCGTCTCTATGATCATGAGTGATCTCACCCCGTAGATGCTACCCGGGGGGCTCTCTCTCAGCCTAGTCTGTGGAAAATGCGCCAAGCTCCGACTGGCTCCAGCTCCCTCATCTTTACGCAAGGCTTGTATGCCATGGGTCCTCAAGCGAGCGACGCTAGGTGATTAACTATTGTCCATCGAGCGGTATCCAACGTCAGGCGATTAAAGTGGCTAATCCCGACCTAACTTAGCGTGATACAGATTAGTTTTTTAAATCGCAAGTTCAACCTGGGTCTACCCGTTCTTTCACGCGGGATCGCTTGAGCGGCGGCGAGGAAGGAGGAGCAAGCGTGCGTCTTTCACGATTCCCCTTTTGTGCGCTGAGGAGGCGACGGACAAACGTGCTTCGATACTTCCAAGGCGTACCCTACAGGGGTCCTCAACCACGGTTAACTAAAAAGCGTTAACAGAATGCATCGCTGGTAAGCCCACGGTTCATCCGCGCGGTCGTCCCTCAGCGAATTGTAGAGTTTAGACCGCCTCAAATAACAAATACCCTCCATTTTCCGTGCATATGGGGCTAATCCGCTAGGCGTTATAACTCACGTGGAGTTTGATCTTTCTGAATTCGATAGGTGGAGACGAGCCTATGCGGCCTTACATATGCTTCTTTGCCTTGCCATAGACAACAGGGAGTTATGTCGGGAGTGGAAGGGGTGTATACTAAAACCGCACATATTAACTCGACTTGACGCAGTTACATCCCCCAGAGAGCGCCACACGGGAGGATCGGACATTCCCCGATAGCAGGTTCGTGTACGCGGGTGTCAGTATTCCGCCCAGTCTAATACGCGAAACCTATTAAACTAGGGACGTGCGAGACGAATGACATAGGTGGCATTGTGGTATTTCGTCGGACAAGACAACTCCTTCAGAGCGGTAGCTAAGGTTAATTGCCAGCGGTTGTCGACCCCGTGGGTGCTAGGTGCCTACATCATCTAAGCGGCCCCCTAAGTGCGCCGGGGGGCACCAATCGCGCGCTAGGTACGTCTCTCGGATCTCCGAGTTGGCTGCCCATTAGATCAACATATCTTTTGTGTTCTCCGTAAACCAGCCCATTGGAATACTCTTTGGCTCTTATACAGGGGATTTCGTGGGGGGCCCGTCTTTCAGACCCCGCGTATGCATCAAATATGGCGAGATAGGGTACGAGGACTTTTTACTGTTCCGATCACA,1802,50.83,Drosophila melanogaster
SEQ_966779,GGCTTTATCGATAGACCTTGGTATAAGTAATGTCACCTGCCTCGGCGGTTTGAGACGCGAGGTAATCAGCCCTAAGGCCCACACTGGGACTGCTAATTTAGCAGACGAGCTAGTACGCTAGTTCACAGTCTTCAGACAGCGGCTCTGAGTTGCTTATGGAAGTTGGCATGAGCCACAGCCTTATTCTCCAACGGATTCTTGATATTGGTTAGCACTGGCCACGGGTAGAAAGTACAGCTAATGCCCCAACATGCAAACGCGCGTAAGACTCAAAAAATTCGAGTCGCCTTTAGCCATAGTTTAACATATAAGCAACTTATCTGTAGCGTAAGTCGCGCAAGTACCTTTTAAGTAGAGCGCATGCGTTGTACTTCCTTGCTTCCATTACTGGATAGCTGAGTTGGAAGTGTGGATCATAAGCCCCGAATGATCGCACGGCAACCTCAACGTCTCTGCGCGGCACAGATCTGACTGGGCAAGGTCCCTCAGATAGATGGGTACGGTTGCGGACTACTCTCGCTATAATGTTAAGCTTTATTTCTTCGAGGACCTTGTCGGTTTATTTAGAATGTGATGGTGGCTACGTAATTGACGGTTAAGATGTAACTATATGACTGTTCCGTACCCAATGACCCAACGATGATGCAACCACTGATTTTGGACTATATTCCAGCAGGTACATGGTTCTTATCCGGGTTTGTGTTACGACGTCGGCGTGGGAGGATAGTGAGCACGTAGGAACGGTCTCATTTTCTCTTAGTACCCAGTATAAGGTCTCGTTGAACCTCTCATATGATCCCTACCGGTACCTTCACATGTCCACAAGCGTTACGAATGCTTTTGTGGCTAGAGGGATACATCGCACGATAATTTACTCAAAGTATTTTGCGAATGCCCGTTATTATCTCTAGCCGATACAACGGGTGTAACCAGGAGCTGGATTGTCGCATCAACTCATAGGTGAAAATCGTTGAACCATAATTACCAAACCTCTGGCATGGACCAGAGGACGAGGTGTTGTGCGTTTGGAGGACTGCTATGGCTTAATGTGTTTTCTCGATCTCCAGCCCCGATCCGCTCGAATGGAATCGAACCCCTTAACTTGTAAACCGAGTGTTTTGATTGTTTGCCCGACACAGTTATTTATCGAATGCTAATCTTCGCCCCATCCCAGCGGATATTCAATGTACGCTCACATCGCAGACTAATACGGCGCCCCCTAGTTCCATCGTGCTCCACCAAACCTGTGTGGCAGCGGACCCTATGAGTCAGGAGGAAGGACGTTCCTAGGCCTCTGATGACGGCATAAGCCCATACTCCCCCCTAATGGTCACTGGGAGAAGCAAGCTCCGGCTTTATACCGTTCGCGCACATCGGTGGGGAGAAGTCGAAGCAGAGTCCCTCTCTACACTAAACTGACACCGCATATCAAGAGAGTACTCCGCCTACTTATGCGTTAGAGCTAAGTATGTGCGAGGGACACGGTGAACGAAAATTTACGCCTCTCCTCAAATTCGCTTCTCGTCAGTTCTTCTGACAAGGGCAGCCCGAAGACTTCCTGCATCACATCCTGGCGTTTTCTCTCTACGAAGCACGAACGCACCCCACGCACTCACCGGAGCCTTTTGTAGTGTTTAGCACGCGTTATCACGTGGGACTGTCCTAACGTAAGTGACCTGTCGTTTCATAGTCCCGTGAGTCTACAAGAGAGCCCGTGCTCGTAACCTCTACCAACCCACATAATCCTCCTCGATGTATCTACCTCAGGGAGAATATCTTAAGCGTGCCGGCTCTTCCCACTCACAATTAATTAAGCCTCCTTGTC,1825,48.82,Arabidopsis thaliana
SEQ_355040,ATTACCGTGAGGACTTTGCCATTTGCCTAGTTAATGAGTTTGAAAGACCCCGCTACGCTTCAGCCCCTCAGGTGTAAAAGGTCATCATAATGCAGTATAAAGAGCAGGTGTTTTGAGGGGAAAATCCGCTATAATCAGGGCCCATGTAGAGGCAAGCCTTCGGGGTATATGAGAAGCGTTCTTATGTTTGGCCAGTCTTCTCACTCGTAATTGAAAGCCCCAGCTACTCAGACTTCCCTACAGCCGGACCATAGGTATATTCCGGGGATTCACACCGCAGTAGAAGGTCGCCTCTAAGTATTTGATATCTAGGCAGATTTACCTGAACCCGACGTTAGGACTCCAAAAGTGTAGAATTTTCTGTAAGTAACCAGTTCTCCGATGCAGCAACACCCATCGTGATAGATCAAGGCAAGAGGTTGCACCCTCAGAAAGGATTGTAGGTAGTTTTTTCCTCCAAAGTATAACGCACGAATTGTTGTGCAGTACCACTTGTGTGCTGGCTCGTCCAACAGATATTATCAGAACTACATAATTCTCGATTAAAGCTACGAAAATGGTGTCCGGCATGCGACCGTTTTAAGAAATATATAACGTTGGCTGGCATGGAGTCTACCTATGGCAGAGGCCCCTG,634,45.9,Mus musculus
SEQ_133796,CTCAGTAGGTGTCGATGGGGATATGTTTAACCGGACCGGCAGGGTACGGATGCTGTAGACTAATCGCGAGCGGGGACAACGTGCGGGAAGAGGTTTGCGCGGAACCCTGGAAACCGAACAACAATTCTCGAGGTATGTAGCCACTAGGTGAGGAACCACAGGCTCAAAGGAATCTGTGTAGTAGATTAACATCCTAACGCGTCAACCCGGTCGTGCCTGAAAAACGGTTTCATGGCGCAATCTAGGCCTGGCGTAACCGCAGAAGAGGGTCGTTCTAAATATGTTATTCGCAAGTCCTCTCGAAACCTCGCCGCAGTGAGGAGTTTTGATGACCACATCTGCCTACCAAGAAAAAAGTCGAACTTTCGAATACAGGTCAATAGGGTTTCGTTTGCAAACGCAAACGTGGGGCTATACATCGGATCACGCCCGCGTTAGAGCACATAAGTGGCCTGCCCTGGCTGATCCTGCGTATGCGCAGGGGACGCACGATTGTGGGGCCGACAGAGCAAACATCCAGACGACGTTAAGATACAACGATGCTGATCGGTCTACCGTTCCTTGGCAGTTGGTTACGCGAATTGAGGTAGATCCTCGGGTGTGTTAGATACCCTTTGTGATTGATGACCGCTGGGCTATTAGGAAAGTGATTTAAGCTTACGGCAACGCTCCCAGCAGAGTGGACAGGGACTGAACGCAGATCGTATAGAGAATAGAAAAAGGTACGCTGTTTTGAGCATGTCTTTATCAGGACGAAGCATGCGACGGCCTGTCCCCTCCTCTCCAAATCATCGGTTTAAACCAAGGGAACCGCCGGCTTGCCTGAGCACTTCTTTTGGAGTGGACTGCCCGGCACCAAGTTCTTCTTTCGCTTCATTCAAGTAATCATATGATTCTCTCTCACAAGCACTGGTGTAAGTGTTGTGTCAAATCACCCAATACGTATGTCAGCGCATAGACGTTCGCTATCCGCAGTTCCCTCTTTAAAGACAGAATAATCTGTACTTCTTACATCAGTAGC,1021,50.05,Arabidopsis thaliana
SEQ_590242,GGGCTCTACATTAGCACGGGGCAAATGGGAAGAGATCCTTGGGCAGGAAGATCAATGTCGCCCGTTGACCACGACTCCCCCCGCAGCGCCTGCGCTGGGTCACGGGTACGCCAGCCGATGTCGAGATCCTTTTTTTCATGGCTGAATCCTACATGGGACGCTTAGCGAACCTTGCGGTATTTTAACGCTTCCCTACCAGGCCTGTTTGGACTTGTTACGGCGACAGGTCCTCGCGATAGCCATGACACATGCAATAGCGTACCAGTGCCTCCTAATCCCCTTACTCAGATGAGGTGTAGACGTAGAAGCAGTAAGTACCCTTACCACTCGAGGTGGCGAAGACCTCCGGTTACTATTTTCCTGCTGCGGATATATGCAGGGAATGCCCTACTCTCCTGTCTATATCTGGTAACGGGTCGTGTAGACGGCGCGTCAGTGTGCGCCAAAATAGCAGTCCCTGGAGAACAAAGCGTAGCCGGTAGTAGGCCAAACGGGCACGAAACCCAGTCCCTCAACCCTCGACCGAGGATGCAACCCTTGGTCAACTTTGCACTCTCTTAACTCCATTTAATCGAACAGGCAAGAAGAAATTCCTCGTAGTCC,603,53.73,Saccharomyces cerevisiae
SEQ_602765,CTCACCGGGTACTACACGGCGAAACCAGTACTACTCTGGGCCGCTGAGACGGCATGACCGAAGT,64,59.38,Arabidopsis thaliana
SEQ_309779,TGCAACCTTCGGGTTGTGCAATAATCTACTCCACTAGCCCAATAGGCAAACGTTTATTGTTGCATTTCCGGGGAGCGGGCACTCTGTCCGTGTCGACACCGGAGCCAGTTAACAAACTTAGGAGCTCCCTTGGGCCGTTACAAAGACAATGACGTCGTCGAAAGCCCGCGTGGACTGATGGGCCAGGTTTCGTCATCTCTTCATCGCAACGGTACAGGGATCAGTTCCAGGAAGGGTAGGCTCTATCCACATCCCTGTATGAGTCGCCGTAAAGACCCATACGGCGGGTTTCGGTCTAGAAGTTCAGGAATAGTCGTGGCGACCTAGACAGGGCTCATAATCTTACTATGGCAATTGTTTTTCTTACGATTCAATGGTCGCCGATATTACTGCAGATCGTGTTAGTTTCAGTCTAAGCACGTGGAACATAGCGCCGACAAAATCAGGAACCATCAAGTAGCATTTTAGTTACCGCGCTGTCGGTTCTCATCGATATGAATTACTTAATCATACAAAATCTTACTCGATGGGGCTACTGCGGATAGTCTAAACAGTTATGCCAGGCGAATGGAGTGAGGCTGCAGGCCGGGTTTTAGGTTCCAAGGGAGGCGCGTGAGGTGGTCGGGGCTCGCACAAAGAATAGTCCATGGTTAGACCCAGGACTGGTAAAACTGAAGAGTAGCCCACAATATCCCCCTATCGCCACTCCACCCTTTGTTATATGTTTGGCAGGCGTCAGGGTATTATGTAGTCTCAAGCTGCGGGTAGC,769,49.93,Caenorhabditis elegans
SEQ_873363,TTTCTCGCTATTTGCACCGCCACCTGATTCGGTGGCATTATCATGGCATCCCGCAAATTTCCAAGTTCAAACGATCAAATAGTTCGCGACCCCTTAAGCATAGTGCACATGCATACAGCGAGACACGCTAAAAAGGGGAATTCAAGCAAATGGATGTCTGATGGCACGACAACTACGATATACGCATGCGTAAAAGCGTATGACCTCCCAGTCAAAGCTCGAGATCGTATTTTGATTAAGGAAGCTGAATAAGAAAAAACACTCCTCACACCAACGCCTCAGAACGGCTTATCCTAAGATCTCGCAATTCATACATAATCCTAGCACCCAACTGTAAGCGCCCGATGGCTAGTCTAAAAGAGATTGCCAGGAGAGAAGCCACATCGCTCGCTCGATCTTACAACTCCCACTCGGCAGAGAAAGCTCAGCGAAGTCTCAATTAGTGCACAAGTTAAAGAGCTTGATTTGGCTTTACGAATAGACAGGGTCAATCCACTGGACGTGTTCCGAGACTAGTCGTAGACTCTTGCGAGGCAATCGGCATTTACCTGGGGCGAGCCTGTTAAGGACAAGACTATAGTAACATTATAGTTTTTGCTGCAGATTTAGGAATCTCGCTTCCTATCGTCGTAACTCGGAGAGTTTATTTCTAGCCGCCTGGCCGGTGCAGGGGGAGCCATGCCGGTACTGGTATGCACCTCAACAGGGGACTTAGATAAGTCCTTACCGGATCAAAAGAAGCCAACGTTGATCGCCACTACCCCGCTCATTAGCCGGTAGGCGTACCTCCTCTACGCAAACCGAAGGCCAACGAGGACTC,820,48.41,Mus musculus
SEQ_686684,GACATAGCGCATCCAAAATACGACCGTAGCACCTGTAGAGGAGTGGCAATGTTGGTTAGAGGATACCCTCGCTCCAGGCCTGCGTTCAATGATAGATACGGCGACGTATCACCACCTAACCCCGACCCAAATAAAGCGTCCAGTCTATCGTACCGGCTATGTCTGACGTACGTCTATCTGGTCTGAATCGGTGTATACTGTTGTGGATGACCCACATAGCCATGCCAACAGTAATAGCACCCAGTTGTGTGCGCACGGCGGCGTCCGGCAGAGTTAGTATCATTCAGAAACACGTCAGCTCAAAGAGCGAGGGTAACTAGTTGAGCTCTGAACGATAGAAGATTCGTGAAGTCATTTTGGCCGTGACACTCCCGGTATAAGTTCGGCGAGCCTCTGACGTCCGTCGTGATGGCTACTATGCCTACGCACTTTCATTCGGGTTAACTCAGCAAAGTACCCACAATCTCATAGTGAAGTTATTCGCCTCAGATGCGCGAGCAAACTACAGAGTGATAATTGAAGTAATCGGAGCAAAGCCGCGCAGTAAACCCCGTAGTGCACGGAGACCATTTCTGAATTGACATAGTGGAATAAGTTATCGTTTAAACAGAAGTTACGGACGGTTATCGACCCTTAACCGGCGATTAACCCCAAGGGTCCACCGCAAATCGACATTACGCCAGCCATATACATTGTTCAGGCGGTAAGGAGGAGAGCGGTGGAATCAGATGTTGTTGAAAC,741,49.39,Arabidopsis thaliana
SEQ_864379,AGCTGAGTGTCCCCGTAATAGTCGTCTCTGAACAAAAAGGTTAGTCGGTCTGAGTGTTTTTGCCTAGGCATTGACGTCGACATAACGGTAGGCTATCACTATTACACACCCAGTCAATTCAAGAGCTGCCACGTGTATGTTATCGTAAGACCTCCTATGCGAAACATCTTTCACATCCAGCCCTGTGCCGGGAATTCGGTATAGGTATGTATGCCGCATCAAAGTTAGGCATGAATGGAGAATCTTAAGATTAGGCCGCGCGCAAATCAAACGCCACAGCAGGGGGATACCATAGAACGGCTTAGGTAGATTTTGTAGTTGGGAACCCACAACATGTAATGGCGAAACGAAGATAATGCTACAGCTATATTTCCATTTAATATCGTATCTTAAAGCGAAACCTTGCAGACGCCCAATCGACTGGCGAACCAACGCGAGTCGAGGCCGTTGGAACCAGATAAAAGTCCCTGTATGGGTTCCTGGTGTAAAAGTAAGGGATTGCAGTCATTGATGTCAAAACAGCGTCGTGCTGCCCTCTTGATATGGCGACATGTTCGTGCGAGATAAGGTGAGGTTAGTTGTAGGAGCCGTGCCACCCATTAAATTGGCTCTATCCGCCAGGAAAAGCATTCATCTTACTGTGTGTTGCATGGCCAGAAACCAATCGATAGGTTGCTTCGCGTTTTGGGTCCCACATAAGAGGCCGCTGATTTAAGCTAGAATTATCGAGAAGCTGCGTGTTGGGAGTTCCGCCAAAAGCCAACGGAGGACTCAGTTCACTTAATTCTCCTCCACGACCCTTGCGGATGCAAGGGACCACGAGCGCTTGTAGTCCAGATCGGTGATAGAGGGTTGGGTCCGGGGTACGTAGCGTCTTGCTGTGCGGGTTTAGGAAATGGTGCCTAGCATTTTCTTAGGACCGCATGCCTCAGTATACGACTCAATGTTCGCGCAGACAGTAGCCAAACAACTTGGTCTGCCTCGTTTTCGGACGTTATCAGACGATTGTCTCAGAGTGGCTCTGGGGGGAGTCACCTTGGCCAAATCTTTTTACGGGCGTGGTTCTTTAAACCACGATCGCCTATGCTCGGTCATACGATTTGATTCGATAGCCAAAACAGCCTAGCGATGGTTCGCGTCGTCAGTGACTATGGCTAGACGTGTACACCTGGAGTTGAAGGAGAATCGCTGACAAAAGTCGTTTAAAATGAACGGCCGACGAGGACTAGCTCACAGCGTGGTTCGGATACCGGATCCTTTATGGCAATGTACCAGTTGTCGCCTGGTCTTTACATCACTCCGTTTTCTATATCTTACACGAATATCTCCAGAGGCCTCCGTTGCGATACGGCGTCTTTGGAGAGTATCCTCCTACCTAGTGTCCCATCTGCATTGATCTGACTACGTTCTGGAGAAATCCAGGAGCATCACAAAGATAAAACGA,1444,48.68,Saccharomyces cerevisiae
SEQ_321232,TCAAAAGGTATCCGTTCACCTGCCATTCAAGTCTGACTCTTTCCGTATCTGGGGGTGAGGGCGCAACACACTCGACGTGTATGATGAGGTCACTGTCGGAGCGAGCCTACTTTGGCGTATGCACAGGTCTACTCACCGAATAATAGGAAAAATACTTAAGTTACATCTCAGTTCATGAGAGAACGTCTCTCAGATCATAAGTCGGGAAACAGAGTCTTTGTACGATCGATCCGCGTTGTAAACGTGCTATGATTACTGCTGGCACTTGCGAAATATGAGTTAGGGCAGAGGACCGCTCAGACTCAGAACGTCTGATGTAAAGTGGTCATATACACGACTCCTGCGTGACCTTTATTCCTAGTATTAACTTCCTGGCGGCTTTCCACGAGCCCAGTATGGTGCCCCAGCGGTACAGCATGACTTTCTCTGCCCGGTAAATTAGGGATGGGGGTAAACTGGTCTCATACAGAGTTCATGCTTGCTACTTCCGTCGAACCTCATCTGGTGCAGTATCGAACGTCGCAGCAACAGCGAGATAAGCCTACCTTGAGGGAGTCCCTAGCAAACGAAATCATGTTATTATCGATTGCGGGTACACATACCCGCCAACTACTTCTAGTCGCGCTCTTAATAAGTTGTGGGCCATCGATAGCTTTGCGATTATCATGGCTGTGCCGAAAATACCCTCAATTGTCCCGCGAACTACATGGTGTCTCAATAAGAGTGGCGCGGCTCGACAGGGGTGTCATATACATCTCTCCTATACGCCTCTGTAATAGGTCTGATCTGAGCAGTTCTGAAGGCCTCTTTCTCCCGTCAACTTGTGAAACACCTTTATGAACTACGAATTCGTGTGTCATCCAATCTGGATACAACGATAAGAGCGGGTTAACTCTACGAACAAGGAGTTCATAGTGGTTATGCCTCGTGTAGTACACTTGAATGATACCTTTCGTCAATTTATTCGCTCATCGATATGGCGGAGGAACTCCGAAAAGCTATAATAGACTATTTCATTCTCCGAAGGAATTAATGGTAGTAGACGCACGCGGTAGCTG,1058,47.16,Mus musculus
SEQ_734629,ACTGGCCGTCACGTCTTCGCCACATTACGAACAGTGATAGGACGTTGGCCGTGGGATTGCGTAACCCCGCCATCGTTCGCGACTGCACAGATATCGTATGAATATTTCACAAGGACTCGATAGATTGGCTTGGTTACTGTCGGATACATTAGGTATGTCCGGACCAAGACGTTCAGTGCTTCTCCGCCTTCTGAGTATTGGATTGTGACTGGATCCGGAGTATAGCTAAGGATAACCACCACTCAGCTTCGCACTGCGCCGTAACGTTCCAATGGCCGTCGAAATGGGACACTGCTGCACCCGATTACTTGATGTCGGGCAGTATCTCAAGTGAGTTGAATGAAACCCATCTAATAACCCGTTTTTTTAGTACGAAATGCTATGACAATCAACTACAGTGGGTTCGGTCGCCAAATCTGGTCTATACAGCGGCTGGATCTACTGAATTGTTCTCGAAAGATTTAGCGGACTGGCGGTATTCTCACTACGTATTATATGCGGTAAGATGGATGTGAATGTCCAGGCTGCTAGACCCGAGATAGTCAAGTGTGCATTCGGTTAAATAAGAGAAACGCGGAAACGGTCAGGAACGGAGGCATTCTCGAAGTGGACGTAAATTCGCGCGACCCTCAAACACAGACTCTAACGGAATAATACCTATCATCGCATGCCCGGAAGAGCGAAGGGCCTACACCCCAAGACCTAGTTCTGTAAGCG,717,48.81,Mus musculus
SEQ_162200,CTTTACGTAACAAGGCGACAAACTGCATCCGCCTGTATTTGCGAAATAGCTGGCGCAACAAGACATACAGGTTGTCCCCCCAAAACTCGCACTACCCGTGGGGCGTACCCAACCGGAACCGCTAACGTGGATAATGTCGGGGAAAGGGTAGTATATTATTCAAGCGGGCTTTATCCAACGGCCTGATTTGGCACATGGAAACTGACTTTTCCAACATAACCCTTGACATTACATCCAATCATGGTCAATGGCAGTAACGGAGGCAGTAAAATTTGTGCTAATCTGATCAGTCCACAAAGGCCAAGTAAAAGGATTTAAGGATTTGATTTCTGTCTTTACGCAGGATCGCGTCGACAATGGGTCTTGTAAACACCGTTATTCACACAGACGGCGATGGCGCAGGAAGCTAGAATCATGACGAACTACCGGGTATAAGACGCTGAAAGCCCATTTAGCACGCGGATAATCGCCAGATTTTCTAAATACGCACCACTTCGATTCCGCATGGTTTGCGTTCATCGAGAGGCACCATGAGGCAAGGGTTTTCATGCTGCGGCCATACCGATGGGCGCACATACAGTGAACTCACAGGGTGGTATTACATAGTCGTAGAATCCTTCCGCTTAGGTGATCCGCTTTTCTCGCGTCAAATACAGTCCAATCTAACCGAAGGCCTTATACTCGAAAGGAACCGAGGACAGATTCACCGAAACCCTCCTACCTCCGCATGCAAGGTTCTGAAATTCACCTGTCACAATTATGTGAAGACTGGAATAAAGGGGTCCCGCTGGCAAAGGCGACACACTAGGATCAAGTCAGCTTCCAACACGTGCTATTCGGACGTCAGTCGACAATCTAGCCGCATTAGCTTCAACGTAGGATGACTTCCGTCAAGGGGCAGTCAGGGCCCTCTTGGGCGCTAGGACACTACTTACCTTCAGAAGCGGCAGAACACTTTTGCGGACTACATATTATACCTGTGAACGACGCGGATGCGTACTCCACAATGAAGCACTACTAGACTGGCGGACCAAGCTCATCTTCGTATTCAATGGTCTTCCCACTATTGCGCGCTTCAACGTTCGGTAAATTGTGTCTGGGGAGGTTACTCTCCTTATGCTCACTACGTCATTATGGACATATAATTATAGGAAGGCGGGCGTCGGCCTGAGGTCCCGTTAGATAGATGGATGGAATATGGTCCACTCTTCTTGGTGGGTCCATCAACCTACCGCTCTGTAAAAAGCATGCCTAAGCTAGGGTCATAGCGCAACTTAACTGTTGCTAAAAGTATCCGATGAAGAAACATCTATGCCGGCGATGGACGTATATCAAGTCGCTGTTACGATCGCTAGTCTTAAGAAAGCTTATCGAGAAAGCTTACCAGCACACTCCTTAACTGGTATGCGAAGCGAGCTAGTAGACGCTTAGTACAAGTCGAAGACTGAGGAGCATATCGCATAATCTTGTTTCCTGCTTTACCCAGAGTTCTCTCACCTTTAAGAGCCGTGCTGTGTATACATGAATGCCGTGGCCTTCGACAGAAACGCGAATTGATATCCATTAACCCAACAAACTGTATCGACGCGTTTACGCGTCCTCTATGAGTGAATGTACCGTGTCATAGGTGGTGGATTTCCAATGAGTAGATATACCA,1657,47.86,Mus musculus
SEQ_717827,GCGGACCATCCACACTACGGAGACATCCCGTTGAAGTTGTCGGGGATCTTTTGTCCCTCATGGACTGACAAACTACAAGCTCCATCGAGTAGAATGCGACGACGCGACGTCGCAGGTACAGAGCCGCCAGGGCGTATTAGAGTCCTTAGGATCACGATCGCGTTATGGTGACGTACCTCCGGCCTGAATGTTCGGTATGTAACCCGCTGGCGGGTCTTCACACCATGATCCATTTGATCCCGAGGTCCCACCCCCTCCTGGGCAAGGAGGGTGGCGCTGAACCATCTTGTGCCGGACCGCGCTCAAAGGTACTCCTCGGTTAGAGTCTACCAAGATATGGAAGACCTGGTTTTCAGCCGCCGCCACTCTTCTGCAACTGGACTAGTCTATTGCGTGTTGTTGCGAGACGGGCGCCTCCAGGGCACCAGCGAACTAGACCCCGGTTCTCACTGACCGAGAATCCAATTACAGGGGGCACTCTCACTACAATCATCGGGCTGGGCCCAACTGTTAACTGAGCTGGCCCAGCCAAGGTACTCCTTTACCATTACAGGATTGTTGAGTCGTACCGACGGATCGAAATCACCCTTTTCGTTTAGGTCTCGATTATGAGCACATATTTAGAGTGGTCCCAGTACTCAAGATCCCCCTACGGGCATACGAAGCCGAGACAGTACTTTTTTATTCCGTCACTCTTCACGATGACCGTTGATCAACTTTGATACGAGCAAGCGGGGGCCCATGGGCCAAGGGGGCCAAGCATCCTCCTAACCCCCCTGACCATCATCCTGGGAAGCCCATGGGTAACTCGGGCTGTTCGGTCCACGGCAACCAAAGTCAGGGAGTCCCTAAAACTGGAATCTCACTAGCTCGTTTCTACGACTAAGAACACTGCTGAAAAGGGCCGGTTGGCAGCGGTCTGAGAAGGACTAGCGGGCACAAAACGTAGCGCCGTTTAAGGACGGCTTTTTGCAAGTAGGCCGCGCCCGAGGGCTCCTCTGCGAGGGATAGGCTGACTCTTGGATCTGCGTAAAGCGTTCAGCCTGACACGTAAGGCGATCGCGGGTCTATTCTTTGGGCCAGGAGATCACCAAGGACAGGTGTACTATAAGGCGAGAGAAAAACAGATCGGACGATTACAATGACGTGTGACCGGACAAATTATTTCCCCCAACGTAGTCGGAGTGTACACGCAGCAACTTCGTTGAGCCCAAACTCTACAACATAGCCAAATTACTTCTAAGGACCGCTGGATGAAACTTACTCTTTTGG,1272,53.77,Escherichia coli
SEQ_966089,TCTACTGACTCACTAATTTTCCCTCTCGGAGAGTTCATATATGTCAGGCACTGCAATGTCTAGTCGGATTACGAAGGTATCAATAACATGGACAGGCTGTCTTGCCGATCAGAGCGGTCCGCCTTGATCTCCTTAGATTTTGTACTTGAGCGTCTAACAGGAATTCCAGCTCAGACCGTTTGAGCAATGAGAACTACAACACAGACAACATTCGACTCAGGGCCGCTGCCCCTCACGACTGAACCGCCTAACGATTGTAAAAGCCCACACGAGTGGGAGAGTGAAGGCTGCCACTGCTGGCCGTTGGTATGGTCTATCCTATCGGGTGCCATTCCTGGACGGAATCAACGTCAGGCCGGGTACCAGCAAAGCGGGAATTCAGTGCACCTGTCCCTAGTCCTATCCTATACTATTGTGGACAGTGCAATCAGAGATTGGTTCGGCAATAGCGTTGTCATACTAGAGATCACCACCGATCAGGGATGTGTTATTGCCTTGCTAACGCATCGTGTATCACGTGTATGTTATTACCGTAGGCTTGCGTACTATGCGTCGCGAGTAAGTGTTACGGGTACTGGCGGGACGATAGTGCCCGTTGGGACCTGCCATAAATCCGCCTGGGTACTTCCAGGGGCCAGCGCGAGGAGTTTGTTTGTAGTTGACTTCGCGTTTTACCCTCCATAAGCAGTGACATACAGCCACTATAATCTAATGCCATAAGTTTATTAACCACAGATCCATGCCCTAGCCAGCTGCAAATGGAGGTATGTGAATTTTAGGAAGCGAATGAGTAATTAAACGCGAATCCGTACTGCTCAGTTGGACTCCTGAGCATCCGCTTAAAGTGCATTAGTTAGCCTCAGTGTCCGTACAGTTTGCCAGCATTTAGGTACAGTCCTGGAAGACCTACGCTGTTTGCTACAAAACTCTGGTAAATAGATCGGCGCTTTTCGCAGACATTAGTGTAGATGTGACCTCGGCCGTGCGTATACAAGCCAGTCGCCCCTCCTGAGTGGCGGTCACGCTCGTCGGTGGTGCACTAGAACCTGGGAGCGTCTTTTACCAAAGTGCTGGCCCATTTAGGAAATCAGATCGCTCCCCATAGAAATCACGCGGCCGGAGGTTTGAAAAGCGGGTTGGGGGCACGTAGCGCGAATAGGGTAAGAGTCCCAGACCGACAGCCTCCCTGATCAAATATTGAAAGAAAAGATCCAAGACAGATAGTATCGGGACACTCGACCCGTTAGCTAAGGAATGTGGCGACGGGCTTTTGTCGCCGGGACGGAGCAATGAAAGAACGGCGCGTAGTCATGGAGGAACTTCACAAATGAGCTGATACACGCCATATATATCCTAGGGACATGCCGATCCTCGGTATCGCGTGGACGCACCTCTCCGGTCGATGTGTCTCTAAGTTCCTTGGCGATGAGCAGACGATACGAAAAGAAAAAATTATTTATCTTCAAACCCTAGTATAAGGGCCAGCGCGGCATCCGGTTCTTGGGCCCGCTATCGGACATTATTTACTTTACATCAAGCCTCCAGGAACGACCGTTTACCCTCGCGGCACGCCGACAGGACGACCGGTCCCGGGGGTAACCCGGAATCTTAACGTTAACCTCGAGTCATTGCTTGTAACCTATGGTCGTAGTATATGTTGTACGAACTCAAAAGCGCTGTGCGCTACTGCAACGACCGTAAGAGTCACTAACATTTGCCAACGTTCCGTACTTCCAGGTACATGGGACCTAGACTATCAATCTCACCTGCATAAGGCGATACTGAAGGTTCAGATGAAACCTTCCCCGAAGGCCCTGGATACTTTCGAGTATAATTGGCGTATG,1844,50.27,Caenorhabditis elegans
SEQ_709708,AAGTGCTTGGTGCGTGTGCCACTAGGGGCCTGTGCTCGGTTCCCCTTTGGGCCACGTGCCGTATTAGTCGCGGTCTCAGAAGATTGGCTTGGTCAAGTTGACGGATTTGCGCCAGATGGAATTCAAGGACTGATTTCTGCTTTATTGAAATTGTTTCTCCTCAGTGGACCGCTTTGGCCAATTCCTGCGGCACCTTTCCTTATGTACTCGTACTGGGCGACTTTATTGTGTATTCTTCGACCAAAAGCGAGGATATTCCGTTACTCTTTCATAACGCGATTGAAATATCGCAGTCCTTGCATTCTTTAACGTACTCACCGACTTCTTGAGGCGTCGTTGAGGAATTCGATACCCGCGTGCCATTAAGCTGACAGTATAGTTGCAGTGCACCCCAGTTACGCTGTCAAGACTTTCTCCAGGCGGCCGCAAATACGTCCACTCGGGTTTAATACTGGCCTAAGATTGCACTGCAAGCCTGCGGACCTCTTCCGTCACCTTGGTGACTCGGCTCGTGTATCAAATGGGCGCGCGTGAATGTGTCTTTGTGTCAAACACTTCCGTGTTCCCCTCCACCTTTCAGGCTAACACAGGCGCTTTAGTGAAAGGGTTTACATTTCGGGCTGGGCATACGCTAATCTACGGGTATTCGGCGCGCATACGACTACGCAAGTCGGTGACTGTGTTCGTTGATTCGAATCTTTTATGAACCCTCTATCGTCTCTACAGACGATACGGGAGCCCACCCCTCTATCGAACAGCTTTTTTCGTCTGCAGCTGAAAGAATGATGGAATAGTGTCCTTACAACAAACCCCTGGAGTAGCATGGGTTCGGTCTAAGGTTGACCTAGAAAGCCGCCATACAGTTTACCGTGAGGCACCCCTATTCTAAGATGATAGGTGAGCTAAGTGGATTGTCAGATTGTCATTGAGCAACTACTTGGAACTATGTTTAAATTCAATATTACCCCTTTTTTCGAATGTTGCGCCCGTTAGGGCGATTTCGCCCAACTGTTGTGACAGATCATACAAATCCCTAGTCTCGGCTCGAGAGCAAGTAATCTGTATAACGTTCTTTACTCCCGTAGGGGACCGGAGAGGGGACGCCTGTCCTGGTTGCCTCCATGGCCACGCGCGTTTAGCCGTCTCAGCGTTACTGAATTAGTGGATTCAAAGGTACCCTTGTGTCGGTACCCTCCGGAGGAACTGTACCTTAACATCCTGCTTGCGTTCACTACCCATTAGATTGCCCATATCTCACGAAGGCAGATCATCTCGGAAAATGAGGCAGGTAGGTTTCCGGTCACGTACCGTAGGTGTCTTATGTCTAAGTCCGTGTCCTAAAAATAAACGAAGTTTGGCCTCTACAATCCCGGACAAAGCCGTGATGTCCACTTGTCTCTTCGGTTTAGGGATGGTTTTGTTCCCCAATGTAGATTATGTATGAAGTCCCAAGTGTAGCATGGCAATGAGAGGGATATAACGCTCTGCACGCGCAACTGGATAGTTCATGTTCGTTCGCCCCTGAGGCCCGCATTGCATGAAAAACTGTCATAGCGCTGTCGATGACGTGAGGCCTTCGAAGTTTGGCCATCCT,1594,49.31,Arabidopsis thaliana
SEQ_814020,ATTTTCCAGGATGTGCACACAGCTTGCGTTACCGTCACATAATGTGCAGAGCTCACATTCTAATCCACTTACCCCCACAAGAAGGGCCGTGTATATGGATAGTACCAACACAAGTGTACCTCCGTCCGGCGGTGCAACTCCTACCGCCTGTTTATTCTGCATCTACCCGTCATAGGAGGAGTAGATAGGAAAAGGTACGCGGGGTAACGGGAGCACAACTTGACTAAACTGGAGCTCACTTCGTTCGAAATTATCGCTTATACGCATCTTCGTAGTCCATATTTCCGTAGCGGCACGTCTCGCGTTCAGGGTACCGTCCTAGCGGCGGACAGATCCCGGTGAACGCGCTCGGCAAAAAACCGTTCTGCCTCCCGGCTGGGTTATAGTATATGAGAGACAATAAAGATACGGATTAAGCCCCCCTTTCCTTGCATGCATCCGGCCACAAGACTCACTGGTTTAACTTCTGATGGTAACTCGCGTGACTGAACTCGCGACGGGCGTCTATGCACGAGCCGACCTCTGTGACTTGCGCTTTTACCCAGCGCGTGATTCTCTTGTATTGGCACAAAACACATGGGCACACCCGCCATCAACTCATCGTCCTGGCGTAAGCAGAGATACCAGGTCCAAGCTGCCCTCTTATGGTGTGACATGTTTCAGGAAGCGGTCAGGCATATCACCCTTTAATTGAAACGGATTCTAGAATCAATCCGCCATTAGCAAGAGGCCAAACCATAGCCAGTCGACGGCAGCCAGCATTCCCCAACGTAGCCATCCCGTAAATGAACAATAGCCAACGTAGGAAGCCCTATCAACCCGCACCACTGAGGCAGTCTGCCGCCGTATCTAAGTGTGCGGGTTCCGATAATGTGCGAAACAAAGAGGCGTATCGATCGCCAAAGGCCCCAGGGGTGGAACTCATGAGCCGGCGTTCTACCTGACATGTGGTCGCAGCAAGTTCTCACACGGGTCCCTTGATTATCACACAGTATTGCTTCCAGCGTGTGCTTAGTAGACTTCTGAGTACGCCGCGCCTGACGTCCCGTCACTGGGTCTCTCTAATTCCAGTTAGCTGACGTCTTGGTTTAATTCAGGTTGGACCGCACGGTATCCGTTTGACGCTGTGGGTTTTTTTAAACAGACAGCTACAGCGTGAGTTTCTACATCGCAATTGCATAAAGTTAGAGTGACACTTGGGATCGCAGTAGTTATGCATCGATATGTTGATACCTCCAGTGACTGTCTCGAGTCTATGAGTCTTTGAAAGAGGTCACAACGCACCCCCACGAATTACTTTAGCCGGCGGTTACGATACCCCCTTGTCATAACGCATCCTAAGGTAGCGAGTACAGTCCCGCCATAAAAGTGCTGAGGTGGCAGTTGGGCAGGGAAATATGTTTCCGCAGGAGGCATCTGCTCCGCAACCTTGTCCGCGTTTTAGAGGAACAGTACAGTGCTTGTGAGTAGCTGAGTAGGAAGATGCGTCCGTAAACTAGTGGCGACTTAGTATCCAGCGCTTCTCGGCTCACCGGCACGGATTAGGAGAATTACAGCGTGCACCAAGAATCCGATACTCCCCGACTGTCCGGGATCGCTATCCCCATCATTTCCGCCTGTATCTAGAGTTTTGACGGTTGCAAAACGCGTGTGAGGTTCGCACGTCGACGAGGTTGTGTATACCTTGTCCCTGATCAACTGCTTAATACCGGGGTTGGTCGTTCTGGGGCAAGATGTGGTTAGTTACTTAACTGGTCTGAAATGCACTGTTTTGCATAAGGGCTCTACATCGTTACACACACCGTATGTGA,1811,51.13,Mus musculus
SEQ_723951,CACTGCCCGTTGTACTTGTACTTCATGAGAAAAGATGCATGAGGGCGGTGAGCAAGTATTTAACAGGCTCTTGGCGTCATGTCGCAAGTACCTAAGCCAAACTGCTCGTGACAATAAGAAAGCCTCCTGATGCCTTCCTTCACTGCACATGACACACAACACTTGTCTAGCTCGGATGTATCCATACGGGGAGTGAATTGGCCGGGCAGCGATTGATCGACAGGTTTCCTCATAGTGGCGCCGGCTCATGCTCCATAACTATACATTTCCTGGTGCCTTCCGTTTCGCCTCCAAATAAGACTGCGTATGCGGCGGGTTCTCAACAGACTAACATGGGTAGAACAGAGTCTTTGTTCACTCCTCACGATTTATATATCAGAACCGTGTCCCGTCTCCTCGAAATAGCACGCATATTCCTGGGAAACGACTTCAAAAAGCCATTCCGCATTCGAGGAAAACCCGTTCGACATCGTGTTGGGTCATTTGGACACCAGCAGGAGAAGAGACCTGTTTGTGGAGCGTACATCGACCGGTGAGAAATTTGGCGGCGCGTCTACTGAGTCTCTAGTAGTAAGTGATAACAACTAGCAGGGGAATGAGGCGGAACGTAATGGGTTCTACATCGTACGTCGGCAGTTATCCCGAGTCTCCAGGACACGTATGTCGACCTCTGATAAAGTCGTTGTACGCCCGATACAACTTAGGCTCGAGGGCCTGACGGTTCTAGTTTAGCATAACCATTAGCAGATATTGGGAGCTTGACTCGCAGCTCGCCGTAACTCAACAATTCCTTGTCCATATGCTAAGCTCCGTGGAAGATCAGCGCACCTGTAGAACGACGCGCCAGCAATACGAGTAAATTGTCGCGTGTTACTATAAAATAGAGGTAAATTAAGATACCTCTCCTCCAATGTTCTATTCTGTTCAACTTTGAACTTTCTTCCGACCGGCAGGTTTCATGTTGGGGCAACCAACATGTATCGAGGCCACCCTTTTAAGCCCGTAACTTCGCACATAAATGTTGATGCATTTCTTTCGTTACAATTTGTAGATACTTTGCGCTGCTCCTAACTGCGTGGGCTAGTTCGTCTAGGCGGCCTAATGAGGATCAGGTAGAGCCCTCCACTTGTCACTCGTCGAGGTGGACCCCGGAGGCCTTTAGAATCGACCTTGGTGAGCAGTTCTGAGGTATATCAATACAGGCTAAGCTAAGAAGTCCAGGAAATGACCAACGTGTCGAGAACTCTTAACCGTACCCGTGATAGGCGTGCTCATATGCCCTGACCATACTTCACTCGTAGGACGGAAGCGCCTATCGTTCGAGCGGATACCATCGTGATCGAAATTCTAGACCGTTGGTGCCCAGCCGTCGCCCATGGCTTGCCTTAGTCACAATTCACGGCGATTGGCGAATAATGTAGTCTATCCACTCATCCAGCCGCACCGGCCCCGCAGTGTTGAGTCCACAGGGTTACGTACCTGAGTCTTAGACGGCTGCCCCGTCAGTGTTGAAAGTGGATTCGTACCGTTGCGGCTGCAGCCCCGTAGAGCGTTGATTGCGACTTGGATATCTGTTGCCCCGTGGCAACAACCTACCGAGCGATGAGCTCACTAGGTTGCCGTTTGGATACGCGGTCCTCTGAAGTTTGGGGACCCTGGTGCGATTGGCTTAGATGCCACCTCCCCAGTAG,1691,50.62,Drosophila melanogaster
SEQ_324105,AAATAGTGAGGATAAGTACTCATTTAGCATACGACAATGGTCGGTCAGCTGCACAGGCGTTCAGGCCCCCTGTGAGTACGGGACTTCTATGATACCTGTGCCATTTTGACAGTGAAGCATCGTCACGTGTGCACTGTACCGCGAATATCGAGGCGGCACGTAAGGTTCCGCTCTTGCTACGTAATCGAATGTCTCCGGTGTCATCTGAAGTCCAGATCTTTTTCAGCAAGTAATGCTCTAAAGTCGCACAGCAGCCCGATAAACCCTATCCCCGGGGAGTACCGTCAAAGGAACGCATTGATAGTGTTCAAGTTCAATCTGGCCTAACGGGGATGTGTAACGGAGTCTGTTGTCTATAGCAGTATAGATGGACAGACTAC,380,48.95,Caenorhabditis elegans
SEQ_489537,ATGGAACGGTAAAAACGCCGAGGCCCGCGCTTTTCGTGAAATCTGACCATGACCCCGGGCTGCTCCGAGCTCCAAGGTCCCTTGATAGCATACCAGCAGTAGCTGTTTTGTGGACCGGCCCAAATTGTTCTGGTTGTAAGTACTACAAATGCTTGTGGTGGAGATGACAATAACGGGGACAGTTTAGTGTCACCGCGCGTAGCAACGTGGTCAAAAGTCAGCTAGGAAACACCCGTGTGAACTTGGAGTCCTATATCTAATAGACAGCCAGGGTATCGGTGGTGCGTGTGAAGGACCTCGCCCTGACGGAAGGATATTGCTAACTCATACGCGCGGCGTTATTACCTGAGAACGCGAGCGAGTCTAAGAGCCATCCTAGTGGCCTGCAGTTTGCGTGCGCCCATTAAAGGTAAATAGTTCCTCTTAGAGTAGTTGCAAGGCCGACGTTTGACTAGGCACCCTGACGGTATTATTTATGCATGTGCGGTATATGCTGGACCCCTTAAAAAGTATTTGATGATCGCATATAGCTACGCGCCAGATTTAGACGGACGTTGGTGTCCCCACACATTGGGTTCTGGATTGTTAGGCTAAGTCCAGCCGCTGCCAGGTCTCACCTTTGGAGTCCGGTAGGATGGGGTTGGTATGGTGTACGTAATCTTCTGGGAGGTCAGGGGCTGTAACTTGGTGTATACGCAATAGATGATAATCTGCTGGAGCGTACGTGCGTCAGACTATCTAGCAACATTCCTTGCTCCGGTACCTTACTCCAAGGTACTCTAGCAAGCACCTAACTCTTCAGTTACCTTTCTGAAAGCAACTCGACTGCACTACTAGGGGGTCGACTACCTAGCTTGTAATTGATAAACTATTGTGGGGGACATTGTGGCGACAAGAGCGTATAAATTATCGCCC,915,49.95,Caenorhabditis elegans
SEQ_592819,GACCTTTCAATACGCCTTATCAAGGCCGAGACACTGGTGTGTTCCAGCATGACGTGGTGTAGGTTAAACCGACAACTTTTATAGCGCGCAGGACAGATGTCCAACGATAACTCGGGATCACCCAATAGGCCAATAGGCTAGCACGTCACGCCCATTGTGTTCACCTGTTCGTCATGTTAGACAGCCGACAAGGGGTGCGTCGGGCAGAGCAGGCACAACCCCTTGCCCGGAGACGATAGCCTTTGGAGAAGCAACACCAAGCCGTACACTGGATGATCCGCCATAATCTGGCGATCCATAGATCGGTATCATTTTTTTCGACTTATAAGCGTCCTGTTTGCTTCACCGAACGGTAACCGTCTTGATGCGTGCGATTCCTTCTAAGCTAAAGCCTGGGACTCAAAAAGTCGATCCCCCAACTGTCGGTTCTAGAAAGATTCTGTCCTAATCACTGTGACCAACATTTTCTCAGAGAGACGGAACCTAGCCTCCTAAGAAACTTCCAAGTTAATGCCTCGAATAGGTTTTGGCGTATTTAATCGGATCCACATCTGGTCTCTGCGCCAAACGCTGCCTGAACAGATGAAGGCGACCATCAATACGCTCGGGGATGTGTTTAAGTCTATGGGCTGTGCTCCCGTTTACACCTTAGGCAGACATATGCTCCAGTTAGTTCCCAGCCGAATCTGTACAGGTGGGTTAACTAAAGTGCCCACCTGACGGACCTCCTGAACGTGTACATACCAATAATCGTAGGTTTGGACCCCATTTGGCTAATTCGTATTGCTCACGGACTTGCAGGGTTATAGAAGCCTGTTTAGCGTCTCGCCCTGGTTTTGAGTACGATCGCACCATAGTACGAATTCAATATGCCATGCTATAAGT,885,49.15,Escherichia coli
SEQ_213658,CTCGCGACCGTCTTAGCCCAAGGTGGCCAGAACTCCTTGACTCTCATCGAGAGCAAGTAAGACGGGATTACGGTATGTGCTGTGCCTTAATCCGAGGGAGCGCTAGCCTCCACGCGTAGGGCGGGCCATCGAGGCGGTAATGCTCGGCTTGTCCCAGTTTGAGCGACCTCCAGCTCTTATTGGGGCTG,188,59.04,Caenorhabditis elegans
SEQ_887635,TGTGGTACGATACGCTCGCCTAAGACCACTTAAGTGCACATTAGGAGCCCAAGGGTATAAATTCCGACAATCACCGTAAGGTATAAAATAATTTACCCGCGCGTCCTGGCACCCACCAAGTACCAATAACAAGGAGGCAAAACGGCTACTATCACGGGTGTCTTAAGGAACTACAATCTTAATATTCTTACGAGGTTTTCTGAGAGGTTTTAAATTCTGGGCTGGTTCCGAACAGCCCATATTATAAGGGCGGTGCGGGAACGTTATCGGGAACACTGTGAAGAGAAGTTGGTAGACATCTAGCAGTTATATGGCCCGATCCTTCTGGAACGCCTGTATGAATTTGCGAGAAGCAAGATCTCAATTCTCACGGCTCAGGTAAAATAGATTCTTCTTTGTGAACTCTGAGTGGACTATCTTGACATTTGCGTCGCAACTTAATCCTAATGCGAGTACTTCCTCCTCGGGAGCAAACTCGCTGTAAGCCTCAGCTTCGGCCAGTATACATATCATAAGCGTTTAATTGCGCAGACCCGAAGAACTACTTCC,549,45.54,Escherichia coli
SEQ_627238,CGCTGTTCCAAGAGCCCTTGATACATGTGGCTTTGCTGTAGAACGCGGTGGAACCCACTTTACAGATGGCTAAGTCATACACTAAAGCAGTTATATAGAACTGGATCTCAAAGTACCGTGTAGTGGCGAATGACCACCAACCAGTCTACGTTGAAATGGCTTTCAGTTGGCGTAACGCCTGCATATGTAGGCCGATAACGTAGAGCGGATTGTTGTAACCACTCTGTCGCCAGGCAAAGGATTGCACAGTCGAATCCCCACACGTGATTATCGATTACAGCGATTTCGTACTTGAACGTGCGCAGGATTCTGACGTTATCCTGACCTCTCGGGCAAGACACTTGCTGCCGCGC,353,49.58,Caenorhabditis elegans
SEQ_572624,CAACAAGGGAGCCTTCGTGCATGCATTGTTTCCCATAAAGGATTCAAGTCTTCACGCGGAATGCGAATTAGTCTAAGCGAGCATCAAATGTCGAAGGCCATCTGCGTTGGAGGGAACCAGTCGGCCTGAGTCACAACTCGAAAGCTGTTATGGCCACTATCACGCCCTCCAGCTTCAACAGCGCATTTGGACGTTAACTTAAAATTTGTTACGCTTTGGCGCGAAACTATTCTACTTGGATCGGTTGCAAGAGCGAACTAACGGGAGAACTACGCCGACCTCAAATCGGAGAATCCAGAAGCCACAGTCTCAAAACGACCACGGCTTAAGGTGGCGTGAGATGCGTGTTTAAAGCGATCGCACCGAATACAGACTATATGCTGCTAACATTTAAGGTTACAGCCGAGCTCCGTTGAGTCTACCAAGCCTGGAGGAACGTGGAGCCCGACGGGGCAAGCTTATGCGGGAGTGGATGGGCTCTATGGCTCCACCCTAAGGCATCTCGTCAAAAGTTACTCGCAGGGCACCATCGCCTGCGATGCTTATAGTTTAGTCGCACGCTATTACTGCGATGGAGGACCACATTATTTAAATAGATTTGCTTGGTTAGAACATTTTATGACAAAATGATATGAATCACTCCACTGCCAAGATAGCACGCCCATAAATACTTAATCGTGTACGACCTCCTCATATCCGCTGTTTGTTCTATTCAATTGACCTCGGTTTCGGTTCCATGTGTCCATTGAGGAATGGCGCTTGTTCACCGCTCACGTGCAGCTTTTCCGCCGGTTTTTCACATTTTCCGACTTTTATTATGGTAACAGTGGCGCTCGTACAGTCCACGATAATCTGTCCTGCTAAGTGGGGATGGCAAGCCGTTTAGCCCCACTAATCTGAGGAACTCATAGACTGTCTTCGCTAGACCCGCCGAGCTGACGTTTACTGCGGGTCAACACAAAAACGTGTCTCTAAACGTCTTACTTGACTCCGTGCATGTCGTATCTGGTGTCGAGGAAATTCGAAAACAATTAAATCTGAAGATCGTGATGCCAAAGTCTATGTCAATTCGCTCTCGTTTCTCGGCCTGTGTGAAGTATTCTGTATGGCGAATCAGGAGGGCCCCCCGGCTCTAGAGTTCCCGAGGTCATCCGATCTCTGCCCCACGTAACAGTAATTTTTGTCTATTTGCCGTAACCGTAATTTTGGGACGAGAGCGCTTAACGCGCACCGGCAATAGAGGCACAGGACGGGCTAGCGATACCCAGATCCTCAGACAAGACTCGAGTCGAGTCCGCTCCAGCGCTGCACTCACTCTGATGGGAACAAAACTCTAAGCTTTGTGGATGTTCCTGCTGGTGATATCGGGACGCACCGTACAGTACTGAATCAGGTTTGCTGCGTGAGGCCTCTAAAAATATATCCTCATAGGTGGCAGCCGCCATTTGTGTTCGATGCCGAGAACCCCTGACGAACTTAGTGGAAAAAATGTTTCGATACCGAATTATTATATTAATCTCACATAGCGTGATACATTTTTGCTGCGAAGATGTGGCCTTCCCCTTTCATAATCCATAAACAGCGAACGCCTGTAAACCGAGATAGACCATGTGTACTTGCTACGTATCTGCCTCCCTCGCTGGAGTTCAAACGCCGCGCATGCTTTCAGGACGGCCGTAAGGACTTTAGACTCCGTAGACAGACTTATACATTGTCTGGGGACGGAAGAAAATGCTGCGAAATAGGCGGTAAATATGCTCGGGGTATCACGGAAAACTGTGAATACGACCCCAGGTTGTCGCTAAACCGCCCGCGACATCTCCCGTTCTCACGCCCGCCGGTACAGCTGGCCTATTTCGACTACGCGGACCTGGTCACCGTATCCTAATCTCCACAGA,1898,49.32,Arabidopsis thaliana
SEQ_547737,GATTCCATAGATACCACCAATTCGTAAGAGAGGCACTTTCTTCGGGGTCGGGCAGCGGCCGTGGTGTCACTACTTCCTAGCACGTGAATCTTTAGTGTCATTGTGTACCATACAGAGCGCAGCCTGACCTACAACTCACCCGAAGCGGTCAAGCGGTGGTTAAATGTTTACCCTATAAGATAACGCGCGTAATCTCAA,198,49.49,Drosophila melanogaster
SEQ_263906,TGCCAGCACTCCCATCACCTCGGGTGCAGTTGTAAGATTGGGAGTGGCATCACAGACATAGACACCGGCGGTTATTGTACACACTTTCCCGAGGCGTGAGAGAACCAAATGGAGGGTGGCTCGTTGATCCGGGTTCCTTATGGTGAAAAAAGCACTTACCTATGTGCCACCTGTCTTGTCATGCCATGGGCGCAGGGGTACTCGTCGGATGTGCTTGCGTCACTGTCGAGGACGGAGTCTAGGTAGTATCCTCGCGCTGAGTGTACAAAAACGTGAATGGCTGGTAAAAGCTCACGGATCAGGAGTCAAATAGTCCGATGATAAATACTCCTACCTATCGCAAGCCTCCCTCTATACCGGCTAAACCCGATGAACCAATGAAGGTGGTTACGCAAGCCTCTTATTGGTCTCATGCAGATGCAACTATCAGAGTGTAGTTAGTAATCGTTCTTTTTACTAAAACGAGGAGCAAACATGAGTTGCCTTGTGTTCGGGGTCTCGGAGATTTAATCTTCTGGGTCAGCTTGTCGAACAAGTGACTCTTACGTCTACCTACCTCCTTTATGGGTCCGCTACCGCCCAAGCTCCGGTTTTAGATGCGAAGCAATGCGCACAGGCCACATCTATTTAGACCTTGCCTGCACCTCAACACAACATACAGGCCAGGAC,669,50.07,Mus musculus
SEQ_520319,GGAGAACAAGAAAAAACACTGAAGGGACACCTCATTAGCACGTTTGCTGGGTTGACATGATGGTGGAGAGCGTAACCACACCCAGTAACTAGCTATCTTTGTGCTCGTGCAAGGTTGAATTTCTGGACGGTTTGTGGAACGACGTACATACGCGAGGCACAATCTCAAGGCACGGGCATGTAAACGAATAACCATAGACACTAAACGGAGTTCATTCATGGGGGTGGTACAATCACCGATGCGCCATATTGGTTTACGCACCGCGATCACCTACCTACAACCCATACGTATACGGCGTTAGTCCGCAAGGATACCTTGTTCATATGAAAAGTCCTAAACGGACATGATGGTTGTAGATTTAGCATAATCCGGTTTCGAAGCTGCGCTTAAGCAGTTAGGGTGAACTTCGAGTAGATAGTGAAGAAACATCAGAGTCGCAGTGCACGGAGCTCTGGCGGGACAGGGAGGACGCAGCCAATGCCAAGCCAGGGTGATTTACAAGATTGGGTAGCCCTGATAAGACTCCTACATAGTGCGACCGCGGCAGTAGCACGAGGTATTACGTAAGCCGGTGTCTATTTATTAGCGAGTTAACCTGATATACGACAATTATCTCCGCGCACTAGCGTAGGTGTAACGGGCATCCTAAAATTACACTTACCATCGCTGAACTTGTACATCAGAATTGGAATACCTTGCATGAGACTGTTTGCGGTGAGTATTCACTTAGCCTGTGTACAGTTCTTTTGTATAACCGATGTCTGAAAGAGCCTTTTGGCAGAGCGAGGATCAAATTGACCAGCGGTTGGTTGACATTAAGAGGTTGGATTACCTTGCCAGTTGATCAACTGAACGGAGCCGTAGCGTATGGTTAACGCATTCGCGTACGTGATCCTAACCTAACGTAAATAGTCTCTACATAGCAGGTTATATCGTTATTTTTTTTTGGAGACGCCCCAAGCTTTGGCCGTGGCTAGTACGATCAACTTGCACCGTGGGGCTCTTTGGCGAGAGAACAATTTTGGCGCATGCGTACGGGGGTCGCTTGGCTTGTTAGATATCTCTCGGCCCGTTCAAAAAGGTACACTTGGTCCATAAACCGAGCCGCTTACATCGCGGGTGGTGGAACTGGGGCTTTCGGGACCCGCCGAGAGCCGAATCTAGGATGGCGACACGGGTGGGACCAAGTCGATCCAGTCTTACTGGTACCGCCGGGGCTCTGGACTACCACCGAAATAAAGATAGTGGGTCTAGTAGTCCCTAAACAGCTCTGTGAGGGCTAATTAATATATCGTTCAGGGGTTGGATGCCCTGGAGGTTCTGGTCGAGCTTAGGTGTTGCGGATACTTTAGAAGGACAACCTAAAGCGTTCATACTGAGAAATATGCACGGGCAACGCAGTTACCGCTACTCACCACGCGTCTGGAGGATTTCCTACTCCATGTCTAACGTCCAGTGTGCATTGGAACTCTATGCCACAAACCGCTATGCCTCTACTGTTGCAATCTCAACAATTCTGGAGAAAGCATTCACTGTCTGTGTAACATGTGAAATAGTATCGTATGCCTTCCCTCCCAACGATCCGTCAATGTATGGGCGTAACTTGAGGAATTGCATCGGACAGCGGAATCGTCTACCGGAGGACTGTCAAACACTTATACTAGAGAATCCTAATTACCCACGGATGAATGGAAGGGAAGGAGCCTATACTGATTCCAGTTAGGTCTGGCTGCGCTGGCGTCCGTTCCTACTATGCGTCGACGTGATAGGACCCTGCACCCTGCCCTACC,1790,49.05,Homo sapiens
SEQ_638329,GTGAGAACAATTGTATTAGGCACTCAGTTGCGCGCGAACACGTGGGGGGAGGTCTGCTATCTTAGGCGTCGCTTCGTTGTTGGACTCGCTGCAATTCCGCTAATTTGGCATGTCACCTCGATGGCCGTTACTCCGCTCATACCGCAAGGTCCAACCTCCAAAAACCCGGACCAAGCTTGTTCCTTGAGTCGTTGCTGTCCGAGTAGAAGCTAGAGGTACTGTATAGGAGACGAGATCACCATAAAACTAAGTCCCGGTCTATTTTCTACTAAGTCCGACATGTAGGTACGACAAACCCAGGAACACGGGCTTGGGGGATTCTCTTCACCGTAATTGAGTTAGGGTATCGGGTAGCCACCCCAGCCCAAGGTGTGGTTAGGAAAGGGTCTGACCTCGATTGTGGGAGGGCCAATGATACGTCCATTGACGACTTGTGCTCGCTCGCTAAGTTTAGAAAACGTCTGTGCTATAGTGTCCAGACGCCTGTTCTTTTACAATTACATTGGTCAAACACCTTTGAATATGTCTGTAGCCTCCGAGACGTGGCCAACGACATTGGGCGAATATTACTCGTAGTATCGTAGGTACTCAAGCAGCGTAAACTATTCCTGTCTTTGGGATGTGATCCAAGCCATTGCTGCTCAGAAAATCGGTATACTCTTTACTCTTGGCCGGTAGTGGCAGTCACGGCAGAGATCGAATTCACCAGGCAGTGCATGCAGCTGAGTAGGTGAACACATGGAATGGGTCAGTGTTGAGCTTATCAGTCCTATGCTGGGACACGTTGGAAATCGGGCGTTTCGAGCTCACGGGTAAAACGTATCTACCCGGATCGGCTGTAATGCCCTCATCTAAGGTAACATAATGAGGCCCAGAATTTGGAAACGCTGTGTGCGTACGTGCCGCAGATACAGCTCAAATACTCGCGTACCGGGGTATTAACACTACCCGCGTGCAAACCTCTCTCATATGAGCACATATCTGCGAGTGCATTCTGTCACGTTTTCATAAAGGTAGAAGACGTAGTGGGGCCCAACTTAGTTACCCTGCCCGACGGGTCAGACGGAAACGTCGGGTGAGGTGAATCCATCCCAACTTCTATCAAGCTGCCCCACCGTAAACAGGTGGATAAACATAACACTATTCTTACTTGCCGACGTTGAGCAGTCATCTACCGTTTCGGCGCACTTTCATTTTTAGCAAGGCTCTGACCGATAGACGTAACTTTATTGGACCTCCGGGCTGGTAACCGGAACCTTAGGCCCTAAAACGGGATTCGGGCGAATTACTGATCTGGCTGCGTGAAGAACCGAAACAAGCAATTTTGGACTCGCGTCCCACTTCCGCTTAATTGGCCTGCTGGCTGCAGTTTCTACAAGCTCCACAACGCCTACATCAGGGTATCAGCAGTTCATTCTTAAGTTGGACGGCCTGACAAATGAGCCACAACTGCACTACTTGCTGTCGTCTATGGCTTATCCTCGCCTACGCGTAGGTATCATTCAGTATCCACATCCGAGATATGTAAGTGGCCTGGATAAGTCCCGGATAAGAATAGGGTGCCCGATTGCAACCCCGGCTGACAGATACTTGGTAATGCTACGGTATAACAAGATGCGGACATCTGTCCCAAGAATACCTGCAATTCCAGGATCCCCGGAACGTGACGCGCTAGTACATCT,1682,50.0,Escherichia coli
SEQ_457282,CATGATGCTTAAAGGCCCCCTTCGACTACTTGACGTTTTTCGCAGATTTCCAGCAGATCAGGGGTATCACCTTAGAGTAATTTCCCTTACGTCACACTGTTGGTATCAGCCCGTTGAACCACTATGATCCCCGTAGCAAAGACTCTTTACACTATCATAAAGCACTTCCAACCTCTACCGCATTGAAATCAATCTCAAGGCGAAGAGGGCTGCTAGCGCACGCATTGGCCAGCCAGAACGAAACCCTAACAACACGTTCTATCAATGTCTCATCAGGCTTTTGGGAAAGATGAAACTACCGACGCGCTAGACGACAGTGTGCTCTAGAGTATTCGGAATCTTAACGAATTGCGCTTTTAAGAACACCCGTAGGCTACCCTACGGGAAGAGTAAATGCAGTGTCGCGGGTACGATTAGATCCGCAATGGCAGGCGGGCTATTAAAATGTATGGGACACAGACTCTTAGCCTTCCCCAGACTGCGCTCGTTCGCTTCCATGGCTTTATAAGCCCAGATCCGAGAGACAAGTCGTTGTTAATTAATAGTGCAGCAGTATACAATCGACACATTGTTTGCAACGGGTGTCACGCAAATGGGCCATTTCACGATTGGGACCTTGCACGTCCGACCTCCACGATTTTTTGCATGCTAGTACAGAGCGCGTACCTGCAACTGTAATTCTACATTATAACCCAGAGCAAATTATCAAGTTTAGTGGCCATGTTGTCGAGCACGGGTCATCTACGCCTGCTCTTGTGCATGATAGAGTGTCCAGGCAGTCAGCTATTTTAGAATTTAGCCGTAATCGAACGCTCGGTGGGGTATGACAGCGGTGAGCGCAGCAACGACTACCGTCTTCACGCGCTGGCGACGTTCCGATTAAAGCCGGCGGTGACAGTGGCAATGCCCCGG,912,49.23,Drosophila melanogaster
SEQ_437267,AGGGTACTTAAAGTTCTAAACAGGATTAATGGGGTTGCAAGTGCGCATCCAATCTACCAAAAAGTCATCTGCGCCCGACGTGGTTGCACGCAAGAACGGTCGAACAACCTTAGCCCACCTCGTAAAACTTCGCACTCCACTGATAATCGTTTTCCAACTCCGCCAAAAGCTGAGATTGAATTAACTTCAGCGTTCTAATCCCCGCAACCCCGAAAAATGAAGATGCACTTCCCAACGCATGTATATCATCTGCA,254,46.46,Mus musculus
SEQ_232606,TGCGCGCTTGTTACGACAGGCTAAGATGGGCACTTAGTATAGGAGAATAGGTAAGTAATAGATGGGGCACCTTGGCTAACGCCTCTAGAGAGTAGGTGCTGTGGTGGCTACATTTCCGCGGATGATTGATTACGAAACCAATCCCTCGGAAGGTAAGGTCACCACGGAAAGTCGTGCGAGGTCCATGACGCAGGCGGGCTGGTGAGGGATAGTTACATTGCCTTAATATGTGTTGCCAGCAGAGACCACAAGATCGTTTGACTCAACAACGCTTCTCATTAGACCAGCTACGCCTTTACTATCGTCGTTACACACTCTTATCCATTGGCGGTGGGCTACTACTCCTTGAGCACATGCGTAATCGTAGCTTAAATGCATAGCCACGCCATATACCCCCTTGCAGGCCTCGTCAATTGTTATGAAAATTCGTTACCCCGTACTTCAACACGTTTCAGTCGTGTCTCATGACTCCTGTATGACCCCTAGGGGCCGTGTGTCTGAACTGATGGCTGCCACTCCCAATAAGGGCGTACAGTGTGTGGTGCTTCCAGGCTTAATAACACCGCGGAGCTCCCGATACTGCATCGCACAGCCGGATCTAGATCCCATGTATGTGGGGGAGGAGACTGAGGTGCTCGAAGATCTAGGTCGTTGAGATCCCTAGTCTAGCACAAATCACTTTGGTAGATACCCCTTCTGCTCACTGGGACACCATAGCCTGCAGATTATAGTGTGAAAACGGCCGGGAACTGGTTAATGTCCAGCCTTTGGACTTGTCTGCGTAACGAAGTGTAACCCGTTCTCGCTATTCCACACTGTAAAATGGCGCGACCACCCTAGTGCTTTCTCTATGCTAGTAGGGATGAGTACCATAACCTACTCACCGGTGTGCGTTGTTTCCCTCCTTTATGATTTACTCTCGATATTCACTTGGAATTCTCAGAGCCGACTGTACTAGGGTCGCGTAATAATCG,974,49.9,Caenorhabditis elegans
SEQ_641747,CATCTAGCAGATACGAAACTGCGCCCGCAAACCGGTTCAGTATGATTTGGCAATCAGAAGGATTGACTGTGACATCTTTGCCAAAGGATTCCGACTCACCTCGGGTCTCGGGTTTGCAGCGACGCCCTAGATACTTATAAGGTATTTCTCAGTATCTCAAATCTGGCATAGTTCGTGTGAAGGTCTGGGCTACGCCAGAGGCTTCGCGAGTAAGCGATCCCTGTTCTTGAAAAGGTCCAGACGACGTCATCATGTGTACCGCATAATAACGTCGCACCTTTATTTTATACTCGAGGGGAAGTTGTCTCCGTAGCAAGCTGTCCCGCTAGCAAATCTTCTACGCGCGGCTCGGATGATAGAGATTACCGAGATCCCCCACAAGTCCATGGTGATAGCGCATCGAGAAAGGAAAACGAGGGTAAAGGGTCCCGGGGGCAATCATAACTATTACCTAGCACTTCGCCACTACTCATAGCTTGGATCGCGAGGGCCCAGAGAATCGTCAATATACTACAGCTGAGTATGTTGATGAAGCGTTTCATCGGATAGCACGCAACGCTCTGCAGGAGCTAGAGCAAGTGGTTAGATTTACCTCCGCATCAGTAAATTTGCGCTGATACCTAACAGGTGCGACCGTGGCGCAACCGAATGAGCGATGGGAGCCCATCGCGCGTTGCGACATCGTGCGTAATGTGAGGCACATAGTGGTTGATACAATCAGTGCCCAAACGAAAAGGAGTAATGGCCACGAATATTCCTACGTCGAACAACTGTGACCCAGGAGTTAGCATACAGGGTTCAATCTGTCGATCTATTGGTGAATACCAAGTTCAAAAACTGCTTTCGCCGGCCCAGGAGGCGAACACTAGTTTCCAGATCACGACAAACGGGGGATATATCCACATGCCAATTGCCTCCGTGAATCCTAGATAACACTCATCCCGGGGGCTATTAACCGTGCTACTCCTGGGCAAACTTGGTGATGGACACGGTGATGTATGTTCCCTTGAGCTAAGCCCCTGCCCAGTAGGACACCGATACAGCTTTTCGGTCCTACGATACCCGACTTGGCTTAGTACTAGAAAATGTTTGGATTCTCACGGTACTGCGAGCAATTGTACCCGCGAGTTTACGGCGAAGTTCTAACCGTGGTTCAAGGGACCGGGAGGTCCCCTAGCGTTGTCTTTGATTATACAACTCAGGACCGCTCCGCTCGCGCCGGTAGTAGGACTCGTTTTGAACGCGGTTGCATCCTGCTTGAAAGGACATACAGCCCTAATCCGCATAGCAATACCCCGTCCACGCAACTGTATCACTTAAGAAACCGCTTCAGCATTCGTTCCGTAGACAGAGAGGTAAACAGTTTATTTATGGCGACTCACACAGTGAAGAGCCCAAGCCGAATGACCCGTCCCGGAAAGCGTGAGCGTGAAGCACTGAGGACGAGGACAGATTGT,1457,50.58,Arabidopsis thaliana
SEQ_957029,CCAAACCTTGCTAGGGCGGTTACGTCTGTTAAAGAGGCCTCTCAGTGGGGTAACGGGGGGTCACAAAGGTCTACCTGGGTAGAGTTCGAGCCTGACAGGGCTTGAATTCAGGGCCCATATTCGAAATGGTATCGTTTGACAGGGAGAACGACGACGTGCCTGACTAATAAGATTGGCGGGGGTAGAGGTAGTTTATCTCCATCTTTAAGAGACGCCGGGCTCCTATGGGCTATTCTGCCCTTACAGGGCAATCAGACTTGCAGAAGGAGGACCCTAAACTTAAGCCATCGATGTAAATAAGCTCGGCAAGCCAAGTTGAGGGCCGTCGGCACCGGCTGACACTATAATGATTGCTTCTTAACGGCGCTGCGTTATAGGCCGACAATCCCCTCGATGATCCATGTATTAGCCCTTAAGATAATGGAACCATCCCGCCCCCCTATCAATGTCCGATGCTACGCCGATTGGGAGGTGTTTCTCGGTGTGCCTCAAGGACTTTTCCCAGAGGTATTAGCCTGACCTCGGGAAGCGGACCTGTTCAATACCAGCGCCAACCAGGCGTACTAAGCCACGAAATCTATCAAGGCCGCGATGAAGATCGCTAAAAATGCGCACTCTTCACTGGTTCCAACATCGCTACAACTGGCTGCTCAGGGAATGCTCCGTCAGCCGGGGTACGGACGCCGTTTTTTCATAATTACCCGCTGAATTTGGACCTCCTAAGATGTATCAACACCATATGCTATTGTCGGGTCTGCAGATCTTATAAGTCGTGTAAGATGACCTGTGAATATCTCGCTGGGCCGTGACCATTCCTCCGGCGGCGGTTCTAATGAAAAGATTTGTTCCAATCAGGAGTTTAGAGTTAATACCGTTATATGTGCGGGCTGAGACCGCCGGGTGCTGGATAGTCGATAGTGCCAGAGAAAATGAGTCGCCAGCACCAAAACTTGCCACAAAACCTATCCGTACAGCAGATTTTTCTGTGTCACGCTGTCCCCCCGAGCTCAAACGTATGCGCTCCAATCTACTCTAAATTACCAAGCCTCACGTAAATTTGTCCGGGTATCGTATGCAAATTGCACAAGGTCCCATCACGGTCTACCCCCTTAATACCTCTCTCCACCTTTCTGGGCTAGTAAAAGCGTGTTCGATCTAGCTAGCAATCTCACTCTACCAGAGATTAGATTATCTTCGATTTCTCCCCAGAACGCATCGTTCAAGTCCTACTCCACGCAACTGAATTCTGTCCGTATTTCGCCTGAGCGATGGTTGGATGTTACCGGTCGGGTACCCCACTTCTATTTTCGCTAGCCCGGCTCACATGGGAGGTCAATGGGACCAGGCTGCCGTAGCACCCGGTACACTGTTTTGATAAGGCCCGTGCTCATTTTGCCGGTTGTTCAAGAGAATGATGCGTTTGTAT,1426,50.49,Drosophila melanogaster
SEQ_340632,GAGCACAGTTGGGTGTAATCGGGCAGGGACCACGTCTCTCAATAGCTGAGCGGCCTTAACAAACACGCCAGATCTAATAAAATCTCTCTGATTGATAGCGTCAAGTTGAGACTTCTGAGTGGCGCAATTGCGCTTTTAGGTTCAATTCATCATTGCTGAAAAGCAGGAAGCAGTACGCAAACTTGGCCGGAGAATGTTTCGGTCTTAACCGTCTACATGCAGGAAGTTACAAAGCCTCTCCTCAGTGTTTTGCGGATAGGGCAATTAGCAGGAGAGGACTTGCGCATAGTAATAGTAGCCACATTCTGAGCAAGATGAACTCAATCGCGGGTGCTCACGGAGAGATGATAAAGTACGGTATTGCACGCGATAAAGAGTTAACCTTATTTTCCGTCTTGGTGGAATTACAGCGTCCTAAGTGCGTAGGGACCGGTAATGGTGGTGTGGTTAATTCGAATCTTTAAGCCCTGTGGATTAATTTGCCTACTTGCGACGCAGTGGAGAAGGCTGGCTTGCTAGATGTACGTTATAATAAGCTCCAAGAGGTAGAAACTCGTCTCGAAAATTAGACTGCCA,576,46.35,Homo sapiens
SEQ_376224,GCTGTAGGCCTCCTGATGCTGAGGAGCAATCAGGGGACCAATGGTTGTAGGCCCGCTGGGCGACTTTAGTCGAAGGATTGGCGTTCGTAGGATACGCCGTCTTCTAATCCGCTCGGCTATACCGCATCCATTGTCTGTACATCTGTCAACCAACGAGTCGGAATATGGCCGCCTGACCCGCGGCGTCATTTCCCTTAGCACAAGTGTTTGGCCAATCGCCCGTTCTAGTCCATCAGGGTACAGTGCGCTTGAGCTGTGTTACGGTACCGTGGTAAATATGCAATGTAATTCCGCCCGGGTTGGTCTTATCATCTGGTTGTGAACACGTTGTGGTAACGTCCACCCGCGCCGCTCTAAAGACGGGCCTCCACTGCGATCACCGTGGAGGGAGTCGCACTAGTAATAGACACATGTTGTTCGGTTTGCACTTCGGTTGCTAGTACCACTTTTGCTGAGAAAAACCTGGCCTGGCGGGTATAGCGAAAACATTTGATATCCTTAATGCCAAGACATATAGGTTTGGGGCTTAGCGACACCGGCAGGTAATTGCCGATACCCACATGAGTAAACAACTCAACTTAACTACAAACTTTGCGGTCAGGGAACCAACTCAAAAAGGCATGAGTCTACTACCTGGTTCACAGGATTGTCCCTCTACCTAATAGAGCGTACTCATTTCTAACTAGGGAGCAGTGGTTGGGGTAATGCGCGATCCATAGCGCAGAGAAATCTCTGCGAATAGTAGGTTCCTGCCATCGTGCAACTGTTCGGGAGTTACAACGGGGTTATTGACACCTGCAATATTTTTTGGGGACCTTCGTGTATAAATCCCACAGGAATTGCTAAGGGACTTTGAGTTGATAGGCACCCAGGCATGAACCGTGCGCCGCAGAAAGATCCTAACGCGGCGAATAGACCGTCAGTCAGGGTACAGCCATCCAAGATGAACTGGGGACCATACCTCCTTTATGTTAGGAGCAGGCGTAGCACTGTTTACTCACGCATTCTGGCACATGATAGTGGACCTCTAGTTACACTCCTGAGCCTTAATTATGACGTTATTGTTACGCCGAATCTCAGGAACGTTCATCCTCATATTGCACGGCGGGGTCGGTACCAGGTTGGGTTACAATACTCGATGGGAGCGCCTTCTGGTGTGTTAGAGAATTTCTCCTCGGCCCCAACGTTATTTATGCTTACATCCGTTCCGACCCCGCCGCGTCTCAATTAGAAAACAATAACATAATTTTCAGATAACTCGTAAACTTTCGCTTTTGACCTCCGTGTCGGATCTGGAAAGTTCGATCAGGCTTTACTGTGCGCTGACTAGAGTAGAATTCCCATAAAATCCTATGCCTAGGGTCGCTTTTGACGTGTGACCTTCTATCCCGCATTCCATATCTATCTACAGTGCACGACATCGACTTGATTACACGGAAACAGTAAGTCCTCTTACGG,1458,49.38,Arabidopsis thaliana
SEQ_481720,CTAAGATGTCGGAAGAACCAGTTTGAGAAGTTAAACGTTTAGCCATGACTCCGGAGTACAGCGGTACTTTGATCAAACTCACCTCAAATCACCGCTACATCCCATCCGTCCAAGGACGGCATCGGCGCCAGAAGAGGACCTAGCGCGATAGGATGTAGCCAGTCATCTCTATCGTTGGCGGGACTAAGTGGGGTACCAAAATGCTACCAGCTATATTGTGGTACGGCGGGACACGGTGGGCGGCCAGTTCACCTCGGACATAGTACTGCGTTCAGGGCAACCATGCAGTAGCCTAGCCACCTAATAGTCCCAAACATGCACATCCCGGAGGAAGTAAAGACGTTCTTATAGTGATGCGCCTCATCTACTTTAACGGTTGGAACGGCTTGGGGTCTGGTGTCGCTGCAATGGGTCGTTTATCTCATCTCGTTTTACCTACCGGGGGAACTCGGAAAGTATGTAGTTCATTGTCCGGAATTCTTTGGACAAACGAAGCTGCTCTTCGAGCAAGAGGTCGGTCTATACACTCGGAGACGACAGACATTGCCCCGCGTTAAGCCTTAGATCCCTTTCCCTAAAAATGTATCTCATGGCGTAGGTCGCTAGGCACCAGTACTTCCAGTATTACATAGCAGTATATCAACGATGATACCTTGACCTCGGCTTTCGGCATTCGACACAATAGGGCGGCGTTGGCTTAACCTATTGTAGACCTCGTCCACCAAGTCTAAAGGTCGTCAGCCATCGTAGACGATAGCGCTGGCACCTCCCTGAGACATGATATCATAGTGTAACATATGGACAGAAGACCGCTCCAATCGCACACACCAAACCACGGGAAGCAAATTCCGTGCCATCGTCAGAGTGTGTAAGCCCCAGGGAGGATGCTCTCCTTTCTGGGGCAAGTCTTTATTAGTTGGGCGCTACATACTAACAATGTAGAAACGTAGGAGTGAGGGACAACGTTGAGCGCTGTATGTACCACTAGACCAGGGCGATACGGACATGAGCCATTGTGAAAGGCATTACCTAAATTTGTCTGTCGACCTAAACGAGGCGGTTTTGAAACCTTCCAACGCAACTTATCCCCGCTTTTCACCCTTGAGAGGCGGATCTAACGTAGGTTCGATCAGTGGTAACGGAGCACACCCTGAAGGGCGCAGTGTTTCTGCTTATAGCCAAGGAGACCCGATTAACGGTTGGCGCTAATTGCCATACAGGTCACCGTTGGGGATCACTGCATCGGACTTTGAATTCGTGTCCATCGATTATCGTGGGAAACTTGTGCAGCCCCTGCCCCTCCGTAGATATCTGCCCGTTCTTTTGAGGCCTCAAAGATTCCTCCTATGTCGCGGCAAAATTTACTGGGCACCCTTTGGACTTCGGACGTGGCGAGATAGGAAAAGAGTACCCGACCCCACACATTCTAAGCCACCACATCGTATGAGAGAACAGACAATCTTGGCTGCGAAGATTTCGTCCCTATTCTCGAGCCTTCTTACTATCTAAGAACGGAGGGCCTACTGGTAGAAAACATCGTGAACGTCTTCCTCACGCTACCGTGGGGCCCGACCGCCGCACTGGCGCAATTTTCCTTGCAGTTGACTGCAAGACGAAGTCAAATTTGGTGATCGGCTGGCGCACCTACTGCCAGGCGCTGCGAACCGGTTCCGCAGTCAGTGTTTTTTCGCGAAAAACCGCTGGATTTCTTCTCAAATCTTCGACCCGTACACCACTAAGGATTAATGGAGATGGTAGAACGG,1763,50.88,Homo sapiens
SEQ_623567,CACCCTTGGCCGCAAATTCGGCACCTGAAATGCATATCCACACGGCTCTAACGATCGCCTGGAATCCTTCCCCGAGCCCTTTAAGTTTTGTAGCGAGCAGCTTATCCGCGACTGCCGACAGCCGAGGGTCTTATTGTCTTGGTGTTTACGCCAATGCTTGGCGTACCCGCGGTCCTTCGGGCGTGTTAGAGGCCTGGACGGTGGGCTTAGAAAGTTGACCCTTCCAACTGAATTAGCATACTCTCACTACGGGGAGTGGGGAATCTCGGACGACGGCGTCGCGTAAGGACCTCGCGCTTGCGCTTGC,307,57.0,Caenorhabditis elegans
SEQ_721737,CTAGGCGAAGTCAGTTACTGCCCAATGCAATCTCGCAATATTCACCTGGGTTCACGGATTAATAGTAACTTTCGCTGCATTACTTCTAGTCTCTATGACGTAATGCGTAGCGCCAAAGGTACTAGAGTGAGTCTGTTCTATCTATCTAGAAAAGGCAAAACCAACCCTGTTCGGAACTACACGGAAGACCGCATGTGACGAGCCCGTCTGTCGTCATTAGCAAAAGCGGGAAATTGCTGACACATCCGTGTTGGACTTTCCATGATGTACGGTATTGACGGCGTTCTGAAGGTGGGCGACACTTCTAGGCATAGTTGGTCAGGAAAGGCGTATGCAATAAAGAGCTATTACGTGCCGCTTACGTCTAGGCATGACTGTCACTGCGTGTCCGCAAGACTGGGCTACTTTCTCACAAATTCCACCTTGTGGCGAATCGCAGACGGCCGTTAAATACTGTGTCACCTAGATTCTTTCGACCAAGCCGCTAAGCTGTCTAATTGCCCACCCTTTGCAGCGGCGACCCGGTGTCTCGACTCGGGCTTCGGGAACCGAGAAAATGCCTA,563,49.73,Caenorhabditis elegans
SEQ_541715,ACCACTGGGTAGGGCGCGGACATGTTAATATATGTGCTGCCCGGTAGTAGCATATAAAAATAAGACGAACGGCGTACGGTGCGAGGGATAGGGAGCACGACTAAACCGTAAAGGGGGACGTCCGCAACCCAGTACACGACTCAAACAGTTGGATCACTGGAAACTGAGTCTCTTAACGAACAGTCTTTGGAACTAGCACATTAACAAAGCGTTCCAACATACTCATACGCGATGGTGCACCCCAAAAGCCTAGAGAGAGGTTCATCTCTGTGGTGGTTATGAACCAGCCGCGTATTAATACGAGTCCAGGTAGGTAGCTGTATGAAATTCAGAACGACCAAACGAACTATGCCGTAAGTGCTGGTTCATATTTACCTAAAGTATGCAGGATGCGGGCATAGTAACGAGAGTGTGGAAAACACTTAATTCTTTAAGGCGGCCTCCCGGCCATTGCTTGGGTCCTATAGGCCACAAAGCGGGGATCATTTCGCCGGAGTGTAAGTAGCCAGAATATCCCAAATTAGGGGCTTCCAATCTTGCATGCGTGCAGCCCGATTCCTAGGTTCTGACACATGAGACTAACGGGGCTCTCTTAATGTCCGAACAAACAGTCCAGCCCACGTATTTCTGCGCGGTCCCCTCCCGAGCTACCTTGTGCAGCGCGATCTCCCGTGAATATCCGAGTACCATAGCATGGCCCTCTGTGAACTCAAATCAACCGTCGCGATGCAGTTCCGCGCCAAACGACTAGCACCGTACTATTCGCACCAATGTTAAAATCGCTACGTACTGGACAACCTCCCGTAGAGCCCCCGGACAGAATCGGGGTCTATCTTTCCTCCCATGTCATGTCTGGCTATGGCATCACGTTTTTATATCGAACGGTCCCTCCTTCGCTGTATTGCGTAATATGTGTACCCACAGGTCAGGGAATTAGCTTTCCATGTTCATAAGGAATTGTTTGACTGAGCAATCGGGTCTAGTGTCCAGCGCCAAGGGGTTGGTACCCTGTTCGACACGTAACCCTTAGAGATGGTCGCCGTGTCTTTCCTTGCTATAGATCTCTTTTGCTCTCGTGAGAGCAAGTATACCAGACGATTACTTTTCCCGTGGGGTATCTGCATCCGTTAGATCATGGTAAGGTAACTACCTACTCACGACTTAGCTTTAATCCAGTTGAACACCGAGACCAACGATTCTATTAGTCCCACCCTCCTGGCTCTCTTGTGTGGTACCCTCCGTTAGAAGCGTGTACTTACTTAGAGGCTTAGGTTTAGTATGATACGGGCAACCAAAGGGAGACTCAACTAGCGAATATAGATCTGAGCTGATGTGTATATTATGGACGTGTACCACCTGCGCTCCCTCTAAGCTGCCTGATAATTAGGCACGGTCCGTCGGAAGAGAAGTTAGTTATGTATTTATAAAATGAAGGGAACATGCACAATTCTTGCTTCCCA,1460,48.7,Drosophila melanogaster
SEQ_144728,GGTGTTTGCCCAGGACCGGGCTATTACGATGTTGGCCGCCAAAATCCACAAGCACAAGGCCGTGTAGTTTGCCTAAAGCGAGGTTGATCGGCAGGACTTGTCAGGACTATAGGGAGTTTAACTAGCTAGAACGACGAACTCAGCGAGGCGCCTCCATTGCTCAAAGAATCCCTGCGGCACGTGTATAGTAGCTCCGGCGGTTGTAGAATAACGAGAGTCCCAGTTAGAGGGTAAACGTCGACTAAACCCGAACTACCCGTTTAACTACCCGACAGGAAGATATGAGTTGGCACGCATACCAAGTGATTCTGCAGTACAACTTGCACTCTGCGGGTATTGTTACATACCGGCGTTAGCGGCTCGGGCCATAGCCTCGCGTCGTTACTCCTGCTCAGTGTTGTGCTCATTAGGGGTCAGCATATGGTCGCGAGCCTGAAGACGGATGACCAGCCTAGCGCACTACGCGCGTAAGTTGAATTCAGTTGAAATATTTAAAGCGGAAGACTCTGGTGCGTCTGTACACGTTGCGTATTCGCAATAAGTTGTGAAAACTGATCCTCGCATACTACGTTCGGGACATGTGAAGTTGGAAGTGCCCGCGTAACAGAAAGAGGTATAGATGGTGCACGTCGTGCGACGCAAGCCTATATTGATATAATTTCCTTTGCGTTCCGACCAACGCCGACCAATGATAGCTCGGGGGACGTGTCTGAATAGTTAAGTCACATGCCATCCCAGCTTCCGACATGTAGACCCCAGCGGGGTGTTCATCGAAAAATGACGTTCTTACGGCAGGCGCAAATTTAGGGCTTGTCAGTATCACCTGGACCAGAATAAAGTAGACCCGGGATTCGAGGACTCAGTTGGTATATTATTACTCGGAATCACCGAGTCAACCGATACAAAAGTACACGCGTAAATGCCCGCTTAGACGGGTGGGGACATTGAGACAAAGACTAAAAGTTTAAGGACAGACAGAGGGTTACCACGTGTGCTCGACCCTTGGTCTTCCCTGTTGATGCGGTCTAACTGCCCGTCGACCCCACAACAGCTGGTCAAACAGATCCACGTACTTCGCACACTAACAATCAGTCAGAGTAACTGAAAACGGATGCATTTAAGTTGCGCTCTACTTACCCGTCATAAGGGGCCTGTTTGATGCTGGCTCACCTCTCGACGCTACGCCGTGCCAAGTTTTGGTCCTTTCATTCAAGTACACGGATGCAGCCGATGAGTACGCTACTAGCAATGAGACAAGTACGCAAACTTTGGGGTCCAAATTTTACAGAGTAACATACTTACCTTGTTCTTTGTAACGAGACCCCGGTGCTCTGGATGAATCGTGAACTCGGACTGTTACCACAGGTTAGGAGTTTCCTCATCACTCTACCATTGGCCTCAACATCTATTGCTAAACCTGTTCGCTTATCATTGCTCATGGCTATATCCTTGCCTTGAATTACTAAGCAAAACGAGACATTTCAGTTGGTAGTGCAATATTATATGTTATCCATTAAAAGTAAATCATACCAATTTACGAAGAACTAAACTACGTAGCAAAGAAGTTCTTGGGGAGTCAAATTCGCGTAGTTTTCTGTAGCGCCTCCTCTGAACCCCTGCTGTATACCGAATTCCCTAACATCTGGCCCATCACAGCTCGCGTGCACATTTCACCTCTGTCTTGTCTGAGTGTTAGCGGGCTAGTTTTGATTAATACTAACTACATGTCCATGAAAGGAGGTGGGGATTTGTCTTCCCAAAGAGGTTA,1768,48.08,Escherichia coli
SEQ_404734,ATAAACTGGTTCCGCGGGAGTCAAGACGTATCGGAAGCCACTTTACAAGACCGGATATCTGCTGATCGGTAGATCATGGCCAATAGTGCGCCATAGATTTTTGATGATGAGCGTTATATAACCTGATTTTGCAGTCAGTGCGATTACCGGCTTCATAACCTGCTGCATTCTAATCATTTTCCCCAGAGAGTACGGCTGTGCGCTGGGTGGCTTCCGGCGTGTAGAAAGAGTCGGTATATTTATGCTTGAGCCGGCGTCGCTACGGTTCGCAAAGTTGCCGACGTGGTATGATGATAATCTCACTAAAAACTCCGAGGTGCCTGATTGTAGTAACATGAGTAGCAATATATGTTCAACTCATGAGGCAGTAATGTTCCGTTTCCTCCGCGGAAAACTAGGCGAGGATCCGAGCAGGCTGTGACGAGGCGTCCAAGATATGCGACACTATCCACCAACCCTTCCAAAGAGGGCACAGCAATTGGTCTATTTCACTACCTACCCGAATCCTGGAATTACCTATGGGATGGAGATTAAATTATTAGGTCCGAATAGGGCGATAAATGCGGATTGGTCAATGCCGATTTGACTCTGGATGTGTATCATATGTCGTTGGCGCTCCTGGAGACGTCGGCGTTCGGGTCTCAAACGGTAGCTACCGCAATATTTCGTTTTGTTGGAATCCCCTACCAGATATCGGTTTGGTATGCTGTAATTCCCTTTCACGCGCGAGACATAGCTCCGGCTGTGTAATACACCTCGATCTGTGGCCAACTATACACAGCGTGCCGTCCCCGGCTAGATGCGTTGCTGGCTGCTTATGTGGTACTCACCCGCGATTTCACGTGGTGGGGGGAATCATCATCCTGCCTATCCAAACCAACAAAGTCGATTGAGAAAATTGCACTGTGATCTCTTATTATAACCACATCAGTATGCCAATGTATTGCACAAGGTGATGCGATGACCGAAACTCGTTATTTCAATGATAGGAGCTAATCTGGTTACTAGCATTGGTGTATGGGAAATATCATTTTACGTGCAGTGTCCGTTGTAATGGTAGGAGAACTGCGCTGTAGGGCGAGTCATCCCGCGCTAGCCATGGCAACAGGCAACCCGAACCGTCTGCAAATACCGTTTCATGGGAATCACGCTTCAGTGGTAGGTAACTGGATATCCCTGTCTACTGGCGATGAATCGCTCGGGCAGTGGATTATCGGCGTGTCAGCTTCGTCGGATCAGCGCCGAGCATACATGTCTCCTATGCTCGAGCCAGGTAACCAATGACCTAGCTCGGAATTCACAAGTGCCTAATAGCACGATGCTAAGCCAACATTGATCTCTAAACACAAATTGGTGGCGATCTGTCATCCATAGGTCACGAGCTGCGCGCTAACGTGGTATAGTTGCCTCGTAGGTATGGATGCCCCTCAAGGCG,1435,48.99,Mus musculus
SEQ_299657,GGCTGCCGCACCCAACCGCAGATAAGGAGTCAACTCCCTGGGTCCCCGCCTACGGCTGTCCTTCATCGAATGAGTGTAGAGCTTACGAGTCCTCCGATGAAATGAAATTGCCGAGCGTGGAGAGCAGAGCAGGCACGGACCTGGCTTTCTCGGCAGTTTGGTATAGCGATGTCGTTGACCGCACGCTGCGAGCTGTGACACTGACATAAATTCCACTCGAAGCTATAAATCTGGTGATTCGACAAGGACGTCCCCGCTACAATGTAATCGCTCCTCACAAACGGTATTGTTTCCAAATCGCTTTGCGAACTAGACTGGGGGTGAGAAAACTTATGACACGAAAGCGGAATCTAGCTGTTCCCGATCGCTTCTGGCCTGTGTAACTATTCAACTCTCCCCGTCGTATGCTTGCTCCAACGCTACTCAGGCGTCGCACCCCGAATTACTACCTGTGGCTGCCAAAGAATCGGGTTCCGCAGTCCCAACCAAAAGTTATCCGTCCCAAACGCTTTTTTGAACATACCGCATGTGGCGCTATTCGGTGGAATCTTGGATCGAGACGAATTCCGAGGGACGTGGCGCGGCCATTGGTGTTAGCTTCGAGGGATATTAGTATCCACGCTAGATGTACTGAAATGTCGAGGCACATACCGACTACTCCAGTACTTGACTAGCAGGTAAGGCCCGTAGCAGGGAGTTATGCGTAGAGGTAACCATCCAGTTCTAGACATGATGCCTCCTAACTGTACCAAATTGACTTGTAAGTATAAGAACTAGCATCGCGTACGGCAGCACACAACGCTGTTCTCCATTCTGCGCTAACTTATCCTGGTTCTCAGTTTTGTATAGCTCTGTAGGGTTGCCGCGTGCGTATCTATCGCTAGCCGCCTTGGATCCAATGTATCTGCCCGCTGAAGATCGATATGTATAGCTTGATTTGGACGTGCTGATTTGCCCCAGATGTCGAGGCATCGGTAAAACGTTCATGTCCCGTTTCCTTGAAACCTCTTATTCGTTTGTTTCGCTCAGCAGTAAAGACGGCCAAATCGTCAGTACTGCGGTGAAAATAATGTACCCTACGTATCCCAAAGGGGAAGTAGGATAAATCGCTTCGCAATTCAACTATAGACAACCATGCAATTACTTGGGTACCTACTACATTCCTTTTACTCTTTCGTTGGGTTGAAATCCGAGGGAAATTCCTTAGTGCTGAGATCCAGTGTCAGGGTCGCGGACATGGCCGGTTACAATGCAGTAATACAGACTTAAGTAACAGGATGCGCGTGTGGGTAGTGCTCGCCCGTCACTACTTCTACGCTTCTGCTCACGCAAGTTAGTGGTTATAATCGGGAGGACTACCTAGCCTAATTTGAGCAAAACTCAGCGTCCTTCAGATAGTCGTGTGAAGCTGATACAGTAATATATAAACCATGACAATCCATTAGCACTAGTACCAGCCCGCGGGAACAGCCGTTCTTGTCCGTGTCAGGGTCAGGGTCTGTGGTGCAGAGCAGAGTCCAGTGTTTACCTAATGAGTAGTCGGAGACTTATCCACCTGTAGCACGGGCGCGGAGCATATCAACGCCTCTATTTCTCTGGCTTTATACCGATAA,1613,49.47,Homo sapiens
SEQ_987686,CCCCGTCTTTCCAACTGAGCCTCTCTCATCTCCGATGAGCATGCGTCAAGACTCGATCATTCAACACTTTATCTATACCGGCATTAAGCTCGACCCTCTTAACTATGATACCTTACTCATCCCGTCGC,128,48.44,Mus musculus
SEQ_149148,CTCTAGCTCCATGGATGGTGCATTAATGCGGACCTCTAACCCAGGTGTGTTGTGACCGCGGCGCCTCTCGACTGCTCGCACTTCGCCCCCAGCCGCGCTGTGCCTCCGATTGGGATCTGTGAGGTTTCATGATCCGCAGGTATAGGAGGCCTAAGCACCGTGCGGCTAGACCTCCATGCTGGCTCTCACGCACCGCTTCCCAAAGCCAAACGCTTGGGGCCTACTTCGCATTATGGGGATAAGCACCATTACAATAAATTCAACTGTACACTATTTGGCGAGAAGCTGAGACCTGGTTAGGGATATCCGTCCAAGTTTAGAAAGATTCAATATCTGAATGCAGACGGGCTCGGACTCGCCCTCGTGTTAGTAATATCCTAAAGTGGCATGGGGGGCGCAACGATCCCAATCTAGTCACGACTCCGACCCTAGCATGGGCGTTGTTAAAAGGCCGCCGACTACTTTCCGGTGTACCGTACAAAAGTAAGGGGTGGATTCTAGCAACATTGAGGGTCGTCACTCGCGCCTTTAAACATTTGCGGTGAGCGGCCTAGGCTGGTACGACGTAGGAAGGAATCTACGTGTCACAATCCTCCCCCGGCAAGATGCGGCAAGCGAGTCTGGTAGCTACGCTGCTGCGGTAGTTAGCTGGCCGACTGTATCCCACCCACATCATGTTATGGCAAGCCGTGGCAGTAAACGCCGCATGGTCTGCCGTAACGCTAGCACATGTCGTAGAAACTAGTTAACGTTGCACCAAATGGTTGTGTAGCGGACCTCGCAAAAATCTGTAGAATACAGCTCCCAATAACATAAATAATTGCAGTGATTCATTCCATCTGTCGCCCCCTTAATAACATGGAGCCGTGTTGTGATAAGACTCCTGACAGCGGCAAAGGGAACCAGCAGTCACGGTACACGGCATCAGATGAACATAATAGGAGGACGGGACCCCGCTAGATAACCTGAGACCTTGTAAACCGCGAACAAGCCGCCCCGTGACGAACCGACTATAGTAATTTCAGCTGACACATTCGGCGGCAATAGCTTCGGTTTATGGAAAGTGTCCAAATGACTCAGTGGTCCGGGTCGGGGAGCGCAGTTGGAGATAAGAATCAGTCATCGGTTTTACCCTGTAGGGGCTGAACTAACCAAATCCCACGCTGCTAGATTTGGGTAGCGCGCAGCTCCGACCTGAACAGAAAGCCGGTACACACAAGCGCTTGGCCAGCACTATTTAGAGACCCCACCCAAAGTCGGCACAGCAGGACGGCTGCAGCATAGCCGAGTAAATACAACAACTCACGGATAGGGGTTGCCCTCGAACGCTCGTGATGATGTCATCGCACTTATCTCTTCATGTCTTCTTTTTGCATCAGGTTATGCAGAAGCCCTTACCGGGCGACACGGACCCACCTATAGGAAGCTATCCAACGTGTAACCAACGTAGGGTAATCGCATCCCGCAATTACTTGCCGGGGCACGAAGCATCGAGGAGGATCTATAGCCCCGTCCGGTCTAAATGCCCCGGTGATACCTACCTATGGATATCCCGGATCGGCACATTCTTAATAGGTGCAGACAAAGGTCCGGCCAACCGGATCCATCCTGATTATAAGTTTCCAGAAGGAGGATCGGCTATCGGGACGTTATATAACTATTTAAAGTATGGTGATTTCGTAATCGTTGAGCGTCTCCCGCTGGAACGAACACGACGGCTAAAGATGGATGTCATATGGTGGGAGATGGCTTGCGTGACCTCGTGGCTTTGTTCGCGTATGCTTAATTGGTCGTGGACCATACGGGCGCCAGGTAGGCATAGCTGGGGTCTCATCCCAGCCCGCGAAGAGAGAATAAAGGCCAGCGGTCCATAACTTTTGACCCCTCCGACGACGCACTACAGGAAGGGAGGAGCGAAACAAGTCTAATTACTAGTTCTTCCCCAACCAGGGGTTGTGACAGTAACATCACTACTAGCTGTTAAAT,1986,52.17,Drosophila melanogaster
SEQ_228918,GGTGCTTAGGCCCGGTTTCCTCATGTTGTCACGCTCATACGCTGATCGGCAAACGACGTTAGGAATAATGAGCCTAAGTCACACAATACAGTGAGGATGAAATTTATCAATATTCTTACTACATGACAACGTTGCAGCCCTGTGTACGGTTCATATTCAGGAAGGACTGACGTTACCTACAGAAGGCATATGAATTCCGTATCTGTCGGAGCACTGCTAATCGTATTTTGAAACACCCACAGTATCACACCAGCCGTGGGCATAAAGATGCATGTTTGACAATGTCCACAACCTCATATCGGGACTGCCCGCTAGGCTCCCATTAAGTGAAAATCGTGTGTAACACTCTGCAATTTACCGCGGTTTTTTCTTTGCGTGCCTCCATGGGGGATTGGGACGCTGGGTATCTTGGTGAGATTCCAGTAATTTCACCAGTCGTCCCCACCAGTCTATACTGTCGGCCGAGTCTATTTCCAGTTGTGTTGCGCTACAGGATGCATCCAAACAAACTGCGCCCAGATCTCTGTAACCAGTCTTGCCATTTAAAGCTTTTAAGAGAAAAAAATGGGCACTGGCGTCCGGAAGTAGAATTCACCTCCGGCGCGGGTGTATGTTAACATGCGGACGTCCGTGTGTATGGGACTCACCCGGGCTTCGATGCGTGTACCTGGATTTCCTTGTCTATGGTACGGAGAATGTGCGGATAAAAAGTTCGTTATATCCAGTAGTGTCCGAGTCACATGATACGCCGAGATTTCGATGCACCACCACACTGCGCGCATGCGTCCTGGTATGCAACCCATTCGGTACGCACTGGATGCAACTGTTAATCGGCGGCTGAGCTTGCGGACCAAAAGGATTACCGGATAGATAAACCTAATGGGAAGACCCCATAAGAATGAACAGGGCAAGCATCTGCGGCAAGCGCCCTTATCTTGCCAAATGCCACAAGCACTTGGTCAGACCGTTACCCCATAAAATTTATTAGTTGGTTAAGATCTCGCCTGCGGGAGGTAAAGTACAATACCGCACAACCGGACAACTTTTCGAATATGTTGCAGACACGTCTTGGCTTGTAGTGAAGTATGCTGACTCAGGCGGAGGCATGAGGGGATTTCACTACACGATCAAGCCAAATTGTTCCCATCCCGACATGAATCGCTCAATTATCGACCACAGGGTGAACTCTACAGAGTGCCATGTGTAGCTCTCGCATATATTCTGGTGCTTTGCTACCGTGCGGAG,1245,48.59,Caenorhabditis elegans
SEQ_406361,TTAATATCAGGCACGGGAACACTAGTGATTCTCATACATAAGGACTTACCTTCGGTGTAATGCGCTTCTCCTGTTGCAACATTCAGCCTGTCACGGCACCCAAAGCGCGTGTCGAATAGCCCGCAACGGGACACAATGAGCCAACGGAAGGAAGCCCCGTGTAAACACACACAGTATCCGAGATATATTTGATATCTCTTCGGGGAATACCTGACCGTTAACGGGCTTACTTAATGCAACGTCGTTGGTGAGCAACCGGGCCACATTCAGCGATGTTTCCAAGTACGTGCGCTGCGAACGGATGAACCGTAGTCCGGAAAGGCAATCAGCTCCTATAGTCAAAAAACCTACCCTCTGGCACACTTTCTCCACCCTTGCCAATCGAAGAGTCCTATTGTCTCATCCTGCTTCCCGTCCCTCGGTGTCCGGGCGCCGGCCGGCCCTGTACTTACCACTATTACTGATCACTAGTAGGCGCTAGTGTGAATTACTTGGATGACATATTATCTGATGCTGATTATTAGAGGTCCGGGGCGGCCCACGGTAGTTTTGAGTCGTAGTACTGACAATTGACCATCTAGCTTGAGGAAAAGGTGGGAGGAGTACAAACTCTAATCTTCATTCAAGCGGATCACCGCCTATTCGGACCGGACAGGACGGGCAAGGGCCTACCATGACCAGGGGTTGGCGTCACACTCTGCGATCGTGTTGTAGGGCAGTATAGATGAATTCTGATTTATAGCTCCTCACATACTGCCTGTTGCGTTCCACAAGATTTGAGGTCCCCAGGTCCGTGTTCGCAAGAAACCCGGATTAGAAGTCACAAGGCGCTAGAAAGTCGATAGACGGTATACTTCAGCACCAAGGAGCTAAAATGAGTCTGACGAACTGGGGACGGGCCTTAGCACTGAACTGCGGCTCCTGCCTCAGAATTCCGGTCCCGGCTGAACCGCATTCAGGGTTGCCGGGCATCAGACCAAATGACCCTTTTCCTCGATATTGTGATGGAGCAAGACTGAGTATATGATGACGCCAAAACGGCTTGCACTTATAATCAACGTGCACAATCCAGTTTGTCTATATCGGCCCCACGGTAGTTAATGATATAGGCTAGCTCGCCTTAAATTATGGTTAGATGAGTGGCACTCCCCATGCTACGTCGGTAACGTTCAGGTGTATTTGCACGACTCTCCGTGACTTGTCGGAGAGGTTAGCTCCGGTGTCGACCATATCCCTTGGAGATAGAACTGTAAACTAAAAGTGCATCGGAATGGAGTTACTATTATGATTCTGGCCCTCGCAGTCAGTTAAAAGGCCCTATAGTGGCGGAAGGACATCGGTTACCTCGCTATTGCTACGAGACTACATTTCGGATACTACGGCCTCTTGTACGCAGATCCAAAAGGGTCGCCATATACGTTAACAGACTTTATGCTCTCATTTTCATGCACTTCAAAGCGGTTTGGCCCAACTTAAAGTTACTCTAACTAGGCTCGAGGGGGTGTGATTAGCTCCCCATTGTTAAGATGTCCCAATCGGACCAATTCTGGCCGTCTGCGATGTAGCAGAAATTAATCATCTTAGTTAAAACTGCCGTCTTAGCGCATCAGCTTTATTCTGACAGCCGTCCTTTAACCTTTTGACGGCTCAGCGTTCCTGGTCGGTCTGTAGATCCGCCGTTCAGCCCCTAGTCTCTGCCCGCCTCTGTGTGGGTCCCTAGGTAGCCAGTGGTTCTCACACCCGGTTAAGTCGTGGTGGCAAGTTGAACGGGGAGAAACCCCTACAACAATACCTCTAATCATGAGACGGTGACGTGACCTACTACACACGACCCTGAGGTAAATCCAGTCAGAGAAAACTGTTAGCCAAGACCCACGTTGGGTATGACAGAAGGCGAACGTACGGAAGCGCGGGCGG,1917,50.23,Mus musculus
SEQ_240312,TGTATTACTGGGAACATACCCTCAATTGATGACAGAGAATACGAGGCGGTGCGTGCCTTTGGCTAAGCGAATGCAATCTTTATTAGCTCTGGGCAGCCGTACATCGCTCTCTGGCAATGACACACAGTTTTGGCTACTCGCTTCGTCGCCACCACTTTTGAGTAACTAGCGTCGAAAATTGACAAGGCTGCGGACGGGGCAATTTCCTCGGCAGTGAAAAGATGCACATATTAAGAGGTTTTATTGATTGACGATTACTTGCACTAAGCCTGACGTCAATGAGGTGTCCAGGTGCCTTAGGGCAGCTTTCCAAGAACTGTTGTTATAGCCATCCTCCTTATTCAGGTGGTACGCGAGCTAACGGTAGTCCGAAGAAGTGTAAGACGTTAAGCGCTGCTTTCCATGTCAATAAACGCGATAAGAAGATTCGCCTTAGTCTTAATTAAATTGTCGACAGGCGGTACACGCATGGACGGTCATATCATGCACGTGGACTCGCGCGACTGCACGTGCTCTGGCAGAGAAGAAGATAGTCGTCGGCGGGGCTCGACTGTTGAAATGTAAAGTAGTTCTATTAAGACCCTTCTTCCCAGATGAGATCAGCCTTAAAAGGGTTAAAGTTTAAATCTTAGGGGGAGCCTCGAGAAAGTCATGTTAGAATATAAACAGTAAAGTTTTTTCAGATCCGCCCAGGCCTTCCTCACAAGCGGATGTTAGAACTTCCGCCCAGGGTTGATGCTACTCGATAGTCTCCCTGGTACCCCCGTGCCGTTAGTGCGTCAATTCGGACGTTAGGTATACCCTTTGTCAGTGCCTATCCCCTTGCGTGCGAATTTACATGACCAAGCTCATCAACAATGCTAGA,865,47.63,Escherichia coli
SEQ_720265,TCCTTATCCCGCTGCCGTGAACTCTCGCAAGCGGGCCGCCTGAGCGCTTATACACGAAGCCGTGCCTGGACTTAGCTGGTTTCCCTGCTGTTGGTAACCACTCCTTGGAATCCCATAACTTGTACATCATCCGTGCAAGGCATACGTGGAAGCGAAGTCTATTTGCCATTGAAATCGGCGGACGAATCGCCTCTCCGTGCACCTTCTTTGGCATTCGGTCGTCACGCATCGCTCGTCTATATGTTAGGACACCCCTGGCTCGTCATTGGCCGATGAATAAAAACCCGGATCATTAAAACGACTTGCGCTATCCCCATGGATGTTCACGATGCGGACGTGAAACCATGGCAGAGGCGTGGTTAAACTATTATAGCGTGCGTGGACGCTAGTAACCGTTGCCGATTGCGATCTCCCCTCCTTTCGCTGCATGAACTGCGGTCTATGGGGTGATGGTTTAAGCAGACACACCCAAATATTTAGGCGTTAATTCGCTCTTAACCGCATCACAAAGACGTCCGAGACGCCAACTGCCCGCGGGTTAATACCTATTGAGCAAACAGACCCTGGGCGACAACGGGCTTAACCAAATTTGCTCTAGCATTAGTAGGATTTATCATTACGCTTCTCTCGAACCTCAAGGGCCGGTAGATGTTCCCACGCCGTGTCTAGCAAGGCATCGAGACCAGTCGCGGTCCCGCAACACGATCTGGAATGTAAACGGTCTCTTCTATATATGGGATTATTCTTCCGACTATGTCATCACTACAACACTGTACTCAAGGTAGCCTCGTTGTGACTCTTATGTAATCAGTCTCGGGTGAGCCAAGTTTTTCTCGTGGAGCCAAACAAGGGAAAACTCTGTCCCCAACTTAAATCATCGTCATCCTAATTTTAGATGCGGCCGTGGTATTAACATATCCTTGCCCCCAGGACGATCTGGATATATTATAAGTTGTCATCCGATCTCGAACAACCCGCGGGGCATAACCGAAAATGTAAATCGAGCGCATTCCTGATCTACCAGTCGGTCGCCTTCCATGATGCTGGCCTACCCCTCCTGCTAGAAAACAGGCTCGTCACACTTCCAGGACGCAGGGTCTTTGGTCCACATGGTTTCGCTGGACCACTCTAGTAGGGTAATAGAAGGAGGGTTTTACTAGCTTAGGTGATCACTTGCTATCGTGCCTCTACATGGAGGCGCGCTACCGATTCGACTTCACAGGAAAGACCGGTCATAGACGGCGTGGACT,1250,50.64,Escherichia coli
SEQ_325475,CTTCGCTCTTCCATACACGCTCCACGGGTGCGGCCATGCATGGTTCAGTGCTCTTGGGTACAACACCTTATAAATCCAGTTGTTTACCATCTCACCAGTCTCCGATAGAAAAAACGCTGTGACAAACAAGAGCCGCTCAGCAACATCAAGTTCTGATGCGGACATACGTGACTTCGGTCTGATGGAACGTCTGTCAACGCAATCGCGTAATCGAATATCGTGGCAACACAGGTGACTTCTGATCATCGAAGCGATCGTTAATATCCGTTGAAGGTCATTCTAGGCGTCATACTCAATGCTGTATAGTTCTACCGCAAGATCGTTATCTACCTGACTAGCCTCTGATCAGCCTCAGCTCGCGGTGCCGTAGTTTGAACTGATCCCCTGCACCACTGCCACAGGGCCTTTTCCAAGAGTACGACCTTGCTATCAAAGTCACAGAATGGGCACTCACTCAGGTAATCCCGCTGGGTGGGTCTTTTAGGATAACATAAATCTAGCGCTTGGACACCTGATCGCGCGCCCCTACGCATTCCCCCAGTTTTGACCGATTAGGCCAACTTGACCCAACCGCACCGGGTTTAGCCTACCAAGAGTAGGTTACGGGCCGCTAGCCCCCTATGTCAGTAACTGTTCCTAAGAACAGGCGCCAGGGTCTGAGCCGGGGAGGTTCACCTAAATGCAAATCCCCGACGAGGGCGTACCAGGGCTATAATATGATTTCATACTGGCGTTAGAGCACGCCCAGCCATAAAGAAATCGTTTATAGCACCGATTTCCCCGTTCCTGTCCAAGGCTTATCCCACATGCGAAGATGTCTTGGCTTTAGTTACTTCGTCAACATACCCTTGATTTAAGGAACTCCTAACCAGGGGCAAGGAAACAGAACTCTCCCGACCAAGGTGTACCCAGACGATCGCCTGACGCGGTGCGGCGGGGGATTTGCCACAAGTTCTCGGTGGCGCGGTGGATGCTCACCCTTAATAGGCCTCCATGTGCTCGAGCAAATCTTCTACTCCAGTCAAGAGAGTTGTTATTCGCCATTGGCAGAGTCCTTGCAATATATAGCAATTAGCTCTCATGTTGCCATATCACGTTGTTACGATCTCTC,1111,50.77,Mus musculus
SEQ_718740,AGCAAGTGAGCATGGGGACATTCGTGCTCCCGTCAAGCATGCAGACCGATCCGAAACAGCAAGCAAAACGATAACACTTTCGGTGAAACTAACGTTGAGCAAAGCGAATACTGCTGTAATTTGCGATGCCGCAGCTGATCAGACTCCCCGTTCTTGACGAGACTATCTATCTAAGCCCCCAGTAACCTGCCGATCTCGTACTACGCATGGGACGCGGAGCCGGGTAGTAATGGGCGTTGGTCCTGGATCACGGTGGCATGCATGTTGGGTGTCTATGAATGGTGTCTCCCCAATTCCTGCAAATGAGGGGGTCAATAAAGATATGCCCTGACTTAGGACTGTCCAGCACTGCGGTGTTCTCTCTAAGTCTGTTGGCCTGTGATAAAACCTTCGTTATGGTGGACAATCTAACCCCTGATCCACATACACGATCACGCTGCCTTAGCGATTAATATGTTATATGAACGCTTCAAAAGGCAGGCATTCCAGTCTGGGCATTATGTAGGTATCGTTATAGACCTCCAGAGTACTTCCCACCCTGGTTATCACTCTTCATAGCGTTATTTCTCGTCATAACTACCCGATGCACCTACGGGCCCTATGAGTTCCTCCCACCATTAGGTGAATATGCCACTACACAGGCGTCGCAAGTCTGGTCCAACACATGACCCTAGTCGCCTGCGCTATTTAGCAAGAACAGAAAGTCAGCACCCGGGTACGCAGATGACACTACACACGGTTTCAAATAAGCACCAAGGTATCTCACGTCAGGGCCCCGAATTCTGACCAGATAGAAGAGACAACGGCAAGGGAGCTATTGCTTCTGTCAAAGGCTTGCTGGATCCCCCCATAAACCTGCGGAGTGTCCTTTTCGTAGGCTGACGTTACCTTTGGTTCGAAACGCGCGCGGATTTGTCTATATTATTCAGGCTAACACTGCTCGGTACTCAACACAATCGCAGGGAGCGCACCCGATCTTTGTCGGGCGTAGCGGTGACTGTAATAACAGAGTCCGAGCGGACCCCGGGAATTCTGAGTGTTGCTAAATCTCGGACTTAGTGAATTGACAGTCTCGCCCACTAAAACAGGTGAAACGCTGGTCATGTGTCAACCTAATACGTCTTTGGGAAGCCCCACTTACGCGGCGAGGGGTAGGGGATCATTCAGCATCGGGGCCAAGTCTCGAATGATTGTGATATGTTGACTATTAGTTATTTTAACTACGG,1226,50.0,Mus musculus
SEQ_273816,ACCAACAGGGGCTGGTGCTACTCCAATCGACCTGGTGGGGGTCCCCACTTGCTTTTGCAACCGAG,65,60.0,Escherichia coli
SEQ_626877,ATTGTATTACAACGCGACCTCTCGTATGGTCTGCAATGAAGTAAACGTGGCTCCTTTGTCGGTATAGAGTTGCACGCTCTTGGGGTGCAACGGCCTTCCTGTACTTCATGGCCCTAAAGTGATTTACTGATTTGCGAATCATAAAGACTGTCAATATTGGGAGCCATCCGAAGGGGTCTTACCTCGTGCCACGTATCAGGGGATGAGACCTCCGCAGCAAACCCACGCACGTCCACTTTGCGTCACTCACGTAGGTCCCCACTCTTAAGGCCCCTCGTCTGATGCTGGTTGGCCTATCGTTCCCTTTCGGGATTACGAAGACCCTAGCGTCGCCTACAGTTGAATACTCTGCGACAACAATAAAACACTTTTATCTCTAAACTATGGAGATCGTTCC,397,49.62,Arabidopsis thaliana
SEQ_129083,ATCAGCATAGGCCCCGTAGGTTATAGTGGTTACAACATGCTGAGGGAGAGAAAACCTTATCGTGCTATCGGGAACTTCCATTACCCGCATTTTTGCCTATTGCACCCGTCTCCAAAATCTGCGATTCGTGTGGCGGTATCTGTAGCTCGATCATCCTTGCGTACGTATCAGCATATCTTTACTAGTAAACATCCGCACTTACCCAAAGTGGCTGGCCAGACCGACGGAGAATGGGTGATGTTAGCGCGACTGCATCAGTGGGGTGCCTCAATTGCTGGGGGTTCATAATAATTTTGCCCCTCTAATGTTTGTACATCCGTCGCAGTCGCCATTGGAACGTTACAGTATTTAAGGAGCTCGCAGTCCGCTTCTCAGATTGAACTCGGCTAGGTGGTCTCCTAGCGGAGGCGTTTATTCTTAGATAGCCTGATATCGCCTAAAGCCTGGGCGGAGAAACGCAGCGATGGCCACAATCTGTTATACTCATTTGACTTCAGGTGTCTAGTGAATCCCGTGTATAGTAGTTCGGTACTTAAATCGTCTTCGTGTATAACCACACCAGAGAGGAATCGCTTGCTATTGG,583,48.37,Saccharomyces cerevisiae
SEQ_137081,ATATTTTAAGGGAACAAGATTGCCAGGGGTTTGGCGCATAACCTTTCATGCTAGTCCTTGAACGAGGATGGGGAGTTCTTTATGTTTCGGCCTTTACTGAGGATTTAACCTTATTCCTAATTTTATGGAACACGGCGTCGAGAATCACTCTAATAGATGGGTGGTTCCCCTGAGAATATATACTCAAGAACCTGGGCGAAAGTTTGTCCTTGAAATCATATGAGACCGGCCGTAACGTTAGCTACGTGCTTTTTGCTAGCAGGGCTGTTCAATAGTGGAGGTACGGTGATGTATGAAGGCGTGAAACTCGCGGAGTAAGTCTACTAACCATGGCTTATAGATCCCGTCTCTAATAACAAGTGTTTGACAAGTCAACAGCAGTAGCCGCTTGATCGCTCTGGATTGTCCCTTATTACGATGAATTTCCGCCGAGAACGAGCTGAACTATCGTTATGTAAAACGCACATATGGTCAAGAATACATCGAGACTTTTACCCAAGGAATACGGGGTGGCTGTAAGATAAATAATGTTTCGCTTGACGGGGGACTATTATAAGCGTTTAATCATGTCGTTTTTGGCCAAACGCTTTGCCATCGCCGGTTCGATAGCCCTCGAAACCGATGGCGGGATGACAGCAGAGAGACCGTCACAACACTCGTTCTCTGACCCATATGGTATCTGTGGAAAAGTTAGAGTCGTCGTTCTCGAGAATCGCCTAAGTGCGATATCGTTAACAACTGCCCCTAGCTAGTAAGATCCTTGATAGAAACTTCACGTATCCCGAGTCATAGCATTCAGTCAACCGCTGGAACTCGATCGCGTGCTATAAGTTGCGGAAGAGTTCCAGGCGGAGAGAGAGTCGTACTTGTGTAGACGGGTATGCGTGCGCCGTGGATGGCATAAACGCACACCGCGGGTACATAAAAACAGTAGAACTTATTTGGGCCCTCCTGTCGATTACGTGTTCTTGAAGTCACAAGTATGGTTACGGCAACGCGCTTGGCCCACTACAGACCGGCCCCTTTGGTTCCATTAGGGTCTTGCGATTAAAACTTCACCGTTCGGCGCCCGACGTATGTCGAACTGCCCCGCAACGGTTTGGGGTATTGTATCAAGATAAACTGTAGACATAGCAGGTGCACCATGTTTGGTCAGGCTCGCCCTGGTATCAGACGCGACCATCAGGCATGCTTTCCGGCCCACAGATCATTATACTATGAAACTTCAAGAATCGCGGGGCAAGCTCTCCTAGGTTCAGATGTGCACTTCGCTAGGAGACCCATCTCATTGGTCTGCTGT,1300,47.92,Homo sapiens
SEQ_837667,ACGCTTAAGCAACAGGTTAATGAAACTCAAATAGTCAGAGGAAACAAAACTCTAGTCATACCCCTCTAGTCACGGCAATAGTCACGCCCATATTCAAGGCCAGGAATCTGTCATCAGCGGGTGAGAACAAGGCGGTAGGGAGGCCAGACTACCCAGCAAGTTACGCCCGATCATTACGCGGGACCCTCGCTATTGCACGGTACCGCCA,208,51.44,Caenorhabditis elegans
SEQ_511925,TATATACTCAGGTTCGTGCGATGTGGGTGCAGCAGATTTGCCACGAAATAAAGAATCAAACACTCATGGCCCAACGGATAGGCGGAACAGTATTATCGAAGGGCATTGCTCAATCCTGCACTTCCACCACAACCAATCGCTCCGTCCAGTTCACGCGGGGGCAGAACTACTTACCTGGGATCGTTATTAGTCCTCTCGCACGAGACGCACAGCCCTTAGTACATCGAGCTGTGCATCGGGGACGGCGTCGA,251,52.59,Arabidopsis thaliana
SEQ_121051,CTCACAGGATTACGACCCTCACCACTTACACGCTGCTGTTAAGCTGTGTCCAACTTTGCGCACGAGTCTAGAGACAGCTACAATACCACTGCTGGGCTCGAGTTGAGACGCTATCACCACGACTCCCTAGGGACAGTGCTATGGGATTGGTATCCGAGTCGGCCAAGTGGACAAGGAACGTGTCACCTTGCTTTAATGGAGAGTGCGTGGCTACTGGCAAAGAGTTCCGGGCGTTCTTTGGGGAGGATATAAGTGCGCACGTATGGTGTCTTACCACCATCAACTGACGTGCGGCTCCCGAGTCTTGGGACCGTATGGGCCACTCGGGCCTGCAATGTCGCTTTCTGGTGGGGGTAGGGCTGGCAGCCGCGATCTTGAACCCGCTTGAATTAATCTAGAATCAACCATGCCCGTAATACCAGATGTAACGTAATGCGCTAGTCTGTGGTTAATAGGGGGCTAATATTATTTTTGGGGCTGATAGGGGCGAGTGTCAACACGGTTTTCGTAGAAATTCTACTATCTAGTGCAGAGATCCACCGTTCTGATAGGTTTTATTCCATCGGTAGGAGAGCCATGGAATTTTTGTATCCATCTCTCACCCTGCTGAGGACAAGAATGAATAGCCGATTCATCAGCGTGAACGCGGAGCGCCCATTCAGTAAACCGTGAAGCTGCCGGTAAAGTGGTGTTCGACGGAGTTCACACAACTAATCATAGAAAGGCAGCCGCAAACACTGCCGCATTGCCATTTAAGTACTAGCTCAGGTTACACGATCATCTTACCGTTATCGTCCCTAGTAGCTCCATGTTTCCCCAGGAGGAGATGACGTTCGTGACTACCGTCCTGAAGTGGGATGGGACCCGATTTTTAAAACCGGTCTCGGAATGGACCTCTGGGCTTATAAGTTCCACATTTACGAGCCGCCCTATCGAGTGAAGGCTACAGACGTGCGACGTGATGGCGCGATATAACGCGAGCTGGGCGTATGGGTTGGTGTGACCCAATCCAGAGTACGAGAGCGACAGGGGTACTTGTCTACCAGCGCTTTACGTTCCGAATGCTAATTCAGAGTCGCCCGTTAAGAGCATATAGGTAGCGGCAGAGGTCCGAGGAGTGTGAACGTTGCTAAAACCCTAGCCGGCAGGAATCCAAACCCAACGATCATATGTTTACAAACATCATTCATGTAGACGTAAGTGCTAAAGGTCATTCCACATATGCCATCAAACATTCATTTACGGTCTGTATATCTGCCAGATCTAGACTTCGAGTCCGTGCGTGTTTACCCTAGTTTAGATTTAGAAGATCGCAATGGCCAGTTGTTTAATTCTCTACTTCTTTACAGGCAATAGCTCGGCCGACCCACGATTACTCGTACTACGGGTAGGCCAGAGATCCACAGTTTCATTTTATGCGAAAAGCCACGTTGTATCCCCAGCGTGGCCAGAGTAGTGGTCTGTGGATTAAAAGAGTCCCACCCGACTTCACGTTCAGAAGTGCGGGTCTTCATATCATAGACTGAACCATACTTGCGTCTCCGGTCAGACCTTATGGCGTGAACGTTGCGCATTCTCCAATCCAGCGTCGTGCCATTAAAGAAGTTAGACGAGGGGGATCTAACCTTCTGAGCTGCCCAAATCTCTTTCTAAGCAGCATTGAGAGACTAGCCAATCAGAAAAGCGAATTGTCAGTGGCCCGTGCCGACCGCCGTTTCATATGGAACATAACTGTATTGCGGGGTCTAAGATGCGGAGTATCCGTTCAAAGACCTTAAACACCGCACCCTTTTGACATTGCAGAGTATAACAGTGGCCACGTCCAGTGGACACATAGAGGAAATAGCAAACGAAGCCTTAACGTGAAAACGCGCACCGTGTCTTCCTGGGC,1891,49.87,Escherichia coli
SEQ_493830,CGACTAGCCAAAACATCTACCTCTATTAGGATAGATGCTCGCTCGGCCCGCGCAACAGCGTATTTACTCCTAACTCTCGTCCGATCAACAAGCGCCCTCGTGTGTCCCTGAGGGTTACAGTCGTGTCGCAGTAGAAAGCGTGAATAAGTCACGCAAAGCTCTGGATAGGTACCCGCGGGCGTTCGACGAATGCGATAGGTTTAAAGGGTATGCGGAAGCTAGCAACAGCTTGACGATAGCTACCGCTAGCTTTTAGCATCATAGGGCTGAATTGCCCGGTAGATCCGCCTTTGATTTCCGAATTGGGATGTTTTACCTAACACCAGTGGTACAAAGACGCATCGTCAAGACAAGCCAGGCTCGGTGGTTGGTACAGAAAGCTGTGTAAGGCGTTGCAATATGCTAGTTTAGCCTTCTCATGGCAGGTTAATGTTTTGAGACTGCCGAGGAACTGATTTACCTTTGGAATGAATGGCACCTCACCCTTGGACGAGTGGACGCACCTGTGGTGGAGTATCAAAATCCGCCCTGGGGTGTTACCATATCTCATCCATCCTCAGTAAGACCCGCTTGCTCCTGCCCTGCGTTCACATTACCCTGAAGATTTCAGATATTGTAACCAATGTATAAATACAGACGTTAACTACTGGTTACTAGTTGGAAAAGCGCCTGTTAAGAAACATCCAGGCATCTCCGATCGGTTAGATCCGTTACGGCGGCTCCGGCTCCCTATGACTTGGGGTTGTAGACAGCCGTCCGCAGCACATAAAAAGGGCTGAGGCCTTGAGCATATCATAAGTTGGAGGCCTCGCAGAGAGCTAAAAAGTAGGGCTATAGGCGCACATCGGAGCAATAGCCTGGTGACCGTCTAGGAATCTCTATCTGTGTTTCTGCCGGGTAGCGAGTCGTCTCGGCATCAATTCCAGACCCAAGCAGGGTCCACCTTTGGCATCAAAATCGGTCGACTTCACGCCTTCTCTTTGAGACCTCTTGGCTTTCCTAACCGGGTAGTGCAGATCCGTCGCTGA,1028,50.58,Drosophila melanogaster
SEQ_928564,ATCTAACTTGCCGCTGACATCAACCACGCAGCGGAGGAGTTGGGCGCCATTGGGACTTGGGGAAATACCGCCGCCCGCTGTACTGAACTTCCTGTAACCGCTGATATGAATCAGCAGCCAGAATATGTAAGATTAGGCTAAATGAAGGTATCTCCACCCTCGTTCGCTTAGCGTTATAAGAATTGCTCATCATAAGTGTAGGTCTCCTTAGTAGAATAAATCTAGGATATTCACCGGTCACTTTGAGGTGGTGTCATAGACGCGCAGCCGATGGCTACTAAGGAAACCTAACTCAGCATAGATTGAAATCGATTCAAAGCAGTTTGACTAAAAGAAACCTCGTACAGGCTATGCCAGACTGATTGCGCATGGCACATTTCCCGCATGCAAATCGCATCGTAAGTTGACCAGTTGCTCTAAAGAGAGAATTTATCATGTGAAAGGGCACAACGATAATCACTCCAGCGAACCGGATTCTACTGGGAGCGTCGGTGTGCGAGGTTCGTAAACGCCTACCCTTGGAGTCAAGCACCAGTCTAGAGCAGGTCAGGTCTGCAGTGAATTAGTAAAGCCTATTAAACTACATCGTTTCTACTTAGCATATGAGACCCACACCGGGCTGATCAGCTACGAGAACGCTCTATTTGGAGCTTGTCCCGCACTGCCCTCATTGCGTCCCAGTGGCGTAAAAAATCATCCAGTTATCGTTGAGGTATATTGGTGGGGTTGGGGCGGCTGCCCCGTCCGTTACTAGGGCCTGCGTCTTTACCCATTATAATTTCTGAACTTCCCAGCACCAATCAAAACGATCATTTAGCAGCCCCTAACGGCCTCATTTAGGTCGACGACGTACACTATGGTGGAGCTCACGCGACATACGAGAGGGTCAGCCCTTAGGTTTGCGTCATAAT,911,48.52,Homo sapiens
SEQ_722834,ATCGCGATGAGCACGGACCGGTGTTGGCCCGCGGTTCAACCCGGTTAAGCAGGATCGAACAGTCTGGCAGAGATCATTATAAAACCAAACCCGGAGGGCTATCTACGCGCGACCGACACATCTGCCCTCGACATAGTTTATAGCGCTCTCGCCACGGGTAAGCGGAGGCGAGCCAACCCATCTCCGCGGAATAGGCAATATGTTACGTTTATATTCCCTGGAACCCGATGGGGTGGTCGCTTTCACTGTATTTGTGACTGTTCTAGAGACAGTCGCTATAGCCACCACAGTTAAGCCCGATGTGGGAGTGAGCGGCATGCGATAAATGTCCGCTTGCGCAACAGTATATTTACGTCATTATATGGCCTATATTTGACAAGCTCATCTTAAAGCGGCTTAAACTCCCGTAAAAAAGGGCGGGGTCTCTGTCGAAATGGTATTAGCCTTTTTAGTGCTGGGAACTCCCAGGATCTATATCTTCATGCCCAACGTGCGGCGTAAAACGCTCTCGACGATTATGAAATTTTCACGCAAGTTACTGAAGGATATGAAATGCTTCCAATACAATCTAAGCATAGCCGCTTCCGATCTCTCCAAGAATAGCCTGGCCCCTCATTTGATTCAGCATGAGAAACATCTAGGTGTAAAACCGACATCCCGGTTTTGCTGGCCATATCCCTAGGTGTTGCATGCGTCGGGGACACCGCATACAGCTACGTCAGCAATAGTACCACTTCTTGCGCCTCACACTATCTAAGTGTGGAGGAGCCGTAGTTAGTGCTCAACTTACGTGGTAGTCGCTATTCGATGAGGTGTTTCCCCCACGATGTATTTTAGGCATACTGGACGACTCCGCCATTCCGGTGCAGCTTGATGTTATAGCGAGCGGACATGTGAGGCGGAAGACTGGCGAACACACAGTAGATTGATGCGGTTACTCCTACGACTGCGGTGGAACGGGACGTAAAACCACGTGGGCCCCTAGTATTCCAGCCTGAGGATGCGCGTATATATGCTGGATGGTGTGGAGTCACCCTGCGTAGCGTTGAGCCCGGGTGTTAAAGCACCTAACTTTTGATTAATTGGGCCGGTGAATGCGATGGGTGGGTGTTTCTGATAGCCACCTAACAGGACTGGAAGTCGGAATACTATGATCAATTCGGTTCCACGTACGTCCTACTACGTGTCACCTGTCTTGCAACCTATCTCGAACCAAAGATGGGCCCCAATAAACTCGCGGCTGGAGTGGCTACGGCCAGACTCGTTTGTCCCCGCGAATGTCAGTACTATCGTCGCTCACGCGGCTACCTTCGGAGATGCCCCGATCGCGCACCCTTCGTTTGACGGCATTTTAGTCAAAACCCGCATCCAGAATTAGGTGGGGAGGGGAGTAGATTTCAACAACTGGGCAGTCAACAGTAGGGTACGTGCCGATAGGTCTTAGGCAGATCAAACTATTTTTACATGTAGCTCTGGTCGTCCTTATTCCCCGCCTATACGCTTTCTAGCGTTGCAACGTGTTAAACATGCGTAAAAAGGAAGGTACGAGTAGGGATCGTCAGCGCCAATCTCTTTGTTCGTTAGTCCCGGCTGTGTCGGAGACGTATGTTCTGGGACTATAGACACTTAGGCCAATTTCTACCACAACCTGCTGCGGAGGTGTTGGGGCGCGTTGCAGCGTCGGTATGGAT,1691,50.98,Drosophila melanogaster
SEQ_219071,GTCTTAATAGGGTGCGTAGTAGCGTCTCGCTCCTTGGCTCACGTGGTATGGCCGGGTACACCTGCGTCAACACCGTCCGATGATTTCACCGCGAATCTATCGTTCTGGGCTGTTTGCGAGCGAGTAAAAGGGGCCCCCCAGGCCACCGACGGGAAAGATAATGTGCATATGATGCAATACTTGGTCCTTTTAAGTTTCATACCACTCTTACGGTCTACGATCCACGTTTTTAGAACTAGCTAAGGTCCCAGGGCAGGCGTTCCAAACCATGTCTTATAGACCGGACCGGACAAATAGGTACGACCTTGCGATTAGTTTGGAGCAAGTGGATCTTGTATGTGACTATTATCATGGGCGCTATCTGCAGTTGCTGACAGCCCGGGTTATGTCCGTGTTACCAAGCTGGCCATACGCCGGAAACTACCTGCGAAACTCAAGCTGGAGAGTTAAAGTCGCTACTGGCGA,465,51.18,Mus musculus
SEQ_856891,CGGCTGAAAATATCTGTGCTTTCCACGCTTTGAGACGGGCAATTGGTTACTACGTCAGGGGGATAGCCTCTTGGGATGTTTGTGGCTCACAGATTCCATGGTAATCTACGTAAGGAAAAAGCTAAACATGAGACTAAGCCTACTTAATAAGGTTTATCAAGCCTTGGTCGCACTAACACCTGGCATAATAGACCTCCGTCGCTCAGCACTTCCTCAGAAGTAAAGGTCGCCGTGTGCGATGCTCGTCATCTGGTAGGCAGCGATCGACCATTCTTAACACGCTCGGAGTTCGGGGGTAGGGCGATAAGAAAGGTGGCACGCATATCTACACAAAGGATGGCGGCTTAGGGTAGTTGTAAGTGGCTCTGGGCGCCTTGAAGGCTCCGGAATACAGCCATCATGTGGGACATTTCTCGCGGTCGCGTAACTATGAGCTCCCGCGGATCAATCCAAGGCGGCCTTGCCTGCCGCGCCATTTGGATAACTATATAGGTCAATAAGCCGAGCTACACTTGTCGCTAGATGCTAAACAAGTCAGAGGCCCAGTATATCCCTGTGTGACGGCTGACCTGTATCCCTGAAGGTCATAGGACTTTCCAAATATGCGAACTCTGTGTATTCCAGGACGACCCTGTTTACGGCGCGGATTGGGGAAAGCTTTTCCACGCTGTGTTCAGACGGCCAGGATCTAGACTCTATATCGGCCACATGTACTTGTGTCCTTAGCACAATTGGATGGTTTGGAAGGGAATGGTTGAACGTGCCACAGCCTTGTTCCTTCGACAGTTGTTGTGACAAATGATTAAAATGGTTACTCCAGATGACTTAGCCTTAATATTCAGTTTACTGCCCCGCTGGCCGTGAACAGTTCCTTTGGTAAAAATGCTACTTGTGGCAGTGTGGTAATTCAGGCTGGTGTGGATCGCACCTCAAGAGATACTTCATGAGAACAAGACGATGTCATGCGTAGGTGAATATCCTTTACAAGGGGAGTGTGCCACGTCGGGGGCAGTAGACCGTCTGGCTTATAATGCCATTCTACGTTCTGTAAGGGTGAGCTAGCCCCGTAACCGGAATGGGTCTATTGGCGTAGGCCCGGTGTAAATTAAGCACCACCAATGTTACGGAGCCACGTGACCATAGGTCTCCTATCGCGGCACGACACGGCGTTGGAGTACTCTGGCACGGGACTGACAACATGCTTGTTAAAGTAAGCTCCAGGTGAAGCGGGGATATCTACTGCTAATGTCGAATTATTCTAACGGTTGATCGCTTTTGGGGAAAATTCGGGGGCACGGCACGTCGTTACCGCTGCCTAGTGGCATTGCCGGTGATCGAACCGGAGGTCCCTGTGTCGCCTTCGGCGTACTTTCGAGCCTCAGATAGCG,1388,50.79,Escherichia coli
SEQ_650192,GGGGCGACACACGGGAGATCACACGCCTTCCAGGGCCCTAAGCAATGAATATGGCAACGCCAACTCCGCTCACCGCTCTGTCGATCTGTGCTCAGGGCGCCGCTTATTGGTGTGTAATTGCCTGTTTAGTTCTAGTTCATACTATTGAGACTCGATCTTTGGCCCATAAATTCTTGCTCTTATCGATAATTTCGAGTTAAGGGTGCACGAACTTGCTCGCGTCGATCAAATTAAATGCCGCCGTTTGGCCCGCGTTTTTTTCCCGAACAGCAAATATCTCCGTTGTACGGAACACTCAAGCGTAGCAGCAGCCGATTGAGTGGAACCACGGCTAGTGCAGGATTACCGAAATCTGTTAGCATCAAGTAGGTCAGCGTGAACATAAGTCCGTGTTCGAAATTACTGTCCCGACATTATTCCTGCGTTGCCATCGCTGCTTTTCAGGCCAAACGCGGTACATTCGAAAGACACCATGGAGTAAGCTTGTGGGAAGTTGCCGTGTAGTTGCCCATTCACGTTAAACCTATCAAACCTAGAACTGCGAGGAAGAGCCGAATTCCGAGTTCGGCTGGTACTCATGCGCGGTATGGACCGCGGGGCTGCATACAAGGGTGAATGTGCCGACTTTACCCTAATTAGGCGACAACCACACACTTCACCGATGTAATGTCGGTTCCGT,679,50.37,Drosophila melanogaster
SEQ_117096,AGCTCCCCCTTCACCAAAGTCTGCTCAGCTACGCAACCCAGAGCATTGGAGGGTGCATCTGACCCTACTACGACGCGTGACAGAACTTGCTATCTGTC,98,55.1,Escherichia coli
SEQ_602342,CTAAATACTCAACATGTGGACGCCGCTCGGCTTCAATATAATCCCTAAAATCAAGCCCACCTAGTCGTGATGCGCCTCCAGGGCGAGGTTCATTGCCATGCTAGGGTAGAGACCTAAGATTATCTGCTAAGGCAGTTGAGGCTCACCTTCCTGTGTGGAACGCTAGGCGAGGATTTACCATGTGTTGTGTGGTTTATTGTCACCCGTAACCCCCGCCGATCAATAATGAGGTCTACTATGTGTACAAGCCAGATCCTGCTTCGATCCCAAAGAACATGGGGTCCCTCCTGGGCCAAGGTATTACTAATTAACGTAGAGGGACTCGTACTGCGGTGTCGTATAGGTTGCCCCCTCGAGCAGGACACCGCAACATCTCCAAAGGTTGACTCGAAACTGTGGTCCAGTTAAAAATATCCACTAAAGGTTCTGTAGGGCGTCCGAAGCCATGTGACTCGAAGGCAATTACGAACGCACTTAGGCACCTCAGCATCTGAGACAATAAGTTAACTGTCAGAGGAGCGTCAACCACCCAAGCGTCTTCATTTTCTGCATCGCCGGAACTCGGCGTTTCGAGGTTGTCGGC,583,50.6,Drosophila melanogaster
SEQ_223922,CGTCTGCGATACGTGAAATACTCGATTGAAGTTACCGTAGAATTTCAATGACAACTTGCTTTTCCGACTTAGCATCGGCATCAATTTGGTTACCATTAATACCGACCAATCAACATATCCATCCAACTGGTTTTATGGGCTTAGTGATCGTTCTGAGACGAGGTGCGAATAATGAGTATGTGTGTCCCGAGGCAATGACGCATCGAGAGGGTTTTTTATCCTTAGTTTACTTGGCCGCATGAATCACAGTACGAGCTGCTTGCCACCCCGTATCATTCTCTGCGATGTCAGGAAACTGCCGGTAGGGGCCGCTTCTCATTGTGAACCGCTAGGCTACGGACCTCGAAAAGCTCATAACATTGGAGACAGTAAATCCTGACTCCTAGACGTGGTCTTGGGGATGGACCCGGTATTTCGTGGATGATCAGGCAAGGAGAACTCTTAGGCGTCGCAGTTAGGCGGTAGTCTTCTCCCCGCTCTACAGTCAAAACGTGTGCGCCCTGAGAGGAAACTTACGTTCAAATTTGGTGGAAGGCCCCACTAAGTCAACGATGACATTTGCGTGGGGTATGAGATGCTTGAAACCACGTACCCTATTTGATCGCAAACTCACGGGAGAAATAGTTGTGACCGGACCATCTGACCATATGAGGTACCGATTGGACAGTCGTGAGAAACGTTACGCCATGGAGGGAGCGACACGACTCTCAGGTTTCTTTCATCGGTGCACCTGGTCTTAGAATTGTTCGGAAAGTGGAGGAATCGCTTGGTAGGAATGATCAGGCGAGGCGGCACACGGCAACTGATCCCTAGTCGGTCCCCGACGTCTGGGTGCTACCGTCGCGCTGATATATTAATTGGGGGTGTTAAACGATTTCAAAGTATTGTAATTGTTTAACGCGTATTTTGCCTTAATTTTGAGTCGGTCGACCCGCCGCTTGCACATCGGTATGTGAGGAATCCCAGAGTCGATTGATGTGTTATGTGAGTCCTGAACGTGGACGACCGTTGAATACCTATTACAAAGACTACAAAGAACTGGCGCGAATGGCGGAGTGTCCAACCGAGTGGTACCCCGACACTATTGGTATATTC,1095,48.77,Arabidopsis thaliana
SEQ_834917,CCCGCCGCTGCGCTAGAGATCGCACTGTCATGCGTTACTTTTTATGCGTCCACCTATCACCTCTCGAGAGTGCTTATTAGCTCTCCCCTAGTAAGCCGTATCTTTGTTCTGGCGTTTACGCATTCCTTGGTAGTAACCATGGGTTGGCATAGATGACTCGCCGATGCAGTACTTAGGGGCGACTACTGCCGTCTCTCCATACTGAAACTTTACGTATCCTAGAACACTACCCGCATTATAAAAGTCGGAAATGGGAGACGGTTGCCTAACGACTGAATGCCCTCATGTGTACCGACTGTATACTATGGTACAAGCTTCGTGGTTGCGTCGATGGCCCCTCTCACTCTCTGCTGGCTCACCTGACTAGGTGTGAAAGCAACACACTGCAGAGCATAACTTACTGGTCTTCATCCACGTCTAGGGTCTCACGGGAAAGACGGACTCCGGAAGACCACTCCGGCCTTACCCACGTCATGCTGATATACATTAGCTGGAGAGAACGGAGTAAATTCGTCCGTATTCCGCGGGTGCGCAAAGGAAATGGACTATGATAACTGATTGCAGATGTAAAGAGTGCCTGTAGCGGATATGGTTCCCCTCGTCCCACGTAATAGCCGATGCTTACTTTTATCTCGTGATATGCGCGGATGCGGGAAAGTTCTCAGCCCGATGGTAGGCGGGCGCAATGGGTCTCCCGCGCAGATCACGTGTAAGGCAGCGTTCGTATCGAGAAGGGAATAGCCGCGGTTACCTCATCCTCTACGTTTAACCGCAAATATATTGGCGCATTGCCTTATTAATGCTGTGGTTCATGCATCAAAGGGATCATGCGCCGATTGCCAGCACGTCTATCGTATAATGACGAAGCTTCAACTCGCTAATGTATGGAGCAGGGCTTCCCCCTATACTTAAAGAATCATAAACGAGCCATCATAATAGTGAGGCCCCAGACCTTCCTGTAGAACCGTATAGTTCTCCTTACAAACTGAAACGTGGTATTACTTCGCCGGTCAATTACTATTAATAGTCCGTGTGGGTAGATACTCACATTCTACCAGTCGATGTTACAAAGTAATCCGGTAAGTAAGTTAGCAGGAGCGCGAAATGTCCTACGGTTGCAACGGAGGGGTTGGCATAACAGATCGGTATCTAGACATCGGATTAGGGCAGCCTTCGGTCTGGAGGTTCATGTTCTGTCAGCTTACTACTGGCAGTACCTGAAGTCATGGGGTTTTCGCTTGAGATTCTAAAGCAATAATAAGAGAAACGTGGCGTTCTTTCTTATTTCAACAGGTAATTTCCCCTTTACGGTTTCTGGTTTTTAAGTAAGCATATACTCGAGGACCGGTGGATTACCCTGGTAGTCGTAAATGCCCACTAAGAGGGGCTGACGCTTTCATGATCCAGCCAACGGTTTACGCTGCGTAATTTTGAAAGACACGGAACGAAATCGTTTCGAAGTTCAGTTTAAAAATTTGGGTACCCTTCGACCGCTTTCACCGAGCCACTTGAAGCCAACGCATGCCGGAACAGGTGGGTACATTGTGTATAACGCGTGCAGGGTTTCATCCACTCACACCCGTGTATTGTACACTTTATCGAGTACTAAACACCCGGGGCTTTTCACGTAGTAGTTGGCCGTAGAAAGTTGTTGACTGAACTTGAATTCCACATCAGGAGGCTACTAAGCAAAGGCTATAGATCCTTGGCTAATGAACTACGGACGTACAGGAGACAGGACGTACGAGACGGCCGGGGTGAGATTGGGGATCCATCTCAAATGGCCTCGCGTAAGTCCGATACGCTGACAACCAGACGTTAGAAGCCCTAATGTTGAACGTCGAAGCTCCACGG,1854,48.71,Escherichia coli
SEQ_529175,GTCCTGGTCTCCGAGAGGCACGATAAAGGGCCATTAGTACTCAACATATAAGTCTAATGTCCTCGCACGACAAGATATTATACCCTCACGGAATGTGCCGATCTGTTTGACGTTTCGTATCAGAGGCGGTCAATATGCTTCAAATTAAAATCCGTGCAATCACACCAGACAGATCTTTTCGCGGCCGGGGTTTGTAGGATTCTGGAGGGAACGTCACTGCTACCCGCAAGAAGACTTCTTCCGTGTGAGAGCTCAAATTAAACTTGGGACCTTTTATACCCTCTCTCACGCGCACGGAACCAACCTGGGTGTTTACATAGGTAGTTCGTTTACGCTGATTTTAACTAGATGGCCCTCTAAGGTCCTTCTACTTGTAGTTCATCGAGGATCTCTTGCTTTATAGACCAACAGTCGCCGATCGCTGGCCCCTCCCGCGTTGACTGCAAAGCGAATTTGAGGGTGTTTGAACGGGGGGTATCTACAAGAATTGTTTCCTATGTTCGCCTTCTTTAGCCAGGACCCTGAATTCCTCTGTCACGGCGTTGGAGCAGTCCATGTTGCGTAGAAACGATGACTGGCATACCGGGACGCATTGCAGAGCACCACTGACCACCGTTCAGAGACTATACCGCCGGTAACGGCATTGCTCGATAGGGTCTAGCGGTTTCCCGGTCTCCCGCTAATTGGCGGCATAGACCGTGAATGGTGGGTAGCCTAGCTCTACGGCGGCGCTTTCACGGTTTAGGGTCAACATCAGTCCTTGGAAGTTCAGATGCCTGCTCGTTTATAAGTATAAGCCTTGTTACCTTAAGAATTCGAGGGAATTTGCACTAAGCGTCCCTGAGTAGGGCCTACAAAAAGTTTTTAACCGAACCACAACTTAACAGGTGTTGGCGTAGGTGCTTACCCACGGAACTTGGGGTTGGAGACAATGGCCAAACCCCAGCAGGCCACGATAGAGATCAGAAAACGCCTGTATTCAAATCCCCACTACACCTCTGTCTAGCCTATCCCTGCATTAAGCGTAACTTTTCAGCTATCTCGCGCAGTGTTGGCACGAGCACAAGACGCACCAGCCGGTGAATGGCATATTCGGCGCGTTATTGCGCGCAGTTGTGACTCCACCAAAGAAAAATAGAATCCTTTGAGATTCCACCCCTAGCAGCTACCGTATGACCTCTGGTTTAGGCTAACTCCTCTCAAGGGAGGAGGGCTAGCCATAGACGGCCGCTATCGGAGGGCGCAGTTGAATTGTCTGGGGGAAGCCCCGGTCGTAGAGAGCCAATCCGGTACTATGACTACTCTTGGTGGGAAGGGGAGAGTGATCTTAGTAGAGACCTCACTTTCAAGCATAGACACGTGTGTGCCCCTTGACTACACTGGCTACGGTCAACCTTAATTGGATCTACTCGTTTCCGACCATAGAAAAATCCTGACATTAATGGTTCATTCAAGGGAACGCGTCACTAATTCGACCCACTATAGTGGAAGGACCCGCTGCCCGTGCTCTGGGTAAAAGGAGACATACCTCGACGTCACGCTCGACGGGTAGCAAGTGTTATAGCGCCTGCCTATTGAAAGTACGGCAGGAAAAGCCTGAGGTGGAGGCTCGCATCTATGGAGACCGGTAACCAGGTGCTCGGCCCGCTACCTACCTCCCAATGCTATCTGCCGTGCATTGTTTACCAGACCTTTATCGGCAACTGACGAAGTACCAGACAGTCTTACAGGTAGGAACTGATCCCGGGTT,1750,50.8,Escherichia coli
SEQ_355926,TAGACTTTTCGTGCTCGCACTCGGCACGGCACATAGCCGTTGTTCACCAATGAGTTGATGTGTATTGCTGGAGATGGCGAATTATCAATATTGTGGCTGTAATGCCGGTAGTATCCGACGGTCCCGGTTATTTGGAGGCACCCTGGGCA,149,51.01,Drosophila melanogaster
SEQ_885529,GAACTATTGCTAATTGGCGTCAGCATGCACTCTTCAGCCCCATTAAGCCAAATAAAACGCCTAGGCCGGACGTTGCCGCCCCGTGATCTGAGACTCAAGTTACATGGTCTTGCCCCGCTATCGTTTTTATGACGCTACTCAAGGCTCCTTATGAAGAAACGAATTTGGGGATTTTCAAATGATACTACGCCGGAAACACCGGCGCGACAACATTGCTAGCATCACTTCTTTTTATACTTCGAGACTTGTGTTTAGAATAATGTAGACTCAGGAATGCTAGAATGGGAGCTTTGATGTCCTTTGACGCAAAGCTTGCAGGTAATTTGGCATTCGCATCTGGCTCTTTGTTAAGCTAATGCGTGTCGTGTATCGCTCGTAGCCTCCACATTCTTCGTCCGGACAGGTCCGCGACACTAAAAA,420,46.67,Escherichia coli
SEQ_842131,GATGAATAATCCCGCTACGCTCGAAGAGATACGAGTCGAGTGGACTCCCATTTCCATAATAAGCGCATGCGCGGACGGATGGATAATCGGGGTCGGACGCTACATTTCGGCTAGCGCCTTCTTGAGCGCAGTCAAACAAATGGTATCTCGAGTTACGACGGAGTAATAGCCGCACATGCCCCAGAACGGAATCGTAGACTGAGCAGAGCAATTGTCAGTCCAGTTGCCCACACTCCGATGTCGGCAACCAATAGCAACGCTGGGTGGTCGCCACTATGGTCGGCACCCTCATGGACATCTCCCTAGGCACCGGTGACCGTCTCTCGCGCGCTCCGGTGCGGGTCACACATTTTTAAAACCGGGGAAGGTAATATCAGCATTCACTTAGTCCGCCAAGAAAGAAAGCTACCCATTCCACGGGTTTGTGTGATCCACTGTGCGTCCCAGTGCCGCATCGTTGTGTCAATGCGCGAGCAACGTCGCTATGACAACTGGGAGACCCTTGCCACATCTCATAGTGGACGGCTAAATCTCGCCGTAGTGTTTACAACTATCTAGGTAATCTTGTCAGAACCATTCTCTGCACGTCACGCTCGGAGCACTACTTTATGTGGGTTGTGGACCGTAGTTTGCCTAGGAAGCAATGACCATAACCATACAGGCAGGGCCCCAAACGGGACAGAAATCCGCGAAGCTTCGGCCTGTCATGCAAAACGG,717,53.28,Drosophila melanogaster
SEQ_850652,TACACTGTACTAAAGTCCGAATGGGGCGCGTAATATCTCGCATCCAGCAGCACCCGGAGCGAGCCGGCAAATTGCACCCAGTCGCATGTATCGTAGAAGCCTCGCGGCATCGATCACACTCGGGCTCCCCAATCCGCCCTCGGGAATCATTGTAAGATAGCATTATAGGATACTGCTGTAATACTCGCACGGTTGCGGGCGCCCATCCCTGTCTATTGCGATTGCCACGACCGCATAGAGCGCAGACGAAGGACGGAAGAGAAGTCGACAGTCCCTCTTGGCTATTTCCCGCGTAGAGGGGCATAGACAACGATAGGCGTCTGTATACCCCAAACAATATTTGAAATTTTCTATGTGAAAGCCGTATAGCTTTTACGCTGAGTCATGAAAGAGCTAGTCTCCTGTTTTAAAATCAACCGTCGCGCTCTGCGGTTTATACGCGCCCAGAGGTGCACAATGC,460,51.96,Drosophila melanogaster
SEQ_652123,TACTTCGCACGGTGCGATTAGGCACTCCGTAGTGTCTAACCAATGTCTCCCGGAGTCAAGCAAGGGCGCT,70,55.71,Drosophila melanogaster
SEQ_727082,CTTAAAACGGGGAAATATTATAAAGTAGGTCAAGACTCCCGAAAGCGGCGGAACCTCGTGTCCCCTAAATTTCCGGAACATCTGTCGCGGTGACAGAGAGAACGCGCTCACGGTTACGGTCTAAGCTGGCCATCTTGAGTTTTAGCAGGGCATAAATGTGCGGTGCGGACGACAAAACCCGC,182,51.65,Drosophila melanogaster
SEQ_712382,GGAGCGCGTTGTGTTCCAAACATGACGGCGTCAACATACTTGCTTTCGCGTGTCCATTTCATTTAGCTGCAACAGCCGAAGGGCGCCAAGGTGAAGGAAGTAAGGCAAAGATGGCGTGTTGGATAAGTGTGTGCACAGGGAGTGTCAGGCGGCATATTTGGACTCGATACCGATAGTTAACACCGTGAACTGACCTAGACTCTGCTAGGGTTGATGCTTCTGCAGCGCGTTACAAGCCACCTAGCTGGTCGCTCACGAAGACTCTCAGTGTCCCTGACGCTTCAGTCTTGAACTGTGACGATGGGGTGAGCTCCTCGGCAACAACTTGGCAAAACCTCGCCGTTGCCTAGAGGTCACCTCCTGTTTACTGTCTTAGTGCCTGCCTCGGTATAGGAGACGCAGTTTGACTTCAATCCTTACAACATTGGTAAAAGTAAGGTCGCTTCTGTTTTTGTGCCGCGCCTCCCAGGGAGGTCTGTTCGACGAGTGGGCGTTAAAGTGTACCTTAATAGTTGCCAGGTTACCATGTGAGCCCATGACAGTATTAAATAACACTGCCAAATGATATAATGGCGTGTGCGAAATTGGCTCCTGAGATGAAGCCCCTTGCGAAATATCCGGAGAAAAAGCCGAGTGGTGTATCTTTAAGAACCTACTTATGTAGCCGGCCATACCTACGTCGTCTACCTTCTACGCTAGATACGTGTAAGCTTCGTAGTTCGTAGTATTGCAAACCCACAT,741,49.66,Homo sapiens
SEQ_538944,CTAACACACACTTGTAGTCGAGCCACTAGCACCTACCGAGTCTCGTACCTGATAGACCACTTGCTTATGTGCTAGTTGACAGTTCGGCCTCATACATGCGTAACCGCTCAGTAAATAGACAATGACCCAGCTCCGAAAGTTATTATCCCCTGAGAAGGTAAGAGACTGTAAGCACCCTGTGTCCCAATTCGTCTTAAAACTGCCTGCATAGGTCGAGCAACATGGATTTCCAAATCCCCAGATTATTCTTACTATCGCATAAGGCTAAATAAACGCGTCTAGGTCAGCCAGTTAGCTATATCGAGCCGCTCCTGTCTCTCTCGCCCCCTAATGAATCTCGGCCCAAAAAGTACTTGCCCCACATGGGCGATGTTATAGTGGGCGTTGTTACATCCCGGTTATGGAACAACTGGGTTCTTGAGTAGCGAGATAAGATACGAAATCGGTAGCGTGTGGAATCGGCAGGAGTAGTGGCAAGACACGGAGAACAAAACACAGAGGATTGACTGACCTCATGGGGTTTAGAGATAAATTGTCACCCGGCGGGATGTTAGCCGCCGTCTCGGCCTTCCCTCGTTATTGAGGAGCGTCTAAAATAATGGCTCTGCGAGTGGACGGAGGAACGTCGACGAAGACCCGACGTGAATCGGGATCCAGAATATCGGCCGCAGGGGACAGTCCTCCAAACCTGGGCCTGATACTGC,704,50.28,Mus musculus
SEQ_723613,GATCTTAGGGGCCCCGCCGCTTTGGATCGAGTCTGACGCACTGCCTTTCGACTTCCGGCTATGACAATGGAAGAAGCTTGGGGGATACACTACTATGCATTACGTCCCCGAAGGTGCCGTTCTAGTCCACTGCTTCATTCTTAACTGCGACCCGTTGGTTATAGTTCGAGTTCATTCCTGCGAGAGCGGGTAAGCGTTAGGCATCGTCTATCGCTCGACCCTGAAGCGGTTCCTTTGGAATGTCATGTGCTCAAACGCAATGTACTTGCTCACGCGGACATGCCCCCGGGCGAACGAGATTCGGAGAAGTACGGTCTCTTCCTTAGCATTGACGTTTGCCTTGGGCGTACGTCATAAAAGATCGGACTCCGCTCAGTTGGAAGATGGCCGTTTGCTTCAGGGCAGCGTTAAATGACCTCGATCCGAAAGTACTCAGAAGTGAGGATGCTACTCTTGTGTCATGAACTCGGGTGTGAGCTCGACCCGAGCGTAAGATGCGCGTTGGGAGTGAAATGGAAAGGCATAGCTAGGTCTAGTCCCCATCAGTGCGCGCTCTCGCGTTTATTTTCGCCTATATCTTGCCTTTCATGGTAAAGACTCACTAATCGTTGGACTAGACGCGGGACTTCGTCGAAGCGTAGATATCCGCGCTCAAGCGGCACGCGACTGATGACTCGTTAGACCTCCTGAATATCCTCAGGGAGGACTCTGAGCGTTAGTTACGAGATTCGATCTGATACCCTCGTAAAATGGGGTTGGGTCGTATGATAGATATATGAAAGTGCTTTGTATTCGATGTCTAACTCTTCCTCCTGATTGAAGCGCGAGAGTTCCCTATTGGAGAGTTAGTATAAGTGTGTATGTGTCGGCTCCCTTCCAATACTTAAAAAGGCAATACAGGGTCGTCTAGGATACAGTGGCAGCCCGTCAATAAAACGGGACGGGCACGTTCTACCGAGTAACC,964,50.83,Saccharomyces cerevisiae
SEQ_273549,TGAAGGAACCATCCTGATTTTGAAAGATGTCTGACGTAGGGCTTATGACGATATAGATGAAAGTGTGTATGCCAGCGTCGACATTCCTTGTACGTATTGCAGGAAGATGGAATGCTAACGCCAGTCATAGTTTTAACACACCTGCCAGGTTACTAGTCACTGAGCCCCACTTAGTCGAACGGTCCACACCCGTTAATTCCGAATTTGATCTAATGTGGTATCAGATGACGTCTTAGATTGTCAAATGCGCCTTGCTAAGCCGCTAGGTCCCGCCGCCCTAAGTCCCCATCTGCTGTGACGCGCGGATTAGTTTCCATGACGCTTTTCCGCAAAAGGTTGAGACCGTCTGAATTTACAACGTTGAAAAGCTCGGTGAGCAAGATTAAATGGCGGTCTTTGCGGGACTAAGAATTCGCCCGTTCCTAACAATTGACTATGAATTGCACTGATAGGTGATGGACTCTAACTTCAACGTAAGGCGGAAGATCCCAT,492,46.75,Drosophila melanogaster
SEQ_789205,CTCCTATCCTCAAGATTTATAGCCTCGATTAGGCTTACATACGACTTGGGTATTCCTTAAGCAACTGCTATTGGAAACTATTCATCGCATTTATGGGCTCGTACCTCTCATTGGTCATATTCCAATATGATAGATCTTCCGCCAGTCTACAGGAATTACACGCAGTCCGTGCCAGTGGTTAAGTGAACGAGTCACTGCTTCCGATCCAAACAACTAACTTCGTTCCCCACATTCGGTTTTTGACGTTCTTTATCTAAATTAAACTACTTTACGCCGCGGTATAGATATGCTTACTGGTAGCAGCTAATCTCAAGGTGGTGCTGATCGCGGGGGACCAGCCTATGAGAATATCGGGCAAGGGACCGCTACTACGACCACAAACCTGCAATGTCAGCGATATCTCCCCCCAGACACGCTGCTGGACGAGAGCGCTATATTTGTACTCGACGATCAAACCGCAAAGATATAATTTTAAAGTAGAACCTTATTTAAGGCCCATGCATGTCCATGCCACCAAGGGGTTGGAGAGTTTTGATATTAGGGTGTAAGCCTAGCGCGCGTGTTATCGTTTCCGGCTGTCCCAAATGCCCGGTACTATCAGAGGGTCAATCCAGGCGCACGCTATATCGGCCGTATCACTTTCAAGCGTTGACTTTTGACGGGAGTTAAGCTCTTTGAGATATGATAGGGGTGTGACGTGTCGATCACTGACCGTCCCTGCCACGACTACGCGATCTAGTTCGTGGGTATGGTATACGCGTTCGTACTTAGCCCGGGCCTCAACTGACGCCAGAACGCCCCAGTGCGAAAACGCGTCACTATTCCGCCATCAAGTATGTAGAATATTAATATGGCAGACTCGGCGAAAAGGAAGCGATCAACAACAGGACGTCAAGTTAATGGCCTTATTTTCTCAGATATTCACATGTCGTAGGTAGGTGTGACCGTGAATTTATAATGCATAATCCGGTCTCTACAACAGATCGGCGTACCGACCACGGTTCGGACCGGGAACTCTAAGGGCACGCGGGTCTTTCACTGTACAAAGAAACATGCTTAAGCTCGAAAAAGTATGTGCTATGGACTAACCAGACTGCACAATACTAGAAACTATATGGACTATTGATTTTCAGGATTCACTTTAGCATAACCTTTATCGACGAAGAAGTGTCGACGGCATAAATAGTCGCAGGCTATATTGCTGTAATCGGACTAGAAACATCATTGTATGTCAGACCTTTAAGGAATGCCCTTGAATGAACTTTGGGATAAGGCAAATGTGTATGGCTTTGAGGCCCACTCGGGGCATGATAAAACCATCTGGGCAGGCACCAGAGACGGAGAGGCGATAAGCGTACTGATCCCCATTACCGGGTTCCGCCCGGACTAACACAGTGTCGACGACCGAAGCAGAAAACCCTAACATGTCAGGTAGTCTCTGTACACGTCTGGAACCAGAGAGTGGATGCAGATATTGATTGCAAAACGTTAACCGTTGTGCTATTTAACGCGCCGCCGATGGTTTGTCGTTGTCCTTGCCAGCAGAGACCTCCACAACGGCCCAGGCGTTTCCAGTCCTAACAGTGTGCTTCAAGGCACTAAGAACGGCTCTGAACATATGTCCC,1625,47.69,Caenorhabditis elegans
SEQ_425262,TGACTTGATGCAGAGGCTCTGACATCGAGCATGGGGAATGCAGTTGATCATGTTACTCGGGAGGTACTCATTGTGCACATATGAGATGATCTAGGTGGTTTAGTG,105,46.67,Homo sapiens
SEQ_622277,GTTGCGTGACGGTGACTCAGCTGTCAATACTCAGCGAATATGGATGAGGCT,51,50.98,Homo sapiens
SEQ_310045,ACGGCTTACACTCGGTGGCGGTGTTTGAAGTGCATGATATGATTGCCAGCATGCGAGCGAAGGTGTACGGGTTTGTCGTACTTTACGATTGACATTGGCAGCTCGCAATGGCGGATAATTTACTGGTCGCTCCTTCTAAGGCAACGCCGTCTGTAGATCTTGGTCAGCACGACCGACTCCTTCGCCTTT,189,51.85,Arabidopsis thaliana
SEQ_931728,GACATTGCTTTCTCAAGCTACTATTTTGTCGCTAGCCATTTCTCGGTGCTAAGGCCTAATTTCCTTGCAACCGAATGACTATCGTCGAGATGGAGATTCAGGTGGCAAGTTATCTTGGGTATAAACACGTAGGTCATCGTTGTACCATACTACCACGAAGACGGATGTGGGTCGCTGCGGCTCACCTGTTCGTTACCTGCTTAGGGCAGCTACCGAGCAGGACACCCTCTAAGTTCCACCCACAAGTATATTCGCGCATTACGCGTTTATTTGTGGCACTGATCTTGACTAGATGAGCTTACTCCATTGACACCGTGCACCTGCCAGCCCAGCGCAGATTAATAATGCGCCGACTTTTTCACAGGGAAACCTGGTCGTAATTAGCCAGCGAAGGAGGGCATAGAGCTTACTTCCTTGGTCTGTAGTCTCTGGAGAAGACTCCAGCGTTTAAGGGGATGGTGGACCTGCGGGCGAATGATATTTCACGAAATCTATATGGCGCACTGGATGGGACGAGGAGAGGTAATATTATTAGAGCTAGACGGCCCGGCGCCAATGCATGGCGACGAGCCGCTACCGAGTAGGGTGACTAGACATTCTTAGCACATGGGTGGCCAAAAGAGTTCTTATAACATTACATCTCGGGCAAATTGCAAAGGTACCTGGTCAACTAATAACAATGATCGGACATGGAGTACTCATGTTTCGGGAAAGAAGGTGTCGAATACCAGCCGTTGATGCTCTGTATAGGTGCAGAGTTCTAAAAGTCAAGGTCAAAACTGGTTGCCGAGTTCAACTATTGTAGCGACGATTCTTCCACCCT,823,48.6,Homo sapiens
SEQ_129346,TAGACTATAACTTGTACACATCATGACGAGATGAGAGAACCTAACCCTTGGCGCATGTCAAGTCACGGGGAGCCGGTTGCGTTCACGTGTTAGGTTTGCTCAGTTGACCTGTTACCGGACACAGGCCAGTAGGCGCCGGCCGTCGGGGAAACCCAACTCAGCAATCGGATTAATACCTGATTAAAATTTTACTCAACGTCTATCTAAGAGAGCGTGAGGGTATACGTATTAGATTACGTTGACTCTATGGCCTGATAAATGTAATTTCTTGTAGTACAGCACATGTTGCCTCCCCGATACATAGCCCGAGGGTTGCTCAGCAGGCGAAGCCCCGACCACTGGGCCTACTGAATGGGGCCGGTTGCATTCGAGCCTGATAGCTCAGAATTGGATACTGGTGCCGGACAAGACATCAGCCCTCGAGCTTGCGTAAGTAGGGCAATACCAGGTTTGGAAAAACCCGCCGCATGTTCCCTTTATGCCTCGCACATAACACTCCCCGGGCTGTCCCGCGAACGATCACTCTAGAGCCTCAGTGCTTAATAGTCACATTGTCATAGCACGTGCCTTCTGTGGCCGGTGGCTCTGCCTAAGACTGATAAACAGACGAGGGGAGAAGAAAAGACTGCCCAACACAATGCGCGTGGTTCGACCGGTCTTAGCCACTAGATCGGATATGTTGAATAGGGGTTTTGGTAGATCTTAGGTTCTAGGAGACTGTCACGAGATACGTGCGCCTGTTAAGCTCCCGCTACAGGTTTGTATTCTAATGGTGAGTCGCCTTTTCCCTGACCATATTGCGGCCCCACTCAGGTGTGGACCACATAGCGGAATTGAGTGCGGTAGCACGAACCTGATGCAACAATGTCCCGTAAGGTTTTGGAATAGCTGTATGCACACCGTTTAACATTTGCAGCCTCCGTTATATTCTCACGCGCGGCATTTGGCCCCTCAAAGCGTAGCACACTTTTCACGCCCGTGGTTCACGTTCCTGTCCCCGCTCCAATTATAATGCACTTGGAGGGACCTGACCCATGAATAGCCCTTCTGGCTAGTACGCGCCTTAACAGAGTCGCCCGTGGGTCGGGGGCCCGCATTGGTGATACAGAAACCATTTTTGCATTAGGCCGAGATTAACAAGGTTTCAACGTGCTTGCGTGTAGGGGAATAGACGAGGGCGGACAAGGTTGAGGACGACTGACTTTCGGGCATCCAAGTCTCCCCCTGTGTTAACCACCCCGGAGAGCCGGTTATGACTGTGTGGTCGGCCACGCTGAAGTTCCGGGTTACGCATCACGATCTGTCTGTACTAAGATGACGCCGAGAAGGTC,1331,52.14,Drosophila melanogaster
SEQ_878540,AGGTTTGCCGGATTTGGCGGGTTGATAGAAGCATGCGAGTCTATTAACATCGCTCACTCGGACTTCGACAAATCAACAGCTAATCTCTTTCTAGCGTTCATACGACTCGCGATTAGCTATCCCCCCAGCTTAGCTTAGTGACACCTTACATCTCGAGCGACACAGGAAGAATGGATACCACTTCAAGCCACTGTTTGCTACTTGCAGTCGTGACTGGCTTTTTGTACCGGGACTGATGGACCGAAGCCTCATCGTCGGCCTACGTGCCAGAGGCAAAAGACCATGTAACCAGATGACCTCACCTCATAGCA,311,49.84,Arabidopsis thaliana
SEQ_891482,TCTCCGTGGTGGGAACAAACTGTCGGCCAGTGGGACAGCCCCTGCGCATTGTTAACCGAGCGCGGTCCTTGCGGAAAAGCGAGTAGCACTGCGAGTGCGCCATGTTCTCAAGCTCTGTTGTTCGGGAGTTCGTAGCACGCTGAGTGTTAAGTAGTGTCCTTAAATAGGGCGCGATCCCGCTACAAGGTTACCCTCATAACGACACACAATCA,212,54.72,Mus musculus
SEQ_703068,CTGGTAAGTCACAGGACAGGAGCACTTGGTTGATTCCACTGCACGACTTGACTCGAGGCCAGGAGCGAGGGGCTTACCATAGGCTTTTGTCGCTTTAATTAAGCGTCGTATCCGATAGGAAACATCCAACCGCCATTACGGCGT,144,52.08,Escherichia coli
SEQ_318962,TTTGGTTCAGTGCACGAAGGGCGGTAATGGCTTAACCTATTACACTCGTTTGCTAAGAGGATCAGGGCACTCGGAAAAAAGCTGTACAACTCAGCTTGAAGCACACGCTGCGTGACTCAGCAACGTGAGTAGGACGTTTTACTTTACCACCGTGAATTCTCGGTAGGTAGTGGGTGAGGGGGTCCGGCGATTGCTAGAAACATAATTTAGGCACTGACGGGCTTGTCTTACAAGAAAGAGATTATTCACACCTGACCTCGCGCAATTATAGCGCCCTTTTCATGGGTCGATCTCAATGGACCTTGGTGCGGGGGCGTTGCACGTTGAGTTAAAGTCACCGCGGCCACGGTTTTGCATACATCCGGGGTCTACGGCGCCCACACGCTGGCATCGTGGTGGTAATGTAACTT,410,51.22,Caenorhabditis elegans
SEQ_815080,TGCTGGATGCTTCAGTATTTAATACCTCTTGTGTAGCTGGGCGGGCCTCCGTCCCCCTTTTCGACAGTCCTGATACAAGCCGCCGCACACAGTACTGATAGTATCGAATTCATAACGCGACGCTTAGGTAGCAGATCAACTGATAGGATGCTGTGCTAAACCCATCTAGTAATGGCCATTGGTCGCGCCCGTGTCCGCAGAAGACTGTTGATAATCGTTGTGATGTGACAATCATGGCCACGGGCTGGGTCCCTGCTTTATAGGCTACCAAACGATGCGACACAATGAGTTTGATTCTGCGCAGCTGAGCAGATACTGCTTGAGGGAAGACATCCTGGAAGAAGTACCCAGCCGTGTGGGCAACGGTGATGGATTGTTCTTCTCAACAACACTTGCTAGTTTATGTATATTAGGCCGACTCAGCTGATAGGTAGGATCCAACGACGTCGCCGAGACTGTGATGTATTGTAGCGCTCCTTCAAACCGGTCCTGGATTTCCGCGATCGTCCGACGGCAATAGCGCACGACGACACTCTGCTCATTCAAGCTTCCGGCTCAATATTGCGGGGTGAACAGATATCCCTTACTTCTAGCCGACGCCTAGTTGCGGGTCCCTCCCACCAGTATTGTGCGCAAACCCGTCTCACGTGTATGTAGTGATTTCTTTACCCGCCATCTTCGCGGTAGCCTTACGGTAAGCAGCTGCCTCAACACCACGACCCGTATGATCGTAGTGCGGAGCGCCGTGCGGAACGGAGGTTCTAACAATGACGGTGAATTACCAATATTACTAACAGGGGATACCCAGCCGCGAGTGCCCGTGCGTGCAAATGGTTAATTGGGATCTTCCTCGATTAGCCATGAAGGAGTACGCTTTATCTAGCAGACGGATACCGTGATTATGACGGCTGCGGGTACTGATGTGGACCGCCGCATTACCTTACCCTACTGAACACCACGGGCGCAGCACCCCTCTCGCCGGATCGCATTGGACGAAGAAAACTAAGGCGCGCAGGCGAAAAAGTTGCGTTTCTAAAAAGCTAGCAACTGCTGAAAAACAGGCCCTGGGCTACAAAGTATTTGGGGAGCGGATTGATATGCACGGCATGAGCTTACCTTTTTTTAGTTCACTGTTGCGAACCAGCGAGCACTCCATGCCTTAAGTGATTGCAAAGTATACCGATTAGGCGTATCA,1195,51.46,Homo sapiens
SEQ_595114,TTATATCTTTTATCTAGACAGTGACGAAGAGGGATGATAGTTCACACCGGCTGAGATTTCCTGGGCATCGCGTCTCCTTGCGCCTAGCGGGATGCAGTTAGTGAGCACTAAAGACTGATACGACGGCATCCGGTTCATTCCCGCGTGACTGTTAGGTGGTGAGGGAACTTATAGGGTCCGGCGCTGAAGCCAGAATGCCACAGTTGTCCGTTGCTACATTAGTTACCAGTCTCGGGCAAGAGATATTTTTGGTAGCGTAGCTAAGAATACT,271,49.45,Escherichia coli
SEQ_980355,CAAATCCCAGCGAGGCTTTCCCTGTGGTTCTCCTGGGTCCCTCGGAAATGGCCACATGCGTGTTATATATTCACTTAGCCCCGACCATTCTGTACGAATATCAGGAATACGGATAGCGAGAAAACGTCGGTTACACTTGGTGCATTGCGCTCGGTGACTGTCTCGAGGGGTCCCCACTTAAGATGCGTTTCATAAGTGGTCGTTCTGGAAAACGGTGGTTGAGCGCATCCGCACGAAGTCCAGTCTTTCAGTTTACCCGCGGGCGTACGGTACCCCCTTTAACTGATCCTAAGTGGTATATCTCAGTCTATAGACCGGAAAACCGAATCATTGTTATTCGGTGGCGAAAATGCCGGAATGGAGTCAGAGCATCTATACTACACCACGGGCAGGTGTTTGTGCACCTGAGGTGAATGGGTGTGAAGTTCCTGCGCAACCGTGAATATGGCGTTAAACCCCTAAAGCCCTCCGTCCACACAAAGCCACCTATAATGCCATATGGTAGACGTCCCTGATCGAAGGTAGTTAGATTAGGGGGGTAGTCTAATTACCGCTGATTGAAAGGCCTATTTTATACGCCAAGGTTAAGACCTTCGGAATAACTTGTTCAGCGAATTGTTGCTCGCTTTGACTACATTACCTATGGTCTCAATCGATCGATCGAAGCGGCACCAGTCGTGCGTGTCCTGAAGATGGACTAGGACATAACTCAGGGCTCGGAACGACAGTTAGTTCACACTTGCAACTGCGGCCGGTGGTTCGCGGCTGCGTCTCCGAGTCTGAGAACACTTCCTTAAGTCCTTCGTCAAATGCCTAATAAGAAATAACCTCTTAAGGTGTAGCTGACCCGCTGGTTGGGGTGGTTCCATTGAC,873,49.94,Saccharomyces cerevisiae
SEQ_779035,GTTCAAAGCGCTGCATGTCTCCCGTTGAGATCCGCAGTAACACATGGTTCACGTATTCTATGGTCGCGCCTTACGCGTTGAGCAGGAGCTGGTAGCTACCTCTGACGAAGACTGTGAATCAAGCTCTACCTTCGTCAAGTATTAGACCGTCTAGGCGTTACTTGGCAAGATAGGGTTACTCAAAACAAATTATTTAAGTCGGTATCCGCAGTGACCCGTCGACCATTCTGCTAGTATTCTATTATATTGACCTAAATCATACTCCGGAGGAATTTGCCCGTGTTAGAAAAACCGCGATAAGAGCCTTTTTAGGCGCTTGTGGAGGATACCGTCCAAGCTGCTCCGCTGCCTATATCCGACGGGATGAAGATTCCGCCATACGCAACCATCTGAGGAGTAAACTAGATAATGTGGGAAAATGGACTAGTCCTGGGCGGCGTAGCCGTCCATGTCATTGATCCTTCCAAAATACTTGGGAGAGTGAGCCCTGTAGCCCGGGTGTCTGATTATAACCATTCTAAAAATCCACCGCACACAGATATCGATTAATCCAGCAACGGTCCTACGGCTCAAAAGTAGTGGCTGTCTATTAGCAATACGTTCTCTTCGAGTTTGTAGATTCGGCTTGTACCAATTTGCGACCCATCGGTTTCGAACGGCTCGGTTTTGGTTGGCTTCTCTATACTCCGCTGCTGGATACTAGATTCCAGTCTTGAAAACCAAGCGCATAAAGGTCTATTGCGTAATAGCATATTCTATGCCGTAGTTGTCATCTAATTTGCCCATTAGACTCACTCTTAGAGGACGTTAAGTCCACTTTAACTAAATATCGCACCGAAATAGGCTCCTGTCTTACGATGGCGAGTGGTGTTGCATTAGCTCCTGGCTTGGCTCGATCCAAGGGGAATATTCTGTGCGGTTCGGCTGGTTAGCTCGTGGGCCTCGTGCAATACCGCCCCGCAGAGTTCGATCGTATAAGAGTTCAGCTAGCATAACGATATAGTAGCCATTCACAATTGTGGAGGAGCACCCTTACGACACGAACTGACGTCCCTAGAACGCTTGACTGGGCTTGTTCAACATCAGTGTCATCGTAGGCACGGGGAGCATATGTCACGATAGCGATAGGCCGCCCTCCATCAGCACGTTGCGGTGGAATGTATTGACCATAAACAGAAGAGGGAGATTTATACACGGAGCTTTTGTTGTATGGACGGCTTGCTATAATAAAGTCGGTACGGCGAGAGCGGAAATCCAGGCCAGGAGGGGCGGGAGTATATTTATTGAATTGTTTTTATCATGTACGGCGTAAGTCTCGCCAACTCTGGTCTCTGAGATGTCCGTAAGTCTTGGGCAATTGTTAGGGGTCGTGGCTGAGCGCGCTTTGCGACCACTTT,1397,48.25,Saccharomyces cerevisiae
SEQ_590526,TGCCTAGCGTGCGATGAAACAACCCGGACCAGCAGATGGAACGCTATAGCGTTCTACTTCGCTCACCAATCGAGAAAGTCATTGGTGAGGTGGAGTCGACCAGACCAGCTCTACGCCTCTGACGAAAATTCATCCCAACAACTTGTGTGGCAAAGCGTCGACGCACCCCTCGCACAGCTACCAAGATTGCGCAGAGCCGTATAACCCATAGAGGTTAAAAAGGAAAGATCGCGACGAGCAAAAGGCCGGCGCTTTACACATTGCCATGGTAGACTAGAGGGGCCATTCCCGGGACCGTCGCGGAAGTTGCCGCGTAACCGTAATAAATCTTCCCACAGGTGAATCGTTCATAGGCCGTATGTGCGATTATCCGATTCCAGTCAAGGCGAAATTCCCATGACCCAACCGAATTCCAGTCAGACGGCAAGTTGCTGCTGTCTGAGAGGGGCTATAAGACACTCTACTAAAGCTTTGATATCAGCAGACCCTATAGTTTACAGGCCCTGACCCGCTCCGTGTTGGTGGGCGCAGTGCGTGTGGCCCTCGCAATCCAGGATGAATAGGTACCAGTCCCATCAACTAGAGGTCCCTCTTATACCTCGCAATTAACTGCTATACCTTCCATGGCAGAACCCCATACCAGGTTCCCGCATCGAGGAGAAAATTGATGCTCCGGTCCATACTATTGCGAGGCGGCGGCGTATAGATTACCGTCACACTCAGGGGGAACCACATTATGGAGGAGCTTAACCGTTTATACTTTCCAGGGACCGTCTACGGTTACGGACAGATGTTGGTCACGCATGTAGACACGCTAGCATTTGTTCTCGGCATAGCGGCGTCGTCCGCCAATAGGTCGGAGTACGACGAAAAGGAGGCATCCCAACAAGTCTTTGAACATCTATCGACCTACCGGCTGTGTCCCTGTCCGATAATTAAGATGAAAATAAGATAGCGCGGACATTGAGCCAGTAGGCATCTTGCAAAAAAGAAAGGTAATTTACGGGTCCAACACATATCGATGTAGACGATCACCTGGATCAAGCATAGAGAAACTAAGACACTTGCTCAGCCTATGAGCGTGTTGAGGCGTCACCACCGTGATCTCATCCGTACTGCAACGCTTTGTCAACAGTGAGCTTCAGGTCGACAAGAGCTATATTAATGAACGGGGCTAGTGGCTTATTGACCTATGATGTGTAACAGCTGTATGCAGAGGGCTGGGGTTAGAGAGACTGATTTTGCAGCGCAATTTCTGCGAAAGATCCAGATATACCTGACATGCGAACCCACAGAGGTGCATACACCCCACAAGCGATCAATCAGGATAAAAGAACCAAGACTTGAGTTGCTAAGGACCTAATCGAAGTCTCTGGAAATAACCAAATGGTTGACGTTCTGCGGGTGATGATCTGCCTAAACAACTACAAAAATTTTTCCACCGCCACGACGAGTAAGACTTCTGCCGATCTTCATGGGTTAGGTCTTACACAGGGATCGATGGGCGTTTATCCGCCGCTTTTATGTGGAGTTCGCCGTCGCAACCCCAAAGTATAACCAGGCGAGGTCCCTACCTCGAGTTTAAATATCTAAGCCGACGTGCATCCACGCCCCTGGGTATGCGTAGTACGTGCCCGGTGCTGGCGCATGCTATTGCATAGCCCCGCTGTGATTGTATACTGCTGTCCACGTTAACGTGTTCGGACCGTTGCAGTGCACATCCCTCCGGTCAGAGACTGGAGTGACTAATCAGGACATGTGTTGCTACAATTCGTCAGCACCATTGGTCAATGCCGGTTTCAGAGTGTTAAAATGCCTTAGCCGTGGAACATGAATGCGCGCCTATCTGTGGAGTGGCATCAGTCGGCATATATATGCACGCCTGTTATAGCGGATGTAAGACCCGTTGTCACTGGAATGCGCCCAACAAATTCCCTTTGGGTCTTTGATT,1951,50.33,Saccharomyces cerevisiae
SEQ_414994,CGACGAAGCAACGGGCTAATATCTGAACTCTCACCAGACGTTACCGATTGGGATTTGCCTGGAAGCTGTCCTAGCCGTGGCCGATAGTGAAATCCGTGTAGTAGCGCTAAACCGTTCCTGACGGATCACTGCGGGTGACCGCGGAGTGGGGTTTCCAAAAGGCCGGCATTGATCGGAATACGGTGAGGCTAGCCGTGTGGTGTGGCGCTGATGTGTATCGACGTATCATCCGCG,234,55.98,Mus musculus
SEQ_996280,ACTCGACCCATCATTGTTCCTAATTACCTAAGCATCCCGAATTTGTTACGACTGTGCATGAGTTTGCCGCTTTATCACTCGTACGGTTTGACTACGATACGGGGACTGGGATTCGGTCGACGTCGGGGCCCGGGGTTTTATTTACTGGACACATTTTTCGCTTGCAGAGCTCGTCAGTATAGCAATAAGGGCTAGCTTTTTAAACATGTAGGCTGCTCGAGCTGATAATTAGAATTTGGCCACAGGAGTACTCAGTCATGCTACCTATATAGGCATGATCTGCTCCACATGCTAGACCCGTTCGGCTTTTCGCACGACCATCGCAATTCCGGCCCCCTTTTGATGTTAGAGTTGTCGGTGTTAGCGTGTCAAAGTTGCCGATTAGACCCGAGGTTGTGGATGAATGGTACGTCGGCCAGCCTCGCATCATCACGTGCGTCGCATATGAGTAAACCCCCAGTCGCCGGGCATCAATTCATCTCCGTGGACTTACCTCTCCCAACGGCCGTTCCGATTAGCCCAGCCCCTCATTATGTTGAGTGGCACCTTAGTACTACGGGGCACGAAGGAAAATTCGAAGTCGGAAGAAGCTTTGGTACACCGAATCCCGTGGGAACGATCATACAATATTGTGTATAGTCCATCAGTCGCCGCGGAAGAGCTTAGTTCGCCTTCTCAACAATAAACCTTAACCATTTCCTACTCGGAGTCCCACGCGAATGGGACTCAGAGACGGTGTCCGGGCTGTGTGTAGGCAGCAATGTGGGCGGACCGGGACTGCTACGTAGCTGCACGGCCGGGAACTAAGGTCGCATACCTCCCAGCAACGCGTCGTCTCCATAGTCGAGATTTTGCAATACCGATGAGAAGATACGCTTGCGAGAATAATGTCGCACCGCCTAATAATTTAGTTGAACTAAGAATCAATATCCTATTGTGACCTTACAGAGGCAATGTAGGAAGCTTTTATGTCTCGTGCAGCCGAACCCAGCCTACAGCTAAGTTCGTGGACGTCAGAGCTCTCCTTTTTGACCGTAACCAAACTATTGGACTGGGCCGTACGAGCTAAGTTAGTATGCTATAGATGTTATAACTCGCCCCGCTCATACAAGGGCCTCAATTATAGGCTTCTCTATACCCTGATCCCTCCTTGCAAGGTGCAACACTGTCAGCCCATCAGGGCCTCACACCTGACGACCATCG,1203,50.37,Mus musculus
SEQ_461531,GGGGCCCAGGTTTAACGTGCATAGGGGGACCCATCATTGGCACTTCCTAGCGTCATTTTCGTGAGCAGGCGATAGCTCCTTCGTACTAATAGATGTCATTTGTCGCCTAGCCAGTCACAGTGGGAACCACCTTTGCCTCCACTGTGAACAAGGCCCGCAAGAACAGCTCAGAGACGTATGTGCCCGCAATTTCGCCCAGAGTCACTTCGCACAGTTTGTGGCTAGTTTTCAACAGTGGACGGCGTACAATCAAAGCCGAATAGTGGCTTTCATCGCATGCAAAAGAACTGCGCTCTGCAATGGTTCGACGAGCCTCGGTGGCATTTGCGCTAGTTAGCTTTATAGTGGGGTCAAGTAATGAGATTGAGTCGCGTACTGGGCGCAGCCGTGGATAGGGAACGACTCGCAA,409,52.57,Mus musculus
SEQ_376380,TAGACTGAGTAGATAATTCGTAGGGAAAACTCTCAGTTCGAACTCATGCTTGGCTGGAAATCGCCAATTAGAGTAGACGGAGGAGCGAGACAGCTGAAAGCCGCGCGTCCCTAATGATATAAATCAACCCTACATAAGCTTCCATCCGGATGTTCGACTCATACTTTAAATCGAAACTGTAATATATATAATATCAGTCCATTGAGCGTCTTCTTCGGGAACAATCGTAACTTGGACAGTACACCATTGGCTTAGCTGGTCTCATAGCCCTCGCGGGCAACATTGTACTCTCTAACCTCAACGGTGACAAGGTACCACTGTATACACACGCGGATGCTGTGCAGGCTTATTAATACCGCCTAAGCGTCGCATAACTCTGGTTTCCGGCAAGCCGCCATTGCTCTTCCCGGTGCCGAGAGAACCGTTACAACATCGTGCAGTGACCACCCGTGTGATCGGAACGTGCTTAGGTTGGGTTCTTAAGCGTCTCTTTGTTAGCCCGGACTTAGCATTTACATTATTGTACTCATGAGGCCTGGCAACTAATTTATGATTTTTGAGTTGCAGGGCCGCGAATACCACCCTACGAAGATCGAGTTATTGAGTCTTTAAGCAAGGACTCTACTGTGACATGTACGCGAAAGGGCAACCAATTGACATGATTGAGCCCACAGCCACATCAAGTGCACAGACAAATCAGTTCGCACTCTTTAGCAATCGAACCAGCCCCGCGATCTTTCCAGTTTCGAAAGGCTTTACCCCGCGAACGGATCTTATGGAGATTTTTCCCAAGCTGCACTCCACCAACCTGTTAGGACCCCGGGACGACACAACCTCCTCTAGTAAAATAGCAAGGCCGCATATGCGATAAACACCTATGCAGTTCGTCATATACCAAAATCGCTTACAACCCCGTATGCACTGATCTATACGATATCACTACCGAGACGGGTGTCGGTCTTACTGCCAATAGGTAGTACGCCAACACGTGGAAAGGCATCGAGGAGTCTGGAGCA,1016,47.93,Mus musculus
SEQ_570534,CATCCGGCGGCCGTATCAGACCTCCCCCGGCCCCCTTCCAAGTCGTACAGGTAACTGAAATTCTCCATGCCGGGTATCTGGTCTACCTCTGGCAGTCACCAAGACGCGTGGTTTATCCACGCTGAAGACAACTACCGCCTTCACGCTTATCATCCTAAGGCTGAAACTATACAGACGTAAGTTTACCGTGACCCTTCAGGTCGCAGAAGCCAGTACACTGGGACATTAGTGACTCACTACGGATGGGTTGAAACAGGTTTAGGCATCCACGTGGCCGGTTCATTTAACGAAGCATCGACTAAGCTCGTCCGCAATCGTCAGCTCAAATGCCACGCCTTCTCACCGCTATATGTACGAATAAGGCGTTCCACAACCAAATCAGTACCTTGACACGGTTTCCTGAAAACACCTCCTCCAATACCTGAATCCGCTCCGCTGCCACTGTCGGATGTTCTTGCCGGTTCACGAAGTCCCCAGTATTACGTTGCACCACAGATGTCGCCATGGCTTGGTTCCAGCTTACGCAGCGCCGCATCGTGGGCAGTCCGAGCAATGTGAGTGAGACGTACCTCTTAGAGTTAGTAAACTCCAGTTTTACTGTTTGAAGAGATAAATTTTTTGTGGGAGAATTGGCAGTATAATAGCTGTGCAAACTATTCCTGTCCGATGTGCGAAAAATCATGGGACTGCTTCGACGATGACGTTGGACGGGCAATTTTTAAGATGCCAAGTCTCGGCCGTAAAATTGACTTCTGTACCCTTGCTGTGAGCCCCACAAGGTTTGTAGGACTAGAGTGGGATTTAATAAAGGATCTCTAGCATTACGGCCTCGACAATCCTGTCGCTCGGGTTCT,854,50.12,Escherichia coli
SEQ_721659,GGAAGAACGGAAATACGAGAACTTGAGGCACTTTAGTGGAAGGTATACGTCCCGGTGGCGACTAGCGCGGTATTACATCGACCTTTATGGCGACCTACACTCAGTGATGTCTGAAGGGGCTCGATTTTTGAAATCGTTTATTCACTGACCAAGTTTCCACGAGACTCATCTTCTTTAAATCGAGGTAGGTTCTATCTCTAAATTGCGAGGTAGGGATTGACAAGAAAAGAGCTGGTCATTCATCCGGAAGCGTTTTCCCAGCGTGCGAGTGACGTTTGACCTTATGTGGGCCATGGTTACGGTTGGGTTGCTACATCGCCGAACTCAAGAGAAAAGGCCGTTCGCTAGCACATATACTCCGACCGAGACATGTATCTGACTACTCGGCTGCTGCTAATCCGATCTGTTTCGCTATATTACAGCGGTCCTTCGCCGGGGATTTCCTCGTCCAGAGAATAAGGCACACAGCGTGCTCCATCATGCGCTTTAAGTGCACAAGCTACTTCTAATGGTGAGCTGTTTGGGCTGTGTACTCTGGAGGCTCAGATGGGTGCTGAATATCAGTTAGTATCGAACGGATTGACTTTATGGTACCATTGACAATACACACGCACAGGACTTACTACGTCCTATTTAGAGCCGATAACGACTGAATGTTCCGATAAGCGAAAGGCTCCGGCTTTAACAGTTATCTGGGCAAGCTCGCTACGCTTCTGTGTGTAGCCCTCGATCATTGGATAGTCTGATCCCAGAATGCCCCATAAATGCGATACAGCACATGCGGCCCCGCTCTGGGCGAACATAATGACTAGTTCGCAGCGCCGTCGGGACGCTAACAGCCCACGGACATACGGGTATAAAGCAGAAGCGTCAGGAGTGTCGGAGTCAGAAGGCGAGAATCGGGAACAGAAAGTTCCGCCCATATCAATCGTTTGATCTATTTCAGGACCCACGATCGACTGGTCGGGTCAGGCCCAAGCCGAAAAGGTTTGATGTCCACGCGGAACAACTACCGTAGTTATTGGCGCAGGCCCCTGTGCGGCCAGACCCCGATATCTCGTGTCGGTGTCGAAGCGTCCGTACAGTTAGTGACACCATGACTTGGATCATACGAAGTTCGTGTGATGCGAGAACCGTGCATCCACTCCAACCGTGATGAAATGCTTATAGCCGCCAAAGGCCAGAAGACAGTATGCTTGAAGCCTCAACCCGGCACCGCATGCGCTATGGCCATTACTATCTCCATGATATGCTCCC,1257,50.68,Caenorhabditis elegans
SEQ_381726,ACTTAAGGGCTGTTATTTGTGTCGGTCTACAGCGCAAGGAGGAATGCAGAGATAGACCGCTGTTTGCTCATAGGCGCCAGCATTTGGGAGTGAACGAGCACTTGCCAACCTCGACGGAGCAGTATTTCATGGTCGGAGACGTTGTCGCTGACAAATCGTGTCCGTTTTCCGGCTGCGGAGTTTTTAGTAATATTCATGGCGATCTGTGCCCTTCCCCGCGCGAGAGGGGTCAAGCGGAGAATACCACGTAAATGCATCAAGTGCTAAAATAACCGGCGTATGATGGGTCATATGCTGTGCGAATACCCATATTAGGCAGGCCAGAGGATAGTTTAAATCGTTTCGTTCTGCGGCTAAGGCAGAATAAAAGTTGGTTGTTAAGTCTTGCTTAGGTTAGCCTCTATGCTTGACTGACAGTCCCTTCACGACATGAACCGTTAGTGAGACATGCGCGGGCCCCCTTACTCTGTGGTGGCACTGCCTCTAGAAACCAGGGAAAATTGATCTATAAATATTTTGACAGAATCGATAAATACGCCCTGTTACGCGTCGCTTGGTCTTATTATACGTTTAGGTGCTTAAACTTGATCGGCGAGACGTGCTTTCTTGCCGAACCTCTACTATCTGC,628,48.25,Arabidopsis thaliana
SEQ_797877,ATTAACCGTTGGTACGCATTGGTAGTGCGCGAGCAGACATACAGGAAGAAAGTCCCCAGCTGCTACCAAAGGAATCCCCGTGTGCTTCCCGTAAGGACACGCTGTCATGCCGAAACCAGAGGCTCTGTGCACCGCGTGCGATTTTCAAACGCTGGTTTACAGCCATAGAACCGAAAGTAAACTCCCACCCAAGATATCTTAAGGCCGAGTGTCGTTCATATGTCGGAGCGCCCCGCGGCGAGCGATTCACCCAATCGAGTGCAGTCGTCAAATGTCGCGAGATTTCGCACACAATAGAATAACCCTATATTGCAAAACTACTGTACGGCTCGCCCTTGCAGACCTATTGAAGATCCGTATCGGCGTTGCCCTGCTAATGACGCGTATCCCAAAGGAGTCCTCAAGAGAAGTGTGTTAATTACCCTTCGTGTTCTAATGACACGAGTACTGTATTCTTCAGATGGCTTGGGCCGACGACCACAACAATATTCCCTCGGATGGTGCACAAACGGTAAAGACTATGGTCACCATCGAGCGGTTGTAGCTCCTTTTCTTAAAATAGTCGGTAATGTTCACCGTGAGTAATAGCCCAGTCCGTCTACTCATGGCAAAGCCCGTCGTTATTAATATGAACAATCCGCCATAATACATTCATTACTGTAAGTACAGCCTTCATGCACCGGTCTCTGATTTGGTCTGAAGTGGGGTTGCGGCGGCGTTCAATACATCTTCCCGAGCATGAAATGCTGTACCACCGTTCGAACAGCGTCAATGAACTCTTATTTGATCGCTTGCTAACGTTTAAACGAATCATATCTGAGAGAGGACTGAGATGCGAGCTAATGCGTAGTTCTTGTCTGACAATCAGTAGATTAAAATATCGTTCAGCGAGTTGAGCATACTCTTTTTACAGGCTCTCACCCCGGTGGACATTCACCAGCATGACCCTCTAAGACTCAGAATACTTACCAAGGTCGAGGCCCTTCTTACAAACGGTTCCACTACTCGTCTCTTACCGCCTAGGATGTCCACGATTTCAATAATGGTTCCCGGAATCTCGCAAGGTTTGAGACAGTAATTCGGCCGGCATGGCAAGGGCCGTCGAAATGCGGCTCCCTTGGAAGGCCAGATGACAAATGTTACCTGATGACCTAAAGTTTGTAGCGGGCGAGG,1173,48.68,Drosophila melanogaster
SEQ_492728,AAACATTGCCAGAAAGCAGGCATAAGCCATGCAGATATAACTTAACTCTGGAGA,54,40.74,Mus musculus
SEQ_308691,GCGCAGCGGTAGCGATGAATTGACTGATTCCGTCCTGTAGTTCAGCTCGCTCATGTTTTCGCATAAAAGAGCTCCCGGTACGGCGAACTCTTACTTACCCACGTCACGCCAGACATAAGCGCAGCCGCGCTAGTTTCACATAAGGCACCGTAATCGGGATGAACCATTGGTGCCCTCGGCGGTTACTACTGGCTTACCAGAAAATGCTAGGTACCAGCATTGGATGGGGCGAGAAGTTACGGCTTTACAAAGGCAGCTTTCCAGATTACAAGCGGGCGTTTGGCGCTTAATCGCACGAGAGAGTGGCGCCTCTGCTTGCTCTGTAGGCGCATTCAGCGGTGCATCACAGGGCTTTCCTAATAGGTCGTCACGGTATTGACAATTTGGATCCCGCTCATGCTATTTATTGCAGCGTGTGGCCAACCATTAGAATTACGTTTGATGAGTGGAGTGGGCTCCACCAGTCAGCAGGTGATATACGAACAGCGTCTGATAACCGGACGCAGCTCCATCTTCACGCCGCGTCTT,528,52.65,Escherichia coli
SEQ_766036,AGATCGTCTAGATAAGGAAGTTCTTTCACGAATAGGCACGCTCACACAATATACATTTAGCGCGCATTTAGGAAGTGCTGTTCTCCGTACTCTCATGGGGAGATCGCTTCATCGAGTGTCCGAGCCACTTATGGCAGTCTTGCGCCGTTGGTACTGTGTAGCTCGCGGTCCAAGTCAGGCATTAAGGGGGCCAATGCCAGTTGATGTAGGCTGGGTTACTAGCCGGCAAGAGGGTCTCGAGTTGATAGGACTTATACTAGGGTGACGCTTAACATCCAGGTCGGACATGGGTGCCGGACACCATGTCACGTCGTTTTTGGGGAGGAGTTCTTCGAAGTATTAACGGGAAGCAGGGGTCATAAACAAAAGTAGCCAAATGACGCTATGCGCCAAACCTTAGAGCATAGCACTATACCCGAACACAGCCCATCATGGCTCATGGACGCACCATTCCAAGTGAGGACAATTGACCTTGCCATAGCACCGAGTACCACACCGTTATAAACTGATCCAAGCACGCCCGAGGACCACCCGGATGTCTACCGACTTCGACGAGTTAGACATGAGACAACTATTTACATGTTGACGTGATGTCTTCCACTTTTGAATATTTATACGCTTACATGGTATCCATCTAGGTTACCCGGGATCTGACATTACTAGTAAAAGCACTTGTGCTGGGAACACTCCTCCAGTCGAAGGGATTAACTCACTACAGGGCCCGGTTGGTGGTCAGCCGTCACACAGAAGCTAGCTAGAAACCACAGCGAGGGAGGGTAAACTTACTTGCATAATGCAACACTAAGTCACCTACTGGGCCTATTGTGTACGCATGCTCCAAAAAGGTAAGAGCGGCTGCATAACGCAGTGGGCACGCCGAGCGCTCGAGTACTTTTGACACATATCCGGAGTCTTGGCTTCCCGCTAGATCGCTGAGACTAACCGCTTCGGGTATTACGTTTTTGTGCTACTGACATATTAGCATCAGGCAGACCAAGTTTGAGGGGATGGGTTCTAGGAA,1021,49.76,Homo sapiens
SEQ_704421,CTTGAGATGGTTAATTACAGTTTCTCTCAATAGCTCACCATACCCCGTGAGCTATACTCTGTTTGTCCCGCCGATTTGTCACTCCGAAGGGGGTTTATTTCTCGATTCCAGCTTTCCAATAACTCAAGATCCGGTAGTGGTCACTAGCACTCACGCGCTCAGATAAACCCCAAAGTACTTTGGTTCTGAACGCACCAAGTTACGATTC,208,46.15,Drosophila melanogaster
SEQ_129811,CATAATGCGTTCAGGATTTTAGTTAAATTAAGGCGGTCTGGCTAGGTCGCTTCGAACAAAGCACAATATAACGGCTCAGGAGTAGAGACTAGTGTAGTTCTAGCTTGCCGGCATTCATTTTAGATCGGCTAGTGCACCTTGGGGCTCGGGCAGCTGCAGCCGGGAACTCAGGAAAGGGTTCTTCGATTTCAGGTCTTGAACACAAAATTATGGCTTTCTAGTTAGTCAGAGCTAGCCGGCGGTGGACGTTGTAGGGAGTTTGACGATGGTGTCCCAGAATCAATGTCTCATCTGCTGCATTTTTTCGTCAAGGCGGGAATTCTTGTGTTTGACTAATCTAAGATACACATAGAGTTTTGGAAGCGTGTGGGCTAGACACAACTAGGACGGAGTAGTCCAAAACGCAAAGCCCAAGATCAGATGTGCCCCAACATTGCCCGAGCGCATACCATGACACATGTAACCTTCCTTAGGACAAGCAGGGATCTATGGGATACTCATAATGTGACGTCTTAATCGCGTTTAGGAGCAATCGTTGTTATCAAACCCGTGCTTAGTTCACTGTTTCGGTTACACCAGTGTCTCTGCCTGAACACCAAGTCATAACTTTACGCCTTTTCCAAGTGTGCCAAAGCCACTCAGAAATAACTGAACAAGAGAACAAGGCTAGCGAAAGCAATGGCCAAACAAATGAACAGGTCGGGATCGTGTAGCCGGTTTTGCGACAGTACCTACATGCTTAATACGAGTTACGCCAACAAATGGCCGTTCCGCGACTGAGAACAATGGAGAGCTTCGATGTCTAGGGGAAGACAGCAACCCGCTATTCAGAAGCTTATAAGGCCACACGGGAACTCTCATGCCTAGGCGTGATCTGGTACATCAAAATCTTCTAGATCTGTTGCGATTAGAGTGATTCGCATAAAGTGTCTCGAGTGCCGAAACATTAATCTTACGGCTGAAGTGTACGCCCAGGTGCACGACGTAGGAAACCTTTCCAGCTTTGCAGACCCGGTAGAGTTGTGTCTAGACCCAAGATCGGTCCGAAACATCGTGTGAAGGACTTATACCGCCACGAGGAACGTTTATGAGAGGATAGTACTGATTCTTCGGCTTTTAG,1120,47.32,Drosophila melanogaster
SEQ_412795,ATGTTCAGGCGCTCGAATGCGGTGACAGCACCTGGCCCATTTCGCTTACAACCCCAGTCGGGATCTACGCCTATAAAGTAGCAAGATGCTGGACCGTATAAGGAAATTAAAATGCCCGGGCTATGGGGCCCGAGCATCACAGCTTAGGTTTATACCACTCGCACGAGCCTTCAGGCAACATATCAAGACTTAGCAGAATCGTTTACGTCCACATCAGCTGATTGGTTGAGTGGCCTCAGTAATAGGTGCAGACAGTGTACAGGGTGCCTATCGATGTTGAGAGTTTCTACCTACCCACTCTGCTCTCAAGCATATGTTAGCGCCGGTCCGCGGTGACTCTCGTGCTCTATTGTGCACTATCCCGTGCCTCATCTGCGAACGATGGGGGTTCCTTGTTAGACTTAATGTTAGCCTCTAGGGTTTGGGAAGAATATTCTGTTCCCCATTGAGACCCCACTACGTTTTGTACAGCGACGAGGTGGGTAGCAGGAGAATACGGGTTCCTCCTAGAGCCTTTACTGTGAACCGCAACTCATATATCTCGCTCCGACGTTTACGATGTGAAAATTACGATTTCTGGCCGGATTAAAGTGGTGGTTAGCGCCCTCCTAATTAATGTGATACCGATGAGAGCCGACGCCTTCGAATGTTGTATGGCCCAAAATTGGCTAAAAGCCCGTATAG,684,49.71,Saccharomyces cerevisiae
SEQ_201700,CCGAGGAACTCCTCCGGTCCTCGTCGAAGCACGCACATTGGATCGCTTTACGTGCGCGCGGACTACGTCATATAATATGTCTTTGTAGTGCGCCGATTAATAAGCGGAGCGTATTATGGGTGTATAGGCCCAAGCATGGTCCAAAAGGTAGACCCATTCGAAAATTTAGAGCGCAGAACGTTGCCACTCAAGTTACTAATACTATAGGTTAACGTTAAAAGGTGCATAACTCAACGCCTTAGTGAAGATGAGA,253,46.64,Escherichia coli
SEQ_462320,AGATGCCCCTTTTTTGTCACGGCGTCCTAGAAGAGGCCGGCTGCTGGCCGACTCATACTACGCGGGTGGCGGACTCACTCTCGTATGTGGACGTGCATCCTTTACCCGTTCACGTCCTACGGAGTTCAAGTCGCCTTGCGTGACTTTCGCACCCGGTTCGTTGAAAGCACTTACTACACATCGCGACAATAATTGATTATAGTGCAGGAGACCTGCCCAACGAAGTTCTGGACTTAGGGACATTGTTAACATTCCTTTAGCGCAGACATGGAAGAGACTTACCTGAGCTTCAGGCTTTCTATCGTTCTAATAGTGCCAACACAACAACACTGCGAGCCTGGGTAACTCCAGCGCGCGACTTTGTATCCAGAGCGACAACTCACCCTATGCCTTTTCACGAACGGTGCAGACGGCTGACATTCTATTGGAAAAGCGCAGTATAAGAATGTTTGACTGTACTTCTAGCCGGGCTTGAATTCTATGAGAGCGCACTGACGGACAGTCA,505,50.69,Drosophila melanogaster
SEQ_639227,TCCTAAAGCACTCGCGGCACCCAATCTCAGCGTTACTTGTACTTGGAGGACCCCACGATTGAATGCAAACGACCATGGGTACACTCTAGATCGCTCGTGTGTTACGCACAGGGGATACCAGTTATTTACTGAATGTCGAAAACTGACGAACAGCCAACCCACCCTAGGGGTGCTACGAGGCCGGCTCCCAAGAAGGTGGAAACGGGCGCAAAGTTAAGGTAGATGCATTCCGGGCCTGTGACGAGAGTCTAAAATCTCCTTAGAACGAACTAAATTTACATCCTCCTGTCCCTATTGGATGGAGGTGCGTCTACCTGGACAATAGAAGGTTTTTTGGAACTAAAGCTGATTCAGGGATATAACGAGTATATTCGTGACCGAACAAGAGAGAGCTGTAGTGCCCACTATTCTACTGCAGAACACTAAGCACTAGAGTTGTACCTTTTTATTGTCACGCCTCGGGCTTCGGTCAAACCCAGCCTGGGGACTACGCGCGTTGATCCGTTAGGCGCCTTTTGAATGTTCAAACGGACAAAAGAGCTGTAGGTAACCAGCCTGGACCTGCCCGTTGATAGATCTACATGCCCTCTCGCTAGCTCGCAGACTAATCTCTACCGTCTTCGGCAGACGGCTACGGTTTCGATCATTAGGTTAAGGTGCGGGAAGTCCGCCGGCACCGGAACCACACGGTCGATCGTTTAAGCTGTATGCGCATGTAGTTTACGCAGACCTTCGGGTTCGCCACCGACCGTAAACGGTTGGCT,764,51.05,Arabidopsis thaliana
SEQ_224864,AACTCTGTTCATCCCTATAGGCCTTCTTATTAATGGTACCGGACCCAACAGGTTCCCTATCCTCAGGTTTGCAATCTTCGAGTTTGGTGCACCAAAGCGAGGGATCATCGAAATAAGTTGGCTATACCCAGCCAAGGAGCATCGAACGATGAGTGAATGCCCATGGGATACACGTCACTTACTTTTGGTCATAGGAGTGGGAGAGTCTGGACTCATGTCGTGGACTTCTCACTGGCTGGAGGCTTACGCATGTACAGAGTATAGCGGCAGCATCACGTTATCCGTCCGCGCTAGCGTCACTCCCTAGGTTGCTACCTGCGCTAGAGCTCGTAATTTGTTCCTTTCCAGATCGACAGTTGAGGGGCTCATGTCGCCAAATTAGAAGCTCGTCCGGTACTCTCGGCCCTCTAAGGCCCGGAGTAGGCTGAGTACGATAACCTATGCTCCCGGACATCGCATAAATGATCGTGACTAGATAACACCGTGGGCCATGAGTTCAATTTAGTGCTGATTGGTACTATTTAAGCCGCAGGCCCCGCTGCAACGGGGTGTGGCTCCCGTTGCCACGAGTTAGCGCTGAATGGCATCTGACCCCTCTCAAGCTAAAAGTGAAGGTAATTTACCGCGCCTATGAGTAGGCAGATGATTCGAACCAGATTCTAGGATTAGTTAAGCCATGCGCGACAGTCACCTCATATTCAACGTCTCTAG,711,50.77,Drosophila melanogaster
SEQ_823404,CGACCTCTCTAGGAAAGCTTTGTTACGTGTCCAGATGCAATTCAATTAACTTCCTAACAAGTTGGGCGATGCACCCTCCAATTTCGACGGGTGTCAGTCCCCTAGAATGATCGACTGGTAAGCACCCCGAGGCCGATTTCCTCATTTCCCATGATGTATGACACAATCGCCGGGGTCTGCTAACAAATGTCTCATTTAAGGGATGCTGGCCGTTCCTATCAACAACTTATGTCACGCGAGCGACCGCGCGTACCATTTGTTATAGGCTACTCGTGTGGCCTTCGAAGTTATTCCAAGGAAATCTCTCCCATGCCCGACATCGGCACATTCCTTGGTGGTGTGTTGCCCCTAAGGATACATTTGTGATCTGTGTGATGGTCCATACTGGGGAAATAGCCAAAATCAACCAACCTTCTGGGCCTTTATGAGCCCAACAAAGGGAGAGAGTACCCAAATTGCTTATACTGCTTTACTGGAACCCCTGAATCAATGGACCTTGGCTGCTCAAGAGACCGTATTGGCGGAAATTCCCACACAGCGATACTCCTTCTCACCAATTAAAGTGAATACCTCGAGCCAACAGCCCCAGGTTCTCAGCCTAGTGGTGGTCAAAGGCATAGTGCTACAGCGCTGCCCAGCGTTAAGTGCTAATAAGCGTTCCAGGGGCGCGATTAACTAGTCGCAATCCGTATTGGTCGACCCAGATACCGTCACGGGGTTACACTACCAGTATCCGGATCCGTGATATGCATCAGCAAAGCACAATACGATATGACTAGTCTGTCCGTCAAGAAATCATGGTTATGCCATGAGTAGAATATTGGACAGGAATCGTACTCACGATGCCCTATCTACTGTGCGACTGTCTCGGGCCTCGTGATCATAACTAAAGTCTACTTGATGTGCTTTTGCATAACGTAATACTTATGACCTCGCTACAAAACAACCCGTAAGGCTCAACCCGGGCGGGTCGTCGCGACTCCCGTGTGCGATTGTCATCAAGTGTACAGCACGTAGCGGTAACAGCTCAACGATGACCACTAAATTAGCGCTGCCAGGCGTTTAGCTTTAGCTTGCACCCTATCTTGGTTGGAAACCCTGGACGTAATTCCGCAAATTAGAGTGCCAGCCTACCTATTAGCCTCATTGCGTCACAAGATGAAAGGAAGCCAGGATACGACCTCATATTCGCGCCGTTAGCGACATGATCATCTAGCTTTCGTCCTCCGCAGAACGAAATTGGCTGATCCTCAGGTCTGCTATGGCTCAGTGCACGACGCCGGAGGGATGAATTTGGCCGAAGGGAGACGCGGTCAGAGTCGAATTACTGCCACTAGAATGTGCGTACCCCGCTCAACCTTGTGGCTCTACTGAGGGAATGTCATCTGTCTAGGTAAGCCTCCTAAAGGAACTTAGTTACCGCTCCTGGTCTGATTTGGGTGGAAGTGCTCGGAGCCTTTCTCTCTCAAGTGTGGTACATGCATAGGGTACAATTACCAA,1500,49.67,Homo sapiens
SEQ_653880,GCTTGAGGGGTGTAAATCTACTACCCGGAATTCTTAGCTGACGGCAAGTCCCGGAGAATATCGAGAGGTAAAGCCGAACATAAGGATATAGTTCCGTTGGGTACTACTACAATGGCAGTTCTACGTTGCCTTATAACTGCTTCTTGGGGAGAGAGTGTCTCCATACATACGCAGCGGTCGTAATGACGTAGAGATTGGATGTAATCTGTTCCGAGGATTCGGGCGTGGCTGGAGACCGCCGTTTGTATTGAGAGACCTACAAGGAGTTCTAGTTACCCTCCTTCGGTTTCCCATCAGCTACTACAGGACCTATCTTAATGCCAGGGATTAATTCGATCTACTGAATCCAGTACTCCAGGTCAGTGTAAGGGCCCTCGACCCGTATCAAGAGTGGCCCGCGGGGTAGGCGGGTCTCTCAGCGGTCAGCTTAGTCCATGGGAGTTTACAATGGCCTCGCTCGATAGCGTTATTACGAAGGTCATATCACATTAGATGATTTCACGGACATCATCTAAAGACCAACAGAATCCCTGCGCCCCCTTAAAAGGCTCTCGACGGCGGCTTCGGTGGTTCGGCACGCTACGGAAGACTAATGAGACTATAGCCATAGGCCGTGAGAAATCTCATTGGTTCGGTTAGTTACCCATCGAAGGAACGCATGGCGCTGCAATAAACCAATACGAGATTTCCGGACTGAAATTGTACCGTGAGGCGGTATCTGCATAGGATGTCATTGGTTCAGGCCAAAATCGGATATGTAAAGCGGGGTTATGGTGGATCAAGTTTCAAAGCATGGTATCTCTGATTGATCTAATTTTGTCTGGACATCATATACCTGGCATATCATTAGCCATGCGCAGGACGTCATGGTGTAAATCCATCAATTGAAGAGTGGGGGGGTCGCCCGCCCCGCCATAAGCGGCGACAAGGTCCTCAGATCCCCCGAACCAACTTAGATTCAGTTTGACTTCACTAGTCGTATAGTCATAGGTTTAAGGATGACCACAAGACGCACAGATCTGGTAGGTATACCGGGGGCCTCGAGGCAAAATCTGTGCGGCCTCTCTCCTACAGTGGCAGGTGTACCAACCATGCTGTTAAGAATCGTGGACTAATGCAATAAAACCCCGCTGTATCCCATCGATACAGGGGGGTTCATAAGCGTTGGGGTAATGAAGATTCAAATTTGCATTCCATGCAAAGAGCCTTGCCGTGTCGGACACCCCGTACGACGGCGCGGGACGAGCATGGGTCATTTTGAGAATCCTTAACGATTAGCGCTCCATGTAATGTCGTTAAGGTTGGCCGGCGGGGCGTAAAGAATTGCGCCACACCTTAGAGTCCGGACTAGTCGGCAGCCCGACGGGGTCCGCCTCACAATTTAAACTGCAGCCCCGGTCTTCGCAACGGGCACTTAGACTACCCTGCATCACTTTCAGGGGTCAAGTCAAGCGTATCCAAACGATTTCTCCCGCGGAATGAAAGTGCGCTGCATACTTTGCTGGGGGCGAACCTTACCCTACTGAAATCTCATGTAGGGCTTGCTGCAGTTTTCTGCCTCAGTTTCGCAGGCGCAAACGAGTGTAGGGAGCCGTCGACCCCCGCTACGACCTTCAATCGTTACGGGCTTAAAAC,1635,50.83,Mus musculus
SEQ_491382,TGTCTGACCTAAGGAAATAATGGAGCGGACCAATGGCCCGGACGATAAAGCAAACAACAGACCGACGTGCTGACCAAATGTGGCCTCGTCAGTTGACCCACATAGGTCGCACGTCCAAGACCTGAAGCCGTAGAGTCAAGGCTGCTTTTCAAAAATACCCGCCTTTTACGATAGCCTAAGTGTTGTTCGAGGACTGTACCTCATTGAACCCTGTTCCACCGTCTCCCAATACTAATTCTGCTCCCAATCCTTTTTACTAAGGCTAGCCCAGTGCAGAGAGGTCAGTCGTCCGGAGTGGCGAGGGGGATATCCGATTACGGGGGACCTAGTGATCCCTGGCTCTCGTGTGAACGAAAAAGGTTCGATCGGCCGATATAGTCCAACCAGTAAGGGTCCCATTTTCCGTGTTGTTCATATGGGTTCCTGATCATAACATCTCCATGCTGGATCGGCATGGGCGGTAGTCTACACATAACCCAGGAAGACCCTTTAGACTCACATTCCACTTATTTGTCCCCGCCTTGTAGTTCTAACGTCAGTTACCGTTAACACGTAGGCGTGGAATTCATCCGGTATCGACTCAGTTATTTCGGTATTTAGCCCCCGACCACCCTCCGCGGGCGACTGGCGTGCCGGGATTCGCATGATCGCGCCGGTACTCCAAGGATTTTCGCCTGTCGGAAATATGCTACCGATCTGCAGTCATGGTTCCAGCCGTCGGCGAAGGTGCACGACGGAGGAATATCGCCCCCGGTGAAAGCGTACACGGCACGAGCAATTCCGGGAATCGAGGCAGATTTTGATCAATGTTGATCCACGGCCCGAGATACGCAAAATCGTCTAGACGGTAAAGGCCTATGGCTCCTGCCACGTTCCGAGATCGTACGGCCTGCCAAACTTTTGAATAATCACCATAACCGCATGTCATCCATCACCCCATCTCCCACTTCTCGGCCCGATTGAAATATCATTCGTTCGTATCGAGGTAGGTCCTTCCACGGCTGGTCACTGTATAGGAGCGGGCCCGCGATTACTGGACTGAGAAGTGATGACTAAGTCAACACCTAGTGCTACCAGAGTGACAGAACGACCAAGGATGGGAATTGCTGGCCTATAACCCAAGTGTATAGCGATTTACCGATGTAGCAAGACCTAGATGGACCATCAGTTCATGATGACCCGCCTTAGCGTCTGGCCTAGTTGAGAACCATACCCACCTTTTTGCGATGATGACTAAACCGATCCAGCAAAAGGCATCGATCAGGGTACAACCGGAACCGCTACAGATGTATTATAGTTACCCCCTCCCAAGACGTGATCGTGTCATGTACAATAGCGGGCCCAGTGGCGAGCTGCGCGTTCTTTAGCTGCATCTGGATTATGGTGTTACCGGCTGAGCGTTTTCGATACACGCCACTAAATGTGGTGCGGAAATGCCCAAATAGAGTACACAATGTCATTTGAGGGTTTACTATCACAGACGTGGCTCTCCATCGGTGCACAGGTGCGATACCTGGCTGGACGCTTGGATACCTACGTAAACATTCGGGGAGGCTCGTATGGCTGAAATTAACATGCCCCCAAACGAATCCAACCAGTTGATGTAGATTCGCTTGCGTCGTTTCTAACGCATCATTCTTATCCGTTCAGCACGTGTTAAGTGCCCATTCCAAACAGCACACGCGTGACTTGAGGTCGCCGTCCCAGATACCATATGGTAAGATCTCATTGCGGGCCGTAAATCTACCAGAATCTACCATTGACATACGCGTGTATGGCCGCGAAGACTAGTATCGCGATCTAGCCTAGTCCGAACTGGGCAACAGCCGAATGAACATTTAA,1842,51.09,Saccharomyces cerevisiae
SEQ_997065,AGATGGACGATCGCTGTGAAATCTGGCGTTAACATGTGAATTTCCGAAGTCCGGTGCATCCGGGCAACTCGTCCCATACAACACGTCCTAGTCCTACGTCTTTTTAAGGCGGGGGATCGAGGCATTGATAAATATGGAACGAGTAAAACGAAATTCGAGCAAGTAGAGGCCAATAGTGTCGCAAATCACACTAAATCATTGATTCGACCTGCCAGTCAACCGAGAAAATTTCGTCTGCGAAGAACCACCCGGGAGGCTGGGGCTGGGTGGAAGCTCAACAACGAACTAGACCACTGCGCAAGTATAGCGATTAGAGTTGGCGGAGTCTATGTAAGAAGGGGCTATCGACGCTTCTCGACAGATCTCCTACTTACAATGGCTTGCGCATAGATCGAAACCCATCCATTATTGTATATACTACGCTATGGACCTCGACAAGTGCGGATCTATTAGCGGACGGGCTCTGGTATAAATTACCTAAGAGGGCCACTTAGTGAGGGGACCGCTGCCGCTCAGGTCAAGGATCGGCCTAAGTTCACTTGTCTATCTCGTGCTCCGCCAAGATGCACCTGGAGAGCGGCTAGGATGAATTGAGATACTCAGCAGCTCTGATTATAAAGCTATTCGATAGCAGCGGATGGATTGGATTCCACCGGGTTTTCGGACATTAAGAAAGCCCTTACCCACGCGGGAGTTTCACCCGCTTCGCAGGGATCGACTAGCTATCTAAGGGGAATCTCACGTGCTATAGATTGAAATCAGTTAAAACCCCAGAAGAATTCAAAGAGATTGACTGCTGTTTGCATAACGGTAAGCGTTGGTACGCGTCGTCGTAGGCGACGCCCAGTGTTTGACATTGAAAGATCCCGTCGGTAGATCGTATCCCTACCATCTTGGATACTAGTCTGGAGACTATCGATCGGTACCCGAAGAATTGATCACGATTGTCAGCTGCCGCCTCACGCCTCGTAGAGAAGCCGCATCACAGGCTTCAGTCCTCCACAACGGCACCATCGCAGTTTACGTTGCCGAAATAGCTGCACATGCTCGCTGACTAATCGTATGACCGCTATCGTTTCTCCGCCCTGCTCCGTGGAATCAAATCTGACTTGTATGAGTTTGTGTAGGGATTCGATGTTCAAGGATCACTCTCTTACACCGCGCAACAGAGCTCAGAATTCGACGCAATGCTCGCTCCGCGGGTCAGCGCGTGCCGGTAACCAAAGACATTATGTAAAGCCTAAATCCTCAGCACCAGTGAATGTACTATATTCAGCTCACAGGACGAATTCCGACACCGGGTACCACCCCCCGGAGTTGGAACGCTTAGACGAGTAATCGTGCATACAAACTATCGGATCTGAAGCTGAGTCCCGTCTCGTGGTCCCAGTGTGCAGGTTCGTTTGCGCCCCCTCCATGCATTTATAGGCGCATCGTGAGGCCAGAGGAAATGATGCACTATTTGTGGGGGCGGACTTGCGAAGGCTGCCGTCACTCTAACAGTCAGTCTTACCCGACATCTAATTCGAGAACTGTCTCAAGCCATGTCCAACTAGGAGCGTCCTTGTCTAAGTTCGGGGGTGCCTCAGCCCTGTAGAGCGCTCACTGCTTCTTTAGGGCGTGTCGTAGCTGGTGCTTCGGCAGCGTCGTCGCAAGGAATTCGATTAGTAGGCAAGCAACAAGCTAGTACCCTGGTCCTTATGGTGTCTGGGCATAACGATAAGGGAGATCGTGACTTTGT,1741,50.83,Escherichia coli
SEQ_822086,TAGTCGGGGGATGTTCTGGTTCTGTCGCCTCGTCTACGCAGCGTGTGGCCTCGGTCGATACACTTGCGCGGAGGGGGAAAGAGAGGAATAACGGACGTAGTGCCCCATGGCGCGCCAACTCCGGAGAGAAACCATCCGTCTACCCTAACGGACGACTAAATAGGTGGCTAAGGAAGCTTCGCGAATACCAGACGGTTCACCGAGGGTCAACGCACTGGTACACGGACTGGAGTAAGCTCCCATAATTAGTGTCATCTCGTAAATAACAACGGGGCCCCTCCATGGGCCGCCGCAAATGTATAAAGCCGTGCACCCGGAACAGAAAAGATGACTATCAACCCCACTATAAAATCGCCTTCTGCACTCCGTATGACTGTGGACCTCCGCTTAAAAGGCGCGCAACAGGTTTTCGTCAGGCGATCTGCACTACCTCTTCTCCTAAGAGATGAGCTAAAGCTATACCCATACATCTTTATCTGAAGTGAAAGCAGGAGCACAGGAGTGGGTCACCAGTAAACGTAGGCTCTGCCACATAAGTCGCTTACGCAGGTAGTCAGGCGACCGCGATGTGCTAACAAGGCTGTGGCTGATTCGTAGTGCCGTCTGGTGCCTGGGATCGGAAGGCTCATAAGGAAAAAATGAGCGTCAGGGGGGGAGAATGGGTTCTGGTCAATTGGGACTGTCAGCGGCGGTCGCGATCGCTACCCCTGGTGCGATCAGAGCTCTGGCAGTATCTAATTCATAGTATAGGTCGAGATCGGACATTTCAGCGCATACGCAACCCCTTTGTTCAGGAATCAAATAGACCTCACTTCGTTCATGCAAGATCCCAGTGGGGAGCACAATATATACGTTGTCTCTGTCAAAACTTGCCAATTTGCGTCAACCCGGAGACCAGATACATAGGTTATTGGCACTTAGAGTCGTAATTGAAAGGACAATTCTAGGTCTCCACTCATCACGGAGTCCAGCGGTGCAACCGTTAAGCCCAGTCAATCTAATGCGAAGAAGCAGGACCCCCTCTAAGGCTCATGCAACAGCAATCGCGGCACAACATGGTTACACACACGAATACGACAGCCAGGAGGTACGAATCTTTGTAGTCTGTGTCTGCATAGTGCGAGTTAGCCCCGAGTCACTCCTTCACGTGAAGCGTCTAGCGTAAAAAGAAATGCCATTGCGCGCCCCCACTGCTGCGACGTCGTTAAGATCCAGACCCGGAGTGTTGACATTGCGCCCAGATTCACATCTACGCAACGAAAGAGCATTGTAGCCTTCTGAGGAGGCCAGCGCTGCCTGCATCAAGGCTCAAGAGAGGAGGGAGGGAAAACTGATAGCGTGAGCCGCGCGTATGCTGACCTACGCCCTCATCTACTTGCGGCTTGTATGCGGG,1393,52.69,Drosophila melanogaster
SEQ_447373,CGTCTCCTGCATGGCTGATCTTGTCCCATATCCTCGGTGCTTGAAGAGAGGCTTCTTACGCAAGATTTTCTCAGAGTCCGTCTGTTGATTCTGGTCCCACTGTTGAAGTCATACTCGTATCGCATGGGGTCTGTACGAACAAGTGGGCCTGTAAATTCTACATGCTCTGAAAGACCGTAGGGAAGGATTTTCCCTCAGGATCACAGTTGTTAAGCTTGGTCTAGTCCTAAGGATCTCCGGACGGGGTACGTTGTTCGCAACGACACGGTTTTGGAGGGTAGATTGGTCGGTAGCCAATTAGTCCGACCATCATTCGCCGTTCCACGGAAGTAGAAGGCTCGTAATCGATGGGATGCTGGCTCAATCCGACTAGTCACGGGTAAAGAGCTGCAATTAGCCTAGCACTGTGCGATTACTGATCGCCCGCACCCTCGCATTACTTGCCTTTCCCAGCGCCGTTCCCTTGGTCGGCAATATAGGATCCCTGAAATGCGCGTAACTTGTGCGAACAGTTTCGTTGTCCGTAATAACCACTATAGCTTACTAGAACGGTACCGTTCCAGGAGAGTCAGAGGGACTCGTCCATGTGATCACGTTGTTATCACCTGAATAGACGGGGCCCTCCATAGATGACGCAACACTTGTTCGTGATTGTGCTGGATCAAAGCTGATTAAGTAGGGAGGCGCGCCTAGGGCATCGGTCCTCGGGCAGCGCTCGAGTCTCTAATGCATGTCGACCCTACGGTGGCAAAAGCCGTTTCTGCACCTCGAAAATAGGAGACCTGCATGACCTAGCACTATTCAACAGTCTTACTTTAACGACCCGTATAGGTATTCAAGTTTGAGGCGCCCCGGTTTACTTATTACCAGGCGCAATTGATATACAGCTACCAATCTGAGTTTTCTTGCAATGCAGACTGTCTACAAGCTTACTCCTGGTGGATAGAACAGCGCACGAAACCGAGTGGTACATGGTTACGCTTCTTATTTCCCTGCTCTTACTCTGTTAGGGTAACTAGTCTCCCAAAGCATTCGCCTTTCCTGGGGTAGCAAGAGTCTAACCCCCTTATTTGCTCTTCCATACTCCTCATTACGCAAGTTGCTGAATTGTGAGAAAAATAATTTGATCTATTCCTCATCACGGTCCCGTAGGCGACGATTACCGTGTGTAATAACTACGTGGACCGTTACTCACGATTGTAGCACTACGATTGCAGATCAGCCCAAGTTTCCAACTATTTGAATCATCCATTAGTAAAGTGTAAGGAGATCTATTCCCGAAGGTGGAGGAGGTGAAGGCGCCTCGCATGCTAGCTTCCGAGAACCTGTTAAACCTTGGCCGGAACGGTGCGCCACGCCTAAGCAAGTCGCATGCGCCGGCAGTTGGCTATATAAGATCCACAGGGGGGTCAGCGCAGGTTTACAGCAGAATCCTACCCTT,1441,49.69,Saccharomyces cerevisiae
SEQ_744756,CGACGATTCGGGAAGTCATAGCCACCTTCGCCCGGATCCGCCCGATGACTCATAAACCCTTTATCATCTGGACGCGGGCTCAGCCGTGTCCGTGCGCCCCTTTGCAACACGCACATTTGGGGGGTTATTACGAACCATTAGGCTATTCCCCTCTTTTGATGTATGACGTGGACGCGCAGCGCCAATCTCGTCATGCGGAACTAAGGCCCGTGCTAAACTTCCAGGAAGCCTATACTGCCATTTGCGTGCACACCGATGGTAGAACCAGGGCCCTATACGAAAGCACTAAACTACGAGTGGGTTAACGGAAATTCTTTATGTAGTCCAGTGCGATTGCAGACCCTAATTATGCCGGGGTCCCAGATGGAATGAGGCCGGTCTCTCCGCTTTAGCTTATTCTAGCAAAAATCCAACTTACCTGTTTTCTGTCGTCCCTTCACGACCCTAACGCTCTTTAGCCGCAGAATTCTTGCTACATCACCGGGGCAAATTCAGTTGACCAGAGAGGTAGAAGCAGATTATGTTATACGTCAACAGGGCATAGGAGTACACAGTAACTTCAAGCCTCCCTCCGGTCTGAAGTCCCCTTATGGCCTGCTTAACGGCCGGGGTCCGTGTCACCTGTTTCTTACCTAATGACCTGATTGCCCTCCCAGATTACTGCCCGGCCGCTGAGGTCTT,681,52.13,Mus musculus
SEQ_174549,TGGAGCTGAATCATATCGGCGCTGTCCCGCTTGAGAGATCCAAGGTCTACACACCCAGTAGTCTCATATGGAAAAGTCTAAGATGGATAGATGCGTCACACGACCCTCCTCCTACTCCCAACACCAGTGTCTAAAACTACCAAGCTCAGTCGCCGGAGCCATGCTTATCCCAACGTTCTCCAGGCCGCTCCGGCAGCGCAGTAGAGACGAGTGCTTATCATCGAGGCTCTTCTAGGCGCAGTGCGAGCGGGCACCGGTCCCTGTCGCGTTGTACAGCCAGGTCCGGGGGACCGCAAGCAGCCAGACGATTCACTCAAGGGCTGTGCTGATATCTGGCTCAGAGTCCTCGATTATGCGAAATCCGATAACAACGGGAGAGTCGTGGATTCATCGTCAAAGTGTATGAAGCGGCCACAAACCATTACTCTATCTACTCCGAATCCTAAACGCGAAGAGTCGGGGTCGGCTCCTAGGATTCACGAGGCACTATATGCCGAATTGCACAGTCAATTTCATTATGAAAAGCCTATGAGTTGCCACTGTGACCTGGTTCGGGATGTTGCGAGCAGAATGGTCGCAACCATCGATACACTCTGGGTCGTCTACTGGACAGTCATCTGCCAGGTTTTAACGCAATCAACAAACGTTGGGGGTTTTACAGGAGAAGTTCGTTGCAAATACAGCCCTAGAGTACCATTTCTATTATCTACGACGGTACAACTCGCATAGCGTTTCGGATTCTGTCTGAACTACTCCAGGTTAACTCCTCTAAGCATACGCAGCGAAACGAGGCAATATAGTGTTGATTGCGGACTGCTCGGAAACCCGTAGTCTCAACACGTGACCAATACAGCTGCGGTATACGCAACGTCCTCCGATGATCTGGTAATAAAGGCGTAATCGATCCTATTAAACTTAG,919,50.71,Saccharomyces cerevisiae
SEQ_881485,AAGACACAACTGAGGCCGGTGACGGCAATAGCACAATTAAGGATTCCAGAAGGTACAGATCCACAAGTTGGGAATCTCACGAGCACCAGTAGTCCTACACATAATTCATATCTGCTAACTCAGAGCGTATAGCGTAATGATTCCGCTATGCAACTTGTCGTCTGTTATGGTGTGGGATTTCTTCGGATAAAGCGGCAGGCCCAGCCGGCAGGGCCTTAGTCTAAACGAATTTGGAGGCGGAATAACACTAAAACTGTAGATCAGGCGTCATTAATAACATGCAACAACAGGTGTGCCACCCCCAGAACGTGATAATGTCGGAGTTATTTTTTGAAGATATATCACTACTATATCGATTCTGCGTAATCGTTTAGAGGAGGTAAAATGAATCTCTCTCTGATGCCGAACTGGAAATAGCCGACCCGCTTCTCGCGCACGCTAATTTTGTTCCTCAAAAGATACAGGGGCAATGCACTAATAGTACTCCCCATAGCGGGTACTAGGTCCTCATTCGGGGGCCGCCGAATGATTGCGGCGGGCTATTATAGTCATGGAACCTGGCGGCCACTTCTTGGTAAGGGAGGTCATCTATGAAACCCTAACACCTCAGAGACAAACAGTCCTTATCATTTATAATCAAGCGGGAATAACTCATGTGAGCAGTGAGTCCGTGGCGGACCCAAAAAGGCTCATTTACTTTGCCAATCTCCTTATGGCCTCAGCTTCGCCTACCGAGCAATTCTCTTTTTGGATCGGATTGGTCGTATAAAGTTCAAGCTCATCAGAGCTCTTCGCTCCCTCACGGGGCGAAGTCGACGAATGCTTAACGCCCAAACTGACACTTTAGGCTCGTAATTCGTTGAAAGCGTGAAGGCCCCGAGATGATTGAGGGTTCGTACCCATCAATGTCGCGTCTCGCAAGTGCAGTTACCGTCCCGTACAATACAAACCAGTGGAATGGTGGGAGGATTTTCTAGTTGGTGGACAATACGAAACGGACGTTAACTTCAGTATGTAAGACCTCGGCGACGGCCTCTAGAAC,1042,47.79,Caenorhabditis elegans
SEQ_357026,CGGGGGCTCCGCCGAAGAACCCGGTCCTGCGCTGTCGCACAATACGCTTGAGAAAGCGCCTACCAATCACATTCATACAGCATCTCTTTTTTTCCCGTGCGACGGAGGATATTAAGTTGTTCGGACTGAAAAGGCGGTTAGCTGGGGGGGACTAAGTGTAGGCGCTGGTGTCGAACAGAAGGTAACATGATGTCCTAGACCTAAATGAACACCGGTGGTTACGTTCGGCCAGTCCGAGTCATGGGCGGGAGGGTTCGATAAGCACCAGTGTATGAGATCCCTCGGTTTTGTGTCTGGTAAATGTAGACAGCGATTATCAGTATAGCCTGTTTAACAACCATCTACCGTGATAACGCCGTAGCGCAATAGAATAAATTTACTCAACGTCAGGAGGTAAACAACCAAGGCCCGTTGGTGCTTTGTAAGTTGCCAGTCCGATGGTGAGGAGATATGATGT,457,50.11,Arabidopsis thaliana
SEQ_478712,CCAACCGGCACAGTCTCTTCCCTATCCCCCCATCCCAATAAACGAGACTTACTATAAACACTTGTTTTCCGCGCCGCGTTGAATGCTGGGCTATGGGGCCCTAACCATCATAGATGTAAGTTTCCCGATTATTGGAAGTCCCATCGACGCGGCTCCTCTTCGCGAGGCTTTCGACTGGTGCGACCGTCTCGTTGAGTTTGACGCGATTCGTGACAGTTATTTCTGTTCGAATACTTCCCAGCTTCGTTAAGAAATCCACGGATCCGATTTCACCATTGTGTTTTGAAGGTCGAAGGGGTTTCGGAATATGCTGGTACAGACTTAAGGCCTACAACTCCGAGACGCTCCCCATCCTATAGGTCATATTTTATGTAGACGTATAATAAAAACTGATGACCCCGGTAGTAATGGCTTTTCATGTCTTCTTCAAAGGTCATATAGAATTTTCACGTTGGTTGTGAATTTATCACACAGATTCAGAACTCCAGAGCACCCGACTCTCCGGTAGTCTGAACGCCGCGCATGGCTCTGTCTGATATTATATTTTTGTATAGCGAACAGGGACCCACTATGCCCATTCCCAGCATATGACTAACTTAGCTGTCGCCACCGGGTTCATAGGCACGGTTCCAGTCGAGTTTGGTCCGGGGAAACATCAATCACTGGACCTCTACTTTGAAGCTATGGCCTTTTGGTTGCTTACCAGGATTGTTCA,715,47.41,Homo sapiens
SEQ_421883,GGCTACGACTCATGGAAAGACTAGTCCCCCGCTTGAAAATCTTACCAGCTAGGGAGCGTACTTTCGACTCTCGTTAAACATATTCCTCCTCACACAAATCGAGGCTTTATATAATATAGACAACGTATGATTTTTTTACATAATCTCACTCAGCTCCACGTACGCATTAATATCTTGAGGAAAGCATTGGAGCGAACTCCTCCCTACCCGCAACTGAAGATTGATCGTGCTGGCAGTTAACGATATACGATAGGTTTAATGAGGACTATTACTGATTACCTGGGAAAAATGCCTCGAAGCGGAGACGCGTAGGCTTACCTGGTCGACATTAAATCACAAATATAGGCTAAAGTATGCGGGTAGCAGCCGCCCGCCAATCTTGGACTTATGTTTGATCCGGTTCCCACCCTTCTTTGATACATTCCCTAGTTGCTCTTCGTCGCAATACCCGCTCCGTCCCTTAATCGACGACGTTAATTCAAGGACCCTCCTTTATAGTGAGAATGCGCTTGTCGAGTACTTGAACTAGTTAACTTATCTTTATCTACTGCATCCTAGTAATTGGCCTCTACTTAACAACCACTGATACCAATGTAAACCAGATAATCCAGGGGGAAGCGCCTAGTACTGAGTACAGGGAGGCGGGCCGCTACAGATCTGCGTTCGAAGTCGTAAGAGTCGTTGAAACTAGCATTCATATGAACCTTCCACTATACCTTGTTTCCCTAGCTCTGCAGAGACGACTACACTTTTCCCTAACAGTCGCGTTCAAACTGCTATGGTCGACCTCTGTCTTCATGGATAGTGCAA,810,45.31,Arabidopsis thaliana
SEQ_830177,ACTTTCCTGCCGGTTACATTCGTTTTCGGTCTTGGACCCTACCGGACTCACCTTGTACCCTGACTTCCAAGACAACATCATCAGGGCTTCTGATAGCAAAACTATACCGGTACGTTACGTTCTTTTTCGATTCATTTGGATAGTACCCTAGCCGATTCATCGTAGGTCAGGCTATTCAATTTGACATTAAGGTAGGTAGGTAGTTTTGACGACTACGTCTTATAATTGATTCGCCAATTTATGTCGCAAGGAGATCTCATTAAGCTCCGGGGCTTAGTTACCGGGCGTTGTGGCCCGTATCCTAAACAGTCGGAAGTGGTAATTATCTTTGTGTTGCACCTTGCTGCGAAAAACACGTCACACGCGTCCAATTCGTATTGAACACGAACCGCCCCTTTTTAACGTTCCACGTCGAAGACAGTGCCTGGTGGAACACCCACTATTCTGGTCTCATTGAGGCCCTCGATGAATATCCCGGATAGTTGCTAAGCCGTTGGCCTCATGTAAGCCACCATATGCCCGATGCACCGATTCTGGGAACTCCGATGTCAACGTGACACTCGACTGCACGACTTAATATCCCTAGCCCGGAAAAAGGTCTATTGGGCCCCTACGGCCATCCGCGAAAGGTAATTCAACCTGTAGTCATTCAAGGGTCACACTGCTAGGACCGGGGCGGTCCGGTTGGTTTGGAGAGGACAGGCTCGGTTGGTCCGGAATCGGTCATTCATTATACAGTTGTCGCCCCTAGAGTCCGCCGGCTGAGAATTGGGACAGGTACGTCTCGGCGTAGAGTAGGATGAGCGTTTCGACCCGGGCGAGAGTCCCGTATGGGTCGTTGAATGATAGGGAGAGGTTTGTATGCCATAGAGGCAACCTTCCTATGACCGAGTCGGATAAACTGGACTCGGAAGGCGGAGCCGATGGGGGGCCGTGAACACGATTACTGTAATCGGCGCTTCGTAACAGGCTATCACAGGGGCTCGTGAATACACCGTCTATGGGTGACATCGGGACTTACTTATGGGAAAACGGGATTGGGTGGATGGCTGCTACGAGAAATCCGAGGAGTGCGATTGACTTGGTAGTTTGTTGACAGGCAAGTGCACCGCTACATAAATCAATGTGATATCCCAGCGTCTTATCCGGTGATGGCTTAATCACCTGAGTACCACGAATCTGATGGAGAGGGGCAAATATTTGTAGCGGATGCTTAAATACGGCAAGGCATAGCCGTGCTGGCGTCTGCTGTTTGTCTGCTCCCAGCCATCATACGCCTATAGTGTAATGCTCAGTATCCGCGATGTTGCTGGTTACTATGCCTGCGTCTAGTGGGATGTTATTCCAGGGTCATACACGCTTCCCACCTACAGTGTACAAGTGGCAGCGATGGCTGACAATGGAGGAGTAACCGGTATTTCGGTAAGAGCATTCACGAGATCATACTAAGCGGTGAAGGTGACATCATCCGGCAAACGATTCAAACCAGCACCTCCCGATCCGGAAGTAGGCTCAATCACTAAGCACAAAGCTGAATCGGCCCCTATGCTATGGTGCTAAACCGTTAATTAGGTTCGAGCGAAGTTTATTGATATCCACTAATGTACCGTTTTGGATACCATGTAACAGTTTTAAACAAGACGCATGGCACATACTGCGTACGGGGGTAGAGCCGAATTAGCTTATGACTAACGTGATCATACGGACGTATTCCCCACACTCAGTCCGATGTTACGCATAGACCT,1745,49.86,Arabidopsis thaliana
SEQ_766033,GTGGGCCAGAGGCGAAAGCCTTGTTTCTTTGGTGGAGTGCAGCATTATTCCATCCAGCAAGCCCGTGAGAGGGCACTGTGTACGCCTTTTCACGAGGCCGGTACTACTATGATTG,115,53.91,Drosophila melanogaster
SEQ_905988,CTCGAATTTCGCACCAGGTCCGGGATCACGATAGTCTCTCTGCTCTTAGCACGAACGGTATAAGAGGCCCCCGAACAAGTAGACTAACTTATATTTAAAGAAAATAGGTTCGCTGCCTAATGTAGCTAGACATGTCTGGGTTCAACTAACATACCAGCTCTAAACAAGTATTTTCAATGACTGTGACAGAAGTTCGGTAGAGCCCGGATGCGGCTCACTGAAGATCTCAATAAGAAAAAAGATCTTAACTATTGGTATAACGTCTTTTAGCTCCTGACGCCAAACGAATTGTTTTATCGACCTGCCGCAATTTGCGTGCGGACGCAGTGGGTGTTTCCTAGCCCTCCCATCAAACACATGCTACCGTCATCATGCTATGAACTACGAGGTTCGCGGCTACGGAAACTTTTTGAAGGTGGACTGCAGGTATCACTATATTATGATAGGGGGTTGTCGTTCGCAGAAGACATCGAGTCCCTACCCCAAAATCCACGCTAACAAGATCTACGCAGCGCTACCCCTAACGAAACTCGACGTTCTGGAGGCCGATTAGGAATGGGAGCGATCGGGGTTCAAATACGTTGGCCGCGGAGCTAGTGGACGGAGCAATATACATCCAAACTTACACGGCAGAACGACTATTGCGGCTAAGTTACTTGAGACCTCTATCCCGAGCTAAAAGGGAGCGCTGAGATTGGCTAGAGGGTCCACAAGCATTCAGCTATCCCTTTTGACCAGTGCCCGGTGACACGAAGCGGTGTTTCGGATCCTCCACTGTTTGTGCTGGTTATGACCCCCTTGCGTGATAGTACTCGGTCATGGACTAATGGACTCACTCTGTTTTACGTCCGCGTCTTCTCTGTGTGTGAGTACCGAATACCTATCTGACAGGGTGTTACTGCAACCGTAAGGGGTACAGACAGGTTGGAGCACTAACATCTTGTGTCGCTAACTTGCAACATCTTCGGGGCTAACACTGTCAAATTACTCCTGTGCTCAGATGCTGGTCCTAGCCTGTCTTAAGTTTGCAAGCTCGCCAGTCCGCTGATACTGGCCACGATTTGATCGGCATCGTCATTGGATTTGGATATATCGTAATATATCCGACTATTTGCCCACGTTAACGACGCTGACACCTATGAAATCTCGTAGCTGAGATACAACGCTTTGCGTGATTGTCCACCCGAGAGGGAGGCTTCGGAGCTCCCCGGGGTTGGCGTTCGTGGATGGTCGCTTCTTGCAGTTGCCAAGCACTTAGTAAGGGTTCATAACATAGATAGGCGGTCCGCCCTCGGAGCCCTCGTATGTGCGATCACTTAGCTCCCTACACATAATAGGGCGTTCGCAAGCACTCAGCAGGATTATTCTGGAACTAGAAACAAATCCACATCTTTGCGCGTGCTGAGCTGAGTCATATAAGGGGAGTCTCCTCATGTGAGCCAGGTGCTCTCCTATTTCAAGACTAAGCTTAAGCTCTGTCGCTCTCAAACTCCTTGGGGTCCACTGGCTGCAGACAACCATCATTTTATTGGGGCCTACTTTCGGTGGCGGTATGATCACCCGAAGGGACGAAGGGTGCCAGCGTTGTTACGTGATTGGCAATACCTATAACCGTAAGATATGTTATTTTAACCCGCGAGCTAAGCATATAAGCCTCCGTGTAGAGCCCAACACGGCTGGGATTGTCTATCAGTACAGTGCTCGGCATTTAAAACATTCCCAACGTT,1727,49.1,Homo sapiens
SEQ_346359,GCGTCGTAAGGGAACGTCGAAAGGACCGACTACCTTAGGACGCCAAGCGCGCTAGGTGGGCTATTCCCTAACGCCGCTACAAGACACAGCTATGGTTACAGCGATGGAATGTCGTAAGTCCATACCTCACCCCCCTGCACGACGACGGACACCCCCTTAAGGAGAGTAGGAGGTGAGGCGAGGATTTATAGCGTGGCCTAAGCCGGATTCGGTAAGCGGGCAACCCTAGTGGCGTCGTGAATCCTTAAGTACAAATTAACCGACTGGACGTTAAATTACATTTGCCAACAGATAAGTCTCTGTCGTTACGTGTCATTATACAAGTCAGCTCTATGCAGGTACTTGACCAGTAATACGCTCCTAGTGGACTCATATGCAAGTCCCCAGACGAATCATAGAGTTCTGATAGTGGACTTACTACGGTAAGAATCCAGATTCCGGTGCATAGAAAGCCTTCACGGATCGCGCTCAGATGGCAAACTTTAGCCGTGACAATCCATGTCAGAGGCTACATGTCGGCGGTTGCCGAGCCATAGAGGTCGAGGGGGCCCTTTCGTTAGTTTGCCCCAATCTGCGAACCGACTGTCTTGAAGATCCCTGTGTCTGTCCGCGCACTCATCTAGAGATTACTACGACTCACGCTAGATCTAGCCAATATCACGCGCACGCTGCGAAGGACAAATACAGCGATAACTCTGGGGGTAGAGCTTACCCTGGCCACGGACACTGCCTGGCGCGCCCGAAACCGACATCCTCAAACATCATGATCACCGATGATGCGGCGCACATCCGGGCCGCATCCTACCCTTTTTCGCGTATCGTTTTAACAGATAAGCCCATTAAGACGGCCGTTTTCGCGTTCGTGGTGACGACAGCTATACAGAGAGGGATTGGAATAGCTTCGTGTGTAGGTAGCGTCACTACGGAGCGTTGTTGCCATCGACCGTCATCTGCTGATTTTTAGGTCTCAGAATCCGATGGATTCTGGGCCACCCTACCTTGGTTTATCTGGTGAACTCTCCTGGCTCCGCCTCGAGTCCTATATGAAACCTCTTAAAATACCATTCAGCTGGAACATAAGTTTTCACATAAAAGCTTGGCCTGCTCGTCAAGCTTCCATCGAACGAGTAAATAAACGTAGCAATCACTCTAGCTCCTGGGGGGATCGGGTACCAGCCGATGATTGTTGAAACAGACCCCCCCTGTAGTGACGGTCGAGGCGAGGATGACTTGCCCGTTATTGGCAGGAGCTAACTTGTAAATACGGATTGAAGAGTGCGCTCAGTGTAAAGCCCCCCTAATACGCCGTGGCTTCTTGTCTGCGATCCGTTGAAGGGGTCTTGATGCACGACTTCCACGTATATTGTGTTTCCGGGGACGACCGGGGACTGTATAGCGGTGTGGCGATTATAGTAGTATATCTCGCGGATTATTGGACATGACGTATTAAACGAAAGTGCATAGGGACCGGTACTGGCTATGAGGTATCTACTAAATATAGGTGACCTTTACCGCGTTGACGGCGACTTCGACCCGACTCTCTTACGCAATAATTGGATCGAGCTCTTACCGATGGCGCTAGATAAGCCCGGAGCAAACGCTTTTTTTCACCTAACGCTGAGTCATCAACTGGCGTCTTGCAGCGCAGGACGTGTTTAAAAAGGCGGAATGAAATTCTACGAGACGTGGATATGGAGCCCAGACGGGGTGAGACGGCCATACGCTGTCGGCCAGCAGCTCGACCGCGAGGCACTTGAAGGTCAACAGTCTGCAAAAACTATCTCTGGGCGGATTTGACACCCGC,1804,51.5,Escherichia coli
SEQ_220602,GTCTAGCTTGCACCGTAAACTGTAGCTAGCACTCAGACGTGTTTCAAGGATGATTCAATAGCTTCACCTCGCGACAAAAGCCTGTCCCCGAGATGGGATAACACCTCCTACGCGCAGCCCTATAATAACGCATACAAATGCGTACAAGGGTATTTGCCCTAATAAGCCGGCCGGGATCGCCTCACAACACCGCACATGGGACCGCGAATTAGGGGGGCTGCGGCGCAAGCTCC,233,54.08,Saccharomyces cerevisiae
SEQ_191734,AGGTACCTGGCGAAGAACGGAATTCGCACGTAGGAGAGGAGCTGGAGACAGACCATGTTGCAACGGCACGTCCAAATAAACACTATGGATTAGCGGACTTTGATATTAGTTAGCACGCCGAGTTTGGAGTGACTAGGCATTTTTACCACACAGTTTTGTAATGCGACTCGTTAGATGCCTAAGCCCTCAATCCGACTCAGCCCAATGGTCAGAGGCTTCGAGCTGTCCTCGGTATTACGTGAAGTGCAGTCGAGAGGCCCCGAATGGCGCGATTTGCGGAGCGGTATGGAGGGAGGATCCACCATTCCGTTATAGCAGACTATCGGGAAAAGACAACATTGGGGATCGCTTGAAAAGGTTGACGTCTGACACTTAGAGAAGTTACTGCCGCAGTCATGATCAGTCTTAAGAGAAGGGACGGCGAGGCAGTGCACGAACTCGTGGTCCGAGCGCAGCTACGGGCAAAGCCCTATG,474,51.9,Saccharomyces cerevisiae
SEQ_349532,TGTGCGCGGACGAATCCTCCAAGAACCGGATCTACTAAAGGTACTATCGATGACAATTCGCGTGACCGTGGGGCGATGTGGGACGGTCCATAGTAAATTGGCCAGAATATTGCTCCTGACCGCCCGCACCCATGAGAATCCCGTACCATGACACCAGAAGTAAGGGTGAAATTGGCGCTGCGGCCTGCACTCTGACAGTGGTTCTCTCGGCGGCTGGCCCAGAGCTTGTTTTGCGGTCCTACTAACAAAAAATACGGGGCCCGGCAAAGGAACGGTATCTGCGATCTTCTTCTGCCATTAGTGTTATATTGTCGGCCATCGCAGGTAGTTGGCATGGTGCGTACAGCGGTTCGGCGATCAGTAGGGTTCACGTGCGCCTTGTGACTACGATCATGAAGACGTCGGAGTATTCAAATAAAAACGACTCGGTTTCCGGTTGGCCATCAATTACAGCCAACTTGCTAAGCTGCAAACAGGACGCTTAGCACCGTTGAGAGGGTTTCTAATCGGCCACCTTTAATGGGTGGCCACTTTCTTCGATTACACGTGAGTTAAATGCCTCTGGAATAATGTCGGGGAGTACACGGTCTCTCGCGCCAGGGATAGGCTTAATATCCGTGATAGTTATGCGCCCCTATTGTAACCTTACGCACGATGAAACCTAAAAAGATAGACCGCACTTTTTGGGCCGTCAGAACCCTCCATCAGAAGACTCCGTCTATAGGGCGTCAAGTCTGGGGTACAGTGACTCCATAGCGTTCGGAGAATATGTTAGCGCGTGTTAGCTATGTCCCGTCCCACTAATACCGCCTCGAAAATCAGTTGATCGTAGTCAGATGCAGTAGCTCTTCTTAGTGGGACTCTGCAGCGTCGTGATCGCGCGTTATAGCCATAATGCACGTCCTTTATGTGGTGACTGAGGTCATCTCCGGGCTGCCCGGCTACTGGTAGCCACCCTCGGGACCGCCTACTAGCGTCTTAGAAGAAACGGTTATGCTGTATCCCTGACTTTGTGAGAAGTGCTAGGAACGTCACGCATTGGGGCGCGCTTCCCTCGGTAGGCGCTTAAGAACATGGACAACTTGGAACGGCAATCTCACCTCGCACAGGTTGGCTCCAAACGCGACTGGCGTTGAAGCTGAACCTGGCCGTACGAGAACTTCGGGAAAGCCATAAGGGCCTCTTACGGAGGCATCGGTAGAAGATATTCGGCAGATAGATACACATACGCCTGCCCGTTAACATCGCTCATTTCACAAGCCAATACTTGTCACCGCAGTTAGGGGCGCGCTCTCGTCAATAACTAACGTCTGGGTCTTATGCACATCGCTTCGAAGCACGTCCGGGGGAGTGGCCCCGTCCACCTTAACCTCCCATGGTACGCTTGTAACCGCCCGCTGAGCTGTCGAGTCCTGCTGGGAAGCTGCAGGGCGATACCAAAAAGTCGACATGCTGATTTGTAGGTCACATTTCGCCCTTCACGTACCCGCCGGAAACTCAAGTTTACCTGTAAAGGTTCATGTTGTATTTATTCACAGGCGAGATAAACGCCAGTGCTATCGGATCCGCCGGGTTCAGCATGGAAAATTGTTGACTTGATGTTGAGTC,1608,52.24,Caenorhabditis elegans
SEQ_290377,TGACAGGAGGCAAGTATGTAGAGGAGGTTCTGCCTGTTGGTTCATTGTCGCATTCGGTCGCCTCCACCCTAAACCCAGATGGTATACGTCGGCTAGCAACTATTACTTAAATTCTATTGACTGTTGCTGTGTTATGAGCACGTCATGCATGCTGAGCCGAAAAAGCATTGGTAATACTTCCGCGGTGGACTCCCGCCCCCCGGGTTAAATAGCGGGAGACTCCGCATCTTGGTCCGTATGTGCGTACGTTGGCTGATTGGGTTTAAAGTTTAATGCGTAATTTACTCCGTCATACGGGTACACTAATCGAAATTCCGCAGCGGTATCCTCCCCATTGGGTGATGCTTAAACCTCAAGTGGCATCAATCGGTCTTGCATGTTTACGATTATATTAAGCGCGTTGAGTGCGTGGGCGGATGTCTCACGAAACCGTCTGAGTGTCACGAAAAATTAATGCGGGGACCGGGCTGACCGGCCGGTACTGCTCGCAACTCCATGCACTTACTAAATGTCTCGCATATCAGTGCTGGGCACTTAGGCCCGTTTAGTTCCACTAGGGATCAACAGTGCCGAGGTGGAACCCGAGGTAGGAATTATGTCTCCCAAATGTTCAAACCTGATGGGTCGCTCCTCATAATCCTGCAATACCAGCCCACATTATCGACTACGCGAGCATCCGTTCACGACCCCCCCTGGCGGCTCTTACACGACGTAGGTACATGGCAACGAAGCCACCGGCCGGCTGCGAAGTGCCTACTGTATAATTTGCCTAGGGGGAAGTTGCGAGAGACGCTGGGTACATAAAGCCCAAGTAGGTACAGCTGTTATGGCACGTGATTGACTAGGCAGAGACCTTCCCGGGTTCGCCCGTGTATTGAAACGTATGGACGCAGTCCAGCGACAAAAAGCCTGGCATACCGGTGGGGAACCAGGGTGCACCCATGAAACATCCTGAAAAGCATGATAATCCCGCACGAAGTAACGCATGACTCACTGTACAAATCGCTCACAGTTGATGATTCTCCCCCTTGCGGATAGAATGCAATTCTCGAGTCCGACCATCTTTGTTTCAAGGCCGCATAACATGTATGGATTCAGGCTAAGTCGTTATGAGGACTTGGAGGCAGAAACTCAACGCTGGAGGTTTGAATCGGAACACAGTAACTCCTAGATTATGCGCACCATGCATCTCCTCCTAGTGTGCCGGGGTACGCTAACGGCCCCGTTAAGCACCTTGACCATTGTACGCCTACTATAACTAGATCTCACATTTGGTATCCCAGTCGTATATCACCCGGGCATTACTTGCAGAAGGCATTCTGGATCGTATGATAGTACTGCCGATCACGCACAATCCGCTAGTGGGTGACTGGCGCCTCGTTTGCATCTGGTATTCCTCTCCTCGACTGCAATTCTAAGTCCCTGCGTTAGTGCTAAGATCTGTGTGGACTGGAATTGAATAGCACCAGGTCAAACGATGCTCCTTTGAGATGCTTGTTGGGTTGCAGGAACGGTACAGCCATCACTACGACATTTCGGTCGATGCGCGCGACGTGCAACGGGGGACCGCGCTTCTGAGGTTTTTTAAGCGTCTACCTGATGTTGTACATAGAATGGCGCGTTCATTGGCAGATACTATAGATATACAGGCGAGCACTTGTAAGTTTAGTGAGTATAGATGTCGCTACACACAAACAATTTCACCCTTCTTACCAGAAAAGGATACAGCACGGCGAGATTGGACTTGACCAGGC,1754,50.4,Escherichia coli
SEQ_759288,TAACTTTTAGTGAGGTGGAGCGGCGTGCGAGTAGGCCACGTGCATCTCGGGCGAGAAGTCGCGAGGAACTGCATATTCTTGCTGACATAAAGTTGGCGACACAGCGGAACCTTTTATTCCCCCACTCTGAGAAAGTTTATTAGTCATCCGTGTTTAGGGTCCTAGGAAATTTGCGACTACGTCCCCACTTAGCCCGGTTTGCATTGCTTAACATACGCTGAATGCGCTCAGGGAACGGATCGGACAGCCGGCAGACAGTAGCAAGTCTTAGCGCTGGGCAGCAAGACAAACCTCGCCGTCACGCGTATCGTCAGCTTGTAACTCCAAACACTGTCAAGCCTCAATGGCAACTCACCTCGTGGCGAGATTTAGTATTATCGTCGCGGACATTTGTACGAGGTATGCGTATGCGCGTAGCTAGGGAGTAAACGTGCAATGCAATTGTCTCTAGGAGTGGGATGGGGAGTAACAAAATGGCTGTGAAAGCTCAAGGTAAAGGTACCCCGGCCACATGAGTGACCTGCCGTGCATTAGGGACATATTGGTTCCATATCAATGCGTATAAAGATAGTTGCACAAGGCCAAAAAGACAAATAGTTTGGAGATCTCCATTCTCAAGATGGTGTCGTGATATTCCACTTTGCCGCCGCCATG,654,49.85,Homo sapiens
SEQ_268617,CGAATCATATGGCTGGTAGGTGATTAGTCCTGGATGAGCCCCCGGTATAAGGGAATCGGCATAGATCTTGCTGAGAACCGCTGGTGCACATGGAATCGCACCTCTTCCTAGACGAGAGATAGTAGAGGGGTCAGTTTTTGGAAAGTTGTCCTAGAAACGGAGTTTAGGGCGACTTAACAAATTATAATCCCACAACTGTCGAGATACAAGACGACTTGCCCGCACCTTTATTTACCTGGTAGGGGCGACTCATTTCCTCGGTCGATAGGATTCAACACCAAAAAAAGAGATGTCCGCTGGTAATCTCTGTTTCCCAAGAGGCTCATGTGCGTAATTCATCAGTGTAGAACGCCACAGAAGGTTCATTATTTCCAGGCCTGCGAGGATCCGATTTGACTGGCTTTACTAGTAACGACATCGCTAACTACCAGCTACACCTTCTCGCTCGTCCCGTTTTTCCATGGTCCTGTGACATTGGTGCGCTCCCTTTTATTACTTCTGGCGCGGCGCCTTCCTCGTCATGCTAGTGAATAATGAATGTCGATTAATCGTTCTAATGCTGCGTCGTTAGCCTACGACAACCCTTGTAGTACTTAGACGTACGCTAGAAGAGCCGTGGTAACTCTACAACAGGGCTCGGATATATAGCTCGACCGACACGCCGGAGCTGTCTCACAGGAAAAGTGCTCATACCATACGCTTCACTGGGGCAGTTCAACGTCGTCTGGAAGAGTACAGCGTTTCGTGCCTGGGAGCGCGAGGAATGTGCGTCATTGGCTACTTCTGGGGCGGAAGTTATCAGTACGTTGGACCATAGGGAGAGAACTTTTGTCGATCCCGCCATTATCCTGTGATCTGATAATCAATCTGGAAGTCGGGGCGAGCTGTACTCGATCAAGTCACTTGTTAACACGCACAACCTGTGCATTCTAACGAAAGTCTGCTGCTCAACGAGAGTCATCAGCCGCTATTTATTCAGCATGCCTACGCGGACAATTGTCAACACTAACACACTATCACCCTTGCGGTTCTGTACATGCCTTTTGGGTCATCTCGATTCTTATTGGTTTGGCGCTATGGCGGCTCTCATATGGGTCCGTTGACTCCTGTGGCATGAAGTTGGCGGTCGCATCCCGATACGGGATTGACGCCAGACGATTTTGGAGGGTATTTGTAGGAGCAATGTCTTCATCACAATTGTCCTCTCCCTCTTTGATAGACCTTATCTGTCTTAAATTTCAAACGTTTCGTGGCACACACCACAACCCATCTGGGTTGATACTGAATAATCCGGCCTATAGGGGTGCGCGACGGTTGTGCCCTAACAAACATTTGTTGGGTGATCCCTGTGTTTCTTCGCTGCCCGTCTTCGTTGTTGGAAGCTGTTTAGTCGCATAGCGCCACAGCCTACCATTCTGTGAGGGTCTCGCGGGTTTTCGGGGCTGTGCCGACAGTTGCACGACGGGTTCCGGACCCTCACATTACTTTGTTTGCTACCTACGGACCTAATGAGCCGTCAGTTCAGACCGGTTATCGCAGGGTTATGCGCTACGATAGAGGCCTTGGCACGTCGTCTACGCGATTTCACTCCTACTTTCCCCCGGTATCGCTATGATGCCTTTTACAGTCTTCTTTTAGTTAAAGACGGTCCATTGTAAGAAGGTGCCCATCATTAGAAAGGTGAGGTGGATTCAAGGGTGTTAAATTTAGGTGCTGCCTACGCGTGCCCCAAGTTCAATCACCGTACCGAGGCGATGGGCCGACGTATCGCATGGCAAGTTTGTAACCGGACGTAACGCCTTTTACAGTAAGCTTGGTGCTGACACACTCCGCACGCTTGGGTACGATCTCTGTTTTCCT,1860,49.84,Arabidopsis thaliana
SEQ_688560,TGTCGCTATGCGATCCGATGTTCCTCAAACAGAGGTGTGGGACATGTTTATGGTCACAAGAAAAGCCCTATGGGTAAGGCTCTCCGAACAATGATCCAGCCGAATCTACTTTCTTAATTACATACGGTCTGCCGCATGAGCTGATTGGACAGGAGAGTACTAGGAAGCGCACGAACACAGAGTTTGTACGGTACCGCATGGCGGCCATCTCGATCTCTAGAGCAGCGCCGCTCGTAAGCTTACCAACGCACTCCGTCTAGAAGGTAGGATCCAATTCAACGACTCCGCGGAACTCGTGGCGCGCCACGAGTCAGGCATTCAGGACACCTACGTAAAGCGGCCGACCGGAAAGAAGGTCCCGACACGCGTCGATTTCTGTAATCGTTACGTACCCCTCACTCTTACGCGCTGAGCGGCCCCCCACCGGGTATCCCGAGTCGTCCGTTTTACTTGGTCGTGCCCAGTTCCTTACCAGCTCCACCCGATTCACGGAATCGATCTGAAGATGGGTCCACCGAGGGCAGGTGTTGTTCACTTTCCATCCAGTTTTCGGACCCCTAATATTCTGCTCCGAGGCAGACCAATACATACGCGACACACTAGGATGTATTCGCTACTCCAAAGACTCAGGGATCCGTCCTAATGATCCGATATCTAGCGCCAGCTGGCACTCTCCGAAGAGATCCAAGTGTGAGCAACGTCAAGAAGTCGTTGCATCCTCGCTTGTCTTCTTCTCAATCGTGTACCCCGGCCATCGCTCTAGGATGCTCGACGTATAGCTAAGCACTCTAGAAAATTAGCCTCTGTTGCTTTTCGCCGACGGATCGAGACCTGTTCCGCATGCTTTGGCCGCGCTCGTGCGGTGGACTACGCGTAGTTCGTAAACACAAACTTACCTGTGGTGTTGCCAGAGCCTGCCAGACAGCAGGTCATTTCGCCTCGGACTCCAGCTTCCCGGCTTTTTGATAGGTACAGATGCCGCCTTTGGAGGATGGGTATTATAAATGGATCCGGGCCCAACTTCCGGACCGGGTGAACGGGACCGAGTCTAGGAATAGGTTGCTGGTTCGTCTCTAGGGTGGGGCCCAAGGTGGGAGAGTGCGCCGGTCCCCGAGATTTCGGCATGCTCAGGGGTCACAGGTGACTTGCTGATGAGAG,1158,54.49,Escherichia coli
SEQ_688539,TTAGTCCCTCCGGATTAACCATGGCAAACATTACCCATCCCGTGTTTAGTGGCGCCGTAAGCAAATCGGGTTTTAGCTTAATGAATGCAGGAAGTCAGTATACCGTTTCCGACCATAGTAACACTCTCTAAATGCTCGTGTCGAGTACGGATGCAATTCTTTTCGTCTAGCTTCAGGGTTGAGAGGCTGAAATGATGGCCTTCCAGGGCCAAAGGTTGCAAATGAGCAGATTGTTCATCCTATGGCCCATTTACCACGGGTTGCGTGCCTGCTTACTCATTAGTGTTCAACCCCGCTGCTGTATTTCATCGTTACTAACAGCTTCCGACCTGGCAGGTTAACCTCACCGTATGGAATAGTCGCTGTCTCGCTCGCTGCGTTACTATGTATGCGAACACGCGCCGTTCTCGGCACCTCCGACCCATCAGAGACCTAGTACCTTTACAGAGTAGCGACACCGAATGCAGAATCAGGGTGCTTTCATGTCGTGAGGGATATGATATAACGTTCAGCGAATTCTCGGTAGAGATTAGGTAATGTAGGATGACTTAGGCGGTCGGCTGATAGCGAAGGTATCGGATCCCAAACTTATCGTACTTCGAAGTGTTTGGAGGAGAAGAAGGGGGCCTGGGGAATCTGAAATCACGCGAACTAACGTTGACGCTACCTGCTCCCATATGACTTACGCACTGATCACCGTACAGATACAGCTGCTCGAGGCTTGTGGTATCTCGTTCCGGGCCTCATACCACATAGGATCAAGTTGTATCGGAAGGCCACGGTTTCGAC,789,49.56,Saccharomyces cerevisiae
SEQ_570736,GTATGCCGGATTGAATTCTTTCATGTAATCTTGCACAGGGGCTTCGCACGTCGTGGCACGCTTGTCTTATTGCATGGCTAATCGCGGACGGCTGTCACGACGGCCAATAGCATCTTTGGTTGCATGAAGCTGAAACGACAACTTCCCTTAGGTTGTACCACAGATTTGTGTCAATACGATGCTCTACTTTGCGAGTAACCTGCCTAGGCTGACTTTGGCTTATTACGTACCCTTGTTGGTGCAGAGGAATAGCGGGCCCAAGAAGAGCGATAGGTTCAGGAGGCCCCTAAGCCTCTTAAGCTATAAACGGACCATGACGCACGGATAATACCCCCCCGGCCGCTCACAATCACACATCACCTATTTGTCCTATAAAAGCAGTGGTGGATCTTTCTGCTCCAGGAAGGAAACGTACTACTCAGTCTCCAGCCAGGATGGTGGCGGGCGTCAAGAGAAAGGTGCTTTACTATCATCAAATATTAGGAATTCTACACACTAGGATTCGCCAGCATACTCAGGTCTAAAACTGCCCCTGGTCCCCTATGAATAACCTATACGTGCGGGATGCCATGCACACACTTAGCTCACGCTGGTCTAACTGGAGCATAGTAAAATCAAAATACCACGTCGCAATTCTACTGTCACAGTTGTCCGCCACTGTCCCCATGCGGGAGACCTATAAGAACCATATCGTTGAGATAGGTGGAGCTTAGCAGGCGACGGACCGCGTACAGTAGGAGCGGGGCGATCCAATTGAACGCCTCCTCCCTTTCCGGAATTATACTGCGAGTTGACCCGTGCGGAGAAAACTAGTATGACGTCTACATAGAGTCTGTATTGGCAGTGCCAGTTTGAGCGGACATTCCTGTAAACTAGTATAAATGATTGTCGGTTAGTACCCTTCCGGTGTTTGCTATTACTTCGGTTTGTGTGAATATAGGATATTGATGTTCCACAAGATGCTAGACAGTTATTGTTCACCCGCACAGAACCGCTAAGGAAGGCTTTGTGGTTAAGGAGACCTTCAGTAGTGGTTGCTACTATAAAGCTCTTCGCGGATTCTAAGGTAAGGG,1073,48.46,Saccharomyces cerevisiae
SEQ_707855,GGGTTAATCGCCAATACGCACCGGCCGTATGCCTGGTAAACTTACGGGGTCTAAAAGCTGTTTGCTTGCGGGCCTTGCCCCGTGTCTGCTTGGCTCGGGGGTCAGACCTTGCCAAATGTACAATACGATTAATAACGACGCGAATGACGCGCCGAGTCTAGGGAGTCATTATTGTTGCCGCAGTGATGGGCACACCCACCCCGACCGGACCCCGATCCGATTCGGGTACCTGTTTGCACCTACATAAGATCGATCCGTGAGTTCAGAACCATGATGGTCGTTCTGTCTGCGTAGTATGAAGCTATCAAAGGGCGCTTTAATATATGACGGCCGTTCGGTACTTTGTCCGATGATTTGGAAGAACTTTAGCTACCAGTATACATTGGATAGGTTTTCTGATGGCACTTTTTCAATGGATGAGTAACGCGCTAGGTAGTAAGTCATTCGTATTTGACCTAAACTATCGCAACCGGGAGGTAGTAATACGCAATTTCCGGAACCATGCTCCCAAGGACCTTTTTCCGAAACGGTGGGAAACCTTAGTTTGACTGCCTGCACTTCGGCCGCAAGAAGACACTCCGGAATTTTTACCCTCCACGGTCCTGGGGTGCGGAATGTGACGGGCGTGTGGCTTACGCAGCGCTCGTGTCCCCAAAAGGGCCGCTTGTCTGCTAAGAAGCACCGCATTTAACCGTTTCAGGTTGTTCGCCGAAAGTGTAGAGCTAACCCAGGGGTGGCGTTTCACATCCGTCACGTAAATCTTGTGGCCGTATGATATGACCTGTGGCCTGGACATTGTGAATGTTGGGCTCCATACTACCCACACGTCTAGAAGGATCACATACGGTTATCGACCCTCTCCCTCCAGGGGCTCAACCCACAAATAGAGGGGAGGATAGTGTCACTATCCTAGTGTTACGGTCTTAGCCCCAACGACCATGGCACCGATCCTGAAACGTTACATATAGATAATAATTTCAACGAAACTCACGGTTGGATATCATTATTTAAGTGCCGTACAAGGTCCTGGGGGTTGCCTTGTTAGTCCGGATTTGTCTTGGTGAGAGTGTAAAACAGTCGTAACGACGTTTTCCTTTCCCCGGAGGAGCTCGGGAAGGCTACCGTTCGCTGCAAGTATTACCCAGCAAGCTATAGCTAGGACTTATATTTACACTACGCGGTAACTTTATCCCTGTTGATCATCTTGATTGCATCATGTTGCACCGCCGCAATAAACGGCCGGCCTTACGCAGTGCCCGCGAAAATTCTGAATTAGGGGGCAATACTCTCACGAGGAACTCGTTTGCGCAGGTATACGTGCATCTAGTACGTCCTCCTGCCGCTAACCCGCATTCAAGAAATCCTGAGTCGTAAGACAGATGCGTGGCACCCGGACCCTTTTGGACCGCGTGGAGCCCGGCCCCAACTTGCGAGACTTGGGGCAAAGGGACTACGCCAAGAACTTCATGAGAGGTGATGGGCTTGGAAATTAGCGGTGACTGGTCTGAGTATAGCTGACCGACTCGTACTGTCTATTGTGATTCGTTGAACCTTCTGAGCGTTGTTAGGTATGACTCAGGCACTCTGAAACGCATACAAAGTACTA,1606,50.56,Saccharomyces cerevisiae
SEQ_459777,ATTGACTCTCCGTCTCTGAGGCGTACCTCTGAAAACCGAAGTCCGAGGTACACCGGAATTTGTTAGGTGATTACGCCAAATCGGGATATGCGGCGCGCAGTATATACGCTACTTGGATGACGCGGTTCGCGGACGCTAAAGTTCACCTACGACAATGAACCGGAACAACAGTGCGATATGGCTAGTAGACCGGGTGAATTGCACCGCTGCCCGCCGATCGGCCATTATATAAGCCTGTGTAGCAACTTATTCCTCGTCAGCTTTAGAGAAACGCATCTGGTCATCTACGGCCAAGTCCCACAGAAAGCCAAGGTGATAAGTATTTTTGCCAACCTTCGGCCATACATTACCGAATTTATGTGTTTACCCGTTCCCGAACGGTGCCTCAGTGCTTCTTGACCAACGCCAGCGGGGCGATTAGCAATGAGTAACGAGGTCAGATATCATGTCAGAGTTCGAAAGTCTGACCTTGACCCGTATTAACGTTAGTCATAACACTACAGCAAACTGAGCGTGCCCCTCTTAGTATGCCCTTGATCCGAGCGGTAAAGTCGCCGTCTCGGTCGTCGTCGCGCAGCATACCAAGTAGCTGTGAAGTGGTGTAGTTCCCGGGACTAGCGCACAGGCTAAGGAGCTGAAAGGGTTGATAACACCACGTCAGACGCCAGACTAATGGGTGCTGGCAGCGCCGACCCGCTAATTCTTTCAACGTTCTGGTTGGATCGGGGCGTAAATATTTGCACACAGATGTCAACTCGAGTGATCTCAACGTACTGAGATCCTCTCGAGCGCAATGTGGCCACGCATAATGGATGGATGTGTGCTATTAAAACGTATTGTCAACTATTACCGTCTAGTTGAGAGCCCCTGTCCACTTGGCGCCAGAACCACCTCACTCCCAGTGTCGTTTCTTTGAAATGAAGAGAACTTCACTAGGCGTTTTGAAACCCCGCGATACCTGTGACACGTTCGGTACAATACATACCGCTCGGAGCTCGGTCCGGAGATGTATGTGGTCGCGGCGGCCGAGGGTCACAAGTATCAAGTAGATCCACTTCGAGCATAGTCCACTGATCTGCACCCCGGTAAGGTATTTCGAACTATATATGTGTCCCTAGATAGTCGACTGAGCCTGTGATGCGTTTAAGGTGAACAACCGTTTCCAAACTGTGCTTCGGTGAAATGATGGGCGGCAAGACGTAATCGGATCCGATCAGTCCAAGCCAGGTAGTTCTGTTAGCTGAGGCTTCACATGTCCATCCGAGCGTGATGCCCAGGCACAGGCGAATCCGCA,1294,51.16,Mus musculus
SEQ_915619,TCCACCGGTCCCTCACCGTTTGATAGCGGACACTTGATGACCGAAGGTAGTACGTGTTAGTACAAACCTCCGCGTCCTATTGGTCTCTCGAATACCTGCTATATACAGTGGTGTTAAGTATATCGTTGCCGGTGGCATTTCCGTAAACACTGAACTAGAGCCGACGAAGCGTTGTTTGTGGAGTAATGGGTTTTCCTCTGTCGTATAATTCTACTATAGTGCAGTTCAAATGAGGACTATTTGCATTAGAGGTCGTTGACCACATATGCTAATAGCGACGTTCGGTACCCATAAGGAGCGCGCTGCAGTGACCCATCTAGTTTCGAGTCGCGTAGGCTTTGGGGTAACTCCTAATTATTAATGGTTCTGGGTGTTCCCCATGATAGATTATTTAAAACGAGCAATTGGGG,410,46.1,Saccharomyces cerevisiae
SEQ_104659,AACGAGCAAAGGTGTGTTCCGGGCCGTGAGATCGTCACCGTAATTGTGGTATATGCTTAAGACAAAACCACAGTATGTTCGCTCTTGTAGAGGGGTGTATTCTATTGAAGGAAGTTCTTCGCAAGTTCAAGAAAGGGCTCCTTTCACAGATATGACGCCGGTAGACCAGCGCTGAGTAACCCATTGTTCTGAACACTCCCAGGAGAGCTGTTGCCCAATACGACATATAAGTCGCGTGATGGTGGTACTAGCTTCAAAACATTTTATTACCCTTACGACCACCCCCCGCCATTATCATTTTGATTTATGGCTCATTTTCATGCGGGTATGATCGTGTTGTAGCCCGGGCTGCCACGTAGGAAGGTCATTAGTAGGTGCCAAGCTTGACCTGTTGCTTGCTCCTTAGTCCATCGTTTATTCTGGGATCGGTAATCTTCGACACTTTATACAATCAGAACAGCTGGGTAGTTTCACCTGATACTCTAAGTATCGTTAAACAATGCTTCGATGACCAGAGCGCCGGTAACCGTAATTGGGAGCCCACCCCGTAGTCTACTGAATCAAGGGTAAGGACTCGCTCCTCGTTCCGATGGGCCCCAAACAACTTCGGATATGTATCGCAATAGAAACAATCGGCTTGTAGCGCTTAAGTATAGATTATAAGCCCTTACTAATAATACGCACGCAACGACCGGGTCTACGGAGGTGATGCAGAGCGAGACATTCTAGGAAACCCTGCGGAGATTGGCGGTGGGGTTCGTTACCTGCAAAGAGTCGGATGGCGCCGATGTGCAATCAATGTATACTCTTTTCGCCCTCACTAGTCGGCGAAGATATAACAGCACTCCCTCGCCGGGGTGCGATAACCGTGTTGCCTGATCACCGTGATCATCCCACCTAAGGCCCCGTGCGTTGACACCAGACCGCGCGCCAAGTATTTGTACCGGTTTGTCATCATCGAGATGAGTCAGGTGGTAAATGCAGG,985,49.24,Saccharomyces cerevisiae
SEQ_679735,ACTGTGCGCAGCGTTACCTGGAACCAGCGCGGTGGGAGTAGCAAGCCCCTCGTATGGCGACGTCACTCAGCTTCCCAGCCAAGTCCCTCATTCGGGGTCGTCAACACTTGAACCGTCCTGCCTAAGGTCTACGGGGACGTTTGTCATACAGGGAAACAAGCCCCGGACTATGGCGGGCAATAATACCTTCTCGTATAATACTCAATGCATGACAGTTAACTATACACAGCACTTTGAACGCTTGCGTCACCTGAAGTTACGAGATAGACACTCCGAACCTGGTGTCCCTACTTTAAAAAAAACAGTCGGTCAGCGCCTGGATATAACGTGACAGTGGTATGCCCCAATCAAGAAACAAATGAACACCGAGTTAGGGTCTCCAGGTCCTTTCAGATGAAGGATGCCTACTAAAAGTTGAAAACCTCGCAGAGCGCTTGCATACGCGGACTGAGTCAGGATCCCCCGTTTCGCAGCTCGTGTGTGGATGCAGAGCACCGCTACGG,503,52.09,Saccharomyces cerevisiae
SEQ_110530,ATTACACGCTTTTTCCACTGAGCGGATCGTTAACATCCTTCTAGTTCATCAATGCTACCTGCATACGAGCGTGGGGGGTATCAACCGACAGAGGGTACTCTTGCTCGGTTCGATTCTAGGAATGAG,126,48.41,Arabidopsis thaliana
SEQ_902671,CTCTACTGCCCTTAAACGCTCCCACATCGGCAAGCCCCAGCAGAGTTGCGCGAGGAAGTAAATCACAATCCCTTGCCTACCACGTGGTCTTGTCCTGGGGGCCAGAGCCACTAGATGCACTGGGTTCGCCTCAAACGGGTCAACCACTACCTCAGTCACGGGCAAAGAAAGTTCGCTGTCACAGGTTAAGGGAGCCATTTATCTTGAGTCTGCCCCATATACGAGCAAGTATGAGACTTCATAATTCTGAGACAGGTAGTGCGCCTACCGATACATAGTCATTTTCATTTTCACTAAAACAGCTATTAGTGTACCGGTCCTCATCGTACAGTCGCGTACTATGGTGGACTCGGCGAAGGTTGGTGTACGGGATGTCCAGGGCGACTCCTAGATTTCCGCATTAGACGCGCAGACCCACATGTTGACTCGTCTCTCCATCGTCTTATAATTCCCGGAAAGAGCTAAGCGCCCATTTCCAACGTACGAGATCACATTCGATGTTCCACGGAAGTGCATCGTACATGCCCTGCCAGCTGCGTGTTCTTTTTAACGGCCAAACCGATGCGACTACAGTTAGTTCCTCCAATTTGATGGAATAAGTTGCTCGAGAAGAGTAAGAATGCGTTAAGGAATATGCAGTATGAGTTTGTGATAATGTGCCATGTTGACACTGCCTGTCTGGCACGAACCGACTATTCACGGGTTTAAAGACACTTTTATGCCGTCTGCTCCTAAAGTTCCTGGCGGGTCTTTACTCGATTCTCATGGCCTCCCCGGATGGCCTAGGCACGTTTCCAAGGCGTCCTCCCCATACGAATTTGAATAATACACACTCTTACGATAACATTGGCGGAGGTGCTCCTCTAGCCACGATTTATCCCTAGCTCAGGAGCGTTTTGCCGAAGGGTTTAGCCATGTAAGCACACGATCGGCCGTTCACAAGGTGGAAAGAGATCTCATTC,962,49.79,Saccharomyces cerevisiae
SEQ_229527,TAGATACTCTCGGTGTAAGCGGCTAAGAGCTACCGTTCAGTCCACTACCACGAATTAGTAAGAGTTGAATGTCTAGCCCAGCAAGGGTAAAATGGCAGAGAATACTGGACTTGCGCCAGGACAATCCCACAGCGGATGTTGTGGCGCGGGTCCTTATCTCTTCTACGGCGATACATAGCCATCATAGAACTACCTCTGCTCCGTCGTACACAGGTCCATTTCGAGTCGATTCCTCTTAGGATTGTACTATATGTCCTATCTATGCCTACATCTGGTGTGCGAGGCAAACGTAAATGGGATACTAGATCCCCAGCTTCAGTCATTTCAGTGGTATAGCCTTAGGGAAAAATTCAAATGGAATTCCTCTCAGGCCGTTGGACGGTCGTTACCCTCCGCATTGGAGCCACATAGGGCCGAATGTTCTCTTACGTCCGAGCGACTTTCAAGGTAACCATCAGCACGAGTTATCTCGGGAGGAACGCCTACCGGGAGGGGCTAGGCGCTATCGCCGCGCCGCGGCGCCAACGTTTTATACTGGTCATACACCAGCACTGCAACAGCCGAATATAAGCCAAAGAATCAGACACTGATGCTGGTAGAGGTAGTTAGCTCAGTCCTAAGCCAACAATGACTTCTCATTTCAGCCGCTTGACACTATTTCTTTATATTCGGTACTTGTGGAGGATGCTTGATTTTGTGCGTGTTGCCGGACGTAGGCGAGCAACACCCGATTTTCTCCTGTTTCTTATTAAATCATTCTGAGAATCGCTATCAGGGACCTTTTTCGCGTTATGTATAGAGGAGGAGAAACAAGGGTAAGGTCAGCTCCCCTCTAACCCATGAACAGCTTAATTCGCGTATCCACCCTAGACAACGCATGATTACCCTGCCGGGCGACCTGCTTAACCAGGGCTCTAGGTGCTACTATAAGGGAAGCGTAACACTGATTGGGGTAGGCCGAGACGGAGGCGCCAAGTAATACACGAATAACTTTGTTAGCCCACATCAAAGGGGGGTAGCAACTCTCGACAATATCCGCTTCCGACTACTCCGTGGCAAGAATGGGCCCAGTATTAGGGTACACAGTCGAGTTGCCGAGGAATCTGCGTCCTCCATAAGCACAA,1124,49.73,Escherichia coli
SEQ_819947,AACTCCTACGACCTGTACTGCGTTCGAGTCTGTGGCTCAACCCGTCAGCGGTGGAGATAGTCGGGGTAAGGGACTCGGCGACCTGTAGCCATTCAACCAAACGCACGTTTTTGCGCGATTGGGGGACTGCAACGGCGGTAGGCACGAAGCGTGTAGGATGCTTACCGAAGCGAATGGGTCATTACTGGTTGTGGCGCGTAACACAGGGGTATGCGAGGTTAGCAAATAGACTTAGCCAGTCTGACGTATTGTACGGGTACTAGTAGTCCCGGATAGCTACGCCGTCCGATTTCGCATGAGCGTCTCCAAGGTCAAATGTGCCAGCTTCGTGTAGCTTCTTTAGCTCCCCGCATTCAATTGGGAGTGTAGCTGAGAGTAATTAGGTCCACCTCCCTGATAGCATGGGAGCTACGCTTGCTCAACTTGTATTAAAAGCTCATATTTGAAGTCTAACGCGGATTGGACGCGCATGACAATTATCAATCTATAAGCGGGTGCCCAATGACTATAAGGTTTTGAGGGGTCTTCAATCAATTGTTCCTGCCCATTTTTAGGCAAACAGCTAAACGGGCTGCAGCCGGCCAGCAGTCGACATAACGCACGTGGATACGGCGGTCATTGACGTACACCAGAGTACCTATACACAGCGATGCAGACCACGGGCTATTTTGGGTAACGATCCAAGGATACGCTACGCGCGATACGCGTTACGCGTCGTTGGCCTAGACTAGATCCGCACACCGCCAGCCCAATCTCGAAAGTATAGCGCATAACCCAATCGTGTCAACATCCTCGCGAGCCGTGGGCTCGACGTATAGCGCTGCGCAGGGGCTCCTGTAGCGTCTTAGCGCCAAACATACCCAGGGCTGACGAACACCG,879,53.13,Drosophila melanogaster
SEQ_999255,AAATGGCAGAGTCCATACAGCGCGCATTACTCTGCCTGTACATTGCCATACCGCCAAAATAAATAGAATAAATCATATTGCTCGACCATTCTGGGTTAGTGCTGTCCGAACCGACACATTGCTCCCAAAGCAGCCGTAACCAGCACCGTGAGATCAATGTCAACGACGCCAACTACAGCACTTATAGACTG,191,47.12,Arabidopsis thaliana
SEQ_713268,ACGGTTGAAACACCGACACCAAATCTGGACATGTCTAAAAGCAATGTACTAGAGGGCATGTATCGTAGAATTCACGAGAAAGGCCGAGGCATCAGGGGTGAGGTAAGGATTGAGGCAGTTCATGCGTTTTGACGGCGCTCTAACGCTATCCGCGACCATGAATACGTGCGCCGGCCGGGCTTACCGTTCAACATTGTCAATAGTGGCAGAAATTACGATGTGCGCTTTATTGTCCCGCTTCCGTACAATCTTAGCGTTGCAAATGGCTATAAGAGGTAGGAGGGCCCAGTCCGCGCAAAACAAAGTCTCCATAGCCGCTACGTACGGGAGGAAGACGTCTTACTTTTACTCCACCAGAAAACTCCGCGGGCGAGTACGAAGTTACCTGTTTTTCAGTGTGGATATCTGCACGATGAAACTATTACCACTTGCAAACGCCGTTACATGAGGCTGCCATCGTGAAGTACATCGGAAGCCATCGCTGTACCTCAAAGGCGTTCGTATACGGTGGTGAAATGGCAAGGTGCCGCCGCGGGCAGCTCAGCGTAGTACATAGCACAGCTTCTGACCTTCATGCCGGTTCGGGGATTGACCATCTCCTTTCTGATTGGATGGCGATGATTAGTTTCCACTGGCGCTACCATCCCCTTGTGGGGCTTCTGACCACACCCGACCTCATCGTTCCCCATAACGGGCACCGCGGCCATATAGCCGATACCCTCTTGTGCGAATTCGCGGAGCCAACTGTCGCAGACGGTTTATTGATCTCCACACACTTCTACGCCGTTTCCAATAGCTACGGTGGCAGAGCCCAATTATGTAGTTCTTAATCACTCAAAAGTGAGCAGGGCCACCGCCGCATCGTCATTTGCCACAACCCGGCAATACGAAATTCACGAAAGGCCCCGTTCTTCTTGATGCTTGGTTATAGTGTGTACCCCATTTTTTTACTCGCGTATCGTGCTGACTG,970,51.44,Homo sapiens
SEQ_210350,TGAGACAGATTACATTGATTATAGAGACGCCTTCATGGATGCTCCGTAAGCCCGGTAGGCACGCACCAGCTCTTGTCTGCAGGTTTAGGTACAGAAGAAGCTATTTGTTAGCAGCTTGCGACGACACATACGTGAGCCTTATTCGCAAGAAAAGCGAAACTCAGGCGCACACGAAATGCTGTCGAGACAAAACAACATTCTCAAGGACAAACATATGCAGTAGCTGGGCAGCGAACTCAGATATGTCCGATACACATGTCATAACCCAATTCGGTTTCCTTTTTCTGTTTAGCCGCACTTTTCGCTTCGACACCAGCTGCTCACATGAAGAGTGGGATTAACTAGGGAATGATCACTTCAAGAAGAGTACTGGTCAGGTACGTCTAACGGTCGAATTTGGCATGTAATCACTAGCAATAATAGGCTGAGTTTACGCAAAGTATGAGCATTGTTCGTCGTGCGAAACCGCTAGCCGGTGCAGCACTTATCAGTTTTTTCAGTGGTAATGCGCCAAGGTATAATGATATAAAGCTTCGGCGAAGTGTCCAGGATCAGGAGCGGAAATCCAAGACAGGCCCTGAGGGTCTAAGGTGTCTCATGTGGGACACTATTAACAGTGTAGCGGAAAGCAGATAGGAACTGAACCTTTTCTACGTATACGGGAGCCCATTGATAGGCCGCAATTGAACTAAAGCCTCTCCACCGACACATATGTAACGTGTTACAAGGACACCAAACTGAAATAGGGTCAAGACAGCTAGTACGATGTGGCCACTGTACTGGAATAGTTCTTTATTTATCGTTAGTTCGTAATGCACAGCCATCAGCAAGTGACCCCGGCCACTTCGTCTCTGCTCATTAAAGGCGAAATACGGATGTATTCGGCGGTAGCAACTAATTAGTTTGCACCCCCGACGAATAGACTTATAGCTTGTAGTTTGACGTATAATTATCGCGCTGCATATCTTATGTACATTGAGTCATCATGCTATGGGCTAAGCTACGCGCACGATTAAACAATTGTATAAATACCAACAGGGAAAACCACTCACACTCGTACGCCGCAAAGGGTTTGCGGGAACGTAGGTTCTGTTCCGTGACACTTGCGGATTAGTGACGCCGTTGTCTCAGGCAAGCTACGCTCGTGCGT,1150,46.43,Mus musculus
SEQ_421029,GTCTTGACAACTACCCACGTAAGGGGTCGCGCTTACTAGAGCGGGTACGGAACTTCTAGAGGTGCACAGCAGGATCTGAGGCGGTGTGAAGATTACAACTAAAGCGTTAACTCTTACTTGCCGACCCACGAGCTAGTTTGAAAAGCAGATAGAAGCCGGCCTTAGAAGCCGATAATTTATGTGACGAACGGTACTAACATGGTCCCGGGCGTACTTGGGTAGCAACGGGTGATCTTCGCACGTTCGTCACCCAAGAACTGGGCTCAGACTTGCATCAGTAGATGCTTTATTTTTTACACCTCTCAAAGGGTCAGCGATTGCCTGTCTCAAAAGGGATTAGGGATAGAAATTATTCATTAAGGATGTTGTTTACTCAGGAACCAAAATCTGCATAAACCTTCACGCGGTCGATGAGCTTCGCTTGAACCTTGGCCAGCGCTCTGTCACAGAGGCCTCGGACACAGTGTTTTGGGCCATGTAGGCAATGACACGGGTTTAAGCTAAAACGGGGCCGATCAACCCCAATATTATTCGCATAATACCTATCAACTTAAAGAAACACGACGGCGATTTCGTACACACGTCACTTAGGGTAGGCGTCGCTGATCCCGCTTGAGCACTAGTCAGTATCCTGGTAGCGGAACCACTGGTTCAGGATGTGGAGGCCTATTCGGCTATTGCGTTGCGAACGTCTGGATAATCTTTGGCCGCATGCGAGCACACGTGCAAGAGTCGTCTCGGTGGTGACGCTAGCGTAGCCAAAAATCCCACCCCTTGAGTTCATCCTGCTTATGGGCGTTTATTTACGCCCAGGATCCAACAGGCTCCCAGCAGTTTCTGATGTCCAAGTAGCGGAAAAGTGTGCAGATTGGATGGGCATTCACTCATCGACGAGTATGCCTAGTTGCTACACAAAACATGAGAAATAAGTAGGTCTTATGAGCGTAGCGCATACGTTTGCTACTTCATCGCCCCTCGGGGCGGCAGTAATAGTCTCAATGCCCACTGATACACAAATGGACGCTGGTAGGAGCTCCGGCTCTCTATGCCAAAGCGTCGGTGTGGTAGAGTCCCTCGTGGCCCGGTCGCTTTTCTTAGTCCGCAGCTTAACCGCCTAAAGTCTCCTCGGGTTAAATTGCATCATAGTATGGTTGCCGTGACGCCTCTCCCGATCAACTTGTCAAAGATAAGCCTATGCGGTGGATGCGAATACGTACTGCGCAATACATATGTAACAGTGTAGGACGTCTTGTATAATCTCACCTAATTGCGTTTCCTAGTCTACTGATAGGCGCGGTGAGAAAACTACCTATTGCATCACCAGTCAATGTTGCTTCTCTAAACA,1345,49.37,Escherichia coli
SEQ_438423,CATTCCTGGCCTGGGTGAAATCAACTCTGCGCATGTAGATTACTCGAGGGAGCTAATCCGGACCACGACGGAGTCTAACGCTGCGGACCCGTCTGATATAGGGCCAAAAAGTGCTGCATCAAAATAGGGAGCTAAACTTATTTTATCGGAATAGGCCTAATAGCCAGAAACCATACCTTCACTGAGATTACCCCGGGCTGAAACTCAACATATTCCGATAATATAACGGATCCCAACTATGCGGTCCGACCTGCGTACCAATCACAACTCACCCCGGTAGGACAACCCTATACAAATAGAGTACCACGGCTCGGTGGGATTGGCTGAGAATGGAACGTTAATCAACGAAGGACTGGCTCCCGTCGAGTAACATTACTTTTTATGCGGCTATTTCTTGTGGTGAATCACGGGCCAGGGCTGTGAACTATTGCGGCGGGTCGGGTGGCGCGAAACTACAATCTGATAGGAAAATGTGAGTCGAAGAGAACCACTACCCAGCGTAGGGAAACTCACGAACCCCACCAATTACTCTCAAGTTTATACGATGCAAAGGTAATGTCATTGACGCTCACTATAGACCTCTTGAGCAAAACTTTGAGGGTCAGTTGGAATCCCCGTGGAGGATGGTCCTTTGTCGTCAACTATAGTCGGCCAGGCTCGACCGGCAATCTCAAACCTTCTAGATCTCTGTATCGACAAGACACAATTCTGGGGGCGCGTTAGCTCTAGATCTCTGTATCATACGCGTCGTACATTGATATAGTGGGCTCAAGGTGCCCAACTCTTTATGAAATGGAGTACCTTCTTCTCGTGAGACGCGCGTTACATAGACAAAGCGAGGCATAATTGTCGACTACAGGGCAGGGCTATACTAGACAGGGGGGCAGCTTCTGCGTTCTGGCTTATGAGACTATTACTCCCGATCATGGCCGGCCCGAACGGGAAGACGGGTTGATAGGTAGGATACTGTGTGAGATCCCGGCACGCGCGTTCCTTGCACTTGAGGTATCGCCCTTAGAGGGATAGTTAAAAGCGGACAGCTGCAGAGAAGCATGGCATGCCTTGGGAATTATACCCCACCCTAGAATCAAACTGGTCCGGTTCGTTATG,1110,49.82,Mus musculus
SEQ_619614,GTGATGCAATGAAGTCGGTCAATATCGGAACAATGCTACACAGTGATTGGAATATCGCGCGCCTTCATTTACGGTTTAATCCCACCTCAAACTTCAACATTAACCCCAGAAATAACCATTGGACCTTGGTAGGGGCAGGCGCCTGGGAACCCCGTCACGGGAGTTCACGGATTTACGCTAGACGGGAGAGAGCGAACGGTAATGTGCATGAGACTGTTAGACTCTGAAGGAGACCCTACCTCCAGCCACGGATTAGCAGTGACGACATCTCCAACCATCATATCCTGTCCCCACGACCGTAGAACCTAGAATCTCCCGCAGCCTAGGCGCACAGATGTAAGTAATGGTAAACGTGCAAGAATCATCCCACGTATAGTTTACTCGCGTGCGTGGATCACTAACCACACTGCTACCGGACGGGCTCGAACAGCCTTAAGAAAGAATTGGGCCCAGATTACTGGAGTGCCGATCCGCCAGTTTGCAGTATCACCTCTCGGTTAGCCAGCAGTTTATACCCCGTGGCAGTACGAAAGTCGTTTGTGGTGCCTGTGCTAGTAAGATGACCCAACAGCGGAACAGCTGAATTCAGGAGGTAGACGTTAAGGTGCCCAGTATCCGCGTGGTATCTGGTCCGTGGTGGCTAGCCAGTTCAAGCGGGCGTTCCGAAGCACTATTCTCATAGAATGGTACCAACTGATCAAGACCCATAAAGGACGTCCTACGCGTGGGTCCAAACTGTCATCATGCGTGCGTGAACTTGGTCTATAGGACACCCAACCCCCATCCGGAACCGACCCACGATCCTCGCAACCGCCGCACGCTTAGGAATGCCCGCTGTTTCGAAGTCGCGACGCAGAAGAATAGTGCCCCAACATTCCAAGGAGAGTTAAGCACGCTAGGAAATGATGACGCCGGTGCAGTTGCGGGGCACAACCCAATTATGCTGTGGCACTTTAGTTTCTTGCTCAATATCACCCCACTCGCAATGCTGACTACGCGTCCCATCGAGCCTAATCTTACGGATTCACGGGCCTGCACGCCAGACTTCTATTACAGACATTAATCCCCGTATTGGGACCGACTCGCAACAAGCGAGTCAGGCGTTATAAAGGTCATTCTATGCTCCCTATCCCGTCGCCTAGGCAAGTCGAGTAAGTGTTCTGGACTGAGGGAAGATGGTAGTATGTTAGATGTAGAAGTCGGTAAATGAACGGCTCTCGAGAGCGAACAGGCCGACGAAGTCAACCTGTTACTTATTAACTGATAATAGTTACGACGGCACAGCCGGCAGGGGCCAGTTGATATGTGGAACTCAACCCCGCATCACCTCCCTCCGGGCCGATTATACACCCTCAAGAATCAGACCGACCCGATGAGGTACTCAGGGGCGCGGCGATCCTTCTATAGGCTGGTCAAGGAAGCAGGACTCTTCCGTAGCGTACACTCGTCCTAGGTTTTTAGCTGAATTCCTTCACGGGGCGCTAGCCATTGTCCGCATTACCACAGTTTAAAAAGACTGTCCCAAGCTAGGTTCCTTTTCTAAGCTTGAGTGGAGCCTAGCCCCCAATGATCCCCTGAGACTCGGAGGGCCGTCAAGGCAAGGTACAGTCCTTAGTCATCCTCAACCTCGTTCAGCGGTGAAAATCCTACATCAAGGATTGGTAACCGAGCAACGTTGCCAAAGCTTCATTGAGAGCATACCTAATGTGAGACTCGTGATGTTGGATGATTGTGCATTTGTGGATCCCCGTGGGAGCTAGACGTAAGTCAATTTGTCAGGGTGTAAGCATAACTCACCGATCCACGCGGTAATTCGGTCTCATGTGAAACAGCTGTGCACTACGATTAAAGGGGTGTCTGGTCTTCAGGGATCACCATGTCTTGCTAGATGCTATCCGACACCAACAAACGATTGAATTCACGGCGATATTTAGTTTGGGTTACTCAACCGC,1952,51.38,Mus musculus
SEQ_500736,CAATTGGAAAGTGAGACAGAGCTAGTTCACTGTGCATCATTGCAGATGGGTCCCAGTTTTACCTTTGCATCCGGATCCTAGCGTCCCCCCTAGGGCAGGAATCGGAAGGACTACTGCCAGTCCAGGCTAATCGAAGTAAACACTGCCTGTCGCAGTAGCAACCGGGCTCATCGCGATGACAGCCCCATTCCGTGTGTCTGGCTTCACCTTGTAATAACTCGTAACAAAAGCCTTAAAAAGCAAGTCAAATGGTTCGCATAACGTTTCTCATGCTGTAACGCGAGCGCTAGGAGACCCTCTCTTCCCCGCAAAACCAGCTCTGGGTTGACGAAAACTTAAAATCGTGTAAACGCTAACGCATCACTTCGTAATAAATCCTCTACTATAACGGGTCTTTTGAAGCCCCACTTGCAAGTCCCGCAGAGTTCACATTCTCCCCCGCGGCATCGCGCGGGTTGAGCAGCATCTCTGGTGCGTGTATGTCAGAAGGGCTTGGCCGCCCTTTTTCTATTGAAAGCAACATCGTTTAGAAGTAGGGGCTCTATGTTGACTTATGGTCCAGCGATTGACTTTCGCTTTTCCAAGTAATCTCCCGTACATCGTGTTATCAGCTCATGGACTAAGGCCTATGACCACCGAGTGTCTTACCGCAGAAATTAGATTGCCCCGTTAAATAAGTGAACCCAGGAAGATCACCTAATTGTCGAGGGAGGCAGTCTCTAATGATGACAACCTTTCGTTTTCAGCTACAATCGACCTACGGCCAGCCTTTACGACGTTGCAATCGGTCCCACGGTGTATTATAAGTCTCTTGACACGCAGCTTGATCGCGTCGTCCTTTACCAGCAAAAAACTTTCGACCGCACCCAGAGGAAGTCTTTCCGCTGTTACTGTAGATCGGGATCCAATTCCACTTCATGAGGTTAGCTTAACGACCCCCGGGGATGGAACCAAGCAACCGGAAGCACGTGGAGCTGGACTATGGTAGGGCGGTTGGGTCATGGATGACGCTCCCCCCAAACGTTCATGGCTATCCGTCATTAGCACGTAATCCAAGCGCACGCCAAGAGATCCACCTGACAGATTTGTGGATGGACTCGAACGGGGCAAACAGACGCCGAACTACGTCTCGTAACCAAAGACCTCGCACCTCAAATATCTTAGTAGTACCATTACGGCTGACTACGGTCTCACTCTACCTTCGTTAGAAACACCGAGCCCAATGCCGGAACGATGCCAACATCAAGTTAGAGATTTTGTATATCGGCTTGAGTTAGATCATGAACGAGTGCTAGTACTACATCACGCCGTCCGTAAACCTTCGACCACCGCTCGCGTCTCTCTACTTCAGACATGTTGGGCGATAGGCCATCAGCGTCAGGAATGTTAGACCCCTATGCGAGACGTGTGGAGTTGCTTTTACGTCGCCATCTGATTGGCTTACCTTTCTTCTTCAGGGCTGTAAATTTTACAAACATGGATTGCAACTGAGTAGGAGCCCAGTAATGCAAGGACCTGTTTCTTGCCCCTCTCAATACAGGATTCAAATCATCCTGCCTATTCATGCTTGTGTAATAACCAGGATAATCTACGTGTTCGTCCAGTGTCATTGATCCTAGGTATACGGCGTAAGAGGATTCACGCAGAGCATTAGGGGGGCAGGTGAATCATTTCAAAGCTCCTCAAGCTTAAGTATGATGGGCCTCGGACTAACAGGCCATGGTGGAATATAACGGTGCGTGGCTCTTCTGTTCTGACATCAGTTGAATAACCCCTAATGGTGAGTTTACATTTGTATGACTTAACCCGTTGACAGTG,1818,49.01,Escherichia coli
SEQ_561193,ACGTTGATGGCTAAATTCGATCTTTAGCATTATGGAAGCGTATCAAGAATCCAGTAACCTAAATTCGAAGGTTTGCGCTAGTACTGCCATGAAACACGCGGCAGGATCGAAACCATCGAGTTACGCCACATCTGGGCAAGCGAAGGTGTGGTAATCAGTTCGACCGACACAACTACCTCCCTACCTACCACAAGGAGCAGTCGAGGGGGGCGCACTACTAGGGCCTCCGACCTTTCCGGCGCCACTCACATAATCATCCTCTAGATCGGAGACGTGGCCCCGTGAAACACCCCTATTAGTCCCAACGGCCGTAGCGGATGCTCTCGAGGCAATTGGTGATGTTTGGGGAGCACCGAAGCCGGGGCTGACGTGTACTAGTCCTCGGGAGAGGTGTGTTACGGGCCGCATAGATGAGGCTTAACGGTGATGCGAACATGTTGTACATTGAGAGAGTTGTCGATAAGCCGAATCCGTATGTTATTGGTCGTTTTTTCCAGTTCAATTCAAAGAGAGATAAACTGTTTGGATGGATATACATCCCTCGCTAATTCTCGGAAGACTCCTCCGTTGAGCCAAGGTCGCCTTAGTAGAGGTTAACAGCGAAAGCATCACTCGGTCAAGGAACACTTGCTCCCATCACTCGAGCTGGACTTAGTAGCGCAGTCTTAACGGGAGTCAATATTGAGTGAGTGAACCTACCAGGAGAGTCTGCTGGGCCTCGATAATAGTGAGTTAAACGAAGATGTAAGTCTCTAGTTATTAAACTTTTCCCAGATTTGCTGGGTCCGCCTGCATCAGCCATTTTGAGGTCCGACTAAGGGTCGTGCTCGCGAGCGAATTGGTTTAATTCGACGTATCGTGATAATCGATTAGTGCCGCTGTACCCAGATGAAGTTTCTAGGTGTCTCCTACGTACCGCATTTCGGACCCCAGCGAAACACTCAATAGTAGATACGGTGGCCGGTCACACTACTCGCTTACTGCGGAACAAATGACCGCGTTTACCGACAATGCAATGTATTTCTTTTGTACGGCAGACGTAGTGCTGTGAAATACTATTTGATCCTCGTTCGGGCCGATGACCGGGTACCCGGCGGGCTGCGGGCTCTAGGCATTCAAAGATCGCGGGCTCCAACACGTCAGAACTATGCCTTGAGGCTGCCTAGTAGCGAAGGGGTATTATATACCAACAGAGGACGCGTGAGGATCTACCCTAGTAATCAATCGCGCTGATAGCTTTCGTCTAGTTAGGAGGAGCGTGTGGTCTACTAAATTGTTCCAAAAGGAACGGAATCATCATTCAGCCGCCTCACTGAGGCTTCCCTTTTTAGACGTCTATTGGAGAGTGGAACTCAATTCTCATACGAACCCAGCAATTAAGGATCTGTCTACTTGCCCCAGGGGGCGGCGTCGGCAGGAGCGAGGGCGCTTCGATCGGGACTCCGATGCAACGCGACGCTCGCGTTTGGCTTGGCCGAAATTTATAATAGTGATCTACCTAACGTGCGGAGATGATACTGAGTTCAGAGCTGATTCTAGATATCGTGGTCCACGAACAAATAACGGTTAGCCCCATGTACGTGCTTCCAAAAAACGGCTGAGACCACCCAGCTAAGTGGTTGGCGTGCTGGGTGGTCGTTCGAATTCATCATCTGGGTTTCGCTGATAGAAGTCCGCCGCAAAGTCTCTATC,1692,50.53,Saccharomyces cerevisiae
SEQ_816172,ACTTCACTTGACCTACTGGACTGTGATACCCTTGGAGCTAGGGTTAACTCCGTTCCGCGCTTACGTAAATTATTAGCTAGCGCTAGCCAATGTCTAGTTCGCATGTCTGGGTCTAAGCCTTCGTAATCCCCGGGCCCTGATGGGAGGGACGTGGTACTCTTAAACAAAGCCCTTAATGAAAGTTATCGTTTTCGACCGATATTTGCTTCTGCTAGCGAAGTGAGGGTCCTTATGACCGCAGGTCGTTCTTATCCGAAGTCTGCGCAACAATTTGACTTCTAAGTCACTAGCTGCGTCAGAGATGTTATGATGGGAATAGGGCGGTAAGGTTTACCAGGGGCTCTATGTATCACAGCAGAGAGGACTCCGTCCCTGTCTTCTGTCTCTAACGGTTACGCCCTCCTCGACTGGAGGGTGCCGTTACCGAGCGGGTTTGCGATGCGTTTAATCTCTACAGTGTGTCTATGTATGGTCTTATAATTTCGATCCGGCTGGACACAGCCAACAGCCCTGTATTGTTCGACCCCCGTTGGGATCATACTTAGCCTCTCATCTACAAAGACGTGGTCGGTTGTCTGTAGCACTCGACAATAAGGTTGGTTTAGGAATGTCAGTGCACGCTGCAATCGCGGTTGGTGATGGTCCTAGCTGAATTCCGACTGCTATTTCTTTATGCAGCTTCAGACCCATTCCAGGGCAGTCTAGTAATAACTTTAGGGCCGCATTATTGAAAATCGAAGCGTAATTCGGATCGCCATTGCGTAATCAGTCAGGCACAAGAGGACCCGGGACCACTTAACAATTATGGGAGTTCACCGAAAAAGCATATTTCCGGGACGCGTGAGGCAGCCCTTTATAGAGTCCCTCGCTCCGTGATACACCA,883,49.38,Caenorhabditis elegans
SEQ_403059,TCGTTGACTTCTGCTAAGAACTAAGGTGCGCCCTTGTTTTATTTAATAGTGGAGTCAACAGAATCCATTTAACTTCACAGCACCAGGAGTCTAAGCTAGGCCATTAAAGTCCTTAGTAAGGAGCCCAGCTAATCTGACATAATCTAAAATGGGTTGCGC,159,42.14,Homo sapiens
SEQ_677026,TTATAACTCGGTTCACGGGGGGACGAGATATAGAAGTGCAGGATTGCCTAATACGCGGTAATAGTGTTTCTCCTGTTACTCCCTTGCAATCATCCTGTTTCAGGTCCTTTTGTTCTAGGTATGCCTCACAAGCGCATTTCATACCATGTCACAGACCACCATGGTGAAGTGTTCGTCTACCAAGATTCATTGAGTACAGGCATTCCTAAGATCGCAATCTTTACTTGTCACCGTCGACGCGAGATCAAGGAAGTGTATGACATGCAGAGGCTAGAAGCGCGTGGCCAGGTTCAGGGTCCCCCGACGGTATGATCGGCCGGACGGGAACACCTACTGAATGGAGGCCTTTGGACAACTGGCCGCTTATTGGCGAGAGAAGGTCACTCTATTGAGACTTGCCATCCACTAGCCCCTAACAAGATATAATTCAATCGGAACGGCAGGAAGTGATCGGTCGTGTATATCGTTTGGCGACCAACAGGCCTGTGGTTGAAACTAGTGACCATTGTGCAAGATCCCAGTCTTTATCGATTGAGGGTACACACTTGCCTTTGTCAAAGGATAAGAAGTTCATCCGGTGATACGAATTCTAAGCGCTTGTTCTAGCATACCATTTTGCAGTCACCCCACCTATGAAATACGTCCCCGCCAGCCAAGAGCGAAACTAGGCTATGGTACCATGCACCATGAAGACATTGCCTAAACCTGATTAATTAACGTCACGCTTGCGTGAAAGGTGGCCTCTGAAGAACCTGACTATGTAGTCAGGCCACCACAGCTTACGAGTACGCGCTGGACTGTCCCGGACTCGATCTTATGCCGGAGAGTCGCTCCCCACGTGCACACTTATCTACCTCGAACTATACGCACTTGTATTTGACGTTCTATGAGCAAACGCCG,900,49.22,Drosophila melanogaster
SEQ_236543,AGATAACCTGTTCTGTTCCGTGGGAGTCCCATGGAAATTCTTATGGCGTACCCTATTTTGTAGGGTCGAGATACGGCGCTGCGAACACACAGCGAGTGAACTTTCGCACCCACGATCGGCAGCTAAAAACAGTGGGCGCTATTGTGGCTATGGATGTTCAAAGGGGTCGAGCTTTGCCATGAGTTTAGCTTGGAACCTACGTGCTTCATGACTGCCCGCACGCAGAACCTCAGTTCTTAGAGCCGGGGTTAAGATATATTCGAACAGGATCGGACTCCTTCGTCCTGAGTAGCCTAAGTAATCGAGCGTAGCCATGGAATTCCCACCTGAGAAGGTAGTTCTGGTTGTGATACCTGCAGGGCGGGATGAGACTTAAGATACCGTGCATTGCATATCACAGTCCGTATTGGCGATGCTGACACTAAAAACAGCGACAATTTCGGGCCGACCATACTCTACGAGAATCTCCGGGACCCGTCCGTGATTTGAGTGTCAACGCGATAACGAGAGGTCAGATCCTCCACCGCCGCTATGCTGAGGTCTCTAAGATGCATTTTCAACTCACAGCCATTGCGGCTCGTATACATTTAGCGCACCTTAGGTAATGTTGCGGTAAAGCGCACCTCAGTTAGAACTGGCTCAGTATACTAGTAACATCTCAGAATGGGCATTGTGGCGCCTCTAGGGGTACCGGCTTATTCGAAAGAGACTCGTTGTGGATATTTGGCCAACTTCGAGCTAATTTTCCGCGCCTTTCTTCGGGAAGCCGGAACACATGGTTGTATTTTTGGTGCGCTGCCGTCCCGCGCCTCGCGACGGCCCTTACTAACTATTTACTTCTACGGTGAAACCCGAAATAAAGTCGCTAGTGAGGTTGAGCCTCGCTGTCTGTAAATCAACCGACACAAATCTGCCCTACTGCGCGTGGGAACATATTCTGTGTGACTAAAAAAAAAGTGCAAGTTAAGCGGCTATCCGTTCCAAACGTAAGCTCGGGTATAGGCGTCCATGATCCTCGGGGGAGAAAACACCTTATAAGACGTCTCTGGAAGCTGGAATGTCGTTAGGTGCAGATCGCCCATCCTTGAGCGATTATCAATCTAGATGGGAGTACGCTACCGAAATCCAATTGACTCCACCCGCCATGTACAAACTCGCTACAAAAGAGGACAGTGTCTCCCGACCCAGGGTACCAAGAATGAGTGAAGTCACGCGTGATGTGCATCTCCATTACAGTATGCAGTTGAGCCCTACATAAGATAGAAACGGTGATTGGGCGCTTGAAACTTGGCAGGTCCCTACGCCCAATCGTGTAAGGTGTTCTATTCATATTAACATATCGACAAAATCTTTCTCTGGATGCGTGGACGTAATCTTGGCAGGACTCCGTCTAAGGAAGCAAGTAGAAGGTACAAACTATTCGTCGACATTTCATCTGTGTCACCGGCGGATGACCATACTAGGAGAGCGTCATTACCGTCGTGAGTAACAAAGCATTCCATAATTAACCGTCATTGGTAGGTCTCAGGTCCTTATTCTTTGCTAATCGTCTTATGCACAAATCACATCCTATGACGTTCAGGGCAGCATTTTGTATGAGATCACGACGACATGCAAGCTTTCAATCGGGGTCCATAGCAGGTAGGAGAGG,1651,48.88,Homo sapiens
SEQ_940257,GTCCTGACGGGCCAGTCAACAAGGCTTGTGAAAATCATGCACACTCTGTTGTGTTAGGTTAGTTTACGTGGGGCAGTATGGCCACATATATAAGGGCGGTACCAGGTCTCTGACAACCTACTGTGTGTTGGGGCCCGTGATAGGGTAGAGGCCGTACGGTATCTAGCCTAAAGCCTGAAGGAGAAGACTTCAAAGAACAATAACGTATTGGTATGATCTGTCGCAGGAGAGTTACCAATTTGCGATCATGAGTACCTGTAGCATATGACAAAACGAAGCGGAATTCGCATATCGTCATCTTAGTGCGCTAACGTAGAACAGAATAGATCGTCTGACTTACAAGGAGGAATCACCAGTGGCTCTGAAGACAAGGTAATCAACGTTTGTGCCATAGTAGGGTCTCCTAGCTTATTCCCAGCACCGTCTTTCCCGCTGTTGCATGTCACCTGGAACTGGAACGTTTCGCAAGGTAATTCTTAGCTCACTCAGAAGGTCTGGTGCACATGGAAAACGAGGTAAGCTGCAAGAGCTGAGGGTGTGCGAATATTCGTATTCAGTCGTAGAATTCCTACGTTAGTAATTATCACCACCTCGATCGATAGTACTGATCCGAATGTGCAACGTACTGATACCTCAACTGCTCGATTTGGGGTGGCGCTTTTTTGACCTTAAGTTCAGGGGGCCCAGTTAATCCACAATACGCATCCAAATATACGGGTCCCCCCGGGCTCTGCCATCTCTAATGAATACTGCCGGTTTTCAACGATTCGGGGATCGGGGCCTAAATGGACCGACGAACCGAAGTTGCGCTACCTATCCATAACTGTCCAGCGCACTAACTGACAAGTCGCTCGAAGCCTGGGTCGTTCATTTCATCCAATGATCTGTCCAGTATGTGTACTTCAGCGCGCAGCCGGACGTTCCTCCCTCCCGAGTATCAGTCAACTGCCACAACTCATACTAACGACCTGTCCGCTGTTTACGATAGAATTTCAGGAAAGCCTATACGACATTGGAGAACCGCTCTTGGAGTATCTAGCGTCTATCGGATAATGGTTCTATGAAGGCTGCGTGGGCCGTACGTAAGCTTGCACGGAGCATCATGAGGCGCGGGTATGCACACATGGATTCCAAGCGGTGGCTGTAACCTAGAGGAGTCTGACCTCTGCCAAATCAACCGTAGCCTCTGTTTAGGACCCGAGTGGCCGACCAATTATACTGTGACTAGATGACCCCCAACTCGACTTTTTTTATTACGGATGACCTGCTTGATCATACGGCTAGGCCCGGCGAATATTTCAAAGTGCTTCATGGCTATAGCTGTGCGGAATTCCCGACAGAAGTAGTTGCCGCGTAATCCGTCCGCGCAAACGTATCGTGAGGAGATGTCGGACAAATACGTATGTAATCACGGATCCAGGCATGGGAGCTGCCGGGTGTCGAACCTGGCCGTTTGTCCCAATTTAATACGTTAGTTAGGATCGAGTAT,1489,49.29,Caenorhabditis elegans
SEQ_173456,TTTCGTAGCGCATTTTGGGCGAGTCTACGGGAGAATTGCGACTACAGTGTCAACGTTGACGGCAACCAGTTCTACTAGAAGGACTTGCGTTTAAGAAGCCTAGTCGTATGGGGTCTTCCAAAGCAAGGCACTAATCAAAGTGTCATTCTTTAGCTTGGAGCGCATTTGGGAACGGATTTAAATTC,185,45.95,Arabidopsis thaliana
SEQ_195557,AGGAGCTGGTTGTCACGTTCTATTCCTTCTCGAGCCAAGAATCATCGTGAACGGTAAACTCATGAGCATGAGCTCTTCGCGCGGGACGGGCTATGTCATGGCGCGTTCCGCGTCAAGTCCTTTCTGAGCCTTCCTGGGTAAGACTTGGATCGCCCCGGGCAACCAAGGTAGGGATAAAATAAATGCAACAGCAGACTCTTGCGTATAGGCAGTATCAGAGCCGCACAACCAAACCAAGAGGGAAACCGCAAAGCAAATACCCTTCGCCGAGCGAAAGTCGGACGCGTGTTAATTCGCAGAACGGTTATACGCAGTAGAGTTGGGCACGCAACTGTCTACGTAGCATAGTTGACAGAGGTGGGCGTGCTCAAACCACAAGTGGTGCCTTTGCATTCGGGGGTATAATGTTTGTGTTTAACTCGCCAGAGTAAAGGGAGAACAATAAGTTGATTGCTGCCCTTCTGGCTGCCTTCTTATCTATTGGTTAAGGCATGTCATGGGGATGGATCCTTCACCCGAAGTTTACAGGCTTTGCCGGCAGTACACCTCTCGCACGTCCTAGGACCGGATGCTACACTAAATGTCCAGCTACATACCCGTCAGAGCTCCCCTTTTACGCGTGCGTACCATCTAGCGCTATGCACCCGTTCCTTAGCGGATGGAGAAATGCATCTAGATCATCGTTCTCTGTACGCTAGGATATTGGCGTGCGTATCTTCTAGCCGCGAATAACTTTGAACCTTGGGGTATCTGCCGTGATTCGAGTTCACGCGAAGTTCCGTATTAGGACCGCCAATCGACAAGAGGTTTAAGCAGTCTACCGGTTAATTTCCCACGAATCGCTGAGGTGCAAGGCGCGGTTAACCCACTCAATTGCGTCTAACTTACGGGGAACCAGAAAGTAACCAGAAAGGGTTAAATTTCCTTCCAATAATGGAGTCTTCGAGTCCCGTTAGCCAGGAACTGGGCTAAAGTATAAAAGGAAGGGTTGGTGTTGTGGTGGCGCCCATGCCCGTGCTTGTCTGGCTCGACACAGAGACTTCTCTCCGCCCCACTATCGCCTTTTTTCTCAATAGATACAGTAGCGACATGATATTTTCCTCACTCGCACC,1112,50.54,Homo sapiens
SEQ_561609,CGGTAGAAGCATCTGCATTATACAATGCAGGGTTCGGGTACTATCGCCACCCGTCATACAAGCGCAATTCTCCAATGACATAGAGAATCCTAACTGGCAGAAGGCGAGCTCCGGTGATACCGGCTGGTTACTATGTCAGCATATTTTGAGTCCGGTTGTTAAAACCGACCCCACGTCATTAGACCAGAACAACTGTTCACAGCGGATCAGCCCTATCATAAAGCACATTGTGTCGACTTCGGAAGCCTGAAATAGTAGACCGCTATCCCAGCACGCTCGAACGCAACGCCCCCAGCCAGTCATAATGGAAGAATTATAGACGCTTGCGGTATGTTAAGATGTAAGCACGAAAGCTATCACCAGCGCGCCTTATGAAGACCCCCACTTCATGTGGTGGACTCGAACTGACGGATCCGTGTTGCCGCCGGGATGCGTGTCCTTTGATAGCACCCAGCGTATCATAATTTCGGGGCCCCTGGGACCTTGCGGCTACAACCTAAACAAGGTAATGGGGAATGCTGGAGCTGACCCCATAGCGCGCCCTCGTAGTATAACTGACCAGTTGTTAAAGGTCGGATCGTACGATAGAGTCATCGACGTGATCGTACCGGATTTTAGAAGGCGTGCCCGTGCTAGTAGTCGCTAAGCAACTATGCGCCATAGCATCGTGGACTCTAGTCAATGAGCATAGGAGAATTACTAATCAGAACGCATACAGGGAAAGTTTCCGTCGCCTGGCTCTATCGAGTAGCCGTGTAGCACCACAACAAAAAGGGTAAGTTACGCGAACCGCGTAGGAATATCACCTAATTAACATGACATCTCATATGGGGAAACAGAGTTCCAACAGCACGAACGAGTTATGCATCAGGCCTGGATGCGTCAAGCCGGTGCACGTGTGCCCTGCTTAGATTGTAGCTGAGCATCGAGGGGACGCCCTATGCATCCTTCTTTTGAGCAGAAGATGTATTGCCTGAGGCTATTTTAGTTCTCACGGTTAGTGACGTGCGCACCGTACAAGGTGTCCCCTGATTCACTTTCCTCACTGCCGCTCAGATACCTCCCGCAAGGGGGTAGTGTACTACTCCAATTCTTTTCCTACAGCCGGTCCAGGGTGAAACATTAATGCTTCAATGCCATAGCCCCAAAAAACATGTCCAAACCGAGTGCAGGAATAACTCAAATAGGGTCTACGGTCGGACCAGATCTTCCTCGAACCAATGGCTGGCTCCGTTTAATACGGATGTTGCATTGGAGTATCAATTTAAGCCGATTCTTAAATTGTTTTGGGCCTCTACGATTGTTATGCTTAACGAAAGCAGCGGTAAGGGTATTGCTCCGACTCGGTGAGAATGCGCCATAGCCCTTCCTTCGAGGTACCCGGAATACGTGTCCAGATCAACCCCCTGTGTTCGGGTCATTGCCTCTACGTGTTCTCACAACGAACGTGCGACTCACTGAAAAGTTATCACAGTACAGCTTATCTATGTGAGGCATGGCTCATACCCCGGACGACTTCAACAACGCCTGACGCTGGCCCGGTGTAAGAGCTCGGATTAATTATATGGTCCGCTAGATACTTAGCCCAAAC,1591,49.97,Escherichia coli
SEQ_756964,GCTCCATAGTGACACGGACGGCTTAATTATACGACTCGCGCGGACCGAATGGTGTGAGTGAAGCTTTGCCGTATGAGCCTCCAAATACTATCTCAGGTCTCAAAGGTTACTCCTGCCAAGTTGTGCTTCAGGCTCTTTGGGTGGAACCCAGTGCGTCTTTGTCGAAACACCGCGGTATGGGGCACAAAAGATCAGGCTGCCGACGAGCATCTATGGTCGGCCCTAGGTACCGACCGAGGTCTGGAACACGCATGTTCAACAATGGATGTACATATACGATCTAGTGTAGCTGACCGTGGAACCCTATAGAATTTCCCCGTGGGAGTGCGCTGTTTTCAACGGTCTCTCCACAGGAGGTATAATTGAGGTGTATTCGTTCGTAGGGATCGAAGAACATTCTAGGAATAGGATGAGGAGATTTCGCGGAAAGGCTGCCGTGCAGATCGCTTGACCCTCAAAGGCGGATTGAAAATATTATCTCACCTAGCCACTGCCTTAATATACATCACGGAGGAAAAGGTTGTTAGATTCAGCCGTCGGAAGAGCTTGAATTGCTAGACGCTCTAGGGCGGTAGAAGTGTGGTCGGTAGACACCTCTTGAGTAGGGATTACAGTAGCTGCTACGGCAAACGAGGTTCCAAGTATAAGCGTTAATCGGTGTACTACGGCAAAGCCACGATCTTTGGACTGTCACGTAGACACCACTTCACCCAGTTTAACGGTTGTTGGAGCCTATTTCTCATTGAGGAGCGTGCCGGCGCACAAAGGAAAGGGTGCGTATCTTAGATCCATCTCGTTTGACGAATTAAATCCGACTGCATTGTTAATCGGATTGCGCAGCAGGACAAGCCGAGAGCTATCGCCAAAGTTAGAGAGCTAGCCAGAGATGGCCTCAGGCGGAACCACCTGGGTCCGTGATAGACAGAGCTAATGGGCTGTAACGTCGCGAGTTGTCCAAAGCTTCTATGACTGCCCAGTGTGACGACACGATACACTTGTGCTTGTCCTGGTAGGATGTTCCAGTTAATAGCCCGTCTCAGCGCATCAATTGCCCGGAGGAACTGTTCTTAGGCGTAGCAACTGAGATAGTTCGCATCAATCTATGGGGTAGATTTCTACATTATGACTACCTGAAGCCTTCCCAGTAATGGCCTAAAACGATTTTTCATTTGGTTGCCAC,1180,49.66,Escherichia coli
SEQ_189102,GATATAGCAAGTCGTCCGACAAACAGGTCTGTGAGACGCGTAATGGAGCGGGTTATTGGAACATTCGTTGCTTGGCAATCGCGTACGTACAGTTGCCCCGAGATCTCGCCCTAACGGTGTACCAGACCCAGAGGCGGGGGTGTTCCAGCACCTCACTTATGTCCCATTGGGCCGGGAGGATCGCACCTAAACAGAATTCTATGGTATCGCGAACGGAAAGATTACGGCACTCAAAACACGGTATCCAGCCCCACGTTTTCAGGGTTCAATCAGAATTGAATCATTGTCCACATCAGCTACCAGATGGGGTGAGTACTTTACTCTTCCTAGTCTTGATTCCGACCCGACTACATGCTGTTGTATCCGCTTGCTGGAGTAGGTCCCGCATCGCCTGCACAACAACGACTATATGGCCCCTGATCTTACATCTCGGAAGTTGAGACGAAGCGATATGGGGGCGACTACGAATTGGTTCTGTCTGGTTGAGTAGGTGCCTCGCAGAACTCCTCGGTTACCCTAACTACGATGCGGTATCTCTGTTACACTTCTTCATAAATAACGAGATATATATAGGACGGGTGAGAAGTCCGCTACGCTTGACGAGTTGGGTAGGGTTCTCACTGTTAAATGTGCCCGCGAGGCGGTTTCTACAGTGGCTCATCCGCAGTGAGACCATTTGACGTGCTAACTTTTATTACGTCTGGGCAGCTTAAGGGTGTCGTCGGACTGCAACGAGAGTTGTGGTCGAACAAAGTCTACAGAAATTCATCATATAAATGAACCAATGTGTATAGCACGGAACCAGGCGTAGACATATGGATAAGACGTCTGACGGAACCGTCATACGGTCGGCGGTCATGCCTCGCCGCTAGTATGGCTTTGTTGTTTGAACTATTCGACAATCGCATCAGCGTGGGGACATGGGGTTTTCTCTGAGGAGATTATTGCGGGACGATCTAAATAATCGCTGAATGCTCGTGTGGTGTATCTCTAAGTCATTTAGGTCGCCAAAGCGTGTCGGTGCATCACTGTAAGGTCTAGTCCCCTGCTGCGCGCTTCATACGCGGCTTGCCTTGATCCCAACAAATCCACATGAGAGCTGTTTTATGGTTATGACTCTCAGAAATGCTCGGAGGCGACAAACATGGTCCCAAACATCACGTCAACTCGAGAATTTACCAACTATGACTGGCATTCCCTGGAAACCGTCAGCAAGACCTCATAGATTAACTGCGTATTATTATTACTCGGCCCAAACCTACACGTCAGAGATACAAGAGGTATGCTCATTCTATGCGGGGCAAGAGAGCCTCCAATCTCCATCTATTCTAAAGTGATCGTGCATGGTGGTCCATCTCGATTTAGAAAAGGGAATCTACACGATATGTTCGCCACTTTTCATCCACTTAGTTCGGAGGGGCAGACGCTTCCGTACGACCGCGATCACTTCGGCTGTAGGAGTTTTCCTCCCATGGGTATGCGGCACGGTGGACTAGAGGGAATCATCTCATGTCTCTAAAAACGGAAGCGCCAAGATCTAGATTTGAC,1548,49.29,Mus musculus
SEQ_538903,AAGAGAGCGTCGAGCGACATCCTGTTTGTGCGATTCTATACACCATTTCATATCCCCACGTCACATGACTTTGTTCCGACAGCCGAGCCCAGGCTACCGTTAATTTTAGGCAATACCCCACGCCCTATTTATTAATGTATGTGAGTGGCTATGGCAAAGGCGCTACACACCCGAAAGAAGAGTGAACGATATAAGCAGGTTGAATATTTGAGGAAGTGCGAGTTTATCTATCGCGCAGGCGATCCGGCATCATAGATCAGCCTTACTCCTTCCCACAGGACTCGTTTAGCTGACGACTGACATACTGCTGGGAGTGGAATCACTGTATCGCGACCGTACACGGAAGCATGAACCAAGGAAAGACTACTAGGGCCTTTGTTCTCCGCAGGCTGCGAGGCTAATTAAGTCCACGGACTCTCTTGGTGACCGCGCTATCAGTAACGAACGACCAATAAGCCCAATGTCAATGTACCCATATGACAAGGTATTAGAAGGGAAGTCACAAACTATTTCGTTCGCACTTGATCTTGGTGCCCGGGGCTGTACAGCGGTGCCCCAGTCTTTGTTTAGTAACGGAGGCGGGACGGCGAATGCTTACCGACTGATTACTGCGATAGTTCGGTCGAGTAACCTGCACGTTTTCGCCGTTGGTCTCAGTAAGGATTAAAAATTTAATGTTTGTCGCGGGTCATTAGTACCCGTCAAGCCCCAGGGGTCAGCTAGGGGTACATTAGTAATAACACCGTACTCCGACTGGCACCTTTTCATCAGCAGCTGGTCACCCATTAGGCGCTGCATACATTACGCGTCAGGACGCGTGAACAGATGGGGACACTTGGCAACGCTGTAACACCTTTTTGGTTCGCGAATATACGCAGATGGCGTTCAATATGCCCCGGCCGATTGACCACGACGCCTCTTCTGACCAGCACTTGTACATCCGCCTAATACTAATCCAGTGCCACCCAGCACTACGCTCGGTTATCAGAGCAACATTGTCCCTTACTGAGAACTACCGAAAAAGATCAGCCGATGTTCGTATGTGTTGCGCGATCGTAATGCGCCACGCGCAAACGGCGAAGCTCACGTGATGAGGCCGCCAATAGGTTCGTTTTCACGTTAGGACATGGGAACACTAGTCTCATTGAGCTGGGGCAGAGCCTAATCCTTGGCCCAGCATCACCTGCCGCTGCCATCAATTCGTGGTCCCGTTAAGAGATCCTAATTAGCGGTCACCGCGGCTTCCTGGGTTAACTGCGAGATTATCGAGAGGTAATCAATACGCCGTT,1289,50.74,Mus musculus
SEQ_272653,AAACCATAATGGCTGGCTGCACGAAGGCCGTGTCAAGACCCCCACTATTGAATGGTTTGCGCGGGGAGGACTGTCTTCGGCTGACCACTTTGCCTGCACTCACAGCCGGAAGTTTGTAGATAGCTAAGGCTACTGAGTTTATAAAACCGGGGCGAAGCGGCA,162,53.7,Saccharomyces cerevisiae
SEQ_486437,ATATGTTTCTCTCGACTGCTAATAAATCCACTGTTTTCAGTTAGTCCCCCTACTCAGATCCGCTGAGGAATGAGCGGGACCCTCCGGTAAACTAAATTCAAGAATGCATAGATGACCTCGTTGAGTCAGACAGGGATCCCAGAGCAATTAACGTGATTCACTCAAGCATTCCCATTTAGTAAGTTTAACAAGTTGGCAATCCCATGCATAAGGAGTCCAGACAGAGGTACTCAGCACGCATTCGTTCTGATCGGTGTGAGTCTGCCTCCGGCTCACTGCTAAGAGGCTCTGAGTCAACCGCGGTATGGGGCGTTTCGAAGAACGAGGCTAGTCATTCTGGGTTACTGGACATCCGTTCTGCCCGAAGGTGTGCAAGCTACAGGTGTTGATGAATCAGAAGCATACGGGTCGATAACGGCATGATTTCAAGTTGAGTATCTGCCACAGAAAAACTTGCATTTAGGGTCCAGTGCGCAAATCCGGATAATAGGGGCTAGGAGTTTATCAATCCGTTTAAAGTCGAAAAAGTTGTTAATGTGATATGCAAGCCCACCCGGCTCCCAGCGGTCCGAGCGGCCTGCGACCCATGAGAGCGAACACCGGGATTCGGCTTGAGCAACGCGCTGGGCAATCCTTAGAGGTGCAGCTGCTGCGTGATGTGCGGTTTGGGTATTTCCTTTCTAATATCTCATAGTTTTTTAGTGGAGGTTACGCGCGCCCTGAGTAAACGCACATCCATCAAGTCAGGGACCGGCGATGGCAAGACCCTTTAGCACGTCACCACTGCCAACCGAGCGGACTTTAAAAGATCTGCACCCGCGGAGGGCAACCGTAACCTGAACATGGCCACGTTCCAAGCTTCACCAATTGATAGGTTACACCCAGAGAGCACGCGAAGTCTGCCGATCTATCTTTGAGGGGCTCGAGGTTGTGATATTCCGTCCCGTGCTGCGATCTTAGGGGTCGGCTTTACGCCTCATCGTGCCAGGAAGTCCCACTCGCCCGGGGGAGCCAAGCAGTGAGCAGGGATGTTTGCTCGTCGCTGCGCTTAGAACCTTACTGGTCCCCTGCCCCTCGACTTTACAGAGACTTACATAATTTAATGGGCGCAGATGGTTAAGCCTGTTCTTGTCTATCGCCGTATTAGACAGTCCGGTCCTTTCGCAATATATGAAACACCCTATCTATGTTAGCCAGTGGACTCGGCCGCCATCTCTTAACAACCCGGACTTCAAATGTCGGCTAATTGAGGAAGACGGTTGTGCCTGAGCATATTAATTGTGTGATCGTCATTCTGATCCGTTTACTGCTGCGTAGCTCCATGCCGCTTGCACCCTGTACAAGGGCGCAGGCCCGGTAATAGGCAGAGAGCTGGTCCTATATCGGCAGCGGGACCTCCGCTTAAATGATTAGAGTGTTGGAAGTTGAAAAAACGCAGGGGCAGGACGATTCCTA,1455,51.2,Caenorhabditis elegans
SEQ_351941,CTCCTGACGGAAGGCGCCCGTGTCTCTGGCAATTTCTCATGCCTCAACTGCAAGGAGGCCCCAGGGGCCCTAGATCGGTTCCCGTGTCTGAATTAGGTGAGAGCTTTGTGCAGCATTGCACGTTCGACAACGACTCGTCGAAAAATGAGGCATTCACTGGACCTCCCCGGGCAGAATTCGGAAGCATTTCATTAAGTGGAATCATTGTGACGTTCTGTCACTGGCCTGCTCCGGCTAGGGGCACGAGGCCATCTACGGACACACTAATCCATCATACACGCCCTGCTATTATACGCGCTACGCTCTAAGCGCGATGTCTATCAACAAAGGTGTGTCATGGTATTGGGGTGTTGCTTCTCTACTGTGGTGGAACAGGAAGGAACGAGGTATGTGTATCCACGAGCCGTTCCATGGACTCACTGCAAGGGCGAGACATAGGCTGTTAAATCACCCACCAAAACCGTTACAGATCAGAATTCGTTCGCCTTCACTAGAATGAATACGGTCCTTATCCAGACTGAGTAAGCGGCGTGTTGCGACCTTGCGAAAGCGGATTTCCGATATTTGATTAAGGGACTGTACTATGGTGCGGTTGTGTGTCGGGATCGGAAACAGGTCTACGCAGTTTGTCCATGCTTAAGTATCGTTTACATACCATAACATTTTGTCGGGGGTGACATCACCGATGACATATACCTAGGAACTCTCACTTTTGACCTCAATTAAAGTGATTCTACACTTGAATCGAACAACCGATTCCACCGTCGGGCGAAGCATAGGAAGTGCTTTTAG,792,49.75,Saccharomyces cerevisiae
SEQ_905134,CCGATGACCGGCAACGGGGCTGAACACTTATTGCCGAATCCCTCATAGAGTCGCCCACTGTTTGCAACGACGTGAGGACCATGCGGTCATAGAAACCATAATGGCGCATATGCTGCCTCCAATGCCTCGATGGCTTATATGCGCTGCCGTTGTTTCCGACTGATAGGTTTTCAGGATCTTGCCATAAATTAGTTAAATAGGGGCCACGTAGGTGTCAGCCTATCATGTATCGGGCTGGAAGTATGGGGTCGGTGACGAGAGATCGTGTATTCTTCGGCCTTCAGCCATAAGCACGCGTTAATTACCTCAAAATCCGCGATGACCTTCCGACATAAGGACGGCTGAATCCTGTCGGGACAGTGCTTGCTTTGCGCTTGCACAAGGAATCCTCAGGCTCTGAGAAGTGCCTGGATGTGGGTTCAAAGAATTTCATGTAAGCCTTGGCTAGGTGCTGCTCTAGTTCTCAGTGTAACCTCGATGACAACGGCAGCCTGTAGTACTGCCTAGCGACAGCCACAGCGTCTTTTAAACATTATGACTTGAGAATTCGGTTCACTCAGTGGCATTCGAACGCGGGGAGGATAAGGCATTTGCGACTAGTCGCCTGGTGTGCCTCCAAATCTAAAGCGACCGGACGCTGACCAGGTTTTGCCACGTCCGCAGTTGACCAGCCCTTGGATGGGCGCTTGCAACACGCGTGCGCGTAACGGTCTGACGAGATGATGCAGGTTAAAGCACACGCCTGATTTTTCCCGTCGCGGTGAAAGTGGTCGTTTAACATTAGTGGAACTACCGAAGTTGCTGATAGAGGAGCTATCCCGTCAGTGATCACACAGCCGGGACAATTACCTAGATAATTAAAAAGAGCGCTAACATATTAGGGTGCTTTGAGGGCTCTGATCCAGGCCTCGGCGCCATTGATTGTCCCGTCTCCAGCGGCTCGTATCCCCTGCAAAACCAATTACGCCACGGGATGACAGTTCCAAAACGCCTGATTGACGCGGGACCCCTTGCGTTCGGAAACCATACTGATGAGAGCTTAATTCGCGTCAAATACGGACAGTTGAGTTTAATTGAACAGCTTACCTGATAAGGCTTACGTTGGTATGTCAAGAGCCTGCTAATGTTCGCTTGGTCGCCACTTTATGTACCTGTCTCCTCCCTGAACTTTCCACTCGGGGGTCAGCGCAGCTTAGTGTCTTCACCAAACGGTCGGGCTTGCTATGCCCCAGAACGGTAAGCTGTGGTCCACTTAGAGTATGCTACCTGGTAACGGACCTGGTTGCGCATTGCCCACGGCGTGAGTCCGGTAAGGTCCCAGCGCTAACAACCTCCGTAAACCCGTCTTGCGGCCACAACCTTCAATGCTGACTCACACCCCAGTCGGGATTTCATATTACATTGTGATCCCAGCAATAAATCTATACGACTGATCCGCACTATGGAGGAGGTCGATAGAGTTATTAGAGGATGGGGGCAATGTGCCCTCCTATAACCAATGTGGGTAACGGAGGATGATGTGCGTGCTGCGTCTAGCTTTGGTACTGCCAAGCTGTACATACCCAACTCGCGTTTCTCCACTCCATAATTGTGCGACCAACTTCTGGCTTTCTTTGAGGTCCGGTACAATGCTAGTCTTCTACCGGCCAGCCGCATTTTGGTAGGGCCCCTACTACTAAGCTGGTCAAAGCGTCTCTGCTTATAGTCTATAGTCCTAGCATGATCGGTGGGAACCCAGACCCCATCAAAGTCGCCAACTAGTTAGAGCGGGTTGCTACTAACAAACCAGATTTTATTCACTCCTTATGCGCACCACACCCTATCGTAGAATACTAACTACGCAGCTCTTAAATTTATCGTATAGTATCGGTCTTGCCAAGATGAATCAATGGGGAGGGACCATGACTAACGCGAAAGGAAATAAACAAATCGCTTGCACGCCATGCCCCCTAAGTATGTTAATTTGCCCG,1970,50.66,Mus musculus
SEQ_938409,CACTATAATGTCACCCATTTACGCCAACAGAGGTGTTGGAGTAACTGCTCGGATTTTGCAAGTTCAAAAGCAATATAGTTTTTCTAACTAATCTTGGCTTTTCTAGCACCGGCATCGTATAAATCTCGACGCTCTGTCGACTCCGTACATGGACGTGGCCGGGGCTCTATGAAACGCAAATACGTACCTCAGGGACCCCCGTCAGACGGCAGCGGAAAGGCTTGTGAGTAATCCACTCAATCAACGGGACACATCATTTTTATAGATTATGTATGAGATTGGAGTTCTCACTTTCCATCGGATGTTCGTAGATTACGGGTCCGGCTGGCGCGAGAATCTGGTGACACGTGATTGGGCCTG,360,47.78,Escherichia coli
SEQ_542505,ACCCTGCTACGCAGGAACAATGGTTTGAAATTGCATGACAATCCTAGAGAGGGGACCCCCCTGCTCAGGTCCCTCGACATTGGGGCGTCACCGAGGTTAACAATCCTTCGAACTGTTTATCTGACAAACATTTGGTTCCTTAAAACCCCAAAGACCTCTGGCTCCCGTAAAATTCCCCCTACAGGCTCGACATCTCAGAGAGGTCATGGATTGACATAGGCCTGGCCGGCCCGGCACTGGGCAACAGGGCATCGGGGCGCTTACATTATTAGAGGCTGCCAGAAGGACTGTCGGCCCCCACCCTAGCTATACGCACAATTCACCCCATTTTCCTCCTCTAGACACACAAGATCTCGTGTACAGGAGTGCGGGAGGGAACCTGATAATCTCTGCTGCCTGTATGCCAAATTTGGTCAAAACCTCTTCCGGCAAGTTGACACAAGTGTGGCTGTTTTGCGACAAGTCATTAGGTGTCGAAAAGTGGAGCGGTAATGCGTTGGATTATTTCTAACTGGTGGTAACCTCTTCACTACATTGCGCCGTAATCTGATCTGAATGGTACTTGGTTTTAAGAGAATTCCAATTACTGTATAGAAGACTCTGTGTGGACGCCGAAACGTTAGGATCCGCTGCGCACGCGTACTGAACAAGGGCCTTCCTAAAGACGTTACTAACGGCTTCAAAGCATTGAAGTCTCCGGCCGCGCGGGGGAGATAACCACCCTGCCAATGAATGCGCTCGTGATATTCTACAACGACGATTTTCAGGCCTGAAGGTTCGTGCCTTTTTTGTAGTGGGCGTCCGAATAGCTTTCGGCATGAGACACCAGCGCAGGGGGACCAATACAGTAGCTTACTGGTTACCAACATGATTTCCATTTACCAAACAATAAAGGATCCCCAGGTCGAGGCCCCATCAAATTCTCTAGTACATTATCCTCTAGCTAATTCCGGTGAGATCCATTAATATGTTGAACGCTAGGCCCATCTCGTCACGGCACGTATACGAGCATCGCAGGTACTGTACAAGGCAGGCGAACCCCACAACAAACCAGATACACTGCTTCTATGAAACTATTCGAGCGTCTAACCGTTTACCGATCGACCCGAAAACGGTGACAACGTATCACAAACGTATTACCCCATAACTATTGTGCGGGCCCAATATTAATCACCAAGCTATAATTCGAGCTTGCACGTATAGCTGGCACTGGTGATAGATACCGCACGCGAGTGCCAGAAATCGTATGTTTTTTTTGACCTAAGACCTGTATAATACATACCTGTGGTGTCGGGATCTCGATTTAAGTGTGGTGAGTTCGGCCACCCGCAAGTTCAGTCAGGGTCCATTTCAGCTCCACAGAGACTAGTCGTGTTCCCGGCCTCTTGACCACTGCAAAAATTGAGTAAAGAGACTCGCATGTGTATGACAT,1432,49.02,Mus musculus
SEQ_638443,ACTCGAAGGCGGAGGATTTGGATGGGATCAATAGTTGGGCGGTAGCATCTCTACAAGGTACATATAAACAACCACCTTAGATGCTCTAGTCGCAATGCTGTAGTGAAAAAAACTCACTCAGCTTCAGTGCCTGTTACTAACCGTAAGGGTGCGGGAGCTCTTGAGCGGTCCCCCGGGTTCACAGCCGCTTACGCTAGGAACGGACATGATCAACGCGTGCATGAAGGACTCTCAGTTCACGTGCTCCGAAATTTCTTTCCAAGGAGCGATGACCGCCTAGAACCCATTACTCGATATAGCATAGGTTTGGTGTAACTCGTGCTGAAAAGCAGGTTAACATCTCATAGTCTAGTAGTGGCTAGTATGAGCGCATCCCCTTTGTGACGCAATACTTTCTACGTCGATAGACGTTCGAGAGGAATGGACCCAAGATGTCTATCCAACATTTCGAGGTAGAACAAGAAATTGAGGAGAACTGGATTCGCGCATGTCAGTGGAGCCCACTGCAAACTAACAGATTACCCTGCGAAATGGACACTTCGCGGCCGGTGAGTAGTAGTTTACACAGGCCTGCTGATTTACAGAAATAGGAAGGCGTGTCATAATTGCTTCTTGGTCAGCCCGAGAGGAATAATAGAACCAGTACTACAGGTCTAATGGAAGCCCTAAGGAGTAACGGGAAAGTGCATTAGGGGCGACGACATAATACAATGCCCCACTTCGGTACCGGAAAAGCACATCGGGCCGTGGCAGCTCAATGGTCAGTATGCCTTACCGAAAAAGAGCATAGAGTCAAATAAATACAACTAGGCACGAAAAATTCTATGCTCTGAATACTCGT,841,47.68,Mus musculus
SEQ_480453,AGAGGCGCCCGATGTTTTTCGAAGATCTATAGCACACGTTTGGTAATTGGACGTACCTTTCTCTTTTCCCATGAATAATGCATATACTACTGATTAGTAATGTAATACCATTCCCATCTATCATTGCGAGGGGAAACGGCAGATGCACTGGCTGTAATAGATTACATAAGGTCTTCGGGAGTACATGCGTCGAAGAGCCTGTCTGAAGTCATGAGAAGGGTGCCTAGATTTAGGCTATTGAGACACACAAAGGCCAGAGAGGAAGGAGAAGTGATTGAGGTTGATCCGCTTCCTAAGAGGTGGCTTGAAACGTATAAACACACCCATCTCCGGTGAGGCCAAGTCCCCGTGAACGAGCATTTCTCATATACGCTATCAAACTGGTCACGCTCGCCGTTTTCCTATTAATGCCAGACGACGAGGCTTGGCGGTAAGGCACCAATATATTGTGATACTATTAAGATCTTCCTCACGCGCCGTACGAAGAATTAAGTCTGCAATTCTATGTACGCACCTCCGTGCGCTGCTTCTGGAATCGAGATCGAATACTTGGGGTCGGTTCATAGCCAGTACGCATTGAATTGCGCATGTATCTGGTCTTCCCCCGAAGCCTTCACAACGCTGTGCCCGGTAGCGCAACGAATTGACGGGGGTCAAAGCTCGCGCCTCTCAGGGCTCCTGGCTTTACAGTCCTATCGTGATGCTTAGCGGCCTGGTTATGAAACCGGACGACGTATCTTGGCTGACCTGACCAAGACTGACAGCCAAATGTACTAGGTCTATACTACATCCACCAGGTGCAACCCAGGGGCGACATAGTATGCTATCAATCCGGGAGTAATATAGCCTATTTCAGTTGCTCAACCTGTACCGGAGGTTCGATAGGCTCGAGAAGACGCTGCGATCGGCTAGGGCAGCGCGCGTCCTTACTTGTCGGCTCACTCAAACCAGGACCAATGTATAAATGCAGTAAATGGATTACTGCCTGTGCACCGGCGGGGCAGGTCTCGACACGTGTGAAAGTCTGAGCTGGGATGTGACGACACGGACCTAACTTCCTCTTCGAAGCCGTCCAGTGCGACCTCTATGGAACCTATCAACTGGATGCACGTTGGGAAGCTGTAAAACGCCTGGGGTGTGTGATTGAGCACCTCACCGGGGCGCACAGTACTCGCTAAAGATTGACTGTCTTTTTTCAGTCGGAAACACACTGGAGTCAGGGCCCTGGACGCAGCTTGGCGACTTGCGTCTGACAGGATGAGGAAAAATAGGTAAACCGATTGCAATCGAGAACAGGTTACCCTCGACGCTGAAATCAAAATATCTTTGCACCGTGAAAAACTTACATCGTCGGAGCAACTCGAACGTAAGTTGAACTACGGTTGTCTGAGTCTAATGTGTTTAATCCGTGGCGGGAGCGATTCAAGGGTCGCGGCGGTAGGCGCGCTTTGGATTGATACCATCGGGAGTCGCAAGCGGCACTCCCTTAGCTTTGGG,1497,50.5,Drosophila melanogaster
SEQ_205592,GTACTCGGTATAAGTTAATCACGGGTCCTCCAAACAAAGCGCGCTACGAGATATCCTTGGGTATCAGCATCCTTCACCCAGAAGAAGATACATATCTTGTGGCAGGTGAAACGCTTGTTCTCTCATGTTGAACATCCAACGGGCGCTAGTTGGACAATATGATACAGGTGAGGGACAGCTGGACGTTTAACGGCACCTGCACCCTTTCCACACCACGCTTTCGATATCTGCCTACAAGAGTACAGGTATGTTCCTATCTATTGAAGGAGATAACCAAATTCGTCGGAGAAGCACGACGGTGTGACCCGTCAAGGAGGGTTACGGGATAACTTAACACCCACTTGGCTCCAGCGCTAGTCAGATGTGGCGACTAGGTCTATAAATAGGCCCGTTGGCCTTGGCCGTGATCCCCGGAGGCTGCGGCTCGAGCT,431,51.04,Arabidopsis thaliana
SEQ_442613,TTCCCAGGCGCGTCGGGAGCTCCTGTTCGCGAACGTTCTGTTCTAATGCGAAAAGTGCCCAGGCGGACAATGATTTGCACAAACAAGCAGGAGCGGAGTGCCTGAATCGCTTTGCGGTCATATCAGACTAGTACACACGTAAAGGCGGACGACATTTTCAACACGAGGACTGCGAGAACAATAAATGCTACGACCTAGGCCACACTCTCAACGAACAGGTTGACCCAGCTGAAACGAAGGTCCTCGACAGTACTGGTGAGTTACATTTGAAGATGGAACGGTATCGTCCATTCCCACCAGCCGGAATGTAATCGTCCTCCTAAGTTGGTTCCTTTGTGAGGCTACAGGTAGGTGCGACATAACCAAGTAGATCAGTTTTGTGGCCACTATGTAGCGACCGAACGCTAAACGGCTTATTTCTCTTGTCGTGGAGAACCAGTCAACATCTCTGCTCATCAACCTGATCGATGAGAGAGTAGGATTGCGCTAATTTACTTTAAGTGAGGTTGCGATACATCCATAGTCGGTATAGAATGGATTTACTCAAGTCGGTACGCCAGCTACTGTCATTTTGGGAACCGCCGACTTCCGCTGAAAATTCCCGCGATTGAATGGAAACTTTCATATACTCGAGGGAAATGCAGCACTAACCAGCTATACGAGCGTAGCACTGGATGTAACACATTGGCTGGTGAACAGTCGTGAGGCGGCCTAACTTCACCGGGAGACACGGGGTTCGCGGCACATCTTTGCCACTGCTCAACAATTAGTTACACAGCCAGCTTGAGTCCACGGGCTCGGACAGAACAATGTATTACAGACCATCCATGTGGTCAGGTCTCTATGTCCGGCAAGAGCGTCAGCTTAGAAGTGGATGAGTACCTACAGGAAACATTTGCATCGCGATCGCAAAGGTCACTAGGGCACGCATATGTCGAACACCAACACGTGTAAGGTTTGGGCTGTCTTATGCGTTAAATAGATTCACTAGCAGATCCCTCAACGGTCGGGAGGACTGGAGTCAGACACGGACGTATCACTGATTTTCACTGGTTCTCACGGGCCATCCTCCCCTGGGTGAGAGCGTGCCGGCGTCCACATAAACCCCTATGAGGTAACAAACACATCGAAACGGGAACTTATAGGCCACTCCTGGTGCTGAGCAGGTAATCTATAAATCGTTGCTGCGTCTCTGGGCCAACCGACGAGCTTGTCTACAACGAGCCCAGTGCGATACCATTTCCGTCCACAGCATGTAGGGGAGTTTTTCTTCGGTAGTCGAGGTGAGGGCGCAGTTTCCCCTCATTCCCTGTAAATGAATAGAGATCTACATATAAGGGCGAACGTTTTACCTCTTGGTTGGAGCGACGCCAAAATTATAGCGGGTATCGTAAAGGGAAAGATACTAGATAGAGTGGCTTTTTATTTCGCGCTAGCATACTATAGAACATGCCAGGTTCTAGTACGCGATCTTGGCTTGTCACCTGTGGTCACGACGCAGCCTGTGTGCAATAACCCCCCGCATGTCGCACCTTAAGGGGCGTACAAGAGAAGTTGACGCCGTGGAATAGGGATGCAAATAGAAGCTCCCCTCTTCAGCAATTGAACTTCCGTAGACAGATGTTCACGAAATAGTTGAGAATATACTGCCTGTAA,1656,49.52,Escherichia coli
SEQ_511396,TCACCTGTGTATTAGTGCGACTCAAACGAGACCGAACGGATCCGGGCTGGGCATAGAACATTCTGGTTCGGGTATTCGAAATGTTCAATATCCCAACCCCTTGCCGCATGAGAATCCAATCTTAGGGCTCGCTTCATACTGCAAGAATTAACCCAGACCTGAGCCCGTTCCCTACTCGCCGTGATTAATGTCCGCGTTCGCGGGCACCCTGCCACACCTGTAGTAATCGTACGCTTTTCTGTTACTGGTTTTCACACCCGCTAGGTAGCGTCCGACGTGTGTTCGACGTCTTATTATCACGAGTCATTGCCCGAGGATTAACTATGGGAAGAATTTTTGTCACGCGTTCGCTTGGACTCCTAAAGGAAGAAAAGTGCCGCTCTATTTCTCTCTCTAGACGCTCCTTTGTCAACGGTACCAAACGTAATATTTCAACTGAACTATGTCGTAATAGAACTTGCGAGCACATTCGTTGAGATCTAATTCACGCTTTAACTCGAGGAGCGCTGTACTTAATTTAGATCGGGGTAACCAGAGAAATGAACAAGCAACCACGGAAGCGACTCTCTCTAAGGTCGTAACCTAGAGCAAGTCGGTGTATCGTACGCATTGAAGGCGCAAGCTATGGAACTCCCTATAATCTGGAAGGTGCTGGCTGCAAGAGAAGTATCACTCAGACAGCGAGACCCTCGATCGAACATTCAGCTCTATGAACAGCACATGGTGCGTGTCGGCGACAACTTCTTAAGTTGTTTCGGGCACAACTACCAGGCCCAGGCGAGACTTACACTGAGACGAACGAGGGCGCAGAGCCATTGAAATCCAGCCGCGATGGTATAGGAAATTTCACCCAAAGCGACACTGTGACAGTTGATTTCAGCTAAGCAACCCTCACTCCTAGTCGACCTCCTGATTTAACGACCTTCTCCATGACGCCGGCCCTCGGAGTACGTTGTCCATAGAGCAGAATAATAGTGCCCCAACCTCAGAACTGTCTTTAGTTGGTCTCCGAGATACGAGACTTCCCTGGATCGCCAGGAGGTGCCAAATTACTAGTGACTCTATGTATCGCTGGACATCAGACAAAGCAAGAACGGAATAAACGATACTAGAACCGCCGACACGAAGATAACCGGCACCAGGTACG,1147,49.26,Mus musculus
SEQ_797372,CCATACGGTCTTCGCTTTAAACGCGCTATCCCGTAAATAACATGCCGGCCGGCGCGGGTCGATTCGGCATTTTCGTTGGTGAGTCCGTTCACTGAATATTTGACCGTCAGTGCCATCAGGAGTGTGTCGAATCATGCAAGAGTCAGAGGCTAGACTCCCTGACAACCAGGGCTCTGGACGGGGCTTAACCTTGTATATCGTACTCATTCCCCTTCTATCCTGAAACTGGAAAGCCGTACCCTCGAAGAATCGCTGCACGGTCGCCGTATTCCAGATTGCTTCACCGATGCTCAATGATATCGCGCTGGTTCCTGGGTTAACCTACCACATGCGCGTATTAGCTATACATAGAGAGCATGGGTTCTTCTCGCCGCCCGCGACTTGTGAGGAATCCCGGGCTCATCGCTTACGGTTCCGTGGGCGCACTCCGCCTTTGATGCATTGGTAGGCCCTGTTTCTTTTTTGGGTACAAGTAAATTATGGGTGGGGCCTAGAGCGATGTTTCGCTATCTGAGGGTCTCAACAAAATATCATTCGCAATCACAAGAGACGCTACTAGTAGTCCCAACGTGGTTTAATTTCTGGACCCCCACTATGCGATGCAACCTCAAAAGACCCGGGATACCAATACGATAGGCGCGCGTTGGGGCGAAGATATAGGGCAGTTTTCTCATCCATCTGTGGAGTAAAACGGAGCCAACCTCATTGAAACATGTGAAGAGGCATCATACAATGCGTGTTCATCGAAGGCACCTCATCCTAGTACGCCGAGCTTCGGTGCGATGGTCCGTTATAAGTTCTCGGCGGCTTTGTAATAGTATAGTTGTTCTTGGACTGTGGGTCTTCCCTCGAACGTTCCTAATCCTAAAGCTTCACACGTATTGGGTCACTCCATGGGTTCAACCGTCATAGCAACTTACAATCTGTTGAACACGTCCGACAGGATGCTAGAGAGCTGCAAGAGCTGGACATGGTAATAGAGTCAATAAGTTAAAAGCCCCGAACCGATAGCAGAGACTTCCTCACGCCTAGCAACTAGGGAAATATCCTACAACATAAATGTCGAGCGCGACACAACCGAGACGGCCGCAACAACCCTGTGGAGCCAGACAGCACAGCAGCTAGTTTCCTCCTGGACGTCGCGACGACGAAGGATCTGGTCCGATATGTTAGGGAAATAAGGG,1184,50.68,Saccharomyces cerevisiae
SEQ_691362,GCAGCTGTCCCAGATCACAAGCGCACGAAACGAGCCATGAGTTCACGCGGGCTCGGAAAGATAGGTGCTCTCTGCCGGTTTGGGTAATGTTGCCCATAATCTGGTGGGTCGTGACAATATGGCAGAGCTGACGGGTGGAAGCCGTGTCCTTCCGAATGGGAATTCGCTTCAACGTGCTCATCTTCGGCCAACCTAGTGAGAGCAAGTAGGGACGCAAACGTCTTAGGAACTAGTGGCCATGGCTTCGGGGATAGAGCAGGAAGTGCGCCTTTAACAAAACGTGGGTCTGGAGGATTCGAATTGTCCCGTAGCCCGACGCTACAGCGGACCGCGCCAATAACAGTGCGGCTTTTATATCTATTCGTCTCACGCACACGCCATCTCGCAAGCTCGCTCGGGTTTAATCACGCGTCGAACTAATCTGAGTGACTGCGTCACGAGGACCGCAGCGGGTCCCCCAAACTTGGATAGTATAACCTAAGAATTATAATGGTGATCGGCTCGTCAGCATTCGCGCGAGTCAACTAAAGTCCCTTCTATGAGGATTTATCTCACACGCGCCATCGGGCATGCCCTGTGTGCAGGCCCTCCAGTTTCAGACAGAAGTATGTGTAAGGTGAGGCGCGGTATAGGTGATTTCAATACGAGAACAATCAAGCTCCTCGATCGGAATGGCCCTGATCTTGTTTGTTCTGGCACTCCGGTAAAGTTTTTCGACATCGGCCCGGTCTCTCCCGTCCGCAGTCTTTCTCCTCCATACCTCGTAGCAAGCGACCGACTACAATGGTCGCTTTCGTATTCATCCACTTGTATAGTGGGTAAATTATTCTAGCC,834,52.52,Escherichia coli
SEQ_146581,TAACATGGTTCGCACACACTTAACATGGGTAGATACGCGTTATATACCTTGCGAGGAACTCATAGAGCCTGCTAGCAATAGTGCAGCGACATTAGACTTTGTGGAGGTG,109,45.87,Saccharomyces cerevisiae
SEQ_592992,AGATGAATCCCCGCACGGTCAGGATCGTGCGTAAGACCGGGACGTCATGGGGGTGCTGGGCGTATTCTGTGATGCATTGTTGTTAGTCATTGGCCCAAGTGGGAAACAAGCGAGGTCCTTGGGATACGGCCTAGACCGGTACCTGCCGCACGCGCATGAAGTATTAATCATTGATACACAGCAAATGGAAACACTCAGCGCCTCTGAATCATGAGTTGGATGGGGGATGCGCCATACGCAATCGAATGTGCGACCTCTCAAGCTAGCTTGCTTTGACCTTACTGCAGGGAAATTCAATCCATCTCCCTGAGGCTGACCGCGCCAATCCCTCGGTCTGCTTCCGTGGCCCGAACACCCTTTCACCCTACGTTGTAGGTATATGTCTGGCACGCTAACGTTTATTTCTGTCTCATCGTATCTTAGTCTTTGGCATTTACATGAATTGATGGCAATTCTGACAGTCAGGAATCCGGGACGCTACTATTCCGACGCGCAACCTCCACTAACACTGAGTGGTAACACATCAATTCGCGGTGCTATACTCCAATGAGATCGACCAAACAAGGATGTATCGGGATCTCCGTTCTCTGTTTTATCTTGGAGTGCAAGACGGCGTGGTGCAATACTGTGTCAACCTATAAAGACACTTTACTCTATGAGTCCGACTTGCAGCGTTTCCTAACTTGACTGGTACAAGGCAAACCTTACAGGAAAACATTTCGTCCAGGCATTCCGCTGGAAGTATTTCGACAGAGGCTTCTAGTAGTGAGAGCATGCAACTTTTACACAGCAGACCTACCTTCCTATGATTAGTATATCGGGTGCAACCGGCAGGAACCCCGCGGGGCCAGAATTGGTGCCGGCTCATTGGAAGCGCAAACTGAATACGAGCAGGGCACACACAAGAAATTGAGATAATTTTATAATGTTCTGTCTGCAGCGCTCGTAGTTCCGAGGATCCGTGCGTCAGAGTACATATGCGATCGTGTGAGTCGATGCTTCCGTCTATACCTCGGGTTAGTAGAGTGCTGGGTGGACCACATGCTGGTGAGGCCATCCTCGACCTCAGCGAACAATGTATCCAGTCATTCTATGTGACTGCCTTTGACAATTTTACGTGGGATTTCTTGCACGACGCGAACCTTTTGCGACACTTTAAAGTTCTTCAAGCTGCCTGGCACCGGCTACAGAATGAGAACCCTGCATGAGATATCGTGCGGCTCGAATAGAAATAGAGTACGATTGCTAGTATGCGCGCGCACAAGGGCCCTCGAACGAAATGACCACGCGAGCGACGTATACATGTCCCCCTCAGCACATAAATCCGAGCTTTGAAACGCGGGATCAGCGGGGAACGCGTCATCCCTGCCCTATGCCCCGCCTCGTTCTCTAAGAGTGAAGACAAACTTAAGGCTTCGTCAGTGGAGTGGTCACGTACTCGGATACTAATTGCTTGCCCTCTGGCAAAGGGGCCGAGTCAGGGGTGAGGGTGATGGGATACAACCAATGTCCCGTATATAGCACTGAAAGAACGCGCGTGTAGAATTCGTTGTCTCTAGGCTTAATGGTGCCCATCGAATGAGTGAGCGTAGGGGTCAACTTTGTAAATATTCAATCATGAGTTTTTAAAGGCATCATGTCGGCCCCGGGCAGCCGACCACCCTTCTGTTTGCGAAGGTAGAGGGTCAGACAATGGCCGGATTATTTGGTGCCGCTCGTGACTGAATCCTAAACTAATTGTAGAGCGGTGCGGTGTCCCGGCACGTTGCAGTTTACGACTCGTGTACACCCCTTGCCACCGTCAAACGAGACTTAGCTACGTATAGTCCCCTAAGCGAAGGACCGTCTTTGCATACCAGACGATGACGTAGGAGTTAGTGGCATGGTGAGGGACTCGTGCTATACAGTTAGGGACGCCATATATTTGGTTATCCTCCACTCGTCACCTTATATATCCGAT,1960,50.46,Homo sapiens
SEQ_337540,TTTATGCTAACTAATTTCTATAGCGTAATTTGCACACATTCCATCGTATCTGCTCCCGTCAGGTCAT,67,38.81,Caenorhabditis elegans
SEQ_341150,CGGGCGTACTTTACTGCGCTGAGCAGGTATTCGTACGAATACCGACCATCACGTTGCCGGTGGGACT,67,56.72,Homo sapiens
SEQ_651449,GACGTACGACGCCTTTATTCACTGTAACCAGTCGCTCAAATTAAACCTGCGTGTCGCACTTCAGTATAACAGATTCTTCGTCTAGGGGACACTAGAGAGTCTGTAGCGACTACCGTGTTAAGAACTTGGCTCCGGACGACGAAGAATCTGAGCCCAGCCTCGGCCGTATCAGAACCCGAAGAGGTTAACCAACAGATTGGGGTGGTGCAAGTCGGTCCGCCGGCGCAGCGACGTGCGTCGTTTCGAACGGTCTCAGGGGCATTTAAGTCGTAAAGCCGGTCATAACCGGACCGAGTAATGTATGGGAACGAGGTGCGTTCTACCAGGCGAAGTTGCCTCGCGGCGCCTGCCTGTCCTTGCAACTGATTGAAGGATGCTGCCGATACGCTCGGGTGATGCCTCAAGCGCAATTATCAAAGTATGACTGATTCCGAGTCCCCGTAACGAGCGCACGTTGCGATTACAAGTACGAACCGTCCGATCCCCGGGTCTTGTCCTAAGCGCCGCTGGACCAGTGGAAGAAGAGAACTCAGACACTTCGTGGGATCTCCAAGCACACCTAATGTTCATACGACGGTTAGCCTCACGCGACAAAACATTACCCTGTTGAAATGCTGGGTGCTAACTCTATCGGCCGCGGGAGAACTGTCGCCGGGATATACTACTCGGATCAATCACGATGGTGCAATGCGCCGTTCGAATGAAGTGAGCCCTCAAGACAATTCAGACCCGAGGTTATCTAAATTGGTATCCGCAGGCCCGCGATAATGATGCGGGGGCAATGGCATGCCCAGCCCTGGGTCCGAATATATCTGGCAGGCTGCCGTAGGCTGAGACATTGATCATGTGAAACTACCATGTCCCCTAATAGAGATACGCCTCGACCATGTCCATTCATGACTTTCCCAGCCTTAAGTTATAGTCGTAGACAGAATAGCGACAGGAATGCCTCCACAGGGCTTATTGTGATAATTTTGCCGTTCTACGCTGCGGTTGCGCCGTTACTCCTGAGGGCTCTTTCCGTTCTCACAGGTCGCTTAACAGCACCACCCCCTCCCGGGGCTGAAGACCAGCACTATACAATACCTGTTACCTAGGGAACGTAAACTCTCAATAGAGTGTTTTCTGGACGACGCCATTCATGCAATGTACCTAATGTGAGCATATCAATATTTTGCAAACGTTGAGGCCCCTTCCGCACCCTAGACCTACCGTGTCTCTCGTCTTTCGACTCGCAGCGATGGGTGCAACGCGTTAGCGGCTACTTGTCAAATTACCTAGTATACGACTCATAAAGTCCCCCACGTCAACCATAGCAGGTTTATACTGGCTTGGGGCTGTAGGAGTGAGTGGCACGCGCACGAACTGTGTTCGTCGTCCACCCCGCCGATTCAGGAGAAGCTGATATGTACCCAACCTTACAGCCCTAAGGTGTACAGGTAACTCCGCAGTACACCATCTCCGATGGTTCTTGCTAGTCGGGGGGACATTCGTCACCTCTAGGGCACCCTTCGCAGGAGTCGTTTTTAACACATAACAGTGTTGACAGTGCCACGGCCAAATTCTCGGGTTTACGAAAGACTGCTTGACGCCAATTAACGCCTCGCAGTATCTCATCGTGCGTACGGAGAGTTAACTGGGCGACTGTGAAGGCAGATCTAGGATTGCGACCTGCTATTCTCCTTGATGACAGACAACTGGACCCTCCCTGCCCAAATCTCACTATTATTCAGGAGAGCCATGGCGCGCAGACAGCTCCTAGGGCGTTTACTGGCGACTCATGTTCACGGTCACGATTCGGCGCTACGGCAGACACGAGGCCT,1823,52.77,Mus musculus
SEQ_260963,AACGTTATCTTGTATCGCTACGACGTTTGGCCCTGTGAAGGCGTGGGCAAAACAGTCTAACGACCTGTGAATTCCCATGATTCGGGACTAGGGCTCCCACCGTGAAGCGCGGCCGCAGTGAGTCCCACACTCAGACTAGACCTGCTGATATTAAGCCCTCCTGGGTGCGTCTTGACGTCGCTTTGTAGAAAAGTGAACCCATTAACCGATACTCTTGCAGCTATACAAGGACGAACTAGCCCACTGTGTATTTGTCCGGTCCGGATTAGGCTTACCAGTAGTCTGAAGTGATCGAACCCAATGGCTTGACCGCCAGAACATGCCAGTGACCAACGCCCTTGATTTAGAGAGATTGTTATAGCTATTCCAGGATTCAGCGCAGCTCAGTGGAATAAGTTTCCGTCTTTTCACTTAGCAGATTACAACTCTCAGATATAGGCTGAATTCTTATTCCCAACACAAATGATCTCTGGGTACCCCCTTGCGGGATGCTCCACGCCGGGGACCGTTCCTTGGTGCTGTAACGGATGGAGCACCTCCACCGCTTAACTCTGTATCGCTGCACGGTTACCCCCCAGTCAGAGTTCGTACTTCAATCTGATATCGGGGTCTGGGGTGATCCTTGCTGAGACTTTCACATCGTAAGCCCACGTACATGGGTATGCCG,667,51.12,Mus musculus
SEQ_219180,GAACCTCCAACCCGTTTACGCTTCATACTCAGTATCGATTAACGCGTCGTCCGACATAGTTCTTCCTACGCCCCCTTCGGCTGCAACCATATTACAGTTAGAAGCCGATGTGTAATATGGCTGCCGTGAGCTGCGAGTGTGTCCGAGCCCTCGTCCTAAGGGTTAATTCCCGCATGGTACCGCCAGCCCAAGTCTGCAGCTCTGCAGCTTATTCATAGCTTGATGCGGTCGAGCTAACTGCCCTTCAGAGAAATGTATCACGACGAGGAGGCTTGCCACCAAACACTGTCTCACGCAGCGGGTACGCATGGAGATAGTTCTATTGGCTATACGTCAATGTGTCTTAAGAGGGAGATTCACAGGGCTCTTAGCAAAGGCTGACCCTGCCAGAGAACACCACAAGCTGCCATCTGTCGGCTGTCGTCGGTTTGCAAGGGAGAGACTAAAGCATACAGCCATTACAGCAAAGCCCGTCACCGGCCCTCTGTGATTTCGATCCACATGGGGATGGGATAATGCGTCCTGACGTCGTCCAGGTGCCGCCCCGGTCGCACGGGCAGCAGCTTATTGCAGGGTCAAGTGCCCCGACCTACTATTTCTTCCCATACGCTTTAATTAGGGTCTCATGGGCCCTCGTTCATCTTACGGCCTCCCCATCAAGGTGGCGACCTCCGACCATCAGTCGAGGCTGGTGTAGAACAAGGTTGCTTGGGAGGATAATTAAGCACTCTCTCTAATAAGATCCCGACCTTTAACAGCGTGAATGCGAAATGAGGTATAGTCCCTATAATACTGGTAACACGTACTTACAGACTAATGTCCACCTGCCATCTGTCCGAGCACCACGGGAGCACCAGTTCGACATAGGAACACAGTTTGTGTCCCGATTGCGACTGGTGTTGGCTCAAGGTAAGGGTTGTTAACCCGAAATAAAGCGCTTGCATCTGAGCCCGCCATTATATGCAATGACCTTAGAAAGCTAAAACAAAGGAATAAAAGCTCACGCAAATGCCCGCTTTTGTGCGCCAGCGCTTAGGTGGGGAGCGGAATCCTTTAACCGTCGTGACACTGGTGCAGATTGAGGACCTTAAGCTGTTTGCACATGAAAGCCACTAAACGGTCTTGCCCTGTAGCTGTGGTTTCAACTTTAGTAGTGCTGGCGGCGCACTGTGGAAGGGTCCGATGTCATGGTGTCCTTATGATGTTTTCTATTTGCTGCTGAACTGTCCATATGCGGGGACACGTTAGCTGAGATGTGTCAGTGGTACTATAGCATCAATGTCCTTATGGGA,1292,51.32,Caenorhabditis elegans
SEQ_126733,GTCCGACGTACCAGGTTTATGAGCACAACTTTTCAACGTTTGTTGCCGGCACATCCTTGTCATATAATATATTTGTTGGGTAATCCTGTTCGCGCGCACTTGCGTGCCTACTACACGAGCCAAGCATCACAAAACACTTCTCTGATGAGGAACCACCTACGCTTGTAATTGACCCCTCTACTCACAAGCTTGGGCATAAGACGATAGGACCGTGTATGATAACCCAAAAAAACCATCCGTGTAAACTAAACACATTGGGACGGCATGCTAGGATTTTAGAGGTGATGTGCTGCATACGGTTTAGTGCATCATCTATGGTTATCCCCCTTCGCACTGTTGGTTTTTGCAACAGCAGCACTACCATTAATACCCCAATTCATGATATGAGTGAGAGCGTCCACCCCCTTGTATCCTGACGTCGTACGCCTTGAGGGGCGCTGAATTAGACAGCTGTGTCTTCGCCTCTGATTGCGCTGATGGGGTTATAAATTCCCGCGCGTCTTTCTCGTTGAACCGCATGACGCTATCAAAGTCGGCCCCAACGTGATATGAGTTTGGGACGAATCCAAGTTTTTCGACTACGTCCCCATTAAATGACGATTTACTTCGAATCCTCACTGTACAGGGCCCTGTCAATCACAATCTTATGGTCATATTTCTGTGCTACGGAAGATCCCCCCGTTACAACAGGCGTGGGTAGGCTGGTGACCTGCCGGATACAAGCATACATGGAAGCAATCGGGAAGGTGGTGTAAATGGACTTGCATAGCATCATTCCTCCCATATATCACATAAGCCCTAATTAGTTCACGTCGTTTAGACGCCGAGTCTAACACGCATCAGCATAGCTTTAAG,855,47.37,Escherichia coli
SEQ_850738,CAGTCGTAGATCATGGAGCTCCGACTCAAGAAATATCGGTAATCGAGCTATCTGTGCGGGCAATCCGGAAAGTTCGTCAAAGGTTCCCCCGACCAGACAGAATAATAGTAGTCTCCCATCCCGCTCGTGTGATAATGCCCCCACCTCGTTCAGCGATCTTCCATAGTTTCCGGACCGAACAGCTGGTGTGCAACGGGTTCCATGTATTACACTTAGATGGCTTGTCCGCGACAATCTGTCGCCAATGTCGTGATACGCCGTTAATTATAGAGGTCGCACTTATGCCTAGATTAGAGAAGGCGGTATCAGAATCCCGGACTCAAGAGGTGTGTCCGGATTTCTAGAAGAGGTGAGTGAGTTTATTATTGTCGGCCGTTGCTCGACTCTGTTCCCGAACATGATGTGATATGGGTCTTTTTACGACGAAAACCATAAGGGGGTTACTTGAGACCTCGTGCGTGGAGAAAAGCGGACGCCACGTCCTGTCTTAGATCTAGAGAGAGAAGAATCGGCTGTTTTGATTTGTAACCCACTATCTCAGGTCAGTGTCATATTCGTGCCTAGGGGCAGGTCTGGTGGCCGGCAGCTTCGTAGTTAATTACTCTGGGCAAGCGAGTCCGTATAATCACCATGTTCATGGGTGCCCAACGTCCATTA,657,49.62,Drosophila melanogaster
SEQ_254627,TGGCCGATGCTAGCATGATGTCAATAGGTGTTCCACAATCTTTTGCTGAAGAGTATGGAGCTGCACAGCAATTTTTGAGATTCGATGTTTGAAGGGTAGGCTACTACGATCGCGCTCACCTTCTGCTACTAATTGACGCTCGGGTCGCGGCCAATTCAGATTTTCGGAGGTGAATGTCTCAACCAAAGGATATTGCGGCTACATCACAGGGTTGAAGGTAAATGCATGGTCACTCAATCGATACCTCGGGGATATTGTATGGAAATATAATATATAACACTGAGGGTCCGAAATTTCCTAGGTAGGCAGTTACCCACAAAGATCGCGCTTGAAGTTGAGCAGTCCGATAATAATTTAACACTAACGAAGCACTTACTTTTTTAGTTTTTGAAAAGACAGGTGCGTCGACGCACTCTGGTTGAGCAGTACTGTACTATTTAGTAACTCGAGAAGCGCCCTATAGAATTTGGTCATGTTATAAGCAGAGATCTGAGTTCATGCAAGAGTCTAGGCAGAGGGTACATCTTGTTGCTCACGCAAAATTCCGTTGGATGGAGCGCCTACCGACTTACTCCGGATGAGTACGAGAGGGCATCCGCATTACTGACGGTCGTGGATTGTAAGCCGTCCAACGCAACTTTTGTTTATGTTTCGTCCAAGGCTAGTTATGAGATAGTCAACGAACGATGGTAAGCAAGGTAATCAACTGACCAGATAACCGATAGACGCAGCCCTCACGCAGCCCAGATCCAATAAAATAGTTTTTCAGTATCGGAGTTACTAATCGGAGAGACTGCAGTCAATCACTTACGCGTATCCGCCGGCGAGCGTTAAACCCATGTACAACACGAATCCAACGTATCGGAGTGTATCGATTCGGTTTAGTCTTAAGCGGGTGTCGGGCGAGTGGGCATTGGTACTGTAAAGCCATTCGAACTCAAGAGTGACCCGCTCTGGGCGACACAGGTTCCAGAACGGAAACGCCCATTCACCTTCCTCACGACACAGAGCGTACCACGTTAAGCGTTTTTAACTTTCCGCACAAGGAAAGA,1052,46.58,Arabidopsis thaliana
SEQ_494811,AGCGGCTACTTGTCCAGACTGCTGCGAAGCATCATTTTCATGAAATCCTATAAGTTGTGGAAGCCTCCCTAATATTTTTATATTCCTTACTACCCGGAAGCAGACCAACTGTTTTCATCAAACTAAAATTCGATCAGGCCGCGCCTTTATCGCGGGTCCGTGCGCGGAGGGCTAGTCCGTCGGCGGCGTATCTCATCGAAATAAGTACGCCCAAGCGCACAAAGATGCAGAGCTTGAAGCTCTTATTTGTCGACTCGTAGCGTATGACACGAACGCTTTCTCGTCACGATTCACACTCGGGACCGTCTTTTGGAGACCCCCGTGACATGCGCATTACAGCATACCTGGACAATTAGCTACGCGAGACCGGCAAGAAATGACTATAGTCATGCGGTGCCCGTAAACAAACTTGACGGCTACCTCGCTGTGTTACGCGCCCCACGTGCTAGATTTGAACGTCGCGAGCGGGAGAACGTTAAGTTTACGAATAAGCGTATAACATCAGTGTAAATAAGCCTCTCTGCCCCCGGCCCCCAGGAGCACGCCCGGGAGGCTGAGAGTTGCGCACAAACCCTGATGACATTTATGATAAGGTATCTGATTGGTTCACCATTGAAACTTGGTATTCATATACCGGAACGCGGCCGACCCAGGTATACGCTGCAGTCGCTGCGGCAGGGACAAATCCAGCATAGGCGGCGCGTGAAAATACGACCCAGTATGACTGTGCAGTAGCCGGGAACGCTTCTAGCTACTGCAAAGGCAACATCGGACCTCGGGATCCCATTCTATCGGCGGCTTTTTAAAGCTAACATTTCCTGGGAATCTCAAAGACTACGGTAGTGGGGGGCATCCCTCAGGGCAAGATGAACTACTAGTTGACGGACTGCGGCGAGTCGTGATTACTTCACAGGGGCGTGTAATAATAGGTTCGTCTAGCTATTATAAGCCCATCTCGGGAACCTATTTGCCCTGAAATCAGGTCTTAATCCAGTGACAAGTAGAGTCTTTCTCATAACGTGCCATGGTTGTTCGGCCATTTAGAATACCCCGCCTAACTTTAAAGATAAACTTGTTGGAGTTGCCTTTATACTGAGTTGCAGAGACAACCGACCAGTCCGCGCCCACCCTGGTTCGGTCAACTTACCTATATTTTGAGCTATTCGCAGGCGCGTTCTCGATATCCAAAGAAGTGATGTAAGTGTGGTTCTCGGGAGACAGAAAATAGAACTTCGACAGGCTTGTGGTTCGCGCATGTCATTTGACACACGTCTTAACAAACCGACGTACAAGTAGCCTTATAAGGTTAGTTAGGGCTAGCCCAGGGCCAGCGAAGGTGATACTGATGTTATTCGGCGCGTAGTCAGCACACCGCAGACGGGTGGCGTAACATTCGGCCTGTTATGACCTCCTCGGCTTAATGCAGAGGTGGTAGTTGGGATCAAGGCTAGGTAGACACGCTAGTTTACTAACCTGAAAACCGTGGCCTGACAGGCGACAACACTCGGTGTGGACGTGGGTGAATACTTATGTTGACCTACCCGACCTCTGCACTGGAAACTCTCCACTTGTCATGAGTGAATGCAATGGGCAATTGTTAAATGATCTAGGACTCGATGAGAAAACGCGGTACCGCGTTTTTATCGGCATTGTTACCCTGGCTAGGCTGCGTAGAATACACTAAAGGACCAATATGCTAAGCACCAACCCAGGCGGCACCAACATCCGGGTTATCAGAATATTCGAGCCACAAGGCGCAATCAGTTCCTCGTCAGCCGACGGTCGTTTCGGGAGGCAGTCTCGGACTAAGTGAGTATAAACCCAGTAAATTCAATTTATCCTGGTGGGCAACTAGGGTGCCATCTCTACCATTGTTTGGTGCGTCCGCGGAACAGTTATCAGAATCAGTACAATCGGACCGCGAG,1925,50.13,Drosophila melanogaster
SEQ_266162,CACTCTGAAACCGTCGTAGTCTTGGCAACATGACGGCTCACACTAGCGCGTCTATGCCACTTCCTACGTCACCGTCGGTGCGTTGTCATAAGAGCACGTAATTGCGCATGTGATAATTCCACATAGCACCTTCTAGGGATCGTTTTGCATTATCATTCACATAAGATGTCTGTTTCCGGAATAAATTAACCCCGGCCGCTGCATGATCCAAGATAGATGTAACGATCGCCACGCAGGAATTTATCGGGCCAGTCTGGATATACACTCCCAGGGTCCCGGTTAGAGGCTACCATTTACCTTAGGTCATGAGCAAAATTATCCACGTAAGAAGATAGGACCGCTGAAACATCGATCCTAAATGGCACGAAAACGCCTGCTGCGATCGAGAAGCGGTGAATATGAGATGAATACGGCTCATACTTGATCTCAGAACCTGTAATCCGAATTCGAGTGCTCTCGTACAGATCAAGACCAGTATGCATTGGGCACTTCCGGACCGGTCATGACAGGCCTATCCATTTGTTTGTAATCCAAGGCTCGTTCGTCGGGGTGTTCGCTGGTATGGATGTTGTCCGGCCTCATAAGTAGTCTAGTCGTTCCCATTCCTCCAAACGATTTGAGCCTATTAGATCCGGTCAAGACTCCTCCAAGTAGTGTTCCGCTGAAAAAACCTTCGTACCTGACTCGTTACTGTGCATGACCTGGGCACTTGGGTGAGTGGGTATGTTAGCGATGTCTTCGCATTTCTCGTTACTGGTCCAATCAGCGCACACTCTTCTGATCTGCCAGCTCAACCCCGGAATGAGGAGCTTGGAAATGCAGCTTCGAGTCTACGCCGAAAGTGGGTCCTGAGACGTTTTCATAGTGGTGAAACGACAGCGGCATGGGTTGGTTTCTTAGATTACGCTGTGCAGTACCAGCCACATATCGCCAGCGGAGCCACTTCGGACCGGAGTTGGTCGTCACCCCTCTGACGAGTGAGGAGCGCTTTATTGCCTTTACGAACCCCCTGAGCAGATTGTACTTGCGCGCCCTATGTTATTACTGAATAAGTCTCCACGCAAGACGCCAATGGCGTAGCGTCCTTCGCTGCCATTGCCCGATTAATTACCGTTAATAGGAGGCGTCAAACGCCTGCCGATTGCGGTAGACCACCGGAAACACTGTTTCTCCTAACTCTAACCGGGAGGCATGCGGACTGCATGGCTAAGGGTAGAGAGAAC,1223,50.45,Saccharomyces cerevisiae
SEQ_674423,GGTCTTAGCTGATGCAGGGGCACCTCGATTTCCTCAGGGCCAGGTGTATTTGTCCGTTTGACTTTTCCAATACCAGCCTGGTTATACCTATACATACACCTTGTTCGCAAGTGAAAAGTTCCCAGCTTTATGAAATATGACGTTGATCCCGAAACTCCTTAGGTTAAGACATAAGAGATCTGACAATGCGTCTACCGCGAGCAGTCCCCCAGGGCTTGAGGGGTATCAACAGATCATGGGTAAACTCTCCGACTTACCTCGGACGGCTCTGTCCTTGAGTCCGTATCTGAACTATTTTTCACATGTCTTAAGGTAAACGAGTTAAATTTTGTATTCTTTGGGGATCATGGCTCAGTTTGGTGCGATGTATGGGGCTCTAGCCTGTGAGTAGCCCAAATCAGTAGTGCTTAATCGACGAGAATTCGCAGAGATGGACCCCAGGTTCAGACCCTGCAGCTTATTT,463,46.87,Drosophila melanogaster
SEQ_987768,CCACGCAGCGTCGCTTCCTTATCCCGTAGCCGATTATATCATGCTACCAGGCATCCTACTCTGGAATCTGACGAAAATCCTCTGTGTGTCCCGCGTGCCATGATCATACGACAACCTTGTAGTGAATAAGCGGTAACGTCAGTCGATTAGTGTGGGCCCAGGGTGGTACCGAAAGGTCAGGATCAGCCCTCAAGTATTATGCCTGCCCGGGCATAACGTACTAACACCGTGCGCAGTACGAAAACCGCGAGGCCTTTGTCGCGTCATGAGCCTGTGAGGGTAGGTACATATGGGCTACCCCTCGGCATAGATAGATGATGCTGTCTTCGAACTTAGCTGGACGGGTTTTGATGATCACAAGGTGGGACGTTCAGGATCCTTTGAGTCGTCCGGTCGCACATATAGCAATAGCAAAAATGGCTGTCGTGGGCCACCCTCACATCTTCTCACGAGCTTGGCGTTCTGGTACGATTCTTACCGCAGCTTTCGCTTTTCGATCAGATGACTATACAGCACATGCGTCTATTAAATTGTGACATCACCGTCCCTAGATTAGAAGTGTTAGATTCGTTTGCCTCCTCAAGTGCTTAGCGAAAGGAACATTCCCTAGATCACCATGCACTGTCCCACTCGCCCCCGGATTGGCTACCTTCCTAGACGCGTCGAGCATA,671,51.27,Saccharomyces cerevisiae
SEQ_185946,CCGAATGTAAGGGGCACGCGTAGAAGAGAATTCGTCGTTCCTAGAATTGTCTCGGAGCACTTCAGGGTCGCGCAGCTTAAAAGTAATCCCGCATGTCCCGATGGGGACAATTAACACTAAGGAGTGACGAATCTGAAAAGCCCTGCCTAGAGGCGATATTTCTGGCGCTTTACGTAGTGCAGTAGTCTTTGCTGGTCTGGGGAACAGACTCGTGACGTCTGGTTCACCCGCGCGTACTCTCATATTCCGGTCGGACATCACCTACATTAGCTTATGGCGCCTCACTCAGTAGCGTATCATTGGCTCTACACTATTGTTCAGTTAGGATAGTAAAACTGAGATAGG,345,49.57,Saccharomyces cerevisiae
SEQ_734980,TTCCACTTCGTAAGCGGGAGAGCAGTTGCTTGCTACCATAGCGATCGCATGGCCAGCCCTGGCCACCGGGCACCACGTAAGCCTCTTAACACTCTCGCCCGGCTGGCACTGCTCTCGACTTGTATACCCTATTATTGTTGTTATCTATGTCCCCTAACTTCGGGTGCAAAATCGTACTCTCCAGCACTAGGTATTGAAGTGCAAGTAAGCATCGTTTAGCCGGTGGACTCGTATTCGAGCAGTGGGCTGGTCGTTAACCCGTGCATCGCTGAGCTCTCCGTCCCAGGCCTAGCCGCTTATATTATCTTGCGTATTGACTCAGGTACGGGCTATTCTTATAATCTGTCGTAGACTTTACGTATTTTCGTCTAGATCACTTTGGTTAAGAGTCCCATCTCTCTGGCCGTCGACAATTATGGCTACGTACAATTACCGCGGAAGAGTGTTTGCGTTCCGCTGAGAAGACTATTGTACCATATGGGCAAACCCGTGGTGCGTCGGTCATTGTCATAATAAATTGGGTACCCAGGTAGTAGGCGAAGGGGTTGGTAGACCCATCGATCCTTTTACCCAAAGAAAGGCAAAATAAGTCCGATGGGGCTAAGCGTGACTTACGCCCAGGGGGACGGTTGAGTGCACCTGCCGGTGATTATTTTTCAGACGCTCGCATTTTAACTTTGCACAGTCAAACCCACACTAGTAGAGCGATACAGAGTGCAGTACCAGCACGCTCCACTTGGGCTAGCGGCTCGCTTGGGCGATTAATGCAGTCTCTGAGCCTTGACTTCGCACGGTGCAAGAGAGCAACCTCCCCATATTCCCACGATAATTGACGTCCTACCCTGTCCCGGCACAACCGTTAGGACGTCGGTGCGACCTCTTCCGTTGGAAGCCCCAAAATTCGGGTCTCGCTCTGGGTATCCAGTAAGTCATCGTCGGCCAAGCACTGCGCATGTAACTAGACTATATGTTTGCCATGGCACCGGATTTACAATTCCACGATTGCGTGCATGTTACACTCGTCATTAAAGCCGTTATCGATATACCTGATTCCGGGAACCATGGGATTGATAGGTTGACCCCACGCGACGACGTACACCGCTGCGTCCTTTCCGCAGTAATCATGGACAATGGCGTTAAAGGCCGTTGGATGGGCCGCTCCATCCCGACAAGACTACCGAACCTAGTGGACGCTCTACCTTTTGGGGTCAAAAACAGGAACGGACCCGCGTACATGCGAACGCGACGAACAAACAAGAGTGCGCTTCGGGAGTTACTCCCCCCCACGTTTACCGAGTCTAGGGCCCAGGGTAATGTCCGGCACACGTTCCCCACGTCTAGGAGCTTTCTTAACGTATGAGCTCAAGAAATCTCTACGGTCATGCAACCACTGCAGAGCAAGTCTCCAGATAAAATAGCCACAGAGTAGCGCAGTGCGCCATAATTGGACTCAATGCATGGTCCCACGTACATGCACAGGTTTGCTTATCACTGTGATTTGACGTCAATCCGACGATCATATATGTCATGGCTAGTTTCTGAGTAGGATCGCCTGGAATTTTTGAAGACGTGCGGACACTTGTTCCGTCGGCACTGTTGGGAACATGGAGTTGCGTGCTAATGCAAGATCACTTCGTGACGAGAATCCAAGTCTGTGATTATAGGCATTATAACCTTCGTATGGATGCTTGCCGTGATCATTCTGCTATGAAGTATCGTCGGTAGACGTGGCAATAGCTCTTCCAAAAGCCTGACGCGAGGTCCGGCACGCCGAGCATC,1779,51.26,Homo sapiens
SEQ_647415,GCTAGGTCTTTGTAGATAAAAACATTTTTAACACGAGTGTAATAACTGTTGGGGTTATGCGCTTCTACCTTCGGAGCGATGATGGCCACAGCACGCTGGGGATCCTCAGGTAAACTCGTCGTACATCTCCAATTAGAAGCAGGGCTTAGTAAGAACGAGGCTCAATTATCCAATAATACGACGGGTTAGGTAGACTGTATACTCACCATAATTTTGAGTAGGTTAGGAAAGTTATA,236,42.37,Saccharomyces cerevisiae
SEQ_425920,TGAGAATCATCGGACGCGCTGTTTTCACGGATTGCCGCTCTCCCGTGTTCTTGAGCGTACCTCTTGGAAATTGCCCTATACGCTCCAGACTTCTAGAGTCGCAGCAGGCTAGGGGTATGTGCCGGGGGTCGATAGTGTCACCCACGGACGTGGTGTACCGACAATACTCTCACTATAGCAGAGGTCAAACAGGTCTTTAGTGACTTTGCTACCGGTTGCACTTTGTGTCCTGAGGCATGGTGGAAGGCGCTTGAGTTTGCTAACAATAAAATAGCACTTGTGACCGTCAGCCTAACATCGAGCACATGTACTGGTCCCTTCGAGCTCCAAGTGGCTGCCTTCTCTTCGGTGAATACGCAGCCAGCTTAAGACCATTGCTTTCCGTCATATCGCTGAGCCCATGCCGTGGGGCGCGTGGGTTATGTTAAACTTACACACCTCTGCAGAGCGCCTTCCCATGAGTCCAAGAACTAACTAAGCCCAAGGGTTGGATACTCTACCATAATCAGCCACCTCCATTAAATAAACAAGCGCGCGTGTTCTACGGGCCTGACCCTGTCCACGACGGGGGACTCCTTAAATTATCTCAACAGCATCGTTCGTGTCACCGCTAAAATTTCATGCCTGTAAATGTCAAATCTTGATCTGGGAATCTAAACATATGATCAATGGCTCCCCCGGCTGGTGCGCAAACCCATTTTGTGTATTAATTTAAGTGCCCTTAGAATTCCTAGGGTGGTGAGTAAGCTAACCAGGAATCTACACCAACTTCCGGACGTACTATTTTTCATACCCGGCGCCGGCTCATACAAGATTCCATAATGTACGACCTCTGCTAGCGCCTTCAATAAAACGAGCACGGGACTCGTCCATTGACCCAACTCGCCTATGGTATTCCTTACGTGGAGGTGCACGGACCAGTTCTATCTCGATATAGCGCGCACTACATGGGTAGCAAGATACTCGGATTACAACGCCTAACTGCTAACGCACAAGATCGCAAGTGAAAGCAAGGCAATCGGTGGAGGCTAGTATCAGCTAAAGACAAGGATCGACACGTTGGACCTATCTACTATCACAACTAAAGCCTCGTTCAACGGCGAAATATTCCTCTGCCTCACTGGTGCGAATGGACATATGCACACTTGAGTGGTCAGCATTCAATTCCGGTTTCTCCATCCATTGACGCGTCGCGTTTAGTATGTAAGGATCACTAGTTCGCACACCACGCATGTAAGTACGAGCGGATATTACCGTTCGCTACACTGGTGTACGCCAAATGGACCCTAAATATTCGGTGAGGGGGCTATAAGTCTTGGTTAAAGGGGCGGCATTGGTCGATCTGCTTCTAGCGGATCTTGTCATAGGAACGAACCCGCCGGAGGTAAAAACCCGTCCCCCCGCTGATAAGATGATCACTTACCAGGTTCCGCGCGTAATGGACCATCAACTCCACTAAGGGCTACTCGTTATACCGAGCTCTGTGGGGGCATCTTTAAGAGGCGTGTGACCCCCTGTTCTGGAAGTGGACCTCGCTGCTATTCGAACACCTTCTGTAGGCTATGCGTTCCACCGCCTTAATTTCAGCATCTAAGGACGCACAGCTAACTGATCGCGGGCTCGCCCGTCACTCGACACGGAGTCTGCTAAATAACAGGATCTATGCTAAAGCAGGCTTTATGCGCGAGGGCGACGCATCTGCAAT,1705,50.44,Escherichia coli
SEQ_343984,TCTTTCTTCCGATGGGAGCGTCCGACGCAAGGGGCAACCGTCATTGATCCGAGCGATTTTAACCATCATGGATAAGCCTCACGTAGCCGTCTCCATGTATCTATATCGACACTCACGTTCCAGCCAGAATACCCTCACGCTACGTATGGTGATATGTGGGCCGGTAGGCAACCACAGGGTTTCGCAGATAAGGAATTCACTCCTCAGTAATCGTGTGCCACATGTGTCGCTCCGACAAGGCCTGCGACTTGCCGATCCACAGGTCCCTTCAGTGCCCGCCACCTTAGCATGTCGGGTAATACTTGATGTCGTTGAATTAGGTTTTGTCGCGAATACTCTTACTCCGTATTAATTCTTGCTGGGTTCGTGCCACTGCGAAGACAATATGCCTAGCCGCCGAGATTGCAAAATTCGACGTTGCCCAGCTTACTCACCCTCGAAAGCTACCGGTGGGGTGTTTTTTGTGCTGACGGCGCCGTTGGCATGCATTCACATACCGTACCCCCGGAGTGCCATATTAACGTAGAATAAGATGGTTACAAACTGCAACGTACTCGTCCTCATTTGGACGTTGTATATTAATGCTGGGTGGGCATTCAGGATACAATCCAGTGTTCCTATTAAGTTACGAACTGCTGTACTGCATTATGAGAAACCATTATGCTAATGCCAGCTTGCCCGTTACCGTCCCACTTTTGACTAAGCTGTAGTGCATCGTATAACCATGTCCAATTAGTGGGAGAAGACGGGTACGAGTCAGCTTCTTTAACCAGGACTAATATTTGCTTTACGAGGGATCAAAGCATGAAAACGCTCTAACATAGCCCACTGCCGAATTGCAGCCCAAGAGTTTAACTTTGGTGGTCAGTTGTGCACATTGTCGGTACAGCGCCAAGAGTAGTAAAAGGACACTGGCCGGACTTAAGTTACAAGAGTATCCCCCTCGAGGACAAACCTTCCCGTCGCCCGGAATTAGCATGGATGTGAGTTTAGCAATTAGCAGTGTTACCGCCCGTACGCTGCAAAGCCTGTGATCCTCCTATTATTGCATGCCCTGCAAACAACATCTCCGATCATACCCACTGGAATAGTGAACCTTATCATAACATGACCACCGAGTGCGGCCTGGGTGCCGATATTGTGCCTGGCGAATTCCAGCCTTGGACGCTGCCTCCTCACTATGAGCGCGGGAGTCCAGCTCACAATCACATGTACATTCAATATTATCGCTATCGTGACCCAGTAGGATATATCAGGTAAAATATGTTCCCCTACCAATCGAACTCGAGGTTTTAGAGTAACAGGTGTGTAACTTTACTGAGGTGTTGATATGTGGTCTATCACACATGCGCAGCCCAATTGGCCCTTTCTGCACATGAGTCGTTTCAAAGTCCGCCATTCGCAAATTCTGTCGGTCATCTGAATTGTCACCGAAGATGACGAAGTTTGGTGATCTTTATGAAAGGGGAATGCCCCGCCTGACTCTTCTACAGAATTCGTTGAGGCGAGGGGGTTACC,1518,48.75,Saccharomyces cerevisiae
SEQ_563605,TTTCTGACCTGGAGGTGCTGATGGGGCTTCCACGATCCCGCTCGGCGGCCGCATGCTTACACAAATTAAACGAGAAGTAGATCATCTGTATGTGGTCTGTGCTTGTCCAA,110,51.82,Caenorhabditis elegans
SEQ_754247,TAAATGAGGTTTTTATCAACCCTTACCACGGCCAACTAGATGAGGTCCTTCAACACCCAGCCACTCACCCGCAAAACCAGGAGAAAAAATTAAGGGCCACACCCCTACATCCGTTCTGCCTTCCGGACGACTACTCTGTGAGGTTCGGCAGTTGAGTATTTACGAAGGCAAGTCGCGAGTCGGGCAAGCAGTTAGTCCATTCTCGCCTTGGTTCCCTCTGTCCAGGGACGGCCTAAAAACTGCTCGGGATAGCTCTAATAACTTAGTGGGCCCCAGGCATTTGGGAGCGATTGGTATGGATAATACTTCCACGCGAAAAATACAGCAATAGTTAGATCAGGCGGCAAGCGTCAGACACGCGAACCTTTTTCCTAACTAGGGCGAGATGTCCCCGCAAGGTTTCGTGGAGATTTGGACCCTTCCGGGTATCATGAGGGAAATCCAGACCGCTGCCCGGTGATCAACAAACTAGCAAGTTTATATTATGTGCTGGCTATCAGTCCTTCCGCCGTACGGTGCCTCAATATACGCCCTTACGGAGTGCATGAGTTTAGGTGCCGGCCTGAGCAGTTGAACAACGTCGTTTATTCGTACTAATTATAAAAGTGATCCATTGGGGCGATAAAAGTAAGTCACTATATGCTGTTAGTTCAGCGCTCATATTAGCGAGACTGGTGCGGTTAATAAGAGGAGTCGAGCTCTACCTTTAGGCGGCTGGGTACCGCCCCTTCAATTCAAAACTCCAGCCCGGCGCGGAAACATGCTATCCACTATGCTTGGTGACAAAGATGCTGGAGGTTGTAGCCGCAGCCCCTCTCAGTGCCTAGGGGTGGACGCCACATACCCCAAGGTCGGGATTCGGCTGCCATCTCTGTTCACACTGCATCCACAGCTGAGAAAGCTCCACATGGGCCCTCTTTGAGATAGTACTAGGACGTGTTCGGGAGCGTGTTATCCATCTCTGATGCAACTTTTATTCTGTACTGGAGAACCTCGTTATTACTGGCTCTTAGGAGCGAGTAGCCTATGGAATGTGTAAGATAGGTACCCGTTAGGCATATGCGGGGCGACACTTAA,1077,50.51,Escherichia coli
SEQ_724830,CGCTCGTGAGATCGTATTCGTTAGGTTCTGGTTCCCCCGGGCACAATAACAAATTCGTGGAAGGCGGGAGCAACCTTGTGCAATATAGGCACGCACCGCCGTTACTTCGATGTCTTAACACGACACGACAGAATTTTCACCCCTTAGAACCGTCAGGAGCATCAAAACCTGCTTAGCCATTTAAGTCGTAACGACCGACCAAGAGGCATACTGCGCACACGAGGACTGGCCGCTTGATCCCTAGGTGAATCCGGAGACCAAAAAATCCAGAGGAGCTGCATCAGGATCGTCGGAGCCATGGCCACACACACGGATGGCGACCTTATTTGTCACAAAGCCCCTCATTGAATGTGCTTCCTTTTTTCTCTGCTAAAACCCTTAATCTGTTGACGCCGGAGGTTTCGCTTAAAAATCGGTACTCGGCAATAGGTACTTCAATGAGGGAATGGAAACCTCCAAGCCGGACCCTCGGTCAGACAGTGGATTTGTGAGTGAGCTCGCCGACTTGTGACAGCTGCGATGTGTGGCAAAGGGATACGTGTCGGCTCCCGAGTTCGCCGTAGTCCGGACGAGTGGCTCCTGCGACGGCTCTACTACACCGAGCCGCCCTTAAGCATTCACTTATATGTCATTGACGCGAAAGGCGAGGTTGAGAGGTAAATCTAACTCCGTCACCAGCATGCTGAGTGTAGATTCTCGTGCCTAGACGAACCACTCTTTAGATGGCGCATATGGCAGATTACTATTATGCGTTCTAATCGTCCTACTTCACCCCGGCGCCTAGTTATGTGTCCATGCGCACTATAGACTAGTCCTGGCTCGAACTCGCTGCTCCGAACGTGCGAGGTTGGAGCTTGCGGGGGTGATGAAACTCCATGATGATGCAAGAGAACTTCCACCAACGCTAGCACGAAAGTGCTGAGTGAACCGCCCAGTGAAGTCGATTCCAAAAGAACTAACAGAAAGTAATTGTAGCCTAAACCATGGCAAATGCTTAAGAAACGATGGAGGCGTCCGCGATGAGAATTTCAGGTTGGTCTCTCTTTGACGACTTCGCAGCCAGCCCAGCAGGCCGAATTCTGTTAAGGCGTACATATCCAGGTCGTGCGGCAGGAGATCTAATTAAATGCCGGGGTCTTTTCAAGAGGGCCACTTATACCCAAATCTAGTCGAGCGATAGCACTCACCGCGGCAGTGTGGTGCAAATCAGCAGGCCTGGCCGAGGAACCGTCTTATTGCCCCTTCCCAGATATTTGTGGCGATCCTAGGGGCGTCAGTAAAGGACGACTGATCAAGTCATCTACTGATGGTCACCCAGCTACGGAGTTTGCTGGTAGCTCTTGCGGACTAGCGTTTCGGAAAGGCCCGCTGTCAGCCATCGGGTTTAACATGCTCGTGTTCAACACCGCGCATCGCCACGTGTCAGTGCTGTTGCCTATCATCAAAGGAGGTAAAAGTCGCCGGTGAGCTAACGCGTAGGTCTTGCTACCATACACGCGCCAATCTGGGGGATTTTCTGCTGGGGGAGCACATTGTGAACAGCGATATGGTATGTAGTCACTCGGTGCCTATCATTGCTATAATATTCTCCACCCGGTGTAATCGTCCTGCAAGAGTGTCGGGAGTGCTATAGACAACGGAGCCCTCCACCTGAAGGGGCTCGTGTGGACCGGTCCGAGAGCAAGCTGACACCTAGTCGAGTACCATCCCACAACCCGTAAGACGATCGCCAACGTGGCGCGCGAACCCCTCCAATTAAGTCAGAGGAACACGTGGTCGCTTAGGATTATATAGTTGTCTTAATCGCGTCAGCGAGTTCATCTATCCACACCCACTCTCTATCTCAAACACGAGTTGACCGTAACGTGATTTTATGGCCCCTTGGATTATTACCATAATACCCTTAGCTTCTCTGGGTCAAATTTGACGACGGTAACAAATATAC,1945,51.62,Escherichia coli
SEQ_831125,GATCCATATGAGGTAGGCACCATGCAACGAAGACGCCAACGCGTAAACATATCGACGTGGTCACAACCCCGGCAGGAGGGTCCCCGAAGCTTAAAACAGTTGCACTTCTTTTTGCGCCACACATATGACGCAGTCCAAAAGGGGCCCTCGCTGTCGAAGTTCCTGACTACAGACAGAAGTAAGTAACATTATTGGTTCGTGTAATCGGTAGGTTAGTAGGCCGGTCAACGTACATTTGTTGCGTAAGGGCCATTACGCGGACTCTACCCTTAGAACCAAAAGGGTAACGTGATAAAGACAGTTTTGCCTCATCTTAAGGGCAAGTAGCGCTCTAGATTATAGATGACCTTTTCCGACCTTCATCAGAACAAATCGCAACACGTTCCGTGGAATTCTCCCGCTCCAGAGCACGCTTCGTCGCAAGGGACTGGGAGATTCGCTAAGGGTTCCAAACCAACAAACAAATTCGTCCATCATATAGGAGAGTCTTCAATAACTCACGGTTATGTGGCGCCAGCATTCATCCTGCCCATCAAGCCGCTTGATTCCTTTAATGGGCTCAAGTCAATGATCAGCAAGCAAGAAGAAAAGTCGGCTGGTTGATCACAAGTGGCCACGAAAATTTTAAAGGTGAAGTGGATGAAGAATGTATAAACCAACCGGTGGCAGTTCGAGCCGGTCCGTCCCGAGGGACAGTTTGGGTTGCTTCTACGGCCAATCTCGGGTTCCTAGACCAGGGCCATAGGAGCAGGGCAGCCCTTCGAGGTAAATAGAGTCCGTCCCTATACAGCATAGGCCGCGCTCGATAAGTGATTGCCGGTTCTAACGGCGCTCAACCACCACCCTTGCCGCGAACACCTGCCATAGGAATGCTCACGTTCGGGGTGGGTTAAGCTCGGGTGCCGGAATGGATGTTTTTACACTGCTAGTTTCAGACCACGGTTCTCGCTCTCTGATTTCCTCGGCAGCCGATTCGCGATTGGAACATCTCAATAGTGCAGATCGGTGCAGTAATTGCAGTTAGAAGTGACTCGGGTTAGACGTTGGAAACTGTCGCGCAGGTCGAAGTTGCGAATTTTATTGGGGGTGGGAATGGCCGAGCATGTTGTGCAGTACTCACACCAGATAAGCGGTTTCTTGGGTGAGTATATTACCAGGCGCGTTGGGTGCAAGTAATTAAAATTTGACATTGGGGGAACCCAATCAAAAATTTGTCATGTGCCCTCAGTGGACGTCGACGTCCCAGTACAGGTTGTGCGAAAGCCCAGTGTTAGCTAATGAATCTTTACAAATTGATGACACATAGAACGCGGGGACCGTCCGCAGGCAACCAACGACGGACACTACGATCGCGGGGCTGCAAGCGGCTTCACTGGCCGAGAAGTCGCATCGGGTGCTAACATTCATCACGGTTTATTATATTCC,1425,50.39,Mus musculus
SEQ_534369,AGTCACAATGGCGTCTCTCTAGACTACTCCGAAATAGTCAGCTCTAAGGTAGCGGTGCTTCTGATCCATAACCCCGCAATGGTCGGAGCGAAACTGATATGTTGCTGCTAGGAAGAATCGACATGTGAGTACGGACGAGGCTTCAGACTAGCGGCTGCCGGCTTATCGCCGCGCTCTATCGGATCTAGCACATTAGTTGCTGGTAGACGATCATCGTGGTCCCGTTCCAAACACTCCCCTTCCCCGTGAAGCATTGCCGCTTACGCGATTCCGGGGCAAATCACGGAGCATTGGTGTGACGAAGTGTTATGAGTAGGGCCGGACGGGGATAAGTGCAGGCACACTCCTACATACTAAGACAAATAGGACCTCGTTTGAGTAGTATGCTTAACCGAACAGGGTAAAAGCGCACGCCTCAGCACTGTACCTCTCATTTAGGTAGCGGGTTAGTAAATCCAGTGAATTCTATTATTTGTACCCAGACGTCATATCGGGATGCATCTTCACTTAAAGTGCTTTCTAGAGCTAACCAGGATTCGCGCCGATCGTTAGTCTAGTGTATCATCCTATAGAGTCCGGTCTCCGACACTACGGGGGTACTTCGAAGTTCGACGTAGTATGGGTTCACAAAGGGGTCCATGTCTCGTTATGCTTTTCTGACTAGCTATTTTAAAGTCCAGATATTATAGGTGAGGACCCTAGGCAGGCGAGCCTTCCATCGATCCTAAAGAACGTTCTAAACTTTGGTTATTATATCACCCCTTGTAGGAGGTCAAGCTGGTGTAGGCCAGTACAAATGATGCAAGCGGTGGGTGCTACCAATCGAATACGTACTGCACGTACATGCAGAGGCAGGTGAGTCTGGAGACCAGTATGGTGCGTATCCCTGTATCCGACCTCGGACCGGCTCGTTTGAACTACATCCCCATGGCTCTTGGCGGAGATTGATCCCGAAGTCACTCCAACCTATAAACGCGCACATAAGCGACCTAGCCGTCATAGTTGCTGTAATCACGTGGTACCCGCTCCCGTTTGCATGCTGTCAGCGTTGCCGCCGTACGTTCATCGCCCGAGATATAGTACGAGGCTGAGGCTGTGGAGCTCAACTACTAAGAACCAAGAGAGCGGTTAGCCTTGAACACGACGGGGTTGGGAGTTGCACTCAAGCCTTAAGTCCTTATTCGGCGTGCTAGGCTAGATAATACGCTATGATAAAGTTAGCGCACACTACACGGTTCTGGTTCCGGCGGTCGATTCGCAGCCAACTCGTACTCAACGCTTCTCACTTAGATTTTTTGTGCAATACTGTCGTCGAGGACAAACTGAAATAGAACCGCTTGTAAGGTGTATATCGTCGAGTAGCTGGAAAGAGACCGGAACACTACCAACTGCCGTACCTAGGACGATACCCTCCGGCTCTGATGTCAACCCGAGGGGGGACCCCACGCATTCTAACCGGCTGTTGCTTACTAGCCAAAGTCCTCGCAAATAATTGGTTGCTTTAGCCTGTAATGTGGAGTTTCTCACCATGTTCGTTTGGGGTCACATTCCCGGTCACTCGATATGTAACATCTGCTTACCCTTAGTTGCCCGAATGCGCGCGTTCAAAATATGTTTTTTGGATCGGGGCTTTCG,1635,50.21,Mus musculus
SEQ_574035,TGGGGCATCCACTCACCTGGTAGAATTTATGAGCCTACAGAGGAAATCACGTCAATTATGACAACCTGGAAATGGACGCTATTATTATGGATACCCTGCGGTTGGGGGTTACCCCGGTAGGGGAGATCAACGCTCCCCTTAATTTGAAGGAATTAAGGCACGAACGGGTATATAAAACTGTTGATCAATCCGCATCAAATGGCGTGATCAGAGTTATCAGAAGGAGCGATACAGTAGAAGGCACAAGAAGTTAGCCAAAGATCCTCTGACTAATAGTGTCCTTGAACTGCTTAGTGCCGTGTGGGAGTCACTGCGCGATTACCCGCAAAACGGGTCCTGACCCTGGGATGTTGCTAGTAGGACCAATAGCCCACCCCCGTGCACTCGGGGCTACATCTCTATGCCTGCAGCCTAAATTCTGTGATTATCATTATCGACCTGGCATCTATGGGGATTAAATGTCTGTTCTGTAGCGCAAA,479,48.02,Drosophila melanogaster
SEQ_776655,TGTGTCACTACCTTCTAAATCCAAGCGCGTAACGGCGCACGTGCTAGTTAGGAGATACATGGGACGGCTCCTGATAAGCACCATGACAAACTTGTCAGCTTGTTGCACTCGAATGGACTTTAGAAAAAGATGACAGCTTCAAACACTGATAGAGTTTACGCCTCCATAATCGAATGCACCAGAAATCCCCGAGGGAGAGATCGGTGTCTTCTCCGCTTAGCCACCCCGGTCTATGTCAAGACTCTAACTACCCTACCTGCAGCATCTGCACGGGGGGCCAACTTACGGGTAACCGTGAACACTGACAGAATGCCCGACGGTTCCCGGGTTTACCCGACTCCGTAAGCATATTTCCAACCATCAAAGCCAATCAACGACGCCACTAGCTGTATCAAATTCGGATTCATCCTACTCTGTCACGCCACTTCGGCGCATCTCACGGGCAGTCACTTAAGTTTTCCCCTCGCTTGGTCTGATCGCATACGG,486,51.03,Caenorhabditis elegans
SEQ_195390,TAGCATCTCGAATCCGAGCGACCTCTGTCTTGGAGACCCGCCGGTCATCCTACCAACCGAGCTATTCATTTTGATTATCTCTCCAGTCGCAATTTCGCAGCGATGCCGTTAAGCGGCGAAAACCAACAAGTAGCAAGGCCACATACAAAATGGCCCCGAACTGCGAATCCCAATTTATGAACCATCCTGCCCTTCCCCATTCAAAGAAGTATTAGGGCTAGCTACGTTAAAA,232,48.71,Saccharomyces cerevisiae
SEQ_387606,CTGATTAATTAGCGGCTGCGTCCCCTGGTCCTGTTGACGGTACCATGCCACGTAACGTTTAGACAGGGAAAAGCCCACACCAGTAGGTTAAGATATATGGTGCTTCTTCAAATGGATTTTCGAACCTCAGTATACTACTAAGACTGAACAGTTCTTCTGGGCGGATCACTATGGGCTCTTGGGTGGTGTGCCACGTCGTATGGGTCATTTTAACGTGGCTAGATACAGTTCGGGTTTTTCACTACCGTAGAGATAGTAACGGCAAACTCGGCGTACAAATTTTTCATACACCCCCGAAATCGAGACGCCCAAGGGGGGCATACAATGGACAGGCGTGAGAACTTCCGCTATGGTGTGTTAGCTGGTGGCATCGTCCTCGCCTATCTGTCAGAATATCAGATCACGCACGCCGCTGACTGAGATTAGAAGGACCCTAGACACAAGGGCGCCATACTAACTACTAGTATCACGCAACCCGCTGCACAGTGCCCCGCGTTTTTGGGCTAACCGTTTGCGTCTAGCCTCGTGCCGCTTCACGAACATGGGGGGGAGACTAGCGTCGGTGACGTGTGGTCGACTCCTCTTGAATAAACGGAGAACCCAATCGTCCTTACCCTTAGTAGTA,625,51.04,Homo sapiens
SEQ_378743,CGTAGCACATCCGGTGCCCTCAGCGACGTGAATTCAACATGGGGCTACGTCGTTGCGGAATGGCCATCTGCCTAGCAGCCCCTTGTCGATCGATTGCCGCTGTTTCCTGGAAATCTCGTATGAAATGTTTAAACCGGCGTATACTCACCCATTCTATCATCCAGCGGTAAACTACCATGGTGGGACCCGTCGCTTCAACGACATGTCGGGTAAGAGCTTGGGCCATTCTAATTAGAGGAGTGAGAAGGGTAAAAGTCGTGTGGTAAGCCGAGGTTATATGGAGACCAATACGACGACACAGATTGAATTATTGAATCGTTACATACGTCGATAGACAAGTCAAGAAAAAGACACAAGATCGGCGTGAACTAGCACCATTTGTTTGCCGTTCAGTTGAATAGCACGTAAAGGACACTGCCGCGCTTGACATAAACACAGTAATGTCGTCATAGGCAGCTTAGGTCGCGCCATTAGTCAACGCGCCGCATTTCTTGTCCGGGCGACGTCTTAGAGTTCCTTTATTGCTAGTTCAAGTTTGTCATGCGCATTACCGCTCTTTTCCACCTCTTTCAGGTGGGCATTAACGCACGGCACATTAGAAGTTACAGCACGTGGGGGGGCGCGCGCCCTGATTTGCTCTCTCCCCATAGAGGAACGGTGCCTAAGACGGTGGGATGGCTACAAACTCGTGGTTGGTAACTATGTATGAAGTTGCCGGGACGAACTTTCCAACTTCTGCCGCTCAGAACCCGCTAATCAACATAGAATTCGCTGACGGACCTCAAATTGAATCGCACAGCGCAGGTCAAATCCTCCAGCTAGTAGGCGTGCATCGAGTATGGTACACTCATCCTTCCAATGGTTTTCAAAGCTCCCGAGGGGATCATTAACGAATGGGAAGGTGCAGCGCGTCCCGTGCTAACACTTGTTGGGATCCGACTCCGAGCCACTCGAACGCAAGCCAATTGCACGCCCTTCCATACCGTCGCCCACGAAATAGTTTCTTTTTGCCTGGAACGATCT,1023,50.54,Drosophila melanogaster
SEQ_450259,AAGCTGGTACGCGGTACGTTCAGGGGTTTTTACCCTGCTGGAGGGTTTGGACATTCTTAGCAACCAGCCAGACTCCCCCGCGATAAACCCGTGCAGAGTAGAAGACGTGCGAACACAGTACGTCAAGTGTCTGACAGGGGTTGAGTCAAACACAGTCATAATTCTTTCTACCAAGCTAGTCTTTATATGTTTGTATATTAGTTGTAAGCAGACGTGTTGAGAGTGTCCCGTGAGAAGGAGACAGCGTTATGGCGGGCGGTTTACATGGTGTAACAGTGACATATGCTACCTATCGTAGCTGCGGACCCTTGCATTTGTATAATCAGCCCACAGCACAATTATTGTTCAGTACCCCTTGCAGAAATTGAAGGGCTTGAAACGCTGTAGCAGAGTTGGCACATAAGTGGCGGATTAATACTTGATGAAGATTGCTGGGTTGAGCGGAACGCTCCACGTGAGGCAACAAAACTGCCTCTGATCTTTGCCATGCCGCCGTCTCGGTGAATTCCCAGGTGTCTTGTTCGCAATCTGGCTGCGGCCGCAACTTGCTTACATCGGAATTCGTAGTGATTCCCCCTCATTTGATGTCATACTCCGAACTCGCGGGATCATTCCCCCATCCAGACACGAGCCAGTGCAGCCTTATCCATGGGACCCTCTTGCTAGACAGAACAATCTATGGGGGTATGTGCTGCGTGTAGAAATAGGACCAGCGACACTGGGATGTATTTCGTCTAAGCTTGATGTAGCACTAGAATTTAGTTCGATGCAATATGAATCCACCCGAAGCTCAGGATCCTCCATCTTTGTAATTCAGTACAATATAGGGCACTTAACCAGGCCATTACCTCCTGGAAAGGAGGTTGCGTAGCAGTCCTGCGTGTTACAAATCCAAAAGAGTCTAGCGTTGAAGCAGTTGTCGACCTGTGGGCAGTTGCTGTCTTTAAAATGCATTACTTGACCATCTTTACTAGGGGCCTTCAATACACTCTACCCCACAGATTATTTTCCGCCTGGGGGGAGTACCTCCCGACAGAATAGAGGGCCGAACAGTTTGTGTTGTTTTACTTTCAAAAACGACTCTAGGCAGTTGAGGATTTAATAGAAAAATATGCGCGCATCAAGCGGCTCTACGGGCTTAGTGTGACACTCCATCTCCCCTTTGAATGGGACATCATGCCTTCAGGAGGTCGAGTTACCCCTAGGGGCTCATGGCGATTGGTAAAACTTCTGGTGATGGTGCAAGGTGAGGAGCTACCCCTGTACTAGAATGAGACTCGGGATAACTGGCAGCTGAGCAACCGATAAATCCTGTCCTAGCTCATATCATGACCTTCGAACGGAAATCTCGCTTCTATATCATCGACTTGGCGTCACTTTATCCCCACGAGGCCCGGCCTATCATCGGCACAGAGACGATACTAAGACACTTCCCAGATCTAGGCAATATATGGCGATCGTTTCTGTACGCGGAATAGGATTAGAAATGTAACGACGACCTCGCCTATACAGTCCCTCAACACTAGCACCCTAAATAAGGGTCAGCTCGATGAGCTTTAGTATTATCTTGACTTGACACGTTCTGAAGGCGAGAGATGCATAGCTGCAGGTGCACGGACACGTCCCGCCAAGCATGACGGGTTGTCCACGCCGTGAGTGTGCGGCGCACTTGGGTCT,1677,49.08,Homo sapiens
SEQ_879250,GAGTTACAGTAGATTTCATATCCATAGATGACAGGCGAAGAGGACGGGAAAGGGCAAATGACCGTAAATCGGATTTCCAGAAAGCTGCAGCTGAGCGAGCAGGAACGCTGGGGTACACGATCGGTATCTGTACTTAAATTAATTTTCCAGATATCGATAACTCTACGTCGAACCTCCCGCCGTCTGACGCGTAACTGATCTTTTGTTCATGTCCCGCGCTATCTAGCGCCAGAAACATTACACCGGAGTCTCCATCGTCTGTACGACGATTCATTCTTGAGAGCTCCAGAGATATCTCGACCTGGGCTTCAGGACAAGTGGCTTGATGGACGATCACAACTCTCTGCGCGGGTACAAGTTACAGCACCATTGAATGTTCCCGCGTCATATAGCAAGAACAACCAGCCAAGTCCTAACGTGAATAAGGCGCCCGTCTTAGCGTGATGTGAGCCAGTAATTGAGCGTGAACTCTTTCAAGACTCCACTGGCAAGTTTTCCTGCTACAGACCGCTATGGACGTTGACACTACGAGCTGGACTGCTAGGCCTTTACATCCTCCAGAATTCAAGACCCGGGGCAGCGATTATCTCCTGAATACCAACGATAGTAATCAGTTGACTACGCTAACTACCTAGTATCCGTTTCCCGGGACCTGCGTCGGTGGTCAAGAACTTTACTCGCCCGGGATTACGCTATTGCCTGCTTTGAGTAGCATCGATTAGGCTTGCAATCCCGGGGCGGCGGATGCGCCCATCCCCTCCGAAATTAAATTTGACTATGACCTCTGAAGAATTTGAGTACAGATGTCACTATGATTCCAGTGTCTACCGTTCTCTGGACGCTACACCAAATTGGACCCGGTCACGTGAAGAAAGCGTCGAATCAGGCTCCCAAGGAACGAATTATGCGGTCAAAGTTCGTGTTATGCTAAATATCGACTCTCCTTTAGTGCTGCCTCAGGTATCCTTATCCAGTAGAACAGTGATCGTTGGGTTCTAAGAACCAAGTATGAGCTTTCCTGTTCACATGCACTGGTTGGCAAGGCTAGACCGGATGACGACCCGTCCGAAGGCGCGCCTATTTGGGTCACCCCCTACAAAGTACCCACGCGCAGATGCACCCAACCGTCTGTAGTGAATTTGATTCCTAGAGTGTCCGTGGCACTAGTGTGTCAGTCAATGCCGTTCCGGCACCAGCCTTTTCCTGCATCTTTCGCTTTAAGTGCTGGTTACGGGTTAATATGCTGCGTGCTTGTATAACTCGCCTTTACGTTAGGGAACGTGATTTTGATAGACCGCACGTAAAGACGATTACTTCTGGGTCAAGCTGACAACCTGCCTTAGAGTGTACCGTGCTCAGCTTACGTGTCCCCGCATAGGGTAGGTCAGGCTTTAAGGTTAGTCAAGACCTGTAATCGACGCAAGTTATGAGAACCCTTCGCCGATTCCTTGGGCCTGATTGGCTCTTTCGAACACAGGCTATCAAGTAGCCTGCCACTTATCTACGCCCCAAAATAGTTTCGTTCTGTGCTTGCTATGGAGATTGGAGTTCGCGAACCGTGCTTTTTGCGACGACGGCCCCGAGCTTCCTTGGGGTCCCGGCTCACAGCTTAATGGGCCGTCCAACTATACCGTAGTCGGAGAGCGTCGGGAGGGTACAGCACTATGCGGGAAGATGACAGGTAGATCGGGTGGTATAAGGATCCACCGATCAGCCCCCACACTCGAGCAAGGCGAATTCCTGACCCGCCAGCTTGGATAGCCCGCCTATCGTGATCTAGCCGTAGCCGTTAGAGGATTTAATCCGTAGCTTTGAAATGACAGCTCCGATGCTCCAGATGGATATCATAGTTACGATAGGACCACGCTCGACCAGACGTTGGATGGACCCTGACGGTACTATGTGAGCTACTATTCGATAAGTTATATATTCAAG,1935,50.34,Caenorhabditis elegans
SEQ_761471,GTGTCCTTGGCCGTGGCATATGTTATCACGGGCCAACAGCAGGAGGACGGCAGTACGTGCGGACCTAGTATCCCTTCAGGCAGCGTTCGTTCGAACCGGGCCTCAGAGGCATAAAATTTGAGTAGCCTCATACCAAGCTGCTTAACCCATTCGGTTTCTAGTCCACACTATCGTACCATTTAGAGGTCTGTAGCAGGGGGAGCGCGGCGTCGGAAGGACTTAGATAAAGCCTCTCGCAAGAAAGAGAAATTTGAGTTTCTCTTTGTGGTAGCCTAGTATAAGGTCCCTTGACCTGGACCTATTGTTCTACAGGTTTGGTAGTTGCGTCTCGCCTTACCTTCCCAACTTTTAGTATTATTTAATACTATGTAGCTATCAACTACAGTTATCAGAGTTGGGGGCTAGACGTGGGCGAGAACCGCTAATTCACAAAGTTCCCCTTTATTCTATTAAATAACTGGTTTTATAGAGATCTTGACTACCAGAGGGGTAAATAAAAGCTGAAGCGGCTACATAAGGTACGCTTTACGTATATCACACATTATTATCGGACGCTGGATTTCCACAAGGTTTTCTAACACTCATTACTGCCCACCACGGCCGGGGTCATACCAACGGCAGGGGCAAATGGGTTTAATAGCCCCAGCTTTTTGGGTCGGATATTCAGGAATTGACACTGGATCTGACGCGGGCTACGGAGACAGGCTAAGAATGTTTTAAAGGTTATACACGAAGCGCGACCGAGAGTCCACATTCCTTTCGACGCTCTCTGTTCGTCGGGAATAATGACCCGGCTCCGATGAACTATGAACACGTATGGATAGGCTCCCCACCTACAGTTTATGGACACTGAGGATGCCAGTGGGATCAGGGATTATTCTCCGGGTGGGCAATAGCTCCTCGAAAACCCAAAAGCTAGTGAGACCAGATTTTTGTGAAATTCGGCCAGAAACAGGGCAGACGTCCCGCAAACTGTTATTACTCCCTCAGGCGAGCCATTGTCCTCTGCACAGATAAATGTGAGTATCTAACTATGGGAAAAGTTTAACTTGCGACTCGAACCGATTAACACAGTTTCACGGCACGGAATTTTAGTATGCACCTTCCATCTTTCACACCGCTGCTCGGTATCTCTCTCAGTGGTGGGGTCGCAGTGTCGCGCGAGTCACCAGCTCTATACCCAGGGAGGTGCCTGGGAGACGAGAATCCTAGACATAGATTTACTGAACTAGGGACTGGCGATTAGATGAGCAATGGCTATAAGCGGACGGACTATACCTAACGTCCTTCATAGCTGCGTGTATTTCACAGGATTAAGTGCCTACCGGCGTGGGGACTCTCTCAAGGGAAATACAACCATCTTATTTAGGTCGAGTACCCATTATGACGGGAAGACAATTCTACGAGTACTCGAATACC,1419,48.06,Homo sapiens
SEQ_707688,GAGTGTATTGGTTATCGTTGCTTTAACGTCCTTGAGTTCCCCTAACAGCCCACCTTACTGTGTTTCTGTCCCTCATTGCAATTAGGCGGGTGGAGTTGAGCTGAAGACGTGGGATCCCACGCCGGCCTATAGTGAAGCACGACCACAGGGTGAGTAATCTGTAAGTCTGATATTACACATAATTATGTTTGCGACACGTCAAGGGCTTCGCACTGATATTAAGCGAATAGGCAGAGCCTAGGCTTTTGATCCTTAGGGGTTCATGTGCTACCGGAATGGCTGGCTCGACCTAAGTGG,297,49.16,Arabidopsis thaliana
SEQ_951952,TATCCGCTGCTCCGGGGACCCCCCATCAGACAATCAGCGATGACCGAATACTCCCTTGTCGTCCCACGTCTCGACGAGGCGTGGACCATGTCGCTAATTGTCTTCTGTTCAATTCAACCCAATTCAGGTTTAGCCGATGATCGTAATTTGCTACTCAAACGGCGTGCAGGGAATATCACCAACCGACGCTGACTTAGTAAGATGATCTACAACCGATAATCTAATAATGTCCGGGCCCAGATAATCCCTA,250,49.6,Drosophila melanogaster
SEQ_795225,GTTTGCACAGCCACTCTTTCGAATGAAGCGAAGTCGAATTCGTGTGCGCTTATTATATATGGGATAGAGTAGGCAGAGCGGCGGCAGTTGGATGCGGGCGGAGGAAAACGCGCAACTGGTGAAGAACTGACTTGAACCGACGAAGTACTACGTCAAAACATCGGTAAGACTGTCGCATTTGGAAGGGTTTCAGCCAGGGTGGTGTGGAAAAGTTGTATCGATGCGCCGTGGGTTGCTCTCAAATGCAGTCGCGACAATCTGGACATCCGCAATGTGCTGATCCGTTTCGAAACCTGAGCAATGAATTATGTTGTTCCGTTTGACTAAAGAACTGCTTTTTACGATGACCCTCGTACTCACATAGTGAGCGCCTCTCTCAGGCCAATTATTTACCGCAATTATTAGTCACATGACACATCATTATCCAAAATCCCAGTATGGGCAAACAGATTCTCTCGCCAGGCAGTCTAGTACGAGCCTGAAAAGATTACATGGGCTGACGGAGAAAAGTGTTTCTTTCTCAGGGGCTGGAGTATGTGATTTATACGATCCAGAGTGAATTTTAAGCACGAAGGGTTCGTCGAAACACAGTGGGCCTGTTTAAAATTCGCCGGGCATGGACCACCTCATCCCTTATGCCCGGTATCAAATCACCTCTTAGTTTGGCGACGGTAGGGAGTAAGTCATCGAACATAA,696,47.41,Drosophila melanogaster
SEQ_382347,TTGTCGGACGTACTGCAATTTCCAGTACAAAGTCGTTATGCAGAGCTCGCAAACAAGGTGCGCCACTTTCTTCCCACTACGTAGCAGTCACGAAAGCTTGTCCACTTACGGGGGACCGCAAGGATCGTATCCCGTGTTCCGCCCGTGAGGAAATTCTTGCAGAAGCCCAGCCGGTCTTATCACTGGGTCAATGTGCGCGGTGAGATAGGACAAGATCCGGAACCGATAGCCAGCCTTCCTTTGGTACCCTATAGCTAGACTGCTGTTACTATTATTCTGGAGGTGGCGTGAAGTAGAACTATGTCACGTGTAAACTAAGTAACGGGCAACGTTTCTACATCGCTTAAACGTTCATCCTCTTGCTCGACCTAGCATAATGCCATACACGAGCATGGCTCGTTTATGAACAGCGGATTGCTGCGGACAGACCTGCATATGGTTCGACGATCCTCAGATGTTCTCAGAGTTGCCAGTTAAGGTTTAGGATTGGGTATCAACAAGATGGTGATCACTAGAAGTAAGTAAGCTTGTTCGCGTAGCGCCGCAGCGATTGAACGCTTATCCTGGAAGGGTTGGGGGATTTGCTTCGGGGATGTGAAAAGCACTCTTACACCGCGACGGGAAGGAGATGGTTTCAGGTTACACTTGGCACGCATCTAGTCGGTCTGGAGAGATCCACAAAAAAAAGCATCGAAACCGCCCGTACCGAAAGCCCCGAGCTGAAGTTTCTTACGTCCCGATGATCTGTTTATATACTTCTCAGGCGTGCGTGCAGCCTTGATGGGTGCGCAGGATCATACTGTAAGACGACTCCACGCGACGTCACCGCTTTGAGAACGTCAAAGAGACCGGGCAAAACAGTTGCTCCCGCGCGAGGTAAGGGTGAAGATTTAGTCCGTCAGATATAATCCGATAAGTTAACAGCCGAGTCGAGTCATGCAGAATCCCCTTAGTTGGACGCGATAAGATGGCAACAGCCGACTGCAGTCGGCTCAAACCGTCATTTCCCAAACCGGCCGTGTCGATTGCCGTCTAATAATCGGATAGGCTAATACTCCGTTCATTCGGCCACAGGCCTGTTCGATCCGGATTAGCCGATCCCAATGATTGAGTCGCACCGACGTAAACGTGCCAACTATCCTGTAGTTCGAATTCTAAGGCCATGTTATGGCGAGTCGAACAA,1183,50.55,Caenorhabditis elegans
SEQ_579189,AAGGACATTGGTTGGTCGAAAATATTTCAATGTGCCCCTGGTCCAGTATCATCAAATCGTGAAGAGAGCGATGGTTGCCGGTGCATCTGGCACAAGAATACCCACTCAGTGGTCACTTCCCTATAACACAAATGATCGTC,140,46.43,Arabidopsis thaliana
SEQ_531164,GTGTTTAAACCGGAACACGTCTCTATCCTGTCATAGAATTTGGTCCGGCTTATCGGGGCATGGGGGACGGTTTACACCTGGGTCTAACCGAATAGCCTAACACGTCTGCCTGATGTGGGAGAAAGTCACTACGAACCAGACGGGACCGAGTCCATACGATACCACGA,167,52.1,Arabidopsis thaliana
SEQ_811588,ACTGCGGACGATGGACACTTACGAGTCTGTCGTTCCTGCGATCGAGCGTTAAATTCGCGAAGGAACGCGTACACTGATCGGGGGGGTTCGTGTTTTACACGTTGTTAATATGCTAGACTGCCTGTAGCCAGACCCGGCCGTGCGGTATGGAAACTGGCAATGTCGTTCACGGTGGAGAGCTTTCGCCAGGACTTGAGAGGCGGAAGCATTAAGATCTGGGGCCGACGACTACCCAATGGCTTCTTGACTAGACCGAAGACCATTTACCAAGGCCATAAGGTCCGTCGGCGAATGCCCGTGCACTCTCGTTGACAGGTGTTAAAAGTAACGACGCGTCGATGTAAGCAAGATGCACGCTCTAACCCGCCGTATTTTGCGCACAACTTATCTAAAGGGCTCTCAGCCGGTCGCACGTATATAAGTACGTACTGTCTATTGTTTTTCACCAAGACTGCGACTGCCCGTTAAAAGGGGTAATACTGTAATAGCTCTAGAGCACGCAGATAACTGAGCTCGAGGTACGTCGTTGGTGTTAAATCCCCAGTGTTCCAAACCATTTTTCAGGAAAGTTTCGTTGCCTCGTCGGGCTTTAGCCGACGGATGCGTTGTGTAGACCGACACAGTGTATGGATGCGGCCGTGATTCCGGGAGTCTAGTGTAAGTAAATTACGCGGATGATCTCCTAGCGAGTTGTAACTACTCGTCCAGCCCCTTTATCTCCGCTCTGGTCGCGTCAGATCCATTTTTACGGTCAACTCATTAGTGAACGCCATCTGGTAAATAAATACAACGATCCCATAGTAATACTTCGTCTGGCCTCCGTAGGAACCACCGTGTCGACCCGTATTCTCCTTTTGATATGCAGGAGACGACTGGATCTAGTTCAAGACGCTAAAGCCAGCATGGTCTATGGATCAAGATGTGGACTTATTCCATGATCACCCGTTCTGGCTCTGGTTTTGAGAGGCTCCGAGCATTGGTTCGCTTGTCCGTCATGCATCGGGGCCACACTAGAACAGGTACTCGTGTCACTCATTCAATGAGCCACCAGATCAACGCGTATTGTGATGGGACGGTGAAGAGAGCGGCGCACCCTTTACTCTTACACGGTGCCACACCGGGCAGCTAATGCGCAATAGAGCCTGCGCCAAAGGCTAGGGCCTAGAGCTGGTTACATTGTGAACGCGGGGTGTCTTCTTACTATTATGCGCACTCTGGCTCGCGCACTCGCGCATGTTCCCAAATGACCGATATCTCCTGCAGCCTTAACGATGAATGCTCAAACGGTCCGTGACATGGTCGCATCAGTAATCTAGTAACGGGTTTTATTTAGATCGAGCGTCGGTCGTTGCCTTCCTCCACTCCGCTGCCTAACTTCAACGACCTGGTGCGGTATCCGACTGCACCCGACCGGTTGATAAACGAGACTTCGCCTACCTCATGGAAGAGCCCGGACCCTGGTAGATTCAATCCAATTTTCCCAGCCAATGGCGTCCTAGACCTTCCCACCCCCAAAATACTTGACACAACCATGGAGTCCGCCCAGCATATTAAGTCCCGTATAAATGCAAGATGAACCGTGAGGAGCAATTTATGCTGCCCGGAGTGAGGTATCGCTAGTCAAATTATGTCCCGCTGTCTTAACTGCAGTATCTCGCGCCCTGCCTCAGGCATCTGGATTGTAACTAGCGTTTCCAGGCGGGTCCAGTTGCCAGAAGCCTTGTCCAAACTTTCGGCTATACAGGTGGTCTGGTCTATCGAAGAGGGGGTAGAAGGGGGTAGACCCTACTAGTTTTCTTGAAG,1803,51.41,Escherichia coli
SEQ_751079,CCTTATGGCCTAATATAACGAAAGTCTAGTTCGGTTTGACCCGTAGTATCCTCATGCAATAAGGGGTTAGGGTAAAGCCTAGAGCGTATATGCTCATACCGCCACAGGCCTCGCAAGCCTATAGTCGGCCAGAGTCCTAGGGATTGGACTACTAAGTATCAGCCAGCCGGACGACGCCTATTGATCTCAGTGAAACTAACTTCCGAAGGGCCTTCGAGGGTTCTTTAGAACCCCAGACAGGGAATAACGACAGTGGCCCTTAGCAGCGTCCCCTAAACTGCCAATGGCCGGAACGCTCTAGGTGACCGGACTTTCTATCTGGATTCCGAGATCCCGATTTGGGTCGCCTCTAACGCTGGCGGGTACTCTTTGGCCAGCCCGGACACTAACTCTACAGATCATGAAAGGAACTAAGTCTATACCTTGACAGTCTCTCACTACGGATGACCTAAACACGGCATTCCAATGTTCCAGTCAGTATGACGGTGTTCGTAGGAATTCCGTAGGGTAAGTAACTTTAATGGCACAGTAAACATGGATGTTGCAGGCACTAAGCGGCCGAAATAGTACTTCCTGAATGCGGATGATCCCATTCACTCCACTGATACGGTTAACGCGGATACGTAGATGCCAAAGCCGCACGCACTGGGCTATCGCCCACAGCCCACGGGATATCATGTTGCGATATGCACCGCGGATAGCGCTACCCTCCTATCCTTCCAGACTAGTCGCGCCCTTGCGGTAAGCTGAGAGTCCCCTTCGGTGCATGGAAATGTCAAGATTTTGGCGTTAGCACGTGTACGATCTTTAAAAGATCTCCGGCGCTAAACATGATGCGTCGGTAATCATAGATAAGGGATCCCGTCTCTGATGAGACTCTTTCGGTGGCCGGGGGTCGACTGCGCAGAGTTACAAGTTCATTATGTGGTGTTTGCCGGTCGAACGTGACAAAGGTCGGCTGAACGGCTACGGGGCGCACCTGCGCATCACACAGTAACGTTATCTCGAGCGTAACCGTGGGGTTAATATAACAGTCGATTCCGCTCCAATGCGTCAGTCACATCCATTGCTCGAAGGCACCTGTGCGTTTCGTACGCGGGTTGAGTTTAGAGTCCCCTGAGACCGTCTTATATGTTGCCTCCTCTGGGCTCCCGTTTAAACCTGGGAAATCCGCAGGTCTCTAGAGCCGGCCCATTACCAGTGATAGAGCTACCGGCGGTGCCGTGAGGACAAGAAAAAACGAGTCGCAAAATATACCCCATGGACGGAGTGATAATATGGTAATTGTGAGACATACGCAAACTGTTACATAAGTATCCATCGAAATGCGTCTTGAAGTGGGTTCCCTTTGAGTGGGGGAAAGTACTTCGCTCGGCTGAAATGAGTGGGTGGTATCAAATCTCAACTTGCTGCAGCCTTTCTGTGGGGTGCTATATGTTTAAACTCTTGTTATTACCTTGTCGCAAGTCTAGCCTTATCGAATATATGTCGTTCGGTAGGCCTCGAGTACTTCTAGGAGGCGCGGGATGTCATCTGCCGGAATGGGCTTTTCAAGACGATACACGCCAGCACACCATGCTGTCCCCCCTCATCGGATCACCCGGCTGCGAACCACTAGGGGGGTTCTTCGGCCGTGTGTACAGCGCTTTCAGACTCTGCATCTACATTTATGGGTCCTTGGAAGGTGAATAGGACCACCGAGGAGGTGGAATTGCCCTAATATCGTGTTATCACGGGCTGTTATATTGAGCAACGC,1756,51.14,Saccharomyces cerevisiae
SEQ_634448,TCACCGGAATGCTCATCAGTTGCTACTTCGTAACGCAGTTCTGGGAGAAAAGCAACTCATAACACACTTGATTTGCTCAGTCCAAGATACGGGTCTTCTTATTGCATTAAGTTTCGAATCCGATGGAACTGTGGTGGTCTAAGATGGCGTGCCCTTCCTTTGATCCATCACCGTCGGAATTGTAGATATGCCAGGTCCGCCTACAAGTCGTGGTCCTATATCTATAAAAGACGCTAGGGGCTCACTCACGACACTCCTTGTCGGTTACAATCTCGCTTTGTCGGGTCACTGGTATAGTACGGGCTAACGACCATCAACAATCTCTTGTAACGATAACATGTAGAATATAATAGTAATGTGATTGAGCCATGAAGAGTTCAGTTGAAGTTTAGAGACGTGGGATATACGAAGCACCGTAATGTGCGGACTGGGATTCCAAGCCTGGTACTTCAAAAAGACCCAGAAACACTCGAGTCATGATGTTTGAAAAGATTCATAATGGCAGCTGCTGAGACACGCACAATCGAGTTGCTCCAGAGCAAATGT,546,45.24,Caenorhabditis elegans
SEQ_272145,GTCGGGAAACCATCTACATTAGAAGGTGCCAGCGACTGACGGTCGACCAGCGGTCCCGAGATAGCCAAATTCTATATTGTCGAACGTGAGCGCAGACTTCGGCTAACGGCTGTCGAGATAATTCCGCATAGGGCGGCCGCTTAGTGAAACGATGCTATGTGCAGACGAGACTCTACCATCATTTCATGAGGTCAAGGTAAAGTCGAACAAACTTCATACCAAAATTGAGATTGCTATAGCCGTTACAGTATTGATTCAGCTCCAAGCCCCCGCAGTTGGCGTCTAGGTAAATGACAGAGGGTGGTCAGTTGGTCTGGCTATATATGTGCCCGAATCTGGCTTAACCGGCGTGCCCGCAGGGTACTCAAGCTCCATAGACCAATAACATTTCTGGTGCAAAACGGCTACAAACGCGCTGAATACCCCTAACTTTTTGTTCCCGTACAGGACCATAGGACCATGATACCTACTCTGGATGTATCATGTCGATGATTGTGCTGTACCTCTGGTTCGATTGTAGTAAGCTCAAGTACTGACTCAGACCTACGACAGCCAGCGAGCATTATCTCCACTGTTTGGTTGTCAATGACAGGCTGGTTGCAGGGATCTTCCTAGCCAATCCGCCTAAGTTCAAGTCAGACGACTGGAGCCGGAAGTGAGTCTTCTGAAATCGGTCCGACTACTCGCAAAACAATTGTTCACGGCATATACTTGGTCGTTTCTGCGATATAGATATGAAGGGTCACTTGATGGTAATCGGCAAACTTAAGAAGGTATCTATGATGCGTTAACGACCGGTCGAACTTGTGTTTATGAAGAACTTTGATTATGGAGGCTCTATATTTAAACCCGGTCACAACTAGGTATTGAAGGCCTCGTGACCCTGAACGCACGATGGATACCCACGTCTCGAAGCGCGCTCAGGACGTCGCGAGGAGGGGATTAGTAGGGGCTGCGAAAGGGGTGCGATTATTTAGGTTCGCGGACTGCAAATCAGCTCGACAATCGCCAAATCGACATTTTCCGAACCGGATTGGGCGTTGATTAGCGAAAGATGTAGTATAGTTATTCATCGCCACACAATGGCAGGCCAATATTGAGGTGGAAATTTGGTTATACAAGTCGTTTAATCCGTACCTATCTCCAGACGTGGAAATACGACCCAGTCCATAATGGTGCT,1180,48.14,Homo sapiens
SEQ_747580,CTGGTTCGAGGTCGTTGACGTACATAGTTGACAGTCAATGCATAATGGACACTTGTGCGGTTGCCACACAGAATCACCGACGCACGCCGCCCCATCGCTGGACAGAAACTGTGACGAAGTTGCTGAAACAAAGTCGGATGTTCGATCAAAGACCTAACGTCGGCAATGTCGAAGGAGGAAGTCCTCGATCAAAATAATGAGCATGCCAACGGTACGGCCGCTAGAAAACCGGTGATTGTTAAGTGCCTTATGCCCCACATGCTGTTTTCCGAATACGTGAGCGACTACGTTCCCTTCCCTAAGGGCTGTACCATAAACCCGTGATCAGGGCTTTCACCAACCAGCGGCAGATCGTGTGGAGCCCATTAAACCATTCGACCGCGTACTAACAGCACTGACGACAACTGGGGGGCTAGTTAGCGAGTCGTAGTAACCATCTTGTTGAGCAGTGCACTGCGTGCCACGCCCGAGCCATACTTACCCTTTTCCGAACCAAGGCCAACAGATGACAATTCCGCCGGCCCCATGTCGAGTACATGTGACTTAATTCCGGAAGCCCCCAGCTGCCACGTGTTATTTTTACAACACTAGCACGGGGTATAGTTAAGACAAGAGCGCGACTGGCCCTTTCGGTACAGGCAACCTGTTCAGAACGATCCGCTTACTACGCCCGATGCCAAGCGAATATGAGAATCTCATGGCAATAGCCTAACACTCATTACAGGATACAGCGGTATCCCAAAATTAAGCCATGGATAGACATTGCTATGATGTAGTACTTATTTAAAGCCGTCGGTTTGTGACATAGTTAGCGACGCGTTTTTGGTATAAAGGATAAGCCGGGCCTTCATGAAGTCGACGCTTCCTTCTCCGTTCTAACGCTGCAAACTGGGGTCATCTATATCGTGGGCTGTAAACCGTCGCGGCGGGCCATTCTTTCTCTCGGGAGTGGCGAGGTACCTCAAAACATCAAGCTTATTGTTGAACAATCCCAAACAGAGGACCTCCTTCGGTCGGCCCTACTAAGACTGGGACCTTTGAGGAC,1045,50.72,Mus musculus
SEQ_156217,AAATTTTAAAAGTCGTTAACACGGATTCATCACCTGCGCCGGTGAAGATTCTTCATGAACGTTGTCCCACAAGAACTCTTCTCAGCCCACCTCAGGTTGGCGCAATAGTCGTCTTCAGAGGATAAGGGGATGCCCGTTAACAGCAAATTGCATTCCAAACCGGTGGTGATCCAACCGCTTAGACAACAACAGGCTCCCAATTCATGACATTGGACTCCATTATTCTATTCATACAACCAGACGGAGACCGCGCTACCCATGATCGGTCGGAATGTGCTCGGTGTACGCGAATCATCAGTGAGCCCTGCGAGCACAGTGTCCGTAGTTATCACGGTAAAAAGATGCGTAACCAGCCCCAAGTGAGCTGCTGGGACGGAAAATATCTTCTTTGGGCGTAGATAGATACGGAGTATTTTAATAAGGACGTAACGACTTAGCATGCCTTAGTTTACAGGCGCTGGTTTATCAAGAATCACTGGAGTGCCTAAACGTGCGCCCCTGGACCTTGCCAGAGTTCAAAACAGTGCCCTCTTCCACGAACAAATGAACCTTCCGTTATCCTTCGCGATTACATTGACGCAAGGCTGCGCGCGCTAGTGGTTCGATACCAGGGCGGTACATCCTCGCGCCTTCAAACATCCAGAGCACACCGCATCAAACCATCGGTCTCGAAGCCGTGGGGGCCGGTCTGAGCCACGGAACACGTTACAGCGGTAACAACGCAGTGCGACATCCACCTTAATCGTGCATGGGCAGGAGACAGCTTTACCAACGGGCATTACCAGCGATCGTTGCCCGACTCACATTGCGCACCCATAAACCGCAGTCTGAGTCATACTACTAAGATAATCTGTGTTGAGATTAAGACGCGGTTACGCATGGACTATCCCTGCTCACTATTTATAGATCGCTAAGGGTATATACCGGCACCGATGAAGCGAAACCGTCCGGGCGGCGCGGGCGTATTCGATGCATCGAGCGGGCTAGCACATCAATAGTGTCTCAGGGCGGCAGCAACTTGTGACCTGCTCACCTACAGCAATTATACCGCAGTCTCGCACTCCGCCGCACGCAAGATGCGAACTGGCCGTTTTCCCTAGGAGTCCTTTTTTGCCTAATATAGGCACAGCGGGTACCATTCGCCCGCAGGTGCGGACTTTGATTCACAGACTCGAAATACATAGGCTGGTAAGAGGCTACGTATGCGCACGCACGCGGTGTGCCGAAATCATAAACACAAGACAGGGCGGCTCATAG,1257,51.79,Escherichia coli
SEQ_553992,TCTGGTTAGAACGATTAGCGCTGTTCCACGCCGATGATAGTGGAGTACGCTCCTTCTAGTTAACACATTGAATATCTGCTTCGGTGTTGTTTTCTCCAGGTTGGGGCATGAGTAACGTATGAGAGTGATTGTAATTTGCAGTTCAGTTCAAGAGGTGTTAGAACATTGCTTTGGACAGACTCAAGGAAAGGCATCGGGCATCTGGCGGCGTAACTCGGAAACGCGGAATATCGAAGGTCATGACGTGGGGTGTACCCTTTAGCCGATACTTATGTCCTTTTATTAAGACAACTAAGTCATGCTCGCGGGAGGACCCGCGTCAAGCATAAATACTCGCTATTCTTTATATACCAGAGCCTCTAGTAATCGTATATCCTGGGAAGACCCGGAGTGCGAGAAAGTAGTCCTGTGCACACCTGGGGGGTTTAACATCGCACGCTGATCCCATGGATCGATTGCCTGTTATTGGTATAACCTTGGAGATAATACTCATTGCCAAATGTAGCCGTGTTGTTTTCCGTGCCACGCGCGTCCCGACAACAACGCGAAATCGCGAAGGCACAGCCAGGCCGTCCCCTAGCCCAGATACAGCCCTCTGGTAGAGATCGGAAAGGTCTAGTGCTGATAGTAATAACTAGCTATCGAGGGTCTCC,653,48.85,Arabidopsis thaliana
SEQ_677789,ATGTTTTGTGGCGGCATGCATGAGAGGGTGCCAACACAACAAACTCTCTAACTGGCCTCTATGGATCGTCTTGCTTAAGGACCTCCCATTGGCAGATGCATGCTTAATGCGGAAAAGAATATCGGAGCAGTCTCGTACACTGGCATTACATTCTCGAAGTTAGACCGTTTACTCCGAACCCCGAGGGCAGGTGGACAGCATGAGCTCGTAAAAATCGGCTATATGGGGTAACACTATGCTTGTAAACTTCTCGTTCCTGATTACCACTCTTCTATTTTTGTAAACATGCATACTACAGACGTCAATGGCCAACCGGGGCTAGGGGTAAAGGCAGCACAAGAACAGACAGCCAAGAAGTCAAATAGTATTTCGGACTATTTCCTGTTGCAGTAGGTGATCCTGAAGCATGAGGGTTCATTGTAGCCTCCCCCCGAATAGCCTCTTCCTGCACTTCTCTTGTTTACACGCGTTCGCCAGAATCTAGCTTAGACGCTCTTCGGGACATGCTCAAATGCTGACAGACGGGAATCTCTGCGTTGCGACCAGACGAGGGTAGACGCCTGGTCTCAAATAAACAAACACGGATCAGACTACTTTTAAAGTTGTTAACCATTGAATAAAATTAGTACGTCGGAGAAGGTTCGTCGGCATTCACCTGGCGCCTGAAGCAGGCCGCCTTTTACATTGTGTCTATTAGGAGAAGGAGTCTAGCCGTGTCCTCGATCGGGGCTAGCAGCAGACGTACGACATATCTGAACTGACGATGGAGAAATAACAGAGCAGGCTTACGCGAGCTCAAGATAAGGTCGACCTGGTTTGGATGAAACTTCAAACAAGGTTACCGAAAACTAATCGCGGACGTGCCAGAATCACTGACTGGTTCCGCTTGTTGATGACCGCCCAAAGGCCGATTGTCCCCAATCGGTAAGGCCAGAGATGAGGTAGGATTTTACGCAATATGACGGACACTGAGGCATCTCAGGTGCGCGTCACTTGTACGCGCATCTTCAGGGTGGACGGGGATTCCTTAAAGTCATCTAAAAACCGCCATACATAAAGTTGTATAATAAGTCTCGTGTTTGTTTCTCCGTATGAGCTAAAATGAGCTGCTTAGACCTATTATTCCTATCCTTCTGATACGAACAGGCGGCCAGGCGGTGGTGACATGCCGGACTGGCACTGCGGTGCTTAATCGTCGATCAGCTCGTATGTAGCGTCCCGCTTTCCCAATTATGCCGCGAGCACTTATTTCGAACTTCTGCGCTTGGGAGTCCGACGGCAAATGTCTCATAAGGGCGCTTTTTTATGGGAGAAATGCGGAACCAGACGGGTCG,1334,48.88,Saccharomyces cerevisiae
SEQ_115104,TTGCATGCACTAGCGGTTAATGGAGCGGTCTGAACCATAATAGTCGCACCGCAGTAGGCCAGCCGACTATGGGGAGCGGGCAGGTCAACACGGATTGTTTTCGGACTGCGATGGACTGACGGCAGTAGATGCTGCATGGCAGCGACCTCACCTTATACAAGATGAATCTGTTGCTAACGCGCATCTGTCGACCACAGATAAAGGCTTTTGCTCCTTCGGTGGATATCCCGAGGGACTTCGTTCAGGTGGCAGCAAGATCAGAGAAAGAACTCGACAGAATGATAACAAGTTCCGGGTCTCCCACTACTAGGTCTCCGTCGAAATGTCAAAAGGCCATCCTCTCGCTCCAATCGTCCGATACTTGTGCGACTTCAGGAAACATGGATTAGTGCGCCCTCCTCGAGTCTTACGAAATGTACAGCGGAAGCGTGACACCCCGTCCCGCACGCAATGTTTGTTTACCCCCAGTTCACAAGCATCTTACTCCCCAAAGGTGTGTTCAAAATGACCATAACGGAAATGAATGCGGTCATAGGTCTCCAGGCAAAGCCCTCCGGGCGTCACCAAGGAAACGTATAGCTTGACCCGTAGGCGGCGACCAAGCCGGAAGAACGTCCCAACTATTGCCATTAAATGAGGACATTGACACGGGAGTTAGTACTAAACGATAGATGTAAAGTCTGTGAATGTCATAGGCACCTTGTAATGGATGGTAGATGCCCTCGATGCGAAGGCTAGGAGCGTCCGAGGCCCGGTTGGTTGCGATGGAGGGACAGTCCACTGTACCCATTGGCTTTGAGCTGCCGGGTCTGGTTTATAGTGTACAGATTGTAACTTCTATTACAAAGACATTTGACCTTCTGAATTATGCATACTACTTTTACCACCTAGTAGATAGATAGTCTTCGATTACATTTCTAGGCAGTAATAGAATCTCACATGCCCATACACACGCAAGGCTTGACCTATTGGATTTGATACTCCGACAGCGGATGCCATTATTGGGACGAACTAAGTGGAGGACTTCTGATGCCACTGATTCTTCGGAGTTTATCACTGTAGCACCTCCCATAAGCTGTTATTCGACGGCTGAACTATCGGACACTGATAGTCCAGAATCAAGCGTCTTTAACATCGACAAGGTCGATAGTACAGTGGACATAGCTAGGAAAGTAAAACCTCGCGGGACGGGATTCGATGGATATTTTATTTTATATAATTACCAATAATCAGCATGACGGATTTCCTTCGACGAGGTGGAGCTAGTCCTAAGGGCACGAGACAGTGTTGACAGTAGAATAGACCGCCAGGTCAAGCGTGGGTAGGTATCTTTGACGTCTCCCTTGAGTAGCATCAGGCATGAAGCCGCAAAGTGCCGGGTTGGTTGTTGCTGCGTGACCTGATCCTCTACAGTTTCTTCGGCCCTTGTACCTTTTCGTTCAATACAGCTTCCAAGGATTAGTTCGCGTCAAAAATTTATCTAAGGAACGGCGTTGTGGTAGCTCTCTCGACGGGGATTTTACCTTTGGTTCCCGAAACTTTGGAAGCTCAGGCTCACGATTTATACAGTCCCATGCTGTGTCAGTATAGCAGCCAGAAACTGTGCATTAGGTCTCCGGATGGGCCTGGATGTTAGGACATCAGCGGATTTACAACGTTCAGGCCGTCGCAAGACGCGGGAATCGGTAGATTTCTATTGTTGTGTTCTTGGTCCCAGCCAGCATGAACTTGGTCCGCAGTCCTGTTGGCTGCGCTTTGCGGATCAATTGTTCTTATGGGAACAGTGTTGGATTTTAATTCTACTACTTAAAAACGCCAGATCACTGGTGATCCCGATTTGTGTCGCGGACAACTCAACATACGATCAACCAACCACAGCCCAAATGTAATAATCGTACAGCGCACCATAGGTAACCTGGCAAACCCGGACGGCACACACTATTCTTCCCGAACATGCCCCACACCAAGGGCCGAAGGAAAGCCGCCTAC,1989,48.97,Escherichia coli
SEQ_140267,AAACGGGGGACTAGAAACCCGCCTGAGGTAGTCCGTGTTCCGATTCCAGCACTATATATGAGCGGTCTCCCGTCAAAAGGTGTCCCGGCCGTTTGGTGCGCCTTCGTACCGGGACCAAGGGCATGCCTTCGTCGGAATGTGCGTGCGCACGGGACGTTTACCACAACCGGACCTAATCAATTCAAAGCGAAACATTCGACCGTTAACGATTCATATCTCGTTGGTGAATCTCACTGCGGACCAGCGGATCAAATGACTGAACCATAGGACCGTCCATTCATACCTCCTTGGTGCTGCAGCTCCGGGAATAGGAACGAAAGATATATGTTCGTCTAAACTGCTTAGCTCTGACCTAGGACTCAAGCGGACTCCTTTCCCCTCAGTCGGAATGAGAATGGGGGACGAAACATCAGATACGAGCCGCAGCCGTGTATACTGGGGCATGGTGTCGCTAATGAAATCTAAAAGGATCTAGGTGTCTGCTCTAATGTCTCGACAATTCGCGGAGTCCGTTGATCAACATACAAGGCTTCGTCCCGGCTGGGATCAGGCATTGAGTTTCTTTCTGTGCACCTGACTCGCGTAAGCAGGTGATCTTCGAGCATCGTCTAAGGTGGGGAAGGATTCGCCCTTATCAAACGGGTGGCACATCCTTTCTCCAAAACTTACGCGGCTTCCCGTTTCACGCTGATTTTCCTTGTCCCAGTCATGAGCGTAATCGAATTTTTGTCTACTTCTGAGGTCCACTGGCCAATATGCGTGTATTTAAGATTCAAACAAGTAAGAGGGTGAGAGCAAGGGGAGGACGACTAGGGGATCACGGCATTCTCAGACGTAGGCATGGATTTCGATTGAATAGTTCCTATCGCCAGATCTCGAATAGTGGACACGTTACGTATTTGTCGTTGCTATCTAGATCGGAGCCCTGCAGGATGGCTTTTATATAATTTAGTCATATTTAACGATGACCTCCTAACCAAGACTCGGTGCACGCCACTAATAGGAATGAATAAGGGTAACGTTCGTATCATAGGACCGGATAGTACCATAGACAGTGCTTCCGAGCGAAATGCACGTCCCTTGTAGGAAAGTGATAGCCTAAATCCCTAGTAAGTTGCTTTTGTCAATTAGATACTAAAAGCACATATAGAGTAGAATCATGCTAATGCTGACATGGTTGCGATTAGCGCCTTCTGCCTTGATTTGCTAGCTAAAAAGGTCACCAGACTTTACAGTTATTCTTGTCTCAACCCCTGGCCACATCAAGTGTCTTGCACGCTTGAGCGTATACTTGCGTTCGCGTATCGAGGTACCCCCTTGGCGATCGGTGAGAACTCGATTAGCAAAATTTTCCAACGTCTGGTCTTGAACGGGGCTCGTAGCCCGAGGGTGCTTTCGTA,1400,48.71,Saccharomyces cerevisiae
SEQ_699211,CGCATTCTAAGCTCGCCCAATTAATGATCTATGGGGTCAGCGTGATGAGATAGACACAAGCATCTCTGAGTGAATCGGAGACACGCGCCGGCCCGTGGGTGACGCCCTTCGCGAGTGCAGTATGCAGGGTAAAGTCAGGTCCCTACGATTCTCGCGA,157,55.41,Arabidopsis thaliana
SEQ_539351,AATTTATTCCAAGGAATCCGCCTCTACTCCCTCCTTTAAATTGTTAGGGACATGTGACGCAGCTGTACCACGTTTATCGAACATATTCGACAGGCGCGCCGCGTTCGCCTACATTGTACGAGACCATGCTGCAACTCACCGAGAACCATCGTGATATTTGTAACCGTGTGAGTAAGTTGATGAGATTACCTGATAGCGGCGTAGTGGCCGTCGGTGATCACGGCACCGGAGGGTCGCCCCCCATCCTTGAGACACGAGTCTATACTGAACAGACCGTCCGAAGTGCTTGGTACCATGCCTATAGTGGTTCAGCCGGCCGGCGGGCACTAATGTGTTAGGGGCGACGGGTAGGTGCCTCCAACTGCCGTGGACTGTTTCTCCGTAGGGCGCTTAAGTATTCGGAACAGATTAAAACGGTCTGTTGCCGTTGAACTGGCCTATACTAGGTAGAGGGAAATAAAACGGCTATGGCCCGACCCGAACGCCAACTTTTGTCTAAGCCATATTCGCCAGTGACGCGAGTGCTACGCTTTCGGTCTGAGCTATCCCGATCAACAATTGGTAGAATAACTTACACCTTCCCTGTAGTAGTCTCCGTGCACCCCGCTGACGCAGTTTGCATCTTAAAATAACGATGTTCGCCGCTTCATTCCAGGTGACTGGCTATTGTTATTATGTTGAAAAGTATGGAGGGAAATGAGAAGGGTTATGTCCGGAGCATGGCTTCGGGGCAACATCAATGGTAAACAATTCACGTCGATACTAAAGCGGTTGTGCGGCGCATATGTCACTTTTCGTCAATCGTCGAGCAAGACGATGTGATAGTAAAGCTCAAACTAGATGGCATAGGTACGACGGCGAATTGAGCTGCGTGTTACCGTCCTCTAATGTACTAGAACATAAACCAAGCCATGGAAACGCACTGTTGTTGTCAGTTCACGCATGTCTTCGTGAAATGCAAGTTGAGAAATAGATGGGTTAAATCATGGTTTTGTAAGCCCTTAAAGGAACAATCGCTTTAATTGACTATTTATAACCTGTCGATTAATAGGTTTACCTTGGGGTTGTACTGAATTAATGTCCTCGATGCTCACGCATTGAAGAGTTGAGAAGAGCAAGGTGGGGTAAAAAGCCGCCTCGACCTTCGATTGTGCTCGCTCTTGCGCGCTATACGCGTCGGGATTACCCTACCCCCTGGGATGACGTACAGATGACTTCCCCTATGTTTGCTGTCCTGGTAGAATCGCATATACCAGTGGTTCTGTTAGGAGAACATTCACTTGTAAGGCAAACGTTCGTACGGGCACGACAAACAGAAGTTAGGTGGGTGATCATGGGCTCGAGTGTATTTCACCCTCGCTCGGACCGCTGTTATACGGCGAGGCTTTAGCGCCTCCAACCGTACAAAGGGAAGGTCTGATTCGCTTTCGTGTTAGGGGGACCCGGACGACCCGATGACGACATCTACCCGGTTGACTAGAGTTGACACCACACCGATATGGTGCTATTTGGGTGCGTCAACTCCCCGCGGTCT,1534,49.61,Saccharomyces cerevisiae
SEQ_903900,CGCAATCGGGCCAGCTGAGGATTGAGACTGAATGAATGGTCTGTGCAGATACACTTCACGAAAGTGGACTTGTACCAGGAGTTTTAGCCGCCCAGCAGATATAGTGGGATTGCGAGCGCACCAGTATACCGGAAGAGTAGTGCAATCCTAGTGTGGCCATTGCCGCCGAGAGCCAGGTTCGTTCAGGATGGGTTGAAGCCTGTTGGCTTTCGAGACCCATATGAACAAGTGTCCTGGGCATTCACCCATGTCTTACGCCATCCTAGCGGAGCGCTAACTTTCGAGACTGCCACTCGAATTGCGAACTTGATACGCCTTCAGAAGCAACTCCAACGAATCCAAACACTAGTAGATATGCTTGCACTTTCACCTCGCGGTGTCGTCTTCGTGGTTCCTCTCTGATATAATAATAACGAACACCGCTAGTCGTCGACTTTCCAACCCTCGGGTAATGCCCTCAACCTGCAAACGAGTGGCGTGAGCTCATACGTCCATTGGAAGGCCAATAGTCTCAAGTCGTTGCGAGATACAACTCTACAACCACAACGGGTGAACTGGTCGACCCCAAAGCCACTGTGTCTATGCCTGGGGTACGAACTGGGTAAACGGGGGACGCATGATGATTTGATGTGATTATACCGCAATGTGAGGTCTTTATCACACTACAAAACGCGGTTCAGGACGCTCACCACTAGTCACTCACAAATACATAGG,714,50.56,Arabidopsis thaliana
SEQ_271936,TTAACTAAACTGTCGTAAATCCACGCCGCGAACGACCCATGAGTACGGGACGGATCCTCAACCAGCTTTCCTTATCACCTGACAGCTCCCAGTGCCTATAGTATCTCGTGCCATAACAAAAAGCTAGTGAACTCGCCTGCGGTCGTTCGCCGATCTTAGATGACTCAATTCGGACTGCCAGATACCGGTCAAAGAGTCGTAAGGCGCATGGACGTGGACTGGAAGCTGACTGTTCTAACGTACGGTGTAGAAACGCATGTGGATAGGCTCCGCCGCAGTCGCTACTGTGGTCGAGTCCGGCCGAGTGCCTGACTTGTGACGACGATCCATTCCGCACTCTGAACGGACGGCCCATCCGTATTTGATTGTCGGAACTACCAAAGTTACAGCGGCCTAGCGGACGCAGTCCCGTTCTCTCC,419,54.18,Homo sapiens
SEQ_915507,AAAATGATCTATGGGGAATTGATGCCTACGGCAAGGCTGATAGTTCCGTTCCAAGGAACCGGGTGCCACTAGTTTGCCTACGACGTTATTAAATTCAGTAATTACCAACGTCAATTTCATGCTAGACCTCGACGATTACTAGCAAAAGTAATATCTTTTAGCCGTGTGCACGAGGTGATATTTGGTGAGCGGTGAGCTACCCCAGCGGTTCCCGGCGCATGCGATCTCCTTGCAACATATGCGCCGGCTCTCACTCTCGCGTATAGCCTATACCGATGGGGGCCCTCAGCACTCAAAACTCCATTGTGCCGACGCGGCAGCATGCCCCGTTACTAGCTGCGTGCTGGAACACCGACAAGTGCCCAATTTACGAAACTAAACGTAGGCCTACCGCGTTGTCGACCGGGTGGCTTGGCTACCCGCTGTTTTAGTAATTCAAGCAAGATTTCAGAGGCCAATTATTGGCTTGGAAACCAAGTCCACGAGGTCTGGTTGGTTATTTGATGGGGCATCTTAGTATCAGGTCGGTCTCCGGCTTCAGCGAAACACTTAGCCGCTCTGAAGACCAATCCTAGTGCACATAGTAGGCCGTCTCAGACTTGTCGATGTGCTAAGACCGGTCTGGGGTCAGTCGCATATAGGGAACAGTTTATTCACCGGGAGTCAAGCGCCGTCACTGGCTCACCGAGATACATAAACACTTGAGGTTAGTGGCAGTTAACGTACGA,728,50.82,Arabidopsis thaliana
SEQ_335746,ATTGCTAGTTCAACAATGATCATGCCGTAAAGCGTCCGCTGGTAGAACCAGAGAAGGGCTTTGGCTCCGTCTTCCGAATGATCCAAATTTGAAACCTTAGCCGTGTTGTTCTCTACATCGTAGGACGTTCTACAGGAGATTCATAAGATCGTGGAGAGTAGACCTATCCACCCGAGCTGGACCAGTGACCAAGGCCTCCGTGCCGCCCCCTGATGGATATCCGGAGGTTGGGCGTTCTGGCCCTGCAATAACTCATCTCTTACATCAACATAAGTTAAACCAAACGACTTCCTAGGAGCTACCAAGGGTACTGCAAATCAAACCTATATTCTAAAGCATAAGACCTAGTTGCAAAGTCTTCACTATTGTGTCCACCAAATAAGAGGAGAAACTGCAGCAT,400,47.0,Caenorhabditis elegans
SEQ_727004,TGTCCTCAGGGGTCCATCAGGACCCGCTGGCCGGAAGACTTGACGTTGCACCGCCTATTGGCGGTGTTTAAGATGCAGGTAATAATCCGGATCATCACCAATAGAGGAGGGCTGGCTGAGAGCTACTATCCAGGTGTCATTTCGGTGGAGTTTGTCGTAAATGCGTACTGTCTCTTGGGTCCCCTAGGCCGTGGTATCTCGACAATGTAGGATTGGTTGATATTTACCACTCACACCACATGACGTTTCACTAAAGACTCGGCAGGACTGGGCGATAGTGGGTGTGAAAACTCAGAGTATATTCTACAGCACGGAGCTCTGTACAGATCTTCTAATCCGCGATGGCATTGCTGGGAATCCTACGTGGGACATTTGTCTAGACTCGGCTCTCCTACTGAGAAGAGTTGATTATAGTAAGCCAAGTTTCGTTGAGGCGGGCCGCATTACGGCAGGATTAATTGCATGTTCTTCCAGCGGGGTTCAAAAGAAGACGTCCGGAATGGCAGCTCGGCCGTCAACATGCCTCGTGTCAGAGAGGTAGATCGGCGTTCAACTCAGCCAAAAGTCATTGTCCGAAAGCAGTATCTTGGTGCTCAGACTAGTAGATAGTGGTTTCCGAGCCACAGCGCGTCGGGAACCGGGTTAGACGTACAGCCCATCTGCCAGTGACAGGTGTGCGGAGCTCTAGCCTACTAACTTTAATGAACGTAGTGATAAGCTTTCACCCACCCGCAGTAATCTCTCATGCGTGAAAGGCTCCGTCGAACTGTATTAAAACTTGAGCGTAAGTTACTCAAGCCCATACCAGAGGGCTAGGCTCAAGTCAAGCCCTGTGAAACTTTTGGGTAGAGCTTTTCTCATCCGGTTGCCAATGATTCTGTGTAGCACTGAATAAATGATTCGCCATGTTGCGTTGATCCACTACGGTCTACGTACCGCCTCCCGACCGCCCAATATACGAGAAGACTGAAGCCACTGTTCCCACGGCTATATAGTTGACGCCGCATAAATCCGAAACTCATCATCAGGATAGTGGCTGCACCCTTGGAACGACTACGTTATTTTTAGAACCATAGGGTGTTGAGTGTGACCGCGGGGATGGAGGATATAGATGTCCCTGGGCCCTTGGATCGCAATAACTTTATGTAGTTCAAGATCCTGGGACTTTAGACCCTCTGGATTGTTCGTAAATTAAGACGCCGAAATCGCTTAGCCGATATACGCATATCCGCTGTTCGCAGACACACTCCATGTATGAAGCGTCATATC,1269,49.72,Caenorhabditis elegans
SEQ_398477,ACGAGCATTCCCGCAGTCCTTCAGGAAGCAGTATTTTGCATCAGCCTGACGGGGCCTTGTTGCAGACGGCTCATGTCTGTATGCCTAGGAGATGCTCTCGCGACCGAGCTGCGGCGCCAAATAAGGGAGCACCATGCCCTTCTGATTCATACAATTCTTCCCGTGCATTCCTGGGTACCCCCTGGGTGGGCGGAAAGTAGTCAGCGCACTTGTGGTCGCGCGTCGAAGCCTGAGAACAACTGCCTACTGGTACTCCGAGCTAGAAAGGCCGCTAACACGCGTGGCGTACGGAGCTCTCGATGACTTCCAGCGATTATTTTCTAATTCTGGGCCGAGGTCATCGGCGAGCATGAATAATTCTGGTATTTACCATGATAGAAGTGACCAGGACGAGATAACGATATCCACCATAGCAAGGACGCGAATTATTGGTAACAGATTAATGAACAATACAAATGGTACGGCATATAGATTGGCACGAGTGGTTGTCGATAGCAGGGCACGTCCGGGAGCGGCGGCAGTCAATCGGTGATCCATACTAATCGCCTCATCGGCGTTCAGCGTGGTGCCTAATCGCCAGGAGACCAACGCTCGAATCAAGCTAGCCCTAACTAATGTGCGGCGACCTCGGAAAAGCAGGCCTAGCTCCTCCGAGCTACTACATTACGA,669,53.21,Arabidopsis thaliana
SEQ_116404,CCCACTATGTACCTCTCGTGAGGTCCCTAAGCCACCGAGAGATTGACCGTCTTATTGTAGGTAAAGACGCTCCGTCTGGATCATGCGTGCTATCGCATGCTGCAGGACTGTCGAAATAAGGGTATTTCTTCCAATCGGGGGTATACCTGCGTGGGGGCCGAAAGTGATTCATATGAGATGTTTTATCTCACTGAGACCTCGCATAGATCGGTCCTCCTTACATGGTGCCTACCACTCAAACGTTCCGCACAGCCTGCCGGAAGATTTAGTGGGAAGACGATATTAATACAGCATCCCCACAACTGCGTAATCCTACCTTGGTCAAAATAATGTGCGGAAATTGGCGGTCACTTGAGGGGGGAATGACATTCTTGAGTTGTTTAATCGGC,389,49.1,Arabidopsis thaliana
SEQ_572913,CAAGTGTATGAATTTTCGTGATGGGGTGCGTCATAGATCATGATAAGCACAACATCACGGCTACAGGATGCTTTGTGAGACATCACGAATGATCTAAACCTTCGCCTCTTAAGCCCCGTCATCACGCACAAAACGACTACGTCCGTACTGCAGGATCACGACCCATATCAGTCCAATTCAGTTAAAGCAAGATATCCTGTTGATAGGGCGTTACAGGATAGGCGCCCCTTGGCTGAAGCGCGCTTAGTGCTATTTCGGTCGGTAGTTAAAAATCAGAATATCAGGCGCGATCCCTTACTTTTAAGATGAAGTAACTTAATAGGACTAGGATCCTTAGCATGAGTCCCTCAGAGTTATGAAAATAGACGTACAAACAAGTCAGCATCTAACTTCGTTCGACCTCATCCGGTGGATCAGGATAGCACGAGAGAACCCCGTACGCAGACCCATTCATTAGTATTGGTTTTGTGGTCCCTAAGCAAAAAATCTATGATGTGATCATTGATGATAAATCAGGGCGCGTTCCCATCTAACACTAAGGTCAATTTCGCCGTGAAGGCTAGTGGGAGAAGCTATTGTCTGGACGACCATCAACAGGCTCCACTCTTGATAACCTTGTTGTATCATTGAGTAGATTAATGGAATTGATACCACACTATGAGAGGCATGGCGCAATGAGCCCGGAATTTTGGTGGCACAATAACCCACTGGCTCCACCAAAAGCCTTACGGAATAGTAGCATGAAAAGTCTAAACCCGCATGTAGATCCCCGTTTGGCGTGTATCGCGCTGGACAGCTATAAGAATATCCTATCATAAGTCTCGAGGCCCGTAAGGGAGGAGGACGAGCAGACTTAGCCCGCGCGTTAACTCACATGAGATTCGGGGGTATGACGGAGTCATGAATATAACATGTTTTCCCGGTGGGAGTGGGCGCACCTGTTTTGAGCCTCCGTGTAAATATGGATCGCCTAGACGAGGCACGGGACACGTGACCGCGAGTACCCGTTTAGAGTGCAGGAGGTGTGAAGGGTCTCATTTCAATAGGACTGCAGGTCAGTCTGCCTGATGAGTCCGAGTTTTACCAATTTAAAGAGCTATGTC,1103,47.23,Mus musculus
SEQ_412677,ATTTTATCTATTGAGCACACTTGTGCGAATACAGTCTGGATCAATCCATATAAATCCTCCATTGAGCGGCCAGAAGCTATTCGTTTAAAGTTCTACAAGGGGGGACCGTCTTCTCACGTGTCGCAAAATGAATCCCTCCTAAACGACCGACACCGACCGCCTCCCGCCGAGG,172,48.84,Saccharomyces cerevisiae
SEQ_930362,CCCGTTGAATCGTGGCGTGGCCAACTAGAATAATTCCTAGAAGGGGGCTGTCGATTCAATCCCCACGACCTTGGATGAATTTTTCGGCTATCGGCAAAAAGTGCATTAGGAGCTCTGACGGATAAGGTCAAATACGCACGCCGTGAGACAATGTGCTTAAGCCGAGGTTATCAAGTTGGTTCATAGGACGGGGATGATTATTCACGTTGGCAGGACATCGAACGGGTCGTGGACAGACACACCCCCAACGACTCCAAATCAGAGTAGCTGCTTGTTAGGTGGCGAAGGCGCTCGTGTACAGACTGGCTAGAAGACCAGCCGAATCGCTGCGACGTTGTATTCATTCGAGCATGAGACATGGGGTTTGGTGTTCATTTTGGCAACTGACCCGCGCGGCAGGTTGCGTAGTGCTGATACAAGGTGTTGCCTCGCGCTGGATTTCGATCCGCTCTGGGGCCCCGTGGAACTCATACAACTCGTTGTGAAGGTTAAGCTCTACAGGCAAACCAGCTTCTCACCCCTTCCCTTCCGAGGTTTCAACGCAGCGCTTTATAACTCCTAGCGTTGGTTAGTGCTTCCGTATAGACACCGCTGATCAAACAAGTAGGCTTTCCTGTCACTGGACTGGGAATGGTTAAAAGTCTAGGTATCGGTGACTTAATGTCTAGTACATACGGTGTAAAGTTTAATTTCTGAATGAATAGTCAGAAGTCCCTCGGCGCACGCTGTGTCATCCCTTTCGCGACGAGCATTGGAAAGAAGTTCGTTATCCGCCTTAGCGACACATTATTACTCCCGCCTTTCTTCGCAGACAGAGGTGACGCGTAAGACGGAGATAAATACCCGCATCCGGGCAATGCGAAGAGCGAGTGGAATTACGCTCCCAAGCCATCCGGCGCCCCAACCGACGGGTCACCGTTCGCTCAGGTCGCAAGGTAACGTGTGCACCTCCATTGGGAACGCGCGCGGTCCAAGATTATACTAGGAGGGATGCCTCCTTGGCTCGGAAACGTATTTGAATGCACAGAGAACACCCGGGCTGCGCTAAGTGTCCCGTAAACGAATATTCTTAAATCCAGTGCTTATACATCTCAAACGGGAGGTACTGCTAGCGTAAAACTAAGACTAAAGCAGGAGCGTAACGTCTGTCTTCCGCGTCGCTCGACGCGCTAAGATTCCGAGTAGTATGCGAGACGTTGTACCTAGGTATCATGGCGCTCTCTAAGAGATCTGGTAGCAGGTCTCCGCTGCCCAAAGGCGGGGTAATTTATATAACTACCTGTTCCATATGGATTCGCGAAGTGCAAGGGCGCTGCATAAACATAATCGAGTGTGTTCCGTGAGACCAGGATGTAAGCTGTAAGAATACAACCAATACCACTGGAACGCATCTAGATGTCCTAGCTCGTTCTTTGCCGCCGAGATGTTAGAACGCGCACCGTACGGCTATGTTGGGCTTGGTCCAAAAGCACGGGGGAACATTGGCTGACCATACGCTGAGGCGGAACTGCTACATGGCACGCCGCAGTCGCCTGCTCCGCGCTGCCAAAGGTTGCACAACCAGACCAGAGAAAGGGTAGTTGGAATGCAGAACTCCTTCCAGCGTTGGAGGTAAGGCGGAATTCGCTACGCAAGGGCCTCCGCGACTCTCCCTGGCGCTCGGTCGTTAGCTGGCTCTTATAGAGAGAACGACCGTATCCATGTACAAATAACTAGAGAGGAAACTCATCACCGCTCTGCTCTAGTAGTCACCGATCAACTCTCGACTCAATTGGTATGTTTCGGAGGACCTTCTCCTGACCCGCAACGCCAAGAACAAACGATGAGTTGGGCTACGGCCCTTTGCCATCGAGAACATAGCTTG,1864,51.93,Saccharomyces cerevisiae
SEQ_173227,GTCACGCCCCAACCAGTGTAGCCTTTCATAAAGAGAAGATTACGCGCTTCCGAGCTATAACTGGATCGATGAAGCTACTCCATCCGATCCCGGCCTACTCGACTGCACCTTACAAGAACCCGTCGACTCGGTGATTCAAAGGATCGTCGTCTTTATGTTAGCACATATTCCTAAGGACGAGTTACGCACTTAGCAAAGTCTATTAGCAGTAGTTGTACTAATGTCTAGTCCACGTGCATTTCCGGCGGACCGCGAGGGGCTAGGGCGGCGATCCTGCGTCACGTAAGGATTAAAGGTCTTTACCGGGGCAAAACACACCCATCACCCTGTGTGAGCCCAGCCAAAGATCCCGGTGAGTTGTCTAATCTATATAACCCGTAAGGAGGGCGGACGGCATATCGCTTGACTTCCGTACTGCTGATACCGGGTACCTTGTGTAAATGGTGCCGTAGCCCGATGCTTGCACGACTCTAACTCGGCGGTCATTAGTACTCTAAGAACGGAAATTGGGGCGGAGTCACGCATATGCTCGATTTCGCCTCCCAGCTAAGTAAGGTTATTGATTACGACCCCCCCCAAGGACTGGACACGGAAGTGATCTCCGGAGATGAGATGGAAATAAGGCACTGTAAAAAATCCAGGGGTTAACAGCAAGAAATTGAAGTTCATCAGTAGTCCGACGTTACATAGGCCTAGTCTTCAATTGGTGGATCCCATTCAGTCAGGCTATGTCTTGTGCTTGTATTTACCAACGTAAAGATGAGTGCTTACGAGGGATCGTGTAACTTATGCCTAGATGACCACGATCGGCAAAGTAGGACCCCCGATCGACCCCCGGGCCAATGGTGCGAAGAACGGGGCCAGCGAGTCTAAAGCCTCTGCTACAATTCAAATCTGAGACGTTAGATTTGCCTCATGGATGTACGCAGAGGTAGCAACAGGATGTGGTTGCTGGTTTCTCGCGCGACCGGGACCTGCGACTACTCGCGCAACCCACTGCACGAAGTTACGTCTATGTTCTTGTTTAGATGGCTCTTTTCATGCGTCAACTCACTGAACTGGCAGTCACACAGACCCGGCACAGCGTGCGAAGCTT,1096,50.91,Mus musculus
SEQ_323783,ATGACGACCGAGTAACTACGAACCTATACGTCTTTGTTTTACCCACGACTGAATTTGCACATTATAGTTGCGCAAAACCCGTCTGCCGCGCGGAGGATCCCCTTTAAAATTCCCCGTGTTCTTTTGGCCGTATGTAATGGAGCTTGCATAAGGCCGCGGCAACTGTCTATGATCTATCGAATTACTCCGTTGACCAGTCATTAACAAGGTCACAATCGCCTGTGCCTCTTGCCCGCCCCAATCAGTCCCTGACAATCACACGGGCGCCCCGACACATAGTTGATAATCCCATTGCATTTTGCCGATTGCAGCCTCTCAGGGTAAAAGCTTTCATAGACATACTGGGGTCCCCTGTAAAACTAAAGACCCCGTAAGTCGGATCGGGC,386,49.74,Drosophila melanogaster
SEQ_947430,AGATGCATAGGGAGCCACCACATGACATAATAAGGCAGCGGGTAAGGCCTACGACCCGGCAGGCCAAGGTTTTGAACCTGAAAGATAATGTTGCCCGCAGCACGGATAATCCGCAGAGTGCTCATCTGCTTACGGATCG,139,53.24,Arabidopsis thaliana
SEQ_725297,CCGCACACCGGCCTGTTAGGTAAACTGATATTTACGAGTCCGGAAGCTGAGTACTCTACAAACGACACTTTAGTCATGTATACGATTGATCCTAACTGTAAGAAGCCTAGGACATAACACCTTCTTCAGTCTGCCGACTCGTGGAAACCGCATGTTTCCGGCCTCAGCCAACTCAGAGACGGAGCGAAACTTCCGGTCCGGTCAGCGCAATGTGCAACCTAACCAGCATAAGCGCTGGGGCTAGTTACGCGGGCATTAGGCGCTCGTAAAAGAAAAGGGCCCATGACGCCATATAACAATTAGCGTGCGTGCGTGGTCGTTCAAATGATATCGTGTTTTTACAATTTCGGACTGGAGACATATACATATCATACAATCTAGCCGTGTGTTATTCGAGCTCGCTTGATAACAATGCTATTAACATCAAGATAGACACCGTACACCTGGATAAGTAGTGCAAGGTCCGCCAGGTGCAAGCTGTGCGGTACGCTAATGCACCGGGCGGGAGTGCTAATCCATCCCTCCTACTAAGTATTGTTCTATCACTTCTATCAGGACCATGGCAACAATCGTCTAACCGGGGACAGCACTTATCTCGTGGCTCCAGGGCCCGATATCTGTTACCCGTTTGAAAGTCAGTACGATTTTCCACGATAAAAGGAGTGGAACCCGATCCTCGGTAGAGCTGGTTTTCTGCAAGTCCTGCTGACAGCCTTCAGGTGTTGCGTATTGCCCGATCCGACGTTGACTGGCCAAAAGGGTAAGTGGTTCTAATCCAGTGTCGTGGATCTTGGCGCTATGGACTCGCGGGACACTGAACCGCACCCAAAGGACCGTTGCCATAAAGGTGTCCCGGTGTAATTACAGGCGCGCCATGGTACGTGCTCACTGGCACAATCATCTTGACATCGGATTGTCCGATTGCCCAAAAGGCTGATGCTGAGAAGACAAACGTTATTAGGACTTAACATAATTCCGTTAGACGCCAGCAAACAACCCGGATGGAGCATTTACTGGCTAGGGAGGCATATCGTATATCTCGATTCGCAGTTTCAGCTGCCCGGGGAACACTCTATGAGTACTAAAGGAGGAAACTTTCTCGAGATGCAACATTTTCGCAGCTCCGGGCTACGTCACACTTACAGCGGAGAAATATGAACGGTTTCGAACGATATCTGGAAATAACTGGCGGAGGTGGCAAAAGGAGTCGTATGAGCTTGGTACCGGTACGCTGTCTTCTAGACATCTCGAAGTGTTTCCTGGGCCGGAGAGCCTTTTTTACTGGGGAGCGAACATTCCATGGGCTGGGGAGTGCGGGAGGAGACGTCAGACCCCCCGATGCGCCCGTGACCCAATCGCTGTCGGGATCTGTTACTTCAGTTTCGACCTGGTGGAGACTGTCACTTTTTTAACTCGGGGCCGCCATGGGCACGAGAATTCATTTTTAACCGTAGAAAACAACGACTCAACCGCGTCCCGCACGCCCTGACGTACGATGGCGAAAAGATCACACGCCTATAGTATATATATTACTGCATACTCGTACGACGAGTTGTCGTGAGCCATGGCGCCATTTAGGCTGCACCCGTGTCGTCGATAAATGCAGTACGGTTCTCCAAGA,1621,50.52,Caenorhabditis elegans
SEQ_266517,ACTCCCATACAACATGTATCATTAAGGCGTCGTAATAACGCTCTCCCTACCGATCTGCAATGTGACTGCTAGAGTAACAAATCCACCCTTAGTCGCCACTTACAAAAGATTGATGAATGGCTTAGAGGAGATGTGAGTGGATGCCCGGTGCGCTACCGAGGATTTACTAGCAAGCACTCGTTGGGCTGCTAAACGGAGATGTATTCTCTCACAATGTTCTAGATTCCGGGCGCTCGACACCTTGTTACGCCACTCCGAATTGTAGCCGGCCAGGGTTATCACTAAACAGGAGCGATGCGACGTACCAAAGTGCCGAGTAAGCATATGTAATTTGAGAATGTATTAATCGATGCTAAGAATTGGGCCCTCAAGGCTATTGGAAAACCTCCTAAAAGACGCACGCGAAAGTCAAAACCGATTGCACCATTAAGGTTAGTGTATCAACTAGAGAAGCGGTGCTTCATTTACTCGGCCAGAATAGTCGAGAAGCGCCTGGGAGGTTCAGAGGTCACGGTATATACGCGTCGATTGGGGATGTAATGGCGGCTTATAGTCTAGAACATTAACCAAACGATGTCTGACACGCGATTCGACTCAAACTAGAGGTTACAGCGAGCTTGTATGTGCACCCCGCCTAAGTGCTAAGAGATGTTAGGTAGTGTCAGTGTAGCGAGCCTCATGCCCGAGTCAACGGACGAATATACCGCGGAAATCGACAAAACTGCGATACGCATATCTCGATACGCTGGTGGCCATGTGTAAATATTATTGATACCCGTATATCAAGCCTTCACAAGCCTGTCGGCGATCGTGCGAGCGATACAGATGACTAGTACGTATGGTCCATCGAAGACTCAAGATAGCTACTTTTCGGCCTAGGGGAAATTTCGGGCGAATTACTCCTGGGGCAGGTCCAGCCCGATTACGCCCGAAGGTAGGGTCGCCTATATTGACCCCATTGAAGCCGTCAGTCATGCTCATAACAAAACTTGACAATTAGTAACGGGACCAATAGATGATTTCGTACAGTGTGCACGGTCTATGACCGGGGCTCTTGA,1058,48.2,Caenorhabditis elegans
SEQ_889025,CCGATGCTAGTTGTCTGGAGATGGAATGTGGGCTATCCATGCGTCTACCGTGGGGCGTATGTCTCTCAATAAGCCTCTTCCATCGCAGAGGTAGTAAGTGATGCAATGATTCAACTACCCTAAACATTGCAATTGCCATGG,141,48.23,Homo sapiens
SEQ_641586,CTACGTGGATGTGCTATCCTCAACTACTTGAGTCTAAAAGAAGGTGCTACCCCTTCGTGCCTTCTGGGCATACACGGAAGGCTAAAACGACGAGGATCGTGCTGATTAAAGCGTTTTCTATCGCCTCGATTCGGACTAAGACTTTTCGTGACGTGGTAGGCGCGATCTGTTTGTCGTCGGGTATCTTACTATCGAGATTCATGATCTTCTGTTACCTTGTTGCGGCCAGATGCATCTTGCTTAGCTTAAGTAAATGACGGTTAGGATCGAAAGCAACGCGATTCGAAAAGTATCAAGATTCTCGACCGCAACTTGATGTGCGTACATGTTTGCCGAAGGGGCTTAGCGCATGCGTTTGGCTACGGACCAAAACAGCGCTAACGGTGTAACCCTACTGCTTTGAGTAACTACGTTCCTTGCGATTGACGTTCAGTGACGTACCTGATCGTAACGTTCGATAGCGATAGACAAAGCCTAGTGGAATGCAACCCTTTTTGTCACGAGAGTTCGAGTATGCGCCGCTACACGCCCGCGGCACTACTGTAAAGAGAACTACCCAATCGACACGAGGCAGCTGGTCAAATGGTTAAAGGCTCAGATAGGACTCAAGCTGAGCAATAACAGCAGCTGGTGCAGGATATGGTATCTGCCTTTTTATTTAGTTTCAGTAACCAGCTTCATACTGATACCCCCACTCTACGCTACACAACCGTCTATCTAGAAGGCTGAAATACCTACTAGCAAGTTTTGCCGTTAGTGGCGCCAAGAACACAGGGGCGCCCTTAACAACGATGTGACTGTGAGCTGACTTACTTGGCAACGCACTTCCAGGACGCGCGACCATGATAATATAAGACTTCAGGACCTGTTGCTTAGGCTCTCCTTCGAACATGTCAAGTTACAGCTGTAGTCCCTTGTGAAGCATGGTCAACAACGTGCCCGGAAACCATCTGGCGCACTACTAGACTGAAGACAGTGCAGGCAGGATTGCCAAGTGAGGTCCATGAGCTGTTAAGGCGGACACTGTGGTACACTTAGATGTTTGGACTAGAGTGAGTGGTGATCGAGTTCCTCCTTTGCGAATCTGCCGACATAGACGCAGATCGCAT,1109,48.78,Caenorhabditis elegans
SEQ_709038,TGTGCAAACGACCTAGTAGCGTAGCTCTCGGATGAAGCTACGTGGCCCTCCAGAGCGGTGCCAGTGTCGTATACCCAAGCCCTCCATGTGGTCTGTTAGGCTTTTGGACAGACCGCCTCAACCTACTCACCGCGCGCTACTCGAGTTGCCAGGTCTCAAGACGTGTGAGTAAAAGCGTAGAAACGCTCTACCACGCCGATACTGAGATTTAGTAAGACGAAAGCCTGATTCGTGGAAACTCGGTTCTTAGACACTCTATGACACATGGGTAAAGAGTTTGTACGGCTGCTCGTCAACGTCGGATGAGTTACCCAGCCTCCCTTCTTGGGAAGCTCCAGCTGATTATGGTGGTGAAGGCAGCGCGACGCCAAATAGATTTCTTCCGCTTGGGGAGTTGAAGGAATGTAGGTTATCTTCGATCGTGTAAGCCGCATGCCGCTAAATAACAAAGATGGCATCCCGCGATGCCGTGTCATTGTGGCTTACGTGGTGGTATCACGAGTTAATGCTACAGCCACAGTAAGAGTTGCAGTGCTTCATATTAGACGGTTCTCCCCACTGCCAGCCTAAGCATAGGCGGGGAACCGCATACGTCTTGATTAGTGCTATTGCCTGCCTTGATTGAGACCTGTGTATCTACCAGAGCACTACTTCTCAGTTCATTTGCTTCGCAGACGTGAGGATACTCACTGGGTACGCTAATAAGGGGTGCATCTATCTGCGGCGTGCTATGTGAGGCATCCTGTGTACTTCTAGTACATTCGTGCGCTATCACTCGTCTGGTGGTGGCAGCAAAAAATATATAGACTCGCTTGCACCGTAACGGATCATGAACAACTGCTGAAAATGGTTTGACTTCGTAGTTCTGTCCCCCAGGTCCCCCAATTGCGTGGTAGGCTGTAGGGCTGAACCAAATTAAGCAGACTGCCCTGAGAGTCATAGTACCACCTGGATCCAGGACCATTCTCAACGTATACCGATTCTCATTACATGAGGTGTCGGGCCACCTTACCGTTTGGGGTCGGGGGGGATCACGAGCACTCGTCGTATCAATGTTATCTATACACGGGTGACCTAGTACTCGTCACACCTGACCCCAGGCGAAGGCCCACGCAGTATGGGCCTTCTACCTTATAGGCGGGCTAACCGCTATTCATGCTGGTCCCCCCTCCCAGGCAGCAATCATTTCCTCGTTCATTTAGATAGGTGGAGTGTGCGAAAACTCACTCATTAGCTCGATTTGCTTGACGCGATAAGACGATGCGTGGGCGCGGTGTGACTATAGCGGAGTATAGTGGTGAGCCGTCTAATACGGTATCGAAAGAAAGCTAGCCTGCGTCAAGCCTCTGAGAGAGGCGCAAACATGTCCCTAGTACGTAACGGCGGTCACATATCCATGTCCCATCTTGTGAGGCCCGTGGCGCGCGCTTGTGCACGCGGTGCTGTCACCGCACTTGCCAGATCGGTCGATCTGCCCGATCGTTCTCGCG,1490,52.35,Escherichia coli
SEQ_151504,GCAGGACAACACCCATTCTATAGCACACGCTCCGAATCACATGCAAGTGCGAGTTCCTACGACTAAGACTAAGTGTGGTACAAAAACCACGTAGAGAGGGATCCGAGTGGGAGGGCCAAGCGGGCCACTCGATTGGACGGACCTAGGCTCAAGCGAACAGCCCACGACGCGGCGGCACGCTGTAGGCGCGTTGAAAACGCGCTCTTGGCCCTACACACGGACCGTCGACTATGGGCTGACGACAAGAACGTCACCTGAACAGCCGGAGAGGGATAAGATCCAGAGACGCCCTGTCTCGTCTCCTGGAGGAATTCGTGGGCTATGGACCTATGGAATTGTACAGATGAGGCGGATGTACGAGAGAGGTTTGTGTGCAAACCTCTAGCCAGTCATTTATGTATCTTATGAAGTAACGCCTTACGTTCTTAAGACGGCACTTGTGCAGCCATAATCGAATGAGCGGCGCGATGGTCGCCTCTTTTCCCTCATAGTGCATGGGCAGATGCGAAAGGAGGCGTACGTGAAAGACCTGCGGGTACTACCCGCTCGTTAAACTGATCACAAGGGGATGACATGCCACGTTCTACAGGTCCAATAAGCATCTATCCGTTGTGAGTAGTTACTGGAAACAAAGCGTTGCGGAGCCTGGAGTTAAGAGTGAACCAGACACCACTGCAGAGGAATAATCAATAGATCGCACCGCGACAGGGGCGGCTTAAATCTTAAACACTCCACGAAGGTAGACAGCAGAAATCCGTCGGTATCATTGGTACTTATGAGGGGTTTTACTCCGGGAATGCGTTATTCTTCACCCTGAAGCCCCTGGACGGACACGACGGAATTTACGGCCCCCGCAATGCGGAATTAATGTAGAAGCACAGGTCTGTGGTCACCGTCCGCCCGATGCTGCTGTCAGGTCGTTCATTAACCTCGGACAATCCTGCTATTAGAGTTTCCCGCAGCCAGGTCCCCTATTGTTGCGGGGAGCTAAACAATTACGTCGGACAGTATGACTCGTCCGAGGACGTTCCTCTACACATGGGTCTCAGTTTGCCATATATCCAATTTTATGATGAAAAAGTTATTGTGGTCATTCCGATGACTATTATGTTGCCACCCCAGAGCGGACACCGAGCCTCTGAGCCTTCGCTGTTCTTTCGGTAATACTTACTACTTGAGCTGAACTGACTACGTTATGTGTCTTGCGCTGGCACACTGTTGAATGAACCCTGTCTTAGTATAGCAGAACCCTTGTTTGGTGGTGCACGATCTTCGTTCGTATAGATGGGTCATACCTATTAACTGCACTGCCG,1313,51.26,Mus musculus
SEQ_978419,GCTCACATACGACCAATCAACCTAATTAGTCAGAACCAGGTCTTTCTCCTTTCGTACCTGTTGTCCCCAGAAAATAAGCGGAGAGACAGCTAGTGAGAGAAACCAACAGCGGAGTGCGACCCCAACCGGTAGGGCGACATTGAGGCGAGAGACACAAAAATGTGGCGGCCTATACGCCCATTTGTCCTACCCGATAAACCACCTGTCCATTATAAGCATACCGGGGGCGTCTTCCTGCGGGCTTTCCATAGTCTGGACCTGTGCGATCTGACGATGCATACGAGAGCGACAGTGCACGTAGGCCGGCACAACGTCTTGGGCGTCTAACCAGTATCACTTCGAGCAAATTTTTTAGATTAG,360,51.39,Arabidopsis thaliana
SEQ_530000,TATTTACTCTTGCCCTTCTCTACACCCGATACGCCTTTTTCATATGCTCTCCCTCGTACTTCCCAGTCCGTCGGGCGTACATAACATGGTCGGTCGGGTCCCCTGGTGCCCACACGCTGTAGTGGCTATCATCACCATCTCCGCACGATCGTCCTCCGTTATAAACACGGACACACGCTTAACCCGCCGGACTGCCCCAACACGGTTGATGGTAGGCCGCAGCGCGAGATAGGTTAGTGGAGGCATTCGAAACGGCCACCGACTCCACGGGCTATTACATTATATTTATGCAGTCGACGCTCAGTGCCTGCCATACGGAATGGTTTAGTGTAGAATTGCACCGAAGTAACATCCCTCGACTGCCAGATACCTAATCTATGGAACGGATCTCTTTAATTAGCCTGTCAATAAGTCTGGAAATTCGGGACTTTCATTTGCCGGTGACCCGAGTTTACACATTACTTGCAAAGCCCTGAGCACATCATACTTCCTTCACACAGGGACTTAGACGAGAGTTCAATGCTTCGCAGACCATAGGGGCTCCTCTGCTATCTACTTTTTCCCTATGCATTTGTAAATAATACCTTGCTCCTTGGTCGTAGCACTCAGCTAAAGTGTACAACTAGGCCACGTAATATGATTATACACCTAGTGAAAATTGAGAACCCTTGGGGCCAGAGACAAACTCTTGAAGCGAATTAGAATGCCGTCTAAGCGTAGCAAAACGGAGT,731,48.84,Mus musculus
SEQ_172741,GAAGCCTAAACGCCCTCTTGTCTAGTTGATGCCGTTGGGCGTCCGTAACATTAATTAAAATTAGGCTCGGCTTGGCATAATCAATTTTCCAAAGTGGCTTACCTGGGACTAAATCAAACTGTACTCTTACCACTCGAAACGTAAGAGAAAGCATTAAGCTGGGAGGGAGTCAGCACCTTCAGTTCCATGCCCGCGGCGAGGCCGTGAATTGTTCAACTCGAGTAATAGCAGTGGCACCTCGGATGGAAGATATTACACCTGCCGTCTCTAACTCGAAGTTTTATTATCTACACACAGTTACCGACTAGGTGTTCATGGACATCTTCACAAGTCAGGTGCAGTATTCCCGTGAAAGGGGTATCAACACCTCAGATTCCACTTTATTGTAGCCAGCAGTAGAGCTCGTAAGTGTGAGTGTGTAATCCCGAACAGTGTTGAGGCGCGCACGCATTCAGCATTCATTAGTAACGTGATCGCTTCCGTACCATAGACGTGTCGCATTTTCCTCTCATGCCACCCGTTGGCGTCGC,530,47.92,Caenorhabditis elegans
SEQ_989063,CGAGGGGCTGCCCCGGACATCCAGACACTATTTCCTCTCTTACTGCATCTCCTCGGTCACGGCCCGTACAACGCCTAGCCTTTAGGGGATTCCAGAGGGACCGGTTACGTAAATTGTGCCTAGGTTTGCCTATCCAGTGTCTACCATTAACGAAAGACTTAATGATTCCGGGGCCTCGTGTGCATTGTCCCTGGACAGTCTAGCGCACGCCTTCAGCTCAGCTATCTATATGGAGTATGCTTGTCAAATTGGTCTCTGAGCCAGGTCAATCTACGTTACAGGCTGACCGATTGACGCCTGACTCACCGCTTCGATTGGTGGATTGACCTCAGTTCGAAAACCCAAGAGTTTATATGCGGCTAACTCTGCAGCGCAACGATTTCACGTAGAGAATGACTACGCTACGTTAGGTAACACTCTTGGAAGGCTCGAGGAGCGTTCCGGCAGTGTCAGGTATGGGAGGCTTAGGGTGATCTGAGCGGTGTGCGAATTATTCAACGGTTCATCCTCCTGTAAAGCACTTCTATCTTGCGCTTACCCTCATTGGGTGCGCGCACATTGTTATACCCTGCGTCTGACCTGCGAAGCGATGC,593,51.94,Escherichia coli
SEQ_165115,ACCATCTGACCAAGGAATGAAGTTGTTTCAGCATAGACCGCAGATTCCTAGCGTGTTGGGTTGATCAGTGCCAGTTCTTAGTACAGCATAGTGTCGCAGGAACCTCGCCTGTCTAGGTCAACTGCCGCATCCCGCCGAACCCAGCTTGCCTACCCGTACGATTATGTTGTTGAGTAGGCTTGACTGAACAATCAATTCTCACAGCTCACTGACGATTACGGTAAGACAGAGTACAAAAATAGCCGCGG,248,49.6,Caenorhabditis elegans
SEQ_125061,TTTATCGCGAGCGGAGGGGATAAAGAATTAATGGTAAATCATGAAGTACTATAGTCGTGCGACAAGTCTGGTCGAGGGATCCACGGCTTAAAAAACATCTTACCGGGGTCGGGGCCGAATGTTAAGAGGTCACGCTCTTTGGAGTACAAGACATACGGTACTTGCCTAACAACTCCACGTGCCAGCAGTGACAGTAACCCGACCGAACAGCACTGAGTTTGAGATTTGGGAAGAGGCGCGGTCCCCTCCTTTGTTGGCCGACCCAACCGACCGACACAGGTGGACTGCAGACAACTGCTATCTGTAGATGCTTATAGCGAAAGCAACTATATCTCGGCGCCTACCTCGCTAATGGTTACCTCCCGTACAGCTGACATGAGCTTCCGCGGGTTTTCCGGCACAGCCCGCCCTTACAACCAACTAGTGTTCTCACTACGCGCATTAGGTTCCGGTGGACATTTAAGATGCTCCTTTGTCCAAGTCGTTCGAAAAAGTACTTTCCCCCAAATCTAACGGACCGAACATATCAAGCAGGAACACGGCGACGAGCCCCGCATTGGGAATAATCGCCCCAGCACCTAGACTGCACTAATTACATGAAAGCGCCAAACTGACTGTCCGCGCAAGCGGGGTCTCCATATAACTTGTGGTCTCCATCTCGTAGGCCTGCATAAGCCGGGACTAAAACCAGTAAGGGACCTATGAGCTACGCCAAGCTACTAACGTGATAGATCGCAGTACTTTGCGATATCGCGCGTCAGTGTATGTCGTGCTAGGGGTTCTAAACACGGCCGAATTGAGCATGCTCTCATTTGCTCAAAAATTTCGGGGTATACAAGTACTAGTCGTTCCGCCAACAAACGCTCAAGGGGTGGCATCTAACGCGTTAAGGACCCGCGGAATAATTTTCTAGGGCTGGCTTGTTTGCGTATTCGAGCACGCAAGTAGTAAATCACACCGTTTCGATATAATAAGAACGACGGGCTATTTTTCTGACACTTTCCTAGAATGCTGGAAACTGACGCTCTCGCCGCACCTGCGATTGAAACGCAGTCCGTTGACTTGATGAAACAAGTCACAGCGCTGGCAATTGAGTCCGCTAGTAAAATAAGACATTAGACGCCTACTCAATGGCAGTCCGATGTGAATTTCTCACAAACTCGGAACGGCTCGAGATAACTTCCACGCTGCCGGTCCTAATGACCGCAGGCAGGCTCACGGCGAGCGGATCCTCATGAAAAGTAGCACCTCCACACCGCTTGAGCATTCAATTCGAGAGTCGCAGGTAGCGATATGCCACTGGAGTAAATTGTCCCCTATGCCCAGTCGATCGAAATTTTAATTGGAACTATAATGAAACTTACAACAACGATTTCCAAGCGGGGTCCACGGCTTGGGAGGATGACGTTCCCGGCGCATTTAACCTCACGAACGTATTGAGCATGCCAAGGAGCGGGCCCTGAGGACCTCATCATACCAGTTGTCTAAGTATGATATCGTGGTTCCCTGTTACGCTAGCTTTTGAGTACGACTTACGTTCTTGTCTAAATGGAGCACATGAACGTTCACAGCTTACTCGACAGTTAGAATATTCCTCGATAAAACTTAGAGTGCATGACATCGTATATGCACATCGTATTTCTCACTCGTCTGGAGTCTACATTCGCTTGAATCCGCAAGGGAGACGTAACCCGAGGTTTTTGATGGCTAGATGAGCGGACCTGAGACCGTAGCAGGCTTACTCCTGACCGAGTACAGGGGAGAAATGCGCTTTCGAATTCTTGCACTATATTAACCGCGTCATCTCTCGGGATCGAATTGGGGACAAGTACCCGAACGAGGGGAGGTCGCCGGTTTCATGTGGGGCGGCGAGCAGAGCGAGAGTAATGTTTTGCGTACAACGAGTGA,1908,49.95,Caenorhabditis elegans
SEQ_810661,TCCTACGATGGAACTAGTCAACCGGGTTTATAATTCTACTCCTGCGGCACTACTGGAAAGCCCGTCAAGCCCCTGTCAGAGCACGTCGGAATCTGGGCAGATGGCATCAAGCTTCACGGGTGCAATCTAGTTGGCATTTCTGGATTCAGATCCTTAGACCGATTCTTGTATATTGCCCCCTTTTCAGGGAGGGAGTGCAAGACCTTGCAACAGCCTCGCGTGCAACATGAAGAACGGAGCCGGTTAGCTGATTAAGTAGGGAGGCGTGTTCTACTCTGACGATTCTCGCTTTGCATCGATGCTTTCCACGTAATTGGGACGGCACTTACGTAGACACCCCTCGTGGAGTCAAGGACCGACATGTCCCAGATCTCGTGTTCGAACGAAACTACTGCTATTCATTATTCCTTTATCGCCCATCTATACTTCACCTCGGCGGAAAGATATGAATTGGGACACTCATGCAGTGATGGGTCGGGCGTGCATTAGTGCTAACACAGGACTTACCCTAAACAAGCGTCGCCGACGTAGTAACCCCAAGTGGGGAGCCTCTGTTGAGAGAGACCGATCCGCGTCAATACTCCTATCGCAGTCAACCTCTTTAGTGATCAATAGTATTTCCGCTGGGATGATCATGGTGTACTATGATTCCGCGCGAATTTTGCTTGTGCGAAGCCCGGCAGGTCTTGCTTCTGTGCCCTAATAGCTGATCACGAGTAGCGGTCTCGGTAGACGTAGAGCCAATGACGTGCGATATCAAAGACTCGAAAGAGCTCACCTTCCCCAACTAATATCTTTATAAGAGTCTCCGGATGTGAGATGTGGTCATCGTTCCTAAAGGGGCAGTCAGACGCACCACAAGGTTTATACGCCACATTGATAAGTCGCCTGAGCCGGCGGTGCAGCGGATGATAGCCAAGCTGCTTTCGGTAGCTCTTATTTCTGCCTTATGGTCGCTACTAGATGAACCATGCTAATGGCTGGCCCGCCGAACCGAAACAATGCGCAAAGCCGCAAGGCAATGAACTAGGAAACGAGGTCTCAGGAGTTAGTGTGGCGCTTACCTCAGGTCGACTGCACGAAATATCCCATTAGAGCTCCGACCGTTCGCTTCTTTCTGCATCAATTTCCGGGCAAGGCCCACCTTCTCAGCTCCAGCAGGCTCCTAAATCGGGACCCTGGGGCGAACCCCCGATAAATGTATTCTTCGCTTCCCCACATCAGGTTGAGCGTTACATGATCCCTATCGGCTGTGTGGGATACGCTCGGTTTTGAACAATCTCAAAATGTTTGCCCACGCTCCTAGGGATCCCTAAAAGGGCCTCGTCTGGTCGCCGGAACACCGTCGGGGAGCGAAAACGCAGGACCGCCCCGTCTTCCTTGGAACTAGGGTGGCGGAGCCTCACTGTAGAAGTTGGTAGTCTTACGGCGTAGGTGATGTCCGCGAGAACATCA,1455,52.03,Escherichia coli
SEQ_405277,GAGATCATATGCGCCATCCAAATTAAACGCACTGTTGAGAGGGATGGAGCGTCTGCCTTCCGAGGGCGTGGCAATCAAACCCTAGCTCGACGAAGCATCGTGATGCGGTCTTGCTTACCTGCACGTTTACGGCTAAGCCATGGCAGAGGAGATTTCGAGCCCTCAGGCCACTATGCCAGGCTGATGAGCTATATTGAAGAAACTGCACTCAAATAAAGATCAAGAATGTCTTGGTAGGAGCCCCGGGGATCATACTCCTCGCCAGAGTTATAATCGTAAGACCGTGCAATATGAAACCCAAAGAGCGCAGGCCAGAAGGCAGGCGCTAATAGCAACAACTTTTTTTACTGAGAATGGGATGGTTAAACGGGCCATTACGAATCGTCTACTTATGGAACCCCATACATCTCTGCGTGGCTGCTAGTAATAAACCCATAAGGCAACATCGATCAAGGCTAAGGCTGAAATATTCAAACTACCCCGGATGCAACCGCCAGTAAGACAGTCAGTTTAAGACTATCCTAACCGTAGAACCTTGGTGTGATATTCTGATCATAGGGTTACTTTAAGATCTATACTCACCTACCTGTAACAGTAAGTGGTGCCACCCTATGAAGTTTAGCGAAGGAGCCCCTCGCTCGAGTACGGGCAGGTCCTCATTCCGTTGCAAGGATGCTAAAAGGACCTCAAATAGTGTGACGACTATGCGGTTTGCCAACTCTGCCCGTCACTGGGGGCGGTTAGCGATTTCGGCCTGGACGGAAGTCGATGCACTAGGTTACGGACCCGAAATCGTACACCAAATCATTGCAATGATTTGAGTTTGATACAAATCGGCCGGATACAGTTCAAGCTATCCGCTCTTAAAGTGAGTCCAGTTGAGCCTCCACTGGGTGCAGAAGTCAGGCTACTGACTATAACGAGTCCGATCTTAGCTCCTACGGAGTGCAAGTGACATTACCGCCCGTAGATGCGTTATTAGTCATTACGTAAGGCATAGTTACAAATAGTGGGAGCGGGTACATGCTGCATGAGGGCGAGGGTTAGCTTGCCCTGTGTGGTTCATGTACGGGCGAGGATTTATGCTGCGTAGTAGTGCTGTTTTGCAATTCTCAAGCCCCAAAGCGGCGGGAACTACATGGACTCCGGTGAATTAACTGATCTTGTTAGTGCGGCCATACGCAAACCTTTGACCAGTTTTGTAAGGGACTCGCTTAAATACCATGCCGTGATTCTGCCTAATTCCGCTACATCGCTATATTCTGTCCTGGGTCGGCCAGGTTGTAGTTTGGGCGTACGCGTAGCGTACTGCCATAGTTGAGTAACGACCAGGTATGGCCCGCTCCACCCGACTCTAGAAATTATGCACTCTTAACAAACCCGCTGACTGTCCACATCGCCGTTCTCATACTCGCCGAACTACCCACTAGTACTCAATGGGCGCAAACGAAGGCCTAAGGGCGTGTCCGTCGAGGCAGAAAAAAATCGAGTGACCAGCTTCTCCAGACTAGCTGGCGGCCTGAGTTCTTATTCCCAAGACAACAAAAATTCCTCCCAAGTTGTCGGAGTTTACAGCCCTTCAGATAGGTTGAACCCGCCCAGAATTCGGGTTTTGCTGCTAGTTCGGAAAGGATTCTCTTATGTTAAACCATGGTATCCATGATGGCTTGTATTCATGCTGAAGTCCAGGGACCAATGCGTAACTCCATCCGGTCCCGCAGCGGTCCGGACGTGAACATGCCTATGCAAAGACGCTAAAGCGACCTCGA,1769,49.63,Saccharomyces cerevisiae
SEQ_248282,TATGAGGGGGGTATAGGCCCCGTCGTCGTAGCGCCTTTTTGGCGATAGCTGGCTGGTCTCAGTGCTCCTTGGAACGAATTCTACTAGCAGGGTGTTACAGGATTAGAGGACTGAAATTACCACAGCTATAAAGACATATCCTATGGGGCTGTCTCAATTAAATAGTGTAGGTACACTGTCTCCGCTCTACACCGGCCTACCTGCTTGAAACTGGCTGCGTATTCTATGTATGCCAAATGACTCTGCCCCACGAAAATGGGACTCTAGTGATTCGGCAGTCATGGAAATCACGCATACAGCTTAAGGTAGGCTGAAACGTTGCTGCCCTGTGTTACGCTTCAAATCCTCTTGGCCAAACACGCAACCGACCGCTGCCATGAGTGACGGGTGGATGATTCTTACGCCCGGCCCTACAGGATCGGCATGATTTGTACTGCTCTGAATACCCCCGGCGATGTCGCACATGGAATGGCGAATCCCGAACTCTTCTTCAAACTGCGACACCCATCGAAGGACCTGAGGGATGGACCTTGATCGCCCTAGTAACGCAACACTGTTGTGTCAGATTCTATTGCGCGACCTCATTGATGGTTGGTACGCGCGACTCGAACCAACTGCACCTATGCTGAGCTTCGCTCGCGCAACTCGCGTACGGCAGAAGCCCGCAATATCGACGACGATATAGCTCAGTGCTCAGAACGGACAACAGATCCGTCAAGAGAGAACGACTTTAGCACTTGATACCAGACTCTAGAGGGGACTGAGGTTCCAATACTCTGATTGGTTCTTGACGACCTATATCATTCACTGGGAGACCCGGCAGGCAAAATCAGGTGGTAACTGTATCGGAGAGCGGCGGAGCGTAGTGTTCATATATTTGGCGGCCCTGAACGCTGAGGCAAAGGTAAATACCGTTCATCCTTCACGATATGGCCCTGATGAAATCTAGCCTCGGACTTCCGGGCAAGTCGACGGAAAGCACCTCCTGGACAAGAAACGGTTCAACACTGCCCGAATGACCGCGCGTCTATGAACGGCGCAGCCTTAGGTGGTTAGAATTACTTGGTGGGGCACACTAGTACATAGGGTCTTCCTCCGGTTGGACCAACCTTTTCCAGTTGCACCCCTTCGCACTATCGCAACCGCGGTCCACGTACATCGTATCACCTCGGAACTACACAAGGTATTATGCCTCCTTAACGACGTCGATAGAGGATCTCCGTTGCCGCACCCAAAGGAAAGGAGAAGCGATAACCCCAGTAGTCGGATGTTAGGCGGAAAAAAGATCCTCCCATAGTATTCGACATCCCGCCTGTTTCCCGTGCTTGAAGCGTACCATTGAACCATTTGTTCGGTGAATACCCGATCCCGACGTTGCGCGTACTGGATGACCACCGTCCGCTACACACAATAAAGAGACTATCGAAGCTACGGGGCGAGTCATCACGTTGCGTTAGCTAAAATTCCCACCGACATGCCAATGTGCTAGTTCCAATATGGTGATCAGGTGGTCTTTGGTTTCTTATGTACTAGTGGGCACACAGTAAAATTGACGGTCTTCTCGACGTTGTAGCGTGCCAGGGCAGGACGGGTATCTCATGGCTCCGCGGAGGTTCCAAGTCAAGAAATATACTTGACGCGGTACTGGGTCACTTAATTGTCTTCTTTAGACCCCCGCTCTCGCTCCGTCGAGCCAACCTCTCGAGAATTCCATTGACTCGCGCTCCGGTGTTTTGCAATGCCGCAGTTCCAGCTTGTGACG,1762,51.82,Saccharomyces cerevisiae
SEQ_726977,ACTATGAATTTACAACGGCGTCTTATAGCAGGCTATTTACTTTTCTCACGCACCAGCCTGACGTACTCAACCCAACCGCAGATCCCGTAAGAGGCGCTATAAGCCACTGCAGTTATACAAAAAATGCCCGCCTACAACGCGATTAACAATAGCAAAACTGATCGTAGGGATATAACTTGCCTGGCGATGAGTCCTCGTGGCGCTGCGGCGTCCGTATGTAGAAGGTCTCCTGCCACGGTCGTCACACCGCACGAAAAGATTGAACTTGACCGTTAACCATCTCTGCTTCAGCAACGGGCGCCTTATCTGATGTACTGCCCAAAATGTATTCCACAAACACTAGAACTGTAAAGCGCATACACGTGTAATAGCAGCAAACAAACCTTTGAGTGCCGCAGGAGGCGACAATATTGCCTTGCGGTAAGTAGTATTTAGTTACTTACCTCAAGGCCTGTTGCCAAGACGTATAAAATTAAGCTGCACTGATGCACCGAGAAATCGGGGATCTGAGAGTTCTAGCCTCGAACGTGAAATATTGGCACTGGCGGGTACTTCGGGGATTAACAAAGTGGGGCCAGACGAAAAACCCTACAAAGCCCGATGTTGAGCAGGATGAAGTAAATGCTGTCGTGCCACTCAGACACTGCAGGGAACCAGGCAACTGGCCCCAGAGGTTGACAGAGCCCGGAGTTTTGAGATTTGTCGTGGTCTATATTTTGAGGTTAAACCCGCTATGTACGACCACGACCCAGGATAGTAGTGTAAAACCGATAATGTTAAACAACTTCTTGACGTATGGTCTGCGTAGCTATCCGAGAATTATTGTTCTTGCGAGGAAGTTACTACTCGCCGTTGTTGCAGAACCGGAAATTACACGTGGTTCACAACGGCGTTACCCGTACCGATGATCCTTACGCCTCTATCGGGTTAGAGGTTGAAGTCCCCAATTAGGCCCTTAATCACCTGGGAACAATTGTCGGTCATCACACTACCAATCTTCGGGTCACCAGAAATCGACAGCATCTAGGCTCAATACCGCTAAGGAAAAGGAAATCTATTATACTATTGCGCCCTACAGTGTCCGGGTTCTGGGGTAGTATGCGATGGGTCATCCATGCGGAAGCGTAGATGCATGGATGTGCTTGGCGGGGGTAGGGCCCCGGGAGTAGGAACTAGCGGCATTTCGCTATTCGACAACACTTTATAGGCTACTTCGAAAGAGTAACCCATCAGCGGATGTTGCAAGTTGCCGGACAG,1257,48.85,Saccharomyces cerevisiae
SEQ_799032,TTATCACCGGCAGGGCGGCGACTCTCTCAGGCAAAATCCCCGTCGAGTAAACGCGGTGTATGTACACGTCGATGTCTGTCACCCAAATACAGGAGGGGTCTTATGGTATGTCCGACAGGCAGAATTGGTTGGCACACTGTAGTCGTACAGCACGGATTGCTTGGATGGCGTGCAACATAGCGACATCCGACGGTTGAGGCTAAACTCAGCGATCTCTATGGTAAGGGTACACGTACAGGTACCGTACGTGTTTGCTTCATTGTAGAGCCTACGTGTTAAACACAGTAGCAACCTCGGGCAATCCATTGCGGATGATCATTAAGACCCTATTTGACTGGCATCGAAAACCCGCGACGCCAAATATTGTGCTATTGCGATTGTCCCAGGGGGTGGTGTTACGCGCCGTCCGGGGTTCCCAGAGCTACTTTAACCGCACTGTCACCCATTCATTAATGAAACTGTGGATGATGTCACTGGAGCCCTAGTTGAGGAATCGGGACCCCTCCTCCAGCTTGCCAGTATGGCTAGCGGCTCAATCACGACGTCGTGCCTCGGAGCTGTCCCTAGGAAAGTTGCTATGAGCCGATTATAATTCGACCTCGACATCGTTTCTCAGGCGATGGGACAGATCTTGACTGTCGGCGCACATGGCTTCGTCTGCTTGCTGAAGCGTTCATGACACTGGCGTAATCTTTGTTTGTAGTACAGACGGAATCCGGCTATCTGCGGTGCGTGTCTAAAGACCGAAGGGGCATACTATATGCCCACATACTTAATAACAGTACCTAGCAACTTGTTTGTCAACGGTTTGATCATGCTACTACTTGACCAACGCCGTACGCTCGCCATGATGGGGACAGATGCTACCATGTCGCTCAATCGATAGAGGTGGTTCGCGTCCTACTGGGCAGTTCCTGATATTAACCTGGAGGCTACGTATTCTGCGCTCCTTGTCAGACTTTTTGGGTGTTACGGGCTGTCAGAGTCGATAAACAGTCTAGTTCTCATATTACTCTCGTATTGACTACTCAGTAGAATATACTGTCCAAGGATATTAGTCTGACTGACCAGTGAGCAGTGTCCCCGATGACAGTACGAACCCTAATATCGAAGGGGCCCGTTGCCATTTCAGCTCGAATAGTTAACAATGAGGGGTTTTGGGTGCGACTGAGCGCATGAGACGCTGGATATCTAACTTTCTGTCGTCGCCAACAGAGCCGGGTATTGGCTGGGGCCCGTCAATACGCCGCGGGAGCCTAACGTAGTCTGGCTGACAATTCAGGCAGCAATCGCTGGAAAATCAAAATG,1308,50.84,Escherichia coli
SEQ_138947,CGAAGGATCAATTTCGCCAATGAGGACCGAACATATCGATAGAGTTTACAATCAGATCCGTCAATGTACGTGGTGAAAAGTCTCTGATGGGTAGTGCATCAAGGTAGCTGACCTGTTCCACATACATAAAACCTCTTGAAAGGGGGCTAACCGATTAGATCCCTTTTAACACTTTACAATGACCTCAAGTGATTCGTAGTACTAAAGCTGGACACTGTCGGCCGTCGTGTCCAGCCCCGGATAGCGAATACGTACTACGGCCACGTGTGCTAACACGCCCTGGTCGCTTTTGCACCCGTTAATATGGAGCATGTGTTACGGTTCTAAGCGAAGAACTCATTAGCAGTTCACTCAGCGGATTCACGTCCCGGCATGCGATTGCCTAAGTCTGTATTATTGTATGATGAGCATATATACATAACTATCAGGACTCTGATCATACGTCTTCCTTACCCATTTATCACAGGACCTAGCGGGACCGCACCGCATTCGGAGGCTTTGGTAACTCATAAATTCGTTTGACATGACTCCCCAGGAGCCCTTCGCAACATTTAAAGCTAGCGCAGGCCGACAGACTGAGATGCTATTTCAACTGTAGAGTAGCCCTCGTGTGGCTGATGGTAACCGGGAGGTAGAAAGAATTGGATGGCTCAGGAATCTTTCCGTTTAGTGAGCCAATATGTAAGTTTCGCTAGTCAGAACAAGCTTGTTTATCCTACCTATTAGTTCATGCCTACCCAGGTGACTCGTCCGGGTACCAGTGTGCAGCTTGAGGGTACATGGGAGGTTGATTGATGCTTTGGGGTACTTCGAATATAATCAGTTACTGCCTGTGGGGTGTGAATCTAGCTAAATTAAACGAGACTTTTCCCAGGGCAGAATACAGCTACAGGTCACATATCCCGACCACCGCCTCGGCCGAGCTTCTTACAATCACTACGAACTTGCAAGAACGTAGAATCGTCACTAAACAACGCATCGTCGCCGTGGTATATCCATGCGCACGTGTTTGTAGTAGAGACTTCGAATTGATGTCCTCTCGAGACGATCTGCGGTTGTCTAGTTCGACTGAGCCAATCTCCGCCCCGCTGTTTAGGACACTTCCCCCTGTGGTGATACCACTACCACTATAGCAACCGATGGGTGGCATAGGTTACAACTCAGACATACCCCCTTCCGACAGGAGTCACCAGCTCTGTACCGTGCAAGGTACTTACCAACAAAAAGCCGGTGGGAATGTTTGTTCTTAGTCCACCTGTTTCTCGCCGGGCCCATATACTAAAATATAGCGCCTGATTTGCGCTTTGAGGTGCAGTTCAGGGGACCGGCGGCAATATACCACGAGTCTTCGGTTTGTCACGCCGAATCGCCTCGCTCGAGCCCCTTCGAACCCTGCTCTTTATAGCAATCGATCGATTGGAATGCAGCGGGAGCTAGCACGTTACTACATCATGTGGTTTCCGATACGCTTGAGAACTATTGGGTGCTTATCTCCGCGTCCGGCCTGCAGGCTAGAATGATGATAGATATTAGGCTTTCATCTCTCTCGACAGAGAGCAACAGCGCCCCGGGGTGGTGTCTCCGTTACCTCAAACTGCGCACGTCAAAGCTGGGCGGTGCGGCGTGTAGACTTCCCAGTTATCAGCAGTCACTCAATGCCTCTTCACACTATTTCAGGCATTTGGTTCCACCTCGCTTAACTTGATTATGCCTGTCAGTCTCGCGACAA,1729,49.33,Caenorhabditis elegans
SEQ_977361,GCGGAACCTTCCTACCGGATTCCACGGAAAAACGGGCCTGCCGGAACATCATCATTAGGCCTCCTTGGTAGTTCGGCTCTGCAGCGCCCCTGGCAGGCTTTGACAAAAGCACTGTTACTAGTCCAATGAAGGTTGTCCCCGCCCTCCTCATGACGACTAGACCCCGCCTAGTCTGTTTCGTTTGTCAGTATAGAGTCGGACATTACAGACTCATACTCTCTAATGTAGAACGTTATCCGGTCATGCGTTCTAGGTCACTGGCTTCCCGGGAACCCACCCGGATAGACTCCAAAGAATGTCTAGCGCTATACTCTGGCAGGCTTGAGTCTATAAGTACATATGCCCCAACGACCAGCATATAGACAACCTCGATTTATTGATTGTATTTAACA,392,50.0,Drosophila melanogaster
SEQ_533792,TCGGAGGTCGTAGTTTTCCAAGGATATGTGGCTCAGCACGTTAGACGCCATAAGCAATTCCGATCGGACTCTGGCCGCCGGTCTGTGGACCAAAAGCTAGCAGGAGGTGCGCTGACCTCTCGCGGTTGATAGTTACCGAACGGCGAATAGGCACTATGCCTACCTACCAGAGAGTAGGGTGCATGCCTCTCGTTAAATCACCTAGAGACCGGGCGAACGGGGACCGCACGCCCAAGCATTACTTCGGTCTTCCCGTATTTAACAGCTCGGGAACCAGTTAGGGAAACCGTTAGAGACCGTGCATGCTGTAAAGCCCGCCACCCCTGCCACCGCATGCTATCGTATGGCCGCGGACGCATGGTCTTCTAGGCAAGTAAGAGTGGTAGTGTCATTTGACGTCACTACGATAACCTAGAAAAAGTGTGGCTAGACTGGACTAGGACATTTCGACACCAATAACCCAAGAGCTGGCGCAGCTCTGCATCTCCGAGTACCGGTCTGCCTGTGCATTTTAGTACTAAACAGGATCTTACCCTGGTGTTAACTAATACAGCGTTAGGCCATTCGCGTTGCTGGAACCGAGTACCTTTCGGGGAAGACGGTATGGAGGCCAGGCAACAGGACGTCTCCAACACGTGTGTGGTGCTCTATAGCACTATTGTAGCGGTAGCTTAATATTGTGCTGCCAGATCAGGCCGAAACTGTCCTTTTCACAGGCAACGAACGTGATGTTATGTATTCAGTACACGGGGATACTCAGCTTACAAAAGCTTGACAGACTTAGACCGTACAATGGTTAAGGTCAACTCACGGGCCCGAATCGGATTGAAATTCATACGGGCGACATGCGCGATTTCGGCAGCGAACTATTAGTTGTGGTCTGTGGGTCCTTCTGCTTGAGGCAGAGCTTCGCATCCCTTGATAATCACGATGGACGTCTATTCGCTGCTTAACGCACCTCAGGAAAATATATCGATTCTACAACTGCTTTTGTATAGAAAATCCTTGTCGCAAAGAAGTATGGCAAAAACTTCGGTGATTTAGAATTGATCCTCAGGGCTGATGGGTCATTCTTCCTAAAACTCCGGTACAAGCGTGATCATGTGCCAATCACGCGTTAGTAAGGGACTGCTTCCTGCAACAGGATGTCCGTCGGTTACGTATCAGTACGATGAAACCGCGAGTATCTAACGATATATGGGAAACGCGTTTACACACGATACAAACCGCCAGGCGGTGTTTCAAATCCGGAATGCAACACTAAGAGCTGCGGCACCGCTGTAGAATGGCTCACCGCCTCAGATCCAAACACGGTATTACCATCTGAATTAAGCCATTGGACTTAAAATGGAAACAGAGCCCACCACATCAGAAGCAACATTTCGTACCGCACTACGTATCTGGTGAGTCCGCAATTGCGTATTGAATTGCACATGACCTATGTGGGGAGAAGGGTCCGCCGGAGAAGACTGCTGCCTGGCGCTTCTCTGTCTTTAGTCGAGCCTCCCGGCCGCCAATACACTTAAAGCGTTGACTGGGTCTGGTGATGAATTCCTTCACCTCGACAGCAATGACCTCAGACATTAAGTCGGGAGGACTCGAACCTGCATCCCCCATTTTTCTGATCTTCCCCAAGTCTGTGACACTGCTTTCGAAAACAAGATAGCGGCGATACTAACTAATATACCACCCAAGAAATCACTCAAATTGTAACGTTAATTCCGGAGGGAGCTCACTCGGCAAGACGTACCAAGTGGCGTGAGCACAGTTGTCCACGCCGAAGTTTTACCGTGCGGGTGACCCCATACGTGCTCGCAACTAGACCCGGGCGAAGATCGCTAGTAATAACCAGTTCCGGCAGAACACGTTGCTCGCCACAGTGTACTCATCACTTCA,1896,50.37,Saccharomyces cerevisiae
SEQ_211787,AGCAGCGATGTATTGACTATATGATATGCTGGGTCCTCGGCCTTTTACTGTCATCAGGTAAATTTAGGCCGTTCAATTTACTAAGAATCTTCTAGGGATCTTCATGTACGTCGGGGACCGTCGGACCGACGACCCATAAGTCCGACCCACTGTTGGTTTCAGAGGAATAAGAACACCCCAGTCCACGAAGCTTCTAACAGAAACGTAAAGTGCTGACGCGCGTTCATGTATCTTTATCAGTTCGTGAGACTAGCTTGGTCAACCCGACGAGTTTGCACGGGAAACAACTTGAGTCCAGTGAGGTAATAGGGATCCAGCGTGCTTCCCAAGCCCTTCTGAGGCACGATCCCGGGTTGAACACCTTCGAAGTGGGCTCACGCGCCCAGCTTATCCCCCCAAGATTTACAATGGCAGAGTCGTGGTTGGTGGCCAGTAGACCTTGCATTAGACCAGCTTATACAAGGGGACTTAAAAGCAGCCTCTGAGTTGGGAGCGCTCATACTCAAGTTAAACCCTTTGCGAGATTCAGGGCCTACTCGCTATATTGCGGAGGATACTTCGACTTCACCACTTAGAGATTTCCGCATTTGGAGAATGCAATGACCCCTCCTCGTTCCTTTCCAGTAAAGATGCATCCAGCACGCTCCACCCTAGTCATCATAGCGCTCGTATACAGCTTGAGCAAGGAGAGCTGAACGAAAACTTAAGTAATGTGTCGTTTCAATTTGCGTTGCCGCAACATGTTGTCAACCTGCTCTTCTAACACATAAGCCGGCACAGGGACACTGCACGACTGTGCTTTCGATAATTCCAAATTGTGTACAATAGGGATCAGGGCTCACATGGTTGTGGGACAACGACTTCAGCAGCGTCGCCCCCTATCCGGGGTCTCTTGACTTGACCAGCACACGCTCCTAAAAGCGGAGAATATCCGGTGAGTGTACCCAATAGCCACCGCCGAATAGCGTAGTTGGTCTGGGTTCTAACCTTGTTGGTCAAGATATGGCCATGCTC,1014,49.9,Homo sapiens
SEQ_419677,GTAGCAAACGATCCTATAATGTGTAGGACACCATCCTGACTGCTTCGGGATTTGTCGGAGCGTGTATCAATGTAGTCCTCTCCGCAAGGCGCGTGGGCCTCCGCGGCTCTGAATCTTAAGTCCATTACCTGGAGCCAACGATCCGGACACAGCCGGAAGTCCTGGCAGGAGTTAATCAGTCGGTTGCTATGACCTTATCACAGAAACCCTCGTAGAGGCTCTGGTGCGCACGTAGTGACTACTTTCGGGTGGGCTTAGGGAGGAATGGCGCGCACTGACGTGGAAGGTAGGGAACGCAGTCCGAGCGGCTCATCAGCCCAGATGGTTAAGCACCAGGTAGAGACTCTTAGTACAGGCAAGCATACCAACAACTCGCGTTTGATGGAACCTATGCTCCTAATCTGGCTATTCGATAGAGTCTAAGGTTTCAGTATCGAGCGGAGACCACTCGCTACACTCCTCTCAGAGCGCTCGTAAAGTCTCGATATCTGGTGAGTCTCAGACACCACGGAGAGAACTCCGGGCCAATAAGACACTAGGGACGGTAGGTCATTTTACCACTAAGATAATGGGACCCTGGCAGCCAACCCAAAGAACCCTGTACTACTGTGGGGTGCGGAACTCTCCTTTAGATTGGGTATAGAAAGGGACTGCTTTCCTTCCCCTGTCGGGGAGAAGCACGAGCCTATTACGCTCCTCGTCGACGGTTCCACGGGATGATCCATATAGTATCGAAAGAAAATCCCACTAATTTTCTATCGGACAGCTGGCAAAGCTGACGTAAGAATTATGTCGAGGGGCTGGAGCGGGACACATCAAACCCATGCATACCCGGCAAGCAGCGAAGAATTATCAGCCCTGCTGCGGTTATGGACAGTCGGGTGTCACTTGGCGTCGGGACAGCTTGACGTCGATGTAGATGTAAATTTCGTGTACGGTACAACCCAATCTGATCAGGCCAACGCGTGTCCTGACCCAATATATCCGTGGTATATATCCTCCTAACCTTGGGGTAATATGAAAGCGCGAGACCTTCCATGCAAAACTAGAGAGTTCCTTATTACTATAACGCAATAATTGAGATACATAAACGGGCCGACTCCCCGTGGTAGACCATCTTTGGCAGGC,1128,51.42,Saccharomyces cerevisiae
SEQ_236538,GTGTGAAGTGGGGACACTTTATTCTGCCATGTCGCAGGTAGATACGCGGCGATCTAGGACCTACGTATGTTCTTGTCATACGGTTGGTTAGCACCTCCGACGATGTAGAACTTGAACCCCTCGATCCGGAATTATCAGCCTAATAGATCATACGTTCATCCGAGTGCTGATATGGCAACTGTAGGCGTCTTACCCCCAGGGCCAAAACTCCGAACTATTAAATAGACGCGAGAATTCAAGGCAGGTACCGGGGTAGGAGGTCGGAACACTACTGTCACAGAGTCGTGGTGAATAGCAGAGTCGAGGTGTCCCGAAACTGGCTCCACGCCCTGTGTGGCACTAATGCTTCGGGAGAGAAAGGCTTACTTTACCCTTGGAAAGATTGGATATCGAGGCGTATCAAGAATAGAAAGTCTTCTCGTCCTCTGTCTCAGGGTTTCATTCCGCCCTGACAGAAACGTCTGTAGCGACATGTGGTACTAGGCCGTTCTTGGTCTAATTATCATGCAACTTGACTCTCTGGCTGGTCCGATCCTCGCGTTTCATAATTACATGTTAGTGTTCTATGTAAGTATCGCAATGTTTTATTCCGTGCTAATACTGCATTGAATATGACTAACGCTGGTGCGAGTTCATTGTGAAAAGACTGCTCGGTGCGTCGCTAGAGGGGGCGCCTGTCCTAGTCCGATCGCCACCCGGATCTCATCGACTCGCGATGAGCGGTGTCTCGTCTATGCGTTCGCATACATGTCTTGGCCTCTGCTCCCGCGCCTACAATACTGGTCCCAAAGGGGCGGGGCCTGTCTTTGTTTGTGAATGTGGTCCCAGCGCCCTACCTGTTTTCCGTCTGTTGACCGTAAGGTATTGCGACCCATGGGTTTCATTACTTCCTCAATCTATTTCAGCATGCTTACTATCAACTTGTAACTGACGAACCTACCCAGGTGCTGAGGCCAAAATATACCAATTGAGAGCATGTGGGAAGTTGGGTTGCATCTGAAGAGCAGCCCTCAGGCGGAGAATGGATCGGGTACTAGTGGGGTGCTCGATCGGAAGTATCACAGCAGCTAGAAACCTGTCATCAACTTTAACCTGAGGCCGGTACACATCTAATCCTGTGAGTAGTGGCGGGGCCTCAGCCTACGGTTGGAGGATCACGGGTTCTACGTATGTATGAAGTGTTCTTGCGGTTAGGCCCACCGAATGGAAGTCGCTCTTCCATGGAGCTCTTTAATACACCACGTGCCATACCTTACTTAACCCAAAGCGGACT,1273,50.35,Escherichia coli
SEQ_699969,TTAAACGCTTCAAGACGTGATCGAAACCCTAGTAACTGCATGTATTAGGCGTTTAATTCACAAGACCGAATTACAACTGCCAAGGCTAAAAGAACTCAGGTCCGCTTCGGCCGGGTCACGCCTCAGTACGCCCGGCAAACTTGCGGACTCCGCGCACCTCAATTGATGTACAGTTGATCGAATTCGCCATATCTGGTTGCTACAATACGAAGCCAGCGTT,220,49.09,Drosophila melanogaster
SEQ_499718,CCCTCCTAATAATTTCAGAATGGCGGGGGCGCCTTAGAACTCCGTACTACAGAAAATGACTTATTCTGCGAGTTACTTACAGCGCGCTAGTCACAGCTTATGGGTTGTTCATACAGTCGAAGTTATTCTTATTTGGGGTTTGCCCGCCTTTGTGCGATGGCGGGATCGTCCATTATAGTCATCCCAAATGGCTTAGTTCATCCCGCCCCGTATTATCTCGTCCCTCCAGGCTTCCCTAAAATGATTGAAACGTTGTGTGTAATCACCCTATACACAAATGAGCTTTCGGCATGATCCGTCGTGGCCTGGCGCTACCCGTCAGCAAGCAGTCAACCGTAGCAAAGCGTAGAGATATTCACTACAATACAGAATGACAAGCCCAAATTGGGACCCGTTCAGAGGTCTAGACCTCCTCCTTGCCACTGCGTTCAGTCGGTCTACACAAGAGCCCATAGTCGGGAACTAGGAGACATCGCTCAAGTCATTACCAAAACCCATTCAATCCGGCAGCGTGTTTGGCGGATCGGGCATCCACCATCCCTCCACGAAGAGGCGATGAAATGTTAAGGCGCCGGGGCAATGCTGTTTCTGAGGATCATTATGGCAGATAGTGGTAGAACGACTCCGTGTTTCCTATCTTGGTATGGAAATTGGCGTCTCGACTTACACCGTTCG,675,49.78,Saccharomyces cerevisiae
SEQ_639960,AGCCTGATTCCATCCATCAACCTGGGGTGAAGGGGCCTCCGTACCATCATATATTCGATGGTTAATAAGACTAATTTATATTATTTCTATCATGCACCCCTTGTCACGGCTGCGCCAGTACCCCCTTGAACTGCGAGCTACCTATTTAGTCGGAGCACAAATGGTTAGAATATCACTTAGTCAAAAGGGAATCTGACTCGCGATCACCTAGGTTCAAACTCAATTTGGATGCTTATAGTAATGAGCTCCCACGCCGGACGAGAATGCGAAGCGACCGCCAAAACGGACATCTTGACGTTTAGGTTACGCGCCAATAGACAAACGTTGAGTCCCCACAAAGGAGCTGCTTAGAGCGGGACGTCTATGGCGTTCAATTGGAGACGCGGATATAACGTGTCGTCCGACAAGCGTCATCCTTAGTCACTTAGAGTTAGCTTTAGGCGTATTTCCTTAACATCACCCGACGTGACTATTCAGATTTGAGATAGCCATGCGCTAGTACGCATTCCATATTACGGACTGTAGCGTTTAGGGGATGTAAAATAGTATCGGGCGGACCCTACGCGTTCCCCTGCTTCGCTTATCGTAGGGAAGCCGAGGCCGGGGCCGCTGCGTCCGCTGAGCTATATACTAGAAAGCACATTGTCTCCCGTTAGTCCCACTTTTACCGACGGAGCAAATCACGGGGCAATAGCAACATAACGCGTTGCCTTAACCCAATGTCAGCGAGTGGCGGTGTTAACGGTTGGTCCAGACATGGACGCTATTTCGAACAGGGGAGTAATCTGACTTGCCACGTCAAGGCGAGACCTACAAAAACACAGGAAGGGCGGTACATCTGGGTTGCTTGAGAAAAGGCCGTGTGATACTCAGCAGAGCGGACGCGAAAGCATC,894,49.89,Escherichia coli
SEQ_731441,GCCCAGACACCAATAGTTATCTGAAGTGTAACTTGCCATACAGTTGTTAAGGAAGGAGCAGTTTAGATTGACGTCAACCCCCCTCTAACGTCTATAACTCCGAGAGGGGCGCTCGCTGCGCGTCACCCAAGGCCGAAAACGGGCTGAGGGCCGGTGCCTGCATGGCGTGCAGCCGTTGTTTCCTAGCAGCGAGTATGGGCATGAAGGCTTTGCAGTAAGCCAACCCGTTGTGGTGCTTTTCTTAACATACACCATCGCGGTCAGCGAAACGGCTCTACTTGACCAGAGAGGAGTCCAGTTGGGCCATGACTAACACGAGGAGATTCGCAAGCCTAAGGTCATGTCCTTGGCGCAAAGCTCGTCGACAATTGCATACGAACCATGACTTAGAAACGTCCGAACACAATATTTTCAACGAGTCGAGCCGGCGATCCAACTATCACTCCCACGGTTAGGTTGCGATCACTGGTACGTGACAGTCGCGCCTGTAGCCATGCTAAAGTCGCTCAGATGACGAGATGTCGTTGACGCCTTTGTCAAATCGGCAGTGAGCAAAGCCCTAGACTCGTGAGTTGGACTCGAAGACCTGCCGACCCGGCGGATCGGCCCCTGATCGGCCAACTATGGGGTTTCCTTTTTCTGTCTTGACCGTACGCCCCGAACATTGGGAGTGTTTCCAGGCGCAGTACGACGCCTATTCTAGCGGCCAAGTGGGCTAATCCATGCAGAAGCCGCTACAGCGGGGATGGACGAGATTAGTATGTCGCACAATAGTTGCACAAACTCAATAATACGGTGTCTTTGCTCTGGGTACTGTAGTTAGCGGGATTCATCAGATTAGTATAGGATACGGAACTTCGGAGGGGGACGCCACGAGTGCAATTCTAGAGTCGCCGGTGCCACGGCAGTTTCGTCGGACAGGTATAAAGGGGGGAACTATCTATTTAACATATTCGTAAATGCCACTTCTACTAGTGAAGTATTTCTCACCTATTGCTCCGTGTTGGCGGTTAGGAAAACTTCGAGCGCGGGTGAGTCGACTCTTGTTTTTCTGGTTCGGCCACACAACCTCCTATGGCTCGACCTAACCGCAGGACGTATCCTAACGATGTT,1113,52.29,Escherichia coli
SEQ_380618,TCGCGGCCAGAATGAGCAGACGCGGCAAGCAATGTGCGACAATGCTAGAAAGCTCCTCAGTATTTGGGTGTCTTCCATCCGGATAGAGATTCGCGATATTCAAGGAAAATACCTAAGATTTGAAACTGAATGACGAACCTACTATGGGGCTCGGAATATTTCACATGCTCGCCGCTGAGCCATTTTAATTAGGTTGAGCGCAGTAGTCCGCTAGGCAGCTCACTCAAAAGCCTTAGATGGTTCGGAAAAGGTCTCTAGGGAGTCTATTAATCTTTGGAGGTTTTGTTGCTGAGCTAGGCACAGCGTCACGTCCTAGGGAAGACAGCGGATACATGTGCACAGCCTGACAGGCTGTAGGTGCTCACCCTGTTTTGCCCTTACTCTCAGTGAGGTCGCCAGTAGTTCTCTGCGTCCTGTGTCTTCCCTTCATTGTACGAGAAAACTATTGAACGTCAAGCCTTGGATCTGTTTAATCTGAGCACACAGACGGTCTCGACACACGAATGAGGGATCTTGTGAACAAAAACTACACCACTTCCCCGTTTTACACTAGTGAGCCGCGCTAGTGTCGGAGGATCTAATGCCGACGTTATACACGCATAATGACTTGTCAAACTCGCGCGAGTAAATAGAAGTACAACAATCGAGACATCAACTAACTTCTTGCTTTACATATCAAAGTTCAAGGAAATCTGACAGAAGTAAGGGGGTAAAGGACCGTGACCTCTACCAAGGGAGGATCTGGGATAGACAGGTATGCTATGTTATACAACGATCTAGTGGACGCTTAGACCGTTCATTCGGTGTCTTTGTAAGAGCATGATTTAATTCGAAACACGTCCAGCCCCGCCAACGGCATAGCAGGCAGGCTATAGGTCGCAATACAGTTAGCGCTCTGCTGATGTCACGCAAGTGTTTAACTCTTATTGACTATAA,936,47.01,Homo sapiens
SEQ_763417,CGAACCAATCACTATGCATCATCCTCCATTCCTGCGAATGTGGTTTCCTATGGAACCCCTATGGCTCCATACGTCAAGTTCTAGACCAAGAGTTCTTATCACGACAGAAGATCCGCCCGTGGACGTTGGGTAAGCGCCGTTTCCCGAAATATCACTATACTCGCCACCTATACCCTTCGTGACACGGCCGATGGGCGGCGCTTCTTATGGGAATTGAACCGTCAGTGTCCGATTTCGCCGAAGTTGGCCTTTACGTATAATGAATAGACTGCAGTATCGTACTTAGTCTTATTAACAGTCGGGCAGTCACATACTCGCGACATGTTATTTTAACCCCTTGAGCACCACTCCGGGACAAACTGTGCTAAACTATTCACGACGAATTACCCCTAACACATATATCATGCCCCACTTGGAGGTAGAAGGTTAGTACCATAGACCGAACAGCTAATAAGTCACTCTGCGGAATAAGAGCTCTCTGGAAGGGTATACAGCGTATTGTATTAAAGACTTACTAAACACGTCTCAGCATCTCAGCAATACAACGTTAGCCGGTTAGGCCA,563,47.07,Homo sapiens
SEQ_997867,ATTCTAAGATACGCTTTAAACTTTATTGTGACGTCGTGAGTTAATAGAGCAAGTCCAGGTAACAGGAAAGTCTATGATCACCTTTGAAAGGTATTACCCGTTCCATGCGGCCCCAAGCCCATCCAACCACGCTATTGTCCGGATTCTACTATAATCCTTGTACTCGGGAGATTGATGAAATACGGCGGTCCAGCGAACGCTACTGCGCCTTGATTAGGGAACGTCTGTGATTGTGTTCGCCGAGGCAGGCTTAGAGCTTTAAAGGCGGGTAGACGGTGACTCTTCGGTGTTACTTGGCTCCGTGAACTACGTAAAGCGAGAAATCCACGGCTCCGACCTGATATAGCCCAGGTCATAGAGGCAGAATGCCCTTACCTTAGGTCGTCCTCTCGTCTAGCGGTATAAGATACCATGCCCCCAGAACACATTTACATGCCAGCCTGGGGACGTCTGATGGACTCAACCTATCAGTATAGCCGGACTCTGTATGATACTTCGTACTGGACTGCTTGGATATCCCATGATTTGGTCCACAATTACTGTCCCATAGGACACGTCGGCGCCGATACTACAACTTGCAGCCCCTGTCACACCGTGACTACGAGAGCTTAGCGCGGTGCCATCTTAGAACCGGAGCTTCCATTGCGGAACGGAGGAAAGTGTTTCCTCCCGGCTGTCACAAGTTCCGAATAAACCGACTATTCCATTCCTCCACTTGGTAATACTCCGGGTAGTCCCTACGCTAGGGCTAAGTTGATGATAGTGAAAAAGCCTGAATAAGGTGCTGACAACTAGATACTGTACACTCTCCACGTGATGGTGCAGACAGCTTTTAGACGGCCGAGCAATGTATCCTATTTGTCCGGTCTCAACACCGCCTTAAGTCAACGGTCT,894,49.66,Arabidopsis thaliana
SEQ_555260,GATGCCATTTACGGGGTTCTAGCTTAGCATGTTCTACCCGGGACAGCAGCAGCTAATGATATAACGGATTGTTCTCTC,78,47.44,Saccharomyces cerevisiae
SEQ_820556,TTCCCTTCTATAAGGGAAATGGCTGACTTCATGTGGATGCTGGCAACAAATCAATTATATCTCTCCCCAGAGTGAAGATCCGGAGCGACAGGAAGTAAGCGCACCTACTCGATAATTAGTAGATGGGCTAGGCTCTATGCCACCACAAATTATGATCTCCTTTCCAGTCAGGGCATATCCCACTAACTACACGGTTTCATGTAGTTATCCACTGCTGCTTGCATACTGTTGAATGGGTTTTGTAGGTGCCAGTGAGAGAGATATCTGATGGGGTTAGGATACTATCCCACTATTTTTTGGAACC,304,44.74,Caenorhabditis elegans
SEQ_726033,TCTGGCCGGCTGGGGATGAGCCTCGGGATTGGGGCGATATACGGCTTGGAATCCGTTCGGTGTGTTGTACAGCAGCCCTTGGTTGTGGCTCTTGTGGTTTAAAGCCTATATCCCTCTATAGAGGATTGGATGGCGAGCATCAAATATAAAATCCTGCGAACGGACCAGCGCCCTAGGTACGGGCAGCCACCGCCGTAGCGCCGTGTGTAGGGCAGTTTGTATCAACAATTCAAAATGGGGAGACGCCCCCGCCTGAGGATTTAACCATCGGTTGAGGGTACGGTGACAACACCGTTTGCCGATCTGGTGCGGTCCATTTAGTGTAAAAGCACCCCCAATCAAGCCCCGAATCTTAAAGGATAACTAAACGGACTGTTGCTCCGAGCATCTTCTCCGAATCCCACCTAAACCTATTTTCGCCGCTTTGTACTTACATACCGTGTCCTCTATACTCGCGTCGATTAGAATCCC,471,52.23,Arabidopsis thaliana
SEQ_429559,CGGCGGCCAAGACGTAGGCAGCCATCAGGCGGGGGCGATAAACACGCCTCTGAGTCCGTTCATGGATTGGTTTCCTGTCGAACCGGCTAGGATGGAATGCCAGAGCCCGGGTGCGGACCCGTCCGAAAGGTCATAGTACGTATATTCTATACACTAGTAGCTTACCGTATGTAAGGGTACATCCAGTATGTCCTGAGGTGGGTGTCACGGACATAGGGGCGTGGTTCTGGACATTGATTTACCGTTTAAAACTGTTGTATCACGGGTAGTAATTTCACACTGTACGACAAGAGCACGTAGGCTATTAATGGGGGTCAACCGGGGTGCCGATAGCTTCTTATGACCAGCTTAATTTCTTATCCTCAGTTGATCTAACAAAGTAGATGATCGAGTTAGCGTTATAGTCCGGGGAGAAAGGTCTTGTGAAAGCCACATGCTAGACACGCAAAAGAACCTACTGTGCCTCCGTATAAAGTGCCCGTAAGCTGTAGGGATCAAGACAGTCCTCGCATTCCAAATGTGGTTACAATGTCACGTTAAGCTCTAATAGTCATCCTCGTGACTGCCATATTAACTATTGACAGCCGACAATCCCACTGGTCGCCTACCCCGAACGACATATGATGGCGCAACAGCAAAGGCATATTGGGGAAGGAACGATCAGGACATCAACATGTAGTACGATGTTCCTAGGCTGCAGGAAAAGCAATGTTGAGCCAGTCGAGCCATGTTAACGCCGTATCCCATGTACTGTTGGATAATACCAGCCGTAGAGAAGAGCTTTCCTGCCTGGCAGTGCTGGGCCTGCCAGTGAGTGCCAAGTTGAGGGTAACTGCAAGACGAAGGAATTTCACTCCAAAGGAATGGAGCATCACATTGTGAATCCATACTGATGAGGGGC,901,49.39,Saccharomyces cerevisiae
SEQ_520046,CTGCCTACCCCGCAAAGGGGCACAATCGCGAGGTGAAGGCACGTTCGGGTTTTGAAGACAGGGATCCACGGTACTTATAGACGTTTGCGCCTACCGAGGGGAGCAAGGCATCCCGGTAGCAGACTTGGCCAGCGCCAGGATATCCTACGTACTAAGTGGTTTAACGGGACTGAAATTGACCGGTGGGCCCCGCAACTACTCGCAAGCCTAACACAGGCGCATACCCAGCTCCAAATTCAAACCCACGGACATCCGCTTAATCCGCACTAACAAACTGGTGAGATATCCGCGCATTGGACATAGCCATTTCATAAAGTGTCCGGTTTCCACAATACACACAGTTTACTAGGGACCCGCTGCGAATCATGCACCCAGATGTGTCTTAAAGACTAGATGTGGATGATAGAAAATCCCACCGGGAACCATCTTCAATGAGGCTACGAACAGGGCCCCACATTCGCCAGCCTCCGCGTCAGTGGCGTGCCCCGGTGATAGTCCTGCTTTGGCGGGGACATCATGCACGGTCTACCATTACTCAGATATGATACTTTGCCTCCCCCTCCTGATAGCCCTAGATCTTTCAGTACGAGGCACTAGCATCGTACCCCAGCTGGTCCGTTTTTGGGTTGGCGACGAGTGCTATCATTTCCGCCGATGAAAAGGCGGAAGCTGACTCAATCAGCTCTTGATGCTAAGAAGACTACCCAACCTATATTCGAGCAGAAATGCTTACTCGATCCGGAACTCTACACTACCAATGAGGCTGTCGGGCCTGATCTCAACTATCTCCGAGATTATCTGATACGCTAATCACTTGCTTGATGAGTTGCAGACATTACGGCTGGCGAACAAATAGTTATTGGACCTCGTCGAACACTACCCAGCTTAAAGGTGTAGCTAGTTCAAACTACAACTCGATCCGGATTAACTGGTTCCGCATTGGTGAAGATACTACGATAAACAAATGTTGCCCCTGCGGAGTGCGAAAGCTATGCCTGATCTCTTCACGTATCTGACAGTAAGGTACGTGCCAGGCCTGAGTAGTGCGGTACGCATGCGTGCGTGCACCTGCCAAATAAGGGACTAAACCAGTCTTGCGTCTTTCAGGGAATTGGTCGTATATCAGAGTATGGATTACTCTGCCTTGTGTACGTCTCGGCCCACACCTATGACGACTACTAGTAATCACGCATGCTAGGCATGCTAAGACGTGGAATTTAGTTTAGCCACGAAGATCCCCAAAACCACAGGCGCGCGTTCATAATTTCGCTTTTACGCCACACCGAACTAC,1291,50.74,Escherichia coli
SEQ_698792,CCATAGCCATCGTGAGACGTGGTAGCCTTACAGCACATTGATTGGATGTACCTTACAATGAAATGCGGTCGTGCCACGGCACCTAAACCTACAACAACTGCGTAGATTAGCCACAGGAGATGTCGCAGGTTGGCCGCTTAATTGACTTCGGCATTTAAGGCGGCCGGGCAGGTGCCTACTATACGACGAATCTAGCTGCTACGGCTAAAACCTGTAGCATCGACTAGAGCAGTGGGACCTATCTAGTTTCGTAACATCAGGTCCTCGGTGAAACCTAGCAATCGCCTTGTTGCCCAGCTATGGGTGACGACTTTGAATTACCGATGGTATCGTAAGGACTCGCCCAACGTCTCTGAACCAAGAAGACTCCCACGAGACAGCCCCGTCAGTAACCTTACCCTTCATACGGGGCAT,414,51.45,Caenorhabditis elegans
SEQ_303129,ACCCGGAAGAGACCTGAGGTAAATCGTACCGCTACACACCTCATGACGGTGCGTTACAACGTGGGTGTGTATGACAGCGCCGTAAAGCCCGGGTCGTACAACGTACAGTCCCGACCGTTAGGCACGTCTTTAGGATTTGCAACGGCCTTAGGGACATCTCCAAGCTCTTGGATATTTCTGACACTCTCGTTGACCAATCTTGTGCTACGTTCTTGAAGAATGCGCACATCAAGATAGGCTGTGCTAGGTGGGCGAATGTCAAGCCAGTGCAGATGGAAATGGCAGCAAATACATCATCCTTTACCAAACGCTCAGGGCTGTGCCCTACTTATTTTAGAATACCCCGATATGCCGAGGCCCGTAATACTGAAGCGAGATCAAACACCTCATCCGATTTACGGCAAGGCGGCTTCTACTTACGTCCGTGTTTTGAAACCGGTATACCACTCTCGGCGGGACTTATCAGTCGTAAACCCGCCGGAAGGGTATAGAATGAAAACTCCAAAAAACTGCCTAATAGGCGAAAGCTCGGGCTGAGTGG,541,50.46,Escherichia coli
SEQ_704411,CGACATGTAAACTCGATTAGGAAGAGCCGCAGGTCCTAGGGGACCTAATCCGCCTTTGGTACGCGAGGAGTCTACATCTGCCTTAGAAGGCCCAGGAAACCACGTGCGTGAGAGCTCGTGCGCACTTCTCGTAGCCCTATAGCCTTATCACTTACTACCATAACGTAGATGCTAATCCTCCGGCGTTGGATGATTCGTGCGTGCACTTAAACAGTTAACCTTGAAGAATCATAACGTGAAAGTTAATCGCCTTTCCCCATACAGGCGCAGGTTCGAGCTGAAGCGATAACTATAGTGGGAACAAGCAGCATTATTGCCCTGGTGCAAATTGGTGGCAAGTCCGCACCATACTGTCTATTGAGTGTATAAGTTGCCGATGAGAGCATTAAAAGGGTAGACGTCATCAAAGTCTCGCAAGCGTTCGACTGAGGCGTCGAACTTTGAGGACCCAGTGCACAATGTCTACGCACAAGCGTGTTCTACTATCGTATGATGAATAAATCATTTTCATGAACTGCCCATGATTGACATGAGCTGAACTCTACGACGGACGCCTCATCCGAATCTTGATGTTACCTATAACGTAAGGGTTTAAAGATCGTGATGCTGGGGACCGGGAGTCATGACCTATGCTGTGGGGTCTCCGCCCGCGTTATATAATTATCCCAGGTCAGAAGACGAGTGGGTCCTCTGTGACTATGCGACGTATAGACAGTAGAGAACGGGTTGCGCAGTAGAAAGGTGAGCTACACCTGCACTGGTCAAGAGGGTGTTCCGATCTCGATAATTACATAGAGCAAGCGGACTGCAGGTTCCTACATTGTCATCTGTACGAGACACGCCTCCAAATGGTTCGTCCTATAGAATTTTTGGGATGCTGCGTGGATCGAGGTCAGCCGGGAGAAGCTGATTCCCGGGGAGCCAAGTGGATTGGGCTCGGACGTATTGACTGCGGACTACTCCGGTGATACGACGGATACTACAAGGGAATTTTATAACCTAGTTCCAAACTCCAATCGGTAGAACATCTCTGGTAACACGTCCCTCGGCAGCCTGTCCACCCAAGATATCCTATTGTCCAGGTGGGACCAACGTAAAGAGCCCCAGGGCACTCTCGGATCCCCTCATAGGGTCCGTGGAGGCATGCAGCATCGCTCCATGCTCAAACGGCGACATTCCCAATGGTTAAGCCGATCGTCGTATGAGTACAAATCCTACGCCAGCTCTCACCAACCTATTACTGAAGACAGGTTGTAGGCTGGCTCGCCGACTGGGTGGCCGTAAACTAGCGATAATTTCAGATTCCCGACGCCATCCGCCTGCGATAGTTAGCACGCTACCTTAATTGATTTATCAATGAGAACCAACTACATCCAGAATTCTTTATTCACGTCGCACCCCCCATTTGATCCACCCAGATTTCTGCATCTGTTTCACAGTAAACTAAGGTTCATGTTCCGGAGACGGTAATACGCTGAAGTCTTCCTGGGCACGATGTCCCTATTGGCCGCAACGTGTTTAGTGACTAGTACTTCGATAACTACCACCATGTAAGGAGTCGGTTGCCTGCTTCACGTTTGTACTAACATGGGTCTTTCCTACGCCCCTAGCAGCCGGGCGAGAGGTATCAGATGCCATCGCTACTGAAGGGTACAGAGACTGATCTCCTGGGGAAAACGGCTACGTGATACGTTTTATGTCACTCTCGCCCGCCCTACAGTACGTAACACCGGATAGCGTTCAACGATAGGACGCGCGAACTTCTCCGGTTCCCAGGGGATAATAATCGCCTACGCCTATATACGTGCCAAGTCCTGCCGCATGTTCAGTCCTAGGATTTACACAATAAGAATTTGGATTCG,1862,50.0,Saccharomyces cerevisiae
SEQ_566542,TAGACTAGATATCCAAACGGCTCCGCAAGACGCTTACGAAAAGGTCTTATTAACTACAATCAGATCCGGGTAGACCGAATGCCATTCGGCGCCCTACTGGACCGCGGGCGCATATTAAAGTTGAAGGTTCTAATCAAGCCCACAAGAGAACCGAGATAGCCGCACGTCGCTATAGGAGCTATTCTTCATATCGCTGAAAATCGTAGCCTGTATTAGGCTTACACCCCATGAGGTATCGTCCTTCCGCGTCTTATCCGCGCGGCACCCACAGCAAGAAATGATGCGAGACTACCCACGGAAATAATTTTGTGCCCGAGTTAGACTGAACTCCAGCAACACCCCGTCACCCGTTCTAACTGAGGCATGTCTGTTCGGGGTGACATAGCTGGGCTATAGTTATTGCTGCTTAACGAGTGCCGTCAACGGTGGCGATATTCCGCATTAAGAAGAAGATGGACTGGTGAACAGAATCATACTTTCCTTAGACAGTATAACAGTGATGAGCACTCTACCAGTATAACATTCCTTCACACTCAATTAGTCCGCGGTCCGTCTCGGCGCCCCTTCGGCACGGGATCTTGTTTCTATAGAGATGAGGTTAAGAAAGGGCGACACGGAAATCCCATCGAACTTGGTTGCGTTCGTGGCTGTTAGAGCAGTCTGCTATCAGTAAGTCTGTGCCATCACGGCTTGTTGCTACGGACGCCGTGCTACCCTGTCGCTCTAAGAGGATATACTAAGACTCGGAGTAATACTTCCCATCCGAGACAGGCGCGCCTCACTCGTGGCGAGCGGAAACGAACCGCACAGTTCCTTGGCTTTACGAGACCCGACAACCGGCCTTTGTGAGGAAGGTTCGAAGACGTAGTGACGCTCCCATGCGGGGCATATCCGTCTGCGGTACATCGGCAGTCGAATTCCATGCTACGTCCAATTTCGTAGAAATGTGCTGGGCCTAAGTCCAGAACCTAAACCCCTGCAACGAATTTATATCAAGAACCCTTCTTGGCAGAAGACGGAGCCAGACAAGTACAAGATTCCGTGGACGCTACATACTCGCCGGCCGATTGATCACGTTTTACAATGTATCA,1091,50.6,Escherichia coli
SEQ_661995,TCGGAGCGTTTAGCTAGCGATGGAGCGTGTCTGGCTCACCTTACCCATTCGTCGTTAATGAGGGGCTCTTTTAGAATCAACGAAGGCACGTTAATCGATGTAGACCATGCGAGTCAGGGCGGTTCACTCGCCAAGCAGTCTTAAATATTTAGTGCCGAAACCACCGAATTGGTCTCGAGCTGGGTAGAACTGCACGGGTCCCATCAGCGAGCTTATGCCCCCACTTCTTCTGGAAGGGCTCTTTACGTAATTATGACTCGCGCTTCGCATATGGCTTCTTCCCATGTCGACCCTCACCATGTCACATGGTCAAGCCTCGACTTTTTTGTACTTGGACAAAAGCATACTGCAATATATAGTTTGCGTGTCATAAGAAGGACTCGAGGAGTCAGCACCAACGAATAGGTTCCGCTTCTAGCCACTCTTGCACACATCGGTGTCCCCGCGGGATATGGACCTCCCTCTTTGGCGGCATTGTAATAAGTTCTGAGATTCGCCCTCCAACCGCCTCGTATAGCCTCCAGAGGGGTATCTGCAGTCTCGTGGCACTATGCTATGGTCCTCAACGGGCTCTTTGAGGCGGGACTCTCGTCAACTTCAATAACCCCGACAGGATAGAATGTGCTTCACATTTATGAGTCCGTGACAACCGCAGCCTCAAAGCGAGTAGCAAAAACACAAGAAAGTACGACCTACATATGACGCACTATCTAACCCGATAGGGATAGGACGCTTTCTAGATGCTTGGCGATGGTACTCCCTGCTGCGGACAGGAAAGACCGAGCTTCAATATACCTTCCAAAAATGGGCGTGCGGACCAGTATTGCACAAATTAGCGTTCACCGCACAACGGTGATGGATTACCAGGCCAACCGTTTTGGCGGGTCCCTCCTAAATCTCGCGGAAGCCCACTGGTATATATCTCCCAGGAAACCCACCAGACCTTTCGGTACCAGTTTACACCGAATTGGATGGCTGTATGGCGAATATGGACGTGGCGTCCCCACCGTACGCGCTCGAAAGGTAGCGCATCCAAGACGTGCTCAATCCGAATCCGTATATTAGACGAATCGTAGGTACTGTCGTAAAGCATCGAGAACAGGCCATGTACATCTGGGGCGATGAGGCTGCTGACGAGTAAAGCGGCACCCACATTTAGTAGTGATACTCCCAGGCTGTGGGCATTACTAATTTACGTCTTAAGTTTCTCAGAACGGAAATGAGATACCTAATACGCTAACGCAGATGCCAAAGCATCCTCCTTCCAACCCAGGGGGCGTTAAGTTGCTCTGCGCCTTTGAACAGATCCAAGACGGGTGAATTATAGCTGTAAATAAGGGTGCATACCGGGCCAATGACACTGGTATTACAAAAGGGACCGGAAAGTCGAGCATAGGCTCCTCCGGGAATACATATTTGAGCTAGGGTAGATGGCTCTAGCGCAGTTCAGACAACCCTTACTAACATACCTAATTAATGGTATGGTTTGTGAGCGACAGTTTTCTAGTACTCCTGACGCATACTGATCACTCAATAATTTAATCCGTAAGTTTCGACCTCCATTTACTACGCTACATCTAACCCACTACGATAATAAAGAACGTGGTAAGGATTCTGGAACGAAAGATGCGGGTAAGTTGGCAATCATTACTATCATGAGAGGAAGCCCCCGGTGCCATCCGCCGACTAT,1690,49.41,Homo sapiens
SEQ_944243,CTGAGCCCCAACCGTAGCCCCTAGAAACAGGGCCAGAATGACCCACACCGGGGCGCAGTCTCTTACGACCAACGCTGACATGTGAAAGCTGCCCCCTTTTGTAAGTCGCAGGCAGCGCTGCGCTTGATTTGATAATCATCAGTAGCCTTGCGCTCACTCGGTGAAGTATTGCCATAGCCACAAAAGCTTATTATAATTTCCTAAATCGAACCTATGAACTCCGTAAGCACTATTATAACCGTCGTTGCCGTGGTTGAGGCGCCAACTGTTGTATATACGCAGTTCGGTCCGAAGAACTTTCTAGCTGGCGCACTTGACACATCAATTCACCGTCACATCAGAACCCGGCTACCTTGGGGCCAAATATTTCGCCGCGTCGAAGGGGTTAACTGAGTTGTAGATGTATAGTCTGTGGCGCTTACTCGTCTCCGCTACACCGGATACCTGGGTCGACACAGGAGTGGCCGCCCACTTGGGTTATCCCGGCAGCCCCTCCTCCGCGAGACGAATGTTGGCTAGGAAACCGATTAAGGGAAGAGTATGAACTCCCTGAGCTTCTACGATAGTGTCGCGCAACCGTGCAGCCTCATGGTCGTGTGTAGTGATTTTTTTTCTCTTTATTGAGGTCTGACTCAGCCATACCTATGGCAGGGTTACATCAGTCGTTCCGGCTTAGTATATCACACGCCTGGTAAGCATACCCAAATTATAAGGTGACGCGGTCGCACTCAGTTCCTCGGAGAAATACCGGACCACGCCTCCAGGACCTTTATAAGCGCCATGAACTCCTGTCTGTGCGAGAACCTCTAAAAGGTTTTTCTGACGGTATGGAGTGCCGTCGATTCACGACTTAATAAGGGAGCACCTAGTTTCCGTGTCAGTACACGGAATTGGGTTCTCGTTGCGATCTTACACAGGGTTGGAATCTTTGTCTGCTTAGAGCCGGCCTAGCACACCTTCCTTGCCGTGAATGTGTGAATTCTGGCTGGAAGAGTTCCGCCTTCTGTTAATCGGGCAAGTGAGATTCACATATTGATAATTAAGGATGTTTCGGGATGGAGCCGTAGATGGCCTTGGATCGCGTAAACAGCCCATGGAAGATTTCATAACTTGCGGAACGACAGGTGCGACTTGGGGTAACTGTACGCTAGTAGGAATTTCAGAGTCCACAGCGTGAAACACGGCTCCCTACCTGGCCGCTAGAACCTCAGCGAATTCCTTCGAACAAACGTACTGGCGGTGTACTGTATAATGCCGCTGCTTGCGGGCAGATTTCTGTAATGAGAGCTTACAGGTACAAGAGTTAGCCCCTAGACAAACTGGACTGAATTGCAAACTCAATCGATACTATAAAGGGGGGGCGCCCGAGAGCCCAATCTCTTAATAGCGGGATTTTTAACCCGTACCGTCAATGTCGTTTGGTAGTAGTTTACGGGCTACGGTGGGACACGACCCGGGAAGTCATATTCCATCTTCGGACGTACTCTGCCAAGACTAACGGTCTCACACGCAGTATAGGATGG,1523,50.62,Homo sapiens
SEQ_704910,ATTAGACGAGGCTTCCTACATCGGTTCGACTGGACCAGACATCAATGAGTTGCAACGCGCTCGTCGACCGTCCCCATGTCTTCTGTCATACCGAACACTTTTGCTTTTTGAAATTCAATCGACATCAGGAAGCCGTCCCGCACAAAGACTTTGATCGATCTCCAATTGATCGGTGGCGCGCGACTCAATGTATTATAGCCTAGTAACCATAGCGTAGAAATGTTAAGACCGTTTATTCGTATTTCTGATATTTGCGGTTTATCCGCTACGAGGCCCTTTCGAAACACCGCGAAACCGGTGTCAGTTCCGTACAGCTATTGAGCGTAACGCGTTGCGCCAACCTGCGTATGCACTGAAAAGCTTGACGTCCCGCCGTGAGCCCTTGTTCCCGAACAAGGCGGGTAGTCTGTTTTGTTCTTAAACACGTCTATTTCGAATGAAGACGATCCCCTCAATGTTACTCGCGTGGATTGGATGCGCGGATTTCATACCGGTGATCCCCGGTGTTAACAGGGATCCGGGCCACCCAGTAGCAAACCACCTTTACAGCCCCAATCTCCCCGCCTGAACGAAGCCTAACATCCGCAGATGAAGCACAACTCATTCCGTATCCCGACGGCGGTAACAATTCCATATGGATCATCGTATTTCACCCACGTAATTACAACCCGGCAGCAAAGACGCAGTCGACCGAATACCTGTGTTTAGCTCGACTTTTCAGTTCTATAGGGGCGAACACATTCCCTCCACAACTTAACTACTACGTTAGATACACTAAGTCAAGAGAACCCCTTGCTCCAAAATTGCAATGCCTGGATTAACTATATGGTTCACAGGACTGCTTCGCTTACGAAGCCTTAACAACCCCGACCTTCTGGAAAGTCTGTAGCTGTGAGTCCACACAGGGGATTGCCGACTGCTTTCAAACGCTTGGAGCCGACCTATTCCTACAAGCGTGCCGTCTAATTTGGCACTTGGGGGAGACGCACAAAAGCTCGAGCGAGGCGGCGGATTACACGGGCGTCACTAATACCTAGGTGAAAATGGACTGTGGCTCACACGCCCTACTTGATACCGGTGTTTTCTGACAACCTAGGAGGTCTAATATGGCTGTGCCAGGGGCGTCAATTGACCAGAGTATACAATCATGCCTGGGCTCTAGAGACTTGACTCTTTGATTGAGCTCCCTGAACAGCCATACCCCCTGCATTCACGCAAGCAAGCTTTGCGCGTCCCTCACCGCGAAGACCAATTAGGCATGTCGTACTATTCCACCGACTCACTTTCGACCTTAGTTTATTTTCCACCCACACGGTGGGATATTACGAGGTGTACAGCGTGAGCAATACGTACAGGAGCTATTCACACACTGCTCCCGATAGGTCGAGTTGATTATGATTATTGACAGGCGAGCCGCGCTCCCTTAGAACGGACGCGAAGCTATGGTTAGTGATCGGCACAACTCTGTTTACGGTTGGAGTCCGCGGTTACAGTTTCCGCGCAGCTGAGTAGACCACCGCGTAGTCTACAAATATGCACAAAGGCGAGTCATAGGTCAAGCGGCCGCTAGTTCCCAGAAGATTTGCCCAGATAGTGATGCGAGAGATCGCTTGTTTCATCACACCGAGAGATTTCTTGCGTAGATATAAACGGCACGTAACGCTATACTATCTACTGCGCTCAGGGCTACCCGGAAAAGCACGACGTCATACGCCCCTTCAACGATCATATAACGTTTGCGATCATCTCCCGGATAAGTCGATCATTCATCCCGCCTTACTTGAGCCAAGACTCACGCGCTCGGCTTTGCGTACACCGCGCTCGTCTCACGTTTCGAGCACATCTGGAAGACGAATGGAAGCCGAGTGATGCATACCATGATTCAATAGGGATACAATCATCAGCTCGGATGCATCTCTGGCCTAACAGGTAAAGTTAGATCAGAACGTTCATTACATTTAACGGCAATGCCGATAACTTCCTGCCCAGTCTAGCTTCA,1999,50.03,Caenorhabditis elegans
SEQ_529297,TAGAAGACCAGTCGTAGTCATATCATAATCGAAGTGCGACAACGGTCCACGACGTATGTGCAGCACTTCCATGCCCCCTGCGCATAGATGAGCTTACCGATCGCCCGGGGAATTGTAGCGAGATCAGTCTTCAATGTCTCGCGTTGTCCCACCGCACCTTCGCGAATGGGAAGTCTCGGCTACTTGCCCGGTTCTGCTATCCACGTCTAACCAGCATCATAGGTGGAGTTCCCTGGGGACCAGGTCCGAACCCTATGGCTACCTCAGCCGGGCTAGAAGGTGGATCTCGTGTGCCTATTATGAGGCGCGATTCAGTTGTCAGCCGTTTGATTGCGAATGCTCGGAGGATGGCTTACGACCCATTGACAATCCCGGTTT,378,54.5,Homo sapiens
SEQ_939362,GTTAGGGTTCTCTAACCAAACCCCCAGCACGGGGGCCGGCACGCCGCGCTAAGTGGCCTCCTTTCCGACCTTCGGGTGTGATACAAGTAAGCGGATTGATCTTCAGTATAACTGAATTTTTTGCCCTATGGACGCGATCATCGGGCCCGACTGATATTTAAGTGCAAATCCTATATACTGGATTTCCCCTGAACTTCCCTGCGCCTTAGGAGCATCGAGAGACCTAACCCTCACCGGTATTAGTGCGTCTAATCACAAGAATTAATAATGTCTGTCTGATATCCATTTCCTGCCCAGTAAGTTAATACCACGGAAGATAAGGAAATTTGAGGCGGCACTTATGACTAGGATACAGCTATGTCCCTGCACTTAAGCCGTTCAGTTGAAGATCCACTGCCTTCGTGGAATTTTGATCCAGGACATTGGTGGGAGTCCGGCCCGCGCTGCAATGGAGACCCGATGAAGCGTGATCGCTACCGACTCTTTCTTCTAGCATATGACTAACTGCCCTACTTAATTGAGTGTAACTCAACCATGAACTCCACATCGGCTTGATTAGTGGGACCCCCTCGGTGCAATGTCTGAAATGTAGGGTATTACAGGTTAGAGGACGTACGTGGAATTGTTCACAATCATCTCAGTTCCTCTATCATGAGATCTAGTTCATGCCAGACAGCCTATTAACTCGTACGTTCGGGAAGGACGGCCGTCCTCGTGTGCAGTCAAATTCAAAGACGTGGTCTGAGTCCCCCCACTAAATTGGGAGCTATAGGGCCCAAGTGGAGTAGGCGACTCAAGGCTTTGCTGCCCAGACTTATGCTACCGACTAAGGTAAGGATTCACTTAAGAGGTCCCCGAGTAACTCCAGCCGACAACACCTTCGAATCAGCGCGTCTCGCCGTTATTCTGGCATTGGACAA,920,49.35,Escherichia coli
SEQ_940118,GAAACACGACTAACAGCTGTTCGTGAATTTCAGAAACCTTGAGCACATAGTAGACTAGGCGGCATAATGCCCGCCCCCAGAATGGCAAGCGGACGGTTGCCGAACGAAAACGGCTCAGCTTGACGGCGGTCTAGCCGCCACATGACCTCGGTAGTGTCCAAATGGTAGATATGATCGAGATTGTACTACTAGGATGGTGGCGCCATCTAAGTGAGATCTGGGA,223,52.02,Arabidopsis thaliana
SEQ_117030,GGAAGGTCCGTGGATCTCATTTTAGGGGGCTTCGGGAGCGTCAACTACAGTGGAAGGAGGCCGACCTCACACGTTTGAAGCTTCGACGACGATTAAGAAGAGGAATGGTCATGTACGATACGGTCGCGACACCTGATGTATCAAATCCGTGCCGAGTATGAACACTTCTTGGCCCAACCAGGTGCCGGTGACGAGTTATGCCCCTGGCGGAGAGACACGCTACGAATAAGTATTGCTAACGTACCCAAGCTCTGTCTGGGTGATGCCCGCGTGTAGGCTTAACTACGTATATTGTATCGTACGGTTTAACAATAGCGACACGCTTGGCGGTCTGCGTCACGGTGAGCTATGCCGTTGATATGACTGCGAACATAAGTTGGAGGACCACGGTGCAAGTGATTCCGCCTGAGTTACAAACTGGGTTCCTGAGAATGCACTGCCCTCCTAAGCTGCCCTTCGAATCGGCACCGCTTTGTAGCCTACCAATCCGGCACCCGCTGTCCCTGCGTAAAGCTCGAAAACCGTCTCAACGCTCAGGTCGGCAGCGGGTGTATACTTCTTCAGGAGCCATTTGAAAACCGTTTGTTGATCTATAATTAGAGTCAGTGTAGTCATTCAGGTCCCATCTCATGTCCGTGACTGCTCACACCCCTGCGGCTTGTTAATATGCTGTAGCCCTAACTATGTCGTAGCCTCTGCATGTTCTCCACACATAGAACCTGGTGGACTGGAGTCACGGCTTTAAAGCTAAAGTTTAGGGGGCAAGGTAATTTGAATACATGTATCGATATGCCAACTCCACCCTAACATTCGGGAAGAAGTCAGGTCCAATACCTGCCCTTGTCTCTGGAGCGGTTATTTCCCGGCCCTTGACTTGAACGCCACCGGTATATAGCCGCTAGGGACTCCACACTAACGCGCGGAACCGCCCCCTTACATCAAACAACGGCTGCCATACTGTAGCACCACGTGCCCTTCAGGGAATTAGCTTCTGACAAGTCGATCGATCTTTTACGTTTAGCCTTGTCCAGTGGCCAACCCCGCTGTGGTGTGCACGCTACCGATAATACTCTGATGGGAGGGTTACTACCAGACATCAACACATGGCTAGAAAGTCGGCATCGGTGGGGGCCTCAGGCAAGCTCGAATAAGCGTCGAAAACCTGATCCATCTCGTTAGATCCTTTGATCCTCACAGGGAAGACTTTCCGATTAATTAACAGCTGGAACCCTATACGTTCAAGTGTTATAGTTGAAGTCTTGAGATGGGTTGTTCGATAAATACCCTTTACGAGAATATGATGCGAGGCTCGTTCTGACGAATCAACGTACTGTGCGCAAATATAACGAGAGAAAACAACGCCTGCCACCTTTCACAGATGTGCTTATGTACAGAACTGATGTGGAAGCGTTGATTGAGTTATGTTTGTCTCGCTTGCGAAGTGAAATACCACCTTCGTTCGCCCGTGGGACGTAGTGGCCGACGCAAAACTCCACTTCATTGAAGGGGGCTTATCTACAGAAGCAAATCGGGCGAGAGTTCCGATACTCCTATAATTGGAATCCTCCACGAATTTACCTTCTTGCATAGGCTGCCATAACAGTGGGTTGGTAGAGCGCGCACACGTCTTATGACGTATACATTGCTAATCGCTTTGGCATATAAGTCATGGAATTCTCGCGCTGCGAATAGTACAGTTTAATTAAGGGCCTCTTGACGTCTTGTTGCGGCTGCGTATGTGGTTATTCCGTAGCCTTATGTGGTAGTTAGGTCATACAGCCCATGCATAGGATAAAGCAATTCGTCCATGGTCAATTTGGCTTGTATTAGGGGATTGTGAGTGAGATTGAGACAAGAGTAGATGAAGCTAGCT,1873,49.33,Escherichia coli
SEQ_136668,TTCACTGAAGCCCATCTTGGATAACCTACCCGGGGCGATCTCAGAACAATGACTCCCGCCGCACCTGCAAAGCGACTGGAAGTCTGCCTCCCAGGATCCATACTATTTGATGTAAACATGACTAATGGCTAAGTCCAGTAGAGTCGAGAGCCGTAGGTAGAGATCGCTCGCTCCATAAGAATTCGGGCAGTGTCGATCACGATGGTCATCGCCTCATGTCTGCACCAGAGGATGCTCCTGCCTTCAGGGACCTACGTAGTATGGTCCCGGCTCCAAGACAGCGGATGTTAGGACAAAGCTGTGCGGGTAAAGGCGCTATGCCCGCTACGTCGTGGAATGCTATAAAGCATTTCGTTGGTTCCATAATCCTGGCCTATTTTCGTAGCAGAGGCTTGAAGACGGCTCCTGCCTCCATTCTCAACTAGGATAACTGGAACCACGAACTCAGCAACTTGGTCTAGGTGCTCGGACCTCAGACAAGCAGCGAGTCGAGTGGTCGCAGGCACGGTCCGGTCAGCGAACGCGGACCACTTATGTCAGTACCATCCCTCATGTAGGGCGCAGCTTAGGGGCGTGCACAGCAAATACGGACTTTAATCGTCTGTACGGATTCGACGGCCGACGTAACGGGGTCTCAGCGGGATCGAGGAAGCTCCGAGAAGAAATCTGACAGGAGTGACCCGCCGCGCATACGCGTTACGTACCGGACGTCTGAGCGCGACTACGCCGCGTGAGCGCGACTCAATGCTCCAGTATAGCAAACGCAATCGTGGAGTAACTGCTTATATGTCTTCGTCGTAAAAGAGACTATGTGCTGCCCGGTGTCTAACGGGTCGGGAGGCAGGTAGGCGCAAATCCAACCATGATGGTACTCCTCATAGCGCATCGAGTCTAATTAGTCCCCGTCCACCGCGTGCATCTAAGAGGACCCTCCGAATACGCAAGGGGAAATGACATCGTATATTAATGAGTTTTGTTATGCCGGGAACTACGCTTACAAGGGATGGCCTCTCGGCCTTTTTATTTCTTAGAGCAGCCAGAGTATTTTGGGTATCAGTTTGCACATTTAGAGAACCATGTAGCCCTTCTGACATGTACCCTCATCGGATTAGGCTCCGCTCGTCCGGGGTTAACAAACCACAAACCAGTCAAAGGAACGATCCTTACGACTATTCCTGCAGATTTTAGCAGAGGTCCTCGGGTTTAGTTCTGACCATTACGAGTGCTACGACCCAGAATGGCGCTACCAAAAGTCAGCGGAGGAAAACTCACTTACCTTCATTAAGGAACTTGCGGTCGAGACGGCGCGGCGCGAACAAGCGGTCTCGTCACTTCCATCACGCTGAGAGCCTTGACCGAAGCGTGTCCAGCACTTGCAAAGTGGCTGAGTTAACTACTTTTCTGGCCTGAAATTCTCGCGTTATAGTATCCGGTGTTTGACGTCCCGCAAGGGTACAGTATAGGCCGCCACCAGTCGAACGAGGACTAGATGAAGAGGTGTCCCCGTCCATCATAATGCAGGGATTAGGTTCAGCTACGCA,1541,52.69,Escherichia coli
SEQ_795376,ATCCGGATTAACTTTAAGTGGGAGTTTTAGGATGTCAAAGGTCATGGGGCCGAAAAGCTCCACTTTAGGTTCCTCAGCAGGTGGGGTGTTAACCTCAATTCTAATGACATGAGGCCCGCTTATATTATAGTCAATTTACCTATAGGGAAGCCGAAAACCGTTCTGACGGATTTTTTTGAACCTCATGTGACCTGAGCCAATCGCTGCTTCACGGCAAGCAGCAGCGGCTGCCCAGTAGAATAGCTACGCTACGTTTCTTCGGCCAATTTTTCAGCTGTTTCATCAGGAACCGTGGTCGGGAAAGGAAACTCAGCGTCAGTCCTAATAACTGAACGAGCTTGCTCATGTTATTTCAAAGAACGAATGGCGTGTTTCACCCGGACCACTCTGTATTAAAGCTATAAGGAAACTCTTTTGTCGCGAGCGGATAGGTAGCTCTACCGAGATTTCTAATGCGAAGTTTGTGCGGGGCGAGCTAGAAACGGATCATCCCTATCTGGCCTACGTTTCTCGGGCGACAATCAGTGTCCGTAATGAACTAGATCACGGTGCCCGATCCTCGTGAACCCAAAACAAAAGGTTCAAAAGCCCCAATTTTTTTGATATGGAGCGGAGCGTCAGATATCAATGTTTACTCGAGGGAATTAGATAATAGGAGTTAACTTCCCATACAAGAGCTACACATAGACTGTGAGGGCGATTTTGTGGGCCGGACCGCGTCCTTTAACCTTGCGGGCCGCTCGCAGCTACAAGCTTAAGGCCAGCTGCCCCTTTAATTCCCGGTCCTAGAGACCCTATCATAGAGTCGCCTTCACTGGCCTGTTTCGTACGTCCGGAAGGGTTATCAATTTCCGATTCCCTCTAACATAAAGTAGGTTATGCCACTTCGGGTTTAGTAAAGTACTGGAAAAAACGTGGCTGATGGTATCCTGTTGAAATATTATACAATCATGAACATGCAACTGCTTAAATAACCACCTTTGGGCTGGCCAGAGTGCTAGCGGCATATTTAAACTTAAGACTGTACACGAATGCCGGGTACCAAGGGCGGGCACTAGTATCTGGGCTGCTAACCTGCTCTCGCACGCCCAGACCCGGCAACATCTGATGCGATAGGGAACTAGGTACGTCGATTTTTTCGATGCGAACTATCGTAATGAGCGGCTACACGATTACCTTTCACGCTCGTGCTAAGGCCCTTTAGCTGCAGTAGGGGGCACAGAACCAAGACAGTAAGGAACGGATGGAATAATCAGTTCATTTCCGGTATTCTACATTTTCTTCATTAAAGTTGACACATCCTAGCTGAGGTTGGACCCCCCACGCACCTAACTATGTTAACAGGGTGGCTAAGGCACGGTACCG,1365,47.77,Drosophila melanogaster
SEQ_673958,CAAACCAGAAGCTTAACGTGAGCCATGTGTATGCGGGATCAAGCCGAAGAGCCATCGAATAGGCCGACTGATAAAGGTAATTTTCTTATACTGACGCACACAAAAGCATGTAAATTAGTTGGCCATTCGACGAAGTGTCTCCGCGATCACTCCATAAGCCTTCCGATCTTCAGCTCACCGGCTGTGCTATCGGTTCCGGCGAGAGGTAAAGATACCGTCCGTGAGAACCTACGTGAAGGCAGGAATTCCGTTCTACCCTACCGGGTTCACGCGCCGTCCCCGAAGTCATTGGAGTATCAGGCAAGTGGTACTAACAAAAGTAGATACGCTACAATTACGACGGAGGGCCCCGAATCTTAAAGGCTATTGACTCTCATTATCAACCAGAGCCTAATATACGCTAGCCGGGGATCATACTAGGGTGTTGGGGGCTTTCTGTTGCTCACGAAGCTTGGCCGGCAGTAATGCAAGGAACAGACCCGAAGCAGGAGCGGGCGGACCGAATGAGGGGGCGATGGCTACTGCATCGTTGCACACGTAATCCTGCGGTGTGTGAATTATAGCCTAGCCTAGTCCTCCATCTTACTATTGTCTGCCCGTTGGATGTAGGCCACCGATGACTCGGGAAAACGCTGGGCAGAAGCTTAAGTCAAACGTGCCGTTAAATACCCTACGCGCTCGGTTAGAGTTACGCGGCGCGTGGAGCTTATTTAGGGGGGTTTGGGTGTGTAGGCGCCGAGGAGAGTAAGAGAGCCGGATGTATCCTGATCCTACACTAATAGCGTCAAACGACGCTTTTCTGACTCTGTTGTGCACTAGGCAAAGGCACCTTTCGCGGTGCATCCCGCGTACGCCTCCCTCTCTATGGGTTACACCGAGCTGGCGCCCAGACATATTGATCTAATCGAACTGTCAAGAGCGTTTAGCCATGTAGTGTTTCTGTAGTCACCGAGTAAAATTTTGAGTGAAGGATAAGGAGTTATAATAGCGCGACGAATTTTTCTGGTCACTCGACAGGTGTCCATAACCGAGCTCGGGAGTAGCCCTAGTTCCATGCTGTTACTTAAGCGTCCGACACCATTAGGCTCAAATTTGAGATGGCTACGGGGATGAAGGCGATGGTACTACCA,1130,51.15,Arabidopsis thaliana
SEQ_740588,ACTCTCCCGTCGACCTGATGCATAAGAGACATACATAACTGCTCCTGCAAGTAGCATAACTTGACATCCAGGTCACAAACGCATAACAGTGTACCTTGATGTTCATTATAGTTTCGGTGTGTGCCGAACGTCAGCTGGTCTGAAATGGCCGTGGTCCGAAGATAAATATCGTGAGCAGGTGATGAGCATCGGTTCAGTTTGCACAACGGTCGTCGGAGCGTGAGGGTCCCTTTGGTAGATGACAATGCACAGGTCGGCCGCGATGCCACCGCCCTTCCTTTTTATAGTCTCGGCAGCGGTCAGGTCATTCCTTACGTAAGGGAACACTAAGAAAAAGAAGCCATGATCTTACGGAATACGCCGAGTAGTCATCTAATTACCAGTACGTGTGTCTAGTAACACCTAACAGCCCAATCGCTTGCGTATAACCTCAACTAAGTGCTAGTAGTCTGAACATAGCAAGGTCGTGAGGCAGTTCCGATCACGGATGCCTACTGTTTCGAACCTGACAGGCCTGATAGCTTTACCATTCGCGTAGATGCCGGTCCGTACAAAGTGCTCAGTGAAATCGGTCTATGCGACCAGATCTACCGAGGACATTCTTAGGATAGCTGACTGGTGGGTGAGAGCATGGCAACCAAGTGCCACGCTGTACGTTTACAACCCAAGGATCGTTCATTACGGAACTTTCACAAATTGAGATTCTGGATGAGACAGGGCCCGGAAGTCGACGCATCCTTTTGTTAAAAACGCATGCGACGATACGGTAATCTTTCTATATCGCGGGAACGTGACGGGAGGGTGGCGGCTCCAGCCTCTCTAGAGGCGTTTCAGCCCATATGTTAACACCTTCGGGCACCGTATAGTTTTACTATATTCTTCGCGTTTCGTGTCCCCCTCAATTGCCTAGGGCTTTCTCCTGAACTCCGTGTTTTGTCATAAGCATAGTATCCCACTCTGGTCCCGGAGCGCACGTGTTCCAATGTACCGTTGCTATGCACGTGTTGCACATCGAAATTGATACCCTGGGTACAAAGGTAGTTCCCCAAGAGCAGCGTACTCTGGTACAGTCTCGATCCGCACATTCAACGCTTCGACGGTCGTTTAAGCGGCGGAGGCCCTAAGCTGTCCTGGGAAAAGGGAGCGACAAGACGTGCGGCTACGACGGAACCCGCTATGTCCGGTAGGTTCCGCCCAGGCTGTGAGTGTATCGAGTTGTCATATCAGGCACACTACCGCATCAATGGTCCTATACTCCAGCGTGCTCGCAACTGGCCCATCCGTTGTGTC,1290,51.01,Arabidopsis thaliana
SEQ_907523,CGACGCTTCCATTAAGCAACACGTCGGTTGATTGCTCCACTGGGAGCATCATGAAATGATACATAAGTTGAGGAATGAAAATAGAATCGCCGGAACTGTGTATGAACGTCGATCTTTTATACACCCCGGTTGTTGGGCAATTGATGGAGCCTTTACGACGCTAGACGTTTGCTACAAAGTCATGCTTCCGGATCATATCACTCTATCCTTTTCAGAGCCGGAAAGTGTCCCGCTGACCCCGTTTAGAGACTCAGTCTTACCGTGATGGTACTAGTTATGGTTGATTAATCTAGAAACAATGACAGGGATCGTGGTTAGTAAAAAGGTTCTTTCTCCCAAATGAGAGAATCGCGATAGAAATCCGGGCTTAGGCCCAACATTTGTCTCGATCCACTGACGCCTTATGTCCGGGTATCTTTTCTATAGTCTTACCTTTCACTTTGGCCGAGGGTGTATTGTGAGGAATTGAATGATGGTCACTCTATGCGTACGCCGAGGGGGATTAATGTGTACCCAGTTATACCGCCTCGCCTTTCTCAGCGGGTCGACGACTAACTCATATGCGGGGTCACTCCTGGTCAAAGACACAGAACCCTATGAATCACTATACAAAAGATACGGCAGACCAGGTCGTGCCTAGCGAGTTGAAAAGCTCTTGACCGTCCCCGTAAATTCAAATGAAAGAGTCCCCGTTTATCCGAAGCCATAATCTAAATCTCTGCCCCTACACGTTCAAAATTAATAAACTACTCGTGACGCTCCATGTCACGGATGGAACCCAAGATGACCAGTCCTGCGTTCTACGGACTATGTTGGGGAATGCTTCTGTCCCCTCCACTTATGGGCGCACCATTGCGGTAATGTGCTTGAGTGCGAC,877,47.21,Saccharomyces cerevisiae
SEQ_999507,ATTGAATTCTGGACCTAGTTTCCTTCCCTCTGTGGTCGACGGTGATACCAGGTCGACATATCGTTGGCAGACTTACAGACAGTGAGCTACTCTCTTAAGTCCGGGGTTAAGGAAAGTGTATAGTTCCGATGGCTACCTATCTTGAGCAGGGTATGTCCTAATGGGGTTTTACCTGGCACAGTTCTATATGGATGGAGGGGACACCATTACCTTTACCTGGATCCGTCTACTCCTTTGTACGCGACAGCGCTGCCCACTTATGACTCTACGGGCCAACCTTTAGTAACTTGGGGCAGCTGTTGGTGCCCGACATCGTTGACAGTGTGTAAGCCCTATCGAAACGGACTTATTGAGTCCCCGGGTTATACATACATCTATGTCGTATACAGCCGACCAAGTGGGATTTTACAAGCCCGATGAGGGACCGCTTCAGAGAATCGCGATAGCCAGCGGTTGCCCACTCTTTTCGGTCCAACTTACGTTGGAGGCGTCCATCATTTAGTAGGTTGGTCGTAAAAGGCTGTGCTAAGCCTCTATCCCCGCTCACGGCCTTCGCCGCGGCACTACATTGGTTGTATTCCCATGTATCGATCCGTTTGTGGAATGTGGAGGCGCTATCAGATCTCCTAAAGCCGCATCTGGATCGTTTGTCACTCCACTGGCGGGCGGTCAACACAGAGGTTTGGCGCAGGTATGCCCCACCGTAGAGACTGTGGCGCCTCCTTCCAACGTGCTGAGGAACTGCGCAGGTATACGACAAGCCCATTGCGGCGCTCCGATCTACATGCAGAGATGTAACGCTAGACTTCTGGTCTAAGCCTAGTAACCTGTATAATCTACCAAGCCTCGTCCTGGGCCTGGCCGGCTATATGTCCGAGTCACTTTGGGGCCACAGAAACGGCACACTCATCAATCAACACCCCATTGAGCCGCTGTAACTGCCTAGGATAGGGTCTGGAAATAAGGGGGTCCTATAGCGCATCGGTATTCTGATGACTGAACGGGTCAAGCGGAATCGATTCAGGTTTGGTAGGAGCGGGCCTAGGGGAATCACGTAATCCCATTGGGAATCACGAGGATTTACATCGAGTCCGCAGGTGATCGACAGCATCGCACATAGAGACACGACTCGACTTTCCCTTTTTTCGCACGCCACCAATGCATGACTGATCCACGTTGTGTCCAGTTATCTCGCGCGTGGATAGATACCGTTTGACATCTGGCTAAACGTAACGCGAGGAATTATCCTACCCGCCTACAGGTTGAATTTGTCGCATTTTGGCATGGCAGGGCGTGTATGGGAGACACTTTAAGACTCATGCTGCGTGTCCTCCGCGCGTGGGATCCTCTTACATTAAAGCCTTAGTGACTACAACCGGTTACTCCAATTGAGGGTCGCGTGGATTCACCCGCGCTTGGGTTAGGGCCGAGTCCAGGTACCGTA,1444,52.22,Caenorhabditis elegans
SEQ_258936,GAGGTCATGTAGGCCGGCATTGCCGCAGTTTCACACTCGACTCGGGCCGAGTAACTAGTGTACGATGCCCGACGAACATTTCCGTGAACGGCAACTACAATCATGGGACAAGCCTTATTACGGCTAATTTTGATTCTCAGGCTTGGCGTGTGGAAGGTGTTGTCATTGTTCCGTTATCATCTAACAGGGGGGCACGAGCCGTTTACGTGTTACAACCTTGAAGCGGCGCTATATAAGAGCCGGTTCAAGCTATTCACCATCCCGATGGGGGTCTCTAAGAGGGTCACGTTTTTCTTGGGGCTACGTAT,308,50.97,Homo sapiens
SEQ_134409,GAAAGGGAGCTAGTTGTCCCGTAGCCTCTAAGGGCTAGCCGCTACAACCCGGCATCTTAACCCGGAACGAGCAGATTTCACTATAAGTTCCGGAAGAGATGCATAATCGCTGAGTGACTTACAAGGCATCATCGGTCGTTACGGTGCTCTTGGGATCCTTGTCCGTCTTGAAGGCGTAAGATCGCCGGCACAACGAGAGACCTCCGGTTATCCGCCGCTCATAGGCTCTTGGCCCGTATTTTACCTGCTGCCCTTTGGGCCGTGTGTGTGCTTCGAAGAGGTGGTAATTACCTCATGAGCATGAAGCTTATCAGGGGGCCCCGATTTACTAGCTGGATCACGATTCAGGTCTGACCAGGTTGGAAAGGCTAGTAACTCGGGCTCTTCAAACCGCAGTGCGGCTTTTATCGTTTAGGTTCGGAAGCGGTCTTCGGAGCTTCTTTTACGGGCGTGATGTCTCTCCAGCGCCTTAAAGCATCTCCGCTAGTATGTCATAAGACCGAGGCAATGGGCTCACGACGCAGCCCGTGAGTGCTGGCTGTCAACTCTTTCACGTGAGACGATTGCTTAGCGTTGGGGCGGTATCTGGCCACGGAGGGATGTCTACCAGTGGACATTATAACTCGGTGGATTGGAGGGATCCCCACAAGACAACCCAGGCTCTGGCTCAATGGCAAGAGTACACCTGTAAGATATCGAGGCTAGGGCAGAAGACAGAGCTGGTTCGCCTGTCCGATA,738,53.66,Arabidopsis thaliana
SEQ_605572,GGTTCATAAAACATGTAAGGCTTAATTACAGACTTAACGGAGTGCTGTCCACGGGCGTGAACTGGCTCACGCCAAGGGTAAGTTTTACCTCATCAAAGATACGGCAAGGCGTGATGCCGATTAAGGCCGTTTCAAGCTGAAGCCCCGTAAGTCCTAAATTGGCGTTAGTAGAGCTGCGCTAAGGTCTCGCCGCTCTCCGGAATCCCGTCTGGCTGGTTGGTCGCAGCTCGCGTTGTCGTACTAAATTCTCAAGCGCTCTAGCAGAACACCGAGACTCGGGCGTGGGGTACCGCGTTCATGAGGTAGGCGGGTATAATAGCCCCCTGTCCATCGCATCACCACCTACTGCAACAACTCTAAGAGGGCAGACCGGTGACCGGGTACGCTTAGTGGGTTCCGCAAAGGTTAGTGGTCTACAGCGGCTGTTCTATTATAGTGGTTGGCTTCATCCGGCGCGACACGTATGGGACCTCTCTCAAATTGAGCATCTCGGTTCCTATGCCTCTTCTGCGTCTTGCGAAGTTCATTGCCCCTTATGCCGCGACGCATGTCTTCCAGGGCAAATCTGGCAAGTAGGTATTGACCGACCCCCCCAAGATACCTCTTTGCGCGGGAAGCTAAGACGTTGGTTTCGACCGACTCGCAGGGGAAGCGACGTTACCAGCTTGTGTACGTTGCGAAGTGTTCGGCTACTGTTATTCTTCAAAGCCGTCACTCTTGCCGGCCTCTTTCGGATCGTTACGTCCCAGTTAATTGATGCTTACCACACGCAAGCGCCCATCCGCGGTGCCATAGAGTACGTAACACTTTAGGACCAATCACGGCGACTTAAGGCATGCCTCTCAGATTCCCGGAACTGCCGTTCTCGTCCCCATCCAGTACCATGGGTACAGACTTTTCCTTCCTGTATACATACGGTGACTAACCCAAGGTAAGGACCAACTTGGGTTAAGGCGACGCCGGTCGGGTCTTTGCTCCAAGGGGGGCGAAGTCAACAGTAAGTAAACAGAGTGTCTAATTAACGGGCCGTCTCCCACTCAGCAACCGATACAGGGGACTTACTCGGGTACAGGGATAAGAAAACAGCCTGCCGATGAATCTAGCTGGCCAGGATCGCACTGCTCTTCGCTGGTGCCCACCAATATACTGTCCTGAAAATATCAGGTAAACGTAAAGGTAGGCATTGTAATGCTAATGTCGTGAGGTAGTAATTCAGGTTTCCCCCATTAAGGGAGATTTATAAATTTGACTCTATTCGGCGGGCATGAGGAGCTCCTAGTGTTGCACCCCTATGGAAACCCAACGGCAATATAAGATATATTAACCCCCCAGACCGCACCTCTCCGTAAGGCTGGCTGGTGTCGCAGGCAGTAGATAGAGCGTTGAGCCCGCATTGTCTTGGGCGATAGGGACGCGTTGTTGCAGAGAGACTGTATCTACAGTGACCTGGATAGAGCGTCTATCACGCAGGCAGATGAGTCATTTTGTACAGAAGATCGCAATCCGTGCACCGTAACCGCCCAGCTTGGATAGCGTTTTTGCTATAACTCCAGAATACTTAAGTAGTAAGGCCGTTGTACTTAAGTGGACGCTACAATAGTCCTAATAGCAAAGGCAATAGCACACTCCTATATGTCAACCTAGCCAGTTCTTTAGATCTAAATGAGAACGGTAGCGGTACTGGCCGTCGTAGCTTCATTTTGCCGCGTATGGGACGATGTGTCGCAGAATGCACTCAG,1739,51.47,Mus musculus
SEQ_548832,TTGAGATACCGTACTGGTCGCAAACCACCGGTAGAGGGTGCAGGCAACGTTCATCTAGCGAGGACCACTGCAAGATAAGCTCGTCAGACGATAGAAAAAGAGATATTTGCCCGCGTGTGTGATTCACAATCAACTCTGTCTCAATCCGAGGTTTCACAGCTCGTTAATCGTTGCACCGTACTATCACCAAGGATGGCGTCGTACCGGCCTGCCAATGGATGCACCCTTAGAGATGTTTCGCAAGAGGTATTCGTAATTTGACACTCCATGGACCGTAATTTAAGCGACTGAGTAAGGATTGTGCCAATAAACACCCAATTTTCCTTCGCATTCCTATACAAGATAATTATACCCGTTGATGCGTTACCGCACTATTATCGCTATGTAGTCACAAGAGGTTCTCGGGCGCCATATACGATGTCTGCCTGCGCCCAGAGCTGGTCGAAGTCTCATGCTGTCGTCCTCGCGCGGGCCTCACGGTAAGGCCGCACTACCAACCAAGGTACCAGACGTACCGAAGAACATCATTTATGGTATTAACTTCCATCGAGAAAATTGTACCTTAGCAGTATTGCCCTCCACTACCGTAAAAACAGATTTGCTCTCTCGATTGCAAAACGGATATCTTGTATTATATGAACCTGAGGCCTAGGGTGTGTCAGTTATCGGACACTTGGCGCACGCGCTGAACTTGCGAAGATCCAGGTCCGGAAGCTTAGGGGAAACGATGTATGTCGGACCCACTTCACGGGTATGAAAACCGTTCGTATAGTGACAGTAACCGAGGATCCGTAGGGTGTCAACACTGCCCTAAAGCTCGCCTTTCAAACAAGCACTTACGTAGGTCTCTCCAAACCATATCGTCAGGCTACCAATGTGTTCAAATGTTCGATGAGAATAATTAGCAGAGAACCGATGCGTATTCATCCTGTACTACAATATAGTAGAGTTCGTGTAAATCGTTACTACCTGATCGCCTCTCTTTGTCAATAACTTCGGGTGTTGTGTCGTAGCCTACTACTATTTCTGATAGCTCCCGCGTTACCCCTTGGAACGCGTGCCGCAATGTCTACGAAGGGAACCGTCTGGGCAAGATTGGTGCTCGAAACACAGGACACGCCTTCTTGTGTTCGATGTGTACGGTAAGAACCTACAAAGGCTATGCAAAGCAATTTATACCCTAAGTCTGACGAGCCAGGCCGGTATCACTCCTGTTCGTAAATCCAGACGAGGCAAGCGCGTATTACGTTGCCGTCTCGGCAGAAGTGAGATGGATGGCTTGTCTGCATCATTTCTTTGTGCCCAGTGGAACCACCCAGTGCTTAGCCCGACGGTTACTTCTTGACCGCGTTAGTGGCCTCGCGATTTATTATCCCTAACCTAACTTTTTTAGCTAGCACACATACACCTAG,1412,48.23,Homo sapiens
SEQ_755969,TGAACGAGGCCAACCCTCTTAGGCGTTGCGGGCTCTGTGTGATGCCTCAGATTATAACGAGAGAATATCCTTATGCGCCCTAGTGACAAGACTTCCGCCAGCCCCGAAGTGGGGGCGCGCCGGAGATGGATAAAACCGAGATAAATAGAGACGCCGCCTCTATAATCGCCTCGCAGAAGCAGCATGAATAGCCGGGGCGTACAAGTTACTCCATGTTTAGAATACACCAGATTCACTCGCGTGGCCCTATAGAAAACCGTGCCGGATGTCCAGAGCGGCCCTAGTTGCAAGGGTGTCGGCGAGCACCAGTGGCCAATGGGCCATACCCTAACTGTCAAGAGAGAAGAGTAGTGGAGGTCTT,361,54.29,Caenorhabditis elegans
SEQ_411492,CACATAAGTACGTACCCTGAACATCTTGTTACCATAATACGCAACGTCACGTTGCGGTGAAAAAACAAGGATTAGTACCGCGCGTAATATCCCGTCGACGACACGGTGTATCGAAGCACACCAACGGTACTCGCTTCTTTACTGCAGACATCGCGCTATTATCATCAAGAACCCGTTGGGGGTACATGCTCGATTGAGAGCATTGACCGCGCATTCGCCTTAAACGACTGCCCGTTTCCATTGGCTACTCGTAGCACCTATTGCTTGCCTAGTCACGGATCACCGCAAACCGACCATTGTTTCTGATCTCTTGAGTCCCGAGTTTAGCGGGCTCTCGCGACGGCAGTCCTCGCCGCCTGTGCAGTAAGCGGACGAGGAAGTTAGAGTCAATGCCCTTTTGCTGGGCAACCGTGGGGCTGCGCCAATGACTCCACCATGCCACCATCGCCGAACTCGGGCAGTATTGCAGATATCCTCGTAGGAACGGCACGTGTAGACAAATCTGGGACGGCCCTACGGAAGTAACTGAAAATTGGGAAGGTTCTGATTGTAGCAGGGTGCCACGATAGAAGCGCCCTTAACGTCTTCATCAATTAATGTGAGTGCCTCGCGTAAACCGCAGCGGCAGCATGCATATTATCTCGGCTGCCCCCGTGGTAAATCGGGTCCTGACACGAATCTCTTATCAAAAACGGTCGGTGTCTAAAACCCATGATAGGGACGGCGTTGTTGATAATCGGTGTCCCCCCGTGGGAGGATACGAATCCCAAGGAACATGCGGACATTAGTATCTTTGAACCTGTTTTGCTATAACGCCAGGACTTACCCACGGGCGCTTCAGCCGATTAAGCATCCCACGCTGCAGACATCGACAGGTCATATTGTTGCGGGACCAAATTCTGCCCGATGTTGAGTATTTGATAGGCTCATGCTAGCCAGGTGTCGGGCCCAATCATTGATCTAGTATTACCCTACATGGATCTCGGCCGCCTATGGCTAGAGTTATATATAAGGGGGCCCTCGCGCTATGTCTGGGTTCCTGGCGTCGGCAGCCCAGGGATATCATACTATGTGTGAACGTTTGACGTACACGGTACCTTTTCTCAACACTTTTGTCCTCGTGTCAGCCAGACTCGAAAACCCGGGCGGGTCAAACTCTTAAATGGCATTGTGCCTAGCGATCGAGGGACACTATACGCGAGCTCGAGGCACCTTGTCTCTCGCATTACACGTCCACAAAGGTACGTTTACCTTGTATGCTAACCCGACTCCGGACCATGAAAACTAGGTCACCCAGCTTGACAAGGCATATGCATACGCTGCGAGAGTAGATGATGCCCATGGGTGGCCCCCGCTTCCAGAGACTCGTACGGCAAGGGGATTTGATTAAAATAGTTTCTTGGTACACTCGGCATATTTGTGATCTAACACGCGGTCGTGCACTTGAGCTTAGTCGACAAGACTGGGGTGCATGATTCGCGATAGTTACCACCGTACATATATCCTCAGCTTACTACCCGGACAGGAGTGATTCTAGTTTAACCAGCTGTCGGCCCACTGTATCGACCTGACCGGCTTGTCTGGTGCTGGTCTGTTCGCCCCACGTTCACGTGATTCCTGTGAATCAGGAGTGCTTTAAAGGTCACAAAGGGCGGCTGCCGTAGTACTAATCAACATGGGAGTCGCTCAATCATTGGGCGCTATGATATACTTTAATAGTAGCTCGATCTGTAAGTTGCGAGGAAAGAGATCGGAAAGATGAGGATGCTTGTCAAGAAGGTTAAATT,1787,51.09,Arabidopsis thaliana
SEQ_449684,GATTATGTCACCTGATGGGAGTGTAACAATAAGCTTCGGTTCTAGAGATGAGGACGAGCGAAATCACCTCAGTCCAGCGGAGGCTTTTCGGTCATCGCGCGGGACTACTCTAGCATCAAGTGTCTTCATGGATGCCCCGCAGAGGCAGAGGCCCTCGCCGATCAGAGCGTGGTCAGTGGGCCTCTCGGTTTCGAAATTGCGATCCATTAAGCGTTTGATGCGGCTACTTCGTTAGCAGGTGGCCCTTCTATGGTACGCATGCCCATACCGCCTGAACCTGAGCGTCGGTCAGGAGGTTCAATTCCTCTTCCTTGGCCCGGTGACCTAGATGTTAGTGTGATCAAGGGGCGAGGATGAGGTAACTGGCGCGGCAAGATCAAGGAATGTGTTTTAGTTCACTATAATCGTTTTCCTCGCACGTGACAAGCGACGTCTCCAAGGATTGTCATAATTCGTTACTAGAACAAGTGACCTAGAGTCGGCCTTCCATCCGTTACCCGTTCATTATAACGGGGAACGTGGTCTCCCGTCCCGCCGAAACGGCCGCTTAGTGCCTCGCTAGACATGAGAAGGCGCTTACACCTCATATCAGGTTACTTGGGCTTAGCCTATCGTGCTCATACCTCAAAGCGCCGCGTAAATGACCTTATTGTAACTGCAGGTGGCTCCTAAATAAAAACGATCTGCATAATGGTTGATCAAAACATGCTACGGTCCACAACATCCTGGCATCGGATGAGATGGTCACTTGAGCAATCTATTGGCATGGGAATCTCGAACCTGATGACTCCTCATACCAACGAGCACACCGCTAAGCCTACCTACAAGATCTCTGGCAGGGTGGTAAGTGCACGAGGTCTAGGACCCTCTCGTCTGGATCGGAACCCCACAGGACAATGCGGCCTCAGGCATAGATTGCGCTCTATTCTCACCGTGATTAGTGGATTAGTTGCGTGGGTTCGAGGGTCCCGCCTTAAACCCCGCTTGACTCTAACCACGCATAGCCTTCAACGAATCCAAAGAAATTTCGTTAGAAGGAGGTACTCTAAGCTTAGATCCAGAGCACTCCGATGCGGTGCCTATAAGGTGTAGTGCGCGGGACGGAACAGTTGGGCGGCTCATAAGGGCCGAAACGGCGAGAAGCAGGTTCGGATTGGCTACAATAAGCTATATTCTAGCGAAACCGCCTAATCTAAACTGTGGTTGTCAGTCAATTATGCATCGTAGTAATTAGAAGCGTCACGGAATGTAGTGACGCGGTCCATACTCGCAGAGTGTTCATCTTTCTTGTGTGGTATCACAGGCTGGCGCGGTAGGACTACGCCAGTTGGCAATAACAGAGCTCAAGCGATTGATCTGCCGACATGGTGACAGGATTCGATACGCGCCTGTGAAAGTCTTCCTCGTACGAATCCAGTGGGGTCTCGCGGTCAGGCCGCGCACAAGCCGGTCGTTGATTCAAAAAAACGCCACAAGCCAAGGGAGAACTGGTCCTCGAGCATCGGGTTGTGCTCTACTATATAATAGACTCTAGAGGTTCGGTGATCTATTAGTCCTACTTATTCTTGATCCCA,1574,51.27,Homo sapiens
SEQ_521188,GTGGTGGATCAGAATTACTACCAATGGAGCATTCAATGTCTTGTACTCCGCAAATCGAAAGAAATACCTTCTCCCGCCCAATTAAGCAACCTGCGCGTTGATCCCATCCACGGTGAACATGAGTCACCACCTTATGTCACCCTGATTCCATACTGAAGAATAATCAGGGCGCCGGCCCGTTATATAACCTTTACTAAGTTCACGATTAAAACTTGAGATCTCCGATGTGTGCGTGTTACGCACTCGATGACACTTTATGGTGAAACCGTCAAGCGGGTTAAGGTCGCTACGCCGCAGGCACGAGCAGAAATGCCCTCCAAAGCTTTGCCTCGATACATCATGGGAAGCGCCAATGGAAACCACGTCTCAATAAGTTATGATTGCATATTAAATAGTGTATAGATGACGCCCGGCCTGATACGCGCGAGGCCTAACATGTTTTCAAGCGAAAGGCGATTCCTAGATTACTTACTTTTTGGCCCTCCCGAAACCAACTTAAGAATGATAGTAGCGGACCGCTGACTAAGTGGAAAACTGTACGATTGACTTGTTAACCAGCCCGCCCGTGAATCTAATGGGATTCGCTTCAAGTACGTGTCTAAGGGATTGCAAATCACGGTCCAGGGAGAGCTTGATGGTTTGTAACCAATGATCAACTCGCGGGTGTGAACTTACTCCCTACCGTGGAAAGCATGAGCCGCCTCCTGCATTATGATGACTCCCACGGAGCTCGCTACTATCAATCTTGGAGTAATTCTAGCGGCTTATTAAGCTCAATGCTCCTGTCACGTATAAGTAACTTTACCCCGTGGCAGCTGTGGATGAGATGAGAGCCTGAAGTACGCTTGCTACTAATTTCGCAACGGTAACACACTCATAATTTACCCACTTACACAGGGTGTTGACCGGATTCCCTCTAAGTATTCAATGAACAAGTCCCGCATCTTCCACCCTTAAGCATGCTCCTAAATACTATTTGTGCTATGGCCTACTTCATCTGAAGTCCACACCCGTGGTCGAGTGTTAGACGAGACTAGTAACGTATAGGGTGCAGGAAAGCGAGCAGTCGGCACGCTCAAATATGGTTGATGAGCTAAGTAGCAGGTGGATAGAGATACCACTGCCTGCTAATGACGGAACACGCCACAGTATGTCTCCACCAAGAAACAGTTAGCCTCTATTTATGCTGGCGCAGATACCATACTCTTTGGCGGGCAACCCGAGAGTAGGTTCGGCCCCGGAGGCGCTGATTCACTTCCTCCGATGCTACGGAACACTTTCGCTCCGTTGTTCAAACCGGCCAGCTGAGGGCAGATGGTGGCAGGTATCGGCCTCTCGGGCCGGGGAGACACTATCGACTGCAATCCGAATGACCAGGTTCATTATGAACCAATGCAGCTGTGGCCAATGACCGATCCATGCGCGGTCAGTTACTTTGTTCGGTTTTGTTTCCACCTACTAGACCCTCTTAACCGAGGCGAGAAAGTCCCGGGGGAACCTAAGCAATCGTCACTAACGCGGCTGTAACAAGGAGTAGTATTGTTTGAAAGTGCGCCCTATGGGAACGTATCCACACGAGCGGTTGTGGGAAAGCATCGCAACCTTCCCATACACCATGTGCCCTGGTCGATGTGGTTTCCAATACCGAGTTATTCGCCGCCGGGATGCGCG,1671,49.61,Caenorhabditis elegans
SEQ_588677,ATCCAGTGGTAGTGTAGGGGCTAAAAGGTCTCCTATATAGAAACTTCCTCCTCCGGGAAAATCCACCTGCTCTAAGCATTAAATGGACGGACTAGGAACATCCAGAAGAACGATTTGCTGGCCGTTTGTCCGATGGTGACATGCGTAATATTACGGTTACTTATTTGACGAGAACGTGGTTGCGCTTGCGACGGTCTACCAGTTAGCTAGAATTCTACGGCCGCTTCCGAATGCTTTTAGACTAGAGCTTAGACACCGCAGACTGCCTATTCCCCAACTTAATTCATACAGGCGTGTTCTCCTCCCCACGGAGAGGAGGACTATCGGGACTACTGGCGATCTTCCCCCTTTGGTGCTAGCTTTCTGAATGACGTCACGCTAAAACATTGAGAAGTCACGATTATGCGGTAATAAAAACAGGTGTCCTCCTTTGGTGCCCTATGCTATTAGTAACATTGGATCCCTTCCCCCGCCGCGAGATAGCCACGCATTAACGTGAGGACCGAAGGTAGCCATAAAGCAGGGAAATTCAAAGTTATTATTTCAGAGGCTGCGTTGGGTCTGCACCAACTAGATGCGCCATTCCGTAACCTAGAATGACAACACGGTTACATGGCGTAGCGAGGGAACGTGACTAACAGCAAGAGCTGGTTAACGATCTTGGCCTTCAATATCGGGATAAATAGTCAGACTTATAACGAGAAAAGGCCCCAGCTGCGTTTCGATTAACCTGCTCATACCATAAAACCCAACGTGGCTACGCTCACTGTAAGACTCCTCTGGAGAGCTGATCAAGTATCTCAAGACCAAATGAGTACTCCGACAATCCAAGGGTTCGGCCCTACTAAGTTGGACAACTAACCCGGGCCTACTCGTCGCTTGCCGACTGGCGACTCTTTCTCCCCTTTGTTGATAGCTCGGCCAGGGATCTTCCGACTAGAGAAGTTGTAACACATCCCGGCGTGTATAAGTGTTTGGGGTCAAACATTAGGGGGCAGGCTGTTTACAGCTTCGCCGCTATGAATACGGGATTCTAACACACGCTTCTATGTATGAATGGCTCGAAAAGATATTACCAGTTGCGTGGAGAAAACGATACGCATCCAGGCGTGGTGTGGCACGCAGTAGTTGGCAGTGATCTGTTTCCCAATAGTCTCAAGGAGTCGTTCGCATCCTAGACAGGAAAGGTAATGTTCTATTGCCCGTGTGATGCACTCGCTGATACAGTGTCATCAGACACTGGTAGACGGCCTTAGAGATCCTCATCCGAACCCCACAGTGGGCCACACGCCCCATGTTCTGTAGGGTCAAAATTTTACCTTGCTATCTAGGTGCTATTACCTTATGAAAAGTAGATATAGTCAATATTGTCTAGCAGATTGAATGTGCGGCGTGATATAGTTCGAGCAGCGATGTCAGGAGG,1423,48.42,Homo sapiens
SEQ_285686,GGAAAGTGCCGCCCTTGAACTGAAGCCGGATGAACCAACGCAATAGGGAGTTGCTTGGAAGACTTAACCACAACCCCATAGTAATGGGCGCATTTCAACGCACAGCGACGTTAATTTACAACAGATCGTCTGACTGCCCCACAGGCATCTGTGAAATGTCTACATCAGCGTTGAGTACAATATTGACAGTTCGTCGGGACTACGGTTATTGGGCGTTTGACCGTGAAGCACCTTCACGTAGCAATGCCCCCGTATGTAGATGCATGTAGTCACCCCGCCCAGGGTAAAGGGGAGTGGAAAACCTTTTCATTTACCATCAAAGGGAGTTATTTATGCTGCCTCACCCCTGTTTGCACACATTGGCAGACCGGGTTGACGCGATACGCTGTGAACGGTAATATTCCAGGAGAGGTCATGACACGATTTAGGGTCGATATGGGTATCGAACTGTTAGCGGAACTGCATCCTGATTGTTCGTGTGCATGGTAACAAGCAGCAGTGCACTTCGCCGGACTTCTGACGTTGTGAGGGCGGGCATGTGTGCTCGTTGCCTCAGGCGTTAATATACATGTCGTAGCAACGTAGAGGCTGTTCTTTAAATATGCTCGCTAACGAAAGGCTGAAAATATGCAGCAGACGGTGGGTATATGATTACGGGAGGACCATAAAAGCAGCTCCGCTTCCCATAGTCCAATATATGTACGATCTGATTCGGTGATTTCAATACATTATCACAAGGGGTAGTGTATTAGAACGGCGCTACAACCTGCTCATCCAAATCGATTCCGAGGATTCAGGTCGAGAAGAACGAAGACCCTCTCATTATTTGGCTCTACCAGTCTGCCACTGCGGAGGGATAAGCCGTTTTAGAGCTATGAAGACTGCGAGTCTCGCTTACGTGTACTGGCGTGTACGTGGTAATCGCCGTAGTCTGCGCTCCAGGACACGTCTCTGTCCGGATCGGGATCCGTAAGCCGACATATGCTGGTACCAACACTGAGGCATCAAGTATCCTGCTGGTATTGATGTAAGAAACAACGCTGCGACCGCGTATAGACCCTCAGAATCTCTTGACGCGCTTAACACAGTGGTTTTCCTGTAGCGAAAGTAATAAGCGATTCGGATGAACGGGACCTGAGTGACAGGGGCGTCAACTACTTGTCCCCTATGAGGCCCATACTAATTTCAAGTCAGACTTTTGACACTTGGTCAATTGTTTCTCGCGTTGATAACATCCATGATCAGTTAAGTCCCCCTAAATGGTTGTTGTTAGGCCGAATCTAAAGTTATTGTCTCAAAGTGCTCGCGATTACCAAATCCTCTGAGCCTGAGATCGTCATTCGAGGTCTTCACACTCTTGAAACGTTGCGCGAACTTTTGTCTTCATTCCCGCCATTAAACCAAACACGCATGACGTGGTAATCGCCACCGAGGTTCTGAGCTAAATCTCCTGCAGATCCCTAGAGGCCCCCAACGTTGAGTTCTCTACCTCTCTCCGCGTTAAAACACGATTCAGCGCGACGTGGGAGGCCATGCCGCTGCTCGCCCATATCAATAGACCGAGGGCGGCATCATAGGCCACGACATCTAGTCGAAGACATTTATGCCGCTCCCTGTCACGTATGTAAACTAAGCTTCTGCAAACGGGGACAACG,1655,49.37,Caenorhabditis elegans
SEQ_728651,TGGTAGACTCACCTCGTCGTGATCTATTGTCATTCTTCGTCAATCCCCTGGCTAGGCACCGTGTCGTCCAGACATTTGGACGTTGATCCCTTGTGAACGTACGCCACCTCCCCGAGGGAATAAACAGACACTGGTTTACTAAAAAAACAATCGCGCTCAAAAGAAGCATCTACTTAATGGAGCGCTACACCTACTTCCTGTGCAACTCGTTTAGTGTACTATGCTCCTTCCAAATCGCCAACCATTGGAACTCAAGACCACTATAAATGACTCCACGTTATGAATACATGCCTGGGATACTTCTGCCAATAGCGGATACTATGAGTCACCGACGAAAAAGTAGTCCCTCAATAACGGCTGATGTCGATTTCAGTCATACACTAGTCGCATACAAGTGCAGACCTCGACTAATGGGCCTACTTACTCGATTGTACTCAGAGAAAAAGTCTTCTAGATATCGCTGGCGCAGCCTCTCCGGTGTCGTTTATGACGTTTGCAAATGGGATACCCGAGTGTTTCGTCCTTATGGCTACGAATGACGTGCTTAAATGACCTATAAGGCTAGAAGGATGTATTATAACGTACTCTCAGCGGGCCCCTTTGCAACAAAATTTACGCGCACAACCCTCACCATGGATCTGCAAGGGATACACGGGCCAAAGTCGGTTAAAAGTGGTCCCGATCATCGATTGTAACTAGATTATGTAGCGCAACGCGTTGTGCCCGACAGGAATATCGAGGCTCCAGATCAATAACGGAAAAACACTTTTTTCAGTCTCACACGGATAGTGTTCCGTAATTGGGTATTGTCTTGCTAAAAATCGCGCCCCCATCCTTAATAATTTCGTGTGGACATTGCGACGACACCGCGCTGCCATAGTTGCTGTTACAGAAGAACTCTTGGGCCAAATTATCAGTAATCTATAACAAGTCGAAGACGATTAGACG,948,46.1,Saccharomyces cerevisiae
SEQ_252197,ATGGCACGGGCTACCGTCATTGCAGAACTTGATTTGTCTTGGCTAATCGCCATCCCTTGTGTGGCATAACGCGATTGGAATACTTAAATCATTAAACGACCCGTGAGAAGTCATGGACGAACCTCGACAACATACTTCCACCCGGTTAAGCTATGCGACCGTAGCTCCCTGTTACGAAAAGGTTTATTTTGAGCGTCTCGCGCATAGATATACTCGCGGCATGCTGGCCCTCACGCCTTCCGTCATTTTAAAATCTGTCGCGGTGTATATGAATACGCATTGAGAGCGTAGTCCGTTTATGAGGCTCCTCTGAGATCCTGCACCCAGCCATGGAAGGCCAACGCTTGCCGTACTCTTGCAGGGACATAGACCGGCACTGGTTACATTTTGACGTATCAACCATTCGTTTCCTGAGCTGACCCAGATCTGTTTCGCATAATACACCCGTCAGCTAATAGTGGTTGCATGTTAACCTATTGCAAGCTGCTCCCTTAATCCCTAGGATCCCAAAAAACACGGTCTTGCCCAAGTCGAGACCGACAGTGGCAGAACGATTGTGACCGAGTTGACGATGTCAGTAGAAAACGTCCGTCATCAGCCAGCACGCGCTGGGTGTGTGGGATACCGAATATTGCAAGAGGAGGGGCACACCTTATCTCATATGCGTTAGAGTTTTTTGGCCCGGTAGCGACCTAATGTAAAGGAGGTAGGGAGAAAGTGGTGGGTAAGGGTGCTTCAATCGCATTAGGACGGCCTCTAACTCGCAGGCTTGGCCACATCGGCACGCGGCAGAGAATCAGCAAGACTCATCAAATCGGCCACTTGCGTCCTAATCGGCTGCCGGAAACGGGCTATCCTGATACAAGGCATCTTCTCCGTATCGTGATACGTACAAGAGTACCTCAGGGAATTTAGGCACCGCAACAGCACCGTCAGTGATCTAGATGCTCATCTCTCTTCCTAGGGCCCAACCGGTGTTCTCAGTAATAGTTACCGTCGGGGGCAGGCTACGTTTTGGCTGCCAATTATTCTGCGCACACCCGACGCTGGCGCTAACAAGGTTCGGTTTAAATGGAGTCAAAACAGCTGGGCAGGAAAGATTCCTGGACTTATCTGCTAGCACTGGTGACTGTCAGTATAGTAGTGATCTCAGGATGGATAATAAAGGTCCCCAGGTCGATCGATAGCTCGACTCTCAAGCGGGGTCGGGTTGCTGTACACAGCTCCGTCTTCTTCGCGGTCTCGGACGGTGGGGCGGTATGCACGTACGGTGGCTCCTCCCCATGTGGTTGTTGTCTATTGACAAGTCAAGGCCGCGCTGCCTAGGTGTATCCCCTGTCGGATCCGTGTGATCGTGTTGAGTTTCCTAAGGCCTTCTCAAATGATCAATGATCAAGCTGTTGCCTCTTGGGAGGTCACTTGTAATCGCTAGGTGAAACATCGTCGCTTACGCCTCGCGGAGACTCGTAGCATTCGCGTACTCACTATGGCATTGGGGTCTCCAAGCACAACGTGTATAAGAGTTACTTGCGAGCAGTAGTGGTCCAACTTCGAGGGCCCTTAGGTGAGAGGCAGAGGCTCGATCTCATGGCCATCCACGGTCCCCTTACCCAGATTGAGAAGAGTTCTTAATTAGGGTTGCTGTACTTGCATTAGCTCCCGCTGGAGAAGGAACTATTCGCGAGGGTAGATGTCATGTACCCGCTACGTACACCATACTTGTAGTTTTATGAGGTCTTAACTCGAGATACATTTGGCATTTTTTCCTGCCCTTGACTCCTCGAGTGGGGCGTCTCTCTAGTCAGTTAGCAGCTCTACGAGAACCCCGGGATTCTTGGACGACTCGAATGAAT,1853,51.21,Escherichia coli
SEQ_372014,CCAACGTATAGGTACCTGCACGCAGGGAGGCCCCCCTGCTTCGAGGTACAGGTTCCCGGGCGACTCATAGAACCCCATGCATGTTTAATAATAGTGGGAGTACTCACAAACCGCCGTAACGCATTAGTTAGGCTCACCGTGCGTATCTAAGTTTTTTCCACCTCAAGGGCAGCTAAACAATTCTTTCATCATGAGGCACAATATACTTCGTCCGAATCACAACACATTATTTCAGTATGATGACTCGGTCAGTTAGCCATAGTAATGAGGTGTTGCAGGCGAGCTCCCGGATGCCCTTAGAGCCGGGGCCGCGAGTCCTCCAAATTCATTAGATGCCAACATCGTTTTTCCACTACAGCTTCCTAGTTTGGAACTGTGATACTGCCCCGAACTGACGGCTTGTCGCCTCCTCATGAAATGACAAACTCATCGAGCTAGAACGGGGGCAGGACCAGCTGTCGCCTCCCCGCTCGAGTTCTTCTGTCCATAGTGCTGACTCATCCGTATGCTGCGCCGGAGGATGTTTAGCAGGGTGGGCATTATTTGAGGCCGGACTAATACGCCACGATAGACGCTTGTAGAACCCAATAGTTACTTCTTCGCAAACGACTGACTTCAAAGGCGCCGTGCCAACAGCCGAGCGCCATAATTTTAGCGATTTACTACATAGCCGTCTCGGAACTAGTTGACACGGAGGCGCAGATGTACCGACCGCGGCCCCGCCCATCGTTAGATACAAGCAGAATGAACGTAAGACCTGAACCACGGCGGATGATTGCAATTATTCAGATCCAGGGACGGGGCCCGGCTCGTCTCCACCGCACGCCAATAAGCTAGACGCAATCAAATTCTACGCCGCGCGTAGGACAGGGCTTTTGTGCAAACATGTCATCTGGATACCCACCTAAGGGTGGTTTGTCCCAGGATTTTTAGCCGATCGCAGTAGCTCGGCCGCGCAGTAGTTAGGGCGCAAGAGATCTAGTGAACGGCGTTCTCAACGGGAGAGTATCTTTGGCTCGTGGTACCCGCTGAGCTTCTCGATGTCTCTTTACCCGGTGCGGTTAATTTATACGGCGTATCAGCGGCT,1087,52.44,Saccharomyces cerevisiae
SEQ_609546,GCACTAAAGCCGAACGCGAATAAGAAGGCAAGGACATCCCGCACACAAATCCGGTGGGGATCAAAAGGCATGTTCACTGGCGCCATTGGGCATGCACTGAATGCACACATCTTCCATAAGAGCGACTAAGCTACCACGTAATCACGCTTACAGGGCTAGACCTAGAGCTACTGGTAAAGGAAGCGGCGTAGGAGATGCACAACACGTGACGGCGTTG,217,52.53,Caenorhabditis elegans
SEQ_746926,AATGGATACCCTGTTTTATTTCAGGGAATCCCCGTCGCGCTGGTGATGGCGAAAGGTGTTCAACGTCCTCGTGACGAGAGCGACAACTTTGCCTCACGACAATAGGGAAGGCACAGACTGTCCGTGCCCGGGAATCACATGACGTTTCGGTATGTTACAGTTGAACTACTTTCTCTCGGGGGTTCGGGTTGAAGGTAGCGTTACCAGAATTTAAGGGGTCGCCAGGTGAAACTCTCAAGAGTACGTTGAGAACGACTTACCAAAACTAGCTCGTGGACCACCGCATACATGGCATTTAGTCCGGCACAAAAGAGTGCGGTGAAGATACCTACCTTCCGAAGATCCGGAAGCCAGCATATGAAGGTGGTATGTTTTCCCGTCATTCCTTGTGCTATTCGGCTTAATTAAGCGGATCAGAGTGTTACTGGAATGGGCCCCGTGTGATTGTATTAAGCGGCCTACCAAGTCCAACCCCCATTTCAATCTCACATTTTCACCGTCACTGCCGTGCGGACCGCTGAATAAACATATGTTTGAACCAAGTACAGATCACGTCTCTACGTCTACAAAATTAAATCCAGTCCCCCCGACCGGGTAACATCGTGATCATGGTGGTGTGCGCAGGCATGGTACACGGAGTGCCCGCCCAACTCGGTAAACGGCGGTC,667,50.67,Drosophila melanogaster
SEQ_485652,CTACCTCCCGCCCGCGACCCGACCCGTCGCACTGTAGACTGACTGTATACGGTTCACCGGGCCTCGTTTGTACGTATAGGCTCCTCCAAGCAAGTCAATTAGTGGGGGTCGTAGGTATTCGTGCGGCGGATGTAGGTGCCTTCGTCCGGCGATACAGACTCTTTACTGGATGGGAGGCATTGCTTGACTTTCGAGTGATCTCGTAAGTGAATAGGCGAACAAGCTACTGCGTTCTAAGTGCGTAAATGGAGTGTAGATTTGCGCGTCATTCGGACAGCAGTGGACTTCCGCAAGGGGCCGCGTTGTGGACGTATAGCGGGTGTTTGTCTGGACCTCCAATTCCCTATCTCCATAAGATTGATTTATACAACAGGAGGAGCCTGCCCGGTGCGTGGACGGGATCAACCATAATCGGCGCAAGAACGACCGTGCTACAGGGCCTCCCCTAGATAGGTGGGGGTGGAAGTATTTTTCACGCTAAAGCCAGAGAGAAACCTCGAGACAGGTTCCTTTCACCGGAGTAATTCAGCATCGTTAAATGTCCTGGGCCCACGGGTCGCACCGAGCCCATATACTTATGAGGAGGGCTTAAGGACAAGACCTGTGAACAGATTCCAAGCGACGAAGTCCCGCGAGCACTAGGAGCGAGCGGTTTTAGCAACACATCTGTAGGCCTCCAGGCTTGGCCAATATGCGTTCCATGGTCACTTCTCGCCTTTCACGCTCCTTGAGTGCTACTCAGATGCGTCCTCCCCGGCATGCCAAACGGCTGTAAAAATATCAGGTCCAGAACTAGAGAGCCTACCCGTAGAAACCCTGGAACGCGACACTTGCTTATGCCTCTTAATGTGTGCCATAGGGCTCAGCAGGCAGTCAAGGTTGAGTGTTCGAGTATAGTCACGGCAACTGGGCTTGCATTGCCTCTTTGATAATGTGAAAGCACCGAGACTCAACGCAGCCGCTGGTTGCCGACATACGGACCGGATCCGATGAGCGCACATTTCACCTTCAGCTTTAGCATGCGTCCGTGCGGTACAAAGTCGAAGGTGCTTGACCAGCTGTGCCATCGCGCCGTTGTAGGGATCCCGTCGTGCACGCAAGTGGCAGTGGTTACACCGGCAGCACCTAAGGGGTGTCCGAGGATACTTCCGACAAACCTAGCTTGCGACCCTTTCGCAACTAAGCATCTGGACATGGCAAAGCACCAAACTGTTAAACAAAAC,1223,53.8,Homo sapiens
SEQ_904144,GGTCCGGACACGGCTGATGGTATGTCGCACAACGACGGAGGTTACGGTGCTGGGCTTATCGCCATTACTGCTAGCCCGCACCTTTCCGTGTCAAAATTCAACGGAGCGACTTTGAACAGATAGTCCTCTAATAATACCTCAGTGAGTGATAACAGGGTTAGATTATTTCTCACCGGTCGCAGCAACCCTAAATGGTTGTCACGTGTCCGATGCACACACACTGCAGAAACAATACACTGCCGGTTAGGCTAATCCAATAGCGGCCGAGTCGGATCTTTCAACTGCGCGTGAAGGCGGACCTAAGGCCTTAGCAGGCCTGTGTACTCTTTACCGGCTTCTATCGATTCCTACTAACTGAGTTGCCTAGTGTGCCACGACACTGGGACGGATGTGTGTACAAGGGGTGAGACCAACCCGGAATTCTGAATTCGTGTCGGTCGCACTTTTGCATAGAAATTCCCTGGGTTGTTCGGAACACTCGTTAAGGCACTGCACAGAGCCATCATGCAGGATGTAAGGTAGCGCTACTCATCGGCCTTTGAGAAGCACACCGAGCATCAAGTAGCGCCGAGGGAATCCCATCGAAATGCGTGAAATAAGAATC,604,51.16,Mus musculus
SEQ_585781,AAAGCGAGGGTGGGGCGTACATACAGTTTACCAAGTTAGTACCAGAGCAGTGCTCTAGTTAATCCAACGGTCTTTTATATCGATGCCCTGGTGTCCGCCTCTCACGACGCCGCACCGCCGTTTTTAAAGGGTGGCCTGTATGTGTAGACTTCGGTCCACCCAACAAAAGTACCATTCCAGAATAGGTATCGGAATGGGCAGCTAACCGGCGGACAACATTTGACGCGAGAGTGAGTATAAATTTAGGACTCGAACCGCCCGCATAAGTACGGGGTAGTAACCGCCCTGGCATCGTTGGCGCCCAGTTAAAGCTAATACAATTTGTCGCGAGCACCCCAGCATCGTAGTGATCACTGGGATGTCTGTGACCCTTGTCAGCAATGTGGCAAGAGCCGAAGGTTTGTAACATCCCATTCATAATGACTTACAGCTTGGCGCGATCCAATTGGTGCCTCTCGCATAATAATGTTTACAGCGAGTATGACCACTAGTAGCGTCCCCCTAGCAGACAAGTAACCAATTTCACTATTCGATCAACGACCAGCTATAACCCAGCGCCCGTTTTCCCGTCAGGCATCCAAGGCGATCTCAGTGGTTATCACATGTAACGGATGTTGTGCGCATTCCCGGTACATTTGCCGTTTAATTTCCGGTAGAGCCGATTGAGCTGTTTCTGTCCGCTAAGCGATAG,691,50.07,Caenorhabditis elegans
SEQ_995724,GAAGGCTCAATACGACGCAGAAGCTCCTGTCCTGTTAACAATACGATGGTTATGTCCCATCCTCGCACTTGGTATACTACCGGCTCGGAGCTAGCGCTAACCCCTTCGCGTGACATTGGAGCTAGGGGGGTGTTAGAATGGCCGACTGGTGGTTGGGTATCTACAGTTGAACCACACAGTTTATCGCATTTTCCCCTCATCCAGTATGACACATACGAAGCTCTTCCAAGCAATGTGGCTTTAGTACCTTGCCACTCGTCCGGAGCGAGTTTTGGGCATCCCCAGGGCTTTCGCACCGACTGGTGTATCTTCACTGCGAGGGAAATATAACGGTACCGAGACTGTCTTCGCCTTCAAACACATAGAGGCCCGTGCTATGCTGCAAGCTATAGAAACAACGGCGAGTAGACATTCTAGTTTAGATATCGGCTTAAGGATGCCCGCAATTTCTATTGATTTGTGATCTGGGATCGTTTTCCTATTGGTCGGTGGTCCACTGCCCGGTGGCGTATATACGCGGCGGCTCAATTATGCGGGGGGAAGTCCGAAACATGGAAAGAGCCGAACAGGATGCCCCGCGTGATACATCCGAGGTCTTGGAAGTGACGAACTGGCGGGTCACCTAGGGTTCGCCGGCATTTAGCTCAGG,649,52.23,Arabidopsis thaliana
SEQ_445209,TCCGTCCGCGAGAATAAGTCTTGCCGTATCGAGTGTATTATGTAATTGCAAGCTGCCAAGCAAACGTAATTGGGCTCACCCATTCTTGCACAGCCAACAAAAACATCGCGTCATAGACCAGGGACGGGGCAGATGGACTGCTCTATGAAGACGGCTACCCTTCAACAGTTCCTACGGTGATCACCGTGTGATGGCTATAATCTTTCCAATCCACCGTGACAAGACCAAAAATAAAGAAGCTGCTGATCGATAGCGTTTCAATGAATCTGACGTTACTGGGCCGCGTGCTGCTCTCGAGTTCCGATATGGGGACGTCCGGCTCTACGTACCAAAAGTACCCTGTTCAGCTAGACTGAATTCATTACTACAGTCATAGGGCACGACGTCAAAATGTCGTTCAGGTTTCAGTCAGTGAATGAAAATTGCCACTTGTCCAGCAGTCCCTATATAATACGTCACGAACCCCAGTTGGTAAACAACATATGCTTAGGGGATGAGCTGTTGAGGGGAAACCCGCTTAGGACCTGCTGAGTTTGCTGAAGGTGTTCATTCGCCCATGACCTGGCGCGCAGAGGCCTTCTAGACAGCCTCGGTGCCTACAGCAGGGCGCGATGGCTGACACTAACTACGCACTC,635,50.08,Drosophila melanogaster
SEQ_585677,ATGATTATGAAAGGGGAACGTACGCGGATAATGTCAAAATGCTGGGGTTTGCACCTGCGGGACTGGAGTCTCCTCGGGGGACTAAAGACTGAAAGGATTATGAATACCCCGAACGGCCAAGCCTCGCGGACAGGATCATTCCTCTCTACGTATCGGATGAGTACAGATCTACTCCAAGCCCGGGGGCAAATTAAGCATCTGTTAGTCGGACCCCAAAGGGCGCCACAGCACATTCCAGCTCTACATCTATTATGGATACTGGTTCAGGCCCTATAGCTACGCTGGTATTGCTCACGGGGACCACTGTATGCTGCTTGTGGACAAACGTCTCGAGGTTGCACCTAGGTTTGATAGGCAGCTCAAGCTCGACGAGCAGTGCAATCACCGCTGCTTCAAAGTCACTTGCCCCGTAAACACCATAACCGTGTTGCCGAGATTGTTCAAGCTTGACCTGGACCATTCTTTATCAAGGGCAATACGCATCCCAGTGATGACTCGACGGGCCTTCAAGCCTGGGAGACAAGTCCTTTTACTCGTCAGTTGTATACTATGATACAAAGCTCCGTCGGACTCAGAGTGAGGGGCAACTCGTCTCTCTTGACACCGTGGCGTATAATTCCAGCTTCATGCAACTTAGCGAGTTAGAGAGTAGGACATTCCGCCTATGAGTTTCGTTCCGAGTCCCATCCATACCCCATCGTGCCCTGTGCTCGCGCTTATTGACAAGCCCTATTTCCCTTCTCAGGACCGTATAGGTCAACTGTCGAGGGCCATAGGGCTGGCCCGAATCCATGCCAAAGCCCGAGAGCTGCCCGAATCAGATGCCACTTTCGTTAGTCTTTCAACCGCTATTCTGATGTGGGTTAAGTAGAGTTCAGCGCGATTTTAATTACTTAAAAGCGCCCCCTAGATCGTGTTCCAGACTAAAAAAACCAGCAGAAAGGGGACTACAGGACGCCTGCGCTTATAACGTAAAAGCAAGCATTCATGGCTTATAGGCCACAGCATCTGCGCTGCCCGCTTTAATCTCTCACCTGCGTCCTCGGCGGCGCGATGGGAGGAGTCATCATTAAACGACGGTCATATCGCCAATAAAGAATTGGACTCCACTGTATTAGCTAACTGTTCTCCCTGACAATCGCTTAGACGATCGACCCCCACCAGCACCGGCGTCCTCGGGCCTTTACTTAGGTCTACCTTCGAGATATTTCGACTGGGACAAGGGCCCACCCGCCTCATTCACAAAGCGGCAAGCTTTACGTAGTCCTGTGGTCCTGTCCCGACGTTAATCGGTGATACGAGACTGAAACTCACGTAGTAGATTCGCGGCGCACTGTCCGTACACTAGACTCATAACCCAACGGTTAGCAGACGGTACCAAACCAGAGTCGCGAAAAGCGGTAGTATCCTTAAATTGAGACCCGGACACTTAACTGCGCAGTAATGGCTAACCCAGGCTCCTGAGCATGAATGACTTACCTCCCCTTTCCGGTAAGCCTAAATAGTCCCGACCAACAGCGCGACTCCAGAATAGTGCGACTGATGAGTAAAGTGCAAATGTGGTTACAAGAGGCGTCGAGTACATGGTGACCAACTTAAGTTACAATCAAGGACCG,1616,51.11,Mus musculus
SEQ_347378,TACATTTACGTTTCAGTGGTGTTTCACACAAGATACTGGGTGGCCGGAGTTAAGAGCGTCTAGTTACGGAATTTCAGGTTTTTTAGAGTATATGGGACAGTTTTTTCTCGCGGAATTCACCCTACCAATTTACGCCAGGGGGAACGTCTTGCATAACAGAGTCAAGTG,168,44.05,Escherichia coli
SEQ_692696,ACGGTGCGTAGCGTGTGCTTACGGTGTGCGCTATTTCGGTCGTTACATGCATCCAAGCGGTTCAACCCTGCTTCTATGCTCCGGGAATTGCTTTCATGCGGGAGCTGTTAGTGAGTTTCGTATACACAGCTTTACATGGACCGAGTCCGAACTGGGATAAAGCGGGCCGCATATACTCTGAACACAGGCCAGTACAGCCTTGCAGTGCCTCATCTTACCCGCCGTCTTACCAGCGACTAGCAGAACCTCTAGC,253,53.36,Homo sapiens
SEQ_311537,GCTTGCTGCTTAGCCAGTAGGGTACACCCCACCCGCCCGGTCAATTCTTAAAGACCCGGGCCCTTATGGTCAAAGGCCACTGGGAAGTCGAAAAGAAGCTTCGGTATCGCACCCACGGCCTTGCGTCCGCCTCTCTTTAAAAGTGGCGGTCCAAGTTCGTCGGAGTATACCCGCCACCAGGTCTGTTTCGACAACGGTCTTGCGGAGCTGTGCCTTGCGCCAGTGGGATCGCCGATGGTCCGATAACACAACAGTTATTAAACTAGCCCAATTCCTTATCATAGCGGCAAACGTAGCCCAATGCTCTTAAGCCACAACAGTAGCGCGACCCGGACATGCACCCATAATGAGGGAGTCGGCTGACGGAGGGGAACCTTGTCAATCTAGCAACGTGGGGATTTGCACGCCGGCGTTACTTGGAGATCGAATTCCAACCCTGATGGTGAGGTAGGAGTCTACAGCCTTACAATTCATAAACGTCGAGTGTTGGTGAGCTGCTCGCTCATCCCTGTCTACAGTCGATTAACTCAAATTAATCCGGAGTGGCGTGCGGGGCGTGTTTGCCGATATGTCACTTCTGCTCCAGAACCATATCTGTGTCCGTTATTAAGCACAGTCCGTAGTATAGTCTCGGCAAGAGCTTCATTTGTGTCGAGTTCTACTTCACAAAATGAGTGCCAGCTGGAAACAATTTGATGCCGGGCCGGTATTGATCCTCTATAATACTG,728,52.06,Drosophila melanogaster
SEQ_852341,CTGGTTCTTCTAAGCGGAGATATACCATGAAAGTGTTCCTGCAGAGTCGATTCGGAATGTTACTCTTCTACTCGAGGGAGAGCCGACGTCGAATCCCAGTTCCCACTCACAACGCTGTGAGGGATGAGGGATGGAGCCATCCCTACGTCAGGATGGACTTCTGCGGCGCCGCTCAGATCGATATCCCCCCGCCTGTCACTGCGAAATAGCTTTGTCCTTGCCGTGAGTGGAGTGGTCTTAATCTGGGTTCCAGATTTAAATCTGAATCACGGCATCGAGTGGTTAGAATCATTCTCATCATAATGTGTTAGGCAACAATTTTATACGGCCGACGTGGGTCCATACCGAAAATTTAAGCGAAGACATACGATAATAACGTAGTCCCCGCGTAGCTGTTAAGATGGGACTACGGAGGCGTCAAGAGCAAACCTTGACACCCGCAACCTGTAATCACAAGTCGATAACCTACAGTGAGTATATTCAAGCGCCCTGTCACCTTCAGTTCCATGAATCTTTCGCGCAAGGCAAGCAGCGTCGCCCGTGCTCAGGGATTACTGGTACTTGGTGATATTACATGAGGCCCGAACCGCCGCGTGAATTGCCATAAGATTCGTCCTCATGCTGCCGAGTTATCGATATAACACGGTTTTTCTCAGCCTTTCTGCCGTTCCGATACGACAACTGTGACGCTAGCGTTTCTCATCAAATCCAGGCTGGTGTACTAACGAGCTATGTAATATCCGATGTGGTTAATACTACACGTCACCGTTTATGCTCTACCTCCTCTGGACCGTTCGATAAAGGCGCCGAAGCAGATGAGAG,822,49.51,Arabidopsis thaliana
SEQ_116638,GCTGCACATTCGGTACTCAGCTGACTGACTAACATGTACATGTTCCGGCAGCAGGGCGCCGAGCGAACATCAAGAGTTGAGGAACGGTAGCTGACATGGTACAAAACAATAACCTACAAGGGACGTGTATTCCTAGGGGTCATTATGACTTACCTTTGGGGCACAGCCTCTACACCTATTTTTGTAATATGATGGGTCGTAGATGCAACTCAGTTGACCAGATATCTCTGTGATAGCTGAGTAGAAGGCATTGGGTATTGCATAAGTGCCGGGTCCAGTAGCACCTGCGGACGTTCAAACTTGGATCTCGTGGGCTAACCTTCTCGCCGGGCCTCTAATCCGCGGGTATTACAGGACACCCCACCTGAGTAATGTCGCCTGCCTGCTTTGGATGGTCCCAAGACCTGGTAGTATCTGAGGTAGATTGTAATGACACGTCTCCGTTGGACAGACTAGCAGCGTGAAACCGTGGGAACCGTGGGAGCAGACATGAATCTACTACGTGGGGCAGAACTGTAGACGTCGATTAACCCGTCTGGTCTCGCAAATGACTGCCGGTCCCTGAAGAGGCATAGCTCCGCTCAGCCTAGTCCGCGAACGATGTAGGGAAATTTGATCTTCTTGAAATAAATGGATCCTTTCCCAGCTATGGCATAGCTATGCCCGCAATGGAAGTTTTAACGTTTAAAAAAACTGTATCTGCAACTACCGCTGCCTGTACTACAAACACGGCCGTTCCATAATCGAACACAGAGCCCGAGTTGTGTATAATGTAATCGACCGCAACTGCAATAGCCTGTAAATTTAATGGCTATAGTGAGTACCAGTGGTAACTCCTGTATCTTGCCCTCTTATGTCGTTCGGTCCCTAGTTCTCCCTAAATACCTCTGTGCGCCTCAGCCTATACCTTACGTCGGTGAAGCGTGTTCCGGAACGGGTAGCAGAATCTGCTATCCTGGGTCGCCCTAGTTTGGTGCACTATGCGGACCCTCAGTTACGCGGACGGCTGAATTGCTTGATGCGTATGACAACTCTTCGTACTCAACAGGGGCCATCTGTCTTGAGACTAGACCAGGTAGCCCGAAAACTACTAGGCCCCTAGCAGTTACACCTCAGTCGACGTCTCGGGTATAGAGGCGCGGACCACTAGGCAACTTTAATATGACACATTGGGGAACTGCCACGATATGCTAGAACGACCGTCCTAGTTCACATTCGTACCAGACCGTGCGTTTCTCAAAAGAGCTTGGTACCCCCCGCGGTCCAGAAGTTAACGTTAGACTCGTCGGCCCGTACGGTCTCTCGATTGGCTAGCCCGCGCCAGCTT,1327,50.87,Caenorhabditis elegans
SEQ_292958,CGGCAGTTGCAGCGTCAGTTTCCCCTGGTCGAGGTCCTTATGCTATCTGCCGTTGGATGGCAGGCGGTCCAGAATCGATTCGGGTGACTTTAAAACTTCCAGTCTTATTTCTACAAATCCCAACCTACCAGCTGCCTGCTGAATTGT,147,51.02,Arabidopsis thaliana
SEQ_883260,TTCTTATTTACGTTATGGGCAGCGTCTGGACAAAGTGGAGTAGAGCTCCAATCGGCTCTGTTTAACAGGTAGCATGTTCGACCTCGCTTGTCTCATGAAGACATGGCGTTCTTTGCCCTGAGGTCTTCGCCGCGAAACTCAACGCTCGTTACACTTCCCTCCTAACTTCCACCGCGGGTTTGCCAGTTTTAAAATCTCCTACAATAGCACTAGGGGTCGCTCATCATCAGAGCCCGCCTCTTGGGGCTCAGTTTAGAAGAGGACCTACCAGCGCGTTTGCCGACTCCTGCGCAATATTTGAATAGTCCAGCGCATTTAAGAAACAATAGGGTAATGAAACCATACATGCTCTGGGGGTTCAATCGGGACATCCATTATCTTTCAGGTTTTGGTTCGTCAGAAGAATATCAAATTCGAAGAGTACAATGTGTCATACCTACAAAAACTAGTCGGCCGTCTAGATCCCGCCACGGTCTTCAAAACGGCGGATTGAAATACGTGCCTGCTTCCGTCATCCTAATTTAGGTGTCCGATTACGGGGGCATACACATTGTAGCAAGTTACAAAGCCAGTACTATCGGTAAACAGTAATCCGCCCTTGACGTCGTGAGGCTGACAGCGTTGACGCACCGTACCCGGGTCAGTGGCGCCATGTAGGTGTCCACCGTACGGGTTGCATTGCTCACGCGAACATGATAAGAACAGATCACACGCACGCGGCCCAACGAAGGTGCAACGACTGCTGTGTGACTTAATGTCTGACAAAGCTGATCCGGGACATGTCTTTCGAGGGACACCCCACTCTCTCGTGATGAGTCCGATATGAGCCCAACCGGTTGAGGTTTAGTTCTGCTAGGGGTTGGAGTTGCGTCCTGACATCTGGATCAACTAGCAGTGTCGTGGCGCGGGGTTCCCGAATTTGACCACTTGTCATCGGTAATCGGATCGGAATATTCAAAATGTCGGCTGGAGTCACCATCTTCGGCACCAGTCTGTCCGTACTCCCACTTTGTTGAGTCCCTGCTATTAGCTCCTTTAGTCGTAGCGTCTAGAGGGAGTTAGCTTCATTTTTAGGTCGGCGGTTCTTCGAACCTTCCTCAAAATGTACAACAGCACGTTCATGTGGTAAAGGTAATCTCCCGTAATTTACAATAGAGGAGAGTACCCAGGGACCTGCGTGGACCGCATCCGAAAGCATAGTAGTAATGTAACGCCATCACAGAACCCTTAGTTAGCTACGATGAAGTAGGTGAAAATGGCTCGACCCAAGCCCCCTTATCAGTCCAATGAGGAGCACCACCTTGCGCGCATGATTGAAGAATCAGAAACCTCCGTCTGTGCCATCTTTACCAGCACTCCGGCATAACGATAGTCGACGGGTGTCAGATGGTATGAATCTGTCTCGGGCCCAATGCTTACTGAGCGGTACGTATGTAAGGTGGGAGGTACTCTAAGGGAATAGACGGTAAGCAAAGTATGGCGGAGTATCAGACGGACAGCTTAGGCGACCAAAAGCAGCTTAAAGCCACTAAGCACCCACAACGGCCGTAACAATAAATCGTCCCCAGGCTTGCTATAAAACCACGATTGAATGGTATAGGGGGCGACAAATAATCCCGGAACAGACGCAACCTGCTTAGCCCACCGCGGATACAATCTATACTAGCGAACATTCGGTGGGAAGCTATCGAAACTAAAACTGCACAACCCATGCTAAAATTTAATGGTGGGAAGAGATAAAGTCTCGGGAACTCCCTAAGAGCTTACTGCACTAGACTACTATAAGTCTATACGAGTAGTCGAAACCCCTCCGGAGCGCTAGAACTGTTGGGCAACGTCCTTAGTCTGAAGCGGCATTCCACTCAATCGAAAACAAGGGAAGCAGTTGCAGACTGAGGTGGTCGGTATTGCAACAAGCCGGTTATTACTCAG,1932,49.53,Saccharomyces cerevisiae
SEQ_561380,CCTTGTAGCCTGAATATGCCGCAGTAGTCGACCGAAAGCAAATTTCCTCCTTGCGAATCCGGGTTCATTCTTTTCTGCCTGAAGCCACCATAACTCACTTCTTCGTATTACAATAATGGGAAGTAGTCATCGTGGGTCTCGTACACGTGTTAACAACGGGAACCTGCCCGCTTTGATGTGGTGCAATGATCGTAGCTAACGGTATCATTGTCAAGAGCTGAGTCGGGGGTGCGTAGTAGTGGCGTAAATGAAAGGACTGCGACACAACCGATGCCCAACTCGGTTACGCGTCCCTATTGTATACCAGCGCACAGCGATGTATGTTAGCACCCACTGGGCGATCTGATACGTCTTTTCGACTATAGTAAATGCTAAAGGCTATCTCCAATATACCAACTCCCTCCTTAAAGTATGACATACTGTTGGCCCCCCAGTCATATGTTGTAACTGTACATCCGAGACTGTCGGCGAAGTCCATAAAGTATATCATCTGCGATGAAAGGTGCCTTAGAGTACACGCAAATGTCGCCTTCGCCTCCCCTTATGGAACGT,552,48.01,Escherichia coli
SEQ_198920,AATCGGGATTCTCTCCTCTAGAGAAGGGTACTTTATACGTAAAGACGTAGGTGTAGAACTGCCTTTATTTGACCCCAATTCGTAGGTGGCGACTGGGTACTGAGTGTAGTTCAAGATATTGTATACGCGGGGCCTCTAAGGGCCGGACACCCAGTTAGTACTGGTACTCCATTAGGACCCTAACCGCGCCCCAGATAGACTACTGACGGTAACTAAACTCGCAGGCAGGTTAATTCACGTAAACTGTAAGTTGGTTAATGCATAGCTTCGATTTACTATAAATGATTTCGCTAATCGGCGGCGTGTATTCGCTTAATTGCTGCTCCTGTACTGGCTTTTCGTATTGTTCGTCCCAGCATTGGTGCGTAGTAAATCTCTGACACAAAACCGGTCTCTCCTAACAGTCAGAATTAGGTACAAGTCAGACGTTTCCTTTGACGGTATAAGTATTGAGAGCCTCTTCGAATGGGGCCTATCCTACCAAGTCCTCCCCACTCTCTACCCAGGAGACCGTCGGGTATGCAAGGATCATGCTGATTGTGTAAGGCAAAGCCCAGACAGGAGCCTAGGGAGATCGCATCCTAGGAAAGGCAATTTCCTGGACTTACGCTGCCTTCAGTCTCGCGTCAATGTCTTATGATGCAGCGATGCAGCCGGCTCCCCAGGTTAATCGTAATGACTATGACATTCAAATTGAACTAATCGGGAAGTAATCGCAGTAGAAAAAGGTCACTCGACGCAAGACCACAGGTTGTTTAGCTGGTAGCTGCAATAAACCTCATAGGCCGCATTGGTGTCGCCTGGGATGTCGTCTGGACTTGTGTTACCCAGCACCGTAAGAAGTTTATTGTCTAACAGGTATTAGGATAGGGAACAATACTCCGCCTCCCGAATACGCATGCACACGAAGATGAGGGGGGTTGGTATATCATCAAGCTGACTACGAGCGGATGTCCTATAATAAACTCGTAGCCCCTTGATCACGAATGGGGTTTATAGGTGTACCGGGGCTAGTTTGAGTGGACCCGTGCGCGGGCGTACACTGGGATCAAGACTCAAATCATTTCCACGGGTAGGCTTTCGGACTCAGATGACTATCTGACTCGAAGAATCCTAATATGAAGCTTAGGAGGTCTTAATCGAGTAGAACGGGCCTAATCGAATTGTTGACCGCGTCGTTGTACCCGAGTCGAACGATACAGTCTACTAGTAGGCGATAAGTATTTCCTATCCGCATTAGGCGTCCTCCTTGCGTCAGTGACCGTTGGCGATGCCCAATCCGACCTCCCCGAGTCCGTCTTCACGCATACTCTACATGCACTAATAAACGAGGAGGTTCAGAAAAGTCGTAGTAACTTCTGCCGACCGTTTTCCACCATCATTTCAGACCCGATGCTCCATATCCTAACAAATTGGACCTAGGATGACAGACTTCTAAGTACCTAAATACCATGTCAATGTCACATAGGAGTTCGACTACTTCCC,1485,48.01,Mus musculus
SEQ_154991,TCCCAATTATGGTCGCGACGGAACTCGATTCACGGGCAGTTACGCGTGGAAAGTTAAAAAAGATCCGAGCAATGTCCCGCGTTTTCCGAAAGCGTAACACAATGCGCCGTGAATGGACTCCAACGCTCGCGACCCGGATCCCGTTTTCAATACGTCCTGTGGAGATACGGTGCCCGCGCACCTGCCGGTTGATAGAGATGTTTTAGGGATTCTTCTTAGGACGCGGTGTGTGCCTAGAACTGACCCGGAACACAGGACACATTACATAAGACGTCACTAACAAGGCTGGAGCTAGGCACTTCATGCCAAAGGCTCAATTGTATTCCTCAGGTAGTCTTGAACCCAATTCACATCTCATTCTCGACCAAATTGTGCCAGGGTTAGGTGAATAACGAAAAACTTACTGATGTGACAGAACGCCTCCCCTTCTGCTGTACCGCCCATTGCATACGGCAGGATCACTGCACAAATGCCGTGAAGGGAGCCTCAACAACAGTGACTTCGCATGTGCTTTCGTGGGCTAATAAAAGGAGATCACGCTGTGCAGTTTCATCCGCGAATGTGCGGAGGAGGAGTTGTTACGAAATGGGTAAAGATAGTAGACATTCGCGTAATCGTAGTTTCCCATTAGAAACTTAAGTCTTTCCACTATGAAAACACTCGGCGATGAAGTCTGATCGACTTTACAGTATCCAGAGGACGACGTAGGTCCACCCCCAGT,721,49.38,Homo sapiens
SEQ_748093,TACCACGAAGATGAGAGATCACCGACTCCGCGGACCAGTGCTCTCAAGACAGCCCCTCATGAAAAATTACCGTTATCCTGTGCTACGATCTTCGCCAGGTGTTCCGTATTCCTACGCCATCCCTGCAGGAGGCCGATGCTTGTAAGCCTTTCGTCTCTGGAATACTCTTGCGCTACCCGTTCCGGGTGTTCTCAGTCATTGTTGACCTCCTACGGCTGCGCATGCGTCTAAGACGGGGGTATGACGTTGGATTACGACTTTTTCAGCCCGCTAGCGGGACCCCCAGCCCTAAATACCTTCAGCCTAGCGCTCCATCTGCGGGAATCACGTCCTAGCAGAATGCGACCCCACGTTTGTAAGTAACGTAATTATGGGCTTCAGGCTAGACTGTGCGTCGGAACATGTAGTAGGACACGTACTGGCGAGTGTGTCATCGGTGGGGTGACTTGACAAAAATCAGGTCTCTCGCCGCTGTGGATTACATGTGACTAGGGAGGTGCAAGTCATAGAATCATTACCCGGCGGATCGAGACGCAACAAACGGGATATCCG,552,53.44,Homo sapiens
SEQ_163764,TAACACTACAGTCCGAGCCGGAGTCAATCCTACAAAGCTACATTCGCAACGCGAACAGCATCACGGCAGGCCGTAGTCCTGTGCCCCTGTGGTTTACGGTGCAAGATCTACTGTTCAGAGCAGTCACTCTTAAACGCACAAAGAAAAGCGTCATATGGCTCCTTATGTGTTGAGAGATCCGTGACTTCACCCGTGCGTGTTACCTGTTCCGACGAGTGAAGAACCGTAAACAGACCCGACGGAAAAGCCCCCGTAACTCCAGAAATTTCCTCCATAGGGAAATATCCGCGCCAGTGCTACCCGAAGCGGTGGGGGCCGCTCCGAATAACAGCACACTAGTAAGACAGGAAA,351,52.14,Arabidopsis thaliana
SEQ_527415,ATCATAAGTCAGGGGTAAACACCCGAGAGGGTGATGTAAATGGTTCCTAGATGTCGCAGGCCTTAAGGAGGCTTTGCACAGCTAAAGGACCGGCTTCTTATAATATGCGTCAAAATGGGATATTACGACCTCTCGACGAAGAGGCTAAGCATTGGATCACAGCGAAAACCAATCGAAACATAACCAATTGCGACTGCAAACCTCAAAAAACTTAATGCAGACAGTGCTGAGATAGAGAGGTTTTGCAGTCAACTTTTAATCCCGAGACTGGTATCAGATTTTACCGTTATCTTGCTTAGTGAGGTGTCGATCTACCTAAAATTCAGAATAGTAGGGTAGCCATCACCGGGGACGATCACGGGTTGAGGGAGTATTCTGAAGTCGGTGCACATATTTCTAGGCATGGCTCTAGAATGCTGATGTTCACGGGTAGAAGTTCTTCGTCATGAGTCTGCTACCAAGCGGAGTATATTCCTACAGCGCGCCGGGCTCGGCACTGTTGACCGCATGCAACTGGCGTTCTGCCGATCTAAGGCTGTACAAAAAACTTGGAACCTCCCCCTTTTGGTGAGTTTTCTAGTTACCGATCTTCTCAAGGTCACTTCAAATGATGTTCCACGGTCGTCAGCGTCGCCTTGCGCCCTTGCATTCGATTATCGAATGAATGAACTAGCGTTGCACCAGGTAGGGCGCAAAAAGCCTATCGGACAGACTGATATGGGTTTCGATTGTGCGACCGCAGACATTGGTATGCCGCAGCTACACTCAAACCACCGTTACTTAATTAGGAGGAGTATTTCTAGGACACTCCCTGCGGGTGGGGACGTGAACGACTGGCGTTGAACCGCCGGATAAACGGAACCCCCCAGCGGCCAGGGCCGGCGCAAGACTATCTACCATTGGTAAGGAGGGGGTCCCAGATGAAGCTTAAAAGAAAGGATTACCCAACCTCGGTTCTATGTAAGCACCAGTGTCAAGGTGATATTTGTTAGGTTGATAAAGGCCCTCTCGATTATATATAATAGAACAGCTGAACGTTCGGCGTATGGTATAGCCTTCTATTACCATATTTACAAGCGGCATTGGATTGGAAAACGATCCTGATTACATAAGGACCATATACTGGGTCGATAATCACCGATCTGTTTTGTTAAGCGGGGAATGTAGCACGCAGTAGCTATGGCTAGGGCCGGTGTGCCGAACTTTTTTACACACATTAAATCGGACGTGCTGCTCAGGGTACGAGCAGCATTCTCCGCAATATAATCATTGTCGCTGGGAGCTGATCCAGCGTGGACAATCGGACACTAGAATGGACTGCCTTTGATCTCCCTATGGTAGGCGCACATAAGGTTCAGTATAGACGTCGATTAGCCCATGATTCGTTACAGTGGGTAGGCTGAACGATATGGTGCGTAGCTAGTAATAATTTCGGAGTCATACATTTATAGGACTGAAGCGGTGTCGATCTCCCCGAGATCCAGTGGCACAGCAAGTACTTTAGCTGTACTTTCAGGTACTGAGCGCGTGTGTATATGGACAAATAAGCTCGATCGGTAAGAATTGCCTTTATGGGCAAGTCCCCGAGAGCCCCAATCAAATAAATCGCCTGTGGAATAGTTTTAACCGTATACTTACGGGCTAAGAAAGATACCTCAAAACGCCGAGTCCCTATTGTCGCGGATCGTGTGGGGGTTACAGTAGTCGCTTTGCAGGCTGACGCCTCGCTATCTGCACTGAATCTTGTGCCGCAATCCGACATAAGTTCCCCCACACTGTTGATGGAGTTCACTCACCTTCATCCTCTTCGGTGGATTATTCAGGTTTCTGACATTTTTATCATGATCACTAAAGGGCAAATTAGTATCTTAATGAATGCGTACCTTAAGGCTTGGTATGATCCAGGCATAGGATGCGCGAGCGTACTGACGAGATTAAGGTTAG,1944,47.48,Caenorhabditis elegans
SEQ_536564,GACATATTACGGCCCGCACCCCTGGGCGTAGCAAACCTCGTGACTAGGTTTACTAGGACTGATGAAAACTGAGAGACTAAGGTGTGAACTCGCTTATGATCTCTGAATATCGGGATACTTGCCTTCTTAGGACTCCGTATGACGTCCTCTGAGTTTTACGCAGATTTTCCGGGCGCCGATCAAAACCGGCGAACTGAGCCCTCAGTGCTCCAATATGAATTTTTAAGAGATCTTCCCTTCCTCTTGTTTGGGCAGT,256,48.44,Caenorhabditis elegans
SEQ_907934,TGGTGACCATAATATAGTTAGGAACATACTATTCCCCTAGTCATTAACCGTGTGCTGGGCCTCGCTTTTAAAAACTGTGCTGTCCTCATCTGTCACTCTCCTATTGAGAACTCCTTGGTCCCATAGAGTGGTACTTTACCGCGTATAGAATTAGCCCTGGCGGGATCAGCTTCATAGAGCCCCCATGGAGCCTTGGTAACACGGGAGGCCCCCCGGGACAAAAGATTCTCGAGTTGAATGGTAACGGTCTGATCGATCTTGTGCATACCCCACCTCATGCTACTAGGACGTCGCACTCGCGAGTTCGGACTCACTGTGAAGAAACGTCGGTTCAATCAGGCTCCCCGCCGTCTCCGATATTAAAAAGCGTGCAATGTTCTGATAGGAATAACCTCGACCGTTCTCCCCGACTAACTCCAGGGGGTACGCCTGTACGGCGGGCCCCTACTCTACATTCTTTACTCAATGGCTGTATTGCGTGCGTGTGGCTACTTTTGTGCCAGAAGAGATTGTTCCAGCTGGACATAGAACCCACAGGGTAGTTTCGCGATGGGAATTAACTTTCAAATTGGTGCTGCAGGCAGTCGTGCGACAAAATTGACAAGCTCAATAGGCGCATCCGTGGCCACTGAAGAACCTAAGCTAGGACTACTACTATGGGGAAACCGGATTTCACGCAGAATCCGATCGTCGGGGGGTGTAAGACTTAGTACTGATACGGGGAGGTATTGTTTCGGTATAAGTCTGATAGAACAATGCCAATTGGAATATGTTGCGCGAGACACTATCGGGATGTTTACCCGCGCAAGCGATTTTATTAATACAGTAACAGACCAAATTCCCTCGCTTGCGGCGGTCACGCTTAAGGTTAGGTACATTTATAGGTATCCCGGGCGGTTTCCCCGCCGTTGTCTAGCATACCACAATCCCGACAGCGAAACGATTTCCGGTAATGACGTGACAGTCAATGTGAAAACACCCGGGTATTTTTGCACCAGGATAGACTGTCCCCAATACAAGGGATCGGAGGTACGTAGATGTACCATAATCGGAGGGTACAGTTCAAACCCAACGTAGTGCACAGATGGCCTCCGATACAGAACTCGTTTAATTAGGTACACGTAATCGGCTACTTACACGTAACTGCCCGGACTGACCTGCCCAACAAGGTGGGATTCCGACCATATAACGAGTGAAGAGAGACCGGCGACCATCACTTGCTAGTTAACCCAACTCTGACCTATAACACAGCGTGTGACAAAGAGTAGAGCCGGTTTGGGAAAAGGGGACATGAGCGGAATAGTCCGGGCGCTGTGGGACCATACGAGATCGACACACTCTTTCTCAAACACGGTGCCCTTGCTACAG,1368,50.0,Mus musculus
SEQ_986891,CTTTTGAGACTGATTAAGTTCGCTCTTGATGGCACTAGATCCAATAAGAAGAGCAGTCTTCCGGCATTATCCCTTCGCATACGACTGGTAGGTCGAAGGGCGCCCTTAAGCATCACATCCGGTGAGGGTGTCGCTCAGTGGAGTAGGTGTTGCTGGAGTTGCAATTCAGTTGGCAACCCTTTGGGGTGTAACAACCTAAGATATACGCTCGTGCGCTGCATGACAACTTCTAAGTATCACACAACTCGGCTGGTCATGGTGCAGTTACTGACCCGCTAAACGGAAATAGGCTGTTTCATGGTTGTTCTCCGATATTAAAAAACATTATGAACACTTTAAGGCTACGGGGAACTGAGGGTACACACGAGGGCAGCACAGGGTTAAGGATGCTCCATGCTCTTAGATTGGCCAGTGACCACACGAAGACCCTTCCACATGAACGGAAACGCGGTAACTGCTATGCGGTTCCTCGGGAGGTGTGCAGAACAATTCATGGCAGAACCGTTGGATGCCTGGTAGACGGCAAGACCGGGATGCCCATTCTCTCTTAAAACTGCTCACGTCAGCTGCCATCCTCTGGAGGTTTTCGTCATCAGCAACCACCCAATCTGCCTCTTTTTCGACCGATGCACGAGACAGTAAAGGAGAGTTCCGAAGTTTTCACCTCTTACTTCCGTTCGCACGCGGTCAGCGACCGATGGCAATGTAGATAAGCTGCGCGGTTAAGTTTATTGCATGAGAGCGCCTGCCTGCGTGCCGGCCACGTAGTCGTTCGATGGGGAGGAGTGGCTTGTCGGGAGTTTCTAAAGAAGTCTGATATGTTTTACCGTCATGTGTATACGCTCGAGTTCAGGACGGATGGGATCCCCTCTAAACGTCTTACGAACCCCTAGCTCAGTTTGACTGCCTCGAGATCGGGAATATTGCGTCGCATGAGTGCTGCGCTTTTATACGCGTTCAGAAGGAGGTCAGGGCAGCGGGAGGGACTAATATTGCCTAGAAGACCGTCCTGGCAATAAACGAGTTTTCCCAACACGCCTGCATGGGAGGATTTCCCTGAATGCTATATGGATTGGGCAAGAGACGATAGGGGTTCGCGTCGGAATGGGTCAAGCATATCTGAGGGTTACCAAAGAAATAGTTCTTGACATATGTAATTTGCGGGGTAGTGACTAACACATTATCCTAACCAAGTGATGACAGGCGACCCGCGACCCTGTCCGCTCTCATGACTGACCGTCTT,1243,50.68,Caenorhabditis elegans
SEQ_242766,TTAAATTTGGGTTTATATATAGGCTCCCTTCAAGCCGCATCATGCAAGTGACAGGCTCTCGCATCCGGTGCAAACAATCACGGGGGAAACTTACTTAGTGGCGCTCAAGCAATCCCTCCCGAATCGCCGCATATTGGGATCGTACGTAGCAACTCAACTTTGGCAATGGAGTGTCGGAGGCGGCTTCCCGTTGCAATCCGGTATAGTTAAACTCACAGCTAAGCGACTCTTATCACTACTCATAGCACGTGCGATGTCGGCCAGTCATCTTATCAATTCCAATTCCCGGTTGCTGGCTTCGGTCTAGTACCG,312,50.0,Saccharomyces cerevisiae
SEQ_548355,GGGATACCTGTGACTCACCGTAGGTATGACATGCCGAAGAACAGACTGCAACCGCATACCGGAACGGGAAGAACTTAGTCGTGCCAACCGTACCGCATCCGGCTTACCTGATGTGACTATGGGCGTGATCCTGGGCCCAACGGTGGATACGGTCTCTCATTGTGCCTCTTCCTATAGCTCATCTGGAGGGCACGCTAGCATCTGACCTGGTTGACACGTGTGAGAAGTTAGGGTACTGTGAGTGCTCCATCGATAGGGCATGCTCTTTTCTGTCCAGGCTTAAGCACTAGGGCACGAGCGCATTGGGAATCGCAGATTATCAATCACATGAGAGCTGATCCTGCACCGGAGCATTCCCTAGTATTAAACCTGGTACAACGAACTTATGGATGTACGGTGGTCAGCAGTTGTGGAAAACGTCTTGGACATGGCCTTGTAATTTACATTAATCATTGAAAGGTGCCGCTGTTCGAAAATTATGACTTAGTCAAGGGACTGCGACGAATCCAGTTACGGCTTGGACGTTTCAATGACCCAACTCTCACACCCAGCTTTGTTCATTACTGGGGCTTTTGGCACTGCTGCTTAAGCTCGATAGCACACCTCTCGAAATGTAATACCTTGGCTTCGTGGTGGTCGGACGCCTCGCGAGCTAGGACCCTGGGTACGCGGCAACCTTGTTTCCTCTTAAATTACTTATTTGACCCGTCCGCCCTCTCGAGATGAGTTCTTTGCTAACTTAAAGAGCGCATTATGTCGACAATAAGCCCTTACCTGCCGATGGGCTTTAGGTATCTCCCCCGCGAGCAGCAGTAACGCCTGGATCAGCAGCCTCACTTCTGGCCATGAACAAGCCGCTGTGCGTGGGCGTCATCACATAGAAGTGGCGGTGCGTTGCCGCGTCGGGCGCATCAGTCACCTTGATGTCAAGAGGATGTAGGACTACAATCGTTGTTTGGGATCTCTGAGCTGCCACACACGAAGG,985,51.78,Mus musculus
SEQ_428001,ACTGGTGCTATATCGGGAGTCCACTCCCTAGTGCGCATAGAGAGTATAGGACTGGGCGCAACGTACTCCTCAGCTACCGCGAATAAAAAGATTCCTGGGCTACCCTGGATTGGTAGCAGCGACTCACAGTGATCTTCTGGGGAATCGAAGTCTGCACTGTTGTGACTAACCTTCCTAGACTCCAGGGACTGTGCCTTCAAGTTGCTATAATGGGACGCCTCAGCCTGCACTCACGCGAACTA,242,52.48,Escherichia coli
SEQ_249086,TACTTGTTCGCAAGTCCTCCTGATTGCACGTGAAGCGTACACAGCGATTACCGACTGCTATCGCCCGCATGACCGGGTAGAAGATGGAAATTTGATCTTACTATAGTAGGAGCGAATTGTACTATTGCAGTTGTCACGGGGTACGTCTTGTTGCCACTATGGTTTAGGTGAGCTCCATATAGGTCAGTCCTGTGTGTCACACGTTGCGTCATTTTATTGAGAATTGTGCTGTGTTAATTAGGGGCTTCCACATGTGCCAGTTTCATATGTGTGCCGAAGTGGCCTCCCCCCCGTAAAACCTTGCATTGGATTTGTGTCGGTGTCAACGGCTCGGAAACCAATTACGCTTTCCCTCGCACATCGAACAGACATTAAGTG,378,47.88,Mus musculus
SEQ_836645,TAGATCCCCCGTCCTGCAGCCTAACTCAATGGGAACGCAAGGCTTTGGCAAGGTCACTTGGGGTGTCCAGGCAATCGCGCCTCGTCACGAGATGTGGTAGATGCTAGCCTAGGCTTCTTCTGGACTTCAGCTCTGGAGACTTTTCCACGCACGTTTTCAGGGAAGACGTTTAGCGGCCGCTACAGTTTGGTCAATGGTCTATATATTAGACGCCGGGAGCGTATGGGAACAGCCGTGACTCACTGCTATTTCCTGGTTCCCATAATGGCTGTTACGTAATGCTACGTATGGATAGGCCGTCTTCGAGTGCATTCCCTTTAACTTTAACACCGTCAAATTGCAAGACCAGATTTCAGAATCACAATCAACCAGCCGCACTGTGCGATACGTGAGTTTCGAAGATACTGGAGTTAACGGAGAAACGGATAATCCGATTTTATAGATCCCACGGCTGACTTTCAGTGGCTAGCTACAGTTAGGCGCTCCCCACCTTGGTTTCGGCGAATCGGTCTCTCAGACCACGCACAGTTAAAGCCAGCCTACCTCTTGGCATGGAGGGGCCGTACAAGCAACTATTGTGCTCCTCAAGGTACTCATCATACTCCTATGTCGCGTTGGGATGGGGTAATCCGCACCCATGTTGTGCATTGGATAGCCTTATACGCACGGTGCGCAACAGTAGCGTGCGAGTCACCAACGCGCGTTCAGCATACGGCCTGATGTTATATACCAGACGCTGCACCGCGGTTATACTGGACGCAAACTGGAGAGGGGTGCACTGGGAGTCCCTTGTGGGCCTCGCGTACCCATTCATTCGGGGTCACGACACCACCGCGGAATGCCCGGGCAGCTATCATGGGTCTTTACATGGGAAACTAAGTAGGTACTAGGCGACTTGTACATCCCGATGCTCTATGCAGTTTAGGACTGCTACCCCGCTTAGCGAGTGCTACTCCAAAGTTCGTATGACGCGGAGAGAGACACGTGTATATGAAGCAGAAGAATATCACTATGAGATTTCGCGTAGTAGCCACGACGTGAAAACACCACGATGTTGATGATGCTCTGGTGCCATTCGTCTACCACGATTAACTGGCAAGGCGTGTACTAGTTCGGATGGATATCCCATGAAGCAAGAGAACCTTACAGAACCGACGCCGATGCCGGAGTACAAGCTAGCTGCTAATAAAGCCCGCCTATTTCAATGTATTGCCACCCCCTATATGAGGGGGTTAACGCTATGGTTCTTGCCCAGACTTCTGTTATAAAAGTTGTCACCTAGGTCCCAGCACGGGGCGACGATCTTATGGAACGATGAAGCTCTGAGGTAAGGGAGGTCCAATTAGATAACCACGGGCTTATGAAGTTCGATGGTGCGTCAAGGGATCAACGCCCGCCAACCAGCTACTATCAGCATTAACCCGGCGTGAACAATGACGCCATTGGGGGGGCTCAGACAAACAAGGTCAGCGAATGAGCAGAATGCGCAGCGGCCTGTGATTAAAAGTTTTAGCGCCGTGGAAACCGCGGAAGT,1534,51.63,Mus musculus
SEQ_395040,CTTTAGTTGACATCAAGTACGCAGTTGACTTGGTTCCCCGACGCCAGAAACGTCAATTTTTGCATTGATACGTCATAATGCGCCACCGTGTCCTTCACCACGAGTGACGGAGTGGAAACCATGATATAAGATTTTGGCACTTTGACATATACCCCCACTACTTGGTATGGCAAAGACTCTAATGACGAGTGCTATTGAAGAGAGGTATAACGGCGCCTTAATATCCATATAAGGGAGTAGCACCGAGTATTAATCCCAATCATGCACGAGGACATTCACCCCTCAAATCGGGTTAGCTTTCTAGAGCCGGAGTTAAGTATCCGGCGTGATCCACACATACATTCCAGTTAACTCGAACTTAGTTCTCTCTAAGTGATGAAGCGTTCAAAATCTTGTCTCTTGGGTCGAAAGGACCCATGATCGATAGACTGTGAGGTGGGGTGAGACGACGTGTTCTGTGACTGCTACCTAAGGACCATGGCCACAGGGTAAAAGCGTTTAGTTCAGAACGGCGCTATAGGGGGTTCGATGACTGGATATATCGGGATGAACTCATGCGGTACGACACTTGATCCGCCACTAGGACTTCTACTGCTTATCCAGCTCCCCGGGATTCCCACTTGAAATAACTGTACGACGCTGGCGGTTATTACTGTTTTAAGATGGATAAGATCG,675,46.81,Escherichia coli
SEQ_307841,CATCACGAAAGGGTCTCATGCCCCGATTAAGCTAGTGTCCAGACCGTGTACGCGCATGATGTGCATTCCAGGACCTTATATTGCTACTCATATTTATCTTAAAGGAGTGCCGGACCATCGCAGCATTCTTAATTAGTTACGCGCGGCGGAGCTAGTAGACCGATATGAATATGCCGTGTGATGGACGCCCGAATCACAGTTCCTCTGTCCCCTATCAGCGGCTTGCGGTGGCCAGATGAGCGTCGTGGACGAACCCGGAGACTTACGACTGAACAACAAAACTCGAGGCAAGCCCGGGAGCCTCCATACGCAAATAGTCTCCGGGTGGCGATGCGTCGAGAGACGGAATCGATAGAAGCAGAACCCGCTCCATAATCCCTTCGTTCCCCTAAGGGGTTTCATTTCACTGTGTTGGTACCGTCTAATTATGCCGATCCATAAGTGTTAAGAATATTATGTACTCTGGTCGTACGGTCTCTCCGAAAACTATGCCCTATTCTTTCGTGACTGTACCAAACAGAATATGAAGGGCCAGCCGAAAAGGATGAGTGGGTTCGGGTTACCAAGCACCTTGAAACATAACTCTGCACGGACCGCTCATGCTATCCGCGACTGACTTGTGCACCTGGCTTATGACCGATGCAATACTGGGTTGAGCAGGTATAGCGCAGGCCGCTAGCTTACAGGTGTGGGAGGTATAAGTTATATTTTCCTTCGCCCGCATCCCTAATCACCTGTACTCGTCCATGGTGGTAGTTCACAGGTCCACAGTTGGCTATTCTGGGGACACCCCGTCCTAAGCATGGGGCTCTAGGCCTCTCTAGAAATTGGTTGTGGAACCATGCTTCTATGCATCGGGGCAAGACACTCCTGATCAATAGCTTCTGTCCAAAGCGCTGGATAATAGGGTTAACAAGGCGCGTAGAATAGACGACAAGAGGCTTATATGAACGAATGAGATATCGTGATCAATGGTCCCACGCTACGTGGCGGATAGCGCACGCCGCTGGGAATTAATGGGTAAGTGTGGGATCATGGTATCCGGCATACTTTAAAGACGTGACGGTCAAACCCTACCCGTTAGGCGGCCCATGAATAGCGTCTAGTGTGGTAAAGACGGCGACTGTTAACCTCCTTAGTAAAGCCCATGACGTACAGGGCACAGCTATTGTAGACCTGGGAGATGAAAGAATTATCATAGGATCGGCGCCGCATTAACTGGAACAATAGAGTGTGGGCTGCTTGGAAGCGAGTCGGTCGCTAGATGCAAACCATTATCTGCAGAACCCCGTGCTGATTGCTATCGGACAAGTCATTTCCGGTGGATGATGATAAGATCGACTGCGCCCGGAAGCTCAAACAAATCGTGCCCTCCGAAAAGTACGCGCGTAAGGTTCGTATGAACCACCGAGGGCAAAACCTCACAGACCAACTCG,1436,50.77,Mus musculus
SEQ_860418,ATGTCCAACAACATGTATGTAGTTGCATCCTCAGTCGATCCAACACCTTACAGTGTAACGCTCGAGTAATACATGACGCACCTCTGGTAATCTAATGGAGGCGAGACCATTGGGTATTTCCGCCAAACGTTACAAAATGTGTCGCTCGTTTCATGATTTGAGACCAGAGAGCTATGACGCCAGACGCGATAGACCCGACTTCCATATGTTTATCCATTGTATCAGGATGCTACATGAGTGAGTTGATTCTACAAATGGCGGTAAGATTGTTAGGTTCCTCGTCAACGACTGGTTGCTAAAACCCTGAGCGGTATAGCCATACCCCCTAAACAACATACCGGCCGCAACTCACCCGCTATGTGTACGCCAGGGTCCTTCGTAAAAAGTCGCCTCCTTTCCCCAAGTATGTGCAACCACGTTGATACCCTACTGATCTAC,438,47.26,Caenorhabditis elegans
SEQ_648353,GACCGTGCTACCTATTACGTTCCTTCTGCCTAAACCCCCCGTCTAGTTATGGGCCCTGATGGACCCAATGGATCACCGTGTCACCTCCACTAGGCACGGGTCACCATAAGACGTTTTTTAGTGTTAGATAGTTTGTACGGACAAGTCCTGCGAAAGCAAAGCTTGCGGGACATCTTCGCTCACCCCAGCCGTGCAAGACAACGATAGAAGCTCATAGACGTTCATGAGCGACTAGGAGGCAGTGGTGATACTCTACCCGTAGAGGGCCGCGAGTTGCGCGAAGTAATTAAGCGGTCCTTAATTGAGGACCAACAAGGGAGGCCACCACATCTGACACGTCTGGCCGGCTAGTACGAGGTATCGTCAATCTTTGCCTCACCAGCGAACTAAGAGACGATGCAACCAGCTTGGAAGGTCAGTACTCGTATGCAGGTGAAACTAGCGAATGGTCAATGGAACCCGTCTTTTTAACGAGCTTCGCAGTCCATCGCCAATAATCCATCCCTCGTGGTGACAATGGTGGCACAGGTACCATAGGAGTTTCTTAGAGAGTATTTCGCACGGCTTTATAGACCACATCCGCCTCAGCAGTACTGAGAAGTCATGGAATCGTACATTTGTAATGTGAGTCGGAACAAACGAACGCGTCGACTTAAATTGAACATATCAAATTAGCCCGCGGGCTCAACTAAGCTCGAGGGCCACAACAGCCTTTGCAGTAAGATAAACATCGTTCTCGCTTCTCCCAATCTACATATCCTCCCTCCGAGACTGAGGGGTGTGTTGAGCACTGAGACAAGTTGAAAACACTGCTTACGGGGTGTATCTCTTTCATACTCCAACGCCACCGGGAGATTCAGACCAAGAGCTCCTTGAATTGGAGGAAAGCGCGAGCCGACCGACCGTGGGCCACCCCGTCCCGCCCGGCTCTCCACTCTTCTTCGCGCCCGCTTTGACAGGCGCTACGGCCTTGGTAGCACTCCACTCTACTACCACAGTAAGGC,1004,52.09,Arabidopsis thaliana
SEQ_516982,CCAAATTTTACCCCGTAACCGCCAACCCCAGACTACATACAGTGCGTATTACCTAAACGTACCGCATGCTCCATAACCAAAAACCACTCCCCCTGCGTCCATTAGTGCGTTGATACCTAAGAGCAAGTATAGATTCCACATTCGGCTTATGATCTCGATAACTTACAGTTAGTCTTTGTTAGGTTCGCCTAGGAACACGGACGGGGGTGCTTCTAAACTGTTTGAGAGACAATGG,235,46.38,Saccharomyces cerevisiae
SEQ_663149,CACGTCCCCGTGGTGCCTGCTTTGTGACTACCGCAAGCACGCCACGTCTACTGAGCTCCGTGAACAATTCTTGGACACTCACACAGTCGGGACTGGGCTTAAGCTTTTGCTGACGGTGTACCGCTGTAGTTCTCGTGAGTTTATCGTCAGCGAGGGATGATCATAGATAGCGGGCACGTGCGAATAGACCTGCTTTTCCGTGTGAGAGCGAGTACGCATTTAAAGGCCTTTGTACGTGTCAATCAGATAGTAGTAAAACCCAGCTGACCCGATGTGTAGAGCGGGCCAGTGCGGACAGCCTTTGTAGAACTAAGTCCCTTTTGTTCACAATTTAATCCCCAGGACGCGGTAAAGAACGATGTGTACACGCCTAAGATTCTTGGATTGCACAAATCCCATATCTCTCTAAAGCTTCAGACGGGGATTGGAGGCCGCAGCAAATCATCAAACTTCGTGGTTCGGAATGCTCGCCCTGGGGGGTCGAATACCGCTTGATAGCCGAGAGTCAATCTCGGATAATGACTATCAATTTCAGAGATCTGGGTAATGACATCCTGAATTAACG,565,49.91,Homo sapiens
SEQ_728575,GACATTTGTTAGCTGTCTCTCCCTGACTCATGCGGGGCCCGCAGAGTCCCAGAAGGGTCCCTTGCTGTCTGTTCAGCGTACGATATACGGCCTGGACAGAATGTTTCACGCAACGAGGCAACGAGCTCTTCGAATCGAGGCGTTCCATGACACCTAATACGGGCCTAATACAGACGCCTGCATATCTCGCTAAAATTCCGCAGGAGGTTTACATCAGGTTGTGATAGCCGCATTCCGTGCGGGCCTCAGTGTGACCCCCTTACCACGTTTAGGTACGCTATTAAGGGGTGGATAGAGCCCTTAACCCTCCCTCAGGTTGGATCGTATGTGCATATTCGCAATCTGACAGAGTTGTTGACACCACACAACCTCTTTGGGAAACTATAGCCACTCGGAGTGTAAAGTGTTGATACGGGGAGGCAAATTCGTGTAAATCAGCACCAAGCATTTGACTACCCGCCACATGAAATGAAGGTCCTCGCAACTCGTAGCTTAGACGTAATCCATTTACTCACGGGACTCGACGAGAACTTATTTCGATACGATGCACTTATTCAATCCGAGCCCTCTATACCTACAGACGTTCCCTACGACTCCACACTGCGAGCACTACTCCTAAACCCCCGCTTCTTGCGACGTCTATAGCTGTGCTCGCTGTTCTGTGGGGGGCATGGGGGACTTGCCCTCACGTTAATGCGCTCTTCCAACCTTAGCTGTGACCGTACGCCGACAACTTGCCTGTTTAACCAAGCCGTAACCTGCGGAAAACTCCAATATTATTGGAGAAGGATGCAGTAGGTTGACTTTGCATGTCTAAGTCAAGGTTATAATGCGACATGTATTATCAACTGTGAAACGAGAAAGGGAAGGCGCCTTGTATCCTCGACTGCGAGCGCTGACGATATCTCAGTGTTCACCGTACTCCTGACTTATTCCCACCCCGAAGTTTCGCCGTGCACTGTACGCGCGCAGGGAAAAGTAGTCTTGATCTAGCTCAGCTGAGGATGCCGTGCTCGTCGGCTTCTCCGTGAAAGCTAACTAATCCCTGTTGCGTAGCCGACCTGCATCTCACAAAACTGACTATCTTGATGTCCGACGCCTTACCGAAGCAGCTCCAGGAAGGTGGCAAGGGCTATTCCCTATAGAGACTAAATAAATTATACCGCGTTACAGTAATCGTGCCGGCTATTTCCACCGTCAACTCTCAGAGGCCACCGGATCACGACGCAGTACCCAGCGGCAACAAGGGCGGGAGGCGTGATCAGTCTTTATGTTTGACGTACGCGACCTGTATATACAAACCCCCCTTTCACCGGCGCTAGGAACGCTTACCCTACGTTAAGTAAGTCTGCCAATGTTTCTAGCGACTAGTTTCTGCGACTAGTGGGGTATTGTGCCTGAACGTACCGGACCAGGTTTCC,1421,51.16,Caenorhabditis elegans
SEQ_533348,CCCCTTATAGCGGGCATATCGTAACAAGGAGCAACGTTCCCCGCGGGAGGGATGCAGCGTATCCCATTTCCACGTCCTTTGCCGACGTAGAATTCCGATATCGGAGCAACAAGTTAACGGCAATAGTTGAAATAGACCATCTTATGCATCTTTTCTGGCGAGCAGCTCGAAGAATGTTCGTACAGCGAGTTACGACGGCTCTTTCGACTTAGAAGTGGGGAGAACGGCGGTGGAACGGGGCACGCGTCGTGAAGAACCACAAGAGTTGGGAACCATGTTTAGCTCAATTGCGGGTTGGATCTTAAGGAATGTCCACTTCGTGGACCAAAGAACTAAGGAGTCCATTAATCCTTAATTCACCCTGTGTCTCACCACCGATGAGTCAGCACACAATAAGTCGTGTCATGGATCATAGGAACTTTCGACATATTCATGCGCTGTCTGTTTAATTCACATGGCCCATTAGCTGAAGTCCTACATACCCATAGAGTGAGGGGCGGAGCAAAACCAGCACCGTACGAATAACAGACGGGTTAGTGCACAGGGTGCCACTCGGTTACGTTAGTGCCCTTTATGGTGGCAGAAGATGTGTAATCTGATGCGGTGCCTTAGAGTCTTACTATGCGGGACGCGACTTCCTCCGGGTGTGGCAACCAAGAGTATTAATCACAGAGTTATGTCCCAAAAACTAGCCAAAATAAATCGTCGGATCAGGTATCACTAGTGTGCTCTTGGCATCAAAGTACGGCCCCATGGCTAGACTCGTTCGAGTCCCAGAGGGCCTTAATAAGTAATACTGACCCGATGATGGGAGAGGTGTGGCTGAATTTTCCGCGGCATGTAGCTGTCCTCCTACTAGGAGCTTAACCCGTTCTAAGAGATCGATCTATATTCATATGGACAAAATGAGACTCCCGTCTGAGGACAGAGATACGTGTCTCCTGTACTTGATACCGGAGTGCACCTAGCTATGGAGCAGACCGCGTGGACCTTCCCTGCACACGCTGATGGTCGGCTAAGCCGTAATGCGATCACTGCTCGGCTAGTCGGCGAAGGCTACAGATCGGACTCTTCTTTGCATTTTGATGAGCTAATTTAGGAGATGACTACCGTCAGCCAACGCCCTAGCAGGTGGGATGTGATCATGGTTATTTAGAAGGATGGCTTCCAGGGTTTTAGGACCAACCGAGATTGAGAGATTGGGTATATTTCGTACGTTGTCCGAAGATGCGGCTGCTACCTGCTTGTGGAGAAGGAACACCGGCATCATTTCTAGTACGCGTCCAGCAGGTCAACTGGACCGCCCACGCGTCATCCTCAATTCGAAGTTATTCTTCACCATAGCGTCTTGAATATAAGGTATGGGTCAATATAAAGGAGAGCAGAGGTCATTCCCCCACTGGAACGACCTACCTTCCTTACCAGCAGATATACTTTAAGGGGCCGGTTTGTACATGGGGACGACTCGTTATTGATGGATGCTATTCACCTCAAAACAGGGCTGCGTAGGGTAAGTCCCGATCGAACCTACCTCACAGTCCCGCATAGAGCGTTTGACGCCCATGAGCTCTGATTCTGACAAGCGAACACAAACTCAGGGACTCCCAAGGTGCTTAACGAATACAGCTCGAAGGCGCCATATCTTGC,1647,49.79,Drosophila melanogaster
SEQ_757579,AACGAAATGCAAATCTGCCCGCTTGTATGAATTGAGGCCAATCTCGTCTAGCCCCTGTATCAAGTGTTCTAGCTCTTGCTATCGTTGTTCTCCCCAATTGCTACACGCATCTAGATACGAACCGCCGTCAAAAACTGAAAAACGGTTCACTCGGTGGTGCCTTGACATAGAATTGCAGGGGGTTTGCTGCTCGTCTGAACGGAGTTACAGCACTGAAA,218,47.71,Escherichia coli
SEQ_843916,ATTTTCATGTTTAAACTCAGCTCAACATCCTCACGCGGTAGGCTAAATGTTGCAGTCGCCCAATCAGTTAAGCGTTATGCGTTTTCGTGATGCCATCTGTTTTTTAGCAGGCCTTCTGGCCCTACTACATAAGGCCATGGAGTGCCAGGGTGAACTGATACCTCTAACATGCTAATACTACTAGTGCGTTTAAGCATGGGCCACCACTATCACTGTTAATTAGGGATGAAACTACGCGATGACCTTTCGCATACGGTCCACCCATGGCTCGGACTCCTGTCTGACCTCAGCCCTCCAAGAGTGGGGTCACAAAGCGTCACAATAAAGTCCTCTTGTGTGGACCTCAGACGCCCCCATCCCCCAATCAGTCGCGATCGACTCAGTGGGTCTGACGGCCGCCCTATGCTTCTGCCAAGATCCACGCTACGTTGAATTTTTCCACCGCCGTCACCCTCCGGTCTTAAGGCAGCATACTCAGCAGACAACCGAGGGACG,495,51.72,Mus musculus
SEQ_466783,GTTGGCTATTGCCGTAAAACTGTTCCAAACCGCGTCCGGTTGCGGGATGTGACGTGGCTCTTTACTTCGGACCGTGGACTCGGGGTCGATAACCCAAAGACAAGGGAGGGAACGACCGCAAGCAAAGGATCTAGGAACTTTCGCTTGAATAAAATGTGAATGCGAATAAACGCTCAACATTACGTTATATACCTGACGCAGGAAGAAACCGCGCAGCGAGTTGCTGTTGTCCATAGAATCGTCCCTGAAGTTATCGTTTCGTCGCATGCCATGCTTCACCAATTGCCAAGAACACAGCCTTCCAACCGGTGTCTGGCACTTAAGGTTGACGACTTCTGTGTGCCAATCTTTTATAGTACACGCGTAGCCGGGATCGCATGGTGTTAGAACGGCGATAGCGGGCGACATCCGTTAATTT,418,50.0,Caenorhabditis elegans
SEQ_904999,TACTCATGGCCTACCAACAGCACCCCGTAATCTACTTGATTCCAGTCTGGCGCGCAATGTCCGGAGCCCTATCGCGCCCCTATATGTGATCCCCCACTCTTGGTGGATGTAGACACAAGTCCTAGGCACTTGGTTCTCCTAACCGAATCGATCTACCGGAGCGGCTTGAAGTGACCATTTGAGACTACAAGAACCCACCTCAATCAAGTGGATATAGCCTTGCAGGACCGCGCCTCACGTATGACGGAGACGAATGGCTGTTATCCCCGTAACGAAGGCTACGACCCCTTCCTCGATAGGCCTTGGTTCCAGGTCATATGTTTATTTGAATTGGGTGCATTACTAACGTATCAGACGTTAGCCGCGGGCTAGAGATTCATGGATCATGTACTGTGGCTATGTCAAAATCGACGCAAAGTAAAGGTTACGCCAGCTCGTCCAGATCGGTCACGATGCGTGTCTACTAACTCGTTTTCGAAGACAGTCGATAACCAGTTCGTTACACGACAAAG,512,50.39,Homo sapiens
SEQ_443814,TGAACCACGCTACTTAGCTGAGGTTACAAGGAAGAAGCGCCGTGCTAAGTCGCTCTGCGCCCTATGTCTTACAATAGCAGATCCCACTGTTCAGTGCTTTGGGGGCTGTACTCGACGCGGGGTCACGGTCAAACCGGTTTCTGAGGTTCTGAGTGTTCGGCTCGCCCGCCAGTGAATTTTAGAAGGGGCGTAGAAGATTGGGAGAAGACTAGGCCATATGCACATGGCGAACTTGGATACCGAACGGGTGTCAGACGCAGGGAAGTTCCTGCGGACCCTAAGCCCTCGTGTACGATCCACGCTTTTTGCGGTACACACTATTACGCGCTAACTTTTAAAGAGCCATCGTGCCTGCGACGAAGTGTGGGGTGCGTCACCATTACCAGTTTGCGAATCATCATAGTTTAAAAGGACTATTACTCTACTAACCCTCGCTATGTTCGCTGGCCGGGTGTGAACGATGTTTAGCAAGCCCAATCGCGTCCGCTCTGTACTGTTGGCATCCCTCCGTATCATCCCAGCCATAGCCATGGTGCATATAGACAGGGGCTATGGGGTGACATGGGCCGTTCGGCGTTGAAGATTATGTAGAGAATGGACGGTCAGTTCGCAACATGAGAGTGGCTATCGGAGCACTCAAGTGGGGACAATAGAGGAGGGTTTCCAGAATCCCATCAACGCCGTAACACTGGCTAGCTCGGTTACTCATTGATTTCGCCTAGTCCGTGGCTCACCAACACCTTACGTCGATCTAATGAGCACGTCCCTGAGTATAGGTGTAGGGTAGAGAACAACACCACCAGTCACAATCGCTGTTCGGAGGACTCTGACTTAGTGCCCATGACCGTTCCGCTCCGACAAATAGGCCCAGCAGTGTCAAATCGCGGGTCTAATTTGCAAGCGGGCCCGACGAGGCGAGGCCCCCAGACGAACTGAGGCCCCTTCGAACGAATGAGACACTAAATCCGAAAGAGCGACAAGCCTGTGTATGGTTGCATCCGATGGATTGTCAACACAATAAGGTCACACCAGTTACCCTGCTACGTCTCTTGTGCCCAGCGCAACCCCCCGCCGAGTGACCCTCGCTACGATCTTCGACGAGTATATTATTGGCTCGTCTAGTCCTTTCTAGTGTCTTACCGTCAGATTCAGACGTATCAGTGCCCGTGTGATACATCTTTTATATTCTACTTGGGAGTCAGCTTCACATGGTCTAGATTGATACAACGGTGATCTCAGTGCAGATATCTGGATCACAACTCTTGCCGGACCTTTCTAGATCTGGCGCTACGCTAGAATATTATATCTGACCTTTCCTACTTGTACTACTTTCTCCATATACTACTTTAGAAAGATCGCCTTATTCCTAGTTAGCCTGACCTTGCTCACTGTTGAGGCCTTAAGGGCTTGCAGCTAACCTCTATTCAATTTTCGTAAAGTATGCCTGCTCGGAGTTATTGTCCTACAAAGACAGCAGCGCCCCATGCCCCTAAGGTTGTCGCCACGAAAGCATCCCTGTCAATTCTGGACTTCCACAAAGGTGACTAGACTAACAACGCAGGATCAAAAGCGACGGCTGGCATGTGTCCGGAACGTGTGACTAAGTTATAAGAGATTGGTAGCCTGACTCGCAGGAGTAAGGACTATATATTGACGGAGTGAATTCATAGGTCACGTAGGCCGGAGTACTCACTGGAATGGCGGTTCGCTATATATACCCGTATCATTGCGGCGTTT,1737,50.6,Homo sapiens
SEQ_763983,CCGGAATAAGACTCCACACCTAGCGTATAGACAATATGGTAGGCACTTTACACAGAGAGAGTTTCTCTAAGGGGCTCTCGAAACAACCGCAAAGGTATCCCACCTGAGATGAGACATATACCGACACCAATCTCTGGCAACGAACGGTCTCAAAAGCGCGTGGATAGAACCCAGATCGTTGAAAAGCCCCAAAGCCACACACGCTCACGCACACGTCCACTGGATAGCATTCATCCGGTTTCGACGGTGTTCGCTACGCGGTTGTGACGCATTGCAAAAACTATGCCGGCAAACTGCGAACCATAATTCGATACGTGGCTACGGGCACTTGGTAGCTATTCACGCCTGGCCCTAGATCGCACACAGAAGATCTGGGGTTTCCTCCTAAGCCACTTTATCATTAGGATGAGTACCCGTGAGCCAAGTCCAAACATAAAGTGAGCATCATAACCGAGAGTCTGTCGGCGTCTTAATGATGCACGAAATCAGCTGCTTTGCGACAGAAGATTGACGCTCCGGTATTAACCCGCTAATCAAGTCTCACATGGGACGGACTAGTAGAAGCCGGTTAGTCGGAATAGAATACTAGTGCGGCAATTATTTATTCGGTATTCTATGTCGAACGCAAGAGACGGCGGCCGATCCCTCCACGATTTGCATGGGCACTTCTTACACTGCTAGGCAACTCACAGACTAATTTAAGCGCGTGTCAGTATCGTGATTGATGATTTTTGCTAGGACTAACGTTGACGAGGGATCGCTGGGGGCATTTTACGGTGGGCTGGTAAGTATCTGGGGCACCGTACGAATTTAAAACCGATGCGGGTTTTCTCCAACCTATTGCAAATACGTCCCCTTGGGCATTGGATCACTGCCATAAGAGTCGAGAGTCGGGGTAGTGTTAAGAAGGGCTTCCTATCCACTAAACTGAGATGTCGGTCTACATCGCTGGATCAGGTTACCCTGTCACAAAAAATTAGGTAGTGGATGCCTACACTCCCTTCTAGGCTCGATTTGATCTAGTTCGTGGCCCAGTCCTTCTACGTCAGAGAGTCGAGCAACATCTCAAGGACCGGTTCTACGCTGGTCGAAATAAACCTTGACTTAGGTCCCCTGGGTTCGGCTGCACCATTGTCTGTCGGCCAACAAACCCGGTGGCGCTGCCGATTGGCCGACCGCTGGTCAACTACTAACCATTCTTCTAGATGGCACCTTACGAGCTTATCATGACCATTGGCTGCCTCGGTGGGCCGGGGAGCGAGGCGCCGCGTGTGTGCCTCCTCGATGCTTATTCTGCTGAGTTGGGTCAAAATTTATACCGATGACATCGTGCTCCTGTGTCTCGGTCGTCGGAAACCTGAATTCCGAACTCGGAAGGTCCAAGACTAGTCTGTGGCTTGTACATGATGGCCGCTGCAATTAGAACGTACCCTTACTAAGACGTGCATTATAAAGATAGAATATCCGCATTGCGGTGTGTTAACTAAGTTGAGCCGGATGATCCGTCCCGTGGTTCACTAAGACTTTTTTCGGTTTCCTCACGACAGGTTGCATCATAGCACTACTAGAGGTCGGGTGCCAGCGCGGGACTTATTTGGTACCCAGACACGTAGACTCTATCGTGATGGTATAAATGTCTCACCGATGGGAGACATCCACCACATTACCGGGCCAACACCCGTTCATCGATGAGTGAGTCCCGTTGGGCGGACCTCCTAAATTTTGCAACTAACACCGCGCATAATATGCCCTCGGACTAGACTTGGGGCACAGGTTTAGCGTGGCCGGGCCTAATAGATATTGCA,1805,50.47,Homo sapiens
SEQ_864020,TGGACACCAACATCCCTACGTCCACTTAGATGCCAGATTCAGCGTATTCCTTGTAGGCGCCGCATGATTTGCGTACCCACTACGGGACCTTTCTTCACCATAGTATACTTAAGCCGTATCGCCCTAATAAAACTTTGTGGCGTTAGCTTCATTAGAATTCTTATACGGGTGCTTATTACATGTGCGTTCTTTCCATCCTGTTTGAACCATTCAACCAAACCAGATACCCCGGACACCTTCCTATGTCCAAAAGTCCCGGGCCCCATACAACTGGCAACGTCACACCTAGCTTACCAACCATATTCGCTCTGACTTTACAAGCGATGGGAAGCCACCAAAGGAGTCGATCCATGTGAATCGGCAAAAGCGAGGGGAGGACATATATAGGGCGGAAAGGTTTCGATATGCGGATCGACCTGGTCGATGCCGTCATGAGTCGGGTCCTGATATATAGTAGGCGCGACAGCAAACTCCG,475,49.05,Drosophila melanogaster
SEQ_910985,ATCCGTTATATGCTGTACTCGCCCCTCACTTCACCGTTAAAGTCGTGGAGGCTGCAACTGATTGTAAGAGGCCCCCAGTTACCCTGCGAGACGGCAACCGTTCGCATTAAACTTTCAGCGAAACTCAGCGACGCCTCGTTAGCATTTTCAAGAGAGTCACTAACGGGCGCTACAAATCCAGTAACCACGATTATTTTGGTGAATGCCCCGTGCACCCGTCAATGGCGTCACGACGTACGTACGAGCTCCATTATCGGGTCACAGGGATTCCCTGGTGTTTGACCTGAGTATCGCGAATAGCCAGTCATCGATCTACGAACTGTCCGGCAATGATATATCTCAGATCACTATCATCCCTAGGAGCTGAATGAGAACCCCAACGGGAGTTCCGCGTTAAGAGGAATGTATCCGGTAAGAGTATTCAGAGAGGCAATACCGGTACGAGGGATTACGTACTCCCAATCACCGATATAATTGACGAGCTACTGAGTGCATATCCAGGTCCCTACGTCTACGTCGGCACTCGCGGCCATTACCCTGAGTTCTCAGGCTCAAAACTACTACAACTTAGCACCCCAACAACATTGCCATGAGCTGTCCAATCCTTACGCCGGGACAGTCATGCTCGAAATACAATGACCTTAACAGACTCCTTTGGTACAACCTGACATTGTGAATGATATTTGGGACAAGACTTTAACAGAAGTGCGGTGCATTATCTCAACGGTCCAAGTATCTACCGGATACTATAGCAACAGGTAATGTCCCGGCCATTAGATAAAGAGTCTAAAAGCCCTAAGTCGAGGTTGGGCCTCGTTAGATGTCAAACCTGGCGTCGCTCCAGTTTTACGGCTATCAGTGGCCCACTATATCGATAATTCCTACCGGTCCGACGTTGTGGAACAGTTGGAGTTGGGTACCTTCTTGAGCAAGGAACCTAACAAATAGCCAACCGTATGCACGTATACGTTCCTTTCCCACCCGCGGCTGACCCTCGGATGAGCGTCTCGTTGGCAAGTCAGAACACTTTCCTTCCGCCTTATCTCATGCGAAGCCGGGCGTGACTGGTCAACTGGGGCACAGTATTGAGAATACTCAAACGTCTCGCCGCACACACAACGTTCGGTAGATGCCAATCGCTTCTGCAACAATGTGATCTTACAATCCCCGGAATCTTTTATACAAGGCGATTGCTTTGCTTAACACTGAACGGTAGTGCTTGCCACCGAACGAGGTGGCTGCCGAGGGCCTGAAAATGAAAAACTCTGCCGTTGGCTAATTTGATGGTATGATGGTGCCTGGATCACTAGGTTTATCTAAAATCGGTTGCAGTGTTATCCACACGTCTGCGAGTGGTAGTCAATTCAAAACAGTTTGACGGA,1382,49.2,Arabidopsis thaliana
SEQ_236559,GGATGACTATTTTCGTAGAGATATTGGATAACTGGTAGGAGACGCCTGACTGATCTCCCCCGGTATTTAGCTGCTAACTGCAGTCCGTGTGGGA,94,48.94,Arabidopsis thaliana
SEQ_526626,ACCCGCCTAGGCCACTTACCTTAACAGAGGTATACGCTCACGTTGACGAAAGGCGCCCCGTATATTTGCCCCTGAGACCCGGTTGGCGACTGCATAAAGCAGGCACTGCTAGACTAGGCATCTCCCTAAGTGGGGCAGCTCGGCCGGGAGGAAATACTTATATACTCATCCGAACTGGATCGTTTATGCGTCCGGGCAGCTAGCCAGGCCACAAAGCAACACCAACAATATACTTTACGCGCAGGGGAAAATGTATACATGTCAGTAATGTGAATCGCGTCCAAAATCTGACATGGCCACACGGACCTTTTCAACCGTTCGACTCGCCCAGGCTCGAAGATAGTAATCACTTATTGTGACATTGTTGGCCCAGCACAAACTACGTTTTCTGTAAGGAAGAGCGTATTAGGATACAAGCTTATCCCACGCCTGTATCATCAGGCTGCTGCCTTCCATCTCAATGACAATGCACAGTCGTTATTTCTTGAGTGTACTATCACATAGCCCCCCAGGAGTAGTGTGTTCGCCGTCCTCATACAACTGTCGGGGACGAAACAATCCTGACTCTGTAGGGGGGAGCCTGACTACAAACACGAGCAAGAGTCCCTCCGTCGAACGTCTCCATATCTTTGCACTACCTGAAGACCCCAATGTTAAGGAAAGGCGCACGATTCGCTACCGCCGGCAAGCTATCTGATATGGCGGTGCGCATTCTAAGCCCCAAAAGACGTATTGACCACCGTATCGGTATCGTCTCCTCTCCAATGACGATACTCTGATGTAGCCCAACGGCGCTACACAGTGGCAGCCGCCGATATGTGTCCAAAACTTTTACTCTTGCCACTACCTCCACGTTATAAAAAATTTGGCCGTTTCAAGTGGTGGCATTTGCCGGCCCCGACGTAAACTCAACTTTGTCCGTAAATTCCACCCTCGCTCAAGAAGACCGGATGGGCGTTCTATTAAGATTCATCGGTGCACCGTGACATCGGTGTATTATATAAGACACTAAAGCCTATCGAGATGGATACAAATCGGCGACGAAGCTTTTTCATTCACTAGAAGAGCGATCAATGACGTACGTTACCGGGGGCACAAGAAGCGTAGTTGGGTTTTATAAGTGTTAAACACATGTCTGATCCTAAACGCACTTTCAATCTACGGGTAATCAGCAGAATGTGTGTGTTTAACGCAGCACGGCCTGGTTACTCGGCGACCAGCAACGGGGGGCTTCGCTGGAACCGACTGGGAGCTTCTTGGGGCTCGCGCGAATCTTTTGGCGCGTCG,1287,50.35,Mus musculus
SEQ_382102,ATCAGCTGGTTGCTTTACGGATCGAATTTACTGAGAAGCCCGCATGGAGTAACTAAACGATATTCCGAGATTCGTGAAAGGGTTATGGGACGGCCTGGCGGCACCGTGTAGTAGACCGCGAAACCCCGAGGTGACAAGTACGCCTAGGCCCCTAATACGGTGGTAAGCGCGTTCGACACTTAACAGTATATTAGCGTTTTTTGGCAGTCAAAACTACTAGTGGTGATCGTGTCTAGAGTAATTAGAGTCCCTTGGGCTGGTAAGGGTTAAGAATAGGTGTAACGAGCTTCAGGGTACTGTTCTGTTGTTCGGACTACTTGTATGTAGTTTGGCCAACAGAAGACATGCCTGACCTTTTAGTGGTTTAATAAAGTCTATGACAAGACATTTCAACTAAGATTTGTGTCACGGCCTGCGGAAAGCCTCTGGTGATAACTCACTATCGGGTGTTGGTCTAGTCCCCATGATGTCTCAGGGAGGACCATAGGGGTTAACTATAGTATTACGTATATTGTTAGCAGGTAACGCTCATGTTTTGGATCACGTGCGTATTTGTGGCTACTTCCTCTCATCCTCGCAGTACTAATCCCTCTAAAGCGTCGTTGGGCATCGGTGTAAGGGTGTTGGGATACTCGGTGACCGAACGCATTGAGGGCGAAGGTCTCAAACAGACCTCTTTCGCACAAAACATCGAAACAGCATGTAGTGTATGAGTCCGCCCAGCCAGCCTGATATAAATTGCACGCCGGGTGTGTTGTACTTCCGACGTACTTCTAGCCGTATTGACGGTGCGTAAAGCACCGTAGCCACCGATTTGCACGTGCCTTATTATCGACAAATGTGTAGTCGCCTACACTGCGAGCCATGGCATAGGTGAACATGCTTGTGAGAATGCATCCCTTAAAAGGTAGCTACGTTTCCCGTTGCACCTGCCATTTTCACATCTTCCCGTCAGATAACTAAGGACATATAGGGTCTCAAGTATCGTTGGCTCGTTAATAGTATCGGTTGTCAATTATTGTATGTAATAGAGGTTGATATGGCACCAAAACGAGCAAGTTAAGGATTACGCTAGCGGGTGAGCGCTCCTGTGATTGACTTGGATTAGTGAGGGACCGGACTCGAATGGTTCTCAATCGATCTACATTGCCAGTCATTGTCATGCTTCCGGAGTTTCGGGCTCTCCCTCGGAGACGCGTCGGGGCGTACCAACCTTCGGGCGGGTTTGCTGT,1232,48.21,Homo sapiens
SEQ_329218,AGAGGCCCATGTGCTGGCACGATCCGGACTCGAGGCAGTGCTGACTACAGCCCTTGGAATAGGACATGGCTGCCATTAATACTTAACATTTATCGTGTACTGCTGGAGCCAAGGACTGCCCCGCTTTCGT,130,53.85,Escherichia coli
SEQ_618385,TTCACCACAAGGGTACACAACGCTCACGACTGCTGAACCTGACGTAAGAAGCTCCATTCTGTTGGATTCGTCATTTACGGAGACAGGCTTTGCGCCTGCCTATACCCGGGGATGCAGGCGGGAACGCCATTACCACTGCAATTTCAAATTCCACGCTTT,159,51.57,Caenorhabditis elegans
SEQ_406941,CCGCGGCTAGCCGAGGCGATCGACTAAGAGGACAAGTGCTCGTTACCAGGCTACTACTTGTCGCGCGTATCGTAGACAGTGACCGATTGAATATGCTACTACTCTGCATTGAGCAGAAGGCTCCCTTTAAACCCATATGACCTCAAGTCTCTGCGAGACCCTGTTCTAGTCAGACTGGAGTACAGGCAAAGGTCAGTCTCTGCTGAGTCTTGCGTAGACACCAATTCGACTACGGCCTGGCCGGGACCCCTGTATCTGTCGAACCGTCGAATCAGCTAGTCCTCGGAGACGTTTTCACCCAGTGAACTTTTCGAAAATTAGATGCGCATGGACGCCTGAGTACCTCTTGGTAGTACGTCCCCACTCGAGTACCAATTCATTTATGAATAGAATTATGTTTTCTCGTACGTACCATGTAAATGAGTGCGAGACAGTCCGCTCAAATTAAGGTAGACATTTTACTGGGTCTAGCCTCGCCGGGAATGGATGTCGCGCATCCTCGGTACGGTCCCACTTATCATCTTATTTGCATTAGTATTTTGTGAGAGTTGCTCAGCTCTAACGTGCTAGACTAGTTATTGGGTGGAAATGAGTTCACGAGGATATCGGAACCAATAGGTCGTATTATCAATAACCCACGCAACCAAGGGATGGATTTCCCGGAAGGGCATTCGGGCCCGAGTATTACGTGACTAGCCATTGTAGGGTCATCTACATTAGCCGTAATACGAATTGTAGGGGTCGGTATGACGGCCACGTGTGTAGATCAAGTCGCCACCATTTAACAGCGCTATCGTCGGAAATGTACAGAGGTATTACCTCTTCCTGAGTGACCCCTGGAAGCCTACGAGCCCGCACGAACTTGTGTCCCCTTCATAGATAGGACTGTCCAACTGGTTACTTGCTTACACATCAGCCCCAGAGCGTGTATCAAACATGTAGGTCCAACCGACAACTCACAGAGAAACACCGGAAACTCTATTATGTAATGGTCTAACTCTATCCCTGATACTACCCTCGGAACATGAGGACTGCGACTTCCGTTTACGTGCAAATGGGCCACGCCCTCGGAATAAAAACCCCAGGCAAGGGGATGAAGCGTTCATTGGTACCCTCTTTAACGAAGGCGAGATGGAAAGATCCACGAGAATAACACATTGATGGTTGTGAGGGAGAGCCCATTAGCGTTGCGATCGAGTCCGCTGTCCACTCCACCAGTCAATCTTCCGGGACATACATTTCAGGACATGCAGGTGGCCCTCTAGGGTTTGACTGTAAATGTAGTTCTAGTAATAGCGTCCACCCAAACACGAAATTGCCGTTTGCGAAAGGGTGCGAGTCACCCGGGCAAGTGCCGATCTAGCCCGACGGCATTAGTCGCAACGACGCCATCATCGCGACGACTAAGTCACTATGTGTTATCGAGGCCGCTTAGAGCAGACGCTGCCATGTACCGCCCGGTGCGAGATCAATAGCCGTCGTTGCTGTCTGCATTAC,1497,50.17,Drosophila melanogaster
SEQ_559764,TTGGGATTTTGGCGGCGTCCGTAAGTGGCCAAGCTCCCAGGATCAGAAAACGGCTTAATCCAGTATTCACGGTCCGATGAATCTCTGACTCTTTGGCGTACGATGCACATTTCTTAGAAAGTCTAAACTAACACCGAGTTGTGTTGATGCGTGGTAGTGATAGACCCGAACTCAGCATGAGCCGTGCGGCCGCATATAATTCGCTCATCGCAGCGGTGGGGACAGAGCACCAGGTCCATCCGCCGATGCATGCCATTCCAAAAGAAACCAAGCACAAGCGTGGGGACTAGATTAATACCGTAAAGATGTGGAAAGTAGCGTGTGCCGTTTAGCCCACTTTGTGTTGCTCGGTTAGCTTCCATGCAAGTAAGGAAAGAGACTCTCGTTTCTGCGGAGCCCTAATAAAGACCTAATAAACTCCGCAACATCAAAACAGGGGGGAGCCAGGTGTCACCTTAAGTTCGAATGGTCAGACTGGATTGTCGTTGAATAGCCCAACGGTCAGACACGGACTGGGGCTAGGGATGATAGACAATTCCCCTACCTTCCGCAATTTCCAGACTAAATACGCTCGACCACTATAATTGGACGCTGGTTCGAAGTCAGTCAGATATGGAACCGGTCGGCGATGACCACTCCAGAGTCCTTCAATGATTGGTAGTCACAATAACCACACCATACCTCATCACCGGTGAAGCTGTCTCACGGCCCGAGTTTATCCCCGACGGAACGGAGCATGGGGAGGGCTTCGGATCCCAGATAAAGGCGTCTAGGGGACTTACCACCGGAAACACCGAACCGCTAGCACGATAGCCCAAGGATTAGATGACAGAAGTTTAAAGAGTCCTTACTCGATCTCCGGCTTACAAAACTAGACCCCACATCGAAACCCCTTTGCCCAATTGATTTCCCCGAGCCCATACCCGCTGGATCTATTCATGAATGCCTGCGGCCTATGCGAAGGCTAGAGGTTTCCATCGTGCGATACGCCGATACGAGCGATAATGAATATTGCGATGCACCGGACTGGTGCCTAAGTGCTGCAAGAGAGGGGCTTAAGCAATAAATTCCGTCCCAATTCGAGAATGCCTCAGTCCCGTGGGCCCTTCCCTAAAACCTGTGCGTGTATGTCTGTTTTCCATGGTCTAGTGCTCAAACCCAAAATCACTTTTGAAAACTTGTGGGTGTTAACACCGCGGTTGTCACGGCTGCAAAATATTTTGTATTCTCACGACCACAAATTTCCAATTGAGACACATGTCAACGATGGACTTCAACATCACCTATACCGGTTATTTGCCATTGCATCATATGCCGTAGTTATCGGAATTGACCCACTATTTTTAAAAGAGGTGCAGCATGTCGCGTCTTTAGTCTAGCGCCTTCATAACGCCTGCGAGACAGGGCTCGCAAAGGTTACAAGCTTAGTCCTTTCCACTTACCGATAGCGTGAAGCTAGGAACCAAGTTCATTTGATGAGACGATGAACTAAAACTTTCGCCGCCTTGCCAGGCGGATCTCTACCGAACGCACGAGTTTCAAGTTTGAATAGTTTGTGGCCGATTTATTTGAATGTTCAATGCGTACCTCCGCACTTGTCCGCAGTATATGAATTTAGAAACAAGAGGACCTGAATCTATGTAGTTGAGAACGATGGGCACTGGCTGATGTGGGCAACGGTTCCTTGTGAGGGTCGATCTCGGGAACGTAGAAAGGACCATTCTAGCTGGCGTCCGCGATGCTTTATCTCAAAAATCTATTATACTAGGTGGCTAGCCGAGTTTCCATATTGTTGACGTGGATGTCTGGACCTATCCGGGACTAACAGTGGAATTG,1836,48.86,Drosophila melanogaster
SEQ_302864,CGTCATTTTAACAGGACGGCATGATACGGCATAAGCGTTAGAGGCCAAGCGGAGTGCAACTGGACCTGTCGACATCATTATCCGATTGTGTCAGTGGCGAACGCGCATCTAAACCATAAGAAACAAAATCAGGACGATGAAACCAGAACGCCCCGGGGCCGGCACTTGGGATTATATCAAAAATAACCTAGAGGTTGA,198,48.48,Drosophila melanogaster
SEQ_761405,CTGGCGGGAATAACATAATTAGGGAATCCACCCCCGCTACAAAGAGGACTAAGAACTTTATTGTTTGCGGATGGACATCTCGTCCCCCTGGACAATTTCCGGGTCATAATAAAGCTTACGATCACGCCAGAGCCTGTCATATGTGCCGGGCGACCGCATTTATCCGCCACTCCATCCCAGGCCATTCGTTGGAGCGCCTCTTAGCAAGCATTCTACCTGATTCGGAAGAGAAATCGAGTGGACACCTTCATGCAATATCTACTTCCCAGCTTAATGTACTGTCACTCGATGTAAACATTGAGGATGCCGCCGGCGAATTGCGTGCGAATCCGTTGTTCGGCCTCTGAAGTGGGCCAAACGCCAGTCAGTAACTTCGGCATGAGGAGACGACCTCTGGCCGTAGGATAGTAGTAGCCCGACCTAACTCCGGTAGTGAACTCGCGCAAGAATCATTGCGCCAGGAAGGAACGAGTGTTCAGAGTTCGATCCGCCGTCCGTTCGTCTTCGCACGCGTGGTAGGGATGAACACGAGCAAATAGGAGGTTGTAAGAGGGGCCGAACTAGCTAGCCCTCATGCGGAAACAGTCATACTAGCAATAGTCACCTCCGACTGGCCACACAACCGAGTCTGCACTGCTTCAGGGACCGTTACGGCGGACTTCGACAGAGACCTCATTGCGATAACGACTCCTCGCAATCATGTTGCACAGCCTCCTGTCATTGCGAAGCCATCCTAACGGAGAGGCTTTGCACGTATAACAGGAGGGCTATGTCGAGAATAAGCGCCCGGTTCCCGCAATCGCCATAGCCAAACGGGAGGCTTGGGATGCAGCTGAAGCACATATAAGACCCGTGTAAACGACCAGAGTCTGTCAGGCTCGGCTAGTCACCTGCATCTGCCGTGTTCTGTTTATACAGTACACCAGGCCCCGATATTAAACAGTCTAATCGGCTGGGCATTTACGGACGAAATACTTTATAAGGAATTCTGAGCTCAAAATCAGGCCCTGTTCACGATAAGGCCTCTCACAGAACCTTCTCAAAAGAACCGTACTATCTCCCTTGATATTTTTACAATGCGAGCCTCTTGACAGATGAAACAGAAAAGCGGGGCTTGCGGCCTTGCTTTAGTGCTTTTCGTCTCCTCCATGGAGGTACTCCATACAAACCGGGTGGCCGACATCGCAATGTCTCTCCCATACTCTGAGTGATTGACGCCCAGGATAGGCGGAAGGGGACTGTCCGCCCTGAGATATCATATTGGAAACCCTATGAAACGAGAGAGACGAGGTCTTTGTGGTAATTCACGGGCGCCTCCTAAGCGCAATGATCCACCTGCCGCGGTTATCCGGAGGACGCCGTTCTATAAACGCCCTCGTGATGCAATGATGGAATGTCTTCAATACGCCCCAGTAGGCGGCCGCTGGGAATCGACTTCAGTTGCCAAGGAACGCTTCGCGGCGTTAAGGGATGGAAAGGGGACATAACGCGGACGACGGTCTTACTGTCTAAAGGTCCTAAACCCTAGTCGATTTTCTTGGAAACCGAGAGAAGGGTCGACTATGACTGTAATT,1574,51.91,Homo sapiens
SEQ_897729,TTTTAACTGGCGCCATTAATTACGCACTGATTGTCGCAATGCCTCGATCCCGCTATAAGGGGAGTTCCGTGTGTCATTTATCCTCGACTTGAGAGCCCTCGAGGTATGAAACATTGAAGAATTAATCTATGCATAATTTCTCCGGGGTACTCATCGCAATGACTCAAGCACACTACCGGGCGTTACGAAAGTGGAGAAGTACTGTTTGGCTTGCATTGTAAAGCTCCATGCGTTTAGCTTAACAAGATCTGGCATGGGTCGTCGTAGTCATGGGGCCAATGAGAGAATCGCAACGGTGAAGGTCCAGAAGTCCGCCCTTAACGACGAGAGTGTGGATCGCCTTCTGAAAATCCGGCACACTTTACTATGACAAAAGAACCAGCCTACAGTCAAGATGTTCGCCTCTTCGT,410,47.56,Escherichia coli
SEQ_495549,TGTGCTCCGCTTTCGGAAGGCAGAGTCCACTGATCGATGTTACCAGATGGCCGAATTACGGAGAAACGGTGCCACTCGGTATCTACGGACATAGCGACACATAGCGAGACACCCTGAGATCGCTAGTTAGGTCGGGTAGGATTTTTTGAACTGATGTGCGCGAAAACAAAGTCTCGCGAGCTAGTTCCACCATTTCGCTTTGATCGCTGACTCGGTGCAAGTGAGCGCGACCGTGAACATCAGGTTCAACTCGTTGTGTTCGAACTGCGACAAGTGGACTTATGCGAACCAAGGAACTGACTGCCCTAACTATTCTCTGGTTTTTCAGGCCTTATTCGGACGGGCCGTCTGCCCAGAACTGTCGGCAGTATGTGAATCGCTTAAACCGCCTGAGAATCGCTCAGGACGGCAATCCTCGAGTACCTCCGCTTAAAACTTAGTGAGGTTGTCCGTGCATTTGAGCGTACAAAATGGTATAGTTATGGATCAACTAATGACCCGAGCCGATGACATAATTCAATAATTCTCTTGGACTATGCCCGAGGCTCGTCGCGTTCCGACTTTTGGTCTCCCGTTCGGTGTTATATGACAAGTGAGTCATACATGTCCTCGAATGGCTACTATTAAATAATGGTGCGTTTTACGAAACATGTTACCTAGTGGGTAAGTGGTGGATCCTATCGTTCCCTTTATGAGGCGATCACAAACTACATCATAAGCTATAGTGTCCCTTGGCCTACCAGGATTATCACGGAATGATTCCCCTTACCGTACCCGTCGGCTCCAAATGCGGCATCAGTGAGATAGAGTTAATTGGCACGCCGTATCTTTGTTGGTCTGTATATCAGTTCACAGGACAAAGTCGATACGACTGACACTGGATGTGAGCGAGCTACAGCTCCAGACTTACTGTATTATGCTTTAAAAGCCGTGGGTATGACGTAGGGTTAGAAAGTATGACATCTACTACGCCATATTCGAATACACGAGCTCGGCGAGCTGCCGTCACACAAATGCAACTGCGCTGGCCGGATAAGTCAGGAGCTGCATTGTGAGAGGGCCATCTTTTAGACTCGCAAGTACGAGATCTTGTGGATCTTTCCTCCTTCCCGATCGTCATCAATATCCGCGTCGAACGATGACTATAATCGAGCGCTAGAACCCTGCCCAGGACTAATCCGGCACCAAAAGTAATTGTAGAGAGAGCTAGTTTAACCCGATATTCCACCTGCTTATGACCGTATCAATCAAGATCCATCTTAGACCGCAAAATCTCAACATGCGTCTACAAAAGAGATGCGCCGCGAGGTAAAGTGTCTACCTGTGGCTATACAGCTCCACAGTACAGTATAGAAACCCCTATTTCCT,1368,48.1,Arabidopsis thaliana
SEQ_327175,TACGTGAGATGGTTTGGATGCGCGTTTAAGGTAATCAGATGGACGGCTCAATTACTCTTGCCTAGTCAACAGTGCTTCAGCAATAACTCCGGCAACTCCGGGTATTAACGTGTCGGGATCGCCTGCGCTCTCTGCGATGCCAAATGGGTCAAGTTCCCCTACCGTATTAACGTATTTCGCACTCGTATGAGGGTCGTCCAATACCCGGAAATAAAAATGGCAATTTTACGGGCGTCTGAGCCACTAATTGGTGGCGGAACGACAGGGACCTTTGGCACGGTTCCCGGAGGTTTCAGGCGTCACGCTCTTTATGTCTGAGGATATTCTAATTGTACCCCAGAGCGAACGGCTACATTTGTATAGGACGTGGCAATGTATCGGAAATCCTGTGCCAATATGTGGGGTCCCTCATACGTCTATTCATCTTCAGAGGCCTTACAACCCCTCCGAACAAAAAGAAGAGATTCGTTGCCGCCGTCCGTAGTCGTTTGAGACTGGCCAAAAATCGGCAGAACAGGCATCCTTGAGTGCTTGGGTATCGGACACCAACACGATTCGTACGGGCTGGTTACGCAGACATATTCGACGATGCTTGACTGAGTGTGGCGGGCCTAAATGCTATGAATCGCTATCGCAAGTCCACACTGCCCGTCTACTCTCGTAAGTTATAATTAAATTCTCGGGGGAACATTTTAGTCACGCTAGTGCAAGCCCAACGCTTCATTTAATTATCAATAGGGGATAATCATTACTGATTCTCTCCTGCGTAGAGGGAGAAGCAACCAAAACGCCTGTTCAGCAAGTGTATCGAGACAATCCTTTAGGGCGCCCTGCGATCGTATTGGGGCAATGTTGTCAGTGGTTCTATTTTGCGGACCTATAAACCGTGTGATAACACAGTCTCGCCCGCCGACGACAGGTCGGTTCTACGGTAATGAATTCGTCGTGACCGTTGAACTTAGCTACCTGTCGCGGACACGTGGCTTTATGGCCGTACGGTGCGTACCCATATAAGGAGTGCACGGGTACTCTTTCCGTGGCCCTCTGCATTCCTATCATGGGAACTTCTCTGCCGTCAGATATTTGCTGCTTGTACAGATAACAGCCTTTTCGAGTCTTATATCAGAGTAGCACTGTGTCCAGTATGGATTTCGGTGGCCTGCCGGATCTGATAACGCACTGGTTGGCTCGTTTGAAGAAGATTACACAATTGCTCGAACTGCGCAACGGACAACTGTAGTGTCCTCACCTTCGAACCTGGCGCCTCCAGACAGGCTCCCTATCATAAGTCACGCCTGACACGGCATTGTTCGGTGTCGGTGCGTATCTATGCTTAAGTTGCGTGTAG,1348,49.85,Escherichia coli
SEQ_801053,GCTCAACTAATGGTTGCAGGAAGAGGATTCCATGACACTCCGACGCTTAGCAGGATCTGGTGAACGAAACGTTTGGCTGCCTTCAGTCGCGATAGAAGCGCATGGCTGGTAATGGGGACTTCTGCACAAACAGGACGTGCGCATTCTAGACGTCACGCGGTGCAGCTTAGGTATGGTTTTTGCGCGGCGCTATCCCGTCCTCGAACCGGTGTCGGGAAGAGACTCGTTTTAAGGGTTTTTTGGTGTTGCGGGGGATACGTAACAGTGAATAAGTATAAAACGCAGTCCGGAAATACTGGTGGTAACAACGACATATGAAACCAACCCGATAACCTAAGAACCCTCAGGTTATTGCGCATACTGAGTGCGGAGTTGATAATTAACTCGCTAGCTGACGTTATTTAAACGTCTCTCTCCGCATCGCCCCGTCGAACTTAGGGCGCTCCACGTTGAGCCAAGACCCTGGTCGGATGAGAAGATGTTGTCTATTCTTCATCCAAGTAGTAGCACATTATGGTCTATACTTGTGATGGAGGGTTACTAGTCCTCGCGCTGTCATCTCCAGATGGTCGCAGTGTGAGATGTCCAGCGACCTGAACTTGTCGCTTTAAGCTTCAATCGGCTACGAATGGCAGGGATGATCCTTGCCATCACATGAGTAAGACAAGAGAGCGCAGCTAACGACAATCACCTGATTTACTTTTCTACTTTCTGATATATGCGACTCCAGGCGCGACAGGCGCTCGGTCAACCTTATAATTACTGACAGTACTTACCAAGAGTATGCATGTGCGGTTTAGTTTCATTCTGTTTGTAAGATACGGCG,826,48.79,Drosophila melanogaster
SEQ_455822,GCTGTGTGTAACGTCTGACCACCCATGGGGTACCGGACGTCTGTTTCGTCTATCAGGCGGGCTACAGCCTGGAGATAGGTTCTGACGGGGGCCACATGCCCTCAGGAGTTGTGACTTTATACACATAGGTTGACATTCGATGGCAAGGGACACCCGCGACGGATGTACTTGTTACTAGCCCAGGGAGTACCTCCCTTTTACTTAACCGCCTTAACTAAAGGGTGGCAGGAGCCAGATCGAAAACCCACACTTTCACCTTAAAGACCACCGTAATCCATGGCTCTCGCGTATGTACTTTTACGTACGAAGATCAGGCATGAGCCTTAGACGTCTAAGAGACCTACGTCAAACCGGTACAAAAGTCTTAGTATAAGCCTCCCACAAATTAAAGCAAGGCAAACTGGCCAGATCGCACCACGGTCCTTGGGGATGTTGTCCCGAGCCCTTTCGAGCAAGACCCGCTCCTATGTCGGGATACTAAAACTCACTGTCATGTTATGCGCATTCACTCACTAAGAACTATTAGCTTGGAGGGCGCGTACCCTCGTTACCAACATATGATAATAACGGGGGTTCTGCATGGTTGAAGTAATATTTCCTTCGGTGATACCGGCGTAGGTAGGTACCGCGTGAGTTTATTTCCGCCCTCCATGCACTACTCCATACCCCAGGACCTCCAGGCCGGTGAGATTTGATCCTTAGCCCGTCTATAACGAGACTACCTTAGTCACCTTGGGCCTGCTGAAACGGCCCGCTCCTGAGTTCACTTAGTCGGGTGTACCGGTTCCCGCACTTATCGATGTCCCGCCAAATGGAGTTCGCCGGGGAACCTTGAGTCTGATCTACTGGGAGTTTGACATCTTGCCAGGTCGTTTGCATAGTCACTTTAATTTGTTCCAGAGGACGTTTCAAAGGATCTTTTGTGCGCGAACTGGTTCTTTGAAGCCGGTCTCAACTGAATGGAGCCTGCGGGGTAATCGCCATAACCTAATCCGTAACGCCCTAATTTCAAATAACATCGTACGCCTGTAATGTTTGTATAGCGCCAGGGTCTATTGGGGTCTCTAGTGCTTAGGTGAAGAAGTGAGGGCATAGGCCACGCCTATTAAAAATACTATGCAGATTCCGGTGGGTAAGATGAGAAGTGCGGTCGTCGAAAGATCTACAAGTCGCCCGCAGGACGGTGATCCCAGCATCTTTGATTTCCTTAGCGTGAGCGGAGTGACGGAATTTAGTTGATATTAGCATTTTCGGTGGTAATTATTCCTAATCTGTTCACACCGGTAGCCGAGCTGGGCACCATGTCAGCCCCGCGTTACGCAAGAGATTGATCTTTCATTGACATAGGTTAGATAGGTGTGGGCTTGGGCGTGTAGAATATAACTGGTTTTACTTGTAAGGCGGGCTCGCCTCCCCCATTGTGGGACGAGCCTGTTCCA,1439,50.24,Drosophila melanogaster
SEQ_112878,TGAAGGAGGCTGACGCCGGCTGTGCGTATTAGCTGGCCGTTTGCATAGGCCAAGGCTCCTAGGAGTGGATATGCTTGTCGTGCCATGGTTCGCCCCGAAGTAGGTTGAGTTGGATACCGTCCAACACGCTGGCGGTGCGAGAGTTGCGATCTACGTTACGGGCACCTGCCCCAACAAGTCCCAATCTTTTTGTATCTTGGGCGCAAGGTGCCACGATCCAATGATAGTTCATTCGTTGGAGCACGTGGGAAAAGACTCATGCCGTGGTCTTGACCATTAGTTCCAGATTGTACAGTTTCGAACAAGACGCCCATTAGCGGTTGTGGCACCTCCTGAGGCTGTGGAACTCCCGCCAGTTGTCCTGGAAGGGTGATTTGGTCGGACTAGCAGCTCCCCGAAGAGCGTACGTGTCACTCGATCATGTTTCGATGATTTCACCCACACGTGTGATATAACGATATTGTTAGCACACACGTAATGAGGCGGTGCGTGACTGAGATTAACGTGACCCATAATTGACTGCAACTGGGCGGTCGGATTAACCATCCGATAATCTTGGGGCTGTCATGCATAGTCACTTCGTTGGCTATCCTGACCGAATATAGCAGGAACAAAGTATGACCAAAGGTGCGGTCTTAACCAACTGGAAGTTGTGAGGAGATAGTGGGAAATGATGAACAAGGAACCTGGCGTTGGCAGTAGAAATGTCTCCGTGATCTTATCCTCATCGACGAAGCGCGTTAAGCGCGGTTTACTGCTCTGTAATATTACTCTCCGACGTTCGCCAAGAGCGACAAAGGTATACTAGAGCGCCGAGTGGGCCAAGTACCGCCCTATATGAGGAGTCTCAGGATTGGCGGCATATCCTTTTAAATCGCGCGGTTGCGTGTGGTATCCACAGTACATAGTGGCCGCGAAAGATTTCTGCGGGTCGTAGTTGAGATTAGCGCATGATGTCCTGGCAGTTAACCGAAGAACTATCTAAATTTACTGGGTCCCCTCGTCCGTCCGGACAGTATATATACCCCCAAACTAATGACGGCAGAGAGCGGGTTCTATAAAGGCAGTCCCCTGTACGTCCCTGTTACTGTAGTCTGGATCACAAAACGCGACTGCATCCGTCTCCTATAGTGCAACCAGCCCCACCTTGAACCCACCTACACCAGATACTTAAGATAAGGAGGGGTCAAGTATTACATGGCTGGGGTTGGGTGACTCTATTCCCCCGGTTTGGTTACGATTTCGTTCTATGGGGACTGTCCTCCGTTGGCACCCATGAGTAGTGGAGGGATAGCTACCGTATCGTAACACCTGGGGCCTCTATAGCCTGATTCAACAGGTCCGGCAATCCAAGAGATAATCACATGAAAGTTTCCCCACGTATTGTCCCTGCGCCCCATAATGTTAGCGGCTAGGACAAGGTTGGGTTTGGATATAACTTTGGCGCCTCCGGGCCATTATTGCCGCATGCGAAATTTGTATCAAAGGACCTAACCAGGTGTGCCGGATACCCATTTCGGCACTGCGAAAGGGTGTCGAGATTCGACAAAGTTAGGTCCTGACTCGTATGTCCCGTTCAGGTGTGAGACTTGGCGTGGTCTCAAGAGGAGTATTTGTCCCGATACGTGGGTGTTCGCTTACCAAGATGGCTGCCCTATGATTTGTTATGTAACAACCCCTGAACCTACACCTAAAACCCACGACAGATTATGTATCGAGGCTCATAGGGCGGGTCTCCCAGACTGATTCCTGATTTCCTACTCTTACTATCCGGGTATCTAGGCCCGACGGTCTCCCGTACCGTCGCCCTTCGATTGTGGCGGCTCTAACGGACATTTTGGGATCGCGATACATCCTGATTACGAGCGGATCACTTGTCAGAGTTACCCTATAATGAGATGGTTGTTAATGCTTTCGGGTACGGCTCGTATTTAACTACCTTGTACGTCTCTGGCTTCTGCAGAGCGGTCGATCCC,1976,51.01,Arabidopsis thaliana
SEQ_708278,GCACTGGTTAGATACACAATAGGCCCTCAGCGGATCAGGGCCACTGTGGAGGCTAACGTGTCGTACATTTGACATAATTGTAAGTCTTCGGGAACATCCAATCTAAATGAATCGCTTGGGTGCCAGCCCAGACCACCATGAGTCCTGTTGTACAAGCATTTGACGAAGTACCATACCGCACAGGTCAAGGATTCCACACACAGAGACGCATCGTTGAATCAGTACTTTGACACGATCGGCCGGACCGTGCTGCAAACATGTAGGCACGTTTTTCTAGACCCACAGGCTCCAGATCAGAGATAACGATACGCTCTGTACACGCTCGGCCACA,331,50.45,Drosophila melanogaster
SEQ_854992,CGCGCGTTGTCATTCTTGTCCCACTGTTTATATATGCTCCGCCTCATACATTGCCTACAGGTTAGTACAAGATTTGGTGCTTT,83,44.58,Escherichia coli
SEQ_243003,ATTTTTGCAATTATGCGCAATGCAGCTGCGTAAAGGACGCAGACTTTTTTTCTCGTTATTTTCCGATTAAATATAACTCCGTGGCGTGGATCTGTTCAAGTTCATGGTACTTACCCCAACTATTGCCGACTCACATGGAGTTACCTATACTTGGAGGGTAATGGCGCGGCTGTAGCATCCAGAATCGGTTTTACGGTTTATGCCACATTACTCTCCCCGAACTCTGTCAGGACCAGGCTAAACGGTATCCGACTCCACAAGCCTGCCCGTCAGCCTACTTTTGATTGATACTCCTTTTACGATATAATGCAGTTAACCTGATGATCAGCTTCATAGTACGCGGCGATCCGGCAGGATTTTAACGACGAGCCTACGGTGTACCACCCGACATCGCTGACTTTGTACTGCAAGATGGGTGGCTGGTCGGCTGT,431,47.8,Homo sapiens
SEQ_822982,CAGGTAAAGGATTTAACAACTTATGATATGAGTCAGACGATCTCTCTGGCGTTAAGCGTTGACCGTGTTCGGGGGCGAGTGCTTATTCAAGTATTGTTAGATGCGCAAGCGCTATGAGGAGACGGGGCATGTTAGGATTCCGAATTCTGGACTATCTACATGCCGTATAATCGCAGTTATAAAGAGTTTTCCTCTCGCCGACCCCGGACAATATCGCTACTAAAGACGACGCTAACCGTGACTTCGGAGACACTTCGCCGAAAATTGCTCCTGATGAGTCGTTCTAATCTCACCCCAACCCTGTGTGGGACTATATGCCCTGTGTGCAGGGATGGCCGGAGTTTGCGACCTTAAAATGGGATTGTCGGAAAAAGCGAAGTGCCGTCACTCCTAAATGAAACCTCTCTTAGGCAGGGGGCAGCTGTAGGTTAGCATGCACGTCGCCGTTAGCGAAAAGTTTCTTGCGGGTGAAGCTAACTACATATCAACCAGGGCGCGCAAGATCTAACCATTCAACGAGCTGCCTCCTGGCAAGGTAATGTATCCTGTAGCCGCTGCCCGCGACGGTTACGAGACCATAGCTTATGAGCGACTCCACTTGTAGCCGTACTCGTACGGCGGTAGACCCTCGATTGGGATGTTCGAGACTCGTGGAGGACATACTCAGCTGCTCGGGGTGGATGTGGGCATTAAGCTAATAGACAGACCTCCCAGCTTAAAATTGATTGAAACTAAGGTGCGGCAGTCTTGATAGCCCTTCCCCTTGAGTCGTTTACTTACCAACAACTTAGACCGTAATAGGAAGCGCGAAGTACCGTAGGAACTTCTGCGGAGGTTCGCTCCATCTTTAAGTCACGATTATATCTTACCATTAGCTAGTTGACCTCTTGAACTCACAAATCACTTCCAGCATCGTGGACCGTTTGTTTCGGTGTGAGTGGCCCCTAGTACAAGACTGGCCATGCAACTTTACCTGTAGGTATACATACTCGGGGCCGGAAATTGTCCGACAGGTTACTACATTGCACTGAAGGAACAGTTAGGACTCAGGACGTTTAGCCAAGCAATCGTGCCGCCGCATGCGCTCGAGAGAGAGAGGATTTACCACGTTGAGCGCTATAACCGGAGAGTCAAACGGTGATAGGATTTCACGCTTAATCATCCAGGGTGTGGGGGCTAAAGTCGTCCACGTGCTCCGCCAATACCGCCTTCCATTCCTTGTGCTTACACGGCTAACCTTGGATACGACGCCTTTCCTGACGCTGGGAAAATCGACTGTGCCAATACAGTTCGCCCCCAATTTTCATTAAGTGAAATCAGAAGAACCGCTCTAGTTCCAGTTACATAGCAGGGGCAACGCTAGCACATGTAAAAAGCTGGTGCGAAGAACTATTGAGTGACGCATAGGACCTGTGGCTCTGACTTCTCTATCATTCACGTTTGGAGGTGTTCGGAACACCGGACCAGTA,1469,49.9,Mus musculus
SEQ_486739,TCGCCGGTCATGGTGAGCGGGGGGGCTCGGAGTGAGTAATTCAAATAGGGCAGTTTGGCGAGCTGTACAGCGTGGCTGGATTCATAACCGACACTTGGAGCGCTGATTTCGCTCGCCAGTTAACGCAATTCAAGCGCCAATAGTTCCGCAATGACCGAGTGACCCGTGGCAGTTCAGAGACCGGCGAGTTCATTACCACGACGGATCTAAAGATGCATATATACTTCAGCACCTATAGGTAGCGTGCTGCCCCGCTCACTAATCATTTTTACGATGGAACGAATGGATGTATCGCGCTATCCCCACCGCGCCCCACCGCTGCGCGAGTGCTCGATTAAGGGAGGAGTTTCTCATATTCCTGACACGTTAGTTGGGCGTCCCGGAAACTTGCGTGGTTCAGACAGTTATCGCCTCGCGTGCTCCGTACGCGAGGGAAAATGCCTTTGAGAGCTAGCTGTTACAATTGTTGTGGTCTGTTGAATAGAGTAACTATCTTAAAAACCGCTCCGATAGGTATGATACTCGAGCGGGCTTGCCAAAAGCAATGTAATTGGGTCTATCGTGTGTAAGGCGGACAAATACTGGTCAGAAAGGCATGGTGATTTCGAGACAGTAGTGTTCCAAAGACCACACTTACGGCCCGTTCACCCCCACTAACAGGGCGCTCCCAACAACCACATATGAGGGCCGTGCAATCAGCGTGCAATAGAAAAAATTGGACCGGGGTACAACCCAGATTCGATCTCGTATACCGCGTTCTAATAAGCGATCGCACTAACAACATATGAGTCTCGAGCGAGCCTAGGAATATAAAGCTCCTGTAGATATGCTCAGTCCACACGCCAGCCTGTGGAAGTAGGTATGTCTTTGGTACGTCTTACTATTACCCTTGGGTCGCGGATTCATTATGCCGGGGATGCGGACAGCAGCAATTCGGTCATAATCTCCAGGCTATGACTGAGATTGCCATGAGACCTAGCACGTGCAGAAAGGAGGATATAAATGGAGGCCTGTTGTCCACGCAATTCGCGCACCGAACCACATCTCTATAATATCCTAGCGTTTAGAGTGGATCTCCCGCAGGGGTCCCAGTCTGAAAATTAGAGCTGCGAACCGAGAAGCGCCCGTAGACATTTCACGATTAGCGTCCGCAGCCTGATGAAACGGGGAAAGGACCTACACGCGCCGGATTGTTGATTAGATGACGCCTGTGCCTAAAGACTTCTCCGATCGGGCTCATTATCAAGGCCCACCCGGGGTGCTCTAGCTCCGCGTGGGCAGTGCGCCATAGTGCCGTGAT,1300,51.85,Homo sapiens
SEQ_132907,GAGCCAGGAATTTAAGATTCCATCATATGTTGCTACCGCGTAACTTAGAGCCTACACGTTAGCACATAGGTACACACGACGAATACTTTTTGGTTCTAGGAATTGCACTCAGCATGATAGGAATGCTTGAGCCTTGAACAATCGTGCGCTCATATTGCCTCACACGTAGGACCTTGTGATCCGGATATAAGGTCTACCACCAAGGCCGTTCCAGTAGTCACGAGAGGTCAGCCGGCACCCTTAAACTCGGAACTATAGTGTTGCAAATGCTCCGTCTTCACCGACGAGTAATTGGACGCTTCGGAATTGCACGGTGGACCTCGTATGCTGTTAACTCATACAACTAGACATCTGCCCTTCCAACGGACCGGATCTGAACGCCCATCCATATACGGATGTAGAAAGTGACATTGACCTACGAATTTCAACAGCTAAGGACGGTGCCAGGACATCTGCTCCCATAAGTCCATTGCGAACTCGTCGTATTCCGCAGTTATCAGCCCGCATACTCTGATTTAACGGTCCGTAGCTTATGACCCCATGTTGCTAAGACCTTAGACTGGGTAGAGTATGGGCAGCGAGTCCGCGCCCACTATGACGCGGTTACAATGCCAAGCAACCCTCATGGTTTTTCGGCAGGACCGTTACGGAGTTGAGCTATACCAATCAATACAACTCGCTCAATTCCGAGAACGCCCTGCCTGCAACCGGAGCGGTTTACGCTGCTAAAAGACATTCCCGAGACTGCACGATTGAGTCGACGCATCCTGTACCACTCTTGGGGGCGCTTGGCCCTCCTGCCGGCTAAAGCGAAGCAATCCTGGAGCCTCTAAAGCCGCGAACAATTTTGGTACCTTTTTGTATACTTGTATGTGAAAAAACCAACGAGATCACGAACTCTGTCGTCAGTCGATCCTGGCAGATCTCTGATCCTGGACCTCAAGACCGATTGGCATAAGCGTCCTCGGGACGATGCGATAAATGCTGTCTCGCCCGGATGTAGACAACGTTCCCCATACCCGCAGGCCGCCAGTTTCCAACTTACGAGCATTTAAGCGGTATTCAGGTTTCTTCTTGGAAAACTACTTAACGTCTGGCCATAAGGTCTTGACGGTGGGGGGTGTATGCCCAGGCGGTGTACTATCGCTCGCGAACGCTTCGGGGCATGACCCAATATCGAAGACCGAAAATCGTTGGGTAAGCTAGCACCCGCCTAAGCACTTCTCGAGAGAGTTAAGTGAAGGCTGCCTACCGGTCGGCCTAGGGTGCTCACCTCATACAATGGCTATCGGCCGGATGCCGTGCGCCCTTATCGAGCAAACAGGCAGATGAGTCTGAAAATATTAACGATCTGTGTGGAGCGATACCGCTTGGACGGAGCTTGGGTTTTCGTATAATATGCCAAGCTTCCTGGAACATAAACCCCATTTTCATGCGCTGATGATTACAGTTAGTTCTATAATCAATTTGGATTAGTGGAAGTATGAAATACTGCCTTATGAGGTAGAGGGCCGCAAGCGCATCGATTATTTGTTGCCAACATATTATGGAAACTTTCCCGGTACTTAGCAACCAGTTGCAGTGCGGGCGAATAGAATCAGTTGTATCGAACTTCCTTTGTCTCCGAGTCGAGGTTCTTGCGTAGTCATATCGGGGGCTGATCCAGATGTAACAGGCGTCCGCTGTGCCGCATCTCGCCCACGGAGGGAATTGGCGCGCCCTGTGGGTCGTCACGCTCCTTGCGCGGTCACGATTGAGTAGTCCGAAACAGATACTTTGTTTAAAATGCAAATTTCAGAGCTTGCTTTCTGTGACTTCGAGTTTGCAAAATGCTATATAATAGGCACTTGGCCTGACGTAGAAAGCTGTAGTCTCGATTCCGAAAGCCAGTATTATAGAGCCCGGGAG,1908,50.0,Drosophila melanogaster
SEQ_398423,CACCTGGGAAAGTGTACGATCCGGTCATGTCTAACATCTTGCAGTACGGACGTGAGGCATCAACGCTCAACACTGCCGGCATGCTGAACGCTTAGTTCCGGATCCTTCTTCGGACGGGGTTACACCATACAAAAGGTCAATCCAATAAGAGAGACCAAAAACTAAGATCATCGAGTCGTATAATAGGTTTAGCTGGTTATTGCCTACTGGGCGACCCATCGCGGGAGTTCTGCGTTCGGATACGACAGAGCAGCCCTCCGACCCCAGTGTCTACCAGACCATCTAGCAACGAAATGCGTTAGCCGGGCGCTGCCCAGTGATTACTGGTTAAATGAACATCATACCTGGCGCAACGAGAAATTTACTCGATCGGCTGTGTATAGTGTGCATCTTATCTAGATTGTTGTCGGGACCCGTGTGACTGGAATTAGCCGGTGTGAATGCGTTCCGATGTATACCAGAAGCCGTAGGGGGACTAGGAAAGGAACAAAGGAGAACGGGCCTCAGTCCTCGTGAAATCCCTTCCATACGGAAAAAACCTCTACTTCTTCAGGAAGGTGTAATTGAACGCCGCTGGCTCCCCCATTAACAGTAACTTAGACGCACGTCGTCAATGAGACTGGGAGCACACTTAGTTCATGATGGCTTAGGTTCGCGCACTTGGATCATAGTATGGCTCTAAAAACTCGATACCCTAAACGGACATCCCGACGGCCTAACGAGCCGGCCCTGCTGGCGCCTTAGTGGGCGTGTGGACTCTCGATCTCACAGTGCGCCTCTTGATCCCTCCAACGGCGTCAATATCGGAAAAGCCATGACGATGCGTTAAACGACTGGTGCATCTACTCTGCGCGCACCCCCCTACGTAATGAGACCTCATCCTTGGCGG,889,51.86,Caenorhabditis elegans
SEQ_403721,CGTTATGACCTTACGGGTGCTTCCAGTTGGCTCTTCACGTTGCAGCAACCTGCAGTCCGACTAAGGGTCGCGAGATGTAACGAGCCGCAACACATACCGGAACCCTGACAAAACAACACGCAGAGTACCTACCACCGGCCACGATTGAGTCATTAAGTCTGTCCCTCTAGAGACAACCCGCGGAATTAGAACTACAAGATGCCGGGCCTCAAGCTGTGCAGGCATTCCAGCCCATATTTGTTTCGTCGTCCTGGCCGGATATCCGCACTCCAACCCGTTATTAGGTGAAAGATCTGATCTCTCAATGGTCAACCACATTTTAGGAAACACTTTGCAAGAGTCGGGAGATTATAGA,355,50.7,Mus musculus
SEQ_958649,AATACGGTATCTGTACCTAGAACCAGGGACGCGTTGGCAAAAGAATATCACGACAGAGATGGGCTCTTATCCTGGTAACAGAACGCCTATCATTAAAACGAACTGAGACCTTTGTAGGTAGTACTGGCTCGGTTAGGTCTCTCCCACGCACAAGGCTGGAGGCTCCATTAATTCAGCAATGATTTCTTCCATCGAGCTCATGCGGATCCCCCTTAGTCGACGTGGAAGAACTAGATGCAGTATGATCCTCGTACACCGAAGCCGTTGTGGAGTCTAGGATCTGAAGGTTCCATATAATGTACACACCTTGGCGTACTCCATTCATACGCACCTTAGGCACTGGTTCCGATAAATCTGGAGAAGTTCCCTACTTTCCACGCGACTCGTCGGCATAGTATCGCGCCAGGGTGGGCTACATACGGAGCCGTTGTCCATGCGTGCGTTGCTAACTAAAATCTTGACTATCGAGCTGTCGCTACGTCGTGAAAGCGCCTGATTTTGCGATTCGGGGGAAACAGGCTATTCTCCACTAGAGCTGATGGGGCATGATCCGCTGCCCTCTGGGGGGGGAAGGGCACTAGACCGTTAGTGCTGTTGGAACGAACCTCCCCGAATTTACTCCCTAGGGCTTAGCCCGCAAGCTGCAGGCACTAACCCATTGTTGTTTCGCACAGGATGGTCGAAAAACGATGTATAATCAACTCCTACGGGACCTACCTCCTCTGCATCGGTCCGGGCCCCAGATTCCTTTACCGGTGAAGCTATATTGCCGAAATCAGCGTATAACACTTGCGATGCATAGGATTTAGGTGTCGTGGTTCGCGGTACATCTGCTCAGTATGGTTGCGGAGCAGCTGGCAAGGCTGTCCTCACAGGTAAGTCTTATATAGGAAGGCCACTTGCGTCAACGGAGAGTAAGGCAACGTTACAAAGTACGTGGCTAAAAACGTGTGACGTGGGGAGCTAGTCTTCATATTTCGATTCGACACTTACCGGAGAAGCCCTCAAATTGCTCGCTAACTTACAACCTGGCTCATAGAGGACCGCCTTGCCCGGTGGTAACCGCTCAGGCTGCTCCCCAAATGTAGGAGGCGCATCTTGAACCCTCTGTAAACTGTCCACGGGTAGCGTCAGCGTCGACTTGAAATATATCAAACTGTTAATTGCAGTACGTAACGATAAAGAGACGACGCCCGAGCCGTGCTAGGGGACTCTGCAAAGTATGTCCGGAGCTTCAGCACCAACACAACTTGAAAAAGAGAGTTTGGTTCATGAGCTTGCCAGGACCGTGCGGCGGAACGATCAGATCAAGCCTTACCCAGCTCTCGCTTCTACTGTATAGTTTAGCCCCCTAGGCCTTCTGCCTGCAGAACACTGTATGATTTAAGCCAGAGGACAAGCACACATTAGGTGGCCTCGTGGGCTCAGCACCGGCCGAGTGCGCCAACCCGAAGCCAATTCTCTGAGCTAACGTGTGGAGTTCGCGTGGATGTGTAACTATTGGGAGCGTCTTTATAAACCTCCATTGTCTTGAACAAGGCTCAACAAGGTCATGGACACATCCCAGTAACTGCCCCCTCTGTGGGCACTACAGCCGATTGCGGAACATATAGATGGCATCAATTACATTCTTCGTGCTTGACTAAAGGTTTATGGTAGGCCGTCAACCCGCGGAGAACTTGCAGAATGCTGGCCCTAGTGGGGTGCTTTGAACAAACTGTCCGTTTGACCTCCCTTAACGTCTGTAGCA,1750,51.2,Saccharomyces cerevisiae
SEQ_116388,TATACCTGGCCAAGGCCATAAGAACCTTGCGGACGTAGCGGACTATGCAAACGATTCGTAGGGCAGTGGTTCAAACGGCGCAAAGGACGCTTATTCGGGCCTACAAGTTGTTAGAATTAGTGTCGTCCCAGCCGAGGCCCGCATCTGCTCTCTGTCATTTCGTCGGCAATCGGGCTAACAGCCCCGTGGAATTTAATTGCTATACCTCCCTCCCATCCAGATCCGACTATCGCTTTCAGGTGACCCTGCCATAGTACGTCCAATACTAACCTCACTTCAAATAGATGATTGATACGCAGTGAGAACAGACTTTGATACAAAAAGGTAATGTGTACCGCCGTCTACTCGCGCCTCGTGTCCGCCATCTTTAGACCGGCATAGGACTGGAGCATCTATCATGAATGTTTCAGCGTCCGAGCTTTACGCATCTGTATATGATGGATCCGTTGGTGGGGGAACTCTCATGCTACGTCTCGGCGTGCAAGCCGAGACCCCCCTTGTTGATACTCACCGTCTCTCGTTAAAGAACGTTTAGGTAACTCCTACGACACTTCATAGCTAGATCGACTATTACTAGGTCATTTTTTCGACCCCCTCTGGAGTGGTTGCCTGGTCAGTCCAGCAACTAAGCGTGCCGAACCCAGGATTTCTGGATCATGGTTGGATCGGTACGCCAGGGCCGCCGCCTAGTGCGTACAATTGACGGAGTCCGGCTTTCCGCGATATACATTGCTTTTCTGGTCGGCATTGCGTTTCTGGCCGTAGCCGTGAACGGTCTAGAGTAGGGTG,789,51.58,Caenorhabditis elegans
SEQ_282110,CCTACATAAGATACGACAATGAATCGCTCTTAAGCTCACTTCTCGTGAACTACCACTTGGAGTAACGCAGACTTATAGACTGCGTATTGCTTAATAACCCCGTTGAACCAGCGCGAATGTTCCTCAATACGCAGCCCATTAGAAGCGAGACGGAGTGTATGTCTGGTTAACACTTTACGGCCCAACTTAAAATTGAGTATGGACCTTCGCAATTTACCACGGACGACCCTTCTACATTGAGCTTTCACTGCGTCCTAGCTCTCGGCTTTATATAACTCCTATCTGCGCGTCTTTGCTAAGGCTCTTGGCTACAGCCGGAGTTTGAAAACCTTATCCGGCCGGATAAAAGATCCTCACCGTAGTTAAGGCGGTGACATGGCTAGAAAAGAGTGGGGAGCGCTTGTCACAAACAATACTACGCTTAAAGAGTAGCTTGCGTACCTTGTCGTTGTCCTTTTGTCGTCGTGAGCTTATTCGTGGGACGACAAGGTAGGTTCCGGAGGCAGCCGGCATGCAATCGACGATCGTGCTATGCGCGACGCTGCTCTCGAGTCGGTCTCGACTATAAGAGAAGAGAGTTCAGTCACCCTCTGCAGGAAATCCAATAACAAACACGGGATCGGGACGCTCGCGCATTGGCAGAGATCGAATAGGCTTATCATATGGTTTTGGAACCGAATGAGTTTTTACGACAATGCTCTTGGGTCAAGGGGATGTGTCTGTACGAGAGGCCCTTGTTAAAATCTAGTCACTCATACCTCAGAGCGTGACGATGTTTTTTAAGCAGCCTCGCAACCATTGGGGATCTGGGTGGTGCACATCAAGATAGCTAAGCGTGGGATCGGCATATCAATGGCTTTAGAGGTACTATGTGCCCCGGCACGTAATTCGTGGAGCTAGGCGTGGAGTTTGTAATCAGCGCAGAAATTATGTTCCCCACTCCCAACTTGGTTTAGTTTGTCGGTGAATTGAATGCGAGACTCTGTTGTCTGCGCAACTTTGCCGGCAGCGGTATGCTAGATGGGGTACACAATTTAAAAAAGGCACGCGTAACAAGATCCACCCCTAATCGAGTTCCCTTGTCTCGAATGTTTGGAGTATGTACCCGCGGATGTTTGATATGCGGGAACACGGACGGATGCGCAGCCAACCAAAACCCTTTGGCGCGTCTAGGACCACGGGACAAAATTATGTGCTCTTCAATCCCTATTCTTAAGTAGGGCAGAAACGCTGGCGACCTGGGAGGACGTTCATACGGTCAGTGGTAGCTAGATTTACACCGGGCCGGTAGGATTAATTGCACCACGTTTTATTGTCGAGAATTAAGTCCTGGGTTGCTTGTCATAGGGCGACGAGGACACCCTGAATATTACAAAGCGGAGTACCAGCCAGCGTGTACTCTGTATGTGGGACTGCGGTAAAGCCCCGAGAGGACCCCTAACCCACCGAAAACAAGGCGAAAATAGCATACACGGGACAATCTAGGGTACGCAGCGGAGTGTGTTCAGATTCTCGGAAACAAGTTAGTTCGTACCAGCTTGCTCCTAGATTCCGCCTGTCTAGATCGGCAACTCGGCGGGACGGGGACCAGTCCCTTACATGCGGGCTCCGTCGACATCTCGCTTGAGCAGCATTACAGTCTGACACGGGCTCTATTAGTCGCAGCGTGGACGCAGTTCTCACGTCACCGACGAATGGGCATTACTACAGGACTGCAGCTCCCCTCCGGACGCGGTAAGCCAAGCGCCGTATGGTTACTAAACATCCCTAATTAACACTGAGCGCGACCATAGCCGTGCAAACCCGTGGCATCACCGAAGGCGTGCGGTGAACGCGCAATAGGGGGGAAACTCGGTTCCAAAGGCGAATTCGCACTCATCTATGCC,1886,50.85,Drosophila melanogaster
SEQ_403906,TCTAGCCCGGAGACCAGGCTTTCTACCGCTCACTGCGCGTCTACTAGATTGCAAAGATAGATAATACTGTTCTATTAATCACGAGACCTTTTGTCGCCAGTTAACGCTTACTCGTCCCCGTCCAGGAAAAACATTCGATCCAGAGTTTTGATAGGCTCGTCGCTAAGAGTTTGCGGGCGCGCGCTAGAGAATCAACAACTTCTTGCAACTTTCATATGTAAGGAGTTCAGCTTACCTGTTTTAAAACTTAGCCCTCGTGTGTGCTTGCAGGTGACGTTTCGGCGTGGTCCCGGGGGAAGGTTAGCTTGAGACGATTACCCAGGACGTTACGCCCCCGAATACTGTCGGCGCGCGATGA,358,50.28,Homo sapiens
SEQ_403574,CAACACCTCGGTGACAACTTTACGTTCCCGTCTTACTCAGTCAATAGCGAGTCCTTCTGGTCGTTCACGGCTACTTCGCTCAACCGCCGCCCTTACAGATAGGGCATTCATGTTCCAGTCGGCGTATAATGTGCATCCCTGTCCTGACGGTTCAGGGCTTGCCCGCTCCGGCGTCCATACGTACCAGCATTTTCTATCATGTCCGGGATTCGTTACTTTATACTTTGTTAGTATCTTTTGTAATTGTAGTACGGGAACGTGGTCAGGCTCGTTCTGGTGCTGATGTAGAAATCTACAGCCCGGGAGGCGGCAGACTATTTTTAGTGGGTCACTAGCTTGTGTTCTGCTAGCTCTCTGACAGAAGCGTCTGGCTACCTGGTTCGATAGTTTCGATTGGAATCTATATCATCAAACGCTCGTGACTCGTGTGATGTTAATGCGGCTATATTTTAACCTAAAAATATGTGTAAGGGACTGATTTGATAAGGTATAGAGCGGCAACGGTACTGTTCAAGCTGCGATCAATTCATTACCTAATACCTTAGATTTGGCCGAACGTTGAGATGCTTACTTGTGTTGCCTCTATTTCGGCTTGCACACCAACTGGAGCGGACCTAAGCTCGCGGTTTCCGTCTGGCTCCAGGCGCCACCGAGGGCATAAACAGGTGTTGACCCTTTCTTTTTTTACGAATTACTTAATACTTCTCAAGCTGTCAACCCAGAATAAGTTGTGCCGTTGTAGACAACAACGCACCTCCCTACCCAAGCCGTAAATATATCGCAACTATGTTCGACGGCCTATGCCGCCCTAAAGCTCTAGTAGCCTGCAGAATAAAAAGCCTCCGTGATGCATTGTGATGGAACAGGCAGACGCGGCAGAACGCTCGTGGCGTAACGGATCCAGAAGCAC,910,48.46,Drosophila melanogaster
SEQ_122461,GAGGTATTGTAGTGTCCCCGGCCCCTACGTGAGCGGTAATCCAAGCCCCCTGGAGTGGCTCCTCACGAGGCGGCCATCGTTCAAAATGGTGTGTACACCAGCTGCCCTCACGATTGGCTATTACTCCTTAGAGACTGGTCGTCTCTTTGGCAGGTTTGTATTGGTGACTTGCTAAGGGTCTTACACCTCACCGTGTCCATAGCCATACGCCCTGGGACCTAGGATCCCCTAAGCCTTAGGGAGGATATAGATCTGGAAGCTTGCCGCCGAGACGGCTATCTGCAGAAAACGCTAGCTCTTTATTACAAATTGTTATCTAAGATAGGTATGAAAGGTCATTAACTCAGGTACTGTTTAAGCCTATGAAAGATCTACGAGTAATAGGCTCAGCATTTTTGCCCAGTAGGTGACAAATTTCTTGCAATTGCTCGTCTGAGGCCGGCGAAGAGGAACTGGCCTATCAGCTACTGTTGATCAACCTGAATCTATCGGCTTTACAACATCCAGTGGACCTTTCTTCAGAGTGCCGTGTTGGTCACTGTCCTAACTTAAGCGACACCGCGTCGAGTCCACATGGACTCATAAGTTCTAACGGGGCGCAGAAAGACACACTGAGATTCGGTACGGGTAACCTCTGTAAGAGATTGCTACCACGCCCAGGTAGGCGACTGGAGCAGAACGGTCTTGCTAGGAATCTTAAACAGAGCCCCGAGACCCCTTAATAATAGCATGCTTTGAGACACTAAGATTTGCTGAGCTAGCGGCCTACTGGCAAGCCCGAGAAGCATCCAGGGCGACACCACCTGATCTCGCCTATGAGCGTGGGTTGCTATGTCTATCCCCATACCTAGCAGTCGCAAAGCATAATTTTCAGGGCAGACTCTACTCTCATCTTACACACAAGACCTCTCACATTATCAAATTGAGTGCTAAACCTGAAGTGGGGATGGCGTTATCACACCGGTAAGTATGTGGCTCCGGGCGCCGCTCCGTGGTGTACCGGAGAGCGCATACATTAGTAGTCCAAGCATACGGAAGCCATCACACTAAGCGGGTGGCTTTCTTCGAGTCTTTCTGTTTGATTTAACGGAGGGCCCTCGTTGCCTACGTGGGTACGTCTCTAGAAGCGCCCCTCGTATCATCGGAAGTAAATTGCCGACAGTTGTCAAGCGCGCACTTAGCTCCCCAAAGCAGTCCTCCCTCTATACAACTCGAATCTTAATGGACAGATAGAGACAAGGCGTCCTATGAATCCTGCGACAGCACCCGACTAACGTGCTCTAGTCCGACTGCGTCTCCCAGCGCTCCTTGGCTTTCTAGATAATTTTCAAAACGTCAGAGCGCCGGTCGAACACACACTATTGACGATAATCGAAACACAAAACTATCTAACAAAAATTCGGAGTGTATGCCCACCGTCACTGTTCGTGATAGAACCGAAATGAGGTAGGAATTCGCTGAGCCGCCTTCATTTTTGAAGTGGTCCGATTTTCACGCAGACTATGGGCGACAGTTTGCGGTACATGCAGACATAGAAAGCATGCGTCATTTGCTGATGCAAGCGAGGTAGCTATCTTGGAGACGAACGTGATACACCGGAAATGGAGCTCAGAGACGATCTACTCGCAAAGTACTGACGACCGCATCTCGGTAGGTTGCACGTACTCATAACGCCCTGAATGGATCAGCACGGCCAGGTCGTCTCCGATTCCCGGGTTTTGAGTAGATAAATGGATCAGCGATCAGGAGAGAGGTTATGCCGACCCCACCTCATGTGCACTGCATTCGGGAGCTCCACCCTTCGTCCTGTCACGAACTTGATGCCCCCCTAAATGACCGGTTTCTACGGCATTTAATACGATGGTTGGGGACCAACGAGGGCTCTGATTAGGCCCG,1896,50.63,Homo sapiens
SEQ_924471,TGGTAGTCTCGACAGCAAGCCTCTTATTCAATGATCGTTCGAGGTTAGGTTGATGTACGTTGATGGGGCGGTAGAGTGTGATCTCAGTACACTGTAAGGATAGTGCGTCCACCAGAAAACGATACCGTGGTGTGTCCGATGTGCTAAAGGCGCGCTACCCCCGTAGAACTCTCAGGTGACTTATAAGGCTTTTCGGGTTTGGTGGTAAAATTGCCTACCTTGCTGATTTCCGTCAATGATAATTCTCTTGTCTCCTCAGAATGTCGTTGAGATGGAACGGCGGGTAGCCTGCGGCGATGAAATTATTTTGACAACGCTCCAACCTCCAGTCAGGTATGACGAGGAAAAAGGGTTACTCTTTGCCGGCTGGAACATATGCTCCGGAGTGGTGGGAGACCCACCGCCCGCTACAACCTGTCCATGATGGAGACACTCCCCCATTTGATCCAGACGTAATCAAAGTTTTAAATATGGCCCCAATGTGCTCTTACCTCTGAGCCCGAGGTATGGTAACGGAAATGCAACGGGGTCGATTCCCTATTGACTTGGGGCCAGTTAATAGAGTCCGCT,570,49.82,Caenorhabditis elegans
SEQ_415993,CGTCCTTCTAGGCGCGTTCATGATTTCTAGCCACGTAAGGAGTCCTATGATATCTCGGTACAGGCCCCATACCTTTCATTACCTGCTACTTCTAATAAGAAAGAGCGATCCACCACCTACGTCCTCTCCTCAGGATTATACTTTTCGGGATCGATACGTATCCCCCGGAGGGCACGATTGGAGCCTCACCTCCGTTTGGCCGAGTGCTACGATAATTGGGGTCTACAGATATTTACACGTCGCGCGCATCTAAGTCGTGCTCTGATTCGCCTAGACTTCCCTTTCTGCCTTTAAAGAACGGCTAGGGAACCTGAGGCCTTAAGTTGTGAAGTGCCCGATTCATCCCAACCTAATGGACATGGGTGGTTCTAGCAACGGTTGAATTCAGCAGGAGAGACGTTCTGTGTGGCTAAACTCCCATTGGGCAGGGGTCTTTGAGGGATGCACGCAAGACTGTCGTCACGGATACTAGTCATGATAAATCTCGCGCGCATCGCTGCAGTAGCATTTACAGCAAGGCCTGGGAGGAGCAGTAGGTCGGCTACCTGTGATGCAACTGCTACCTTACCTCAATCGCTATCACGTGGCTCGATCCATTAATGATTAGTTGGCGCTCACCGCATACAAGTTTCCCCATTAAACAGTGCGTAACGGATCACGTAGACACGGCGAATCTTTGCGCTCTGCGTGGGGACGCCACTCAGACTTGGAACCATTGTACCTCAATACTTTCCTAGGTTACATGAAAGTAACACCACAAAAAGCGTGTTTCATGGGGCTCATCTCGAATTCTTACAACTGGGTTAGGGTCAACCTTATTGGCAGTCAAAAATTTTGAACAGGCGTCTCTAACT,854,49.53,Escherichia coli
SEQ_951511,CATTAGGGATGGAAATCGTCCGCGATCAGTTATTGGAATCTTTCTGTGCAAAGGATAGCTAATCCCTGGATCATGCCACCTCATCCTAGGAAATTCTGCGATCTTCAACGAAGTCGCACTTCGCGGACTACCCCGACAGAGAAGCAGACGCTCTGATTAAAACCGTATTACAAAAGAGGGCTGCCGAAGCCAAACGTCGTCATTTCCCATCCCATTTGTAGTTGTCCCTACGAAGGTGAGTCAGTCTAGAAACCACTCTTGGGATGGGATTAGTCCCGGACCCGACCTGGTGACGGAGATTATCGGATAGAAAATACCGGTCTCACAGAGAGCGCCGGAACGTTCACGGATGACGCGGTGATCCTATCTCCTTTGATCAGGATTCCGCCGTAATGGCTAACTGTGTCCATCCCACTCGGTATAACCTAAAAGCCACTGGGGAAAACACAGTAATCGGTGGTGTGATGGACCAAAAAGCATATCCTTGCGTGCTGTCCACCAACGAACGTGGGACGGAGAGGTCTTCTTTTTGCCTGATTAGGACAAGCTTTTGTACATTTGGAATGTACCCGAGACCTGTGCCCACCATAAGTCCAGCAATCCGATGAGGGTAACACCGATACGCAACTCTCGGGCTCGTGGATGTGCTTGGGGTCAAACCTAGTTTTGGGTAACTCCAGCTCAAGCAATTTTCTACTCTAGACTCAAGTAAGAACTGTTCATATTTCGACGTTCCAAGGTCCCGACGGGCAAACCCGGTATTGTGACACCGAATCGAACTCGTATCGCTGGTGCAGGCGCGTCGGGCCGGAGGCAGTATGGCGCGTAGCGATTGGCGATCATGGCGGAACCTGGTCGCACCGTCGTCTATACTGGGTTGGTCTATCATTTTGCCGTCATGGGTCTGCGCAAGGGCAGTGAGATGAAATGCATTTGTACTGTGCAGAGTATCAATGCTATGGATTAGAGTTTACATCCGCATGCGTATTGGTACACACTCACAGCCTACAGATGTGAGTCCACAGAACTAGGGTCTTAAGATAATCGAAGAGCCCGATTGTGAGTGGGCTGGGACCCCCATTCCTTGACCTAAAGGTACTTTCCATGTCGTCTTGGCTCCTTCACCTGCAGTCCCGTGGTCACCTTCCTCACCAGATATTTC,1162,50.6,Mus musculus
SEQ_167360,TGTCGCCATTATAAGAAATAATGTTCCACTAGGCAATTTCTATCTCGAGATCCGACCCGACAGTATGTACGAACTCTCACAAAAGCATCAACTTGATCTACGCAAGGTTTTTCATACTGGCGGGCGTTACTACAAGGAGTAACGTTCCGGGCGAACTCGACATGTAAACGCGCCTATCAAGTACTCGGATCCGCATCGGCACTAAAAGACCACCACCGACGCCATCCCCCAGTGCCCTCATGGGTCGACGCGAGTAGACCATTCTAGGATTAATAAGACAACCCTTGTATTTAAGTCGAGGTACACTAATAACGCTAATTTTCAGCCTAAGGGAATCGGGGGTCTAAGGGTTCAACAGGGGTCCGCCGGTGTTAGACCCCTCCGCGTGATATATCTCATAAAACCGCTCCCACGTTGGCTTGTCCTCGGCCGGTGACCATAAATTCTCCGGCCCGAATATCCAGTTCGCCCTGGAGTACGCAACTCCTGTACACAGACGAAAAAGCTTAGTAACAGCAAGTACATTTGACCCCACGACTTAGGGTGTACTTCTCCAAACACGCTTTATGTCCGATCATTCTGATGGTCAGGACAGAGAGCCTCTGCGCAAAACTCTGTGTGATACCCTCTTTACACACTTGCACAAGCAAGGCGTACACCACAGGGAACCCCCTGTGGGGTAAAAAACCACCCCCGCGCGTATCATTAGAAGGAACGCGGGAGGGACGCGGGAGCATCTATAAATAGTGGGTTTGCCTATAAGTGGAGGAAAACGCGAGGGTGGACCACGTGTATGGTCCACGTGGACCCCTCCAGACCTCTAATGGCAGTTTGTCCAATAAGGATTGTTAGAAAATACGCTCACTTGCAATTCGAAATCAAATGTCTAACTCGATTGGAGAACTCCTTAGGTTACCCGGGTGCCGGGGATCCCATAGTCAAAAAGACAAACCGTGCCTTATTCTATAGGGGTCGACTCTCAGGAAATAGGCGTCCTAGCCAAAGTGGGGTTTTTCTACAAGAGGGTAGTACCTATTATGAGGACTTCCCGAATATCGGTAAGCCCGGCGGCCGTCAATGATAAACATTTTCGTCTGATCGAGGGACAAAAACATCTTGGGTTAGTTAACTAGATGCGTCCATATCGTCAGGTGCCGGAGGAGTGAGCCTGCGTTCCGCAACGCTAGTAGGGCGCGAGAGACGTAATAGAGGCTATATGCATAAGGAGGTTTCCTAATAGTCCTGGTCTCCCCGATGTAGAAGACGAGCTATCTGCTGAGCCCGACCAAACCTGAATCCGAAGCCCAAACGCATCACGTACGGTATTGTCTCACTCGAGTCTATTACGTAGAATACCTCATGCCCAAGATCACAGCACGATAGGTAGCCCCGTAGTAAGAGTACCGGTCCGATTGTGGCAGCAAACTTCATTACCTCTTACGGCAGATGTAACAAGCATAAG,1462,49.59,Mus musculus
SEQ_568068,ATGCGCTTGCTGTGCGTATAGTTGAAACTTTTTTACTTACGGACCTTATCACAACGTTTCCCACTGCTGGCACCAAGATAAAGTGATAGGAAACGGCTAACACGAAAATGCCACGAAATAGACGCACCACCCAGGTTTCACATTAACAGGCGGCGAGAAGCAGAAGGACTTGGCGTAGGCGAATTTAGGAACGGTATCGCTTGAACGTTCCACACGAAGGCAAGCTTGGGTTTTCCGCTAAAGCCTTCTTATGGAAAAAGAGAAGAACCTAAGCCCGAGCTAAGGTCGACTCACGGTACCATAGTGATGAATCGTGCTCGGTGATAGCACGTCGAATAGAAAAGCATAGAGGGATATCGCAGTCTTATAACGACGTCCTTTGCAGACTTTTGAGAGAATATGATAAGTACTAGACCTCGACGCAACCATAGATGAAAGAGATTCCTCGTGTTATTTATGAAAAAAATAAATTATGCTAACGAAACTAATACACCACGGACCCTCCCGTCACAAACGACGGTGGGCGAACACCACTTAGAAAAGGATTCTGTTTCCATTTACGGTGGTGCCAGACAATTTGGTTTCACCAGTGGGGGATCATTTCATACTCGGGCAGGAAGCCAGACCTCGCACCCAGAGTTAGCTACTTGAAAAATAGGTTCCATGGCGAGTCTGGCGAGCGTAACCATATACGATACAACAACGGTGAACAGCGTGGCCGGTCGGTTCGTAGAAAGCAATTCGTTTTGTGAAAGCGCCTTAATTACCCAAAAGCTTAGTCGTCGCCTTAGAATCGTTTGCGAGGGGATTTGTATTAGTTTTAAGGACGTCTAGGCGATATGGCCTTTTCGTAGCAAAGTAAGCACTGAAAGCGTCCCTCATGTTTCTGGCACAGGCCCGTGGAGACAAGTCTTGCCGTGTAAGATTATTGAGGTGAGAGGTGGCCACATGGCTGCCAGACCTCGAGGTGTGACAGTATGCACCAGCTACGGCTTCGTAGGTGCACAAGCGATCATATTTACAAGCTGCCGGCTACAACCGTCGCTTTAAATAGGCCTATAGGTCGATTCTTATTGCTCGTACATGAGTATCGAAGTCGGTGAGTTTGTTTCCAGACCTCAACAAAGTTGCGGTAGCTATCGGCCACCTGGCCTCCATCGCGCTTGCGTCCCATTACGAATAGAATTCTAACGGTGCTATTGTAAGTAGCCTCGAAGCTTGTTGAAAGTAAACTGATGTGACTGCTACTCTAGCTTGTGTGGTTCACAAATACGATGTCCCCGAACCCCGGGGCGCTCAGATATAAGCGTACATACTCTTAGGGAACCGATAAATCTTTGAACCGGCCGAAGAGACTGCCACGCCTGATCGTCTACTTGGAGGCCACATTGTTTAATGGTAGGTGAACCGACAGGTGACCCAACGATGAACTTTATATACCAGCCGAGCGAAGCATACATCGGAGGTTGCCTACTAACCAATTTTTACTCGCGTGTTGATTCGCACACATCCTTAAGGAGTACCACCCAACAGTAAAGCACGAGTGGGGCCATCGCCATAAACAAAGCTCTGCAACAAGTACACGCGGTGGCCAACTCTGGTCTAGAAAAGTGGATTCCGGCGCCCCCGCGGGTCTCTAAGCAGTCGTACCGCTTTTAACAGGGAAGCTGACTTGGATCCAGGAAACCCCTAGACCGAGGTTCTCGGGCTGGTGACACACCCGCAGCCTGTCCCGACGTTCATCGGTGCGCAGGAGTCAGACGGCAGCTAGCTGATTCGTGTCCCGCCTACACGGTTC,1798,49.11,Mus musculus
SEQ_918535,TGAGAGTTTCTCGGAGACGGCACGACACTCTATGATGAGCGCCCGGCAGGTGTTAAGTGCATTAGACTGGGTGTAAATCCGTAAGTGTGTCGACGACCGTCATGGGGAACGGATCCGTCCTTGAATCGCCAAACGTCCATGGGACCACACTGGCCCGAAGACTCCTCAGATCGTAAACCCGAAACCCTGCAGATGAGGGGCTAACCAGCTGCGCGTTCACGAGAGATGACAGTTCAGATTTGTGTAAAGGCCATCACATCTCCCATAGCGCTTCCAAAAGTAAACCCACCATTTAAAGTCGCACCACCCTTATGGCGACGATACATCGGGCAAGTCGCGACAACACCGCCCCTGGCCAATTTATGCAAATCAGAGGATGGTAGATGAGTTTATTTAAGTACATCATTTGCGATCTTGATCGTCTTCTCACGTCGCACTACTCAGAGCTACTCTCTTAGGTCAAACCATGCTTAGCGGATGCAGACTAGGAGACGTCTCGCTACTATAATATAAAGAACTACCGCATATGCAACTACCGGGACACTCAGGACGGACAAGCCTGTCCGTCTCAACTTTCCGAAACCTGCGCGGGGCTCCCGTGCTTTCACGTTTGAGCAGTTGCCCACCTGCGCACGGCGGCCTCCACGCTCGCGTTTTTTGGCCGACTTATCGATGCGCCAAAGATATACGGTGCCCATTATGATAAACAGTCCTTATTAGGGGTCATCGCATACTCAAGAGTCAGACAAGAAACGGCTCGTGCCATAGAGTGTTTTCGCAGTGGCAGCCAAGGGGTCTGTAAGAGAAAATTCGGCAGTTTTTTAAGTGAGAAACCTCTGGGTGGCCATCCCGAGCCTTACTGTGGACGGGTGGAGACCTCCAGCAAGGGCTATATTAGGGCTACACTTTGACTGTCCGTCTGGACCGAACCGCCGGCATAGGGATAGCCTTTAAGGAAAGGGAGGACCCTACCCATCTTACTATCTGTAAGTAGTCAATCATTAAACAATGCCACCCGCGCTCTGTTTCCCAGATTAATCTTCCTCCACACGCTCGGTAAAATCGGTATCACCGGCCAACCAGATAAATCTTGACAATTGACCGCGGATCCGGAGAGGTCATCAATGGCCAAATGGAGGCATCCATAAGCTGAGTGCTGAATCATTGTGGCTTGGATATAGCTGCGCCATGGCGGTAGTGCTAAAAAGTATAGTAGTCGCGGTCACTAGGTTGTGTCTCCGACAGGCGCATGGGGGATGTTCGGGAGCTAGTGTGTGGCAGTGAGGTTCTCCTGCAATTCGCTGCCTCGCGCTATTTTCGATCACCCACGCGCGCGTATGCTACTGTCCGCCAAGTTCCAACTCACAAGGAGCCTATTCAGACCACCTATTTATGAGAGAATTGGCACCAGTTATTGTTATGGAGTCAACATGACGTAGCTTCTCATATCCCTGTGATTCTGTCCTAGAGCATCGTTCAGATTCACTCCGAGCTAAGGATTCGCGCCAATGCGGGTAGATTTTCCGGGTAGGTTGGACCAGGTAACGATATAGGGTGAAGACTTTGAAGATCTCGGAGGAACTGAGATCCGTAAAACTACGAGGTCTAGCCTGTCGGAGTCCGTGAACTGTAACCGGGCAGATATAGTGGCGAACCTAGGCTGTCAGGGCAACGTCAGCCGGACGGAGTGCTTTACCTTTACAGGGGAGGCTACCTTATATACATACGAACACTCGAATACCTAGAGTAGAATGACGCCGGAGGGCTGGTGGTTACTCGTGCGATGCCGTGTCCAGAAGGCAGTACTCCTTGCATACGCAGCCGCCGGTCAAGAGGTGATCTGAAGAGGCATAACTTTATTGATCTCGGCCCAGAAGGACGTTGGAGAGTTGAACGTTTGTAGGAAAGCAAC,1912,51.26,Caenorhabditis elegans
SEQ_980823,AATGTAATTGTTTTACCATGGCGCTCTCAACAATAATACGGTCCGATCCGAATACTGTACCAGGTTAGTCTTCCGTGGCGAGGCCACGTCTATTAAGGTGTAAAATGGTGGGAAAATAACACAAACAATAAAACCACACTGTGGTTGGATAGCAGGTTATATAGGCAACGACGCGTGTTCGAGCTAAACCCTAGAAAGAGGTGCTTGTCGATTCATTGGTGGATATCTTGTACCGACCGAAAATCCCGTCCACTGCGAACTATACTCACCCTCGATATGGATAGCGGGCGAGGATAAGCTCTCGAGAGCGGTCGAAGAGCGTGGCTCGTGGTACCGACGAACCGTAAATTCGCCAGGCGGCAATTTTTGGGGAGGGTTTTACTGGATTGAGCTGTTGTCTGATAGGAGTCAGACTAGGTCAATTGGGACCGGAGACCGAAACAGACCTAGAAGGGAAAAATTTTGTCCACGAGCATGTCCACATTCAACCAGATTCTCACCGTTATGGCATTGCGTGGTGTTGATAGAAGCACAGTAGTCCCCTATCACTCATCTGCTGATCATGTTACATGGTGTCCATGATAACCGTTCGCGGCGGGCGTTCCCAAATTCTCCCCGGCACTGTCCCGAATAGGTGTTTTGAAAGAAGGCCATCGCGGTTCGTTACAACAGCGTCTCGCAGCCGAATGGCATATACATAATCGCCCACTTTGGCGTATTCTTCGGGCTAAACTTAAGGCATTAATTCTGAAGTGTACGGTACAAACCCGGGCGGCTAGTACGCACCGCTTCTGACCTAAGTCCGGGCGTGCTCGACATAACCTGAAGTACTTGGTTCGTCTTTTCTCCGGCTAAGGGACTCCGAGCCGGTGTGCGAATTGAGACTAACAGCACATGTTGCCTGATCGCGGGTCCAAGACGGCGATGAGGTCTTACGAATAGCGTGATGATGTCGTAGGTGAAATGGTGGCCGTCCATATTAACCATCTAACAAATGCTGCACAGACAGCGCCAATGCAAGTACAGGCTCGGGAAAAGGCGAATGGGCAAACGGCAAGCGCACGTATTGGTTGGAGCTTAATAGATGCTAGAGTTGAAATTATGCAGGGTGCCTGGCCACTTCTCTGTTGGCATGTGGATAAGGCTTATCAAAACATGTAGGGTTGGTGCGCAATTTAAAATCAGGTGTCTAGCATTGAACTGTTACGTCCCATATAGAAAGATTCGTACTACGGTAGAACTGTCAATCCCGCTCCCATGATTGGGTTACTTGGGCTCGCACAATAGCCGGACACCCGTAAGGGCCGCACGAATCGATGTCGCATATCTGCGCACGAATCAGGTAACCCTGTTTTTGTCTGCGATGTCTAGAGATGAAGGCCAAGTTCGCTAAATGAG,1398,49.28,Mus musculus
SEQ_619493,TAGGCAGGTATTTCTCTCCTTTCTATCGGTAACGCCTTAGTTATACTCACATCCCACTTCGTCCATGATCCTCCAAGTTGTATGACAACGTAGGTACCTGTCGAATGGTTTGCGAAGAAGTGCCAGCCACGATGGAGTCCCTTCTAATCGCGTTTTGCGCTTACAGGCAACGCTGGCTGTTCTTCCTGTGGCGTTTACAAAGAGCTTACCAGTGATCGATTGGGGATGAGATCGGGTGTTGTCCATCGGTGTTCTAGTGTAAAGTCAAGTAAATGGCTTAAGAACAACCAGGAGCTAGCGAGACACGATACAAAGTTCAGGGCTGAGGTACGGCGGATTTCAATTAGACTCCATGTGCACTCAATGAAAAGAAAGATTAGGCCGCGACGGCCGAAGTACGTGAACATTATATATTCCCATACCAACGATACCAAAACGCGTCACCTTCGCCTCCCCCGCGTCGATTAACCTTACGCCCTGGATGAGTAATGACAGACATAGAGACGCAGTGGTCGCCGGCGTCGTCTTGGGACTACGCAGAACATTGTCTGTGAAGGGCCGCGCATCTCAGTAGGTCCGTGCTCATGCTTTTGTTAGTTATGCTAGCAGAGAGGAGCACATTGCAAGTAAAAATAGAATTGACTCACTGTACGGACATGTATAGATAAACCGTCGCACTGTGAGCCTCCCGTCATTAGGCCCATTTCGGTCGCCACTACTTGATTAGGTAGTGCCCATAAACAAATGGTCACGGGATTAGCGCAGGCCTCAGCCGAATGGCTCTCTCCTCTTATGAAATTTTTTGCGTGCTGTTTAACTGACGTCCTGAATCCTTTCTCACCTTTCTGACGGTTTCCTGTTGGAACTATCTGAGGCGCTGTAAAGTAGTACTCAAGGTACTTGTACGATTTGGTAACCGGGGGTCCGAGCTTTGCGCTTAATACCGATAGCGAGCGAATCTTCCCCCGATCGAGTTGTTCAGTAAGGTGGCAGCACCGCAGGGCTCTCGACCTGTTTAGCATCTTCCTCTGTTGAAAACCTTTAGCTAGTGAAAGGCTCTCACAACCATCGGTTTGAATCTACTCATCCATGGGCGCTCTATCACAATATCATTATTCTGCTCATTTCGCTGTCGCGCCGTGCGACGTTTTGCCATGGGATCCGTCCGTGACGCGCATAGCGCCGTAGTATTTTGTAGAGTCGGCCTTCGGAAAGTGGTGATGTAACTGCGGTGGTTTTCCAAGCTAACCGGCGCTCCTAATCAACATGCGATTCGCGTTACCGATCCTATACACCGCGTCACGCTTGTGATTAGATCGTCCCTTGCAGACTAATCGCAGCGCATACTCACCCGGTACGCCTGGATAGGTGATAGTCAGAGATTTAGACCATAAAAACGTTTCGCGAGATGCCGATCGCACAAGCACAGGATACAGTTCTAGTCCGCAATTTAATAAACAAGCGGACATAGAGGACACACTAGGAAAGTTCTAACCTTAAGATTTCTAGGATGATACCCGCCTGGCGGGCTGGTGTGCGAAGGTTGCCTACCTAATCAGCCCCGGTCAATCAGATAGAAACTCTGTCAAGTGACGCGGCTCTAGGGCGTCTGTGGTCTCCGATTGGCCACGAGCTTTCTAGAACTGTTCTTAGCTCGTAAGGTACGTGGATCAGGCTTGTAACAGTTTGATGGCCCCCTTGTCTGCCTGATTAACTAGACCGCCTACACTTTCTCTTCACTATGAACACCCCGATGAACGTAGGACAGGGAACCACGTGGTGTAACTTTGGAATGCGTCAAAGACTTATACCAAGCGCACTGCCGACGGATAATCTCGTCCCGGTGCTGCCATTAAGACTAATGAATAGTCGTCATACCTACGGCGGACGGAGTCAATAGTGGTAGGTGGGTGCCATAGTTTGAATGCTATCGTCGTCATGGCTTTGATAGCACTTTAAATCCAAAAACGCCCGCTCT,1978,49.34,Caenorhabditis elegans
SEQ_617724,ATCCAGAGACGCTGGTTCCCGGAGATCCAGAGCTTCTACCCAGCTGTCGCGTATGGGGGCTCAGCGGTGGAGGAGCCCTGCATGACATATAGCCGTAGTGAGACGAAAAGCGCGAGCATACGATATGGATAGATTGGAGCCCAGAGGAATGCCATCCCGGTATATTCAATACATACCATGAGGCCAGTGTCTTGAAAGGTTTATGCGTCCAAAGTCGCCTCCCACTGGAGATAACCCGAACGGTAATCGTCTAAAGAATCGAGTGCACTTTTGCCGGTACTTGTTGTATTCTGGGCCTGTAATATTAAAATGGTAGGCAGGCCATAGGAAGAGCGCCGGTCAGGACCCGCTCACCAGAGCCACCCCGACTCGTCTACAACCCTTGGATTTTGGGTGTTATGCCTAGTATTGGCCCAACACAATCGATAGCGCCGTGGACAGCAGGCCTATGGCTGTCTTCTAACGAGGAATGTGAACTTAAGACAAGCAGCCGTTCCATATAGAGGGTCAGCAGGCCTTTGGACGATTGTTGTTGTTTCCCCATTGCCCTGGGCCGTTATAGGCTTCCTATTCCTCACGCAATACTTCACCCCAAGGCCTCGTCGGCCCACGGAGCATTACGTATACGTCGAGCGG,636,52.83,Escherichia coli
SEQ_118026,CATGACAACGTCCTTGTCGGTATTGTACAAATCTTCGCATGGCCCAATGACCTGGTCTGAGTAGGTAGTATTGCTGGTTACTGTGCACTCCATTTCGTAATGCCGAGTGGTACCCAGGAGGGGCGCTTGTCATCACTTATTCTGCCGTCCAGAAGCTCGACAGAACTTACCAGTGAGCCTCACAATCTTTTACGGTCGTCGAAAGGATGCTTTCTCGCACCCGACTGCTTCTATAAGGCGGGTCTAGGCTCTGACGACCCTGGTATTGAGTACTCTTGGATCAGAGCGGCAAAAAGGGAGGTGAGCGACCATATGAATAAATGGCAGGGCTCCTAGTCGTGTTTTGCCCCCTCAAAATCCAGGGTGTATGAAGCAACATTCCTGGGGCCGAGCCAAAGTGTCAAGCTGTTGCCAACGAGTCCATGAACTCCCTGTCTGAGCAAGCTATGTGTTTTTCGTGCGAGCTGTCTCGTGAGTAATTGAAGGCCCTGTCTTGGTCAGGTAAGCTGTGTTTTGCAGAACAGTCGCCATGGTCGTATAGTAGGGGTCCGCAATCCTGGTCTGGCATTATCGAGAGCAGCACGGTACCTTTAGGTCTCGCAGAGCGTACTGTGAAGAGGGGGGGGCAAACGAAAGAATGGGACCCGGAGCAAAGGCGCGTTGTATTTTAAAGTGGGTAGTGGCGGGTTTACTCATGGGGTATATGGTCGTCTGACTAGAATGCCTACTATCTGCTACCAAAGGGGGAAGTAGGCGATAGAACCGCATCAGGCCCCGAAGGACGATGTTGTCGAGTTCAAATCGAAAACGAGCTCAGTCGCCCTCCTCTAAAATGACGTTTCGGCTCACGCCGAGACTGTCAGCCTTTGATTACCTGAGGGAACCGTATTAGCTGGCTAAGTTTTTATTACGTTTACTGGTAGAACTCGAGCGAGGCTATATCTGGCAAGAGGTTCTTGCCTCGGTTCTCATCAGCAGCCAAATGGTGTTGTATTCCTTCTTTCGCCTGCAATGGCTATGTGGACAGTAGCACAACATTTCGTGGACTGGATGCACGATATTACTTAGTCCCGGCACACGCAACGGGAACCAGTTTCACTTCCGCTAAGTGCCTCCACTTCCACTGGGGATGGCACCGATCATAGTCAGCGTCGTTGGGGAGTGAATTCGAGCTAGTATGCTCACGCCCGCGAGTGACGTTGCTTGTGCCTCCCT,1215,51.52,Homo sapiens
SEQ_843510,ATTCCGCACAGACCGATTTGCGCACGACTGTCCTAGAGAGACAATGCCCGGCTGATTATAGAAGTTGTTTACTCTTCGCCGTTGCCACAGCCGGGTCACGTGCCTTGTATACACCGTACTTTGGGGCAAAGATCGTATAGGGTGCCATGAGGGCTAACTGCACGCGAGGGTCAGGTTCTGGAATGCCAAGTGCAGGGATGGGATTTGAGAGTATACGAGGGCGGAACGGAGAGACGCTTGCTGCTGAAGATTCTGTCGGACATGCCAAAGAAATAATTCACGCAACTCTGACCTATGGTGTTAAGCTGAAAAGACGCATGAGCCTGCTGGGTGTATATGACTAAATTTGTATCCTGGGGCGCGAGACAAGGCCCAATCGGCAACTACGGAAATGCTGCTTGCGATAATGTACTTAACGGTTTACCCCGTGAGGGGTACGACTCTCTGTCCTATTCAGAAAAGACATATCGATCCAGCGCGCGATCTTTCACTGGGTCTACCAGTCGAGACCTACCGTGAGCAGTCGCTGCGTACTTTCTTTGTGAGATTCTTACGAGTGGTTCGGATCTTCTCTTAATTATTGCTCACTCTCCATGAAAACATAATGCACCATGGACCAGCTGTGTATACCCATCTGCTCTATCTGGCTTTTACCGCGGCACGCAGTGACAAATAGTGTCGGAAGTAGGACGCACTTCCCGCTGTACGCAGTCGAGTTAACGTATTACTAGGACCCATAATGCATCAACCTTACGTAAAATTCGCGTCGACAAACCAAGCGTGCCTGAAACGGCGCTCCCGCTAACATTTGGGGACGCGAGACTGATTGTGGGGTCTGACGAAACCGATCTCTCAGCGTGACATGGGACGAATGTTCACCTTGGCCGGTGGTAAGACTGGTCAATAAGAGTTAGCACTGATAATCAGGGTACCTTCTTCAAGAATACTTAGAGTACGGCCGTCTTTGGCTTCCACCGGTCGTTAACTAGTACAACCGGTTCATCAAGGTGTGTTGATCGAAGGTGCTTTGGGAAAAGATGTCCTGTCTTCGCACGTAAGCTGATTG,1066,49.91,Saccharomyces cerevisiae
SEQ_719216,TGGCGTGCGCTCGGGCTAATTTCTGCGTGCTGATTGACGCCGTTGCCGCGGGTCGTGAAACCCAAGGACTATGCCACGCGAAGTCCAAAAACGGGGCTGGGCAGATATGGTCATCACCAGGTCAGGTCTGAGAGATAATCCTGCATCATGCTTTTGTAGTCACTTCAATTAATACGAGGCATGACCCTTTAGCCTTAGGGCCCACGAGCCCGATCCTGGTGAGAGTTTGGCATTAGTCCAATGGTTATCATCAAACGTGTAGGTTGGGCAGAGTCCTATTTTGGGTGGACCGGGCTGTCCGGGTCCGATCATACGCAAACACCTCAATGACATCAAGTGCCTTCTTCTATTACAGACAAAGGAAGACTATGTAGCCCCTCATACTCCGGTGGAACTCTATGGCCCTTCTCGTAGCCGTCGTATACGGCCGAGCCGGTCGTATTTGCCGGTTCCATAGGAGCTGCGCCATGGAACACCTAATAGAGATGAAGGAGGTACAGTGCTTAATGTGGGACAGAAGATTATCCGCTGCTTATGGTCTGTCTCGCCGGCCCATCTCTAGATTGCGTCATAAATTACGAATTAAGAAAAATGCTACGCGAAACGGGAAACATGGAGAGAAAGGGTCCCGAATGAGCAGTTTCTCTTATCGGGCAGCTCGCGCCGGCCTACGCTAAGGTAGTGCAGTATCTTTGCGAATGGCCACGTCGTACGGGCAAACTGTGCAAGAGCGAGTGCGAGAATTGGCCAAGGTTAACGTTGCGAGCGTAGTCTTTACGCGATAGGACCCAACAGATCCTCCACACAACGCCGAACCCCTGCCGGGAGCAGTATATGGAGGAGCGGTTTGATAACAACATGATGACAGTGCCCCTCCCATCTCGGGTCGTGGGTAAATGGTAAGCTGAAGCCCGTGTTTGCCCTTACCATCGAAGTCTATACCGATCCGTATACTTTATCATCGATGCCGTAAAAGCCAGACGTTCGCAGAATGTGCTCGCCCCACTGTGTTTGACTAATTCGACGGAAATGCGCCCATGACTTTAAAGCCCGAGCTCGACCAGGATGGGCTCCATGGGGCGGGTCTGCTGTGGAGGCCAAACAGTCTGTCACTTATTCTAGCATGAGTTTGGAACCAACATTCGAATGCCCCACAAGCGCACTTATCTATGCAGGAGGAGCCTCAAGCCTGCAGGGGCCCGCAGTCTGTCGTGAATTACGTGAACCCAGATCCAGCTCATAAAGGTGGATGCGGGTGCTATCTGATTAATCCTATGGGGCCGGCTGGCTGCAACTGACTCCGTAAGGAGAGCGTAGAGCCGGTGACCCGTTCAACGAGATTTTTTAGTTTAAGCATCCCCTGCACCTCGTCCTCGATTGAGAGTGCAGAGAGTGCCAGTAGTCACCTCCAGTTTCCTCTATCACCAAAGGGCCGCCTAGCGCGGGCGACTCTGCGGGCAAC,1462,53.01,Saccharomyces cerevisiae
SEQ_616670,AGAGGGTGGGAGAAAATATGACAATCAGAATGGTTGAAATGATTAGTCACGCCAAGGTACGACTTAATGGGATTAGACAATAGAGCGGGCCTACAATACACTGGGAATGGTCACCTTTGGTCCTTCGAACGACCTGTTCACGGTTCCCGATGGCATGAATAGCACAATGGGTAGATCAGATGCGAATGTCGCTGCGCCTAGGTTCCGGGGGCTAGCCGCCTTTAAACCTATCAGAGTTCCACAGCGTGGTACAGCACTAACCCGATGTCGCCGGCGACCCGCACCCTCTAACTCTCCCAGCCACCTTTTAAAGCCATGTGTAGGTAACTTTGTACTGGCCGTTGCCCCAACAAATTCGGGTATCAACGGTCAGAATACGGTCTTCTTTAATGGGGATGCCAACAAACGCACGGATAACACGATGGAAAGATCCCGAGAGAGATCCAAAGATTCGAAAGATGGCTAGTCGGTCACGCATATTAGAAAAATTGGAGGCAGCTACATATGGATATCGCTTTCGCGAGGAGCGTAAGGCACTAAATCCCATTTTTGATATCGATCGGAACAATGAATGCGAAACTCTAGTTGCCATCAAGGCTGCACAGAGAATACAAGACAAACTTCCGTGCACGAACGTCCCGCAGCTGTCGACATAAACTGGGAATGCTGTTTATAATCGGGTTACTTAAGCACAGCTGCTGTTGGAACGGCGTCGGCCAGGGGACGACGATCGTCGGTACGATATATCGAAAATCGCGATCAACGTTGCCATCTTCTCAGACAACTTGACGAACGGAGATAGACCGCGTGTCGTTCATACAGCCGGAAAGTTTGAATAAATCTATCCACCATAGGCATTGTACGCGTAGTTGAAGGCAAGTCGTTAGCGTCCAGCGGGACTCCTACGCCGCAGTAACACCTATGCGGTCCGACAGTCTGGATTGATAAGGTTACCTCGCTTCCTGGTCGGTTTGGCAGCAATATCTAGAATTCCTTGAATCTCACAAAGCTTTGCACAATGCAGCATGAAGAAGTTGGTTTTCAAAAGTTGTGCTATAGTTGACGGGCCCGGAATGCCGTACGCTGGAACGGCTTGAGGCTCGCGGGCCAGGTGTACACCAGGTCCGCGACATCGGGCGAAGAGCTTGAAGAATACTCAAGAGGAAAGGCGTTGACAGCCTTAAAAACTGCACGTACTCGGATGTGCGAACTAGTGAGAAGGATCGGCCCCTGACCACCCTGGAAGCAGCCCCGTCCTGATATCTCTGAGATCGGTTCTACGGCTGTGGCGCCCATTCCTTACCAACTTCACTCATGTGCACCCGAGCTTAAGAGTAGCCTTACAGGATCTGACTTGCTGTAATGGCTGGATAAT,1375,50.11,Drosophila melanogaster
SEQ_137517,GGCGTTTAACACCCTCAGACCTTCGGTGACGGTAGCTCGGAGAACGAAGTTTAGTGCCGCCAACGGACCTGTGATCGTCCTGCGGCCGAATCTGTCGACTAATAGTCCTCTCCCAACCTGAGAAAAGCCTAAAATCTACAAGGGCGCAATACTTGTAATGTTGAACATGTGGCCAGGATTACGACTTAGCGTATATACTGCAAACCGGACTCCCGTTCCATACTCTGTTCGGGGCCAGTTGCATGCGTGTATCCTGTCTGCAGATGGCGGTGAGTCCGCGCAGCGTCCAATGTGATGTGAGCAAACCAGGCGGTGCCGACTGGACCGTCTATCGTCCTCCTCGAGTTTTCGGCAATTTCCAACATCTATGAAACAGTCTAAAACTAACATCCAGATAGCTGCGGCTAGAGCGGTGTTTACAGCCCTCATTCGATTGTGCTGTGACCGCTGAAGATTGGGGAACCATTGACTTCTGCAGACGTTTCGAGAAGTAGTGGTCCGATACCTTCTTCTGTCTCCCACAAGCGCGGGAGAGGTGTTGATGTTGCTAAGATCAAAGTTGCCAGCCGGTGTAAGAAAAAAATCGTGAGCACAAGATCCCGCCATCACCATCGGCAAATAGGGGGCGTGCTCTCATGTTGCCCCCAGAAGTGCTCAGCGGCGAATCGACAGTTGGCTTGGTCAGGGAGGGGACTGGACATGATTTGCCTATATGGAGGCTTCTTGCATATACGCTACTAGGCTGGGGTGACGGCAGACGCACTATCGGGCAGACATGGAGACGTGCAATACATCAGTATTAGTACTTGATAGACCTTTGGTATGTCGGCGCCCAAACATTCATGAGGGTAACGTTCCTGTGAGTAGACCATGGAGGATCTGCGAGCTGCTACGCGATTGTTAGTTTTTCCACCGTCAGGGAGGGCGCCATTTTTATCACCAAGTATCTACCCAACGTGTTAGACCGGAGAATCCACCGGCTACAGGAGGCCAGCACTTGCTGGAATCGCTCAAGTGTACAAAACCTGGTGAGGACCCACGAGCCATCCGTGACTGACCAAGTCTAAGAAAGACGACGCGCGGCTATCATCCCGACGCCGTCGCTAATGCCTACCGTCCGGTCCTGCGATTGTCTCAACACGTCAGTTATCCAGCTGGCAGCGTCAACGAAACCAAATCTTGGGAGAGGATAGGATAGGAGATCAATTGACAGAGCATGTCCTTTGATGTAAGGAACACTCAAAGTACTACTCTGGTCCGCACCAGGCAACCTTTTCTTACAACGGTCAAATTTCCTGTTATAGGGATTGCCACTAAACTTGGTGGTGCAGGCCCTCGTGGTTCTGTCC,1349,51.82,Mus musculus
SEQ_880694,GACTATCGAGTGGGTCGCGGAGGTCTAAGACATCGCGCGCACATCAGACGTTTTGGTATTACATCTTTTAGATGTCACGCTAGATAGCGATAATTGCAGTCGCAATGTAAAAGTACAAGGACTATACTACCCGCACGCCGGAGTTGGTTTGCCATGCGCGCATTTCCCGATCGAATCCTACACACAGATACTGCTGCTCTCATTATAAGACTGCATGCAGGCGGAGGTCGGCAATTAGCGCTGGTCGAGAGAGCCGGTTTTCGACAAGGGAGCATAACCTTTAGTAGGCCTGAAGGGGGCGTGCATTCGTTCCCCTCTCTCTAGCTATCCCGCTTCCCTAAATAGATCCTGCTGTTCAGTGTAGGCTACGTCGGGAATGATGCCCGGCGTATTCCTGATGTTACCTCTTGGGACGCCGGTTGCTACTGTATCTTGTGCGTTCGCTGCCGTCTTGGGCATTTGCAGGGCCGACTACAGTTCCGAATTACTTTCCGCTCCTCCATTATGTGCGAACTAAATGGGCGTGAACACTCTAGATGCTACGTGGCTGAGAAAGGAAACCCGTCTGCAATGTGCCAGATGTGATTTGCGCAGGGTAGAGGACTAATTTATAACAGTACACCGGTCCCGGAGTTCTTCCAGAGTCCGGAGCGCAATCTCAAGATCGCGGTCTTAAAGGTTGTACTATACCAAGCCGTATTGTAAAGGGGCAGCTAGTGGTAGCCTTCCATATTGTAGCCGAACACGATCCCTTTTGATATGCATGTCGACGTGTAGGGCTAAGAAAGCAAACCAACTCCTATTAGGGCGTACACTCCATCCTCTTGTCATTCGTGTCCGAGCACTGTCCTTGGCACAGGCCTCTAAATATTACCTTTCGTGCTTACATCGCGATAACCAATAGCGGGCGAGCGTTACGCCGTTGATTCAGAGTTGCACCGGAATGAACTAGAGAGGTAATATGTCTGTCGAGAATGACCTATGGGATGTCCATGGAACGACAACCGCAGCGGCCTGTTATTTGCCATAAACAAGCTTCCAGCTTGACTTTTATGGCCGCGCCCGACCGCTGACAAATAAGCTTCAGCACGGGTACATCCCGGTTGTGACGGGTGGAAATAGTGTTATTGGCAGATCTCAACAAAAGCCTTCATTTAATGCCGTTAGGCGTGATCCG,1177,50.38,Caenorhabditis elegans
SEQ_468231,CTTCTACCAATGGCCTCTACCTCATGTGAAGTAAGCTTTCTGGGGAGCAAGAGACTGAGACGTCACCTCCTTCCAGGTTTTGGGGGACAGTTCTTTAAACTTTGCTAGAATCCTGCGGTTGTCTCCGAGTCGCTCACTCGCCATAAGTACTCGCTCCCAACTTTTCTGATGGTTTCAGAGTATCGATACTAAGAGTGAAGTAATGTCACAGAAGGTTTAGA,221,46.61,Homo sapiens
SEQ_262225,CGCGCTCGGCAAGTGTACCGCGTGCTGTTCATGTATCAGGTCTCAAAAGAGACGAATTCACTCATTCGAGGATTACACCTGTAGCGGATACACGCTACCGCATACCCGTATGCAACTGTCGTGAACGTTCACCATGCAGGAACCGATTGCGGTTTCGGACCTCAGTGCAGCCAGTGGAATTAAGCTTGCCGACGCAGACATCAACCCGATGTCGTGAAACGAGCCTGAATGTCATGTAACATTGCTGTCTAATGCGGCCGAGGGAAGGGGTCAGATCTGGTTCGCTTTAGAGTTCCTCCTGTTTTAAATGGAGCCCATCTTCGCCATTGTTTTCACGTACCGGACAAACCACCTTTTGCCAACGGCAATTCACGGGAACTCGCCGATGCTACGGAGCTCCCACATCCGTCATTAAAAGAGTCCAATAGGGCAGGATATCCAGTAGCAACACCTGACCCCTATAGCCCAAGTCGCGGTTTGGTTGATCTATCCTGGCTTGTCCTGGGCCACCAAAGATATTGGGGGTCCAGAACGCAAGCAGGTTTGGGGGTTACGTAGTGATCACCGTGTGCTGCTTTGGCAATGCCTCCATTCCTCTGAGAGCGAGTATTTACTGACCCGTGGAATACGAAATAGACATGCGCGTTCATGGTCGCCCATGAGCATACTAGATCACGAACGACCGGCGTAACTGGCTATGAGTTAATTGTCAAACCGTTGAGGATAACGCTTTGGGGTAGGATTACCTAACTTTGGCTCGCCCATTACTAATATCTGAAGCTCTCGCCGTTTTAGCATACACACACATCAAATTTATCAGTGGGCCTCTGAACAGGCGCGAAATAATGAAGACATTTGAGCATTAGTGTTATAATGTGTCGGGCTCTCGAGGGCGGCCGAGCCCTATTGTACCTCCAGTACACTGCCGGGCGGTGCGAGCCCCAATTCTGCTAACTTTGTAGATTCAAGGGTGTTGCCCATTACTTGACTGGTGCATAACACATAAATATGCAGTATGCACATTAATTTTCGTCCTTATTGGCTCCACCAGTGTCGAACACCGTTTCCCTATGCACTCGTGGAGGCACAACAAACGA,1097,50.05,Saccharomyces cerevisiae
SEQ_459324,GACGCAAGTAAAGATAAAAGTCTCGTATGGGGTCCCGTGTTCGCGCAAACTTAGCCATTCTCTCTGGGGAGCACTCCCAACTCGGTCCGGTGCAGACCCAGACCCTGTCCTAATACACACTCACATAAGGAGCAGCGTCTAGTTACTGCGTCTTTACACTCAGTGTATCAGGGCAGTTAATTCCAGGGGATCCTCAGGGGCGGATGTAAATGATCACTGCGCAGAACTCACCCTGCTTTCGGACAAGGTAATTTACGGTGGAAGTTTCACATCGCTACTACCCGCCAATTCATATCCTGTAGTAGAGTTCTAATCTGCCAGCCCCGTATGCATCTCGTCTTAGCTTAGATTTGCGATTCATTGTACAGGAAAGCTCTGTCTCTTAATTTCAATTGACCAATCCCCCGCACTTTTAGTTTTTGTATTAATGATTGTCTTGTTTGAGGGGTGTGGCGGCGGTGCTGTGCAGCATATATGAAACCCGTAGTAATATGCCCAGCTGTTCGGACAAAGAGGAAGAACCAGGAGACAAAGGCGATTATTACGATCTCCGCTTCCGTTCGTGTTTGAGATCAGGCAACGTTGTAGTGAAATGGGCGGCTTGTGATATGTCTGGTAACCTGAGATTCGATTTCGATTCTCACAGACAATTCCTTAAGTCAGAAAGGATGTCCACCGAGCTATAGGTTCGCTCGGAGTGAAACGCGAGGC,711,47.96,Saccharomyces cerevisiae
SEQ_779742,ACTCACATCGCCATACAGATCATGTTCATCATCTGTCAGATGGGGCGCGGTCGAATATGAAAATAGCGATCTTTACTAAAGCATTGCCTATCGGGATGGGTGGATATGGGACTACTTCGGGGGACCACACGAGGTTTTCGTCCCCTCAAATTAAGCTGTCAATCTTTTGGGTAGTTCGCGAGTTTGCGTACTTTACTCATATCGGCGAATTTTATTCCCGATGTTGCACGTCCGATCGAAACTTTCAGGAAATGGGGCTCTATTGCTGGTATTCGGCAGAGGGAACGATTAAGGTGCTTCTATATAATAAACCACTAACGGGTAACTTTTCCACCTCCATCCTAGCCAAACCAGTAAGTTTGAAGCGTTTCGTGGACCGCGAGGCTTGAAATGATACTATTTCTATGGCCTGAGTTCTATGGGGGCCTTGGCGTAGCGGGATCGTAACAGGTGGGAGACGATGGATCAGGCCTAGGAGGGAATCTCCGATGGGGAGGGGTCTTGGACCGAGCGTCCATGATCACTTCCTCTCGATAACTAGGCCCGGAGGCAGCAAGCAAAACGTGTTCCTCCCCCAAACCTCTACGTACTTTAGCTCACAACGGCGGTCCTAGGCACTCAGCTCGAACTGCGTCCGAACATAATCTAAATCTCCGGGTGCGAAACGACGAAATATTCAGTTCGTGACCGCTGTCTATGAGACAAACGTCATTAGGACCGGTGCCCTATCGACAAAAACTATGATCTCTCACTGTCTTCGTATTTCTGTCGGCATGACTCGGGTTCGCTAACTTACTCGCCAAACAGTTTTTGCCACGATTGACGGTCGCATAGAGCTGAAAGGGAAATGCTTTACTACCATATTTTACAATCTCGGCCCACGGTTAATATTTGTACATGGGGATTAGGTCCTTGTGGTATTACCACTACCCCGTGCGGGGAGGGTTGGAGAAATCTATTACTCCTGGAAGAGCCCCGTTTTCTGCTTCGTCAGCGACTAAATCGTCCTCTATTCGACGGTGGGTCACACCCGAAAATCTAGAAACCGTAAACTCTTTATGCTCGTGCGACTCCGGATGACTGCTTGGGGATCAAATATCTGACTCCACTGCTCGCAAGGTGGGATCCCAACGCCCACGCGCAATGAGTTACATGCGTCAACCGGCACATGTTTTATCATGGGCGTTACCGTGCGCTTTAAATACAACATCCACCCACCAATCCTTACTTCAGCCGGAATTGGGGGTGACGAGCCCTCTTGGATCGCTGTCTTCTTTTACTTTTTTTTCCCTGCTCGCCAGTTGTGCACTCAGAAGTATTAGACCGTGTCGGGCTTAACGCTCTTACGTATGAACCACTTCTTGACTGGGTGCACGTGCATCTAAGTTGTGAAAAGCCCTGTATACGTGGAGACCAACGCGCGAGGCTATACTGTCAACATATTAGTGCGACCGGTAATGGTCTGGGATGTGGCTATCATACACTCGCCATAAGGGCTCGTCCATACCTATACATCAGAGATACCTACACGCGTTTGTATAGAGAAACAGAATCACGGGGGGCGCGAATTGTGTGCTCATATGAGACGGTGGAACACTGTGAAGCCGGATGCTCGGAAAAGGATTGTGACGCGCCCGTAGGCTCAGAATGAAAATATGCCTCCCCGTACTCAGCACAACTGATAATAGATGTGTGGGCACTTCAAGATTCGCTTTGAGTTTACTAAATTACTTAAGCATCTATTATCGTTAAACTCGCCGGCCGTATTTAGTTTATAGACCGCGGAGTGGCTCGCCTTGGATACCCTCATCGGTATGCAGGGAGCGAGCTCTTATTATCTTGCACGCAATCATCACTGCGCTACAGAGGGCGTTATAACGGCCGTGTGGACACAATTTCTACTCAAATGTAACC,1914,48.96,Arabidopsis thaliana
SEQ_386139,CGCATCCCCTGAGGGTCTTTCGACCTCAAGCTCGAATATGTTGAGACTCGCGTCTTATATGGGTGTCCGATATTCCCGAATGTTGAATTTTCTCGGAATAAAACCTGCAGGAATGTTAATATAGACCCTAGAATTATTATGTGTGATACTCAAGTGCTAAGACTCGCGACGTACGCGTTCAATTCTCGACCGCGTAGAAGCTGCGTATCAGTTAATTTGAAGGCAATATTAAACTCCGGAAAATTTTCAAGTGCCAGCTTTGGACCCCAAAGTTAATGACCGCTTTTTAACGAGATGAGTAATTGGGGACTCGTTGCGTGGCTGGGGAATGACAGTGGCTCCGAACTCTCCTCAACAAGCATGCCTCAAAAAGTTCTCTACACGAGCTAACGAGAAGTATATTTTTATTAACACCGGCAATCGAACCTCCGCGACGAATGATACCCCGGTTAACGATCCAGTCGGGCTGAATCACCCTTAATCATTACGGCCGTCATAACCACCCCATCAGTTAATCTTATCGGAACGTCAAAAGTCTGGTCTTAGCCACATGCGCAGACACTCGACATTGTGGAGAGGTGAATTTGTGTCCTACCATACCCATACCAGTCGTATCGCTTAGTGAGTCAATACAGACTCACCCACTCCATAGCAAGAAGTCGGCAGAGCCGCCATCTACCTAGACTCCGGAAGCGTTGAATCATCGCGTACGCTCCAACCCGCTGCATCAAGCCCGTACACGCGCTGTGGTATCCTGGCTCCATTTCTTGCGTATTACGACCAAGGAACGCATTAGGGGGTGAATGATAGCCTCAGAGTAAAGCCCCCGCCAACGGGCCGGATGCGTTGGACGTCCTGTCTCTCGCTTCCCCTCTATAAACGCACACCGCTCCCGCTCTCAAAGACTAGGAAGATCCGGACATTGCGTAATCGTGAATCTCCCTTTGCTTTGAAGGATAGCAGCTGACCCAGTTTAACATCGACGCATTGGGTTGCTTAAGGTGATGCATTATAACGGTGAAAGACAGTGGCCAGCAGGTGGTGGAGCAGGAAGGCGAGAACAGTAGGTCTCGTGCGCGAGCGTACTGCCTTTCCTCCCTGCAATGTCCACAGCCGTTACCATTTACATTTTCTGAAAAAGTATCCTTTAGTTACCAGACTCTATGTCGCGTTACTGTCCTTGTAAGTCGGGCGGAAGAGAGCACCGACTCAGCATATGACTATCCAACAACGTAAGGATTACGATCTAAGATTCTTTTTTTATCTCTTGCCGCGGATGAGCAGGGATGCACCCCTCCCGGTTACCCACGAGTAGATTGAGTATTATCGGTAAAGATTTCCGAGCATCAAACCAGTGGTATAGATTCTACGATTTCAACGTGTACCATCACCAGTCATGTATGCGTCAAATCCGGAATAACCGCAAAGTGTTCTTCGTGCATTCCATTGGTTCATAGCCCTCTCGGCGGGGTCCCACGGCACGCACACTCCTCGATGGGCAATATGCTTGTGATTAGGTTAGTCGAAAGTGCTTTCTGTGTTTTAGACCGGGGCCAAACCCTCCTGCAATATCAAGGTTACCTTCT,1586,48.68,Homo sapiens
SEQ_770456,CCTACAACACATTTCGTGGCACGAGATCATTATCTGCCCCGGCGGACTTGCCATAACCCGCGAATTAGCTAGTCAAGGACACCCGCGTTTCAGCGGTACAGGCACTAATCACTAGAGGTGTGTGCTGTGTTGGGTCCGCTAGCATCATACGAGGCATTTTCAGACGGAGTGAAGCATGATACCTCTAAAGAAAACCCCCGCGGCTGTAGTTGGTTGACCACCACAGTATCCTTCCTCGACCGTATCGTTTTGGAACGTTCTTGGTATATGTGCCCAGCAGGGTTATGATTTAGTTCGCCGCTAACGCCGGTCCGCCTTTAATCCGACGGCACCACCCGGATAACAGACGATGAGAACCCGTTTTGGAGGATAGTGGAGTCCGTGCGTGGTAAAGGCAATGTTGCTTAACAGGCAAGGGTTTCTGCGAACTTACCTTATACGCAGGCTGATTCATATTCGGTCACAGTGGCGCGGGGTGGTAACGTAAGTAGAGGCCATTGTTCCACCAGGAGCTCTCAACGAAGGATCGACCTCTTCTCGGGGTTGCCCGGTTTGCGGCCAGATCCGCAACCACGAAAGGCCACTTGGATTCTATTAATGTAATAAGTTGCGTCATTGCATGTCATCTGCTGGTCTTTTGCGTACTACGCTGACCTAATTCCAGATAGCGCATCAGATCCTACCCCAGCGACATGGACGGCTCAGATCGAATTGGTGACCAATTATTCCAGTCATAGGCCAGGTGACCCAATAGTCTCCTTTGACGGAAAATCCCAAACAGGAGAACGCCAGTCAAGTGTCGATTAACCTGATTCTGACCGGACGCAAGGCTGAAACTACTCTCAGCCGGGCTGCCGTATCCAACTTTGGCCGGACGGCTCTAGGCCGCAGAGTCCGCTTCCGCGGCAAAAATTTCAGATAGAGCCCCTATCAGCACGTCGGTAGTCTAGGCGTGGATCCTCCCCCTGCCTGAATATTGATTAGGCGACCGGTAAACCCGTGGTATGGCTAGAGCGCCTTTGTTCACATAGACGCCGTGCCTCCGACATAGTAGTCCTTGAGGCCCAGAAATCGCTAGCCATTATTCCTTCTCTGTTGACGAGTTTGTTCCAAATCAGAACCTGATACCGGGTACATGACAAGACATCTTCACTCGGTAGCGTGCTAGCTCGAGAGCGATATGAGGCCTTGCCCGGATGGTTTACTCGCTGAAGGACTAGTAGGAGGCCCTCAGGAATCTGACGACAGCTATCTTTAGATCATCCCAATCCGTTGGCCCCAGCAGGATAACACGATGAGCACTACTCACCTGTTCCAACTCTTCATGCCTGTTGCCTGATAAAGCGCTCTAAAGGCGAGAGGATATCGTGACATGAATGAGTACATTAATTTAATCCCGTGTAAGTTCGTGAGAGGTGTTCTGAAAGCATGCGAAATGGTACGTAGCGATTAGGGACCGCGCGTCTTTCGGCCTGACGCCGAGCCTCTGCGGGTTAGAGCTCGAGAGTGCTGAACCCTACTCGATGAAGCTGCCGATCAGGCATACGAAGCGGCCGCCGGCGGGGAGTGAGGCCAAGCACTCGTTTGTCACAGATTACGATTGACACATGATGAAGATTCCCGCTTCGACAGTCGTACGGTCTTGGAGTGGTTTATCCGTGTTGTTGAGTTTTCGGGCTC,1680,52.2,Arabidopsis thaliana
SEQ_175757,CTTAATCTGTGTCCCGGCTCGTGGCGACCTTACTCGGTCACGAGAAGTGGCACAGATCTTCCGTTAGTTCTGTTTGGTTATGCATTACCGTGGGGAGACTTAGGCGTTTAGGCTGCTAGGACGTAGCGCTATGAAAATATTTACGGCCGTGGACTATGCTCTTATCTGGTGACCCTGAATCGAGGGGGTAGGCTGGCTTGAATGACCGCGACCAACTTACTGTTGCTACAGCCGTGACAACCACACGGCCGAGCTCACGAACCCATCCCTTTTTCTCTTAAACGCCTTTTGGCTTGAGTGAGATGAGAACTATGATACGTCGTTCCTTGAATGGAACTGCGCCACGGCACCTAGACCGCGGTCCCAACCTCCAGTCGGAGTATTAAACGCCAGTTGTCTCTCGCCGGGAAAAGTCCCACAACATTTGGATCGCTGCACAGGATAGACCCACGGTATCCACCCCCCTCTGGGGGCGTATAAGTATGATCGAGTATCGTCGCCAGGCAGGGAGTGTTTTCCCCCGCCGTTATAGACCTTTAACTAGGATATTTGTCTATTTTATTGCCCAGTTACTCATATAATGTAACCCATGACGAGGGTTCGTGCTCTAGCAGTTAAACATATCAGAACTATACTAAGCTTTGTGAGAATTGTTTTAATTATGAACATCGAGCAGTAAAAAATCCTTAAGCTGAATCGAGAATATTGTTCTAACGACGCCTTGATGCTCCCTCCCCAATGTCCGGTAACAGCTCAGCCATACTAATTTGCTCCCGAGTCTGCCGTCATAAGCGCAGAGTCTCCCTACACCTTAAGTGGGCGTGGTACAGGCTCAATCATCTGGGAGGTCGCCTGTCTCGGCTATGGTCTATATGAAGATATATATATGTCGGAGTTAATCACGTTCGTATAAAGGCAATTGCATTCCTCTTGTTTACATCCGAGTTCTTATATCATTGCAAACATTACACACGGCCTCGAGTCGCATGAGGGCCAAAGGAGAAGGAATCCCGAGACATTAGCAGGGCCAGATGTGGTCGAAACTCAAAGCTCGCATTGCCATTCCCGGTGGTAGACCGCGGTAAATAGATACACCGCAGAATGACACCAGCACGCAAAAGCTAGTACGCTCCGGACTGTAATCAACCCGCATACTCGTTAGACTCTTAGAGGCGTACGCATCCTTTCTCGCCCCAGGAAGAGGTTACCCCCACACCCGAATTGGACCAGCAAATGCTTCTGTAACTCTGTGGGGAT,1257,49.24,Arabidopsis thaliana
SEQ_151074,GCGCCATTTGATCCAGAGTGCTTTGAACGTGATCTGATCGTGTACTTACATATGAGCGTTGACGCTGTAACTATTGGGAGCTTCGATTAAGACGGCTCGAGGTCTGGAGGGTGGCCATTCTATTCGCATTCTGCCATAGTACCATAAGTCGGCGTCGACTTTACCTAATTCCATAATGAGACTGATGGAACACGCCCGGACCATTTACGTCCGCGCCTGATGTTTGCTTCCGAAGGGAACCGAAGGCAATGTATCGACCAGTCGGTCCGTTCCAGAAAGTGCGCTAGATGTCACAGGACGTCCGGAGGATTGGTGTCAAGGGCCAAAGGGTGAATAGGTCCGGCCTAAGATGTTGAACAGATCTTGTGTATAGGGGGGGAACAGCAGTAATCTGGCATTAGAGGTGCAACCCCACTTAAGTCGCCAACCCCAGTGGATCCCGATGTCTGTATTTTAGAATGGCCTCAGAGAATGACATCACGGGCGCGCATAAGACAGATAGTACGCCGTACATTTGCGAGGAAAGTACAGGACTAAAATGGAATACTGACGCAATTTCATCAGATTAGTTTTAGCATAGAGTCGATGCAACCGTTTTCGCCATATAATATTGCACGCTGACGGGCGCTCCTGCTCCTTTCGTCGATCTAGCAAATTATGATCGAGCCTGCGAGCATTCGGTCAGAACGCAAAGCATATAGTTATCGTGAGTCTTTGGGTTTAGCTAAGCTCGTCTTACACCTGGCCGCAGCTCAAATCGGGACCTCGACTCAGCTTCGGCATCAAAATAATACCGGACCTCATATGAAGATTGCAGAACCAGCGCTCTTTGGTTTTAAGTAGTCCTCGATTTCGTTTCTCATTAGTCCCTCAAATCGAGCCGTTCTCCACTTGAGAGCCGGAAGAACAACGTTGCCTCAGGTCACAGGTAGTCTTAAACCCTAATGAGTACCTTTGTGCGTTCCCTTTGCCTGGAATATTAGTAAAGTTACACCTCGGTTGTGTCCCGCCCACTCGATGAACTTGAACTGTCCCATAATTAACAAAGCTTAGTTCAGTCAACAAAA,1067,48.08,Arabidopsis thaliana
SEQ_430199,CCCCGGGCAAGTTGGGTAGATCCCTGTGCCCGCATGGTTAAGTTGTGCGTCAGCGTCGTTACCGTTTGCA,70,58.57,Arabidopsis thaliana
SEQ_951465,TATATATACCATTCCTGAATTCCAGTAATTCCTAAGTGTTGGTCCGCATTTTATCTCGCGAACGTATGAACTAGGAGGTGGTCCCATTCGTGGGGTGAGGGTATCTACGCCCCCGCCAAATTACTACAGGGGGATCGGTGCTAAGTTGACTGAATGGTGTCAGCACCTCACCCGCCCATTAAGGCGCGTCGTTTCGGTTAAGTCAAAACGCGGCGGTGTCCGGGATAGGACTGGGCAAACAGCTCGGATGGACTGTCCCCCACTACCAGAAGGGCGAGTCTCAATGCGTGTTCTATTCTTCCAGCACATTCGGCGAGCATAACAAGGTATGCACCACTCTTGCTCAGCATCCCCCAGACGTCAACGGCACCAGAGCGTGGCTCCGAGTGCACTATCAACTGTGAGCAAGGGAGGTACCCGGTGCCAATCTTCCACAAGTACCAGCAGGCCGGGCCGAGGCTTTGGCTTTCGTTCCCCAGCACGCCGTACCGTTAGGCGCTCTTTGCGTACATTACTTAGGCCCCCCTCTCTTCCATTTCATAACTCTAGCGCTTACATTGTATATCACCGAATTTGAGTTCGGGGTAGCTAATTCGAGTCGGCTACGCGTC,611,53.68,Caenorhabditis elegans
SEQ_832090,ACACACGGCCTATAGTCGTAATGCTGTAGCTCTCGTCCATGGTCGCGGGACGACACTTCGGGACCGGTCGACAGAGATGCAATTTCCGTGCAGAACCAAAGGGTCTGGACCACATAGGGCTTCATTCTATCATAAACTTTCAGGAGGTGACGAGTAATTGATTGATCGCTTCCGTCGTAAGAACGAGGTAGCGCCTTAGACACCGGCTGGCATTTACACAGGAGCCTGTCTACGCTAAACCGCGATAGTACCATCTTGCGGATAAGCATAGTGGTGGAAACATGTACCCCTCCGTACAATTGGCTTGTGGAGAACCGAGAGTTACATTTCTATTCCAAAGTAAAGACGGCTACCTCTCTCCTTTGCTGTCGACTGTCTAGTCGTCAACATCCAGTCTTACGGAGCATCGGAGGTCGTTCTCAAAACGAATGTGGGTGTCCTTACAGTAAATCTGGAAGGTCGGGACCAGCATCCAGTTGCATTTCAGCTGGTGCCCCCGGTTCTCAATTTCAATAGGGATAGTATTGAAGGATCAATTATCCTATCCCGATATAGGATGGTAAGTTGTATGCTCCGCCCGAACCATAGGGGTGGATGCCAGGTTTTCCCAGCGAATAAAAGGTTAGGTCAAGGCGAAGGTGGGTCGGCGAAGTGGTCATCTAGCCGGCGAAAAGACCAGTGCCCTGGAGAGAGCGGAAGCAAGAGGACCCGACACCCGTCCGCAGTGTGCATAGGGACAGATGTTACGAACTAGTGGAAGTGGCTTTGAAGACTGTGCCATCGCGAAAACCATTGCCATGCTTTGCTGCGCGCTCGAGAGGCAGAATTAGGCCTGGATGAATATCACTCTTAATCCAACAGCCT,864,50.81,Homo sapiens
SEQ_138593,AGACTATCGTCAGTCGCGAGGCCGTATTGAATCGAATTCATTGCATAACTTGATTGACCCTTTTCACCGTCCGGAGACCTGATCCGTGCCAATCAATTCGCGGGGTTGTCAGGGAGCCACTTCCCTCATATGAAGTAGCTATTTATATGGTCCAACGTTAGCGACACGGAGCCTCCCGTTGGGCTCGAGGCTGATTAGCACGGGACCCCCAGGACTGCGTTTGGCTCTACTTTCTTTAGACTCGGAACACAACTACAGTCTGTTGCCCGCAGCTTCATACCTTGACAGTGAGCCTCCTTAA,301,51.5,Arabidopsis thaliana
SEQ_435558,CTTAAACTCCGAGTTGATGCGGTCGGGTCCGTACTCTCCTACCAAGGTCGAGACGGTTGAAGGCGGCGCGCACATGGTCTGCCACGCTTGTATGGAGAACGAAGGACTCCTAGTATCCATAGAATGAACATGGCCTCAAAGCCCCAAATGCATAATTTGTCTTGGGGGGTGGCAACTTAGCCGGAGGAAGGGCTCCGACCATCCGACCAACTCAGCAGATGGTCTGACCGTCGCGTTGACGTGTGTGGTACGCGTTCGTCATTTGTAGGACTGGCACCAGACCAACGCTTGTGCTATTGCCGGTCACCGCGCGGGCCGCTAGGTGCAGCGGATCTATCAATAAACTTCAGAATCTATGCGAAAGCCGCGCTGCGCGATTTTACTGGCTATTGAAAATAACTAAGCGGATATCTTGTCAGATAAGCTTCAGGGCGCGCCCCTAAATTTCCGCGCGGGGAAGAGCCGAGAAGTGTCAGCGAAGGAACCTCGCTTGTATTCGTCAAGCATGAAAGTTACTCCCGGTTAGTTTATGCCAAGCGGGTATTAGTGATCCATTTTAAATTTGCAATTAAAACTTTAGAAACACTTGCCGGCGCTTACCACATTTGGACCAGATACCATGCTGTAAAACATCTATGAAGGAGTCAAACACTGTGTCGCCTCTCCCGTTATAACGCGGGGTTTTACTGCGCCGGCGCGATCGGGACAGCAGCGCGATGTTATAATGTAACGCTTCGCGAGAGAGTCTTGCACGGGCTGAATCGAAGTTGTTGCCGGGTGGGCGTGACCCGCTCCAGGGAAGGACCCAGAAACTGCTAATCGATTAATCATTGTACCACTGTAGGATGACTCACTTTGCCTTCTGAAAAACTTGGTAGTCGTATTCCGTCATAGGCAAGTGTGCCTAGTGAGGGTCTGTTCTTCGTTGAACAAACTTAGGCTGCGGGAATCGCCTACCGGCATCCGCTCGGCGTATCCCCATCCTGTGTCCAGTCGTATTCTCTATAAGAATTAAAGGATCTATATCTTATTCGTGCTCGGGTTCGTTGACCGCAATTGAGGCTAGCAGGGCCTTCGAGCTGTTTTCAATACCGTAACCCAGAGTGGTACCCCACCGGCTTAACACCACGAGACCGAAGGAATGTATCAGGGCGTCGCTGCTGAGCGTACTAACGCTCAAGTCGACTAAGTCAATAGAAGCTGTTGTTTGATCGGGTAACGCTCTAGGATCCTCCGGAATTACCGACCTGAATTTTTGTCTCGTCCATAAGGAGGTCAGAAGGTAATCGATCCTCAATGAGCCTCCTCATCACAAAAGGTGTTAATGGTCGGGCAATCATATTCTGTGTTGTGAAATGCAACGTAGCGGACAGATCTGAAACGCTCGAGGTCGGGAGAGTGATAACTGCATTTAGCTTCACCATGAAGGACAGTGAATTTACCAGCCGTATGACACAAAGATATATGGGCGCGCGCACATTACGTAGCCTGTCACGATCCTGCAGATTAGAATGGCGGTCAAATGGACCATCCGGTCACCGGAAGAGGCGGCAAGAGCTCAAAATATACGGGTGGGGGTGTTTTACCATCTGAATTGAAAGCGCCCTCCCTGTGGTATTACAGTGCCAAATTGAACAGTTAGGTATTCCATAACATCACACACGGATACCGCTAAGCCGAAAAATAGCCAGGTAAGTATTGCTGCTTGAAAGTCACGAGTTTCTGCCATCCTCGATGTTCTACGAAATCTACCACTGTTATACGCTAAGACGGTATAATCCTGACGTCTGGGTTGTCGACAATTAAATAGGCTTGGTCATGGCCTCCGGAACCGGCCGGTTTCAACCA,1848,50.0,Mus musculus
SEQ_735210,GACGAGCGTGTCCTCATCTTCAGTGAGATCGAGTAGGATTGGCTAAAGAGCCCAGGAATAATTACATATTACCACTAGTGGTGGTTCGTAGAGTTCCTCTAAGCTCTTAGTCAACGGCAACCCATGGTGGACCAGTAGATCGGCGGGGACTTTCGGGGCTTCTGGACCGACTGTTTAAGAACCGGACTCCGCATCACTAGTAGAGTCTTATTAACCACATGGCCCTGGAACGTCCGATCGGGTGGCGAGACGATTCCTAATAGTGCCTGCAACCCGCGATTTCGGTAACCACGGGACAAATTGTCTCCTAGGGCGGTATTGGTCCTGGAATGTGCAAGCCAGCGCGGTGTTCTGATCAGTTCTCGGATAGTACATTAGTCCTTCGCCGAGGTGTGGCGGACGCTAATTTGCCTCTACCGGGCGAGTCTCGACTTTCCCACTACCGGTCTAATCAATATGTTGCAATGACTATCAACATATAAGAAACCCCCCGCCGGCGAGGTACGCACCTATCATTTAGTTGTTGCGGGAAACAGCAAGGCACTGAACAGTAGGCTAGCCCAGCGGTTCAGTAAGGACCATGGGAGTGGCATAGGACGGACGCCTGCCTCCCTGCCTGCCGCCCCACGCTGCACCTAACCAGGTTAAACTACGCATCGGGACTATGTTACCTTCAGTCCAACGTTTTTTTACCCATTCTCACTTGATGTGCATCCTGCGTTATTCCGCTTAAGTAGCGGTTTTTTCATGGGCCTATTGGCCGCAGACCTCCACCAGCTGATGCCATAGTGTTGTCCTACATAGTACAGCCGGTCTATCTCTGGCATGCACATGACGGTTCATATCAGCATACTGGTAGGTTTTAAAGCGCCCGTTTGCAAGTTTAAAGGCAACCGAATACGGGTTGGAAGTTGGTAAGACACAGATCTAGACTCGTGAACCTAGGAGATTAGTCTCTATCTGTGGCAAGATGGCCCTCAATCGGGTGCAAGACGGCGCCTAGAAACGCTCGGAATTACTAAGATCATAGGCCGAATGCCAAGACCACACGGCCGCTACACACCGAGTGAAGTAAAACAGACCTGACCCATGAATCATAAGTACCGTCGTCAGCGCTAATGTAGCCATTGACCGTAGCGATCGTTCTTCGGAGAGCATAACAGGCAAGACGCGTGCTCTTGACGCGATCCGAGTCTGCAACCGTAGGGCCAATGCAGTCATACGTGAGAACTGATGCTGCTTGTGTTGCATGTCCGAGGCGTTCAACGAATTCAATGTCTGCTTGAGCAAATACAGAAATCTTCGGACTTACTAGCCTCCCGCAACTCGACCTGTCCAGAACGCCATAGTTATTTCGCCGGACGTCTTATTCGACTAGACCATACGAACATCTATTTGAGCCAACGTCGCGGATGGCACGTATCCGCCATATGGTCGAATCGGAGAGTAGACACCCTAGGCTTATCCGGTGAGTGTACCGATTGCGGCAAGTCTAATTGTTAGGATGGAGGG,1512,51.32,Homo sapiens
SEQ_567079,GCCATAAACCTGTCGGGGTGCGCCGTACAACTCTTCATGGCTGGTTTATACCCGTTGATTTGGAAGCCGCTAAGAAGACCAGCGACGTGAGCACGATGCATACAGTGGCCAAATCGCGGGCTTATGGCCGACATTGATCGGATAGGGTCAAGAATCATGTAACGTTCGGAGAGATTAGACAGTTTAACGTCGTTCTGGTCAATTTCCTTTCTACGTACCGACGTAAAGTAGCGGGAAGGAGAGTCCCGCCCTTAACTATAGGCTGCAGTTTTGGCAGGGTGATCTAAGGGCTCATAGCCTAATCCAAATGGCGCGAAACTTGTAAGTTTCAGTTACAGGCCCTTTCGACAGGGTCCTAGCCGTTCCTAGACGAAAAAGCCCTGCATCGTCCACCTCGGCCGACGAATTGCATCACGGTTACTTGACATTTGTCTAATTTTTCAATCGATACTTGGGAATGGACTGTCCCAGTGAATGGTGATTTGCCCCGACTCTCAAGTCCCTGTTTAACTAGTCATTTCTTTAAGTAAAAACGGGACGTATTTTACTGCTCACGCGGGTAGACAAGATTACGCTACCCGCGCGACTTACTGTATCGTGTAGTTAGCCTAGTGACAGTATGGATGCGATAGTAAGATTACGTCTTTATACCGCATAATCTCATGGATTATACGAATATTAAACAGCGGTAATCCGTAGGGTTTTCGAT,709,47.11,Homo sapiens
SEQ_930839,CCGGTGCGGTGAGGATCCATGGGAGTCAAGGCAGTAGTTGCTCCCCAGTGGCTTCCTCCTAGCGGGGCTGTGATGTTGAGAACTGACCCGTTCGTAACAGAATTGATCCTAGGAACCGAGTCGACGGAGAGGTCCCTGCAGGGTGTCGTTAGCCCCTTACGGTTTCAACACGC,173,57.8,Escherichia coli
SEQ_997124,TGTCCGACTCTTGACGATGTAACTACCCGGTAGGTGGGCCAGAAGGCTTTGATTTACCCATCAACTGTGCAGATGGTAAAAAACCAGGAACTTGTTGTGACCGATTAAAGCTAACCTCACCCTAGATGCGGACTGGCTCGAATCTGGAGTAGCTTTCATATTCCTCTCGCAGAGTAGTCGTCAACTAGCGCAGCTAGCAATTGTAGTAGGTGTATCGAATTAAAGAGGGACAACAGTCGCTTATTGAGCTAAGGGAAGGCGCCAACCTGATAAGGGCCTCACTTCCTTTTAGTTCGCCACATGTCGGCAACCCACCCAAGCCCCGGTACTAAAGGCGGATCTAGGGACAAGTCTCATACCGGCCCGCTCCCGAACGCCGACAGACTTTGCGTACGTCGCGCAGTGAGCAGAATCTTCACCCGCAAAACCTGCCAACTGCCAGCTGGCCACGAACACGCGATCGAACCCTTGCAGATATCATAGGGGTATGTTTTACTATCTCTTGCATCGACCACAATTAGATCTGATGGCACTTTCGACAACCGGCTTTGTCCTCCCGAATTTTAACTGTGTCCTTTGTCCGCCAGCTCAATATCGCCTGGATCTGATGGGATGTGACTACTATTTAGTGTGTCGGAGAGTGATGACAAAAGCCGGCATATCACGCCCTGCTACCATCTTGGAATTATACGGGTGTAGTGTGATTCCGCAAGCTCACGACAGACGCACCAGTTACTGCATATGTGTGAGGCACCGTCTAACGACGCCACTGCAAGCATCTCCCAGTGAGTTCCGGCGGGACGCGTTGGCTGCTTAACTTTCTACCACACGCGTTAGTGCGCGTAGCACGACGTAAGTCAGTCTTAACTTACCGAAACGCCAAAATTCCCTCACGCCCGCTGTTTATAGAACTATGAATCCTGCAGTCCGTAGGGTCAGCTCTAGTGCACCCGTTTGCAAGGTTATAGCTCACCGTGGGCGCACGACTGACCGGCACACCACACCGTCACTAAGACGTCGACAGAGGGCCGTGAAACTTTTCTCTCAAGGCAGAGTCGCATGTTACCACGTAGAACCCGCGGAGAGGGGCATGCTGGATTATGTCGACGCTGTGTAGTAACAAAGATGGTGGATCTGAGAGCACGGACGCTTGGGGTATGTCACCATCTCTTGTTTAGACAGGTAGGGTCGTAACCGGCATCGACGTAATGAGCAACTCCGCCGGGCATAATTCCATTCGCAGTGCGCTAGTTTCGGTAAAGTACTCCTATCCAAAAGTTTTGTGGTTGAGCAAGGCGGTGCGAACGTGGCGGATCTGTTACCGTCGTTCGTAGAGTCTCCGTAACCGGGTCCCTGAAAAGAAAGCAAATGCCAAAAGTGGTTATCGCGTTCTGACTTGCCATTGGTTAGGCAGCTCGCGCCTGTGTGATTGAGCGATTTACCACCCTATAAGTAAATTTACAC,1464,51.43,Caenorhabditis elegans
SEQ_894862,GGAGATCTGCTAATAAACTGCGTAACACCTTTATCATGAAGTGCGCAGGGCTGTTCTGCGTTTCTTCGTTTGTTTGACAATAACCGCTGGCGTCCACACATGTTTAAGCCTTGAAGCGCCTATCCATGGAGGATCTGATATATTGGGTTCCGATTGAGTCGCCAAGTGGACTCTCATCGCCCCGGGACAATTAGGTCCTGACATGCCGGGCCGAAAGTGAATATTTTACTTCGGTTCTATCGCCGTTCAGTAAGGTTGGACAAATAAGATGAGTTTCACAGTTACCACGAGACAATCACATATATTTACGAATAAATTACATCGGGCTCAGTACAAAATTATTCAAGAGCTACCCCGTAGTAGTAGCCATCGGCATTCGTCCAATGCCAGAGGCAAGGTCAATATGACACACTTATAACATCAACCGGAACGCCAATATGTTGCTCATACAGCAGGAACCGTAATATGGTGTGGGGGTTTGCCTACGGTTAGGGAGTCCAGCAATTGTCCGGGATATTCGAAAATTGGATGAGCCCACAAACCACTGTGACGGATACCTGATCCGTAATGAGATATTGTTCGAAGACCCACGACGGTATAGATCATCGACAGAGTCTACCACACGTCCGGAGGAGACCACCCAACGCAACTATACCTACAGTGCACGTGGTAGTTCAGGTCGTCAACATGTTCCAACGTGAACGGAGCGAGAGATTTTCGTGTGAATGATCGGTTATCACAAATCGTTAGCTGATAGTTCTACAGTTGAGAACTGACTTTTGTATATCATAGCATCTCGATTCAGGCGGGCTATCATCACCAGCTTTCTTGGCACTCAAATACAGGAATTGGTAGAAGATGGTTAGTATCTCACGCTTTCTCCAAAGCTGTCGAAGAGGCACGGACTATACTGATGAGCAAGTTGAATGCGCCGCTTAGATCAGCTAATTCTTGGAAACAAAGTGATACTAGCCCGCCGGAAGTCCGGGTTCAGATAAGACTTTTGCTCGAGTGTATCTTTCGTCGCAGAATCGACGAGTAATACCTTTCGATACTGTATTCGAGAGCACAGGGCTAAATATGACTACTCCGGAACATAGCTATGTGTATCACCCAGCAGTAATACAGTCATCAATGTGATAACGTCTGGTTCTACCTCTCGTAAGTCTTCTACCAGGCGATCCGACTTAATTGGTCTCCCCGATTCTGGAGTACAAATATTACCAGACGTAACTGCTCGCGCTTGCTGTGGCAAGATGAAAGAGGCTTGTCGATGCGGGCTTTTCGTACGGCTCACATGTCATCTTGTGAACCTCTGCTGTTACACAGGTGGCTACCCTGCCCGAGCGCCGAGATTATTGGGCAATAAAAGAGCGCCTTCTCGTCACAGCAGTTTAACGAGGACCGTGCAAGCGGACCCTAATCCGAGGGTCTGGGGAAAAAATAGCCTCATCAGACGCGCTCTCTTCTAACTTACGGTCCATTCCAATAAGACGACGAGTGTACCCAAATTGTGGTCTGCCACGGGCGCATCCCCGTGCGTTCCTACGCCCCCATTGAACCTTATACCATAGCCGTCTTGAGATCTTTTGTCTCAAGTCTCCCCTCCTTATCTCAGTCCGGCCGGGCGGTGCCCTTGTGGCGGCGCGTGAACTTGAGGGCCATTTCCTCCTTTCTTCGACGATTGTGGTCTACGTCCCTACGGATCCTAAG,1713,48.28,Mus musculus
SEQ_496571,TTAATTTGTATCCCTGTCGTCGTACTCAAAGAAAGACGTCCCTTCCATATTGCTGCGAGAATAGGATTGCTCCGGTGGTTGATGCAGTGTGCCCAAAGCCCATATGTCGTCTTCTCCAATTACGTGTTGAAGAAGGGGGTCCTTGAATTCCGTCAGCATAGACGCTCTGTTTTATCGATCGTGTGAAACTACAGGTGAGTCACCATTGGAGCGTCCATGGCTAACCACCTGGTCGGGGCCTTAGTTTTCGATAGGTTTCGTGGCGAGAGTGGAAAGATTCTTTAGCGTATATCAAGAGGCTAGCCGCATGACACGACACCTTACGCATTGTAAGGAAATGCGTCCTTCGTATGGGACAACGTTGCAGTCCTTAGAGCCTCAAATTGGTATAAGTTGAACATTCGTAACAGGGTCCCTGGGTGGCGATCCGATGAACCGGTGCGAAGTTCGAGTAAGAGCTGACAGCCTACAGGACGGTGTCGTTTAGGTCGTACGGTATCTTATCGTTGTACACGCCTAGGGATTTCGGTGTCACATTCCCTTGTCTGATTACTGTGCTGGGTGTCCGCCCCGATGGGCGGCCTACGTCCGGCACCCAATCTCTCAGAACTGGAAATTCTGCTGGGTCCCGTCGCAAAATTGAGAGTGTGAGCACGTCCTTTAATTGCCGGCGCGCGCGATCCCTGACGGCGCAACCGTCTTTGCGATATCACTATTAATTCGACCGGTCAGTATGAATGTTAATTTCCCTCTTAAGTGAATACGCAACAGTCCGATCATCTTATGCTAAGTGGTACATTGACGACCTGACCTCCGTAATAGCCCCATTTATCGGCCTGGATACAATACTGTGAGACACTTCGGGAGGTAGACATGTCCATCTATGACCCCAGCACATCGGCCTTGGCTAAGAGAGGACACGAATGTCAGCTTGCTGAGAGCTAACTCATCGTTGTAGAACGCCGACGCAGAGACCGTTATTACATGCGCGGCGGACCGTAATGGTACGGCCCAACTTGTGATTAATGGTTGCTACACCTACTGTACGTTATGAATCCACGTGGCCACGGTGCTTTATGCGTTACCACTTCAAGACATATACACCATGGGCTACACGAAGAGACTCCCATACAGACACAAAATTGCCTTGGTTGAATAGGTTAGCTACGTTACTCGGGTAGGAATTAATGAGCACAATGTCCTACGTGACTTGTTTCTGTTGACGTATACTTTTTAC,1237,49.15,Mus musculus
SEQ_265017,TGGATACACTTAGCGAGCACGCAGCAGAGACGTTGGTTCCTATTCTGTTACTCAAATCTGTCGATCACAACCCCGCGACAGTCGGAGAATATATAATACACTTTTAGTTTGTCCGTATATTCGGGCCACAGCAAGGCGCAAGTCAGCCTTGTTGTGGGGGTCCCCCTCCACATCCTCGATGCTCAAGATTGAAATTGTGCCACGCTCGCAACGGTAGCAGATATACTCCATTCGAGATTAGGAGATTAATTTGTCGAAAGGTGGACACTGCTGGTATAGTTCCCAAGAATCAAGTCGGCGAGATCTATCGATGCATGAGATGACAATGGAGATGGGTTTCACTGAAACGAAGCAAGGAGCATGCAACTAATTCGTTTAGATAGAATTCGCCCTAGAGGGAAGCGCGACATTCTTAGCTACCGAGTACGACATGAGGTTATGTTAGGGTGCAACATGCACTACGGGGCTTACTATATAACCGGCCTGGCGTGACCACAAACGTAGCTCTCTTTTGTAAATGATCAAGTCTTTCAGCTTGTGTAAACCGACCCGGCCCGCGTCGTTTGATGTACTTCCACCAGGGTGCGCCAGGGCTTGTCCATACGAGCGCCGCAGAATACTCTGGTAGAACATCTACTCGGAGGTGAGCATTAATACCCAACGAGCGTATAATACTTAGCCTGGAAGTCACGCCTGTAATCCTCGAAGACCTCCGGTATTATCGCCATTAGAACGACGTCCGCCTTGCAACATCGAGCCTTGCCGTTTGCGAACGCCCACTGGCGCAGTGGCGCGCAACCGAAGGGCAGCCGGGCAATGAGATTATTCCTCGGCCGCTAACCTTGGTGGCAGTTTAGAAACCCCAGCAAACAGATAACAATCAATATGGTTTTTGGCCTCCGAGATTATTGTAAAAAACGGGGGTCACCATCAACTAGAGGCCCTAGATACATATTCGCCCAAGTTCGGTGCGAGCGCGCTCGACAGGATTTCGATATCGCCAGACTTTACGCAATCAACGTCCGGAAACAACTTACTTTAGTCGGATGGAGCTCAGACGACAGCCGATAGAGAGGGCCACAGGAGCGCTTATCCATGTTCATAGAGTAGAGGACTCCACTGTACGACCCGCGAGTGTATTCTGTCTCCCGAGACTAAACCGCTAGGTGTTCGCTATGTCATGCCCGGAAAGGTATTTTCATCAAGCCAGGCTGTCCTTGGGGCCCGCTGGTCACCTCTACTTCGCTCAAGGGGGCGTTACTCCCACCGACCCCTCACATCGTGTGGTCCTAGGGCAACGAATGCGGCGTGTGGGCCTAATGTTGCGCCGGGTTTTGGCTTCTACGCCAAAGCGGAAACGGAAGGCGGGAACACAGTATCTAGGATCTTTACGTAAAGACATTTTAGATGTGAGAGGGCTCGGTCGTAGACGGTACTTTTAAAGAAGCGCCAATTGGCCGTGACTTAAGGGCACAGTAGATGGATCGGTTCCTTGGAATTACGGTTTCTTCTCGTAATGAACGAGCGGTCGAAAAGAGCCCCTCCTGCTTTAACCTCACCAAACCTGAAGGGGCATGCAATTATTGCTTTCTATCTGTTTCTAGGCTTCAGCGATTGCTACTGCCCATCAGAATTAAAGACGCATGGTTCGGCACTTCTTCCCGATACGGCAAG,1674,50.66,Homo sapiens
SEQ_319233,CTATCGTCCCAGGAAAATTGGGCTCCGAATGCATGCTGATCCCGGATGATAAGATGAGCGACTCCGCAGATATAAAAAGGTTTTCGTCATTGATCTAACTGGCTTTGGCACGTTGTTGCCAATTCGGTGTGGGCCTGGTTAGCTGACGAGGGTGCAAAATGACGATCACACACGGTGCTGGCGACGAAAGTTCGTCATTGTCAAGGTAAATATGCTCTGGGCACTGCGGATCTAGGAGCATCGAGTGTCAGCTCCAAGGCTTTAGTCCTAATTACGCTAAACCACTTCTTAACCACGACAAACAGATCTATGGGGCATTTTAGTGAACAAGGAGACCGATCCCACTTCACCACATTAGAGGTTTCACACCAGTACGAAATTTACAGACCTCCCACATGTGGCCCGCAGCATGATGTGCCATCTCTTTGATGCGGAGGGTCTAAACGCCCGGCTTGCCCTCCTACTGAGCCGCAATCTGTCGATGGTCTTATGGTACGTCTTAGGAGCAGCCATTAGCCTACTAGGCAGATCCCACACATTATTTACAGTAAGTGAATGAGGCCATTCTTAGCTATATTAACGACGAACCAGGTTTGGTCAGCCCGTTGAGCAGGACTTGCACGCGGTATCCTGTTCCGTAATCAGGTTGCGACTCTAGACCCCCTCCAGCACCCGAGCGTATGGAAATTGCGCCGCCACGCTTTTT,706,50.14,Escherichia coli
SEQ_936747,TGGTAGTCCATGCGCGTTTCCAGCTGAGTAACCACTCTTAGTCCCTAGCTTGTATTCACGTGAGGGTGTGCTAGGTAAAGAAAAAAAGGCTTTACCAGGTTAAATTTGGGGACGCCGGTGAGCGGTGCAGATCTATCGATCAGAGTCATCTCCTCTACGCATTCAATTGTTTGGGCCGCGCCCAGACGCGGTTTGCTGCCTTGGTATTTCGAGTGACCAGGAGGGAGGTACCGTGGAGCTCCGGAGGTACGGAAAAAGAGTAACGTAAATTATCCCTAGACTAGGGCAAAAAAAAAAAAAGGAGCCACGGAGACTTTAGATACGTAATCACCCGCCATCTGCCTCGGAGGGACCATACCTCAAAACTCATGTAGCTGCCTGTCGTGAGATGACTACTTCATAGGGGGTAAGCAGGTGTACTGACCACGTACAAAGATTGGGACTCTTACCGACACAGCTAAGGACTTACGACGTGTACTTTCCTTGGCCCGGCTGTTGGGCATTACAGTCTCACGGTACGGTAGTGCTCTGTACTGACGATG,542,50.37,Homo sapiens
SEQ_503618,GTCTTCGGTATTGCCCGGACCCCAACCAAGTGGTTGCATCTTGCGCTTACACGTGTCCGACCCTGTTGGATGAGCTTACGACCTAGCTCGTAAAATGGGTCTAGAAGCGAAATGCGGGGTGGGCCCTCGGGGTTGGCGTCCCAATATAGTAGACAGTACAGAGTGTCGCTCATTTAATTCTTTGCCCCTGTATCTTGAGTAAAAGTAGCTCCGGGTTCTTGACCGGGCGGGATCTAAGGATTTCGCTGTCGGCTTAACCCTGCCATGAAAGCCTCGGGGCACAGCTCATTTCTCCTCCCAATCAGATTCTATATTTCCTCGGCTGGCCAGGTCCTGACTCAATACTGGGATTTCTGCATATCGAACGATGTTGACTTTTTTTGGCTAATTCCGACTAACTAGCGGCGACAACGGTTCATCCGATGGTGTTTAGCAGTGGTCGGCCGGTTCCCTTAGGACTCGCTTGGTAGAGGCAGCGCTCCCCTTATAGTATGCGTTCATAGCGGAGTATACGTAATGGCTGCGAATTAAGTTCAGGGAGTCTGTCTCTATAAAGTCCTCTTCGTAGTACTTGATGCTGCTTTAAGAGCCTGTAATCGTGGCGGGCCCTTCCAACGTCCAGTCTAAACTCATGAGGTTATCTCCGACTGCTAAGACGCAGGACATATGCGCGCAAGCTTTAATGAATTTACACAAAAAGCTAGTCTACGTGGGCAGGACCAAACCATCCAGAAGGAGGTCCTGGACTGGTTTACCTCGTAATTCCACATACATACATTCCCCTTTTGGAGTCAATCCCCGTTCCCACCTGTGGAGTCACGGATTTTCCTCGGATGAAGCCTTTAAATCCGGCGTCGATAGGGCTGACGAAGCGGTATCTCTGTCGGGCTCGGTGCTAAGCTCCCAATATCAATATAAGTTTTTCAGTCAGCTAGACCAGCGTGCTCTACGACCAGGCCAAGGTTATCTACAGCGAGGACAGCGAGAATGAAATCAATCCCCTGCACGATCAAATCTGTTCCGCACCTCCCAAATCATACACTGGTAAGGGCCATGTCCGAAATTACGGTCGTATCTCCTGCCGTGACGCGCCGGTATCCTCTGTAGATTCCACGGGCCAAAGTCACACACCAGTCCAGGAGGTACCAAAAAAGGAAGTAGCACTGTCGGAGCTAGACTCGTGTTTGTCTATATCGGTCGACCAGCTTGATCGGTTTTAGTGGCTAGGACTGTAAGGTAACCAAGGCGAATCTATTCTAACCTTTATTGAGGTTAGAACTCGGTCTGTTCTAAGCAATCAAAGTCCTGGCAAACTATTGAGAACCTCTTTTACTAAGTGCTGCGGTCGTTGTGCCTTGCGCTGGCCTTTGCCAGTCTATCGGCTCCAGGTCGATTTAGGGGACTTCAAGCAGCGTCCGGTCTTGGGGTCCGGGTCTAGAGAGTATACTAAAGGAACATCCAGCGGTGTAGGCCTCTCTTCAACCCAGGTGTG,1492,50.47,Mus musculus
SEQ_142512,GGGACGCGATAGTCGGCACGTGTAAACTCACGGGTGGTTCCCAGATCCTTGTAAGTCCGGAGCTCCGAACACTCAGATTATGAGCGATTCCAACTAAATACGCGGTTGAAAGATTTAGGCCTACGTGTTACTCAGGATATCATTACTTAATCCGGCCGGCAGTCGTGGAGTCCCCTTCCTAGCCGTGCAAGTGCGGACTTCGCTGAAATTGGATGGTGTAGACATCCCCCAGATAGGTCATTTACATACCCGTGGTAACATCTGTTTCATGTCTTCCCGCACGTATAGATGCACCACTGACTACTAACTCCCATTCTGTGTTGCTGTCGGGGTACTGTTCTAATCAATGTTGCCTCCCACCCTAAGCTTCCGGACAACTGGATATTAAATTGTTGAAGAAAGGACGCTTGTGTCTCCAAGTGAGCGAGTGAATACGACTCAATTGACTTTTATAGCCTGTACGAATCCATGGTCAACCTGTCGGGGTACGCTTTCTGCGATTGCTACGCTTTAGCACTTTCAGATACTATGGTTCGGGATACCGTATTGGATATTACCAAACAACTGAGGTGGGAATATCTATACCTGCTAGTCCGTTATTTTGTAGGAGTCGAGATGAACAAGGACAGCATAGTCTAGACCTTAAAGAGACATACGCATAAACCAGTCCTGGCATTCGGCGCTTGTGGGGGAATATATATGTGCGCTCACCAGTTAAGGCCCACCAAACTTCGGAGCTTCTAATAACAACACGGCGAAGAATACCGCGGGATCAGTTAGGCACAGAGCCTCCTCTATCCTGATAATCCAATGCACACATAATGGGGACGAGCTCCCGACACACACGGTAATCCGTGTCATTAATATTTGTCCGGCGCAGAGGGGCTTTCGTGGTCATAACCACGTGGTGCGGTAAGTGAATGTCCGCTCTTGCTCCAATGCATAAG,947,48.26,Drosophila melanogaster
SEQ_585987,AACAACGGCCGGTAAATCTCGGCAGGTGATGCGGTGCGATTCAAACGCATGCTAAGTACGAGAGTACACGTCTCAGCAATGCGCGGCAGCCGTGGCGTCGCGCTCAAAATCAGAGTCCCAGGCGGGGCGCATTAGTCGCCTTTATCGACTACCGATCAACTGTCATGGTCCTTACGCTGCTGCCCGGCGCACGGCGGCACAATCTGAAGCTCGTGCCCCTACGATAAGTGTCAGACTTTACGGAGGACTGATAAGGCCGTACATCCACGTATGACCTCGGCAGGCTCGCGCGACCGTTGCCGTGTGTTAGCCTCTCGACCTGGGAAGGGGAAATGCAACGTAACTGCTACAACGATAGACCTGCAATTATTGTGAACGAGGTTTCATCGGCAATGGCAAATGCGACGTAACTAGTTCCCGTGTCAGCCCCTTGAGCAGTCTATCGGGTGCTGGAGGGATGCCCGCAGGTAATTCAGGGTTTCTTTCGTGTTTACTCATCCAGTTTGACTTCCTGAAAATCCGCGTTACCCATCAACTGAGGGTTAATCTTGCGGTTCGTGGCAGGCTTCCAAGCATCGGGACGGGTGTTCGAAGTGTTGGTCCCTACGTCCAGAGGCTTTTGCTTGGCCTCACACCCGGCGACGCGATGATACAGCGCGGC,661,55.67,Saccharomyces cerevisiae
SEQ_202392,GCCAAAATGTGATTACTCGCAGCCAGACGGTGATGCTGACCTCACCCGGAAAAATAGTCCTGGCGCAGAGTACTACTCACGAATTGCAACTTGAGATATCGGACGTCTTATTTGAATGGAACTCGGTCACTCCCACTTGTACTTTGAACCCGCGCTATTTTTTTCGAGCCCAACAGTATTAGTGCCTCTGGATAGGCCCTTACCTCGAGTCCAGCGTGAGCAACGAACTCAGGGTCTGTGTTTCCCTTGCTGAATGTATGACCCAGCGGTCCTTACCAGCCCTTTTGCCCTCACGACTTGTTGAGAAGCTTTTTAGAAGAGCTGGCCCGGAAAAGGTCGGGAGAGCCTCACCGCACGACCAAACATAGTACCCCTGCCTCTTGAAGTCGGTCTACTGAGAGTAAT,405,50.86,Caenorhabditis elegans
SEQ_149925,GACTATCATGAAACCTGGAACGCGTGCCTATACTGAAATCGCGGGACTCTCGGTGAGGTGAGCCGGCTTGTCTTAGCATCGATACTAAATGCGATAAGTTAACGGCACCTATGCACCGATGTGCATTTTCAGAACACGGAGAAT,144,48.61,Caenorhabditis elegans
SEQ_972366,TCTAACGGCAATTAGCCGCAGAGTAGTTCTAGAGACTGTTGTTGCTAGTACCAGAGATCGTTCAGTTCTTAGGGAACAACGCTAACTCCCTCGGACCGCTGACGAGAATGACCCGAAAGAAACTGCTGAAGGGAACATTTATCTAATACCGAGCCCATCGCCGGGATGGGGAGCGGAGCATGTAAACCGAGCTAAACATCGATAGTAAGTGGTCGTTTAGAAAATGCAGCGGTAACAATTACTTCCAAGAGGCTAGCGTGTGACAGCCGGGCAAACGAGAACAACCACGTTAAGCCAAAATGGTAGCAAGGTGTACAGCCGGAAATGCAAGCTGAACAGTAATGGAATGGAGAGGGATGGTCAACTGTCCTACGTGCCGAAATATACTATAATCCCTACCGGCGAAAACATGTAGCATTCTTGCTCAGAAATCCTGCCGTCCGGGACTGTTAAGGGTGTGCAGGCCACGTCTAGGCGTCCCATTACACAACTCTGATCCTCCGGGCCAATAGAAACGATTGAAGCGGCTACTCGGTTACTAAAGCTTAGCCCCTAAGAGCATAGCTTTATTGTAGGACTTTCGAGACCGAGTAGAAAAGAAAACAACCGTTAGGGCGGCATT,622,48.71,Homo sapiens
SEQ_423635,CGCCAACAGACCATTCCATGCTATAGATCGTGATAACTCATAGCAATCCCGTACGAAGCCGCACCTCCGTTTAACCTCTACCTATCATTCGGACTTGCCCCAAGCCATAAATCGTATGAAGAAGCTTCAAATCAGGTCGTACCGACGCCCACTGGATCTGAAGTAGGCTGGCAGCGCAAATGTATGATGCAACGGCAATTGTGGTGTGATATAGCATTAGTTAGACCGCGCTGTGACTAGTTCCTAACTTACCTGAAGGTCGAAGCTATATACGAGCTTAGACATACAGACGTATCAACCCGTGGAACTCCTCGGTCGGGAAGGCTTTCTCGCACTTCACCAAATATCCTAGTTAGGAATCTTATGGACACGGCATGAAGAAGGATCGACTTAACGGCCCTCGAAGTAGGGGGCCGTGTGTTGGCTGATTGTAGGGCCGACGCCGTTATGTGGGGAATCCGTTCTAGCCTTACATCCTGAACCGATTATCGAGCATTACTCTTATTGCGCGACTTAGATAACGGTGGCAAATATACGAAGACTAACACTTGACCGTATTTTCATCGAAGAGCGCATGACATATTGCCAAGAACACAATGAAGTCTACGCGGAATCGTCTCCACAGGTAACGCGCGAAAGATCTAGCTCCATGAGGAGGTAAAGTATGCTGTACACGAACAAACCAGCCACGGCGGTGATGGTCCCCCAAGGCCATCCCTCTCAAGACGCGTACGTTGCAGAATCAGCAGTGTGAGGCTACATATTATCGTAGCACGGCTATATGTACTCGCTACCGAGAATCGCGTGCTCTTTAGATCTACCAGAAAAAGCATGAGTCAGCAGGCTAGACGTCGGCACAGATTTGCGGTAGCCGTGCGTCTTCATGATCTGTGGCTCGGCTGCTGCGCTAGACGCTGGGCGGTTCTATAGAATCAGACTCAATATCGCCGTCCGACTCGATACAAGAGTTTCAAGCCCTAAACCCCAAGGAATGGTCATGCATCAGCCGGTTGCTAAGCGTACAAAACTCGGTTGATCCACGTTTGACAAGGTCGCCTAACCTGATCTTTTGACTGAGCACAATTACCAGATTGCATGACCGAGCTCGTGTTGTCATTTTCCATGTTACGACGATGAAGTATTGCCGCATACCGTGGTCTACAATTGGGCTCACCGACTGGCCCCATACTGGTTGATAGAGTATCCTGACTGGATGCCCATTAGGTGGCGCACGTCTGCGGGCTATGGTACGATTGAGGATGGCCAGTATCTGCGACGGATGATGGCACTTACTGTGTTAAGCTCAACTTACACTGTCCGCCCGTCTATCCGATCTCGAGATGAGGGGCTCGTGGTCTCGCGGCACGCATCGCATTGCCACTTAGTATGTACGACATCTCAATGCGTGCTCCTGTCCTCGTATTTCCAGATCTCAAGGTACCTACATCGATTCTGATGAGCGCATCCGTGATTGAAAATCTAGGACGATAGAACTCTGGGAAGCATGAGTGATCAGGCGTGATCACTGGCAGGACACAGTGCGTTCTTTCACCCGTGCCCCGATGCGTATTAGCAGGTAACTACCCACCCGGGGTTACTCCGCAGACCGCCCAGCGCGCGTTACTGAACCCTATCATTGTTTCACGAACCCACATGGAGTTGCAAGCTTGACTTGAGACCTGCGTAAGAACCTCTTGGAGTGCCGGTTCGTAGTAATACGGCCCTGCCGCTGTCCGTTGAATAAACTGTAGAGCCTGGTCTATGTCATCGTGGTCCTTGCGTCGGAGGAGATACACA,1797,50.81,Caenorhabditis elegans
SEQ_615796,ACAGGGTGGCCACGTGCACGCTAGGCGAGTGGCTACAATTAATGTACTTAACTTTGCGGTTTAGTCTCTTTAAAACTTCCCAACATAATAGAGCCCCTACGCTTTAGAGACATTACGCAGTAGTATCCAACGCATATGGACCATACTATTGAGCACGGACGCACTACTAGCAGATAAGCTCAAGTAAAACTCTCAATGCAGCTGACCTCGACATCGGAAAGACTCTGAGAGGAGGGAGTGCGAGGGGAGTCGTCGCTCATGCGGTTGCCCCCACAACACGCAGGGGGATGTAACTACAGCCTTATATGTATACATTTCTTGTGCACGTGAAAGGTCTCTTCTATCAATGATGGGCCACGATGCGTGACCAATCGCCGGACAGTAATGATCGACTTGAAAGGCATGACAAGACGGGTGTCCGAGCACGTACCATTAATACTTGTAAAGACAACGCGCCGCCATAACAAACTAAAGCGAACGCAAGGCGCCTGTAATCCAGTGTTTTTCGATAAAAGATGCTCCGTCGTCTCTATGGTGCTCGGTCAGTGATCACGAGGCGGGTTAATCCTAGGAATCTTCGTCTCCACTGGAAGTTGTACACAGAACCCGCCTAATAAGTTCTATAGCTCCAACATTCTTCAACAGGTGAACGTTTTAATTTTTCTCACAGTCTGATGCTGGTGTTCAGCTGCAAGGAGGGATAAGGCCCCCCCTTATTATTAAGACCTACGTGTGAAGGTTAGGGCTAGGCAATCACTGATAATCGGTACGCCATGTTGTTACCCATTGTCCAAGTACAGTCCCCGATTAGTCGAGGCCGACTGATCGAAACTTATATAATTGGCGATCTGGATGCATGCTTACGTTGCCTTCTAGCAAGGGTGTCGCAGAAGCTAGGACTTCGCGCGAAAAAGGCTTGGCAACTTCCATTTATACTTTGACATTTGGAGTGTTCGAATCACCCGCTCGGCACTCCACCATCGGGCGCTGGCTACAATTCTCTCTGATGGGAGGTGTTTAGGGATCACACAAGGAGCTCAGAAGCTGTGCTCCCTATCCATTGTACCTATGACATAGACCCTTGACCTGGGCTTTCTCGAATTCTTCGGTTGCGTCGACACCTCGTAGTGCTAGATCCTTTTAGAGTTAGTGTCCACACTCCTCGTACGTAGTGCTTTGCGACTTCGCAGGTAGTACGAAGCCTATGTACTTCATCATGGGAAGCTTCCGACCGGTGTACACGAAAACCGTATTGGTTAACGGTATAGTCGCATCCGTCCGTATACTCACTCGGGTCCAGCGCAGTTGCTGATATAAAGAGCCGGCTACTGAGACATGCGCCGTTGTGAGGGGCCCCTTGTATTTTCATGTTTCTCTCTAAACAACTGGAGCAAATACGTCGCTCAGATTAAACTAAGCTCGGTGAGGTACGGAAAAAGTCATCGGCTCGATTCTCAGCGGGATTACCCGTCGCACGGCGTTGCGCGATGGATTATCGAGTCTCACCGTTAAAGTTACCCCGGCTTAATGGTAAACAAACACTTAGGAATGCGCATAGCCGACGCGCTTGTGTCCATGTACCGTTTAGTGTGAACACACCTTCGTTCTCGTACTCGCATCCTACTGTTAGATTAGTATATGCAGGGCGCCAACTTAATTATAGTGAGGCCTCTATCCTTGGACGGTAGCCATACGTAGATACGTTCTCATTGAACGGCTTCAAAATTAAC,1730,48.5,Mus musculus
SEQ_441726,ACTAGGAGACTGTCCAATCGTTGAGGGCGGTACAGTGGCGTGCCTAACCAGCTCGATCACGGCTTTCTACCCATGGTCCCTAATGTGTGGGATTAAGACCATGCGCACTCTAGACTGGGTTGTTTGAACTGTCGGGGGCGTATGGATTAGGAAAAAGAGCATCGCTAAGAACAATCAAAATGAATGATCGCCGGGAGAGATCTGTGACGTTGGGTGCCTGACTAGATGAGACCCGAAACCCTGACGTAAAACCTTCGGCGGGGCAATCAAGGCCATAAACCCTTAGGATCTGTTGCAGAGCTACTTGAAGCTCTCGCGGGTGGGGCCTTGTCTATTTACGAAACTAGGACGTTCCAGTCCACATTTTAGACTTAGAAATGGTGGCTCAAAATGGGTGGCACAGAGGCGAGCCGGCAGTATGTATTGTGAGGCAAGATAATTGTCACCTCCGAATACGCTTAGTCGTCTTGCTGGCAGAGCAGTCGGCACACGCAACCTAGGCTGTATATTGGTCCGTGCAGGACAATTTAGAGAGTACAACCAAGTTATCTTTAGTGTGCAGCCGTAATAGCCATCAGGTGTTATGCTCGAAGTATACACCATATAGTAGGTCTTAACTATATGATATGTTTGCTAAAGGATCCTAAAAAAGGATGCTATTAAACCGTATTTGGCATAGGTGGTTGGCTAACTGCTCAATGTTAGTGTAGTTTAATCATGTGAGTAAAGGCAGGGCCTGATTCCGTAAACGCTGGCACTGTACGTACGGCCAAATGCAGTCGTGGACGTCTAGAACTTGCAGGTTGTACCACTGGCATCTTCCTGCAGACGCACCAGACTAGAAAGGGAATGTAGCCCTGTCCCACAAGAAACCTATGTGATTCCCTTAATTAGGAGAAGTGGCTACACTGCATGGTGGGACCGCTAACAGAACAACACATGCCATGTAGAACTGTAGAGTGGTGATTCTGGTGACACTAAGAACATACATATAGTCGCCATTACCCGGCAGAGTGAGGCGGTAGGAGTTAGAACCCTTCTAGGCTGGCATAAGGAGCCGAATGTGCATCGATACACGTAAGTCCCCCTAGTACTCTTGTTGCTACCTTACTGGTCCCTTCGCCTAAATCGTGAAAGAATCCTGTGCCCAGCTTTTCTCCACTGGCCTCATGAGCTAGGGCCGGCGTGAAGAGATCAGTGTAGCTAATGTCGCGCGTCTACGGTTTCCGCGCTGTTACACAGATTATAGTCGCAGCAATCCACCCACGCCTTAGCCCGATGGTCAGGCGCGTAGGAGTCATACTATAACAGCAATAGGTGACGTTAAAATGCTCCTCATCTCGGGTGCTTGCAGTATATGGACTTGAATCGTGCATCACGCACTAATCAAAAATCTCCTCACCGCTCCTATAAACATAAGCATTCAGCTCGGGTGACAGCCTTTTCTCGTACTCCAAAGTGGAGGACTCTGACTCCATCTCTGGCGTAGCATCCCGACGCGCGGGTATACCATCCTCGTCCGCTCAAGGATCCCCAGCATTGGTTCCCTGGGCCTACCATAGCGATCGACTTTATATGGCCGAGAGAGGATCAGGTGTCTTAGGCGCCGATGTAGGCGCGCTAGTCTCAAGAAGTTCGATGATTTCCAGGTTCTATATTGTAACGTGGCTAACTATGAATTATGCGCCCAGCTAGAAAAGATCCCGTATGGATCTGTTCTGGCCACACTGCATGCGACTTTACACCTCTATATAGTGGCCATTCGTCCGTGCTTGGCGGGACGGTTATCTCCCTGAGGCGGTTCACTTTAGGGTCTCTGGGCCTTTGACGTATGACACGTCCAGGCGTCATGCGCGCTCCTTAGTCGTGTTGGCATCCTCCGAGCGTACACGCCACTGAGCTTGGTTTAGGGGTTTCACTTACGGTGCCAGGCTCAGCACGCAAAAGGTACAGACGATCTCCGGCCCCTTCCCCAGGG,1978,50.35,Homo sapiens
SEQ_500322,CGCAGGCGCACAACTCAAGTCATATTCATACCCTACAGCATTTAAACGATGTCCATAAGGAACTCAGTCTGGCCCCAATGCGAATAGACCATTACGACTGGTAACTATCTATCGTGGATTGATACTCTAAGATACTAGACGTAAGTAGTGAACCCATAATGAATGTGGAGCTCAAGTCGTAGGTCGCCAATCGCTGCGAACTACAACCTTTGGTGTAATGCAATTAGTACAAACATAAAGCGTCCTCGAAGGGTACACACTGTCAAACCGTATGCAAGGTGTACTATGAGTTGGAAAAAACACTTTACCGCGACTGCATTCTCTCAACTCGATCCGTGTCCCACATCCATCCTTGTCTATGTGGCGAAGAATGGCTCAGGTAGTCATGCTGTGACTTACTTAGCAAAAATACGCCACTCGATACCAGTTCGAGAACGATCTCTGTCATAGTGCAATTAGAGGAGGACAACCACATTTCCTTAGACGTCGACGTTGACGAGTCGACCATGCCGGCTAAGACTAGGACCAGTCATTAGGTAGAACTTCCCGGAACGCCTTAATTGGAGCCGACTCGTGACCGCCCCGAAAAATCCTCGAAAATCTATTAAAAACGCGTCTTAGACCTGAAAATTCATCGCTGTCTTCCTTATAGAAGCATACTGCGACTAAGACATATAGCTCGTGAGTACGCCGCAGGACTTATGAATCGGTCAACCTGTCCGTTGGATGATGACTGTTTCCAGATTGGCAAGGTTGCCTTGCAACCGTATGCACATGGACCCTTTCAGTCCCGTCACAAAAAATATATTCGGTATTGATTAAGTGAATCTATTGCCCAACACACTCAGACGATACGCGTGATCCTGCATTGGCCTTTTCTTCAAGACCCTTTCGGCGAAGGAGTTACTGGATGAGGCAGGCCGGTCACTCGAGATCATACTCTGGTTTATGGGGAGGATGGTGTCCAGTAAGGGGGTGGAGACGTGAAAGTACCTCCTCAAAATCACAATTTAGAGATCCGGCCCCATAGGGGGATCTCTGAATAAAGTGTTTTTATGGTTGCGGGCTTTCTTGATGATGGAAACCGTGCTGCGGAACGTACGGCAATCGGTCGTGTATCGTGTGAACGCCACTAGCCTATATAACTGGCTTAAAAAGAGACTTAAGATACCGACCAAACGCGGTTGTAACCGGTACTCTCCGATATAGCGAGATCGTTGTGTCCTGCGCAAGGGGCTATTAGCAAGTGTCACGCAGAATAACTGTGGCTTTGTACCACCCAGCTTCTGCTTTTATAGTAAATAAACTTTTTGCTAGCTGTATACCTCATGTGGTGTTGCTCTGATCAATTTCTGGTATAGTCGAGCCGTTAAGTTGGAAGCTGTACCACTACCACCGTGGAGGGCCCCTTTATTCATGTCAGTCCGACCGAGAGGGTCACATTTGTGATGTAGCGCTGGCCCGCTGACGAACCTACGGTACTCGCGCCTCTCCTCCGTTTTAAATTGAGCCTCGCGGGTTTGTGCGTAACCTAATGCTCCCGTTAATTGCAAACTTCGTAATACGCATCTTCTAGTACTTTGAACCTGGCCATGGAGATTCGCAGCACTTTACCATTTACCAATCGTGATCTTTACACGCCCGCTGACGATTACCTTAAGTAAACACTTAGCCACATAAAGCCATTGTTCGCAAACTT,1699,46.91,Mus musculus
SEQ_268368,TTTAGCAGCCGGTGTAATTTTGTTGGATTAAGCTAATCAGATGAAAAACGTGGCACTGGTCTCAATGCTACCAACACATAGCCCGGGGTGTTAATAGCTTAAACCTACGCAAAGGTAATGGTAAGCTGCCGGTGGCCCTCCTGCCGAGTGGCACGATCTGGTCCATGCTGAGCTCACTTTGGGACGGACAGAAGTCACTATTGGCACTGAGACTGGAGCACCCGATTGCAGTTGGTCACCGCAGGTCTGTGGATTTCGATGGCGAGAGGCATGAAGTGGCTACCGGAAGCAATCGGATCCGAATCAGTTATCAAGTGCACCCAGATGTAATCACGGCCGGATGCCAATTTCTATAGGGCTGTGCACAACGGATGCGAATCGCTAGAACGTCATGCCTCAAGGACATCTAACTCGTAGTAACTATGTCTCTACATTCCACCCTGTGGTGTGCCGCGCCTAAATACGTAGAAACGTCCCGTGGTTCTACTCCAAGCGCGTATCGCTCCGCCATTTCAGTTTCGAGACTCCACCGACACCGAGCCGACCATGGCTAGTCACAGTTTACTATCCGCCCGACTAGAAAGAACTTTACATGATATCTAGGCGCTTTGACCGTGCGCTGTATAGCGGGACATATCGTGATGTTGTAACTGCAACACGATTAAGAGGACCCCCCGGTCACCCCTAATACGTTGGTGGCCTCGCCAGCTGGGACCGCAGGGAGTTTTCTGATGTGAGGCAATCGTGACTATAGCGAAAACTGCTAACAAGCTCACCGTAATCGATAGACACTCTTAAGCTCGGGTCTCGATACTTGCCTCTTGCCAGCCGTGTCTAGGTGTATCTATTTTCCGCAAGAGGTTTCTATGAGCCCTTGGGGTAAAGCAAGGTCCCCTGGCGCTTGGGAGCTTGTACGCGAAGGATTATGCAGCGAACCTACAGGCGCTGGACTGTTGCTGCGTACATCAGGCCTGAGTCGTCGTTCTGTTGTCATCCTTGAATTTACAAGTGCTATGCGGACATAGCAATACCTCACGTCGGCGGTTACGGTCGTCCACGTGTATGCACAGTCAAAGGGATAGTAAGAGCCCTACATTGGGAGAAAAGCTGTACTAGTGTTACGGCGACCCAAAGACTAGCTGGTTCAGGCTAAAATCCTTACCGTCTAGTCACTCATTTATGGCCACAGCGTCACGGTTTGTGACAGTTAGACTTTCTCTGTGCTTTGTGCGGAGGCTTACCGTTGCCTTATTTGGGTTA,1260,51.03,Homo sapiens
SEQ_925987,CGACCTTTGAACCTGCGTCGGGCACGGTGTAAATTGTCGTGCGGTGTCAGTCTAGCCTTTTGAATACAGATATACTGAATGCAAGTGCATTTAAATAGTAAGTACCTCAGATAGAGAGTTGATTTACGCTGAAGGAAGGACTACCGAGGTTTAACTAAATGCTGCTATCGGTCATCGACCTCCATGCCGCAGGCATTGGTTGATACGAAATAATAAATCGGCTTGGGCATTAGCTTAAGACACTGACCTCTGCTCATAATCGGATAGACAGTGATCCGATGTTGAGTGATTCTAATGCCTGTCTCACCTCTTTATTTACGGGGAGAGACGGTAATTCCAGTCCAGTAACAATATTGAACGAACCCGGACGCATGAATCTCGCTCGCCTACTAATCATGTCGATCCCACGAGATAGGTGATAGTCATGCTACTGGCTCAAAAGAGTGCTTAAGCGTTCGCGATTTCGAAATGCAACAGTACTCTTGGAAAACTACTGACAGTTTCAGATGTTCGGTAGGTATCATCCGCGTATCTTGCCGATGTCATGTATTTTCAGGCACGCAGGGATGCTGGAGGACCGCCTATTCTTCTTACCCGCGCGGATTACTTCAGCCCGCACGTTCTGTGCCCACTCCATTGCTCCTAGCCGACGGGCGGTGGACACCGGCCCAGCAGGGGAGCCCTATGTTAAAAGAGAGCCGTTCCGGCGGCACTCATGGCAGGGGTTTCTCGAATTGATATGCTCGCCACTCCTGCTTAGTTGCCAATACTGGTCCGCAAATCGCTTACCCGACGTATAGAACACATAAGCCGGAAGTATCGTGGT,826,49.03,Arabidopsis thaliana
SEQ_749495,TTTAGCTCTACCGTCTTAGGTGAATGTTCCGTGAGTGTTGATTCAGAAAAGTTTGACGGCTCATGCGGCTACATGATCCTCCCAGTGTAAAGCGAGCCACAGGCCTATTGGGATCATGCTCGGGTGGAACACACGCCTTCCACGTGGACCAAAGGCCCGCGGATGTGACTAAACATCGTTCAGGCAACTGTTTGTTACGCACGTCCAGTCTCATGCGGCCTTTGCCATACACAGGCATGCGGAAAT,246,52.03,Mus musculus
SEQ_257152,TGTGTCATTCATCCCCCGTGTCGTTTAACAAATATAAACCGACGTAACCATAGAATTGACCGCCCGTAAATTCCGCGGAGTGCTAGTTTCAGAGTACTTGGTCCTCGGATTGACGGTACTATCAACGTTACAACGAATAATCACCTTGCGCATCATCATACGTAAGGGTTAGTAGCTATCTTCAACTTGCAGAGTGCTAGTGTGCGGAATTCACTACCTACTGCCGTGCGCCGGAAATACATTTGTTAGGGCTGGGTTATAACAAGACAGTAGTCAGGAATATGGCAAACTGCAAGGCTCCGTCTTCTCACTTACGCAAACTCTAAAGAAGCGACCGCCCGACCATTTCAGGGATTATGGTGCGTGGCCCCAAATTCTCTGGGTGTGCCACAATATTGCCGAACTGCCCTGGTTATCCGGAATTCTCCAGGGTGAGTAGTTCGGCGCCCGCACTTAACACTCCGGAGCCACTCGTACTCCACATGCGTTCCTCGGTAATACGGTGGGACTCCAGCTAATGCAGGTGGGAAGGCGATTTTCCTCTGAAGTTGTCAAAACCGATTGCTAACCGCCATTATTCAACTGAGCGAAGACTTATCTTGTGCTACCTGTTGAGTGACGACTGCTATGGCACGTAATAGTCTGTCACCTTCGGCCTAGTGACCTATATCTGCGTACGTCGCATTGGGTGCTATTGGACGAACCTCCCGGCGCTTTCCAAGGAATCGAACTTGATATCCGTAAAAAGCCGCGCTTCTGCGAGAATGCGCCCAGATTGCTGGATCCTGTTGCATGGAAGGTTATAATATTAACCTCGGGTGCATTGGTTGCGCAGCTATTTACGGCTCTAGCCGGTACACTCTGCACATAGTTTGCGCTGAAGCGCTTTAAGCCACCATTATTGCTCGGGATCAGTTACTACGGGCTCCAGGACGCCCTTACAATTGTAGGGATCCGTGATATGTCTAACGGACATCCTCTACGAGCCACCCGCGATTCTTGTCCTTGTAGCACCCAGTCACAAATGATCGACAGGGTAGGCTGGTAAGAACGAGCCATAGTTCGCAGGACCTTGTTCCAAAATCAATACGCGATAAACTACGATCTAGTCGATTCACGCCACTGTTTGGCCTGGGCGAGCGCTAGACGTAATTGCTACCGGTGACCCTGGTGGTATTCGTTACGGAGACTATCACCAGACTACAACTAGTACTGCTGTGCCAGCCTGTCGTGGCGAAACCTCGACGTTCCGCGACGAAATGGTCGTCAGTTCTGAGCTAACTCGGGAGCAGCTGGATTACGGGCTTTCAACACGAGCTAAGCATTTTTGGTTCACGCGTTCGAATACTAGCGTGCGATCGTAGGGGAATCGACAATGGTCGGTTCAGACCCTGTTAGGCACCATGGTCATCGTCCCTTGCTGCGGTTGATAGTCAGTGCCTTCGAAGCTGTTGCCAACTGCAGCCGCCATATTAACTATTGCGCCTGTGCGATCTGTCCTAGTGTTGACGAATCGCCCAGGAAAAGGTCATTAGGACACTGACAAGGAAGCGCCTTTGACACGACGATACGCGCGGTCGTGGAGACTGACTGAGGTGGATCTTTTCTTGTCGCACTGGACTATCGACAACGTGACGTGATAAGGGGGAGCCGTAGTCAGGAATGTGGATTCATAACCATAGTGTGGCTAAGATCCACTTCGCTGGATAAACTGTCGCGATTCG,1724,50.7,Arabidopsis thaliana
SEQ_345693,ATGGCTAGGATAGGTCACTCACAGCTGGGGTGTGACGGCAAACCGTAGATCACTACCAATGAGTCTGCGCGAGTGACGACAAAAATGTTCCCGAGTGCAACCATACAGTAATGGAATGAGTATCAGAGGAGGCGTTAATACTAACGAACAAACTCTGATTATCGTTTCTTGGCACCCTTCCTGATACATGATCCTACAGCCTTAGCCACCCTCTCAAAGACAGAACGTGTGTTTACCAGTGGTGTAACGGCCAAGTACATAATAGAGGGATCATGGTTTCAAATTTTGTAAAACTCACGCTTCGTTGATAGTAGATTTCAGTGGGCCAGAGTAAAGGCCCAGAGGTCGGAATAATGTCCGGTCTCGGGGAGCGGATCCCGAAGGCGTATCGGAAGTGTGAACTACGCTCCGTCCCGCCCCAATTTTTCTCTATAACCTGCAAATCATTCCCACTCGGTACGGGTCAAGAAACTGACAATGTCCTGATGTATTATCTTACAGGTATAGGAAGACGTCTGGGTATCTGCACTGATGCCTGGCAGACGCTGCTAGAATCTGTGCTGTTCCCATAAGGCGGGCATCTCTTCCCCTAATCTAAAACGGGTTGGCTGCCGTGGAGCCCATTGCTTCGTTAACCCCCTTGATATCAACTGTTCAGCCCAATTATCACTTGGTGTAGTAACACAGGTCCGCTTGGATCCTAAGTTTAATCAATGCATGCTCACTGGCTCGCTTGGGTCAGTTGACAGGTCCGACAGTTAAGCCGACTAACCTTTAACACCGCCTCAGTGATTCACGTTCAAACGGTTCAGAAGTATTCCAGACCAATTAGCCACGCCAGATCGATGCCACCTATTGATTTCGCCCGAGAACGTGTACGCCGCGGGACCCTCGCAGGCTAGGCGACAAATATTAGGCCCCCGCGACAGCGGCGGCTGCCGTCGCGCTGCTCCCCAGGGGCGGGTCAAGTGTCTTTAATAACTAGACCCTCTTTAAGTTAGGCTACCGGAACACCAATGTGGGACGCCGTCCAGTCCGCGGTACCTTGGGGCGGTTTCGCCCGTTCCCGATGAGTCGACTGAGAGAAATACCCAAGGGTACTGGATTCGTAACTCAACCAAATGCATACTTCCTATTCCCGTAAAGCGAGGGTGGATTATGGGAATGCTGGTGATCAGCAACAATATTTTCAGTAGCACCTTGTTACCGAAGCGTTAAAAAATGCCCCGTAAATCGACACTGCTCGGCCCAACCTAATTTTTAGACCAACAGGGACCCGCGCGACACATGAATTAACGCCAGGTAGGATTTCATGAACAAAAAGAGTCATAACGTGTGTAGCTATGCCGTCAAATCGCTGACTGGAAGCGCCGGACGTTTAACGTAAGACCGGGACCGATACTGATTAAGAGCCAAGAAGTATTCCGGAGAGATGACTCATATACTCCGGTGACCGGAAAGTCTATAACACTTACAAATTGCG,1483,49.76,Caenorhabditis elegans
SEQ_110273,GAATGTTAACTAAATCCCACCATCTTAGGCTGACTTACTACTAGTTCATAAAGTCTACTCGCCGTTCGGGGCGGGTTTTATACATACATTGTGCAGATCGTACGAGTTAAGACTGAGTTAGGTTGAGTTCAGGACGGTCTGGGTTAAGTCTGAGATTGAATGGCCGTTCTTCAGAGGAGGATTTGGGTTGCCGCAGGATCAAAGGTCCTGGTTCCGATGGGTTCAAACCAGGTAGTCTGTCGTAAGCAGGTTGCTCTCAAAGACGGTTAAGGCCTGCGAATCACTTCATTTGCTGGGTCGAGGGACATTCCAGTCTGGGGCGTATTAAGACTTAGCAACTGCAGGTCGCCCAGCGTAGAAGTCTGATCAAAGCGCCCCTTGACCCGGAATAAC,393,49.11,Mus musculus
SEQ_769636,CCACGCTATGCCAGAAGGAATGTAATTGCCGCTGCGTCCTGGGCAAGGATACGTGCGTGGATGGATCAGGAGTATAATAGCCAGCGTGCGTGTTCGCGCTGGAGGAATAAGTCAAGATCCTCTTCGTTTCCGGACTCTCTGCAGCGATAGCTACCCACTCCGTGATTCGCCCGCATCTTAAAAGAAATTGACGACGCGCAAATCCCTACTCGGACCAACTCTCAACACGATTGCATTACTGGGGTCGCGCAGAACAGGGGGAAGTCCAGATAATCATATGAAATCCCACTGGAGAATATCGTATTATCTAAAGGCGGAGAGGGGTGTTCAATTGCACCTTCATCCAGGAGAGTCTCTCAGGTCTGACTTCGAACTATTCCTTAGTTGAGGGCCGGCGCTGGATGCAGCCACGTTGCGGCGCAAGGATATAAAAGTGGTTGAAGTAGCCAGGCTACGCGACACCACAATGACATATAGAGTTCAATAATATCCGACTAAGTTTTAGGCAGATGCTCTACTAACCTGATTGACAGTCCCGCGCTACGGA,547,50.46,Arabidopsis thaliana
SEQ_917525,CGCCTTGCCTTTCTCCTGTTCCATATGTGTGAATAGTCCTGATGGGGGCTACTACAAGCTATGGTAATGCGCGTACTGAGTCCGGTTCTTCGTGCCAGTTTGGAGGCATGTAGTCCATACGAGAGAGGACGCGTGCCAGAGCCCAGTGCCATCCGGCACAGAGTTGAGTGGAGAGAGGGGTCTGGCTAAATATTGAACCTCAACGAATAATTTTGTTGACCGTGGCCGTTTAACACTCCGGCGAGTAACACTACCTTGGAAATTGACAGCCTACGACCAAGATACGCCAATCTTAATTTCTGGCCCGGCTGTTCATGCCCGGGTAGGAGACCCTCCTGATCTGGTTGGCACAGCTGAAGCCCATCAGCTCCTCCACGAGAAGGACACGTCAGCTCAAAACTAGGACTAATCCATCCAGATTGGAGGATTTGAGGTAAATCGCTCCTGCCGCGCACAAATCGTTTATAACCTAACATTCAACCGCATGTTCGCGATCTTGCCTCCCGCTTCCGGAGTCTGTGTCTGTCCAAGGCGTGCGGGAGGCTGTTTGGCGCTAATTGACACAATCGTTCAAGGCCTAGAGAGTGCTGTCTCAGCCGGGCTAGAGATTGTACCTGAAGATCGGACATGCAATTGGACTTCCCGGGGGTAGCGGCACATCAGTATAGGCCGAGTCCAGAGTGGCCCCAACAGCGCCGTCTGATAGTGCTAGTCTTCGAGCAATCACTGGAAATCCCTAACGACAATAAGGCCGGGGGACGTGTACCCACAAACGCTTCTGTAAACCTTCTATCTTCGCCAGATGCCACCTCGGTGTCTTGTGCGGCCATCTGAAGCTAGTATGTAGATCTGAAACGTTGGAAATATCCCTCGTATTTTCGTAGCAGATCTCGCCTTGATAAGCAGAATCGAAAGGATCGTCCAGGCCTTTCCTAAGACGCGGACGATTTCAACACTTAAAAACTGAAAGGTCCACCCCGTCATAGGATTTAGCTAAGTGCCGCTCGTTCTCACGATCCGGGCCCTCATAATCCGCGTCGCCCATGTGTAACCCAACGTAATATCCGATGTACCAGCGTAACTAGCGGCAAGGATCTACGT,1101,51.95,Caenorhabditis elegans
SEQ_793459,AGAACCAGACGCGATTTGTCATTAGAGGTTCCCCGACGAGTATGCTGAACATGGCCTGTTTTTGATAAAGGCTTTTAACGCAGCTCGTCGCACGGACTATATTAACACAACGTCGGGTTATTGTGTTCTAGCTCATTCTAGTGGCATGGAGGTCGGTTTTTCTAAATTTGCTACTGCGGAGGCTTGCCCCGGCTGAGGCCAGTATTGTCAGGGTTAGGTTACGCGCTAACTAGACCCTAATAGGATAATCATTATTTGTGGCGAATGAAAACTCTTCACCTTTCCATGGTAACATTCAGACCTGCTACTCTCCGCTAATGTTCGTTGATGTGATTTATCTAATAATGTCTGCTATACGCCTCCTTAGCCCTGGATAAACATGACCAGCAACTATCGGTACCCACTTGTTGCGCACATCTGGCTGTGCGGGCTGATATAGCGTGAAAGACCTGTAATGTTGTGGATCAGCACGTACGCGCCGACGTTAGATTGTTATATCAAATCCTCGGCAAGGGGCACCACCGCAATCAGGGAACTTACGCGCTTCGTGCCTTTATTCTGTGTGCACAGGGAGAGCGCTTCTTTAGGATCAACTTGTATCAGAGGCGCCCGCTCCGCCAGGGCGCGCTGGGCATACTGCGAATCCATCGGCACCTGGAAACGCGCGCGCGCATCTCGAGGGCCTTCTTACCGTCAGAGTATCCCTGGGTGAAAAGATATTGTCGAACTTCCGTATCACTCCCATCAGTCCTCGTACCATTGGCGTTTAGGCCCTATTGCCCTGCCCAATACTCATTGTCAGCTGTTACTTCTATCAGGTCGGCTTAAATTCTCGATTCCGTTTTGCGAGCGCAGGCCGTGGCTCTCCGGGAAGGGGTAATTACTTCAGAGACACTGACTGACAGCGTGCTAAGCTAAGCCGGGTTTTCTGTGCGAAGTAACACCGAACGTAAGTCCTACCGATACTTTGAGTGAAATCTAGAGATGGCCCGCGAATTCCGCTGACGCGTTCCGTTCACCTAAGATAACAAGTGATTTAAGTGGATGCCTTGAGCGGTACAGGGAATAGGGGGCATTTTCTGACATTTCCCTGTTGAACGTTACCCCGGGAGATACTTCAAAGATTGACTATCGGTGTCGGAAAACATGCCATACATTACAGTGATTAATTTCTGGTACAGCGATTAACACCAAGACCGTAATCAGCTAGGCGTAGAACGAAGCGTGCAGTGGACGTAAAGGGGTCACTTATCCCCTGATACATCGACCAAGGGTTTGTACCTCGGCTGTTAGTGCCCTTGTACATGCTGTGAGAACTCCCCCGGGAGCACCGGCCGCTCCCCCTTGCCCGACCTCAGCGAAATCTACACCGCTTTGTTGCTCGCCCTGCTGGATTGCAGACTACCAGCCGGGGCCCCACGCGGCGTGTGTAGGACCCTTGGGACAATGAGACTAAGCTCAACGGTCGGGAGTCTCCGGGATCTCCGACGAAATCTCCATCGCTAAGATGGATACGCATGCAGGGTATTTCGATTAGGTAGCGAAGATGGGAAGCCGTGTCCGGACTGGAAATGTAGTGGCATCGATGGATATCTCGGCAGGTATGATCGATGCATTGCCCATGGACAAACGCACCGCTTAGACTTCTCTGTATCGGTATGCACCCAGGGGTGACTACCGCCTAGAGGAGTGGACAGCGACGCCCTTCTCACAGTTATTCTACGTTGGCTAAAGTCCTCGAGTGGTAAGATGGATGTTGGACTTAAAGAAACCCGTGCAGTTTTGATATCGGTTCCCAACTGTTTCAAGGAACTGGGGTTTGCAGCTAATCGCTGACAAAGACTTAGATGCTTGCTCGGGAGGTATTGATAGTTTAAACACGTTACTTACACGTTGGGGGAGTCGGACGGCGCATTGGCGCTTAGGATATAGCGGGCCAGTCGTT,1945,50.95,Escherichia coli
SEQ_857409,AGGTTGACTGTGCGCAAACGCGGCCCGTGGACAATAGCTCCTCCGAAGAAGAAGACATGTTAGAGAAGTACGAAGGTCACGGATTCAGACCAGGCGGAAGACAATCTGTTCGTCCTGAGGGCATGCCATGAGAAGGCTTGCGGTCTTGGACTTGCTGATTTTGCGGGTGTTAACACAACCCCGCCCACCTTTGCCGAAAGAGCCCCCGCGTGACTCATAGGGATGTGACCCATATAGCTAACTAGCCTGAGAAACATCCAGATACCACCGCAGTAGGTTAGGAGATCTGCATGTTAGTTCCCTGGCATGCTTATCCAGTTGACGGCGGTAACACGGCCCACAACCGTATACACCAAGTTCCGGAGTGTGGATCACATGCCCTGCGTGATTAGTGCTACAGCACCGTCAACGTGTAGGTCGACGGTATGTGGGTCCGAGGCCTTTTTACAAGTGCACCATGGTGCAGAGTGTCTCTCGAGGAACCGGGAGGTACGCTGGGATCCCCTCACGCCGAGAATTCGGCAACATACCCGTGGTATCTGGCACTTGGATAAAGGTGGAATTTCACA,569,53.78,Caenorhabditis elegans
SEQ_598513,AATCGGCCATTGAGGGAAGTCCAGGACACGGGAGTCAAATTACGATATTCACGACATCACAATTAGAACAAGCTGCGCTAGAGTGCCATGGTTTACTAAAAACGGACTTTGAACGAAGGATACTGGATTCGAAGCGAGCTAGTTTAAGCACACTATCTAAACGCCTCCTACAGACCCACACGCTGCGTATCCACCGCGCGGAGGTTCCGGTATACGCAAAGTGAGTCACTAACCTCTACTTGCTAGGGTTGAGTCACAGGCAAACGGGGGCTTGACTGAGGGTCATAGTCTGTAATGTAGTCGGCCTTGAGCTTAGCCGGAACCTTTAGGTCTCAAGCTGTTGGTTGGCAGGACCCCTGGCCTCAAGGGTCAGATGTTAAATCCGTCGTTCCCTAACTCGAAAACTCCATCGGAGCAAGATAGGGCCGTACGTAGATTGCATCCGTCTCAGTCATAAGCCCAGGCTTGGAAGACAACGAACCGCTCCACCAATGTCTGTAATGCGAATAACGGGGCGTGTCCTTCTTATCCGCCTGGGGTACCTAAAAAGCCGATGCGCATTCAACTCAAGTTCGCCGAGATAGGGTGCACATATTGTTTGTTGAACCTGTCTAATGTCTGCTCCGATGTAGTCTAGGCCTGCCTTCCTTAATTACTCCCCGCAATCAATTGAGTTATCTAACTAAGAGAACGCAAGTACATCCATACACCTCCCCCTACTACCGTACTAGTAGGCTCTGCTAGCAGTCAAGCTCCGCTTCCGAATTTCGCATCCATCTACTTCTGGGTTCGTCGCTGTGACACATCTGCGGATAGGTTTATTTTTGCAAGCAAAGTGAGGCCGGGGGAAGTAGCAACATAGAGCGATACCGGCATAGAGAAAGACCCGGCTTGGTCGAAGTAACTGTGTCTTGGTGGGCTCGAGCATAGTAGAGGCGTAGGAATGCCGTCGACATGTATAGGTAGCCTCGCGAGTGAGCACTCGTGCCAGTGAATTTCAGACAGTAACGTCAATAACAAAGAGTACGGCTAGCTCGGATACCATCAGTAAAGGCATCACAGACTGCTTCATTCTTCGCAATATCTTCCCGTTGGCCTCAACAAAGATAACAATGCCCTCCAACACAGTACTTTACGAACACGACATCCCGTCATACCGCGGACTTAAGCGGTTGCTACCCCGGCCAACGATAACCCAGTCCAGTATTCGGCCTTATCTCAGCCCTCAGTATCGCTCAATTCTGGAGTGTAGTGCTTCGCTAATTGGCGACCAGCCGAACACGTATTTACTCTAAGCGCACTTTACTATTTCAAGCCCCCGTTAAACTGTGTGGGAGTTGCCCTGGGCCGCTATCTAACTTCATATGCTAGTAAGCCCAACGATCCTGTATTTGAGCATCGAGCTGTTTGGTGTGGAGCGTGTCTCGTTCTGTTGGCATTTCGCACTTCACCGGGTCTCATAATGTGCTTAATCCAGTAACCACCCCGTATATATGTACCGTGGAGGGTTGCAGATGTCTAGTCGAGACCTGTACTCCGTAATGTACTCTTATATGTCACCTCGCTGACCTGCCTAGAGTTCGCTTCTCAGCATTAGGACAGTCCCGGATGTCGACCTGTTGAAAATACCACGTTGTCGGGCCGGACTACGGTGCCGACGAGTCTCGA,1668,50.12,Homo sapiens
SEQ_156828,TTTCTTCTAGTTCATATGCTCCACAGGGACCGTGGCCAAGAGTATCATCAGTCTCGTACACGCTGCAATTAAGATGGCTCAGATTGTGCCGGATTCTATTACTTGATACGGGAGGTCCCACCACCTCAAATCATTTATATGCATTTGAATTATCTGTGCCATGGGACGGCGGATTCCAACCTATTTAATGGGCCGTACTACCTGCTAACACGCGGTCGTTCTCGGGTTGGTCCCCGAATAGCGTTAACGATCGCGGCGATCGTGGACGCCTTAAGAGACATTATGGCAATTTAATCACCAAAGCTAAATATTATATAGATCCCATGGAGCAGTCGCCTGGCTATGGGTGTCTCCCATTAGCATTATCTTTGACGTGATTTTTGATGGCTCGCTGCAGTCAGACAAAGATGGTGCGAGGAACACCAGGACACGACTTTACTTAAGGGTGTTAAACTTGCTCAAGCCAAGGGCCAGAAGGCAAATCGCGCTACCTAATGATCAAACTTAGAGTAAAACGGTCTCACTTTTCGCCCGGATCATGGCTACCTGCGGTTACAGACCTACCCTTGCGATTCGGATAACTCGAAGCCGTCTTTCTAAAAAGCACGGCGTAGTAGTACCGGGTCGGACGCCTCGACGCTATTGGGCCAGGCGTGTAAGACTAACAGAGCGATTATATAACTTGCCGAGCCGGCCGCGTTGCTCACTCGCCGGAAATCCGGGTTTGAATGGATGGCGACAATCGCCAACAACCGCGCAGGATCTTCCTTGACAGCCACGGACACGTCACTCATGGCGAGCGAGGCATGACTGCTACAGAGCGACCTTTTACGGCGTTCCAACTAATCTATTAGGCCTGCGTTGAGCTGCGGGTGTGCTGTAACACCATTCTGGAGGGATTCCATCGCTGAACTAACGGCCAGATCGAACAGTAACATTTTAGGTTTACACTCAAACTAAAACCGGTCGAGGGCGGGCCCCCGATAAGCGAGCGGCCGGTCTTTTTTGGGGTATATGCTCTTAGCCATTTAGTTCCAAGGACACGATTCTTGATTTTTGTTCGTGCAAGGCCCAGATGGGTGAAAAAGATAGAGGCATGCCTTAGCCGCAC,1111,50.23,Mus musculus
SEQ_350478,GATTTATAGCAACATTTTTAGTGGTCCGTAAGTAGTACCGACAGTCAGATCCTCTTCGCGTCTCCTCGAGAGTCTTCATGGTTATTGTTGTGAACCAATTAGTCCATTTACGGACTTATATCTGCCGACACGTGCATCACCGCATGGTTACCGGCGGCAGAAGCGGACCCTTAGTGAGATAGGGATGGATGCACACGACTTACCACTACCACTACCATTCCCAGTTGAGGCAGTGCCACCAATCCGGAAGTACATCTCCTAGTGGACACACATCACGGAGAATACAGAGACAACTCTATCATGTTGGTAAGCGAAGAAGTGTGCCAACTATCGTAAATGAGGAGTCTCCGCCTCCTAAGCGATGTCTTCCTTGTTCCTACACCCTCGCGCTATAATGGCCAATGATGTCTTAGATCAGAACACGTCCGTCCGTTCTTCTATTCATGATAAAAGCGCCCGGACGATCGCCAGTATGGCGAGACGGCACTCATAGGAATGCTTATCTGACCAGTTGTGACACTTATGCATTTAAAGCGTGGTGAGCCTACATATGGTTCCGACCGTTAGATGTCAGTATCTAGCGAGCGGGTAACCAACCACACAGTATTCAAGATCCACAGTTAACGCCCATTATAAGTATGCCAAAACGAGTCGGAAGTGGCTGTATTTCGAGTTCACTAGTGCGCCACGACTAGAGTCGCGTCGCGCGCTCCGCTACCGGATGTTACGCAAAGTTCTCCAGGATATGTAGCGCTTGGAGCTCAAACGACGTTTATCCAGGTCTGTCGTCAGTGGGTGTACATTGCCCAAACTTATAAGGCCTCCCGCGATGCGCGGTGAGGAAGTTGCAGTGCTTTTTCAGCGAATGAGCCGCCGCACCTGATGTTCCCTTTGCTCGCTTAGCGTGTATATGAGGGCCCCGGCTATTCTGACGATGCGATGGACGCTTAGCATCCAAAGAATTGTCACCTTGCATGGTCACATGGCTGGAGGAGCAATAAATGTTGATGGTACAATCATTAGGGAACCATTGGGGTGTTCCACATTGTTCGCGAACAGTTCGAAAATAGATAATCCCCGCGGCACCCGAGGTGTGGATTCACCTGGTGTGGCAGGAGTATGGTTATGGCCAAAGAGTAGTATGTGGGGCAATCTGGGGTACCAATTCTCCAAGGAGATTTCCGCGCGTTGGGTCGCGTGCGTTCTGATCCAGGGACAGTGACAATTGCGTTTCACTCGCATACGAAACATAAATATATTGGGCCTGTGTCTGGATAAGAGTTGAAAGGTGACTAACTTGAGAACAAGCTCAAAATGGTTCCTTCATAAATATGTGTTATCTACCCCGCACGCAATGGTTTCGTACCTCAAGAGCCCGTGCCGTCTCGTGTCAGTTCCTAAGAACCATAGGATTATGTAGTGCTCTTATGCGCACGGTCAACCCCAGATCGTTCGGATGTTGGGGTCCGAGAAGAGTCGGCGGTAAATGGTGCGAGTACCTCAGGGCAGCCGGAGACAGCGTCGTCCCATCAGTACCGAAGCGCACGATTGTGAAACAACCTGGGTCACAACGGGATGGCCAGTGAACCGTGAACATTCTCTCAGTCTCAAAACTCACCTTGAGCATGGGTCTCAGGTCCCTCTGAACGAGACGGTTTGCGCCCTGCGATGGGCTAGGAGAGGCCGCCCCGAGCTCCCTGGCCGTAGTAAAGCTCTATGCCAAAGTAGTCTGCATATATTCTTTGCGATTGCACGGAATCGGGTGGATTTCGGAAAGCCGTACCTCCCGCTATCATATCAGTTCGGTGTAACGTGCTTGATGTGCTCGGTCGCGTTGTATAGGATGACGTGGAAAAGCTCAGATGTTGGACGATATATGAACTGTAGACGTCTACAAACGGCACTTCACCATTACAGAAGGCTGTGGCACAGGTACATCCTCAATTGCCTA,1951,50.33,Homo sapiens
SEQ_963856,AGTAGCTTGCACGTGCCCAGCAATATTTGGTAAAAGACGTGGCCACATCCACACCTGAGCGAAAATGTCGCTAGTCTGCTATTAGGCGGAGAGAGCGCCACACAAAGCTCAATTCCGCGACCAACGTCCCATCATTGGTCATATAAATCACGTTGACCACCCATATAGCACTCTAAATGACAGTGGTGCATTATTACCTTGGAGCCATAAGGGGCGCGGGAGCTCTAGGACGAGCGTAACTCTTTCTTGCGCAGTCCAACGATATTTTTACATGAGG,277,49.1,Arabidopsis thaliana
SEQ_946880,CCCTAAGACTCTGGATAATTGGCACAACGACGAGTCGGGGTAGGTAAGCTCAGAAGGCCTACTGTATGAGCCCTCAGGGTACATTAGGTCAAGCCGGACCGGTTTATCCCCTATGCCCCCGTATGGCGCGCCAGGTTTCCTCGTAACCAGCATATACGCGAACTACCGACAGGTGGCGTGTACCAGGGCAATATCGCAAGTATGCATGCTATCGTTAACGTGGACCGGTTGTCGAAGTCGTGATTGCCTCTACTTTCCTTATACGATCTATGTGGCATTCCGAAGCGCCGACCGCCACATCTCTCACCGTTCTGGTTGAGCGCTTAGGCCGTATCGGGTTATGTACTCATCTTACTAGCTTCCATTGTGCCTTGAGCGCCACTACATCCTATATTGGGCGCCCCTATGCAAAAAACCATACGTGTAGTTAGGTCATCTATTAGCGCTGCTAGTAAGGGTATACTCTGCCCGTTCTACACAGAGATCGGGGCGTTAATACTTTCACTTGGCTAAATCGTCAGGCCTTAACAATACGACGACTAGCGAGTACGGGATGCGCTAGTATGCCTTCGGTAGTCCAAGACGGTACAATTCGAATACTTGATATTTTCAGACGGGGCGGTATATCCTACGTTACCTTTGCCTGTTACCTCGTCTGTCACAGCCTCTAGCACGGGGCATACGATAAGAATCGTTACTTCTACATGTAGTCGTACACCTCTCTGGCCACCAATGATCAACGGGTTCGACACGGTTCGACCGCGCACCTGCAGCACTAAACAGAGCGGGATCTGAGCATACTCGACGACACCCCCTAAGTAGACCCGAGACTTTACACATTCCAATGAGCAGTGATCCGTCCTTCCTCGGGGAGTTTTGCTTCGCGTTCCAGTCAGGACTCGCGTCGATGGATCTACGGCCTGAACATATGT,932,51.39,Arabidopsis thaliana
SEQ_135009,AGAATCCGTAGTACGCCTTATAAAGGAGTGGTTTTCCCGACGTGAATAAAATCTATCCTTGCCAACCGAGATGCTGGATCGTTGTTCCCCGCAGTCCGGCGCGGTACCGGATTTGACATGTAGACAGTTTAGCTGTCAAATGCGAAATTTATTATGCTTAGGCACAAAGAAGTCGTCTTTTGAATCTAACTTCTGCTGCCCTTGATTCAGTTGCCGAGCTCTTGTGCGCCGGTGCAGGACTGTGGTACGCCGGCTACTACTCATTAGTGCTTTAACTGTTTAATGACGGTGAGGTGATGGTTAGTTTCCGAACAGAATGCACATCCTCCGTACACCTGATAGCCTAGGCCGACGAGTACTGAGCGATTGCAATATACTCCGCCCCAGATCACGTGGAGATGGAAATTAATAAATGAGCCGGAACTCCTCACTCTTGCGCATGGACTGAGTTCGCGAAGGCCGCGAACCCTATATATAACGACCGCTTTATGAAACTTCCAGCGTTTCAGTTCCTACATGCTACCACATTGGCCGTATGTGTTTATCCATGCTGTTTAACAATCTCCGCGCGACCATTAGCCTACACGCCGTGGCCAAGGGGTACCCACGCAATAACCCTGATAGATGGTGTAAGCCGGCAAATAGTTTATCAGTTCGTGGAGGTTACGGGCGCGGTTTTTATAAATGTTGCACCCCTATTGTCCAGGGCAATCTTAGAAGAACCACGCCACGCGCTGGCTGGGTTTGACGTCATAAGAGAGAGATTGCTGACCTTGGTCCCTTTATGATAGATATTCCCCTGCCCGGCGGGAGTATCACCCAGGATCGACCAAAGTAGGTCCGCCCTCCGCA,852,49.77,Homo sapiens
SEQ_924947,ACTCGGACTACGCGCAATTCTTCATGAGCTGTACTCCTATCTCTGAAAGTTGCTGATATGACGGGAACCGCAAGCACCCGTTACTGTACGTTCATAAGCACCACCCTTAGTGTTGAGACTTCAGCGCCGCTGGTTACAATGTCCGATATATGCCGTACAGAGCTCTAAGGAGCCCTTATACAATTATATGTTCCTCGATCTTATCGGATTCGGTAGCCATATCGGGTCCACCAAAAGGGTCATCTCCTACCTTCTTAGAGCGTGAAACGCGAATCTGGGGACAAATGCCTAGCGCGAGAACGGCCGTCAGCGCGAGAATTATGCTTGTCGCCCATACCTTGC,342,50.0,Arabidopsis thaliana
SEQ_903436,ATATAGTGGGCGAATCCGACGAGCCCACACTCAGTCAAAGACCCAAGACCCACGGGCCAAAGACGTCCTTTACACATTAAAGATAAATCGGCCTCTTGCGTATACCAGTTTTCGATGCTACAAACCATAATATGGTTGTAGATCGAATGAAGTAGTTGCTCAGAGTGCTACATGGGCCACCATCGGCACTAATACATTCGCCCTACCCGTGGCACGATAAGTCAACGGACAGGGAGATAATCGACTTGATTGTGATTATGGGGCGCATCGCGTCAGTAGTATGGCCCGTACCCGTTATGATCTTTTTGCGGGGTTTGCCCAGTCTGAGGGATCTTACGGGACTTGGATGCTATTCTCCCCCGTGGCTTTCCCGGGCCCAACGACTCGTTGAAGCAGACATTCGCTGCAGACGGGTTGCATGCCCGTTACGTAGAAGTTTGTCGGAACACGTACCAAGGGGTTTGGCCTCTTGTGACTTACACGACTGTTACGGGCGATACACGAGAATCCGTCACCAGGGGATTTCTTGTGCATTGTCCGCGACGGGCTGCAACACGTCCGGACCTTCTCTGTTGGTGCAAGCAATCGCAAGGTGTAATCAGCAACGTCGTCGGACCTCTCACGCGCTCAAATACCGCTTTCTCGGCCCTTCGACCAACCGGCCGGTCGCTAAGGTATAATTAAAGCTGGGTGTCAGAATTTATCTGTGTCCCTCGTTTTGAAGCCTACCTGATTTAATGTGGACAGGGATGTAGCCCCAAAATAACGAGCCATCGGATACGGCCCATGTAGATCCATGAGAGAACCGACTTCGGCTTCATTGCTACCAAGGTCTCATCCGGTGAAACGCAGTATGCGGTTAAAACCGTACTGAACCGGTACTATTGGAGGGGAGAATCCTTATGTTTTGAAGAAGCCGGCAAAACTAAATTACTGAAACTTGCGCAATATCGGCGCACGTTTGGAATGACATGACCCACCACGCATGGTTTGGGTGAATGCCGCGATGTTAAGGGATCCTGACGAGACCGTACGATTTTCATCGGCAACTCATGGAAGCTGTGGGCGAGGATACAGTGGCCCACCCACGCATAGTAACATGTGTTGCAGCCTAAACGTGGCCGGTCTGCACAAATTCCTGGGCTGAAATTGATGCTACCATCTTTTCTATGCCTAATACTATCATTACCCATATTACAGGTATCGGTAAGGCAAAATGTATAACACGGGGCTCCGTGTGACGGATTCGGTTGCTATGGTTCTTATATAGAGGTTGGGACTTGTTACTACTACTAATAAATATAATCACTGGCTCACATACATAAGAATTGGTGCCAAAGTGTCGCCTCTGATATCTTTTACGCTATGAAAATTGGAAGCCTACAGCACTAACAATGAAACTCTCTCTAACGGTAACAGGGCCTGACCAGGAACAAATAGAGCAATCATATTGTACGGTCCGTTAGCCTAGAGTCTTGAAGCTATCAACATCCAACCTGCCTGTTCACAATCGTTAGCCACGTATATATATTCAGATATCGTGATCCTGAAGCGCGCCATGTGTTCCCGCTGAAGTAATGTCTGAGCTATTTGGTGAAAGGTGTGAATAACCGCTACCAGGGTCGGTCAAAAACGCAACCGGCGGAAACCGCCCAATGGAGTACCCCTAGAAG,1673,48.89,Arabidopsis thaliana
SEQ_775146,GGTAATTAAATCCATTTCTCCTTCAATAGCCCCCGTCTGTCGATCACTAAGGGTTCCCAATCCAGGGAGGACTGCCTTATAACTGCAATCTCCAAGTAAGATCGAGTGGTACGAAGCCCAGTTCGTAATCATTCGCATCACGTCTCGCCTACGCGATGGGCAGTCTGCTCGACCAACGTCATCAGGCCAGTGCCCCGTACGGTGGACCAGGCGACATCGGCCGTCCCTAGCTGATAGTCTACTGTGGGTAGGATGTAACGCAGGGACGGGCCGATTTCTCAAGTGGGCCATCCGTCGTCTCCAGGACCATACGAGATTCGGTAATGCTAGTGAAGAATAAAGTTCGCTCTAGTACTAGCCTCTAATCTCTACTAGTCGTAGTTGCTGGTTCAGTATACGCTATCCACTTCCGGTGTTGTGTAGGTCTCCAAAGGGAACGTTGGAGGGTCCGTAAACCTATGTTACATAGTAAGAGCCCCATCCGATCCCGCCCCCTCTACAAGTAGGTGTGTCACGACCCTGTAGCCGATTAAAGTCTGAAGTCAGATGAGGCATCGGACGCTTCTGGGGTGGTGGTGTACACATTTGCACGTAAAACGAGCTAGTCGGTGTAGTTTAGTACTGGAGCGGGCCAACTACGTTTCTCGGCAGGCGTCATAAATGTAATGTGTAGAACAACCTCGCTTCGTCCCTGGCTTTAAGCTTCAGTTCACCCTAAGAGAGAAAAGTGTCACTTCTCACTGGCGCATCCAGAGGAGGATCACCAAGATTCGACCAG,778,51.41,Saccharomyces cerevisiae
SEQ_258519,AGAGGTCTGCTTGAGGATCATCAAATTACCATGCCTTCAGTTAGTCAGTCCGTATATGTTCTTATTGCGCCCGGGGACGATATCGGGGTGTGCGCCATTATGTACTTTGTGATGCCTCGCTCAGAACGTGAAGGGAGTGTCCAAGAGTAGGAATGTATACTTGTAGGCAGTGTTGTCACGCGCACATTAATGAGGTGACAAGGCCCTCCCGACATCCGATTACCACAGCGTGCCGGGGTGTAGGGGGACACAAAGGATCTGGCGTTCTCCGAACGTGATATAACCTACGGGAGGAGCAAAATAACGTGCTAGACCCCCTACAGGGACAGACACCAACTAGGTTTAACAATGACTGGGCTCCCAAGTTACGAGGCCCTCTTAGTGGTTCAGATTGAGATAGCGCTGATACCCGGCGGATAATTTTCTTAGACGAACGGACTACTAGATGGGGACGCGGACATTCTATTTCTGAGCGCCCCCCGGCATCCGCGCCGCCGGGTGCGAGTCCACTTCCGATCCTAGGGTTTTAATTCATCCAAGTAAAGCGCCACTCCGGGGCGCTGTCAGAAATATTCTAGAATTCCGCTCAAGGCCCGCGAGGTGTGTCTCATTCTGTCACATACTTGCCGCAGGTACGCATTTGCCACCCCGACTTATCACAGCTTACCAGCTGATATTTTCGAGTAACGCAAAGCCGGGATCTCGTCTCGGATATTTCATATCGAGTAGACTATGCTCAAGGAGTAACTACTAAGATCGTATCGGATGCTGGCTTTAGGACGGAATGCCTGGACAACTGTCGGCCATATGATTTGCAAACTTATCGGAGCGTATGAGGGAGGGACCTACGTGCTCTGCGGGTCTACGATAAAGTCCGATCCCCCTAACACCACCAAACTGTATGCGAGACTGAGCAAGTGTGAAACCGGTAGCAGCACGCCGGGTTCGTAGCGGCATGTGTGATAGCTATTGTCTAAATTACGCTAGGCTCTAGACTCTTTACCACCACATCTTTGTTTTGCTGTCTAAGTTTGGGCGTTGCTAACGACTTCGCGGCGAATTTTTAAGGGAGGGGCATTAATCAAGGAGCTCCCACGATCGCCAACTATTACGACAGATAACAATTAAGGGAAGATGGAATTCGATTAGTTCACTCGTCGGCGGAGCCGCCGAATCCCATCACCGACGGTGGGGCA,1196,51.17,Arabidopsis thaliana
SEQ_253014,AGAATCGACCCACCGGGCCAATCCTCTGTCCGCGTAGGTGCAACTGCCTTCCTTGCTGTAGATGATGGTACGAGCTTGCATCGCTGACAGGTTAGAGAGTGTGATCGGGAACGGTTCGTCAAAACTGGAACCAGTTTGCGTTTCGTTGGTAAAGGTCACCTGGTTTACCCCCCAGTCCTGTCGGGCCATTGAACAAGTGAGTCAGAATGGCGCATACCGGTGTCATTCTTCATCGGATCAACATGTGCCCCCTGGTTTCTGAAGGAGGTCTACCGTCTCACCTTGTGGTAAGTCCTCTGACACCGAATTGCTGGTAAGGCAGTGTGATGCTTAGACGGAAAATCAATCATCCCTTTGGGGGTTAATTGCGCCGCTGCCCCGCACCTTTTTCACAGAACCCTCAGGGGACTCGCGACTCTCTTACACTACAGCATTGTTCAAACAGGGAGGCTGGAACCTGAATCTGCCGGTTTACTGATGACGATGTTCCTTAGAGTGCAGTAGCGCAGCCTCCGGTCAAATGGACGCCTGACTGTGAAGTGCCCAAATTTGGGCATAAAGTGCTCCATGCCACCCGGATCCGGACAGGGGTCGGTATTAGAAGGTAAGGGGGCGGAACTTAGCCCTTTATAATAGGGGGGGGACCCGGCCATCTGCATTTGCTGGGCTGACAGAAAGAGCATGTTGTATGAAGGATAGTCCTCTAAGGCGAGCTTCAGGCTACCCAGCAGGCAAATCTCTCTGCAGGGTTTCCCTTGGATTCCTGCAGAAAATCTTCAGAACGTAGAAGGGCCGTTTGTGGACACAAGGTATAAGTACACCGGTCTATAGATCAATAGTCACGTGTCCTAGTTCTACGTTTCCTTCGACTTACACCCCGGTGAGTGCGCGAGCTTGCATGTACAAGCGCCTCTATCAGCCGTATTCGGGGTAATCGACAAGAGGACAAGGGAGGTCTCCCTGAACGACGGGTTGGGATGTTTCGACTGAAATCCACAAAATAAAAGGACAGGGGAGATCGCGTTCTTGATGCAGGCTCAAAGTCTACATAAGGGAAACGGACGTCGCAACGTTTCCATATTTCGAATTATGTGAACAACTCGCACAAAGCATATAGCGATCGTTGG,1127,51.46,Mus musculus
SEQ_551625,AATCTTGGTCAAGACTTCCAGGGAAGATAGGGCCAGCCCACCGACGTCGCTGAATCAGCCAAGCCTGCTCGATCTGCTCTTCGGTGCGGTACCATCAGTTCCATAGGATCTTTCAACGACTATGCTATGGCAGATACGACGCGGTATGTTAATACTCCGCAACAGTTTCTTCGGTCCGATCCCTGTTCGTCCCCATTTTTTATCGCTTAACCGGACCCCCCCGTTAACATAGCACCAATTTCCTTACTTAGTATGAACATTTACAGAAGAATTGAGCCTGTTCAGAGGTTCTTCTTTGTTGATCAATTCTAGGGTACAACGTAGAGCGATCAACAAGCAAATTTATATGAGACGGATGCTCTCTACACCTAATGTGCTCGCATCCAAGATTCAACGAACATACTGCGGAGAACGGGCGAACCATCAGGGACGGTATCTACAGTCGCGTCTGGACGCATTTCGGGACGTAATGGCCGTGGGGACTTCTTAATCTACTATATTATCTTCGACAGAATCATCTAACCGTTAGACGTAATGCAACCAGAAAGCGAAGGCCTAGTCACCAGCGAACCCCCCCTTGAACTTCATGCACTGATATCACCTTGCCGACTCCCCTGGCGCGAGCCCTATTTTACATCTGCTTTTAGGCCGGCCGAGAACTACCGGATGCGGGGGTGAAGTTTACAAGGACCTCGGCTGGTGGTAGATCCGGTTTATTCGCCAAACCAATCACTCGGGCCTTGTTATTAAACCTTTGCAATGACCTACTGATACGTCGAATAAACCCGCTCATCCCTGACGGCT,804,49.13,Homo sapiens
SEQ_617281,CGCGATCAGCGCATATAATCTCATGGACGCTAAGCGTTAGCGCTCCAATGGATCATATACCAGATGGGAAAACGGCATCTTAGTGATTTTTCAACATACTCCATGTCTGTGACTGAAAGCGTCCGATGGTAGCTACGCGCATTTCTTGGGAAGTATCCGATGACGAAGCGTTCTTTGTCGCTTCGATAATCGTGAAAAGGTCCGGTTGTATCGGGTAGAGTAGGGATCACATCAAGCCCTCGTCGGATCCCGAGAAAAAACTTTCATGATGTGAACGGGATATAATAGAGCGCTCGCATGTGCACGCCTGTGCCTTCTAGCAACACCTGCTGTAGCCAGGGTAGGACACTTGTCTCCAGCGAATTAATAAGTTCCACCGTGAGAGACGCTTCTCTTCTAGCGCGGATCAGTCTTGAGATCGGGAAGACACAGGGCCCCGGGTCGCACGAACCGAGCTTACGTGCGCTGATCTGCCGAGGGATGGTGCTACTAGCTTAGTACAACGGTATCAGACCACGCTATGGGGCAGTCTAAACTAGATTTGATCATTGTCAAGCCACGGCTCCAAGGGACCATATCTAAGAATGATACCGAAGTTACGTCGGCCTCATAGCGTCACCTCGAGGATGTTCACCAGTCTGAGGAATCCCCCTAGCGTTCTATAATGCCCGGATTATTGCACAGGCCCGCTCTCACAGAATTACATCCTAGAGGTCATGATATCGAATGCAGATAGCCCTGTATTCGGGTTGTTGGCTATGACGTCTACTTACCACGAAGACTTCAGATCGATTTATCTCACTCCGGACTTCGAGT,816,49.88,Drosophila melanogaster
SEQ_971571,AGGCTCGAACCGATCCGACGCGGCCCCACGCTCCAGATGCGGGACGTCTGCTCTGATTATCCGCGGCGCCTAACTGGCAGAACTAAACTATCGAAGCGCGTGTACGATTCAGATCGGCTGAGATCAGTGTTAACTGACCGAACCGTCCCTGGTTCGGGGTTGAGATGAAAAAACAACCCGCGGCATTTACTGATTTTTCAAGGGCCTTCTTGTCAAAGCACGGTGACGGCCTCCCGATGAATGATACAGGCTAACGGGCGCAACAGTCATGTGTAGGGCGAGACCACAGAAAACTTATTGGAATATTGAGAAAAGACTTCACTACCAATACCGAATGTATATCTACAACTTGACCCTATGGACCACATTCATATGTGTATAGATGTTGGCAAGCTTAGCATTTTGTAGCAGATGCCTTGTATGTCCAACTGCAACTGTCATCCCGTCCATGAGCATAAAACCCGGCTGTTAGCGTTAGACTCTCGACGGAATTTTCCGTAGACTGACTTCAGCGTCGGATGGTACGGCTGGGCCACGAAAGGGCGTTATAAAGCACTGGAACTGCGGTACGTACACTTCTACATATGGTGCAGGAAAATCGACCATCTAAATCGCTGGTCGGATCACTAGGCTTGTCATCTATCTCATAGAACAGTGTGGATAACAGCAGCAAAATAAGAGCAAGTGTCGATACAGCCCAACATATTCAGTTCTTTTTAAGCAAGTCGGGCTTTTGACTCCTATCTTGTGTTCGTCTCGATCCCGAACTCGTAATCAGCCTTCGTAGCACCTGTGACGTACAGAACCGCACATGTTGGTGCAGTCAAGCCCGCATAAAGTGGAAAACATGTCCATTTATTTGCTCTTTCCTTCCGGCCTATACAATCCAACCGTATGGGCCTTGCCTTGCTATGCGAGCGCCAGCAGATCTCCGATGAAGGTCTTGGCTATAAAGCTTTGGATGATAACCTCATCCTCCCCACAGCCCTTCGATCGGCGTGAACACCGCGAGCGTGATGTCTTTGACAGGCGGTCACCCAGGAACAACTGAGCCTTGGACAAGCAGTGTAAAATAGTCGCGCGTAGGGGGAGCAAGACGATATTACAGGCCCGTATCTCATCGGGCGTGTTTGTGGGTGGATGGGAAGTTGCACCTATCACATATGCACCCGGTTCGTACCTAGTTTTAGAGCGAAGGCACCGTCAATCCTAGAATGCGACATGTGCCAAGTGGATAATGGCATCGGCCGTAAAAACTCGCCTTCCCCTTGAGATAGGTGTCAGTAGAACAACTGCTGGAAGACGTAATCAGCTATTTGACCCCGATGATTAGAACTCGAGGACGGAACGATCACTTGCTCGGTGAGTCTTGAGTGAAACGACGACGCTGATAAGGGTTAGTGCTAGTCTGATACACCCATCGACGACTACCGAGACCCAACTCTAAGCGTGGCACCCAGACAGCTTAGTGCATGAAGAAGCCGCTCGAGCGCACGCGCGATAGTCTCATAACGGCAGACGGTCGAAGCGGTGTTGGTGCGAGCAGCGCGTTTACGTTTAACGCTCCCGACGCAAGACCTGTTATTGC,1588,50.5,Saccharomyces cerevisiae
SEQ_911654,TCCAGTAACCGATTATAAGCACCCCGAAGTTTGGCTCTATCGCCATATCTGTGAGCGCACCTTGCAAAGATGGCCCGCCACCTGAGATTGCCATAGAAAAGTTGACTTGAGAAAAAAGGGTATTCTCGGAGGCAACCGGTCCCCGGAGGCGATTCTCGTGGCAGTCGAGGGAGGAGATGGTTGTCCCGGGCGATAAGCACAACGCCACACTCGCGTTCATGTACTGGAGGTACGAGTTTATTGTTGCAGTCGGTGGTATAGCAGGCGTGAGCTCTTGAGTGGTGTCGGACTTTTCGGTTTGCCTGTTCGAGTAATGTGTGCAGCATCTGTAGTTCCGCAGTCTCGCTAACCCAAATAACATCCCACTCGTCAATTTTTTTCGTTACTGCATGTTACGCCGCGGGATAGAGGGAGGCCAGCGATAGACGGCATCTAATTGACGCGAGTCTGCCCGGCTCTGCGAAACATATCGAGGCGCT,479,52.82,Drosophila melanogaster
SEQ_647990,TGCCCACTACTTTCCCATTGAGGCAATTAAGAAGACTTTACAGATGTCCTCTGGGAGGCGCTGAGAAAAGTGCGTCGGTTGTAAGCTTCTTTTATGAGGTTTCTTTTCCCGAAAACACATAATGTTTACCCAGGTGACCACGCCAATAGTGTCATTGGGTATGGCGCTGGCAGGCGAGGCTGGGACTGAGTAATAAGTATGATCTTGTAGTCGCCGTACCTCATTTACAAAGACATTTGGTAGTCGCCCAGGAAGTAGTACTATAAACCGGTTGCGGAAGCATTGCCTCTCCGGTGTAGGGTACTCTTGTAGGACTAGCACCGTAAATTCGGCGGCTGGTCGGGAATCGAGAGTCGTGCTCCATGATAGTAGGCCGCAGCCCCCTATGGCATGATCGGCGGCGACGGGGTCCGATAACGTCTTTGTTACGCACCAGACAAAGTCCAAGAAAGCGTTCGAATGATGCTCTGGGAGGTCTGGGTCGAGCCTGGGTGGTTATAAAGGCCGCCACAGACGAGAACCCGCGGGTCGCCCTCGACACCACGGCACTCGTATAATGACGGTAAGCTGCGCCGTGCATAGGAGGCCTGGAGGAATAAAGCCTGGGTAACCTTTACGTCCCGGGGACCCCCCATGGAAAAAACGAACCCACACCCACCCCAGATTCAGTCCGACAAACCAACGGGCATGTTCAGCTGATGTCTGTACGGTTGCGCCAAAGCAAATTTAGTGTTGCACGTTGTCACTTGCGGTGATACCTTCAGGCCTCACTTGTTGATATAAGTTGTATTACTGTCAACGCACGCTAGGATCAGGTGCTATGGGCTGGTTGGCACGTACGCTTTGACTGAGAGAAGTGCGTCGGAATGTTGTCCACGGTTCTCTGTTCCAAGTTCACAATAGAGTAACTGTCCGCGTTCCATGCCCCTGGGTAGTCTTAGCAGCGTTGACCTTTCACGGATTGGGCGGGCGGATTCCAGACCTTCACTGCCAATGGCATTTGAAGGGCACCGCGCGTTACCTAGAAAAGTTGACGTGAAATACCCTGCTTCTTAAGTAGCAAGCATCGCAAAACGTGGAAGACCACGGCAAGTTAAATCATTTAACAGGCTATCTCGCGCCGGTTAGGGGCAGCCCCTCTAATTTTTATCCGATCTTTAGGCGCTCGTTTATAACCCTTAGAGTGGCAGATGTAAGATCGACGTCCCCATTTGGGCGGCCCGATACCTCTTTAGCCCCGTGCAGTTGGTGCCAGGGGAAGGTAATCGCTTGAGAATATTCAAATTCTGCGACAAAGAGAGCTTTAACACGAAGGGGTGTCGCGCGATGAAGCCGTTAACGCCATCGAGCGCTACATCTAGCACGAATGGTCGCTTCGAAGTAGTTCTGG,1390,51.94,Caenorhabditis elegans
SEQ_207342,GTTGGATACATAGTAAGGCACCCGAACTGCATGGTATATCTGATGAATTTAAGCATAGAGCGTTGCAGACTCAGGTTAGGTCCTATCGTCTGAATCACGGCATGTGAGGATACTGTAGAGCACAACT,127,44.88,Saccharomyces cerevisiae
SEQ_378711,GTCAAGTTCATCGTGACCTATCCGTTCAAAGAACAGTGGGTGCATTCTATAAAAGTTGTATCCGCTTTTACCTTTTACTTCGTGGTCTTGCGGTGCAGTTGTACATCTTTAGCCTTACCATGATTTCCTTCTTTTTATTGTCCCGTAATCATATGCGCGTCGAGTCGGCACGTTATGGCCATCACAGGGTCTCGGGAGCAGTACTCGAGCAATAACACGAGAGAGACAAGATAGGAAAGTGCTGTCAGAACAGACGGTAGTATCATCTCGCAGCCTTCTCGAAACCCTGCTCCTAAGCGTTGGAAGCAAACAACTGACTCTGTCGGTTCTTTGTCATCAGTGGGGACGTATAATGAATCGTCGGTCTTGTTGACCTCACGCGAGAGGCTTCAGTCCGCGCGGACGGCCGATACCAACGATCGCCCGTGTAATGGGGATAGAGTACAATGAGCTGTGGCAACGTGGATGACGCAGTGGGCATCTCAATAACCTTTGAAGTACAGGCATCTTG,511,48.92,Caenorhabditis elegans
SEQ_189308,TACGACTCTGTCATATCCCTGTTTTAAGTATAACATGTACGATTGAGATTCTTGGCACCCAAGGTCGACGAACTTCACAGAACATCCAACGCCCGCCTCTGGGATCCCGCCTTAAACCAAAGCCTAATAGACTTCAGTGGTACGAAGGTGTTTAGCAATTGCTGTCAATGAATTCTCCCCTCTCCGATCCGGGGCTGAGAACACCCTAAAGCCTCCCTAAAATACGTAAGCGAAAGCGTCGGTGCTTCAGTCAGACCATTAGTGCCCGGATGAAGAAATATAGCCTCATGTACGCCCTGCCTTCCGTTGGATGAGATCCGACGTCGGCATTAACTCGCCAGCACCTGGGCTTCAAACGTAGGGAGATCGAAATCTCCATGTACCAGCACAGGGTGCCATCGCTAATCTTATTTAACCACACCCAAGATTTCTACACGTTTCGTGAAGCATTGCATACAGTTACATCTTAGTTGCGGGCATTTATGTAAAAAATTAATCCCTCTCGAAGCACCTAAGATCATTAGACGGGTCGGTTGCTAAGATCCGCCCGGCTAGAGTCGCAGATTGGTGAAATGCGATTAAAGTATTATCGGACTTCAGCTTTGCTACAGTCGGTGACGATGAGAATTGTCTAGCGCCAACGTAACGGGAGGAAATCTGGATCCGTAACCGGTCCTCGGAGAGGTAAGCGACGACATCGCCTAGCTACCTGGTAAGTTTTACACAGGACTCGCTGCCTTCGACAGGGATGGGGGTGGCTTCGTCCACTCCAGGTTTATTCTTTGCCGTGGTCGCACAAAGAAACTCGGTGACACTGAACGATAGTAGGTGGAGACTGCTGGCCACACCCATTCGATACAATAAGAGGCGATGCTCTACGTGCGATGGGTTGCAGGACTGGACACCTCCATTAAGATCACCCCACATCTCTTGCCCTACCAATGAGGGGAGGAAACAAACTGTATTAAAGTCAGACTTCCGGCCGAAGACACTTATTACTTCGGGAGGAGCCACAGGCCGTGAACCGGCTCGAACGATCGCCTGACAGAACAGCGGATGCGCCCATTATTATTGCGAATCTATATAGAGGTAGGTACTGTTGTACACTACACAATATCCTGTCCAATCATGAGTCGAATAAAGTAGGGCGGATGACGCTGACGTTACAAGTGGTAATCCAGGAGCCCCTAGGGGTCGTAGTCGCGTGTCGCCTCCGTGCCCTTTTATCTGGTCAATCATGTGCTCTTAGGTGACGCATGGACTCTCCGGGTTAAATCGTATCAGAGAATACGGAATTAGTCTTAACCGTTACGGTGCTAGACTTACTCTGAGTTATCCAGGAGGGAATGCGAAACTAGTCGCGCACGTGGTTAACCGCTATTAATGATGTCGAGACCCGGTAATGGGGGAGTGTCTACATGATCCTGGCGGGACAGGAACTACACCGGAAAGCGCTCCAGTAAAACTCAGATTGGAATGATGAGTCAAGTGGAAAGCGCGGTGTATTGAGAGTGTCTTGATCACGTCCCGTCACAACGCCGGAACTCTTTGAGTCATTGTCGCCTCCATGTAATGATCCTCCTTAATGCGGTTCGTAGGGCCCTTTTGAACCCAAGTTGTGTCCCCAAGTGACACTAACGCTCCATAACAGACGATTCGCCTCCTGACGTGCATTCATACGGCGGTTTAG,1690,49.76,Mus musculus
SEQ_539969,GATCTGATGACCTGTTTTCCACTCCATAAAAGACGGGCAATTAGTCTGACGGGTGGACTGAAGGTGTCTACCAAGACATGGAACGTTCGGTACCCAAATTTACTTCTTGACGAGACTTGACCCCATGTGGACTAATACATAGACCTGAAATCTCGGTTGGCTTCTGCTGTGGAAACTTCCGACGGAGACACAGTGGGGCCATCCTCAGTGCTTGGGAAAACTGTATGCCGCAATACCATGCGCGCACAGCAACGAGCTCTGTAGTAGCCTAGTCGATTACTAGTGCTATTGGTCCCTCCTAGGGTGCGTAATGTTGCAGATATCTACTGGCAAATACCTCTTTGCATGTGGCCCGTTGAACAACGTAGCTAGTTCGGACCACCAAGAAGAACACGGTATCAAAGCGGACTAGCGACTGGCCGATGTATATATTAGTCACTAAGGCCGATCTACTCGTATTATGAATTGGGTCGTCTTGTTCTGGTCAAGATTGGCCGTACCCGGCGCGGGGCCCCTCCGTAGGTTACAGACCGTACCCTACACAAAGTAACGTGCACGACGCGCTTAAAATCAAGATCAGGACATAACACCAACTATCGCGTTGAAATTCGTCCGAGTAATCAATCCCTGTGACGACTCCTCCCGTGTTGAGCGAATGGAGAACGATCTTCGACGGAGATGGCGCACCCCTGGAACCCACTACCCCCAACGTTCGACCGATGTTCCAAAATTGGTTGACTGCTGGCGCGACGTAGGAGAGTGCCGAGCGTCTAGCGCTGAGTTGGTATATCTATCTTATTCGGTTCTTTTCTGCAGGTGTTATAAGCACGCGACACCTGCAATGCCTTCGTTTACCATGGACTGCACACCCCCAGAATTGTACACTACTCCCAGATCATTAGGTCATAGGACTAGAAAATGAAGAGGTGAACCGGGAGACCCGAACCTTAAGTCGATAGAGCGAATGTTAGTTTTATCAGAGCGGAATCACACCTGAGACTGGTGTAGGCTAGTCCAGCTACGGTCCCGACCAACGATGATGAATTTGACTAGGTCTCATCTATCCTTACAGATCCGCCCGAATAGTTGTATTGACGCGGCAGGGTCTCAGCCCCCAGTCCAGCTGTCCCGCAGCAGTCCCTTCAACTCTCGGGGGGGCCGTATTGGGGTTTCATGTACTTACCTCGACCTACAAGCAGAAAATCTGGATAGGAGTTCGCATTAACATCTAATTTCGAACTATTCCGGTGCTGAAGAATTTTAGCTAACGGACGTTTGGTGTGGGCATTTGCAACACGAATAGCGGAGGGGTACATCAACGCTTGAGCTCGTTATTACAATGCAGGGGTTATCCATAAGAATCGACATGCCACATGTCCGACAGATTCTGGTCTTAGGGCCTCATACAGGCAAGGGAGTTCGGCAGCGTCCTTTTAGCGGTAGCTCGTCGTAACGGAGTCATTACACGGGCGACATATGTTGCGGCGGACTCCTTTTAACGATAATAACGTATAATTTATGGGAATCCATGTTGCTTGGACCTGAAGCGGCCTATCCTTTTACATATCGGCACCGCGTTTTCTACGAAACTCTATAGACGGATCAGTGACTCATGGGACCCGATTTAATATTGGACCAACCCGGCAAGATTAAGCAAAACTTCCGATTCCGGGAGCGTATGCGCTCCTGATTTAGCTATAGTACTAACGGTACTTGATCGGGAGCCGTAGCGAGTAAAAAAGGACCAGTCCATGAGTGGTTGTATGCCATCTGTTGGACTTTTCGCACGGACAGTAACCTATCTGTTTCCTATAATGTATAAACTACTCCCTGGGCCTTTCCGATCACGCTTAGGTGCGGCGGGGGCCAGACCCCACGGATACTGGGTTTACGTATCAAATGTCAGCTTGATTCATTCGGTTCATTTCCTAGCGGAGCCCCCCA,1944,49.64,Saccharomyces cerevisiae
SEQ_126484,GAGGCATCGCCGTTTTTGGATAGCGAGAATGCGTGTGGTTTGCTCGACATACAGGGGTACCGCACTGCTATTTGAAAAAGTAACTGAGACCGGCGAAGCCGTTTGTGATATTACCATCTGTCGCTATCCCAAACAAGTACAAGGAACCCCCCTAAAGCTTGCGTGAAGTCCTCATTACTGTGTGTCCGCCATATCTCTGGGGTCAGGAAGAATTCAACCCGGTGAGTCAAGCTAGGGTTATACAAGCCGACTTTAAACTTCGCACGGATGGATCGATGTCACCTGGGCTCATCTAATTTCGCGTTTACTTACGAACCACGAAACCTCCCGTGAAAAGCACACAATGTTTAACTGCCAGGGCATTCTCGTCAGTCGTACTAGTGTTTTCCTACGCCGGCCGTTACGATTAGCTATGACGACATCGTGCTTTATTTAAGAACGGATGTAAAATCCGTTGAACACTGTATGTTGCGATTTAAGTCAATGTTTGGTCAAATGACTACCGCTTTGGCTGAAAAATCCTTCACTGGCTATTTTAGCGCGATGCAATCGAGAGATGTGCAGTAGGTAGTTTGTTCCGCATCTGCGTCGACACAAGCTGACTTATTTGTCACGGTGTGCCGTCTTTTGAGCCTGATGCGCAGAGTAGTTTCCATGCGGTGTTTGTTGTATAAGGTACGTCACAGAGATTTACTCTGAGAAAACGCTACCCTGGACTCGGCATATGCCGGTAATGATCAGTAAAATCCTGTAACGTGACGCATTTTAGCTCATCCCTGTAACTTATTCTTGCTACTTGATGCCTCCGGTCGGAGAGGGATTCCCACTATCGAGGGTGGGGGGAGTCTCACTGATTAGCGTCTGCCTGTATTTGGTACTCGTTACTCGTCCTTTGAAGTGCTGACGGCCAAGGTGGCCATTCCAGTCGTTTTATCGTGCGATGAAGTTGTTGTCTTGAGTGTTCAGTCGGGCCTGTTCGTAGGTAAGCAATGTATCATTATCGGCTAACCTATCGAGTGAAAAGACGAGGGCAACTCAAATTAAAACGAATTCGGTCCGTTGGGGTGAACAACTATGGCTGTAGTGAGAGCGTAGCGTCCTAGATCACCGGTAAAATATCGTAGCGCCTTCGACACAGAATCTGGGGCGAGACACCTGTCGCAGATTGACCGGAGCCTGGAGGGCGTACAATCGTATAACATACGACACCGTCCCGCGACGTGTGGCATTAGCAACGTCGGCCGTTTGGTGAGTGCCGCTGCCACTTGCCGATCGAATACGGCAGTTAAGAACAGCGCTATCTAGGCCTTACACTCTTCGGGGATGATTGGCGATGGCTGGGTACGAAATGCTCCAGTAACGGTCCTCGTTAACCACCCCGCTGGGCTGTACGTAAGACGGTCTGTGCCCTATATGGCCAACATCGTTAGAAAAAAAATGTGACATTGGGGCCGGTCTAGCGTAGTACCGTACAGATTAAGAGGTGCAGTGCTTGCGAGGCAACGCCCCTATGTGCACTATGTTAAACTGCGGTGAATCTGACCATCGTGCCACGTGGTCCTCATAGAGGCAGCTTCGATCTCCAGAGATTCGTGCTATCTCACACGATTCTGTAGTCTGTTAT,1624,49.26,Mus musculus
SEQ_817713,TCACTCCCTGGAGCGCCTTGGCACTATGCAGGCAACCTTATGTCCTACGTCATCTCTGCGTTTCATCCCGCCAGTACGACAGGGCATTAAGCGCAGCCGCAAAAGTTGAGTTAGACATGAATGAGATCTAGAGACAAGTGAGCGTTGTGACGAGTACTGTGTACCACCCCTTGTACCATGATCAGGGAGAAACATCATACACCACGCGTAGACCCTGGCAATTGCCCACACAAGTTTCGTAGCTACCCGCAACTTAAGCAACCTACTGGCCTACCAACTCATTGTCTCTGGAGTGGATTGCTAAATATTGAGGCTGGCAGGTGACCGGTGGGAAGCCCACCTCATCGGACCTAGGTTCTACGACCCCCAGGAATGGCCTCGGCCTGGGTCGCTCTCCGAGCGTCTTATAATCTTGCCACCCGCTTCCATCGCCGAATTGAGACAATCTATAAACCTAAGGGTCTATTTTAGATTTAATCGTCTAAATGGGTAATATAAGACCTATAGGATCAAGGTCGTGTTTGTGTTGCACTCCACTGGTAAGGGCCCGAGGTGCTATGGGTGATGCCAGGGGCCGATACGAACCGGTCAAAACACTCAGTATTTTGCTCGCGACCTCGCCAACTCAGCTCTACAAGGTCGAGCTGATGCTCCGGGATCCTGCCGATAGTCCTTGCAGTACGTAGCTAGCAGCCACCAACTTGGGCTCTCTTAAGTGGCTTTTCGTA,728,51.65,Arabidopsis thaliana
SEQ_922556,AGCGTAACGGTGTCATGAAGTGTAAACGACCGCGACAACAAGTCGACTGGAGTCAAGGTAACTCTCTGACATGTAAAGATAAAGTCATTAGAAGGCTTTTTGACCATCGTTTCCCCATTCCATGACGAAACGCTTGCTTGTTCTTCTCTTCCTATCACAGAGAAATATCTCCAGCCGTGAGTGTTTACATACCCAGCGTCCAGGTGAGTGAAGCCAATTTCTTAACTGATCCTTCCGAGCAACCAGGACACTACTACGTGTACAGCTCGGCACATTACATCTACAGCCGTGCATAACCTACCCCCTACGTTCAGTCATGACGTCGGAAGAGTGACCACAATCGAAGGGGCACAGATACCATATCTTGGTTGGGCAAGAGGAAGGATATATCTACTGTAACGCTCTGGAGCAGGAGCCAATGCTGTTATACCACCGCTTGCGACACCGCTCGACCTAAGAGAGTGTTGAGATAGACAACAGGCCCCATTATACACCGTTAGGCACAGCGTTAAAGTGTACAAGTAGGAGGCACAAGATTCTAAATCGTACGTAAGCGGCAGGGGAGACAACGGAAGAACGACGTTGGTCAGAATAGGGGACTATAACTTTCGCACCAATTCAGAGGATGCTTTAGACGTGTCGATATGAGCCCAATGCGTTGTCGTCTTTCTGGTTTATAAGTAAGCAGCCCACTGGTTCTACAATTCATTCCCCAACCCTGAGTAATACGATCGGGACCCGCGCTTCCCAGCAAGTCTAGCTTCGGTCACCGACAATCGACATAGTTTACCACTACGTTCCCCGGGAATCTCACGAGGCCTCAGGCCCTACGGCGGAACACTGGCCTAGATGGTAAAGGTGCTCCAGCCGATATCGAGAAATTTGTTACTGCAGGGCTCCGACGAACCGTTCCGACGCCTATATCAATAATCGGCTGGTTAATACAATGCTCAAATCACGAAGGGCGTGAATTGTCATGGGAGGTGAGTATTGATTCGGCCAATGCAGTTAAGGATCAACAGCATTCCCATTTCAACCAGACCTGAAGGAGGCACCCACTTAGTCACACCCATGGACTCGCACTTGACCTACCATTCGCCGCGGCAAGCCCCAGTTAGAAAAATCAAAGAAGTTCGCACATTTTTCATCGACAATGACGTTCACGCTAGTGCTAACAGTCCGAGTGGGGATACGGCCTGTTAACCATAGCATCGCCGGCAGACAATCCGCGGCAAAATTCACCACAAGGTCAGCTTGAAACTCTTCGCTAGATGACCGTGAACTAGGTACTCTCGAGGGTCAACCCCATTATTATCAGGGAGTGTATATCAGAGGAGTGCGCGGCCAGCTGGGGATCTGTGCTACTTTCTATTGTGGTACCCCTGCTGGGGGCTTGTTGCATTACATAGAAGGATCGTAACCACCGCAGTCATCCCTAGGAAATCGAGTCGAAATTTCGTCGCTCTTGGGCGTTGTTGTACCGTGCTTCCAGTGGGATCTGCTATGGCTTAAATAGATATTCTCGCGTTTTTCGAAATTATTGATGAGTATTCCGTATCGATAGCTGCCGCAGGCCGCATTCCTCAATTGTCCGGTTCAAGCGCCACGCCAGTGGACTAGGATATTAACGCCTGAACGAGATATTGTCGTGCCAGCGCTCAGACGATCTCCATGCTCACCTACGAGCCTCGTACCGAGGTGTTACAACACACTCAAATGATTACTTGGGATCCCATAATTGTGGTGATAGTTGGATAGGTGCACCGCCAGCCCTGCTAGTTACCGAACGTAACACTCTCCGATAGGCTCCTATCCACCTAATTGTGTCACCCTTCTCGACGATTAGACTCGCGCGCGGTCCCTTGAGTACGGCTCATTCACCACAGCTAGTTACACGTAGACATAATCACACACGACCTATATTCTCAAGACGGAGCACGCCCTTTCTCGGGTCCGAGGGT,1961,49.77,Escherichia coli
SEQ_689467,GAGCTCTGATTAATCGATGCCTTACTAGTTCTAACTTGATGTCTATCAGGGCTATCGATCGTGGAACAGAATGCCAGCCATCGGATGAGGAGGGAATCAATAGAGCGTACCCTTGCCTAGTGTTGGATCGCGTGTTCTAATTGTGTGATCATGGGTGACGCCTCTATGAACGGTTCCTTTTACAAGAAGGTATAGTAAGTCCGAGCCCCATATGAATAGTCTAAACTGGATGAGGTTCCAATACAAGTTGTCTGACTGCTAAGATGATGCAGAACTCGCGACAAACGGTGGTAAAAGGGTGTGCTGTGGGAGACTAAACAAGTACTCTACCTAGACCCATCCCGCCGCGTAGCGTTCTCGCTACCAAATATCTATAGTAAAACATCGGAATGCGCTATAAGCACACGCGAGATACTGGATTTTGCCGGCGGCCTATCCACTCTCGGTTTCCATTTAGGTACCTTTTATTGAGAAGGCCACCTATTACCGCTGCCCCCGAGCATTTTTAACTGTAATTAGTCTCGAGTAGCCCTTCGTCGCAAAGCGGGCGTCTCCAATTAATCTAGAACAGAATCACGTAACCGGCTAACCGCCGAAGAGGTAGAAATATCGTGGAAAACGACTACCAGGGTAATTCATTGGGGTCAGCATACCTGGGCAAGCCCTAAGAATACAACATACTGTTCAAGGGACCCCGAGAGGCCAGTGGGGAGAGATCTCAAGGATTATACCCGTAGAAAAAATACCTGAGCACGGTCCTAAAGCCCGTTAACAAACCCGACCAGATATTCGCGCAGCTTGACTGCGCAGCGCAACCGCTGATGTGGACTGGAGTTGATGAAGGCAAGTGGATCTTATCCTGGTAAGGACGCGATTTATCCTTGGCCTTGCTAGCATAGCTTCCAGACGTGCTGGCGTATTCGCTTACGGTGTTAACGTGACGGACAACACAACATCTGAACCCCTAGCTATCGAGCATCTGATAGTGTCAGTCATTCCGTCATCTATTCTAAACGTTGCAGAACAATGTAGTTGTCGAAAGTGTATCACAACAACTGCTGTTACCAATTAAGGGGGATGGAGTACCCCGCTTATGCCATATCCGGCCTCAATTGCTGGCACTCCAGGCACAAGCTTGGTAGGACGCTAATTCCTCAAGACGTTCCTCTCCGTGAACTAGCCATGGACTGGTGCTACTTCTCTGACGTACCAGCCCACGGGTTCATCGTTCATTAGTGTAAATAGACGACGCCACGGCACTCGGCTGACGCGTGTTATCGCTATAGATAGGACTTAAGAAGTTTGAAATAATATAGCCCGTGTAAGGCCCCGTCTCTGTACCGTGGTAGCTGCGGTAGAGCATTTTCACGACGCCCTTCAAAGTGCACATGGGCACCAGCCAGGCTAACCCTGTGGCCGCATGGGCTATGGGGTTAAAGGGAGGCCCGTGGATTCCGGCTGGCGTCGACTGAGCACCGCCGAACCCGAGGCTCAAGCGGATAGCGTTTCATTATGTCGTAAAACAACGCCTTGGCTAAGCCGGGCGACCCGCCTAGTAATAGCGGCGAACTCAACGCCTGCCTGGCACCTCCTGCAGCAGTGGACCAAAACACGTTGAAACTCCGTGGGCCGACGTATACGTCGCAACCCGTGGTTAGGCCTGCTGCTCACCTGTTTCTGCGAGTACATGTGGTCAGCCCACTGCCCGATAGCAGACCACTTTGGGGGGCGGAAATAGCAAGAGTGCTAGTTTAGAGGAGTTGTGAAGGTGGCGTCCACCCGTACAATACAATTGGCCCGGTCAGATATCACGTTTCCATTCCAATGGTATTAAGCAGTACAGTGAGGC,1849,50.78,Drosophila melanogaster
SEQ_728698,ACACTAGATGATTTTCAACGCCTTTCACTCACGTGCTTGTCTCGCACGGGTTCCGCGAATGAGTAACGATTGAGCCAGGATAGGATCTAGGGGCGTGACCTTATTTTTCCAAGGTCCTACCTTGCAGGCAATTACGTATTGCACGCAGGGAAGTTACTGGATCTCCACTATGCCTATGCGAGCACCGATGGCTTCATCCTGTTCGGGTCAAGCGGTACAATACTCCTCAAGGGGATGGAACTGAACAAATAGCCTTCTTGCAGAAGTAGTTCGGATCTACTGGCGGGATCAGATACTATCACGAAGCGGCACGTTTTGACATCTATTCAGTTGAGACAGGAGCGCACCTTCATGGTCTACTGTATGTATCACCAAGGACTCTCCGTGCTAGCTCCCTCCAGCGACGTCCAGGTATTAACAACAAGCTATAGATGTACTTTTGTGCGGAATGAAATTCCGATTGACACCCGCCCCTCGTTCGACCGTCTTGACATCGCACCTCCCCCTCCCCGTGCTATGTTTGAGACGCACCCATCTACGGCATACATCACTCGTGCGATTTGAGGCT,568,50.53,Saccharomyces cerevisiae
SEQ_958576,ACGTTTACATCCGGCTACCGTTCAACGCTGACTATTAGGTTGGTGGCAAGCATGACGTGGTCACACGAACAATTTTATTAGAAGAACCTGTGTGAGGTAGTTTGCCAATTTACTCGTCTGCCTCCCAGCGAGTTGCAGCTACTGGCGTTTAACGCCGCAGTTAGCTTGTAGCTTCGCCTTACAATAGTACTCTGAGTAGCGAAGAGAAGTACGTTACTGCTGCAGAACTATCGTCTCATAGATGTTGACGTTGGCGATAAGCATATCACTCCTTAATACCATCATGCTCGCCTGTGGCGAATGGTTTTTCTGGCACTGGGATATTGGGGCCGCGCAGAAGATTATATTAGGACGATTTCCGGGCACGTGCACAGCTCGTTCTACCGGCTTTATGGGTGTCGAGGACGGCCGTGGCATCGAGGGCCATCTCATCCGCAACATCGCAGATCACTACATTTCGCCCCCGCGCAGTGCGTCTTAGGCCAGTGAAAGGACGCCTAGTTCCAACTGGGTGGCAGCCTCCGTCACTTAGTTGCGCACCATGGTAGACTAGTTGGCAGTTATAGAACACCGAAAACCTGTACTGAGGTGTTACGTGCCGGGATTCATCTTGACTCGAACCGCCTATACAGGTTACTTCAGAAATGCGCCTGTTGCCTCCTCCAGAGTACCCAGAGTACGCCATTAGGAGAAGGAAGCTATATAGGAACCACGTCACAAGAGCGTTACGGTCGGGTATTTAGCCGGAGGGACATGCTTGAATTAAAGGAGCGATTTCGGAGCATGCAGCGGGTGCGCCTGACTTCGAGACCCCTCACCGTAAATAATGAGCAGACGACCTAAGAAGAACGCTATCAATGGTGGTTTTCAGCAGCTCTACAGTAGTACTCCGCTCTTGGAAGTCTTCCCTGCTGTCGGCCAGTCGCTAATCCACGATTTACTTGATGAGCGCCTGAGTTGTGTAACCGTATACTGTAACCATTGGCTGGGCGGGAGCATTTCGTTCGCTATTGAAGAGCACCAACTGACCCTGATGTGAGGTAAATACGGTGCAGTTGTCATAGAATGCTACGGGACATGTTATTGCAGTAGACCTAATCAGACGAGTCATCCGTCGTATCATTAAGTCAATTATCCTATGGACATACACCGGTTCCCTAATGTCCCATCATATGTGTTTTAACCCATGCCCGGGCTTCGGCCGGGCCAGCCAACGATCGCAAGGTTATATTTGCCCCTCTCAGGACTGAAGAGCTACCAGGATTTACCTCAATAATCATATGAGTCCAAACTTCCTTCGCTCGTTGGTGGCCGTGGGTGTAAGCCTTCCAAGGGTCACATAGGCTGCATTTAGTATCCACTGACGGCTTAATTTCTGGTTCTTCAGGTGCACCATCAGAACTACGTCCAAGCTTACTCACCTTCTATAAAGTCTC,1436,49.93,Mus musculus
SEQ_175615,CCACCGCCAGTGAGAAGCTTCTCCTATTCCTCCCAGACTCTGTTCATCCGGTTTCTGTATTCATCGACGGCTTTGCACCCCTGACAGTATGGTCTCCCTCCCCTGCGAAAATCCAGTGGGGTCTTCCCTCTTACCCTAGGTGTCATTAGGACTTTTGTTCAGGCGGCATACACAACTTTTGACTTGTCAATGAGATACGTATCA,204,50.0,Drosophila melanogaster
SEQ_752043,TGGCCAGATGTCATATGTAAAGTCTGGGGCCAGACGCCCTACAGCGATATAGGTTCCCGCATCTTAGCGCATA,73,52.05,Escherichia coli
SEQ_120086,AACTCTAGCTGGAACGGTCTGTCACATGCAGCACCCGTTTAACGGAAACCCGGAACTACGGTCCTGGGTCTACACTACGCTCTCGATTACAGCTATTAGCTCCGACACGTGCACTTGATAGTGGGAACCGCTTAAGACCGTAGGACAACGCCTTCCTGTCGGAAAATGTCCTTGTGACAAAGGCGTCGAGCGTCCTGACCAGCTGTCGTGCGTACAGGACTGATCATACTCTATATCATGGGGGTTGGCGTTCATAAGCCTTGAAGTTGTGAATGTACTCGTCGGGTGTACGGCCGTTGCTACCAGACGTTGACACTGCACCGCGCTTATTCGAAGGATACCGTCGCTTCCTCGTAGTTAGGATGCCTATGTATGGCCGGGGCGTGTCTGTCCGGGTATGTATTCCCTGAAATGACTTGACGTGGAGTTCTTGACGCTGCTAGGTTCATAGGATTCTATCTGGTCCGACTTGCCCCAAGGCGCCACACGTCGACTACCGAGCCCGATGTGTGTAAAATCCTACATGAGCGCGATGCACAATCC,543,53.04,Caenorhabditis elegans
SEQ_231990,TAAGACGCGAATAATCTTTGTCGTAGTGGTGTCCATGCATAAAAGCGCGTCAGCCCTCGTAGCGTCTGACCGATTCTCTGCTATCAGTATCAATCCAAGTAAGTTTCCAAACGTGGCTGGCGCAAGCCCCCGAAATGGCGCCCCACGTGTGTCTAGCGTTGGGTTCGGCTGATTGGGTTCGACAGCTGACTCCTCGCACGGTTATGTGGCCCAGAAATTAACCTGTGATAGGTTATACAACATCAGAATACTTAAAGAAGCAGACGGCCTCGTAGGGCGCAGATATGGTGGTGTTCTCCGATAGACTGTAGAAATTGTTCCCTGTATTTCACAGGGCGCTCAATACAAGGCTTTCGCGCACTTATTGAAGTGCGGCCACCAAATATTGCAGCTATTACAAGAGACGAACGTACATCGTCAACCTCATCGAGAGGAGTCGATGGGAACAAGACCACCTTCCTGATCGATGAATATTACATTACATGTTCCAAGAGTCCTGCGTGCAATTGATCAGTTGTCAAAAGGTTTTCTACTTCGCTTGCGCTTTAAGCCGTAGAATGGGCGCATATCAGGCAGTTATAAATTTGCATATTTACATGCGAGAGTTCACAGAGACATTTACTAGTGACGTACTCAGGCCGTCTTGGCGTTCGAGCGTGGGTGCCGCTTGAGTTAATACTCCAAGCAAAACGTTGGGCGGCGTTGAGTATCCATCGATCGAGAACTTCCCCCTTGAGCAAATAAAGAACATACTGGTAGTTGAGACCAGCGTTAGTTGCTCAGAAGAGAAGGCCAGAAGTCCAAGAGGAGCTAGTCTGAACCAACTATGGATATACTGGGGAGCTACCACTTTATTCGAGGCTCAATATGTAGTCAATGATCAACTTCTATTGCTTCCTATCTCGTGCCCGTCAGTTTCTTGTCAGGATCAAAGCGACATACAGGAACGTATTGCGATTTCCCGGACTTCAGCAAATCAGCCTGTATTAGACTTGCCGCTAATATATGCAGTCGGTAGCATACGCATGAAATCATTGCT,1039,47.06,Caenorhabditis elegans
SEQ_176014,AGCGCCGGTGGAGCGGCCTCCAAGGAGCCAAAAACGCAGAGCGTCGACGTCGATAGTTGAGCAACTCGGGCCGTCCCCCTTGTGAGCGATGACATTCGAATAGATGTTATTGATCTTAATTCCAGCGCGTCGTGCCGGCCCTAGTAAGGGCTAGGCTGCGGGTTATTATTGACATCTCAATCTGGGCAATGAATTGTGGATCCTGGCGAATGTTTATTCTAGTCCCCTATCCCTACATAAAGGGAGAGGGTGCTTTCTTGTTCCCCTGTACGTATCATACGATTCTACGGACTTGAGTCTACTTTAAAGGGAGTAGAGGGATGACCTTACCGTAGCCTTGAATGCCCATACGGACGTATGTTTATTATAAGGTCGCACTCCTTGCTAGTCGGCACCAGCCTAACGGTCTAGTGCCCATCCCCAAAGAAGAGCTAAGTCAGGCAGTATTTTTAAGGTGCACAACTGAACGCAAACCGTAAACGTTAGCTTGAGCAGTCCGTACATTCTCCTTGCCAAAAATCTTGTCTAACGGATAATCCTTTTCATCCGTCTTCTCGATTCGCGAACCTAGTAGAACGGAGGGTTCGTGTCCGTTAATGTAGCTTTGCGTTTACGCCGAATTGTCGACCTATTGCCCCGGTAAGAGAGGAGAGACCCTGTAAATACACGTACTGCAGAAACGACTAATTCGCCGGGTTACCTTATCTTGAAGGCGTTGCTCGAGTGTCAACTAAATGAAAAACCAATACCATACCTCTGGTCCTGCGAAGAATGAATCGACAGCTGTAGACTAGGAGTAACAAGTGTATTTCACTATTCGTGTAAACCATCGGTTTGCGGTTCCTCCAGTCTCGGATCAATACCCCACTATTTGCCACCCATTTTTCGCGTATGCGTGTTGATATGTAATCGGTAAGCAGCATTAGGACAGCATAGGGTCATGATGTCAGTATCTCTAACGCTGCGTCCCAGTCAAGGCCCTGGA,985,48.22,Caenorhabditis elegans
SEQ_570709,GTACCCTACGCCTGGGTGAAACTGTATATACTTCCATACGTTGCAGAGAGGCCAGATAGTCGATAATGTTAGATAAGTGCATGAGTTTTGATCCGCCAAATGATTTCCCCGCGAAAAAAGAAAGCCAGAGAGAGTCTCCTGAAGCATGCACTGTTCTTGGACCCTGAGCTGAAGGGCTTTGATACATATGGACAGATAACGCCAGCAACACACCTTGTAGGCTACGCCTGTTAAGGGACCCTACCCGACGGGAGCAAGAATCCGTCTCGGAACCAAGCGTCATTCGTTTCGATATGATAGGTCGGACTGCGCGTAAGGATAACCGCGGCTGACGGCAATAGAAGAAGCGGAAATAAGCCGATCCAATCGTGCTTAGGACGGCTGCCCGTAACCACTCCAAGTAAGGTAGCAACACCACCGCTTACAGCCCGCGCGATCTCTGCGAAAACCCTTCAACGACGAATATGGAGACCCTCCCGTCTTCACTGATTTGGCCGTATCTTTGCGTGAACCTTATCTCGATAGGACAGCCAGCTGCCCCAGACGAACTTTGCTATCGATGGCAAGTAGCTTTTTCAAGAAGTGACCGGCAGGTCCTGGAAAGCGCCTGTTGATCTCCTCGCGTTCTATCACGCGGGCATTGGACCACATCCCAACCTCCGCTCACAGCGTGCACTCTTTCTGAAAAGCCGACCAGCGCAGTACGGTTTAAGCTGACCCGTGTTTAAAGTCCGTACGCAAAGAAATATCACCGCGACTCAACTCTCCGCAACGCCTTAATACACATCCTAAGACCCATATTCACGAACATGCATGATGCTAGGATATCCACCTTCACGGAATAATATACATTACTGGAGCAATTCCTCAACTATCAGATGCATCACGACATGAGTCTTCAATGCCAGGTCTTTGCTGCACCTCGGCCCACGTGCCCGATGGACCACACGCACTACAGCCTGATGATCGGAGCCTGGTCCGGGGCCGTGCTCTCGTCACGCAGCGCTTGGCGGTCGGCGATGTATCGGATTATCTCATATGCCCCACAGCCTACAAGTGGAGCGCAAGGAGTCTGGGACCCTGTTTCCCTGCGTAAACAGTATGAGATACCTGGTAGAATACCATATAGGCGAGGTCGAACT,1142,51.84,Homo sapiens
SEQ_501138,AAAGCACAAGGAACTGGTACCACACCAATTCCGGTACGTTAAGCGAAAACTCCGTTCGTTAAATCGCATTCTTCTCATATGGTAAGCTGCTGGGAGCGGCCGCACGTATCCTAGACCTTAACTGAAGGTCCCGGGGGGTAGGGGATCTCTAACGTTCGCCCGGCCTTACGTGTCGTCCTTCGACGGTAAATCTCTATAAGTCAGCGCTGCCTACTACGCGAGCCCGTGAGTTGATGTTCATGACGACTCTAGCGATGAAAGGGTGGTCTACGAAAGAAACTACTATTCCAATCGGATTTGTTGCAGCGAAACCCTCTTTTGCCTGGAAGGCTTATGTACCTTTCAGTTTTTGAGCTTCAGAGCTGGCACGCAATATTCGGACGCTCCGCGCAAGAGTGTATTACTGGGTTGAGGATAACTTAGCTAGAATCCCTCCTACAGTCTTGCGAGCTATGTAATCGTGTTTAAGTCCCTGCATTTCAAAAAAGCTTAGGGAGGTGACTGACTTATACACTCAGCCTGGCACATCTGCAAGAGGCGACTCTTTATTCTAGCGATCGAAGAGCGTCCGCTATGATCGTGGAACTGTCGTTATACAAGCCAAAAAGTGTGTGGCTACGGATCCTGAATAGAGTTTATTGCTTATAAGCTAGGGGTAGGCCTGCGCTATGTTTTTCTTGACACCAAGAGAACCGAACGCTTACCCTTGAAGACGCGTGGCGGAAGACTGTTGTTTTGACGTTTTAGACTATTCAGAACAACGCAGAAAATCACTAAGACCGACATCCCACAATAGTAACCCGGGCCTGTGGTCCAGAACTGCGAGTATGGTCCCAAGAATAACCAATGCATAAGCATCGGTCTTGCGGTAGCCTTACAAATACCCGCCAGACGAACCCAGAAACCGAAAGTCATTCCCTTTTAACGATCGAAGGCCGTGCGCTCTTTCTAATTAGAGTCGGCAAAGCTTCCTATCGTCAGCGAATGTTGACGGTAGCTTCATCTGTGCCCTGATAGGCCAGTCACAATAAGGCTTCACTAGTTGTCCCGACTTCTATGCCTACCCTCCTACGCCAGAGTCGTACTGTCCAGCGAGGCGGACCTCGCCCCCTCAACAGGTCATCTCAGAGAACAGCATTTCTCATAACATCGCGGTAGGCCACCACTAAACCCAACGCACGGTCGCATGGCACGATTATACGGATCGGGAGGACCAAAGAGCCCCTGGCTCTAAGTCTACCGGGCCAGCCGCGCGACAACTTTGTTGCCTAGTAACCATTGCGGTTATCTGCTACAAGGGGGCTTTACTTGACCCGAAGTGCGCCCTAATCAAATCGGGACATTTTGGTAGATCGCGAATTGCTTCGGG,1369,50.04,Saccharomyces cerevisiae
SEQ_422074,CTCTGCGACGCTTTTCCGGGATGTACTCGCATCTAGATACCCCTAAGTCCTCTGTCGACCCCATGACTGGAGGCGCTCATCGGGTTCCCCTTAGGCTATAGAAGGAAAGTACGCGCTTAAAACCACGCCAACTCGGATGGGGTATACAATCTATACGAGTCCAATGTCAAAACCTCTTTATGCGGTCGGCATCAATATCTTCCACGCGTGTAAACCCGCGAGCCACGAAAATCACGAGTCCGTGAAGTGTGGGGCTCGTTGCGCCCACCCTTTCGCTTTCGGTCGGTCTTTCGTTCTCTGTCGTGACTAGACTACGGGCAGCCATCCAAGTTATGGGGCAAGCCGCGAAGAACCATGGCCTGTAGCCGATCGACATTAAGGTGGGCGGGGCACTTAACGCAGGGCGCCCATAAGGTTCTCAGATCAGCATGAAAATCGCAGTCATATACGCTTCCCCCCTAAAGCGGTCTTATGGCTCGCCGGGTTCGGTTCTCCCGGACTAACGTCAATTGCGAAACTAACGTCTTTGGCGTTCCGAGTCGTTTCCTCCCCCGTTTTGTTTATGGCGTAGGGTCCCTCTTGTCCGAATCGGTCCGCTAACACGACCCAGTGCGTTCTAATTACGCGAGAGAACTACTATCCAACACCCCGGAATCAAATGGAAATCGTTAGGCCAGACCCATCCTCCAAGTTCCTGGTATTAAGTTCCTGACTGAGGGGCAGATCCGACCATTCTCCGGCGTCGGGACAGCCTTGCTTCATTTCTCCGGGTTCCGCACATATCTTCGTGTGTCCATGAGAAGTACCGTCCCGGATACGTGACGCTATGTGTCTCAGCGTCAGAGTCTTGGGTACTGCTCAGCTTGTAGGGTGAAACTCCACGAAAACACGCGCTAGCCACATCTGTAGTCTGCGCTCCGTGGTTTGCTGCTTGGTCATCGAAAGAACAACTCCTTAATCTCTCCCTCCGGCCAACCACCGCTTGCCGGCAGTGGGTCGCCCGGGCACCAGCTGTTTGAGCATGCCCGCGCACGCCTGTGGAGGGAGGCGCGGGACGTAATCCATGTCCGTGGCCGCTGCTAGGGGAAGTGGAAGAAGCCCCCTTTTAAACTTTGATGGTCTAATAGTTATTCGTCTAGCTGACCCACGCCGCTCCGAAGGGGCGGGCGAGCGAAAATCCGATCGCCGGTACGATTTGCTGTTTCTACTTGATGGAACACACATGTAGAAGCTAGATGTAAGGATTCATAGGCTCCGGTTTGCAGCACATCCGTTCATGGCCGTGCTCCAGGTGCATTGTATCCCCTAAGATGATAAGATTGCTGAAGCATTGACCCCAGTGGTTTGGTCCCCTGATACAACATATGTTCACGATCTCGAAGTCACATGCACTCACGCCTTCAGGGGATTACGGCAGTTCCGGTAGACGGCGTTCATCAGAATTCTCCTGTTGGTTAGTCACTCTCATGAATGCAGATTTGGACCACAATTGTGAAGTAGCCTTGACCAGCACCAGTGAAGACTTTGATATACATAGCTGTTAGCAGCTGTCGCTCGTGTATCCACGGAAGTATAGCCAGGGAGTTAGCACGAGGGAAGTACCGCAGAAGGGGGGCAGTGGGAGGGAGAGGGAATAAAACGTA,1643,53.5,Mus musculus
SEQ_933563,CATACTAAGCCGAGTCCCGACACCGCACTCGTGTCATACTATTCTGCAAAGTAAGCTCGACAGTAATGCGCGGATGGCCACCGCACAATGGCTGCAGGTGACGAGTTTTGCCTTAATAAGAGTTATTACTACAAGCATGCCATTCGCTACGATTCAGGTGACCCTTCCATAGGGAATTATACATTCGGGAAGTTCCGTTTACCGCTCTGTCCAACGGGCGGGGTAATAGACTACACTCGGTTGACATGTTCGAGTGGTTCGCCGTTTTTTTAAGATGGTCTGCGCCCAGAAATCCATATTCCACACTTTAGTTACAGTTCTCTTCTTGGATCTAGAAGTGGGTGCGTTAGCGTGGTCTCATGTTTTGGTAGAAGCTCACAGCATTACTTGTACCTAGCCGATTGGTTTATCAACGCTTCACGGTGTTTCGGCATACGGGCGAGTACTAATGTCGCGCGAGGTC,463,48.6,Arabidopsis thaliana
SEQ_270916,GCCCTGGACTGGGATGCATGAAGTGAATCCTTACGCACAGTACCCGACCGCACACACAAAGCGCGAAGTGCGAAGCGCGTACAAGAATAGCATTACCAGCCAATAGATAATTTGTCGCCGCCTACAGATTAATTGCTAGAGAGCTTATCTCTTGCTGGCTCCCCGTCGCCGGAATTTCGGCAGTTATCTGTAGCGGCTGAGCGTCTTCAGGCGCCATTCTAAAAAACCCTGAAAAGGTGCACCTATGATGCTTTGGTCGAACCGTCATCCTTGCCAGGTTCTCTCTGAGCCTCGTGGGTTCCAGGGAACCCACAGCTCCTATCACCGTGTGTTCTACCACACAGTCGTGCTGGCTGCCGCGCTTTGGACTACCACCAACAAAAGCGGCTAGAGTCCACCGAACGGGGGAACCGGTGCCCATTGAGTTGGTCTAAAGCGTCAGCATCATCCATTTCTCCATGCGAGTGTACGGACATCGCGGGACCGCTGTCTACGGCTTGGCAGTCCGCCCGGCAGGAATTAGGGGGGTGTGGCCTCCAACCCCACAGCCGAGGGCCTGAAGTTATGCGCCCATCCGTAAGATCACTCTGAAAATTTGTGTGAGAAACATCGATCGAACTCATATGAATTCTGTTCCCAGGTAAACATAGCCCTCCCGGCCCATATCCTTGCTTGAGCCAGTTTGCCCCGAACCGAAGGTCAGGTGTAAAAATGGCTTTGGAATTCGATACTAAACCTCTTTCGGGCTCAATGGCAAGCGCCCGTTCACACTGCTCAGCCGTTGTGGGGCCCCTGTAATAGCACTAATGGGCTTAGAAAAGGGTACACGACACCTGAAGTGTGACATCATATTTATACAAGGTATCGGACGGAGTTATATCCTTAGAGCTCGCATTAAGGCGCAGTGGGAATGATCAATACCTCCCTATGCAAAACACGGTGAGTGGGCGGTTGAGAGATTCCGTGGCCACGAATTAACCTACTAAAGCGAGCTCCCTGAATGTTGATGGGGTCTCAACAGACACGGATATATCGGTACTGCGAGCGTAAACCCATGAGCAGAGAAATAATTTCTAATGAAAGTGCGACAGCAGTCTACGGTACTAACTGGCTAGACTCGCAAAGAGTTGTGGCCCCACCGTCTTTCACTGTCTAAGCAAAATGCCAAATACTTTGGCAGAAAGAAGTTGCGCTTAACTGTAGTAGGCACCAGGTGGGCAGGGTGGTCATCTGTCATACTGTTCAAAATAAGGACCAACACCTATTAATCGGTCGAGATTCGGTTCCGTGAAACCGTGATTAAGGATTAGTACCGAAGTCATGTCACCAAAGCCCTAGGCCAAGCTTCGGACCATACCGAGTCCGTGTGCGTTCTTAGAAGCGTTAGGAAATCCCCGGCGATCGTCCCACCTAATCCATCAGTGGTCTGTACTCTGTCCCAACTGTACAGCGCAGCTCTCCGATTTTCTTAGATTAGTGTCGCTACAAGCGTCGGGGGCCATTTGACGACATCAGTGGGACTTCCTCCCAGCGGATGGGGCCGCGGGATTTGATACATTCAACCTTCAACTCTACTGCTCACCCGACGGGTCGTAAGAGGCGGCGCAGCTTTTCATTAACTGGGAGATTTTCTAGAACAAGTCCAGATCACGAACTAAGAGTTGATATGTCACAGTTCCTAAGGCAGCGAGGATCACCAGACTGCATGTGGTGAATTCGACTAATGACTTACTGCGCTCCCGGGCGACAACATAGCCGAGTTGAAGATGTTATTCTATGAACATAGGATGATTAACGGCCTTGGTAAATAGGGAGCCCCCCATCGGCCGACTGGCTTGCGAAACCTGCTGCGCTCGGTCAACGCTATCAATTTCATGGGCCGTGATTAAGCCCCTGGCGTAGCTCAACCACCCGGCCCATCGCGACAGGGGTTGGAAATTGCATTGAGAAGCCCTAATCGAATAC,1965,51.5,Mus musculus
SEQ_450804,GGTGTATTCTGCCGAGAGTAGAAGCTACCCTGCGGTCCTCTGGGCATATAGGTTGGTATGGAGCAATGACTTCCCATGCGACTTCTCGAGCCCGCTTCGACTGTCCCGGCTCCGTCTTTGCCACAAGGAGCAAGCAAGTATGACCCGATCAGGGGGCGACTCCTCGCCGCCATTTCTACAAGGTCAATATGTGGAGAACCTAACACACGCCGCCCTATATGTGGACCATCGGCCGTTCGGGCTTGCGAGGGGTGTATTCATCCCGTTTTGTTGAGAGTTCGCAACGTATTCAGCGAAGAGTATGTACTCTCTGTTACGAGCGGCTTGACTGGCTGTCGGGAGCCCTCTATCCAACCGGACCCAATCACAAACGCTATCCAGCTGAGCCTGGGATATTAACATTGGCGTGGGCTTGCAGCAGATGACGAGTCTAACTAAATAGCACGTTTCACAGATAAACCCGTCGCTCGGCGATAGCCCAGTGAGTAAACCGACCCCTGTCTCCTCCACAGATCCCCTACTCCGGGGCACTTCGCGTTGTGCTTGCCGGATCGAGAAACCGACGATGGTACGTAGTAAAGGGAGGTTCCGCATGGGAGGTTCTTAGTCCTGCTGGATTGGAACTCCGCCCGAGGATACCAATAGTCTGGGGTAGGATCCAACTTCCCCTCAGACTGCGTCTGCCCAAAAGTTGGCGCTTTCTAGACACGTCCAAGTAATACCGGGCCAACCCTGCTGCCGGTCCGATGGTCGGAGCGCGTTTACCGAGTAGCTTAATTGGGTTGGGCATGGTAAACCCTTGGCCATTCACTTCGCAAGCGGCGCCGTGAATCTAAAGTCTGTTGCCTTTTCTAGACGGGTCTGAGAGTATCTTGTAGTCGAGCGAGTCCCTTGTGAGTACTCAACTCGCGTAATATGTCTCAACAGTGTCTAGCAGATACCTCAAACGCAAGTGTTTAGTGCTTTGCTACGTAACCATTGTTCACGGCAAGCTTCACAGTCAAACGACGCGGACGGCACTTTGCTGTACACATATTCCGCAAACAACGCACCGTGCGCGTCGGTGGCAACGTAGCCAAGGGTCACGGCACAATGGTTCGACTTATACGCGATGGTACGAGGCGAGGTGGGGGGAGCATGTCCTGGCGTGATTCGACTGGGTTCTTGTTCATCAGAATTTTATCTGTATCTAGCAACACAAGGTTGGCCATACCATTCTTACAGCAAGGTGAATGACCTTTGACCCTCACGCGGCCCGTCAGAGGCAGGGTTAACCCCACCGGAGTATGACGGCACGAGAGTAGAGGTACTGTTTGACAATTGAAGTACAACCTCGATGACCTCTCTCTAATTTGCTGGGCGATCTCCCCGTTAAGTTCAAGTTGGAACAGAAGGTCGATTTCGTATTTCTACTACACGTCGGAAAAAGAATTACTACTCCAAGAGCATTGATGTTGTCACCCCACGCGCAAGGTGACCATTGCCGGATACAACAGCATAGTGATAAGGCTGGGTGAAACTGTGGTCACAGAGGAATAAAGTTCCGTAGGACCATACAATGACCGTACCCGTTTTCATTAGACTATCACCCCGAACGCTCCGTGGATTACGCTGGATAAATTGTAGTACGCGTATGACGCAGCCTGCTGCTGATAGTTTACACACCGGTCTTGATGGGGGCCACTCATCCGATACTTTACCCGCCCTGTGCC,1712,52.51,Caenorhabditis elegans
SEQ_375273,TCGCAACTATCGGAGCGGATCGTAGTGTCGCCACTACTCAACTGGAGGCGCACAGAAAGAAACTGTCCCTTTTAGAGATCTCAGTGACGACGCCCAGATGGTTTGTGATCTCCAAGCTATGACCCGCATCTTGCCTATCTGGGGGCCCACACAAACACGCTGTAATTTTGGGTCGGAAAAGAGAATTGAGCGCAAAAAAGTAATATCATAGCGGCAAGGTACAGACTGCCTATAGCGCGAGTCCGTTACGATCTCGATGCGGCTCACGCACGTCAAGTCCACCAGGTCGCGTCGCAACGTAGGTGGCACTTCTACCCCTGATCCCGCGGTGGCCGAGGCCATCTAGGTCAGCTACCTCACAAAAGTTTAAGTCGCCTTACTTTGCGGTCGGAGGCCGGGGAGCTAGTCCAGCATAATCGCTGTCAAAGTAAGCTCGCAGAGTATTCCGCGCGTGAACAAGAAGCTTTATCTCCGTTATTCGTAGGGAAGATGCCTGGCATTCTGATGATACTCTGATGCAGTCTCTAGCTAATGAGGCGCTGACCAACTCTCTGGGGTATTTTGATCCTGTTGTGTGTTGCGTCTCAACAATGCCTACTGACCTCAAGCTAGAGAATCCAACCACACTAAGATGGTTGTCCCGTGAAGGTGGTCTACTATATCGGAGCCGGATCAGCACTTTGATGTCGCCTAATGTAATGCATGCGATCTCCTCCGACGGATGGAACTAGATTTCAACGCCAAGATACAGGCGCGGTCATAGTCATGAGAGTTACCCGTCTTTCCCGCAGGAACCCCTTGTAGATTTTGGGGGGCCGGCAAATCGTTCTTGCGGACCTGCTCTACTCACGCATACGTGTTTGTTAGCGTACCGAGGACGATAAACCTTTCCTGCCCTGCCCAAGGCGTAATCCTTCGGGGTCTCTCGAATACATTAGCTTTTTCCTCAGTAGACACTATGATGATGCTTCCTGAGGATGGGCTGTTACTCAACCAGACGCCACGGAAATCTGCTTGTGAATAATGTCTGTAGGTCCATATGGTGCTTAACGTGCAATTGGTAAATTTAATCGGCAGGATTTGTTCGTACCTTGGATAAGCAACTTGCCTTCACTGGATCGAAAAGCTGGGGAGTTGCACGTTACTAATGTCTTATGTTAGCAGGCGAGATATGTTGGCAGAAGAAGATCTGTGCCTGAAAACCCATGAAAGTTAGTGCAGCACGAGGATCGTTATGAAGTTATAGTACCCCCCTCGAGTCATGAGCTTATTATGTTCGTGCCTAGCACAACGCCGAAAAGATCCCTACGCCTGACTCCATATTGTGTCCACTAGGGAGACTTTATCAAAGAAGGACGGGGTGCCGCTGCACCCACCTAGTAAACGAATATGGAGTAGCTGCAGTCTGTTGCCTCCCCGCGGGATGAAGTGATCCTGACCTCCTCGGCCACGGAGAAGGCGGGAGACAGTGAGCTAACACCGATTTATATGGTTTTCGAGTTTCATTCAGTGAGTTCCATCCTAGTAACATTAGACTGGCGACTACATAGCTCGCTCACTACTGACTCAGACATACCAAAACGGTTGTCACTTCATCCCTTTTCTTGAGCCAGCTCTGTGTTGGCCACATGGTGACGATACTAGTTCACGTCGATCCTGCTCGCGAGTTTGACCCATAACTGAAGAGCAGACAAATTCTACTGCCAGAGGCGTAAGCAACCGGAATAACGTGGGGCTTTGAGCGATAACTCCGTGAGCCAGCGTATTCTCTGGGATCAGCAGCACTTAATTGTACGTACGAAAGACGTATCGATCAGAAGGTACAACGTTGAGTTGCTCACTGAGTGGAACTG,1853,49.92,Homo sapiens
SEQ_793726,CGATCACGTTTCTCAGGCGGGCGCAGACTCTACATCGCCCGGATCGGTGATTGTTGTATTAATATCCTTCCCTGTCAGGGCGGTATCAATGAACGAGAGAAGGAGGACACCATCATGGAGGGATGGATAGGTACATGATACGTCATGACCACATGAATACAGGCCCAGACCACTCTGCGGGGCCTACCCTGTTCCGACATGCAAGTACGGCGCCAGTGCGGTATTCCATGTGTCCATAATATTTTTCGAGGTGGTACAAGGCCTTCAGCAAGATGGTCATTGTCCACATGCGGTATCGATTCTCGGATGTAGTGTGCCTACGATTAAATAAGTTGGAGCTGTGTTAAGGGCGTGTCACGGTATATGACTAGGACAAGGTCTAACTATTGCGTGACGTGTAATGTTTGATGCTGAGACCTTGCTCCTGTCTGTTATAGAGCGACGTACATGTCTTAGTCTGATTCATACAATATAATCTGATCTTTAACCCCGCTGAAGGTCCTCAAGCTATAGTTCAATATAGGTACTTTGTCGTAATGGCGACATAGGGGTGTTTGAATGAATCCTGCTAGCGAGACAACAATTTACTCAATACATCAAATGTGACGCATTAACCGTCTAGCTATATCTCGGAAGTCCTGGGGGTAGCACAACCCATATACATGCAACCTCCATAGGGAAAATCATGTCCTATCAAATAACTAGACTGGGGAGACGTACTTACCTCAGAGCGCTAAAGCAGTGGCACGAACGAATGCTACGCGGGCGAGTTGACACGAACTTTAGCCTGTAGGTTGAAACTATGATCCCTAAGAGAATACTAACTGCAGATAACACGCTTTCAGCTCGATGATCGCGCTATATTCACACGAATACGATTCTGGTATTGTTACGATCGTTGGGTATATCAATCTGGGTCACCGACGGAGAATCTATCTTATGAGATGGTGTACCCTTACCACTAGACACTGTCTCATCGATACGGGGGATAACTGAAGCCTCTCGAAGTACCCGTAGTAGACACATTATTTGGTAGAAAGGCCTTCATGAAACCTCGCAGTTTTCGCCGTAGTCCAGAGTCCATTCTTTTAGACGATTAAATGATCAGTTGCCTGATAGCGTTGATTGGTGGTGCGCGTTTAAATAGTGACCCAGGTGTAGATGGGAATCTTCTCGTCTGATAGACTCCCCCGAATTAGGATTAGGAGCAGTCCTTCGAAGAGTTAACAGTTCTCGAGACAGTTTGGCAAGGCATATCGCAGTCACCTAGCATATAACTCAACGGTGTCATGTTGCCGTTAGCCCGGGTCACCGCCGCTGCATGGAGATGCCCACTTGAAGTAGATCAGACTTGTAGCCACCGCGCAGCCAAGGTAACGCCACCCGAGCTTATTTACATGGAGAACACAAGAGTCAAAGTACATCTTACCTATTGAAAATAAGACAGCTCTCGGTTTGGAGCGCTAGCGCGGCTATAAAATGAGTGGAGACTGTGTTGGAAGCAATGCGTGTAGTCTCGCGGCATGTGGCATCAGATTACGTAAACCCGATGAGAATGTGGCGAACGTGCTAATCGGGGCTGTAGTGCGCAAGAAACCGTCGCAGTTAGGCCCGTTCGGCGGCAAGCTCCCAAGATCTACGGAGGTCTCAGATATGACCAGTTTCATTAGCGCTGATACGGTTTAAGGGATCAGTTGGGTGGAAGCGGAATCTGTTACTTCTTGATTCCGCCTGAACATAGGATATTCTGGGCGACTTAAGGCAGGTTCGCGCCATATCGATCTCTTTTGCCTGATGACTGTTTGAGAGGTACTACAGGTGAGTCGTATTTGAATCCCGTGCTTCCAAGCTTTATCGGTGTTGAGGCAAGCAACACGAATAGTTCTGATGTTGGAAATGTGCGGATCCCGGTGGTAATCCGTTCGAACAATGGGTACCCCCCGGGCCGGGCATGCTTGAA,1960,47.96,Arabidopsis thaliana
SEQ_311320,TCCCCATCTTCCGTTGTACGTCGGGAGAACTTGAGCCCGCATGATTACATTGAGACCGGAACGGGGCGAACGTGCCGCTAATGGTCCCGCCAACTGCTTGTCTGGCTTATGTTTAACGATTGTATTATAAGGCTTGTTATGAAGCGACAGGGAATGCAACAGGGAAGCCCACAATATTACGTTTAGCGGCAACGTCTTGCCCGCTCGAAGCAATCTTGCGGGTCGTAGGGCTCAAGTCTAACCCAGGTGATCCCCGCGAACATTGCGCGTAGCGTAGAAAAATTGTACTTGCCAGCGACTCCTGCGGGATCGCCGATGAGGGGGTCACATCAGGCTATTAGGGCCTTAAAACCAAACTGGTACAATTAAACCTTCACAACCACCAGGCCACTATTCTAGTGTTTCCCCGGATTTCAAACCTAGAATCCTACCCCCTTTTTATACACTGTAGCAAACGGATGTTAACGCGAGCGAGGTGGGTTCGGAACTAATGATAGGCTCACACCGCCGGCAACACATGGATTTTGGATCAAGCAATACGCTACCTGCGAGAATACTCCAAAGAGACAGACCTCGGTATTGATATTATTTGCCCTCGATAGAATATACCCCTTCGCTCGTTACGACCCATTCTCCCTATTATACACTCCATAGGCACATATCGCGTGCGAATGTGGCATGTCTCGACGGAAACAGTAAGCAGAATATGAAATTGTTTCCCCTATCTGACTTGCGTCTAGGCCGAATGGGGGTCCAATTAGGACAGTCGACGCACAACGGCGTGACATCATTGCTTACGTACGCGTCTTGATTCGGCAACAAATGTAATCACGAACTAACGAGTTCGCATCAATGAAGGAGCCGCTCACAGGTTTTAGGTGCAAGTCACTTCTGTGAACATCGCCTCCCTATTTTTAAGAATCCGCCATAAAGTTCTGTCAGGGGTCACTCCTCATTAAAATCGTAGGGCACGGGCTTCGTAACCGTTTCCTCTCGCGCCCGGCGGAGGAAGGAACAGCTCTTGCTGACAGCGTATCTGGTGGGACTGTAGCGTTGAGCCGAAGTACTCTTGGGTCACACAGAAGTTGCTGATCGTACTTTCGCCACCGGAGAGCTTATGCTTTAGTCGGCCGAGTAATCGGACCGTTATGGGCTAATGTCGGCAGCAATTCATGGAAAGCGGGACTCGTACGGAACCCGCCAGCAGCCCAATGTCAGCCTATGTACCGGACCAGTGAAGTGGTTCCGGCTTTTTGATCTTCATCGCCCCCACACCTTAGTGCACGCCACTAGTGTGACTGGTGGCCACGACTGTAATGCAATACACCTGCTATTCTCTTAAGTGGTGCTTTTCCCGCGCAACTGATATAAAGATTACAAGACAGAGTAAGATGTGTCTAAACTCACATGTCCTACTCTAGCAGCGCAAATATACAGTGCCTTTCTGGTAGAGTGCATTTTAAAATGTCGTTTCTATTCTAGTGGTTGCTGTTCTATCCGGCAAGGTATCCAGTCTCCCTGCGCCATGCGCGGCCGTACGAATGGGTTGCCAGGACGTACCTTACATCGCTACTACAGATGGTTGGAGAAGTTCTCCTACCAGGCATTGGCTGGTAGAACAGTGTAGGTAGTGAGCCGGATGGGGAGTTGCGGAATGTTTATAGGTTCTCAAGAGGTGCGCAGACGTCTGAAATGTCACTCGCCGTTCGTGTGCACTCAAGCGATACGAATTGCTATACCGACACTCAATATTTGATTCTCCGTCAGGTCTAACACTTGGTCCTTCCGAAACGTGTCTGCGTGTGCAGCTAGAGAGAGCCAATTCTGGCGATATCAATCCCGTAGAGACAACATTATACTCGCTCTGTGCCAAACGGGCATGAGGCTTCTCTGGTAGGTCCGGTTAGCGAAGATTTCCGGAATTTCCGTAGCTAG,1935,49.97,Mus musculus
SEQ_743867,GAATCCCTCAAGGATATTTGGCCGAGATACCCGCCCGGACGATTGGTGGTTTTGTTCACAACCACACCCTGGGTCGTTTCAACCCCCCCTAGATCTAAGCCTTGTAGTTGAAATGCAGCGCTTATGACATCTTTCTATACATGCGCATCACGCATCAGTCGAACGGACAAGATTTAGTGTAAGGATTAGACCTAAACTTTTCGAACGTGGAGCGTAGCGGTTCTATTTTCTGAAAATGACTAAGCTACCGACATCCAGGGTTTGACTGAACTTAAGGACTGGCACCGCGCAGACCTACGACATCTGTGACTCCACCTTTAAGCTCCCTGTCACTCGGCTAATAAAGGTAGAGCCACGGGAGTCAGTTGGGAGCCCACAACTCTTCACAGGGAACCCTCCAAAAATACAGCACTCCTCTGCGGTCGTCTGTGACTGTCCCTGTCAACGACCGGACTCCCCTAAGCGTAGGTAAGTTTCCCGTCCCGAAATCCACTACGATATAGCTGTGAGCACGCAGGCACCGTGAGAGCGTCCCTAGTCTTGACCCGTATGCATCTTTACCAATTCACGGGTCGCGGAATGGGGACTCGCACTGTCAGCAATAAGGATAATTGGCCTCTACTCCGCTGTAGGATAGGGTGATCAGTATGCTCGGGGCTAAACATTGTCTTCATCATACAGTCTCTGTGGAATGCAGCCCTGGGGCTTCATGGAGATTGGGAGACACGGGATTGTCCTGTACTGGCTCTTTCAGCGTGCACAACTGCTACTTTAGTCCGTACGAGGATCGCTTGATTCTCAATCCCGGATAGGGCCAAAAGATTAACGGTCTCCCGAGCCGCGACTTCAAGCTGTTGGCGAATTCTCAGAAGTTTTCGAGGGAGACTGTCAAAGGGAAATTTAGACATGAGATTTTAAATCATTGATCCGTACCGACAAAGTCGTGTCGAGCCCACCGGTACGCGTAAGTTGGACAAGCCGCTTCCAGGCTATGTGACGCGACTTCTTCTCATGGTAAGCGGACTATGCTCTGTGTTTGAACATAATAAATCAGGTACCCCGTGTCTTATATGTCGAGCCAAAATGATCAATTTCTATCCGTAGATATTGGCGTACCTACTGATGGCGCTTTACAGCACCGTAACTACACGAGCTGAACTCGCATCACCGCTGAGCTTGAGGGCGTCAGACTAAGGGTGTTATTGAATC,1209,49.88,Homo sapiens
SEQ_742163,GGCCTGATTTGTACGGTGCACTAGACCCCCGGTCTAAAATGAAGCGCACACTCAGCCACGATTGCAACCGTTCTAGGCGCATAAGCAACTCGGCCCCAACGGGGATAATATTCCTTGCGTGAACCAAATCACCCATGTGGATTTGCTCAGGTCATCTTAATGTTGAGATTCGGCTGACCTCAGTTGGCGTAGCCCACGTCCTTGCGTCATCGCCAACACAAACTGCGCGATTATGGTTTGTTGTTTTAAAGAAGGATATTGGATTTGTAATCTTCATGGCAAGGTCAGAAAGAGGAATAGGTGTGCTAGAGGCTGATCATCTATCACCAGGACAGTGTGTTTCTCCCCTCAGCGCATCGGACCGACTGGATTTACTTGTGACATTTGAAACGGGTCACTGCTCTACGGGAACAGGCATTGGCGGGTGCGCAAAAACATTTTACAGAGGGAAAACATACAAAAGGAGCTAGCAAGTCTGTGATACATAGTGTGTGAGAAATCACAGTAACTGTTCGTTCGGTCTTTCCTCCTATGCCGACTTGTTATCTAGAAGGTAAAGCCGCGTGGGTCACTCAAACCGTGCACTCGCGGTGCAGAACCCAGTAAGCGGT,611,48.94,Mus musculus
SEQ_152576,TTCAAAGTGGTTCATGGGACACTCGGCTAGCATGTCCTGAACCGCGTAACGTACCCGACTCGGTTGAGTAGTGCCAATCTTCTATTTGTTAACGTCGATTTTCTCAGTGGCTGGCTGGATTTGGCGTGTCGAAGAAAGTTAAATACCTTGTGCGCAGTCCCCATGATGAAGAGAGGGGGAGTGTCGGCTAATCCTCCGACCCACGGATTACCGCCTATTGAATCTCGGAGGGCCGGTAGAGCGTCTTGTCATACGTTCGATACGTTTACGCCCTGTACGGTATAGCCTCGCATGTATTGGTTAGATGTGATGCGGCTCAGTAGAGTATTGGAGTTCTTCCTTTGACCTTTGTTCTAACCAAACCTCCAGCGCTTGGAAGGACCATTCTAGGGTGATAGAAGTTAGACTGCTTATACCTCTCGCTAGCCGAGCTTGATTATTGTGAATATGCCAAGAGACCCTGCAACATGCCTTAGAGTCGATGAATACGCA,492,48.98,Arabidopsis thaliana
SEQ_661312,CGTCCAATGCTGATCGCCCGTGCGGCAGTTTGGCGATCTTAAACGGAAAAGATAGTACTCGTTGCTCGAGGACCAGTCGGAGGCAACATGAAATAGCGTAGATCTCTGACACCCAATGTGAGAAAGAGCCAGCACGCGTCCGACCCCACGGTGTGAAAGAAGGGAAACGACTGGTCGGGTAGGTTTCCGAGCATCTGCGATGTGATAACTGACACTCTTGCGGTGATCGAAAATGGTACGCAGTGTTCCCATCTTGGTGCAGGTTTTTATTATACACTTAAATGTTCGACGGATTATGCCGTCAGTATTCTGCAACATTCTAGGCAAGATTATGTTTGTCTTCACAAAACTGTAGAGATGGACATGCTCGAAGTTTAAGTGAGTTTTAGGACTGCTCGTTTTTAGGGTCCGTCTTCTGATAAACACGCGACCGGCTTTCCAACAGTTATCCACTCCTCACAGCCTGCGTGTCCGTGGGTTGTTTCTACTGGGCCTCTAGACACATCAATCCGTGTCTGAAGCGAATAAACGCTTCACTGTTTATCCCAACCTCAAACCGATAACCGTAGAACCATCATATCAAGCACGCCTGCTTGAATGTAGGTCGGTAGCGAGTAAGGCAGCAGAGCCATAAGACCCACGCTCGATCACTAATCTTACAT,662,48.19,Caenorhabditis elegans
SEQ_330344,TGGCCGCTATGTGAGTGAAACAATCGACGTTTAGAATTTCAGGGTCATGAGCTGACTGTAGGGCCCTTCAATAAAATAAATTACATCATAACAAATGTGGGGCCGCGGGATATAAGACGGTAATGGTAAATGAGTTTGCGTTAGACGATTAGAGAGAGGAATTCAGCGTTGTTCGGTACCAAGAAGATGCCTCTACGCTCTTGCGGCTTGGTACGTATAGCATAATCAGTTTATTTTGAGTCGACGCGAGAAACGACAGGGTCGGAGTTACACGCTCCTGGCAAACTCGGCTTCTTATATGAGCGTGGGTAACACTGACACTGCGCAAAGATAAGTTATAAAAGGTAAGACTAGAGGACCCGTTCGCAGCTCCCCAAATTGCCCGAATGTCAGGTATGCATTCCCGTTTTTATACGCGCGCCTGATACAGTGCTAACTCGCAGACTAACAGGAACTTACCCGAGGCGCGAGGCCAGCAGTTTCAATGCCCCCACCTCCTACATTGCAGTGCCAATGGCAGGCATCAGCATGCATCACACTTTTACTTGTGGCGTACCAAACAACTGGATCGGGTTGATCTAGGGGGAGCATGTCCACTCACAGCATTAAGCGTGCTGTATCATTTTGTGCTTGTCAGCGGTGTAGAGTTGTCCCGCAACGAGTTACTCAGTTAATCCAACCTGGTATGATCTACTACCAGGTTACGGCCAGCGGAGCCCGAAATAGGTAGTTGTGCCAGCAGATGGTTACATTATTGCGGAGATTCTTAACTGGCGAACTCCAAGGTCTCAATCAGAATCTGTACAATTTTACAACCAGCGGCAATTAAGCACAGAACCGGTAAGGAGTGCAAGGGCTTTGTCAAGTACTAGTTCACCGAATCGCCAAGATCTATGCCAGACAAACGACTATATTCTCATAGGTATATTCCAACGACTGTTGCGGTTTACCCGATGGACCGCTCGCGAGCACAGGGAGGCGAGTGGAAATACACTGTACAATGTGAAGAGTAGAGCTTTAGACCAAGACGTAGTACTAGACTCTGGACACTGCCACGACTTATTCTCCTAATGCTATGTCGAAGCCCATTCAGGGTTCTGCCGACGCGGGATTTCGTCAGGTTTCAGCTAGATGCGTAAGCGTGATTATGCACAATTCCGGCCTCAGTATACCCAAAGCGCATTAGGTCCGGAGACTAAGTCAATAGCTCAGTGGAGTGCGCAGGTCTGCCAAACCCGGCTGTCGAACGATCGGTATTGCCTGAGCCCCGGAGTATATTTAATCCCTATCTCAGAACGTGCGAGGTGAAATGATGAAGGGCCCCAAAGAAATGATCTTCCCTACTAGTTTCGAATGTGGGGGTCCTTAGACTTCGGACGCTGGATTTCTTAGAACAGAAAGCATCTAAGGGGACGTAGGGAATGACTAGAGGACCTAAGACGCCTTCATGTCTGTATCACCAGTTACGAGGTCTTATATAGCCGTTATCGGGCCTAGAGCATATCGCCACGCTTTTAGATAAGTGACTAGAGACTTAAGTGTTCAGCACGATTACGGTCCTGGACCGTTATCTGCGACTACCCCTAACACCGAGGTGCACCTTCCTCGTGGGTATTGAGTACCAGAACGTGGACGCGGCACCGACGACGGGCAACGTCCTTCCATTGGAAGCGTTAATTGTTGCCAGTTTCATGCTCTTGCCTCAAGGCATCTGCCCGACCTAAATCAACTTGCGTAGACGTTACGGGTAACCTGCGACATCACCCATTTTTACCATCCCGCTTCTTAACGATGAGTGCAACCCTACTGATTCAGCGGTATGCTTTAAACTTCGGATAGGGACATACGGGATTTGTAGAAATGTGACCGGGGACACAGGTTGTCATAACATGAATACTCTGCACCTGTTCTTTCGTGAAGAGGGGTCAAGCCCG,1934,48.81,Homo sapiens
SEQ_837907,GCGTATTGCGCTCTACATGTAGCCCTTTAGACGTACTTTGCGTATGCGGGGTTAGCTCCTAGCCACACAACCGTTGTGTCATGGCATGGCATCCGCACTAGAAAAGTCGCTGAGTGCTTGTGCGAGTTGGTGGA,134,52.99,Caenorhabditis elegans
SEQ_328161,CCGAGCGGCACCATCGGGGGTGGGATCGGGGATAAGTACACCAGTCTCTAACATGGAGACACCGAGGGGGCAGCGACCCAAGGTATAATCGCCGACGCGCCGCAAGATCACGGACGTCCAAATCGATAGCCGTGAAGAATAACAGAGCCACCCGACCAATGTACCTAAGTTATCGGATCAATTGTATGAGCATTCGCTAAGAGGGGCGCGATAATCGCAACGATTGGTCTTGGTTAGGCATGATGTTCGAAGGTGTATATATCGTATAAAAGGCGACGCTTTGATCCGTCGATGTGATTGCTGGAGGCTATGGGAGTACGGCTGTCCCGCACGGGTATGCATCGACTTAGTTCTTGAACCCAATCTACATGAGATTTTGGCTACTTTATAAGGTGGCGTAGGTTTCCTCTGGCTAACTATCAACGATCTACCGCATCAGGCTATTAGGACATAGGCTGGGGCGTCTGCAAATTCCTATCCGAGTGATGGTCCATATCTTCATCTATTTCTTTGTATACACTTGCACTTGTATGCCCGCGGAGACTAGCTTCGGAGTTGTCAGGGGAGAAGACTTTCGGATTAATCAACAGCCCATCCGATTCATATTGAAAGAGACGTAATCGTGTTATCTCTGTGGATACTTACATAGGGTTCTAAGGTAAGTCAGACGGAAGAAGCAGAAAGGGCGCCCGCGTTAACAAGGAACAGTGTGTTGGACCTATCGGGCTGATGACAAGCTGTCCGGAGAGACACAATTACGTGTGTGTTGCCGACTTATAGAAGCAGGCTCCATCTCCTAAGCTTAAACCCACTTCTTAACGCGTGCCTGACTCGGGATTCCAAGCCCTCAAGGCTAAGACCTCAAAAATTAGAAGCGGTGCAACAAGCAGGAAGAAAGTCGTTTTGAATCGTCTGGCCTAAACGGGGTAGCAAAAAAGCGGGGGCAAATGTGCCCTATTACTCATGCGGAGGCGAACGGGCATGTAAACAGAATAATATCTCAGTAAAGTACCTGTACAGGTGTGAACTCCTATGAGGGCGGCTACCGCGCTAGCTCTCATCCCTACGTATGCCTCGGTGTCGTATATTTAGACCTAATGCTAACGGTATCGCATGCCGGGCGGGTAAGATTTAATTCGAACGTTATTCGCCTTTGCTGCCGTTTTTGTCGTCGACCCCTGGGACCCCTCCTCAGCCGTGACCTCCTTCCTTAGTTATATTAGGATCGGGATAAGTTCGCAAAAACCGGACGTTGAGATCCGGTTAATCCTTCGGCACGAAGCCACCCCGTGCTTTCTTAGCATTATGCGTCTAGCTCGACTCCAGGATCGTCCTGTTAATCAACGAGCTACATAAGAAACCCGTGAAAGCCGTCCTACAACGAGATGCCAACTACGCGCCGAGTAGACATAACTCTGATGGACTCACAAACACTATCACTGTTGAACTCCCAGCCCATATGGCGTCCGGGGAACTTATCCATCGTTATCGCAAAGTTTGGGCCGCTACCCACGCTAAGCACAGTGCTTAGCATCGAACGACAGTGCTATTACTCACCCCCCATCGGTATTTTTC,1575,49.71,Drosophila melanogaster
SEQ_541097,ACGAGACTACGGAACCATAAGCGCAGGTCAATTCTATAGCACGGTGAATCCCTAGGCGCAAGCCACTACTTAGTATCATCGGGCGATGAAGGATCGGAAAGTTTTATACGGGGCTAATGCATGACGAAATTACGCCGAGAACGCCAGAGGTCACCCCCTCATTCAGATCGTAGCAGACAGGAGAGGCTTTATCAAAGTTAAGCCCCAAGCACTCTAGCAGAACTCACAACGATTGAGGTGTTTGTGCGCCCGCCGCAAGGCGCCACCATTGCACACGGCAATCGAGCATGATCAGCAATACTTCTGCTGCTTGATACAGGCCGATTTCACGGTGACATATCCGTGAGTCTGGAAAGAAAACAATAAGTTCCCACCCAAGCGAAGTTGAGGTTCCTCCATGATCTCAGGTAGCTGTGACGAACAATTGCTCGACCTTAATTCATATCTCGGGAATTATATCTCGGGGCCGGGTCTCTCGAGGGCCCCTTGAACTCACTAAGTGCCCCGAAATACACTTTGCTTTCCCCATCTTTTTAAGAGCTACGC,546,50.0,Escherichia coli
SEQ_872290,GAAATGAGTTTGGACGATCCGCTTCACTACGAATACCTGAATGTCTAGATCGCGAGTCCCCGACGGGCCGAGAGCGGCACTGGATGAAGAATATTCCAGCATCCTACCTAACGCAGCCGCGGCACAGACTTGGCAAATCTGATGCTCGTGTGAAATGGATCCGACCCAAATACACTGGCATGCAGCTGCGATCGTTCGCACTGGCACTCTTGAGGGGGGGTTCTGCTGAGAGTACGTAAGGCGCCAAGGCCACGTAAACGGCCGGATTAATAGCGAAGTATGTTGAGAAATATGTTTGACGCTTCAAAGATAGCTCTGTTACCAGACCTAAAACCCGAGATGGGTGGGGTTGGGAAATTAAACCCAGCGTAAGTCAAGTGATTCAGTATGTTCTGAACAACGCTTACGTGCCGGGCTTTCACGGGGTCAGGCACGGAATCGTGATCAAATGATCCGGCCAGATTATAATAGAGAACGCTCCAAGGCTCTAGATTTCACCAATACAGGTTCCAAATGGCTTTGGCCATCATACTGCTCAATATTCTTTGAATTCGGCTCGCGATCTGCGGTAGACCTTCGTGCATCTGAGGTGTCCCAGATTCACATCCGCAACATTATTTTTATGTTTTTAGGAGGGAGAGAGCCGTCAATTATACACCGGAATGTACCACTCTCAGTTCCCCACGGCTCCTTATACTGCGCACGTGGCTGGGGGATGGAATCGACAAATCTTATACTCGACGTACAAGAAAGCCTGCGAGAGTTCTAACCCGAGTCATGACAGGATCTAACCATGCTGCGAACTCTTCTGACAAAGGTCGTGACTTTTTGTGATGTCTTTGAAATTTATACGGGGCCGCGATATGGGGCCGAACGGCAAAGTTGTACACACCTATCCAGGGCTCGATACGTTGCGCAGGGACTCTTATGCCAACTGAAATGGATACAGGGGTGCCGCAATGACATCCAATGCGTCCAGTTCGACTACAGCTGTCTGGCGAAACGACCGACCCCTACATCTGTGCAAACAAGCCCAGGTCTTATAGTGGTGCTGGTGTCGAACAGTTGGTAACTATTGCATAGCCACCCTTTCCCTGCCAGCGCCTCCAGATGGATACAGGGTGTCGGCATCAACGAGGATACTTCAATCTCATTGCATCACTCTCTGGAAACAATACAAGGATCCCTCCGTGACCGTCCTTCGACTGAGATAAATACGTAGGTCAACCTCGGCTCGACTCACAGTGCTGGGGCGGAGGTTAATATCACGTATTTCCGTGTCGCAGTCATTGGGAAATCTCGTGCGACGGATCGGCACGTGGTTATTCCCGGTTAAATTTTCTGGCAGTTACAA,1354,50.15,Homo sapiens
SEQ_526687,GTTTCCTCTCGCACGTTACTAATTCGTCCCCCACCTCAGAGAATCATGCCTGGAAGAATAAGAGTTGGTTTCAGATCGGAGTAAACCGCCAACCTATGTTAGCATGTATGAGTTCGCCAAGACTTAGTCTGATGATAAAGGATGCTGTTTTTCATACCGGAAGCAGGCTCCTTGTCTTCGATACCACTGGTAGTCAGAGATTGCGCAACCCCAGACCAACGTGGGTACAAATAAGATTTGCAAAGTGCCCCGCAATCGCAACCTATCTATGTTCCAGGCCACCACTATTGCGGATATCCAGTTTTGCTCGCGGTGGCCATATAAAAACCCAGTAACTGGCTCAACGGGCGCGCCGCTGCATTTCATCGCAATCGGCACCCCTTGAAGGCTCTCAGCATCATTTCCTAGGGAACTGAAATAGTTGTCTGAAAACTCACCCTCTGGTTGAATTTGATAGAACCAGCTAGAACCTTCTCCCATGATTGGCACGAGTAATTTGCGGAGGAACCGTGATTTGTCTAACACTGGTCGATGCAGGATATCTGTTCGTAAGTCCAATGTGCAACTACTACTGATGGACACACCAGATCCTGGGCCAACGATCTAGAAAACCCCGGTCTACCGTGTTCCGTCTTCTTTCGGCCAGCTCCTGACTTCAACGCCAGTGACGTAACGTATACGCGACTATGTCCGCTGTGCAGCGTCTACAATAACCAGACCATTTCGCCTACTTAAGCATCAAACAACCTAAAGCATGCGTCCGTTATGCTCATGACCATGAGAGGCGGACGAGTGTAGGTCACATCTTATCTAGAATGCTAGCACTATGGCTATGGGTGCAATCCAAAACCGCC,854,48.71,Caenorhabditis elegans
SEQ_813922,GGTTATGGTTGGCCAACGCAAAGCTACATTAAATTCTAGACTATATTGCTTTTTACGGCGTCCATGGCTGTGAGCTCCCTCCCATTTTAACGCGAGTATTTCTGTCTCCCCTTTCACACGGGGTATCATTCCCGGACATTCCGGAACCTTCTTCGCTTGAGCCTAATAGATCAGGAGGGACCATGCCGTAGCGTACTGGTCTTGAGTACCTTTCACTCGAATCTCTGCAACCCTTCCATCTAGAGTAGACTCAATTAAATATGGCAAACGGCTAGAGGGATGATATTAGTGCACACAGCTCCTTTTGTATAAGATCGGTGCCGACGCGACGGGGAGACGTTGTGCCAAACATGAGTGCCCAAGTACCTATAGGCGAGTATAGGTGGTGGGGCGCACTCCTCCGAGGGGATTCTCGACACCTACGGCGAACAAGCATCTCGTCTACCAACCGGATCCTACACTGGAAAAGGCGGGCTGGGAGTTATGAGCGAGGTGACCGTTAAGGCGAACGCACACAGGTATGACCGGGGGGAGATGTGGGCAGCTGCCTTAGCCAGCCATCAGGAGGAGTCGACTACCCAAACCAATTGCCTATTGAGACTTAGATGCGTTCCATGCACCCGCGCACTGGCCGGGACACGCCGGCCGGAAACCTAGTTGACTTCTTGCGCGAGGGGGGGGTCCCAGATATTAATCGAAAACATATAAAATGTCAACAAGGAAACCGGCATTCTTCAACGAGCCTGTAGTATGACAAGAGGGTAACTCTTGTCCTATTGTTCATGTTCCCTTGGCGTAAATGTTGGTACTCGCAACCTGGATCCACAGCATACCTCGTAGTGGCAACTTAGTGCTAACTTTCCCACGTGAACCGCAAACTGGAATAATCGGCTACTCTACTGTTGGCAACCTGCCTCGGGCCAAAAGTGGTGCGGGTCCTCAGACTATCAGACTACTAACACCTAATTGTGAAGTCGTGTACGTCAGATGATCCGACAGCACAAATACCTCGTTTTAGATTCACTTATGGGTAGGTGCCGGCGGGCTCATGCAGTTACGAGTTAACCACATGGAGTTTTAACCGACGGTTGCGATCTAATCTGCCCTATTTGTTGATCCGCTCATTTCGATAGGCAAAATTGGCAAGGCGGCTTTTTTACGGAAGTTGAACGTGGTCGGTTGGCGCCTTTCCGCACGTATAAACCGATTAAGTGAGAACACATTCGTTGTGGGGTAAACAGGCCGACGCAAGGTATGAAAAGGACTCGATGAAGAGCATCCTATATTCTCTCTAAGCGCCCACACATCTTTGCCTAGCAATTAATGTTCATTGCCCCGCCTAAATTACA,1349,50.04,Saccharomyces cerevisiae
SEQ_324682,TGGCTTCTTAAGACCTTCGCACGCAAAATTGTTTTCGTGAACCGGACGAGCTAAGGCCTACGACTCACACTCACGTCTTGTGCTTAGACAAGGCAGGTTCATTCGGGCCATAAGAATATCTTGGTTCGGAGCAGGTTTCTCATTATAGCAAGATTCGTACCATCCCCGAAATGGCTGTATACAACACAGTAATCATACTAGTCTTGGTGCATCGTCCCACTAAGACTGGCAAGAGGCTCCATCGCCTACTTGTGGGCATGCAACTGACTTGGTTCTAGTCGACAGGAGTGCTATAGCTAAACCGCGAGCAGTATGAAGAGTCATACCTCGTCTGCCGCACAAACGTGAAATACTGACCAAAGAATGACCTTCAGAAGAAGGATTCGGCCAATTTGCTCGCCGGTGGTGTTATACCGATAGGACATGATCACCTTTGGGAGTCTACCATATAATTTGAGTTACGGTTCGGAACAAAGAGAAGGTGCTCCTAATACACACGAATCCCTACCCGAGACAAGCCACCCTGCTCACTTGTTCCGGAGACCCGGGGATTGCTCTATCGCTCTTCCCGGTATAGCCCTATTTTGTCATAACACAACATAACCAGAGGATGGTTCAAGTACACCTCGGCGCCTCGGTACGTTGTAATAAAAGACAAACAGGCCGAGTCCCACTCAATACGCGCCAGGCTTCTATTTCTCTACTAGTTTAGACTAGCTGCATCGCAGGTACCGCTACGACACGTCTTGGACACCCTCGGCGCAGTTGAAGATCTTCGTTTGCATGATTGACACTTCCAGTTGATATAGGCTGGACTTAACTGGGCCTAGACGAAGCAGCATGTCGTCGCTGCATAGTTCCCACGCACCTCGCTACTTGTATTTTACTTACGGACCGCCCACTGGACCGTTTGCATCTTTGTTGCTTTGTGTTAGCTCACGGATTACCCTCCACGCACACAAGCTAGGTCATTTCGACTCCATAAACCAGTCCTTCTGTTGATGCGCTGCATTCACTATATTGTCCCCGATTTCTGCCAGGCTCCTCCTTACGCAGATGACCAATTAGTAGCGTATGCCTCCGGACCCGGTCATTCAAGATGATTCAAAATGCGGATAGTTCCCGCACTCGTGGGTTCGGTCTTTGGCCTAACCGTTGACGGTTTTATCAATGAAGCTCCCTATCTCCTTGTAGTAAAGCCAGCGGAGATATGGAGGGAACAACACAGGCCGTATCGTAGTACTACGTGTGCTAATCTATACAGGGAAGGTCCTTGTCCGGTCTTGCCCGTTTCTCACCATAAAGGTATTTTAGTGGCGTTTGAGCCTTAGCCGGGGCGAGCAAGATCACCCTGTACCCATTCATCCGCCGTAAAAACTGTGGCCTGCCGATTGTGGCTCATAGGGGATTGTACCTTCCTACAGCGCTTCAGCGGGTCTGTGCTATGCAACGTGGGAACATACACTATTGGTGACAATTCAATTCGGCGCCTATATTTTCCGGCTTCCTCTCGGCCGTCCACGTTCAAAGCGTAGAGTTGGTGCCAGGTGCCAAACCTGGTTGTGACGCAACTTAACACTTGTCCGCCAGGTTACATTCCAGCAATCGAGTACTATTGGCTTCCTAACATCTCGCGATAGACATGGGCACGCGATACGGGCTGCCTGACGTTCTTAGTGTGATGTGACTCGGTTGTATGGTTGAGCCCTTCCCTTCGAAGGGACCGCGATCAGTCCCTTAGGACCGTAGCCAACTTACTGTGTTGCTCCCATCATATTCAAGGTAATGCGCGGACCAGCACTTTTTACTCGATACGGCCCATTAGGAGCCGCCCGTCAGTGCGAAAATTAAACCGGTGTCGCTGGGCAGGGACTCTGTATAATACAGCGAGGAATTTTGATCACAAATTTTAGTGAGCACCTAGATGGGAGCGGAGCCACGCTATCAGGCACGACAGACGAGTACAGCTTCACAATGGGGACACCG,1986,50.2,Saccharomyces cerevisiae
SEQ_701800,TACATTCAGTGTTGATAAGGAGCAAATGCATTGTGGTACCACGACTCAACGGTCACAGAAACTACTTGCCACTCCCCTGTGAGACGGGTCGGTTGAGAAAGCCAGGACACTCAAGAGAACGATAAGGTCAGCGGCCGAACTACTGTAGTGTTACACCCAATCACTGTTGGCGCGACTGAGACTAACAGTCGATTGCCCAAGACTCATGTAAGTCAATTGAAACACATATCTATTTCCATGGCTTTGCCCTGTATGACGCTTTGTAAAGGGAACAAGGGGTGCAACAGCCAGTAATCTAAGTTCATGGATGACTCGTATGGGTTGCACCAGCTTCCATACAGATCCGCGCCATGACGGGGAAAAGGAGAACTGGTTTTCGAGGTGGTACTGCGCTAAATCAAATGCTTCACGATGCCTGCGCGGCTGCTTTTACAGGTGGCAGG,443,49.21,Saccharomyces cerevisiae
SEQ_888001,CGCGGCTCACGGCTCGGGAAGAAGCGGGCCGCAACGGTGACGTCACTACCACATTGAA,58,63.79,Drosophila melanogaster
SEQ_706700,CAGATAGACTGTTTCAACACTCTGTTCTAAAACAGAATGTTGTGACAACTTTAGAGAATCAATGCCCTGTGCGACGCGGCGCTAGCGCGGAATAGAGTGGCTGAAGGTGCAAGAATAAATTTGCACCCCACTATAGAGGATCATTCATTAGTACGTCACACTCCACCTTACAAGATGGGAGCTAGGCGGAGTGGGTGTGATCCTTCGTGATAACTTAACCGGCTCAACGATTGCGTCAGCGACGTGTTTGCACAGCCCTAGATCCCCTGTCCAGACTCGTTCTTTGCTGACTTGGCCTGTACGGGGTCCGGTGTTTCATATTATACTCTCACGCCGTCGCGAGAGTAATGAAATATTTGGCACGCACTCTGGCTATAGAGCACATCGGTGTAGGGAAAAGCTGCCCTCACCTGTCGGTGTATCGAGTATGCCGCGCGAGCCGCTGCGACGAGGAGCGTTGGTATGGGTCTTTTCACTAAAACAGCGTCGTCGCTGGTATTCCGGGATGAAGAAAGACGTACTGAGGTGTTGACTTCACGCTCTTACATGCATATGTCATCAGGACATAATTCAACTTCTAGGTCCTCTATCGATGAGAAACATAGCTCGGTTCGGCGGTCTCCCCAGAGGCTGCTGATTTCATAGTTAAAAAGACTCTTATGTCCCGGGCCAACAGTTGAACCAGGAGTAATGCTGCAGAAGAT,704,49.57,Caenorhabditis elegans
SEQ_905074,ATATATGCCGACGCCAAGACGTTGCCCGAATTCTTCTGCAGCCCGCAAGAATGACTCGCTGAAGGTGGTCCGTGGACGCTTTGACACTCCATACCAGCGAATGATTCAAACGGGAGCTACGTGGGAACTTCATATACAATGCTGTGTGACATATAGATCAGGATAACAGCGGGAATCAGTAGTGGCGTCGAGCCGAAGTAGCGTGGGTTATTCCAGAGCCGGCTCTTCTTCCTTCCACCCGTTCGCGGGCTAATGTCTGCGGGCTAAATCCGCAAATCTATATAACGAAGTTGACCCGAGTAGTCCGGAACTGCAATGTGCAGCGCGTTCTTTCATCTGCCCATCCGTCGGAAGAGCGAAATTCCATCTAACTGTAGAACCCGGTCTCACCAAGACACCTCATGAAGTTAGAGCGTGGACTAACTTGTAGGGCTACCTTCGCGTGGGTAGGAGTTTGGTCATCCGAACTGCCGAGATACTTGAGTCAACTGGCCAGCAGACTACACGCGCATCCCCCGTGCCACTTAACCACTCTAGCGGCGAC,544,52.76,Saccharomyces cerevisiae
SEQ_760072,GGTTCCCGTGTGCCGTGACACCCACGACGACTAGCGGTAGTTTCGCCCCTACAAACTAGCCGCGTTCTGTTGTGGGATGGAGAGAGAGTTGATGACGGTCGGAATCAAGCTCAACGAGAGTGTATAGGTATTGAAGGGAAAAATGACTACTCTAACATACCAAAGAGCGCATGATCTCCCGACACGTTACCCTATGAAGACCATAAGCGATCGGCTTCCGCGGGCTAGTATAAAAAAAGTGCTGGCCCGTCCAAATAAAGTGCCGGCCGTTCCTAAAGAGGCGGCACGGCCGTCAGGAAGATCGGGGAGGTAGTTTC,317,52.68,Mus musculus
SEQ_421148,CAGTGGAACAATTGTCCGGACTTAACACCTCATGTGACGCATACAGGGAGTGTAACCACCTACTTGACAGTTGCGGTTAGACCTTACTCTCTGTCTGATGTTGGCTGTTCCGAGCTACAGACTAGTCACACCCATTGGAACAGCGGTGGTTAGCAGAGGCCTACTACGCGACCCGGGACTGCACTTAAGAAATTTGGAGTCGGGTCCGGGCACACCGCTAAAGTCGATTGGTGCTCGCTCTAATGTTTAATTTTTGCCTATCGCTACTGAGGGCTAAGTATGCTTGCGCAAAACGGGCAACCAAGGGCTGGGCATTGATTACATCCGCCAGCCGTTCATGTGGTTAGGTTTCTCGTTAGCTGTTCTACGAGAGTAGCATATAGTAGAGTATAACGGAGAAAACCTTATGTTTTCAGAACGTCACTCGTGATA,432,48.84,Arabidopsis thaliana
SEQ_224121,CCACTGGGTGCGCCGTTATAGTGCTCCCGACTCTCTCGGTTATGTGCACATTCTCGTGGCGTTAGTATTAGAACTTCATCCGTAAATTCACGCGTATCCGCGGTGGCCGCAAGTGATCTAGTTGAATAGTACATGTAAACAGCCGACCCGTCCTGCTCATCCATTCCCGAGGAAATTGAGTGTGTGAATCGGAAACTAAACCTCGGCTGCACTATCCGGGTTCACAGAGGGGTCGATTAACGTCTAGTTATGGTGGTTAGACGGCTACTTAGACATTGAAGGAGCTACGTAATGCGATGGCCGCCCTACATGTCCGTCGAGTTACGTCCGTAGAGGATTATTCCGTTAACCCCCGTCTGCGGGGAGAGTCTCCATTATTTGGCGTGATAACTTGTCTGACGTCCGGGTCAACCCCGACCAGATGGGTCTGTCGCACGAAAAATTCTGGGACGCAAAAATTCGAATATGAATGCTCCTCGGGGCGTCTAGATATAAGTAAGGATTGATCCTGGCAGAACTGGACAGATAGACTTTCGCTACCCTCTAAATCCGGCAGTATATATACACCGAGCGATGGAGGGGACCGGTACCGGGATGAACTACAGCTCTAGCTCGTTCGGAACGGGCTGAGAATGCGTATTCGGGGTCCTAAGATATACCGCAGTATCCTTGCGCTAACCCGCTAATGTTGGACTGCACGCCCAAAAAAATCCTATATTGGAGTAGAATTTATACTAAGTCAAGGATTCCAAAGCACATGGACAGGATCCATCAGATGCGCACAACGGGATCCGTAAATCAATCTATCTACCTCACACGCGCCGATAGTCCTGAGATCGACGCCTTATGGCAATAACCGAGGACTCTGCCACGCCCGTGGATCTTCCCCGCCTTAGACGGACCTAATCCAGCATGAGATACTATAGAAGGTCTCACAAGGTGCAAAAAGCTTAAATATAGCTACCATTCGTGTGCTTGTTGACTCTTGCCACAAAGCTCGCATCGAAACCAATACGTTCCGGCGCGAGGATAAGGTATGCCTTGCGAAAACCGCAAAGCAATTCATTTCTACCGACAATCTAGGGTCCTGCGTTACTTCGACCACGCGACCTTGGATACGCACCTCTCATCCTTTTAGTTAAGTCTGCGCACATTTATCAGCTGAGATAGCTCCCACGGAATGCCGGATATTCTTAGCAATTTGATTAGGGTAACTTAAGGATATTTTCCGTCCTGCTACGTCCATCCTGTATACGATCCATGGCAGTTTGCGTGCAGTGTAAGGAGACACTATCGAACCGCTATCTGTGGTCCGCTAACACTTTCCTTACTTTACCCCTTCGCCGGTTGAAGGTAAAGCAAATGGCTAGTCTACCTGCGAGCGATGCGGGACTCAACCATCATTAAGCATGGTGTATTCGGAATCCGCTCCCTGGAAAGTCCGTCCGACGAATCTTACGCGCACACATCCACCAACTATAAGCTTCTCGAGTCTTATCCATAGGTTTACAGCTCTGTTTGGAACGCTGGCCTCCAATACCATAGCCTATGTTGCATGACCGTCCCCCACTGGATAGCGGTGCAATCTAAATTACTAAGGATCGTGAGAAGTCGGCTCCTATTTACGAAAGGTGACTTATTCTTAACTCGTGCTCAGCTCTTTGACGCCTCACGCCAATTGGTCCCGTGTCCTAAAAATAGCATCGTGACGGAAATCCTGAAGAGGGCTTAGAGAGCGGTCGAATCGGTAGGGGCGGGTCACCCCGCTCGGGACAGATCGGACGCCCACGAGTCGCTCTAGTAAAATGAACGAGAACTGAGTGCGCGGACTACCAACCCATTCACTAACCATACAAGGGGATTCTC,1866,49.79,Saccharomyces cerevisiae
SEQ_997942,TGCATGAGCAGTCTTCGATCTCGCCATCGTCTAACTTGACGTTTCGCACATAAAAGGTACCCCAGGTACGGATTAGTGTTCTCTGCCTACGTCCTTAAAAATCCTAAGGCACCGAGATAGATATCGAAAGTGTTCTTAAGAGGAACTTCGATCTTATGGGATCGTATCTACGCTTACACCGAGGCGGCTAGGTCGAATGATGCACCTAGGGACGATGCTCACGGTCACATCGACGTGATTGAATGAACACCCATAAACCATAGTCACCTATCAGATGTGCTGATTGGTTCCAGGTTAATCACTTGGGGTAGGTGCACCAGAGAATCTGTGGCCCCACTGGTAATATGGATACCAGTAACGAGTCGTTCACGGCTCAGATCCAGAATCCCCTATCCACATGCTCTTTCAAACTGTACTTCGTTAATCTTGAATACCATGGGACTCCAAAGCGACAAACAGCGGCATCGTGAACTCCTCCGCAATGCCGCGAGGCACTCGGCATCATTGGTTCTCTATTGCGGCCTGGCCATATGGAGGCCAATTTAAATGCAT,552,48.37,Drosophila melanogaster
SEQ_650751,AGTGCATGAGGGCGGGATATTGGAGGTGATTCGTCGTCCGATTCCACCCAGGGTTCGTTAACAACGACCTGATTGAGAAGGGCTACCTTGTATGCAGAAGTTAAGGTCAAGTCTGAAGGAAGTTGGAACTTCTGTATGTGAAGACTGGTTCTTGCCTTACTCCAAGAGCCTACTACTATCGAGGTTTCACTCATACTCATTACACTTGGATTTCTAAGAAATTCAGCCACAGTGGGTCGTGAGTAATGAAGGGACACGTCAGCATAGTCGGAGTAGCTGCAGCGATAGACTTAGAGTGTATATTTTTATTCGCCTCTGTGCAGGACAGTATCGCTCGCCAACTCAGTCACTGTACCGCGCCGGGAAACTACCTTTCACCCTAATCGCCGCCCAACAAGAATGCATAGCTCAAACGATAGTGTATGAGTTAAGGTAGACGAGTCTGAATCCCTTTTTGGCAGTACCTGCCTCATTTTCACACGACTGCTGGCGGGGTAGTAGTGGGGACGATAAAACTTCCCGATTATGCCCCGGGGAGGTGTGCTGAGGCCTTGTGGTGTAAATTTTCCTTAGCATTAATGAATGCAATCCGCGCAGGAGAACCGCAGCTTATGTGCTCAACACAACCTGCTCCAAGCTCTCGACTCAGCCACAACCTGGATCAAGTCTACTAGCTCCTACCTTTAGAAGTCCTACCATATCAGTCGTACTCCTATTTTGAAAGATACATGGGTAAGTAAGGCCGACGTCCGGAATCGCCGCGCGAGTGACATCGCGTGCTATTAGCTGAGGGTGTGTCACCGTCCAGCCGACGCCACGTAAACATTGCATAGACATTTAAAATGATGTTACTCCTTCGGTTCACCGAATATCTTACTGATGCACAGGGACGATCAGGCGCACACTGTACATGGTGCTATATGTCTGGGTTGAGTCATGCTGCTACGCATGCTTCTATGTGTGTACCTACCCGAGGTATCAACTGGAATGCTGAACAGTCTTGGGCAGGGGTGCACTAGGCGTCTGCGTTTTGCCGACCGTGGCAGGGCGTCCAACGGCCGGGATTAGCATAACAATTCACGTGTCGTCTAACAGCAGAGGCTGTATAGTGGACTTCAGTTACAAATTCATTAGGGATCTTTGGTCACAGAGGATTACACAATTCGAAGTTTGTTGGCGCTGTTCTGCGGAAGAGGCAATAACAAAAAAGAATAGATAATAGAGCAGACGTAAGACACTCCACTGGCGGAGTAGCCTCACCCAAAGGTTACATAGCTCCGACTCCCTGGGCACCCCAGCGTAGTACGGATAAGCAGGAACACGGTCGTCGTGCAGAGATAACAATTTGAGCCGGATCGTGGTTGCCATCCGCACCATATTCCAGGAATTAAAATAACCCTACGATTCTCATCTGGGTGGAAATCGATGGCAAAAGCGAACACGTGGAGTAGGAACCACGCCCTAACTGGCGCTTGAGGTCATGAAAGTCTCGATGACCTGCTTGCTGATACACAGGTTGCGCACACATAATTCAATATAAGGCATTACTTTCCCCTAGGTACATATTGACACCATAACGTCCGGGGCATTTGGCGACTTGGGGTAGCAATTACCGTTTGAAATCCTGATCTCGCGAATGTACACTGCAGGGTCGGTCATGTTATGTACTGCAATGACACTCCATTTTTCCCCTAAAGGAACCGATGGTGTGCCGGATTCCCTCTATTTTGAAACTGCCGGGCAGACTGCCCGCAAGGACATGGTGCCGTCGTAATCCGGCATTTAGCCGGACCAAGACCATGCCCCGAAATCCGGAAATTGCCCTTCTGACAGAAG,1836,49.35,Homo sapiens
SEQ_437927,CGCATGACTCCCCGCCAAGGCTCACGGTTTCTGGTTTAAGACTTTCGTATATAAGCCTCCCTTAGGGTAGGAATTGAGTGCGGTACATACGAAGGTTGGTTCCTTTTCCACGGTCGGCTTGTTGGTAAAGTCGGAGTGAAACCGATTCGAGTGGGGCCCACACGATTCTTTGGTCTGGTCCTTTGACAGACGCAAGGATCCTCTAAAGAACAGATCTTATGGTACTATCCCCCACAGGGGCGTAGACTCACGAAGCTACCCGTGTCCATCGCAACCTTAGTGGGGGTCACGGACGTATTTAATCGAAGAGCACTGTCAACGAGCCTAAACACACTGCTGAGCGGGATTATCTCACGGCCGTGCGTTTTCTAGTGCTAGTACGGAGGTTCGAGTCTTTGCTGGTCGACCTGCTGGTCGGCGCGGGGGGGCTGTGCTGATGCTACGGAAATTCTGGGGGAATGGAATCATAAGACGGCAAAGTCGCTCGTACCTAATACTCGCTCCTTTCTAGACCGAGTGTGGCAGAACTAGAATCCCGCGTGCTAGGACGATGAATGATATAAGTGCGACTTCAACGAGTGTACGCTGGCCCACGTAAGACGCGACAAGGCCGACTCTATGAAATTTGACTTATCGTCGAGGGAAGTGTACTCAGAAGCAGGATAGAATAGGTTCCGGAAGAAATCGATGCTCAGCGAGACCGAATAAAGTGTAGTGCTCAAACATCTAGGAACAAAGCTTTCTCCAACGATTCCGTGCACCTTGGTCATCCAGCCGTCGGCGT,784,51.66,Arabidopsis thaliana
SEQ_638164,ATCGAAAAGCAATTATGGAATAGGCCGACCGATTTACTACATGGCCACCTTGTAGATCAAATGCCCAAGGCCTCAGTAAACAGTACGCAGCGGGGTAACCGCAGTCCACCTGACTATCAGAAGTTGCATAACCCGGTTTTGAACTAATCAAATAAAGTTTCAGATCAACTTGCGCTATGGCCGTAACAGTTTCTGTAAGTGCGTATCCTGTCGACCCCAGCGGCACGTCCGACTAAAACACAATTTGTGCGCAGAGCCTTCACAGGGTCTTGGCGGCCCCAACTTCCGTTTGTGGCATCGTGGGGCCATAATGCTCACACTCGGGAATTTGGTCGATATCTTGCCTATCAGACCTCTGCGGACTCAGGACTCTTACTTTGCGATTAACCAGGGTCGCCACAACTGATTTGAAAAACCCCGCCGGGCCTTCGTACTGGGACATTATTGCGCCTCACCCTGATGCTAGGAACCAGGGAGGTATACAACCAACGCGGGTCATGTAATCTCGCTCCCAATGTCAACTAAGACCATCCTGTATCTTGTATAGTTTACAGTTATTGATTTAATGTACTGCGAGAAAGACCAGCGAAAACTGAATATAAAACGGAACGCAGCGGACTTTACACAGTTAGACAGCCCATATTTGCTAGTTGGCACGTCTATGCTGATCGTAATCGGATGACGCGCAGGGTAGCCCAGGATCCATGTCTAATCGCGTAAGAAATTCCTATAGTAGTTAAGTCATGCGACATTGTATAACTGGGACTACCCGGAACACTAACACTGCTCGTAGGACCCTCGCCATTCGCCGATATAGGGGTCTCACAGCTCGTGTGGCACGTCTGTTAATTTAATAATCCTCGCCTGTCCCCACGCTCGATACCAATTTGCCTCCCTCCGCAAGCGTCAATATGAATCGCGTTAGTTGCCAACGGACTTTTTCCAAGTGATTGGGAGTACGAGATTATGCATTTATGAGAGCTACGGGTTCTGGCTCATGTTGGTGTCGGTGTCTGGACCAAACGGAGTTGAGCAATATGATCCCTAGGCCCGCAAGCAATCTGGCCGACCCGTTTCCAGAGTGCCAACACCCCCGATCAACGGACTGAAAGGTAAGGAGGAGAGGTAGGAGGACACTACGGCCATGATACTATCCAGACTTGCTTGGTTGATAGGAGTTGCCAATCAAGCGGCTGGGCGAGATCTAGCCAGAATCCGTCTACTCAGTAAAATTAGAGTGCCAATTAGCCCGTCCATAGGAAATTCGTCTAAACAAATTGGACCAGAGTTTGGGCTACCTTCCGAATTAGATCATAAGCAGTCGGGCCAATAGTGCTCGTTAACGGGTCCGATCCAATACTCCTAGCCGCTTGAGCGCGAGACAGTCTGTATATCCTTAGGAAGCTATACGCCTTCGGCTCTCGTTACTGACCTGACTTTGTAGTTTTTCCCATACCCTGGACGGTTGCTGCGTGTTGTGCCGTGTGAACATGAGAGAGTCTGGTAGGGCGGAGCACATTAATGGCAGTTGGTCTTACGCGATCCTGTGGCAGTGACCCAACTTTTAACTGATGACACCATATACAGGGCGGGACCAACTAGAGCCTACATTCCATCATGCGCGGAGAGGAATAATAAGAAGCGTAGCAGTAGCCTCTCTGTATGTACTATCTTCGGGACTCATCAATATTGCCGGCCTTAACCACTACAGCCCTCGCTGTTTATATGTCTCATTATCAGGTTTCTTTACGGGATGGACACTGTTAGAGTAGACGCCACCACACGCGCTGGTAGACTGCTTTTGTGACTGTTGAGATCTGTATTACACGGTATAATAAGGTATGCAACATTATGCAAGGTCAGCAGCCTAATAATTAAATCCGTGTGCTGGCATCGG,1897,48.81,Saccharomyces cerevisiae
SEQ_485941,GTACACACGTGTTTTAGAGAGCGATTCAGAAGTTATTTCTTCTCAAGAACTTTTACTATCCTCGGTCTGCAAGAGGTGAGAATCAGCCTTATGTATTGATCGGCTGCCGACTCATGTCACGATGACAACTCGACGTCCTATCATGCAAGTTAAGTACATCAAGTAATGTCGAATGAAGCAGTTTGGCGGCTGCATTGGACGAAGCAAACCAAACGTGGCCTCTTTGGGTGAGAAGTCCCCCCTAGCTCGCGAGACAGTCGTCAGCGGACCCACACAGCTGCGATATGATCTCCAAAACCAAAGATTTATGCGTGCCAACTATCTGGCCAAGGTGCGGGCTTGGAGTCTCCCTACGTGTTGGTCGGAACTACGATCGCCGACGACGCTACCCCGTGAGACGTCTCGGTATAGTGTCATGGTGCGAGAGTTTGTGGTGGGCATACCAGCACAGATCACAGATGATCCGTCTGGGCCGCTAACACAACGAGATCCCACATTATCTGGTAGCCAGAAATTATAGAGCGTTCGCAGACTAACCAAACTTGCATTCTATCGTCATCGTTGCCTGGCGTACGGGAATATCGGTG,587,50.26,Drosophila melanogaster
SEQ_163447,TCGGCCTACTCCATCCGTATCCATGAGATTCATTCAGATAAGTGAAGGCCGACGGACCCACTCGGGTTCCCT,72,54.17,Saccharomyces cerevisiae
SEQ_201179,CAGAAAAGCAAGCGGTCCGAAGTAATTGATTGAGGTGCCCGATGGTCGCTGCCCAATGCCGGAACCAAGGGATTTTTCATCAGAGCGAAATATATGCTCTTCCGCCGCCGGGCGCATTGTACTACCGCGGTACGCTTAGTGTAGTTTGTTTAGGGGAATAGGAGCACGGAACCCGGAAAGTGGACGCGCTCGAATGAAGCTAGTATTTCTGCATCAGCTCTTACAATGAGCAGGGACGAGTGACCCTAGATGTACATACCGGGAAAAACAATCTACTTCGTGTGGTTCGCCCTTAAGGACCGTCACCTAAGCACAGAACAGGCTCTCCTGATCGGGGCCCTTCGGCTAACTCCCGTCTCTACACTAACTTCTACTTAGCCCGCATGCTGCAGTTCCACCTTAGAATCGTTGTCCCGGATACAGCACTGAACTCTTGCGTCGTAAAGAGCTTGTGGTAAATAGACCGGAAGGGAACTCTTCAATACAGGGGCTGCCAGCTCTGTCCAATAAAAAGGTTAGGTTATTGGCGCGTATCAAATAAAATTGATATCCATATACGTTTAGCTTGGACGAACTCAGAGGAGCTTCTAAGAACGTACTTTAGGGCCGCTCTCTGACGGTTATCTGGACTTTCATCATCGTGATTCATATAGAATCGTCAATGCTTGACTAAGGTTGGCCCCCTCTTTTGGCTAGTTGACATGGAAACTCGGAGACAGCCCTGCCTCCAATAGATTTCTATTCAAAGCATCTGTGCAACCTTTCACCACCGGCACGTCCTGGCGGCGTCCGTTAACCCACGCTGAGAGTATGGGCGTTAGTTACATGTATTGTCTATCGGTCTTATTCGGCTGCCCCCGAGATAAGTAAAGATTAGTGTCGCACGGATAATTGATCACACTGGAATTTAGCGCGGAAGATCGGTAGTGCTGAGCAGTGGACTGTACAGAAAGATCTCGTATTTACATAATATGTGGCAAACCAGGCGAAACCCCAGGTCGCGTTGATGGGGGAGCACCGCCGTTGTCGGTACAGATCACGGGCAAATTATAACACTGAATATCACAGTCTTAATATGGTAACCAGGATAGCGAATCCAGTTAATCCTCACGCAGCGTTGGGTAACTGGTACCCAGGCAGAATAGCTATAAGCTAACCCCAGACTTACGAGGGATGGCTTTAATACTTGTGACACTGTAACCCCTACGGCATGGACACGGCTTCTGGGTTGATATACCATAAGACTGATTTCTTTAGATAGTTTGGGAAGGTACACCTACACTTGATGATTGTCGTAATATGGCTGGCCTGTCCTATCTAGTTGGATAGACACTGTCTTAATGCTATCCCTGGAGCCATCTTCGTTATTTATGGATACCCAATCGGAAATCCCGAGTTTACTATAATACCGCGAAGGCCTTGGCCAGAATACAAACATCCACAGTTCTCGCGTTTATCGCCCTTATAGCACCTAGATGAAGACGGTGAGAGCTACCTCCAGGTAGAACGCTCTGCTTGGAGCTGCTGTGAGCTCCACGGTGACAAGACGTTCTGATCAGCAAAGCCGACCACAAGCGAGCTGCAAGATACTCGTCGTGCTGGTAGCACCTGGGTTTGGGCAGGGTCTTCCTTCACACGACTGACTTAGACTCGACCTGTGCGAACATACCATAGCCAAGGTAGCAGCAGATCGAGTTTACACAGCAGCCAAACTGATGCGTCCGGTATCACACAGCTCTCTTCACCCAGCGATTTTCAGTTCATTACCCTACGAAGGGGCAAAAGTTCGATATACAATGTGAGTATGGAATACAAGCTTACGGCCTCCTGACGGACTGCGGTTGCTTTGGGGGCACCTTCTAGATATGTGTGGACAGCTTCGGTGGACATATAATTAACCAC,1902,48.74,Caenorhabditis elegans
SEQ_675101,GGGATATTTCAAAACCGCTTGTTCGGCAGTGAATCCTGGTTATTTCATTTCCGCGAGACATTGCATGAAATTGACGCGTACAGGGTATTGTCGTTCTGCTCGCTGAGGGGGGCCCCTGGGTTCCCATTGCCGCAGCGGATGCTTCAAGTGCCACTGTGTCGTCATAGTGTTGTATTAGCACCGCTAAATACAGATTAAAGTATTGCTCGTTTAACCGCAACAGCCAAATGGCTATGCCTGCGCTCGCTTTCTGTAGGGCGACAGGTTGGTCAGTTGCAACACAGCGATCTTCGTTGAACAGGGTTTTTCCGTGGGATAGCTCTACTCAGCAAAGCCTGAGACGATTGCCGGTCCACGTTGAGGGCCGCTGCAAGCGGATATAGTCGCATGTATAACAAAACTGGTGGGTGTAGGGGGCAACATTTAGTAAAGCTGTCGCTATTCGTCTAACATCATACAAGGAGCGTTACTGCGGCAGCCCACTTCGCCCGCTTTCACAATGGTATGAGCAGGCAAATCAACCAGTGTTCGTTTATGGTGATTGGCTGCCAATTGACTTCTAGGCTGGGATCGTCCGCGAGTTAATACCACTTAGGGTCGCTAGTACCCCTCTTATAGCCGTTTGACAAGCATCGTTATCCTGGCCAGT,649,50.39,Homo sapiens
SEQ_343411,CAGGAGCCCATTGTGTCTCGAGGTTCATATTCCGCATTATTGCAAACCTACCGGCCAGTGGTTAACGAAGTTGCTAGGCTTCTGCTAATTGTATTTGCGCAACCGGACTAAGTGGCAAGCATCATCACTAGGTTCAGACCAGAACCGGGCCGCTTCAACCGGACTCAGGGGTCCCAAGGATCGTCGACCATATACATCGAACCCAGACTAATGCGTACCAGGAAACCTTTTCTTGTCCTTCCGTGTGGTACTGTTACACCTTTTTCCCCTGGGCATATGACAATAGGTGAGTAACTGGCTACCCTTTGCTGACCGGAGATAACATTGGTCTGTCTTGTGATCTCAGAAATCCACAAGGGACTTATGCTGTTGCGGTTGATGTTAGTACCTTAGCTGCGCCCGCTTCATAATACGAACTGTCTGGCAGCGTCTAGGGCGTTGTGTCTTTCGGGCACGGGCAGTTAGTCCTGAGCTCGTCACCACACACCCAAAGACTTGTAGCGCAGGGGAGTGTCCAGGCTGGCCGCATGTCTGTATCACGCCCGATGAGTGATCCTTATTGCGAGGTACCGCTCGCCGTGTTTGCGGGGTATAGCCAAGACTCATACTGAGCGCGCATAGGAGAATAACGAGTCCTACTACATAGGGCACCACTACGGCGGCGGATCTAGTCTTTTTGATTCGTAAGGTGGGATGTTATGACGGACAGTATTAGGTCACAAACTGACTTGAAACGGATAAAAAACCAGTAACCTGTCAGACTCTGTAGTTTCGCTGCTGTATTTCCCTATGTTCGAAGTCCTGCGTTTATCATTCAACCTGGTATCAGGAGAGAATAATTAACTGCGGTCTCATGGCGTCGTTTAACGCATTCCGCGATTACATCAAGTATAGGACCGTCTCCATGACCGGGCCGCATACTTTGTTAAGGTTACAGCTAGCCCTTGGCCACAAGGAGTCATTGTCCTAAGGGATTTTGAGCTTCCACCAGCCGTTCGCTGTGCCACAATTGAATGCCGCTGTCAACTGGAGCTCAGTACAAAAGAAAATGGACGGTCTCATCTACTAGCATAAGCGATACAGCCCGAAGCGCAGGATACATAAACTTAGAGTCGCGTCTCTTCCTCATGTATTGCCTAAGCCGGCCTGGGGACCGCCCGAAGTTGCGAAAACTTAGGTGGATTGTACGCAAGCGAGCTCGTCCGGTCCCTTTTCCCAGCGAAATTCTCAGTATTCGGTTGAGGCGGCTCGGGTATGTCTCGACGTCTCCGGTACCCGCTGGAAAACTTCC,1291,50.74,Arabidopsis thaliana
SEQ_810968,GGAAATAGGAGCTACATGTTTGTAGTCATCTGTTATGACACAAGGACCAGGAGTCGGGCCCGTTAATTCAGTTTGAAGTGTCGTCACTGAATCGCCAGTCAATCGAAACAAGTGCATATACGAGTTCGAGCAGTTGTCGTGTTGCCCGTAAATGCCAAAATGATTCGCTATGAGAATGTCCCCATGACGAGGAGTAGCGTTATGACACACTCTTTACAGACCAACCCCACGAAGTACAGTAATGTAGCCTCCTTACTAACTAGGCTTGACTCCACGCGGCGGTACTGTCGCGATTGCCCTGATAAAGTTTATTTATACACCGGCAGACATCAGACCGTCATTTAGCTAGTCTATCACCAGATTTCAATCTGAAACTTTATATAACCCGTGTTAGTGCTAATGTGGATCTAGGCCATGCCGGGCCAACCCAGGTAGTCTCCCGAAGGGTCGCCGCAATCTCAGGGATTGTATGACGACTAGTACCGATCTTGTTTTGGTCGGACTAGTGCTCGAACTATTCGCATAGCCGGTCCAAGAGGTTCTCCACATTCATACCATTAAACAGGCCAAGCCTTCATCGGCCCACTTAAACGCCCAGTAGATGGTGGTATACCGGAAGTGGGTCGCCTGGCTACTGAGACACCTGGAAGTATTAGGGGAGGAGAGTCTGATAACAGCAGCCGCTAGTCACTTTACATCAAATGCACACGGCTTTAGAGCCGTCCTGCTCGGTCTTTAGAATTCAACTTATTCATTAACGAAAAGCCCGAAATACTATTCTCACTACTCCTTTGAACGGAAGAGTACTGGGGAATGACCAGTGCGCACGGTGTTATCCGTGACGCTAAAGAGCATTACGACCCTCTGCACTAGATATCGCCAACTGCCCTTGAGTGTTACATACTCCGTTGACCCTAACCGCCCAACAATATCGACTGAACCATCAAGATGAGGTTTGAGGTTTCAAGCTCTATGGTCTGATAGGATGGAAACCTCTGCAGTCTTACCCTTCATCAAATCCGCCTAAGCACAAGGGGATACTGAAAGTCCAGGTGTGTGGAACTCCGTTCGGCCAGCACGTCTAGAGTGTTATGAGTCTCACTACGTGGCTCAGCGATAGATTAGCCCTGGAATTATTGAGTAGGACCGCGGGACGATGCGGTATACACCTAGGCTATACTGTGGTGAAGGTTCGTTACCCGCCAGGGAGGCGATCCTGTGACTTTGAGTAGGAGTCCGCAGAATCTCTGTACGACGAGACGGTAGTCTAACGACTAGTAGATACTAAATCGCAACCATTAATAGCTAAGTCACCTAATGGGCAGCGAAAAGAACGTTACGTCCCCGACCCGATACTCTGGGCCCTGATGTATAGTTCCCGAGTCCTATCTTGCTTCCTGCATACTCTTCGATCCTGTCCCACGCTCCCATCAGCGTATGTTCTTATGCGAACGGCTAGGTAAGTAAAAGTTTCTACCTCTGGATCACTTCCAATACTTGCAACCCGGTCATGCGGCGGGCATTCTTTATCATGTAGTCCTGTGCTGTACGTTGGCTATCTTCCCTGTCGGTCTGTCGAACGTTCTTGAGACCTCCAGCGAGAGCAGGGGAGCTTCGCCGCCCTAGAGCAAAGGATTTGCCGGTCTTTTGCGGGAGGTACCGGTTGGACTACCGGCTGCCTTTTGTCAAGAGCTTTCTTGTTCTCT,1706,49.3,Drosophila melanogaster
SEQ_344931,CCGCTATCTACAGCTGAAGGTACCAGTCGAGGACACGCTGCTGTCCAAATATTCCAGGCGTCGGCGGCGGCTTGATCTTGTATAATGGAATACGAACCGGTTCGCAATGGTACAAATTCTATGTGGGCAGCCATCTGCTGTACTGCCTGTACCGCGTGCTTAACATACAGAAACCTCTCTACAAAATATATCGTTTAGTACCTACAGAGGTTGCGAATTTCGGAAATCAACAACTGTTGGAACGTTGTGCTTTGCCACCTAGAACGGTATCAGTGCGTTAACCCACTTCGACGCTACGTGCGCCTTCCTCCCGGTCGGCTGTTCGGTGGCTCCCTAAGAGCAGGAGCGCCTAATGGTCCAATAGCGAGTCGTCACCGCAATGCCGAGTGCAAGTCTAAAAGAGCAGAACTGTTCCAATAATAGCACCCACTGGAATTCGTGTAGGGCGTTCGCCTCTAGGGATTCGTCTTTGGGGTAGAATATTAAGCCTTGGGTGCGCGTGGCGCAGCTTAGACCCGCTCGGTCACCTAACAACCAAGCCCTGTAATATCCGCAACGTGCGGAGTTATAATGCCCCTAATTGTCTCCACTACTAAAATTCGTTTGGCAGCTCTTTATGTTTAAACGCCGATTCGCGCGCGGATATTAACACCACCAGGAGAAACTTGATTCTGACATCTCAATACAGTTGTCCGGCCTATCGCTGGTAAGTCAGATGGCAGGTTTCCGACTCGACGGTCAGGGCCTCTACACGGGTACCTAAACCCAGACTCCGTATTGCTGTCCCTACCATCCCTCGAGTCCCGTGGGTCGAGTTACGCATAATAGGGTGAGATTCACGGTAGAACTACTGCAAATCGGCGAGCGGTAGGAGATCGGAGAGCCGACAGGGCAAGCGGGACATACATGGACCCTTCTCATGGATGTAAGATTTTGAGGTTATTTCGGCATCGAGGTCAGTTAAATCCCGCTCCCAGAAGGTGGAGATAACAGTTCATTGCCAAGGAGAACTGCATCAGTTGTTTACCCTTTCGAACGCCGTTGGTCGTTCTTGGTCAGTGCA,1063,50.99,Saccharomyces cerevisiae
SEQ_220115,TGGGATCTTGCCACCATTGCTTTTGTGCGAAGTGCAAGTGGAGCCTTCGGCAAGCCCTCTACTTGTGGAACATTCGATTCAATGACTTACGCTCCGCCATGGCTACGGCTTACCCCAATTGTGGATCATTTGTTTTGTTCGAGAAGTAAGCAAGGTCACTGTTTTGAGCTCGAGCTGATGGACAAGGGAGTAGCGGACGGAGGGTAGAACCAGCATGGGTAAAAGAAAGACGAATCGGGGCTAACAGCCCTGTAACTGTTTCTATCGTGCGCCGGTGCACACCTCGCCATTTGACGCCCCAATATCATAGTTAGGAAAGGGCAAGCACAGCCGTCAAAATTCGATGCCAGTCAGGTAGATACAAATTATTTGAATCGGGGAAGATGCGGTTACCGTGCAATCGCCCCTCTGCACTCCCTGATGGCCGCCCGACGTAGAACGAAGTATATATGGTACAGCCTAGCACCGCATATTCCTTCTGGGGGACTACATGGGAATTGCACCCCTATACAAAGATTGCCGGGTCCTGGTCCTCGTTCGGTCGGGCGACTTCTCCGTTCTTTTCCCAACTGTACGATTTGTGGCCGAAACCGGTTCTATCTCGCTTTCGCTGGGCCCAGATCTATCGAGGAAACATCACGGCCCATGAAAATGTAGAATCGGGAAGTATGGTAAAGAGCAGAATGTATTTCAGAAAAGCAATCGCACGCGCGCACCGTGTTAAGTCTTCGGTCATCAGTTTGGCTGCGGTCCAAAGCCTTGTCAGAGTATGCTGTTAGGCCCGGAGATTACAAAAACCCTGATGTGCCGTTCGAACTGACTAAAATCGGAGAGATTTGTGATAGAGGGGTAGTTTACCCTTTCTTAAGCAGTTAACCTTACTGACTTGTCGCGGGCTCCGTATGGGCAACGTTAGCTCAACCTCACGGTCGAAACCCAAAATCTAAACAGAACCCTACTTGCCACTTTACCCTCTGAGAGCAAATCGTTGTGTGTGGCCCGGTTTCAGTAGTTGGCTCCCACTATACGTGCACGTCAGAGACCAACTGAGACCTGAGCTGATGACTGGGTGGATCTTTTGAAGTGAATTTAAATCTTTCCCGTAGGCGTGACCGATTCCGCGCCAATTACCCGAAACATTATCGCTACTATCAACCGAGACGCCAAAGATGGTAGAGCCATGCAATATTTCGTCGTACGCATAGATCTCGCCCCACAGGACGTTAAGGAAGAGTGTATAGAGATAAACTTGTCGGG,1257,49.8,Arabidopsis thaliana
SEQ_465415,GGTGTCACCAACGGTCTAGGCGCGCTAGAATCTATGAGGACATCGAACACTGGTGATAACTACGTCAAAGCTATAGACAAGACAACTACAAGTTTTACAGACTGCTAAATGGACTTCATCCACACAGATCACTCCGATAGTTACGCGTGTTATCCTACCTGTCCCGTTTTTTCTCTGGAGCCCTAAGATTCAAAGTCTCAGTTATCAGATATTGACGTACTTGTTGGTATGGCTCAGACCTGAGCGCACTCCTGTAGGTATGACATCGGACTCACTCTTACATGTTGTAGCACGATTTTGGACGAGCGACTGGGAAGGCCTCAGAGTTAACAGATAACTATGCCTGTCCAAGCCACGCGATAAGGCAGATCCGTATGCTTAGCATTCCTTTGGTAAAATGCCGATTAGGGCCTTATCTCAAGTTTATCTACGAGCATGGATACTGAATGAGTGCATACTTGCCATATTGACGCGTAGAAGCGCCAAAGGACTAACAGTTATTATGCCTTCCTAATTGTAAGTATTACGCGGGCAACTTGTTTGTTGTTGCTTCCGTAAGTTCAGGGACTCACTGACAGGGTAGTTCGAGGATTCTCGGCGCTTCTCAACGACAATACGGGGGACCCTAGGTCATAGTAACGCTCTCTATTATATGGGCGGGACGATTAGCTTACGCGTTAGGGGATCCGCGGCTGAAAGACTAGACAATCGGGCGCACCTAAAAGAGGCGTTTAGCTTGTCCATCTGGTACGTGGTGAGAAAGTACATATGCATACAGGTAATGTGGCGACCCTCTCGAAAATTGGTTAACCACGCGAGGGTTGATCTAGCGTTAGCCAAAATAACGGTTTATCAGTGGAATTAGCGAATATCGGCGCTACGCAACCTGGCTGGTGTGCCGTATGGTGGCTAATGCAACGCGCGTGAGGGGTAAACGGTATGCTGCAGTTACTGAGGGAATACGCCGTAATCAGATTCGACCGTAGTTAGGCACATCACAGAGGTAATATAGTCAGGGGGAGCTTTAACGATTAAATACGCTACGTCGTGACAGTTCAGGATCGAGAAACGACGTATTTACGAGGCCTGCGTCGTAGAATCTTCCAGCTCAGGCCATCCCGACGGTGCGAGAATCACCACTACTTATATATTCACAGCGTCTAGAGTACAAACGTTGTACTTCGAGCTGAGTGAAGAGGTTGGCCCCCCATCTTCTTTGGAACATGGGGAGGCTCTCACTGTACGGCACTCGTTGTTGTCATGTACCACGACGCATTCACCAACGGCCTGGCAATCGGTTTGATACCCACCCGTCGTCGCGATACTAG,1328,48.42,Saccharomyces cerevisiae
SEQ_591835,AGTCCCTATAGAACCAATCTAATAGGACGTCACCTAATAGGACGATTGTTGAGCTTCTGCACTTAGTAACGGTCCAATTGGAGCCTGTCCATCTAACCGCTTGCTCTGTGGATGTTTAATACTCGGCCGCGGCCGACATTGACGCGCCGTTATGACAGCGAGGTTCAGCAGTAAATCTTGCTGTCTCTATGTTCTCAGATATTCCCTATTTTCGGTCTTTCTGTTCTACATGGAAAATTAATCGATTTGTGAGAGCTCTCCAATCGATGACTTGAGCCTGATCTGCGTACTCCATGCCGTATGATGGTTTACGCCCCCTTTCGGGTGTCTGGAGTACTTGTACCTGGCCAGTGTCCTTACTCGTACACTCAGAAGACCCGCAAGCTGCGATTATGAGCCGAGCTGAGGGAGGTTTGACAAGGCTAATTAATTCGTTAAATTAGAGGACTGTATACGCCGGAGCGATGCCAAGCCTTTAAGGGCTATCTTTGAGAGAGGCGCCCCGAGGATACGTCCTCCGCTTGGGGTTA,530,48.87,Arabidopsis thaliana
SEQ_387404,CATTGCACAAAATCAGTGCACTATCACGCGCCCCTCCGCCGACAGAATAAATGCATCAGAAGCCACTATGTTTGTACGTACTATTCATCCTTAGGAGCCTCCGCTCTATCCTATGCCTAAAGCCTCACTGAATGCATTCTCGGGATAGAGTGTCGTTGTCACCTAAGGTGCTCCGACTTTAGTGCTGGCATCTTATCGATACAAGATTTTCTGGCCGTTCTGAGAGCTAGGGTAGCGACAGTCGACAATAAATCTAGAGATTGATGTGCGCGGCTAACATGACAACATAAGATAATACTCGGACCCGCTTTCCACATTCAACCCAGTCGTGGTATTGCCAGGGAGCGCATACGTCTCGACGTTACCAGCAATATTTAAACCGCATTTGATTCCCAGACTACATCGTTACGGCATAAATTTTGAAGTAACTTGG,433,46.42,Caenorhabditis elegans
SEQ_906134,TCCAGCCGGCTCTGGTGTATTCTCTGAGCTTATGTCCATATCGGTCGTACAATTTGTCTACTGGTGCCGAGTGGCTGGCGCAGTATTGGAGCATCACTTTGAGTATTGGCTTTGTCGTGTTCGGGCTAGTTCCTGAATGTTGCTTAGTTCGTCGTAGTAACTCCGCTTCCGTTAGGAGAATCCTAACCCTGGCCGGGTAACCGACGTGGTCACGTGAGGATGTGTCGCAGGTTGCATCAGGTTCCATTGAACTCAAGAGCGGATTCCTTAGAGGCTATGGATCCCTCAAGGTCACGGGGCTTTAAGTAATTCTTTCAATAAGCTTATGACGGCAGGCTACTATAGAATCTCATCCGGGTCCGGCACACGTCGTGCCAGCTGGGGTCGATGGGCGATAGAAGGAAATGTGGTTTCCGTGCCTTTAGCTGTCAGCTGGTAGCTAGGCCTTCCCCGATGCCCAGCTTAAATCCCCATCTAGACGAGTTTCATCATGAAGATCGGCCGACGTCGTCTCATTTTACGGAAAATTCTGCTGTAAATTAGCTTCGTTAATATTAGCTGAGCTCAGAGCGCGCATTAACATGCGGTCATTCGCGGGAGTACCATGCACCACTTCTTTCTAAACTCCGAAGTCGACGGTCAATCGGATCCCTGAAAGGCGGTCTCCTTCATTTACTTAAATCCACAAGATCGGAAGGGACCCAATGCTTCTAGCTGGCCCTTAGTCTAGGAGATAAGGTTTCCCCGGTGTACTCACAGTCAACGTTAGCTTGAGTCGCTCAGTATCTGGTTGTGCCGCCAAACTCAGGTCTTTCTTGGATGAGGTACTTACGAAATCCCTTAACCTTTCCCTTTTATCCAGGGTATACAGCCCACAAACGAAAACCCAGACCATTTCTGTCTGTTACATTCTAAGGTCATGGTCCAGCGGACAAGCAGCGCCGTCCTTCAGGCCTGAGAGCCACTTCAGAATTCGTAGAATCCCACCAAGTGGCGTCCGTCCCTCGGATAACTGCTATGTTTTCAATCGTCACAACACCTTGCGATAGATCAGATCATCCGTGGGCTGAAGGCGGCTATACCGACAGTCTATAGGCTGTTTTACCGACACTGACAGAGGGTGAGGGGTCCAAGTTGTGTCGATTGACCAGGAAATAGACTCCAAAACTCTCCTAGGATGAAGGGGAAGTACCAACAAGTCCAGCAACCTCTAGAAATTACGACCAATGTAGTTCTATAGTGCGTCGGTCTCTAAACCATCGGCAGTCTAACCTTACCTACACATCTTAGCCTGAAGCCATAAAGACCAACGAGAGCCGTATGCCCCCCAGACCCATTCATCAGGACTAAGTAATACAACTGCTCGTAAAAACACGACATCTGAGTAGGGGTATAACGTTTGATGATAACTATTCCCGGTGTAATCGAGGTCAAGCGAAGACAGATATTCCAACAGGAGCAGTGTGAATTCGCTTAAATTATTCCATCTTGCTACGTTTGCAGGCATTGGACGACTAAAGTAAACGGCTATTGATCCCAGCGGAAGAAGGGGACTGTGACGAGTGATCCTCCGCACCGTTAGCTTCACGGACCCTCTTCGCCCAAACGAGACCCTCGGCTTGGACGGGTATGGTGGCGTCATGATTTTGGATTCTACATTGTCTTTTCCCTGCGTTTTCCTACTCCTAAGGGTGCTTACCCGGTCCGTTACC,1712,49.42,Caenorhabditis elegans
SEQ_961087,CATGATGGTTACGAGCACTACTAATCGATGTTGCATGAGGCAACTTCCACCCAATGAGGGCGTGCGCGTTGTCTAGGAGTGGTGGGCGCTCCACCCATTTTAAGGATACCTGTGAATATTGTTGGGCACGAAGCGTCACCACTCAGGCACACTATTTCTTAATGTTGTCACGCAGATGTTGACATTGTGGCTGCGTGAACTCCGTCGATACGATGCTACCAAGACTGGGATGCTGTTTTGGCTATGGAGGCTCACATGCAGACCCGCGTAATTGCCTGTAGTAACTTCGCTCACTGTTTCCGTGCTCCCCAGGACATCCAAAATTTAAATCGGCCATTTAGGTGACGGCGTGATGCTACCTTTCTTTCAGTTGGAATATCAAAATGTACTGTTACCCTCGGCGACCAACCGGGGTCTCAATGTTACGCTTTATGGCAAATCTACAGGGGGGTTACTGGCTAATACACAACTAACGAAGGGTCCTAAAGCGTTAGGATCGATGGTAATTACTTTCCTGTTCTCACTCGCGGCACGCTTCCGGACCGAAACGGCGGCGAAATAGAGGCGGCGCATAGTTGCTGAGTGGGTAAGTATGCCTTCCTATGCGAGACTCTAATGGGCCAGTCACTCCATTACTATGACCCTCCTTAAGTTGGCTATAACGTATCTGCGGCCCCTACGATACCAAGACCCTCGTA,698,50.0,Caenorhabditis elegans
SEQ_946005,ATAGAAGTAATTCCAAGTCATTGACAGGGATTCAGGACGAGTTGTACGTGAATACCTTGGCTCGGTTGGCTTTTGCTCTTGTCCCCGCATCCAAAAGCGGGGCTAAAGGTTGGAGCAAAAGATTAACTTGGAAAGCTTCATTACCGTGACCGGATCGATAAGAACTTCGAGGGTCGACTCTTAGCAAAAGATTAGACGTCATTGTGAACCTTACCTTAAAATGGCTATGAGTCTTGGAGGGTAGGGATAAACCCAATCTCACAAGAGATGTTTGAAATATAATAGCGATCGATGTTTTAAATTGTCAGTGCATCCTAGCTGTCTTAGTCTATTTGGACCTCGCAGAGCATCTAGCAGTTGATTAATTAAGAGCCACTCAGGAGCTGCATGGGGTAGACTTCGGGGGCTCGAAAGCAACTTCTCTGGGTCCCCTTGATATAAGAAAACTTCATGTATACCATCTCAATTAGCTAAACCATCTGTTTAGAGAGGCACTACACGGACGATTTTTAGCTTTCGATGATTAGTTTATGGGCCGAATAATCTGGAGTGCGATATATCGTACCAACAGGACACAATTCAACATACTGGACTAGGGCACTTAGCTGAGGGGCTCCGGTATGGTTCACCACTATTGGATGAGGGGAAAGACGGCACGTGCTTTTTTTAAGCACTTGGGATGCAATAATTCTCAGTTTGTCGCTTCCGCCTCCTAGTTTTATTGATTGAATTTTAACCTATCGTTGCTTCCAAGTCAACTGACCGCTGCTCACTGATGTAGTTTGCTTAGTATACTTAAAGGCCCCGACTAAACCATGTGAGGTGTTTAGTACCGACCCGGCCTCTGGAGGAATACCAACGTCTTTCTATCAACCCTAGTTTGACACACTTTCGCCATAAGCGTCAATTGTCTTGTCTACGAATGTAAGGAGAGCATGTTGTAGGAATGTCAACCCCTTACCCACTAAATCCTAGCCCGAGTTTCACACACACCATCGCGCACTCTGGTTTAGAACGGGCGTCTCTGTCCCATGCGTCTCCGAGCATAAGACACGAACTCCACTGACTCTTTTCGGTTTATTTGGAAAGCCTTATCGACATCTGATGTTTCAGTACTGTCCTGGTCAAACATACACACGTCCCGGCGTTCTACCGCCGGAGGCGGAGAAAAGCATCTGGTGGCGCGCTGAGTTCGCAGCGGCAGCTTAGGAAGAGGGAATTAACCGTATCTCCGATTTAGTCGGCTTTGGATCTCATTTGTATAAGCCGAAGATTGAGCGTTCCGGTATTACTGGCAGTTGTCCTTACTTTTTACGTTTTCCTTAGAAGTTGCCGTAACTATGTCATACTTTTCCCCTTCGACACGGTGTACGACTTGTGCGGGTGTGGATAGCAGTACGTCCCTCTACGCAGTTTTTAATCGTGCGTCGATTAGCCTAATTGGCGGGTAAACTGCGACCGCCACAATGAGGGCAGTAAATTAGTCGACGACAGCCAAAGCCCTGTTTGGATGAGGGAGGTTGAATCAGTACGCACGATCCATACTTTCATGATTCCTTGGGATCAATAATAAACGTTCCACACTTTCTACTGGTGGCAGTCCAACAGTGTTCGGCAACTTGGTCAGTCCGGCATCTGATACCGGACAGTGATGACACGCGATCCCCTCACGTAAAGCGTTCCCGCCATCGCCAAAATA,1699,46.62,Drosophila melanogaster
SEQ_429611,TCTTTAACAGCGCGGGGTAAGAGGAGATTGGTCGACGGCGTCGCTGTGGTCCAGTTCAGAATATCCATTGAAATTACGTAGAGCGAAGCGGACGGTTCCCGGGCTGGCTAAGTAATCACTATTCACCTGTCTGGTTCTTCGTATACTACTAATCTCCACGCGTGTTGATTGATGTGCGACTCATCCAAACCGATTCACAGACTTGAGTCGTAGAGTTGGCCAAAAGCTCTCGCGATGCAGAGGCCCTTATGGCTCCAGAACTCGCGCGATTATCGTCCTAAGGGGCTTAACAAAAGACAACCCCGGTTTTCACGGTAGCGTAACATTTACTCAGAAGCAAAACCTCGTCGCGAAAGAGAAACTGGGAATTACCCTTAGTCTCCGCCGCGACATTGGTAGCGCACCTTCTTAGTTAACGTTGCAATTCTTCCAGAAAACTAAGGCTTCCGGAAGGTTCCTATGGGATATCACGCCTACGCGAATACTATAATTGTTTGAACAGGTCGTTATTGTCGGTACTATGTTGCTAGCTGGGGCTTGGGATTTCTTTTCTGTCTCGAAGGCAACGTTGCCCGCCTTTGGGGTGAGACATGTCTTCACTCCCCTTTCGTCCCGTACATTCAAGGACTAGCAAATTATTGCCGGCCCACACGAAATGTCATCGTGCGACCGGCCTGTCAAGATATTCCCTTCATGCATACCCCGTATGATGTCACGAAAGCACTAGATACCGAAAGCCAATAACACTTGGGGGACCCTTCTGTAGAACTGACCCCCATTAATGGGGATAGTTAGCCAGTTCAAGAGAGAGTGACTGCCCCAGAAAACTAGTCCCAGAAACCCGCTATGATGATAATTTACTGCATCTTATTGGTAAATGACGAGCAATTTCTATCTCGAGCTAATACAACGTTGAACACACGCTTCCCAAGTGCGAAGCCAAGCGATTTCACGGTGCCCCCAAATAAAATAACTATCGCGAGAGGAACGATGGTTTTTTACGCCGAGGCGGCCCACTAACAGGTCTTGTAATATCCTGCACTCTCAGTTGACCCTGACTTATCGCTCTCGCTTCCCAAGTACGCGTCCGGACGACCGGCCGCGATTCATGACTTTGCAAGCGGGTACCTAATTTCCGAGAAATCATCGGCGCCTGGCTACAGAACGTCATCGCATCGGTTATATGGCAAACAAGGACACCAAGGAATGCGAAGCTCACAATGAAGTCTCTTTCCCAAAGGCTGGCAACTATCATCAGGGCTAGAAAACTGTGCCATGAAATACCTGGTTGCCCTGCCCACGATTCTGAGTAATAATATGACTACAACTAGGGCGTAAAGTAATCTGGAATCTCTGCAGGCGCAACATTGAAGGATTCCAAGTAGAGAACTTTTTCGCGTTTTGCCCCCCTGGCGAATTGGGAGTGCCCCCATT,1434,48.81,Caenorhabditis elegans
SEQ_268035,TTCGTCAAAAAGTCAGTGAAAGTCACGCTGAACCTTAGCACAGGCTTGCGCCAGGATCTTGCAATGGATCAAGGACTGTGCTCGACGTTAGCTTGTGCCCTAGCTGAAGTCTTATTTACATGAAATCGAATTCAGCTCGAGACTTTCTGCTTCAGTTGGACACCCAGGAGCAAAGATCGTACCCATTTTACCAAATATCCCCCTCCTCCTGTCGGCTCACTTCGGTGGTCAGCACAGTATTACTTACTGTTAAGTGTGCTCCCAGTATCGACCATTACAGCGGGAGTATGAAGAGTCCTCCCCAGATCGGGTCCGTTTAGTGAAGACCGATCTCCCTTATGGACATTTCTGAGCCATATCAAGCAGTCCTATGCCCGTCAGATTTATTTTTTTGTGGAGCTGACCCGAATTCGGGCGCCATATCGCGTTGGGTATCTGTGTTCGCCCACTCCGCCTGGACGGGTCGGGCCGTGTCGTGTTCGTTCCTTCAATCAGGTTTCAATTGGAGATGCCGCCTATCGCTTATTATTGACGTGTTAACTCGCGCGATCAGCCCATTGATTCAAATATATGGTTACTACGCCTACAGTAAATCCGTCCGAAATGGCGAAACCAAGCCCGACTGCTGGACCATCTTCCAGACGACGTTGTTACGCGGATCTGGGATACGCAATGGATTCGGGTACACTCTACACGTTCGATTATAGGTGGAGGCTTAGTATTTTTCTAGCTTTCCAAAACGGGACCGCCTGAGGGCTATTGAGGCCCATATACCTTCCTTAGGTGCGGCGCCCCTAGTTCAAAAGTACGCGTCATCGGTTCATATAAACCAGAAGCAAGTTCTCGCCGGCATCCGGCCCCCTAGAGCTCAGCCTATGGAGGTCACGCAGGAAAGGGCGAATTGCATTCTTGGACGATCTCAGGATTATGACTTCGCTGATAATGCACTAGCCTTCTCACGCAGGAGACTGGACGTGCCTATAGTGTTTGATGTACGCCGCAAGGCGATACAAGATTGAAAGGGCCTGCTGGGGCTGAATTTTAGCCGATAAAGGGTGACACGTACGCCCTGA,1073,50.42,Homo sapiens
SEQ_290388,AAATCTAAACATTGTAGGCCGCTGCGATATTGCGAACGATAGCGCGTTGACCCGGCGTATCACCATTCAAGAAACGAAGTCCCCCATACTACACTTAGATTTGGATCCATCCACATTTGCCGCGCCACATTATATATCATATCAGGAGATGGTGCGAATTTCTGGTGACTATCTTGGCCCTCAGCACACTCGGGCTTATGGACGTCTTGTCAACCGATCACCCCTGAGCAGCTCACCGGGCCTGAATTAAGTATGGGCGCTCCAGCGATGCTCCGGATTACTAGCGATGGGCCCGGCGGTTAAGCGTTCGACTTTCCCAGTGCATCTGACTCACTTCACTGAACGACCTTTGTGCTTCGAAGCATATTAGAGTAGTATGACCTATTCCACGCATATGGGGCAATACGGCCTAGGTCGTCGGGCGTGGGGGGACTTGTTCCCTTCCCCAGTCGAACTGGGTGTCGGCAAAAACAGGTGGGAGGAAGGCACGCACTTCGTCAACTAGATTCTTAAGTCGGGTACGTTCACACGCTGCCTTACACTGTGATTACTCGTAACCCTACGCACTATAAACAAAGCACCGATCAGTTGTAAGTCCTAGACCGCAGGAGACAGTTGTAGAGCTTCATTTTTCGGCGAGCGCCCGCCATAAGAACAGCATACGTCCGTCATTCTAGAGATAGCCATGCCAATAGGTCTTATCAAGACTCCCTTTTCAATGACGGGCCTAGCCGCACTGCAACTGCGTAAAAGCTGCACGAAACCTTATTCAAGAACTAAGAATATGGTATACGACCTGAGACTGTATCGCCGTACGAACGGACTGCTTAGGACAGCGTACCAGTGTCCGGAGTGTATGCGCACGCCCCTGCCCGGATGTAGGTAGTTCGGACCAAAAACACATCTGGGAGGCCTGGACTAGTACCTATGTTTTGACTCATGTCCGACCTCTGGGGAACATTTCCATTTGTCATGTCGACGAGTGGCCTTATCTTCTCGACCGCTACGGAAGTCGAGGGTTCCTGGATCGCTGCGGTACCGGGAGTTCGTAGC,1053,51.66,Escherichia coli
SEQ_126622,CTGCCAGCATCCGGTCTGTAACCCTCGGGGATCAAATGCCGAAGATGCCAGGGACCACTTCCTCACAGTGCCTCAACTTATTCAGCGATCGACCTAGTGTGGCTGCAAAATACAGGCCTCCGGAACTTGCATCTTAGATTTTGAGTTTTTTGGTAGGCGATGTCCCACGCTGATCTTATCTGGATCTCGACACCGACTACTCGATGATACTGTTCAACTAGTTCCAATTGAGTGTATCGTTGCTTCTCCTGTTTCTGTTAATTGACCCGGGTACAGGGTGAGAACTAATCCGTTAGCTTGTTCTGCCTATAGGTCGATCGTGCAGTAGACGCTCACGGACTCCGAGAATTCAACTGTTAATTCGCCCAGCGGTGTGACCTCATGACCCGTTATCATAAAAATGTATGCGTAGAGTAGCTTTGCTCCGGCTACTTCTGGAGCCCTTCGGGGGGATAGTCTAACGCTTCACGGAAAATTCTGGTCGAAAAATAGAAGGTCACGATCAGTGACTCGATGAAAGAGGCCCCAAGCAAATCCTACATATCATGCTTACAAAGTCGCGTGAAAAAGCCTCTGAAGGCACCCGCTTATCTTTATTCCTAGGTATAACACAAGCATCACCCGGCCGTTCAAATAATTGGCAATGTGTGTGTAAGTCCAGCCAGCTGCTTGCTGGTCAGAAAGTCGACCCCTCATTTAAGGTCCTGCTTTTGGCCCATGAAGCAATTGTCCGACCCAAATGCTAGAATCTAAGTTGGTTGTCCTAACCCGAAGAACGTGTCTGTTCAAGATCCGTCTCACTAATGCGAATACAAGAGAGCCCCCAAGGTAGCTTTAACCTTTCGTACATAATGAATGGAGCAAAAATTCGAAGGCACGTCATTCTAGAATAAGATTCTTCCTTGAGGCCCCCCGTCTCACCAACCCTTATAGGGGTGCAGGTCGCAGTCGTCATATCAAGGCCCCGCTGTGGCAGACTCGTTTCTACATGATCTATCGGCTACGAGGGGTGAGTACTTTTGTTATGGGCCAAGAAGTCACTACCTACGCCCCTCAGTCGAGGAATCGCGAGCTTCCGCGTCCACACGTCGTTGGCGGCCATCAGAGGTGCGAACGACGCTAGCGTTCGTACTTCCCCGAATCTAACGCCGCTACGGCTGGAACCCTTTGGTATCTATGCCTTTCAGTTGTGAACCGCTCGTACCTGCTGGGGATTAATGCTCCAGCATGCTGTATCCGATCGCGCATATTATCCTTCTCTGTAGCGTGGTGTGACGTGGGGACCCCGGTAATCATCGGAACCACTCCTACGCGAGAGACGTCCCAATCTAAGGGTTCGACACTTCGGCGGGATTAAACATAGCGTGCGCAATGAAATAGTGAAAATGTGTCGCAAATCGGGATCCTTATTGGGGACCCGGCTAAGTTGTTGACGTAGCCGAATGCACGTTTCAAGTTGGAAACATCAGC,1470,49.86,Arabidopsis thaliana
SEQ_392490,CACTCCTATAATCTTCTAGCTCTTCCTGGTTATATCCCTGCGGAGAACATGCGATGTTGCGGGACTCCATTGTCAATTCTTTTCCGGATCGTCTCGTGCTATGGCTAACGGAATTCTGGTTGGTCAGGGTTGGGAATCTCTTGGATAATGTGTACCTTACTCTATGCTAAATGTCAATAATAGTCATTACAACCTTACACGAATGGTATGGCCAAGACGCGTTGGCGACGAACTCAAGGGTACCGTAAGTCCTCGGCAGCTCATATAGGTTAGGGCTTACTAAATTTCTAGAATACCCCTACGCTAAGTCGCCTGAAGGAAATTCGGAGATGGACGCGCCTTCTCTCACTGATGTCGCAGCTTGTCACAACCGGATGTTCTGAAGAAACCTGACACTATTGTCCTATATCCTCATGGCGCGACAAGGCGAGTGCCTTAATCATTGAGCCCCGTTGGTCCGGACGGTGTTCAGAAACCAGTGCTGTTGAGGGTTCAAAATGCCGGAGGGTATCGCAGTATCCGCTTCCTAATGTAAAAGAGACTTCAACATCTCGTAACTCACGTTCGGAACCGCAACTGCCATAAATGTTCTGGTTCGTGCCAGATGCCTCCGTAAAACATAGACGCTTCTAAAATCTAAGCAAGTCACAATTCGCCCTTTTCGAAGAGTTCGGTCTATCGGCGTAAGTTTTGAGTATCGTTTTGTCAGTAGGCCTTAATATCTGTTCCGAGTAAGTTTACCGGTTCCGCGAAATTAACACATCTTATTTTAAAAAAAGTCCTCAATGCTTTTATCCGGACTCGGATCAGAGGCTGACTGCTGTACCAAGTGCTTCCCCGCCGTTTATCGTCGATTGATGCAACGATCTGATTTACGACCGCGTCTGTTGTGCCCCACCCCCAAGGTCACGGTTCGATTGTCGCGATAGCTCGGCATACGTTGTGGAGGCTCAAGATCTTGTTCGTCGCACCTACGGAGTCTACACGAATTACCTCGGTTGACGTCCGCTGGAATACTGTGGATGGCCGCCTGCCTGTGTGCTACGAAGACTCGAGGAATAGTATCGTCGCGTCGCCCCTACATAGCTCGAAGACGTCCGTTTGAACTCCACCTGCGTACACGATATGCCAATGCCGATACCCTGTCTCCTGCAGTCGGACGGATAACCGACCTTGAAAGGTCGTGGGATAAGAGCTATGTATATACGGTTCTCGCCGGGCTGTCGAGTCAAACGCGGGCTGAGCCCATTATGGCCACAGGACTAAGCAACTTTGCCCGTATACATCTAAAGATACGGTGGTGGTCATGCCAGCCGCATACCGTTGCTATTCGGTCATCTTCGCATCAAGCGACTGTCTATTCAGGCGTGTCACGCTTTATTCATTATGACAATAATCTATTGATCCGTGGCTAGTTCCACGGCAACCGTAGCGGCCGGTTCACTCGTATTTCCATTGTGATGCGAACGTAATCTGAAAATACATATCGGGAGTCGAGCGTGCGCCAAAGCGCCGATACTACTCATTTAGTCATTGCTCAAACTAGTAAGTTCGTTTTCCCGGCATGTGCCTATTCACATATAGAC,1586,48.8,Homo sapiens
SEQ_818553,CACCACAATCAGTCACGTTCTCTGGAAACTTTGAAAGAGATCATTAACGCGGAATTTATAATTTGCTTTATAACAACAGTTTACCATGTTAGTTCATTAGATTCTTACTAACTAAGCGTTAATTTTCGTGGTCAAAGCTCGCGCGACGTTATCCAGTACTTTACATCAATAGTATCATCTGCCCTACCTCGCTATCGGGACACACCCTAAGGGACACGTGTATAAGATGTCCCCAGTCCAGTCTACCTGTCGAGAGTCTACCTGCATAGAAGATGTAAAGATCCCAAGCCCGTGACTACAGTATACCGTAGCAATTGAAGTTCGGGACTATGTATCATTTATGTTCTCCACAGAGTTGCAGTCATTCGTAGTTGTCAGTCTATCTTGATGCACCACGTTAGGGAGAGTCACACGGTCTCGTTTGCGGGAACGTGTACTTATTCCAGATACCCACAGCCATGAAGGAGACGTCGCGCACGGTGTGTGGCAATGCCAACTGACCTTCCAAACTGAGTGAAGTAGTCGGCAGCACGCTACACGAGGAACGGTGCGGCGGCAGGCGCCCCTGTGAGGATACTACACCAGGATCGTTTGACCGTATCGCTATGTCAGAACAGCAAGAATTTGTGTACCGATCAGGGTGTCCACTTACGCCATATTTGCGCAGGCCGCTATAGTATTTTAATCGAAGATTGTAAGGGGCAGTATGATGTCACGCGCAAAGGATGTAAGCTGGCCACATTTAGTCAAAGCACGCCTTTGTCGGTGTGCCTGATGTGCAGCAAACCCCACCCGGTATAGGTTATAGCCGGATCTGGTAGACCCGAGTATGGTTGCCGTAAGCGGAATAGCCTGGGCATAGGGTCTGGTGCTACCAACCTGACTAGGAGCAGCGTCGGCGCCTGTGGGGGCGCACCCCTTGTACCTATACGCCCCTTATAGTCTCAACCACCCTTCTGCCGAATACGCTCACAATCCTCAGTCCCTTCCTCCCGACTCCGACCGGAGATTGGATGTTGCCCGGCCAACTCCCAAGGAACTTCGAGGTGGGCAACTCGGACCGAGAACTACTGAACCTGTACTTCAAGGCTGAACCCAGTTACATTATCGATGAACTAATACGACGCTTGGAGTAAGGACTTATTTAGGGTTGCTGGTAAGACTCCACGATACCACACCGCGTATAGCAGACGTCGCGTCAGGGAAGGTGGAGATAGGATATGAATCACTCGATACAGCCAGCTCTGATCTTCACTGGGGAT,1262,49.92,Escherichia coli
SEQ_863468,GACAGTCGTCACGGCTATCACAAAGGATACAAGGGCCGCGGTGAGAAATGCTCTGTCGCTTCGCTCTGCACATACAGGACTTCAGAGGGGGACAGAGCGGTCTGAGTTAGCCATCTCACGGCCTAAAAACGTGGTCAGATAATTTTTACACCTCTTGTCGTAAGTCCAATTCTACGAAGATAGACTTTAGGGACTGCAGACTTAATCCCCGTTGGAAAGTGGGCTCGACTAACATCAAAAGCAGACTCTGCAATGAGGGGCCACTTTGATTGGACCACCTAATCTGCAGAATCATGACGAGTACGATGTGCCGGACTTCCGCCGGTCCAGTATTCGCGAGTACTCCTTGAGACTGTTCCTTATGCGATCGACAGGTCGCTTTAGATAAGCAATGATCCGATCACGTGACCCCGAGCAGCTTGGGTCGCGTTACTAATGTGGAAACGACCGCTCATCGGGCCGGAGGAGCGAAATAAAATGCACCGCGCTAATTCTCGTCTAATAGCGCCCTGCCGTGCACCGCAGCGCACAAAGAGATCCTAGTCTTATACATATTGGAGTCATGCACGAGCCGGCTTGTGAGTTATATAAAGTGAAAGGGTCATCTGTGACATATCACTACGTGTGGCTTTTGTCGTCCCCCTACGCCGTCAATGCATGGTGCTTGTCGTCAATCAGACGCCTTGTGAAACCTGGAACCTCCCATGATAGAACACTTGTAGCTATTTAAACGTGGTGCACAGAATGGAGGATCTAACACCTTGGCTTGTTTCAGTGATTGAGACAAGTTTGGCTCGTATCTCCCTCCTGACTCCGGCGGAGCTGTCATGGCTGAAACCCTCTGGCGGCAAAAACGTTGTGCAACTGCCTCCTGCCTCAGCAGTACTTTTTGATGTTATAATTCAACCTCAATTGGACCGATGCATACCTGCACCGTGCAGTGCCTTCATTGGCATTAACGTTTGACACATCATGATTTCTAAGCGCATTTTCCCCGGACTCGAGCTGACTGAAGGCACTCTCAATCGGAGCATGTCGCTTTAACAACACAAAGGTCGGATTACGCGGAACTTTTGGCGTCTTAACTCGACATGACCCTCCGACCTGGAACGGCCTAGGATGCCTCAGATGTCCCAGCTGAGAATCCTGGGATTTAGAAGTGTAAGTATTAAAAACGAACTGCCGGATAAACTTCAACCCCTAATGGCTTTGGAATATGGTCGAATTACCACCTCATTTTAACTGGTGGTGACCTTGTCTAATGAAAGATCGCGCCCTCTGCCTGTAAGATTCTTAAAGCAGTAATTACGCATGGGGAATTTGGACAGCGTTCAAGTAACTACGTGCTACATTTAATGATACAGGAAGTCGGTCTTG,1377,48.8,Homo sapiens
SEQ_550336,GTTGTCAGCCCGGTGATACTCTCTCTGCTGTGAGGCGCGGTTTAAGGGCTTAAACTTGAGTTCCGCATAATAGTGGTGTGGAAGAATCCGAAAAGACTTCGCTAGGTGTGCACGTCGGATGTAGTCTCCAACGGCGGCAATTTTAATCGTTGATAGAAGTGATGTGGAGGCCCTACTTGCGAGTCGTAGCGCCTACCCTAGTCTCTGGGATTTTGGCATTCACCTTCGTAATTAAATGTCAAGGGACTCAACGGCTAACTATACTTTAAAGCAGTTAAGACAAAGCAACGCCTTTGTATGAGGAGTAGACGGAATTCGTGGGTCTCTCAGACCATTGGCAGACGTGACCTCAGTGCAGGCGCATCTTCTAAAAATCCAACGCCACTGCGGTACGAGTCGAGTTTAGGTCTAACACAGGGTCCGCAACTGATCGTGACCGGAAGGTTGTGGAATAGTTATTGTGGGACATTCGCTGTGCCGGCTTAGTTGGGCTGCCCGTCACGAATTGTTTCAGATGACACGCCCACTGATTCGCGAACCGGCGAATCGAAGGTTTAAAAGACAGAGGCTGCATTTTATGAAAGGCGTCGTTTAGACTTTTTATATCCTGACACGTTTCGTGGTATGTCAAATTCTGGTTCTC,643,48.52,Escherichia coli
SEQ_304919,CAGCCTCCCGGGGCGGCTTCTTATCGCAAAATTAACCCGATTCCCAGCGGAACTGCCGCTCAAATCGAGTCCCCCGAAACGGACGTTAGCGCTCGCTTGTAACTCTGATACCTAGTTTAGGTTGAAGGGTGCACCCGATAGGTCTCTCGTTCGTCACCTTGGTTATCACACGGCAGCTTCACGATGCTCGTACTAACGCATTTGTCTGTTTCTGGCCCATTTTCGGATAGAGTCTACATGTGCGTTATTCAGTGAGAATATAAGCCGCAAAAGACCTGATGCCGGGCGTGGACAAGACTTCCAAGTGGGGTCTGACAGTGACTAGTCAATGTCCCCCGTGGGTCGGACATAACAACAGGGGTGGGCACCAATGTGAACAAGTGGAGCTCGATAACTTAGGACATCATTTCAACGCCGATTTAAGGAGGACTAAGTCATGGGAGACGTCATTCCATGCAGTGAACAGACCTACTCATACGCGTGGACTTAGTGTGTCGTCAACTACAAGCTATAAAGCATATTTGTCAAAACGCCCTTTCTCTAAAGGCGACACCAGCGATCTGCGACGCTATTACAAGTATAAGTATGCCTAACGGTTCCACCCAATAAGATTGCACCTTAAAAGATGGAGGGAGGTCTTTGGATCCATAGATGGGATTGCCACCGACGTCCGAGCATGCACCGAAACCTTGAGATACCGCTAACTTTCACTGTTCGCTCTACATCGAACATGCCGAGAGTGGCAGTTCTCGACTGGAAACGCAGGTTCAATCGGCCTAGGACGATCGCTAGCCTCTTCAGAGAGAACGCCCCAATGTTGGTCGCGCGTTGGATGAAGGATACACCGAACATATAAAAGCGTGTAAGAATCGGCTAGATTGGCGATACTCGCCTTTTTACCTTGGAGAAAGGTCTGGGAGGATGTTGTCTTCACGCGCGGCTCTGTAGCGCCCCAAGACGTTAGAGGGGGCGGTTAGATCCATGCAACAATCCGCATAAGGTCACTGAAGGTGCAGATATGCTAGAGATGGGGCGCTTAGCCCTATATGGCGCTCCAATCGCCATGCGAGCAAAATCATCACTAGTTCAAATTTAGTGGTACGTGGGGTCTGTCGAATCCGACTATATAGAACTAGGATGGCGTGCATTGGTACGAATCGATGTAAACACGTTGGCTGCTTTAGTGAGCCGATAAGGAACGAATCACGAACCTCAGACGATCTACAACTCATCATAGCTTGTCGGCTTAATGGTACAATCAGGAGTTCAACACACCGCCCTGTACCACGTCTTCTCAAACGCAGTCCAAGCTAGTATGAAATCGAACAAGTCTCTTTGATCCCGCACGTGGGCTGACCAGACTAGACTTATCAGCTGATAAAGTCGGCAATCGATGAAACAGCTCGATTATCTGCTCCTTCCGACTCCACTTCTGCCAGCCCAGTTTCTTTCCCTTATGGCTTCGTTGGGGTTTGGTGTTGTCTATGCTGGGAAGACTATAGAGGTTCTTTTGCTTACTTTTTCACATCCTCACCTTCGTGAAAAAACAGTCACCCATCCAAATCGAA,1568,49.23,Arabidopsis thaliana
SEQ_292689,CGCGTTCTAAAATCGGAGTCTGGGAGGTAACGGCAAGGGGTGATGCCTTCAAAGAGCATGGATCAGGTATCTTATACTAGATAATGACATTTCGATGACGTCTTCGGGTCATCTCTCATACAGCTGTACATTCCCTATAGTACACCACACTTACAAACTACGACAGGAGGCGCATTTCCATACTGATCCATGGTAAGCCAGGATGAAGAGACTCCACGTGTGAAAACCCGGGCTCATAGGGTAGTCCCCCCAATATTTTCGTAGGTTTATAACATATCCGATAAATCATGGTGTGGGGACCTTGAATACCCGTCCCTGCAACCCCGTCAAAGTATGCGGAGCTGGCTTAAGGTCCGCACTGAGGACTCAGGTGCAAGCCTACATGAATATCGTTGTGATTACCTCCCGTGGTTCATGGCTAGCGTCGTTGTACGCCATAGGAGGCGTGCTGGAGAAGCTAGGTTAGTAGTTGTATAAGGGACTGCCGGCAATAAGAATCACACATGGATTCGGGTATCCGATATAGCCCGAGCAGGTGGATAAGTGCGCTGACCAATGTGTCCATATTGAATATGTTACTCACCGCACGGTGGTAGAGCTTCATACATCATGTACACTACTCCTAGTTGTGTGGATAAAAACCATGAATTAAGACTGGGTAACGGAACATGTTATCCAATAGTCATCATTAGAGACCCTGCACAACGTGAAAAGAGACCGATCACCTTACGGAGAAACCACGCGTAACTATGCTCTTGAATGATCTGTAGTCTAAATGCCAACGGCGGACTACATAACCTTAGCGACAGGCCAACACCTATGATAGAATGAGAAGTGGCGTTTTCATCGAAGAATGTCTCGTGCCTGAACTGGATTAGCCACATTGGCGATGTACATGAATAAGGACGACCTATACATCGCATCAATCTACGTTCAATCACAATTTACCTTTCATATGCCACCACGGCCATGGACAAGTGCTTGTAATCAAAGGGCTTATTCCCTCCGGGCCCCCTGATCTATACACGGCGTCCTCAGTCATGGAATACCCCTAGTCCCACATATATAGCCAAGTACCTATTAGACAATCATTGCAAAGTTGGTCGTGACGGCACATCTTAACCGCTCAGCGTAAATCCTGAGGAGAGCCTTCGTCTTTAACCATTCCATTACGAATTCGACAAGGTTTGCCTGAGGATCATTCAAGGTTGATCCCCACCTGGGCTGCTGTCTTACGTTAGCTTGTCATAGTCGGCGAGAATCGAAGAGGAGTATCTGACGTGAACCGTGTACCAATTTTGATCAGTGATGGTGACGCAGAATCTCTTCGCGTGGCATGATTCCCATTATAATTAACGTTGGCAGGGTTGTTGCACATCTAAAAGCTAACAATGTTTTCGCAAGGCGAACCCACGCGACCGAAATTCCTCGTAGCGCACCGATTTTTCGACCTGGATTTTAGCGTGTTAGTCGAGAACCGGTTGAAGATACAGAAGAGAGTGCGGTGGTCGGAAGCGCTAGACAACTTATCCTTGTCCT,1539,47.17,Mus musculus
SEQ_224920,GGCTGGCATTCCTACCCCCCGTTACACCCCCATGGACGGCGTAATCCGCACGCTCTCATTTGACCAGTAATGAAAATGAGGGATTCTCTTTCGTCCTACGTTTTGCTGACTCGTTTTGCATCCGCGTGCCCTAGTGATCATACACGTTCGAATTGCGGGAACATTCGTCAGTGAGCGTAATTGTAACCATCCTGCTCGTTACGAAGCTAAGACCTGCCTACTTCAGGACTAGATTTCTATAGGAGTGAGTAAGGTTCTGAGTGCGCACAGCTCCTATCCTTCTGCTTAACCGGCCTCGGGAGTGGACACATACAATTATCCCCCACTGGTTGCGTAACGCAACTGAGAGCGATCATACTGAACATGACTGCACGAGCGTTTTCTCAATATCATCTCAAACTAGTTTCACGACTATAGGGTAATGTCCATCTCGAGACGCGGGCGTCCTACTTAAGCTCAGTAGGAGCCATCTCGCGTCAAAGTGAGCACCCCCGGTGCGATTACTCACATCTACGTCACTCTTGCCTAGTTATGAGCCCACATAC,545,50.09,Drosophila melanogaster
SEQ_340231,AATCGGGATTAGGACGTTATAAGCCTTTCATCGAGAGGAGACATTGCTTGTGTAGTCCAGTGGACACAACAAGGAGAGTGCTGACGCGTCTTTGTAAGGCAGGTCTCAGTATCCCTTAAGGTACCCCGGTCAACACTCGGCTGAAATTGCGATGACCTGGTGTTATTAGATGGTGTCGTGGGTCGTTGACACAGGAGGCCGCTTTTGTGTGGTAAGTAGAGTTTGATCTGGTTGCTTCGGCACGCGGCAGTAAAGCGGTTTCATCGCTGCGGATCTTACTTGTCTTAGGGTACCCATAGTCATACCCGATGTACCCCGTACGGTCTCACATGCATAGAGATTACCCCTCCTTGCGCCTAGAACACCGAGATCCCTTTGAATAGTCGTAACATATATCCCGATTCATGCGAGCCGTCTCGCCGCGAAAAACTAATTTCCGGAATGAGCAAAAATGCGTAGGTCGAGAATACAAACATTGGCCGCCAGTACGACATGAGTGCATATAGGGGGGTTGGTCCCAACGATAGGGGTAGTCATCTCCAATGGTGAACGAGAAAGGTCAGAATTCAATAGCCTTCAGAATCCACGCTCCTTCCCCTGGCCCCTGGTGCGTTCATAGTTGCGTCCTGAGACCACAGACACCAACGGGTTTTGACGTAGTGTAAGAACATCGACGCCAGGGCTTCAGTATTGTCTCGTGACATCACTCTATCGACGACAGGCGATCGCTCGGCTAATACCGTCATCTGTAAGCCGCGATATAGAGAATTACAAAGGAATCGGGCGCATTACGTTCTAAGGTAGTGCGGGACCCCATCCCCATCATTATTCTGTGTCTTGGTATATGCTGCTATTTCTTCCTCTCTAGAGGATTAGATGACCAACCTAAAGCCCATGGCCATCCGATGTTCCAAGGTGTCCGAGGTTGGTAGAATCATCTATTGGGCCCATGCCTAATTGAGTAGCTGAACGCAGCCTCAGCTCGAAGCGGTTTTGAAAACAAGCATTCGGCTTGTCCGTATCCGTGTCAAACTTTTGTCAGCACCTCTGAGACGGTATATTATTACTTATCATCTAGAATTTTACATGTACATAAAGTTATACGCGCGGCGCAATCGTGATCACAAGAAACTAGTATGCGCTGATCCAACTAACCCACACGGTACCGAGACCATTTATAGTGATCACGAGACCGACCTCAGCGACACGGAACCGGTATGATCGCACCTAGTCCTCGCACCGATTTGTAAAGAAAGTCGTTTGAAGTCATCACAGCTGCGTTGCTACATGAAATAGAAACCTGTGGTATCTCATCACGAAGTCTAGTGCGTCTGGTGATAAGTGGGGGGCCTCAGGTGCCGCACGAAGCCACGGAAGGACTACGACAGGGGCCTTTTAGATGGGAAAGATCCGGGGGTAAGGGATAAGAATCAATAAAATTCTGGTAGACGCATTTTTTACGAATGGGTGAGCGCTCGCTGGATGCCTGGTGACGCAGCTTAAAACGTACGATTTCTACGTTTACAAGTCCCAGGACTTTTGACACTATTAGCTAACCTTGAGCCGTAAGGAGAAACGACGCGCCGGAATCCGCGATTCGCACGGTCCTATTACCTTGACCGGATCTACCACCCTGCTCAACGGCAGAATGCGTACATCCGGAGGGTAAGGCACTTGATTGGGGAGTATATTCAGCCTCCGGTACCACAGTCAGCGACCCGACATCGCACGGAAATCCCAAGTATTTCGGATACCGTCCTACTTAGCCAATGGAGAAGAGGAGGAGACAGAGGAGGACGTGCTTCTAGCCGCAAACGTCCCGCATCAATGGTCTACG,1837,49.81,Homo sapiens
SEQ_994711,AGGACGAGTCACTCCCGAACCTTGACTGGGGACAACCTTGTAGCAATCCGCCTCGATAGACTTGGGTAGGAGTCGGCTACGACTTTCTTACGCTTAATTTGTTGTCTAGCGGTTCGGGTTACCAGAGTGTTACGCCCGAGTCCATCTATTACTCATGTCGGGATCACTGCCCTTGGGTGAGCAGTCCTTGTCAGGTGGCACTGGCGCACATAATCTCCCCACCCTTCGCCCACTAGTGTAGTAGCACGACTACGAGGCAACTACCGGACCGAGGCGTCCCACGAGTGCCCTTAAAAATGATTATGTTTTCCTGGGGGGAAGAATCTCGATCGGGAGGCACATATTATATATCCCTAAAATCGGTAGCGCCCGGGTCTGGGGTCGACCGATAGCTAGTCCTACGTGTAGGTCGAGCACGGCCGGGCTCGTTATCTACACATAGCGGTTTCCTAAGCTATCTGTGCGCAATTACTACCCCCGGGACAAAAGTGCATCTTGAGGACCAGACTATGTGTTTCGGCCAGGAGGCAAATGGCGAGCCCTTCGGTACGTAATACGGGACCAATGTGCCGAACCGTTAGGCAAGATATGGACAAATTGCCGATTTGATACGCCGATCTGCCTAGTGTATTGCGGAGAATGAACGCGTCTTTAGACACATCCCCGAATCCGGTATCATGAGACACTGCTCGGCTCATTCAATGGGCAACAATGCGCTGGGGATCCACAACTCGGTCCGTGTGTAAACACTAGACTACTATTAAAGTGCTCTTGTCAAGAAGCCTATTAATGGAATCAAGTTATTTCATCCCAAGTTTTCTCAGCCCCCAGGGATTTTCTGGAGGACTTACCGGCATTAGGCAGTGTCTACCCTCAAGTGTCGGGTGCGCCGTCCGTCCCCAGACTCTCTTACTTTCTGGCCCGTTCGCGGAGTCGCGCTGGCCTACGCACAACAGACATTATTATGTGTGCACACTGGTACTTACCTTTTGGCGGCACACAGTGAGACCGCGAATAGACCCTGTTTAGCCGAGCTGAGATTTCCACTCTGTATGGCGGACAAACGAACAACTTGGCGTAAGTGCTACAGTATCATTCTAAAGCCGGCATCTCTAGTAGCCCCCACCTCGGTAGTTGGGATTAGCTCCTTCCTTGATGGTATGCGGACTCTTCTCTGCACGGGCACGGGCAAATTACAGCACTCAACGGCTTAGGTTGTTCACAACATTTTGGTCAATCCAGGACACGATGGGGGAGTGCCACGGACCAGTGCTACACTTGTCCGTGACTATCGAAACCACTGTGCCGTATATGAGCGGACTGGCCCTTGACGTGCGCACACATAGGCGCTGGGTTACTCACGTGGAGGCGCGCAGCCGGAGAGCTACGGTCGTCTGGGGTCTCAGCGTTTACTCGATAGTGGGCATTGACTTATTAGCCCGCCATCCTGGGTGTCTTTACAGTTATCAATGGCGGCTGATTAGAAGGGTTGGACGCCAAGTGTCGTCCGTCGCGCACGAGAAACTACGACCCCCTTACTTACACGACTTCAATCCGCAGTAATCGGCCTCCCCCCTTCTCAACGAGTTAACGCCTAACGTAGTCAGAGGTGGGCGGGGTAAGACTGCATGATCGGTCGGGACGTGCCACAACAAGAACTAAATCTTCCGCGCTGCTGATCTCCGTCTCGGTCCAGAAATTTAATTACCTGTGGTCAGCCCTGTGCATTATCATACGACAACAGATCGGAACATCTGTGACAAGCCCTTTGTAATTCGCATCCCTATGAGTGAGAATGGATTGTTAATGCACGGCTTC,1818,52.48,Escherichia coli
SEQ_870738,TCGCCCTAGTACATGCTTAGCACAGCGTGCTATGTGATCCATCGGCCTAACCTGAAAACCCAATAGCTAAGGAGGGTTATAGACTGTGGGGCTTCAGCTATCGGCCGGACGATTTAACGGGCGGACCATCGTTATAACCAGACCGAATGATAATGCTCTCACTTGCTGTGCTTTCTGGCTTTTGTGTAGTTAGCGCGGCTCAGAACTGGGGGTTCGCAACGAACATACAGCGCCGCCGTCCAAGTTGCCCGCAGGTAGACTTAGTGGGGCTTGATTCTCAGTGAGACCAATGCAACGACAGTACGTTCCCATGCGGATCATCGCGTCGGCGTTTCTGAAAGGGCGGGTACGGTGATGCCTCGTGCACCAGCTTGCAAGTGAGCCGAGTCAGCCAGGAGCATGACAGACCCGGTTTTTTCTAAAGTCCGCGAAACGTTAACGAATGCGGCCGGGCGACAAGTTACCTAGCTCTAATGGGATTTGGGGATAAGCGGTCCTTACGTTCGGCGGGTATTGTTAGCCGGCCTTTAACCTGTAGTTCGATTAGGTTTTTACCTGCTCTAGTATATGGTTGCTACACGACGATGTTCATAACCTAGTAAGGCACTCACCATTATCTACCGTGTCATCTCAATCAGTGGGGGCGATCGCGTTGTCGATCACCCAAGGCGATGACGAGCTCTATTCTTTACAAGAAGGTATTGGCTAAACTATCTAGGACTCCGTCTGAGCACCAAAGGCTAGGATTACTAGTAGATAGCTCCGTAATCGTTCATAAGGAAAATACTAGTGTGAAATAATACTGGTCCGTTCATTCGCACTATGATGAGGTCTCCTAGGCACCCTGGATGGTACACGGTACATCATTATTCGAGATGGATAAAGATGGGTCCAAGTGCCGATAGAATTGGGTCTATATACGCCCTGTAAGGGGCTAGTACCGCCAATGACTTCGATCGCAGGGGAAGCAAGAGCTGCCACTCATGACAGGGGAATGGTGGTCTGCTGTCCGACTAGTGCTCGTACCTCATAAGAAATAATTTACGAAGAGGGAGAGCGCGATCATTTGTACCCCTGTCCTTATTGATAATGGGGCGCAATCTGGACTGCCGCATAAGCACACGCGACCGGGCCAAACTTCATCCCAGACCGAACTATCACGTGCTCGTACTCCTGTGTAGTAAGGCTTAGCTTGTAGGTCCAAATCTTGTCGCTACACCGTAATCTCCTCTGAAAGAGAGGATCTCGGTGCAAAGCAAGCGAGTGCGCAGGCGCTTAATAAGCACCTAGTCGTGTCCAGGTGCGCGCCACCATTGAAATAGAGATCTCAAGACGGAGTCGCTCACAGAACATTAGTTTTTTATCAGGAGGTTTTTGGGCGTCAC,1385,50.32,Arabidopsis thaliana
SEQ_321388,ACTTTGATGGTCGTTAAAAGCTCAAATTGAGTTATAGGCTTCTCGGGAGGTCCCTATCACATTTATAGATGTTCGCATGTATCGTAATCATTCACACAAGACCGCGGCGACGTTAAGTCTAGGCGAAAAGAGTGCGACCGATACTTCCGCTGTTGTCGCACTCATCTTTCGATGGGCGAGTGGTAACTGTTCTCGGCGTGAACCGCGGGCGCTTCCCCGTCCTATATCGGGCTCTGCCCTTACACCCCCAACGCGGAGCCCAAGAGCCTTCTACTCATGTGCCAAGGGCAATAGAGGCTCTGCTAATATAGTTAACTTCTGGACAGCTGGCATTGAAAGCCAGATATGCCTAGGTGTCCGCTTAATCAGGCTGCTGTCACAACGTATATTAACTCGTTCAATTCGCAACAGAAGGCTAACCTGTCCGTGCGTGGCAGTGAGGTTTGGTTTGAATAGGCGGTGGAATCCTGACCACTGATTATGGTCGCTACTGGAACTAAATCGTTCCTCACAGAGGACCACAGAGCCCAAACGGAGGGCCCCTCTGGCCTATTGCCGGAATGCACCAGAGCCCTCCGGATTAAAGCCTATCGGAAATTGGGCGGTGATTCCCATCGATGTCAATGGTCCTATATCACAAGGCACTATAACCGCTATGCTGCTGAATCATTGTACCGTTAGAGTAATAGAAAGCGAAGCCTAATTTGATCATTACCTTCCTGGGCCTTATTTAGGTTTCACATATCTGTACCACAA,756,49.34,Mus musculus
SEQ_217780,CCAGTCCTCCGAGCGAACACGCAGGACGGCAATGGACTGTCCCCGCAATTGTGACCAGCAATATTTGTATTGACTCTAACATGATCATGGGCACAAATTACTTCCTCAAGTGAATGACATACCAGCGATTTGGA,134,47.76,Saccharomyces cerevisiae
SEQ_625468,TTATCGATTCATGACCCCGGGGTAACTGTGATTACCTAAGTTACCCGCAGAGAGGAATCGTTGTAAGATCTCTCTCGCAATCCTCGCCAATTGTCGTAGGAGTCAAAACTTCGATATCCAACTTCAAGGAAAGTGTAGCCTCACTGTGAACCTATTCTTAGGAATACAAACTGTATGTATTGGCACAATTAAGAGGCGGTAAAAGACTCGTCGGTTTAAATAGTAAATCCCGGAATAGTCAGGATAACGGCTGCGGAAATGCGGCACCCATCTGAGACTCAGAGACTACCCCAAGCTGGCGAAAGCTGCCTGTTTTTATACATAGACTTCAGGCAGGGATGTGA,344,45.35,Homo sapiens
SEQ_174198,ATCAGATGTCGTGATTTGCACAACTGCATGTACAGCGAGCTCCTGAAACTTAGAACAGGTGAAATAGAGTACTCACTGACAGGGTCCCTTGTTCACTAACAAGGAATGACAGTGGAGGAGGCTTCGGGCGTCTCTCTAGTATCGGGGTCAACAGTGCGAGTCAGGTTCAAAAAACGCTATACGTCACACTCCATCCGCCAGGTCGCTTCAATCTGAGGGAATCGACGGCAGACTGTATGTACTCTCCAGTAGCACAATCGGACGTATTCCTAAACAGTGCAGAAAAGGGAAGACAAATAGTTTTGATTCAGCTCTATGCTGGACCACGCCGGGGTATGATGGAATCCCGGGGTGGAGATGTGTTGTAAGTGCCTTCGAATCGGGGGTGTTCCGAACCCCGATTGATATACGGGGAGCCGACGCGCTCGTGGAAAGACTGACTGTGAGCACGGAATGTGGCCAGGAAGCATAGTTGCGATGGGTATACAGAAAGCACAGCAGCGGAAAGGGTACCCATGTACACAAAACCTAAGGTAATATGAGGTAACCGAGTAATTGATATTCACTCGTATATGGTCGTTGGATCGTCGACCAACCAGAAGACGACATCCATTGGAATGACCTTTCACTTTGGGAGGTGATCCTGTGGTACGTGGGGCAGCCCATTCCTGTAGTGCTGCAGCGTTTAGAGGACGCGTTTCCAGACTGGTGAGGGAATCCCCACTATGTACAATAGTGATGTCCTCAGAAGGTTGAGAGGGCGGCCCCGCGGAGGCTGGCCTAACGGTGGACTAAGGGCTACTCGCGTAGAGGCAGATGTTATTTGACATGGATCGACACAACCTGACTGGGGTCTCAGGTGACGCATCAATCCAAGTCCGTGTAGACACCTAAGGGGGAACTGCTATGACCCACAATGCGATTCTTTTCATCATGTTTGGCGCGTTGACTTGGAGTTCATGACGCGCTTCGTCAGCGCCTAGCTACACAACTTGTTTTGGGATGCTAAGGCAAATATGGAGCGGACCATTGCGATTAAGGGTGTGGATAACCGCAACATTTGATCAGGGCCGGACGGGTAAGATGGAAGAGCATGCTAAACTCATGCTTCTCGTACACAGAAACTTTCACCGTCCAGTGGAGGTGTTCTTCGTGTGAATAGGCTATTGCCCGTGTGTAGAAATGCGCGGAGACGTTGTTTCAGGGAGCACCGCCCGTAATTCTAGTTGGGCAGTTAATTCCAGTACACAAAACCCCTTCCTCTCGGGTGTGCGTGTGTGTAGGGATGGACCACCTCGGCCGTGAAACAATTCGGCTCCTACTAATGAGTATGTGGCGAATAACAACTGCGCGCATACCGGGTGCCTCGCATGAAGATCTGTCGGCGTCGGCGAGGCTATATTATCCCCTAAGGGCAATCGAAGAACTACGACGACTCCTGAAGCGTGCTCGGATACGGTCCACGGCCCGCGATAAGACGACCACAGATGATTTCCTGCGGGGATAAGTGAAATCGGAGTTCGCCTAACATCGCAC,1536,51.56,Saccharomyces cerevisiae
SEQ_141665,TCTGTCATCCAGTGGTAATCTGAGAGGTTTGGTTGTCGATAAAAGTCAGCATGGCTAGACGTTCGTCTATCGGACATAAACTATGGAGTCATACAAGTGGTGTGGTAACCAGTAATCAATGGATTGAACGGATGATCTGTGGACGTGT,148,43.92,Homo sapiens
SEQ_890549,GACTGCCACACAGGTCTTCTAGGTCCTGCTACTCTGATAGTGCTCATTGGTGCAGAGCGGGGTGGGCTTCCTTGGCCCATATCCTTTGGGTCCATTTAAATAAGTCCTCATCTCGATTTGCGGTAAGCTCGTAACACAACATGCTGTGAAACTTACG,157,49.68,Escherichia coli
SEQ_540530,TCTCGCCTGAGTGGATGGTTTGTAGGCATATCCGTCAACAAGGGTTAGTCGGACAGGGACGGATTTGGCCTTCGGAGACAGTCGCAATTACCTCCGTAGGGCACACGAACATAAGTTAACACTGCGGCAGCAGGATACGTACAGATACGACGGAATCTCTGAATCTGCGTCGGGAATCCCTGCCCATTAGCCCATTCCTGATTTCCCTCTTGAGATCCGAGGAAGCTGGTCGCAATCGTTCTCGTGACGACACCTTCCCTAGTTCAGCCGTCTGGCGGATGTCGGCAGTTGATTCCCTTGATCGTGTTACACCACTAGCGACAGATTCAACAGGACCCGGCGTCCGATTCGCCATCCCATTTCATTGTCGCGAGGAGCTTTGGTGCGGTCTCACTGAACGATCGGCGCTACGACTTGTGGGGGACTGCGAAGTGCTGTTCAGCGGTCGTGATTCCTTAACGGCGCCAGCTTCAAGACTTACGGAACGTGACGCCAGCCTTGGTATGAATGCTAACCCGTGCGTCGCGGCGCCAGCCCTAAACGCTAGGTCCGCGAACCGAAACTCTAGGCCGGGGCAACTTCTGCAGTCTCGCTTATATCCCTGTGAACTTGACCAATAGTAGATGAACCCGCGCGGTGGTCAGTCCCGAGACGCGGTAGCACCCGTAAGAACGAAAAATCTAGCTCCTTGTGATAGACCTAGCGAAAACGTTATTTTAGAGGTATCGCAAGCGGGTCCGCCACACTACTGACATCATCAATTCCCACATAGTATCGCGCTAGCATCGTGCTAGGAACCCCACGGACCGAGCGTAGGACATTCGTTTTCACCGGCAGAGAAGCCTAAACTAAGCCCCCAAGACTTTCGAGAGTGCGGCGACCGGCGTCGGAGGTAGGCTGTATAATAGGGGCTGGCTCATCTAGGCATTGACGTTGGGGAAGAGATACTTCCTGTCTAGCGTATTGCAAGTGCCCTCCATGCCCTCCCACGGATTAAATCACTACAGCTTGGACATCCGCACATAGCATAGCTCCTAAGCTAAAGTGGCGTGATTAACGTTAAGCTCAGCTACTTCGGTTTTCACGGGTAGATCTGTGTCTAATGACTTATAGCTCCTAGTGGTTGCAGCATACAGCCTCTATCCTAAGTCACGCTATTTTTGAAGGCATGCGACCTATAGGCGTGGAATGATCAATCATTTGGGGTGCGGCAGGATACTGAGACCTGTGCGCGGTACGCTGGGCCGACCGTTGAGTTGCGCAGTGTTTTAGTCAGCTTCGTACAGTGTTTGGGAACGCCGCCTCGGCCGACAGTTTACGCTGGGTCACAAGGAGCCACGGCACTCTAAGCTTTCAACGCATGTCGTCAATGGCCCCCTAGATTTTTATATTCAGCCTGATAAACCTTTCTTCGAGTTAGGCAATCGACGTTCGTGCTGTCTCGCACACAGCGATCTCACTCTTTAATACACTCTTATGGGGCGTTCCGTGACAGGGTAAGTTATTCAGGGCGTTTCCTACTCTGACCCGAGTAATATCCAGCGGGGGAGTGCTATATTAGTCCTAACGACCGATACGCAGGGTCAAACCGGACCCGACTGACCCTAAACTCGTGAGAAATTTTCGCGCCTGCATGATAACGGGAAACATCACAGAGCTATGACGAGTACCGCCTTCTATGACCCGCGGTCTCTGTGATAGGAGTAAACTGCGTAATAGTACAGTTCGCCGACACTTACATACAGAGTCCATCCCAGTCAACCAGATACACCTGGGCTGAACTACTGTAGACTGCTTTCACACATGTATCGCGTCTTGCGGTCAGTGTCGTTACTCGTCTCTCAACCACATGTGGCGGGGACTACTCTAGATTTACGAAGGTCATCGCGGTTCGCAGCCTGATGTCTCTCCCCTCTTCACGGTCTTTCCGGAGTGGAAATTTCACCTTATTTAGCGCGGATGGTCCCTCT,1970,52.54,Arabidopsis thaliana
SEQ_577012,ATATAGCTTTGCCTCGTCCGCGCTATTATGCCCATTGCAAAGCACAATGGGTCATATGGCCAGGCTACAATTGGCCGACCCTTCTGCTCACATCCGTGCAGGACACACTATGTAATCCTCTATCTAGTAGGCCCAAATCAAGGCTCCGATGCGTTTTCGTTTAGGTCTTTGTACTATTTGGATTAATCACTGAGTGAAGTTACAACCAGCCTCAACCGACCTGACGCTCGGGAGGCTTTTCAATCGTCTGGGTGATGGTTAATTGAAGGAACAGGACAATAGCCAATAGGGACGCGCCCAATTTTCGCTCAGACATGGTTGTTGCCCCTGTAATCTAAGAGGTTGTTTGGCAATGAGGTCGGTGAAACGCGGCGCCGCTAAGTTAGTGAACCTAATAGGCATAACGAGACGGTACACGCACAACGTTCTTTTTCTTCGACAGGTCAGCCACCAGGCCGCGGAAATTCGAGACAGGGCCCATGTCCAATCGCGCCGCAAGCTGTATGAGGCAAAGGATCCTAGCAGGGACTTCCCACCAGTTAACCACACCGCAGCAACCCGCGAGATGGCCGCTGGAGCCGTCATATATCCGTTCAGAGCATATTTGGCCTGGTGATCCGTGGCAGACCTAGCTCGACGCGCGGCGCACGAGCAATGACACGGTATGGACGTATTTGGTTTAGCGGAAGACGTCTTATGTAAGCTCTGCGGTGAGTAGACAAGAGGTTTTATGGCACCGCTTGGTCAATCTTGATCCGACCGTGACTGGAGGTCCGCGGCCTACCTAAGTCCGGAATCAGAACTACACTCACACGGGAATAATGCTTTTACGAGATATACCAGGAGTAGGGGGGCAGCGTCCGATATCTCCCGGCACTTCGCCAGCCCAAAACAAGTTAGTCCTAGGTTGTTAAATGCCAACACAATCATGCTCTGCTCTCTCCAGCTTCGACTCGTGACAGAGCAAGTTTCGCACCAGAACACCGCGACGTTAAGTGGGTGAGGTTTACTTTTTCTCTGAACC,1024,51.66,Drosophila melanogaster
SEQ_269110,CTCCATGTACTCAAACGCTTCAGGCATCTCTTTAGTGCGTAACAGTTAATTTGGTGGCTAAAGGATATTAGTTCGCAATACGAGTGCGACATACGAGTCAAATTTCCTGGAGAGAGTGGATTCATAGCCTATTGGGTCCTATCCCGATTTAATAATCAGTCACAACGGCAAAGGATATCAGTCATGGTCATACTATAGCCCCGAGCCGGCGCAGTCAAATATGTTTGTATGGCCGCTGTCACCTACCTCTCCATGCACTGCCAATGCGGAGCTCGGTGTGGTCTGGGCGGGTTGCGAGTGCGGCGTGACTCAGGGGTTATCATCCACGCCAGTATGCCCTGCCGTTACGAGGCTGCCCGGCAGTGCGCACAGTCCACTTAAGCGAGCGTAGCTTTTGCTCCCTGCCGGTATCCAGGTCCTCTATCCTTCCTCTAGTGTACTAGTTAAATATCTACAGGTGCTCTCGGATTAGTACTTGTCTTGAAGCCAAGGGGGGCCACGAGCTGCGCGCGTACCGGTCCATATCGTCACGGTAAACTTACTAAGTGCAGCCGGAACCCTCTGCTATGCAGACTCCGGGCCACTGACTACCCTTGACATCAACGCCACCAGCCAGGTCTGGGGTCCCACGAAAGCGGTCTGTTGCACCAATAGGGTCCATACAGGCTCGGCCAGCGCAAAAGACCTCGATCTGACACTGGGGCGGCATGTCCGGAGCAATTTCAGCAGCGAGACCCTTGGTTGACCGAAGAAGTGCCCTCTACTTGGAATAATACGTTGCCCGATGACCGCTACCCCCCCCGTGGTTATGTCATAATTCTTAGGGAGGGCTCCCT,836,53.83,Drosophila melanogaster
SEQ_395346,CGAGTTGCAATGGGGGAAGATCTATGGGTCGCTGATAGGTTCATTAGGCTGCTATTTTCC,60,48.33,Drosophila melanogaster
SEQ_827796,GCTGGAGATGATCCGAGTCCTGTACTCGAGCCCCCACCACACGAGCTTGCGGCGCTAATTTCGAGCAGATTCTCATTCTTTTAACCAATAAGGTACAACAGAATGATCAAAATATAGCGGATGTGTGTCCTCTTAGTCGACATAAAAGGACGCATGACCCTCCCGATTCCTATATGGGGCTGTCGCGCGCCGAGCAGAGTACAGTCCGAAAAGCTCATTACGTAAACTAGACTTACAGCTCCCGCAACGATGGCACAAATAGAGATATTCTGACTAAAAATTACTAGAGAACTCGACGCTGAGCCCCCACAGAGGATCGGTTGAGGAATTCTCGAATGGAGAACATGCGTGTACTCTGAGGATTGCAGGATGGGGAACATACGGGATCTTTCCGTTGGTTATAATGATCCCCACTATAAGTCATACATAAGCCAGTTACAGGCTACACGACCTAAAGAGTGCTGCGTAGATGTACTGGGGTGTCTCCCATGTTAAGTAGTCATATGAGTGATTGTCCCGTATGCGACGTTTCCTTTTCCTGGCAACCGAGGGGCATGAACAATAGTAAATACGTCGGATTAGTCTGCATGGAGTGAGCGCACTACATGTCTTCAGGAAAGGTTGCTGGGATTTGCATCTCTTTGTGGGTCCTCCGAAGCTAGTGAGGAGGTCGGGTTGGATAGGGTGTGATGTTTGATGCACGTTTATTCACCTGCAAGCTGCAATAAAGCAATCAGCGTTACCCCCATGGTTGGACGACCCAAGCAAACTTTTAAATCTGCTCTACACATCTGCGGCCGTTCCCATCATTCACGTCACATGCGCTAGGACGTTTGGGACGCCCGCTCTTGAGACGGGGTCAAAAGCCGCATATTCAATCGACGGCATGCTGAGTGGAGACATAGTAGACTCCTTCAGGGAGAGATAAACGAGGACGAGCCGAACCTTAAGAAGATAGTTAGACCTACGCCACTGGTGGGCATTTTGGGCCCAGCTGACTAAAAAATTTACGCTGACCCGCAGTTGTGTTGCCCTACTCAAGTAAATCATAACCCTAGAATTACCCCCTAGGTGGCCTACACGTATAGAACAAGGAGCCTCTGCACTAACATCGGAGAGAAAACCGAACATTATAGCTTCCCGTTGGGGCAGGAGGGGGACTTACGGTCAAGAGATGGGTGACAAGGTATTCGGGATGTACCGACATACGGTCTATATCCCGTGGGGCCTCAGCACACTGGTCAATGATAACAACTTTCGCCCGTACATAGAAGGCACGGGCTCGTGGTATGCCTCGTTTAGTGAATTACTACCTTCCATTACGCAGGGGGAGAGATTGGCGTAAATAGTAGCGGTGTCCAATCGTGAGCGAGTAACGCTAAGCGCTCCTAGATACCAAACGGAATTTCTATAAGACATCACCATGTGGGCCCTCACGGCTGTCCTGTATAATCCCGACTATGCCGCGTAGCTACGTAGAGACAAGATAGCGTGCAATAGACCAGTACGGGAGGTCGATC,1520,49.41,Escherichia coli
SEQ_690943,CAGACATGACGCGGAATGAGCCACGTCGCATACTCGTGACTCACAGCCAGATAATCGTGTGATAATAGTCCGAGCTTGCTTTCCATCGTCAAACTCCATATTCGAGGAACGTATTCTCTTGACTTATTACGGCCTAGCCATGATACGCCCCGGTATAAAAGAGTGGCCAATTCTTACCCAATTTGTGCTATCCTACAGAG,200,47.0,Saccharomyces cerevisiae
SEQ_568847,CAAAGGCGGCCACAGCTTAGTATGAGGACGCGTAGTCACGCTTAACGTGTCGGTCGAGATGCCGCAAGCATTCGCTGAGTAAGGAGCCCTAGTTGGTTGTCCTGAAATAAAGGTGCGAACATGTCTCATGGAAAATTTGCGGTGCATCTTGTTACAAGACTAAAATGGGTCCGCGTGTGTAGACCCTGGTTGACTGCAATGTCCTCATACATGAAGTGCGTCAAATATTGAAATGTACGGATGAGGTTTATACAAGTCGTTTCTACACAGTCGGTACGCAACACAGACGTGTGCTTTGGCGTTCGCATCACGCTGGTTTAAAGACAAAGAGGTTTGGGCTCTGAAAGAGTGTGGATGTATCAGCAGGCTATTACACCGCTTGGAGAGCAGTTGAAGTCGGTGGGGTACAGAAAAGACCCCGTAGTTCAAGCTAGTTTCGTCTGAGATTAGAGAAAGAGTTTGTAGCAAATTTGTGGTTCGACGAAGGCGGCGTCATGGGCGCGGGCACTAACATCTGGTCGGATGAAATTGCGAATTCCCAATCTTCAATGCTCGTAATATGATCGTACCGTCGCGCTACGTACCTCGCTAAGAGACGGAGGAGTCGGCCTGGTTTCATGCTCAGCGTACAGTGCTCGGCCAGAGTGAAGCCCACCATTCCTCACCCATGGGCATGTAGTGGAGATCGCTAGTGCGATTGACACCAAATAAATTATTCTTCGTACAACACAAGAAACACTATATGCTCTTTAAAGCAACGATATGAAGGACTACCCGAAGGTGGTTTATGTTTGGAGTCACGGAAAGCCTAAACTGGGGCTGAGTGGACAGCCGGATTCTTGCCTCCTTAAAACTGTCCTAAACGCCAATAGGCCGCTCGCCGCAGACTGTGTAACGCGATTGGCTGGGTGGTCGATAACACATCCTACAGCGAGGCAAGGACGTTCCGATGCACCTCCTTTTTAGGCGGGGGAGGTGCGGGCCTGACCTCACTGGCCCAAAGCGGGGGAAGCAGGTCTTGCACGGTATGCCATTGACTCGAAGCAGACTGGCAGTTAAGCCCAGTGCCTATTCATATTAAAGACTATGAGGAGATCATGATTAAGCCGGTCCTAATGTTCCCATGGAGCAATCAGGCGTACCGCTGTTGTGAGCGTATTCATTCGGTGACTACTTTCAATTATCCCAATGCGCTGGGTCGTCACGTGAGAGGTCTTTGAGCCTTCCACATGGAATAGGTCCTGAGTTTAGCGTATACGACAGGGTTGATGGTAATACACGAAACCCAATCACAGGATACACGAACCAAACAACGCCATTTGCGATGAACTGTGTCGGGTTTTTGATCACAAGACCGCGGGGAAGCTAAATAACAACTATTACGCTGGGTCCTTCGCTAGATCCGAATCGTGTCCCGGATCACAACAGCTACATTCATGCCGTTACGGGGTTCAAGACGTATGTTTGGCATACCTAGCATGTCAATCTCTTGGTTTACGTCATCATGGTCTAGCCACCCATTGCATCACTGTCCGTGCATGCCAACACTACTACTGCTAACGCTTCAGGTAGTAAGAGTGATGTAGACGTTCATCCCTCTGTGACTACGCGCTGACAGTCCTTTTGTCACTTAAACTCCTTGGGGTTGGTATGCTACATATGGTTTTCGATTCGCTGGCAAAACATGTGCACTGGCACTGCGCTAACCGCCTGAGGATTCCCAAAAAATGTCTATCAGAGCTTACGTATCAGACCTCCTAGGGTTTTTAAGACTGCACGGCGGGGATCCTAACTGCGTCAACCCGTCATTCACGACTTACCAATAAAGTGACGACCCATAGTTACGATTGTACGCCC,1857,49.33,Arabidopsis thaliana
SEQ_103339,ACTAGCAACGATCAACACCGAAGCGCCTTGAGATCGCTGGGACAAGAAAGTGCCGGTCATAGTCCCCCAGGTCGAAAACGCGAGACAATAAACTAATGGAACC,103,51.46,Homo sapiens
SEQ_731519,ACCCTCGCGCACTACCAAGCCACATCCTGTACAAAGCGCTCGTCGAACCGTTACATCTGGTACTTGCAGTGGTTCCCGTCTGCGTGTCACGGGGGATGGAAGAACATGACCTTGCATAGAACGTCGCACGCGGGCGTTCCATGAGTAATAAAGGCCTATACGCTGGGGCTGAAGTGGAGCGTGTTAAATGGACGGTAGTTCTAAGCGTGTGGCGACGACCTGGACGCCTGCTCTTCGAGCCGTGACTGTGAATATATTGTTAACCTCAGTCTTTATTCTCGTAGCACAACAGATCTATCTTTATCTAACTCCCCATCCCGTGCTTAACTGGTCAGACTAGCCCGCTCAGCGTCCCTTAGCGGTGGGACTGGCTACCCGAAAAATCGGGGCCCGCGTCGGGGCAGAGAGAGTGGACGATAATGAAAACCTTGATGCACCGACTAAAGGGCGTGTGGTCGCTTCATACAACCGTGTCCGGAACAGAACTGGATCGGGCGCAATTTTCATACTTACCTTTGGACTTTGGCAATACCCTGGTGCGAGCAGCTGCATAGATCTACCCGAAAACGCCTAGATTTGTATGGAGTGTCCGGTCTTATCCTATGGATTGATAGCCGGATACGAGAGAAAGTCCTAACGTCCGGCAGATACTATTGTCTCTCAACGTAGTCTATTTGTAGACTGCCTGGGAAAGCGGTCCCGAATGACATTCCCGAGTATTAGTCCTTCAGTCTAATTAATGGGCATCCAAAATATACTCAGAGGGTGTCGTTCCGTACGAAATTGATAGAGAAGCAGGTACTATAAGGAACTTGTTCCCTGAGAGTCATCTACATTGGGGAAACGGTAACGAGGTATCTGGGTCGGGATCCGGGTACTCAGATTAAATACCCTTCACGATTATGAACTGCCCGGACCGCAGTTTTTCGAAGATACTCGCCTGAAAGGAATTACATACTCCTCTCATAGCGATCGTGCCCTCAGAGAGCTGGTGAGGTCTAAAGGAAGTGGCCGTGATAGCTAGCCTGTTACCCCACCTACCACAAGGGCCGAAATTTCCTGATTTTGCGCATCGCTTACAATTCCCTCGTAAGGTAGATTTCTGCACGTCAAGAGTTATCCTGGCAATTAGAAATCAATAAAGGTTCTGCAAAACTTCGGCAGAGCAGCAACCGAATTTCCGAAAGGCCGGTGATACCGCTGAATATCATACTAAGGCATGCCAATTACATCGGGCACACAGGAGCCCTGAAGCATGCGATCCTTCAGGCTCGGATAACTTCCGGGAGTTGTTGGTTAGTGCCTTGCTAGTCCTCTGACGTGTGGGCATCAGGGGCGTTAGTTTCTGAAGTGGATAACACCCGGGTTTTGATAACTTAAGCTCTATCTTAGCGGTTACCCCTACGGGGGTTCAGACACAGTAGGTACATGTGGTAAATTAGACGCCGAGTATGGGATTGTGTACGATCGGAATAGGGCTGTGGGCAAACTTATACACGTTAATACCTCGCAGTGGCCTGACAAACCAACGTGGCAACGATTCGGTAGCACGAATCAGCAGAGACCGCCGAATCGCCCCGGTGCCGGAATCACAAGATCGCTATACGTCGCGGCGTCCATTTAAAACTACTAGCCCCGTGCGGAGAGTTGGCGAAGCCCGCTTCCACCTATGGGAGTAGCCGGCCTTTGGTCGTTAAGAAGGCGAGCGGCAGTTAAAAGACTGCGCACAGGAGGGTAAGGGACTATCCACCCCTCGTGGGTGGTTAGGGAAACGGATAAACCTCTATTCTCGATTGTTTGATATGGTAGTTTATCATGGCCTACTGAGGGACTAGGCGAGAAGCTTAGTTCCCGCATATCTCGTCATAAGTCCAAGTATATACAGTGGGGCCGAGCCCCTGGCCCTCATCGGGGTGAAACACTCTCAGTC,1930,50.78,Mus musculus
SEQ_594340,CGGACATATCCCGACTGTACTATTATTACCCAGAATGTCTTTTGAAATACACGGCTGGGAGGTATCTCTTACAACGCGAGCCATGTCCCTCTGCTCCGAAATTCGTTTATCGGAGTAGAGTAACTGTCATTAGCGATTATCATCAGCAAGGCAAGTCGTGTACCCCTTTAGTGAACAGTGGACGTTAAATAGATCGCGGTTCTGGACGGCACCTTGACAACTTTGGCAGGCGAGCACTGTGGTTTAATGTTGATAATTTCTGCGAACTAGATCGATGGCACGGAAAAGTCGAAGGTGTATTGATGTTTGGGGGCACAAGTTGGAAGATACGATACCGTATATTATTTCGCCAAGGCATGCCTATAAACCCGGGCTGGGCCTCCACTTACCCAGGCTGTACGGTTAATTCACACTCCGTACAGCTACTGTAGTGTCCCCAAAGAAGTGAGGGGCTAGTAAAGCGTTGGGA,469,47.55,Drosophila melanogaster
SEQ_523872,CGGTTGGAGGCCCCTCGCTAGGAGCGATTCCTTACCAGCCCATGCGAGTGCCCACTTGCGTGTAAGAATTTGTCGTTTACCTGACTATGCGGCAGATATGTCAGTTAATAATTCCAATACAACCGTAGGTGGACCTCGAAATTTTTTTCCCCCCTTAGGAACTATTTCAACCCGGCTGGTTGGTCTAATTGGTTTCACTCACCTAGGCGATTGTTGGCCGGTACCTTGACACTATGTTTCAGCTTGGTCGCCGCACCCATACTCAGACAGCAGGCTCCACTTTTCGGAGAATATAGTATACAACACGGAGAAAGGTTAGTTCAGAGGGCTTGTTGATCTCATGTTGCAGCCAAGAATCTGAGCCAGGGGTGAGCGCGTCCTCTAACTGACCGCTATGACCTGAGACAGGATTTCGGGCATAATAACAGTGGTAACATAAATTTGTTGAAAGCCTGAAGGTCCTATGGAGGCTGGGCGTCGATTAAGATGTTGGGACATTACATATAAGTTGTCATTACTGCATGTCGCTCGGGTGTATCAAGCTATATCCAGGGGGATGTCGGACGTGATAAAGATTGGCCGTGCTATGGGCTTTCATACTGGCCCGAGATTGTACGCCCAGTCGATAAGACTCCCAACTGACCAATCAAGATACAATTCCCGACATTTCTGCGAGCTCGATAGGCTGCGGACGCGTCCGTCGTTCGTCACGTTGTAGGGCTAATTAACATAATACTGCTTCATCGGGAAACCGGCAATCCGCTCCACAATAAATGTCTACAGTGCCTTTGTGGAGATGCCGTGGGTGACGACACCTTCGTTAGAGCACTCAACCAGTAACTAGTCTAATGATTTCATTGAGCTCATGTAAGATGCCTGCCGGCCTTTTCGAAGCACAGGAGTCCCGCCTACTTCTAGAAGCTCACCTACTTACTGTCGTACGTCTTCTCATCGTGGCGTAATTCAGTTGTCCCAGGCGCCTGACAAGTCTTTGGCATTTCCGTAAAACTCATCGGTCTATCAGCACAAGCTTCCTAGCCGTAGGCTATAGGCGCACTGGACGAATATAGACGTTACGCAACGGAACTCAAGATGGTGCCGCATCTGGGATTGGGTTTGTCATCCACTCCAAATAAAAGCTCTGGCATAATCATTAGGAATCCCGTATAGCGAAAACGTAAGATGAATAGTGGTCCTCGGCAAAAGGAACGATAGATTGTGCACGCCAACAGCATAAGCGCTTCTCTGGGGCCTGGCCTCACGCTTCCTATGTATGCTGCCCGGAGCACTCCCAATAGGGCGGTTCCAGTCCAGTCGATTTTTGCAGCCGCATCTCGCTCACTCTCTCTCTATCAAGACTTGCAGCATCCGCATATTGTTTCCTGATATCTTAAGCTCAATAAAATCATGGTTTCCTAGATGTTGATCTCATTAGGACCCACTGGTCTTGGCGGTGGGAGTACCTTATCTCCATGTGGAAATGTCAGGATGAGCAGTATCCGCAAGTGTGAGGCTCTATCGACATTCTAGGACTAGTCCCACCTCGGGCGAAGATGTCTTGCCTGAACAACCATTTCGCTCCCCTCGCTTTTTGGTGGCTTCTCCGATATTAATCTCCTCGAAACCCGTACACAATAGGGATTACGATAGACGGTTCCCGGAATGGTTAGCTAAAATCGGTACGCCCCTCTTTTGAGAAG,1700,49.0,Arabidopsis thaliana
SEQ_158675,CTCTTTTCACTTGTTATACGTATGCTGTGGCACGGGAGACGGGCAAGACTAGGCGTGTCACTGGTTAATCTCTACCGTGCACGTTTATCAGACTTAAGAGCCGTGTACTTCACTGACCGGAGACATAACACTATGGCTAACAGAAGAATCGCGTCAAAGCATGCGTAGTAATAGACACTTGTCAGCTGCGCCTCAATCACGCTATTATTTTCATCACTCGCCGGCCAAAATCTACGCATGGATCGCGTAGTGTTCTTCTTGTCTCGGCCATCACACGCAAGATCTAGGGTAAGTGGTTCGAACTTGATCCCTATCGGTGCCTTACTTACAAAGATACCTTCCTTGATGATAATGTCAGAGTCTACTGACAGACGACCCCAGAGACAACAAAGATCGGGTTTTCTTACGGTGAGGAAGCTAGTCAAGTTTTTGGGTTCATTTATGAGATCCGTCGCTAAGGAGAATCAGCGTGGCTCATGGACCGTTCGGAATGACTGCGACTGTCTCTGCCCCCCACTCCTCCGCCAGACTGGTAGAAAGCCAACGTTCAGGCCCTATAGGGGCTACCGTGATTCCGTCGCCCATGGTGTGCAATAACATGCAGCTCCGAGTGTTCATTCTAGAATGTTATAGCCAAACGGCCAACATCTCCCGCAACCTTCTCAACTTGGTTAATTAACGCTATTACGTTTCTGAGTCGTTCTAAGCTCTTAAGCGGCCTGGTCAGCTTCAACTAACTACGAAAGAGCCGAACCTATCCGTTGTACCGGTAACAAGCTGCTCGACTTTTACGTACTACTCCATGGCACCGCCATGTACCCACCTGATAATCACAACTGGTCGACATTTCGGCAGGATACAGGACCGGTGCTAGCAGTCCAGAGTTGCTCGGCAACCTCGGGTGGAACCTTCTCACTTGGCTCACCCATGACAGATTGGGCACGTAGCAGCATCGTCACGTCGAACTTGGAACGCGGAATGACCAATAGACGCGGCCTGGCGGTTACTCTCCTAAAACCTATGCTGATTATGTACCACCTTCGTCTAAAGACAGTAATAGCGACACGGAGCCTCGCACAGGCCTTTTAGGCGGCGCCGCGGCCGGGCTTTACGCATAGTGCTGGAAAAACTCGTACACCAACGTTGTATATACTTGTTAGATGTGAGTGCAGCCAGATTTGTTTAGTCTGCTTTACGGCCCGTGTAGAAAGAAGCATGTTCCGCGTCATGCATGTTGGGTCTGCGACGCAACCCTCATCCCGA,1263,50.28,Escherichia coli
SEQ_363613,TAGGCGCAGCCCGCCCCGAAATCATTGTGGATCCTTTGCGAGAAGCAGAAGGTGAGGAGAAACGGCTAAATCCCCTGATGTGATCCACAAGGACTAACTCGTTATCGTCCTGTTGAGTACAATCCACATTCAGGCAGTCATCTCAGGATGGGTCGTTTTTTACGGCATCTTTGCTGCAATGGGCCGATGGACGGTTTCTGGTGCTATATTAAGGACCCTGGATGCAAAACTCTGTGTGAGTAGCACACTCCGCCTTGCGCGACGAGACTAGATTTAACACCCTCTCCGCTTACGTAAGGCCACTGAGCCGATCTAGTGCTACCACCTAATGCGCCCCTGTGCCGTGGGCGACACACGACCACGAGGGTTGCACGCTCCATTGGACCCTGCTAGCCACTCTTAGCGTAGCCAGTTGGTGATACCTTAGAACATTAAACGTGCTTGTTGACGGCCACAACTTCTCTCGCGTTGAGGAATTAGAAGCGTGCCGTACGGCTTCCAGACCTGGACAGAAAATTCTACTGCGTATTTCAATACGGTCGCACTACCGAAATCCGCGATACTGCGGCGGATGGGATCGGCCTTACAAACACGGGATCGTGTGCCTGGTCAAGCAGCCGGTAAGTGGCGTGAGCTTATAAAGCCAATGTTGTAGTCAGTAGTTGACATAAGGCTTTACCGTGTTGTACTGGAATTCTCATCTCATAGCCCACCTTGTGTCCTCTCCTTGTGATTGTTGCACATCGCGGGGGACGTGCTCGTTCAGCAGCTACCGCATTCTGAGTGGCATAAGTAGCCTCCTGACGAACAATCGCCTACTCCGAAGCCAGTTTATGAAAGATTGCACAGTATAAGCGCTGTTGCAAAATACAGGCGGTGTTACCCTGTAATCGTTTTGCAAGCACTAAGGGGGGGTTTCTCTCCCGCGTACTGACTACTCAGTCGCTCGTTATGGTGTCTGCCGAAGGCCGGGACTATAGGATCTCGCAGGACACTTTTGCTAGTTCCTTGGACCTCCATCGCTGCAACGAAGGGTCCCTACCGCCTTTCATGCTATTAGTAAACACAGCTTTGTCACCACATATACAACAGATTTGAAGTCCTGTCTAGCCAGTGAGTACTCATATCATAGTCTATTAACGCGACCGAGTCGGGTCCGTTATTGGGGCTGCTGAGCACCGATCTACGGGCTAGGGTTAATTCATATTGTTCGGCGGGGACAAGCTTACACCAGTCGAGGCTCCACTCAATAGTCGGAAATTTCAGACGATGTTGTCTAGCACAGTTAGTCTAACCGTCTAACAGAACACCACTGGGGGCTTAAGAAAAGAATTCTCACTTCTCTGGGAGGGCTTGGGCACA,1362,51.03,Homo sapiens
SEQ_278501,CTACTCTCGTCCAGATGGTACCTAACGACATACCCGAGAAACAATGGGTGCGATTCTGCGTGTGCCTCTGAGTAGTCGACCTGTTAACTTTTGAAACCCTAACCCACCCAGGGTGATGCTCTGAGGAACCGAGAAAGGAGTGAAGAATTCTCGGGTAGCACTCTGACGGTTTGAGGGGGACTAGTACCTCCAATCTCGCGACACGTCCCTCAACTATTGTCAACATTGCAAGCTTAGTCCCACAGTGCGGGCGCTCGCGGCTGGCCCGCTAGGGCCGGCCGATGTACGAGCAGCGACTCGGTCCCCCGACATCTTTCAGCATAAACAATCGAACACACCTCTTCGCGGTTGGTGCTTTGATTGATTTACGCGCTTTGCAAGGCGCCCATTATCAAGGTGCTTCCATTAATCCCCCAGGACAGTTCCTTGCGCAAACGATTAGTCTCGTCATAGAGACGGGACGGTGCCCCTTCGACCGGTGCTCCGCTAGTGAAAGGCCTAGACCGATAGGCATGAATTCCCGTTACGAGGATGGATTTGGGAGTCACAAAAAGGTCCTTCTAGGTATACTCTCGCGAACTTTGCAGCTTCAACCCAAAATCAATCCGTACTTGAAGCGCCCATAGATGTCTGGGACAATGTGGGGTCGGTGGAAATCGCAGTTGTCCGACTATTGCATACGCATTTACCCCTTGAAGCCAGCGGTGACTAAGCCTTCTAGAGCCAACGCAGAGGGATCCGCAGAGGTGTTACCCGGATAGAACCGCATTCGTCACGCTGCCTTTCCAATTTCAAAACAGTATCAAAGACGATTTGCCGCCTGTAAAATCTATGCCATTGTTCATAACTCGATTCAAATGGTAGCCAATAATTAGCTCTGCTAACGGCTCTCCCCCTACCGTAGGTATACTAGGAATCAATAAGAACACCGATATTACCGTCTACGTCGGTAACCCGAGCTCGTCTGCCAGCGTACGTCCTAAAGTTGGTAAACATTTTAGACTCTTGTTCTAGAACCCTCTCAATTCGGACACATCGGATATGAGTGGCGGAGGATTATTATATTTGGTATATGGATATAACGCACACGTGCACGCATTCATCTACCGCCAGAGCGTGGAAGAGGTTGCCCGCAAGGCCGACTGAAGGCACGTTTAATGGTGGTATAATTAGCCCATGCGGCCGATCGAAAAAACTAACAAGCTCTTCGAATGTCTTGTATAGACATCAACCCGTAATTCGGGCAATTTTAGG,1254,50.08,Escherichia coli
SEQ_153969,TTCCTTGGGGTCATCCTTCTTTATCGGCGAGTGGGGTGCTAGGTGCCAGGCACGCAATCAGTGATCTAGCGGCTCGCGACCAACGGCGTCATGTCTCACACCTGTGCCCTATTGACAAAGCTATGGGGTTGGGGGTTCGAACGTCGACCGATGTAGCAAAAGTGTGTTGAAAGATCGACACGGACCAGGGCAACAACCCGTCTAACTGATGAGTTTGCGTCACTATCTATATATTAACCGTTTCCGTCGAGCTACAACCGGGAACGGCTGCGCTGTTTTTGCTTAGAATGCTTCGGTGAACCAAATGGCAATCCTCGCCAAAGACCAATCGACCAGCCCTATGCCGATAAAATATACTGGCGAGCTTTATGGTATGTCCCGTGGCGAAGTGCAGAGGTAAGCATATACTGGACCCATATACAACCTGTGATTGTATCACGTAGAGAAACCACCAAGGAAAGCATAGTCCGTCCTTGTACACCGGAAACGGCAGGCCGGGCTCTGGTAATCGAGATCTAGTCCTTCCTGTTCTAGGTTATTGCTTGATGCACGCGACGTGCCACTGCACCTTAGTACATGCTGATCGATATGAATAGCCTCGGACGGCCAAATCAATTCTCAGCAATACTGAGGCTTAATAATGTAGAATGGGTCCCCTCTCCTTTGACCTACCAACTTCCCGCCTTAGTTGTATTGGAGTATGTGAGCTGATCATCACAGGTCCTATGTCCCAAGAAACGAGATGCTTACGACTTACTATGCGTGGGGGTTGAGGGCATCTCTTGATTTCCGTAGTTTTTTGATCGAAGGTAAATCTCATGCCCCACGCATCAGGGTGCAAGCATGCACTAGGACCCGCTCGATTGGCGGTTAAAATCGCGCAGGAACTGTTTCATAGTCAGCTCGACCCTGTTTGGCCTTTGCAGCTGCCTGCTTCGGAAGGCCCGAGTTTCTAACCCCGAATGCCATCGTTAAACATTCGGCGGCAACGTGAGGGTCATCCACAGATAGTGCGCCGGGGTTTTCCAACCCCAGATGCGTGGAATAATTCAGTAGCTCAAGGTTTTATTAGGTTTACATTTATAAAACTTTATTACGACAAGCGAACGACACTTCACCAGCATATGTTCAGTAGTCCACATCGCGTACCCACGCATCAACAACGCTAGGAACCGCACGTCGCAGATTAATTGCCGACCTACAGCCCAATCCCCAAGCTGCAATCCTCCTTTTACATTAAGCGTCCACGAGGATTTCGTCCCGCCACGGGCTCAGGAATTCCACCGCGGTCCTGCGGAAGAGCCATTCGGCAGCTCTTCCACAGCCACATACTCTGAGGGCTGGTATGCATTCTCCAGCCCACT,1364,50.73,Escherichia coli
SEQ_376845,GAACAAGATATCCAGAAGATAAGACCCGAGTGGTCTTTCTAGGGACCCGTATTCTAAGTGACGTACACACATTATCTGGGCAGTCTCAGCGCGGCTTCCCGACTGGGCCACTCTAGGATTCACTGATAGGCGCGACTACAGGGAACAATCATGCTTTTGATACAGCGATGAACCGCGCAGCACAACCCATCTCCATTAGCGTCCAGGGGACACTAATGTCTTTTGGTTGTGCAGGACTTTTCAGAGATTAAATCATGCGATAGCCACGTTCGGAAGCTCCATATCTCCAGTTCGAGCAAATGCGGTGGAGAATGAGTTGCAACTGAGCGGGGACAGAGCAGCTATGCTCGATTAATGTGTGAGTACGAGGCATGGAGATCAGTGCCATGAGCGTCTTTCCATATCCTGGACCAGGCGGCAGGCCGAACGATAAATAGGTCGGCTCTCTTTCGCCTACCTAACACACACTTTTAGTTTCAGTTTGACGTACCTTGACTACTAACAGGGTCGTAAGTCGGCAGGCCAGCGAAGACCGATGCGCGTGTACCGTACATGAGTATGGGGACCATTGTGAAATTTCTCTATACCCCCCAAATACATGACACTAGCTCTGTGTCAGCCAGTTATGCAGCCCTGTCGCCCTTGTGAGAATATTGTCTTGCAAAGCTTGAGATGCGTTACTTATTCCACGTATAACTGGCCAGGGTATGAATAAATTTAGGTGCCCACTAGTGGCTATACCAACTGCCTAAAGGACGGAAAACATTTTGCCCAATAAGATTTTAAGTCACCATCGGGACCATGTGTTGCCTATTCGACCCTTGGGCAGTAAGCCACTCTGTATGGGATAGACAAGAATTAGGACCCATTCGACTTCAGGAGTAACCGCAATCCCGTACCACCACACAGCCGCGTAGTCCAGCGTGGTATCCTACCCAACGGTTGCTTGAAGTCGTAAGCAGAGGACGCAGATCGTTATTTTACTTCCGCAGAATGGTGTAAGTCCGCGGTGCTGACCCAGAGACCAGCCTGGTTCAAAGAGACTCTAACCCTCCGT,1057,49.67,Escherichia coli
SEQ_865724,CGCCAATAGGAGAGACATCGACGGCACGGAACTGGCCGCGCGACAACCTAGGTACGTCCTATGTCCGTCATACTCATTAGTCCATGCACAAACGGCCTCAGCGGTAGTGTACAAACTTATGGGAAGTCATGCTAGACGCCGGTTAATATTGTGGTTTACCATGCTGCATCGAGGTATTAATTGATCTGGGAATCTAAGCAAGAGTTACCCAGCAGTGAGTCCTAAACTCCCTTGGTTTCGCTTCTAGCGTAATTCGATGGAGTTATCCCCGGAATTTAATATTTCATGGGATAGTTATTTCTCTACCACCTCGTATTACCCCCATCTGCACGACTAGATGCTCAACGATCACAGGGTGGTATCGCAGGCCCTCTGCTCCGTTCTGACATGTCCGCCATCCTCTTGTGCCACAAGCGACCTAGTATATCCGGCAGGGCCCAACCAAACCTAGAGTCAGGATGGGTTCTATCAAAACGTTCCGCTGCCGCGCTGTTTCCTACAACATTCGTGTATTAATTGTTCCGGTTGTACCGGAGGCCGGACCGTCCGCACCTCTATAAGGTGATTTGTTTTAGCCGAACCTCGCTCTATGCACATATGTACATGACCGACGGGAATCGCTGGGGTCTTGAGGGGGCGCTGGGTTGCGCACGAACTTTGTGGCTTTGCGATCGTTCTTATTCGTGTCGTTGTCGAAGCTTC,702,50.71,Saccharomyces cerevisiae
SEQ_681213,GACCTGACTACAGCCTCAACATATTTATATAATTCTACGCGGATCTAGGTTAAAGGCTCTGAGGCGCCCTGGTCAGACTGACCAGACCAAGATCAAGTTTCGTTCTGGTTCAAAATCTTGGCGCCACAAAATCTGTGAAGGCCGGTGTCTTATCTTATCACCCCGAGGCGCTCAATGCGCGTCCTTCGAACTCGTCAGGGGAAGGAGGATATAAGCCAAACTGACACCACTAGTATTCTCCTTGTCCTGTACTTCCGCGGCCG,263,50.19,Saccharomyces cerevisiae
SEQ_210609,TAGATAATCTAAGTGGGCAGTCCGTGGCAGACTCGAGTTGCTGGTACATTAAATTAGGCACGTCAGCCCCATTACATACATATTGACAGGTTGTGCCGCGCTTAGGTTGCCTCAGGTTGATTGTTGATTCTAGCGTCATAGGTAACGCGGGGAGTAGACCAGTTAGTGTCGCTTAAGCGGCATCCTTAGTCCCCCACGCGTGGCTCTCATTCCCAAGGCAATCCGCGAGGATGAAAATGGCTCGGCACCTCAGGCTGCTTAGATCGGCATAGGACATTTAACGAGAATGCAGGGTATTAGTAAATGCGCGTCGAACTTTAAAAGCCCTCACAAACTATAAGCTGTTTAGACTTATCCACCTTTAGGGGTAGGCGCACTGAATGTATGCTGCCCAAGTCGCGCCACGTAAGGAGATGATATCAGACTGCGACCCGCTCATGCCACCCTCTACCAAAAATACCTACCTAATGTTAGGACAG,479,49.48,Homo sapiens
SEQ_156512,TTTCACAGCCACTGAAGACGCAAAGGACCAACCGCTCGGTAATGGCGCGCAAACCAATCTGTTGTGTGGTGCAATAGTCGTAAACGGGTGCTTGAACTATGGCCATTACTCTCCCCCGCCTCCTGCACACTAACCCGTGAGGGCGCTCGATGCCTATAGTGTCGAGTAAAGGATTCGGGACGATAAGTATAGTCGACGGCGGCTGAAGGAGGATCGGCGCCAAGTGCAGTCGTAAAGACTGGGAGCATAACGCTTTACAGGCATATATAGTAGTTTGCTGGCAGGGTCGGGGAGTCCCTTTTTCTTACTACCCTGTATACCCATCTGAGGTCAAGCTTAGCAAACTGAAGCGGTAAGACGAGTGGGGGTGAGGCTTTTGTCAACCTGTGTTGCGCCTTCAGCTCTCGTCCTTGACCTCTGCGCAAGGCATAAAGTAAATTGAGTAACGTCGTAACTTTATGACACGGAAATTAAGTGGATAAAGTATAAGGTGGGGACGCGGTATGAGCACCACGGGATAATACCGTGTCATTGCACCCCTGTGTCTCTATCTATATGTGGATGCGGGCCCGACTCAAGTCATCTAGAATCTTGTAGAGAAGTAGCTGATCCAGAGCCTTGATAAAAGATCAAGGTTAGTTCAGAGAAGTCGCTTATCTAAGAAGTGTACGGGGACATCGATAATCTCATTGAGGCTTCGCCGATCTATGCTTCCCTGATCACTTAACACCAGACTCATGGCCGTTTAACCGGTTCTCCGCGGAGTAGAATAACTTTAACTATACCGTTAGCGCATCGGTTTTATTGTTGTCGATCGCGTCCCTACAAACCTCCATCTTTTAATGGGTAAAGGGGATATGAGTATCATGCGTCTAATGCGATCACTGGGCACGTACTAGAGTGGCTACACGACCCAAT,918,48.8,Mus musculus
SEQ_937156,CGTCGCAAGTCCTTCTATCTCGTTGGCAGGCATCGTGCCTCCTAGCCATTCGGCTTTAGTGCTCTCAATTACCGGGTCGTCGTTAGCGGCAGGCATGACGGTTCGCGGTCTGGGATTGACTCAATTGTCGGGCGATGCTCATAACTGCTGCCTCATCTCGGTTCCGCCGGTGCTGAACATTAAAGTAATGCAAAGAATCTCTAATATGATGTTTTGATTCAATTTCGCCAGACGAGATAGCCGGGGTATTAAAGCAACTGGATGGATCGTCAAACCTGTAGGGCGGTAAATCTTTGGGGCTAGTTACCGGTGACTCCCTGACCACTCATCCGGGGATCGCAGTATGAACGCTTAGATGAAGACTTGTCGCCTCGAACGAAAAAGTGGACGATGTCTTTAATACTCCGTATATCCCTAGAAACAGCATCAAAGAAAGCGTCGGAGGCACAAACTGCGTTACCGCGAGCTCAATTGACGAGGAGCTATACAATGCATACATAGCGACCAGACTGCTTACGCCTCCTGCGAGATTCGTTTACCCACTCTGCGAAGTTCGCGAAGTTCCGATAAAATCGGTTCGAGTCTCGTCGAAGGCACCCCTCTTTGGTGTAGCGAGTCTCACATGCTCCGGGTCGCCCGCTACGGCATCAGTCTGGCATCACCCCCGCAGGTACAACTAGATGTTCGGTTAGTCGCGCACCACGCGTAGAGGTGCCTGGACGAACTCATAGGAACGACGAGCGGCAAGTTAGCGAAGAGTAGGGAACTCAGCTTCCTCTTAGAGTCGCATCCCAGTGACTCGACGCTCCGATTACGCCAAATGGATCATGGATTATGCAGGGAAGGCCTATGACTTTTAGTCACCGGACTTGTCTAAGTGCCAAATCGAACTCGCGTATACCTTTACGTCAGTACGTAGCGTGTCGATGAAAACCCGGGTTGCAGTATTGTGGCTTCCTAATATATATCTTCGAGGGCTTTAACATTTCTGCCTATACGGTAGTATACTGACGCTGCGTCTCCCCTTTTCAGGAACTGATTAGGAATCGCTTCAGGTGTGAACGCTCTGATGAAATATTAGGCTACCCGCCGGCACTCCCTAAGATTAAGAGAAGCCTGAACACGACTAGCTGCGACGTCTGTCTCGTCCATTATGG,1157,50.82,Arabidopsis thaliana
SEQ_247291,GAAAAGAGCAAAAAGACGTAGGACGTTTAGTTCACCAAGTAAACCACGTGGTCGAGTTCGGCGAACTGATAAGTGAGCAATAGGATCCTTCTAAATCTAGGGAAACGGCGTGGTGAAAACGCGGGTGTCATCGCCTTCTTCGGAATATAATAATAATGCGCACAGAGTAGTACTGTAACGTCTAGTTCACGTTACACCCTGGAGCTTAGACGTACGGATACTGTGAACAAGTTGTAAGTAGTCTGTCTAACTCACCCAATTATTTTTAGAAGTCGAAAATTTGCGGAGCCGGCACAGGTAAAGAGTTAAACAACGGGGCCTTCGGCCCTCGTCAAGGTTGAGTTCCCGAAAAGCGAACCGCCTAACAAACCCGGCGACCGGGGATTTTCTACACCGGTAAAGCCAATGCATATGAATGACTGAACCGGACCAAAACCAGAACTCCTAACGCTTTATCCCACTGTAGGAGGCATGGGACCAATTACAATCTCTAGGCTCTCCCTAGTTTTCTTTATTTAATTGCGTGATTGATATTAAACTGCAGCCGCAGGCGGGAAGGCTTCGATGGAGCCATATCAGGGAGCAATCCTGCCGATGTCTATCAGAGTGGGTATTGTTTTCCTAGGGCTAGTGATAGCGCCCTCCCTTGTCTCAAGCGGTAACAAGCATCGACCCGAGAGCCCCGAAACCTAAAATATGAACTACGTAACACATTTGAGCGGCGGAGCTGTAACAAGAGCGCAGCTTTCACCTTTTGAATGGCTCGAGGAGCCCTCAACGAGACGTCACCAACAAAATGGCGTTCCGAATAGGACATACCCCAACCGGAAAAGGCCGGGGGATCAGCTTAATGGCCTTGTGTCATGAGTGAGGTCCTCACTCCACTGTGATGCTAGTGACTAGGATTCCGATTCCCTGTTATTATGAGTTACTGCACTTTAGATAGGTAGGGAGTATCCAACCTAACACGTACATCGTGGCCGCCGGCCTTTAAATCAGGTGTGTAACTAGGTGTCTTTTTGCGGGCTGAGCAGACTACAACAATACAATCATTGTGCT,1059,47.97,Escherichia coli
SEQ_420019,CTCGTTACCGACTGTCACCGGTCTTACAATGGTAGATCCGTTGTCTGGCCATCGGGAACCCGGACTCACCTTGCTGACGAGTCACACTAAGGTTTACGAGGGTCTAACGGGCTCGTCATTCTGTATAATTACAAGTGCGTACTATTTCGCTCTAAACGGCGATTACTAAAAATGGTAGCCAGCAGTGCCAAACCCGCACCACGTCAATCCAGCAGGGGATTATCCTCAGCTTGTAGTCGTCTCCATTTAGACAGCATGGATAAGGGTCAATTGACATACCGCCGGCGCGGGTATCTGGCACTCCATATTCTACTGTCCCGCGCTCTGAGCGATGTGCGCACATAATATTTCATTGTGTAATTGAGGACAGTTTAAACGTGCTCGCTAAGATGCCGTTACCTCTATGGTGATTTAATTCTATGGTCAGTGGGGACTCACAGGCAGCACTGCTGAATTTCGACATTGGCCACAGAAATACATGCGACCATGCCATGGGGTTATCCCGAAGCCACGCGAGCAGATCGTCCGTCCTTGGGGGCTATCGATCATCCCACGATTTAGATGTAAAGGTGGGCCCATGTGCTTATAAGCACCCTACTCTTGTACAACCTTTTTTAAGCGTAGCCGTCGCAATTGATCGGCGAAGGAGGGGAAGCTGCGAAGACTTAAACTCATACTCATTTAGTACGAGCCGGGATGCCTTACTGACCCGTAATCTCCACAATTCAGGGGTGTCTTCTGTGGTCGAAATAGGACCTGCCAATAGAGTGGTCCCTCGCGGACTAC,786,50.13,Saccharomyces cerevisiae
SEQ_406189,AATGCGGTCTGACTCAACAGTAGACTGCTCGGAGTACAGTCCCTCTTTAAGTTGTTTAGTCGCCACGGTCAGATAATATAGTAATTGTATGGTGCGGAAAGGCGGGTGACGCATTTAGGAAGTCATACAGACCGGCGCCATGACTTCGGGTAGATCTTCGCGGAATCAGCCATAAGCGCCGAGCCGGGGTCCCAAAACGACCTAGAACTGAACAACTCTATTGTCCGTAACCCTCTGAATGCGAAGCGAGGGTATACCTCGTGGGCTGCGGCGCCCAGTGTGGATTCGAGCTGCCTCATTACATCGCAGGTAACCACATCAAGGCTTAGGAATCTTACTACATCCACAAGTATGGTATAAGTTTTAAGGTAGTTGCGGCATCGCCCGTAGGATTGGTTTGGAAGGCCCTCCTGGTGATCATAACCTGCCGTACACCAGCGAGTTGAGTACGCATAGTTTGGCTAGGTACGTTAGGCGCTAATGCGGTGGGCCGGGGCGCTTTAAGGGAATATTGAGGGGTGGGCCGTTATCTCTCTGATCTCATCGTATCTTTTCCAGTCTTATCTGTGAATGCCGAACGCAGGATGTTTTCGGCTTAGCCATTCCAAGATAGCCACTAGTGACGTTTCGCACAATTGTCAGCATCACTTGAAAATGCAGTTGCCCTGTTTAGCTCCGTGCCAAGTCTACGAAACCATTCTAAACGACGACTTCGTACCATTAGTGGCGACACCGACAGCGTCATGACTGTGCGTCGGATAATCTGCGAGAAAGGAATAGAATGTTTTGACATCCTTCCCAATTGACCGAACACCATCATCTTCACGCGACCCCTTTGAGGAGTACACGCTGGCCAGCGGCTATCACGCAATTCGGTCTAGGGTCGTGCCTGGGCACATGGAAGACGACCGTTCCGGGGAGTCCTCTTGCTCACCCGGCAGACCAGTGCTCAACATTGGAGTCCGACTATTGGTCCAATCCGGAAATTGAGATCTTACGGGTACTACGCCTTGATCAGGGCCTGGGATTACAATTGACGATAAGTTTCGCCGAATTGGTAGGCCATCCTCTGCTTTATAAGTTGGTGGTCACCTGAAACTCCAACGCAATAATGCAGATATGATGCCCGAGACTCTCCCCGTGCTTGTAATAGTCTTGTGAAGTGGCCCGAATATGGGTTCGCAGAACAGTGATGCTCTAACTCAGCACCACGATTATGGTTATCGGGCGTCTTCCGACGGCAATCCTGCTGCTAGCCGAGACACTAGTTTGATATATATTGGTCCTCGCGTACCACAGATCTAATTAATATGTGGTATTGTTTAAAAGACTTGAAATCTCGACAACTTCCAGTGACAACATTCACAGCAGTTTGCTTCTCGAATGAAACGCTGACCCCGAGCCTCATTCGTTGTTAAGCAACGAATAACCTAGCGCTACGCTGGGGCGTCCGCTAAGCCTTGAATCCCTTGTGTTGATAGACGCCGTCTAGGACCAAATAGGGTATATATGTTGCAGGTGATAGTGTTAAGGATGTCCCCAGTAGGTGTTTGAATTCGAATTAACGCATATACCAGTGGACTCTACTAGGCTCGTTCTCCACAGCCCCTCTCAAGCTGGCTGCGCGGTGTAATCGCGATAACTGATAGCTATGTGAGGCACATGCGATAGAACTTACACGTCATGAGGGAGAGCACTGAGGACACCTGTGGACGTATCTACATCCTAGCGACGAGCCCCGTCCGGCATTATGTGCAGTCCAGTAGTTATAACTTCTGTTGTATGTCCAAAACAATTAAAATAAACCGCCGCATGGAGTCAGCCGTGACCGG,1832,49.78,Drosophila melanogaster
SEQ_271805,CAGTCACTCTCCTGGCATGAGGGGTCACTTGTCAGCTAGTGGGTGAGCAGCGCTGAAGTTCTGATCCAAAACTCTCAGGATAATTTGTTCAGGCCAGACCAGCCATTGTTAAAGGTACTCATGCCTTTTCCACATGTCTCTCTAGTCAAGTCTAGGAGTTGACGGCTCAGACTAGGATATTGGAGGTTATACATATTACAAAACAGCGCGGTTCCGTGAGGGGGACCAGTTAGTCATTCACCCTTTGTTAGAGCGTCAGAGTGCCGCAAATAACCGTTAACTTTTAGGTACGCGGGTGATTCCTTTGTAAATCCTCTAGTCGTGCGGTGGGCTCTAGGCTAGCTACTTAAGAAGGCCGTCATCTTGTGGGCAACCGGACGGTAACTCACACCATTCTGGACGGACTCCTGCATACAACATAGGTAGGCACGACTGTTGGTTACGACAGGAAACTCGCGGTAAGAGGTCGTTTAGCTTGTTGACAACTCATATCGAGTATTCCCGAGAACAGCCGATGTATGCAGTATGCGCGGTTTTGCACATTTTCGACATAGACTTGTCATACCCAAACACAACTTACCATCAATTGCCCCGCATACATGAAGGAGCTAGCGTTCGCCCCCGGGGTTAAGTATATTTATCATTCTTGCCATGATGACCAATTAGAAGGAAATCTATATGTGAGCACCTAACTTAAACAAATGCACATCCAAAGGTTTCACATTCCCATACCTGTTCATTG,742,46.9,Homo sapiens
SEQ_776224,CTCCCTGAGGTTTAAAGTCTAACCTTTCTGTTCCTTGTATAGCGAGGAAAAGTTGCGGATCAACACTTGATCGGACGCCTCCCGGGCGGTAGAGTAACCATCTGTAACTTAGGACCGAATAATCCGTTTCTTGTAGAGCATTGCTTGACTCGCTTTACCGCTCATCCCCAATCGCTTCGGTGGGCTTTCATCCGCTGTGCGCAGTAGGGCTCGACCATGCTTCAGGCCTCTATGGGCGGTAGACGAGACCAAGAGACTAACGGAAGTGGAGTATGACCCTAAGTTGCGTCGCGACTACGTATGACTAGTAGGTTGTTTACCCCCTGCGAGATGCCGTAACTCCTCAGCGTACACATGGATGCACGGCCATTAAGTAATCACGGTCCCCCGACGAAGATGAGAATTCGACGAATGGTATACGTGTGCAATGCCCATTTGTATATGGCCTAGTGAAATCCATTAAGCCCGGGCTCTCTAGGCCTCTTAAACTCCCAGTTGGCTACGCCCTGTGAAGACGGGTGTCTAGGCATCAAGTAGGTAGTGGTGGTGAATAAGACTTCAGATCGAA,568,50.88,Escherichia coli
SEQ_761962,GAGTACTTAACATTTTGCCTATCTATAGTTGGCTCCAGGGGATCATCCAGTAACAATGCTGTGAATCACACTCTCTACCCCGACAAAATGGGAATCCGAAAAGCTACATTATCTGTCTGCTAGACGGTCGCTAGCGCCACTGTATAACTACTACGGTAATGTCGGAATCAATCGGTGGACAGAATAACGTACGGTGCCGTCGACGGTTTTCAGTGAGGACACAACCAAATGATAGCCCCC,240,47.08,Escherichia coli
SEQ_934964,CGTAGGCGGTAGAGCGAAAGCATTCACGAGGTGGCAACCGAGAGTATATACGGTCCTTTCTAATAAGTCACGACGTGAGGACTCGACTAGAAACGGTCTTATGAGAGGGACAACACCGAGGAGAAATCACCCTGCCCTCGAATATATTCGATGGTGGTTCTTTGTTCCTCACAGACTGCATCGCGCACTCCACCGTATGATGTTACGCGTTTCGAGCATGAAATACATTGCACAACACCCGGCAATCTCACACAGGACCGAACCGATACGCAAAGACGGGGTCCAGTCGGACGCACGTATGGTAACGACTCACTTTAAGAAGTCAACAAGGCCCGACCCTCGCGCAACCGTAGTGGTTCCTACCTGTGAAGACTTAATCCGCAAGAGCTACTGCATAGGGTGGGGGCTTGACCCCAATATGCGGCGCCCGGGGG,434,53.23,Caenorhabditis elegans
SEQ_876935,AACCTTCCCCGAGCGCGACCGATGGGGCCATGGATCCGTGAGCAGGGTGGATTTTGTCCATAAACAACCGGAACCGGACCGGGGCGCCGACCGGAGATCACCCTCTTACCGAGAGGCTAACGCGACTTCACC,132,62.12,Drosophila melanogaster
SEQ_829592,CTTTAGCCCCGAGGGTTTCAACTAGTGGCTCCTATACTGTGCGAACTTTGCGCCCATCGCTCTCGGCAAACGGCGACAGCAGTACAACAATGCAATTAACAAGGCGTCACAAATACGCAAGTTTCAGATCCACGGCATAGAAGGCAAGTGTTACCCCCCCTTCGTCCCCTCCGTGTCCCTAGGGGCGGGACCTTGATTTCTAGTGTGACGCGTTTTAAATTCTCATTCCCTTCAGTTATACCCTTTATGTAGTGCATCGGTCGCTTTTTGAGACACTATCAACGTCGGATGCTGCACTACTTACTAGACTTTGCTAAGGTTCTCAGACAAGTACTCAACGGGTATATACTGGCGTCATTCAGTTGGCGACATCAGGTCAAGTGGCGAGAGCTTTGTGCTCGATCTTTCAGCCGCGTGGTGCCATTAGCCTATGAAGTTTAAGGATGAGGCCTGTCGGTATTATAATTGATTGTGGGGTGGATGGATGGGCGGTCCGCAACGTCGAATCATACCTTATTGGTGGATCCCAGTGCGTTTGTGATACTTCTTTGTTCCGATGTGGCGTTTTGCGCGCCATGTGATACTGGACATGCGTTGCCCTTAGTTAATCGTCCTTTAGTAGAGACGGGTTCTCAGACTGACCTCCGCCGCAATCAAAAGAATGTTAATGATTACCCAGGAGCACAACTATGCTCGTGTACACTATGCCTTACAAGGTGATGTAAGAAGGTGTCCATTTATGCCAGGTTTCACATGTTGAACGCCTTGTCGCCCCGACAGGCACCTTGCGGCTACACACATTCGCTCTCGCCCAAATTAGTGGAAAACGATACATATGATAATTGTTACGAGCGCTTGGGTTCATATGAAATAAGCATCCTCGGCGTTCCCCAAGGAATAGATATGCGCATTATGCGCGATGACTCAAAATTCCATGCCAGGAACATATTACCATAAGGCAGTGTACCATACCGACGAATTTCCGGGCAATTGACAGCTTTGTCTGTCCGTTATGATTCCGTGGGTCTTATGTTATACTGCTATGAGCATGGCAGATTCTTCGATATTTCGCGTGGAAGATCTTCCTCGGGCAGTCGTTATTTCAGCATCTCTGCGGGTACAGTCAGCTAGAGCTTACAACCATACTGGTCCCTCGAGGTGGACTTATGACATGCCTGGGCCAGCCATCAGGCGCGGGCTTTCCACAAGCTAAATCTATTTCTATTTCACGAATCCCGACAAGACAGCCCGTGGCTTCATCCGGCCGATCCCGCCAAGGTTTTCGGCCTTGTTTCGTCTCTCCTGTCTAGGGCGGTGCGACCTACG,1326,49.25,Caenorhabditis elegans
SEQ_988646,GAGAGTTGAATTTACATCACATATAGTCTCCGGACTCGAGATTTATATGGCTTTGCGCGATGCCTCTGGTTGTTAGGAGTGGACACGGACGTATTAAACGAATCTCAGCCCAAAGTTCATCCCGCCCCAAGCAAGAGTTGGATATTACAGCCTGACCGGCATACCCGAATTGATCGAAGTAGCCCTGAGCCGAAGCTGTCTATTCTGGAGGCTTCGCCGCACCTTGAAAACTGACGTGTAATGACAGTCGCCGTGTACCATTTTGGAGGTTACGATGTCAGAACCTTAACTCCGCGCATCTAACATAGAATGCATCAGCAGCAACTCAAAGTTATATGGAGTCTTGGGGGGTACTAGCAGATAACGAGGCAGAATTTGGCCTGGTTAATTGGGTGGTCAGGGCTGGAGCACCAGACGCGTTGCGGACGTCGTTTCGATTAGC,442,49.55,Caenorhabditis elegans
SEQ_405488,CTTTAGATTTACTCGCGCCGCTCGCAATCAGTTTCTATATCGCAGCCGACGCGACGGGTATCTTCAATCTGCACAGGGAGTACAACTTAGGCTCAAAATTACGGCCGATCGGGGTGAAGTGCCGTGTTTGCGTTCCGCACCGTGCCCTCGAAGAGACCCTGCCCTTACTTACGATAACCCGGTGCGGCGCTGTCCCTGCGGCAAAGTATTCGAACGTGCAGGCGTAGGAGTTCCAATATCACCCCGCGCCGTAAG,255,56.08,Mus musculus
SEQ_514919,GGACGATTCTAACGATACCCCTCCTCGGCTTATGATGCGACGGATTACGTCTGCCGGACGTGGGACAGTTAATGAGTTCGTTGCCGGTATGTAGACCGCTATTAATAATCCGTTCGTATAAATATGGCTTACTGTCCTCTGGGACCCAAATCTCACCCATGTAGGGTAGGAAGACCCCAAGAAGGCCTTTACATCTGCCCGCCAATAGGCATGGGGAGTCTAATCCGAGATAGGGCTAACCTATATCTCAGGCCCATAAGCGGTGTCTTCATGTATGGTTATGTACTAACCAGCTCTAATTTAATGCCTATGGTCACAACAATGCTATCCGCTGTATTCCTTCGAAACTCATCGGTCCCTCTTGGCGAACCGACCGTTTGGTACTAAACTTGACTCAGCTACCTATCTGATTCGTCAACAATTAGTGTCGAGATACTTTAGGGGCGCTTGTAGGCGTGAGATCGCCAAGAAATGTCCAGAGTCGCTAAACTCATTAGTAAGGACCCAAGACCCTTCATTAGCTAATAGGACCCAACCTTACGTTTTGTACTTTTCTAGTTATTGCTGTCACCCTACGGCTGACTAGATATCCGGTTGGTGCTAACTAAATTCTCCTATGCCGACCCAAAAACCTCGGCTTTGAGTAACGGAGTACACCTTGCGGCCAATGCTACCTCTGCGGGTGTCCTACTAGTCGACTTAGCTCGGTATTCCCAACGAGGGATCTGCGGGTGGGACAACCTTGACGAAGATACCCGCAGGGCACGTAAAGGTGTGTTATACTTTCATCTTTGAACCCTCAAACTCACCGTAGTTAGCGGCGCGCGCAACGGAACATAGTAGGTAGACGTCTCACTCGGGGGGTGGTTGGCCCGCTCTTACACACTGCTTACGATTCACGTGTGCCAATAAATTAGGCTATTCACTAGGCCCGATCGCACCATACCCTACTCTTCGAAGGTCCCTACGGTCGCCGACTTCCTGCCAGGTCGCTACTAGGCCGACTACGCTGGATAGTACAGTACTTAATAAACAACCCACACATGAGTTACGCCACAAAGGTCTAAACGTACGGTAGAGGCCTTGTGCGTCGGCTGAACCCATTGACGACGTAACTCCAAAGCTGGAGTTTTAGTCGGTGGCTATCATCAAGCTATGTTCCAGGGATTTTCGGACCCAACCTGATTTGTTCAGACAAGTAAGGACCCAGGACGATTCCTCCAAAGTATCCCGCGCGTTCCGCGCTTGGTGTCTCGGTCCGGTTGGGAATCACAATTTGCCACATGTCGGAAAGAAACGTACACCGGTCTTTACAGTTGAAGGATTTGATTCTGCTAATTGTTTAGTAGATCATACCCAATACTTGTAGTAGTAGAAGGGCTCTGGTTTTCGAGTTACCAGCGTACAGTCTCTCAGATATGCAAACAGATCTATGCGTTAAATTTCCAACTTGGAGCGCGCAAACGTGATTAAAACAAAGCCCAGCCGGTAGATAAAGGGGAGCAGGTGGTGCCTGGAGACAACCAGATTACGTCCGAACATGTCAGGCCGTCCGAACAACAGATGCATCTAGAGAGATCGGCGGTGCTTCATTACTAAGTGAAGAACTCAGATTGCAACACATTGCCCAGTTCCTGGGTCATTCTCGCATGAGACCAGGGTAAAGCTCATGGTAGGTGATTATTAGTACCTTTCTACGTCGTACGTTGGACCACAAC,1718,48.84,Saccharomyces cerevisiae
SEQ_741173,TTAGCAGAGTGCTGACATTTTAGGTTCGCCTTGGAGCTGCCTTGCTGACCGCCATCCATTATATACCGAGGGCTCTTCTGCGCGAAATCTATAGCGCGTGAAGCGATTTAACAGTGTTGCATGACTTAGCGGGAGCGCCGATGCCGGAAACAACAGGTACCGAGCTTCTTGTAACATTGCTTGACTGCTTGTAACAAGTGATCCTGTATACCGCAAAGCTCTCTGGGACTGTGAGGGCCACGCCCATTACGAGTTACGGGGGCTCGCGATAAGCAGTTATACAAATCAGCTCGTGTGAACCAATGGGGGGTAGCACTACTAAACCAACGAACCACCTCAGAGTGCAATGGGTGCCCCTGCAAACGTGAAGCAAACCTGAAATTTGTGCGCCCGCCAGCGCTTCTGAGTCCTTGAGATCACTCACTCCAGAAGTTGCAGCACAGCTTGCAATCCATCCGTTAGAGCGTCGGAGATTTGCAGTATTTTTTGGGAAGTGAGGGGCGCTCAGTCCTCCTTTGTCTGCACCTGGCCACATAAGAGATGTGGAAATCCAATCGCCTGTTCGGGGTATGCACCCGGGAGGGTCATAGAACGGCGACACCGATGACGCGGAATATCCCGTGTAGCGACCGTGTCACTTGTCACATCTTGTTTCACCAGCGACTCTGTCGTTTGGTGCCTGGGGCTGTAATGAGCTCTAGTGCGTCCCACCACGTGTAATGTTCCCGCCATCGTTCTGCGGGAACGCCTACTCATTAAACGTTGGTTAGAAGAAAAGACATAGAGTAAACGATGCTGCCTAATAACAGAGGGATGTGGATACCTACGGGAGGAGAAACGGCCGAGGTGTCTGATTCGGCACCCTTGTCCAGCTAGTCCGAGACCTGTCTCGAGAAGACTTTGTGAATAGCACTTTCGAACCGAATTAAAAAATCGGACCAAGCCAAGATACGGTGGCGCATAGTTTGAGGCGACCCGTCTAAGAGAGTCCAAGCCAATGGGTTCCATTCCTATATACAACACATCTAAGGGTAATGGTCAAGCTTCATGTAGTATTTATGTGTACCATTTGGCCACATGAAGTTACATGGGCGTTGAAAGGTGCTAACCTTGATGCAGTATAAGCGCACTTACTTCGACATGGTGATCATAATGTCGCCGACATTTAGAGATGAATCAATTGCAGTGACTCGAGCGATCACACCTACTGTGAGCATATCATAGATGCGCCTTACAGCCAAGGAACTGGAGGAATACACTTTTAGTGTCCACTGATAGTGGTCATACATTTATGTGCAATTGCTTGACCTGGCGCGGGAACTGCAATCACCCCATCAGGAATGTTTACTAGAGACGAAAACACACTCCGAACGAGACGCCCATCGCTTTAGAGCGTTAGAGCGCGGACGTTCTTGATGCATACGTAGCATGTGCCTGGAGTCTGCCAACCGGGTTGTATGTAGGAAATAGTTGATCGAGCCTTAATAATCTTTCTTCATACAATTGCAGCGAACTCGACATAGCTATGTCCGGGATCATGTTACCCTTCCGATGTTTCTCAAGGAGCATCGAACACCTCACAAAACGTGCAGCTGATTGGAACGCAGAGCAATGTATCTATGAAACGTATGCTTCTACACCCTCAACGTGCAAAGGAGTGTATCGATGGTGCAACGCGTTGTATCTTACTCGATTATCTTACATCAGGTTGTCTGGCATTAAAGCGCCCTCGAGAGATTTCGACGTTCGATCTAATTAACTTGGGGCAAGTGCCCGTGGACATTACTTTATTCTAAAAGCAATTGCCTTAATGCGCCTGGATGAGTTGCCCATCCTCGGTTACGCCCCGCGATATCACATGTACTAGTGCGCTACACGTGATTTTCGCGTCGAAGTTAGGTGGCTGAAACAGAAGTGTGGAAACATCAAGC,1931,48.99,Drosophila melanogaster
SEQ_337599,CGGTCCGAGCTGCACCATTAACCCCCCTCAAATGTGCGGAACCCCCAACGTTAAACTGGCCATACTCAAGCGATGGTTAAAGCGGTCCCGTAGAGGAGAACTCGATAATTCGTGGAAGCATCCCGGCAACCGCATGTGGACAGTATCATGCAGACGTTAGGGTACTAAGTTACTAGTGGTGATAGGTAATACGCGTTCAGTAGGATCGGACGTTCCAAACGCTCGCTGTTTGCAACATCGTTATGGAACCTCGGCGTAGCAGCCCTTAAATTTACCTTTTCTGTACACTGTGACTGTTTTAAGTCAAATATCTTAGTCGTGGCTCATAGAGTGCATAGACCATGCGATAGTCCGCAGGCGAAAATGTTAGATTCGGCCTGTGGTTGACCTGCCACTTAGACATTGTGGCGCGGTGGTACGGCATATGATGTACGGGTAAGAACGTAGGTTTCGTGTATGGCAACGTTGTCTGCTAGGTTCCCCTGGCGAGTTGTGCCTCAATGGCTTAGCAGCACCGGCCAAGCGCCGTTAGCCTAGGTATAATACTCGACTTCCTGCCATCACGCCAGTGGGTTGTTGTGGTGGTCTAGGGCTATCTGTAGGCAATATTTTAAAAATAGTCCAACGGGTAATACATGGAGGTTGATCCTTACTCTAAGCCTGTTATGGAAATTGGCCCATACGAGTGTAAAGATTGATGATGACACTTGGGGCAGAAACCGCCCTGCGAGTCAAGAAAGGATCAGGGAAGGCCGCGCACGTAGGTTCCGCATACATGGCTCTAGGGGGCCTAGTTCCACTAACAGTCCGCTGTCGGTCTGTCATAGAGTGGCATTACTTGAAATGCCCGGCACGTTAATACTAGGTTTATGGGGTGTTGAGAAAGGCCTTCTCATGTATGCTGCAGCGACAATGTCTACACATACTTCTTAGAAGGGTGATCCAAGGAGCCAGATCGCCTGGGCAATGGCATCTATTGCGGATGTTGGCCGCACCGGGTAGGGTAGCTCAGCCTCGGGCCTTACTATGCCCCTCTATCAATCTTCGCACTCCCATACGCGCGAGTTGTCTCGTGTCCTTAACCTCATAGTCGAACTAGCCTTCTGAGGTCCCTCTTAGCTGTGTGCATCGCGCCCCCGGACTTGTGGACGGATCTTGCTACAACAAACGGGTCCATCCATCAGGATCATTGAGTTTCAACCGTCTCCGAACGAACTAAACAAACATGGAATAACTTCCTCGTAAATATTATCGGATAATATCCTGACCTTATCATTCAGCAAGTCTAATGGGCGTTCAAATACGGTTCGGTCCTCCTTAGAAGGAAACGGACGACACGTACCGAAACCGGATCCAGAATCTCAGGGCTGAACCCCCTAGCCACTACAGTCCTCATCGGAGGTGTAATCTACTAGACTTGCTGAGCGCATCTTCCGAGGTATTTTTGAGGTGCCTCCTCGGCGCGTTGGTACCGAGCTATTCTTTGGTACAGCCCCCTGTATTTCTTAAACCTCTTTCGTGCTGAACATCTGACTACGTGATCGGGTATGTGGGGCGAGTCGGCTCCCGGCCCGCAAAATCGTTGTCGGGTTCACAGGGAAACACATTCGGTTGTATAGGCGCACGTCGACTACACGCCTCACCAATGCAGTCTTTCGTGCATCAGCTACGACCCTTTAACAGAAAATCTGTGCGGTGTGTCAACTTACAAATTCGAGCTCATTGAAACCATCCATTGCCAGCATTACACCTTATAGCTTCCGGCTGTGATACATTCGGCCTCTCGGGTAGTAGCGTTATCCCCTGGGAGAGGAGGGCGTGCCTACGAATATTTTTGCATTGATCAGCCTGTTTCTCTGATCAGATCAATCATGAGCTAACGCGCACGCTGCAGGGTCTAATGCTCTCGAATTGCGTGTAGCATTCTTCT,1930,50.31,Caenorhabditis elegans
SEQ_564625,AAGGGAAAATAACATGTCATAGCGGATAAATTAAGATACGGATGTTTGTTGTCGACCAAGACTCTCGAATCACTGTTTATCTATGATGCGCAGTGTGTAAATGTTCAATTACTAAAGCTCGAGTTCTGAGCAATAGGGGGGACATCCCGTGCTCTACTTTCGCGTCGCGTCCAATATCTCCGTTTATCCAATCGAGGGCGTGCGCCTTCTACATTCCACGCCTTTTTTCTTCCTCTTCAAAGACATCACACGCGACCTTTTGCATCCCTGTATGGGTCTTAACCCCTCAGTCCACATGCGGGTGGACTGAGCGGTTCAAAGCCTCGGCCAGAGCGAACGTCGTTCAACACCAGCTGGACATGCTGGCGAGAGCAGTTTCCGCATACCGTGCGGCCACTGGGACGCGAGTGTCGTCTAGTCGCAATTGCCCCCACTACATGGTCCGCTGGAGGGCAGCTGCCTCGATTGTCTCATTCTTTAAACGGGGAAAAGTGTGTCGGACTACGCTTGGAATAAGCAGGGGGTCTTCAGGGGCAACCTGGTCTTTACCCATGCATGAATAGGTTGGCTCAGCCTGCGAACTAGTGGAGCTCCGTGCCTTTGAGCACCCCCCAGATTACCACGAACCTGAGACGGCCACCGCGACTTAAACGGATCGTCCCGGCCTGGTTAAACGTTGCCCACAGGTCTCTCTAGAGCAACCCGGTAAACTGCGGTATCCATGCTAAGCGCGGCATATCACTACCCAGGAGAGTGTGCAACTTATCCGATCCACCTTATGCGTCGGACTAGAACTCAGGATGGATCTCAATATCCTGCACAAACATTCTATGATTAAGTGCATTAATTGGCATGCGTCACTCCGCAGATTAGTCGCGCCCGTCCCAGTCCTACCAAAACTACTATTCGGTTTAAGC,917,51.69,Caenorhabditis elegans
SEQ_259604,TCGCTAGTAGTTAGGGGCCTGGAAGATTAGACGACCTAATCACGGCCCACCATGTAGGGATTCGCATATTCCAGACCTCCCAGCATATGGAGCGCCATTGAATAGGCCATTGCTGAACTTATGGAAGAGAACACTTTTATCTCTGCCCGGGTGAGATTGGCGGTTTGGGAGGCCCACCGCCCGTCACCACGCCTAGATACTGTGATGGTGGTAAACAAATCTGACCCAGGCCAACTTAGGCCATATTCACATAGACACCTCCATACCAGGCGGTGGCGGTCAACTGAAACGGCAATGGGGGCTTAAGAAGCTACCGGGTTGGTACCTGGGCATCTGGCCATCCATGAGTCTTGGTGACTTCCATTAGAGATAAGCAGCGACTGCGCGTATTTCGCCATCAGTCCTGGTCCTCCGCACCGCATAGTTCAGGGCCATAACCTTCATGGGTCCATTAGGTACAACGGTATCAGCCGTGGGGAAACCAACATTGATTCATGTCGATAACGCTTGGTGCATCTATATCGACGAGACTTAATGATAGTCCCGGAAAATGCCAATGAATAAACCTCGGAAAATCACGTTCTCGATCAGATTTTCGGGTTTCCGTCGGCATCCTGCAAGCATCGAGTGTAACGACTCCTTTTGCCGACCTGCCTGTTCTACGATAGTAGGATTAGCTATGCACACCTCTTGTATCGAAAGCCGCACGAAAAATTGCCTGCGTATGTGGTTTGATAACATGCTTACTAAATTTGCTACCCTGGTGCAAGCAAAGGCTCCACTTTAGGTGGGTCTGAGTCCTGTAGGCCGCAGAGGAGGACGACGCCGGTCAATCCTGAGATACGTACGAATTGTCCGACTCGGTTGCCTAATTCGTCTCCGTAGTACAACGTAAATGGAGCGCACCATGGAAGGGCGTCATTGAATTCGCTCGGACACAAGACTAGAGTTTTCGTTACGGTGCTAAGCGTAGTCACCATCGTCGCGCCAATGCGGACCGCCCGTCCGGATACGGTCATAGTCCGTGTAGAGCAGGCTCGAACGGTCTATGGGGCGGGTATTGGAAACGGTGATCAGTTACCCAACCAAGCCCAAAAAATTATACGAGGACTAATCCACCTGGGAATGGGTGCGGAGATTCGTTTGTATGGTGCGGTGGTAGGGCGTAGGGGCTTAGCGCGAAATATTACCGACTAGGAAGTTCAGTCCGCCTAGTTAACTTACACTGGCTCAGGGGTTAATTCAACGGAGATACATTAAGACGGGATATGTACAGTAGGCTGAGCGGACCACATGGAGACCCTGGTCCATTCAAGCTTCTGCACTCGTTAATTCATCACTCCCAATGGTGTCAACGTGCCCGGAGTTATCTGAGGCACTGCCCCCGGTTCTGAGTCAGTTCCGGTGATACACCAGCGACCTCTCAGATGGACGGCGTAGGACTGTTATGTCTA,1454,51.44,Homo sapiens
SEQ_954597,CACCACTAACATCTAGTACAACCCGGTAGACGCGGATCCGATAGGCTTCATGGGACTGACGCGCCCCCAGGGGCGATCGCACTCACCCGATCTGGCAGCTGATCGTTTTTACTACGCAGTAGTCCAGTGGGTTGAACCCTTCGCGGCTTCCGGTTGACGTAGGGCCGCCGCACGACTTGTGTACGCGTAGCTACATTCCTCTCCTCGCCCCGACGCTCAATAATCGGAACGCGCGATCCTAAACTCAGATCTTTTCGGTTTTAAACCAGAGTGCTTATTTTTGAAAGCATTAGTGGCTGCCATGGCTGTCAACCACTCGGATGGAAATTCCTTCCCTGAGTTAACCAATGGGGGTGTTACTCCCCTTTCTTAGTCTCACACACAGAGAATCTGAATGGCGCTCGGGGGGGGATTAGGAGCACCCCCAGGCCCATCACAACCGTCGCTCAAGTTTTCGTTTGCGTGCCGACCCATATGGCTCAGTTCTGCCTCAATTGCACGGTAATTACTAACATGTCCGACCATCCGGTCTCTTCTAAGACCCCATAGACGCCTCATATCCTCGACGCTATCCGGTGTATTGCAGTCCATGTGAGCGAATTCATGTTACGGTGGATCGGGAATGCGGCTGGAATGCTTGGCTCCCCGTCGCGCTGGTATGGCGTGCTCCGACAGTTTAGGGGAAGGTCAATTCCCAGAGTCAGTTGCGGCCTCCTATCGGCGATAAAAGGCCCTCTTAAAACACTGCACACAGGAAGGAGTACGGCGGAGAAGGATACGGAACTTGTCCGGAGTAGGAGACCTTCCTAGCGTAACTCAGGGAAGTGGCAATATCGACACAGCTTGGTTTCTGAAGACATGGTGGCATCCTAGGGTTTCACAGATCGAGCACGGGACCCTCCGATTTTAGCCTTACAGCGCGTAGGGACATCAAATAGCTTTATAACAAGTACTGACATGATCGCTAGTCTGAGAGCAGTTACAGCCGGCCATGGTCCCATGAATCAACGT,1011,53.21,Arabidopsis thaliana
SEQ_844895,GCCAATTTCCGCCCGGAATGAGTTCCTGATGGACTTACCGCTTTAGTGTCGTCACTTTCAACCTACTGTCAGCACAAGCGTTACTTGTACAAACTTGTATCTCGGATGGTTTTGGCCGCACGAGAAGAATGTGCGAGTCGAGCTCATTGTAGTCTACATACAATAGGAGCCAAGACGACTAGGAACCAGGCCTGGTACTCCGCATTTTGTTGTGCGGCCCCTCCATCGTGTCGAAGGGTCAGTCTTTAGTAAAAGAGGGAGCCCTAACACACGCGTGAGACTGGCGTACTCGCTCCAGAAGCCTGCTAGACTCAACTAATTGAGATATATGGAGGAATCGTCGGGCCAGTTGAGGATGAGTACTTGCAGCCACGTCGGTCCATAAATGCCAGGCCGGTGGCACACTCCACGACCTAGAAATTTTGCCTCCGCGCTACTGTCTGCTAATGAACATTTTGATAGATTCCAGCCACTCTCAAGGCTTATGCGTGTGTAAGACCGAAAAGAATGATCGTCCACTACCCCATCCTGTCTGACGTCTGCGTCCTAGAGGCCCCGGGTCGCGAAACACAGACTCCTCGGTACCCCATGTTTAGTATTACGCGGGTAGTCTGATATATGGGCGGGGGCAACGGTTGAGGTCCCGGCCGGCTCAGTTGCAAAGCTCATTTTCAGGTTAGGTAAGGTTGATGAACATCTGTGGGGACTTTTACGTAAAATAATAAGTGATGGGTGTCTTGACTGGATATCGCTGGGAGGGCATGATCAAAGAAGCGGAGAGGTGGTACGCGCCCCGGATTAATATATAGTACAACAATTTCACGCCCCAGATAGGCCGTTCGCGCTTCGGCAGGGCTCCCCCTAGAGTTCAGACCCGCACGATTACTTCGAAGAGTAGGCTACTCACGTAGGGCGATGACTTATGAGAACGTGGTATTCTGTTTGACGCTAATATGTTCAACAGTATGGTGTGGATCGTCCAGTACAGCGGCATTGCTTAAAGCCCAACCGGGGACCTGACTGATGAACATTCGAGTCGAGAGGTTCATTTATCTCCGAGAAGCCAAGATTCATAAGACAAGGGCCCAGGTCTCGGCCTAGTTAGTCCTACCCGTCAGGGCGCTTCCCCATCGAGGAGGTAGACCAGATCTGTGCGCTTTTCCGCGTCGCACTAGAGGAAAGCTACCCATTGTGTTTATTGCTAAGCTCATTCGCTGTCGAGCCGGACAACATTGTAAGAGATCCAGGAGCATGATGTAAACCGAAACCCCAAGTGGCTTGACTCATGAGACTGATGAAGCGCACAACCGTGTGAGTCGTCGACTGCACGTTCAGAGTAAGAAGGATAAACGGGCAGTCATCCACTCTGAATATCTCGTACACAACATGGCTGTCGTTGGGTCCTCTCGACAGTCGCTCACTCCGCTGCAAGGTCCGTGACGGGATTCCGTCCCTTTTACAAAAAGTCTTGTCCGGTAGATAAAGCCGTAATATGTCACCTCTCTTCACCTCTCGACAACAACTATCCGTCGACGTGGATCATGAGTCTACTGCCAAAGATGCCTTACCTATTCTTTTGTGGCTCGCT,1588,50.94,Drosophila melanogaster
SEQ_382961,TTATATCCGGGCCTCGGCCGTTGCGCATGTTTAACCCACGGCGTCTGATACTACTTGCTACCACTTAAAGCTATAGCTGGAGGGACTCACCGTCAAGTCTGGTAATGTGTAGGATTGCCGACAGATCACATCCTTCTTGAATGATAAGAGTTTCGTTATGACCAGATAGCTCACAAAAATCCTAGGATTGGCGTCGGTTGATAAATTAAACAACACCCTCAGGTCAGTTATGTCGCAAATGCTAGTGAACGCGGAGTTACCACTGCCTAACAATCGTACTCCAGGGGGGGGCAGTGAGTGACCTTAGGCGAGGGCTATGCCTATCGTATGGGAAGCGTCCACAAACGTGGTCCGATGGTCTATTAGAACCAGGCACGCTGTTATGCCTCGACATTTCTACACTTTGGTAGTAGGACCTTATAAATATCCGCCCAAGATGCAAGTAAGAGTCGTCGAGTAGCACTCATCCAGGTGTTTCGATTAAGGTATTAGTAAGTATTAGGCGAACCCTACGTG,516,47.67,Escherichia coli
SEQ_931255,TCACGACGGTAGGAGGGGACTCCTCACCTCATGGTTCACTAGTGGCTCGCACCGCGCTTGTGGATGTGTATAGGCTTCGGAGCTGCACTTAATTCATAATTTCACAGATCGATGTTATCTATAGGGCTCAAGTCCTTAAAGTAGTGGATATACATAGGGGATATGGTAGCGTAAGAGACGAGTCCGAACTATTACGACGGGGAAAGCGCTCTGCAAGTGGGAAATCTTCGAACCGAATCGCCAGTGTCAGGTGATCTCGTCACGGATGTAGCGCCGCAACCTGTATGTTAGCCCCTAAGGCTGTCTCGGAGCTTCCTGCGGCGTAGCTTAGTGTCTCCCGCTGTTATGGTCAGCTCTGATGTATCCTTTAGATTTCCCTAAGTAACAATGGGGAATGGCTGTGTGTCCTATTGTTCTGGCGATGGAACGCTCTCAGCCAGTCATAGTACGGCAGAAAAACTGGGGTCCCCACTCCCTTTTGGCCTCGACCCAATGCTCCGAGACGTGGTACTAAACGCGCTATTATCTGGGGCTCCCCCTTGTCAGGTAGTCACTAACCCGAGGCACCAATAGAGTCGCCATGTCCCATCAAGATACCG,599,51.75,Saccharomyces cerevisiae
SEQ_305662,TAGTTCCGCTATAGGATCTAACCTATTGAAAAAGCTGCTGCTAGCATTGGACCATAACCCAGCAATAACCCGTATGCCGCATGTCACCCGACAAGCGTAACAGGTGTACCACATCAGTGTTATGTCTGTAATTAGGTGCGCCTGTGCTCTGTGACAGCGGCGACACCGGCGAAAAACTGCGTTTGTAGGTGGGAGGGTAGTTACTATGATACGGGACGCTGCAACGCGAGCACTGCCGTACGGTTCCGGCCGAAGGACGATATGATGCTTCAATGACACAGTGAGAGGAGCCCCCAAGACGCAGCTATGTTTCTGCTGGTGCGTAGCGCAGATGAAGAGGCCGTTGTCACAATCTCTACTAGACCGATCATGTGACTTCGTTTTTCAGCCGTCGAGGGGCTCCTACCTGAGGGGGAGGTCAGTTGTGCCACGACAGCACGGAGGCAGTAAACATGACGTTTAGCCCCTCTTGGCACGCCGCGTTGCAATTTCAGCGACTCTACAAGGTCGAAGTGTCAGTACCACGGGATTACCTTGTTAGACGCCGCTCGCGGGGGTGATGTACCCCCTTCCGTCCCCGCAAGTTGTCGAGGTGGCGTCCAGTACTGCCATCCACATCCACGTGAGTTGCCTTAAGGTTGCCACTGAAGCTCGTTTGTATACAGGCAGGACTATCCCCTCGGTACTTTGTCGCTCGTAAAAGGTAGATTCCCCCAGGGGCACTTAAGAGCTTACCGCATATTTATGACTCATGCCTGCAATACCTTTTGGCTGAATGGTATATCTTTCTAAGGTACTCTTTATAGCGGGGCTGCAACCGGCTGCGATAATGCAAATGGAGGTTCGAAAAGCGACAGAGAGGAGTAAAGTATTTAACCCACCCGTAAGGGGAAGGGGAAACACTTGGGCATGGTGAGGCTACTATAGCACGGATGTTGTCAGACTATTTCCGCTTTCGGCTTATGTTCTACGATTTTCCATCCTGTTGATGGACGTTGATCCTGTTATTGGTCATGGCTAGGCCCTCTATAATGTTTGCGAGCCCTGTGTTTAGAGGGTGACATCGCTATTAGACTGCCAGGCCGAGCGTATAGGCTACGCGCAAGCGTAACTAGTGATCAACAGAGCCATAACGGACCATCTTCCTATCTAAACTCCATGTGAGCCGTGAGTGCTTGACATTAAGCATTGGTGCATTTATCGTAGCTATGACTAACACGGCAGAGCACAAGATAATTGTTATCCTTTAGAATTTCCTCAAAAGACGTCACAGAAGCCAAGATGTGCGCGCCGTCTGCCTACTAAAGTCGTGTCACGCGGACCTATTACCTCATGGAAGCTGGTTTATTAAGTACGCCGAGGGGCCCAGTGTCAGCCACATTACATATTTCAGGTCGGGAGGCCCGAAGAGGACCCTGAGCGAGTATTTGTAGAACCTCTTCACTAGAGTGTATCCTTCTCTCCTACTGTTCCGCCACCATTGTCCTGACATGGTCGACCCAGAGTCGCGGCCTTGACAGCTAGAAGCTGCATCCGTAAGGCTTGCGCTCGACCAGGGGTGAAAGGCTCTCTTAATACACTAGCCAGTGAGCTACGGCACTGTCGATCGCTAAACGGATGCCCACTGGTCCTGAATATCTACCCACGGAAACATTACACACTTATTTAGGTGGTTAGCGCGCATCGGCCAGGAGAACACGGCTGAGCTCTTGATCCGTTTGACTGTCCCTACATCGCCTAGCACTGGGGCCTTAAACGGCACTAAGCTATTATCGCGTCACAAATAGGTTCAGGGGTGGCGGTGTAATAGTCGAGTCACAATGTCAGCTTGTAATCACGTCATCACTCCTCATAAACAAGCGCAGTCCTCAGCCGTTCCCGACATGTACTGTCATCCGCCACTGCTTGATAAATACGGGATCGA,1924,51.2,Saccharomyces cerevisiae
SEQ_342233,GCCTCCGTTTAGGACAATGATGGGGCACATGCTTGCTCCACTGCCCTAACTCGCGCGTTATGGAAGTTCCCATGTTATCGAGGATAATTGAAGCGAGTCGGGTTGCGTGTAATCTGGGATTCTATAAGGAAAGCAATAAGGGGTACATAATACGCTTACACCATCTCAACTCTTAACCACCTGGCATCGTTCGAGTCGCTGCTATCTAGAGCATCGTCACCGGATAAGAGTTGACAAGCAAGGCGCGTTCACATATGGCCGCGCTTTTTTGACAAGCGATGAGCGTGGCTCCAAATAAGATTCTAGTATAGACTCCTTGTGCCACGACAAATCGAAATTGCGCGTCCTATCCACAGGACAAAGTAGCTCTAGATGATACTGCATTTTGCGGCAAGCCGACACCTGAACGCTCAAGCTGTTGCTAAACAGACTCCTTATGCCAGTAACGTGAGGGTCACTGAGCCTATGGGTTGATTCCGAAGGAATTCACTTATAATCACATCAGCTGCTACACTTTCTTTTTGTTGTGTTCGCACGCATGACCCCACTCGACTATGTATCACGTAAGAGGAAAGTCCAGATTCCACTTCAACTTTCTTTGGATTTTCTGTTGGGGATCAGTTGAAGGAGGTAAAATGACGGGCCGTAAAAAGCGCTGACACGGACTCCTTATAGCGAAGTGCGTCGAATTGTTGGGGTGAGCGGTACATGGCTCAGAATATGTTCCACGCGCGATTGGTGGATGCGCTTAGGCTAGAACCCTATGGCGTTTGCCTAATTGTTTGCCCCATGGTTGATCGCGGTTATGAAATGTTTAATTTGAGGAGAAATGCCCCCGAGCTCCCCATTTCATAGTATAGAGTCAAGTTTCACTGTTCGCCCACCCCTTTTGATCTTATGGTGTAGGCAGCGAGAACCCCCTCATACCACGAATCACAGTCCTTGAGGGTGCAAATAAGGCCAGTCTTGCCTCGGTCTCAGGTCAGAGATTTTCACTCTATGGTGCCCGCTAGTGGGTAGAAGTAACATTCAATATAATTGGGCTCGAACGTCATATGCTGCTGCAAGGGCCCCCACGGCTAAATGGGACATCGTGATGAAATATTCAAAATACGAATAGCGATAGAGTCATTTGCTAGGCATAGTAGAGGCGCGCCAGCCCTAAACTGTATTTCTACTAGCATCTAGGTATTGTGTCATGTACGCACTGCGATCTCTATGGATCTAACGGTCGCTTCGAGAGACGATCGGTACATGGAGGCACTGGTGATTGATAATATGCGCAGAACTCCGACGTCCCGATTGCCGGCTCGTATTTATGGGGAGGTCTTCGCATCCCCGTGGAGCTGAAATAGGTTAGAAGCCTGTTGGTAAATTGGGCTGGCTTCTTTACGTAGGGTGAACTGGCCGTGTGTAAACTGATTGGAAGTAAAATCTCGCATAGTAGACCCCTCTAAGTACCAAATAGGACCGCCCACGCCACCTCTTACGAATAGTGACGTGCAAATAGTAGTTTAATATGCTATATGGTCGCATACTGAGCGAACGACGCCCACATGCCCCCGGCCTACCGATCAAAGACTAGTCAGTCAACACTATGGCGAGGGCCCTAGAATCTCCGCAGTTGTGGCGGCTTGCGACCTCACGCGCTCGGGACGCCTGGAAATTCTTAAGTTTGCCATAGAAGCCGGATTCATCTGCGTCCAACGCGTAGAGTTCTAGGCTACACGGTCGGTTGCACTCGCTTATGTAAACGTCAACGAGTCAGATAAGCTGTCCCAGACTCTCATCCGCGGT,1797,49.03,Mus musculus
SEQ_868466,GGGCGACCATGTAGCAGTTGCGTCGCACAAACCCCTGTACTTCCGATTAACTGTGAAATTGTGACGTTTACCGAACGTTCGCGCTGAGTTCAAGGGTCCCAGAATCAAGCATTTGATACTTTTCGAGATGCACAGCAGAGAAATAAAACACTCACGGATAATGCCCTTGCAACATCGTGTAAGGCTCTAAGGAAGTGCTGCGCTTAGTAACAACAAGGTAGATGTTGTTGCTCGCAACACACCAATGCCCGAGGTATTGAGCCGAGCGAATTACTACACCCGGACCTCTCTGCCTCCAATAAGGGCTTTACTTTCAAGGGCTTCTGCTGCAAGAGTAATCAACTATTCGTCGGTCAAAAAGGCGCGCTACAAGAACTATGGGTGGCTGCGCTTATATCGAAGCGCCACGACGCGTCAGTGCAATGGGAGCGCGGGGCCTTGGCGGCGAGAATACCAAATTTTCAGTGGAGACCATAATCGGGTGAGGGGTCTCGGCATCTCTCACAACGCTCACCCCTACTAACAATCAAGGAGAATTCATGAGGAAGGCCAGTATCAACGTTAGGTTTAGTCCCAGTTTGTCTGGGACCAACTTTTGTTAACGCCACGGGGGCTGACCGTAAAACCCGGGCTCAAAAATAAGTGTAATGGTGCTGCTGTTAGTGGGCGACGCCCCTCGGTTTCTGCCCGTTAAGGCTCACTCCGGACGGCGCCAAGTAGCGGATATGACAGGAGCGAATAAGAGCTCTGTCCTGCGAAAATGCAGGTAGAGTTCTGGATCTGCCTGAAAGGGTTTGTTTCAGGCCTGTTCGCTCGAGTGCTTTTCGACTTAATCACAAGTTTTGTCTCATCTGTTAGTTAGGGCGTCTTGATATCCGTATAGGCCACCTTGCAGATCTCTTAACCTAGGTGAGAGATGGTCCACAAGTGGCTTTCGCTTCGAAGGTATCTTTGGTACGTGGTGTCAGTTACTGTTCTTACCCGATCATATGCAGGACTCTCGAATCTCGTGTGAGTGTAGATAAAGTACGGTCCCAAAAAAGCGTACATACCGATTCGGGTATGACGGAGCAAACAATGCGCAGTAGGATGGAGGGCCCTGTTCGACTCGCCACCCTCTGAAAGGGATGCTAAAAATGCGACTATCTTATATTGTATCGTTCCGGGAAAAGTCTGCAAATCCCATTGATTGTCCATGCTGTGTCGACCTGTTGGACCTAGCTTAGCACTCTGGGACGGCTCCCACCAAGTGCTCTAGGGACTTAACAGGAACGGAAGATAATATCCAAATAGAGAAGGGATTAGCCAATGTTGACTAGGAAATTTTGAGGTGTGTCTCGGGAGCGATAGCTTGGCGTTTTCGCAGGTGAGCGAATAGAGCCTTTACACCCCGATCGGTGACAACGTGACACG,1413,49.75,Escherichia coli
SEQ_155020,TGGTTCACCCCAGGGTTCTACTCGTTGGTTGATCCACCTCAGGCAACTAGGACAGCAAGATCGCATGTTGCCAACCACCGGAGCACCTACCAGTGTTGAAACAGTTCGCCAGCCAACAGAAGTATAAGCTATAGAAAATAATAGCAGAGCGCGCCGTTAACTTTCAGAGACCTTCCTTTCATGACCAGTTATCCCCCATTTCATGCCCAATAGATGAGGGTTAGTCGCCGCTCGTTTCGGTGGCTTAGAACTAGCGGTGTGCGACAAGTGTAAGACCAATGATTCCACCGGGGGAGAATAGCGCAGCAGTTTTAGGTTCTTGTCGTCATGGTTTCAAAGTTCTCACGAATTAGACACCTTGGCATTCAGGCGCGCCAAGTCCGCTCTTCACAGTGGTACTTAGCGTCCCGCCGAACCCCTACCTATATAGGTACAATAAGGGGAGGAACATGACCACCCCTCTGGCCATATACCAATCCGTCGTCTAATCTTATTTAATCGCTAGTCACTTCCATCGTTCGTATGTGTTCCGTGTGACCGTGTTACACCAACGTTTAGGTTAGAAAATAAGAGCCGTTCTCAGCTGAACTGAGTGCGCAAGCCCTCAGTTCAACAGAACGTTATACGTGGATGAGCGAAAAGCGGCGCACACGTAGAGAATGATTATTGATATTGCGGAAGCCGCTCCTTTTGTGCATACGTTCTTTGCGCGTGCCACTGTCCGTAAAGCCCTAGCTGGTCGAGGTAAAGTACTCACAGCGAAAGTCAAGAAACACCTGACTTGAGGAGAGCCCTGTAGGGACCGAGCATTGCCCTGGAGAGGCGATACGAGCATCCTTGGCTGTTTCACTCAGAGACGATACGAGGGCAAGGTACCTGGCAAAGAAGTGCGCTCGACATGGTCGAGACAAATAATGACGATCTAGTCGGTACTACGCTGAACTATATAGCTGAGGCAGCCCTCAGACCTGTATGTTAAGATGGCACATGTAAGGGTTTACTGTCTTGGAGCCTCTCGCAAAGATTCTAAGCGTTGGGCTGGGCCCATCCATGCCGCTAGGGGTATCATCTCATGCCAATGACTCCATCCCCCGAGAACTCCTATTGATAGTCTCCCGTAGAGCATGTAGGACATAAATTCCTGTCACTAGCTGATCCGCGTTTGTGACCTAGAGCGTGTATGGTCTGAATCTCCGACATTCGGTGACCTATTAGTCCTCCAGTCCAAACCGATCTAACCACGAGTCCAAGCTTGAAGCGTTACATACACCCGAGAGCTTCATTACCTTGATTACAGCAAATCGACTTGTTATCATTTGCCTGGTGCGCATGTTTCTTATGGCTCCGGATGGATAAGTACGTAACCACGCCACCACTCTCCGCGTGCAGACGGCTCCGTCGTTATCCCCGGTTGTAACTAATCTCGGACATTCGTGCTTGCGTGTTTCAACTTTGGGGGAATAAGTAGGCTTGTTCTCAATGCTGAGGTGTCTCCTATAGATCCCTCCGGTCGGTATGCCAGAACGAAATTAGTGTCAAACAAATCGGGAACTTTTTTCGGTGGC,1565,49.71,Saccharomyces cerevisiae
SEQ_356068,ATTTATCACGGGAAAGTATACACTCACCGTCGCTCTGCTACCCACCTCGACCAAGCTTCAGAAATTGCTATCTACGAAAAATTGAAATTCGCTTGCCTAATCAAGCGTCCTTACCTAGCGACCCGGAGGCACAAGAGTCGTAAGTAGGTCGTAATACCCGTACTAGACATATAGACTATACCAGATCAACGGCAGTCATGCTTCCCCCTAGGGCGCGGAGTGTCACTAGGTCGGGCGCGATTCGTTTCGTATTAATTGCTACTAGTGGGTGGGACTTGCTGGACGTTCTAAAAGGCATGGCTAGGGCGGGCGTCTTTAAGCACCAAATGTAGAAACTCATCGACAAGCCGATATACGCCAAGGGGCGGAGCAGCTATGGGCGGATGTCCTTTGAATGTACTGTTTCGCCTACGCCAGACTGTGCCGGACTAGGCTGCCTATACGTTTCTTTGTTCACGTATGTTTAGCCAAGTGAACAAACACTCGGAGGCAAAGCATCTGGGCATGTGCAGGCAGCGTTGTATTGATCTGCATTTAGAATGTCCATGCAAATAAGCGGTGCTTCATGGAGCCGGTAGACTTTTGTAAAAGAAGGTTGTGATTGGTTGGTTCTTTTCGACTCGACGCCCCAAAATTGATGAAACCACTTAGCAGCGTGCACTAGCCCTTTCCTCCTGGCCGAATGATTCTCGATCTCCGGGCAATTAAGAGCATTTCTCCCCGTGCCTCACGACTTGCGCACACCGGCAACAAACGGCTCATAATCTTTGTGAAAGTACGGACATCCTCCGCCCCCTAACAGGTATCAAAAAGTATCACCATGAGTAAGCGACAGCACATCCAGCGTAGGGCCCGCGCGATGGTAGCCCCGATAATATCCCTATGGCAAT,890,50.0,Saccharomyces cerevisiae
SEQ_234674,GGGTCGTGTATTGACCATTTTTTAATCTCCAGCATAGACCTCGGGTAAGCATGAACTGTTCAGCGCACCGCTTCTGAGATTGGAAAGGCATCAACGAGTTCATCGGCTCGCCTCCATCCCCATCGGTGCAAATATCCTGCAGTGCGCCAGGTCCACTCATGATTGAGGCACGCCAGCCTGTAAGAATGGGGTGAGTAATTCAAACCGTGTAAGTTCACCTACTTTCTATTGGTTAGCACTGATTTGTCCGCCCCTCTCAAACCAAGATTGCCATTTCCTTTCTCGTGCGCTGACGAGGCCTAATTAGTAACGT,313,49.52,Escherichia coli
SEQ_658092,CCACCATCCCAGTTGTACAAACTTGGACATTTTAATTGCCGACATAAAACACGTTTCCGTCCGGAGATTCCAGTTGCGATAAAGCCAAACTAGATTCTTCTTGGTTTTTACGTCCACACAAATTAATTGATCAGACCAGTGCCGGGCAAAACCGAGCGGTGATGCTCTAACGCTCTTTGTATTGTCATTTTGTTATTATCGAGCTGTGTTCGCCGCCGGCGACCTTAACCCAATCTGGCTCTATGGTCCCCAGGAGTTAGTTGGACAGGAGAAGAAGCGTCGTAGCGTAAATGGCGGGGGCCCCCGCTTACCACACACAACGATGGACACGCTTAAATAAGGTGACATCGAAGGACCTAGCATGTTCTTAGTCATATTTTAGGACGGGCAACGCAGTCGGCAGATCTATGTGAGACTTTGACATGGAAGGATGCTCCTGCCCTAGTTCTTTTCTATGTCGCAACCGTTCTGTGGATTCGCACCTGGCGGAATAAGCATCTAACCCCCACATAATTTGCTATCGGCTTCTGATCTTTCGTAAGGTCCTTAACCTTCAGAGAACCTCTATCCTCCACTCCGTGTTCGATACTCCGTGTGCCGTGAACGTACATGGCCTGTGTTATTATCTCGGATGGTTGTCCATGTATATGGTTATGACACGCGAACTCGAGGTATAAGATCATGCAGGAACGCCAGTGACGCAACTGGAGGGCCCACCCAAGTCTCTCCCCAGCAGCCATAGAGTAGTGATTTAAGGAGTGGCTCCCTTGGGATGCCGCCGCCAGTAATCTCTGACGGTCTGTTCAGTCCACATCGGGCCCTCGCAGGAGTAATGCACAGTTACGCAGCCTGAACATTTACGTGTCCGTTTGCCACATTGTTTTACCCCGATAGTCACGGGACCATTCGAGGGAACAACTATCGCGCCGGCATGGGTTTTGCCCGGTACAGCCAACGGTTGATATCGGGCTTAAATGAGGCGGTCGGCATTTGTAGGCATGGGCATAAGATGTATTCTCGCAAGCCTTACTTAAGAGCACAGGGACCTCAACCTCATTCGAGATTTGGCTGTCTAGATGACCAGGCGCCTGGAAAATGAGCGTAGCGCATGCGGTACAGTACCAGAAAACCTTGAGGTGTAGTTACCAGGCGAAGTCTCAAATCTTTTTCGGTTGTATGCCACTATTGTCGTAAGTCTGTACGCTATGCTGCCAGACACGATATGGCAAGTATAGACTCGTCCCGCCCATCACTCTTACTTTATCGAGGCGTGAGGTCGGAGACTTTTTCGTATCCTCTGCCGCTTAGCCAGTGCTTT,1318,49.92,Caenorhabditis elegans
SEQ_150899,GTGGCCCACTTGAAAAGGATTCGTAATCCTACATCTGTCCCGTTACTGCGGCGTCTAGAAGAGGCTTCCGATAGGAGGCACTAAACCTAGCAGACGAGAGAAATGGGTACGGCCCATAGCTTCGCGTATACAGCTTAGCTGGTGTACAATAGCCCTAGACGATGGCTTTACTCACCCCGACGGAAGAACAAAAACGGTGTAGGAGGCTGTTTGCAAGTCAGGCCCTCCCTTTGTCCATAGATGCTCGCGACTAATCCCCGACACTCACTTGAGGGCTGAATAACAGCCAGGCTTTCCCAGCGGGGAACTTTATTGTGCATATGGACAATTTCCGATCGGATGCTGGACACGTAAACGACACGCTGATTTGTATAGCTCGGGTATTACCGTCTTACGCCCTGGCAATGCGAAACATATTTGTCCGCTACTGACTTTCTAAGTCATTGGAGCGCGAGTAGGATGGACGCCCTTCATCCATACACATGGGCGAAGCCGCGCACCAAATAA,507,51.08,Caenorhabditis elegans
SEQ_574022,TAGACTCAAGACTGGTCTACGAGACTCCCGTCAGTTTACGCACTGAAAACGAAGTTGAGCATGACGGTCATTGGCCGATACATCTCATCAGCCTAAGCCCCATAGAATAGCGTAGTCCGACGGGCGTCTGACCGATGATCAGATCGTGGATAGGGCGCGTTTCGTCGACTTCGAGCACACCGACCTATGAGGGAATGGGGATCTCTTATTCGCGATAAGACAACGCCGTGGGCGTTCTGTTGTATATGTAGAAGTATTAACCTTTAAAAAACCAAGGCTCGCGAAACCGTAGCGTGTTGTGAGGGAGCGAACTAATACGGCTAACACTCGGATGTGCACCGAATTGTTCTACGGGCGATACAGACCATTCCGGGTAGTCGCCGAACGCGAACGGTCCCCAATACTAAGTGCTGGCCACGTATACCCTGTTGTCAAGCTCGCCTAGACCCGAGGCAGCCTGCAATAATGAGATGTGACTCACTGTGACTAACCGCTTCGCATCTAGATGAATAAGGAGTCCACGAATATACACGCACGTAATGTACTTGACTCGCCCTTACCCCTCTCTACTCTTTTCGGGTTGGGTTTTCTTGAGTCTTGTACCGTTAGGGTTATAAAACTGTCGGGATGTTGCTAGCTTGCAACTAGATGGCTACTTGGCCGGGGTAGATTGCCGTCACTATGCATCTAATCCAAAATGGCGCTAGCAGCGGTGCGGTTCGAAGCGCCCTTACATATCGCTTTCTTCGGTCGCACATATTCGCATATAGGTACCTAGCTGTTGGTGTCCCCGCAGTGTCATGCCGATTCCTAAAATGCTGCGAACCGGTCGAGGTGGGAATCGATTGTCTAACATTACGAAGCCGGTGCCCCTAGGCAAGTTCTAATCCTTGACTGGCACTTCATAGCGTTGACGATCCTTGCTCCAGAAGTCAGCGAAATCCGCAAGTGGACCTGCAGCCCACCAACTCCTGAGTGTGTGTACGTACCTTAGCAAGCGAAGCTGCTCAACCTCCCTGATAATGACGACGGTCACGCCGGATTGGCGAAAACTCAGCATTTATCTAAGCAGCTTTCGAACGTTACATGACAGCTGCTTATTAGAAGACGTAAGCAGCTTGTCACGAGT,1129,50.66,Caenorhabditis elegans
SEQ_290493,GATCGCTGAGTAAATGAAAGGATTCGTATCTCAAGGCTATAACAAATGGATCGAATCATTACTGCCACCCCCACACGGATTTGTCCAGCCCGATTCACCGGGAGAATGAGAGCGCGTAGAAAAACGATGCCCTTTCCAGTGATCCTGAAAGGCGACTCGTTTGTCTCGTTACCTCCCGTCATGAGTTACGCCTGTCCCACCTCCGACATACCGCTAGGAGAACGCTAGTCTAGATAACATCTTCTTTAAACTCCAATTAAGCGTCCTGTACCTCGCCACTTCGCTGGCTTGGGGCCGAAGCAGGCTGACTGTTAACAACGGGACGGTAAAAAAGCCTAATAAGGTAGCAGATACCGTGTGCTATCGGGCACTGGATAGGCTGATGTGAGGACTGGTGGAAATGTAGAGTGACATTGGGATCTAATATGCGTTATCACCACCTGATGAACTAATCAGGCACTGTCCAGGGACGCTGCTAATAAAACGGGAACAAAATATGTTAATGCGAGGAGAGGGCCACCTTCTTCAATTATCAAGCAGGTTGCTGCGACTCTACTATGAAGAGCCAATCAGCCGAAAGCTGTCTCGCAGTTGCTCATGAGCTTATTACCGTATTGGACCTCTTCAAACTAGACAGCGACTGTCACCACTTGGGCCCGAAAAATTCTTCTTGGATGGATAAATGAAATTTCAGCGGTCCTAGCGACCACAAAAGCTGTGCGAGACTGGCATCGTTGGGAGCAAATACACTGAGCATGTCGGGCACGTTTACGTTCTGCACAAACACCCGACTACACGTTGGTGGCCAACGCTCCTTACGAAATGTCTTCGAACGTTTTGAAACAATGAATCTATGTTAGTTTCAGCGGCGCCCTCCTATAAGACCGTCATCAACTATCCCGGTTCCTAAGGGTCAAAGGGCCTCTTTGCGCAAGCGATACGACGTATGTTAAAACCCATCTAGTCATTGTAGCGCCGGTGCTAAGCAGCAGTTCGCTTGGTCCATGCCCCTCCTAGGGGATACGAGTCGACCGCCAGTTGAGATATCCGCATTTGTCGGTCTCATTAGTGTGGACAAGACGGCTAATGCGCTACCAACTCGCCTGCTGACCGGCGGTCGCCCCGTCCCATTCACAATCATCACCAGTTGCTCCCTGTTATGATCAGGCTCATGCACAATGACCTTAGGCTCGGATCGCACTCAGTGTAATGGGCGCCTGATTGACGTACCCTCAATCGAACTTGCTCCGACGGAGTGTTTCGTGTGACTTGGTGTCTGGTATGAAGGATGACCCCCCCATGTTATGCTAATTTGGCGACCGGGACTAACGGGGACACTATCCATTTCAAAAAAGAATAATACGATTCCTTCATCGCGGGACCGCTGTGAGTTGGCGCGTGAGGGAGGGTTTCAGCATTGATATATGGACTTTCAGTCCTTCTCGGAACTACGATCGCATAGTCCATCTTTCCGGGATTCGAAGTAACGGATGAGTGGACTATCCAGGTTTTTTTGCACAGTACTAAGCAACGTTACCTCGCATCGTCATTCGCCAAGACCAACTTCTGAACTGGCACTCGAAAAATGCAAGCGCATCGCCGACCCCAATAGAGTTGCAGGCAGATAATTCCACGGCGACTACGTGTAGGCTGCACGTGCCGGACCTACCCC,1672,50.18,Saccharomyces cerevisiae
SEQ_825567,ACGCGCGATGCATGGAACCCGAATACTAGTTGCAAGAATTTATACTTTATGTTCATGTAATCTAAAACTAATGGTGAGATGAACTACATACGAATCTGTTTACGGTTCAAGATCTTCGGAGGTTCCACGTTGCCACACTGCACATTGTTAACCGCCCCTCCTTAGGAATGATGATATTGGGAGCGCCGGAGTGTCCTTGTCTTCCATTGACGTGCGACGCGGCGCTCACTGTCTTTACCTATCTCCTAACACCCTTAATAAAGCGCGGTAACGAAGTACGAATGACATTTCGAGTAAATGGTCTTACTGTCTAACTTGTGGTATAACAGCGTAGGGACAGGGAATCTGACTCGTTCACAATCCCGCTGCCAGTAATGTTTTATGGGAACGTGGATAGCCTGCTGGTGCATCTTCGAGAGCCATTAGACCAGATTCCAATATCCGTACCCGCTAGTGTAGGAAGGTCGTATTCGCGGCCCACCGATGAATTTGCTTCGATCTAGTGATCAAAGAAATCGAATCCAGCTGAGGACGGCGAAAACCTTTTGTTGACTATGTCTACTATACGTGTGACCGCATTGGAATAGCGTAAGAGTGCCCAAATCAGCTCGGCGGTATATTATCGACATGGTTCTATGTAGGCGTCTCCTTACGAGACGCAGGGAGCCATCCTGTTCAATTTGTGGCCTGTGCGTTTCCGATTCGGGTATTTGGAAAATTCTGACGACGTCCGATTCATGCAATCACTCGTATGCATTTGAAATGAAGCTCCCAGATACTGCTAGCGCGGTGATTTGTTTCAGTCTGGGATAACACGTCTATCACACGAACGCGATCATGCTTTTCATATGGATGTTGTCCTTTGATCGGTACGAGAATCTTAGGATAATTAAGCGTACGCCGACGCCTCATCTAGTGGTCCCCATAATTAACTTAAAGTCTGCTACAAAATGCTAGGGACTACAAGTATTGCTCGGTTATGTTTCGATCCATTGTGTTATCGAGCCAGGTTAAGAGTATAAACTGTGAATCTTCATAAGCCGATAGTGAAGATTTTGGCGTACCAGATGCAAATCCGTGGTATTTTAGACCGACTGCGGGTCCGTGTGGTCCTAAATGATCTCCAATTCTGGAGGGAACACATGCACGGCAGCCCGGGCCTGTATAGAGGAAAATCATCCAGAGGTCTATGATGCGTTTTTGGTTCCCACCGCTTAACCACTCCGACGTTTCCGGCCGCGGTATGTGTACCATAGTGTGTAATCGCCTTTAGTGCATTCTCAACGTTTGTGAATTCTGACTGAGGACATGGCGACGCCAATAAAATAGTCACGCAGCTCACGATCACTCTCTAAGAGGACAATATCCAGGATTCTAGGTTCGGTTACCAGTTAATCGCGGCCTGTGAACCGACACTGCTTGCTCGCTTTTCAGTGGGCGACAAAGTTTTGGGAATAATGCTAGGCACGGACATCTTATCTCAACTTTGCGCACGCCGCTGCGTAGGGTCCGTGCGGATAAGCTCAGGAATAATTAGGTTGTACGGGCTTGGGACTTCGTATGACATATCTGTTTTCACATTGGGCATCTTTTTAGCACAGCTTTGAGGGCGCCAGCCGCAAGACATTGCCCAACGTAGCAAGCGGCATCAGGCATTAGTATACCAGCAGGGGGATATAACCAAACATCCTCATCCGCAGCTTAACCGGGTA,1712,47.25,Homo sapiens
SEQ_691700,CTCGACAGGCTATCGCAGCCATCCTTTATACAAACTTGACCTTTATCAGAAG,52,44.23,Homo sapiens
SEQ_615379,ATTGTCAGGGCTTGCTTACGCCATATTGATGGGTCTCAGGGGCATCGAACAAAGGTCCATTTGAACGGCGCCCGAGTAGACTGAAGGATCCGAGTGGGATTGATCAATATACGTTGGTACGGGACCATGGTCACTCACGAAGAGCACATTCGTTTTACAATCTTAGGATCCCGAAGAGATGCGTAGGCTAGACACACGCCAGAATCGAGACTTCCGCCTTCTGGACGACCTCGTAATGACACTGCTTAGAACAATATCGGTATTAGAAGCTTATCTGTCTTGGAGCTAGTATACCCGGCGTCAGTCACCGTATGATACAGGCCAACGACGGTATTGAAGGCTTATCAACCTGCATGCTCTCCAGAGTGGGATCGTGTGTAACAAATCATTATATCGTTCATTTGGGACACCGGGAATACAAGTCCCTTGATCTACTGTTAGCCGTAAAAAAAAAGCGGGCCATGAGTGTTACGTTTGATGCGAATAGGGGGATGCGCGAAACACTGCTCGCTGGAATCTAAAAGGGCGAATAGTCTCTACGGAAATCGATCGATTCAAGACGAAGGCACTTGCAAGACCACGAAGAGCAGATCTGCTTAATTCTCCCGACGGACAGGGGAACTTGAACGGTGAGTTGAACAGTTCACTGATCAGTACGTGGGCACTCATGCGTAGTGCCGCAATACGAGCTGGCTCTGTGGTGTGCGGACTGATATGGGGCATAATACGCGATAGGGGCCGACTTGGAGGTAGAATCAGCGCGCATACCATTTCCACGCCACGATTTGCTGTGCGGTCTATGGCGCGGTCGGTCAGCACGTACACTACATGATCAATTACCTGGGTTATTGTTTAAGCAAAACACTATGGAGGCTATGGAAGAGGCGTTCAGACGTGAGCGAGAGCCACGTTGTGCGGGCGCGTCCTCTTGCAGCTCAGTTATAACTTTTTGGGAAACCCACTAGGAAAGGATATTCCCCCGTGGCGTCTTCGCATT,997,50.05,Saccharomyces cerevisiae
SEQ_700403,ATGCACGCCACCTCCATCGGTTCCACACTCGCGACCCAATCACATAATTTAGGCCCCGTGACGGGCACTCCATCAGGGTGATGCGGTAGTAAACAAAGCTGTATAGGGCAATTAACCGTTATTAATCCTACGGCCAGA,138,51.45,Escherichia coli
SEQ_215584,TAGGTGAGTCTATCTTAGTTTACCACACCACACACAGGAAGACAGACACAGGCACTACTAAGATTCGTACTCGGTTGAATTGTAGTAGGCCGTTTCCCCTTTCGACGGTCACGAGCCACGGCCGGATGTTACAGATCGTATAGTAGGAGGTATACGGCCGAGTAATGCGTGAAGTAGAGAGGTACACCCCCAGTGTGAGAGGGGGCAGGGTGGCTCAGAAGCTGAGAGGTCGGAACGTAAAAGAATTCCTAAGGTCTCACTATCACTGCAGCTAGTGGCGGTACGACAGGACGACAGCACGAACCAGCCAGTGGATAGAGTGAGAAATTTTTTAGGTGTAAAGGTATAGTGGGATATAATATAATATGGGTCGTTGTGTTAAACGCCTAAGAGAGACAGGAAACCAGGCAGCAAAGGCGGCGACGGCGACAATCGTAACCAGCCGACATTACGCCGAATAGATTAGGCAATCCCGTGATGGCCAATGATTGCTCATGAAGTGTCTCGGCTTACTTTCTATTGAGCATTGTATCTTTATGTCTATGCAGGCCTTGGTGCATAATTCAAGGGGAGGCGGGCGTATATTCGTACATGCTTCAATCGGCTTTACTGCCGTTAAACCGATTTGACCGATCCACCTTCGTCCTGATTTGGGCACGGCGTATAAAACCGATCTAGTACCTCGGTTGCTAACCCGATATGGAACGATCGGACCGTTGCAAGCACCGTTATCATGTGAATACCCTTTCATCGTAGTCGCCCCCCGGGCTTCCACGGGATTGTTTGTCAGGCCGAGGCAGTGGGGAACAATGTAGACGTCCCGTCGCCCGGCATTCGTGAAGAGTTAATCATTACCACTGTAAGCTAATCACAGAACCAGACCCTGCCCAGAACGCCGTACATTGTGACGAGACGGTTTGGTGACACCGCTCGAGACAGCCCAAATAATGTTCACGTCCTCCCCCGAAGATCACGAGCATAAACTGCAACAAAATAAAACCTGCTAGCATAGCTGGCACGCGGACAGAGCCGATTCGGTCTCATGCCGTCCAGGGGGAAAAGTGTCCAACATCTGTCGAGTTCGTCCTCATTCGCTAGTGACCACCGCTTTATGAGCAAAGAGCTATCTGATACCCCTTAAGGAAGAGGGTCTACGCAGCTGTGGCATTAAGAAACCGGGGATTCAGATGTATCACGGCCCCCTACATGGTCTGTCATCAGATAGAAGGCCCATCGTATGTGCTGTCTGCTAATATAGGGTCGTGCGTATTCGGCGAATATGGTTATCACTCTCGGACAGGACTACTTTTTGGTCCCGAGATGTAGCGGCTAATATTGAAACGTAGATACTCACGCTCAATCAGCACCATCCACAGTCTATTTGGTTGCCCAAGTAGGCATTACCCTGGATAAGTGCCCGAAAGGAATTTAGCGAGAACTGCATATGTAAAAGCTAGGTTTGTCGATCCAAGTCACTGACGGGAAGCGGCAGCAGGTCTGTCCGATTTTGCAGGGCCTTCCTACAGCGCATTGAAAATGGACACGGTTGCGGTGGTTGGAGGTCATGTGAGGTATGTCCCGGCAGACGCATAATCAGTCCATTTCACGACCAGCTCACGGATACCGTTGCTTTTATGCTGCCTTGCCATAGACGGGTTAGACTTTGCAGAATCCACTACTGGTACCACCCCCACGGGGAGCGTCAGTCTTACAACCATATGAACACTCGGCCTAGTCCTGAAGCTCTACATTAGAGGTCAGTGTTGGGCCCAAAACCGCCACG,1783,50.48,Escherichia coli
SEQ_785719,AACCGTCGACTGACAAGCCGGTAACAGAAATCGATGTACGGGCGAGCGGGATGGTTGTTAGCCGTTCTGTGCATCTAATCGCTCGTGAGCAAGAAGTCTCCCTCTCTTGATCTAGGGGAAACCGCCCAGGATATACGCCAGTTCGTATTTATGTCAAACTACTTGAAGAACTTTAGTTTTAAGCTCCAGGTATTTGGCCCTTTGGTCTGCGAAGTCTCCTATCTTGGCTAAGAAGCCCTCACTCAGATTACATGAAACCCGACTTTCAGAGGACTCAACCGGAATGGTACAGGTACTCTATATTGTACCTGCTATTTACCAATGAACGGAGGTCCTATATCGGAAAACGTCATGATGGCGATGTTTACGGTAACCGTCGCGGAAGCTTTCTTAATCGGTAATGGTTCCGCTCGTAATGCGGCGGGCTTCTCCCCCCGGCTGAGCTTCAGCACGCTGTGTCGTATCCATGCGGGATGCGGCCTCTAATTCCGCGAACGAAGAGCTACCCACGCGGTGTAGGATCTTAACTCTCCCCGCTACTTGGTGCTGGTCAACTGGTTACTCTAAGGTCGTGCGTGGGCGAGCTGCGTCTCGAGGTAGCCCCTTATCTCTGATCAACTCGCACTTCGCGAGCGTACTGTAAGGTGTACACTCTGAGGCACTGACACCGTGTTCGCCTAGGGCGCACAATAAACGCCACTGCCAAGACCCGAAGGCGTGGGCATCGTGAGGATGCGCCGATCAGTTCGCCTAAGCTTACAAGTTATCTTGTAAGCCCAACGTTCCCGGATTACCGCTTAGACAACTGCATGGAACGCTACATCGTTCCTGACATATGCTACACCGCGACACCACGTCTTACTACGAGAATCGGCTTGCTGTCGTAGGTGAGGCCTATTCAAGAGAGGAGGATTTCTTCTTTGACGGCCGTTTCTTTTTGTGTGGAACTGGAATTGAACCTATTTAAACAACGCGACCCCAGTGAGCTACGTACGGGGGAGCGAGAGGTCTCGCGACGGTACATACGGGGGGTGCGTGGACATAGTCCGTCTACATAGAGTTCTCATATGTTACTATGATTTCGTACTCGAGCTGGGATCTGTACACCATCGTCTTGGTCGGGAGGGATCACCCGGAGTATTTTCAAGACGCTACAACAAAATTACTATTGCCTCTGCAGCGGGCGCTCAACAGCCACAGCTCGCAGTTGACCGTTTCGCCTACGTAGTGGGTACTGGCTTATCCGCGGAACAGGGACGGGCCAGACTTTCGCGCAGCCTCATAGTCCGATCCCAGAATGATGATAAGTGTGATCTAAAGCCCAGCTTTACAACTCACGCGCAACGGCGTTTCTGGTGTGCTCGGGAATAGTTCGCCTGCGAACAATGAGCTACAATGGCAGGCGAGTCGGGTGTGGACCGCCCTGCTTTGGTGGGTGTGAGTATAGTCTTGGGC,1455,52.44,Homo sapiens
SEQ_766455,TAGATACCTGTCCCATTGTACTTTCACTGGGCAGTGGTCGACTGGTTGTGACGGAATCCGAATCCAGGGAAAGAGTGGTATGATGCAAGGGCGCAATCACATCACAGCTGAAAGAACGGGCAGCTGCATATTCCAGTATTATGCCAGATGAGGGGTGGTTGCACGCTGGAAGGGATGTGGGCTCGCATCCGTCTTTCTCTGGCTCACTTGGAGGTCCGAAGCAAGTACCAAGGCACCCGAAGTTATGTAGTAGCATACTGAGTCAAATAAGTGTGATACCCTTCCAATATCTTATGTCGACGCTGAATGTGC,312,50.0,Homo sapiens
SEQ_214490,CCACTCATACGAACCGGCATCGGGCCAAGCTAGAATCGTTCTCATACACTTTTTTTGCACACCGTGAGAGGAGGTAGACTCTAAAACGTTGTGCGCGCTGCATTACACCTCGCAGTGACCACTAATGTTGTAATATTGGCGGGATCGGCAGACCGTCGGCCAGTTAACAACTATGTAACGCGGGTACAACCACGGTCATGGACCAGAGTGGTCGAGGGACCGATAGTACCCTCGAGGCGAGCCCATGTCCAAGTCGGGGGTAAGTTCATGGCCTATCCAGAGATGATAGCAATTGCCGACGACGACGGTCTTACGGATGGATTCCAGTAAATCAGAAAAGTATGTTCTTCCAAACGCAGACTTTGCCCATCCGTTTACCGTAGTAGTGACTAACTAGTTGAAAATAGGTCGGTCTAAGCCCGTAACACTAGGACGATGCAGACCTCCTGTGGTATACTGCTTGAAGAGGGGGTTTACCGGCCAGGAACCATGCGTTGCGATTCTGCTATTACTTCGCACATAAGCTACTACTGGGGCGGTATACTGCGATGGAAATGATAGGGGGCGGTGTCTGATTAAGAACCACACCGCGGCAGTCGTAGCCGCGCCCACCAATATAAATATCAGCGGACCGAGCAGAGTGGGTTTGTTCTTAAGATGTGGAACAGCTTGGCCTCTAATTATGCTCCGGGACGCGTATGAATGAGAGTGGGAGACGGTTCACGAGCAGGTCCATTGAGTGGACTGTTTCA,752,51.2,Caenorhabditis elegans
SEQ_267423,GGCAGGATATTACCGGATGGGTTGCCGGCGTGGGAGTTTTCCTTTTTCATTAAGCCGTTATGGTATCGCGCCAAGACATCATCGCTGTTCTGAACTTCTAAAAGACCCTAAGTAGTGGCGTTGTTTACCGTCTATTATGCGTCGGCTGTCCCGTTGGGTACTCGCGCCGCGCTACAATTCATACGCGGGGAGACTAACATGGGTTCGGTATGTAACGAACACACACAAACGGAGTTTTTGATGGGGTTTATAGACATATTGAAACATGCCTCCTTCTATTTTTCTCTACTGGCGCGACACTGAACAGGAAAGGAAAGTTTGGAATTGATCAGAACGGAGGGGTACCGAGCACGTCTACCAAAGATTCGAACATACTTAGCACGAATCTTGGGACACGTAATACTCAGGCTTCTATAGCCATGGGAGATTCGGCCACGGTTCGCGCCCGCCTACACATACACGGTTAATAGGACTTTTTGGAAACGGGTCATACCCGTTCTGCAACTGAAAGGCAGATTGGCTAGGCCTGGTTGACGAAAAGCCTGGCGAGGATTAGCTATACGTGTGAATGAGCTACCCGTTGTTAAGCACCCCTGAGCCTTGTGCGGTTAGCTCTGGACCCGGTACTATCTGGTGTCCTAGCGCAAGTTCGGTGGTGCAGTGAGCGATAGGCATTCTGGCCAGTGCTCCACATGAGTATACCAAGGCTCTAGTTCGGTTTATTTACTGATTCCCTGAAGTCGCCTGGAGATCATGTCCAGCTACATCGGCCTATGCCATGGAACGTCTTCATCCGCAGATTAGAAGGTCTTCACAATCTCTCAACTCCAGACGGATAGGACTAATTATCAAAATCGGTTTATATGAGATCAACACTCAACGGTTAATTCCGTTCTAAGGTACCTACATCAGCTAACGGGGCCAAGAATTGGTACGCGATGGTATTTCGATATCGCGATATGTTGAAACCCCCAGGGCAGGTATATGGACGCCCTGGACGATAAATCACCGCTGCTGCGTCCTTAGTTAGTGTTATGGCACATAGTTTAGGTCATCGCAAACGGTATCTATATTGTAAAGGACGTGCATGCTTAGCACCACAGTACATGTGTTTCGTAACTGACCTCCGACGCGGTAAATAATGATACACTAAGCTATACTGTCCAGAAGTTCGCGGACGCTGTCTCCCATGCATTATTTCGGGAGCGACGGCGGCCCGCAAAATTCTCGGCAATAACATATCTCCCATAGTTCGCATTCTGACTCGAAGTGATATATACACCCCCGGGCGATCAAACCTTGGCTAACTGCACCGTCACCGCGATCACT,1329,48.76,Homo sapiens
SEQ_819454,GCGGTCCCGCGTGCAATTTCGAAAACGCTGTTTCAAAGATTGAGACATGCCTTATATCAAATTTACTTGCTTCTGATATTGTGCGCCCCCGGTACTAGCATGCCACCATGTCACACCTGTTACTAAGTAAAAGAGGTCTATCAGGTAAACCAGTGCGGCATTAGGTAATTAAGATCGTTTGCAATATCAATTACGCCACCCTCGCTTACAACCTACTTCGGTTCTCGACTGGATAGAGCGTTGCCCTTCCTGCGCACGGGGCATATTCACACTCAATGGTCAGAATAACTGGATGGCTGCTTACGAAGCTATGCCTACGTAGGCCGCCAAATACATGGATGCGCAGTGACAGAAAAACATGCAACGTCGGGACCTTCGTAAGGGACGCCCGTAAGGGGAATTAGAATTTGTGACCAATTTAAAGCGGTTGCCCAGTTTGATTCCCTGGTGATCACGCGCCCATCTTGCTAGTACCACGGGGAACACTCTCGAGCGTTTGCATATCCAGGGGGGACTGGGACCTACGGCGGACCAATCTGACTATCCGAAGTGCAAATCCGCATAAGCAACTAATGCCGATCTGCCAATGGACTTGACAGCGTTGTTTCATACTGTGGTTAGGTCAGGGGGAACAACGCAAGGATAACAGACCCCAGTGATAGAAAAGTCCCCAGGGTGTAGCGCCTGTCACGGAGACTCACCGTTGCGTTCCCATCGGGTCCTCAGGTGAGATCCGTTTCATGATATTGTTCGAAAGAGGCGAACTACTGTCGGAAGCTTGTGTTAGACTAAGCGCGTTGGTTCGGGCTTGAGCTCTTGCCCAAGGCTGAGCGTTACGGCTGCCATGCATAAAGCATCACCCACTGTAAGAGGAAACTACCGGTCAGGCGCGGCATCACATTATTTGCGTCCAGTCAGGAACTCCCTACAACCTTTGATGGGCTTCGTTGGTACAGTTAGACGACCAAACTAAACAGCGTGGGCTAAAGATAGTCGGGGATTTTGCTCAGGGCTCCGAGAGAGGAAATTCCACCTTAGTCCTCCTATTGACAACCTAATCGACTGAGACTAAAATTATCTTATCCGCCTAGTGTCCGATCACGTATGACTTCCAGAGCCGCCATTGACCAGTGGTGCTTATATAACTGCCTTTATAACAGATGAGACAATACTCGGTAGTTCTACTGCTCATTGAGGAGGAAAGGTCCAAACCGATCCCCAGCAGTGGGCGGGGTCACCGGCACTTGGTGAACCAGTTTATACGGTGACCCAATTCTCTGTAGGTACCGGTAACGTAGGGGTAGTTGCGATACCTCATATCAAAATGGGGCTCTAGATAGGATCGATTCCGTCGTGTACTATGATTATTAGCCGAACATAATCAGCTACGTGCACCTCATCTCTAGAGATGTTCTACCTACACCCTAGGAGTGTCAAAGCATAATCTTAATATAGACAATGGTGGTTTTACCGTAGATCGATTTTTGAGCCGGCCGCCCCGACCGTGGTCAACATCTAGGAGTACACGAACAAGAGGGAAGTGTTACCACACCAGACAAGGGCGTTTATTACCCCTCCCTCCGCCTGATTAACCACCTCCGCCGGAGACCTGCCTATGTGAGCAACCTAAACGTATAATCGCGCTCATTTGCCCTTTCTAACACACGAGAAACTCCTTTAGACTTGTGTGGCGCCCCCTGGCCCATGCCGGCTGACGGGAACACCGTGCGATATTGCTGGTGACCACGAGACCCCCGCTCAATAAGCTTGCACTGAGAGCTACACTAACGTGGAAAGTAAGCACGGTTGTCGGATGCATTAATTGAGCGATTGTTTGTGTGCCCATGTCGTTCGCTAGAG,1860,50.0,Escherichia coli
SEQ_527495,AGCGAATGCATTTTCATAAACCCCTGTCTAGGTCGTCCCACCGGACCGAGCCCGCACGGTGCCTCGTGAATGCAGGTCATTGTAGAAATAGTCTGCATGATACTATGCGTTATGCGCTTGAAAATAGATAGCCAACTATAACATTGAGCTATTGCCGCCTCCTTTTCTTAGGTATCCCGAGTTCACCACAGCACACGCCATTACATGCAAAACTTAGCATTATAGCGCTATAGATTTGCCTGTGCGGGCTATCCCGTCCGTATCACACAAGGCATATGGATCGGCCCAAAAGGACGAACTCATTATAACGAAGGGACGTTATCCCATCGCGGAACAAATACTCTCAGGGATATACCTTCCACGCAGAGAACGCCGTGGGCCTTTCATGCCCTTATTGATAAACTTTATCTACATGGCTGAAGGACCAGGAGACCCGCGACGAAATCAACCTTGGTGGTACTTTTGTCTCGCTTGGACGCCCTTACCACCGTTACTCCTGAGCTAAAGGGGAATTTTTAGAGTGTAAGGTCTACTTATCCTTCTCGATGACAAACAATTAAAGAAAACAGATGTGTCGCGGAGTCGGTTGGGTATAGTATACTGAAATCTCCAAATAGTTTACTGCTCGAGCGTACTAGCCGGCTGGTTGAATACGCGCTAGAAGACCGACAAAGTGTCGACAAAGTGCCCTAAAATAGGATCCCTCCGGTCGAAAGAGGGAGGGGTTTCGAGTAGTCGACACGGCCGATGGAATTGTTGTTTTTCCAACAGGGTGAAGGACTCATTGTATGAGATTGGGACTCTGTTGTAGAATTACCTGATACCACATAGGGGCCAGTAAATTGGAGTGATAAAAAGCGCTAACATGAAGGAAGGGACTGGCATTGGGTTTTTCATAGGAGTACGCTCAGGGGTTCCGTGCTGGATTTCTAGCATAGTCATCCCTTCCAACGGGAACTTAAATTATGATGTACGTTCAGGTGACGGTTGAGCTAAGGGACCCCTCGTCCGTGGCACCGCGCCGCACTGCTGTTTGACAGCATGGCGTATTCTCCCTGTTGTTCAACTGACCCATCGCTGTTTTCTGAGATAAGAGAACCCCGATACGGTTTGCTGAGGGCCAACAGTTTTTTTTCATGACACGTACGAGTCGGGTGCGCCAGGCATGATTCCTCCCCTCATTTTTATACGATAACGTAAGTAGTGGATAAGCGGGGCCTTTTTGGGAAAACCCTTGGGGGACGTATGCGCTAGTAGGACACTGTATAATACTCCCAGCACCGCACGGGGAGCTACGTGCGATATCTGTATGATCCCTTTAAACCGTAAGTGATTTCAACGCACCATTACCTCATGATGACAGACCTTGCGGACCGACAGTGATAAAGCTTACATGCGGGGGCCAATCCACGCTTTTGTGGCCGCAATGCAACCGAGTTACTATTAGCAGCTTCTGCGGTTTCGACCTACCTGTGGGATGTATCATACCACCTAGCGGCATTCAAATCACTGAACGAGGGGGCTAAGTGGAGCACATACAACTTACAACGCAACTGTCAATAAGGGACTAGGATCTCCGTTACCTTACCCACATCAAGTTCCCTTTTTGGTCCCCCCACGCGTTTCACGCCGATATACTCTAGCCAGCTTACCATTGTTCTTTTTGCCAAGGGATCAATAATCCCTCTTCGATAAGTCGATAGCGCCTAAGGACAATCGGAGAGAGTCCCTTACGGGTGCGGCTGATGGTGAGAGACACGTTAG,1764,48.7,Caenorhabditis elegans
SEQ_238952,TGCTGGAACCTAAAGGGATTTTCGAGCTCATGGGCGGGTGTTAGCTGAATCCTCTCTATCGACAGCCCTCAAATTCTTCATGTCTCCATGACTGCGCGCATCCTCATTGTCCACTCGTTCTCCCCTTAGGATTTTTCGGCATGCACCCCGTTTAGCATCCGACGTATGATTGTGAAGTTGAAAGGGAACAAGGTTCACTCCCAGTCGACAAGTACTTAATACGTTATACCCCGGTTGCAAGTCTGTACGTAGCCAACTGAGCGGCAACGTATAGTTGACACTGTCTGGGTGATTACAAGGCGCTTGTGAACACGTGCTATGCAGTATTTGGCAGCTTAGGTCGTTAACACAGGTTTCAACTCTATGCGTGTAAGGCTTCTGTTTGGCGGATAGTTCTACGTAACGTAGATAGCGTAAAGAACTCCACATCAGTCTGTAGCCTATCACAGAAGCGATTCAGGAAGCCGTACTTTTATCTCCTTGGCGACCGTAGCAACATATCTCACACCAATCCGGTACTACTTCGAAAAGCCAAGGATCCACTAATCAGGGCAGAGGGCTTCAACAGTTCTTTAGACTGGGCACGCTATACAGACACGAGAGTCCCATGCACGCAGCAAGAACGCTACGACTGAAACACAAGAAGCATGTTGCGGTGTGACGAGTAAGAGTCATGGGCCTTACTCGTCGATAAGCTAATCCTGGATGTGTACGCAGTAGACTTACGTGGGACTATATAAATTATACGGGTCTGTCATACTCTGCCAAGTAAGTTGTGGTTAGAGTATTTGAGCATGTCAGGGTCATTTAGTTCCAGGCCGCCAGACTCTTTTATGTGGGGCACAGGATGGCCCGCCCAAGCATGATCGCCAGGTGCCCCCGATACGTTTCTATTACGCTATGCTTACATAATTGCACATAATAGTTACCACGACTGGTTAGTAATTTAATTCACCCCGATGCTCTGCACCCCCTCAGTAGTTGCGGTTGGTCACCACACTACGATTCGGTCGGCAGTCCAGTCTTCGTCTTCACAGCCTGTAGCCCCCTTGCCTAGGATCGGGATGTATAAGCTCACCTATCTCTCAGTGCGATTATGCTTTGTAACAGCGTAAAAAGCCCCAATAGTTAAGGGATCCCCAGATCGAAAGGCTGTCATATCAACAACAATCGTTTCTTCTTGCAGAGTTGAAGCCGTCACGAGCGATCGCTCTGAACGAGCCCAAAGCCGCCCGTCAGAATCAGAAAAGATAGGCCTTTCGATTTGGGCGCCTGAAGCGCGCGTACACAGAGTTAGTACTAGCGCTCGGGCGAGATGCATGGCGGCAGGTATTGTCCTATCCGCGGCTAACTTAACGATCGATGAGCCCAGACTCGTGACGAGATCTTCTAATATCACGTAACCCATCCAAATGGTACACGAGTGGTCTAGGTAATTTCCCCGAACGGGCGTTGTTATGATGGAAGTTTGGATAAGATAGCGCTCCAAGGATAGTAAACGGGCAGCTCGAGAAACACAGTCATTGCCCCGATTGTGGTTAAGGCCTGTGCCGACGGCTCGTCGCCTACAGGGCCTTTACCGGATGAACTAGCGGGCCACAATCATCGCACAAT,1614,49.5,Homo sapiens
SEQ_769441,GACCGCAGAGCACACGGGTTACTCATGTACGAGACGGATAGCTCAATCAAAAGTTTAAAGGTGGTTGCCACTTGGTAAACTCACGCACTATAGTTTCCCTGTTATCAGTTTTTTGACGGCTGACTAGGAAATGCCGCGAGCGATGTTCGGGCGGCCGTAATTGCTAGGAACTTACACTATATTGGGACAACTGCGGCCCCGAAATCACGTCAGCTGCCGCCTATGCCAGAATTTGACGCCCCTAGACTCTGAACCTCTTATGGTCGGCGAAATGACTGATGATTGAAGGCGTCGAAACCGGTCGGAAACACACCTATTTATAAATCCGCGGAAGGGCCTTGACTCGAATAATCGAAGTATATAACCGGAATGTCACGAACAGGAATTCGTGCATCTGATGACTCGAAATGAACGAGGTACTATGCACGCTCCAACTCAAGTTTGAGTGAATACACAGAAATCTCACCTGTTATACGTCGAATTACCCGATTTGCTTTCAGTGCAGTCTGTTG,512,47.46,Drosophila melanogaster
SEQ_499914,CACACATTGCGTCAACAATAAACTTTGCGCAGTCGATCCGGTTAAATTCGAGGGGGAACCATCTAGCGCATTACCTATACCAATGGGGGGCGTACGCAGTACTCATGTGATTTAACGGATCATTCTTTCGTTGAGGTACCCGTCGAGAGCGTGTTATCTTGGGTAACACGTCTCAGGTGTATCCGACGGTCTTGAATGAGAGGTCTGCTCCTAACTGCCTTGCTGTGGGCGCGGACCGAGATTAGCTATCGACATGCCAACCGTGCCCTACCTCTCCGGCTACAGGTGTTAAAATCCGTCCCTCGGGCATACACGCAGAAATGTTTGTACATTAACTAGGGATCCGGGCAAAAATGGGGGTTGGTGTGTGGTTTTAACTAGACACGACTTAAGGACAATGCAGTTGGATAGGCCTCGACCGGAGGCTGTTTATATTGGCGCCCATGTTTAGAGACCTAGGCGGGGGTTTGGAAACCGATGTTATGCCTCGCAAATACTAGACTGGAAGACCCTACCCACACGCCCCATGTCATTAAGCATTGAAATAAAAAGGCCAGTCAGGGTACGGCATTGTCTTAAGGATATTGACGTTGGGGTACCAGGCACCAGAGTAGAATATTAGCGTACCAGGGCCGAGCAATGGGGGCGTGGCTAACTAGAATTTGGCTTGATCGTGCTCGACAATGGATGCCTAAGGGCGTGATAAGGACATTATGTCGGGGCGCCACACTAGAGTTATTATGTCGCCCATATAGGGGCGCCGTGCACGTGGTGGCGGGGGCTTACAAAAAAGAATGCTGGGCATAAGTGCGTCTGGGGTCGCACATAGCAACGAGGAGTTTGTAGAGGGAATGATATGAATACTACAGTTGACCGCAGCAGAGCTCTGGGCTTAATTTCCACAAGTTAGGGCGGTTTGTGTGGGACGGCAGGCGGTCTGCGGAGGGAGTTCGCGTACTAATTTGAGCAATCTCATGTTGGATGTTTTCAGCAAGTGTAACTTATGGTCTACTATACTGCTGCCTCCGCAACATCCCCCGATCCTATAGCAGAATAGATGGGCGATCGAATTGCCGCAAGCGAGCACGGCCCGCCGAGGCAGATCCTGCCTGAACGCGAAACATGAGTTGCCGGGTTGTTGTCCCTTAACCGTCCTCTTGACAATCCGGTTTACTAGTTTATCCAGTTTTATGGCC,1196,51.09,Homo sapiens
SEQ_273646,TACTGGAATATTTCTATTACTCAGCAGCCACAAGGATGAGACTTGTGCATATAACTCTTCGGTTCTGGCGCCTCCTCAATAATGGTGCTTTTGCTACGCAGGGAAGGGGAGTTTACCGTTATAAAGTACCTCCGGAGCACCTGGCAACAGAACTATATAGGTTGTCATGACTTTCAACCACAATCGGAGCGGTAGTGAGGTGCTCAGGCCCTGACTCGAGTCTGACTCGTTCCAGTACTCTACTGATAACAATAGATGGGTGAGCTTGATTGATCTTGACAACTGTTGCCTTCTAACGCAAGGGCACATCGCTTACTGATTAATAACAAGATTCCACCGCGAACTAAGAATTAAGGACAACCCTGGTGGGTGCTAACTTTCCTATGTGTATTCCAGCAAACAGAAACGTGCTGGGCTCCAGCCCAGCTATTTTACATTGAACCTTTGTACGATTGTAGAACTTGTCTTCTACAAGAAGGCCTAGAATAGGGCACTTTCACTACCGCCGCGGCCCAGAATTAACACCTCAGTTAGAGGCTAGTAGGGGGTAGGCAATAGTCCAAGGTTCATATCGCACGCGAACCAGAGTCGCGCTCTATCCGTCAGGATAAACACTTCCTACGGGGAATTTAAGTGGTTCTTGATGGAATATTTGCCCATAGCCATGACTGAGTCCGGTGACGTGAATGCCTTATTTGGAAACCAAATGGCCTGATTTGACAAAGTAAGCAGTGGTGCCGCTTAG,745,46.85,Saccharomyces cerevisiae
SEQ_888485,ACGTGCAGGCCTTGTCGACATAGTCGAAGCAGTCTGGTAGCATTGTACGTATTTAAGGTTTAAAGGTTATCGGACATTTAGAAGAGGACATCCACTACCGTTATCACGTATCCGCTACTTGTTGCTCGCGGGGCGTCAGTTCCTTGTAGAGCTCGAGTTCTCGGTGCGTAGACGTGAACTAAGTCGAAAGGAGAGGCTTGGGCATTGTGTGTTCTTTTTCGTAGTCAAACCCATGGCGGTCTGTGGTTATTCGTGGGTAGCGGTGCTATACCTTAGCTTATGCCCGGCACATAGCTATTTCTTCACTAGAGTTTGTAATCCATAACTTGGAGGGCTGCATGCCTGGGGCGCCCCGACGAACCTACAGCGGGGGGAACATAGACTCCCCAGCGAACTTGACAACCGTAGCAAATGACTACAACCGAATGGACTGCTACTCAGGGTGAGTGGGTTTGATAGAGACCTCCGCGAACTTATAAGACTATCTATGCCCTCGTGAACCGTAGGGGAACAATTCTTACACCTTATTATAATGCGCAAGCATCAGTTATACGTTCCGTTACCCCCGGTCTGCACTTTAAACGGACGCATCGTGGTATGCTTACGCCGAGTACCACCAGGAATGCATAGGCTTACACCCTCTTCCCCCCCCGCCTGAGTTAATGTGTGATTGCTATGACTGCGGCACCCACGGCACCAGAGCTTATAATCTACGAAGGACAAACAACCCGGATGCCATCCAAACTTCTAAAATCGCTCAGCGGGCTTCCTTAAATGAGATCGAGCGGGGCCCTCCCTGTCACCATACACTAGGCTACACTCCCATATTCAGAATGCGTCGCCACAACAATTCATTTTGTAAACCATGATACTTCTTTTGCACGTCACAAAGCCGATAGACCGCGAATAGACCGTGTAAAGGTGCAGGGTAATCGTCGATATCGTCTATTATACTGCAGGGGTAAGATTAGACATCGTGCGACCTCCCACTCTAGAATGTTAATTATGCTTGGACCCGCATAGACTACACGATCTACCATAATTAAGAGATAAGTTGATCCCTGAGGGTCTCCTTAGCACACCATGCGTCGCCGCCATCCTCCACGGAGCCGGGGGTGAGCTCCATCCGGTGACGCCGCCTGGAGAAATAAAATCCGACAGCCGAACGATGACGAGTTAGGCTCGTCATTCTAATACGGTCTATGGTTTATGGTAATTCTGATCCCTTTCAGCTCCGTGGCCC,1243,49.96,Caenorhabditis elegans
SEQ_561542,GTGACCGCCAAAGGAGGCTTGATCTGCAACAAGGTCATGATATCGCGGTGTTTGCGGACCTGTTCCCCAAGGCGTCGCCGGACTACAGGAAACAAGGGCTTTGCTCACCCTAAACTTGCCTGGGACCCAGTTATGCAGGGTCGAATATCGATAAAGATCGCTACCATTTCCGGTTCCAGGTCCTTGACGCTTGG,194,54.12,Caenorhabditis elegans
SEQ_820920,TGCCGGGGCCAGCAGTACCACAACTCACTTAAGGGAGGACGTACGGGGTGTGGAACACTAATTCGGTAGAATACATTCACACATTTATAAGCAAGTTGTCCGCAGCCAACCCATGGGCTTAGTATGACTGTTAGACTCCTAACTTACTAAACTTTCCTTGGGAGGACTATCCATGGTGCGGGTCAGCGACCACCTACTCCACCGGAGTTATGCGGTACTAGGAGATGGTTCAGGAGTAAAAAGCTAGTGCCTGGTCGCATCATGTCCCCCTCACCGCCCGGATAACCGTGGGTAGAAAGGCAACCGTTTCATGAATGCCTCGATAGGGACGGCTGTCTTCCGTGTTGTTCCCGTCACACAACCTCGCATCCATGTACTCAGTTGGCGGTTTGCCAGCGTTTTCCTCACACTGGTTTGCCTAGTCTATACTGCGAATAGTGAAACGAGTCGTGAATGATGGGGTGCGCTAAAATCAAGTAATCGAGTCTCGCTTACCTCGTAGAGTCCCTACGCCGACGTTCCCTCCTAGATCGTCGATTCGCCTCGTCCCAATGCGAACGCTGGAGTCAATATACCTTCGCGTGAAGATCATGGCGACGGATATTGATTCATTAGTGCTTTCGACAGACTACGAATCTCAAGCTGCCCATTTAATGCGCGCCGTACACTTGCATTCCCTTTCCCCACGTCAGCAATTCAGATGAATACGTTGCCCTACACAAATATCCATTTAGGGCAGAGTATCTGCAGCAGTTCCAAAGTACCATGCTGTCCGTAACTTACCTTAGGACCACGGTGGTTGGCCGCTAAGCAGTTAACCTTCGTCTGCCGGGGACCTCAGTTTGTGGTGAGTTGACAAGCTCAACTAATGCGGTCTCATTTTGAATACTTACTTTCTAAGTACGTTCTATGGCTCGTCTAGGTTCTACAGGTCTGCAATACCATCTCGCATTGGTGATTTCATGCTTGCATGCGGCCCTTCGGTTGCGCTACGCGCGTCTTACCTGAAAACGAAACCGCATCCCTCGCTAATAGCCTCCCACAACGGGAATACCTGGGCAGCTTACGCCAATGGTCTTGAGGCCTTAACAGACCGTAATTTATGCTAATGATTCGAGCTAGGCACGCGTGTGGGCACGGCGTCTGCTCATAATACCACCTCACCCTTGGGCGTAGCAGATCCTACCAAGCCTGTAGTGATGCACTCAACCTGCAGGTTTCCGATTAATGTAGATCAGCGACCGACC,1247,50.76,Caenorhabditis elegans
SEQ_922423,TACTGAGCGTTCCCCTTATCCGATCACCTACCACCCAAATCGGGTATTGGTACCTGGAATGGATATATGCGCGAGGCACGCATTCCTTTCAGGTCAGTGCATTGCTACCAGTGTTATCAATGTTTAGGCCATTCGAATGAGGACCATGGACAAAGGATCCGGCAATTCTTACTCATACGCCAATTGGCGTCTAAAACCACACTCTGGTAGTTTTCTATAGTGCCTACCTCTATTGCGCGAGTCCTCCTCGATTGTGTAAGTATTCGGCTGCAAACTCTGCCACTTATAATGAGCCTTCTGGTCAAACTTAGTCGAAGGTTAGCGCTCACCATTGTTTGTAGGCACTGCCCGAGGATGCACGATGCGCGCGTTAGCGTATGTGTCGTCTGTCGTGCAGCCTATAGTCAAGTCCTATTAACACCCACAGCTTTCAAGTCTGAGCACATTTCAGCTCGGTTGACGCCCCCCCAGGGGGGTTCGGTCTGACATAGCTCTGGCGGATGGTTATCTCGGCCCCGCTACCGGTACGCCACCCCGCGTCATTTCGAGATCCGCTGCCGGAAACCCAAGCTTCCACGAAACTGACCTACCTGCATGGGGGGGACCCTAGGTTCATTCAAATATACACGGTTGACTTAGTGCCCCACTGCCAGGGTCGCTTACGGGTATAGGGGCTAACAAATATCTTCATTATCTGAAGTACCGCGCAATCACATAGGCCTAATATCGAGGTTCACGCTAAGATTTGCGGTAAACTCACATAGATATGTTTGTCTCCGTATGATGAGAACAGTAGCAAGTGACCAGGGTGCTACAGGTCCTGGTGAGGAGGTCGCTACGTGTTCTCATGTGCCGGGGTCGAGTTATATCGGCGAGTTTGATGTAAGTATTGCAGATCCCGCTCGGAAGTCTCAGTTTCATGCATGACCAAGAGTGAGGGCATTCTCCCAAGTGCTGGTTAGCTCAGC,968,50.93,Drosophila melanogaster
SEQ_584662,CGCATCGTACGTTTCTATCTACAAATTTGACGGTACTCTTTCTGGGAAGCGGACGTTCCAAATGTTGGCCGTGGGTAAAGGACTTCCTTGCCGGGACCTTGTTTCCCGGTAGCAACGCGCCACCCTTAGCTCATGGATTAGACGAGCTAATCGCTGATACATCATCAATGAACTGCCTTCCTCCCAAGCATTAGCGTGATAATGGGTCGTCACCCATCACCGAGCGTGTAGACTATTGAGTTGCGTAGGTGTTCGGGTTGGACTGAGTAGTTCTGACACTGATCCATAAGTCTCACGTGACAAGATTGTGATGAGACGACATCCTTTTTTTCGCGTGGTCTTAGGTTTCTTCAGCCTGGGTTGTCCCCAACTGGGCACCGTGCTGTAAGCCGATACTTGCCCCCGTGCAGCCATTATTGACAAGTCAGCGTCTGGATATAGCTTTCCGACTGCATATGTCTAGTAATCTCCAGTGCACTCTTTACGTTGGCGGGACCCTAGTAATAAGAGCGATTGCAAGGCGGCCGCATCTCTCGTATGGACGAACCCACTGGGGCATGGCGTGTTGGATCGGTCGTTTGAGTACACACCCAGAAGCTCTCCTAGTCAGTTCCTCGTCCGTCCGATTCCGCTGTTCCAAGTTAGGTTCCCCCCGAAGTCCCACTTGTCGTCCATCAACTGATCGAGCGTAATTCATGTGAAATGGGTGAACGCACACCAAACAAAGGCCGCAGTTAAGATGTGAGTATTTACGCGTAGGGAATCCCCACCCGCCGTACAGGGGACGTAACATGACCAGTGTTTTTAAAACGCCAGGCCACCATATGTGTCGGTTGTACCGGTGCCGAACAAAAGAGGGCGCCGTTTGTACGTTTCGGAATTGGCTATGAGAGCCGCTTAATAGTTCGGCCTCAACAGTTTCCAGGTTCGGAAGGCAAGACAGATGTGCGGGCGCGCCCACAACGTCGTCTGTATCCTTCGGAAATAACCAGCACAGGCTTCAACCGATATATACGCACTCCTGCGCTACCTTGCCCAAAGCACCCTAGCCGTTAACAGGATTCGCGCTGATGCGAGCTCGTAGATGATGAAACAATGCTCTCACCCGTAGTGCGGTCTGAATAGTATGAAACTCTTACTGACTCGGGTCCCCTTGGGATGGCCAACATGACTAGCCAGGATGAGAGAGCAAGTGCTTGATCCATCCCGCCGTCCCAGTATAATTAATGTGACGGGTCACTTGCTCACCCCTATTATGGTGGGCGTAATCATCCAATCTAATGAAAGGAGTGTTCCAATGCGAAGTTGCTTACCAGTGAAGAAGCGTGTCAGGACTAACTGACACTAGTGTAAGTGAGTTGCTCGCCAGTTTATTCAAGGAGCACTCGTAGGCAGATAAGTTGTAACCCCGTTGGGGAGGTACGCAGGTCATCGGGCATAGATGGGATGCCTAGCTCGGATCCGCCAAGGCCCGTGGCAGGGGTTCGGGACAGTTACGAGGGCTGGGGTACCACCTTATGGCGGCACAGGACTTATACTGCCAACTGCTGCAGCGTAAGTCCGGATTATCAAACATGCCCAGGTAATTATCAGACTGGACCAGGAATTAAGCCCGAGTCCAGCTTAAGCGTTACTGCCGGATTCCACTCATGCATCAATAGTAATAGCTGAGAATAGCT,1679,51.52,Arabidopsis thaliana
SEQ_161061,CCGCGAAAACTCTCAGTCATTGACCACCGCAGGCTGTCGACTTTGGATTGGGCTTATTTTTCCAGGATTGATAGCTTAGTTCGTAAAAGAATTGGTCAGTCTAGGCTTGGTACATTAGAGTGCGCCACCAGAGACCATGGGGGCGAGGATTTAATTTTCGAGTATAGCCCGTTTGACTCGACGACGCATCTGTGGCCTGCAGTTCGCTTTATTAAAGACCAAATTGGTGCGTCTCTGCGGTCGCCTGTGACAAGGCATCCAGCGGTCACGCCAAGTTCCTCTCGGCACCCTGAAGTATACATCTCACCGGCCTAAGACCCCTGCGGATCTTTAAGTACTAGTCTGAGGCTCCCTGTAGTTCGCCTCGCTGCAGCGAGGACACGTTACGTGAGCGTCCTAAAGTCTATTCGTATCGCCAATTAATGCCCGATCGACAACGGAGACCGGGCGGGGGAAACCTATAGTTACTATGCGGCAGCAGCACTTTACGGATAGTCAGAAGAATTGTTCCTATCATGTAGTGCCCGTGAGCATCAGGCCTTCATCAGGGCGTAGAATTGGTTAAGACCGGTCCGATATGTCTGCGACTACTTCTCATCAAGTAGGGTGGAAAACACGTCAAAGATGAAGGATCAGTCGCCACCGACACGCCATTCCAGCCTGGCGCAACGCCCTCCGAGAATGATTGAATGTTACTAGCTGGGTTTGCGTCCGCATCGTTGGATATTCCTCAATGGCGGAATACGAGACCAGTGCGGCTTTCGTCCCCGCTACTTTCTATATTGTCGGGAGTCGCCTCGGTCCTGAACGCAATAGACACCACCACTTAGGAGTAAATCCAGTCCATACACTCCCGCTCAGTCCCGGTTACTTATAGTATAGCGGCATTGAGCGTGCTAATCTGGCCGCGGGAGGTGGAGGCTGAGATCGCAGTTCAAGTTTATAAGGTTTTGCGCGCGAGGTCTCTGAAGAGTGTTCGATAGGTTGGAATGGTATGTTCGTGCTTTAATGGCTGTGTGGCTGCTTCAAAAAACTGACTCTCAGCAACTCAAAGTATAGACAAAGTTCTACGTGGATTCTAGTCCTGGCCATGTGCCCAGAGATCGAGGACGACTATACTACTCCTGATTGGTTGCGATGGTTGTTAGTCGTTTGGCAGTAATAGTAGTCTAACGGGACGGTCCCGGTAACCTGGTCTGATTAGCCATCTCTCTGTGAACCGTCAAACTTAGTAGCTATTATCAGTAGCCTAGCAGCTGTGGTCGCTTGGCGGATAGGTGCGGTTAGTTCCTGATCCATCCCCGGCATAGATCAATTAATCCATTCTGGGAATGCCCTTTGCCTGAAGGTGACCTCTGAACCGAATTTAGCGGTGAACATCACCGATCCGTCTGTGAAAAACGAGCGCTCAGGTTTGCTCGGTTAGTTGGAGAGAAAATACTATGACGAGCTTTTTTGACTTTGACTACATGTTCGTTACTGAAGACTCCGTATAGCTGTGCAAAGATAATCCGTCGCCAGGAATTCACCCGGGTTCTAATCAG,1544,50.06,Escherichia coli
SEQ_203448,GTGCCGACGTCGCGCATCAGCCAGATCGGCGTGTCCGCCTATAAGGGTGGTTAACGAGACTTTTGAGCAGCAGTTTCGTGCTTCCTATCGACATACTGCTACGTATTTAATCCTAGCCTCGCGAAATTAACGTCAGTTCGCGTTAACTTTCATGCACTGGTCTAATTTTAACATGAACGCCTTCGGTATAGTTCCCTAAGCGCCTAGGGGAAACGTGGTTACAACAAAGGGCTCTGTTATGACGTGTGACATTTCGAGTCTCCTTAAGAATACGGTTCATTGCCAAGTCCAATTAGGATGATCGTATTGTCCAGGTTTAGGAACTTGAACAGCGATTCTATTAGTGATTCGTCTGAGTAAAAGGATGGTCTCGGCTGGCGCGCTAACACTCACAATGCACCTGGGTTGCGAATTCCGTAAGCACCACGTCTATCCCGGTACTACTAGGCAGAATTATGATCGAGACACTTTAGCCTAGAACTTAGACGGTCTTAGGACACCAGGTCTAGGGTTGTACCACCCATTAAGTCATTTTACGTAGACCATGGGCCACGCGGTCACTTGTCTAGACGGTCAAACGGAAACGCTGAGAGCCTTGTGCCGTAGTCTTTCATTATTCTAAGTACAATAATTCACGCGAAAGAATAGATATTTTCCTTCGTAGTACCTCCTCTTTCAGAAGTTCACATGCTTATACATTGATAAAAAAAGCCTCGGAGAATTTGTAAAATACCGAGGGCAGATGACTGTCGACCACGGGCAATCGCACGGCAGACAGTCCGATTTTCCCGTTAATGACCGACTTTCAACACCTCTGCTCGAGAAAGTGAGGAAGAAATAACGGAAAGGTGATAGAGCGTCCGGTCCCGTCGCCTCGAGCCCGGTGGACCGCTAGTCCCGCAAAGCAGCTCCCTGGATAAAGAGGAGAGGCCTACATGATGGGACAATTTTACATCCCGGAGCCCTGTATACGGTGACGAGCTTTTTACTGGTCGACTTCATACTCGAGTCGACGGAAGTAGTGGGTGCGCTGAACGTTCTGTGCATGTTCTGAGACAGGACGTTTGTCCCGCAGCCAGGTGGATAACAACCCATTACAGGCCCGTGGCAGACAAAGGCAATAGCCATCCCGAGGGATTTTTAACCAATTCTCGGCGATACCTATAGAGCATTACCCTATGCCGCACACGCGCTTAGCGATGTGGGGACCTACTATCACGGGTGTTAGCCAGTGTTTTGTGCGCCAGCCCCACCGCTTCCTACGGTCGTTCCTGCGATGCAGCTTGGCCTGGAGGTGGGCATCACTTGCAAACTTAATCCTTTCTCATTCCTACATCGTGGTGACAAGTTTCTGGTCACACGATGAGTTGCCGCTGATGGAGGGCGTATCGAGTTTGCAGGATAGCATAGTTATGTTTGTCCCACGATCAAGCTGCTGGAGTGATTTGGACGTCGGTTTTGGCACCTTCAGCCTCAAGGTGAGCATCCCGTTTTAGAGCCGTCGGGCCTTCTACAAAAG,1519,49.64,Drosophila melanogaster
SEQ_549618,CCTAATCACTTGACGCCACCATCTTTAGGGGCCGGTTTGCACTGACGATCGCAGATACCATTCAGAGAACCCAACGTTGTCGTATGTACAGGCGGTTAATTAATCTAGAGACTTAACTTGGGACCAAAATTGTTTCCCCCAGGAAATACGACAACGGCTTAACAAGAAGCTGTTAATTGCCATGTAATAGACCTCAGTTACCGTTAGAGCTATCCCAGCATAAACTACGAACCGTATAATACCTGGAAGCTTTGGCCACCCTTTGTGAGCACCGTGAGTGGCGGCGTATGAGTAAGGGTACATTCCTCCGAAGTAGCTTTCGCATCGGCACAAACGAAAGCTTCGACGAAGTCCATTAGTGTTGCTGAATTTACGACTCAGATACATCGCTAATCTCGCAAGGTGCGAAGTGCCTCGCTCGTGCGCCCCTCCGCCGTGGCCAGCATTTTAGTGGTCTGCCACGAGTTGTGAACCATGCGGAATTGGCGCCGGGCACTAAAAAATAATTTATACATTCGGGACTACGCGATCAAAAAAATAGGTGCGCGGCTCTCAGTCTTCAACACACTTACATCTGGTTCTGGGACACTTTAAAAGCACATGAGCCGCCAACCCTGCATGCCGGGCGCCCACTTTGTGGCTGGGGAATGCAGATACGATTCGTCGACTTTTGCGCCCAATCTGAAGGGGGGGGAGGCACCTCCGGTTGGAGGCTCTGGTGTCGGGCGTATCTTAATTGACTCGTCCTGCAGAGCCTACCTCTGGTCGACGACCTATTTAAGGGGCCCACACCGGGCTCTTGGTACCGTGCCCAGCTCATGGGAGCCCACGTGAATCTGGTTATTCGATCGAACCAGAGTGGAGTTATGGATAATCATCCCTCGGGCAAACGTACGTTAGCGCGCGACCACCTTATAAAATATGACGTCACTCGCCTATCACTTTAGCTCAAAACCTTCCATGGTTGCATACCGCATGTCGCTCGCCACCCAACATCTTCAGGTGTAAACCTCTGTTCATCTCCACGTCGGAGTCGATGAGCGTTCTTACTTAAGCTTCGATCAACACTTCTATTCGTCCTCTTGTGCAATACATTCCGAACCCCAAGCGACGTCTTGTCTTACGGATGTTATAGACCCGGGTATACCTACCGCCAGTTATATAATTCCAACGAATCGATATAGGTCGCCATAAGGCGACCGGGTGTTTAGGCTACCCCACGGTAGGCAATTGACATATGCTCTGCACCCCTCAGCGCTACTACCAAGCGTGGGGGGGAAAGGTATCGATAGCCTTGTGTATGCCTATTGTGGAAATCATGTATTCGGAGTAGACAAAAACGGCTCGACCGCATTGTGCTCTCATACCGTTGTCTGTTTA,1380,50.43,Arabidopsis thaliana
SEQ_563216,ATCGCAAATTACCCGCTAGGAGCGACGGTTATAACCATATGCATTCATCTTTCTACATGCGCCCGTTCTATGCTAAATGGGTCGGGCATGCTAATCAGAGGCCACGTAACGATGTCTGCAGCGATCGCTCCAGTCAAAGCCACTTTCAACGCTTCAGTTGACTGACAGGTTCTCATCGGTTATAAATCTCTTGCACGTGGTTCACCGACTGGAAGAGGGAAAGCAGATGGAACGTACATGTGAGTTACCGGTCTTATACGCTCAGTGTCACATTTGTTCTTCAACTTAAGATCGTTATCGTTGAGCTAAAGACTATTGGTATCACCAGACTCAAGTGAACACTGGGCGCATGAAACTTTCACTCATGCTAAAACCCCGTGCTGGACTCAGTTGGACCACCGTGATAACTACACCGGTGACTACCAAACAAGGCAGTCGACAGTAGCATCAAGATAAAGTGCGAGTCATCGGCGACATTAATCATGCGGTTTAACACCGTAGCCTACGGGTACGGGAATATAACGAAATAGGTTGACATGGTACTTAAGGTCTAACAGCTAGTCAGCATCAATTGCTGCAATTTGGGAGTACTAAAGGCAAACGGCACACCTCAGATGGGCGTCGCCCAAAACCTAACGGGCAGCTCGGTATTTCATTCAAACAACACTACTGAACCAATTCTGCGGTTACGACAGCAGCCCAGTAGGGTCTGTCCGCAGGTGACTTGTGCTGACTGAGGCGGCTCCGCCTCTCTCAATTGTCACCTTGATGGTGCCTACTTGGCTGCAATCCAAACTTCGTGGCCTCGGATTTGTGCCGCCTCTAGACATTCTATTGACCTCCGATCATCCGTCTTTCGTACTTTATTGCGGACCGTAACCTACTTGACAAGCGTCAGGCTGATCTCGAAAACGACGGATCTCTTGAGAATTACATCCCAGACGTTCCATGCCGTAAACATGTAATTCGGCACCCCAGAGACCACAGCCACGTTAGCAGCTAAGACGAGACTGTATCTAAGCTCACGCCGGATTTATCGCTGGGTACGGGTCCGCCTAGTGCAAAAGCGGCTTCTTAAGATTGCCGATCTTAGGATCGTTGGGGCTTTATAAAGTGCAGGGATTTTCCTGCAGATATAGCTTTACTGCTCGGGGTTGGCTGAACGTAGTCGTGTGGCTTGCAAGCGCTAGCAGGCCTAGGTG,1202,49.25,Escherichia coli
SEQ_591554,CGCGCGCAATCGTCTGAGCGTCCAGCATAGACTCTAGAACCAGCAGGGTATACATTAGTTTCATCAACCAGATCTGCGACCGGAGCGCTTTAACGAGTATTTCGGAGGAGAAATGGGACCGACTTTGAACACAAGAAATACAGTCTTATTTGTGTAATAAGTAACTTCTGCGGGAGGTTTGGCGGGCCGAATCTCGATAGATGAGTACCGTGCACCCGAGTAAAGTAGAGTAATGCTAAATCTGATCTTCTCGCTCTAAGGTGCTCGCCAAACATACTCGGGTGCACGTATCTTTTGGCGCACGCGGACCCTCTCCCCGGTATTCATCTGTGTTACTAACGTCCCGGAGAGTCACCACATCCAACCAGCGCGGGTTTATTTCCGCTCACTTCATGCATCGGATGACCGCCCGGCCTTGAATCTCCCTGCGCGGTTGCAGCCTTCTGAGCACTAATCAGGCGTTGACAGTCGTTAGGTGGGGACTCGAAAGCGCAGTGTAAGTTCTTACTCTCCGAACAACTTATAGTCAATCATGCTGCATCAATAATGCGTTCCTTGACGCTCCGCCGATTTTGTGGGAGCCCCGCGAACGCGTAAGCGGTTCCGGACCGGGCCTCCGGTTCTGGGCTCTACCGAAAATCAGAACTCCATAGCCTCTCGTTCCGCAACGTGAAGAATCCGGCACTCGCGCGAATATAGGCACAGCATCGCGATGATATAGCGCCCCCTCCGTCCTGAGGATAACTGTGGTGTAAAAACGCGATCCCTTCCAGTTATTATGGCGGGGTAGCGGTCTGGGTCCACTCGCACGACCCAACCAACGTTCGCTGTCGGTACGAGTCTTGTTACCAAGCCGCCTCAAGGCGTCCCCATGACACGGCACGGATTACTGATTGTGGACCTCAGTCGTCAGCTTGCCGTTTATGTTGGTCTCCGAGCCGTCCAGCTTTCGATTGCGGCATTGCAGCTCTAGAGGCAAGGGCGCCTAACGTACACGCACTTTAAGGGCATTAACGTGGTTACAGTCCTATTAAAGCAATCAATTGAGATCTTCAATCAACCCCCTGACGGTGATCTCGCAGAGTTGGCGTCTTAACCTCCTGGCGGTGATGTTTTTCTAGTGAGACGGGCGATTAACAACCAACTCTAATTTAGGGTAAACCGGTATCCCCGAAACAAGATTAATGTTCTCGCATAACGGTCACATGCTCATAAACGCAAGTTCAAAGTAACCTCTTCTCATAACTACAAGG,1253,51.64,Escherichia coli
SEQ_495559,CCAAATCGTATTAAAGCCTAGGGAGGTACGTCCCCGCCAATATCATAAGATCAGCCTTGGGGACCCTAGGAC,72,51.39,Saccharomyces cerevisiae
SEQ_616351,AAATCTAAAACTCTAACGTCATTAGTTATTGGAGACCCCCCCTAGCACTACTTACGAATTGATGCTTAAGCCGTCTCGTGATCAACAATTGGTCTATATGCCACCTTGAGTCCTTTTGACGGCTTACAACGACTATTGACGGACGGCATATAACAAAGTTGAGAACACCATTGTGGTGACAGGTAGGTGGTCGCAGAACGAGGAGTTTCTTCCGTTTGGGTTCGAAGGTGGTGAGTGGTCGCGAGAGTCCCACGGCGGACCTTTCGATCCCCCAGTCGCCCCGATAGGGTGTAGTTTCGCCTAAGTCTCTTAGTTCTGTAATTGCATGCCCCGCTACCTAAGGGTCGCCAAAGATGGCATTGGATATTGTCATGTATCTGCGCGACCGCGATGGATCGAAAACCGTCGCCTGTCGGGCTAATTGTTAATGTTCTCAGCTCCTGGTTCGATCGCACTGGACGAATGAGGGAGTGTGGATCTATCTGGCAAGGGGCCGACTGTTGTACGGGTCGTTCCGATGGTCCTGTTGTTCTATATCCAGCTAGTGCAGTCATTGAGCAAGACGGTCCGCCTCACTGTCCGCCGTGTCAGAGCCAAACGATAAAGGGACGGCTTATTCTGAATCGGGCACTAGCAAATACAAAGAGCTGCGGCGCCTTTCTGAAGGAGACCTTGCTAGCGCTGCTAACATGCGGGCGACATTGCATTCCATTTGCCCCCACTCGCTATTAATTAGAATCTAGATGGGTTCAGGCGTAACTCCAATCAGATCGCTTAGCTTCAATAATCAGGCTACCGGGGCGGTATTTCGCCTCGGGAAAGGTCCTAGGGGTCGGTTCACTTCGTCTTCAAACTTCAGGCTTACTTTGCCAGCTAAAGAGTTACTCGCGTACTATAGTTTGCGGTACCCTTGATCTATTTAGAAGCGGTTAATTGAGACGGAGTTGATAATTTGGTTGAATGTCTAAGTGGGTTCATCCCAGTCTATGGGTCCGAGAGAGGACTTGCACCTTGATACGGTCATGAGCGTTATCTAGGAGCCTTGAAGCACCGGTACGGGTTCACACACTGGAATACCAGTTTCTAGAAGGTCGGATGTGTATGATCCCTGTGGTTGCAGGGCTAATATGGGAAGTAAATACTATCTACGGGCTACGAAGCACGC,1165,49.87,Homo sapiens
SEQ_834526,ATCGGCTTCCGCTCCTATGAAACCTGGCAGCTGCTGGTCGGCATCGAAAGAGTTTTCATCTCGCCGTTCTGAACAAAAGGCCCCTCGGCCCGACACAAGTAACCTGTCCTCTACTTTCTTGGGACCTTATATCCCAATATCCAGCCGGAACGAGGGTGTCCCTTGTACTCCCCCCAGCCCCACGTTTCTATGGACGCTAGTTAGACGTTATAGTTGCACCCGGATGCATTGATTGCTTACGCTAATTGTTTAGGCCTTGTGAGTAGAAAACCTGGAGTTAGCTGCCCGAACACAAGGTGAGCTGATACGAATACGGAGTTTTAACTATACTGATAGTAACCGCGTTGTCGCGTATGCGGCCTAGTCCGTAGGACCGCACTTATTTGACCGCTTCACTAGTTGTGGCTTACAGAGAGGCTGTGCGTCGCACAACCGGCTAGGCCTTCTCCCCCAGCATTTGTTGTTTTACTACGGTCCACGGTCGTGATCCGCCCAACTACGACCATTGCCCTGTCGAAGGCAGGTTGTCTGGACTTAAGACTTGTACAGAAGGTTTATCTGCGCTCCTTCATGGAGTGAGTTACTATCCGTGGAACAGGAGATCCACTAATTTCGGGCCTATAAGAGAAACATCGCCTCCAGGTTCGTTTGCACTGTGATTTAGCGTTTGACTGTACACTTGAGCTGAAACATTCATTTATCATAATCTTGTCGTCGGGGTCAACGAGACTCTGGGCCCGCTGATGGTCCCATGTCAACAGGTTCCCGTACGCTCAGTACTGCTACCGCCGTTGATTTGGCACCCGAAATTCGACTTAGACACGTGGTTCAGCGATGGCGAAACGATCGCCTTCGGTGGGCGCACACTGCATGAGCTGGCGCAAGTTGTCCCGCGGCTTAGGCAATTCGGAGATCCGGGCGGTCTGGCAATACGACCTCAATTATCATTTCGACGCAGAAAAGCTACCGAAGACTTCTCAAATATCCAAGTTGAAGGTCCTAATCTAGTTCAGCGCGGCCTAAGAAGAAATAAAATTA,1038,50.77,Drosophila melanogaster
SEQ_647172,TGGCTACGTATTAGGGTCAGGTCCTCAGCAACCAATGTCATGGAATATTCCATCACTTTTTTAAACGTGTTGATCACACACCTGGTCGGATAGGGCCGGGCTTAGAAAGTGAGCGGGCTTCCCCGCGTCTACAATGAGCTGCTATGGATGATGACAGATTGCGTTTGAGGCCTTAGTTCATCATGGAGGATATTTAAGAGATATAGAATTACGCTGTAGCAGACGTGTTGTAGCAAAAAATTTCCTCGAGCAATCGTCGGATAAAAGACACAAGGTAACTGGGGTACGAGGCGCAATCCATACCGGTCGCGTCGTGTTGGAATCGTACAGATTATATGATGAACCTATAGCGCCCTGACCAAGTTTGCGTGCTTTCGTACTGACGGGTAAAAGAGGTGAAAGCGTTGACTCGTGAGCTTCCTTGTCCGGCCACTTGTCGTTAGTGAGTTTCGCGTAAGCAGACTCGATACAGGAGGCCTCGACCAGTCGGCTGAGTATCTCAATGCTATGGGCTTTCTGTTACTAACGCTAGACTATCACCACCGTTTTTCCGGACTAGGTATTGTAAATCGAGCCAGGGGCGCAACGACAATCCGCTGTTAAACCCGAACTAGCCAAGCAAATACTCGTCATCGTACCCGAGTATTCGTGAATCCCGTATGATCCAGTGCCCATCAATATCCTTACGTCCATAGAGCGATGTCACTCTGATTTGAGAGACCTTTTGATGGAGAAAGCCCCCGCGGACAACAGTGAGAGAGTGGATGCGGCGAGAAGCTGACCGAGATGATTGGCGACTCGAACATACAGTGTCCCAGTCGCGCCGGAGTCAACGCACGTTTGAGAAAAGCCGGGTCGGGCTATTCATCTTGCAGGTTACTGATGAGACTCTTCCTGACTACACCGCCCGTAAAGACTTGGTGGTGGCACGTAAACCGGTCATTTTATGATTCTCCACGCTCTAGTAAAGGTTTTGTCTTATGTGCGTAGCACACTGTGTATTCATTGAGACTGACACGGGCAAAAGATAATGAGGCGCCCACCCTGATTAAATGCCCGATGGCTTTGTCTGGCTGAGAGGCTTATGCTATGCAGTGGCTCCTACTGCGTTGCTCAACTTTTTAATTTCTGGATAGCGCAGAATGCGTTCGGCCCCGATAGTACTACTAAGCCGCGTAGACAGACAGGTCCAGCAATATGCTAGTGCGGGTCGATGTTCTTAAGCTTATGGTGAACACGCAGGTAGGTCTATTTTCGCCGAAGCTTTCACCCACCGGTAAGGTGGACTGCAAATAGGTCAGCAACCGCCGAGTCTATATTTCTCCCCATGGATAGCACCAATACGCTTTGTCGCTGAGCGACTTCGTGAGCAATGGACAATTTTCAACGAATGAAGGGTCAACGATGAGTTCACGAAGTTTATGCTTACGACAGGCACACCTAGTGGCGCGACATGTTTCGAAGGATACCGTCGAGCCAAGTTTAGATAGATCTGATTTACAAAAGCCTAGACATACTTTACATTACGCCTATTGTTGCGAGTGTACGACTACAAAAGGTACCTAGGCCTCTCACGCCCAGGCCGCGTCCTCTCCGTTGCCGACGCCAATACAAGGCTTTCGGATGAACAGTTATATCGGGCTGCTGAGGGCCAACATATACCATCCAGAATGCCCGAGTCATGGGATTTGGTGAATTCACGCGGGCAGAATCCGTGAGCTTCACTTACGGCTTACTGCTGACTGGTTACTGTCTAGATGACTGGAAGAGACCATGCTTAGCGTGGTATTAAAACAAGGGGATGATATGACACAGCCTAAAGGAAGTGAGAGTTTTGACTGTTGACGGCGGTCGCATCGTAGCGCAGATGGATGGAAAAAGATCACGACTGAGGTTCACTACCTCTCTACGAAAAATGCAGAGGTATAGGGCACGCCGCTACTGCCATATGCTTGTCAACCTCGGCTCACCTCAGTCAG,1979,49.32,Arabidopsis thaliana
SEQ_778643,CACAAACCAGATGCGCTTACTAATAGTGACCTCGTCTCTTGTCCGGTCGCAATGCCTTTACCACCCTGCTATTCTCTGAATATCTAACGCGCCGCCCGTCAGTCGCCGCCAGAAAGATATTAGAGTGAAAGTACTCTTGCCGAATCAGATTTTATGGAGTTTGTTTCAACAACATTGTGAACGGACAACTCACAAGCTCTGAAGAGCAGAAACGATCCCGGGCGATTTCCATGGGTCTGGGGGGTGGGGCTGTAGTTAGATTGGTTCAGATTGCGACTGTCAGTCAGGTTACGCTGGCTTCATAGAGTCGACGCGGGACATATGGCATTGGTTGTTGGATGTAGCTAATGTTAACATATGAAGGGACTAGCAGACGCAGCAAGCGGCGGAGATTTGCGGAGGACACGCCACAGAACAGGGTGCTGAGTATCGTATACTTCAGAGACTCGTGCTAAGCGTGTCTCTAATTCTCTAGGAAGGACGACGACGACCAGCACGCTGGTGGAAGCCATGTGGATAGGTAATCGGCAGGAACTATCGTCGGGCACTTTGGTACCAACCGAGTAACAGAACTTGTTCCTGATCGGTGTCGATGTGAACTCCACCGGACTCCTTCTAAGACACCACAGTACCATTGCGAGTCCGCACTTATCCCTTAGAAAGGAGTTTTAAGCTGACTATCGATTGATCTCATCGATTCAACCTGTCATGCGTGCGGCCAGTTAGACCGGAAGCGTGCTTGCCCACCGTACAGCAAATGGGAAAGTACCCTTGGTATAGAACTTGAGTCAGATCAAATGCTCCGTAGTCTCCATATTCCACCGTGAAAAATCTTTCATCCCTTCTGCATTTCTCGTGCCGGAATCAATAGCCTGGACCTACATTCAGGAACTGCACGTCCCGAATGCGGACCGTCAGCTCACGACGTAATCAGCGAGACTAGCTGAGGGTTTCGCAGCAATACGGACCGCTTGGTTTACAAGCAGTTTTTAGCGTTTAGGCGGCATACACGGAAAGAAGAGCACGTCTCTGGCTAATAAACCATACTTGCTTTAGATCGTTGACTGGCCTTCGGGTGTACTCAATGAGCCACAGACTCCCTGGTCTACGTCAGCCGGAGAATCCCTTGTTTTGCTGGGCTGAGGTTAACTCTCACAC,1158,50.09,Arabidopsis thaliana
SEQ_248060,GGGTTTGCGGCTGTGGCTTTGTTTATCAGATAGACCTGAAAAGTTAGGAGATAACGCCGGAAGCTATGCCACCCTGCGGTAATACCTTCGGTATAACAAGCTTAGTAAATAGGATTGGCGTACTACGCAGAGGTGAAAACTTTGGCCTGGCATCTTAGCAGTCCAAGCTGGTTCATTGTGCCCGAGAGTAAGCTAAGGCAGAAAACATACTACTGAGAGAACGGCGGATCTCCAGCCGACGGAGCATTTTCCCCCGAACCTGAATGGCTCTATTGTCCAGTGTGCGACGATCGCCCTGCCCTGTTAGTGACTTAAGCATGCGACGAGTAGTCGGCCTGGGGGCAGTAGAGCCTCGTACTCTCAACTACTATTTTATTCACTCCCGAGGAGTGTGTGAATGCCAGGTAGTAGCAAATCAGCGCTTCCAATTATGAGTTCGGAACCATACGACATTCGATAGGCGCAACTGTGCGCTTCTTGCCTTAACCTCCTACTCTCTATTCATGTTATGCGATTTTAGGGCGTCTTCGGTACCAAACGGACTGTATATAACTTTACGTCTCTAACCTGGTGTCACGGCTGTTCGGCTCGTATGTTTTCCTATGTGAAATCGCAGGGCCTCGCTGGATGGCACTGGGCGCCGCGGAACGCGGTCCATACGACTCAAGCGAGATCTAGAACGATTCGGTTATTGCGACCCGACCTTAATTTACGATATCCAAGGGTGTGCTCGTGAAGTTTCAGGATA,748,50.0,Escherichia coli
SEQ_452900,CGGGACCGATGGTCTAAGAAACATGTAGGACCATAGTCCAGGTCGATGTCCCCTACTATCCGTGACTCCGACCGTCGCGTCGGTGTAGAAGATTAAACCCGAGCGGCTGTCGTAGACGGAAATGCTGCATCTAGCTTAAAATTCATTGGTGGACCCTTACACTACAAGCTCAACGTCGATGCGAGGTGGTCAATTACTTTGTGGCCCTTAAAAGTGTAATGGGCAACTGTAGCGCGTGTCGCCACTGCTTAAATACGGCAAGCACCACGAGATCAAGTGGTGACGACAAGTACGCGGACCATTTGCTCTTAGGTTTGGATTGCCGATGTCTAGGAACTCCGACGGAAGCTGAGAGATGAATTGATAAGTAGACAATCGCATTATGCGATTGAGCGTGGCGGGGCTCATGTCGCTACATATACGAGAGGGCTCTGTGGTCCATACGCCTACTCATCCCCTGTCGGATTGGATTCCATGCGTTATCCATAAGCTACCCGTATTTACTATGGCCCTTTAAGTCTTTAATGCTTGGACGTCTGAAATGTTTAGCGATATCGTTAGAACGGGCGTTATGAGGTGACATTGAGCCTGCCTTTAAAATGCTTTTCGGACCGTTAGTTAAACGCCGGTTGCCGATTAGCAGGGGAGAGGCGAGCGACTACATTGGAGGAGTATGCAAATGGAAGAGGGCACATCTGCCCATTACGTGCTCACCCGATTAACGCTCTCAGCTGGTAGGTGTTCCCATTGAAGCCAAGGAGCTTACCAGTATGAGCCTTACTAAACTAAGGGCCTCCATCGGCTATACTGCGTGCACGTAACGTGGGGCCGGTAGCGTGTTGAAAGTGCTGTAACCAATGTATTTCGTCGATCTACGTAGTTTAGATCCGCGGCGAATCGTAGACGTAGCAAGCCGGGGCCTAAGGAATTGCGATCCTTACGAAAGAACAACTTGCTACTGTGCATGCACCGCGACAAGACCAATTGACTAAGTACGCTTTCAAGCGCGCGTTGGACCGAGCTGTAAAAGGAATTCCCCAGCGGCAAACGGCTGCACCAGACGGATGTCACAGAACGCTAGGCGGCGAAGATGGTAAGTCTAAACTTAGAGTTGAGCGTGGCAAATACCAAACGCTCGAGCGATCATTCTGTACATATTACTGATTTCTCGAACTGTGAAAGTATCTCTACGCTAGCACTCTGCACAGATTGGCACATCGGGAATCTATTC,1231,49.8,Drosophila melanogaster
SEQ_297723,TTATAACAAAAGCCATTTCTAGTCCAATAGAACTTATGTTCGCCCGGCGGCGAAAATCCTCTGCCCGGCCGATGCGTATGCTTCTTCCGTCCTAGGCAAATGGCCGCTTGGCCACCTTCACTGGAGAGTCATTCACTGTCGTAATGGGGCCGAACCGAGATGAATAAAATCACAGTCACTAAACACTCAGGACATCGAGGAGCATGGGCTTAGCCCAGATACTGACAGTTCCATTCAACAGTAATGATGACAGATTGGTTCCTAAGTACGGTTCTGTCAGGTGTATATTCTCCGCACGGAACCGACCTAGGATAATCAGAAAGATCTTGCAACTGTATAAAACATCCGACGTGAATGCCTCGGGGGTTCTGGGTTAGGGGTGGATGGCGTTAGGCTAGGGCTGGCGTTGCCCTACAGCTAGTTCCTGGCAACGTATAATGGGATCGGGTGATTAATCTTAAGAGGCCACAACTGGAGGCTCACATCCGAGGCCTGCCTCTAGGTTGCTTGTATTGCGCATGGCTGACATTGTGGACCTGCGTAGTTCAGGCCGAACTCATTTTGGATCCCTCTAGCCGATGCCACATTGGCGTCTATCTGAATTTTCGCATATGACTGCCGCATTCCAATTAGGTAATAATACGGATTCACGTAGAACGTTGGGCCAGGCCAACCCCCTGCGTAAATTACTACTGCCTCGTTGCTTTGACTGACAAGATTTTCTGCTTCTGAACATTGGGGAAACCACCAAGCTCAAGAGATCGCCATCATGCCTGGGTCCTTCTGAGGCCAAAGATTGCACAGAACTGAGGTTGAAGGTCTGCGGTTGAAATTAGCCATCTATCAGCAACTGTACGGAGATCATGAACCTTCGTTCATATCCTTGTAAATGGTCGGGTGTGAACCTCTTAGTCGCTACGTAGCAAGTCGATCTCCATTACCTATGGCTGCGACCCTTGGGCTAGTAGACTTTCCATCTCTGGTTTTGTTGATGCCGTCAAGCCGCTGACTGGCGCCTACTATGATCTACGTAGCCTTGACGATGTATGGCTCGATTGTAAGCCAGCGGCACTCGCATCGGGGATTTCGGGTAAATGGGATCTTTAAATAAAGCGAACT,1119,49.33,Escherichia coli
SEQ_496154,CATGCGCGGGCGCTGCCCCCCAAGTGAAGCCACTAGACCTACGGTAGAAGCGCGCAATCTTAGGCCGCCTTCTCTAGGCCTCTTTCATAGACCCTGCTGGTGTCGTGCAAAATGAATGTTCTTCTTACTCTTGAAGTCAAGTGGGTGTGCGGGCAAAGGGTATCGAGGCACCCATCCGGGTAACAGCTGGTGCGTAAAGTGCAGTAGAGCGTTCCACGGAGCAGCTTTCCAACTCCTTCGTATACGGGACCATGAACTGGCTATAGTTTTTACAACGCCTCTATCATATTCCATAAAATAGGCTCAAAGGCCATAACAACGGTAACGCAGCAATAAGGTCATTGATTTAGCGCCAATACGCAATATACGCACGGTTAACGCTCCGGTTGACGGCGACCCGATATCACACTAGCGTGTTTGTCAAAAATGCCCGCTGGCAGGTCCCACTATTCGAATCACTATCGGTCAAAAAGACGAGTAACGCTGATTGAAGGGCCTACCAAAATCGGCATGAACCCGCTTCTCTCCAGCCTTTCACAGGCTTGGACGAAAGTGGACCAATCTTGCAGGGTCCCGGAATCCACGGTGGGATTAGGAGCTCTGTTAGCGCTCGGCAGGGACCTGGAACGTCGGTCTCAGCCACGGCCGCACAGACCGAAATAGAATTTGTGAGCCTATTGCGCCGCGCTACTCAAAACCTGAAGAATACGGGGACACATCCGCAGACGAATCATGGAACAGCTCCAGCTTGTCCGGGAGATCAATGATCCGACCGATAAGGGCCATATGGTGAATGGCTCATTCACGCAAGAGGCTTGCGGTTTGCCCAATTCAGGACTCTTGCAAGGACCTTTGCACATAAACCCGTTTCCCGCCGGTATGGACAGGGTGCAATCAGAGAAATATACGCGGTAATCCCGATCAATTGCAAATGAAGGTTCCCAGTACCTTAACACGCGTGCAAACCCTGTAGTGACCCATCCTGTTGGGCCCGTCTGACACGGTCGCTCTGGAAGGTACCCGGTTCTTCGCAGGTCTCTCGGACAATAGTGGAGCCCATTGACAATACGCATACGCCCTACCGGCTTAAGATAATCGTTCGGCGTCGCTATCTTCGGCCAACCACTCATCACAAGTGGTAACTCCGCTAATACGCTATGACAGCTCTATGGCGAAAACACGCACATTACCGGTATTAGGATATGAGTGCGGTTTCAACGATAGGGCTAGTGATTGCGAGGGCTCTCAGAAGTCACCCTAAATCATGTAGTTTGCATAGGATCATATGCACACGAAACTTGAACCCGGCAGTGCCAAGCTGTACGATACCTTGCCTACCTGCGGGTGCTACTTTGTTCCCATAATCACATGGCGCAGACGCTAAAAACATCGTTCC,1396,51.72,Drosophila melanogaster
SEQ_498471,GGAGGGGTGAGCATCTACTCTAATCTCGAATCTGTCGCGTGCGCACTTTATCCCGAACAGGCCGCTGACGTATGGTTGGCAATTTTAACGGGACATTCTCCCATCAGGCATGGGTTAAGGGCACCCCACCAGTAAGCGGCCTCGACTGAGGTCCCAGTCATGAATTCCGCGCTAACCCCGCAGCGGAGTCGCTTTTCACTTACTAGCCTAATCCTTAACTGCGCCATCCGACCCACGTGACTCACTAGGTTGGTATATGGCAAATGTTGCTGAGGTTAAGCGCAGTGCGTAGGGCGCCTTCAGTTGTGGGATTCTTGGATCTCGCACACTAGCAGGCGAAAAAGTCTAGAATGTCAGCGCCTGAAGTGGATTATCCCTACAACTAGGAGAGCACTTCTGGTCTTCACATAATTGGTTGCTGGATATGAATCTCGAATCATAGCAATTCCCAGTACAGGGAGGGGTCAAATAGCTCCATTATACGACGGAAGTGTTTCGGGAGCAGTGGTCTCCCAAACTGTCGTTACACACGGCGTATATGGGAAGTACTGTTCGTCTTGTCGATTATCTCGCACACCTCGTCCGAAATTCACTGGGTCATGCCCTCCGTCCGTTAGAATAAAAGTGAGAACCCACGGTCACAAAACTGACGTTCGCGTCGCCGGCTTTACACAGTCGAGACCTCCCCCTAAGGACAACTTGTCTACATACGTCCTCCGGTGCCGGTTGTGAAGGTGTCTGAAGGTCTTACCCCAGGTGCAGAGCACATGAGTAGTCACCAAAGCAGGCAGAAAAACGTTGTTCGTCAAGCTACGTGAGCATGCAACGATAGCTCTGCAAAACCCTAGTGAACCTACCCTATAGTGCACCATAGGAAGATCAAACATTTGGTTCTCACAGCAAACAACTCACGAGACTCTCAGCGTGCGGCAATCAAAATATGTCTCAGGGAAACATTGACCTAAGATCGAACCCTGGGATGCGCACTGCCAAATAGTCGATTCGGTCCATCTCACACGTAGCGGGGTGTCATCGAGCTCGGGCGGGTACTTAGTAGCTCGGCATTCATCATTTTTAACCTTAGATGCATACTTACATCGAGGCGAACCCATGCGCAGCGTATCAGCGTGCATGCTGTATAATGCCAGACTACCCCTCAAGTTGCGCGATACATACACCGTGGCTTTATTTGCTAGTGGGCAAGGGTTGTAGGGTCTTAGTCAATAGAGGATCCTGCGGAACAATGAGTGGTCCCTACTTGTCAAAGAAGTAGGAGTATAGCAACTCGGACAAACGCCGTAAGCAGCTTTCAGACCATTCAATCTGACAGGACCAATAGTTGGATACAACCTAAAATCTCAGCACTTCGTACTGCGATAGGGCTTGAGCCTATGAATAGAAGGGGTACTAGTTATGCAAACATTTGTATACAATATTCAGCGG,1443,49.69,Drosophila melanogaster
SEQ_303910,ACCGTTGCGAAAACTAAAAAGATGCATTTTTTTCACTCATAGTGCCGCTAAGCAGTGGGGGCTGGCCACCAAAAATCCACGCTCATGCCTACGATTCGGTGCTATAGAGGTTGCCGAACGAAAGCGACAAGCGACCTCTTACGCGCTCAGGTGTCGCTGCGGTCTCTCCAAACAAGACTCACAAGCATTTCATCCTGGCTTCTCACGGGCCCATCATTCTCATTAATGCAATTATCAGTATCGAATTCACTTAAGTCTTGGCATCCCGCGGCCATTATATCGAGATGAGCCTATTCTGAAAGAAGCATAGCTTAAAAGTACGCCC,325,48.0,Saccharomyces cerevisiae
SEQ_573967,GATGACTCCCGTATCCGTCGCACGGATGTCATGTCTTGCCAACGGACTCGGACTTCGAGCCACGAAACCCGTTTAGCCTTGCACAATACAGTATCGGATGAAGACGGTACCCTACGACGCGACGTGTGACGAAGGGGCTGGGCGTTATACGCGCGAAAGCACGGGGCATGTAGCAGGTCCGCAGGTGGTATACTGGCAGCTGCGAAGCTTCCTTCGCAGACGAATAGTGCACGGCCCGGCGATTCAATCGTATGTGTGTTTCGCGTTAGTAACTTTAGTTTACTCAAATTAAGCGCGTAACTCAGAAACGATTCAGCGGGTAATATGGACCCCATGACGTTTTATATCTAAAGCCGATCAAATCTTAGTCGGCTGCACATGCAGCGGCACCCCATGTTAAATCAGGCACCCCATTACGTGGTAAGTGGATCATCAAAAGTACCTAATTGGCGTGCCTCGAGCCTCGCTGTGGCACATGGCTTAGGGTGGGATTGGCCCGTAATAGACCGAGATACGAATTGACAAGTTACCATGAAGGCTGATCCTCGCTGAGGAATCTCACAAGTGAATTGGCGTCAACGATAAGTCCCCCCTGTCCGTGAAAGCTGGACGAATCAGTACCCGCGCAGCTCTGATTCAAACTACGTCTTTATAGGATGGTGCCATTGGAAAGTGAAAACACCTGTAAAGGATCAGCAAACAATACCTTAATGATAGTTAACACTTATTTATCGCAAAAAGATAAGGATATTTAAAGCAGCTGACGCATCTTTCCAGGCCGGAAGTTTGAGGGGCCCTCGGTTACATTGGTTTAGTTCCATAATATAAGGTACTTACTCGCTAGACTATGGGCTCCCACAACGGGACATCTCTTGTTGTTCCCTCACATGGTAATCTCTAAGTAGGAAAGCTTGCTTCGGGAGCGTTCCAATTAAATACCGGATACAAAAAAGCAGAGCGGGGGATTTCGTAACGTTGGTTACTTTCGACTGCGACGAGTGGCTCATAGGTCCCGAGCCTGAGTGCTAGAGTTAAGATGCACGGACTGGGCGCGCTTTTAGATCTCCAGTTAACGCACTGTAAGAACTAAATAAAGTCTCCCAGACCCTGGTCTCCTAGAATGAGATAAGGGAAAGCATCACCCATCGAGGGTGCTCCGTATTGCGCCGATCATCCGTGGCACCCACCAAAAAACGACCCCGAGCGGGATCAACTGGCCTGATCTTGTCTCACGGAAGGCGCGGACCGCAGCTGGGGGGAATTGGTACTTTTTAGGGTGAGTAGACGGTTCCTTAGAGGTATAGATGTGTCGTCTTGTGATCACTAAGACAACAGTCATTACCCCGGCCCTAGTAATCACCACACGCAGTACGTCTCAAAAATGTGAACAAGACTAGACAAGCAGCACGAGACGGCCGCATACGGGCTTAACACTAACACTTCCGAACTCTCGCCGCGAGCCGAGTGAATTTCGGCCATATCATTTATGTCTTTCACGCCATTTCTTCACTATGAATATGTGCGACATACACGTAGTATCACTTGGGATAAGCTCGACATTTGGCTATCAAAACGCGATATATGGAAAAAGGATCATCTTACCCTACTATTAGGAAATATAGCCTTTCCGTCTTCGGATATGGAATTGGAAGAGCGGGTGTACGGGGCGGCTAGTCCCCGATTAGGACCGCGTGAGCTGGAGACCACAGTGAGTATAGGGCCTGGTTATGCACTATCTCTTGCAATGACAATTGCTGCCACCGACATTTACCCGCGCCTTGCTGATAGTTCGTGGAGCACCCACTGACATTTGGCCTCCCAAGACCGTACCCTCCGGCTGTTTTGGCTGTACGGCAAGTACAGTAGCGATCCGGGATCATGCCCCCCCGC,1890,49.95,Mus musculus
SEQ_770366,CGCATCCTAACCGAGTAGTTACGTTAAAAGTTCTGTGGCCGCCAGAGCTTGAAGTGGGGCTCTACCAAGACCGGCCGTCCCGCAGCTCCCTAGGATAGGTACCCCTTTGATTCCATTCGCGTTTATGCAAGGCTAACATTCGGGGAGCTGTCAAGATACACTGTACACTCGGCGTCTTGTTTCTGTATTGACGGTTTTCCAAGGGCGGACTAGCCCCAGGTGTGTAGTGACCGTCTGACGAGGAGAGGTGCTATCGTCGGAGCGGTTGGGTGACACGCGGGAGAATATCCTCGCGCCTCTGTCCGTTCCAGTCAATCACCCCGTATACGGTCGGGGATCAATATCCCTACCTGGCTCGGCAGTTATCTTTAACGCCAAGTACCTATAGTACCCAGCTGACCAAGGATGTCGTCTACACACCGTTGCATCGTCGGCCTACCATGTGGAACCTCCCCATGAACTACAAGTAGTAAATGGACGAACCGGGCGTTATCCGAGCCTCTTTTACATAAGAACCAAGATTGTGTAATTTGGTCCGTGGATATTGCCTTCGTGTATTGATAACTAACAGTGGTACGAGAACGCTACATCGTGACACTGCTCGAATCAGGAGAGACGTTTACCGGTAGGATCCAGACGGCGAATGGCGGATAACGAAGACCCCACGCGGATGGCTACCGATACTAACGCTCTCGGTCTTCACTGGGCCAATAATAACCCACATGCTGAGATTCGCTTAGTACCCAGCCCCTTGTAGAACAGAACCGCGGATCTTCTACGGAGAAGACTAGTTGCAGAAGATGTTGCGCATGGAAGTTGCCGCACAATGTCGTAGGTCGATAATGTATGTCCGGACTTCCGCATTCCTACGATAGTAAGTAAGTAAGCCATAGCTAACAGAGTGCTGAGGGTTGCAAGCAAAGCGGACATTTTTTACCAACCTTACCAAAACGTTCGACTATATTTCGGGAGTCGGCCATCATCTAGTGGGGGAGTATGTTGCGATTCGTGCGCACCAGCTCGAGGTGTGGATTGGATCGCGAATGTTTTTGCTCTACGCGAGAAAACGATCCATCAATCAAGCTTTTTGAGGATCGAACCGTAGCTCTTGGCCATAAGAAGCTGACACTGCTAACTAACACGAATTAGCATGGACATTTCAGGAACTAGCCCATAGGAACTGACAAGCCGCCAGCTCCATGTTTTCACTGCGAGCTGCCACTTGGAGGGTTTCTTTTAAAGGTCGAGATGCCACAAGAGACTCTGCGGTAATTAGAGTGACGTTCCCCGAGCGGGCTTCGATTCCAACGCGACGATCCTGTAGTCTAAATAGATTATGAACCATCTATCCCTTGTTTCCATCCAACTTATGCGCAATAAAAGGTTCCCGAAGCAGTTCTTAGCGCAGAAACCCCTGAGAACCTGAAGTGGCAGCACATTTATTGGCCCGCAACGATGCACCGGATAACTGACTACCGTGGAATGAGCGGAAGCTTGGAGTTTGACGGTTGCCATTCGAAATTTCACGCTCGATAAGGAGATCAGGGCTTTGAGCGTTTCTTTGAAGGTATGACACGGATCTACCGA,1587,50.22,Arabidopsis thaliana
SEQ_608297,GCGTTGGCCATCAGCTGCTCAGATGGGGGAGTCCCCCAAACCCAACTATCAACTAAAAGCCTGCGTCACCCCAGAGCCTCCAGTATCCGCATCGTTGACAAACCTTAACGCGATCGAGGTGGTAGGGCTAATGTCCCGACGTCACGTCTTGTTGAAGTGGTCTAGTTGCCGTCCGACCTGATGATCATTCCGCTGCGATCGCATCCACTGAAAAGTTCGTTAGTGTCCGCTGGGACTTGCGCGTAGCGGTACATTGGGATGACTGTTAAGGGGCCGGCAGATCTGGTATCGGGAGTTGACTGGGACGGATAAACTATCAAGGCGTCCCGCCCAGACCAACATTTAGCCATCTTGGCAAGTTTGACGAACGGTATTCCAA,379,54.09,Escherichia coli
SEQ_211366,TTCTGACCTCATAGTAAGCTCAACCCTTTTATTTCTTTGTGTTGAGTCGGCTGACCAAATTGCGTATTTGGCACCGAAGTCCATAAGGTGTGGGCTACGTACCCATATCCCTTGAAGCGAGATCGGCCTGACTCTACAAATCCATTAAATATAGGATCGCAGCACTACCGAGACGTCTCGGTGCGGAGACCGCACCTTACAAGTGACGGGGCGTTAGCTCACGATAGTATCAGAGGGTTCATCGTACTATCGAAGATGAAAAACGTGGACAAGCGCTGCTCGTTTGCCGGTTGGATTTAGACGCTAAAAGTAACATTCCCCATTGCCAATAAGCCCGAGGCCCCAGGCCGGGCATTAGCGGGGTTGAACAGTGTTCATGCCATGAGTATCACCCTTCGCGGGGCCCGTTGACGGGACCGTTGCCCTACTCCCACCCTTCTATTCGGCTTTCTTAATGAGTATAGCTCGGTCTAAATAGGGCATTCCGTGAAGCTGATTGCGGACTCTATGAGTAACCGCCTCAAGGGTGAAGCGAGGGCATGTATGAGGCTGAGCATCCCAGGATTTGCTACCTCCGTGAGGGGCACATATCGGCGACCCTTAATGACTTAAGACTGCTCATTAGCAGCCTTCTGAGCATAGACTTCCGTGTCCTTAACGACTAACAACAGCGCATATATTATACAACCTACGGTTCAGGACGATGTGTAGTCAGTTTGCTAAACACGTCCGTATTGTGCGGTGATTAAAATCCACTTAGCGCGGGCCAGCAATCCGTAGGGTGTACCACTGCGCTGGTACATCCCCGCGGCTTCATTTTCAATTTCCAGAGCACCACTATCCCTTACTCTGCCCAACTATACCAACGGTCGTGTGGGTCAGAAAGATCCGTCACTGTCTTATTCCCAAACTCCTAGTTTCGCGAGTGTGCCAGTAATCGGATTCGAACCCGCTCAGCCCTCAGGGATCCGGGTTACCTTGGCGTCGAATTACAGTCTGCTACCTGCTATAGTTGTGTTGGTCCTGGCCAATCCGCTTTTTCTGCTCTATTTCCCGATAGCAGTTGTCTCGTACCATCTACTATGATAGACTGGACGAGGTCGGCACATTCAAGTAATCCCGACGCCGCTCTATGGGCAGGTTTTCATCTAAACCGAATAGAATTGTGAGAAATAGGGTTGTTCAAGTACCTCGTAGCCCCATAAGCCCGTGAGCTATCACCCAGGACCGCCTACATGTCTGGGAGCTCGTAATTATCAGACTCCAATATTTGGTGTACCCTGGAACATTTGTCCTACTTGCGCATTCGAGTTTGAGGTTGATTTTAATTAAGCTGCGCCTGCCTCTAAAGCCTGGATCTGAACCCCGACCACCGGCGTACTTGATGTTGAAACCGTACCTTCAGACGCTGTGCTCGAATTGGACTGATAGTTCCCTTGCTTTTCAATACAGCCATCCTCATAGGGGGCCAAAACCGGAGGTATACGAGAAGGACCGACTTGTATGAGCCCCTCTCTATATATCATAAGGGAGAAATCCCCTGCATGCGCGCCGTCCGAACCGGAGCTCAGTGTCAACTTGGGGCGCTCTACGAACTACCGACAGGTAATATTAACCAGGAAGGGGCCCCAGTTCGGCCCTTGGCCGAAGCGATGTCCGCTACTTGAAGTAGCCTAG,1677,50.75,Homo sapiens
SEQ_772795,ATCCGCAGTTATTGATAGCCCTGAAGTTGGAATCTTCGCTAGAACGAAATGATAATGGTCTTGTATCGTACGTGGACTCTAACAGTTTAGCGCAGTCCGTAGAACTTGGCACAGACCTCTGCTTTGCCCTAACGCCGACTGAGCTCAGTGCGGCAGAAGTGCCCGGAACAGTCTAATACACCTCCGTCTATTGGGGGTTGCGGAATCCTGACGAGAAGCGCGCGAGTAATATGAGGTGACTAAGTCGACCTGGGACGCTTCGTCGAGCCAAAGTACGCGAACCTAGACGGGAGAGTGCAGCAAATTGGGGTGCACTTATGACAGGGGAGTACAGAGTGAATCGTCCGCAGACAGTCCCCGTGCCAAGCAAATGGCAGCCACGATAGAGAGGGTCTTGTTATA,402,52.24,Caenorhabditis elegans
SEQ_458969,TACTGAACGCGCCCAATCCAGACCGCATCCGGCCATTGTCAACTCTGTTGTTAGATGAACGCTCCGGACCGATCTATTAGGATTCTTGTCCCTAGCCGTGCGTTGCTTAGCTGCGCGAACTAGGATGATAGATACCTATGTCCCGCGCGTCTGTTGTAGCGAGTAAGTGCTGTGAGTCCACGTCACGTGCACGACCGGTGAAGGGCAGCGATACAAGCACGCAGCTGTCGGACTCTGTCGATCCGCATTGGCGATGTCTCAGTGGATGTTTATGGACTGGGTCTTCGCCTTGCATAGATAATCAATTCGACCACGACAAATTCACTCTGTATAAGCTATGTCACAGGCCGCAAAGGAACTTTCTTTCCCTTTTAAACCCGATGAAGCAAATAACCAATCCGATGGCAAACAGATGGTGAGGAACTTAGGGATGTTCACTCACCATTAATAGTAATGCCACTGAAGCCCGGTCACCCAGCAACTTGCGGATCACAATGTGTGAGTGTAAATAGACGCCGGGCACGCTTACTGGATGCGTGGAAAATTCCCTTTTGATGGGTGCGAGCAGATATGATTGCCTATAGAGCCAATGACTTGGTCGCGGATGGGTTGAGCGAAATTTGATGAACCAAACTGGATGTCTCTCACTGGGGACACGTACTTTCAATCACCACTCCCCAATCGAGGTGGTCCTGATTCTTCCTAACATTGCACACCACGGCCGACATGTGCCAAGACTTGTCTTACTACCATCCGAGTGACGACGCCAGTATAATTATTCTGACGACGGCCGAGTCAGGTAGACGGCATGACTTACAATACCCATAATTGACAGAGAGCCGGTTTACAAAAGTCATGAGTATAACCGTTCGTGATGCTCACCACACGCGGTCGTTAAAGTTCTC,905,49.61,Caenorhabditis elegans
SEQ_990278,AACCTACTATTTGCCCAGAGAGGGTGGGCGCGGAGAAAACTATACTCTGCGACGGAAGACACTCAGTCACGGTGGTTTCCCCGATTGTTACCCGTCTTTGAACTCTGAACTCCCAAAGGACAAGCGGTCCGTGTGGGTTGTGTTTCCCCAGACCTAGAAAAAGGGTCTTCAGACCTACCCTCATAGAGGCTAGAGATTGTTTGGATTTAAACTACGCGAAGATGCTGCCGTGCATTCAGCATGGGGATGGATAGGTTACATACGTTACTGCAACAACTGCGAGATGCGGCCTTGAATTCCCACACACTGCTCAATCTAGAAAGTAGTCGTACCTTAAACTTAGATGCTGGGGGGAATATAGCTGGAATTTTCT,373,48.53,Saccharomyces cerevisiae
SEQ_672348,CGTTGTTTACGTCGGACGGAGTGTTTATAGTGTCATGGGGTTATTGAGCTATCGCAAATCCTGCATATCCTACACGCATGTTTGTGTGCGAAAACCTGGCCAGGACAGCTCGGACGTTGCTAGACTGTTCACGCTAGTACCTTAGATCATCGACCTGGCAGACCGCCAAGAAGGTTAAGGATACTGTATACCTGCGGTTCGCGATATTCGACCCGGGCTCGGCATATCCGCGTGTTTCAACAGTTTCTTAGACGTTTCTTACGGGATTCTTCACGCCGTGTCTTATGCGACTACATGTTACGCGTAAGGAACGCGCTCGGTACTTGTAGAGAGTCACGGTGGAGATGTAAGCTCCGGACTCTTGATGCATGTTCCTTGTACCGGCGATGGTTACACTATGGGCCCTCGTGTCCGAGATATTGCGAAGGTCACTCCGTTGTATTCTAGCATGAGGATTGGCCCAGCGAGTCTCGAAACGTCCGAACGTTCCGCCCCTGATATGTCGTCAGCACGCAGTATGCGTTCACCAGCGGGATCCTGTACAACTTCGCCGCCATAAGGCCGCTCGAAGTAGTTGGAGTCGCTGTATGGTGGACGGGCAGAGTTGAAGCCCTTTATACGAGACAATGACTTAGTACTCCGAGGAATAAATGCAGGAGTGACGGGCCTTAGGAGACAGATGCCAAAGCTTACTATGACTAGAGGACTTAGTCCAGTTGCTAGGACGTGCCAGCATTAACGAGGTGACCGGATCGCTACATCCCGCATTCGTAGGAGCGAGAAATGATCGGGGGGGTCGACTACGTACTCGCGGATCCCTGTTCGTTCCACTTGCTAGTTTAAACTCCTTGCGTTGCCTCACCCAATTC,869,52.01,Drosophila melanogaster
SEQ_142739,CTATCAGCGTGGCTACAGTGCTAGTCTCATCACCAGATGTAAACTTAATTCTTGCCCGGATTTATTAGACGTCGCTCCGATGAGCATTTATCCCCCCGTATCGAACTCATGGCCGCCCATCCGGGGGGGTGAGAGGAAACATTGAAGAATAATATAGCTAAATATCCTAATGGGCTTTCTTAGTGTGAGAGGAAGGCTGCTATTCGCCCTAACGGAATCGGCTCCGGCGAGGCCTAGGTTGTGGCCGCGGACGTCTACCTCCAGCATACCTGTCGAGCTTTAGGCACAACCATCTCATGTTCTGGTATTAACAATGAAGTTCGTGCTCTGAACGCTGGCCTTGCTATATTAAAATCTATCAGCTGCCAACTCTCATCTCGCGTTTATTTTCCGAGTTCGTTCCCGTGTAGCCCTACCGGATAAGGCCTGGCGCACGAGCTGTCATAACTAATATTGCGGCTTGCACCTTGCGGCAGGTGTCACCGGGGCGAACGTTGGCGATCACGCTGGTCAGAATCTTAATAGCAGCTTTTAATGCTGCCTCGCACGTCCACCGCTTGAATTGGTTTGGCATTGCTAGCT,582,50.69,Arabidopsis thaliana
SEQ_248110,AGTTCGGCAGGGGCACTCTGTTCGGGACACTCCACTTTCGTGGAAAGATCCATGATGTTCCGCATGTCGAGAGTCCCGGATACTTGAAGTGGCTGATGTCGAGCAGAGCGTTGTGTGCGTTACCTCCATATGACCATTCCAGGGCTATGACGACCCCTACTGCAGAGCAAGCTTCTGTCTGTTCACCAGTATACCTACCTTTAAGGATCTGACGATTCATTGAATGCTAGAGCAAGGGATCCAACTGATCGTGCGAAACGCTGGGGGCTCGTCGGGGTGGCGCTTGGCGGGATTCATCCAATTCCGGTACAGGGTCGCCTGCTTTCTCAATGACCTGCGCAATGCGGGATCTAGTCTAGGTGCGGCGTTATACACAAGGGCGTGTCGGCCTTGAGGCCTAGGTGGAATGTTCTAAGAGTGGGGGGACAGATGGACGTGCATTTTCGTCGGGAGGGTCCCCAGGCACAACTGGAGTCCTGATGCTTAGAGGGGTCCGACCCCCTCAGGAATTATGCATTGTTTTATGCCAGAGGCCGCGCTTTTACACCGTGATGTAACTATAAATTGAACATGTCAAGCTTGCAAACCACACATGCTAAATGATCGTGCTCTAATTTTATGGAATTTCACTATATCATCAATTCACAAGTACTAAACGCTGCCCCTTAGATATAGGCCATAGTTATCGCGTTACCTCTGGACTTGTCGAGATCCGATAGATAAGTACACTGTCACCTGTCACGAACATATCCACGGTGCACTACTACACACCCGCAGACAGCAGTTCAAATTGTTCGATTTGATCCCGTCACGAGCTTGCCTCGACTAATAGTTTCTCTCAGTTGATCCCCGCTCAAATACAAGGAAGTCAAGGAGCTAACGTACAAAGGATGTGCAAAACTGTGCAAAAACGTGCACATATCCGCACTCTGAAGCACTACTATGACCGAGCACACGCAGACGACTCCTCCAGTCTGATCAACGTGACTGTGCTTTCTAAGACGAGCAAAGGTCCGGGCCCCA,1023,50.34,Saccharomyces cerevisiae
SEQ_957187,AATCTAAGTCCATTAATACGTTGGCGTGTTTCTCCTGCAGGCGGGCTTGTTGTTGCTCATTCAACATCTAGCCACATACTACTCCCATCGACAAAACCTTCTGAGCTTATAAGTCAAGCTAGCAGTAGCAGGCTTCGGGGATCGATCTTAAAGTTTCTTTGTGGCAACGTAACTTCGTACCTCTCCGTAAACGCCATATGGGAGGGTGCCATAGTCCTTTTAATGAACAAATACATTTGAGTTACCTCGGCGAAACACCGAGGACATCATTGTCATCGAAAGTAATCCAATCGAGTGGGGGAATTACATGGCGACAGTCGGCTTAGCCATGACCTTTCTCATAAGTTGGTTTTTACGTTCCTCGGACACAGTAACTGATCGGCACGAACTGTTGAAGAAGCTTAAACCGTGCAACTAAAGGGGCTATAGATGCAGATTCCCGGTGGCACTGGTCTATATGACTATAGTTGTCCTTTATATAGCCTTAAAGATTCCCCGAACAGTTCTTGCCGGAGCTAAAAACTCAACTTTTGGGGGCATCGTACACTATTGAGATGATGTGTGGACTCCATTGCCGTTTGTGTCAAATCTTCACGTTCCGTTATGCGTGCGGGTGCGTCGAGGATTAATGCCGTGCCACTACTCGGCTGCGCATTCGCAGTTAGTCTCTTAGTTAGCGGTGATCTTAGTAAGAGCGGCTCCCGCATTTTTGAGGATAGAGGTTAGACGCTAATTGTAGTTAGGGTGTGACGTACATGAATGCCGGAATCGACAAGAACTCCACGATGCCGGAGCGCTGTGCGACTCGAACTAATCCAGATGTATAGACGCCCTAAAACAGGCAGTTTGCGGTTCCCAACTAAACGTTATCTCTGGTTGCCCGGGCCACGTGTCCATCTAGCTAATACCCCTGTCAATATCAAGATCACAAAGAGGCGGGTTACGATATACCCAGAATGGTCGTCGGCGTATAGGTTCCACTCTCCATCTTCGACAAGGTGTATGACTTAATTTGCATCGTCTATAACCACAATTAAAAAAGTCCCTCC,1049,46.81,Escherichia coli
SEQ_315924,AAGACGTTCGTAAGCTCCACATTCAGTTCATAATTCCCCATGGGTCCTAATTGCC,55,45.45,Saccharomyces cerevisiae
SEQ_926639,AAGTCCTGCCCCCAGGTCGGGGCAAAGCGCGCGGGTTCTGTCGTTGGCATATAAGGTTTGTTATGGTCCAGGATAACAGTTGCAATCAAAGTGCGTTCCATAGGGCATGACAAGTGTTCAAGTTTATTGAGTGTAGCAATGCATAAAACTATTCAAGCGCTTTGAGGGTTCCTCAACCACAGTCAGGAACTACCGGCGAGGACGTCAAGCACGTTACCGAGCTTGACATATTTGATTATCACCTGATAGCAGCTCCCTGTCGAGAGACTTATTGATGTAATATGCCCTATGTACTGACAGAGGGCTCAAGTAGCCCGCTTGCCGGGGCGTTGCAGCAAATGGGGGAACCAGAAACGCGAGTCTCTTTGGACTGGTAGTTAAACGCACTCATGTGCTTAAGATTCAGATTGAACCCACGGGACTAGACATAAAAATATCCTGGCCTTTACCTATTCGTTGGAACATTTGCCTGGAACCACCACTTCGTGCAGATAATCCGCGCTTGTGAACCGTAGTGGGCCACGGTTCGGTAACGATCGGGGCCGTTGAAGCGGTCGGGCTCTCGAATAGGCCGACTCAGTTATAGGTCCTGCGTCTAGACCTGTTTGCTCTTTTATATGTCCCGGACACAAATGGGGCGTTTTGGTCATCGCCCAGGTGCCATGCTAATACGCGTCTGTATGCACGTGAGAGACCCTCCCCGGAATTACTGAGGTCGAATCTTGGGATCAGGACACATCCAGAACTCCAAACACACTGCACCGGACAAGGACGTTTGATAACGATAATTGCGATTACCCACGCCAGGGCGAAACACCGGCGTGACCGCTGTCGTGCCACTCGGGCCATGCGATCTCCTATGTTCCTGGATTTATTACACTCAGGAAATACCCCTTGTCCCAAAGGAGCTTGGGAGACCTAGGGATACTTCAAAGTTAACTTTGGCGACAGATTGGCGGAGTACATATACACTGAATCGACCTTTTACGACTGCAAATAAAACAGCTCGCGATTACCTACTGTCGTCAGGTGACTTTACCTTGTCCAGTTCACTTATTGCAAGTACACCGTGTCTCGGCGCGTAGCGACTTAAGCGCTGTAATAGCAGAACTGCT,1115,50.13,Mus musculus
SEQ_296626,GAAAAGGAACCTGAGATTAGCTGTCATATTGTCCGCGAATTAGCGGCGGGGTCGACAGTTAATGAACCGAATTGGGGAGCGGGTACATCTTCTTATTACAACCTACTTCTCCAAAAGTGTCATTCACCTTCCGAATCCACGTTGGGGTCACGACCTGTCCCCTAGTCTGTCGACACTACATGGTCGATAGTCTTCGATCCGCAGATGTGTCTCGGTTAAGCGTAGGCTCTACAATTGGTCTGCAGAGGCAAGTTCACATCCGAAGAGACAGGGGCCGCTCAGCTAGCTAGCGGAAGCACTTCGTTCAAAAATTCTACACGTGTTTCATATATCGTCCGACTCTCTGTTTCAACTTCCCAGTGGTATTTTGTCACGTTCGGGAGACCCGGACACCGCACACGGTTTTCACAAGTACGCTGGTCGTGCACCACTGTAATGTCCAGAGAGTGTAACGGCGTCCCTTGGCCCACACGTCCATTTAGAGATTATTTTTGTACGCCTGCACTCGCAAACTGTGGGGCAAAACTATTCCCTCATGATTACTACTGTGGGCTTGACAAGTCCGATATACTACCCCTCCCACCCACATG,590,50.0,Drosophila melanogaster
SEQ_950601,GCCTGAAATGCAACGGGTAGTCCGCGCGTCCCCTTTACGCCATCTTCAATTCACGACTGGCAGTAATTTGCCTGTGAGTCACACTTTTACTAGGGACATTCCATATTTAGCTCGATCTTGATAGGCGTCCGTCCTTTCGCTGCACGCTTGAAGACTTATTGGCGTGGGTGACGGAGCCCTGGCTAATAGGAAGTATACCACTGTTGGTCGAACTCAGTGTCTTCCCTATCGATTTGCCGAAGGCCCTCCGGGGATCTAAAACAGCTGCCAATAACAGTAAACCGGTTAGGGACAAAATGGGCATGGGGGAAACGTGGACTAAAAAGCCTCGTTATAGACGGGGCTCCAACAGTGACTCAGGCAAGACCCCGTTAACGGATAACCCTACTAATTCCAATAGATGTGATCTTCCTTAACACGTCTGAAGGACCCTGAGGTCACGTTAAATGAGAGGGGCGACCCCTTAGACGTTGGGGCAGGTAGCGGGCTCCACAGATACGGGACAGACTGCGTCCATATAGTGTATGTTACATAATAACGGTCTCCCCGACGTGAGCAAATTGAGCAGCAACCGGGCATGTAGTATTAGCCGGCGCCATCTGACATAAAAACAGGCCCAATGGACGCCCGTCCTACCATAAAGGAACAGTCCGCTCATCCTAAGGGTAGTCTATAGGCACGACTTCGCCCGGGGAGATGGCCGTCCTTTCCAGTCGTGCATCTCAGACGTCTTAATCGTGCAAGTCTTCACCCCCGAGTGATCTGGGGGGCACAGTCCTCTATGACTGTACATCACCGAAAGATATGTGAATAAGCCAGATAAGCAACAGCGGTAAACCTTAGAGGATGCCAAAGGAAGGGCCCTAGATCATTTGTTACCGGATCCAAGGCACTAGGTGATATGACAAAAGCCAGCTCTTGCCGGCCGATGCCAAATTTACGTGGTAAGTGAGGTCTCCCCGGTCCCACCGGGCAAATATGATTTAGCGCAGAATAACTTCCGCTAGTATATATGTGCTAATTTTCACTAGGGGTGTAAAGCACCCGACACCGGCGATGGTTTATATGGACCGGCGAAATCCTAAAGTAACGCCCGGCGATGGAGCCTACAAGCTAGTCTCAAACGATCTGAACCGATGGTAAACCGTAGCACCCGGTTTCGAGGAGCCACCAGGCGA,1178,51.27,Homo sapiens
SEQ_565976,TTGATGCTGAGACGAGGTTCCGTGTTCAGTAAACGGCTGCACATAGTATTGGCCAAAAGAGCTGCTCGAAATCCCATAGGTGGAATTAGTGTTATTTATATAGGGT,106,43.4,Homo sapiens
SEQ_474369,GAGATGACGGTGCTCAGAAGCCATGTGACACAATGACAAATATATCTCGACGTTCAAGACGCGAAGTCCGGGGTCATAGCTGGTGCGATCATGGAATTTCTGGGAGGAAACGGTTAAGTCCAACCGCGGACAAGATAGCGCGTAAAAATGCTGTTGCGAGCCCCCACATCCACCCGAATCA,181,51.38,Mus musculus
SEQ_554405,CCGTACTAGAGATGTGGTCTCAGGCCTGCGGTTGCTATAACCGACTCCAGACACATTTTGCACTGACGCAGCCCCATGTTGGAGGGCCCCAAGCCAGATCGCTCGTGTAAGTCGTTCCCTCCCGGGTACTTCCATGTCTCTCAGTCCGCGACAGCTGGCATCACGACAAATCACCGCAGTCGGAAGTCGCACCGCTAGTGCATTCCATTTTGTTGTTACACTCATCGCTCGGGGGAAACGATTACTACGTTCGCTCTGAGTGCGTTTTAAAGTCATTCTCGTGGCGATAGCCGTACTGAAGTGATCCCCAAATAGGACACCCAATACAACGTCCTTTGATATCTCCTAGAAAC,353,52.41,Drosophila melanogaster
SEQ_123369,GGCGTTGGACTCGCTTGCCCGGACTGAATGGTGTTCCGAGGTTTAACGTACAGTTCTTGTCTTTAAACCTCCTTTCGCAGAACACATCACGTAATTATTTTATCACGTTTCGCTGTAGGTGCCCGTGTATGTATGACCGCCTTCGTTAGATGTTTGACCAATTTCGGTGCTCAAACTGATTGTTACAGTGCGCGGGTGAGTTATTTGGCTCTCCGGACGTGCCAAGGCCTGTGGGGCGTGAGAGACTAGGAGGCGAAACATCACTAAGTCCAGCCGACCTGGCGACATCAGGTCGCGAGTACGAGATTTATACGTTTGACGGCGGCTTCTTGTCATTCACAATTCATTCTTGGAAATTTCACAACGG,367,49.32,Drosophila melanogaster
SEQ_979939,ACAAGATCGGGACGCCAATACTCGTTCGCTCGTGTGTCTCTACCTGGCGCCTTCTGCACTCAGTTAATCCGACAGGTAAAGCGCGACAGGAAGACAATCATAAGCTGAGACAAGGACCATGGGATGGCATAATCGCAGAAGCATCAACGAAATAACTGCTACACACGAAACCGTTTAAGTCCCCCTACTCTGGATACGTTTCTATTCTGGTAGCGGATGGTATGCTGGTGCGTATTCGTCAAGTGGAATCAAAAGGTTGCTTTTCGGCGTTCTTGAGGTATGGTGACCG,289,49.13,Mus musculus
SEQ_681760,TTCGCGATGTATAAGCGAGATCTGTAGTCCATGCCAACTATAGTTTCGGACACACTACACTAACCGGTGTGAGCAGAGTGGCTAAGGGCAATAAACGGCAACGCAGACAGACCCTTAAATAAGTACAGCATTATCACATCCATGCGCGAAGCTGATATCTAGGTATTTCACAATCTCCCTTAGTAGTCGGCC,192,46.35,Caenorhabditis elegans
SEQ_977004,ACAACGCCACGTTTTTCGGCCGACGTTAGGTGTTACCGATACGACACGTCTCGCTTTATGCTATATATCAAAACATAACCAGAGTTCAGTCCATGACCCGTCCCTCCGCACTGCTGCGGATGAGCAGCACTCGTTACACCCATGGATGGGGCCCCCATCGCTGAGACTGAGGGTGTGGAAAACTACTTTAATCGGACCTAGGTTGGGCCTACAGTTGTTGCCTACTAAAGGTTGCATTACAACCTATAGACTCCACTGCGAGTCTGTGCTTCGCTGTCGGTGCATCTGTACAGTCAGTCTACACTCTCTAGTATACTGTGCCCAAGACTTCATCGGGATGGAGAACAGGTCATCGTGTATAGTCCGCTAGGGCTGTGCTTTCCTGGTTTACCATGAAATAGTCATGTTGTAAGCGCATGCAGGGGGGTTTCCCATGCAGACAGCAGCGGCCTCGGCTCTGTGGGGAGGGTGAAACTTACGTGTTAACCCCGGCGTGGCCGACGCTCACAGTACAGGACTAGTCAATAATGTAATGACCTCCGCAACAAGGACTCGTCATGCTTAGTACAAATTCCTACACCAGCGCACAGCGAACATACAAGTGACACCGCCACTGATACAATAATTACGATGCGGGGAACTCTTAAAGCGGTCTCGAGAGGTAGGGAAACAAACATGCTGTCCCTAACCGTGAATGAGCGGCTTTAAAGACATGAGTGAGCTGTTACTTAGTGAGTATAAAGCCAAGCTGCGTATGTTAGATCCACGAGTCCCAGCCTCTGTAAAAGATAGTTTAAATAGGACATTGACGAGATCTGAAAGAGGGGTAAACTGCGGGATCGTTGTGAGTCGGTCATGCACATCCCCTTTTCTCCGTCGACGTTAAGTATCCGGGTACTACCGTGCTACACATTTATA,918,49.67,Caenorhabditis elegans
SEQ_515517,ACAGGCTAGGTGGTCGGAAGTGGACTTGTCACACACCCTTACTCGCGCCGTTCTAGTCAGCGGCGAGGCGGTCGCGCTGGATCAATGGCCTATTAGCAGAGCGTCGGCGACCTAGCGAGACGAAATCACACGAACAACCATTAAGTCGTCGACGTATTGTTCCAAATCAGGGAATTTGTATGTAGCTTTCCTTTTATGTCGCGTGCCCTGCTATCGTCATCGAAGTGCAGAGAAAGTCAATACCAATAAACCATGGCTCGCCTATTCGCTCACAAGCAGTAGGTAACAATACCAAGGTTGCAAACCATGGGCCAGTTCTAAAGAGGTTCAGGTACGGGCGGCGGAAAATAACTATGTAGACGAACGCCCGATCCCCAAAGTTAGGTGTATACCAACGAACTCTTCTGCGGCACGACGACAGCATGTAGCTGTACCCTATCACACATGCTCAACTTTTAAAGAATTGTCACCCTTTGCCAGATATGAACTGGTATTTGACCATCGTAACATGTACACCGGGGAGCCCACCAGAATCGAACATATCCGTGGAGAGTCTTTAGCAGAAGATATTCATGGCATTGTGGCCAGTGGTTCAGCGACACCGTTGTGTAGGCAGGTCAATCTGGCAATTACAGTTTGACAATGATTTGGCTGACTTCCACCAACTCCAGTCTAACAGAGACATTCATCTTCAAGTGATTCTCAGATCCCAGAAGCGCGATGAGAACCCGATAGAGTATACTCTTGGTCTAACCTGAGTGGTCTGAGAACTCAACAGGCGAGACCATGAGTGCCCATGATCGAACGCGACGTGATATTCTAATCTTGGAAGGCTGTCATCGACTGTAGGCTCCAGTAAAATCCATTACTGGGCCGTGGGTCCGCAAATGATACGTCCCGGCCAACACTTTACTACCACGCTGGCTGTAGCCGACAGTGCCTACATGTCCATTGGTGGGCGGCAAAGGACCGTCGTGCCGCTGACCTACCCCCAATGGGTGCCACCTAACCTGCGGCCTGGCATTATGATGAACAGAAACGGTGCTCAAATATGGCATATCTGAGTCAGTGTAGCCCTGAGGGCTTAGTCGGTGGTCTAAATCGCATCTCCCGAGGCGCGGAAATCAACTGACCGTACCTGTACTATATCCTTTCACTAAGATGAAACGAGGATAATCTCACTGGACAGTACCTACGTCAGTCTGAGGGATG,1212,50.08,Arabidopsis thaliana
SEQ_282120,CATACTCAGCCCTGGGTAGGGCCTGCTCACCGAACGACTAATCGGTGACATCTGCTTAAACCCACTCGGGAGTCCGGGGGAGACTCCCCTGTCTGATGACTGGCATGTTTACGGGGTCTAAACATGCGACTCCCGAGAACGTGCCCTTTTGTGCGACCTTCGCTGTCGACCCGATGCAGGATGGCTACAATTCTTATTACCAACATCCAAGCGTAGGAAATGACTCTTAACAAGGGTACACTCGAAGTCGCCAGTTTGACCTCTAGAAACCCCTACAACGCCATTCATACGATGGCTCTCTGACCGAAAACGAAGTGTGCGGTTACCATAAGGTGGTATGAGAACGAGTGTGTCGGCCTATCAGATAGCGAAAGAGGCTCAAATTAGCGCGGTCACGTTCTTTTCTGTTGATTCGCGCTTAACAAAGACTCCTTTTGAGCCCTATAGATAGCCATGGTGTTCAAAGCAGCGAACATACTTGTAGTAATCGTTGTCATAATGCGCCCATGGCCACATCTTAAAACAGAAAGATGTTCCGGCGGGGCGCACCGTTCCAGCCTCTTTTATCGCATCAACGGGCTGAATCCTATTGACTTCTGATGTAACGGTTGTCTTTAAAAAT,622,49.36,Homo sapiens
SEQ_735075,AATCAGTTCGTCGTCCCATAGTCATAAGCAGACATCAGTAGACTGTTAATCTTTAGGGATAGGCGTGGCATTCATATGACCCTGCCTAGCTCGACATGTACACCAAGCCTACGTTACTCCGACCATTCCGCGCTGCTTATAGGCACCAGAATAGACGCGCGCCGAAGGCCAGACCAGGACCCGATCCACTAAAATTGAAACTCGTCCAAAAGCCCTGTGATCTGCTTACGCGCGTTGTACTGGCGCTACACTGCCAAGATTGCCCCCTCGGCCAATTCTGAGACCGAAATGGATAAGGAATCAGGCCTTATTGTCCAAAAAGACAACAAGAATGCCACCATTTGGACCTTTTCAGAAATTGTTACCTTCGCTAGGTTTTTCACCTACGGCTAACGGGCCGAGTGCAATAGGTAAGACGGACCCCCCCCCCTCGGTTTATTGGAGGATCTATTTTACTGGACCATTGGCGCTACAAGGCACTGGTGGCGCGCCTGCGTAGTACCACGAATAGAATAGCAAGAAACTATGAACAGCACGACCAGTGACACCCAATATGGATAGGGAACCATGCAAGACCGTGCTCTCTTTCTCACCATTCGCACCGTGTGTAGCCGGTGCTGCTTATAGTGTCTGACTAAGCACTGCTAGGCAAAATTGCGAGAGTTGGCTAGAGAACACCTC,681,50.37,Escherichia coli
SEQ_131970,CTTGTGTCTCAAAGAAGTCGAACCTTCATGAAAACGTAAAGGGGTGTTAAAAATGGCCGGTCTTTTCTCCAAACAAGCCACCAGTTATGAGACAGGGGATTGGTTACAGTAGTATTTTTAAGGGATTCGTAGATCGTCGTAATGGGTCGAGGGGTAATACGACTGGGACCGAAGTCGTCTTATATAGCGGACAACTCAGGATCGAACGCGCCTTTGCGGCAGAGCTTCCCATAGCAACAGTTCCTTGGAGGAGAGATCATTAATCTCCAGGGTCTGCTTGCTAACCACACGAAATGACAAACTGACCGATATAGCATCTGCGCCAACAATACGGACAGCCTGGCTATGTACGAGAATCTGAGTCACGAGATGCCCCGGGCAACGTCCCTGTTATCAGACGGAATATGATATTGGTTTTCTAGGCTTCACAGCGGGTAAAGGGAGGATTTTACTTGGAGGTACATTCCCTACAACCGGGTAACAGCACGCTTTATCAGTAGCAGGGTGGCTCGGCCCTGAGAGGCCCTCGCCATGAATGGCAGAGTCCGGACCTTGAGAGTTGTGCGGCTATCATTGTTAATCGGGTCCGGCCTAGGTAGGACATCGTGTAGACTCGGCCTTTCGTACTAAGCGACCGTCCGTGAGCTGGAGCTACGCTTTGTGCGGTACATTAACGCTCTAGAATCCTGCGTGAGCAAAGCTCACTTGGCGTGTGTTACTGACAGCCCGGTGAGTCTAACGCTAGCATCTCTCAACCGGTAGTGGACATATCAACGGTGACTAGCACAGTTTGGCTTATAAAGTAGGGTCTATCGATACCGATACTATCTACTCCGGTGCGGTAGGCAACATAATTGACAAACCCCGATATACCCATGTTTCCAGAGTACGATTATTCGCACCTCGAACGTCACAGGGAGCTCGGACTGTACCACGCGAGTCGTGAGAACCCCGAGCGTCGTCTTGTTAGTGTTCGCGGGTCACGAGCACTTGCATATTCTTCGCCCCTCAATTCTGGCCAAATTTCTTGGCGCATATTGGGTGGCGCAGAAAGTCGCATGCACCGGCTCCTAGTGGGATTTGCCCGCGACTGAGATCCCTGCTGGCGCTGTCAGACCCCCACATAGTAAGCCGTGGTCAGCCCCCTTCCAGCGGCCAGATTGCATGCGTGTTGCACTACAGCAATTCGGCAAGATCTATTGTTAGTGTAGAAGTTGTCGGATAGCATACTACGCGGCAGCGCTTGCGGCCACAATTACACAAAAGAGCGTTAAGATTACGAGTTCTTGTCGCTCGACGGACACCCCCTCCCAACTGTGACGATGCAAGGGTTCCGGATCCACGCATTAGTCTCTGAAATTTCCAACTGACAGGTATCTATTAGCAGTACCCCGCATTGGCGTGGTAACCAAAGAGAGCGAGCGGAACCATGATCTTGGAGGTGTAGGGACTGCGTCATGCTTGTTGCCGTGCTGGTCTCGTTAACACATCATACGGGTCGTCTGCA,1507,51.56,Drosophila melanogaster
SEQ_711999,GTCAAGGATATCGGGAACAACGAGATGCTTGGCAATGCTCACACGGGCCAGTCTGCATATCTATCATACGGCGGGATTCGAGACAGAAATACGGGCGTTCGGCTAAAGTGACTTTAGGCCTACACCGGTTCGGTTATAGCACAGAAGCTACGTATCTAATAGGCTGAACATTTTATAGTAATCGCGCGCCATAAAGCGGTTAAAGGGCAGAAATGCATTCGTGATTATCACCAAGCGAGTCCACTTTACCGGTTACACTGGGAAAAACTGTGAGTCTATTAAATCTAGTTCGGCGCAAATTTTGCTGACGTCTGCTTCGAGCCCGTTTCACAACATCA,338,46.75,Arabidopsis thaliana
SEQ_529290,GAACACCCGTACGGTGAGGCGCAAGACCCCCACCGTATTAATCTAATGAAGCCTAAAATTTCTCGTAACTCCACTCTATTTTTTAGCTATCGACTTGGTGTATCTTATCGACGGCTACCGCTGAGCGTCCCATCGTGAACTATCCCCGAGATCCCTCAACAGCTCAGAACCCACTGAAACAATGTTGGCATGGGAGAGATAATATCCCTCAATATCGAGGTGTAGCCTGGGGTCCCCCTATAAGTAGTCTTCGCGACTGTAAACGTTATAGTAAATCTTCGCCAGATTGCAGAGATTATCATGGACGGAGTACGATGCGCCGGGGCAGCAACTGGTGTCCACAACAAGGCCTCCAGTCGGCCTCTCGATACATCATCAAAGTCTAGTTGTAACTGCAGAGGTCTTCTTGCCAGAGTGCATCGCCTTCGTATTTGAGCATTTGTGCGGCGATAAAACGCGAGATAATAGGTTCTAGGATTTACCGACTGTCTCTCCAGAAGTATCTGCTTCGGGCGTGTAGGGTCTTTTGGTTCGTACCGGGGTTTCGTTCATGGGGGACGAACGTGGGCTAGTATGTCGACGAGCCACTTGGGTACCTTGCAACGGGCTAGGCGCGTAGCATCCAAGGGTTCGAGACTACCCGGTACTCGTAAACAAGGCCCAGCTGGAAAATATAATGCGCCCCGACTGCCAGCGATTTTCATTCCTTGACTTCTTAACCTACATACCGACCATTCTATAAGGATCTAGACTGAGATTAGAGGGTCGAGTGATGGAATAAGGCCGACAAAATAAGCGTTGGGAGCGGTTCGTTGATGAAGCTGAAGTTACGCCTATGGTTACTAGCGTATATTATGTTTATACTCCGCCAGGCGTCTAGAATACTACTAGTGCGACATTGAATTGATGGCCGTCCTTATTGATTTCCACATAAATCCCGTTCAGTGACTATGCCCTCAGCGTTACGTTCAAATAGCCCTGAGCCAAGCAGTAAAATATGAGACTCATAGTGGTTTTTTAATGACAATTCTCCTTTAAGTCCGTATTCTCGTCGATGCACCCTCAGCTCAGAAAATTGCACTGTTTAAATGTCTGTTTTAGACAGCCTTGTTCAATTGTCAAGTCACTGAGAGTGACTGCCATTGGACTCCACTACTCAACGCCCCGATCTTTGACACTCCGAGTCTACAGAGTCAGACTCGATCTGACTCCTACAGCCGTTATCTTGCTGCTCCCTCCCACTTAACCATCACCAGAGCGACATAAATCTTAGGGTCTACTAGCAGCGGGTGAAGACTTCCTTGTGCGGCTGCAGGGCGGTTAGCCAAGCCACGTGTATCAAGATTATGCTAGGGTACGTTCAGCTTCGCGCTCAACGCTAAACCTAGTTCGAATCTCCGCGGGAAACCTGACGAACGTGGATGCCCGGATGTATCTCGGATGGGATAGCGTCCGGCGTGCCGTGGAGTCACTAGCACTACAAACTCCCCCGAACTTGCGATAACCGGAAAAAGCCCTGAAAGTAGAATGATCCCTCTAGACCTATAGGTCGCGTACTCACAAAATAAATACCGTGCGAACGACTCGGCGCCTGCAGAAACCCGGTTTTTATCTCTGGACTGCAAGTCCTGCTTGCCTCGCGCCTAAAAGG,1651,49.18,Homo sapiens
SEQ_348654,CAGCCGTTCCCGACAGCGGCGGTGGAATATACACGAAACTGCCATGAGGATTTGACACGTCTTCAATAGCCTCTGTCCCCAGTTGTTTGTTGCTAGAGAGCCTGGCTGACGATCCTACTTCGGTCCGGGGGGTGCGATTAGCCCGTCAAGGCTTTACGGCGAGCTACCGAGCAGAGCAATGTCGAGAATGCCCCCCTGATAGGCTATCGCGTGGAAGGAGGATGGTCAATCTGTACACTAAATAGGCAAACGACTGCGCTGGTCATGCTCGCCACGGTGCGTTAGCTGTAAAGTGATCTGTGACCGAATTAATGATTGGATTGGTCAAATTACGGCTCCAGTCACTATAAAATCGACAATGAAGAGAGGGGTCCGTCAAGCGCAGACCTTATGGTAGCACGCCGAGTACTATCCGGGATTGTGAGGTGGCATGTTGCACCGCCGGAGCGCAGGCCATGATTGTCCGTACTCATGTAATAGTGCAGCTAGTGTATTACTGACCAAAGGACGTAGCTACCATTAGGGTCGACCCGATGCTAGAGCTAGCTCATGGGTTATTACGGCAAAATTCGGGCCATTTCTGTGAAGGACGGCATGAAGGGGACCTTCGTATATTCAGCTTGGACCCTCAAAGGCAACGCATAGTAACTTCACGAAGACGCTGATCAGGCTAATAATTACCATTCCGAAAAGGCCCGGGTGGAGGTGGGTAAAATGAGTCCAGAGCTGGCTCGAATGAAAGCCTTTTCAAAACATTATCAGTAATTGGGCAGGCCATATAGATTAAGCTAATGGTTCGTCGTTTCCCTGATGTTGTTGTGTGACTGAACTGTACGAATGCCGCCAGGCACTGTAGCGGTGCTAAGGTCGAGGCGTTTACCCATTGAACGACTGGGAATTCCTATAGTTCGTCCTTACGAGACCTTTAGTGTTCCAGACACGGGCCCCCCCTCTGGATCATGGGGAAAACTCACCCGGAACATTTCTGTGCCAAGAGGTTTA,1002,50.9,Saccharomyces cerevisiae
SEQ_320444,CTCTTCCGACTTACTACAACGATACATGTCGTTAGCGCCAAGGCAATTCCCCAGGAGGCGCACGCGGGGGGCGGTATTTACTATATTGGCATCAATTCTAGGCGTTCCATTCACCATTTGCATCTGCCTACTTTGACTGCCTGCGGGGACTGGCGCAGTAGTGCATTGTACGGCTTGGCCTTCAGTGCTCCATAAGCGGGATTCATCTATGATATTCCGAAGCGTGAGGGTCCTTCACATTTTAGGGGGCTGATCTTAAGACCCTCGTTATTTGCCAGGTTCGCAAGATATAAGACTATGACTATAGAAGCCTCAGTCGACGAACGTCTCCGAAACCGGCTGTTTCGATGATTCAGAGCATGGAGATATTATGGCGAAATCGCCCAATAAGTACAAAGTTGGACCAACCATCTAGCTCCCAGCCCCTGGATTCGTCGATATGACGACCTCTCCCCGGGAAGTGTGTTCCACGGTTCTTAGTGATGGGTACGGAGTGCCACGGTAAACGCTCTGGGCCGTGCTTGCGACGAACAAATCGTGCGGGGGTTGAGGGTCGAATGCAACTTCCGTCTAAGTAAACCCAAACAAAAAATCCACTCTCCTTCGCATCTCAGCATATCAGCTAATACATCGTCATAGGGGCCAACCCCGACGAAATGACCCCGGTACTGAATCCAGCGTGAAATAAGGGCAGGACTCACTTCGGTACCCTAAACGTCTGAAGTGGGTAAAACCGCCCCTTGTTTTAGCTAGCGTGGTTGACTAAGCTGACAAGGTGCCTCCTAACTCGTTCTTAGTTGCACAGAGAGAAAGTACGATTCTCGAAGATGGACGGTAGCAGACAGCACAAATCTACCACTATTCAGCATCTGCGCCACTGAATCTAATGACGATGGACAGTATCATTGTACGTCTTTCGGTCTAAACGAGAAGCTGTTATCGCACGTTTTTCCCGTTCGTGAGCCGCTGTGCTCCATGTCCAGGTCGACAGTTTTAATTACTGCGACGGTGACTTGAAATATAGCGGTGGGTGTACTCCCGGAGTTGTGCTCTTAGCCCTCGGATCTACTATAGTCAACTGGTAACGGGGATGCGAAGGCGTTGATCTCCACGTTTTTGAAGCGCACATATCGCGATCCATTTAGAATGCTGCCCCTCGAAGCAATTGGGGTCGCTGAATGTGTCTCCCCCTCAGGGGGAAGCCGCGAGAACTAGTAAGCGATTAGGGAGGGCAGAATCCGGGAGATACCCTACCGACGCGAGCAGATCTCGTGCGTCAGGATGGGATTGACAGGTGCCTTGGCCGAATGGGTATACCTGCACGTAAGACCTCAACTCGTCCATGCCGTGTGGTTGCGTCCACTTA,1366,51.24,Homo sapiens
SEQ_637042,GAGCACACCAGAGGGAGAGAACTCAGTATGGTGTGATGGCAGCAGATCGAGGGCAATTCGTAAACTCGCCAGAGCCCCTTCAAGAGTGTGGACGGCCTCTGCACACGGTAATCCAGAGTGACTCCTGGCGACACACCACGCTTCTGGGCCTAGTACGCAGCATATCGAGCACAGCTCACTGACCAAGCACATGAGATATTCATAACTAATAAGAAGACGAGGTCAATTAATTCGCCGGCGACTGTCCGAATATACAGCGTATCTATGTTTTAGTTGAGGCTCCCGCACTCTGCTGTTTTTCGGGCTCAGTCTGGCTTCCGTTGCAACTTTCTGGCCATACCTTTGACCCAGGTCAAACCTAGAGTCGCTATAGGAATACGCCGAGACGAGCTGATCACCAAATTCCACGTTGTTCCGTGTACGGCAGTCGCAGATGTGTTGTTTCCGCCCCGCAGCGCGACATCCTCTGTCTAGTTAGGTCGGTGATACCGTCTCGATATAATATAGGGTAATCACGCGCGCATGCTACTCTGCACAGCGTCAAGGCCGCAATTTAAAGTAGCATGCGCCAGAGCACTTTCAGAGCAGGCCAGCCTTACGTGGATTTCTACGTGCAGCTTCGTTGTTACTAAGGCAGACTCGACTGATCGCAATCACATGCAGTTAGCTGTCGTGAAGCCTATACGATTCCAGCCGCGGGTCCTCCACAACCTGCTCCATACATCCAAGGACCATAGCGTATTCAGCTATCGCAGGAATCCTAGCAGTTCGGTGGCTGTGCTCAATGTGCTTGGACGATCAGACAGGGTTGAGCCTAAGTCGCCGCGCAGCGACAAAAGCAGTATATATTAATGGCACATCAGCAACGCCGTTAAGCGTAATCCGAAAACATATTTTCCGTTGGGGCGGTGGGAATCGGGGTGTAGCTGCCGATACAAGATTGATCAGCTTCGAGACTCACGTTTTAACCTCATATCCGGGATGCCCCT,989,51.77,Homo sapiens
SEQ_971163,AGCCTCTTCTACCACGCGTCGCGCGGAAACAGAGCACTTGCGAAGGAAACTATCACTGCTTAAGAGTGCCGAGGTCCACGGGGCTTAAGGTGTGGTACCCCGCGCGATTAACTACCTACGAGGTCCTAATAGTATTGATAATGCGTTCCTGAAGCATGGCCACAGAATGCTGGATATGGTTGTGGTTTCTAAACTCACTATGCAACTCTGGATGTGCACCTCCATATGTCCTGTGTTGTCGCACTCCGTGCATGGGAGTGGCGATTACTGTTACGCCTTGAGGGCTCGACCTTTCACACACCTTGATGCATGACTCTGTTGTGTCGCTGAGTACAGAATGCTTGACCAGTCTGTACTCCCAAAGCGATAGACCGTACCGCTGCATAATAGAACGTGTGATTATGCATCGACCTCGCGAGCATAGTCTCTCTAGACTCTTCGGAAGATAACGGATTTTCATAGGAAGTTGATCCTACTCCATCGCACTCCTGTATGAGAGTGTTCGCATAGTGGTCCGACTTTTTGTATAGCAACCGGTTGTCTAGTTCGGTAGGGCGGACGGCTCGGCTCTTATAGAGATAAAACGCTATTAGACGGTGTTTCCTGGTCGGCTATTTTTTACGAAGACGTAATGCAATTAGACGGTGCGGTGCAACCAGTTACGTCACTTAAACGATTCCCTCAGAAGGACAAGCGGGAATGTGACTAAACCCGAATTCTGGAAATTCCCCCTTTACAATAACGGTCTTGACCAGCGATCTGAGATGCTTA,771,48.77,Homo sapiens
SEQ_452394,ACTATGCCGTGGTACCCATTGCTATACCAATAGAAGCACCTTTTCGTTCGCTCTGGAGGTTTAGTGGCAGTGTACCCGCCGAAAGACCTGGACATTACGCGTTGTTGAGGGTAAGCGCGTCTAAAGGCAAGACATACCAGTCAGTGCTAGTTCCGCGCTGACGCTGGGAGTCTTACGGACCCCACCGATGAGTAGCGAATACGCCCTGTGACAGCCTTCCTTCGAGTACTCATCCCTCATACTTTTCATGGCCGCGCTAACCTCATATGCAAGAGAGATTGACTGACGTCTGTAGTAGACAATAGGTTTCAACGACCAACCTATATGGCGCAGCAGAAGTGACACCACCCCGCAGGAAGTAGCCCTTACATTGGTGCCCTTGACCGCAGATTAGTCTCTCGAGTAGGACGTCGATTATATAGCACGCCTTTTTGCTCCAAGCGGTCCCCCATATACTTTTAGCCTAGCACGCAAAACGAGCAGGCTCGCCAGCGAAGTTGGACCCCGATGTGCATGCCAGATATCCTTCTTGTTTCCAAGGGGTACGCTTTGTGCTTCCCCACCCCCTGCCAACCCCAGACCTCTTTTCGCAATTACAGCTACTCCGTATAATTAGCCGAATGGGTGGAGGCCACCCAGGCGAGCAACTGGTCGGGAAATCGCCTGGGCGTCGATCGTCACTAAACCAGGGCGGTCTGGGTATGGAAAGGAGCCCGATTGTTCGACCCTTATGCTTCAGGAGGTAATTCCCATCCCAGAGGCCGGGGGCAACGGATTCTTTTGGAGCCCTATTGGCCTCAAGGACATGCTTATTGTTAAGTGCGGGTTATCATCAGATTAAGTTACTCTAGCAATGGCGGGCCCAGGCGGTTCTAACGTAATAGGTTAGTTCGGGTAGATCCTGTCTCCTGTGCTACGGTCCGACCAATTCAGCGCATCTCGATGAAAGAGATGGACTCTGT,962,52.7,Saccharomyces cerevisiae
SEQ_301356,CCATGGTAGGGCGAATTACTGCTGGCTGAGCACTGCGACCGTACCTATTATCATAAAAATCCAGCCCAAACCTGCTAGAGGTTAGGTATGGTGATGTGCGTCATCTTAACTAGCATCGACTCCTGATCCATTGTGGGGCTTATGCTCCCTATCCGCATGAAGCTGAAGGCCAAGAGTCACATATTAACCTGATATCCCCGGTGTCCACTGCACGTAGTATTGTTAACAATCTGCTCGATTTGTACCGGCTGGCATGTTGGCCTCTCGAGACCGATCCCCGAATTGCGGGTAGAGAGCGCATTAGTAGTGACAAGTAAGTGTCTACCCAACCTGTCTTCTGGTAGCCAGAAACGCCCTACCTGACTGTAATGGTTTCATTCTCCTGCGCCTGATGTGTACACCGATGAACTTATGGACGCAGGCGCCACCTCCGCCTTCTATAATATGAAGAGCGATGTCAAGGAAAAGCGAATATAGAACCAGTTGTTCAATCACTCTCTGCGACAGTCAGTGTGCTTTCTCTGCGGAGTCTGGACTGTTTATCTCCAGTGCGGAATATGACGAGTGTAGTGCCACACGGGATGTCACAAACCATTTGAGTCTTCCTCCCCGCTGTGCGTGCCAGACTCAAGACGATTTCAATTCAAGGCCTATTATAGAAGCGATCGTGTGAGGTTAGAATTTTCGGCGCAGGTAGCACGCCCGGGACAACCGTGAGTTCACCGTGCACTAGAAAACTTACGGGAAATCCAACCGTAGTCGTGATGACAGCTACAGTGAAGGTTGTGAGTGCACAGCCCAAGAGAGTGCATGCCCGGTACCCGACCCCACATGTTGCAGAAGGGGGGAAGAAAGGTCCGTGGACGTTTTTTGCTCCCATATCCACTGTTAGCTTACTAGGCCGACCTCTTGCTCCCTAAGCGATTCTGCGTCAGAAATATTCTGGGGCCGCAAAATCACCCGAGACCGAACTTGGGCCTATTCATATTCCGCGATGCTGGCGGCGAACACTTCCGGAGGTAAGGAGAGGGAATCGATCTGTTTAGTGGTTCAGCCCATTTTAAAGCACCTTCTAACCACTACAGTTGATCATACCTCCTTCGCCGATTACTCCCCACTTGAGTATCAGGTAAAACGCGGTGGCCTGTGGCTAGTCCGCGCAGCGCCACTTTATAATCAGAAGCGGGGGGACGTGTTCCTAATACATAGTCGCGAGTGACTGTTGGCTGCCGTTCTAGGTGCTTTGGGCCTATTGGGCCGCGTAGACCGCACAAACCTTTAAGGCAGATCGACCAGGAGTTGCGAGCTAGTTGTTAACGCGGAAAGAAACGGGACGTCTGTCCCAAATTTGGCAGCAGGGTACCGATACATACGACACTGGCTGGGGGCCAGAAGAGAGGTCGCGAGACCTCGAATGGGAAACCTCTTGGCCTGTGATCTAGGTATAGGAGTATGGGCCAACGGTTACCGGCTTAGTACAACCCGGACGCGGGGGGTAATATGTGCCCGACGCTTTAGGGCAAAAATTGGCTGTATGTTGTTGAATGGCGTCTAGCGTGACCGGAGCCCCCGGATTTCGGATCACGGGGATATTATCGAAGTTTGAACGCCGTGGGCACCGCGTACGCCACATCAACCAAGCGCCAAATGTGACTGCCGTTCTTTTTACATTTGATCACCGTGGTCGCTGGAACGACGTGCTCCCCTGGCCAGGGGACTAGCGGGCTCACTACAAAGGGCTGAAGATCTATTTCCATTGTGGAGGAGTTGCGATACGAACTTTGCGTACCGATTGCGTGCAGCGACCGAGGGACGCAGTTTCCGTTCATAACCTCCCACTTCGCGGTTACGAGCGCCTGATTGTATTATAT,1871,52.16,Homo sapiens
SEQ_968178,GTTTGTGGCTCACTATACTCGAGTTCAAGGAAGAGGGCCATGCTGCATTCAACTCTCAATGGTAATACTGCTTGCATCGCGATATTAACCAGTACTCATTGGTATTGGCCTCATTACACCGCCAAGATCCCAGACAAGCATTCAGGATCAGATGGTTTGGGAGCCACATGTCTCGTTCCAAACTCATGGCATACGCCAAGCAACCACCTGACTGTTATCTCGCTTTGGTTAGCCGTTTTGGAAGGCGGACATGCAAGAGCATATTACCTTGAAAGAGTAACGATAACATGTCCCCCATCTAGCGAGGATGCGCACTTGTCTTGGCATCCAGCTTTCATTAGCTATAGTGCGCCGAAGGCCTGAACTGAT,369,47.97,Caenorhabditis elegans
SEQ_368648,AGAGTAAGGCGCATCGAATGACGGGACCCCGTAGTGAACGGATAAACTCTATATGCCGAACATCTCTAGAACGCTGCATCTTAGTGGAATTAGCAATACTCGTCGGTTGCAGCGGAAACTCGGTGTCTAATATCAGAATTTAGATAAGCCCTGCTGTGCCTTTTCGATAGGAAGTTCCAGCTAGTCTCTTGTATTTAAAAGGCACGTGGCTTCTCTCGGCTCGATTGGACCACGTTCTCGCAACTTGCACGTGGCTGATACAAGTTGCCACAGATACGTCTTTGGTCCTCGTAGGCGGATAGGGTCCGCTACAGCCACTGAACTATCCATAAGTATGTAGAAGGATCAGCAAACTGGTCTGCAGCCCCAATACTTCCTCACTACCCCAATTTGAGGGGGAAAACAAATGGTCGGAGGAGAATCAGTTCGATGTCGCGTGTCCTCCCTGGAAAAGTTCTGTACTTTTTTTCTTTACTTGGCTATGCTACGAATAAGGTGAAGCACGCCGAAGAGTCACGAGAGCAGAAATCCATCAAGGATCGTATCATACCCAATGGTCCATACAGGCAATAAAGTGACTGCTCTCGGGTAGCTCCTATATGATTAGGAGCGACGTTAAACAACGGGTCGTTTGCCTAAACGGCGGCTAGGTCTGCCT,658,48.18,Escherichia coli
SEQ_941510,GGCAGTCAGTGGGAGTGGCACTTACCTTCCAGGACCTTGGTCTATATATCTTTCGATACCTACTCCTCATCATCGTCTTGAAGAACGCCGGCTGTTAGTACGCTTTGCTTAGTAACGCAACTTGACCTACTACAACGGTCCTGGTTGAAAGGTAGGAATCACAAAGACCTCAATGGAAAGTAACTGTACAGCCGTTAGATCCTAGGATGCACTCTTGCGGGGGTAGGTCGGATGTTGGTCGTATTTCACAGATAAGACGATACTCAACGTCCATACAGTCGAGACACCGTTACGACTATTTGCAGTACCGCCTGCAAGCTCAATTCTAGCCAAAAAATGATTTTGGGAGCGGGGGAGGCACCCGTGTTCGTGCGAAAGAGGTGGAGCTTGAGCGAGCTGTCCCGGTTTTGCTGATGATCCCCGAAATACCGTGTGTTCGTGAGCAGGCAGTCGATTATTCTCTACTTACTGCCTAGATAACGGTGTCCGGTGCGTTGGTTTTTAATAGCACTTCTAGTCGGAATCCACTATCCCTTCAGGCTAGGGGGCGCTACAAGACTTTAAATGTCCCTGCGCCGGGAATATTTGGTAGGCTAACGAGGTAACCCGACACTTGAGGCAAAACGGGGGCACAGACCCTCAGTCGTACGTGCCAACATGCTAGTCAGGTGACCAGACTAATTGCTGTGGATTTTGACTGACGCGCGGTCTGTAGACCACGGTATCGCTTGGACCGGTAACCATCTTCTGCATGAATACTACTTGCCCAGCTCGAATACACCGATTTCAGGCTCAAACGTATTTCAGGAGCGCGGTACCGGAACGACTAGTCCATAGTTAAGGGTCAGGAACCAATTCGGACTGCGAAGAAATAAAGCGATGCACTGGGAACGCGGAGTTCTGCCATCGCGCCTTGAGTATATAGAGAACACCGGGAACGTGGGTATAAGATAAGTCAGAGTTGGCGAGATTGGTTAAATCCCAACTGGGTCATCAGCCCTATAGACCACGGCCCAACTTTCGAGACGGTGAATCAAACTTGTACATCATTACACTAGCGTAGGATGGTATCGACATAACTAAGAATATGGTTCCAAGACGCTTTCTTGTTCCGAATAGAAACACGTGATACTCCTCATCTGGTACTCACTGCGCGTCTGCGCATTAGGCACTGGTTGTCTAGCATTTTTCGATCGGGTCTGTGGCCGGATGGAGAGAACCTAGCAGATGGGAACTCCAGCTAGGCAAGGCATAGCGCAGAAGCGTGATGTTTACTCGATGATTAGAGAGGACCGAACCATCTGACGTGTTACCCGCATTGAAGTATAGGGAGTCGGGGACAGGGTAAATCGGCTCGCTGGACTTTGTCTCTCGTTTGAGAAATTATCAAGGCCTCTGATATAGGCCTTTTCAGTAGGACCTTGGCAACGTAGAATTGGTGCAATCGTAAGTTGGTTGGATTGGCTCGCAACGACGCCGAGAAGTGAGCCGCAGTATCTCTCACTCTCGCGAATGAGATGGGAAAGTAGGATTCGGCTTCAAAATCGAAGCGGTCCTAGATTTCCTCCTTTGATTATATGAT,1582,49.37,Escherichia coli
SEQ_813734,CTCATCGGACCATGAGATGACAACCACTCAACATTATTCTAGTGTTCCTCTTCTGACTGCGAAGGAATGGGACACGTCGACACCCGCATATTGGTAGCACCCCGCCTCCTACTAGGTACTTTAGTTCGCTTCATATCTGAAGTGTATCGGGCAAGCAGAATGAGAACCCGGCGAATACCCAGTCCAGTAGGTCGGATTAAGCTTTTCCGTGCTGGCGCCGCCTAAACCGAGACGTCAATGGGTATATTGGCGAGTT,256,50.78,Drosophila melanogaster
SEQ_404132,GGTCACGGAATCAGCAGAGACAATACAAGTACAATGCACTTTGGACGGGGACATTCACGTCATCGTTGTTTTAAGCGACCCGGTTACGTCTAGCCGCAACAGTATGACCTTAGCTCCAGAGATTGGTAACAACTTCACGGTGTGGTCCGGATATCCTCCGCATCCTGTCGGCAAGTGCGTGTTGTAGCACACTGAAGGTACGGTGTCCACCGCCTCCCCATGTGGCCCGTGCAGTATAAGTGATGTTGCGGTACTCTTACAGATTAGCCCCCGGGATGTGAGTGGTTATCTCTGATCTCCTTGAAGGTCGGATTCCTAGACGGTGGAACGGCGCTACCGAGAAGGAAATAACTAACTTCGATAATCGATTGCGGCAAGCCCATATTAATATGGACGCGTCCCGCGTGGAGCACCTTTTGGGCCAACAAATATAGAAAGCTCTGCAGGTATGTCCCCAACCTCCCCCTGCGTAAATTATTAGTGCTGTCCTTCACGGGCCTCCAATTTTTAGACAGACCGGTCACACAGCAGCTTGATACCGCCTCGGTTAATGAACATACGAGTCCGCGAGTGGTGAGCGCGACGTTTTGCTTGGTCCTGGGCATCATAGTCACGCGGTTAGGTTTTCGATAACGGGCACACCACAGACTTCTAAATACCCGCATTACGATGTGATTAAGTGTACTCTTCGTGGATTGTCTTTACTTACGTCTCCTCAGTCATTCACTCGGTGAGCAGACGTATAAGGTAGGTCGTCGTAAAGAGGTCTGCGTGGGCCTCTTCTTACAGGAGTTCCTTCGAATGACACTGCTCAGTTCTGGCCCATTGGTCATGATCGTCGAGGGCGAAATGCTATAATTTCGACTCCACAGGCCTCCTCGACTCGGTCTGCATCCACAATCTATTTCGAGAGAGTGTTAAATGCGGAGGCGTTCGTATGCTGACACGCGTGGGCCTTCCACGGAATGGATACCGTGGTGTTCACACTTACGGTTACCTGGGATACCAGTGAAAGCAACAAGAGGTGTAAACTAATCGAAATTCCGGGTATCATTATTAAATGAGTTTCCTCGCCGAAGGACACCTCATGCGTCGGGTAAGTATGTCACCACAACTAGTACCACCCCATGAGCATTATTCCCTGCTGCCGCTGCCGGTGACCTAGAATATTCTGCCACCTCCCACTAGGTCGGAGACACAGTGCCACCTCCGGGGTGATGTGTGCTTTGTGCGACGACGAAGGGAACAATTAATAAAATTCCGGGAGTCCTCAGACCCAATCCGCTGTTTCAGCTATTTCGCCAAACGCGATGACGCTCCGGATTACAGTGTCAGTTAGTAATTAGGAAACTTGAGAGATGGAGTGCGGAACCGGCCATTGGAGGCGATCCCTGCGGTCGATCGCCATATTTTTCTCCGGGACCGGTTCGGCTTGCGATGACTGTGTTTTACCAGGCTACGTACGCTGAAGTATATTGGCCTCTAAC,1487,50.98,Saccharomyces cerevisiae
SEQ_555023,TCGAAAGAGGTATCGTTACCAGGGCGAGTGAAGCAAGAGTACAACCTGTTGGACGTGGGTGTGAAGCGGCACGCCCCTGACGTTTTTATAGACCAGACCTCTAGCCTTCGCCAGGTAGTCCCCTACCACGTTGATAACGCGGCTAGTATTACGCGGGGGAAGCCATGCGAGACCAGGGCAAAGTATCCTGGACAACGGATTACTAGTCATCTAAACAGGAGGATTAGCGGTGTAGCAATGTTAAAAATTCTTTGTAGGTCTAGCATTAGGGAGTAGCTTTGACGTCATCGTATACATGCGCCGTCTCGGTCCAGGCTATACATTAGATCAAAGCATTATTAAGTCCATCCTTGCTCAGTTCCGGTGTCTCATATTCATTAGGACGATATGTTCCGATCACTAAGGGTACATCGGTATAGGACTGCACTAACTTACGCACGCCCGGCTATGTAGCCATGTCAGAGACGTCATTCTCCATCGGTTTGCTTTTAGAGTGCTGTAAACGTCTATGAAAGCCTCTGAACTCGGGGCCTTATGTGAAGCATCACATCGCTAGCACCGATACGGTCTGTCCGACACGCGGGAATGCGCAGACAGCTCTCTTCTAACAAGAGACCTCTGAAACATCTACTCTGTAAACGTAGACCTCACTTGGGATGGAGTGAACGAGTGTTTTAAATGTCTCGACCCCAATCGCAAATTCTTGCTACAGGGCCATGGGTACGCTCGATAGTTGCATGGATCATCCAAACCTTGTATTTATTGATATGTTAAGAGTCTTGCAACCAGCTTAGGCGTTGGTCGAGATGCTACAGCCAGGATCTAGTAACAGGACGGCAATTAAAGGGTCCTTCCGAGAATG,862,48.26,Mus musculus
SEQ_721785,TAGCAGAGCGGAATTATACGAGCGGCGCACGGATATCCGTTCCAATCAACAAGCTAACCACGGCGTCGCCGATCACGGAGCACGATTCCGTGTTTGTCCCCGTCCGAAAATGATACCTCGATAATATTTACTGGAGGTAATGGCGACGTACGGTTCTCCGCGAATCATAGCGTCACAGCTCTAAAGTTCCCGAGCCCTTTAGTTGACACACGTCCGAATCATAACGAGGATACTTCCCTGCAATAAGTGATTCCACCAGGACGGTATCCCCAATCGGTACAACTGCCACCACATGCTCCCGAGTGACGAAGCTTAATAAAATGAGTGGGCTCCGTACCGAGAATAAAGAGCAGTTCGAGCCAACCGTCTTCCCCCCGGTCGGGAGTGCATCCCGCCTGGTCGTGCTTTCACAGTCAAAGAACTACTGTGACCCGCTACTCAGCCAGACAACTGGCCTATCCCTTAGCTTACTCATTTGAAAAGTCCGCCAACACTGGAGGCGCCTGCATAAGAAAAGCAGCCAACCGGGAGGCTTTCTGTGCCAATCGACGTAGGAATTTACTAAGACAATCGATATCTATCATGC,586,51.37,Caenorhabditis elegans
SEQ_649917,TTCCACTCGATTGGCCCGGATTCACCGAAGCCGTTGCAGAGCAGGACCTTCGAGTTTAATTGGCTTAAAACATGAGGGCAACGCGACGGAAGCGGACGTACGACCCTTTTGGCACTTCTAGGTTCACATTTGGCCGATTTCCGTTCACCGGCTGAGGGTCGAAGGACGGCATGTCGAACTTCTTACACAACGCGCCGCGAAGGATAGCTTGTCATTCCCCATCGCGGGCAACCTTGCGATGATCGTTCCACGAGTTTCCAACCATAAATGGTTTCGGATGCTCCCAATAGTGTCACGACAAATGGAGAAGATCTCGGTCCCACGTAGAAACTGGCCTCTTGTAAGCACAGCAATGGTATGCAAGACAGGGGAAGTATCCAAGACGTCGAAACCTCGAGGTGCGATACGAGCTAGATGTTTGCTAGCCGGCAAAATCGTACTGTAAATGAGCCTTACGCGGCTGGTCACTTGATGAGATGGTTATTTTCGGATACTGCTAAGATCCTTTCATCCGAGAAGAGCAAGTACGGAGCCTAGTATCTGTTAGAATGCAGGCAGTGGTCGGTAACGACGGTCGTGGAGATCTTAGTCGCTACCATATAATGGCGCCCCACGGTCACTGCATGACTGTCGCGTTCCGCCGCCCAAATCCTCACAGGCTTTGTTCCCGGCCGGAAATAACACGGTGGTAAGTTGACAACGTATTGGCAGCGGTCTCGCATTCGTGAGCGATCACAGACTATGGACTATTAAAGTCGTTCCATTTTGAAAGCATTCGCCTAGTGAAAATCGGTTTTGGGGCCCCAGCGGCGCTAGTGTAACACTGGGAATATGCCCCATCTAGCGCACACATGCGGCTGCCCCGGGTATTTAATACCCGAACAAGAACGGAGTCTTTACACGACGACCATGTGCATGCAAAACCACTACGGGTCCGGTAAGCGTCAGGTACGAAGATGATAAGAACTGCGGCCCCACTAGCTGCTCTACACGTATGAGATGTGGTAAAGGGCACAAATTGTGTCTGTGTGTAAAACGCCTCCCTACCTACATGCGTCGTGACTCAAAGCGCCATGATGTTCGACGCACATACGGATCGGTCCAATCCAAATGCGCACTAAGAAAGCCTCCGGGGGGGATCGCATGTCTAATGGCGATATACAAGCGCAAAGTAGCCAAGGGAGCCCTCGATCTCGGAGTCGACATAAGCATTTCAGAGCCCGTGCCTAGGTGCTCCCCCAAACTAGAGCGTCGACTTCGTCGGCGATACCTCCATAATTGGCACTTTGTGAACCAAGCCGCACGTTCTAATTGATCTGTATCCCGCGGTAAGTCGGTAATTACGCACCCAAGGAGGATGCACAAGCGGCAT,1372,52.04,Saccharomyces cerevisiae
SEQ_766338,CGTGGACCGTTCATGTGCGCACGAAGGCTTAGGGTCTGAGGTCATCTGAACGCAGCTCACACATAAAAGGTGTGGATAATTAGATGATTTCGTCCTGCATACCGAGGGCGCAACGGGGGGGTACTATGCCCTTAGTTTTATTGCTAGAGTGTATGATAGTCGGATCCACACGCGTAGACTAAGGTCTCGCCGCGCAATGTAACTTTACGAGGGGTGCTTCGCCACAAAAGGCTACGCTGGATACCTCACCCAACGATATCCAGATTAAATGCCGACTTCGAATCTAATTTACTAATTGCTTAAATTCCGGATCCATTAATCCGCCCCTTGCCTCGACAGCCTCAAAAATGACCCTGAGGGGGTTTATTGAACGGCTACCAAATCCACGATCCGAACGCAAGAGTCGCACGACACAGAAAGAATGGTAGGACTCTCGATTCTCAAAGGGCTCATTAGAGGCGTATCGAAGGACTCTCATACGAGTCAGTCTTCCCTTCTTCACGGTCTTTCTACTTAGACCTACCCCCTGGAAGCCGATCGAAGACCAGATAGATCGTGGCGATCATGACCCTTGTATTATGTCTCAGTGTATTTTGGGGTGAGGACCACACGGGGTATGATGTGTATCGCTCGTTATTCGGGGATGAAGTCAGCTGGCTTAAGTGCATCATGCTTGCCTCGTATAGCTAAATCTGAGACAACTTTTTAAACCCTGGCGGAAGGATAAGTGGCTTTCAGGTCCCCACTTGCTATGGGTTCTAGTGTGGTAGTCGTTGACGTAAAGTGAAAGAACCATGGTCAACCTACGACCAGCGGCACACTCCACCAGCCCTACACATACCTTCTACTTTTACGGTGGCTGTAGTAGTGCGCCGTCTACCGTAGAGTTAAGCATTGGTTGTAGCACCTGAGGTCAACACATAGCTGTTACCAACGGGGATGTCGCAATAGGAGATCATGATCAGTTTTACCATAAGCCTTTTCTACTCGGGCTTGTCAAGTGGGTTTCACCGATGGAACGATGGCTGTAAAAAACTATTTCCTTACAATGCGACCTCTTGCGAAGTACAATGAGCCTGGCCAAAGGAGTCCCTCCGATCGGACGCAGAGTGTAGGCCCACCCTAGACCTGCTCACGGCAATGCGTTGTGAGCCTCAATTAACAAGCTATGGTCGTCGGGAACATCTTTCGCATGTAAGATGCAGCCATGTAGGGGGCACTACTATAAACGCTGATTTTTGCCGTCTACATGAAGTGGCCGGGCACCATAATCAATTTCTTTACGTGCGTGCTATTGGTCTCGCTACGATAGCTTAGACCGGCACTGTTCCTAGACCTATTACCCGGCCTCCCTCGGGGCCCGAGAGGATACAGTCCGACCGTTGCCCCCTACTGAATCCTCATTCTCTAATGGGTAAGTCTGGTGATACCAGGATAAGAGAAGAACTGTCGGATACAAACATCAGATAACAATTTCAGAGACCTTTTGGCAGGTGTAATTCTTTTGGGGATATCTAGGAATTCGGGTGCTACTGTCAGTTGTGCCGGGGAATCCCTATCTGCGTGGTCATTCGACTTCTACAGGTGCAGACACTGTGCTTCGAGAAAGTGTTTGCGGCAGCGAAGTGGATCAGTTGATACCGTGCTGTCTAATCTGCTTCGTGCGTCTTACGGCTCAGGCAATTCAGCCCCCCATAAGTTTGCGAACAGCGTAATGTATAATGAAAGCTCTAATCGCGGGAATTGCGTACGTGATAAATAAAGCTAGGTTATATAAGCTTACCTAGCGCGGACCCCCAGGTCACTAAAAGCCACCAAAAACCTGGGCGATGATCGAAGTG,1841,49.1,Caenorhabditis elegans
SEQ_622667,CGCTTAATTCGGGGGAGAACGGGCGTATTAGAATCCCGTTCCGTGAACTAGGCGAACGTCCCCCAGAGTACATGTGGATGCGGGTCTGTCTTTGCTGATAGCCCTGCATCTGGTTAAAGCGGGCTGTAGTTGACACCAACACGCCCACCGTACGTGTTGTAGGGTACCACGCCACCGAGTCGAAGTAGCGCACAGCAGATTAAATCTTGTGTATGCATGCTACGAGTGGTCTTCCGCAGTCTCAAATCGAGAGTGCCAACTTGGGGGTCCACACCCACAAACTCTTCGACGCCCATAGAAATATAAGTGTCTGCGCACTTCTCGAGACACCGTCTGTCTGGGGGTACATCGGCCGTTGCCTTCGGACGATGACTCAGAGATGAGGAATCCACCGTATGAATGCACACAATGGTTGGTTGAATGCCAAGTCGTCAAAAATGATTCAACTCCTATGGGAAAGAATCCCCCAATACACCACGGGCTGATTATATGCACTTATCTGTGATCCGGGAATGGCGGATCTATCGGAGCCAAGACGATGCCGCGGCTGTAAGTTTTTACCTCGAAAATGCATCCGCTCACCGTAGGAAGCGACGAACTTCCTGGTTCTCCATTGACAGATTGAATATTACTTACCCATACAAAAACGTCAATGCCACCTTCTAATTCTGTCACTAGGCGGCGATCTGGTTGGTCCTACATATATTCTAAATTTAAATTCCAACTGTGATGTTTTGAGAGTCGCCGCAGTCTTACGTGAGATAAACTGACTTGCTTAGCAATATACGTAGATTGGCGCAACCCCAGGGATCGCTTGTATCTGATCACAGCTACGTCCCCAGACCATTTGCTATTATGGATACCAATGGCGTATCGCAGAAATCGGAGTCGTCTAGCGGGGACTATTGCTGTCAGACATGAAGGTGTCACGTTGGGCTATCAACAATTAGGGTTCAAATAGGCTACTCAATTGAAACTCGTAAACTCGGGCGGCCTCGCATGATTACCCAAAAATGTACACCCACCCATTGCGAAAGTGGTCACAAGGGGTGTTTATCGCTTATAGGTATAAATTCAATCTCGAAACCACAGACGGTCGAAAAGCGGATAGCGTACATGTATCGGAAGACCGCTATAGCGGACCCCACAGCAAGAGTATCGCGCCAATGACTCAGGGTATCTAAATCATAACGTATATGCGGAAAATAGAGCAGGAATTTGGCTGATCCTCTCATCAGTGTTTGTGAGCAGAAGTGTGCTTGGTGGTTTAAACTCACGGAAGACCCTTTAATAGTTGCTCGCACTTACCGGCGACTTTATGGTTAGTCACAGGGCAGATCAATAACAACTTTCGGGAGCTAGAGCAGTCTGGTGGAGATGCATACGACCAGACATTTCGCCGGAGCCGAATCGGATTCGGAATCTAATCACACTAATATCAGTAGACGGTATATCATATCATGTCTGTTACCCACTCCGGCAATTTTTACTCGGACGAGTCGCAATCATGTACGCTTCTCCTGTGGCGTCAAGACGATAACACTTAACCCTGAGACGCACTGTCACGCGTGAATCGAAGGCAACCACGTGGTATCTGACACGGCCTAAAGACTGTCCCATACTACTCGCTTGTTTAGCGCCCAAGCTAACTGGGGTAACTGCTGGACAATAATAGGCGTTAGTCGCACCTTGGTACACTATTCAGTGCGCGGTTTAAATGATTGGAGTAACGAGTCGTGATCGTGGACCTCGACGCGCAGCGGATGAAGTGTATGACCCAAGATACAACGTTGAAGGGGTCACCTACATCTATGTAACATCGGCACAATATCATCGGAAGTTGTAGCAGCGGATCACCGGAGTGATCCCATAGCTGACCTGCCCTCTGCTACTGGGCGAGAAAAGTATCTGGATTTTAAAGTACGCTCCTTCCCCGTGTGGGTAAGATAATACCATCGAAGCCATACTGACTAAAGAGTC,1980,48.48,Escherichia coli
SEQ_521427,GAATGAAGGGTAACAGTGGCTAGGTTACTTCCCTGGGATACAGTTTTAGCGCGCATAGTCTTTGCGCTTGCGTAATGCGCCACCATTTTCAAATATCCGCGGAGAATTTGTCAACCTGACTGCCATGCAGTTTGCGTTGAATCCCGTACTCTGCCATGACCTTGATTCCGGGGCCGTCAGGTGCGTAGTAGCGTATCTAAATGATGGCACCTGTGTGCCCAAGCTGGGCCTCCTTTCTGTGTGCCTTTCATGCTGTACACTGGCGGACTATAAATAGCGGCTCGGCTCGCAACATGCTACCGGAGTAAAAGCACACTAGGGGATCAGCTTATCTAGTGCTGCGACGTGGGTGATTAACCATTAATTATATCACTCCTCAAGCTTCTATGTGTTACGATAATGCGGACGGGCATGGCTCCGTGGGTAGTGCGTTGCCTTGAGTTTGCCATTCATCGCGATTTCGCGATCCTAAGCTGTCGTAACGTGTTTATGAAAGGGAGGTCGAGCTCAAGCGTTATCATGGATAGGTCCTGCCATATCGGGCTACAGGCGGTATGAAGAGCCGTCGCCATTCAGTGAAATCGGAAACTGGAGAAATGTGTACCCGGTTCACGTCTGAGCGCAATGCCTTCTGTGTGACATTCAGAAAAGATTATGCGTACGTCAAAAATCCACGTTCCTTCGACTGGAAGATGGGTGTGCTTTACGATTTCGGTCCCGTATCGTCGCAGTGCGGCTTCGAAGTGAACTTACACGGCTAGCGCGCCAAAATGCTTGAGCCAGTGCATATCGCCGTACAAGTTAGACAGCTTGCAAATTGTGGATAGTTACGTTTCCATAACTAGGTGTGTTAGCTAGTTACTGTAAATCTTCCGAAACCTGGCGTTTTGTTGGGACGATGTCTATGGGTGTCCTTTCATGTGCCCCAATCCGTGCAATCGCCGAAATATTGGTTAGAACTCTTGACGAAGGAGAGAGTTCCTGGAGTAGAGCTTAAAGACCCAAGCCTCAACCTAGGCATGCGGAGGAGGATGATTGCCGCCCGCGAGAAGAACGATGGGACGCGTTTCCAGATCGGCAAATCGACTCACAAAATATCTACACCGAGACATAAGGAAGGGTCGTTGGTCGTTCGATTCGAGAGCAATCCGATACGTGCTACGGGATTAATTCTGAAAATTTTATAATACTTTTGTCGAGCTTAAAGCTGCTCCCAGGATAGAATAATTGACGCCGCGGCAGGAATCAGGTTGTTAAATAATTTCTGGGTGGATAATAGGGTGTTAGTGTTGACCATACGTGGGAAGGTAACTTCGTAACGTGAACCCACCCGGTGAGATGGCCCAGTTGTCGACTGTTTGGTACCCTGTCTCCATAGCGGACTACTCCGTGGTATGAAGGACGGGACTCCGCTCATGCCTTATCCTGTAGCCGACATTATAAAGTGATATGGGGTGGAAACGGCGCGCCTGCCTTACCACACGTCTGATGCGGATCCAGAAATAAAATATGTACGCTTGCTAGTACATTCCACTCCTTGATTATGAACCCTCCCAATATCAGGGCGTACAGAGACCCCAAATAGTCCTCTATAACGCGCAGTTGAACTGTGTAAGTCATGGAACTATCTGTGTCCATGATACGAGGTTTGATGGATCCCTCAACATATCCGGTGGGTGGCATACCTAAGTGCTGAGATTGTTAACATACATACCAAGAAAGTGAGGGCATGTTGTTGTCGTTCAGTTTAAGGCCTTTTTAGGGTCGAATTTATACCTCAGGTCATGGTGAGGCTGTTT,1799,48.47,Arabidopsis thaliana
SEQ_701476,GGCCAATCCAAGCCGTTTGATGGGGCTCGCCTCCCAAGTGTAGCACAGAGAGAGGTCACACCTACTAGGACTTGTTACCCGCCGATTCTGGTCTCGTGTGTTTGCTACAGTAAGATGTATTTGCTGCAGTTCCTCAAATCGCCGTTTTTCTTATTGTCTTTGACCCAGTGTGCCAGCGCACGCCCAAGGAGACCCTGCTTTCGGTCACAAGGTAACCCATGACAGAACGCGGCCAAGAGGAATCCATTGCTTTAAAGTACAAACCGCCGAACACCGTTCGTGTTCTAAGTAATCTGAAGGTCATCTGTGGGAACGACGCCCCTGCAGTGAGGCATAAAGTGATCCCTAGCCATAGCTATGCATCGCGATTGAGAACACCTACTAGCACTACACTGACGAGGTAGGTGGCGAACAATATGCCTGTTCAATACCGCAGCATGCGCGATGTAAGAAAAAAAATACGGCTAGCCCCCGACCTTAGTCA,484,50.83,Escherichia coli
SEQ_131920,ATCAGGGTCCCGAACCCATAAAACGGTTGTTAACTTTAGCCCACTAGAAGTAACCCCTTTGCGGGGGTGCGCAATTCGATCCTATCGTGTGGTGGACCGTCAGCTACCCAACACCCACGTAACTTGACATGGCGTTTGTCTGAGCATGGGTGACATCGTGGCCTTATCCTGGTGTTGCCCGCAGCTGGGGCTCAGGCATCCTGTGGTCTCTCCAGTCAGACGAATTGTACGACAGCCTATGACATCAAGGACAGCTTAATTGATGAGCTCGACTTCATGCGTTGGAATTCTTCCATGAAAACCCTCCCCCGAAAACGTTAGGAACTTTGGATAGGTAGTGGGATACCAACGGATTGAAGAGAATCCTCGTCTCGCTGTCATCTGCATTAAGCTAGTGTTGGTGCTGAATGTAAGGAATCCACGTGATAAGACCCTTTCTGTAGCTCCTACTTAGTCGCTAGCCCTCTGCTTCCTTGAGGGGGGACCAACTTGGTTCCCGTTATATCTTATTGGCGTAACCCAGTGGTACGACGGTATTACGC,542,50.55,Homo sapiens
SEQ_552003,CACTCGTACTCAGTTGTGCGCTGGTTAAAGCGAGCATGCTACCAAAACAGCTGAAACCTTCTCCACCCTAATTTCAAGGGAATGACCTTTGCTCT,95,47.37,Caenorhabditis elegans
SEQ_203170,AGATCTGGCTTTCCGTAAAGCCGTCTTATTGGACTGGCCCTGTCGCTCTCCCTCGCCGAAGAGGCGCTACATATTACAGTCAGTGCGAAACGGCCATGTGTGGGAGTGTTCTTACAACGCAACC,124,54.03,Arabidopsis thaliana
SEQ_878668,ATTCATTTCACGCTCGGTGATGTCGGCGATAAAGTCGCAGCTAAAAGACGAGAGTCCATGCTTTTGAGAAATTTGGATGAACTGTCCCTTCGCGTGCATGAGTATATACTGGTTCTATTTTGTCAACTAGTGAGCTTCTGGGTTGTTCCTCTGGGAGTGCTTAGCGAACTTACCTTCATGCCCTTTTTAGGGGGTTATTTCCCTGGCCCAGTTTGTTTATGTCTGTATTCTAGGCAGATTTGACGAAGTATACATACCGAATTTTGCGAGGGGGCCCATATCCAGATATCTGGGGTGAATATCTAACACTAACACGAAACACACGGGGACTAGACGAATAGGTTCGGCTGACTTTGAATACTCGGGAAGCCGAGAATCGTCGTCGTTTAGGCCTAAATTGACAACACGAGGCAAACGGCTACGTAGCGCGC,431,46.64,Escherichia coli
SEQ_525717,TGTCTGGTACAGGGCGGGCGAGAAGTGACGGGAATTGTTCACAGACTCGATTCCTTTTTGCAGGTGGCCATCTAGCGGCATTCACATTAGCGGCCCAGAGACAATCAGCCCGATTCCGAGGACGCGGGGCTAGTGAAGCTTTGAGTCATTCCACCCCTGATTTGTCAAGGTGATCTCATTCATACGATAAGTAGTCGTCCGACCGGCAGTGGCCGTGCATGGAGGTGGTTGCAGGGTGAGACTCCCGTGTCACGCGGATAGAATGGAAGACTGCCTCTACCAAGGTCGACCCGTCACCAGCGGTATCGTATGGACTGATCGGCAAATGCCAGGCCCCTCGTCCATTAAAGGTGAAATAAAAGCGACTAACCATTGATCGTCCACGCAATCTTATTATATTCCCCATGAGTAGTAACTAAAACGGCGACGGTATGTCGTAGTTCCCCCTAACTTAGCGGTAACACGATCAACGGCATAAAGTGACGCCAGGAATGGTTCATAGCCTGAGCAACAGGCCTACCACATCAGGGTGGCTCGGCAGCGCTGTCTTTTGACCTGCCTATTGCGGGATTCTCGGTTCATTCAGTCGAGAGCCTATCGTGTGGACATACTGCGCAAACGAAGGCACGACATCAGTTGGTGTCAACAATAACGGTCGAGACTAACGCCGGTAGTTCTACACCAGAGGGCTTCTAGAGAAGATTAATATATTTATCAAATACTAGTGGGCCGCTGATAAAGAGCAAGCGCCCCTATGAACTGCGCAGATGATCCGATCGAATTAGCGGAACACCGCCGAGGCATCGACCTGCAGATGTGGAAGGAACCAGCAAGCAAAAATGCGTCATACTACCTACTCTGTCTCGCCTCTCTCTCAGATCCCCCCAGGGGTCAAACGCATATTTGCTTTGTCGTTAAACCCCTCACGACTCAACCGAGCGGCACCTTCCGTCCGACGTTATCCAAATGGAAGAGGCAAGTGCATGTCTGGAAGACATGGTCCACTAGGGGTACTTCGCAGTTGTACCTCCTACGCCGATAACCGGCATATTAAGACAGCACTTTTTTTGAGTAATTGGGACTTAACACTTTCCCAAACTGTCTAATCCGTTACATGCAAAGAGAACATCGGTTTCACTCGCCACGACTGGAGCGCTATAATCGCTGTGGCATCATGTGATGTTTCATCTATTTTAGCTCTCCCAGCCAATGCCAAGGGTGCAGATCCATCGTCACATCGTCATCTTGATAGGATTATGACAAATGTACGATGTTATCGAGCGCTAACGATCCGGTGCTCCTTTAGACCTATCAGTACCCCCTTCCGATTGACGTAGACTCCAAGCCTGGTATGGGTATTTATTGGATGGTTTCGGCACATCTCACAGGAGTTCAGGCCCTCTGCTTGAACTCAAGTATGACCACGCTTGCAAGAAGCATTCATATGCGCTTTCTTCTCTAAAGCGATTCGGGGGGTTTCCAAAGTAAAACAAAGGTTGGCGTGCTAGACTGATATCATGGCATTGCGAGTGTGAGAACGGAATCGGTGAGTTACCTTATGAGCTGCGTGCCGAA,1575,50.1,Caenorhabditis elegans
SEQ_498686,ATGGTGGTGTGTCCACGCAAACGAGAAGGAATATAGTTGGGAGTAGCCGCCGACGTCAACTTGATCTATGAGTTACGCATTCACCTCCACGCCAATCCTTGTATATGGTTTGCAACATCCCGGCTTCCCCATGAATCGGGCGTAAGAAGACTCTTTGAGGATTGCTCCCCCAAGCCCTTACGGCGTTGGGCGATCTAGCGTCTTGGCATGTTAATATTCCGACCACAACGCTAGCTCTAGACGGTCACATCTTCAGGCGGGGATTTATATTCCTGAAGCAATTGAAAGCACCTTCACGCGTGAGCTTCTTGCGCCGTATGATTTAAAAGCACCAAGGGCCGGTGTTCAAATCGTCAGTCACCAACGCTCGTCCGACCGTAGTAGCCCTGCGTCACTCGAATACATGCCGAGGAGTACCCTCTTAGGTAACTATGGCGCGCGAAGCCGCTTTCCCGGTCATACGGGGCTGGGTCCGTTCTTTTCCTTTATATTATCCGTTACGCACTGACGCGTTTGCAGTTTCAAGGAGTTCATACTCCATCGCTGATGGGAAGTCAGACTAACGTCAGACATGATCAACATTCGATCTTTCTGCACTCATCTGGGAATCAGCTGATTGCAACTCCAACCTTCCCCCCGGCCATTAGTACCCCCCCTTATTTCTTTGACCCAGGGGCACTGGTTCCCAACCATTGAGTACTCTTGAGTCCTAGCTATATGCCGATACATACTACGGAATCCCGCACTCCCAAATAATAGCATATGCAACCCGCCAAGAAACATACCCGGGCCGAGCGAAGGTTGTCCGGCGACGATTAGCTGCAGTGGAGGCGGCTAGTTGCCTCACACACGCTCTTCTCCCCCCCCTGCCTGCATGTTTAATTATTGTAATCAACGTTTGGATGTGTCCTAGTAATCGGGGCAGTAGGAATCTCGCGCGGGTAGGATTAAAATATCGGATCTTGGAAAAAGTCAGCGGTTGAACCTATGGGTTTACAATACGCTACGCGCTATAGACGGTATTTAATAGTGTTGATGGAGGTGGGGCCCGGAGGCATTAATGAGTCTAACATTATGGCACTGCCGGTTTCCGGAGGAGTCTCACATAAGTCCATGTTACAGGATCCGCTTGCGCAACAAGGACGCTCCCTAGAATTCGGTACGGGTCTAGGACTCCACACGCTCTAACGAATCAAGATAGGAGGGTATT,1210,50.74,Mus musculus
SEQ_291310,TCCGTCGGTGTGCGGAGTCCCTCCCCTCGATGTATGCACGGTCGAGTGCATCTTGATTAGCTTCAAGCGGTTAGGCAAGTGGGCTCGATTCACTATTGGTCCCTTCGTATAGATTTCGTAGCGCGCCAAAACTCAGAAATTCCGCCTTCGTGTTTGAACGATTTAAGGTGGGAGATCGAACACTGGAAATGCACCATAGGAGGCAATCAATTCAATTTATGAAGATATTGCCGCGCCGGAAAAATTTGAGCAATTGCGACGACTGTCATAAGAATGGGGGCCCCTGGACACGCTTTTCTATTCAAGATGAATTTTGGGTACATACATTCGCCTGGCTTCCTCGTCTCTATTTGTAACGGCACGAGCACTTCTCGCCTTCTATTCTGAAACGGTTTGCTCGGAAGACTACAGCGCCTCTTTCTCGGGACATTATATTGGACTAAAGCGTAACTCTTTCGTATAATCAGCATCGGGCGCGCAAAAGCACGTTCGCATCGGGTATACCGACTCGTTAGTCTCAGCAAATGTGTTGTGCTGATTCGGCACTGGTGCTGAGTACGATTGCCGAATGAATCCTTACGGATTTTCAATTTGCAAGCCTCTGTGCTGTTCCAGGTTGCGGAGTTGGGGCAGTTTTCACCGCTTTGTGCCCAGTAACATGTTTCCCCATACGATTCCATAACTCTCGGCAGGGCATACAGGGCTAAGCTCGCTAACTCCGGCCAATATCAACAGAGGGCCAGTAGCGCTCTTCTGCACTACATTTACTTGAAAAACCCAAAGGTGTATCCTGAAGATACCGAATCCGC,809,48.7,Saccharomyces cerevisiae
SEQ_914336,TGACTGGAGCTAAACGATCTTGGGAAATGAATCAATTGCCCAGCCTGTTACATCCATAGTGGCTTCTCGAACGTACTCATGAAAGGCCTGCAGTGTAGAACTGCGCGTAGACTATATTCGAGCCGGTGGGTCTTGTTACTTGAGCGGTAGTACTAAGGGGGTTACTTGTATGTGGGCCGGACGACAGCTAGATCCCGCTGAAATCGTAGCGACCGTGTTCATATACGAGTGATGGTGAACGTGCGCGGCATGGTGCATGTAGTTGTAGTCTAATTACTCGGTGTGCCGACGGGTTTTATCGAATTGTTCGTGGCCCTTTTCTCGTCTCCGGTTTGCGGATGTCAAGCCGCATTCTCTCGTGATGACATGTCGTTCCGTTATAGCCTTCAGAATTGACACTCACGTACTGTTGCTCGACTTATATGAAAACCTCCGATACCTCCAGGGTCATGTCCCACAGGTCCCCTCGGGATGTATCTTCCAATCCCTTATCCCCCTACGTAAGATGATTTTGGGATGCACCTCCGATAGATTACTTGGCTCTCCAACAACTACTGTTTGACGCGCGCCCAGGACCAAACTACCAGCGACACGAACCGTCTGTCGTGAGAAGCCGCTGTGACTACTTCACGTGCCGGACATGGTTCTGTTCTGATGATATTCTAATATAAACTACGACGAAAGAATTTGTATTATCATAGGGTAAAATCTGATCCCTCCAGCGTCGTCGTCTGACGACTAATTGACTCCTTCGGCCTTCGATTTCCCCTGATAGTTATAAAGCTAATCCTGCCGGGCTCCCCGTTGGCGAATGACAGGCATTGGCACTTCGAAATAGCGACGACGTCGGTTCGTACGATTACGCGGCGTGACCCATGAAAAAGACCCTGAATCACTGGAAAACATCTACCCGAAGAACTTTGACCGGTAGATGGTTTGGTAGTTGCACCTGATTCATGATATGCACGTCGGACCCTGGCAGCAGACTAGAGTGTTCTTCACACGTAGTATGGAGGACAAGAA,1023,49.36,Caenorhabditis elegans
SEQ_353737,GTTCGGGTCACGCCAACGGAGATGCTGAGTCCACTGCTCTAGCTTTCTAGTAATGCTCTAAAGGATCTCGAACAAGCTCTAAACCTCGAGTCCGATCCAGTAGGAAACCGTACCGTGTTGACTAGGATTGGACCCTCCTTGCACCAAACTATGAGATGTGCACATTCACGAGCAGGTATGGGATATACGGGGGGGGGGGCGTTTGCCCAGAAACCTCAGGACCTAAGATGTGCCAGGTAGGCTAGATCTTTTTAGAAGCGGATTACCTCTACACCCATGCGGTGGTATTTAACTTCG,297,50.84,Mus musculus
SEQ_444326,TCAAAGAACGACGTAGAGCGACCAGAGGTCCATAAAGACCGGGAACCTTACGAAAGGTAATCGTTATCTCCCACGTTTTCTAGTCTCTAAGTTATTGGTCGAACACCGTGATGGACGCCATCAAACAGATAGTACACGCCTACGAGCAATCAAATCCATTGTGATTATGTCTCAGATTCGAGGCGTTTTTAGGCCGGTCATTTTTGCATATCCCTGACCCCGAAAAGGGACACGCCGTCCCAGAAAGTGAGAGTAACGCGAGCAGGGTAGTGTGAATTATTAGTTCCTGTGCCCATTCTTGTAGTCATCAGAGGTCTGTCAAATCCCGCGTGTAGACGTCTCCGCACATAT,351,47.58,Caenorhabditis elegans
SEQ_383112,ACTAACAGGTTAAGTTGACTCCGTTCCAACTCGTTGAAGGTGGAATGGAGGCGGCAGACCTCTTTTTTGGGGCGTCAGTGAATCAGAGTACTTGAGTGTAATCGATAATACCCTTGGTAATTCTCCCTTTACCTTGAGTTCAGCGGGACGGCTAGAGTTTTTCGAGGGTTTTTTTTGTCTAAAATCTTACAAGCATGAAGTTAGGTGTGCTCTATTGAAGAGTTACGCTGGACTATGCTTACAAGATTCCTCGAATTAGCCTCTAGGACCTGTGTTTATTACTTAACTATAGGCCCACCACATACCTTTGGTAGCACCGCGGAGGCAAAGCGACAGATTTCGTGCACGCGTCGTGAGGGCACCGGCTAAATTCTCTCCCCAGGATTAGGGTGAGGGATCAGGGTGCAATTTGCGACTCTTCAACCAATCGACGTCTTCATCAACTACCGAATTTACCCATACTTCACTCAAACCAGGGGTTGCATGAGAGCCTATACAGTCCGTTAATGCATAAGCTAGAACTAGGGTGTGGATTGTAATATTGCTGGCCGCACAGGAACGCTTGCCTGATGTCCTTCGGTAGTACCGCCCTTCAGGACGTTGCCCGTGCAACGGAGACTCAAAAAGTTTAATACTATAGCACCAGGGCGAGGCCCGGTTCCGAACACTATGCTGGGCGGCGTAAATGCCCTTCTTTTACAAACCGTTCAAGTCTTTTAGATGACGTCCAAGCCTCTATCGAGTTGCTTCAGTCGGGAGTAAAATAATTAGTCAGGGGGGTCGGGCGCCAGGCACGCGGACGGAGAGCCGTTACCGCATTCTCACAGACTTTACTGGCCACTGCCCCGGTTCACGCAGGGTGGTGGCGCTCAAAGGATAGACGAGTAGCGTATATGCCCTCTAATGTGTTTCGCTAAACTCACCTTTTACAGGACACGTTTATTTATTTATCAACTGTCCCTCATACGGTGACTTGGATGATATCGTCCGAAACCGACTCAATTCAACGCCCGCTTACCCTAATAGTCACTCTGCCGTTCTGAAAGTGTTCCGGGCTATTATCCCGGGATCTGCGGAGAGGACCTCGTAAAGTTATAGGGTTTGTGTCCAAGACTGGCAAGGTTGTCCGTCTGCTCGGCCGAACGCCGTAGAGCGAATATGATGCACATGGCCAAATCACCTAATGTGATACAAAAGGTGTCATACACTCGCAAGCAGATCTATGCATGTGGTTGTACACGTGATGGGCGAGCTACTGCAGCCTGTCGAATCAGCAAACCGAATCATTTTATTACCACCGGATTGAGATTCTTTGTCCTGGGTCGTACGACGTAATAGCTGAGTTAAGCCTCTTTAACCCACGGTGAGCCCGTGTCCCCTTGTCTGCTTCTGAGAAACTTACCCGCGTGGGAATGACACCTGTTGACGATCAGCGAAACGACAGCTGCGTAACCGGGCGCGAGGTTACAGAATCACTTGACGCTGACAGTTGCGCGGGCAATTCAACACCTGAGCGACCTACAAGATACGGAGAATACCACCTCTGTGTTTATGGATGAATCATTACCCCGGCCTGCGCACAGTTACTGTTGCCAGGGAGAAGCCGCACTTGTGACGTAACCGAGCGCCTGCCGCATTACAAATGTTTTAGATAACAGTTTTTATCATATGGACTTATATATATGCTACGTCATGTGTGACTACGGGGTCATCAGCGAAGATGCCCGTGGTCCCGCAGCGGGAATTAATTAGCGTACCGCTAGCTGATGAACTGTGGTGACCAAACCCACCTTGCGATGTTCTGTCTCAGTGTGCCGGGACGTTCTCAGGACTTCCGCACTTTCACGAAGGCTGGGTTCGAGACCGGTGCCTTTCATGTCTTAAAAGGCTGTGATGCACCAAGAAATGAGATACATGTAATATGGGTTAATCGTATTCGAGCCGTGGTATCGTGC,1955,49.51,Mus musculus
SEQ_661363,TCGTTGTTACGTATCAGTTCCCTAGCCAACAGGCTATATAAGTCTCTAACACGCAGGAAAAATAATGCCTCTACCCATCCATCGCTCGTGAAAATTCGGAACCCGCACTGGCTGTGCGTCAGGGCCAATCCATGAGTGAGCTGACCAGGAACGCCTGTAAATTTATTGGTCAGGTGCTCGAGTCTACTGCAATCGCGCAATTAACTCCGTGACTCAGGACCGCGAAAAGTGATACCTTCTAGCTCCAATCAGAGTGTCGTCTAAGGTTTTTTTGCGACTGAAGCTAGGTTCAGTTAATGCAATGCAGAGAAATGCTGTGATGCGGTGATATGTTCGTCCTAGCGCAGATTATAGTATGCGGTCAGACCCATTCCGCGCTTACAAAAGTGTAGCTTCGATTTGTGTAGTGCCATCATGATATAAGGTGGTAAACTCACTAACGGGCACAGTAGGGATTGCACAGTTGAGCCGGTGTACGCCAGTTTACTAAGGACCGCCAAGGGTCCTCACCCCTCTGTGGCAAATCGCAAACATATGTAAAGCTCATCCGGAGACCATGGGCCCAAACCCTTGCACCTACTTCTCAAGTTTAACAAGAGTAGGGTCTAGCAATACATAACCCTTCGCCCTATCACCCATAAGGGTATCCCGCCTTCATTTAGCGATTGATCACTGTTGTGTATGATTAAGGCAGATCTGCTAAAATTAACTGAACAAGGCAATCTTATTGTTCGTCCCCTGAGTACAGGGGTTTGGTCAAATGTCTACCGCGAATTGGGCTATGATCCTGGCTGTGTACGATCAATCACTCTCATTAATAGAGAAACAGCCCTCTCCGTAGCGATGTCGGTTAAGTATACAACTTCACGTGGTATTTTTAAGAAGGCTTAGCAAAGCGTCAATGGGAGTCTGTCCCAAGTAGTAGTATGGATACCATATTCCGGTCTGGGACTAATGTTTAGATTATGTGTCTTACTACTCGGTCATATATGCGGTCCACATGCTGTGTCTGAGCTAATCCTGAGTGTTAGTTCGTTCATAGATCGCTCAGCTCGCTCTCCCAATACACGCGCGCTGGTCTCTCTAAATTAGCCTTGGCCAGCTAGCCCCACACTCGAGGTACAGGGGT,1129,47.21,Homo sapiens
SEQ_327809,AGTAAGTCACAATGTCGCAACTATCTTCGATCCATGCCTGCGTGCTGGACGTCCTTGGAACGGTAACAGCAACTAAGTGCATGGCCAAGGAGACGGGTTGGGTTCGGTAAAGCTTTATAGTAAAGCAGACCGGGAGAAATCGTTAAAGGACCATGAATCGATCAGTGATGAAGTGGCCCGTCAACCTGTGAGGTGCCTACGCAGCACCCCTCTCGGTGCACTAGCGTTGTTCAAGGTAAAATTCCGCTGAATCGCTTGGTACGGAGCCAGGCAATCCTTTATACCAACTACCTGCAAAGACCACTGACGGATCCTGCCACATGGGGCTGGGTCTCAACGCGACCCCGTAGAGCTCAGCTCACTCAGCTCATGAATAGCCCTCCAGTCCTTTCTCAACATTGTATAATATATGGGCGGTGAGCTAGACACAATCCGAGTTCATCCACCTCATTCTGGGTGGTTCTTTTGACCTAGTGGAAAGAAGGTTTCTACACCAAAGTTAATACATAAAACTTCTCTGCAGGCTTGGGATTTATGATAG,541,49.17,Arabidopsis thaliana
SEQ_191310,TAAGGCATGGAGATGCCCACAGATAAATTTCTTTTGTTATGGGAGGTAACCTCGCCAACATTGGGTTAAGTACCTCACTATGTGAGAGAGCCGGATCAAAGAATAGGAATATCTGAGCTGAACGGTGATCCGTAGCGTCCAAAAACTTTTATATTGGCATATAGATGTCCC,171,42.69,Mus musculus
SEQ_368183,ACCAGTCGGAAAGCTTTGCCGTTTGCCGAAGATTATTTGATAGTTCACTCATTGGGTCGGTCCGACAGTTCTCGCATCTCTCCAAGGTATGTGCGTCTGCGCAGCATATATCGCGCAGTATCCGCGTCTGCCTCCAAGCCAAGAACCCACCTCCCTGGTAACATAAGAACCCCGAGCAAGGGCCCGATAGAACTTCATCCGGACTCCCTAAAGACCCCGATACAAGTTGTACAGAGCTATTGTCTAGTTTCCAGGTAATCATGATCGGCTTTATCCACATCTCGGGCGTTCATGTGTGTAGTGCGACGGTATGGTTGCTTCGCAGTTGCGAAATAGGAGACTCGACAAAGTGAACGCATATAGCAGTGAACTTCGGTGAGGGACAGCCCTGAGGCATCCGGGAAAAGCGGGAACTTCGAGGACAGTACGCGTAGCCATGCGGACATCTTCGGGAAGTGGAATGATCGGAGTACAGACATACCCTCACCTTAGTCCTTGTCCACCCCAGTTTCACTATGCCTCCACAGGCCCGGTCCAATGAACTCATCCTGGACTCGGCTGAAGGACTCGTGCCACGCCCGCACGCTCGTATTGCTACTCGCCGGCTATTATGTCAGCTTTCGGGATATCCAAATTCTGCGGAAACTCGTGGGGTTCATGGCATCGCAGTATCCAAGTCGATGCTGCGCAACCTACAGCCTTGGGAACCCTTGTCATGAGCAAGCACTGCAGGCGAAACTCAAGTTTCTATTATGTGCAGTGCTTCTATGTCATGCCACAGAAATGAGCGCTATTCCTTGTACCGCTACCGGGGTACTGTTCCTTGTCGCGATGAAGCACGTTCCAAGCATGACGGTAGTGGGTATCGACAACTTTAGGTGACAAGATTTCCTCTCATACTCTTTGGCATATAAACTATGTTGTGTTTTTAGGATCCAAGTATCGCGCAGGCGGGTACTGGGGAGAGATACGCTACCAGTATGCGAGTCTGTTGATCTTTGACCCCGTCGTCATCGTTGGAGCCTTCTTGCCAATTTATTGGTTATTCCCACTGCAATCGATGGGTCCTCTTCAATTTTTAGGAATATTCGCCAAGTTGTGTTTCATTCACTTAAAGGCCCTCTCCCGTAGGTATTAAGCAGTGGTACAACCGGATACAGTAAGGGTGAAACACTCGTTAAATCACAATGCTGTTGTCCATATACTCCAGCTCACTGGCGGAGGGGACCCCCTACGTAAGGCTGGTATGCGTAGAAGGGACTAAGGCGGATTGACCGGACAGGAAACGTTGTTAACTGTGTATCCGTCAACAATAGGGATCTCATATGTCGACGTCCCGGAATCACATCCTATTCGGGGCCTACCTGTCATATTGCAACCAAAAATTTCTGGTTACGGATGGCGGTGAACTCCCGGGAGTTTAGTTGAACCGACCCGTTGAACTTTGGCTAAGCAGTCTCCCGCGGAGGGAAGGCCCTTGATCAGTCATAGCATTCGACGTTTACAATAGGTCAGGGCTATAACGGTCCGGGTTTAAGGGTGAGCATCGACACCGAACAGTTGGAATAAAACAAATGTCAGGTTTGGGGAAATTTGCTCGACCTTACCACTACGACGGTAAGCCAGAGCAATTAGCCGGGTGATCATGAGATTGATTGGTGACCAACGACTCAGCGGGAGTTAGTTGGTCCGTACCCCTGCACCTCTATCA,1711,50.38,Homo sapiens
SEQ_941043,TATCGGCTTACCAACCAGAATATGAAGTACCCCGGTCATATTGGTTTTAATTATATCTGGGATAGGTGAGTAGCCAGAGACGTTTCTCACCCGCACGACA,100,45.0,Escherichia coli
SEQ_477453,ACAGTGATCGACCCTTATGTCATGATCAACGTCACGCATTGTAGCCCTGCCCAAGGAGCAACAGTGCCACTACAGTACTGTCAATAGTAGCAGCGATCCTCTTAGGTATGAAACATATGTCCAAGATTACAAAGGAAGATGCGGACAAGCAACGAATGGCAAATTTTTACATCCAAATTTGGCTCGCAGGGGACTCCCGGAGAGAACCGTGTCTGATATTAAAATATAGACTGGTTATACGCGTCGTCGCAAAATTAATTTTGTCGGGCGAGCTCTATCGGTCGGCTAAACTAGTTAAGCTACTGTGAACCCTTCTCTCAACCCCCGTTATCTGGCCTATTTCCAGTGCTTATCGTCATACTAGAGTATCTATCACTAGCCCTTAGTTACGACTTGTGTCTTACATATTCTTTATGGATAGCATACTTCGAATAGAGAGACGAAACGTGGCCTCGGTGTTATGTCACTGTGTCTTTAGGCAAAGTAGGTGATTTTGAAATGAGCCATATTGACCACTGGGCGGATCAGTGTGCGCTACATTTACGTGCTCGTCGCTCAAATACCCCAGTTTTAGTACGTCTCCCCAAGTACACGCATTTTTCATACATTAATGGGAAAGAACAAATGTCAACCCACCCACGCATTAAGCCGAATTATGTTTACGGATTCAATGCCGACCAACCTGGATGCACCACGCGAGGGAACTAATGCGGGCAAGGAGCGGAGGTTGTTTCGAGGAGACCGAATCCTCTCGACAAACGAGCAACAAGCTTGACAAAACACCTCATCCGAAGGCCGCACTACGGAAAATCATTATAATGGGCTGTTAATTTGTCTCGACGATCAGTCCCACGTTGACCCGCCGCAACGATAGTACTTTTGATTAGAAGTAAACAATACCGTCCACTGAGGTGAGGGCCCCTTAAACTAAGGTACGTTTGACAACTTTAGCCTCCAATGCAAGAATAGCCTTGCCTACATTACGACCCAACTGTAGCTAAGGGGCATATACCACTTGAATTCCATCTATTAACTAGCGATATTGTACCCCCCATCGCCATCCTAATCTTCATCACAAGTTTTAGTAATGATGCCCTCAGCAAAGAAGTCGTCTGTGGTTCATATTGGTGATGTATTGAGCACAAGTTACCCACTGATGATAGCCGATTCATTGGCGGTGGAATGTTCTTTTGATC,1196,45.23,Arabidopsis thaliana
SEQ_927408,CAGCACCACTGAAAATGGGGAAACACACGCATGACTCTGCATGGAGCCTCAATTCACCAATCAATATACCTGATGTTCTGTTCATGAGGGCACCGGGAGTCCCAGATCTTTTCCCCCTACCATGTTGATAGCCAGCAGGAAGCCTGTCGCCCGGAGGATCCAGGTCTCATTTCGAATGACTTACCCCACCCGCTGATTTTTGCAAGAAGGCGCTGTACATGCTCAAGAGAAGTGTATCGTCCGACGGCCAACTCCATATACCGGCTTCATCTCGGACGGGATTGGTGATGCTAACGATCTCTGAATGTCCTGTCCTTTTGCGAAGCTTCAGGCAGGTCTTATCGTCCTAGCCCCTAGGTGTAGGACACGTCGCCGCATTAATAGCTGTTGGATGACCACTTAAGTAACAGTTAGGAACATATAGTCATACGGCTCCCATTGGTATGCGCATAGGTACGATGTTTCGTGAAGGATCGTTTATGTACACAGTTTGGTATAATTAAACAGTTAAACCGCTTACGCCCTCTTACTGGAATGTCCATGAAGCGCGCCTTGCAACCCGCCGCTGCCATTATTCAGCCGGTGGGACGCAGATGGAATATCTGTATAACATAATAGTTCTGGACGCGTTACATAGTTCACGATTTGATAACGGCATGTGTAATGGAATATACTCTTTTGCGGTTCCCTGACCGTGCGATCCAAATTCAGTATTATTAACGCGTTAGAGCACAAGGATAGTCTGATCGCTTGGTCTATATATAGTTCGCAGTAGTTAGGGGAGATGGAGATAATGACGGTTTTCGCACTGCTGATTAATAAAGGACGACGATGAAGAAACGTAGTTGACTATCCCGATGGCATACTCTAAATTTACTAAAATAAACCGGGGGTTAAGTTGATAGAAGTGCGGCCACCTTATAAGTTGTAAACATTGGAGCCTTCGACTTTGTACGTTGCCTTAATAAGGCTGGCGTAAGACAGAGGTCGTCGCCTACCATTCGAAAAGTTACCGAGACCGCTACGACAGGGATTCCAGGTCGCTTAGCGTAGAGGGCCCAGAGGGCTCACCGCCCAGCCAAGAGCGCCGTGCTACGCAAAAGGGATCGTCCGCCCCCTATTATAGTGAGTCGTAGCTTGAGTAGTCTCGGTTCCCTGTTACCTAACATACTAGAAAGATTAGACAAGTACGAACTGTAAGGGAAGACCAGAGAAATAGGGACGAACGTACATACTCCGCTCCCCCCATCCACACCTGCGTGAGTTTATACGGGATTCCCAATCGAGGCCAGTCACGTTTCTCGTCTTACACGTGCCGATCAAGTCTTACTGCACGCATAAGAGCGTTGCGGCCAACTAGGACCCGCAATAACGCCACCGGGAATCGAGGTGAGCCCTGCCGCGGAAGGATTAAAAAGCTCCGCTGATCAGGGCTGTGCCCCGACAAACTCTCATGTACGTCGAGCGATTGAACCCAGGCTGATGCGGCCCCTAGCGGGTCATAAAAAAATTCGCGCACCGGGCCTTGGTTTCGTGTCATTGATGAGCGTGGACTAAGAAGTTTTAACGTCAGGGCTCGACGGTTCCGCTGTCATGTCACCTCCCTTCAAAACTACTTTGGTAGTCTCGATCTGCATGCTTCCTAGCCTGATCACGAGAAACCCCAGGATGAACTGGGGTGAGCGTAAATGCAAATATTGCTCATTGCTTTTCCTCTATTGCAGGTCAGCTGCGCTACATAGCCTACTCGATAGGGGTGCCGCTTGTTGGGGAGGGTCATTAATATCCTTTATTGATTGACGAGAGGTCCCCATCATCCAATTGTCTCGCACTAAATAAGCCTATATAGCTCGAACATTCGAGGATCCTACACCAGACTTTCTGTTATGCTATTTGACCACATAAGCACAGTGTTCGTCCCCCTGTATGCAGTAGAACTTCCCGGCTGT,1949,49.15,Mus musculus
SEQ_776979,CGAAGACTCACGCAAAAATATAACTAGTACCACGATCGAGAACATTGCCCATCGTGCTTCACCAAACATAAAATACAGTCACAGGGGTTAAGTTAACCAGCTGTACTCACGTACGTACGGGATCTCTCTTATGGCCTTGCGAGATCCGAGATTTATGCCTGCCGGGGTAAGACAAATATCATCTAAAGTTGTCACTGTCGGCGAGTTCCGCCCTTCCATGTTGGTTCTCTTATGGCGCAGGGCCGACCTGTCTGGGATCAATCTCCAGGAACAGCCTGGGCTTGGCTATATGGTTGCCTAACACTGGAGCATGCCCAAATCATGACCGCTCCATCCAGACAGCGATTATAAAGGGTGGGGCCTCATCCGAGCCTTATTGCTCTCCTAATACTTAACGGACGGTAAATTATACTATAGAAGAACCAGCGCTATATTCTGGAGGCTAAATCAAGATCGAGTGGTCGGGCCCTGACATTTCCATCAATCGTGGGAGCGGTTTAAGATCAGAGCCTAGCTCATTCATAAAGTACGTAATCCGCGTCTGTATGCGGAGCAGCGGGCTCCCATTCCAATGCTAAACTCTTCCTTCCTCGAGGGCGACAGGCGTACGCCAACGTCGTCTTACTGGAGCATCACCAATTGTAACAAGAAAGTTTCCGGCATCATGGCTCGGGAGCACTAGGCTTTCCCGGAATGTCCCAGCAGTAGCTTTCAACATTGGGAAAAGGAGAAATTCATAGATTCCTCCATTGATCCTTTAAAGATGTCGCTGTATCGAGAGTACAAGCCGTAGAGGATGACGAGCCGAAGTACCTCCGAAAACTCCAAGGGTGTCGGAACTGTTTCTACTCGCAGGCTGGGCAGTAGGCGCCTGGCTACTGTCTCCTAAACTAGCCGGATCATAGCTACCTATAGAATGTCGTGACTTAATTTTATGACACGGTTCGAGCTGAATGGAGGGGAGTAAGACTTCCTGGTCCAACTGTCGTGATTGGTGTAGGACCATGGTGGTATATTTCCTGACCCTTTGTGTAACTTTGATCGGGTTTTTGACCTAGCGCCTGGGCGCCGTATATCTTTGTGAGGGCCTACCCTTGTTATAGCAGGGCAGTATAGCTGTCACGAACATGAGGTACAAGAACACCGGCAGTAGTCCCTCTTTTCCTGCACTAGCTCCCTACACATACGCGAAACATTACCAAAATGAAGCTTCTCGAGCTGAGTGTGTCGTTCGCGGTCCATTACGCAGCCCTAGGCTAGGCCCCGAGAGAAAGGCCAAAACTGCACACCGAAGACTGTGTGTGTAATTAGGGCGGCCGAACCTAGTACTTGGTAAATGTCATTTAGTAGAGAGCGACTAATTACTGTCCCTCCGTCGGTCGCGAGTACAGATGTACGAGGGAAATCTGACATGGCCTCAATGGAAGGCGTCTATTCAATCGGGCGAATCCACGTA,1456,49.59,Homo sapiens
SEQ_660136,GATACAGCCTGTACGTGTCGCCAAGAAAGCTACGTTTGACATGATCATTGCCAAACGCAGCTACGTATTGTAGTACTTAGACCGGGTGGCAAGATTGAAGTTTGAGTCGGGCATTCCCTCACATCCTTCTGTATTTTAATTGGCCACCGTGGT,153,47.06,Saccharomyces cerevisiae
SEQ_903982,CCAAAAAGCGACAGCCTGTAGATTACTCTTCAGCCCATAAAGGCCGCACTCACTAGTTAGATCACATAAACCAGTATCTTGCCATGGGACCCCAGGGCCATGCCGATTTGTGGCTCTTACATACTTTGAACGATGGGGCAATGGCCAATTTACTCCTTCCTCCTATACTTTCTCACAGTGACTATTCGTGCTTCGCCGACTATCGGCGAGCTTACACCTGGGGTTTAGCGCGTTATATGCTTACAGAACCTGCAGGACTAACAATCGTTTAACTCGAGTATTTACCGCGTAGATTCTTAACTCTTCACTGAGTGAAGCCTGGGTATCCTCGGCACCTTTCTCTGGGGTGTTTCAAAAACTCGGGGGACTGCCATTGATGCTCATTTCTAAATTCGGTCGCCTAGCTCACAAATCTTTGCAATGGCAGTCTTGGGCCTTCGCAGGTGAAATGAGGAGAGCACTGTCGAACATACGCAGTGCCTCCTGGGTCTTTGGGGCGGTTCGAATTTGCCTTCGCACGTCATGAAAAGTAGGGTGGCACTACTACTCGGTCGAAGGGGACACTATTGCGGCCTTAGTGGCTTGGCGCGCCAACGGGTTCTATATTGTGAAGCAGATCTTCGGTATCTATATATTGAGGTGTAGGAGGTACACTATACGGTGCAAAGCGTGACAGCTGGGGATGACGATAATGCGTGCGGTTGTTGCTAACAAAGCTTAGGGATTGTGTTAACTGAGGGTCGTCACATGCTGGGGAGTTATGGCGAATAAACGATGTGTCGCTAGATCGCTGGTACAGCAGAGGCACCGCATGAGGGTAAATAGGGCGCTTGTGACTAAGAGTTGCGCCAGCAACGAATGCTTAGCCATGCGCTGCGATTGCTCACTACGGACTTCTGTGTAACGTCACGCATGAGCAAAAGAATCGGGTCGAAGAAGTCACATACAGCTTCCAGGATAGAGGGGGTCACGGGGATTCGCACAACGACGTCGTTCAGCCGGCCTATTGACGCTGGACAGCTGCACAAAGTTTCCTGACAGCTGCAAAATGTAGAGGTGCCATTGGCCGTGGTGTTGCTCCCACTACCGTGAACAAGCGTGCCACACCTACGCTTTTGAGAAACACGCGAGTTCTTCCGCATCACGGGTGAAGCGAAACCTAAGTTGGTGGGAAACGTACTTCGCCGGCGCTGTAACCACGTTATCGTGGGACGTTGGAGGCTTCGCTATAGATCCACGCATACAGAGCCGTTATATCAAACCGAGCTCTACGTTCGCTACTACGTTCCTGTTGGCAGGTAATCTTGTTGATCTCTATGGTGGGTACTACTTGATTAGTTAGACGGTGCAAGAGCTGAGAGGCAGTATCAAAGACAAATATTTGATACGGTATCCTAAGGCCTCGGGATTCTTTTCTCCGCGCAGCGGGCTATCTTGTTTTTCGGGCGATTGACGGAAGCTCATGACACCCTATTCTGACATTAAGTTCCCTATTAATACGCTTCTATGTCTAATCCAACATGATCCAAAGGCAATCATTAC,1542,49.81,Arabidopsis thaliana
SEQ_979806,GATCTGTGGGTCTTGAGAATAGGCCTAGACAGGGCCCCATCCCTGGGAGAGTCAACAGAGGGCGCATGTCGTGAGCCATCTTGAAACCATGCTACCTCTCAAAGTAGGGCCGTGCAACTTCCATCTATCTCCGGACCACCTGATTGCGCAGGCGTTACTCCTATAAGTCGACTCGATGCGCGTTTAACCTCGGGACTGATTCAGATGCCAAATCCTCCAGCAGTCCTTGGCGAACGGGTGTTGTCGTTACGTGCTACGGTAGTGAGGGAAAAGGGCGCGGCGTGACATGCGTCAAAGCCATCGCTCGCGACTAGACCGCCTCCCATTATTTCGAGGTCATAATGCATACGCACTAAAAATCGTAGTCCAACGCAACAAGGATGGGATCCCTCGTCGGCTACGTCATATGATTTACTTAATAGTCAGCAATCTTGATTATCTGACGTTGCCTTTATAAACAGGAACAAAAGCGATACGCCACCCCCGTTATTCCTAAGTCACTAAATCAGGCAGGGAAATACATCCTGATGCCTGAGGTGTGCGCAGTTCGTGTAGACATTGCAGATACTCTTCCTTTATTTGGTAGTCACGCGTCGCATGCATAGATTAAGTCTGGACCCTCCTCAGTTTTTGTAGCCGTCGGCACACATATTCTTGACCCAATCCCCCTTCCTGCGGTTGTGCAGATCAGTAAACCGATATACAAAGTAACCTCATACCCCACGCCTCAGCTCCATGATTCATAAGCCGTACGGATATACAATTTCTTAGCGGCAGTGTTGAGGAGGGTTAATATTCCACTTGGAGGGTACTCACTCTTCGACGGTAACGACTGTGACTCGTATCACCACACCAAACGAAGACGCACATCCGATCATTACTACCTTAACATCCACCCTGATCTCCCGCGGCTTACTATGGGTGGCGGGCGCATCTTCCGGGGCGTAACCCGGATCTCAGTTCGCCGCGGGGCTGCGGACGCGGTGTAGATGGATCAAGATCACCCCCCAGTTGTGATATGACTCAACTACCTGAGGGCTAGACTGCCATCTTACCCTTGCTTACGATGAACTCGTCGGAACCTCAGCGACCGGTGAAATTAGAGCCCGTTTCTAGTTCTCACATCGACAACATAACGGATCATGCCGACTACGCGGCAATCTGGCAAAAACCCGGTCACCGGGACTAAATTGTCCCTCCTAGGCGCCACCTGGGCGGTGTGCATAGTGATCTATCTGTGACGGTAGACAGTGTTATGGCCCAAGCTCTCGACACCCCAAGTTAGACACGGTTGTAGGTCTTAGTAGCACAACGCAGTAGCAGATGGCCGAAGGTGTAAGAGCCAGACGTTACGTCTATGAGCGTGTGCCCGGTCCGAGGGTTCCACGGGAAGCGCTGATCGGTAAATCAGCGCCACATTTCTACCCCCCGTTATAAAACATTTGAGTATACGATCGGGAGTACATAGACGCTAGACATACCCGTCTGGGCAAGTGTCACAAAAGGTGTGCGGCATTGGTGGTATAGTGAAGGGACCAACTCGATGTGACTACGTGTCACTTCGGCGCGACGTTTAGGCGCATCTCACCGTCATGAGCCAGGAATTTCATCACTACTGGTGTCAAGGGTTGTGATACGGAGGCATCCCCCACGCGGCTTCCTTCGGT,1667,52.01,Escherichia coli
SEQ_170718,GCAATACGGCTGAGGCGTCGTCCCAGTAGATCTGATCATCGTTCGGCTAGTAGATCGCCACAGGGCTACTACCTAAAAATGACAGACTCGCCGGTGATCGGGAAACTCGTACCAGCTTCGCTCCTGTGCATGATAGGGCATAATACCTCACAAAACCTAAAGGTACACTCTCGCGAGGTCAAATGGGCCAGCGCGCTTATTGTCAGGTTACGGAATGTGAACGAGGGCCTGCTAAGCGACCGATCACCACTGGCCCCTTGGCCTTACACCTCGTGCCCAATAACGGGTATAGTGGTCTCCTGTGCGGAGGCAGCATCAGGAGCGGGGGCGGCTCAGGAAGGGGGTTCCCGCGACTCCGTGTACCCGTCCCGCCCCGATGAGGCGCTTGGTAGCAGAGCGGCAAAAATGGCTTGTTAGTAAAGGTGCGCAGTAGTCACACCGGTCAGACTATGGAACACCTGAGGCCTAAATTGCTGATGACCAGTATAGAACATCGCCTGGGGAAACCACGCTAGTTAGATTGGACGCTAGGACTCGGACAGTCCATGGTACATGCCTGAGCGTGTCTGGTCAAGTCATTACCTTCCTACCACCTAGTACTTGCATAAAGTAGGAATGTCCGCGTGCCGACGCCGACCGTCCGTGAGCCCGTGGTTAACTTTCGCTATCGCATGTTCGACGCCCATTTAAAACAGTCGCCTTACCGCGTGTACGATACTCTGGTGTGTTATTACCCCAGAAACCTATATGATCCATAAAAGATGAAAATCTCAGGCATGTCCTGTTACCTTGCCCTACCGTTTGCTTGTGCCCAAGCACCTGCATAGGAACCGAGAACGCCTAGCGAGCTGGAGCCAGGTCTGAACAATAATGCG,875,53.94,Arabidopsis thaliana
SEQ_255686,GCAATTCCAAAGGAAGGTGGCTGGATCTTTTTTAACCGAGTGAATGGGCAGCTACTAATCATGACTCACCGCTGTGATTGGAGTACTCAGTAGAGGGAGCTTCGCACCTGATGGGCGATCGGAAACCCGTTGGGGGCGAAACTTTCCTATCATAACGCCGATCCTTGAACGAGAGATTTCGGAGCGTCGTAGAGCGTTGATATGTCCAAACAATGCCGTAAGAGCGGGATTTGGTGCAGACAAGTATACCGCGCGATTGTCTCTGATCCGTGGCGATTCGTATCCCGCTGCTCTTAACTTATTTCTGGGCAAGCGTCAAGATCTCTTACATGCAAAGAGACGGGCCAGGCTAAATGTCGCACCGCGGCACTATTGGGCAGGTGGGTTGATCCCCCGTCGCCGGGACTTTGTCAGCTAGCTTGAGTCATGATCCTGCACACCGCGCGCAGCTTGTCCACGCCGGTCAAACCCAGGTAGCGTGTAGGCCTTGCGGCGGCCTGATTGCTATTCACCGCCATACATCGGGCGTGAGTCCCGCGTGGTGCGTTTTAAATGGCGCCCTTCTGCATAATCTGTAGGTACACGCATCACAGTAATATCAGCAACTTGACTCAGCCTCTACCTGATGCAGGACCATGACGCATTCCCAGGAAGACGGACCCCTACCCAACCGGCTAGCGGATGCACAATTAGCGTGTTAGGGAAAGGTCCGATACGGATGTACGATTCACAAAGGTGTATGCCTTTGCGATCGGCTGAGTCTGGTGTTTAGAATCTTTTAATGCCCCTGAGGTCCTAGAGACCTGGAATCCTTGAATAAACACCGACACTAACGGGTGAACGTTGGACGAGCGGCTCCTACCTCTCGAGTCTCTCTTAAGTTGGGTTCGCATTCTTATTAACTGAGCAGTGCTGGAGCGTGGAGAGGCTGGTAAGAGACGTTATGAATACTACCCACCAACCGTACGACAGCATACACAGGTTACACCGGCATTCAAAATAAGATCTATAAGTAGCTGACTTGAGAGACTGACCGAGCGCTTGCTCAGCAACCTCTCGGCTACCGTTCTTCCTTAGTTGAACTAACCCCGTACACTAGCATGTTATGGAATCGTTATGTCCACACAATAGGCGCGTGGACGGTGCGGTTTCTTGATCGCGAATGGATCACCGATTCGCAACGCAGGGGTTACGGTGCGAGCTGTTGGGTCTAGATCTTCGTCTTATGTGCCACGTGACGGTTCAAGGATCGAAACGAAGGGGGCTT,1267,52.17,Homo sapiens
SEQ_913557,CGGGAACAAGTGGCGATGTCGCTTAGTCTATTCGGATGCCCTGGCTCGGCTATCGAGGCAGGTTTCGCACACACACAGGAAGAACCGAAAAATATGGTATCAGCGGAATGTTCTAAAACCTGACTTCTGAGCACGTGATTCACGGAATAGAGGGGGGTGATCGGGGTAGATGTAATTTGCCTAATTCTTTCACAGAAGTTTTGAGGCTTGCATATTGAAGAATCGTGTAACCACAGATTATCGACGTCTATCAAACTCCCCCCGACTCTTTGAGCCTTGAGGGTCAAGTGAACGGTCTATAAGGCGCCTTGAGAGGTGTATTAGGCTTATGCAACATTAACTCAGGCCTAACGGGAACATCCTAAGGCATCCGCCTCTCGATTACTCTCCATAGTCAGGATAGGTGCGGCCCTCAGTTCCAACCCACCTTGTACACTGCAGCCCGATCAGTGTTCCACAGTCGGGGGCCCGGTTACGCCCGCCGCAAACCCCTCTACGATTGTCTCCAATGCCTCTGTCCATCTATTCCAGGTTCCCGCTGTTCGCAAGTAAGATGTATCCGCATCCGTTCGAACCCCAGGGCGCTACAAAGCGTAACTCATCTAGATTCGCTGGGTGTCCTTGCATTACGTGCGCTATCACAAGACGCAAAGCAGGTTGCGCGATGAACTGTCGGCAGGGAGTCGCTCTGGGAAATAGTTGTCGAGAAGACTGTCGCCTACGTTCCGTGCGGTCAAAATGAACAGCATGCTCTATACTTACTACAGCGAAATAGCACCATCGTAACAAGGTAACGTCACGCCCCCGGTTGATGTCATGTCAAAGGAAAGTGCTGTGCGGCCGCTACGAGCACCCCCAGAAATACTGTGGCCCTAAGAGGGGACAGCTTTAATACTTTGCTTCTGTTAAGGTACAGACTGAGCGCCTGTGAAGCCATCTGCGCTCGAGGTCTTGGTCTCAACAACTGATCGAAGTGCGT,979,51.48,Mus musculus
SEQ_996623,GGCCCTTCCTTAATTTTGACTGATGGTGACGGATGATAGCCATATCTGTGAACTCATATCTCTACGGAACATTGCTATGCGCCGCCGAAGATGACGGACGATTCCCATAGCCTAAGTTAATTTCGGCCCCGTTTGAGAACCTGTCGTTGCCCCTGTATCGGAGGAACTCACAACCTACAAACCCCTTCGCAGACCCGCCAAACCCTTAAATACGGGTAACTGGTAAAGATTATAACACGTTCACCGGAGGCTACCCTCCTCTGGCATCGAACGACGGTAAGTATCACCTAAGGTAAGTTTGGGTTTAGCTTTTGGCGCGGTTGACGCAAACTATCGACTCAGGGCAGAGTCATTACCGGGCCTAAAACGGATATGAAACATGGTACAGGATCGTGTCGTAATATTGGAATACATGGGGGATAGCCTTACAGCATCGACGTCGTACTAAGTATCTAAACAACATAGGTATGGATAGTTCGTCTAGGAT,487,47.64,Mus musculus
SEQ_632282,GGTAAAGAGCATATGGAACGTAGCGATAAAGGCTCGTCGCTGTGGAGGAATAAAGAAGCCCAGCTAGCAGGAGCCAGTAAGGGCTTGCAATAACTACTGATCTGACGTGTGGAGCGTGTGCAACCCAGCTCAAATGATATACCTCATTGCGCGATGAGTGCTGGATAAAGTCGACTACTAGTTACTTTATGCGGACCGATGAAGAAGAACGCTGGACACTTGCAGGAACGGCCAATCGAAAATCCAGGTTATGCCGTTCCCGCGTAAAGCTAGAGAAGTACAACCTTTCGTTACTATTGGGGCCGCGCCCAGGGGAGTTTGCGAGAGTGGGACGCAGCTGAAAGTTGCAGTATAATCCGAGATTTGTGTAAGTTTCTAGAAGTATTATCTTTACGAAGCCACCAAAAGTGTGGAGCCAAAATACAGGGGAGGTGCGGTGACCTCTATTCCGACCGGCACTTTCTCATCCCCCAGACAACGTCGGGCTGAAGAAGGCTACTACGCCTTGGCTCATCCTTATCACTTGTGTTCCAAGCTCTCGCTCCGGAGCGGTCTCCCGAGGGGAGAAATAGGGTCCCATTGCCTGCACTCGCCACCAGTCGTCGGGAGGCAGGCAACGTAACGGCGCCTGCTGCCTCTTGTTGGTAGCGGCGGGCTCATTAGCCTGCAACCATCCGCGGAAACTGGGTGGTGGTTGTTGTCCGGCCTTTATAGCCGGCTATAGCTAAGATCCATGACAGGATTCGTACGAGATGTTTGTACGCAAACACTGCTTGTATATGATGGGTGAAATTGAGTCGTTCCGAAGGTAATCGCTGGGCGCAGTCGCGAGCCTCAAGGTCGCCTGGCTTTAGCCGGGTAATCGTCACTGCTTGGTAACCACATCCACCACAGATGCTCGCGTGCCCTTTTTAGCCATAGATAGAGGACACGTATCCTCTCTACGCGCCTGCGTTAGCCGAACCTAGGTGGCATCGCGGCAAGCCCCAACCTCTTTTCAGATCGGGAGAGTACAGTCATCTAAATGCCAAGTTTTCCTAAGAAGGGGATAGAACAGCTGAGGTTCTCGTATCAAGCTACGGGATGATATGATAACTTTATGGCAACTAGTTTGTCACTTAAACCTAACAGCACTATGCTGGTATATGTCCTTGTTCTAGGACGGTGCTCTGCTGTTCCGTCCACCACGGGAAGAACGCGGTGATGAATCGATTGAGTCCTTTGCGAACCACTCAGGCGTCGGAGCATGGGGATCGTACCGGCTTAAAGTAGCGCAGCGTGGCTAAGCATGAGGGTGGCTTTGAGTATTCGAACGCATAAACTCGATGAAAGATAAAATTTGGGCACGCGGTAGGGTCCATATAACCCTGTCTCCTTCAGTGCCTATGTCAAACGCTGCCGAACTGCGTCAGCTTGATTGACCCGTTCGCGGTACGGGAGCTCTTTATGCAAAACAGTCCCGTCAGTGTTTTGTGCTGCCAAACATTCGTAGTACCGAGGCTTCAGGCCGACCACAGGTCCAGAGGTCCAGCTGGGGATGTATCCAGCGAATTTGGCCTGGCACCGCTGTCACAGTGTAATACATGTCCTTGAGTCCGGTGTTATCACCCGCGTCAGGATGTCTGCTACGCTCTTGTACGCTTACTTTAGTAGCTACGTCCACGTTGAGCTATACCAATCCGAGTATATTATCTTCAAA,1699,51.62,Escherichia coli
SEQ_864813,TTCAACAGAGCGGCGTTCCGAACTACTCCCACAAGTATGACTTCTGGCGGAGTAATCTCGTAAGCGCTTAGCGAGAGGACTCTTCAGTTTGTGGAGATCCTAAGGGCCCAAGAGGTATCCGGACTCATCGGCAATGGAGTTGCCATAATTAACCGTCGCGCCGTCCTTGGTGGATGAAAGATGCATAGCCCAACGCCGTCAGGCGCGGAGTGTTATGATCCCTTTAAGGAAATTTTACAGAGAGCCGAGACAACTGGGAGGATCCGCTCCATCTACTAGATCCGAATAAGTCAAATCTGCCGATAGGACGTCAGTTGATGGGGTGTAAAAGCCGGCATGTTTGAATGCGATCTCATTAGTACGTATGGTTCCCCGAACATTAGACACCTAACTCCTGGTCCATAGTTCTCCTCCCTGGCACTACAAGGAGGAACACGCCCTGGGAATTGCCAATCGATTGTCCCGGTCCAACAGCCTCCGATATTCGTCCCGCAGCTTATGGTGACGTATGAAGCGGGTTTCTGACTGTGCCCCTCGAGCCCATCTTAGCACGCGATAGGAGGCCGATCGACAATGACGAGGATATCAGCAAGGTCTTTCCCTGTGATACTAAAAGCCCGGCAACGCTTGTTCATGTGCGCTGCAAACGAAACTGCAACAAAAGGCAAAGCAATTGGTCGCGTAGCAGAGTTTGATGGCTGTAAAGGGAACCCTCCGCGACCCACGCTCCAATGGAACGCTGAATGAATCGCAAATGAGTCAAAACCCCTCGCTTTGTAGTTATAGCACTTGGGTGTTCAGAGCACGATCAGGCACCAGTGAAGCGGGTGTTTCCCGATTCTAACGTCAACACGAGTGCAGTAGTTGAGACGTACTACGCCTGCCCCGTGCACGGGACATTGCTCTATACCCATTTAGTTTGCAGCTTGCGGAGCTAGATCACGCATCAAACACCCTTATATTCTTACAAACAAGACCCATGACTCATAC,990,51.01,Saccharomyces cerevisiae
SEQ_378304,GGCTCCCAGGGGTCCTGTTCGGTACTGCACGGATCCCTACGCTAGGGAGATATCGATTTCCAAACCACTTAAACCATAGATACAGGAGCGCTTCCTTATCCGAATTTGAGCTGTCCTGGAGTATTCCAACAACACACACGAAGGGAGAGCTGCTGGAACGAGTTAACACCGACCTCGCCGATTGGTTGGGACCCGCCCGCTTGGTAATCGATAAGGTATACTAACGCATGTGGTTTTTTGACCTATCACATTGTCTAGGTCATCATCTTCCGTCTTTCTGAACAGTGATTTACCATCATATATTAGAATGCAAAGAAATGAGGTATACATTTTCTCCCGGGCCACACGCGTCTGCTGTGCGTCCGTTGTGGCGCGTCATAACGTCACACATGCGTTGAGCGAATAGCTCTTCGCTGGAGACAAACGTTGGTAACATAGTTTTGTCTTCGTGTGGTGGGATACACGGTTCGCAGTCCGTCGCTCTGGACATCTTCCGTCGCAATTAGTTTTGTTGGCCATCCCTGCCGCTCATTCCGAAATGGAACCGTTAACCCTGTGTATCATAAATCTGGGAGCGTTTGTCCGAGTTAGTACATTAATTACGGCCCGGGAGCCGTTGCTGTGGTGTAAGCAAAGTCAGGAGACCGGTCCCTTATATAATTCCAGATGCACCTTTCTCGAAGGCTGTGGGATAACCTAGACTGGCAAACGTCGCTTAGGTCCAATCCGTCCTGAATAGTATTCCAAACGTAGAGCATTCGGGCCCGGCAAGAATTCATGCCTACAGAGGCACCACGGCATACCTCTAAATTCG,814,49.51,Homo sapiens
SEQ_903190,ATTTCGTACTTACGGCCCCAGGTACCACAGAGTAGTTGCACCCCGGATATAGGTGCGTGGACAGGCACGAGCTCGAGCCTGCGGTGCCTCGTCGGAAGTTTCAAGTTATGCGTTTGTTTCAAGGCCGGCATTACGTGAGGCGGAGTCTCACGAGTGAATCAGTAACTAGTCGCCTCCATCCACTTTCAGCTCATGCCAAGAGGGTTGGCATACCCTGCTAACCGTCTAAACGTCTGCTGGGGCAGGGCCTTACTTACACACCACTACCGAACAGTCCACGGATACCTTCAGCCCCGGTTCCCAAGGGTCTCCACACGCATCGCGGTATAAGCCAGGACACTAAAGCCGTAGTCTAAACAAAAAAGAATCCCTGCATGGTCGGCTACTTTCCTAACGCGCCTGGTACCCTTGACGCTGTAGTTTCTTGGGGCTCGCAACGCCTAATAACTGAGACGCTGTACGCGCGGTCTATGATGTGTGTTGGCAATCTGGTATCTCATCGTAACGTGTCCCGTGTGTGGTGCAACGATTCTATGTATAGGGATAGCTCGATAGCCTGAGTGTGGAGGCCTTCAGTGCCGTGCCGAAGCGTCTGCCGGGAAAGCTGCGTAGGACGAATCTTTTTACTCTTGAGTCGCCCCAAGACATCGTCCTAGCACACTGCATCCTTGCCACAACATTCAAATTTACGAGAATTCGGACAGGTCTAACCTGGCCTTTTATCCGATCCCACCCGGTAGGTTTTGCCCTTACGAATCGTCACTGATGTGGTCTATGGTTCAAACAATATCAGCTCAATGAAGCACTCGCTATCTGTGTCCATGATTTTTCCCCTTTTGGTACTGAGCTCTCCTCATATCAGGATGTCCGGACAGCGTCTTCCTCTCGTGCCGCAACTCCCCACCGGAATTTATCCGATGCATTAAGAGTAATCTTGACGGCATAAGGCCCTGACATGTCATTGGAAAAGGACCACCTTCGACACAAATGTGGGGGATGTACTACACCCGCGGCCGTTGTGGTGACCACAACCGCGGCAAACTGGGTAGGAGGGGCTTTTGACTCATCGATTCTACTCGCACCACAGCGCAAGTTTATACGATCTTCGGTCACGTGGACACTATCAAGCTTGGAGTAGTGACTATTCCAGATAGGCAATGAGATGACCCTAGGTCTGTCTCTGTCTAACGGGATCCCACAGGGTCCATCGTTTCATCCGTGTATATCGTCCGGTCATCGCCTGTTCTTAAAGATAACTGTCGCACCGCATTATACCGGAATGGGCCAGCTAAGGATATGACTTAGGTGTGGAATGTCGATGCTCACTATATGCTAGCGTTAAACAACTAGAGTGGTTTCCCTAACTTGGTCTTATGTTGAGGTTACCACATGAGTTGTATATCAATTAATAGGCGGGTCGTAATTGTCCCTTCTGGCATTAAGTGTGTGGTGAGCCACCTGTTTATACGAGCTAGGATTTGACGGGTACAATGTTAGATGGAAGGTCTAGTTATCGACTTGACGCCCGGGACAAGAAAGCGGAAGGGGCCCCTGTTTAGATCACGGGAAGGCCACTTGTGGGTATTCTCACGTTCAATCGAATGAATTAGGTCGAACCTCCGAGGTTCGTTAGTGGTTCTGCG,1643,50.7,Homo sapiens
SEQ_869214,TATACTGACAAAGACCCTACTATAGCCTGATAAATCGTCCGTTTTCACCATTCAAGGATCATACCATACCTCTTCCCATTCTCTCTACGCACCCGCAGATTTACGACAACGTCAAGATCCGGCAACGACAAGGTCTGTACGGTCGCGCCTGCGCGATATGGTGCCATATTATTTTATGAGTCATCACTCTTGAGCAGCTATAGATCTTTCTCAATTGCCTTACTTGAATCACTTCAACACTTTCCTTGTCCAAACGTTCTAGGTCGCAGATTGGGGGCCTTGTAGATGTCGTACGCATGCGAGTATATATATAAGCCGACGGTTAATCATTTCTATACGGAATCTAGCGAGACAATAGGCGCATATTAGTGATAAGTAATAGGGACACAAACGACGTCTCTTCCTCATGGACAATCTCCCGGAGTGAGCTGGCGTGACAACTCCGGGCCAAGGCGTGTCAATCGGCGTGAGTCGGCCGTAAGGCGACAGTCGCTTACCCCTAGCTTGCATTCAGCACGCAACGTGGCTAGAAGGGCCGGCGCACTCTAGTCGGGAGCCCCACTACCCTAGCATACCACGAATGCTTGTTTCGGAAACCCAGGGGAGCTGCCGACGTTCGGTTCGTGCGAATCTTTGGAAGTTGGGCTGACACCTGCAAGGGGTACAGTACAAATAGATTGTACAGCGAAGATAAACACTGAAGCCAGAACAGTAGTAAGCCAGTACACGAGGAAGATGCCTTTTTGTTTTGTCCTAGCAATAGTCGAAGGTTACGCGTGGCGACAGAGTAGTCGCTGATCATAATAAGGCTTCACCTCCTGATAAGGGTGGGATGTCGGAGTGCTAGCGGGCGCAGGAGCTTTCGAGGGTGGTTGCCTGTATAGATTGGTGAAGCGGGCGCTCGCGTTCGGGAGCAATATCATGACGTACTAGCATACGACTATCAATAGTCAGGGGCACGTCCTGTCATGCCAGTGGGCGAGTGAAAGACAGGTCCATCGCTTGTACTCGCGTTTGGCGATCACACAAGCGCATGGGGGGACACACCGTTTGATTAGCGATTGCTAATGACTCCAACGAAGCCCCCGCGTCAGCGCTGAAACGTCTAATACGTAGCGTATCGACTTGGCAGTATTTTTATCGCCACCATAAGTGGCCTAGCTAGAGTGATTGGTCAACACTACTTAGAAGAAAATGTCTGGCGAGGTCAAACTCAAAGTGCCATTACAACCGTTTTAGGTACGAATACCGGTTGCTAGGATGGCTTACCAGAGTCGGGCACATCACATGATTAATTTTGGACTTCGCTCGGGTCGCATTGGCGAGAGGCCCCTGTTCCTCGATAGCAATGGTCCAGCCAAACTCTTGAGGTATAGACCTTGATGTCACGCCCTGAGGCAGGTATGCAAGTTGACGTTATAACTGTTCCTCTACCAGCCCTGTCACAGACATGTAGTCCAGATGCTAACGTGTTCTTGGGCCTGGTCCTGGCCACTACCGTAATATTAACCGTACTCCTACGCCTGGTAACTGCATGTCGACCGACGCGTGTCGGGCATCCCAGCCCAAGGTCACACCTTAGTGCCACCATACACACTGCACTCCCTGGCTACGAGAGTTGT,1622,50.8,Drosophila melanogaster
SEQ_897535,GGTTTAGGAAGAACGTAGCTTTTATCTCCGTTATACTAGAGTAGACGACTGCCGTTTCTATCTCGAGGTTATACCGGGGGATGAAATTTCATGTAGTAGAGAGATCACTGGTCTCCGCGTGTGTCCGGAGGTACTATACCAGAGATACCAAC,152,46.05,Escherichia coli
SEQ_308699,CAGCGCCCAGTTCCCTTCAGCAGTTCTACTAAGGGACCGTAAACCTTGGTTGTCCGTTCCGTTTGAAGCTATACTAGATGTACCACATAGCTTTCTATAAAGTCGAAATGGGCTAAGCACGTGGAAACAATTGAATCACACCAGAGCGAACAGGCTTTACATTTTGGCGAACATATGCTGCCGATTCTCCAATCAGTCTAACTGGATAAGTCTAGCGAGATAAACTCACGGCTCTGTTGGTCGTCAAGCCTCGGGTAACAATGGAAATATGGACCTATAGAGGTCATCACCGTGGTCCGCTTTACCGTTGATAAAGTGCGAAACTTCATGATCTATGGGCGAGATTTCTAATGATGAATTATGTCTTCGCTCGAAGTAGGTTGCCGCCACTAACTCTATAAACTCCTGACCCCGTGTTGGAACACTAGGCCAAAAGATTGCACCGAACCCCAGTTACCTAAGGGGTACCTGGGAATTTCTGGCGATCCGCCTCGCATAAGTAAGCAAGAACGGATGGACTACCATGTCCAGGCCTATTTCCGAGCGGTTCGGGACTAGATCAAAAGACGTCACCGTGAACTCGCGGAGTAGCCCGTTCCGGCTTTATGCACCGTCGTATTGCTATGAATCAACGATGAACAGATCGCATGGCCACCAGGCGGCGTGCAAAAAATGCGCGAACAGATCAGACAACGTGGCAAGCGTCACCGTGTGATGATTTAGTAATACGCCGCGGTAGTAGTTAAGGCCTTTCCGTGGGGGAGAACGACTAAAGCCCCAAGAGCACCCGCGGCTGTTTGACGGTAGCTATCGTTCTCTGTAGTGAGGTGGTGGGGGACCAGTTCTTCCTACAGAGGTGATAGGCAAGTGCGCGACGGGAATGACGTATAACCTGCCGCGGGGACGTGCGGTTGACGCCTGCTAAGTACTGTTTTTGGGGCCGTAGATTAATGTACAGTAATCAGAGATTCGACGTAGACCCTGTGAGACGACACTGCGGGATTGCTTATGAACATAATATCTCTCCCGAATATCCGTATAAGGATCACGCATGTTGACCACGGAAATACCGCGCCTCCACTCTCGTGGGTCCGCTCGCGGGGTTTACACAGCAAGGAACGTCCGTCATCCCCGTCTGTAGCCCTAGGTAGCCTAATTTCCTCGAGTACCGGTCCGCACCCAAATGCCCTAGGAAGCCAGGACTCGTAAGCAAATATGCAATGCCATAATACCACGGACGTAAATCGCAGTCTTACGCCGCATACTATTTTCCGATACACTCTACACAATAAGGTACGTTTATACGCTCAGTTCAAATGCTAGTCGGTAGCCGCACCACCTTCGAAGTCCCAATCAAGTGACAGATGAGTTGTGAATAAGCTAGCGTGACTAGTGATGCGAGCAGTCCGTGCGGGGCGGTATACTCAAAGGACGGAGAAGGTTGGCGTACACAATAGCGTGCACGTGGGAGCAAGGAGTAGCTAGAGATTTCTGAATTGAGAGTCCGTCCGAGTGCTGGACTTATCAGCCTCGGACCCAGGAATAAACATTCCGGGTAATTTTATCGCCCCCTCGATGGAATATGACACCCCCTGCCACGGGATTGAAGACCGCTACTTACTCTGAAGGGGGCCCTGTAGAGGGCCAATTCAGGGGGCCGTACTCAAACTAGCTTTTACGTTTGAATAGGAACGCAGAGACTACCTCGTTTGTAGCCTCGGTTGACTCACGTGGAACATCAGAATACTCTCGTTCAAGGGTCCCTTCTAATGCAGCTGCATCCCTAGGCATGTCACAGAGTACCGGGGCGAAATTGAGCCCGCGACTATTACATATCGTCTCCGGTTTGGAGCAATAAACTAGAGGGAGGGTATACCTTCGTATTACATTTTTGCGCATCTACTCATTATCATTAGGAGGCTAACTTGCAGATTAACTATTTACATTTTTCTATTTCATGGATGTATGAGTTTACGTAGTGTAACTT,1987,49.57,Homo sapiens
SEQ_990929,TCGCTACAGAGCGGTTGGGGGTCGAAGTGGTAAGCTTCGAAATCCATACCTGAGTTATTATAAATTGCCAAGTCGTAACATCAACGCCCGCCTTGCTCTGACCCCCTGAATCCAATGTTCTACAATCAGATAGAGGTCGGACTAGAAAGACCCGGATCCTCTACTTAAAATTTCTGGATTGGCTTCACACATTCGAACAATACGGTGCTGGTACTGATAAACAGACTCGACCAGTGCTAATAACCATCGTGGACCTGACCCTCAGGTGGCATGCAGTAAACGATTGCAGAGATATGGACACTGGGTGTTTAAACGGAACCACCGCTGCGCAAGTTGGCGCGGGCGACTACGGTCTAAAGCTCTCCAATATTCCATCCTTTGTACCACCACGGCAGCCAGATCGTTCCTGCTTTTAACTAAGGCAGGTCAGTGGAGCCCGCAATTTAAGATAGTGCTCGCGTGCCTGCCAGGTCCGAAGGGAAATATTAGTCTGACGCGATCCGCTATATCTTGGGTGTCCATTGGAGGCGCGTCGCTCCCAATAACCTAAGAAGGCTTCTACAGTGTTAGAGTGGCTGACACAACCCTTCGGAGCTTTTACGAACGCTAACCAGACACAGGGGTCGTCCGACAGCACCGGCTACTCAGAATCTACAGGACTAATGAGTCGTTTTAAAGTATGGATAAAAGGAAAACATACCTAACATAGCGACTTTCCTCACCAGTTTTACACTCAGTGAGCTAACTCTAGGGGTTGCTTGACGTGACCGCCCTTTCCCTTTTTTGTTGTAAGCCATGCACCGTCGTCCGTCACGAGTTTTTTCTTTTCCCGTTTACTATCAGGTCCGAACTTCCTCTGCTACGCGCGTAGCGAAATCACCGGACACAGATTCCATGACTGCGTCATTACTGCGGGTCTCCTTGGTGGTGCTATCTGTAAAATAGGGTATATGATGACAATTTAGCACAATCTATATGCTAATTCCGAACTTGCTTTTCGTCCAATAGCTAAGTGGGCCCTAGCGACTCGTCCATCCCGAATATGCACACGTAGTTTATTAGTCCACTAAGTTCCCACCGTAGACCTTTAACAAGATTGGCGATTTTGCTCATACAGCTCTATACGTCGATTTGTAATGCGACCACCATTGTGACGTCTTTGCAAGGTGTATACTCGGGCGTTTAGGCCGCAACTGAGATTTATGTTAAGCTCTGGCTATTCATCAGCTGGGGATTTGGATACACTTCGGGAAATCCGAG,1260,48.02,Homo sapiens
SEQ_350059,ACCGTGCTTTTTTTAAATCAGCCTTACTTTGAAATGCTCAAAAATTGAACGGGGCATACAGAATGACTCTAACCTAGCATAGGGCGATATCCTGTGCACGGCCGTAATGAGGCATGCACATACTCCCTTAATTTTAGAACTGGCGTGACTGGGCTCACGCCCTCGGTGTAATTCGAGGGGAGAGATTGAAAACAGTATTATACAGATCCTTATACGTATTCCTCGTAACGAAACGTACCGGGTCCTGGTATCTACGTGAGCGCATGAGCTACACTATGACGTCGATAAAAACGCGCACCATTATTTACTGAGAACTTCGACGGAGAATGCTATTGTGACCACTAGTAAGCATTGCGACACCCTAATCATTAGTTTGAGAGTAATGGTGCCGAACGATGTCATGTTGCTATGGGCAAAGACTAGTTTAGTGGCTACAGAAGAGTTACCCAGTCGTTGTCTTATATTTGCCAAGCGTTCAGACAGTTGCGCACTCTTGAAGCCCCCGGTTACCGCCTCGGATGGAAATGTAAGCTTAATATCGGCACAGTTAAACGTATGGGTTCATGCTGCACTTGGGCCACCGACGCGTCGAGTTTTACGGTCATCGCTATCACAAGTAGACATTCCACCCGGGAGGAATTCTGTTCAGGTAAGTGGAGGGAGCAAACTCCCTGTACCGTTTACCGGAACTGAACGTACGCCCAGCTGTCGATACCGAAGACGACTTGAAGGACTTGCAGATCGAGGATTACGGACAGTAGTACTTCGCGGCTTTACATTACTTAAGTTACCTTATCCCTGTTTCAGCTCACTGTTTGCGTCAGTCTGTATCGTGATAGTAGGGTAGTGCTCCATCAGCACCATGTGGCTGTACCTATAAAAGTTCGCAAGCGCAAAGGAACCGATTGTACGTAGAGGCTAGATTTACTAACAAACCTGGTCCGCGTTCCGTCCAGGGAACTTCACGGCCCACTAGTTCGTCATAGTGATTAATGACAAAAAAGGCCCGGTGAGCCTGTTATCGCGTTCCAAACATGCTGTGTATCGGGCTACTGGTGTTATTAGGACACGTAAGCCGGTAGTAACACAATTATCAGTGGTGATTAGGACGCTCCAACTAACGGAATAGCCTGTAGTGCCTTCCCCACCGACCGCTCCGAGTACAGACTTCTCCACGAGGTGTCGAGTGAGTCACAATACGAAGCCTCCCAAAGGCTGAATGTCGAGGTGCTCGTGGCCAACACTGATGTAAATTTATATGGTTACTCGGATCTAGGTCTACTTCTCTAGTGTCGGGGCCCTCCTCAGCTCTTGTAAATCCACGCTGTAATGACGCTGTGCTCACCAGCTCATAAGACGGAGAAGCTTCATGATGAGACCACCTGGCCGTACTAGTTGGTTTTTTCTCTCACCTTAGATCTCCGCTCAATCGGAGACTTATGGGATAACTTTCCTATTTAAAAAATTCTCTG,1472,47.62,Caenorhabditis elegans
SEQ_803240,AGTCAGCATGCGGCGTAGTTCGGGATTGTCCGCCTGTACCATAATCTGTCAGGGACACGCCACCATAATATTTCAGTAATAGCTGGAGGTCCGGGTTTACAGATCGTGAACAGGACATCGGTTTGACTCTTCGCACTCCTTTGAAACACTTAGCCACTGCTATATGACTATGAACCCGACTAGCATTCCAGAGTTACGGGCTGACGTATGTACCCTCTTGTATGTCGGGATCCGTACCTCAGAGAATATGACAACTACAAACTACTGATGGCTTACGAGCTCCAACCCTGGAGATGTTTAGAATGGCTTAAACGTTCTTAGAGCGACGACTAAGGTTGGTGTACTGCAGAGGACCTTAAGCCTCGATACCGCTTGCCCTGCGAGACTACCAGAGGTTGAGTGGTATCGCTCGCCTAGCAGACGCCCCGGCGCAGCCTACTCAACTTTTGGTGTATCTCTAGCCTATCGTGTAGCATTGGAAGGTGCCATAACGATAACCCTCCGAAGAAGCCCCTGTTGGCAAATGCGTAGTTCCGGTAGTTGAGAACCTCGCCCCTTGCGAATTCACTTACAGGGCAGGTCTGTCTCTCGCACGATCCTCACGGGGTGTCAGATTCTTTGGCGTGGGTGTAATGCTGCTTTGGTAGTCGGCTATATATCATGGATAAGCCGGTTAGATTCGGTTATCTAGTCCCACCTAGAACATTTGACTCGCGGAAACCGCCAGTACGGCGTTTGCTACTGTGAGCAAGCTTCTGTTAAGAGGCTCAATCGCTTATACAAGATCGTGGACACCCGCCTTTGATAGGGGTTTCTTGCCCGCATTCGTCCCGACCCATGGTTAGTGGTGATGTATGAGCAAAATATTGTAATGCACACGACATTCGGGCTCACATCTCGTAGGCAATAAACTCGTATCCCAGGCCTGGTCACACTGGCTCGAAGCCACCTTACGGACCCTCGGGCAGCTGGCCGCCCTACGGATTCACGAAGAGGGTTCTCCAACGTGCGGGTTTTGAGGACAATCGCATTAAATCCTAACAATATACCGGATGCTCAACGCGTAACGACTATATGCATACGTATCTTCGAGATCGGCCTTATCTCACTTCTGAGGCGGCATGTCCCGTAACCTCTTGTCTAGGCTGGAACGGGTTTCGGTCGATAGTGAGATCTAAGTTCATTCCATTGTGCGGGCGCACGTAGTTAACAGGTACGATACGCTTAGAACACTCGCCCTAGGGCTGTCCTGGCCTTTTGTATTTAAACAATTGGAATGGTATGGAAAACGAATCTTGCGCGTACACGACGGTGATTAGTGCAAGCGCTGCGGGGACACTTGGCAAAATGTGATTGTGCGAAGAAGCCCGATACGGGTTCACGACCATCGCGTACTGGCGCTTGCGGAGATTTTAATCCACTCTATTTGCGGGGCTCCAGTTACGAGAGGCAACCCTCCTGTTCCAACACTATAGTTATCGCTGGCGCCTTAGCTGGGAAGGTGATAAGGCTAGCGGCAGATTGTTACGAAGGATACTGATCCCCCAGTTGGCGACAAGTCCATGGACATTAGTCTAGCGAACTATGGTAAATGACTAGTGGGTTGATGTTTCGGCTCTAGTCTTCAACCCGGCAGGATTGTTGTACTGTGCCCGGCGTGCTGGCCAATACCTGGGGCTCGAGACATAAGTCTGCGCATGAGCCACCGTGGCGGCACTATGATCAGGGGTTGACCTTGCTTTAACCGGTCGGATGCGTCGCAAGTTGGTCTTACGAGTTCTCCAGTGCTACGGAGCCGGCCGGGCTTAGGAGAATAACGCGCCATTGTCTTAAACCTCTTATTACTTGAACACACTTCCTTAATGCTCCAGATCGGAGGTCGTCCTAGGGAGTTCGTGTTACGCCCTCAGGGCTGAATCCCCAAGCTGGACAAGACTAACCGAACAAGGGTTGCTGGCCACAATACCTGGACTGATCCGACTGG,1984,51.46,Arabidopsis thaliana
SEQ_885789,TGGTCAACATCTTCCGCCTCGCCAAGCAGGACGTTCAAAACAAACTCTAACTGAAAGTTTTACTTCCAATGTGTATTTGGCTGAACGATATTTCAGGGCGTATTCAAGGCGCCTGTGCCTCTCTGGGTTCCGCAAACGGATTGATGTGTGGATTAATAACCCGGGTTGCGTGGAAAATCAATCACTGTGAGCAACACGAAGTGGGCTTATAAACCTTGATGTAAGCGCCGATGGGTCAGCGGAAATCCATCGAGCCAGGTCTCTTCTAGCGGTTAGTCGTTGTGTGTAGTCAGTCGCGATATGATATTGCCGTACCCTATACACACAAGAGCGGTAAAAGTGAATTAGTTCACGACCGCAAAGAGCACCCCTCCGACCTTACCTGCCACACTAACCCTTACGAACCGAGTAGGTTTACGAGTAAGACTGTTGAAGTCATAGAATGGGGCTTTGGAGTACAGGTCCTAAGCGTCAATCAGTATCGAGACCAATTCGTAGTTGGTTTGGGTGCGAATGGCAAACCGAGCCTACCTATCGCGAACCTCAAGATACATCTTATCCCATCCACACCGCCTCCCACGCGACCTGAAATGTCTTGGGTTTATTTAAACCCTAAGACTGTCGGAGGAGATAGCCACGACCACACACTCCTGCTCGGCACAGTGCTCAGAATCATTACAGTTCGACCGTTGGGAAGTAACATGCATGCTTGCAGAACCGCACGCTTAATATATTGAGTCGTTCCCCAGTGGGGCAAAAGGACACCAGGCGACTAATGGGGATCCCTTTCGCGCAGAGTGTGGCGCCCAATAGCATCATATAACCTGTGCCAAAATCACCTAAGAAGGCGGTCATTGGACCTGCGCCTGCTAAGAACCGAGACATTACTGAGAAGTCCTAGACATAATATTAAGGCTAAACCTTGGCGCAGGCGCACCAAACGGGGCCGGTTCCGTCTAAGTTCCCTCGTAAGTTCGTACTGTTCGTACCCGATGGATAACAAACACAGTCTAGAGAAGTTCTGAGTACCAACGTGCGCGGGTGTCCGCATATGATCTCGAGTCCTTCTGTCCTGCACATGTCGCTACAGCCAGCATATCCCGACGGTTGAGATGGTAAGTTTAACGAAAGATCCGGGCACCGCATAAGCGATTGCATTTTGGACTGTGGTTAGTTGATTCTCTACTTGCCTAGCCGCGGCAGCTCGAGTGAGGTTTGTGTAGTCCGGAAGGCGAACCGGACACTTGAACGTAATAAGTTGACCCTCCCAAAAATCCGTGCAAACAGATCTCGACGTC,1298,49.85,Arabidopsis thaliana
SEQ_948341,CCCCGAAAATCGGGGTGCCTACCCTGTTGGGTATTATTTGTTCTCGTTTATGTCGCTTTACTGCAGAAGCTTCGTTCCAATCGCGCCCGGTTATGTCTCCCGCTTAAACTAACATACGTAGCCAGTAACGTAGAACTGGGGTACAAGTGTCCTTCGTGGAGATATAAGCGGAGCACCCAGCACGGTGTACCTAACGAATGGGAGAGAGCTCTGTAGTATAACCCGCATGTGGTGGGCGTCCAGCCTCGGTTGGTGCGCTGTAAGGTGTTACTAGCGCAACCATCCTACACTGTTCGTGTGTTACGTTCAAGTGCGCTAGGTTTGCTTGGAGCGGCGTTTGCATCACCTTGGGGGTCCGCTACATAGGTGTTACGTTCGGGTAGCGGATGCAACTCCACGGTACTTGTAGAACGAGCCAAACATATACACGCGCCGCCCGCTTT,443,52.82,Caenorhabditis elegans
SEQ_199058,ACATCAATGTGTGATCCCACGTACTATCAGCATTTATCCCCTGGGTAAATAAAGTTAGAGGGAACTCTGAGGCTGGCCATGCGGATCGATTTAATGCCCGTTACGGTAATGTTCAATACGACCGTGAAAGCGTCCCACCTTGCGGTGCTACGCCAACGGTCTGTAAATTTAGCCTACGACTGTCGTCGAGTGCAGTCCCTACTCTTAGGCCGTATTCAAGACTCCACGCATCTTACCATTGAAGGCACGAAAAGACGGGTTCGGGCGCAGGTCGCGTCTTCGGTGAAGTGGTTCTAGAAGAAGTGTGGAAACCAGCCGTCATGAGGAGCGCGATACTATACAGGCAACTTTCGACTACTCACAAGAGAACTTAGTGTTGCTAATGCCTGGGCGGGAAGGAAGTTTAGCTCAGAACGTCCTAGAAGTAAGTGATGCGTTGCTCAATGGTAAAGAATCAATGTTATTGTCTGACACAATACGTTAACTTCGAAGACAGTTAAATCCTTATCCTCTGGTGGGCTTACACTGAAAACCCCTCCTGATGTGTGCGTATCGCCCCAAGTGGGCTCGGCACTTTCGACCATACCGAGTATGTCAATACAGCAGGCCTACACAGCAACGTCAGGAGCGCACGCGTTCTGTACATCTCACTTAGCGATGAGAGGCGTCCAATTTACAACACTCAGGATGGAGTGCGGC,699,49.5,Caenorhabditis elegans
SEQ_972428,GATTATTCATGTATAGATTGGGATCCCTCGTCTAAGTCCAACTTCACGCACGAGGCTGTCCGTCCGTCGGGAAAACGCCGTTGTGTGTGGAACACGACCAGGACTAGATGCCTAAACATCTTACAATTACCCGGCGGTGAGTAGGGGCGCATTTCCCTGTAGTATCAACGCACACTGCAGAAAAAATTTTGTACCGGATAAGTCACAGTACCAGACCTCGAGGGATGACTATTAGATTCGTGGCCGAGGTGGCGCCCAGAGAGGGTGACCTGTGTTTAAATCTCCCTTACATCTTTGACCCGCTACTACTATCCAGTCCCACATTAGCGTAGCATGCCTCCATCTGTACCTCACCGTTCGTAGCTTTCGCCATGCCTTTTGTTGGGTAAGAGTGTAACCTCGGGAGCATCTGCACCCCTAGTGGTGTGGTAGGTCCGTCGATAGTTAACTGACCGCTTGCATATATTAAAATCTTGCTGGTATGTAGGTCAGAGCGGTTCGGTCTGCTGAATCGATCGTAAGTTAACCGGGCGATATACCGGGCTCTCAGTATAAAGTTCACCACGTGATCGAGCGTTACCGCCGTTCAGATGTAACCTAACGCGGCCACACTGTCACCGATCTTCG,627,50.56,Drosophila melanogaster
SEQ_887930,AGCGCATCAAACCGTGTGATGCGTAAGGTTTGTCCGACTAATAGTTTATGCCCTAGTGCAGCACGTGTTTGCCCAGCACCCGGACAGCGAGGGTACCAGGGGTTACCCACAAGAAGTTGTTCTGGGGATGCGCACTGGATTCACGTTCGGATAACACGGCGACGCATATAACTGCAACTCACGTGAACATGGCAAATCCTCAGTTCAGGTTCTAGCGGCAGTACCTGATCGGCACCAAACGTGCCTGGGAGAACCTCGCCGTGTGTTTGGCTTCACGTTAATTACCGTCTTGCTCAATTGTGCTATGTTGTGCCCTGCGAGATCGTTGAACAGTATAATCACGTACCGCCCTTGACGTTGTAGACTCACAGTATTCATTAACGGACGTCGTCGATGCTGGTCAGTTCTGTAGTGGATCCCAGGGCTGCAGCACTTTATTGGTAAATTTCGACCGCGCCGGTGATAGCCATAGTGCAACTCTCTGGACATGGAAGGGAGCGACCCCTAACAATGAATACACTTCGCCATGCGTCGGTTGGCAAACAAATTGACAAGTTTATGTCTTCCGGAGAGACCTGGTGGGTACCGTCTCCCACGATGCCCTGTCTACACCGAGACACTAAGATGGCACGATTCTAACCATTGCCTCAGATATTTTTATGAACTTTGCCTACGTGCTAAGTACTAAGATATTAGACAAAAACTTATCTACGGGCACCAGAAGCGTTACCCAGTTAATAGACAGCGCCGGCCTACTACCATATTGGTGATGCCGCAGCCAGGCCTGTGAGGAGTGCTCTCACAATATAGACTCGATCCAATCGAGACCGCTGGCGGTACATTCGTTATTCGGCACAAAACTATTAGAAGCCTGTTGGACCACTTCCGACGATAAGCGGCGATAATTCGACTAGTCGGTGGCGGGGGACAAATGACTTCGTACGTTTTTTGAACAGACCTGCTCTTATCGTTGGATCTTCCCCGCTGGCACCGTTACGAGACAACACTGAACTCATGTCTAGAGTCTATCTGACCATGGTCCATGTGACCTAGTTGGAGTTAAGCACCCATATCGGTATGCTGGATGACACAGAGCTGTCTTCCATTGAAGTGGCTGCGCAGCGACGGGCGGGGCAGCGGGGAAGTTAACTTTTACCCTACCACCGATGTATCACATTCCAACTGTAAGGCCGCAACTTCGGCATTCCGGGATCCGACCATGCGAGCTTAGCCCTCAGATGGTTATAGATACGTCCTCTTCGTGTCCAAAATAGCATCGCCATTGTGCGATTAACTCTGGACATGGCAGCAACCCTCGCAAATTAGTTACATCTCGCAACTAAGGATTTAAAACCCTAATAGCCCTGAAGAAAAACAATAACCAGTAGCATAAGACGGGCAGCTAATATCGCTCGGAATCGGGAGGCACTGAAATACTTGTGGTTGCTGGTCAGGAACGAGACCGCTGCCTGATGTGTTCAGTTGAGGTGCAAGTACCGCCAGTAAACA,1509,50.03,Homo sapiens
SEQ_182392,GAAGCCACTGTAGTTCAATGCCACCAATCTGCGACCATGGGTGTAGGTTGTCTATCAACCCTCAGGGAGCCTCAACTAGTCTTTGACGGACCCGTGGAGTAACGTCATGGTACAATCGTACATGTAAGACCTGCATTACTGGGTAGGAGCGGCAATGCTGCATTTCCTATACGCCTTTCTCATCTCGGTTTTTAGGTCTGGCACACTAATATAAAACGGACAGGCGCGCGGCTGTGGTTCTGGTAACTACATTTTTAGTGTCAACAGGGCAATGAATATAATCGTATATGGTCCTGTAGGACCGCCCTCGCTTCGTAGTGCTGTGAATTAGCAGTCATTCCGACCTTCTTGGTATGTGATTGTTTAACATCGCAGAGAATCGGTCTGTACCTTCTCCATTAGCTCCCGCATTTTCAAGGGCGAAAGTTACTCGTGCAAAGGAGCACATGCTATACCCTTGCTTTGGGGGTGCTAGGTGTGTCTAGTTTATGGTTGATTTTCAGAAGGTAAAGGAACTCGAATCATAAATTGTTTTAGGGCGCACGCGGATGCCACTATGAAATTATGATACAAGGCGCTGGATAATCAAACAACCAAGATCTTGGCTGGTTGTATCGACGCTGTGAGCTGCTATTGGCTGTGCGTCGACAATCGGCGACAGTAAAGTACGGCGGACTGGTTTACCCATAATTAAAGAGAACTCACCTACCTCGCGTTCTCACGCTTAATGTCCGTCTTTATCCAACGCACTTGGAAAG,758,47.1,Caenorhabditis elegans
SEQ_766933,TACAATTCAGAGATGAGTTTGAGCGACTAACCAATTGCGGACTTAGCTGGAGGCACGGCGCTAGACGGGCGTTATGCCCTGATGGTCAGAGGGTACAAGGGTCGCTAGCGATTTGATGACGGTGGAGGTAGAACACCCGAGCAAACTTCGGTCAAGGTCATCCGAGTCTTGCAGCGACGAACGGACCTCTCCTAACACCTCAATTGGTAGGCTTAAAATGTCGCTGCGGGTTGACGGATCTTACCCGTGTAAATTAGTCTTGCCGCCCCTGCTTACTACCGTGTTCAACATATATTTCAAGAGTCGCGCAGAAACGCGAACATGGACGCCTCTTTTGCATACGCAGGAGGTGTCGGGAGACATTGTCGGTCCATGCTCAGCGGGGTGGAATATCGCACGAGGGTGTAGTCCGAGCTATCGAGGCCCGCCCACCCTGTCCATTCTTCCGGGAGCCCCAGCAAACTTGTATGGAAGCTTAGCGGAAGGTGACTATCTATACATGAGAAACTGACCCAGGGAATTAATGCGCCTCAGGGTTTGTCATTACACCGACCCATAAAGAAAAACGATTCGCGCTGACTGATGGCGTATGTATCGATCGTGAACAAACGCGGGTTCCGGGCACTAGACCAGCTGTACTTCAGTAGGGCTTCAACAGCGGTCACGATAATCGTGTCAGATCCATCCCAACTTTTCGGGAGAGAGGGCTAAGCAAGGAACCAATTAGAGCGATGCAGACCGGATGCCAGGTCTTCTCGTATAAAGAGGCAATGCATGGAGTTTAAGAGATTTAACTAGCGTGCAGGCGAGCTATCGGTCGCAATCCCGTCGTACTGGGCAAAGTTGTACTAAAACCAGGGTCTTAAGTGAAAGGGCAAGTAACTGGGCTGCATTTCCCCCCTCGGCAGCCGGCCAAGTTGGGATTGATCTGGGTGTATTTGGGATGTTACAGTCCCGGATATAACCGATGATCTCGAGCCTGATGCTAAACATTCCTCTTTTAACGCTACGTTAAGCTGATACTCGTAACAATCAGGGTGACAAGTCTGCGATGTCCCCCATACAAAGAAGCTTCGATGATTTTCGCATGACAATTGATTCGACGGACCGTGAAGCTCGGGCAAAGAGTATTGGCTGACAAGCGTCGAATGATTCGACAACACTCCTTGTTCAACAAGCGGTACCTCACTAATAAGATTCTATATTGACTCGTTTGCTTAGAGAGTTTCCTGAGAGGGACGCCCCTTCGATTGTATCGATAGTCCGGAACCCTGTCCTGTTAGCCGGTGTCCATAAAAACTCAGCAGTCGAGGTAATCTGAGTATAAACGGTGCCACCCCAATACCAACCTCATCGAAAACAGAACGTTCGCATTCAGCGATCTCCTAGCGCCCTAGCGGGTCCACCGAGCCTTCGGTGTCGGGCTAGA,1429,50.87,Drosophila melanogaster
SEQ_918646,ATGTCAAGTAAGTATCATCGTGGACTGCGCGAACACCAGAGCCAAGACGTGGCTCAAAGCCGATGTGCTAAGGTCCATGGAAACGTCCGTCCGATAGTGCGGAGCTTAGGACCCAATGGGATCGTAATAGCAGGTCCTAAAGTTAACGAGCCATTAAACGTTGCTGCTATTCTTAACAGTCCTAGCGTAGTAGTATATATTTCCCCGATACAGCAGCGTCTGACGCGTGACTCGTTGATTTATCGTCGGAGCGTAAGCTGGGCGGGGCCCACCCTGGTAGTGGGGGGCAAGGCGGTCGGGAAACGCACTATCGCTGTCGTTTAATCCCTAGCATGTGGTACCGCAGTTATTCCTGGGTATCTCTGTGTCAGATATGGAATTTGTTTTAGAAGTATACTACAATAGCAGCGATAGAGCAGTCTACCAGCCTCTCCGGAACTGCTTCGACCCTCGATTTTCAATCATATTTACACAAGGGACGGGTAACTTATCTGGCACCCCACCGCGCACTGCTGTGTTTCGGAGTGCCATCCATAAGCGTTTACTGTGATGTACAGGAGCGTCCTAAGACCTGGTCGAGCATCAACGAACTGTGGGCTTTACTGTTAGTGCATTGACATGACTGAGGTCACATTTCTAGGCATTGTCCGCTAGCTAATGATCAAAAATAGTGCCATCCCTGTTGCACATAGATGTCACCACCGGAGCTAACGCTGGGTGCTGGTTGGTAAATGGCCGAGCTAACCCAACTCCGACATATGATCCGCTTGCCGAATGCAATCCGAAACCAGTACTGCTTCAAGGTCAAATGGCGCTGTGGCTGACCCGAACACATTCTTGGGGATGATAATAGTGAATAATGGTGCTTCCTGGATGGCTAGCTCCGTCCCCGTCGATAGGCTAGATAACTTCTCGATTCCGCGGCACCTTGCGCAAGTGCAACTGTAGTTGGAAATTACGTATTGCGTGAGCCGCGCGAGGAAACAACGTTTAAATCGTGCAGTAACCCCCTAGAAATGTATCATTTCAGGACAATGCAGGCTCAGAACTGGGCAACATAGCCATACCCGGGGTCTTCGTGACTCTTTGAGTGGGAGAATCG,1102,50.18,Escherichia coli
SEQ_993400,GCACAAACCAGGGAAGACAGCAGATATAACTGAAACCGGTACCGCGAGCTCCATGCTTCACGCCGTCGGGACCTATTAGCGGGTCACGTTAGAGTGACAGAGCGCGGACACCTGTATCACCTACATAAGTGTTCCAATGGACGGGGTTCAATCAAAAGGCGCACACCCGAATCACTTGTTATTCACTAAAAATTTTTTACAAAACGCTAGGATGGGACACGGTATAATGCTTCTGAAACGCGATAATTTGAGGCTAAATCCGCTCGACAGGGCTCGGTACCTTGGAGCGGTCGTCCTTCATTGATATTTTCGGACTTTAACATGAAAGAATACTAATTGGGAGAGCATGGGATATCGTGGCATGTGAGTGGCTATTTGGAGCTCTAGTTCGTAATCATGTTATGGGAAGCCGGATGTGTCGATAAGCTTCAAGAGCCAGTCCGGAGGTTCGACTGCGCATCCATGAAGCCGACGGGGCTAAGCAGCCGGCATAGGCTTTTAGAACTGTTGACGCAGTTTGGTGGCTCTCATCCTTATATCGTCATCGACAGGGATTCCTGCCAGACCTGTGTTTCACTGAACTAAACTTCGCCTAACCGAAGTCAATCCTCACTGGGACGAGTTCCCAGACTTGTCCAGTCTCCACACTTCCGTGCTTCTTAGCGGGATGAATAATTGCGTGCCAAATTACATTTCGCTGGGCTTGCTGCGTCCAAGTCAGCGATAGGCAGATACTATGTGCTCAGACTTTATGTGGGGCGTGAATGCTCTGAATGTGATAGGTACAGCATTGAACCCCCACGTGACCCCAGACCCTAATTTCTTCCGACGCTGATCGCTCTTTGACCTGCCCTACGCTGTGTATTCAGGGCGTATGTATGGTATCTATACACGGACAATAGAGCTGGGTTCATATCAGCTGCGTCTCAGTTGGCAAGAGAAATACCGCTTTACTAAACGTGAAGTGTCATAGCGGCTGTGCCTGCT,987,49.24,Drosophila melanogaster
SEQ_304108,TTTTTTGAGGTCGCAAGAAAGCGAGCACGAATGTTGAATTCACATACTTTTAGCGAGAATTTGGCTACCATAAGCATCTTCATTGTATGAGTCATCATCAGCTAAATAGCTTCCGGTCGGGGGAGTTTGTTGCTCCGTACAATACAAATCGTGGGGCATGGTGTAAAAGCATCACTAAATTTTCGACGCATTGCACTACTTTACATTCCCCACAATCTGGTGAACCATGGCCTTTTATTAGAATTGGTTACAGGGATGTAGTTCGTAGCGTCTCGATTGTCCTTCGATTTGACCTATGCGGTATTCTTCGAGCCGACCTGCGAAAGAGGCTCCA,334,44.01,Drosophila melanogaster
SEQ_728708,CGGACAAACCGAGCAGGAGCCCGAATGTAATGTTAGACATTCGTCCGGGATAAACCGCTATAGCTGTAAGTCCCCGTCTGAATGTGTGGGCAACTGTCGGACGCATTGCCGCTCCCTCGGTTAGTCGTTTAGTCCTTGCTCCATCGTGGCAGGAGCCTATTCTGCCCATAAAGGCCCGTATAAATATAATGCTTGGACACGCTGTGACTCGCGACTTACGTCTCTCAGAGTTTTGGCGTTAAAGTCTATAGAACCTTGTAAGGAATAGACCGACGTTTCTTCTTCAGGGCGCAGTGTCCAAGGGTTTCTAGAGGGAAGGCAGAAGAAATGATTTGGACCGTAAAACATGAGACGGTACCTCATACCTCCCCAGCCACAGCCGCATATAGACCCTAGAGGAACCAATAAATCCGCCGATTTCTTTACCAATGCTACTCTTCAACTAAGAATACCCACTACGGCTTTGGAGGTAGGTGAGAGGCCACAGCGGGAGCACACCTAGGACTCGGCAGCTTGTCCGGATGGACACCTCTTGTAAATTGACCACGGTTATCATGTAGCAGGAAGATCACAAGAGGCATTCTTAGGATTGCCAATATGCCTAGTTAAGTTAGAGGACCGGTTAACATAAGAGCAAGCTAGGGGGTTACCCCACGTCTTTGGAAGCGGTTCGTCTTCTAAGGAGTGTGCGGAATGCGTGCGGTGTGTTTAAGTATGCCGGTTGTGCTGTTCCACCATCGAGCGCATAAAACCAGATAATATATCATCGTTGCCGCTACTTTGTGGCGGAAAACTACGTTGGGATCGTCCTTATCAAATTTCGGTCCTTAACATAGGAGCGGGTTGTGGCGTTTTGACGTCGTTTATGAAAGTTAAGCCAATGACGATCATGACCGAACAAAGGCGGGGTACAAGCTCGGAGGGAGGAACCCTATAGGTCTGGACTTCCTCTATTCAACGCCATACCTCATGACCTCTATAACTGACGTCGGTGTGCTGGGCCCATCGAAGTGCAAGTAATGATATTCGGCGACGACATTGAGTACATCCGAGTCCTCGAGCATACATTCACAATACCTTATACCTTCCAGGTGTGTGGGGAGGACTCGTACTTATTCCCGACCTCCGTTGACTAAGAAAATGGCGCGCACAACTGCTGAATGAGCAATTGCGGAGCTCAATCGGAGCAGTGCTATTGAAAAACTTGCAGACTAATAACAAGTGACAGTCTGCCACCAAAAGCTTAGTGTGATTTTAGTTTACCAAGAACAGCTCAGAACACACGCTGGTCTGTTTCTCGTGTTTCCAGCCAACTACGTGATTGCCCGACCCATGGGTCTCACCATGTGCTTAGCGTGTTTTTCGGAAGGGCCAGACCGCCCTGGACGAGTGTGGCTTAAATGTTTGTTGGAGGTTCGGGACCTAGGGAATTCAGGCGCATCGCGCGATCGGATTTCACACGTCCGCAACCACACATGTCCAGGCTGTCCGTCTTGGCGCTGATGCTGCTAAGCATGC,1518,49.87,Arabidopsis thaliana
SEQ_547045,TCCCCTGTACCTCGTAAGCCTAGATTAATCGTATAAGATACAAGCTATCTTAAATTTCCAGGGTAATCACGTGGCGCGACCTTATCGCCCATAACGATTGGATGACCGTCGAACTAACGGCCTAATCTGAGCCTTATCGATACCCAGCAAAGCCCATCCCCTAAAGGGCAAGTTAAACTGGTCCATGCTTCGAAGGCGACGATGACACGTATCGTAATACTAGTTCTTATGTGGCCCGGGTGTACTGTATAGCATTTGCTACGGGTGG,268,47.76,Escherichia coli
SEQ_142174,GTGCTCGCCCTTATCTTACGCTTAAGACTCTGGATGGCTGGCAGGTACGCCCATGTCTCCACTTCTACCCCTGTCGCCGGACCAACTTGTCTCCACTTCGGATCGTCAGGAAGCATCCAGCGCCGGGAAGGCGCGTAGTAACCCGGACACGTAGGGCATTGGAGGCAAACAAACCTTATTACGAACGCGCTATGTTTGACCGCAGTTGAGTTCGGAGGACTGAGATGAGAGCTCATGCAACTGCCCGATACAACAAATCGCCTTATGCCGCCTGCTGGTACGCGTTCCTTCTGTTAGCTTGCGGCCTGTCCCATCACCGTTCAGCCGAGTATGCTCCTGGAACCGGACTTAAGTCGAATTCGCCAACGGTATCCCGTCAGCAGAGAGGAAAAACACGTGTTCAACCGTTATTGTGACCCTCCGCAAGTGGCATCCTGATAGAGAGGTCGCCCTACCGTGTTGCGGTTCCACTAAAGATAGGAGTACTAATCGCCGGATGGGTCGACTGCACCGAAATTCACTTCCACGAGGGAAGCCGGCGGACGGGGTTTCTTTCTACTTTATGTATATCTAGCCCCCATATGCCGTTCACTCGCTAAACCGTAAACGACTGGTGAAATCTGGCCTTACGAGCAAAAACTCTACAGTCAGTATTTAGGGGGATCGCCGCGAGAGGTTGGGACGTTTAACAGCCCCCTGGGAGGGATTATAATACGTGTGGTATGTTATGAATATATTCCACCCCAACCCATGCGCCATGCGCGAACATAACAGGTAGCCTGGCTCTTTTTGCGTGTCTTGATTGTAAAGCGATGCGTGCCAACCTAAGAGATATACGCCGGGCTCTCAGAAGTAAGTGAAGGCATGCGCCCTTGCGGTGGGACCGCAAGTGCGGCAGTAAACGTGCCGACTACCATATTTCACCCGGAGCTTGCTCAGTCGTAGTTGTTCCGAATATCACGCCTGGGCGCTGGGAAGATCTTCAGAACAAAAGTATCGGTGGGCCAGTCCCCCCGGTATTGCGCAATGTAAAGCCCAAAGCTGAGGCTGTCGGTAGAAGTATTTACAGTTACGGCATTAACTGTAACGCAGACATAGCTACCACGCC,1108,52.98,Escherichia coli
SEQ_776818,TGTACAAAAGTTTAGCGTATTGATAGCCTATGATCAGAGGGTTCTCACGGTCCGGTTAAGTCCTACATAGTATAGCGGCGCCCTTTGCAGACACGCTTCTTTCTGATAGAGCGGTATCTGACTGGGAACAAGGTTAGCACGCAGGCTAGATCATAGGTAAGCACCACGTGCCCCAATAATGATAGGTTCTATTGCAGGAAGCGTACTCCAGCACGCTCAGGGATGTCAAACATTTCCCCCGCAATCTATTTAGCCTGTGCCAATTTGTGGCAGGAGAAATACAAAAATGCGACATCGAAGCTGGCTGTGCGGTGCAACGAACGAGTAACACCGCCCCACGTCACCATAGCAGTCGCCGTGGGTGATGCTGCAAAGCAGCTAGTCGGCTAGGCCCGCCCTCCGTTTTATCGTACAATTTGCAAAGTAGACCGAATCATCCCAGGGCGGGTTGCGAGCCGTAAGTAGCCGCTGTATTCCGGCTTCGCTCCCTCTATGAGCTGTACAGACTCTAATCCCACTTGTTGGAGAGATGGACTCTTGTCTGTAGGGAGTGATTGTGCTCGTGGGAGGGGATGCCCCCGCCGATGACAATCAACAAGCGGCGTGTGAAACAAATTGGTATACCGAGAATGGTGTAAGGTTACGTATCCAGACCTCCTATTTTTCAGGTGTTTACCAAGCCTCAGCCGATGAGGATGGATTGACAATGTTAAAGCGAGCACCTTCGTAACGAGGACCATTCAGGCTCTACCAGGTTAATGACGGCGAACCTATACGCAGGCGGCGATCTATAACGGGAGAACGCGATTACGGTTATCGTTCTGAAATGTTGCGTCCGGGTGTCCTGCTATAACTCAGTCACAAGGTTCGTCCGTGCTCAGGTTACCCCTACTGGCTCCGAGTGGCACCATCCTCGTCAGCATACTACCTGCGTGAAAAAATAACAAAAAAAGATATAAGTATCGCGATTCTAACTACTTGGTGCATACAGATTCGAACGCGCGCCCACCTTTGGGTGCGCGGCACTCATTGCGGCCACAGTTATTGGAGTACGCTTCAGTCCGTCCAGGTATATCATCACGTCTTCTGTGTTGTCGTCAGGCAAGGGCGGCATAGCGGAGGTCAAGAAGCCTATAGTAGTAGTTGCCAGCGGTAAAGGGGGCAGCAGGTTAACATCTAACGTATCCGGGGCTTACCAGGAAATCGCCCCTGGATCTTCAAGGGTCACAGTTGCTACGACGCAGCGAACCACTGGGTGGGCGAAGAAACCAGCGAGATCCTCAGACGGTGGTAAGATGAAACCACCCGAGGCTGCAAGTGCTGCCGTTCCCCGTTCGCACGGGTCCTGAAGGCAGGCTAGTTAGTCCGTTGATGTTTCCGACGGGTAATCATGCGCGTGGTTGTCAGTCCGGTTGGTACGAATGAAGAGTGGGTAGGACGTACGAAGTATGCCCGGAACACGCGTATGGTTCACTCAATAATGTTACCTTGAGCACGATACGTGTTTCGGGCTATTAGCATCCAGCTCTATAGACGAACCTCTAAAGACATGGCATTATACCGGGTCTACGAAGCGTCATTGACCCCTATTGTTACCTTTCCTCGAACTCTTAGTGTAAGCGCAGTGCGTCGAATGGACTTGTGCATCGATAACATTTTTGCGGTAAGGACATTGGTTAGCTGATATTCTAACCGCGATCCAACTGTGTGTCAGACATTTCCGTGTGATATAGAAAAGTCAAGTTATCGGCTAGGCCGAAACTTATGGGGCTTCTGCCCCAGTGCCTTGTCAGGATCCTGCTCCCTCTTATTAACAGTCATGGGCGAAATTAGGCGGGCGTGCACGTTCTCACAGGCCACTCAGGCAACCG,1871,51.26,Homo sapiens
SEQ_213256,CACTTGTAGCGGTGGGCTGGGGTATGCCCTTAGTGTGTGCATCACCTCGTCCCCACATCATGTAGCTTCGGCTTTGTGTATGGATTGAGGGTTAAGTAGTATCCAAATTGTCATGGCTCAGGACCTGCGGTAGCTCTGTAGCCGAAGCTCAATGGGGCTTCACTTTACACCACTGTATTTAGGTGTCTGATCGGATTAAATAACTCAAGGGTATCCTTTAAATCTGAGCTGGCCTCAATTCTGTGGAGGTGATCCTTGCATTCCGTTTCGGGTTCTCCATGGCCAGGGAAAAATCGAGAAAACTTGGTCTATTCCCAGCGGGTCAACCTAGTTGCTGGTCCCGTACGTGGAAGTATGTCGAACTGGCGATACGATTCCGAAGCCTAGCAACATGCGATATAGTCACCTCTCGCTCACCTAACCGCGCAGACATCGATCGAACGCAGTTGTTGCCCATGGCACCAGGGTAAAGTGCAACATCTATCTAATGTGCAATAGCGTTATTTATGGACTGGGCATTGATGGTCATTGGCTCCTAGTCAGGTGAGTCTCCGTTGGTAATGGCGGCTACGTCTAAGTCGCCGCTCTAACGAAGGCTCGTTTCTTGCAGTACGATTCACAAGAAGTGAGGTGACTGTCGATTGGTTATCTGATATTTGCCGAGAGCCTTAGAGATTGGCACTTCCTAAGATTCGAGTCTTACGGTCACCCGGTCACATTATCCGACTTGCGAATTGGAGGCATGATCGGAACCTGATCTGTTTGAACATGCTATAAAATTAGGCTCGTTTTTTTCGACGCACGCAGTGCCATGGGTGCGAAAAATGCATAAAAAGCTAACTATCTCCATAACGTACATTGAAAGGGCACTATTAGAAACTTCAGTACTTGCTAAATACTACGCTACAATGAGTGTTGAAAAGAGGTGCCAATTGACGCGTATTACACGGTTCGCCTACGATTGGTCCACATATTAGACGGTCGCAAAAGGAGTTACCTTCGTCACTTGTATGTTGCCCGTGAGGGGATCACAGTGGTAGGGGTAGGTGATTATGTGGAGACGTGATAGGGGTCGACTGGTGGAGTTATAACTTCGTCAGTACGTGCATACGTACAGGGCTACGCGCTCACTCACATCCTCGTAA,1145,48.03,Homo sapiens
SEQ_395090,GGCAAACCCGCTGAGCAGCCACCAACTACTCTCGCGGGTAGACTTACGCTATGGACGGCACTTCCTAGCACAACGTACTTCATCGACTCGCTGAGAAAGACTCTACCACATTGGTTCCGTGGTAAATTAGCACCGAAGCAAATAAATATATTTGTCAGAAATGTGCTCTGGAATCGTCCCGGTGCAAAATTTGCACGAATCACTTCTTTTATAAGCCGAATCATCGGCAAGTCCAACTGCGTTCGCAGCCATATTACCCCTTGTATTTCTGGCTTGTTCTCCAGCTAATAATAAGTCCGTTCTGGAAATGCTCCGCATGTCCCATGCTCCAAAAGGGAGGACCGTTATTAACGTTAGAGACCACCCTGGGCGCCCGCGCCCCTGCGCGTATGGCCGATCATTCGCTGCCTCGGTGAACATACCTAGCTAATAACTTACGAGCAGAAGTATTAACTGCGCTATCGAGTGCACCACGTAACGCAATTCGGAGGATCTTGGCAGTGCAGAAAGCGGTTTAAGATAAGAAGAGGTCCACTGGACAGGTTCAGAGCCGTAATCCGAACGGCGCGAACCAATAGCCACGATGGCGAGGTCGGAAGACAGAATTAACGCCGTTGGTACATTGTAGAGGACCCCTGACCCAACGGGACGCACACTGCCAGTCCAGTTGATCGTATGCTCGCTGGACTTAGGAGAGATGCATGCTAACCGACGCCGCGTGGCTCACTTAGGCTTCCGGTGCAGAACCACCCTTAAGTGGCAGCGCATGTCCTCTCCGCTCCACCTAGCATAGCCTCCCTGTGTCAGGAGATGCGCTAGGAAATGTTTGCTCCGGAGTGCCCTGGCCTAGTCTCGTATCGCGGGGTTTTAGTCAATGGGATTAGTTCGAGTACCAGCATGCATCACGGATGGTCCAAGGGTTACAGATACGACCGAAGGTCTTTACGTTTCGAGGTATTGTCTATCTGAGACTGCGCACTACCGTTCCTCAACAGCAGCGGACTCGAGGGCTGTAGCGGGAAATGTTAGAACCCCTCGCCGGACGACACTAGCTGTGGGGCCAACTAAATATGGACCTCCCCTGTCGGCAGATTAAAGATGATCGGCACCGTCCGTTCATAGCAGAAGTCACCCAGATCTCTCAGCTCTGCTCGCTATATGTTTGTTGATAGGGTCAGGGGGAAGTTAAACGTCGCTCAGCAAGCCAAATCCCTTACTGCCCCGTGAAATGGACGCAGTGCCGATAATGGAAACCTTTGCGCCAGTTGTTGCATGTAGTACGTTGAGTCTAGAGACCTAGTCCCGTCAAGTGCGTTGCAGGACGTTGGCGATATGTCTGATGGCGCCTCTTCGACAACAAAACAGGAGTGATCCGCAGGTGCGAGTGTTCGGCGTTGCAGTCTCTTTCCGTATTATTGGGCCAAGTTGCGAAGTTACACGATTTTGCACAGTTTTAAGAGCGCTGCTTGCCCTGCCCCCCGTTGTCTTTGACGCTTGGGGGTGTGGCCAGGG,1512,52.58,Drosophila melanogaster
SEQ_216001,CACCAAAACGATACGACTGGTTGCACAGGCCCGTGCTGCCCGACTCTATCGGGATAACTTGGCTGCATGCATAGGTGGGTCCTTCCCTCCTAAT,94,55.32,Mus musculus
SEQ_434509,GAGCCCGACATGGGTCACGGTCACTTAGTTGTGAACATTTGACCACCTCGCACTTGTTATGCGGGTGTTACCCGTATGCCGCCTAGTTCATGTGCGGGCTACATCAGCGATCGAGAAGGACAAGATTGCAAGTCTGCCTTTGTCCCAGCTCCAGCTTCTTTTCATTGCAGCGGCCCATGTTGTGCACTCGCCTAGTGCGATCTCTCATCATGAACAACGGTCCGACCTGGTTTGTTTATTAGCAGCTCGGACTTCATCCCTACCCTTTACCTCCGTGTCTAGTACCAGGTGGTGAATCTTACGGATCCCGCGGCTGAGAGTCCTGACAGAGGACGAGAGGACGTGTAAGTACATGATATTTCATCTTTTCTAGGAGACAAGAACGACAGTCAAGAGTAGTTAAATCTGGTGTGAAGATTCTTCAAAGAGCACCGCCGGTGGTCTAGCTCGTTGCAATCTCGTCGCTTCATAAGTGCGCTTGACCTAGTGTCATGACCTGTAGCCCCTGCGTGTTTGAAAGTCACATACGGACACGCAACGAAAAGAAGCATCCTCCCTGCGTTGATGGACGCTAGCAGTGCTTACAGAGGTCGACCATGGGGAGCATATGAGCGGTTACTATCGCAGTTATTTTACGGGTGTGCACTCCTAAGAGGCTAATAAACTGCAAGATCGCAAAACATCGACTAGCCTTAGCACCATTTAACGTACTCGTTGTTTAGTACTGAAGTTCATATAGCTGGGAGCGTACAGAAGTACAAGTAATAACCCCGGGTCGTTAGGGAGGCTCTCTGCGCGAGGCATCAAACCGCCTGATGATTACAAAAACTGGAAGTACAGCGTCATCTCGCCAGTGTGGCTCCTCCATATCTAATATTGGCACTTCCATCTCGGTTGACCGTCAGTGATCTTTTTCTCTCGTTCATAGTGAATTTGTCCGAGTAGTACCCGTCGCGTCGGTGCCACGTAGTGTGCCAAGTACTTATCAGACACAGAAATACTATAGGGTGCAGTAAACCGGTCCTGAGCCTTACTAGCTAGGATGGCCAGCGCTTAGGCTCAGGCGGGACGGGCTGATGCTGTCGAATATCGGTTTTTCTGCAAGGTCGAAACTGCCAAGCCGTATGTGCCAACGCCCCAATGGTGTATTCAGTTGTGACGCATGACCTCTACCGGAGCCACTCGCTCTTACCCTACACTTACGCCCTACGGGTACGAATATCAAACGACATGATCAACCAAAGTGGAGGCCCTTGGCCTCCCGCTGAATACCTGCGGCATGGGGCCGTTA,1291,50.74,Escherichia coli
SEQ_307475,ATAGGGCCATATAGCTTATGACTAATTCCATCAACTCCCTATATCCTACCATGGCCCCGGAAAGGGAATAGGAACTCTTTGATAAGCAGTGTCCTGTTGATATGTACAAAATCAGCCGATCGATGCCATTGTATCGTAAAACCATTAGAGGCAGACAGCCAATGGTTCGAATGGTAGCTCATGTAGATCAGGGCTCTCCATAGCCGGCAGGCAACACCCGGTAAAGTAAACTTCTATCCGCGCCTCGGTTTGGCATCTCTACGCATGGTGCGCGGTTACTTAATGTTCGCCCCTAATGGATTTGTTTTCCCCCATGGGGGTCGGTGCAGCCGCTCTAGTGAATTCTCGTAAGCTTTTGCGATGAATATCCGAGCCGCGGCGGTAAGCCGGTCATTATATTGCGGATTTTACTGCCTAACTCCGGACCCACCATAAGATCGATGAGTTCGGAATCCCCGTGGTCATCTTATCAAGAAGTTGCACCGTGACTTCACGCGGTAACTGGAGCGTGGTCGTTGTGTTTTCCAAACGCAGCGGATTGCACTACTCGGTCAGCGCTTTGGGAAAGGTGGATCACTTGTGTTTCGAGTTGTTAGAAGCCGAGTAGTTACTCCTCGCAGGGGCAGGACCCGTGCGGGCACATTGCGAATACGCCAACTGAAGCTTATCTTAGCAGCTGCGTTGAATGTAAGATAAGGCAATCATCAACATTCCCGGGACTTCAGTTGCGGGGTTGTCGCGAAAAACCAACTGGGGGGGTTCGCCAAATCAGCAATGGAGGGCAATAGGTAGGTGATATTGCTCTTAGCGGTGCCGTCGAGCAGATTGTAAACCATGTACGATGCGGTCCGCCTGCTTATACCAAGCCGCTGGTGTGTCGTGTGCGTATAATTAGAGATTGGCCACATGCTCCGAGAGCACTCTCTAGAATCCTACGTTTTCAAAGTTACAAGTGAAGACGGTCTAAGTGAGCGTGGGACACAGTGCTTGTGTCAAGTATCCAATCTCCCCAAGCATCTACCGTTACCAAATTAGCTTCTTTAGTGTTACACCCGAGTAATCCCTTGAACTTTACGACCGGGCATATC,1088,49.72,Homo sapiens
SEQ_778762,GGAGCCGCTTCTGGACTGATGGGTGGATCGAGAACGTCTTTATTTTATTTTGGTGTGTGCTAAACTATTTTAGATCCACGGGTGCGAACGCGCTGAACGATCGTATGCGGTTCAGAGTATTAAGCCTCCCAGGTGACGGGTTCTCCGTGGCTGTTCCGTCAGTAGTATCTATTCCGCTATTTCTCCCTAGACTTAAGTTAATCAACGACCGGGAAAGTGGACTTTGTGGCAAAAGGCGTTTACACCACTCAAGATGGGCTAAGGCAAGAACTCAGTTCCATATTGCAGTGCCAAGAAAAAACAAAGCCCCACTGTCCCACGCCCAGATGGCCCAACACAGCGACAAGATCTGCACTAGGTACACAAATAATCATCAGAAGTTTGGGGATGTCAGCGGCACGTTTATATTCGC,412,48.3,Escherichia coli
SEQ_703344,GCTAGAACCGGTTGGGTGGGCCTTGAAGAGCCGGTGGACAAGCGATGCAGCACAGTTAACAGCCCAATACACCAGAGAAACCACGGACACGATAATACTCGACGGCCGAGCGCATAACCGGACGGTGTGTATGCTTTGCCAACGTGCGCATGACGTCGACGTTTCTCAGTGTGCATGTAACACGCATGCCATAGGATCTTTCGTCTACCGAGTAGGACGCATTGAAAGAGTGGGTCGTTTAGCAAACTTCGATGGAGAGCGTGAAGATGGTATACTGTAACAGATATCATGTTTCCTTGCAATGTCCGATATTGCTCAAGTATTGTAACTAATTGTCACGCCATAGGTTGAGCTGGTGTTCTGCCGTAAACTGCGCCTGTCATCCCACAATCAACTTACACGCGGCATGCCTAGAGGCGCAGGCCGAATCTTCACGTACTAGACACTTCTGAGCGCGATCCTTCTATGAGATGGTTTTTCGAAACTTGGCGTCTATACAAATTCCGCCACAAGAGTGCGTGCTTTCTAAATTCTTGCTGACTTTCTTAATTGCTCGGCTAATGCAATCAGGCCATAATATTTGATGACGCCGCTGTCTCCG,601,49.08,Caenorhabditis elegans
SEQ_373064,CCGAGTTGACCTACGTGGAGCTTCGTTCTCTAGAGTTGGCGACTAGTGTTAGCAAAACTAAGGACGTCTGATCGTGGGATCTAGACTGGGGTGCTAAGTGCCTAAAGTTCGCTCACCGGCTACGGCGTGCGCCCTCACCCCACAGAGCTTGTGGTCGGATCTGGTGGGTGTTCTACCAACGCCATCTGTCATGGTATACCGTATTCGCAGCTTGTTCTCAAAGTGGAACTCGATTATCTAGGCTAATTGGAAACTAAGTACACACCAACTTTATAATAAGGTTAAGTGTAACACTCTACACTTATCAAATATAGTGGTCTCGGCCCGTCTCTCCCATGCCTAGCGTGTTTATAGCCCACGCGAAACCAGCGTGGGTGAGCCAAT,384,49.74,Homo sapiens
SEQ_509340,CACTATGTGCCCATAGTCCGATGCGACTTAGAGTGAAAAATCTAGTCGAGAGAGCAGGAAGCCATGAAGTGGAATTCGCTTACCTGATCGTGCAGGCTATACTAGCGTGCACGTCGCGCTGGCATTGTTACCGCTGCCTGTGCACTTAGACTACCAACACCCTACCCCTTGTGTCATTCTAAACATAAGCCCCATTCCAAATGATCGGAGGGTATGACACGTATAAGGACCAGACCATCGCTACGATACTCTAGCGTTTTGGACTGACGAAGACTGAATCCATACAAGCTGTCCGATAAGCTTGTGCGGGATAAAAATGCATCTACAGAATAGCACCCGATAGTGATGATCGATCAAGATGCAATTACATAGAAGTTTTACGGGGGGTGCCTGAGTCTGAGAGGTTCGGTGTATGGAGAGGCTTCAAGGTGAGTACCCGAGGCGATACACTGTGTTGGGTACGAGCTGCACGTGCGAATCCGCGGATCATATGAGAGGAATGAGGTTAGGGAATTGACCCGTGGATACTGGACGAGTAAATCCGAAAATCACAGGGGCTATGAATCAACCACAGCCTAATTGACTGGTCCGGGGAACCCTGTTGGTCACCGGCTACGTATGTGTAATAGTCCGGCTTAATAACTCACGGCTTGTCAAGACTGCATAGAGCTTAAGGCGGTACCTTCATAATCTCTTCCGCCCATGTTCGGGTGCCAAATTGTCTGATCCCCTACAATGGCGAGTAACGCTTCCCGGTCGACTCCTGCCTTAAGTTCTGTAAGTACCGCTAGCGTACTATAAGTAGATGCTAAACTATCTCGGCAGAACTGACTGAGTGCCGCATTGTGGAATCACGGCTCGCCATAAAAAAGCAGACAAATTGTGTAGCGCGCGTGGCACCGACGAGCACTATTTC,916,49.45,Drosophila melanogaster
SEQ_884138,ATAGTTGATTGCACCACCCTACCAATCGAACTGCCGATTCCGCCTTCGGCACTTCCGCACTTAATACATCAACCGAACGTCCTCATTAAAGT,92,47.83,Drosophila melanogaster
SEQ_947828,GGTTACTCCCAGGACACCTCTGGCCGCAATGGGTCTATCACCTAATTCCCCGCTTGTTTAATACACATGCAGCACCCTGGAAGTCACTATAGTTTCTTAAACGGCCTGTCATACCAAATGGGATGTGTTGGATAGTGGTGAGATGTTCATCGTGCTCTGCTAACTACACGGTCATATAAGCACTTAAGAAGCTAGGCGAATGCGTCGCAACTCAGGAAACACTACTGGTCTACCTCGCGCCCTGCTAGCGTGATATCTATCCATTGCTTTCAGTGTATTCGTCTGGAAGCACCATGGGTGTGCTTTGGGTTGATCGATGCCCAGTCTTGATTAACGACAGTACCAGTGTGACTATTGTGGACCTAATATGTTACGACTTACTTCCAAAAGCATTCGGCCCCCGCCGCAGAATTACCTCGCGCCCTGCTCTATCATGAACTGGTAGGACAGGTAAGGAGCGGCAAATTACTATTCGCCTCTCTGCTGGGCGTCCGAGATGGACGACTAACAACGGGACGCCAGTCGTTAGCCAGAGCTGTCTGAGGGGCTGGGAGTCCAGTTCCCACTAGCCAGGAATTTGTCCG,584,50.86,Saccharomyces cerevisiae
SEQ_292173,CGTCAGAGTCTTACGATAAACGAAAAGTCGCCCCACCGCAGTTTGGTGACACAGACTTGCTTACGTCGCCTGACGCAACACTTCTCACGCGGAGAGCGATCAGTATACGCCCTACTTTGGAGCCGCGAATCCCCTATCTCGGTTACCACGAGATTCCATAGGAACAACACTTTCCTTACTTGTCCAACGATCGGTCGAAGTAACGGGATAAGGTCCGTTTCCGTCAGCCTGCAAGACTTGGCAAGTTCAAGTTCAATGAGACGTACCGGCTTCTGATAATGAGACCTAAAAAGATTCGACACGCCATTTCACAAGCGGTTACTGATAGAAACAGGTTAACTTGACCAAAAGTAGTGAGCATGCAGCGACTGTCTATCATCGAAGGTCACGGGATGTCATTGAGTCTATGTCCTCCGCGCTTCGCAGAACCAAGACTGCTAAGGTCAAGTGGCGTTGAGCCCATTCCGGGATTGTCGCCGAAGCAATATGCCGGCTAGCGTCTGTGAACACGCTGGACAGTGGTATAGGGCGGCGAGAGGTTGTTCTTTACATTCGCACCCAACGGTTGTGCGCTAAACGGTGATAGGCCCAATGTCGCCTATGTCGAACAGCGAGATCTTTTTTACTTATGGGGAGTGGAAGCCTGGCGAGTTCTGTTCCCAGCACCCGCGCATTGAAACTCACCCTGGGAATCAAGAGAAGGTAACAAAGCCGGTCCACCCGCAGGTGATATCAGTGACCGGTAGATACCAGAGTCATGCGACGGCTGTGAGCTAGCGACTCCGGATCGATCTGTGTATGTCATCTAAACGGACACCGAGTCACCATCTATCATTTCGTGATGGCTGAGTGCTTCATACAGTTGGGCCTGTCACGAGGGCAGAATGGATACAGCACAGTATACGTAGCGCTATGCGGGGCTTCCACCAAGTCCGGCCAATTTGCCCCCTAAATCAGGTGGAAAAGACGAACCGTAGTCGAACCCCGGTCTCCCCACGAACCGGAATGGGTAATGACACCGGAGATAAGGCACCCAAAATCAACGGTGACTGCCGGCTTTCCGTGAAACCTCCAGAGTAGTAACCAGACAGCACTCACTTCACGATGGCTCATCCTCGCGAAGGAGTGCGCTCTGTTCCGA,1141,52.32,Arabidopsis thaliana
SEQ_139617,AAGTCAGGTCTCCGGCGCAGGCCACTGGTTGTGCCATGTTGCAGGGTGGCTTGGCCCTGTCCGGCCAGTAGCGAGATCCGACTGCCGAGCGGAGGTCGCACTGTCCTTCGGCGCCGGCAAAAGCCCGACCGTCTCTGGGACCCATGACAAGTCCCCACCGGTAGGGGAGTACGTTCAAGCCCTCAGGCGTCCTGTTCACCGATAAGAAGTTTTCACCGACAAAATCTCTGAGCGGATTGATTGTAACGGACCCATGATAGAGTCACACTTACAACACCATAAGCAGCTTTAACTTTGATCAGTCGGATCACTCTTTCTGCTCCCGTTCCCCCAGACGTAATCTCAGAAGGGTGACACGCAATCGTAGGCAGAAAGGGGGCTACGCCCCCCTAGACAGTGATGGGGAGCCAAGGCCTCGTGGCACCTCTGCTCATGTCGTGTAACACTGAACCTAGCGTTTCCCCTCTCATTCACGGAGTTCCGCACCCCCCATTGTTCTAGTAAATCCGCCTCTGCGGTAATCACGAAATCGCCTTCACTTCTTGACAGATGGGTTCGGGGTATACGCCTCGGAGAACTCTCGTCTGCTACCACGTCGGGTACTACGGGGGGTATATTTCGAAGTGGTCGCGTTGTACGAGATCAAGCCAGGTTTAAGGAGTGAATACTGAGGCTTAACACAGAACCGTTTGCTTAACCCTGGGAATACTCCAACGCAGCGGCTAGCATCCAACGAGGACAAATATTTTTGCCTACAGGATAGTTTTCACTGTGTTACTCACGGCCCGTACGGATGTTACCTCGAATCGCCAACGAGTTAATAGCATCCTCGAGCGAACACGTCTCCGGACGTGCGTGGGATTCCGACTTCGCCCCCCGGGACATTAGTACCCTTTTTCGTGATAAAGAGCAAAGTTTACCTTAATTCTCTGGACAGCAGACGTGACGTGTGGCGGGC,958,54.18,Escherichia coli
SEQ_367022,GATTAAGATATTATTCTTCTTTGATCTATTTTTCCGCCCGGTTGGACGTAGCTTTTACCCGAGTGGTTTCAGATCCCGACGTTGCAGAAGAACGGCGGGAGACACTCGGGGTGATGCCACAAGTTCTGCCAGCGGCGCCTCAAAGTAGGTCTACTCTTCGAGCATTACGAGGGATAATCACCTAAACAAGCACTGATAACACTTTCTAGACTAAAGGACCAAGTCGTGTTCGTCTTAGGGAGCGGGCTATGGCTACTGCGAGATTCTCAGCCTTTTGTGGGGAAGGTAGAATCTTCACCCAATTGCTTAACATGGGTGTATCAAGCTAATACCGGAAGGATGCTCGCCAAACCGGCGTACATTCGCCTGGGGAACCAGATGGGTTTGTTCATGTATAATCTCAAGACTGCTGACACCGTGATAGTAGGGACACTCCCGGCTCATGGCCCGGTTTGCCGTCCCGAAACGGGGTATACGACAATGGACCCCGGCCTCGCATCGGTAACAAGCATCTTCATCGTTTTCCTAATCACCATAAAATCAATATTGGGCACCCTACGTGAGTACCTACGTTTCGGGCTTGAGGTGGGTTTTCGCATCTGTATTCGCGCCGTTACTTTCGTCTCCCTTATCAAGGGCAGGATGGCTCAAGACGCGACTTCAGATGAGGGGTTGTTTCCAAGTGAATCAGATTGGAAAAGGAGTCGAACACTCACAAGATAGAACATGACATTATGACTTAAATAGAGGGGCAACTTATTCGTCTATCAAAGCCACTCCCTCTTGTATCA,791,48.67,Mus musculus
SEQ_681264,TTGCAGAATTGAGTAGTAGAACATTATTTGGTTTAGCCCCGGGTACATGTGACGGACATGAAGGAACATTGTCATTCTTGTTCAACCCGGCTTATGTGCGCACTCAGATTAATCAATCTGAAGATCGGCGCGACCAAACGGCCAATAAACTGAGGTGAGCCCCGACGGCATGCTAGCGTCCAGAAGATAAACACCCCACGGGTCATGACTTGTTTGCTAGGGTCATTGCACGTTCTCGGTGGGCTAGGAGACCGAGAAGTAGGAGCTTTGAGCTGATCATTTTTTACGCTCCGTACTTTCGTCCTTCTTCTGTCGCTACTGGCTTGTAATGTGGGTGGGGCTACTTAACTACCCTCTTATACGAGTCTCGAAAGCCGGTTCCAAGTTCATGGGGTGCTCCCACTCTCATTTTTT,414,48.79,Saccharomyces cerevisiae
SEQ_267337,TCTCCAGGCATCCTAAATTGGAGGTCTGGCGTAACAGTAGTAACCAGCTGGCTACTGGGCGCTACCCCCGGTCTTGACAACGCGTCCGACACTCAACGGTCCTTGCTCTTTGTTATTGGTTCACCGAACTGCCACACCAGCACCGCTAGAGAATCTCTATATCAACAAACTTAATTTCCGTCTCCTAAATATTCTTCTGATGAATACGGGGACACGTCTACAAAACCAGTACCCCTGATGATAGCGCCCGTTGACCCGGTAAAAGCGCGCTATATGGATATGGAAGCCTTTGTTGTTAGTATATTTTGTAACTGCCCTCCAAAGAGGATCCAACCATATGGACGACAACTATAATCAGACTGCGACAACTCCACTGTTATGTGCACCGGCACGTAGGTGTCGTACAGAAAAATTCTTGTGCCAGGGACCTAGAATAACAAATCGTCGCATCTATAAGTGCGCCTAACTCAATGACTAAGATTATACTAGATAGGTTGGCAAATAGCCTTACTAGCTATAACTTATGTATTCCTACGTAGGCACCTTTGACTCTCAGGTCCTACCTAGCGCTCTATTCAAGACAATGTCAAGATTATGGAGGGTTGAACGAGACTCAGGTGACGCGATTGATGACTGATTGAACAACGTATGATGATACTTGACCAGAGGGTAGTGCGTGATTTCGCCTTATCGAAGGCGGCGAAACTCAAGGGAGCAATCCAAGAACAGATAATATTAGGGAAGCTTTTAGATTGTGTGCGAAGCTAGCGGAGTGCGCTCGATGGTACTAATGCAATGTGACAGCCTTTAGAGTCTCGCGCTAGATAAGATTTGGATGTGTATGGTCTCCGCTGAGGCGTTTTTTTAGGACAGGGTGAGTCACGGTCTTCCTACCGAGCAGTATAGTTTTGGGACCGATACTCCATCCTGTTTGGATTTTAATAACGTCCCGTTTAAAAAGGGCCGACTCGCGCCATCCGGATGCGGTAAACTAGACT,998,46.49,Escherichia coli
SEQ_266601,ACCCGTCTAGTACCAGAACCCAAGCCGCCCCATTATAATAAGTCTGTGACTTAGGCTAGCGCATCAACGATTGCTGTCAGCTACCCTTTAGATTCTAGGTCTCTTGGCGCGTTACGGGCAGACACCCTGGCCGCATACCCCGGGCGGAGCGCATGCTTCGTGGCTTCCGTTTACCTCTCCCGTCGTACTTCGAATGCTTGAAGCGACCACGCTCCCAGTCTATAGCATTAGCAGCCCGCGGCCACCTTTCAGAAATAAAACGCAATACTTAGGGAAGCGTTGTCTGCGTTTTGGCCCAGAGCTAAAATGGGGGGCGCCGCTCTGGGGTTGTATGTCCACAGAGATTTAATAGCGCGGATTAACGCGAACGCTCCTCATGACAGGCGGTGGGGTATAGCAAGGGTATGTGACAAAACGAATTCTCCCGAATGAAGTGTCTACACAGGGCGCACGAACCCGGTATGACACGTATGGTGGTAGATAGGCACCCACGAGAGAACATCCGTGTCCATTGTAAGTTGTCATGCGTGTCGGGGACATAGTAGCACATGTCCACACATTATATTCTAACTAAATCGGTTCATGCCCGGCGCGGGGCACCACTTAGGAATCGTCCGGCAAATTATTTAAGAGCTTACCTGCCTGCTTGAAGACAATGCCGCTGCTCGCGGAGAGTCTACCGTCACCCGTACAACAGTCTCCTCATCTTCATCTCAACGGTGTGAGTCCAGTTTGAAGCTAACCAGGACATATGGTTCCCCCCAAGTAGCTGGCAGTCCGGGTGATCTTCACAACATCTGGGTGCCAATTGATGCTAATGCCCCCGTGTCCCCACGGTAATTCCGGGGATTCTTCCGGATGGCGCCCCTCCGAAAAGATGCGACCTTCGTTTCGCTAGTTTTGACCCCACTCTGGATCAAGAACACTAATCAAACTTAACGCTAGACATTTCCTCACGTGATGACGTTAGAATTCTAATATCACAACTTCACAAGTACATAAAACGACTGGCCCTGTGTATCTGCTCCCGAAGGTCTAACGGCGACGTAAATTGTACAATCCGTCCAGTCTTTATCTTTTTTCTCATGGCACGTTCTTGTCCAATTGGGTTTTGCTCTACCCTTTGGTGGCTCGCACTCTATCGTAGGGACTCACAACCTAATCAAACTGTCGAGGTGGGTTTAGTGATGTCCTGATAAAAGGGGTAAGTTGCCTCCGATGCAGATTCATCAATCAATGATTGCCCTGGATGGCAAACGGAACTAATAACTGTCATCAGACCATCAGTTCTAGTACTATCTCGTCAGCAGTCTGGCGTAGCGTTTATCGTCATAATGTGCTCTCACAGCTGTGGAGACTCTGGTACGAAAGATTATGATCGCTTATGCTTGTGCGATCCATCACCTGAGAACCCGCCATATAACTGGAGCTTGCTGGGCCCCTGCATCCCGTATTCGCTGCGAAATAAGAACCCTTATACCACCCTCGTACATGTAGGTAGGTAACGACGACTGGTGGAATCATGCAGTTTGGAATAGGGGGGAAACTCCCCGCGATGGATGCACCCTGTCTTTTTATTAAATGCGATCCACAAGCATTACGAGGGAAGCGATAGCCCTCAGT,1623,50.28,Drosophila melanogaster
SEQ_372413,GCGGCCCGGGTATCCGACTAGTCCACGTATGGAGCAGCTACGATTTCGCGTGTAACATTTGACCTCCAGCTTTTGCATCTTACCTCGGCCCCAAAGTGCCGTGCGTTCAATCTCGGTAGCCGGACCTCG,129,57.36,Mus musculus
SEQ_400107,CGGGCGCGCATGAAAGCCTAGCTTCGATTGTTTGTGCCCATTAGGACCAATCGTGCTGCCAAATTATCCGATGATATCAGTTGTGAAAATCGGCTAGGACGTAACGGCTCGCTGTTAAAGGTTGTATGATACTGGCCGTTTCGTAGCTAGATAGAGGCTTCCCACGCAGTATCGTTGCGCTGACAGCAGTAATTGGACGCTTACGTTAAGCAGCCGCTCGTAGATTTCTTGTCAGGGAAGTGAACGGTAGCGCGTCCCCTGACTCCGTGATATATGTATGTATTCGTCAGACATCCTACAGCAGAATAGCAACTGAGACCCAACTTGGATCCTTCAGCTATTACACGCGGAGGATGAGCCCTATTCTACCAAAATCTAATTGCACCTGGACCCCCTCTCAATAACCAACCGTAGGTTGATAAGGTGGTATGTCATTAAGTACCCGGCATAGATCTATGGGTCCGTCGTCATCTGGTCCTCGTACTTCGCGCTCGCAACTCTCACAATTTCCACCTACTCATTCAATGTTGGAGCCGATACAGGTGTCTTCCGCGCAGTTGTGCCGTACAAGCATACGACGGCCCCGGCGCCGAGCGGACCCGCTGTTAGTACAGGTATCGTGACAGCCGTGGAACCTAATAATTGCGATTTTATTATCATATAATAGGGGCATCAAATGATTACTAGTTCCATAATATACGGATCGAGCACCAGAATCTTCGGCACTTCCTGGCTTACTCGTCGGCGTTCTATCCCGCAGTTCCGTAAACGCTATGATGTCTGCGCGCACAAGTGTTCATCCACAGCCGGCGTATGGGATTCTACAGGATGTCGCGTCCGAGGTACGAAAGCTATTCGAATTGGAGCTAGGTTCTATGCAATGGCGATTAATTGGTGTCAGGTGCACCGGGCTGAGAATGATATCCGCATTTTCTTGAGCAAGCAAGGTGCCAGTCTGTGCTCGTGCCGAAATCTTAAAGCTGAATCAATTGTCCGGCAAGGTTGATGGGGGCCGGGTGTGCGAACACCGTAGGGACGCACGCGTTACCTGTGATTAATATCATCTGAGTACGCGCTTACAAGTGCCCGGACGGATCATGAGACGCGTCTGTGGTTCAGGACACTACCCTACCTGCTGTCTACGCGCGGAATTGCTC,1157,50.56,Escherichia coli
SEQ_321540,CCTACATGGTTGACTCCTCACTTTTAGACTCCATAGTGGACCGCATTTGTCGACCTTACCGTAATTGCGAGAGTAGGAAAGTATATGCGGCCGTCTGGAGGGATGAATTTGTCAAATTAGTTAACACGTCGATTAGGTGCTATCTATTTATTCATATTGCGACGTGTCTATACTAAAGTTGTAGAAGCTTACGCACGGGGTGTGTAGCAACGGCTTGCTTCCACTCGACAACATGGCCACAGTATCCCGGCGCTCGCTAATACAGACAACATTGCTGGGTGCGCCCGAAGCTGTGAAACTATGGAGGTCAGGGCCGAAAGTACGCCAAATGAGAGGAAAAGGTGTAAGGTATATATATTCGCACCAAACGGATAAAGTCCCCACAGCTGGTACGGGCTCACACACACCCCACTTACAACAAAGGAAGCTTGATTGTCCCGGTGCTCTAATTGGGACAAGTCTAAGCGACTAAGCAGTAAGCATCCAACAACAAAACCAACGTCATTTTCGCGGCCACGGTGGTCTTATACTAGAGAATATCTCCGGACGTGCCCTTCAAGAATTCAGATCCCATCCTCAATATCGGTTACCCGTCCGCCACATAAACGACGTATAATGTACTTACATTGCGGGCGCCGACCATCGATAAATAGAACTTGAGCACGCTCAAATCCGTGGAGGACAGGCCCATCCATCAGTATCTGATATTCGGATTTGCCTATTACGGGACGCAAGAAGTCGGCCGAGTGTACGCATACTAGACAGCGAGTCCTCGAGACCTGTCGGATCGAAATCTCCTGTAGCCGTCGCGAGTATCGTACATAAAAAGCCCTTAATAAATCTGACCGTCCGTTGTAAGTTAGCTCATGACCTGTTCCCTCCTGCTAACTGGCTCAGCAACGGAACAGCAGATAAGCCAATATATTCATTCAAGATGATACAGGGAATTCTCGGTCAGAAAAGGTTCATTATAGTGAGGGAAGCC,985,47.72,Escherichia coli
SEQ_411103,CGGAGCGCTCAAGATCATACTCTGCTTACATCGGGTACTCAATTTTGTTAAGGCTTGCCGCGAAACGGAACGACTCGAGCATATGCAGATACGTGGCCTAGGGGCAACACCTCTGCAGAGGAGCTACGGACGTGACGGCTATCTGCGTCAGAACCCTGCAAGAAACCGGCGCATCTCGCTAACACACACCGCTCCTCGCTGGATTGGTCTTTGTTACAGTAAGCGTGCCCGGAAAATTGCCGAAATACTCCTAGAAGCGGATCTATTACGCGATATGCGCGCTAGGCGAACGTAGCGCTATGCTGAACCTGTCGCCTCCCAACACTATACGTGAATATCATAATTTGAGAGTAATCGATCTTGATGAGCTCGCTGCCAAGTGCACGGATGTGAGTTTTGGTTGCGATCCGTCTCTAGTTATCTCACGAAAGTGTGCATGCTGCACACCAGTTTGTCGAGCTTAGAAATAAAAGGTCTCTCTGGGCAACGACACCGTGGGGGGCACGACGCAATGTGTTCTTTGCAGATGCTTCGCGACCATCTCTTGGCTGCGGAGAGAAAGCCAC,566,51.94,Arabidopsis thaliana
SEQ_754061,GTCAACCATAGAGTCACTGACTGCACCTCAGTTCTGGCGTTTATAGTCAATATAGGGAATTCTACAGGTTGCACCTGTTGCCCGGGGAGAAGGACCAGTGGACCCTGCATAAATGATTGGGGACACATCCGGCTTCGTTCAGGAGAGCGCGGCAGATTCGTAAGGAACTTAATTACCGTCTGGCCTAGAAATGCTAGCAGGGCCTGCCTCTAATTGGCACACGATACCGTCATGGGGTTTTTAGGAGATGTGCGGTCACCGATGACTCATTAAAATCTCGGCAACAGTGGTTGTATGTCCATAAGGCTTAAAAAAAAGCTATCGTCTGGCCGAAAAGCTTGCTTCCGTATCTTGCATGTCTTATTCTCAACCCATATGTTCATTCGCGTGGGGGCGCAGCGTTGCCTATCGTACGATCAGCACGCGGTATATTCTTCCCCGACTAATCCAACGAGGGCCCGACTAATCTAGCAAAAGCAGCTCCAGAGACAGTGCTTCGGGATTCCTCTGTAGAGCGAGTTTATCAAACGTTGTGTTTGATGAAGATTTTTCGACCAGTTCCTTTGGGGGGCAACTGCGGAATCGCTACGGCGCCCATCGCTTCGAACGAGTTGTAGATCCGAGAACGATTACTGCGCGCATCCCTATGTGTTAGGCTTGTCGATAGTATTTGTATTCGCTATCAATGTCACGATCCAATGAGTGCAATAGGGTTCGCCGCTGTAAAGACAATACGCCAAAACCGGAACTCCACTTCCGCTTTGCTGGGGATGTGACTACCTTACTTTCCTTGACAGAGCCTGATTCGTAAAGAGGCAAGTCGACGTTATACTTGTCTAGGAAAGATATCCTTTAAAGAGCGTGGAGCGTGGGTCCGCAGGCAAAAGTCTTACAGCTCAAATGCCCTTGCCGTTGAAACTATTGTCCTGGGCACTGATCCCTTTACCCGATTGATAGAATCTATCCTACGTCGACCCCCATATTATTCCTAGCCAGGTCGGATGCACGGGTATGGCCGTATTCTTCTCACGGTTCTGAGTCTTCGATTTCAGGCGCGCAGCTAGAAACCGTTGGAGCTCGCTATTTGTCTGACCGACAATAGAACTTCCAGC,1112,49.28,Homo sapiens
SEQ_102024,CCCGCAGCCGCTTAAGCCTACTGGTGGTCCCATTGCAGTCGAGACCCTGAGTGAGAATATAAACCTACTACATTACCACAAATTCAGGCCCGAAGCTGGGACAGGTAACATGGCAGTGAGCAGACAGGACTAGCGTTGGGTAGCACCACAAGGGGCTAACACAAGTGTCTTCTCGATGAAAAGGTATGTTACGTATAGTTATTAGGAAACGTGCATCACCCTGTGCCGTTTAAATTCGGCGGGTTGACGATTTAGACCTATTCGTGGCCCTGGATTCATCGTAACATGGCGAACCGCGAACCCCTACTGAATTTTGCTGCGTGGAGAAGGGCGTAAGCCGAGTCCGGTGATGAATCTCGACAGTATCTTTGTTTTCAGAACTCCTCCTCCGCGTTGGATTCTGGAGGTTCGAAGTCATGGCGTCCTACCGGCCCCTATTATCGAGTAGAGAGCATATTGTACATACTGCTATGTACGCGACGGCAAGAAGGTTTATGGCGCTCTATCACACTCTTATAATGCGTCGTTACGACACTCAAAACGCATAACTGTCGATATCGAAACCAACAAAGACCACTACTGCTATTCCCTATTTCCGATGCACTTGCCTGGTCAGGCAATCGGATTAGATGGTCCAATAGCCCAGATAAGCAAAATCTTTATTCGCGCTACGGGCCTTCTAGCGTCTACTTCCACCGGGCAGAAGTCAAGGCTTGGCTGATCGCATGGTACTACCACGTTGGAATTGCCGAAAGGGAGTGGCATGCTCTCTTCCGCTCGTCCAAGAAGCCCTGTCTGAGGGCTCGGCGATGTCTCGCACCTACGAGCCCCGAAATTACGAAATACTTGCCAGACCGAACACTAGACAACTATGAGAGAAGTAAGGGTTTTAAAGCGTCCAGTCAGGGAGCAATATTAAAGTGTCGCGACAGACGCTGACCATCCCCAACGCTCTTGCGGATAGCACAGCTGAATTCTTGTTACCCTGAATCGTATCCCAAACGGAAGCTCCGCAGTATCGAGTAACACTTGTAT,1035,49.86,Saccharomyces cerevisiae
SEQ_402018,CTGCGTATATTAAGTCGACACACTATATCAAACCTCGTTCGGACGCTTCTTCTTCTACCAACACGCCATCCCCTCGTTATCGGTTTTCACCCGCACCGATCGGAGCGGGTTCTCTCCGTAACGCGCCGAGTACTGCGTAGGCACGGGGGCCTGCATTAGGGCTGGTGCGATCAGAACCCCTACACGGTCATTGGCTAAAATGGCAACACTCTCAACACACTCTTCGGGGCACGGCAAGACGGAAGGCTTCTACATGCCGCGTAAGCCCCTGTTGGCTTACCTAAGGACGAGTCATACCTGGCTCTGCCGCAGGGATCAGACCTTACTGTCAAATCCAGTCAATCCGAAATCGACTCGCTTATCTTTCTGCCGCCCAGCTAAGAGTTGGTGATTGTGTAACCGGGGGATCGTTTCCCCTCGACTACTAGAGGCTCGTAACACTTCGATTAATTCGATCGGGCACGAGGACGACATCTTAAATTGGCGTTTTTGGCTACACTCTCGCGTTCTACAACCTGTGGCGTCGGCAAAGTCTCGTGCCCGTCTCGACGTATATGAGTACACTGAAACCGGCGATCTCTCTCTCCAACATAACCGCATGAGGGCTACTCATTCTTTCGCATGGCTTTTCGCTCCTAGTACTAGTGGACGATATCGGCACTCATATAGAGAATTGAAAGCGTGTATGCTGACAGCGAATTGGTAGTGGTGTGAGTCGCACGCCCCGCCTCGCCTATTTTTGTTCTAGAGCTCCCAGTCCCCTGCCGCCTTTAACCCGTGTGCCGAGCTCTTACCGGATTGCGTCCCAATTCGGTTCTAGCGATCGTCTCGGAGACCTTCCTGTCAACCTCTTGGAATGAGAATGCATAACACGTCATCCCCAGTGGCGCTTGGTGGCCGTAGGTATCGGGTAGTAGTACCGGGTTGTGTGTCCTGTGCTTTTCCCCTCCTTAGATAGAACACAAAGTTCCATTTTGGGCGGGCCGTAGAGGCGTCCGTCATATTGATGGACAGTTATGGATTACCCCCTTCACCTGGTCGCAAACACGTAGGTTCGGGCATCAGAAACGTTATCTCTCTTAGGCCGCTTCGTATTCAGAACTGATAAAGGTAATTAAATAGCTCAAATGCTGCACCAGTATGACTGTGTGATCTTCAGTTCGCGGTGGACGCGATCCCATGCCTACGCCAGCAAGGTGTGTTAATGAGCAAATCCAGGATTGCGGTTCCAAAACTGGTTTCGTGGTTTTCCGTAGTCAAGCGGTGAGAGTGAAAATATAGCTAGTCGATTCTATGTGGAGGCGCACATCATTTTTGGAAACTAACGGGTCGCTCACGCTCAGTAGTGCAACCCTTAATAACACAGCGTACTAGGCGCCACGATGCCATCAAGTTGGCAGCGGATACAATCGTCACACCTGACGTACATTGCGAAATTCCGTACTCCCTGTTGGATACGTACGATGCAGAGGCGACCGTGCTTAACGAAGCGTGCCCGACACGACAGAGGCTGTTCGATCACAATACTCCAGGATCTGACGCGGTAATTGGGTCACGGCCCGAAACGGAAAGGGATACAAGCATCCCGGCCACTCGATCGATCCGTACTACCTATGTCCACAGGTCAGTAGCCGTGTCGAGGCATCATGTAGAGCACCCCGGTAGTGTCCTCAAAGGTTGCTTG,1684,52.2,Arabidopsis thaliana
SEQ_322026,TATGTTGGGTATCGAAGAACCAAAGTTACGAAGGGGCCCAGGGCTTAGGGAAAGAGTTTAGGCGCCCACACAGTCTGCATAGTCAACCTATTCATGCAAATGGTGCTCCGCATTATTCCCCGTGTATAGCCGTGTATCTGTTAGATTGAAGGCCTTGGCGTGGGTTTAGTATCGAGATAGACTGGAAACCAATGTGGTAAGCAAGGAGAGTTCCGTTTCATGCTCCGGCTTTATGATCGGGGCCAGTGGTCCATCAACCCTACCAAGGTACGCGCCACACTAACGCAAGTCACCTGGAAGAGATTCTGCTGAAGGTCAATACTACCATGCTTGCTAGCTCTACACATGTAGCAATCCGGTATCCCAACCTTGTAGAATTGATCGAGCCCATGCGAAGGGTTAAAGATTGAGATTGGTGAGGGGGATCCCGCCTAAGCTTATTAGTTCTCATCTCGTACGAGCTTCAACAGCTCAGGGAGTACGATGCCGAACCACTTACCAGAGGCCGATCATGCTAGATCTACACAAGGCATAAGATCATTGAGCCACAGTCTTCAAAGACGCCGCTCCGTAGCCGTCATGTCATAGAAGCAGTATTTAATAGTTTGCCAGCTACATCTCGCCCATTGCAGCCATTTTGAACGGTGCACAGCCTTTGAATAGTACTATTTGCGACC,677,48.74,Homo sapiens
SEQ_221980,TACCGTCGCAGGATGAAGACGATTGGACCCTATCAAGGGACAAGCCCCATACCTTCGAGGTTAACAATGTGTGTGTGAATTCGCCGAACTGTCTGAGCGGACGCTGCGTGTCACGAAACAATAAGCTCATTGCCCGGGACCTAATGGCGACCGTGGTCTACCTACTGAGCCACTTAAATCTGCCAGTCGGTGTCCCGATATGAGCCGAACGAATTAACACATAACCCTCTGACGCAGATTGCAATCTGAAGGCCTCGGTAGGCAATTAAGAGACAGTGTGAATTAAGGCCTGCGCACCAGACCGCTTCGTTCTTACACGTCGTGTGGAAGGAATATTTTCTGCTGGTTCCCTATTATCGACATTACGGTTGGACCATCGGAGATGGTTTAGGGTGAGCATTCACGCATTTGGCTCGTGTAGGTCCATCGGTACATAGTTTTCTACCATGCTACCGAGTGGCCTGATTTCGCCCTTCGTATTCAGCTGAAAGGCGTATACAGGTTGGATATCAGCGGCACACGCAGCCCGACTTTCGCATATGTGGATTTTGTGTTACGTGCACGGACCGGTTTTCAAAAACGCGCCAGCGGCGTCTGACCGTACCTTGAGAACAGTAGCATAGAGAAATCCATGCGACCAATACATTTACGCAGCTACTCCG,662,50.6,Escherichia coli
SEQ_504279,GCTTTTGTGAATGACATTGAATCTCACTCAAATAAGACGCGGGCGATTTCCTACCGCCTTCCACCCTCTCCGCTGGTGAGGCACGTGACATCTCCCGCATGACCGTACCACGACTTCCATTGACGGGTCGGGTGTGTCTCACTCGTACTTCAATGAAATACTGAAGTTCGTATCGCCCTAACCTGCCGTGAGCGCTCCGTCACCGGTCAATGAGTTAAAATCAAGGTAGGGCACGATATGGGGAGAAAGGCGGGACTTCAACATTCGTTGTATGTATACACGCATATTGTCAGGGCTGGCGGCCTTCCTGCTAACCAAAAAGAATATTTGCACTGGCAAACCCAGTGGGACGGCATGGTGTTTACCCTGACACGGTTATTACGCAATGCGGTCCCATATGTCAGGTGATGCCCGTTTCAGGACGGGTATAAGGGCTAGAGAAGATTAACGTGACAACAGCGTCTATTGATGTCAAAGTTAGATGTAAATTCAAGATCTCTTCGCCATTACCCCCCTGTTTGTATGGGAGTGCGGGTGTAGTACGCTCGTCAAATCCACATGGAAGAAGCCCGCATTATCCCCTCTACTCCCTTGACAACCCGGAGGGGCCATCGGGCCCTCCATAGCCAGTCAAGAAACCGGGACTTACTGCGACCAGTCTGCGAGTTTTAATTATCCTACCGAGGAATGATTGGTAGCTCGCCCAAGCACTTTATGTCTGAGGTCAGTCAGATTCGGCGGCTACGAGGTGATAACTAGCCCCCGAATCGGGACGACTTTTCAGTGTTGGTGCTGGTCCAGTAGTCCATGCCTGATGAACCTACTCTACTGAAACTTCCTACACTCGGAATTTATCTTGACAGGGGGCATGAGGCATTATGGCAGATTTTCTGCACGTTTTGCACTAATCATACATTAAGCTACCGCTGTTTGTTACGCGGTGTAAAGACTTTCCATAAGACCCCATCAGATCGTTCGCAGCTAAACATGTCCTCAGTTTCTGCCTGACGGTTTCAATAGCTGGCTCTGGAAAACCGTACGTACTGGCTTGCAAAGTCTGAAAGGCAAAGACGTACACTCGATTATATCGGCGGCGAAAGTACCCCCCGGGCAACCGAAATAGCTGTATAGAGACCCTAGTTTTTTGATCGAGCAAGATCCCGTATCGTTTTCTTGTCGCTTCTTTCTGAACTGCGTTATAGCAACTGGCGAGAAAGACAATTGTAACATGAGCATCTCCACCTCGGCAGCAGTAGTTGGGATCTTCCATCTTTTGTCCATTTAAGATCGGTGTCGTATCGCAGCGCTTAGGGACTTAACACAGCGCGCGCAGCAAACTACACGCTCCTGACATCGGCCTCCACAGATTCTGCAAGTCCGCAGTTGTAGCAACGGACCTAATGTGGCGTTTACAGGCCCTCGGTCCCTATGTGCTGGCGTAAGCCCCAGGATGGTTAGTCTCTAGCTCAATCACCGACGGTGCCATCTGAGATTTTAACAGGGCGTCCATATTCCGCCCCAAAGGCGCCCGAGCTGTCGATTCTAGGCCGATTTGCGTCGTTCATCCCACACCCGACGTATCACTCGCGGGTATCACCCTGAGCCCAGTGTACCAAGCGTTAATGCGTATCTCTTGAGCCTCCGGCGGCGGGCCGAACTTGCGTCAAGTAATGTCAAATGAGCGGTCTAAGTGCCTATGGGACAAACAGGGTCAACATCGAGGGATCCTCATTAGGATAGACCACTCCTTGCTCCCCAGGCGGGGATCCTTCTCGAGCCAACTGAGTTTCTGCTACGTGGGTCACGTTCTGTCGGCAGCGCGTCGTGCGCGTTATGCATCAACCCTGTATTATTCTATCATGGCTGACGCATCCTTTATGTGTAGGCGTTATTCGTAGGCTCATCTACACGCCGTTTAGACTTATAGATGAGGTGCTACCCCAGCCGTTCACATACTTACAACTTCCTCCACCC,1974,51.06,Homo sapiens
SEQ_106313,TAGTCCTCGATGTTTCCGTGGATTAAAATTAGTATCTAGATGAACGAGTGGGTAACCGATAGCATCTAAATGTTCGGGACACAGAAGCCCTCAAAATATAGTCCGTGCAAGTCGGGCTGCTCGGATAGGGCTTGGGCTGGGGACCTACTGTCGTACCTGGCAAAGGGATGGGAGGGCCGGAACGAAACCGTCTAAGCTTTCGGCTTCTCCGGATGGGTTCGTCAGATCACACATAACCGGACTGTTCCAGCTACTTGGCGTTCCGACTGTCGATCCCCGTGGGCATGTGTATCGCACTCGGATTATCGGTGCTTGACTCGTACCACACGACCCGGTCACCAGCCATCGTCCCAATCACTGTACCTGAGTACGAGGTGACGTTCTATCGTATTTGTCTGGCGCAGAAATGCCAGTAGCCAGTCATTGGGGTAGGACCATAGGAAGCTGCGTGTGAGTATGGGGCGCTTGTCCGAGTGTAAAGATTTCTGAGAGCCATTACGCTTCGTCCTTGTCCTCGCACCCCAGGTAGCCAGGGAACACATAGAAAATCATAGGGCCGGCGCCTCCATCGCTGGCCCTGATTTTTACGAGCGGGGGCGGGCCGCCTATTGGAACGCCGGTGAGGCAGCGAGCCAATCCTTATACCCACTGTGGGGATAATGTAAGGTGTTTAATCTTTATGGCCACACGTGCGCATGATATTGCGAGCCTTCTCGCAAAAGCAAACAATGCCGCGACGTACATGCGGATGGGGTCTTTACGTAGACGTATGTCGGCTTCCACTAATTTCCCTCTGTGCTAGTACTTATCACTTGGGTCAGCCCTTCTTGGCGAGAGTTCGAACACCGAGAGTTGTTCCGTGGCAAGGCCGTGAGGGCCGGTGAACGACCGTCATGTCCCGGAAATGTATGTTTTTTCGAACCCGCACACGCCGCCGGCGTAAGGTATTCGTTATGGTCCTACCACGAGGGTATAATATTAATATGTGTAGTGAGGGAAGTGAGGGACCGGGACCGCAACATTCCTGAAGTCTCGTCGGATTCCCGATACTTAACAAACGAAATTTTCGGCGGCCGTAGTGCTTGCCACTCACCCAACGCGACTCGAACACTTACGTCCCGTATTTGGGGCGCCTGCGCCATAATCGCCCCCATCCCTGGCATTTCAACAGGTACATACTACTACTGTTGGGTCCCACCATCTCGCCGTCGATTTTCTTCGAATATCGGGCAATGTATGGAGTGGCCCAGCAGATCGATAAATTGGTCCGTTTATTCTGAACAG,1284,53.04,Drosophila melanogaster
SEQ_313774,ATCATTGAATGTTCCCACGCTTTGGGACTCGCGACCTCCTTCCCGTTATCCGGACCAAATAAAGTTAAGGCCACGATGAGGCATCTACCCGAGAACTATCTTGCGCAGGTCGGCTTACAAGGTACCTCTTTGTATTTCGTCGAGCAAGTCCGCCAGTTGTTACTTTCGGGATTCATACTCCGAGGATACAGCGATAGCCACCGATAGGAGCTTCACGACAACGCGGGAATTTAGACGATCCTTGGAAAGTAGTGCGTACACCCCCACATTTTAGATCGACATGGATACTGGAGTGCTGGTAACACCTGGGACACCGGTCTACCAGATTATGGACAGGGCAGCGGGAACCTATGGGTCCATCCACTATCTCGCGATTGGCGATCGCATTACTCCTTCTAATCTGGTAAATGGATGGGCGAACGCCCTGCACGGGACTTTGTCCCCCACCACCGCTTAGTCTTCTTATCTATATACCCCAGGAGCCGGTTACAAGGCCGCCTTATCGACTGTATGCAGCAATATGTAGCCGCTCCCCGCGAAGGTCTCAATTGGAGATCAGGGGCAAAAGGTTGTTCTTCGGGCATCGAGCTTACCAGCGGGTACCAGTTGCCTGAGAGGCCGCGAGTTCCGTAATTGAGTAGAATTATCGAAGGGCGCGTATAACATTTACTCTTTGGGACAGAAGCTACTGTTGCGGAGGTATCCGTGACTCTGCAAACGAAGTATCGGGGTTCTACAAGAAGAGAATTTGTGTAATGGCCGGTGTCCGACTATTCTTTTCCATACTGGCATCTGTTCTGCCTCTTAAATGTCGGATAATTGGGCGGCTCAAAGCTTGCGACACAATCCCTAGCTTTATCCACACTTGATGTCTCTTATTTCCACCCGAGCACGACACACCCTCTGTGATGTGGTCCGTCAGACCATAAGTCGGAATTGAAAATTCATAATTATTCATAAATTTGGTCAGGTTGAGAAAGTTGCAAACTCATTGCCGTCACTAGGTCCTACATAGTGATAAAGCATAATTGAGTACGCTCGTGGAAGTGACTGAGCTATGGACCGATTCCATTTCTGAAAGTATATGAGCCACCGCACGCCACGACTCATGCAAAGACCTAGTATCGACCTCATTATTTCAGCGGATCTTGCGCGTTTAGCACCTTCTGGACCCGGAGGCAATATCTAGACGTCCGAATAGTTGTGCTATGTAGTTCAATGAGCCAGTCGGCTGTACGGATATAGTATCGCCCATCCTGGATGAGCGGGGTCTACTATTTTCGCTGAACGCCACATTCTATTCCCCTGGGACCGATACCAAAGTCCCACGGGCGACTACATTGATGTCTGAGATTATAGGGGCTCCACCTGATTTGCTGCTAATCTTGGTCGAAACCCAATTGGGGGGTATTCACGCCATATGGTATCTCGCTCGAGACTTGCAACCAGATCGCGCATGAACCACAGTACGCGTAGCATGATAGTACTTGCAACGTTTCCATACACATGGCCAGACGGTACGTATCGCCTCAACCACCCTAGGACAACACGGACTGCTTGCTAGAGGTGGCTTAACATCACGGTCCTTATTGGATCCATCAACTCAGATACATGTATCGTTATACTACGTGAAAGTACGAAACAGAATACGCGTTCAAATGCCCTGGGAGCAGATGGAAGTCGATGGCTGTCGTAACTACCTCCTGATGATCCGGATTACTTATGGAATTAAGGTATCCGACTTTTATGTTAAAACACCCAGACAAGTGCTCTGGTAGTTTTTGCAAAGCTCGATGGCTGCCGCGGATAACTAGAAAGAAAGCCCTTTGTCGAACCCTTGACCTATAGGATTCGAGGGGCAACGGAAACGCTTATGAACCCATGTTCCAGATAGCAGTGCACGC,1904,48.95,Drosophila melanogaster
SEQ_655744,CCACGTCTTGGTTTGTGATATACCGAGCATTTTGGTCGTCTGCGCAGGTGAATATGTTTCATCGGTCGCTCCGATACCAGCGGAATTTTGAGAGCGTTTATTGGTAATAGCTTGTCATTATTTATCCAGATGGAGCACTGGTAGCAAATTTCGAACACACCTACGTGAGCCTGCGGATTCAGTTGATAGAACGCCATTAACATTGACATCCTCTAGAAAGTCTACGCAAGGGCGAGTACCTGGCGGATTCTATGCGTGTGGGTGGTGTGGGTACAACTTTTCAATTTATAAAGACATACTGGGAACATACATTTGTCACACCTACCGGCAATGCAAACAACTGGACAACACTATACTTTTCTTCATGTGCGACAGCGAGGATTTACATTACCCCAGTCTACTCAATGACCTCTCTGCTGTCCGCCAGATGACCTTCCGAGATTGTCGCGCATTTAGTGAGGCAGAAGTGCACATTATTGCAGTGCTCAAACTTGCGTACATAGTGCAAAGATGGACATGGGGATTGTGGTACCGCGGGTGGAGTTTATCGATTGCTTCTGCAAGCCGATCTTAGGACTGTTATTCCGCGAGCGTCCTCGCTGATGTCCCCGTATTGTGAGTAATTATGGTGAGGTTTATTTCCCACCTCTCACCGCCGCTGAACAGCATGCGTTGACCCAGAACTTTTTTTCTGTGGAATTGCCGTATTTACCGCCAGTAAGACAAATCGATTACTCGGTGGGGAAATAATTTCCCCCTCTTTTTCTACCAGAAATACTCTCCAGAATGAGTCTGAACTTACGACGGAACACTAGGTGC,819,46.52,Drosophila melanogaster
SEQ_968519,CAAACTGTAGCCGCAGACCGTTCAATAACGAATTGGACCATGGCATTGGCGGCTGACGGCATATAGGAGAAAAAGTCTCTAGGTATACGCGAGGCGCGTTCATTGAGAACTTTGTCAGATCGGGTCAATGCCACAAGTAAACGCGAAGAGCTGCTACACGACCGCAAGCAGATGAGAGTTGCCGATGTGGCAGCACAATAGGAATTGGTTACTCTCACAACGCGTGGTACGTTTCTGTCTGGGCAAGAAACACCCAATTTTGGACTTGCAGAAGGTCGGGTGGGGGAGATTGCGAGAGCGGAATAAGCAAAGTGCCACATGGACTTCGCTACATCGCGTATAAGGCTTGGTGTCAAGAATCTCGCAGGACATCCTTTTGTTCGGAACGCGTCCCAACATCGTAAGGGTTTGTGTGAAAGACATTCTCCTTCACCATGCGACGTGATCAACGCTTACGACGTCACGAGCGGCTTATTGCCTCCTATAACGACGTGATTTAATCTCGCTAGGCCTGAGCCACGACCTTCGTACATTGATATCAATCGGTGATTCTAAGGTGCGGAGCCGCCACCTCGTTTCCCGCATTTAGCGAAATATGGTTCGTACCTGGCAGTTCCATTAGGGGCGGTGTATCTTCGGTTGCCTCCTAGTCGCTAAGATGACACAGGAGGGCATGTATCTTTCATCGTGCCTCACAGGAAACAGTGCTGGCTACACAATCCGATCTTGCCTCTCTAGGATACGTCGAGGGTTTTGCTCGCCGACATACTCAATTCGGGGCTATAATAGCACGACCACGTTAGGTAACTAAGACGCATCGACAGCCACAGGTGCTCGACCCAGCGGTCCATGGTTTCATGAATTTTGCATAACCTTTTACATATGATTAAGGAGGAAGAGTTAATTCTAGAGGTAAAATTCCTAGCAGGTAGTTATATAAAACTTGTATTATAGTGCCGGGGTAATCGATCATCGGGTGGATCCGGACAACCTGGCTCTTGAACACGCCGTAATTAGGTCCATTGACAGTGAGTCGCCCGCTGCTTCCGCGACCTACATAGACCTACTAGCACTAGGCGCGTCATTACGTCCCCCCGTGCACCAGTAACTTCTTATATCTAAGCTGGGATTCTTTTCGAGACGACGGACATGGCAGTGGTCTCCGCGGGTAAAAAGACAGTCGTTATCCATTTAGCAAAGAATGACATAACGTCCAGCCCGCACCGTCCTGTTGCATTCACAGGACTGATCAGACAACCTAGGCATAGGAGGTTGGTTGAGCGGTGGGGGTTTGCGGGAATATTATTGAACAGTCCTCAGCGGTCAGGTGAACTCTATATATAACGCGCAAATCAGTCGAGTCCCGTCGGATTCCATTTAGGGTGGGCTGTTTCACCACCGACGATTGCCGCTCTTAGACTTAAGCACATGACAGATGCTACATTTCTCTCGTGGTGGCTATCGATGTATCACTAGAGGATGAGACAGCGGCAGAAGTTTTGCACAGTGTACCTGGGCCAGATCACAGTTATAGGAGTTGGGCTCGAGTATG,1552,49.74,Saccharomyces cerevisiae
SEQ_971878,GTCTGCATGTTCATACATAGCTCCCACGCGGTCGGAGAGCACGGAAATTTAACACTAGAAGCAAACGTAAACAGCTATGGAAATCTAGATGTTTGCTACCTAGTCCCGCACATTCATCTGAGCCTGATGACAGCGTCGCCCAAGTCACAGTGTAAGTATCCAGATCTGAGAGAACAATATCTCCCATCGAAACAAATCGTCTCATCTTGCGATTGACAGGTGCTTTTGTATGGATCTATAAGCATCACGTATGCCAGCGCAGTGTGGTCGAAAACGCAACGTGCGCCAGCGTATCACCTGCTATACACCTGGGCTTCAATGTTCGACGCGTGTCGCAGTGCTTATACAACACGTGCTAAACGTACGCATTTTGCTGTGCACACCCCAGTTTGAATGACGTAGTTGTTCGTGTTCACAAGCATTGTTTTGTAAGAGGATGAACGTAAGGGACTCAACTTAATCGTTACTGATTCCTCTAACATGACGACTTCCACAGCGGCTAGGAGACTCAATGGTAGGGTTTTTCTTGAACCCCGGTTTCAGACTAGGTACAGAGGTTGCGCATGCCAATCAAGCGAGAAGCCGTTGGAAGCGCTGCGGTTGTGTGTGGGTAAGATGGCTTGTTACTGAACCATACAAAGTGTCCCCCCTTGCAGAAGATAATGTGTTGTACGACGTTATCGCGAGCTAGCTGAGTACCTCTAGAACCGGTGCATGTCCTGATCATAATTCGGTAACTCGGCTAACGAGACTGCAGACATGGCGCCACGAGGTCGGTATAGGAAACTACCCAGTGTCTTCGCATCCGAATTTAAAGTCGCTCCCAGCCTATCAACATCAAACTTATGCTAGTCTTAAGAAGGCCTAGTGCTTGAGATCCTGGACTTTAGATCGGTTGTGCCATTGCCACAATCTACGAGGATTAGCTGGCACGCACCAACCATGACCACCTGATACGCTTATGTTATATGTTAACATTCAATCCAAACATGTCGATGCCTGAGCATGTTTTTCTAAGTACATAACAAGGGCGTCCCAGACGTGGTGTCTGTACAAGGATCTCCTGCCAACGGGGTAACATATTACATCAGGACCCATCACTAGCTACTCAACTTATTGGTCAGGCAAGTAGACGGCGGCATAATTTACGCTTGATACCAGAGGGCAACACGCTAGGACCTCCTAACTGGGAGTTCGATCGTAGAGAGGGTCTGAATAGGACTATAAGATGGCCGGAACCGCCTATCTACACTAGGTCAGTACCGGGTCGTGGCCGCGAGCGCGGAGGCATGTTGAGGCTGGTTCTGGCGCATTCGTTCGGCGGTAGTGGAGCGAGTTGCCCGTGCTTTCTCCTTTACCCTCGGGTGGCTACATCCTTGTTGCAACGATATCAAACCATCTTGCAAACTCGGTTAACTGAGTCCAT,1426,48.88,Mus musculus
SEQ_254832,TATCTCCGCTGTGTCGGGAGAATTGCGAAGAGGGAGGGGTTTACTAACTGGAACTAGTTCTTGCACTGCGGCCCCTACCGGTTGGCAGTGATTTCTGCCCGGTTGACTGTTCAGGTCAGAGCACGGCACTTACCGTTGAGTACCCTCATCGTGGGTTGATTGGCCGGGATAAGCCAGGCTCCCTGATCTCGGGATAGCACTCGACCTTGCCGGCTCCCTTCGTAGCCGTGCCGGGGTAAAGGCAAGGGTGTAGCCCGTGTCTAGTGCTGCTGCCTCCACCAGCACGGCGTGGGAACTTGCATATGTACCTGGTACCCTGCGATAATCTGCTTGTTAATCTTGGGACTGGTAAATAAAATATTCTATTGTCTAAGTACCTACTTGCCGCCAAAATCTGGTCATTCGAGTGTGGCCGTAAATGTGCATAGGGTTTCGAAACTCTACTGTGCATCATGCCCACTCACCACTGCGTCTGAGTGGCGCATTGCCTTGGTGGACGAAGGCGAAACCATAGCGATCCCGGCGCTGCGCATAGCCCAATGAAGGGTTCGAACAAAATCCTAAACTATTAACACGACTAGAAACTTGTAGCAGGCTTGGAAAAGGGACCTCACAGTCACGAAGGTATGGGTGCATCCAGCGTGCAGTCACGATAACGTTGCAGGGGAGGACGATACCCCAAAGAGGAGGTGCGTAAATATTTGGTGGAACTGAATTTTTACAGGCTTTTAGAGAGCCTCCCCTAAGGCATGTCGGGAAGACGTCTCGCTAACATTGAACCGCACGAAAGGTCCTCGATAATTTGATTAGGGTAGGCTTACCCATGTTGCACTGTAAGCACAAAAGGCAAATCATTACACGATTAATGGGTACGCCACTGCATCCTAGGCAATAGGGTTTGCATCCCGCCCCACGGGTGTCCGAAAACTCATTGGCGATTCTTCCGGTATTGGTGCGTGAAAGGTTATGGGAATCCCATTCAGTCAAGAGCGGAATGTGTGCACCCCCGTGGCCTCGTTGTTGTTCGATCACGCGTCCCTTGCCCTCAGTTGTGTTGATCAGAACTGTTGGCCGAGAGCGGACTTTTGCACATTGATACAGGAAAGATCGGGTAGATCTCGGTAGGTAAGCGGTCATGTTAGTGCGAATCTCGACCCCTATTTTTATGTAGCAAATTCAGCAATGAGGTCCTTAAACTGTGTAATCTCATCCTAGGCTTACCTTTCGATTATAGCACCTGTGTCCCACTCTCCCGAGAAAGTGGCAACACGTCTGAATCCTTCGTGGGTAACTAATAGAGGTTGATCATGTTCATTTTAATGGTCCCTTATAACTCCTGCGCGCCTTCTCTGGTGCAAATTCTATCATGAAATTCTGTCTAGTTAACTGCGTATCATAACAGTTCCAAAAGTTCAATTCTCACTCAGCCTCCCACTAAGGTAACTCCACATCGACAACACTGTTACCGCTATCGCTTCATGGATGGGGTACGTTTGTTGGAGTCCATGATTCTTACGATCATGGTACGCACATACCGGTCGAATTAGACATATCGACCGGGACTCATATTTACATTCGCGGCACATTTAGTATATTAACACCCTAAGTCCCAGTGTTATGCATACGCCCGTTGTGTGGTGTCATGTTCCATTGCACGTTAGACCAGAAACTGTCGAATGTTCCGAGCTAATTTCCGCAAACACGTGGACAGTGGTTAGTACAGCCTTAATTAAGGCAATCTGCCGCACTAAGAGTAAGCGTGCCCAAGTCACACCCTCATTGGTTGATAAGGTCAATTAGGTTTGCACAAGCGCAACAAAGACTTACTCCCAGCGTCACATCGGCTTTCCTGCTGATTCATCCTAGGCTCAAATGCCTGCGTCATATTTGTTCTGTTAATCAATATATTTTTGCACCCAGGGTGTTTACTTTTAGATACTCCAATCTGAATTAGCACCCTACCAAAGTAGTCGTCAGTGTTACAAAAACC,1990,48.39,Caenorhabditis elegans
SEQ_101900,CTAGTGACGCTTCTCGGGAGAGGCGCCACGTCTGGAGAGAGTATCGTCCCCGCTCAGAGTGAATGACAGCCATCACTGGTACCAACCTACGGTCCGTTGGTCATACGAGTCCGGGTGTGCACATCCGAACAGACTTTTTGTCTATAGCTTAGTTCCTCAGTACCATGTCTAACAGTCAAGTAATGAGACCTGGACTATGGTAACATAGATTATCGAGTCGATCCTACCGAGGTTACCGGTTGCGCACGCGCGCCTTTGAAGAGCTAATACGTTCTAGGCAGAGGTACCGTGTCGATATCCATACTCTAGGGACGTGTCCAATCGTGTCAACCGGCCCATGCTGCGCCGGAAGGAGGAAGTTCCCATTAAGTTTGATGGTGGTCATAAGCAGTCTCGGTATGCTGGCATGCGCGCACCCAAAATTTTAGTGTGGGTGGTCGCTTGACATTTTCGCATGTTTGACGTGGACCTGCCAGATGATTATCGCAAGACTACTTTGCGGTTGATACCTACATACTGATGGCGGGCGTAGTTTTTCGTCCGTCGTTGGCGTTATGGTGCCTGTAGTGATATCCACATAACTTGGTTAGCCTATTATCTGATAAAACACTCTTCCCTAAAAAATACATATTCTCTACGTTTCATGCGATGACGGTATACACGATTTGGTTCACGCCGGGCCCGATACCAATGATCCCAAGGGCCCACTGTGAGGACGTCGCGCGAGGGGCAGGCAGGACCACCTCCGTTCG,752,51.06,Arabidopsis thaliana
SEQ_606315,AATCTTCGGTATTATTGCCATCCTATCGATTGTTAATATTCAAAAGAAGTTGCGAACTTGTTTTCATTTACCCCTTGGCACTCGATTTCCGTAGGTGGGCCCTGCCCTCCCTCGTCGGGTCTTATCAGCTCGGATCCGTACCAATCGAGAATGTTGTAATTACGTATGCAAGGTAACCCGATTTACTCCAGATCCCCCTCGCCTGGGACACAGTCGAAACGAATATTGGGAGGGCATGTCACCTCATTACTTTGAGGGCGGGACGCGGCACCAAAAATGGAAATGCGCCTACTATGTAGGTGCTTCTCAATAGGCTACTCCGGACGAGGATGGCTAACGTTTACCCTAACCTCTTTCGCACGCCCCTAACTGAACCCAGGAGTACAGGGCACTCCATGCTTTCGGTAGTCGTACTTAGCGTTGTTGCCCCCGGCGAATTAAGTAGAAAAAGGGAATAAAAACACATCCTCCAGCTTCGGCTATTCCAGCTCTTTGGGCTCCTTGCCCTGCGGCTACGGAGGTGTCGATCATTCGACAAGTACATGCCATCGGCCTAGTACGAGATACAATAGGCGGCTCGGGGGCGTCTGAGTCAAGATAACCATTTTGCTACGTCGGGGATGAGTTGCGGTCAGTTCTTCAGGAGTACATTAAACCTGTCATTGAACCAGGATTTTACAGGGCTCAAAAAGAGCTGCCCAGTTCGATTTTTACCCTCATGGTCAGTCAATACAAGAATTGCGCTACTGCCACGATTGTTGCCCCAACATCCCTCCCTTTACTCTGGGTGCGATGTCGTCCCTTGTCCCCGGCCCAGGATCCGGATCCTCCAGCCGTTCGTCTTACCGTGCAATGATGAGGTTGTAACATACTCATCTAACGCTGGACTTAAATATCGGGTACCCAATCCTTTGAGCGTCCCCCAGAAGGAACTGCTCGACATCTCGCTACCCATTAATACCATTCCACGAAGCGTCGAGACAAATCTCCTTTCGTAGTACTACCCCAATCGCCCCTGACCGAAGAATAGCTAAGTCTCGGGCCACCGGGCGGTCACAGGGTGACGTCCCCATTGGCTAATGTTAATCTGAGGTGAGTGTAGACAAAGCGTTATTGGTTTTGGTCTCCTGTTTGGGATTAACCACATATGGGCAGCCATTACCATTAAAGTGAGGGATGAAGGATGCGACGCTACCTCCTCAGAGGCACGTGGCGAGACCGACTTCACGATCAGGGACGGTAATAATCCGGTTCTATCAAGGAACTCTTAATACAGTATACTGATGTCTACCCGAGAACGTATCAA,1306,50.08,Homo sapiens
SEQ_234451,GAGACGCTTCAATCAATTGTTAATATCGCTTGGAACTATCGTGAGTTACAAATAACGTGAGTAAGCAGTCCTAGTCTGGCCAATGAACCTTGGCCTAGGTAGACTAGGATGAAGTTGTGCCCGGACAACGGTGGTTGTCCTTTCATCGGATCGGTGGGTGCACGTTGATGCAGCTAGTACGTCCAAAGATAACGCCATAGAGCGAAGCCTACGTTGTATGTCGACCGCTAATTTACTCATTTCTTCTAGAGGCGGGAATTAAAGTCCACTGTATTATTAGAGCAATGGACCGGACAGCGACTGGGAGACCCGCTGTCCTGAATCTTCCGTTATCAACAAGGCCGTGAATCAATTCGCGGCTGGCCTCAACAAATTCCTCAGTCTTTCTCATTCTGTACGCCCATGCTGCGTATGCCGCCATGCTATGACAGATGGACGGGCAGCTCCGTATGTATCCATTTGCCATCCACTAGTCTGGACAGTATTTTATCGCATCGATCGCCGACATGAGGAGCGCTTTATTTGATAAGCTATCAGGAGCTCGTTACTGAGAAGTGCGCTCCTTATTGAGAGTCAACTTCGAACACTCCGCGGGCCGTTTTGGGATATGGCAGGCGCGGCATCCATTACGCGACCCACGTTAATGCTGTGTGTTGGGCGCCTGTACACGAATAATAGCTGATGCTCAACTAGTCGCTATGTCTTTATGGGATCAATGTAGTGGTGCTATTCCGGCGCCCACATAAGCGATAGTTGGTGCAGGGAGTACCCTCTGAATAAATCATCTAAACTATTGTCCAGCTCTGGCGGCCACTGCCCGGCTAGCCGGCGGGCTTGCATAAATTAAATAGTGAAGCCACACCCCGCTACGAACGCCCTCCCCGGGTATTGACAGAAACC,900,50.11,Drosophila melanogaster
SEQ_229866,GGGCGATACTGGGTGTTCTTAACTGGGCCGGATGGGCTCGCAAGGGAAGATAGTTGGAGACGGAAAGTTCCGCTTCTGGCAACCCAGTGAGGCGCCGTGT,100,59.0,Caenorhabditis elegans
SEQ_632249,ACTAATCCGTTACGGTTTACCGCTCACGCAAAGACGGAGCCCAGACGGTAGTAGATATCTAGTAGACTATTTGTCGGCCGTTCCAACGGCGTATCGATTAACACGGCAGAGCGAAGCACGCGAGGGCCTAAGTTTGACATTCTAAGAAGCTGTTTTACCTAGCAATCTTTTGACGATAACGGTAAGGCATAACCACTTTTACGGCGAAACTAAAAGGGTATTCACAGGCCTATCGGAATCGATGGTGCCGGCCAATATCTCACTTTGGCCTTTCTGTAATCTTAAAGATTACGGTGGATTATCTCTATTTCGCGTTTAGACTGATCCCCACCTCTAAACCCCGCGGTCGTCCCATTATGCAAAAAATGTCTGGGTATCAACGAGCCCCTGATATCAATTTGGTTATTAAAGAATCCACTTGACTAAATGGTCTTAGGGGCCCATCTAGATTGAAGAAGCGATGCCCCGCTATGTACCCTCTTTTTTACGACCGCCGACTGCTCATTCAATATCCCACCAGCTTTTATAATCACTGCGTTCTCCACCTCTTTAGAAGTAACGCAGCTTGAGTATATTATGCTGAGCTTAATTCGAGAGCATGGTTCACCGCGTAAAAATGAGGTCTTAGATTTTGGGCGATTCACGAGCTCCCTACAAACGATACACATAATCTTCTAAGTTAGGACATACCGGTGTAAGCGAAGCGGTTGTGATCATCCATTTGCATTTTAAGCATGGGTAGTCGTGGTAAGACAGAAATTTAAGTGAGGCGGACGGTCAAGCGAACATGTTGGACTTCATGCTCCTCGCTATGGCCATATCATACGGGTAGCCCGTGGAGCTATCGGTAAGAAAAACCTGCGTCTCAAACATGGGTCTGGCCCTGGGTATCGCGAAGCCGCGCGTACCCTCAGCCCTACGTAGTCTAGAGACGCTACATATTTCGCGGTGCATTCTTTACCCGGGAACTGTTCATCTGACGGGCACTTCACTGGTCGGGACCCGCGGAGATATTTCTGGTGTCAAGGGCGCTGCGGAGCCGTTACTGTGGGCACGTCCGAAATGGTTAATACCAGCCGAGTCAGCTATAAGTCCAATTTCCTCGTGGTTTCCGATGTTCTGTCCAAAAAAGGTAACTAGAGTCAATGAAGACACTGGTCGGAGCGGCGTCGGTTATCTATCAGTCATCGGACTGCTGGACAGAGTTACTTCTTCAGTGGTGCTCGACGCTGACACGGTTTTCTAAGGTGGGTCCTAACAATCCAATTGAATTATCGTCTGATAGACGCGCACCAATCCGTCATGACTCTGCCCTCATACAGGCCATGTGCTAGCGAGGAACCCTCATGCAAAAACTGGCCACCCCAAGATGTACCTGCTTCCCACCCCCGGATTATCACAGTCACAGAAGGCATACTACCCGGCTAGGTCAGTGGAGGGTACCACAACGCGCGTTTAGATTCGAATTGCACGTTTACAATCGACAAAGCTAACAGCACGTCGCGATGTGCCGACGGCCTGACCCAGTCTTACAAGACTCCAACCATACCCGAGAGCACTACGGTACACTGGTTTCAAATCGTCTGCCCACCGCATGCTCGTGACACCACTGATGTCCTTGTTGACGGACCAGACGGAGAAATTATATTAAACTGTCGGTGCATCGGTCGCCATTCTTTATTGGGAGAGGGCATCGAACCCGTAAAAGGCGATAGTTTGGCCCTGCGCCGAGGCATTTGTTATAATGCGTTGAGGGTAGCTTTGTATATCCCCGACCGCTCTGCACTTAATCACTTGCGTCC,1802,49.22,Caenorhabditis elegans
SEQ_305093,TCGTGAGATATGAGTAGTCTAAGGGAATGAGTAAATGTCTCCATGACGGAGTTCGTTAAGGTGGCCTATGGTCTCCAGCCCAAATCAAGATAAAATATTTAGGGCCCTTATCGTTAGACCACTGTCAATTGCGTATATCTGTTACGCAGCATGGAGCGTATCCCAACTATAGGGCCAAGCAGATCAGCCGTCTACCTCGGCGAGGCCCATTGTCAAGAAAGTTATCGAGGATTGACATAGAGGGCGCCCAATGGGCGAACTTCTCTTTGCAACCACGCAGGTTTAAGTATGCAAACCACAGATTTTTATCGGGCCTTCAGTTAATCGTCGTGACTTGAGAGCCGAGTAGGTTCTGTGATACAACCAGAGACCCTCACCGATCACTCATTCTGGCTAGAAAAGTTGCTCTGTTAAGATGACCCACCTTTTCGTTAGGATATCAGACTCGTACTAGATAGTTTTTATTTCCAGTCCATCCCCAACGAGGGCTTTCATCGTCGCGCTGACCCGTATGCCCAGGGTGGCATTCCCGCACCGCAGATCTTAGTTTTACGACATAAGTCCCGACTCACACGGAGCCCTATGGTGTAGTAATGGGTAGAGAGTCCCCGATAGCACCGCACGAAACGGTAGCTGGCAGATGAGCGGTTCGGGCATGAAATCCGGGGCAGGCCCAGCCGTTTAGAACACCGTAGCGCTCGAAGAGAATTTTTTCAAGGGGAGCTTCTCTGTAGTCGCGGCCGAACCTCTAATTGGAGATCCAGTTTGGCATAACGGTATGCCGCCGTCGCATCCAAAACAGCGGCCATCGTCAGTGTGTTCGGTAGGGGTGCCCCCCAGTCCATACGCGGTCACAGCGTCTCGGCAAAGACGTATAGGAGCGGAAGCGTTGAGTGCTACCCACCTACATTCTAAGATACTCATATATGTGAGGGGTTATGAAGTAAGATAAGGTCAGTGTGGACACCGGCAGCATCAACCCGGGCACCTCTACTTGCCATTTGAGGTGGACGGCACCTCTAAACCGGTAGATAAGACGTAAGAGGGCATCCTTGGCATAAATTGGCCACTATAGAAGTCGCACACGTACAAGGGCCGAGACGAAGCGCAACGAACTTTATGACATTAATATATCCTATCTTGGTCGCCCCGAGTCCGTAGCAGATCGTTGAGG,1174,50.68,Mus musculus
SEQ_375291,GGCGATCGCCACCGCGCCTACTCCCACTGCCAGGGTTCCGAGACGGGTCGAGTCACTTCGTTCGTTAGGTTGGGTATGACGAGCAAGCGCAACCACCGTATTCGCTTGTTAATGAGTGACAGCCACATTCTCGAGCTAGAACTCGGTATCCCATGGACAATAGCGGCATCATACGTCTGTCCACCATAGAAACGGCCGAAGTACGCTTGCTACGTCACCATACCAAAAGGAGCGTTAGATACGTTCGCCGGAGATAATATACTATTCTGTAGCCCTAACTGGAACTTCATAACCGACGGAATTTGCTGCCCAGCACGCGAAGGTGGGTTCGAGTTCACGGTAGTGAGGGATAACATCCGCGATATTAACCGGGTCGACGAGAGCATACTCGTGTAACTTCGCCGCTCTGAGTAAATCCAACCTGCGGCCATTCATCGTCTGTGTTCTTCTGCCGAGGTCCAAACTATGTTCACCTCTGTGCGTACTGGAGCGTAAGTCGGCTGGCGGTAAGAAATCGCCGGCACGAGCGTTAACCCCTTACACATGAGTTAGAAATTGTCCAATGCGTTCCGTACAGGTAGTCTGGGACCCTCCCGAGCCGGCATAGCTTTTTGTATCGTCAACATTGTGGTAGCCTTCAACGCCCACAGGTTTAGCAGCGTTGCTTGTAGTACGCCTACGGCTATCAGAGTTCTTTGAACAGTACTCAAGATCCTAAAACTGCTTCCGGGTAGCACTCGTCTGGCCCGCTTGCTAGCAAGCTATACCTTTATGAGTATTAGCCTTCGCGGGAGAACGGGTCTCACACGACGTACTCCATGATGTACCGTTGTTGCCGATCGCATGGGTGACTTGATTGTTAGAGCGTAATTCCAGCCCTTGAACCATCGTGGTGGTTCCGTCCTAAACTGAACAAAGCCAGGCCCAGTCAGATCGGAAATAAGGCAAGAGGTTCGTATCACACGCATTCCGCATAGGGCGTGGAGCACGCTAGATTACAATGCTCACGTGGACAGGTAAGGTGTCTCCTGTGAACTTCTCCTTACTGAACCTCAACCTCTGTTCGTCATTTCGGTACAGTCATTATTTCAACTAAGAGAGGCAACTTCCGGGAAGCGTCGCAACGCGCTGAATACATCCCTGGTTCTTCCATGGGTAGCTA,1162,51.55,Arabidopsis thaliana
SEQ_804239,GGGACTAGGGGTCGCGAACTCCCAGGCATAAGTTTCCCCGAACGGCCTGTAGAGTGTGGTAGACGGCCTCTTACAAGGTGTCTGGGGTCTAATTACTTACTGTGTCCGGTGTCTAGTAACCCTGTCACTGTCCGGCCCGTGCAGCTCAGTCAAGCGCTTACGGGGATATTCAAAGTGCTAGTCGACGTGTAAACCACTGCAGAGTCTACTGTGACGCTTGATCGGATCCACTGCACAGTATTCGACAGGGCCGATGGCAAACGGGGCTCTTGACGGCGACGGCAATATGCAGTCGCCCATGAATGCGCGTCCATTTCACTGGAAGGCCCGACCTAGGCTTTGGTTAAAACTTTGATTGCCACGCTCAAATTCAGATCTTACGGCCTTCTACATGATTTGTGTACATGTTGTCCAGTCATCAGGTTGTATTCAGACGTATAGTAACAGATGTACCGTCGTGTACGGGGGATTCGATAGAGCGCCTGTGGACTTCAGCAGCTAGGAGTAGATTGCAGACTTATCTTTTACCACCTATATATATAACCCTATTGATCGAAGGCTCACGGTTCAAATCAATTACGCTGGTCATGAGCCTAACAAGGGACGCTGGTAAGATCCTCATCTGTAGCCCCACCTCGTATACATATAATCCGTCTCTCGACACGTTACGAAAAGCGATCCACGATTACAAGCTACCATTGACATTAAGTGACATTGAGCGCTGAAAACTAAGGATTATCCCTATAAAGGGATGGTTCCTGACACGATACGCATTTCACACTCTGATATATAACATATCCTTTCCCAACTTTGCAACGTTGCGATCTTCCGACCGCAGCCTGTCTAATTAATAGTCACAGACTCCGGGCAAGTTTCACCAATACAACCTTGTCCTCCCGATATAACTTCCATGCCATTAGTGGTCTTGCCGGAAAGCCCGTCCTGGAACCGTAACAGCTGCGGGCTTGAAGGTCATATTTGGTATTTTCAGTTGTCTAGACATAGTCTGCGTCGACTCGTGCTTCTAGATCAGTGCCAGCGCCTACTGTTATGGACTCTTAGTCCTCGGACAGGGGATACCAGGTAGGGACAGGGGTCGCAGCCCGACGACAGCCGTTAGCAGTATCGCACGACCTCGTCCATCATCAGACTGAGCTCGTAATCTGGCCATACTGCACACGGGCAGTTGATTACCTAAGCAGGGCAGTGACCACTCGTGTAAGGTAGTCAGGCTCCTCAGGAGAGAATAATCGATCTCTGATCTGGAGAAAGGCGCCGTGGATGACACCGTGTGATAGCACGCTCTAGTGGGTTACCGAGTTCCAGCGGGATTTGGAATGTTTAGATGGTGGTGGGGGAATATGTCCTATCTGCCACAATAGTACGGGGCCCGACCGATCACGGCCTCATCGTCGCGTTAGATCGAGGAATGTATTACGTAGCAGCATTAACAGCGTTGGGCGGAGGGTCCTACTTCGCTTTTGGCATGCCTGATCCTAGCGGTCAGGC,1509,50.56,Escherichia coli
SEQ_774004,ATAGTTGCAAATATGGGACTATCTTAGGCAGCGGTGTCTAGTTACTTTGATAAAGTCCTTTGGAGCGCTTACCGGCAAAGGTCGTTGTACGGGGACGTGCCGTGCCCGTACTCCGGAAACTCTCGCCTTGAACGCTATTCTTTTGTTAAACTAGGCTTAAAATGAGTCAGTCCCAGTCACGGGCGCCAGCTAGATCTGTATTTGGTACCGTTCCAGTGCGTTTCCACACAGGCCAGGTTATAATGGATCTACTAACGGGTGCGCACTCCACAGTTTTCTCCAAACGGCTGGGTAGCTCTTACTTAATTCCATGGCCCTACATTTTAAATCAACTCTTTAGGCGAGAAGCGGTCGTAAATTTACAAGCAGCAACAGATCGGACCATACCTCGCCTAAAATCGATAGTGATGCTTCTATCCAACTGCGTTATGCTGTATGTTCGCTTGGAAGAGTATTATGCGAAACGACCAGCGTGATAATCCACCTATATGGTCCTGACCTGGGCAACAGTTACGTGTTCAGCTAGCGAAGATGCCTATCTACAATATAATAGGGACTCGTGGCGCGCTATGCCTCTGGACGCGGAAAGGTAACATTTCTCCTCCTCACGCCGGAACAGGGCCTGCAAGTTTTTAGCGAGCCCGTGCTAATAATTCGAGAAACTATACTACGTGAATATAATGACAGGAGCGTTTTTAGCTTAGCGAAAGCGAGTAGCGTCGTTAGGGTCGTACAGGTCTTTCTCGTATAAGGTCCTAGCGAAATGCCACGCGTCCTACCGATTATCCGATTCACTCCTAAGGTTATATGAATCCCATAACATAGCAGCTCCCGGGTGTTGGTTTACGAAGGGACGATGGCCTAAGGGCTAGTGGTTACGATAACAGGTCACTAAAGTATTCACATGAGCCGTGACAGTACTGCTGCTACGAAGGCGTCCGCCCCGGAGGCCCCATGGCAGCGGTGCAGTATATATCCGGTCAGATTTTGTCATTCGCTTATTCATGTCCCCATACGCTTCACGGTGCGCGTATAAGTTGGAACACATGCCATTAGTAGTCTGACGCCGTTGCAGATGCGACGCTGCACCTATACCTTAGGAAACTGTAATTTCTAGAATTAGAGTGTTGGAGGAAAAAGTTGGGGGCCCGTGGGTGCCTAAGGGATTTCTCTCGCGCGCTTGGTCGTGCCCGGGGATATTGAGATCCGATTAAATCTATTCAGTAGTAGGGGTCGGGAATAAACGAGAGTTAACAGCGTCCCGACGACCTTGCACCATAGCATTTTGTCTGCCATTTAAGTGACCCGCCTTTACGCTAAATAGCACCTGTCGTAAACACGAGATTCTAGTATTCCAATTGGGGTCGGATTGGGCTTCTCGTGAACTCCTCTTAGTATTGCTTGCACATGTACGACCCCAAATTGTACGAGTACGCACGAATCATACCACAATCGGGTTCAATACATGTCATGAACCCTGGATGCTACCGTGAGTGCAATCTCTAGATGGCGCGCTATTTCGCCAGACACAGACTTCACAGAAAATTTGTTAACTTTTAGAGATATGCAAACTATGGACCTAGTTGAACCGTTGCCATCCTCCATCAATGAAGGCTAATCGAGATGGTAGTTCCGAGGCCGTGGACATTACGACTCCACATATTTATGCATTCGCCTTCGCCTGCGTACGGCCCAACATAGCCGGTGCGTAGCCAATGCAGCCTTGACCTGGGCATACCATGTCCCACCTGAATTCAAGATTTTACCGAACATCCGGTTACTACTACTGTT,1791,48.3,Saccharomyces cerevisiae
SEQ_205837,TCGCATAATAGATCAATAACCGCATGAGGGTTCGGATTGTCGCTGGGGGCAGGCATGTCGAAATGAAGGCTATCCCCCGTAAGTGGTGGCTTAGTCCTCGCTTCGAGTCCATGTAGAAAGCTGCAACAGGAGAACACATTGCGCAGCAATGAGGATTTGGGGCGATACGAAGGTTAATCCATCAGTCTAGTCTACGCCCAGTTGCGATCATACGCATTTTTGATCCCAGCCCTTAGCGGTAATATCGGTATGCTTAGTGCCATAGAGTCTTGTATCGTACGGATTACGGTATCGGCCGCAACAAACGACGGCCTGCCTCGTGGGCCGCAGGGCCCCACTAAGATTACCCTCAATCTTTTGACCTGGGCGACAAGTACCTGCTGCGAATGTAACCAGTCCGCTACACGAAAATGCAATCGTCAGGGGGCTCATACTGATATCTGCCTTGACAAGCTTGGAATTTTCGACGGGACGCCTATCACAGATCAAAGTATTCCGTTCCTCGAGCCAAGGAAATCGAAGACCTCCCATCATCAGTCATAGCAGAGTGAGAGCTGAGAGTCGGTCCCCCTTAGGTATGGAACTGATGGTTCTAGCTTTAGCCATACCCTCCATACCATGTCGCGCTGTGGCTACCGGCCCAGCTTGGTTTGTCCATCCCCAATTACATGGTTGCCGGAACCCCAAAACCGACCCGTGAGATATACTGCGCCTGTTACTTCGACGCGGGTAACGTTGCGCCCAGTGATGCTGAACCCAAACGCAGGGCCAATTCTTTCCTGTACTCTCCTTAACCGGCCGTTTACGTAGGTGCATAGAGTGGGACACTACCTTTATGTCACGAGGACAAGTCGGACGGGTGGGTGATCCACCTAAATTTTGCTGTTCCATAGTTTCGCGGCGGTCCCCTCGTTATTAGGAGGTCGTCTCCGCGATAATCTTTTTTACTTGTGTTCTAACGAACCGTGGCCGTGGAGCCAGAAGGTATAAGCGGACTCTCACACCAATAGAGAATTATGAAGAAGATTCATGGGATGGACTCCTATGCAAATCCGCGTACCCCACTGTGATCTTAGGTGCGTAGGGGGCGGTGCCTGACACAAGCCTTCCCCTGCGGCAGAGACAACATGATCAGTATTTACAAGGAGAACTGGAGACTAATCATAGCTATGCTCGTATTGCTGGACTCGGGGGACTCGCTCTGGCACGGGTAGTACGCATACAACACTTGTAGCGCTAACGTATGCCAGATAGCAAGTACGTAGTAATCGCCCGGTTTATCACACTAAGGAACACGGGTATGGATTCTTTTTCACTGGTGTCATATTCTCGGAACCCCGGGGCCCATCGGAAATGGAGAGCTGCTGCTTGGTCGAGAATT,1381,51.41,Arabidopsis thaliana
SEQ_988737,GGTTTAGGCACAGCCCTGCTCGCGGAAGTTAAATGGGGGGCAAGATCCCAAGACAGCTATGGCCTTATCGATGAGGAGTCGTAACAAGACGCTCAACATTGATTTCACCGATCAGCTGGCCGGTAGGACGGTAATTCTCTGGTCAAGGGTAAGGTTCAGCCAGCCATAATGGGGGCCTGACTTTGGGAAACTTACCCGTTACTCTAGCCCCACACCAGCTTGTTTGTTGAAAAAAGCACAAATAGTTCCAGCTAAGAACTCGTGTGCTGTCGCGAAGCATCAGTTGTCTAAGGGTAGGCGAGAACCCAGCTGAAGTTGGCCGACCTATGAAATTAACGTGGATAGGTGTAAGAGTGGTCCCGCACAATTGGCTGACGCCCGGGGGTTGAATAGACGCCCGTCATCAAATAACTTGGGCATATTATGCTTACCCACACAAGTGGACCTGCGTAGCAGATTAGGAAGTGTATAGTGTGGCACGTTGTTTTATGAGATGGATAAGATGTCTAAGGTAGTGCCGTGATGAAGGTAGACCGAACCATTTCCAGTTTTAATACACCAATTACCTCGTCGCGGGGGGCGA,583,49.74,Homo sapiens
SEQ_822751,TTCGGGCCATTTGTCGAAGAGTATACCACCCCTAAGAGCTTCTGTTAGTTGTAATGTTCAAACGCAACAATTCCGCCAGAGTATAAAGTGAATATTAAGGAGCAGGCTGTACAATCTGGAATGCAGGAGCAACATGAAATCTGCCCGGGACAAAACGTCGACACGGAACCTGCGCATCTCTGTATATTGAAAGCCTTAATTCTATAAATGTACGCATCCGCTTTCCCATATCTTTCGTCGTGCGTCAGATACCATGATCTTAAGGCCGCGGGAGAGAATGTGTATCTTCTCCGTGATAAAAGCATCTGGCTGCGGCGATTGATGGGCGTGGGAATAGCTAGCATACTTCGCGACGCAATGTAAAGTCATGTTAAGAACGGATCTGCCTGGATGGCGCTCCAAACATCCCAGGAACGTAGTGGGCCGAAGTTGCCTCAACGCAAGCTACTCTAGCAGGAACAGACACGCAATCTGGGCTATCTGAGATTTTAGGTTTCCTCCTCTCACTGGACAACAGGTCGGGGGCTACCAGCCACCCTGGCCCAGAGACGGGCAGCTGGGCGTTAGGCTCTCGCCCTTTAAAGCTTATAAAGTTACCTTCGGCCTTGATCCATCCCTTCCGCAGCTATAGTCTCCAGTGACCGGTTCAATGCTCCCGCGTCTTCGGTGCCATTGCCCATGAACTAGACTAAGGACACGCGCTTACTAGTCCCGTATCCCATGTCCCCTCTACCGTGTGTTCAGATTCCGATAAAAACTTCCCACGGGAAAAGGTGAGCAAACAACGATTAGGCTTTAAGAGACGTGTCCGTCATCGCATAATTATTGTCAACTATGATGTCAGGGATCGTTAACCGAGCACTAATTGTTGGACCCTGCGCTGACCAGCGGACCGTTACGGGGAAAGTGCATAGCTACCTTGACTCAACGTTTCTAACGGGCCTCGCACTCGAGTGAAACATAGTGGTTTCTGGCATAAATGTCAACGACCAACTGCGCCTGCTAGTAGCGCCCCGCAGGGGAGGCTCAGAAAACTTAATCGCGAGACACTCTAGTAACAGCCGTGCATGTGCTTTCTCAACGGACAGTCTACTCCGCCTTCCGCCGCATTTACGGAGTGATTTCGTTTACCTTCCCGTACCTCCTCGCTTCCTTCCGCGTATCGATCTCTCCACCGCGTCGCGCGAGACGGGACTCACGTCCCAGCCGGTTGGTCTAGTCCCGACCGCATAAGATGGGTCGACTGTATATACGCTACGTGTTCTCCCATACATGCGAATATGTCGTCGTCGTGGAGCGAAAAAATCGTTTCGCGAGTACCTTTCTGCTGAACCTGTCACGGTTCTTATTCTTCTTCAAGCGGAAGCAATGTCTTTGGTATCGGCCTCGAATACCAATTTCGAGGACACCGGAACTAAACAGTGCCTAACCTAGTGATATCGCGATGTTAATATCCCCCGTGTGTCTAAGATTGACGTATCGCGACTTAACATCCGTCGGGGGTCACGCTTTTGCCTGGACCAAAGAATACTGACTGTCATGGCAGGGCTTGACACTGATCCGAGTCGGTCTGCGTTCGCCCGGTGTCACATTGAAACAGAAGCAGTTTTTGCGTCTTATCAGAACGGATTGAGACGATTCAATTCTTGCCTTTATAGATGGCTGTA,1667,50.51,Mus musculus
SEQ_934572,CCCGCGGAGGGCTTTTGATGGTTCGAAGTAACTTAATTCTCAGGTTTTTTTTCGTCACAAACGCCAATCAGTCCTCCTTGAACTAGACCCTACAATCCCCCGGGGCGGTTCGCTTATTACGGACAATTATCCTAGCGGACAAACGGTGGGGTCTGATTGGAGTGTAAACAGGAGGCGCTTTACCTTGACCTAACGTCATCGATCAATATTTGATCCAAAGCGCAATCTTCCCCCATGTGCCTCAAGATCTAACCCGCTAACTGAACTAAGCAGATTCGAGTGGCCTATGTACTCGCAAACGTTAACGCTTGTGAACCACTGTAGGAGTCCAAACTAGACCCATTGTTGGCAAGACCCTGTCACTCCTTAGGCATCGTTGGGCGCGTTTAGAGGCTAGTTGTCCTGTTGGGCCCCAGCGTGATTAATAGCCGCCCTCATACGTCAATCTGCCAGTTCAGTCCCTGTGGATACAGGCCTCAGCCCCCCAGGCCGTCTTTGTAAACCCTTTTTTGGTTTGCCCACGCTCCTTTGCAGAAGTAAACGACCGTCCCCTCCCTGTTAGGCCAACGCGACTGATGATAGATCAAATCGTGCGTGGGATGGTCTAATCCACAGTCTGGGTCAAAACTTGACTGGACTTGTAGAAACGCAAGAAGGCGAGGGTTGCAGGTGGACGACCCTGTTGTGTGGTTAGGCTTGATCACTGAGGTTACCATTCTGCTCGCCGGAAAGTGGACCTATTGCGAAAGGGTTTGGGAATCCACTAGAAGGAGATACCACACACTAGTTCCACGAGACCTCACGCTGTGGCGTCATATGTGGACAGAAGCTTCGTTCGCCAACAGGCTACACTTTGAAGCCTCTTCACCGGAAGAAATCGTACAGAGCTTTCGCAGCTCATATATAGGACGTCATTGTTCCGGTGGTTATCCTCTCCGTCAATTCGCAGTCACCGAGACGTGCGTCCCCTTGAAGTAGTTGACGAGTGCCAGAAATTCAGGGCGTTGTCAAGCACGGCTCTATGGGGCCAACAACCCACACTACATCTATAGTTCCTCGTAACATAACAAAAGGATCCCATGTTTACCGTACAGCGCTCGAATGATTAAGAGCTTCTATAATACCATATGCGAAACCAGACGTTCCCCATCATAGCCAAGCATAAGCGAAATGCACTCTTCATCCTATGCGCCTCGATACTCGCACGTGTATAATCTGTCCCCCGGGAAGGTATAGGGTAGTCTTTGGGCCTGGACATGCACCTCAGTTGTCGGAGTCCAGAAGGCG,1287,50.58,Arabidopsis thaliana
SEQ_419261,CTCTATAGACTCCGCATGCTTGGAATACTACAATGATAGGTGTCGGACCTGGACATGGTTGATGTTGACACCACCGGTGCCGGGCATTAAAAGGTGCGTTGCCCAGCGATTGGGGCGACCTCAATATTGCATGGAAACTATTGCAACAGTTTTGGACTTGCTCCTCAAGATAAGGGAATCATTATCTAGCCTAGGCTATGACAGCAGGATAGATCATCGGTTGCATGCGGTACTATGTAAGGTTCAGACACGTGGATGTGATCGTAGTGTTGCTTGGACCAGGAGTTTAATGCGAACCCTCCCGCTAATAACATTGAATCCACGACAGACGTAATATTCCTCAAGATTTCATCAGCTCAATGTCCTGTGCTTGACAAGATTAGGTACCTTGAGGCGTTCTCTCAAGTTAGTCTGGCAGTTTATCGGCAGTGGAAGTCACAGGCATTTAGTGTACTCCTAATCCGAGGTATAATTGGTCTGATCTAATGGATAATTCATAGCGTGCAGGTACCTCTGAGTAGATCAGATGGGACCCGGTCCATCTCATTTCGTTTGACGATTCATCACGTTCTTTGGTCGGAGGTGCATCCACCGCGATGACGGCGACGTTGACTTTAGGCTCATCGCACGCCTCCCCGCATTCAATCGAGTCTGTCCGGCGGAGAGCCAACACGGGACTTCGGTATAGAGCATTAACCCGCAACCGACCTTGAGAGAACCAGGGCGCACTTTCCTTTCCTCTTGAATACTCAGCCTGACAGGCCCGCTGAGCCCGCTAACAGAGCGTGCTAGACGTTCTGCAAAGAATTGCTTTTTAAAAACGTGAAACTCTTAGATAGTGTCTCATGAGAAGTGGTTTGTAGGAGCTTCCGCTTCGGGCAGGCGTAACATATAGTTATATTCCATGTGTCGGACTTTTCCTCCGTTCTGTATCGACGCATGTCTGTCAACTTATCCGGCCGTGCATTTGCGAGCTAAATTGGATAGCTGCAGTGGAGCTCCGTCGATTGAATAGGGATCAGGGTTAGAAACTTCTTAACACTTTAGCGCTGGAACTGATGTTGAGCGAACCAAACATTCGCAGCTTTTGTCCTGTCATTCTACTTAAAATGATAGATCAGGACTCAGGTACAACCGCCAGCGACAATGGCGCTTGAGGTTTGCGGCCGACTTGTACAGATAGCCGCGGCTACTCGGGCGGCGTACGAGGTGAGAAAAATAAGCTAGATAGGTGCGATCCAACGGTTCAGCGCAGCGTCGGTAACCTAAAAAGGAGCCTAACCGAAGGGCATGATATGCAGACTGGGCGGTGAGGCACGAAATTGGTGTTAGATCGCTAATGTTTGCGTGGGTAAGCTGGAACATTAATCCGCCCCATTGTTAGATTTATTGCACACATAGGGAGACCACTGGCCCAATCCTCCGACCCGGGGGTAACGAGGAGATGCTCAACCGAAAGGTTGCATTCGAAAAGACGCGAAAGCCAACAATGACCTCAGATGCTGTCAACTCCTCCAACTCTCAGCATGCTAATTCT,1537,49.06,Saccharomyces cerevisiae
SEQ_758010,GATTTATTGCGCGCTGATGACACGCAGGGCCGGGAAAAGGCAGGGAACGACGCGATATTAAGTCTGTTGGCGTGGAAACATAAATAGCGGGCCGCCTCCTATGCGGCGCAAACTGAACCTCCTGTAAATGATAGATAGTCACTTTATGCGAACCGCACCCTGGTGGCGTCTAGTGCACCATACCCATGGTCCTCCGGTTCCGGAACGGCGAGGGAGAGACTTAAGACGCCTCTGTGTCCTCGTATAGGCAAGGGGTAAATGTCTATAGCACGACGTCTGGCGTTCACAGAGCCGTCCGTGAGCGAATAATTGGAGTCCCCCCGTCGCTCGCATTGACCGTGCGACGCGGCCGCGCATACTTCATCTGTAGGACTGATTTGGGAGGAAGCGAGGTATCGGGGCCAGACGACGTAATGTTGAGCGAAGCCCTGGTTGGAAGTCAAAGATGGCCCTCGTTTCTTAATTTTTTTAAGGATCGCGGAAGAGGCGACTTACAATAGAAAACATGAGTTCGGAATAGGCGGGGTGCAGCACGTATGACTAAGTCCCAAATGTCAGTCGCCAATACGGTTGGAGTACATGCTTTGCTGTTCAATTCCATAATTGGCCCCATAGCCCAATTTTGTTCCTTGCTTAAGGCGTGGCCCGAAACGCCGGGAACTCGTGATAATATTGCTACCGGTTGGTCCAGTTATAAAGCGTAGGGGTGTCGTAGCTGCCCCACCTGCGGTTCGCTAGAACAACCCAATCTTCCATTCTAAATGTCCAACGCCGCGAGAAGGTGCCTGTAGTCACGGACTTGAGCCACTCAAGGAATTGCCGGAATGAAGCAGAACCGTTTGGACTACCGTAAGCAGTTCCCAGGCGGGGAGGTCAACCCAGCCTAAGAAGGACGCAGCCTCGGTTTCTCCACTCCCACGAAGGGTGGGCAGAATTACCGCGGGTCCACCAATTCAGGTCCCAAGGCTGGACCTGCCAGTCCTTTCCAGACGTGGCCCTACCGCCCAAGATTATACGTTCGGCTTGTCGGGACCGCCCGGGTGAATTCAAGACGAAGGGGACATATCAGAAAAGAACAACGATTTTTCTTGTGCGATATATGCTTAATAGGCCAGATTAGCGTCTGCTTTCTTTCCCTCTGGGGATTTGTTAGGCAAAGACGTGCTTTAAAGGCCAAAGTATCTGATCACAATACGGACGGCGGAAGAGGGCGCCAACGGCCCGGGCAATGCACGTAGCCTCGCCTAAGCGCTCCTCAAGTTTTTGTTTCAGTATTGCGGACAAACGACTTATATTACTAAAACACACAGGTTACAGGCTGAAGCAGTCTCGAACACCTAGGTAAGTCGATTTGTTCCTGTGATCATACACCTGTGATACTGGTGTCGATCGACGGATGCACGTTTCTGCGTATGCGTGATGTTGATCCCCTAGGATCCACTGTGGACGCTCGGTCGCGTAGCATACAGACGTTACAGATGGGTCTGTGGCGGCCCATTGTAGCTCCTTTTCGGGAGGTGCTTGCATCCTCATCGAGTTTATAGAATATCGGACAAATAGGGTAAGTTGGTCCATAGGGGAAGATCCTAAATG,1593,52.17,Escherichia coli
SEQ_438611,CGTAGTTCTAACTTACGCAAGATGCCTGTTGTAGCATAATAAGGACGCGTGAGCTGCCGAAGGGTATCCGTAATCGCGTAGCTGGTAGCCTAACTATATAAACGGTGCGTCTTACTTGACCGCAGTACAGTGCGGCAGTCGACGAGTCTCGTATTGTAGCTCGCTCCGTCAATACAGCGAGACAACTCTGAGTGTGGTGTGGGTTACTAACTGCTGGGTGGAGCCGGGCTACGTACATCACGGATGATGAAAGCAACTCCGTCTTGTCTCGCCAGTATACACCTCTAGCCGTTCACCGGGTGCCACGTAACGCAGAGCCGAACGAGTCGAGAGCTGGGGCCGGAACCCCACTATACCGCACGGTCAAACTACGTCTATATTCTCCCAGTGGGGTACTTTGGACGCTGCTTTAGTTAACAAATCCATTGGATATTCTTACCCTCCCAGTGGAATACGTAAAGTTTCGACGCTCGGCTAAGCCGGCTCCATTCGTGCACCACTTCGTGATTACGGGTGAGAAAGTCCAGAAATACACATCTAACCGCCTTAGGGAGTAAGAAAAAAACTCGGGAGAGTGTCAGGGCGCCTGGCTCAATCTGTGGCTATCCAATTATTCTGCATTGATTGCTAACACACCGAGCGAATCTCCTCCCAGATACTCCGGTCCGAAGAGCGATTTTACTAATTTTTATTGCTATCCAGCTCTCAAGCGCGGGACAGAAAGTCGTTGATTAGGAGACTTTTGCACTTAAGAGATCATCTCGTACAGTCCGATGTGGACTCTGTTGGCGTTAACGTGCTGGAGCGATGAGAGCACCGATCAGTCCCATTCCCAGGATTATACGATAGCCTCGTACTCCCTTACGGATATGGCAATGCGGCTACGCGTTTTGCGGGGTGATTGGTCATTACAGAGTTCTAACGTGATCGTGGCTCCGGTAGACCGAAAAGCGCGAATGATTTGAAGCGTTGGTCA,976,50.61,Arabidopsis thaliana
SEQ_355075,AGTTCCGATGGTTGCGAGATGTGGAGCATAAACATGGACTTCCGCGGCGATGTATCTTAGTCGAGTCTGACATGCGAGAAGATTGAGGTCAGAGATCTTTCCCCGCGCGACCTGACTCGAAAAGCTATACGCGGGGCAATACTATGGGCTCCGACAACTAGAACCGCAAGTCACATGAAATGGAGGCGTGCTACTGCCTCTCAGCAAGAAGACGGGAACTCGGATTTTTGATAGCTCTGTCATGCCACACACATTAACATACTGTAGTGTGACGCCTCAGAGTTTGTCCCCTTAGTTGCTCGGGATGTTTACTCTCTTTGGTAACTGGCAGTTAACGACTACCCTTCGACTAGTGGATCCTTCAATTAACATCACCATGGTACAGGCCGGCCTATAGTCCGCTCTTAAGTGACATCACTCACGTCATAACTCAGAGTGCCCGGCGGCGAGCCACCCGATCGCGAGAGCAGGCATTGATTACAAGTCAACCTCGCCCATACGACCCACGACCTCGTGGCAGTTGGAATCCGTGCTGACGCTAATAACCATTTTCTTGGTCTGTAGTAAACCCTAGCCCGCCGACAAGGGCCCTACGTAGGGCAGGCCTGCAAAGCTATCTGGTTCCTTAGCATTAGACCTGGGCTCTTGTTTGTACTGCGTGAAGATTTGTAAATTTCACGACGCTCAATTCACACGATGCTCATGGTCGACCGGTGTTCCCCACCACCATCCGACTCGTCACATGATCAAACGTTCAAAC,760,51.18,Saccharomyces cerevisiae
SEQ_300419,GTGATGGTGTGAAAGACGGGGTGAGCAAGATACTTGCGGACAGTAGTTAGGCACTGTCCCTGGCGCCGTGAACTTAGCACTACCCGTTGATTTATCGGGCATACCTTTTCACATGGACGTTGGAAGGATCACTGAGGACGTCGTGACTAGGACGTCGGCTCTGTGATTGACGGACATAGACCTTGTATCACATCTAATGATCTAGAACTGGTACCTAACATCTGTGTCCATTTAAATGGTGCTAACGCCATAGCCTTAATACCGATGGCGTAGATAAAGTTTCGCCTCGTATGTTAACATGACTGTCAACGTACGATTCTCTACTGTAGCGACCGCTCTCGTTATCAGAACGCCATCACTTACCGTCTATTTGGGACCAGTTTGCTCGCCTAGTGCCACGCATTTCCGTTGATGAGTATGGCCAAATGTCCCCGTTGAAACGAAGGAGCAGTTGTTCTCTAATTAGATCCGGATCAAGTTAGGCTTGAAGCCATATCAGTCAGGCAGCGAACATATCGCTAGCACTTGGGTATTTGTTTACCCCATTAATTACCTGAAGGGCGCGAGGGCAGTATGGTCGGATGATCTCGAGGTACTCACGAGGGCACTTGTGTCTTAGATATCAAGTCGACAGGCACATTGCACCCACCCTATAAACCTGTACCATATTCTCAATTAAAACGTCGGACCAATAGCGCTATGACTGCTATCCTGACGCAATGCCGCCTGCAATACTAGTGGGCTGACGAAAATTCCGGCCAGCGCCGGTAGTGGGCACGGCTCCCTTGCCTTGTCTCCACACCTTTTGGGCGTGGACAGTTGTTACATCTCTGATTTGAACGTTATGTAGCGAATATTGTGTCTGAAGGGAAAGAAACGGCTAACCAATGGCTAGAAACGATGAGGCGAGTTTCGGTAATTAGGGCTCGAACCTGGCAGAGGCACCAGAGCCTCCAATTTTTATAAAGATGGATTGTGACTTAAGGCACTCATCGTAGCAAGCTTAGCTGTTAACCTTCCACGGCAGTACATTTGACTTGCCCGGAAGGACTACTGCGACTCCAAGTTCAAAGCAACCCAGCCAATTATCCTCCGGACCTTATCACACCTTCGGTTCTCATGGAAACTCTGAGCCTATTACTTTAAGTATGGTGCTCCCGGGACAGCCGACGCACTTCCCGTTACAAACGCGACTTGCTAGTAGATCCTTTCAATGGAACCGGAGGTGATCGCGGCTGCGTTACCCGGAGACTAAGTGTATATAACCACAACCCGGTCATTTGCTTCCGTCTCTCGGGTAGGTTAATGGTTTTACAAGTTGAGGAGGGTGAGCGGAGATCGGCCCTCTTTTGACTATCCGGTAAATCGGCAAGATTGCATAGATGAGCGTGGATCATGGCTGCACGGCTTCCTGATGAGTGTCTTCGTAAACCTTTCAGGTTATTTGTTCACCGTGAATGCGAAGCTATAGAGACAGTGTGCAGACGTATAGACATCGCTTCCCGTTGGGTTCGCTCGCACAGAGAAACGCATTACGCCGGACGACCTGACCCTATAACGTGCAGTGCTTAGCGAAAGTCTTTCGGCAACTTTCCCGTCGGCATAAACAGATTCTCACCACAAGGCTCTGCCGGATGGTGAAGCGAATTGTG,1652,49.27,Arabidopsis thaliana
SEQ_279118,CTCGCGGGCGTTTTTTGAAATGGCTGGGATTGCAACGCGCCGTCCGTGGCTATTGACACGCACACGCATCTCACTCTCATAGACTCCCTACCAAACTAGCGTTCAATGGGCTCGCCTCAATTCCAGACGGGTTCTGGGCTTCGTAAAACCATATCGTACGCCTGCTTCACCTGGAAGACCGACCACTTTCTCTTCAGATCTTAAGTTTAGCTCAGCCTGCGGGTCTACTCTACGATCCATGTCGCTGAATCCATCCGTAGTTAACACCACCTATTTACTTTATCTACGGAAGGTGGCCCAGTGGATTGATAATACTTTCTATGAACGAGCTCCGTGGTCTGTGCCATTGATTGTCGTAAAAACGCTAAAATGTGTTTCGGCAGGGAGCGAGGTCAATCGTTAGGTGCCCTTATGGTACTTGCGTCGTGTATCGGGGTGTTTGTTTATGTGCGAGAACCCGTAAGTAAACATTATGTTGGCGTTGCGGAGACGCTACCTCATCCGTGCGTCCACGATGTGCCGGGCTCGAAACATCGCAGCCGGTAGGCGGGAGACTTGAAGTGCTTTCTATGTACGGAAGTCTGGTGATGTACTTAGAAACCTTTGCTTTCGACGTCTATACTTCTAGGGGCGACCGAAATGGCGACTTTTAAGTCTCGCGAGCCCCGGCCGACCAGAGGCTCAATTGTCTATTTTAGAACGTGGGTGAACACTGAGCCCCTAATGTGAGCTCAATCCGTATCTTT,746,50.4,Saccharomyces cerevisiae
SEQ_768258,CTCCTGGCGCCGTATCCAACTGCTCGTCGGGAGCCAATCACACATCGTTACGAGACCAGGGGACGTGCATGTTCCCTCAAACAGGCATACTGTTCACCTAAACTAATTACCCAGAGACCGGAACTTAGGCACACTGTCAATTAAAAATTTTCTCCGGGGCTTTCAGTACAGATATTTTTCGCAGGTTCCTCCTGGCGAACTCTAAGATGATTCAAGGGTCTCACCACCATACCGTCTTCCCAAGTTTCGCAGGTGGTGAGCTTTCAACGGTGGTATTGCTACCCAGTAATACCAGCCGCCGTACTTCTGTTGATCCGGTGATTGACCGAAGTCAAGGATAGATGGCGGCGCCTAATGAACCGAATGCTTATAAAGAGTGAGGATATACATGATTAAGTTGTACCCTGTTATCCTTGGCGCGCTCACCGCCCCCTTGGCTCAATGGGCATCAGTTGAGTAACCTGTCCTAAATTGTGGGGGCATGGAGCTGCGGTTAAAGGAGATAGATCTCGAAACCGTAGGATTCCAACTAATTCGCCTAAGAGAAGGCCTCTGGACGTCGATCTGGAGGGCGCATTAGGTCCATAAACGCTCAAGACTTAAAGCGTAGCCTATGGCGTTGCCGCAACCGCCGGGTCGCTTGACTGTCTCGCAAATACGCCTCGAAAAGTTATGTAGTGATGGAAATTAAGTAGAAGCTGGCCGAATCAATGAGAAGGTAAGGCCCCTCTCCTAAGTGTACGGATGTATCGCTAAGGGGTGCCTAGACAAGGAACATGCTAGTTTCTACGGGTGAGGATAGACACAGAACACTGGGGTTTCCTGACGCTAACGAGTTCAGTAGTGACATCGTGAAACGCTCAGAGCTACTACACTGCCTGCCTAATCTATTCATTCACAGCATAGCAGTCTGCTCTATTAACACAGCGCCCTCTTGATGTCTAGACTGCTCATGCACGCGTCCGTGACGTTGGCGGTTGAGTAATAAACCACTGCCTTAGAGCCGAAGCATGTATAATAAGAACTCTGCGTTGAATCTTCAGAATCAGAGACAAGATACCCGACCTTCGGTACTCACCCTGGGATGATCATGGTTGACATTGTGGGTGTCACTTGTGAACCGCTGTGAACGACGATAGGAACCTGGCCCTACATATTATATCGAGCTAGCAGTACAAATAATTCCCCTAGCTCAACGACCTGTGTAAGACAAATGGTCGCTGAGCCGACTCTTCGATACAGAACCTCTATGTACTCTGAGCGTCGTCTGCCCTGGACGAGCGCTTAAGATGCGCGGGAATTGCCTGACAAAGATGAAGTTCGGAGCGAGTCTTTCAGGGATACCGCAAAACCTACGACCTATGCTTCGCACAGTACGGCCTATGACTAGACGACCAGATTGCAATCAAGGTTCATTCTATGTGAGAATCCACTCAACCTCAACGTTACTAGTCTTAATCACACCGATCCTCAGCTCGCGGTAGCTTGAACAGAAAGCCAGTCTCCGTCTACGCACTTCACCTAACATAAGAGAGAGCGAGTGCGAGGACACTCAACGTCGACACAGGGAATATCACCCTATGGCTGTCCCATCACCGGCCATGCTTCTATTAGCGGTGCCAGTTCTTTTGCTCCCCGAGGCATCAAAAAGACTTCTTGTACTTTCGAGCGACTTTGGTGGATAGATTGTTAGCGCTAATAGAACCTCCCGGGTTGAGACGACAATTGACAGACCGACATGTATGTACATAGACATCTCTCCCTCCTTACCTCATGGTTGCTTACATCTAAGCAGTAGAAGGAAATATTGATACGCGTAACTGATCAACGCGCCATTC,1838,49.08,Saccharomyces cerevisiae
SEQ_886322,AGGAATTACATGTGATCTGCATACTCCCCAAACATACCTGATCGAGCAACAACTTTCTAATGAGAAAGGCCTCATGCGAGCATGCGTGGGTTACCTAACAGGTTGAGCCAGTGTTGCGATTCCAATACTGGCACGTTACTGGGACATGTTGGCTAGTTCAGGCCGCAAGAGATCACAGTCTTTGGGACCAACATTCCCAGTAACGATGCTTTTCCTCGGCAAGGGCGCATCTTGCAGCCTAGGCGAGGGAAGCTCCTGCACCGTAAGACCGCGGCGGCTGGGAGTCAATCGGGAGACAGATACCAATAAGCAGTTGTGGATCAGTCCGCCATCTGTGCTGCAGGGATGTCTATGAAGAAGAGGCCGATTGGACTCCTGAGGGCGGACGAGGCCGAACCAGGGCTTTGCCATCGAACCATCTACACAACAAGATGCAGATATGTACCTAGGCGTGTGCATGGAGCATAGCTCACAGGAGGATCGCAGTACGCGAACCCAATAGGGCCACGGCTCGCTGGGCCCGGGGGGACCGCTGTAACAAAGGCCTTTAGGGGGCTGCAGAAACGTGCCGCTAAGGACGGGTGCTCCCGAGGCGAGCTCCAGGCTAGCGGGCCCACCAGATGGTGGCGTCCTCTAGTGATCCTAAAATCTTACAAGAGCAGTCACAGTCGAAGCACCATCCCACGTAATGGTGATGAAATTGCCGAGGTCAACTGACCACCGTAGGGGTCCAAGACTACCTCCTCCCCGGGTCCTCTCGGCCATGCGAACAGAGGTGCATATTGGGACGCACGGTGTTAGTTATTAATCGATAAGTGAACTTCTACAGCTGCCCGGAATCATTTTA,847,54.66,Escherichia coli
SEQ_862838,CAGTCTTTAAAACTTGATCAATGATGATCTCGAAGTACACAAACATAAGTCTTACATATAGGATGTGCTATTTTCCTACTGAACTTTGCCAGATTCGTAGATTAGGTCCGACGATAGGCGTCAGAGCACTGGGAACGACGTAGAAGGTGTCAACGTCGGTCTAGAGGTTATCTTTCCCTCCAGGGTGATACGTAAGAATCCTATACGCATCTATAAAATACGACAAGTAACGCTACATGCATGAAGGACTCCCAGCTCGAAATGGGTGCGGGCGTCGGGTGGATCGAATGAATCAAAAGGTGATACAAGCTTGGGGATCGGTAAAGTTGTCTCCCAGCGCGTCCCACGGACTAATTAGATTCCCAATCCGAGACGGCCCTTCGCGTGCTGGCATGTCGCACGGCGTTTCGCCTCAAAGGGACACATTCGGACCGCGCGATAGACATACGAGTATTATGCCGCCACTGGTAAGAAGAGGTGTACTGGGTAAGGCTGTGTTTCCGGAATTGGCTCGCATCCAGTCTTCCTTTGTGGAACGCGTAGGGTCGTACCATTAGAGTTTTCGTGAAGCCAGAATGACACAACTCCTGCCAAAGCCTCGCAGGCGCCTCGGGAACAGCATGCCCTAATAAGCGTGAGGCGCTCGTAAAGGTCGTGTTGTGCCGGCCGAGATGTGACGGAAGCGCTCCTAATCATATCATCCCAGGGTAAGATTTCTGGTCCGGATTCGCATGTGCCTTGCCATGGAGACAGGTTGGCGGCCTGCGCCTAAAGGCTAAACGAATTTGACCCGATGACAAACTCTAAAATCGAGACTTGTACCTCGATGACCCAGGTTTTCATTT,845,50.3,Arabidopsis thaliana
SEQ_513537,TAGCCCTGTACTCTGGGGGAGATATCGTGGAAATAATTGCACTCGGCCACACGGGTAGTTCCAAGCGCACTGGCCTCGGCTTTTGAGCCGAAGTCTTTTCGCTTGGGCCTATAGCCTCA,119,54.62,Drosophila melanogaster
SEQ_977917,CCACAGGTCATCCAGCCCTTAGGGCCGGCGGATCGTGTACTTATCAGAGCGTTAGGCCTTGCCTAAAGCTTCCCTCATTACTATGCATTCAATCCCACGGGTGTGAGATTCCAACGCGGTGTTGTACTGGCGCCGAGTATAGAGTCCAGGAGTTTTTCGAATTTGTTCTTCCGGCCTCAGAGCGGAATGTGGTACAAGACTGAGAGTTGAATGCAACGCTCTACTCATTTATCTCAAACAGTCCAAGCCATGTTATGGTGGTTCGGGGCATCTTCGTAGTGCGCCGCACAGAAACAATCTTGAGAGGCACGAGTTCCTCATAAAGCCCTAGCGGTATGGGGAATATCGTGGCGCCCGTGTTTAAGCCGCGCAGAACTTAAGATGACTAGTATTAACATGTGTGCTGGCACTCCCGGACTTCCATGGCCAGCTTTTTCTCATGAAGAGGTTCTAATACACTATTTTAAGTTTAGTCGAGATTCTCAGTTAAGGCATTGTACAGCGACGCAAAACTTACTCGCGAAATCCTCTCACTTGAGGAAAGGAAAGTAGGTGTTACAAGGTCACTTAGCCCTCCGTTGACTCTTGGGACCACTGGCATGTAACATGCCTATTCCTGGAGTACTCAACGAGGTAACGACTCAAAAAACCTACGATAGTCTGCAACCATTATATCACGAC,681,48.16,Homo sapiens
SEQ_533406,TGAGTCCAGTCCTCAATACCGGACTGTACGGCATGAGAAACTCTGGACACGTGCATTGTACAAGGCAATAGTTAGCTGACTCGTGGCGCGTGAGGTCTCAACCGTACGAACCGAGATTTCGGAGTAACACCAGGCACAGACAAGCCGTCCAATGTATGCTCTTTATGAAGAGACTTCGGCTGTCGTGACCAGGAGCGGAAATCACAAGCTGCGACTAAGGACCCGGCGTTCCTAGGTCACACCGAGATATGTAGGCACAGCGTTCACTGGGCCGACTATCGATAAGCCGAGCAACCAGCTTATGCTCGCGTGATCAATCTGGCGACGCGTCTAAACGACAGGCTATCTCGGAGATCCTTGTCGTAAACAATGGGACCGTCCCGCTTGTGGGTGTGCATGACACCACCGGCGATATTTACCCGTTTTAGCGGTTGCGATTTATTGTGCTTCAATGACAGTGAACACCCGAAGTGGGCGCCCTGAGCGTAGATGCTATATTATATTTAAAGCAAATAACACATCGGACTTCCGAATGCCCACGTACCCACTAAGGAGACCCGTTCTAACCGACCGAGTGTAGTAGTACGAAATTACTAACATACGGGCCACACGCTTGACCCACATTAAAAGCCGGGCCCGTTTATCATGTCAACTGACGCAATTCCATACGACCCCTTCCATAAGTGGTGGCTAGCCTTGAGGCAGTCTAAGTATTACGTTGGTGGTTCGGGAACTGACGTTGGAATGACGGGATATTAACGGTGCCCGGTGATCAAATATGCCAGCTTTCCGTCTCGTCTGGAGGTACGAGGTGTCCCAAGCCGGTTATAACTCTGGTTCATCGGCCTATAAGGTAGTCGATACGTAGGCGCGACGGCGCTGCTAGTAGTAACAGCTTAATGAACCATACGATGCTAAGGCTGTGGCTCAGGTTTGACTCCCATAGCGGAACGGGACGCAAATCAACCTCGTGTAGCCGGCGACCACCTGCAGTAATTCACGACTCCATGGTGCCTCCACATGTGCGTTGGCGCTGTAGAATCGCCCTCCCTCCTACTACCGTTCATTCCCCAAACATCGATAGACAGGTACTATATTTTCAATAGAAGCACAGCGGATGATCACCTAATACAACCAATCTGACATTTTAAAGAAAGAGTCTTGATGAAGCCCAAGTGGTAAGGCTCATTGCACAGGCTGAATGGGCTTATTATCTTCCGTGCAAACATAATTCCGTGGTCTATCAGGGCAGTCACACTAGTCCAGCGACTAGTTGCGTACTCGCTTGCGATCATGAGGTCGGACCCATTGTAGAATATATCGTGTGTTTGTATAGACCCGAACTTCTCCCTAAGAGTTCAAACAGCGCGACTTTGTGCCCATACATTTTCGGACCCAGTTGATATGTCCAATAGATGTATCTCCGGATCTTGTGAAGAGTGGCCCTCGTTATAGCCACTTGTTCCCAGTAGTGAAATTCTGACACCTACCTCTCACCTCCCAAGCTGTGCGAGTAGACCGACTGATAAGTGGTTCCCGATCTCGCTCACTCAAATCGATGGCCTGGATGATAAGCGCTAAAGTAGTGAAGGTGTCTGCTAAACAATTACT,1611,49.84,Drosophila melanogaster
SEQ_177435,TTGCAACTGAAACTCACTTCAACTGATATCTCACCGCAAACGCGAGGTGCCTACGATGGCCGAACCTTAGGATAGTGTTGATTAATAAATCATGCGATCGCGTAAGCACCCGTGCTCGAGAGAGTTATGCTAACATGATTATATAGCTCCTCTCCCTCCCGGGCTAGTGGCTTAACGTGACTGCGTAGACTACGGCCTGATCTCTCGTGAAAAATGCGTACGGGACACGTCCGACATTTAGTAGAAAAATCTTCGTAAGTCGCTGAGCGGTACGATCTCTAGGTGCTGTAGATCCTAGGCTGTTACCGACACATTCACCGCTTTACTTGATTTCGCTATAGCATATACTCAGGTATCGTGGCAAGCGGTAAACATTACGCCGATTCGATACTATCCTAACGCCAAGCAAGGGTAGGCCGCGTTCGGTCATTACAGATTAAGGGGCTGGTCCCTAGTGGGTAAGACATTGGGGCGATACCTGATACGGGGACCGCGTAGGCTGGGAACATGGCAAATGCTGGGTAATTTCTCGGTCTAAAACGTTCTTAGGCAACACTGGAATCTAAACAGCATCGGACCCCTGCCGTTGAACCTAAGTTTTTTGGCCCAGCGGCCCGGAGACTTGCTGCGTCAATCGCTCTTCTATCTACGCGATGATGTTCCGCAGTCTGTCGCTTAAGTCGATTCCTAAATCGTGGGGTAGAACTGAATTATCGCGAGTGCACGGTAGAGTTCGTACTGCGCAGGTTACATCACCTTCTCATCTAACGCCAACCTTGGCGCCAGAGCGAGAAGCCGGTAGCCTTGCTTGTCAGCTGCAGTCTTTAGAGGGCAAGCTGTTAGGAGCGGTACATGGCACCCGCTACTCCCTGCAGGATTAATAATTTGCAGATCCCACTACTGTGTGGGTACCTCTATCTATTACCCGTACACGTCCCGTACGAGCTACTATACACTCATACACAGTCGAGCATTGAGTACCGATTCCGACTCAATACCATCGTAGACGTTGACGAGGTAACCCCGCGCGACCGGAAGTAGATCTTGCCACAGGCCCATAATTGCGAAAAATTATCTAAATTCTACTCATCTAAAGCACAAAACTGGCGGATAGGAATTATTAAGACGACCTCCCAGTCCGGACGCAGCCCTATGTCAAGGTTCTTAGCCACACATCGGGAAGGCGTGAGGTATGGACGTTCGCGAAGATCTCTCGTGCTCAGGTGAGAATATAAATTTTTGCCCATCGTCTCGACACTGGGGAAGAAGAAGGAGCATGCCTTCAAAACCGCACTTAGAACTATAAGAAAAGGCAGATGTACGATGGTTCCCAAGACATTCTAATCGGCTGGACGCATAAGTTTCAACACACGATACGGCCGCGGTAAGCCCGGGAGGATCGTTTTCTGCAACTGGACTTGTTAAAAGTCTTAACACAGTCTCAGCTCCAGGGCCATGTATAGAAGGTCGTGCCAACGAACTAAGAAAAGGGTTACTCACACGGGCTCCGTGTGATGACACGCTCAACATTTGATTATTTACATCTCTCGCTACTAGAAGCTCCTTAGGATTAGCGGGGTACGCCGAGGCTTCACCACGGACAGTTCAAACCCACAGCTCGGTCTC,1626,49.69,Caenorhabditis elegans
SEQ_930709,TAACAACCGTGTCCCTCACTTTGATGGCGTGTTTTCACACCACAATCTGTTACCCACTATCGGAAAGTAATAAGGTA,77,42.86,Caenorhabditis elegans
SEQ_701794,ACTAAGGATAAGCCGTCCGCCGTCACTCCACCGCTGTCCCTGTAGAGCTCAACTAATCAATGGGCGTTTAATACCGGAATGCATGTGCTTGCACACTTTTTTCACTGTGTGTGCCACACCGACGACTGCTATGATCATCCAGCGACGAGTGCCACACTTAGATAGGCCCCTCAAAATAACCACACTATTTATGTGCTGGGGTATGTCCAATTAGCTGGATAATTCGTAGAGCTCCCCTCGACGGAACTACAGGTTAGAGTCGGACCTAACCTCCACTCGCGATTCGTGTTGCGGACCCAAGGGGGGTTATAAAACGTGTCTAGAAGGTCAATC,333,50.15,Saccharomyces cerevisiae
SEQ_372186,GTACGTAGGGCCAGCTTACCTTCGGGCGTGTTACCCCCCTCGTACTCCGTAAACAACGTTACAATTCGCCCAATGAAAGATAGGCTTTGATCCGTACACATGGTCCCGGGACTAGAATTTGGAACGAGCGCACGAGGTCCTTAGATTACGTATTCACGAGGTTAATAGGTATAAAGATGGTTCGGAATCTATTCACGGAAGTCCACGCGCGAACAGTAGTAATGGCTCCTTTCCTTATATATGCGCCCATAGACCCAAACGCTAACGGTGGACTCATCCGGGGATCCTCCTGATCCTCTGACTGCACAGAAGATCTGGTGACAGATTGACCCTACCCCGAGATCCAACTGGCCATTAGGATTCCAGACATGGGCACAAATATGCTCGGACACAAAGAGCGCACTCATCACTGTAAATCGCGCATTGGTTGAATTCCCTCGGCAGTGCCCTACTCTAGCAGGTAGAGTCCTACCCCCAAGCTGCGCGTACCTCGCTTGTTCGTTAAGGATGCCGGTTTACTCGCCGGGACTAACCATCTCTAACGTTGGAGCCGTCTAGAAATTCTAGGTCGTCGTAGGCAGACCGAGTATCTAGGCGCTTGGAAACGTATCTTTGGGGTTGTTTCATAAGAAACCGAAGCTTGGTCACCGAGGTTTAGTTGTGATAACGCAATAGGAACCGATAAATCATAAGAAGAGCCGACCAATGAGCGAGGCCCTACACCCGACTATTTCACTGGCAATCCATCATGACAAACTGGCGCTAAAACTCAGCTCCGTCTTATTTCGGGACGCGCTGTTCCCAAA,806,50.25,Drosophila melanogaster
SEQ_998912,TACGAACGATATGCTCTCTCGACATGCTTTTCCGATCTCGTTCGGATTTTTAGTCGGCCAGGGCCTGTTGGTCAAGTAGTACTGGGGGAACGAGCAGTGGGTGTGGCCGCTACCAAGGTGGGCCCAAGACCACTCCTTGTTCCTGAATCCACCCTATACATCTCAAGAAGGGCACTAGGACTGTCCCACCATTACGTAATTCTACTATAACGGAGCAGGTCTGGTAAAGGCATCACAAACGGAACGAAGGCCTACTACAGCTAGACATCACGTGAACCGCTTAACTTTGATTAGGGGAGCACTTGCTCCGAACCGGGGCGTAGCGTACCCGCTTATCGCTAATCGGCACCACAAGATGTAAGCGATAGCCGCCCGCTCCCGCTATGAACACCGTATAAGACTGCAAAAGCTTAACCACTCCATGAATGGGTCTAGATTGCGGCCGGCAAAGGCCATTAGTGAAAGCCGGGTCGACGGACGCCCGTGGTCTATGGTCCGGGACCGTGTCAAGTGACCCCCTAGCTGTCTTGGTCAGGTATCGTGCAGTTCCTCTTAGCCGGTCCTTGGGGAGTATAGGCGAATTAGGGTGTTAAGCGCACTGGCAGAACTGCCTTGAACCCCTCCGCGCGCGTGTGCAAATGAACAAACGCTAGTTTCTCTATGGAACTCTCTATAGCTCAATTATAGTGGAATAAAATGGTAACAGACCCGTTA,714,52.38,Saccharomyces cerevisiae
SEQ_269322,ACCCTAATCCAACACATTGCCACGCGCATCTATAGGTCTGGGGGGTGTATCATGGGGAAAGTTGACGTATTCCCTATACCTCATCTTATCCCTAATGGAAAGAAACGCAGATAGATTCGCCGAGAGATCGAGGATTTTGTAATGAATGCGGGGCGATGCATGGAAGGAAGCTTCCACGAGCTGCCCCCATTTGCGACTGGCACATGAGAGACAATTTTAGCCGCATCAAAAAGCCTATAGTAGATTCGTGTCTTTTTGGGCGCCAGCCTGCAAAACGAGCTGCCTGCCAGTCGCACTGTTCTAGAATTCGGGTCTTCCCCGTACTTGGCTTTCGCGGGGCGAGTCCCTTGTGTCACTCGGCGGTCAATATGTAAGAGGAGGGCTTGATAGCCCATGGATGCCTCAGGGTGGCGCCTGGGGTGATAAAGACTCAACGTGAGTCGCTGAATCACCTGCGTTTTGTGTGCACAACCGCCTAATCCCTTCCCGCTTTTACCTTCTCTAGCTCCGTAGTTTAACAGCTGGGTGACAGTAGGATATGTTTTGCAAACGCAGGCCCGTGGCCTGTAGAGTAACGTCACCACCCAGGCTAGGTACGTGATGTACTAGTGCGCATGCCTTTCGGTATGAACACTGGGCGTGACCTTAGAACATAATGGGACAGAGGACACATCGCATGAGACTAAGCATAATTCGGCGGAAATCAGAACTAAAAATCTTTTGACAAATAGAAAGAATCCCTTCCCCGTAGAAAGCGTTACAACGCGTAAGCTAACTTACCATTTCTTTACTGGCGGGAAGTTCGCGGGCGGTCCTTTGTCAGATCTTATGAGCATGGGATTAACTTGGTGGCGAACGGGGTTGGGGATCGGGTGCCCTGAATTCAGAGACCACTCAGGCAATTGCAAAGGGTTTCAACTCGTTATGGGTACGCCCTGCGTGCGGCGCCCTGGCCCATACCCGTGACATGGATTTGAGTGACGCAAAATGCGCTGGGTCAAAATCGATAGGAAGGAGAGAAAGGTCGGACTGGAAGACCAGATATCGAACCCGGAACTTTGGTGCGGTGTTGAACGCTCACAGTACGAAATACATGCCCGTGAACTTACCTTTTGTGGTACCGGCATCGGGTTAGAAACCATGGGTCCCATGGATAGGCTAGCTGAATTGCTACCTTCCGGGACACACGGAGCGGACGGCGTGCGGACTTAATATCGTGACCTCAGGGCCGTGAGCTCAGTTTGAATTACCACTCTATCTTCTCTGGACTATCTTGTCGTAGTCGTGACCTTTTGGCTGCTGAACCTACGGCCTCACTTTGTTCACCTCTGAGTGGCTCATATCTTTCCTTCATCATCCACAGAAGCGCAATGAACCAACCAAAGACCGACTTCCTTATAGCATAGGCTTAGTGAGATCCACAGCCTCCTATCTGCAGGCGACCGAGGCTTAGTCACATTCCTTGATATTGGGTTTGTGCCAGGGCGTATATGAGCTTAAGGAAACACCGGATGCGGGACGGTAGAGTTGTATTCTGGGACCTTTAAGTCAGTTCGACCTGAGCGCCCATTTAGACTGCACGGGAGACTGCATGCTTACCCTGTTGTTTCAAGCAGTACTGTAAACTGTCGGGACGATTGCCGCCTACTCGCAAAAGGTCCGCAAGACCGTCTCGTATGCGGCTAAGTAAGCGGGAATTCACAGCTGCTAAACTAGCCTGGAGTGGGAGAGTCCCATGCCAAACAGTCGCGGGAGCCGGCTTCTAAAGTAATTACCGGCGTACTGCCAATTCAGTGAGTGTTTTTTCAAGACTTAGGGTCACTTGTCCGGCCCCTCCGCTACGGAATTACACGTCCGGCTGTCATAAAGTGAGAAGACGCCGCTATATATAACCATA,1897,51.08,Mus musculus
SEQ_392182,AACGTTGGGAGCGTAAAATATCGGCCCCACGCCTGCTGAAAAGAACAAGCGCGCGGACCCTTCACTCACTTAGCCGAAAAGCGTGTAATGTGCACTTTTTGACGCGCCGAGCTTGT,116,53.45,Caenorhabditis elegans
SEQ_343689,AAGTTACTACATTTTAGGCGTTCCGTGGTTCAATGCATCTTTAAATCCCCTGAGTGACCAGTAATGCGCGGCCGACTCAGTGCTGAAGGCAAGATCTAAAAGCAGTGGGAATGAATAGTTGCTCGGAGCTAAAGCGCTGGCTTTGACACATCTATAAACCACAAAACCCCCTGCCACCACGACCGATTGACGTTATATAGACTAATTCTTGCGGCCCAAATGATGGCTAAGTTAGCTCTCTAGGGTTAAGCATTAGGCGTGTGCTACTAGAAGCCATGATGGCGGCCCGGCAACTATCTCTACCCTGTCAGCGTCACATGGCGTGCAGCTAACATTGGTACAGGCAAAGATGTGTGAGGACGGGCAAGCGGTGGGGTATCCGACGTATCACATCCGGCAACCATCACCATAACCTTCATAAGGCCCCCTCTTATATTAGCTGTGGTCGTGTCATCGTGTCGAACTACCGCACTGTCCTGGAGTAGAGCACGTGGCGCGGCGACAGAAAGTTTATGTACCGTCTCTTCGGGTGGCTGCGACAAGAGAGCGCATTACGAATCATTTCTATTCTACGTCCCCGAAGTTGACGCGGATAGACCTGTAACAGGCTCCCCTGTTACGGGTCACTACGTGTCATAGGGTCGGTAACGGCTTAGAGCAGAAACGATAGTTGCCCCGGTACCCTATCTGTGTAATCCTATCCTTGTAGACGCTCCGCAGTGAAACTCATTGCCTCCTTTTGGTCTGATGCAATTTCCCTGGGCACAATGTCGTATGCGCACCCTATATTCCAACCAAAGCCGCTCAACGGATACTTCAGAACGCAAAGATAACTACTGGACCATTTATAATCCTCCTCCATATTACCCCCTCGTCCGCGCGATATCGATGCGACTTCGTCCAGTAATGACGCCCGTATAGGAGGGCCGGGCGATTGCTCGCGCCTACGGCACCTAAAGGATCATTCGGATTTGAGAGACGCAAGCGGATGCAGCGTGCACATACGGGACCAGGAGTCCAACCTCGAGTTACAGTAACTGTAATGTGGGCTGAGTTGGAACCGTCGAGCGGTCAGCTCACAGTGACCAGTCGCGCATTCCTTGCGAGCAATACTGAACTCGTTTATCAGTGCGAGGGACAGATGTCCATATCATTGTGAGACATGCGACGTGCTGTTGGTTAAAGCTTCCCGATTTGTGGCGACTCAGCCTGACTTGCGCAATCTAATGTAGTTACGACGGCGCTCGCACGCTGGGCCTCGCAGAGTGCACCCAGAAAGACCGCATGCGATATATTTCTGCTACTTAGGTGAAGTTTCTTTTCCCCGATAGGATTGATACGGCCTGGCGCAAAAGAGGGGCCTGAGGTGCGAGTGGAAAGTCGATGAAGCATACTATTGGCTAAGCACTGTAGTAATCCACGTAGGGTAACCAGTCTTCAGCCTATATTCCTTAATCTTAACATAACTCCATCGAGCGGTTCCCCTCCGTACCGTTATTCAGGCTTAAATCTTCGCGAACAATCTGTTCAGACCCCAAATAGTAGTGCGAACATTCCGTAGGCGTCTAAACTCGACAAGTGCCGCACTGAGACCAGCGGAACCAGGTTACTCCGTGCAGTCTTCTGTAGCTTGTCGAAATGATGCTGAGCTCTGGGTACTGTAACTCGCAGTAGTGGCAAGCCTGGTCCGGGACGCTGAGCAGCGGAGACCAGTCGATTTCTATTGTGTGTCGTGAGCAGTCATGTACGTCGACCGATGTCGCGAACCTTGCTGTTACCTCTATGACTTAAGCTTCTTCTGTGTCTCAAGTAAGAACTTCCGTCTCTAAGTACCTCCTCATAGTGCTACGTAAGTTCCAGTACTCTAACTGAA,1873,50.83,Caenorhabditis elegans
SEQ_429745,GATTGATACAAGGACTGACAAGGCAGTGAGTTGATGAATCTCTACGGCCGGCTCGTTTTGACTTACTAACGGGTCTCGCGTAACTACACTCTCCTTAAAAGCATGCACGCCGATCACGGGTACGCCTTAAGGGCGCACTGGCATAAAGAGTATACACCAGAAAGTCACACCGCCGAGGCCCCTGGGGGTCGGCTCTTCAGTCGCTAGATAGACAGCCAGAGGTATCTCACCAAACGTTACCCGCTCTTAACCACATTCCGTCTCTTCAATGTAGATGCTTGCAAGGCG,288,52.08,Caenorhabditis elegans
SEQ_989182,ACTACCTCTGTGTCGACTTAGTGGGGTAACAAGCAATCTGGTCATCGCTTATTCTACTTGCAGCATATACGGTTGGTATTAGACCGTTGGCACAGCCTAGGCAGCCCGAACATTGATAGCGGTCTGACATATACATACAGGAGACGTTGTAGCAGCTCTCAATTATGCCTAATTACCCATATAGCGCTGCTGG,193,47.15,Escherichia coli
SEQ_781227,TGACTCTCTAACGCAAATCTTCACTCAATTGGAGAGAACGAGTAGACTCTAAGCCCTACACACCGGCTAGATTATATTCGACGCACACCAAACTGGGATTGAAAAGGCCAGTAGGTCGTGCGTCGGAGTTTTAGCTACCATCGGGCCGTTTGCAGACGCGGCTTCTCTAATTGCCAAACTGGAGCAGCTGTGCCTCCGGGGAGCAAGTAGTAAGTGCATGCCATGCGGTCACGAGATCTGCTATTGGGTTGCCACCGGCACTAAGCTCAAGGGCAGATCCGAATACCCGCCTCTCTAGTCATTGCTATTCTCTAGCCTATTGTGAGGTTGTGGTCATGCACCACAGTACGTCTTAGCAACATGGGGATTAGCTGAGCTCGTTGGAAACGTCGAAAGCGAGTATTTTTGTCTATCAGTACGTGTTGGAAAGAAGCCGCAAAGCACGGTTGGAGGGAGCTGGTTCATAAGAATATCCGTAACGCGAGTATAATGCCGATTGCTGGTCGTTTGGTCCGTGTAAAGTTCTCGCAACTACGAGATAAGGTTGAAATAGACGAGTCTGGGTACTGTTATTATGGCGACGGTGACTAGAGCCCTTATTCTGTTACGGATGAAAGCCTCCTAGGGTAGTACGATGAGCCGCCCCAGAACCATTCTGTCCTGCTCGTACATCAGTGGGGGGCGCGCCTTATAAGTTAATGCCTTACTTACCGGGCAATCCGAGGAATTAAAACGTCCGGTAGCTTGTGGACCTGGGTTTGCCAAGCGGTCGCGGTGAGATAGCAGCACGCGTCAGACGCGTCTGGGCGGAGGGCACGGCGGTCGCCGCTTACGGCGTACAAAAGCTGTTCTTGGACAAACCTCTACAGCCTTATCAAGGTCTCTCTAGGGTGGAATATCTTATCGATCACCACCTATACACCAGCACGCTCTGGACTATACAGCGAAGACTGACTGCACCGTATAAACTATACCATCATCGGCTCTAAACTTGTAGCCCGCTACAACTAACGGCGTGACATCTGTGACCTGTTACCGTTAGGCAATACGGTACTGTGCCTTTTTGATCTGACTCGTTGGCCAAGTCGCCTCGTAGTGTAATCTCTTGGGTCTAGAGTAACAATCGTACCGCGGTTTTCAGAATAAAAATTCCCTTGTAATCGCTCTACTACGCCCAGCTAACTGGCAAGCCCTGAAGGCTTGTGGCTCTGATGTCACTCCTAAAGCTCGAACATCATTTATCCCGGATTCGTTCGTCCCTAGCGTCGACGTTTCCGCTTGGGTTGCGTGTGTCCTAGAGTATCGGTCGTGGTTCATTGTAAAAAGTAGATGTGTTAACCTATAGATCTCTACCTCGATCTCCTGTCCAAAATCTGATCACTAGGGCAGGCTATTCAAAACTGGGCGTTCTCG,1413,50.18,Escherichia coli
SEQ_970031,CAGAACCATCAGGGATCCTAGTTTCTCTATAAAGCCTCTAAGAGCTTCCACAAATGCGGAACTCGCGGGACTGCCTGCGCGGGGGTACGAGTACGATAAGCCTTTTCCCCGGTTGGGTGCTATTTCACTGGGATCTGATACGCCATCGGCCTGTTATTGAGATATTTTCTAAGTCCTCCTCCTTACGGCAGAACCCTATATATGACCGAACCACTATATCCTCGCGATATCCAAGTCCCTAGGACGGATTAATCGGAGTGACCAAGGCCCATCGACTGCATTTGGCGTAGCGAAGGTCTTGTCGAAAGACTATGGCCAACCACAACCCCTAGGTTATCCCAACATCCCACGAGCGATTGGATTACGGGTGGATGCCGCCGAATAGTTGCTGACTGGAATCCCTAACCAAAATCACACCTTATCTCTAGCACAATTCACCTGTTAGGCAACCTGTCTTTACATTCTATGCCACCTATCGATCAAACAATCGAAATCATTGGATTAACGTTCTGCACCATGAAGTACCCTGACCCTAGTTAATTTCTTCGGGGGCGTTTAAGAAAATTCCCAATGACTATCGTGAGCGAGTTGACGGATACCCGTTATTTTGCATGCAAGACCGGGAGTACTCGGAACGTGCACCATGCCGACCCCGGGCATCCCTTGCACGCCCTTCTTACTCAAAGAACCATGGTACAAGATTCAAGTAGTTCACGAAGGCAGGCCTATATACTAATTATGCCCCCTTAACCACCTTGACCTAATTTTTAGGCACAGCGTGCAGCAATCTCTATGCCTAAACTATTATCCTGCTTGCTTTCCTTTAGGAAACCACAATTGTCTTGATGTTGTTATCTGTGGTACCAACAGGTACCCCCAGACATATGTATAAGTTGGATGTTAAGGCATTTGCAATTCGCTGTCCTTATCGTACATTAAGACGTAATAGGGATGGCCGGCCCGTCATCCCTGTAGTCAAAAGATG,985,47.41,Escherichia coli
SEQ_874499,CTTCCCTAGCGAATAACACGAGGACAGTGAGAGTCGTAGGTGTACGCACCGGCTGATGCGCTCTAACAGGATGCTTGGATATTGGCGTCCTAACCAATCCCCCCACCGGAACCCTTTGAAGACACGGGCTAGGAGGATTCAGGTTTCGTAATACCCTTTCGAGATATTCGACACTAACTGTGTCTCGTGGAGGTACGATGCAATGATGTCTCTCAGTGTAACAGACACAACATGTTAATTATATCATGGCATCAGGGGTCCGTAGTACAAGACCTACCGTGGCGTTGTATTCCATTTGAAACCCAAGTTGTATACATTCATGAACGTGATCATTACCTCAGTTCCTTTACAGAATTGCCTACCGCCTGAGTCAAAAAATTTTACGCGTGCGCGACCCGGCCCGTTCTAGTCCCTTTACCTGTGTCGACAAGCGGGAAGGTGTGCAGGAATGGGCGCGCCCGTCTCCCAGGGATTATACATACTGTACTGAGAGATCTCCGCCAAAATAACCCACCAATGGTCTCTTGTGGTCCTACAGGATGAGGCACTCTTTCGTGCTAAATTCATCCCGAAGGTACAGGCGTCAAGGATTGTGCATTGCCCCTTTCACGGAGTCGGCCGAAGGCACTCGGGTCCCAACAAACGACGATAGACAGCGCTGTAATGACCTTGCAGTGTATTCGGTAGATACGTATTATAAGGGTTTCGCTACCGAACGGGTAATTATACCCAACCGGCCTTACAAGGCACGGGCACGACCCGGGGTTGCGTGCTGGACGTTCGTGATTACATGGTAGCGGTTAGAAGTCTTGGCACATCGGGGCCGTGGGGACCTACTTGAGCAAATTGGATTAACTAGCCGTTTCGACTGTCACCTTGGTGACTTACATAGTGGCTGTTGCAGGACTACGCGAATCAACAGAAGTAGTTAGCACGCGCGCTTATTGACCTCAGGTCCCCTATTAAAGGATACCCCAGGCAAACTTCTATTGAAACTTGCATCGACACTTCTGTTATAGTCTAAGTAGGGTGCTGCATCCTGTCGGGACATTGACACGAGTAAAAGAATTTCATGGGAATACGCCAAATACCTCCACGTGAAATCCTCCGTGACCTGAGACGTGTCACCGTACTGATTAAGGACGCTTAATCAATTGGCGACAGAACTAACGAATCATAGGGGATCGTCCATGAAGTGCCCAGTGGCATTGGATCTATATTATGCTTCATAGTTCGCCACCGTTTAATCACCGTAGTATACTTCTACGGAGGGGATAGGGCGTTGACCCTAATCACAATATACGACATTGGTAGTGTTACGTGATCGGGTTCGTTCCTACCCACAGCTTCCGGGTGGTGTACCATGTCGTTCCGGATATGGAGAACCGCGCTATCGTGCGAGCAGATTTCCTACGAAGTCTTGAGTCAAACCGAGGACCGCCTAAGTTCCTTGTTATGCGCATATCTGCGTCCCCGCACTAGCTGAGCATGAGATGGTTGTCCTGCATTGAGTACCTAACTTTAATTTGGTGCGGCACCAAGAGTAATCTAACAGATTTACTAATGCCAAGTGCTGTGCCTACGGAGTCGCATATGTGCCTAGATTAATGAAAGCATCACCTCAGGGTGAGCCACGTCAATGAAGGGTCTGATTTCGGGTGGACACTCAACGCGACGTTCCCCTGGATCGACCGGGCAGGACGAGGTTGAGACGTGAAAGCTTTCTTATGGCTCGTCGTGATGGAAAGATGAGAAATGAGGTGCCGTGGCCACCATGGGGGATTGTGTATGCGGATGGGTTTT,1803,49.81,Drosophila melanogaster
SEQ_980613,TACCCGGAATTCAGCTTTAGGCTTCAATGAACCTATAAGGTCCGCTCGTTCTTGGTGCTCACTGCGCCCTCTAAGGCCCCGCGCTCTTACTCCTGCTATAGAACTGTCAGCCTACCATACACTGCGTTATAACCAAACTGGAGTTGGATAGGCGTGCTAGAGCGACAGGCCGTAACATTATAATAACCGGCTCAGAGAGTTTATCCCTCCTCCGGTTCTTACGGAACTGTCCTTGAAGTGCTTCCC,246,50.81,Drosophila melanogaster
SEQ_239256,TAGCTTCGTAGATCTAGCCGCGAGGAGGAGTGACTGTGGTGCGTCTCTCAGGCTTGGGCAGATGTGCGTTATCCGGTCTGGGCTAAGCCCACGCGAACAAGGACACCACCCGCCGGGAAGGACACTCCTATCAGCCTAGAGGGCTACAAGCAATTCCCCCGACGTAGTCGTTGCAATCATTAATGGGGCGCTCCTACCCCATAGTCAGAAGTTGTCATTATAAGCGCCTTTTATTTAGAAATAGACGGATGAAGTTTCGCCTGAGCCTAGCGGCCATCTTCCAGCAAGGGCCATAAGAGCCGAGGGGAAGATTATGTAGCCGAACGCGTCACAAGTACGATGCGGGACACGAGCGAGGGGCATTAACTGTCCTGGAGCCACCGGGTTGGTCTGGTTGGATTGTGGAAGACTATCTGCGAAATTTGGCAGAAAAGCGACTTGGAAAGCGGAAGGTACGGGTATCTATAATCCGTACGGATCCTAGCTCTGAAACTCCAGAAAGTGGGGGTAAGGGATGATGCTCAGGAATTGAACCCATGACTCGGAGGAACGAAAACAGAACTTGGGGCTCTGGCCACGGTTGGTCGCCTAGCCGTACCTTCGGTGAGATGTCTCCTCATGCTAATTATTGTTGACGGTACACTCTCATGAACCATTTCAGAATCCATTATTAACAGATCTTTCACGACTGGCTACTCAGGTTGAACAGCATCATTGTCGACTGATCTACCCGCTTACCGATCCTCGGGTCGATCATGACAAGTTACAGATAGCACTGGAGTTTGGTTGCATGCGCCACTTAGTGCGGACGGGTGCCAGGATGTACTACCGTTATGTACAGCGCGCACTTTGACACGATACGTATGTTCAAACTAGCAGTGTCTATTACTGCATCTTACACAAATAATTGCGTATTCAGGACGCTATCGGGGTATTTATTTAAGTGTGGTCCGTGCACGAACATCTTACTCTCTAACAAACTCAAGAAATACGATGCTGGGGATAGCGTGACCGACATAACAGCAACCCTTAGGTATTAGGTGCCGCTGTCTTCCAGACCTTAGAAGCCCTGACCGTTCACACTTACTCCGACCTACGCCCTTCCTGCTAAACCCAGAAGTGGTTGAAATGGGAGCACCATTCGCCTGTCCCCCGCTCCGCGATGCTCTCGGGTGGTATCAGAAAGGCTTAACACCCACTGCCATTTTTTGTATCTCCCATAGATCCTTCTGGAGCCGAGCCGTTGTACAAAACCATTGGGGAGACAGTTGTTGGGGCGGTACTGTCTACGAAACGTTACCCGAGCCGCAGTTTGTGTTCTAT,1323,50.79,Caenorhabditis elegans
SEQ_739635,TGCACGTTCCGTTAATGGGGTAACCAGGTCAATTTGTACCAGACAGGCGCCTGTTGTCCTACCTCGAGCCTTGATGTACCCTTCCAGGGTCAATACAAGCGTTTGGGCAACACATTTACGGTCACATTATAGTACGACTTTCACTAAAATATCTACGTCGCACAAACTTGTGCTCTCTAGCCTTTGATGATCTGGATCGATGGTAGTAAAGTTTTACCTGGGTTTCGTATCGCCACTTTCTTAGAACTTGACCGGGAATACAACGTTGAGCTACCGCGCAGTGGAGGCGTGCTCACGCCCACACTGGAACCAACGCTACCGTAATTAATATACGCTCAGTAACAGGACCGAACAGTACGGGCCAATTGACTATCCACTAGCATGAGGCCCTTTTAAGCCCGTTGCCCCTGTTGTAACAACGCCCGCATGGTGTGGCCTGGACGGCTTACTTCTCCTGTTTTACAGAACCCCCCTGCTTCTCTGGACCGGTCTGGCGGAAGATATTCGGCCTCCACTTATCACAGATACTGAACCGGAGTACCGATAACTTTCAGGTCACGCGCATCCGACTTATAATACTAACCCTTTTACATCAGGGTTATTACTCTGTACTCTCTTGAACACTTGAGACGGCTGTATGTTCCGTAAACTCCGTGCATGTGTAGAGGAACCGACGCAGCACTAATGGTAGCCCTGCATGAAACAGTTAATCCCCATCACGGCTGTAGTGCGCTTAGCACCGCGGCCGCATTTTGGTTACGATAAGTCGCTCCATTAATTGAAAATGGATGCCTGGTAGCCGCGTGAGGTAACTAGTCGATGAAACTGTGGCAACTGATTGTCTGGTCTTAGCTGTCACCGACGAAG,867,49.37,Mus musculus
SEQ_900860,GTATGGGTGGGTCCCAGTTGATGCAGAACATGAAGTCTAGTCAAACCAGAGCGCGAGCAACTCATCTAGGATCCACCTTATGTTAATTGTATGTGCGTAGGCCAGGAACATAGCTTAGTAATAAAGACGGAAATTTGACATTAACAGACCCCACCGTGGCTCTGGACCGCGTCTCAGCGGGTATTTGCGCCCCACGTGAGCATCGCTGCATGCTTTAATATGCATCCGATGCCTTTAATCATTGTTTATACTGGAGTCATCTAAACGGTAACACATTTCTTTCTTCCGCTAACTAAATTGCAACCAAGCAAATCTCTATTAGTAGACGTCAACCGACTACCTTCGTTTGTACTATACGGGGCAAGCTTACCCCAAAAGCATTAGTGGGTCCCCCGAAAGTTCCATAGGAGCTCACTACCCCGCCCATGCGTGCCGAGCACTTCGATTTGCTACGAGAATGGACGCGTATCACATACGCCGTGAAATATGGGACATGGTTCGTTAACCAGGTGACACGACCAATTTTGCGTAAGACCGCGTTAGGACATTTTGGGGTTTTACGCCGACTAGACGCCATCATCCAGTCACCTTTAGATGGACAGGGCTACTCTTCTGGGCGATGAGTCTTCCTTTACTGATCCCTAGGCTGTATTAGTAACTGCCCGCCGTCGACAAGACAAACTCTGGCAGGTCTTGCCCACGAAAACATGCTTAGGACCTGCGTGATCGTGGCAGGCTAGTTAGCCAAAGCCATTCCGATGGTGTGGACCAGCTTGGTAGTACGTCCGCGTGCTTGGGGACGGACTACAATTCGGTGTCATATCGCTGTTGGGAGTTCTGCGT,843,49.58,Homo sapiens
SEQ_760764,CTAATAGGACTAGGTAAGCAACTCGTGATCAGGCCCGTGGTGCAGAGAGCCGAGGCGACCATTGGTGAAGAAGACTAATCGCCCGGCGATCTGTCTCTCGACACGCCTATACTCTGTGAGGCCTTACAGCCGACAGATACCATAACCCTACCGGATGGATTAGGGTTGCAGCTCTGGTCAGCATAGCATACTAAATGTGTCGGCGCCTGATGAGGCAAGGTGCTAAAGACCCACGAGGAAAGGCACACGCTCGGCCCGTTATCACGTCAAAAAAGACTAGCACTAACCAAGAAATCGGCCTCGCTGTGTCCTGTTTAAATCGTGTGTTGCATGTTTAGCAACACGAATCAGTATAAGTAGTATAGCTGCGGCCCTATATTGCAAGCCACGTTTTCCGGAGGTTAGGCACTACTCGCAGTGAAGAACAATCTCTCAAATTGACGTGTAGACTGGTCTCCTAGTTGCTGGATCGGCGGACTTGGAATTACGTGCTACGAGTCGTTCAATTTGCACTAAGCCTCGAAAGAGACGATACGCTCATCTAGTGGTCCTACTCGGTCCGCGATGAAATTGACAAGGGTATGACTAATCCTTTATCATATAAAATTCGGGCGCGCCAAACCAATACCGCGGAGATTGCTCTATTTGTAGGGGCCGTTGGGGTGAAGATGTCGGGGAGTCGTTAAGCTTCATAGGACGGCGCAGAGCTCGCCTCCGTGAGTCTGGTCTCTTCGAAGGACTGGTTTTGATCAGGAGAAAAATTCTTGAATCTCATTGGATGTTGTGAATATACGGGCGGGCCCCT,805,50.19,Mus musculus
SEQ_561196,TTCCTTGAGAAAATCAGTTTCATGTTATGTCGTACGCGGTTCGCGAGTAGGTAGATTCCCTCCACAGTTGCAGGGTCCCCGACGGGTTGGGTCGGCAGAGATTTTTCTGCAGCCACTACGTGTAAAAAACAACCATCACAATCACGCCTTCACCCAAGCTAGCGCATTGTGAGGGAAAACGTCTATGTGTTATTTCCGCGGCCAGATGACTCCCAC,216,50.46,Mus musculus
SEQ_572530,GCAGACATATACCCTGCTCTTCTCCCCAGTGGGCCGTGCCACAGGGTATGCCAGCGCGGTTGGTTCCCCCCTGAGCCACCGTTGGATCGTAAATGACATCTACAGCTAGGGCTCGTTACAGCTCAGGGTAACTCCCGAAAGGCATGCCTAATGTGTGCTTTGGTCCAACGTCTGTGAACCGACGCTGGCGGGTGGGATGCGGTCGGGTTGGAAAGCACAAGTGCACGTGTCTACCCTTGATTCAGACGTTCATCGAGTTACCCCAAAGATCATCATTAACCCGGGTAAATCGCCTTAACAGCCGTTGTTCTGGCTCCTAGGAAGAATTTAGACAAAGAACCTATGCACGAACTCCTATACTCAAACAATACTACGCTATGCTCTATGAATAATGGTTCATTCTGAATGACCCCATTGATATCGGAACCGTACGTGGAACAGCAGCTTCACACCACCATTGGGTAAATATTCGTCGGATGAGCTATTAGAATATCGGACGACGCATCGCTCGCTTGGGGCAGATAGAGGAGTGGGCCTAGTTCCTTCAATACTAGATAAGTAAGTCACAACCTTCGCATCTCTATGGGGGGATCAATGTGCTTCACTCGGGCCTGTCGTCAAGCCACGGCCGTAATACAGAAAGGGGCCGAGCACGCGGACCTACACACCGCACTATGAACGGAGCCTTTCGTTTTATGGTTGAGTACAATGGCATCGTAACTAACGTTAAACTCTGATCCTTTTACCCCAGGTTAGCTACGAACTTAGCCTAGCGGACAGTCCTTGTCTTCTACATGGAAAATTTGTGAACTCTTGGTGTACCTACTGAAGTAACGGCATTGTTGGTCCGCTGTATATTCATGAATAGCTTGGACATCAGCAGTTTACTGGTTGGCGTACACGGATCCTGTTCAATGAGCCTCTAGCCCGGGCTTCGGCGGGACTTTAGCCGTTTGTGCCTAGGAACGCGGCGTGGCAATAGGAAAAATAACGGTATGGCATTCTACCCAAGCTCTATAGTTGTTCTGGTTCGTCCTCGCACTCGTCGACTCTCGTACACGATCGTGCGAATCTTGTGAACCCCTCAAGATCAAGTGCAGTGGCGAGAGAATGAGGAGCCGAGCTATACGTATGAAGGAGGCCCAGTAGCCCTGACCGGGTCTAGCGTATCCGCCCTAATGGCCGTGTATGGAGATATACTGTGGACACGGTCACTTACTATCATCATTAAGTGGGCGCCACCAGCAAGTTTTGTGACGCGATTCGACACATTTACCCCGTCCGAGCAGCACGGGACGGTTTAATGGAAAGCGAAACCGAATGTGTTAGTGGAGGAATTGTTAGTTTCTGCGTAGGTGCGTGCGCGGATATGGTCATGTACCCAGAGGTTAAGGTGAATAGAGTCCAGAACTCAAAGACCAATCCCCCGCGGGGGGGGCTTGCGAATGTGCAACCATCTATTACTGACGAACTTCGCCTGTGTCCGTTTATCCAAAACTTTTGTTTTCTGGATTGTGACGCTACCCCCCGATTCTGGTCTCGGTAATGTATCGTCTGCACGGGGTGACTCGAATCTCACTAAATAACAGTCCGGAATCGACCCCAAAGCAGCCGGCCTACAACGGGGATGGGTGGGCCGTCTTCGAATCCCTTCCCCCGGCGCGGTATCACGTAAATCTGAGGGACTAGAGTGCGAACAAAGAACCTCCTGAGAAATATAACATACGGCGACACGCTGCCGACGAGCTTGTATTTATAACAACATGTGGACGTGGCCACCGGCTGTGATTCAATCCTACCATGACGGCGAAGATTACGTTTATATAAAACTTATGATAACTCCCGGTAGGAGGGTGATTCTATCGG,1866,50.64,Homo sapiens
SEQ_542279,TCGGGACTTCACTTAAAGGATTGCAGGGGCCAGTGTGTAGCATCGCAAATCTAGGGCTTACGGAGAATTCTGTATATAAGCGCCCTTTTCCTGAAATGACACCGCGAGAACCTCATTTGTCGACATCAACATCCGGTACGACGGGCACTGTTCTCTCTATGGTCTTTCTCAGGTTCGTCTGCAGCGTTACCGCGCGCAACATCTGTTAGGCCTAACAGAGATTTGGCTGACGGTATTGGGCGGGAAACATCATGGGGGGCTCCGCAAGATGTGAGCGGGTACCCCCCCCGGTACTAAGCCCCGTCCTCCTGACCTCATTAATGCCTTTATACTGAATTGTTCGGAGCCGGTAGTATCGATCATATTCCCGCAGTTCATGAAGTCTCGTGTGTTAACCGGGTCGTGATCGAGCGCCATGGCTCTTGTTACTGGCCCGTTTCTTTTTGAGCTGGTACGCAACTGAAGTAGCATTGTCAGCCAAGTACGACCTATGTCAGCACGCACACTAACAAGTCTCGCGACGTATGTATAAAACATACCCGCCCGGGCTGATTATTGTGTGTGTGTCAATCGACTGGGTGATCATGGCCGACTCCCTAATCCCTACGTTTTAGAGCCAGTTATCAGAGCTCTGTGTCTCACATAGAGCGATTATGCGACACACTTTTTATTACCTTGCTGGCGAGGCCCGAAACATCTAACACCATTATAGTTGACGGGCAAAGGCTATGATTCCCTGGACAAACAGCGTAGATTACCGAGGTCTCCCGGGCCTGTGTCTGGTATGGTCCAGACAAGGCCCGTTCGAAACGATGACATGCGTCAGGTTAGTCCAGCCGGGTATTACGTCGAAGTGCGGGCATATTTTGCATCATGGTCTTCCGACTGTTGCTGTCGATAACGGAGAATGAGTTGCACGTTTGACTATGATAGCATCCTGATGATATGGAATAGAGGGAGCTCGTATAGAAGACATCCTTTATACATGGAGAAAGAAACTCAAGTACATCGTCCCAATCATAACATAGATTCACCCCATCGGTTATAGGATGCTCTGTGCCCAGATCTTCCCGATCAGTAAAGTTAGGGGCGCCGTTACGAACCACTAATTGACAACAAAGATTCCTGGGTCCGTTAGGAATCGTTTCCGCGTTTTGAATGTTTCTCATCTGGCAAACATTGGCAACCCTTGCAAAAGATACTCTCCTTACCACAGGCGGCGTTCACTAAGAGCAGGCATGGAATCTCGGGTGTACTAGGCCTATTCAGAGCATGAGAGGATATCACGACATGTTGGTTCCGATTCACTCCGTATTGCATGGCATGCGTGACAATGTAACACCCGAGCCCCTTGTCCTCCCTGTATGCACGCTCACCTGACTTGCTGTGCGCTGCATTCTGAGTCCCTCATGAAATGAATGTGATTGGGGTAGGTAAAATACAGGATTACGCTGCCGTCGGAGACAAGGACCTAATCACGGAAAAAACTTATTTAGCTTCGAGCCTTCACGTTCTCAGAACTTAAGACGACTGGAAAGCAAGGAGTACATATATAAACACCATTCTCTGCACGTATCTGCAAAATACTTCCCTTGTTACCTCAAGGGACTGACGGAAGCGTAAGTAATACTTGC,1634,48.78,Homo sapiens
SEQ_465308,GGATCTGTGTCCTAGGAAGCACCTCTAAGAGTATCGAGATTGAACAATCTTATGTAAGCTCATGAAAGCAACATAATTTGGTGTACACGCACGAATGAGCGACTTACTCAAGCGTAAGGGTTATCTGGCGGTTGTGTTGTCTAGCGGAACGGCGGGTTGGGATACATCAAGCAAAGGAGCTACCCAACAGTAGAGTCCACTTGTTGCGTATGAGTGTATAACAGCGAAATTCCTCGGAGACGACTTCGCGTAACACCTACCATCCAAGAACAAAATAATCTGATAGGAGTTCCTGGATAACTGCCCCGTTACCGTAGCTTGAGCAACAGTACTCTACTTACTTGTACTCAAAAACTCAAGGGCGTGACCAAACTGGCGAAAGTAGAAGGAAACACTTAGGAGTAAAACGGACCCCATATCCAGACCTACAAACCAGGTTTTCCCCTCTACCATAGTAGACCGCTTACTACTCAGGATTACATACTTACGCCGGTCGAGGGCCTAGGACTACTCCCCTCCTCTCCCACACCTATTTACCCTCACCCTGGCTTGGGCTTCCCCCTTCGTCGCCAAGAATACATCTTTGTGCTTGTAGACGGCATCCAGTCCGTCGACTACATTTATGCAAATCTAGATAATTCGAGTTGCACCACCATCTAATCTTATGCTCAGGACTCGGTCGTACTCGATTTCAACAGCTGCCATTTCCACTGAACGCCTTCAGTATCTCATCGTAGTGACATTCCGAAGAGGTCTATAGAGCAACCCGATAGCCTCAGTCATAGAAGTAATTAGGCTTTACCGAAACACCGTCTGGCTACACTCATAATGAGGAGTCACATCCTCGGCCGATATAAAGTGTCGTATGGTTCAGCCATGAATATCGCTAACCTCAAGAAGGTCGATTGAATTAATTACAGGATTAGCGTGCTGGGTAGGACATAAGGTTGTACCCCCTACATATTCCTAGCAGAAATAAAGGAGATGCCATGCGTGAGCTTTGTGGAGTACTCTCATGAAAATGCGGTCTTGGTACTGAAAGGTGTGAGGTTCAAAACGCGCTCTCGATACACACACTATAGTTGAAGTAAATTTACAGCATATGTCTTTTCGGATTTTTCCGTGGCACGAGACCAGTTGTGTCATTCAGGATGTATATTTCGAGAGTTGTATCGATGTCGGTCATCCACTCATATCTCAGAGTGGGAGCGACCCAGCTTCATGATCAATCCGCGTATCAACACCGATAGCCCGTGCGTGCACCCGGAACTAATGAATCGCGATATTCTGGGTCAAGGAACATATGGGAAATGGATGCGAGGGTATGCGCTCAACAGCTAAAAGATCCAAGGCAGAAGCACCTATGCCGACGGAGTACTTACCTATCCTGACATAGACCCTTCAGTTTTTGCCTGAAGGTCCCCAGTTATATTCCCAACCCCATTCAAGCAATCACCTATCTACTTATATGGTAAATGGTCGCGGAGAATGTCGAGCGCTGTTAGTCATCTTCCTACATCCACTACGTAAGTTATTTACATACCGGCGGTCAGATAGCGAAATATTTCTGTTAGAGTTATCCAACGTTGCCCATAGCGGGCCCTCTAGCGACACCCTTGCCGTTGGCCGACCGCTGGGAATACACTCACAATACATCGGTAAACTGCTGTTCGTTGACCTCTAAATACCTGAGGCAATGTGCGTTCGGCACGCGTTTGGCCCATTTCGAACCCCGAGTG,1739,47.15,Homo sapiens
SEQ_438870,AATTCCAATTGGGCTCACACCGGCTGGAATCGCTCCCGGGAAGACGTAGAGCGCAACAACACATGTTATCAGCTACACCGCGTCATTGCAATTGGCCATCAAAGGTGGTGCGACATCGATCAGGTCGCAGATTTTTAACGCTACCTCCCTTTCCTTTAGGCTAGTAATCTACGGCTTTGCTCGGTTGTCGTCAGTGAAGTTTGACCTAAAGGAAGGTTACCCGAGGTCAAGAGAACAGCAGACCGCATGACATGCGAGTTATATCATCCTGCGGTCCTCCCACAATGTTCCTCACCAACTCGGGGCCCACTTGTTGGACATACGGACCCGTCGAGTCTGACAAGACGAATTAGTCGAGTGGTTTAGCCATTACTTGGAGTACTATCAGTACCTATTTCTTCTTCCGATTAAATTATAGCAACGTAATTAGTCACATAATCGGGCGACGGCGGACGTATAAAGCTGTTACATCCTTAAAGTCTGCTGCTTTTCCTAAGGGTAGAATTAATTGTAAGCTCACCTCCAATTGTTCGCAGACTAGTGCCCCTGCGGGGCATATATTGCAGTAATTGTCGTAAAGCTTAATACAGAGCGAGGGGGCCGTGCGTGGACCGTTCGAAGAAATGACTTTATCACTATGTACTAGTGCATTAAACTTATAAACCCCTTGTTGCCCTTTCGTTCATATAACACGCATACTCCAGTCGTCAGACCCAGTAAACCCTCTACAG,731,47.2,Escherichia coli
SEQ_495572,CTTAACACATTGGCTGGATTATCATCGTTGATCTACAGAAGATGAATCCGGTCATGATGCGCTGTCTCAGCCGTAACAGAATCCGCAGTTGGGGCGCCACCCTCTCCGTCTACACGTGTACTGTATGTGATCCACTGGGTTGTTTGGCTTTTTAAGTCACGCAAGTAGTGGTGTACTGGCTGTGTTACTCGCTTCTCCAACAATGTACCCACGCATCCTTCCGCGCGGTTACGTTTATTAAAGGCTATCGAGCCCTGCGTTGATGTAGATGGCTATGGAGCATTGCAATACGAAAGACTCTACGATTTACAGACCGAATGGGCTGTGGGTCAAAGCCGACGATGATAGGTAAAAGCCGTTGGCCCACCTCCATGTATGACACTGCTCCGGAGGCTATGTAATGGACGACGGTTGTCGGGTCAAGGCGTAGGGCTGTTTTGACTACTAGGCCACAACGTTAACGCTCAATAGTCGGGGGGAGGTATGCCGGCAGAATGGGAATTACTCAAATCTCTTGAGCTCTGGCTACCAAATTATTCTAGGGATTTGCTGGTCAAGGAAGTACGGCCCACGCCCAACCCTCGGTCTCCAGACGGTTCTGGTGGCCGACAGTAGGTAGTCGGTCGTGGTCACCTTGTGCAAAGATACCGTATATTGTCGGTCAAGCCTCCTTCATCGAACGTTATATATGAAATCAGAATAGCTCGGATTGAGCACCTAGTTGGCGGTACCCGTGGTCTGCCAGGGCAGAGATTCCCATCTGCACTACCGAAAGGATAGTCGACCATTGCCGGGAACCGCCAATGGGCCCTTATCAACTACGACAGCGACTTTGCCAGTAGTTCCAATTAACTTTAGAGCTTCGACTCCGTGCCACGGCCATTATCAAGTAATCGCCTTGTTTCTACACCTAAGGAGAGGTACCGAGTCCTGCTTACTAGGGCTCATGACTTTCTGGGTGACGTTTACCCCGCGAAGTGCTACAGCAAACCCGGTTATACGATTGTGGGTCGTGATCAATTCGGGTGTCACAGTTAACATAACATTCGGCGCGCGAACTAAGATCGAACTCGGTGCAATCTATATGTCGCGGCCGCCCAAGCCGATATAATTTATACGATCATAACCCCCACTGCCTCTTAACTCAACCCACTTGAGGACAGACCGTTGCATAATTGCATTCCTGTAACGCGCGACCCCACCCCTCCTCGTTTGCTCCTAGCGGAGGATTCGCCTGGCATGGGCCTCTAGAGAGACTCGGTAAAAAGTTTACATCTTTATCATGCAGATAGGAGTGTCTGTGAAACGTCAGATGAAAGTCACTCGTGCTCGTTAGTTCCCAGCATTTAGTATCCTTAAAGGAATTCTTGAAGCGCATCTCGGGCATATGCGCTATGTCAGCCGTCCCGGTTGATTCGCAGTGATGCCGAATGCAGGAAAACCGGTAAGCACTCTACGGTATCGTCGTCACCGGCGCAGTTCATCCGCAATCCACACTCATGCATCAGAAGAAACGCAATGTGAAATAGGTGTGGTAATGTATTAGTCTTCAGTTAGGGATTGTCACGATGGACGCGGGAACGATTCTCCCACCCCTTCCCTTCGATAAGCCCTGTCTCCAATAGGGAAGACAAGGCAGCCCTCCTCGAGAAGCTATGTCTCATATGCCGGAACCTAACCGGATATGGTTTACCGGAATCCGGATCACGCCGGTAGGATAGTTCCCTACTAGTAGGCTTAACTAGTTTTCATCCGGTGGTACTAGTAAATCCAGGCCGGAATTAACCGCACTACTTACAAGGCCTATGTGGCGACAAACAATAGGTTATAACTGCGGTT,1839,50.24,Saccharomyces cerevisiae
SEQ_882571,CGACAGTCTCTTGTGAGTATAAGGTAGGATAGCGTTCCAATTCCGTCCAGCTGAGAAATACCAGTAGCGCCTGCGGAGATGACCTCATATAGGGAGTACGTAGTTTGTTACCCCGTCTCAGGCATATCAGCAAAAAATAGCAGGATCCTAGTCGATCCTAAACTAAAATAATGACCTGATTTGCGTGTATCAGTGCCAGTTGCGATAGACCTCACTCCGGCCCAGAAAAGAGTAATGTTTCACTGGCTCCTGAGATTGTTGAGCGCACCCCGTCAACGTATCGGCCGACGGTACTTTGCGGCATATTGACCACTGTCTAGTCGGTTACGGACCGCGTATGCGCTTGAGAACCTGATCGTTTTCTCATACTACTGTGCAACTGTCTCCGAAGAGGCTTATCTTCGTCCAGCTGCGACTACGACATGTTGTAAAATGGCGCCCGGGACGGTCGACTCGAATGTGCCGACGATCGCTAGCACCGCATTGATCCCACGTACCAACGGAGATCGGTAGACAGCCGCGTTAGGCGTGGACCCCTTGTGGCCACAAGT,551,51.54,Escherichia coli
SEQ_690224,AGCGTAAACCGGGAACCAAAGTTTCGTAGACTGTTAAGGATACTGCACGTAGGGTCGTCTACCCAGACTGCAAATATGGTCGAGAGTAAACGAAGCTCCTTGGGCTACATGATTGACCTTGAAATGATACTTGTTTGACGGGTCGGCGGCTAGGCTGCCACATCAATATATACAATAGCAGAAAGCTGTCCATAAATTTGTGCTATACAGATGGATCTATGAGAGATATTACCGAATCAGTGGCACTTTTTATGCACTGGAGGACCTAGCAGTGTCGGGATGAACGAGTACATCTTCTGACTCTCACACCTCATGCACTAACCTCGGGTACGCCTGCAACTGTATCCCAGCACCAAGTACTCATACTACCTAGGATGCACGAGGCACCAGCCAACAGAACTGCTTGCTGCGACTCTGATCAGCGGCTGGTGGCGTAGTCGTTAAAGCGAAG,451,48.34,Saccharomyces cerevisiae
SEQ_962638,ATAAACTCCAATCCAAATGGCGTAATTTTATAATCAGCCCAGCGTGTTCTGGCAGTGCTGGAGTGCATACAGAGGGGAAAAACGCATACAATCTTCGTCGGGCCTGGTTGTGCCGACGGGGAACCTTATCATCCCCACAGATCCGTTCGCTTTTGAACACCTCGGGTAATACCATCTTGCTACGGCTGGAGTGGCGTCTTGGGCCTATCCCTAGGGTATAAGTAAAGGGAACATGTCACTTTCCACAGTCCAGTGCGGCACAATTTCCGGAGGGAATGGGTACCGATGGGGGCGGGCACCAATAACTGAGGACCATAGGATACGAGCACTTAGATCACACCTCGCGCATAGGCGAGTACCTGAAGTCTCCTGTTACTCTCGGGCGAATCCAAGCACCAATTACCGTCACTGTCTTCTCGTTATGGCCCTGGGCATTACACAAATAGACTAGACAAGTCTCTCGACGTGACGACCGGTTCCGTGTGGGGCATGTCAACCAAGAAACCAACAGTTTTGAATTTGCTCTATCACATTTGGGGCACTACGGAAAATTGAGGGACTAAAAGCTAGGACCGGTGTATGTTGCACCACTCTGTAGGGGGGACGTAGCTGTGCTTGAACTTGCCGTTTTTCCGGCCGAGATCACTTCGCGGCCTTTTGCCTGATTCGTGGCCGAATGCCCACAGGAACCGTCAGTCCATCTTTTGATAGAGAGCCTTGGGTAGTTCCAAAAGCACCTTAAGA,744,51.21,Homo sapiens
SEQ_652020,AATCGTGTGTGGGTGGTTGATTGGCATACTTGCCTTTGATCTAGGAGAAGGAACGGCCACAACCGGCGGCAAAACATGGACCTAGTCTCCATCCTGTGAGCGATGGTAATGCATGGGGCATTGCGCATGATCAGTGTCTCACCATATTGACACGGTGGGATCTTCGTACCCACGGGTCTAATTCACGCAATGGGGGCCAACAGACCCTGAAGCTTAATTATAGGTTCGCATCTAAGGGTATAACTCTCTTGCGCCGGTAAGTACACACGATTTGATGCCGAGCCACATCGCGCAACGTTAGTCTTGAAGTATTGCGAGAAGGTGACCACTTTATAATTTAAACTTCGGATTGGAAGTGTGCCCTTTGATAGGAAGTTCAGCTACGTCGACCAACCTTTGGCACTCCTTTGTTCACATCATGAAGTTACAAAATATAAGTACTCAAGACTCCTTGCATTGGTCTTAGAATAACGACTGCATTGTTACATAGCTGACTTGGCCAGTCGCCGGGCTGCTTAGACTTTTGACTGTGTAGAGCATCTTTGTTCCCGTCGAGCTGGTCCGCACTTGAGGCAATCGTATACCACCGTCGTTAGCATGACAGTGAAGCCGTCACATGCTTGAACTCACCACCGCATTACTACAGGTTCCCTATCGGGTGGACTGGCGGTGCGCGATCTAACCTAGTTAACCCGCATTCGAATCACGTCAGCTTCGTTGTTGGTGGTGTACCCTGGCCGAAGGCGGCGTGGCAATCGCAATAGGGTGTATGTATTGGAAAGGGCCGTCTCTATGAATTCTTAACATGCCATTTGTCCCTTAACAAGGTACCAAGATTCCGGGCCGCATTTACCGTCATGTGAAAATAGAGAAACCAAGCAA,882,48.75,Drosophila melanogaster
SEQ_645272,CGTTGCCCCAAGAGCTGTATTGATTATGGCGGCGCTACTTCGCGCCTATACCAAGGACCTGAACTACCAACACTTCCATGCGTACGGCAAGTCAAGGCAAAAGGTAGACAGAGGGCGGCCGGGCGTACATTGTCTGTTGCAAAAATCCAAGTTAGCACCACGCGAAACACTCTTACGGGCTAAGTGTAACCTTGGATGTTCAGTCGGAATGTAACAAAGGGGACACTCTAACCATACGCAAGCTCGCACCTCACCCCACAGATAAGCAGTTCTAGCTACAGACTGTGCGAGCTGCCGGTGGGTTCGTTAAGTGCGCCCGAACATGAAAATCATAGGTATCCGGAGACACGATAGGGGGGGTGTTTGCTCTGGACCTTAGTAGATGCTGCAAGGGAATTCACCGAATTTTTACCTTTCACGATCAACATCTGGATCAACTACGACAGTTCGAAGCGTCACCGGGGCTATTTCAATAATCT,479,50.31,Escherichia coli
SEQ_586660,TAAGAATGGCTCCGAAGCCAGCAGACTGCCCTTATATGCCAGAAGATGCTTTCTCTGTATTTTTTTAGTTTCGACTCAACCCTACCCAATCTCCACGCGTCCAGTCGTTCATATCAACCACCTTCAAGCCGTGACGAATCCACAACCGGACCACCCATAAGTGTCTAGGCACTCGGTAAACCTTCAGAAAAAGTTGTGCGAGATTATCCTATTAAAGGTAGTTATGTAGAGGCGGGCCCGACGCGATTAAGAAGTAACGCTATATTTTGGTAACTTTTGAGACACATGGCTAAAGACCAGTCGGGCCCTCACCTGTGCGCTCGAACCCCTCGCATCGCATTATCAATGTGGCACGAGGTTTACTAACAGCGCCGCTTGAATGTAACCACCGACTCCTCCGGGTCTGATTAATGCTATGATCCTCGTTTGTGTCTCTAGGAAGATGTAGGCAACAAACAAGAAATTGGAGACTACTCTTACCGGCGCTTGCAGCCTTAGAGTTATCAACCTACGGCAGTAGGGAGGTGAACGCAGTCAGTTACCCCCATGTTCGCTCCGCAAGGCCGTAGAACAACGTTCGGGCTTGGGAGACCTACTGGTTGGGTTCCCATTCTACGTTGGGATCTTAATCTGGGTTGAGGTGACCACGCGAAGCCTAATCAATAACTTCGTTTAGTGGTAGGTCCTCATCCTTATCAGCTATCATCTAAGAGTTAGACATGTTTTCCGGCCGGGCCGATGTCGCAAGCTGACGTAACTGACCAGACGAGTGTCAGTCTTATCTAGGTCGTTACAGGCGGAGAGTGAAGTTATATAACGTTGCCAAAAGGCGACTTTGCTCAACAGCATATGCTCGCACTTGACTCAGCCAATAGGCTGTCACTACATCCTCTCCCCCACGAGTTGATTAG,911,48.96,Saccharomyces cerevisiae
SEQ_292175,GGGGCTTACGTTAAGGAGAGCCAGATTATGAGATTGCGAATCTGACATGTCTAGATCCATCATTAGCGGCACGCGACGATACTAGACGGTCCTACGAGTAAGGCAGACAGTATCTATACAGACCTGCCCCTGGACCGGTCAGAAGGTGTTGGGGCCCCGTCCTGCAAGGGCCGACCAGGTAGAGGCTCAACTTAGGCTTAAACACTTGCGTGACTGCCCTAGTCCCGTCGGAAACGTCGAACAGTCTGCGTT,252,54.37,Caenorhabditis elegans
SEQ_969378,TTGTTCGCCTGTCTACCAATGCTGAGTTTCGCGAACCAATTTCAACACTGCGAACTTTGACACCACTTCCAATGTAACCGGCTACGGGATTGTAGGCAGCTGCAGATAAGGGTATTGTCGCGGTGCGCTGTTCTAGCCTCTATCAACGGCAGGGATCATACTTGATACCGAGGTTCTATCGTACACCACCTCCTTCTCGACAATCGTATGAACGCGCAGTACTAGAACTAGCCAATCATCTGGAAATAGGGCCACCACCCCGTCGGCTGAGAACGCGAGTCACACATGACCCGTCGTACCCAACGTTCGATGCCCTGTGATCTTCTGGGGTACATATTGGACGTCGCGTCATACGGACTAGACTGGATCTTCAAGTGGAGTAGAGGGTGCGCTATGAAGATTCAGTGTACTGCAAACTATATGGCGCAGGGGACGACGGGTAAGGGAGGCGTGTCTTCTGACGTCCGTAGGCTGAATGTGTCTATTCCAACACGCATCCCAGCGATTGGAGTACCCACACGTGTACTTGCTGCTTCCGAACTGGAGACGGTAAAGATGGTAAGATTTCCCCTTAATTAGTAGGGCTTGAATCCAATGCTCATTCCGATGGTCTAAAAGCAAACGCAACATCGTCGCATGTAAGATTCCACCGGAAGGATTTTATGAGGACCTACTCATAAGCCTTGAGTTTACTATGGCGGATGTCACCCCC,712,50.42,Saccharomyces cerevisiae
SEQ_491892,CAGCTAACCTAGAGCCATTAGCGAGGACATCGAGTAAAGTGTTCTCATCCAACTCCGGGTGTTTGACTCGTTCTATAGTAGGGTTATCTCATTCAACTCCGAAAGTGATCACAGTAATTTTTAGGTGTAATAATGCCAGGAAGAACCGTCCACGAG,156,44.23,Homo sapiens
SEQ_556098,TAGTCTTTCAGGTTCTTCCATGTGGACGATACCCACAAGTTACGTAGCACACTCGGGCGTTAGCGAGCTCGGAACCCAGGCCAATCGCCGCTTTGCCCATATAGTCGACCTCGTATACAGGAAATGCCAGACCGCTAAGTTCCCGGGTGGTCGGCGCCTTCATCGCTAGTTGGCTAACCTGCCAGAACGGCATCTCGGAGCGGTGCCATTCAGATCATATGCTAAAGGGCCAGGATCGATCCTTCTTGTCCTTTAGTAATGTTTCGTACGGCCTGGTAGAAGGTCTGCCAGGCTGTATAGGCCATCCCGCTAAACGTAAGCAGGCGTGCTCACTTCTTACAGACCGTAAAAAATGCTCCCAGAACTAACTAGTTTCAAGCTATCTTAGCAGCCTTTTCCGTTCCGCGACCTTCTCCGCGGTTTAGGTGATACCAGTTGGACTTGCGTATGACCCTCGGTACCAGCGCGAGTTTGCTGATAGGCCGAGTCCCGAGGCGCGTGTTATGACGGGACTGGTCCTTAAGCCCGTAAGAGCGGTGTTTGGACTAGAAGGTATGAAGTTATTAACCCGGATATACGAAGTTACGCTCTATAGCTGAAATCTGAAACGCGAACCCGACGCCCGAGGACGATATTAGCCCGCCATGCTGCTATACCGGAATACTCTCCGCACTGATGTTTTCTCGGAGAGATTAACGTATGCACCCAGCCCGCCCGTTAACTGAACAGTGCCTAGCATATTTGCTCCTCAGACACGAGCTGCCGCCAGCCGGGGCCTGCTGCTCCAATGAATCCTGGTCTTACCAAGGGCGGCCAGGGCGTTAACGGAGACTAAGATCAGGTAGTCCGGGATATACTACCGTGCGCGATCTCGATGCTGTACGGATTTAAAATAACTAGACGGCGACAGTGTTGGCCGCTAGGTTAATGCGATTCTTTGCGGCGCTTGTTACAGTTCAACCGCCCTCTGTCGGACTAGGATCATGCTACTGGAACGCGCTCCTTCCGCAAGCGTATCGCATGAAGGCACATCTACTATTTACCAGTGCTGGAACCGACGGTTGTATCACTCCAGTCTATGCGCACCAGAGGACTAGGTCCGGGCTCCCTGAACCGGACAGCAGGCAAGGGTCGAAGAACGAGCTCCCCGCGCGAGTAACAGATCCGGTTTCTTACTTGCCTAACTCCTGGTCTGGGTGTTATTAGAAACTTGAGGCTGTTCTAAATCATTTGACATATACAATCTCGGCATATCAATTAAATAACCGGTGTCACTACCCAATTTTAAGCGCCACATTCCGGAATGTTGGCCTGATAAAGAAAACTAGAAGGGCGCTGTAGCCTGCTTAACAGTATTGGAAGCTTCGTTACCAGATTAAACTCCACACAGCACGCGAACTGGGGCGGATGGTATATGAATTAATAGTAGGACAGGTTGTATTCCTGAATCCGAGCTGAGAGCGGGCCCAGTAGATGCAACCTGTGCCGATGGGTTATTAGGCCAGCCCAAAACTCTAGGGTACGTGTGCGCATGGCAATTCCAATAACCTCCAGGCTCCCGTACTTGCCGCTTCGGGGTATTAAAGGCAACCGCATGCTGCCATTACCTCCGAATGTGGTCACTTGCCGGTCCAGATCATCCACACAGACTCCAGTACAGGGTAGCTATGAGTGTGAAGCCTCTACCCTAGATTCAC,1697,51.97,Escherichia coli
SEQ_626211,TCAGCACAGAGAAGATGCCGTCAGCACGTAACATCATAACAAAACTATCTCCCACTGTACTATGGCCTCCGGCACTAAGATTTTTAAGGCATGCATCTCTAGTTACCTCCAAAGGATTGCCGCGTCCCTATTCAGCAGGACACTCCATAAGTAGGCGTGTGGCGACTTTTTGTGCATCAGTTTGTACAGCCGGTACCACAGTGGCATTGATGGAGCGATCGTATAAAGTCTCGCGTATGCCGGTGAGGTCTCCTGTCTCGGGTATTGAAAAGATTATCCGTTCTGCACATATAATGACGTCTTATGCGGTTGGTGGGTAAGTCAAATGCGTAGAGTCTTCGGGGTTACAGTTGGTCTGGCGTCTGTCGCCAACACCAGGCTCTTTCCAGAAGGTTAACACTCGGCAGCGGCAAGTCGTGTTAGGGCATAGACCTCACGTGCACATGCAGTACACTCAGGGTACTTACCACCATGGGTTCAAGGGCGGGGCTACTTCATATATCCGGTGCATTTGTGCGTTCTGTCCGTAATAATCAGGTACAGTCAGGTGACGGTCCGTACCGGATTATTTGGTGACCCTGAGGAGGGTGTAGAGTTCATCACAGGGTAACATCCTATAGTAATTATGACCTTCCGAGATTCGCAAGCCACGAGAACAAGCGGGGTTTGGGACTAATTGCGTGAGCAGGTACTGGGGTTGTACCATTGCTTTGTAGGTCCCACTGAGGAAGAGTGATTTGCAGCTAAGTAGGAAACGGGGTGCAGGAGTATTGAGCAACGTGCCATCCTTTACGACAGTGGTAGGATCGTAGTATCTTAAAAGTACCTTTGAGGATATCCAGGCAGGTTATATAATAGTATCTCTATATCCGCACAGGTCATCCAACTATACTTGATAGTGACACATTCTAAGTAGATGCTCGCTGCCCGCTCTCGGAGAGGTTCCGCAATTCCTACTTGGTGCGTCCGAGGCATCAGTGCAACATATAGGTCATATCGGTTGGTCCCACCCATTGACTCACGTTTCGTGTTCCAGACCGCGGGTGGTCAGATCCGTAGATCGCATCCACGTACGGAATCCATCTGGTACTGCGAGATAAAAAATACTTCTTGTTATTGTGCAGACATTTTAATCCTACGTGTCAGGGGCAGCGTATGTACGTGTGACATGCGGACTACTTCCTCGTTCAGATGCTGGTATCCTCGAAGGCAAAACGTAAGATGATTGTGGACACTCCTCATCGGATAATGACCTTCCCGAAGAAGCCGCTATGAAGCGGGTTAGGTTGGCATGAGGTGGCTCT,1304,49.08,Caenorhabditis elegans
SEQ_631849,TGGTACGCCTCCTATCGTCTCCACCGTCATAGGGAGAGAATCTTTATGTAGGAGGTACCACGTGCCCGGAGCAAACCAGATGTAGAACGTCCATTCACGGTGTGATGCCTCCATAGATAAACCTTCGCGATCAGACGTCGCATGTCAACTACGTGTCCCCGGCCTTAAGGCCAGTGGTGGAGATAGTAGACCCAGCTGCCTGTGAGCCGGCGTCTAGGGTCCTGGCAGGACGTTTGCAGCCCGGTCCTAAGTGTATACTCAGACTGGCATATTGAGAATTAGGTAGCACTTGAGATTTCACAGCTGCAACCACGAGGCGTGTCAGAGTACTTAGTGCGCCAACTTCACATACCAATACTGGTGCTATTTACGAACGGTTCCACCTAATTAAAGCCCAGGGTACATCTTTTTGAACTGCGCCCCACTGTAACTGTTTTTTGTATCCCTACGAAGCGTTTCAGTTCATTCTACCATGGCAGTAACGTATAACCCAGCAGTCGGAGTTGCCAAAGGCACCCCTGCTAGGCCAGATATGGACTTGGCTTTGCGCATCCGTATAGTTATCTAGAATCGCGCCAAATCCGCTAATCACCGCAGGGCCACTACAAGGTCAGTTTTCTCGGCGGACTCTGGACGATAGTAATCGAATACGGTGACCACATTCGAAATCAAGGATTGCAACTTACTAGTCCGGAGGCCCGGGTGTTGAGTGGTACTTATCTGTACTCCAAAATTGGGAACGGCATCCCAGACCGAGGTCTGACTCCTACAATAGGGAGGGGCTCTAATGGTCTAAGGACGACAGATGACGTATCGATGGAGCGTTGGTAACGCACAAAGTATAGTCCATGGATCCGAGAGCATTAGATATGCAAGAGCAAAAATGGAACTGGGTATAGGGATAGAGTATTGACTTGGTCCAATGTCACAACCCTGAGTATAGTCAGCTTAGCTCACGGCGTCGCGCCTGGTAATGCACAAGGAGACTGTGCCGCGGTTCTACTGCCCAAGCTACCATGCCTTGGTGTAATGTCGACATGCCTCGACCTGCAGCAATTAATTATAGCGTTTACTGGCTGCTAGGTTGTATCCTGAAGACACAGAGATTGTGCCATACAACGTGCTGCGTGAGTAGCTATAAGCACTGTCGCACGGCACCGATCCTCAAAGTGAACGGTCAGGATGCTGATGTACGTTTAGCTACGGCGGTTCTCCCTCGTAATCGTACTGGGGGTGACAGGGGAGCACTCATCCGTCATCCTTAGAGCTACACGGCCGCCTGGTGCGAAGACTAAAACAAAAAATGTGCGATCGTACTTGTGACCGATGGAATCGTTGCACCGGATGGCAGTATCGAGTGCCACCAAAAAGTCTAATCAAGGACTACGGCACCGGGTGTCGCCAATAGAGTACTCTTACAATCGATGCGGCAAGGCATTGAGAGCAACTGTCTTAACCGCCTGCCCAGCGACGCAAGGTTCTGGCGGCGACCATATCCGACCGGCGAGTAGTTCAACGGGGGGGAGCACCTGGTTCTTTTTCGCAGGCGGGAAAAAGCTCGATTAGGCGTAATCTAGTTGGGCACGCACTTTTATTACCTA,1601,51.16,Homo sapiens
SEQ_235076,CTCTTCTGGTTGGCACACATGGGCCCGCGGACTATCGCATAATGCATGTTCAGCACTAGACCGAAAGTATAGTGACTGCCAGCGCAAATGGCATGGCTGATTCAGTCCTTTCTGGACAGGATTGTATCACAGGTTAACTTGTGGCTCAAATTCATCCAGATACCGAGCACTCCGTTACGCCCAAGTGCTTGGAATGATTAAGACATCAACA,211,48.34,Mus musculus
SEQ_425488,GCGGCTTCACCAGTAGAATTTTTCGGACGGCAGACATGCCCGTTCCCGTAGTGGTTGCCACCTAGCATTTCCAGTATAAACGAGGCTCCGTGGATTATCGGATCTAGATAACCTGTGGAAGTTGTCCGTACGCAGATCGTAGAGCCTAAGGGATCGCATCAAAGCCCTAGACCCGAAACCTAGGGCCCAGATTCTCATATTCCTTACACTGTAAGTCGTCTGCAGCCCGGGACCTCTTACATTGCGTTTCGACGGCGCCAAATGCAGGCATGGGGAAACCCTCGTGGATTGCTGATACCGTATCATCGCCGTATGAAAGCGAGTCAAGGTTTCGTATGCTGATACCTCTTAATGCGACAGCATTTTCCTCAGGAGAACCGATTCATACGACGTCGTATCACAAGATTTCTGTGAGAGAAATTACGACCTCGGTACCAGGCTGGTGCCTCACGGTTTCGTCATCAAGCCTGGCCTACCGTAGGCGTTTGCGCTTCCGTAGTCTTGAGCACTAGACCTAGACGGCGTATTGAATCTGCGCCGATCTGCCATACCTTGCACA,559,51.7,Escherichia coli
SEQ_470186,CCCTACAACAAGCAGCTAACATTGGACTAAATACTCTTCGAAGCCTTACATAGAACGTCTGCCGTATTGATAGGATTATACAGACACGAGAGATCCCTCGAGCCCTGGGATGAATCGTCTGACTCAGTATTACGTAATGCAGATTTTACCGGATGTGTTCAGTCTCCAGGTGTGATATCAACTGGGTCTATAGGCAAAGTGTGGGCATTCCAGTCAGGACTGTCCTCAGGACTGCTGCCGGCAGTCCTATGTGCTATTAAGCCATTGCTCTAGCTCAAAGGAGCCAACATTGGAATGTGTCCAATTGGCGTTACACCCCAATCGGTGCGCTCCGCTCAGCTGATAATCAAAAGTTTTCGTCCCGAGCTATCAACGATCAGAGCTTCCGCGTAACCTAGGACCGGCTGCGGCGAAGGACGTATAGTACAATGGGGCGTCTGTCCTGTTCAGAGTTCTTGCTGCCGGGCACATATGGTGCAAGAACCATGTTATGACTGTCGTCGACATAGGCGATCTGATTTTAGTCAGAAGACCAGACAAATTACTGCGATATGACTACATATGCTTCACGGAACCAATCATAAAGGGACGTGGACGTGAGCATTGTGGCGGACTCCCCGCGAGGGCTCGAATTTTACCAATTGATCCGTCAGTGGTACTCGTCTAAGGGATGCATTCCTTTTTTCGCAAATGTTTACCTACCACCCACTAGATAGGTAGGACGCCCAGAGTACGCCGAAAATAGCTACCAAATGCGCCAGTTACCGCCGGGCTGTGACTGCCCATTTGCTTAGTAGACGATGAGGATACTCCGCAGTCTCCCGTCAGCCAGGTCATGATGGTGAGAACAGGACCAGAGCTGAGAGGGATGTATAGAGAATAAACGCCAACAGAACCTTCATGACATGTCGGGGTACCCTTCCTACAAGACATTCCGCGGAAACCCTCACATCCCCCCCAGGGATGGTGCGGAAGTTGCCTGCATCACTCCTCGCTCTAATTCAGACAGCCTCCTGACTGACGGGGAGACTAGCACAGGCAACGTTATAGAGCCACTAAGCTAAATATCGTTTGTCGATTCGGCGCGGATGCGGATATGTCCAGTGAAGGACGTCGCGCTCCGCTGTCTGATCTGTTCATTGGGACGCAGTGGATCAAGTAGAAATAGTTCGTCCTAGCAGGAACAAGATCGACCTGCGGAAATGGCTCCAGAGAGGTAAGTCAACAGAATCTTCGTGCCTGGGCGTGCCGCCTCATAGAACGAACCTCTAGCGCGTTGGGAAAACAATAATTAAGGTTGATCGTCCTGCATAGAGCACAATATTATAT,1329,50.19,Saccharomyces cerevisiae
SEQ_367246,ACTTCGGCTGCTCGCCACGCTGGTGGGGTAACATCGGTCCGAGTAGCCCCTGGGTCGGGTATGAACGGTCAGTCCATTGGTGGTGGGCCTAGCCGCCTTACCCACGTGGATCCGACGATGGTTCGGGCCTCAAAATTATTGCGTGTCCTGGAGGTGTACGCACATGATTATACGCCACGTTGATGCGCACGTCCACCCATAGTTTCCAGGACCTCCTCTTGAGACTCGTAAACAGGTTCAGTGTTCTGGGCCACGTCAGAGGTAGTCTTATGTGTTGGACCGGCATCTTGCTACTCCGTGTGGGGGAATTATAACGACCTGCTCACCATCAGTCGTATTGCTAGTTGACAACTTAACCCCTGTAGCCCCTACACCAAGCGAGTGCGAAGTAGCTGCCCTTAGAGACATTATCCTTGTGACGCCACAAAAGAGACGGACCACGCCTTGAGCAATTGAGGCCTCGACAACAGCTCAAGGATTCCAGCTTACCCTACGGTCGGGATGTTAAGATCAATACACTGATGCTCTTCCGAGGGAACCCTACACGGAAATAATGCCAGGGCTGGTTCGGTTTTACATATTCGTCAATCGAACCATGTCTCGGAATTTACTTGTAATAACGTCGATCGCTAGTTAACGACATTAAGTGCCAGCCGCTTCAGTGTAACCGGCTCAATATTTAAATTGGCCCGTCCTCCACCGACGTCCCAATGAGTCCTCTCAAGATTCTGTACCAACTCCAAGAAACACGAAGTGGGTGTCTTGGCTTCCGAGTTAGTCGAGCGGAGGAAATACCTTAAGCTAGTGGCTCAGCTTCCTCGGCCTCGACGATTCTGCGAAGTATCCTATGACCGTAAGGTAGTTCGTAAGCAACAGAGATCAGAGGGCTCATCTTGTCGACCCGGGTTATCATAGTAGTCAAGTTGTATATTCGTGACGTGCGTTGCATCTGAAGAAGTATCAACCTCCTTCTGCTGAAGTGGTCTTTATTAAAGTATGTCCCGAGGGCTTCAATTAAACATTGCGTGTTCTTCACATAATGGACTACCACCGGAATGATGAGCGGACACATAGCCCGTTCTCCCTGAGACGGTATATACTCTATCCCATTATCAGGGATATTTTAAGCCTATGGTGTGGGCGTGTTTCCTCGTACTTATGCATGCGATGACTCGAAGGGATCTGAGCCCGAGGGCAATCGAACGCGCAGCCCTACCACTGTACAAAGACAGCTCAGTGTTGGCAAAACCAAACAGGAATATAGTTCAGGTTAGAGGTGGGAGTAACGTTGAGCTAGTCGGCACCAGTGCTTTTTCAATTAACCACATCTACAGGTCCGTCCCTCAGCCTTGTACTATAAGGGACTACACGGGTTTCAAGGAAGCAATAACGAATGCGCCCGACAGCGTCTGCAAAAGTATATACACGAAGCGGGTCTTGTTAGAATTAAGAAGGCAACCTACGTTCTCTGTGACCGATAGAAAGAGGGTTGTTGGATACCATAGGAGCGTCGTATTGACGGCGGTGAGATGCTCCACCTTCATTTCGGTCATCAAGTAGGGAACTACAGGGAGCTGAGTCGCTCCCCTCTAACGTTTATCTCAGAGTCTGGTGCGGGAGGGTGTCATCCTCCACACTAAAAAAACGACCTAGGTTGATCAGCTGCCTCGCGGGGTACTTTCGATCTGCCATGTCTATTAAAGTAAACCGAGCGCAACATGGCACAAATGTGCGGGTTGGGAGGTACGTGCTTCTATGGCCTTAGGCACGGCAAGAGGACGTCTCCTTCCCTA,1793,50.25,Caenorhabditis elegans
SEQ_526338,AGCCCACTCTGAGCTTAAGGCGTCTTATAACCTCGGGAGCAAATTACCCGCTTAACTTAGATCCCTAACGCATAGAAGAATTTTAACAGATGCAGACCGTATCAGAGAAAACATTGAACGTCAAGGAGCACCACCTTTTCAAAGACAATATTAAGACCACACATCAACTGTCTTGCCAGCGAAGCGGTCGTTCCATTAGAGTTCAAGTACCGTTTGTGAATATGATGAGCACGTGCAAGGTCCGCGTACCCTCGTCCTATGTTTCGGAGAACCAGCGGCCAGGGTATAGTCCCTAATGGGAGAGAATATTGCACTCAATATAGCAGCATCCCAGCCACAAACATGGACCGACCAGGCTGCCCCCGTATCACTGGTGCGGTTGACACTTAGAATATCCTAGGGAAACGGTGGTAGCGTATTATATGATGAGTTTGCATGGATAAATAAGGAAAGTTGCTGTTCAGATCTTACCCAATATCGCCCTTTGGACGCTAGTGTCATCGTGTACGTTTGAAGACCCCTAGAACACACAAAATAAAAATAGAAGGCTCCACCGGCTAAACTGAGGATTAAGAACTGCACCCGTTCTCTAGTACAGACGTTCGTCCAGCGCTGTCGGGGGTTGAGGCGCCTGCATTATAGGCGTGAGGGCTCCACATGGAAAAGCCCCCCTAACACTTGCCCGAAATCTTTTGATCCTAGAGGCTCTTTAGACGACGAGTCTGTCGTAAGGGGGACCTTGGAGGTCATTATAAGCCCTAATGCGGACAACTCTCTCATAGATACCGTAGCTATGTGCCAGATGTCAGCCCCTATTCTTAGCCTGTCCTTTTCTATGCAGTCAGCAGTCTGCAGGCTTCGATCATATTCTATGTGGTACGCGGCGGGCGTCTACAGTGGATCGGCATGCCAATCGGACCTCAGTTGGGAGCAGACGCGTCTTTGGTAAGTTCATCACTAACTGAGTTCATGGGCGTCATGCCTAAATCTTCGTGTAAATGTCCAAGTCCTGGACTTCCTCACGTAACTCTGAATAATCGCCCCACTGAGCGATAGAGGGAGGATGGGCCGCCGGACGGACGAAGGCGAGCCTGAAGATCAACCAGGGTTAGGGACTTCATGTTGGCTCCAACCGTTTGCTTGCTACAATCCGTCTGCGATAAGGTAGTGCTAAGCCGCTCAAAGTATTGATCCCTCCAATCGCGTGCGCCCTCTGCCCGTCTCTAAGAGACCAAGCAACTTGAGACTGGCAATAGGCCATTATAACCGCATCAATACAGCAAACTATTCTGCCTTGTGTAATAACCTGAGTGAGTCTCGCTCTGAGGGTCCAAGGAGCGACGGGCCGAATGTTAGGATAGCCACATAGGATCCCTCAATCAGACGTTCGCGAAGGTGCGAACGGAGTCAACGCATTGATTGTCGTACGGGATTACAAAAGATGTATTACAATGTGATACGAACGGCACGCCGAGGCGTGGGGGGATACCTAGTAGAGTGCCAAACGTTGCGGTACCAAAGATAGTTATTCGAGGTTACCACGAGAGTCTCAATAGCCGCAAGCGGAAAGATGTCATCAAAGTCAACCCACGAGCCTGTATAGGCTTCTGGCGAGCCGGGCCAAGGTACCTTAGAGGTCCGCGACGCGGGGTCCAGCTCACATCTTGCTAAACATTGCCAATACGCCGTTTATTTCGATAGGATATCGTCGAGAAAATATAATGGCGGG,1729,49.86,Drosophila melanogaster
SEQ_711464,ACCTATAGACTTACGCCGTAGGGAGCAACAGCGAAATACGTGAACTGCAAGCATCGTCGCAGTGTGTGATACGACCCTGCCCCAGCGTGGCTTAGGTTTCAGAGTAATACTTGAGCTGAAGAACCGGTCTATAAAGTGGCTTCACACAAGAGGCTCCTACGAAAAGGTTCTATTCGAGGGTGGCAAACCCCGGGACGCTCCAGAAAGCGGCCATGAAGCTCGCCCGGCACATGTTTGGATCTTCGTACGCCGCGAACACTAGCATTCCCGGCTCCAATGATGCGAGCTACTAGGTGTACTTGCTTCTTTCGGCCTTTGACTGGTTTGGGTGAGCAGTTAACACATCTACATCCACAGGGCGAGAGGAGACACGCACTCAATCAGTAAATTATTACGGTGTAGCGTTCGCAGTAATTAACGGCCACATTGATCGCACGAGAGTTCACCCCAGGCACCTATCACTAATTACCGTTGTCAGTGGGAAGACTCCTACAAAGACTCCAGCCAGGGATATCTCATCAACAAAGCAACGTTCTGTGGTTAGGCTGTGGCAGGGGGATAGGGTGCCGTATTTCCGTGGTACTTATGAGTGGTGGCGCAAGTATCACACTTTTTATTAAACCCGGGGACGGCTGCGTATTCGCGCGCTCATATCCGGAAGTTTGTTCGAAAGAGCTAACTTTTCCCACGGACAACTCTCTAAGGCCGACACAGCTTGTAGCCGCACCTTATAGAAAGGTATCGAAAGCACTAGCGGGAAAGGAGCAGGCACAGCTCAATTCCGCACGACGTCGTTGTCAGGGAGGTGAAACGATACTACTCCAGATTTTGTAACCAGATTGAACATCGATCGGGTCACTCCCCATGTGACCCTCCCTTCGGGGTCTTATACGACGACAGGAATCCCCGTCAATTTAGGTTGAGACACGCCCATGCTGTTACGTTACCCGGAGGATGGTTTCCTTACAGCGTTGGGGGGGATTCACACCGAAAGGTTGCAGGGGGACTGAACCTTTGCGAGGACAATTTCGCAGAATGAGGGGTCTTTTTGTGGAGATAGGAGGCCGCGACTCATGATAAGCGCTATTGGGCATGAAAACGACATGACACCGTAACTAGTACCTGCGATAAAATCATTATCTCTCCTTGCGATAGATATCTGTGACGTTCTTTGTTTGGACGTAAACATGCTAGCGAGTTATGACAGCGACTCTCTCTACCGTTTTTGGATATGCTGAAACCGTTAGTAGTCTGAGGCTGGGAGAGGAAACCTGCCTCTCTACGGAATGTCTGTTTGGGCTCATGTTCGGCAACGGGTTATCGAAAGTTGTTTCGCCTAACCGTATAGGCCCTTCCGTGTTTGGCCAGTCGGCGGTTCCAGTTGGCGACAAGTCTCGATAGATGCGTGTTACTAATAGGAACTTTCTGTTAGTCGCAAGCAGCAATACATAGGTGATGTCTCCACAATTGAGAGTGTCCAAGTATGTTCATTGGGCCTGGTTCAAACTATTTTTGCGCGTTCAAAATTACACTCGGTCGAACGTGTATTACCTACTACGTATAAGTCCTCTCCCCATGAACATAGCCCGATATTGGTGATGAGGGGGAACGATGACTGGGCAGGCCTTTAGTTCGGCTTATTAT,1644,49.76,Mus musculus
SEQ_119490,TACTACCTACTTTGCGGCCGATAATGGCTGACCTGAGCTCACCACCAAGTCACAATACCAGGTTTAACAGAACGGTGCTCGTAAGATTCTGATAGGAATCAGTGACTGTTCGTTATGCAGACGAACGCTATACCGGGGGGCCTATTGCTGGATGAAATGTTTCGTATACATCTTGGCGAAGGTTCTATGTCCACCGCAGAGGTTAGAAGGGGACTACGTATGTCTACGAGCATTTATGTAGCACTTTGAACAACCTGTGGCCAATCTCTAGTAGAGTGTCGTTCTGTGGGAGTACAACCAGTACACAGTAAGAGGCTTTATATTACCATGTGCTGTGGCGACGAACATATGCGACAGCTTCCATTCCGGTCGTTATATCACCGGCCGAGGTTTCTATGTGAGAGCGCAAGTCGGAATACTAGTCGTGCAGCCTAAACGGCTATGTGGGCCCCTAATCGCAGCAGTCGACGGTCAAGACGGAACTTGTTGGGTTGGTCTAATCGCACTGAGCGAGCACATGCAGACTCAGATACGGACCGGGTCGAATCGTGAAGCTATCGTCAGGAACCGTACAGGCGCTGCATTAACAGTCAGTTACACCTCTCGTGCGCGATATAACAGGCATTCTCTTTTTAGATAGTCGCAGGAAGTCCGGACAGGTAGCTCTTGCAGTCGAATATTTAGATCGCGCGTTATTAGGGCGGGTCTGGCAAAAGTAACCTTTTGAATCATCGAAGGCGTGATCCATAACCATCGACTTGTAAAAACCAGGGCACTGAACCCCAACTCTGATCAGGCCAACATAGTCGTCAGGGCTGTTCGATGCTAAAAGTACTGCTGCGTTACAGTCCCTGCAACACGTACATTTACGACCAACGATGATTCCAAGACTTCCGCACCAGTACCTTGATCGGGACCAACGATCCTGCATGCTTGGCGCGCCTATAACTGAACGATGATATACATGACACTAGATTTGTAGCCTTCCATTCTCATAGTTAGCTGCTCGAAAGGCGGAGGTTTCGTCTTAGATCTCCAAACCTCGAGCTGTTGTCGGGAATGGTTCTAACCAGACGGTCCCAATTCTTGAAATGGCTTCAGGGGTCCAGACAAGACACACATCATCGGGGGTCGCCAGTGATGTTCTAGCGCTGTCCGTTGATGCAATTCCGATGGCGAATTTATCGGGTGAAAGACGGGGAAAGCTGTTCTTAGAACGACAGTCGAACGATTTGTTGTTTCCCCGAGGAATCGAAACTTGGATTCTGCCACGAGCGAATTAAGAGGAAACAACGACGAGTCGGTGGTTCGGGTAGACCCCTATCGGCGCTAATCCCCAAATGCGTCGACTCTTACTACTGTATTACCGTGTAGCTGTAGAAATGGACCTCAGATTGATCTTGCCGCAACGGATGCTTTCCTGTCAACCCTAATGCTCTGTCGGTTCTGCGCAACCCCCTGTATGGTGGCAATCAGATGGGGAGCACACGCATATCGAGAATTGGGACACATAAATTGTAGTCTCGTTCCCGGGACTCCCCGTAACTGCCGAAGCTAGTTTCACTCCGGCTTGGCGCAACCCGGAACCATTCCGTAAGCCACCCCGCAGGAATGCGATTGGCCCTGCCGTCATGCACACCCACCACCGGGACGTTGAAGGGCCGCGTTAGTTTGCTGACTACGGTACGCCGCCGCTTCAAGACCACTTAGCTGACGCCGTTGACCCGACCTTACCCCCAAATGAAGTATCTGTCATACGCGGTGGACCACTTTAACCGAGTTGAGTTACCGACCCAGTGTTATTACTAGGCGTCAAGTTGATTCC,1825,50.68,Mus musculus
SEQ_521534,CGGATCTGTTATGGAAGCCCGTGCCGGGCCCTTTGACTCAACCGGCAAGTTAGGACACTCACAATCAATCGAACAAGCCATTCCCCTCTCGCCTCGTCATTTCATAGTTTCTCAGTTAGCTTGGCCTTACTGTTAATCCGCCATGGCAACCCATGGGATAAAGGCCCCGGGACCTCTCTTGTCTTCGGCAATCGTAAGCCGACCCGGAGCATATCCCACATATGCCGAGAACAAGACCTGAACACGTCTTTATACATAAGTGTACGCGAGTGTCGAGAGAGCTAGAGTACCACCCCAATCTAAACCGATTTTGTTGAAAATGCGTCGATCGCTGAAGTTTGGGCACCATTCGTGGAGTTCGAGACCCAGCGTTGTTGGCAGTCTCGCTAAGGGTCGCACCCAGACACCAGTCCTATAAAATAGGCACAGAATTGAACCAAGGAAGTGCATTATTCTGTATAACAACCGACTCCGATGTACCCAGTCACTGCTCCCATATTCCTAAAAGGTGATGGGGCTTTAGCATTTGATGTGTACGCGATTAGCATGTCTCACCTAGAATCCCACCAGGCCAAAAACGGCTAGGATCGACTGTTGGACTCGACCTGTACTGTAGTCGGTGGCCAGGTTTACTGAGCTTGGTGCCCGGGATTAGACCAGGTACGGTTAAAAGGATGACCCGAGTGTCCGGGAGGTTTCGTCTCCCCACTGGCCACGAGCACCTTCAGGTCGCATGCCGCGCTTAGCTCGAAACGAGCGGTGGTGACTTCATCCGGATAACGGGGGTGCGGTTGTGGGCGATTTGCCTTCGAAGCGCAGCAGTACCTGTTAGGGGTCATTACCTCACACTTGTAGGACTTTAAAAATGGCAGTTCTTGGCCTCGCAAGAAAGTCGCGTCTAGCTAAGTTGTTCGATCGAATGATCTATGGTGCGAAGGACCCAAGTCATATCACGGGAGTAGAGGCTCCAGTAGTGTTGTGGTAAAAGATATACTAATTGCTGGATGCTCTCGAGCAGTGTGTGGCCTAGGCCAAGTGTTCCGAGGTATATGGAATGCGCAGGTCAGGTTTCACTAGTCAGCATGCTTACTGTCCGCAGCATTGTAATACGGCAGTACGTCTTCTGTATATCGAGACTATGTTTTAACTGAACCCACAACCTGTGGTCCTCACCCCTTGCTGACTGGTAAATAGTGTATATCACGGGGATATAGACCGAAAAATCCAACTCCCCACGTTATTAGTGCGCCTCCGTTGGCAGGAGTCCGGGGGATATATAATTCGTCGCTCACAACACGACCCGCAACCGATGGAGTGTATATGAAGGGTGATTATGCCCGTTGCGCTACGCACAGTCGGGACGTAAGAGGATTATTGTTAGTTGCGTCCGGGATATGTAGTTAGAGCGCGCAGTTAATCATACCGCGAAGGGCAGTTTGTATCTGGCGGTGGAGGGATATTAGGACGGTTGTTCCCGTTGAAACAAGCCTGTGTCATACGGCACCTAAACAGATAAGACGGACGGACCTTCATTGCTGCTCTACGTTGGGGATTGCAGGTGTTGTTCCACGGATTGAACGGATACCTCAGCGTCCTATAAGGCCCATGCGGGCACAAGCTGCCCATATAAGTATTTGCTGCCACAGAAAAAGCAACCAGGTTTCTACGAGCGTCCGTCCTTGCGGAGCAAGGTCTTATGAGTTACTTACCTGGGTACTCCTTCTGGAAATTGGGTTTTTAATTAGGGATGGTTTGTGAAAACAGGCCGTGCGCGCTTAATCGCCGGCAAGGAGGCTTGCAACGGCTAATGCCGACGCCCGTGGAACCGTCTTCGTGTGTCATTTGGATAAGCGTCGCCATTCAAATAGCCCTTAGAGTGACCCCGCATTACAACCACACAACTCGACAAATGAGTATCC,1919,50.81,Escherichia coli
SEQ_276430,CGGTTACGCTCCAGTGGCCGTCGCACCTCCGTTTGAACATGCCTTACTAGCGCTCCGCCCGATACAATTTGTAGGATACTCGACTATGGGTTAAAGATTCGTGAGGACTCGAGGTAGTTTGTTCAAGCTACTAAGATTAGTGCGCGCATCTAAGTGTCGCGTTGCGTCGATCAGAACTGCGTGTGTCACGCGATGACGGTCCCCTCAAGAGATTTGGAGCTTTTAGCTACGTGAGTCAGGCAGATCAGACGTGCATCTAGGTGCAAACTCAAGAAAGACCATCAATAAAATCAATCGGTAGGCCGATTTTCCGTAATACGGTATCCACACCTCCCATCCTTTTGTTCCTCGTTACACCTCTGATACCGTCACCCGAGATACTGAAATGATGCCTGTGAGGACCGGCATCCATATGCGGACTAACCTCAAACACCAAAAGTAGATGAATATCAAGGACGCGTTGATCGAACGGTTCGATAAATATTTCTGACTGGGTCCCCTATTGGACGAAGCATGTAGCGTAAGAAAATCATGCACGAAAATAACCCCTGAAACCCTCTTTCTCTATTAAATTAGATCGGCCGTGGTATTATTTGGCCTACTAAGGAGCACTTAGGCCATTCGTCGCTACTCCTACAGGCTTTCTCCGCAAACTTCGGGACCAAATAGTGGCTCACCCGCACGACAGAAGAATGGCATCATAGGTGTTTGGGCTGCGCGATAAAACCCACGACGCGGGATAATCGGGGTAAACAGGTTCGGGATCGTTTTGGACTATCCTCCAGGCGATCGATGCATAGTGATTCTCGCTAAGGCCCGGACCTCGAGGTCCAATCAAACCCTCTACCGCCTCGGGTGGTCTCTCACAACGCGTCCCAAAAGCGGATTCCTTCAAGCGCGCTAAAGTGATCCGACTTAAATGGCGATGACCGCTTAACGGGCTTTATGGTTATCCGCGTGTGTCGTATCGAGTTAAGGATACAAACTTCAAGCCCACTAGCGTCGCCTGCCCGCTATGTCCATTCCAGTACTCCAGAATCACCTGGTAAGCGCGATCGTTCTTCTCTACATGGGAGCGGCGGTACCT,1087,50.14,Mus musculus
SEQ_235243,TCTATTGATGGACATATAAAGGAAGTGTCTGTGAAACACCGTAGTGGAATGCAATACCAAGTGCATCCGATAGATCTGTAAGCTCTGTAACATGTGTGAACTCTCCTCAATTTAATGCTCCAATAGGCAGGGATGACCATCGCTGCATGCCAGCAGAGCTATCACCCACTTCTAAGGGGCGCCGAGTCTTTGTTTGACCCTAACGGCTCTCGATTTCCTCACAAAGCTCTCAGAAATAACATTTATTGAAGATGGTCTCGATCTTCGGCGGTCGCTCACGGTCAGTCTACGCCCGTAATTTTGCCTCTACAAACCCTAGTAACGCTGTCCACGGCTGTCTCCTGCATCTGTCCATCGCCCGTATATTGGGAAACACATTTCAATATCATCATGCCGTCATACGCGCGTCGGTGTGATTGATACCAAAACAACCGTTAACCATCGGTTCTCTCAGCAGCAGTAAACCCCTAAGCGTCGTCCCGAAGCAAGGAACCTTTTCGTTGTGTGATCCATTCAAAGGCAACTAAGATCAGGCAACTACTTGCTCACCGAACTACCGGAATGCCCTCGCGTGCGCGTTATACGCTAAAGACAGCGCACCGAGTGGGTCTTGCGCTCAATGGTACGCCCAGGCCCACGCTAGCGGCCTGCTTGGAGTATCCCCTTCATTAGTAACGCTGCGTCTCTCTTGGTGTCTGATAGAACCATACACATAAATCGCCCCAAAACCTTAGAAAAGGTCCTGTTCATAAGCGAGGAATCCGGCGGACATAACCCTCTGCGTAAGGATTGTAGATACCTATAATAGCTATGCTACCTAGTTGTTAACGAATATCCCCCGCGTGGAGATTCCGAAAGTGCCAACGTGACGAGTTTGAGTACTAGCGTGACGTGGAGAACATCCGATAGTACACTGTGAATTTCGTCTAAATACTCTAAAATTCGGATAGTCACAAGGTGGGGATCAATGAAGCCACTGACATGGACATTTCGTTCAGGATTACAACTGTCATGTCTGAGCGATATGCGTAGGCCACGGTCAAGTGCTTACGTAATTACGAATAAAGGCGGTCGCTATGCACGCAACTTATTTATCAGTTACCCTACCTAACCTCAAGGACCATGTTTAAACCGATGTTATGGCTTCTGACGCCAATATTCTTTCACAAATACGTCATTTGTCATACCTAACCACACAGAACACCAGACCAGATCACATGGGCAAATAATCCTATGCAAGATGTTCCAAGCGGGCCTCACGCCAGTTCTGAGTTCTCCACTCCTCTCGCAGTTCACAGCAGGGGCAGTTTCGCAGGCGTAAACGATTCAGACTGGATTGTTATCATGGCTCGGAACAAATGTCTAAATTTAGATGAGAACTAGATCAAATTCGGAAGTAACTTTGTTGTATGGGCCTCAGAGGGCAGGAGAAAGCCCGCGCGGTAACCCGTGATGACCATCATGCGTATTCACCCCGAGAAGGCATACTATATACGCTTAGACTGCATGTTCTAAGTAGTCTAGTAATGTAA,1532,47.32,Drosophila melanogaster
SEQ_440581,TTCCCGTCAACGCAGGATTGAAGCGCCAATAGACTTAAACTCGACTTCTTTATCGTGCTAGTTATCAATGTTCGGGGCGCCATCTGTGCAAAAAAGCGAACGGTTTGAAACCTCCGCCTATGTGTCTAGCCTTCGAACGGCTGGTACCGCTTAGCAGAGAATGCATAGGGCGCGAGCATTTGATCAACATTACGCTGATGCTTGATAGTTCTATAGGAAGTCTCTCCCAATAAAGAATAATATAGAAATGTACTCAACTCCGCTTTTCGAGTAATAATTGGCACTATTGGGTCGGCGTTACTTGAGCGGACCTCAACGCGGGCAATCTGGGGTAAAACAGCTGATCTCCCATACGTCTCGATTGGTGAATACATTTGCGCAAGGACTTAGCGTGCGGTCTGGGGTCGAGTTAACGATGTCCGTATCTTACCATCCACCAATCAGTGGTCCGTCTGCGTCGGTACAGATGGAGTCTACGCACGTACTTCTCGTAGCCGACGAATTTGGTGTTTAGTCGGTGGTCTGTCTAGGCCGTGGTTATAACTCGCTGAATTACATCGAACGCTAACCATACAATTCGTGACTTCGTCACCTGCTATCGGTCAGATCCTCTTAACACTGCGCTTGGTTTACCTAAGAGCGGTTGCACGTGGAAGCACCTGGCTCATGACGCTTTGTTCACAGCTAGATGCATTTAAGAGCGTTGCTGCCGACTCCTGTCACCTCGGCCGACAAAAATCACGTGACATAACCTTAACTTCGCCGGCGTAAGGACAACTGCTATTTACCACCGTTACATCACCACGTCTATACACGATTTACAGCACGTCTTAGAGTGGGGCCCTCCCCAGAACAATGCAGTTCGACCCTAGTGTTCTAAGCCCTCCTTCATTGGTTTTCTCTTTGAGCAAAAAGGTGTGGTACCTGAGTAGGGAGCTGATACTCTTAGACAAACGACATGTAC,964,48.44,Mus musculus
SEQ_960479,GACAACACTCGTGAGCTCTCAAAGGCAAGTTAGACGTAGAGCCTGATTAGCAACAAAATTCAATGGGTGGACTCTTATGGGAGACCTTGGAGCACGTTTAGCTTGGGTCGTGAATGTTGCGCCTTGCAAGTGCGTTGCTGGGGTTCTACTGTGTCTCACAGTACCTCCCTTACGCGGAAATCAATCCTCTTTCACTCCAGAACGTAGCGAGTACAAAAACCGAACCCGATCATCTAGACTATTGCAGTAGAATCGGGATCATCGGGATTGTTTTTTCCTACACTCGGCCTTAGAGAGCCCAAGAACTTCACTTAGTATTAGACCTAGCCGGCGGCCGACAAAGTCGCAGATCACATATACGGCGAGAGGAGATTGCCCATCAGATACCCGACCGAGTAATGATGGTTACACCAAGACACCTCTCGCTCTTGCACCATGGTTCAGTAGATCTCATTGGAGGGTCGTGGCCTGATCAATGAAAGTGGTCTCGAATTACTCATCGGATACTGGGTAGATACAAAGGCTACTTGCAGACAGACGTCTTGACGATGGGGGTTCTCCACCGCGCCGGATGTTTCATTCGCTACAGCAATCATTAGGCGCTGCCCTTGATCGCTTGCTGCATCCTCAGGCAGCGTACCGCATTCGCCGCCGACATCAAACTCGCAAACAGGTCGACCGACTTGAACATTCGAATGAATAAAACGTCATCCCGTTTCACATCTGTAAGGTAAACTTTGATTGGCGAGTAGATCAGGACTTGCACTCAGCACTAATAAAATCCAATCTCAGAATATCAACCGTATGCACTGCCGTTTCTCACGTAAGCGACTAGGCTGCACTAAATAAATGCGTAATGGAAACAATTAGGTCTCGCACAACCCTGGAATGTGCATGTTTCGTGGGAACTGTACTCGTAGTCATGCACCCTATGGGTGCCGGATCAGGGCTCAACAACGGTTAGCGCACCTAAGCGCCTAATCGTAGAACTCAAGGGACCAAGAATCGGAGGGTACTATGGGGCCTACTTATCCAAACTTGAACTCGGCGCAACTATTCATTAGGTCTAGCGACAACATACTGCGGTAGTTCCTGCTCGCGTGTTAACTGTTGCTTGCCCGGTTCGTGTAGCCCAAAGGCGGTTCATTCAGACGCATCTGCAGTGCACGTGTCGCGGCACATGGCTGGACTTCGGAGAGTGAGTCCGTTCTCACATGGTAGCAAGATGGCAGGCCTGCGTCAATGCAACTGCGAGTGCCATTTCTCATAGCAAATAAGCCGGAAATGCGCTCACTACCACTCTCACGGTTGGATACGCCCTTCGGGTCCGAACAGCGGCGACTAATTGTCGGTCGGATTCTATTTAGTCAAACCGCACACGAGTGCAACATGCGGGCTGTGTTTGGCGTCGTTTAACTGTCATCTAGCGCCCTTGCCCCCGACAGGCCGTATTCCTGCTCTTGGAGATCTGCTATAAGTCAATCCATGAGGCCGGGCCTCGAGGTGTATCCCGCATCCTTAATATTGAGGTGGGCTATTGTCTAGTAACGACTGTCAGGTATGTTCCATACGACGCACAAGCATTTCAAGCGTAAGAAGGAGAGATGTTTCACACTCTACGTAAGAACATAACTCACAGGTTCGCGTCGGAGAGCACGACGACGCATAAAGCATTCAAATGGCGGCGCTACTAAAAGCAGAGGTTGTTCGCGCAACCGCACCGATCTTTGACGCCGGAGACCAGGCCAAAGCTTCATCGCAGTGGTTCCGTGAATGGAAACTCCAGGGCTGCACAGCTCCGGACGCGAGAACTCATGGCTATGAAGCGACGTACGAAAATTACATAGTCTAACCCCCACCCTTCTTACTTAATCAGACGCCTGACAGCGTAGAGCCGTAACTTCTCCTTCGCTCTAACATGTGT,1924,50.62,Saccharomyces cerevisiae
SEQ_398826,AGACGTCTAATCAAAGGGGTATGACAAAGGTAGCACATAATCAACAACTAATTTGGGTGGCACTACGGTAATACTTTCTACCTCGCAGCCCAAACGAATTCCTAGCTTTTAGGATTTATGATCCTTGTGCTGCCCTCCCTTTCTCTTCGTTTATGTTACGTGGGGGTTGTAGGCGAGGAAGTCCTACGTACTCAAGATACGATAAATAATAGCCGGTTAGATGTCGCCGTTTCATACACCCTTTGCACAAGGCGGAAGTGTTTTCGCATCTGCAGGGGGATCACCTCGGCTGCCAACTGAAAAAGTGCCCGATTCAATCGAACCAGCCCACAGCACAGAATTACGTTGTTTGATTGATGATTATGCCCACGGTTTGACGCGTGAATGTAGGTTTGCCGGTGTTAAGTTAGGTCAACGTAGTCAAGACAATTGGAAGTTCTGGTTGTCCCGCCGGCAAGGATCAAGGCCTGGGCATGACCCATCAAATGGTGCACCGTGCCAGCGGCCTGGTGCCATTTGCTCTCCGACTTATAGGCTTGTTGAAGATAAATGCTACTTCAGTGAGAACCACCCTACCAGCATACACTACCCACGTACTCAGTGAAGTAACCCGATACTCCGACATCGCCCTCGTGGAGAACGGCCTGCGTCACGCTTAGAGCTTAGTTCAGTAATACTAAGTTCATATCGTCTAGCCGGTGATCGGTCATGCCAGTCTAGTGTATACAGTTTCATTCCTGTTTGTAATTGCTCTTATTGGTGTAAATGGCGCATACTGAAAAGCTATGCGCCGGTCACTACAGGCGTAAAAAAGTTCGCTAAAAATCCCCATTGCCCTTTTCCGATTAACGTCGATGAAACCAAACTCTTCCGACATATCAGAGCGCTTGGAGTTGCACGAGGTTACCCGATACCAACTAAGAGACCGGGTTATCTGGCCAAGCTGTTAGCCTAAGTCGACCATCGGTTCCTAGGTATGTGATATGGCGCATTGCGACCAGGCGAACTGTAATGACCATCATAGACGAGGCCATACCGACGGGAGGAAATGACATAGTAGCAATGGATCACAACTCGTCCGCGAGGTGACGTCAGCCAGTAAACTCGCGAGAGGTACCAATGCGGCGTTGATGCCACCCCCGCGGGCACGCTAGTGCCGACCGGTATAGTCGATCCACCTGAATCAGGTGAGCAGTTCACGGAGAAAGCTTTGCTATAGTGTTGGATACAGTGACCACTCCGTAATCCGAGAGCGGCTCCTGTAAATTCTCGAGAGCCACAGGCTGGCAAGGCGTGCAACACAGGAGTCCGTGTCCACGCGGCATCCAACAGAGATTATGATCAAAGGGGATGGTTCGCTTCTATACGAGTATACGCTCCCCACGTGTTCAGTCACTCGTAGGAGATATTCAGGTTGACCGCCAGGTTAAAAATGACACGACGCGCAGTGTGTCATTGTTTGTCCGATAGAAGACTTTGTTGACCACGTAGGGAATTATAGCTATGAACCGTTACCAATTCTCAGGTCCCTATAGCTGAGTTCTCA,1546,49.35,Escherichia coli
SEQ_968360,TACAGAGGGACCCACCCTCATGAGGACCTCGCTCTGTCGCAAAGTCTTGAGCTACCCCACGTTGCGGCTCACGAAGAAATCGAAGACTCTCGGCGTACCAAGCGAATTCCCTGTAAGTGCTAGATCTTGAAGCAGCGATCTCAATTAACAGCGCTCTTCGCTTACTGTTGGGTTCTGCAGCGCACGAGCTGTCGATTGTGTGTGGAGCTATTGTCTTACATATTCGCGCGTGGGAAAAAACTACAGAGTGGGGGGTAAAGTTGCTATCCTTATGCGCCATGCCATCTTGGGACATTCTCGTTGTCTATTCTGTACTTAGAATTCACGGGCAATCGAACCCGTTAGGACGCTTGAGGGAACAGGCCTTGTTAGTAAACGGAGGATAATAAGGACGTCTTATTTTCCCTTGCGAGGGTTTTCGAAAGCAGCCTAAGCCTCGAGGGCATCTTTATCCTAGCACAGGGTCCTAGTTTGGGAATCCTGAGTACATAGCTCCTCACTCTCGGCATATGGGGGCTAACCGCGATGCAGCAGCAATCCACATGAACATCCAACAATTGCCACAGCGGTCTGCGTGTACTGCCTCACATAGAAACATTTTCAACCCACTAAAACCAATGTCTATTTCGTATTAATGCTTACGGGGTAGGACGCAGCATGAGCAGACTATACAGTTATCATCGCCCGATCCGAACCAGTGTCTTGTCGCAGCGACAGACACATACACTGTTTAGAGCGCAAAGCACGACTGCACTCCCGGAGTCCATGCCTTTTGCTCAGCGGCAACATCACACTCTACCTCACCATCTATCATTCGAAACATCGAAGCCGCAGAGTGTGAAGACCTGCTGATTCTTGTGTAGGTACTGTCGGGATGAGTCGGCCCTACTACTAGGTTTACAACCGTTGTTCCTGGAGCAGTATGGGAGCATGAAGATGGACTGGGAGGTTTAGAAATAAAACAGTGTTTATCGATTATGACAGGCTTCGGAATAAACTATTTGTGTCAAGATCCCTGGTATGACACCGACGTTCGCCAAAACTAATTAACTCCGTGCTTCGCGAAACCGCCCGTGTGAACTTTGAGGCGTGTAAGTGTGACGAATAAATTATACCCTGGACTGTGCTTACCGCGATCTGCTGTCCAATTATGATTTCGAGTCTTTCTCGCTCACGCATTGTGGACGAGCGTATGGGAACATTCCTGACATCGTATGCTCCTATCCCTGCTACCGTCTTGTTGCGTAAAGAGTTGGGTGGCCGGCCACCCTTCTGCTCCTAAGAAACGCTGGAACGGTGTTTCTAATTCCTGTATGCTGCGACGTTTTACATCCGAGCGACTGTATAATCTTGATTGCCATTGACCACCTCTGCACGGTTCTACCGCGCCACGAGTTGCGCCGAGTTTATCCAAGATTCTGACCATTCTAAATAATATACCTAGTCACACGTCGTCAGGATTCATGCATCCCACGGAGAACAACGACCCCGGCTATGCTTACGATTCATATAAGGAACTATACCCCATGACCTAACAAGGAGAGACCGCGCTATACCAGAACCATTCAACGATATACCCAAATTTCGGTGTCTTACAAGCAACAATAACACGGGTGCACCTTTGACAGGGGATAATACAGCCAGTCCTGGCGCACTAATCATCATGACACGAGTACAATTGCGCAGCAAGCCTGCATCACACCCTGAAGTGACCAGTCAAAAAGCATACGCAAAGACGAGAATAACAGGATTGGCATGCTTGTCTAAGATGTAAGCTCACCTGATCACGTCAATCGTAGGTACCGTGCTGCGTAGCGTTGAGGCTGATTTTAAGCTCATTATGTCACTTAACAACACCACCGGGGGGGACCACGGAGGGTAGTTC,1885,48.86,Caenorhabditis elegans
SEQ_623338,ATGATTTTCTCCTCGGTAAGTCGCTGTCGGAGTGTGGTCGTCGCCTTAAATGCTTTCTCCATAAGAACAGCCCTTGTCAGAGCGTCCGAAAGTATTTAAAATCTTGCTATCATTTTCGTCTTCGCATGGCAGTGGCTGGCGGTCAGGTTCCATGTGAACCTCTGGACTCTATCCTTCTAGGTACGGTTGCGTGTGACTTGGCATGTCTCTAACTATGTTCCTGAGAACGAAGGGCCAGAAAACGTCCACCATCTTTGAGGAGGCCGCTCACCCTTCTGGGTAGAGTTTACTGATTATCGTTTAGGGAGGTGACGCGAACATTCTAAACTAGCCTCCTTCCGCACCACTACTGTCAGGTGCATAGTCCATGTGCGCAGATAACAGCGTTCCCGACAAGAGTTAGCTATGCCCAGTAAAGTAGGTTTAGGGTGAATCAACGATGCTAGTACATTAGCTCATCTAAACTTAAAAGATCAGACATTCGATTTGGGGGAACACTCCACAGCCAATGCAATCCCCCTGCGAGTATAGTCAGACGACTATTAACAGCTGAACTAGTGCGGGAAGTCGGAGGCAGTGCGCTGCAGCATTGTAAGCTCGTAGAGCGCCAGCCGCAGCGTGACAGCGCTTCGCACAGTCGCGAAGTCCCCTCCTTGTTGCTTTTTTGGGCGCTCCTCTGATCTAACCGAGGTCGTGCAGGTCTTCACTGTAGGCTTCTCCCATGCGATGTACCCAGGCATTGCGCCCGTTAACGTTCGTCAGATATCGCAAAGGAGTAGGTCGGCGTTGGATATGGTAAACAGCCTGGGGATTTCGATTTAGGGCAGTGATTTGTCACCCGACAGGTGGCATCTGAGAGATGAAGAGCATCCTGCAACAATCTCAGGAGCTGGCGCTTGCGTGGCGCCTGCCTTCAGTGGTTGCAAGATCAATTAGGCCGAAAGCATTAAGGGATTCGATTTCATCTACCAGAAGGAAACGATTTGTGTACTTATTATTCGCGCCATCGCACTTATGGTGGCGCTGGCGACTACCCCC,1038,50.77,Saccharomyces cerevisiae
SEQ_799503,TTTGTTTGGTTCTATACAGCTACGGCACTAATAATTCCTACATGACCTCGTGAAGTATCTTTTCCGAGTTGATAAGCAAATTGTCGCGAAAGATGATTTCAGGTCAAGGCCTTCGATAATAGGAAGTGTTCTCCGCAGGACTGAGCTTCCCCATCGACTTTCTATCTTGACAGAATGGCACGATATCTTGCATCGATAGCGGCGAATTATTGGGACTACCCGCCAGTGAAAAAGGGACACTGGCACCTCTAGTCGTGGAGAGAGGTAAATACAGGCGCACCGCCTTCCATGCCCTCGCCGGTCGTGCAGATAACTGGTTCCTAGAAAATAAGAGTGCCTCCAAGCCAGGCCAGCTAGAAAGTGCTCAAATTCCTGGCTTTTTTAAAATTATTCCTATAGCCGTTTAATAAAAGACAGTCCAAACGGATCACAATCGCCTATACACATCGTGTCAAGTAACATTCCCGAAAAAAAAACGCAAACAGCTGCGACATGCAGACCTGACGGTTAGTGTCCACGTACCGGTAGGCTCAACTCCAAGCTGGATTTGAGGATTACATAACTCTGTACACCTTTGCCTTGCACGCAACGTCCGGTACTGACGCTCGCTGTAGCCATCCTAGCCCTACGCATTTACAAAGGACCGTTGGCGATAAGGGGGGGACTGGGATTTGAGGCTGTCTAGAAGAATATATCGCTGTTACTTTAAGACTCGTGCGGGCTAACTAGAGCTTCCGGTTCCGCCTAGTGCGTCCGTTATCATATGTCTGTAAACTGCACGAACGTATGCTGATGACAACGACGATCCGCATGGAATTCTAGAATCTCATCGCCCTCGCGCGTGTCCTGGTGTTCTATGATCACTTACAATCTGATGCGGACTGTTTCTAAAAAAGTCGCGATCCACCGTTAGGGTGAGGCTGGTAAAAGCCACGAGAATCCCAGTGGGTTACTCAGTGCGCTTTCTTGGCTGTTGATCTTTGCATAATAGCACTTCGGTTTCGATAAAACTCTTCTTCCGGTGTGCTGAACGACGTTGAGCCCGGTCCACGTCTGTACAACGGGGCAATAAGAACTCCGTAGCTCGGTCTGGCTATCAGGCCAGCAAGTCTTCTGCTGTGGCTGATTGATCGTTTAGGTTAATGGTCTCGGTAGCTCCTGGTTTCCGTCCAGACTGACTATAAATTCCATATCTAAACCTTAAGTTGTGAAAGGAACCAGGTCAACATTGAATCGCGCGGTACACAATAGAATGGGCTATATATATCTTCCTCTCTGTTGTAGAGCCTCGATCCTTAGCTGGTTAAGTGCGCAGCGGTACATGCTGGGTAATACGACGTTTCGATTAGGCTTAGCAACGTGAGCAGCATCTTGTACCAACTTAGCTACTATAGGAATTATCTTAGTGTAAGACTGCGTAGACCGATGCTTATTGCTTCGTGGGGCATTCGGGGCAGTCCAGACGACGCGGGTTCCTTGTCCTTGCGATATGTGCTTCTGCGTGATACCTCTCCGGCATGCATTCTTAGGCGTTCACGGCCTCACTCGACCTATACTATAGCGCCTTACTACTAGCCAAGACGTTTCTTAGAGTTCTGAACGCAGTGACTACGGTGTAA,1619,48.05,Escherichia coli
SEQ_526141,TGGTAAGGCACTCACTCTCTAGGAATTTTGCCCATGGATATTCCAGATAGTCTGGTACCCCTCACCTGGATTGATTGGCCAACCGCATATACCCAGGTCCACGGGAAAGAGGAGGAACTGCAGCAGGCAAGGATATGGCTACAAGTCGATCCTTGCGGAAGATTGACCCGTCCGTTACCGTTCGAAACGGCGGTAATCGCCAAGCGCGAAACACAAAATCATCAACTCAAGGACGCTGCGCTCCTCTGCTCCCCGAAATCCGGGGTTTCGTGAGGCGCGCCGTGTATGGTACAAGATCTATTACTAGGTAGCCGGTCAAAGTCCATAGTCCCGTAGAGCGAATTCATAGGTCTCCCACGCCGTCGCTGCTTCGACACGACATAGTTCGGGGACATGACCTCCGAGGCTCCTGACACTCTGCCAACGCTTACCCGTACAGCCAGAAGTAAGACGAACTTTACTCCCGAGGGTATTTTAAAATTTTACTGGTCGCGGTACACCACTCCAAACGTTTGTGCTCCAATCATGTTAGATTAGGAATAGAAACCGCACAAGCAATATGTGGTGAACTGAACGAACTATGATAAACTCCTGCAGAAAGAGTATGCTCTGTTGTGATACAAAGTGACCCTCCTAAGATTGTTTCCTGATAGAATGTTTGTGAGCCGAGTTGCTACTTTCCAATTGCATACTGCTAAGTCGAGGGTTCGTTTAATACCGGGCGCTAATAGCTTTGAATACAAAGCTTTGGCAATAGGTATCCCAAGGTGAAGACCTCCCCAATGATGATCGTAACATCCTACCGCTGCAAAGTTTGGATACAGCGTGCTAGCACACTGTGCCAGTGCTGGTCTTTCGCCAGGGCGTACTCTGTCCTTTGTTGATGTCTCTGGTATATATGCAGCGTCTAGGGGGGGCCTTGGTATAGTGCCTGCGCGACATTCTGGGTCAGTCAACGATAGGCTAACCGGCTTCGTTATCGTTGTGCGACCTGCTTACGGTTCTTACACTATGGTCCCCGGCCGAGGTACCCAGCGCAGGCTGGATACCGAAGGTCCGGGGACCCTGCCCATTTGTGGGCCCAATCAGCATCTCGCAAATAGGCTCACCTGGGCTTCGCGCACCGCCAGGGAGGTGGGTGACCAGCTGGCTTCTCGATCGCATGGGACAACCCCGGGGTAGACTAGAAAATCCTATACGCTTTCTACTTTACATAACTGCGATGATCCGTATAGCGCAAAGGGGGATATCTGCAACCACTACACCACGTACGATACCCTTAAGGCAGTAAGAAGACTAGCGAGGTGTGTTCTACCAGCTATTGGTGTGAGCGGTTATGTACAACAGCTAGCACTGACAGGGCCGCTCTATAGGAGACGATCCGAGCACCGTAATGAGGTGCAGCCACGCTGCGGCCTAGGCCCCTTTGCGAGATTCACTTTCTTTACTTCGTATGGATTTCTTGTGGGCGAAGGCTGGCCGTGCAGCAGTGTAATGAGCTGGTT,1505,51.63,Drosophila melanogaster
SEQ_951095,TGAATGCAACTAGTACGCGCTGGTAGGGGGTAACTAGCAGCCCACGCCCATTAAAGCGTGACAGCCCAGGCAGACTTTACGTCTATGATTTTGCGTCTCGCATTCGAAACCCTGGCGTCAATTTCTTGACTAGTATTTATACCTTCCCAAACTCCTGAAAAGAGGGGTCTCCTTTTCAAAATGTTTTTTTTGGGAGCTACTGAAGCCCTTTATTCTGGTGTCAGGACTACAATCGAAGGCTACTATGAGCGGCTGTAGCCCGTTATCATCTTGTTAACAGGCATAAAGGGCAAGGGAGAGTTTTTAACTCCATACATACGAAGTACCGTGTTCGACGGCCCTAGAACCTCATTTTGTGTTACGGGCATATTGCGGGGGACAAACGATAACGCGTGGTAGTTGGTGCCATCATGAGTCCGAGTTCTTGTAAAGTCACACTCCATAACAATAATCGGTATAGTTCCCCTGAGACCCAAAGGGCGTTCTCACATGAAGCCACATTCCCAATATAGGCGTAGTAAAACGCACACAGCTACGATGGGGAGGCCGACCACTGTCGCTCAGTGTAGACACTAGGACTATGGCGTTCCCTATACAGCGTAGGCTGTCGAACGTAGGGGCAGACCGGCGATGATCGGAAACACGCACATTCCATATGGCTCTAGAAGGGTGATTGTTATCTAGGGCCGCCCTAATCCCACAGCCTAGGAGCTAGCTCCTAGCACTAAGATCTCTCATCCGCAGTCTGCACCTCTGTTGCAACAACAAGGTGACAAGGGTTTCGGCAAAATAACAACGAAATGACCCATTGAATGTTAGATAATTTGGGTCAAAGGGCTAAATATTTCAACAATGGACTAGCTAGATGAAGAGATAAGTTCTGATCTCTGGCCTCGCTTCAGTCATACGCCCACCTTTTCGTACTAGCGGGGTTGCGTATGGCCTATGGATTCCTATTTGGTTGCGCAAAGTGAAGAGGCCCCAAATAACCTGAGGCTGGGCCGATTCCATGGCCAAAGCACTGTCTCGTGGGATCAGTCAAGACACCAACGGTCGGGACCGACCGCCATGATTAGTCCGACAACTAGTTGCAGCCCGCCATTGACCGTTACCCACCCATTCCCAGCTTCAAGGAAAATCTGTGACGCAGCCCGAACCCAGTGTTACTCACCCCAAAGAGGAGCTTGGGTCGGCTGGTAATGGCTA,1206,49.59,Escherichia coli
SEQ_561900,CATTATGCACAAACGTTGTATGCAGAGGGCGCTAGACCTAAACTGGACATGCAATAATCGTCGCTAACCGACACAATTGCGCTGATATACTTCCCCGGAAGTGGAACAATGGATGTCCCCATTACACCACGTAGAAGGACGTTATCACTATCGGTGCCGCCGATAGTATAGGGATAAACGCTGCAGATTAACACACATTTTGCCTCTAGCGAATCGTCCGCGCCTCGCGTGCCAGAGAAGAGGAGTGCTCTCGATGTGTCACACTTATCGCACGAAAGATTTGAGGGTTTAATTGCTTGAGACCGCCAAGTCTCAGGTCATTCCATTTCATTTCCTGCTCCCTAGAACATACCTTCTTCATGTTGGCTTGTGTGGCAACTTTCTATATGCCCTCATCACGTCTGGAAAACTAGTCTGGAGGAGGACTAGTGCGGTGGAAAGTATGGAGTACTTGTCGTGTATGCTTGTCATCCTTGCAGGCGTCAAGGGAATATACGGGCGGTATGAGCTGTCTCAATGTGCCCGCAATTCCTGAGCACCGCGAAGGTCTCTCTAGGAGACGGGTTAAGGCCAAGTCAATCGAACAGGTCGCGCCCGAAGCTCAACTCCCTACTCGTCATGGCTCAGATTTCTGAAGCCATTCACTGAAAATAAGGTAGGGAAATATACGAGCTAACCTACCAGTCACTCGGTGCGAGATGACCAAATCAGTAGCGCGTCAAATATTCGCTTCATAATATGTCATCTCCAATATATAAATTGTATGTAGTTTGCAAAGATCGTGTGTCAGTATTTACGTTAACCCAGAGGCTCCTCAACAACCGGACGCACTCAGTGTTTTCACTCAACTAGCCAATGTGATGGGAGGGCGGAGTGGTTATGGTTGGACATATTGCGTTTACTCCCACAGCAACACGGGACGTGTGCTGCTGGTCCGTATTCTAATTATAGGCACGCCTACCTATGCCTCTAGGTTTTAAATGTAATTCGAAGAGTCCAGACCCCATGCGGATTGCATCGGTGCAAGCCGTCGGTTAGTTGCAAGGTTTGAGCCCGAGGAGGAGATGATGCGACATCGTTATCGACGTATACAACATTCTTTGTTTATATTGTATTGGGTAGCCGCGTGTGTAGGGGTCTATCAGGGGGACTAATACATCGTCGCGCTGGGACCCCTGTGAAACGAGAGCTCTCTGGCTGTTCTAAGGTATTTAGACTGTCCGATCGAGACCGATTCGCTTAGGGAGGGATAATGTGTCTGGGACAACCGAGTTAGACT,1279,48.48,Drosophila melanogaster
SEQ_391186,TGCTAGAGCGCTATCTTATGGCGCTCAACGGGTACGGTCTAAGTTAACCATATCAGATGAAACACGAAACATAGTGGGGCCTGGTTCAGCGGGTGGGACCACTGCCATACATGTGACACAGACTTCCGCGATTCGGTAAGACCCGGGGCAACCATCGATCAGGGTCGAAGCAGTAAAAGATATGTTAAGTTTAAACAACCGGGGGACGGAACAATACTTGAACAAGATCAAGCCTATCTCGACAGTTTAGGGTTTCCCCGGGGCATCATTGAACACCCGATCACCGGGCGACGTGTTCGAACCCAGAGGGACCTACCTGCAATGGTTTAGCGTTGGAATCGCCCAAGCCTAGACACCTTGTGGCCTGAGTCGCGGCTAATCTGCATAGTGATGCGCCATACCCTATTGACATTTCAATAGCCATTCGGGAAGGAATGGGAATATCTCGTTATAATGCAAATTGGGTTTATGAATGGCGTCTCGCTGTCGCATCTCTAAGGGACGGAGGTATGGTCAGTGGATTAGTCAAACATCAGGCTAAAGAAGAAAACGGCCTCAAGTCTCGGATGACCGTAGGTTGAGATTACCGCTAAGTACAACTTAAAACCCTATAACATTGGCGAGACCGGGAAGACTGGGTTCAAATGACCCAACTATAATGAGAGTTTGAACCAAAGAGGGTAAAGTTGACGTGTGTGCCGGTTTACACAAGAAAATTTCGGGCGAAACGACTCGCTTACGCGAAGAAACTCACCAAGGGACTGTATCACTATCCGATCATCGTTGTAACAGGACGGAGGAAGATACTTGTAAGTGCCCTGTCACCCCGAGGTCATCTGAACACAAGGCAGTTCGGACCCGAAAAGTATCAATACGTACGCCAACAGGTTTCGTACATTTTCTTTGTCGTTCCCTCTAAAGCCTTCGCTCCGCGAGGTTACGCTATGTAATGTCTCAACTAAAATCTAGTAGGAATCTGCTGAAAACATAGCCAGCGCGCAGCTTTCTTTAACACGGGTGCCAAGCTCCCGAAGTGTCCCTAACTAGCTGCGAAGCGCGGGGTGAGTAACATCCGCCGCAGACAGATTTTGCAGACGATCGGATCGCCGTGGATCCATCTTATTAACGCTATCCGCGATCAGTCTAGCGCTGAGGGAACTCACGCGTAAAAGGTCCTTTGCAACACGTCTGCATAAAGTTCTACGGCTGACCTCAACCTCGTGTTTGCGGTAGCACCCTGGAACTTCAAAACCGTGATGAGAGAGCGAAGAGAGTCGATCACTATATTCCCCTTACAAAGAACCACGTAATTATGTTCTGATGTCCTTTAGGCCTCGCTGTGTAGATACCCCCTTAAACTCCAATAGATGGGGCTCCATATTTATAGCAGGCGAAAACCCTACTACTCCGGATTAACCCCTGGGTGATAGAGCCGCTAGCACATGTTCAATTAATTTGAAGCCCCCGTCCCCCACCCAAATCAAGCCAATATAGTTGTATACGAGATTCCTTGAGTCGGGGCTGCGAGAAGGTCGAAACTAATGGATAATTGTTCATTGCGTTGAAATTTCGGGAAATCCGGCTTCAAGCTTCCACGATGTAAGTTACTAGAACATCCCATTGACGATACAAGAGGGGGTATCTGATGTTTGGATCAGTGACGCTCCACACCGCCCCCGGCACCGGAATCTGTTATTGAAGACTCGATTCGTGGAAGGCATTCAATGATGACCGCCCTTAAATATGTCAGGATAGAGGGGGAGAGCTAACGAGGTTGCGGCCAGAGCAAAGGAGTTACGAGCATTAATAAACTCTGGTTATTAAATTCGGGCTAGGTTAGTTGCCCAATAATTCAGCTGTTCACGA,1866,48.39,Homo sapiens
SEQ_429265,ACCGATGCTCGTGTCTAGAAAATGCGGTCCCTAAGGCTACGTAAAACGAGGGTGATTGTATCTAAAATGCCTCGCAAGAGAGCTGCTGGGCGAGTGTAACCATGTCCTGTGGGTCCCCAGCACCGTGAAAGCAACTATGCCGTGAAGAGAATTCATGACCATGTGACGAACGGCAGGAGAGGGGCAGCCATGCGGCCGTACAACGCTTTAACGGGTCAACGTGCTTATTCTCATTACAACATGCATGAACACGCACGAAGGGTCTGTGGTGCCGTCCTGGATATCTGGCAGCTTCACTGCCGAAGTATGGGATCCTTGGCCATAAGCTGACGAGGGCTCACTTGGCTTATTTGTTGCAAGAAATTGGAGGACTGTTATGTTCACCTAGGGATGTGCGTTCCCACTCCGTGCAGTAGATCTCTTACCCCACCCTATCCATTTGTTTTTCCACGACTGAAAACCAGCCGATAACTCGAATCATTAGGTTACAGTGACTCTAAAAGCCCATGTTGTACAGTTGAGCATCGGTCCCGTCTTCTGACACACGTTTCTTCCTCTGGCACCAGGTCCGCGTGAATTGGGGGTGGAGCTTCCGCCGGATCAACGAGGTTCCCTTGTCCATTCACTCCAGTGCGTAGATATCATACACGTGATTCCGGATGGCCATAGGGGGCTTAGACTTTATCTGATAATAGCTACTCATCCTTGGCTGACTGAGGCAATCGTAACGACGACACCCGTTCCCCCCTCCGATCACGGCCAGGTCGTAAACCTTGTACA,780,51.54,Mus musculus
SEQ_536785,CGGTGAAGCTGAGACAACCACATCTTTATTAATTCGAATGGGGCCCAAAGCTGGGTCCTCGGGAACCTTTCCGCCTGAATGGTAGTGATAATCCGAGATGCTAATTAAGCAAATATAGTCTATCGCAACGAATAAAACTGAGAAGAAATGGCTTCGTGCTCTCGTGTTCCACGGTGGTCAAGTCCGCGTGCATGATAGGCGGCGAGGATCTTGACCTGAGTGGATTACATTAATCGTAGGATAGGCCCTTGGCGGAGAGGTCCAGGGGCCCAGGGTGCCATTACGAATCTTCCAGGTTCCCTCCCTATCGTGGACTTTGACCCCGGCAAACCTCCGTGGTATGTAAGCCAGAATCAGTAAAACGAGAGAACCTATTAGCAAGTAGGTACAGACTCTAGCCTACTTTAAGCTACGTGTGGTACTGAGACGTTATCATGACACATCGCATGGGAGAATAGGCGATCGGTACAGGCTTCATTGCCCTCAATCCGATAACGTTGCATGGTACTTCCGCGCTTCTGCGCAGCGATGGACTGGTACAGCCATTCTCTTTAGGGGGTATGTGATGCCCCAATGGGGGGCGACCGCAAGCAGCCGGATCTCCCCGTCTGCCAACCCTCTCAAGGCCTCTAACCCACCGCCAGGGAATGAGGGTCCCGTTTCGAATACAGTCACCCATCTCCCCTGGAACCGAATTCTTGTTCAAGCAAACTAAATTCGTCCGGGAACTGTAGATAGCACTCACTCTTGGCCTATAGGAAGGCCAAGGTCATTTGGGGTAGGAACCATTTTACGTGGGTGAGAGCTGGAGTACTGTGAGGTCTCAATACATCTAGGATCGACGCTTGAGCGAAACTAAATATCCTACACCAGTATGTACATCAGGAAGTTTAACCGTGTAGTGCGCACGGGGCAAGGACCCAGGGATACGCGTGTGAGGGTGCGCTGCGGCCGGGGGGTATCAGTGAGACCGTGGTCCAAGATCCGCCTTCAGTCTAGTGCTTGCTCGTGGCTTCCACCCGACCATTCCGTAGTGTTTGGTTGGCAGTCTATCCATTCTGAACGATACGCCTACTTGCGAGAATAAAGTT,1091,51.88,Escherichia coli
SEQ_197322,AGCTATACCACAAAATGGATCGTGCATGTGGGATTGCCGCAATATGGAGACCGTTAATGATGCAGAAAGGTATTTTGAGGCGACTCAGTCTCTCCGGTGGCGTGGTCAGCGCGCATGGATTACATGACTCCCTACTATCCCGGAGTGTCAAGTCAGTGTTGCAATGCTTGAGGTCAAATCCGCTCAAGGCGACACCTGAAGCATCATCTCGCCCACAATTCAATTTCGATTTGGGGGGATATCTGTGATCCCCGCTAATGCACGCGTTGTCAGGCCTATGTTGGTAGTTACTGTCCCCTGGGCTCGCTACGTCCGGGGAAATGGCACGGATACTTCTGAGAGACCTTTCCAATGAATGTCTACAGGAGCTGACGGCCCACTCCGCACTTTGGATCAACTCTCAAATTTGATGGCCATGCGGAAATCCAATCTCATTAAGGTCAAATGCAGGGTTAGCGCGAAAGCCTCTGAGAGTCTCGCCTCGAACGCTGATCAGAATTACCGGCGATGCAGGGAGGATCCGCAGAAATCTGCCTGGTAGTTACTTGTGAGGAGCGGGTAATTGCTCGGTTTTTGCAATGAAATCCAGCAGTAAATTCATGCTCGTAACCCGGCGGAGCTCCAGCCCTAACTTCGTGATAATGGGGTTGAATCACCTGAATCTGGATTTGCAAGGTCCAGAGGCGGATTTTCTTCCACAGGCATAATAAAGGTCTGGATATAACACTTGCGGGACCCTTGATCCCCCTGGAAGACTGTCTCCTGGGCTTAGCAGTAAACTTATCAGCAGTCGCCACTCTGAATGTGCGGTAAGTGTGGGAACAACTTTACATTTTGCCTAATTTTCTCGCCACCAGCTCCTGCAACATATCTTCGTGCGCGCTGCCTTCATAGTGATAAATACTTCCTTACGAAGTCATCTCCGTCCCATGGCAGATCAATGAGAAAGTAACTGGCCACTGATGTCCACGGTGATAGGAACATTTCCTATACAGCGGGATCTCGTAATATGGTCAGACACAGATGTTTAATCGCATGGACAAACTCTATAGAGGCAGTAACGAAACGTCGGTTTGCTCGGGGCAAGCTCACGAGTGTGACGCTCACTCGCCTGTGCTATACAAGTGATACGTAGTGAGACGTTGCCCTGTCGAC,1155,49.78,Caenorhabditis elegans
SEQ_356138,CCGACTTCTGGCCGTCAGCCCTTCGGTTGCCTACGATTGTTTGCTAACGCGCAGGAATATAATTCGCGTACTCTACCACTGCTCAAGAGTACAAATGATTGTCAACACCCCTCAAGGTGCTAGCAGGTACTTAGGAAGGGACATTACAAGCGTTGTGTGAGCTACGCTACTCAGATAGACTGTACTCCCAGGAGAGGCCCGATATCTACCCGTTGAGGTTCGTACACGCGTTCACCCTCCTTAGGTTGTCCTGGTATCTCCATATATACGACGTTACAATTAAGGCACACTTGCTAGGCTCTGACCTAGCCAGGGGTAGTCCCAGCGTGAAAACCATACTCATCACAACTATCGCGGGTTAAGGGGAACCAGGGCATAACCAATGGTCTTGTTCCCGTGGGACTCTTTTAATAGCTCGCCCCAGTCTGTTCTGACATATAGCGACGGCATCAAAATGCCAGAGTTCATGAAAGTACTATGAACGTGGAAGTCTGCCTTATATTTGAGAGGGACGGGCAGATCAACCCTATGGCGGGAAAGAACTCTTGCCTACCTTCGAGTAATTAGCATTAGCTCGTCCGAGTCAAACCCACAGACCCAACTCACTGCCCATCTTCTGAACACGATTGCACATGTGGGCATATTGCCATGTACGCACAATGCTGCTTTCACGTAACACAGTTAAGTAGCAGATAGACCTCGTGCTGATATTACAACGCTTACGTCAACTCCGGCCTACTACCCCCAAGAGCTTCCGAGGCTGTCCCCTTCTACATTCATTCGGGCACAGTACGTATAACCGAAGACCAGAATACTGAGATATGGTCATGCAAATGGCAATGCAGAGGTGCGCATTAGGAGGTAGCAAAAGGCGGAGTTACTCTATCCCGCGGAAGGACTACGCCAGTTT,910,49.56,Saccharomyces cerevisiae
SEQ_470418,GCCTGATCGAAAGTGGTGGTCAATATGAACGTTGACATTACGCTCTTAACGAGAGGGATACTACTGTGTCTAATATAGCACTGTGCAACGTGGTTACTGCTGAACACACCGGAGTCTCTGTGGTCCACTGGACAACGGGTACAGAACATCCACCCGCTACCAAGAATGCGGGCGATTTCCAAGTTGATCCGTGAAACGCAAGCCCAGTAGTGAGTCGGCGGTGGGCGCCGCGAACCTTTACCTTGTCATCTTCCGATTTTGATGAGTCCTCCACTCTGCTTGCAGACCATTCGTCGCCGGCCGTATAGCGTCCCACACCGACCTCCGCTTGATTTTTCGAAGTGCCGCTGATCTGACGATAGCTTTTACGCCTGTGACGTCTGTAAATGCCAGCCTCCTGTACGTCACTCACCGCTCGATACGGTTAATGTCAGGACTCGATACCCACTTGGAGGCCGGGTTAAAAAACCGTTGGGTTACGTCTGCCGGGTCTCACCTCCATTTCCCTTTGAAGACATCTATGCCCAACGATTCTGACCGACTGCCCGGGTATTGCGCGGTTGCAGTTATAGGAGTGACTCTTATACTGTCCTCGTC,597,52.6,Escherichia coli
SEQ_911746,TAGTGGGCTAGCGTACAAGTGCGCGTTACGATTGGAGGATGTATAGCGGCAGACCAGCAAGCAATCTAATGTCTTGAGCTTGTTAAACCATTATCTGGACATACCGTGTTATTGGTCTGTTCTAGATCAGCCAGACGGAAGGAATAGGCCGCGGCCTTTTAGTGGTCTGGCACTGATTGTACCTGCCACAACATCCTTGGATAGCGTATTAAGGTCGGAACTCCACATGTATTGCCGAACCGGGGGTTGACAGCCAACCTACGGTGTCCGTACTAGACGTTCGTTCTGTGCTTTAGGGCGGAAAGATTGTAAACACACACCATAACG,327,49.24,Mus musculus
SEQ_391445,TGCCGTCGTGCCACACCCTGGAGCACCGTAACACTAGATCGACTCAAAGTGTTGAGAACACCGGTTGGTAACTGAACTAATTGATGACAAAGATTATAGTCGATACATACTTGTCTACGTTTGCTTGGCAGCTTAATCGCATCTGCGGAAGGCCGGACTGCGGCGACGACGTAAAATACATACCAACATGACAAGAACATCAAAATAATGCTTTTAGTTGTTACTCATTTCCCTAATGAAAGCACAACCGTCGGCCTTCACCAAGTGGCCCCCTGTCTCCTTACGTCTATCCGTGAATCTACACGGAATGTGTTTCGATTGTATGTGTGCCGGAAATTTTACCCCGCAGTCAGAAGCGGGATGACCTCGCTCTGATCTGTCGTAATCTCGGACCTCAATTGCCTATCGCTCTAACTAAACGACAAACGGATTCCTGCCCGGGTAACCATGCTTAAGATGACAGCCAATAAGAGCGAGCCACATCCTATTCATAGTATTCCATATTAGGTGTTAACTTCCTACGCATATTCCCTTCATCTTGCTGACTACAGCCATGGGCACTGGGAATAACGCAGGCGAGAATGATATACGTATAATGCTGCACCGACACTCGAGTGCCATTAAACACGCCTACCGTGACCAGGTCAGCTGCTAACCCGATATAGTCTACTAGCGACAGAGACACGACTTTATCCGGATGTGAGTCGTAGACAGAATGACAACCGACAATAATCGGAAACCATGCTTAGCTCACGCACACTCGAAGCTAGCGCGTTATGGCTTTGCCGAACCTTGACTGAAATGCTAAAGACCTAGCCCTTTTCGACAGCATGACGCACGCCATCAGCGAAGTTTATCTTAAGTACAGCGTCTGGGCCCGCCAAGGGGCGATCAGGTCAACGGATTGGCTTCGGTAGATAATTGTGATTAAAAAAAACCATACCCTTTGCGCGGACTACTTGAGTAAATCTAAGGACGGCAATCAACAGTATTGCTCCAACCTAATCCTCCAAGGGGGATGAGTTTGCCTAATTCCCCATTATAACTTTCTTGGCAATGCCACATTTATATA,1072,46.92,Caenorhabditis elegans
SEQ_334872,ACCATACCGTTAGCCTAGCGTATATTGAGGGCGTGCGTTTAACGAGTCCTTACGCGGGCATTGTTGCGATTGGGATCTACAATGCGTCCTCATGTACGGTTCCTTATACTTTAAATCAAACTTCTATATCTTGGTCCTTCGGCGTAATAATGTGAATACAAAGGCATAGAATGTCCTCTGCGACCGAAAAGGGCAGTCTCGACTTACAGAAAACCCAACTGCATTTCGCTGTCTGGGGAAAGATACGGTGGCCCCGCACTTGTATCAAAGGGGAAACCCATGCGGTTTAGCCAAGGCAAGAGCTACTTTATTATCGCAATCGAACGAAACTGGCTTTTTGGATATGTAGCATGCCATAACGGTAATGAACTGATACGACGCATGTCAATTCAGTTTACTGGCAATCATACCTTTGTAAAAAACTCCCCCATTGCATCATATTGAGCCTTGGTTTAGCCAGCGACAGCAATTGAGATATGAGTGCTCATACTGTTGTTGTTAACTAGGGTGAAAAGATCTGCCTACCCGCTACCTACACCGGCTCTCCGTTAAGGAGGCCCTTTATTCACTATCGTAACTTC,581,45.27,Mus musculus
SEQ_563992,TCCTGGACCCAAGCACACGGTCGTCGACTACATGTATCTCGAGTCTTGCGCACCTATGTGTTTTGACATATTGGCCGGAACGGGACGCGGTCAAAGTTTGTCCGATAGGTAAGTCTTACCCTTGCGTCTGACAGGTTGCGATTCCAGTCAGGGTCTGGATCCCATAAATAGTTCTGTGTAAATTAAAGTTACAGAGTAATCATCCGTGGGGCCGCTCCTGATAGGTAACATGCTATCCCTACCACTTAAAAGAGAATGAGCGGGTCTTTAGGCAAAACCATATGAACTCGCTCCGTTGCTCAATCGTAGGGGATGCATCTGCCAGGAACGGTCATAGTTCACCCATACTCCTACACTACACGAATACGGATATAGTTCTCCCCCTACTCCTTTCTCCGTCAGGGCGTGGGGTGCACGTCCGGGATTCTTGCAGTGTTCCGACCCCGGCTGTCAATGGGAAAAACAGCGCCCCTGCTTTACGAGCTATGGCCCCCAAAGATACCTTCTGTTTAAACTGGTGATCGCCCCGACAAGAATCTTTTGGATCTATTTCGACGGTTTTGTATCCCATTCCGTATCGTTATAACTCTTGGCTCTAAAGCCAGGTCATACCTTTGGACTAGTCAGCCGACGACAGTGGTCGGTACTCCTCTCCTATTCTTCGATCGAGAGCACGACACGGTGAACAAGCGAGGATCGGCTTGTTCACAAGCTGCAATGGCTTGCAATAGCAACCCAAGCCTGAGTGAACGGTTATGGATGCAGGTGTCCTCCATAGACAGGTATCCACGGCTTAGCCCCATCTATTACGACGGTGGTCATACTACATAAACCATTGCAATTGGACGCGTTTGTTTGGCCGCGCATACAAACCCATTTGTGGGGGGAGACGAAATAAAAGACGAGAAATTATGGGCACATCCCCCTAGACCACGGGCTTATCTCTAAATAATTTACGCACGTCGATTGGGGTTGCTTTGGCGTTCTGTTAAGTTGTCGGAACGGGCAGCGAAGCAGTGGGAACTAGACTCGGTCTCACCCCCATATCAGCCTTTTGCCTAAGGCTCCCTGGATTCCGGTTTACTAGATGGGTCTGTCAAGAACGAGTGGGCGAACGAGTCGCCTTACGACGAGTAATACATCTATAATCAGCTTGGTGCTGCCCCAACAGGGAGTCTACTATGCTATTCATGGCTTGCCACAGCGAGCCGGGTATCTCGAGGTTCCAGGCGGGTCCGTCAGTATATACTTTGGCTGGCATGAATGTAATGTGTTAGTCGAATTATGGGGTGACTGCATGTCAGATAAGCGTTTCGGGGTAGGGGACATTTGTAGTACTACTTTGATAGGCTTTCGTATTTGGAGCCGCTGCACGGGGGCACTTGGGAGGGCTCGACAAATGCCCATTGAACTTTCAAAATTCGCTGAAAGATCGTTACTTCTACTAAAAATTTAGCCTTCTATGAGCCGGTACTTCACAAGGTTCCAACAGCTATCCCATTCATGGATCTGTTACTGGCGTCTTTTGTACCTTAGGCTCCACCCTTGAGAACTTCCTAGTGTAGACCTCCTATCACAACTTGAGATATAGGAGCTAGCAAGTACCCAGACAAATAGTTTGATGGTATGGGTCCCGCCATTGGCAATCACAGGGAAGGTCAGCTTCTCGTATCTTTGTTTCGCCTGTATTGCGTACCCTATATTGACCAAGCGTACACCTACGCTCAATCCTAGCTTCTCCACAAGGATTCATGAACACGCTGCCGCGGTGTCTAGCCTGGGTGCCCCATCATTTGCGCCGGAATCGGTTATCGACAAGGATGCCTAGGACCACCAACTTTCAAAACTTGCTCATGGCCCGCGTTTGTGTATGGCCTTATAAGTACAGGGTTCTCAGCGACTACTCAGTCGCGCAGCTTAGGTTGTG,1927,49.66,Homo sapiens
SEQ_257858,GTGCGGAAGTAAGATTAAACGGCACGGAGGCCCTGGCTTTTTCCGTTACGGCACAACTACGCTTAGGGAGATCTAGGCATACTTAGGCCCCTCGGGATGTCCCGGACAATATGGTCTCACGGACCGTCTAGAGTCGGAAAAGCTCGATGGATCCTTCCGTGCCGTAACCAACCCGTGACCGTGGTCACCGCAACCCGGCGGGCGAAAGTTAGCGCAATGGGGCATTGTTGCTTGATAAATGTCCGGCCAGTTTCCGGTGGGCGTGTCTATTAAGACCCATCGAGAAGTGCTTAGTTAAGTCCTACTTATCATTCAATCCGAACAGACTTTCATGCACTATTGATTTATTATGAATCGAAATACCAGCTTCTATTTGAATGGAGCTCCGAAGCGAGTAATGTTACGTTGGATACGTTTCCTTCGGGACTACGCCTTCGATCTATCTCATTTTCCAGGTGTTTCCCCCCCTATTGCAAAACATACACGACAACAAGGTGAGTACGGATGCGCTAAATACGCTTCCATGGGAGGGGTGCCCGAGTTCGTATGACTCGTACCGTGTTAACAGTGCTGGTACCACTTTAGTGATTCTAGTAGTCTGACGTCTAACCCAACCTAGCATATAGACCTCTTCCCCAAGTGCGGTTAACGGCCTCTCCTTTTTGGCCTTGTTCTGGAGAAAAGAGCGGAATAGTGATAATCTGTTCTTAACGGCAGATGGTGGGGGGGAATAAGATAAGTTTGACCTCGACGACCAGCAGTACGCCGGTTAAGTGACCATCGGCCAAGGCATGTAATCTAGCGAACCCAACGCACTTTGGGGTAATCTCCATATAATTCTTCCTGAAGGCGGTAGCATGGGAGAGAATTCTCCGGTAACCCGTGAGCTTCTTCTTGTGACAACAGTACCGGGTTAGGTTCGAGACGACGGCGGCTGCTTCGGATTTGAACAAGTTAGCGGGGAGTAAGGCTTCGCCACCATAGATACGATCAAAGTTCAGTGTAGAACCAACCATTAAGCGTAACCTAGCAATCTTGTTTAGCTGACCCGTTGACACGTGTTCTTCGGAGACTTCTACATAAGCTCAGGCATTTTTGCCTTAACCACGCGGTCGCAGTTAGAATTTCCCTGCTCCATACCCGAATTAAGAACTTACTGCAGTAGCTCGCGCAACAGTGCAAACGACCAGTGAGCTGACTATTTACAACCACTGCATGAATGGCGTGTTTGGTAGGCTCACTAATACCCAAAATTGCGGCCACGCAGCGCGTATACCCCGCAAATTGGGCCGCATATACTACCCTACCCTCAAATGGCACTCCACAGTCTATGCCCCCCCCCGTGGCCAAGGCTGAATGCTGTGTTCTCGGTTAAGGAGCGTTATGATACCCGATTGGGTGTAAAGTTCACTACAACAGCGGCAAAGTGTTGACTCAACGGCCATGTGTCAGAGTCAGGGAGTACTGCGGCGCTGTAAAGAACTCTGGAAAAAACCTCCATAAGTTTCGCGCATCCGCCGCATATAAACTGCTTGTCCTCTTGGCCTAAACTAATCAGGGTGAACGTCAGGCCTAATGAACATACCGCGAGGGGAACATCTTGTCATGTCATTCGGGACACTGTGTCTGCTTGCCATTCAGAGATTCAGTCAGCATCATCCTGCGGAACATTCGGGGGAAGTTCAACAGGTGCACTCCCAAAAGACCCTTTATGGGGGATCACCATTGATAGGGGCAGCCTATCTGCGACGACAATTAGAGGGCATCCGTTACAGGGCGATGCAGTCTTAAGCACTTCCCATTAAATCTACGAGTGGCCTGACCAATTCTCCGTACAACAGTGAAGACTCTTCCGCGCCGCTGGTGCGTTTCGCGGATAGTGGGAAATATCCGACCCCTCCCTAAGATAAAAACACCCGGCATCTCAGAATGTCCACCTGCTTGGCACGCGTCGTCTCCGACAGCGACGACGTCTACCAGCAT,1983,50.38,Escherichia coli
SEQ_795539,ACTTAAGGGCAAGGTCGCTCCTGCGGAGTAGAGATACCTGTCCACAGTGCTCCACTAGAGCGTTTCGAGTAGCAGAAAATATTGCTTCTGCACCTCTTGAAAGCGTCTAACTTATTGCGAACTTAAGCTCGCTCTGAGAACCCGCAACATAAATTAAGATTACACACTCGAAGTCAAGTGACGACTGCCCTATTGACGGGCGGTTCATCAGTTACGATACAATTGATTGTCCCGTGTTCATACGTCCCGAGACTGACGTCGTCCGGAGAAGGCCACTAGCGGCTCCACAATAGAAAGATGTTTATGGCATCAGCAGCGTACTGTCCTGAGAGAGCCCTGGGTAGCCTTTTTTACCAGGGTTGAGCCCTTATCTTTCAATATAATCGCCCCCAAGCGTGACTGTTCTCACTGGCGTACTGGCGTAGTTTATGGATTTTCTACTGATTGGAACGGCATATAACACTGCACAAGATGGCATGCACGATTCTTACAGGGGTTGTAGTCCGCGTCGCGAATTATCCCAGAAAGTAGAGAATTTTACAATTTCCAGAAACACATAACGTTCTCCTGTCAGAGAAAACAAACCCCATGTCTTCGGGTGGTAAGTGTCACTGACACTGGCGAGGTGCGAGGATACGCCCCCAGTGAACCGGTATACCCAACCCCTACGATAATAGGGCAATCTGGACCAATCACCCGCGGTTACGCATGGGGTATGGGAATACAACTCAAGTGGATCTGTATCCCGGGGCTCTACCTTGACAAGGAATGGTGCAATAGACAGTGATTAAACTTTAATGCCGCACCTGTAACCGCACGTCGCCCAGGAGTCCCGCAGTATAGACATGTAGTAACGTCCGAGGCTTCTCACGTTTCCCGGACGTCGCGTTTCTCTTCTAATCCGGGGGCCGCTGACTAATAGATTGGGCGTATCGAATTGGCCGAGTTCGCCTGCCGCCGCCCACTAACTAGGGTCGATGCGGAAGTACTTCTAACCGCGACGTCGCAAGTGGTTGAGTCAGAATGCATGCGATGGAGCACTCACTCGGCACATGGGCCGGGAAAAA,1067,50.61,Homo sapiens
SEQ_126788,AATCGTACATTTTGTGAGCATTACTTTAGCACCATGTCCGACGGCCCTCTACTACGCAAGCGGTGTACAGTGATTGAACGCGTTAAGGGGGAACTAAAATTATGGCTCGTTGGTAAATAAACCACGGCGTCTTTGAGAGAAGGTCGCGGGTCCCGACATGGAAGTAGCTCAACTTGGAGGGGGGAGTGTTAGAAGGCGTATGAGCCTCTGCACGCTGCCCAGTAAAGTAAGCAGAGCACAAGAAGGTAGCCGATCACTAGATAGGGACCGTAACTCGCCCTCTTTGAAAACATTCGGTAGAGCAGTCGAACAGGGTTCGGGTTCCTTTCTAGCAGGCCTTTCGTTCAACCATTACAATTAGGACACTACTTTGGATGCTCAGCCACCCATGAGAGGTAGAAAACACTGGACTTTCAAGATCTTCTTCCAAATAGGGAAGTAAAGGCTCTTATTGTGCGAGTGACATGCAGTCTGGACCCTTTGATAGCGAAGGAGCCCACACGTCTCTTTAGACTAGGACACCCCACCGCCAAGGACAGGATCCTACCTTTACCTTCTCACTATAGTCACCTCCCCCTGCAGTGCAGCGCGAAGGTCCGGACTTGAGGGACTATGGGGATCATGAACAAATCCACTTTGGAAGTCGTAGGACAAAAGTCATCTCCTGTATATAGTTAAGAAACTCATGTTTTACCAACCTGAGCCAATCTGCATATTTAGATCAGGGTCCTATATGCGTGCGTGGGGCGCTTCACACTGGTCGGGGTTCCATGAGCTAGCATTCTTGGCCGTACTACTTCGCCGACGAAGCCCACGTGGGGCTCGATGGGACCGGTGTGTACCGATTCGGGAAGTGATCACATTTCTCTTTCTCTATCCACAGCATTCATCTGTATTCATGACTACCTGTCTGTCCCTCTTTCGTCTGACAATACGCTATCAGAAACGTCAGCTAGAATCATGTCTTCGGGTCCCACGGGGAACACACGCCCAAAAAGTCTCCTTCTTCTAAAGAGGGCGTAGTTCTCGGTACGCCTCCACCGATAATCAGGTGGTTCCCGCACTGTGGGCGTCGGATCCTCACTAGTATAGGATGGCCTGTCTCATCCACAAGTTCTTACATGTGCCGCCGCAGTGTATGATCTATGGGATCCCGGGGTTGGTT,1165,50.3,Escherichia coli
SEQ_585530,GGCGGTTTATGTACCCAGATTCTCGGGGCGGATGAGCCTAATCCAAATGGCTATCGGAGTATCGTGTTAATCAAAACTGTTCATCTTGTAGGTATACGAGGTATCGATGCAGGAGGCTCGCGTGTTCACTCGTACCTTAGTCCTTCACCCCCCATTGCTCTCTAAGGTTTGGAATCACGCGGGCGGAGGTACGGGTACTAAAGCTGGTTCGAGATTTACAGGCGTCTTCCCTCTATTATGCGATCCTCAGTCGGCTAAGAGGGTTACGATTGTGCCTCCAGGGCTGAACAGGTCTTAAGAAGGTTAAATA,310,49.68,Drosophila melanogaster
SEQ_375203,CTCGTCCAACCCATGGTCCAGGCTGATCACATCGGTTAGCAGATCGGGGAACGACCTTAGCCGGAGTGCCATGGCAAAGGGCCTAGGGCGCATATTGTCCGCTGAATCTTGCAAAGATAGCCTTATCGAGGACCACCTTGGATGCCGCTCACAGGCGCTAGGGGACTGGGACATCCTAGAGCACGTCACTCTAGATCCTGTCGCTGTTTCAGATGCTGTAAGAGCCAAACAGCCCACCTAACCTTCAGCGGATCTTGTTAGCGGTGACGTAGGTTCGCCAGTTTAATGACCAGATTACCTTCGCGTGGCGAATTGGCATAAGTCCTTGTAACAACCTATTCCCGCTATCCTCTAATCAAGATCACTGAGCCACGTTGCATGGGGGAAACCGCTAGAATGGAGAATACCATTTCCGAAACTCAGCACGCTTAATCTATCCTGTCCAAAGCGAAGTCGTAGGCTGGAGCACGGCCCTAAGTAGGCCAGCCTACTGTTGGAAAAGCAATGGTCCCCAGTGCATCTCCTTACGAGATTCATGCAAGTAAGATTTATCTCTGAAGGATCCGGGCGCGAACATGAGGGTCGCTTACGAGACGGGGCCCAGTATCACTATAATCCATAATTCAAAGCCAATGATCGGACACCACTAGCAACAACGGGGTCAATGA,668,51.65,Escherichia coli
SEQ_343922,AGGAGTCTTCTCGTAGCGCTTCCCCGAAAAATGCGTGGAAAGACATTTGATTGCCCACGTCCGTGGAAAAGTACATGCTACGAGTGATTGAGCTTACTCCTGCCTCGATGAGTAAAGGCCGGAACCATTCTGATTTCCTTGTGGCCGCATAATTTTATGGGTTCTTCTTGGACGTGCATGAGGATCGAACCCTATGAGACTTGCAGCGTTATCCTTGATTCTCTGCGTAGAGGAAACGTGAGGGACGGACAGCCGATACTCCCCCCCGAGGGGCAATGCTCTAAGAGCTCACTTACGTATGCTACAAGGCGCTGGCTTGTTCAGTCCTATTTACGCCGGACAGGCTTAACGCCACACTTGCATCGTATGTCGAACGTCCTAGGGTGCGTACGGTTTGAACCGGACAAGGGCTACTATAGTTTGCGCGAGTAACGAGCAAGTTAATTACTATTAAAAGTAGTCGTCGCCACGAACTTGCCCGCCTTAACGCCCATGGATGTGCTGGGGGAGAACGCACGTATAACATTGGAGATAATACACTCAACCTTTCACCCCGCACGCCACGACTCCGGAATATTCTCGACAATTACTCCGCGCTCGATATTATTACGAAGTTACTCACTTATTAGAACTAATTGTGCCTGGGTCCGGTTGATACTTGCACATTGTCGACAGAGACAGCTAATGCTGCTTGCCGCTCACAGTCCATTGGAGGCGTATAATCGCTGTGTGAAGAAAAA,740,49.46,Mus musculus
SEQ_915353,CTGCCTCCCTGAGCTTCAGTATTTGATAGGAAAGTAAACTGCACGCGATTCGGGGAATTGTAGCACTCTACATTCTCGAACCTAGTAAAGCTATGAAGTAGCGAAGTGTTATGGGTCGAAGGGCATCGCGTACGGCTTTGGAGCCACTCGAATACACGTACGAACAGGGCTACTGTCACCGGATAGCAATTTAGCCGAAAAGAATTTCCTCGGAGCGAATGGACGCATCCATCAATGCGCCCGGTGTATAACTAAGGCCTCCAGCTTTTTGCACTCGTTGCAAGGGT,287,49.48,Saccharomyces cerevisiae
SEQ_748905,ATACAGCGCCATCCGACCGGTTGGGGCCGCTCATGAGATCGCGCAGTTTTGAGCCAATTATGGATGCAATGCTAGCTCGGCAGAAAGTCACAGAAGGCGCTTTACCATAACTATGCACCGCTGAATTAGTTAGCCCGAGGGCCCTGGTACAGCGTGCTTACATTGCAGCCCATGACAAATAACACGATAAAGCGAGCAATATAACAGGGCGATGCGGTTTACGCAAGCCTAATGCGTTTTCCAGATGAGGTTCTAATGGGCAGTCGCTGAAAAATGGGAGTAACAGAACGGTTGCAGAGAAATTCTTTTCCGTCTGACCTAGTCGGTCCCTCACTGGATAACGGTGCGGTGTTAAGCTGAGGTTCTCAAGCCGAGTGCAGGGTGTTGTAGCGCTGCAAAATCCACCAGGGGCTAGCCACCAGATGTGAAATGCTGAGCGTACAACCTCTGCATCATGCGTCAGCTAGAGTTCTCATGCGTATAAGGCAGGGAAACCGGACCTCGGGGTAGTAGTTCCTGCCAGAGGAGAAAATATGTAGAAGAAGCCAGGTATCGCAGCGGATCTGCGCTGTTTGTGTCCCCAACACTCAACACTAAATGTGGTAGACAGCGCCAATGACCCATCAAGGTTCATACATAAGACACGAGGCCCAAAGGGGTAGCGACTTCATCCTTGATACTCAAGTCCCGCATC,694,51.15,Mus musculus
SEQ_300038,GAAACGACTAGGAATAGCATGGCACCTATGTTGGACCGGCGTATCGCAGGTTTGCAATACTCTACTTTCCCTATAACAGCGCTAATTCTGAAGGGCATAGTTCATCGGGTGACCGCCGGATACAGATCAGGTGGTCATTATAAGCGTAGGTGGCCGTGAGAGTCCAGAATTACCACTTTTTATGCGCGCAGCCCTGTATATGACGTAAAAGCAATATTCACATTTAGCCTGTATTAGATGGTTTATCTTGTCACGGAATGGAGCTTAGGTCGACGCTGACATGATTACTTCTGACCCGATGTCTAATCAATTAAAGTTACACCCGGTCGTATTCATGCGAACATGTCTATTCTATGAATGGTACGGATAGCACATGCGCTTAATCGGAGGTGACACCGATTGTCTCAGCTGGGGTAGCGGTGCGTCGAACAGGCGCCCCCCGCTG,445,48.09,Saccharomyces cerevisiae
SEQ_153218,TCCTCACGCTCCTGATAACAGCCACAAAGTCTAATTTCAAGAGTTGTGTGGCTCTTACCATTAGGGCAGAATATGCCCCGGTATATCGTGGGGAGTTTCAATCACGTTAAGGCCACGTTTATACACGTTTTCTACTTTCCTCCTGACAAAAACTTGGTAGTCCTCACTCCTGTAAACAAGAGTGGCACGTGGAACCTGTGCAAGACCGAAGCCTCAGAATGCTACGTACAGACGTGCTTGGGTAGTACAGGTTTATCTCTCTCGACTGCGCGGCCTACGACACACCATAGGAACCAAGTTTATCGGCGCTGGAGCTAGCCGGATATTCTCCAATGACCACCCGCTACCAGATTCAGAAGTACGTTTAGACAATGTGAATCACCTCATTTAAGAGACTAAGAATTAATAGTATGAATGCCATTGACTCTGACAGGTCAATCCTTCTATTGCCTTTTGAGGCGGCTCAGGCGGTCAAGCTTTGTTCATGGGTGCGCCTGCATAGTCTCATGGGGTAGGCGTATCCGGTGACCTGGTGGTCGAAACCACCATATCGTCCAATGATCGTGAGATTAGTAGGTACTCGCTTCGGGGCACTACTTTGCTAAACGGTCAGTTACATCTTCAACATGGGTGGGCTTCGGCTTAAGCGCCACTGTCCGTGACCGACCCCTAGTTGCATATGAAAAGCGCCCCAAAACAGATCTCGGTTCGGGTTGGATCACGCGAGCCAAATAGGCCACTCCTCTTAGTTGCATAAGACACCATAGAGGATTTTTGTCAGCTCCCTTAGTACGTGGGTAAAGCCCGTAAAGCTAGAATAGTATAAACCCTATTAGCTGCAGCCCGGAGCGGGACCGACCCTTCCATGGTGTCCCCGTGTCTCCTCTGTACCAAGAACCCCAAATAGGGATACTACTCCAACAGGGGTCAGAGTTGAACTATGGTAAGGACCACGTGTCCAGTTTAACCACCATAAGGGTCTATACCAGGTTAGAAATTCCGAGAGTAACACCGTGGAAACATAACCGGCTATGAGGGGCACTAAGTGTGTACTAGCGCGTCTCCTCGCAGTGGCCTTACACCTTGCGACCTCACCGTATAAAAGCCAGACGAAGAGGTCGATAGATACCAT,1132,49.38,Drosophila melanogaster
SEQ_729587,GCATGTACTCTATCTTTTCTGGTCGCGTCGCTCGAGTTTGTGTACCCTCGAGATAAAACTGCCGATTTCGCCTATGTTTGTCTCGATACTTGGTTCGACAGAATTGTCTCCGCGTCGAGCAGCGCACCCGCGAAAGCTCGTCTGTCCACGACCCATATGAGGGTGAGACGTAGACCCACCGGGTCACGCAAGGCACTTGTCAGTGGATTAGCCCCAGGCAACGGCGCAGAATCAACGTGATAAAACTATGAGGTTCCGTCGATACGGTACCCAATTTTTACTATGGTTAATGGGCACCGAGATCGCATTAGACACGACTAAACGGGGGGGCTCCACGCGATGAAGCCGCGAAACTCTAGTTCCGCTTGCACAACTTAGAACCGTTAATGCTTCACGAAGTTCTAACTGACACGCCGCTGAATCTAAAGGCTGCGATCCTGAAACTTCTCAAGATCATAGTGTTCAACTTGTGTTGAATCCCAGGCTTACCGTCAAGATGTCAGTTGCTTAGTATCATTATCGTTGCTCAGACTACTCGTTTTTTCGTCGTTGCAGCTCGGGGGTGCTTTTGATAGCATTTACCCACTCGTAATATTGCCCCAGCTTGGTGGGGATGGGACAGA,623,50.08,Mus musculus
SEQ_981382,TTTCCGGGCACTTTGCTGTCACATCATCCAGAAATTTGGAATTATAAAGAGTTCGTCTGAGAACTGAGTTTCTTTTCAGACAGTGTGAGTTGTGTACCTCGTCCCTTCCAGATCCTGCCCGCATTTGCGTCGTGAGATTGTTCTAAGCACGCTCGTGTAAATGGAAGGCCGGAGTATCCTGTGAGCTCACAGGGAAGAACGGAAGCATGTGCAAAAGATGACGAGCAGTGAAAAAATCCCTGTTTCAAGTTGATAGACACAGGGGACATGACTAGTGTAAGGCGGAAAATCAAGCCCTATGGGCCTGTCCAACCTCTTCGCTTGTTCCTGTGATTTGCGTACCATGATTAGACCGTGTATCCTCGACGCTACGAGGATACTTCTTTCTGCGGCTCTTACGCTGCTACGTCTGTTAGAACATTGATTGTAGCGCACAAAACAAGGAGAGTGGGTTGACAACTTACGAAGATTTTGAAAAGGCATTCCTGTAAGAATATAAGCCTAGGCCGTGCTAACTGGAAGTTGCCCTTGAAGTGCACGGTATGTTAATCCCCGATCTTTCCGCCATCTATATAGAATGGGCATTAACAAGCGGCGCCGCGTCCATTCTACTGATGATGGGATAACAAACCGTCCCCGGTGTAGAGGCGCGATGGGAGTCCAGGCGGAGTCTACATAGGCCTGTCAAAGGTACCCAACCCAATTGGGTTTGTATAGCCCCAAGGCAGGTGGACGATCGCGCGAATTCGTCACCTAAGATAGTATCTGCTCTTGGTGTTTGAGTCGGGCGCTTCATTTGCACCTGAGCAGTAGTAAGCGCCTAGGGGGCATACAGGCAATCTTTCACCTCGTTTCTACCCCGGGAGCGCATGACACCCCTTTTTGCCCTAACGTTCACACGCCGACTGATGCTTGAGGGGCGCACCTCTACGTATACACTCGAACAAAAAGTACAATACGCAGAAGTTCATACAAACGGCCAGATGAACACTACAAAACTCCAAGGACGCAGGGAGCAGTACAAAGAGGGATGGTTCAACCTGCTCCCTGGCATGCCCGTTATGTACACGCCATCATTCTAGCCCCCAATAATCAAGCTGAGCTCCCACGTGCAAGTGAAGCCAATACCGCGTACACTTTGTGCCGACCCTCACAATAAACTACCTAGAATTTGGCACCCTGACACAGTAGACACGTGACAGGAAATTGATATGTGACACCGACGCTGCGACGGCCTGAGCACATGTGAGGGATTCGCTTAGCTTTAGATTTTTCCCGCTGATCTTGTCAGTTAAATGACCTGATTCGCTCTATGCAACGCGAGACTTAACGGACAGCACAGGCTCCGCCGCGCCAGAACTAAGTATGCAGTGCCTCTGAAGCGAAATACCCCTTAGATTTGCCATGTACCTGTTCAATTCTGTTTGTATACAGTCGCTGGTTTCTCGTGTGTATACCCCCAACTCAGTACCTCTTCGAACGCTGCGGCCCTTGGGGCCGCAATTGCTCCTATCAGAACACTGGTCGTCTGAAATGCGGAGAGTAGTT,1548,49.74,Drosophila melanogaster
SEQ_249219,TGCATCATTGGGGGAGAGAGGGTTGCTGACGGGACCCTGGGGCGCGCAGTATTCTAGTTGCATTGGGGGGTACTGACCTGCCAGGTGTGAGCGTGTTGGGCCTGGTCAGTATGATAACCGATGAACTTGCGTCCAGATGAGTGTCACCTGTCCAATGATCGATCGCGCGGTGACCAAGCTGACAAAGGCAGTCACACCGGTATTCGCTCATCCTTAAGCTAGATGCGGGTTGTCGGTTTTCAGCTGTAGGCGAGAGCACCGTCAAGTTTGCCTGTAAGTACCCACGTAAAGCAACTTTATCGCGCCCATTCATCAGTATAATTCAACTGATTGTGTTACGCATACATCTAATTGCCTCTGACGCGGAACGGCTGTACGGACAGCACGCGAATACCTCCACGCGCACTGTCAGTAATCGACCAAATACTTTCGATGTATAGATATACACCACTCGTGAGCAGATCGGCTATCACTGTAAAGCCCGAAAGGAATTACGATTATGCAAGTTTACGGGGGTGATGCCGAACGCGGTGGGTTCGACTCGAGAGACTGTGCTAGTGCAGGAGCACGTAATCCATCAACTACCTCAAACGGAGAGACCTCGAGAGGGGACATAACATCCCATTATGCGTTCTAAGCGCTTGATTAGCTCCCCGGTCCAGGAAGTCATTGTATGCCGTGGGAGCGCAACGGAGCGTCAGGAACGCCTTTTGGGTCTACGTCTAACTGAGAGAAATACGCTTCCTGATTCATCCTCTGAATTAAGTCTAGCGC,774,51.55,Homo sapiens
SEQ_475548,AGTAAGCGGAATGTGACGATGTATTGCAGCCACATTAGGTCCACCCTGCTAGATTCACGAGTGGCGGGGTCTTGCGCTGTGCACTTTACACGATCAGTGGCGAGACACGGGGTCGCCATGAAAGGCATGCTCTCATGTCGTGGCTGAATTCAGCCTTATTTATAATTAGGGTACATGCGAACCTCTCTAAAGGAAACCAATCAAATCTTCTCATGTGAGAAAAGTGGTCTTAGAGCGCGATTTTTCATTGCATGTGTAACTATATATGGCGAAGTCGTCCCAGCAAACGTCATCCGGGCTCGCAATTTTGGGCTTCCTCTGTTAGCTAGTACGAATCAGTTGCTCTTCTGTATCATATCGGAAGAGGGTGTACGGTTCACGTGACGAGAGCCCCCAACCCGCCCTCCCATGAAGACAACACCTGGTCTATGCCACCGCCCATTGAAGAAAAAGAAGGTGTGGACTGCCGCTCGGACCACGGTCGCGAACGATTACCGAGTGAAACGACCACGCGTGAATGGGATTACCTCACCTCGTGACTCGGGGGAATAGAACATTTGTAAATAATAGCAATGCCGCCTAAGCTGTGGGTTTCGGCAGTAGCAAGGCTTACAATTCATCTCAACGCCTGCCTCAACAGTAACCCGGACGTTTCGTTACACTGTGAAAAGGCTGTACCCACACACCACGTCGCGCGCCTACGGAGAAATGGACAAACGCAAGAAGAAAGACGATTATACGACATTACACGTTTATTCGATGCAATGAACTAT,773,49.42,Saccharomyces cerevisiae
SEQ_320490,GCGACGGATTCTTTGAGTGCGGCAAATAGAGTACTTCAACAGCGTACGGTCTCCTCTCAGTAGGAGACAACCCTTGCTCAGTCATGGTAGCACGGACTAATCCTAGGTCTTGGGTTATAGAATTCTCCATGTAGGAATAGCCTTGTGCGCCCGTATATATACTTCGGTAACAACATGTCCGTGTCACGGGACATTTAAGAGCATAGCATCCGTGCCATTTAGACGGGCGGGATATCATGACGCTGTTCCTAACAGCCACCACTCTGAATTATTTCAGTAATTAGCCTTCTGACTGGCCGGCATAATTCTGACATTCTCATCTTAATTACCCAAATGACTTCTGGCCTGTATGCTAAGGGGCTATCAAGTCCGATCTGCGCCAACACATCTCAGAGAGACCACCCAGCGGTATTAGACTGAAGGTAATAGCTATGAAAGTCGGGGCATCCGTTCATCCTCACGGGTCCCTCGCAGGGACAATCCGCCTTCCGAAGCTCAACGAAGTACGAGGGTACGTAAAAGCTTGCGGTGGCGTGGAGACTATCCTAATTAGGCATGTACTCTCATGAACACTATTTACGCTGGACTTGGTCCATCTGCGACTTTGACTCACGAAGCAATAATTGATCGGAGTAGTTGAGTCAAGACGAGACCGCCGCGTACGTG,666,48.95,Saccharomyces cerevisiae
SEQ_343680,GCTTTCGGTTGATGAAGCTAGGCGCGCAAAGACACATCACTCGTGGAACAGATAGGCAGAATGTGCGGATCGCCCCCTTCGGGTGATGACCTCTTTTCGTGTAGGGGGCCAAATAGTTGACGCAGGGCGAAACGCTATCACTAAGGTGTGTACGTCATCACGTACGGCCACTTATTTCGTCGGGCGCCTAATCGTACTTTATTGGTTGCCAACCTCTTGAATACGATGAATCGGCAGCACACGGTAGGATTCTTGTGTACGACTTGTACAAAGACGCGTGGCGATAGGTAGCAAGCACGCTATGAGGTGCGATCGGGGTCCCACGACTATGGCGGAGGCGAGCTCGAGTTTGATATCGCGCTTAACGTGTCCCCAATCTAATCAAAGCACGTACTTTGCTCAATTTGTGGGTATTCCAACCGGAGGCACATTAACCTCGCTCCCTCGACTCGCAAGCGCCAACTTTTTAGTATATGGTAACAATCACCAGGGCGCTAGCATCTATAGAAGGGCTTAAGTTCAAATTCCCTCTAAGATAATGAACCCGTGCCGAATGCCCTTCGGCGTGCCGGGCGAAGTCATGTTCTCCTTCTGAAATTCATCTACCATGCTTTTAAATTACACATGGATTGCGTACATACTTAGAACGGCGTGAAGACTCCCACTCGATTCTAGCTGCCTGAAGCTTCATAGCTGACACTGAAGCGTTCTTTCCTAGCCGTATCGTATGCCGTAACGTAGACGTTGTGCTCATATCCCTTTTTAGGTGCAGGATCCCAGTGGCTGGCATTCGATTGTTGCCCATAACTGAACTCCGCGGCCTGCAGT,828,50.36,Arabidopsis thaliana
SEQ_822805,TCCGAGTCCTGAGTCTCTCAGGCTTCCGGAGACTCCCCCAGTGTGTTGGGAAGCAAAAACGCAACGCGCCCCCTGTCGGTCGCATGTCCTTTAGTCTTTGGGACAGCCAACTGAGCTTTCCCCACCGTGTTATATAAGTCAACTTCGATCTCGCCATGTCCCCTGATGAACGCTCCAGAAGAACCGGACCGACGAGGCTATAAGAATCAAAGGACCAACCATTCATACCAGCGTATCGGAGAGCCAACTAGTGGGTACATTGAGAGCCGGGTTATGTGGGGTTAAAAAGGATCCCTGGGGGAATGGTACACGATGGGATCTTGAAACCGATACCGTTAGTGAATCCGTGCTCTGCTTACAGGTGTTGCCACTTACGATGACCCTTAAGAAACCTACCTTCATACGTCGAAGTCAGTGTCGGCCATTAGAAATCCCTTAGTACAGGTTTGTCCTTAAGTGGGACTAGGTTGAAATTTTTTTGCAAAGGATGTGTGACTTATTTCGCTGTGCTGGCGTAGGCTGCGTCGTTGTACCAACCTAGAAAGAGTATCACTCCGCACTCACGCGGGTGTGACACGAAGCAGGCTTGCAGGTTGCAGAGGTTGTAGACAGGGGTAAAAGTTGATCTCCCCAGCATTGCTATGGTTCAGCTTAGATTAACAAATTAAAGCTCTAGGACGATTAAAGCTTGTATTCTACGTCGTGCGGGGGTGCCTCTCGGTAGTATACGACGAGGGAGAGCACTCAGCAACTGAGTGTTTGCGCTTGGTGCTGGGAA,778,50.26,Escherichia coli
SEQ_445010,AGTAAGGATATCAAGGATTACCACTCCAAAACTGCCTTGCCTGAGGCTCTAGTCTGTCTGGGTAAAGCATTCTAGGCTAGAAATAACAATCTCTTTAAGATATGGAAACTTGCTGCGATCTACAAGGAGAGACATTGATGAGCGGCTCGCTCCACTCGAAGCTTCGGAGCTTTGCATAAAATGACACACGTGTGAGCGGTGAATAACTCTCAAGCGTATATTGCCAATATAGCGCGGGGGCTCATTTTTACCGCCTCAAACACGTCTCGAATTAAGACTCATAGATAAGAACCCTCCAAAGTTTCGGCAGGATTTCGGCTACCGGACTAATACGTGGTGGAAACTGGTGTGGACTTGGAACTGAAGAGAGTCACTATTAGAGCCATACAACCATGGTAATGAGTGGAATC,410,45.37,Saccharomyces cerevisiae
SEQ_320382,TCTGACCACAAACCCCTCTCTTTATGGTATGTATTGTCCTAGGAAGCCTTCTATGGGGGTCCCACACCATATCAGCTACCACCCAGACACGTGTTATGCGTGTGCTGTGCCCTCTGCGGCCAATTTTAGCAATAGCAGAACGAATGATAACGAGATCGATTAGTTTGAGGGGAGCCAACTCGAACAGACAATCGGATGTTCTCGGTAGCGTGGTCACATTCATCTCCGTAGCCAGCAAGTGAATAACTATTAATGCTTTGCTGTTATTTTGAATAAGCCGCGGAACCCTCCATAGAGATTGGCCTGGATGGCCTTTACTGACCGACGAATTTGAGTACGGAACTACATAAGGTGAGAAAAGTCGAAGGCTAGGTATGTTGCTAGACGGTTAGACCATAATTAAAAGCGCGTCGAGTCTGTAATCTAACGCCGCTTGCGTGACTCGTAGCGGGGAGAGACTGCTCGGTAGTCTGGTTTCTGACAGGAGGCCTATTTTCAAGCTTAGGACGGGTGACGTTTCGCCACGGGCACAGGTCGCCATTCGCTGGGGATATGCCGCCGCACTCATGTTGTATCACAGGACGTAACGCATAGGTGTCCTTAACATCTGTACGTACCTGTAACAGGCTCTTGGAGCTCGTAAATCGCCTAACTAATGGGAGTTACAGTGCAACTAGAGAAAACCCGTGCTAATACTTGTCCTTATAACCTTACGTTAATGTTGTCAGACCAGACTGGCGTTACGCGATATCACACAGCTGTCGTCCCTTGCAGTGTGCATAAGCACGAATGTGAGCACGGCCTTAGTTGTTCCGAATGACTTGAGTGTTAAACATCACAAATAGTAGAACAAGATCACGACCCTTTCGAGCAAAGGAACTCATGTAATACGTAACTACTCGGTTAAGCCAGTGCGCTTCGCTCCGGCAGCTATGTGCATCACTTCATTTCCGTACTTGGTGTGTGCGTTAGCTCCTTAAGTAGGCCCTACTGGCCGTGCGGCCTCTATCTAACCTTGCTTCTTTCTAGCGACTAGCGCCTACGTCACTAAGGCTTTTTCCTCGGTCCGTACTTGGGCCCTAACCTCGAGCTGGAGTTTGAAACACAACGGCTCTTTATAATTGGTGGTTGTCCTTCTTATCTGTGGTGCACTCTGCGTTATGCCCGCCTAGGATGCTCGAGGCGAAGCGTGGGCCGTCCTATAATCTCTCCACTATATTCCGGGATCAAAGGACCTAACTCCTGGCGACCAAGCGCTTGTTTGTTTGTCAAGTCGAGTAACGTTACGCGAATCCAGAATATCCCTCGCCTAATTCTCGATACTGTTGTGGACACACCGTGTGTGTTATTCACCCGTTCCGATGCCGAGGATAGTACAGACGCGTATCAGGACTCT,1396,49.21,Homo sapiens
SEQ_649379,TAGATACCAGGCAGCAAGACCTTTTTTCTCGGGTTGCGTTAATGAACCCCGTTAATTATCCGAACGAGGTGTGAATTCTAGCAAGATACACAGGCCGGGGCTCTTCCAATTTCACTGGTGTAGTATAATGGCCCTGTCCACTCACCACGCTGCGCTCTCGTTAGAAGTACAAACTAGTAAGCGAGTCCCGGGCGGATTCCCCTTCTCCATAAGTTCCATACATGAGCGTATATAGTGACTGCCTGCGGTCCCCTGCATACTTGCACTTACCAAGTTCTTCGCGTTCCGCAAGGACAGGGTAGGTCGCGCAGCATGAGTCCTGGGTGGGGCGTCCTGGAGATGCCCCCACTGTTCAAAACAGCTTTGTTCCAGGCACAGGTGGATTCGAACATGACCAAATGTAGAGCTACCTCATCGATCATCGGCACACGTGCGCACTGCGAAAAAAGGGCATAACGCCAGAGGCCCAAATACAGGTACTCCAATTCCATTTGGGTCAGATCTAGGGAAGGTGATAGTCCTAACAGAAGTTAAAACGTGGATACTACCACAGGCTCTACTCCCATTAAGCAGCATCTGCCAACTATAATTTTACAGGATAACCTTCCGGGCCGCCCAGTATCGTAGGCCTCCAACGAGAGCATTAGCTTGACCTGACCTGAGTGGCGACGGAGGGGAGACCGCTCGCCAACACACATCGGTATGTATTAGAGACCCTAGTGTCAAGACCGTTGAGACGGTGTTCGCTCACGTTCTACACCCATACCTGCCTGAGGGCAATCGAAATTACAAAACGTGCTGTCGTGTTAGGCACACCATTGTGTGGGGAATCATGCTATCGGTACGCAGCCCGAGTTCCTTTATGTTTTGAGAATGGATAGTACCTGCCACGAATGTAGGTGAGATCTCAGCCCATGTCAATCAAGCGGATGCCAATCGCTTATTATACGAGTTAAAGGGAGGCAGCACTAAGACGAAAGCTGATCGATACTTCGTCTTACTGACAGCCTAATAAGACACATGGAACTGCGTTGCTTCCACAATTTTCATTCCAGCCACCTCGAAACCCTTATGTTGGGTAACTCGTCCCATCGGAGGGCTACCCGATACAGGGGGGCTATAAACCCACGAATGACTGGTTCCACCTCCTTAGGTGACTTAGGGGAAGTCTGAGCAGCTGGCGTAGCCCCCCTGGAATGCCGCTGTAAACGCTTCGCTGGCTGGACTATTAGTTCAACTTGGTTTCGGTCATTTCCAACTCTAAGACTTCCACCATTTGATATAGCTGGTCGGAACGGGGCATCCTCAGAGGAATTACCTGTGATCGCCGTGCCGGAGTCACGTTCCTGCAGAGTGCAGAACCAGAACGGTCCCATGCCACTCACGGTCACATGTGATTAGACGCTTAACCGTCTTTTGGCCCAGACGCCCACGAAGCTTCCAGATAAAATATGCCTGCTAGCTGTGTAAAGGACATATCCCGTTGAGACATGCGGTGAGGCAAGTCCCTCTCTCTGACACGCCGTACCGCGGTTTTAAGTTAGCTGTTTTCGTTTTTAATGCAATCCAGGAGGAGTCTAGCGCGTATATACTTCAGTAGTGCTCTAGGCAATGTACTGCCTTGACCGTTATCTCCACATTCTGTCAGACTGCAGGACGCCTGTCACAACCGAATACACGTGGCAAGATAGGTACGCCGATAGATCTTCACA,1712,50.7,Drosophila melanogaster
SEQ_878510,TGCCAACTATTTCTGTGGTAATCACGGCAGACGTGTCGATGCCACGGTTCACAAGAGAAAGCGTGTGGGGAGGACTATGGCGTCTCGCGTTGCGCCTCATTTATTAGCTCTGAGCTTGTGTCCCTGGCCCGGCTTCCGAACAGTTTTTACCTCCCGTAAACCACGGTTCGATGTTGACGACTTGCTACAATGGGTATTCGTCTTTGATACTTCGTATGTAAGTACCCCTCGTATTTTCTTTCTCACAATACAGATAAAAGAGTTTGCCGATTCCCCTCAGATGTATGGCTGTCCCACCGTCCGTAGATAAGGCAGTCGAGTGGATTCCATTTCAGTCGGTACTCACCGACTATTAGTGAAGGTTGGGCAGCAAGATTTGTAGTGCTTACTTTGCGAGACGAGGCTACGCGTCCAATGCCAGCGCCCGACTCTCTTACGCTAATAGTCTCGTCTCAGACAGAAAGGGCGTGCGGGAACCGTTGGTTAAGGTGCGGTTTCCACCGCCTACCGGCGTTTAAAGGTATCCTCCTCGCGTCGGGTACAGTTTAATGCGCCGAATAGCGATCGAGTATTCTCAAGCCTTAGTTTCCCCTTTTTTAGGTCCGTCTCGACACTATTAGTATTCTAGTGAGTAGGTGTCGAAAAACTATTTAGTTCTATCGCGGGATTAAAAGTCCAACCTCCGGTGAACCATCGAATGAATCGTAGTTGCTTATTAGATCAATTTAGCACTACGTTGACATAGCTCGTTGCGCTCCTAAAACCCGTTGCGTCGAGCTGCCTAATTGATCACTATTGGTGAGTTAGTCTGGGTAGTCATCAAATCCACAAGTCCAGCTGCATTGTGCTTACGAGATAATGCATTCATCGGTATTTGTTACTACGTTACCCCAAATCAACGTCTCTACACTGATGCAGTCACCTCCTCATTTGCCTGTCTATAGTACCCGGACCCACCGCCCCTGACTGCACGCCTTACCTGGTTCCAAAGATGAATTGTAAAATCTTCCCCTGCAAGTTTAGTTGGCAATGGCAATCTCGTGCAACGCCGTGGGCTGCCCCCGTACATCATTAACCCGGTGCGGTAGGCGGTTCTATCCACCACGTTACAGCCTAACGAGAACTTAGAGGGCGGAGTCAAGTGTAACTGGTACCAAATGCCCTGTCAAAACTCAGTCCGCATAACGGTGGTTGATCACTGCCTATCATAATGTGAGAGGTTGATAGGGTTTACATTACGCGTCGTGTTAATTTCATCTCGTACCGTTTGGATTGCAGGA,1280,48.52,Saccharomyces cerevisiae
SEQ_211715,CCTGTTCGCCATACCAGTGACGCTGAGGTCAGACGGAACATGGTGAAGAGACGTCAAATATGGAACCACCTCTAAGGTAGACTTGCTTGACCTCTAGATGTACGAATGCCTATGCAGTGGGATAGACCCTGTCGGATACTTTTCTAGACCGGTTAAAGACATCCGAGACTTGCTCGGAACCCCCTCTGCCACGGCAATTAGCTATAACTACGCATGGGGGGGCAGTCCGATCCCTACTAACCGACTCTGATACTTCAAGTTATTCGTTGCGGTCTCACGTGTTCCTCTATCTCCTCTTCGATATTAGGATGCAAAACCGAGATCCGGGGTTTCGGGTGGTCTCAATGCGAGGACTTATGGTTTTTAGCGAAAGTAACAAGGACGAGCTTTGGGACACATGTGCTATAGCAGTATGTTGATGGCTCCTTCTACTGTTCTCTCCATAGGAGCCCAGCTCATATGAAAACATCCCTTCCAGAACAATATATGTTAATTAACCCGATTCTATACTGGATCGTATTCTGGCCGCGTCACACGCGGACTATCGTAGCGTGCGACACGGATTACACGTGTTCGCGTGCCTAGCGGAATACTACAAAAGTCATGTCATTCAATGTCGTGTAGTTTCCGGTTAAATAGCAACTCAGGATTACGTGCTTGGATGAGCATCGTCAGAGGTCACACGACCGTAGACCAGGGCATGGCACCCACTCCATGTGGGCTCGCCCTACTCCACAACACTTATCCTATTGGATTCTTTCAAACTTGTTGGCTAGCCTGAGGCCACTTCTTAATACAGGCACAGGTTCGTGTATGGCGTGTTAGGTTACTCACCGGACAGGGAAGTATCCGGCAACATCGTTCGTAACCAAACCCCAATCTTTAGTGTGCTTCATCCTGCGCAGTCCATACTCCGCAGGATTCTCGTCTTAAGCCATCGCCTCAGCGAGACAATACTAACCTACCAGAATACTAAAGGGTAGATC,986,48.88,Homo sapiens
SEQ_227890,AGTTTGTCGTTAGCAGAAATTACTGCCACATCGTGACTAAGTTCAAATAGACCGGGATTTATGTGTGGCCGAGGCCCGCCGAGTAGCCTAGGTTCTCGACATCAGGACTAGGTCGTATCCGTATGGGT,128,50.0,Homo sapiens
SEQ_894382,TACTCCAAGTGAGGTCCTGCGGTGTTCTGAGGCTCCCGGGGCGTTCCCGGATCTTTCGTGTATCTACTCCAACGATGCGGGAAGCTAACTAAGGTCTGGAGTCGAACATACTGCCCACGAAGGTTAAGCCGGGTGTTTACCCGAAGGGTTTCAGTTTGCAGCCAGGATGCCGCGTGACTCCAACTTTACTTCATACGGGTAACGGCTGAAACTCCCGCATGCGGTCGTGATGTAGAACGGCACCGAATGAGGTACCTTTTACAGTTCCGTTATGACCTGTAGGTGATGGGTTCTAATGCATTACTGGCAAAATAGCTGTCTAGTATGCAGTTTTGAGATGCTGCCTTATGACCAGGTTTCTCCGTTGCGGAGAGGTAGGCTGGAGCGTCGTAGTCATTGCATGCTTGGCTGTTTGTCGGACTTTGTATCCGGACCGGGCAGTCAAAATTGCATCCAACGGCCTTTTAGTAGAGACGCAAGGATCTATATACAATCAAAGTCGCTCCACGTCGGCTTAGATGTCGACCTGCGGGTAACAGCAACCATACGCGCTTTACCGTAGAATCACCCGTTGACGCTTAACGAGGCTGCTGCCTTCTATTTTAAGGTGGAGAAGCTAGTGTGTTTTCCATTAGCATATGGCCCGCACTGTCCTTCTGCTGGTCAACGCTCGATGGACGTCCAATGTGTCAGCGTGAGACAGGTACGGATGATACACGTCAGTTCGGACACATTTCGGGCCGGGTATTAATCCTCCCGGCATGGGTACACTAGATAGTCGTACCCACCCAACCGGGCCTGCGCTTCCATGACGCTCGACTTTTGGACAACTGCTTTCCATGGATGTTCCCATGTTATCCCTTGGGTAATGGCTTTGGATTAGCCTGCGTACCTTATCAAACAGCTAAGGTATTTTCGAGTTGCAAGGTCAGTCATACAACCAGCTTAAGTGTTTACGGCTGTAGGAATACGGGGCCGTACATAAACCCTTGTGTAAGGCCCTATTCTAAGCCGTCAGCTAAGATACACCTGTTATAGACACCTCGCCTCCACTATGCACGGGTAAAGAGGGACTTGCGGGGAGTTCAGACTAATGATAGCTGGGCAACGTAGCACATGTCAACATCATATTGTTGCAAAGGCTGGGGCCACTTATCTTCACTGTGCTGAGTAATCACATCCGTTGTTTAATTGCTAACCTTCTTTGACTGAC,1213,50.12,Escherichia coli
SEQ_941383,TTGGATAACTAGGTCGGCGTTTATAGCCTGGGTCTAAAGCTGGCGCCGAGTGGCTCAGAGGTTGGCACTCAGAATCGCCAAAAGCCGGGATCAGGGCTCAATTCGGGTCAACGGATCATTTTTTACGCCGGGGCGTGCGGCACGTCGCAGTTGCGCAAGTACCGTCTGCTAAGTGTCGGACCATCATAGGGGGTTGCTGTCATAAGATTGATCATCTGATGAACTATTGTTTCGCCTTGCGATGAACGGTAACGTTCTAACTCAGGTATTTTGCCCCGCTCATGTCGCGAAGCTGGCAGGTATTCAGCAGGTAGCCGCAGAGGTGCAGTACGTCTATTTTTTTGAAAGGGGGAGCGACCACGTAGGTGTACACTCAGTTTCGAGACCAGGAGGAATTGGTAGGTCAGAAGCTGCACATGCCGATAATTTTCGATATGTTGGGGGAAACGGCCCGGGTTTTACGAGCGCCCCGCCGCTCTCCAACTCCACAGGTTATCCGTACAAACGATAAAAACCACGGTTGAGATCTGAGAGTGTCAAACTATGACGATGAAGGGTAGCGAACCTTGGGTAAGCAACGTCCTTTTACACGTGCATCGTACACTATCCGCTCCACGGACCTCTCGCGCAATTGTAACTGTCATAAGCGATGACCATAGAGTAGACGAAGTCGCGCCTGGTGTTTAGGTAAATCTTTTTCTGTGACCTGCGCACAGGATGT,721,51.46,Mus musculus
SEQ_778568,GGAATTCGCCCTCGATTAAGCAGCGGAATACCACGTCCGGGGAACGTCGTCACAGAATCTACGCACACCGCTTTTCTTTTAGGACTTAAGACCAGGTGACACATATTACGCACCTTAGGTGCAGCATGGGTATGAGGAGATCACCCACGTATCTATAGGATCTGGGCTGCAAGCCGTCGTTTCAGTCGAAGTGACCAGTACGACTGGGTCACGCTGCTATGTAGAACGTGCTGCTCGTTGTACGAGTAAATGGGAATCGCTCCAACGGATTAATGTTCCGTCAACCCGGCTATATTCGGGCCTCATAAGCGGTACTCAGATGATCCTGCTAAAGCCTGGGGGATCCTAGTGGAGCGTCCTTGGTTGTCCCTTCACCTGCAAGGGTTAAATACCGTATTCTACTGGACTGAGCCTGGGCAGTGCGGTCTGGCGCAACGCCACATAGTTGGCACTTAATCAGGAACAGCCGTGGGTTCATGGCCCCAGCAAGCTTACCGGACTACTAATGGTGGTTACAAACCGGGCCTTAGAAGTTCCTACTCGAATGTTCAAAGCTCTTAATAGTAGGAAGGTTTGGAAAGCTTGCTACTTCACGGGGCATCCGCATTATTGATTATTGGACAAGCAGTACAGGGTTCGGTACCTTGCTGATAGACTGATGGGTAATATAGACAGACGGTCAAACGGGCCCCAGGTCATGCACGGTCCCGTGAATAAAGACGCGATGGATATCCGGTGCAGAGCCCCATAAACATAAACTGCCTGTATTTAGGCCCCGACCTCAGGGTGTAGAATCTGGGTAAGACGCCAACACGAATTGTCGATATGGGAGGGCATTGTCGGCAGCCTAACCTATACAGATCCTACACTTCATTGTGGTTATGAAGGAAAACCTGGAGAAGTGCTCCTAGCTGGTTTTTCTTCTCCGGGCTCACACAGACCGGTTTCACGAGACCTACGAGATTCCCCCTACGAGGAAAGCACCGCCCCTCCAGACCGGATGCGTGCCAGTTCATCTAAGTGTGAGTAAGCCTGGGGGTAAAAACAAGTAGAAGCTTTTGCGGCAGATTTGAAATTATCTTGACCAAAGGGGCTTGCCTTCAGCCACTCTCTTATAGTCTATGGGTGTGAAGGTCGACCAAGCACTTAAGTGTAGCCTCTCTAGACTGTCTCCATTATCCATAGCCGGTTTTTAGCAACCGGCGCGCGCGGCCCTTGAGGACAGTATTTGGCTCTATTGATCTACCAGATGGCTTTATGGCCACCTCGATGAATTACATTGAGACAGCAGCGTGACCTATCGTAGCACTTCAGGGTGGGCC,1322,50.91,Caenorhabditis elegans
SEQ_858481,GGCCAATCCAATTGCGATGGCGAGAGGGTCTTACCTTCTGTGTTTTTTCATACACTCCTAACTAC,65,46.15,Homo sapiens
SEQ_220777,AAAACTACGATGAGCCCAGCGCGGTATGATCAGACGGGAACGGGATCGAGCCCAGTGGACGTTACCTGATCGCTTAATGGCAATTGACCAGGATCTCCTATCTGGCTGTTAATCGCGGAGAGAGTCTTAGTCAACACTCATTCTTTCTACCCTTGCCGGCCCTTAAACGGCCCATGTGTTCTTATGTCTCGAGCTGGTTAGGTGACCCCTACGACTTATGGACCGGGGACTGAATCAGCGTTAGTCGCCTCTCGTCCGTAAAACTTACAGGGTCAATTTCCTACGGAAGCGAGCCACTGGGTTATCAGGATACAATACTGAACGTGGCTCGTGCTGTCATGGTATGCCTGCGTTCACTATTAATTTTTTAAACCTTATGACTGAAATGCCGACGGTGAGGCGGACCCCAAGCTCATCTTGGCCTTTGACAGTCCGATATCATGTGATACTTTGGGACTGCGGGTGTCAGGGCCAGTCATGATAAGGCTTAGTTTCCCTTGAGAGGACATTGAGACGTGGCGGTTTTCCAATACGCGTTACCCACCTACAGATGATAAGGAGATCACAGGAACTAGTCACGCAGCGTGAACTCGTTAACCGCTGCGCTTCTGCCAAGACTGGAATTCGCGACGCGGACTTGAAGCATGATCCGCGGGGATGTCATTCTACTTCTTATCAGATGGGAATAATCTGTTCAGTAGTAGAGGAATTTATCACAGCCCTCTGGCTCACGCTAATCGGTAGCATTGATATGAATTTGGAGTACGTAATCATGCACGCAGTCAACGGCTACCATCGATTTGGAGTGATCCTTGCCCTTGTAGTTACGTCCACGGTCGAGAGCTCAGAGGTGGAGAGAATGAGGCATCGTGCACAAGCCCGAAATCTTAGGAAGTACGTCGCGTAAACTCAATTAGTTATATTGTCTAGAGTTTGCAACTTCTGGGGTGTGTGGTTGCCGGTTGTGACCGCGTTGGGTTCAAACTAGCCCTATGCAGGCTTGAGAGCTCGGTGGGCGGATGATGAAAAGACCCTTATCTGCGGGAGACTGTTAAGAGGAAGGCCAAAACTCAAAGACAGAGACCGGTTCGAGAGCTGCCTGGCATCTACTTACTGACTGATACCACCCTACCCTCTCTTCCTGAGGGAACGGGTTGGTCGGTGTTATTGACGGGCGTTGTCCTCGATAGTAGTAGCTCCTTATGTTCAGAATTTAGGAGAGCCTTTGGCATCGTCAGTTTGAAACCGGCAGCCAGCAGCAGACTACGTGCAACAAGTCACGCCGGGGCGACCACAGTCGCGAATAGAGGGAGAAGTCCGACGGACAACCCTGCCGGTCAATACCAGGCTCGTTCAGCAGCTCATACGGGAGGCTTTTGGCGCAATAATGATGATACTCTGAACTGGCATGGACATAAATCTGGGGATCAAGCAAGTAGTACTTTCGGGGATGGATGGGAAAGGAGTCGGACGATAGTGGCAGTAGCCCTAGTTCTCAGAGACCGAGCTTGAGAGGCTTACTTTCAGACAGATCGGTGCCTGTGTGCAGCCACGTCGCTTGGAACAAATGCGTATCCCCCGCTAACAACACTGCCCTTTCCTACGCAATCACCCGCGCTCCGCCTGGCCAATTCTCGTGGTTAGAAATGTCCGGAACCGTCGTGCGAGGCACCTCGTGGGGGCAGAAGGTTGAGTTATAACTTAAAATGTTTCTCGAAGCGTAGGTA,1727,51.19,Homo sapiens
SEQ_626969,CATAACACAGAGCGACTAGGGGGTTGTTGAGCGTTCAGCCGTGACTCCTTAATAGACCTACCCTGCCATTAATACGGAAGCTTCTCGTGGACTGGGAGTGTGGGGCACTGATAAACTCATGAATCTAAACTATGGGCCTGTGTGTGCCGTATAGCCCCAACCGGATATTGTACGAGAGCTCGGCGATGCGTTGAGTAGCAATTCACGTGCGCAGCGTTCTCCGGCGCCTATGTCTAAAATTGACTCGCGTTCGACATCATCATTGCTTTTACAGGGCTGAACAGAGTCCTCACAATCAAACACTTAGCGATATGGCAGTACATAGGATCACAGTAACCACGTTTATCCGTGGTGGAGATTCAACGATACTTAGTAATCTGGAGCTCTATCGTCTGCTGGAGCCATGCACTCTCTATCGATCCTACTGTTTGGAGTTGTCGCACCGGAGAAGCGGGTCCGAGTCAGTTCTTGGGACACGCGACGCCTTATGAGCGGGGGAACTGCGGGAGTGATGGGGTGAAATTTCGGCAACTAAGGCTACTCATAGCCAGGGCCTCGAGTTACTTGCTACAAAGCATACGTTAATGCTGGGCATAGAGAAGTTGCTGCTGCACAAAGTGCTGCTGTCCCAGCCTAGAGGCACGAGTTTTAAATGAGGAAGTCATAATTTGTCACATAACTCGATGGCAAGTAAGAGATCACTTACCCGCGGAGCCCTATGTAATGGGCTCGATCTCCAAGGGTGCAACGCGCGCTCTCCGGCATGGTCATAGGAAAAATCTTCTGGGGGATCGGATAGCACATCGAATATGGTCGAAAACATTGACGGGCGGGGTCCGCCTTTCTGGCGGTCAAACGCTTTTAAGCACTGTTGTCTGATACCCTGGTATGGAGCCAACTAGAGACTCCCCAGCAGTGGTTATAACCCTTAGGCGCATGAATCGAGTCGACATCCGTTAGCTACCAGAAGCCATTGGACGCAGCGGACCTCGGCTAAGGATACGTTGATGGGATCTGTCTACGTAGTGACTTCCTTGCGGATCATCCTACACATGCACTACCTCACACCGAGTGGCGGATCCCTAGTATCGTTAATCGAAGAATAAGAGCGAATAGGTCTGCTTCGCGATGCTTGCACTCGTTCGTTCTAAGGGCTAAAATATCAGGTACGCCTGCGGAAGATAGTAAGACCCTTGAGGTCTAGTTAAGACCCAGCAGCAGTCGAATCGCGAAATGCAACACACCCGTAACCTGCGGTTTAATTGGGGACGACAAGATATAACTAGCTCTTGGAGGCTAAAATGTTACCGTTACCACGTCTTTGCTTTTATATCGGATGTTCTAACTAGGAGATTCAGTTTGCTCATTCCTAGCAGCAGCAGCAGTCGGATCGCCTGATGAATTAATGCCGAGAAAACGTCTATCAAGCACCATTCTCAGGCCCGGGCATTATCAAGCTTCTTGCTTAGAGACGCTCATGGGTGCTGATCTCATAATATCTATGTTACACTACACATAACCACTTGGCTCGACGGGGGGCGAGACCCACCCTAGTCATTGTCAGACAGATGCGATTAATTAGGCTTCAATTATTCAGATCACGTCCTACCTTCTCAATGGCAATACACGCGAGTGAGGGTCCCCTAGCTTTTCATTCGGAATCATTTCGCGTTCGGGCTTTCAACGTCCGAGGCCAATAAGACACGCATAATTTAGATATCCTTCCACTACTGCACTAGTACTTTCTCCTAGGCATTCTCTAGCATCTCGTAATAGTGTCTTCATTTGACAGGCACACATACTCCTCTGCGTGACGTGGTAGCTGTCTAATCTGACTGCCTCGGAGATAGACCTCCGTAGTCCCGCTATGCGGCCCGTGACAGCAATCTTCGGAAGTTCGTTAATGCGACATTAAAGC,1918,49.43,Caenorhabditis elegans
SEQ_800121,CATTCTCTGAACAGACACAGATTTCAGCCAGAAGCCCTCGTAGAGGGGCGGGCCCCTTAGTTGTGGATCTCTTGGGCGTCATTCAGTATTAGCGACTTTCGTAGCAGGCGCGCCAGCAGCAGGTTCCTTCTATGGATGACAGGCATAACCCATCTTTCCGTACGAACTTACTCGCTACGTTCCGTGTCATAAGCGGTCGCGGTGTCGGGTGTCGCTGAATACGCCTCGAAATCGGATGCCCTCGAGCGACTTGGGATTATGTTCTACTCGCGTTGGTCTCATAAGAAGACTCGAAAACAAAGGGGAGAGATGATATAGTTATATGTCGTCGACTGCTCCAAGACTACTTTAAAAGATGTATTTCATTTAAATACTAGACTAGTGTGGCTATCACGAAGGCGTAAGTAGTACAACCCTCAAACGGACACACCTCACCGTTATAACGTAAACGATTTTCGATAGCCGAAGAGCCGCAATTGGTCTCTCACATCGGTAACGGGAGGCGCAAAAATTGGGTCGTATGATTTATCTTTTATCCTGCATCTTCCGTTGATATTAGAAAATGTCACAAGATGCTATAAGGAAAAGATTACGGCGGTATACGGCAGGGGACCAGCTTTCATCAGTCCATACATAGCGGACTGCGGCAGCGTCGGGCGTTCGAGAGGACAACTCTGCCCGCGTCACCATAGGTACTGTAATTCTGCTTAACGGCTTTAGGGTCGAATCCTTTTCACGCGAGAAATACGTCTCGACTCAACTATTATGAAAAAGGCAGCATATGAGCCCCCTCCTACAGAATATATCCCAGTGGTTTTTATCATTAGTGATGTACCCTACCAATATCACTGCACCAAACTGCCTCGTATGATGATCAAGTTGATACCACATGGTCTATAGTGCGGGCACTGGACTCCTGGTGTTTGGTGGAGTATAGATGAGCGGCTAGAACTAAGGAGTGGGCGTCACTGGTCAAGAAAGAATATGGGACTACGACGTTTGGCCAACCGGGAGTCACGACAGTTATGATAACTTACAATAGTTGTCCACTCCTACTCAGACTTGCGCGAACGGGGCCATAACGATAGAGATGTCGATCAAAGACGACGGGCACCTTTGACAACATATTGAGGAGACACCCACAGCGAGGCCTGAATTTGCAATATCTCCGTTTTTGTTGGATGCCCAGCATAGGATCCGCCCGAATGTATATGATGATTACGTTACAGTTGGCCATGCTACGAAGCTTAGGGCATAGTCGCAATGGTCAAAATTACTAGTTCGCGTTACTACTCATTATCCATTAGGTCCGTTGTTTTTATGCACTGGGTTTTAGCACTCCTGTTGTCGTAGGGTATCCGCCCTGTCACATCTGCGCCAAGGCCAAATAGTGGGCGCCTTCGAATCCAGCATCGATGGCTCACCCAGAGGTGCACCTAAAGAGGCGGGTTACAGCGAGGACTGGTCCCGACAACTAGCGCACTCTGCAAAAGCCATCTTCATACCATCGCCGAGACAAGTACATCGAACACACGTTAACTCATTATTATAGTACCGACGGCAAGGTCAGCAGTATATGGAGTTACTAAGCACGCTAAGTGGAAGACTAGCTATCCTAGGTGGCGTGACCGTGGACGGACCGCGCACCTGGAGGCCGGCCCAGGCGGATATCATTATTTTTTTGCGTCAGGCTATAAGCTCACAAACTGGAACTAACACTGGTTTTGTATAGGCATTTATGAATAAAAGTCTACCTCCGTTGAGCCTGAACTGAATAATTACCTCGGTCTT,1791,48.07,Saccharomyces cerevisiae
SEQ_501605,CAAACCCGCTATTCCTGTGTATTTTAATGCCAACGCTTGAATAACGCGCGATGTGAATAAACTACCGTGTTAGACCCGACGCTCCGAGCCTGCCGTCAAATCAGGTTAAGGATTTAACGAGCCAGTCGGCCTAGAGAGCGTAACGCTGCGTGTTCCAGTTGACGCCGCCCTGAGCTCTATTTTTCCACTCAGTGTAGAACTTCGGAAGGGGCAACTCGTGATACTGTCCTTGGTTGATAGTGAAAATAAAGACAAAAGCGCTCCCCTCTATCTGCGGCAACGCGCGGAGAGACGGTCGGTCTCCGCATTCCGCCATTGTAGTCTAAGTGGCGCTCTTGTATGAAAGAGCCCTCGGGATGTACGAGCCGAGTTAGACAGAATTGATGTCGGCGACGGCGTAGCCAGCATGTTATCGAAAATGTTAGTCTGGGTATCAAACTCCCGCTGTCCGAAACAGATCTAAACGGACACTAACTAGACAATACCCCCATATGACATAGACAACCGGTACGACGCGACCGCCATGCGAATTCAGACAAGCATCGTTGTCGTACTAGGAGAAGAACTCGGAAACTTCGGCACCAGTCATTATCGTCAATAGGGGTGGCTACGCTCAACGAGTCGGTTAGAGGTACCGGATACCAGGCGGCGTCTTAACGCTTTGAGTAGTACATGAGCCCCCGCAGGCTCCGATTACGCAGTATCCCCGGCTCACGATCAGTAGGTCCTCTGATATGACTTTAACTATTTCTCAGTATCGCCCGCCCAGAGCGTCCGGAAACCTATCCCGACGTTCATGTGCTTCGACCTATACGCCTTGGGCTAGGATGCCCCATCCTATCGCATAGATAGGAAGAGGGGACATATTCTTGTCGACCCGTTGAACCCAAACGCGTCTCCCCGTCAGCTGTTCAGTCACGTTCGGGACTCACGACCCCTGCTTCGGGCAACAAGTCGGTATAGAGCTAACTGCTGAGGGGGCCGAACTATTGGTTCGGTGGGATATCGTTTTGCCCAATGACTAGGCCGTAAGTTGCCATAGTGTTCGTTTGCTGTGGTGATGGGTGCACTACACTATAGTAGCTATGGACCGATGTTGCATCCAACACTGGAAGTGCACCGCATGGAGCCCCCAAATTACAGACCTCTGCAAGGTTATGTAGGTCGCAGGGTGGCGACACCGCTGAGGGCGTTCGATACCATACCAGTGTAGGTAAGGTGCGATTTCAAACAAATCCGGAGAGGAGTGAGATAATTTGGAAATTTAGAAATGACTAAGTAACGACCTAAATAGTTCATATGGACAAGCAACCCGTGCCTTGGTGAGCCACGAGCGTATGCATTAACGACGTTGGTGTACTCTCATACGG,1370,51.39,Drosophila melanogaster
SEQ_622063,ATCGTTGAGCAGTATATGTTAGTATCCGACGGGGGCTCCCTAGGTGCCTCGGAGCTAGATG,61,54.1,Drosophila melanogaster
SEQ_689339,AGAAAGGCCATTCACTATTACAAGGAATTCCTGGCGCGCGCTTATATTCATAGCTAGGCCCGCATGCTCGGTCCCAACCGCTTATGGCACCGCAGAACCAGAACAGCTCGTCGTTGGAGTGAATAAAAAATCCTGTTCCTGGCCAGATCAGATCCATTAAACATAGTTAATCAGATGACTGTATGAAGCGGCTAGCCGCCTTGTACCAGGCTGAAAAGTCTCAGAGAACGTCCGCTCCGGCGAAGGGTGTTTCCAGTAGTTAATCGTAGTGCTCTTGCCTGGGCTCAATCAATCATTGGAGATGCACACTGCGTGTGGTTGGCTCCCGTGCCGGTCGAAGGTAAGATCTCCCGTCTTACGTATAATTGTTTGACCTTAAGAGTCGGGAGCTTTACAATCGCTCACCATCCAGGTGATTGTCAGATCACGCAATTCTGCAAACGGGAGATGGCAATCTGCGTTTTCTTCTCCGGTACGCGCCGCCTATTGTCTCCACCAGGGTACAACTACGTCCTGGATATACCACCCTGTCGTCATTGTTGGTATGAAGTGTCCCAGGTAAGGCGCAGACATCAGCCCAGGTCCTCGTTACGGTCCGAGAATCTGTCAATGGACCCTTCGGATAGTTCACTTCTGTTGCTGTTGGGACATGGACTAACCATGTTGGCACACCCGAAGATCGTCTGAGAAGCTGGATCATAGGTCCATAAGCACGGGCCTCCTTCAAATACGGCTGCTAACACATAGTGTCCCTAGAGCATGACTGACCACCGTAAATCTGCGGAGATCATGCAGGGATTTGGCGACAACTGAGTTTTAGAAAACTTGTTCACCCGTTGACGCTAGGCGTATGGACTTATCCCTTGGCCTCGTAGATACCTATCCTACGGCTGATCTACGGACAAACAAGGTGACCTACTGCGCGCAACTTCTAACTCGGTAAACATCAGAAGCATCGGGGAAGAAGAGGACAACAGAGATGTCGCTCGCACGAGGAACCTTATGCGATGACCATGCTGGCGCCTGAAGGTTTTATCCAGGCATGCGGGTATCGCAGAGGGGACGGAAGGGTGATTTAACGTGCCGCCCGCGAAACGTATTTTGTTGGTAACCTCTGGTAGAGCGATGGGTTCTATTTCATCAACTACCCGACTTCATATGGATGAAAGTACTATTGCTTGGGTCTCTTAGGTGTCCCACTCGGAGTTCACGTGCACGAGAATAATGATCATTCCCCAGCAATACTAATCTAACGGTTAATCGGGGTCTAAATTCACCGAGCCGCTTGCGTCTGATACGTTTCGCCCGGTAATAGAGTACCCGAACGCCCGATAAGGAGCTGCATAGGCGCCCTCGGGGTCTGTCTGTATTAGTTGAAATCTATGCCCCGTAATTGCAAACAAGTGATGCGAGCGGAAGTCTGGGCCCACAATGCTGGCGTTGGGTGACCTCACAGATGGAGGACTCTCATCTGCTCGCACGTGACGGGCAAGGCCGGACTGGATATCGGAGTGGAGACCCTTTGACCATCTATCTTGCGACTTATCGCTCAGAGGCGCAATTTGTAAAAGATCGGGACTCAATGTTAAAAGAAATCGACGATCAGTGGTGTCTGGCTGGTGCACAGCCGATATGTTTTAGTAGTTGCGACTCCATGGCGAGAGTGTATCTGAACTCAGACAACCGCCGCCTCTTAACCCCCCCAGAAGTAGGCGGGCAGAACAGCGTCGCTACTGTCTGCTGGCAATCTGGCTTTGAGGCCGCCTATCCTTCAGC,1776,51.3,Mus musculus
SEQ_747323,AGTCCGGGCTTCACCATTGTTTATATAATAGAAAGTGCACCAGATTGATACTCAGTGTTCAAAAACTTAACCGATATTGCTTTAGCTTACCTCCCGCTCCATTACAAGGTCTGTTTAGCGCTCG,124,41.94,Homo sapiens
SEQ_925258,ATAGGATGGGATGTTAGCGATTGACGCTTAGACGCGTAAGTAACCACCTTAGGTGCACGCAGCTTCCGCCGGGCGATGGTGGATTCCCATATGCAAAGCTCAAGTATGAACCAAGCCGATGCTCGCCCCCTCAGTAACAGGAAGTTCGGACGACCACTCGCTCCCCCATATTGTTAGATACGCGGGCGGTAGTGTCGCCCATCTCGGTGCCTCAAACGTGGAGTCGGCCACTGAGAGGGTGTTACACCAGTATCCGCGATGTCAGGGGTTCCGACTGCCGCAGTATGTTCGGACAGTGCATTGTTGTGCGATGGCGTGGCAGACCTCAGGAGTCTTGAATCCGACGCATATGGTTATGTCGCACTTTAACTAAGGTGAAGCCGTTTGGTGACCCCCGGACGTCGGTAGAAAGTATTTATAAAAGGTCTTCCTCTTCTTTCCTAGTAGCAGCTGTCAAATGCCTTCAGTGTCGTCAATAATATGTAACAAGCCCGACGTACACCGACCTTACGCGTCGCTTGACAATTACCAATCGTCGCAGCGCAGATGAGGCTGGTGTGCAAATCAGCGCAAGCAGAGCCCGTACCTTTTTCCGTCGCTCGTCGGAGGTCCATGGGTAGAGGGGCGCAAGATGGTCGCGGCACAGTTACTAAGGCAACACTCTCTAGGCGGCTTGCGATGAGGAACAAAAGCGTCGCGAAGCACCGGCCTAAACCTTTAAAACTTGATTGAGGCATCCCTACTTTGCTGCCCGGGCATATCGATATTATCCTCGCTCGCCTCCCCCCTATTATCTGTCAGAAATACAAGGATGAAGCAATTTGAAGGCGTGGTATTAGCGCAATGTTAGATGACTGGATGACGCACGAGAGAGACATGAGATTCACGCCAGCCTGAATGTTTAATTTCGAACGATTTGACCCCGTTTAGGACCGTGGTAACGGCCTATCTAGATTACCGGGAAGCCGACTGGGTGCGTGTTATGAAGAGTTGGCCCATAGTATTCCAGCTGCTGTAACAGTCAAGCCCATTCTTTTCTGATGATGTCCATAGCCAATCACGTGCCACGGAGCGTTATGCACTAGGTGCGCCGACTCATCCCCCAATAAACAAGGCGGAGTCGATCGAGAGACACTCATCGAATTACCTTGGGCCAAACCGATCTACCTGATGAATTCAGTTAAGGAGTGGGCAATATATACTGCAGGTCATCGCGCACCGTTGCAGAGGTCTAGATAGTACACTACGCGCCAAGATGTACACGCTCAGTACTATCACGTTCAGGCCGCTAAATCAATTCATGGAAGTATCTGAACACGACTCGTGCGAACCCCGCAGGAAAGACCCTTCACTGGATTAGCGCTCCACACGCACTACGTTGTCGCTTCACGGAAAACCGGCACCCCGATTAGCTATCATATAACTATCCCGTGTACTAGTGCTTAGATGTAAGAGGGCGAACTAATCTAGTAAAGGTATCTATCTCGCTGGCCGATCCTCGCCCCTTGACGTTACCCGATCTTGACGTTTGATGGCGTTGACCTAATCGTTTCTACTATCTCGTCCTTTATACACTATACGTCATTTCTAACAGTTTTATTACGGACGAAGCATGAAAACTACGACCGTCGTCGAATGACTGATTACG,1648,50.67,Homo sapiens
SEQ_321203,GTGACCCCAGAGAAGGTACGGTAATTCCACCTGTCTTTAATTTAGTACTTCACATTCCTATATTAGTTTTTTC,73,36.99,Mus musculus
SEQ_915308,GCTAATGGAGTCGCTCACGGTCAATGGGTCATTGAAGCAACTGGACCAAGGATGTGCTACCTTGAGCACCAAAACGCCCTTGCACGGCAGGTTCCTATTACGGGAGAACTGTTTGAGAGGGCAATATTTTCGGTGCTAGCCTAACGGGATCTGTAACGGAAATGAAGTCTTTTGACCAAGTGCGACTCGTGCCTACTTTTAGCGCTGAAGTCTTAAAGAGGGTTGGCCTCGTGAGGTGTCCTGTCATTAGACGTATAGATTCGGGTCTTGCGTATTGCACCTAACGATCAGAGTGGTCGAATAAGCATCGGCTCAACACGAAACAGATTAGTTTGCCACAACCGGCGCGCAGGTGAATTCCTTCGGTCATGCGTCGATTTACCCGCGTCTAGTACCGAACTGCAGATCTGGCCCTCACCCTTCCGCTCCGATGCGATGAATGGGGTTTAAAAGTGGGAGCATCATGGTTTAGTCACTATGCTTCCTCGATAGGTCTTTATTTTCAGCGAGATGTTCGTGGCGAAGCTCGCGTTATACTGAACCCATCAAGATACGTCCTAAAGATGGTTGGGAACTTTCATTTCGCCGCCCGTCATAAAGTAGTAAGCGAAGCGAGTCTGCGCCTCCCCGCTCG,634,50.47,Homo sapiens
SEQ_132088,ATATCGCCATTCTCCTGTTCAGGCACAAGCATGGTCTTGTAATCCAAGGCTTCCCAAATCTCCAGGCTGATGTCGAATGACGGTGATACTGTTTTCCCAGTGTATGCGAAGACGACGTTACCTGGTATCAGGAGAGGCAGCGAGATTCGACGGCTGGGGTCACCGTGCAAACGGAGCAGCGCGCCTTTGGCGCGGTGCGCATTACTCTCGATTTCCGAATTTGTCCTGGAGTTGCGTAGCCACAAATTGGGGCAGTTATCTAACGCCCTCGTGTCGAAGTTAGAGAGTCGCTCAAGGCCACCTGACGCCTCTTGAGCTTTGTGCACCCTTATGGACTCACCGTTAGAACCCTGGCCGATGTGGGGTACTACTTTATTAGTAGCCGATACATCTAAAGGGGCGCGATCGTGCTTCTCTCCGTCGTAACTGGGGCGCAGTTTCGGGCACAGTGTGAATCTTTGGAACCACCATAGCGAGCTCCTGCAACACGGGCGTAGCCGACGGGTGTCTTTAACGGAGACACGTATCCGTAATCGTGGTAGTGCTTATACGCTAGTAAAATTGAACAAACTGGTCCGCATATTCGACTATTACTGATTACTCGCTTTTTCGCGCTAGGACAGAACTTGTGTCCGAAGTGCTAGATGCACCAATTGCTCTTAAAAAGCGCCTTATTCCCGTTACGTTGGACGTAAATCGCTGGTCCGTCGAACCTACTGTGATAACGACCTTCCACGAACACAATAATCCTCCCACATCTGGCATTTACACCCTTCTATGTTTCAGACAGTGCGGAGCTGAGAGGATAACTTCATGCCGGTTCAGCCGTCTGACAAATTCGCAAATGTTCCGAGTTCACCAGGCGAAAATCTTTTCTATTACATGGTTTTTCCTGTAGACTCTGCTGCTTAAATGCAATGAGCCTAGATTGCCGAATCGACACACCGATACTCCACTTCCTGACAAACAGGACATACTTCCGAAGCAACTATGCTTGGGTCCACATTTGAAAATTGTGGAGGATCGAACCTTGACACTTTCTATCTTGACAACCGGTGAGGCTTTTGGGCACCCCGTAATCACGGGATCATACCTAGAAGCGCTACGCTTTGCAAGTAGGCGTTAGTTGACGATCCCAAGCGAGATACTCTTCAGCATAATCCCAAGCGCAGGTATATGCTTATCAGGCAGCCGGAGGACGAGTCTTAAAATTTGGTCGGCTTGTGAATTACAGCGTAGGAACGTGCAGAGTGCCATTCTCCAATGTTCCTGGGACAGGCACATACGGTCAGCATAATCCCGATTTCGTTGTCCAACTCCCTCGAATTTCCGGGTTAAAGGCACTCTCGTTCCTGCAAGTTATAAGGCGTGGGGACTTGCAGTCTTGTGACTTGAAATTTGCACGAAAGGACACAATACGCTGGGGCAGCCTCGATCACTCTAAGATACGACTAGAACTCAGAGCGGCCGCGGGTGGGAAGGATGGTAGCAGACTACACTTGGAACAGAAGAGTTCTTAAGAGCAACAACCTCTTCGCCTGCCTAGTGTCATGTATATTCTTTCACTCTCTCATAAGCAGCGATGTTCCCGTAGGCTTCGGCACCTTTACTTGGTTTCTTGCCTGGCTCGCCTCAGTGCCCTCGCTACCGTGTTAAAA,1658,49.82,Homo sapiens
SEQ_412151,GGGACTTTTTTCTAGGTATTATCGGTATACGTTCTCAATGTTCAGCCGCCGCGGCGTAGTCACTGGTGCATGCCTTGGAAGCGTCCTTCATGCCAGCGAACCTGCGTTAACATGGCGCCGCGGATGTGGACAATGAAAACGTTCCCCATAGCTATCGTCACAACTCTCAGAGCTATGCTTGTCGTGCAGTTTCCTGTGGGAGCAATCATGGCCAGGTTCGACGCATATCGTCGGCCTAAGCCTAACTGAAACAGGTCGGGTATACTAGCTTTGACCTATACAACGTGCTATTCGGCCCTGTAGAGAACTAAACATAACGAGTTGGGAAGATGGCCCAGCACTTCTATAGGACACCAATTATTGGAGAGATTTAGAAGTTGAATGACGGACGCCGTGTCCCTCCGTCTAAAATGTCGACCGAGGGGCCGCCAGCGTTCAGGTGGACGGAACAGTTGCAGCCAGTTGCAGCGGGTTACTATGGACGTATAGCACTAGAGCAGACGTTTGGTTGTAACTGCCCAGATACTATATACTCGAGTGGACAACCGTAACTAGTTTGGGAAGGGTGTAAGTAGGCCGGTAGCCCCTGTGGTGTCGATGACAACGACTGTGTGACTCAGAAAAGGCCCCTGCAATCGAGTTTTCATCATTCTGCGAGTCGCTGAGGTAGACCTGGCAATGACCCGCTCCACGGGGGGCAAATCCCGGGTTTATCGCTCCAAGGAAACGATAGTCTCCCTGGGACAGCCACTGTAGGTTTATGTCGACACGGTAATTGGAGAGTAATCACAATCTTATGCGCGGTCTCAATCTTGCCCCTCAGGGACTGATGTTCTCAGGGACGCGTAGGGCATGTGGGCGTCATAACCAACCGGCTTGAGAGGGACCAGTCTTCAGTCCTCGATG,906,52.21,Arabidopsis thaliana
SEQ_984777,CGAACGCTGTACGCGCCACATGGGTTTATCTTAGGGGGATATCACTCATGTACTGACACTTTAGCTGCAAGAGGAAATCCAGACAGATATAATGGGTCCAGAGTCTCCCACCAGTAACAAATTCGTCTACGGGATTAGTTGGAAGCTTGTCAGGATTCGCTGCTGGTAACCATCTCTGGCAAGCGATGTCTGTGTGCATGCGCATAACCTTGTCATAGTGTAAACTTAAGCTACCGATCCGCCTTGTTAAGCCATCTCATGAGCTCTAAAGTTTCTGTGAGGTATGTAAGATGTAAGTCTGAGTCCTATGTACTGCGCCGTCGGTTGCGTGGCCATATGGCCGCACTTGCCGCATCCCACGGCGAAAAGTGGACAGTCTACCATCCTTCACCTATCTATGGAGCTTCCTGGCAGGGGACCCTTCATCGTCCGCATCCCACAGATGGAGTTCGGCACAAGACACAACATGAGGGGAGGTAAATCTAGCGACGTGGGGCGTAAGAGCGACTTCGCTAGCCCTTGAGTGCCTTTTTCGTATAGGAATCCCAGATCTTTGGCTTGCTTCGTCCCAGTGTTAGGCGGCTGAATATGTAATAGCCAAATGTAGTCTGGCATATACCGGTTTTTGATCGTCGTGTGGAGCCGACTTGTAGTATTATCAGACGCTGCATCCGTTGTCCTGCGTCAGCATGTGTCATTTGAAGCACGAACTGATATGGTAAATCAGTCTATCTGCGGTACGACGGCGTGTACTAGATAAATTGAGAACCTCCGTGAGATCTGCGGAGTTAGATGATTGGCGACATCCGCGCAGATA,817,49.57,Arabidopsis thaliana
SEQ_699078,GGAGGTTTTGAGATCTATTAACCTTCGAATCTCATCCCTCCTTGCGTATACATTATTGATA,61,37.7,Drosophila melanogaster
SEQ_990537,CGGCAATCGAAGTGGTCTAAGCGCAATTTCAGATATCTCTGGACGTTGGCCTAGGGTAACCACTTGCAAAAGAGCGCGAATCCAACTGAACAAAACACTTTATGAAATTCCTATTCTCCTCGTATAAACACGGTGCAATTCCTGGTACGTTTACTGCCCGGGGTAATTGCCAGCTACGTTCTCGGGGGTATCTAAATAATCACCGATTGCAATTTCATATCTGCGTCAATGCCGGAAGCTAAGTCGTAGTGAGGACACTCGCCGTGCTGGTCTAGAATAGATATGAGTGCTGTGGTCTAGGATATCTGAGAGTTGCTTTGTAGTAGCAGGGCGGCTTACCAACAGTAAACCGTTTCCAGAGGATTATGTCGTGATCGGGTTAACCCATGCGCCGTTCTATTGATGGTACGTGATGTTAAGACCCCCCGTGGTCGCCCTAGCCCTAGGTTGCATTGTTGATCATTATTGCGTTCGGTTGGTAACTACCATCAAGTCGCGCACCTAGACGTCACAATTAACTGATCTCTCTCTCATCATACATCAGTTGAATAAGGACTCTCAGGCCATAGTATGGCCCCTACTGCGAACAGACCCGCAGTTTGCCTTTTATACCGCAGCGGCTAGTCTAATCAAGACCTCAGGAAGGTGCTACGCACGATGACCACACTAGTCAAGAGAAACTGAAATCTTCCCCGTCGTGCAGTGGCGGGTCTGGCCCTTCTAGGTAGTATCCATTTAAATAAGGTAATGACCCTGGTGATACTGTCCCATGTAACTACTTTATGGCAGGAATCTACGTGGTATAAGTCGGATACCTCAAAGTCCCGCCATAAGTCTCCCCGGCTTCAAGGTTATGGCCGGATAAGGTTCATATACGCGGGAATACCCGGCTGGCAATATTCCGAGCGAGCCAGCATCAATCACAGGCCGCAACAGAGCTCACGGCTATGTCGTATCTCCGTTCCCTCTCCTAACTCGACCTTGTTTTAATTTTCAATTTGCCGGGGAAGAGGGCTAACCTGAAAGAGGCCGGTTGCACCACCCAAGTCACACACTCACTTAGGTAGCTCAAAGGTTCGGACTGCGAATTCCAAACAAACGCCTGGCGATGACATAAAGAATATGAGTCAGCAACGGGTGGAGTTGGTCCGGATCATCTGCGAATAACCAAGCATTGGGAGCGCTTCTTATCATATTCTAGGGTCTGTCACAGAACTGAGGGACTTGGCAACTTCGATCACCTTCGAGGCACGTACGCGCTCGTTAAACGTTTCAACAGAGCGACGGTGATAGCGGTCTGAAATCCTAAGAATATCTTGTATCCTCCGTTTTAAACAAATTACTTCCAGTCGACACAACAAACAAGCGCGACTTATAGGATTAGAGATGCAACTGCACGAACCGAAGTTAAATGGTGGCGCTCGATCTTTATTATACAGCGATTACGTTAGGGTAAGAAGCAAGCTTCGTTGGAAGTCGAGCTTCACCCATCCTAGGGCGTTTGGCTAGCAAGGGAACGAGATTTCCGTGGGAACTAAATATTGGTGAAAACACCTTCTATATGAGGATTCAGGAAGTTACGGACCTGTCATTGGATCACGACGATCATAAGACTCCAGTGGTAACGCAGTAGCAGCATATCTAACCAGATATGAGACCTGTGCGCTTCCATAGATTGGCGTTAACGCTAAACAATTGTGGACAAATCGTTCGGGACCTAGATGCTGATTGTTTCTCGCCTGCCGTCTTACAATACTATCCGGGATGGGCAGATTAGTCGCACGGAGCCGTCCCTAATAGGGGTGCAGATCGCACCGCCAAAAGACGTATTCGAATCATGGTGTTGATCCTTAACTATAAAAA,1863,47.83,Drosophila melanogaster
SEQ_244062,TCCGCGGATGGGTGGCACGTTAAAACGTCTGAAGCAAAAAAGGTACTTTACTCGGGTAGCGATCAGGCCAGTCGCCAGCCTTTTATAGGATCCAGGAGCATTGGTATGCCTTTTGGTGTCACGCTATCGCAAATGCTTATGGACAAACGATAGCGGGCACTTCGTCTCAAAGTGTCCTACCAAATCCGCTTCACCAAGAACCTAAGTGATAGTTGCGGGTGCCTCACATCGCAATGGCTCGGTGAGCAACGCCGGAGCAGTTACGGCTAAAAGCCAAACGACGTAGTTTGAATCGAAGCGATGCTTATCATTGAGTATTAGCCTGTACAGCCTGACCTGTCGTATGTCTGGGTTACACAAAGCGGACTAATAGTCGGTCCGGCTAAATGTCCACGCGCGTGAAGATTGTGTGAGCCGATCGCGCAAAAATTCACTTTAAGGTTATATGGGCTTTGTGCTTTGCGTTTCGGACAGGTACATTGTGACTCCGTATTACTCGTATAATATGACGCCCACATAATATCCACGGCTGACGGCGTCGCGCCATGGTAGAGAACGTGATTAGCCCCATTGCTGCAACTCCAGCGGCCTACGGTTACGCAGGGCAGAGTATGGGGCTCAATGTCAACTAAGAGAGTCTGGGGTGGGCAAACAGCACCGTCTCCGACGAAGACGCTTGGAAGTAGTAAATACAGCATACCGTGTAAGCGAAAGCACGGCATAGACACGCAGAATGCCTGTAAGCCTCGAAAGGATGACCGGGTCATTAATCTACCCGGTCGACGTCTTGAAGCTCGCTACGAAGGCTAATTCTGACTACCATAAGGTCATATACTTGGATAGGGTGTCTGGAAGAAGTACAAGTGCTTTCCGCCCACCCGAACATACGATCTTAAATGATATTGCTGGTCTGTCGATGACTACACTTATATAACATTGCCTTCTGCAAGGAATAATGACGGTGAGAACAAGTGCGAACCTATCTCTCGTGTACATTCTACAGTTAATGGGCCGTCGCTCCGGTGTTATTGATCCCCGCTTGAGGATACGGCCGCTGGAATGTTTTTCCCTTGATTGCTGGGCCAGAAACGCCGGTCCCTGAACGAGTGTTAGGGTTGTCGTCTGCACTAACCTTCAGACAGCAGAATCGAATTCGCTTATGAACGATATCTAGTCAGAAGTTGATTAAGTCATTCAGAGAATATTGGGCCGGAGGTTCAGCGTAGTCCCCTTGGCGTAGACCTTTCCACAAAAAACTCAGAAACAGGAGCAGTCTGCGATGAGATATCATACCACGAGTCCTCAAAATCTCACTACTATCTCTCATTACCTCTCGGTGGCTTCAATGCTGAATTTAGCAATCGAGATCTAGGATCTAAATTAGCGGCGTGTGAAGGCGCCCCTACAGCCATCCCCGGCCTATATCGGTTCTTCGAAACAGCCAACAATGATCAAGAGCAGGAGATAAGCGTGTGGTCCCTCTTGCCCGACTCATTTGTGAGCAGGGGGGGTCAAAAACCGAGCTTGATTCTCATCATGTGTCATTGTTCGGACACAGGCTCCTCCTGCCCGTTGCGGTTTGGGATCATCAAAAGATTCAGGATGGATGAAAGCCTCGGATAGCGGTCCGGATCAGTGATCGCGA,1645,49.48,Mus musculus
SEQ_760473,CGCTGTTTATAGTAGGCTGTAGATACCAAGCGCTGATGATAGGACATTCAAGATACATATGAGGTCAGTGTAGGGCCTGGTGTCGGGATACAAAGACAGCAGAAGGCGCTCCATACGCGAGCGGTCCCGCCCCATGTATTTAAGTTTTGCACGTTCAAGTCTGTGAGGATGAAGTCATCGACCTGGTCAAGCGGGTAGAAACCCCAAGAGGGGCCTCTGCGGGACTCTCGTGTATACCCTGCGGCACCAGGTCGTAACTACACATAGTGGCGTAAAACCGCCCATTATAAAAGTTCCCCGGATACGACACTCTGACTCTTTCCGATTGCGCGTTTACGCTGGATAATATGGGTCTCGCAACAAGAGGCCCGAACGTACAATCGCGTTGCGATGACTGAAAACCGTCACTGAAGGAGTTGGTGGGACAAGCCACAACATACGTATGTCCTGGCCACGAGCAATCGTGCAGATACCACTTCATTCGCTTCGGATAGAGAGCAGCACAGGCTGGTAAGTGCTAATTCTCGTGCTAATGTCTCATGGTGTGGTTGTCAGAACGCCTCGAGATAACAATCCTCTTGGCAGGTTAATCAGGACTTCCACGGATAAGTGGTGTGAGTGACGCCACCGCTCTCTTCTAGTGGCGGCCAACGTTCTGCACTGGGAAGGCCATGCGTAGCGCCGCGTGTAGAAGCGAAGCTTGGGAGTAGGATCTATGTGTCTGTTGCATTTGTACCATGCCTTCCGTCGGGCATAAGTGCAATTTAAACGGAGCAGTAAAGCCATATCTGACCTGAAAGGAGGCTGCCAATAATTCTAACTAATCAACTTACTTCATCGGCGGGAACTAGTGTTGTAAAGAGTATACGTGGGTCTACCGGATGGCGTCATAAACCATAACGTACCAACGGGACTACGGACTTCTTTCACTGCACTCACAGCCACTGAAAACTATGAATGTCGGTGGGGCCCGAGCGTTTTAGTTCCAGCGTGGCTTCTGAGGTATATTCCGTGGAGGAAAGTCAAATTTGCTGACTCAATCCCTCTGTTGTATGCTGATTCAAGCTTTTGACGCACAAATTGCGGAGGCAAAGATTCCGCTGCTCCCGGTATGTTCGAGCTTCACCGCCCGGCGCCAACTCCGCTCCGGGATTCATACAGGGTTAGTGCGAGTCGCTGCCTCCTCGCAAGAGACTATACACAGGCTTTGCGCCTGCTGCAGTTCATTCT,1230,51.22,Caenorhabditis elegans
SEQ_850910,CGAACCGTGGTTTATAGCTTGCTCTGTACGCTAAATGTCCTGCCCGCTGTGTCCGTAAGTATCTGCTTGATGCCACTTCTGTAGAAGCGATAGGAAGGATTATAAGTTTGGGTGATTGGTACTGGTAGGGAAAAGGGGTTCCAGCGTATAATATGATTGCATCAGTCCGACTCGGATAGAAAAATCATTGCTTTCACACCCCAAGGTAGCCTTGGACGGCATCTCAGTAGTCGTATCGGTCAGTCATAATGGGTACTCAACAGCGTCCCTCAGTAGAGTGCGCAAAGCCGCAGGAGTTTCACGATGCGGCGCAGAAGTGCGGCGTGATGGTAGTCTACGACCACCGGCATATAACGACTGCAAGAGAAGAGATATTATGTCTCCTCTACGCGAGTTCCGTGCGCCATATGGGATACACTGACCCGGGCGGGCGCTGTGAGCTAAACGATGTACAGGCACACTAGCGGATGTCTACCTGTTCCCGCGCAATGAGGAGACGACGAATCGGCGTATCGGTAAAGGCAACCGTGAGTGTGGTAATGCCGTCTATGCTCGGAGCATCCGAACTCGCCCGCCATACAGAAGCGTAATGCTTCGGCTGCACCATCCCGGCTATACGAGGGACCAGAGTTAACTCGGCAAGTCATTCAGGATATGAGCCTCATTCACGCCCCTCTCCCGTATCACTCCGTAGGATCGCCACCTGGGAAATGAGAAACGTTTCAGTGCATGACTTTTACAAGCACCCTCCTACGTTACCCCGTAATCAAACGTAACCTAATCGCGCAGGGATCCGCCCAGAGCTTTTCCAGACTTCTGCGTCCTTCCCTAGAAAGGTTGAGACCACCGGCATCACGGCAGAGTAGGAGTAACCCCTCTCACGAAAGGCTGGTTATGGTGCTTAATCAATTTCATCCACCAGACCCTCACTATGAGTATGATTTATCAGGGGAGTGGAAAAAAGGCGCCTATCTCACGCTACAACTATTTATTTAATATACCAGAGATGCTCGACTGGCAGAACCTGATACAGGGTAAAGACAGGGGTCTTGGTACCCTCGAACACCTGCTCGACTAACTTTCTAGAACAGCGAGGATCGAACTACCGCCGCGTTCGGTGGCAGGATGGCAAATAAGGAACACGTTAGTTGCCTTTGTTCGTGTCATCGGGCCAGTACGTGATGGACGCCTTTTGGGTTCTCTAAGTGTCAGAGGATGTTTCAACGGGAAGCAAACGTGAATGGGACCTAAGTGGGGTTTTGGGTCCCCTTATTTTTCGTTTCGAACTCGACTCCGCCGGTCATTCCCAACTATTTGTCATGTTAAGTATAAATTTAACACGGTCTTACACTCTCAGACACGCATTGGTTCCTAATTGGATGTTTGTGTGACCGGGAAGCCGAGGGGTTATGTTGGGCTTCAGTATGTGCCACAAGTTTTATTAAGCAGATTTAACCTGGACTGTTGGCTGAATGTTGGCCGGCTTATTAACACAGCACAAGTCTGTCGCCGGACTTATAACGCAGTGCTCCGTCGCATTGAACAAATGTCACTGTCCGTTTACGCCATCGACCCATACGGAGCTCACTTCAATTCATCCATC,1603,50.16,Arabidopsis thaliana
SEQ_883623,GGGGCGGGAACGGACATTCCTACCTTACCGCGTTTTGTTGTGCGTCGACCTAAATAAAGGACATGCCTTATCTTAATTGAAACCTATTAAACAGGCTCTGCCCTGAGAGCCGCAAGGCCGCTGACTTTGTTGGAACGTTCTCAAGGAGGGCGGGCCAAGGGTTACACGGATGGCTAGACAGAGTACGCTCGCTTGGCTCCACTTGGCCGGCCTTACGCGCGGAATGTCTACCCACCGGTGGAATAAGGATATATATGTTCTGACCCTTCACGTGAAGTGGTTCGTTAATTGGCTACTAAGAGTTACTGTCAGCCTTGACACAGTCGGACGTGCGCCATTGGGCCTGATAAGGTTCGTGGTTAACACTACAGGTTCTTTAGGAACTTTGGAGCGAGCGGGGGAAAGACGGCTAGGGCGTGTCGTTCGGCCGAATCCGACACTCGGCCTTGTGACCAGTAGTTAGGACAGTTAAATGGCAGTGACCTGGTCGGGTCGCGCCACCGTCATCTACGATAACGAATGAGTCGGGCCCCAGTTGCTGCATCCCACGTAGGCAAGAACGGCCTGGGGAGAGACTAACTCTCACGCCAGGCTATTCGAAAGGGTCTTCCAGGGTTCAGGATCTTCCCTGTCTTGGTAGTCCAGGCCCATGCTTGACTGGGACGACCTTCTCTAAACTACGTGCGCAAGCCGTCCCCCAGAAGCGTGCATTGACCGAATAAGGTAAAGGAATTCTTGCTGTAAAGGTCAGCAGGCAAGCACAGGCTATTGCGTG,775,53.94,Arabidopsis thaliana
SEQ_742715,GTGTTAACTTTGAGATGGGTGGTAAACTTGAGTGGGAAATCATCAACCACTATATGCAAGCTGAGTTCATTGCTTCGGTGTGTACCTGATATGGCTGTTGTATCGCGGCGTACTGGCACCGGGACTATGGCCGCACCCAGCGATTATGAACTACATTCTGATGACGTGTGCATGTGATCTTTAACCTCTCTAGGAGTCTACGGTGGGCTAAGGTCCCCCACCGCAGGCGTCTACCGACTCCCGACTGGGGCCCGCCAATAACAAATTGCTTGAATAACATGCAGCGAGACGTATTGGCGGATGTGATAACTCCTTCCCGTGACCACACAGACGACGTTGATTATCCAATGTCGTTTCTTTTTCGGACAAAAAGTTGTTGTCTTGAGGAAAGTCTGCATGAGCAGTACAATGTTCGGTGCAATTTACGCAAGAGGAGGACACTACGGACAGCCTCGGTTACGAAAACCGCAGGTGACAAGGTATCTGTATGGGGCGACTCCATCTATGCGTATTTGCCGCGACCGATCCTGTTTTGTCGAGACGCGCGAAACTAAGCATTGTTCATGTTTAAAACCCTAGGGGCCAAACCGGTTTTCCGGCGACGACATAGGCTCAGTATCTCAGTAGCTGCTGATCGATGGTTTTGTGAAGTCATCCGCTCGTCCGGCGCGGGCGGCTCCGTTTGGATGAAGGCGGGTGGGACGAGAGCTTAAGCTACTGATGCCATGAGCTACAGTCGCACCTCCTGCGAATATTTTTACTCCCGGCGTCTTAGCCGACACCATCTCGTATCCAATTCAGGAAACTACTCGCCCTTAGGTGGATTTCACTAGTAGTATAACTGACTGATCGGCCGCTTCAAAATTTCTTTCTTAGAGGGCATGGACCGACCGTATCCTAATAGGGATCGGTAGCATTCGGAGAGGTCCAGAGTATCAACCAGTCAACACACCGCGACCTAAGTGCTGCAACGGGCGCGCAGCGTAGTGATAAGTAGGCAAATCGCTTTGCTACAGCGGTTACACCGCGAATGTGGCCTTTAGGCCCCTGAGTAAAGCCTACAAGACACCGCCCATGGACTGCTCCGTATCACGATACCCCGTACCGGATTTATGGTGGAGTGGCAAGAGTTTGCGATGCCGGACCCCCAAATGACAGGTCACCTGATAGGCCTTTCCATAGTATGGCTTGCACTCCGCCGAAGATGTCTGGCATACTAATTCACGATTACTAATGATATTGGTGTGCATTACGGTATAGAGAACGTCAGCACACCTTACCCGGAAACCATCCTGGGCAGACGAGCCGTACCGGACGGATGCGAGCTGTGCTGAGACATGCAACGCGTAAAGTAAGGACTCTGGTAGTTCTAGGCGGCTCGACGTACATCTCACACGCCCTTGGATTCCAGCCACGCCTTTTAGCATGCTTACGGCGAGGCTACACCCCTGGTTCATAACTTTGGGACTTTATTTATAGCGTTTTGTAAACCCGACATATAACCAACTACCTCTTGACTGCAGATGTAATAGTAATATGGTTCCGTGAGACCGAGTGTTCACGTGATCCGAGACGCGTCTCAGCAGGGCATCTGACCAGGGCGCGGTAGACTGAACGCAGCAACCAGATACCGGCAACTATCTCGAGTTTTATAAGTTGCATTCGGGACGTTACCAGGGTGAACGTCCACCTGATCGACATAGAGTTGTTCTTGAGCTTCTATTCG,1726,50.98,Saccharomyces cerevisiae
SEQ_374050,AGGTTCGGCTACCTTAGTCGGATGTCTAGTACTATCAAATTGCTTTACAAAGTTTATTCATGGCCCACGTCACGGAGCCATGGGGAAGCGGTTCTGTGAGACAGGGCATAAGCCCGATATGCCTATTTGACGCAACCTTCACAGTTAGGCGAAATGAAAATAGGCCTCATCGAAAGTGGCGTATTCATTGCCCCCGCGTGAACAAAACGCGAAGACAGATTGTGTGATAAGTCATTTATCAGACAAAGCAACCTCAGTTCCCGCGTATCGCGCAGTCTAGCATAGTGGTACCTTGGCTTATACCACAGAAATTAGTGAGAGGCACGTGCTATAACACGATTGTGTGAGACACAACAGCGAGCGATACATAATCCTATCCTCTCACTACACATGCTCAACCTTCGATGACGTGCACACCAG,420,47.38,Saccharomyces cerevisiae
SEQ_750769,GGTAACCTGGGAGGTCCAAAGCTTCAATCGGGGAGGTTGTCAGTGACACCCATCTACGACACAAGCCACAACAGTATAGACACACACACTTCAGGTTTACTGCCGTTAGTGACCAATTGGTATTCAATCTCTTGAAACTAGGATCCTTCTGTGGGGTCAAGTCGGATAAGGACATCGCATAACTTGCATATTCACTGTATCTTTCTTTAGAGCATCAACGAGGTAGGTGTAGGCAAGACCTACTGTGGTACATAGCTACGTGTTTCAGTATCAATTTCAAGTTACTGCGCAGGCCTAAAAATGTCTGGCGGTATATCTGATGCGCGACGTTTGTCTTCGCAGTTAGTGCCCAAACCAAACATCGGCCGACTTACGTTCTGTCCTTCGTCCGAAGAAAACCCTTTAGGAACCTTCTCGCTCGACAACTGTCACTGGAAGGGAATCTAATTCCTGACCGTTAAACCATTGGATTCATTTCAACGCGTGAGCATAGGACGTTTATCAACTGCACAATGAAGAATGCGTTCGTTTTCCCATCAAGCCGGCTTTGACCGTCCATCATGTTCAAGCACAGCTTTCGGGATTGGACGTCAATGAGTGACATGTTATTTGCTGCCAGAAGCCGCGACATCTTTAGGCAGCCGCTGTTGACGATAGCCGCCCATTGGTCTTAGGCTGTTACTACGGCCTGGATTCCGGTTCATAACATACGAAAGATTACACACGGAATTTCCAGGAACCTGTTCTTGGCCTCCCACCTGTCAGTTTTATCCGTACACTGTTAGACGACAGGGCGTCCCTCTCAAGGAAACGTCCTTGTCTAACCAATAAACGGCCGATCGTTGATCCGCACTGACTATTGTGCTGTATCATCATATGGTCGCCGCAGGAAAAGGCGGGTACCAAAGTAGCCCATGCATGCTGAACCACACTGAAAGGGCTTCCACGTTCTTTGCGCTAAAATTGAGCCTGCTTTCGCAGACGGATTTAGTGGATGACCCTAGACCAAACGCTCAAGGAGATTTGCAGGGACTGGCGATCCACTTCCCCGCAATACCGTGTCCAAAAGCTTTGGCACTTAACGTAAAGCAAGTGTCTCACTCACGCAGACCGAGCATACCGGAAATACCAGCATCGTCACCGTGGGACAATTACAAGGCGACCGTAGAATCTTGTGCGAACACGTAGCCCCATGGCGATCATCGTGCGAGGATATCTACGCATAACGGTCCCAAGCGACAATACAAGCCTGACCTCAACGACCCCAGGAGGCATAGATCGCTATACTCTACGTTAGAAATTTCGCTATAGGATGACAGGACTAGTCACATTCAGGTACACGCTGGGTTGGCTGAAAAGAGATCCCTTTATCACAGCTTGGGATGCTTAGAAATCCGCTGTTGTTAAGGTTCACATGTCCTGTATTGCTACACGAGGTACGAGAATATCGAGGCAAGTCTATTCC,1465,48.46,Caenorhabditis elegans
SEQ_562669,CTTGACTCGACTTCTCGAGCTGCAACTGGACCTTATGAAATTCGAACCGCTAGACTAATGGCACATCAGACAGCTCTTCGCATGCTCGCGTTACCAACCTGTTAAGTTAGCGAATCCATGCGCCGAATACAACGGCGCATCATGGCTCGGCGTATCGCGGACAAGCTCCATGGTCCCTTCACGACGGCCCTACGGAATCACTCTCCGCTGCGGCGAGTCACTCTCCCGAGGGAGCGGGC,239,56.9,Arabidopsis thaliana
SEQ_406226,CTCTTCTGTTTCGGAGTCGCCTGCGGAACAAGGAATCGGTTAATCTCTGGCTTACGAAGCCTGTCTTCATAGTAAACTGGCTGCTGCTAGGATCCAAGATATGGCCCCCGTCACTTCGAGATAGAAACGTGCGACGTGCTATTGCCCCATCGCCTCCTGCTCACGACGTCAGATCCGCGTCCATGTCCCAGGCAAACGGGACCCCTAGCCAATGAGGATTTGTGCTCGAGTCACGGTCATGCGTCTTATACGTAGAGTAGTTCGTTCTACGGACTAAAATGTTGTTGACACGGTTCCGGCCCGCTTTGAGAACCATTTAGTCTTCTTGACATTATCCGTCCCAGCTGATCTGACGTGGAGAATATCTAGAATAATTCCCCAACTAGAAATAAGGAGTTGTGAACCACGAGGCCCATGGGAGACACGTCATTGCGGCTCGGATAATAGTGAATAGGTATATGGGCGTACATTCGAGGGGCGGTGATCATTCGATGTATCGTAACTGTCAGCTACGAGTCTATGCCTGACAGCCTAACTAAAGGACGTTATGGTGCCCTTTGGTACCACAATAACCTTAACTCGCTATTCGGTATTGGTGAAGAGAGGAAATACGTAAAGGCGCTGGGCTGTTTTACCGCCATATTCAGCTCCCCGGAATCAGTGGCAGGTTGTATTTGTGCGAGGAACGAAACCACGCTGCAGCCGGTGTTGGCAGGTCACCAATCCTCGGTTGGTGTGATCTGTTTATACCTATGGAGCGGAAGAAGCATGCCCTCTAATCTGGCTATTAGCTATCGGCAGACAAAATAGGAAAACTACTCAACGGAATTGTCCAATAATAGTCTTTTTAGACTAGATCGCATTCATTAGGGATCTAGACCGCGTCCATACTTCTCGAACTGATAGCTTACTGTGGAGGATGCACTTCTACATATCTCGCCGGAGTTTGTGTTCCATATAGGAATAGCTATCTGTCTCTAGATCCTTAGAATCTAACTTGTTCCCCCGTACCTTGAACCAAACTCTTTATCAGATCCGAGAGACCCCACTGG,1052,48.29,Drosophila melanogaster
SEQ_251086,GAACCCTCGTTGGATGACGAAGGATGGATAGTTGGGTTCTGGTCTGACGTTGTCCCACGCGACAACGTAAGATATCCCGTCGAGGGCAGCGTAAAACGGAAGCACATTGTCTTCCTGCGGAGAAAGTATAGTTGTCTTTTCGATTACTCGCGCCCGAGTTGGCTTTTAGTCAGCATGTGCAATTACTCTGCGGGCCCTCAGGGCTGGAGCACCTTGTAAGCCGGACGCGCCCACCAGCGTCCCTATTGGTCCCAGACGACAGGCTGTAGTAGGCCTGTACCACTCACGAGTCTCCCGACCGGCCTTGGCAAGACGAGCGAGGACGATCGTTTTAGTGCCCCGCTAGGTCCTGGCGAACCGCCACCGACCTGACTCACCTGAACGCGATTCAAGTGTCAGAGTCTGCCCTGAGGGGGGTCAACCGGGGTACTCTGCCTTTGGATAAAGAAGGAAAGGCCACCAACATTTATAAGCTTTTCTACTGCCCCGGACATCGATGGTTCTCAGGTCTCATCATAGTTATGGATTGTCAAACACGGAAGTAGGCCGTCGCTGAGTTATTAGCTGAAGTTCGCTACCATAAAAGCGTCATGCGAGCGAGTTCTTGTAGTCATTGAAGCATTCCCAAGCGCTGGACGGCCGCAAGTTCCCTTTGCGGCCCATTATTTCAACCTAAGGAACAGTCACCTCACCGATGCCCCACAGGAGTGCAGGACCCCTGCAGTGCTTACGGTTTAAACTATGTGTCGTTCGACAAACGTGCCTCACCCCCTGATTCTGCACAGATGGCAAAAGCGGAACAGGGCGTCGGCATCGTAATTGTGCAAGGTTAGTGAGACCATAGGAATGTGGCCAGAATCGTCCAGAACCTCTCCCTTGGTACAAATTTTAGTCCTTAAACTGACCCCTTCGGGGAAACGTACTTGACGTTGCGGTTAAAGCGCGTGGTGCTCCTCTTCATTTTCCGATTCCCCCATCAACTCATGGGTTCGCATTATTCACTTGAAACCCTGCGGCTGCGCAACCCGGGGGACAGGCCACAAACTGAAAGATTTCACTTGGGGACGGTCCGACATTAGTGTACAAAGAACCTTCAGGTGGAGGTGAAACCGAAGGATCCCGCTCTCTATGTGAAATGTTATATACTACAGCCGTCAAAGGCGGTTGGCATAGACGTCTTATGACCCAAATTCTTGGTTCCCTCGCCATTACCTCGGCAAAGCTCGTTGTGGTCCGACTTAATACCGT,1248,52.64,Escherichia coli
SEQ_715643,AAACGGTGGGCGCAGTGGATAGCAACCCAGATCCTCGGCTGCACGTGGGTGGTGGTCGCAGCGGTAGGCCCTAGGTGTTAATGAAGTGGATTAGGAAGGTAACATGAGCACCGAGTCACCCGTGGCTCCCTTTTGACTCAAGAACACTTTATGTCAGCTCCTTAAATATCTTTACTCCATTTTGAACACAATTAGCGTTGTTCCCGGCGGGTCGATGTCAGTCAAGCGTGCCGTCCCCATACGGATCCAAACATCGTGGGAACCCGGAACTGACGACCAACTAACTTTGAACGAACGTACAGAGAAGGTTCGGGATAGTGTATGCCCAAATTAATGTCACCAGTAATCGCAGAGCTGCTAACCTGTCGGGTCCATCCAATTTCCATTAACGCCGAGGGTGAATTAAGCATCCTTTGACGCTTATCTTTTACTCATCATTAGACACGCGCTCTGTCCAGGCTTAGCGCCGATTGCCAAGGAAAAGCAGGAGGTGAGGTTCCGGGTCGTATCAACTCTCTCTTCAGAGCTTCGGCTCCGAACTGGCGGGAAGACTATGCCATGATTGCGCATGGTTACCTAACTTTGATGCATATCCTTGAGCAACAGGCCGAAAATCCTTGATAATCCCGTACGAGGGGGCTTGCAGCGTCACCTGCTAGCGCCAAAATACCGACGCCGTCAGATGCGGTGGTAATGAGCTGACCGGGGGGCTGGCAGCTACACTTAATATCAATGGGAGCGGGTCGGCAGGCCCATCTTATCTCGACCCAGAAGAGAACAGGAGTTTAGTATAACATACCTGGTTGCTGATAAAGGCAGGGACCGCC,827,51.75,Drosophila melanogaster
SEQ_714928,TACTGCGCGGAAGCCACGCTGGGTGCTATTCATCAGACGTACCGGCTCAGGCCAGCAAAAGCGGCAGCGGGCCATAGGCTCTATGTTCAGAAGATGTTGGAGGCACCGGTGCCTATTCCCGCACCCTACGGACTGCAACGATTTGTCCGAGAGCCAATCACTGTCACTTTGTAATCAGTGTGTCCGTTAGAAAGGCTCACGCGTTGCGGTGCCAACATTAAATCCGTACGGATATGTAACACACCCTTTTTGCACTATTGCCATAAATTCTGCCTTCCTTCACGGAATTGTCTAAGATACTCGCTATAAGTATAAACATCGTGGACTGGCGCCCGCTCTAAGGATTGCCCAGCTTACCGGCCTCAGACGACCCGGATTTTGATCTCTGATTGCGAAGACCGAGTGATAATGAGCAACTCCAACTCGGTTGGCTTGTCGGACGGCGTATACGGAGTACGTCGCAACGGCTTGTTTTAAGAAAACACTAAGTAGGCCCTAACAGGATCTACCTACTGGAAGGACCTCTGGGAAGCCTAGATCCTGAGTTAAAGAGTGTCACTCGTTTAGGAAGTGTCACCATCAGTCGTGGCCATAAATCCCGCTTATTCCACGATAACCAAACGTTGCACGCTACAAGTGTTCTTCACGGCTACGGTTACATGGTTCCGTATTCTGAGCCCGCCTGGCCTCGACTTTTAACGCTAAACTACGGAACATTTGATATCGAGTCGAGCATTGACTCCTTGTTTGGGTTTTCTCCTTAATTTGCAGTTAAGACCGTAACGCTTGGTGTGTTAGAGGCCCCGCTAGTACTATGTCACGGGGCGACGTGTCCT,836,50.24,Escherichia coli
SEQ_824091,CGATTGATTGGGGAGGCTTACCACGTAACCTACCGCCGTCCGGTGGCCACGTAACCAAACTTGTGCCGGTCTGATCAGTGCGTGGAGTGAATCTTTGAGCTCAACCAGGTTGTAGGCGATTGGAATGCTCTTTGGGTCCAACTTAATAGGATATCCCCGGCTTCTCCAGTTAATCTACGCTGCAACCTGGGCGGATGCGGTGGCCATACTTTTATTAATAATAGAAGGTTACT,233,50.21,Caenorhabditis elegans
SEQ_842064,TCGTGCATAAGTTCCAGCTCCTCTTGGCGGCGAGGCTTTACTCTTGACGAATGCTATTGGGGACGAGCACCAGGAATTACCGTGCGTCTCTCTTCGAATTGAAAGCTAGGACAGGCGCCACAGATGGTACCGGCATTCCGGCAGTACAGTTACCCTGCGATTCTGCGAGGGGAGGACAGACCATGATAGATCAGAGCCTTGGCCGCCCGCAGCGCGTTTAAATTCGATTCTGGAAAATCTTATCGAGACATAAGCGACACATCCGAAGTTGGCAGGCTCGGAACTAGCACCTCCGATCTGGGGCACTCAGAAGAAATTCAGCACTCCCTTACTAAAAGTTCGACAAGTTTGCCCAACTAGACTAGATCATAAACGCCTTAGTCTGGTCTGATCACACTTCTATCCAAATATGGATGGTCGGCGGCTCGAGTCCTGAGTAGGGTGCCTCCGCGCGCAACATAGCTTAGTCAGGAATGATATCAATTACAGCCATAATGAAAGGCTCCAGGATAGCTTTGCCGTCGGAAGCTAGGTCTAACAAACTATCTGGTTTTGGCGTCTGCTATCGCGTAGACTCTCCGGATGTTGATGTCCCTAGAGGGGCACTGGGAAGGAGGCCCGCCTAGCCTCACCAGACGGTATAGGCAGAACTGCACGTTCGATCGTCTGAAACTACGGCAGTAAAGAAAACCGTTATCAATCACTTTCGGGGATGGAACCCCTAGCCACTTAGTCTACGTCTTGCTTGCAACTATATCACATCTCCATCTGGGGAAAGCCGGCCTTACTCAAGAGCTTAGTCTGTGCCTCACATCAATTAAAAACTGTTTTGGTTACGAACGCCTGAGACGGGTGTACAGATCAGAGAGGCAAGTCTTGATTTTCGATCCAGTGATCGTGTTTGATAAATGTCGGCGTTCCGATGGTCTGTTTCGTTAGCGAGACGGCCCCTAATTTTGTCATCCCACGAGCTACTACATCTCAGCAATATTCTATCACGGATTAGACCAAGGAAAGCACGAGACATATAAAGCACACCCCGAAATACCCCTATCGTCGGGTCGCTTGTGTCCGGTACCGCTTTTTACAGAAGTTCAACTAA,1102,49.73,Escherichia coli
SEQ_969551,GTAGATGTACTAGAAGTGCTGGGCATGTTGAAACAGAGGGACAAGAATCCGATTACGTTCTAGTAAGTGCGTTTTCGTCAGCCTTCCCACGTGCATACATGACCTCACCCCGTCGTATCTTAGTTATCGTTATCGCTGATTCGGGCATCCATGTTTATGTTATCCATCGGTAGATGTGTATTTGCTATCGTTAACACCCGAGGAGGCGATGTGGGCACTTGATCATACGGCAGGAGTGAAAAGTGGGCACGGAGCCTCGGATAAGACCATTCGGATCGTACACTAAGCAACGCATGCGTTCTAGACCGAAT,311,48.23,Caenorhabditis elegans
SEQ_379038,GCACTTGTGCCTTGAGCTATCGAAACTGTAAATCGATGTTGGCATTCTCGGACCACGCCAGGTAAAGTCAAAGTCCAATGTCGACCCTTAATGACAGTGCACACGAATCATTTGCATGCGCCTAGGTAAAAGCGAAATCCAATTGTAAAAGAGCGCGCCTCCGGCAGATAATTAGTAGAGATCAATTTCTTGTTTATTGGGGTAACCCGGGCCTATATACCGCTTCGAAAAAGCCTGGCCGCGAGAGTGGTGCGAGCCTCCACTAGACTTCATGGGCGTTCAAGTTGCACGTGTGAGGAACATTAGGCCATGGACCTAGGCAGAAGCACGACATATAGCACTGGGCCGACCGGCCGAAACTTTGAATAGCTTCAGACTCTTATCGCGAGCGAATGCGATGATATTCGGTGTGGCGTAAAGCACGGTCGTAATGTGATGGCTTCAACAGTTTCAACTCATCTTTTCTATCGAAGTGAACGAATGCATAGCTAGTGAAGGTCAGCAATTCTCCGTTTTCCTCCGCATAATTGAGATTATGATCCGCTACTAGGCTGAAGTGCGTGAACAGCTGGTAGTAGACACGGGATGTTACCGGAATAGTGGCTAAGCGGATTAGAACCGGTATCAAGGCAGCCCGTATTTGGTGCCCCGGTTGGCGGCCGGCCCCCGCATAATCACGTCATTCTGACGTGATGGCATCGATTACCAGAAATCACGGTCTCAACACTCACACACTCATATGATTCCGGACCGAGTGGTGGCGTCACACGCCGAAACTGCCACGGCAATGATCACAGAAAGTTCACTACATGATTAAGCGGAAGGGATGAGTTGACTGATCTAGCCGAAAGTCGCCAATGGTTACCGCAAATTCCACCCTTAGGGGGGGACCGGGTCCCCTGAATGGAGGAGTCCTGGTGCGTACGCTAAGCACGGGTATGGAGACTTGATACACAACGTGGATACTTGAAATAATTATGTGCGACCGTTCTACGAAGTGCTTGCCTGAGTAGTAGTGTGAGTAGGTGTCACGAGCAACGGCAGGACACGCCTCTGTGACTGAGGAAACTGTCTCCCGGTTAAAGGCCCCGACTTGCTACATGATGGCATCGAGCTTGAGGTATTAACAGGATTGAGCTCGACCGACTCTATCATGGATATCTGGTAGCAGCGTTGAAGTGTTAAGTCAAGATCACCAGCCGTCATAAGGCCTCTTCGATCTAACACCGCGAGACCTGGCTGATAGGATCTTGGTTGTTACATTGGGACTAAACGATCACCGGTCTAAAAGATCTCTGACAATCCGGTCTGTTCGAGCTGGGAAGACTCACATCCGCCAACAATCTAGCATTATTTCATGAGATTAATCTGTTCAGACGCCTCTGTATCAGCGTGCTACACCTCAAGAGAGCAAAGGATAGGTGAATCCGGGGATTCCTTTTAATTTCAGTAGTACGTGTTAAACTAACGATTGCCGGTAGAAGGCTCCGAATATCGATAGTCAACGAAATCTACCAGTGTTAAAGGGCAGTTTCTTCCCAATTCCCATACATTAGGCGAAGACTAGCGAGCGGTATTTTCTACAGTGGCTGTGGGGTAGTGCTTACTCACGCTCTCCGGAAGCATGGCGATGCAACTATTAGGACATGAGTGTGTGATGTCGCAGTTGTCAGTCATCATTCCACCCCTCACGCGCAAAG,1700,49.29,Saccharomyces cerevisiae
SEQ_495997,GACGAGCAAGCCTGCTCTAAAAGCATAGGCAGAACCAGATCTCGACAAGCCCACTTCGAACGCCGCGCTGTTCAAACTGACCATGACGTAAGTTTACGCTTACTCTTCGCAGCATGACGTGTCGTAATTGCTTAGTCGGTGGACCTACATATGACATCGTTCATTGGCGTCAGTCACACAGGCCCGCTGCCTCCGAAAGTAAAGCGAGAAGTGACGTCATTTGGAGGGCATTAGAAACCAGAAATTGCGCGACTCCGGGTGGCAAGGCTTTAATAGGACTCGGTAGGATACCGGTTTTGTCGCTAGTGACTGTCCTCAATATTCTCACGGTTCTGAGGCACAACCCCCGCCCGTAATGCGGTACACCCTTCATTGCGAATTACCAATCGTTCTAGGCATTCAGGCTGGGAGGCAGATATCATACATTGCGATGTCGCTTACCTTCGTAAAAGGTTTACTATCCCAGGTGCGTGTTGGTTGTGGACGACTCACGACTATGATTGCGCGCATGATCAAGGATCCTGCTCTAGTCCGGCTACTTTGGTAGGCACCGATCCTACCTGCAATATGACTGATCCTTCA,582,50.69,Arabidopsis thaliana
SEQ_253569,CCGCCAAGGGTCACAACGTGGGTACCAGTCATACCCTTGCTTTCGCCCCAGGTATAGAATTTCCATACCTGCCGTACAAAAGTAAGCGAGAGGAATTCCAAAGGCTTGCCTACGCTAGTAAGCTCCCTGCTCACACGATCGAACTATACGTCGCACGAGATTCGACGGCACTATCTGTGAAAGGCCTGTCTTTAAGGTTGCGGGCAGAGAGGGTCCGAGTATTGCATAACTCCATCCACTTTTATCCGAACGTACTCTTTTCAGGAAGTCGAAAGAGAGGGGGTACCTGGTTAAGCAAGACACTACGCTAAAATATGGTGAAGAGACAATTTACGCAAGTCCTCCAAGCGTATCAGGGGTGCTATCCCCTGTTCTCAGAATCTCACGCCGTCTATCGTAGTCTGCTAGGAATCTACCAGCAGGCACCACGTCATCCGGTCCGAAGCAGAAGATTTGAGCCGGATAGGCGGAAAAGGTACCTCCTCCTTACCCTACGAAAACTCGTTCCAGAGGGAAGGGGTGGTGGGGAGGATCGGCTGCGTAGTCCCAACGAAACCTTAAACTGAAAAGGTCCCCGACTCTGCATATACTGGTGTCTAGGGACCGCATGAACAGCGAGCATGCCTAGTGTTGCTTAATTGTAATCGGGATCCGCTAAGTCGGAAACACATTCCGTGAATGAGAAGCAGGTTGCCGGCAGTCTTGCGAGGAACCGGCACCTATCTGTACCCCTACGTTCTACACTTACTCGCCACCGTGATGCAGGTGGCGTGGCAGTGACATGATTTTAACCAGCGTACCTCAGTACCAAGCCCCGGAACGCGGGACTTTGTGCTCGTGGTAGGGGTCCACCATGCATTTGGTCACCAACATATGAAACGCAGGAGGCTATGCTGCACTCCGCGTACGCGGGCATTGACAGCGTTTGACTATCCGAGCACTATAAAGGTAGACCGAGGGGACGCAGACTGCGGGCAAGCGGCAGAAGAAGAGTACCGGGGGGGTGTCGACATACATGTTCGCAGGACATATCGGTCAGATTTGCATGAGCTGGCACCCGAAATTATGCCCACTAATTGATAAGGCGAAGTTTTGCCAACCACGTGTGCTCAAGAGTACGTTTTGTTTCTCGAATGCTCCTTCCAAGATCTAAGTTCGTTGTGTGGTTGTTGGTCTGGGTTATCCCTCCACCACAATTGACGCAAAAGGGTGGTACGCCTTTCATAGGACTATCACAAAAGTGAACTGCAACCATACGGGCATCCATTATTAGCAGTCTAGTTAAACCTAACCCCATGATTGACGAATTGTCGCGCGACGGTCGCGACGGCGAGAATGTAAGTTGCAGTGATCGGTAGAGTCCGTGGACAAAATCGGAAACACATACGCCCCGTGACGCCATAGTGGACATTGAGCTTGTTGC,1423,51.58,Mus musculus
SEQ_883433,GGTTCTCGCTCCCATCACTACCCTTCTAGAAAACATGGACATGGCAAGGAGTAGAGTGACGTCTCCTCATCACGCACATGTAACGACATCGACTCCGTGCGGTATTACGTCTAATTTGCCTTCAAGTATAACCAAGTCCAGTAGCACCGCGAGAGACTGAGGATTAGAGAGTGCGAAGGGTCCGTCCTGCGCGGTTTTTGCAGGAGCAGGGTCCTTGCATGTGTTACCGTGCATCATTTAATATTGCACGGCGAGCATTATCTCCATACAAGTTCCGGACTGCACGGCGGATAACGTACCTCCCGTGAGCAGCTTTTCTATTCTACCCGCTAAATCCTCATCTGTGGCCAGGATAGGCCGGGTCTGGGGAGGCCCACCCACTTCCAGCTTAGATGTCATCCAGGGAGTCAGCGGTAGGTTTGCCGTAAGGTGCGTGTTTTCAAAGCTGCTCAGATCTGTCCTAATACTACTCAGAGCGTCATTTATAAAAACAACGTGGACCCCCGGATAGAGTACAAGGGGGCCGGCCGGTGGCTAAGTCGG,543,52.49,Mus musculus
SEQ_385617,ATTGTTCCATCGTCAGCTGACACCCCACTCTTTAAGGGCGTTCAGGCCCGCAACCAAGCCATCGAGCGTTTCAGAAGCGCTTAGTGCTACTCACTGTGCAGCATACCTGGACACTTATTGTTTCGTAACTGTAATATATGGTATGGTTCCCAGACAATGATCCGCGATCGGAAATGACATCGAACCAACAAGGGATATTGTCTGATGACAGGCTTGCGCTGGCCGATTTATTCGAGCTTGACTCACCAGTGGCCTGGTAACTATAGAAAAATATTAGGGTCACCGACTTTCGATGAAATAGGTACGCACGGATTAATCGTACAGCCAGATACTTGCGATACAACTACTGCCTTGACTATCCGATCGTACGCGGAACGGTGTGGAAGTAGTGCCCTTATGTCGCAAGAAGACAGCTCGGTATGTTTCTCATGGAGTTCTATACACTCCGTTCTAAGGTCATTTTACTAAGGCGCAATCGACAGGGTGGGCTGGTGGTAAGCGCCCAGCCTGTAAACGGTGTGATGGTGGCAGTCAACAGTGTGGCCAACAAAGTAGCAGTATGAAATAGACTGTGCTACGCTAATG,585,48.21,Caenorhabditis elegans
SEQ_597759,TCGTCGAGAGTCTGATGTTCGGCAGTTTCGGGAGGTTTTTGGCTCAGTCTGCAATTTCATGCTGCGGCAGGCATCCCAATGCGTCATGGTGTTAAATAGTTTTTCTTATGGCGGACGGGAAGCTCCTCTTAATTTCTGACCGTGTCGTCTGCCTCACTGCTGCAGAGCAGTTCTCACTGTGGATCGGTCAAATTAGAAATGTTCTCAATATCAAGGGCCAGATTGATACGTGATCAACCGCTCAAGACTTTGATTAGGTGTTATTTAAAACATATTCCCTGCAGGAGGCCTACGATGATCTGTCGAGACCTAACAGGGTAAATAGAACGTTCTCGTGCATAAGACCATCACTTGACGCATAAACTCCTAACGAAAAGGGTCCTAGACTAGTGGCCGCAACCGCCAAAAGTGCCGTCTGGGAGGGCTTGGCGCGACCGGCAGCTACATTGCTCGGCACCACCCACGCTTGTTCTTAGAACGAACGAGCACGGGGTTCTAGGGTATGAAACCTTTATGACGCGAGAACAAACATTGCACCGTGTTATCTCGAGAAGACAACAAGCTTTACTTTAGTTCACTAACACTACGGACCTCTAATGTTGAGAACTCCACGGAATTCCCGAAAACTTAGCTGAGGGTTGTCGGAAATTGCTCTAAGACAGTTAGTCGCCCCTCTGTACTGTAGTTCATATTCATACTCATCATATTACCGTCGTGGTATCGGCATGAAAGGCTACAAAGTAGCCGGTTCGAGGCACATGCACTTGCGCCTAAATTCGTTTAGCTGACGGACCAGAAGTAAGACAGTGCATATCTCGTGTTTCTCATATGGTTCGCGATGTTACGGGATGCAAAATGGGCGCATCTCCTATTGAAATATCCTCACGATAATCCGATATGGAAAAGTAGGATACCTAGATATTGGACGAGATATTGACCGAACTCCACATGAAGGCTCAGCTGTACCGCGTACTGTCTCCATTAGTAGCTTTAGCGAGACCCACCGTGTTCAGCATCCGTTCTTTCAGCTACGCTCAGTCTGCCGCCTCGGTGAACGATAAGTTTCATCGCTAGATGTGAGCGCTGTTTCCCGCGCGTTACCGGACTAGCGTGCCCGGCCTGATCATAAGATAGCCACCTCCAGATTATTGCTAACGGTGCGACCCCCT,1169,48.5,Caenorhabditis elegans
SEQ_721961,GTCCACACTCAATTCAGCCTGCAACGGACCTCCGAGTCCAAACGAGTTTACCTAAGGATGTGTCGCCAGTAGGCAATGGGGACCTATCCACAACTAACTATCGTGAAGCCACCCGAGACCCATGACTATCAATAAGAAAGACCTAAGAAGGTCGACGCGATCATAACACAGGCCCACTCATTGCTAGCCGGTTCGATGGGATCTAGCGCGACTAGCACCACGCCTCTGATGAGTGATGGGAATAAGCCGTCGGCTGACTTAGTCGTTATGGAAACGGGAGACCATCCAACTAAACCTACTATTAGGATCAGACTCCTGACCTCTGTGTCCGCATGGGCCTGGCTATTTTCAGGTACTGCTTTAGTCGCTAAAACGATAAGAAATCTTCCATCTACGTCTGGGTATCGTGACGTAGGATAAGGTGCTATACCAGGTCTAACGTAATGAACTACCGTAGCTCTGACTGGTTCCTAAGTAGGTCGAAATGCTAGGTAGCCGGAGGGTATGACTTTATAGGGTTTGTTGCTCCAGTAGCTAACATACTTCGTAACCAAATTACGCCTCTTGCGTCAGGACCTACCATCAATACAGGCGACCGTCGCTGTCGCTGAGCTCTAGCTCATCAACGTTTTCCAAGGTTCTTAGAGTAGGAACCCACCCTTGTGGCTAAGTCGCCCGGGATCTCCCAAGGAGTGCTAGCCTTCCCGCCTGCAGAGTAACCCGGCTTGGAATTGCTCGAAGCTTGGAGGATGAAAGTCTGTAACATCCATACGTATTGCACAGGTCGTCTTTTCCGACGGCATTCGGTACCATGCGCGAGGGAAGTGTCGAGGGCTCGGTAACTCACAGTGCACGTACTTTCCACACAGTGCCAGGAATCTTCTTCACCGTCGCTGCATGTCGTGGGCTGTTCTCAATGCACTACACGAAGAGGACTAATAGGGATCCAGATCGCAGAGGGTTCCAC,967,50.98,Saccharomyces cerevisiae
SEQ_996536,CTGTAATTGTATGTCATTTCTGTTTGGCTTAGCAATTAATGATTACATGGTACGGGAGTTTGGTCGATAGCGAGTAACGGTCCTGGGTTTATCATGGCACCGAAGCCGGTCTCAGAGCCTCAATCGCACCAGCCACGTGGAGTTCGAGCGCCTCAGGTGAACCTAGGGGTATAACAAAGAAGTACCTATGCATAGTGCCGGACGGGCAAAAAGGAATGCTATACGGGAAAGCCTTGTTCCCGGGGGCGCAGCAGACCTGCGCTCGATGGTAGTACCGGTTTATGTTGCGATATCTCACGCCCCTTGTCCCGGGATTGAACCCTTTGTGGGGCTTACGTAGGATTTTAATAAAACCTTTAGCTCTGGCCCCGCCCGCCCTGATCTGCGCAAAGGAAAGACACCTCCCGAGGGTTTCAAAGCGCGCCGTCTGAGTGGGAGCCGGTAGGACTCCGTGATACGCGTCTCCTAGCGTGTGTTCGTAAGTACGCTGAGTCAGAGCTCATCAATGTTCGCCTATGTCAGAAGCTAAAAATAGAAGGTCATAGGTTGGACCTGTGAAGAGTGAGTAATACCGAGTCCTAAATTCAACATGATTAAGGCACAACAAGTAGCCGACTGACTTAACTGAGCCTAATTGGGAAAGTGAGCGAACGTTCCATACGAATTTTGCGCGCCCCATCAATATCTTAGAACAGCGGGACACGTTCACTGACCGTGGAGTCCCCTCCAAGAGCACTTGTCCGGCCGATAGTCTTGCGATCAGAGTGACGAACAAAGCACTGCTTACTGATCAGCTTAATATCCTCCCAGTTTTACATCACCTCCTGGCTTGACAAGGTACTTACTTGAATCAGAACTGAGGTATTTAATTTTCTCCACATTTTCCGACCGCATTCAAAGCCGTCAATGCTTATGTCTTTGTACCTGTAGTGGAGCGCCAACCGATGTCATGCGCCGCATAAACCTTAAACTATTCAAGACAATGGAGCCTGCTGGCGGCCTTCATCGTCAATTGCCTATTGAGATTCAATATGGCTCCAGAGGTTCCAGTTAGATCCGATACAAGAAGCGAGATCGCAGATCAGACAAAGTTTCAACCGCGACCAACATATACGATCGGGCTGTTAGAGCTTTGATTTGAGCTTCCTCGTGTATACGTCACCGAAATTGCGCATTGTTAAGATCTCCCGCTTGATGCTTCACACACTATATCTCCTTACAATTGCTATAGCTAATGCGCTCGGCGGAATCGATGCGATTCCGGATGCAGCTGGTTCTATGGATAAGTGCTCAGGTTACAGGGGGAATAGGAATTCTTTAAAACGCCTTCCTGGATTGGTGTGCCGTATCGAACCGATTATTCTTATTAAACAGCTAGTAAGAGGAGGACCATAAGTCGGCGTTATAAACACAGCGCTAAAACTC,1425,48.35,Escherichia coli
SEQ_281787,CCTAAAACCCCAACACTTCACGATTCTAGGCTATTCCTGGAACGGCCCATAGCGGCAGACGCAGCCTAATAACCCAAACGTGTATAGCTCACTTACTGTGGACGGATGAGAGCAGCGCTTACTCGTCGTCGCCTGCCACTGATGAAGGCCAGTCTGCCCATACTGATGAGTTGTCCAGCCTTAAGGTTCTGGACATTCCTCCTCGCAGACGAAAAATTAACCGGTAAAACGATTACAGGTCATAACTACGCGCGCAGTTAATTACAGCGAGAAAGCAGAATCTGGCGTCGATAGTCGGTCGGTGACCTAAATCAAACAGTTAGAGCTACTATTAAACACTCGTTATACTCCCGAATTAGCGCGCCGTGCACGTTATGAAGTGGTACGTCTTTTTAGTCAGTTGTAGGGAGGGACTTCTTGGAGGTAGGCCTTAGAACAATCTTCGAAAGAGTAATAACGGCCCTGACGGGTTACGAGACGCCTCCCGGGGGTGGGGGAGAATATAGGCTGACGTCCTGCCATCTCTCCCATGCAACATGCACGTTCCGCACGACACTGCGTCGCGTTATAGCGAAGGACAGCCAATGTAGGGATGCCTCTGAGGACCCAAGTAAGTCCACAGCAGTGTTGGATCTGATGTTCCTAAACTTGTAACGAGTGAGTATGACAGGTCGTTGGTCGCTGTTTTGGATGCGGTAACCGCCAATCCATGCATCCTCGTATTAGCCTTTACCATCCTCGAATTGAGCTTCGTACCTGCATTTTCCCCCACAATGGCGGTTTAGATAGTGATTCCTAACCACACTGCAATCTCCCACCAAGAGGTCGTACATAGACGGACCACTTGGCTCCCCTCAAACTCTTAATTTGTGACAGCTTTGAGATTCCAGCATAGAGAACTTAGGATCTTTCAGGATATTCGATGGTCCACGATATCCAGTAAGCCACGCCTAGAACCACCTTAGCTTAGCCCTAAAGGGTACACTTGTAAGCAGGGACAAGTACTAAGCGGCCCAGGCGAAGCTAATTAAGTGCAAGGCCACGACTCACTAAAATATTATTCATGCGTTCTTCTCTGACATGAAGAGCAGCTAAAACTCGGCGTACATATGCCAGCATAGCAGACAGCAGCGCTCTACTTGCTTGACGAGTCTACACGTACCGTTCATCCTGTTGCCGGGTATACCATGATCCACTGTTTTGACACAAGCATCGTCGTATGTTGCTCCATATGGAAACGGGGAGGATGCGACCCGAATCTTCGGCATGCCCGTGGAGGTACCAAGGAGCGTAGGGGTTAGACAAAAATAGGTGGCAAAAATAGTGACTTCTCGCTTTGTTGCGATCGGAAGGCTGATTTTTCGGTCTTACGACTATACTTAGTGTTTAGCCCCGTTAGGTTCGGAAGGGTTCCGCGCTTACCAGCGACGTTACTATGGCTGCTCTAACTTCCACTCCTTCCTGACTACACAGGTGGTCTAATGGGCGGAATGCAAAAACGAACGTGCGGTGAGTCATTATCTTCACGTAAAGTGATTGGAGAACGACAGAGTGCGCAACGGCGGAAACAACTTGTCCAATTTTCGAAGATCAAGTCACTCGATCCACTGACTCCACCCCCTTCGTGTCTGGCGATG,1637,49.54,Arabidopsis thaliana
SEQ_951567,TATTTTCAATTTTATCTAGCTTAGAATCTACGTAGGGATACTTCTCGACTATACTCAACCTGAGCAGTCGTCGGTTACATACAGTATGATCGTCATCCCTGCAAAGGGCGTAAGGCAATACAGCCCTCATTGAGCTAAGTTGCGCATGGCATAGCCGACTAGTGTGGGGTTCGACATTTCTGAGCCGGATACCTAGGGGAGTTCCGTGACAGATTGTCACCCGCCTGGTCTCAAGCTTGTTTTCCGACGTGGAGAGTTGTCTAGGGGCTGGAACGTGCTAGGACATACTTAGGGCCGGGGAAGACGTGAGGATAATCGACGTGGCTCTTTGCATCTCCGTCCTACAACGACGAGGTGTGGACGAGTCAACGCCTGCATGCATTTCTATACCCCAGGGCGCCAACCATCATAGGACGTAGAGCCGCAT,427,51.29,Saccharomyces cerevisiae
SEQ_404695,CCTCAGTGTGACAGTGGATAGTATCTTTTGCAACTCACTAGTAAACTAAAGATTCTGCTCCCACTGGTACTCCGAGCTACCTACACCTGATATCGGCCCTATTTTCTTGAAACGCAGCAGTTGAGTTCTACCTTTGTTCGAAAGAATCCCATTCAAACTGCATTATATGTACACTGCGAGTACCCAAGAAGTAGCCGACGCGTCCCTCCAACGTATCTAGGTTTCGAATCGCACCGATTATTGGATTCCTTAGATCCCGAGCGAGCGACACCCGCCGTGCTCGCATCTCATGTAGGGTGAAGCAGGAAAGCACGAGGCACTTGCGTTGTATACTAGCAGAACACGAAGGTTGAGGGGTTGGAAGCTATTCAAATACATCTCTGAGTCGTGCGTCTTTGGGTCACCGTCAATTTGCGTCAGTAGCTGGCCGACAATAAACAAGGCAAAGATAGCGAATGACTCAGTAATGACCAATGTTAACGCCTGCGATGCGCGGTGCGTCGCATAATGTTTCTTGTGGATACGAGAACTCAGTACTACTACCCACGTGGACCAGTGTCTGGGATTATCGCGAATCTTGATACACTGATAGTACGCGCTAAACATGACCCAATATAGCAACGCGGGAGGGCGACTTTAGAAAATAAATGAGGGT,655,47.79,Escherichia coli
SEQ_620536,GGCTCAAATCATTAGATTTAACAGAAAACGGGTTCCGGCCCATGGCTCCCCGAGAGCTAAGTACGGTTATTGGGCAACCTGCCCATTGGTTATAGATAGGCGCCGGAGATTGACAGAAATTTACACAGAGTGAGTTCTCTGGATTGGTGGCGTATTAACGCTTCTACCTTCGGCCGCTTGGCAAAAAACGGATTCGAATCTAGTCACGAACCGCTGCCTTTCTCAAGTGGGGGGGGAAC,239,50.21,Arabidopsis thaliana
SEQ_684795,TCACTCACGAAAGGAATTTCTGCACGATGGTAATCGAGGTTCTCCGTTGTTAATCAGGGAAATTAATAAAATCCACTTGCGAGTTCAGCGAAATCTCATTTACGAGTTTGCGTGCGGAAAAATGTTGGACTGGAGCTGGCGCCGTCCACACGAAGGCCGTAGGCAAAGGGCAACAGTAAAGGTATACCAGCGTGATACGCCGTTCGAGGAACAGTAGCATTGACCGGGGCGACGCCAAGGACATTGGCCAGTCCCAAACCTACCGGCAGTCAAATGGCCAGTCGCCGAATAAGCGTTGGTCGGACCCAACTTAGCCGGCGGAGACTCGAGGCCAATATCAGCTTAGCCGATCGAGAGAGCACCGGTTGTGCACCAGACCATTATGGCCTGTAGTACGATTGCGAAATTGAATCAATTGGGACCTTGAGCCCGCTTATCGGTTAGTGCATCGCACCCGCCCCCACGTATATCGAATGAAAGCGCAGCACGTCCTAATATCTACGCACTGGTCGGGGGCTCCGAGGTACCCCCGAGATGTCTTAAAACGTAGGACCACAGTAGGCTCTGGTACATCCGCGTAAGATCGCTCACCTACCTCCGTTGTTACTCTGGTTATTCAAGATTGGTGCCCAAGCGCCGGTCCGTATTTTCGCTCGACAGGGTTGGAATGGCCGCATATTCCCGTCAATGCCCGGTTACTGGGCTAGCCCCGATTGTGCTAACTAGTACAATCTTCACAGGTACACGACGCCCTTCTCCCGTCGGTGTGCGAGTAAGTGGTTTGGTGTGCGGCAATTAGTAGCCCGGATTTAGCCGAGCATATTGGGCCTTGACATCCCCCATTTTGTAGACGCCCTCTGAGCGTGATCATCTCTGTGATCCTTTGTTCGTGTGACGTGCGCCCGGCTTTGGCTGGAACAAGGCTGTCAGGTCCCAGAAGATAACCTACTTGAATATCTCAGCTACCGAGCATTGCATTCAAGAGGTGCATAATAGAGCTGTGGGGCACGCATAAAGACTCATACGAGCAAACGCGTTCGACTTATCTTTCCTAGCTGGGCGCAGGGCTAGCTCGCGTAGTATATTGTAAAGAATGTTCCATCCGTCTCCACTCGTCTCAATACTAGTGTTAGATTTCATTGTAGAACCATCAAGCCACGGGGCACGTAACCCTTCGGTAATACCGCTGGAAGGATGAGTC,1201,52.12,Arabidopsis thaliana
SEQ_462112,AGGACGGCACACTATGGGCTCGTACCCCTATACTAACACTACGCCACCGGAAGAATAAGTTAGTACTACGGACTTTGGTCGCTCGTGCGATTATATTGGCAGCTGCGGGTTAGAAGTCAGTTTGAAAGCCGAACTATAGCACGCAGGCTATAAACCCTCACCCGACGAGTGTATGGAGTGTGAGAGATAAAAGAGCGTCCCGATACTTGTTGAACGGACGCTACTGTGTATGAGCGCGTCTTTGTTCGTTTGGTAATTGCCGACGAACTTTTCCAGGCACCTTGGAAGATATGGGACAGACAAGAGTTGCGTTGTTTCCCATCCCACTCGCTCAACGGGTTCCTGTGAGCATCATCTATCTGACTTCTCAAGAGAGTCACGCTTTCTGAGATATTACCCATTGGTTTGAAAATGCCATCGTCAGTCAGTGCCTAGGCAATCTGCAACATGCAATGTTTCCTATGTCGAGTGTCGAACACTCCCATCCACTCAGCTACACTGATCATGTAGGCTCGTGCTCTGACCATAATCATTTCCTCACCGTCACACTGTGAGGGTGGTCGCGCGTGCCCTCCATCCGTAGAATTTGTCGTGGTTAATTGAACGAGAGTGGTCATCGCCATCCACCGGCCGCGCCATGAAACCGTGGACTGTGGACTCTAGGAGGCAACTCTACAATAGGGTGATCGAACTCGCGGATGCAAGGAAGCCCCTATTATTG,721,50.21,Caenorhabditis elegans
SEQ_689986,ATTTCAGAATCACCAAGGCATAGGACCGTCCTCCGTTATGTGACTTCCCTAGCTATTTTTCGATGTTATCTTTATCCCCACCTAGCGGGGCTGCCCAACCAGCACGGTCGGTTAAGACTCAACTACCGGTTGGAGCGTTCATCGTGAGTAGAGGATAACATTCCACAATAGCGGTTCAATTATTACTGCACGCGGTCATAATAGTCTGTACCGTTTATAAAAGGGGGCGCTACCACTCAATGTGTAAGGCTAAACATCGTTATGGTTGCAATGTTCCGATGCCACAACTGTTGATCTCCGGGTGCTCTCACCATACATGCAACAAACGCATGAACGATATGTAACGATTAGTTGTGCGTTTCCCGCCGGTGGCCTACTAGAATCCAAGCGCCGAAGACAACCCCAAGACGGGCTAGGAGGTGCCCTATGCTTCCAGAAGGGGGTTATGGGCCCTAAGGACTGGGGATTTCGTCACAGCGAGACGTCATGAAGAAATAGCTTAGTTCTACTCCACCGGACCACGAGTCATTCATGAGCGGGCAGTGGCACAGGGGAGACCTCGACTCGAATGTGATCATCAGGCAACTAGTTATTCGAGCTTAGGTCACGATCTTCTGACTCCCCGTTTCCGCTAATCCCTGTCTGTACGTTATGAATAAAAATGTATCTGGTGTCTTTAGTGGATTCATTTCGCACAATTAAACGCCCATACTAGTGATAAAATCAACCGCAACGAACGCGGGGAGCTGTTCATTACGTCAGAAGGCGTAGAAGAGCCGCCGCATTTACGCCGCGAATGATCAAATGTTCCTACCGATTATCTATGTTTTTCTGTGAGCCGAACTCCTAGGACAATCAACTACGGCACTAATGTCAGAAGTCTATACTGCATTCCCTTGCTTTGTCGACATCCATGATAGTAGGCACGCGGTCACTACGTGCTTGCGAGGTCGATTTCGCATACCGGAGCGTCGTTGCGGAATTAGAACTTGGGTGCGCATTTTGATCAAATGCACCTAAGCCTGGTGTTTATATAGGCTCTGATGGTAGAAGAGAACATGAGGCCTTTATGCTGAGCAACCAGGACCGCAGCGCTAATGAATCGCTGAAACAATACCGACTTACTGATTACACTTTCACCCCGGGGGACAGGACAGCCAGTTGAGGCTTCAAGCTACCGCTAGTCTCCGTAATGCCAGAGGCCGAAAGTTCCAAGATCTCACAGGGTGGATTAGTAACCTCGTTTCCTTCCGCGTCTGGAGTAGGCGCACCTTCTTCAATGCGCTTTGCTATATCCTAATAACCCCGGGGTGGGCACAAGTCAGAATCGAGCGATGAGTAGGAAAACTGAAAAACGTTCTACAGGGTAATGGGTGCCGATATTACTGAACTATTGCGGTATTAGGTGCTGTGTCACTCCGTCTGAAATGCGGAATGCCGCGGTTCGAGCCTTGGGTTTGACGATCAGGTGCAGAGAAGAGGGAGGTGAGTAGACCCGCTCTCTCAGCTCGTATTCAAAACTCTTAACTTTGCGGAGATCTTTCTCACGACCCCACTACTTCCGTCTGCTCCTGTATATCGGACGCCCTATTGATTCGCAGATGGGTTAACGTGACAGCCCAGTCGCGCGGCGTCCGTGGGGGGCTTTTCACATGGAAGCCGTTTCAACGAGATCGCAGGCTGCCGGTACGAGATACTTAACAGTTCACTGTTCTAGCCAGGAAGATTGAAGGGGATGATTTTTAGAGCTGGACACTACGGTTTGTCAGTCAGGTCGGGACA,1782,49.72,Drosophila melanogaster
SEQ_436100,TTTTGAGAGTAGTATCAGCGGATGTTACTTGAACACCCGTCCGGGCCCACTAGCATCCTTTAGCTACGCAAGCGGGTCGGATCTCCGTACTACCAGGGATCCATGAGTAGGTTAAAGGTTCCCAATTCGGTTTTACCTGCATGTGAGGGTCCAGAAAATGTCCCGAAGAGCATTGCTTCAATACCTGTTAAGGAACCTTAATTGCGCGTAAGTTTCTCATGGGACCTTGCCAGGCTCTCCGTGTGCGAGTCGTGGAAATCGACAATACCTTAGCCCGATCGCAGGTGTCCATCTATACTATTCTCACACCTATCGATATTAACTAGGAAAGTCCTGGTACGTTGTAATGGCAAGGATGTGTTGACGAAGAAAAGTACGATCCGACTTGGCCCGTCCAAACGGCATGACTTGGCAGGATTCGCGGGAGTAACGAACCGTCTACGTTTGAGCCACCATGACATTCGTGGAACATTACAGGGCGGGGCTTCCACGTGTGGGCCTTCTTAGGTTGATGCTAGACTTTGAGGAACGAGCGAGGGATTTTCAAAGGCGAAATAAGTATGGATCAGTCGCCGAGCTGGCTCAGCCGTAAAGTCGGATCCCTCGCCGCAGAGCCTTGGGCAGACATCGCACCTAAGATACCAATGCCCCAAGATCAAACTGACTCATATGAGCCCGCTCATTGTTTATGGGGGCCGGGGAATTATTACGCCTCACGGCGGGGTTGTGGATTATCGACCAACCTAAAGTCACTATGGTGACCCCTAATGCGGGGCATAATCCGCTCCAGCTGACTACAAGAAAGTGGGATTGACACATGGGCCCATACAGAGTCACCGTTATTTTATAAGCGAACCGGTGTAGCACTAGTGGTTAAAGGGCGGGCACCAACCTTTTAGTCGTATCCTTCCGGTGCGTGAGAGTCATTGCGCTCGATTTAGGTACGTCTCAGCAATGAAAATACCAATTGGCCGCTGTAAAAATACAATAGCCATATTTGGCTCCCCAGAAAGGGTCGTCTTAGGGCAGTCATAGTTATTTTCTACCAGGAGGGTCAACAGCTTCGTAAAAATCAAGCATATTATGGCTGTATTAAAATCCTGAGCGTTCGAACAACTGCCCTGTCCGAGGCGAGACCCTATAGATTGTCCT,1152,49.57,Arabidopsis thaliana
SEQ_552046,AGGCGTTAGATTCGGGATTAAGCGAGTTTGCTACTTGTTAAGGACTGGGGTAGAAGCTCTCGTACGTACGCTGTGACGTGTCGATGACTGAAGATTGCGGATGTTGTCTCCGGGGCGACCGCCTATGGTGGAGTCCATGCAATCTCGTTAGAATATGGTCGGCCTAACTAACCTGCGGGATCGTACGCCGAGGTGTACTCTATTGGATGTGCATCCAATGGGGACCAGCCCCAAATGTTTCTGCGCTGGACACATACGTACTCTGCTGTACTTTGTTCGCATGCGCCGCAGGCGGTAGAGCTGCGATTGCACACAGGACTGGTAAATGCAAGGATCTTCGTAGCATGTTCTGCTCCTCGCAAAAGATGGCGAGATGACCGACGCACAGTCCTGCGTAATGCGAGTGTGTGTTGTCTTCCGCTCATATAAATCCCTTCAGGACGTTGGCGTTTGGCTGGCTTGGAATTGCTAAATAGAAAGGCCGAGCATGAGCATCAAATGACTCTCTATAGCCTGCCTGGACCGAGTGTCCATATACTTAGCCAATTCCCCAAGTACAAGCTAATGGGTGCATTGTCACAACCTGGACATCTATAGATGTAGGCTTTCTACACGGTACAGGTATTTCAACGTTTGGAGTTAGAGCAATAATGTTTTTATCGGGCTGTCTTGCGGAACCGAAGCCGGGGGAATCGCGAGAATGGGCTCCGGTCCCTTGAGCTGATGTATTGGACATCTCGATACGGCAACAAGTAGGTCCAAGGGCTGATTAGCAACGGCTGCTGGAAGCAAGTCTTAACTGCTAGTCCAGGCAGTACCAATTCACCACTTTCCGGTGGCAAGGGCATGCAAGGTACGACTAGGCTAGTGACCCGGTCAGCACTCCACCTGCGATTTTTGCTCAGTTCGTCCGGAGGGAGGAGAACTCCGGTCTACTGTGGTCGGCAAACCGGGAGGGTCCCAAGTAATAACTTATGACGCTGTCCGGCTGGGGTTCATTATGTCCGAGGTTTAAACCAAATCTTGTTGGAGGCGGAGCCTCGGATCGATAGAGGTATGTTGTAACCATCCGAGTCCAACAAGCCGTCGCTTGGCTATACAGCCCATTAATGGCCGCATGTCTCCAGGATATCCGCCGTTATTGAACGGCGCTCGCGTCGCCGCATAAGCATCGTACAGGGTGCAGCGCGTAATGGAACGCCAGCTACTTTTAGTCTCAAACACG,1225,52.0,Saccharomyces cerevisiae
SEQ_599906,ACAAAACAATGCTCCACAGATACTCTCGCCATTCAGCATAGACGCTGAGGCATGCATAACTGCACAGTCGTCCTCCGGGACCAATGCTGGGACGGGCTCAGAGATCGTTAGAATACCCAATACGGAGCCATACAGATAAATATACCGCGCGGCTTCCCTAATGATTGGTATTGCTTAATCTTATAGCCGGCCTAACGTCGCTAGGGGACACAGAAGTGAGGTTGAGACAATGTTGCGATCCAGTCTTCGCGTGCCTTTAAGCGAGACGGTGAATTGCGCGACTGTTGGAACGAGTGCATAGTAGCTTCGTGCGCAGAGCGCGCCCCTAATGTTATTCCCTACGTCTTCGTACGCGGAAGA,360,51.39,Caenorhabditis elegans
SEQ_815293,TGTAACCGGTAACTGGAGAACCCCCACGCGCCATGAAACTAAATGGAGGCGGGTAATATACGAACCCTAAATCGGACTTGTTCGTTAAGGCGCCTCCCGAACACTGCCTTGAATACTTTTTCAGGAGAGCGCCTGAGTTGCGTGCGGATTTAGGACGCGCTCAATGTCCAATGAACGGCTACCTTAAAACGGGATATCCTCTACACTTATCCGGGTTAACAATCCGTCGAGAAGCAGGAATGTACGGACTACCTATAGTACCTTGTCTACCCCTCCCAATATTTTGAAGATTCTCTGGCGGGAAACTGATTCTGATCGCGGCCGTTATGGGCCGGATACGCTCACCTGGCCCTCGTAAGCCACTTTAGTAACCCCCAGTTAGCTGACTCATCCTGCTATTGTGTCGACATTAATAGGCGCGTCCCACGCACGCGTTCGTCAGGGCTGAGATTTTCTTCAATAACGGAGAGCTGCCCGACATCTAACTCTGACCTATCTAGAAAACAATTGATTGACCCTCAGCAATTTTTTAGCCCGCCGACCCAAATCCCCTGGAAACAGCAATCTTACATGTTGCGCGATGGCTACACGTTACGTCCGGTGATGCGCGGTTAAGGTCTTGTACAGGCTGAATATGCTATCCTTAGAGCAGCCCTCTTAAAGACATCTAGACTGTTTTAAACCCGTGGCCATAGGTGTCGTATTGCTCCCGGACTTGTCGCGTAAGAAACACTCGAACTTTTAAATCAATTTTCCATCCGCGGGCGCATATTTAATGATGACGCCAGTACGCCCATTGGATACCTGATGTTGCCGACCTGTTCTCCAATACATAAGGCTTAGACCATACCTCTCCAAGTAAAATTGTGGCATTATCGAGCCTCTGTTTTAGCCGCGACACTAGGCGTGATGTGCTTAAACTACTAAGTGGGTGTCCACCGTACTAGAATGAGAGATGAGA,961,48.7,Caenorhabditis elegans
SEQ_217559,CCCTACAAAACCGCAAGGCTCGAATCAAAAGAGCAGCGGATCGAGACGCTTATTATGCTCGATAGTGGAATCGCGACGACGGTTACGCCTCACAACCTGGTTTGCCGGGAAGCTAAATGAACGGGATAATACCTCAGCTATAAGTGTCACACAAGGGGGCCTTCAATACCTCCTTGACGAGGGCGATAGAGCTGGGTGGGCTGGAAGCACGAGCTTCGCGGAATTGACGGCCTTTTTAGTACTCGACTGGTCAGAGATGGTTACGGTTGCCTACTAGTGCCCGAATCTGTTCTACTTCAGCTCCACAGCTTAGCAGTATCTCTCGCCTAAGGCCGCCCAGTAGATGATGTGATCGTAGCCTATGCCATGCAACATCGTAGGGACGCTATACTTGGCCGCCGTCTCTACGTCACCGCACGATGTCGCCGATGACAACGCGGAATTAACCCGGGGTTCTACATTCATAGCAAAGGTCGCACATCTACACAATTCGGACATGTCCATGACGAGCTGTGAATGGGTCCTCGTGCAAGCATGCTGAGGCTTCTTTCTAGCTGATTGGCCACGTGTGTCAGACAGTTGGGCGATGCGCAGATGTCAATACGGAGGGCACCGACACGGGCCTGGCGCAATCCAATCAACTATTGGCAGCCGAATGGGCCGCATTTTATGCTCCTACAACTTAGCAGCGCTCGATCGCTGGTTAATGCTGCAGTACAAGTCCCGGTGATTACTACGCTCGTACTGAATAATCATATCGGTATACGTGGAGTGGGTCTCTGTGTGTAATGTCCACGGGGCCCTCTGCGC,810,53.09,Drosophila melanogaster
SEQ_266826,CAGGCTGCTCGGCAGTAGATGCTCCGTTCAAGGTTGCTACGCACAAACCTGATAGACTATCATATTGCGTTATGTAATCTAAGGTGGCAGATGCTTATGCGTTCTACCTTCACATTCGGGCCACCCATTTGCGACGTCGTGGGCTCTAGGTATCAGATTGCCTGGCACCATAGTCAATACCGTACTAGAAACAGGTAGCGATCTATTAAGGGTGATAAGACATACTAAAGCTAGTGAGCGGGACTAAGATAATGTACAGAAGTCGGGGTTCGATCTTTCGAACCACACACGACAATTTATTCCACCGAACCGGCGTTCCTCACCGACCTAGGTGATCCAAAAAATAATTCTAATATCGCCTTGGACCGCGTTTCGAGGCTTTATAGTTCTCGCGACCAAGTAAATACAACGCCGGCCGAAGGGCTAGCTCTTCTGTCCACGATGCGCGCTAGCCT,455,48.57,Homo sapiens
SEQ_409057,CGTGCCCGGTATTCTGGTCTGACAAGCCATACGTTGTTTAGATCAACTGCTTCCCTGAACCGAAAAATATGCATTCTTAGTGACCACAAAGATTGTCTTCTCGGTAGGAATTTCCGTTGGACCTTAATAGACTGCCATAACCTCACTGGCGGATCAAGAATCTTACTATATCATATGCCCATGATCTCTGTTCGGATATGCTTCTTCTCGCCTTGAGCGACACCTAGGGCGAGGATTTCGTGCTATGGAGGCCAAAACCCAATTGGAACGAATATGCTCCCTGTGAATAGGTACACGTGAGAGGAAGGATGGTTGATCATTGCTCTATAACCGATCGAGTAGTCCACTCAAAATCGCCATCTCCTTATAGACTTACACTAAGCGAGTCGGACAATTTCACTAATCTGCGACGCGGGACACAGTTTTGCACATGGCGCAGACTATATAGTCTCTAGAAGACTTTGGCCGTTCCCGCACCACAACGCTATTGGGATAGCTTGTCACCATTTGCAGTTGGCGGCGCCAGAGGGCGTTCGTACGTTCCAATTGATCAAATGAGGCCTCGGCGCTACATTATATTCCCCCAGTGAGTATATTGGATTCTACAGCCGGACTGGCAATGTCTGATATGGTTTTGCTTCTACGGGCCGGCCTATCCGACACTGAATTCGCTCCCGAAATACACTGTATATAGGGGCCAAAACATGCGTGTCACTCTGCCCGTTGGTATGCACGACCGACATATGCGGACGCAGGAACTTGGTGCCATGCACAAGCCGACTGAATCTCCACGGATCAATAGTCCATAGTCGCTAAAGCGTAAGAACCGACGAGCACGCCCACTATATCCTCTTTATTAACTGCCCTTCTTGTCTCACGGTCAGAGCGGGTGTTCCCCCGCAAGCTGGGAAGTGTACGCCCACATAAGTCCTTCAGCACTTACCGCTGGGATCCGTGGTGAGCTCAGGCGTAAGCAAGACGGGCTAGCATGGCGTTGATCTTAGCATGACGTAGCGGTCTTCGAGCATTACATGAATCGACACTCATATCAATACGCGCGAGTTGCTTCTTTTCAAGGTCAGCTGTTGGTGAGCGCCAATTCAGGGGTATAAGCGATTAGATTGCGCTTATACTACGCTCACGTTCAGTAGAGATCGTGTCTGTTGTTCATAT,1173,49.19,Escherichia coli
SEQ_723292,CCCTAGAATATGGCGCCGTTTGTATTTGTATCCTGGTCAACCTGTTATATTACACATCTTCCAGTCTACGTTGGCTAATGTGACTGGAACCTTGCCGCGTTTTACCAGGTCGTCCATGGTGCGAATTAGTGCGTAACGCTATCTCTATAACAGATGCCGGGTTGAATACCGCTTCTGAGGGCAGCTAGATGGTCCCGCGTTTGGGTAGTTTCTTCACTTCCTGGCGGCCATGAAGGCCACATTCGCGATCATACGGAATATACTAGGTTACTTCGAATGCGACTGTATGATCAGAGACCACGGAAGATCAATATATTACGGACACCGAAGACTCGTTTCACCCATAGCTAACAGACGCTTACATGAACGAAAGCCCCCCACGGGCAATGACTACTTTTGTAAGTAACAGTTCGGACGACGACGCGGGGTCTTGACTGTCCTAACATTAGCCTGGCTCTGAGTGTTTATAGGCCATAAATGACCTTGGAACAGACGAACCACTCGGTGGATTGTTCGTTTTCATGCCTATACGCCCTTTTCACTTTGCAACGAAAGGCGCTGCATTGCTGCGACTGAATGTTTTGTCGTGGGTCTACAAATCGGACTTTAATAAAGACTATTTGCTGGAAGTAGTCAGAGCCGCTACGGACCGGGAATTCCCACTAGACAGGAACCGCGTGTACAGCTAAAATTGGGAGTGTTAGCTGTGCCAAGTCCAGCCAGACTGCTGACTGTACTCGGGGCATGAATTCTTAATTGACGAAGCCCAAGAGATAACTCTACCGATGTCTCAACGTTCCGGCCGTAGGAGAGGATGGTGTCGTTACCTCCAGAGTCCACACGTGTGCGCTTCCCCGACAGGGCTCAA,868,49.31,Mus musculus
SEQ_828127,AACGAAGTCCTGGATGTACAGAATTAACGCTTGAAGCCTCGTCTTTTTGGGAAAGCAATTTCCTGTGACACTCGTGAAGTGTACGTATTGACGGCTCATCAGGGGAGGTGGGTTATACTCCTTAAAGGGATATTTGTAGAGGTGCGCGGCAGGAAGTATGGCGTTGCTCCATGACAGTGCTTTAGT,186,47.31,Caenorhabditis elegans
SEQ_174188,CGGTACTCAAGTTCCCGTACCTTGTGTGCGTGCTCCAGCCGGCTCATCCGCAAATACGCCCATGTATGCGCACACAGCCAGTTTATACCCACACCAGGGGGGTCATGAACTTGACGTCATCACCTTTATTCACTAATTCGGCGACTTTTTGCTCAGCGTTCAGCCTAGCCCACACAGGTTGCAAGAGAACTAAAACTCAGGCACGATTATATCAGAGACGTTCATGGATAGATTAGTGAGAAACTAAGTTCCCTCGAATTGGGAGATAGGCACATATCGACTTTCCCGCTCAGACGTTAGGCGGAGAAAAAGCCAACTTGCCGGGCCTAAATATCCGGCAATCGACCGTCGCCAACCGTAGCTCCCAACTATCCCAAGGCGCATTTGCGCCAAGCGGAATACGTAGGAATGCTTTCAGCCGCTAGTGGCACACCCCAGTCCAGTTTAGCTGACTGTTGTATATCCGCAGGCTTCGTCTCGGAAGGCTTTTGCGAGCATAACACCAACCTCTGTTATGAAATTGCGCGTTTTTGTCTAACGAGTTGACGGTTTATTTGGCATTCCGCGGTCGAGCCAAAAATATTCGGTAGTGGGACTTTTCAGGATGGACCGCCTAAGAGCGTCGGATTGGTATGACTCATCACTTAAAGGTCGGCGCACGTGCGTTGGATAAGGGTGGTCACGCCGAGGGGCGCCTGTGCCACGTTAGGCTTGGATTTGCGTGGAATGATGAGAACTGTAAAAGGCTTTGTCTTATCTCACTGGTTCTGCCGACTCAGTCGCTTTGGCAAAACCGGGCCGCTGTGGATTTTTGGCTTGTGTAGCGTGTATTCCGGAGGACGGCTGGCATCCAACCATTGTGGCTGAACGTGACTTCCCATGCTGCCTAACTCCGAGCGGTTTGTGTGCAAGCCCGTCGCGAAGGACGGAACAGCTGCCCATAAAAAGAGGACGCGATCCATCCTCGTCTCCGCGACAGTGACTAAATCGGACTTCAATCCACTGTCGCCGCCCCACAGCTCGCCCCTCTAAGAGACATGATAGGGCACTGCTCTCTACCAATCACTGATGTGTATTTAACCTATTAAAATCCGGAGTAAAGTACCCGTCTGATACGTCAGGTCAGAAACTAATGAACGCTGGAATCCCAAGCCCATCTAACGGCTGAAGT,1171,51.67,Caenorhabditis elegans
SEQ_283656,TTTACGATTAGGGAGAACAAAGCCCTGTACATGGCCCGGTGAGGCCTCACGACCTAGGCAACGTAACTTCGCTGATCGCTCCTGAGGTACGATATTCTACGAGTCTAGCCGCAACACCAGTCCATAGGGAACGTAGCGACGCACCTTTGCGATAGTCGCATCAGCTCGACAACTTAGTAGTGTGGAGGACTTCGAACCAGCGCCGAGCCTATCACGGCATCGGTCTAACAGCTCGGAACATCAGAGGATTTGTACTTATGCGCGATCATTAGGTAAAACTTTTCTTTATAAGACCCATTAGCATCGGGGAGTAATTTTGAAAACTATAGCAGTGTAGAAGTGTCGCGGTGCACCATCAGATCGACAACAACACTGGGTACTACGCGCGCCGGTCTGGCAGTGAATACGCGCTTTTGAACGGTGGTGTATCGGTCATGTTAATTCCAAATACTGTGCCGGTACCAGTGGCCACCCTACCTATTACTGAGTTTTCCAAGTTCCCTCAGATCAGTGATGTAGTTTCAGCTCGTTCCCGACCGCCTCGTTGACCATTACTCAACCCGGGAGAACGGTGCATACTCTAGCAGTGTAACAGCAATTTATCTAGCTGAATCTGTTCAAAATGACCGCTCGCCCAATTTCGCATCAGTCCTCCGGCTAGGGCTCGCGAGAATACATGCCGCTTGCCCCCTTTGGCCATGTTTGTCGCAAGACAACTTCTGGAATAAGTTAGATAAGAATACCTCCCGACCCGCCGCAGATGCTATGGCTCGGTGAGGCACATGACGCTAGTGTCAAGCTTGCCAAACTGGCGGGTTCCGAGCGTCACTTTCCAGTAGCCGACATTCTTTAATTGCCAATTCAATGTCCGAAAGACCCTACGTATGTATAGTACCTTGATCAGGAACGCGGGCACACACGGGGGCGGTATTTCCCCTTAGTTTCATGCTCCCACTAACAAGCGCACCACTTAGTGGTTGTCTTACTCCGCGTCATACATCGACGTCGCATTCATCACTTAAGTGCACTCAACTTAACCTAAGAACCGTCTTAATGGAAAACAGAAGCCCTGCTCATTTTCGGATGGGAAATTGAAAGGATGTGGAGTTAGGCCGGCAGTACGCGCGGTAAGGCGAGGCTTACCTTCGAACTATAGTGTCGCTATTGCGAGCAGATCACAGCTTTTGCGATGACCCTAGTATTAATAGGTTTATAGTAAATCAATGCCCCGCACGGAAGTCTTACATATATTGGATGGTATCAAGACCGAGGAGTAAGGATGCGGGGACGTGTCTACTGATACTGTAACCTATTCACCCGTAGGGGCTGGTCGAAAGCCAGCCACCAGTTCTGTGTGAAACTTATATGTTACAGCCTCCCTTCCTGCAGTGCGTTGCTAGGCCGCTGTCAACATATCAATGACATATTTTATTGGATCTTCTCCAATTGGCTGGGCATCCAGGTCCTCATATGACCGCTTTTTAATTCCTCAGATGCCAGTGGATACTCCCTGCCACATCGCTGGGCAGCCTACGGAGCGTGGCTACTCATTGAAGTAATATCTGCGTGGCTTGCCCATTAAGTAATCACCTACCTCGGAGTGGTCCTTTCGATGGGCTTCGGCGCACAAGTCTAGCTCTGGTTGGGCCTTAATTTCCGCGGGGTTTCGAATGTGAGCTCCCACTCATATGACCACCGACGCCCTCAATTCATTATCGCCCGCGGGTTCTCATCAGAGTCGGGTCCAGTGCATTCTTTATGAACACGTCAATGGGGCGGATTGAAGTGTAAACGATGAG,1799,49.97,Caenorhabditis elegans
SEQ_542322,TTGGCCGGCATCGAGAAGAAGAGGGGAAACGTTGCTTAAAAGGTCCAAGTTAACATGATGCACAAGCTATCCGCGTTAAGGAAGATTTGCCAAGATAAGCTAAGTCTAATCAAATTAGACCCCTTGCTTCTAGGAAGCAGCCGAGAGTTCAACACCTTCGTTATCATCTCCTAGACACACGACCCGCGACACTCTTCGGCCGCACGTTTAGTCACCGTGTCAATTGAACACCTGTCTGTACTCTCGGTCGCGACGGATATCGACTACTGGGTAGAACGCAGCAGGCTCAAGCTTCCAACGAATCGCGCGGAGTGCGGAGGGGCCGATTCTAGCTAGATGATTTGCCAATTAGGCATGATAAAATCGTCTCCCGGCGCACTATCCCGGGATAACGATTAGAGAAACAGGAAACGTCCTTACCCCATCGCCGGTTGCCATACACCCCTAGTATCTGCAAGGGAACCGAGAAGAGTGGATAATAACTGCTCCGAACCGGATGCATTAAACATGGTTGGGAATGGGGATGGTATTCCAGTCCGCGTAGAGCCCCCCCGCCCTACTAGTGCTGCCTCCCTGACGGATGATGTACACTGCCCAGAACATGGTGTTGCCACAATAATTCGCCCAGCGGCAGACCAAGTGGGAGCTAAGAACTAATCAAGGTGCCATATGGAGATCCCCCCGACGAGCTATTGACAACACAACGGTAGCCCACACACCTGTGGGCGCAGGTGCAAGGAGACCCTCTGTTTGGTGGGTACATACGCATTAGATCTATCTTCGAAAGGTGCCCTCGCGAAGAGTTTCTGCCCATTGGTGCATGAAAAAATTTGCCCCACTCCTAGTCACTAGCTAGGGACGCGTATTATCACCTGGAGCCACGGTAACTATTAGGAAGGTATTAATCCTGCAGGATGTCGATTGGGGATCCCATGTTCAATAAACAAAGATGATGTCGTCTATGGCATAGAGTTCATCGGGCTTTGACTCCATCATTGGCGAGTCGGAAGCGGCAAGAGCCTTGGCTAGAATCGGCTAGATGATGTTGCCGGGATTAGACCGGCCCGACTTCTTACAAATTCGGTCCGCTGGAAGATCCTCTAATGATATTTCTTTGCGTTCTACAGAATTATAACGCTGAGCAGTGGGCGACCAACTCCATTTTGTCCAGACACAGTCCTAAGCAACGGCAGAAGGTTACGATTTTTGTCCTCTGAGGGCTCTGGAAAGATAAGGATTGAGTGCGACCGGAACACTATATCCCTGGATTCCTATGCCGACCCCGGCAATGTATGTTTAGTTCCGTCCGCATGCGCTGCACGTCCACAGACATTATCTTACCACTACACACAAGCACGTCACAATAATTAGACGCTCGGTCGCATTTGCTGCTGAGCACCGATTGGATAAGAACGGTCGCCACACGCACTTCTAGGGACCGGTGACTTGGGACTGTCACTGCTGGAGAAGGTCGGGTACCACGAACGTGTAGAGTCGGGTCTTCAGCATGGGCACCTCTAAAACGCCATAAAAACAACGGAAAGAACCGACGTCCCAGTCGATTCACGTTACTTCGTGTGCCTCTATCTTGACGGCGGGGGCGCGTCTTGAAATGGTGACGGTCTACTGTGTGATTGTCTATCGTGGCCGCTTTTATGTTGGTGCCGAAGTGCTGTTGGACGAATCTCTTTGCGCTGGAGTCTACCTAAAGCTAAGGCAAGAATGTTAATGTTTAATCGTGAGACTAGCAACAAAACGAGGGACAATTCTTAAAGTGCCTGTTGAAGACTGTCAGTGGTAAAGCATGTGACATAGACGGGCCCGCACCGATTCCGGACGGATAGTCGTCAAGAGCTGTGTGAATATAGTCTATCCACGGGTCAGTTACTACCGGTCCTTGTGGTGACACATCCAAGCCGCCATCGACCATCGCACCTGCCCCTTAGATGAGCTGTCAACATGCAACGCGATGCCCGCTGATTCGGTTATCAGATTTGGAC,2000,50.85,Caenorhabditis elegans
SEQ_998945,CCGGGTACCGGTGTGGTCTAGCGACGGTTACTAGGGCTGATAGCTCGCGGGACTCCCCAAATTGAGGACATCAGATTCAGGATGTTCAAAAGACCAGGGCCTCGCCAATCCTACTGGGGACCGGTCCCGTTCGTGGGGGAGGTGACGGCATGCGATCTCCCTTTAATTAGGCTGCTTATCCGGACGCATATTACAGGGATGGCTGAACGTAATCGGAGTTTGTTCGGTCTATGTAACCAGAGCGTTGAGATCTGCGGGAGAACCGAGGAAGTGTTTGTTATAGCATCTAATGGCCCAGAGGCTAGGTGTTAGCCATACCAATGGCTGGTCTTGTTAGGACTATGAATCACCACGGCCACAATCGAGCAATATTGGGCACCAATTGATAGGGACACGGTGTACTACTCATTAGGGTTTAGTTCCTAAATCAATTTCATATGCTTCTTGGATGTATAGGCAAAGTATCGCTGGACGGACACACAGTGCTGCCGGGGATTGGCCTTTGTTTACTTTACCTAGAAAGGGATGACGAGGAAGGCCTGCGCGTGTCTTGGTCGCAATACGCCGTGACCTAGAAGCGAGTGGGTGCCGTGGTCGTCAACCATCCGTAGCAAACGACCCGTATCCCTGACGTTGTGCTGGTGAAATCGTGAGCAACTCATAATGGGACTATATAGTTGACTGGATCTGTAGTAAGGACGCGCATCACAGAACTCAAACTCCGGGGCGGTCCTTGCTCCGCAACATATTCCTCCAACGGTAAGCATTCCCCTACATAGGAATAGATAGACCTCTTTGGAGGGACATCTATTTATGGAGTGCGGTAGTAGGCCCTGCCTACAGGACCTTATGTGCCCGTCGCCGGCGCTGTGGTAAAAGCGCGTTAGCCAGCTTCATCGGGCAGCTTTGTCTTCGAAGTCTCTAGTATGGATCAAGACTAATCGCTCATACATGTAGAAGCCCCCCGAACCGATTTGAACGCCGTGCCCTAAGTCGTCTGTGTCCGGATTCGCTGATCTGTACTATTCCCCCTACACCGGGAAGCCAAATTAGGGTAGCTGAGTGAGATGCTTACCCCCTGAGGGCAATTCTTGTATGAAATGCACCTATCATTCTTTTACTCATTAGTATGCGCAAACGAACAGACAGGACGGGATATATTTAGTTATCGCAGGGTCACCGGCGCATGGAGGGCCACGACGGTCGCTGAGAAGTGACTCCTTAGTCGGTTGCACATATGTAGTGCCACCACCTATATATAACGAGGCCGCCGAATGCATTCATTAACCAGTTTCATCGCCAGGGTTTCAACTACTTTTATGACTAAATGGTGAGCTGGCACGGTGAAGAAGGTACATAACACCCGTCAGATTCCAGGTCCTGGCCTAGCAAGTGTCGCGAGGAACGAGACTCTTAAACCCCTCCCACAGTACCGTGTTAGCGTGCCTACAGGCACATTGTTGCCCGGCGACGATGCTACGCGAAATATGTTAGCGTCACTGCCTGCCTGCAGTTTCCGTCTACAGTGACTAGCATTGTCTATGTTCTGGCAAGAAGTATACTTCCGTTTGTGCTGATTGTCTTGTGGCACTTAATGGATTAAAAGTAACGGACATGAGCGGATACGGCGTGAAACGTACGGATTTACTGGGCAAGCTCCCTGAGAATTTAGATGTAACCGACAAACGTCCGCGTTTAAAAGATCCTGCACCGAGTTGCGAAATTTTCTGGTAACAGAATTT,1742,50.29,Caenorhabditis elegans
SEQ_345784,GCATGGCCGCGATGTTCCCGCCTTCCGGGAGGGGTTCGGAACGACCGTGATCCAATGATCCAAACCAGCTAGAGTTATTACCTCCACGAACGCCCCCGGGGACCTCACTGCAGACATTCGAAATGCCTAGGGATGTCCAAATCTATTACCGCGTCATGATATTAAAGCGGGGGGTTGCTTATGACATTTTCGGCACTGTCGCTATCTCCGTTCTCAAGCTTTATCTCGTGACTATTAGCACTCGTTCAGCTCCCGTGATGCACCGTTGTGAGGGTAGGCTCATTGTACAGTGCTGTGGAGTGTACTTAACGACTCCAGCGCAACCCATGACCCGGAGACGCGCTCTTCCTTGATGTAGTGCGCCCCGCTGATGCAAGCGACAAAGAAGGTCGCAACCGTCTTGAGGTGCAATTTTCGTCTCAGTACCGCGGGGATGGGCGTACGTCGGGCTCCAGACAGCGTATTGGATCGGGAACCAGTTTCAGAGAGTTGCCACCCTGGTGACATCGACGTGCCTGCTATAGTTTGCGACCGGCCACTAAATTCAGTTTCACTTTCCATCGGCTATCACACGCGGTCCGATGTCATACACATGGACCAACAACTAAGCAAGGGATAATTGCTCTCGTGGTTCTGCGCTGCTCCACATTCGAGAAGACGGGATGTAGTGCAGTTAGACCCTCGCGGCCGGCAGATAGTGCACCCTTCCGCATCTTTGCAAACAATCCCGGCTCTAGGCAGCAGATATGCCAGATTCTGCAAGCAACACTTGAGCAAACACTTTACTGAGGCCCCTGGTCTACTCTACACTTGGGGAGCAGGGAATTTGCTCGGCTCTGCCGGGCCCTTGGTCTCCTAACCAGGTCAAAGTGCGGTAAAACAAGCGAGAAATGTCTCAGAATTCCCGGTGGGTGCTCTCGGCCAGTAACACTAGAGCCCAAATGCGCGGGGCCACTGTGCCTCTTGGGGAATGTAAGGTGAGTTCGCTCGGCGGCTCGCTTTGGGAGACGCCAAAATCCGGGCTATT,1027,54.53,Escherichia coli
SEQ_867728,GCAACGGCTTTATGATCTTTACGATTGGTCTGCTATTTCACGGTTAACTTGAGGCGTCCACTGGTCGGTAGCTTACCATGCTCCATATATTGAGTGTGGGCCGAACGATTCGTCGGAATGGCTGAATAAAAGGTATGACGAATATGAGGCGCGTAAATGAGGCATGACAAAGCGAAAACAGACTCAATTCCGGAACCGTGGGCCGATCCTGGCCGAGGGGATGCTAGGGTTATAGAATCGATGCAAGATGTTAACCGACTGGATCAAGACGATACAAAAGATTGGGGTTTAGCCTTCACTATACGTGTAGGTGAAACTACAACGCTTTGACCAAGGGGTTCGCGTCACCCAATATGTTCAGAGTACTGGTAGATGTGACTTGCAAGCTTCGGTCTATTCCCAGGCAGCTGCGAGTGCCGATCCCCTACATCCCCTTACCAGGCTGTAACGAACAATCAAGGGCGCTGATACGGATTGCCGACTGCTTCGAGAACTCCCGTGTATCCGTCTGACTCGGTTCTGAGATCCGGCTTCGATCGATATGGTAGGATATGGGGCTCCGGATCATTCCACGGTGATGTGGTGAAACTCCCAAAAGCTGAGTCATTTGAATCCTCCGCTGATACATCTAAGGAGGCCCTTTCGGGAGAAATGGCGACTCCAGGTACTCGTTTATGCCCCTAACGCCGGGTCAAGGAAGACTTCACAACGCGGGATGCCAAAAAACTGCGTGCGAAGATACCGGACCTAGTCCCACGTTCCATTTCGAGGTGTAAATTATCCAATGAAGCAGGCTGCGATTAGTAGTGCACGCAGCGTGCCTGAGATGAACAAGTCCTGGACGTCGTGTTAACGGAATCTGGTTCTATGGATGAAGTCTTTATGGTAGACCCCGATGTTCTTAGATACTGCCCTCGAACGTGAAGCAAGCGGACCGCGTGGGAAAAATATCCCGCTTTGCCGAAAATTACATAGCGAAGCTTGGATCGGACATTCCTGGAATTACCTCCGATTCTAGCCGCTCCTTGAGGATGGGCCGTTACGGCCCGACTAAGTGATTGGCAGTCAAAACTTAGCGTTTTTGTTATAGATCGATGCATATTCTCTTTGAACCAAGATCACGCGCGTTCCTGTTTGACCATCCAAGCACCTCAGAAATACGGATTTAAATTGCCGCTAGCCGTTTCTGGCCACTCCGTGGACGTACGGGACCGTGCGCGCAGTTTCGTGGGGGGGCCGGCTTTCCCTATGGAATGATTAAAGTCAGACAGAGCGGTCACCACTGCTACAAATAGTGTGTGATCCGAACCATGTGATAACAATCATACTGTGATATCCCAGTAGCAACACTGGGTCGGTGTGTTTGTGATTCAGGAAATCTCGGCTTCTGGATTAATCTATACTAGTCACGCCC,1414,49.86,Arabidopsis thaliana
SEQ_843040,GCTTTGTGAGTACGGAACGTGAGTAAATGCCGATGCATATAACCGCGTAGCAACTAGATGGGCCGGAATTGACTCGAGCGCTCGTTGACCTTCTTCTCTATGCCAGTCGTAGGAGACTCCCGTCTGCGTCGAATCTAGATCTGCAGTCCATTCCTTACTTGGGAGGCTAGGAGCACCACACGACCCCGAGCTCGCCTTATGGTAGAACAATTCCCGTTCATCCAGTGGAGTCTAGACCTTGATTCAGATCAGGCGAGGTTCCCTGTTCGGACGCGTTCTTCAGCTGTACCTCTAAGCCTTCTTAGAGCCTACCGACAACTGCGTAAAGAACAACGACAGCTGCCTCCGGCCGATACGTTTCCGTCGGCAATATAGAGCAGTATTGGATTCCTACCCACCGCTACAAACGTGGGTGTTACAAGGCCGCTGGTGGTAAACGCACTACTCCGCTTCGCCTGTGACCGACGTTGTCCTCCATGGCGTGTCGGGTTGTTCTAGGGCGTGGGAGGGACGATTCGTTTACCATCTTGCTCTTAAAGAAATCCCACAATATGTAGTGAGTAAGACCCAGTTCGTGAACAAATGATAAGATACGCAGATGGGGTGGCGCACCGAACTATCAACTAGATCGAAATTAAGCAGCCGCGTACGCTCTTTGAATTCGTTATTTGCCCAGCCGGATTTATCAGAGGATTTGGATTTTGCAGGGGAGGGTGTCCACGACCGTGTATATCAGTTGCCGAGAAGCGGTGTTACATTTTTACTTCGTTACCCCGAACGTGTTGTAGTTGGATAAGAAAGGACGGAACTACGGATGCTGTATACGAATTCGGATTTTGTACACAAAGCATATGGCCAATGGAGCGCCTAACCTTACTGTACCGCACTGCTAGAGTGGACCCAACCGCTCCGACTAATCGTTTTATTCCTAGCATGAATCGGTAACCGCTCGTGCTTACCACAGTCGCCCGTCCCCGTCATTTCCCTAAGTTCACGCTTATGCTCGGCGACGTAAGACTCGTCCTGGTTTTAAAGAGAGGTTGAATTGCTCCTCGTAAGAATTGCCTAAGGATTGCTCATTTGCCGCCCTAAGGGCAACTTATTACCGTGTGCGCGCGATCGACACCTTGTATTATCTGCACCACGTGGGGACCGGTCGACCCGGGCCTAGCCTGCTTATGTGTTCGGGGCCGCAATTAGAGTAGGCTTACGCTGTCGTCGTGGATGTTCGCTAGGTATCCGCCCAGTTTCGCCTCATCTTGGTATAATCTTGTTTCATGCGAAAGTACGGTGAAGTATTCGGTGTGACAATTGAGGACTCGCATGCAGACATTGGACAGATCGGAGGGTTAATAGAGGATGATAGATGTGCATCGTTACTTTGCTCTGAGGCAACTCCTGT,1402,50.71,Saccharomyces cerevisiae
SEQ_272874,AACGACCTCAAATAGCGCGCGTGCCTGAAACTTGAGTATCACAGAGTTGTCGCTCAACTGACGGCTTAAGTTCTGGTGCACGTGCGCGACACCGCATAAGGCCCTGTCCATGTCCTGGCGGGTCTTGTAGGCTGACTGCTGATGGCGCGATTCCACGGCCGGGACCAGATAGGGCCCTCCGTATGGGAACGACCTCTCAAACCAACGAAGTCGAAATGATTTACGTTCAGGATAAGAGACAGAGCCTTGTAAAGACGGCCAAGCACATAATTCCTCATCGTCGACTACACACGATATGATTCTTCACCTGATTTCTCTGTTCTGGGATAGACATTCAATTGATCAGCAGCCATACCTCTACTAGTCTGATGATGAGTTCCCATAACTCGGGGTGTACAACCTAGGTGAAACCTCATCTCGCACGCTACATTTGTAATAATGATGCAGACCTATGGCTTGAAATCTATTCCAACACAGGATCGATTTACGGATGGAACCTAACTGATCACATGCAATATAGAAGCTCAATGGTTTAATTGTGTTCTCGCAAGGAAACCCACCATCTAAATGGGTGAGGTCTTACCCGAACTCGTGTAGCCGGTACCAAAGCCCAACGGTTCCGAGACACGTATCAGATAGCGGTGTGTGATTAGACTTAGACGCGCGTCAAACAGTATGAGTGACGTAGGTGATCAGCCTTGATCCCGCATACTGAGATCTGCGGAGGGTCTCAGGCCTTAAGATCCATGCACACGAGCAGCACCAGCCGTACCTCTTCTGCATCACATCTGTTGCATCGGGGTACACCACAATTGCAGAGGGGTTTTCCAAGCATGTGCCTGATTTATATGAAGGTTACGCAGATTAGGCTAAGTCTCACAGACCGTTGTACGCGTAACTCGCCCGACTAGCCTTTGGCATATATGCTCCCATATGCGGGTACGTTAAGATGCTACAAGACGTCGGGGGTTGGACTTCTACCCCCCGTACCCGGTCGATGTCAATTGATACTGCCGTTAGAAGAAGAACTGAAGCTGAGAAATTCTAGCTGTGGGTTTTCACTAAGCCATCATGGGTCCCCAGCTTCGCTAAAGAGCCGCGAGTCGAAATGGCTAAACTCCCTACAACAATGCTCTTACTCCTGCTAGGCTGAATACGGTTGTAAGGTTGGCCCTACTACTCTGCCTGTACCCGATCAAGTATTATAGAGGTATCAGGACAGAGAACGAGGAGACGTGAATCATGAGGTCTGGCAGGTTGAGCTTGTTTATTTAGGGATCGACTAAGCGGCGTCTTGTGCACACTGCCTCGGTTCTTGCTTCCCCCGGCTGACTATGTGGCCAGCAGAAGCCTAGGCGCCACACAGGGCAAATTAACAGCGAATATTACTAATAACTCGTAATCCCTTAATGGCGGCCTCTTCCTATTCGATTCGACTTGGTCCAGTGCCTTAATCACTCGCGGACGAGCGAGGAGTTCAAAACCGAATTTGTCATCTCAGGCCTATCTACGGAAGGTAGTGCGTAGGTTAGGTCATACGAATTTTCTGTTGGCTAGGTCATTGGTACATCAATTCGGTCCTTGGCAGGCCTTACGGGCACTCAGTCCTAGGCTTAACCTCTACTGCTGATCGCAGCAGGTCGACCCGCTGATAGTACTTGGCCAC,1666,49.82,Escherichia coli
SEQ_274799,GCGAAGTAAACCTTACGGACCCTATAAACCTTAGTCATTTAAGAGGGCCCATCTAAGGTAAACGAAGCTTCGAAAGAGCTTGATGGGCTGCCCGCTCACATACAACTGGTACAGACCCAAATGGTGTTGATCCATGCAGGCCTAACGCTAAGCAAGGGTCTCTGCGGTACAGCGAATATGCGAGAATACTATCCACGACTTCCAAAAAAAGATCACCTGAATGTCTTCAATCGTCTGTCCAGGCTCGTTGTTGTATCTTGCTTTTGTCGGGTCAAAGAATGTTAAACTCGCGGCTCAAAGCCCTAGACAGTACAAGATGCGTTACCTCGAGACGGTTCCTACCCAAGTGTAGTACCGCTTATTGCGTAGTAATGACGGCGATATGACACGATCGACTAGACCCTCCGGGTCAAAAGCACAACGGTACTACGCAACTCGAAGGGTGACTGGGGGGGCATTAGGTACTTTACGTCGGGCATGGGCGGGTGCATCAGGCCGACTAAAAGCCCAGGATTATCGTACGATGTCCTGCGCCCAGCATTGCTCT,547,50.09,Homo sapiens
SEQ_226734,CGGTCGCAGGTAAGATAGCTACGGAAATGGGGAGGGCGAATTATCCGATGCTCTCACTATAGGGCACTTGGCGTATGGAAGTAGCACTTTGTGCTTTGCGCACCAGCATGTCCCCACTTGGGCGTACTGGCCGACGTCAGTGTTATGAGTACAGGCTCCGTGAGTTGTAGGAGTGCTGGTAAAGGTATAGCTCGAACCCCTTTTGCGTCCGTATAGCGATATCAGCAACGGCCGCGGCTGCATAGCAGTTCTTTTACGGCGTATTGTGCTATACTGACTCGTCTGGATCGTACCGTCTAATAGCTGGTCCCCCATTCCCTCACCCATATGCGGATGCTGGCAGTGCGGCTTA,352,53.69,Saccharomyces cerevisiae
SEQ_335082,CGCGGTCAGAGAACGGATCAGAGTTATCCTGTCACTACGGCATGTTTAACAACTGAAGATTTTCGGGTAAGCGGGAAGGGTAGCTCTCTAGTCCTCGTACCCGACAGGGTTCCGAGACTTGTCCATTTAGAGCCGTGGTATTAATGTACGCCCCAATATCGTCGGCGATCTATTTCGGTGACCGTCGCTATGAGACGGAAACCAAGATATATGTCTCACAGCTTAGGGGCGCTGGGTTTTCACGTAGACCCGGGGCTGGGTCTTAGAACCAAATAACGGAAGGGGCAGCGATGTCTGCGCGTACTATAAAAAGGCGGTTAAGTTTGCACTTTGGCTGATGCCGCACAATGCTAAATCCAGGCCGATCGACGACCACCAGACAGCAATGCGTTTCTACTCGTCTTGACCGCGACAGCTGAAGGCGACGGCTCGCAATATAAGAACGTATTTGGAATATTCTTATAATGCTTTAGTAGCAGATTGCGCAGCGATATGTAGTTAAGCGCTGAAACTTGCCATCCCGAGAGTCCCGGGGATGACCGCAGTGTTCCGCCGGGAATCAGTCCCAACTCCTCTATTTCGTCTCACGTACACCATCTATTCTTGTGCGTTTTATCTTGTAGAAAATCGCAGCTTGAACACCTGTAACGAAGGGGACGATATAAGCCACCCCATAATTCGTGTACACATGCGCATCTAATTGTTATTATTCTTTACAGTGATATCCATCGCTGAAAAATCGTTTGAAAATCAGCGCCCCGTTCATAAGTGTTATACATAGACGGCGGAATTGCGAAAAATGTGACCAATTGGAATGCAGTGACCAAAACGATTTTACTGGACGTGATTAGAAATGGACCGCTCACACGGAAGCTTAAAGTCATAACAAGACTCGGTTAGCAGCCGATAGCATCACTGACTTGCCGTCTCGGTCCATTCAAGTCCGAGGCTTCTTGATTATCAACTCAGAGGAAAACTCCTTTTACGCAGCGCGAATTTAGATCAACGTGCAAATAGGCCTGATGTCACCAGCAGGCTATATATTCGGACACCGACGGTATGTAGGAGGGCAGTCACCACACGCCACGGACCCAAGTGGTGCATTGACCCGTTGGAATTGCAAAAAATTCGACTAGTGCTAGTCGGCAGGGTGTTTCGGCGTAACTGTTTTGCACTTGCTGCTGGCAGGAACCAGCGGGTTCAATGGTGGTTGTAGGGTTAATCATCCTGTAAACTTCATATGTTACGTGACGTAGGCATACGCCTAGAGGCACTAGATATACGTCGATTCAATGGGCTGGGTCACGAAACCGCACACAAATACAAGCCAAGTAGAACCTGCGAGCATGGGGTCCCAACCTCTGTTCAAGTCACCAATCCTGTGACGGGTGGATAGGGACCGCCTTAAAACATGAGAGTACTAGATGTCTAGCATCAATCGACGTGCCAACCCCGGGCTGGCCACTATGAGTACTTGGGCGCTACGTTGTACTCCGCTTGGAAGACGACTGAGGGGAGCTCATATAGGTAGACAGGCAACACCCTGACGGATTAGGTCCCGTAAGGGCGTCCGGGGAATTACGCCCCTCCGAATAGGGTGACTACTCTCGGGTCCGTTTCAGGCACGCCAAGCCCTAGAGGACTTAGGACTTATTCTCCGGGTCACTGTACGTAGCGGAGTCGACGTCACGTA,1693,49.85,Saccharomyces cerevisiae
SEQ_589213,GGGCTTTAGCGCCCCTCGCCGCGTAATTATTGCTATTATGCGGATTCAAACGCCGATTCTAGTCTAACGCTCGGCACTCAGCTTTCTAAATCCAAAGTCTCGACAACTGGCTTACGCCCGTTGACCTAAGGCAACCTCGACAAGCCGAGGCTCTGTGCTCTCGATGTCCAACGGTGATGAGCGGGGTAAAATTCAGATAGTTGGCTTTGTCGCCAACTGGTAGTCATTTCCTGCATTCATACAGCAACCGACACTCCAGTGCTAAGACGTAGGAATACCACCGGTTTCTAACATTTACTCTTGTCTGCGTTAGTGTATCACCTTATGCAGTTGATGACAGTCGTGTATCGCGAACGCTAGAGTCCGATTATTAACATGGCAACGCGGCAAACGCCAAGTGTGGGGTCGATACCGTACTGCGAGTGCATTAGAATAGGCGCTCAGTCGGTAGGGTCGGGAAAAACCTAATCTATTGTTGTCTTCATTAAGTACCCGCACCTAATGCATTGGCCCCCCCCGCCTTTACTCTATAAACATCGCCCGTATGACCACGTAGTTGAACCGAGATGTAATGGCATGGTACTGAAAGCAATATGGGAAATATCAAGGAGTCTTCGTATCCTGGCGGCAAGGGACAAATAATCCGTGAACGCGCCCGTGGGGCCGGGGGTTAAAATTACCCGGCGTAGGGGATGCAACAGTGACCGTAATTGACCCGACGTATGCCTCGACCTCCGTCACTCATTGATGCCCCCAATCATAAGGTGCGGAACCATGAACCATTGATATAATCACTAAAGCCAAGAAACATGTTAGCTCCCTTCCAGATCAATACGCAGTGTTCGGCAAGGGCCTCGTTCAGACATTACGCGCGACTGACGAGGTAGCGTCATTGGCGACCGATTGCATCTGGCTGACCACTGGTCGTTACCCAACCGCAAAAAGGGATGCGTGTCTAGACTCGGTCTTCTATCCCTCATAACTTATTGATCGCGAGCAAAGTGTTGCGACGTTTCAGTGATGGATCAGAGTATGACAGCCACTCGACATTCTTAGGTTTCGGGCGTCTCACACAATTAGTCTCGAGAAACTCATCCTTCTTGAGAGTATCTCTCCTACCATGGTCTTTGTTATCGGGGACTACGCTCCGCGGATTGCACCCGCCAATATCTATTATTCGTACTGT,1186,49.83,Arabidopsis thaliana
SEQ_734856,ATCTATGCCACGGTCTGCATCCTTCGACAACCTTTAAATCCCGGCGTAAACGGATTTTACAGGCGTTTTGAGCGTGCTGCCTTTTAGGCGGAGTGTGTCCTGGTACCTATGTCGCGAAGCGAAAGTAGCACTCCGCACTCTTGCCTTGGGAGGGCGGACGAGTCGACTCCCTCCGTATGTATAGGCGAATCCTTCTCACTTGCGAAGCGACATAGGAGCATCTCGGTTACATGGAGTTATAATAGGAATCTTGAGCACGACGCCCGGGTGTGGTCCGGTAAACGTCTGCGTCATAACCTCACGCACGTCTTTCCGCTGTAGAGATCCAAAATGTGGCCGATTCAGTTGGCCTCATGGGTACAGGGTCGGGGTAGCCCGCCCGCAAAACCTAAATATTGGAGGAACGCTTGCGTGAAGACCCGAGGTATGTCTGCAGATATAGCGGGAGACGAACCCAATCTCCTACCTGACAGCGTGGTGACTCTCTGCCCTCCACTCGAACGGAGCTTGTAATGGGAAGGCCATTTTACAAAATCAGCCTCACACCCCTTGTTTCCACCGCTGCAAACGTATACTGCCCTTGCGACAGGTCACAGCCTACGCACGATTCTTGTCGCGGCTAGCGCAGACGCCCGCCCAACGGGTCGGGGCAAGTTTTCCCCGTAGCTCATTGAGCATCGCTATGAATCCTAACCGACAGCTGAGCACTCTGTGGCTAGGCGCTTGGGACCGATCCGTATGTACCCCACCGCTAATCCGCCTCTGCTGTCCGCAGCCCCGTGAAGGGGACTCCTCCAAGTTGCTTTCGTTGAGCAAAAATCTCACATGTCAATTAGCAAGTATTTCGACTTTATAGCCTCACGCGGCGGTAGTTATAATCTAACCACTTCATCTCAGCCACTTAGTAGTAACATACGTTCCTAACCATGATTGTTCCACAACCACCCTCGAAAAGAGTCGTTGTAGATATGGCAATCGGACTATGAACGGCCTTTCGACGTAAACTCCTGCCACACGCCCTGTCCTGGGTGTTTCACTGGGCACTTTCTGTGGGATCGTCCCCCTCACTGGCGGGCGTTGGACTGGAAATGTTGCATCGTTACGCCCACTTCTAGTAACTTGCATGTCAAGCCGCGTTTTAGAAGGGTGGGGTACGCGATTCTCAAACGAATTGTTTGGTCGAGCCTAAATAGTGGTTGTATTCGGTTCAACACGGTGGCACGAATAGAGAAGGCTACCGCACTGCTGGGGGCACCGGAGTAGCGCAAGGAGCGTAAGAATTTCTTCATGTGAGTATCTCACAGTACCCACACCGATAGGACAGACAGAAGAGCTGTACTGTAGAGGTCGATCATCCAATTGTGGGACAGCAAAGAGATGGCGGAGTTAATCCCGAGTATTTGTTCAAGACAGAATAACTGTAAGCTGATCCTACTCAGAGGCCCCAGGGAGGGCTTATTGAGGCGGTCGCTAAATTTTTATTCGGTGCCCCCGGACTGTGAGTTTGCGAAGTTCCATTGTCAGGTCTAGATCCGCGAGAATCTCCGGCTTAGAGGCTGCCGAGGGACACCCTGATGAGTCCCAACAATGAGAATTCGCTTTCGAAGCGACAACAGATGCACGAAATTTGGTGGACTCAGTTTAAATGCATTGACCTCGCATCCCGACTCCAAGTGGGGATGCTCCTGGATCTGCCCACCCGACTAGCTCTTCAAAGAGAGACACAATAACTCGGGTGGCGGCATATCGTCTAGTACGGCATCGTGATCAGTTAAGCCGATGGTTCCATTGAGCTATCGACCACTTGGTCAGCGTGCCTTGGGCTTATACGACGACGGCATAAACCCCATGGGCTCGACTAGCCAACGAAACAACACACAGGTTTTATGCGTCTTCAGGATCACGCAT,1908,52.31,Saccharomyces cerevisiae
SEQ_100600,ATCTTCAGCACGTGAGACGCTCCGTCCAACAAGCGTAATAATGAGCAAAACCTAAAAGCTTCTAGGATGTCCCACGAATAAACATGCACAGGTCAGTCCCCGTCTGAGAGGGATCCCGCTGCCCCCCAAAGATGGACACTTTTGGAGTATGCCGTTGTAGCCGGACGAGTTGACGGGCTTCACGATAAACGCTAACTTGGATCGATATTTTCCGACTGGCGGAGAATTTTTGTCCCTTAGTTAGTGATCCCATGTTCGGGCCGCGCCCGTCAGGCTTGAACTGGTCCTCTCTGGAGGGCGTTATGCCGAAAACTCTATAATTAAAAACGTAGCTGAGGGCCTCGTAGTAATAACCGAGATGGTACTTGCCCAGCTTCTTAAAATTTTCAACATAAACGTTTATCGGGATTGTTAGACATTATCAGGCCGCCTTATGATCACTCACACCGAAATTGGCTGGGTATATAAGGACATGATTTTTGCATTGAGACACTTCACTTCTGTAACATAGGTTCCATTCATGAACTGGTAGTACAGCACCCGAGGGATATTAGATAAGTCACTAGCATAATCTATCCGTGTACCAGGTTCTAAAGGAGGGATAGTAGAACTACCTCGGTACAAACATATTCGATTAGATGAGGCTTCGCGTGGTAGCAACTTGGATCGGGCCACATGTGGTGGAGGAGCCGGTTAAATTAACTGGTGCAGGAGTGGCGAACCCTAGTGGCCTAATACTAGTTTCGCCAACGTATGACACCGGTATTACCCGTAATTCCTCAT,783,47.0,Escherichia coli
SEQ_815857,AGTATTCAAACCACAATAAACTTCCTAAAGCATGTATACTGAGTAGTGCAGACTTTGTAATGGTCGCTCCGTGGAAACCCGTCCCCTGATATCGGTCGCGTCTGGTCTATCATGTTCGTCTTGGAGATTTACGACTTGCCCCTCCTGTTAAAGACCACTCAACAACGGAGTCAGCCCCACGGTGTTGAGAACTAGGAATTGGAACGAGAACGTTTGGGGCGACAGCGTAGTCTCGCCGGCTCGTGCAATCGGTTCCGACCCTAGTAAATCGCTGTATGGGCAAAGACGGTCCGATCTTTGGGACAAATGGTTAGTAACACGAGTGGTGATTTGGGGAGCGATGACGCCTGCACGGCTCGGTACTTAGCTCCATACGCCCAGGGACACTCCTTAACCGAAGACGTGGAGGCTGTTGCGGGGCGTATAATCTGGTGTTTAATATGTTCGAGCGTCAACAAGGTCTCGTCTATCATGTCCGCCGTGCGGCGCTGATAATGAAGGTAACCCCATAACACCATATGGTTTGTTTGCATCTCGCTAACCATTGTTATCCTGAAAGACATCTGTTGGTGCTGCTATCAGCGAGCTGTCTTAGACGTAGCCCATCACTGGCTATGGGGAGCTCCAATCTAACTGTATGAACCTCCAGCCTCGCTATAGACTTAAGCGTGTCACACTAGAGGACGTGCGACTGGATCCGTTTCTTACGTAGGCGACTTGGACAGCGACTACTCCATGTGCACCCTAAAAGTGCAAGAGGGCCAGCCACGGCGACCAAGCATGGCCTATTGGAGTAAATTCATCGCCTCAGGGCGCAGATGAATTTCAGCCATCAAGACAGATGCCGGGTCCCAAATTCAGACGTGGCAGGGTCCAGTATTAATGCGTATTATCATACGCTCTCAGGAGGGAAGGTTTTTGGACCGATTGTGGTTTGTAATAGTTTACCATGTCTACTTTATGTAGTGGGTGGTGTGTAATGAGCCGCATGCTCACTGCGCGCTGACTGACTCTTTTAGCGGCTCTAGCGGACTCCTTTGCCAAAGTATCGTCGGCTGGATTTTAGTTTTTGGCTATCCGACGCACGTTGATTTAAACACCTCCTGGTGTTGATCAACACACACCAATACTTGCGGGACGCGCACATCGACACCCGAGCCTCCGTTAACGGGATTCTAGATGTATGTCAATAAACAGCACTCTAGGCGCGCCCAGCTCTACTGTTAAACACTCCCTAACCAAAGGGGTTGGAGGGCGAGTTGAATGCAGGTTATAATCGGCTAGAAGACGGTTGGGGCCCTCAGCATTTACTGAGTCGCAGGATCCCATGCTTAATGACAGCCCCCGCTCCGATCTCATCGCTGCCGAGTTTGTAGTCTGACGCGTTCGTAGCGGTGTATCTACAAAGCAAAAGAGGGGGCTTCGTTATCTTGGTTGATAAGATTCCGCCGGACCCCCGTCCACTCGCACCATTTGACAGGTATAACACTTAGCGCTAGTATACGTTGCTTAGCGTTAGAACACAACGCCCAACTACCCCGTGGGATGTCCCGATGCAAAGGTTGTCCTAAAGTCGAACAAGCGATTCTCTCGATGCTCTACGTTGTCTATGAGAGCTGAGACGTAGAAGTAGGCATTAGGTGGTCACGCTTGAGGGGTCTTCCCGGGATTTGGGTAAAAACCAAGTACAAGCAGCTATACCTCTTGCGCAGCGGGAACGGTGTAAGTCATACGGGGAGTATGAGACCGGACGGCACACACCCCCAATCTGATCAAAGTCAT,1782,50.9,Drosophila melanogaster
SEQ_480900,CTGTATAGTTTCTGAAGGGTGTATCCTGAGGGATGGCACCGTAGGTCCATAGCCGATCTAACCACGCCCAAATTCTTATGTTTTGGAAATCAGCCACCGTAGTTTGAGATTTCGACTTGTGTTTCTGAAGCATCTATCGACGGAGGGGAGATTTAGTTTCTAATAGATTTACGTCGCGTTCTCTCCTAACCCGCAGGCGGTACTGAGTGTTGGCAAGGAGTCAGAACTATAGGGGCGGTTCAGCAAAATCAACGGCTTCTCCGTCCGATCGTGACACAGATGCCCTTCGATACCCCTAACACTTATGGTCGAACGAGACCGCTCACTCTTCGCTTACCGAGATTAATGGGGGAGTGTTGTGAAGGGGAATCTTATTAAATAGCGTTAAAACTGGATTAGGTAATATACGAGTTACTCAAAGCACTGTTGCCAGTAGGGGAGGTCAAGTGTGTACCACCTATTACCCCAGCAGCGGTTTATAGTCGGCCCTAATTGCGATTCATACAATATCCCCACCGCACTTACAAGCGTGTATCTACCATCCCTCACATCATTTATCCAGGTCTGTGTAGCGCAGTTAGCTGTACCTGTTTGCATTTCCTAGTGCTGTTTATCGTAGTGTGACTAGGTAGTACCGCACGATGAGCCAGAGGTTATCCGCACGATATAAACACCTGTAGTAACCGATCGCAGGTCAGCGCGCCCCTCTCTTTACGAGATCGGACCCCTACGGCACGCGAGATTGAGGGCCAGTGGCAATCCACCGCTTCACAAAGGTAGAAACGGGGCTATAGCAGTAAGCCTGGCCCCCGCATATCGGTGTATCGCTCAATTTACCAACTCCGCCACCTTCTAGAGCACACCCCAGGAAAAACCAGCAAACGTACTATTTACTGTTGCTTGTAATGGAGATTCAGGCTTGGCTCCGCCGTAAGGCGGTAGGCTAAGAACGGTACAGACATTGCCTCCACATTATAATAACCTTTTAGCCCATTGTGACGTGTAGTACCCTTACGTAATGGTTAACCAAACAAGCGACTACCCCCGGAACTAAGCTACCTCGGTGGATCGATTGTGATCCTGGGAAGTCTTTTTCTTTATTAGACCCAAAGTAGAGATTCCGGCTTATATACTTCCTCGGGGAAGCACCCAACGCGTTGGGGCCGATCTCGCTCCTCGCCGTGTGCGGCTTTTTTTGTTCCAGCACATTGCAATAAGAGAATCAGACGTTTGTCACGATGCTCACGAAATGCGCGTAAGGGATGAAAGAGTCCTATAAAGATATCGTCACAGGTGTACCCATCCGACTGATCAGGCCGGTTAATAGTGACGGTAATGAGCTGTAGGTGTGCAGAGCTTCGAGTACGTCGAACTGGCCTCACCTACAGTAAATCGCCGGGACGTCCAATACAGCAGGTGGTTTTTGTCATCTCAGCAGGCTCTCATACGCCTTTCGAGTCACCAAACAAGGTAGGCAGTGAGAGCCAGGCGTGCTCTGGCCCCTCTGGACCAAAAGCAGTCAAAAGCTACAGTCGTTGTGCATGTGGTAGGGAAAGGAGAGATCCATGAGATCGCAAGGAGCTTTTGGAAAAGAAGTGGATATTTTAAAGCATTATGATTTCCACACTCGGAGTCTATCGCGCATCGACTGGCGTCCGATAAGCCCTGTTGCCCCGCCCTACCAACCAGATCTAGAGGAAACTAGAAAGTCTGGTTGTAAAGCAATTAGTTAGAGGTCAACGAGGCAACAGCAGTAGCCTCTTATGAGGAACAGTCCAAGAATTAGGGCAAATAATGGGATCAAGACCGGACGTCGTGAGTATAGTAACACACCCGCGTGACCGCCTGGCTAAGGGTCCATTGCTACGATCCCGCATGACGTTGTCCTGCATCACCGTATGTGATGGGCGAGTAATAGA,1919,49.35,Mus musculus
SEQ_306231,TTACGTCCGGTAAGGAAATAAGGAATTTAGTACGTTCTATCTCATGGACTTTCGCACCTCTATCACCCAATAGTAAGTCTGCCTTGGCGTAAGACCGCTCGCATTGCCGATGACCACTAAAGATCAACTAACTAGTCGCACCCACAAAATCACCCAAACCTGTTATACGCCTCAAGCTTGGGCCCGCAAATTGCCAAGTTGACGATTCGAATCGCGCCGGGGCCTAGCTCCGACCACTAAGGACAGACCTCCATCTCTCGTGGAACACCACACAGATTATAGTTAACCCCCGTCATGTGGGCGAAAAGACGGAATGCTGTCAGGCCGAGCGTTGCGGGATCATACCGCTCCGACTCTATCGGGTCATGGCACGTTACTAAGTGCGTGTAATACCGATCTTCTGATGCGTAAGGTGCCGCTCAGAAGGTGGGCCGCCTTATTCTTAGCGTACGTCCGTACCAATTGAGCTACTTAACAGTTCCCCCTTTGCATTTCCCCTGACCAGTGTTAGGAATAAGGCAGTTGGGTGACGATAAATTCATGCCACGACAAGGCTTACTCAGATACCCCAGGAAGTCACTCGGATCAATG,591,50.59,Homo sapiens
SEQ_644105,AAGTCCACTAGCAGGCAGGACATCATAGGGTCCCTTGATGTATTCTGATGGGCATACTAATGGGGATGCACTGACCGTACAATGTGATTGCAGCAAGAAATGATTTGTCAAACGCATGAACTGCCAAAAGACTGCCAGCACTAAGAACGATCGATGCGCTTAAGACCCCGTGTAACGACCTCACTGTCTCTTAGGACCCGGGTGACAGAAGTTATACGTAATCGTTACACACAACTTCTCTGGGTGGTATATGAGACCGTTGTTTCTGGATGACCGGCTCGGAAACTAAAATAGGTCGCCTATACGCCCACGTAGAGGGGATCTGTCACGGGGGTCAGTCGCAGAAATCAATTGCAGCTAACCCGTATCGGTCGCTAACGAACCCTCCCGTAGTTATATTGGCGGACTGATGAGTCTTTGCCCCAATGCGGTCGCCAGGCAGTGCCAGACGTACGTGGAAGCAAAACCGGCTAGCGACCTTCCTGACTAACCACAATTGGTACTATACAGCGAAAACCTCGAAACCTGCCCCCAGTAAAAGACGAGTTTCTCACAGCTAAATACTCTTTGTCCTACCCTGCATCCCGTGACCCGCCACCCCTCCGGTGGGAGTCTAATACCTCGATCCAGTGCGAGAGACTAATACTTAAGTGCCGAACGCGTAACGCCCTGTACTCGCAGCCCGCATCCACCCCACCGGGAAACAAAAGCGACAGGGCGATGATCGGTAACAAACCGGGTTAGTGCGAACCCACCATGAGCGGCCCGGGCTACTCATAAGTATGTCGACTGTTACGCCTCTGTTAGCGTTCGGTCCCGCGCCTATGAAATTTACAGACATGCAGAATAGGTTTGGCTACCTATTACTGTCACGCAGAGCCAAACTACAGCGTCCGCAAAAACTTTCTCTCAGGCGAATGTATGCAGGCTCATTACGGGTCCACTGGGCCGGAGGTAGCGGTGGACCGCTCTTGCTCATATGTCGTAAAATAGTCGCAGACTTGCAACCAACCTATTGTTTACAGTAGGGGACACTGTTACGGGTACGCGCAGGCTCTGATTATTTCCGCAAAACGTCAGTTTGGGTTGCTGCAGAGATTATTGAGGTGACTAAATGATATTAATAGTTGGAATGGGGGCCGGGCTCCCAGTGTGTAGTGTGGAATGGGCTGATGCTTGGCCAACCTGTGAGTCGGAACGTGCGTTGATGTGGGCAAGCTCACCGTCCCAGTTTGCTGATTCCTTAGCGATAAGGCGGTGCATACACGTTAGAAACTAAGAAGGAGACTTACCTAAAACGCAATGCGGAGCAACACCGTGTGATGGAGAGCGTTTATCCTGTTTCCAGTTCGATAGACTCTACATAGAAACCCCCTTTGAGCGGAGTTCGAGTTTAAATAACAAGACTGCTCGAATGGTAGTACCGTTGAAACGTTAGAATCGTCCTTATTTACACCAACAGTTCGGACTGTTCATACGAGTGATTGGGTCAGCTTGGACGCGCTGGCGATTATGTAAGTTAGCTCCAGTCGATTGATGGTC,1542,50.45,Drosophila melanogaster
SEQ_588107,CTCGAAACCCCGCATCAATCTACACTGGAAATAAAGTATCTAGTCTTAGTGAAGTTCGGTCACACATCGCGTTTTCTGCGCGCCCCGGTCGTTTCATACGACATACCCGTACGTGTCGTCTCGTCACGAACGGGATACATGGGTACTGCCGTCACCTCCTTTCCAATTCAAGACTCGCATTAGATTGACCGGGCATCTGACTACAATCACGCTACATTGGAAAAACCTCATAAACTAGGAACTAGACGAGGAGACTAGGAAGGTCGTAGTTGTGCAGACTTCCGGCTGGCTCACTAAGGCACTTAGGATCACTCGGCATCTTCCTCGGTCTTCAGGATCACGGCGGACCTACGCAAGGCCTTAACAATCGCGCTAACACCGGCATACTTATGCATCAACCATAGTTCACTACACATCATGGCTGCTATTCTTGAGCTAGGGTTGGGATAGTCGCAAGTTCCTGCAGTAAACATCTTTCCTGTTCGTGGATACACTATGCCAAGAGAGGCACATTCCCTTTCGCTTTTTTAATAACGTGCAATCTTCGCGGTCTGCAGCAAAAGCAAACTATTGTGCGGGGGACCTAGCCCATGTCTATAGCTGTTCAACAAACGTGTTAGTGTTTGGACGCGTACAGGGATTAGAGTACATAACATTACTTAACAGCGAATGGGCTTAGAGGATTTAACGCGCCATTGCCCTCCAGCTCTCTATGGACTAGCCTCACAACGCGAAGGGACACACTCTCGGCATTCATGCTCACTTGTTGCCGTATGGAGGCTAAGTCATGTTTCGGGGAAAAATTGCCCGGCTCACCGAATTACGGTGCGAGAAATCTGTAGGACGCCGACTCAGAGATGCCACTAGTCCGAACGCTGATGAAAGCAGTAGCAAAAGGGACGCTTCTCATGTCGGGCTTGAGAGGTGGTAACCTTCATCCTTACCATTTCGATCCGGATTTGCGCGAGAGCGAGCATAATTCATACCGCCCAGTCAACTGCAGTATCATACGTTGTTATTTAGTAGAAAACTCACGATATGTGTTGCGCCCTTACGGTACATGACACGCATAAAGTCACGTCATACACGTCGCCCGGAAGGGACTCCAGCTAAGAATGT,1119,49.06,Drosophila melanogaster
SEQ_622564,TCAAACATCATTGAGACTAATCGCTAGGGAACTTTTGTCACCATACATCTGTCCTCTGCCATATCTAATGTTCCTTCGCTTAGGACGATACCTTCCGGTTATGACTAGGCAGTGAATAGATGCCGCCTTTCTTATCTTACTTAATCCCACTGTTTAGTCCCACTGCAGTTTTGACCTTGATTAAACGTCGAAACAGGAGACCGTGGGGGACCTGGTCGGCATGTATATATGTGTGTACTATAGAAGCCCTAGGATGATTGTTTCCCTTCATGAGGACAAGGGGACCATCAAGTGAGACGCCCTTAACCCCATTATTGGAAAGGGCGCCTATCGTATACTATAATTAAAGTGTTTGAGGAGATGCCGGGGATGGAAGCCTAGCAATCCCATATCGCGGCAAGCGTTTATGATCCCCTCTGGGTACTCGATAAATATTTATACATGTAGAAACAGACCGCCACTGCAAGGTCTCACTTGCCTAAACAGATGATCCGACGTGAATTGCT,506,45.45,Caenorhabditis elegans
SEQ_561715,GGTCACGCTCATGTGATTCAACGCGTAAGACCCTGCGATGGGCAACTATGCGCAATCCGTATACGCCTCACTAGGAGCTAGCACTGATGAGTCCGACAGAGTCATCAAAAACCTGGTTTCCGCGTACTATCCGGGGAGTAGAGAATGTGTTCCCGAGTGCGACAGCTGGAAATATTCAGACGCTGACATAGCTGGTGGAACTCGCTCCGCTACAGATGTTCAATCTTACTGTTTTGGGATAGAGAGCGCTCAGCGGCTGATTCGCGTAACTATACCTCTACACGCGGGGTCTACTCTGTACCGTGAACGGTCGAGCCAACGCCACCGGTGGAAAAGTATCCCAGTGGGATCCAAAAATACCGCCGATCCCCGACCGGGTCTAAAGTGAGGGAGCACAAGCGGGAGTCCGGAATATTATGTCTGTAAATCTTTAAGGTAACGCTACGAACTCAGCGAGTAACTTCAGCAATACTCCAATCGTCATTCGTTCTCCGTCCCCACGCGAGGTTTGTCCGGAGCATTAATTCCTCCTAGCTAATTTGGTGCCCATGAGCCTCCATCACTACTATACAGTAAGGGGCCTTAGAACTAAGACTGCTTCACGGGCTAAAATCAGCATGGGCTCACTCGTCAGGGGCTACGTTGAAAGGTAAAGGCCACGCAATCAACTGTAAAACACAACCCTCGTCCTGCGGAAGACGTCGATGTGAAGCTCTTAGCATATGGATGGACGGCACAGAATGCGGAATTCTAAGGTCACTTTGGAAGTTACGTTGAATGAACTATAAAAGGCGTACTGCAGTAGTGAAATACCTGTATCTACAGAGCTCACCGCAACCAAAAGGCGTGAGACACAAGGTTGGTAGGAGTAAGGCGGT,878,50.34,Homo sapiens
SEQ_819289,TGTGTTAGGTTTTTCACTCGCTACACTACCCGGAGTAACGGTTCCTAATGACCAACACGTAACGCCGAAGTCCCCATACAATGTGTATTCTAATCAAGCATAGTAAGCGGGCCGATTAGCTAAACCTTAAAAGTGATGGGTTGGCGACAAAGAGACGGGAGCACAGCTACTAGCGCCGCATGGTTAAATATCCTTCGGGTACACTGATTTTATCTCGCATATTCGAGAAGGCCCTGTCAAGCAGGACATTAGAGATATGACACGTAAAACGTCTGGAAGATGATGAAATGCGGACTAGGTTACTAACGATGTGCAA,316,45.57,Arabidopsis thaliana
SEQ_666150,GACAAACTTCCTACACCGATCGCGACCGGAGTCCATGCCACCTGTGAAAGGACTGCACGAGTTAACATCTCTGTGCAGGTCGAATCTTCTTATCCAGGATATCATCTCCGTCAATGTCACACCGTCAAGTGGACGGACATACGAACATGCGGAATCGCCCATATACCAGTGGAAGTGATACGATAAACAGAGAATGTAAGGTAGTTAAGGTCGATATGTAGGAAAATTAGCTGATTATTCGACCCCGGCAAACGGTTACCCATGCTTGGACATCAGACTGACAGGAGGGAGGAAACTATCGTCATAGAGTTAATGACAAGTGCCCTAATATATGCCCAAGTCACGAGTTGTGTCCAGACACTGGATATAAGAACTCTCACCGGTGCCATATCCTTCGATATATGCACCGAGGAAACCCGGCCGAAAGGATCGCTTACCGGAAAACGAAAAGTACCCCGGAATTCAGAGAAATGGTGCTTTTGCTATCAAACACTCCCAACACGTCCGAATCGTCTAAAGGTCCGGGGCCCATCGGACGGTTGAACCCGCGGGGCTGATCACGAAGTTGCTAGGCATGGTTCTACGAGGACTGTATAATGAGCGCCTGTGTGCGATAAACGCATCCTCATGAAATACGATGTCACACAGTACCCTCCATAGCTAGTGGACGAAAGTTTCAACCTATGCCGCGCGACTCCATGAACTTAGGCTAGACGGAGGAAAGCTTAAGTATGTGAAAAGGGGACGCGTACTAGGCGTAATGTCACCTGGTGAGTCAAGAGTCGTGTATTAGGGGGGTCTTGGCCCGTATCCTACATACTCGGAGTGGTGTGGTGATTATACATGAAAAGCCAGACTCTCGAGTTCCTAGTCAGTCACGCAGTGCCCTAGGACTCAAAGGGAGTTGTCACTGCTGGTAGTCCCTTCTTCGAACGTAGCTGCCGAGTACGCCGAAAAGAATATAGACTACCGGCATATCGGGATAGGAACAACGCACTAACTCCAAGTTCGGGCCGCGTCCAGCACGAGTTGCGTGTCAACATCGGAGGCAGAATGGTATCCAATAAAACGTGATTCAGTTAGAGCCGTGGTTATCCCTCCGCCTTTTCGGATGATGCCAGTCGACGTTTGTTGAAAGATCCATGCAGCTTGCGAACCAGTGGCCCGGAACGATCCCAAGGGAAGGGATTAGACAGGGCCAATCAAGATACTGTACCTCAAAAGCATGTACTAAGGGTCCGAAGATCACAAATCAGCGACGTCTGCGCATCCCACATGACTCCAAGAAGGGACGTCATAAAAACCAGATGCTGTCTGGAATGATGGTCTAGAGTTGTGATGTGCGAACTGTACAATTTCGATCGGCACATGTCGCGGTGACTGTGTTGGCCGGCTTTCACTGCTATTAAGTGCAATGAACTACATTCCTTAAGGTGACTCATACGGTAATCATTACATATGGAAAGGGTTCAAAGCTTTGCACGGATGCAGCGCCGCCGGGTTCTGCTGCACACCCATTGGCCCACTAT,1529,49.64,Caenorhabditis elegans
SEQ_810917,TATGTACGGCCCGACTACTTTTTGTGTAGTAGAGATCATAGTCACACAGTTGGCTGGTGGGTCGATGCCCTTCTTGAGAACTTTATGGCTCGCATGTTAAGCCAAGTATGCGCGTGTACACTCTTTGGTACACCGGGGGAGGGGCCACTATGAGTGCTGGTAACATCGGCTGGCCGTTTCGCTCGTATCTATCTTTAGTAGCCCATTGACAACTATTCGAAGTGCCCCCAAACGCTTGCATCCAATTGCCTATTTCGTGGTCCAGCCATCCTTTGCTCCTTTTCTATATTTTTCTCGGTTGACTACGGGCAATTCCACTTTCTACCAAAGTGCCGAACTTGGTTTCCGATGCAGTGATTGCCGCCGGCCCCGGTGGAAGTCAGTCCGGTTAATTACTGGGATTTGGTGCTACGGGATGTTCCATGCGTTCTTTTTTTAAGACGGTATGTGAGCTCCTGCGGAACCAAGTAGTACTAACTTATTTAGATTTGCATGTTATGGTTTCATAATATGCTAAGTGGGTGATAATCCCTTTTGTAACGACTAGATGCGTCGCACCATCCATTTCGCACAGAGTCTAAGATGATCACCGCAGTAAAGAGACGACGGGTCTCATGCATTCTAACGAGGTCTTCAGGCGTGATAACTACGGAGAGTCAATTCCGTGTATTGTCGAGTGGTCGGTCGTTTGGGACGAAAGCCCAACTTTT,710,47.75,Homo sapiens
SEQ_456330,AATTGCTCTAGCTTGCTCCTCGGTAGATCCAATACAGTGAGTATCCAACTTGAACACGGCGCCGTTGCCTAAGATGTTGCTACCCACCAGGGGTAACCACGCCGCTTAGCAGCATTAAGCCTGGACGGACAAGCTGAGTATCAGGGGCAACAGGGATGTCGTTTAAGATTACATAGAGGTGAGGCCAGTGGAGCTGAACAGCGTGCGAGACCCAGATCCTTTTAGAGATGCCGGATATGAAGTCAACTCATTAAGCGCAGGGGAGCGAAATGTGACTCAACGAGCCTGCGGTGCTCTATCATCTTCAGCTTAGGGGCCAGACCGTAGCCGCCCGGGCCTATAGATGGCCAGCGGTACTCAGCCCTTCCGATTGTTACGTAGCAGACAGATGGGGCTCGGTTGACACCCCACCCGAAAGTATTGCTCAATAAGAGACAAATCATTGCAGCTGCACGCGGGGACCAGCCTGTGCGAGCATGGGCACTCCGCCCAC,493,54.77,Escherichia coli
SEQ_802645,ATCCTACCGTCGTTCATTGCCCTCTAACGGCCCCCCGGGCAATCGGTCACCGCGTGTGCTGGATAGAAATCGAGCCGTCATCCACGTACTACAATAGGCCGCGGTAGCTACACATTGCCGCTATCACACTCCCTCTCCTCAAGGGT,146,57.53,Arabidopsis thaliana
SEQ_465365,CGTCTGACATTTAGCCCCTTAATTCGCCGGGGGAGGTTGTATCTGCCAGTTCTGGAGCTAGCGGTGAGTTCCCGTACCTTCAGTGAGAGGGAACTAGTGTAGAGACAAACTGACGATACGCATAGGAGTGCACTAGTGGCTCCATGTACTATTAATCGGCTAGGCTATGCCAAGAAAGCGCCTCTATTTAAACCAGGCGCACACCCTAGTAACGCCACTGAGGTTCAAAAAACCGTAATACCCCGGACCGACTGGAACGGACTCGGTTGCGTATCTGGTAGGAACCTTGTGTGTGTACCGTCGTTATTTCTCGCCTAGGGAGAAGAGTTGTCCACCAACCGATCCACTTGTTCCAAGACGACACTAGCGAACGACCACTGCATCGACCCATTTATTAGGCTGCAAGGGGAGTTTACTGTGGATGTGAATGCACAGACGATTATGAGCGGACGGTTTTCAGCAGGCCCTTGTGATATTAGGCAGCCGAGATACGTCCGCGGCTCTAAAGTTAAACCACGGTGACCGGCACCGCAAGAAAAGGCCATAAATGACCCTGTCTATTCGCGGAAGCAACATCGGCTGGTAAGATAAAGCCTTAGCGCGAGTGAGTGACGTCATTCATCTCCGCCGCCTAAACACTTACTAACGTGGTCATTACTACCAGTGCTTCGTATATTCAGCCCAACGGGTGTTTTCGTCATAACAAACCCATGAGGATCTGTTCGCATGTCGATTAAACTATCGGTGTGATACCAGCGACCTCTAGGACTTTGCGTAAAAGCTGTCATTAACGTGGAAGTATCTACATCCTTAATACCAGCGGGAGTACGCTTACCATAATCGCAGTCCAGATTTACGCTGTATTGATTAGGAGTTACTATCCACATGTGAAAATCTGCTTTAGCGCTTGGACCCGCACCCAGAGTTATATCGATAGTGGAGAAACACAGCCAGTCACTAGTT,963,49.01,Escherichia coli
SEQ_745916,TGCCCTGTAACTCGATCCGCTTTGTGACCGTACTTCCTTATTTCTGTAGCCTCCGAAGGAACTTGGAGAAAAACGGTTAGCAGAGCGCCGAGGTAAGCAAGGTAATACACTGGGTGGCATGCAAGTGTATAAGGTAGGTGCCACAGCCTAACAAAGTTATGAGGAAACGCAGACGAGTAAAAACGCGATGCCCTATCCAAGATCGCCCTATATTCTCGTATCGGACTTCTAGATGCGTACATATGGCTTTGGTAATTGAATCTTGCCTAGACCGCGGCTTACCAGAAATCGCTTTCTCTGGGATGCAGGGGCCCGCAACTGGGGACTCTGGCTCCGGTCAGACTGAACTAGTACCGCCTGAGAGTAGTACCCAGCAAGGTGTTACAGTATATCCTCAGGACAATATTGAATGTCTAATTCAGACGTCTGATGCACTGACAAGGCACTAGAAGGCAGTGACACTTTCGCTTATATATTTACCGAACCATGATCGAGTCCGGACCACGCTTCTATATACTTGGTCGTGACTGGGGAAGCACTAGCGCTAAGGCAGCAGATTCTATTTG,566,48.59,Saccharomyces cerevisiae
SEQ_757152,GCCCTAATCTCTCACTCTAAGGTTGCCTTGCCACCACTGGAGTAGTCCCGACAGGCGGATATGAGTCACGGTTGTGAACTGTACCTGAGGCTCCCTTAAGTTCTTCCCGCCACATTCATATAATCAAAGAGTGATGCCTAATTCGATATCCCGGCGGCTTTGGGACATTATCACAGATATAGTGGACGCGGGGCTGGTTTGCAGCCACGGCCTGACCTCATAGGTTTCCGAGCCGCGTGAGCCAAGTTCTAGCCAATGGATATTGAGGCGTCTAAAGATTCATCCTGGGACGCCTACCCGCGATGATGGCCCTGAATTGCTCGCGAAATTAAACAGTATCCCCCCCTCTCTGCGGCTCCCACGCTGCGTTGATTCGGAGGAGTCGCGATTGGGATTGGCACAAGCCTAAGCAGTACGAAGACGGCGCTTTCGCAGTTATTGTTATACAGTCCCCCTGATCAGAGACGACCTGATACCACGGCTCGATGGTGAACGTTCAGAAGCTCTCGCAATCGCACCTCGGTCGCCGTCCCAATTCAGAACCGATCTTTCGGTTTCTACTCGACATATAGTTAGTCCCGTCGTAACCCTTTCCGGGAGATCTGTTTCGCACCAGTACTCGAATATCGCGTAGCCAGTCTCCCAGCACGTCATGCTGTGTTCCTTTCTGAACAATGGTAATGGCCTCCATTAGACTACACATAATCAAAACATTGGAAGGAAGCGAAGGGGGCAACGAGATTGTTCAAACAGAATATTCGGTAGGAGGTATCTTAATTACGGTGTTCGGACCCTACCCATGACCATTTGGCCCGTCAATGGAAGGCGTACAATTTATATCACTTAAATACCGATCCCCCAGTTGTGGATGGGTATGAGGCCATGTCCACTGTCCCACTCAACCTACGGGACCATTATCTCGAGAGGGAACTGCATGTTATTCGCCACTCTACGCCACAACATGATAGTCAAGCGCCGTTCGCGAACCATAGCCGTTTGTTGGCAAATCCCATACCTGCCACGTCTTGATTAAGAGATCTACAGGTAATTGGTTCCATAATTGGTGGAAATTTACTTAGGACGTCCACTTACTGGGTTCTCCCACCGTGAATGCCCTCCAATGTTCCGAAGACAAATGTACCAACCAGGGTCTATGGACGGA,1162,50.52,Mus musculus
SEQ_885208,AATTCAGTGATGATCTCGACTATCGGTTTTTATGAACGAAGCTTAAATTATACCAACTGATCTCCGATTATAACAAATAAGTAATCTAAGCCATAGAAAGTCCTGGGGTCTGTCCTTTGTGAGCCCCCTTCCAAGCCTGGGACTCGCCGTATATTGTCGATTATACATTAAGAGCTCGGCTGTAGCCACTAATGATCACCCCCTAGTCCCAAAGCCGGTTCGTACTCGAGTGACTTTAGTCCTATCATGCGAATCAACGACCCATTTCTGATATGCTATCCCGCGAAGGATTGATCCCTTCCCCTGTTAGACCAGTCGCACACGGGCTCCAAATAGAAAGATTTGCGGTACTCAATCACGCTGGAGGGGTATCAACCCGACAGTGCTGGTCAAACTTAAGTGGGCACGTGCTTCTTGGGTCTTTGTTAGCGTCGCGGGCCATACTGGTTCGGCTGACCGGCGATTTAAACGCAACCAATAATTCGGGAGTCCGGCCCTTCTGCGCATTGGAACGCGGAATGCGCACCCAATCCTTGATCCACTGGTCTAGATTCAATTCTATGGAGTTCTACAGCTCTTGATGTCTAGCCCTCACGCTAATTGGCTGTTGAGACTTCGAATTGCAGTTCTGAATCGCGATCTTCGCGGGTCCCGTACAAGCATGAGTCGGTTCATTAATATTCTCTTTTGTTACCTGTGTGTATTGATTGAATATCACTTTATTCCGGACAGGCCACTGAGAGTCTATGCAGTCGCTCGGACTACGGGGAATGAATGCGTACTATCCGCTTCTTCCGGTACCACCGTTCGTCCCTTGGGCAAAAAATCTTCGCCCAAGTAAAACAGGAATGCCTTACTCCTCTGGAAGCGGTACACCAAACACGGGACGAGAACTTGGAGGGCAACGTAAAATCCTGCGAAAGATTGTAGGCCCAGTCAACATCTTGATGTATCGGGAGCGCGGTGTCATACTCGGCGAAGAGCAAGACGACAAAAGTAGGAGGGTACCAGACCTTACCCAACGAAGTGGGCGGTTAGCAATACCTATTTCGCGAGGAATGTGCAGCGAAGTTGCGTTCCTGAGGGTTCATTTGATGCCTCGCGTCGGCTACGTACTGCTTCGAGGGATGTGTCATCTTACGCACCTTTGAATAGACTCTCATATAAGAGAGATTCAAGCCACATTTAAATCTTGACCACGAATAATATTTAGCTCTGATGTGCAGTTTATACTTATCGGCTGCGGTAAATATTTCGACTCGTGGGCGCGGTTGCACCTAAGCCTTTTGCTGTCCGCCTGGTCCACTACTCTAATCAGGCAGCGTCGCCTCTTCGAGCCGGATGCGCAGTCAGTTGAAGTAGAGCACACATCGAACTGTTGTTTTTCCCTCGAGTACTTATATGCCACAGAAGCGACTAGCTACTCAATGGATCACTTCCTAACAATAGTGCGGGCCATCGTACGGGTACATTCCCTGCTAAACCTCTATACGACACTCGACGTATCTCGTCGCAGACGATAATTAATCGATGTCTCGATAGAAAGCTCGCTTTCTGTTTTTCGTATAATCGACGTGGGGCTAGGACACTGAGACGGGAATACAACTGAGGAAATACGCAAAAACAGTACTCGGCCGGGTATGGGTTGGTAGCGGGGCCTTACCCCAGAAGATCTCAACAGTGTCCGTCGAGCAATTGTGGACCGGCATGACCCTGTGCCAATCTGATCGTACGATGACAATTACGGGTTGCAGTCCGAGGTGGCATACGTCCGAGTCCGAGCCATCGCCACTACATGGAGATTTAACCAGATGTCAGCGATTGACATAGCAGTATCACGCTCGGTATAGAAGGAGAAAGAAAACCGGATCCCCATTGCTTGGCATCAGCCCA,1893,49.08,Saccharomyces cerevisiae
SEQ_628411,GGGCCAGTGGGGGAATGATCGCCCCACGTGTGTACGCTATGAGGACTCATAACGGGGGGCGATTATTGCCCAGTATGGACAAGTTGCTGGACGGTGACTTTTCACGCGATTGATGTATTCAAGACGGAGACCCGTGTATCTGGACATGTAGCTCACACGATGATTGCGGGCCACCCTACCCGAATTTGTACTGCGGGGGAGCTATCTTGTCGGACCCGGCGGAAAGCTATAAGACTTACATTCGAATTACGCAAGCGCTACGTCGGGAAGACACTTTTGCCCAGTGTATACAATACGCACAGTCAGTTTTGCTGGGAGTCTTTATTTCGAGTGGAAGTCTAGCCGATTACTATCGGTCAGTAGGCACGATTGAGGGTAGTACCGCTAGCCACTCTGACGCGGCCATAAAAACCTAGAGGAACCCTCTGCACAGGCCTCGGTAGAAAGTCCTTATCTTTGCGTTATGGGAATAAAGGGTAGCGGTGACAACACGTCGATATACCGGATAGTACTCCGTCTCGTCTTCGCACCCAACAACGCCTTAGTCGTGTGAGGAAGCATATCCCAATGGTTGAGATAAAACAGAATACCATAGGATCCACTGGCTATTTGTTGCGGCTTTCCAACTGCGATCGTTCAATACAATACATTGCTGTGTCCCCTGAACCCGAAGTACGCTAGGGTTTGGGCAGCTCGCGCAAAACTTGCAGTCGAGACTTCGAACCACAAACTTATTGCAGGAAAAGGCATCTGGGGAGAACTAAGTCTGCAGACGACGTCCGGCTATGCGAGGCCCCATCTATTGACGAAGTAGCGGGGGAGGGCTCACGTTACTGCGATCCGCGCGACACACCAAACATAGATATCCCGAATCGCCTTTTGGAATTTGAGCTAACCGGACTGGGGTAGACCCTTGCATTACTCGTCCCACTATCCTCAAGATTTATGACTCTCCCCGTACACATAGAGAACATTTTGTAAGTCTGCTCAGCAGCTAAACGCGCGTGAACTCGGCAACAAATTGAAGGTCCCTGATGATCATGCCATATCGAGCCCCCTCGCTACTATAGTTCCGAGTCTTTACACCTCTCTCCGAATATTAAGATCCAGAGTTAATATTGAGGTGGCACCCAGTGCTTCTCCCCAAGCAAACTTTTCTTAAATCGAAATCACCACTTATAAGTGGAACGCAGCTTCCAAGCTGATGTGGGTGCCAGATATATCAGACCCAGATTGTCGCCGTAACGGTTACGCAAATAATTTACTAATCTACCCGTACTCGTCGTGACACGATCCCTAAACCGCGCGTCGATGTACACCACTCGAAAGTAAGTGCTTACTAACTCGGGTGATGTTTGTGCAGGCTACTGCATTAGTGTGCCATGCCCACACTTCAGGGGTCAAATATCAGCCATGAATAACACCTCGGCCTTCCTCAGTGCTCAAATGAGTTAGTAGTCAGAGAATGCGTTCCAGAAGATAATGTACAGACACGGAGTTAGGATATAGTTGTAATATCTCATTCCTGTGTCGTGTATAACGTAATGAACGAATTAGTCCCTTTAAATTTCCAAAGCTCGCTGGATCAGCGTTCCCGGACCCTTTCAGTCGCGTTTCGTAGTCCTCTCTTCTCGGCTATCCAGTGATGCCACCACCAGGAGTGCGAGACGGTATAGACTAAGTTTCGT,1688,49.11,Escherichia coli
SEQ_739192,TCGATGTGCGCCCAATCAACGGCAGAGGGCAATGACCGTCATCGGGTAGTGGTTTTATGTGACCCGTTCGATAACAACCCGCTCTTAGACGAGTCCCCATTCTTCTGGGTTCGCCGATCAGCCAGTCCCACCTGGATATTTGCGTGAGGCGGCGATAAGTGCCGCAAATGTTTCTCGAGTCCGCCATTTGACCGGGTATATCTACGCGTTAACATACTTTATACAAAATTGGCGGAGATACACTGATAGAGGCGTCTCTCAATAACATCGCCAATGTGATGACGATCCAAGGGCGTTACGGGCTCGCGCTGTTAAGAACCTTCGGATATTCGATATGCGGTACAGTAGTGAATCCCCCCCGACCAGGCGCTGCATGTTGCTAAGCTCCGTCCTTGCATGCATTCCTATCTCCGATAGGAGCCGGAAAGATCTCAATCGTTTACAGCCATCCCACGAGCACAGCCACAAATATCAGTGTTACAAGACATTTAGTTCCCTAGACCCCCGCGACCTCTAGTCCTGAAGCCGCGTATCGAGGTGATAGAATGTGGAGGCACTATATTCGGGCTACACCGATTAAAGTCTCAGGTTTGGCGGCAACCCGTCGCTGAGTCGTAGTACAGTCAGACTATCCAAAACTCAGGGTGTACACAACCCGCCGTCTGCACCCTCTATATATTACAGGCCGTTAGAGGTCGGGTAGGCTGGTAATGCCGCTATCATCGCGCAACGAAAGTGACTGCTATTCGGAATGTCCATCCAACCCTTCGCAAATGGTGGGTTCCTTTTTCGCAGGCAGTCATCCCTGGCGGAAAACCCTTTTTTATTTTTGCCATAATTTGAGGGGGAGTACCTGCCCGAGGAATAGAAGATTGTACGACCCTTACGTTTCTGGTGCGCACACAGGCAAGAGCGAGGTCCGATTTGATTCGGCTTAGGGAGAGTTGGCCCTAAGTTATCCGTTCCGGAAGGAAAACACGAAAGGGTCATCTTCTTAGGAGGAGGGCGGGCGTTACCTACAACAGGCATCCCGACAACCCTGCCGTCTGACGCACTTTTTTAGATTTGATTCAACGGGAAGAGCCCAGACGCCGGCAGTAATAGATGGTCCCCTCGGGGCTTTATAATGGACCTGACCCGACTGAATGACGTAGAGTGTCAATAAAAAATGACAAGTCCACAGCGGGATGCCCAGCGCTGCATCTAGCAGCCCTGATGTTCGTGATCCAACGGAAGCATGGGGGTGCAGGAGCATAGTACTGGACATGGGACGGGTACAACTCTGAGCAGAGGAGTCGAAAATTAGTACATGTGTGATGTAATGGATACGCGCTTAACTTTCAGAGAATACTCCGGTCATGTGGGAACAACCGCAACGCTGAGCGAAGGTGATTCTGCGTAACTATCCTATAACGGAAATTCACTTTGTATGCTCGTCTAGGGCCCCACTTGGACCAATTTGGAAGTAACTTTCCTGAAAATTGGTACCTATGGATGATAGAAATCTTGGACCTGGTGTTGTACTCGTGGCAGCGACCGCAAGAGGCACTATGGCTTCCGTCATTCGGGCTTGAAGTGCGCGAGTTGCTTACCACGGTGTGGC,1603,51.09,Mus musculus
SEQ_798458,AGCGACGATTGGTCCTTAGATTACTAAGGGTTGTCAGAGTTTGCCGAGCACAGGACCTCCAGCCGATTCAGCGTAGTATGGCCCTGTGGGACGGCTTTCGGACATGTCGAGCGTCAAGCGTTGGATCTTCAACCCTGCTCCGAGGCGGATTCCCAGTGTTTCGGGTGAATGAGTGGATCGCTAAACTCCGATATCTCGGGTCGAGAGAAGACCAAACACTTTGACAATGCCACCTCACCAGGTCTCGAGTGCGTTCGGGCAGCAAATGATGATGTACACGCATGTCCTGCGATTATTATTCGCAGACATTTCTAGCACGCCTTCGCGGACGAACTGGAGCTTTGTTGCGCATTCAGCGTCCATATGGTGAGGGCGACTTCAACCTACAACTTGATTTAAAGCGACACGTTGTTAGGGCAGGGTACGAACGAGCCCGATATGCGCCCTCAACTAGTCACTTTCTCAGTATGAGAAGCAGAGGAGCAAAAAGTCTTCAACTAGAACGAGACTGAGACATTTCACTCCTAGTTTAAGGTGGTGCGCTCGATAAACAACTCCGCGCCACCCAAGGGTACCCCTTGAGATAGGTCGTAGTCCGTCTTGCTGCATGATCTC,615,51.71,Saccharomyces cerevisiae
SEQ_839572,GAAATGTTGTTACGCTTCGCACCGACTAATACATTAGGCAGCAATTGGTAACACACCAGCTGGTAGAGAGAGTT,74,44.59,Drosophila melanogaster
SEQ_862130,TCAATCGTCTGTCCATCGCACGCGCCCGAAATATGTGGGCTTTGAAGCGTTATCTACAGAAGCGTCTTTCAACGGGTATGACGCCACGGCACAACCGCCCCCCCAGCTCAAATAAAAACCAGAATGGGTGCGCTGTCTTATGCACATCCTGAGCTTTGCCTGCTATTCCCGTGCGTCGACAGAAGGAATTAGTAAGAATAAAATATAATTAACACACGGTTCGGGGTCCAGTCGGACATGTAACGCTCTTGTTCCACCCGGAACCGCCTACTGGGGGCTTGTTACCGAAAAAGCTTCCTCGACTGGCTCCCTGAGCCGAGGCTAATTTGATGCGTGGTGCCGGGAGCAAGAAGAGTCAGTCAGCTGGCAACACCCGGGACTAACCCGGAATGGACCCCTTCTGGTAGCCGTAACGTGCGATATTACTCCCTCCAAGGACAGAGAAGGACGCGGCCATGCACGCGTGCCTTACAGTGCGTTTCCATTTATGCTGCCCGTTCTCAAGAGTTGTCTCTGGTAGAAGATCTTTACGGACGACTGCAATGGAACCGGACTGAGCGAGCGCCTCAACTTCGGGACGCCAGAACCGCAGGTAACCGGTGTACTAGAACAAGTAGGCCGTACTCAGGGCCATTCGCTGCATCTTTTTTCCAAGGTCGTGTTCGCCAAGTACAAATTGATCCGGGATAATGATGAGATACAATGACGATCAGCCCGTACAGCCTCCAATACAATCCGATATACTTTATATATGGGGAACTCATTTCACTGTCTAATCAGATTACTGTATTAGATCCAGGCTACGACTCCCATCTTGCGTTCCATAAATCTATTCTCGACCTTCTATAATTAATGTTACTTTCTGCTCAACTAGTTGGAGGTATGATCGTTCCTAAGCTTGGATATAACCAATCCCCGCGACAGCTCATCCTGTCCTGGACACCCGTTACGGCATACATGTTACCTGGCTCCTTCTGTCTTGATCTAAAACTAGATTGTCGGAAGTCGGCTCCGTCGGACTTATATAAGCCATACATCGTATTGGTCAGTCCACCTAGGCCAGGGAGGTGGAGGTACAGTCGTGTCTACAAGTGCTAAACACAACGGTATGAATTAG,1117,49.78,Mus musculus
SEQ_922032,GTCGCATTTCAACTCAGCAGTATTTGCAAGTCATCGGCCCAGATCCGGGCACGCCTGATGCCACTTGTGCTCGGCCTCACAGACAGTTTGCAAGCCTACGATAGGAGAATCTCTCGAGGGGTCCCGTTACTGATATCAGTATCAAGATTAGCGAGAATAGTCCGTTGCTGCCACCTAGCCCAGCCTTCAGGATCTCAACCCATGCCGACACGTAGCACGACAACGCTGTTCTAGCAACCCGGATTACAGCTATTCACCTTATCCAGTAATAGTCACTTCCACCGGGTTGCTCCAGGTGCTTTTTCATGGCTCTCGAGTCCCGGTTCATACTGCGGGGCCCTCTGTCGAGATCACGTTTCATTCCAGAACAGGAGCGTCTCGCCCTCCCTGGCTTCTGACAGATAACACATAGGCGCGGTGCCTAGCGAGCGCACCTAATAAGTACACGTGTATCGAATTGCCCTAAACGCGAGGTCTTCTTTCGAAAGTTTGGTCCATCACATAGGAAGCAAGGCCTAACCGACAAAGACTACAACTATTCGTTGACCCCTTACATAGGTGGTCAATGGCATTCTTCACTCTCTAATAAACCTAACCGCGCATGGTATAGGACCCGTCAACCTTGCAATAGAGATGAACTGCGGTATCCCTCAGCCTAGAGGTGCGGGGCAGGCCCGTGATGAATTACGCATGTTCGGCTTAGAATTGAACGGCACTAGTAGATCAGTGACAGCGAACAAATTTACAGGGAGTCCACACACTGCCAAGGATGAGACCGGAGTGCCCCTGAGCGACCTACAATAAACGCACCCATGCAATAGTAACCGGGTTAACTTGGGGTCCCCTAGTTGCGGCATTCAACATCAAGGTCACGCGAGTGTAGTTCGTGTACTGGAACTCCACT,904,51.66,Arabidopsis thaliana
SEQ_911100,CATTTATTCAACAGACCTCCGGAGGTTTCCCTATTGTATTTATGCGACGTCCCATACTGGTCCCGGTGCGCAAGCCAAATCGAGCAGGATCCTGTTAGTAGGCGTAATCCGG,112,50.89,Homo sapiens
SEQ_472745,CGTACTTGACCCACTTACATCGAGCCATTCCCGATAGTGGCTCGGCTGAACCGTCACTAAGTTCCTGCTAGTTCCAGTCATTCGTACGTCCCTTTGCATTAGTCCCATTATATATGATGATCCTCCATCGCCTAAACACTTTCGAGCGCCGCGCTATGGTGGAGGATTGCGGGTTCCACCTTCCCCCTTAGGCTCGAACCAATTAATACTCAGCCTTACATCCTTATCCTGAACTTAATTAAACCAACACCACCTACGGCACTGGTCGTCCGGGCTTTGCCCGTGTCTCTTAGTCGGACAGAAGCTCGGTAGTGTCATCTGGCCGGGTCACTGTCGCCAAAAGTATGTGTATGTCGAGGTACACCTATAATTATATGAAAGGTAGCATGCGTTTCCGGGCTAATCGGGATAAAAGTGAGCACCTGCCCGGACACTGTTTGACAAACCTCTAACTGGAGCGGTGTGTCGCGTCGGGCGCGCTCCCCGGGGAGTACTGCTTACACTTAATTAGAAAGGGCGTGGAGCAGACCTGCTAGGGATGGATAGTTGCAAAATGTATGCAAGTGGTAGTTTACGTGAGAAACCATACGCATGTCTCGTCTGGGTATCAGGACTGCGATACATATCGTTCCTGGGATGGGAACCTCTACCGTTTGACGGCGAGCAGTATAGGCGACAAGCCACTGCACCACCCGGTAGAAATATATTTGCTACAGGATTCTGCAGGGTGGCATCCTTCTGATTATATATACCTCCGGCTGGGGGTGAAGGTCCAAGGTAATCCCAAGTAGCAGCCGGAAAAACGTACTTTACGTGCTGTGAACATCTGCATTTTGGGATTATATGGAGTAATCATGTATTTCGCCGTAGACTAAACTCTTTCTAGGGACGCTCTTCGAATAGCCTCAGTAATTAACACATAATGGCTGAATTGGGACAAGGCCCCCAAACCGTCCGCTTACGGATAATGCTGGTCCTGTTCCAGCAGGACGATCTTCTGATATTCGCTCGTGACTCTCACTAGAGGACTGGTGTCCGAAATTGGCCCGCCCATTCCCCCGCCAAGACTGTCGTCTAGAGACGTGAATGGCGTATTGCTGTCCCAGGCGCTGGGCCGAATACATCCGAGCACACTTCCTCAATGGATCTCATTCGTGGAAACGCGTATGGACCAGGGTTTAGATGGTAGCTTTTCCGCATGTGGGAACAAGGTGTACTACGATCACGATTCTATACGACCGGGGAGAGCTGTTCATGAATCCTGAGTCTAACGTTGGCCGATGGAAAACCGACCGCGTCCCTGATCCTCGTGGTAAGACGGTTTGGTACTTATGTTCAGACCGCATTTGGACCACTGAGTCTCGCTGTGTACCGATCCTCGTGCCTCTATCTGTAGTACGTTCAGTCGAGTCGCTCCTAAGAACCGACGGAAAATTTTAGGTGTTTTAGTAATCTACAGAATATCTCCCCAGAGCGTCCGCTGATAGATATCCTGAAGCTATCTACTTTATGGGTTACCACCTGTCCTACACTTTCACCTCGGCAGAGGTGTCCCAGCCCACTACTAGAGT,1571,50.29,Escherichia coli
SEQ_912492,GTCGCCGGCATGCTTATCCCCTAGGATACCGGGACGACCCACGAAGCCCCCCACCTCATGTATCCATGTGTATCATATAACACGCTTCATAGGACGCATGTATACAGTGTGAACCGCGTCCCCGAACGTTCTTACATTCGCGGAGACTCAGACGGCGAGAGACGAGGGAGCCCGAGGGAGGGCGCGGCCCGCCCAGCCAATTTCCTCGAACTATTCACCCCACTCGTAGGGGAATGTGGGTATGAAATGAAGTGGCATCCAACAGTCGGAAAGAAAATAGGTACACGGGGGGAACGACCGTCCAAACGAGTATCCTTAGT,320,55.62,Mus musculus
SEQ_480559,GTTAGAGAGTATGATAGTTTGATTGAAATCGCTCTACCGGCGATGCCGTCCCCTACCATGTTCATATTAACTGACTGATATAACAAATGGGCCCTCGGACACAAGTCCTCGTCCCCTTGGAACATTCGAAACAATCGAGAGGCGGCAGCTTGTAGTTTAAATTATGAAACAACGGAGACTTATGCACGGACCAACGTTTCCGACGACTAGAATAACGGAAAACGCAGACGCCGTGAGCGTCCGTCAGTGCTCTCGTGATGTTAAGATGTCATCATCTCATGATTGTTACTAACTTCTAACTACTCCGAGGGAAATGTAAGTTGTAACCTTTCGCCCCTGATAGACCCGTCTAGCTACGAATCTGCGACTGCGTACGCCCGGTTAGAAGGGCTGGCCTCTGTTTATCCAAGCCTAAA,416,47.36,Arabidopsis thaliana
SEQ_238079,AAAGTTCGCACTTGGATACTACATAGTCGCGGGACTAGCTTGATCACCTCCACGGGGTCGGATCTACCCACGCGCGGTGGTGTAAAACGTGAGGTAACTCGGGCTGGCGTGGCGTCTAAAATCTGCAGTTGGTCGTAGGCGGTTCCTTCCCAGGTCGGAGCATGTCGTACAGATGTCCAAAGTGCGTTATGGGGGTCCTTTTGAATGCATACCCCGATTTTGTGAGATGCCGGGAGCCGGGTCGCCATTTCCGTCTCATAGATTCTGGGTCCATATCTGTTGCGGGGCTTTGGCGCGTAAGTCCATAAAGCGCATCCGCAGTACCCCCGATGTGCCGCACACATGCCTTCCCGTGATATAGTGGCACGTCTGTCTTCTATGGCACCAAGCTAGTATGAGAGCCGCGCATACAACGCCGGGGCATGACGCTCCGTCTAAATGCTCCGACGTCTCTAGATCACTGAGGGTCTTGTCGGTGTCGCAAATGGAGAATAAGAGATTCCTGATACCGCGCAACAATGGCGGCCCGAACTCCATGGATATGGAAGCACTAGGTCGCCTCCGCTGGGCGTATTCCGAGCCCAAGGCGAAGACGGCCGCTACGCATAGCGACAGGAAAACCAAAAGTCTTGATGTTCACTCCTCCCAATAGCGAGTCCCTCCGACCCGATCTGACCCGAGGATAATGCTATGTCAGATATTGGCTAACTAAGGGGTGGACGGTGTAAAGAGGATGCATTATCAATATATAGGGGACCTATTAACGAATCCCGTTCCGCGGGTCGTGACGGAGGCCTGTTATTTTTGGGATTTCACCTGGTGTCTGTAATTTTAAGGTCAAAACATGCCCGGGATAAGTTCGGGTGAGTACTGTTAGAGAGGTCGGTGAACACACGTGAATGGTACAGATATCGAAGGATGACAGCACGATAAGATGACGGCGTCCCCATAACCGATCATTTGTACCAAAGCTAACTCCCTAGGGATCTACAGCAAATAATTGGGATTAAACATGGGAACACAGTACCAGCGAGGGACTTAGTGCTGCTACTGACTGGTGCGTCTGAAAAGTACGTCGAAACAGATGGCACGTAGGCAGTGGTTTCCCACGCAATTAGACTACGAACTCTGGACGCCAACCGAAGTTCAGGTTTGTATTCATGACGCGCGCATTTGACGTGTTAACCATAGCAGCTCGTAATGGCATCCAAAACCGACCTTGCCGCTTCTCGGAACAACCGGAAGAAGGCAGCACAATGATGGGCCTGAACGGACAGAAGGCCCCCTTAGGGTCAGCCCTCGCAGGTTCCTAGGTTTTTTCCGGAGTGAAAGTCAGGCAAATTCAGACTTCCAGTCTGAAACTAATACCTCGTATTTGGTTGATCCGCGTCCACATCGAGGACGGTATTTTGAATCAATCGCCTGAGACAGACAAATACATGTTAGCTATCCTCCACATAGCGGACTAACGTCCTAGATAGAAATGTGCTCTTAATTACCGATTCGTGTTGTAGGCGCGAATAGTGTCGGGCTAACTGACGACGCGTCCGCCTGTTGTAGTCGCATGATGTCGCGTACGACTGGAAG,1587,51.61,Caenorhabditis elegans
SEQ_656627,CCACGCGAAGCTGCCAAAACAACCTAATCCCCCTTTGGCCAGTTGACCGGTCGCCGTACCATAACGCGCGTGGAGCCCACCATGAGTCGTTCCACAAAGTGGTTGGTTTTGCTTCTAGGGGCGCTTCGAGAATCTCGCTAAACCTTCACTGGTCTTGTACGCATAAACCTTTCGGATGCATCTACACCCACACGTCTATACAACCGAGGCGTGCTCAGGCTGGGGGTATGATGGTGGACGTATTTTCGGCGCATTTGACCTTAGATGAATTCATAGGTTACAGTTCCATATAATCACCTGGGCTGAAACAACTATCACCGCAGCCAGGCTCATAGTCCCCTACCGTCGCGCAACTGTGGGCCTTTCGCAGTACCCTGCCTCCAGGGCGGCGAATCTAGCTACACGCCTCCCCTTCGATACCAATAGGAACGGCCTCAATCAGTATATGTCACTCATACGAATGGGTTTCAGCTCGGCGGTGGTCATGTCAACGACGCGTGATGTCACGAAGGTGGCAGTTTGTGCGGGCTACTGTCCGCGGAGTCCGTCGCACAGACCCGCGATGGTCGAGCTGGATTGAGTTGTGGAATAAACTACATCAACATACAAGCGAGGTTATTTCATTAATGACGGGTAATCGTCACGCCCCGGCAATGCTCAAACGGTACTCCAAGAAGCGCCTAATGAATTCGGGTAAAGGGCGGGGACTATCTGAAGCCGCAAATGCTGCTCCGCAAATAAAAAACAGGCGCCGACTTCCATCCCGGTAACGGAGAACCACCGCAGTTGCCCGTCTCAAAGGCGAGTCATTTTTATAATAGTTCTCAGCTAGTAACACAATCTGTCGAATATAAACCCGTAGCCGAATTATCTTCCCGCATTTGAGATCCAAGAAAGGTTGTCCTAACGATATGTCCGCACCCCACGATGGCTAGGGTCTCGCGTGCCGCGGGGACTTATTCTCTGGACCTTTTTAACGGTCTTGCCTTGTACATTCAGTCCATAGGTCCTCTGTCTCTACGGTCCAAAACCTGTGCTTTCGCTAAACAAGTCAACCTAGGGCATCTGGACCCCGTGAAGGGGGAGGATGTCCTAAACCGAAGTGCGATCGTCCTTTCGCTACTGACGCGGCGCAGTATTCCTGGCATCGTAGTGCCTGACGCTTAGAGACCCCATGAAAAGTCTAACAATCGCGAGGGTTCTGCTCTTTACTTTAGTGCAAAAATTGCGAGAGTACTGGTAAATTCAGTATGCTAGGTCCGAATCGGAGCGCTGGTGTGATACGTCCGAGAAAATTCCCTGACGAGAGGGAAGAGTGGGTAACTACACGGATGGATACGTGACTGGGTCCTTTGTACAGGGCACTATGCGTCATCTTGTGGAACGGTGTTGAATCTCCCTTACTTAGGCAGTAAGATGAAAGTGGGTTAAGCGCGCGCGACGGCCGACTAAGGCCAAACTCTAGCATCGTACTTGACTAGGGACAGGCGGACCTAAACACACCCCTATCAGGCTCCTGGGACTAAATTGGCAACATTACTGGACGTCAGACATGGAAGTT,1561,51.7,Saccharomyces cerevisiae
SEQ_152653,TCCCAAGGCGATAGACTAAGGACTCGTCTCCTCGTCAAGCGACTATTTATAAAAACGGAGTACAATGTGTGGATTCTCGTAGGCTTGATGTAAATGCGGTTCATTGCTAGCCTCCGCAGTCCAACACAAATTATATAACGTGCCTGACGGAGACCATTGCCAAACTTTTTGAGGGATTTAAATTGCTCTTATCTATAATTCACTGCTCCGGATTTGATTAAGACTCTGACACAGAAAACATCAAATTTGTTGACGTGCCACCGAGTATGCGTCCATATGTACAGGGTGGCATGTATGACGGACGTGTCGTTGGGGGTGATACAAGAATTAGGGGATTTACGACCAGTGGGAATGTTGGCTTAACGTTTCCCGCCATTGGCACTAAGGCAAGTCTAAAGCGCCAACGTATCGACTTCTTGTCGTACCATACTAGGAAAGGGTTGAAGTGGTGTAATGAATTAAGGGGTGGATCTTGTATCATGGGTCTACCAATACGTTGGGGCTTGCTAATGCTAGTAGATCTATTGTACCACCAATGGCCTGGTCAGTTATTCTCGTACGATGTGAGAGCTGGTTCCGACGTTAACCGGGGAAACACCACTGTTCTGGGAGAGTTCCCGGCGGCTCTTACGAAAGAG,638,46.24,Saccharomyces cerevisiae
SEQ_292035,CTTGCGCCCTACAAGGGTCTAATTGGCAACGTAAATTCAGTACTGCTCCGTTCGGGTTGCAGAGGGTCAGCGACTGGACATAATTGTCCCTAATGCGCGACAAATGATGCGTGGTCGATTCCGTCCCGTTGTGCCGGTTGTTCCTGACAACACGCGAATGCCTATCTGGTAAGCCCTCTGTTGTCTGTAGCATTAAATATTATCAGCCTATGGTTATTACAA,222,48.65,Drosophila melanogaster
SEQ_512559,CTCTTAGGCTCGTTGGTGATCAGACACCACCTTCCCTGTATTCAGGGACGCGTTCGCAGGTTACTAATATTCGACAGAATACCAAGTATTGGCCCTGGTGAGATGAACGTTGTTCGGGCTGAAAAAACTCTCACTAAGTACGGTCCACCTCATGATGTTTGGGCTCATTATCGCCGTTAATGAGGCCAGCGCGAGTGTCATCACGTATTCATAGGTCTTTAAGAAAGGTCAATCCGACCAGGGAGAGGCGTTGCTCTATTCCGGGACCTATAGTTCAAAAAAGTATCAGGTCGGGGCCATCACTCTAAGGGTTCTTCTTAAATGAGACACTTCCACAGCTAGTGGAAAGATTGGGTCCTTCCTGGGACAGCAAAGACATTCTTCACGAGCATCACTATAGTTCAACTACCACGCCGTTGAACCGTTCGATGAGCGTTGCACTTCAGCGTCCGTGCTATCAGCCTACATCTGGACGCTCATAACACTTCTGTCCACAGCAATGGATACAACATGGCGCCTCGACGCCAGCTGATTTCTTACGGCAGAGACCATTGATGAGGTTGGACTTCAAAAGTGCGTTCTGAGTCCTGACCGCGCTTAGCTACGCTAGCATGTTCACTATCTGTTGTAAGATCTTGGCTACCTCTTCATTATCGTTGCCATCACACTAACACATCAAGCGGCGTATTGTGCGCAAGAGGCAATCGAAGACCTCAATCTGGCAATCTTCGCACCCCCAAGACCCAGATACGGTAAGAGGCGACTACAGTCAACGCTGTCCCCTGTCATACAAGGCCGATTTAAAGCGTAAGATGACCAATGGTTATCAATGGTAACTTCTACGCAGGACATACCTAAGCATACAATACTTACAGGGAAGATGTGGGACTAAAAGCTTTTCCGTGGCGCCCAGACGGTCGGCCGGAAGTTGATATTCCTCATAAGCGCTACAGATGACCGTGTGTAGGGCAATCGCCCGTTGACGATGGAACAACCTTCGATATGGACCGCCCAGGTTGATGATCTCACTTTTTGCAAACACACCCACCTTTGTAGATGACGCTCCTATTTATAATGTCGAAAGGCCAAGTGCGTCGTCAAATTACACCAGGCATTAGCCTAGGCTTCAATTTAGGCACTGATAAGCTACGTTTACATGCCAATTGAGTCAGGGGATTCACGTCAATGTAAGTTCAGATGCCGGGCCCGCTGTTCCTTGTGCTATTCCCATACGATCAAATAGATTATGACCCGGCCGTGGTGTACAATTAAATCTCCTACCATTGACTCACATTCTTTTGGGCCTAAAGTCGCCTGATTGGTGCAGCTATCAAGTAATGTCCCAAGCGTGAGGTGCGCACAGGGTCAACTTGTACGACGTAACCAAGTCGCTCGTAATGCTGGAGACAGCCTCCTTCCTGCGTTTGCACTGTAACTCACTGACTAAGTAGTGATTGACTTCTCTGGTTGGACCCTATGGACTAATTTTTTTGTTTTGAATAATACTACCCTCCCGTAGTCGCAAGAGACCCGAACGCGCCAGCCCTAAGAAAGTATGTACTTGTACGGTGGCCCGGTTATATCTGCTATAGACGGCGGCGTGGGGCCCAGCAAATCCCCGATAACAT,1628,48.59,Mus musculus
SEQ_144765,TCGAATTCGTCCTTCATATTACGGTGACGGCTGGGTTCATGCCGTTCTGGAGGTTGATAACAAGAGCCCAGTTCAAAAGGTCGGGGGGATCAAAAGGTGAGTCCTGGCGCGGTCCCCCTCTTGTACTCCTCTGCCATTCGTAAACGAATTGATCTGCGATTAATATTGATAGTGGGAGCCACAACTGAAATGTTGCAATTCTCTGTTATATGTCCGACACACAAGGCCGGCAGCCACTTACGAATCGCCTCTAGGGTTAATCTTCATGCCTCTGATTCTGCAGCGTTTACGGTGGTGCATAAAATGTCGAACGAAGTGACATTACTAGCAGTATGTCCCTGCCAGAGGCCCTGGTATGGCCGCCCTCACAACTGGAGCGTAGGCGCCGGGCGAACCGACGTCTTAAGAGTATCCGTAAATGCATGTTGAGAGCATCAACCGATGCGGCGTGGATCCACGGCCAGGGACATACCGGTAAAGCTATTGAACGACAGGTCTACAAGTTAGGGCCTAGATTCCCACTAGTCGGGTTTAGCCGTCTTACTCGCCCAAGGGTTTGGGTACCAGCGCTCTGCATGCCCCCACACACGGTGCTACGGGATATGGACATTGTGATGAGCTATCAAGTGTCGCAGCTCGGTTGTTATCGTCCGGGTCGACTGTAGAACAAAACTGTGCTTGAGCAGCGGGCTAAGCGTGCAGAACCGCGCTTAGAGCTGCGGGACCCCTGATCGATGAAAACGAACTATAATCGTAAACTTAATGTAGCTCGTACGACCAGAGAGTTAGTCAACCTCGCCCGTTCACTGAGGGACAAAAATGGAGTACACTGTGCTTTCTACCAGCTCTGTTAGCTATGTGAATCACGACTATCCTGAATGCTTAGACTGGCCCCTCGCGCCCTGACCGTTAGCAGCGGATTGTACTCAAAGGAGGCGAGTTTTTAGCTGTCTGAGGCGGGGGGGCACTAATGTAATCCATCTAAGACAACTTTCTTCCTTGGGGGAAGAATCGTGTACAGCTTACGCCAGGTTACCAACTTATCTTAGTGAAAGGGTTGAAGGTTTCGGCATTTCGCCTAAGCCCTCACCAATGAATGAACTGTGTTGTATCGATCGCTGAAGACCTCGTTCAATCGTCTGGTGGCGAGAAAGCGTCTGAAATTTTACCCTACTATTATGTCAGCGCTTGATACGTAGTTGGTTGGCATTTGTTCATTGGCAACATCTCGGACTGAATGACGCAACTCCTAAGTGCAAGCTCAAGCCGTTGAGCTAGGCCGGTGAATCTCCACATATGACTTACAGGCTAGATGGCCCTGCCGAGCTCTCCACGTGCTCGACGTAGCTTACGGGTCCGTACTCGAGGGGCTAGAAAAACGTGGTCCGATGTATCTGGAGCGATTCATCACAGAGGTAGGCTCGGACTTGAAGCTTATCCTATGTAGTCAGCCTTTTATTTGCTCTGAAGTCACGCTAAGACCAGTG,1487,50.71,Arabidopsis thaliana
SEQ_108963,ATCTCTGCACAATCACAACTTAAATAATCGTACCGCTCATACTACCCATCAGCTCGGAACATCCCTTCCGCCAGCCGCTGGTCTCTCTACGTTTTGACACGTAAAGTCAAAGAACGCAATAGCTCATATCTTCTGGTTATTGTCTACGCGAACTGGCGCATTGGAGGGTAAACGTTAGCACATTGATTCACACGGGGGGGCTATGCGTTCGTGTACGATGCCCTGGTCTCCGGGCCATATCATGTCTCATTCCTATCCTGTTGCTTCACGGCCTAAGCCTATGTCATAGCAGCGCCACCTTCTTTCAGCGCTTGAGTTTGATTTTACGCGTTTACGGCGGAATGTGGCAAAACAATCCTGAAACACGTGTTTTCGCACGTTCTTCGATCATAACCGAACTACCCGATTACAGGCCTGTTCCTTCAAGCTAATCTCAACCTTGGTCGCCGTTTACGCCCGAGGTTGTGTGGGGTACAGCTAGTGGCTATAGTAAAGACTGGGTCCCCGGGGCCCGACACAGTCCGTATATTACGGAGTGACGTGTTCGGGGCCCACCTAATCTGTGCTGAAAGAACTGGGTACAACCGACCCCGCTGATTGCCGACGTTAGTTCTGCGAAGACGCCTCATGCATAAATCCGCAAGGACGTTCGTTGTCGCCGCCGTTCTTTCAAGGCTGTAATAAGTATGTCCGTAGGACAACGCTGACCTCAATAATGACACGCCTCTCCAACGTTAAAACCCCCATTCCTAGATTGATACATTTACATAGATTCTTGAGATCAACAGAGCTCCGAACGTTAGATGAGGACCTCCTAATGAACATATTTTCCGGCTTTACGACCCGCCGAGTTCTAACGTCTGAACACTAGGATCGTTACCGGAGTCTTCAACCCTGCAATCCGAGGGCGCGGTATGGGAGTTATGAAGCGTTTACACACAAGATTGTGTTTGGGTGTCACCAAATGAGTCGGTGTTGGAGAAATGTAGGACGCTATCCACCCCTGAGAGGTTTAACCGTAGCCAATTGCAAGATGACCAGACCGTGGTAACGAGAACCGAGGGGTGTATCCGCTAGCATGCGCACTCATCGCAAGTCGGTCACCGGTACGCAACTGATTGACATGTTTGTTTGTGACTCGTGCTCAGCATACCCTTCTTTCGACTCGTTAAATTGATTTTGAAGACCCGGAGGAATGCCGCGGGA,1206,50.0,Saccharomyces cerevisiae
SEQ_285905,CTCTCAGCTCTTCAGGCTCTAATGCGAACTTGTTGCGGTGGGAAGTGTCCCACCTCCCTTCGCTGTAGTGATTCCCTAACGGTTGAAACGACGTTGCGTTGCACCATCGTTCAGTAACATTGCACTTACTCAGTAACGAAGTCGCCTGGGCCCAATTACGATGTCTTCAGACGTAGTAGAAACCCGGAGCGCGTATCTAGTTGAATTTTGGACCTCAGCGCATCGATGCACGGCGCTAAACTAACCCTAAACACACGATACGAGCGCCGGGGCCGTCTAACGAGCCTTAGTTTGACTCAACCGGCACCCGGCGAGGACTCCGATGCGACGCTAAGCGGGAATTTATAAATCCTCAACACTTATGCGTCCAAGTAAATATCCTAAGGATATGCTATATTTGTCAATAACTGCCGATCCCGCTTGTCGGCTAGTTACGCACTGCCCCAGTAGAATACTGGCCTGCAGCTCGGCGCCAACAAGAATCCCACACGTCGCAGATTAGCAACG,507,51.68,Caenorhabditis elegans
SEQ_562224,CTGAGAGGCTTTTAAGACTAATCCTACAACGGTGAAGAGTATAGTGTTAGTAGTACGCCCCAAGCGATGACCGTAGAGTGGTATTCTGTTAAACCGTCACGAGGTCGTGATGGCCGTATTTGCGAGCTTTGATATGATCCTCCCTGCGACCTTCGAGGCATTTAGCTGCAGCGCATGGCGGGCGGCAAACGTATGATCAGAGATTCGTTAAAGTTGGGTCCAGCGCGTTATCCTTATTAGTTTGCTTAAGACTGGACATAGTGACATTTCTCGGACAAGGGTAGCCATGACCCTGTATAGCTTCCCAGCACCTGCTAACAGGAGGGTAAAGAAATCCACGGTCCCATGTTAGAGTTTCTAGACTTGCCTGCATCGACATCTACGGGCTACCCTTTGAGTCTCGCGGGGAGATTCCATCAACAATACAGGGTCATGCATTATAACCCCGCTTTCAGATGTGG,461,49.02,Drosophila melanogaster
SEQ_674873,GACTCGCACTAGTCCCGATTACGGTTCAATGTCGTCTTCCAACCACCTCACGGCCCTTAATATTTTTAACCAAAATCGCACTTGATGCACACTCCACCCGGCCAGAAGGCATCGCGTGTCTCATTGATCAGTTCGGCAGGCAACAACATATGTAGGAGCTCCCGTTGTAGCTCTTTATCAGCAGGTCAGAGTAATTCCGTCCCCCGACCACGAGCAGAACAAATGGAATTGAACTCTTTAATGCGCCCAAGCGTCATATGCACGTATCAAGAACAGACCAAATCCCCGTACTTGAGGACTCTTACGAGTCTTCGTCAGCGCAGATAGAGGAGACAACATACTCTGAGTTTCACACGTCGCCGCCGTACTATTCAGAGACTTACGCCGACTCATCGCTACTACAGCGATTCAGTAATGGGTTCGGACACGGGGATCGGATGTCATGTAAACGATTGGGTATGTCCGACAGCACGCATCCTCCTAGGTTGAGCAACCTGCTACAAGGAAACGCTCCGGCTCCCAAAGGCATTTGCGAGTTTCCGTACTGTGGAGATTGAGGCGCGTCTTGCCGTCGCGCTATCTCG,584,51.37,Drosophila melanogaster
SEQ_230068,GGTTAGACCTACTAGTTGGCGATTCGTCGATCCGCTGGATGGCTATCCAAGGTATTTTTTAAACAATCTCCAGTGTTCCTACCAACTGGCTAATTGTATCGCTGTTGGAAAAGCGAAAACTTTCTGGTACGACAGTTGCCCGTAGGGGGACCGACCCACGAACTAAAAGAGTCGGTGCGACTATGAATGGTTGCCCGCACCTGAGCCCACCTTAACCCTAGATACCTCCAAAGGATACGTTGAGGCAATCAGTCCAGAGTATGTCGCTCAGATGACCTATAGCGGCGTCGCCGATGAAAAAATTGAGG,308,49.35,Escherichia coli
SEQ_893798,TGCCAACGCAAGAAAGGCACAAAGTGACGCACTAGAATAAGGTCGTCACGGATCGCAGCTCAGCCTCCTTTAGTCACCAGGACACTCTGGCTAACTGACTACGAGACATACAACATGGTGAGATAGACCGAACCTAGAAACTTGTCCCAACCCATGGAGGAGATTACTAGAGATGGCTTCGCATGATTCTCTCTGGGCACTCCGGCACCGGCACGGAGATCATGATGGTCGCCCGGCCGGCGGAGGTAAATAGGGTTTTCGCAGTTGATACCTAGTCGGACGACCCACGCTCACATTCGTACCGTGGACTGCTTGTTTATACGTAGGCCTGCGAATTTATTCATCCCTATTACATAAAGTTCTTAATGCCGGTCATGGCCTCTGAGCAGAATTGCCTGCATGGTGTCCCTTTTCCACAGCGTCTGTGCGAGCGGACCGCGCGGTCCAGTAAACGCCGAGGTTGGGAGCTAGATTCGAGGAGAATGGCTATCCAGTCGAAGTAGCATTTCGGCCGGGGAACGGGCAGAAGGGGACTATGGGCGGCCTGCCACAATGAACAGACTCGCAGCCACCGATTACAGTCGGACTACGAAGGTCCGCCAGAGCCCTTAAGTTGCATAGCCCTCATTCAGTGAGAATGAGTAACGAAAAGTTGAGAGTACCCCCGGGAGCATTCGTGTATATGGAGTTGCGAACATCATATGGACTTTAGAAGAGGACTTGGAGTGGGTAATATTGAACCCCTATAAGCGTCAGTGTTCGTAACACAGTGTTGGCTCCACATTTTATTGTAGGCTTGCTCAGGCAATCAACGACGCTGTTTGCAGGAATTGCCAATAACGAGTTGTCGCAGACAAGAGGGCAATACGGTATTGGATTAGTGATCGGAGGAGCACCGGTTATAGAGAGTGTAAGGCGAATTAAGATGGCTCGCACCATTTTCGATTACAATCGTTTGCAGTGTTTTTAGAGATACAAGGAACTTAAAGATTGCCTATAATTAATCAGGTAGGCAAGCGAAATCCCTTACCAAACAAACGCGATAATCACTAGCCCGACCCACTACGTACAACTACCTTGTTGGGAGTTAGTCTGGAGCCAATTTTGCATAAATCGAACGATAGGAATCATATAGCGGTTCCATACTCTCATAATGAGGCGTTGTCGTGCTCGGTGCTACTAGGGCATCTATAAATGGGACCTACTAAGACGATTGGTGGATGTCAAGCCGAATACATGCGTTCCACCCTGACGGATAATATGAATACAGAGCTCTGAGAAAC,1283,49.03,Saccharomyces cerevisiae
SEQ_841771,TTAGCGATGTCATCCTCTACTTTCACTCTCGGATAACTACCGCCTGGTTTCAATTAGAGTACGCTTATTTAGGAATAAGATCAACCTTGCCCGTTCAGAAGAGGCATGTTTATTCTCCCCCCGTTTCCGGGCTTGGTGCTCCATGAGAGACGGTTTTAGTACCGAACGAACGTAAGGTGCTCGGTGTTATGGAAATGACCTTGGCAGCGTCGTTCCCCTGATAGTTCGGTGTAAAGAGGCTGATACAACGGTAGGCTAGTTATGGACCGCATCAAACGGGCCATCGTAGTCTTGGGTAGTAGCGTTTGTGATCTGCCAAGTACCTCATCCACAGAACTCGCTTAGATTGTTACGGTTCGTGCGCGATCATTTCCCTTGCGAACCCAAGCGTGAATAAGCGACGGTAATTGCGCATGCAAGGGACGGTTAACTTGGTTGGTCAAAATCATCTTACAGAAGGAGAACTCTTAATCGGAGGTACGTTTTGTTATCTCAGTCAGCGTCATGGACTTTGAAAGGGTGACTGTCGGTTGCTTCGCTCACATAGAGTTGCCGACCGATGAACAGGTGTCCGGAACGCGGTACTTATATGTGTTCTTAGAGAGTAACTGCACTCTAGGCTGCAAGCGAGACCTGCAAATTTCGCAGCGCTCTAGGCTGTGATGATTTCCTATGCCATGACGGTGCCAGGAGTTCATGGATGAAAGACAACCATGCAGGAATCGTATCATCCGGCAAACAGAGCAACATGACAACATACACTGGCACTTGATCGTGAGAGGGCGCGTGCAACGGGGCTCCGAGTTTGACTTGACATACCTCTACATTAACTGTAGTCATCGATATACTGCGGGCATTAATAGCTTATGCAAGTAGTGCAAATTCCCCTGATGAGGCGTTGAATCGGCGGCGTCGTACACCGCACCCCTAGATCCTAATTCCTGTGATGCCTATGACGGATCAATTACAGATCTCCGAATACGACAACAGCCGTAATCCGAGGGGAGTGGCAGGCGCCCGCACATCCTCCAGCCCATGCGAGCCTTGCGCCCCTGGACTTAATCGAATGGAACATGCTACTGTACGCACTCTCCTTCGGATGCTCCGGCACTGCCATTATCTTCTAGCCCAAGCATGGCGCCAGAGCCGTTTCCGGGGTCCATGGGAGTACACATCCCTCGTTAGATGCAGGCGCCATTACGCAAACACGCTGTATCCTTACTCGAAGTGTGCGCGGCCTGGCTACAGATCGTTTTAGTCTTTGCTTGAGCCTGGCTCACGCAGGGTGCTGTCTGTCAAGGACATGCCGTCAACCTCACCAACCGCAGCATGCTCAAGAGAAGCATTACCAAGGCGGTCTAGACTCACGTGGGTATCCTTCCGGTGTTCAATTCACACGCGCGAGAGTATCCATGGCATGCGTGTTGTGGTGCCCGTGACACAAATATTTAGCGCCTCTGACCAAGTATCTTGACCGATACTGTTACAGGGTGAAACTACTGACCGGAGCTTCACGCAGGGATTTGTAGCAGGCACGGTGCAATGGAAAGACACGTGGCCCGGCATCGTTGCGAGCTGAACGATTCGATTTGCCTCTCTCTTGGATACTGGTCTGGGGCTCTGAACGATGGTTCTTCCCGAACACGTCAGAATGGAGTGGTTGATCAAATTGTATAAGCAGGCCATTGATCGATTGCAGTCTTTCCGTATCTCTCGACTACCACTTAGACTGCTTACAAAATATCGCTGCGCCGTCTTTTGCGAGCAGAAGACCGCAATTAACGACGCCTTAATTTGCGGCAGTAATTCCCTTGTACTGAACGATCGGAGTCATGCGCACTAAGCCCATTGATACGACGCATAGAGCAGAAATGATCTATTTGGCCCACACACTTGCAGTTGCGAGAAAGAGTCCATGTGGCTGCAGTGTAACGTGGGGGGGTGTCAAAACTCGTGTTCATC,1962,50.82,Escherichia coli
SEQ_422082,AGATATATTGCAACAGATGTTGCGAGGGACTCATGTCATGCCACTTCAACTTTAACTATCCTTTCGTTATAGGGCAGGCGTGGTGATATGAACATAGTCCCCCAAGGAACCTTAGGACGGTAAAGTAGGAGTGTAGATTGAGTGAAAGTTTCTATCATGGATCACCCAGAACTAGATTTCATCCTTCGGCTGATCTGCGCGAAACGTGGCTAATGGGCCCATGAGTGCAAGACCACTAAGGGGCCGACCTGTACTGCCCCGCAGTCACCTGTACGTTCTCACCCCGCGCCGTTAAATAGACTGCTATATGGCATCCTAGTGTGTTATCAAGATCTCTGCGTTAAGATTGACCTCAGGAAACGCCGTATAAGTCGTTTCTGCATTTTAAAAGGTGGGCACGATGGGCGCTGGGACGTCCTGAGTCGATAGGATGGTTGCCGGTCCTATAACAGGACGAGGGGGCACAAGGTAGACCTTGTGAGCAGTGCGCTCGAGTCCAGAGATCCGACGGACACGGTTCGTATCTTTACGGTGCTGTCAAGGAGTTTACGGCCATAAGGGAGGGCGCTGAGACAAAGTAACTGTAATGGCGGTAGGTACATTCTAGAGAAATTACCTGGTCGCCGCATACATGGCCAGCCACGACTTCAGTGCCCACTAACCCAGTAGCTATCATCGTTTCTAAGCGCGGGCCTTGAGAGTGCGATCGGCGCCAGGGGTTTCGGTTTGTACCCAGTGGATTGACAGCAACGAATGAGAATACGTTTGAAGCCGGCCACTCAGCAAGCGCTACGAACTCCGATCAAGGGTTTCGATTTGAGGGTTTAGTCTTGTATTACCCCATACCCCATCGCTTTAGCAGGGTTCGGTACTGAATTCTTACGACACGCACACAGGAAGGAACGTCCGAACTGGATTATGATGAAGTTGAAAATCTTTCGGACCACTCAGAGGGGCGCTAACTTCCGCGAATGATCTGAGGGAGCTTCCCTCGGGGAAATAGGGGTAATCGATAGGTGGTCATCAGACGGATAGGCCAATGCAAGACTGGCGCAGTTGACCCTTGCCGCACAGCAGGCTGTAAATCCTGCACACACTGGAAATAGACTACCGTGCATAACACAGGTTCAAACCGATGCCCTTAAATAATTCTTAATTTGGGCAGACCGTAACCACTGCGTGTGAAGGGAGAGCGTCTGATTCGTACTTAAATAATAAGCCCCGCGTAGCACAGTGCAGGT,1241,50.6,Saccharomyces cerevisiae
SEQ_155126,GTGTCCTGTTCTCCACTTGCATGCCTTCCTGTGGCATCGGATGAGACAATTAATCCGTGGGTTGAGTTAACCGCACCGGGAAGATCGTAGCTGAAACCCTTATTCGTGTGCCCGATGTCTCTGTTTTCGCCCCGGAGAGTACACGCGTGATCTTCACGGGGCGTAGTCCCAACGTCCTTCAACAGGTTATTACATCGAATATTGCGCGCTGCATTTGTGCGATCCAGCAAGGCCCAGTAGTGCTGGCGAGCGGTTGATTGGGTTGAGGCTGAGGCAGTGTACATTTAATCCCCGTAGGGTTAGGCCATGACGCCTGATGGTGTTTGACTAGCCGTACAAAAGAGTAAACCGCCGAGTACTGGTGGCCTCCACTAACGAACCCGGGTGGGAAAGCCAGTGCTACCCAACGTCGTGTACCACATGTGTCCACTGGAGGCCAATTCCTCGGTCATAGTTACAAGAACTAGGCCCACGGAATTTGAGTAGTTAGTAGGGGTCCTCCACCCACGTCTAGGCGTGACAGTAGTGTGGATTGCTAACAATGCGAGGGGCATAGATTCACGAGCTTTGCATCTCGTGAGTAATTGGGCCTGCTAATAGGCGCCGTTTATATACATACCGCTATGTCCCGCCCTCGGAGCCAAGCCAATTGAATACGCGTCAAAGTAGCCACCAACCAAGCGAATGCCATGTTAGCACTACGTGGTACTGCAAGTCGCCCGGATTTTTACTGGCCGGATTTATCAAGAGCCCTTAAAGTATTACGAGTTCGACAGATACGCTTAGGACAACAGCAAATTCAACAGCCTATGCCAAACGGCGGTGAGCACTCTTACTGTGATTTTCAGAGCAAGTTAAGAGCCTCTGTTAAGCTATCCGGCTCCACGAAAACATTGAGTCGGCGAAAGCCCTAAGACTTCCAGGAGCAAGAAGATGGTCTCGGACTGCTCAAGGGGGGGAGAATTTCCAAAGTCGTCCAGAGTAACATCCGAGTAGCTTTGTAACCCTGCCTCCACTTTCGTATCGGTTACCAATGATGTACCCACTGGTTTTTCGGCTATAAAAAACGATTAGGCCCTCCGTATCAAGAAAAAATTACAATTTTCGACCGCAACTCACGCTTCAAGGTTCTATAGGGCAATGGGGGTTTCCTGCTGGTCCTGAGCTTCCAATGCGTACGACTCACTTGCTTTCGACTGGATGTTCGTAACGTCTACACGCTTCGTTCGGCTGGCCCGAATGAATAGAGACCTCAGATTCACCTACGCACCATAGCATACCTGCGGCGAGTCCCTGGGCCTCGCCCGCATGTGCGAGGAACTTCTGCTGGTATACAAGATTTCGTGGGGCCACGTATCAATACCACGCAGACCAACGTGGTGGTGAGTCTGAAGTTTGTTAGAGCTATCGAGGCAGGTCACCTCGGGCTAATGTCACTGGACCAATGCTGCATAGGTTCATTGAATAATGAGGTTTGCTATAGATAGATCGTCTTGCCGGCATGCTTAGCCTCGGTACTATGAGTACCCGGACCCCGTCCATCCGGTCTCTTAGTCTTGCCGGCGCGTCATCTACGTAAGCGCCGAGCCGATAGCTATGAGCCGTGGCGTGACGGTTATACGCATCGTCCCATTCCATTTCTTTTAATATGTACCTAATCGGTCGGGCAGCGCCTCACCGGACTTACCTTGACTGTGACGTAGTTGTTTGAGAATAAAATTTCCCTCAAGGGATGCAACTGCTCCACGGATCTATTACCATCCTCGTGCGCACAGGTTGGGTTGTTTTGTTTCGGATGCCATTAAAGTCCGAAGGATT,1818,50.99,Caenorhabditis elegans
SEQ_657503,CGATTAAGCATCACATTCCGGAACGATGTCAGGATTATGAAACAGAGAATGAATATAAGCTCCTCGCTCTTTACCGGCTGGACTTACCGTGTAATGGAGCGAAAATTTACAATATACACAACACAAAACGGGAGTTAGCACCTGTGGCCCCGTCATGCGGGCGCCCATTCGCGTGTGGAACTTATCTCGCTTGTATTGGGCATAGCATCGGCTATGAGAGTAACGATTAATGCGCTTTGCTGGGGGCTCCCATGAGGACATGCACCTATGACATCAAGGTGAAGATGTGCCATTCCCTAAGCTCCCGTTGGTTGCGCCTTCCATGGTCGGCCCATTCCACCCCGAGGTGATGCTATCGGGAATGGGATGCTGGGTATTCAGTTGTTTGAAGTCTCTGAGGATTGTTAAGACTCAGTCTCAATGCTCAAAGCTAACCTTAGGAAGAGCACCTGGGTGGTGTGCGCATAGGAGGGCTGGTAGGCAGGTCCCTTCATTTCAGAGGGTCGAGTAAGCGTACTCGGAAGTAGTCGTATAAGGTTGAGAAGGACCAGGCCGGCTATCGGCAGGGCATTATCATAGCGGCCTGTGCTACGGTCATCCTGGGCTAGCCGGAGGCCGTACCCATAGTGAATCTATTAAGTTTTGGGTTTAAGACATTCTACATCGCATTGCGACGTCGGCATCACGGGCATCACGGGTTAGGCAGGGCACTATCACCCTGTGGATGAAAGTATGAACCACGGATCATACACCACTGTGCTTTGGACGCCTTTAGTAGGGAGGGGCAAGAAATATTTCGACGCTGCCGGTCGTGGGTTAGTATTTAAGTCGACGCCAGCTAATACCCATCCTCGGGCTCTGTAATGGCTTTCGGTGTACCGTGGATGTCTGGTGCACCGTGAGTGTTCGAGAGTGACTGATCTAGGCTTTCGTCCTCCATACGCCTGTGGGCGAACAACCGATTCGTACGTAAATCGTAGTACCGGGTAAAAATAATGCTAACTTCGAACAAGCCAGTTTGGAAGTAATTCCTAAGAGCGGCATTGGTTCCGCCCGTGGCGAAAGAATCCGGATCCTTTGGTCTCATGACTCTCTCTCGAATCCAACGTTCTTAGCACATAGATCCAAATCACTTGGATACACATTCCCATCCGCCCACTATTTGCCAGGACGTTAAATCATCTTCGGTCGGCCTTAAGTCTTGCATACCAAGGATGTAGTCGGGAGGCTCTAATCTAGGCGGGCACAAGCACAGTGTTGGAACCCCAAGTCCGCCCCGATAAGGATATCAAGGCTACACGCGGTTCTGCGATTAGGCTTTTGACACGACAGTGGACGCAGGTCATGCCGAATGTTTCGACCCAAATGGTAGACGCAAATTTGTTGGGCCGTAGATGTGTTGATAATGCGGGGAAAACGGAGGAACCTGTAACTTGTTCTCAAAGTGAGGTATCCAACGCGAAGAGACCTCAATATCCTGTCTATTCTGCGAATACCAACATAGTGTGGTAAACACATGGTGAGGTGTAGGCACGGATCGGAGTTTGGAACACATGTAGATCTAGAACTGTATCACAAGCGATTTGCTTATTATGGACCAATGCTTGCCTCCCATTAAATGCGAGCTACTCGGTTTCGTAACAAAGGTTCATAGAG,1656,49.76,Drosophila melanogaster
SEQ_926080,AGTAAAGGCAGCCTTTCAACCGAGGATGGCAGTGGGCTATATGTCTGACGTGGTTTTGCGTTATCGGTCCGGATCTTAGAACGAATATGAAGCCCAGATTACTGTTCTTGTCCCTGTATGACCCCTGAGACATAATTCGTATGGAAATGCGTAGGGGTAATCGTACCTAAACTTTAGTGATGCGTAGGTTTATCCGGTTAAAGGGGAGCAAACCTGATCCTTACGATAAGCCAAGTCATCTGTCCGTTGGCTTAGTTTGCAGGAAAATTTTCATGTGGGGAATGGGGGACACACCAATGCCGTGCCCGGTATTTGCGCGAGAGGGACTTCTGATGTTCGGAATGGAACTCCGGAGCTGCTTGTCCTTCGTAACCCATTGGGCGGCTAGGACCTTTTTTCCTCGAGACGGGGACCCGGAGGAGACGCCGCCTCCGGCTCCAAGGCTCGCGCCAGCCTCTGACTGGGAACGGCGCTGAGCAGGTGTGCAGCCACGAGGGGGGGTGTTTCGACTACCGGAGGCTGCGGCCCCCCAATAAGGTCCCTCTTCGGCAACTTGTGTTCTTAAAGAGTCTACCGGACACTAGAGAGTGGACCTGGTCTTAGTAGAGGTAGAGGGCCACGGATACTTGAGCGCCTACC,639,53.99,Caenorhabditis elegans
SEQ_722322,GCCCTACTCGCTTGTCCCGGATCGTGCCCGAACGTCTCGTTATCATCCAAACTTCGGTGAACTCGTTTTAGAGTTGATTCGTTCAAACAAATAGATCTCTCGCTTCATTTGAGGTGTAACCGGCAGGCGGGCCTAGAGACATAGTATGATTTCGGGATGTCCAAGCCGCTTGAGGTAACAGTCCGTCCGCTGGCCGGTTCTCTCAGATGAAAACGACTTGGTTGTCCGCCCTCAAGATGCCGCTTCGGTAGAATAGTTTCGATAAATGCTACTTGTAACTAGGGTGAAACAGCTACTAATGTGAGAGAATGCCAATTCATTACCTTGCCCCACTTGTTTGTGCCTTAATATAAGCTGTTTGCGAGCACTTTAACACCTTCCCATTGGTTTCGCTGCAGTTGTGTATGCCCTTGGACTTCACGTTCCGCAGGGACTACCTAAACCGGTTTTGGAGGGAGGTAAACGGTTTCGGAAGGCCTTAATATCTGACTAAATCTGGGAATCTCGATCATAGAGGTATACCAACGCATCAGTAGGTGAAATCTGAGAGACGGAAGAAGTCGTGCAGCTCGTAATATCCCTAAAAAGTCCTGTCGTAAGATTAGGCCTCATACAATCATTCGTTTGGGGTACAGGCCTTGATAATACCCACCCGTAAGACCATGAGAACGTGAGAGGGCTTGTATTAAAAATAATGGGTGTGCTTGTTGTTATCAAGACTGAGATTTGATGCTGATGCTCCCCCTAACTATGAGATAAAAATTGCGGGGCTGTTTAGTTCTGTTTATCGGTCCGGAGCCACTAATAAAGATAAACGGCATATCGAAGGGCGGTATAGGAGAAACCCGCCCCGGGTCAGGGGAGAGAACCGCCCTCTTCTAAGGCCCCACGGGGATAACTAACTGGCCGTGACTTCGCTATATCATTGATATGTCTCGGAGCTCACTGCATAATTACGTAACACGTGCATGAGACGTCGGGTTGCCCTGAGTCTGCTAGTTACAAAATTCGCAATCAAAGGATACTAGCTGCTTGCTGTACGGGTCCGTCGCTGTCCACTGAGTTGAGTCTAAGGTGCGCTCAAAGCTGAATGGAGTATTTCGTAAAAACCTATTCCTGCTCCCCGTGGATGAACAGTTTACATCTGGCAGTTCGCAGGTTCGGTCCGTGATCAACTGGTAGCTATACCCTTCAAGCGACCGGGATAGGGAGACCCGGTTCATCAAAGTCAGCGGTGACGGACCTCCTATGCCGTTACAAGAAAAAGCTTACGAGCCCGAAGAAGTTCACCCATAGGAGGCAGATGTACACGTGTCGATCTATCCAAGGAATAGGGAACGGATAACTAGCATTAATCCACAAGACAGGAGAACATTACTCGACTGTCGGCATTCGTGAGCACAGTATTAGCGAGCAACCTAACCGATCGTGATAATCGTGCAAGCACGCGGCATAGGATCTTCAGGGCAGGGTTTTGCTCTTAACTTAGTAAGTTGCGGTATCGGGTCTCTTGAAACCTGAATACAACGTACTGTATCATACCTTCAAGTTGTCGCCTCTCGTTCCTGGTCTGGAGCCAAACTATCGTTAACAAGACGCGGAGGTACCATCCTCCGCCTACACCAATCCTGCTAAATCGACGGCGAATCAACACATAAAGTAGGA,1665,48.11,Caenorhabditis elegans
SEQ_820223,GACACTAAGCGAGTTAGACGCACTCAGTTCTTGGGGAAACTACGTTGATTTCGCATCACGCCCGGTGGCCATCATCTCTCCGCACATGGTGGTCAGAGTAAAGTTCTAATAAAGTGGTATCTTGAGCTGCATGACAGGGTCAGCGGTGTATGTAAGAGGGGGCCCAAGTTTGCAGCTTACGCAATGTGTTGTACAGGAGAGATTGAGTGTAACACTAAGCCCCCACATATAAAAACGTTTAAGCTTACATTTCGTTGGGCGTAATCGGAAGACATATCGTCGGCAACTCGGAACCTATGATCTGATGCTGCAGCAGCAGGGTTGCTAGCCGACGCAACCCTCTGACTATGCGCGAAAGCATGTGCCAAGCACATGTTTGTGGTCCCTGGGGACATACCTATGCAAGCCCGAAGTTTCTTCCCAGAGCTCAACTGGTACTTATTGTCGGAACATGCAAGTAGCCGGGTAGGAAGCGTTAGGTCGCGCGAAGCCTGGTAAGTACCTGGTGTGTTAATCAGGGAACTGCATGTATTTAGTGGCCCTCTATATGATCGTCGTACCGTAGAAGCGCAGCAGGTCGATCAAAGGTGTTAGATTAATGATGCCATCCGTCCCGCTTAGACACGGCCAGCCGAGATGGGAGACGTCGCCACATGCCGACCATGCGTGATTCCCTATGGGGTGTCCCAACATTTAGGTGCTATATCGCCATAATTCAGAGACTTGGCTTGGGAACCAATTATTAAATAACTTGGCTTTCCCGACCGTTTATATTCCACTCCCTCAGATCTAATTGAGGCAATCATGTGCGCATGTGTCTACATCTTTGGCGGGGAACGAGTACTGCTTAAAATCCAGTTGACGTCAAGACACGCCGTCCTCCCCGATTATGTTCCGAGAGACTACTATAGATTACTCTCGCTGTATACTACATCTAAGTAAGGGGGACGTCTACGGGCCCAGACGATTGCTTGGTCTCCATTTGGGCGAGGTCTCTAAGTGACTGTTGAACTTAGACCTCTAACTCTCTACGCGAGGTCCGAATGTAACTGCTAGGGTTCCTGTCGACTCTGAGTAGTAAGTCTGCGTGGGA,1093,49.68,Arabidopsis thaliana
SEQ_716144,CTACAAAGGCAATCCATCGAGATGACAAGGCCTTTTTTGGGCCCAAGAGGTGCGTCAGGGAGGGAGATCGGACAAACCACGGAAGGCTTATATCGAGGAGAATCCAGCATACGTGGCACAGACGCCGAATGATATGATAAGAGTCCTGTAGACGGATCTTAGTCTCGCACCGGCCCGAACTACTGGATCGCTACCAGAGGAATCGGAACCGATTAGTTGGAATCCACATGCCGGGTGGAAGTGAATACCGTCTCACAGGATCCTCGGTGTTCGCTAAACCTAGGCGAGGACCAAAGTAAACGAGCATACAAAGTCGAGGGTTGTTCAATGACTAGTTATTGCTAGAGCGTATGGCAACATGGCGTTGTTTGCGCACGGTAATGATGTGCGTGATCCATATCGAGCAGCTGGAGTTTAAATAGTTATCACACATCTCGGAAGGAGCAGCCTAGAGGTTAAAGCGTTATCCCCTCTGATTCTTAGATCCGGCAAAATTATTGTATGTGCAAATAACAACGTCCAATTATCGAATAGACTCAGACCGAATGAGCCCAATATTGAAACGCCCGGCAAGCTTGATTTATGGTATCTTGTTATTACTCGAGGTAAGAGACGTACATACTCCGGGTGTGCGCGGGCACCTCCGGGCTATACTTTGTGCATATTTTGTATCAAGCATGTTGGTCAAGCAAATACGAGCATGTTAGCTCATCCTTTATTTTATAAGGTCGACACGTGTTTTGCAGACATCAAGTCAATCTGTAGTAAAAACCCGGCGTCGATGGAACGAGGTTGTGGAAGGATTGCTGGTCTCAGGCAATGGGCGTTTAGTATAGCTATATGAGGGCGCGCTGGCTCAAACCCGATATCCTAGGGCTCGGGACTATACACGATCTCTGGGATGGTGTGGTTGTAAGGTGTCGGGGCCCTTGTCCCAAAAGACGGGGCGTGGCTTCAGCCCTCCATCTACAGGCGTGACAGGGCAACAACATTTGTTGCACCGTTTACTTGTTGCGTGTGCGACTGTACGGTTTCTGTTTTCCGCAAGACAGTGAGCGTCTGGAACGAGCATGCATATTTTGTTACCCCTCCACCACGACGGAACCAACGGACACAAGTAAAATCCAGGGCTAACACATACCTATGCCCGCGCCGTGCGTCCTGACCGCATACCCCCACAATGAGGGGCTTACGATTTCCGCAGCATGCAGCATTTCATATCTGATGATGGGAGGGTTCAAGCACTTAAGGAAATGGTCGGACAATCGGAAAGCATCAAGTCTACGTTGTGTCTCGCTGTGGTAAACCTGGCTTTAACCCCGTAGGATGTCGGATTCTAAAACGTATCTATGAATACACAACCCGTAAAATTCATTACACTTGCTGTTGCTAAGCCTTACAATTCCTGCTGATTACTTGGTAATGATCTATTACATCGCTATTAACCGACGTTATTGAAGTGTACTCCCCGCCGTCCTATCTGAGCGCTGCGCGTCTTGTAACGCGGAGAATACGGATCATGGTAAGCACCGACTTTGCTGGACCAATACCGTAGGGGTATCGGTCTGCAGTAGGGGAGCCAAGCGATAGCATGTAACCAAAAAGTTCCCGGTCCTAAAGCGGTAGCGGGTCGTTTCCGCCTACAACAGGCTATGACTTTATCTCAATTTAGGCCGCCTGCGTGGTTTTTCGCGTTGTTACGTCTCGGCGAACCTGTCTCGCATTTAGAGCATTTTACGCCGAGTGATGAGGCGCCAAATATAATCAATGCCTGCGAGAATCTCAGAGAATCTGTCTAAAAGCCCACGATGACTACGGACCTGGAACATAGCCCCCATTGTCTGGAGCACCTTTGTAGAGAGAGCATTGGACAAAACTGCTCTCACAACG,1890,48.99,Homo sapiens
SEQ_656500,TTCTATTCATACGGTGTGGCGTAATGACTGTGGGACTTTCAAAGCAGAAGTACTTCAGCTGTTACTCGCGCGGGGTGTTCTCGAAATTCTAGATTCGCTGCGCGAGTTACATGAATGACCACAGCATGAAGTGGGAGTGACATTCGTTGGCGACAAGTGTCATAGAACCACCAGGTAGTAGGTAACGGACAAGGCGGCGGTGGAGGCCTCGACCGCCAACATTTTGAGT,229,50.66,Caenorhabditis elegans
SEQ_313518,CCAATCTAGATGGTCGGATTAAAGGCTTAGCACTTAAGAAACTGGTCTCAAGGTGACATGCCCTAAGACAATTTTGGATTCGTTCCAAGATTATGGATAATAGCGCCGTCCTTCAATGTCTTTGTTGCGCTGATCGAACTCTCTCTAGATTAGACAGGGGAGTCTTACCGAACGTCAGGGGTGCGTACTGAAAAGTCCCACCATACAAAGGTGGGAGGCCTTAAGGTAAAGCTCGTAGAATGGGAGCCAAGTGATAGGATATATAGTGCTAAAACACTCCTATTGAATGGAGACCATTTCCTCGTTTTCTGGTTAGATCAACGCTGGTGGCTACTCAAAGTGGTGGTCCACTCATAAATATGCATCAGTATGGTTGAGATAAACAAGCGTATAGCACACTCCCTTTCACTCGCGTGTTAGGCAAACGAATTGATCCCCGCAGGGTGGGAGAAAACCGACAAACACCTCGTCAAAGTTCCGGCTACCCCTCAAATCGGAGTTATCCCTCGACAAGTGCTGGGTCGTTATCTAGGCAAATACTGTCAGTGTGGAGGTCATGTACCGCTGACGCAAGCGCCCCTTAAGATTCTCAGTCAGGCCTCGCATAGGACCCACACCAAATTGAAGCGAGGTGCAAGAGAACTGTGGTGACCTTTGGATGATTTTTCCGAACACGTATACATGCGTCTCGATTGCCAACCTCTATCGACTCCATCTGGCCGGGCTACATGCTGTCACCTTACCCATATCGCCAGCGGCTTCAGTCGTGCTCGGATATCGGTGCAGTTGCATGGATTGGCCCCCCTTTTGACTTAGATGAATTCATTTTTCGAAGGGCCAACTCGTCGTTAGCGCTTTTGGACTACGACTAAGCTAGGCGAGGTGCTCTCTACGTAGTGTACCTCGGGGCGCACTCTAGTATTCAACGCATCGGATTTGACGGGCTGGTACACGGTCGTGGATAAGTAGCGGCCGGGTGAGCATCTTCGCTTGGTAAGGGGATCTGTGACAGGCTTCACTGTCGGTTCACCGCGGTTAGTATGGGAACCCTCTCCTGTCTGGATACCGAGGGTTTGATGGCCTGCTTATTAGTCGTTGTATCCATCTCCGGGAGGTGCTGTGGCGTCTTGCGTCTATCACCGGGTCTGCGGTCAGCTTTCATAACCGAACAACCCTTGGAAACGTAGTCATTTGAAAGATGCCTGTGTACGTGAAGCCTAGCGTGGCTCGACAATGGACGATTGGCTCCTGCCCATTTGTCAACTTCCAGATCCATCATCAGGCCATACAAGCCCGCGATACCGATTAGTTTTCGAGTTTTACCGCGGTATGGCTTATTACGTTACCTCACAGTAGAACTACTTACAAGGCCCGCTTAGTTAAGGCAAATGCTCTGGATTGTACTCAATCTTCAGTTTTTCGACTGGCTTGATCCTGTTAGAGTCGTTAATCCTTAATTTGTCAGATAAGGGGCTAACAAGACTACTCGAATTTCACGTATTTCGACGTGTGCTATGGTTCTAGTGTGTTAGTGGGGCACGGACGTTCCGAGAACGGTAGCAGGGCATAGTAGACGCGGACCACAACGTAACATGTGCGTTTGCTGCTACAGGCTCCTGTGGAT,1624,49.45,Escherichia coli
SEQ_393967,CCCACCACTACTACGGAGCGTGATCACCTAGAGTCCCCCTTTATCGAGTGTCCAATTCCCTTGAGGTAGAAACATTGCAAACTGTAGTGGGGACACAGAACGATCCTGATTGGACGTCATTTAATTCAAAGTGTTGTTCGTCGCAGCGGTAGTAAAGACACTATTTGTGTAACTCTTCTCGGCTTATAACGTGTTTCGTGGGTCGATTGGCCAGACGTAAAGGGATCATACCTCTCACGAGGTATCGGAGATGATCTCACTTTTGAGTGAATCCTGTTGGGATATAAGATACGGACCAGCGAGGGGATCACCCATTGCCCAGATTGGCATTAGGAAGGAGAAGGCCTAACAAAGGACTTTACAAATGCTCGGCGTCGTAGCCAAGTTCAGACCTAATGTTGCTGTAGTAGCCGGTTAGTGGATTAAGTAAGGGCCTTTGACTTGCGCGGCACGGAGCTTCAGGGTAAAGAAGCATATCCCAAAGTTACCATAGTGGTGCCGGTAAGGGGGTGGACGCGACACTTCTAGCGACAGATTCCGGTTTTTATTCGTTGTTCCAGTACTGACGCTTACTGATAACGTTCCGCGATAGTAGAATGACGGCAGATCCTACGCGAGGAATCGGATGGCGGTGTCCCGTAGTTCGACTATACAGAATACGTTAGACACGCGAGATAACCATTCACTCTGCCTGGGTGCAGTTGGACCCGTGACCGGGGTATGATCTAAGGTCTTTTCTGTCGGCTAGAATGGTAATGCCCTATCAATTTGGCAGTCAAGGCATAGATTAAACAACCGAGAACCCCATGTCGCGCCGGACTTAAGGGCGGTAATACACAGAGCTTGTCTGGTTGCCTCATATCGCTGGGTTCTCTAAATTTGATAAGCCGTCTACTATTCTCCTAGTTCGATTTCAGCTTCCTATTCCCCGGTCTGTCCCGAGTCTTTAGTATGCCTAAAGATGTCGGGAGGATGCTGCTAGCACGTATCATCTGAGGGGTAACCTCCACTGCCTTGGGCTACCATAGACAAGGCACTCCCCCATTTACCTACGGTAGTGGCAGACCGCCGAGCCGCCTGCGCATTTAGATCGGTTGTGCACATAGATAACCGCCCACCATCAGCGCAGGCCCGGTATAAGTGGGAGTCTCAATCGAGGCAAGGCCCTTGTTTTACTTACAGGGACAGTGCCGGGTTTAAGTACTCGTTAGTAGGTGCATTGCGCAAAAAGCTCAGTGATCAGTCGCCGTAAGCGCACCATGTACGTTGTCGACCTGTATCCCCTCGGAGTCTCGCAACAGTGGATGTGTAATGGGTCAGTCTCACAACTTGTGATGCGACGGGCGCGACC,1351,50.48,Drosophila melanogaster
SEQ_425925,GTGTCGATTTTACGGCCGTCGAGATCTCAAACGCAGCCCGCGGATTCGACATTCCCATACTGCAACGTAGCGAGCTGAAATAGAGACCGCAAGGAAGAGGACATGATTCGAGTCTGATGATCCATCTACGTAGTGTCTCCATAGGACAGCTGCATCTCGGTGAACGGCAAAATGTTTTGATTACTTATCTGCATACAAGTTATCCAAAAGTTCAAGAAGCAGTGCGCCTATCACCGTGTTACCCCCTGCGGGCTAAAGATGAGCCTTCCCCGGACAGGAGCGCTTGTTCATCTATGCACGGCCGCTGACCCGGGAAATCCTAACGAACGGGTCACGTAAATTACTGCACAGCGTATCGCTCAGGGTTCATACCCAGTAGTACTCAGGCCTTATGATCCGAATTCTCATCACAATGCGATAATCCGAGCTGAATGCGGTTCAGAAGGCCAATTCGATAGCAGGCTACGCACTGTGCCGCTTCCTGTATGCGCGTAATTGTGGTTGGCAGAGACCGTAGTCCGCTTGTCACTCAGAGGCGACCTTAGGACGTCAATCGCCAGGATTGATCTCCGCATATTGGGGGAGATTGTGCAGTCGGCCCCGCTGGACCCCTTCCAATGTCACGCTGTCCCAGCGCGCGCTTCAATCGGGATTATGATAGGGCCCCGTATAAGCCCTGATTG,683,52.56,Arabidopsis thaliana
SEQ_123893,CATAGCGCGTCGGAAATCCTACGTGCTCATTGCCCTCCCAAGAGAGTAGTGCTATAGCTTATTCGTTACGTATACAATGACTTTGGACCGCCGGGCGTAATGTGCGGCGAGGGCGTGCAGCAGGAACATGCAAAGTGGGACCCTCAGACGATGTGCAATATCGGAATGGTTACACTAACCGACACGTTAAAAACTCAGCCGAGGGCATCTGTCATGGTAAACCGCCCAAGCAAAACGCCCGGCTATGCGCTAAAGGTTAGCCCGGTGAGACGCATACTTATCAAGAGCCCAGGGGCTGTAGCTGCCAAATACCTACTGCCAGGCAGGCTGTGCATGGCCAACAGATAGAAATCAATAGTCTAACGCGTATCTTGTTGGTATCTCCGCCCTGCAGCAGACGTCGGGATATGAGCCTGATTCAGGTTAGCTTGGGTCACTTCCGAAAAGCATGTGAAGCCAAGTAATTACCGAACGCTTCCAGACGCCATCCGTTCTCTAATTCCTCAGCAGGTACTGAAGTCCGACTCGCCCTTTTAAGCTTTGGATATCCCCGACCTGACGGATTGTAAGGTCTACCTATACGATCGACCCACCGGAAGTATCGCCTCTTCCATTTGTCTCGGATTGATACCAGAGATACTCTACATAACTAGCCCTTTTTTAAAGATTTTAATGAGCGCGTCCGAAGGCGTTGTTGTACACTATAAATGTCGTGAGCAGCCGTTGCGAAATGGGCTTGTAACGATATTAGTTAGCTCAGGAATTGATGCGCAACATTGGAAATAACGGCGTTAATTACTTGTCTCTCTTCCCGAAGAACCTTAAGGTTCCGGAGCTATGCCTTTTTGCCCGAAGTCGCATTAAATTCCTGACTTAGCATTCACTGCAGCGTCTTTTGTAGGGAAGACTCCTGGAAACTGTTATGCTCCATCCGGCAAACGAATTTGTGGAAGTTCTATATGCATCGTGACTTTCTACATTTGCCGAACGCCGTCACCCGCGACAATGAAGGGAGACCCGAGTAGAGGCTAGCTGAAGCGCTCGTAGGCGGTTAGGGAACTAAGTTTCACGCGTTATACCGGGGGGGAATAAAAGGCAGTCTTCGAAAGTCTGATGGATCCTCCGCCAGCAACTACACAGTTGTCCGCAGCCGGGAAGTGAAAACCTTTTAAACTAGCACGGAGTTACCGTCATCGTCAGGGCGCTATGAATCGCTGTGCCACGGCAGCGAAAGGGCACTACTCCCAACATGCCCGAAGAGTAGGCCCATCCCTCGCGACGTCTTTTCTGACGCTTGTATGAGAGAGCAGACTTATAGCTCTAGTCGGGAAGTGGGTAGGGCATGACGCGTCGTGCCGCAATATGATCACTATGCCTAGAAACATGTTGTTTAGCCATCCGGCGGTCAGGACTCAGAAAATGCCTCGTGTGTCGTCTTGGCTGCATCAAAGCGGTCTGCCCGTGGATCAGTACGCACAATCATGAACCCGACCTGCTACGGCGCAACGGCGTGGTTTAAAGCCCAGGCCTTACTTAGGAGCGGTGAGGTCCATTAGTTGCTGCCCGGTCCAAATCTCGACGGCGGCTTCTCCCCTAACTTCTGTACGGCGAACGGTTAGCCCCCCTGCAACCAGAAGAGTCTCGCTGGGCAACGTGGATATGGTCCCGCCCACTTAACACACGTTCTGCACAGTAGAACGCAGCCTTCTAGGTAGCTATTCTATATACTGGGTGAGCCATAACCACTCTCTCCCTAGCAGCATAGCTAGTTAGATCTGCTGCTACTTTCTGATACGAAACCTTTTTCTTCGAATATCACA,1820,50.88,Homo sapiens
SEQ_346861,CTAAGAATAACAGGTTCGTCGTTCAGTGCATTGAATGGAGTCGCCTAGGTGGAGCGCATGCTTCCACGTAAATGCCACTGGAAATCGGTGCGTTGCACAGGGGGTGCGCCCAGTGAACCACCTTCGCCTAAAAAAGTCGCAGACCCTTATCATCGGCCGATAAAGTGCCCCCGTCAGGTTGGCGAAGTTTTTGGCCCTACCAAAATGTCCTTTATACGGCAGTTACTGATGCACCGAAATACTCCAGAAGTAAGATAAGTTATCTGTAAGGAAATATACGGTCGCCACAGCGGGGCACCTTGCAAATAATGTAGCATCACGGCTCCTTAACCTTGGGAGCCACGTTGGAGACGCTGCTGAGACACGTGCTGCAACCCAGTTAGCCACTTTTGTAAATCTACTTCGTCCGTCTGGATAGCTGACGTGACTTCGGATATCTTATGCTACAATCTTCAGATAGCGTTCGGCCTGGATAACCGGGGAGGCGCTGCAAAATGCTGGCTTCAGACCGCTTCGGCTGATGGGAAGTCCCTACTGTTGTGCATCGAGTACCTACAACGACTCTCAACGTGTTAGCGCTGGCTAGTTTGATTTGACCAGTGGGCCTCGTACGCTGATAATTCTGCTATACCCACTCAGTCGCACGAGTAATCTGTACTGCTCGCCGCTAACATGGTACAGATCATTTAAGGCACGAACAACATCCTGAATGAACCGGTCAGTCTTTGTTCTTGTGTGAGAGTAACATTGTCCAGCAAATACCAACTACCGCCAATATTCGACTTTCCCCAGAACTGGCCCCCCCCGATCATTTACTGGTGCCCGTACGTCGACGTCCCGCCTATAATCCCCCGTCTAATTAGAAGCACGGCAGCAGATTAGTTGAGCGACGTTAGTGATAATTCTACAGCAATGCGAGCTCACCCCAAGGTTAGAGTTTAAACCGTTCTGTCATCGCTCTGGAGTAATCCGTGAACAGGCGGTAACTGTATGCGGATGGACAAACTCGGTAACCGT,1017,50.25,Drosophila melanogaster
SEQ_833875,GAAGGTTTTGTTTCCCACTTGTAGTTAGGAGTCACAACGGCTGAATCGGATTTTAGGAGTTCACGTCAGATAAGGCTCTTCGGGGTATATCCCACTGCCGAAACGTTAGTTTTAGGGGGTATACCTTAGCCAGTTATCCTGTTGCCGAGTTTTCGCGAGAAGAACAACCGCCTGCTCAAATGCTCGCTCATAGAAGTATCTCGTAAGTCTTTGTGTCTTGTGAATAAGTTGCGAATTACTGGGACAACCTTAATAGATTTCAGGGTCGTGTTGCACGTGCCTGAGCGTCCAAAAACCAAAAATAACCGTCAGGTTGATCCGCAATCTGGCGTAGCAGACGAATGACCTGCCTGTCTCAAACCGCAAAGGAACGGTAGGTCATCTTCAGTCAATAGTTAATAACCTGTAGGCGGATACGCTATTTCTGAGCGACCAAATATGGCTCCTTCTTAGTGGGTCTTCAACTAGCGACCAAAGGGGTGTGGAAGCTATGTAGATCAATCCTTCCGACAGCCTATCTATAAACCCTACAGCCGCAAGTAAACCCAGCTACATGGCCAGACTGATAATATTTTGCCTCAGACCATTCGGGATACATACTGACAGATGAACGCTTCAACCATAGAGGCGGTCATCCTCATCCATAACCTATGTATGCGTATCGGGCTCGTCCAAACCGCGGTTTGCTCCGCTATCCTAACGGGCCGGAC,710,47.61,Caenorhabditis elegans
SEQ_728865,ACTGCGGCGTACCCACAGGCCAGAGCCTATCCTAAGTAGTTGATAATGCAGGAGGGGAATTGCGTTTAGATAAGCTCTCGTATCTATGACTGGGCTTTCGCCCTGATATACCAGGGCCCCCGGGCATAGGCGAAGACCTCCCAATACTGGCGTTACAACGTCCTGTGCCCGTATTGATTCTACTACAACCACAGAACTGACCAACGGATTCGGCCCTCGAACATCACGCTTTGACTAGCCAACTTGCAAATCCAGAATGGCACCGGGCTTAGGCCCAGCTCGCCTTATACTTCGTGCAACAGCTGCCGTAAATACCGTACCAGCCGAACTTAACTCACTGGGTTGTACGAACGGATGCTCTATGTCTTCTTTTAACCATCACTTTGGGTTGCTATGCTGAATGCTTGACATCTAGGTCTCAGTCGTTCGCTTACATAGCGTTTACCGCCAAACGCCAGAGTGATTCCAGTGACTTCACATTCGGCCAGAAACTGGGACGTGAGG,504,51.19,Escherichia coli
SEQ_865676,TTGTGTATACGAGCATATAGAAGGTTGAAGAGATGACTCCTAACCGTTGGAGACTACAAGATGAGTGTTGTGCTCACTGCGGAGCCAGCTGCTCCATGGTTCCAGGAGACGACGGGTTCTGTATAGATCCAGCGGGAGAAATGTTACCCAGCGAACGGAGGGTCGCTTAAGCTACCGGAGACCGGAGAAAATTCTTGTGAGTGGGGGAACAGTCCGTTACTATCCAATAAAAAGACTCAGACAAACGGCTCCGCGGTCCATTCGGCGGTCACGACCCGCGTCCAAGGCTGGTTGCTGGACCCTATTTCTCTAAAGTATCGTGCGTATAGATAGGGACTGGGGGGGTCGCTCTGGCTATCGCTTCTCTAGTGGTCCAATCATCGTGCGCGCCAGGATAGGTCATGTGACAGTGTCTGGCGACCAGGCACCCTCCACCCGGCGGCGTCGTCGAATTAAACACCTTGGAAAGTGATATCCATGGGTCCATCTACTAGGACCACCATGGAGGAAGCGGATAGAGTTGGCAAGGGCCAGTCAACTGGATACCGCCTGCAATCTGCGGGCGGCGGGTTCATGACCCAAAGCGCAGAACGCCCGCCGCGTATACCAAGCACCTTGCTTCCTTGTCGCAATATCGCTGTGCGTCTTCCGTCCGTTGCACGAGGATCTCCCCCCGGCGGGCGGGGAGCATCTTCAGCGCGCGCCGGTCCCACTCCTTCTGCGGTACCCTACCAGCCCGAACCACCCACGACACTAAACGGAGCTCTTGTAATCCTGAAGTAGTTGGCGGGATACATATACGGGTGCAGGACCTCCCGAGTCGTCGCAAGATGGGAAATGTCGTGAAACGATACACCAAGATCGCCACTCACGATCTGGGATAAAGATGATACATGCTATTAATAGTGCTGAGCCATTCAAGAGGGCGTTGACAAGTACCGGAGCAACGGAAAAGACTCGTAAAACAAGGTGAAAAGACCGGCGACAAGGTATCATCACTTTGCGCTCTTCATATGGGGTAGGAGTGCATCCTTTCCTGGAGGCGCTAAGTAGCGCTGTGCAACTAGGACATCGGCCTGTCGACCGAGAGAATGTCCCATTCATACTTGTCCTGGATGTACTTCCGCTGCAGCCCCGGATGGCGCAACTATGGAAGCGTCATACATAATATCTTGACACTCCGTCCTGCCATCCCAAAGATACACGAGCCCATATATTAGATACGAACAGGATGGACTACCAGTGGATGAATGCGTCTCTTGCCATTGATTTGCCCGTAGGCCCCCGCCGCTGGGTAAGCTCTTCCGGGATCCGCCCCCTTCCCGACCATAATATCAGCGGGGTAATACTAAGAAACTAGGTGTTGACAATTCATTCATGAGCTTGAAAACAGATCCTGTCTCAAGTACTTTATCATAACACGCCCAGTAGGGTGAGCTCAGGGAATTCGGATGGTAGGGTGACAGTCAAAGCGGGAAGAGAATTTGGACGGTTCAAAAGTCCTGTCGGGCCAAGCTCAATCGAACTTAGCTCGTGAGCCGTAGTAAAGTAACGAGAGAGTTGTTCATTTTTGGTTGTCTTCTGAACCAGCCATAGAATATAGTGGTTACGAAAAGCCAGAGGACCAAAATAATGCTCTCTATGATGCTTTTTACTTGACGATGTGACT,1669,52.25,Homo sapiens
SEQ_475634,ACCGAGGCAAAGTACTGTAGCCTTTATTCTTGCCTTGCCCACCCAACGCACGCGCTCAGAATCTGACACTTTTGCCAATGCAGAGTGTATAACACCAAGGGCCTCTCAGCGGCGACTTTCCAGATCACAAATCTAGGCCAGAGGGACTGGTATCGGTGGTTCGCATCATTTACCTCGGTAACCATAATTCTGGCTGGGCACCAGTCGAACGCAAAGGCGTGGCTTCGAACAAGTTCCTAGGCAACGGAGTGGAGCACGAGTTCCCAAGGCCATGTCTCCCGGCAAGCCTGGGATACGTCCCCCCAGGTAAGGCCAACGCTGAGTTCGTATGAGACCCTAACGCCATACGGGCTGATACCAAGTCCAGCACCTTCGCATACTCCTTCCCAAGTCTTAATTGCGCAATACGCATTTCCATACTAGTCAATTGATAGAATGTCTTGTGCGTAGTTGGGTGCTATGTCAGGACTAGCCTATTGCACATATTGCAGGCTATGCGGGGGCCGAAGCATACGCCGGGCGTGATGCTCCCCGAGGGTCTTGCTCCAATGTCCGCAATTCGAGTTCAGAATCGTTTTTTACGAAATGGGTAGTCCAACACGACACAGATGCAACTACTCCGCATGTGGGGGCGCATCAGACATGATCTCTACGCGATTTAGATAGCTGGTCATATGTCGCGACATCTCTGGCCAAACCGAGCACGTGAAGATTACTCCCCCATAAGCTGGGCACTGTGAATAGTGGTTGCATAAATAACCTGCGCGCGCTGTCACCCTCCTCGAGTTCCAACAAACCACGGTTGTAATTGGATTGGCACTTATATGAACTCGCGTCGACTTCGCAACGGCTGGCACACATTAAAACACTGAATTTACAAAATGGAGACCTATAGTCACGGACATTGACGAGACGCCATCCACGTCCAATTGAACTCTACTCTAGGTAAGCTGCACCGCGTCAGCACCCGGATCTCATGTCTTTTGTTAATTCTAGACAGTAAGTATGTTATTTTTCTACTAAGCAGAAGGGGGGGCGTCGCGTGTCGAAGTGAGAGAACGAGAGACCTGGGATAATCGACAGTTGGACCGGATCATGCGAAAGCAG,1107,51.04,Arabidopsis thaliana
SEQ_200045,AATAGATCTGGAGGTCCTTTTAGAGAGGGATGCTTGTTTGTGTCGCAGGCCCTAATGGGTACGAGTCTAGCGGGAAATCTAGGAAAGGCGATGATGAGCGCCGCTTATGTCACAGCCCATGTGCCGGTCGTCCGTAACGCCGCTGACCCAACTCGGCATACATGGAATCATTGTAGCCCCAATACATTTAGTCCGTCCGCGAGGTAAATATCAAGCAACGGTTAAAGCTAACAGAGGAGCTGTTAGATCTTTTTAACCCCACGAAATACAGAGACACGTGCTCGTCGATCTAGGCGTCCCGTGACCGAATAGATGTGGGAGACTGTCACGTACGCACAAAGGCTTGCGACCGGTTAGCGTTACGCCTGTAGAATACGAGAGAGTGGTAGTAAGCACCCGTGGTGCCCAAACTGAACCCGGCGGCATAACCACAATTAGTGGTGTTGTTTTCTGCTAGCCAGG,462,51.52,Escherichia coli
SEQ_133162,CGTCCAATGCCTCCGACGATGTCGATCATCCAACGAACGTTTATGCCGCTCTGAGGAAATGCCGCTTAGAAGGTGCTACAAGAGAGACGTGGGGTGGAACGCAACTCAAATGTACCACGTGTGTATTCTGTCCTGGGGAAGGTTGGCCCCCACGTTTAACCCCCCGGCGATCAGGAGGATTTTGAGTACCTGCAGGCTGACGGCGTTACCACTGGAACAATCGACGACAAGCGTGTGTATATCCAAGTTCCTTCGGCCCGCGCGTGATTAGAAAGTCCGACCCGTTTATGCACGGCCTC,299,54.85,Caenorhabditis elegans
SEQ_997146,AGCGTGCAGAGTTAGCCCCCCCAGTGAACTTCTAATCGTTAGTATGTTACGAGTCGCAAGTGTAATTCTTAAGTCTTCTCTAACTCTTATCACTGCGAGGCGACTCGGCGATGTTCGTCGTCGGGACAGATAAAGTGTACTGCGACGTTCCGCCCTAACTCCGAGTTCAGCGCTTTCAGATCTCGCCCGGCATTCCCGCTGACTACGTTATTTTTGCAAATGGGGTACCCTAATTAAGGGAAGGGGATATTCCTCGTTTAAGACGGTTGGGGTTCTTGAAAGTGCCCTGCAAGTAACCCCTGCCCAGACAACGGTAGCACGGAATGGCGGCAGTCGCTCGCGGGAGTACGCCCTGTCTAAATATGATGGTGCTTCGTACATCTTTTACGGCTCAGAAGTGCCCATGTGCCATCACGCTCGGGAGGAGCTCCGTAGGGGGTCGCAATAGTAGAGAGTGCCTGGTCGGATTACTTACTTTCTTAATTTCACCAGAAGGTTTCCGGACTCATTTGCCGACAACCGGATCGCACCGTTTAGAGGCTCAATGGCGCTCCACAATTGACAGGGAATGGAACTTCTAACAGTGGCGGACGGGGAACTCACGCATCGCGCAACTGGTGGTAACACGACCCTTTACTCGTCGGCTAAGTGGTGTGGTTACAAAAATCCCTACGATCGCATTGAACGTGGGACCTTTGCAGACCATACAAAGTCTTGTCGCACAAGTAGGGAGGCGTCCTGTGTACTGCGGGGGGACGTTCTACGAGGCATGGGCATTTAAATGTCCGTCGGCTTGAAGCTTAGAGAGTTCGAGCCTAATTGTTTCCGGTGATTTACCTGAGGCAGTTGCCCGGGCCGAAATAGTTCAGTT,871,52.01,Caenorhabditis elegans
SEQ_902266,GATCCCCCTTCGACACAAACTCCCAGACTGTTACCTAAGTTGCGGTTTACTCGTTCAGCAGGGTTCACAAGTGGCCTCATAAACTGTTTCTGCGTCTTGCACCTTCTAGGTCGCAGAATGCACGAACCGAGTGTCATTGGTAACGACTATTAGCACATCCGACTTCAGCCCGGAACACCGTTCTACCCTGACGCCCGGGGCCCGATGCGCCACCTGCGATCTGCCGAGTACGGCGGCTACATAAAATCCTACACTAGGCTGAATTGTTATTCTTGCTAACGGATAGTAGATTTGGCCCAATATGTAAGTTAGGATTTACTTATACAACCGGTCCGCGTCATCGAAGCTTCACGAGGCCCTAGACGTCAGTGAGGTCTTCTATCGCCGAAGTCTGCCCTAATCGGGGGAGTTATCGATCACCATAAACCCAGTTCTGGGTGACAGACGAAGGCCCAGAACTTCTAACCCCTTGCACGGTAAATACAGCGGATTACTCGCGGGTACGATTCCTGTAAGCAAAAGTTAGCGGCATTACAGCGTCCGCAGACAAGGTTGATTAACAAATTGCCCATTAAGGCGTGCTAGACCTCTGTCTACCATACACACAAGAATGAGGTCTGGTGACAACGCTAGAGAATGACAAGGTTAAACGCATGTCTGGGGGTATACCGAGTAGACGATCCAGTAGAGGGTTGCTATGAACCGGCACGCAACTATTTTGAGGAATTCTGAGGTAGAGCAAGCTGAGTAGATGCAAACACTGGTAGTTTCCGCAGTCTAGTCTGGAGGACATAGAGGGTCTATTCTCCGAATCCTACCTTATCGAGTTCTCAAGGGCCCGTAGGGTAACACTATGAGAATACGATCGAAGCGTAGCAGATTGGGCTGCGCTGGCATGTATACTTCAGGGAGGAAGGTCTTTACATACTTGAACTCGAACAACAATATTGTTCTTAGCCCCTGCGATCCCGGAGGCGTGATTTCGTCCGCGGTACGCACCAGGTGTAGCACACTACGCTGGGAAAATCTTTCGGCTAGGTGGTCATTCAGATTTCTGAGCTTCATCAACGTGTTTGAAACCCAGTGCTCGTACTTGGGTTAAACGACGAGATCGTAAGTTTGTAAGACTAGTGTCGGCTGCTCTCAAGGTCTCCAAGAGTTCACTTTCCTCCGCCGCGTCCGTGTCCGGCACCTGCACAAATTCGTCGCCGACCAATGAACGCTGCAGCACAGCAGTGATGCCGGCGGCCTGAAAACTTGCAGACTCAGGAGCGTGCGCTCTGGCATCCAACCAGGCGATATCGCGGGTAGTACCCTTCGATCTAGGGCAATCGAGGTAACATAACCCGCTTCCCTGCACACTACGCTCCTGGTTATACTTTTCAACAGAATGCGACATAGAGCTCTCCTGTGTGAGAACCGAGCCAGAAACGAGCCGATCCCCACATGATAACCGGGGACTATATCCACCTAGTCTCGAACATACCTACAAGAGTCTCCAGATCGTTACAAATCGCATGGAATGGGCAGTTCTTCGTGTCCCACCAAAATTGCCGGGTTAGAAATGTAGAAGAAAAGCCTGAAACGGCTCGTGGCTAACTGTACATCGTGTCGA,1615,50.65,Escherichia coli
SEQ_504572,GGAACGAGGCGAGTTGCACAGATATAGTTGTCCGGTTAATTGGTTACCTTCACCACCTCAGTCTGGCTTTCATGTAGGCGGCAATCACGACAGCATGTAGGCCGTGTTTGAAATGAGATAGTCCCCCGTGCTATGGTTCAAAAATAGGTGGTTGTCTCCCATAGGCCAACAGCTACCTTAATCGAATGAATTGTCACCTATCTATTGAACTAACCTCACACTCGTCCATTCAGCACTCGGGGGCCAAGCCCTGGGCAACTGACTTTTACGGAGATGGGTGTAGGTCAACAGATATAAGTAGACCGTTTGCGAGTCCGTAGTCAAGCTAGAGATCGCCAGTGCGCGAGGCCGGAGTCGTATCTTATCGTCTAGTTAGGGACGCTAAGAGTAACGTGCGCCCCCCGGCAATGACCAGTATGAGCGCTTGCGCGCAGTATCACCCTTGGCAAAACTCATACGGCCCCGCTTCGGCGACATGTAAAACGTTGGAGAAACACAGAATTGTCGACCCGCGCCATGCTAGGCTATAGTGCAGCTGATCGCAGACTCAGGAGAAGGCCATATTGCCTACCATGGATCAATTCGGTAATAGATGGCCCTGCAAGGTTCGCGTACTTTTGATTGACCAGTTACTCATGCAATAACTCCAGTTGCTTTTAGTATACCGTCAGCTGGCAATTATTCCCCTCGCCGGTAAGTGCT,702,50.57,Escherichia coli
SEQ_519193,AAATCCAATATCACCATCATTGACGCCAAGTTTCCGCAGATTAATAGTCAAAAGATTACACAGGCTTCCTGCATGTGAAAACAGAGAGTCCGCAGTGCCATCTAAGGCAGCGTACAGTTGCGGTGTCCATATATTGCATGACATATTCTACTGCCGACGTTATGGTGCTCTCTCTAGTCCAAAACCACGTAGTAGATTAAAGGTTGGTGATCACTACAGTTTTGTGTGTATGCCCCGTCCCTGGGATTAGTCTATTGGGGTGTACACAGTGAACGCTAGCCCCGATGGGGC,291,46.74,Saccharomyces cerevisiae
SEQ_236355,CGGCAGGCCGTTCAATAAGTGATAGTGGAGCTGAATCAGTGTAGCTCGGGGTTAGTTCCCCTTCTCCCTAATAACGCCGGCCTACTGAATGGCTCAATCTCGGCCAGACGTTTTTATGAATTAGGATGAGGCACAATGACCTTGGGCTTTAACAATGTGCTGCAGGTCGCACGGGCCACGTTTGAATTGGAGACCCGTCACCGATTCAAGGTTGCCTGCGATCTACTGAACAAACCGACTGAGCCGGTTTAACACAAGCTCACCGTAGCTCCTGAGTACAAATTAGCCATAATTAATAGCCGGGATCGAAACCCTATGTTGCCGCGCGGGTCAGTCAGACAAACGTGGTAACTCTTTGCGGTTCTGACAAAGTCAAAGTATTAGACACCCGGGCCGGGTGATCCCCTGGGCTAGCAACATGTTCCGATTAGCCTGGGTGATTCCGAGTGCTGGTTGCTCACTGACGAGGGGCATCATGCAGAGAAGGGGAAGGACGGTGTAAGCTTCGTTAAAGCTCATCGGTGGAATCACGAAGTGGAGAGCCCCTATAGAGCGGGTAATTATTAGGGACATCTCGGCGTTGAGTTTTACATCCCCCCTAGCCTAATCCAACAGGAAGCTAAGCCAAAAAGATGAGTATCGGACGAATCACATTACAACAGCACAATCGGTCCGTTTCCACCTACAGTTCAGCATCAGGTAAGATCGATGGTTGGTCGAAGGCCTGCAGACATAATAACAGAGCCCGTCAGACTACATTCTCCCCAACCTAGCAACTGTACTACACAAGTTCAGGGGACCTGGCTATTGCTTAATGGCGTGACGTGCAGGTCGTGCCTGCCGGCAGCAACAAAATCCTAAATCAAGAAATGTAGCAGGTTGTGTGACATGGTTCAAGCGGCGATCGAAATTCTGGATTCGTCCAGGTCCCAATAGCCATCCAGGCGCAGGCTCTTAGAGCACCTGGCCAACCCGCCAGGGCCGCTAAGGAACCAGCCCCAGACGGGTCATGCGAGCTGTAATCGGGAGACATAATTGCCAAAGGATCAATTATAGTACTTGCCGTGAAGGAATCGGATTTTAGAAGAAGGGCCAGAGATAGATCAATCACTATTCAGTGAGGAAACCGGACCAGAGAGCAGGGCGGGGTAATCGGGCGTTATCTGAGGGGTACAGGGGCCAGGATAGGCCTGCACTTCTTAAGTGCGGGATCGGAATCTTGATACCCCTCACGATGCCAGCCGCAGTAGAATTTATATGTGCTGAGCAAGCAGGGTATGATCCTATAATGATAGTCTATTGGAAGCTGAATGCCTACTGGCCCCTGATTAAGTGAGACCAACATTCTAACCTCGCTTTGCGAAGGGGGGGCCAGCTGTAGAGTTGGGATATACTTACAGACATTGCCGGGCCGTCACTATTAAATAACTTATACTGATTACAGATCTTGGTAAAATTGTTAGCCCGGTACCTGATGGGGACTTGGTACATGAATTTTTTCTTCCAAGACGTGGAGTGAGGCCCAGAGGTAGACCCCCGCCTCGCTCAGACTCCAATGTACAGGGTGTGTCCGGTGTTCTTCCGTTTCAGACGCTTGTCTAACTCTTTTGTAGAAAACTGCGCGGCTCTGAGTCTGGGCATACGACCGTCCCGAGTTTTCCACACCTATATTGCAGCGCCTGACATGATATTCCAGACAGGTTCATTCTTACCCGTCCCCGCAGTCTACTTTTCTGCGCCCGGTGAATCATGTCCATAGCGCAGTGGTCTATACCGGAGTATGTCGTGTGGAAGTTTCCGTCACTCGTCATAG,1813,50.74,Saccharomyces cerevisiae
SEQ_490858,TGCGCGCTCCCGGGAAATGGTTCACCGTCCCGCAGGGAACCCAAGGCCGCCGGTTTAGGATCCTTGGTGTCATCACTCTACCAGATCTTTATAGATGTACACCTCAACACAAAGAATGTATTGCCCTCGGATTAATTCACGGGGTAAAGAGATGTCCATCGACAAGAAAATAGCTTGCAGACCACCCTGATGGTGACGGTTTGAGAGTATTTCGGGCGGCAACCGTCCGCGCGCCTGTTTCAGTGTGCGCAAGCGAGGCACAGATGGCTCTCCCGTTCAGAAATGATACTTCCAATTGAGTAGTGAACGCATGATACAAATCCTTTCAGAACATTCAAAGTGAGCCTCGCCGTACAAGTAAGCGTAACCGCTCTAAATATCCGTACACGGCTCCTCGGCCTGGGAATCGAGCTAAAGTAGTACTCCCCTTTCCCTCACGGCTCAAGATTCGGGATTACAGCAAGCCAGTGTCACTGAAAACATGTTTTGTAAGAGTAGGCAAATGTTCTCACAGCAATGGTAGGTACGCGAATACCATAAAGAACTGGGATAATCTACTGACGCGACTTGCTTGAACGCAACAGCCTGCAGCACGACCTAATGTCGGATAGACTACTTCTTAATCGAGGGCGAGTACCTGATAAAGTCGGAGGACGTAGGGCCGGCGGAACAAAAAAAGCGTAGTCTCAGTAGCTCACGTATGTCAGTTTAAGTGGACTGTTCTGACTATAACCTACTGGGCCGGAAGGGTATTAGTGACTGCTCTCAGTTAATCGAGGGAGCTTATCGACGACAGCGGTTCCTACCATGTTATTGACGTGAACGTTAGCCAATGAAACTCGAGATCACCTATATGGTAGAACGTACTCCACAGGGAG,878,49.2,Caenorhabditis elegans
SEQ_881088,CCATGTCCCGTACCGGCTAGAAGTCCGGGATCTCTGTAGCGAGACATAACGAGCAATTTCGGCATCTGCATAGCAATTAGGCCTTAATGGACCGAAACACCGGTTTAACCATAAAGCCTATAGCGATTATCTGGAGGCAGACACGATTGAAGACAGCCTTGACATATGTCATATGGCATCTAACATCACGTCATGTCGGTTCCATGGCACTTCGTCATCCGGTCCTCCTTAGACCTCTTGCAACCCGAAGCTACCGTTAAAAACTAAGCTTACCCATTCGTTTGGTCTCAGTCTTTCATCATAAGCT,307,47.23,Homo sapiens
SEQ_689644,ATCGAAAGATCTTAACATCTGATAGGAGGGGTGGTGCGTTACAGCTTCTCGCCGATACAAAATTTCAGATGGGAACTATTCCTCTGTGGCGTTGCTAATAATACGATATCACCCAGCAACATTTAAACACGTTCAGTGTACTTGATGGTCTAAGTTATCTTCCGGATCAGAAGGTTCAATGCAACTCTCCGTGTGTACCCGGCCGGCAAGTGTCCCGCTCTACTACGGGATTTATGTGCTTCGATACCACTGTAGTTCCCCCGGATTATAGGTGAATAGTCCTGGGGGCCTCAGCGGCCTGTTAGATCCATGACTGTTGGCACACGCGCCGAAAACTAGGTAATGTTCAGAATGTTGGACCTGCGCTTCAAGCACCAGGAAGATTTTAACGCATTGAAAGACTAAGATTGGTGGCGCCAAACTAAACATAATCCGCATGCATCAGTGGTATTCCCCAAGCTGCCAGCAATCAGCTCGAGTTAGCGACGGTTCCGAAACGACTGTAACCACCCCTTGTTCTTCAATAGGCACGCAAATAAGTTCGACCTGAAGCGCTCTCGAATCCTCTAGGATATAACGATTTCTACGCAAACTGTAGTAGACCCGGACACCCCTAGACTGCTTAAACCGATGGTCCATAAGTCTTAAATTCTGGAGGCCCAGGACCGGCAGAGTGTTCCCGTACCCTCTACCCGGTGTGTACCCATAGTCAAAGGTGAAGCACTCGGCATTTGTAGATCTAGTAATCATTGCTCAGATCTTCTCGCTTTTGAATTTGAATAGGTGCTGTATCAAAACAGCCATTTCCTCTTTGGGTAATAAAGGTTTGACCGTTGATAGTTTGGACGTGTGCTAGCAAGGCTAATAAGGTCTGGCTGGACCCTATAAGCCTTCCGAACCTGTACTACTGGTACCATCCTTCTCACGCCCTTAACACTCGATACGTAATTCACTGTAACAAGCCAGAAACACATGCTTCATTCAGCGACTGTACTAGTTACGACTCGGTCTTGCGCGTGCATAGCTAAAGAGTTAGAACAATACACTTGAGGGTTATTAGTAGACTGGAGCCGTATATAATCAGACTACTGTTGGGCGGCTTGTTTTTTTACCAAGATACGCTCTTATATTGGTTTTCAATGTGAAAATGCGGGTACCCCCGGATATTGGTTACGATCATAATTGATCCATTTCGAAGCTAATGTGTCCGACCACAT,1217,46.18,Arabidopsis thaliana
SEQ_676604,GGCTGCTGAGATTACTTACTCGCGAATCATTCCCCAAGTGTCTCACCACAACCCGCCCATCCTCCATTGTAACTAACTCTTTATTCGGGACTGCGTCCTAATGAACGCCAGCAGCCTGAAACCCCCGCTCTCTGTTTACTGGCGCCGAAAGCAATGTGGCCTGATCATACCGCAGCGCCTCCTACCCAACCGGAAACGCTATCCGAGGTACAGTCGCCAGATGATCCAACTTCATGGCTTGCATGCACTCCTTGCCACCGAGGAGTGACTCCGTGAGTCTAGGGTTCGACTAATAAACGTGCTTTTTGAATGTATATTGTCCTATCATAACTATGCTGCGGCCCCTTTTGCACCGAGATGGTTACGTATTGCAGCAACGTGCAGGAATAA,390,51.28,Drosophila melanogaster
SEQ_446454,AACGCGTAACTTCATTTCTGGGACGTTTGTGTTTATCACCTAGAACTCATTAAGACGTGTGGGGTCTGTACTACGTTTCTTTGGAACTGTACCGGATGCGCTTCTCACGTTTAAGCGTAGTTTGTACCGCGACAGCACGGCTTACGGGGCAATTCCATGCGACATAATACACACAACATTTCGCGTGGTACGAGAGCCCGCCGGGGATAAGGGTGCATGCCAGGGAGTGCCATCCTTGCAGGTCTACCGCCGCCCCAGGCAGTCCGCCCTTAACGGTGCTATGGCGAGCGATTTTTCAAGAAACGGCTTTCGCTGCATGATTCCGGCCGTT,331,53.17,Homo sapiens
SEQ_504173,CCATAACGCCGATGGGAAACGGCACCCATAACTGCGGTTAGCGATCCATATTTCAGGTCCGTTCTATAGGCCGCCGCCCTCTCTACCCGATTGTAGATGCCTGCACTGTCGCATCCGATCGGAATGTCAAAGCTGAATCGACTGTGGTGATTCGACTACAGTAACTCCATCTTTAAACCAGACCAGTAAAACCGTCCTCTGGAAATTGCGGGAGACAAGGTGATTGCACGTATCATTCTCGCGCGCATTCTGGGATGTGCAGTGCTGGCGGCAAAAGCTCTAGCGTTTGCAGGATCATTCAAACGAGAGATAAATCGTTTGGACATCTCAAAGTTCGGATTCTTCACGAAAGAAAAGAGAACCGACTCCTGGGCTTTTCAGCGGGAGGGACATCGACGGACCGTCTGCTCAGAGCCAGTCAATTCGAGCAAACAAATGCAAAGGGGCGAAGGACGAGAGGAACACGCTGTGGCGTGGTTGGAAGAGCGGTAATCATCAACAGCTCGCGTCTCGAAACGGAACATCTATTCGTCGACTTGTGCGTTCAGGGAAGGTGCAGTCTTTCTCTCTCACAATCCTGGGGGCCTTCG,590,51.69,Caenorhabditis elegans
SEQ_663293,TGATTAAGAAACATTTCCACCCCGTCGTTTTCCTGTTTTGCTGGCCACACGTCCAACCACACCCCAGGAATAATGTCGGTAAGCCTTAATTCAAGCAACTCTTGATCTGCCCCAACAGTAGACCGTGTATCATGAACATACCGCTTTTGAATCTCCGGGCGAGGACTTAGCTACCGTGCGGTTTGAGTAAGCGCCACGTCTTGAGGTAAAAGGTGCAACTTAGTACATGCAGAACCGTGCTTAAGGTCTAGTTTTTAAATGTATTGTCTAATAGCCAAATTCACAGCCGCGCCGGCCTAGGCTAGGTGTTTCCGAAGGCGTTCAGTACCGCAGGCCCTAGGTCGCCCTGGACATCGAAAGAATAGCCGGACCCGCCTAGTGAGATCCTCCGAATCAAAGTCCTAAACCGAAGTCCTACAAATGTCTTCGGATTGACCGCCATCCGCATGCGTCGCGATATATATGACGGCGTACCCGTAAAACGATCTGCCGGCTCCAAAGGTACTTCGAATCTTTAGCAACGAGTTTGGAATATTATAAGAATATACGGCACAGACATTACCTTTCCTCACCTTTTACCAATTCGGAATCGCGCCAGAAAGACCTGCCGAAGCTTAGAGGACGCCGACTTAAAACGTAGTCTCACTTACGTTGCACGTTCGGAACAATGTCTTGCTAGAATGACACCGACGGTGATCGAATTGTCTTCGTGTATTCAGGACGAGGGGGGACCGACCTGAGGCTGAATCCATAAAATGGCTATCCCACTAAAAGAAGTACGTCCTGCTGTATACCCCTCCTCGGAATGAGCCGATGCGACCTGTTAGTCACGCAATTGGACTAACCCTTTTGGTGCGCTTTGTGTTAGCAGGGCATCATGGGCACAGACCGCTGGCATACACGGGTAGCAGTTAATATGCAACCCCGACCAAACCGGTGGGCTCTATGCAGGCAATTTTGTATACGACTGATATTGGTGCTCCACAGAGTTCGAGTCTCTAAGGAAATACCACAGTCGGTACCCTAGAGCTCACATCTTTTTAATTCGGATAGCGAAATTATCTATCCACTGAGAACGAACCCTATACCGCGATCGCCCGGTCCTTCCTCGATTAGTAACGAGATGATGGGTGAGCTAGCCCTCTTAGCAAGTCCGTACCCGGATACGCTTCTGGCTTCAGGCTTCTTGCTCGTAGACACGGACTCGTTCATGGCAGGCGCCGTGCCTGAGAAGCTTTACCGCGAAATCCGTTCTACAATGAATTCTGGTAAGGGTGGCATCGCACTAGATTGTCGGGTAGGGTATCCACCCTGACCCTTACAGGAAATCGGCATACTACGTGATGGATATCACACTTAGCGTCTTATAGTATCACCCTAACTCGCTTTCTATTTGACAATGCGGATACCAGGCCCTACCGGCCGGTCATCTTGGGACGAAAGACCTCCCCTATAGGCTTGGGGTCTATTGTATTACCCATCCCACATCGCGACGAGCGATCTTATTAGTGTCATTACTCGATGGGATCAGCGAGACTCCTCACCCTTCTTTTCGAAGTACTTATGTGCAAACCTTCTCCTAGGTTCTAAGAAGCCAACAACCCCCGTTCACATGTTATACGGGGGAATGTGGCCTTGATACTGATGTGCGTGGCTCGGCGTTGAGTTTCACAGGGCTATACCCCGTAGGGAAGGCTAAATCATGTGAAATCGCGCACAGCGTTAGGGCGAAACCTGAC,1739,49.8,Arabidopsis thaliana
SEQ_585263,AATTATTTGGACCGGTTTTTGTAGCAAAATATTGATCGCATGTTGATGGCGCGTCGGTCCGACGTATCAAAGTGCGGAGTTGCCTCTCCAGGCACCTATAAACTTCCCAATCGGCGACACCTTCCCCCCATCGACTGCACGTCGTGTCGATGCAAGGCACAGACGTTCACGATAACCTAAACAGCCATACTATCACAGAGTCTCCATAACGGTTGGGTCATAGCCGACGGCATTTGAACGGAGTGTCTACACAGTAATCCTATTAGAAATCTCTCCGTTTGTGACAAAAGCACCCCACTAATAGATAAACGTAGTTGGAGGGCGACCAACTTCTTGGGAGGCCAGGTGGTCGAGGGCTGGTGGGCACTGTCGATCGCCAAAGACGTAGATCTACATGGGGTCCACACACTTTCAACGAAACGGACTTCGACGCTAGGATCGCCTTGATTGCCCTTTCCTATAGGCTCGCCTCTTGAGATCATCTTCACACGTCAACTCGTCGAGGACGAAGTCTTGATAGCGTGGATTAGTATCCCCTGTAGTTGCTCTTTATCGACTTACCAACCATGGCAAAACCCAAAAGGTTAGAATACACAAACTACGTCTAACCTTACTTCTTCAGTATAAGTCGTCCAACACATCCGGCAATATGATCGAGGAGAGGTGTTTTAGCAAGATAGGAACGGAGCCCATCTTGTTGACTTATCGACCAACAGGAGACTGCGACACACTAATGCAGTCTCT,744,48.52,Saccharomyces cerevisiae
SEQ_987914,CACTAACGGCGGACGCCAAGCATGATGCATGTTCAGGTAGCAATGTGAACCGAAGGGCCTATATTGGTCCAGCCCCCCTTCTCGGTCAGTACGGTCCGTAGAGCAGCTATGCAACGGATACCGCTCGCCAGCTACTCTTATTGTTCAATCCATTGTTTACCTCTGCGCGAATAGGGCACGACGCCGTCCTAATTCCTACTTTTACGGGACTAAACTTTGTCCTAAGGACTCGAGTCAACGGTATAAGGATACTTGAGACAGTGATAGGTTCGAACGCGGTCACTATTCTCCAAGAGTACGTTATGCTAATTGTAAATGATACGTACGGATAACGAGGCGACGGAATCCTGTCTGTACTCAGCAACTTCTATCCCTGGTTTCATTGCTGCATCCGTTGTAACCTGTGTTGACAAACTAGATGCGAACCCAATATAGTGTGACTCCCAGGTAAGGAGCGCCTTGTGGTTCGGTGGTACATTCAGCGCGTTGAGGGGGTTAGCAGTTCCGGGGATCGTCGCTAAGTCTTAGTTGTTTGAGAAAGGCGGGGGCTGCCTTTCGCAGTCTATGTATATTGGATGATACAGAACTTAGAAGCTTACAGTCGCGGCAGGAGTACGGAAGCAATGGCCTGGATCGCGATACGAACGGGCTTTATGTCTGCGCCTGGGAACAAATATCTACCGTCATTCTATCTTACCGATTCGGTATCTAGGAAACCATGTTTGTTAGCAAGTTTCAGAGGTGTAACGGCCCCTTTGCCATTAGTGTCGTTAACATATACCTTCCTCCCGCTCGTCAATAGTAGAAACATGATTCCTGCTGGGAGTGTGCACCCGCATACAGGGACTTAGAGCTTTCCCTAGGGTACGTTTAAGGTTTAAAGCTTCTTGGAACACATCACCTTAC,906,48.68,Escherichia coli
SEQ_745170,GCGGTCGGAGAGCGTTACAACTATGAGCGAAACATTTGCTATCTATAGCTCATTGACAGATTAATAGACCTTCGCGGCAAAATGCTTACTTCACCAAGATATATTTGGCCTATCGCACGTCCGGTGCGGGTAGAAGCATACCAGTCATCTGCTGCTGCCCCGGTCTTTTAGGATGGATTTATGGCTGTTAACGTAGAATTAGATTGCTCCATCTGTGGTGTGGCCGGATTAACCAGAGCAAAAGCTTATATTGTTTAGGACCGGCACGACTTATCCGTTAGACCCCGGTGAGTCGTAAGGACTTCGTACGACGCTGTACTGCCTACTACGTCCTCCCACGATAAGTAGGGCTGGCGGCACTAGATACTCCTTCCAGAGCCGATCGAACTTGATGTTGAACTCGACGAAGATGAATCAATAATGGAAATGCACACCTAGTATCCAAAGGAGCACGCAACTGGATAATGTCGATAATTGGGTATCAGGGTGGTAGTTCCCATTCAGAGTGACTTGCCTCCGCGAAAGGTGAGACCTGAAGTGTTACGTTCCCAACGGATCCCTAAATTCGAATCAGACTAATAGCATCTCGATTTAACAAGGACAAAACCGAGTGAGCTCACCCAGAGAAAAGTCCAGGATATAATTACCCTGAGATTCCGAGAAATCACTAACGTTGTTTGCGAGCTATAACTGTAGCAGCTTTCGTAAGTTCTCCATACTGCGTATCAGCGGTCTAGCGCAAACTTCTTTCCATATCTGCCGAGGACCAATCCCGTACTCAGCCGCGGAATAATTCAGATCACGCGGTAGCCAACGCTGACAGTTCTTCATACAGTAGACACTGTGTCGGCATTCATTTCAGTTACTCAACTCACTGACACCGCATCCTTGAAGCCTACTTTGTACAATCCACCATCTACGGGGACTCCAGGCGGCCACTAAGCTTATTGCCCATGTTATCCGACGGGGGTCGTCAATAAACTCGGGGAGACCACGAGGGCCAAACGTAGACGTGCGGATGTGCGGATTGCGAAAGAGTCCGTGGTGTGCCTGGATTGGAGGCCGTTGCGGATTTTCCCTCTTCTTACGATACGCCTAGGTCTAAGGCAATGCAATTGGATAGAATGACAGTGCGAACATCAATACCGCCAGTAATCAGGCCAAGCATATGCTCCCCCCCTTATGAACCAGGGCATGACTTGTTACGAATGTCGGGGTCTGCGCAGGTCAACTATCGGGAATGCCCCCCTGCACCTGATGTGAGAGGTGCGTAAAACCGACAAACCGGAAAATTCTCCCACATTTCGTAATCCGATACATTGTGCCTCATGCGTCATCGCTTTTGGGAGCTGGACGACGCCCACTTACCGGCGAGAGCACATAAGGTTTAGTTCGTAATTCTGTAATTACCACCTCGTAATTGTTTCCGGATCTCGTGCCAGACACGTGATGCGCTCCATTTTATCGCATGTGTTGTTTCGCAGTAGCGTTAGAGAAGCGGATCTGTTCTCTCCA,1515,49.04,Homo sapiens
SEQ_758248,CGTGTACTAAATGTCTAACGTATTTATATGTGTCTTATTTGTCACAGAAGGTCATAACGGTTGCATATGTAGTCCCACGACTGACCGGTAACGGGCGATTGTAGTCATAAACAAGGATCAGAACCCGGAGTAAAATGATCGGTAGGACTGTGTGCAGACCGTTCGACCCCAGTCCGACCTAAGGATTGTCCCGATTATCATAGGCCTTAGTTGGAGTACTTATTGCGGGCGGCAAGTCGATGCCAAATGCACTGAGTCTAAAGGATTGTCGCAACGTCGGGCTTGATCTAATTCGGATAGCCCAGTGTCACGGTCCTGCGAAAACAGCACTGATGTGCAGCTACACCGTTTGAATACCATGAAATAAGTAGTGCCCGCAACGAAAGTAATAACATACATCCTTAAGTCGATCTCGGATAATACGTCCCTACGGCCTGAGCGCAGTGTCTACGTGCGTCCGGTGGTATACACAAAATAAATAACCAACTGGCGGGCAATTGCGTACCTTTCCTTTAGATGTGTTATCACTCAAGGGTGGAATGGTCTGCTGGCGGCTACTGGCAGATTAAAGAAAGGTGTCCAACTGCCTGCCGATTTTGGCATAGTTTTCAGTCTGCTTGGTAATAGTCGGCGATTCGATTATTCAAGGCGGTCTGAGCAAGCGTGTAAGTATGATAGGAGTAGACGACTAATCGGCGATTTCGTACCCGACGCCCGAATGTAAGTGATCCGGCAGTACGATTCTGCAGCCTTCGCCTGTGAATTCGCGCCATGGTGGGGATAATAGACGCTGGGCTTTCTAGTCCACTATATGCAAGCCCATGCCCAGTGTGCTGTAGGACATTTCATCCAGGGTTGATTGTCGAAGTATTATTACCGTCTTTTGCTGCCCGTCGGTGTCGAAGCGCGAATGGCACGTGGGGCGTGTTTATGTCATTTCCTGTATAACTTGCTAGCGATCGGTACCTTATTGGAAGCTCGGCCAATGTATGGCTAGTCACCGTAAAAAAGTGCTGTGAATGTTTATAGCCTACCCGCTGACACTTGACGCAAGGTCTTAACCTAGCGTGCCATATTCCCTCGAACAAGGCGATCTCTGTTCGCCATACCAATCAAAAATGTCCAACGTTTGTTTGGCGGGCAGCGTCTGAAAACTAAACGCACACCCAAGTTAAGAAGACTGGTACCTTTAAAGGACCGATACCCAAGTGCAGCCCATGCCCTCGCTTCACAGGGGCTCCCCGAGATCTTTCTTCGTTTAGATTGATTCAAGTGGACGTTGGTACCCTTCTGCTGCACATGGGGCCCTCTGTTTTATTGTCTCTAGCCTCTACATACTGAGATAAGTCAGGCGTCGTTGCCAAAGCACGGCCTTAGGGTCCCAGGCAGTCACCACGCAGACTTTTTT,1408,48.79,Homo sapiens
SEQ_229870,TACGTACTGTGCTAAGCCCCTCACATTCATATCTAGTTGCAAGCCGACAGACCACGCATGGCATCCTGGACCTTCTATGGATGACTTTCTCCCAGGGTATGAAGGATCTGGAAGTTCTTGCAAATCGGACCTTGCACTGCACGGGCGGATCCGTAATCTATTGACAAATTTGGGACACTGACCAAATTGTGATGCCGATGATTGATTAGTCTTGCCTACTCCACACAGATGAAGGCCTGGATGCGAGATGGGTCTGGGCAGAATAAATTCAATACCTAACAGCCTATCATGCGCTGGACTATATTCTGGCATTGCCTTTAACATTGTGCCAAGTGTAAGCGTCGGGTAATGGGGCGACGGCACATTCCTACGCATTGTAACTTACGTGGAAACACGGCTGAGCTGAAAGAGTCATAAAGTTAAACGCTATTCCAGAAGTCTGCGTAGCGGCGCACTCAGAGTAGCTTGGCTTATGAATTGCTAGGATGTC,490,47.96,Escherichia coli
SEQ_912512,AGGTGGTGGACAGCACGCCTTTGAACACATAAGACAGGTATCGGACCAATGTGCTAAATGGATCAGTGCTCAGAACATGACACAATGATAAGTGCGCTCGTGGAAGCACGGCCTAGCGGCTGCACGTCTTCCTTTTCAGCTCTCCCGCTATCCTTGTGCAGGATTATTTGTATAACACTAATTAAAACGATTGAGTCGCCTGGGTGGGAAGATACCCTACGGGTGAGTTGATGACTGGTTCGTTCCAGGGGACGCATCCGGCCTTCGAGGAACCCTCACAGGACGTTCACGAGTAGTCAGGAGGCGGGCAGAGTGTCGCCCTGTACACAAACCGTCGAGCGAAGTCGAGTTAGTGAAGAAGAACCGGCTTCGACTGTACAGAGCTTATTTAAATTCAGAAGCTAAATCGCCCGCATTCATAAACGGGCCAGCAACATCCTTAACACGAACCCGTCCAGTGCTTCATCGGAGGTACAAGCCTGAACACGTTTACTCTACAGGTATGCTACACCACGGGAAAGACTGTGGCTATAATCTTGATTGCGCTGAGCGAAAACGCATTCGAGTCCCACCGACTAGCAGCCCGGGCATTCTAAACAAGGCGCGGCAGATGCACGAGCAGTAATATTACACGGCGTCATCGTCCCACGAGGATGTGGTATAAACATGCCCATCAGACCCCACTCACCTAAGATGAACAGTCAGCCCTCTCGGGCCGCTCGACATTCCTTAATCTAGTGTACACGACTATTACGTGTGGCTCTCGCAAACCCGCGGAGATAGTAATTTAGCCTCCCATTCATAATTTTCCCAACCAAACCATGTACTCGAGGCAGACGCGACTACATTTCCCCACCGTCCACGGAGATACAGGCATTACATGATGCCACAACTCCAACGTTTCCTTGGTATTGCTATTAATGTTTACACGTCCACGAGGGAGAAGTTAGATCTCATCGGTAGACTAAACCACTCGAAGTCTTAGGTAACTATTCTTTTATTACTCTTGACAACTTTCCTAGAATTCACCAAGGACTACTATCGTGAGTAACGACGTCAGCTGTATCGGTCTTGTAGCAGATTTGTCTCATGAGACAATAGACCGAGGACATCTATTCGAAATGATTGATACGGAACTCGAAGACATGTCAACTCCACTCTATCTTGTGGCCAACCGAAGTAACTAGATATCTAAATCCTTACCATGCGCTGCCCATTCTTCAATCGTTATGGCCTTGATAGGGAGTTAATCTTCCGAGCGAACAAGCCTACAGTGTGGTCCTTGCCCGCATCCAGGCCCCCAAGGATAACACGGGAAGAATGCTCCGCTCAAATACTGACTTTGCCCATCTGCTACGTTTTTTATACACCCAGGGCTGCGTGGAATCGTGCCCAGCAGGGTATGGATATCTTAGCCTGGGACCTTAATCCCTACCGAAAAACACAGGCCCA,1452,49.1,Escherichia coli
SEQ_650864,AAGAGTAAATACGTGCGGGACTAACGTGGCACTTTACGCATCATGTTCCCTATAAGTGATCGCAGCTTGACTGTAACGTAGGCATGGCTGTTACGAATAGAGGCGGGTTCCAAGTATGGAGGGTGGTAACTAAATATTACTAGCTGCCTAGGATTTGTTACGTGATGGACGTCCTTGCCCTAAGCCGGGAACCATTGAACACTCAACCTACATGGTAGATATCGGCGCTCTGACCCTGCTGCGTCGCTATCAGATTTCTAGCACCGACACGCCTTACTACTCTCGTTCGATTTCCCAGGAGTGTCCCGTGGGGGCGAATGTCTTAATTTCCAGGGTTCGCCCCAGTGGTAGAGTTTATAAACGACTACGGTCCAGTTGTGTAAGTCCACCCAGCTTGGTGCACAGATGGTACGTGTGGACCGAACACCTAAGCATTCCGAATGGAGGGCGCTCGGGCCATGCCCGGAGCGCCCGGGATTCACGGTAAGTATCATCGGCTCCTCTTCAGGCGTCATCTAGGGCCGTTCTCCTCGATCTCGGTTTAAATGAAAGTTTTAGCTCAAAGTACGGGCCTGAATGTGCGGTCGTTATGTGCTCCGCTCATCTCCCGTAACAGCTCGGCTATACGTCGGTCCTCAGGTGTTACGTGGTGGGGTCTTGTCTGATCCTATTTCTCGCTGACCGCCCTCGTCGTTACAGGACTCCGCAATTCGGCAACTGGCGAATGAATTCAGATGAGGACCGGTTTTTTGTTAACTCCACTTCTTCGGGCTATCGTGAGCATCAACCGGGTGGATGGCACGTCTGAGACCCGGAGCAACATTGAGACGGTGACGCTCTCTTCAAAGCCATGGGTCGCCATGGCGGCCGCGCTCCAGCACGGGGGTAGTGGGACTT,897,53.51,Homo sapiens
SEQ_719274,ATCTCAACTGTGGTAATTTGGCCTCGCATTCTTTAGGGATGGAGTAGCTTAGCCGTCTTATTCTCGTTGTTTCGCAGACCTACAAAAGCTAGGGGGATTGCTAGCCTATGTTGGTGTGATGGGCCGTAACTAAGGTTGAGTACTCTAATAAGACTACGATAAACCGTTTCGACCGCACGACCCCTGGGCATGACGACTTGAGGAAGACTGCGGATACATGGCAACTGTCCCACGCACTTTACCCTGCTTCTTGGCGCTACAAAGTTACCCAATAGATAACTCGATAATAGAATATAGACGTTTTGACAACGGCATCCAAGATTCCACGATCTCCGTATGTCAAGGCGTCCACACATCACACTCGACGAGTGTTGCCATATTCCGGAACACGAAATGAGCAAATCAAGCATCGGAGTCCTTCATTTATGCCCACGGAGGTGGACAGCA,447,47.87,Saccharomyces cerevisiae
SEQ_499307,AATCCGAGTATGTCTCCAACGTGTCACGGCGGAAGGCCGGGTCCGAGCGGGTCGTTAGATATGATTGGTGGTAGCCGGTAATGCTCTTACATGATACATAATGCATCACGCGATTGGAGTCGCCTGATCGTGTATCGGACGTTCGTACGCAAGTTTCGAATCTATGGTTCCTGTATTGCGTTCGAGCTCATCGGCGGGTAATTGCAAAGTCCCGGAGCATCTGGATTTGTTTTCCGCGCAGTCATTGTACGCACTTGCCCTCTAATACGACCCAGGGATATGGAATGAGGTCTGACTCGAATCAGTACTGCGTGGCACGATGTATCCCCCTGAATTGGTCAAGGCCCGGCGCTGCCAGAGATAATAATCTAGTAGTTCCGATAGCAGTTCGATCTCAAAGGATTAAGCCCCAAGAAGAACCAGCGCCAACCCTAACGAAGACTAATGCGGTCAGGAGACTAGAGCAGCCACACCCTCAGAACGTGTAGGTCGTCACAGCTGCGTGTCGCGTATGGAATAGCTAAGTTGTTGTAAAACTGACTACCTTTCGTGGTAGTGATGATATAAGCCCGCGCGTAGGAAAAGCACCCACAATTCACCAGAGAGTTATCTTTTGCGAGAATTATATCGGTAAGCTTGAATCGGAGTATTGCAAATACCAGTTTAGACGATCCGTTCTTTCGGGTACAACAGTAACCAGATCTATGGGGTTACCGTCCTCCGAATAGTAGGGTAGTGGTTATCTAGTGGCGCGCGGTGAGGTAGGTGTGACTCGCGCCCGTGCTAGACTCTGGTGAACCACTTATGAGGAAACACCGCAAAGCAGCGGGGTCAGGGACTCTACTGACACGACAGCATCAGTAAAGAAGCTTATCTAAAATCATGACACGTAATTATTTCTCCTAAAATGACGAAGCGTTCACGAACGACGCATCCTTATCCTTACTGGTGTTACCCTGCAGATTACCTTCTCGGCGCGCAAGTCCTCTTAGGTCATACTGTTAGCTGCTAGAGCAGGTACAGTAACATGAAAACTTACTGGGATCACGCTCTCGTTTACAGTCCGTAAATCAAATGAACCGCGTTGGGCTCGCCCAAAGTAGCACACCGCACAGCTAATTTGAGATTGGGACCTGGTTTGGCGGCTCATTTCACAATGATGACAAGGGACCCCCAACCAATATAGATAACCATAGGTCTAACTGGTAATGTCGGCGCGTCGCTAGATTTGACCTCTAGGACGCAGGGTCATGTTGG,1257,49.32,Caenorhabditis elegans
SEQ_325015,AGTGGAATAGGACACTCGCACGGCCCTACCTCGACTTGTTCCCACTCCCTATGGTGTTTCTATCTGACCACGGGGATGATGAAATTGATAGCAGGCCTGCCGCCCTGCCCATTGAGTAACATGAGTAATGCTTCATTTATGAGGGAAATACACTAGTCAATAGGCAAACTTCCAGCGACAACACCGCGGACATGAAAACCCAGCATCTTACCGACTCAGCATCTCCTGAAAAGACCGTGAACTCTCACCACTTAATATCTGGGCCGCAACAGGTGGGGCCTCCAAGCCGACGGATTTAATATACCCGCAGACACTAGTCGTGACAGGATGTGAGCCTACGAAAAAAGAGTGAATCTATTATTCGCTCGACAGGACGGCCTTAGTAAGACAGCCACCTTCCTTACGGTACGATACAATATCTTCCGAGAGACCGCGCGGTTAGGCCTTATTAAGAGGTTACCGTGATGTGGTGGTTACGAAAGCGAAAACTGGTCGTCAGATTCAGTGTATGCCACTGCACCCCGCTATTCACGTTCTCCATTTGCAGCCGTCCAGCTTCGTAATAACACGATTAAATTTCATTGATTTGCTACATAAAAGTGGGCTCGAGTGTTTCCAACATAGTCGGGTGAACCCCTCGACACGACAATCTAATCCGGGCGATAAGTAAGTAGTCGCACCTTGCCTGTGCGATACGTAAGTGCGCAGTTAAAGGCCCTTTTGCGTCGTAAGGCCCGTACGTTGCACGGGCTTGACCCGATGAAACCGCAGTGCTTCAACGCGGCAAAGGTTACTAAAAGAACTTTGCCATGAAACAAGTACTGACTGATAGTTCGCGCATGTAATAACCCCATAGGGGCGCTCGAGGTACGCATAGCGGAACGCACACCCGGATGATGATGGTGGGAGCATTGCGGAAACATCTCCTCGGACGTTCACTACAGAACAGTAAACAAGATGTCTGTATCCTGTGAAACCTGCCATACGTCCCTGAACTGTTTTGTAGTATAAACTTGAGGTGCGTTGGCATGGTGATTACCCAAGTCTCCCGCGTCATACAGTGGTCCAGGTAGAAGTGTGCACTCGTAGACAAGTAGCCGCTAAGATCATGCTTGAGCGCAGGTGTATTCATTCTATGAAAACGTTATTTGCCCTGGTGTTCTCAAAGGTCTGACCCGTGCGGCATGGCTGACCGTTGGTAGTGTGGGATTTTTTTGGCCCGACATTGGATCTGCGCGGCCAGCACAAGGTGGCGGCGTCCAGTGAATACGTTCTCCCTCGTCAATAGTGTGTTCCCCCATCGGGGGAACAGTGTCTGCGGATCATACGTGTTCTGGCTGCAATAAGTATGTGCGCCCCTGTAGCTGGTAGATTCCTAACGTAACTGGCAACGTGCTACTCCTACGTCGTTCCTGGACATAAATAAAAGAAAGAACCCATGCAAGAGGCATCATGCAGCCTATATCAGAACCGGACTGTTACTGCAACTACTTCGCCACGCACGTTGCTTATCT,1514,49.93,Caenorhabditis elegans
SEQ_740323,TTGCTTTAGGTGGCTTCACAAGACCGTGTTTTTCGGAACCTACGATACATGACAATTTGCGACACTACTGGGAGTACCGACATTCCACTCGATCGCACTAGTTGCAAAACCTCATTGGTCGCGTTACAAACAACGCACACCGACAAAACTGTACATGAGAGATCCGACTCAGCATCTCTCGCTTCGTCAGGTTGTTGGGGTCTGGCCTGCGCAATGGAACGGTCTATCCGTTTTGTCTCTTGGGCTCTATAGAACAGATGGGCGGGCTCGGATTTCCTGACCAGTAAAATTCATAATCTCATAATCCGAATAAGTTAGTACAACTTTGCGTCACTGGGTGGAGCACGGCAGGGCTAGGGCCCTCCCCTGTCGCGGGGCTGCCTGCCGAATTCTCTACAAACAGATCTCGAGGGGCCCGTAGATAGGAGGTCGTTCAGGTTTGGACGCCGTATCGGCGGAAGGCCTCCTACTGAACTGTTGACCAATTGCTGGTCAGGGCGATGCGACTATTTCTCAGCGTCATCTGCATATATCTAAGCGTAGGTCTTGAGGAATCAGCGGGGGCGATAGCGGCTTAACGAGAGGTATGTATAAATTATTTGTGTTTATCTGTGAGCCTCCTCGCAATTTGGCAGTACGGCGGTGTCAACACGGAGGGTGGGCCGTTTGTGATAGCAATTCCCAACTAGTGCTGGCCGCGCTTGCTGTAGTATATCTGAGATCTAACGTATATTGTATGCAGGGGAG,747,50.87,Drosophila melanogaster
SEQ_742794,CCTCAGCCGTAGTACTCCGGAGTTCAGTACACAACGTGAAGCCCGTGGGCAACACACCCCACTCATATCCGAAGGATGTTCGAAGTGAGCGTCCTATCTCGGAGTCTTAGGACTTACGCTAGACGAATTGAATCGGGTGTTTGTTAAACTAGATCCCGGCACCCGTTTAGGGAGGGGTAGCCTGAGTAACTTCGTGGCGTAGTATCTTAAAATCTTTTGAGATAGATATAGAAACGCCCTGTATCATCAACCTTAGCGTAAAGGTTCGACACGACTGACCATAGTCCCTCTCTATATTTTACTTAGCGTACGCATACCCGCATTCGATAAGCTGTCAAAGGGGTGGCAAGACGTGCCCCACTGTGTATCAATAAGCTACTTTCACCGTTGCTGCAACCGAATTGGTGGTTCAAGCCCATGGGCTAAATGCTGGTTAGTCACCAAGCGCGCAGCATGCAACTTAGGCGCTCACCAAAAACCAATAATTATTGCTCACAATGGTCGAAGCAACCATCGGTTTTTAGTTGTTAAACTATCCCGTTATCAAAGCTAATCGGTAGGTTTTAGCAAGTTCGGTGAAAATCTCTATCCTGAATTCTAGATACACATCAGCGCAAACAGCAGATCCATGCTTTATCTTTGCTTCCTTCCTACACTTTCTCGGGGATAGATTTTCTTAGTACCATTTGCAACTCCGTCGGAAGCCATGGCCCAAAACGCGTTCCACAATGATCTGGCACACAACGTCGAAAGATCCTTGTGTAGTCCACCTTACTGGTGACATAGTTTCAGCGGTTGG,799,46.68,Saccharomyces cerevisiae
SEQ_415581,CGGTAATTTTCGACTTGCTGGGTATGAAAGCATGGCTGTTTTGCTTAGACGGCAGCCTACGTCATGTCCTAGGCTGCTGCGTGCCCACGAATGTTCGGAGTGTTCAGAGCACGTTAGGAGAGGGTATCTTGCAACACGGGTTGATAACTCAGGTGGCTCGCAGTTACAATTCAATATGGTCCACTAGGATGCCTGGTAACACAAAATCTCAGCCGGACGGTACTACATTAGACCTCACCAGATGAAATCTCAGCGTGAAAGGCTGCAATGGACGACATGGCGTGTGCAAGAATTGCGGCTTCTGTCTTCTAGCCAGCGCAGTCGGAGCTTGTCAGGCATTGTACAAGCCCTGAAGCGAGCACGGAGGGATAACCTGTCGATTCTGAGCACGATAGCGTGCATCAGGTCCTACGATATGATTCCATTCCTTGAGCTCTTATCTACCATGGGGATGGCGAGCCCGATCGTTAGCCGTACTAGATCAGACCGGATTTGGTTGGATACTAACTATGAATTAAGGTTGCCTCCCCTACTCCTCTCTCATTCGATTGTGGTTTAACCGCTCACCTCCCTTAGGCTTGTCGCCCATCCGGGCCGTTGCCTTCCAGATGCTCGTAATTCGCTTAAACCTTAGTCGTGGTAAAAGTTGCTTTTAAGCTATGTTCAATGACAGAAAACAGATAGTCTCCTGGAACTCGAAGTGAAAGGCGCAGACGCATTTGATATAGATCTATACGACTTCTACTGACCTGCCATGCCTCCACCTTTCTTGAAGCCGCGCCAAAGGCTTCGGACAGTTCATATACGAGAACGTACCCCTCGAGCTACACCTTAGGAGAGGGGGAAACTACTCATCCGTCTGGCTAAATCGGCCATCTAGGGTCGCCTTCACCAGGAGGGTGAGTATTTGACCGTGGCGGATCCGACCCAGTTC,934,50.64,Arabidopsis thaliana
SEQ_119253,GTGAGTAGCTGGTCATAGGCGCGAAATTCACCTAACGTCGTCGTCGGGGCATTCATACTCGTTTTCATTATGTCTTTATCCGCTTAAAATAATCTGGTGGTAAACCTCGCATCGTCTCTGCGTGACCCCTTACGGCCTCTCTGTTAACCGGATCTCTAGTGACCAGCGCGTACGAGGGTTATACGTCTGACTGAAGAGGAAAAAATCCCACCAGGTTCAGTCTCTGCGTCCACGTCCCTAATGACTGGAACAGAGATCAAACTTACTTGCTTGTGGTCGAGCCGCGCCTGAAAAGGGCTGTACAGTATCGATCCTCGCGCGGCTACGGGTACTCTTCTGTTGTTTTGAAACCTTT,355,49.86,Drosophila melanogaster
SEQ_207207,ATCATAACCAATGGAGCGTCGATCCTAACTGGCCATGTACCCTCTAGGGAGTGATAGTTTAGCCTGTCCATGCTAAAACTATTCAGGGCTTCGGGAAGAGGCACACGCTGATAGAGGCTGTAATGTCCCCAGTTGAGAATAGTCACGCACTCGTAAACTCCCAAAGGTGAAGGATCCAATTTAGTCCGGGTATTCTCGGTGACGCCCATTCCCGGAATTCATGATCCATCGTTCGTCGTATATACTGCTCTGAAGGACCATATTAATCAGGCTACGCTGCTGCACATCAGTGTTAGTAGGCGGCTTCTAGGACGTCACGCAGAAGCGAGCTTTAGGCTTTTCCCCGATCGGGCTATGTACCCGTCCGCGGCTGTATGTGATGATTATCGGAATAACAACAAGTAGTGCCTCTAAAGAATGACAAATACTTAGCTACTTTATAGGAGTCCTTCAGCTAGCCAGACCATCATTTCGACTCGAAGCAACCCGGAAATCGATCCAAGTCCTTGGATTCATATTACTTTAAGACCCAATCTTCACCGGGAGATCATTCCAAACTGGGCGGAATTATGCGTTGTTACAGGGCGCTATACACCGGTAAATCTCTCCCTGGTGGCGAGTCGTCTGAGCTCTGACGGGGTAAGCGGAGGAACCACATTAGCCTAGATGTGCCTTTCCTATTGCTCTGGCTATGCTATAAAGTAGTCCCAACCATGATAAAGAACCTCTAAGTAATTACTCCTGCAGATGCCTATGTAGTATTTAAAAATTGTCGCTGACGCACGAATTTTATGTAGTTTGGTCGACTAAAGCATTTCGGCGGTACTGGCTGAAGACAATGAAGGGATGGGATTCATCAAGCCGGAGGGGGGACAATCCGCCGTACCGTAGATCTTGCGAACGTTTTCTCGACCCCTAAGTGTGGTTGGTTGTTATCT,938,47.65,Arabidopsis thaliana
SEQ_319230,CTGAAGAAACTAAATTATGAAGGCGTAAACTGATTAAGCGGGGAACTCCGATAGGAAGACTATATACTACGTTTCAATACCTGATCTGACCGAGCACGGATTGGGGCTTCGTTCGCTAAAGACACAGACTTGATAACGGACTGACGAGCGAGCTATCCGTCGCGACGGCCTCGATATGGGCCTCATACCTACCGCGCCTCCGACCATCCGGTGGTCCACACTCAGGTCGTGAAGGTCGCCGATTCTACAGATCTAAACCCCTTGTGGACAGGTAGCGTTTTCTAAAAACGACTCAGCAACACATCTGAAGCAGTTTGCAAGCGGCCGGTGTGGGGCACTGTCGGGGTCGGCTTACGCACGAAACCCCGTGG,371,53.1,Mus musculus
SEQ_544001,ACAACCCAGATGCCCGTGTCACGCCATAGCTGGCGGATTCCCGTATGGAGCAACAATGGCCCGGAGATTCTCCTCCCGCCGGGCGTCAACATCGCAACTACACCTTCTCCAAGTCAGGACTAGCCTAGCGGTTAATCGGCATGGGAGTTAACGAGGGGCCCGTACCTCCAACCTGCGCTCTGTGACATCACTACGCCCATTCTCCGAACGCCCATGGCATCGCCAGTCGGATCTGACATGAGTGGTTGAATTACGCGGTATTAGCTCACACTGCTCAGGGTTTGTCCCCCAGCTCCGCTTAGATCAGTAGTTAGAAAGGCAGCGACGCGCGATGCTCCTGTGCAGACCAGGAGTGTCATAGAGTTTCAGGCTAACCTTAGTGATGGTGTGCAGGAGCAGTCCATTGAACATGGCCAAGAGACCTAACGGAATTGGCCGGCCGTGTAATATGAACTAGATAGCCAAGTCATTTGACAGAGATAATACTCCTATGAACGTCTCGGCACCAGTACAGCGCTAAGCGGCAGAGGAACGATCGGAGGGTGAGATCTACTTCGCTCCCCGTACGTATGCGGTATGACTATCGTATCAGAAGCCCCGTCGCTCGAGACCGCTACAACAGGTTCTCTGGCAGAGAGATTGTCCACAAATACTTGGACAGGAAGTGAGCCCTCGCTGGTCAGCAATTTGCCAGAAAGTTGAGTAGAGGTTCCAGCCCCAGTCAAGGGATGACTAGCGATGTCCGGGAAGTACTGCTGAACTCAGTCTCTGTTGATAGTACGTTGCCGCTCCGGACGTCTTACGGGTATGCAGTATTTATGCGTAAACAACCTAATCGAAAGGCTGTGCGGTTTAAAGTCATTGCGTTGTAGCTCCAGTGTATTAGGAGTAATTAGATATCGACACCACAGGACGGATTCGCGGTACGAGTCGCAATGCAACAATGTTTCGACGACTACTTAGACAGGTACTGAAAAGGCCCCGTGCGGGACTTAGGATTTCATGAAGTCGGTTTAGGACTATCCGATTATAGGTACCATCGGACCCCCTAGGGGTCCATTCAGAAATTTTTACACGCCCTTACGAATCCGTCTACTGAAACACCTTAAAATAAGTGACCGCCGGTGATCTCGGTATGCAGTATGCCTGCCAGACTGTGCAGGTATTACTCAGGAATGAGCGCGTATACCCCTAAGGCCCCAGCCGTATCAATATCCGTGGTGTCTCACCTCGATAGAGACATCGCATTGAAACTGATGCGTGCACTTGTCGGTCGCGTCTGAGCTGGATAAGCGTCCTCGGTCTGAATCATGCTATATTGGCTGCAAAAGTAACAATCCGCGACCCTGCTAGTCATTAGGCAGTGAATACGTTTTCAAGGGCCCATCCTCCTGCCGTGGTGACTTTACCGCTTTACGATTTACGTGGAAATGCGTACCCCGCGCTGCCTATTCACAGTGCCTTA,1465,51.74,Saccharomyces cerevisiae
SEQ_101377,CGCCGGGAGCCCGGTAAGTGGATTACCGGCGCCCTACACTCGCAGGAGTATTAGATAGGAAGTGATTCCCTTGCATCAACGTACAAACATTTACCTACTAATCCCTGGAAAATTATCTTACTCCCGTTGCCAGGCCTTGGAGCAAAGAACATTTACCAATATTAAGGACTTGTTACAAGCGGGTCCTGGACGTCCTCGCAATCTTGAACATTCGGAATTCCCTAGCGATAGGTAGATTAACCATTTAATGGCAACAGTGGTCAACATGACGTATAATGCACAGGCGCAAGGAGTGGGCCTTCAGTATGGTGGACACAGGACGCAACCTCCGTTCCACCCGGAGCCCCGGACACGTCGGTTTAGTCATCAAGCGTGCCTGGGTAAAAAATTTAGATTTGATGAAAGTACCCAGCGATCAGGTATTTAAGCGCCGAGTTAGCTTACAACTGCGGACCGCAAGACCACTAGTCGATTTACCCAGTTTGGTTGCTATCCATGCCCCAAAGGTTAAGTTCCTGTGTGGGGTAGTGCTAGTTAGCTGGATCACTTCCCGGATCAACTGGGGTGGCTTGCTCCATTGACTTGGGAGGCGCAGGCATCTGGCTGCGGTAGCCCCCGCGCTAACGTATTCTTGGACTGCGACGATGCGGGCTTTGCCAGCGTCCTAGCCGTCTGATCGACGTCTGGAAGTCGACCCCCATTGTTAATCGTCTAGGCACTAACAATTGTGAGGGAATGCGTAATGTGAACACAACTTGTCAACTGGAACCGGTGCATTGATTCACGAGGCGTCACGTCTTGTACTTCGCGGCGCACAGAGGGTCATTCGAAGCGCGTATTTACACAACTTTCTTTAAATTAGTCGACATCTGCTATAGTATTAGAGTCACGTTGCCAACGTAATTTAGTCAACGACTCTATATGTCTTCGCTTGCCATGCGTTGTTTAAGAGTTAGATACAAGCCGAGACGGGGTCTGACAGTGTATCCAGATATACGCGGTCGATACATATGGAAAGTAAAGTAGGGCGCCCGGCTTTAATCATGTATCGTCCTAAAGGGCGGTAAGTCAGCGCCATAAGTTTGTTAAGACAATTGAACAATGTCACGCGTACGACTCTACAGCGCGT,1129,49.34,Escherichia coli
SEQ_938995,TTTCTTACATTGTGTCACCCCGAGGACCGAAAAGATATATCCACGCTTATAGGTCAATTGAGCGCCAGGCT,71,46.48,Homo sapiens
SEQ_671494,CACAACTCTCCACTCCATTATCCTCATTAGACTGAGGAGGGCAACGGCCACAACATAACGGAATCTGCGACGGGGACTCAATAAAAAAGAAAGGATTCCCTGGGGGAGGCAGCTCCCGAGTTTACAGGATTAGTTTTTGTACAAGCCTCCTTGGCTTGTCACGATTCGACCCAGGGTGTCAGGCATCACCTGCGTCACACGGGCACCACCAGCGCGTGCACAGAACTCATACAGTGCTGGGCTGCGTAAGGAGGGTATAAAGGAACTAGCCCACTCGGCGTCAACCTCGCCGGCCCTAATTCTTAGCAGTGGAAGTAAGTGGGCGTCGAACTTGGGAGGGGCGGGCTATGAGCTAAGCCCAGGAGTAAATTATTTGAGTATCGGCATATCATGTTCAAGAGGTGGGTTCGCATACCGTGAGGTGCTAACGCGGGACGGCCCGACTATCGAATTGCTAGTAATAGTTATTTTTACTGAGGCTAGTTCCACGGATAACAAGTAAAGTCACATCGCATTGTCATGCTGCGCAGGTCATACTTGCGCTGTACTAACAAGATGAGGGAAAACGTATGTAGACGGAACCCCGCAGCGCAGAGAAGCCGGGCTGATATGGGCTTACGCATTGGAGAGGCCCCATTTATCAAGAGAACGGTCACATGCTCTCGTAGCGTTAGTCAACGTATATTCGCATGTGTAGTCAAACCATTAGGGGAGGCTGAGTGTTGAAAATGTGGTACAGGAATGCCTCCGAATAGAGTCGATTACTATCCAAGCGTTCGCCGTGTGTCAGCCGATAGATTAGCGGGAAGAAATAGCGCTTGGCATGTAATTGATGCAGTTATCCCCATAGTGAGTTTCACTAAGGAGACCACAAAAATATGAGCTCAGGGACTCTTCCCAAGGGCTGAGTGAACATGCCTATTGTGCCTGGTGTATGATCTGCGCGGCATCGCACCTACCCCCCGATAGGGCAAATAATCGGACAGCGTCGTCGTTGTGACGGTATGCTTCGTGACGGTGAGTTCCCGCCTATATGCCTATCCATATACAGGAGGTTCAAGCGAACGCGCCCCCGTCTTAAACGCAGTCGGAACGAAGTCATAAAATGGAGTTACCAAGAAAATAGCACAGTGATGCATCCGTGTCAGTTAGGTTGGTCTATGCCCACATCGGAAAAGCTGGGTCTTTATTGGAATTAGGGGAATACCCACGTGAGTGGTAAGTTTCATAGGGCTCGCAAAAGAGTGTACATGACCGATTCCATCTTGAGACACTAATTTTATCGACCCTGGGACCGGGGTTACCCACAGGCTCCCCAGTTCAAAAGACAACGTCCGCTTTTAGAAAAGAACCGGCGCTTTGTTGAATATCGCTGCCGAATGAACTCGCAGAAAATTCTAGCTAATAAAGTAGAACGCGTTTAGTCCGTATGTGGTGCGCCTTGCTGCTGCGACCGCGAGCGTTGCCACGAGGTAAAGTAGCCAGCCTAATAGACGGGAAATGCATGTGATTAAACGTCTCGGTAAATTCAGTTCCAATGAATGCGATAGTCCAGATACGCACCCCGTACTTGTCTAAAATCACGTCTCTACAGATGTAGGCATCAGGACGGGGCAGCTTTGTATCAATTTTATTTGTGCTCTACGGAGTGTTCGCGGACTGCCACGGTGTTAAGTGGACGGAGAAGATATTAGGACCGAGGTTTATTATAAACACTGACGGCCCTCTGTCCTGCCATATGATCCCACAGACGATACAGATTCAGCACCATAGCATAATCGGCATTGTGCGATTAGGTCGGGCGTATAGTAAGTATCGACCCGGCCCTGAATACTATTACACAA,1844,49.57,Drosophila melanogaster
SEQ_912318,CCCGCGTCCCGTTGTATTCTCACTTTCAACTGAGAATCCATCGATCAGCCTACGGTTTATATAAGGAATCAAGGGTAAGCCTTGGCTTGGGAGTTGATCTGTTTATGCGCAAGTTTTGAATATGTCATTGGGATCTACCCCCATGCGGGTCCGATTACCAAGCCTAATGTACTATACGACCCGTGTAGGGCCAAATGCCTGACCCGGTAGCGCCATGAACCGCTGTCACGCTCGACCAATCGTTCTTCGCGGTACGCTTCACTAGCTCAAACGCTTAAGGAGGTAGTACCCAGTACCGTTCGAACAACTATTGCTTCCGATTCTCCATGGGTGTCTTCTTGGTCCTAGGCTCTCCTGATTGGGCCGCATTGCAAAATGTGTATAAGTGGCAGATCACATCCGGCCGAGTGAAGGTCCGCCGTGATCGATTGCCCGAATCTGTCCATTGAGGCAAATCGATGGACGGCAACGAAGCTCTTGAGTGCTGACTAGCAATCAGAGCGTAGAGTAATATAGCTTAGGTTCGATGATCTAGAATAGCACGCATGCATCGTCGCTCTACCGCGATTGTGGGTTGATTGCCCCCAGGCACGCTAGAAGTCTACGTTGATAGCGATGGACAGGATCTCCAACATTAGGTTCCTGCAGCTTATATTCAGCGGTAACAGGAAAGGTCCAATGTATTCTACTCCGGTGTTAGGGTGCGGCAGGACCTTCTTCGGGATTGGTGGCTCCTGTTTTTTGACAGTCCACGCTCGGTTATCGCGGACGAGCTTCCCGAGGCGCCGATACGACGAAATGTGAAGTAACGCACCTTACACTACAGTACATCCCACTTGTAGTAGCTCTGAGGTCAAGCCCATGGTGTTTTTTGAAGACTGGGCCGCCGGCCAAGACAAGGTGTCTTTGCCAGTGCCGAAGCTTTGAGACCCCACAACAACGATTACTAACCGGCCAATGCCGAGGCTTATGCTAGTTAGTCTGCGATAATTTAATGTGCTATGGTTAGCGATGAATCGTCATTTTCGCGTATGAGCAATCGGTAGGGAGAGGGAGACTTTAACCTCGCCAGTACGTCTCGCCAATGCCGAGGACGTGGGACACGGCGGAACGCGGTTCCTTTCGCAGCCATCTGCTGGCGTTATTCACAGTACCCCACGTACTGAACCGCAGCACTCTGCACTTTATGAAATACACATAGGCTGGTAGGTCGGGTGTTAAAAGTTCGGCGGGC,1234,51.38,Mus musculus
SEQ_728017,AAGGACCGCAGCGTAAGAGCGACCGGCTGTGTGGGTTAGTCAATGATTTCCGAGACGCACATGAAGCATGCTGGTGGGACATATGGACAGGAGAGATATGTTGGTGGCTAGTATAAGCTACCTTGCGCGCATCCCTAGTGCGCTTGATGCCACGTCA,157,53.5,Escherichia coli
SEQ_532933,CGGTCGCTTCCCGTTAGAAGCCTTGCACGGTCCTCCTACGGGTACCATTACATGAATATGCTACGAAACTCTTGACGGTAGGTGCTCGGGTCTGCAAACTTAGATAAGCGTAGGACCATTACGGGTTTTACGTTCTTATTGGTGGAGGTTTCGTCTGATGGACTTAGACGTAGAGACTGAGCGCCCAGCGATAAACGAGCGGCCGGTCCACGGCGACATGAGATCTTATCAGTTGTACCCACCTCGCCCAATCGGCGAGATCAGCTTCTGGGCGTCTGCTCAGTGGAAAAGCGTGCATATGACGGAAAAACAAGTTGTGTCCGGAACGGGTTTTCCCTCGCGAATAAGTCTGCGAATTTTGGCGCATGATCCTACGAACCTGATCGATCGGAACGCCATCCAGCTAGGATGCCTCCAATAGCGCTACGAGAAGGGTCATATATAGGCACCAGACCCAACCCTTTCCGAGGATGCATAGGAACTCGGAGGTTACAAAACCCGGCATGCGGGGCGCGGTCATATTCAGTGAAGGGAACCGAGACCTGTTCCTACAATGTGGATTGCTAGGTAGTGCCTTCGAGTACCACGTGATATCATGAGCTGGGGTTACGAGCTATTGGTCGTGGTAGTAAATGGACTTCAGTCTCGCTTCTAAGGTGGTCCGCCACTATCTGCTCTACACCTGTACGCGCCTCCCAGCCGTTTTCGAGTATCATTGAACGCCTCATGCACTCCAGCGAATTTCGTTATTCAAGTGCACCGGATTAAAGAGAGATGTCAGTCTAGAGACGGCAGTTTGGGATCGTAAAACTAGAGGAATGCTCCAATAGTCCCAGTCTGCGACAGTGCATCCGTTTTATTC,862,51.39,Escherichia coli
SEQ_138728,TTTGCGTCTGGCGGGCGAAAGAGAAATTCGATGACTGACTACCATCTGACCTGATTTCCTATGTGTTCTACGGCTTGTCTAGCTCCATATCTTCAACTTTGCAGCGCATTGTCGTGGATCCGCGTCCGTGGTGCCACGCTGAAGTGTTGACATGAAATGCAGCAGAACGAAGCTCGTCTCAGCCTGAAATGGTTCAAAGTGTTCAAAGCAGAGCGTTAATCGACCTGGCTCTACAGAACCACCTCCAGCCTGGATTGGATGCGTATAGTAGTTGCTGTGTACACTTGTACGGAGAGCAGATCAGTGGGCTCTGAATCCGTCTTGTATCTGGAAAAGGTAATTAAGCCACTCGTTCTCTTTTTTGCATGATTTTGTTAACACTCGGTATCAAGGCAATAGGTGGGTATTTTAGTACGTCCCAGGCCTGTATTAATGCTGATCCTAGGAATGACGCGGTCGTTGAACAGCTTCGTGTCATAGTCACATTTAAAGACGTCTGAGTCCTTGTTGGTTAATTCTTTGGCATACTCCAGCTTTGTCATACAACCCCCCGGTCAGGAAAAGTCCATAAAACTATCCATAGTAGAGAAAGCTTATACGGTATCACGGCTTTACTCTGGGCGCGAAAAGTAATCATATGGCCTACTTCGTAATAGGGTCTCCGTGGTCGCATCCATGACGCGGAATTTGTAAATCAACCATGTTTTGTATATCTCTCTCCCAAAGAACGAACAAACATTGACTAGTATGACTCACGGGTACAGCGTTACCCGTACCTATTGCTAAAGGCAATTCAGTCGCCTCTGCCAACATTGACTCACGCTAGAGTTCCGACTCGCGCACCCAGAGTTCCCGCATCCTTGGCGGTACTTCCAGTAAACGTGCCGAGAAATAATCTAGACGTGAACCTGCTAATCTTGTAGCGAACGGCTCTGCATCCCTTAAAGCAAGACAACTAGCCAAGGCGTGATCTGTTGGAGTGGCACGTATTGAACATGCAACATGCAGCGCAGCCACAACACGGGCGGAGAGTATTTACGGGCGAGGGTTGCCGTTTTAAG,1061,47.6,Arabidopsis thaliana
SEQ_946155,GGGCTTAGTGGTAGCTTCTCTTAACAGCACATCGGTGTCGTATAGTCACCTCCCAATGGCTTACCCTAACCAGACGGTCTAAATGGTTCTGAGTCTCTATCCCTCCTTAATCTCTCCGGCTGCAAGCCCTAGTGGAACTTACTATTCCATACCACTGGCTAACACGTCATACAGGTCATACCACACTCCCACTAGTCAGCGAGTGCGGTTAAATCTCGTATCGTCATATAACGGGAACGTTGTGCAGACACCGACCTGTGATACCCATCCTCCGCACTGGAGCCAACTAACGACGATGCTGGCCAGTCCAGCCGTATGAGTTAGGGGCGCCAACCGCGAGGCTCGGGTATCGCGAGTAGCCTCAATCTGCGATCATTTATACTCCCCTAATCCCCCCACTAAGATCGCTATATCGGTCAGGCATTATAGCATGGGTTCGATCAACTCTTTCTCTCTCCAGTTGACCTGAGTCCATGCGTTGATCCAAGAAGTCCCTCAAAGATGCCAACCGCCCACTCTGATTGGTCTTCATTCCAGCGCATAACCTCATGAACTGCGGCTGGTTTCTTTATCTTTCGTCGTTCGACTCCCCCGCCACGGTTACTAGCGGTAAGACAGCAACACAGGTTCGGCGGGCTGTTGTAGTCAAAAGCGGCCATGAGTTGAGCTTCCCGGGGCGTCAGCGATGAAGTGGATACGGCGTCAGGTTGACCACGTTTGGTGAACCTCCCCTGAAGCGTAACAAGCCACGCGGGTAAAGGCACACCGGTATTGACCCTCCTCCCCTAGTTGATGCAGGTTCCATGACAGGATTCGGCACGTGGGTCGCGCGTAACGGTGTCATCAAGAAATTTCGCCGGTGGCATGAGTACGGGGCGTAAATCGGAATAACACTCACAAGCTAAACTAGCGCATATGCCGTAAGCGTTTGAAGCATTCATTCCTCCGTCATTAGGCCTAACGGCAGCATCCCTCAATGATCGACGCCAATGACCACAAAACCTCACAAAGTTAACAGGCACCGATTCTAAAAACTAGGTCGATGACGACTGTACAGTCATCTTTGGCGCAGCCGATCATGGCGTTCGACGGCTAACGGTGAGATCCGGGAGTACGAACCCTGAATTACCTTACGGCAAAATTGTCAGTTTGCATCGTGTTTCCCGTTGGAAATACAATGGTCGAGACCACTGTAGTGGGTATTCCCCATAAGCCTCCCACTGATAAGGTAATTACGTCAAACGGCGCCAGCAGCACCCGCAGCATCGCCGAGTCTGTAAATCGTGCATCGCGACCTCAATCCTACCTCGCTGAGCATAGTTAGTTCCTCGGGGCTTTTAGGCAGCTTCGCTGGACCAAGATTGAAAAATGTCCGCCAGTACGCCGCCCGGTAGGTAAGTAGAGATTAAATTTAACACAGTTGTACTACTTAAATCAAACACAGGTAAACTGGGGTCGTCATATAAAAGTGCATTACCGGGCATCTCTCCAAAATCGCTATAAGTGTCCCGAACGTAGACACTGAGGGTGAATGACATCACCTCTGTTAATTATCCACGTTAGATATTTGCACATTAAGGAGGCGCAACAAGACAGAGCCCCCGTGATATCTACGCAACGCTCGGGTCCAAGCATAGTCCATCATGC,1647,51.0,Homo sapiens
SEQ_235804,TACCGGTAGTTAGACGACTAGAGATGCTGGTATTATCGTTTGTGTGGCCATCCTGTGCATACGAGGACCTTAGGACACACTGGACGATGGTCGCAGAACGCCAGTTGTATTCGCCTCCGAATTCCGCTCTTTTCGTAACTTGGCCTAGCGTAGTTTATCTGCAAATGCTCAACCGGGATCGAAAGTAGCCTGGAACGATACTGGAAGTTTGGCGCAAACTCTGGTACGATTTGTGGAGGTAAACGCGACACTCACATCCCCGGGTTATTGTCGACGGGTTATCACGAATAAGGTGGCGTTCAATACGAGCCGATTAAACCAGCTACTAAGTCAATACCATGGTCCTCGCATACTAAACTGCAGTGGCCTTGGCAAAAGAGAGTCATATGGTACTAATGCGGTGATAAAGATCGAGGTCAAGCGAAAAGTGGAATTTTTACACTGTTCGCGCATGCACATGTGGGGGGAATTTGAGGAGCAATGACGGATCGAGCGGGCAAGAAGGATTGCGTTCAACTCGTTAGACTATAATTTACCGCACATTCGCAGAAGGTCGATCAGCCCTGAGTATTGCAGGACTCTCGCGAGGGGCGTATGAATGTAAATATGCGGCATGCAGAATTGAGTGTGAGCTGCTCCCAGGGGAAGTAATGTTACGCACTCTCAACCAGTATTGATTTTCTTAATGGTCACCTCAGTATCTGTCTTTGAAAGTGCCCCATGCCTCGAAACCAAAGATGTGACCCGCTTTTATACAACGACGAGGTGACAAGCGCGTAGGAGTTGGCAGAGCTCCAATTTTCTACAGCATGCACTACCCAGCGAGATGTACAGGCTTCGGAAACCTCCAAGCTAACCCCTTTGTAGTCAGATAAGAGGGCATGGAAAAGTTAGTAGTGACTCAGCTTCAGCC,913,48.41,Homo sapiens
SEQ_959406,AGGGTGACGCATCCAACACAGCGTATTAGCCCCTCTGAGAGACGACTGACCTTCAGAATTCGGATTGACTACTGGACTCCCCGGAACGCTACAGAAAGCGGGCAATCGTTACTAGGCAATATCTCGTGGCGCTTATGCGTAAGCTGGTGCTCGGCCGAGATCCAAGCGGGATGCTCTACCATGCACGGCCGCAACATGTTGCCGCCAATTTCTACCCCACGCGTGGAGTGTATAAGACATGGTCCTCAGTGTCCTCGTATCCAACGAATGATGAGCCGTCATCGCCGAATTCGATTTAACTCCGGCCTGGAGGGACGGTGTTGAGCAGCTCGTGCTTGGAACTCTGCATTCCGCCTTCAACCCATATCGCGCCAACAGAGAGCCGTTATTGAATCTGATGTAGACCGCTCCGCGCTACTTGCTTCTACGGCGTCTTGGCAAATGGATGCGTGCTCTTCGTCTGTTTCTCGTAAAGTAATTACTGGCTGACGAGAGCCGGTCAACGTCCGCATGCTTCAGCAAAATGACATTCCATTCCCTTCGTTTATTGCTCCTCCTGAGGTTCACCGTCTGTATTGTCTCAGAGGACCGTGCTTAACTGTACGAGGCGTGAGGACTTGGAGTGCTTGCAGGCATCATTTAACAGAACCACTACGAATTTCCCCACAATAAGCACTAATAACTAATCTAGCTGTCACTCTCATACCAACACGAAGCGCGGTCCAGATCGCCGCAAAACTAATGTTGCAATTCACGAGGTTCTGAATGGTTCGGGAAACATTTTGTGGAGGATACAGAGCAGATGCTAATCAACCAGTTTACCAAGGGGACAGCAAGTTGTGCTTCATGTGCATTCTGAAAGTATACAGTATCGACGAGTCTTTAATTGGCGTACGTGGTAGTCCCGCGCCAAGTGTGCAATTATCAAGAGTAGAACGTTACAAAGGCGTCCCAGCCCAGGGCCGCATCTTTGAAACGTAGCTAAGAAGACCACGTGCCCATCCCTTCTTGAACGACACTGGTTCTATTAAGCGTTCTGTTATCTCTAGAAAGCGAGAGACTACCACTTATCAAGCGTCCCGGGGTCAAAAGCCCCTTGGTTAATAGTTTCTGTACGGACGTAAGCCAGAGTGCTTTCCGTACCGCCTCTGCTGAATCATGATCGCCCTACTGGTATGGAAGGGACGGAGAAATTGGATGCTCAGCATATCAAACCCGTCGCCTTCTTTCTTGTCCGGCGGGCGTTGACGCCAAGTTCCCAATCTGCTCAAGCGGAAAAACTGGAAGTGTACTGAATGGCTTGTATGTAGAGAATTGTTCGCTGTGGATTGTTAACGCCAACAGCATCGGGGCTGGTCATACTGCTCAGTGTCCTATCGGAGCAGTCGGGGAATCAGGCAACGTCGTTGCCACAACTTTAGACCTCATTAATGGGCTAACCTCGATGGACCG,1452,50.62,Drosophila melanogaster
SEQ_570574,CAACTTCAGCTAGACTCGCACACTGTGCGTACCACAAAACCAACTCTGTACAGTGCCTCTACTTAATCATGCTCTGCACCCTCTATTTGTACTCAGATGGCTCGTTTGTTGTTTCTATGTAAAATGTGTCTAACCGCCTTAAATCCACGACGCGGTGTCGGA,162,46.3,Homo sapiens
SEQ_357470,ATGATAGACTAATAAAACGAATCCCTTAAACAACAAAGCTAAATGTGCAAACCCTCCTGACGGGCACCGCGATTGAGAACAGGACGTTTCCCGGTCGTTGAACCATGCTCAGCTATTGTCTCAATTACTCGACATGTGGAACGAAGTGCGTTAAGAGATGTGGGCCGCTTTATGAATTGGATACTGATCGGATGACTCATTAACAACGAGTATAGAGTGCTGTCTACCTGCATGTCTCAGCCCAGACCATGCGAGGGTCAGAGACCCGAATCAAAGCCGTAGTCGCATACGTTGTACTCTTATTGGAGGAATCGGGAGAAACGAACCCCCGTATGGATCTGTGAATACCGTGGGACGATTTTGGTCGTGTATTTTGATAAAAATCACCGGTCGGGGGCGTAACCTCTTTCCGCTCCCGGAGATCTTCACCCGTACCGCTGTATTGCGCACAGGGAGGAGTATGCCTCCGCTAGGTGATGTGCGTGGCGTCTCACTATTCTACGTTC,506,49.41,Drosophila melanogaster
SEQ_159505,TAGCCTGTATGCCAAAGGCTTGCCCGGGGAGGATATTGCACCTCTGCCCCCTTAGTTCCTCCGGGAATTTCAGGCCTATATCCTATTCCGCGCGCCGAGAAGATGATTCACGACAACAAGCGATGTACAGTACATAGAACCCACGGCATTCTCAGGCGCTACCGACCAAAAGCCACTAGCTTATGCCGGCGTATAGCTAGACGACGGCACCTCCCCGCAAAAACGGTTGTGGGATGTTCACTGGCCTCTTGCCAGGTGGAACAACCCCGCACTATCGATGGTGAAGCGCGCCTTCATGCTGGGTCGTCTCAAATCGTGTAGTATCTCGTTGACGTAGTTCCCCCAATTCCATGGAATAATAAGGCCAATGAAAACTCCACGTGAACCCGTAATGGATGGCTTGTAGCACGAACTTAGGTAGGCGGTAACGATAACAGAATATGGGGGCCGCGTCTTCCCACCCCTACCTATTTCCCCAGCACGCGGTACCCCGCCCTACCGTCAATCGAACCAACCCACGGATTAAGACATACCCTCCTCCGCGGTATGCTCTTCATCTACGGCTGGAACACCAGTGAATCTGTGTTATTGAACCTTTACATCTGATCACATGTGTCCTCCTGATGCCGTACACTTAAGGACCGAGGCGTGTACTGTGGATATAATTCGACGATTCCTCTCAAAAATGAAAGCGCTACTCGAAAAGTAGTTCGAGCGGCCATAAATTCGTCGACAACGATTACCTTTTGGTCTGGGGGTGTGTGACACGGACAGCTTGCCTTTCCCACATCCTCGAGTACAGTTCAGAAGAGAGG,815,51.9,Escherichia coli
SEQ_175139,GCCCATACCATCCTCCGGACTTAGACCCTCAATCAACGTCCGTCTCTCTTCAGGGTTTTTGGATGGATGACTGAACATTACCTGAACTAAGGGAAATTGAGTGCGTGCGGCGGCTAATAAAGTTTCGTACGACCTACGCCAACAACCGAGTCCGCGAAATCAACTCAGCGACGTGGACGGCAACGTGTAGGAAACTGGTTTTTATGCCTATCGCAGTATCAGATGTTCATTTGGACGGCTCCGCAATGGAACGCAGCATAAATGGCACGAATCTAACACAAGATTAACTGTACATGCAGATTTTGGAGGTGCAGTTCCGCCGTTGGTGTCTTGCAAACAACCACTTCATTCAAAGACCTCGGAGCAGTAGAACGACGGGGACCATCCGTCTACATATGTGCTACAAGAGGTTGCTTGGCGCTTACAAGTATATCGAGGGGTACCACGGCGCACATGTTACCTGGGGATACCGAGCTGTTAGGGCTCTTTGATGCTGGTTATGGACAATATGCCCTTGCGCAACATAGCGCAAGAACTGAAAGATATCTGCGGCCCCAGCTAGGCCGACAAGCACCTTGAAAGGAATCTGTTGAGATGGAATGGACCGGGCGTGACATCATCCACTTCAGGTAGTCAATAAGCATCCAAGGTTCGATCGCCTCGCTGTTTACCACAAGAGGCACGCCCCCTTCATCCCGCGTCGTTGTGGAAATTATTCGCGGTGATTCGTGCTCCGACGTAAAAAGCCACCGCCCCCAGAACCAACGCTCTAGGGTGGGAGTAAAGGTTAAAAACGCTCAGCGATCCGCGGGGAATGTCAGCTTCTGAATTCCGCCTGATCTTAAGATGGGGAGAAACAGCGGATCCGAGTGACTTACACGGTGCAGCTAGTTTTATGACTTATGCCCTGTATTTCAAGGGGATCAGAAGTGATCCTGCGTTTCATGACGTCCGTCGCCAGTGGTCCCCCGGATTATGGGTGGGGCGGAGTACTTGGGCCGCCCGGGCTAAGGATCATTCAAGCTCCTGTAATGTAGATCTGTATAACAGACTATAACTGCTCTATGCTGCTCTGCTAGTTTTTGAACTTTAGGAACCTTAAGTAGTTCTATATCTCCGCTTGCAATCGAGGCCTTCCAACTTCAATCGGCTGCAGGCCCTGCTCTTGAGTATATACACGGCTTAATCATGAGTAAGTCTCTGTAAATCTACTGTGCTTCGTGCGTCCCAGAGAGGGTCAAATGCGGCTACCATCACTGGGCGTTTGATGTGATAATGCCGGTACGGACCCTTAGCTTACTAATTAAACGCAGTCCCACTCACGCCTCCGGCATTAGTACCTCGTTCATGCGAAGTCATGGTATCGTCTGCTTTTGACTGCTACTCGTTGGATGCATCCGTATACGGGAGCGCCAGCCCATATTCTTATAACGCTCCTGAACTTTCTGACGTGGTGTACTACAGCTCGGACGTCTGCATACTCAAATTAGGCAAGAATCAAGAGCGCCTGCCCGTATAAAAAGATATAATCACCGTATTGCTTATTCCCGAAAGTTGAAAATGCAGGCAGCGTATAT,1577,49.71,Saccharomyces cerevisiae
SEQ_847266,GAACACTCGGGTACCGGATATAATCCAGTTGCTCCACATAACCCTTCTCCATAAAGGGATAGAGTTACCTGCATGGATCCAGTTGGCACAGTGCTAGCGCTGTGAACCCAAATCGGTATACGCGTCCTGTCACGAATTGCACCGCAGAGGATTCCACCGACGAAACCTAGGTACCTGTGTCAAATTGTTACTATTAAAAGTAGGGCCAGACCAGCAGAATGATCGCCATCCCTGCGTGATTCAATGATGGCTCGACTGTTCAGAAGGATCAACGATTTACTGTAAAGTATTCTTTTATAACCACCCCAAGAGCTCCTTAACCAATGTTACCAACAAGACGTGCTCACGCTGTAATGGATTCACCGCTTTTACAGGTATTTGCCATTGAGGTAAGTAGATTCAGTCCCCTCACCTCGGCACAACATGCTAAACTTACTAGGAAGCGTTTATGTCGACATCGATGAACTTACAAGATTAACGGACCTGAGATATAAGGTCGGGACGAGCGGAATTTGAGGTTACTTTGCACAGCCGCGAGCCGCTACAAGCCCGAGCGGGGTAGATCCAACGCTGCCTCTGATGCCCGTCATCAGGATAGTGTAGTTACAAAAGTGGATCGTCCTTGGAAGACTTACCAGAGAAGGAGAGAGCATTTTGAGTTACGCAAAAAAAACGGTGGTAATTCCCGGGCGTGCAACGGTGCTTTTGTCGGGTCAAGGAAGTTTATCATGCCCTTATCTGTCCTTTAACCTGTGGAGTGTAAAATGCCCCGGCATGGCCCTCTCGAAAGCACGTTTTCACCGCTGCTTGTCTGAACCCGTGCTATTACGAGACCAAAAACCGTTTAATGTAGGACATCGAAGCCTGGCACAAATCGGAAATAAGCGCAGGGCAAGCAGTGTCAGTGGCTGTGCCCTGTGGCCCGAAAGAATTTCTTTTCTCCGACGTAAGGCCGACATGAAAGGCGTTACGTCGAAACTAATTCAGAGGACGTGGCGCCACGGAACAAACCTACTTGTACAACTTGTTTACAGCTCGGGGGCTGTCTCTGTCCGTGCGTGAAATGGCGCTTAGTTAAATTGGCTTTTGTGTTGTCTTCAATTTCCTATAAATAGCATACTTTTTGCCCTTGAGAACGCGGAATTCTTGGAGGGGCGACTGCTGCCTACTCACCCCACGTAGGCCAGCGAGGTTCCATTGAAGGAGCCCGCAGTGTCCTCGTACGACCAAAACAAAGCATCTTCGGTACAACTACACAGGCTTGTCCTTTGTGGTCGACCTATGCGCACATTGTGGACACTCATAGACTCAGGCATCATGACATCCGTAAGCTAATCCCCATAGCCTGGCTTTATAAGTGATATCGCGTTATATGATTGGACCAAGCAGACGTGCGGATCTATCCTATCCGGATTATGGTAGTTATAAACGTCCTCTCCGCACAAGGTATCCCCAATGTGGA,1462,48.56,Escherichia coli
SEQ_260772,CCCCCAACCACGGAAGAGTCCTAACGAAGGGTCCCACACTCCTAGTCCAGTAATGGACTTGTCTATGTTTCTCAGCCTGAAGATGTCGTCCCCATGGGCCAGAAGAAGGCGTCACCACAGACCAGGCCAAGGGGCCCGTTAGGTAAATTGATCCTCGGCCGACCTTCTAAGGTGATCACTAAAGCTCCCCACTCAAAAAAGAAGAACGTGTAAAACGCCGGCCATATAATAGTAGTACCCCACCGAGGGAATAAAACAAACAATAAGATACACTAGTTCGTCAGTGCAGTGCGATTACGCAATCTGGTACCCAGTGAGCTTGTAGTTAGCATCGATTAGGGGCATTGGCTTGATGGCTGGACCTTGCTCGGTTCCCTCAGGTCCTACCAACAGGGAGCCGCGACGCCGAGCTGTCATAAACAAGACATTGACCACGACACTAGATTAGCAGGGTTCACGCTGACTTGTGACTCGACGTGGGGATTCTGTGACAGATAACTTCTCATGCGGTCCCTTTCGTGCCTACGCTACTGTGCCATTGGGCACCCTAGAGAATTCCTATCACACCGAGCTATGTTCGTCAGTGAGCAATCGACGCTGATACCACTCGGCTACATCGCCACTTTATCGTCCAGGCTGGGACTCGCCCGAGACGGCCCTTTGACTGCCCTAGAGAATGACCGCGAACTAAAAACGCGGCTACTCGAACTGGTCCGTTTGAATAGTGTTCATGGAACTTCAGGCCGTGGTGACGTTGAACCACGGGATAATTACGCTGAGCGATCAACAGAAAACCCAACAATAAGTCCAACTCTTCGTCTAATTTTCCACTCAGCTGCATAGATCACGACATGCAATAAGCAGCAAACGATTTCGCGAGTTATTAATGGCTACTACTAGAGCGCTAACCGGCGCTGAGTTGGGATTTAGGACCTGCCTATGTGATGGTGAATCGATAATTAATTACGACGTTTTCCAATGGAGAGAGTGTTCGTGACATTATCGTTACGAGGCGACAACCCAACAAATGCTTACAGAATTGTCTCTAGCCTTAATGCTACCATGATCTCTTAGAAGGCATCGATGGGACAGTTAGTTGGTGCGCAACAGAAAGAATTATTAGTTCGCAGCCTTACTAAGTGCTTTCTTAAGTCTCTGATTACACTTTGCCTATTCACACATCCATTTCGGTCTGGCAAACTCCCCGAGGCGCGACCGTCGGAGCGTGTTACGCCGCAGTCTAATTCAGATATATCTACCTTTAATACGCTCTCACGTGTAACGACGGTATCTGGTGATATTATACGCTTTGAATATTCATCCTTGGTTAGGTGCCAACGTCGATGGCACGTCTCAGCGACTTGGGCGTCCCCGTACGGTGTACGATCTAGCGAGAGACCTATATTCAACCGGGTTCACTCTTAAAAAGACAGACCATATTATCGAGTCGGTGGTAAGTAACCATAAACCTCCGTTTCACCCGGATATCAGTCTTGGAAGCATCGGATCATTTTAGAGGTACTATACTTAAAACGGAAATGGGCGTGTGTCCTATGTCTACGCAGGTTCTGTTGAGAGTGTTATGGTCTCCACTGCATGGATACACCTAATTTCGGTACATCTGTACACGCGCCTATTACATGAAGGAGCGAGGCTATATAACGTGCCTACGTCCTCAGTCCCCTGTGACTCTATTGAAAAATTATACCGTTACTCTAACCACGACTAG,1729,48.29,Mus musculus
SEQ_765056,TCCTACACAACGGTATATACTTCCTTGATGTGTTGATCGTGCTATAGTATCGCCGGACGCTATCTTCTGGCTCTAACGCCCAGATCCTAGGAGGTCATACGCGCATAACATACCGGTCGGGTTTATGTGGTAGCCGAGTTAAACAAGACGTCGTTATATGGTACTGAGCTATACCACGGAGACTTTGTTAGTCACACTGCACCACGTCAGTGCCCCCTCTGCGGAAAAGAAATCCGTATTTATAGTGCACCATCCCCGAGGCCTACGGAGTTGTTGATATCAAGGGTCTATTACACCGATGCGGGACGCTAGCATTCACACTTCACTTGCGTCTGCATCATCCAGATGGAGCTCATTCACTGAGATTCCAAAGAGTAAGGAGCCCCGGTTGCCGGGGACTTCATTGGGCCTCATCATCTGTATTGCTGCCCAAATAGGTGGGATTACGCGGGAGTCGCACTCTAAGCGTGTATTCGCGCCGGCCCGCTTCAGGTACTCAATGTATGACCCCATCTCCCTAACGCAGGAGAGCTAACGCCTGCTGCAGATCAACTGATCAATTATGCGCGAAGCCACTTGAGCCTGTCAGTACCGTCCTGTCGGGCGGATAGGACTGAGGCTCTATCGAGAAAGAGACGACCTTAAGGACAAGGCACCACCCCTTTTTCTACTTACAGCCCACCCCTGTTAGAGACACCGCCGTGTTACTATGTGTGAGTGCGCGGTCAGTATCCGGCTGTCGCCCTTGCTTTCTATTAACCTCTCTATACAATTTACGATGCTGCGGAATTTTAAGGTCACAAGAGTACCGGTAATAACACATTAGGGGATCAAAGCTCGCTGGAGATGAGGCGTGAACCGGGATTCCGAACATTATGGCATGAGGTGCATGGAGACGTGAGGCACGCCTGATTAACGTAGTTACGGAAGTTATCACGGCATTACACATGACCAAATAGTTGTATCGAAACAAGAATCCCGGAAGCGACTTAATGCCCTCACGACAACCCGTACCAAGAGGAAACCTTAGATTGGCACGACTCTTCTCGGGTTTTGGACCGCATTTGAGCAAGTAAGCGGGTTATATTATGTCACAGAGATTCATACTGCGTCAGACTACCAACCACTCCCCATAATGGTAAAGGTGCCCGTAACATCGGATTTGTGAGTGGGATGCGTGAACCGAAAACATCATTGCCTGCAGGATGGAATTCGACGGCGTGCGTCGCGCACGGTTCTTGGGGGCTATAACAGCCCTCCAATGGCCATTCCAAGGACTGGTCCGCCAACTGCTTGTCGCCCCTGGACCGAAATATGGTCAAAGGATTAACCGACATGAACGCCGTATGGGATGAGTACCAATTTAGACCGACAGCCTATTTAAAAACATCAGGCGAATGCAAGGGTCAACGCCGTGCCGACGTTAGAAGTCTT,1434,50.56,Drosophila melanogaster
SEQ_531422,CGAAACCGGTTCGGAGCAGTATGACCGAACGCTCGGGTCTTACAGAACGTACGAAAATCTATAGTTGTCCGTTCCATTTCATAGTAACCGTGGTGGCTACAAAAGTGAGCGTTGCGTGAACCTCATGATGAGATTATACACTTAATACGTGGATTCGCTCCACTGGGTGGTTTATGACTACATCAATACCGTGGCCATCGTGCCAACCAGTTTCGATCTCATGTTGGTTACGGTGGAATACTATGTCATACTTAGGGGCTGGCTAGTACGAATAGCGTAAATTTTAGAGCCTTAAGCGCGCTTGTCTGGTACGAAAGAACGTCCTTCAGGGGACATTCAATAGCTCAGATGTTTCGCGGGCCGGTAGTTAAGGCATTAAGTAAAAATAAAGTCGATCGAAACCGGAACCGCAGAATTAAGTACCAAGCTTTCGTCTAGATTGTCCCCAACGGTGCCACAGCCCTCAGCAGTATATTGTGGGATGCATACCCCGCGCATCGTCCGTTCGTTGGATTTTGCTGAGCAAAGTTTAAAGTCTATATCGCAAGGCCAGAAGCATGGATATTAAGTGAACGGTCGATATCCACCCACTGGTACTTTTACAATTACTATAGCCTTTGGCGGGCTTATTGCGTTGATGGGTGCAAATGAAATGCGAAAATACTACCGAGCATGCCCAGTCGTATCACCCACGGTAGTGTCATTCCGCGCCTGAAAAGGGAAATTAAGCTTCACGCCATCCTTCCGAGCTCCTAATCAGGTGGTTCGATAGGCTCCCGGACCCTTCAGTTTAGCGCAAGATTAACGGGACTGATGCGTTCGAAGACATCACGGATTAGTACCTCCTGGGCTATTCGCACAAACAATTTCCGCTTATACAGGAACTGCCTCCTAGTATATTGCCCCTGGTGAGTCATCGTGTCTTCTAAGGACTGATCTAATAATTGAGGGCAGCGCAGCGATGTGCTTGATTCTAAATGTCCAGGTAGCCTAGCTCAAAACTACATTCCCGCACAGGGGGCGCCCTTGCCTCAAGAGGTTACATATAGGCACGGGAGCAAGCAATACTATTGACAATTAGCAAACGTTAATCGGATGGCTTCGACCATGATTTTAGTAGCCCTAAATCACACACATGCGTCCTGCATTTCGAGGTTAGCATGCTTATTGTACGCATGCCAGGGTTTTGGGACCACGACAGCTATGTGAGTTTGCTACCCGGAGAGGTCGCGAATGGTAACGTGATATCTT,1251,47.56,Homo sapiens
SEQ_999076,TGGTCATGTAAACTAAACATCAGCTAGCCTAGTCAAAGATATTGTTAGTATTCAAGTTTTGGGTTACCAAGCCGACGCGGGGCTTCTTGAGGAAAGAGGACTGCTTTCGACTGCCTTTATAACCGTACCGAGGTAGCTGTAATAGAGCAGCGGGATGCGATGTACTACGTCAAATAAAACAGGGGGTTCGTGCGTTCACAAGAGAGGGAAATGTCGCATTAAACATGAGAGTCTAGCCCCATTGGTAATTTCCCAAACTGTCACCACTAGCGAGCATGCGAGAGAATCGGCTCAAGTCTTGTGGCTGGAGACTTCACTTATAGCGGCAGGTCGCAGTGCCTTCGCATTGTGGGCCTGAGTGCGGTGTCTAATCCACCTTATGATACTTAGTGCCCTGCTGTTCTCTTGTACATGACTGCAACCTCCATCTTCCAAATCTAACCAGGAATCTCTTGCAACCTCCTCAAATTAACAAATGCGCACATCGGTGTCCCTACAGGAATGGACTGTTCCATTAACTACGAATAATGACTGCACCTAAGACCTAGTCCCGGATAGGTTAGTTAGCGCGACCTGCTATTGTGGACCTCGCGTCGTGTTACCTTTTACAATATGATACTGAATGCAAATTGTGCAGGCATGAGTCGGT,649,47.15,Saccharomyces cerevisiae
SEQ_874928,TCCTAAAAGACGGTCCGGCATTTTGCTCCTGGCTCTTGGAGCTTTACGAGAGACTTATTTTCAAGATAGGGATAATCAAAGTCTGCGTCGGAACGGTCAAGACGTGGACTCGGGGCAGGGAGTGATAGGATGACAAATCTAATGGGCCGTGTTCGCAGAAACGAACAACGTGTAGCCTACCTTAGTCGATTCAGTCAAATCTTTGAGGGAGGTCGGTCCTTCCATAAAAATGGTAGTAAGAGATAATCTGCGAGGTACGAAGAGTTTCACCTTAGCATCGCGTTGATCCGCGAAGTCGAAGAAGCCGATACTGCGGGAATTGGGCCCAACGACTTGTAACCTTTCAAGATCGACGGTCGCCGCAGTGTGAGGCAGTCCACTAACGGGTTAACCTACGGAACGCTGCAGTTACATCATGCGCGTGTTGCTCACCCTCAGGCATTATGGCACGCGAACATAAAACCCGACTTCCGGCCGAGTCGGCCATTGTCAAGATTGTACATTCAGAGGATGGAACCGACCCAGTTTCGCGAAAGCATAACAATAACTCCACCAAAAGCCGTATTCGTGTCGCCAGTCAATAAAGCCCTCGTAGCAAAAATAATCGGGAAGGCCCAACCCGGGGATCTTTCTTCGTTTGTCGAGTACGACCCCGCCGCAGGGGAACGAACTACTAGTATGTCTCACGTAGTGGGACTCCGCTGACTGCTTACGGGGTACACCGGGTTAGCATAAACGTAGGGTCGTTAACGGCCGACCTTTAGAGAGAGCTACTCGAGTTAGCGAAATGGGTTCTGCGTTCCCGGACAACAATAGCCCTGTGTTAGCAATCACCATACATTTCGTAAGTACGCAGACCACTACTTCATATTACCTAGGTGATAGAGCTTCCGTTAAGATGAGGCAGATCCAGGACGTGTCTGAGGCTAAGATACGGACGGTTCGATTCATTTTGACAACACTTCGGACGGATCCTATGCTATCGTGTTTTCTGTTGTTTAAAGTCATCATTCCAGTAATGTCTGAATACTTGGGAGATGTGAAGTTTGACGGATAGGCAAGTCGAACTTTTCGGACTCAAACCGTAACGTGCCTATTGCAAGGCTCTTTAAGGGAAAACCATCAAGGTCGGGGAGTAGTGCCTCTCGCGCAACACACCCACGAAGAGAGCCAATAATCTTATCACGGCGCGAATAGAGAATGCAGAGAACGGTAGTAAAAAACTTCTACGGATCACGGTGGTTCTGGCTCGCAAAGACAACAAAGTCTTGCTATGCTTGAGACCGTCTTACGCGTCAAGTCTTGATTTCGTATCGTAAGCTCTTAGACGAAATAGCGCAAAGCCGATTGATGATAAGCGCGGTCACTCCACACGACTTCCCGTGGCTACGTCACGTCGGAGCAATCCGACTTCGCTTCGTAATGGTTACGACGCGTGCGGCATTTTAAAAAAGAGCTGCTTCATCAAAGAGAATCGGGTTGACGGAGACTTACCTAAAGACGCTGAGGGCTTGGCCTAGGTAATATTGGTTGACTGCGAGATTTAGATCACCAGGCGTTTGAAACATCACGAGACCGCCGAAATTACGAAGCAAAATAGAGCGCACATCGAGACCGCCTATCGTCTCAAGTTGGTAGTCGAGATATGGAGAAGTCTGAAAAAATCTGGGTGTGCGG,1677,49.02,Arabidopsis thaliana
SEQ_214661,TCGAGATATCCGGGCATACAAAGTCGGTTCATCATAGATTCGAGACCGGTCGGTTCCGTCCGTAATCACGGCCAATACTCTTCTAGTCATGACCAGTGCTTATTTACGACGGCCTCAGGCTGCAAGGGTTTTAACGCTGCGGACCACGATCCAAGGGAATGGTACGTGCCGCTTGTAAGACCTGAGACCATAATTCCTTCTGCGTGCGGGCAATCTATCTGGCGGTCTCCAGGTTCCTTAACTAGCTGAGCGGCAGAGACGGAGGGGATAATCGACATGCCCCACACAGCTCCCCCGCAAGTCCAGCAAGGTGAGACTACCCATAAAGTCCGCTTCTATACCAACACTTGAGAAGCAGAGAGACTAGGCGCTCTATAAACGCCAGCCGCGCGTGGACTACACTGTCGCCTCATATACACGGCGTACAGATGACGCCATGAGTTTTAATTCCCTTAAAACTACTCACAGAAGCTACTAAGGTCTACTACGCGAGAGTACCCAGTAATCGTATGACGCTTCGCTTAACTGATCCAGTCCAATAACGCAATCTCGGAGCGCTTTCATAAGGGTTGTGATCTCTGATCTAAGAATTGTCTGATGATTCTTTGCGGGCCCGCCCATAGATAAACGATCAGAGAACACTAACGCACCTAACCAGGAAGCCGGCAGCAGCTGTCAATTTTGAGGCAGGCGAGTTTAACTTCCGGATAGCGTCTTGGCTTCTATATATAATTTTAGATGCAGCGGACCTATCAGGAATCGAGTGAAAGTGCTGATTGTGACCCCTCGTACGATTGTGATTCGAATGCACTTGCTACGATCACCGAGAAGTCGGCAAGTGCCATTACGTTTCCCCTTTACCGGCTTGTTTTAATGTCTGAACAAATACCCATAAACCGCCTAAGGGCCAGGACTGGATCTAGATGCCGCTTTCGAATAGCAGGGACCCGAAGCACATTGCGTGCCAATTCCTATTCTGATTTTATTATGAAATTCCCCGGTGTGGGGCCACCAGTGATGTTTGCACCGGAAGTCGAGCACTGGAGTGATCGGCTCAGGAGGATCGGTAGTGCAAGCGCTC,1081,50.23,Homo sapiens
SEQ_537382,ATTAGGTCACCTGGACTAGTCTAGACCTCATGCGACGCTCGCCAGAGCGACTCGGTCCCTCAAGTTACGCAGAAGAACAGCAACAGACTAGACGGATAAGGCAGACAGTAACATGCGATATTTTTCATTAACGCTCTGGTAATCTAGCACGCTCTGAGGGGAAACCCCTTATGTCCGTTCTTGGTGACTGTTTGAGAATAGGCTATCGCTATATACCCGAGAGGGTAATAAAAAGCAGTATCTTGACATTTTAATTGGCGTATAATCCGGGGCGGTGGTACGGTCCTAATAGACCGTGTTTTTATGGCACAAAAATTCTTAGCTTCCGTACGGACTTGGCGCTCTCTTTGGTGTTGGTAGGGTCTACTGCTGAGCACGAATATGCGGTAGGCCGTTAAGATCCGAGGTGCCAGACTCCCCGTCAGGCGGGCGACTAGCTACTCGATCTCTTGTCCCTTAGCAACGAGGCAGATCGGTACGTCAGATTGCGCCTTAGCTTCGCGACCGTCCCAAGTGCCTGGCTCGGGAGCGCACTGTCGGATTAGTGAAATTAGATTTGAGGAACCGTGATCTCGGAGGGTCTGATCAAACGGATGAGTAGAGTGGCAAATTGATGTCGAAGCTTCCTAAATGGCGCGCTAATACGTCTCACCCAGTTACCTGCAAAGGATTAATCGCGAAAACCACCGGGGCAACTTGCCCCGCCTCTGTTTGGTACATCTCGATCTCTGGTATAAGTGAGTCGATGTATACTTATCAACCGTTGTCAACTTTCCGAAATGACTAGAACCACTGGACCGATACTACATGCCCATACAGTGTCCCTGGACCTGAAGCATTTGGCCTCTCTGTAGGCTACGGTCACGGACGCAGTACAAGACCCAGAGTTGAGCATTTATTTCGGTGTACGTAGCGTAGCCATAGGCTGCTCTGAGAATAGGGCACGCGGTCCTTCACCCTCGTGCTCAATGCAACGAGAAGTTGGAATAGATAATAGGACGGACAATCACGTTCCGTTGCGATTGGTAGTAAAACGATAAGTGACCGTCAATATTCAGCGTTGATTGGAGATAGACGTTTGTCAGTGTGCTACGGTCAACCCCGGAGTATAGAGCATGCACAGCGCCCATGGCGCCGCTTCGGTAGTCAGATCACCTGCAAACAGCTTGTGACCCTTGCGGACGTTGAGGTGGATACGGTGAAGTTCAGGGAGGTGTGTCTTGCTCTTGACAAGCGGGCGACCGGATTTGCAGCTGAGATAGTGATGTCACGAAATTTAGCATTTGAATAGCGTATTTACACTTCCGCATCAACCCTAAGTATCCTGGCAGAAAGGGGGTGCTCAAGGTTCACACTTCCCGACTGCCAGTATTCGACGCGCCCATTCATGTTATTCTAGTCTCGGTCTCCATGATTAATGTGCTGGGTACCTTGGTGCGACCCATCAGTTCCACCATGCTACTACAAAATCTATTTTACCTCTGTTATTAGACATCCGTTTGGGGCGAAGGTAGTTCCATCTGCATATGCTAATAGAACGACGGTGGTTCTTGACTCGGAGGCGACGGCGGGTGAAACGGTGGCGGGCCAGATGTGTTAAACCAAGGAGTGACACTAGGGATTTTGCCGTCCCTATCCAGGTAAGGAGTAGAATTCCAGGCAGGTTGTCAGGACCCTTCGGAGTAATTTGAGAGGTGCCCAGTCGCGCTGTAAACGTATCCATACCGTCGCTCTATCTCACGGGGTTGCTTGTGGTGTCCCGATCGTTCAACCGCCCTTGAGGCCCGACTCCAGTGTCTGCTCCCTCGCTTAATAGTAACAGAATCTACGGGGAGCGGAAGGACGCCGTCACACAACTAGCTGACGATTGCGAATCAGACGTGACCCCAAGACTTAATTCCTAAGTCTTTACGTTTCTCGGCGTACATTGGGATGTACT,1939,50.54,Drosophila melanogaster
SEQ_637809,ACCGCAATAAAGCGGAGCGGCATAAGCGAAGAGGCCCTCTAATACTAGAGGGAGGCCTCGATACAGGTCCAACTTCCGGCGCCTTGATAACAGTTGGGAGAGCCGCAGTTATTTATAGGAATAGCTGCGCCCCCCATCCGTATAGAACACCCCCGCATTTCTAGTGTACAGGTTTATTGCAACCAATTCACGTCCGGGCCTCCGCAAAGTATGCTGGCCGGTGTCCCTATACGTTCTCTAATACGTATTTAGCGTTTCTGAATTTCTCTGTTTGGGTTTGTCAGTACCCGGAGTGCGACGTGCAACGTGCGTATAATGCCTGGTGTATGGCTGTGTGAGCGTTTTTAGCTATAGTCGATCCTGTCGTGTACGCGGGTTGCGGTCGTGGACTAGTACGGAACAGACGAAAGCCCTGTAGGGGCTCCGACCTCAGGTATTTACCTTCGTGTCTTAATTCTCGAATCGTACGTATCAATCGCTCCAGTGGGGCGTGTCCTATATTGCGAACATTCTATTCCCAGGCTCTGAGCCCAGGTCCAGAAATGTCCGCCAAGCCGACTAACCTTAGCAACCCCTCATATCGGAGGCAGGCCTTCCAGGCCTGTCAAGTCCCCTTCATAGAATCCTAGAATACGACTCTCGACAAACCTCATTTTTAACCATATCGATCTACAGACAATCTAGCGCTATCGGAAGCCTGGCTGAATCGTTAATGCCCTTATCACAATGGCCTTGGCGGTCCTCTCAGGTGAGCCATACAGGTTTACTGCTCCTCAACAATTCCTAGGGGCGTACACTCTCTAGTGCGTTATCTGATGAGAGGTACCACAATAATCGGAATTCGCCGCTTGGACTGAGGGAAACAATGTCAGGCCTTGATTGGTGTACCAGAACCTGGGCAGGGATGGAAGTGCGTCACTTTCAAATCTGTGCACATAGCGGTCGAGTCGTGAGTTCTTCGTCCGTAACCTCATCGTAGTGCCAGTTCGATTTTTGCTTGAGAAGGTTTATTGGTTAGCTCTACTTAAGCGTCTCGGTTGTGCGATCGATACTATCAGGCAACATCTGTGAGCACATCCACACAGGGATACAATAAACCGCGGGGGCGATCGCAAGCGCTCTTGCCCTTTATGAGATGGATGATGATACGTTTCAAAGAATGTAAGGGGACCAAGCCATTGCTATCACCAAATACCCTTATTTCCTGTACGAGACAGCTTTGAGGAGATCGATGCACTAGTATACGTCACATTCAAATAGAGTATCTGTGGGCGTCTTATGCACAGCGTCCGTTCCCGGTGGTGACCCGAGGCTACACGCACTCTCATTCCTGCCACCTAATCTTATAAGTATCCTGGCCTAGGTGTACGACTCGGCAGCATCTACAGGTGGCCTGTTCGCAGGCGAATCGTGTCAGATATTAAAAGGTGAGAACCCAAACACACGCTAAATTCACTCCATTGTCTCAAGATAGAACGCAATGGGTAGATGGCAACGGGTTAACTCCTCCGCGATTTCTCCAATGGATCAGGGTTTTGTGTAAAGTTATCGCTCGGGAGGGATAAGCTAAGGGAAATTTAGACTCATTAGTGGTCGCAACGTGCCCACGCCTCCTTAGCGGGACGTGATCTTCTCCGATGCCGGACCTCACTGTATTGTAACCGGCTAGCTGTTTACTGTGCGTAACAAAACCGCCAGATACGAGTATTCGATATACTTTCTATCACTCCGTAGCTTCATTTGATATCCTCAGTGCACGGCACTGATCCCCATCTGACAGGGGGTTCTAGGGTGGGTAAGATCTAGTCTCAGCAATGAATGCTCACCACACTCCCACCCACCTATGAAAAAAGCTTTGGATCGCCATGGGAAGTTTCTAAGATCACCGGCGGAAGTTTCGCCAAGATAGTAATTCTAAGAAGAGTCAACACAACACATTGTCATGG,1946,49.38,Mus musculus
SEQ_862440,CCCTTGTCAACTACACGTGGCCTGAGGGCGCAGGGGGCAATGCACACAGCTTGTTGTTGCTCGTTAAGTTTCAAGTTCCTCTCTTGGACGTGTTCATGCAGGGGGGCAGCAGTCCGCTTAGAAGTGACAATCGTCTAAAGGACCTTGAGGCATCAAAATTCCTGGCCGTTCAGTCGGCATCGCAACGCATCGTCCCTGGATCAGACGGTACCTTCCACCCTGCCCTTCTGGTGAAGCCTGTCTTACCGAACGGGGCTAGGAGGTAACACAGTCCGCTTGGGCCATTCCACCGTCTCTGGACCAGCAGGGGGGCTGCTCAGATTAATAACAATTTCTTTTTGTGCCGACATCATACGACGTGTGGGCAGGTTTCTGATGCGTTCCATTCTGACTATGGGACTCATTAATCGTGACAACTCACACCAATACTAGATGAAAAGTGACAGAATCGTCACCATAAACTAATGACTCCGTTGGGAATGCCTAGTAATTTTTTCATCAAATGCAGGTTTACGACAGGCATCTCGCCGCCTGTCGCGCTACCCTAAAATAGCTAAATATGATGCCGTTTCGTGGGGTAAGAGACCAAACTCCGTGCGTGTGGGGCGATAAAGTGATGGTTATAAATCTCATCCGAGGGATCGTTCTTCTACGGGCCGAGTCGGGCTACAATGATGCTCTTAGACTCTGATTCGGTTTCACCGACACGTGTCAAAGAACCAATAACATGTCAGCCTCATAATGACGTTGCACAAGTGTCGGATGGGATCTCCCATACAACCCTCTTCTCCGGACTATACCTCTCCAACTACGCAAAAGGTGCCCGGTCAAGAAGGGGAAGGGATGCTTAACGGGGTTCGTGGGATCAACCAATCTTGGCGCTAGCGTTCTCTATTAACTTCTAGCTCAGTAGACACGTAGGACAGGTCATGCCTAACATTACAACCAATAAGGATACCCGCTCAACACAATGCTTCCGGACAAGGTGAGGCGGGTAAATGTTACCACGCTCTATACAGTGGTGGACGTCGAGGTTACATTAGGACGGCGAATAGGACGTGGGCGCCATCTGTTGCATTGCTTTTCCGGTCGCTCCGGCGGACAGAAGGGAAGAGGACAGCTGAGAATGTACCGTATTCCACGCAGTGTCTTGTGGCCGGAATGAGTTGTAATGAACAATATTGGCGGATTCCTATCGGGTCATGGGCCTAGGAACGTAAGTCGGACAAGAGGGCAACTTGCGCCTAGCAGATTATGGGGATGCAGACACCCACAGTATTCAGAGAGCAAAGGTCCGTCCATTTCCAATCTCTAAGGCCATACGATCTATACGTTTGACTATCCAGGTTAACGTCCGTAAGACACCCGTTTTCTGGCGGGCACGGACCCATGAGATATGGAAGTGCCCAAACGCGCAACCGTGAGCATATTGTCGGCCCAATTGGTGCATCACCTTTTGCGATCTTGTCGGATGGTTCAAATTCAGAGTGAACAACGTGTAATCGGCAGGACTAAAAGGCGGCGTTCCCCGGTGGCGGATTATAACACAAGCAGCAATACATTTGTCGATACTATTAGCAAGGGAGATCAATAGCCGTCCCATTGAGGTCCGGCGGTTATCT,1622,50.55,Mus musculus
SEQ_444624,AGAAAGGCCGCCCCGGGGATCTTAAACTCAATAGCCCTCGTCCCACCGAATGTGATAATAGCGTCTCGGGGTATCTTTGCTACGTTTTAAGACAAGTTGGGAGATCTCCGCGCAGCTGTATTATCGACGTCACGCCGTGTACTGGTAGATCGACAATCGGTTTTGCACATTAGAGAGCTAATGACGCTTGTAAGCCCTGAAACTAAAGTAGAATTTGGCCACGGACCACGCTCTCTGTAAAGTGAACGGCTATGCGATTCAGCCGTCGCAATCGGACCTTCCCGACAGATCTAGGGGTGTATGGAAGTGAATCTTTGTACTTCCTTTTTTGGCTCACCGATGGAGGCCTAAGGGTGTCAGTTAAGAATGATTGGTCATTCAACATCTTAGCGAGATGTGATCTCACTGATCTAAATAGGTATCATACTTGAAGAAGCTCCTGGGATGACGGTATCGCGCTCTGACCCGCATCAACGTTGAGCGTATGGACAACCACGAGGACTGTTCCCACGAACCCCGTCGTGGATCACGCTTAAGGCTGAGCGGGGGCATCCTCGGCAGTTCGAGTAGTTGGCGAGTAGGGGACGGTCAGTTTATGCTCTATCCCCTGGTATGCCTGTTTGCCCTCTCTGACAAATAGGATCCGAATGAGTACGGACCGGGCCGGTCTACTGGAATAAGTAAAGGACCTTTATGCCGTGGAAGAGCCAAGTTTCAGATTCTTGTCGATAGACTTCGGAGCAATCTTGATTAATGCAAGCTCCTAGCAGCGCACGGATCTCACACCGTTTGCCGAGTATGCGTCAGCACTTCCACAAACCAGCCCCGGCTGCTAATGGGTCACTCTGCGTAGTTTACCATAAGGTTAGTTCACTTGGTCCGTTCGAGTGATTCTCTTTAGGTAGCAACGCTGGAGCAGGTTTGCGTCCAACCGGATGAAAATAACGTGAATCTAGTCGATTATTCGCCAAGATTTAGGCACATGTGTTTTACAGAATTCCTGTTTTCCTTGGCTATAACAGCGCGTTAGCTCCTAACCAGTCTCCCATAAGGGTGACGCATTAAAATTACCGATCGGACACGGGACTACATGCCAAGTTCGTGCAATGAGCTTCTGCCCCGTAATCGAAGCCTTTGGTAAGGTATCGTCCAAGGTTCCGTGTCAGGAGCCATTTTGTGATCTATATCGTAAGTGTCAGTATTCGCCGATGCAACGCAGGGTTGTTATATGGCTCGGTAGACAGTCACTCGAAGTCGACTAGGTGACCAGGCTGGCGACTTAGTCGTAGCAGAATATACCTAGCTATTTGTTCAGGCCGCCTATAGTTGCTACCGCTTCTTAATGGTGGGACTCGTTCCGCCGAGTCGAAACTCGGCGCGCAGTGATATAGGGATCAAAGCGTCTGAGCAAGGTGATGACATTGGGCCCGATTTTTACTGTCGCCACTGAGGACGATGGTTCCCTTCGCTTTTGGCCGTTATAGCGTCCGTGAAGTTAGCCGCGTGGGCACTAAAAGCAAATTTGAAATTCATGGGTTAATATGACTCTACTCCCCTACCCATCCGGTCATCAGAGCGAGAGCAGTAAAGACGACTCCGGTTAAGTAAGTCCCAAGGGCCGGCTCGGGGTCATCATGATAGGCTGAGATACATAGGATGTGCGGCCATTGGAGAGTCTACATGAGACTAGATACGGTCGAGCGGGTCCACGGTCGACATTCATTATAAGTTCCGAGGAGCTGTCGTTCCAAATTAGAGTAGGACACTTTCGCTCCAGTTCATTCTTTGGGTCTCCTCATCGGGTCTACGATCATTGGCTAGCACCACTATGGGCAAATTCTGCTGCAGCGTGATATAAGTGACGCCTCTAGTATACAGCTAGTACCTAGCGAACTGTTCTTATTAGCCATGACGAGACCTAGGCATATTAGCCCCAGGTCGCTAATATACGAGCTACCAGGGGAACTTAAATTGACCCCAGGAGCTAGATCGGCTGCTA,1999,49.77,Mus musculus
SEQ_333686,TAAGTACTCGGAGGACCCTCGCAGCGCATGGATACGTACCATCGGAATTATGGGACTTTCCGTGTGCTTGTTTGAGGTTGAGCATCCCCAAAACGATCTAGTCAGAGGTCCTCCTTCGTAATGGTACGGAGTTGTGTACAAACACTCCCTTAGAACCAACGGTAGGCTAGGATCACTGAGATGACCGCATCTTGCGAGAGTGTTAGAAGGGACGCCGAAATCTTTGTGGAACTTAATTTAATGAGACGCGGCCATTACTGCGCCTTCCACAGACTCAACTTAGCCCTAACAGCACCCCGCGTTCAGGGTTTCATTGATCAGCAATCACCCCTCGGGGGTGACTAAGCAGATCGACGGCGGTGCCCCGGGCAACAGATTCAAACCGAAAACTCCTGAAGTACAATTTTTGTCAGCGCTGT,419,50.84,Arabidopsis thaliana
