sequence_id,sequence,length,gc_content,source_organism
SEQ_840656,ACGCAGCCGTCGCGTGTCAGAGTTTTCGTGCGGCAGGCTCAATGTACCCAGTTGTTGTCGCGCCGTTGGGGGCGTTTTGCACTTCGGACGCGAGCGTCGGACGTCTGCAGACCGAATATATTACGTTTGAATCTTGTGGCCTTTATGTCGGCCCCCGACGTGTTGTTGTTCCTCGACATATGGTCGTGTTATCATGTATGGAGTCCTTACGTAGTTTGAACGCCCCCGCCTTGAGCGCTCAGTGGCTTAGGCAAAGACCGTATCATGCATCTACTTCCCGGTCGCCTCCACGAGAGCGCGTGCTGGTGCATTGGTTGGACGTTCCAGGGATATATTCGGAGCTTTCTTTGGACATATATTTAATTGTAGGAGCTCGAGGTCGAAGCTGACTAGACTTGTGAAGTGGGCGTCATGGGCGGGGGAGGGGCCGAAACGAACGAATCAGCGAGAGGCCAGGTCTGCCAAAATACGCAACTAATCTGGGGACCGAACGTGTCATTAATAGCCAGGTCACGACTATAAGAAAACAAACTATGGCTGGGGTCATGACTTGGCCCGCCTATGCTACGCGTAGCCTCGCGGATCACATGCGCGCGGTTGGAGCCTCTGCTAGCGCGCTATGAATGACCTAGAGGCTTTAGATGGATAGACAACGGACACCCGTCGTATATCTCCCGACAAGAGGTGTTACAATCACGCGAATAGCCGATTGTCCTCCTATAAAGGCCCCAAAGCTAATATGAATCTGTTGTTGCCAATGGCCACTATCACTCATCCCGTCAAGTAGGTCTTAACGCCGTCCTACCCAGTATCTGCCCCATCCCTAACCATCTCTGACGTTGCGGCATGGACCCGGGTAGCGAATCGTTCTCGGCACCTGTTGGACAGCAGG,892,53.7,Mus musculus
SEQ_855656,CTCAAGACATGAGGTACATGTCTGCAGGTGTCCTAAACCCAGATGCTGCACGTCGCCATGGTATAATAGCTGTCTATAGCGCTGGTATGACACAGGTAAGAAAGGACTCGGAAATATGTATCTCCGTCGCTGCGAGAAACTAAGAGCCGGACCTAGGAAATTTCTATCTGACGTAGCGGTATCGCCAAAGGGTGCTGATTTGCCCACAACGAAGTGCCCATCTATGCTCTCCCGAAACCGCAGTCCCCCATATCTTCATTTAACGTCCAGCAGGGCGTAGAATCACACAGGGCGGTCCTGCGACTGCCGATATGGATTTCTGTAGTCTGTAATTCCGCCGCGAAAATCTGACAGTTCGAGGTTCACACGAGGTAGGATCACTATTTATGTCCGGTGCAAACTCTGCATGCCACCAACAGTGTTGTAGAAGGAACCAGGTGGACGCCGATTTACTGCACCGGTGTATGAGTAGATTTTCAAGCTCCACCTAGCCGTACGAACTTGGCCAAGCCTGGAAACGTCTGTGCGTGAGTAGCTATGTAAACTATGCTGACCCCTCTATTCAAGTTGTGTGAGTAGTCTAGATGCACCATTAGAGTTAGCTGGCTAGAACTTCACGTATCATCCGTAACTACTAGTTGTCTTTGCTCTTAATATCAGCCTTCGGCCATTCAACCAATAACAAGGCCGATGTCTGCTGCATACAAATTTTCAGAGAACCTGGATGCAGTGAGACGGTCCAGTCTGATATAAGACGTGCTTCCCCATGCTTCCAGCCAGCTAGTATCGAGCGGTAACATGAGAACTCCTTCTTGGGGGCGTATTAATTTCTGATACTTTAGTCGGTCACCATTACCTAAGCGCAGGTGCCGGAGTATAATTAGAACGTATTAGCTACCTCTGGTCCATCCGATACAGCTCATTGGCTACCCTATTTCTCGCCTCGGTAAGTCGCTCCATAGAGGTCCGAGGCAGGTTCCTCGGTTAAGTGTATACTTGGGTCAGGGACGCGTTCTACCAGCCACCTGTTATCAAAAGCTAAATTGAAGGTTGGGCCGTGGAAGTTCCCTTAGTTAGTCGAGACTCAACCATGATGCCATCTGTCCAAAGTCAATGCCATGAGATTTGGGACCCTGACGCCTGTCGCTAAATGGTATTGGCCCCCCCGCGGGGACGTGGGAAAATTCTAATTTCTAAACTACCATCCTAACTATGATATGCTTCGACGGACCTATACGTGTAGGACAATAGGCCCATCATATAGTTGGAGAAGTGCAACAACGCATGAAAGCTAACACTGAGTATGCTCTGGTCCTAACGATGCAGTATTCGATCA,1336,48.43,Drosophila melanogaster
SEQ_857894,GGACGATGGGGGCGAGGACAGATACAGTGACAGAAGCGCCTTCTTACTCTATGGCAAGCCTATGGTCCTTTTGACAGCCAAATGGGGATTCCCAGCCTGTTCTTATAGAGAGAACTAGGGGCAATACTGCAATCCGATCTCCCGATACAAGATGCATTGGCAACCAGTACCGAAATACAGGCAAGCCGTGAACTAATGCCTATATTGAGAGTGTCCGTGCCCTCGCAGTCCAATTCTAGAGAATATGGAACCATTGTAGATGAAGGCAGACTCGTTTAGTTTCCCCTACACTATTGCATGTCTTCATTGGCTGACACCATGGTTGTCAAGGCTGAGAAAAACATCTAGGCAAGATATTACCGTTAGGTCGACAATCTCGCTAGATGGACGCACGAAACTCCAATATTAAGCTGCGGCGGACGTCTATTGCATCACCGGCCGGATTTAAGTGCTCCTCTAGCGGGTAGTCCGGTTCCTAACTAGAAACGATTATCCAACCCCCCGGAGTACTCTTACCCGGTAGATTATAGGACCTATTAACCCGGGGGTGCTCGCACTGCTGCGGCGCATACCGGCACCGCTCTGCCAGACCGTATAGCTATATGAGGTCCTTTTGCTTTCTTACTTGAGACTGAATTGAACTGGAGGTCGCAGCCTCTCACCTGATTTATGCAGTGATACGCATCCCAGCCAAGGGTGCTCTATTTAAAGTCGAGCAGAGAGAGACCGCTGCGCCGAGTAAAATGACGGGACTCGATGACTGTACTTGGGAAGTGACATGAACCTCGCCAGCCGAAACCTGCTAGGTAAAGCATGTACCGATGAGATTGCCATGTACGAGCCTCGTCACATATCTAATGGATCCCAGTCCGGGGCGTCTGAGTGCAGTTAAATCTCGGGATGGCGGACAAGCGGGGGTTGTAGGGTTACCAGAATTACTTATGACTCAGGGCTCCTTTTGCGTCTGGCGCCAGAAACTTGATCAGATGCCCATTCACATGTAGGGCGTAACAAACAGCACGACAACAATGCCGTTGTACCGACTGTTTCAATTTACCTGTCACGTCATCACATTATTGTCCGCCTCGGCGGCGCCGCTCCGCTACCTTCCTAGTAGTAA,1120,50.54,Caenorhabditis elegans
SEQ_476098,AACAGTTTCTGGGCTAGGGGTTAATCGGCCCAACGATGGGCAATAATATACTCGATCTGTGCGGCTCCAACACTCGCTAACGCGATCAGCCTATGGAGCAAGGACGGTGGCGTAGCAGGTTTGACTCCGGGTCAATGTTGGCTAGAGTGACCCATGTTACCATCCGCTAGGCAAAGCTTTGCGCTAAAAACGTACGTCGTCCATTCCGTAGACGAATGAATTTAGCCTTCGTTTATCGTTTGATATATGCGTCTAAAGTACCGAGTACAAGAGTGTGGGGGAACGACCTATTCCTCAGAGCGAAGTGCCGGTCCGATTAACGTCCGACAACGAGGTTTGGATGAACAACGTCTGCGCTAACTTATACGTAACGCTAGTCGTATTGGGTAATGCTAGTGAATAGTGCGTCTCATCCTACCAGGGACTGGGTGGGCCATGGAAAGGTAAATAGAAAACAGGGATAGCGGGAAGAATCGGCGAAGCTCTACGCAAGCTTGAGGATGGAGCAAATCTTAGCTCCTCTGCCCGTAGCGTGACTCTAGACGTGCCGTG,552,50.54,Escherichia coli
SEQ_688997,GTAACGGTATCCTTATACTCGACGTGCCAGCACCTGGTAACTGTAACCCAAGGTGGTAGGTCCGGTTAGGTGTTTAGGGACTCTCTAGGGTGCAAACAGCACGCCATATGCGGTCTACGGTTCATGGCGCTTTCGTCCTTTGTCGGACATAGTCAACACAATGAGGGACTACTTCCTCGACCACGATTGGGTGTAACCTTGCGCTACAATTCTATCTGTTCCAGGAAGAGCTGGCTGACCGTAAACATTTTCATGTGAGTGAGTCGCGAAATACAACAACCCGCAAATGGCATGGCAACCAGGCGGAGTGACCAAAATTTCAGTCAAGCCCCGAACGGTATATTAACTATCTTGGTCCGATCGGACTTACAATTTTAGTTTAGCTAGGTCAGCTAACAAGAATAGATCCACCGCACCTTGATTTAAAGTCCCATAGAACAGGGGATCTCTAAAGCGTGCGGGAGGGCGACTAACCTTCGCAGAAGATAGAGGGAACGCACCAGCTTCGCTCAGTGGTCCGCTCCGGCTCGCTACACGTGTCATTTCTGGCACACGACGTTTAGACTTCGACAAGAAATCGGGGATAATGAGCGACTCTGCTTTAACGAATTTCTGGGCACCTGCTTACAATAATGCTAAACATTCTCTTCAACGAAGTTCCGATGTCGTTATGTTAGCAACGCTGATGACACATCCGGAGGCAGCCCTGAAAGATTGTTCCAGGGGATATGCTTCGTTCCAGTCGCACCTACCTGGCACCCCGGAGGAATTGGATCTCTGTCATACTGTCGGGTTCTATTTGGCCATCGGGGCACCATGAGTTCAGTATTCATCCTGACCAAGTACTCATCCAATCACATCATCGCTAAAAGAGCCTTTCATGGGACTAACAGGGTGAGTGTGGATCGGCCTGAAAGATACATAGTGTTGTTCAGATCGGCTTGTGACCACGGCGCTTACCTGGAACAGTCCGTCCAGTGTTCAAGGAGAGTCAACTCGCGACCGTGATGTCCAGCGTAGGCCAGCCAGCAAGTGTCGCATTTTAGCGGTTATAGGGGAGATTCGCCAAGTTTCGCAACGGGACCACGGACGTACCCGGTGCCTACTTTCTAACGTGTTTCGACCCGCCTTCCACACGCGCTAGACCATCTCAAAACTTCTGACGAGGTATCCATGCAGCTTTAGGGAACACGCTGTGTCACGTGAGGGGTGGGCGAGACCCTCTTTCTTCGCCTGTAAATCGTGCATATGTTAAGGGC,1259,50.68,Homo sapiens
SEQ_643822,TACATAATAATAAAATATGCCTCAAGAGACAAGGGTTTGGTTACGCTACTGACTGCTTAAAACCACTCCGGAATGCCTTTCTCGAGCATGCAAAGTTGCGCCTCTGGGACGGTGTCAATTATTATAAATAGGGAGATAGGAGGAGAATGTTTTGCGAAATTAGTTTTAAAGGAATTTGAGTACTCTCACAATAACGGCATGCAGACCCGGCGATGCCGGGCGGAGGGCGCAGTCTGAACTTCCCCGCCAGCTCGTTGGAACAACCGCTTACGGTGGCGGTCATATGAATGTTGAGACCACCTAGACTTGTAGCACAGATCGCGTTCGGCTTAAAACCCGGTTGAGTTCGCCTTCCGTTCGTCCGGTCAACGGTTTTACGCGTGACTTGTTGCGGTTCTTCGACTGCCGGGAGCGGACGGGTTGTGATCAAAGCGCCTTGACGTCCCTTTTCTTGCCGTGCTGACAGCTCGAATCAGGACGCTGAGGCAGGCGCTCGCTAGTATGGCAGACGGTTCGAGTATCCAATGTAGATTCTGCCTTCTTCTGTGCAAGCCCTTAGAGCTTATATCTGAACGTGGTGTTGTTCTTTCAAAGCCGAGTACGCAGCCACTACTTAGTCTCCGGAGCCGAATACAAGTAGTATAGTTGGGAAAAGTGGACGGCTGAAGGCCATGTCGCCATACAGAATAAGTTATGACTATCAATTCCGTGTGTAACAGTAGTTTTCGGTCAATCGCCGGTTTTGTATTACTACTCTGGCCTCGCCAGTC,770,49.61,Escherichia coli
SEQ_584211,CCGAATCTCTTGGTTCCATCACTCGATGTGTCCGAACCCCGAAGCGGTTACCTTACAAATACTGGCTCACCCGCACCTGATATGATGAGTGTGATGCAAGTGTCGGCAATGCGTATCACTTGGCTCTGCGCCTGAAACGATTTGGCCGTCGCACGGGATCGGACTTTGGGGAGTGCGGGCATCTATCGGTAAATAGAAGGCTCGTGATAGTGCGTCCTATTTTCAATTCTCTGATCCAAGTTAGTGAGTTACGCATCTCTAATGTTAAGAACCTGGGTGCGACATGCTAGGACGCAATTAGGGAGTAATTAGATCCACGAGAATGAATGGGACCATTACAGCGCCCGAAAACGGACACTAAGATCACATACTACGTCCCAGTAGTGACCTCTCCTTGGTAGCTGTAAAGCACACCCCCTAGGAACTATAGTGAATACGTGCTTAACCGTGGTGACGCATGTTTCATAATTGTTGG,475,48.84,Mus musculus
SEQ_647466,GGAGCGTTGTTACTCTGCAGGTACGTCTAATCCAGTTTACTCTTCTCGCCATACGAAAAGCCCCTAAACGCTGACTGAGTTCCCACAATGAAAAGGATCATGCCACTGCATAGACGCCGTCCTGGGTTTCTCATTACCTCGTGAGCATTGGGATCTCCTGTCATTCAGAATAACAACTTTTCAGCGTGGCTCGCATCTCCTCCTGGTTGACTAATTATTCTAGTCTCTATAGACCTGTGCAACAGGCTGTTGGCATCCAATTTGGCTTCTTTGTGCCAATCTACCTTTTGAGTGATCTAGCTGTGAGAGCATGTGCTAAAATTCGGAAGGAGCGTCTTGGCCAGATGCATAAATATCACTTCTCTCAGGTTTGGCCGTAACTTCCGTTTGAAGAGACTTGCACAAACGAGTCATTTCCATAAGGTACGCTTCATAATCCTTTACCCATTGTTTATCCACGGGGGTATCGACTCGACCAAGCATGACTATGACACTTCGAACGGCAGACTCTAGGTCGAAAGCGGCAGGCTGCCCATGAATGAGTATAAGTTCTAAATATGAAACACGAGTATACGCCCGCTTGTATCGCTATAGGGTGAATTCCAGCGTCCAACCGCGCACCGTGCCGCTTCCGTCGTGACTGCGCACTGGCACGTCAACCATAACCCTCTATTCCCTAAGTTCTTGGGTAAGCCGTCCAATGAGGGTTCTTAATTCGCTCGTTAATATAAGAAGAAGCTGGAGTCACA,749,47.53,Homo sapiens
SEQ_514466,TGACCCCGCTCCGCCACGATAACAGCCATGTAGGGTCCAAGCCTGCGCAGTAGTAATTGTCTCGACGAACACCAATGATCAAGTTGCTACGAATGAGAAGGCCGATACATCAAAAAGGTAGGGACAAAATACTGTGCAGCCCGCAGATACTGCCAAGCAGGCACGTGTGCATCAAGCGCTTGAATCCCGGGTAATGGTAAGGATAGCTCCGGTCCACTGCGGTCGGATTGTAGGACACGTCGACTCCAGGATGTACTGCTCCCTTCTACCAAGGCTCCCTCGCTGTAAAAAGCAATCGGGACCGCTTGTGAGGCCAGGTGGTTTTGGCGGCCCGAATGTCTAAGGCGACAAAGAACGCAAGTGACCAGCTGCTTGGCGTCGTCCTACCACCAACGGATTTGCTTGGGACAATAACCCACATAACAAGATGGGGGCCTCCCAACCTAGATCGTTTACTAACATCTACACTGTCAACCCGTAGTTAATTGCTCATACGACAAGATAGCATAGCCAGCGCTTAAGTGCTGAAATGAGAGTATGGAGCGGCTAGGAATGCCGCGATTATCGATCAAACTCTTCTCCCAAACCGTACGTCAATGTGCATAGCGTGTCAATTCTCGCATACCGGATAACCAGTGTTAACTTACAAGAAGTCCAGCCCCTCGCA,667,51.42,Caenorhabditis elegans
SEQ_842416,AAAACAAGGTAGCGGATAAAGACAGTTATGAAACTAGGGCCCGGAGTATGGCGGTATTTAAGAATCCAAGACGTCCTAATGACTCGCGTCGGTCGATTTCGGTGCACGGAATCCTCCAGTCCGCCTATAAGTCGATATTCAACGCCAACTTGTAGTAGCGGGGTTATGATTCGTCCGACACAGACAGGCGCGTGCCACGTCTTATGAAACCATGTAATGCGCCGGAATGAGCAATGATGTTGAAGCAATGCTTATGACACGAGAAGAGAATGCACTTCGCTGTTCCGTTCTGAGATCGGTAATGTTCCCGTTCGGAATCCCGCTCTCCAATCTCTCGGCAAAAACGTAAAGGCAGGGCGTGTATGATGGACTTGAAGCGCTAGACGGTTAGAATTGTAGTAAAACTTCGCACCCCCTAGAACACGAGCTTCGACGGACCGGAGCCTGCTTCAATATTACTAAAGCGCCACGGACGCAGAGGAATATTGTAGTCGGCCTAGTACTGACCCCTGTACAGGGCATATGAGGTTATCCAGGAGGGGGTGAGCAGGACTAGAATTACCCTTCCTTTAGTGCTTCGTACCTCCAATGCAGATATGACCTACTTGCTCATTATTAATCTAACATAACTACGCGTTAGATGGGTATGGCACCTTTATAGTTCACCGCAACTTCAGCCTTGAAGAGGGAATATTCTATATGAGGTTCCGCAATAGCGATCGACAGTACCAGAATCACCGCGATGCGTACTCAGTGACAAGATTGGTGTGTGAAGACGGTCCGTAACTAGTCTCGTCGATAAATGTGAAATGATACACCTTAGTTGACGTACAGAGCCTGGGTGCGAGGAGTGTCTCGGAGGATCGACGTCGCCTTTTCAAGATGGTCAACAATCCTACTCAACTATCTACTTACACATGATGGAGCATTTGCAAATACAAGCTAACAGTCTAACTCTCCCGTTAATGTGTAACTCGATTGATACAGGAACGGTCTTGCGGAAAGCCAAGTAATGCCTCACCGCCACAAACTGGATTGAA,1040,47.6,Escherichia coli
SEQ_535670,TCCAGAGTAGCGGCATCCCATACAAGCGGGAACCGCGTTGTAACACGTTTTAGATTTTTGACGAGATTAAGCCCGGGACGCAAGTTTAGTGATTGATCTATTGATCCAACAGAAAGCACACGCAATAGTATTCTGGTCGCGTCCATGCCGTGGCTGTCTACCGCTCTATGAGGCCGCTTGCATATAACACCCCTACGATATTCCTGCAAAGGTTCTTCCATGCAATAATAAGCTAGCCACAAGTGTCAAGCTTAGTGGTTTCCTAGCATCGTGTTTGCGGGCGTCTGCGCCCTTACACAAATCCTCTAGCCGAATCCTAGACAAACCAACGCGCCCGGCTTAGCGATACGAGGAAGCCGCCCTGCAACGAATTGCTCTCCAGGAAGGTGAAGTATAGCTAGCGTTGTCGCTCGACGAAAAGTTAACAGCACTTATGATTAACTATCAGTCGCGATGTATGATAGTCGTAAGCGGGAGCCCCGAGCAGGGCCTGCCTTGCATCTCTCGAAGCCGTCTCCGTCTAATTGGTCGGAGGCTGGGCCTGAACCTGTTAATGTGGAAGTTTGCGGTCATTTCGCGGTCGTCGAAAGCCCGGGGCTAGGAGGAAACTGCAAAGACACAGGTGCTCCAAACTTGCCTAAAGCCCGTGCGATGCTAACCCGCTAATAAGGATTCGGGCTTTGACCTCAAGTAGGTTGTTTTAACCCTGCGCACTGCACAGATCCAGTTTTAACACGGGAGGTAGCAGATGGCTTGCGCACCGCTGATGGATAAGAAGGACAGTTGCACGTCTCTTAAGGCTTATATGGAGCAACCCAGCGAATCGTAACCGAACGACGGATTCGGCGAGCCGCGTAGAAGGCCCACCTTTGGGCGGCGCCGTCAAAATCTTTCGAGCGGGATCATCCCGCGCATTCTGCAGGTCGCGGATTTAGAGATGTAAATTGGGAACTTGGACACACGTCTTATACTCGAGCATTGGACACTCCATGTCCAGGGACCTCGTGCGCCGTCTCCGATGGAAAGTAAGTTATAATTCTAAAGGGGGTAACGCGATTTCGTTATCAGTGATCTGATTTAGCTGGCCCGACGGACGTACTATTGGTAGCTTTTTAGACTCCCATCACGCCGCCATAAGGCGCTTCAACTCCGGTTCGTTGTCCTCCCCAAAAATTCTAACTAACCCATACAACACAAGCAGTAGTATTAATTCTTGCCCCGATATAGGACAAAACTCAGA,1240,50.89,Mus musculus
SEQ_101069,CCCTTCAGGGGAAGTGGAGTGTAGGGGAGAGAATCCTAATGCGATGCAGTAATGTAATGAGATAAGTTTCTGACCGCTGTTCAGATCACTGATTGAAGTGTACACGCTTGCTCCGTCACTTGTCCAAGCCACCGCGCATTTACCGTAGCGAGTCCTATAGTATCGCAGAACTAGTTATGGAATCTATATGGTTACGCTGGTGAATGGTGTTCCGAGTTCACGTGGAGATGCTCCCCGCCGTCATATCACTTGTTACTTAACCATGAGTAGCTTCCTAGGGACGATCGAGCTACATTTGTTAGACCTATAGGAGAGACTGGGCCAGATTAATTGAGGCTTCATCAACAGACATAGCGTGGCTGCCCGACAGGGCCTAGAATTACTTATCCACGGGAAGAGAAATGCTCCTCCCGAGAAGTTATACGCCCCTAAGATTGGGAAAGGTTATGCTACTAGAGAGTAAAAGTTTGTTTGCCTTATGCTATGGCTCCCTTTCGCGCCCCTCAGAGGGCCAAGGTAGAGTACCTTCAAGAATGCGGCAAAATTCTTTGGTGAGCTTCCAGAATAAATGCGAAGTGGGTCGCCACTGCTTGAATTGTTGAGCGAAAGTAACTCCTGAAACCAGTGACGACATCTTAACTGTCTGCTTTAAGATTACCCGCGAGAACTTTCATGGACTATCTCTGGCTACATGTAGACCCAGGGTACAACGAGGATTTCGAACTATCCGGGTTTAAGTACTCTGAAATTTCGCTAAAACGCCCGGACTATGTCGGGGTCATGCAGCAGCAAAACGTGCGCGACCTCCCGCTAAGGAACTTGGGACTCTGGTAATTAGCTACCTACATGTTTATTGGATGAAAAGGCTTTCAAGCTCCTTACATGTGACACTCGCGCCATGATGATTCTACTATAGTTGAGAAGGAATGCGTTCGCCGCGTTCGGGAGGGTCGCGCCCTGTCACTCCTATGAGGGTGGCTTATAGTGGCTGTAGAGCAACTGCGGGTTTTCATCTAGCCTGAATTTCTCGGTGTGTGAATCTCAAATAAACTAATATGGTCGCGCTGGAAGCAGACTTATGCATCGTAGTCAGTTCCGCAAGGACTGAGCTAAGGACCATGCCGGAATCCGCCCACAGTTTACTACTCTCTGAGTATACACACAAGGGGAGCAGATATTCTGGCGCAGATGACATTTGACACCCTAGCCTAGAACCAGCTCACTTCCTAAAAGGTATCGCGAGCCTAAGTTGTGGACAAGAAATTCGACTATCATTCATTATGAACCCAAGATTAGATGATCGCGGGCAGGAATTGATAGGCATCTCCTTATACAATTAATGTAGGCAATGAAGTGAACGTTGGGACGTCTACAGCTCAAACCCCAGCAAAAAGAATACTAGCACTAGAGCGACCATATTGTCACGGTCAACGTTACCAGGCTTGGTTTGTACCGCAAGACCCTCTTGGAGTAGCCCTCTCCCACGTCCTGCCTACCGTTCCGGCGCCGGACGCATCCGCGGATTCCTTTCGAGTAGCGACATCGGCGCACGTTAATGCGGTGAAATCTACCTCGATACGGGAGGAAGTCAGTAGCGCTACTCGTGCTAACCTGTATTAGATGCGTCATGGCTTTGCGCAGACCCAGTATGCTCATTGTGGAACCAACAGAATTCAGGCAATATCTACAGAGTGCTCTTGCTGTCGTGACCTTTACGTTTTTGAGCCGGAGTATGATAACTGGCCTCCCTACGGAGTTTCAGACCACCTAGTAAGCGGAGTATATGCCGTTTGCACGTTAACGTGAAGTCTAATCCGGAAGGTACGGTACACTTCTAGCTCCTCTCCGGGAAGGGTCGTCGACGGGCGATACCCGTCTCATTTAGTGAT,1889,48.81,Caenorhabditis elegans
SEQ_108722,ATCCTTAACTATATGGCACATATTCTTGTGAAAATGCATTGCCTATTTCTTACCTGGTACGGGTTCAGCGGTTACTGGAATTAAAATTCACACATCCGGCAAAGAGGCACGTTCAAGGGATTGCTAAAGCTACACGCCGTACTACATCTCGTTGAGACTGCTCCAGAATTCTACGCTCTGGTATCACTCGAAAATGGTACGCTTAGCTGTACTATTACCGATCCCGCCTGCAAAACCTTATCGATCGATAGGTGGTAATGCCGTGTTAGGATGGCCTCATCTTGGGAGCAACCGCTTCGTTCATATTGATCAATCAGAGGAGACCACAGTACAGAGCGCTTATGATTCAGGACACTCGGTAGGCGTGAGACGCTATCACCCCTAAGTTTATTTCAGAATTACTAGCAGATACGGTCACTTCTATAGACATCCATCCAAATGGGAGCGGAATGTCTGGTGCATCACGGGTCACTGCCTCATGTGCATGATTGAGTTGGGAATCTCGAGTACCGGCAGACAAAGGCTGAGCGCATAATGGAGAGTTGTAGATTTACAAATATCAGTAGTATGGGGATGAACCTGACAGACAGGTAAAAAGCTGAATGCTGGCCTCGACTCTGACCAGCGGGATCGAGGATTGCCGTTGGGGTAAACTATGTAAGTCACAAGCGCTTTCGAAAGGGAGTGACGTTTTATTGCTATAACCCAGAGTGACGCTCTCCGCCCGCACTTTAAATACTCCGTTACTTCAATCTAAAGGGACTGCAGAACGAAACACCTAACGCATTTCGTTTGTACATACAGAAACAGGTCTGGATCTACGGATTGAAGCTCTGTGAGTCTCGAGGGCGCTAATAACCTACTCATGTGTCGTGGCGCTAGTCGCAACCGAGGCGGCATCCTCTGCTCTTTTCCTAGCCTGAGCTTTAGCCGCACTGGCGATTAACGGATAGTTGTGCGTGCTCCATACCGATCAGCTAGGTATTAGTACTGGGGAAGCTTAGTGGGTGGCAACCCACTACCAGGCATGTTCTGGCAAGTTATTCTATAGGATGACACTGTAATCGTATTGCAAGAAAAAAATGACTTCAACACCCCTGGAAGGTTAACTCATAGTGGTCAACAGATCAAGCCGGGAGAGCGGTGATCTTCTTCGGCGACGAATAACGGAGACCGTATAAGCATTAAACTCGGTGGCCTGTGACGGGCTAGTGAGCGCCCGTGACGCTTGAGAGCAGACGGGGCTCTCGGCACTCGGGCTTCTCCGACCGATGTGCCCTAAGTACCTCTTATGGTTTACGTTGGCGGAAACCGCGCAGTTCATGTTTAAAAAACATTGGTCTGATCTGCTCACCTTTGCAGCTTCCAAGATAACCCCTAAAAATCCCAGCGTTGAGCGGATAGCCGCGAAGCGCGTGTCAGGATAGGTCGTTCAATCAATTCCAAGCTATGAAAATATGTGTTAGAGGAGAAAGAGGCTCGTGGTTAGGCTCCAGGTGGCGCAACCAAGCCCTGAAATCCTCTCAGAGTTTCAAAATGAGGACCAGAACGAATCTTTAGGCCTTGTCAACATCTCTTTGCATTCGCGCAAACTAGCTGTATATAAACATTTGTTAAACTACAACTATAATATTTGTGGAGAGTTCAACTGGTCTCTCGATGATCGGGTAAGTAACAGGGT,1681,47.71,Escherichia coli
SEQ_639106,AAAAGGAGGGTGACCTGGACTGGCAAACGAGCAATAAGCCGTGACTGTTCTTGATGAAAACACCGTTCTCTCGTAATTATCCGGAGGCCTGTTATAGATCTCAGCTGGTTCAAATCGGGAATTAGAGCTCGATCCACACCCGCCGTCGCCACAGGCATACCGAATAGTTGATTGAAGCACGCCGCGTAAGCTAAGACTGCTAGCAATGTGCAGTGTTCATGTGAAGTTCGCCTGTTGCCCTAAAATAGTCTAGACTACGGTTACCTGCCCGTGTTTGAATTAATAAGTTTCCACGAGCGAGTCGGAAGTAGATATAGCGCCTAACTTTATATTTATGGGAACTAACGCCGTTTATACGAGCTGCTGCGAAATTTATTATTTTCCTACAGGTGACCATAGACACAACCTTCACCTCATGTGCGCGAGTCCTTAGGTGGTAAAGACACAGAACTTATGCAGAGTTCAACGGTCCCACTATTCGGGCCATGAGGCCGGGTGGACACACTAAAAGACAACAATGGATAGTGTACGCCTACCACGCAGACTATAACTTTTTACAGTCAAGTCAACTCTGATTTGCCGGTATAAGATCCTTCCTACTTTCATATTGCGCGGTCCTTCAGTGAGAATTGGCCCTTACCATGCGGGAACACCTGAGCACTTTCGGCGTTTTTGGCAAAATTGTGGGCATTCACAACGGTATTATGTGCGCCGGAGGCCTGGTAGGTGATCAAGCTACTACGGGGCAAAGGAGCGGTCCATCGGTGAGTCTACGAGCAACGTGTATGGCTCAAGTCATCTTCGTACTTGACGGTGCGAACAAAACGGCTTTCCATAATAATAAATAGGACAGACAAGGGTTACGGTCTCGTGAGATGAGGGTGCTGCGGGCTCCAACTTAGGGCAGCCCGACTTCGGGTCCCAAGGTTTTTCTAAAGCTTCGCCCTAACGGCGCCGATATAGCTTGTCAATCAGCTCGAAGTAGATCGAATTTGGGCAGGAAAGTGGTAGCATAGGACTCTCATGTGATTGGAGGATTCCAGTAATTTATAACAGAAAGCAATGACCCAGGGGCAGTCAACGGGGATTAAAAAATTAGACCTCACCATGTTCTCTTTAAATTCACCGTGCTCAACTAATAAAGCTTTCCTGAAATCGGAGTCTGTCATCGTAGTCGAGTAGGTGTTGCAGGATGTGTCAAGAGTATCGGTTCACTGTTGTTCGAGCGGTGAGTACTGCGCTCTTCCGGGGTTCGTAACTTATAGATGCACGTTGTGGATTACAGAAATATCTCTGA,1297,47.42,Mus musculus
SEQ_142439,CTTGTGGAACCAAACCGAACATTAGGTTGGTGTCGGATTATGGATTAGGGGGTTGCTGCTAGAGATCGTCTCATTTGCCACCTGCGGATAGGGACACGGGGTGAGTTTCGTGTGATACCGTAGGTGCTCGTTTGCGGATCTTACTAGTAGAGCAGCCGTACCAAAAAATCACTAATACTCTGCCTAGAAGCTACATTATCGGCGATTTGCGCCTACGATCGGCATAGATACCAAAAGTGGTAGGAAGCAAGTAGAAGTACCGCTAACCATAAGTCGATAAGAAACACCGCAAATCGGCACGCGTTATAGGGTAGGTAGCTTAGAGCGTTTGTCCGAACCATCACGTGCCCGGGTGGGACCCCGTCTCATCGTATCGAGTATGGAGGATAGAAACGTGGACTTTATATCAACGCGTTTCGCTCCGCCGTTCAGTGGTTGTCATTGTCTGAACACGAAGGTCCATTAAAAGAGATTCTGTAATTGACGCAGGTATGTGAACTCGCTAATCGCGGACCATAGGTAAGTCGCAATCCGGTATTCCGTGTGTCACGGTGGCTCGTCAGAACGTTACTACCTTTGTGCGTTATTATATCTACGCACATGTGGCCGGTGGAGGGCTATGGTCATCAAGAACATGGCACCCCCAGATTCTTAGCCGGAGGACCCACGCGTATACTGTCTCTAACCAGGAGGGTAGGACCGTGCGATGTCTCACTTTCAGAAGTATCTTGCTTATATATCCTTGAGCGCATAGTCAAAATTCTGGCGCTATCACGAGGGGACTAATACTTCTAAGATCGCAAAAGACTAAGCTAGCATATCTCCCACGCAAAGGATCGGAGGTCCCTAGGGGATAGACCGTCGGGTTACCGTGCTCGTGGCTTCTTGACCTAGGCGCCACCAAGGGCGTGATATCTGGTAAGCCAAAAATTGCCCGCTACTATCTATAATCATAAATCCCAGGGTGCTTTCGCAACTGAACTATAGAGACGGAGATGCAAAGGTTTCATCTTCGATTAACCCCATCGCTCAGGGATAACAGACGCCAGTGGAGTCGGGTTTGTATCCGCTCAAGTCCTCATTATAGGCAGGTTTCATTTCCAGCAGCGTGTTGGGGCTCACAGCAATATTGGCCGCCTCCGTTGCCTACGATTGGGTTGTACCACGATTTTAGCCGTTTTTTATACCTCTCTGTTAAAACACCTTCAGCGTGTCGTAAGTCACGTCCTCGAATGAAGCGTGCGGACGG,1249,49.48,Homo sapiens
SEQ_284066,GCATATGGGCGGCGCCGATCTATTTATGCACCCTTGGGGCCCGCACGTATTAACCCCCTTTCCTCTGATCTTGCCCTCCCAGGAATCATATCCCTCGGCGCCAAAAAAGTGTGACGGCTCTCCACCGAATTTTGCAGACCTTGTGCTCAATTCCGTTGTCTCAACTGAAACTGATTACCGCGACAGGGGTAAATGGTAGTCACACTTCCCCCGAAGGCACACAATCCTCACGCGCTTCTGACAATTTTCCTAGTTCATGGCCCGTGGCACTTAAAAAGTCCTGCCTTCGGCGCAGAGTGCGGTCGTCCACGGTAACGCTCATTTCGAACAAATTGTCCGCTTTATCCCGAGATGATATGCGCCTAATCAAAGAGGTGGCAATATCCGGAGTCTGGACTTGCGTGAGCTCCTCATACTCTTTTGCGAGCTAAGTTGCTCCTCGAATAGGATCTATTATCTGTTTTCAGCTGCATCGATGCGGATTTGTAACCAGGATCCGCATGCCATCAGAGCCGGGAGATGGGTAAAATATGCCTTTTGAACACCGGGTAAATACGCTTGTGCAAGGGGCCTCGTCCATATAATGACGCCTGCTGGGGTCTATGATTCTCTCCTGAGATCAGTGTTGGGAGTTGAGCCCATACCGTATATAGCCCTCGTAGAATGTTCTCCGACAGGTGATTCAGGAAAGAAGCATGTACGTCGCTGAAAAGGCACACAGTCGCGGTCACCCAGTGCTATTGCCGTGCCGCCTCACTCGGCAGCAAGGGTCTACTGAGCTCCCGTTCGGCTGAACGCCCACGAAGTGCAGCCACTTAACAGAGGCTACCTTTAGTGATGACCCATTACGTTTTGCCGCCAAATATATACATCTATTCTTCTAGAAACGTGCACGATGCACGTCAGGACCACTAAAAGCTCAGTTGACAATTCGGCTACTCCATAGTTAAGACATACTAGGAATGTGGAGCCTTTCCGACGTTGTCGTAGTAAGGGACGAATAGATTCCCAGGAAGCTAACATCCTTTTGTGTGTATAGGGGATAACAAAATCACGACCAAATAGGTTTACGGCCGACGCTTGGCGCAATACTGACCCTCGGAACCTGGGAGGTGGATGATAGGGACCAGTCAGCTAATCCCGTACGACTGAATGGACATGATAACTTTCACTCATGTAATTACGGGGGATACAATATTCGCAGGGCAGGACACGGAGTTACGTTAAAGTATCCACTGCAGTGACGCTCCCTCTGCTCTGATACTAGTTCGATGGTGCTCTCAGCGGATTGAAACCACCACTCGGCGTTCCGTACCGTGCATCAACCTTTTGGCCGATCTTGTCTGGGGGTACAGGAGAAACGCTGCCCCATTTGAGCCATGCAGAGTGTAGGCTAAGCTATGTGGCCTCCGTACTCCGAATTCTCGTGACTTCTGCCACA,1441,50.73,Arabidopsis thaliana
SEQ_190037,GCAACGAGCGCAAAAGAGATGAAAAACACATCCACTACGGATGTTTCTATTAAGAAGCTCTTAGTTTCTATTACCGGTCTTTGTTCTTGTGGCAATGAATACAAGAACTCCACATGCTACCTTGCCGCTCGCTGTACAGGGGTGGCAATTGGTGCTAGCTCGATGCTACAGTCGTAAGTATTAGTCTGCTATCATGGAGCGGCGTCCCAGTCCGTATCTTTGACCCTTCATGTCTTGAGCGTGACGTCAGTCACCGAACTGCGGTTTCGAT,271,47.6,Mus musculus
SEQ_576611,CATCATTACACAAAGCTAATGTCTAGCTGGAGAAGGACGGAACGGGTATGTGAGGAACAGTAACGCTTGTGGCATCGACGACTGCGCCGACCCTCCCCGGCAACACCATTGGAGGGACAGGCTGCCACAGGTCTACGGTCATCCTGTCAACGCCGCTTTGCCGGAGGTGGTGTTTGGCGGTGAACTTCGGGGTTGTGTTGCTCCTCGCAAGTGGACCCAGCAGCAGACCATAAGTGTCCCAGTCGACGCCATCGAGAACCGCGGATACGCGTCGCATCAGCCGATTCCGCTGACAGTGAACCAACTAGCAGCAGGAGGATGTCGAAGCACTCCAGAACCATTGCCGGACTAGCACTTTCTTCTACAAATCACTGGCTGGGCCGACGGAAATTGGTCCTTACAATAGAAGAAGGTCATACCGGTTCGCCCCCGCCCTGATTCGTAGCTATTCCCTGCAAGTATAATCTGGCTGGGCACGCCCGTACGGGTGCAGTTAATCGTAGGCGGACTATCAAAAATTTAATATGTTAAAGTGGTTCATAGTGGGCATTTAGTAATGTATTCTTACCATCAGTACGGTGTGATTACTATCACTCCAAATGACTTTTAACGGTCACTTTTGAACTGACCAATCGGCGCGGTCCGCGACATCTTATCGTAATTCCAGACTCTTATGCCAACGGCGCGCATGAAACTGCGAAAATCGTGGTGTAGGCGTCTGGATGGATGGAATGCGGCAGGTTGTTTGCACTGGAATGCA,760,52.11,Drosophila melanogaster
SEQ_359064,GATTTGGCGCGTTAGATGCTCTCTAAATATTAGGTATTGGACCTAGCGGACGTGTCAGTTCAATTCGGCGCTTGGTATCGTTTGCGATGCGCGCAGTCCCACCCTAAAGAGAAGGTAGGGACGGCGACTCCCGCGGATTTCACTACAACCTTAATATAACTTTCTACCCCCAAACAAATTAAAGCACTCGGTAGACTTTTGATCTTGCAGTTCTTGGCCTCCCGTGACAGGTCAAACAGGGCAGAAACAATCTTCTAATCTTTATCCAGTCCTATAACATTGTCTCACGACGTATCTGAAGACCCTCGCAGCGCCATGTGCTAGCTGGCAGTATAGAACTCCGTCATTGTTAGCTTTACAGCGTTTGTGAGTGAGAGATTTTCGGAACGCATATTTTCGCACCGCTCATCACGAGCTTCTAGTCTGCTCCACGATGGACCGATGGCGGCTGGTCTTCTCGTTACCCCGCATCTTGCAACACCTCGACAGTGGCGTCTAGACAAATACGTTACGGAGCCGAGTAGCCTAAAAGTACAAATTCTAGTGCCTCCCAGAACAGTAATTACCGCCATTAAGCAACTCTTGGTTCAGCTCCATATGGCCCTGTTCGGAAGCATGACGTGCAGGCTCCCCGAATCCGTAGTGCTCAGCTGGGCCTCATGTAGAGTTGCAGTGCACATGGTGTACCCGCACGAGAGTTGAACCCCTAAACCTTGGGCCTTTGATAGAACTTTCGGTCAGCTAGATCTTCATTGCACAGCCGACGAGACCGACTGTCAGAGCAGAGTGGGTGGCGCTCTTGAGTAGATGCCGGGTGCCTTCCCTGATAAGCGAAGGAGTAGTCTTCCAAATTCGAAACCGACGTAGACATCTGGCCATCCGGTATCCCGCTAATTCGGACAATACCCGCGTATTCGCTACCCTTGTTGCCTCTAAAGCCCCCGTTGGCACAGTGCAGCGTGCTACGCACCGTATGTACATGAGGAACCGAAGGTCAATCGCGCTACACAGCGATCTCCCGTGGTTGCCATTGAACTGGAGTTGTTTGTTTTAAGGGCATTGACTTGTTGCATTCTGCAGTGTTGTTGTTCAAAGGTCATCTTAATATGCGCGTAATAGCTTTGCAACAGCGGTTCCGTGTGGGCCGTAAACGACCTGGTCCGCGAGGGACTTTGTCGCCGGTCGTTTTTTAACCCACTTCGCGACTACGGGCTATACGACGTATTCATAATCCTAGTGTTGAAATGGTTGCACTATGGGATCGATAAACGCCTAACGGAAAGTGCTAAGGCCTTTCTAACAATACTTCACAGACTGTCAGACGACTGCATGCAAATATGTGAGCCGATAAGGGGTAGAACGATTTTAATATGTACTCACTGTAGTGCTCGCCTTCTGGGTGAGCGAGCCGCCCGGTTACGCTCGCCCATGCGCCTCAATGACCCGTAGTTGAAGGTAGGGGAGAAATGAGCGGTGGACGCCGTTCTTTTATTCTGCCCGGGAGATAGCGCCTCGTCCGCTGTAAATGGCAACACACCGGAAGCGCCATAAGTCATTATCTGCGTGGGCTCTTAATGGGTTACCGGGCCAGGGGAAA,1597,50.91,Mus musculus
SEQ_237940,CAATAACGAGACCCTGGGGGGTGCCTGGTAGTTTTTAAGCGAAGTGTAAACCCAAAGAGGGATGACAGAGATTAGCTTCCTACCATGTAGTCCTCATAGATGGTTAGAGTAACCGTTGATATTTCGATCAACAAATGCCGAATTCCCTAATGTGTGCCTCACGCAAATACTACGGACTCCGAGAATTGAGCCTCAGTCTACTCATTTACCTGCACGTTAGCGAGTATAAATACGAAGGGGCGGTGCTCTGTTCCGCCTGCCGCGCACAGAATTCCGCAGGTCCCCAGGATACTCGCGCGGATTTCTCAGGCATTAGACGCGTTAGGGGTATCCTGCCTAGTTCCGCGTCCCACTCAGTTCCAGGGTTAAAAGAATCTATGTGCACACGGATAAACTCCGGGCGATAGCATTAACATGTATTATTCTAACTATCTACTCCGGAAGAAAAGCGACGTCCGCTACTTCCTTTGCGACGCTATTTAGGCCAAACCCGCTCCGGTGTTGGCTTGTTCTGCTTCCGAATCTCCTCGTTAGGCTCTTCCGTAGTGAAGCCCGACGCAAGTTCGTGTGGAGCTGATTTTCTGTTGGCCCCATCCATGTATTAGCAGGCCTTTTGCGGATCCCGACTGTGGCGTTTTCTTGTCTACACGCCCGGCCTCCACGTTATTCATCAGAGGAGGCACAGTACTTAGCGCCAGCATAACTACTGCATTATTACTATCGGGCTCCTGTTTCCCGACTACTGGGTGACACGATGGAAACTGCGTATGACGAGGTTCTAAACCGCAAGCGGGTAAACGGCAGATTTTGTGTTTTACAGGCTGAGCTAGCTTCTATTTCAATGGTTATGTAATCAGCAAAGGGTTGGGAAAGGACATTATTTATACGATCGGGAATTAGCTTAGCGAGAGGCAGAATGACGAAGTTTTCACCCGGGGATCTTTAGATATATCACTATCTGTATACACTATTGGTCCTTCGGTCGACGCGGCGGCATTGAATCTCTAGAGCCTTTCGCCAAGGGCGGAATGTTAGCAGGTGGTTATCGGAACCACAAGTGCCCCCATTAGCGTTAATAAGACCTGTGTGCCGAGGTATCTATATATGAGCCTAATTACGTACTTATTACATTGGCAGGTTCGACCTAGTTTATTTCTAACCAGTAGCCGAAGACACATGCGGATCCGGGTGACACATACAGTTTCTCTTATAGGGAGTTCCCGGCTAATCCTAGCACGGCAGCTCCTGTCGCGCAGTGGGACGTATACTCGTTGACCAATTCGTCCCCCGGGCCCGGGCACTTACACTTCATGTAGTTAAGTATTAAGCTATTAGCAGGATCAAGAGACTTCACAGAGGAGGGTTCGCTTATATGGTCGGAATAAACAATAATAGGCCTCTTGACGCACACATGACCAAGTCCAAATGTCATCACTGACAGACCATGAAGCGGTAGCATATGAGTGTGCGCCGTCGCCTAGCATTCTGGTTCTTGCGTGGTTTGTCTTTTAATTTGTTGGCTCGTAAAGACAGGAGACTGCCTCAGTAAAATTATTGCTACTACAGTGCCTTCACGGGGTCCCTTCGTACATTAGCTGGCGCCACTAAAACCATAGTGGGGATCGGATGACGTTGTAGGCCCTTCAACTGCTTGTGCCTCGGATCCCGCAAGATAAAGGCAATTGTCTGCGAAATCCCTTCCTGGGAGCCAATGTTTCTCTTACCACACTAAAAGTTCCTCAGTGCACACGAAGAGAGTCGCTGGCAAATGGAAGGGTCCCTGCGTGGGAGTCGATACGTTATATGCCCCTAAGTAAAGCCACGTTGAAGGCACTGGGAACAAGTTTTAGAGCTTACTCAGGAGAGGTTCAGGTAATAAGGCTCGAGGCTTGTGTAATCGATATGTGCGTAGAGAACAGGCTTTT,1925,48.73,Caenorhabditis elegans
SEQ_294174,AGCAGGAGGGTCATACAGAGTTCCCTAGTCAAACCAGTCGCTAATGCCTACAAGTCGTGAGCGGAGATCTCTGGTACTTTTACACTCTGGCGTACTACTCTAGCGTAGCACCCAGCCTAGTTCGGCGCACGGCTGCGACCACGGAGGCATCTACCGCCGAGACAATTACAGCAGGCTCTGGTGTTGAAAGGGTAGCAGGAGTATTAGGTTGCGACGGGGCAGTAGTGCCGGCGTGCGACGTTTTTTTAGGACTCTGAGGGTCCCCTACATCCTCGTTCTTTCAGCGCCGCCCTGACGATCATTAGTGGCAGTGGCGGATTGCGAATGACCCATCCGGACCTGTAGTGTATCTTCCAAACACATCCACCGTACCTGAGCTATATGTACATTGTGGGCTTCGTCGATCTTGTCTGGCGAGCTTGTCAGGGAGGGGGACGATCCACTTGCAAGCCCGGAGAATTTGCAAGGATGCATTGGGACCACTGGAAGTCTACGTGCTTATCAACGACGTTGTCGCTTACCAA,524,54.2,Mus musculus
SEQ_776078,CGCACGTGCTTGCCAGATTGCTGCGCAAATAGCCAAGTTCTTCTGACTACTGTGCTCTTGCGCGTGTCCCCCGGTGTAATGATTAGAGTTACGGGAGTAGTTCCAGCTGGCCGATCTCACCTAGCCGTGGTGGGGTCGTGCGATAAGAGAGCCTTGCCGCGAGGGCGGGTAGGCATTACAACTC,184,57.07,Drosophila melanogaster
SEQ_681680,CCTTGCAGAGCTAAGGATCACTTGACACGCATTCTTACGACCTACGCTCCAGCCTTAGAAGCCCCCACTGATCGCCAGCCGAGGCTCCTTGCAAAGGCAGCACTTTAGAATGTCTTCAGTGGTGAGGGCTTAATCTGGTAAGACAAAAGCAGTCACGTAGTGAACTAGCTACGCCTAACTTGTACCTTAAGTTAAGGAGTTGTTCCCTATTACACATAATTGCCGCAGTGTAAGGCATAGACAATTTACGGGATCGGTCAATCAGCTTGTGTGACTCGGCTCGGCGTCCATGTCGCTGTTCGTATGTGAGATGACGCCTCGGGTGTCTGTGCCTGTATGTAGAGAGTCACCCCTGTATTAGTAGATGAGTTGCCCGTCTTAACCTCAGACCATTTGGCGACCGAGAAAGATCTACCGCTGTGTATGCGGTTGTCTGAACCATTGTAGGTCATCTAGAACACAAGGACACAGAAGTTATATAGCTCGTCGCCACTCTGCCATTAAAACCGATTCGGTTACCTTGGGGCAGGGCGTAAGGACACCTCGACTCTGGCCCCCCTGAGACCTGCGCAACTCACACCAGCAACTGAGCGGGGGCAATGATTTCTCGCGGCAATTGCGACTCATTGATAGCCCTATCTTAACGGGGTCGACTCGGTTCACGTACGGGCCCCATTGTCCCGTAAGACATGCCACCTACATATCTGCCCGGATGCTGGGCGATCGCAGAAGGTAACCTGAGGATCTAATCCAATCATGAGTAGACCATAGTATTCCAACCTTCAGGCCGCATCACGAACTTGGTTCGTGAGTCCGCTCGTCCTAATTGTGTAGAGAGGTGTGAACACACCCGACTATTAAAAACCAATCTAATTATTTTAAAGGCAGTCAATGAAATTCGTTTCGAACTGTGTAGAACGTATCGTCTAGACCCCGAACACGTATAGTGCCGGGATTGAGCTAATGCGCCTGAGTAGCGGGGGGCGTCTCACTGTCTCATAGCGCGTTCCTACGACGCATCAAGCTTCCGAGCTGCGCTATGCACCAGGGGCAAATTTCTGTTCAATAAGTCGTTAGGCCACCGTGCATCAAAAGATACTTGTGAGGTAGAGCGTAACAAATTAAAATTTGCCTTGCTATAGCTCATTCTT,1151,49.78,Saccharomyces cerevisiae
SEQ_337206,TCAGCCTAAGCCCAGGAGCCCTTAGCACACCCGTTAATCCTGGCAGGTTAAGCGCCATAAAGCCAGGGCAATCTGCTCTCCTCTCAAAGATAGCACACCTGTCCACGCAGCCGCCTTACCAAGATCGCTACCACCACTCTTTGTCTGAACTGAGCCTTCGTTGGTCGGTGGTGTGGCTGTACCGGGCGAATTTTGTCAAGGTCACGTACCCATGACTCTGATGGAATTAGGACCCGAGAGGGCACATACACAATCCCCTGATCTTCAATATAACTAGGAGAATAGCGGTTGCGTACAGCCATCTTTAGCGTCAGAGTCGCTTAATGTACGGCTATAACCGTTCTACCGCCACCCTTAACGCCCAGAAGGCTCATAAGATCGATGATAAGGGACGT,395,51.9,Escherichia coli
SEQ_599333,TTGTGCTGCTGAGTCGGTAGCGTCTCACAAGAAGGACGTTAAAGGCTACGCCGTTATTCAGCTGGGGCTAACGCAAGAACAAACTAGGAAGAATGATGCATCTAGTTGCTCTTAACAAGGGACTTAAATACTTGCACTCTACGATACGAGCACGGAGAACCACGGAGCATCAAGACCGATCAATGACGCTCAAGGTTATCTGATATACTATGACGGAAACGAACGAGGTCACCCCGTCTGGATCGCTCGAAATGCACCGCCGCAATACGTTGGACTTATAGTAGGTACAATTAGAGCGCGCCAGATGTGGCGGAGATAGAAGGGTTTCAACCCGGGCCGGGCGGCTGGTATGCGGCCTGACGCGGTTATACTTTTAAGCGCAGGTATCTGCGTATGAGGGCCGCGTTGCCTCTCAGGCCATATATCAACCAGCTTATGAAGCGGTCGTGCGCGAAATGTTAAAGAATTTTATCGATCAATACGTTAGCATGGGTGGCTAGGGAGAAATCTGATTGAGAGGAAACCGTAGGTGATGATGTTTCCGCACATGTTATGTCTAGACTTTTCTAGGACTATTGCTCCTGTGCGTAATTGTTGGAAGGACCCTATACGAATAGGCCGTTGTAGAAAGACATGATGGTCCCACGCACCCGAGCTGA,659,49.32,Escherichia coli
SEQ_815141,GAGCGGGGCGAATTTGCCTCCGTACTTGACTACTGACATTTGCTGCCGTTAGGATATCTCCTGAATGCAGGTGGCTACACTTATTGCAGTAGGCATAATGATGAGCGGGTGTCGACGATCAGATGTGCGGACAGCGTTGCCAAACCAATTCTTACGCGCTTCCCTCTAGCCAGTTGACCACGGACTGCTACCAAAGTAGTCCATGCCGACCTCAGTTCAAGTTGTTCGGCTTCCTAGTGGCCGGGGCAGGGTCGGTGAGGAGGACTACGTTGAAAGCATCGTCACCTTGATAGTGTAGGCGCTCCAGCACTTAGGTCCGAGTACCTGGCTTTTCGATGAAGTCCTGACTTAGCTAAAAAAGTTCGGGAGTAATGATGCCAGCAGTTGTAACTAGGGACAATAGAGTATCCCAAGGTACCGCTGTGGCTTTTAACTTCATGGCCAAATGGGGGCCGACACGGCTCAAAGAACGTCTTGACCAGTTATGCAAACGGAACCACGCTCGCGCTACCATAACATCTTGGTTCCTCAGTCGTTCCATTTCATATGTTATGGGACCTACATTCACACGGCGAGGCACACAATCGTACATTGTGCAGGTCCCACTCTTCCGACGCATCCGAATTTAGAGCCCTGTGCTGGAGTGCAAAAGGGACTTTCATAGAGAAGGGCCAGATGGATATATGAAAAGGGGGTCAGCAAGCCCACGCCTTAGGGGTGCGTTTCGGAAATATTATTCCTCCCTAGACTTAGCGCGTGCTTTCAGTGTTATCTTCATCTATCCACTAGACTCCGTTTGGGTAGAATTATCTGCGGCTACGCGATCCTTGCAGACACACTCAGAGGGAACTTACTGGGTGCTTCTCACCGTGAGTCGTTTTCGCAGACCTGAGTGCCTTGGGGCCTTGTGTTTAGGTAATTAGTACACCCTAGTCGACCGCCATTTGAAATCGCGAATTTTAGGAGACGGTGTTACAAACCCCTGAACTAACGGATGCACGGATGGGAGAAATACCCAGCAGCAAAAAATTCCCAGATGGCAGAGTGCTCAACGGACTCCGGTGGGCCCGTGTGGGCTTACATCAGGTGTGGGCAGAGGTGAATTACGCCGTCAGATGATACTTCTGTAGTTCCACACTTTGATCATAAATACCAACTTACAACGGTTTTAGGAGACATAAATCTCCCGTCTCGATGAGAATCTGTGATAGAGCCCTGCAGCGCCTATCCCTGCATGAGCCCTTCCTCCGCTCGTTATTTAGACCCTCCAGGCGTACGTAATGACATGTATACCAAGTGCTTCTAAGCTTCCCGACATAATCTCTTAGAGTGAAAACGTTAAAGCAAACGACTCGTCCTCTATATAGAAACAAGTGTACCGTAAACGGCCGAAAATCCTGATTCGGGACGCATTACTTTACTCTCTGCCTTTAAAGCGCTAAGTTATTCGAGATCTATGCCTGAAGCTAATCCAGCACGGCAGTCAATGACTATCACACGAGCGCTCTACGAATGGTATCGTTCGGTACCATGCGCGGCTCAGGTAACGCTCCTCGTCGACATGAGGGCGGTTCAGCGCAGCGATCGAACTTGCGAAAACCAAAATCACATCTCGGACGAATCTCGGATAACTGGCGGTCGAAGACTGCTTCGATCTCAATGTGCTCTCGTTTTGTGGATATGGGCCCCTGACATAATGCCTCACTCGCCACTACGGCTTCGACTGTCCTAGAGCGTACTTTGTAACCTTCGGAGGAAGGGCACAGGGGAAAAACCCCTTTCAT,1784,50.11,Arabidopsis thaliana
SEQ_399504,TTAGTATACTTGTCGCTACGGGAAGATAGTGAAAAGACGTTCAGCTACTCGCGTGGGACACTGACATTGGGGAGTTTTGTGAGGTGCTGCGGTGACTAGCCGGGGGTAATCGATTAAGCGTGAATCTTTCCGCCAAACTGTGAGCTGATACTGTGGAGATCAGAGTCCTCTTACCAAGTCGGGCTACGCAACATTTGCAGGCCCAAACGGTCAATTTTCAACTAGCCTCCCGTTCGTGCGCGATCGTGTCACCCTATTACTACTCGAAAATGTGTCAGGTACACGACGCGTCCTTCGCAATGTGAGCTCTCAGGAGTTAGTCAACGCCTGTCAGGCATTGACATGTCTAGTCACCTCGACGCCCGACGTACGGCCAGCCGTAGATAAAGGTCCTAAAGACTGCGAGTCAGTCACGCGCCCGGCGGCCCTGTTGAGCTGAGCTAGCGGGCTGACGAACATTTAGGAAGGTGTAGCTTCCGAGCTATCACTTGGAGCTAATGGGGGAGCCGCGATGCGTGCGCTGGGGGAGGACAGCACTCACGATACAACGTATCTAGTTCCTCGCCATGGTACATGTTTATGGCCACCCCCCGCCTGGGATTACCACCAGAATGTCCTAGTTCTCTTTACTGCTAGACTAATAGCTTATAGCTTCTGGGAACCCTATGCATTAGGTAGTACTTTGAGAAGTCTACCCTTATCTGTATCCCCTATGATCATGGGCGTTAGAAAGACCGTCCTTCGCCCCATCCGCAGTCAGCTTATTATTATGCAGGTCAGTAAAACCTTACGCGAGATCAGCATCCTCCAGGCTCGATCTTTATACGCTAAGTTATCGTCATTGTTCTAAGGCGGTATCAACCGGTCGTACCTTACTCCCCAACCAAGCGTTGATTTAGTAACCCATGAGCCAGACTCAGGATTACAGGGATCGGGCACCTATAGCAACACCCTCATCTCATCTACAGCAAGGGGGCTACTTACACTCGGGTTTTAATCGTTCAGCGGATGGTACTAAGCGCCCCCCACTTCCAATCAGCATGGTGGTCTGGTGTCAGTATCCACACCCCAGT,1073,51.54,Mus musculus
SEQ_526259,CCTAACCACACCCTCCGGTATGGGTAGGTGGAATTAATAAATACATACTCCTGAAGTCACAAAACAATCTCGGAGTATCGCTGAAAGAGGCTTTCGCTAGGATTAGCAAAACCTCTTTGACACTAGGGCGAGATGGTCTCCATGCGACACAACACTTATTGGGCGGCAGCTGTAATTCTTCCAGACTGAGTAACACACTCCCACTTGAGCGTTGCGGCCAACCGGTTTCTGCTGTGTGTTGTCTCAAGGGAGGGGAGAGGTCATAGCCTAT,271,49.08,Saccharomyces cerevisiae
SEQ_480203,CGGTACCTTAACCAGTTGGATGACCAGCTCTGTAATCGTATCAATCGAACTCGTGTTCAGTAAGGAATATACCCACACAGAAGGAACGTCACACGTTATGCCGCTCTATTCACGGCGCCTTCGTACGTTTAAAGGTTTCTCCTAGAATCGTCGACTCTAGAAAACGTCAAAAAGTAGTGCCTTGTTATTTCGGTTCACGCCGCCTTGCCTGTAAACCCTAATATTTAGTTCCGTTTGGTCGGTATAAACCAATGATTATCAACCAATTCATGGAATTGGTGATAGTAACGGCGTAGTTGACGGGATCCCTACGTTGCATGGTTGGAGATCGATGACTACTAAATGTATCGATCGCGCGTACCGAGTGTTGCGGCAATTTACGAGGGCGTCAATGGCGTGCAGCCAAGACGGGCAACCCCAAGTAAATCCGGGACTGGATTCTCCGATTCCCATAATGTCAATTCAGGTGGCGGTATGGGTTCCCCGGGTAAGCCGACATCGGTAGACGATATTGCAGCAGTTAAGTCATCCGTCCACCCTCCTAATGTAGAAAGGCGAGCAGAGCTCATCAATACCTGGTCTAGCACTGTTGGTGGGCGCCCACATAGCTTATAACGATATGGTCATGATCCCTTTTTAGCTCCATATAACCAAACCAACAATCACTGCGCCAGCAGCCTCTAGCAGGCCGCGACTTCAACTTCATATAGCCAGACAAGAGGTTAGTTCTCAGTACTCGCTCGGTAGTAGGGATACCCTATTAAGGTTCATGCGCTTGAGAAAGGGCGGCGGGAAGAGCTCTGAAGAGATTACCCCCCGATGCCCCAAATGCACGCTGTATCAAGGGGGTTCAAAAGACTCCTCACACACTTGGATGTATGATGGTCGGCCGTAGACCAACGTATTTCCAAGGGAACAACAATACACATTTCTCGAGCACTAGTGGCGATTGTGTTGGGAACATTCGGGCATGTCTTAAAGGTGGTTTTCCGCCCGGGTGCTCTCATGCTACGAGAAGTCTTCTTGGTGTAGACAACTGTCACATGAGGAGGTTAACACCCAAAAAGACAAATACTGGGGGTGTCTTCGCTGAGGCCACAGACGGCCCGACACTCTGTCAGCCTGCGCGACGGCCCTAGTGGACCTCTCGGCACTCTCCGACAGTTGTACTCACAATGTA,1180,49.75,Arabidopsis thaliana
SEQ_140297,CACAGAGTCAGGTCACCACCGACCTATCGCCAATCATGGCTTCTTAACTATTATCGTATGGCGCTGTAGATGACGCTCAAAGTACGACCAGACTTTGGTCTTCCACTTCACAGCGAGCGTGGGCCGTATAGGCTGATTAAACGGATAAATGGGGTGAGGAACGAACCCTGCGAGAAATTGATGCTGTCATGTTTCTATATACAAACGCGGCGAGTTTTTCGTACGGAACCGCTGGCCAGACATACATTATAAGTTCGCACCTTTCAAATCGTGCTCCACCACCAGGTAGGGT,292,48.97,Drosophila melanogaster
SEQ_430516,CCCATAACCACACCGATCGCCCCGAAAGCATCCAGAAAACCGCCCCAGAGTAGGCGGCCCAATGATGCATAAGAGGGTCCGCCTGGCAGTTGGTTCATGTGAGGTAAGCCGTAGTGAC,118,57.63,Mus musculus
SEQ_423956,GGAGAGAGTACGAACGGGGGCCTTTACCTTGCACTATGTCCCCACTTTAACTTAAATAGCTTGTCTCAGGGCCGGGAGCAGTGCATCCATGTAGCGAAATTACAATTAGCGACGGCTGGTTGTCCCAGTAACTAGCAGAAGCGAGAATGTTCCAGCCGGGTGTTTAGAGATTTTATGTTGAGCTGCATGTTTATAGGGTCCTGATAGATTAGCGATCATTTGAGCCATCTGGGATGTTTTTTAGTGGCTGCTCAGCCAGTCTAGGCCGAAAAATCCTAGGGACGGTCTTCAAGCAATATGCGCTGTATAATCTCCAAGACCAGATACATGGCGCCCACAGGTTTGGTAAATCCGTACACCACCTTCTCGCTAACTCCCGGGGATGTACACGAGACCACCACCTTCTGCACAGCTCACTAATGCCTTTTAGGAAAGCCTCCCTTTTCAACACTAACCAGTGACAGTATCTAACCCCTCTGAAGTCCGAGTCTACGATTTACACTATCCCCAAGCTGAGCCGAAGTTCCCAGTAGAGCTTGGTTACATCAGCTGGTATGGTCCGGCTATCTTCAGACCCTAGGGAGGCCATTGTTTGTTATTGACGACGGGCGGATTTTGACCTGTGACCTCTGCGGGGTCTCCATACGGTAATGCGCATGAACCTGGACGACAGACTTTGGTGACAGCTATTAGGTGTCCTCCACATGCCAGCGAAGCCTTGGTACAGTGCTATGCTCTTCGACGTTAGCATACCCAAACCCGAAGTGAGCTAAGCACGACGGTCACTAGATACCACTTCGACAAGACGTCCGCATGCAACCGGCAGTGATGTGCTTTTGATGCCGTAGGCTAAATTGTCTGCCCTCAGTCACTCAGTTATGAACCACGTACGGAATCGGACGGCCTACTAAAGCCGTCCGTCGCCACGCGCGTATTCGTACAAAAGAGGCTTTGCTAGCTACTGTCGCGCACTGCCTCACTCAGGCTGCTCCGGCATGGACGAGGTACCCTGTTACCTGATTTGACTGACTTGACGAAAAAGGCTAGAAAAAGAGCCATGACAACTGACTACGTAAAAGGCACAGGCGGGAGAATGCATAGCTTAATATATCTACAGCTTAAAGTCCAGTCTACTTTCTTTAGGACCAATTGGCAAGAGGGGGGGATTACCTCAGAAGTCTACCTCGCGACCAAGTTGATCCTCCGCCATGCGGCAAGGATAGGGAACCCAAGTGACGACGTCCCAAGCTGGCGGTCGAGATTCCTCTAGCCTGTGAGTTTGCGTACTTTTCCTTGGTCTTTTTTCGCCACGCAGCAGATTGGGCTCCATGCCATAAGAAATGTTGAGTCAAACTACATGACTGTTCGGCCTGCCAATTGCCATCGTAACCGGCAAACCCTGTTCGGCTCCATCCACATCGACGGGGACAACTCT,1435,50.73,Saccharomyces cerevisiae
SEQ_448312,AAGTCCCACAGTAACCCGTGGACTAGCTAACGACAACCGTAAGGAAGGTGAGCTAACAGCAAGAGCTCCGGTTAATCCGTATAATTAACATCGCTTCACTGCCCTTAAGCTTGCCCGGCCTGGACCCTATATTTGCCCAATCTCAACTCATCGCACACACTGCGGCCGTTTATTTCCATTCCCGGTATAAGGAAACCTACACGATCAAATTGGTA,215,48.37,Escherichia coli
SEQ_892587,CCCGGAACAACGGTTACTCGGAAAGCAGACGGGCACTCGTTGCTGCTATTGAGCTTCCTATACGACTTTACTTAATCGACTTTGTAGACGAGACAGATTGGGGTGCAGGCTATTCCCTCCGTGTACTAGCATCACTCATGATGATGAATATCACCTAAGGTCGTCCATTGATACTGGCATGTTAGC,186,47.85,Saccharomyces cerevisiae
SEQ_760307,TGCGGCATCCCTAGCTTAATGGCTGCTTTCGTTCTTGCCTCATCCAGTAGGTACTATAGCTGCTCCACCCTGTTTATGAGACGAGGGCCTACCGATCGCTGGGCTACGAGCAACAAGAAAATTTGACATCTAGTATCCAACGCACTTCTTCATCTCGTTCAAGTATTGAGGGCTAAGTAAAGAACGTTGTCGAATTGCCCCTAATTGCGAAGATAGGAAAGCTTCAATTTGTGGATCACATGAGTTGTCGCACCTTCTCATCCCATTCGCGAGTTGATGGGATTTCCTTTTCGAAATACATCAAGGGTAGAGGTAAGCAACTCGCAATCTGGTCTAAGTACGGTATTTAGACCTCATCTTTCTAGAAATTGGTTTTGCTTCTATAACAGCTGAGATCGCAGTTAGGCACGGTGTGGTTGATGCGGTTTACGTTGACTCTCTTTACCAAACCGACGCGTTATGCTGCGAGGACCAGGGATGCTAGTTGGGCTGTATATATAGGACTGAGCGAGAAGCATCCCCATGCGGTGGCTTACTCATCGAACAGTAAATCTATTGCCCTTTTATCGTCGCAGCTACGTTTCCAGCGTCCCCCGTGGCCCCTACAAAAATTTCTTGCAAACGTTTTTGGGAGCATAGTACCGGGAAGTCGAATAACGATAGCGAATGGCGGTATTTCCCGGGTGAGTGAGCTCCATGAGGCGTTCGAGGAGCCTTGGTCATCGTATTCCAAAGCCCAAAAGGTTACGACTCTATCCGCCGGATAGTTTGAACCGCTCGACAGGTCATAAAACAGTCGACGTTTCGGCCTCTGAAACATGCAATCACACTTACTCAACTGAGGATCGCCAAAATTAAAACACAGCATGGCCAAGTGACCCTCACAGAATCCTACAAATCGCGACAATATTTTCCCACATGGTGCAGCCTTCCTCCATAGCGGCAGAGCACCCTTCCGGGATTTTCCTAGTCTCTCAGAGAAGTCTAGGTGATTCCGTATCTCTTAAGCGATCTTCTGGCGGCCCCAACCTAAATTAAGATTCTAGATACGTTGCGCGCGCCGATGTTGCCAAGAAAACGTGGGAACGACCGCATACTTAGGGAGGTAGCGCTGTAGTTATCAGCTGGAAGGCACGCGAGAGGCCACGAACGCCCGTGATTTTGTAGTGCTTTCAGACGACATACTTATACGTCAGCTAGAGGTCAACTGTGCCGTATTTGTCAATCCTATATAGCGACTGTCCTATGAGCGCTGATAAGATAATGTCGAGGCACTTGCGTTGAGGCAGCCAACGGTAGAGTCTCCGCAGTAAATGACCATAGAATCTACTAGTCCGCGTATTCATACTTGTTCCTACCAACAAGGTGAAATTACGTTGAACGCTGGTACGGTCGAAGACCCCATCGTCCTCCGGAAGTAACCGCCATAACTTACAGGCTGCATTTGGATGATGTTGATGGTACAAGGGGAATCGAATTCTACGGGGTGCCGCCAATCAGACATGTCGGGAGGTTGGTCATCGATCTTTAATCGAGTAAGCTTCTCGAACAAATGCAGCCATAGTTTGTTTGCAGCCCTTTAGGGTAGGGGGGTGAGCGAGCTACGCTCTATATTGCTGGCGAGCTGGCCTGTGAGGCAAATGCAGCTCGCTGTTCCTCATTCACGTGCCATAGCGTCTAACGCGTCGAGAAGCATTCAGCGAACTATTCGGGAGTCGGAGAATAGGTCGGATACTTTAACTGCACAGCCATCGAACTCAGAGTCCTGTCATAAGGACGT,1780,48.82,Arabidopsis thaliana
SEQ_944585,GTCTTATCCCATACGATTACTGGGTACTCACGACGATTGCGGTGTAAAATGTCCGGTCAGACCACCCGCTTACATTCTTTCGGAACATTAGTGACAAACGACTCAAACGCTCCCGGAGGGGAATAGTGCGGAGAGACTTGAATTCGCCATGGGCCGGTTAAAATGAGAAGTCAACTGCACTGTGTTGGAGTACGGCACTTTCACGGTTTGCAAGGGGTCCGGCTAATGCTGAAATGTCTTAACATGGGGCCAGATCGGGTACACTTTTGTCCCTGATAGAACCTCAAGAATTACCAGCCTTGAGATTACCCGGTGACTAGAGTGGGGTTTTTCCTTTATTTCATGATAGATGCGTTTCTATCCGATATGTCATTACACCGCCTCAAGCTGTGGCGACTGCCTGAAAATCACGTACAGGCGGGGGGCCTAACCGTGGTTAAATGAAGCCACGAAGTTAAGATTTACCGAGTCTACCTCAGAACTACGCTGGCGTCCCATTCTGCGGCGAAT,510,49.22,Caenorhabditis elegans
SEQ_599425,CGACGACCCTTCCCTCAGGTTTAACCTCCAGCCGCTACATACGATCAAATTGGACAAATACAGGCACATCGCCACTTTTAGTTGACATCGCGTGCTGGTAAGGAAATCGCCAGTGTCTGGGTATGCGGAGACCCAGGAACACCCAGAATCCCTCGTGCGAAACAACCAGGTACCCTGCCGTTCGGCAGCCGATGTTACACACTAGCTGACGGCCTTGATACTTTATTAAGGACCTCCGCGCATGGACCGTGCTCAGTTTAACCATCAGCAAATGGTCCCTATTTAATAACTCGGCTGCAGCCATACCTGGTTGACTAGGATGCTAGACCCTCTGTTTATTTATTGGTTCAGCGTGCTACGTCGGCTAAAATCATGTCCTACAACACTGCGCCAGTTCTATATGTTCGAGTTAGAGGCACCAATTAAACTCCATTGGCAAATCCCACAGTCATATCGCCAGCTCTCATATGCAAAGGGGGTTAATCGATCAACTCACAAGTACCTAGAGGCACCGACTCCGCAATAGAGCCAGCCGAAGCATCAGCCTCCGGTAGCCTCATCAAATCCAACTCCATCCGAAGACGCACCGCTGGGGATAATGTTTTGCGATAGCGTGGTGTGCCGCATACATTAGAAAGGACAGCGTATCACACTGACGGCCTTCGCTCTCCGACTTGCCAAGCATGAGCCCTGCTTGCATGATCGTGGCATTATCGTGTTCGTAAGGTCGCACCCGGGTAGAGCAATTTAGTTGCGTATGAATAGCAGCTCTGGCATGGAGTTCTGGCTCGGAGGAGAGACACTAAACTCGACTTGATACAGTATACCTAGCCCGCGAAAACGGATAGAGACGAACCTTATGTCATGACTGTTTTCGAATTCGGGAGATATGGTGCATGGGCTTAAGATCTACACCGAAATTGACGGCCGGAAGACCTTCTAGCCACCCCTGGGATCACATGTATCGTCACCGACCATGGGCCCACGCGCAATCTCTAAATGTTTAAACGTTCTTCGACTTTATACTAAGTGGTCTCCCACCGAGCCAATTTTAGATGAGCCCAAGAAGCGCGACGAACATTTTCCCTGGTCGCTAAGTCGTTTGAGCTAGACGGCAGCTAAAGATGTTTATGGCGACAGGACGGTACCAATGTCGCGAAATCATTGAGGTCATACATCCTTTGGACCTCTTGACCATACCCCCGGGTTTCCGACAGCATTCTAGTGGTGGGCGCCCGAGGGCCTAAGACAACGTAAGTGAACGCCGATCGTGCGTGTACCGTAGCTCTGGCAGCTGACAACTAATTCTTCGCATATTTGATTGAGGTCAGTCCCTCTAACCTTTCCAGGAACATTTTCAGAATGCTTTTCCCCACCGGCAATTCTCCGTCCCGTCTACTTGCTATCGTTGGGTTTCTGGGGGTTATTTGCGCGGCGTTAATTGAGACGCTCTTTTTATGTCGGAGATTAAAATCATCCAAATCTGGTGCAAATCGCACTTTTATATTAGAGATCACTGCGTGTCACCAACCGTTGTATAGCTATCGTGAGTTAATTTTGGCGAGTGAGATGCGGGTCGGAATGGAAGTCTCCTATACAATTACTTACCAACACATCCACTAAGAACCCGCGGCAGGGAGCGAAGGAGTAAGCTCGAAGGCCTAACTTCCGGATATAGCGAGCAGGCTGGGGTCTGCGCGGAAAACGTTGGCCCC,1715,50.15,Caenorhabditis elegans
SEQ_739860,GCCTAGCACGTCTCCGCCTAAGCGCGTGATTCGCATTTCTGGGGCGCACACGTGATTCTCACGGAATATGGTTTTGTCTATCTGGGATACTTCACATCAGCGCGACGCGTTCGCCCACGCGGA,123,56.91,Drosophila melanogaster
SEQ_476056,TAGGCAGTACCAACCAACTACCAGATGGGAAGGAAATAAGGTCGGGCGCTGTATCGAATAGATTCCAGTCTGTCGTGGACCCCGACAACAATACTCATAAACGCAAGAAGATCGCTAGGACTAATCGCCCGCCTGGTGGCTTAACTGCTGTGCCTAAAGGAGTCGGAAATAAAGAAAATTGCGACCCGAGGTGCTACCGGGTGACGCCTACCTCAGATCTTTTAGGTCTCCGTTGTGACAATTGTAACACTCATGAGGGTACCACGCGGCTTCATTCAAATCTATATGTCGTCTCTGACTGTGTCCTGTGATTTGATCATCGGTACTGTTCGTGAACGGGTTGAGGG,347,49.28,Escherichia coli
SEQ_227663,ACGGCGCACTTGAGCACCGGGTTCCACCTATGGTTCCACAAACTTATCCCGGCTACCTGTATTTGCTTAAGGGGTATAACCCATCATAGTTGGTGGGACCGGAGCAAACGCACCTTCCCGAAAGACCCTATCACAGGTCTGTGGCTTCGCTCAACAATTTAATGCTGGGACTTGTGGCACTTACCGCAGTACAGGAAGACGAGCTTCGTACGACAGATGAATATGCCCCTTAAATCTTTGACTGGGCTACCGACAATCATCAAGATGGTACCTTGCGCCCGCATGTACTTCGGTCTGGAATAGGGCTTCCGCAGTGTAGAATCGTTACACCTACTGCTCCCACTATGTAAGCGGCCGGATGAAAGAAACCCGGGTGGTACTCTCCTCAATGGTGTGAAGTGCTGTAAGGTCTTCGCCAGTCACCTTATCTGCCTATCATGTAGACGGGGGCCAGATCGCTGAACTAAAGATCCTCTCTAACTAGAACAATGCGCCCTTGTTTTAGTTTGCAGAGTACCCATTGGCGCACCCGATCCGACCATCGCTGTGTTGTCCCCAATCAAACGGATCAGACTCGCGGCAAAATAGATTGCATAGTTGGAGAGCATCGCATGACAGGCGTACGGCTTACAGACCCATTATGTCTAGTAAAAGGAATTACACAGATATCCCTGGAAATGTTGCCTGAGATGCTCAACACACAGACACACATAGGCAGCGTTTAACGCGTCGGCCTATACAGATCTGAGTGTTTCCTCACGGGATAGAGTCGTGTCGGCTGCCCTCACGGTGAAGGAGATTGCGGCGGATCGCGCTTGGGCCTATTCAGTGTCACACATAACCCGT,846,51.06,Escherichia coli
SEQ_360691,TCAAGAGAGTGAACCAAACGAATGGGGTTGACCAGCACCGACTTTGGTGCGCGATAAGCAAGACTTTTCTTGGGCGGTTGCTAGGAGGGTGTGAGTAGGTGTTGGCAAAATCTAATTGACGTTGTGACTTGGACCAGTTGGATACCATTGGTTACTTGTTAGAGAAAGAGGTACCAGGTGGGCACCTGACACCGAGAGCAGAAGACTGTCTTTACTCATCTAAATTCAGCAAACCATGAATCGGCAGAACCGCCCCCTCAATTCCGCTCTCGCGTCTCTCCAGGTCTAGGCCGTATGAGGGCAGAACAGATAGTAGCTACGGAATGTCCCCGCAACGGTAGCCGTTGGAAACTGAGAAATCATTGACTGCGTCTGTTGCAGGCGGTTCAACGAATTTTCGAATCCGGCGCGACGGCTTCAGTTTCCCAGCTGGGGCTAGCTACGTCTCTCCTTGCATGACTATGTTTGAGCTTAGTCTGGATATATTTTTGGATCCAAGCTGCCCCATCCATCAGACGTCTAACCATCAGCACATCGCAGGCAAAGTACTTGGAGCCTGAGAGCTCTTTGGCTCCCTTCGTACATCTCGTTAATAGCATATCCGCGTGTAGATGACCTCGAGTTAGCTCCGTGTGGCTGCGTCATCGACGCATGAGTTAACTCCGTGTGATCAATCAGATACCAAGTATATTGAGAAGGAAAACCCTCGTGTGACGAATGTTTGCGCCTTGCACATCGCGAGACTGTAGGCCAATGTGAGTTTGATATCTGAGTAGGAGGGCAGCGTATGTCTGCAGCAGCATTCGTCCCGTTATTACGCGGCTAAGGAACAAGGGACTAGGCCTGCGTCCCAGCCAGGTTTGCCTGCACGTAATGAGCACACGCCGGGGGACGAGGGGGGCCCACATGTTAAATATCCCGCATGTCCTATTGACGGCTGTCGACAGTACTAAATGCGAACTGTGTTAATTTCCACCCCAGATGCCCTGAGATAAGTAGGACCTCGAGCCAATTACAATTTTTATTCGATGAGGAGAGTATTTTACCGGTTATGTTTGGATGTCTCTAATACTGTCCACCTTCCCCGATACGACAAATTCTTCAGGGGCTTGGGATTCCAGTCTACAAGTGAACATCACATCCCTGCTGGAGCGTATAAGGCTTCCGGACTTACTATTATGTCTGGTAGGAGGCCCATGACCTGCAGATTTGGACGCTCGAACCCAACTAGTGATTAGCCTATGCGATGATGAT,1254,50.0,Homo sapiens
SEQ_546355,TTCAACTGGCCTGTAGTCCTTGGCTAGCCTTATGTCCGTACAATCTTATCGGCTATATAATCTCAAATCGGGCAATACCTTATCAGTGGTCCAAGACTCAACACAGCGTTAGGTGACTCGACATCACCACTTGCTATGTCTAATTCACGCCAAGGTGAGAGTCATTGTACTATTTAGCTTTGCCTCGTTGTGCACCGTAGGGACGCAAGGCTAGGACGTTGAGATTAAGAATATTGGCCGAACCCTTAGCACTTTACTACCAACAGTAGATTTTTTGCGCATCTATCTATAAGTTTTAGCTCTCCAGATACATTAGAATTAACCGATCCTAACGAAGTTCCTGACGGCCTTCGCAATTTGCGGCCCCGTGTCACCATGGGGTGCCAGCATATAGTCTTTGTTTCCTGAGTCTTCCGACCGATCGTTGAATCGTCGAGACCGATAGAAATGCGTAAAGCTGCCGGAGACTCCTATACCAGTTTAGTTCCATTTCCCAGTGCCGATTGAGTCAGACTTATGTCACCGAAACCCTAGCCGTCAACATATTGACGCACCAACTGCTTCCGTGTCCCAATGAACTTGCCGTCAAATAGGAGAATAACGTAAGATAATCACGTTTGGCAGCAGGCACATACCGACAGAAAAGGTCACTAATCGGCCCGGATCGACGTCGGGGCAGTCCAGAGGTCGAGACTGACCGTGGCGTCTCTAAAGCCCGTCAACAATAATAAGTTATAGTTCAGCGCCGACATCATAGCAGTCTCGTTGCTGTCCCTGATTCTAACGGCCGAATGATCGGTCCCTACTTTAAATGGAGCGTGCTAGTTTTTGTGCCAGCTACTATTGGGCGATGTATGATTTCAGAATTCCCAGCAGAACTAGTATGGTCGTCAAGTGCCGCTAGCTGCTGGGCGGTGCCTACCCCAGAAACGAGCTGTTCTGTTACTAATCGTATGCCACGGCCAACCTTGTTTTGTGATGACTGCGTGGCACCCTTTTCGTGGAATATCCATAATCCCCCAGAGGCGACGTTACTCAGCATCTCAATTGCT,1052,48.19,Homo sapiens
SEQ_227079,ACACGAATGTTAGCGGTAAGCATCGTCAAGACTACGACCAGAGTCTTTTTACACCTAGGTTTTAAGCCACTCTACATGCGCTGAAGACGGCGGCCGGTGTATCTCGCACGAGAACTGCGTTCGAAGGAACACTCGTTTGTGGGTGTAGGTCTCTTCATCCCGTACAATGACGATCCGATCTCGTAACCTTTTTGGAGAATAAGGCTACGCTCTTTGTCCAGCTGGGCCTATGTGCTTAAGGTTAGTTCGTTCCAGTATGCGAGGCCTGGACCCAAATTGTGCTCCTGTTGGAGAGATACGCGAATGAGAACTCATCCGGACTCTCTAGAAGTACTGCTATTTTGGTTAGTCAAAAGTTCATGAACGAATTGTGGCTACTCGACCACCCAGGCGGCAATAGTTAGTTTGCCAACAGTAGTGAGTTCCGCTGATAACTATATTGCGGAGCATGGTAACTCGTTTCAAAAGATTGCGTGTTAAATGAGGGAAAACTGCTGAGCGGGTCTATCCACAGCGTAATTCGGCCCGGGTACGAGGAGGTCGGTACAATGGGTAGAGT,559,48.66,Arabidopsis thaliana
SEQ_835154,CACCATTGAAAATTCGCCTGGTACTTCCGGCCAGGGCCGCCTGGTTCGTGGTGTCTGGTAGGAATTAACGAAGGAATACCGGCTCATTCACGTTTTTTCGGGGACTTCGCCATTAGGTGCTGATTGCAGCTTCGCGTTATGCAGGCTAAAGCCACAGAAAACGTGAGAGTCGCTACAGTAAGAGACCGGTTCCATCGTAGTCAACGGAGTCCGCACCCGTTCTGTTAATAGAATCATACAGGGCGTGCGCGATACTAACACAAGCAGCCCGCCCACTTTGGTGAAGGTTGCCTGGAAGCACTGCCCGGCTTGGTCTTATTGGTTAAAGCTAGGTGGAGTAAATAACCCAGAGTAAGGTACGCTTCTTAGCGGTCTCCTGGGGCAGAGACAGGTTTGCGTCAAGACTGAGAGTGACGACAAATGGTGGGGACGTTTCACATCTATTATCCTACATATCTCCAAGCACAGTAGGGTTCAGATATCCGGTGAGACGTAGTCAGTCTCATAAGTGAACGTATTTGCGCGACAAGAAAGAGCCGTCGAGGGACTGGGACCCGTATGGTCATGTCATTAGCATATATGCGGAGTGCCTTAGGATGCCCCTCCACGGACTCTAATCCCACCCGAGGTATTTGAATGTTCGCGCCCATTCTACCAGCGAGTCCTTTAAACGTTCACCCGAACTTCCCCGATATGGCTCTTAAAAGTGCGGCGTTTACTATCGTAGGGAGTAACTGAGATCACGGAGCACGGATCCGAATTCGGTATGTGAACCGTGCTGCAGCTCGTGCGGGTATAGCTCGTAGCCTTTTCGGCTTTCCCAACTAACAATCGCCCCACGGGGATAAAACATTAAGAAGAGTGCTTACCGCGAGTACGTAATCAGTCACCTGTGTCATCGTTCTTAGCGATCTGTGTTAGATACGCGTACAGAATGTGTGCCTAGGCAAGAACAACCCAGACTTTAGCTTGAGATTCTTACAGTCCACGCCGCAAAGTTTCAATGCAATCTCAGTCGCGGTAATGATGTTTATCGGCAAGCTATACCGGCCATCATTGCCTATGCTCATCTCTAACAATCCGGCGAGTACATTAAACATGCGAAGGCTAACCAGATGTAGAGTTCCAGGCACCCCCCTATGCGCTGGAGCCTCCTGTTATAATTCCGGTCACGAAACGTTTAGGTGTTGAGAAACCCGCCACTCGCGCC,1210,50.58,Arabidopsis thaliana
SEQ_614149,ACGTCGCCTATCCCTCACGCGTTTCCCTCAACGGCCGAACTGGTCGAGTATCCATCTTACACTAAGCATATCCGACAGTATAAATGTCGTCCATGCAGAACCTCAGCTCCCTTTATTAACGTGCCGCGACCGAGTTCGGCGACCAAAACGTTTCTACGCACGTAGAGTCGGCTACGGCACCCTTTTCCTGCTGGGCCTTCTGGACCTGGGCATTGTTCAGAAAGATCTCGCTTGCATGAGTTTACCGATCCGACGCGCTCAGGGGGCTACGGAGTACTCTTCGGCATAATAAGAGCGGATATCATGACGCACCTGTAAGTAGAACACCCAGTACATGCGACTACCTCATGCAAAGTGAACGGAGTCCTTTAATTGCGTTCGTTGCGAAGAGTCTCAGAGGTCCCCTAACATGTTCTCGAAATGGAACTTCGTCGGACGTCACCATGTGTGGCATCGTCATTACAGTATTCATATGACGAGGCATGCCGGCCTGAGTCCGTGGAGTTGAGGACCCCAACTTTACGCATGGCCACTCACAGGAAGAGGTTCGTAGGTGAAGTGTTCTTATTTGTGTGATATCAATTGCGCCTTACGAGTTAAAAAGGACGCATGACTAACCTTTCAATAGACCCGTCGGGCAACCATAGCCGTAGACGTCACTTACGTCCATGGACTTATGATTGCTTGTTTGGCCGATGTTGGCTATTATTTCCGGATGGCCTTAAGGAAGTAGGCAGGTTCGGTGACACTTGAGGGACAACTGCCTCCAATCTTGATGTTTCATAGCATTTACAGCGGAATCCATAGCCCGTGCACAACCTAGTAGGCTCCGCGACTTGACCAGAGAACACCTTCCGGTCGCTGTAGACACCGCGAAAACAAAGGGCACCAGCCTTCGCTGAAACGTGAGCTCCCGAATACAGTCCTTACTGTTGTGCTGGGGTACTAATATGGTATTACTCGTATGGTGGTCGGGGTTGTATTATGCATAAGAGGCACTTCTTAGCCCGCTTCCGGGGTCGTGTACTAGCACCAAAGAACTACGATTCCTGCCCACCGGCATATGCTACTAACTTGAACGGAGAGCTTCGGGGTGCGCCCCGTCAGTCCACTACCGTGTTGATAGCGGTCCATACTGGCGATGGGAGTTCCCACTGCCCGGAGATCGGGAGTGAGAGTTGTAGTGATGTGACGTTGGCGTATGTCTCGGAGCAGTAGCCTGAAGACCGCTTCGGAAATGTAGTTTGGTAGACGTCCAAGGAAACTGTGTATGTATTGGGAGGCCCACCACGACGCACCGTACTTATCTAAAGGCAGTTGGGTTATTGCTTCCCACCCGCTTTAAAGTACCAGCTAAATAAGAGCCCTTCAAATCAGGGCGTACGCGGACATTCCTGGCACGCCACGTAGGTGAAAAGGTCGCCCAACTGTCGTCCGTTTGTAAACAACGATGGGCAAGTATGTTAGATCATTACTCAACTAGGACCTCCCACCGGTATGGTGTATTATGTATCCTTTCGATACCATTAGGGTTGCTGATTATGTTTTTCG,1551,50.81,Saccharomyces cerevisiae
SEQ_919673,CTCAAGCTAGATAAAAATCGACGGGGTTCCATACGTTGTCCTCTAAGCGCTGGCGTACACTTATCATAAACCGAATAAAATTCGCACCGTTGTAAATACCTCTACACACGTTCGATCTCCTGCCAGTGTGTATTACTGATCTGTAACTATTCCCATACGCTCGACAGTCGATCCCAAAGTATGCCGTCTTAGCAACCCCAACTTAAGATGGAATTAAAGCGGATGTTGGTCCGTCTCCATTAATGCACGACCTTTTTGGGCTAACATGTCGACATGATAAGCGGCCAGCATGTGTGTCGACGCGCCCCTCCCACTGTAATAGAAAGTGTCACCCTTGAGCGTTGAGATCCCACCAGGCTCCAAGTGACCGAAGTGGTGCGGGAGCCGAGTTAGGTACATAGATTGACCTAAACATTTACGCAATCCGGGAACCTCGAGGCAAGCAGATATGTGACAAGTTGGACCTAGTCTAAATTGCCTCTTTCCTTCCAGTCTCGGACCTAACGGATTTATGCTGCCTGTTTACTCCCGCGTGAGAGCCGCCCTGCAAAAGCCAACCATCATAGATCACTGGGTCTATTCGAGAGGATTTACCCTGGGCACCTGTCCCGATTCTAATGTATAGGTCGTGCCAACCCGACCTTTGAAATGGACCATATCACGGTCAAGTGCTAGAAGGTTTTTCGGGCAGATGCGTTTGGCGTGACATATTTATGGGATCGAATTTTGGCTGGTTACGGAGACGGTCGCTCAAGCTCAAAGCCAAACACCGAAGCGTGTAATAATATGAATTTCTCCCTCTGGCGGGGCGAACGTATCCCGGCATCCCTCCGGGGGCGTAGATTCGTCTGGTATCTGTCTGTCATGAAGAGTCCAGCCATATCCACCCCAAAGCCGGGAAGCGTGTCCGAGAGACACACCACTAGCAAAACCTGCCTTATCGATATAGGTGCCCATAAAACCTTCCGTGCTAGTTGCGATGAGCCAGAGAACCCGATTTGGCGGAACTGGATATGCCGCAGCGTCTGCGTGCAGGTCATCTTCAGAATAACGCTCTGCCGGGTTATGGTTCGGCTACGTGTAACAGCAAGGACCCTCACCGACAGGCAGCGGACCTGTTTAAATATTGTAGTGTCCTACCTACGGCCCACTAAAACCGTTAAGCGGGCGCTTAGCAGACCATAAATTATGACAAGAGCTTAAAAACACCGCGACCCGCGTTTACGAACTTGTACTTCAACACTGAATTATATGTGTAGCGCTACGGCTAAGAGGACAGACCTGAGAAGAACCTCCTCCGTCGGTGCACAAATGGTTTTCACTCTAACAGTGAAATTGTAGTACGGTGACGCGTTTGACGGACCAACCTAGTGTCTCGAGCTGCATCCCGTGAATAG,1397,49.96,Homo sapiens
SEQ_492807,ATTGTGAACTTATCTTACGTTCACGTAGATATATTCATTCTGCATCATAAGCATTGGACCACC,63,36.51,Caenorhabditis elegans
SEQ_980910,CGAAATCTAATACTGGAGATACCGTGCGTTTGGTGTGATGCCCACATACACGCTTAGAGATGCGAAAATTCTGCCCTCGGGCTGGTATCCGTAGGCGGCGAGCGAATGTGGAGGCTTGGACTATGTCAGATTATTAACTCATCAAATTGGTGGTATCGCAGTTCCAGCCGAAGGCTACAGCGAAGTCGTATATGAAACTACCTTTAAGATCAGTTCGTCCGATAGTCAGGGGTCTAACATGGGGTGG,247,48.99,Saccharomyces cerevisiae
SEQ_827765,TTCATGTAAAGGTCACGATATCACATAAACGCAGACTCCGCTGTAGCTAAGCAGCACACGCCTTTGAGAGAGTCGCCGGTATCTGATTACCAGCCGATGTTGCAATTGCCAATACCAGGTGTGCTGACAATAGATAGAAGTTACAATTTATCTCACTTAGCCCTACTCGTAAATGAACGTCCAATCGGGTTGTCCATATACCCTATGAACTGCTAGCCATTTATACGCCGTGGTCGACCCCGTCGTTGTTCGTAGCCATTTGCCGAAGCAGACGATGCCTAGTGTCGCCAATGGCTGCCGGATCTTGCGGTTGCTGAACGGCTACCTCCGAACACTAATATTGCACACTTCAATTCAGGGTTGACTGTGAAGGTACAATTTTATTCGATAATGATAAGCCGCATGCTACTTACTTGCCCCTTCCCCAAGACATCTCAATAACGGCCCTAGGCGTTTGCATTAAGTAGTTTGGGATGGATTACCATGCTGCTATCGTAGGATCTGGTAATCCCGCGTTATGTTGCTGAGCCTATTTAACCTTTTTGGAGTTAGTGACGGCTTTGTGGAAATATTCGGGGAAGCGTGCACGCCCGGTATACGCACCCGGACGAGGGAAGGATTAGACGCTGGACTTACCCTCGCCGGAAGGGTTAGCAATAATTCAGGCTCTCCCTGTTCTCGCTACAAAAAACATAGCGACACTATCGGTCTTCGGCACCCGCCACGCGTTCCAGTGTGGCCTAGCGCATAAGTTTCAGGTATGAGAAGGATTGAGAGGGGTTACTTAAACTGGCCCAAAGAGCACGTGAACGAATTCATGCATCCCCTATTTTAACTTAGCATGATCACGTCGGCGCGTCCGGTGCTATAGCGACAGATATGATGCCGCTGGACCGCGGCGAAGTTACGACAGGTCGCACATAGCAAGGAGGCGATTGCGCAGGGCAAGATTACGTAGTGGCACTCGTAAAAAGGGCGTGTTTTCGACCTCATCAACGTAGCACTTGGATGCGACTACTAAGCCGGGCAGTCTTTGCTATACCATACCCCTAGTTGGGGATACTGTAGGCTCGCAGAGTCCTGCGATGGCCGACACTCTAGCATTACGACAAGGCACTCTGCGACCCCTGGTACGATTGCAAACGAAGTAGTACTCCTTGTCTTCTTCAAACGTCGTAGGTCGACAACTGGAAGGCCGGCAGATTGCGTAATGTCATAGGAAGATGTGCAAAATCCATATGTAACGAGGGTCGTACTTCGATACGGGGATGCAGCACCCACAGGACTTCCTAACCATGAGGGTGACATTCTGCCGCCTAGAGGTACACCTTGTAGAATAGTAGACTGTAGTGGATATGTGAATGGCGACCTGTTTTTGCTT,1381,49.82,Escherichia coli
SEQ_462219,ATAACCCATAAAACGGATCTCGATCATTCGTTTGGTTCAGTTCAATCTTAAGCTTAGTCGATCACAACAGTGGAAAGGAAAGCTATTGGGATATGCCTTCCGATGTCAAAACATGCCGCATTCCGCGTATACGGTAATTTATATTACGACAACGCGGAGTTAGTAAGCACTGTGGCTGAGCCGAAATACCGGGAAACTCGGAGCCCTATCTTATGATTCCACTAAGTCGCTTTAGCTCTGGAGTCAGCCCCGTATGACGACCCCGTTGACTCCTCGATCGGGCTTGGTTTTATTTAACAATAGGTGAAGGTCGAACCGGCGGTCGCCTACGCATGAATAGCGCACACTGTATAAGTACGCTTGAGTAAATTTGTGGACGGCGTAGGATACACAAGATTTTCTAGAAGGCGCGCTGCTCGTGGTAATGGTGAAGAGTGGCGCGGAGAGGACCGGGTTAAGCTTGTCCACACTTATCGGCTTACGTTATGAGCGCTGGTTGGCTGATGGGACGGTCGGTGTAGGACTTGTTACTCGGATCGGACGAGCGCGAGTACCACAGCTGAGAGAACAGAGATGTAGAGCAGAGCTGTAATTTACGAAGGGTTCGACACCAACTTTATCTTGCCAATGATGTTACTTCAGAGTAAAGCAATGCTACACTTGAATAAAGCGTCCGGTTATTTTAGGTTAGGAGGTGCAGGGGCGACCTCAAAATTGATTGCAGTAGGGGCTTAGTAAAGCCCGGCAGATCAACTGCATCGTATTATTTAGAGCCGAAGCACCTATGAATAAACCTCTGTGCTAGTGGTTAGTTTCATTAAAAATTACCAGAGGTCATCGTCGGTTCCCCGCTGATTATCAAGTACCCCCTAGTAGAAGAGAGTCCATGAGTCCCTCTCGCGTATATTCTGGTTGGGCAGATCTAATACGTTGGGGAGCGTTAAACGTCTACATGTATGCTACGTAAGCCCAATGTAGACGTGGAACTGGGCATACCGAGGTCGCCAATTATTGCTTTCGATATACGATAACCCCCGAATGGTCTCATAATAGGAGTACTAATTACACATGACGCTCGTATGTGCACATGCCCGCAGGCGCAAAGATTAGGCTGGTACTGGCTTCCGAGACTTGTGCCCGAAAACTTCTCTGGGTCTGCGACAACTGCGTGGTCATAGAGGACTGCGAGGAAATTATTGCCCATTTTTGTCACACACAGCGCTACAATCACGGGGGAGATCGTGTATTGCACCATGAAGGATTTATGTG,1269,47.83,Drosophila melanogaster
SEQ_132843,TTCGGACATGGACAAAAGTTGCCAGACGCTGGAAGACGCTTGGTTGTTGACCCATGTCGGCTCCCGTGCATATATTCCACTAACGTATTCCGGGAAGCTATGTCCGCGAGGCGAACGTAGGGTCTCCTTTGAACCATGCCTGTGGTACGCGTGAAAGATCCTGTGGACATCTCTCCAGAGGTCCTTTGGGGCGGGGAAGCATACACAACTCAACAGACCAAGCGCATAACAATGGGCAGAGATCACTTCCGATGCACACGAGGTCTCTTCAGTACGAATGCTAAAGTAGAGACTGGTCCGTTATCGAATCACAACTTGAGAAGCAACGTAAAATTTACCCCGCACCCTGCGCAGACTGTTCTGTGGGGGGTTCACTGCAGAGTACTACCATGTCTGGCCCGGATGATTGACAGTGCTCTCTATACGCCCCTGTCTCGCTGGCCCTCTTCCCCGAATTCGTCCCGCCTAACTGTATCTTTTTCTAGGCCTGGCACGATTGCCATGGTTACCTAGCGATCTGCTGAGAGCTAATTTCGGGGTTGGCGTCCTTGCGATCTGAAGTGGCACCCCTTTGCTCACTACGTGACGAGCGATAGTCGTTAAATGAGACTTCGACCGAGTACTGGGAGGTGGGCATGAGTGGGCACTTAAACCTGGGCACGCCTTACATACCTAATGGGCCTAAACATTATCGTTATAGGTGGATAACGTAGATGTGGGCCTTGATTAGAGAAACCTATGGTACTGATGCGAAGAGACTTTGGACGGCATGATCGAGATCGTCAGGTGGCTACTATAGAGAGTCGAAGTCAACGCCGAATCGTATCCGTCCTTAGAG,838,51.67,Escherichia coli
SEQ_612209,TGGGATAATGTATGTACCTCCGATGAAGATGGGGAAGTTGATGAGAAGTATGTTCAGGTTCAATACTTAGACGTGCCTCGCTCAATCAGGTAGTCAATACGATCTTAAGACGACATCGGGCCTGGGCGTCAAAATCAATAGTGAGACCCTGAGTCGATAGTGTTGGGGGAGCTGAACCCCTTCCACCCCTGACTGTTATAATAACTGTCTTCTGTCCCTTGGCGCCCATTACCTGAAATGTGGGCTGGCCTTGTGGCGGGAACGTGGTAAACAGA,275,49.09,Saccharomyces cerevisiae
SEQ_271887,ATAACGGTGATCTAACCCGGGTGGCCTCGCACAATACAAGGGCGACTGTGGACTCGAGGTCGCTTCAAGCCCCACGGATGCGGGAACCCGCTAGTCGCCGGTAGATTATTGAAGGATTGTCTAGTGTTGTAAGCGGCCGTAAGAGTATGTGCCATAGGGTGCCGGATTCTATAAGGTGGGGTCACTATCGTGTAGCCGTGCCGAAACCGCAAGACATTCCAAATGTACGGCAGCACCAGCTTGTCTGTCTATTCATCTTTGCCGGACTCCTTAGCCACGAGTTTGGATTCGACTCAGATAACACTCACTCTGCTCGCGAAAAACGTGCTTAGGTCTTATTACTTCAGAAGGGTTCCCCTTCATAGAGGGCACGTGCCGGTGATCTGATAATTCGCGGTTCCCTTTCGGGCTGTAACTACGGCCGCAAAAAACACCCCTCGGTATCCCTACCACCTTGTTTAACTTATCCTCTGTTAAACGCGCTGCGGGAGCCCCCACGGGTGCCCACGGCTAGGTCTACGTACATGTTCCGATTACAGGATTATTCTTTGTGAGATGCGACTGCCTTGGCGCTCATGCGTGTCAATATGACGACGATAATCGATCTTACTAAGCCTACAATGCGGCCAACATAACGATCCTTCACAACGTACGAGTAGGAAAGCTACGGCATCCTATTGCTTTTACTTAGTGTCTTGACTCACGTGCGACTATCCAGGTGCAAAAGGCAGATATGAATCGCAGGAGGTCCAAGGCATATGCTTCTCCGCTCGGTGTAAGGCATAACCCAGGCATGATTGGAGCACTACATGCAAGAGCGCAATTTCGTGCCTCTATCAGTCCCCGGCCCATCAGCGGCCCTTTTGACCGGGCGCTATTGCTTCGCGGTACCCACGCCGTTTATCTGATTGACTAGGACCACGTCGTGACGTATCTGGCCTGTCTCCTCCGTTTCTGATAGTGTCAATACCTCTCATTCCGTAGGCGTCAAGGGGCCTTTCCCTAGTCAAAAGGGTGTTGTGACGGTCACAATCTATTATGAGCCTTGACGTGGAGCGAGCAGTGGCGTAGTCAGGGAATGTCCAATAGCTTCAAAGCATGAGACAACTTCACGAATGGAAGAAGGCGTATGTTGACTAATGTACTGTTCCTCTCGGCGGATGGGTCAGGCGGTGTCTCTTTGTCAATGATCGATTCGTGATCGGATTTATTACTGCTTCCATTTCGGGGCCAGTTGGCGGCGCGGGACTGCGTACCCAGACATTGTCTGCCCAGAATTCAACAATTAGTAACAGTGCGGGACTGCGAGAATTTACCTCTTGTATTATTCCCAGGAATTCGGGCATTACACGCATTGACGAGACATACTCCCCTACCTTTACATCACTTCTTGGATTGGCTACCAGGGTTACCAAGAGCTAACAGGACGATCGAGTATTCATGCGTTACTATGGCACCACTAACCGCGCTCCAAGCGGTCGAGCGAGTGCTGCGATAGGATGTGGTAGCTCGTCCTACATAACAAATTCTCACGGGCTATTTCGTCCCTAGGTTGGGAAGTCTGCTCATGACAGAGGCGCGACTTCAGTACGAATTAAGTTCGCTGAGCTCTAACAGGAATCTCTGGCGGCAGTATAGGAGTTGCTACCTGCGTTCCCTCTTTGGGGTCATCCACTATTCTCGGACATACGTAGCAATCCATGACGTCTTTAATTCTTACCGTCGAATTTACTCGTTAGCAGACCACGACCGAGTATGCAGATTTCCTGATGAGCATAAGCAACTCCTGGAGGAGCACTTCGTCGGTGTTGATACTAAGGCACCGCAGCATTGATTGATGTTCCGCCGCTGTGGATACTCGTAGATACTCTGACAGGATTGACCCCCTGTTAAGGGCCTTAAGTGTGGGGCGGCGTACAAAAGGTCCTGACTGAGTGTGAGTAGAGCCAGTAGTTCTATAATAACGTTAGATCCATCCCGCAATAC,1986,50.76,Drosophila melanogaster
SEQ_912712,CGGCGCATTAACTAACATGAAGCTATAGTGCCAAGCTGGGAATCACGCCTGGGGCTTTTAATACGTGCCCTTTCAGTACACGACAAATCGTGCGCGGGCGGCGGCAAAAGTTTCTGAATGGACTGGGTACCTATGCGTAATAGCTAACCCGCTCAGAGAGCGCAATCTACAATATCCTCTCCGTCACATTTGCCAAGGTAGTGGGGAGGCGCCACTGGTTTGTGTACACTTTATGGTATAACAAGCGGTTCGGCAGGGGGGTTTCCTACAATAACCAGTTACTGATCCTGGAAACTCTCCACTCCCTTAACTCTCCACGGCTGCGGGTGCACTAATTATTCAGCGCATTCCTCCACCGCCCTCCAATATTGGGGCACTTCTATAAAGACGCCCAGAGAGGTTAGCGCTACAAATTCACTGGAAGCCACGAGTCGCATGTGATGACACAAACGAGCCGCTCACGTCAAACTAAGTGTAGTACTGGCATAGAATGCCTTAAGCCAACGAGCAACGGTTCCGATTGCTTATTATTATGCGAGTATGAGATGGCCTGGCAGGTCCTCCGGCGTCGAAAATCACGCTCTGCTGCTGCCGTAGTACGTCATGTTAAACCCACCTAGGAACCGATGCGTAGGCGCTTCCTGATCGGCTTCCTGTTCGCCGCGGGTAGAATTGTAGCGGGTGCCCCGTGCGATATTTTTGAACTATTGTTACCATGTTGCCAATGGGTTGGCCTCGCTTTCTTGTTGCCCACGTTGACGCGCGACGAAGGCGACGGATTAGACCCGCCCTAAGTCGCCACTGCGTTGGAAGGGCTATCGTCCTAGTTGCGGACTTGCTTTAGGCCCAGTCCATTGCCTCGGCCAGTCCTGGTCACTCCTCCTCGAAATACATGTAATAGGGCATCGGAAGGCCACTCGAGAGTGGATTCAATGCTGCGCAAAAACTCGTGGGGCGCCAGTGTGATAAACCTCGGAACATCTTATACGCGGTACCCGGATCTGATACCCTCAGTTTTACACTCCAGCACGAGCTCTCGATCCGCTTTCTTACGCGCCGAGCTCTGCAGCAAGCGTCTTGTGACTGTCTCTGTGGCTTTTGTAGGCTCCCGTCACTCGGGAGTTACCAGCAGAGAGTTACGCAGCTATGAGGGAGATGAAGGATGTTTGGTGTCGCCCCACCCTATACTCATAACATAGTCGGGTCTGGCTTGTTCACAGTCACCACGAAGTTAAGACGGGACTCCAAACATCATTTTAAACTCGGACGATCTCATCTTCCTAGGCTTTTCAAAGACCAACCCGTGGCATCGTGAAATCCCGACTAATTCCCATTAACTATAGTTACGCGGTTTTCACTAAACTCAGCCAGGCTCGGCGTGTTCACGTTACACGTTATGGAACCTCCTCTTCGGACCTGTGGCCTCACAAGGCAAAGGTGTCCTAGAACGGTATGGCTAACAAGTTTAAACCTCAAGACCACAGCCGTCGCTGCTGGCGGAGTGTTGGGGTGAGATTTGTAAGCCAAGGAAGGCGTCGCGCACAGCGGGTGCGATAGAACGCGGGCTCCGGAAAGACACACCCTTCTTC,1589,52.55,Drosophila melanogaster
SEQ_894061,GTGTCAACCATTCACAGAGTTATCGCTGCCGCTGGGAGGGATATTTGCTTGACGCACTATACCCTGCAGCCTAAACTCAGTATATATTGACTTGTCGGTCGTGGGATTCTGCGGGCGGACCGAACAGCTGAGGAACGTAACAGAAGCCCAGGAGCCATGATCAGTGATTACAGTGCCATAATAATCTGCGTCGCCTGATCACAGGGTTCATTAGAAGGTACCGGGAGATGATCACCCCACAGTCATCGCGGTCTAGATGGTCGGCCCAGCACGTTGAGGATGTTTCCGTGGCCAAGCTCGAAGTTTTTCCACAGTCACTAGCAGGACACAGATACGCGACGATACATTATGTTATTAACGCCCAGATAAGCAACCAGTTTAACATCACCCCCTCTCTAAGCCGTGGTTGTCCCATGCTCCGCCGTAAACGAACGCGGCAATTCTGGCCGTCTCTTCTTCAACTTCTAGATCGGACCCCTACCGTACCAGCAACAGTTCAGAACGACAACTTGTGCTGACGAATGCGAACATGGATATCGGCCGTCAAGGCACTTGTGAAGACGGATGCTATAGGAGTGTACGCCCTGTCGGTTAACTTCTCTGATATGGGCAATACGTTCTGACTTCGCGAAATTCGTTGTGAGCATTATTGGGAGCCGTGTGTCATTGCTGGTACTACAGTAAACATATTCTATGACGATTATTACTTGATAATGTGGGGCGTTCCTTCCGAGGTCTTGCCATTCGTCGATGCGTGTGCCCCCTCGATCCCCGCACAGAGTATGCTTGATCGGCCAGAAGAGGTCGGTTTTCTTGAATCGGCATCGTCTACCCGATGTGGTATACTTCTAGGTACCATCAGCGTGGGAAATGCTTTAGCTCTGGCCTTATCCGTCCCGGCTCGTATGGCCTGGCTCAGAAAGGTGTCACCAGAGCTTATAGGGTCTTTCCATCGCCCT,959,50.99,Mus musculus
SEQ_798947,ACAGAACTTATATATGCCTTAACGCGAGTTTCCGTGACGACCTATCGAACCCTGCTCGCTTGCTGTTCCTAACTTCAAGTCTGGTATCGCACTCTTGAATGTCCACGGAAAAATTTGAAGCACATGCGGAAACGGCCTGGCACCAAGGCCTGTAGTAACCGTATGGACAACCCATGAGTGTCTGTGATCACCGAACGGTGACTATTCCGTTTCTAACTTATGTCGGGGCAGATGTCATCTATGAGACAGTAGGTTCGCACCTAGCGCGCAGAGCCAATTTATTGCTGGGGTTAGCCGATACCTCATCTTTCCCGAAACGCGGTCTGAACGTCAGACTGGCGTCCTTGAGTCGCATTATATTGAGCATTCCCTGACCCCGTACGAGGCATCAACCCGAAGAAGCGCCTAGAGGTGTACTTATTAGAGCGGCAGTTGTACATAGGCCGAAAGGTGCGGCTCTCAAGTCTGCGCTTGTTATACGCCTGAAACGGAATTATGACCCTGACAACGCGACTCCTCGTATAAGATCAGTGAGGAGTGTGTCTTGATCGAATCATTAGGTGGAAGCCGAAGTACCATATCAGTGATTCATGGCCGTATCGCCAAGTGACGAATATAATTCACAAGCATGTGCTACGGTGCACATGTGACAAAAGAGCAAGCCAGCCGGCCTCGAGAGAACCACTGCACGTATGATGATCACTCGGAAACGTGTACAGTACCACGTGATACCGCATAAAGCGGGAGCAGAGAGCGTATTATTGGAACCACTCTCAAAAATGTGTCATAGCTAAGACCTGGACTCGGCGACTCCTGGCAAACAGGATAGATTTGAACACTATTATTGCCTAAAGTAGCGGTTTGCGAGGTACGAAGGTCCGCAAACGGTTCCAGAATCCATATGACGGACACCTAGGCTCAGGGATGATGAGGCCGTGTGTATAATCCCGGCACCCCTAAAGACAAGCAGGTACGGCGGTTTATAATAGAGGCTGCAGACACATAGCCCGTGAACAGCCCCGCGTGGAGTGCTATAATGGCCTAGCGCTTGTTACATCGGGTTCGACCGTATCCCTGAAGTAGTGGGGAGTTATCCTAGCGCAAGGAAACTTTCAAGACGAATCACCG,1128,50.09,Drosophila melanogaster
SEQ_114258,TGCGGGACCATGTAGACGCAGGTGCTTATAAGGCAAGATGCGTGAGCTAAATACTCCCGAAGTTGTGGCATAACGGCGGCTCCCATGATTTCACGGGAAGTGACAAAAGGACGGGACACACGTGTGAAGATGGCTATCGCAATCATGTCAGAATAAGTATTCGAATTCTGTTCGGTAATGGCACTGGATCCTCGTTCCTTTCGTGGGGCGTTTCCGGGCTTCCTTAAAATACGCTCGGGAAATGCGCCCAAAGGTGATTATTATGCCTATCAGCGAATTTCGAGTATCAGACGCCACACTATCGGCCCCTCGTGTTATGATAAATGGGAAAAAGAGGTCACTATGGAGCAGTATCCCATATTGGAATAGATCTCCACACTTCCGGTGACTACATAGAACTCCACGATCATTATGACACGTCCGGAGGCAGAGACACTGCCAATAGACGGTTCAGACGCGATAGATTGGTTGGTAATCCCGGCTCTAGCGTTACCCAAGTGTACTTTCGGGCAGTGAAAAATCTACGTTCAGTAGTTTGCATAAGTCGGTTCAACTGAGAGCGCACCCTTGAGGGCGTATACAGAATGCAGGTCCAAAATTATACGGAAACAAGCTACGAGTCGATATCCGGTGAGTACCCCTTGTCTGCAGATAGCAATTTGGCGGTGGGCCGATACTAGCTAGATAAGCTGTACTGCTTTCCGTATGCGATATCCCGATCCACACCACAACGCATTTCTACTCCTCATGAAGAACTACTTAGAGCTCACGGCCCTGAGAGCTTGCGTTGTTTCAGCGGGTGACCACATTGGTTTCGCGGTACGTCATGTTACAGCAGAATGGCGGGTCTGCACACTCTTTCGAGATCGACCTGATATCCATCTCTGCTACGAGACATATTTCCCCTTGTGTGGGTTTATTGCCAGTCACGGGCGAACGACACGGATTCGCGATTCCAGTACATTCATAAACATGTAAGTTCATGGCTCGAGTCTGTGGATGAGAGTGAGCTAACCCGCAGCACATTAATCAGTAGACTTGACGAAGCCGGCAAGTACCTCCGCTGACACAAAAGTCAACTTGCGCGTGTAGCGATCTGTCCATCGGCTATGCATTAGACCGGCACGGGTTGCTGTACATGATGGGATGGCCCGCTTCGAATCGTGCTGTAAAGTACTTGCAGGGAACACAACTCATCCCTGTCTTGGTTAGCAGGGTCGGCGGCTTTGTGCCGCCGTAAGTCTGCAAGTATCCCGCGCAGTGCCTGCCTCAGGCCCGAGACGTCTAGTAGATCAAAAAAGATGTTCAAAGAAGTAAGCAGGCATGCCAGCTATGCCACGGAAGAAATGCCTGTCGTAAAGGTGCCTAGGCATCAGCAATCGCTCAAACAAGGAACACAATGTTTAGCTTTACGACAGCCAATCCTTCTAGCTAATCATAACTATCGAACTTC,1453,49.48,Escherichia coli
SEQ_924383,GCCCATGTAAATTTGGTCATCCCAGAGCCCATAGAGGTTACATATCTAATGCCGTCAGTCAGTCCCGGGAGGCCTCAAAGCCTCTCCCCTGTCCTTATCCCCTTAGGCGGCAGTTATCTTCGTAGACAAGTGTCAAATACTCGCAGGACTCCCACATTCTTGTATATCAAGTCCAGTTACGCTGCCCCATTGCTAATTGGAAGACCAGTGGATACACACGTCGTTGATCCGGTCACGTTGAGGCTCTAAGTGTGCAGCCTAGGATTATATTGTTATTAGAGATGCCCTGACTTCTAGATGTGACATACGACTTGCATTAGGTAATCACCTGTATGCTACGGCTTTTTTGAAGGCGGTCAAACCCCGCGAAATCGAACTGGAATCTTCATACTATCGAATTATACGAGTGAGTATTTTGGTAGCCTCGCGTTATCCCACGAGACAGCTAACGCACAGAAATCCAGCAGTTCTAACTATTCGAAAGAATGCCTAGGCGCGCTCAGATCCAGTAGTCCGATACGCTCCACTCGTACCTTTATCAAACTATAAACTCAACGATCTGACCCTTACGAGTCGGAGACGGCAAGGTTGCATTCGTGCGTGACCAACATCGGAGGGCTCCGGGGGAACGGAATACGCATCCACTGTGAGAGAGACCCTATCTCTAACGTGCTCATGTTAGTAATACGCGTACACTGTAACCTCATGTCTTGTACAAATTGCTTGGACAATCACCCCGTACATACGCGACATTAATATAGGAGCAGAACTGCCCTTCCTGTCGACTTGTGCCGTGTAACTCGAACTTGGACTTTGTCATATCTCGGGAATTGCAACGTCCGACCGCGGGCGGCAGGTGGTATACATGTCCTGCCTCCTGTTCGGAACTGGAAGCGATGTAACTGTATTACTCTAGTTTTTCCATCTACGTTACTTGTTCAAGTTAACTTATGATTTATTGCGCTCCGTAATGCGTTATCGGCAATGATAATCATAAGTTCTGTTCATCTTTATTCACGCCACAGATGCCGGAATCATGAACTGGCCTTGATGGGAGTGTCCAGCCATCCAAGGGATTCCCACCCTTGTCGTGTAAATCTGACGAACTCCGACCGTTTTCGGTCTCGATCACCTTGATATGTGCTCCGGTCGTTCCCCCTCAGGAAATACAGCAATCCAGACTTTACAAACCACGTAGACTTCAGCGGTACAAATCCCAGGCTGTCGCTTCATCGTTCTTTTCCTGGCGCAATCGGCTGTGTAAGTTAACGTCTTCGTGTATTTAGCTCAAGCCGTATGCCGATGTCCTCCTAGACTTCCAGATGGACCTCTAATGGTAGTCCACCAGATGAAATAGAACTCAGCAGGAAGAAACCAGCAAAATGCCCGCAGTAGATATGTCCTGAAGGACTTTGTGCCACCAGATTAGGTAGGTGGGTAGATCTCAACAGCCATAGGCTACGGCACGCCCCAGCGGAACGGCTGATCGGACTCACGATTCAAGATAGACTCATACTAGCAGTACCCGATTAATCTATACCTAGTTTCTCCTAAGAGTGTATGGATCATAGTTGAAGCCGACGAACCACTCAGCCACGACCTATACCGACCCCGTTAAGAAATGTGTGGTGGATCTCCGATGGGTATCGACTAACCCGCCAACATCACCGAGCTTTGACGACCGCTGACGCGTTGTTAGAGTCTTTGAGGGGAGTCACCTAATATTAGTTAAGAGCCCCAATTACTCAAGGATCGCCTCGCATTATTTTTGGCTGCCCGCTGCTCCCAGGGTTACTATCCCAGGTTTTGGGCCAGTTGTGTGACGCTGATCATAAAAAAA,1840,48.32,Saccharomyces cerevisiae
SEQ_751534,TGTAGTTTGTGGGCACACTCCACTTCTAACAGGCTCACGTGGGGGTACGTACGTCAAAATATAGCGAACTATCTTGCACCAGGGCCAACCAGGCGCGCGCTGCGGAAATGCACAACTTTGTTCCCGGGTTCGGTGTAAGCCCTTCCTCAGTCAGCGTGGACTCAAAGCAAGATATTCCAGAGAGGCGGGGCGAGTTCCCTAACTCTATAAGCAAAAACATTCGTACCTCTGAGCAGCTTCTACTTCTGTTGTACAGACATATATACGCTTAAATCCGATGTGTTCTAACTCTGTCTGAAGCGAAACAAATGTCCAAGACGCACTACGACGCTAACCAGGCAGCCGACCGCTAACGCTCCGGAACCATAGGATCGGCAGTGAAATGGTAGAAGCGTACGGAGGTCCCCCTGGTCTGGATGAAAACTCCGAGAAGCCCCCAATCGGCTTAGCGGGATTGCGTAGTTGTTGACGGAAATTTGATCCACAGTAAGCGCCGGAGAGGCGTGACAACCACCTCGAGCGAACGTTACTCGACGGCGATTCTTTTTGGTCCGTCGGATCGCCTACTCCACTCAGCCATCTAAAAAGTCTGTGAACAATAAGGAAGTAACAATTTACTTTCTCTTGATTGTGGTCCGGCTTGTAAAGCGAAAACTCAATTAGAGTCGATTTGATTGCGGTACGATAGGACAATGTCACACTAATGGCATAGTATGACAGTCTCGGTTTGCAGACTAACTTTGGCCCAGTTGGGCTGCCTGCTTAACACTAACCCAGGACAACGCACGACGGGGACAGTGCCAGAGGACTTATCTCCTCCTGGAACTTCAACCGAGACAGGTAGATATAGGTGGTCAAGTGTCCCAGGGGAAAGCGGGGTTATATAACAAACCATTCACCAGAGCGGTAGATGTCGTAAGAAGGCCAGAGCAGGGGCTATTGTAGTGCTGCGGCTACTTTGCCGATGAGGTGACGACAGGTTATTCCAATACAGAGAGCCGTTAGCTAGGGAAATATAAGGCTTTCCAAATTGGAATTCTTGAGCTTATTGGTTTTTAATAGAGTACGGATCTCGATTCAACAAGCAGCTGTAATGGGTCGGAATATCCGCACCCTCTTGCAATTGGCTTGATAGTGCTGGTATGACCGTGGTGTGCTGGGCCTAATCACCGCGCAGCAGGCTTATCGCATCGAAGCGCCGCGACTGGAGGGACGCTTTCGCGTTCAAGCATGTTCCTCGCTGCGAATGGTTGCTATACCGACCTAAAGCTGATTATGATGGCAATAAATCATAGTGGAAAACCAACCACGAGAGACTTGCATCAAACAGAATTTCTGTTGTCGCAGCGGACGAAGGTTATCAGTAGGGAGTAAGCCTAGTTCCAATCCGTAAGTTATATCATCTTTCTTCGCGTTCAACACACGTCTCACGATAAAGGCCTTGAGTTTGGTACGTCAGCTTTGTTTGGCCTGTGTCTCGTCTTAACATAACGATCAACAACACCCGGAGTAATTAATAATTCGCTCTTTACGCCGAATTCCTATATTCAGCGCACCACCTCTACTGGGTGGCCACCAATTGGTACCTGCGGAGAGCACATTTCTGGACCAGTAGTAACCCCAATGTCCTTACAGCTATGCAGTGCGTACAGCCCTTTATTCATTGCCTCTGGGAGCCCCACCATTACAGCAGGCAGATCGCTTACCGGCCGAGGTAGGTAGCCATTGCAGTAGGTGGTTCAGCACGTCCCGAGTTCTTTGATCTAGCAGTAGGGTGTTTCTGGTCAATCGGGCAGCTCCTCCGTACCAAATGGCCGCTACCACGATGTCAAGCCCATCTAGGACCGCCACTCGGTCCCAAGACCACGGCACTACCCGTTCAAA,1884,50.0,Saccharomyces cerevisiae
SEQ_689018,AAGCATTGCGCCTTTATCGCCACGCCGCCAGTTCCATTAATTGAAGAGAAAGTTTAATTAGTGCGTTCCACTGGCGCCGTTTACATGTAATATAGCAGTCCAACTAGAAACCTTCTACGATTAGCGACGGCCTTGAGCAATCCACCTATATTGTCCCTCATGCATTCATTTGAACTATCCTCGGGGACTGGAAAGCTTACACAAACCCCATTTCCGCGACCAATTCTATTACGAGAATGCCCTAACAATCAACTCGTGAAAAAAGTAGACTGGAAATTCGCCATCTATCTCTCCTCTGCCAATAGATCCACCGGGTAAATCCCTTACGCAGGTCGCTATGGCAAGCCTAGGGCGTTTGCAGGGCGGAGTCACCGGCGACCAGCCGTGAAAACGGGACGCATGAGCTTGAGAAAGGACTAGCCGAAGTTTCTCCCTAGAGAGTATGCCGGCGTTCTTACTTTGTTCTGGATGACTGTACATCTCAAAGATCGTTCTGGCTGTCTCAGTGTACCATATATAGTGTATAAATTTGATGGCTCTCAGTAGTATCTGTTTTTGGTCTGCTCGAGTGGCCCAAGTTCCCGGGGCGCTGGACTTGGCCGGTGAGCTTTGACTCGTTACACAGGGCTACGGCGTCCTCCAAATCCCTGGGATCACGTACGGGCAAATTTGGAAAGCCAATTATTTTGTGATCTCCTTGGATGTACAGTTACGTACGCCTGGGTATATGCATAGTTACTTGAGCGCAAGTCATTGAAGCCGCTGCCGCGGGGGCAACGTGATCCATCGGTGACAGTACCCAAGCATGGTACCCACATTGCGTCGTCGTTTTGAGCCTCTTGACGGTGATGTTACAACAATTAAGTGGCCCCAGGCGATCTTTTGTAGTCTAACACTAGACCTAGTACCTGCTTTCTTTACGGGAGAAAATCGTAGCGCCCTGGATCACGATACTCATTCGCGAGACTTTCAGAAGAGGGCTGACGACCGTTGACTCGATGATCCAGTTAAGTTAGGAACACCAGTCTGGCCTGGCGCGCTAAGAAGACCTCACTAGATGTATTTGCCCGAACGGTATATCCGTCAGGTAACATAAAATTGCCGAGATCTCCCAATGTATTATAGACTGCACGGCAGACGGCCTAACGCAACCAGAGAACACTTCGGTCTTGGAAGATTTAACCCGCGCCGGCCACCTGTCGGCGTTCGATATTCTAAGTCCTGTCCTGCTATAAGAAGCGGCAGCTACTAAGCAATCGCCCGCGGCACTCTCGTTTCAAGGAGGCTACCTGCAGGTCGCAAGAGGGATGAATACCGACCAGATTTCTTGAGTACATCGACCTGGGTTTGCCGCTGCAGCGGACTGGTACGACGGCCCAGTCATAGCACAGTCTCAGCCTGACTAAAACTCCGTCCTATTGTCTAGATAAGAACGTCCCTCTTGGCATTTTTGAGCCTCTCGACGCATCAGAGTACGATTCCGACAGTCGGT,1492,50.13,Caenorhabditis elegans
SEQ_265574,AAAGATCACTTCACCGGTTCTTCTGTTTTACGAGGCCCAGACCCGGTATCGGCTGTACGTAGAACGTGTCTCTCGCAACATCGTTGTGCTAACCCATCACCTGATGGCAGAGCGTGGTAAACCGATAAGAGCAGAGCTGCCCGGGGGGTGCGGCGTTAAGGTGATTTACAAAGTCGAGGAGGACTAGACTTATACGTGTACGACCTGGTAGATATAGATTCCTGCAGTGCACTGACGTGAATTCCGAGACCGACTTGA,258,51.55,Caenorhabditis elegans
SEQ_550033,TCTAACAAATACGAATGCCGGGCTACCATACGCGCACCACACACATAACGCAAAGGTCTGGACAGTCAGTTCGCGGCCTGAGCGTACCTTACACTGGTCAGTTTGCGATCTTCTATTGGTAAGGATCCTTTCGTCTTTCGGTGGCAAACGCGTGCGTCTATTGAGAGTCGGTCTCAAGGGATAGGTGTGTTACATAATGCGGTGCCACTATAGTTGCGCTGTACGCCTATGCTGATGGCTTGCGGAAGATGGAGGACTTGGTCATAGCACGCATGTAAATCATCCATCCGATCTTGTCATTTATCGCCATAGAAAGCTACTAGCACGACCCGATGGGGAGCCTTCCCATAACTTATCAACTTCCGTGATCTAGTCGTAATCGGTACTTATGCGATCACCGGGCCAGCATTGCAGACGTCTCTTGTTGTATATAAACTTAGATGTCGTCGCACCGTGAGTCTAGCACCCTGCGTTTCCTGCCTGTTTCCGGGAACCGCAGGTCGCGGTACTCACAGTGACTCCGGAAACTAATTAGCCGGTTGTTTGTCCGGAGGTTGTCGAAGAGTCGCGAGGAGCCATAAATCCGGAACACTTACTACTCCAAGAAGGCTTATGCCTGAGCTACTGCCTGATCTGTCTGCTCTAATTGATTGCGGTCACATTCAACGTCGTTCCTGTCGGCGACCGAACTTTACGAGCACTCCCGGCCAGGTCCCAAGTGCAGAGTACCCTAGATTTTACATATGAATACCCCCTAGGTGTAGGAGGGTAGGACGCAGGATGGGCCCGTGGGCTTACAGCGGCCGTAATTGGGGGTGCGGCCCCCGACCGAGCGAGAGACTCAACATCCTGTGATGCTACTACCACCGGTTAGACGCGAACAACGCTGATTGCCGGGTATCGTAGAGGAAGGAGGGCGATGCGATGGGGCTCGTAACTTGCTTACTACCCGACATACCCCGGGGCACCTGAGCACCTCTCGCAGCAATCTGTGAAAACGAGTAATGTGACATGTGGCACCCGAGGCTAGTCCAGAAAGGATCCAGGTGCTTATATTTCAGAGGATCCATTGCTCCCGCTAACACCAACGTGGTCTGAAGAATGTTGGCACGAACTACTAGCGAACACACGAGGTGTATAGGTCATCTCCTACCCCGCCGGTGCACTCTACCCCAGGATCCTCGACAGACACGATGGAGACCAAAATCGCATTCGGCTCTGGGCCACAACAAGAGTATTTATTGGTTACGGAGTAACTTATCATAGAATTACAATCGGATGCCAAGTGCGTTTGATCCTCACGTCCCACCTGAAAACACCGGGGGTCCTCCCCTAGAACGTGGCATACGCTTTAGAGTCTGGCGCGGCTCTGCGTCTTATACGTATAGAACAGGTTACCGTGACTTTCACGCACCTCTTCTGCGCAGAAATTGAAATCTCCGCCATAAGGGGCCCCATTCTTCGCAGGAGGACGAAATGGAGATAACGAAGAACAAATCCTCAGAAGCGCGCACAGCTCGCCACCGAGTAAAATGCCATTAATGAGGCTATCAAATCTATTGCTTGGTGGACAATAT,1577,51.87,Caenorhabditis elegans
SEQ_262813,CGAAACGGATCGTACAATGAAAGCCGATGCATAACCAAGTCCTCTCGGTAGTACTAGTCACTCACCCGGGGGTCTCGAAACGGTGACCTAAGCTATGACTCCGCTGTTAATAATGTGAAAAAGTCACCAGAGATTTTAACTCCCGGGATGACTCGGTTTCAAGCTTCGGGCCTCGAGGGGTACATTAAAAGAAGGTTCTGTCAAGCATGATATTCGGCCGGTAGCCGTACCCCTAATGACATCCTCTTCCATTCTGCACTGCTCCGTTAACAGACAAGCCCTCAAAGGCTCGCAGGAGCTCGGACATTGGTCTCAAATGACAATCAACAGCCGGGCTAGCTGAAAGAGGCAGCCGAATGTAAAGAGCATATATTGCAAGTGGAAGGAGTCCGAACTCATAGACTGTGCCTGGGCTCGCCGCGAGGAGAGATGAAATCTCGCTTCCCCACCTGAGCCGGGTCCACCGAACGGCCAGAATAAATGCGTCTCATCGCCCTCAATTTACTTTTAGTCAGCGTGCACCGCTGTCCTTTTGAAATTCAGGATAGACTTTAAGGTCGCCCCCGCTTCGACACGGTTGTTGTAGTTTATCTGGTTTGGCAAAATATTAAGGTTGCGTTGAGTAAAGGAGCTGCGTATCGCACGGAAAATAAACCGATAACATAAATGAATTTAACGTGTGGGCATTCTGTGGGACGTGGCCAGGAGCAGGCTCGCGAACAATCGCCTGCTCAGACTTGGCCTGCCTGCGCGGACAAGACTGTATTACAAAGCCTAACATCAGTGCAAATGGGTCGAAGTCTGCAACTCAAAGCCGCGTATTACCGCCTGAGCTCCGGGGCGGTATCCCTTCCATTTGGGCATCTCAAGGTAATGTACGAACCTTGTTAAGTGTCGGGCGACATAGTTAAAAATACGCGTAAAGCGTCGTTCGTCGCTACTGGCACGTTTATACGTGGAGACAAGCTGAGTCGGTCTTGCGTTATATGAGGTACGGTCCGGCGACCCAACGCGCCTTGCCTTGTCACTTCCCTGGCAAAGCCGTCGACAGACTAATCAACCGGGTCGTAGTCGAAGCTGAGGAGAGAGGGGTTAGACGGTGTCTCGGATTCTGGCGTGTCAGACGTCCCAGAAACCATTGTACCGGTTGGTAGCCAATCCTTCACAGGTATCGGTCGCGTGTATATAATTCGCCTGCGGTCGACGCCCCGATCGACTTTAACTGGCGATCCATGGTATATCCGGTGTAATCGTCGTCTAGATGAGTGGCCTGAATTCTCACTGATGAGTGCTTGGTCAATGCGCATGATATCTGGCTAAGAGTGCGGATGTCCTCTGAGCCCGGGACCATACATAGGTGTATAGGTTTAGAACGCTTCAGTCGCTAATACAACCCGGTCAGATATCAAGTTCGTCCATGAGCGTCCAGTAGCTGCCCAAGCGGCTCCCCCGGAGAGAGTTTATATTATTTGCATTAAAAGGCTGTAGTGTTCTCCGACTCGAATCAAAGCCTCGAGAAAATAAATCTGTTATGGACTTTGTTTCGATTTCCTAATGGAGTACCGAGGATCCCGATTTATCTGGGGTGTACATTGACTAGACGTCGCCTGGGCCTGTGCAGGGCGGGGACAGTTTATAACACATGCAACGACATGACATGCCTAGGATGCATCCGTCTGGCCAGATTTTAAATCTACAGGTCAATTCATCCAGTCTGGTGATCAGGAGCATTTGGTGCCTTCTCCTACC,1749,50.49,Mus musculus
SEQ_115655,AAGAAACTCGATACCGAGGCCCTGACGAGAGTGTGCCCTGCCAACCGCAATGTTTATTTGCCGCATGTAAGGTCAACACATCGTATAGGGGACTCCCTCCCTTACAGTATGACTATGGTTTCCACCGCCTGATAGGTAGTATGATTGGTGAATGCCAATAGCGGGACGCTTGTGTTTGTCCTCCTTTACTTCGGTGAGGGCTGGATCTATGGACCCTAGGACACCTCAGTCAATGGAGTTGATCCACACGGTTCTCCAAATGAGGACGGCGGCATAATTCACTTGCGTTGGAGACTTGAGTCGGGGGACGCTTTGCCACCTATATACGTTCTCGTTAACTTATGCACTCAAGTTACCCGTCAGAACGGATGTTTCTCTTCTTCGCTTCAAGGTTGACATCTGCTTCAAATGACACGTTAACGCGGGCCTTATACTCGGGAGTCTTCAAATCAATCTGCGCGCCAGCGGGACTTTAAAATTATCCACCACCACACCGATCGACGCGTGCGTGTTTGTTTTGTGACTCGAAAGCACCCACATTAGACACAACTTGCGGGAATTGTGACATCAAACGCTAATGGCGGGAGATACTCAGGAGGCTGCAAGTACATAAAAGCGGACATAGCCGCAGTTCAGTTACTCCTGGTCTTCCTGTACGGGAGCAACCGCAATTGTCCGGAGCGCGGCTAGCGATGCGGGGACTTGACCAGGGTAGACTAAGGTTACCTCGAACGAATTAAGGGTTGGAACCCGCTCCGCGGGTGTTCGATTCTTAAGGTATGCAGTTCCTAATGACTACTGGTATGCCGGCCGCTGGGGGCAGGTCGGGGGAAACTTAGTAAACATTCAACCAGGGTTCAACTCAAGGTTATGGTACGAGCGAGGCATGGCGCCCGATCTGGCCCTCTCGTGATAGATGCAATTCAAATCTATTTATGCATATTACAGTTTGCACGAGCTGAGCACTTTGATTATTGACCAAGCTCGATTCCTGCACTGAAAAGAGTGCTTAATTACAGACACTGGTACCGCACGGATGTCCTTGCAGCGCTTGAACCCGGCGATTCGCCTACCCATCCGTGCTAACCGCCAAGCACCTCACGTCCTGTTTCCCTAGAGGCCCCGAGAGTCTCACATCGTCCTATTATAAAGTTCGGCATTAGCGCCCGGTACCCGAGGGCACATGAATACAAAGGTAAACGCGTTAAGTGACGGTCGTGTCCCAGAGCTTGGTGCGCATGGAAAGTAAAAGTAAGCGACTGAGCGATCTTGCATGGGTTTAGGAAATATCCCAGTGTTCGTGCTTCTGCTGCCACTTTTTAACGGCTGCAGCCTTAGGATCTGTGCGTTTGGAATCCCCAAGAAGCAAATGTTAGCTGCGGGTACTCTCTCATTCGCATTATGTTGTATTCCGTCGTGCGGGGATCCGCTCCTCCACCACTGGCCGTTTCCGTTCCAGTTCCATATGAAGGCCGGTA,1478,51.08,Escherichia coli
SEQ_108789,TAACGCGAAAAAGGGGTTCCAAGTGTACTGGAACGCGCACTGCGGCGTCATCGTTGTCCCAGCTGGTAACCATGAATACTAACTTTCACTTAATGATACCCCGGCTTACCCCTGGATCGACTCGAGTGCGGCAGCGATTTATTCCGTGGAAAGGGTTTAATTATTCTT,168,48.81,Homo sapiens
SEQ_900918,CCGTCCATTGGTGCACACGTCGACCATCAGTGGTCAGATAGTAGGCTGGGCACAAGTTGTTATATCCCGTCAAATGGATTACCATGTCACCGGACGTTAGGATGCACACCATAGTTAAGGGGGCCTCCTAAGCCTCGCGGTTACGCTTGGAATGCGTGGAGCTGACTGATAGAATTACCGGCCTAACTGAATGTCGAAGTGAGAAGCCACACTACGAACAGGAAGTTGTATCCAGGTCTATAAACCCACTCCGCAGTTTCGGACTCGACTGA,272,51.1,Saccharomyces cerevisiae
SEQ_485509,AGGCAGGGAGCCATCGGTCGCGACCGAGGCCAGGACGCGGTGTACGGAAATCCCAAGCCCCCCATCCCTGCGGCAATGTCAAGCGTCCACCTCCCGCGTAGCAGCGTATTGACACCTGTCGATCAACATTGACGCGCATGGAGGGGCCAGGGAGCACGCTGAACATACAAGAAGGTAAATCGATCGTTTTCTATGAACCAATGGCAAAGACCCGCCCTGTTGGGATACCTCGGCTTGATTGTCGGTCATCTCGCTCGAACCGGCGAGATTGGCCTTAAAAATATCCGGGCTCGGGTGGCATGATTTTGTTGTTAAGCTGACGATCCGTGAACCTTGAAAACCCGACATACATAGAAGGGCATCAATGATACCGTATGACCACGGTACAGTTGGCGTGAAATGAATCTGGTCCGGACAGTTAGTCAATATGGTCAGATAACATTTTAGGCTGGATATGTGGGGGTGCTAGGTGGCCGCCCCCTGAACCTATCTCAGCTGATACCGTTTTTTAGCCATGGGCGAGCCGGCTAGGCGAAGTGTTTAGTCGGACCACGAAGATGAACGGATGCAACCTAGCGGTACCACGGACGGACTATCATCGATGTTCGTCGACGGTAAGTGATACGCTTCCG,632,53.8,Escherichia coli
SEQ_630235,ATCTCTGGTCTCGATCCCCTGCCGCGACAAACGTACACCGTCATTGCTATACTGTACCCCGATAAACTTGCTTTGCGCCCGTGTACAAAGTGCTCGGCCCACGACGTGTCGCGGTTCTTTGCCCCAATCTTCAATCTGAAAATTTTTGCCCAGGGTGTGCTCTGGCTATCTGCACTTTGATTAATGCTAGAGACTATTTCTATACTATGGCCACCAGAGACTCGACGAGAGGAGGCAATTTCTGGGCAACAGTCACGAAAATACATTGCCCTATTTGCTCTGCTGAAGTAACATGCCATCTACGTCGCGCGCAGGGGCCCACTAGCTTGCGGCCTGTTTTGATTGCAGGCCCAGGTGCGCCATTACGATAATATGCGTCGCGCTATCATCCTAAGCGATTTACTGTGCGTCATTCTTGACTCACCCAGCCGCGTATGTAGGGATGATATCAAAGCCGAGGCATCACACCGTGGGTCTCTAGTGCAACCTGATGTGCTTTGGTCAGCACTAGGTGGTTCCGCCGGATTCAGTCGTAACCAAATCTTAGCGGTGGGTTTAGCCTGGTAGCTTCCGAGCCTAGTAGCCCCTGCTATCTCATATCAATATTCCACCCCTGTTTGTAGACGAGCAGTGGCCGATCTTTGCTGGCCTCGGAATATCCCAGTCAGTATCTCCCTCATGTAGTTTCCCTTCCCGGTCGTTTTGAACCTAGGTATTCCATTAATATTTTAATATGTTTAGTGGGCCAAGAGAAAAATGTTAAGTTCATGGTAAGAAGGATTGAAGCTTATGGACATCGTATCTACTGAGGTGGCGTTCATCCTGCCGGGTATAATTGGGGACAATC,847,49.35,Caenorhabditis elegans
SEQ_210949,CCACAAGGAATGCTGAGTTATTGATCCTCCCATTGGGCTACAATCGGGCTTGTCTTTCGCTAT,63,47.62,Arabidopsis thaliana
SEQ_839656,ACTAGTCAGTTGATGCGGCAGGCGGATGGTTAGTAGCACGGCCAAGCGAACTTAGCGATATCTGCCACGTCGCTCAATCAAACTCGCTATCCAGAGCCAGGACGGGTTTCGAAAGGGTCTGGCTCCCAGACCATCAATGTGCTTATGTAGGTGGCGAGCCGTTTTATTGCCTCGGATTGTTAACTCAGGACCAACGCCGCCTGGTCAAAGTTTGAGAAGCGCGACCAATCACCCAATGTCCAGTAATTGATCAATGAGAGGGGGTGAAACATACAGGTGACACGTTCTCTTAGACGTCAAATTGTTAGGGAATGACTGGAACCAAATCGGCAGGCTCAGGGGAATTAAATCCGTACTCTCATACACAATTTATATGTGCCCACATGCACCTCGCTAGCCTAGAACAATGAAGTCTGTCCCTTTCTTAAGCACCCAACGGAATTACAGAGGGGCCGGTGGTAGGGGAGGTCTTTAAATTTGTTCTCTCACCCTTGGGGCCAATAGACCACCCTTATCTGACGCATCGTTGCTTCAACCCGACCCTTTGCGAGACGCTGGTCGTCGTCACGGGGATCGATGCAAGTCCAAGACGTACACTATTGATCCTGAAACCTCTCAATCCAGACATAAAGAACCCTGAGGGATGTGCAGTCTTGTTTAGCATAAACTCACGCGAGTATCCGGTCTTTGCCGTATCCTTGTCTGATGCTCAACCAGAAGTCAGTACTGCTACCTGGGCGCCACTCCGACCACCCGATTCGATATAGTACTCGCTGTAGGCGCTTTTTATCCTGGTTTGAACACCAAGGGCAGGCTCTAGACCGAGG,827,50.67,Drosophila melanogaster
SEQ_354221,GAGAAGCACGCAGCGTGAATAAGCCCCTAGTGTACTAATAACGGAACAGCTAACGGGGCCCGTTCCCACGGCTACTCACGGGTTTGAAAGTCCGGCTAATCGTCCACGGCGTCTCATCAGACAGCCGCTATACGGAAGCGCGACGAGGCGCGCAGCAGCACAATCATACGATGGTGTCCCAGAATATGTGTTCACACGTCTGGTGTTCTGACAAAGCCTCCCCGCCACAGACTTAGCGGCGACGTAACAATGGGAGGTAGATCTGTAAACTCACCTGACCGAACCCTCGACGCCGGCTAGTATAAAACCGCTACGGCATGGAGCGCGGGACTATATGGTTTGATTCAACGCTCGTGGGTTTTCAGTATTGGCTATTATCCATAATTGTAGGGACGTCTCTCCGGACCAGCGTTTTTTGTACGCTACTGATTAACTTCAGTGCTCTGCTCGGTCTAAAAAATATCGTCGCCCACCATCAAGCTATAACACGGGGACGAAGGCGTATTTAATCTTGCTTTGTTGTCCATGCTTACTCATCTTGGCGCGTGCTCTTAGTTACAGGTTTAAGTCTGAACAGCTAGGCCACCGGACGGGCTG,597,51.93,Caenorhabditis elegans
SEQ_767391,GGCCCTTGTTTCGTGAAACAACCGGCGAGAGAGGAGCACCCTCCCGTGGGGACATACTATAGTGGAGAAGCCCCAATATCCTCGGTTAAAAACGAATCAACGATCGTAGTTTGGCCCTAGGTCAAGATCTGCCCAGGGGCGAGTGGCTTAAGGCGTAAATACTTTAACGATCCCCGGTGCATGAGACGCTGGTCTAGCATGCTGGTGGAATGATCCCCGCTGTTGTGCTTCACGTTCATATTGCACCATTGGCTTTCGTGTAAAGTATTTATGTGCCTAAGGCCCAGCGGAGGAAAAAAAAAGAACATGAGCTCATATTGTCTTGACGCATAGACTTTCTATGGTACATGATGCTCCCAAGACAACTTCGATTTAACATGGTCAGGCTGGAATTGGGCGGCGTGACAAGCTGTAGGCAACTTAAGGGCCCCAAAGACTAGCCTCGTACCATAGGAAATTACCAAGTGGAGAGTATCTGGGGCTCACACTAGGAATTGCATGGGTAGCCATCACGTGCCTTTAGCGTAGAGCCTGGCCTGGCGGTGGCTTAACCAATTGCGTGCTGCACCCGACAGTCTGTATTAACGTTTGTCACAGCCGGACCCTGGCAGCCCGCTTCCGTTCAGCAAGACAGTGATGTTAGGGAGATAAACTACAAAACTAGCCAGTGAGTCGTTCCACCTGGCTCTCAAGAGTGGCGGAGTAAGCTCGCAAGCGAAATTACCAATTTCTATGCGCAAACAGATCTCGTCATACACCCTACGCCCGCTGATGCCTCAAATTGACGATTCTTGCTGAACGGTTATACATAGCCCGTGAGCTTGGGGGAGTATATGGTTATTCTACTAGTTCCTAGGCCTTAGCGTTTGGCGGCTCTACTTAGGGCAGATGGTCCTTTTGGGAAAGGACCGGCCGTCACCAAGGACGTTGCGAGCGGCAACCCCTTTCGCGGCTGTTGGATTGGAATCTCGTGATAAATTTCATGGGCCGTTTTCTAGGAGTAAAGAATGAGCAGTGACTATATAAGAACGGTTGGGTCTTTCGGGGTCTCCGCCTATACCGGTGTTTATACCCGGACTGAGCATGTTCCACCATCGCGTCATCTATGTTCTGTAGACCACGAGGTGACAATCTAAATGGCGCCTCTTTACTCTAACTCTGCGATCTACCGGGGGAGGTCTAAAGAATAAGTTGCAATAGGAGTTTCTAATCCCATCAGAAGTCGACACGGTTATTTGTGACTTGGACTTATGATATGTCCAGAAGGTTCAATGCGCGGGGGGGAGCGTTCGCTCGTCCTGCCTTACCGGTGCACACCGCCATACAGGTATTTTAATCGCAAATTCTTAACAGTTTTTTCCGACTTGGGGTTATCTCAACAAAGTGCTAGCGGTAGGGCAATGCGTTACGCGGATTCTGTATGCACTCTACCGACGAACGGACCTTACGGAGTTGAATTGAAGTCGGCACCATGGTATAAAAGTATGGATGGGGGGCCCTCTTTGAGTGGTTGAGCAGAACCGGGCCGGTCCGTAAGAAATTGGTCCCGTCCGAGAGACACAAGCGACTCGTCTGCCGGCTTTGGATTGAAGTCCGGATTCGGACTGACCCCCGTAGCACCTATAGAACCCGGATATTGAGTCGGTGTACCTGTTATGGTAGCCTAACCGACCGACTTGATTAAGCCTTACGAGCCGTTCAGCTCGATGCTGGGAGTAAGACTAGCCTAAGTGAACGAAGTACCCAACTGTTCTCGCCTCGTAGGCCTAGCCTTGATAACTCCGGGCAGCAATCCATAGATGCCCGTAGAGCAAAGGGAGTATTCCTTTCGTACTACGCAGACATACGGGCCAGTACACCCCCCCAAACCGGATCTCGTTCGCATAGGATGGACTACAACCGTTACTGGGCCGTCATCGGTAAAACATGGTCCTGACGGGTAGACC,1946,50.92,Saccharomyces cerevisiae
SEQ_245096,GCACTTCATGCCTGGTAAGAGAAGCGGTTTTTCAGGTGAGGTGTAGGTCGATAGGGCTACGCGTGTTTATCTTCTTACGAGTGGTCAATACTTTAACGCCAACCTCCGGCTACTTAGAGTAGTTCGGCTATTTCAAACTACACACATCACCGCCAGTTTAGAGCACCTCCGTCGCGACACAGATGCCCTTGCAGCCCATCGTAGCTTAACCACTTTATTGAGGACCTCGATAGCACTTAGTGGCATCCGGTCAGGATCAGAATCGCTCAGCCTGTATAGGGGCATATGGGGGAATGGACAGGTAATCGCTGGAATCAGTCCGATGCTCGTCGTAGGAATCCCCTTAATCGGCAATCTATACCGGTACCTCACCTAGTGGAATGTTCGAGGGGGTAAGCCATTGACAGATCTATGTGGGACTAGTTTCCGAGTCAAACACCTAGGGTACTTTCGAAACAGGAATGCATCGTAAATCTTAAGCTGGAGAAGCGGTCAAACGGTGCCAGCCTAGCGAAGCGGCCTTCGGGTGGCTTTTAGGAATTTCCACAGTGTCGCCGGGTTAAATTTTGACGGGTATGACGGCGACTTCGCCATCACTAAGCCTGCCTAAGTCCACGAGTCGTAGCGTAAGTCGATACTTAAGGCGGGTCTATCCTCCTTCGGTTGTCCACCCCCTCGGCCCCCGTTAAGCTTTTTATGCATACACCAAGCACCGAATGCGGCCGAAAAGATCTCAATAGGCCCCGACCGTGCCTCCTGTCAATGTCCATACTAGGGCCCAGGAGTAGGGTCGACCATTGAAGTTGTAGGCAGCAAACGCTTACCCTAATAATCGACTGTTTAGTGGTGCAGGAGAAGGCAGCCCCTTCCCGCGATAAACTTTTATGAAGCACAACCCTCATTTTATCATGCGCACATCTGTCGAGAAAGAATAGTCACGATATTGACGGAACGGGGATACGTCGTGGCGACCCGGTCATTCAGAGTGCTCCGGCAAAACGTCAGGACTATTATCTGACCACAAAATAGCAGTTGTCTTCGTTCCAGAAGATGCTCGGATTAAATGCATTGAGGCAAACGACCGGCGGGATGGTCAAACCCGCCCCGTATTAACGGCCGAATAAAACGGTTTAGGGTCACACAAAACAGTTGTGCACCGCAACTGATAAAAATCAGTAGTGTTGGTTCTCTTAGAGTATGCAAACCTTGCCGTTCAATCTACTTCCAGCATCTATTGTACACTAATCCAGCGCAGTCAGCCTTAAAGTCGGACATGTTACTGCTAGGTTATGGTTACCTTTTTCCTATTTTGGGGAGCTGTTTACTGCCCTGATGGGTTCATATAATCGCAGAAGGGGTGTCGAACCCCGTATTGACGCGCTGTAGTAGATGCCCGGGCCGAGATACCGGGTCGCTGAGGTCATTTCCAGTACTTCGACTCGAAAACTACTCGCCTACCTTCCAATTTGGAATGAAGTTCTTATCTCCACCACTAAAAACCAAGAGCTGAGTACAGCCAGGTTAGGG,1527,49.77,Mus musculus
SEQ_270918,CCTATGTCCTACCAGCATCCTCTGATCCTCGGCTGAGTGCACACCTGATGGGCGGCAACTCTTAGCTTCGCATAATTCACCGCAGTACCGCAGTAGGACTGAACCGCAGGCCCCCCGTAGCACGTGATTCTGCTTATCACGGGAAGGCTAAGGCTTCACCCCGATGTGACATGGATCAGCAAGCGCGTGCTTTTACGGAAATGATAGAGAAGGAGTTTGCATTCCACACCCGGCAGTTCCGCCGTCAATTGAGTGCTACCGTCACTCGTTGCTAGTGACGTCGCGTTCCGTATGACAAT,299,54.52,Caenorhabditis elegans
SEQ_951065,CAATTAATCTGTACTCCTTTATGCCTTTTGCGTCAATTCTCACACCCCTCGCCTAATGAGTGGCAGACGTCGCGTGCTAGGCCAGGCGTTTTGACGAGGACCGCCGGTGGATCACTGGTCTGATCACGTTTATCAGGTTGTCAGCTCATCAAGCTTTGTGAGACAGGATTAGCCTGGAATCCTGCGACAGAAGATGGAGTATGATTTGACGGATCTTCTTCGGCCCCTCACTCGCTTGCAGGCCTTAGTGAGTAGGGGTTCTGACTCCGCCTCGTGCTATCGTCACAACTTCCTATATGGCCCGGCGCCTAACCCTCGGGCGGCTGTGTACGATTGCCATGTGCATATTGGCCCTAACACCCTGCGCGCTCAAGGCAGGGCAACATCGAACGAAGGCTCCCGGGCGAATAAGTCATTAGGGGGCCATAGTACTTGATCTCAACTGGTTAGCGCCCAACAAGGAATATTCCTTCGATTAGAGACGGTAGACGCACGTCGCGTTTTGGTAGTTTTTCCGGAGATATGTACACGTTTCGGGCTTGTGGCGATATTAACGCGATCAAACCAAAACTCGGGCACGGCTATGCACGCGAACGGGCCATAGATGAGGATTACCCCGACTTGGCAGTCGTCTATACCTTAGTCCTCCTGCCTAGGAGCCTCGGGAGCACACTAACCGAACTCACAATACCAGTCTACGCGTCGTTAGTCTCTTCACGTATTACCTCAGCTTTCTGTAGTAGCACTCTTTCAGTCTGTGCTCGTGCTTGGGGCCGGAACGTGTCGACCCCGTAATGGTAACTATGGCAAATCCGTCCGGTGCGTCAACAGTTGGTTGCGAGCAACAGCAAGTCGTATTCGGCTGACAGCGCCTAAGACTCTGCACATAGCACTCACCGGTGGATGGTATAAAGTGAACGCTTTCAGACTGCATTACTAAACTCTTCGTGGGAAGCAGCGCGCGTTATTCCACTTTACTTAAATTTACTCCCTACTCTTGCACGTGCTTCTCGCCTGAGCATATCGCCGCTAGAGCCACGGTGAGGGTTAAGTTCTATATCCCATCATGTCTGTAACATAATATAGCCGGTTGGTGGCATTATGTCGTTCCAGAGACTACGAAACTTAACCTCATATTAGTGAATTGCGCTTTGAATGCTAGGTATGTAT,1170,51.03,Arabidopsis thaliana
SEQ_590772,CAACATAGATTTTCGTGCAGTATAGTATAAAAAGCACTTCTTGCTTAAAGAAAATTCATGGAGGAGCATTCGATACCTTGAAATCATGAAGCCATATGCCAAAGACCACATGCCTCGTTCCTACCGAGTAGTCCACAGCCCGCAGGCGTACTTTTCACGCACATCAAGAGTTCCATTGGTAAAAATAATAGTGTGATACTTTCGGGGACGCATGGATGTATGAGCTGCGTCGTAAAGTAGTGGAGTTGCTAGCGATGCGCACAGCAAGGTAGACTGGGGAAGAGAACGCTTGGACGCTCCATTGCAGGTACGCGCTGGTCGAATCAGTATTCGTGTCGTTAAGTTTATAATTACGTCACTTTATCCGAGTAATCACTTCAGTGGAAAGGTATTACTCTACCTGACTGATAGAGGGCTTTACCCGACATAGCCCGAACGATAATATGGCGGTACACTAACGGAAGACAGCTGTAGTGAGTACAGGCAAAGCAGCCCAAGATTTTAAGTCCTCGCTAATTCTGACACACTGATAAATCCGCTTCACCTCTCAACGCAAATACAACTAGTGGGTCAGGCAGGGCAATAGAGATCTTCATCCATACCCTGGCACGGTGAGTTGTATTTCATTGAATTCGTTGAGTAAGATGGCTACCCTCCTCACAGCCAAACTATAACAACACAGCAGCAAAAGCCTATCGCGGAGGAATGCATAACTGCGGAGAACCTACGACGTATAGCGAGGGTTGTTCACCGATTGGCGATTGTGAACGCAAACTCGCTAACTATGGTCTCTCGCGTGAGAGATTAACGCGAAAGTTGAATGGGTGCTAGCTTCCTCAGCTGTAATCCGCCGTACCGCTTCCCGCCTAGTGAATCATTGTCAGTGCGTGTGTTCTTTGGAAGGATCTGATTTGGGGCAGTATAGAGCCTACTGTTCTTCAAGTAGACAGTCGATAGTAGATAACTGGACATGTCTTCAACGAGCCGGAGGACACATTCAAGACAAAGAACGTGATTAGCCTCCCACTGTATCTGTGCCCTTTTCGACGTCGATAACGAGCCATGAAAAACCTAACTCTAGTTCCACCTGTCATTAGTTACTATGATTGGCAACACAGTTTGAAGATAGATGCTTTCGATACTCTCCTGAGCAGCAACGAATTGGTTTAAACCAAGCTTAGCAGAAATGTCGACCGCTACCCCACATCTTACCCGCACTAATTGACAGGGGCGGGCTCCGGTGAACAGGCCTTTGTTACGCGGCTGTCCTAACGTCCGGGCCTCATTGAACTGAGCGAACATTGCGCGGTGCATTACTAGCACCATAAGCCAGCCCCGTATGCCAAACTAGGGACCATTAAAACATGTCTAGTACCTTGTGCCGACGTCTTTTGCTATCGTTAATGTCTCTCTTGTCACACCGTGTCCGGGGTGTGTTCGGTCTCGGAGAGGTGATATACTACCTGTAGCAGATCGAGGCGCCCTTACCTACCAGACATGGACTTGGGTATTTCCCCACATTGTTCCGCCTTTCGTCTCGTCTAGCCCTATCTTACTGTGCATTTCCAATCCTCACCAAGCCCCCCGCAGACCAATTTTGCCACCCTCTTAAGGTGGTTCATTGTCACCTACAGTCCAAGGTAGGGGCCACGCACGGTCATCTCATACATTCAGAGATCGTGACACGCTCCCCTCCTGGAAGGGCAAG,1708,48.3,Caenorhabditis elegans
SEQ_982954,GGGGCGGAAGCGCGGTAACTCATAGCCTGGATCCTCATATCGAGACCCCATCGTCCATGACGAGGAGGTGTCAGCCAGTGTCTACCGATTCCTGGGTCGACACGCGTAAGTGCGTTGATCAGTGCTCCGATAGTACCTATGGATTTGTTCCCTGTCTTCCAACAAGACCGTGCTAGATGCGTATGTATCAATCGAGGCTCACAAGTACGCACAACCTCCCCCAACGGGGAGCAGCTTACTATGCGTGCTTATACAATAACGTAAATTACTTGAAATTTATTGTCGAATACGGGCAGGACCGGCGAGGGATCGCACCCGTCACGACCTCGGGATAAGCGTTCTTGGGTATCGCCTGAAGTTGCCTGTCTCGGCGGATGACCATTCTGGCAGTCGCGGCTATCCTGGGCGACCAGCTTACTCTTTTAACTGCCGCCAAGCCGTGGTTGTACGCGCACTATAGGCACTTACTTTAATGGAATTCGCCATTCGTGAACTATTTGGGTTATTACTAACTTAACACTGGTAGACTTGTCCGGGCACTAGAAAGACCGTGCTAAGAATAGCTCCGTATTCGTGTAATTATCGGGTAAAACGAGTGTTGTGTCTTTTACTGCTTAATATGGGGTAGGGCAGCTCCGAGTTGAAGTCTACCGGATTTACGAACTGGGGGTTGATGCTACCCCGCAGTGCTTGCCCAGACTAGCACACTAGGTGATGCCATTTCGTTGTACGTTAGTTTAATGAATTTGGCAAGGCGGCGCGTTAAAAGATTGTCCTCAGTGTCCAAAAGATAGGTTAGTACCAACGGATGCTGAGAGGTTAAGCGAGGATCAGAACGGGGACTTGGTCACCAGGTTATTGTATGTCAGCTTTCGCCAGTTTTAAAAGGCAGCGCTTAAGCGCTATTATTATAGTCATCCGGTGAGGAGGGTTGTTGGGGTATGCGATTAGTTTGGTTCACTCTAGAGCTGGTCAAGATCCGATTCGATTTTACAAACCCTCGCATCGTGAAAGGCGCACGGTGCTGTGGGGTTCCACTTGCTGAAAGGCACGAATCGTGTCTTGGACTAAAGCTCCCGGCACAGTACGCCTAAACGCTCAGTACGATTCT,1111,49.95,Caenorhabditis elegans
SEQ_826941,ATAGCGCCGTTTGGCACATTACACTACACATCAACGCCTTGAAATCGCCTTTAGTGCTTGGAGTTTGTAATCTCCATCAGACCGAGCAAAAGTAACTTAGGAATTGGGACTGCAAAGCTGCGTGCATACCACTTACCGGTCTCTGAACCACACGGAGTATTCTCAGCTTTGATAAAGCGATCATTATCAGTTTCCCTGGCTTCGACGACATGCCAGCAGGCAGAAAGGGGACGTGACCTCTAGGGGGGTTGCACTTGGAGACAGCGACATCTGTCGTGGGGTACCATCCGGGCAACGTAATGGTAAAGGTGGCCATGCTGACTATTTCTCATTTCTAGTCACTGCGTACGGTGTCTTGGGGCCCTTAGAGCTCCCCCTGTTTCATAGCAAATGTTTAGTGCAGGATCTTCGTGTCTTCCAAACCTCTAATTATGTCGCTCGATCGGCGCGGCTCCTGGACTTGGGCATCATGGAAAGAGATGGATATCAGACCGGATTTAGCGACCACACCGGCAGTGCAACGCCCCTCCTCCGCTTGCTCGAGTCGCTGCCGAGTAATCTCTACCGAGACCTGGTTTGGTGGCATACATAGCTATAACGGAAAGGCGTTTGGAGCATGGTGCCAGCGCTACTAGAAGGAAGTACCAGACGGCTAT,656,51.52,Saccharomyces cerevisiae
SEQ_530607,GCATCGAGACGGCTGCACCCTCTTGATGGGTGCTGGCCCTTGATTACTCACTAAATCTGACCAGCGGGGCTCGCACGTCATATCGGAACACGTGAGTCTCCCGTGCCCCGACTCACGGAGGCCAGGTTCCCTGAATCCGTAAATGCAGCGCATTTCCTTACGCATGCGATTGAAGACATTGAGTGCTAAGCATACAATCTGGGGTGATACACAGGTCACTCGGCGTCCCGAAGTTCGTGGCTAAGGCCCCCTCCTAGCAGGAGGATAGCGTTAATAATATCCAAGACGGTAGGCTTCCGGAACTGGTGGGGTGCGGTACAAAGGACGTCGAGCGTTTGTGACGTGGCAAGTACCTTAGCTGCCCGTTCATTATTCTAGTGTAAACAGTGAGAATTCTCTGCTCTTTGCCATGCGGGGTACTCAATCTAAAAGGCTAATGTATTCACCCAATACATGTGGATAAGCTATCTGCTATTGATCTGATGTTCATCACTGGCATCGAAAACTGTGTTTTATACCGGCATGTGGGGAAACGGGGAGGTTGAATTATTGTGCTGCAGCTGCCCCACCCCACTGCTAGTCTCGACCTGATCAAGGCCTCGACCAAGATTAAAGTAAAAAGCAGGCAGTGCATTTATTCCATTAGTAAGGTTTATGAAGCGCTGAACATGTGAAAATCCGGTTCTTTAATCGACCAGCTTGCATGCATCACATCACCGCTGCCGAGCCCCCCCTCCGAAACACGTATGTTGGTGGAACATCGTAGGTGGGCTCTATGCGCGATACTTGCAACCACGCCTGTAGGAATTCCGCAAGGTCCCGAGGCGGGAGAGAGATGCCGAATCACTAAGGGTAGATGGAATACTGCGGAGAGCCTCAAGATCACCCAATAGAGAGCGTACGGACTAGTCCGTTCTGCGGGACACGGGCTGATCACTCCCTTTGCAGCGCGCAGGCCTCGTAGAATCTTTTCTGTGAATCTCGCTCCGAAGGTACTGTAACATGATCTCGGATAACTCGGCCCTGGTTAGGTGATGCATAGGGGCCAGTTCCACCCCCTACGTGTACAAGTGGACATTTCAAAATAATAGTTCGTCGAAACGCGAGTCGCCTGAACTGAAACGCTTGGGGCCTGTTGTTGGGTAAAGATTCCACACGGGGTGATGGTGGGTTTGGGAATCTAAAAGTCCGGGCTCCAGGTACCTAGTTGAAGCCGTTCTTAGGTCCTAGCCCTGGGTGGCCGAAATCAAGTATAAACACTGTCTAATTGCAGAAGTTCCTCAAGGGAGTCCCCGTTAGTCAAGGCACAACGTCCCGCAAGGACCTCTAGTGATAGTTCGGGTTGTGTACTCACTTCGTGCCCCCTAGGCTTGTAAAAGCCTGTGCGCGCTGATTTATGGAGTGAATTAGTTGGGGGCCTGTCGCCTCCAGTTAACGGCGACTCTGCCTGAAGGTATAAGTACTACATTAGGCTATGCTTCTATATTGGAGCGCTAGAGGTTCCGACGTACCAAACACAAAAGGGCGCTAGAACGAGAGTCTCGGTCGACTTGATGGTTCACACACACTATGGTCATCCCCATCCTGGAGAGCCGGCATGCACTAAGAGTCTTTATCGAGCGCGGCCGGGTAACCAAGGTGCAATGGGCACGCGCTCGGGGATGAATTCGCTAAAGCTTGCAGCTTTCGCAAAAAACCCCTCATCAGCAATACGAGGAGCTAGCTGAACATCCGACAGAGAAGGTGCGATCGCAGAGGATTGCTAGTATGATCTGGGGCTAAGCATAATACCGCGCATGCAACTCTATTGTAATTCTGACAGGAAGTGTGGCGTTATGCGGCACACTTGTGTAAGAGAACTTTTAGAACCCACCGAAACGCCTCCGAGCTACGACCACGGACTTTGCAGGCACG,1914,51.67,Arabidopsis thaliana
SEQ_886149,TCCTACAGTGCGCAATGGCCTATCAAATAGAGTCAAGTTCGCGCCCATGCGGAGTTTCTTTCGGCAGCTGGTGTTGGGTCCGCTTGCCTGGCGATTACAAGGCCTTCACCTCTACGTCCGAAATCTATATCGGTCATCATGTCGTTGGAACCCGCCATGTTTCAACTCTGTACCATAGAACAGCATGTAACTGAAAAGAGCAGCCGTTACAGTGTAGCGACTAAGGTTGTGAGCTGGCCCGTCGCACGACGCTGGGTATCTCTGTCGTCCGCGCTCCCATAGCAGAGGACTAGCCGGTTTGCGGAACAGTGCAATGCGTGACCGCACTGGCACCCCGCACTCAGTCCAGCTCCTGGCGAAGCGTGCCCAAAGCCGCGTGTACTCGGATTCCAAAATAGTAATCGGCAGGAAGGAGGTTTGGATCCTATATTTGAGTAAGGCGGAGGAAAATTAGAGTCTTCAGGTTTCATCTCTATTGGGGATATAGGCTGTCGGCTAAGACAATACGCATACAACTAAAAGAATTCGGGCGGCACACTAACCTTTCATACCCTACGTCTCCTTTCTTTGCGTGCATAAAGTTGTGGACTGCCCACCTCCCATCCTGGGTAAGCTTAGCGGGAGCAGACTGGCGAGGGTTTGCAGGGATCCGTGTCTGTCGCTTCGGCACAGTCGTCCGAATCGCAGTCAGACGGGCCACGATGGTGTCGGACACCTGTGCACCGAGAAGGAAATGACGGCGTCCAGAGCACGAAGATAAGTCTACCGACTGGTCGAGGGAGTCGGAACGATAACAAATTTACAAGTGATTGCCAATGTCTATAGATCGCGAGGCTAAGGGGATGTCCCTCCTGTCTGCCCAATGCCGATATAGCTGTCAAGGTAGATCGCTCCTCATGCACAGGCTTGCTGCTCTGATCCAGTCGGGAAGTATTGTCAGACCTTTGCGTGACTGGCATCTGCAGGGTTATTGGCCCTAGGTCGCAGCTAATGAGTTTCTGACCTTACCCGTTCGAGACCTACGCGGCTGGCCTAGTTTCGAAGGGTACATATGCATTGGTCTAAGGCGAAATTACCTCCAATTAATGAGCGGACAAAATGTGAAACTACGAACGTACTACCGAAGACTTAGCGCCAGTTTCGAGGGGCACGAGGCCAACTGAAGTTTACAAGCCAAAGACCACAGTGACAACCGTTCCGACGCCTGGGGCTTACAGCATACTAGACTCCACTGAACGAACTCCACGCAGCATTCCCGATCTCGTGGGATGCTTGGAAAAGATCCGCGGCATGCTTTGACTTGGAAACTATACACGCGGGACTCCCATCTGGCCCTTCCCGCTGCCTGAAATACGTAACCGACGTGGTTTCAGGATCTTGTTGCTCCGTGATATTTCAGCTGAGAACCTGGATGGATCCTATAGCCTGAGCAACCAACTCGTTCCGCCCGACCATTAGTGTATCTACGCTGGGGTTGGATATGAATTATCGTAGGT,1496,52.41,Caenorhabditis elegans
SEQ_603716,AAATGCAGTCCTATTGTAAAGGAGAGAGGCTCAGGAGGTTCTACACGAAGATAGTGTGGCGCTCAATCGCCTCAACAGCTTGCTCATCTCGCGCACAACGAAAAGAGTACCATCATAATTCAGAGAAAGATGTCAATAGGGACTCAACGGGTGAAAAAAATATGGTACCGCATGCATAAGGAACTGCTCAAGCGCCAGGCCAATACACTCGTGGCTTCCCATCTTCCCAGTATTGAAGAAGCCAAAGGACAGGGGGCTCGACATCTCCATATTATCACTAGCTTCCCCTTTCACGATGGAGCGATATTTATGATAGAGTGCCCCAGAAGCTCCCCACAAGCGACCCTTTTGGCGTGCCAGGTACTCGTGTGGTTGCCCCGGGATGGAGCGCACAAAACATATCAGTCATCTGTCTCTACCATCCGAATGGACCTAATGGCCACTGATGAACACGGCCATTACGCACCATCCCAATATAAACGTAGGCCCAGGTGGCTGCCAGTATAGGATTATGTTGGGCCAAATCCGGTCAAAGCAACTGACCCGAGCGGACAAGCACTACATTCAACGCGCCGGCGAGTAGTATGAATACCCCGGATTGCCAACGACGTAACCCGTGAGACAGCCCTGTCCGGGCTGGGTCTGTCATAGATTCTACTTGACCGATCAATAATCGTACGTAGCGGTGACGTTTCGCTTGAGACAAAGCTTCATTCTTCCGCAGTCAGAGAACGTTGTATTCAGGCAAATGTTTTACTCTAACGCGCTCAGAAATTAGTATCGTATCTTCCAGGTGTCTCAGGTCTTGTCATCCCCCCCAACGCTACGAGCAAGAATTCATTCTGCCCAAGTGTCGCTACGTGGACCTGAGCGGGCAGTGCAAAGGGAACGAGCTCTCGGGGTAGCAGGGCAGCGATTGCACGAACCGTTGGTACACGCACAGAAGGCTCGTTAACTAGCCGTTCTACAACTTTGCTACTAACATAAGGTTAAATACGTACCTTAAGTAATCTTGTTTTGTACTCTCCTCCGGGAGCACAGCTGGGGGTGCGGGAGCGACGGTCCCGCCTGCTATGCGTTCTCGCCCCATTCCGAGTCCGAAGAACAGACTAATCTTATCGTTGAGATGCGCCTCCCCTGTTTGCGGCCAATAATTCGCTGGGTGTACAGTCGCTAGGAGGCCACCCACTACCGCAGCGCCTACGTGGGTTGGACCCGCGTCCCTCAAGTATAGGCCAAGGCGCATAAGATTTACTACTATACGTTGCAATTAGCTATCGGCAGCCCTTGCGTCCCTCTAGACACAGTAGATCTTTGTTCCGTACTAAATGTCCCGTCTGAGTCGTGATCTCAATCGGAGAAGTACAGCCCGACTATTGGACTAAGCATGGCCTCTCAGGTATAAATCGGAGTCCATTATGTGTTACCCAACTGATCGAGATAGATGTTTAGGCTTCTGGGTTCAACCCTTAAACCATCCGTAAAGATTACTTTGATACGGCACTGCATCGGTTACGGCTAAGGGGCAGACAGGCTACATGTCGGAACCTTTCTCCAAACAATGTAGGGGGTAGAAAGTGCATGAATCTAGAGCCGCCCCTAAATCTTTTATAGCAAACACGTGAGACCGGTTAGGTCAATCATTTTAAGTAGGGCGTCATTAGGGATACTGCAGCCGGATTCCAGACCAATGACATCCACAACAATTCGGATGATTTTGCAGATAGGTTCACAACGTACATTACCACTTGAAGCGGTCGAGAC,1764,50.11,Arabidopsis thaliana
SEQ_163127,TAAAAGCATTATGTATTATAAAATAGAAAGTACCACGGATCCTAATGATAAGCGCGGTTAATGCGGGCGATCGGCCAGATCGAGAATCGCCGATGCGACTTTAACGTCCAAAAGAACGTACCACAACGGACCCCAGCACTTGTGGGGTAACGATCGTTACCTTTGACCGTCACCCAGCCTCCGACTGTAGGTGAGCTCGTGTGGGCCCCATGGGTCGCTTAAATTTAGCGGACTCCTTGTTACGAACCCTGTCCAACTACGTACTAGACTTAAAGCGCTCGAGTCCTAACGCTACGTAAAATGGGGCTTCAATGATTTACGATTATCATCGCTCTCGAGCTGTCGGCGTGATTTTACTCACCACAGTCGTTGGTCCGAGGTTCGATGATCAGGTGTTGAATGGCAGAATGGCGTTCCTAGAGTGCCTGACTA,432,49.31,Saccharomyces cerevisiae
SEQ_453909,TTTTTACTTACTAAGCTCGCTCGCTAGCGAATGTCTCTACGCCCGTTGGTCTGTGGAAGAGTCCGTTAGATACGCAGCTGGTGTAGTCTGTCGACTTCGTGCGGATACTTGGTAAAAGTATACACTTAAATGGGTTGACATCGTCGTTGTCTTCCCCGTGTGCGGGCGTAGCGAGCTGCAGAGTTGTGCCCGTACGTTCCGTGACTCAATCTCTGCCAATTGGATACAGGCGTGGCGCTATCGGCTCACGGACGCTTATCTCCTGACTTTGAATTCTCAAGAACAAGGGTTTAGTCGCCTGGCCCGCCCTTAGTCAATGAGCGCTGCGCATGGAACCTACATACTGTTGCTTAAGGGTAACATACTTGAATCAATCGTGGGATAGGAACTCTACTCCAGCGAACAGTTTCTCGCTACCGAGAGCTGCGTTCGACTCCAAATAAAGTCTACTGATAGAAATCCGCCCTACAGTTGGATAAATAGTCGGCGCCCACTTCGTCTTCTCGAGGGCCCGGCAGCCTATGGTGGTTCTCAATGCATCCGCTTTCATATAAACAGAGGCTGCGCACTGATGTGAAACGGCGGGTTGCGGAAGTTTACGGATCATCAATGCCGAGTCTGCATAACACACAATACGCTTTGGCGGAGAGAACCTCAAGTCACCTGTTCATTTGGCTCGTAGCGTGCCTCGTCTCATCATATAGCTCAATTAAATTGCAGTCAACACACCCGGCTTCCCACCTAACAAGGCCGTCTTACGTGTAAATCTTTCATCGCGCTTTCTGTCATCTAGGATTATCATTATAGTTGGAAAGCCTCCAGTGGCCACGGTGGCACCACCGCCTGGCCTGGTTAGTATCTATTTACCCGTCCAGGCAATTCTGGGGCAACTCTGGGCACAAATGAGTCGCCAGCTAAATGACATATTACCCAAGTCTTTTTACTCGGCATAAGGTCGGCTGACGTTGACAACGACCTGAGTCACGTCCCGTCCGGTCACAATACATAGGACTGTAGGGCGGTGGCAAAACCCAGCCGAGGACGCAATGCCAATTCACACTGCTGTATTGCGGCGATGCAATTGGTTTAATACTAAGGTGAGGAGTCACTGAGAGTGGCAGTTCAAATAAGCTAAGTTAGGTCGTGACTTTTGTGAGCAGGCCGGAATAGCGGTGATCTGAGGTTTCTCTCTAACTATTTATAGAACACTTACATGGAAACGTGTGACTCCCTGAAAGTGTCACAATCAAACATCACCATGTACCAGAGCTATCTGCAGATACCGCACACCAACACGAATATTCCGCTTCCGTAGTTTGCACATCCCCTATCCTGTTCTCAGTAGAGGTCTATCCCAGAAATGGCATAGAAATTGTGGTAAGGATATACCCAGAAAGAATAACCCCGTGGGCACTGATGCTGCGGAGCCTGCTCTACGAGGCGTGCTGCGGGCGTCAAAGGGAAAGATGCCAAATACGACTCGGAACCG,1489,49.83,Drosophila melanogaster
SEQ_153720,GTTACTAGTTCTGTTCGGTAATCCGCCTGGTCCCCTCGCCGCGGTACATTCGAAAGTCCGTCCGGCCGATTGTTGAAAACCAAAGGAAGGACGCCACGAACCGGATTTCTGGGAGATGTCGCAGACTCTGAGCGGGCAGTCTATGGGGTTCGGCCCGTATAGAATACAACCTACATTGCTCTTA,184,53.8,Mus musculus
SEQ_360735,GTTAGTCAAGACTCGCACTTGTTTGCCATCCCAACCGGCGGTAGAGGAAATAACCGTTCGCCGTTCCACTCAACCCTCTCCGCTTTATGATCGCCCTTCCGGAGCCTTTATCTTGGCGGCGTCGAACAGAACATAATTGGCGCTACTTTAGATTACTCGGCGCGTGGACCCACAGACATCCTTAGTTTAGCTTTAGGGCTCCCCCGTCGGTGCCTAGAAATTACGCTACTCTTCAGACTAACATCACCATTGCTTGTTTAGCAATGTACCTACCCGGAAACTAATCAGAAACTGTGCATTCATGCTCTGCTCAGAACCCTATTGCATTTAGAGCAACAAGGCGCCTATTGCGTGATAATCACGCAACTAGGCCATAAAATAGAAATCACGGCTCATGGCCACTCATTCCTAATCTATTTTCTGTTAAGCATGATGTTCCCACCCACACCTGGGCGCCATCCAATTGTCAATGTTTCCCGGCGGGCACTCAAACCATCCAGGCCTGCAACCACTTAATTAGACTATACTTGGAT,533,48.41,Arabidopsis thaliana
SEQ_837198,CACAGGGGACATCGCCTAGGGTGAGAGGTAACAACGGTCAGGGAAGCGACGAAATAAAAGCGCGCTTTATGTGACCGCTTGACAGTCCCAAACCTTACTTGTTACATTCCATAAAATGGTACCGCCTGGGGATTCCCGACCGGAAGAGACGGCACGTTCGTAATCGGATGAGTGGGGCCAATACTTAGGGCCGCACTTGTCCGGGCTAGCCTTCCACATTGAGTCTTTCCCGTGTTTCG,239,53.56,Escherichia coli
SEQ_351325,TCGCCAGTTAATCTGCTAGGAACTTACACATTGGAGTGCCACACGGATAAGGATGCGAATGCAAGCTGAGAAGGGATGAGCGGCTCACGCTTTCCCGGACGCTAGCTTATGCCATTTTAAATAATGGTAATCGCCCTTCTTGCAAGTTCAGCAAGGTAATGTTCCTATGCGATTTTTTCCAACCCCAGAGGGTCGCTGCCCCTGCGGATTGGACTTATCTTCCTTCCTCTGATAGGAAACAATTTGCGTATTACTTTAAGCTCTTACATTAAACATTTTACGCATCTCTGCAGTGCGAGCGTGCTGATAAACCCATATTTCAACTGTGCCTACGTAGAGCGCTTAGCAAAGTCAGTTATTGAACGGCCTCCGAAAGAGCAAATAAAAACTCCCGCTGGTGATGATATTGAGTAACAATCAAGAACCCTGGGGTTATTCGCGCGAGAAGCGCGCCCCAACTTATGAAAACGCTTACTTGCTCCTGATTTCGACCATTGTTGCAGACAGATCAACTGCATTTTGCGTGAGACGTTTGAATTGCAAGACCACCTAACACACCAGTGGTAACTCCGTACTGTAGCCAGCATCTTCTCATTGCTTAGTCGAAGGAGAGTGAGGAGAGTTCGGCCGTTAGCG,636,46.86,Drosophila melanogaster
SEQ_326953,GACGAACAAGAGCTTTAATACGGTGGTCATCGCCTTTGATTACCAGCACACAAACCTATATATTTCAATTGATATTTGGTTCTACTCTCCCATACACTACGTAAGTCCAGGCCAACTTCACGGGAGCGCCCCCTACCGATGCAGGGGACCTGAGGAGTGCAGATTTTGCCCTTGGGCAGCGGCGATCGCAAAATCCATGCCGAAGAGTCTGAACCCAGTTGGTTCTTTTGGCTGCGGTGCGGATCTCTAGTGCCCCCGGTATCCCTAGCACGAGTGTACAAACCACACCGACAACCGTTCTAGCGACAAAACTTGAACTCTTGTATCCGTCACCCCAGCGTGTATCCGCGACGTAAAAGGGGATTTTTTTAATGATATGACGCTCCCGAGAAGAGTCATAATATAGTTCTTATTACCGAAGTGGGGACGGCAGCTTCTATCAGTGAATGGTACATCTACACCGTCGCTCATGGAGATCGGCTACGGTGCTCAACTGCACGCTGGGGCAACACAGGGTCAAATGTGCTATCGCGGGCTCCACGATGTGAAGTCAGTTGTGATTTTTAAGGGCGCTTTCAAGCGATTTCCATACAGGCGCCTTAGTGATATCTACTCTAGGTTTGGTTGAAGCATGAAAGGACGGTTAGTTATACAGGCTTACGGCCCAATTGATGCGCGTACTATTTATCCCTGCCCTAGTCCTCGCTCACACGAAGGGGTGACAGGTAGCTCCTATCAGGCATGCCTTTATGCCGTCTGTGAATAAGACCAAGCGATAATTAAATAGTCTCCACGGGCCGAAGTATTGCTCACACTGGAGCTGGTTAGGTTACCGATGAATAAAACATCCACTCTGATGGTTCGGGGGTCCTTTCTGATTCTGGTTCGGACGGCCCTGTTCCGCAAATCCGCTCAGAACCGGACCATCCCGCGTCTCTTGCTACGGAAGGCCACCCTGCACAGTCTCGCCCTTGGCGTGACACCAATTACAGGGAGGTAGAGAGTGATCGTGGCTAATCAAGAGTGGAGCTAGGGATTAGTCTGACTGAACATAGGCTACTCGGTGCTACACATAAAGCAGGAACATTTCCTTTCGTGTTTCTGGCATAGAGCACTAGTCGGCCCTTTGCCGGGTCGGACTGAGTTGTCTGGAAGATAACGATGCTTCCCGTTATTGTGACAGCGAGGAGTCGTACCCCGCTCAGTAATGCACACTACAGTTTTCCAGCTATCTCTATGGTCA,1243,50.52,Mus musculus
SEQ_242058,TGAGAGACTAGGCTGGTTAGCTGAATGATCTAGGGATCGTTGGGATACGGAAGACTTACAACGTAGGCAATGAGAGCGATATTCCATATTTCGATGAACTCAAGTCAGGGTGGTAGCGTCAGTACAACCACAACACAGATGCTACATTTAAACGGTTGGTGTCTTAGGGTTGAAGGATTGTGATATCGTTTTACACCCT,199,44.22,Homo sapiens
SEQ_706493,AGTATCGACGTACACTGTTTCTCACATTCTCTGGACATGTTTTATACGCAGAGACCGTGATATCCATTACTCTACAGCAATGAGGTGGAGGACCGGACTATTACACTGTCAGTCGGATTCACAACAGAGAATTGGGATCGAACGGTTGAAAAACTGGTTGACCCCTTGGAATCTCGGGATGCATGCCTGCGGTACGTCAAGTCACCACGGTCGTTATTGCTTCAGCCTGAATCGGGATACTGTGTCCCATATCTCGTTTGCCAGTGGTACCGGGCTAAGCCCGCTATTGTACCATTGGAAGGACGCACTCTCAATCAGATGGGGCGATTCATCAGTGACCTACTAGGGTTGCAAACAGGCCATGACAGCTAATACGCGTTCCTCAGTCCATGTTTATACTGCCTCACAGCAAACGGACTACAACTGCAAGGACTATCGTCCCGACTCGACTTTCTCACGAGCACTCAGGGAGTTGTCGGGAAAACAGCCATTCGATCTAATTCGCTCAGTTTTAATATATGAAAATACAGGCTAATATAAACATCATGTGATTTATGTTCCCGATCACTGGGCTTGATTAAGATGCCATTAAGACCTACATTCGTTCGCGCCCCCGGAGGGGTAGAGGGCGGGCGGTGCTGAGGCACTGCGGAGGGCCATTCTTGGTGTCGCCGGTGGGGTTAAACCACCCTTGGTCTGCGGTTTCCTTTCATGGCTGATAAGTGGAAACCGGATCGATGACTCTTTGGGGGTATCTTAGGCCAGAACAATAACAAGGACAAAGTTCCTTCACTATCATTAACGGCCCTGCTTCCAGATGTCCATACGCCGATCCATAAGATACCTCAGCTTTT,854,49.06,Caenorhabditis elegans
SEQ_782207,TGTCCTAGTAAACCCGTCTGATAGTAGAAGTGCGAACGACTACCACTCACGGAAAATAACGATATGTTCAGACGTGTCTAATTTTAACACAGGGCGCCTGCTCCGGGCACCTCGGCTGCTTAATCTAATTTCGTATCGTGCACCGTTTGTTGCCATGTAGGATACCTATCGATTTATTGACCAAGACAGACCCACTATACACGGGATCGAACATGGAGCAGAATTATGGGCGGAACAACTGACGTAGTGAAGGTGGGCCACTGGGTATATGGGCCGCGCACTCGAATCAATTCCGACCTGACAGCAGAGACTCCGTTTGTCTAAATTGGTTTAGGTGCCCGACTCCGCTCCCCGGTTTAGGCAGTACCCTACTTGTAATATCGCTTGCACGCCCGCTCTTTTACATCCATCCGAAGCGTGCTAGTTCCACATGCTGGCGGAGACCCGCTACCCCGCGCTCGTACAGAAGTAAAAAAAGTATCTTACGTTTTAGCAGCTAGGAGGATCAGCAGTGATAATTTT,522,49.43,Mus musculus
SEQ_289254,AGGCTGTCGTGTAACACGGGATACCAAACGTTCAAAGATTTTATTGTATGGGAGGCTCAGCATGTCCGGTTATTAAGGGGAATTTTACCACTGCTCCGTGCATTTCGGTATCTCTTTATAGAGACCGGACCCTGCCCTCTTGGTGTTAGTTCACTTAGCCATGTGATCCGTAAAATTCTACCCCCCAACAGGACTACAACGGCCACTACAGCAGGGCATAAATGGCTTGAGTCGCATAGTCCTCCAGATCTGTTCCATGTCCTTACTCCGGTAGTAGCCTATCTATACTCAACATAAGATAGGTACCAATCACTCCGGCCGCCAGAGCCGATCACTGTAATTCGAGAAGGCTAGGCGCAGAGATATATAGTTGACTAGGAACGGTTAACGGACACTATAAAAGAAAATGATCAGCCAACTACCCGTCTGTTATATACTTACTGCTTGCCCACTGTCAAGGTGGCACTGGGCTCTAGAGAATAATTT,486,46.5,Homo sapiens
SEQ_451011,AATTGCTCCCGTCATATTGAGTGTAGTGATTAGAAGTTTCCCTTGAGGCACCTTACTATCCTCGCAGAACCCATATCAGCCGACGCGATGACGAGGTCGGGGACCTGGTGGCTTCACCATCACAGAACCCCAGCATCGAGCTTTCACGTCTCCTTTCCGGCCTAGAATGACGGGGACACGGGATGGCCCCATTCTTTTAGTCGGTCGAGTGGAGA,215,53.95,Caenorhabditis elegans
SEQ_285918,TGCCATGTAGTGTCCCATGGTGGTTAACTACTCAGAACGCTTAAGCCTAAACATGATAGGGGGTATAATCCTTAGAAAAAATCGTCCATGCAAGTGATTGGTCCGCTGGATCCTCTAAGTGGATCTGCGGATCATTTCTATAAGTACATCTCAGGTGGCAACCAGGGGGGGTCCTCGAAGGAATATCTAGCTGTCGGCTGTTGGTAAGTCGTTTGACTGGAAAGCTTCCTCGCCTCGTAGTGAGAGGAGTCACATGGGATATGCGATCCTGTAGGAAAAGCGAGTATAATCCCCGAACTCGCAACGGTGCGACAGAGCAACGGTTGAGGGCTTTCGGCAAGATTTCCATAGTAAACCCACGTCCGTCATATGCGTGCTGAGGCTGATTGAACTTCGTGGTTCCATGTTGTAGCTCGCTAAAACCGAACGTAATGTCATTACTGTCTGCTGACACTCCCTAGATTTCATCTACCAGGCGCGGACAGACGGTTGAGGATGAGCCACACCGACCTCTATGTTTAGCTCTTATCTTGTGAATTGACGGGGACGCCCTCTCCACCAACGAGTGCGCGACACCACGGCTGTGTTGA,590,50.17,Saccharomyces cerevisiae
SEQ_614719,ACCTAGTCGCTTTTCTAGGCCGGAGGGAGCCATTTCCTAATTTCCTATGCGCAGCCATTCTTCGTGATAAGCTTCTGCCCAGCCAACGAGGGTTCATGTGCCTCGTACCTCCGCAGTTGGAAAAGGCTGG,130,53.85,Arabidopsis thaliana
SEQ_623377,GTATGCAACATACTACACGGCCCAGGTGGGTAAGAAATTGCCAATTAATAAGTTCTCCTCAATAGTCCAA,70,41.43,Drosophila melanogaster
SEQ_172212,ACGAAGCAAAAAACCAACCTGTGTCGAAGTGGCCCTAGTACCGTTGGTAGCGGGGACTAGCATCGGGATTGACCTGTGCCCAAGTTTGGTCTTGCCCACTGGTCGAGAAGCCCCAGTGCTGATCTCTCGCTTGTCCTCCGACGGTAAAGCACTTGTGGTTCTTCACACTCTGGCCGACGATGGGCCCGACGAATATGCCCCCCCTCCGAGTTTGCCAGGCTCATAACCGCAACCTATTTCCAATACTCTGCAGAACCTCGCCGTGTGTTCAGCGGCGGACGCTCAAATGTGACAATGTCTCAAGCGCCAATAGTTAGGCTGTCATTCGCGATATAGACGCAACGATCTAACAGGAACGAATCTCTTACACCCTTAAACCGAGGATCGTACACATATCTTTTGAGCAGGATATCGTGTTTCCAATCTTGCGGTCAAAGTGGCACCACACCGTGTGTAACGTACGGCGATAACGTCTGAAGAACACGGAACAAAGTCCCCCGGCTCGAAACGTGTACTGTGTGTGTGGTAGCAATGAAGAAGTACCCTGGTATGGCATAATATTACAGTTTCAATGGCTAGGCAGACGTCGCACCGCACCCTACGGCTCACCTTGCTTAAAACAGGATATTACCCTATGCAAACGAAGTGGATTGTCCAACATGGCTGTATTATAGATGCGCGCTTTTTCAATATTGTCGTCATTCCAACTGAGCCGACGGGCTACCACCTAGGATCCTGGCTATCCGCACTTCCGATGTTATCTGTACCTGGGCTATGTTGTACTCCTGTACTATGCTTCGCATTCATAGCGTATCCCGTTCGCCCGGGTCTACCATTACGCCGCCCCTGCTGATTAGTTCTGATACCATCTGTACCAACTGGCGATCATACATATGACTGTTAAGGTAAACCCGACTAAAATTTGCCAACGAAATCGGTACGCGTGGGGGATTCTCGCTTTGGGCCCTTTGCCGATCGTGCTCAGATAGCAGTCCGCATAACCAATGAACATCTCTTCAGTCACTAGTGGAGGATCTTCTCAGCGTAGCATTATGAACACAATTAAATAACGGCGATAGGACTTGTTGCACAACAACGAACCGTTCTCTGCGCCTTCCAGCACGACGACGCATGTAGCAGTGGCCTTCTCCGGGGATCAGGTAAGTCACGGATAGCGTGATTGCTTTCCGCACTCACGTAAATAGCTCGTGGCCGCCACTTACTATATCCAAAAGGGGTGCACAGGCAGGCCCACGGTC,1259,50.91,Mus musculus
SEQ_690829,ATCACGTTGCAATGGGCACCCACCCTCACCTTAATTCCTCGGTGGCTTGAATTGAAACATACATACACTTAAAGGGTACGATCAAGGTCGACATCAAAGACGACACTCTATTAGTATCCCCAGGCGGACCAGGGGCACAACAGCTCACCTAAGATAAAACAGGTACCCCACCTGTTTCCGACAGCTTGAAGAGTAGCGCTAGCACTAAAGGGAAGGGCAGTTAGTTTAATAAACGTGTACTTAGTCGCGGGGTAATGTCCTCCTGCGCAATAACGCTGGGGCTCTGCGCGTCAAGCAGTGCCAACTCCGAAGCGGCCAATTTTTAAGTTGGGAGCGTCGTTTTACTCGGACTTATCCGGCAAGCTTATTAGCCCCAGTGGTTCGCTGAATGCACCAGCAGGCACTCTCCCGCGAGCATTCTTTGACTTAGACCTACCCCAAGGCAGCGGGCCGCTAAGGGTGTAGCCTCAAAGCCCTCCGGTCGCATAGCTGGTCTCTCAGTACCGTTTATCACCGCTAGCGCACGGGGTGACCTAAATTGATATGCTAATCAATCTGCTCCGACAAATGCCTTGGCTACGAAAATAATGTTGGCTCGAGCACGGGTTTACCGCAATCCCCGTCCTGGTTTACTTCCCCCTAGTGAGTCCGTCGTGTGATGTCTGGCACTACGCTCACCGCGCTGCATTTTTACGACACATAGACTCGAGTACTATGAACTTCACGTCCATAACAGTCCTCCCAAAAGAAGACCAACAAGTTACTGCTTAGTTCTGGTAGTCGCCTCCCGCTACATTACGCCATCGGACCAGCAACTATACGAAGAAAAAAGAACTGTCACTCGAGCCTCCTGAAATTGAAAGCGCTTCTCGTCCGTGGGTAGTGCTTACTTGATTTTGTCCGGGCCATTTACACGCTAGTAAACTAGTGATC,933,50.7,Mus musculus
SEQ_706910,CATCCAAGAAATAGTACTCAAAGGCCCCGTAAAGCTGGGCCGGGCGCTAAGGCTGACGCATCTGACAGTGTCTGCTGTGTCTTCCAGGACCCACACAGTTGCGCGACGCAATATGCCCTGCAGGTGGCGTATTATTTGGCGCGTCCCCGGTCGATTCAAGCAAACGTGCAATAGTAGACATGGAGCAGGGCT,192,55.73,Arabidopsis thaliana
SEQ_887741,AAGTGCTCACAACGAGACGCGTACCTATCCCGGTAGATAGGCCCCAGCAATTATATATTCCCTTCACACAATACTTAACTGTACCAAACTACTGGCGGGCGCATAGACTGATTGCCTGGTTACAACACGTTATCAGACCGATGCAGCGTTATCTTTCTCACGTCGGTCGTACCTCCAAACTTGAGTTGCACAAAACCGCTGATAGGCATTATGGCGCGGCAATTTCTCGGTATAAGGCCATGCAAGAGAGGGTTGAATGATGGACCGTCTCCAAGTAAGGCGGGGATCAGCTGATGTTCTATAGTTCGGCATCTACCTACTGATGCAGCAACTGACGGCTCCTGGCAAACTAGCCTGATAAGAGGGGATGGTACAGTTCTACAATTCTTGAGGGGAAACTGATGTACTACATGCATGTGCTATATTTTAAGACGGACCGGTGTCTGGGCAGAAAGACTAACGCCAGGATGGTCATTAGTTCACACGGCTGGGAGGCTTAGTTACAGACCTTTCGCTGCAATGTCGAAAAAAGTGAATACCCTAGAGCAGCATGTACGCCCTTTGGTATGCAACTGAACCGGACGTTAACCGCAGATAGGCGGAATTTGCGTGCGGGTTAGGAGAGAACTCGGAGAAAATCAACAATTACTTCTGCCGAATGTTTACATAACTGGGGGAGGGGTCGCGCTTGAAGTCCTTGGATGGTTTGTGAACAGATAAGGCGTACCCCGGGTAGACGATAAATTCTCCACAGCTCAAATGAATTATCGCGGTCACTGTTTTTTATTTCAAAACTTAGCTCCTTTAAAACAGAACAGGAGCTTTACAGAAAACTGGGAAGTAACAGACTAGCCCCGACTCGATCCACGGTTCCCGCATCTCCCGAATTTCTCGCTAGGTCGTGGCAATAATCGTGATGCTCAGACACTTGACTCCCTTACGGCTAACCCCCTAGAAAGTCGGGGCAGCGCAGACGACTTGATCTTGATACCTCCGCACACTTGCAACAGACTTCCGGCAATCTCCCGAGGAAAGACGCACGGCATTTCTATGAGTTGGGCCGTCCTAATCAAGTGATCCCTATGTTCATTATAAAACCGTTATCGTCTCCGAAGACGTCACCGGAACGACGATGCTTATGCAAAACCACCAACTGATTATTCATCATCTTTGCGTGATGCCAATTGCGAACACCTTCCCTGCTCGATGGTTGAAGACCCAATTTTCAAACTCCGAATAGGCTACAGGACCCTAGTCTAATAGAGTTCCGACGACTCATATATTGCTTCTTGTACCCCGTACTTGACTTAGGCAGACGGGGCATGACGATTACGGGGGGCCTCTATTAAGCGGGACGGAAGCAGGGCACATCTCAGTGACTCGGCTGTCAAAGCGCACTCTGTGGCACTGGGCATCAGGAACGTTTGCTCTAGGCTACCCCCGATGACCGCGATACAGCCGCTAGCGGCACCTACAGTTCCCTATTATGCGTTACATAGCTGGACAGGTAGACTTTAGTACAGAACTGTGTGTGCGGCCTGAATAGAACCAACCTAGCTTTGAATCGCAGTACCTCGTCGTGATCTTCGCGTAACATCAAAATTCATGACGGCCCCGCGCTACAACCTTAGCCCAGCGGCAGAAACTAAGGAAAAATCATTTACAATTTCCCAACCCAGATTATGAGGTCATGGCTACTTAAGGGTTGCTTAAAGATGTGTGGCACCTACGTGTGTGCCAAACGTAGAAATTTCTCATTCAGTTAAAAGTCTTTCATCGGCTTTGGGCGTCGACAGTACACCCCTCGGTTCCTCTCGAATACGGACTTCTCGCGAGACAGTACGATCTTGTATAATTGTGGATTCAACACATTTCTTTTAGCCTCAGTTTATTGAAACCAGCACATGCACCGGCCAATTCGTGTACGTACCACGCTTTTAGAACGTGGCTTCTGCTTTCAATTGATGACCCGCGAT,1976,48.48,Arabidopsis thaliana
SEQ_689494,AAGTCATCCTAACTTCGAACCCAACCCGGACAGATTTACACACGGACCCCATCAGCATCCCTCAGCCCTGACCCCCGTCCAATGCACACGATTGTGTTTATCTGTTCAGGATACCATTTGGTGGTCCAATATAAAGGGGAGCCTCGGCATCGATTTCCATATCACTCGGAGATGACTACATTATTGGGAAAATCCGGTAAATCTCTAGTTACACGACAGATGGGGTATACTGATTCAAGGGTTTGGTCTGCTAATAGAGGTTTCAGCTATCAGCTAACGGCTTGTCCCCACTGCCAACATCGGGCTCATATAAACAAATGCTATGTGCATAGTTTTGCGAATACCGGGAACCGTTTTGGTGGAGCCAAATGGCTCGCACCAAGAGCGTTTCGTCTCTTTGGGCACGCTAATGACGTTGAAGATGGTCCCAACCGCTCGATGGGCTGCTTAGCGGTTGCTCTGTAGGCACTGGGCGCGCACATACCACGCCCCGCCTCGAAACTAAAGGGAATTATAACTAGGTCGAGGTGAAGTCGTGCCAGGCCCGCGGAGTTATCATCTGACTTCAGGGCAGTGATCACAGCCGGGGGCAAATTCAGCAGTCCGTGTAATTTTGGACTTTAGAGAGTTGAGAATCTTTCGCAGCGGGCCCGCCACCTCCAAGCCGCGCCCTGACGAGCCAAACGTGCCAGCAGCCCAACAATAATTTCGCACATTCGGTGAGCCAGCCGCAGCGCAACTCAAGCACGCGCGACTTGTACTCCATGACCCGCTATTATGGCGGGTCTCGACCACCGACCTGAGGCTGGCGACGAACATTCTGCCTATTTATCGCCCTATCGGCAGCCCGAACTACCCCTCAGCGATGTCCGTTTTCCAGCATGTGAAAGCCTAGCTAGTTATGTGGGGGCGGAGGAGTCGCCGCTGCCATGGTAATTTGCATCTCCGCACAATCTTATTAGGACGTTTAGTCCGTATCTTCATAAGTGACGAGTGCTGTGAGTCACCTGACGTTCTCCGCGGGACCACGGATATGCAGCATCATTATTTTTCGAAGCAGAATCCAGGGGGAATCCGAGCCCTAATAAAGCAAGTAACTGGCTGCTAAGTACTTTATCTCAGCCGCGAAAGGAACAGCGCGATTGACTGACGGTTTCTCACCTGGCTTGGATCTCTAGCACTTTCATTTTCGGCGGCGCCCCCAAGCACCCCTGCATCTAATGGCCCTCTTGATCCGAAGCCGTTGACTGGAGTGCCGTCACGAAGGAATTCATGCTCTACCCTTAGTATAGAGTCGCATATAAGAATTTTAGCTACTACAAGTTCGGCGCTGAAAAAATTGCGCTGAGCGCGGCCAATGGAGGGTGCAAACACTGCGAAACTGGTAGCATAGGTCAGTCTGTAAATAGCTCTCGGCTGACTCGAGAAAGACTTCAGCAACCCAGCGGTCGGCAAATGCATTATAATGCGTCTCACGTTACTGCCGGGAGCCAACAGGAAGTGTGGATTAATGGAGGTCAGCGATTCATGTCGTGACTAGCCGTAGGCCTGTATAGGCCAGGTTCTTACCGGTCCTTCACCGTAATTCCGTCTACAACGTGTCAGCTCGACCCGATCGTTCGGGTTGAGAGCGCGACAGGGTGC,1644,52.37,Saccharomyces cerevisiae
SEQ_888407,TTGAGGATCTTTTGACTGCCTAATCTTTCTACGTGAGTGTTCGACATATCTCCGTAATGATGACGCGTACAGTTCTCTGCAACGCGAGCTGCCACTAATAACTAAGGACAATCATTCATACGCAAGCGTGATTTTAGCTATAGGAAAGTGTTCTTAATCAATGAATTTAGAGAATAGACTCAAGGCCGTGCCCGTGCCAACGTGCTGAGTATATAATCAGACCAACAATCCCGCTGCAAACTACACAGGGGAACCGTGTCTATGAATCAGCACTATGTTCGAGGGCGTGACAACACCCCATACTTCTCAAGTGGTACTCTATATGACGCGAAAAGCGATTCGAGAGGAAAAATGTGTTTGAAGGGCCTCGGTCGATTAGCATTAGGCTTATTGTAGAGCGGTAATGGCTTTGCCGTCAGTTCTAAGGTTGGCCCGATTGAAGTGGGTACCCACCCATTTCCGTGTTTCCAACGTTTCGTGCTAGGGGGTACAGACATCTCTATCGGGAAGACCTAGTACACTGGCAGCTAGTGTTAGAGAACCTACATGATATCTCATCTTTTATCTTACCGTGTAAGACTTATGAAACGACTTTCTTAGCAATGTAGCTACAAAATGCTTGGAAGATGGGGCTCAGTCTCCTTATTTATAACGAGCACTTACTACCCAGTCTTGACAGGTGTGGGTGTAAGAGCACGCATCGCGCATAAGCAGGGCCTTGAAGATTCCGCAGTCTTCTATCATCTGGCTGGCATGGAGCCGGATACTTTTAACTCCGAGTGCCCAAGGAAAGCATCTCCGACCGCGTGCAGCTTCGGAGTGCGTCGCCCTAGCCCTCCACGTGACACATGACCCG,856,47.55,Mus musculus
SEQ_639190,GTTGTCATCAGAGTCATGTCGCAATCTTCGTGTAGCATCGGGGAAAAAGGTTCGAATTTCGATTACTGCTCTGCAAATTAGCATGGCATGTACATTTGAACGATAGGTCACATCGTCCTTCGCGACACCAAACTTCCTCGGCTTTCGGTGGGGTAAAAGACTGGCGTTGTTGGGCACGTCCAGATTACGTGGATTAGCCTGACTTCCCAAAGGTATCCGAGAAGACTCTTATCCACGTGCAACCCAATACGGAGAGTCAGGATGTAAATTACTAGAGCTGACCGTCGCCTTGTTTTGTGGCGGTAAGGGTGTCAGTCTGCCGAAATGACCGAGAGTGAAGCACATCAGCCGTCGCACTTAACGCATACAGTTGTGTCCACTCTGGCGCGGCTCAAGCCATGCGAAGGCCCCAATACTTGGCGAGCTGGTTGGCTCCTTCATCTAGGACTCAGTCTGCCTCCATGTAACATCGCGATTAGAAAACCAGAGATAAATGCGGCACGAATCGATTGCTGTAGAGTTGTATATAACAACTACAAGTCTTGACCACTATAACATTCAGCTAAGCCCCAGTAGGGCCTTTAATCGACTAACTCTGCTACCGTTCATTGGCGCCAGCGCCTCGACGGGGTCCGAAAACACAGTAAAATCAATACGAGTGGTTAAGAAATAAACTTGTACGGGTAAGGGTATGAAATAGGTGTATGGCTTTACATAAGTAAAGCCCTTGCGGGCAGCGACTCATTACCTTTTTCATTATATTGTTCAAGTCGAAACTATAGCCCCCGCAGGTTGCTGAACCTTGTAATCGTTCTTGAGTACACATCCGGGAATTGCCGGGTCCATGTGGTTGCGCAGCCCATTCTTAGTAAACTATAGAAAATAAGAAGGATGATACGACTACTACGTCTTGGAGGGGATTACCCGCTCCATATCTCACCGCGTATAAGTATTCGAGACCAGCGCTGTCACCTGAATTATATCGGGGCATTTGTGTTGTCTTAGCCTCCTCAGGCCAGGTGTCTGTGCCGCAGCTTAATGTACTGTAATCCCACGCCGTATGCTCCATTGCCACTTGTCTAAGCATGCCGAGCGAATTCGTTCGCGTACCTGTATTAATTAGGCGACCTCTTTGAAGGGGATTTTTGATCCTAGTTTTTGACGGCTGAGGGTTGCCGTGCTGAACGGTCGTCAATGCGCATTTTAGTCGATAGGAAATTTTGGGCTGCATCGTGTACGCTCCTCATCTATCATAGGGTCCGGCATAAGGATCATGAAACGCTGAACGTATGATGATTGCATAACTAGGAGGTGTTCCCCGCCACAACTGCCCCTAATCTACCGTGGTGAGGCGTACCGGTCGCTAAACCTTGGCCCTAACGATATGCCGAACAACCGCCGTTTCGAGCGGTGCAAGAAATGGCGGTGTGCGTCCATCCTTGCAGCGGCTAAACAACTACTCTTCTTGCAGCCTTATTTCGGCTGTTGTGAGAGTACATCGGTGCGCACCTCCAAGACAGCCTCTCCACTGGTGTGGTGTTTGATGGCGGAATCTGGTCTGCTCCTATCTTTTGTCCCGTTTTGCAGGAAAGGGGGCCGCGTATAGCCTAGAATTAATCACCGAACGCCATTCGATACCACGGTTGATTCGGTCATTACACGGAATTCATCCGT,1674,49.16,Mus musculus
SEQ_950670,CAGGGCGGAGCCGAGTTCCGAGGTTCCGATTCGGAAACACGACGCTGCACCCGTTCTGCAGGTTAATGCAACTCTCTTTATGTGTCTCATTGCCTGGAAAGTCATAGCATCGTTAATGATCGGCTCTGAAGGGCTTATCCAAGTCATAGGGACCTCAGGCACGTCCCCTGCGCATGCTCAGCACCGAACATCTGTATTGGAGTGTTAAGAGAACTAGCTCCAACAGAGCTGTACGTAAATCACGAACTTGAAATCCCCTACAGGAAAGCCTTACCTAGTTAAGGCGCCTAAACCTTACGATCTGGGTTAGTCTTTAGTCTGCTCCTTCAGCGACATTCTTACAGCCGAGGCCCTCTCAAGGAAGAGGTATAACCGCCCGTATGGATAACTCGATGCAGGGACTTAGACCCTGTCAGAGAAAAGTCACCTTAAGCACTTCGTCAGGAGTAGACGTTAGATAAGAAGTAATTTTCAGCTCCGTGGGACCGATTGCCTCGGTAGGCTAGGCAGGCTACATCTGATTATGGCTCGTGAATCGCCTACTTCAGTAGAATTTGCATAGGAACGTATGTGTGAACGTGGTTGGCACATATTCTGGTACCTACCGGAGAATACATAAAACCGCCCGTAAAAATCACTCACGGTGCTCGCGGGACCAATGCCAGGGATAGCTGACCCACCTTTGCGGACTCACTGCAGGAAAGTTTGCTACGCGCCATGCCTAAGAATAACTCCACACGGCTTTGGGGAGAGCGCCGCAACCACCCAACGTGGGCAAGGAGAAAAGTCCATTTTTCGTGCTCCGTCCCTCACCCCCTACGTCCTGGCGCTTGGGGCCTTGAGGGTCCACACTCGTGCCGCTCCAATAGAACCACAAAAGGGTATTTAGCTCCCTTTCAAGTAGAACGCTCTGTTTATGATCCCTAAATGTCGCGTCCATCTCTCTTAGCCTAGGAGTCATCTCACACTCCCTCCTAAGTGGGCGGCTCTATTACCGCGGGGTTCGCTGTTATACTGGGGCCGTAGATTTCACCTGCGTCAATCTGCTAGAGACTATGGTCTATTTGCTCCCAATTATTTCTTGCCCTAGGAACATTTTAGCAGAGATAGTACGTGAGGGGTAACTGCATATCGTGTTACTACGGATCTGAACAGGCACTGTCAGGAGCTCTGAACTCTCTATTGGTAAAACGCTCTGTTTACCCGAAAAGCCTTCCTTCTATAGAGATCGAGCAGCGCGAAAATGATGGATACTAGTTAAAAATGTCTGCGCCTGATGAATGTACCACAGGGCCGAGAGCTCCTTCCGATGCAATTTGCCGCAGGGAATTTGTGTAATTCATCCCGCGTCGATGGACCCCATTATTCAGTCTGATGCGGCGTTTTTCTTTCATTATTAGTAGTTCCTGAAAAATTACTTCCGCAGGTCTATCACGCTGAGGTAGTTTGCAACCGGTTCGTTGACTCAGGTCATCAACGGCAACCCCCAAGTTTTCCAACGGGGACTGCTGACTCGACTGGCTAAGCTGAGAGTAGAGACCCTTGGTCAGGAAAAGTACTGTGTTCGACATCCCTACCGTTCAGGAGCGCGGCTGTGCTTGAGTCGCAGGGTACTTCCATTATCCGATGATTCACAAGGGCGCGGGCTTCCGGACCTGGTAGCCTCAACACCCTATTTCAGCAATAAGATATATCGTGTATCTTACTCGATAGTCTAAAATCATCTGGCGGATTGTTATTATTGACTGACGATAATAGTTTACCCGCTTAGACATGCAATTCCTTGAGACTCGTACTCCGTGGGCTTACTATAAACTTGTGTTTGGGCAACATTACGTTATACCTTTACTAAATCAGA,1858,49.09,Mus musculus
SEQ_146250,ACTGATTTTCTCCCTCCCCATGAGCGTAAAGCAGCGCCTTTGTTACGCGTGTTGAGCAGCCGTGGCAATGTTTTTAGTTTACCTCCCTATTCGAACAATAGCCAGTGTGGTACAGCTTAACGCATTTAGCTTGAATCGGGCGTGGCGCATCGAACACTTCTGTGAGTATACTAGTCCCCTGCAAACACCGAATGGATATACAAGGTCTACTCGTTCCCCGAGGTGGGACTTGCTTCGTTAGTGTCAAAAGGGAGACGAAATAACGACAGGATCTAGTTATTCTGTGAATCGGGTTTATGAGGCGCTGGACCCGGGGCTAAGGCATAGGTCTTAGACTCGGCCACTACATCCACAAAAGTACGTTGAATGATCGTTTTTGGGTGAGAACTAACGACCAGCATCCACAAAGCATACCGCCATCGTCCCGGAAAAATCATGAGGTCCTGTCGTCTCTCAATTGCAGTCTCGATCGTTTATTGCCCCGTCCCACTACCACCCCCGCCGCTAAACTGATAAGTTCCGT,523,49.52,Homo sapiens
SEQ_685543,TACCTTCGCATTTCCGCTCAACTTTTCTAGGAAGGACCTGTGATCGAATGCGGAGAAGCGTGACATCTGTTAAGATAGTTAAGGCATACCGCTCTCAAAGAAGAATAAGATTATCCGTCGCTCATCAAAAAGTGGTGTACACCTCGGCCGAGATTGGCAGCGATAAGTAGCCACTCTCGATCAGACTCTAACGCTAGCATCAGGGAGTAACGGATGCCACGGGTGAGTGGCAGAAAGAAGCTTCGCGTGAATTCGTTTTCGCCTACAGATTCAGCGGGGTAGATGTGGCTTATGTGGATCGCAGCTATCTAGGGCCATTGCCGTGCTATATCTCCGGTGCTTGGCATTGCCAGGTGTCCAAGGCTCGTGGGACGTACAATGGAGTCATCAGTACGCTCCGCTGGCCCCCTGAGTGCACCGCTTCGCTAAGCAATCCATACACATTAGACCTGACTACGCTAATCAATACATGACATGGGACACCCCGAACGGTGCAGAGGAGACGCCTGACGCCCGCAAGCTCACTGTGCCCACTAGTGTAAACGGCGTACGAAAGCTCCCTGTTATTGGCATAACTGAACTGTACCGTAGTGGCGAGAAGGGTGGTGCATTCCTTGGGACAGCGAGAAAAGGGCCCCCGGCCCCGCCTAGTAACGTTAGAATGCGATCTCGCGCGTCTTTATGTGTTGGTCGCAGGACATCGTTACAGAATGCACTTTAACCTATGCGGGGACTGCCCCCTCGTATCACAAACCTAGATGTTGTAACGCAGAAGTTAGCCAACCGTGTCGTCTCCCTCGATTCAAGCACATTAACCACAAGTTGCTTATGACCTGTCTCTTTACTGATATGGGCCGTAACGATATCATTGGACTCTACTGACAAGGATAGTAGCTCCGGTGATCTGACGCGTACATTGTGAACGGACAACAATGACACGGCCGCTAGTGACGACATCTATACTACACAAGTGCACGGGTGGGTGCCCTACCTGGATAGCTCCTCGTACCTCGGGGTGCGCCCCTAGCTATTTAAGAGGATCCTGGAGGTTGAGCGCTCGTGGAGACGGAACCAGCCCGCCTAGTGGCTCGCAGCTCGTTACTGATAACAGTGCGTATGTCTCCTGGAATTAGTGACTAGATAGGGTTTATAAAAACATAACCAAGCGCTATTAGGACCCCATACGAACTTTTAGACCGTAGGGTAAGTTTCGGGAAACGCAATCCACAATCATTATTGGTGTGAAACGTTTAAAGCTGACCGATCTCAATTACCGCGTACAAGGATCTTAGCATTGCAAGTAATGGACGAACATGACTTAGCTCGATTAGATTCTCGTGTTCTGGCTCGTGGGGACTTCTGTTAGGCCGCCATTTCCTTACTGTCAAGCACCTCCCACGTTGGGCGCGATTAGTGGGATAGATTACCGAAGTATTCCACTACCGACATAAGGGCTTACACCAGACGGAAACCTTAGCCTTTCGCGTGTACCGCTCGGAACTTTCGCTTCGTACTGACTGCCTGTGAAACTTGCGGGTAGCGCAAACGGTCCGGACTGATACGGCACAAGGATGTGTTAATAGGTAATTTTACCTGACTTTGAACTAGCCACATGTCAGCGAGAGTTCGACCTGCCTGACTTACCAGATAGCATTCTGCCGGTGAGGTTAATGTGGTATGGCCCCCG,1687,50.86,Homo sapiens
SEQ_293960,GGACCACTCCCCGACCCGTATAGACTAACGCGGATCGCTGTGCCATTCCACAAAGGTTGGGCTCGGCTTGTGTAGCATCTTTACCTTGTTTATTGCCGACGCAGCAGGACGTGGTAGGACTAACCGTTTAAGTTCGCGAGATGGGTCGAAACCATAATTGAATTAATTATTTACGTGAATCATCAAAATGTATGCCGCACACAATAGGCCTTACCTCCGACCATTACGCGCCTATGACTTTTCCTGTACTTAAAACTGATGTCATACTCTTAAAGCCCATGTGCGTCCCGGACTTTCAGTGCTTCCGTCAGCTATCTTCGCCACCTAATGCCTTGCGTTGCACGCACACTGAGGAAAGTTTCGAACCTCCCCACAGGAATAACTTGGTATTGGCGAAAAGGAGTGGTCCGCAGTTCAACAATTCGGTGTCCAAGTGTCAACACACCGGTATAAGGTTGGTAGCCCTACAGGCGATGAACGAGTCTTTCGTAGGAAGACCTCTGACCGGCGCTCAGGGGGCCGGAGAGGAGTAGGCTT,537,50.28,Saccharomyces cerevisiae
SEQ_272928,GGCATCACATGATTGCTTCGGCGTGGGTCTGCTTGAGCGCCGCGCTTCGCTTAGGAAGTAAGCCGCATGACATTCCGCCGAGATCAGCCGTCAACGCCGAAGACCTTTTCGAGTGATCGGACATTATTCCGTATCAGGTGGGCGGGAGGCAGGACCCTCTTTTCCCCTTGTACGGGAGGTCCGTTCAGACTGTCAATGGAGCACGGTTAATCCGATGCGTTCCATGATGTTTTAAAATACCAAGTTAGATATCAGTGTCTTGCGAAGGTCAGCTTCATAGCCATTAACACTCCACATCTAACTATTCTGACATAGGAGAGTGGCTGGATAAGCGCTGCTAGAAGTCTGATGATCGAAAGTTTCGCAGTTTCCATCGCACACGAGACTGGAAGACGGCCCGCGCGAGCCTCCTTGTCTAGGCCACCGAGTCCTAGAGACCGTAGCGTCGTAGCTTGCACCCATCTCCTTGTCGTTTTGCTTATTTTGCATGTTGACTCGTCCGGCAACCACGGATTTCACCCTTGTCACCCTGACTCGCTTACCCTACTCTGGGAGTGCGCCAACGCCGGTGGGGTCACATATTGTGTGAAGTAGCGTACAATATCGTTGATTTGAGGTTGGAGGACGACAGTAACATCCGATGGCTGGGGAATTGCTTTAGCCGCCACCGCCGATATGACCCGTCTCGGATGTC,694,52.88,Caenorhabditis elegans
SEQ_885391,GGTCCTTATCGCACAATTATCGACGTCGTGTAGCTTGTGCGCGACGTATTCGCAAACGTTCAGGGTGGTAATGTGGACTAGTGATAGACCGAAATGTTGAGTACTTCTGTGATCTGGTAGGCTCGCTTTGATTGAGTGCATTATCCCCACGGAGGGTGGGATGGCTATGGACCCACGATTTGTTCCGCTCAGCTGATTTTAGTTAGTGACTTGAGCACCGTAGACCGCACTTACGGTCGTCTCGGCATAGCTACTGCAGCGAATCCCCCCACCGATTATATAACTTCAAGATTCGACAAGAAATTGAAGCTACGATGCACATCTGTCTAATCAAAGTGAGTTATCTATAGTAGAACTCGATACTGGCTTACTAGGGGGAGGCTCTATCTTATCCTCGTTGGTTGAAGGGATCCCCTTACCCGGATGATTCGTTTAGAAGGACGTTAACAGGGGCGAAGGAGGATGGGGGAGCACCTCATATAGAGTGAATACGCACTATTAGGCCCACCCATGGTCAAAAATAAATGCTCTAGGGAGGACCTGGGCAATATCACTGATATATCTCACTCAAACCCCTGCACCGGAGGAGCCATTCATCAGCCTGCGTTTGGCCATGAAACACCAGATAAATTTCCTCGCCTTATTTTGCGAGTTGTTGACTGAAATGAGTCACTTTCCCCTAAGGGTCACTGCCATGCATGGGCAGCCTGGGGACGGACCCTACGCATGGGAAAATTCTTGAGAAAAAGCCCAGACTCGCATCAAAGCAGCCCCCAGCAAGATCAGTATTTTCGAGAATTACCGAACTCAGAGTGGACTATTTCCTCTCAGGGAATCAGGACTTGGACTAATCTCTCGGGCCCCACAATTATTTTAGTCAAACATAAACTACCTAAGACCAATACTAGATTATTCTAGTGAACGAGAAGGATTATTATCAGAACGGACAAGCCCGATAGTGAGTGTCTGCAGGCCAATTGTCTAACACCCAAGGCCACCAATAAGTTATCACTCCGTCTAGAGCTTATAGTCGATTCGCGTGCCTTAGCATTGCAGCACATTCTGAAACTCTGGAGTGATGTTCACCTAGAAGATGTAACGTAGCTAAGGCCAACGCGAGCCTAATACTAGACCACAGTCTTGATATGTCGCCGCGGGTACTCTGCTACCGGACCTGGGAGAACTCCACAGTTAGAACTGCCTACAGCCGGAGACTAGCGTGACCTAACAACAGATTTGACGATAGCGTGGCATGTGGCAGTTCACGTCGGGAATTCGGTCCGTTTATGACCGGTACCGGTCGAGGTTTAGGGACCTCGATTAGATCTAATGGAATGGGATCAAAGGTAGGGCTGCAATATAAATCCGTAGGATAGGGCTTTTCTCTCAGACTTGCTGCCGGCCTGTCTGACAATTCGGCTACCTTGGCGCGAGCTAAGAACTTTGCGTGCTTACATAGAGTGTCTTCTGTTTTGTGGAGGGTATTAGGCAAGACCTGCTCGCCCCATCATAGTCTACTTTGACTCTTACACTCTCAGTGTTAACCGTCCACGCACTTTCGAGGCACCGGCTCTGACTAAACAACACGAGGCTAACTCAGTTCGCAGTATCCGCAGCTCGAAGACTGAGGACTGCGTTGGCACGTAATGTCTATACGAG,1659,48.58,Mus musculus
SEQ_825130,TTGGAGTTGATCTAAAACATAGCGCAGAGGCGTCTCCCGAGACGGCAAGTCATTGAGGCGGCGT,64,54.69,Mus musculus
SEQ_143530,GCATAAGATGCCCCTATCAAGCACTCCCACGCGAGCTTCATGCTACATTCTGTGGGAAACGAGGACGCTGGCGCGGAGCGAGGCAGTGTTGGCCTTACGTCTCGGAGCGTGGCGGGCGAGAATAAGCGTAACGGATTCATTAGCGCGGGCTCGCGTGGTTAGAGGCCAATGAAATTGATATGGACCCGGTTTAAGGGACAGTGACACGGTGCATGAAGGTGCAGACTGCGCCGAGTCAGTATAGTGCCCGAACTACCTGGCGCGTAACCAAGGGAATCAAATGTGGAATTGTTGGCGTGCTGGGACCTTTTCCGCACAGGTACAGGGATTAGCCCAAAGTGTAACCCTGTGCTTAATCAGCATGCTTAACTGTATTTCCTTTGCGCTCCCCCAGTCTCGACATAGCGATGAAACTAGGTCCAGTTTTAGATTAAGCCCCAGGGAGTTCGAGCGCGACCCCGGTGCAAGACAGGCACTTGTCCGCTATCGGAGCCTGCCTGCTCATAGGAATCGAAACTAATTTTGCTGCGTTGATAGCAGGCATTTCACACTGCGAGTTCAATCACGTTTGCGACTTCCACACCGCGAGTAACGTATTCGTCAAATCTGGCTTATGCTACTCTACTGCCAGACCCCCAAAGTAGCAGCATTTTCTCTTTTTTGTGACCTTGGCGCTTAGGCTCGCGACGCAATGTAGATGTGTGCAACTAGCATTTGACCCGGATCCTTACAAGATGGCTAGTAACCAGTCAGCGCACAGTCAACAAAAAAGAATGCACGCGCTTTGTCGCGGAGCACTAGCGAGTAAGATTTTACCGCATAAAAGTGAGCTTAGCACATCCGGGCCATCAATGGGGGTGGGCAGATCACACCGAGACATTGGACCTACGGTCGGGCAGTGAGAAAAAGGCCATCTAAGGGCCATCTGATAGCGGCCAATATGCAACAGTGCGGGTGCCCTGGCCACACCTAAAGGGAACTGCTGTCGCGTGTTACGCACGAGTGACAGCAAGGGACACCTGACTCGATTACGAATATTCAGGCACCACGTAGTAGGGGGCGTGCTTATATCCTAAGCGCCGCCGGTACCAGGTTCAGCTTTGGCCATAAGTCGTAAGATCATTGACAACGAAAGTCCGATGTCGCCTTTTAGACTAATAAGACCTTCGCACGAGACGTTGTGTTCAGTGACAGTAGTATCTAACCTAAGATGGCCACAAGCATTAGTGCCGTAAATTGGACTCTCCTCCACCGTCATATATGCCACGACCCTCGCTTTCGACTTGGTGTGGCGATATTTCTTCATCTACAATCTGTTTACTCACTGCAGTCAAATGATTAGGCCTTGGCTCGGACCTGGGACTGGCACCCTTAATAGGGTGATAGGAACGACCTCAGTTGTATAGTCACGAAGGAGGAGAGACTCAGTCCCAAAATATGAGAGTAGCTACAGAGGAAGACGGAAGGTCG,1470,51.5,Mus musculus
SEQ_748006,TAGCCATCAAGAATCCAAACAAGACCTAATCACGCCTGGCGCAACTGTTGTTGCCCACTACTGCATCGTCTGAGCCCGTCAGACCGAGAGCCTAGCAGTTCGCAATACGACGGGACGAGTACGCTTAGGACCTCCAAACTTTCATTCTGTGATAAGGTGATATTACGGTCCTCGGCCCCTCCCAAGAACATTCAGTGCCCGTGGCAATAAACCGTACTGGATGATGTTTAATTCTGCCTACTAGATCACCGGATCCATTCTATTAGTGCATCAGAGCACAAAGCTCGAGGGTATAAACTTTAATGTCATTTCTTCGGTGACTCGGACTCAAGTACGTTATCCACCCCCCCACTACTAAGGCTGATTACAACCGTCGCTATATAGCAACTACCAATACTAAGTCAGGTTTGCACATGCACAGAATCCAAG,429,47.79,Drosophila melanogaster
SEQ_743381,AAGAGATTATGCAACGGCGGCATCTCTTCTATCGCAGGTGGTTCTTGTATGTCACACCTCCCGGACGCTCAAAAGCAAAGAATGGTAAGATCGCAGGACGAAAGGACCACTTCACGTTGATGAGCTTCTATATCTGAACTAACGGGACGCGTCCTTTGACCGGGCCGGGAGAACCGTTCTGACGTTTTGAGCGGGGGCGGGAATTGTGGCATCCGTTCCTTGGCCTGAGTTTGACGAAGTTAGTGCCGCGATTTCCTCGAGTCGTTAAGCGAAGCCCTCGTCCGCAAGTCCGGCCGAGTGCAGCAAAGAAACGAAACTGCATGACTACCGTATTGATTCATCACGGCATGGCTAACTAATTACTTGTCGAGCTCGCATCAACCCGGATCCGGTACACTGCCCACAGGTCGCAGCCTTACCCCATTAGGTCGAGAGTGCATCCTGTAACATAATCCCCCACACCAAGAAGCGATTTCTGTAGGTTAGCGAATACTGGCATCCTCATCCTATTATAGAATCGTCATTACATGAGGACTGCCGGCCCACTGCGCAGAACGTAAGCCACGGCGGTTGCGAATTAAGCCGAACAGAGGAATGAGAAATAAATTGGAGAAGGTGAATGCAACAATATTTCCCATGGGTGCTTAGGCCGATTCCGCCTCCTCACGGTACGAGTCATGACCTGAAACAAGTCAGGCTATCCCGTTGTTCATATTCATATGGGGGGGCACAGAGTATCCAGGCCTGTAATCCGGATCATAGCGCTCCATGTAACGTTTTGGCCCCAAGCGGGATCTCCCTCCCAGATGGCATAGTCTGCCAAGATGGGCTTCTCGCAAATGCAGGTTTCTAGGGACATGCCTTTAGAATGACAAGAACGAATGACCTACGCCGCATAGATGGCGAAAACCGTCCCAGTACCGCTGTGTTAATGATTGACCCAACCATCGATGACGATCGGCTGAGTCATCAGAACAGCGATGTATGGTTCAAACCACTGTTTGATTATCTCGGTGTTCGACCTCTTACAATTAGCATCGCTTGGAAACACTGGTACTGAAGCTAACTACACTGTATAAGAATTCGCTCTAAGGCATGCGCGAAGGTTGTTCCTGCACCACACCCATAATTAGGCTATGTTAGAGGACTGAACCCTGGAGGTCCTTAGATTCCCTGGCTTGTGGAGGCTAGTGCGTTTGGAACTGTGAATGTGGATGCAGGTACAACATTGGCACTTCCTAAGGCGAGATGTGAGCGTAATGGGAGTAAAAGGGTCCGAGAACATTTTATCATTTCACTACTTGAGACGTAATGGCGGGCGGACTTTGACCGTGGTGCTGAGTTGAAAGGATGTGTGTCGCCAGACCGACAGAAATTGCTCCAAAGTAGCCGTTCATTTGCAGGGTGCCGCGGAGGCTTATGGGAGTTTCGGTCCTGGGACATCGTCTACGCAACTCCTTGAGTTCGCCTCGCTACTCGCGTGTTGGGCTCATCAGTTCCGCACACA,1507,50.83,Saccharomyces cerevisiae
SEQ_284952,ACGGCCTAAGTAATATGGCCGGAAAATACGAGGACGCGCAGGTAACACCACAAACTCGGCCAAATCTAGCTCGTAGAGATGATAGCCAATCTCGCCTTGTACTATATAGGTCCTGTCAATCTCACGTTACAATGATTGACCGGGGGGTATGGGATTAACGTGATTAGAGCCATGACTACACGGAAAATCTACCTTGGCCGGAACAAGCTGCGGAGTCTGCATGGATTTGTCCCCGGTTGTGAACGAGCTCCATGACTGTACTGAGGCGAGGGGTGTAAATTGTGTGGTGTGTGCGCCGCTCATGACTAGTGACTAAGCGGTCATAAATGCGTTCGTGGCATCGCCTATTGGGCCCCGTTTGCGCGCCCCTGAAACTTCCAGAGCCATTATTCAGCGGAAACATACCTGTAGCCTTGTTTCGGGACCTCGAGCCTACACACAGCGATTCCTTGCAGCGTCGCATGAGAAACAATCAACAGGTAAACCTGTGTCCATGACGCTTCCGATTTTACTCAATGGCCCTGATTCGTGGCAATTCAGGACTATACTAAGCAACC,557,50.63,Escherichia coli
SEQ_394469,CGATGCCTGCGCGGGAACGAAACTCAGCAGTGTGCATGTTAGAACATGCACGAGCTCTGCCTAACGGGAGTGTAGGTCCCCGGACCGCAATTCAAGATGTGAGGGCAAGTTGGGCGCTAGCAATAACCCCACTTTTCATATAGTGAAAGGTCGGCACTTAGCCTCGGTACAATGGGTAATTGCTACTTGAGCGAATGTTATCCAATGAAAGACGAATTTAGTTGGACACCTCTGTCAACAGTCCCCTTCCATTTCTTTATCAATATTTGTGACCACAGTCCTCGGCGTGTGTGACATTTTGTAACGAAATTTCGGAAGGATAGAAAGAAGATATTCCGATAAGTCGGCCTTGATTCGAGTGCCCTAGTAAACCTATCGCCTGCCTTAAGATTCTTGTGGGCCCGGGGAACTGATATATTGGTTCATCCTCATACCGACCCCG,442,47.96,Saccharomyces cerevisiae
SEQ_960689,TATTGTGCGCTTGGGTGGTACGTCAAGGTATCCTGCGATTAACGGTACACGTTTTTGAAATTTATGCCATTTCTTTTCCTCACCTTGTAACAAGATTTGCGAGCTAAAGCAAGTAGCGTCCTATACCCGTGTCACCGAGGTTCAGTAGCGTATTCTAGGCGGACCTCGCGGCTCGTACCTAAAGGAGTAGTCCTACTTTGGTCCGTTGACAGACACAGACAAATGAACGCGAGAACCTGGTTCTGAGCGATGCCCCCATACAAAGGGAGAATGACGTGGCTTCGTTCGCTTAACGTAATAGTCATCAATAGTTGATGATGCACAGTTGACTCAAATTGACTATCGCGCCTATGAAGATCCCCACGTAGGCTGACACAGGGCAACTCCCTCCATATGCAGGTGCGCGTAATGTCCCGCATCCGCGTAATAGTGCAACGTAGCGACGGGCAGTATTGGACAGCGTACGAACAGGCAGCCGTCGGTTCGACCTCCTGACTGCGGTTAGTGATCACAAAAGATGCCCAAATTGGAGTTCTACATGGCACCACTCCCCACGAGTGAGTCTAATTGTTTTAACCCAAGAACCGCTTGAACCAACGATTGAAGTGGTAACCGCCCCACGTAAGGAGTGATGCCGTTGCCTGAGGAAGTACGGCGCATAACACCTGTCTCGAACCTGCTATGGGAGTGGCGGTTAACATTTAAA,706,50.0,Homo sapiens
SEQ_682563,GCCCTCTGCAGGAGGGCGCACCCCTACAATCCCCGATGAACGCTAGCTCTACGAGTCCGGCGGCTTACTGCGCATACCATGTGCTGGGCTTAGCGTCGATAGTGCTAATTCCGCTTTTGCAGAGTAAAAGTGCTCCTTGCACCTGCCCAGCCGTCAGTAGATAAATGACGCGGGCTCTCTACTGATTGCCGCGAGCTCTAATCGGCAAAGATACATATGCGATACACCAATGGGCTAAGGTAAAGGCATGATATCTCACAACGCGGAAGCACTATGTCCATGCAGAATAACATTGCCCATCTTTGCGCAACGGATATTTTGGCGGTACTTTGTCACTATAGATGAGATTTAAAGGCAGACCTGACAAATGTCCGTAATCAGTAACGTAACCCCCAAGGCCGGGATGTTTGCGTGAGTGGTGAAGCTACTTTAATTGTCAACCGCATTCAGGCGACTAAAAGATCAGCGCATTGTGATGGAAAAGTTACGCACTTGAGATCCAAGCCCACTTACCGCTTCCGCGCGGTATGAAAGCATATTCCGGTCCGAGCGAGCACTACGATGTTAGTAGTCAAATAGACTTGCGTTTACTGGAAACCGCAAGTTGAGTAGCCAAATTCCCGAGACGTTCCCCGTCAGTCGCCCGGAAGCCACGCTAATCATGAAGCGCAATATCTCAGGCCGGAAGCCACAGTGACCGAAGTCATACGATTCCATAGGTAACTGCACATGGCGCGTCTTTATGATCCTAGCAGGCTCGATGATGCAGCCCGACGGGCGAACTATGCTTCACCAATGTATTTATGGAGCAAGCACCACACGACCGAATCGTATATAGGATGGCCACCCATTGACATAATGTCTGAACAACATGGTCCAAACCTCGGGAATTGATGTTGTACGCCGCAGTTCTTGCGGACCTATAGATTAGAAGGTGACACGAGGCTAGTGCATCCCGAACTAACGCAGACGAGAAGAAGCACCTCTACGCCGTGTGGGCCCAGTTCGTTGATCGCGCACTCGTAGTCTCGCGTGGGGAAGAAAATACAGTTAAGTGTCTGTGACTCTGAGGCAGACGCTCGGGGATCTTCTCGCCCTCTACGTGTACTCTGCTCCAAGGGCATAAATTCTTTCTTATAATCTGACCCAAGTTATGTCATGTTCTACGGAGCTACGTACCGCTTTATCAAGAGGTGAACCAGAGTCGCCTGCTGGCAATTTCAGGATGTTTTCCCTAGGCTCCGCAGGTGAAATGGGTATTGCCATTCCTATATATGTCGAGGTATCATGTGGGCCGTTACAACCAACCTCAATTCTATTCACAACCGTGGATCAATTCTCCGCTCAGCAAGTCGGGGAAGGTGTCAGTTCGTTTATCCAACGGAGGGATGGTCGGCGTGTCTCTCTTCAGTCGTACCATGGCTCCTCCGCTCTATAAGTGCGACGGGTTGGTGGGGTTGCCCGTTAGCACCTTCCCGGGACCTTTATGTTAATTAGCTGAACGACAGTTGTGGACTATTTGGTCCGAGCCAGATCGTCTAAGAACCGAGTCTACTCTGCTTCTTCTACGCTATTTAAGGAAAGGCTCCTTTTAAGGGTTGTGCGGTGGCGCCCGTGTGTAGATGATCATCGTCGTCCACACCTCTTTGGCCACTAGCGGCCCTCTCGCTGTGCCCATAAGCGGCTAATTTCTGCGACGCACCTGCCTCCTGGGCAAGTAAGAAATCTGGAGACACTGGTTGGGTGCGCGCGGCTTCATCAATACGTGCCTAGAATAAGTGGAAGATTTTTTGGTCGATCGTCCCTATGCTAATGCAAAGACGCCGTTAATCGTGTGACGATTATCAGCTGATTTCACCGGACGCAGGGCACAGATGGGTTACAAAGCTTTACAAAGTGACAACTAGGGATAGAATCATATCATGACCGAAGGATGCGTCACCAGGAGGTCATAGCGTTGCAATAGAAAACCTTAGCTTTCGTCCCA,1987,50.48,Escherichia coli
SEQ_996337,GTTGAGCACAGGTGATAGAGCTTGCTGTAGACCGGCAGTTGTGCCTGATCGAGTCAGGCGAGCTAACATAGTACCTATGTATACGGATAGAAACTCCATCTGTACTCCCTCAGGTTGCATACATCTTATCCTCCCTCCCTGAAACCCAACCGGTTGCATGGGGTTCCCTGACAGTGGCCCACATGGGGTAATCCCATATCGGTCAGATTTGCATCGAACGACTATTTTCGACCAGGAACCAGTGGTCTGCTTCATGTGCCGTAGCTTACACGGCAAACACTTCCGTTTTGGGGCCCCGTCCTGTGTGCATCCAAATTACTAGGCACAACCGGGGTAAGTCGAATAACCCGCTGAACCCGGCTATCTCCGCTTTTGACCACCGTATGGATCTTACCCGTATACGGATGTTTTGGAGCGACATCTCTGGCTCGGTGTTAGATCGGAAATTGATCAAAATACCAACTGAATCTTTGTGTCACCAGGAGTAGCCAAACACCCCCATACATGTAACGATTCGTAGTCTACTCGTTCGAGGTCACGGTCTTGTAAAGACCCCAGGCCCACACCTGTACGATAGCGATTCTTCAATCGGTCAGCGGTCGTAGTTTGCTGATTTCACGGGAACAAGTCGGATCGAAGCTATTCAGCCAGTAAGACGGCCACTATTGAGCACCTGGTACTCTGGAGGGGTTATTTATGCTTCTCAGCACAGTAGTTCCTTAGAATTTGGTTCGAACGCGATACACTGCGTTTGGGACGCCATAGCCAAGTCTGACAGCGCTAACACTCCGGAACGGAGTCTTATGTCACAAATTGTGACTGGTGGCGGTCTGACCGTCGGTGGTGTTCGTGTGAAAATGGAAGTTGCTTCTCCGATATGACTAAGGTCCATTGGCGCGCATAGAGATTTTAATCTCCCGGTGTTTATCCCTTTGGGCTC,940,50.21,Escherichia coli
SEQ_275989,ATGTTGAACAGGCGAAGGTAGGGTAGTCCGCGGCAGCGCTGAAGTTGTTTCGCCTATCAGGTTGCGGCATCAGCCCAACAGCCAAATAACTGAACGATGGGATAACGAAATAACCCCGTGCAGTCGGTTTAAACAACCAAAGTCCATGTATGGACGAGTTGTCCTTTGAACGTCCAACAGCTTAATGAGTTGGTAGGTCCATTACGATTCTGAGGAACTTGATGACGCCGGCGCCGCAAA,240,50.0,Escherichia coli
SEQ_844765,CGATAGGTCCCCATCGAGTGTTTGAACACCTTCTAACCTATACTCTGTAGTCCGTTACGTATAGGCGGTGGCGTAGTTATCACCCAGCAATTCGGTGATCCCCCGTGGTAACCTATATTTATCTATGGGATGAGGAAAAACTACGATGCGCAACCACTAACCTCCCCCGGCCCTGCCAGGCTCTAAGGCTTGGTGCGTCCTAGTCAACTGCCGCTTTATGCTCTTACGCGCCGGTTCTTGATGGCATAGCCAGTACGGTAGAATCGGGCGCG,272,52.94,Drosophila melanogaster
SEQ_244217,TATGTTAAGTAGAATTGCATATTTGAAGCAGACATAGTCCGGCTTTTAGACGAATTATTCGCATACATTAGAGACAAATTGTTCCCATTCTGCGCCTGACGAAAGTCGTCCCTCTTATCTTAGCCGGAAGGGACAGTTAGCGGTTAACCTACCGCCTACAGACTGGAAGGGTAACTTCATAACCCTTTAGCCCCCGGGTAACTGGTCGGTTACTTAGAATAAGTCCGAAGCGCTACTCCTAGCGTCGCATCCGACATACCCGAAACTAGTAGAGCCTGGATCGTCACCCGCGGATATTCTGTGTCCAGATATCTCTGACTTTAACGTCGATCAGAACACCGTGTTGGGCTTGAACCCGGATACGCCAGAGCGATGCCATAATATGATCTGGCGTGCACGTCTACTACACCTCTCTGAATGAATAGACTGATCCAGCTGCGATTCCGGTACCATAGGTGCTACGG,464,48.49,Arabidopsis thaliana
SEQ_924314,TCAGGGATAATAACCAAGAGCCACAGCTTCTGCTGTAGCCACATTACTTCCTGGCCTGGTTACCATGCCTCGATCTTCCCCTCGGTAACCCTTTGTTGTTAACCTGCCCGCGCGCCCCTGTGAGCTTGAACGTGTATTGCTCGGTGGGTCGCATGGCTAGCCTCCCGCATGTGGATCAGGACTTGAGGTAGCCGTGAAGATTACGTCTTAGTGCTCTATAGATTCCGCTCTTGTGGCATGGTACATGGGCTTTGAACGCACCTCCAGAGGCTAGTCGTGCCATTAGGAACTCGAGCAGCGAGATCAGTTTTTTAAGAGGAGTGTCGGTTCACGTCTCGTTCCATAGCAGCTTGGCGAGACAAGTAGCTGAAATTCCGTCCAGCACCAGACACAACATAACGACACGCAGGTGCCGTCTGTCTTTGTGGGCGGCCTTCAGGTGCCGGTGATAGGTCGATCATGTCTTCATAATATTCTCCTACTTAAATCGGGTCGGGTTACACCTCCATGCTTTTGATAATGGGTTCTCCATCCCAGCTTGCGCGTGCCCATCGCTAGTCTGCGACGGACCGGCTACCTTGGTTAAGACTCTCCCCTGAGGGAACAATTACGAGACACTAGGGATAAGCCTCAAGCAGTTGATATTGCCAGAGGAGTGGGGGATGTCTCCTAGAGACTAGGCTAGCCTCTCTTCTCAAGGCTGTATGTAAGGTGGTACTCGGAGGCCTACCTATCATTCGCGGTGTGAGCCACCGAACCGGGATTATGTGAACACACTTATTGTGACAGAAGGCACTGCAGCGTTCAATCTACGCCAGAGTGATTTGATAAGTTTATAACAAGGGCACCAGGGAAAGCCTGAGGTCCAATTGAACGTGTCTTGCATTGACGCCCAGTCGCCGGAACCTACTCC,913,52.25,Mus musculus
SEQ_502543,TTTTCTCTAATTATCTCGCATGAGGTTTAGTGTTACACATGTGGAGGCGTTAGGGACCTCATTCACTCTCAAGCGATACGATTGCCTACATTCTTAGAGCGGGGGAGTACGTTCAGGGGAAGGAGTCAGCTACATCAATACCATATCGATAGTTGGCTAAATGATAGCCCAATACGTACACGGGCGAATGTTGTACCGTATTCAAACCCCACTTTCGTCTCCGTTATCGTGGACATATCACGCTCAGCGACGTAAAACTGTGGGCGAGGCAAGGAGCCAAGTATGGGGGACGGGCTATTCGTCCTACTAGTTCATGCCTCCTCAGCACATAGCGGCCGGCCTCCTACTACTTGTGCTGTTGGGCTCCCCCGATTAAAGATGCTCGTTCTAACATTAATATACGGCAGTCAAAAAAGCGAGTTGTCCGGCTTCTGGACATCATGTGGGCGTGCGCCGTAGACACGCTCGATGTTGGGCGTTAACAGGGTAGGGTCGCAACTACATTTGCAACCCTTTTTAGATGTAGTTTATCTGTGAGACTGCTAAGCCGGAATTTTCTGACCGAACCTGCCCAAACCAATTTTGCCACTAGTTAGCGCATGGAAGAACAGTTAGGGGAGCGTCGCAGGAAGCCCTAGTCGAAGGAAGTCGGAGTTGGTGATTTTGGGGCTGGGCGCTCGCCGGGTGCAGTTAACCATTGTAATGTCAACTACCAGCCATGCGAAGAAGTGCTGAGCGCGGGCGTCGTCATGACTTACCTTAATAGGGTTCGCAGCCCATTATGGCATCGTGGCCGTAGAGGACTATGACTTTGGGTCCTATAGTTACCTAGCTGCTAAAAGACGGGTTCGCTCAGGACCGCGCATAATGCTGGACACATGTCTAGGCCCCGACCAGCATCCATGTACACGTCGTACGTTGCGCCCACACGGTTCGCCCATACCTTGCCATAGACACGATTCCCGGAACTACGAGCGCTAGGAGAATTCTCTATAATGTTCATCGGACGTCGTTCGCCGAAACATGGTGGTCAATCGGCTCGCTACTATCAAGAATTACGTCAATTCTAATGCGTGTGCGGAGGACCGTGCCCTCGACCGTGACGCCCAGCTCGCTCGTGTTATGTGGGGTTTCTGAAAGTCCCTATCATTTGTCTGAGGTCGGATACGGAACCTCACTCAGAGAGAAATGCCTATAAATGCTACGCACATCAAGTCCACGCTAGCACCGTGCCCCCTTAGTCTAGACATCGGTTTACCTCGGACCGCAGAACTTCGGTACTGCGTATTAACAAGGGAGAATGTGCACCATGCCTACAGAAGGTAATCCTTAAACGCAAATGTACCAACGTGTCCGGGCACGATGTCCGCGGCTAGGAGAGCGGTACCACCCGTAGAGCTACCCAGCATCATAGTAATCTTTTGCACGCGAACCAAGCTATCCGGGGGCTTGATGTCGCACCATCAGCTCGCAAGGGCCATAATAGATCGTGGACGGGTTGTTCTGTCTAAGCATGAGTCGACTTTCCGCTGCGTATAGCCCGACATGACCGAATGGCTTACCCATAACGTTATCCAAAATTTTGTCGTAGTGAAAGCGGAGATGTTACGCACCGTAGCTAGCTTTCGGGTTTTCGAAAATGTACGCGTCCGTAGACGATTACCCTCTCTGAAATTAATTCTCCACTGCGACGAAGCGCGTCGCCAGTACCTTTCTCCCAGGTTGCAACTCCGAGCCACCAGTAGGCGGTAATGTTGAATTCGTCTAATCCGAACCACTGTAAAACGCAGTCGGAACCTA,1800,51.28,Escherichia coli
SEQ_101554,GACGGCCATCCTGCGCGCCTGCAGCTGAGTGACAGTACATTCGCTTAGAGTCGCTGTTTGAAGGTCAAGAGCCCTGAACATAGTGACCGCGAGTGTAATTGGACAGCTATTAGATAGAGTCGGTAAGTGAAGTTTATAACCTGGCAGGATAAGAATGGACATTGAGGAAACCATAGGTCGGTACCTGCGGCCCTAGACGTCCGGCTTTGATTCCAAGACGCCAGCAAACTCGATTGTCCTAAAAGTTTTGTAGAACGAGACACGCCGGCAGGTTATCAAAAGGCGACCAGGCACTTATAGGGGTATTTTATGACAAACCTAGCAGTGTGAGCGTATACTGATGATTAGGCTGCGGTACACGCGCAGTCCCACCCACTGCAAACTTCTTTCCTGCCAGGCTCGTTGACGCCGGGACACATATATGGAAATGGACTATAACGACTAATATTAAAAGAGACAGAACACAGACGTTCCCATACTATTATGGACTGATTTTTAAAGCAGGGCACTGCACAGACCATGAAGTGAGTAGGAGGGGCATTGTAATCTTAGCTGTATCGCATCCTCGAGTATTTTGAGTGGTATATCCTTATGGGTCAGTGCAGACCTCGATCGTCAGGTGATAAGTCCTATTGATGGCCCTTAATACCAACTTCCAGTGATGCGATAGCGACGGATACTTTCTGGTGAACCCCTCGCGCTCCACTAACTGCGTCCGCGTATCGAGCACTCGTACTGTAACGTGTGGCCCTACGCTTCGTTCGCAGACGTCTTAATA,778,48.71,Mus musculus
SEQ_392158,ACCTACCCCGTCCGCCCCAAGGTACATTGACTGCACCTGCCGCAACCTCTGCTCCGCGGAGTACGATAACAAGCTTATGCGGTCTACGACTCATCTCTTGGCGTGAAATGATCCTGTGCCCGAGAGATCCGAAGACACCGCTTAATACCTCGTGAATCGTTGACGTTTCTGATAGTTATGATCAACAATATTGAAATCAGTATTGCTTAGACAAGATGTTGCTGATGAGCGT,232,48.71,Arabidopsis thaliana
SEQ_593903,TCTAGACCGTAGTCACGGGGCTTTCAGGATTCCAGAGCGTTTTGTAGAGTTTGACACGTTGCAGGCGACTGAGAGATTGTCCACCTCCACGCCCTGCCCCGCATGACGGCGCGGTAAGTTTATGCATTTGGCTGGCGGGAGACTGCGCTGCCGCTGATCTGCCGCATAGTAAGCTGCAGACTTTGGGTGCCTCGTTCTCTTTTGGTGTCTAATCTATGACACTCGCAGTACCTGGGATTCTGGGCAACCTTCTTCAGCTTGAATCTTATCCGTTACACCAAGGAATTTCTGCGGACGTCAGGCTGACCCGAAGACATGTGTGCTGCCTGCACTCGTTTATATGTACTGGGTCGGAACATGGTTTAGATCTCCATTTGTATGATCCTACGTTCCGTGATCGGAGGGCGCACTTACCACTGTTGTGGACGAGGTATCCAGTGGCTCACTCCAACGTAGCAATAATCGCCGATTCGAGGGTGACTATCGGGGATAGTGCTCAGAACCGATCACCAGCTGGTGCATATAACTTAAGTATATGCGGGAACAACCCCGCAATTGAGGAGGGCGCGACGCATGGTGACGGAAACCCACCTAGGTCACAAGGCGAGGAGATTCTTCGGTACACACAGATGTCAGACCAATGAGTGAAGGGACGGCAGGCGGTGCGACTTTAGAGAGTGAGGATATCATGGCTCACGCGCTGTACTCAAATATTGCCACGTGAAGGGCGCTCGAGTGTTATAATAAGGCGATCAGCTCTGACTTATTTGATTTGAAACTGGCGACAACCCGAAACTTACACCCGTTGGCCCGACAAGGTGCTGTATACCTATCCTGAC,839,52.21,Saccharomyces cerevisiae
SEQ_603843,AGCAATTACATTAGACTTCCCAGCTAACTACAGCTGCGCGTCTTACGATGAATTAATGAGACATCCCTAGGCGTTCGCGTAACCCACGCCTCTAACCTATGGATTCGTCGGTAGGCACGCTACAGGGTTAAAACTGCCAATGGACCTAAGCTAAGACCTGTAATCAACTACAGGCCATCAAATATTAGTCCAAGCGTACGAGCGGAAGAAATCGCGCAGTGATCGGTATAATTTAAACAAAAAACAGGGACTATGGCGCGTAAGGTCGATCGAACCAAGTATCCATCGCTTGTTTGGGTTCAATCCAGTCTCGTACAGCGGTATGGATGTCAAGAAGTTCAGGACGCTACCATGCACAAGGCGGGATGCGTAACAGCAACAGTTCGTATGGTTCCTCGTTGG,402,47.76,Homo sapiens
SEQ_908114,TGGAAGGACGATGGGGCACACATGGCTATAGTATACTCAACGGGGCACCAAAAATCAAGAGGTGCCGATAGTCACATAATGGGACAACGTTACGCGCGTGCAAGGGGAACGCCCGCCTCTAGTGTTTAGACATTTAACCTGCATGTTCGCACAATCCGAAGTATTCGCATGGGTCGTTAAGATCAGAAAATAGCGCGCATACGTACGTTATGTAAGGCAACGTATATATGTTTCTGTATTTGACGATATTATGGGTTAGCGATACTGCGTAACGGAAAGCCTGCCCTGTCCAGTTTCATGATTACGTTAGCCCCGCTCCCCGTAAACGCCCTGGTTGGAACGACTCCGTACTGAGATCATTAAAAAACGCATAACGCCCTAGTCTCGGCACGAATCTTGCTCTGTTGCGCCAGCAATCTGTAACGGGACCTCACTGCCACTCGGATGTAGCGTCTTTAGGGACGCTACCCGTGCAGAGGCACCAAGCGTGAAATCTCGGAACAGGTCAGGTCACAACGCGCACTTTGTGTACCATCCCCAGACCCCAATTACCAGAGCTACTATCAGGCATCTCTCTTGCCGCAAAGTTCTCCTACAAAACAGGGCTAGCAATGGACGAATGGAGGTGATAGACCGAAGGTCCCCGGCAGTTTAATTGTGGGCAAGGCCGGGCGTACCGTCTTATCTCTTGCGCCGACTGAGAGAGCAGACCAACGCGAGGATGTAGTACGCTGCAGTGATAAATCGGCCAGATGCTATGCTGTGTTTCACCCCACCCAGTACTGGGCGCCGGCACCTGGTCCTCCTGTAATGGGCTCTGCGACCCGGAGGGCTCTTGACCGCCCCGAGCGGAAAATGACCAGTTACAAACCCACGCTAATACCTAATGATATACCGACTATGGCGTGCGGCCAGCGTCCGATAATACGCTGCCGATGCGGATCCCGTCGTGGCTAGTTGTGGGTGTGGCCACCCGATATTACTGTCACCTTGCACGTGGCCATCAAGGACCGAGGATCTTGTATATGGTTTCCGTAAGAATGGAAAGGGCCAAACATCGGCGACCTTACGGTACGCCCTAAAGTAACAGGTAGGGCCGCCGGACTTGTCTCTAAAGCCGAGTGGGCAGTGCTCCCGACCTTTCAAAGATGGGATGCAAATTTAACATCTACTATGGACTGTGCCAGGAAGGTTGGTGGAGACCGGCCAGTCAATGTGAAATATTGATCCCCACCGGGAATCACCAGAAGCCATAAGGCACACTCGATAGCGTTTCCTCGGGCTTTCCACGAGTTTGCGGCCCGGGAAGAGCAACTCAAGTAGGTCCAGGTATATGCTGTCGCTAGCTAATCATCGAGGTAATGAACCAAGGCAGGACCTATCCAACCATTCTACGAACCACAAGTATGCGCGGCGGGGATACAAAGGTCGGGCATAATGATAATAGCAGAGCAAAGATTTAACCAAGAGGAGCTTTCCCAGCCGTTTGTAATATGGCGACCAACACGCATTATACGGCAAGCTGGGCGACTACGCGAAGGCAGTGTCGTCTCTCTTTTGGAGGGACTTGGACTCCGCTCTAGGAAGCATAGCGGTCCGGAGTTTTAACGTACGAGTAAGCAGCTTATTTGGGGCGCGCTGCGCGTAATTACGTTCGGGCCGTAGGCGCCAGTATCTATTTGTGCATCTATCTCCCGTCTTCCGCATAAGTTTCCTCTCAATGTCGTACAGTCTACTAAGAGTTAACTAATAATGTGAAGGTTCGTCAAATAACTCGTTGTGACTGGCGAAGTTGAAATGAGCCCCCTTCGGTGTAAACCCCGCTGGCCCCAGCTCGTCTACTTTGCACGGCATACGTCGGCATACCAAACGGCTGCTGTCCAGTATGTTCTCGTTATCGCGCTTGCAACCCTACATGTTAGGAGCAAGGACACGTCCAGCAGAGA,1946,52.16,Drosophila melanogaster
SEQ_494509,TCTTTCATGTTGGACGGCTGTCTATTTTATCATACATATATAAATACGCTCGACGAATTACGGTCCCTTTCTCGAGTACCAGAATATATCTCATGGCGTGAGAAATGACCCGCGTTTGGGAAACTTCATGAGAAACTGTGTCATATGCATTCCCCTATAGAG,162,41.36,Drosophila melanogaster
SEQ_822470,CGAATGCAGGAGTTGACAGCTTTGAGTCTCGACTGCTTTGACTCGGCCGTACCGAAGCTTTTAGGACTCACTCCTCACCTGTTGGTCCTCCAACAACAGATGATGGCTGATGATGCACTAGCTTCGTGGAGAACGGACGTTCTACGCGTGTAGGCATGCGTGGGACTAATACAGACTAAGGCGTGCAGGGGTGCGAAGAGATACTTTGTGCGGACAATGGTCTTCTCCGCCCATGGTCTTCATATTCAGCTCTGTCGTAAAATCAAGGTTCTTCTGCTAGAGTATATAATAATCAGCATTCTATAATCAAGGTCACAGTCACTCTACCGCGCGCTAACCGTCGAATTTCCCGGTGTGTACCCGCGACGGTGGCGATGAGCGTCCCGGAATCATTGAGATAGAACCGTTGGGTTAGATAGGTAGCAACTAGGCCTGCGAAGGTCGTCGTTCACGACGGCTCCATTTTTTCTATTAACAAGACCATCTAGCTCTAACCAATCATAGTAGACTTAGCCTATGGGTTCCTCCCACGAGAGCTACAACGTCCTATGCAGTACTTTATGAACTTACGGTCCTATCCTTCTTTATGGAGTCTGGGTAGTTGCTACTGCCGGATTGTAACCTATAATAGGAACGTTGGTTAGGAGACTGAACACGGCCCGAGCTTTCTCCAATCTATATGTCTTTTGGTCACATGGGTGGTCCAAAATCCAACGAACCAAACATCTATTTGCGTCCGTCCTCCAGGACATTCGGCCCCTCCTATCTGCCGACCCCTCCCTCGAATAGTCACATGCTCGGGTGGAACGCTTTATATCGCCAGTCATCTCCTAGTGATGCGACGGGAAAGGCGATACCGATTGTTCATGTAGACAATCGGCGCTCATGCGCTACGGATTCAGCAGTAGGAATGCTCTGCAGCCGGGTCTCTAATCGTATGTTACATTAGGTTTAGTTCGGGGTAGATGTAACTCAAGTGGCCGGGAAGGACTCTATCTTCAGACGTAGCCAGAGCCGTACAACTCACAGACTAAGGTATGATCACCCAGAGTAATCAACAGTTACCATGAACCAACATGCCATGCTCTGACGTTAAGCATATGAGACGCAGCCCAATTGTTCCAAGGTCCTGGGAAAAACTCCTTACAGTCTCCTTCGCCCCCACCGCAGGCACAGTTTAGAGCTCCCTTCTGAGCACCGCGGGCTTGGGTTCGGACCGGCATTGGGTCGACCACCCTCTGGGAGATTGATCTCGCGGCTGCACCGGG,1268,50.71,Caenorhabditis elegans
SEQ_792255,TATATCTTGGGCTCACTGTTCCACCGACTTGACCACAAGGCCTAGCCCATACCATGCAACATGCCGGCATTGCGCTGCACGGCCCGAACTTCGTGCGGAGCAGATGTGACCTGACAGGACAACCAAGACCCGGCTGATTCTGGGCGTATACATCTCGCACGCGGCATCGGGAGGACTGAATGGTCCCGTGCTTGTGCTAAGCTCCGGCCTTTAAAGCTCACGGCCCCGCTATAGAACGTGCTACACATCACAAAAGCGCAAAGGTTATACCAGATTCCTATTTGTTGTGCTGTAGGAAATTTGTTAGGTGAAAACCGTTGTAATATCTAACAAACGGACCCAGTAAGTCACTATATCCGAAAACCATACGAACTATGTATGTCGACATGCCTCTCCCTCGAAGGCGCTACGCTCACCCCTGGCGAAGATACGTCAATTGCGAGGAATCGGCACCCCCGTGGCACACTACCACTAAAACGCTTCATGAAGCAAGTAAAACCCCCGGATGGGTTTCACTGGTCCATCCATTGCCAGGTCCGTTGGGAGCTCAGTTTCCGGCAGGCACTCCCCAGGCTCCCGACCAAGCACTCAACTGACCGATACTTGCGGAAGGAGCCTCACGGTCTTCCCTTCCACCTGTCATGCAAGAGTTAATAATTGTGAAGATGGATAGAGAAGAAGGCTAGCCGCGTTAAGTTAGCATTTTACCGGATTTTTGCAGAGTGCGAAGGCGGCGGGAAGATGTTGTCACGCTATGTTCGTCTGGGTCTATACTAAGAAAGCCCCCCAGGGAAGCTCGCGTAAGGCACGTATGTATCCTCCTGGCACTGGAAAAAGGCTGTTCCCGGGCGTCCGATGCTACGACGCTGACGACTATAAAAGAAAACTCATGATTCACATAGGATGCCTAATTTGCACACTTGAAGTCGCCGGTCGTCTCCCAAGTGTTGAAGCAACCTG,960,52.08,Homo sapiens
SEQ_943961,CGAGAAAGTCTATGATTCTCGGGACCAGTACATGTAGCCAACTCTTCAAACTGCAACGTGCTAAAGCGATGGGGATAACTATCTCTTGGTTGGCTGAACTCATGTCCTAAGCTGAGCCCAGCGAGCGGATACCAAGATACGTGAACGAGTTCAATCATTTTTAGAAATCTAAATTCGACCTCAATTGACGTTAGTGCCCATAAGGAATACCTCCGGTTAGGTTTGGACGGGATTCGCTCTTACGTACAGCCGTAGGTTGCTAGATGTTAGCAGGGATGTGTAAACGCTACGACTGGGCGTGGATCCTCGCCCAAATTAGCGGGTTCCTTATACGTTTCCTTGTTCGTGAACCAAAGAGTGAGATTATCACTGATGTAGGGGGACTGCGTTCGGAGCCATTAAGTGCCCCGTAGTAGAGTCCTAGCTATCGGTCATCCCCGGTGGTGCAAGGCTTTTTATCATCTCAGGCGGGAGGTATAGCCTGGATGTCGTTGGATCTCTGATGTTGATAAAAAGAATTACAACAAGGCGAATGTGCTGCGTCCAAGAGATGGCAGAATGCCCCTTTACCGCGCACAAGGGAAAAATTAGCTACCCTTACCGCTGTGTATGCGCCCCATGCCAGCACACGGTTGGTGAACTTGGTCTGGCCTATATGAATGCGGGCACCTCGTGCACACCACTTTATTGTTCTCTCATTTATTATTCAGATGTACACTGATAGAGGTCCGATTCTTCGACTTACATATTGGCCGAGATGCAGCCTGGTATACCTCTTGGTGTTGGGAAACCCGCGCAAATGGCTGTTGGACGCCGTGCTGTATTAGCGACATCCTACACCACAGGCTGCCAAGATTGCATAACCCGCGGCGGTATAATTATTTTGCTCGTGTCTAACGAATCGTCTTTGGGACTGGTTTGTCAAACGGCTTAGCACGTGTCTTCCTACTTGAATGTTGACCCTGGAGTGCATTGGCATTCATTCGCACCCTATTACCGTGTATATTATTCATCATCCGCAATTCATCTCGGCATCGACACTTCTTGTCCCGGTATATTCCGTATGCGTTTTTCTTGCCGCGTGAGGTCAGAAGACAACCCAATAGTGAATAACTATATACAACTGCACCTTCCTCCCCCACTCCTCCTTCTACGTCATGATATTAAGCGTCTACATCTGTTGATTTGAGAGGGTTGCGCATTAGTGGCCGGTAGCTTAATAGAAGCCACAGCGGGGTGACAGAGGCCTCCTAGCTAACGCACGGCGACTTTCACACCCGATTCCTGATGACTGTATCTGCTGGTCACAGCTTACCACTTCGGAACTAAAGAGGTGTGCGGTCCGCTTATGGGTTACGTGGGCAATAAGTTGAACGCTCGATTCGTTCTCTCGGGCCCTTAGCGGAAAACGCGATGACGTGACATCTTGAGGACAGGAGGACTGATCATTTAATCTATAGATGACAGTCCTT,1472,48.64,Caenorhabditis elegans
SEQ_825894,GGTCCGCCCAACCCCTGTAACCGGGATTGCGACATGGATACGTCATGCCCGATGTACATCCAGGGCCACCAAGAGAGCGCTCCCGGCTCTCCCGTCGGGTTAGGGCTCTCCAAAACAAGGCCGCGGCCGCATTTCTATCGGGAAGTACATGGCTTGTTAGGACATAAGCGAGACTTTCAAGGTGTTGGACCCTGAGACGCATCACCGAGTGGCCTGGCGGTCGTGCGCGGCCAGATGAGCGGAACTCACGATAGTTGACGCTGGACTAGCTTCTTGCACT,280,58.93,Homo sapiens
SEQ_250335,TACGTCGTGAGCCTCGAGGATGATAGGGATCGGTTGGCTCTTCACTGGGTCCTCCAAACCATGATATTCGATATTAGATTGTGACAGGAGGAGACAGATTGGCTCTTCGCTGCCCTTACTTGGCTTCTTGGCTCATTTATAGTCGGCCTTAAATACGAAATGGTTTTAGGTGGTGAGATAGTCGGACAAGAGCACCACTACGCAGCGAGAGTAACCAACCACGTCAGCTTCCCCTATCGTCTTCACCCTTAACCCTGCACGCCAGCATTTATCGTATAGCCCAGCGATACGATGATCGCCCGGCGCAGGATGAGTTGGACCTAATACTCAGCATGTTCGCAGATGTACAAGCTAATGAGAAAGAACCAGAGTAGTACCGGTTACACAAACGCAGTCGTTCTTCCTGTTAGTTCGACACACGATGATTGCCTTGCACCTTCTAATACAGGATGTCCCGTTTGCGGCATCTTGAGTAGCTCCGGCCGGCGGCTTTGCTAAGCTTGACTAGTTAGGCGCACCGGAGGCATACCTCTTAACAAGGGTCAGACTGAGAGCGGGCGTATACTGTAATACATGACCTTAGGATCGTAAGAAATCTGACATATCCTTCTGTTGTCGCGGAGGCTAGTACCTGTGAACCAGTGGAGTCATAGCCATTTTCTATTTTCTACCCCCAACCTCAGCGTGCAGCTCCATGACACGCATTTTGCGCTATCACAGCCCTAACTCTTCTACTGAGAGTAAGTGTTAGGATGAAGGTTGACACCCGAGTAGACCCTTTTGTAGAGACCCTGGTAACTCTGTGCTAGACAGGCACTCGTGACCAATTCGGTTGGGAGGACCAGACGACCCCCGAATCGCAGGACTCGGAGCGCGGAGCTTGAGCGCACATTCCCTGCGAGGACACACCGTTAATTCAACAAGCATTTAGTCAGCGCCCGCCAACCGCTAAGATTGACGTGACTTAGCTGCACCACGGCCCTTGTTGTCAACTTGACGACCGAGCGAAGTGCGATTGCAGTGCAGGGAACGGGCTGATCTCGTCTAACCTTTGCCCGTTTGCGGCGAATCCAGGGAACCAAGACACCCTTCGCCGGGACCTACCCTATCCTAGATTGGGTTACAGCCTCGCCGT,1135,51.89,Mus musculus
SEQ_510277,AGTTGCGGGCTGTGGTCTGTTCCCAGTAGTATGCACACCTCCAAGCCAAAACTCATACTTGCGTCGATTATAAGAATTGGTCCTATGCTGAAGGTCATTAGAACCATATTCCTCTCAGCCGGGTGCAAGCGGTAATGGACCCCGCCTGGCACACGGCGCACGTGTAGGGGTTGGAACTGCACAGTGCTGTCTTAACAAGTAGCTCCTCCTAGACGGCGCCGTCTTAACTTTCTCTTCCACGGTGAAATCTTCCTCTCACTCGGCTGAGTGCTTTGCACGATACCTTACTGTTCGATTTCATGTGAAATAATGACGATAGACCACAGTAGGTCTGGTTGATTAGCGGAAGGTGCGTTGTGCCGACTATCACAGCGCCTAGTGCAATTTCTGTCGGGAACGTGCTGACAAAGCTCAGTCGTACATACGATCAAATCATGACATCCTGTGTTTCAGAGCAGGCGAATAGAGAGTGTGTAGCGGTGGTGTAAAAGGATTGCGGTGATGAGGCTTTCAGTTATTCAAACCCGGTTATCACTGATTGCCTAGAGATTGCTCATAGGGCCGACTCTTAGGTGACGGAGCGAGCTGGGTGAGTTTTTTGTTCTATGGCCCACTATTATCGATGTGGCGTGTATTAGCTTAGGACTGCTACAC,654,49.39,Homo sapiens
SEQ_135647,CATTTCAGTTCTATACTAAGCCTACCTGTCGTTTGAGATTACTCAATTTCTCGGTTCCACACCATTCCCGCTCTAGAATACCTGCGCCCAATTTTATTCAAAGAAGGGTCGATAGTATGCCTACGTCGTTTCAGACGGTCAATCGAGCTCCATCCGACAATGGCGGAGACATGAATCATGCTAAGTACAGTACAGGCAATACCCCCCTATCATTCTTATCTTATACAGCCTTCGCTAGTTACAAAACTCCTAGAGACCCCCAATTGCGGTTTTGCACACACGTGCAAGTGCTGGAGGCGTTTACTCACAGCGGTCCGCTACGTGCGGCCCTTCCTACCAAGTCCGGAGGGTATCGACTACGGCCTTCCAACTGTCTCCCGAATCGTCTCGCTCACTAAAAGGGCCCTAAGGGAAACGTATCACCCTCTCAGAAATAATGCGGCATTTTTAAAAACCTGTGCTCAACCTTTAGGGCGTTAGACCCCGGCAATTAGGTCTTACTACTAGATAGAACTGTGTCTACGAGCACCTGTTCTTTTGGCATATGAAGCTCGACAGCCCCGCCGTTCGGGATCCTTAGAAGTTCCACCCATGAGGCGAGTTGCATTGCTCAGATAGCTTGAGTAAGGCGTTTGGTCACACAAAGTTATTGGACTCCTGCAATGCGCTAGCATACCTACCATCAACCAGAGAAGCCAGGTCACCCACCACTATTGGTTTGTAATAGACTATGGATTTGCATAGAGCTGCGCATGCGTAAATCGGTCAGTCTGAGGGCACTCTACCCCTCAAGACTTGTAGAGCTAGATTCGACTTCGCTCAAAATGTACGTCTCAGAGACGATTTTACCTAACTAAGCGAAACTGGGGAGGGAAGATTTTGGCTATGACAGTACTAGCTACTTTTGAATTTGCAGGGTATGCAGGACAAAAAGCATCGATTCGCGACGCTTAAGCATCTTGAGGTGCAGACACCTCGATTCCTATGAGGAGTGCTTTACCGCGGTGTCGTGACGGTGCCCAGCTTATTGGGGGGAAGGACTCTACCAAAAAGGGTACCGCCTATTTTGAGGTCGACGTCCTGGACGCGACGGGACTTCGAGAAATCTCTTGTGCAAGTCACAGCTGATTCGTCGCTTGACCGATAGTGGTAAGGGGGATACGATCTCTAGCGCAACCGAGTAGGCTGTGAATCTGTGCGGCGTAGGAACAGCTACAACACTTCTATCTGCTGTTACAACCTGGTACACGTGACCGAGTCCCCACTCCCCAGGCTTTTCAGTGAGTAATTATTGAATCGTTTCTCGATATCTGGGATGATTATAGTAGACACTGTCAGAGAGCGCACGTCCTCGAATACAAATTAGAGCTTACCGTCATTCGCGGGAATACTTACTAGAAGCATTGGAAACCCCATAACGCCCTTCGTTCTCGGGAGCGCTAACGGGGCAGAAGCCTAGGGTAAGCAAGTCATGACGTTCTTGAACACTCCCAGCCTAAACCTGGGAACATTTCCGATGTTCGAGGACTATTTGGGTGAGTCTCTCGGTAACCTGTGGACAGAGCAGTGCGGCAGCTCCATAGGGGCACCTACTTATCGGAACCCGATGAGGCCGTGTCAAAGTCGATTCAACACTAGTATGGAAACGTACGGGAAAGTCTCAGTCTTCGGAACAAGAGCACCGGTATACATCTTTAGCCGGTTGTCGACTCCCACGTCCAATCCTCCTGTCATGAGGTATGTTAATTCCAAAAGCAGGGAAGTTCCCGAACATTTCCAGCCACGCCTGCTGACGCGACAGGTAAGCTAGTGGGATTGCAAGTGTACTCAGAATATCTTCCAATGGGGGCGGAGACTAGTAATCTATATTCTTGAGCATCGTAATAACCCCGCACCCTTTA,1901,49.29,Mus musculus
SEQ_134504,AGTCTGTACAAAGCTCGACAACCAGTCAAGTCGACAGTTGATAAGGGTCGGCCAGGCCAAACCTCGAGGCGGCCAATAGGTCCGCTGGTCTTTTTCTGGGATTGACTTATCCTAAATTGACAGGGTCTGGTTCACTCACCACATGAAAGGACGCGAGACCGTGTCACTTATCGTACTAATATGGTTCGTGCAGGTTAGTCTACCCCTTGGCCGACGTAGCGCGCCTCGAACCTAGAGGACAGTACTTAATTAAAGACATTTATGACCCAGGAATGCTGCAGCTTGATGGCGGTGGATATGATAAGAAATTGTTTGCAAGGGCTCAACGGTAGTTGGTCGAATCCTGCTGATTGCTCTTCGATTTAAGTTGAAGTCCACACCGAAAGATTGGCAGACAGCGATCCGTTTGCGTCCCACCTGATCCACTTTTTGTATGACAATAGGTCGCGTTAATAACGTCCACCGAGCTGATGGGACCGGCGCAGCCCGTCGACTTACGTAGAATGTTAGACGCACCCTCCCGCGAGAGCACTAGTAAGACGTGGGGTATTGCCGGGAGGTATATGCACCACCTTGAGTTGATTGTCATTCTAGGACGTTTTCCAGGGGCGCTCACGGGATTGACTCCAACCAGCCTGGCTGAACGCCGGCTATACGATTTACGAGCCGAGTCATTTCCCTGCACTATAGAATCCAAGGTGGTAATTGGGTGCACTTTGCACAAAAACTGATGAGTGCCGACCATTGCCGTTAGGTATATTGGGTCAGCGTTATAAACATAATACCGTGATGAACATACCCGCGAGTTTGTGATAGTATTATTGCAATCGCTAAAGATGCTTCTTCCAGTGGATCATCTTATAATATGGCCGTGGAGTTGCGTTAAGTGCGGGTGTTTAGGTGTCCCCGCCAGTGACTTCGTTGAATCCGAACATGCACGGTATGGTGCTGGAGCCTTGGACGGAGAGGTCACCTAATGAGTTTCCTGGGGTGTACAATTCAATTTAAGAGTAGCCGAACACGAAGCGAAGGCTGCGCCGAACTAGTTATAGCTGGGGCCTACGGGCGAAGACGAGGAGGAATTATCACGATCCAGCCTTACGTATAAACCCTCGGGTTCTAGTCCTCGAGCACTCTCACATAGTGGTCATACTATATGCATATACGTGTTCGCGGTACCGAGTCGCACATAGCTTAATACACGACGAGGGTTGTACAGAACTGGCAATATGCGATGCACCGACTGCGTAACGTTTGGCACCCCAAAATGCGCTTTACCCTGCTCGTCAGCGTTCACGTAGCGAAGTGCCAAAGAAGGATACCCTATCGCAAGGAGTCAAAATGTCCGAGCACTAGGGCTCGCAGCTTGGACAATATGAGGAGAGCTTAGAGTATACAGAGAAGCTTTGAGCGAGACGTTTTTATTAACCCGTCAGAAGCCTTCATGCCGACAATACTCTCTCCTGACAAAGCGACGATTGGGCCGTTACCTTTGCAAGGTGGTTGGGCCAGCGCCGTCTTGCGGAGCAGACTGTTCATCAATTTTGGGAACCAGGCATGTGGATCCCCGGCGAACCCGTCCGTCGTTGGAATCACGAGATCTTCCACACGCCCCCAACTGCTCAGTTAGGCACAAGCGCATACAACCTGACCTCCGGGAACCCACCTCATCCGCCTCCACGGTCAGCAAACGGGCTCAACCTGAAGTCCTGTAACTGCTGCTACATGGTTACCTAGCGGTTATGCAATTCATAAGTTCACCCCGAAACAACGCGGTTCGAGGGTATGTTTTGGGAGCACTTTCTACAATGACGTTTGCCGGCACTTGTGAACATGTTCTCTAGACGAAGACGTT,1855,50.62,Homo sapiens
SEQ_826617,GTCTCTACAGATGAACGTAAAATCCCGCGGCGAGCTAACATAGACTACAAATATCATGCTCGAGTAGCGTCAACAATTTACACTCCAGCTTATGACCATGTGGTGTTCCGCGAATCTAACGGGGGATTACTGTTCGGGAGCAGCTGGGTTAGATACACCGATTGCTGGGGATAACCAATTAGCTTATTCTTCCCGAGAGTCGATTCTTACATCCACCAAATCTGGGATCCAATTACATTAGAGCGTACCCCGCACGACAGGGTAGAGGTTTCATTCTACTCCCCGAGTTTAGTCCAATGGGTCAATCACTAAACCCTCGTGGAGACCGAACTCGCCAAGCCGCTACGGGCAGCGTCGCCACTGGCATGCGGAACGAAAGCGTGATACTCGATTAGATACAGTGACGTACTTTTTCAGTTACGAACTTCTGATATAGTAGCATGAAGATCCGTCGCCGTTTGCATGGCGCAAGCAAGTCATGTGTGGATAAGCAGCTATCCCTTATGGACACGTTGTCGATAGCCCAATTTGCACCTGTTCTCCGCTCAGAGACCAACCGTGCAGCCGTAGACCGTCGCCTGTGAATCCTCCGTCTTCAATATATCTCCGCGTTCCGGACTTGCTGGTCTCATTCCGGTATCGTTTTGGGATATGCTTAAGCTGTTTCATGCCCATTGTCCGCAGACCGGGAAATCCTACTATGGTATCCGGATGAAAGTGTGGGCCGCGGTCTGGCGATTATTGCGCGGCGAAACTCGACGACGACTCCGCATGCCCCGTTATGCATGCATATACGTCTTGCGCCCTGACCATCACTTCACATACGACCCTGAGCATGATGTTGTACCATCGCAACGGAGAACGTGGTTAAATTTGACATATGGGCTGGCATTACTATATTCTGGCAGAGGTAGTGTCAGTGGGGCATATCATTAGCGGAATCCGCTGCGCTGATAGGGAGTATCTTCACACGTATTCACTCCCCCGACCGCTTCCTTATACCGCGGTTTTAGGTTATTCTCAGTCGTCTATCTCTATTTATCCGCGGGGTAGAGGATCACAATCTTTA,1069,49.95,Arabidopsis thaliana
SEQ_824528,CGATGTACCAAAATCGCCCTACGCCGCAGGGATAGCGCCGTTGGTAGCCCTAGTGACTAACGGCCATGGATCAACGGGGTCCTTGGGACGTACGAGCGTCCTCAGGGGCGTCTGGTGGGCCGGTCTAGTTAAAGTGATCAACTTTACCCTGATCAGCCGTCTAGCTGGTAATCCTTCCTGAATATAGATGCGAGCCTTGGTGTGTATTTACCCGGAGTTGCTAGTCTATCTTCGGGTACGCGCGGCAAGCTGCCCACCCGTTATAGAGGCATGGAGGGGTGGGGACATAGCGATGCTAGGCTGTCTAGGCCAGTTGAGAGCTACCTCACTATGGGTGACATCGCGGGGCAGGTAAGTTGGTACTAACCTTAGTGGTCGGTGGCCATTGGTCACGCATGCACCTCTGCGGGCACCGGAGAGACATATCGGTTCTCTGTCTCACAGCGCCACGTTTGACGGTTCGGCACCCTTGATACCCTGACTTTCCGGTATCTCGCACTGCATGCGTGCAATACGGGGTATTCCCCTTCAGCCCGGATTCCAACCTCCTATTAATTTGCGCTGCTGACTAGACTGGCGTCGCATCGCATTCGACAGTCGCAATGCGTGCTATTACGGCAAAGGAAGACGGCTCATTAACATAGGCCACTTTCCAAGACCATGGTTCGACAGGTAAGATGCTCGTATGACCCGCGCGTCCGCTTCGGTCGCACTTCGCCGCCGTAATACGAAATTTATATATCTGAGGCCCAGAATGGCCTTACCAATATTCGAATCTGCAACTAGTTACTTCCTTTTCCGAGGCGAGAGATCGCGGCCTCTGTTGCCGAACTGTTTCACAAAGGGAACAGGTC,854,54.45,Caenorhabditis elegans
SEQ_210354,ACGAGGAAGTGAATTAAGTGTCGCACGTGTATACAGCCGCGTAGTAACGAGAAAGCCGTCCGTTATGATGTGTAGCCACAACTTAGGGAGTGTAGAGCCAAATCGCTACTCAATCCGTAAAGGCGTCGTCGATTGTGATAAAAAACTGCTGCAACCATGGTCCGCTGTGAGGCGAGCTTAGGTTAACTACGGAGCTTTAAATAAGCAATTGCCCTAAGTGTACAGGTTTGGGCACGAGGTCTTTGAGGGCGCCGGGTGGCTGTATGGTAGGGACGGGCTTTAACGCAACTTAGTGATTTCACTAGAGCTTCCCGATCCTAACAGAGCACTGCCTTAGCTGCGTGTTGCTCCAGCGAGCTCATTACATTAAAATAACTGGATGAAGACGTGACCCTGAGCCTGGCTTCCTTCGTCTCCTTCTACTTTCCGAAGTTATTGTGGACGATGGAGACGGCGCGCGATCCCCGAGGGTAATCCGATGTCGGCTGACCCCCGCTTAGGCGCCCAACGTACTCGAGGTGACGTCTAGACCAGGAGGAGCAGGGGGGTGGGGTGAGCGCTGACCGACCGATCAATAAAAAACACTCACAAAGGTGTGATTTAGGCACTACCAGCTTCTGCATACAACACACATAGTATATTCGATTGTGGACGCCGAATTCGATAAGTCTCGATACCCCTCATTAACTGACAGTTTTAGCGACATGCCCAGGAGGAAGAGGCAGCAACGTGGATATCTCTACTCAGCTTAAGGGTCATTGTCGACAAACCTCCTAGCCAGCAAAGTCACAAACGCCAGTTCTTTCAGCCCAAGGAAAGTAATAGGCCACTTACTCGTAATAGGGCCCGGTTGTCTATGTGCCAGGGCCGAACTATCTAATGTGCAGAAGGCAAAAAGAATGCGGAGAGTTTGCGGGCACGAGTGATGCCACCATACACTATTAGTTAACGGTTGAAATACCCGGAAAGTCGTAGTAAGTGAAATTACTCTGGCGCCAGAATGCAGTTGCAATGGCTCCTTGCTTTAGAGACTATAGAAGGACTGGACGATATGCGTTCACTTGGCCCAGGATGGTGAGACGACCGGGTTCTTGCTTACAGGATGGAAGCAAAGCCACCGCGCGCCTCACGATCTCAGTTGAAGCAAGTAAAATCCAAGGTGCGGTACCTGTGTTTGCAATCTCTGGCTATAGGGATAATTTTTGTCTTGTAGGGAAGCAGAGGCTCAGAAGTTTATTCCGTAAAGGCGCCATATGAGCAGTCGAGTCATCCTTGACCGTTGCCGGACCCTAATCGACCCATATCTTCCCCGAGATGAACACTCTCACCTTTTACATGGACTAGTCGGAACCTAAAAAGCGATCGCTTCGAAGACACTGGCCGTCTTGTGTTTCTCGGTTTGATGCTGGCTTGGTGGGACGGAAACTGTCTTCTTCGCCGGGAACTGAATTGCAGGGTCCGTGACCTAAACCAGCAGACAAGCCCTAGCGGTCTTCCATTGCAGGTCCTAGCCTCTAGGCCGCCCACAGATAGAGAGCCAAGCGCCATCCAACTAAGGAGTCCCGTCGTTTCAACAGAAGGGACAAAACATCGACGGCTTTGACGGGCCTAAGGCTAGGGCGTACCTCAAGAAATGCGTGGGGCACGACAGTCGAGTTAGCCGGGAATCTTAAGCAATGGCACTAATTCTACCCCTAGTAGTCGAAAAAGCAGGGAACCATGACAATGCCAAAAGCATTTTTAAACCATCCGTTTTACGAAGGGCAGATGCACGAAACCCATCTGTACTAGCCGGGCATTTGAGTGATCAATAATAGGTTCTATCGATAGGGCGTGACGTGCTCAGTACAGGCATCGCCCCGGTAGATACGATCACTCGACAAAGATATTTGCGGGAC,1898,50.47,Arabidopsis thaliana
SEQ_417147,ATTCGACTTTCTGGTGTACACGCGTGATGACCGTGGGACCAATGCCGGTGGCTAGGCCAGTCTTCGATGGATTTCTATTAAGGAGACTTTGTTTTCAGCGCGGGCCGTTTCTATCTTTACTGAAGCAGGTAACCTCATGCCTTTAGGCGGCGCTATTGACTGCACTGTTCCATATAGAAGCGAAGACACTTGTATGAGCAATAAATAGAGACCTTTATATGCTCAGAGGTGGAGCGTACCCACTTAGTTCGGGCACCGTGATCAATAAAATGTGGGCAACCAGGACACCATCACAAGCTAGACAGTCAGACTCCCACCATGCCCCTGTATACGATGTTCCGCTAGGTCGGGATGCTATGCCTGGGAAGGATCATAGAACTGCTGGATACACCACTGCTAAAATATTGGTCAGCGCTGAGTATTCTGTTTACAACGAGGTGTTGGTCAAGATCAGTACATGCTCGCTAGCCGGAATACTAGGCTCCAGGTTCCAGCTCACACTTATAAATTTCAGCAGCGCCGGACCATCTCCGTCACACTCGGACATCCCGGCGCCGCAGGATGAGCATGCGTCCTGATAAGTAAGACCGGGTCTCCACAGCCACTTAACAGCCGGTCTCTATGCCCGGACAAAGCCACTGAGGGCAACTTGTTTAATGCCTTTGCGGGGCCCCCGCCAGACCTTGCCTGGCCGCCTATAGAGTGGATATGCCGCAAGTCAGGCGACATTCAGAAGTATACAGCACCCAACTAATCCCGTTTTGCCTAGGACACAATTTCACTGATTGCCACTAAGTGCCAGCAAGGCGCATGGTATTACCGGAAAACTGGTCTACCCGCAATGGTTCTGCCAACTGGGGTCGTTCCCCACATTTGGAAGCGAGCAAACGTCATCGGTCGAAGCCTCTGTGAGTTTCAAAGACGCCTCTCACACGCCAGGACAACGAGCAGCTCTCAGAAAGACAACGTCAACTGTTGAGGGTGATGGCTCGCACTGCCGGAGAGTAAATTGGTCGGATTCCTATAAGGGATTACGATCGTATCAGCCCATATTTCTTCAAGCCCTCTCCCATTAATTTCAGCGCGAGTGGGCGCACCCAAAGAGTACGTCTTCCACAGCATGATCATCTCCGGGTTGCCAAGGTGAAGAGGGAACAGAATTCCCCGGCATCATCATCAATGCTTATTCTCGCGATCCCCGCCCAACGACTGCCTGAGATTAATAGAGGCGTTTTTATGAAAGTCGGGTTGCGCTGGGATCTCATGTCAATAGCGAATTGGCGGCCGGTCTCTCGTTCCCCTATGATTACTGGACACGTGTCGGTTGCGCTTGGGATCCCTTCAGCGTCTCGTTGCTTAATAATAACGAAGAATGTGCGCACAGGCCCGGCAAGTTGGAGAAGACCGTGGGCGTAGACCATTACGTTACCATCTATTGGTCAGGCTGAGTTGGAGTGCGTGTTGGAGGGTTACCTTTTGCTTCTCCTTTACAAGAGTGTCACTTAAGAGAATTCCTCGTTAAACGCGGGATCGTCTTGATGACGTCCAGACGCGTAGCTTTAATAAGTAGCTGCTGGGCGCTTTTCGTCGCGCAGGGGGCACGAACGTTCTTCAAGCAATTTACAGGGCCATGTACGCGTATGCCCTTCATCCGACGATAGTACGACCGATTTCCCCGAAAAACATTGTTAAGGTCACCATGTGGGGATGT,1711,51.37,Mus musculus
SEQ_128205,GCTAAACATCAGTACCGTGATCCTGCGCTGAGTACGGGATCACAGCGAGTCATCGACTCTGCAGCGGTTGGAGCACAGTTAAGAGCGGGACAATTTATGCTGGCGGGTTGTTACACGATGTCTCTCTGAGTGTCAGTGTGAGGTCTATGGGGCGAACTGTTCCCGGAAGAACGGAGCGCATTTAATGTTTAGTGAGCTTCGCCGAGATGTACATTTAAACGTAGGGCGGTAAGATGACTGGTCTACCGCTACATATTTAATTGTCTGAACTAACGACACATCTCCTACCAGGGGTATTCGTTAAATATTTCTCGTTACGGAGAACTAGTATGATACACACTAGAGCCGCGAAAAGTACTTTGTTAGTTTAATGTGCTACATCGGACAGGGAGAGACACTGTACTTCCCGCGTGGAGTGCTTACGAACATCCCGTAGCAATAGGTTTCCCGGTAGAAAGAGTTATTCCGGTGCCGATCGTAGCTCCTCAGGTCTCCCGTAGCAAAAGTAACGTCTTTGGCAAGTTGTGCGTAGTGTGGTTTATTTCGTCGCCTCTGGGTCATGCAACCCATTACCCTGCGTAACCAGCGAAGCGTGGTATGTAGGCGGGCAACGGGAGGAGCCACGTACAAACCGCAGTTGCGATAATTTAGAATTGTTAGACCTCTAAATCTGCGAACCACATTCAATTGGGTGACATTTGATTCCAGTTAATTCTCGCGGGCGCATCTTGTCTGGTAACCTTGTGGTTCACGTAGAGTCGCTTGTGAGTTCCAGCATCAGGCTACGGGGAACGCCCATTAATGAAACGACCCAGCAGTTAAGCTTAGGGATTGTCGAAACGTTTAGCCCAACCTTCGCAGGAGAGGACCACTTAACTGGTCCACATTCTAGTAGACTGATTTCCGGGCAAGCTGATAAAAGTAGAGACATAGAGTCCGGGTATCCCACTGGGATAACGACTCTTGGATTGACTTGCTTGCTTCTGCAGCCGGCGACAGTCCTGTTTATACGTTCCAGCAGTGGTGTTAGTCTTCGTAGCGAGAAAACATGTGGAATCAGTCTTAGCAACTTTTGAACAGGGTATGACCCCCGCCCGCTAGACGAATAATTCTCTTTTGGAAGGAGTAGAGCATCCTTAATCAACGCTT,1149,48.48,Homo sapiens
SEQ_987427,ATATAGGACCAATCTTGAACACTTGTAGAACAGCATCAGATGAGGATGCGCGTTTCGGGTCGTAATCGTGATGTTTGGGTCTGAGCAACTACTCAAATACATTGACTGCCATCATCTGGACTTCTAGTAAAGGTACCGCAGGATATACAACTGAGGCTTCAAGCCTACAAAAGCTCGCTAATTTAGGCGCGAGTCGATGGATTGGTTATTGATACCTTTTCAAGTTTCGGTGATATTATGAAAACTCACTCGATTGTTTCCAATGGTTCCCATACGCGTGACCGGGCCTCCCTGTTGGCGTTTGGACACTTTGTAGTATATCGCTATAGAGACTCGCTGCCGCGGCTCCAAGCCAATATTGTTTTAGAACTCGCCACGTTATCCTGCAATGCCTCCTGTACGGGTGAATCACCCCTTAGATGCTAAGACACCGCCCACCTGACAGCTCAGGGATGATATACGGTTCGTACCAGTCGGAGATTGAAGTCTGTGTGGTACAAATGTATGATACATCGACGAGGCCTCGGTTATGTCGCTCCGTGCTAGGGTCATCTGTGTAAGACACGCCCTGCGT,574,47.91,Homo sapiens
SEQ_615302,CCCTCCGAGTGGTACAAGGCGCAATGGTCTCCATCGGTATCCGAGCGAGAAAGCATGACATGTTAAGGCCGTACCCCCAACTTGAACCGTTCAAGTAGGATCTACGACCAAGACTGTTGTTTGAAAGTAACTAGGGGGAGCCTAACGTCTGAGACTAAACATAATCTCTGGCTGGTTCCCCCTAGGTTCAAGTGCCGTGACTCGCCAAGAGAAGGCTTGATGAAGGCGACGCTCAAAAACACGGATGTTCGCACCATGATTTATCCAGGTCCGTGTCATTTGCAGGTCTGGGGAACAGGAGCGCCCGTGAAGCTAGGATGTTCCAAAAGATAATTTTTCTTAGTAGACATTACTAGCGCTTGCACAAAGTAGTACGGCCTAGACATCGGTCATTGTACACCACGGGACTGGTAATATGAGCCTTCATTTCGTAGCGTACGACTTTGGGGCCCCATTTTTGGCAACATACGTTCTTGGTCGGTATCATCCGTTCCACGAGAGAGGCACGGCAGCGGGAGGAACTTAGGTGCAGAGACGGCGTCGATAGCGTGTTGGGTGGCTGACTGGCCCCGTGTAAGATACGCTATGAAAAGGCGCCATACTGACCTTGTCTTATCAGAAACGAGTACTACGCACACTTATTAGGTCAGCTTGGACAACTGATTTAGCATGAAGGCGGGCTCTGTCTTCCAGAAGCGATGGCTCCAGGCATGTAGGGCATTCATCATCAACCAAGTTCCGCTGGCAACAGTAAAACTTGACCCTCACTCCGAATAGGTGGTTATTTACGCTCCTGAAGGCAAGCCGGAATCACCTGTTATCCTGACGAATCGTGTGTATCGGGTCAGAAGTGATACCTCTCGGCAACCCAGCACGCTCCAAGAGGGGTGGTCTTTAATCATGGCCTCCATAACTTTACTCGGTTGTGTGATAGATGCCTGACCGGACGGGTCCCGAAGTCTAGTCTCACCGACTCTATTTAACCAACCTAATCCTCGCGGGACGGCATGCCGGTCACGGTTACAAGTCCCCTGGTGTGACCAGGGTCGACGCTAACACGGGAACGGACTGACGCCCTTGAGAGTGAAGTAATATATTGTAGATCTCTTGCTCTTCGGTGCACGGTGTTTGACATCAAGTACGGTGTAAGGGTAGGAATCGATTGTATTCAGAAATCTTCTAGTATGAGTTTCATGCGACACGGTATCAACCCCCTCGGTCGATCTATAAGAGGAGAGTGCGTCAGATCTAGCTGTAAACAGTAGACTTGTGACAGAAAGGGTTCTGGCAGAGCGTAGAATCTCGTACATCTGGGGCTTCAGTTATGACCCTGTTTAGGCCCTCATGGAGATATGTGGGACCAAACATCCATGGTAAATCTAGACCCATCGCTCTGCATGCGGTTGGCTAGATTGTGGGGCTACAGAAGCCGAAAATCACTAGTCACCCATCGGATGTCATTGCTAATTTCGAGTCTCGTAGGTAGTTCGACTAAAGA,1498,50.13,Saccharomyces cerevisiae
SEQ_132951,GGTGAAAGAGAAATCCCCACTAATGAACGCGAGTAATGGTAGGTATAATGTTTAATTTAACCGCTCATGGTGTGCTTATCGTAAGAGATGACCGCCTGGCTGCGTAGACGCCGAGTGGTCATCCCTCTCACGGTACTCTGGGTACTACGCGATCGCAGCGAACTAAACTCCTTCCGCCCAGGACTGTGGCCAGCCGCTCTACATCGTCTACACAGTTCACTCGGCGGGCAATACGCGTGACCTGATTGTAGTTAGCTCCGGTTAGCCAGTACCGCACGCGAACGGGGACAGTGCCACCATTACCGATAAAGGGACATTTACAGTATTTCCAGGCCCTCACCTAGGATGGTCACAACGGCTCTCATTGGGGCGTTAGCTAACCCCCCTCGATTCTCATCAGCGTCGCGCGCATCTTTTGGGAACGGCAGTAATATGGTATTTCTACTTAACGCTCGCTGGGATACCCCTTCCTGGGGGCCTTCATACCAAGAGGAAACCATCACAAAAGGAGCTAAAACAGAGCCATAACTGAAATAGGGGATCGCGCCCTTCAGATAACGTCAAACTAGGTGATGTAGGCTTCCCTCTTGAGTATT,596,51.68,Escherichia coli
SEQ_511780,GATTCCGCGTCATGAGATCGCGTCTTAGGGTGCTTGGAGCGAAGCGGATGCAACGATGATCCACTCGTGAGTAGTTTAGGATAAAGCTTACACCAATAAGTGGCGATTTAGATAGTAGCCTTTAACGTCAAGAGACCGAGACACGCGATAGAGCACATTCCTAAAAGAGGACGTTATATATTTTATGTGTACGAACTCATCGATGCATCCACGCCAATCGGTCACCATATGTTTTCGGAGGGGGCTGCTGTCTAGTTGGAAAATCGTTTGAGTGGACCGGGTAGCATGCCAACCTGCCGTGTTGGCCCGGTTGTGGATCACTTCCGCTGTGCCTGAGCGACACCCACCAGTAACAAGTATTGTTCGTCCGTGGAGCACTGAACCGACCGGAGCACCCCTATCTGATTGAACACTTTCATAGGTTCGATATGCTTGATACTCTAGTATTAGGGTTAATTAGGCACTGCGCAAAGGATAGCCTTAGCCATCCATCAAGTGGACCTACACTTGTCACTACCAAAGACCCCACGGGAATGCCTGTGCGCGCCGCAAGTTGGGGTTCGCTTACGGTAAGTCGAGGCACATGAGACACCCAGCACGACTTGCACGTTACGTGGTCAAATGATCTCCTTGTGTATGGCATAGGTTACGTGGCGCGGGGAATCACGATCCAGAACTGCCTATCCAAGTTCCCTACTAGACTATAGAGGTCTAGTACGGCAGAGCTGATTGACACTTGTGTTCTTGCCCTGCCATGATTATGTAGTCGCGTTGTTTTCCTATGGACTGCTATAATCACAATCCCTTTGAGGTGCCTATTCCCCCGATCAAGGTGCCGCATTGTTTTACAAAG,853,49.59,Saccharomyces cerevisiae
SEQ_182729,ATGTGTGCAACTTGACCGTGGACCATATTGCGAATTTTTATTGGTAGCAGACGCTTCTAAGGGTCCCTCGAGTAGCTTCACCCACCAGCGGGGGCTCACGTTCCGTTTACTGCCGGGTGGGGCAATGTGGTCTTTAGCGGGAGCGTGAGTAGCTAAAGATTGAACGAAACGCCGAAATCCTTAGTTTTCACATAAGCTACATGCCCCTGGCAGGTGTAGGAACTTTAAGAGTACAACGGTGGAGCATTAAGCCAAGGTTAGTCATGGTTCCTGAACAGAACTAGGATGGACCTTCAGAAATTCGGACACAAGTCTACGGTTTCCTCCTGGGAACTTGGACTGTTAGACACGGGGAGCAACTACGACCGTCCTACACCTCAGTCCCTTTGTCACGGTCCGTGGAGTCCAGAGGGCTTTCTATTATCGCTAACAATCTCTAGGAGTTGATCCTGTGACGATCATAACGATCGTTCCG,475,50.11,Homo sapiens
SEQ_268925,AGTCACATCTCCAGATGTCATAACCAAAACCTTCACAGTCATTTCACTGGGATGAACGCACGTGGGTCTCTACCTTTTGGGCGTAAAAGCATGCGCTCAAGGGTCCTGTGCCCATCATGAGACATTTTGAACTGGGCGGCGTCGGAGGCATTGATTAAGAACAAGGGCTTTCTGGGTAGGGGACTGATCGTAGATAAGACTGGACCAGTCTTCGGGGATCCCGATAATTCACATGCGTCACTACATAACGCACACGGGTCACCGCCGCGTGCGCAATCCGCCATATGATCCCATCCGAGTCGAAATCACATAGTTGCCGATACGGATTTATGGGTAACACTGTCGGGCGTAATACGCGATTCATACCCATGGCACTGATGGAACGGCGTATCTCGCTCCTTTTGCGGTGGAATGTCACCTCTCTGACTGGTGGGTTTCCGGCCAAGCCGCCACGATTACGACTTATTGCCGAGGGCGCTTGCGGTGCAGTACACAGAGGCGACTATATCCCCGATGTAGAGGCGTCTAAAAACGCGTTCTCAGCGACCCCAGTAGCTCTCACGATCATGAAGGTAGGCGTTGTAAAACGGCGAGCTGCCAATTAAGGTTTGGTGACCATGCGCGCGATCTGGCCTGTACCTACGAAAACGAGGGCCCATAGAGGCAGACGACGCCGGGCGTTGCGAAGACCAGTGACAGAGCTGCTGGGGAGAAGAAATAAGCCAGCCACCCGGCTGCTAGTGGCTGCTGTCAGACGCCGCCCTGCCTTTCCGACCCGCCATAGCAAACGTTGACTCCAGAAACTACATGAATAGGCCAGTATGTGATTCAGGGTTTAAAACTCTGTCGGTGCATCGATCCA,862,53.83,Escherichia coli
SEQ_926656,GTGCACTCACCCGTCGATTTTGGGGCACTTATCTGGAAGAAGGTGTGTGTGATTACTAGGTAAGGATTCAGGCGACAAATGATACGCGGCTTGTTGCAGCCCAAAAACCCTGCATGGCGGTACTCGAACATGGGACAGGAACCACAATTCGACGGCTGCCGCGGTCGGCTATGTGCAGGCCTGCAGACTTGAAGACACCGGAGTCGCCTAGCTGGTCCGAACCAAATATTCCGGGCCGACTCCTAATCTTTTTGTAATTACGAGTATAAAGTGGGGCTTCCCGTCCCCTCGCTGCAGTACTATTCCAATATGCGGAACCTGGAAGACATGTTCCTG,336,52.68,Escherichia coli
SEQ_649078,AGGAGGGGAAGCGTTAGGGATCGTAATGGAATCGCCAAGTCCTAACAAGTGTTAAACGTTTTCATAGGCATATCCCTAATCCCAGGGCTGCATAAAGGTAGAGGATACACCACTTCTGTATTTTGACACCCGGACTAAACTGCGATCTGACGACCCAGTCGCTCCAAGTAAACTACCGAACCTATCATCCATCTGAAGGCTGCGCTGACCATAGCCAGAGTTCGCTGCTACATTGGGAAAAGTGCGTTCTTCGCCCCGTGAAGACGTACCACAGGAGTGGGAGGATGGCGACGGTCTGCCCTTCTACCTTAACCAGAGTTAGTACACCCGGTACCTTCTTGATAGGTATGGGGCCACTCATGCCTGCAGGTCGGAGCGCTGCACGGTATTGCACTCGATGGCTATCCGAAAGTGTGAGTATTCGCCGTAACACCATGCATTGCTCCGCGCATTTGTCAGGCCGGTATCTACATCTCAAAGAGGACATTATGCCCGCATAAGGTTGGGTTATCCCCTCGTGTCGCGATCTTATATGGTTTTAATGTTTCCTCCAAGGATGTAAGCTGGAATGAAACAATCGCCCGGACAACTGCGCGAATCACACAGTCCTGACGACGTCTGGTTGACGGCTACCCTTCAACATTATGATCATCCCGCTCCCCATATTTGAAAGATAGAATAGACTGGGTGGTGGCGTCCCACTGAGTAGTTAGGAGCAGATCACTTACCGCGTACCTTGATTAACCCGTAGACGCTAAGGAAGGGCAATGATTGTGAAGTATGGTCAACCTAGGGGCGGGGCGTGATTACTTCCATAAAATTCTGCGTTGACATGGGATGGAGCCTCGCCAATTTTAAGCTGTCCATACATCCTAGTACCATACACCGAATATTTACAAAAGGTCTTTCCCCACGAACTTGAACGGTCTGTGATCAGTTGCCCGGCTTAGTCCGGAATTAGACGGTGCACGACGGTTTTGCTTGAAAACCACACCCATTCGGAATGTCTCGACAAGCAAAGTTACTGTTCGCGACTTCATGGAGAAGGTCTTCAAGTTTTCCGGAGAACGGTAAGTGGGAACGGCAAGACAGATGGTACCCCGTTCTCGCTAAAGCGCCTGATTCTAAGGGGACGGGCTATGGGCATTGGACGTCTCGACGGGAGTGGCCATTCATATAACCTCCTCAAGGCCATGTCCGGTGGTGAGATCTGGGATCCGCGGCTTTCACGTGCCTGGCACACGCGGAGTCTTCAAGCTGGCTAGCTACGTCTCTAACTCGGGTTGCAAGCCGTTCCTGCACGCTGCTAGTGGTGAATATTGCGACTAACGAGACTCCCCCTCTCCCAGGCGTCGCCCACGCACCGATCGCCATGAGTGACTATTCCGGCCTGTCCAGCTGACG,1404,51.85,Homo sapiens
SEQ_198178,ATCCCGAGCACAATAACACTAGGCAGGTGGTATAACTGACTTAACTGCTTGCTAGAGCCCGACCACACAACCCCCAGCGCCGACAGGGAGGTGTTCGAGCCGAATCTCCAATCTACTAATCTGCGGGGCAGGCATGCGCCGATTAACATTACGAATACCAGAGCGGATGAAATTCGAATGTCGTAAAGCTGGATCAACTGCATGTTCCTGGAACCTCCTACTGTGACTAGGACTCGGCATGGGGGCCCCGGTAGTTGAAGGCTACACAATGGACACCGTGCAGTCTGCTGCCCATTACGAGCGGCAACTGCCCATATGTTTGAAACGTTCAGGACTTGGTATGCGAGGTAAAAGAATACACGGCTCAGCCGCTGCGTAATCAGCCTTCGTCCGATAGAGAATTCATTGTAAATCGACTGTGTGCCGAACATAGCGTCCATCGGCATGCGACTGCCTGCTAAGCTTTTGGGCACGCCTTTCACGTGTACGCACAAGTTCCGCTACTTCACAGCCTATCAATCCGTAGGGCTGAGTAAGAAATATGAACTTCTGCACTCAGATGTTAGTAGCCAGAGCACGGGAACCGTCATTGACGTACCTCCGTCGACCGAAATGAATTCAGGACCCAAGAGGACATGCTCAACGGAATAACGCCGAGTTAACGCCTGTCACGCTCATTGTGGAAACTCATAGCACGATCGCCTAGTTCAGGTAATGTGCCCGATGCCAAGCAGATGTTCTTGAACGCTCAGATATGGGTGTAAGCGGAACCACCATGACGTCGCCGGAACTTTGGACTTCTTTCGCCTCCGATAGTGTCTCAGGAATTATGAGAACAGGATTAGACGTTGGGTCTAATCATACTCCATTTAAGAGATTCGCCCCGCCCGTGCCTTGATCCCTTAGCCAGTATACCGGGTGTCGGAGATACGCTGTTAATTCCGGCAAGACCAGGTACTTAACCAAGCCGACTTAACGAGGCCCTCTCCGCAGGGACCTCGCATTTAGCAGAGCTACATGACCCGGTGGATGGAATTACTACGGCGGAAGCTGAAGCGGCTACGACTGATGCCCCCAAAGCTCCCGGCAAATATAGTTGTGAGTGCCATCTAAGTTTCGTAGAAATTGCGGCAAGAATGTCCCAGACGGTTGGCAGCCTAAGAGCGTTGGGCGCATATTGAGCAAGTGTACAGACAATGGAGACCTGCTGGGAGGTCTGACTTCGATCTGGTCCACAACGCGTGAGTGCACGGACCGTATCCTAGCCGTGCCCACGTCGCTTTTCTTGACACCCGAAGACCCGGCCGTGGGAACAGAGGCAACAGAGATAAAATCTTTTCGCTTAACCATAGAGAGACCAAGATGTGGCCGCAGAGTACCCTAGATGTACATATTAGCAATACCTAACCCCTATACCATCACTCATTTAGGCCTAGTGTCAAAGGCTGCCTTGCGGCTTTCTTCGTGCAGGTCCTCTAGGGGTCGAAACAATCGCTTGTAAATTATCGAGAAGTCGTCTAACCGACGTGCTCAGATGCAATGCTTCACATAAGCCCGCGTTAAAGTCGTCTCTAAATGAGGTACCACCTGGACTTACAGTCATGTATCTGGACGAGACAATTAAGGACTACTCCTTGCAACACATCTTTCACGAGAACGTCTTCACCTGCTTCGACCCGTGAGCCTCTGG,1690,51.3,Arabidopsis thaliana
SEQ_189295,AGCCAGGTGCAGATGTAACGCGCTGGGGATCACCGAGAGGCAAAGTTCGCATCCGAAAGTAACCACTGTAAATCTCACAGGACCCATCATGGGAGGCGCCTAAACCGTTACAAATGTGATCAGATCATGCATCGGGTTCTCGGTTGGCTGATTATAATAGCGCGCTGATAACCAGGCGGGCCAGTGACAGCAAGAGGAACAATATCGAATTCGGCAGGCGGTCTTCAGGTACAGTGGAGTGTAGTTCATGTGATGGGACTTAAACCTCTAAAATCACTCCGTACGAGCAACTGCCAGCACCTTCTCAGCGCTTATAATCTCAATGACTTCCACATTAGGTTAACAAGTCTCCTTCGACTGATGTGGTGTCCGCGTATAACGTGATGGACGAGGCCCATATCATTTGTGAGACCCTATTAACGAATGGTTATTTACTGACCTTCCAGTAGTCGCGTGACGGCTGAAGTAGGAATGGATGCGTGCCTGTGAGTTGTCCTTCCACATATCGAAAACGCGTAATCTATTTCACTGCGGAGATACGGGCTATCGGTACACACCCATGAGTATTTTTGCTCGATAACATGAGGCAGCGAAATGCGAGAGATCTAGCATGACCGAATCACCACGGGTGTCGTCCTCGATGGGCAAACATCATTTGTAACATTCTGAAAAAGGCCTACACCCATGGATTTCAATTGTCCAAACCAGCTCCTTGGGTGGCTTTCCGTTTTAAACTTATCGTCTACTATAGTATCATTTGGCACAGCCGACGCGGGTAATCCCATATTAGCCAAGTTAAAAGGCGCTAACAATCCTCATCTCGCGGGATTGCCGTACAACGGCCCTGCAATTTTAGCAGTATGGTGAGGTCGCCGAGCAGTCCCGTCGAGTCAAATTGGGACTCTTTGTCCGCCGCGGTACTTTACGTTAGTCTCTCCAAGGAGCGGTTTTATGGAATTGTGTATCCCCGTCAGGGGGCCTTCTGGCTGCCCACACGTGTTCATCTGGTGGCCAACGTATAGTGTTTGAGAGGAGAGCTCACGTAACGCCACACTCTATCCTTAGTTGCGGCGACTTCTTTATTTCTGAAGGCGTGATCGCAAACACGGTTCAGGAGTGCACTCTTAACTTATGTAGCACCATGCACCCAGACAATTGAGTCGTTCATTAAGCGGGGCGATCACACGTATGTATTCACGCATTCTTGGAAAGATGTGACTCGGGCTAGCAGTACGAAAGTTCATCTGTATAGAGGCAGCTCGTGTGTTGCTAAC,1274,48.98,Caenorhabditis elegans
SEQ_613553,TACTAGATACTACACGTTTATTGGAGACCTCCACTCACGCAACACCGTCCGTGCCCCGACCTGCTATAGTCGAGATAAAGCCGTGCTGGGGTCGGCGGAAACCGTTAAAACTATGGCGACGTTCTCACGAGCCCTGCCAATGCCGAGTCTTGTGATGACACTCGCTAGTAGAGGAACTCCCTTAATTTTTGTATGAACGAGCGAGGTGCGTCTAGAAAATGTACCGTGCGCCAAAGACCACGCGTCGCCTTTATCTCGGCGCGCTCGAACAGCGTTGTACCAGAGCCGTCTACCCGTCGATTGAATTTCGGAGTTTTCAGGCTAACGCACACTGACGAGTTCAAGTTAGGTACTTTCTCACCGGAATCGTGCGCGAAGAAGGATGAAGTGACATAATCTGGAATGTATTTAAGTAGCTTTCCGCTGTGTGCCCGTGAGACGGATGAAGGCCGGTTATGCCTAATGTAGCTGAATCAGGACGCCTGGGTATCAGCGAATTCCTTTGTATCTTTATAAACAATGTAATCTTATGAAACTACGTACTCGTCGACAGATTTAATTGACTTAAGCGGTTGGGGTGCCTTGAGCGGCCTTTGATTCGCATCTTACAGTACATATCGTCGGGAATCCGTGTTCAGTGATTACCAATATGGTAATTGTATCGAAAGTAAGAGGCAATTACCCATCCTAACCAACTGAAGCACCGCAATCAGGGCGGATGCGTATACGTTCCAACTAAAATCCGGGTACATTTCTACAGGTGCGTACCAGTCGCTGTTCACATTTCGTTCTTCGATTGGGCTGTCACGTGCTAATCGGGGTCACGTTTATGTAGTAATTGTCCCCGCCGGTACGCTCGGCCTTTGGGCAATTAACCCGGCCGAAGCTTGTCGAAAATTGCATTAAATTCCTGTACGAGGAGGTATTCAAAGTCCATACCCCTTACAACGTCAACTGCCGGGCTCCCGGCTCATTTACCGGCCCGTGCTTTTTACACCAAGAATCATGTCCCAGCATTCGTCTTCTTTCGAGCCCCTGATCTCGTTCCAACGAAACACGATTCCTATTAAGTCCTTCCCGTAGACAATGATACAGCGGCTGCGATGTGAGGAAAAAACCAACACCTCCCTCCTGTTTCGGGGGAGAATGTCAGCCAGGGTTGTGCGCAGGACAACCCAGAACAGTCTTCAGCCCAGGCATATTTAAAAAACTTGCTATCCATCGAACACGTCATACGTTGCTCTTGTTTAACCGGTCCACAAATAGCTACTTCTCGCAATATCATATATACAATAGGCCCACCACTGGGGCTTGAGAAGTGGGCA,1325,48.83,Homo sapiens
SEQ_543040,ATACTGGGGTCTACCTCTCACAGTTCTCTACCATGTCCTCTGAGGGGCCAATAGAGCGAGGGACGATGGTTCTCCACGCGTACGCGCGTATCACTTTATTCACCGTACCGGTTTTGTGCCAAGTTGGCAGGACTTATGTTTACTATATTATATATCGCCGACTCGAACGAGAAATCCTGCTACCTTCGACAACGCTTCTCGGCCCCAAGGAATCATTCGTTTGGAGAATAAGCGGTCTTCCCGCGCTGCGTAGCTGGCGGCAGTTAGATCCATCAAAACACATAGATCCGTACATTAATCTCAGAAGACGTCTTATAGACACTCGTGATGGGCAGCCAAAAATAAGACCAACGGGAAAGCGCGAGACGTACATGGCGCCTCGGCCCTTATGGCAGGTAGCGAACCCTTCATGATTCAGGCTACTAGCTCTGAAGCAAAATAAATCAGGTGTTATAGTGTACCTGCCCCGTTTTTAGAGGCCCTTTATAGGCGAAGACGTGCACCAGCGCGCGTGAGGGCATTGCATGTAATTAATGATGAGCTTACTACGAACTATTGTTGATGAAACCCCAACAATTAGGACTACTGTGTAACTATTCGCAGACCCGTAGCGCTACCACCGTTACAGGCCCTGGGAACTAGCGCGGGTATATTGACTCCAAACGCGTTACCATGGTAATCACAACCGAAAGATCCCCATTAGGAACATTACAAGGCAT,719,48.96,Drosophila melanogaster
SEQ_578071,CATACTCAATAAAGGAGCTTAAGATCACAAAACATCAAACCTGCTCTAGTGCAGATCACCTCTGCCTGCCCCCGATGTCCGTTAGGCGTATGCCGCACTGGCGTTGTATTACCTCTGGAGAGGGGAGTTATTGGAGCTCGTACCTGACAACGGGATACGATTCCGAGAGTGACGAGACTCCGGGCGTGCCACGCACGGAGTGTCGCTCGGGGGGTATCATGGTAAATATACTTTTATCCTGGTACTGTGGGTATTAAGGAAACCATGGATGCGAAAAGGTAGTAGCTGAGAGCATCAAATTTAGCTTTACCACGACGAACCCACTATGGCACTAGGCCATGGCGCCCTGGTTGGTACCGGGCATTAATTGCTGGAGACTTCGTCGGATACTAGAGGCTCCCGGGCACGGATAGGACCAGTGTCGCTAAGCATTATGGGTTTAATTACAGGATAGGCTTGTCTGTATCATTCTACGGGTCTAAGAAGACAAGCATTAATTCTTCTCGAAAATCCCCTCATTCCCAAAACGACTAATTATCCTGCCACTGGACTATTACGACAGATAAAGGCTTCTCATATACACCCTCTAGGTGATCTTGTGTGCTTCAGAATTACAAACACAGCCTAACGAGCTGCTTATCTGAGTTTCACCTTCGGGCTGCTAGCACTTGACGTAATCTAAGTTCTCTGATTTGGAGTCTGCAGGTTGAGATAGGCGACACCAATTATTAACCGGGATGATCCTTCTTTTTAGCGCTCGATCAGATGGATTAGCGGACCAACAGCTTGGCTAACGTCAGCAAGTGGTTGAGTGACACAGTTGCTGGATAATGCCGACATCCGTCGCCACGCCAATCGCCGCGTTTGGAATCTGCCGTTAATTCAGAGGCGGAACATGCTAGGGACCGAAGCTGATATATCTTTGCCTACACGAGTATGGCCTAGCTCAGGTTCCGATAAATGTTCTTCGTTCCGTTTTTCTAGTTGTGGTGGGGTCCTCAGCCCTCGTGTGTGCTAGCGCATGTGATCAGATGGAGGGATTCCCACACCTTTCTTTTCGTTATGCCGTTTGCCTCTGCTGACGACTAGTATAAATGTGTCAATCTTCCACAATGGGACAGTTCACTTGGACCACGGGGGGGATGGTTTTACCCTGCCAATCGGTCCGGCAAGAACAACCTCGCGGAGTTGACTACAAACGTGGCCCCAATTGCCACCTGTGGTATAGTTCATTTGACGTACGAGCTAGGTGCCGCACAGTGGAGAGCGGAGGAGCCACCTTGGCGGAGGGCTATCAGTCATTAGTGCCGCACGCCAGCATGTTCGCAGAAGAGTGGTGGACGTGCGGCTACCATTAGCCACACCAGGCGTACTAGTCCATGGTCTATTAAGGCTCATGATGCGGTCAATAGGTGGCACTCCTTTCTGTGATTTTCGTAGGATCATCAGTTAGATCGACTCAGCTGTGAACCGTCCAGTGCTCTGTGGATGAGTCCACGTT,1501,50.17,Saccharomyces cerevisiae
SEQ_248304,CGGGTAACTGCATTACCGGGGTGTAACTCCAATGCAGACATGTGACACGCGAGTAAAAGTGTGGCTACCTTGCTAAAGCTCCCGAGACGGAGTATCTAAAGCGTCCGATGGTCCCATTATCTAGGTGGCTGTAGCCAAACGCAGGTGGTAGCAAGACAGTTTATACTCTGCTCCTCCTCTGAATAACTGGCTCGTATGGGGAGGAGTAAATGTGTCAGGATCGCTGAGCTACAAGCGTGCAGCGGTGCAGCAGTATATACGTCCCTGAACATGCTAGCCCGCTGGATTTTCACGCTGATAGCCACATCAGGGTCTGTGACGCGACGACTTGGTGGTCTCGGCATTGTTGGTCTGCGCCTGTGGCAGAAACTATGGGTCCGAGCGAATTCGCAATACTCGGCTAGAACAGAATCCTTACTCGCCCCTTGTCCCTTCCCGGTCCCATTTTAACGCCTACGCTTAAGGGCATTGCCGGAGCGTTGGATAGGCTCTGGCAGTTTCAAGAGTCTGATTCATGTGCCACCATGCTCTTGTGTCAATAAAGAAGGCGCTCTGATGTCTTCGCACAGAGTAAGGTACGTATTCATATTCGCCGGAGGAAGCCAGCCGCTGTGCCGACACACACGGTAA,630,52.7,Saccharomyces cerevisiae
SEQ_393695,ATAGTCTTTGTGCTCGCTGCATCCAATGTCGACACGTTTGTGAGCAGTAATCAATAGCAAGTGTGCCCGTCAAGGGACTGGTAAGA,86,47.67,Homo sapiens
SEQ_311462,GTTAGAGTACCGACGTTGTGAGTATATGTAGTGAACTCTCTTTTGACAGGACTGGAGTAACCTCACGATGGTGACAGGGTTACCGACCCTGAGTACTAGGGGAGTGCCCGCTCTGTTATAAGACCTATAGCGTGTTCAAAAAGAAGACCCTTTAAGTACGATGGCGCATGTGATGGTAGTCGGTCCGGGTGTTTTTCGCCTCAGGATGCGCGTACAAACGACATTCGTGGCCAATGCCCTTGTTGACGGATTATCGTAAATGAT,264,48.48,Homo sapiens
SEQ_702515,TCAGGAGTGGGGCCCGTCAGATACTACTAGGTCAACTGTCCGCCAACAGCGTGACGCGTTAAGACGATTACTGACATAAAGCGAACGCGCCGCTGCTTCACGTTGTAGGTACGCCAGCGGGCAGGACCACGTGTCTACACAGCAAATCAATAAGTCAACCAGGTTCCCAGACTGCTGGCGACTACAGTATTAATAAAATCCCGGTGATTATTGCGAGCTTAGCACGTCCCCATGAATACGCTCTAACAAGGGACAGATGTCTGTCAGGGCTTCGAACTTCCCGCCATTTGTCGCACCAAA,300,52.0,Escherichia coli
SEQ_774335,TAGGTTCAACCTTGCCCGGTGCTATTGGTCGTACGGCCTAACCAAGATGCAACACCTACATGGTTGGGTTTAAGCCGGTGCCCCGTTCTTACCACTCTGCGCATTGTCGCTTCCGCACCTTTTAACTCCCTGCGTAAATGGCTCGTTAATGCCGTACACCTGATTCACTGACGGAGTAGGGGATTACTTGATGAGGAGCTCCGTCTGTGTTCTTACATGGTTGCTGATCGGCTGTGGAAGCACTCACGTCGTAATGAATGGTTCGGGATGGTTTGGCGCGGAGGTCCCACTACTACAGTATAGGAGACTCTGCGCAACTTCAAACATGGACCTGGTGTAATCCATAATTGACGCCTAGCATTCTAATTTTCTTACCATCCCGTTCTACTTCTTATCCGCGGCTTCTTTTGATGTAGGAGTTGCGATTAGCGTAGAACGGGTCAGTATGGAGCGATGCAACTCATCTTCCGGCAGCTCTAGGCAAAGTCTCGGAATTTCGGGATTGGATTCATTATCTCTGGGTGAAGACTGCTATAACCTCCTTAGCCACCCTACTTCATACAGGGTCCCTAAAAGAGGGCATTGCTAGTAACATGTCCCGCACTTGCTTCCTATCCTTCAGTGGGGAACTTGCCATGCTGGGCCTTGCGGCGGGTCAGATAGTAGCCAATCATGGTTATGCTTCTAGAGGGCCTGAATAAGGTGCACCGGACAACAGATGAATCAACTCGATAAACACGCAAAAGCCGAGATTAGACACTCTATATGAGATACCGACAGGATTCTATAAAAGGAGTCGTTATCGACTGTCAGTCTTAGTACACCGTTATACGAGTTCAATTAGATCATACTGTTGATTTAAATACTGCTAACACCACGTATCAGAGCCCTTCGTATGATCTTGGCATATTGGGTTTACCATATAGCGGAAGTATCATAAGCAACAACCTTGGCAGAGCTGAGTAGCCGTACCCGATCTTATAACCAGCTACAACGTGCGTGCTTTTTTGATATGTGGTTGCCCCGGCATTGCCGGTAAGCGCGTACTCATATGGTCAGATGATAACAGGTAGACCTGCC,1080,47.96,Drosophila melanogaster
SEQ_725150,GAATCTGGCAGTGGTTGTCTGCTAGCTTCACGTGGTCTAATTCCTGATAGGTGAAGGCCCAATTCACCAACGCTTTTTCCCGCAACGGCTATACGGGTTCCAACGTCCCTGCCAACCGTGAGCGTGGAGGGACCCCGAGAGTGTGTCAAGGACGGCAGTTCCCGCATCAAAACTTGGGCGCTGTCGTTGAAATGAGTCCAGCAAGAGGGTGAGTGTTTCAAGGCGCGTGACGATCCGGTGCTACTATCGTGGCTAGGCGAAGAGAGAGGCGGTTTAGGAGTTACTGACGTTTCATAGTCTCCCGACCGTTCCCACCTGGGCTAGTTCGTATGGACTTCAAAGTTCCACGCTCGCACCAACGCGGAAAATTTCACACGACGCTTACGGGACACTCTTGAACGTCTTGGCTCTTTATGATTGCATGGGGTTCGGCCAGCTAACACGTCAGCATGCGACGCGAGGTACGTGTGAGCCAATGGCCTGGTGCGGAGCGAGCGAATTTTAATTCTAATAATGTAATTTGAGTAGCGTCGTTCTCGTATTGAGCCTTGCATGTTAAGGAGTTGAGGCCGCTGTGGGCTCTTGGAGGTCAGCTCACATTGATGAGATTGACATGGGTACCCGTGCAGGGATCCACAAGTAGAATGTTCTTAGAGCCTATGGATGACCACCACTATGGTCCCTAGGGCACGTGCGGAAGACAGCGGCGAGGACGTCCCTGACTGGTGTTGGCTATTAGTCTCAGTATGCAGCGGGCCGCATGAACCTGAATACGTCAAGGAGCAACCACGGTATCTGAAGTAATTTTCTCTAGAGCCGGGCGCGTTGCGGCAGTCAATATCAGGGTTACTCATGTATCAGCGTTCGGATTATCGGGTTAATGGCATCATCTAACTTAATAACGGGGAGCCTGGCGAGGTGAAGCGGCACAATGTACAATTGCAAATTCCGGCTTCAAGAAATGCCGG,968,52.58,Drosophila melanogaster
SEQ_864908,TGCAGTGCGCTTATCCGCAAGGCTTCCGCGATGGTCGAGTGGAGGACTAGATTAGGAAGACCCCAATCTCAAGGACGGCTTGCTGCCGGAGTCTGTCCTCTTACCCTAGGGCCTTATCATGGCGCAGCAGGCAAATGAACTGCATTCCCCATTATTTATAGAACGGCATTCCCCGAAATTTACCTAGTAAGCGGCGGGCTTCTTATCGCGTACTTGCTCAATTGCGCGATTGACCTATCCGGTGTCGGCGGTTTGTGAGGCCCATCCTACACACACGTCGGGTAACACGCCCAACGCGACCGGACATGCAGTTCGCCTGCTGCGCTAACGACCACCTTAGGTTTGATCTCGTGCTAGCCATGTATCGAATAAGGCCTCAACAATTCAATTTTCAGTTAGAATGCACGCTCATTCTGTCCCAGTCGCGGTGAGTGCTGGTGAGCTAATTGAGGCGACACTGTCTTTAGTAGCCGTTCGCCGATACAAACCCCTGCTCTGGTTCAGTAGATGAACTCGTAATCACCAATTCTTCCATTAGGGAAGCGGTGACATTCGCGAAAGTGTGAGAGCATCCCCTTTAAGTATTCGTATTTCCCAGCTATTGTAGGAACTTACGGCGGATACGCTACCGAGGACTCGGGACCATGTCTCTACTCCCCATTCCTTATAAGAGGCGTGTAAGCGCGCCATAGACGGAGCCTTTCTACACCGCGCCACCAAACCCAACAGCCGTGACTGACGGAATGGAATGAGAACTAGCGGTCATTTTCTGAGGCCGGTTATGTGTTGGGAGTACGTTTGGTGCGGACCAGCAACGGCGCGCTTTTGACCACAGGATCTGATACTAATATTGGGCGCTAGCCTGACTCCTGGAGTAGCGTGAGCAGCTATAAAGCGTACATAAGCAAGCTCTACGCGAGTGTGCCACACGGAACGTAAATAATTAGAAGCCCCTAATACTCCTTTCCTTAATTTACCCCGAGACGGGGTTTCATCCGAGAGCTTTACGCTGCCATGTTGTTCAGCCTATCCATTCGAGTTAGATCCGGTTCAAACTGCTGATGGCGTCGGTGTATACGACCGTCCTATCGACTATGAACAACTCTACAATGTACATTTATCCGATTTCTAGATCGGTCAAGGTGGAGGATATACGGTCTGGTTATTAAAACACTATAAGTACCCATTCAATTCGTATCGCTTTGTCCAGTCTGGTCAGCGAAG,1224,50.41,Escherichia coli
SEQ_530550,TATGGGTTAAATACCTAGGCATGATACGTCGCTAATCCTACAGGGGCATATTACAGCTCCGGTCCACACAGGTGGGATAGAGAGTGTATCTTGTCCTCATAGGGGACTCGTGCGTAGTCAGGCTACGCGATAAGGCATTGCCCGACTTGCCTCGAGGCAGATCCCTAGGAACACTTTGGATCGGCTCCACAGTAACTGGTTAGGCGCGCCCGCCCCACCCGAGTTACTATAGCTACTGGGTCGGAGCAGC,250,54.8,Homo sapiens
SEQ_959427,GTTCCCACGCACTTTCTTGCTTGGCCGGGTGGGGACTAGGAGTGTTCCCTCGATCCGGTCGATTTGGGTGGTCGGAGGGCAGTACAAAAAGAAACCTAACGTGCACCGCTGCATTTTTCATGGTAGATAGGCACGCGTACGCTTCACGTCTGGGGAATCGCCGCAGTACTGTTTAATCCGTGACAGTAATAGCAAGGCGGGGGCAATAGAATACTATATGAACAGTTAGGTGCAACCTAGTAATAGTGGGGCATCGTCTTCTCATCATGTCGAGTACCTTTTACGTAGTCGGCCCCCAAAGTGGATCCTGTCCCGATTGACGGCTATACACAAAGCCTTGTTGTC,345,51.3,Mus musculus
SEQ_876424,CTGATGGAATAGTTGAGCTAGTTTCGCCAACTCAGCACCGTCTGACGGGGATTCATGGCCATTCAGAGCTGATTACTCTCCTCTCGCACCGGGATCCGCGTAGTGAAGCCTGTCCCTCTTGGGAGCCCCTCCCGTGGTGGGTTACGTACCCCTTCGGCCCGAGTGAAGGTTCCACGTACCTTATACAGATATATATGATAGTCACACTAAACTCCTGCTCCGGGTTGCTTGGTGCATCATTGCATTGAGGCTGTCGGAAATAATGATAACGTTTACGCCAGTATAAATCCCATAGCGGATTCCCGCGCCTACAGGTATGGATATCATCAGCGCCGAGGCATTAACTCGCGT,351,52.14,Mus musculus
SEQ_987047,TTATGCCCATGAATACCGGCGTCGGCGTCCACGGTTGAAGTCTCGGGTACCAGGCTGCAGAATAAAATGCCCAACTGCGTTCCCTAAGGGGTATCATGCTGGCAGGTCTAACCTAACCCCTGCTAAACCACTGGCGTAGCTAAGAGGGACATCGGCCTGATAACGGGGTGAACAAGCTAATAACACGGTCCGTAAGGCTATGGGGTGGGGAGTCACGGATGAGTGAAGGACCGGCGTAGCCTCCTCTGCCACGGCGGGCGAGAGCGAAAGGAGGGATTCACAATCAAGGGCTGGCTCTATAATATAAGGTCCGATTCATCGGTCCGTACTGTTAACCTCCGATGCGCGACATGATGACCAACGTTGCTGGGGTACGTGTCAGTGTTCATTGGGTAAGCTAACTGAGCACCTTGGGCGAATTAGACAAATGCACTTGCAAGGAACCTTCTTATCCTAAGATTCTGGGGTGTGGATTCACCCTACCCTTCAGTTCTTGACACCAGACACAGGACGCGCGTTTATATCACATCGCGTAGTTGCGCG,543,53.22,Drosophila melanogaster
SEQ_328486,GCTTAGTTAGCCGGTATAAATTAGAAATTGCGGGTCCTAGAGAATAACACTCGGCAAGTCTTCACGTGATTCATCGCCGCCGAAGCATTAACAAGCGATAGCGTAGGGTCATTAAAATGCAGTGTCGACCAATTTCCATAAGAAGGGAAAATAGGCTCGCACGCTCAGACTACCTATTTGAAGTCGAATATATCATCCCAGACGTAATCGGACACGAGAACCAGTGCATTAGCGCTGATCCCCACACGCTAGTCGTTACTAGACATAAGAGGAAGGCATCCTACGCGTCTCGAGCCGGAAGTTATGTGCACGACACCTCTCTATCAGAGCGGGGAACAGAAGA,343,47.81,Caenorhabditis elegans
SEQ_957157,CCCTACATAATGGTCTTCATGACTGATAACGAATAATGAGGTAATAGTCTATAGCACTCCCGGGCGTGCTTCTCTTTGCTGATCCTGGGACATGCTGCGGCGAGACTCTATATCTGCCCCATAACATCCCAATTCACCCAGTAGCGCGCAGCTCTCTGTGGTCCTTGCTAGCATGTTGCCAACGAAGGGTAACGCGAGACGATTGCTGTGTGCCTACAAACCTTTCCAGAAGCCAACGCGGATAAGAGTGGGTTCTTGCTGCCTGTTACGGCTAGGCTGTGTAGCCGCACAACACGCAACTGCACTTGTGCATCAGTGTTTAGAGTACTTACAACGCTGCAAACGCTGCTGTTTGAAGGCCACTAGATGAAATGCCATCCCCTTTATTAACACAATTTCCGTTATACAGCCGTCTCTTATAGTACACGAAGAGTCTAGGAGGAGCCGTGCTGTCAGAAAGAGGTAACGGCACGGGCCCTATATGCTTAGTGATAGATCGACCTCAGCCCCCGCATAGGGGTCGGCGATTATTCCTACGGACGACTTTGGGGGAGTAGCAACCTTCCGCGGCTATTGGGTATCTCTTATCAGGGTATCACCAGTACTTATAGGGTTAGTTGTAGACGAAGGTCGCCGTACAGGGGTCTGCCGCTTTGCCTCCATGACAAGGGGGAGTTAGCATCCCCCGAGTCTCACCGCTCGAACCTGGGGCGGTCCCTGCCTAGGAAGCGTTCGATGTGACGTAGTAGTATCACAATCCGGGTTCTCAGTTAGACTGAGACAATATGATTTATGTAAAAGTCGTCCGGGAGTCGGCTACAACCACAATTGCTATGATCAGAGTTGCGAAAGAGGGTGATGCTCCGCTGACTATATTGCCTGGAATAGTTGCTCGTGTTGTAGGGTGGACCTGCTGGGGTCAG,923,51.35,Escherichia coli
SEQ_334304,GAACAAGCTCACAGCCCTAGATCTCTCTGATGCAAGCCTTGGGTGGGCTGCAACCCCAGATTCGAAGTGGTGACTTTCTCACAAATAGGAGTCATTATTCCCTAGATGCCTAGCGCCGCATTATGCCCAAAGTCGCTGATACACGTTACATCGACAACTAGCAGAGGTGGGATCAACTGAAGTATTCCCCGCATACGAAGTTGACTGGACCGCCATGCTCTTTTGGGTTTATGATGTGCATATAACATACTCCAAAACTCTCGGTCACGTTCGTCTGAGAGTCGCGGAGATGTCATAGGGACCTTGGAACAAGATGCGCGGCCCTCCAGATAGGACGATCGGGATAGGTTGAAGCTGTAGGGTTCTAGTAGCTTTGACAAAGCACTGTCAATCAGTCTGGCGGATCTAATACGTGTTATTCTTGGCTTTGTACCATAGAGCCGCACGCGTGCACCCGTGACCACAGCCCGATTCGTTGCCAGGGAGACACTGGTTTAACATTCCCATGATAGGGCCTGGTTTCAAAAAGCGGCGAAAGGGCCCATCTCGATATCCCGCCCCAGAGATCCACGCTCGTCCTTCACCTTTTAATCTCGATTGATCAAGGTCCCTGGGAAGGATCGGCGAAATGTCGAGCGATGAGACAGTTCCTGCGCGCAATCAGTAGACACTGCTCCGATGCTACAACACTGGACCCATACGAATAAAAGAGGGGGGCACATAGGGGAGCTGAAGTCTGAGGCGCAGCCGAGGAAACTCTTACTGATCGCTATCTGCGAATTACTTTCAACGAGGCTGAGAATAGATGGAGATAAACACGTCATTGTTATCATGAACCGTTTTGGATTACTACATCACCGCGCTGATGCCTCGTCTTCCGATCTCCGCCAATACCTGAATAGGGCACATTGCACCTGCTCTAAAAACTCAAGGGGAACGCCAGTTGCGAGTCGACCCCACTTGGCCATCGGCTCCTAACAGCCCGTGTTTCTGCGGCAGCGTTTCGACTTCGTTCGTGCTGTTTGCTCACAGATGCAGGAGTACCTGTCTAAGCGGTTGGGGCAAGGAGCAGTTAATGGCTCCGTCTGAGTGCTGCGAGCGTCCGGCGGCTGCAAAGTTAAGTTCTCTCTGAATATAACGCGACACAATGCTTGGAGCTCTGGCGCTGCCCCAGTATGTATGTCTATCATCAAAAGATGAGTCTAAGCAGGCCGTCCTGTAACGTTTACTAAGGTTCTACTTTAAGGTGGTCTCGAACGTTTAAACAAGATTTTCTCTTGAACCGTTAGCTACTTCGCCTGCCTATAAACAGCGGGACTGGTTGTTGAAATGGTCGAGCCACGGGATTCGGACATCATGTTTATTGTGGATCATTACATGTGCCCGGAGTGTGTCTGTGTCGTCGCGGACTACGGCGTAGTTGTTATGGGGCGGACCGGTGGAATCCTTGACACAGAGATATTCTCACTCTTAATACAAATCCCCAAACTGGGGAAGAGGGGTGGCCTTAAGTTGAGCATGCTAATAACCCAGAGCGCAGATAGGACTCTATAGTAACGCGCAGAGTGAGTTAGACCTGGCGGGCATCTACTGTTACCGCACACCATACCTCGCCTCAGTCGACCTAGTCAGATGGGGCGAGCGGCAGTGAAGTCTCACGGAAGAAGTGGTAGGACGTCCTGTTGAGGCTCAAACAGAGGGGATTTCCCTGGTAAGCACCCAATTTAGCAGCCGAAGGTGTTCAATCAA,1749,51.06,Escherichia coli
SEQ_444886,ATGGTCCCATCTGGTCAATTCCTCGTCGGGAAATGACAACAGACATGAAGGCAGAGATCTGGGCAGTTGGACGGTGTATCTAGTTCACGCCGGCTAGTAGTGGGTTCATTACGTTCGCGGACAAACAGGTATTCAGCCCAGAATTGGAGGTCGGTTTCTTTTTGGGTGGTAAAATCATGGCGGAAATGTCTACGCATCTATGTACAATAAGTGCAAATACTCGGACCTCCCACTCTTGTGTTAGTAGGGGCAACCACTATAGCGCAACGACAACTCTCTTCGTTAGCAGGACTGCCCCCTGCGCGTTACCTTTTAAAACCTGATATATTCGACCGATCCAGGGAGACGCTAATGTTTAGAGGTACGGGCTTTGTAGGGCCTCGTGAAAATCCCCTAGTTCCCAGGACAGCATCATTTCCTGGCGTCCTACCGATAGGAACATTAAAAGGCATGGGAATTAATGTTGAAGCGCGGTGTCAGGTAACTCACACAAGGTGCCCCTCTCATTAGAAGTCGATGTTAATCCAAATGCTCATTCGGGCAGAAACGGCAACCGATATCAGGCGCGTTAGTGCTTTGGTTCGACATCTTTTGCGCTCGCTAACCGTCTATATACAGTTTCTTTCCCGCATGTATGGTCAACTACGGCGCTGCAACAGGACATCTACCTTTCCGGGACGTAAGCTTCAATGAGAGATGCAGTTGGGCGGTTCTCGGACCGCGTACCGGCAAATATATCAAAAAATGGAGGTATCCAATGGCACTTTCTGCGTCTAAAGCAAGCACACTGGTGATAAGTGATAGGCTGGTATGAGACGATGCACATCTTTCCTTCCAAACGGAACTAGTTGGGAAACCTAAGGGCGTGCCCGCTTATTTGTGAAAGTGAAGGCGAAAAGCTAGATGGACAGATTTGCTCGTAAGCAGTACAACCCAGAACCATGGCGGCCAGAGCTTTTCATAAGCGTCTTACACGGAATGAACATACTTCCCGGTTTACATCCAACTCAGATTCGACTCGCGTGCGAGTACGTTTACTGCAGCATACTTTGGGTCCGAGATAACGGAACCACCGCGGCGGCCAGTGGTTTATCGCAGAACCCGAAACACAACGCCTCACCCATGATTCTCTGCGATATTAGGTCCCCAGAAGCTCAATCCTCTGCTGGCCTAGTGGCTTGACACGAGTACGGATGACTCAGACCCTAACTAAACTATCGGTCGAGTTTAGTAATTTTCCGCGGCTTTCGTGGCGCCCTGCTACTAGGGTAGGTGGCGGCTCATGATAGAAGGAGGAGATCATAGTGTTTTAGAGATCCATATTTGAATG,1330,49.1,Saccharomyces cerevisiae
SEQ_204795,AATAAAGGAAGGATAAAAAGCATGCGAGTCGTAATATGTGTACTATGCTCAGCGAAATTACCCGAGGTACTGGCGCGTGCAGAATAAACGCCTGAAACGAGCACAAAGAGCATGCGACGAACTGTCGGGCGATCCCGGAGGAGCTGACTATGTATTTCTGCGATTCGTCCGTGCTAGCCCGAACCTGTGGAGCAGTGACATCTAGGGCTCGCGAGCGGCAGCCTTAACAGCCATGCCGTCAAGCGCTGCAAAAACCGCCCGGCGTAGGCTAAGCATTGGACCTGAAGTCCCAAGATGGCTGAATGGTCGTCCGATCCTCTGTCACAATACAAACGGTCCTACACTGCCTCGTTAGTAGCCATTCTCAAGTTTGAATTAACGTAACGCAAACGTGGCGCGATCTAATCCGATATTGTTGCGTTTATACGTAATCAATGTTCACCGAATACACTTGGCAGATGAACAGTGTGACGAAAAAGGCAACTCCCTCGTGATCTTTGCAACCTGACTTCAATGCTTGGGCTTCCGCCGGACATTTCGTAAAGTCCGCCTAAGCCATGCATAAAATTTTGCCAATCCT,580,49.66,Drosophila melanogaster
SEQ_511470,AGGCGTCACCAGAGGTCTAACAGAAGTTGTACGTCTAGCACACAGTGGCTCCCGCGTAGTGTCGCTCCGAGAACAGTATCGTACACTAGTGAGATACCCTAAACACTGCTTTAGTGCCTACAATTTACGGCGTAACTAGGGGAGGTAACCTGGTAATCTAGTAGTCTTCAGACCTCTCTTCCACGAACCCTTGAACCAAAATCGATGTAATCACACTTCCCTGTGAGGCACTCTCCGCACTGCAGTACTGGGCATGTACCGCATTATAACTGGATAATTGGTATGCGAACTTCGTTGTCGAATCAGCTCGCGACAAATTTGCTCAGCGAGAAAAATATTCTCAACCGAATTGTCGACAAGACTACCGAATCGAATCTAGAGAGATCGTCCTGTATGTGTCTGAAGGAACTATTGAGAAGGTGATACTTCGAGGCTATCTACCGCCTTATTTCAGTCACAGCCACCCTAAGCCGGTGTGGTGGGTCGGTTTGGCTCGCGCAAGAAAGGAATTACATAGGAACAGAGCGGGAGGGCCACCATGGTTATGCGCCAATGGTATTCGGTTCCATCCGGCGGACGTTCAGAAGCCGCATACGAGGAAGCGAGTGCCGACCGATGTACAAATGGAGTAGACTTTTAGCATGAGGTACTACAATCATCTGTAATAGGTATAACAC,677,48.45,Arabidopsis thaliana
SEQ_438519,GGTTTCGCTTTCAACTGGGGCTTTGGTGCTTGTAGCTTCAAAGCTTTGTACGTCGCTTTTCTGTACACTTTGCTCCCCGATGCAGGCGGTCGACTAATTTAGGTATGCTCGAGAAGAGTCATTTAAGGTTTTGTCGGTAATCTAGTGCCTCGGCGCGCATCAAGCGCCCTAGCTGGATCTTCCTCTATAAACCCGGCTTGACCATGGAGAGGTTGTATTTCGGTTTGAAGATTTGGATTTGTCACCAAGGTACTTGTATGGCGAATTTTTTCCTGTATCCCCTTTTACGTTCAAGAATCGGCCAAATCCCATCCGTGACGGTTTTACGGACTGTTAAGTTCACTAGTTCGCAAGGACTGTGGGGCACGATCTATCTAAAGTGGCGGCGTTGACGCCTTAATTCGGGACTAAGGTCATTTTGCCCGAGTAATTCTTTAGTCCTGCTCACCCTAGGGTCAGTAGACGGGGGCCGCCCCAACCGTATACGATCATCTTGTAAATAAACCTGTTGAGCAGCTAAGCTTAATAGATGCTCTGAGCCGCGCCTCTTAGATGAGGATGGTATGAACCGGCCAGTTATTAAGGATGCTAGAGATAGAGGTAAGCAATCCAAAACTTACGTAATACTGCGTGTATTGTCGTAAGGGCCACTGTAGGAATTGGTGGCACTTATTCTCCACTCTGAGGAATCTATATTTTTTTCTGTAGAGAGACATACGTGGTTCATAGGTTTGGGTGGAGGCGTCAACAGGCTTAGTCCGTCGAGCTGACGACATAACTCCAGCTTACAAACCTAAACGTTGAGAATGACTCACGCATTCGATCTGACAGCTCCGAATGTTATCCCATCGACATTCGTGCAAGGTCGATATGTAACGGTGGCCTATGCGAGTGGTAACATGCCGGGAGGGTTCCTCGGCTACTACCTAGGCTGTGAGTTTAGCAGCCCCCGGGAAGCGGTCTTAAATTGGTGCGGAGCTGATGTTCTACAAACCTATATGGATGTGAAACTGGCCTGGACCCGACGTGTCAACTTTGATGCTGGCCGGTTTTTCCACGGATCGAT,1066,48.31,Escherichia coli
SEQ_969925,CCAGTAATGAGGATCATCCTCTAAAAAGTACTCTGCCTACGAGGTCAATCTAACACAAACTCTTTTTGAGCCGGCCTCTCTCGTACAGGGACCTTTTTTTTATAATGCTAGACCTTTCCGACCGCTGACTGATCCTTCGAGGACGATAGTGCCGTTGATCAAAATCTACGCATCGCATAACCCTCGCGTTGAGAGCTTCAAAATCCTTCAAACGCGCTTGATGGGATATTAGTGCCCTTCTTGGGCGACACACAAAGGCAGTAGTTACCCGGTCTGTGACCCGAATGTAGAAAGGTACTACAGTCATTTTTACCAAAATGGATGTGATTCGCATAACCGGTCGATCGGCATAGATCATATCTCCCCGTTGTCAGTGTCCCCGATCCTCATAATAATTACGCACTATATTGGGTGCAGAAAGCTCGTGCTTAAACGGGGCTGGAGCCGCGCTCTCTCCCCTCTTTCGGCAATGTCGCGACACACGTTGCACGAGGACTGATTGGCCTATCCGTGGGAGGACAGGACCACGGAAACAATGAGCGTGATCGGACTTGGGGTCAATTCCAGGTGTTTCGACACAGTTACTTACACGCGGTATTAAGAGCATATCCGCGTAACGAACGGTCATGACTCAACTTCAGCTCAGAAGAGGACTGCCAATCAGGTGCAATGTCAGAACAATTCGCCCGGGACGTATCTTAAGCACCTTGTCTTTCCAACGGATTCCTTGCCCGAAAGCCCAACACTGACAATTTTGCTGAGATCCACTTGATGGTTAGCTCAATCCCCACGCGCTTTATAGGGAGAACCTTATGTCGTATTTCACCCTAGGCTGCTTTTGAACAGCGTCAGGTTAAAAACTAGACTGCCATGCAATGGCAACGTACCCCTCTACTACGTGATGACTGGTCCTTTCGATCTAAGGAGGGGAATGCGATTTTCGTCTGTCGCTCGTCGGGGGCGGAAGTATCAAATCTTTAGCTGGGTTATGCAATTCCGGAGGACTACCATCGTCCGATGATACGTATAGACTAGATCAGAATCCAACGATGTGAAATGGTTGCTTCCGGCGTACTCGTGAAGGAGTTAATACTGTAGACTTACCCCATCAGCTGACCGCTGGCCGTTTAGCTTAGAGTCGGCACGTGTTCTTCACCGGGGCGCTCAGCATACTATCGCTGTGAGCGGCCCAAGGTAGATACCCCCGCCTGTTGGTACTCCGCTCCGAACAAGGAGGGCACGGAGGACAATCTGGCAATGACACCGCCAATAGTAGCCTGGATGAGTGTTGACATACGGACGGATGTACTCTGGATTCAGACGGGTATTTCTTGCAACGTGGGAGGATCGAATCAAATCCTTGGTGATACTCTGGGCTGCGCCACCGCGCCGAGCAACCCGGCGAGAATGCGCCACATTTAGGGTTCCGCCTGCGAAGGCTACAGAACTGATATCACTGACATACACACGCTAACCGCCGTGAGAGAACC,1490,50.67,Escherichia coli
SEQ_372113,GGAAGTAGACTGTAACCCATGGTCCCACATGGGCGTCGCTTACTCGGACCCCTGATATAGCGCTGTCAGTACTCATAGAGCTAAAACCGTCCCGACACCAGGTGACGCGCAAACTCCGGGATGCGGGTGGAGGGGATGTGTGGGTCGCTGCCTCGTTCCAGGATCGACAGGCGAGTGGGGCCTACTCCTAAATAATTTGGCGCAAGCGGGGGGGGCATCATTAGTATCTATGGGAAAGGAATCGCTTGCCGACGGGATAAATACAGTACGATTCAATAACTCGTGTGGGTGAACATCTGCAATCTTGCCTGTTGGAGTTCGTTAATAGCTATCTATTCAAATTGGACCTAATTGGAGAGGGGCAGCGTCGACTGCACGCGTCTGTTCCATACAAAATGCACAGCGAGATTAAGGTCTTAGGTAATGCGTCGGGCATTCACACTCGAGTGTTTGCCGAATTGTACCACCGTAGCAATAGCTCCTATCACGACCATGTCTCGTGGTTTGCTCTATCGTAGTCGTCTCTAGGCGAATTGGCGGTTCAGCTCCTGTTACGCGGGGGCCAACCGTTTGCTGCACCCGCCTCCAGGCATATAGATCGGGGACAGTAAACTTCGCTGAGGGGAGAAGTATTCATGTTCGAGTGAGTAATAGGATGAAGTCTGCGCGAAATGCCTTCTTACATCTGCCATAAAAGTACCGGCCTGCGGACGGGCTTACCGATTAAAACATTCAGCAGCTAACAACGAGCGACCAGTTAAAAGTGAGCATCCTGTCAGGGATGGTTTAGCCCATAATTCTGGTAGATTATCGGCCTCGTTAGTGCGGTTGTGCCGCGTTGACCCCCGCTCTCCGCAACGCAATATTCCCTCACACACCTTAGGATTGAGGAGTGGCGCGACGGATATGTCCAGAGCCGAGCCTGGGGGGATAGGCTGGTGAAAAATCTTGCGGCACAACCTGATCGGTGCATAATTTCAGTCCCTTGAAGTGCTTAGTCCTTCTACGTAATACACTCGTTAGGTTGGGAACTCGTCCAGCTCGGTACTCGTAACGACTGAGTGGGCGCTGTGACACTCATCGGTGCTAGTATCTGCAGGCCCACGCAACGCCATATGGGATGTCAGGTGGGCGAGTGCCATCGAAAGAAACGACACCTAATTCTTGCGTTTCAGTGAATCACCATGTGAGTCCGAACTGACCTAACCACGTTGACAAAACTGGTATCAGGTTGGTTTTTTATGACGCAAGCGTTCTATAGTGGAGTTATCCAGCTCGCGACAAACTTAGCCAGGGGTGATTGATTAAGCTTTCCTATTATGGCACGATGGCTCGCGAGTCAGGCGAATGGTTGGGCTCTATTCATCATGAAGAGGTTAAAATGAATCGTATTTGGGCACTCGTACAGTGCGGAGGAATCGTGATTAGGGAGGCATGAGCGTCTGCTTGCTACTGCAAACAGGAAGAAGATCCCTCTCACGGACTTACCGTCTTCAGATGCTTCGCCGGAAC,1512,51.39,Homo sapiens
SEQ_120953,CGACAAGACCTTTTGTTTCGAGACACAAATTTTTCGAAGTACTAAGCATTTCCGGGCGCAAGCGGACTGCTAGCGGTTTAGTGGGTGAGCGGCACGTGAACGGTAGTCTGTACGTAACTCTTTCAATATCTAAGACAGTATACACCAATCGCCCATCTCGGCGGGCTCTCCCGAGCCTACGGTAGAGCGCCTTTAGCCTTAATTTCATAGGCTAGAGAAGCGGGGCTTACAGTCCGGGCCGACAAGGCGTACAGAATACTTGTAAAACCACGCTTGACTAGGTTTCTCTAACGGGGACACTAAGTTGGTCAAGGGTTGGTCGAGATTATAAGTCTCCGTCCACTCCCTATAGTCGGTCGGCGTTATGACAATAAGGTACACCACAAGAGGTATGATTTCTTCTGGTTTCCCGATACACTTGAATAATGTTCCCGCTCGTATGACCTTCACAGACTCCGGTCACCTACGCAATCTATGAATAGCTAGCATACGAGGGACCAGTCTCGCTAGATCGATGATTCAACTATGAGCTCCCAGACGAAGCGGCTGGGAGGGCCTGGCTGGTTTCTCTCCGTTTGGTCAAGGCTAGCCAGCAAATCAGGTGAGGAAAAGTTACGTCCACCCCCGTATTGCTTGATGAAATTGGCCGTTTCTGTATGCCAACCAACGCCTTCGGACTGGACACCACATGAACGTCCGTCCTATCCGCGCCCCGCAGTCAGACGATCGAGAGGGACGCCCCGAAACTAGCTATCCTCCCCGGGTGGGGGCTCCGCGGTGCGGGTGGCCCTTGCCCATCCTTGGTGTACGCTTGCTCTGACGACTACTGTGGGTGCCCATTAAGCAATGCGTATAATGCTTGGTAAGTGGGCTATGGGCCGATCTCCTAGCGGCGGACGAGGCACGCGAGTCTAGTGTACTAGTGCGTGATCGGATGACGGTCAGCGGAGTCGTCGACATTTTCTATCCGTGTACACTTCTGGAAAGGCTGCTAGCCTGCATCATGTCGAGAAACGCTCACTCATTTAAACAGTAAGGCTTATAAACACGCCTCTCGTAGTGGTTCCCAACTGTGGATTCGCAATATGCGGACAATCACCCGTGACTGTAGGAAAGACGTGTTTGCCGGGCATCGCGCTACATTTACACCTTTGACAACAATCTGGCCTGTCACCCTTCAGCGGCATACCAGTTAGTACTTGACTAGTCTTCAACTATGCCACCTAAGGTTGGTCTTTGCCATGCCCATTTCGACCCCCTCGTCAGCTAGTTTGCACCCATATGCATGGACGTTAGGTTAGCTGGTTTCCTCGATAATTCCGCGCGCTGTTCATGCACGAATTCTTAAATGTGTTATATACGAGGCACTGTTGTTACCGTGGCGAACATTGAGACTAGGTAACTCCTGAGATATGTACAATATACCCCACATATTTCCTGCGAAGTTTTGTATTAACGTTATACTAGCGAGGAAGAAGATCGTAAACCTGTTGCCGACGGAACCTGTTAGGACGTTCGGAGGACCTAGTAGTTGACAGTTGAAGCGGTCCTTTCTGTCGTACTTCGTTTACGCCGAAGGAGGATCCATGAGATGTAGATAATCTTAGTCTACTGGTCGGTCCTCCCGTAATCCCCCCTGGGCAGATCTTCTGTTAACAGTATCCGGACATGTTCAGCTCTTCCCTCGTAGACCTAAGTGTTATGAATGGCAACCAATTACCTTATACACACTCGAAGAAGTTCCACACTTAACGTCGAGGACACTAATCTTGCAGCCGTGGGGGTATAGCGCCGTACGTCCGATGTAAGATCAACCGGGACCCTGATATACAGTCATGTGTTTCCGTGCTGGAAAGCCGACCAAGAATGAACCGTGCCACGGATAGATAGAGCATCATGCTAATTCCATGCGTCGACTGTGATTTAGATGA,1931,50.39,Homo sapiens
SEQ_645424,TGTCTAGAGAGGTGGGGGATTTCAACGCACTGACTGTGAATAGAACACGGTCGGACTTACGGGATCTTCACCACTCCGGCATGAAAGACTATTGTGAAATCAGCCAGTAGTATGACGACAAATCGCGACCGGCCTGGGAACCTTTCACACGACTCGACCTATGTACGCCGAGCGTGTTCGAGTGTGTGAGTACCGTATGTACAAACTTCGTTTGGCACCCCGTTCACATAGTCCATCGACCGAGCACACCTGATAAGTCCCAAATCGGGAATGCCCTGGTTAGACCTGCGCATGAGTTACTAGCCGCGCCTCTTCGCCAGTTTCAAAGGCGAGACCCCTATCGTTAGGCTCTATGATGAGTCAGTTGATTAATAGCGGTCAATAAGCGGACCAGGCCAAATCAGTTGAACAAATCCTGCCAGTTTACACCCAAGTATGCCTAGCGCAAGCGGGTTGCCCGTCATTCTAATCGCGATAAGCACAGTACAGCTTGCTGAGAGATGACCCTAACGCAACCTCTATGATCCCTATACAGAGGGGTTCTCGTAGCTCTATTTAACACGATTTGCGAGAGATACGAGTAGTGCTCCTAGCCGTTTATGTATATACGACGGTTATACCCTAGCCTGGTCGTCGACCGAGGTGGCACGCCGAACGTGGTATTGCAGACCCTGGATCTCAATGCGTAAGCAACATCTGTTTGGCACTTTAACTCTTGTACACTACTGAGAGGTCCGCACTGGTTAAAACACCGCCCCGAGGCCATACGCAGCCATAAACAGGTGAACTTTAATCTAGAAAACATCCCGGGAGCGGAGCTGATTATACGCACCGAAATATACACGTCGTTACCTGATCGCTGTTCTACCAGACGTCCTAAAGCTGGGACCCGACGAACCATGCCTTACTGGCCACTGGTCGTGAACGAAATGCCATTGCACCTTTCGTGCGCTGGCAAACTGCGCAGCAGACCTCCTAAACATCTACCGGTCATACCTTAGTTAACATAGCCGGCACGACCAGGCCCTGACAATGGCTGAATTCACGAGACTAATGCTTGCCCGTATCGCAAAATAATAATCTCCTGGAAATGCCTTTTCAGGATCCGAGGGCCAACCTAATGAAATATATGCTTCACCGTGTATTGGGAGATTCCGGAATCTTACACAGAGCTATGTGTTATCGCCTGCTGGAATCGCATATGAAAGAGATATAATCATCTGGAAGCTTTGCCGTTTCAAATGCTTTCACAAGCTGAAAAGGTCGTGTATGCCTGGGTCCACAGCCCGGTAGCTATATGGGTCATCCGCCGGGGCCACAGACTGCCGTTTTCAGAAGAAAAACAGCAGGGGTCGAAAGTAATATCTGGCGCATGTGGCTGACCCCGTGAACATCATAGTACGAAAGGATTCCCTTAAATCTTCCATATGAATCCGCTACAGCTACGTCCACAGAATTCTGACTCTTCAGTGCTAGAAAGCACAAGTAAGGGCAATAGACTGCGAATTAGTGACGAATTGGGACGATCGCCAGAAGGTACCAGGTGGGTCGAAACCGAAGAGGTTGCCGTGCGGTTTGATGCAAACGTCGTGTCTAAATAGTCCGCAGAAGTTATCGCGAGACCTTTGTCAGGAGGGAGAGCCGTAGTCAGGCTGTAGTCCAGTTGCTGTCGGTCGACGCCGTGAGGGCCCCCCTATGGTG,1701,50.32,Arabidopsis thaliana
SEQ_200669,CAAGCGACACGAAAATGAATGTCAAACAAGGGAGTGAGCAAGAGGGGAAATCTGATGGCTAGTTTACGTCCATAAAACCAGGGTCTCAATCAGGACGGACTGTGACAAGATCCATGTTCAGTAACGCCATTGTTAATCTTCCCTGTCCCTATTTACCAATTGGGATAGCTGTGATGGCCCTGGGCCGAACGGTTGGGAGGTTACTCCTCTGTATGTACTCTTTAGCCAGCGTCCAGTGCATTGTTGCGCGAACGATGCGATATTGGCTCTAGGCATTCTATTACTATGGCCCCTCTCGCCATCAATAGACCGTCAATAGTTATGCTCCTGTACTACAATCCCGTGCTCCCACCAAATAATAAGCTCATACAACACGTTTGCGAACACGTAGCCCATATTATTCTCTTTGGTCCCATGACTGTTAGATAGTTGTCCGAGTAGTAGAAATCGGGCGTGAAATGCGTAGTCAACACCGAACGACTTCAGTTCTTAATGCCTCTGCTGATGGTTGTGAACGTGGCCATATCCACAGAAGGCTAATGTCATGCCTGGACGCAAGTCCCTAGACTACTATAGCAAAGCAGCCGGGACAGCACTCCGCCGTTTCCGTACCTTCGATATTCCACCGATTGCCGTGCTTAAGAGCTCCCTCCGAGTACTTGCGGCGTAGGAATGCGCGTTCCCTGAATCAGGAACAGCTCCGAGTACTCACTTAAAGACTTCATACGCAACAACTTGTGAGTAACCACCTCTACATTGGTACGACAAAAACGAGGGGATTGTACTAATAGCGTGGAGGACACGCCCTCGATCTGACAGGGAGTCTTCGCCACTTCCTAGTCGTCACGATTTTTTGCCCGAATTCTGGGCATAGTCGATAAACTTTCCTTCCATGCATGAGACCCATCCTAGGGGATCTAAGTTTCTTTTAGATACGCCTCTTATTGTTTCTAGCGGTTGTTATCGGTGGTCCGAATTATAGGATGGGGGTGGAGAACATCGGAGTCGTGGTAAAAGCTCTCTGTAGGCGGAAGAGGCCCAGATCTACTTTGAGCAAAACCTCCCCAGCCGAGGATGCGCATATCCACCCGAACCAACACAGACACTGGCTGGTCCTCTGTTTATAGAATTTGAGAAAGATCCAGGTTTTTAGAAGACAGCTTAACCTAACTGCTAGTGAGCTTATGGTATATCAGGTGAAGCCATGACGGCCTTGTACCTATAGAGGTCGCCAGTAGAGGTCTCCCCTTCGTTTGCAGACAATCGTGAATGGTTCAAGTTTCATGTTTCGCTAGGACTGGCGGTGTAATGATAGTCGGCACGGATCGTCTGCGGTGCCTACCCTACAGGTATGGAAAATCTAGGTGCAATTCGTAACC,1379,48.51,Homo sapiens
SEQ_877869,GTATCAATTGACCAATTATTGAGGACGTGTTACCTGCACCCAAAGGGGAGCAGAGGCCACCAGCGAATCGGCGGATTACGAGGCCGTAATAGTCCCAACGGCTCCCACCGGCCCCGGTAAAATGATTAAAGTCGGCATAAGGCTCAGAGACGCAGCACCCCCTGATTCTTTTCGTATCCACAGTTAATTCATCTCTTTGGGCTTGAGTTATAGAGGTGTTATCGTACATACACGTGAGAGTCATCGTGGAGCGCTGTCACTTGGCCCATAGAGCGAACGCTGGTTAGTATGAATTTACTAACGAAGCTTATATGGATGTTGAGAGCATTTACGGTTGTCACTAGCACTGGTGGCGATTGTTCCCATGGGTATGTGTCAGGAGCGACTCAAGACCATGATAACGTTGCATCCTTCGAATCTCTGCCTACAATTTTTATTGACCATAATAGGGGCGAGTTACGTCT,464,48.06,Escherichia coli
SEQ_247739,CGAGCCAGAAATGGCACCGGCAGAACATCGAGAGCACGTCGGGGGGTATCGGAAAAGCCACACGAGCGTCCCAGTGAGTCTAGCTTGGTAAAAGCCCGTAGCCTAGTAATAAACGATCACGTAAATAACATGGTTCTGGGTCACGCACCTCCCACAGACGTAAGCACAATGAGGTATCACATGCCACATATACAGCTGGAAATAGTTCACCGAAGTCCCATGGGTCCCTTAAACATTACTGATCGGGTGCCTGGCAACGTCGTCGCGGGCCGTACGATTACGCCGACCAATCGAATGCCAGCGTACAGCCGAAATACGAGATATTCGTCCTTGCGATGATCGGAAGCACCGCGCGACGTCTATAGGCATCGATTATTCAGGGCTATAGCCTGATGCGAAATCTCCCGCGGATCCGCACAGATACCTGAATACCCTAAGGTCCGTCGCGCGAAATTTTGGCGGTACGTTGAGGCCCCTCCGTGGACACTTCGTGTAGTGCTTGGAAGAGCACGTCGGTGATCATATAAGCTGCTGGAAAAGAGAATGACTTACTTCGAGCTTTGAGACGGAGAACTATATGATATGCCGAAGTAATCTTTTTTGACGAGCAGCAACTTACCACAGGCAGGAGCGGTGGTGCCATCATAAAACTTGTACTTCTGATTATAGGTGCCTCTTGATAGCAGGTCCCGCAGAACCCATCCAAAGAGCCTATAGTACTAGCCCCGATCGAGTTGTGCGCTTTTTATCATCATCAAGGGCCAGATGGTACCGGGCAATTTAGACTAGCAATTTCGGACGGCGACTGAGGCTGTAAACGTCGTGATAGAGCGTGAGACCGTCGCCTACAAATTTGTAACATCCAACGCCTATCTGATGATACCCCGTTACCTAGGGACCTGGTGTGCGGTCACGGGGGGGGATCGTGCGTGGCCAATCTCTGCGAATTTTTTGTAATCATTAGCGTTCAAAATCGTATCGAGCACTCAAACAATAGCCGTTTGTAAACGTGTGAGTAGACGCGCAAAAGTCCGATACCCAGCCGAGCCGACGCTGATAGTATCTACGCTATGGGTTATGAGTAGACCTTATCTAGGTCTCACTCTAAGTTACTCCAGGCTCCGACCGATTGACTAACTCGAAAAGCAGATGCCGACCTGCTTAAAGGCTTTAGGTAAAACGAGGAAAGTTCTCAGGATTAAATTTGGAGCATGGGTACAACTATGAAGGCTCATGGCTAATACTTCGGGGTAAGCGGTGGACAGAATTTACTTGTCACAGGCACGTTTGATCTGGACCGCTCTGATTTCACAGATTCCTCCTCGAGCGGATTATCACAGCGGACTCTCTCTCCTCTGCACGACAGTCACTACATACGAAGAGTCGCTCTGCTGAGGGAAAACTGAGCCGGCACATCGGGGGGACAGGGTGCTTACTCTCTAACTAACGACACCGTCCGGCGTTGGGTAGCGTATCTGATATATGTAATCAGAGCTCCTTGACAAAGTCGCCTGCAGGCCACTGTCGTAATACTAAGGGGACTGGCAATATAGACTTAAACTGGCATTATATTGGAGTTAGGGTTGCAGTAGCTGCGCACGTCTCTCTTGGTCAAGTAGATACTCTCCATGGGTTGTGTGCTGAACCTCGGAGTTCATTTTCGTTGGGAGTGCACCATTATCTTAGGTCGTATTGGTCCCCTGATATCCGGCCGTGGTGCAGCTGCTTTGAAAACCTCTGCATGCCCAGATGATCCAAGTAGCTCCTAAGATCGTCGGAGGTGGAGATACCTAAATCTCTGGTTCTCCACACTTGTGCTAAGTATTGGGGCCACCGCTCTTAAAACTCGCCAATGAGAGCACCTTCTAGAGGCAAGTGACCC,1882,50.21,Arabidopsis thaliana
SEQ_442490,TTTAGGAGGATCTCCCAAAGAATCTTCAAGCACACCGTTCATGCAGGATAGTAGTAGTGACCACTCGCCGTCGTGTCTCCGCAAATGAGATTTTTAGTCTTTCTTGCTTACCGGGAATTTAAGGACCGTTTGTGGACGCGCGTGGGTGCCGCAGTGGACTGTGTAACAGCCCGTAAAATTTAAGAATCGCACCAGCTCTACACAGGTTATCACTGCCTTGTGTCCGCTAGCATGGTGGGGTCTTGCACGTTCCCGTTCATCTGTATCTCAGGACAGCAGTAAGGACAAGAAAACGGCCGGTAAACGGTCTAATGAGCCCAGGAGTGATATGAACATGTTCAGATGTTCGGGTTACGATCAAACAGTGGGTTAAAGTGTCCGCGACTACCAAGTCCGTTCCAGTGTACATGGAAGCGCAGATTTTTTGTACGCGGTCGCCGGATTCTCTCTTCGATTCGAGCTCCATAGATTCAACAATACGAT,483,48.86,Mus musculus
SEQ_766083,GCCATTCTGCAAACCTACAAGTTGTTACATTATCCGATCGTCACGTCCGTCGATTAGAAGGACCACGCGTGCGCAGTTTTGGGAAAATGGTGGGAAGAAGCCAACATACACCTGAGAGTAGACGATCGCGTACGTGAACCTATCAAGCGCATTTGCACTTTTTAATCTAGATACTTTCGCCGGCTTCATCGAATCGTTATGGCCACCACACTGGTAAGAAAAAACGCTAAAGGCGCCGCCGTGCCTCGGGCGATGATGCAGGTTAACCCTCCATAACTCTGTGTACCCCAAGGAAGGTCTTTGGATCACACGTTGAGAGATCTCTCAGCAAAGCTGTTGGATTATATGGCTGGCCCGGCGTGGCTGTATCGTTTTGATACCATTCGCGGCTCCCGCTCAGATATGGCCGTAAGCACCCAACCACCCTGGCCCTACGGGCATGCGTCCGAGAGCGCGTAAAACTCTCGCGCTATTACACCTGTCCCATGTTCGACGTCCGAACCGACAACCGCCTTCCGGTGGGCCGCAGCCATGTAATGGGATACAACTAAACCTCCCCACACCATGGTAGAAGATTGGGAAGTTGAAGCCAAAGGTAATGATTGGTAGGACCGCCCGTCCCACGTCAAAGCGCCACTACAAGCGTAGCGTTCGTGGATTAAAAGACTACTGATAGTGTCATAAGCCGCTTTCTCGTTCTTGCAGATCCTCCAGCTAAAATCCATGCTTGAGGCGGCTATCAGCCCCGTACTTTTTGGTCGGTCCAGCCCTCACCTAATGCTGATCCCGTTTAATTGGTAAAACCCCCTAGAAACCCAAGGTCCCCCACAGCCATCGTCGACGGTTACGTACAGAATAAGGTACCGGGCTCCACGTTTCACAAGGGGGTGCGGGTGGTTATGGGCACGGTGGCTGTCTTAATTATGGATTACGACATGAGGGACCATAGGCAATAAAAATTCATCCTAGGGTGACATGTCAGCGCCTGAGACCACCTAAAGACGAACAGTTGCTATGCGCAGCTCAGCACCACTCGGGGAAGATGCACTTGCTAAGTATGTTCATTTGTATCACATACAGCACCAACTATTCTGGAAATCTCTCCGGGGAAATATCCCGCACACCTCGAGGGACGACAGAACATCTCGTCGACTCAAGGCAACTCGCCAGTTACTTATTGGCAAGCGCTGGGCTTGTAGAGTGAGGGGACGAGCCGGTTTTAGGCGGTGGGCCGACAGGCGATCGCGGGTACGCAAGTCCATCATGTACTAGCAGATCCCGGCGTTGGCATGGCACTCGAACCCTAAGATTATATGACATGACCCATGTCAAGCGCGCGATGTCCCAGAACTGAACTTCTTATAGGCAGACTGATTAGCGCCAAGTAATTTCTTAATTCTACTAGGGGGAGTGCCCAACTACGCGCGAGTTCAGCAAGGAATACAGGGCAGTTGTCTAGGGTCATGCGCATTGAGAGAATCCTATGCGCGAAGCTGGCGTCAGGATCCATCTGAAGGCTAGCGCCAACCGTGGCTCGGGAGCAAATAGATTCACCGCTTGTCCCGATGCCGCGCTAAATCTCCAATAAAGATCAAGCAACATTGTTTCCATTTCTGGGTCCATATTTCCTGCCAAATCAAGGTGTGGGTCCTAATGAACGTCGATACGGGCCTATTTTTCTGCCTCACT,1689,51.75,Homo sapiens
SEQ_760853,ATATATAGTTACGACGTACGGACAGGGTCGTTTAATTGCTACACGGTTGACTCCCATTGAGCTGATGGATAGAACTTACCCTATATTGATTCTGGTACTAGCGTACGGGGCTCTATTGTTCTTGAACACCGCCTTGACAAGAGAACCGTAGAATGACGACGGCCAATTCGGCTGTTTGCTCAACTATTGCCAAGCCCTGCTGCGCGTCCCTAACGTTTGCTACTATGCCAACGGCGGATTTTGAATTCACGACCATAAATGTCCTAATAGGCACGCTCCTAATGCAGATGAGTGGGGGGACGGTATCGAAGGCCGAGGAGACACCAACCCTTCCCGTGTTGCTCAACCGACGAGGGAGTCTTAATTGCCGTCGGAGTGATAGGTCTCCTATCAAGCAAACCAGTTAACTACAT,413,49.15,Drosophila melanogaster
SEQ_789719,TCTCGGTTTTCCAGGGGCACCGTGGATGCCCCGGGTGCCTATTGCAGGGGAGTTTGATCGTTGG,64,60.94,Homo sapiens
SEQ_944588,AAGAAGAGGCAGAAACGGTCACTGATTGTTCGGGAACCCTGAGCCAAGGCAACTTAAGGGTCCAGGCCTTCACCTCGGAGAGGATACAGACAAGTAGATTCAGGCAGATCTAGAGCGGTCTAGGTTCAATAGATGCGGGAAACCCAGGTCTACCGTTGCATCTGAGGATCCAGCGGGCGTGCCTCTTCAAACATAGAGATGTGTTCCGGAGGTGGCGTTGTTGGAACTAGTATCTTGGGAGGCCTGGCACTACCTAGTAGAGAAAGAGGCACCTAGGGAGGTCTTCCCGGACGGCGGGCCTTAATACGTCACCAAAGCCAGCTAGTCACAGTGAGCCCTTGCACATGCACACATTAATATTACATCTGGGTAGGACCTGAGACTGTGCTGCCAACCCCCCATTCACCTTAACGCGGACTGAAAAGATAGTGTTGATTCCGCACTCCAGCCCGGACTGGCCGACACACTAGGCCTGCCAGCGGTGCTAAGCACTGCCTTACAAATTTCCTAATGCTAAGCCCAGTGGTACGGTTCTAGATGCAAAACGTCGAGGAACACACCGTTAGGATGTTATATGAACCATGCCCCCGGTGGGCCGGAGACAGATCCCATAATTATTGTTGAGAACAGCTTGGACTGTTACTGGAGCACCCTCAGAGACTCTCGCTTATGCGCCGAACCTACCTCTCGAACCAAGATACGTGTAAAGATTGGGACCACGGACGACGTCAGAGATGGAGCCTGTTTCTAATCTGCTGGCACCGCAATAAAGTTAATGAGGATTTCTTGACTAATCTGGTAAGGCATTAACCAGCCGCCTTCGTACCGCATACGTTCCGGTCCTAAAAGGCCCACTACGTTGTGATTCCTATCTGACAGAAGGCGCATCTGGCTGAGAAAGTGAAACTAATCTGGTAAATCGTGGTCCCCTGGGTGCTGGTATTTACGGGATAAATTAAGAGCTTAGTATCTACGGATTGCAATAACGATGGTCAATAGGTAGTGGATTGGCTACCATAGTCGCCGGAATTGCTACCGGGTGATGCCGGGTGACCGCCACGGAGGTGGAACAACCGTTGGGTTTTCAGTTGACGCCGTACTAGGAGGCTGAGTACTAACAATATATTTCCGATCAGGTCCGGAAACGTAAGAGTTTAAGGATTGGGGGTGTATGTAGCAAAATCGGATCTTACCGAAGAATTCCGAAGCATTATGACTCACGATACGTGCTGGTGTCTAGTGGAACTGCTTGGAAACTGTTGCTCAAGGAGATGAGACGCTCGTCGACATATACTTGCACCCCGAGTAGTGTGGCTGGACCATTAGCAGAGGGAGCCACCTATTCTGAGATGCGTCTAGGGAACGTCTCCGTAGGCTGCGCCACACCACGGTCTGCCAGTCCTTACTCTATCTTAACTCGTATTGGTACTCCAGTCTCACTTAGCGCTTCGGGGTTCCGCCGAAGCCACCTGGACAAGCGGGGGGGATAT,1490,51.34,Escherichia coli
SEQ_576238,AGTTGGGGAGTAGAATGTGACTGTCTTGAAGGCGTACGCGGAGCATCTACTAAGGACACGCGAGACCTTGCTTTACGGCAGATGAGTTAGTGTTGACGCTCGGACACGTTAGCTCTTAGTGATTGTAGTATCAAGTTCTTTCTGCTTCTTAGTGCTCTTAAGCACAATCGCGCGCGAATAGTTATGGGCTAAGAGGTCAGTCGCTCCTAAGCTCCCAAAGAAATTGTCCGGAGAAAGTGCTGAGACAATCTACTGTATTATAGACACCGTCTGCGCCGGCGTTACCCCCAGTCCAGACAACTTTGTAGTTGACAGGTATGCTCATTAGCAAGTTCCCCCCAGTTAAGTAATATGTTAACGTCCGAGGATGCCTTAATCGAATTTCAAACTGTACCGTCCGGCCTCTCAGGAAAGAAACCTTTCGCAAGCAGAAAATAAACCAACCGATTGCCTCGCTCTCGACACGATGCGTGCGGCCTTTCTAACTTACCCCTGATGGGACTTATCAGCGGCACCCGGTCGCGAAATTAGCCCACCACTACTTGAACCCAATGGTGCCAGATGTGGAGGCCCATATATGGATTCAGACCATTTGCCCATCCGAGCCCCGAGCCCGGCCGATAACGTCGCTAGGCCGCGACTGCCGAACATGCTACACAGGATCATCGAGTAAGCTTGAGCCAGGCAAAGTTACCATTGATCTTTACTGTAGGCCAAGGCGACTGCAACATAGAAAGATTGGTCTTGGCCAGATGGGGGATTTAAGCTGCTTCTTCTAGCGCAGAGTTGACGATCAACCCCAAAGTCTTATTACCGGTTTAATGTTCATACATACCAGTGTCCGACCGAGCGAAAGGACTGTACCTTACGTTCTCGTTGATATCTATTGAATTTTCAGACTATCTTGGTCAGTACTTCTAAGCCCTCACCAGCACGAATGTTCAACTCTGGAGTCAGTCGGCCGCGTTACGGGAAATAAGGAATAAGATGCTTAGGTCCGCCGTGTGATCGATCGTTATCGTTCAGCGATCTAACACACCTGAATTTTTAGGCACCCCGCCCCTGGATTGGAATATCAAGCTTTATACCCCCAGGCTGTGCTGAGCACCGAGGCAATTATATGCTCACAAACGTTACCGGTCAGGCCCATCAGGACCCATTAATTAAGGGTAGCTAATACCGCCCGGGATACGTATGAGCGAAACCTTTATA,1212,49.09,Homo sapiens
SEQ_754649,CTGCCTCGGAATGGATTAGCGCGCATGTGAGAGGCAGGTCACTGTTTAGTTAGCCCAGAGGAACGAGTTTTCTTGGTCAAGCAATAAGTGGGAATGGCTTAGGATTCTAAAATCGATGACAACGGAAATACTCAATTATCCCTATATGCCAGGTGCGTAGTAGGTATACCGGGGTCACCCAGATTGACGGGTTCTATCGCATTCATCAAGCGACGTGGAGTAGGATTGGGAGTTTATTATAGTAGTGCCGTTTAATGCATCTCTTACGCATACCCCAACGCCTAGTGCAGAAACAATCTACCCGGCCAGACTGGACCGAAGCACATGGATCGCGAAGTCGGTCCTGCGTGGCATCATCACGATAGTGGTCAAGAGGCAACATCGCAGTTCAAGACCGCGGGCACCTGCCGCAAAC,415,50.36,Homo sapiens
SEQ_953898,GCACATATTACGACTGTCATACAACAAATTGCCTCAAATCAAGATGGGTTCTTAATGTCCCAACGGTGCAAAGAAATACAATGGTGAGGACTAGGACTAGGGCCTTGTTCAGATTGCGACGGGCACACACATACAGCTGACCGAGTGAACCGTCCTGTAACTATTAGGGTCACGAGACCGATAACCGAATATCGACCAGCTTGGGCTGATATGAACCATTACACCAACGGATACCCCTGGCGTGAGGTCCACGACGTCCTCGAGTTGCCAGTAGTACCGACGTGATAATACACGAACAATATAATGCAGTCATCCGCTCCATACCCTCATAGTTAACCCTGCCGGCCGCCTGCTAAATATCTTCATAACGAAGGTGGTCCCCCTGCAAGAAGGCCGAGCTCTCCTTAGGAGCAGGATGGTACCAAACTGGTGACCCTCCTGAGGTGAACAAAAGGATATCCTAAGCTGGCAGCCGAATGGAGACTTTTCTCTTTCGGGCCTATGACCGTGCATTGTCCACATGAGTTTCACAGACATGCCTTTCCGCTGCTGGGTCAGAGATTCTTAGAATGTTTGAAGGACCTGCGAACCGTTGTAAATTATACCTCCTCGCCCGGCTCTCCCCGGACTCAATTCGCTGCGACTCCTAGGGGCGTCCCTTCACCGGGACGTCTAGCCGGTTTTTGAGGACCCCAGGCGCCTGGGTCTGGATGCTAAACCTTCGAGTCCTCCACAGAACTACCGCCGCATGTGTAAGCGTGGTTCGCAAACCAGGTATTCGGGCTAAGATTTGCCCCGCTGACCAAGCTGTTTATAAGCATCTCCCGTGGTTGAGGTTCTAGGTCCTATGACAGGAATCCC,861,51.8,Arabidopsis thaliana
SEQ_717274,AGATCAGCCGTCGTAGCAAATCTGGGCCGGAAATTCTTCGTCGTGGATTCCATTTGCTGATAGATGAGCTACTATGCGCTGGCCTAAAGTGATGACCAGTAGGGCTGCTTACCGCATATCCACTTTTTGGGCGTTTACATCAAACATCTAGATCAGGTATGGGGGTATTTATGCTAGTGGCCAAGGCTTTCAAAGTTCGTTGCGTTATTGGGGTTTCTTAGGATTCTAGAGGGTTCTGCTTAGCTCCGAGTGGAAAGATGCTAATTTTTTTAGGTGAAAGCGTTTATAATCGTTTAGTTAACACT,305,43.93,Escherichia coli
SEQ_222138,CGAACCTCTAAGGTGGCATAACACGTAACCACAATTCAATGGGGCTTGTCGGCCCAGGTTGAGGAGCAAGGCCGATAATAGATCGGAAGGCTCCAATGTCGGTCTGGGCACATCTAGATGGGTGTGAGCATATTACCAAGCTGATCCTCGCCTAGCCAACTAAAAGGGTGAAGGATGCTAAGGGCGGGCGAGCCAACAGAACACCAGCGGAGTTACTAGCAGGGCACAGCTATAGCTACGTCAGCCTATTACCGATAAATGCGAAAAGACTCATATTATAAATACAATGCCGCCTCTAAGAACTGGAACTCTATCCGCTCGGGCCAGCCTGGCTGAAGTTGTCTCCGTCCTCGATCGATACATGGGAGTCTTTGATATAAAGGGTATTTACACGAGCCGGTACCAAGAGTGTCATTAAGTGCTCCGAAGAGTTGAAACTGTGGTTTTTGGGCTAAAGTCCATACTAGAGCGTGTGGGTCGTTAGTCCCCTAGTAAATCTTGCAGCTTTGGCAAAATGTATAATTCAATAGGTTTCATTCTGAAAATGAACAGACTTAGCTATAGTCGAGGGCATATAATACGCTGTGTAGAGGAGTGTAACGCCTACCAACCCGTTCTGTCGGAGAATATACCAACCTATTAGTGAGTTTATTTCGAACCCCACCGCCATGGAGTAGGGTCGGTACGGGTCGATGCAGTTTAACCTACCACCGGGTACCAACCCACCAGGATCTGTCGCGCGCGGTGGGTGCTCGTGCCGGTATCCTAACCGGCTGCTAGGATGATCTCCATCTATTAAGTTAGGATAGATCGAAGAGCACGGCCGAATCGTTAGGCTGGCATTTTCCTTCTA,853,49.0,Arabidopsis thaliana
SEQ_617476,GGTTCTAGGAAGCCCAACGTATGGTCGTGATTCACGTTGATCTGGCACCTCCCTCAACCAACAACACCACTCAAATACGCGGCTACGATGGAAATTCAAGCTGAACGATCCAGAGGACATAAATACAGGTTACGGAGAAGTACCCCGATTACCGTTTGTGATAGCGTTTTAAAATACGGTAAGCTGGGTTCAGGATAAAGACAAACTCGGCAACCCCACGTACGATAATATCGTAGGACCAGTCATAGGTTGTGCCAGTGAAACTTATTTGGATTCGACCGATCAGTGTATCCGTCGGTTGGCTATAACCACTGTAGCGGTGTCTTGCCGCTATCGAGTATCTCTATATACGATCAACATTGTTGAACATACATTGCCCAATGGGGCCACATTACAATCAGGAGGCGCGAAGGAGGGACGTTAGCGCATCGTTGTGACTGGAAGACCGTTCCTGTCTTAATTATCGTGTCGCAGCTAAAACAGCCCCGTACTGCATATCAGGGCCCATGCCGGCGCCAACTGAATCTAAACTCTCCAAAATAGCAGTAGCTTGGGCCGGTATATGATGATACCTCCAAACCCGCGGGGATGTGTGACGGATCGCCAGGCTCGTTGTACTAATTTGGGCCGTAACAGAAATTCATTACACTCTCCCGCTCTCGCCCCATAGGCGGCCGGCATTGCCCAGTGATGTTAAGTCGACGGGAACCTTGGTTGTAGTAAACATCTATTGAGTCAAAGCTGGAGCAAGCCACATGAATCAGATCTCACCAAGGCCTCTTGAATGTATCTGCTCTGTCAATTGGGGCCTATAGTACTTCATTGGCCTTAAGGGGCCTAGTACAACGTATTAGTGATCAACACGCGCAGCTCGGCCGGGAGGTTCGATATACGTCCCTGTAGTCACTTGAATGCGCGGACCGTGCATAGTACGAAAGTACTATCCTGATTCCGAGCGATCATACCGGTCCACGAGCTTATCATATTATTCGGACTAATGACGCAGGCGTTACGATCCCTTTACGTGGAATAATCATCTGTGCAGAAGTCCGTTTAAAGTAAATATATGGCAATAACCCACACTGTGGAAGAGTGAAGTCTGTGGGGAAAGAAAAGGGGTGTGGTTCCGCTACAACTTCACGCACCAATCCGGCCTCGACGTCGCACCGCTGGTCGATCTCCCTCAAGAAATATATTGCTTGAGAGATGAGTCTCGAGTCCGGCTTTAGGAGGTTGAAGCGGTAATACCTCTCACTGTCGGTATAGCTTGACAGCATCGTGGTTGAACTGTCTACGAGAAAGGGACTGGGGCGGTGAACCCTATCCATCCAGCCCTTATATTGAAGTCTGAAAATAGGTTAAGTGCTCGGGGTGATCCAAACACTCGCTGGCAAGCCGAGACATTTCGACTTTCTATCACTCTGTCACGCACAATTAATTATGCATGTTACGGCAGCCGGCAGTATATAGCACGGGCACCGCCGAGTAGGCGGCCCTTGGGTACGTACCGTTATTGGAGAGCTCGCGCTGCTTCCACGAAGATCTGAGGGGGCCTGGTCGATGTAAACTTAGGAAAGTTAAAATCGATCGGTGCGGGTTAGCCTTCTCTACATACCTGGCGTAGGCGGATTATCCAGAGTTAGTCGAGAAACGTCCATTCTGACACACCCTGACAAATTTTATCTGTTGCTTTCTTGTTGGACCTTTGAGGTTGTTCGAGCCTGCCTGGGGCCCGCTCTTTACTGCAGGGGTGCATAATAGACACACGATTGCATCGTGACCATTAA,1787,49.41,Mus musculus
SEQ_255365,CCCGATCGGAGTTTTTATACAACTAGTAACTACAAGCCCGGTGGAGGCGCTGCCTACGCAGCGGCCGGTTAGGTGTCATTCTCACTAGGAGGGTCGGAATAGGCCTAGACGCGTGCGCATCTTGAGTCGGAACAAGCACACAGTTTAAGGCCAAGGCACGGTCCTTCACTGTCCCCAATCTTCCATAACGTGACAACTGCTCTGTCAACGCCTGTCATGTGATCCGGCGATTGTGAGAGAAAGAGCCTAGCGCATCGGCCACGCATAATATGCATCATGCCCGTGACTGATCAAATCGTGGTCGAGGTTAGCTCGCATCGGAGTCCTATAGCCAAGTTCCTTTGTGGCCATCACATAAGTCACTTTGGGGACAATTGCTACTATACCGTGCCCAGGGTTGGGTCCTATGCCTCAAAATGTATTACCGGGGCTTACCGGAATTTGTAGTGCGCGAAACACATTGTTGTGAATCCTCGGCTAAGCTTCGAAGCTTCATTGTACCAGGGTTGTCAGCGCAAATTCATGTACGCGAATCAAATAGAGCGTGTACCCGATCACTCCCTAGTGACGTGTCTCAAATTGCCTGTAGATACTCGGGCGCCCCACCGGCAAGCACTGACCTAAGTCCGCGCGCGCGCCCTAAATCATTGTCCACTAGGTAGTCTGGGTTCAAGTCGACACACAAATATGCTCCGGTTAATTTCAAATATCGATAACCCGGGCGTAGACGGAGAATTATACATCTAAAGTTCTGTGGCCGAAGCCTCAGCCCTGGGGGAGCTTGTGGGTTTTGGCAATAATTTCGTTTAATCCTAAATCGGACCGAGGCTATCCCCAACGGCGAGTCGTGGTGCCTGCTCTCTAATATGTCATTATTTGAAGGGACAAAAAGTATGTCCTCAATCCCTTAACCGATCATGTTGGTAAAAATGCTCGGGTAAATCGCTTACACCACACCTCACTGTGACCTGTACGCACGCCCACACGCGTCCCTACATAAAACACTACCCCCGAGAAAGCGTTACCTCGTGCTATAGACCTTACTTCCATGGGTGGCCTGAAGTGGGCACAAAGATGAGCATCACCTTAGATTCCATTCCTGGCAGTCCTCAGTCTACTCGATGCGGCTAATGGAACTGACAACGCTAACCCCAAAGGGAAGATCAAATTAGTCCAATTCTAGTGTGCAGCCGCCCGATAAGAGCGGATCATACGTACACATTGAAAATCAGGCGATTGACGTGACCGACCTAAGAACGTAGGATT,1266,50.32,Caenorhabditis elegans
SEQ_667279,CCTGAAGCGTTCGACTTTGCATTGTGTAACTTCGGCGATAATTAACAGTCGGCCATATAAGCTGTACAGACCTAATGTAAACTGAAGCGTCACCTTTGATGATTGGAACTAGGCGACGGACACGCTTACGACTTCCTTCTAAAAGTATAACTCAGCGCCATCCACCTCGGCGCTGATCGTGGACTCTACTGTGCGGCAGATATTTACATTAGATAAGTACAGCCATGATGGATAGACGCCAGGTGAGCCTATCTACTCAGAACGCATATATTCTGGTACTTGTCCTCTTGTGGCAGCGCTAACGGCTGGGCTGGGGTCCCTATGGTTTAGGGAAGTAGAGTAGGACAGACCATTCCCCTCCCGCCTGATAAAATTCGCTCGGTGATGCGGTCCATATAGTCACGAGCTGTGGTGTGTGATTAAGAGTTTCTGACCTTCCGCCCGCCGTGAAGGCTAGCCAGTTGTATCCGCTTACTGTGATGGGAGCACCAATGGCATAGAAAGCCAAACCAGGTATTGCCAGCCTGAGTCTAACACGTGGCTATGTGAGTCTAATGGCTCATGGCGATAATAGCTGGCGGTGCGCACTGTATTCTATTGGATGCTTCAAGGTTGTCCCTTTTGTAGACAGATTTATGAACATATGGACTTCGCGCATATGCTGAGGAAAATGTGCCTGCTTCCCTTATTTCGAAAGAGAGGACAAAAAACTTCATGTGGGTGCATCCAGGACTTAGGACTGTAATGAGCAGGGTTTTAACTTTTGGACGGGCCTATGTATAAGAGTCTTACATCGGCTGGATGTTCGAGGGTAGGGCATTACTTTAAACGTTTTCGGAAAGTCGCCCCTGAGTCGGTTTCGTCGGCTTTCTAACGTCGCTGTAGAAGATCAACCCCTTAGATAATGATATCG,913,47.97,Arabidopsis thaliana
SEQ_314024,TCGATCCCAGACTTACATACGTTTGGTTATTAATACGATGAAAGAGCGGTGGTTCCAGCATACGACCCCCATGTTGGGGTATCGCAAGGTTTTAGCCGTTTTAGACAGCGAGAGATGCGATAGGCATGCGAGTACACCCTCCTAAACATTGCAGTTCGTCCCAAAGCTGCCTGGCTTCCCCATGGCATGGAGAATAGATAGTACTAACATGCTGTGCCCCGGATTACCGTTCATAATACATGCGCATGCATGCCTCCAGCAGCGGCTATATCACTATCAATGAACCGCATCCTAGGTCACATACGTATCTCGGTTGTGTGACTAAGTTATCGACGGTCATCCATCCAATAACTCGGGCGACCAGCGTAGCGAAAATTTAGATACTCCTTGGGTCCGTGGACCAGCTCAAACCTCGGTCAGTTCGTGAGCCTAAAAGAGAAAAGGGGTTATGGCCATAATCCGAGAAATGTTTGTGGTGAAGGTTAGCCGATATTTGCCGAAAAAAGAGAATCCTACCGTGATTTCTAGCGTATCGCCAAGTTTGGCCCATCGTGCCAATAGATTGCGCGCGCCCGACGAAATTTGCCAGCGTATCCCCCTAGAACCGCTTACGAGTGTGAGAACCTCCCTTTGAGTAACACAATTATCCCAGGATTAACATAACAGTCTCGTAAGTCTAGACGGGCAACTGCTGAGACTCGAACATTTCGGCGGCGAGTTTTTAGGATGATGTTGCCCGGAGACCATACAGGCGTAAACTCCCGAAGAGATCCGAATTCGTCAGATTAGGTCCAGCGGGGTATACACCCGGGTGA,815,49.33,Caenorhabditis elegans
SEQ_455139,TGCGACGTCCTAATATCTCTCCGGTGCGCGCTGCCGTGATGTAATATGGAATTGAAAGCGTTCCAGAATAGTTTATTGCCACCTGAGAATCAGAAGGTTAACAATGCCGACCGGTGCGAGACTAAGCGTCCACCCTCCACCGACCGACAGGAGTGCCTCTGGTTAGACTGCCTGGGTTAGCTGACAGACAGTGCGTTCACATATGCAGGCCCTATATGGGTCTTACATAGAACATAACGAAGAAAATGCGGAGTATGGTTGCAAGTCTACAGGTACGTCCGCCCTTCATATCGTACACCTCCCTCCCAGGTTGAATCACTGTCGAATCGGTAGTCTACTTGGGGCCTACCAGGACGATTGATATCCCGTGGCTCCAGTCAAGTCGCATTGAAATCCGCGCAGCGTTAATCGATCACACGAACGTAACAGGTGGTCATTAGCCTCGTGGAACAAGGGGTGTGAGGAGATTTCATCATTAAGGGCAACTATAGGAGCAACGTGACTGGTACCCAAAAACCTTCATAAGGGAATTAAGATTGTAAATTTCTCGGAGTGCTGGACGAGAGTGTAGATGCAGAGTCTTTGCGACGCTCCAACTGTTGTCGAAACGATGCGGGGTGCGCATGTTCCACGGGTAGTCGAGCCAGGCCGTCCCACTTATCGTCGAAACCAATTCATTAGATAGATTGCGGCGGGGTAATACTCTTGTTGAATGGCTTCTAGTCGAGGGCTGCCAGCAGGTCCAAACGTATTAGTCTAACTTCATAGATCTGAAGATGGTGTACAGTAGTGCGTCCCCTGAATCGCCGTGTAGATCCATCACTTAGTGCGACCCTTCCGTTCAGCGACCAAATCTCTGAGGTCAGAACAGCGGCACCACAATCGTAACCGGCCGACGTCTTCTCAGCACGACCGCACCCTTGCACATACAGCCAATGGCCTCATCCAAGGTTAAATTAGAACAGAGAATGTTCGTTATCCTAATTCCTGGCCCTTACATCTGCCACGAAGACCATCTAGATAGCGCTACGAACATGGTTCTGTCGTTTGGGTCGTGAGTGCTTTAATTGCGATGAATGGCCTGTCTATCTACGCTAACTGCCGACAGTTAGACTAGGGACGCGGCGCTAGGTATCTCAAATGGGGAGGAGGTGACGGAAACCTTGGAAAAGCCATCACGGTAAAGGGGCAGAGAGCAAGAAGTTTGGCTTGCCAGGTTCAGCGGGGACAATAGAGTTTTTCGAACATTACGGTGGGTAGTCCCACGTTTAATGGTTAATTTATACATCTCATAAAGACGTAGTCGGCTTTTCCGTCCGTGTAAGGGCTGTTGACCCCTCGTCATTTGTGCGGTGTGACTTATTGTTTGGGGCTCTTCCTCATGCGAGGACTATAGGGTTGACTCGGGGAAGTAGCATAGTGTAGCAGGCACATGCGCCAGCAATGACGTCCCTGATTCATGCGAAAGCCGCCGATACTTGGTAGCGTACACTCTTTGGGTACGTGGTTTGTCGGGTGACACTCTTCTGTACTATTTTCAAACATATGGAAACGGAAGCGACGTAAGATTTCTGCTCCAGCAATTCTTTCACCCGCTTACTGTTTGGATCACAATAAGGGCGGAGGATTGCGTAATCTGACTAGATATTCTCGGAGGGGCCCTGCCAGAACACCCGTTATCATTTTTAC,1689,49.79,Escherichia coli
SEQ_914721,CTCTACGACAACTTCCCATAAGGGGTCTCATAGCCGCTTTTCGATTGTTCATCCCGACTCCCGGAGGATTGACGATTGACCGGTGCGACCTAGGTTTACACCGGTGAATTTTCGAGGAGGTAGAAGGGGTTGCCAATTCCACTCCATTTTGGCACAAATGGCATTTCACCTATAGCCTCAAGAGTACGGATTAGCTGAATACTTTCTAGTAATGCATTGGTAGAACGTGCGTACTCGTAACCCGCCATGACCAACAAAAAAACCAAGAAGGTGTGTGGCAAGGTCAGCGACCATAAGGGTTCCACAACTATAATCCCATCTTGAGCACCGCAATGACGTGGACGGGCCGAGCAGTGGCTCTAGGCTATGGTACATGTATGGCGTGGTTCTTCCGGTGATAGCTCTTCCATGCGAATACGGGCCTCCGAAACTGGTGGTTCACGAGGTCATGCCGCACATCCGGGCGCTAAGTCACTAAGTAGTACATTTCTAATACGCGACACGACTCCAAATTCTGTGACGTGGGGGTGTGGGACCGTACAAATCTCACTAGGCCGGACT,561,50.8,Escherichia coli
SEQ_547073,AGTGATAGAAAGCAGCCACGACGAGACGAGCTTGACGTGGCCACAACGGTCACTTGGAACGAAGGGACCTTTGCGGCGTACCGTGCACGCTTGGGATGGACCGGGTCGCGTTGCAGGGACGTAGAGTGAGTAGTCAACCTCCTATATCCAGGTCTGCCAAAACTAAACCCGGGCGGCAATCCTAGCGTGATTGCGTCGGGATACATGATCCGACAACTGGGTGACATCGCTTTCGCACCAATGCGTACCGGCCATAACAGGAATAACTGGTTT,273,55.31,Saccharomyces cerevisiae
SEQ_195490,TCTATCTTAGCCTCGCCACAGTCGGGCAACCCAGCAAGCCCATGCCCTATCGTTTCGGCGTCTTGCCTGTGACCATATCTGGCAATAGGTGATCTCGAGCGATATTGTTCATAGACGAAGATAGTCCGGCATCATTCCCCAATTAACTACTGACAGTCTGACCGTGTGGAGTCAGCCGCAGCGACCGGGTTGCCCCCTGTCGCGGTGGTCATCTGTGAGAGCGCAGAGTTTGGTGTCTGGGTTAATGTCTATTGCATGATTTTCGCCGCGCGCGCGGTCTGGAGAACCTTCATTGTCTCATTTCATCCGAGCCGCGAGG,319,54.86,Arabidopsis thaliana
SEQ_342916,GCGAAACCACGGTACGAGTTCGGCTAGAAGTCTTTCTGATTTGTGGGCCACCAGGGTAAAGTATGTGATTACTTAATCAGAGATGCATTCGTTTGTAACAGAGCGCATGTGGGCGCTGTGCCCGCCGCGAGTGATAACAGGTCGCGGGAACGATCAGAGGAGACATTTCCCTCCAAGGTTACGGTCAAGATGCACAAGAGAACTGTTCGTTCCTAGCCGTTTCATTTGCGACTTCGGACACAAGAATTTAACTACCTTCGGCGAGGCTGCATCTAACTAGTGAGCGCAAGCGGATGCTTTCACATGGTTTGCCCTTGCGGAGAATTCCTGCATGGCCTACCATTTAACGGATTGAATTACGTCAAACTAGGCTCACCGGTGATATGCCCGTTGGGTGGAGAGTGATGAGGCGGTCGGGACGATCTCTACGGGGTCCCTAAGGGAGCTACCGCTTACAGTGTTCGGGAATGTGAGTGAAGTCGCAGGGGTAGACGTTATTACTCTAGTGATAAGTAGATACGAGCGCGTAGATATCCCGAAAAATTCCCCAGTATTAACCGAGAAGTAGAACATCACCATACGACTCGTTTCAAGATGTCTTAGCGCACGTGGATCCTCTAAGGCGTCAGGGCTTATACTATCCCGACTAGGTGGTTCGGGGACAACTGTGCGGAATAAAAGTGCCAGTGTGTCATACTTAGATCACCGGTATACTTCCCTCGTCCTTAGTCACCTTACGCCGAAGGTGGCTTAAAGAATGTGCAGAATGGCATTGTGCGACATTTGATCCCTCCTCGTTTATGGGGCATCCCCGGCTTTAATGCGGAAGAAGTTCTTGTCTGTGGTCTTATTGTATTCGTAACGCATGCGTCTTTCACATGATGTAGCCCAAAGTCGTGGGTATTATGTGCGACGAATGTTAATGCTTAGGGTAGTACCGTGGTTTTCATGCCGAACGTATGGCCGCTGTTAAACTTAATCTGTCTTGAGCAAGGAATAACCGCCGCCGGAGAACCAGGGTATTGTTAAACAGAATTATGTCTTTAAGCGGGTTTGCGGTTAACGACTTAGCGGCGGGTACTAACGTCTGTTTATGGCGCTTTCTGGGGGAATCATACCAACAAATTTGGCCAAGAGTACCGCTTAGAGATACATAAAACCGGATGAGTCGAACGCACGGACTAGTCCCTGAGGTCCTGCCAGCCACCGGAAAGAAACACTCAAGTGTCGCCTCCAGCTCATAGAAGAGCCGACGCAAGTTTCCGTATACT,1271,49.25,Escherichia coli
SEQ_215598,GTGGAAGTAGACAACATTTGGTCGCGCAAACTGGCGGACAGGTAGAAATCCCTTTATTGATACCTAACAATTGGCTAGTTAGGGAAACGCACTACGACGACGG,103,47.57,Arabidopsis thaliana
SEQ_957563,GCGTTCGACGGAAACCAAGGTTTGTGAAACCACTCTCGCTGTACCTAAAATCTCAACACACGCACATGCAGGTTGTTACCAAAGGCCAGCCCCTACTACCCGGTAGACTGCTGTCGATCCCGATAACAGTAGTCTTGGTAACGGTTAGCTAGAGCAATGCTATTCAGTTGGCCGCAGAAGAGAATAGTTTATGCACTGTGTCTTTTTGCAGACGGACAGGCCCGCGTTTCGAAAAATTTAAGCTTGCTGTCATTCAATATTGGACGTCCAGCACACTCGATCGGTATTTCTTGACAACCGGTTTACCAAGGGATCGGAAAGCCCTTGCAAATCGGTCGAAGAGGAGTACTGCCGTGCTTCATTACTATCGTCTTTGCACTCTGGTTCCTGTGTACATGTGGCTTATGTCACCTCATCAGCTCAGGCGAGCTGGATTGCCCGGATTGCGGCACAATCATGGGAGCTGCACATTACTATATATGCTGCTCCGAGCACAATTACACATGCGCCGGCCCCGGAGCGAAAATGACACACGGATCTGTATGCACTCTTCCCAACGGGTATCTTCACACTGTTGCGGTTAGTCCGTGAGCCTAAACATTACCCCGTCAACGACCGGCGTTAAGAATCCCGAGAAGTCCTGGAGCCGTATCCACAGTCGTCGAAAATGAAATTTGCACGGATTTATACCTTAGCGAAGAAGTAGGTTAACATTTAACCCTTCTGCAAACTGGAACTCGGGCCCGTTCGCAACACAATTCGGTTGGCACAGATACTGGAGGCCGCTGGGCTATAATGGTAGTGGAAAAGGCCTTTAATGAATCCCTGGGAGGGCGATTATAGGACTGCGCAACATTCCGTGCCGCAAAGCTTTTCGCGTTGGGATGGACCTCCATGAGTGAGCTCCTTCCGGCTGTCTCACAGCGTAGTACCATTATCCAGAACTGATGACTTGCTACTGTCTACCGAATCTTGATCGGTTGCTATACGGGTACCGCCTGACTCCTTTAGGTTTACTGGACGTATGGGACATGGTATTAAAGTCCACGGTAGTCGAAGGTGGTAACCTTTGTGGTCATACATCCCGTAGTATCTGAAACCTCTTCGTGTTAGCTGTTGCCTCTCTGACCCATAAGACTGGCGTAACGTCATGAAGAGGCATATCCTACTCGTTACTCAAGAACGTGTGAGTGTT,1195,49.46,Mus musculus
SEQ_655614,TTGAAGGATACATGCACGGTAGTCCCAGTAACCCACAACTGCACAAGTAGTGAACGATTGTTCTGTATTCTCCGGCACACTATTATAACCGGCGCCGCTGCAATGCATTACTATACCTACAAATAGTGCCCGGTCTCTTTCAAGTAGAGCACCGGCACATAGATGTACAGAAATCGATATGGACGGGAACGGGTGAGGCCGACAGAGACCAATAAATACAGGAGCTTATTCATCCCACAGCGTAAGCTCCGGTCCTCGAGGCGGCAGTCCAACCAGGTTGTCCTGTACCCATACTACGAATGCACAAGCGGCCAGATCTCTTAGGCAGGACGTTTTCTGACAATGTTGCTGCTACCTTTGAGGGCGATATGCGCTTGAATGGCGTGGGGAAAGTAGCAGTATCATCGGCAGAAGCAATACCCGGACGGCATGTTCAGTACAGTATTACGCGATGGGCCGTGGATAATACCCGAAAGCCGTGGCTCATGGCAAAACTCGCCTCTAAACCCAGTAATATAGACGGAACTTTTGTTAAAGCCCCCCTGCTAGTTAGGCGGGGGTTTCAAACCTGAACTTGAAGCAAATCCGTGTTCAAGCTTCTAGATGGGTCGGTTGGGAGCCCCACCTAGATGCCTAAAAAATCGGCCTTCTGCCGACAGGAAACAAAATGCGGTCCCCATAGCACGTGGCTCTTCCATTCGTCCAGAGCTCAACAAACGATAGAATAAGAAACTGGCGCACTGGTAAGCAACAAATCCAATTTCCCCCGCGCGACCACGTCACACTTCCTTCGTTACGTCAGTGGCATGCGCGTGGCGGCTCCGTAGGGTCCAACCAGCGGGTTCGACCTGTCTCATATGAG,862,51.39,Caenorhabditis elegans
SEQ_264281,CCTGCTGGTGTGGGTTTGTCCCCTTCATTCTACAAACGGAGTGATTTCAGACGTAGCGCAAAGCTTAGGTCCGTCGGGTTTGACGAACAAGGGAGACGAGGGCTATCCGTATAACAGATATATTATTCCCGCAATAATAGAGTCAGCGGTCTATATCTATGCAATCCTGATCCGTCAGGACGGTCGGTGTATACCGCCCTTGGCGTTAACGCCCTGTTTAGTCGTTGTCAAGATACTAAGCCAATCCTGCCAAATTCCTGGAGCTCTGCAAGAAAACGGGTGAGCGCCTCCTAGAACCGAGGCGGCTCATGTTCTACATGTATTGTAGCG,330,50.0,Saccharomyces cerevisiae
SEQ_621433,TCCGATTCAGACTACCATTTTGCATGGGGAGAGTGAACAAATCTAGTCTGCAAGAGCAATCTAGATGGGCAAGCACACGCGTGCAGCTTGGGCTCTTGCCTCATTGAAAGTCGGCCGCTACCTATCGGTCATTAAGATAACATCAATAATTTGGCAGACGCTATCGTCTGATTACTCGAACCTTATAGGAACAGTGCATCCTGATCGTTGTGCAGGCCATTCGCTGCGGCCATGAGAGGATACATCAGCTCGTAACTCAACGTCCAATTTAACCCTACCTAAATCGGTCATAGGATACCCTGCCCAATTGATGCTACAGTAAACGAGTGCCTGAGGATGTCGGTTGGCATGCAACCCTCTGTTCCAGGCAACACAACTACCCAGCATAACCCTACAGCGACAGAAGAATCCTTAATTGGCTGTGCTAACCTTTCCGTCTCAGTCGCGTAGGAAATTAACAGCGTATGGCTATAATTGTTTCCCTTTATCGATTTTAACTCACACGTTA,508,46.85,Drosophila melanogaster
SEQ_716137,GTTGCGATATTTCGGATACGTCAGCCCGAGGTGTATTCTTCTAGATGGTTGAGCCCCTTTTTTAAGCATTTGAGGTTGACGGCCCCACGGGCTAGCATCAAGGTCCTCAGCCCGGATGGTTACCATGAAGGAACTGCACGTATGTCCCGTGTTTGACTTGTTAAACTCCTGGGGTGGCTGCTTTCAAGATAGGTTTCTCAAGTCCAAAGAGGGTCGCAGATGGGAAACCCGATCGGAAGCGAGGCACTGGTATACGCGGAGGACGGGCGCCCTCATATCTGTTTGGACGCACCATCCGAACGACCGCAACCGTCCGTTGTTTTGTGGATGTGACTCGGTAATCTATCAACTCGGTGCAGTAGTGGAACCGTTGCAAGTAAATCTCGTCCAAGTTGGTCTAAAGCGCGTGCAGTATACATGTTACCGAATAAAATAAAATGCGTTGGAATGGAACAACGAACGCATTGGGATCCCTCCACGGGCTAAAGTGCACCTACCTGTTCTGTTCTCTCCCCTATGTTCTCTAGTGGTCGTGTTGCATGAAGCCAGTGGGTTCGCGGATGGTTGTTAGGGCGGCGTGCAATTCCGCCACCTCTAAATCAGGAAAGTATTAACATTGAGCATTGTAGTCTGAATAGTCGGACCGATCTTACCCGATAACTGAGACGCGGGCATTCCCTCCTAGGTAACCTCTAGGCAACCAATTTATGACACTTCGTCATGTGGACCATCCGTACGAACAACCCAGGCGAAGAGCTACATGGCCAAGACTGTTTACAGGACTTGATACGGCTGGCTTCGATCACAGCCCCTGACTAAGTAGACCTGACCGCATTCAAAAGCTCACGCAGTTTGCACGCTGGCAATGTGTATATTGATGGCAAGTACCACATATGAAAGCGCTCGATGGGTGCCAACGAGAGTATCGAGGAGGTCACTTTGGACCCCTTACGTCCGGTTATTATAACCTTCATAAGTTGGCATCTCGGAACCTGCAAACTGCTGTCTGCCGCTGATTTACGCCTTTGTACCTGCCTTCTATTAACGTCCTAGGCCTGGCTGTAGGGGTCAACCAGCTGTACTGTTCGGTAGCAGTCCGGTGGGACGGATGAATCCGCCAGTAGTTAAGGCTGGGTTGCCAGCAACCGTCGCTCTCACGCGTAGCCTCTATCTCAATTCAGCAATGGACTCAATGAGCATGCCCATGGGGTTTGCATATTGTAGCAGATTGTTTTTAAATGGTGAGCATATAGGACATCCCAGTCCTATAGAAACCCCCCACAACCGTTCCCGTAGGTCCGATACACGTTAATTTGTGACAATATACTGAGTGGTCGATTATAATTAGCACAACCTGTCAGGATACGCACGGTTCGTAGGGAAGCTTACATGAGACGGGAATATCGCATGTCAATCAGCTAGAACCTATCACAATAGAGTAATGATTGTAATTATCAACAGCAGCCAGCCCTGGAAGACATACTTGGCAAGACGACGGATTCACCATCGAAAGGAATATGTCCATAAGGTAAGTAGTAGCTCCCCGCGTCTTTCGCGAATGGTGGTCTTTAGCTCCTAATTACCCATCTGGACGTCGGTGGGTCCTCACTGAGACGATTGTCTTTATCAGTTTGTCT,1637,49.42,Saccharomyces cerevisiae
SEQ_938134,GCTCGCGCAGCTGGCAGTGACTTCTCTAGAGACCCAGGATGCAGTCTCTCGTATCTCCGACGTACACCAATTAAGGAGCAACGCCGAGCCAGTGTGTTTGCCCCGACATTTTCAGCTGGCATGTACCTCTTATGTATTCGCTCCCTGTACACTTGAGAGATATATCAGAGCTGGACATAATTTGATTTATATATATGGAGGCTGTGCGACCAGTCCTAGCGTTTATCTGGGCTGGGAGGGCGCGGATGTAGGTATGCGTTATATGAAATACGAGGTTAAACATGGTCTCGGAGCGTCCCATCAGCCCTCTCGATTTCCGTCGAGAAACGCACTGATATATACTTTGGATTCGTGACATCCATGAAAAAGACCAGCTAACCTGATGTACGTAGGGTGAATTGTTAGTTTATCGTGAATTGGAGAAAGCATTCGATTTGCGCGTCTATATCAGTATCTGTCGGCATCGGAGACCGTGAAACTTTCTACGTACACGACGCCCAGCCGCGTTTAAACTGTCAGTCGTTGACATGCCTATTGAATCCCCATCAGCGGGCATGGCAGAAGACACGGGACTTATGTCTATGTTTGCGTGTGTCTGGCTGATGCAGCTAGTGGGAATCAGTTGCAGCACGCGATATTACCACCCGGCTTGCCCGCCAGAGTTCATCGAACATGTGCTACTATCTGGCAGCGCGTTTTCCTGATGTAGTCTGCGGTCCGCTTGTTACTCTGGCTGGTCACGGTCTAGGTCTTTCTAAGGACTAGCACTATTGGGGTGCTGGCATACTGGGTGGAGTAATCCCAGGAAGAAAACGCAGAGAGTAACTATAGTGCGTACGACACTCCCCGCCGCCCACAGTTACTCAACAAGGAATCTCCCGAAGTCAGTAGCGGGTGACCGAGACTGTAACGCTTGATATGGGGGCAGGTACCATCTGCCATCATTGTCAAAGATGTTAGGAAGGAGCCTGGGATACCCCCATTACAAGTTAGGTTACCTTTGGGAGCCCTCCACTGTCGCATGCTTTAATACACAATGGCCAAGCACTTTAAAAACTGATTCGCCGACCCTTGAGAAGGCTTCCAGCCAGGGAGAAGCGCAGTTCTCCCTCAGATCCCTCAGCGCGCGCGTGTCGCGTTCTAGATGGGCAATGCTCGGGCAACAAGCGGTATACCTAGCTAAGCCCTGCCCGCTATCTGGTGTCACGGGTGCTTGCAGCCTGGCAGGATAAGAGGTTCGAGACACTCTAAGTGCTGCTGGTGTATGTTGTCGGAAAAGACAATTTGAGGTAGTCTAATGCGAAATGTCTAACGCAGGTCTTGTGTGGGGTGCAAGCCGGATATATACAAGGCAGCAATCGGACTAAACAAAGTGACATGTTGAAGGGATATGTTCAGTGTTGGACACAGAGTGTTTATGAAAAGTGACGCTGGTCCGTATACGAGACGGCCGAGTTACCACG,1463,50.58,Mus musculus
SEQ_988824,CCATGCGAGATTGCTATGAGATTTCTACTTGTACTCGTATTGCGTACTGGGGCGGGGCTGAAACGAGGTGTCTATCGCGGCCACCAGGTAGGGCTGGCACAATCACTCACAAAGCACGCAATGTTGAACTATGCCATTAAGACGGGATTCTACGTGGCGGTACGGGCAATTCGTTAGCGACGTTTACAACGTACTTCCTCGGGGTACTGCTTTGAGTGTTAACACCGTATATCGCGATAGAGGTATAGTAGTGTCGGGAATGGTCTGTCTCGTCATCGCTTCCATCCAAACGCTTTTCAAGTGTTACGTGAACTTTACGGTAGAGCTAGTTTGGTGTCTTCCCACGCACTCGCCGGGGGCCTAGATAACGTATGCCGTGGTTGAACCCGCGGCGTCCTCCAGAATGAAAGGTCGATCGGGACGTCTCGGACCATCGCGTCGAGTAGCGACACCATCGGCGAATGGTGACGTTGTTGTGCCTGATGCCATGAGTGATAACCTCGCGGGGAGAGTTACACTCCCATTTCCTCACCTGGTCGAACTCACCCAAATGTCAGACTTTCGTTGGCGTTCAGGTTATTCAACCTGGCGGCGTATTACTGTGCCGACGTTGTTGTGGAGATGTCACCCGTAAGCTCCTAGTTGCCCCTACCATCCGGGCGAGGCGAAGCCGGTGATTTGGAAGGGAGTTCTGTGCTCCTTGGCTATATAGAAGGGTACGCACCGTGTCCGCAATAAAAATATCCGTATAATACAGACCACACTCGCAGTGAGCTCCGACTTGCTTTAGAGGGATGCCTATGGGCCGTCCGCATCTCCAGGTCATACCTGCTCCGAATAATAGCAGAAGCTGAGGTTTATCTGCGAGCCCTGCAACTTCGGGGGGAGACCTTTCGGATACATCTCATTTGCCAGAAATAATACTCGTGTTTGGGGCCCCCGACGCTTATGCGACTGGACCGAGCCGGCCGTAAACTCAGTACGTAGCAATGGCTATAGGTCCTCTCAAGAGCTGAGGTGAGCTCCGACACAGATCCCCACCCCCAATTTTACTTATCACGGGTTGGGGAAACATAAGAGATCGTCTGGCCCGCTAGCCGCGGATTAATAAGGCTAAGAAGGTGGCAGACTAAATTGCTGTCGCAGGCTCATCTCCCGACACGCGTAGTAAAGCAGGTTGTAATGTTACGCGGTATGAATCAGACCCAATGTAGAGTTGAGACAGCTCAGCCATCATTCCATCAAACGATTCCCGAGTCGTGTGGGCATGTTTCAGGGACGGGCAAGGCTACGCAGTTACTTCAACGCGGGCCTTATACACTTTTAGTTCGCGTCACTCTATCCCTGTGTGGATGGTTGGTGAATGTACGTAGGGAGCTAACGATCTGATAGGCGGTACCGCCCATAGGAACTACTTATAGGTCATATCGCAAACCACGGGCCTGGACTAGTCCACCCGACCTTACCACAAAATGCGTCAAGAATTACGTAAACCTCGGGCAGCCTGTCTGCCAGGAAGTACATGTATCTAATACTAACAATTCGTTTATGTCCAATCCCTCCCTGTGAATCCCAAGATGTTGATAGTAACCTGTGGAGAGAGATGGTATTTACCTTAGCATCCAGGTATGCGCGCTGACCTAACGTAAGACCCATGGTTATGACATACGCAGTGTCCTTCGACAAC,1687,51.51,Homo sapiens
SEQ_938479,GCGGGGCAGATCCGGTCTATCTACTGCGTGAACCCCGCTAACTCTTCATAATGCTGAAGAAGCTCCTCCAGAAGGTCACCATACTCCGCTATAGTGCGTATATTCCGCAGGATTTATATTCACTGCTGGATCATGTTCGGCCGTAGGTGTCGGAACGGCTCAAAACCAGCAGATGGTTCCTTAGATATAATTGGGGTACAGATTACTCTCGGTGCTCATAGGTGCGGATTATGTGCCCAGCTGAGGTCCAATTGTACGCCATCGAAACTCGTTGGTTGCTCCCATGGATTCGTAAAACGCATTGAGTGGGTAACCCGGCGCGGTTGTTATCGATATGAAAATATTCGACAGTATGTCCGGAACATGCACAGAACGGAGGAGGGTTTTCTCATTTCTTCAACTTCTGCTTAGTGTCTACCTTACAAGTTAGCCAATAGTCATTGGGTATAGTTCCATTCGGCGAACTGTCGGCATCGCGTATACCCCCGATTGATTCAGAACCTCTGAATGATCGCGATAAGCTACTTTGGGCCATGTAAGGTGAAGCGAGCTTTGGCTAAGGTGCTGGGCGCCCACACGGGCTCTGGTCGTTGCGTAGCATCTTTCAAAAATTTTTCTATGGTCTTCGAACAACGATCAAGCCTTAGCTTTCGGCGGGTTAGACCTCGCTTACAAACCAAACGATTATTTCCTTGGCCCGATCTAATGGAGCCGCGAGATACAGCGGCGTTGTCACGAAGATGGCAGTAACTCCCGCAGACGGAGTGGGGAACAGTCAACTGGACTGGGTGAAGTCCGAACGGTCCGGCCTGCTTCGGGATAGCTTTGCTACATTGCAGCATCATTTACGACCTACGGTCACCCCCTGAACTGAATATGAAGAGCAACGTGGGCAGCTCATCTCCCAAGAAGAGTCGTGGGGTTGCAGGCAAAGTCTCGAATGGGACCCTTCCGCATGATTAGAATCTGCTTGAGTTCCATGCGTGGTGCACGACGCGGTCCCCTTCGTAATTATCTTTCGCCTGGCGTGCGCGATGTGAAACCCCTACAGTGTAGCCCACGAATTATTCCACCTCCGCGTGGGAAGCCCATTCCTTTAAGAAAGTTTACTAGCTGGTTGATGGCGACGGTTAACCTCTGTCGATTTGTCGGATGCAGATATTCCTAGGGAGTGATTATGGGTTG,1185,50.46,Saccharomyces cerevisiae
SEQ_226379,CACAGAGCAAGACAATGTCTGCCACACAGTCCAGAGCCGTCTGGGTTTGTCTGCACCTTGATAAACCGTTTTCAAAGTCACAATGAGATCGAACTGACACGATGAGTGCTAGTAGCGAAACTAGTCGTACCCTCTCTAACCCAGATAAATGATCGTGCGTAACGCGCGTGCGCCCGCACGAATCAAGCGCTTAACGTGCAGTTGCGCGATATCCTCCCCGGATATTAAGCCCAGGCGCACGGGAAATGACTACAGCGCCAAAATGTAGAAGGACCTACAACAGCTTCAGCCATTGTACTAGTAACGCCGAACACAGCGTTCTCTGATCTCAGAAAAGGTCCTCACAATATTCGCGACCTTCGTTTTATGGACATACGAGCCAGTCACCTGTTAAATCAGAGTTCGTCGTACCGACACCACACCAGGTTGTGATTTCCGCGTGGGGACGAGTCACTTGGGGCCATTATCCATCACACGGTGGAGCCTCGATGAGGACCGTGTCTGAACGGCCCAACTCTGGGGTCCAGGTGGTTGTCCTGAACCCGGCTTACCTTTAAAACGCGAGCTACGCTACCGAAAAAAAGTACAATAAGAACGCAAAGACCGCGAAAGCGAAGTGCGCCCTTACTTTCCCATAAATTCGGACCCCGATATGTACAATTAAAGCAGAGAAACGCAGTCCCCAACATTCAGTCAGGCATTACCGTTAGTAAGTAGGGTGGTCGAGCGTACCTACCTTGCGTTACCCGCCCACGGACACACTGGCACCTATTTAGGTGTGCG,783,51.34,Saccharomyces cerevisiae
SEQ_586767,ATACAGCAAGTTTAATGCGAGCACGAGATCCAATATCAGATTGCGTCCTACTAATATTAACCTTCTCACTTAGACAACTCTTCTTGAAAAACTACCCGGAGCTTCCATCCCAAAACCGACGCAGTAAAGTCGCCCCCCCTGGTTCAGACTACGCGAGTCTTTCACGAACACCCTGCAGTCAGGTTTGGTCGCCCCGTGTTCCACTATACCGCTGTAATAGGACACACATTCAAACACCGCGCTCATGGAGACGATTGTGTTCCCCAGTTCTGTTGAGTGGCATATGAGTAAAGTCGCGAACGGAACCTTTGAATCAATCAATGACCTGTCACATGTAGGCATACGGTGTCAGGTGTACGAACGACTTGGTAGTTCATATATAACGTGCTAATATGTTCGGCTGGAACGACCGATTTCGTAGAAATAGAGAGTTATGATGCACAGATTGGGTCGTACCAGGACTATTTTGCCAGCATAGATTTTTATCGGGCCGACCGGACGTATAACAAAAGCTCCTCTACATGGTGTCAGGGCCGGAGTTTCGAAGGTTGGCTTTACTTGTGGGCCCATGAGCAGAGGTAGGTCGAACATTGTGGTGGGCCCCGGAGGCTTACGTGCTCACAGCCATGTTGAACGACGCGGTTCATCAGGTCCAACGATATTTCGCTTGGCCGTGCTCCACACTCGGTGTGATCCCTTCCTCGTTCCGAGGTCTGAAGATCGAGCAGTGG,731,49.66,Homo sapiens
SEQ_105534,CATTACCTATTTAGGATGAATGATGCGACCTTCTGATACCTGCCTGCCGCACTTGTAGGTCGGCTTACTATGGACCAAGAGTGTTTTGCGCGAGACGAGACCAATGATTAGGTTCGATCGGTTATATAGCCGGATTCCTTGCTTCGGTGGAGACATGAGCGATTTTCTTCGGATAGCTAGCGCCTGCAAGCTCCGAACACAGAACGGCCCAGGCAACCTTTACGAGAGGTGCTATATACATTAGGTGCA,249,49.4,Caenorhabditis elegans
SEQ_801486,TGGTGTCAGTCGTTTTAGAGTAAGAGTAATATATCGCTATTATGACATCGTGAGCTTCTAAGAGAGGGAGAACGGATGTTTTCTAGCATTAACTCCCCCGAAACTGTGAAATGTGGTTCGGAACATATTTGTGGTGCATCTCGAAAGATTCCCTTCCACCTATGCCGATGCGTAGGGACCGATACCACCCACCGGGCCCCTAATTGCAACGTGCTGCGTTGGACGAACTCAAGCTACGTCTATCATCGGCAGATCGTTGCGGCCTAAGGACGGGTGCCCGAGCACCGTCCCGACGTATGTACCCGTCAGTTTGGGTCCCTACATTCTGTCGTGGCGCCCGAGTCATGGTCTAGCACAACCCGCTGTCCTATGGCATAACAATGATACTAATAAGTCTGCGATGGCAGTGGCCTCCACATATAATATCATCGGATGGGATGATTCTCGCTCCCCAATTAGTAAGCCGCGGTCCAGATCCACCCAGAATATCAAGAGGCACGCTCACCAGCTCGGAATACCGTGGGTGGGAGTCCTTTTACCCACCTGACGACGATTACGCGCAACCTTCTTTTTATAAGTGCATGTATAGATAGGACCCCTCACTGCAGTTGTCTGCAAGGCCTTTGGGGGTTGTCCTAGGGGGGATTCTGATGGTCATGATCGATGGGCAGGTAAATCGCTTGCCACCTAGTTGAGAGTTGGACAGTACAAACAAGATATATTGACCGCCAGTAACGTTGTGCGGTGGTGCTGTTTGGGGTAACGACACCCAATAGCAATTAGGGGGGACTGTGATACTCAGAACAGGTGCTAACAACCCTCTGTCTTAGGCTCCTATCCTCGTTTCGTGTGCGACACTCGCAGATTAGGGAGCAAGTCTAATAAGAAACCACATTTTAGGATTCTGAAGACACTGTGCTAACGTCGTATATCACTTGGCTTTAGATCGGTATCCAACAAGCCAGTGGGCTCCACGTACCCCTATTATGTTCGTTCTTGAACGACTCTCTTGCGCCAGTTTTGACAGATGATTAGTACTTGATAAGTGATGTGCATCGGCAGGCCAGAATACGTATATGCCATCTGGCCAGAGATGTACCTATTAGCCCCCTATGTGCGTAGCCTGTGGTCCGGCTGCACTCGTACTGGCTTATATAGCGAGGGCGTGCCCCAAAGGCTTGACAGTTGCTATGGGGGCACTGTCACACTCCGAACCCCTGCCTATCAATGACTCTGCAATTTTAAATCACTAGTGATACGGACGTCTAATGAATAGTTCATCTCGAACGTCTCGCTCTGCGACTATCTCTGTTCTTCCGATCTTCCCCCTTGCGACGCTGAACGTGCGGAGCTGCCTCTGCAAATGCAGCCAACAGTGGTTGCGTCGGATTTAGAAAGACCCGACGGGCTCTCTACAACCGTCCGTCGTATACGACGATGACATGTTACGATTCAGTCTTGTACTCTAGTTTCTTCGGTTGCACGCTATTTGTAGGGTTTATGTAGCGTTCGTGTGTCAGACACGCGACAGGGTCGTGTGTGAATGTACCGAATCTTCAATCTGCGGCGACTAGGATATCGGATATAGATAGACTTCAGCCTTTTGAATTCCGCTAACAGTGGGCTCGTCTGAGCCGCGCGAACGTGAAACATGAAATCACCACCCGCTGCAGCTACCTCCGCTATGCATTCTATTAGAGCAAGCGTACCCGGGGCTTCAACTGGGTTATTAGAATCAAGCC,1742,50.17,Arabidopsis thaliana
SEQ_202139,CACCGCGTGTGAGACAGTTAGAGGAACCTGTCGCTGGCCATTTTGACGCCGCACTCAGATAGTCACCGCGACCTATTATTAAAACTTGGTTCAATTCTGCTAACAGAACCCTGAACTACCTTTAATCGGAACCCCTGACTTCTGTCACACAGGTCCGCATTTCCAATCTATTCACCAAATGCACGTTGTCCTCCTCGTGGCAGCACGCCAGTGCTAGCGTAACGATATAAGAAGCGACACGTGGTGCGACTGCCTTTGACAATTGTCCGATCTCACGCACGATAACTGCCAAGGAGTCAAGTGGCGCCAATTGCATCCGCGTACCGAGCATCAAGATTGGTGGTAGCGACGTCCGCTCGAGTTTGAGTAACATAAAGGGACATCAGGGTATAAATTCCGCACAGTAGGCTCATGGCGAATTTCGATTGCAGAGTTAATGGATAAACCATAATCGCCTAGGGAGCTTAGTGCTGCTTGTAAACAAGGTCCTCCAGCCCCTCCTTTAGCCAATGTAATCTGGAGAAGTTTTCAGACACGCCCCATTGCCGTAGCAACATACCTTCGCTCGCATAGTGACGATGTGGTTATGATAGAGTCTCGTCACCTACTTCGCCTGACCAAAGAGTTTCTTCATGAGGTCCTCAGAGATTGCGCGAAGGGTCACTGTTGCTAATGCTTAAATCTTAGCGAGTCGACGGTGGAGACAGATTTTTACCATACTGTGGGCTTCTTCAATCACAAAGAACGGTGATTGCACTGAGGCAAGTGCGATGTATGGTTGAGGAACAGGCACGCCGTTACGTGGACCGGCTGGGTTATCAAGCATCTGAGAGGGACGGGTTACATCCCCATGGTGAGTAAGCATTAAAGAAGCCGCCGACCGGGAGTTCTGGTCTCCTGAGAGTGCCTTAGAGTAAGGCA,921,49.95,Drosophila melanogaster
SEQ_610034,TGCGCAGAATAACAGGTTTCATAAATTGCTACATAGCCGCCACCCGGCCAAATAGGACGAGTTTGAAATCCCCACCAAACAATCATGGAGACAAACAGTTTCCTCATTGACATATAAGACGGGATGAATGATGAGACGGAGTTGATTTCGCTAGAAAAACCGATCCGCGATATCTCAACGTCACCCCTGTCCGGTGTAAGCAGGTAGTAGTCTCCACCGCCCGCATACATAAATTAATGACGTACCAACATTTAGCGGATGACACTTCAAGCGATCGGTTCAGCGAACATCGCTAGCACGCGAAAAACGTCCTGAAATATCGGCAGATGTTCGGACTCACAAAAACGCCCGTTTCATGCAGGCAGCGGGGCCATAACCACGTTTCATTTACCGCACCCTCGCATATTTTGCACGGGGTGTCGTACGATTTGATAAATCTCCAAACAATACGGAGTTCAGCCACGATCCACGTCTCCGCAAAGGACCACCTGAGCCGAGCACTTCTGCATAGCGGCACCTGTTCGCCGGCATGCCCGATAACTCGCAAACTTGTATCTACCGGGGAGTCTGTATTCCATCCAACTGGCACCCGTCTTTTTGTTTCTGTAACCGGGGACTTAAGACGCTACGTTGGAGCCGTTTAGACCCATGGACGGACAACCGGTCCAGGATCTTCTCCATCTACCCACCCTCCACTGGGCCAAGCAACACTGCCACGTTCAAGCCCTTGTTGAGACATCCGAAAAGCACGTTTTTTGTAATGGCGCGTCCTTAGCAGGATCCTGCCTGGAGGTAACTGTTCACGTCCTATGGCGATGGAGTCGCTGCGACTAAGACAAAAATTACGTTACTTGCTTTATGAAGTAGTTCCTGGAATGGACCGACGTTCACCAAACATTTCATCATACATTTTCCCGGCGGCTACATCCAAGTGGGGCAAGGACGGCGGGCATAGGGCCTTCTGACAAGGACTACTAGCTCCGAATGAACTCCATCTTTGCTCGTATCCTACATCACCATACAAAACGCTTGATAGTCCCGAGCGTAGGGATGCCATACTCCTGCGTTTACAGAGATACGAAGAGGCGTCCGTCGTCCCAGATCTCGTTTAACGGTGAACTAAAGCAATATATGCTAGTCCGCGGTTACGGGGCCACTTACCAGGTCTATGTATTAATGCGTGTTGAAAGCGTGATACACTGTGCCCACTTGCCCCAAGACAAGCATTGGCCTCAAAAACGCCGCGACCCAACACGACCGGCACGTCAAGACTAGAGGAGGTATCTTTAGATCGTCATGCAA,1302,50.31,Drosophila melanogaster
SEQ_834484,TTCGTTAAGTAGTTGTCGCCCGGATGAATTGGACGGGGCCGTGTTCGGTATTAACGGGGATTTTCAGAGTATGAAACGATTACAATAGTTTCAGCTCCGTGAAAAAGTCAGGATGTATCGGAACGAGTGCGTAAAGTCATGGTGAGGACGAGTCCGCCGGGGTCAAAATAAAAGCAATTTCCCAATCGGAGTTAGTAATTCGGGCTGTACACAGCGGTCAAAACGGGCACTTTATAGGTTTGCTACAACTGATCTTCCAAGAGGAGATGAAATCATCAATCACGCTTTTGAATCATTAAGGTGAGACGACGACTGGTTAACTGGCGTTTCCAAGTGCTCTCACGGGACTTTATAGCAAAATGTTATGTTATATTTCCCAATCACGCCTAGCGCAGCCAGGAGGACCTTTTGACGTTCGCCATAACCTCCAGCCATTAGGACTATATTCACACAGCCAATCCAAACTCACTCCATCCCTATTGAACGTAGGGCATATAGGTACAATTCCGGAATCCACTACACGGCATTTCATCGACGTCAATATCAAGATTCTATCCGGCGTGTGTCCGTCAGCACTACTATTCCTCATGACATACTCTCGGGATTCATAGCTCCGATGCCGGGTGTTGAGTTTTTTAACTAATAGTGTTGTGCATCGGGCCCATGGGATGATATAGAAGTACGGAGCTCTACTCGGCTGGTACTCGTAGCCTCGTCTGCTAAACAAACCGCAACGTAACCATTCGATTGGCCAAGAGTTCGAGGATGCACCGACCATCTCTCCATGGGTGCATTTTATTGGATTCACGTAGACATAGTCCTAGTACGCAAATCACATTTAGTGGGCTCAGGATGATCAATGGGGCTC,868,46.54,Caenorhabditis elegans
SEQ_500003,TTAAGGTTCGTCTCGGGAGAGTTACTTCTCTCTCTAACACCATGCTCGTATTTCACTACAGTTTGCCCCCTTGGGCACGGTGTGGTCTTAGGAACATATAGAACAAATGTCCTCGTAGGAACGCCTGTAAAGGCACAATGTAATCCGAGCAGGTCCGGAGAAGCATCCGGGTACTTCTCTGGTAACCTAAACACAATAACGATTCCCACTAATAAAGATGTGCGGATACCTGTTGCTAGCGTAGGGGAACAAGGGAATGAGGCCACCCTATATCATAGAGTCCAAACATCATAGAAATAAGATGGCCCTCCAAGTAGCTTAGGGTCCCAACGTGAATGGCGTTACTTAGTACCAACGGACTACAAGTGCTGTATAGCGGTTGGTGATACCACCACTAATCCCGCACGCCGGAGCTGATATTCCCTCACCAAGGCGGTCGAGACTAAAAATCTTGTGAGCTCGTGCTAGGCTGGGGGCTTCATGTTACGTTAAATTCTTCATACTCACCTCCGCCGGAGACGATTCCGTCTGATCTAGTCTAACCGAGTC,549,48.63,Escherichia coli
SEQ_388320,TTGGGTGCGCAACGCAGAATATTAATCCGTCAAACGGTCGTACGAGTTACGAAAGCGCAAACAGGGGCCTGTACATCCTGTGTGTGTGTCCCGACGGTACCAACTTACAACCAGTGACAGGTGTAATATGGCGCGCTCGAGGACACTTACAAATCTAAGAATCGGTGAACGAGCACCTTTTGAGTCGCAAGCTAACTAATCGGGAACTTACTCGCTCTGAGTGCACCAAGATTTCCTCTATTGATTACAATCGCGCTGGCGAGGATATACCACTCAAAACACCACTGCTGTCGTGTTAAGCCTGCGTTTAATGTCTCCTCAGCGATGACTGAGAGTTTGCGTGGGGCTTTTACCAAACAGATCCACGTGCATTAATCTTCTGCGGGAGTTCGGCGCTGTGAATTCCGTCCTAAGCCATGCAGAAACACAGGGGGTCGCGATTGGCACCAATATACCATGCCGACTGCTGTTCTATCGCGACCCTGGGGCCATAGACACGACAAGCCGTAGTGACGTTCTAGAATGCTCTAGTAAAGCTCCAACAGATGCCAATTGGGTGGTTGTTGACGGCTTCATTATTTACTCTACGGGCGCACGCTCGGTTGCTCCTCGCCTCATGCTGGGGTGGCACCTGTACCTCGTAACAGTGGCATTTATTCTCCCTCCGGTGCCTTTTCGATCCAACTCTCTCAGGACCCTAACCTAAATGAGTTCTGTGAGCGTATTGTGGCAGGGTCCGCAACGGTGTACGTTAACCTATCATGATCGTTTTCTGGGTCCCGGTTAAGATACGATAACATTAAAAAACTGCCCCCGAACCACCGCTGAGCAAATGGGTACGTAAGTCGTCCACGCGGCGGAGAGATCCTTGTTGCAAGAAA,881,50.74,Drosophila melanogaster
SEQ_139431,GTAAAAGTTCTACTTAGCAGACCAAACCTTAGGACACCTTCGGACACGGGTTCCGCCCTCGCCTGAAGGTAAGCTCTAATGTTAAGAGATGGGATTCACCAATATGACCTGGTCAAGATATTGGTCCGTCTAGCCAGAAGGTATCAATTACCTACGGCATACCTGGGCAGCGGGGTGATCGCCAACCGCGTTGAGGATATGGAAGGCTTCAGCGTGCTGCTGGCGAACCGGTTCTTCGCCATGGGCAACGTTCGATGAACTTTACTACAAAGGCCGGTTTCACATAGAGGACTTTATTCAGCAGCTTCCGTTCGTTTTGAATTTTCATATTGCTAGAAACAGTATTCTGCGCAATTCCAACCTGATCAAACGTCTCTTGGCCAAGAATCTGATTCCCGCACCTCTATACACATTAAGGTTTGAAATGGGGACTAGTGAATCCAATAACTCATATCTACGCCGATTGGCCATCTTTGAAAGAGAAGAATAGGCTGTGTGGACACCGGTTACCGTTGGTTTAAAAGGTCGAACAATCGAAATACGAATCTGCAACTACTGAAGCCAACCGGGTACAATACAACAGACCAGCGGCGGGGACTTGACTCGTAAGCAAAAGGTTTAAAACTTCTCACTCCGGTACCTCTGTCCATGTCGCAGCAACCGAGGGTTATCAAATGCAGTAAATATCATTGGCGGAAGCATAGAGACACGGGAGCAGAGCGGACGCCCGCTAAAGCCTCACAAAGTTAGAAGGCCACATAGTGCGATCCTGACTAGTTTTTCAGCAGGCAGAGAAGCGATTTTTCTCCGTCCCGCACACATTCTGTACGCTTGCAGCGGTCACGTTAGGCCACGATCGACCGAGAAAGATCCGCGGATACTTTTTCCGGTTGGCCTCGTCTAAGCTACCCTCATGTGTATTCCTATATCGATGTCCAGATCCTGTCATGATAGCATATGGCGCACAGTCAGATGCACAAAGTGCTTCCGTGTTATAACAAGATGCTGCAGTGTCGAACCAGGTTCGACGCCAGATCACTGTGGACTCGTGAAATCCTAACATTTGTACATAGGACCATGGGGGAGTAAATCGACCTTGGAATCTTCCAAGCACCTAATCGTATAGGTTTCTGCAAACGACGTCGAGACGTACCGTTGTGTTGTGATAGTCTGAGCACCTCTACCGAGTACACGATACCTTCGGTCATGGGTCTCTCTTCTCCTTCCTGGTCCCGTGGAAAGGAGGCATTCATTCCCCTTTCGCGAGGCCTGTCCTTCTCGTATCGTTCCCAAGCAGGTAAGTCTTATAGATGACGTCGTGGTCACCAGGGCGGTCATAGAACATCTAGGTGAGCTATATTAGGTGCCACTTACACTCCGCTCAGGTCTGCCAGTCTACTTCGTGCAACGTACATTAGCCCATTATGCTTGACTGTACGTCGGGAGCAGGACCGGAAACACGACATCTAACCTGTAATTTCGGGAACACAGACCTTCTTCCACCAAGCAACCTCACGCGCGGCTGCTTTTCGATGGACTCTAGACTGAGACTTCTTTGGTATCCAGCGATGTTTTTACTATGCCCAAGGACGCCTAATAACGTGTAGTAGCCGTTCTCGGGGAATATGGAGTTAGCTACCAAAATGGAACAAAGCCATCCTTGCCGGTGTATCTGTCATTTCCTATAATAAATGTCGCATTGCCAATAGTTAGAGTTCTATTCTTCGCGGCGAGTCTGTATGCAAGCATCCTCGCCCTTGGGTTAAGAGTGGGTGAAGTAGACCAACAAACTAAAGCGAGAAGCCGCGTAGTGTCTATCTCCCGTATTCTCAGATAATCTGTGAGTGGGAAGTGTCAATATGGACAGGGGGGGGGAGTACCT,1882,48.72,Arabidopsis thaliana
SEQ_260017,AATATGTAGTATAGTGTTGTAGGCAAATCGAGCATTTATGATATGTGGGTATAAGGGCGTGCTTTTTCTTTGAGCGTGAGCAGGCGTATGCATGGCCCCTTTCTTCCGTCAAGTATAGCGACCAGCGATCAGGGCTTCGAAGTGGTACTGGGGTCCTACACTAATCTTGACCAGTTATTCTATGTGGAAGGATACCTCAACACTCAGGGTTAAGTCGAAGAAGAGTAGTCAAGTGGATGTTGGTACGTCCGAGAGGTCATCTGCCGCGAATAGCCCGTTGCAAATTTCTCTAGCACCGTTAGCGTAATACGCAGTAACCTCACCGGCATTACGGAACGCAGGTGACGCCATCTAAAATAGGGATGCAAGAGGATAGGGCCGCCCGGAACACTAAAAATTGATAACTTTTGTTTTAGGTGGTTCGATTATGAGCTGGGTCGATGGTTCTCTTTTATAGTTTGACAGGGTAGGACCTATTTTCTTTCGGAACGCTGCGCAGAAGTGGTGCGGAATGATATCTAATCTCTCAATAACCGATCTGCTACTCCCCATTCGAACACGCACTCCAGATGCGAGGAAGTTATTAATCGAAGACCCGTAACAAGAAGTTTAGTATTGGCTCGTCACTGGCCCGCGGAGGACATACCCGTCCGAAGGGTGTTAGTTCAAAACTGCTGCTAACCCCTACATAACATTAAGAACCACGGTTGATCGAGAGCGGCCGGGAGTTGCAAGGGTTGAGTCAACGTTGGTGTGCTACGCACCTTTAGGTGCAACGGGAACCAGGTTCACGGTTCGTAGTACCGTTTCTGCGCTGAAAATAGCGCATTACCCCTTGGGCAGATCGATTCGAAATGTTCGTGGTGGCATACTAGTAAGGAATTTAAGGTTACATACCTTAGTGGTAGCATGGGCACTTTAAACAAAGGGATTTCGGTGTAACATAAAAATTGATGTGAAATGGACCATAGGGGTCGAACAAGGAGTGATCGAGCCGCGCGATGACTAAGACAACTTGGCTCTCCTTCCCCCGAACCCAGAAAAGAGGTAGTAATTTTCGCAATGAACTGTCATGGCCTATTGTTTCTGGCTTTCCTTTTGATTTGCCTGTGCCGGGTAGAAGGTTGTTTCTCTGGAAAGCGACATCGTGTCTTCTACCTCCTCTCATCATTGTGGACTGGTTACTAAGAGGTGGCTATTAAGCCTCCAAAATGTTGATCGACAAGCTAAAGTGCCCGCTGACCTAGAACGGTGTATCGAATGTTTAGATAAACCCCTGAACTCATGCACCCGGGGCAACTCGTCCACAGTGTTGACCGGGTCTGCACTTTCAGCCCATCGCAGAAGCGTCCGGTAGTAC,1360,47.87,Drosophila melanogaster
SEQ_945879,AATCGCAGACGAGCTGAACAAAGTTTCTGATCTGCCAATCTGCAAAGTACCTTACCAGGATAGCCCGACAAATCCAACATCTGGACCCGGCCGCGGCCCCCGATGACTATATTGGAAAACGAGTACTCTCCCGTGGAACGTGTCAAAGCTACTATAGGGTGCCTTGGGGGGAGGAGAGAATGGCAATCAAGAGGGATGAGACAGTTCGTATAGGTTCCTCACGGAGATCAGTGCCCCAGGCATAGCTCACGTTTGGTCCCGCATACCCGTCACCAGTCTAGTCGGTGAGCAGAGGAAGAATTAGCGCGTTCGCTCCCCGAGGGCATCCGACCGATTAAACACCGCGTCTCGGTGGGGACAAATAGAACATCATCAATACGAAATCATACAGGCCGGTTTTTGTAGTAGTGTCAGTCCCTAATACACACAGCTAGCACAACGAGTAACCCAATGGAGATTTACGCAAATCAAGGATACCGTCTAGTAGATTTTGGTAGGCTATGGGATAATCATCGATCGAACGTTGTCTACGCTGCCGAATCTTAACGAACTTCGGATGCACGTCAGCGAATGTGCAACGTGACGAGCATGGATAGGGCAATGCTGGGGCAGATTTTATCCGAACCACTGTTTTGGTGAGCGGCCACTATCGTATGCGATGTACCGCGCGTGTTCAAGCTTGTCACCCTGCAAGCCTCTCTGGTATAATAATGTGATTACGAATTACAACGACTCCTTGCCTTGGTAGCTCCACCCCCGTAACCGAGGAACTATGGGATTCTTCCCAATCGACACTTATTCGACATAGGTTACGGTGGAGGACTGCGCTTGGTACCCATGACGACCAAGTGATAGGTTATCCCCTGTACGTTATTAGGTCATAATGTCATCATGACGTTGTGCGAGTGAGCAAGTGATGCTCCACATGTACGAGGGATGACCTCCGCAACAACCCCTGCAATCTCACAATTGGCGATATAAAGACAACCGG,991,50.15,Escherichia coli
SEQ_458854,TATCTCTTGACCCGAATTTATCTCATTGTATATCGGTCTAGGATACATAGAGCGCCCGTAATTTCAAATAATTCCAGCGTGGGATCGAATGGAAAGGGGCTTCTCGTCACGTGGCGATCGTAAGCAACATATAGTGTCTTTCCGAATCGTCAACCTCCCGCTTATGCTTATGGGCCCCGACATGGGAAGCTGTTCCTGCGCCCTAAATGACATCCATTTGTTATTACTGCCATGAACCTGTACACAATCGGGGAAGTGACGGCTAAAACGTTTGTATCAACAGCGCTCACGATTGGTCCATTGGGGCCGACTATGCCTGGACAGACATTTCCCCAAGTCGCGGTCACTCAGCGTCAGTAAGCTTTTGCCGAGTTGGCTTTTTATTGGGAGTATTATGTTAACTGGCGCCTGACTCGGTGTGAGACTATTACGAGTTTCCCAGAAATGTGACCATGGAAGGCTTCCGGATGTTACATGCAAGCATTCAGTTAAAGCGAGGCCTTCAATCTGCATTCGACTAACTAGTAAACCAACTAAATTCGCATGCCATCGCGCTGATAATTGAAGACAAAATGGATCCATGAGATTGCATAGACTCGTTCGCTGTCACTTACCAGACCTTTGGATCCAAAATTACATGCCTACACCATCGCTACGAGCCCTCAACCTTCGGGTGAAGAGCCCGAGCACTCTGGCTATCCGCAAATGCGGGTGGAAGGCAAGACAAGCCTTTCGGTCGCGGAGCCCTAGGAAAGGAAGCAAATAGGCTTTACGACCAATCAGGGAATTCGCCGCCATTGCCTATAGTTGTGGATAGGATGCGAGTACACCTCGCCGCCTTCAGAAAATTACATTATGTTTAAAAGCCTTACATGCTTAGGAATTATGGAGTGCACGCTTCCACACGCCTGTAGTATGTCTGTAGGGCGCGATTCTTCACCCATAGTGCAAGACGGAACACAAGTGTATGCTTTGGGGAATGAGAAGTCGGGAGAGCACTGTACAGCCCCCTGTACTTTAGGAACTTGCTCTTTAGTGCTGACACCAATCCTTGTCAACGTGGTCAGAACATAAGCGATCCGCGTCCAGGATCCGCCTCCCCTAAGCGTGGCGGCGCAACCCATCGCCTTTCCAGAGCGCGCCTATAACCTGGGTACTATTCCCCCGTGGAACGGATTCAAAGTCCCATAGTCTAATCTGTTATGGTTGTTCCGCTGCTCGCGAACGCACTCGTTCCAATCCTGGCTGAGGATTGCCTTCGAGAACTAAAGGATATCAGGGCGCTCATTATGCGGGCCCCCTCCTATCTACGATGGGTCTACAAATGTGATCTACTATCTCGTCATCCCTCTACTTGATTGGATCCGCTCCTTTGCTCCCATAATCCGAGACAAAGTCTACCTTTTCTTAGTATTAATCACCACCTCGCGTTCTTCTCGCGCAAAAAAGCTCAGCCCATTGTAATTACAGATACACGCTTGGATTTCCTCCGGCCCTCCCGCTTATTCGCTTACCTATACCTTTTCTTTCCTTAACCGGCATCCAAGGGCCCAAGACAGGAGTTACTTGAGCTGGAAAGAACGGCTTTAG,1590,49.12,Saccharomyces cerevisiae
SEQ_275099,GGTAAAGCTCGTCCTGACGGCAGTGCTTGTTGAATGCGTGATGGGGAGGAAGGAAGGTGTGACAATTACGAGTACAGCTGTTGATTAGTCGCACTCCTGGCGGACACAAGCCGGTAACACCGGTCATTTTTCGTAAGTCAGACACCTGCAATCTTAGTAATTGCGTCCTGCCGTGTGATACAAGATGCAAAGTATTTCCACATCCCTAAGTAAACAACCATGTGCATGTTACGACGGAGGTCAACCACCCGAGAGTCGCCGAATAAGCGTCTTGACTCCTCCTGCCCTGATCGATTTAGGAAGGGAATCCTAATTGTTCGGACTGCATTAACGAAACCGGTTCACTCGGATATTTAAAAGAACATCATTCCATACATAGACCGTGCATACGCGCTACTCCCCGTAAGAAGCTATCGGCAATGCAATGTGCCGCGTGAATTAAATGAAGCGGTCACATAAATCCTGGCATAGTGCGGGCTAGAACACGAAGCAGTAATATGGTTACCTTACTATGAACATCCTAGGGTCAAGCACACCGGGCAGAAACACACGCCTACGTCGTCTCTTCAGCCAACGTCATTCGCTCGCGGCGAATCTCCCCATCAAATGACAAAGCCACCGTTTACCTGCTTTCACGCTCATATCTCATTTCCAACAACACTTGCTGGTTACACCAACACGTACTTGAAAAGTTAGAGTACCGCGCCGCCTGTGTTTTAACTGGGATGGTCACCTGTAGCACATCCTATACAACGAAATGAAAGACCGTGATATCACAGGGAAATTTGGCTTTCTAGTTACCTACATATCCACCGTTTATATAAGATCTGGATTTCTTGAGACATTTCCACCCACGTCCTAGAAGGGGTTTCTTTCGGTATTAATACGCTTTTGGAACGAGCACTCTCCAAATCGTAAATACAAGCGCCATATTGGGTATGGTAGGTACCTTAGCACGCGGCTAGCGCGGTTTGCGAGGTGGAGTATACCCATGCTCCTCCCTTGCAAGTGTCCCTGCTACGGGCGCGCACCGTGTTTCGAGCAGGTGGACGCCGTGGGCAAGGTGTCAGGCTGTGGATAAGTACCGTGAGAATTGAGCACGTTGACTTCGCCAAGGTCCACTGGGATACCGCATGCAAGTGTGCATCCTGACTCGCCACAAACCAGACGTGTAAGGAATACCTTATCACGGAATATATCACACGCTTAACGCATAATATTCGACCACCTACAACACGTCGGGACTAATCAATCGTCGTCCAACCCGCTCAGGAAACTTCTACAGGCCAAATTACGCATCCTAGGAACCAGATATGAATACTTACCATAGTGAACATAGAAATGCCTACTGTGGACGTAAAGCAAAGACTGGCCCGGGGCGCTGAAGTACTCCCGATGAACTTCTACGTCTAAATTCAAATCCAAACAGAGTGCCCGCTAGTGCTCAACTCCATTGGCGTGCCTAGGCCGGAGTGGGCTCCGTGCCTCGCGAAGCTTCGCCGCTAACACAATATGGGCTTAGTGCAGATAGTACACCGACCGACCGGTAAACAATCTGAGGCTCCCGAAATTGTCTGGCTGATCAAGCCGCCGCCAGCTCTCGGCCTTTACCTTACTTTTGCTACACGCCGACAACACGGACCCAAACCCACGGAAGTCGGCGCGATCAAAGAAGCCGACTTTACCTTTAAATTTTCGGCACGCTCTGATAGCTCAGTTGATTACCATCTATCGCCGACAGACAGCCATCCCGTGCCAAATAAACTGGGCTGACGACGCAGGTGCGG,1787,49.86,Arabidopsis thaliana
SEQ_226935,ACTCCCAACACTCTCTAATGGTGCGCTAATCGGGAATTCTGATGCATAGTTCATTCTCCAAGCCTTTGTGTTGCAAGACTAACGCGGCCTAGTAGCACAGTCCCCTGCAACCAATGCCGGGATCCGCAACGGCCGGCCCATAAGAGGATGTTGAGTAGTACAGCGGCCCTTTCCTCCTTAAACTACCAAGATGCTTCCGAATATGGAAGACGGGCTTTCCTAAAAAAACTCGGTGTGGGAAGCCTAGATAATGCTCAAAAACCCAAAGACCAGCAGTGCCTTTGCAACCTGTACGCGACCGCCGTCTGGGGTGATACATTAAATTTCCAGGGAACGCATTTCCCCCCTGAGTGATACTCAGAGTGGCCAAGGGGGAACCACTCTGCTACGATACCATTTTGCACTGCAAAGGAATTATTGATGAGGTTCCCGACCGCTCGGAGTTATTGAGGCGTTAAGGGACGATGTATTTTCGATCGCATTGCCGTTATAGAACGAAATCACGGGTTATGCTACCAGCGGGAGGACAGCAACGATTCCTCGGAAGTGTCCGCGGATGATTAACCTGGACGGCTAATTATGAAACCGGGAGATCTAGTTGTATTACTCCCTACTAGAATCTTAATCCCGGGTTCCGGATCGTTGACCCGTACCTCCCGGCTTGTGCTTTCTATTCAGCAGCTTGGGTATCAATACGGCGCATAAGCAAACGTCAATACTCTGTGCTCTATCGTCTGGGTATACGGCACAGGACTCAGAACGTGGTGTACTGGAGCTCGATTTCACCTGTGGTTCCGCGGCGTTTCCGCTCGGGTTAGGAAGATCTAAGACACTACGGCAAGCGCAGTCTACTGATCACTGGAGCAGGCCATCGGAACCTCATTACGTGAGACTACTTTACCTTAAGGCACACGCTTAGCCTTTTCAGGGGTATGCTCCTCCCGTCTGGAGTGACTCATCCAGATATTCCTAGTCAGGGAATCGGATTGAGAGGGTTGGTGAGCGGCTATCACCCAAAGTCACGATGACCACCCCCGGGAACCGGCGGCCTCCAGGAGGCGGACTTCCTTGTTTGATGTGCTAGCTACTCTGGCCCTATCGGAGGAACTTAGACCACGGCTCACGTA,1127,51.73,Saccharomyces cerevisiae
SEQ_692420,CTTGGTGTGGGTAATAACTAAGCCGGTGAGTCACCTTGCCTTCGCACTGCAATTGGGTGATGCCATCAATAGCAAGATCCCTCTACATATTCTACCGCGAGCAGACAAATTGAAATTACTAGCTAGCTCAAAGCACAGGGCGTGCGAATTTACTGAGAGGTAGCGGTTTAGCCCCCTTGTCTCCGACGGGGGGCGTGGCCCGCCGGAGGCGTTTTATAGATAACGCCGTCCCTAAGGCTGGGCAGAGCGATCATGCAAAAAAGGCATCGTGAGGCATAGAAGGGTGCACCGGTAGTAGTTCCGTGGGAGACCGCAGGTGTCTGTCATTTCAGTTTCGGTCATCATTCACGCTATTATTCAACTCGTCGGGCTGGCTAGTCAAGATCTGAGTGAGTTAGGAAACGTCCAGGGTGCCAAAGCATTAAGCACAGAAGTCGTTTCTGACTACGTTCCCATTGTGCTCTGGTCGGATCATCGTACTGCCAGGAAGAGGTCGGGATTGTCCTAAAGGTTTCAACGTACCAGCCCTCTCGAGTAAGATAGGAGCACTCACGACTGTGGGCGCGGGTGTTACCTTATGAGTCTAAGGGACACGTCTTAATTACGTTTAAAATGAAAAGTAGGAGGAATGTCCCTGTCACTAGCCCATCCGAACCCCTCGGATTCAGAAAAGGTTGTGGAATTGCCCTGGCCCGTAAGAGAAAGGAACTAATATGAGTACCGCTGTCTCCAACCGGACATATGGTGAGCTCTTCCAATGCCTAATGTCGTCGTGAGGTTTGAGCCCAGGTCATGACTTAGCTCTGGGACCGGACGATCATATAGCGAAGCCACTTGGATAACAATACTTTACACGATGTACCACCTTGGGGTAGGGGAATAAAGGATTGAGTAAATCACCTGTTTGATGCGAGTACGTCCCGAGGCCGATCAAGCTCTCTCGATGCGTAGGCCCACAGACTGGGTCCCGCCGTAGGCGCTTACGCCACGGCCTCACCCGACCTTGGCGTGGGTCGAGAGGAGACACTTTGGCTCGACAAAAGGGGCTATCTCAAACAATTCTAACGTGGCTAAATAATGAGTCCGGGTGGACACCCGTCTATGCAGTCTCCTTCTCCCCGGTCAAGTTCGGCCCGATGGTGCGGTGACATCGGAGTTTATTAGATAAGGCCAAAAGCTACAGCTCGAATAATAACTGATAAGCTAGCTTAGGTTCTCCTTTAGGGATCAAGGGGTTTACAGATCGCGTGCGGACTCTGGCGCAGTGGCTCACCCCTGGCTGTTCAACGGGTTTTGAAATAACGCATGTAGAGATCGAGCTCACCACATGAGCGCCATCTTGTCTTGACTCGTCCCCGGTGATTTTTGCCGGCTCGACTGCATGTCAAGGGTAAGCATTTTAAGATTCCCAGATATGGCACCTTCGTGCCCACTCAGAACAGATATGCATCGTAAACAAGCAGATTACGACCTCCCACGTCACCCGTGTCGTCCTTAGTTAGCATGCCCCTTTTTCAGAACCCTAGTGTGATTGTTCGGCTCCGACACTAGTCATTGTCCACCTGTAGGACAATTTCCCGAACGATCGACACCTTGGCGAAGAACCTG,1608,51.37,Saccharomyces cerevisiae
SEQ_768783,CGCGACAACGCAACCACGGATACAGTCAACGGCGCCGCGTACCGACACTCGGTAACTCGTTCTGTTTTAAAGGGGATCGGGCAGGCAAATGAACTATGGGTACATAGTAGTGATTAGGGCGGTGGCTCGCATAGAATTCACAGTTCGTATTGGAGCATACCGGATGCCCTAACGGAGAATGTACTCGCTTAAATAGGAACCCTCTACTAGATTGATGGTCCACTGCACGATCTAAAGAGTTTATTGACAATTGTACTTCAGATAGAGTAAGGCGTTGGCGAGCGCTAGCACCTTTAAATCGTTTATTTCTCAGATCCCCGATTTAGGTATACACAAGGGGGGCCGCCCAACTCGAGGACGCCAGGGAGAGCCGACGGCGAATTGAACCTAATTATCTATGTTTCGCACTACGTGACATCGCAGAGTGTGGGT,432,49.54,Homo sapiens
SEQ_936492,TCCGGCAGATCGAACCCAAGGTACAAGTATTCATTAGAAAATGGTCTACAGTCGGAATGCCGTTTGCATATCTTCTACTCCTACCAAACAGAGGTGGCTTTCTATTATATGACTACGTTAACACTTATCTACGACCCGTCTTCGCTCAATTTTCCGAGCTCATGTGCCTCCATCGATATCGGACCTATCTATGAAAAGAGAGTCAAGGTAGCTTGACGGGCACGATTAGGCAGAAAGACTATTCGAATATGCATGTCCGCTCCGCGTTCTGCCAGCGGCTTTTGTGCCCAGTTGCCCGAGGGTGATTGTCCTTGTTTGGTGTGCTTATTCACTAGTGTGCTTTAGATCTTAGACTCGTCGGATCCATGCTGGCGTATTCTTTAGATTCAGTTGCCTGCAAACCAGGGGGTTAACTAGCGATACATACGCATATCTTACCCTTTAGGAATGCCGCAAAAATCTGGAAGGGAGGGTTCGGCACTCGGGAACAGAACTTTTGCGATGTGCCATGATACCATGTGTCTTGTAGTCTCCTTCGATCTCCGGCACCCCGGGCCCGACAGGTGCGTCGGCTACATATCCCACAACGAAGGCGTATCTAGAACCGTGTGGAAATACGGCCTAGTAACTGGGGTCCGGATCCAGCCCCTTCTCGTTACCGTTCACAACCGTTTTTGCCAGGGATTTTTTTGTTAATTATACTCTCGATTTTAACGGAAACTGGCTCCTACGTCACGGCTCGGTATGTACCATTACTCAAACTGCTAAGGTGCGGAAAGGCCTGCTATAGTATGAATGACCAACTGTGACAGTACATGATGCAGGCCAGTTAGGTCAATCCACTGTAGAGCCCTAGAGGCAACCCAAGGTCTTATCGAGTCTAGGGCCAGTTGGCAGGTCGAACATGCAACTAAAAATCGTCCCTATTCCCGGGGGTTCAAGATAGAGGCTGGATCAGCCTCTTAGGATAGCAATATGTTCTGTATCTCTGCCCCAAAGAGGGGGATAAATCCGTTGCAAATCCTAATTGTCAGAACACAACGATGTTCCAAAGTCGTCGACCCGCCCGCAAACGACGAAGAGCTCCTTTACGAATTCTTCACTAGTGTGCAAGGGCCCATCGGTAGATATTAGGCATCGTAACGGCCACCATGGTCTCTCAGTTATTCAGCTCAAAGTGACACAGCTTTCTGGAGAGAGGCAACCTGCATCATCGTATACCAGCCAGACGCTTTTACAACTGACTCAGGAAAAGAGCTTTGCCGTGTGGCGCGCGCTGGTACTACACTGACATGTATCGAGGCAGGCACCGGTCGCCGGGCACTCCCAGGCCCGCCTGCAAAAGATACGGGTTTAACGTAAACGTGGCACCAAATGTTGCACTGGAGTGTATGTTGTACCTATGATGGCGACTACGGCCCGTGGACACCGCTCTATAATCCCCAGTCTTCACTCTCTGATGCTCCAAAAACGATTTAGGCCGAGTCCTACCAATGGTTCTGCACCTAGGGTGGGGTGTGACCGCAAACATAATCGGGGAAGAAGAATAGGTTGGCCTGCTCTCCGGGGGTGCGATTAGATCTTACTCGCAAGCCTAAATTCATCTGACAGATAACCCCAAAGAATCCGCGCTCACCC,1638,49.88,Saccharomyces cerevisiae
SEQ_754220,CGCCCTAACGATAAATTGCGCGTTGGAGATGTTAGGAGAGCGGTCGAGCCCGAGTCCTGACACAAGAGTCACCAA,75,54.67,Drosophila melanogaster
SEQ_952030,GCAAAGGTTATTATAAACTATGAAAAATTAGTAACCTTTCTGGCGTTTTACAAATTGACAGGAAAGAGTTGCAAAGTCATCCAACGGTTATCCTAGACAACACGTCCTAGCAAGAGGCGAGACACATAGCCTCCTTGGTGGATAGGTTGTCCCCGTTAGACTCGTGATCGGCTCAACAGACGGCCACCCGATACCGACAAGACATAGGAAGCTATAGGCAAAAAGGAGATAGTGCAAACGCTCGGCTAAATCCTCGATAATGTTCGGTAAGTACTACGCGCAAGAGCCCAGGTCACAGATCTAAACTTTTGGTCCCGGCGTTTAAGGTTCCAAATTGGAGTGAACAAGGTTTAATGAGCTCCACGGCTCTTGGGTGCTCGGGTGAAGTCTATGGATACGTTCCATTCGTCGCAAGGAGCGAACTGGCGTTGTCCCCCGCTGGCGGACATCGTCCGACCTTGGGCGGCCGTTTCTAGCAGGACACTATAAAATACTTTGAACCAATCTAGTGAACGTAGACGCATGTCCTGGTCTATGAGCATTTTAGCTGCTGAATCAGACTCCCACCACTTTTTAGATAACTCACACCGCGGAGCACTACGCGCAAGGTGGTCTCGAACCTCAGGTGTAACAGCGCCGTTGGACTAGTACGAAGGATTAAATTCATGCCTGTATCTCCGGCCCATCTGAAGACCTCGCCGAACAATTAGCGTGGACGAACCAACAGAAGTGAATCAGACAAAAACTCTCGTCCAAGGACCATTGCTAGACCACTTAGCGCCCATGTTAATATCATCAAGGACGAGCGCTATTCCAACTGCAATCCATAACGAATGAGGTCCTTACTTGTCCTACTCCGGATCAATACTATCAATAGTAAAACGCAGGCTAATGTGACTCGGCCGTGTATCGCCAAGGTTTCTATGGTGTCGACCAGTAGACTCGAGAATTGAATTGGATGCTCGCTCCGGGCGATTTACAGGTTAACTATTATTGCCGTACTCCTGTCATCGCATCGGGTGCTCAAGTTATCGAGACTCCGATCTTCGGCTTTGACCCTTTTCACTAAGAAGGGCGAAAGACTTACGTAAACAGGGACGTATGAGCTGTCAGCCCGGTATGCCTCTGGCTTTTAGAGCATTCTCTGCAATTCCGGGGCTGGCGATCATGGTCGGTATGGAGGCTGCTAAGTAAGGTACCATTTCTGGTCTTCCACGAGGCCCGGCATCGTAATCACCTGCAAATTGGTAACAGGAGCGCCTTTTGTAATGTCATCCGGTTCGTACATTATCCGTGCTCGTGCCTTATGCTCCTCCATTGAAGTCCAAGCTCTTTCCAAAGCCGGAAAGAGGCAGCATTTGGACGTAACAAAATACGATGTGAACGCCACTACAGGTCTGATTTAGGATACGGCAGTCCTGTGGAATTGATGTAAAGGTCGGATTATTTATTACCAGAGTCTTCGTTTCGGATTGTCGAGAATGCACCCAAATTTATCTTAGACCAATTTGGGGAAGTACGAACGCGCATTACTCAACCGGTCGCTGTTCTTGACACTAGAGATACTGGTCACAGGCTCAGGGCTTTACGATATCGCTCTGAGTGCAGTAAGAGGTCGTACTTATCGTCCAAGGTCTCCTGTGTATTACTTACAACAACAAGTAAGCTGAGATACTGTAGCGGGACATCCACTTGCTTTTCACTATGGCCGTCCGCTATCACGCACAGTCTAGCTGGGCATATCTTCCCGAGGACGAGGGGCTATAAACCCCTGCCATGCCAACCAGTGAGGATGCGCATAACCAACTAGGATTGAGCCTGTTCGAGCTGACAATGATGATTCGTTTCCCCTAAAGTATAATCGGAACGCTGTCCATAGCGGGGTCAAGCGCATTGACAGGAGAGTGCACACTCGCATCGATTCTGAATCAATTTGGTCCACGACAAACTCTCCTAGTCTACTAGCAGAAAC,1972,48.43,Escherichia coli
SEQ_370863,ATCATACAAGTAGCCTAGAAGACTGATGCGACCCTACACAAGTGCCCGCTTTCTAACCCGTCATCGAATGGAGAAGACCTCAATAAGGGAATCAGTCCTTGCGGTAAACGAGCCAAATTACCAAACTAGGAAGCCGGATGGGGGCTCTCTCTTTATCCTGTGAGAGGGGCAGGGTAAGCCAAACTCCGCGAAGCAATATCTGCCAGGTGTTCTGGTCGTGCTTACATAGCAAAGGGAGCCCCGAATCCAGTGTCATGCGCCCTCATGGCGGGATCGTGTAGGTCGTCAACTGGACGTCTGGCGTATATTATTAACTGTTCCGCGAATATTGGAGCTCAGGCCGGATTATAGACGATATCCTACGGTTTTCACCACAGAAACTGCTAGCGTCTCCAGGCGGGTAGAAGGTGCATTGCTGGCGTAGTGAGGGAGGATAAATGGCGGGATGCTCGCGCATGCTAGTCCATGTTCTACAAGGGTAAGCCCGGCGTTAGAATAGATGGTGTAAACTACCTGGCCAACAGGGAGACTTTTTCTGGTAGGGCTACTCCTATCCCTGAGTAATACATAAGATCTTGTACGCCGGCTTTAAATCACTCGAAGTTTAGGCCAACTTTATCGAGGGTAGAGCTATGTCGAGAATAG,645,50.23,Mus musculus
SEQ_612488,TTTTTTCGTTAACCTGACCTTACGCATACTGCTGACGTTAACGTATCGAACAACGTGCGTAAAGCTACAGGCTCACCTGATATGGGGGGTAACACTTGACACGAACGGTCGTAGAACTTACCTAAACCGCGTATGATCCTTGTCTAAGTTCTATATTAGTTCCAGAAGTTTACATAGGGCTTGACTGTCGGGGCCCTCGCGCCAGGTTTGCCCGGTGGAATTTCCGATTACCGTAACCGTGAGCTACACGCTACAACGGATTGAATCGTTCGATACTGCAACAGAAGGTACTCCGTGTGGCCAAAGTAAGTGACTACATGCGGTTCAGGACGCCTTCATGCAGAGCACGCGTTGTAGTACCGCTTGAGAACCACGCTAGAAAGGCAATTTGTGCAGCAATCAACAGACATATTTGCCGTTCATAAGTTCCAAGCACCACCACTGTAGGACGTCACTCCCGCCGTAGGACGCATTGCAATAGGAAGATATGTACCCGCGTGCGCAGGGCGTCAAAAAAGGAGTAGATTGGCCCCAGATACTACCCATATCCGTTACCGTCATCCACCTCGCAGGAATACGTGCCTCGGGCGTGACTAAGGAGCCCGTCGTGCCAGATGATGGTTCAGAGCTAGCCCGTTCACCCCGGGCGTCGCCTGCCCGTCTTTCCCCATACGCGGTTTTCACAGAGGGACTGTGGCCACGCCAATCTGTACGGTCCACAGGCTCCCAGTAACCTAGTTCAAGAGAAGTGGTTGTCCAGGTTACCGGATCCCAATCTTCTGACAGTGGAGTACCAGTACTTGTGTAGGGCCAACTTGGTGACAGGGCATCTCCGATAACCGTTTCGCGAAAGTACTCGGCCTACGCTCAGGTGGACCCCAGTGACGGTATTGTTTTCACAAAATTCCAACACTCACCCCTACGTAGGGTCATGACGGTTACGAGTCCACGGTCAGAAAACTTTCGGCATCCAGTTGACTTACCAGATACTAAAGTCCTTCATGATAACGGCAGGCAACGGTGGAAGCATTGCCCCGCACTAATTGGATGTGTAACGGAGACCTATCCATGGTACCGACTGGGTACCAGGCTGTGTAAGGCAGTTTTCGAAAATATATGTGGTCCTAGGTGGATCACGAACAACTGCGAGCTGCTGCAATTACTGCCTTGGCTACTTAAAATGAAGGGCCGAATATTTTAATCCGCTAGTACGAGGGTAGCATATTCCTGTTGAGCACCAGTGGTTATACGAGGTGAGAGTCCTGAAAATGAGCTAGGTATTGTGACTACAGCCATCCGTTCGGTCGTCGTGGTTACTCGCCTTCCGTGTGTCCTCTGACAAATTACGCCGTAATTCCCTCGTCCGCGCATAGCATTCAGCGCGGACGGGCACAACCGCGCTTCAGCGCCAGACCCTGATGCGCAACCTGGGGCCATGTATACATACCGCAGGGCCGTAGAGGCGCGGCCTCTTGGCGTCAAGCTGCGCAATTGGGGAAACCTCATATCTTTGGAGGCAAGCCGGCAAT,1529,52.19,Arabidopsis thaliana
SEQ_554340,GGCGGCCTACCTGGTGAGGTCGACAACTTTCCAGGCAACTGTCCTGATCTATCAGGTTCTGGACCTTGTGTCGACTAGAACCTCCCTAGATCATGAAGACCCAATAGACGATAATTATGTCCGAGTAGACTCAGCGTGCCGCTCTATAAACTTTCGAGGGTCAAATCCGGCGTCGATGACATGCCTGTACGGCGTCCGACCGGGCCCACCTCCATTTCTCGGCCGCCAGGGCTGGGACAAAAACTCACGAAGGTTAACTATGATTCCTAGTCTCGTATGTTAGGAAGTTCCGGGCGGACATAAATGCACTCGTTTCGCCAACCCGCCCCCGTGCCAATTGAAGACGCTTATTGGTGATACTGATTACGATTCAGTTGTCGCGCTCGGGACGGGGGTCTCATAGGGTCACTTGTAGCCTCA,420,53.33,Drosophila melanogaster
SEQ_402972,AAGCCAGCGACCTCTGGCCGTGGCAGCGTACCATACGATTCATTACGACCGCCCAGGTTCTTTTCCATGAAAGCTTTTAGGCTGATAGTACCTATTGAATGTCAAGCAGCAGGGCTTTGTACGGGTATAGACCTCGTGGTTACACGCAATACAATCAAATACCTAATAGTCGATTTCCTTGACGTATGTTAGAGCAGATGGACTAGTAACTGTTGGCTACGCACGTCGGCGGAAGTACCTGGGAGATTCTAATCCGCGCTAGTCAACCATAGCTAGATAGAGGAAGGAGAGTATGATTAATTCTCGAAGGGCAACTTACGTGCACATGGCTGGTACGCCTTACATTACTTTTTTGTTTACAGCCCCTTAGGGCACATCAATGTACTGAGGGTTCGAATCCTCTTAAAGCCCCCATGTCCTGATCGCCGACAAATACGTTATTTGTACAAATTCAAGATGGTTCACTTTTGCCAGATTCACACCTTCAACGCCCGAGTTGCTTGTGAGAATAGTGCTGGCATCCAGCGCGAACGGGTCAAACTCGCAATGAGGTGCACGACCGTTTTAGTTGTCGACTAGTGCTGTTAGAGGGGTGGTCTGTCGGTCCAGCTTAACCGCCCGACAGCGGAAGCCCGCCTGACAGCTCATCGAGTAGATTTAGCGCCTACCTGAAACAGTAAATTTAGTCCCCTATCATATCGCCAGCCGGACCATGGTGCAATTGCCCTCTGATGCTCACCCAATTGTACCCAGCAGGGCCTTTCTACAGTCGGAATGCGTCTTTGGTTTAGTGATACCGGTTTGCCAGCAGAATCTCTCGAAAGTTATACTGCATATAAAAGTACCCGGACTATGCTAAGCTATTGTGATTTCAGCGTTATTTGGTACCCCCTAGTTCGAATGAAACCCTTGTACCGCGATTGTGATCTACGTTTGCTAGACAAGGATTAAAACGCGTGAACTGGATAACTTGCCCGTCTCACTCCTAGGAGGGCCAGAAGGCCTTACTCTCCGATACGCTGAGAAGCTCTTGTTCTTAACTAATGGACAAGAGGCGGCGCAAGAACACGCGCATAACGTTTGTAACGGCAATCTGGATGTTTTAAGCCGAAGACAAAAAGCGATAATGCAAGAGTATGAGAAACTCGGTAGACTTATCGCCAGGGAGTTGCGCTTTTAGCTTGACAAGGGTTCTACTCACAGATAGTCGGTGTTGGAGATCGCTTTAGTACTCGTAAGTCTGATATTTCATACGGGGGAGATATACCTGTGCGTGCTGCGGGAATAGGTGTGTTATTGGTGGCGGCATACGACATGATGGCGCGTGTGACGTGATTTCGTAAGGCCTCCGTCCCGTCTAAGCCTTCGGGATTTGGACCGCTATACACAAACTTTGGGCCTTTGTGACCTTGAGCCCTCAGTCGCGCCCTACAAGCATCCACCTGACTCTGGAAAACAAAAAGCCAAGGCAGGAGTACAATGACCCTATGAGAGAAACAATCTTACCGAACTTGCTCAATGTTGCGACCTTGTCAAGCGGAACAACCGTGCCCACCGGATTTTTTACAACCCAGATAAAGCTTTATCGTCTATAATCGGGTCTAGGTCT,1609,48.29,Homo sapiens
SEQ_308385,GTAGTGAGCATCTCCATGCAAACTGTCGGTTACAGACACGTGTTCAAGACAATACTATATCGCCTTCGCCAGTACAATGGACAGATGTGTCATATTAATCACGCACAGCTTAGTAAGCCTCTACCCAGTGTAACTGTGATGTTGTCCTTTGCTTTAGAAGGCCGGAAATTGTACGGAGTCCACAGAATTGCTCGGATAACGGCAAGAATAGCTATGGAGCGGACGAGTAATAGGTGGTTAAGCCAGAGGAGGCTCAAACGTCTGAACACCCCGACCATGCCAACGGCAAATAGCTAAGCTGCTTACTTGAATGGTTTTGTGAAGCGTTCTCTACACCTAGTCGGGCTCTCTCAGGGCGGTTGCTTATTCCAACGATACGGCTGCGCGATCGTGACCCCATCCGATCCGATGGGTTGAAATGTTGTCTAGGAGAACAGCCTTAGGGGGGTTGGGATCGTTAGTTTTTGGACAAGGACGCTAAGCTGACCAGCGAAACCAGGCCCTGAAATGAATAGCATTCACTACATTACATGTACTCCGGTTGATACCGCGTGAATCGATTAAAGTTATCAATGTCTGACTACGTAACTAACGCAAGGTGCCCTGGCTCATTGCCATCCGGGCTTTGCTCAGTAGACCCCTTCGTCAGTCACTAAACCATATGAAGGGCCAGGTGGTTAATCTGCATTCGAACAAACCCCGCCTTTTTGGCGAATGCCGCGGCCGAGTGGGTTCAGACAAGTAACTTCGCCCTGGAGCCACGCCTGCAAGATTCGTTTATAGCATATGGACAAGGATAATGACGCAATCTCGGACCTTATAACGTTCTTCATAGAAATCACGTTGTCGTCTGTAGAGCATGGTTCCGAGTTTATTTACAATTGTATTGCGTGATTACGTGTGCGCACAGAAGGCGCGTTCGATGCTTGTGGGAATCGCGTCAGGTAGTTACAATATGCCACATGATCAGGTCCCGTATGTGCCTTCGGATAACTTTTCCTTATCTACCGGGTAAAGCGCCCACATTCCTGCTTATCCGACAATTGTTTTCTTGAAACTCTTTGTCTGCGTGAAGTGAGAGTAACAGCTAGATATTTAACAAAGCATTGGCTTAGTAGTAGTCCTTGTGTCTTATTAGCCTCGTGAAGGTTCCCGTTACCAGCCGCCGCAATGGAGACGACGGACCTCGATCTGCCCTGTGCCAGTGGGTCCGTTTGGACCCGACCGGAATGAAAGAGTTTGTATATGGGGATCGCTATAAGTTCTGGCAAGCGTTTCAGCGGGTTCGGCGAAAGCAGATGCTAGTTTATCACTTGTCAGTGATTGCCCTTAGATAGGAGAGGCGGTCAGGAAGGTAAGGCAGACAACCTCGATATCATCATAACCGGCAAGTTAACAATGATGATACAGGCCGTGCTACGAAACGCACAGCTCTTCATACTGTAAGCCTACATAGCACTGGCACTTACCATGTTCCATGGTGGGCATCTACTAACAAGTTACGCCCTTCACTGTATCGTCAACAACGTTTTGGATATA,1539,48.15,Escherichia coli
SEQ_330250,AAGCAGTGATGTGTTGCGTTGATGCCTGCCACACTGGGTAATCATAAACTCTGGGTGCGTGGGACAGACCATTTTGTACCTTAGTATTAACTCGAAAAGTGGAGAGTTACCACTGGCCTACGTCAACCGGAAACTAGAACATAAATTCTTGATGAAGGTTCCTAATATCGCTAGAGTAAAGCTTGGTTATTGTGCAGAAGTTTTTTGGTAGACGCCCGACAGCGTAAGGCGTCCGATCTCACTCCGGTGGCCACCCGGTCAGTGACGTCTGTGACACAATAGCAAAATTACGGCGTGGTATAAAGACTACCGGTATTGCCGAGATACGGACATGAACAGTGGATAGAGCCGTGCTCCGCATGGACACCGTGACTCAGTCAAGCAGGAGTAGTACCGACATTCAAGCGATCCTGGGTAAATTTTCTTGTACGGTCATAATATGACGCTACTACCCCTTGTGCGCAGTGCGGACACCGAGTCGCCTAGCACCTCACTAATCACTAGTTGGCGTCTTTCCTGGCCTCCCTACATGGCGCCACTAGTAATGCGGTTCTATTGGGACAGACACCGTGAAAGTGGTTACGATACAGTCTCTCACGGCAAGTGGGAGGGTCACGTCGGAAAAGTACGCCAGAGTGAGGACATTCGACCAACAAATCGAATTGGAATTGATTGCAATCTCATATGAGGAAAGTTGGACCGTATTCTAAAACTCCTTCATCAGTTCTGGAATCCTAAAGACTCACAGCCCTCGCGTAGAGCAGGACACAAGATTGCCATTTAGACCACAGTACCGCCCCTAGGTCCCCAGTGATTGCAGCACCCACCAGAGAGAATCTCGACGTGAGGAGTCAAGGCCGCTATGATGGGCCTAGGGGGTATCGTACGGAGCTATCCTAGTAACCTACCGTGCATGCTCCCGGTTTGGGGTTCGGACTTCGTGGGGCGGTGCGAGAGCTCAAGAGTAAGCACCATTCGTCGACAGACACCCGAAGGCAGGGGTGGAGCTTGCGTTTCAGAGTCACCGCGCTTGATTTGACAGTGTTGGTCACAGGGTGCTGAGGCCGGGCGGCGTGTCGGTCTACGGGACCCTCGGGAGTCTCTCAGGAGATTGTCTCGGTGTAAGAATCGACTGGATGTTAGAGCTGCGTAAGAGGGGCGGCCAGCACTCTGGTTAGTGCGCGTTGAGTGCTGTCGGCGATTAGCTGGTCATAACTTTAGAACCTAGGAATATCGTAAACCATGCGCTAAAATTGAACCCTGAGGATGTACATAATATTGTGCTGTCAATATTGGTCGCGTACGAGCATCCAAGTGGGTCGTGAGGCATTCTTTTAGTTGCCACATTCTACTCTTTGTCGTGCCGAGACGGGTCCAATCCAAATGCGGCTAAATACCAGACGTTCAGCACCGTATGTTGATAG,1424,51.12,Caenorhabditis elegans
SEQ_656265,CAGCTATCGGCAAATACCAGATGCTTAATAAAGCAGCCGGATGAGGTCCCCCGGAAACCGTTTTGATTGGTAATCTCATATAATGTAAATCAGTAGGCGTAACTTGCTTTGAAATAAGAAATAGCGCAACCATTAGCTTCTGTCTGACGAGGTCATTCGAAGTCCACCGGTTTGGACGTCCAAGTGCTCTGTTGAACTTTGTAACGCAATTCTTCTGGGAGGGGGTAGGGCCCCTCAGGGGCTTGGCCTGGCCCTTTGGGTATCGCCACGGCGCACCCCCCGTATGGGTTTATCCGTCGCGTTGTCGCACCCGCTGCATGGGTACTAGGACTATAGCCATGAGCGCGCGGAGAACGATTTAGGTGGAGGGGTTGAGATGGGCAAAACAGGCGTAGTCCAACACATTGTATGCATAATGAGTTGCCATCTTTGGTAACTGTCAAACGGGTCCCGCATAACACCGGCTCCACACCACAAGTTAATATACGAAGGCCGATATTTTTTGCGAGGGTTAAAGTCCATCACATAATGCATGGAACCAAGAACGTGCTATACTTTTCATGTTACATGGTATACAATACTAAAGTATATCACCTCAACCTGCATGTAACTGCCTTCAGCAGCTCCCCAGAGCGCTATCAAGTTGCGACTTTTCAAGTCGGGTTCTGCTAAGCCGGTCATAATAGGGGCTTGGGTCCGACTACTAAGATCCCTTTGCGTTGTGGGATCCGATCTGGTGTTAACTTATTACTTCATTATACAGATCCTGTGAAGCTAGCCAGCGCAGACTTTAGAGGATATGCTACTCTCTGTCAGTACGTTCAATTTGCGCGGGGGTATGACCGAAAAGTTTTAAACCCTAGTTTAAAGTAGCAAACGACTACCAAGAGATGGCATCGATACAACCCTTCGGGCTTCACTGATGTC,927,48.0,Caenorhabditis elegans
SEQ_391364,TATCGGTCTAGCGATCTTGACACCGAGGATACTGACATGGGATGTCGGCCAATGTCACAAAGTTCTAGGTAACAAGACGGTCTTACCATCTCAAATCCCACCCTCGTTAGATGACAGGGTAGTGCACAATTACGCACGGGTTTAAGTTGAAACCTGTACAGTTTACATGCGGGACGCGCGGAAAGTGAATCATCCTAGAGTGTCTTCCGTACGTAGTTATTATTGCCGGAACATCAGTACCCTTGATAACCCTGTTAACCACACGTAGACGACAATTATGAATTGAACGCTTGCACCGGGTGGCTTCCACATGGACGTGCCGTTCATTGCCGCTGGACATACCGACGTGACTGAATCTTAACAATAACACCGCCGGAATTACATCAATGACTAGTTTAGCGGGCTAAGCAGGGTGAAGCGCTCTAGGCCGGCCCTCACACACCGGCGTTGAAACTAAGAGACTTCGGATGTCATATCTTATTTTTATGGAAATCCGTAAAAGGTCTGACGTGAATCGAAACGTGCAGTTTCATAACTTAGCTCACTCCTCAGAAGGTATGCTTATGCTACGAACGTCTAGAAGAGTACGACATGACGTCAGTCGCGTGTACACGATTGCTCCAGCACCTTATGGCAACCGAAAGGCAGTTGCTGTTAGCATGCGTAAGAGGCGTGAATTCTGAGTCACCGGTTATTAAATGTTTTAGCGGTGTCTCTGCCACCGCTCTATCCATTACTCTGGTTAGATTACAAGAGGGTGACGCAAACCACGCAGAACTCTCCTGCAGGACTGGAATATAGTCGCACTCTTGTATAAGTGTAACTGACACGTTACAACCCACAACGTGCCAGTCGTGTGCCGTGGCTAGAGGGTCATAAAGAACGAGGGTCCCCCGCAATCTTAATTGGTAGTTTGCCTCTAACGTAAGGCCTCTGGTGGTGGAGACGTATTATACCTTGCTCAGCATCGCAGTGAGAGCTGCGATGGACCGAGACACATGTCAGACTCAGCCTGCTTCAGTAGTGAATAAGTGGACTACCATAACGAGGCTCAATAAGCTCCGGCCATATCTGATATTAGGAACGACCGCGGGACACAGTTGTCAGGGGGATTCATATGGTTTTCCACAGTTCACGCAGGACCTGCAGAGTGAAGTAGTACTGACGAGTCGTATGTTAGCCCCCACTAAAGTGGTTGTGCTACGTTTCGGTCTTCGGCGTAATCCGTATCAACATCAGCCTTGATCCTTCCGATGGAGAAATTCTTTCCGGGACTGGGTGTGCTGTAGGGCCGGGTTCCTTCAACCTCGGCTTAATCTTTCCGCGCACGTGGGACTTACATCGTGTCACGTTTACTTTTCTAACGCCTCCCTCATCAGAATGTCTACAAGCGATCCGCTATCACGATAGGAGACGCTGATCTTGCGGGACCCGTGATAATGAAGAGTGTGTACGACTGGATGGGTTACCCAAGAGGAATTAGCGGGTGGTAAGATTTCCCAAGCTGAAAGCCGCGAACTAAGGTTCCTTGTTCTCCGTTACCAACGGCTTCGCCTCCAAAAGGATCCTGGTACCTTCCCAGTAATCTGCAACAGTCATCGGTTTTTCCGCTGTGGCCTTACTTACGTACTAGGGCCCGGACGTCTGTTCGCTTGCTGTATTTTAGCGGAAGAAGATACAGCCGAGTGCACTCGAGTACCTCCCTACGAATAAGATAATGCCAAGCGTCATACAGTTCGAATACGTACCCTGCATGTCATTCATCTGGGACCTGGTCCAGTTATGATTACT,1791,49.13,Caenorhabditis elegans
SEQ_587616,CTGGTATCGCGACGAAGCGGTCCGCAAGTCCGAGATCTGCAGGAGTTCTTAGTTCATAGTAGTGGGTGTCCTTCAACGTCGCTAGCACGTCTTTACACAGGTAGGGGCCTCGTCCACAAAGGCATGGCCGGACACACTGGTATACGCAGAACTTATGGGGTCCCTACCGATAGCTGGTATAGGCATTTAGAACCGCGGTGTCGTCGGATTACAAACAAGCTCGTTCCTTTCGCCTACCTTGTATTGCCTACTAATAGGAGACCGTCGACGGGCCGTTCTAGAGACAAGCTCATTTGCCCAACGGGCGAAGCTTTCTTCGCATAGATAGGGGGTGAACCAGCAAGTTGCATGGTTAACCTGAGAACTCAAGTGCGGACGGCGTTCGTTCCCGTGTCTCGGTTCTACTAAGATTCCGGGAAGTGGCTACACGTTTAATAAGGATTCGAGAAGGCCGGCACAGGCCCGTATGTGATAACCTATGAAACCGAGGTCACGTGAGGTTGCCATATTCGTCTTGAGTGCGCCCAATAGTGCAAATGCAAGGTACACAAGGCAACCATGTAAACGGTTAGGCAGGATTGGCACTACGAGTCTCCTCACCCCATGTCATCCACTGAGTGCATCCGGTGCGACTACTGCGCTTAGTCGTTTACGCACAAAATCACAGGAGAGGAGAAGCCTAACAAGTGGACAAGTGTAGGAATCCAAACCATGTGTCAGGACATGTGCAGCAAGAAGGCACCTAACGACTGGTGATGCCTTTTTAAGCCACAGCACAGTCTGGTCTGCTTTTCCTGAAGGGAGCGTTATCCGGATTCCAAGAATGATGCCGCGTCCATGTAGTTCTAAGTGAGTATCACAATTTACTTAAGCGCCAGTATTACTCATGATGGGGTACGCCTCTCATAGGAGCAGCGAGAAAGAGTCGTGTTGTCTTCCTTCTGAGCAATTAGAAGCTTGCGTGTGTAGAGGCGACACCATTATGGAGGTGTTTGCCAAGAACTTCGCTAGCAAGTGGGCACGAGGGTATACTCCTTTAATAGCCCTTGGTCCTCCGGCGCGTCTGTCTAGGACTGCCTGCCGTACGTTCGCCCCCCAAAACGAATTTGTGCGTCTGTGCAAGGAGTGCATTTGCTATGTTACATTTACTAAGGTTACGGCGATCTCCTAGCCGGGCGGGCGACATGCAAGACTTCACCGTTGTCCACCGGAGGGTATACGTTCAGGTGTCCCAAGGCCCGGCAACTCCCAGGCTGGGTTGGGTGTTGTTCAAGTCAGCCCCTGTGCCTGCTGATGCAGTACAGGCAATCCAGGCGCATTTTCCACAGACAGACGCGGCACGTCGATTGTTAGTCCTCCGTGGTTATTCTTCGTATTTCCTTGCACTAAGGCCGACAGTTATCGCAACGCGCAGACGTTAGGGTCCCGAGAAAGATACAGTTTTGGATCATAGCCTCTCTGGAAAAACCATATGCTGCTTCACTGAGAGATATATTATCAACCCAATGTGCGATCCTGGACCGGACAAGAGATCTTTCGGAATGGAGTACGGCCCGGACTGTCCCCTTAAAGCGCAGCGGTATTTGAATTAGTTCTCCTATAACGTATAGGACGTATCTCAGAGCTGATGTATATAATCACACATGGGACCCGGCCATGGGGTTACAGGCTTTAAAGTGCCCTGAGTACGCCCCGGTCTGCGTTTATAGGTCCTCACTCGAGCATGCACACGCTTAATGCTTACCCCTTG,1750,51.43,Drosophila melanogaster
SEQ_471657,AAGTCTGGGACTGCCCTGAAACCGGACAATGACCCCTCCTAATCCAGACATGGCCGTCTGCGTACGATCCTTTTCGCTGTGCAGGCGTGGATAAACCGGTAGTTATTTGGTACGCACCTCATGTCACCCGCGTGTATAGCAACGAGGGTGGAGGCCAATCCTGTCCAATTCGGTAATTACGGCGGCTAAAAATCGTTGTGGCGGGTGGTCCCCGGTGAACAGCGCAAGAGCCGACATCACTGGACCGTCTATTTACAGACTTAGCGATACGTTGGTTCTAGGGATACATATCACGTGGTATTAGGTGCGTGGGCCACCAGACACGGTCGATCGTTCTGACGCGCTACTGATACTCATAGCTGCTTCCTACTCGTACCTGATTGGGACGAATCTGTTGACCCATACGAAAACGCTCGGCGACGACATTCCGGCCCTTTCATTTGGCTATAGAAAGCAGGTGTTTAGAGTAAGAGTTATCCACTCACCTGTCTCGTAGAGCCCCGTACGACTATCTGGGCCACGATGCGAGGCCTAGCAGCATCGCGTAGACCGTAACTACGGGCTAGAAGCCAGTATCTATAACGGTTTTGGCAATGGATAGCTATAGCCATTTTCATGGTAGGACACGCACACCCCTAGCGTTTCTGTCCTCGTAAAGCCCAGCCGCCCTCCGAAGTGGACTGCCTTATTTGCGGTCGTTTTGGGTAATTAAAACGTCACACAAAGTGACATACAAAGACGTCTTCTTGAAGCATACTGATGAATGATGCCAGTGAAGATGCAGACTAGTTCCCCTCTGATAGTAAGCCCAAGCTTACGCCTAAGGGGTAGAGATCTATCAAGGGAATAGAGAAAACCGGCTAGACGATAGCATGCCTTGAGACAAGCTGTAAAACGTGAGCTGATGCCCACCGCACCCGACACACTTTATGGCCATTTGCTGTTCATCTGCAGCTGTCGAACAAAGTACTGTATATAATCATGGGCTCAGTGCGGGGACTTGCCGATTTATGCTTAGTACATAGTCTGGCCAGAAACAATTCATTGTGTAGTACCTCCAGGGGAATGGTCGGCGGTACACAGAAACATAACGAGCGCCGAATTGATGATATGAAGCTAGAGGGAGGCAACTTCCCTTACATAATATGAAAAACGGGACGAATAGCCCCTTGCAGCTCTTGCTTGGCAGCACCTATATCGCGCGATATTGGTTATTGACCGCTCGTTGCCCATATGCATTGATCCTGGGCGTGCAAAGCAGGAGATCCCAGAATTGTTCATACAGTATCTTTGGCCGTAAATTGCATTGAAAGTCTAGTCGAAGATTGGTGGTCAGGCTCCTAGCGCTTATTTAGCTCGATTCTCGTTGACTGAGCGAAATGGATCCTTCTGCAAACAGGCAGTCAGAGCCATCACGGTCATCGTGACCGTCGGCGAAGGTCCCTTCCGAGTTGTAATCGTTAGAGTT,1468,49.93,Homo sapiens
SEQ_981738,CCACGATGTAGGTCGTTGCATGTAGTCAAAACACGACGACTTACTTGGAGTCTCTCATCGCGATAAGAAGTGTCCATGCCATTTCGCCCGACTTAAGCACAACGTTGGTGGTAGACGTTCGGCCTACACTCGCACCGTGGTCTTGCAGGCATGTAGGTATTTTGGATAAGGTTACCTTTTGTCCCCGTCCATATTCAATATCAGAACGTGCCTACAGTTGAGTGACAAATCTCCTGACCATCTATCGCAGCAGTCCTGGAAAGGAACATACGGACCTAGTCAGGCGCGAAGAGACTTGTGGACATGGCGGCGGTATCGTACGCGATGGAACCGAATGATCTTACGCGCGCGGTCAGCTTGATACCGCGTGGGTATCAGATTGCTTTACGGCTATCCCAATGGGCGCATCTCGAACCTGGTAGAGAAGAAGTAAGTAAAAATCATAGCCTTAGACAGTACTACTCTTTGACCGATTGCGTCAGGAACAGAGGCCGAAACTTTGGCTAGCTATCTAGCGACTTTTTGCCCAGGCGGAGACGGTCAGAATCGTACGCAATCCCAAACACCAGAAACGATTCATGGTCATCTTTATTGGCCTCGGGGTATATTTACGATATTCCTGGGAGGCCACCTCACTGGACCCTTTTCCAGCCATTTACTTTCATGTGGCTTGACCCTAGTGGTCTCCGAATGTCCATTTGTCAACAAACCCTCCTGAAAATGAAACACCCAGAGGGAGACAGTCGCTGACGCTCCTCGCCCAAGGTAAGTAAGGGACGGTGGAACAACGAATGGCTAAGACTGAATACAATCCTTAGTGGAGAAACGCCCGCTGGATACAGG,843,49.94,Drosophila melanogaster
SEQ_668608,GGTGACGCCGATCCAGGAACTTAGCCCTCTACTAGATCCATGAACGTATACCCCTCACCATCCCCTATTCGCAAGTGACTCAACACGTATCCAAAGGTAATAGAGCCACGACACCGTGCATAGCTGCAAACGGCCCAATGTATCATTAGCCCTCATGTGTTTTAGCCCCTATGTTGTCCACAAACATTAACCACGCGGCACTGACAACAGAGACAAGCGTTGTTCACGGCGCGCGCCAGCTCAGGTCATACACGGTACAAAGGAACGTAATACAAGTAACCGTAATACTGGGGTGAAGGCTGTACCACAGAAGATCTCTGAAACAGGACTATCGCTTGTGGTCGCGTAACCACGCATTCCTAGGCGCCCGAACACTCGACAGCAAAAAATAAGCGATCGTGCAGTGGGGCCTGGCATCAGGAATAGTTCAATATCTCGTCACGCTATCTCAAAATATGTCCGTCTGGCCTCCCCCGCAGATCGTTTCCCGTTTAAATGCC,500,50.8,Arabidopsis thaliana
SEQ_614882,CCGTCACTCATTCTCCGAGCAATCTTCCCAACAGCAGCAGTAACTCCTCGCTGCCCGGCCGAGCAGCGCATCTCAGTACTACGGGCACGTGCCTACTCACTGTCCACCCTGTTACTCAACCAGACTGAACTTGAGGGTAAGCATGTTTCTTCTGTCAGACACCTAGCTTTTTTCTTTCCGGCGTTGATCGCGCCCCGTTAGGGAAACGAAATGTCAGAAACAGCACGGTTGTCCGTCTAGAAGTACCCGGACAAGCCATATAAGTCCCCTCGCTTGGCGAACAGAACTTTCTGCTATGCACTGAAAACGTCATGACGATATTCTTGGAAAAGCATTTTAAGTACAAGCTCTTCATCGCTCATTTATGGATTCAAAATCGATTGTGGGGTCCGTATCGACCCTGTGGGGGTGTTTCCGAAGCAGTTGCGTGCAGCAGGTAGGCGGGCACGTAAACGGTGATCCCGGTATCCCGAGTAAAGGTGAATTCTACTTGGCGACAACACTCCGCCCTCCTAGGATCCGTAAAGCACCATCATGATGGAAACCTAATCTTATTATAATCGTCGCCCTTGAGTGTAATCCTTCAAACAGTCGGTATGGACCCTAGGAAAGACAGACGGGGCGAGCAAACCACGTTGTTAGAGCGTGTCCGCTTGAATGAGAAGGATGGCATAAGGTCTAAAGACGCCGCGAACATGAGTCTCGGTGTCCCACGGCGACCGCAGTCCCCCCCTTATCTTCTGGATCCATTAATAGAGCCACGCCGAGACCCCTGCCGCATGACAGGCAAATAGAGACAGCATCGGCATAGACACGGCTTTTAACGTCTCTTGTTATGAGGTGCAGCCATCTACTTGTGGCGTTGGCCTGCGACGATTAGCCACATCCCGTCAATCAGTTCCTGCGGCCACTGAAATAACCTGCCGCCCGTGTTGTCCGTGTTACCTCCTGGGTAGCCCTACTGATGCATCATCATCGTGTCCAGAGTCATCCTCATCTTAGAAAGC,1007,51.84,Saccharomyces cerevisiae
SEQ_498025,CACACGACATATGGAGGTTTACCACTGCGACAGCATCGTAGCGCTCGCAATGCACGATATCTGGTTGCTCATCTTGAATTACTTTGACAGGAACAAGGATGTCTTTAGCGATTATCCACGGTATCCACTTTTGATAGCCTGTTTGGGCACCCGCAATGATCTCTCGTAATGTAGCACATAAAAGAATCGATGGGTCTGTTTGGCTTTACTGTTGCAGAATAGACTTGTGACCAACGACGGGCTCAGGATTAGAACCTACAGTTCAACCACCGGTATCCCTAGTATATACTCAACCCGTTATAGACTTTGGTAATGGGCACTCGTATCGGGCAGACATAGGGGTCATCATGTTTGTGAGGAGGGGCAGCGGTTAATCGCAATTCCAGGTTTGAGTATTTACGGGCATTACATTGGATCTCACTTTCGTATCGTTAAGAGCTGTATTCGTGCCGCTGAGCCGTACTCTGTTTCGTCTGTTCAATAACCAGCGCCGGAACTACTAGGTCTATTTTCTGGAAACCATCCAAATTCCGATGGGATGAATATAAGACTACGCGTGACTAAGCGTAGGCGTTCCTCATCATGATAGGTTATCTGCCATGCAACTGATGCCAGGTACAAGGAGATGACTAGGTCGTCGGCGGTATCGCCTTAGCTACATCTGGCCAAGTAGACTTCCCTATATCGCGGATTGTTTTAATACCTGATTTAAAAGGGCGCATCACCGAAGGGTACCTGAATCCCCTGATAGAAGCGTGGCCGTTACAGGGCTGGTGGAGAAGAAGCGCCCGCTTGAAGAGGCGAATTACTAACGGCTCCCCCGAGGGTCGAGGTACGCCGTGCTCTATGGATCTCCTACACCACGCCTCGCTAGTAGGAGATGGCATGGAAGTTTCTGTACCTTAATACGGCCCCCGAGCAGGGCCGTGGAGTTAATTAATCGGTCGAGTAACGCGAAAGGTAAATTAGACGACCAACTGGCTCGTCCGTCTTCGTACTTCCAGAGATAATAGGGAGCCGACCACGTTCTGCGAGCGGGCATGTACGACGCTGTAGCTCCGCACGCCGCTATATGTGTTAGGAGTAAAAATTTTCGGGATGCATCCGGGTGTGTACCGATATTTTCTTGGTCGACAAACGTTACGTCTGGGTAGATGTCTCTACTGTTCCGGTATAGCTCCCAGTTTTTTAGACAAACGCGTTACATTTCTTCGAGCGAGTGATTCCGTAGCAGCACCGGCCTGACACGCCCACGATAGGTTAGTTGTCGCTCGCAAGGAACTAGAGAAGCCTTGTGTAAGTCTGCGCTTACTCATGAGTGATAAAGTTTCGGTGTCAAGCAACAACGGATCCGCATTGAAGTAACAGGTAAAAGAACATCACTATCACTAGGACATCCCCCTGACCGCGCAAGTTGGACTCACTCAGGCAGAGAACGTCCCAGAGCACCGACGGGGCCAGCGATGGTTCCTTGTCTTAACTTAGGTTTTGCGTCCGACATCTTGGAGCAACCTATCCGTTTTCGCGGGTGCTTCGTAGTGACTCGGCTCCTAGTCCTGTAGCCTTTCCCCTTATAATCTTGGCCACGTAACGTGTAAGATCCGTGTATCTAGAAAAAGACCCTGTTACTAGATGCATAAGTCCCAGACTACTCCAGCTACACAACCCAGGCCTTGATGAACCATAGCGTGAAAATGGAATTTCCATCCGAACGACAGATTCAATGAATAAACGGAGTTTCAATTCGGCTTCAAGGACGTGTAAGAAGACCTTTCCAAAGATATCGCGGGTATGCAAAATAAGGTAGCGCTGCATCTCTCACCGAAGGCTAGCGGGAGTG,1840,49.13,Arabidopsis thaliana
SEQ_117336,ATTAACCTTCTGTATTTGGTGCGGCCTTAACACTGGGCCAGTGCAGACGGGGCAGGCATATCTAGGCGTAACCTATGCATTTCGGCTCAGTGAAAGCCTGAGAGCTAAACCGTAAATAGCTGCGTGCGACGGCTAAGCCTGTAGGCACTCTTTCGATAGAGTTAGCACGTAAGAACCGTCCGCAAACTTTTCGACTTGGCCTTTGTTAGAGTACCCCAGCTAGCAGTCTACACACGATGTACCGAGACCAAAGTCACCCGAGAGACTCGGCCTCCTGACTGGGTATCCAGTAAGTGCAGCACCTCCCCTTTTGTCTGTACCTAAACCTAATATGAGTATACTTACGTGATCACCTAGCCGATGACCCCGCTTTGAAAGCGAGCATGCGCCGTTAGTTGGTCCTCCCGTAAAGCCATTACTCACCGTACGGACTATCCAGCGCTTCTCGTCAACAATTAGCTACTCACAGTATAGCGATGTCTCACTCTGCCTGCACAACCTATCAAAAAATGTTGACAAGTCCACCTAGGTAGCAGGCACCCCCTCAAAGATCCGACACTACTAACGATGTGCGCGCTTCCACATAGCGGGGAATATGGCCGCGATGTATTAAAAACGGGGTTCTCATTACACACACCGACCGACGCTTTTAAGGTCACTGCGGGGGATCGGATCGCGGGACCGGCTTCTCGGTTGATGCTAACGTCCATGGCGACAGTAAGCGTTACACTATTTAGGTAATAGAACATAAACTCCACACCGCCCTTGCACAGTAGACCTACCGTTCAAGGAATTTGTCCTAGTTCCATAATTGGAGCGTAGAATTGATACAAGAACGGGATACCTTCTCCTACGCTACCTTCGGTGCCCCCTTACGGACGCGCAATCTTATATGGAGCGGCCGCCCTACGGTACATCACCAAACAAGTGCACACTTGACCAGGAGAGGGGAATGGGGTGATAGATTGCCTTCAGGTTGGTGGGGCAGGGGTAGTTCGTTTGTTTTAGGCCCCCGGATGCGGTTTGTTAGTTGAAAGCTTACTCGACATCAACATTTAGTGGTGTACTCACCGGTGGCACAGCTCTTTGTCGCTTGAACGTCTATGTTCGTCGTGACCGTAGGTAGACGCCCCAGATAGTACCTCGTAAGTATCACCAATCTCAACAATGGTTGTCTCGCCTGTCGGGGTGTTTTATTAGGAGTCCTATTGTGCTGATTAGAGGATGCGCATTATTGATGGACGACTTCGGACCATTAGTACAATTTCGGCCCCCAGTGATAAAAGAGTCAACCATACGAAGAGGGCTGTCGGACCACGAAAGCTTAAGTTCCAATACGTCTCTCGCCGCAAAAGCTAACGTATGAACCTAGGCTTGGTTGATCGCTCTTTCCTATCTCGAGTGATCGACTCTCCGTGTGGGGAATGGGACAGTTTGATTTTCAAAGCAAACTGAGTAGAGAAGAGCAAACCTCGCGGGGGTAGCTTTCAGTTACAGCCAATCCTTGTTACCGCC,1515,50.17,Saccharomyces cerevisiae
SEQ_331633,TGATCATGATCAGGAGCTATCCTACCTAGACACAGAGTCACGAGTACTGGAGACACACGTAAATCCACCAAAATCGCAGTGGGTCCCTACTTTCTTCTAACCTTCGCAAATGCGCGAGGATCTACGGGTTGTGTTCGCTTAGAAAGTGTGTTTCCCTTTCTCCTACATTGATGCGAAAGCTTCGCACGGGGATATGCATGGGCTTACCGTTTCTACTCCCGCCGACAGGCCCTATTAAGCGAAATTCGATTAATGTCGACGTACGTTTTCTGGACCTACCCAGGGTTGTTTCTTGATTTGTCTGCCCCGCAGGCTTTATCAGAGGTATCCGAACACCAGAGACACTCTAGCGGGAGGTAAGTGTTTAGTGAATTGCGTTGTCTTTTCGGTGAGACTTATGAATGCAAGTCATGAACTAATTCTAACATGCTTACCTAGGACAGAGTTGCGTGAGCGATGCCGCTTTCTTATAACACCAATTCTACGATAGTTTACGGGTGAGCGCACCGTGAGAGTCCCTGTGCGGCCGCATCACTCCTAACGATTCTGTAATCCCCAGTGGTCGGCCACTTACGGGTTTGTTTCCCCCGGTTATGGAATCTGACCTTTTATACCAGGACCCCGCGGTTATCCTGATTACTGTCCGAGAGAAGAGGCGTCCTTCGCACGATCACCTCATGTTTAACCAGCGACGGCCTAACGTTTGTACGGAAGAACTATAAGTTAGTACACGGTGTTGACAAGCCCTACCCCGTCGTAAGTGACAGCTCACTATCCCTACTACCAATGGACAAGCTCGCCTCGATCCGGCGAATTACAATCTCACACTAGTGGCCACCGCCTTAAGTCGACTAACGCGCCGATCACACAGCCGTGTGCTCTTGATGGTTTTGGTGGACTGGGCCTGTATGTGGCCCGCCGACCCCTCATAAAGACCTATACGTTTGTTTAAGACTCTCGCAGATTTCGCGACGTCAGACCAGCAGACCGAGGTCGTATACGGCAGTATACATAAGGATTGAGACGGAAAAGACGCCGCAGCGAGCGTCGTGGATAACGGTCCACTAAGCACACGTCATAATCAAAAGCAACCAACAGCCTTTAGACAGGATCTGGAATTGGAACAGATCTACAGAGGTTATCTCTCATATTGCCAGAATAAAGACACGTATCTGGTACGCCGGTGTGCCAGATCTAGGTGTTATAGCGTCGGCAATGGCCCTTTTGCCTATTCACTGACGACCTCCGCGCTACGAAGGTAAAACCTGAGCATGCACTGTGCGCACGCTCGGCGCGCCATGTCTTACGCGATATCGCTTAAGCTCTGTCGGGATGAGTAAGTAGCAACAGCCACGCGTTACTTACCTCAGCTGTGCCGGGGGAAGCTCACCGCGGGACTCAAGCCCTCT,1409,50.89,Escherichia coli
SEQ_136488,AAGTGGGGGCAATCAAGTAAGAATCTGCTGTCACCCCTACTCAACACGACGAGACGTTGAATTTGACCACAATACCAGGATCTATAATTTTGGTTCGTTACCAAGAAATGGCCCAGGCCCGTGAAATCCGGGATTGGGTCGGATTCGCAAGGCTAAAACGGGGGATTTTCTACCAGAGTCATCAGAGGTCGAGTGCGGGCACCGTAAAGTATTGAATCTGCGGGGGATAAAACAGCAACTGCAGCAAGATGACTCGCTGGCTGCATTAAATTGTTACACTTCAACCATCCTGCTCCTGCCCGGAGGACGACACTACAGTCGAATACAGATGTTACCACTCTAGAACAACGCTGGTCACCCAGCTTTGTCCTCGTAATGGGACCTACGAGACTCCGCACTGCGATCGTATATTGGACTCTGCGGTGCAGACCTTTACTGTGTGTTATGGATGATCCGGATAAAATCTATTGTGGTCGAAGAAAGCAAGGCCTGTGCCAGGTACGTGCTATCAAAACTCGTAATCTCTGGCACTCGGCGAGTGCTCGCAAGGAGGTAGCTCCGCTCCCCCGCAAATCTTATCGCGCCGTACCAGATCATCACGAGTATTGGTAAGCACGAATGCGGACGATGCTTCACCACGTAGCTTCGGCGAGCGGCGACCAAAAAAACTTCCCTTAGGGTAGCTTTACTCCTTGCGATCACTAATTGCCTTCACGAGTGGTTAGCGCAATAGCAGAGTGACGTGTCTAGGCAAATGGCACATGCGTAGACCGGTTTTGCAGATCCCTCGGT,792,50.76,Saccharomyces cerevisiae
SEQ_949093,CGTGACATCTCTTCCGCTTTTTGCCCCGTAATAGCTGCTCTAGTATTGACGCATTCGAGACTTACCTAAGACGGTCATCTGGAGCAGATATGGTCGCGACATTTTCGCCAGGTGGACCTGTGCGTCTATGGTTGATCCTGCCCGAAGCGCGAAATGTACATCTTTGCGAGCTCTAGGACTCGGGCGGTATAAATCGCGACGTTAGTACTGTGTTACGGCTCCTCTCACTCGGTATTCGCGCGATCCCGACTACCACAGTCGTTCCTAGATCTGATCCAGGTTCCCCAGATTGTAGGCGCATGCAACCCATCGATAAAAATCCCGTGGAGCCAGGTGTTTCCCATGAATACACTAACGAGGCTACCTCCCGAGGAAGCTCTTCCCGCTGGGCGAACCTTGCCCACTGTTGAGACGACTCCATTACTGTTCCAAAA,434,52.53,Caenorhabditis elegans
SEQ_267238,CCTCCCCGGTCTCCCGTCAACGGCCTTAAAAACGAACGAGATAATGCTGACCCTACCCATGAGTTGCCTAGGGGTTGCCGGGGCAACGCTTGCGGTTCATGCCGCTTTGCTTCGCGGGTCTTAAGACTGTGTCGCAGAGCTTAAGCCTTGCATAAACCATTCCACGACCTTCACATGCGGCAGCCTGCAGACCAACCGCTCACATCAGCGGCTAAGTATCTAGCGATCTGAACACCTCGGGAACATTCTTATCAGGTCATGTAGTAACATCCAGTGGGACGGTACGAAAGGTTTCATAATGTCGGGCCCAAAGGATTAGTGGCGTCGGGACTACGAACAAAGAGGCAGATTTAGGCCGTCTTAAAAGGGGCTCATTGCCCAGGACCGCACCGGCATTACTGT,402,53.73,Mus musculus
SEQ_164987,TATAATTTGAAACAGCGTGTAGCAGGATGTAAACAAAGGTATGTAAATTCGGTCTGCAACCGGTGTCTATTTGTTTAGATAGATGGGCGAGAGTGTAGGCTTATACTGCCGACTGTCCAGATAGGCACTACGATATGTACCTAAGTCTGCTTACAGTGCACACTCGTGCTGTTGCCATACATCAGCACTTTTATTATTGCCGTAACGAAGCTGCAGCCCTAGCGCAATGGCGGTCAAGACATGATTTCCTGCCGTTGATCCTCGTTTGCCAATGAATGGCTGGGCCTGCAAGGCTGTGACGGTCTCTCCGCCTGGCATTGGTTCCTCGTACCGACCCAACCGCCACACTCAAAGCCGTAGCGTGTGTGTCCTGCACCTGATAACGGTGGGGAGAGAAGTAACGGGTGCGCTAGATGCGGTGTGCGATGGTAGATAAAAGGTGTGGGAGCCGGAAAGGCGAGAACTTACCGCGCGTCAAGATCGGTGGGAGTTTACGTTTTGATCGGAACCTTGGAAAGTACGGAAAATCAACGATCA,537,50.47,Mus musculus
SEQ_838376,AGGCACGACTGCCTAAGACATACCCATAGTTTGAATGGAGTATGATCGGGACCGCGCGGTCTTTATCACGAGTTTCAAGACCGCTAAGCCTATCTGAGGAGGAGTGGTAAGTCCCGACTAGTTTTCCGTGTGGGTGTTGAATGTGCGCGCTCACCCTCTAACGCGACGGACCTGAACAACTCGTAGTTCTCTACGGTCTTTTGTGACATGACAGCGCTTAAAGAACGGTCGTAGGAGAACATCATTAGGTTTAGCCATGTGAGTCACGTGGTGCCACTGTATTATCAGCGGCTTGTATTTATTGTAGATGCTTCTCTATTACGTTGGGCCCTCCGCGTAAGAGCTTCACTACGTAATGAGCCTCATGCCAACAACTCGCCTTTCCCTTGTCCGAAGAACCACGGTGTACCTCGGCCAGGACGAGACATGGAATCACAGAGATGACCTGGCCCAAGCGAACACGCTACGGACTTTGGGAGTTATTCTCGGGGAACTGCGCAGGAGACACGATGCCTGCGCTCCGACCCTGCTACATGGGGAGGGTCCCTCCAGAAGCGGTTAACCGTGCAATCGTATCTGGATATCCTAAATACGCCTCTTGTCGTAGTGCTTTTCCGTCCTAAGATCCACGAAGCTTAACAAGGGCGCCAGTTACTAGAAGTCTGACGAGGATTCCGATCTCTGTGTCAGCAGGACGTTGATCTTACCTTGAGCCTGTATCTCTGATTTCGTAAGCGCGGCGAACGCCTGTTGTGTATCAGTACTTAGATGATCCTAATGTATTTGCGGGGCAGCTGATTTATGGAGCTCACTAATCGTCAGCGATGGTCGACGGGGTTAAGTCTGGTGCCGTCGGCCATGTCCATCGTCGCCGAAAGTAGGGCTGCAGCGGGCCGACCTGACAGACGACTCGACCATGTACAGCTTATTCGCTATAACCGGCTTTGCTATTTAAACGAGGGAAATCCCGACGTGCTTGTGCAGGGATGGACTCCTAAATTATTGGGGCTTTCTCCAGCGCCTCGGAAGTCTGGTTTATGTGGGTTGTGATACAGATACCAGATGAAGTTGGGCGGGAAGCCGAGAGAGGAA,1092,51.83,Arabidopsis thaliana
SEQ_280222,GGCGCGATCTTGGGTGCCTGTCTTTCGTGGGCAAAAGTTGCTCGCGCCAAGAAGCGGTATACGGTCTGCCTCGCACGTTCAGCGCTGTGATCACTCGCGTGACCGAACTGGAGACGAGAAGGTCAGAGGATTACTACGCTGTACCTCCCGTGGTGTCCACGTGTCCTTGGACTTATGCGATCCAAGAGCAGAGCCACCGGCCCGATGATTTTCATGCGATCATGTTTGCCCACTTATTGATTCTTCAGGTGGGACCTCGCAACCGGAGGTCCCACTCCCTCTACTGTGATCCGGTCGCGTTAATTCGAGTGCATGCGTCGGAAGTCTGGCATTGTAACTGACCGAATTCCAATGTGCTATGGGAAGTCTACTAATTAGACAATACGTCCTCCAGGCATTTACCAGGACCGGAACGGCACCTATTGGAACTGTGTAAGCCTGATGTACTCCTCATGGGGCACTTTTGCGGGAATCTGTGGCCGAAAAATGACATATCAATGTGGGCGTTAGCTCGTAGGCTTTTAAAACGGGAAAATCTTCTATGACATCGTAGGGCCCAATAGTCCCGCAGGACACGCTTTAGGACACGAGTACCGCCCTGAGGACCTTGAATAAGGCACTGCATCCACTCTGTAGTGGATGATGAGGAAAATACTATTGGCGGGAGCAACTAAAGAGAGGGCGTATCATTTCGAATGATAGTAAAGCCCGCAACGGAGAGGGCCCTTTTCACGCCTCCAACCGCATCAGCAAAGCTCATAAGACCACAGGTTAAGCCTCAACCGCCCGCCCAGCTCAGATGTAACATGGCGACCGTGCAACTTTGAAATGATCCTCAACGGACTGGACATGTACGGTCGCTCACATCGGGATGTACTACATGTATTAGTACGTCTCTTAGCGAATCGCGCCCAGTAAGTCCCTGCTGCTATATTTAGTTGGAGGTTGGTCGGCCTTACTAACCATGTCTGGACCCATGGCACCGAGCACTGGCTCGGTTCGGCGGTTCCGTTAGGTGGCTTTCTCAGTTCGATAACATGCCGTTTTACCCTTGTCGGTCAAGTGAACAGGTAACTAGTAGAGTACGAGCATGCTGCGATGACGCGACGTTGTACTCTTGACTTAATATTAATTTCAGTATTCTACTCCCGCCTGAGTCTGTACGACTTTTTCTTCGTTCGGCGCTGGCTACTTTCCTATGATCGTCGGGGATTCGGATGGATCTTTACAGCTAATTCTGGCGAGGCCAGCTGCAACAGGGTACTCATTAGTGGTCCCAATTTTATAGTTCCTACTGTGTGTGGGCATTGGATTTCGATACAAAATACGCACCGACCGCCTCATGTGCCTCGTGGCTCACGTGTGTCATGTCTGCGCAGCCGTTGTTAGGGGGTTACACGAGGAACATGGTCAACCGATATATTGACCCGATGTGGCTGTTGCGTTTTTGAGTTAACCAGTCCGGTAGTCTGGGGAGGCTAAC,1483,51.31,Arabidopsis thaliana
SEQ_291090,CAGGAGGTTGAAGACCTCGGTCGCAGACAAAGCTCCTCCGCATAGTGGTTTCATTGAGCGGGGGTAGGGAGGAGAACGACATTCATACAGATGAGTGTCCTGCGCCTATAGTAGGGTGGAGTAGCGCATCGGTGCCTGGCTGTCATCACCAACCTGAACTGGACCTCCCTAAAAGCGTAGTCCTACAAGCGAAACTGTCCCCCAGTATCCCTTGATTCTCTAGAAGCCCCACTACTCGCTTCTCGCATATGGTGGGCGGTATCGGTAGCCAGAACAGAACACTGGTTATGGTTAGTCATTCAATCGACCTCTACCTCAACATCCGCTACGCACACTCAAACGATAGCAGGCTGGAGACACGCTGCTATACTTTCTTTGTCAAAACACGCAAGATAGACGTGTCATGCTGTAAGGAGTCTGACCCCTCCCAGTCACGGACATACTCAAATCATCATGTTTGTTAACGAGGTTTTGACTCTATGAGGAACAGATTATATGCCTATGGCAGATTCCGACATCTTGACGGGGTCCGGACAGAATTCCCAAGTTCTTAAGGATCCACCTTTAGACATTAACGTTGATTAGCGAGCGTGCCGCGCGTTGGAACTAACGTAGGTCTCTTTCATGAAGAATCGATGTACCGCCCGTATGTGCCTTGACCAACAGAGATAGCTTCCCCCACATTAGGCATGTACGCTCATAAGGAAAACCACTACGACCAGACTGGAGTGTGGTGTTAGGATATGGAGCATGCTGCCCTGCTTAATCGCACCAATTAGCCAAACCATCTCTGTTTTCCTGCGATCGGAGCTAGTCGTAGGCATAAAAATGAACATACACCATCCTACTTCCAAGGGGTGGCGATGCCGAGAATTCATTTCTCGGGGTTAATAGGCGAAAGAATTCCCGCGAGTTTCCTCCAGTTCTGGAGCCGGGTGATAGGCCAGCTGTAAAATATGAGCTAATGAGGATGAAAATGGTGGGTCCGGACTGAGTAAGTACAGCTAAAACATCGCAAAATAATATTCTCAAGATTTATACTTTAGGGCTCAGCAAAAGAGCTGACGCACTCAT,1074,48.6,Escherichia coli
SEQ_876313,GCTCTCTGAGGTTTGAAGCCGCCGTATCAGACCTGCCAGTGGTATAACCAATTGGGACACACGCTTCGGAAATGGTTGGCGCAGCATGGTCCTTCATGCGGTGGCGCGTCCGAATCTGTACGGTGACAAGAGTTGGACTAGTAATAGCGACTGGTTTTCAACCGAAGGGGATATCCCTTTTTTCACTTAGGACAGTAATTCATCCACTTACATTGATTGTAGATTCAGTCTCCCGGCAGGTGAAAAAGTTGATAGTCCCTAATTGAAACGACTATTGACGTCCTTGCGTCCGTATCGTATTATCCTGCTGCAAGGCAAGGCGTATCGTGCCATCTGCTCGCGTGTTTAGGTGAGCTTAGATTAGCTAGACTTGGTCAGAACGTTAACGTAGAGCATCATACCACGAGTTACAAAAGAGACAAACAGCAGGGCCGAACTCCAACTAATGAGGAAGCCACGTGGGAAACGAATGATTATCACCCCAGCCCATCAACTCATGTGCCCGCGAAATTAGTTCTGAGCGGGACGTCCCCGGTCGCGCCGATTAATCACCCTTCGCGGCCGCTTGTCTTACCAGTCGGCATGCAAGTTGTAGCCGATTCCGCCGCAGAGAAACTCTTCGTGGCGTTTGATGTAGCAGTTAAATAGGGCAAGAAGGTGCGTGGTAGTCTCAAGCTTCTCTCGCTCCTCGAGCTACTAATCATTCGTATCCACTATACTCTCTCGTTATACTGAAGCCACGCCTTCTAAATTACTCCAACGCATTATGAGGGGCGTCTGTGTCCTTCATCAGAAACGGTTTAAGCGCGGGTATACCACGTGGCAGCGACGGGGTGTGTCTGACTTAGCGCTCACTTTTCGGGGGCAGGTGTGGCGGTGTATTGCCATCGGCAAGGGAATGTCTTCCCCTCCGTGTCGCATCCGTGTCTGGACTTTATGTCCGTGAGTGATTCGAGTGCTCGGCGACTCCCTAGAAAATGAACTCATATTGTACAGGTTAATGTCGATATCGAAGAAGCCTTGGGAGCTGTCCTGAGATGCGGTAGAGACTCGCGTCGAAGCCTAAACGAAACGAATGACACCGTACTGAGCGACTTTGGCTGTAGCAATTAATTTCCCGATATTGTCTGACGCTGCAGACGACTGACAAAACCCTGAAGTTTCCGGTGGTGACAGACCGCATGTCGTACTTGAGCTATCCAGAGTGTCCCTAGATTATTTCGAAGGGGGTCCTGTTTTATTGGTTGGCTTTGTCACTTTGGTGGTCTTGGATCGATAGTGTCCCACCATGGGAATCCGAGGTACGTTTACGCCATAACTATTATTCCCCAACCACCCCTAATCGACAAGGCACAAGTGTCGCTTGACCTCCTCCTGACGTAGGCGTGATCGGCTAAGAAAGGACCCGTATACAACAGACGGTTCCGTAAAGCTACTGGTTACGGG,1446,50.41,Saccharomyces cerevisiae
SEQ_517901,AAACCCATGTGATACTCCAGGTTTTCCTACTCGCGACATTATAGCTACCGCGCAGTAATGTTCAGCCACTTAGGTCGTGTAGGGCGTTTCCCGATTGAGTAAACGCGCCTCAATGGGGGGTATGATCGCTCGAAGCGACGCGTCACGTACGCGTGCAACTCGGTCACTTTGTAATCACTCATGGCAATAGAAGGGATCGACTACATCGTGAGACCCTACTCTAGTGGAAATTCCACATCTAATCCAGCCCTATTCGCTCGCACGCCGTTGTTCCACTGAAGTTGATTTTCTATGGGGGCGCTAAGAAGACATGTTGCCTTTCATGCCCTGCCATCTCCCCGTGTCGTGAGAATTACATTTCTTATAATACATTGCAATAGTAGCGGTATCATGCATTGCTATTCTTCGGAATGAGGGATAGACCCAATCATATGGATCTGCATCCGTTAGTTAGCCCTATCTACATTCCAATATGCCGCGTCTCGTTTATCGATAGGGGCACGCGTGCCCGGATGCCGCACCTATTTTAAGGCGAGCTACATCTCAAAGACTCATCAGGATTTAACCGTCTGCAAATGGCCGTGGCCCGCTAGGAACACCGCCGGCGCATCGCAACGGTTAGCCACAGGACTCGAAAGGGAAGACGTCGCAACGAAGTCACACATGAGGGGGCATGCTAGGTATCGTGCTTTGAAAAATCTTTGCTATGTGGATAGCAAACTGTAACGAAGTTTGCATGCTGGATCACTAAACAGCCCGGCTGGTGGCTAGCAGACCCTGGAGCATCCCCACACCTTAAAGCTGGCTCAGACCTTACGAATCCAAGTAGATAAGACAGTGGAAAATGGAGACACGCTACTGGTACTCCCCTCCCTACACAGGAGCATGTATTGACGTCCGCGCTTCAATCTGCCGAGGAAGGTTTTATATTAGGGGAGGACCTACAAGGGGCTCAGTTTCCCCATTTCGCTATAACCTTATGGGAAGGTTAGTTGCGGTCTGGAATCAAGCTACTATCACCCGCCAAAATGTAACTTACGTGCGTCTAATTCAGGTTATACGTCTTACTGAAGCGAGCATTCCATTTTAAAAGCAGTGCAGTCTACATTCCACGCAAGCCTGGCTTACGCCTAAAATGCTAGCAAAGACTCGGACTGAGTTCGGTGCCGGAGTGGTGACCATCGGGACTATTTACAGTCGAATCTTGATACATGTCACATGGACTAACATATAGAGCTGGTCCTGATGGTATAAGGGTCCGACCTCCCGCTTGCAGGACCGGGGCTACGATGTGTAGTCACCAAAAGTCTACTATTAGGATTACAAGCCGTGGAACTTGGTGTGCATGTAAGAGTCAGGATAGACGGCCACGTCTTTGCCGATCTCCTGTCGGAACACTTATGTCTACCTGCTTCAAGGTATGTCTTATCTGCCCAATTAATAATTTTCGTGGGCCAACTGTGGCAATAAGGATTTTCCTTGTTGAGACACCTAGAGTAGTGTAGCCTCAATCTGCATCTTTGCTTGAGTCGTTAAGGGCTTAGTGGTTTGTCATAAATACCCCCCCCTACATTTGACCTGAACGCCTCTTGAAGCCTTGTATGTTTGTTGTTGCTGACGGTATTTTGGGGCACGCCTGTCGTCCGTAACACCGGTCTTGAGATCCCCGTCATCAAGCGACGTAATATCTTCCAACAATTTGCGATCTAACGGCGGCGGCTAAACCTCATGGTCTAGGGCGCTTTCATCGAATCTTAGTTCCTGCTATTCTCGATGTGCCAACCCTGCGATATCCAGGGCAACACTCCAATAGATACCGTTACTTACGGAGAGCTCTGAACTGGCATGACATAATTGAGCCTGCGTAATAAGTGTAAACAGGCCGGGGTTATCGTCCATGCCTCAGTCTTGT,1912,48.9,Drosophila melanogaster
SEQ_171377,CCTGATCACAATCTATAAACAGCTAGGTGAATTTCGCTCCTATCGACCAGGCACGCTACGAGCGCCCGATCATACTATAGAGTTCATGTAGTCTTGAGTACAGTCAGATGCGGCTTACTCACACAGGCAGACGGAAACAGGCAGAGCCGCCCGGTCTCAGGATTGGTTTACTTTATGCAACCGTGGTTTCAAGTATACCCATTAATGCCGGTGATTCGTATAAGTCCTGCACGTTCTCTCCAGCCCGAACCGGTATGGTACTTGGGGTTCCGCAGCTGCGCACCTAGCCGAGACGTCCACTCGGCGTACTTTCTCACTCCGGGGAATGATAAGGGGTATTTAGGAAGACGACGCTTATAAGGATTTAAGATACAGAGCAAAAAATACAATGGGGGTCGTCTCCGAAACCAGCTGGCGTGCGGTTATCCCACTGTGCGTAAGCAGTCACCGCCTAATGCGCACGATACAATAACGTCGAGAATCCACACCCGTCTTGTCGTAGAATCATAGCGACCACATGGCGAGGGAGTCGGCCATCATTTACGAGCTGTTAAGAGGCATTTAGGGATCCTCAGCTTGCTAGAGTTTGGTCGCCCAGGGGGGCCCGTCCAAGTTCGCCGCGAACGTCTGAAGATCTGGGATGATTAAAGAGTCCCAAGCTGAACGTCAGTATGCCAAGATAACGGAGATCAATCAACTAATGTCAGGGTACACCGTATTCTTGCAAGTTGGATCATCTGCCATACCTCCCCATGCACTGCCAGGTCCTCTTCGTGCGAAACATGTTACGCAGAAATTTCCCATGAGCCCGGATACGGCTATATTAACTTTTCGCGAGTGGGCCCTGGATGTATGTTGTTGCGTGGATTTCCCAACTGCTCCTACTGAAGCTATCTTTCGGAGCCTCAGACATGCACTACCAGTGACCACCACAGGCCCCTGCGGGCCCAGGGTTCAAGCTCGAGACGCCGGCCGAGTGCCGCTAATGTTTCGGAGCTTTTCCAATGGCTGTGGACTGTTGCTACTCACACGTCCGCTGGTACAGACTACGGACCGTACTGCTAAGTAACATTGATCTCCCAGGATAGCACGGTCGCAACATCAGTGTGATTTTTACGTCCTTCTTTGATCATACCAGGGCTAGCTTTGAAGCGGAGCCGCACGTTGGACCGCTGCGTCCCCCGAACAATGTCCAGGCAGCGTCGTCTAAAATGAGATTCAGTAGTCCGTATGCTAGCCTCACAGCAGGTATCGCCAAAGAGCAGTAGTAACGTCTAATGCCCTCCCCTGATCTTATCGCGGTTCTACAGCGTTACACGGCCGCCTCAGAATTTCTCGATTCGTTCCGTCACTAACCGATCCCACGGGAGATTTTGCTCTTGGGGTGTATGTTAGTCTAACCAAGAACGCTTTCGTTGAATAGACGAAACGCTGAAACGCGTCAGACGGCCTAATGCTGACTCCACATCTTATCCAAAGGCCAGAGTGGACCAATGCCATCAATTTATCCTTGAGACGACGGATGCTTGTGCCACATCAACGTAGTGCTTCACAGGTCACTAACATAAACCCTCCAAATGCC,1582,51.45,Arabidopsis thaliana
SEQ_898904,TCAAAAGGATATCCATATGGAGACGTCCTCCTTCAAGACGGTTCCGATAGTTACAGCTCAAGGATTCAATCAGGTTGCACTAATGGCTTATCCATTACGGTAGCTCAGATCCCCCTCGCCTAGTACTATTAGAATGGTCGGGGTTTATAGCACTACAACGCACAAGCATATTTATTGGCTAGTATGCCTGCCACGGGGTAGCTATAAGAACAACATTGAGGGCGCCCTTATACAATTGGCACTGGTACGCGTGACGCCCGCTGATTCCAAATACCCGAGGGGTTTTATATCTCGGGGATGAAACCCCCCGGAAGATGGCGATCGCACGCCGCAAGCATGAGCAGGATCCTCCCCCGACTAGGGAGTACACCACGTCCCACAGTAACTTTCAGAATACATCACTACCTCCGTGTCCAGAGACCATTCGCGAAAGATGAACCGATAGTCTATTGTTTGTTCTATGACCTGATCGGAGGTATAACGACCTTATCGCTTTTGGCTATGCCAAGTACGTTGGCCCCCTTGAACATTTGATCCTAGCCATCGTGAGCCCCGTAATCGAGCCTCTCGGTCCGCAGTCTTGTAGTCTGAGCCTGGTCGCGGTAATGAAACAGCGCTAAATTACCATATGAGGTAAAGTCTGGCACTTTTTACCTGGTTCCATGATAGCGGTGAAGAATAAATGGTGTGGGATCACATGCGGATGGGATTCCATTTGACGAAGGACGCCCGAACCGGATGCTAGGGAGGTTCCAATAGTCTACGGGAATATCTTTCGCCAGTTCCGTACAGGATCACACCCACGAAGCACGTTAGGGCTGACTGTCTTTAACTCCAGCCGTATTCTATCGCACAGTGATGACGCGGATTGGTGCATTTGAGTGTCCCTCGTTAGCTGGATATGCCTAGACCCCAACGCTAACGATTACGCGCGGTGATCGCGAAGGCGTATTGGAGTTCAGCCGGGTCAATTCCTTCCAGAAAACGGACGGGTGAGCCACAAGACACATCGACGATTCTAGAGGTACAGTATATAGCAGCAAGTCAAGGTAAAGTTGAACAGCCTCACGGGTATGAAATCAGTGTCCACTTTTTAGACAAATGAATCGGATTAACATGGCGATGTATTCCAAGATGTACCGCGGACATTTGAATTTCCTCCATATCTTATGTTCCTACCCGAGGGTTTCCCGATGAAGCCGGGTTTCATGCAACATCTCCTGCTATCAAGTATGACGCCTGCGGTCCTCTCTCAGAAGCGGCTGGGTGAAGTCGACCCGATAGAGTCCCTCATTAGGACTTCGTCGGCTGTCGCTCGGAACTTCTGGTGACTTGCTCAGCGAAGTGTTTGGCCCTCCCGC,1361,50.18,Arabidopsis thaliana
SEQ_117896,TTCCCGTCGTAGCCTTAGTTGACGCGACTAATGTCTTATTCCTCTTAGTGGTAAAACATGTAGCTCAGTGGACCAAGGTCCGATTTATGCGAAATAGCGAACAGGCGTTTGGTCTAGAGTGAATCCTTTGCGAGCCGAATCATCATTGGATAACAGTAGTGTATACACAGAACGAAATCTGGGGCGGCGTAGAATCTTCATAGCGATAGAGTGTGTCTATATGGGTAACGTTTACCTCCCCACACCTAATAACGCAGCGCATTAATTGCTTTAGACTGCATAATTGCGGCAATATAGTTATTTACCCTTGCGCGGGCAGGTCGGAACAACGGTATCCTATTATGTCAGTATGCGCCAGCGTTTTATCACTCTGTTTGTGTTTAAAGGGCAGGAAGAGGGCCCTAACACCAAATGGACCATGCTTTTATCGCCTACGGGCAGATTAAAGGTACGATTAAAGTACGATAAATTTAATTGTAGCAGATAATAGTTGGGACCAAGCACACCTGGCGGTCCTAGTTAATTACTGCAGCGCGCGGGTGGTTGTTGCCGCCTAGCGGCCAACTGATAAAATTGCACGAGGATTAGCGCTGCTACGGCAAGGGAGCAGAGGCTCCCAAGCTAGTCTGTGTCGTAGCGACATAAATTTGGAGGGACAATAGGGCGTCTATGTTCAAGTTGTTCGGGTCTACCGTTCATGAATTGGAGCGGGGCGAGTTCGACGTACTGCGCGTTTGCACAGATAGTTTCTACACCCTTCCTCTCGGTGTAAGCGAGTTTGCTGATCATGTTAATGGTTCTGAATTAGAACTGGGTGTTCTGTACGGTCTTGTTTACCCCACCCCTCGACGGTTGGTTGGGGATGACATACATATAAAACCTGGGTGAAGGTGGATGCTAACATAGAATGGTAGCGCACCTCCCCCGAAAGGCCGGGAAGCGCAACAAACCAGCCAG,957,48.07,Saccharomyces cerevisiae
SEQ_989574,CAGCTCACGTTCTATAATAAATAAGAAGCTACCGTTTAAATGTTCCTCCATAAGCCACAGCTCATGGTTACATACTTGGGTTATCCACATAGATTGACCCCACGGGCTCCTCAATACACAAGAAATCCTGGTCTAAGGCAACCAGTAAACATCCTTTAGCCGATACCATTCATCGTATGGTAACCTTCTTGAAACACCAGCCTAGTAAACTCCCACTACGTTCATTGCTTGAGCTGTTTCAGAACATCCAGGCGCATCGACAGACCGTTTATTCGAACGTATGGCCTCAGGTTAAGTCGGTTTCAGCTGCAGGGGCTGAAGAAAGGCAACGAGAAGTTCCGCTCTGCTAAACACAGGATCTCAGACGACTTACTTGGTACGCGGCAATGTACGCTATAGCCAATACTGCGGTGAGCCGACCAACTGATGGCAGAAGCCTTATGTTATTGCAAGGAAGGGTAGCGAGCCGCGGGGATCTATTAATATTCTCGGGGGTTCTATGCTTGATTTTGACCCAATCTCCAAGCAGTGTCCGACATTTGGGCTCTATCCCTTAAACCAGTCCACCGGCCCCCCTACTTCTAGGGAATCCTCTTTTGTGGCGTGTATGTAGCTAGTGGTTCTGATGCAGGTATGGGGTATCGTGGGTTTCATTGTTAGATAGCTATCGCTATCAGAGGCCCCGTTATCCTAGTCAATTACAACTCCAATAAAGGATCCATACTGCCTCGTCCGAAGCCGACCAAAACAGGGGAGATAGAAGCTGTTAGTAGGATGAGACTATTAGGCATCGAGGCGCGCGACCAAACGCAGTTGTTCCTATTGGGGCAGGGTACGTGGCTCCCAGATGCAAACAATATCCTGCCTTTGCTCTAAGTCAACTAAGTAGATTGTGGAGTAGCGCATGCAAGCAAAGCCCTCCGCCAGCTGCTATATTTTCGAATTGGGTATTGTAACCAACTTCGCTACCACGATGCACCGTACCCCCATACGTGATAAGTCGCGATCTCCACCACAACTGCCCTCTGGATTACCAACGCTTAAGAAGTGAGGCAAAGGTGGTTGCATTTAACAACATCATGTTCTTGGACCTTCTAGACGATAGATATTCAGGGGTTGAGTCGTTGTAGCGAGATAAATCCTTGAGATTCTCCTGACAGATGTATGAGGGGCTAGCCTGTGCGCTACATATATGTCTTGTTACGGTTGGTCCTGTGTTGTATTAGAAGCAAAGCAGGCTCTGGCCTTGGGGTACCAGTACGCAAAAGCAACAGCACAATATTAGACCGATACGATCGCCACAAGAGCTCATGTCGACAATTTCCATTGAGTCATTATGGAGAGCGTTATGGGTCGTGCAACTCGCTATACCCCCCTTCCGGTGTGCAGGAGAGCCCTATCGACAACTCCTAAGGGTTAGAACTGGGAATGATGAGGTAAACTCGGTTTGGCAACTGCCTATTGAGTTGTCTCGCCGTAGCAGAAAGACACGCGGCACTGAGGTTAACTCCAGCCACCCTCGTTCACCCGGTCCAAGCAGAGCACCAGTAATAGTCCAGCTGGCTTTGACAACTAATACCGGCCCGCATGACGCCTGCTCTGGACGACGTGCCCATTCCTCCGTTTAAGGTTGTGCCTATTTGCCAGCAAGCGCGGAATCGTCTGCTGTAGGCTGTGCAAATAGGTCTGCCGTACTTACCCTAAATCCGAGGGACACATGGACCCTTTTAGCCAACATCAAGCGCTTCCTTCGCTTGAAGCTAGAAAAGAAGGGACTTTAACGCA,1785,49.08,Homo sapiens
SEQ_825267,TGTGGGATTATGGTGTCTGCAAGAAGTACGCTTTTATTGCAACCCCAGACTTGTAGAATGAAGGAATCTCCGTGTAGGGACCGGGTGCACCCGACGATATGTCCAAGTTAGCGATTTCATACCGTAATTTCTACAAAAAGAGCCCACGTTGAGCAGTT,158,46.2,Escherichia coli
SEQ_334233,CTTTGACAAGCAGAACCGGATCAAGCCTGGATACAGTGTGTACACCAGTACAGGGCTTTCCTAGGCTTATGGGACCCTGCCGCTAATGCTGTTTTATGCTGATAAAAGACACCACGTCACCCGGTCAGGACCATAATCGCCCGTTTTGTCTAAGTTCCGACGTAACCAGCCAAATTTTGATGCGTCGCTCGGTGTGCGCCTTCTGGGCCTGTACCGCTGCCAGGTCCGAGATCCTTAACACTACTTGAAGTATACGCCCAATTCATTCTCTTATTGCGGGAGTTTTTCATACAGGTGCACGTACTACGCAAACTCCTTCGTGACGAGTAGTTGCCCCCGGAATACGGGGAATATCCAGGGGCGATATACAATCGGACAGTTCCAGCTCGTGACAGACGCTCTGGAGCGCTAAACCCCTCCAAGTCTGTCCCTACAGCGGCCTGCGGGGTGTTTGGTGTACCGGTAACAATTCAGACTGAATAAAACCAGATATCTCGATATAGCGGAAAGTTTGCCAGGCGTCCTACTAGGGAAGATTTTATTGTGTTTGTCACGACTACTCTGGCTGTCAGAACATATCCGGGTAGAATTAAAGCTCCTAAGGGCCTGTATTGTGCATCCGATTTAGGCAAGAATGCCTCGCTTGTTAGTGACCAGTTCCGCAAACGACCCCAGTATAGATGGTGGGATAGCCTAAGTGAAATTCCAACTAGACGCCAGTTCAGCTTGTCTCGGCGAGGGGGAACCACGGCTCCCAAGTTCTTGGTCTCGCGCAGCGAGGAAAATCCGGACACCACTACAAATCATACTTGCACACTTTCCTACTCCCGTGGGCCCTTCGAATTGTGATTGCCCTCACAAATCCGTAGGTCATCGTTAATTTCATCTCTGATTAGCCCAGGCTCGAAATGTACAAAACAGGCATACGCCTTCCCGTTGCCCAT,944,50.42,Homo sapiens
SEQ_511130,ACCTAACACTGCGAACAAACTAGTTTGGAGTCATAGTTCTGAATAACGGTCCCACTCTCGCCCATCTAGAGTTGGACTGGACGGAAATCGAACTTCCGCCAGGTCTGATTATTAACACTACCTGAGACAGCTTGGCGATTCAAAAGTTAACTAATCGGCGCCATCTAGATGATAGTGTGTATCTGGATCACCTGTGTAGGCGGCCGGAGCTCTATGCATCTTACCACTTTGAGCAATTGTGGCAGGCCTCGCCGAGAATCATTATGATTACAAGAGTGCAGCAAATGTCCCTCCTACTCAGTGGCCAGCATGTTACGCCCAGGCTTGCGACTACGTTGGGAGCCTTTCAGAAGCACTAAGAACTGTGCTAGACACTTTCAGCCCTCACTCGGCGGGGTTTTTAAGCATGATGAGGTGCGCTTTTCGATGAAGAGAGCCCGCTTGTAGTGGTAGAGCGCTGA,461,49.67,Drosophila melanogaster
SEQ_351954,CCACGCGGTAGACCTTGAACTCACGGGCCTCTATATGGATCCGTTTGTATGGGAAACAATACTTACTAGTACTCATATGGCTCCATGCATAATGGAAATCTGCAGTTGTCTTGACATTCCACTGCGACGGAATCCTATTCGGGGTCCTCCGAGAGACCGTGTATGGTAATGTTCAGGGCACAAGAGACACCGTCATACAGGCCGGTTGAAGCCCATTCTGAGAGGCCGTGGCCTGCGAACGTCCGCCAGCGATTATACTCTTCGGAAGCGCAATAGCACCAGTGCCAAGACTCTTGGTCAATTATTGCCGATGGAACGTTAAGTTCACTCTATACGAGCTTAGGTGTGGATACGGTTACCGCATTATACTTGCCCATTTCAGTCAAGGATTACGCCTACCAAGCGAGCCGACCATGCAGCCGCATGGAACTCGGGTGCAAGTTAAAATGGTCTTTCTCACATAGGGGGACGACGGGAGACACGGCAAGTCGAGTGTGCAAATGGACACTCTGACAGTACCAACCTTTAGGTAACTACGCGCAGGTCATGAGTGAGTCATTTACTCTATTTGTTGATAGTGATTAACATGGACGGGAAATGGACCATGATTTCAACAGATCTCAGACTACTAACTGTACGCTCTCCAAGGGGGACAGGAGGCTTCGCGTCCGGCTACACGTCACAGGCAAATACCGGCACAGGCAAGCCGCCAGGCACTGGGGCTGTTCTGAAACGGTTGGCGCGAAGGACGAGCAGACGGACGGTTTAGAGCATTAATGGTACCCAGACGAGAACGATCCGCGCAACTAAGAGGCGTGGTGCTTTTTTGGGGCAAACAGGGTCTATCACATAAAGACCCATCCGAGGTGCACCGTGGGAGAGGGTTCCAGTATGGCCTACATTCTACGGCCTGCTCCGGTTGGTATCTAACGCGTCCGGTCTGTGCACCTAAGAGGGTGGGGGAAGTGCAGTGTCGAAAATGGTCGCACAGTCGGAAGATCATAGCTATTAGAGGAGAGTTTGCACCCTATGGATTAGACGGGATTGAGGTCCCCTCCATCTAATGATAGCACGTATGGTAATGCGTAGAACATTTGAGGTATAGCAGATGTTTAGCAGCAACTCGACCACCTCGATGGACGAGCTTGCCGCATATGTAGGCTCCCCACTATG,1173,51.49,Mus musculus
SEQ_935943,CGTGCGCTATTGATTTGATGTGAGGAACTACCGTCGCTATTGCACCGCCCTGTGAAGTTCACTCGCGCCTTTCATATGATAGGGTAATGGTTTGGGGACGTGTTCCCTAGGTGGTAGCCTGCCGTAGGCATTGAGTGTTGAAAGGCGGGAACACGTACGTCTAAGAGCTATCGTGCAAGGACAATATATTTTCACAGTACGTTACCGCTGGTAGGCAATTTCCCGCCATTGAGTTTAGTTCGGGGTGATAATCATATGAGGACAATTGGCTAGGTTCCAGCTGGGTCGGAGGGGCACTTTATGTGAGATGATTTTGGGCGTGGCACGATACAATTGTACAACCGATGGCCGGAGCGCGCATCGATACTCACTTTCCTCCCGGTTCATTGGGATGCGGTCGTTAACATATCGCGCATAGTGGGCGACAGAGACAGCCAAAGACGTCGGATCGGCGTGGGGTATAGGCGGCTGTCGCGCTAAAACCACTTGCTGTCTTTATGGTCTCTGCTCAGCTGTCAAATCGCCCTGCGCAAAAGCTCTACACCACTGCCTCTGACCCCCAGAACTATACGAGGATTTCAGGTGGGAGAGTCTCGAATGCCTTTGATCCCATTATACTAATTAGGGGAGCTGAACCACTGGAATGTCAAACTTAGACTCCTTTTTCTGTTTCGGGTCTCAACACAGATCTATATGACCGAGGCCAATGCGCCTCAGTTGGGAG,724,50.97,Arabidopsis thaliana
SEQ_700159,CTCTTGCACTGATTACGGCCTCGAATGCAGTAGGATGGGTCCACGTTGAACACTTGCAAGGTGCATTTGGTACTCTTAGCCTCAGACATTAGTTTCGCGAGGCATCCTGAGCGCTGTAGCCTTGTCTATAGCTCCGACACTACCGCTTTCAGGGAACAAGTGGTCGACTGCCCGCGGGCTTTCGGATGCAAAAGCTCTGACACAGTACTTAAAACGCCCCATGTACCTAGCAGCATTATCGGAAGATGAGGCGATATGTCGGTCGCTCACGGTTGCCATTGAAGGATACACGTGTTCTGAAATGCCAAATGGATATTGAACGATTTGGTAAATGCGCCTCACCGCACATCTAGGCGGCTTTCTAGGATATTCCGGACCTTGCCACGATTAAAGGAAACCCCACACTCTCAGGGTTTGCGGATGGACTGCAGTTTACCGTAATGGTGACCTCGGTGTCGCATAGCCCTCTGTGCCCAAAGGGACAGCGTGAAGACTGTAGTGATGTAACCGGCGGATTGGCTGTGCGGGTATGCATATATCTAAGATTCTCTCGTCCCGCTGTACTGAGTCACGCTTTAGACTCTTCATGTGCCTTATATCGAGGATTCACGGACAGTTTTCGTGCCTATGTTCATGTTACTTCGTGCGGGCAGGGGATATTGGGGTCAACGTCTGACCCAGGGTCCCCCGAAGGACCTGGCGAACTCTTCGGCCCTAGTGCTTGAGTACGATAAGCATTGCCCTGAATAGTGCAAGTCTCATAACAGCATCTATATGCCGGGGCTGGGGCTGCCGATTAGAATTAGGTCATATACCTTTTCTTTGGTGACATCCCAGACAAGCAAGTCCAAGGGTACCGCGCGTACGGCACCCAGCCAGGTGTTTCCTGACGCGGACATTATAGGGATCCCAAGTTCCGCCTCGCACATCTGTTTTTATACGCAGCTGCTCCTTTCTAGGCCGTCTCGACAAGTGTCAGTTAATAACATGGCGGGACTTGGCCTCGCTTAGCTCGTAATGATAGATGTCGCATTACGACAGAAGCTACAGTATCAGAATAATCCTTGTCACAACGGGGGACAGCGGCCGATTGGGTACGGAAACCCACATCTTAGTAATACTCGAAACTCGCACCAAGATTGGTGCTCGGTCGCATACGCGCGCGGGAAGGAATGAGTCGCCGTCTTTATTTAGCGTCTCAGGGCTTGAACTGCACTCGGATTGGCGTGGCGAATCACCGATGGTCGATAATCAGAGCCTAGTCTAGAAACGGCTCATGCACACTAGTTCTGCATCAAAACCGGGATGTAGATGCAGCGCCAGTTAGCTCCAACGGGCAGAGTCAAGTTGGATGGCCCGACCACTGATGGAGGCACCACGACTGGGAGATACGCCTTCGTCACCTTGATCTATAGCAATATGGTCGGTATGTTTTACGGGCTGCATCCTCGACGCTATCTATCCGCTTCGCTCTCTGCAATTATCGCCTTCGACGTGCCACATCGGGCTACGCGGTGGTCTGGAGTGAGGCATAGGGTTACCTCGGGGCCCCGAAGCTCAATCCTGCGGTAGGATTGGTTCCCTAGCGTTGATACAAGATCGCCCCATCTCTACTTTTAAGGCCTCCA,1628,52.27,Drosophila melanogaster
SEQ_625900,CGAGTGCGGCAGCTTATGTATAGCGTATTTCTCCTCTACTTCTCATAACATGTCAAATCAGCCAGTCTTGACCATCGCGCATTTAGTAAAATCGGCCCTACATGGCGGGGAAAGAGCGTTCGTGGAAAATCACTTGTTTCCTTCGACAAATGGACGGCGTATAGGGACAAGTGGGAAGATCTATCGTGGATTGCTGTCCCCAATTTCTCGGAACATGTGGTCATAGACAATATGTGCCAAGAGTTACGTAAAGGAGTCCCGTTTACCGACTAGAAGCTCTATAACATCGAAGTAAGGATCGTATAACCCGTCGTGTATGGTAGAGACGGTACCACACTAGCCCGCTTATATAGAAGAATCACGAGTATCTGGTACCTACCGAGCACCGAGGAAACAGGAGCCCATGTCGGCCCCAGGCTCAAAACTCTGATCCCCTTCTTAGCTGTTACCTAAGCGGTTGGAGAGGGGGCCTTGCACACTCTGCGCCGCTAACGTCCAAAATAAGAGCGCCTCCTGAGAGGGTCACGTTCATCGCTATCGAGACCACGGAGCCTCTTTCAAAAGGTCGCTCTCTGTCAATCGGACGAACCTTAGGGTTGACGTCCCATCGAATTCGGAAGCCATCGCATGGATATTCAAGATACGCAGGACATAACATTGGAGCGATGCATACGGCAACGGCCGCGTACATCCTGCGAAAGAGAATGAATACTGGTGCGACGAGCTAGTAACACTCGGCGGGTCTAGTTATCGTAGCGTAATACATGGCGTCTCCAAACCCGATTTAAGGCCGGTGCTGAGCTACGACTTTCCGGTAATCCCTGATTCATTC,832,50.12,Drosophila melanogaster
SEQ_488102,CAACCCCAATCAGAGTCAGTCTGCCGTTTCGCCGTTACCGGGGGAAAATGCTGTCACGGTCGTGTATCACCCCGAACCGTTGCTCTCCGCTAAGACCACGAAACAACGTAAAGGACTAGTCATTGGGGTCCATGAACCTTAACTCGCTGGCAACTCATGTCTAGGGTTATATGGTCGCAGATGGGAGCTTTCCGAGAAGTCTCTGGGATCTCCACAAGACGGAGGCATCTGCCCGTGTTAAGAGGGCCCTTGTGTGACAGAAGAGCGTCCCAAGGGACTCATAGGCGCTCCAGCGACATCAGGCCATTACTGGGAGCTTTTATGCGTGGCGCTCAGGGCGCGTTAGGTGGAAAGTAACGTAGGTGAACGGAGGCACAATCCTTTGGACCTCCAGGGGTCTATAGGTCCGTTTCCCGAGCTGATTTCCCGGGACAGCCATGTGCGGAATATAATATGCTTCGGTCATAGTGTTATTAAGTAGAATTCGCGCGCCAAAGCGGTTAGCCACGCGAAGCACCTAAGGACCTCCACTTGAAACTAGTAGGTTGTAGGTTACGAGGACTGCACGGGAGAACCGATTGTACTTCTTTATTTGCCCTCAAGACCCAAATGCGCAGTGACATTAAAATTTCTTGCAATCCGACGAAATCCATCGTAAAACGACTGCGGAAGTGCGAGTGCCCTCTTTTGATTACCTTAGTTCGTCGTCAGCGACATTTAATCTCAGAAGACTCGTTCCCAGTCAAGGTAACAATGGGCTGGTCCCCACATTGCTTCCCTAGTTACTGACTTTCCGATCTGACCTTTCAAATTAAGGTCGCGGTGTAGGCGGAGGAAATACACCCGTCCGGCATTACTGGGCGAGACTTCCATGTCTGAAACCCGTTAGGTCCTGATACTTGTAGGCCAGGCCCCAAGCACCACAGGCTCAATAACTATTGCGGACGTGTGCGTAGCTCCACTTGGTGCGAGGGTGAAAGTAGGGCTTGATCCTTCTTGTAGGTACCCGCTTTGCGAGGGTCAGCCTCGCCGTCCGGTCATAACTAGGCGTTTTGACGGTAGTAAGTGTCCGTTCCCTCAGTGTATACAACCCTTCAGTGCGTGGGACAACTAGCTCTTCACGATCGTTACGAATACAATAATTAGCATAGGTCACTTTACCGCTGACAGGGTGCCTTCAGATGCGCTTCATAATGATAAATCAAGCTCGTTTGTTCCCGCTGAGCTATGCATGGAGTTCAGATATCGGGAGAAACACCCATTTGTAGTACAGCATGATCAATACGCTCCGCCGGGAAACTTAATCTGATATCCTACCTGAAGGATCTGCCTAAACACTCCTAGATAATCAGCACATAGATCTAGTACCCGTATTGTTCGGACGCGGTCAGGGCGTGTATGACGAACGCGTCTGCATACGAGAAAAGCAATGGGAGGGACAATGCTTGTATGTAGCAGAATAGCATCGGAGCACACTTGGTCAGGATTTCGTGCAAATACGACCGTATTAAGGAGCTTCGGGGACAGCGTCGACGCTATCGCGTCCATTAGTCCGCTAGAGGTCAGTCAAAGCGCGCGCGGTAGAATTAGGTGAGTGCCATCTGGCTAAGTGTAGAGCTATGATCAGTAAACGGGGGGAGGGATGGTATGAAGAATAGAACACGATTCAACTCAATTAGTCTCCGGATCTTACGTCGGTAAAAGATCGACCGATGAC,1717,50.55,Saccharomyces cerevisiae
SEQ_334348,GCATTTCGCCCCCACTGTTTGCGGAATTGCAATCAGTTGATACCTGTTAAGGAAAGCGGTAGCCCGCGAGATCAACCACATGCCCAGCTAGATAAATAGTGTAATCTTGGAACTTGCCTTATCTCGGCGCCCCGCCTTCCTCCCTGCTGAAATAACCCAATTGGAGGCTTAAACGGTCGTTCTAGCCGGCTACTAGGAGCTAACTCCTGGAATTCCAAAAACGCCGGTAGGGCGTTAAAGAGGTCATTGGAGTACACGTCTGTTAAGGGACAATGTATTATCCCGTCACAGTCTCATGGTGAGGTAGCAAT,311,49.52,Mus musculus
SEQ_258020,TACCGGTGTCCTAGACTTGGAATCGAACGTGACAGAACTCGCGTAGCGCCATCGGCAGTTCGTAATAATATGGAATTGTTTACCTTTCGATGACTCATGTGCACCCGAATCGCTGACAAGGAATGACTTGGAGGTGGTCCATTGGCCAACTATTAACTTATGTTGACACTTATTACTTACTTCCAGTTGACTGGCAAGGTCGATCACCACCATTGCTTTCACTACATCCCCATCCAGACAAAACAACCGTGGACGTGTAGGCGTATCTTGCAAGTTAGGCGTGCAGCAAGGTGATCAGAGACCGTGAACCTGGAGACATTATGTTAATACACGTAGTTTTTGGCTCAGGACCGCGGCCTAGGGAATCCAGGCTCTAATTAGCAGTGTTACCGGCACGCCCTTTCGATATTAATACGAAGAACTCGGGTACTCCAGTGGGCGCTCTTTGCGATTGAGAGGTACTACATATACCAGGTCTGATCTCCGATCCGCGGATAAAATGGTTTGCCACAATGTTATAGCCTCATCGACCTCGTCCGTTGAGGGGGGTCAAGACATGTTCGGACCAGAGCTACAGTTGATGTTTCTGGTACAGATAGACTACCCGGTCGTACAGCCCACCGTTATCCCTGAATCGTCCTTCATCAGCGTCTGCTAACATCCCGGGGGCGTAATATGCTCCGAAACGAATACCACACACCTGGAATGACTCTAATGCGGTCCATCTATGTGTGTTCGTTGCAAGTGTCGAGGTCCGTCGAGCGCTTTATCACTCTCTATTCGCGGTTCGTAGGAGGAGAGGTCTATCCCCTCTTTCAAGATTTCCGCAGCCCCTCGGTGTATTACTACAAGTCTAGATCGACATTACCACTGGGATGCGTAGACACGGCTTGGTTTGCAGGGACCTTACTTCCTACGACCCTAAGCAATTGGTCACTCTGGGTCAACAAAACATGCGCTGCTTAGGACGTCCAGACTATCGACCAATGGTGGCTGTGTTACCGACTCGATTTGGGAGCTCGCTTCATCACTGCCACAGGCCTCGGAGACACTAAAGCGCCGCGACCGGTCGCCGGGGTTGTACAACCTTCGTAGGCGCACTGCGGGTTCCCACTAGAAGACCGATTGTTCCTGTGTATCGGAAGTCCCATAGTGTGCCAGACATCTTAGATGCTAGACTTCGTGATGTTCGGAAAGTTCGGAGCTATACTGGAGTTGCAGTAATTAGGTTTGGCGATCGTTGCTAGGCTGATTAGCTACTGAGCACTTCATCCTGGGCGCTAGGGTATGCCACCTATGGTAAGGTTTGAATACAGTGCAGTCTGATAAACTATACTTCCGACAGGAATGTGCCGAAAACTATAAGCAAAGAACGCAAAAAGGCTGGTCTAGGACAAGGGCGGGCTTTAACATTCAAGGAGAAACACTTTCAGTCCTGTTGCCCTCGGGTGAGATCATACCCATAGTCACAGTCATCACTCTTGAAGAGCCGC,1493,49.97,Drosophila melanogaster
SEQ_640766,TTGACAACCCGTCGTTAGATAGAACACCTCGCTGCGTGTGCCCAGCGACAGTCTGTGCTCCGCACCCCTGACGGGGCGTCGATTGGCCGGAGTGTGCAGGATACAAGTACCTTGCTAGCCGGTGAAAGTGATAGCAAAAAATTGAGGGACAAGCGGTTACAGGTTGACCAGAACTTGTGACGATAACTGCTGGTTCTCAGAGACCATCCCCGAAACGGTCTTCTGAGATACGGAGCACGTCCTAGACCAAGAAGCTGACATATTGGCCCGTCTCCTTTTTGTGCCCTGGCGTCATAATGGGGGTGGTATTTACCGGGGACAGCCCTCGCTGGTTTGAACCCCGTGCTGCCAGCTATCGCGATGACGCAGTAGGAAATAAGTCCTAGTGCGATCCAAGGGAGGACTGGAAATGCAACAGCGCGGAATCTTCTGCAAAAACGTCCAGCGCACACATTGTAGGGCCGCCCGGCAATAGGAAAAGCCACATCAATTGGCCGTTGCTTTCTGAAAACTACCAAGGCGTAGCAGAAGGATTGTTACCGGATTATTCTTCTGAAAGTCCTATGCTCGCAGCGCACTAGAGGCGATCCCCAGGGAGCAACCCCTAGAATCCAATGGGATTTTATTTTTTCCAGAACGCTAGTTGACTTCGCTCAGAGTCGCGATTCTTTTAGACTGCGATAACGTACTTGGAAGGTCACCTTACCGTCCGCGTGGTGCTTACATAACTAAGTACCAAACCGAAATCTCGCGCCGCCGGGTAAGAGATCAGTGGCATCTTCTTGACATAAACTGAGCGTGTAAGTGTAGATCCTGCGTCACATCAGCGGTTACTGCTTGTTCTGTTCGCTTCTGCCACCTACGTCATTCATCTATGATCATAACTGGTGCATCTTAAGACTCCAGTACGGCGCTTCACTCCTGTCTTAGCGTCCTGTGCACCGCCGGCAAAATGATAAGGCTAGGCTGGCAGACCTTCGAAAGTAAGAGCGAATGAGGGCTTGGCGGGTGTCACTTCTTGTCCAAGGGCCTTAACTGTTGATAAGATATAGGACGCCTGTTAACATTGAAGCCATCTGTTCTGATCAGAGTCCTCTGATGTACTAACTTCTCTTTAGATAGTCCCCTTCCATCCGTTGTTAGTGGAGTATGTCCTAAGCGCAGAGTAAAGGGCATAGGAGCCAGCCGATCCTCGTGACTCTGCGAGATCTTGACGCTATACGTAGGATAAGGCGCAATGGTTTTACTTCGTAATCTGTACCGGGATTAGTTTTCCATCTGACAGTTCAGGTTTGTCGGGAACCCATGGATGGTATCCGGCCACCTCTGCATCATTAGGGCGTGTTATTGATTGTCGCCGACGAAACCGGGAAAGCCGAAGGGTGAGCATAGTGTGACGGTTGAATCCTTGATTCAAATCCGCGATCGCGTGAAGGCCTTATTTATGTGGTAAAGACCCTCCCCACGGTCGTAGATGGGGACCTGCTCTCTGTAGCTCCTTGATACTCGTAACTTCTACGTGGCGTTATCCTCGGCCTCTAAAAATTAACGCTACTGAACCGCCTAACTCGAATTATGGGACATCTTACTGGACAAGTGATGCTCATTGTCCACTAATGACCCGAATCTTTTAGATGTATGACGGATAGTAAGAGTTCTTACCTACCGACGAACGGAGGAGTATCTGTGGCATCACCTAGGGAGATTGCGCCCATAAATAGGCACAAGGGTTCGTAAGAGTATCATCGAGTACCGGTGCCTCAAGAATTCCTTCCCAGCATTTAATCCGCGTGTTAAGCAGCCTATTGACTTAGCAAGACCTCGGGTTCCCGTAAAACTAATTGTCTCCCGCT,1853,50.03,Saccharomyces cerevisiae
SEQ_271085,GTCTAGGTCGTACGACGAGGGCAGGATCCTCGGTTTCTCAGACATCATGCCGTGAGTTAGGGCTCTTTTCAATCCATTCGATACGTAAAAACATATCCTCGTATGCTACAGGAACATTGAGTATTTCGCATCGTACGATGCCATGTATTTGGATGGTAATTACTCTAACAGAACTTACTAGCAGATATGACAGCGGGTACACCCACTGATTGCAGTGTGTATCAAACAGCGGAGGCATCACCCTAACAGACACGGGAAATATGTCCGAGGGATTGCGGACGAAACTGGTTGGTCGTTGACCACTGGGACACAAGTCGCTGTACCAGAGAGTAGAATAATAGAGCCACGGTACTGCATGCCGCATGTCACAAGTATAGTGCTCACGCACCACCTGTTAGACCATCTCAATCAAGAGAAGAGCTACTCTTTGCCCGTAATTTATTTCGATAATGCAGATTGCCTGGTGAGTGATTTGGTGATCCGTCACGGACTGCACACTCAGCAACAACTACGAATCCTGAAACTGCGCAGGGATCTATTGCACTGTTTGTGATTACACCTGCAGACGGCTAATTATTAAGGTAAGAGGGT,591,46.87,Saccharomyces cerevisiae
SEQ_260323,CGTATTTCGAGCTTGGATTTCTTAAAATAGGGCCGATGTAACATATGTCTAGAGGCATAGTTACTATTAGGGTACTCAGCAGGGTTGGGATTCCACAAGACCGACATCTGGAAAGGCAAGAAACTTGGCAAGTTTTAAACCTACATATCCTTATTCGCCGGTTGACCTCCCGAGATTCAAATTCATGTAAATTTGTGGTAGCACCGCGCCGTTTATTAACTGAATCCCCCCGCACTTAGTTCCTTACAGGTTTTCTGCCAGTATCACGTCCACTCACTCCAGAGGGGGTAGGAAGGGGGTGGCGTTTAACTTGATGTCGATCTAAAAGAGATCTACCACAAAGTCGTCGCGGCAAGACAAGTCTAGACGTGCCACTGAGCAACCATACCCCGGTCTATATATTACCTTGCAAAAAGCGATCCAATCTGGTCATGGGATCATGCCTAGACCATCCAACCCGTCCAGCTACAACATAGAGACTATGCATGAGCTGAAGCCGTGCCTACCTGTAATCCCCCAAAAAACTAACGCTCTGGGCAACTAAATTATCGATCGGGAAGTGGCGATAACGGGTAACTGTGACTCGGTGGCCGAGGCACCTACCGTTGGGAAGTTTTCCCACTATCACCTTCTAAAAGCCGCGAGCACTCGAGCAATGAGTCGACTAATGGCGCGTCGCCTCGATCATAGCCATTTTTATATGGTGGTCGGAGGTATTAGCCCCGCTTGTTTCAGTCGATCCACCGCTTATCAGACGTACTGTCTTTGACAAGTCAGCCCCAGCCCGACACCATAACCGAATCTCCGGCAGTGCCATCCGCTATCAGTAATGGCTCTCTCTTTTGAAAAGTTGTAGCTTCATGACCTCTCGCAGTAGCCGAAGTCCAATGCACCATCCTCTCCTTCAATATGCAAGATGGACCACTGAGTAGGCCCCACGGTACTAAGC,949,49.0,Drosophila melanogaster
SEQ_523580,GTATGCGCCGGGATGCTCTCGTCATGGTGGACTTACACAAACCAATTGGTTTACCGGTATTCGTTCACCTAGTTGCTACAAGGAGGCCATGACTGTTCTCTTGCTTTCAGGCACTCCCCCACTGGGAAGAGGAGTGCCTTACAAACCCATAAAACGCGATTTGCCCGATTCCGTCAGCCGAAACGCCAGTTACATGGTACAGTACTAACTGTTGAGGGTGTCAATATGAAGCGCGCCAGCGAACTGAGCGGCCTCAGCATCGCTCAAGTCCGCCGATATGGTTCACACTGTTGCCCCTAAATCTAGGTGGATTTTTACATGAATAAGGTGGCGTTGCGACCGAGCAGCCCTGTTTCTACGAAAATTTAGCTCCGAGATTTCAGCGCATCGGCACGTTGTAACGAAAGTCCTGAACATCCCGCGGAATTACCCATTGGAGAACCGCACTCGCAGGTGGTGCAGGTAGCATCGTGTTATCAGACGCGCCCCTGGAGAGGTGCTCCACGAATACCGCATAATCGTTCACAAGATAAGCCGATACATATCACAGGGCCCGCACGCGTGACGATTAAAGGAGGAATGGCCTATTAAGGGGTAACTGACGAGAGTCAGTACGCATGAATGTCCAGACACGCACGGTTTGAAGCTCGAGAGTTCCAGTAAGGGATTCACCGATCGCCACGTCTTTAGTCCGATCATTGTCATAGAGGGGGCTCAGTGGGGGGTACCCCTTAAGATCCCATTGTGATAAGTCGCTCTTTTTGATATGCAATTCACACTACTCCGCATAGGGTTAATCACTATCTACTGCCACATATTGGGGCACCAGACGGCGCGGTCTTGCACATAAAATGTTCTTCGACACGCTGTTAAAACAATTGGCCATGTAGCTGACTCGTGACTTTGCCCGCGAGCCGTGTGGGTTCGGTCAACCAAGGGGGCGAAAGATAGCAATTGTCTGTGTCACGTCTAGCCCTTGGCCGGTGGAGGTCAAAATCGGGGCGCGCGAAGTACTCCTTGGTGAGACAGATTCGTTGACCAATAAGTTGATCATTATCAAGCTCTTCGGGCCATGCGCCGTTCGCCATGGTGTCGCTCTAGGTAAAGTAACCAGAAGCTTACGGTATGGTCTTTCGAGAGACTCTTTCGAGGCTTGGG,1158,51.47,Saccharomyces cerevisiae
SEQ_369847,CTATAGGTGATTTCTTATTTTTCCTGTCTCGTGGCGGGGCTACACCATAGTAGATGAACAGGCGTAAAAACAGCTTTTTTAAGAGCTCATGAGTCTACGCTGATCTCAATTTAAGATCCATGCGGTACCGCTACCTTAATAGACGGCATCCGAGAAGAGGATATACTCTTCCATGTCTCCTCCTTCAGTGCAATCTCGGAATGCGTATACGTACCGATATTACTTCAGCCATAGGACCGCTCTGACCACAGTAAGTGGCCATTGTTAGCGGGAAGTCCCCTTCCTAACGTGCAGATGGAAACCAAGGGCAATGGGCTAAGCGAGCAGTGTTGACCAAAAGGTGCCATCTCGCTGCAGCCCTTCGGGTTATGGGGTCTTCTTACTTAACAGCGGACCCGCTGGCAGCGTTCTGGATGCTGTCTCATACCGTCCGCTTACTGCCGTTAAAGCCACCGTATACCCTGTTGACACATGATGGAGACGCGGAAGCGATATCAACGATAGCTAGTGCGTCCACTTCAGTGACATCCAATCCCCGTCTAGAGCGTACATGTAGAATGTGCGTTTCAACTAGGTACATGTAATGTACAGGAAGCTTATCTAGTGAATTACTACTTAATCAAGAGGATACAATGAGGTAACAAAGTAGCGATGATCTTCTCGTGTGCCCAGGACCGTGTTGAGGGACTATACCAAGTGGCTGGCCTCTACTTAGAGGACAGAGGCCTGGGACACCCCTCTGGCAACTACGACACGCTAGTGCAGACGGGTGACGGCAAAACACGCCCTAAACGTTCATATTATCTATAAAATTCCTTAGGAGCATTAACTTACTAACGTCAATCTATAGACAGATCACAGCTCGTCTTATCAGAGAGATTGAATTTACCGGACGGCATTTGCTAGGTGGCGCCATGGATCGAAGAACAGTGTTCCCACAAATCGTCAGCTTAACTTTGCACGGTTCGTTTTGCCCGAAAGATCCTTATCCTACGCGGACTGTACGACTTTATTAATGCCGCGTGCGGTCCGCCCCGAGAAATGGTCATCACGCATGTAAGTTCGCACCGTAGACCTATCCGTAATTTAGCTATAAGCGGCCCGAAAAGGCAGAACGCTGTACCCTGTGGATAGAGACCACGCCGCCACGAGCAACGAGCCAGGATTAAACCTCCTCCCAATTGACTGGCAACCCATTGGTATTGCATATCACAAGTGCCCGGGGTAAGTGCGACCCTGAGGCTAGGGAGGTACGCCATGACAACTTAGTAGGACCTTAGA,1281,49.18,Arabidopsis thaliana
SEQ_546394,GTAGGCGTTCTCTTTACAATTGTCCATTCCCATAGCCAGGAAGAAGGGATGGACCTATACGGGGAGGAGCTGGCCAGAATTGATATTTACCGGAGCACACAAAGGGATGGGCAATTTAACAGATATGGTATCGCGCCGATCTCAGGTTCGGGTCATTATCGCGCTCCGCATTACCCGGGGAATAGGCCTAGATTTCGTTAGGTCGCCAAAACAGCCAAACTCCCATCCATTCATGCCGTTACTTAAGCTTTCTTTCTTGAAGGAAGATTTTGGGGCTGGCCAATAGGTAGGTATGCCACAAGTGTTTATATCCGAGTGACAGGAGTCTTTATTACTGTAGTCCCATAAGGACTTAACAAACCCCGATGGATATTTCCTCTTCAAATAGGATTTTTAGTGTTTAAAATACTTCGCGAGGCTCCTCTTCTGCA,431,45.94,Caenorhabditis elegans
SEQ_453891,TCCCTTCCCTTTAAATGACGGCGTCTTTTAAGGTCGATCGCTGTATACTCGTCCAGAACCAGAGTCGATTGGCAATTGGCTTTTTAGTGAGTGCTCCCGAGGAAGTATTGGATCAAGTACTTGCCATGCTAATCGTACTTACCAGTGGGAAAGATAACATCGGAGTTCCTTAGAGCAAGAAATCTAGTTGAGATCTCGTTCCAGCGTGCACCTCCGGCGGAAGTTAGTCATAATTGACCGTCTCTATTGGATGATTGCCGTCCCCTCCCAAACTCATTCGCGTCGAGTTTACTGCTCAATTGGTTTGTCACTCACTATAGTTCACAGCAAGCGCGATTCATGACCTAGTTGAGGATTTAATGATGTCGAAGCACAGTTTAAGATCTATCCATCATATAGGCAACTCATTGTCGATAGAATACCGGTGATCGAGTGTTGTGGCCCAAGTCAGCCACCTTCCTGGGGGTGGAGCTTCCTACGACATTGATACGTCTTCTATAAGCCACCGTGCAGCGGCGCCTCATCACTGCATTTGGGGCCAAATCCATCTATCTGTATACGCCCATCATCATCTTTAGTCGGGTAGTTACCCAACATTATACGCGGCCTCGCTTATGTAAGCACCACCAGTCTCTATTACATACTACTCGTAGGAAGTGGAGTACCTTCTGAGTCAGGGTCAATCTGACCCTGTCACGGATGTCAAGTTACTGCCAATGAGTGTACCTCGCAAGGGGCGTCATGCGATCCCAATGGACGTATCGGCCTGCGTAAACAGGGGGAAATACGCTGGCATCGGGCGTGCGTAGCGTGGGCAGTTGGACAAACCGTGTGTATCATGACTTGCGCCTTTTGCAGAAGACATGCCGGAGCGGTAACAACCCCCGCGACCGTGGCTACAATAGCATACTAGGCGCCCTGGCTCCGAGATTTTATTAGACCTTTCAACAGCCTATGAAAGCAAACAAACGTGATGTAATCAAGGTGTCGATCGCTATGGCAGCTCAGTAAGCATCTTCTGCCATCAGGTACTAGGTGGACGGCGACTAAGATCTCGGCGAGCGCCAGTCAAACGTTACGAAAAGGGATAGGTCGAAATGACCGCTGGAATCCCCCCGCAATTGACCCAAAATTCGTCGATAACTATACCTACCTATGCCGATTCCGGCCCGAAATACCGGGGTAGGCCTACACAGAGTGCCACAAGAGCTTGTGGCTATTGAACCTGGTCGCCCAAAAGCGCCTTCGCTATGAATAGATTAAGTGCGGATGCATAGTTATCACTTTATGACACTGAGAATAGAGAGAACAAGCAGGAATCTACGAGAACCACATTTCGGGTCGCCCTGGCGGATGAACCGCTTGATACTAGGTGCCACTAGGGTGAAGCGTTATCTGGCGCGCACGGACCGCCCCCTTACGTCCGCCGGTTGACCTGTCACTGGTAACTCGCTCTGGGCTCCACGGGGGTCGGCAGTAGTTCGCGTCTATTCGGATCTAGTGAGCGAGACGGAGACCTGTATACTCTTCCTAGATAGACTGTTTGGGTTCGCCGACCTTTGCCTGGCTGATGCGCGTACTAATTTAGTAGTGGCCCAAGGAATTGGGAGTCTAGTACTAATAGGTAGCGAAGCCTGTCCTCAGGCGGGCCCAAGATCTGACTGGATATCGACTGATTTACCATAATACTTTGCATGCCCGCTACGCGATCACCATCCACACGGTCCAGATCTGATCATACTGATTCGGCAGGGGTGAATTATCGCATGCCATCCACGGCGACGCCGTGCGAGTGATTCAGCACCCAACCCGCTCTGGGATTCCCGCCAACTACGACCATCACCTGCTTTAGCAACTCATATCGAGACGAGGTCTACCTTCCTACAAACTTCCAGGCGGTCTGGGCAGATGGTCCACAAGACAAGCTTGTCACTTAGCCCTCCCAGCTTCGTCGTAGTATGCGCATTCCCTCCGGCGTA,1979,51.29,Mus musculus
SEQ_273370,TTCGTGCGCTGCAACCGGCAGTCGGCGGGGCACGCTTCCGACCAAGCGAATAAGCAGGACAAAGAACGTTACGTCGTCACTTCTTCAGGTTAGATGGCGACCGTAAGAATGCTTGAACCCATTAACAGAGTTGGAACTACAACCGCAATAGAGGGGACGCCATCCGTAATGGCTAAATTATTGACGCTAACGTATATTAGTTACATTAGACACACGTCTCGAATGCTAGCCAACCCATATCACTGAGTCTAGCTGACTACGCGTCCAATGGGAATCTGATGATCCTCGCCCTCAGGGGGAGAGGTCGTTTGACTCATAGAATATTCGTAGGTTTTATAAACTAGAAAATGAGATCTAAAAGGGGTCCAAACCCACCGTTGTTGGGTCGTCACACTGCTGCCTCCCCATGAGATGCTCTGCCCTCAAATACTAGCGGTGGCATCTCTAGCACACCTGCCAGTTACTCTGATACGACTTACCCGAATCTTAACATATGTGCTACGTAATCAGGACTTACTTTCTGAAGAGTGGACTACTGGGGAACTATCGATTTCACGTCCACCGTAGCGGTTCCATGCTAGGTTTGTGAGACATGTGGATGCCGGGTGTATTAGAGATAAATAGTTCGCAGTATATAGGCCAAGAACCGACTGTAACCACCAAGATTCCTTAATGAATCGTCCAGGATTAGATACCAAAGCGGTTATTGGTTGCTCCTGGCACGCTAATGGTTAAAAGCATGACGAAATGCTTTACTACTGGAAGTTATTCGATTGAGTACTCGTTTACCTGATTGTAGACCGTCGGTCGCCATCCCGCACATACTCCGGCCCTCCTTGCCGCCTGAGCCGGTCACGGAATGCGCACCTCGAGTGATCCGATGTATTCGGTGACTCTGGTGCCGCGTTTGCGTGTCTACACACCAGCTAAGGGATCTTCTCCTTTTTGCGAAGCTAACGTTGCGGGACCTGAAGCGCACCTTTGCTACAAAATATATAAACGTGGGTGAATACATAGGGAGCAGCACGGTGCAGCAGAATGTCTCAGATGATAGGCGAAACGGCGATCTAATGAAATAGGGGTGTGCTTTTTATGTCGCCGGCCGCTGGTCTCTGAGCCTAAGGTATTTTAAGAAACGCTACCTGTTAGCGCGCCCCACATCGGAACTCCAGCAAACCGCACAACGCGCTAGTTGCTGAATTAGATTACGTTCAAAGCGATTTCGCCGTCCGACTATACAATCACAGGTGATTCAGGTAACGACACAACGACTAGGTTGCCCCTGCAGCCCATGTCTGCGGTCTCATTCAACTGTGTACCACTGGCAATGGATCCCTCCAGTAGCTACGTGTCTGAACGGTTAAATCTGCAGTATAAGCGCTATGTGGGGACGCCCCTACGTCGGCACATAGCGTGAATTGGTGTCCGGGAACAGAGTCTTACGAGAGCGAGCAATCCCCGATGCCTCTGAACGTACAATAGGTCCTACGTTAATCGGAGAGGGGGTTTGGCATTCCTGACGGGAGCCAGAGTGGCGGTGTGCGACCAAGTCGGCATTCGATTTAAGTGTCCCCTATGCTTTGAGAACTGCACACAAATCTCACAGCCTGGTGTATATGCGCACGCGATAATGTGTCTGCACTGCTAAGGTAACGTATAGGCATAACAATCCGACGTATGGACTCCAACGGTTCTGGTTCCTGGAAAGACTCGTATAAGGTGAAGGCACCAGTATAGGGGTCAAGCTCTCACCCTTTCAGCGCTCTGGTTGCTAGCGCAGTGCACAATCCCCGTTAGAATCACGAAAGCGTCTGTTAAGTGCTAAAATTGAGGCTTCACATACACCCACTTCGACTAGGGAGTTGACGTGCCGGGGTCGGGCTGAAATGCGGTACAGGGTAGAACACTGTAGAAATGGAAAGAAAACTTATACCGTCCGTTAGCCCACTACTCATATTCGCACCCTTTTAGATACAAACGACTT,1984,49.65,Saccharomyces cerevisiae
SEQ_910807,TCTAGGGTCCAGAGCGGTATCAGATTTCTCATCTAACCATCACAAGGCGCGTACAGCCCGGGTAACACGAAGAAAAATCAACGATATGTGTCTACATCTCAACAGACTGGTGTCCCGAATACCCTAATGCTGTCAACTTATGACGCAGACACTAAGACGTTACGCTTTTTGTCCCTTGTTAGGAAATTTACCTTGTGGTCCTGAAGGTTATGAAATTGTTACGGTAGTATCCTCTGAGTTACGTTTCGCAGTTCTCTTGCTAAGGCGATTATCTTAGATTACTTTTGACACGTATCAGAAAGGCCCTGGACGTTCCGAAAGGACCGGCTCCGACAGTTTGTGTCGACCTTCGTATCAGCCAAGAAGGCAGGTAGTTCAGCTACCAGCTGGGTATACAGGCTGCTCAAAAGGCAGGCTGGACCAGTAAAGTATGCGAATTCGCTGTAGTAGCAGTCGCAGGGGTATATAGTCGTCTCCTGCTCGAGGACTGCGGAATAGACGTAGAACGTTACGTCTGGAACATAAGCATGTAGGTGGTGATACCAGTAGCGTGCCGATCCTGGGGAGAGTAGAGTTGTTTCGTTGAAATGCGACGTTGACTAAATTGGGGATTACAGAGATACCCTGGGTATTCCACTGAAATAATCCTGCGCGTCTGCTATCGTCGGGCATCGTAGCGCTAAAGCGGTTCTATGGGTACCAGTCTTATTCGCAGTCGTGCGTGCTGCACGGAGGGCCTATACTCTTGTAGATACGTCGCGGGCCCAGTAAGCGGCCCCTTTATCAGAATCACGAGGCACCGAGCAATCATGGAATGCGCCGTGTTGGTCTACGGGATGTGGAGGTTTAGAATTCTGGAATGCATACTCGCAACAGATGCATAATTCTCAGAGGGTAGGCACCCCATATTTCTTATTGGCCATCGGGGGCCGACAGCGCTCCATTTCGCTAAAGGCCGGTGCCATCGCATCTAGGCCTTATACTCGTGTACTGCCCACTAGAGACAGTGCGATGCCGTAACTACAGCGGCCACCTGACACATTCACTACGGTTAGATATGATGCGTAGCACACGCGTAGACAACCACCAACGTGACATCTGCGCGGCGGTGCAGAGCCCGAATAAGGAACGTTGCATCTGGAAGAACTGTCTAGGCTTCC,1160,50.34,Mus musculus
SEQ_174791,CAACCATGGACTGGATCGTCAGGCAGTTCATGTAGGAGGTGACTTTGACAGAACTACACAGACACACCGTCGCGTTCTTCTCCGTCTGAGTAGAGTGGCGTGTCAACACTCGGGATAGTGTATATTATTAAGCGCATAGTACTCCTGGCTGGAGCAAACCGCATAAATACTACAAGAGTGGCGTCACCTTTGGAGAGGTCGTCGGCTACTGTACTAGCACGTAGACACATGTCTACGTGCAAATTGTGGCCTTCTCCACTTTGCTCGTCTTCTTACATATCGACAAGGTCCTCTAGCATTCGATGCACGATGCGGGAGCAAACAGCCATTACAGGGTGAGGGATCACGAGACATGGTATATCGACTAACTTTCCCGCGAAATAGTAAACCCAAGGCGAGTGTTCTCTATAATAATGACGTTAATTGTTTTTTGTTGGAGCCCCCAGTCGGAATCACTAAACCCAGTTCCTACACAGAATTTAAGGGAATAGGACCCTCCCACCGCGCTTCAACAAGGTACGCCCGGAGTAATGGGAGCTTCCGATTAGAGTTGCTGCATTCAGCAAAGTTGCCATTTTCGGTTGCGACTGCCAAGACGCAGAGAGACCAAGTCCCTGACAAAGGAAGAGGTGGCGGATGGTCAACGGTGGCGGTATCGGGGCCGTCGCTGGAGTAGTGAGAGCATGATGCTCGAGAGTGCTCGAGTATTCGATCGAATCTCAGGGCTTTGTACCCGGGACGCCATGTAGGCAAGGACCTTTCTCACTCAGAATGCATGGATGGTGGTTCGATCAATTCACATCCCCTACAGGCTGTCGCTCATGGTCTGCCCGCTAGCCTTGCGGACGAAAGAAGACTGAGATGATTGATAGCGCTGCCAGTGTTTATCCCAACCAGCCGCGTGCTCTAGACCCCTGCCCAATAGTTTGAGCGCCGGGAGCTTGGGTTACGCACAAGAGTGCGGCTAGGTATCGAGAGACGGGTACTTCACCATATGTCTATCAAGACGGGCATCCATTTATCAAGTTCCGATACAGCTTCGTTCCACAGCAAACTCACCTAGACACTGTTAAGCCAAGACAGGTAAAGGTAGTCTGCAGACTCCTTAAACCCGCAGGATACTGCAACCCAGGCTAATCGGGCATGGCATTTTCACA,1157,50.91,Caenorhabditis elegans
SEQ_641683,GTACCCACCCGATTCCGATATTCGAGGGGCGGTGCGAACCGTAACGCCCGCGCAGGTAAATCGTCATGCTGGAACCGTAGTGCAGGACTAAACTTAATAATAAGAGAAGTCGTTAACCAAAAGAGCCCTAGGCTTCTCGGCAAGTCCCAGCAGACGAGCCGTCCTGGTGACTTGCGCCCACCTCCCTCCTCGTATATCAGCTACTGGGGCCCGAAATGCCTTAGCGACGGGTTTATTTGGTTCCCGGGGTATTTCAGTGTACAATAGTGATTGTTGTCTTGTAAGACGGAGAGACTTTGCAAAACTCGTACAACTACGCAAAGAATAGAATTTTGAAGAAGCAACTCGTACCTGGCTCTACGACCCACGTTTGTTTGTAGAAGATTGGTCCGAACACGTGCTGGCTAATAGGGTCTTTAGTCATTCAGACGGTAACTTTCCTGAAAATAGGGTAGACTACAAACTTGTAATTAACGGATAACCTGCCGATTCTTGTACTTTCCTATAAATTATTAGAACTTGGTACGCCAGGTTAAGTTGAAGTTATGTAAGTTCATGGCGGGTTAAGGGCATAAATTTAGTCTCTAGCCTACGGCATACCTACAGCTAACTTTAACCTGGACATACCTGCCAGCCTGAACGGAAGGGATAATATTGAGAATAACCTACCATATATAACTAAGAACTTCGTCCGGTGTTCCATTATATTAGCATGGCCACTCCTGCTTTCGGAGATCTTACGAGAATGCAAAGCTAACGGCAGAGACACTCACTGGGTTGTGGCGTCACCAAAAGATAACTTAGACCACGCCCCATGGTATAAAGATGCTGACACAACCGGGTTAGCCCTTTAGGTGAGCTCCAAAGAAGTAGCTTCGGACTCGCTCTACTTAAGTCAGGGCCAATCCAATCCCCTATACACCATATGGGAGCCAGTAATAGCGTCGAGGTAGCACCCAACCCTCAATCTGGGTTCACTTGTAAAGCACTATACTATATACTATTGACCAGGGTCGTCTTAATCACTACCTCGATGGTGGTGCAGTTCAGGATAACATGGCGATTGGAAGAAGTTAATCTAGCCATAATTGGATTATGGGGTTAACCCGTCGCTAGTAGTCCCTCTATTTGTCTCTAGTATCTACCTGCACGCACACTGCGCGTAGTCCTAATGCGGGTTGTCGCTGCTGTGCCCT,1196,46.82,Drosophila melanogaster
SEQ_233970,CTGGCCGAAGTATGCTTGGATACTGTCTGGTCCGTACCTTCTTGTGCCAACACGCCGATTATCTGTGCCCTACCGTTGCTCTGTCGTCTGCAAGAGGCGGGGCAGTGGCTCTACATCAGTTATGGCCACCACGGGTCGATCCAACGCCTCAACGGGTCCTGAAGCCCCGTGCACCAAGGCCGTACACACACGTGCCGACTGC,202,59.41,Arabidopsis thaliana
SEQ_336573,CCGTGACTTTGATTGCGTACATAAGTTCCCAGTGGCCTGTTGGATGTTGCTCTATAAATCCAGGTCTGGGGCTCGTGCCTTTAGCAGACCACCCAACACGGGGAAGGTGTCCACAAAGGCAATATGACGGAGACTTAATTGGTTCATTAAAGGTACCGAACTATCCCCGCCAACTCCAACAGAAGATTCAAGCTCTAGTGCCAGCGCCCCGGAAATCCGCGGACGAGATTATATTTTCGAACATGACACGGCCCT,255,50.59,Caenorhabditis elegans
SEQ_694781,GCGCACATTTTACTTATACATAGGATTAACTATCATATTTTGGACCACCTGGTTTGTTTAGAGTATCTCGGCGGAAGTCC,80,40.0,Homo sapiens
SEQ_258824,ATAGCATGGTTAAAAGTGCGATGGACAGTCCAATCGATCTAGAGGTCATGGTTATTCTGATCTAGGCTTTCTCGCGAGCCCACGACATTGGGTACCGTCAGGAGGATCGCAAGCCAACTTAGTCCTCAAATTGGGTCCTACCACCACGGTTCTCATAATCTCGGGAAGCCAACAGCGAAACACGCCAAAGTGACACAATCCCCACCTAGCCAGAAGTAACGAACTGCAGTTGTATATCTCAGGACCTTCTAAGATTACTCGTGCAGAGTGTGCAACGAGTACTCACGTTGCCGGCTAGTATACCACGTCCAATCGGGTATTTCAATCTGCCCCAGTTTACTGAGGCGAATGCCGGAGCGTTTGCCTTTGTTCCGAGTCAACATTAGGAGAACCCAGGATGTCGCAGGGGATCATACATTATCGAGAGGGCATGGTGCTGCCTTGGCTGGGCTAGATGGGATGGCCTAACCGTTACAGCCTTACCGCTAATTATGCATGGTTCGTTTCTCGACTGGCCGGAGATTGTGGTCTCTTCATGATGTTTCATATACGCCGACCAAGGTCATGTCGTCGCCTAACTACGTCCCTTTAGACTACGTGAATCAAAGTAGAGGTGATGTGCATTAGGATTACCCATCTCGGAACTCCAGGAGCCATAATCTGCCGTGCACCAGTGAACCCCTACCTAGTAAGACCGGCCACTCCGAGGCCGTCTGTTAGCTACGGGTCTACCTTTTCTGAGATTTCCAAGCAGGAGACTAGTGCGCTTAGTCGATACATTACTATGCCCTGGCCCAACGCGCGTCTGGAAAGAGGTCGGCAGACGAGACCAAGCCGGGTGCACTATGTGGTATCCTTTTGCAGGAACAGCGGGATATCGTTGAAAACAGCCTATCATTATTCGAAACCGGCCAGAGAGGTGCTCTGATCTTTCTCTGTTGCGTGTTACCTTGTTGTGTCGTGGCATGGTCATCTACTATGCGCTGCGGGGGTCGACAGGGCCGCGCTAGGTCGAGATGGACTACAGACGCTCTGGACCGTAACCCGCCAATGGGTTCAGTAGAACAAACACGTCAGTGCGGTCACTG,1088,51.75,Homo sapiens
SEQ_584586,CCATAGACGGCAGCATAGAAACAATCACCCGTAAGTTAAGGCTTCAGAATTTGCGCTACCCAAACGGGCACATATAGTGCATATGTTATAAAAGCGCACCGGGAACCTACGTGCGATTCCTCATATCAAGAGCGGAGTAGCGCGTGAAGTCAGTGGCGGAAAGGGTTCGTGGAGTCTACTTACTCCCTTAAATCGACCATTAATAGACAAGCAAGAGCTCTGCACCTTCAGGTTGTACTTTATAGGGGCGAGAGTCCGGCAGTTAGCGTCGGAGGATGGCGCAAGGAATGGACGATCGTCCGGTAATTTTAGAACCCTTGTTGTCTTCCCGCAGGCTCAGCAACTGGAAAGTCTCCAGAGTCCACAGACATTCCAAATGGAACCAAGACCTCAATCGACCATAGTGGCCTCGAACACCCCTATTACTAGGCTCTTTCCAGGTTGGTATGGACCGCACGAGGCGTTAAGTTAAGTGGGGGACACGGTGTTAATTTAAATACCGCAGACACCGCACCACATCACGAGATCGTCTTAATTCGATCGTTACCAGTCCAGAGGGTCATCAAGAAAGCGCTTCGAGTCCGATATAGGTTCAATTGATGTTCCGTTCAATCCTCGCGGTTGGTGGTCTCGAATCACTAAGTCAGCCATTCTTCGATAAGGGTTCAAGATGTCGCTGTGAAATAACGGTAGTTAACTAAATGTCCGGACGGCATCCTGATTCCCTAATAACTCTCTGCGGCCTGGGAGATCCCCCGTAATAAGATGGGACGAGGATAGGAACTGGCTGTCACAAGTCGAGCACTGGGCCATGGTCTACCACCACTAGCTTTACGCCGAGAGATTCTTGCATCTAACGACACAGTTCCCACCGGCCGATGGTAGATCGAGCGCACGTGAGCGTAAGAGTTCTTTTGGTAATAGCGCGTTTTTCCAGATTCGGCGCAATGAGTAGACGGTACTGACGGCGTCATCTGCGGTCCCAGCATTCCCTCTTCGCGTACGACCATCACACAGTAATCTGTAGTAGGCGTCCGACAAACAGGGTACGAATGGCTCGGACTTGTACAGACGCGCCCCAGTCGCACCAGGGTTTCCGTTACTTTGCGAGACTCCCGGATTCCTGGAGCGCATAAAGACTGTTCACATAGTAGCATGCCGAGAGAGTGTTCGCATAAGCACAAATAGTGAACATTTACGATCTATCAGGTGTGATTCTTCACTAGCGAACTTACGCTATCGAAAGATATCCCACATAGGGGAGGATCGAACTTAAGACCATTGAGTTATGGGTGAAAAGACATCGATGTGAGTCGATATGAAGAAAGCCCTCGGCTTGCCGAAGAGCATTGTATTGAAACGCGACCCGCACAACCCTCGCGGTGTATCACTACCGACCTGGTCGCTAGAACCTGCACGACAGGGCTTAAACCTGAGAAACATTACATGCTTCGCCAGGTGCTGACATTCCGCCACCCGCCGGCCTCCATTACACGAGTACGTGTCAACAGCGACACGGGATGCCCAGACACGCCCAGTGACCGTGTTTTCCCGTCTGTACTGAATAATGTGCTCAATGCAAAC,1584,50.63,Drosophila melanogaster
SEQ_662791,AGTTCCATGGACCTAATGGCAGCAGTATGCACGCATACGATACACGTCTGGACGTAACCTCTTTGTTGACGTGCGTCATACAGCAAACCCAACAGACCTGACATGCTGCGTGTCATAATCCAACGATTCCGACCACACAAAAACAGGCTTGTTGAGCGCTCCGCGTTTGTTTCAGGAGACTGATGAAACGGCTTTTCTCGCTATCACAGCGGATGGTTAGTTGCGTAGGCAAGATGGACCAAGTCGAACGTCGTAAGCGCAGGCTTCCTGGTGTAGATATGGCCTCAGGTTTGCCCACCATGACTGCCCTACCTCCCGCCGTTCTATTTATAGATAGTGGAAGAAGAACATTGTGCCTCAAACGACGTTTGCCTACTCGTTTTCCAGCCGTTATGGATGGCCGTCCTCCTTTGGTGATGCGTGGAAAACGTGCCTTGCGCACGTTTGACTTAAAATTGAGCATACGGTGGACTATAAATAGAGCACCTGTACCAAAGCGCCCGGATTTAAGAGGGAAGCTTCGCACCGGCCATGAACAGCGTCATTCGGCCAAATTTGCTTTAGTACACCGGTAGCGGCAGTGATAGCGCGCGAAGGAGGGACTCCGGCCTTCAGTGTCTGGGCTAGAGGGCCGAATCAGATAAATGACTTAGAGGTTACCAAGTCTTGAGACCCTCCATAAGCCACGCGAACTAGGCTTCCAATACTGACCAGTCCACGGCCCTGGGCGCTACTGTAGATGATTAAAAATGCTAAAAGAAGTTACTGACCAAGAGTGGGTTTCGTCGCACGATTCATTCCTAAGGCTCGATTTGGTAATGCAAAGGTAGTTGGCTTCCCGTCATAGGTTCACGTTGGCTTTCGTTGGTCCGTCACAGTCGGACTAGAGAGAATTATGCGTGTCATGGTGTATCGGTCTTGAGTTGACTCGCAGAAAAGCTAGGGGACGACTCTTACCTGCAATATCCTACGCGCGCGCAGGCGATGCTTCCGAAGACAAGTCAAGCTAGGAACGTGATCCTAGATCGTTCACCGCACAATAGGCCGAAACGTTAACCTTTCTCACCATACAATGTACGGGATCATTCACCAGACCTTCTCCTACGTGGGACCCAGGGCTAAGAGAAGCAGGGCAACAGGTGCGGCTTCCGACCACCGCCGACACCGCCATTTCAATGCATTACCTCTAATGCCTTAACAGCGCTGCGGAAAGCGTACTCAATTCTGCCAATCATACGGTATGGCCGGTAAGTAGGATCTACTAGCGATACC,1272,50.94,Mus musculus
SEQ_753091,ACCGCCACCTGGTCTCACGATGCAGGCAGGAAGGTGTTAGGAGTACCTCGTTTTCCCCAAGGCTTCTAATAGTCCACTAGCGATCAGACTGCATGCGTGGGTACTTCAGGGACCTCGTGACCTAAACAGGCGTACCTACCCGTCGCTGTAGAAATTCATGCGTATTAACAGGTTTAACGACGGATACAAAATACAGCAGTGCAAAAGGTTAATATTACGTTCGGTTACGAAAGGTTATGGCGCAAATTGCGCCTCATGCCGGTAGCATGTGTGCAAAAAGGGCAAATTTTCGCGCCCGATGAAGGTCGTGCTAGCAATATTAAGTTCAGATAATCACTTGTGGCATTGGCCATCAGTTTACTTGAACTGTCTTCCAGCAGATTACTGCTCGCAACCGCCGCATCGAAGTTAGGACAATGGGAACTCATTGTTGAAGTGTGTTGTAACGCTTTCCCCTTACGAAGAGGATTTTTATGCAGTAGAGCCTTATGTTAGCAATTGTAGATGTAACACCTAAAAGGAATGTGGATGATTGGCCATGGTGAGGCAAAAACACGCGCTCGAGCCGGAGAAACAACAAGTTCTGAAGATCAAAAGGCCTGTCAACAAGGCAGAGTCGCAAATAGGGATGCTGTCAACTGTCCGGTTCAGTAGTCCCAAGTGTATAGGGTAAGCAAGCGTGAGGTGGTATCTGGGTCCTTCCCTCGGGAGCATAGAGCTCATAAATCTTTCTCGTCGCAGATTGCTTTCGGGCACTTAGTTTCATTTCTTTAGCTCTCGATCTGGACTAGTGGGTCAATACACAGTGCTACGCGGACCGAAGCGAGATTATCGCGGAAGGCTCTTGAACGTTGGTCGTCTGTCTTCCCGTGGACCGCGAGAAGTATTGTCGATGAGCCTGGTTCGTGCCCTATGCCTATGGTGATAGTGCCACTACTACCAAGATAGTAGGATTCAGAGTAAGAATATCTTTTAGGAAGCGCTCGAAAGAAGGCGGGACTTCTATGCAATGACAGATCGTTACTGTACTTAAGGGTGCCAATAGCAGTCGTATAGTCACAGCTCGAGCACCACTCAGGAGTTCATAGCTGAACGTGACCACCAGCGAGGCATGTTTAACAGGGCCCGCCGACATCCGATGATGGGGTGGACGATCGAACATCCAGCCCATATACGCATATGCGCTGAGTCGGCCTTGTCACACCACCCAGGTCATAATAAAATAAACGACTAGGCTAGGCACTTATAAATGGGCATTGGCCTCTTGGTATGTCCCGTACCCTACCCCCGAAGGCTGTTTCTGAACTCGCTGTTATGTTGCTCAAATGCCGCCTTACTGGCATGGACTT,1349,48.78,Drosophila melanogaster
SEQ_642415,ATTACGGGAAATGGGTTATGTTAGTACCCGAATAGAACTGTTTGTGTTGTTCGTCCCGTATCCAGGAGACTGCTGTGGGGAGTATTAGAAAATGTTAGCGTTCCGAAAGTTGGGGAACCACTACTTAATGTAAGAGTAGGCAGCGATTATACTTCTGGAAACAAGTTAGCATACCTGATCGATTGGG,187,43.32,Caenorhabditis elegans
SEQ_850706,TGACTCGAACTCCACGTGGGATGGCGGGCGCCGTATACGACTGAAATAAATGTCATTGCTTGACTTTACCGCGCAGCGGCA,81,54.32,Drosophila melanogaster
SEQ_453091,TTCCAGATCTGGCTGGCTGTAGTAGGTTAGTGCGCTGAATAAGCGTGAGAGAGTTTTCATGATAGTTGCCAGTGACGGAATAGATGCGATCGTGTACGATGTCTTAATCGGACCCGCCACTGCCGTGGTATGCGATCCGTTACGAGAGTAGACATCGGGGTTAGACGGTTACATTTTGCCTAGCGTAGTTGCCCGTGCTACAACAATTAGTCGAGCCAAATAAGTGTGCGAGCGTTTTGCTCCCGAATCCTCCACTCATCATAGGTTACATCTCGTATTCCATTCTACGAGATTCGCCCGATGCCAACCATACCATATCGAGGCGACCACC,331,49.85,Escherichia coli
SEQ_249953,GAGCACACGGCTACCTTTCTGCGTTTCGTACATCTTCCCACCCTGGCATCATCTAAGGATACACGATCGCAGTATCGCCTGCGACGGGGTCCAGAGGGTATCGAAAGCATACCTCGGGACCACGTGACTAGGATTACGAATTGGTAGTATCGGTCGATTCCCGCGACAGTTAAACTTGCAGAATGATAAGAAAGATATCGAGAATAGCACGCGAGTGGCAGAGGAGCACATGCGCATGAGCTGTCTTCGTGGGAAGCCTGTGCTCTTCGTGCTGGACGTCCGTGTTTACCTGCGGGCAGTCCACGCTAGCAACCTCATAAGGCATAGTATACCTACTCAAAAACGCGCTCAGAGCCGAAACGTCATCCGGCCAATTGCGAGAGTCAGTCTTCTTAACTCGCGGCTTGTGCGTTCGGATGGGCAATTTGTCTACTGTCTGTAAGATCGACGCAGCTAGAGGCACAACAACCTTAGGACGTGAGTGAGACTTAACAGAGCATGTCGTGGATCGGTGTCACGCCCTCAAGGATCTCGGATCCGACCTATATCGCCCACATTGACTGTGAGGACTCTCGCAAACCTGCTGTGGTCAGGTTTATAATTTGCAAACGGCGGGCGGGTAAACTTTGGTGATCCGAGTCACCGACACCCTGTGATCCTGTCCGCCTAGGTTCTATAAAACGCGTGAGAACAAAGGACGATTAGGCTTGCACTTGTCCAACGCACCCGATCAGGGACTACATATTATCTTACTAATCATGTCAGAGCACTGTGGCAAGTAGTTGTTAAGGCTATACTCCGGGACACAATTGAGGGCTTCGGCCCACCAAACTAGCTCCGCTCTCCCTCACCTCCTTATGGTGTTTCTAGATTAGTCACTCCTTGATTCCGACGTCGTAACTCTGTGACTAGGAGTACTGACCACCTATGTAGCTTCTGCCTCGTGCAGGATCAACCCCAGAATTCGCCGGTCCCCCAGATGCCTTACTCGCTAGTTACTAAACGCATGCCGTAGAATCGTTTGCCGAGCTATTATGAGGTAACTATTCTGAAAAAATTGTAGACGGGTTGACATCACATGGCGTCAA,1088,50.92,Homo sapiens
SEQ_181707,AGGAAATGTGCGAGTCTTAAATAACAAGCCGCGCACGGTTTCTCACCGCCGGTCACAGCCTCTTGTATCGCTTTCAAGGGGGTGAAACGACAATCCTCCATCTCCGCATTAATGAATCGGTCACAGCGAAAATACGATTTGTCTGCACCCGGTGGCGCTCCGAGGTCTTGGCCTAGACACACTTACATACTGGCATTGTGTCCTCCAGTGTCAGACTATCGCAAAAGGGATATCATCCATCGAGTTTTTCTATTATATTGGTTAACCGTACGATGGCCCTCATATACCAGAAGGTATCGCCATAGGCCAGTTTATAGCCAACCCCTGAAATGTGGTATGCGGTCTAAGAGTCATACCTGCAATTAAATAGGCTGAGTCGGTCGTAGGCGGAACGCCCCTCGGGTGGGCACGTATGTCACCTCGGTCGAACAACTCCGTGAGCGCGCAGCTAGGACTGTAGGCTTCATTCAGGAGGTCTGGTACCCTGTTCAACATCTATAGATCGCATGCGTGTAGTTCTCTCCGGGTTCCTCATTCCGGACCCTACGGGGGCGCTGATTGTGAATCATGCCGCCGCCTGCCACTTCTCTCCGACCTTTATGACGGTCAGTATGTATCGTGCTGTCTAGAACTCCCCTTCTGGACCGAAACATAGGAGTAGTGAATCACCGCTTTCTGCGTGATTCCATTGCCAACTCCGGCGTTAGATGTTATCGTGAAGTAGATGGTCCTGGTCCCTTCTTCATGACACACGATCTTGTCCACGCCGAGACACACCGACCAATATTTGTTGCAATGTCACGACGTGAACTCAAAATCTTACTACCGCCTCGCCCTCCAAGCGCGCGTCAGGACGCCAAGTCTTAGTATGGCCTGCGCCTTCTCATCTAAGTTTAACACAGAGTCGCCACGATCCATATGCGAAAGGATAATTATTATGACAAGGTGCAGTAAGAAGGGTCCGCGGGTGCCGACAAATACTTGGAGGTAACTCATGGAGACACTCAAAATACACTTTAGACAGAGGTTCTTTGTGAGAGGCGAAGTTGCGCGACAGCTGGTAGGAAGCTCAGCCACTGGGACTCTTGGCGTCCCTGTCCACGGGTAAAGATCCGCTATCAGTATTTCGTTGGGACGGACACGGCCCTCAATAGGCTTCGATCTTCTCGGCTTTCTAAGTCGACAGGGGGTGTACGGGGGCTCCCGGTACCGGATCCG,1218,51.81,Mus musculus
SEQ_710154,ACCATTTTGCTGTTCCCCCATAGCACGGGCAGACGCCCGCCCGGGGGTCCCCCCTAGTAGATGTGCCTTACCTGAGGGAGTGGAACTTGTAGTGGGAAAGTCTCTCGCTTTCGTTCACTGCTCAATCCAGAACATATTCTGGTCCAAGGACTGACCTTTGACTCCTACTTTGGTAAGTCACGAACTTATTTGCGTAGACCGCAGCGGCGTATACCGCATAACGCAGGAACCCTTTTTTCACCAGGGCGTCTATAGACGGGTTAGACGGTGTAGGCCTCATGACCGAAGACTTGAGATCAATCCTCAGACAATCAGATGC,319,52.35,Arabidopsis thaliana
SEQ_379682,CATTGTTAGACTAGCAGCCTTTAGTTTCCTTGAACAGCTGAACCCAGTGCTCTTATCGGAATTATATCCGGGCTGGTAGCGACTTAGTCATGACATCGATTTAGCTTACTCAAACTTCCACAAAAAACGCGGGGTATTGTCTTGTCTGGTCGCGCAATCACACTGTAAGGGCTGCAATGATCAGAGCCTCTAGAATCAGACACGTATACCTCGAGGAATTTGTTGCGGTGGGCGTATGTGGTCAATATCAATTTGCTTATAGCTTTATCTGAATACTCGATGGCGCTTGTGGCCGTATCCAACACGAAATAACTTCGTACGTTTTTCGTCTATTAGACAAATGCGGCGCGCCCCAAATTTTCCACCCCCTTGGTGTTCCTAGATTTGCTCAGGACTATTTGCGCCGCTAACGAGCCGTGGCCCAGGAACTTATCTCAGTACAACCGTGTCGGATTTTCTATCCAAGAGAGTCCAGATTGGACCGTCGCGGTGACCAAGATACCGATTGGAGTACATCCATCCTGTAACTGACGCTATAGAAAACCCATTGACTATCCGGGGATTTTCAGTAAACGTGACAGGGCCAACGGCGGGCAATTGTTGTGCCTACTCTCGCACTATTTGAGTCGCGATCCGGTAAAAAGCGCCAAGCGGGCGCGAAATAACCTACAATCCAATCGATTAGATGAAGTGCGGTTTGTCATGTATTAGACGCGCATCGTGTTGACTCTAGACGAATGCAGTGGTCTTACGCGTATCCACGGGGGAACGCGCCCCTTTCTGTGGTACCAGCCACGAAAATCGTTGGTCCAAATATGCTTAATCAACAGAATGGAATGAGTAAGACCTGACCCCGCAAGTGGCACGTCCATCAACACTAAATGATGCCACACATAAGGATAAAAACCGTCGTGTTTTTGTGTTTTTGTGCATGTAAGGGCTGCTGGGTACGTGATCTTCATCCTGCGGGTCAAGCTTGCATTTCATACAGACCCCTAAGCGCGCAGGGCATGATACGATTCTCTATAGAGCGTGTTATCATAGAAGACACTAACCTGACGCTATTCTGTGAAAGATTTCTCTAGACCCATTTCTTGTAAATTGCGCTCGATTCAAAGCCGGGGCAATTGATGACGGTACTCGCCTTGTGATAGTCGAGACGTTGAATATGAACCTTGAGGGGTACAAATGATCAAATAGAAAGCACATGCGGGGATTCACAAACGAACAAGGTGGGGTCGTTCACCGTGGTGTAGTTCTTCGCGTCGCTTTACCTACTTGTCATTCCGCAATTTCTTGTAACCCGACATCCCGCCAGCATGACTCCTAAGGTCGACTTGGGTCCAACGTCAGTATGGTAAATGATAGGCATCTCGCAGTGGCAAGACGATTGGCCCCCAGGGACGCTGAAGCTACCCCAGAGGGAGTCTTGAAAGCTACCCTTCGAGATAGCTAAAGCACGTAGTTTTACAATTTATATTGTAGCGGTATAAACCGGGGGTTCTACGTTCGTCGGCAAAGCCAGAGGCATCTGTAAGTTTCTGTGCAAAGCCGCTGCCGAACAGACGTTATATACCTATCAAATCGCACGCCCGCCGCCAAGTGTGGTCAATTGGTTGACACGGCCCTTTTAAATTTCAGTCTTGATCAAGTGCGCCCGTAGGTATCAAACGGTTTTCGGCGCACCGAACTTCTCGATTGGGACGGGGTGTCGAATCACACGGTGGGTCAGAATGGGAAGTATAGGACGGAAGAGATGCACGGCTGAAAGCGCACTCTCTCAGCTTTCGTGCAGGCGACCTCGGGAATCTACGGTTCCTTATAATTCACCCGTTCCCGTCGCA,1844,48.75,Drosophila melanogaster
SEQ_382098,ACACGGACTACCACATTAGCATTCGACGATCACGATGTTTTGGTGATGATCGCTGGTATAAGACAAACGGTTGCAGTAAAGTCCAACACTTTAGCGCGGTATCCCTACAGACTTTTCGGGGCGTTTCGCGGTGCTAATAAATGCTGATGCGCCTGTGACCGAAAGGATACATCAAAGCTTTTATACCGAAAACGGCATTAACGTATGCACCAACCTGCCAAGCTCTAGAAGTTTATACTACGCTCTAAGTGTTCGTCGGTGGGGCGGACACCGTAGAGATGACACCTGAGGCGTCGGAGTGAAAGTTTGGGATGAGTTGATGGCACTTTAAAAAGTCCATTCATCAGAGTATTGCGATGTCAGTTGCACGTTATGCGAACCATATATCCCATTAAGACAGCAACCAGTGTATCCCAGACGATCCTCGTGCCCAAAATCGAATGTTAGACGCACGCGCGCCGGATGCGACGCGGTACACAGCTAAGACGTGTCCCTACAATGTCTGTGACACGGAATAGTCCACGCGCGCAGCCAATTCTGCTTCAGCACGAAAGATATGACAAACTGCGCAAAAACGTTCCATCGCCCGGCCTCCACGAGAGGTTGACACGTTCCGTTCCGAGTTGTACACGACTTACGATCTTGCTTTAGTAAGTGGGGTTCAGTCCCATGGTCATTCTAGGCTTCTTAGATCGTTTCTACAGGGCGCGCGTCACGAGATAATCGGCGAGACCCACATTGGCGACGGACAGTCCTGACTAACTTTTAGTCTGATTGATTTTGCGGCCGTCTAACGAAACACCAAGTGAGTCTCGTGAAGCCTCCAGCGCCGCCCGAGCCTACGACCGAGCAACAACGAGAAGTGTGGTGGGCCATAGAAGCTGAACAGTTTGCCCAACGCCCGGGATGCTCGTTGGCGTTAAAAGGGGTGTTGTCGACATCAAGTGACGCCAAGGTAAGAATGGGCATGGCAGGACGGTCCTGTGCCCGTATGCTGACTTGCGTTGAACTTTAATGTGCCCGTTTATGTGGGTCCTGGACGTATCGTAGGCAACCGATCAACCCGATGTGAGACGTCGAATAGGGCTATAATCCATCTAACGACGGAAGGATGAAGGAGCTATAAGTAACGTAGACGTCTTGGGGCACCAAAGCGCGCATGATCTAGGATACCGAACCGAATTGGATGGATAAAGGGACCTTATACTTCTCCGAACATATGCAACAGACTGCTAACCTAAAGTCCATAACGCTTGCTTATACGCTATTGTGTACGGGTGTAGATTCTCCGTTGTACGGCCCTGCGTCGTGGGCGACCGCCCCTGCGAAGCCCGCCATTTAGAGACGCCAAATCTGTTGTGTTGATACCGCTACACACGTATCGAAATGTTTATTGGCTGCGATTAACTGGACCATTACCGGCTAGGGCACTTTCTGCTACGTAATTGGAACACTGACCTAACGAAGGTAATGGCGTAGGCCTACACTGCCCGGTGGGCGTCTAACCCTTAAAGCAATCCCACCCCGTA,1529,50.82,Homo sapiens
SEQ_794616,TGCAGTGAGCGAGGTCGGGACGACGGGTCTATTGCTTCAATTTAGCTTCACGTTGAACATGGGTTACCATTCCTAGCGGGCCGCAGAGGGTGCCCCCTTTGCATTAACTTAGTACCATCCGATATGGTTCCGAACTATGACATCCACTGTCTATCTGCTGCGACTTTGTACAGGCCTTCGCAGCGAGCTGTCGCCTCCGCCTAGAGATCGTTGGAAACGGTAAGGGTAGTCGAAGTCCTGGGTTCTGGCGTCGAAAAGAGCCGTAAGTGCTAGGTTGCAACTGCGCCGCATGGGTGGAGGAGAACGGACTGCGGCGCATACCTATGCTTATGAGGCTCACTAATGCTTTGGCATCCTGGTCCGACCCTTGCCGGCGCCCCTTCCCTGTTTTCGGATGCATTACGAGGTGATGAAACCACAGTGTCGTGTAAGACAGCGCAGAACCCTGGCAACGTGAGTCTCCTTATCCAGGAGGATACCTGGACTAGGTAATTTAGCTGACCTCCTACAGTTGA,515,53.98,Mus musculus
SEQ_624312,ACTGCCCGATGATCCCGCCTAAGCGTTTGAGACACGAAGACGACGGTTCCCAGACCCACCTAATTATTGAGCCCTGCCAAGTTGATCGGAGCATGGTTCCGACTGTCGAGTTCTTACACCCTCGAGGGTTTTCCCGCTGTGCTGAAAGGCACTGGGACCAGTCATCGAGCTGGTAGGTATGTCTCCCGGTAACCTACCACGTCCCATCCACTGCTAGTCTTCGAGTGCGGGCGGGTTCGTAGCGTTTTACAGCAACGAAGTCCGTAACTTAGTTTAAGGAGGTGGTGACTACTCGAGAGAGGGTCTGGTGCCAAGCGGGGCTGATTGGTCCTTGTGGCCCGTACGGCCTTGCTTGTAATCAGTACACCGCCACGAGTCCCTTTTTATGATCCACCAAGTCCGGAGCTGCATTTGGGGGGTATCTGTGCGCACAATTGAACGTTTGCTCTTTCTAAAATCTTTGCGGTGCCTAAAGCAGTTCTGGGATGAAAGGTTTCTCGAGTTCGCCGTGCACAGGACCCGCGATTCCCGGCGGCGACTTTTACTCCCTTAAGGTAATCATCGGATCTCCGTATACCATTACACGTCTGAGGTCTCAGTAACGAGCTCATTCATACTGCCTTAGCGTGATATATACATACACCGCAGCCAGTTATTGTGAACTACGCTGGGTGCACGCCAGCACCGCAAGTCCTCACTTCACTTCCTTGAAGCGGCTGTCCAAGCACCTACCAACTACGACATGGGCAGCGGAAGACGAGACTACCTCGCCATCGTCGTGCCGACCTGCTCTATGCCGTTAACGAATCGAGTGTCGCCTGAAAGTGCCAAGGCTGGGATCTCGAACCGTTACGTCCCAACTAGGACCTATATGGGGTAGCATGTCGGGTGATGGGTTTTGAAACTAACAAGGAAAGGGTCACGTATTTACCTTGTGG,938,53.2,Drosophila melanogaster
SEQ_800807,GGTGCTGATGCTACGGATTTAAATCGAACTTTGAGGACGGACGTTGTCGTGCTTTCCCAGCAGATCGGTGAAGTATGTCTCTGCTACGCCCAAGGGCGTGACCACGGCCCGCCTGCGGTCGCCCTTGCGAATCTTTATCCACAGCTCCTCATTTCTTGAGGATGACTATCCTTCGCGAGGCAAAATAAACATGAGCTGTAAACACTAGGCGATCGAGGTCTAAATGTGGTTGGTAGAGGACCGGAAGGACTGACGACAGTCCCGCCAGTTAGTAATGCACGCAGGCCACACCTGGAATCAACGCCACCCGCCCACTTCGCCCTTTTCGGGTATGAAGATTACGGTCGGGGCTCTAACGCTTCTTAGCTAATGGAGTTCTCGCAAAGTTACCGACGCTATGTATCCTTAACAACCGCGCTTCAACGTAACTATAGCCCCAGCAGCCTCGACTTACACGTACGTCAACACCCCGAGGTCGAGCATAGGACTTTCTAAGCTTGCCGCCATACAGACAGCGAAATCCACGTATTCCTAACGAGAGTGTATCTATGTAGCTAAGGTCCAGAAGGGTAGGGTGCTAGTGGGGTGGGTTGGGCGAAGGCATCACTAGCGGGTTCTCGGATGTCCGACCTTGGTCGGGAGTGCAGTGCAATGTATGAGCATTATGCTGAATCTAGATCGTACCCGTCTTCGTCGGGGGGCTGCAGGACTGCAGATGGTGTGCCGCTCTTGCCACTGACGGGGCCGCATGTCAATTTCACTTACTGTATGATTCTTACCCGTGAAAGTATTATCGCCGAGTTTCTTCATTCCGGAAGTTAACCAGATAGGATCCGATAGGCGCATGCGTCATGCATGACGCGTGATTACATCAAAGTCCCCGCCTTGCCGCATGTCGCATTATGGGGAAATTCCACGACCTTTACAATTCAATGCGGTTGCGTCTGCTCTCTAGAATTCGGTGGACTGGCGTCTTCGCCAGAAGGGCATGTCAAGGTATAGACAATTCCGTGGAATGGCGGACGATAGCTAGGGCAATTTATCAGGTAAGGTTCAGACCGTGCCTTAAAGAGAATGTAGTGTAGTGATCTGTCGTGTGGAATACGTGCCTATCCTCTTGCAGTCTCCGAGCGTACACTAGGCGTACCGCTGAGGGGAGTTTCGAGAATAGAGCGGCCAACGACCCACAGCGTACAGCGGTGTATCCCACGGTTTAATCCAAATGTGCATTTGCGGACGAGCACGCCAGACATACTCATTAGCGACAGGTCCCCGCAGCGATTGGCTTTCATCGATGAAGTGATATGAATCAAACAGAGGAACCGTTCCTACCTTCTGACCGTCATCACCGATAACTTCATGGATTTATCTGCACGCGCAGGTCGCCAGCGGTCCCAACTAATGTAGACAGGATCTTTACGTCCCTGCAAGGGGCGAATCCTTCATAGGGGCTAGTTGTCCGTTTCTTACCGCGAGTATGTTTCCTATGTGCCCATTTAGACAAGAATTTGCCTGGAAAAATACACTAGCGTTTCACGTTACTACAGAACGGGGCGATCGCACGAGAGAGTACGGGTTCGGGTTACCGAACACTCGATACTCACTCTAGTCTTTCATACGTAGGTCAGCGGACCATACACTCCATCAATGCCTATACCCTCCTACACTGGAGAGGATCCTGTAGGACGAAGACCGGGCGCAACAACGGGCTTGATACGAAGACAGACATAGCCCGATAAAACGGAATTTACACGTTTACCTTGATTCAAATACACAGTGGTCGCGAACATTTCCCGGCGTCTGCTCGCACAATGATCGAGAAAGC,1825,51.45,Mus musculus
SEQ_465361,GCAGAACGCTCATGTGCGGCCTGCCAAATTGCATGAGTAGGGCCTAGCATAGTGTATGAAGTGTGTATGCGTGCGCTCCCGCCTTGCTACAGGCCCAGCTCGGCACGTGGCACAGCCTGCTACGTAGAACGAGGCTTGGCCGCTGGCTATTATCCCCTTTGGGGCAGTCTGCAATGATTGGGTGGCTACTATTGGAATTGAGCTGAAATCTATCGGTGGGCGAATGTCGCATCTGTACGTGAACGAGGCGGATACTTATGTACTCGCGATAGCTCTTAAATAGGTCCATCAGGGTCGTTTAACTTT,306,52.94,Drosophila melanogaster
SEQ_959938,GAAGCGACATACGCCCATTACGAGCCGTGGAATCAATCGAGTGGCTATAAGGTCCGCTTTTCGGGTCCATTTCGTATCCGCGGCGCCAGCAGAAGCGGTTCGGGTCACGTAAGTGAGAGTGAATGTAACCAGGCGTGGGCTCTGCAAATGCACTGGGCCAATCGCGGCCAACGATATAGGTACCTGATCCTCTCAGACGTAGCTCGTTTGATGAAGGTCGACAGGTAAAAAGTAAGACTCCTAGCTGGCAACCTCAGTGTGTAATCTCAAAAAACTGTGCCTATGAGACACGGTGTATCAGTTTCTCGATGGGTCGTCTCATCTGCTGCTCATTAGGAGCTTGCATCTATTGGCCCGCATGGCTA,365,51.78,Homo sapiens
SEQ_471493,TTACCAGCATCGGGCTTACAAGGAAAAGAGACATCATATGGTCTATGGGCGCATGCGTCAGAAGCAGGGTAGGGGGTCTGCAGAGACATTGTGTAGGCGTTCTTTAACGATTACCAAAGTGTTGCTAATCGGTCATGGTTGGAGCTAACGAGTTGAATGGTCGGACTGGGCATATAGGTCATGAGATACAAAGCCTTATCGTCCGGAGCACGTCCTGATTACCCTTACGCTCATGAATGACAAGATATGGTCTCCTCGACATCAACCCAAGTTCGGATTGATACTGCTTCGGACTAGTGCGAGTATGCTAGGGGGCGCGTTTACACTAAACCGTATACGGGTAAGTTTACGGAGAATAGACGGACATAAAGGTGGGATTCAACTCTTCTTGCTCTTGGATCCCACGCTTTTCGGTACGCGGACTATCCTCAGCAACTCAACTTTCAAGCAAAAGCGTAGGCAGAGCAAGGTGGCTTATCAGGGCACTCAGTTCAAAGAAAAGAGATTGATAAGATCTACGAAGCCGACTGGCGTGAGCCTACTGCTGGGGCCTTGCGGGCGAGAGGTCATTTTATTATTCCGGCTCTCGCCCAAGCACATCCCTGTGGATGCTTAAGACATGAACGGTATTCCGTTGAAGAATCCGCGCGGTACAAGCCAACCGTGTGTTCAACTTACGGCTTCGGACACTTATGTAGTGCTATTTATCTTTTTCCCCGCCCTATAACGTATACGACAGAGCTGTACAGCGTTTCGGGACAGAAGGTGAGGTACATGGTCG,781,49.17,Homo sapiens
SEQ_251562,GAGCTGTCCTTAGTAACAAACTGTTGTCATGCGCCACACACCACCTCAAATATCCAGCTAGTTAAAAGAGTAGAGATCGGTTCTAGAAGCCGCGCGGTTTAAGATTAAGTTAACGGCACGAAGCCCAATCTATAAGTACCCGCAGATAGCAACCATTACGCTCTCGCTCCGTCATTCCAGTACCGCATAGCAGGGGTTTTCGAGGTAACAAAAGATGTGCGATGCTCGTCGAGCAAGGACCCCACCGAATTAAGCCAAGGTTTAACTTTATCAACCATGGGGCCAGAACCCTACAGGAGCATCCGTGCCGAGAGAATCGAAACACTGTCATCATGATCAGAGAGGGCCGGTGTCTCGAAACAAAGCGGTACCCGCGCAGGCTAGGCGCCCCGCCTGTGCAACACTGGCGATGGCTTATACTATGGGCACGTACAAACGCTACGCTAAGTGAAGGGGCCTCTAAATGCACGCCAGTTTTGACCTGCACTTCGGCTCTCTCCAACCCCTCAGCATGGCCACCCATCCAGACGCCTCAGTGTATAGGGAGACCTTAATAGTGACGATCGGAAGGTTTCTGGAAGTCGTCTCTTCCGGTGGTTGAACGTAGTGCCTATGCTCCCTCTCAATACTCGGAGTCCCATAAGCGGCAGTCAGCGACATGACTGAAGGGAACCACGCGCGTCACTGTAGTTTATTTTGAATCTGTGGACTAAAATTACTTTAAAGTGTATCTCATCCCAATAAACTAGTCAAGAGGAAAGCCGCAAAACGTGTCTTACTTACATGCTCCGTCCGAAAGCATCCTTTCTAGCTGGTTTGGGGGGAGAGCCCGCTCAGTGGTTATTCGCACCAGTAATCAAATCTTTGTGCTGCCAGGAACAAATTTAGTTTCTCCTCTGACTGGCACCGTCTATACGCGGATAGGTAGACTCGTAAAATTAACAGGAAAATCTGACTGCCTGCTCAGCCATGAGTTAGAGCCTTGGACCTAGTCACGCTGCCCGTCCATTCCCGTTGATCGTACTTGAGCTTTGGAACCAGTGAACTCCCGTCATTAAGCTCTCAAGTTTATGTCTCGTCCTCCTGCAAAGGGAAAGTTTCTAGCTAACCACAGATGCTCAGTCGTTTAGTTGGGCCAAGGCAGATCTGAGCCAAAAACATTTGTCAT,1168,49.66,Arabidopsis thaliana
SEQ_450179,ATGGGCTGTCAACATGAAGGATTAATGACTTTTCAAGGGGGGAGCGCCGCCTCTTCGCATACGCCTCGGCCGTAACCGTGTGGCGGTCCCGCACGGAGTGATCTCTTTGCTTCTCTCACGTAGGCGAATACCTCAGCTATATGCCCGAATAGATTTCAGTTAGTGTTCATCGGAGAACTCGGCCTTTACATAGTACGAAAAAGTAGATCTGGAGAAGACTGCTGCGGAGTACCTATGTCCATGTCATTCTGAGCGCTACGTCGCTGGATGACACCAACCCCTAGTTTCGATACACCTCCGGCCCCAATGTTAGAATAATGTTCAGATGTTTCAAGCATGTGGCCTCTAGGGCTGGTCACGCACCCGCGGCTGTTATATGCATGAACCCATTGAAGCCGATGTAGATCGGCGGCTCAGCCGTGCCAGGCCGTGTTCATGGTCGAAGGGTTTTCCCAAATTAAAATAGTGTTGCATACAAGAGGGCAGTTAAGCCGTATGAGTGTGGTCTGTCTGCGCGACTCCGCATTTCTATAGGTGCCTTCAAGACACCTAATAGACGTTCGGATACTACATCGCCATATGTCTCCCCGTTAGCTGAGTAATAGGACCCAACCAAACCCTGTACTCCGCACGAGTAGGGGACACATTTTTAGCTCAAATACCTCTGAAGAACTGATCTGACTCATATTCCGAATTCATGAAGTTTCGTTTTTAATGAGTCAACGAAATCGTACTGTATAAGCGAAATATAGGTATGAGCCTGTTACCGTCCTTCCCCGTTAGCTAGGACGGAGGCAGGCATGATATCAACAGCCTGCTAGTAGCGACGGTTAGCGACAATATAAAACCAGCCAAGAACCCAATCGGGATGGA,873,49.14,Caenorhabditis elegans
SEQ_687461,TGCGTCGTGTCCACGTACATGCGTACAGTATCATGTGCCCAGGATATGCTTGCACGTTTCAGGCTAGTCCGTTGGCAGGTGATCTATTCATACTCACGTGGGGAGGTTGGTCATCACTTTCGCCGGTGTTTAATCATATTTGCGGTCTATCAATGCGTTGGGGGTGCGCATGAGTGGACCGAAGTAAAGCCAATCACCATATAGACGGGATTGACGGATAAGGGAATAATCCCGCGCACACTAGTTGTACCACGTAGCCACTGATCTTAGCACTACTCAAGTTAGCCTAGAGACGTCGCAACGGGCCATGAATTAAGGTGGAGAATGAGTTGACACGGACTTGTAGTGACGGCACACATTCGCGTGGACCAACGTAATATTATAGTAAACTCGCGAACACCAAGTAAAGTTTGACCGTACTGAGGGCGGACCACGTTTGTTTCAGACTATAAGGCGTCTTGTCGGTGCGCGGTCCTGGTTCCACGGTGCCCAATGCAAGGGCGCGGAATTGACCCTCGCATATACGAATATAAGAAGAGTTCACGCGAGTAGCGTTCTCAGGGTGGTCAGGTTGCTCACAATGTACACCAAGTCTTAGAGTTTTGTGACCACTAGGGACTGTACACACCAATAGCGTGTCCCACTGATCTGATCCCAATTGCGGATTAAAAGCTCTCACACTTTGGTGGTGGCATAACAGTCCAACCTTGAATAGGAGTTAGAAGTTAACGGTCGCCCTTCTGTTTAACTGGCAAAGAAGTCTGAGAACGTTTAGCCTTGATTTTTTGTGTTGGTTTGAACCCGTCTGCTACCCGGTACAAGGGGCCCCTACGGTGCACCATCATCAACTAGTCTCGGGGGATAGTTCTTACTCAGGCTATGAGAGTCACTTATACCTTCAGGTTTTATGGTCTATAAGAGAGAGGCTTACTTAGAGTGAGGGTAGGCGAGACGGCAGGTCAGTGGGGGCTTGCCTGGGCGTAATAACTAGGAATTAGTAGGATCGATAATTGGAGTGGACACTTGACTAGTCAATCCGGTTTACGGTTCCTCTCAAGTACTACCTTCTCTGACCTGATAACTATACCGGGGAGGTTCGCATAACTAGAGTACGACTTGGCAAGTTTAATCTCGTGGTGGTCACGGTAAGGCTAACGTCATAACAAGTTGAGGCACAAACAATAGGCATTCCGGGGCGATGTGGAACGGACAAACCAGGTGGCCACCATTAGGTCCGGGCCCCCTGAC,1248,49.36,Drosophila melanogaster
SEQ_828001,TCGACTCGGGGAACTCTTTTCGCCTTCCGGCTGGTCTCCACCATGCTAACTCGAACAAGACAATCAACGGAGAAAGGCAACGGGGTATACCATTCGCTAAAGTTTCGCCCGTTTCCGAGATGTATCTTTAGGGTATAAATAGCTCGGACTATACATCAACGTACGAAAACTGTGTTCGCTCCAGATCAGCGTCAAGTATGGCCGAGGGTACCTCGAGGCGAACGTCCAAGGGCTACGGTTGTGCCGCACCTATATTCGTCCTCCACGACCCTCCTCGCAGGCCATCGCCTGCACTGACGCTCCGTGAAAGTGTTATCTGAACTGTAACTATACACGAAAGATTAACATCTATGCCACAGATCTGGGCTCGTCTTCGCCCCATCTCATGGCGGCAAATGATGGTGCAAATGCGTGCTGCCCGTCCGAAGCACCATTCGGGTATATTAGATTGCGGGATTATATTTGCAGTTGATTTCACTGTCTGCTACTCTACGCAAGTGCGGGCATCTAAGATCGTGCGACGTCTGCCGTCCGAATCAGGGTCGGGTCGTGAACGATCGAGAGTCAGGCCTTCTCTTCTCTAGCCCGCATACTCTTAGGGGCTGGCGCGAGCTTTACTGGATACGCATTCCTTGTTAAATAAATACAATCCCGAACTCGGTGCTGTGTCGTACACCACGGCCGCGGGTCATAGGAGACGAGAGGGCCCGCCATTCTCATTAAGTTGCTCTTCACGAGAATAATAAGGCATTCCGGCCCTTTACCTACCCCTCACATGCCACGGTCGGGGTTACTCGTGACCAGCCAGGCAGGCTATCGCTTAATGACATGTTGCATTGGTACTGGTATCTCTGCCGCAAAACGCGCCCACAGCT,875,52.57,Homo sapiens
SEQ_495045,ACTGGTTTTCTATTATGATCACCTGTGCTCGCCGAAGAGTAGATCATCCGGCCTAGCATCTGGCTTCGGCCCCCGCGCCCGCATATCTGACACTAGGCATCATTCCACGCAGGCCAGTGGCGTTAGCAAGTTAGAGTGGCGTAATGACGTTTGTTAACGATTAAAGGTTTTGTAAGCCGTGCACCCGTCATACGGTACCTATCACGCGGATTATTAGCCTCAGCGACATTTGGCCTACGCGGGTCCCATAAGGACCAGACCGGTCCGAATTTGTCATGGCGCTTCTTGACCAAAAGCCTCGTCTGTCCAGTAACTCACTCGGCTGGCTGTAATGAGCGGGGCCCCAGAGATCGGGCAGCTTATCATCGGTAAGCTTTTTCTCGACAAGTAGCCCGCTCGGGTCGGAGGGACTATTGTCTGGTCCATATAGCGTTGTAATAAGCGCATAAGTTAATAATGTTGATCTTTGCATTACTTCGGCGCCCGGCTCACAATCTAGCTTAGAGAACATGAGAACGACCGATTTTCGATCTGTGACGTTCCGTTTGAATCTTTCGGCTTCGGAAAGGATCGTGGGCATACTGGACTACGTTGAGGGCTTTGAAAAAGACAGGACTAGTCGTAACCCCAACTGAGATGACATGATAAAATAACCTCAACCTCACTTTTCCCGCTCCGCCAGGGCACGTAAGGAAGTCCAGGTCGGATCAGTTTAGCGGCTAGGACCACCCGTATGAACGTCTTCCATTCGTGCGCTTGTCCGGAATCAGGAATATGATATACACTTCACTAGCATTATCATTCAGCCCAATGACTAACGCAATGACCCGCTCGACATTGATCGAGGGCCACTTAGTGGCTTCTCGGAGGAGGTGTTTTACCACCAACACGACTTGCCCCTTGCCACCACCGCAACTGTTGTTGATGATACCGGTTGACGTACCTAAAAACTAGTGGATATTTGTTCTTGCTCAGTCTGTTTCCCCTATGAATAGTGGGCCAGATAACGCCCCGCGCATCCGCTGTCACCGCACGCGCCCCGAAGCGGTTGTTTGAGGTGTGGCGGTTATGCCCATGGGGCCGGACATTAACCTCCCCCGTATACGCACACCACCAGGGATTCAGATGCCTCGTTATCATACTAAGATCTCGGGATCGCCGGATTGCGACACTATGCGAAGACCGCAAAGTTCGCCAATCTGTGGGCTGTTCACCTGCTGAATAAATTAGACCCACGATGGTGTTGCGACAGCCAGAGAGAATTCCTGGCTCTAGTGGTAGATTTGAGAGGCATGATACGAGGAAAACGCAATTATGGTTCCTCTCCCATCTCGGGATTAGGCTCTGCTTACCCGGATATCTAATTTTCTTGTATAGCGAAGGGGTGTGAAGTCGAGTTTTGGAGTGTATGGGGGTGTCAACTCTCTTCGGTGCGTTAATGAGGTATCGAAAGAGTAAAGGAAGAATCGTGTATGCAGCCTTACTACGACAAACCCAAGTTAGTGAAGACACTACCAACAGTCAAGTAGCATACCCTTGTTTCGAACACGGGATTAATCTATTCTGTGGTTTTTCCCGTGCCGACACAGTTTGTGCCCTCTACACGGCA,1609,50.34,Mus musculus
SEQ_471559,GGCAACATAGTAGCGGGTGGTAACGGAGGCCCCGTTTGCGATGAACCACGGACTTAGATTTCCGGGAAGAATGACTCACCATACGAAGAGATTACATGGTTCCGTAGACCGGGAGGAGTGGAGGCTTCAATTTGTGCTTCAACTTTTGCAGCGAGTAGTCGAGGTGTGAAAGGTCACGCTAACATCTCACGAACATAAAGTATAACAACTCTCGCGGGGGTCGAATTCTACTGTCCCGGCCAGCTTCTAGTCCCAACTAAGTACCAGAACTCTTCGTGGATTCGACACGCACTAGGGGTTTGGCAAAAAGACAGATGGTCACTATGGAGAGGGAAGCTATACACTCCATAGCGAAGATGGTACCCCCACAAAGCCTACCCAGCGTGGGGCGACCGGCATTCTTTGATCCCGAGGTTTGGTGCGTACTAAACTATTCTTAGCGATACTACGTAGGTGGCATTCCCCAGTGTTAGTGATCAGGCCGCTGTGGATTAATACTCTCTTTGCAGTCTGAGACCCATATAATGGGGCTACTGTATCCACGTGACTATACAGTTATCAGGTTTCCACTACGATACTACATCGATTGGCTCCTCCAATGATGACTCGCCAGCACGTCTACTAAAACACAGTATTAGGAGTAATTAATATATCCGACCAACGTGCACCGTGTAAAGCAAAACTCCGGGTGCAATACAGGCGCCATTATTAGTATCACCCTGGTAAGGGTGCAATCTCGACTAACATCCAATCAACTTTTGTATTCTGTAGATCCCTCATGTAGCGCATAGTTCTGGATTGAGGGCTATTTAATTGCGATATTATAAGAACAGAACAAAGACATGCGATAGCGCATTGTTCCGCCCTCGCACGCAAGCGTGCATGACTCTCTCAGGCTGAACATGAAACTAGATTTAAAATTAATCTTGTATGGGCAAGACGATACCTCAAACCGGCCTGCGGTCGGAACTACGTTTCCGCACAGTGCATACTCTGTTCCAACTCAACCGGCGAAGCTCTTAGCTACCGCCCACGCGTAGAACCGGGCGGACGTGCCTCACGCGGTGCGTCGCAGAGTTTGGATAGGGCAGGAGTTAGCTGATACCGTGCGATCTTTGATTTTGACGCGAACTACTCGAACAGCAAAGGGCTCGCGATTTTGGTCTAAACCGAGCTTCACCGTATGAGCCATGGTTTTCGAGCGCTGTATTCCATTGGCGCTTTATCATCCTCCTGCGCGTGGAAAATGGCTTTCTAATAATCGAAACATGTTTCGGACATTGCTCCTATGTCACACAAACCTACCCTACCATAAATGGCGCGAGGTCGGCGGACCTCCACGCCACTTTGACACAGGTACCGCGACTCCGAAACACCCCTACCCTGGAGGAGCCCCTCCTTGAGACCCGTCTTGCTCATGAGCACAGCTAGTAACAATTACAATGAACTCAGGCTTGATCTAGCAGGGGGGGTTAAAATGAATATCTCATTTGGCCGCGTCTGGTTTTAGTGCTTTCGTTCCCATGCCGCGCATAATTAGGAGTTTCTCAGAGATAGTGCACATTCACGAAACGGTGCGCTTCTCATACGGTAAGAATCAAGGCTCGTCTGCGTCCAGATCCTAGGGTTTCAAGAGTTGAGCCAAAACTAGCCTTGAAGGCGTGAGGTCCACCAGAGCACTGGTAAAAGTGTAAGAAGGTATTGATTGTTAGACATGTCGCCCCCTAGACTGTGATTCTTGTGTACGGTTTAACATCTTAGCCCTCCGGGATTGTAGGTATGAGGGCAACATTTGTG,1797,49.08,Homo sapiens
SEQ_356965,AGCAACGTGGCAAGCCATCCGCCAAGTTCATCGTAATCTCTCCTATTTTGGACAGTAACGTTCGCCGCTTTCCTCTTGGGTACACATCATCGTTCAACCCTGGAAAGTGCCGGCGCTCCTGAGGAATCAGACACAAACCATCTGGATGTGTTCTTCCTTTTCACCCAGCGTCTGAAGCTCTGCAGAGTTACTACACTCCGCGCGTTAAGTCCCTCGTCCTTTCTGTGCTAGTATTCAGTGACGTAGTCAGGAGTCGAGAGACGTGCCGATTCGTGCGTATTGTAAATTGACGGATTAGGTATTGAGTGAATAGGCAATTGGTCTAGGCGAGCTCGCCATTCTCGGGGCACGCACACCGCTCCCTTATTAGCGACTGTTACTTTACACGTGTGAACCTTCGCATAAACTCTAAGAGTGGGGGTCTCCTTCTTTTTCGGCTGATACGATGAACGCATGTTGCGGAACGTTTAGCAAAGAGCTATTGTGATTCAAAGAAGTTATGACTAATATATAATGTTTCCGACTGTCAAGGTTTGCGGAGATCTACGTTACTTCCATCTATGGAATGCGAGCTGGATAACGGTTTTGGTGAGGCTGAAGGACACGTCTGTCGGAGTACGGTCGTCTCCGAGTTGCTTGCAAGGGGGTTGGGCGGCACATCCTAATCCGCCCAGGTTACTAAGTAACGGAGCCATTGCTAGTCTCATGTTGTGTGCCGTTGTTAACTTAGTAGTCGCCGAAGCTAAGCCGGGTCCCGGCCGTTTCCGATCGCTATTCTACGCTAACTCTAACCTGATTAATTGGGGAAAAAAATCCGGAATGAGATGGTGATAGGACGTCCTATTCCCCTTATAAGTCGGTACGTGGGGCTTAACTAGTGGCCCCTGTGGGTTTTTACACACACCACAAGGTGATTAAAATGGGCGAGCCGGCCGCCAGCCCTTCGTGATTATCGATTTCGCCTATCTGATGCCTAGATTTCCACATGTTACGTCGTCTGTCCCCATGCACAAACTCCTTAATGCGAGTATCCCTACGTTGTACAACCCGTGTTCTATGGGGCCAGCCTTAGGCTTAACAGGTTTGTTCACCTGCTCGTAACGTTAAATCGGTTCATAAAGGCGGCTAAGAGGGCACCGTCTTTTCGAGCCTGATCGCACCTATGAAGTGGCCTGATGCAAGGAACGAGCGGGGTCTCACATACTCCTGAATAGTTGACTCACGACACAGAAGAGAGCACTCGGAGTTGACACTTCGCCCAACGCCAAAACCGTGAGCGGACATTACTACTGGCTTAAAGGATGAGTTCCGCGGCAGCCACGTGGACGCCACCGTGCGTCATCCAGCCGGTTGAGAAAAACTGAGCTCCAACACGTCAAGAAAATGATCTAGTTCTAGTGTATTATAATACTAACAAAGACTGGGGCTCTGCACAAGGGTTGATGTCCGCGGTCGCGTTGCCGTAGGGAAAGAAGTCAGGGTGTTCGAACAATAAGACGTGCGGGAGGCAAGAGTGTTCTAACCAAA,1527,49.97,Escherichia coli
SEQ_715473,TCGAAAGATTCCCCAGCGCGTCGGGAGCGCTCATGCTGCATTCCTATGCCCAATTGTTGTGATGACCGACTGGGACTGTGAACGCGTGCACCGCTGTAATCTCCTGTTTCTCCACCCTTATCTGTATGCGGCCAGCAGGCTCCCCGACCAAGCGAAAAGAGAGAAGCTAGGCGGTCCAAATGGGGCTCACCCACCAGCGGAAGGCGGCCTCCGTCTCCAACTAAGCAGTTTCGAGACGGAGGTGGGAGATGGGGGTATACACCTTTAATCTCTCCCGGCAAAACCAGCAAAGCTCTAAGGTGGAAAACAGACTCGGAATACCGTTAACTAGACGCACATACACAGGATTTGCAGCGACTCCGTTGTCTAATAGGACTATGGTGCGAGTTTACCATTTTCGCGACGCTTCTGGTTCCAATCGCCCATACTGTACCACGCGATCTCTAGTTGGGGGCCGTGTCGAACACCGTTGGGGAATTAGTGCTATTGAGTTTCTGGCTACCTGATACCGATCCGTTCATCATGGTTATACCTGTTCCTGATTTGATAACTTTTGCCATCCGCACTATTAATGATACGCCAGTGATCCGGGACGGTGCATTGGGCTAATTGCCCGATTGGGCGGTTTAGCATCGATAACTGCTGATCCTACAGTGTCGTCCGAATGAGGCCCTAGTGTTTGGAGAGGTCGACTGGCTATTACCTTAATGTCACTTAATGAGGCTGGGAGAAGCACCCCCACTATGCGGAAGGTCGCGGAATACAACGAGCAGTCATGCCTAGAGGCTGTTAAACATGACTCCGAGTGAAGGCAGGAGAAGGAACCTTTATGCCATTGCTCATCTGGGAAAGAAAAGTCTCCTCAGTTTTCCACCGAGACAAAACACAGTCTGTTGTACATCCACTGCCAAGTTCGTGATGCA,923,51.46,Escherichia coli
SEQ_642399,AATTTCCTATCCATATTGAATTCGCGTTAGCGAATCATATAATCGCCAGGATCAGGTTCGCCTCGTGGAAACAGTATCCCTTACCAGGCCACCTGCAACGCGACCGTTTCATCTAGTCGTCGGCAGCTCTTAGTATTAGGGCAGCGAGCGATACCCACGGGACGGACCATGTTCCCACTTAGTCCCGGATTCCGCCGGCCCAACTAGATACGGGCCCGAAAGCTTCCGGCTAACCTGTTCCAATACGTGCTAATAAGGACCAGGCTCGAGAGACCAGTCTGTGCTGAGGTAACTGTGAAAAATATGCAAACGACCGTCTTGGTTGGGGCTTAATTGAAATATATAATGGGTTCCTATGGCGCCGGACGGTTCGGTCTTTGTCCCCCGGATTTGGACTCCGGTTCGGACCAGGGATTACACTGGACGCAGGCAGCTCATACGCAGCTTGCACGTCTATTCGGCCAATGGAGGTCTGAGCAATATGCAGAGAGGACTTGACTGACCGTGACCTAATCAGAGCTCGACGCCACGCCTAGTTGGTCATGGATAGCTAAAGTTATGGTCCTCAGAATCGGTCTAACCAGTAGGCTCAGCGGCGTGAGGGGGCTTCACCGCCATCTAATGTGTATTAAAAGACATCACGCTCCCACAGTCTGGCACAGGACCTTAACTAGTGACGTGGCTGATACTCTATGAAATCACGCGCACGTGCTGTACAGTGGTCATACGGGGTTCTTATCCGTGGTAGAAGAAACAAAGACCACTGGAAGGTGGGATGTGCTGACTGATGCCATGTGTGAACCCACGCATATAAACGACTTCGCAGTGGAAGGAAGCTGCGAACGTACTGCCTGACTCGGACCATGATTTACAACCGACCGGTACGAATGTCTCTCTCAGTACGCTGGGTTCTTGGGTGCCCCTCCGACGGCGGATCCCACTCTACAACTAAGACAGCGCGTGGTTCCGTTCCACATCATCAGTTCGTAAAATGCGATTTTACACTAACCGGTAGCCCCCCATCTCTGTTGCCAGCATACATTTTAGCG,1049,52.14,Escherichia coli
SEQ_716721,TGGGCAGTCAACATGCCTGTAAACCTAATACGCTGTAGGTCATTCGAAGAGTCCATCTTCGCCGCCTCTTCCTGAGTTGATTTCTCGATCCGAACATGCTGGGTAAATTAACGCTTGCGCCATTGCAAGTATCTAGGTGGACAGTTCTCCGTGAGTCGACTCCTGTTCCGCCGTCCGTGTAAGCACTGACGGCAAGTGGGGATTTGTGATGTAGTTCTTGCTGGGGAGCTCTTGGGAGCCGTTTTACTAGTTTCTATGAGAGTTGCGGCTAGCAAGAGATCGCCACCCTTTGTATGTCGCAAAATAGTTATTGCGGTTCGATAGCGGATAATTTCCGGTCGCAGTGGAACAACCAACGAGATAGTAGTACTGTAGGGTGCCCTCGAGCCAACTCTTTTGACCACGGGGATAGTTGTATATGTACCTGCGTGGCGCAACACATATACGCAGGTAGCCCATTCCTATTGTCTGTTACCCCCTACATCCCGTGATTACGATACCATCTACAGTACCAACTAAAGCATACATCCATTCGAGGGTGGGCACGTCCCTTTAAACTGCGCAGATATCCCCTGAGAGAAGCGGAGTGAGTCCTTGTCCTCAGGAAGGCTTTGGTGGAACAATATTGACGAGACTTGCTGTTGTGCCAACCCGTCGCAAATGGACCCATTGACCGCGGTTACCTGGTTGCGCGTCCGGACCCCACGAGTACAGCCCTAAACGAATCGGACGCTACGCGTTTTTATAGGTTCGTTCACGTGTCCTTTGGGCAGTGGTGTTGGCTCGTGTGGGGGGGGCTCTACCAAAGGTCTTTACACTGCCACTTGGTCTCAAAAACGCACGGTTGGTCTGAGTCAATTCACAACTCGATTCCGGATCTGTAACCGTTATTGAGATCAAATGAACTTTTGACATGTTTATAAGGTCCGATGCTAGCTGAAAAAAATCTTTGCAACTCGACACTTTCTGTCTGCCAAGGATTTATTACGAGCCGTGACCGATAGCTGTACGCTCGATTGCGTCATTTTTTACCAGCATCTAAGTTCGCTTCCCTACCCACAGGTGATTGTATTGCCTCCCATTTACTCTCCTAGCTCCGACCCGGGGCAACCGTTCAAGCACTATAATCTATTGGAATCTTGGGACGACCACAGTCTACACTGAACCTCCTACTGAGAACTAAGATCCACGTCATCTAGAACCGGTGGGGGGTGGCCAAAACGATGGACATGAGATAACTTCAGAGTTGAGCACCTT,1257,49.56,Caenorhabditis elegans
SEQ_266790,TCTCCAGACTACGTGTAGTGGAATATAAATATCGGCTTGAGCGCGGTTGCAATGTCCGAACAGCTATTCCGATCGGGGAACATTTTGTAGATGAGCAAAACAAGATCCTATTTTATGCAGACGGGAGATAGTGAGATAACGCCGCGCCGGAATTAGTCTGACGAGACAATATTTCTCTACCTCGACTTGCAAAGTGGATGCAAACCCCTATACGCGACCCCGTCTCTGGTGTGACATGTATGAAAATCGGTGCCCAAGCGGACTCCTCGCTATCTAAGGTTTTCAGTGTTAAGTTGCGATCTGGTCGGTAATGCAGCCTCCCGGCCCGACATATATCCCGGCCGAGTCATGGGCGCCCGAATTGGTTCCAGACTTGGGGCTGACTCAACGGTTACTCTATATAGCACGTAACGCCTTGGTCGTCCTATTACGCGAAGGCGTTTAAAGCTAGCCACAATTTTTCCTACGTACCGGAGCCCGTAAGGCTACCTCGCAAGAGGAGTCGAGGGAGGTTCGTATGCCAAGACCTGAGTCGCACTGTGGATATAGACTTGCTGTTTATGGGCTGTCGCACGAATAGTACTGGCGCGGAGGTGGAGTCGCCTATGAAGTACCCGAAGTATTGTTCTTGCGGGGTCATGTAGATTACCGTTTACCATAGCTACACTATTGAGGAGCTTTTCCAAGAAGTGGATCCATATAGGAGGTTGAGTAGTGAAGAAGCTCTCCCCCAGTATACTTACGAAAGTGGTCCTTTCGCCGAACGACACGTGGGGACGACGGGATACCAAAATTGTTCTTACACGTTTCCGCTTTGGAACAGGCGTCGGGATGATGATCAGAGACCGATTGTGCTAAGAGCCTGAGCTACGAATTGTAAGGACCCCTCCCCGTGGTTGTGTGTACTCCCTGTATATATCTTAGTACCTTCTGTTATCTTCCACACCGGGGACGTCAACGTTGTCTAGCTGCAATGCAGATAACGA,986,49.9,Drosophila melanogaster
SEQ_463981,TTCTCTGCCCAGTTTGCTTGGGGTCGTTCGCAGGTACCGGCAACAGCGAGGATGATTATGGGATTGCACCGGGGGACGGTGTTTCCAATGCGGGCCTTGTCCAGGCGGATCTTGCTAATCGTTGTGTAACGTCCGTCGCGGGACTTCAATTATGAAATTCGCAGTACAAGGTTTCCGCAAAATGAGGCGGTTAGGATATTGGGCTCCATTGGACTCGATGCCGAAATGTCGTCCAATAGACATCTTTTGGACATAAGAGCACTAGTGGTTTTGGCTGGGACTAAATTATTTATTAGGAGTCCACGCCGTGGGGTACTGATACGTTTATTAGCACTCGCTCCAGAAAACCTACGGCCGAAACATGCGCTAGTCTGAACGGCTCCAAACCTAAAACGGTGTCAGAGGGCTGGCTAGCTGTGTATTATGTCATGATCCCCTCCAACCCTGCCACAGAATGGGCGTAGATAAATGCGGAAGAAGTTACGCACTCTTCGACTAGCGTCGAGCATGCAGGTGCACGTTTCGCAGCGCTCTTCAATTGACGACAGGTATTTCGTAAGACAATATGCTTTCGCCTCTCATTCTGACTCTGGTGTCTCAGACTCTATAGGAACTCCGTGCTTCAGGCGGTAGTCGCTCAAATCACGAGAAGGAGCAACTCTAAGGATATTGGGAGACCGTTGGAAGTCCCCGAGATCAGCCCCATTATCAGGAGGGGAGTCACTGGTCGCGCTATGGATAACTCCTTCCATAGATCTGGTGAGATAGCGGACTGCGTTCCACTATAGCGGAGCGACAGTGAAATGGGAGCATATTTTGTACACGACGAGTTGACTGGCTTACGCGGTTCAGTCGTACATCCTGAGATAACCGATATCTTGATTGTCACTGCGGGCCGTAGCGATTGCTCATCGAGCCACTTCATATTGTATTGACCAGGTTCACGCCATGTTGTTTTGTTAGTGACACTGATCGGGTGATATGCCCGTCTCGCCTTCTGAAGCGCGACCCATGCTCGAACCAGTGGTAATGCTACATTAGGCTCAATGGCAGGATTCTCCTTCACGGAAGTTAAGAATTGATCGAATTACTTGGGGGTCATTTATTCTGCGAAGCCGTTTGACAGCGCGCAATTTTAAGACTTTCCCTCCTAGAAAAGACTCTAACAACGATGTGGAGTCGTCTGGTACCAAATCTAAAAACCTAAAAAGAATGCTAGAACGCCCAAGCCACTCACGTGAAATACCCGCGCTTGCTCAATGCACATCGAAGGCCATATCTGGCCCGAGGGCCTTTGCAACCGCGGCCCTCAGTACAAATTTATGACTACGGCTTCAAAAGTCTGTCTCTGTCCATTGGTCTTATCTAAGAGTGGCTAGAATTTAACCTCTATGTTTGTCATTCGACCCCCGGACGCGCCACTTACGGTACTTTTACGGCCGGCCGCTGATTTCAGTCGACTCCTTAAGCATAACGTTCGACTACTT,1487,49.5,Drosophila melanogaster
SEQ_235790,GGCCTCCCAGGACGCGGTTATTTTGGCACCTGACCGAGCCTATAGGACATATGCGGCTGGCATGTCCTGAACTGAGCCCTGCGAAAGACCCGACATACCATGCACGTTGCTTACGTAATTTCTCTGAAGAAGCTGTCAGCAGTTGCCACACACTGGTATCCATACGTCCTTCCAACATAGGCAGCAGAACTGGAATATAAGTAGGATGCAGGTATAGGTCATCTCACCAGGGGACCGCAGTACCTGAAGACGATCTTTTGGGGACCTCCCTTTGTAATTACACTCCGTGTTGGCTGACCTAGGGGTGGAGGGCTAACTCTTAACTGACGGTCACCTAGAGGGTCAGGAGGGGTTAGCTACTATATGGGCTGTTAATGAGATACGCTTTAAAGAATCCAGTTGGTCCCTCTAGACGATGCTTGTCAAAGCAATCTGACAACAATAAATCCTTTAGGGGTGATGATGCCAAAAATCCGCTGCGGTTTATTCTTGACGGGCCATATGCAGTTCTTCAGGATTACGAGCTCTCCTCCTAGGCTGCGAAAGTGCACGTATCGGAACAGGTTCGAAGTAGCCGGAGGGAGCTACGGATTACAGACCCTGGATAGAATCAAGGCTGACGATCTTAGTTTTAGAAAATGCCTGCAAACCAGATTCCAAACGTTCAGATTACGTATTATGTTCTTTGGTAGCACCCCTCCAGTGGGGTTTCTCGACTTACCGTTCCCCTCATCGCACCTTACTATAATCCAATCAGCATAATCTCCCATTTAATCCTAGCCATAATCGCCCTCAACTCGTTTGCCAATCAACCGTTCAGACGCCGTAAACCGATGAGGCCCTATAGACAGCAGAGGTAATTGATGCGGCTTGCCGTTACCGAGGCGAATGCGCAATGTCAAACTTCGTGCAGTCAGCATAGTTCTGGAATAAGTTAATATGACCGGTCGTTTGAGGGCTTCTAGGGGATAGCTACGCTAGGCTTACTCTCTATCCCTCCACTCCATCATGGACATGATTTACCGAATGCAGTAACGCGAGCAATTGGCTTGTCCACCGCTTCCCTAAGAAGAGACGTAAACATAGTGAGCGGTTGCTCCGAATATTCAACGAGTCTATTATCTGGGTTAAGCCCGATCATGGACCTGGAAATAGATCGCTCCCAGAGGCGGATTTACACCTAGCCCCCTGTCCAACCGTGAGAAACTCGTTGGTTGAGGAGAGTAGTTGGCGTCGGGAAGGATCAGTATATGGTGACCCTGAGTTTTAAGCTATTCGTAATCAAGACCGAATTTGTCGTCGCCAGCGCAGGGAAAATGAAACGAGCGGTTTAGGTCTGTATAAGTTCACGTGCACTGGGGGGGAAAGTTGCTGGTAGAGTATTAGCCGGCCCTTGAGTCAACAAAACCCATTCCGCATGAATAGATGTCGTGTGTTAGTAACCATACGTAAGATCAGCCTCGGGCAACGGCTCGCACTACAGCCTCGGTGGCCGTGGCACTTCTAAAACAGCTGAACAATGCTCGTCCAAT,1532,49.22,Arabidopsis thaliana
SEQ_104425,ACGTTTGCAGAAAACACTGCTGATGCGTAGTTTCGTACCGATTTCATTGTGGGTCGTGCTCCGTTACATGAGCTTACGAGGGTTACAGCAGACCGTCCAATCCGAGCGGCGCTGCTTGAAAGAGGGAACATGAAGGCTGATGGGGATAAAGGTAAAAATTGCCTTCCACTCAACTTGTCGCATCCGTGCTCTGGTTACATATACCAGAGGGTTAGTGATAGCCATGCCTGCCCACTGAAAAGTCCAGAAGATGTTCAACTCTAAGCCGGGTGGTGCCCGCAAAGCTGCCTATTGGAGCCAAATGCTTTGAAGCTGCGACGTAGTGACTGTAGAAAACTAGACGGATCAACCCCTCAATCCCTACTGCGAGGTGATTGCAATAGTATAAATGTCTATTACAGGATTACCGCCAATTCAACTGAGTCTACCAACTCTATGAAAAAGCCTGAGGTGTGAGGATTAGTTCTCATACTGGACCCGTATTAAGGCGTGTAGCTGGCATGGCCCCCGAGTGCAAACTAACTGATCGCGCTTAACTTGAGTGGCACGATCATGGTGCTTGTCCCCTGATTGTAACCTTTTCATCCGTCTAAAGAGAACTAAGAGTTTGCAAGAGGTGACTTGCTTGGACACAATGGGCTCAATGGCACTGGTAAAGCAAACAAAACGACTGATTGAGACTTAGTTGCCTGCTAATCCTTGCCGGCAGTTATCCGGGAATACGAACATCTTGCTGCAGTGACTGACTAGGCTGCGGCCCATTCTACAGGCGTTGCTTTATGTAGGTACGAGAGTACTACTGCAGGTAAATGACCACGATGTGTTCACGGCCTAAATAACCTCTAAGGTCAATAGGAACCCGCTCCCCATCATTTTTAAGAGGCTGGGAGAATTCCATTCACCTCCGCTGCCTCGCAAACCCGTGTTCCTAGAGAACGCGCCACCGGTCCCCAATCCTGCCCTCGAGGATTCACGCATGATGGGCACTTACCAGTGGCAATATCCTAAGCGGTTTATGTCATTCGGAATGCTAGTGGAAAGCGCTGTAACGGCCCTACAATAACCGCTGTTCTTGTAACCGAGTTGGATTAGCCTATGCTCACAATCGTTCTTTCCCAGAGAAGTGCGTGGAGGAATTGTGGGCCACTCTAACACGGGAAACGCCGAGCCAGACAACCAGAACGTGTCAGAGGACTAACCGCTCTCGCTGTTCCATTTTCCTATACGTGGTCGCGATAACGACTCCTCGACTCAGGTGTTAGCTTCGCGACACAGTTCTAGTTTTAAAGAGCACATCGGTAATGCTTTACCTGAAATTGTTTGTCGTGGGGGGAAGACGTGGAAGTGACCATCACAATTGTGGGAACACGCCTAATCAACAGTAAGA,1387,49.1,Escherichia coli
SEQ_338197,CATATCGGTCACGCTGAGAACCGCGCCGTAGTGCCAAGGGACCCATAGGTTTTTGCGCTCGCTGGAGAATAAAGTGACGAGCTAAGTAAATCAGATGACACCATGCTAGACTTCTCTACGTAAAGCGTTACTTCCGCTTCCTTGGGCTATTAGGTCACAGGCTGGCGACGGATGTTACCCCAAGCGTCTAGAAACTAGGCCTACGTCGTCAAGAGAGGGCTGGTAAACCACTACTAGATACATTAACCATTGCCGCCATGGGATTTCGGGTCAAGTTAATGAAAAACTCTTAGTCCCCCTAGCGGATAGTCCCGAGCCCGTGACGCGGGCCTGAAGTACGGTCTACCTAATGCTTTCTGACTCACCTATGCTGCCATTATCCTAAGCGCGGATTTGTTCCCCTTAAAGAGGTACGAGCGAGTAGACTTACTCGCATAACTTTCGACCATTAAAGTACGGCGCTAACTTTTGCCTCGGAACGCATTTGCGGTACAAAGTAAGGAGAGACTTGGCGTAGTATTCCGCTATAAGTACCTATATACGTTTTGGCCCTAGCCCACCTACCAATCTCTCTAGCACTTTTTGGTGGGTGACTCACGGATAGAAAGAGTATTAAACAGGTGAATCTGACGCCTGTACTAAATTGCTGAAGAACAGATAATAAGACGGCCAAGAAATACGAAAGCGTAATCTTGACGGTGTAGGAAAGTTATCGTATTGCTGCGTCTCGGTTTTCAACGCGAATAAAGTCCAATTACATAGCTGAAGCGATTCAAGTTGACTTGGGCTCGGCGCCGGCCCCGCCACCTGTCTACTCTCATCAAGTAAGGATTTCTACATTCGTGCTACCTCGCACGCCTGGGCCGGTCGATCGAAGAAACAAGACTTATCATTTCCAACTCCGTCCGGCGCAGAGGAGCCAGTCCTGAGCCTCTCGCTTACCGGAACTCGAAATCAATTCCAGATCCCTACCCGGGGTAAATTTTTAGATGCGTACATAGCGTTTTTACTTCCGACTTCAAGCAGTTGTCGACTGCCTCACTGCTTCCAACAGTTGGTTACGGGAGTCGCCACACCTCACTTCTACCTGCAAAACTCATTCCAATATTGAAGAACAGTCTAGAAGGATTAAAGGGCGTTATTCGCGCTTATACAGGCCTACCCCGTTAGTAGTCGAGAGCAGGCCCCCATAGCGAGCGGAGCATTAAGCTAAAGAACCAAGATAAGGATTACTAGACTGCAGTCGTTTCCCGTCTTTCATTTCCGCTCCTTGTTGAAGCAGATTAGGTTATATCGCGTCGATTCGCTTAGGGCCATAGAATTTCGCTGCGGTAGGAGTATTAAGAGCGCTTGAGGCTAGGATTCTGATATTAACCGCATGCCCTCGCATATCTGAGTGTGGGTGGGTAGTGGCAGAGCCGACTGACTTAAGGTATACAGTCCCTCGCTTTCATAGACAGAGCTGTCTCCGCAACAATGCTCGAAAACTTAAGCTCGACCTGGACGTGTACCGCGTCTGTACCGGCGTGAACAATCCTCGTAAGCCAGCGCACCATTAACCGAGGAGCGTTACTCTCGCAATCCAATAACAGAGGCGCCAGCT,1603,49.22,Drosophila melanogaster
SEQ_439571,GGCTGGTGACTGGTGACAGTAACGGCTCGAGACATGAAGGGGTTGTGAGCGGTAGGTTGACCGACTAATGTGCTGCGACCATAATGGAGATGAGGCATGATTAGCCCATAGTGGCATGGAGGGACTGTGAGGTGACATCCGAGGACACAGTAGCGCCTTTCGGGTACCACCTGATTTATATTACCTAAGTGGATATGGTCAACACGTGTGGTACTAGGTGCGGCCGAAGGAGAGTAGAGCACCTTGAATAGCCAGCTAGCTGGTCCCGTTTACGGATGGGCCATACGTCGCACAGGATCAGTCACCTGTCAGCATGCCAATAATCCCTGTCACTGGCCGCGGTCTTGTTATAAAAGGTCGACGCCCAGATACTGTCGATGGTGCTCGGTGTCCGGACACTTTCTGTGACTTTCATCGCAGGGATTGTGGTAGTGTGACAATCCGCTCAAAGCCCCATGGGGTCGGGAATCTATCTCCTCTAACTGTGCCTGAGCTTACCGGTGCCCATACCTCCCAGGTCGTCCGAAGCTGATTCATCGCAGACGGGTGTTCGCGGTAAGTATTCCAACGCAGCCAGGTCGTTTTAAAACATGGAATATTGACTCCTAGTGAAAGGCAAGGGTGGTTCGCTTCATATTTGGTCACAGCCAGGTGAAATCTTTCGTAAAGCGCCTATGGACAGTAATTTTACCCGAACCGAGCCTAATAACGTCTACATAATAAGAATCCTTTCCGGGCGAAAAAGCTTCTGTTGGTAGGTCCAGGCAGCCTATGAATGATGTTAGACGCCCGCTTGTCAACTTCGCGGTTTATAGGTGATCCAAGAACACTCTGCCACCCTCAAATACATACGCCAGTTCGCGCTTCATCCCGGAAGTGCACCTGCAGTGCGTGGAGGGGGGTATTATGTCACACGTGCTCTTCTAAAACTCTAGGATTGCTGTCTTCAAAAGCTCGCTGCGCTGAGCCGGCGATAACTACAAGAATGCTGAAGCGTGTGGTCAGTTATGAGCGTGACCGTATGTCAGTTTCGACGCTAGAATTAAGTCCGTGGGGCTACAGAAGGCAGGCTCGTTATTATCGAAGTGCCGTCGAGACGCGATCCCGAATACACGGCCGTCCTGTGTAGTCGGTAGACACACATACTGGACGACGACACCCCGGACAGTCCCGACAACCTGTCCGGTTCCGCACTGCCACCACTGTCTCGAAAACTCAACCTGCGGATAAGTAGTACCCAATATCCGGGATATTACTTCCTTCCCGGGACCTGAATATCCCGACAAATGTTATAAGGAGTCGGCTCAAAAAGCGCGTTACAGCTCGTTACCGTACTGCGCTTTCCGATCGCCAGAACTTAACTCAAGGATGGTGGAATCAACAAAATTCTCAAGGTTTTCTAGCAAGGCACACGGGTAGTGAGTGACGGTGCGTTCGGACGAGGTCACGACAGGTGCTCTAGAGAACGGGACAAAGTGTACTCTTTAGCGCGGCGCCGCAGTGCCATCGACTAATGTACGTCGCCGGGCATGAAGTTAAGAATTACATCGTTTGGTATTTTCGCATACTTAGTGTAGGACTGGGCAGGCACAAACATGGCCGTTTGTTCAGAGCCCGTGCTAGCACGAGCCGTGGAATAATCACGTAGCTCCAGACAGTTCAGGCTTGCTCTTCACTCTGACCAATTAGTAATCCGCACATACTTTTCTTGGGATACTAATATCACTTGATGAGTCGGAACCCGAGATCACAGGCGACAGGACCACAAAAATAAGCGACTTCGCTACTAGCCGGCTGTCTCTAATTACTAATTGTTATA,1819,50.96,Escherichia coli
SEQ_998565,TGACCAGTCGGCCCAGAAAGTGCATTTCATCGCTCCGATCGCTGCACCGGGGCACTGGTGGCGTTTCTTAGGATTGTGAGGAGCGGAGCAGACGACTTCAGTTAAATCAGAGTTTTTTTTTCCGGCTGCTTATCTATCATTCTGTACCAGACGACCCGATTATTCCAGAGCACGGGCGGTTTACCCTGCGAGGTGGGCCCTAGCGCTAGAGTTTTCTGGTGCAGTTATGTATCAACTTGATAACGCAAAAACAAGTTAATATACGGGGTGAGAGGATCCTGGTGGGCTGATGTTGATTTCGGGCTTATCGGGATACGACCGCAGCACTTCCTATTCTGACCAATGAATCCTGCCATAATATCATATTATCTCAATTGCATCGAGGTCAGGACGATTCTATTAAAACATCATATTGTTAACCGTGAAAAGGGACACCCGGGCTCGGTAACCTCGTGACAGTCGTTAATCGCATAGGTGATGTCGGTAGTTATTTCTACTTCAAGCATCGGGAAATCTACGACACATCAAGAAGCTAGCTTTTATGCTCACCAAAGTACCTTCCTATGGTCAGTCACCGAACCCGCCGGCGTCCGGACGGTCCAGGGGGCGAAAACCGACCTAATAAACGGGTCAGAATGGCCTGCTTAGGTAGCAGGTATTTAGTGAAGTGTCATGGCCCGAGACCTAGGAACGGGTTCAACTCCGGTACTAACGTCTCG,719,49.24,Escherichia coli
SEQ_349314,TCTTACCTAACGGACTACACACTGACCCCTGCGGCGCGGCTAAGCCGCGGTCCTACCACGCAGGGGGGAAGAGCAAACAGACAAGACGCTGGGCATAGTACATACCTGCTACCAACTTGTTCCCTCCTACTGTCATAGTACTGACCAAATATGCCAGATCCCTGCCAGACTAACTGCAAAACGTTGGCTTGCAGCGTATCTGTGCTCGAGGTCACTATCGAGGAAGAAAGGTAGCATAAAAAACAGTACGTAGCCATCCTACAATATAAGGGAGTCCTTCAGTGGGACTAGGAAGTATTGACCCTGGTCGTAAGAATAATGAGAGCCGCAACTCAATAAGCAAAGATCATCCCCATCAGACACAACGCTCCGTAACACTCTCCTGTAACGTGACCGAAATGATACTAGGTGGACTTCATGGGCGTCATGCACCTCAAATAGCTGTTCAATCATCTAAGCGTCTTAAACTGGGCTTTGAACTGGGAGCTTCGGGATTCGTCGCTATGCATGCCGATACGAGGTCGTTAGGGTGTCGTCCACGTGCTGGCGATGGAAGTATGCAACTAAAACACCACATAAGAAGCCCTCTGTACCTATTGCGGATACACGAAACTGTCCCGGCCCCGTGTTCCACTAGTTCGCGGAACGTTGGTCGATATAGGGTTTTGCGGAACGATGCTCGTATCTCTACTCATCGCACAATCAGCACGGGTGGCGCGCTCCTGCCAGTAATGCTCCCCAGATTTTTGAGGGAGTCGGATCCGCGGACACAAGGCGTGCAACATGGATAACCTGAGTGACCGTGCTAAGATGAAGAGCGCGGTCTACCGCTCAACGGCCTTGGGCGGGACGGGACGCGCCCGTTCTAGGTTACGGTGACGGCCCCACAAACTGTTTTCCGTCGTAGACCGTAGTCAATAGTCCCCGGGCGCAAGTGGGAGAGAAACACTCAGGTGTTTCATTAACCAAGTGAGGTGGCGAAGGACCATGTTGAGTTAACATTCGTCCTCGCCCTCCGTGTCTATCGGCATCGTTAGTCATCGAACTCCGCCGGCTCATTGGAACTTAAGATTTCCTTGGCCGACACGGTCGCGATTTCCGTAGTTCCGACGGAGCGTCCATATCGCGAAACTGCTAGGTACGGCAGGCCTCAAAATACGGCGAGAGGTGCCAAACGAGTAGTAGAGATCGAGCT,1195,52.72,Escherichia coli
SEQ_751291,GGCCGAGCGGCTCCCGTTTAGAATGGTAGAAATAATCCGAAGGTTTCGTGCCCGACACTTCCTACACACCTCCGTGGGGGGCAACGCTGAATTGATTCGAAACGATATTCTAAAGCAGATCACAATGCCAGGACGGCACCCAACTTCGTTGGGTCATGACCCGACCTTATTTGTTGTGGAGTCCTGAATCTTGTGTCCAAACTCCGGCCATTTATTATAGCATCCTGCTTTATCGGACGGTTAGGAGCGGAGAGAAGACATCCAACGCGTAAAGAAGTCATCGTCCTCAACCTCTTGCCCGGGAACCTTGTGGCTATTTCCGCCTTTCCTTCCGGTGGGTCATCTAAGGATCGATTTGCCGGGCCCTCCTACTTATTTGTTCTATGGGCACTCGTTGTTGGAAGGATCGCCCGACTTGATTATCCTCTTCTATAGCGGCGGTCGGTCCAACAACAATGACCACGTGCTAGACCCGATTGAATCTATGATCGGGCCTCTAAAGATGCAAGCGGCGAGGCACCTTTGATTGGGTAAGGCCCATTGCCGTGGCGACCTCATCAATCTAATGGCCAACTACCATTACGCGCTAGATGGTCCCACACGACCAGCGGAGTGACTCTGGAAAATCACGCCGGCGACGGAAAGTATCAACACCTAACGGGTATCATTTATGCTAGGTTTGCGGCTACTGGTGCTTGCGCCAGCGATTGGACCACATTCCAAGAGTACCTCGCACCAGTCATACGGTAGAATAGAATCACTTCTAATCGGTGGGGACGATGATTGCTATTCAAGTACAGTCTGACCGGGCGACGCGATGAGTCCTATTAAAACGCTAAGAAAATGCGCTCAGGCCTTTCGCATGACAATATGTATTCGGGAGATTTTACGTTGCATGGAGCGTTCAGTGGCACGCCCATGCCACTTAAGATATAGCTCAATCAGTGCAGTCCTAGAAGCATGATCTCGACCGCTTGGGGAGTGTGATGATAGCACAGGCGAGATGTAAAAGCATCTTACCAGGTCATGCAGATCCCTGAGACACATGGGGGGCTCCCCCGGGGCATCATAGTTGCCCCACCTAAGCAGCTGCTGGGGACAACGGATATCACCTCTAATCGAATCAAGCAGGCGCATAACTGTCCAAATAATCTTACCGGCACAAAACTCTTATCGATCAAGTTATCAACCGACCGTTTGTGGCGTCCCCATAAGCGGATTACGGCGTCATAAGTGTGTTTCCGTCCACTAGTGTGCGCGGTGAGCTAGTGACGCTTGCATGGTACCAGCTAAAAAGATGGGAGCCTGAAGGTCATGCACGACCCCGATGTTTCCATATATGAGTTTTGATCGGACGGTTCGAAGACAGGGCGTAGTGAAATTTGCGAGGCACAGCGTGTCCGCTAGAACACAACCGACTTTATATGCACGCCGCATCTCGCGCAATGCGGGAAGTGCTTGTTCTTTACGTAAAATCGGTGTAGCCAGCTAGCCTGTCAGTGTAAAACATGTTTCCAAGATTTAACCCAACGCCTGCTTTTGGCTCCGTGCGCTATACTACGACTATGAGAGCCTGTTGAACTCACGCAGTTGGCAATCAATGGCTTGGGATAATGCGCGAAATGAGTATTAGCTGCTGAGATCATATTATAGTCAACAATATGCAAGCAACGTGCTAGACTTTTCAAAACGCCACTGCTCTAGCGTG,1708,50.29,Escherichia coli
SEQ_826593,TGGTGGAAATATGCATGGCTCGCCGACTTAGGATCCAGGCGCCGGCGGTGTAACTGGGGGAGGACACCCGGCCTTGAGAGGACTCTTCGCTGGAGTGCCATCCTCCTGGCAGACAATCGTTTCAACGGGTTACTGCTCTCGCCTTCGTAGCACAAATCTGAATCTACTCGGAGAGCCCGCATGAAACAAGCGTACAGCGAGCGTATTAACGTGTAATCACGATGGCACGAAGCCCTTCAGTTTTGGAAGGTAGCCACTATCTACAATTCTAGCCTCTTGCGGTTACGTTCATAGAGACCTTGTTTGTGCTACAGTAGTAAACCTCATAAGGCGTTTGCATATTACCCCAGTAGTGCGCAGTGATCCCTGGAGCATTTTAACTACGGCGTCGCCCACTAAAAAGTACCGTCGCATGCGATGTGCGGCTTTGTATTTCGGTCGAGAGGCTCATCGTCCAGCGGCGTCTGAGCCGTTAGTATAACAGGACGAAAATCTTTGTAAGGGAACCGTGGTGCAATGAAAACGTCAGCCACCGTCGCCGCCCGAAGTAGGGCTTGAACTACCGAAGTCCGCGTACCGAATCTCCTTTAGAAGAAAAGCGTATCTGCCAGGAAGAGTAGCCAGTGATTGTAAACACTGGGCGCCTTGTAATGACCACCCGCCCCAGAAATGCCGCAACCAGGTCTAGAGGGGGTCGTATTGAACCCCGGTAATCGCGCTCCTATGCAGGACCTTCGCGAGGCATCACCTGGTACCGTCATAACCGGCACCGGTTGCAACGTACCATAAGCTACGATTAGGAGACGACACAGTCCAACTGATTCAAGTACTTGAGTAGCAGAGAAAGGCCGGTAATCAAGTTGGTCAACGTACGGGCGTGTCGTCGCCTTACCATTACTAAATATATTAGAGCAGGCGTTGATCACGTTGGAAATTAAACTCGACATGTCTAACAAGAGTCAGCTGGTGAGCGCTACGGGAAACTCCGACTGGATCAGTAGCCTAATTGTTCGCATATAACTCGCGGGCTAAACGCAGAACAACATGAAAAAGCGGGGAGCCCCCGAACACTCCCGGTTCCTCGAAGTTTATCTATTCTTTTTTTACGCTCAGGGATCCAAGCGGGAGGATGGCCACGAATCATATTATTGCATAGGGGTGAAGTCAAGCAGAGCTGACTCGATGTTCTCTCCCATGTATACCCCGCTCCTCTTATCTGTACTCTAGCGATGGGGAGAGAACACACAGTCTTGAACCATACGGGTACTCTTGAACATAACACTACTGTAAATCCACTACGTCCATCTTGAACGGCTCGCCCAAAACGCAGCGGCAGGCCGTCGCCCTTGGGTGCCTGAGGCTAAGTGCAAGGAGAAACCAACGCGCCGTGCCTTCTCGGTAATATGGTAACTCTCCACGCCAGGCAAGCTTGGGCGAGGCAGCATATACGAAAAGTATAAAAATCTAGGGATTGCTGGTATCAAGTTGACAGTGGCTCGGCCTATCTCAACCTCGATTATTTCGGACGTGTCGATGCTTCTAACCTGCACAAGGGACTTTCGGAGCCGATTTGGGGCCGTAATATAATTCCAGAGTCATGCTGCACCGTCCGTTCATGCCAAATAGAGGTGGGCGGGTTTGACTAGTCATTCCCGACCCTGTAATAACTATGCAAACCGAGAACCTTGAGCCTAAGTAGTCCCGCTAAGCCACAAGAAGCAGTCATTTACATTAAGCCATAGCTGGGGTGTGCATACAGGCGACTCCGCTCGGCCGTACTCCAGTAATCCAA,1792,51.28,Drosophila melanogaster
SEQ_299525,TTGCGTTCAAACAATTGAAGATCTGGGTTCCGGGATTTTAACATATAACTACTAACACCGTTTCACAAGCACATAGCAGTCACACCAGACTATCCTAGCGCCCTTACTCCATGGGACACCGGTCAACATTGTATTCTACTTAAGGTGTCGTTGCTGTGAGAGTTCTCCATAACGGAAAGTATCAGTAACGAGATCCGCCAACCCTGATCAGCTGATCCCCACCAGGGGGTCGAATTGGAAGATACGATACGTATTTACCACGCCCCAACGTGAAACACAGCGATGAACACGCGTGGTCATTGTCACCCACCGGCGTAGAGTTAGCAGGCATCTGCTATATCAGATGTACATAAGCCGTGCGGGTCTGCATAGCTCGGAAAGAGCTCTCATCCGAATAACCACCCCGAAATCGACCGGTCGGTCGCAGAGCCCCTTTGCAGCAACAAGTGCGCTGAGCAGGTCCTATCTGTTACGCTATTCTCCATGAATGGCGTAAGGCCCCTATGCCGCTGGCGCCTAGGAAAGAAACTTGATTCAAGGGGCTCCCAATAGCCCTATCATGTGTCAGAACCCCGAAGGAGATGCAGTAAGTCTTGTATGGATAGGAAGACTCGGAAGGCCTCTGTTCATTCTGTGAGAAGATGGCAGGTAATAACGCTCCTTACCTTGCTGGCGATTGTGGGCCCATCAGGCACAATCCAATTCAACCCTATTGTAGGAAATTAAGGAAATCTTATGTCCCCCTTATTACCAGACGGGGTCAAGCGGCAGCGCCTCTTTAACCCGTATTAATCGTATACTGTCTTGGCCGTAACCCCGATCGCTTTTTCAAAACCCTGGCCATGCGGAACCGGCTCGGATTGAAACGGCATGAGGCTCAAGCTGAAGATTTAAGGCTCGCTAGGGGGTTTGAACTTAATCGACATTAGGCCTTATCGTCCCGTTTAACCTTTAAATATTGGGTGGTTGTCAATCAGGCCACAATTCCTTTGATGCCTCAGTAGCCAAATGTAGGCTATGGAGGACGGTCTTTGTAAAGCCATAGCCGCAAATTAAACTAAGTTTAACATTGGTTCAGGG,1080,48.89,Arabidopsis thaliana
SEQ_585534,TAAAAATAGAGAGAGACTCCGTGCTACGAATGTTTGCCTGACGTGGTTAGTACCCTGTAAGTTCGTCCAACCTCCCGTATACTTGGACGTAGGCCAAGCTTCTGGTGCTTTACCGGGATCCAATTCGGTTAAGTTATTCAAGG,143,46.85,Arabidopsis thaliana
SEQ_320260,TGATTCGAGCGCTCACGCCTCGGATTGCGACCCTTATGTAAAGCTCAAAACAACGTATTTTCTAGAGCGTAACTTAGCGCGCTTGAGAATAATGTTTTACTTCATTGACGTCTTTCTCGCCACGCTTAGTTAAATAGCATTAGGGGGGGACCGAACCTTCCTCTAGCGTTACGCCTGGGCGGAAGCGCAAAAGGACAGCTGTTAACTCCTTGATCGGCCTAAATAACACATCTAAAGGTATTTCGAAGTCTAACCATTATCTTACATGTCGTTAAAGTGACCGGGTTATGAATATATTAAGTTTTCCTGCAGAGAAAGCTCAGGACATGGAAGAGCGAGCACCTACCAACTAAGTGGTCCTTTGCTCCCTATGCGAGTAACCCAGTTCTTTCTATTGCAAAGTCCTTAGCGGCACGAGACCCGGGGTAGACGCAACTTTCCTCTATGGTCCTTCGTCATGTACCCACTGGAATCATATAAAAAGGGGTTTCTTGCGACAAGGGGACAACGAACTGAACCTGTCGATTCTATTATCAAGAGCGTCTTGTTCTTACACACGCGCCGAGAAGGTTCCCCGACCTGGGTTCTGATTCATCCATGGGCTTTTATGAGTCCACGCTAAAAGATCCTTTCTAAATATGATGGCAAAGGCGATCTGTAAAGTGGGTACTGATTTTTTTATCCTTAAATTGAAGAGACGGCGTTTTA,708,45.2,Caenorhabditis elegans
SEQ_396189,CATTCAGGGCCAGACTACCTTTTCTCATTTCGATTATGAGACGGCGTTAGAAGCGGAAGGAAGCAGGTGGCTCGGTGCACCGCATGCCGGCCAGCACGCCGAAGTCGTTGCCGCAAATGAACTATTCTTTACATCACTAGCAGCCGGGACATAAGCACAGCACCTTGAAGATGATATAGCTGCAAGACATGGAGCGAGTCAGTGGAACTGCGTTCGGTCACTCTGTGTCAGAGCGCTTGCGCAATGCGGGGAAGCCCCAAGACACATAGAGCACCATCGGTTAATTAGCATGGCGTTTTCATACCCTATGACATCCAAAGCGGTCCACACAGGATTCTCATACCGCATTGAGACCAATCCCTTGTATAGCTGGTCGGTTACCAAGTCCTTTGCCAGCCCTAAGTTTCGTGCAGGACTAAGTGTTCACCTTTGGCCCGGTCAATTGATTGCCGCCTGCCAACCAAGCATGTATGGACAATCAGTCCTGGCGCGCTGCTATTAAGTAAGCCCCTCTTCATGTCTATGCTAAGAGAAAAAAGCTTTAAGAGGCTCTGTACAGGAAGCTTAAAACCGAAATATAGCTGCTGGATGCGTTACCGTTCTTGTATGTCTTCCTGTCCTCACTCTTACGGAGTCAAAGGAAAGTAAGTTGCGTGATTTTCTGCGATGCGTTCCCGGCCTCCGGTCACAGAAAATCGCTGAGTAATAGCCCGGCAGTGCAAGGTCGATAGTATCTTAGCTTGAGACCTTTGGGTTACATGGTTTTTCAGGTTGCATCCAGTGTACCTCTCGCCCTTGGTGTGATTATCAAGCGCAAGTCCCGGAAGGCATTTCCTCTGACACCATAAGGGCTTCCCCAGCACTAGTCAATTACAGACGGTAGAGAATACTGACTGCCATGGCATCAATCGTTTGCCCCGCCCTATATCTGGCCCTCCAATTCATATTTCGGCCGTTCCGAGCCATCCTTATCGCACGAGCCTTGTTTTTAATTATAGGTTGTTTGATTAGCCATGGGTCCCCGGAGGATCGCTATCGTAACGCACCTCATGCGCTGTTGGCAGCTGCTATACCGAGAAATTGTTTTGATCAGCCTCGGTATTTATATACGGTGCGTCTAGGTTGATCCTACGGGATCTTACGGTCACTGAATGCAGTCCCTGGTCAAAGCGCTCTGATGGGCAGCCGGGGATAACTCTGTAATCATTGAATTCCACAGGCGCTGGGATTACCAGGCATTGCACAGCACTGTCAGCAGAGTTGTCTGCTTCCTCTTCGTAGATCCGCACAAGGTGTGCTCGTTAGCAACCTGCGCTCAGGACTTACTAATAGATAATGCCTGTAATTGGGCGTCGCCAATTTGAAGAAGTTTAACCCATTAGCTTGTAACTAGTCGTGCCACGACCTTTTTTCTGCTAAACGTGGGCCTCCAACATTCACAAAAATGTGGGCTAAGCGTTGTGTACATCTCTAACCGAGAGCTTACGGAAACGACACCTATTGCGGCTTTTTATCCAATGTACCTCATAAAGATTTTTACTAGGTAGGACATTCGCGCCTGAGCCGTCCGCTTGGAGC,1578,49.49,Mus musculus
SEQ_336171,AGAAAAGGGCCTCCGTTCTGGTAGGATTGTATTGTGCCGCGTGAGCGACAAATCGGAGGGATAATTAGCTACTTTCCCGTTAACGCGGGGGAAATCGTCCCCCCGCTTTCGAAGACTACGTCCTGACGATTTCTACCCTTGGGGGGAGGCGCTCTTAAGTTACGGCCTTAGTACAATTAAACAACGATCATACAGTTCTCCCGCCTTCAGGGACCTCTGCTTGTCGGGGCAAGTCCGAATGTCTAGCCCGTGGTTCTCGATACCAAATCAGCTACAAATCGTTTCCCCTGGTGTCGTGCGAACGGATACATGATGTATAAGGGGAGGTAGTAAAGGAGTTGGCTTAACTCCGCGTCGTATGACAATAATAGTACCACGATATCGTCGGAGTCATCACAAAGTGATACTATAGGAACCTTTAAAGATTTAGCTCCGCTTTAGGTGGTCCAATTGTTTCAACATCACTCCGCAGATATATCCTCCAGCGTGCCACTTATTAGTCATTGTGATATCCTCGGTCTTTGTGAGCGTGTTGAGGGAGAGCCGTTTGAAAATTTGTTGACACAACACTGAAATTAATACAATCTACGAGGCATGTTCTGACGACAAAAGATTTACCGGATGAGGCGGGACATGCCCCATTAATGAACATTACTTTGTGGTATTATCGGATCTTCAGTAAATGCGACCCGCGTTTCGCTGGGATAGACTCGGTATTACATTCGAACTAACCATCACCCTTTGTCACTTTAGTTTAATAAAGACGATGTATCGGCATGCTCCTCGCTTGACAACTTGTTTAACGGGCGTACGGGTCGTCAGCAATGTGTCAGACAATAGGGGACTTCTGATATAAGTCTGATCGTCACATTAGACTTAAAACCTGTCAATTGAGAAAGATAGCGAACCCAACTGTTCGTCCCCCTGTTGGGGCACAAGCCAGTTCAAAATGCCGAAGCTCGTCATTTCATTCGAGCAAAGTCAAGGTTTATAATTAAAGTTCATGGTATTTGTCATCAGAGTCTTTCCTCCGCCTCGCTGGGGGACCGAAACACAAGGTCAACACACCAATCTGTTTGCCCCTTAGTTGGGTATGTCCTACATGATCGCTAAAGGAGTGTGGGGAGACTAAGGGGACAAAGAACAATAGCAACAACGAGGTCTTTACTCTTATCGGATATAAGGGCCTCCCGGACACATGTTATGCTCTCTGACTCGATGGAATTAGGGATCGCACTCGGTGCGCTTTATCAGTTCCAAGAGTTTGCACGGGCCTGGTCTACGTATGCTGATTCATACTCATTAAGGCAATCAGCATAGAGAAGTGAGGGGGCTCCATGGCAGTGATCATTCTCGACTTTACTACAAGAACATTGAATGCTATTTGTATCACGTGCGCAGAAGCGCCTTGCGTTGACGCTGTCTGCACCAGTCCACTCCCGTAGATTATAATTTATGACATACCTGTAGAATTTGACTTTGCATGTGCCCCTATGTCCCGCTATCTTCGTCTACAGGTCGTCACCTTACCGTAAATTCTGCTCCGCGCATTCTGACACACAGTCCCGATCGGAGCCCGGACAGCGTTAACTCTTCCGGTTTCTAGGACGAAGGCGCGTTGACCCACTAGATACTCCAGTACGATACGCCGACGGATAAGTGTTTGTCTAAGTATCTGGATGTCTCTGATTCTCGACCGGCCACGGTAGGCTACTCTTAGGTCGGCTATCCGAGTAATGAGCCTACTCGCGA,1752,47.49,Drosophila melanogaster
SEQ_307970,GTGTGAAAGTTGCAGATAAGTTCGACTGTGTCGATCGTCTTGCTATGGCGGTAGTGTCTACTTCCGGCAACTCGGCCAATAGCTCTTACGCTTGGGTGATACATACTGCCAATAAAAACAGAGCCTAGTGAAGTATGTACGAGCCCGAGAACCCACCAAGGTTTCGCCCAGCATTTCCAGGGGTTTATCTGTGGGGATGTGTAGAGCTCTCCCTGATGATGGTAGATATTGTTATTTACTGCGTAGAAACATTATCTTACTAGGAGAGTTAATATGGCG,279,46.24,Arabidopsis thaliana
SEQ_831047,GGAAGTCCATTCACAGCAGTACGCCACATACTGGTGGTTTAAGAGCTTCACATAGTATAATTACT,65,41.54,Mus musculus
SEQ_945444,TTCAGACTGTTAGTCGGACCACTGACCGGGCCTTCTCCCGATTAGATATGGGCAGCATAGGAATGCGTCGGGGATACGGAATCGGCTTCCAGTAGGTTCATGCGAGCTGCATTGTAGACGCTCACGAGACTCTGCTATCAATCATGACCGCTTCTCTGGGACTGTGCTCCCACTGTATGAATCTACTTTACCACGGCGCAGCCATAGCGGTCCGACGAACTTAGGTAATTACCGGCGTTGACCTCTGTCTCGCCAGTGTAGCAAACCCAAGAAAGCCCGGACTGCCGCAGTCGCTCCTCTCAGCGCTAGCTTCCGTTCAAACCATACTACTAAGGGTAGGCGGCCCGGTGGTGTGCCCGAGATGATGTCCCTGGCACCTCTGGCTAGGATAAAGTCGGGAACTTGTGCAACACCGCCAGGAACGGACGCTCGCCGTCAGGGGCCGTTCATGGATCAGAGCACCTAATTTTCAATAACGACCGCACCACCGTTATGAAGGGTTCCTAGAACGCCGCAGTCATGTGCGTAACGAACGGGTGAAGCTATCCCCTATCCTCAACTAGCATTAGTTTGTCTCGCTTTGGCGTACTATGTCCCTTAAACTTATAACAGGTATGACCACTAACTAATTTAGAATGTCGGCATTGCTCCGGGGGGGGCAGTGTGGTTCCACACCGGCTCCGAGTCGAACGACGTGGGTGCGGCTTGAAAGAGCGCCGCACCACCTTGTCATTTAGCAATTGCAGTCCACAAGTAGGCCGGATGGCTCTCAGGGGAGGGGTGAAATCCCAAACAGAAGTGAGACGTATTCAAACAATGCCATAGACTCAGGCATTTGAAACTGAGCGGGATCACCCCTACTGGTCCGCGTTTTTAATCGGATTCCAGCTTGGTACTCCCCTGAAAGGTTGGGACTAATCATGTTCGCACGCAGATGTTGGGTTTCCGCTTGCAGTCATATACGTGTCCCACGGATCAACTACTAGACCACGGAACGTATCGCGGCGGCACGGGTCAGGATCCCCGGACATATAATACTCCATTGGGAAGGACTCGGTAAATCCTTCA,1068,53.46,Saccharomyces cerevisiae
SEQ_233865,ATGCAGTGTACCATTAAAACATCGAGAATACCCAGCGCCTTCACGACTTGAGTGCGCTACCTGATAGTCAATGGTTTTGGTCGATAAAGTCTCCGCACGGGACTATTCCTGCTGAATTCCCGCCCATATCAGAGCTTACGCTATTATCATTGATTTGTCATCATAAGGCAGGTCGGCTCTTTGTGGGTAAGGCTGGTGGACATTACTCCCGGGTGACGACCCCTGAAGGTATAGCCAATCCGGCAGCACTGTGTCAAGCGTTTCCAATATAGACGCACGGCGACGCTGAGTAAATGGGCATCTAAGACCGTGCGCCTGGCACCCCTAGTCTTTAGGAATTCTAACTAGAGTCCCATCCCCGCCGTATCCAAAGTCTAGGTTGTCAGCTATAGACAAGACATGCCCTTTGCGGCTCCTTGGTCCGACTTCACTCCTATGCGAACGTTTGTGACACACCTGAAAGGGATCCCATCAATATATTTGCTAGAACAAAATACCAGATATGATCGCTTAAGCGAGGACATCACCGGGTGCAAGCTAGTATTTAGTAATCGGGTCAGCGAATGCCCCGATTACGGCCCAGTGCCGGTGCGAATAGCGCACATTTAATATGTCGTATTGGCCGCGCTGTACACAAGGCTGTGCTGTAGTCGCGTACATGTTGGAGGTCGAGCGTGATTACTAAACGTCCAGCAACGCGCTTACTCCGAATAGTCTGCTAAGAACGCGACTAATTAAGAAAATGAAATGCCAGCTGACAGAAGTCGTACATAGCAGCCCGGATCTCAGAGGGGTGGGTTCTACTTCACCTCTAACACAGGCCAGACGCCTATCGCTACTGAAGCCATTACATGAGCCCAAACTTTGCGTGATTTCCTACGACCTGTGTGTATACCCAGACGAAACTTAGTCCCGCGTTAGTTCGGTCGTTGGCGGCTGAAGCCAAGGGAGCGCGTTAAATTTACTGGGTTCCATTGTCCTATACAATCGGCAGCATACTCCAACGATAAGTCTAAAAAAATGCCGAAACCCGCTCTGCATGCTCGCCCGTCATGTGGTGAACACTCCGGGCTCAATGCATGTAGGACTTATGTCATTTCCTGTTTGCACTGAGGCTGACCCACGAACGTGGTGTATGTGTAGGTCAGAGTTTTGTCTACGGCCAAAAGAGGTGTTTGTCACGCGAGTACGGCTTTAACACGCGCATCTGAGCGATCCTCTTCCCCAAGCGGCTCTTCTCCCGTTACGGTACCCTCAGTCATCCCTTAGACTTCACTCTAAATCCGTGATATCCTACTTTCTATAACCTAGGCGGTCCTGCAAAGGACCCTTAAGTTCGCCCCCTCCTGAATTGCTCACGGGTTAATGACGACGGACGGTTAATCCCGTTAACTCCTATGACAAGGTAACGCGATGATGGCATTCGCACTAAATTTGTGTGGTATCTGCAACGCAGACCCGGGACTGGTGTAACCCGCTTAAACGGACACGCCGCTCAAAGTTTAAGGGACTCGTCCTAGAAAACCTCATGC,1532,50.2,Escherichia coli
SEQ_510444,TGTCAGCATCCGAGCCATAATTTGAGGGTCTGTACCACCAAAAAAAATTCGTAGGACCCCTTGCTTGCAGATAAGATCATAAAGACCCGTGTTCGGTCTCAGCGCAACTTTGGACTCAAGAGACATGGCCCCAATTATCTATTAAATGTGGTCGAAACCACACTCGTCTCCTGGGACATTGGCGCACGCCCACCTGGGCCCGGTCATGAGCCCAATCTTCTTTGCCGATTGCATTGGTGATAGCCACTACAAAAGTTCGCTGGAACAAAGAGCATCCCGCATCTGTCTGAAGACTTGCCTAAGGGTTGATATATAAAAAAACAACGTTGTGGGCTCCGGACGACCGTGGACGCCGAGGCGCATAGCGCTACCTGACGCGAGGTTCTACGCGATACGGAATCGACCTCACAATTGAGTTTTCAAGATCAGATCACAAAGGGCGTTTCCATCCGTTACGCGTATCACCTTGCGCACAGCGTAACGCAGAACTAGAGGCATTCAGCACAATTCGCGTGTGCCGTTTGCGCGCAGCGATGGCGACTTTCGTGGCTGGCAATAGGATGACGTTACTTCAAGTTCCGCGGTTATAGTAAATTAACTGTCTGTTGAGAAGCATTAACGTAGTGGCGGTCCGCGGCTCGTACTTAACAGGGTTGTTATTACAGCACACATCTCCCTGTATATGAACAATGGGTGACTAACTATATCATGCATTAGAACACCAATCTGTATTTTCGCATAGGAATCTGTTAAATTTACGACGGCGAGAAGAGTTCTTAACTATATTACATGCCATATCGAGGAGCCTCCTGCCCCTTATCGGCGTAGCTCGGATGGGTCCCGTTGTGTACCCAACAGTGGAAACCTTCAGACGTGTCCAAGTCCCATCGATGTCACGACGCCTGACACGGCAATCTACATAGCGGCTTTCGATGGCATGTCTAGATTGGACCTCAGTCCCCAGCTATGGCAAGCAACTTTGATAAGTACATACCTTCCACTAATACACTGGGCATTAATTAATTAATTTCGCACGCCCCCCGTCACGACAAGAAGTCTCGTCAAGTCCTGGGGTCCCAACTAGGGGTGGACTCAGGGGACCTTTCGAAATGGCAGAACCCGCACCGAGATTCAGGACAGCGATTTGGGTTCAAGGGGTTGAGGGACTTCCGACGCTGTTGCATCGTGTTCAAGCGGCCTCGTGGTGTACGAGCGCTATGTCCAGGGCATCTGCTAAAGCAACGTCGATTTGGGTACGGCACTCCACAGCGACTATTCAGCACGGCGAGTAAGCGTGGCAATACGCTGCGGGCGATTTCGTACCAACGTTTATACTCGGAAATCAAGGCAAGTACCCTCCTTAACGAGTTGTAGGTTGGACGATACCGGATAGAAGAGTTGCTGACACCCAGCCCTCGCACTA,1423,50.46,Mus musculus
SEQ_574454,TTGTGCTAGGGCGCGATCCAACCGAGCAAGAGGCAAAACTAGGGTAAGCGTATTATCCCAGAGTGCGGCGGCTTACGGACAAGACTCAT,89,53.93,Caenorhabditis elegans
SEQ_610347,CGCATCGTGATGATTTTGTCAGTCCTGTCCTCAATAGTCACATCAAAGGGAGGCCAAGGTGATGCTCGTATCGCATAAGGTCGTATTATTATTGCGACATGCATGTGTGTTGGTTGTAGTCCGATCGTCTCCCCAGTTAGCCCACCCTAAGAGCCATGACACCCCCCTCGTTGTCAGGGTCGAGTTAGCTATATTAGTTTAGATAACAATCGTAATGGGGCACGATTCTTCGAAAGAATTGTCTTCGAAGGGTAAGGGACGGCTGCGAATTGCAGACAACAAATGTGCACGAACGAACACATTCTCCGGACCAGTCCACCACAGCTCTCTGTACCGGCATAGGCACGCCTTCCATTCTACGCACTGAGCCTTCTCCATTCGTCATGCCGGGTATGGTTACTGTTGGTAATTAGGAGATGCAGTTGCTCGCAAACAGCGCTACCGAACGGAGCGAGTAAGATAAAA,465,49.25,Arabidopsis thaliana
SEQ_844440,AATCTCAAATTAGCCCTCCTCTGACGCTTCCCCGGAGTTTACGACGAGAGCAGGGGTATCAGATTAGTTGCGGACTAGTCTACTGGACAGCAGATGTTGGGTATAAAGCACCCTGGTGTTGGAACTATCTGGTTCCAGAAATGTAGACTGGTTTCCTGTAAAGGACCCGTCAGAAGGCTTAATTTTGTACCAGGTCACTCATAAGTAAGTGTCCTGTTCGGACCCACCCTGCCCTCCATGACAAAGCGCGACTCGCAGGTAGGGCCAACAATAATACGTCCCAGGCCTGTCACTGAATAGCTTAACCTTGGACTCTTCCGACCCTGTTACCTAACAATGACAGTTCAGGTTTTCACCAAATGTCGATCTAGGATGGAATTCCTCCCACCTTCAGTAACTCTCTAAAAAATGCTGGTGCGCACGATATGGGATTAGTCCTGTCGACCGAACTTTTCTCGACAGAGGACACCCCATAGGGGTGCCGGGAGCTCAGCTTCCGGAACTGTGCATCTTTCTTGGCGTCACATGCATAGTCACTATATGCGTGTCTGATGTTATCCACAGCCTCATGCTCGCTGTGCGAATGCGATCGAACCTAGGAAAAAATCGAGAAGACGTTTGGTCCCATTCCGGATCAGTTCCTACAAACCCTTTTGCCTCACACCTTGCAATGTCTGGAACCGCACTAGTGCTGGTGCTTCCATGCCTAAGGGTCGCCACATGACGGAAAGGTACCGGCTGACTTCTATTCAGCATGATATATCTATAGTGGTCTAGTCTCAGGGAGGCAAGTCAAAGGCGTGTTCCCCCCTGGATT,817,49.82,Homo sapiens
SEQ_108644,CTTAGGTTAACGCTGCCCTCGATTTCCACGGCGAGATGACACTACGTTGACTTCAGTCTACTGATAACGCCTCCTAGTTCTGCCCTTCTTAGGTATAGTCGCCATGTACGGTGCCACATGCGGTTCGGTCGAAATTGTTTGGGGACGCACGGCCAGATCCGTGTTGGGTGGGAACCGACTAGAACGTTCGCCAGTAACCGGTTAGGCCTACGCCCTCACATGAATGTTGAGATATTCGTTAGAACGTACCCGTTGGCGGTCCACCGGAATATATTGCTCTCATTTTTCGAGATTGGCCCGATCGATGCTGTTTTTTACTGGGGGTGACTTAGTCTCACCTTTAAGCTAGAATAGACAGCCCTCTGAGTTTCAATCCTAAATTGACACAAAAGATTCAGAGGCTGATTGGAGGAATACCGGGGTTATCTCCAGTCACCCGAAAGAATCGTTCTCTGCAGGCCTACTCTCGTGGTCTGACGGACTTCTTGACCAATGGACTCGTTCTATAGCACGATTACACGGTTTTTCGTATGGGGATCCTCTCTATATTGCCTGGCGATGACTTCTACTAACAA,575,49.04,Mus musculus
SEQ_344854,CATGACTCGCGAGCAGCCGAGCGTTCGGTGGGTCTAACCCGATCGATGCGACCCGCCCCCAGACCAATCGCGTTACTAGAGGGTATCATTATAGCTCCCACACGAGCGTGGATTTCGCTTTTTTGTGTCGATGTGACAGCCGAAATACCTACGTTGTGTTAAACCTGTTTCTAATTTTGCGGGGATGATTCTCGCAGACCCAATTGACTTCAGGCAGTATCCGTTATATGATCGTAAATATATTTCATTACTATGAGCGACCGAGGCTGGCAGCTTTATAGGAATGTATTTGGTAGGGTCTGTCTACAGGAAGGCCTCTACGAGCGCTCATCTGGACCCGCGGCGGCGTGTAATTGTATTCTAGGATCGTTTACCTGATGATGCAGTCTGCAATTGCCATAGTGTCCTAGGTTCTGTGGGGTGGCTACACGAATACTTACCCTGTTTAACCAGATGAAACCCTTTTAGAGCGGTAAGAATCCTCCCAGTAGGCCACAAATCTCACTGTCGTATTCGGCCTCAAAGAGAGCGTGCTATGCCGGATTTACCAGGAGTGCAAGCCTCACTCAGGTTCTAATTCACGTAGTAACCTAAACGGGGATTCCCCGCACATCACGCCCCTCAGCAAATTTTGCTAACAACTGTCTTCTACGTTGAAAGTCGCGTCCTAGTAGTGGTGTGTCGATATGGCATCGGTGATGTTAGGGCATAGGAAAGCAGCCGCATCTAACGGCTTCATAGAATAGATCACGGGGGTAGACCCATGTGACTCTCTTAGTGGCCGTCGCGTTGGCCGATGGCGAATTTCAAAACAACAATTCAGCTACGGAGATGTAATCAGGCTTTACCCAATACATTTTAAAGTCCAGTGTTTGCCTCCACGCACCCTGGTACACTTCTGTGCTCCGGCTAGCTTGAATCTTCGCGTTTGAGAACAAAGCCTACGTCCGCCGTTACAAAGTGTAATTAGCCATCTAAAATTTGAAGAAAGCATGAGGTATCGAGGCGATCTGTATAGGCCAGTTCCCTAGTGTGTTACTGGCTAGTGCACTCCGCTTAGGCACTCGAGATCCAACGGGAATCAAAGGGGGACAAGGGTGTTGAAGGCCCTGGTATTGTGGGTTAGGGCGGGGTGACTCTGTGGCTTTTGCTGCGCTTGCATTGGAATTATGCATAAGACTTACAGATCTGGCAAGCGCGTAAAACCACACCTAGCTGCGCACGTGCTTGAGCCGAAGTGAACTCGACCTCGTCGCAATCAAGCGTCGTTGATTGAGTCACTCTTTAGACTGACGGTTTAGACTCAGGGAACAATCCATATAGACTACGTAAGGCAAATGGAAAGGGGCGGGTTGAGCTCTGGCCCAGATGAGGTATCCCTGCTTTGATCTCTGGACGAACCCTGTTAGGGCCTCAAGGGGTAACGAGGTAGCCGCGTGTGATGGCCTGTGTTGTACATTAGTACGCTCTAAGTTTCTCGATAACAAAGTCGCCCAAAAGCGAAACCTCGTAGCAAGTCATTATGCACTCCACAACTACTACAAAAAGATGTAGCGCAACATTGCTGACGCGCTAACAGTTTCCCTTTGCGCACAAGAGCCTGTCCTCAATTTCTGCCGCGCTCCCGCCGAGTGAGCGCAGAGAAAAATTAGTCTGTCGCGCTAGTGCGAGCATTTTTGGGAAATGGGTTGCTGTCGTCTACCTGGCGCATCACAGGGACACCCCGTGAAGTGAAAAGGCAGTATGATCCCCGATGGGTAAGTGAATTAATATC,1774,49.72,Homo sapiens
SEQ_525001,GTAAGGCGCTGTGGATTAGTAACGCTTCGAGCGTCTTAGAAGAGGCCCTGTCCTGTGTAGTACATGTTTGGTCTGCTTTCCCATGTCATTTCATTGGGGATATAAGTGCGCACGGGGCGACTAACCGACATCGGCCACTTACCGGGGGTTAATAGATCGATGCTCACACATCTACGTAGCTATGCCTTTTGAGGAAATGAATCCGATACAACCTTTTGCCGGACGTTATAGTATGAACGCTCGGCGTCAAGATTTAGATCCGTCCCGGACGGACGATAGTCAGCTGTACTCCCGAGTGGGAACTAAAGCGCTACGGAAGCCCCGTGGGCTCTGAAGACATCGCATGCACGGTGTTAAAACATCGTAATATGTCGGATTACGGGACTCCGTAAGATTAAATGGAGCTAGTTGCTACTGATACGCTTGGACGCCTGATAGGAGCCCCAAGAACATCTGACCCCCCTACCCAGTAAGTTCAACGCCGAAGCACTATGATTTCATTCTTGGCATAAGGCTTGTCGCCAGGATAACTCCCACTCACACCTCAGTGAGCGTACCCACCGGTTTTCACCGGCATCCGGGGCCCATAGGGAGAGTAGGGACTGTTACCACTCTGTTAACGCTTTGACTAAGAGAGGAGACGGGTTTACAAGCCAACGAAACCTTGAGCCGTTACCGTCCACTCCTGTACACCCTGAAAGGAGTGGCTGTAGATATTTGGCGAAAGGTTAGAACTAGCCTCGATCAGCAAAATACCCTGCCGACGTCAGACGAATGCCGTCAATCCGGGTCGCTTGCTCGAAAATTGGCTGCCTGGGTGATAGCCTGATTGGCTGCATCACGAAGGCCGCCGCCACTTGACCACTCAAATCGGAGAAATCTCGCCCGATAGGTCGTGAGGTGGGGGGTGGATCATGCTCAGTGTGGATAAACCTGCTTGTTTGAATCGAGAGCCATAAGAAGTAACATCCGCGATGTGGCCTCACTATAACGTACCTTTCGCGATCTACGTGACAGGTGCGACCATCCAACCAAGCCTATACGGGCATGACCCTCGTCGTACGCCACATTCGTACTTGAGGCTCGATGTCCTGAGCTCACCAGTAGTGCGCGTGGAGACTGTAACTGTCCAAGAGAACCTTTGTGGAACGGCTAGCATTTCATCTGCGCGGGGGCGGACAGTGGTTGGTGGATCATCCCACAACCATCGATTACCGATAGCATACAGTCTATATACCGAGCCGGAGTGTCACGAGTGTCTCTCCACTGTGCATCGCAACCGCGGAACCTCATCGGCTGAACAAACGTATGTGCATTTGAATTCAAGTTTGCGCGGTCCGTATCCGCCTCCACTCGCAAGACGCCCAAGCAGGGTACTATCGAGCGTGTTAGGACCTCGGAGGGCACCCGGAGTGCGTTACCACATAATCTCGTGATCCTCTAAGGCCACCATACCGTGATAAGTATGGAACACACGCACGGATAGTTCAAAGTTAGCTTAATCGAATGAAGCAAAACAGCACACGGGAATAGCTTAGTAGTCAGTGGCCTCGACTTTTTACATCAAGTCGGGTAACTTTATTTAGGACACGGTTCCGGGAGCCTACTCTGTGTCACATAGTGACTGTATCGATAGCATAAGTCAGCACCGAGGGCAGGAGGCGATGTGAAGTCCACCGAAATACTACGCGATCGAAATCCTTTAATGGCGCCTTGATATGTGCCA,1726,51.68,Saccharomyces cerevisiae
SEQ_960438,CAGCGTGTAGTAAACGTATCAAATCAGTCCACTATTTAAACGAGCGGCCTAATTTGAGTGGTCAACCTACCATAAGAGATAAGATGTTTACTCTGCCACTCGTTTAGTTGTTCATCCCTAGATTGTCGCCGTCTCTACCGCTGCTCCTGCGTACTCCCTGCTTGGCGGTTGTCCGCAATACAGCCCGGACGGAATACCTTCCTGCCGATCACCGCGGCGAGCCGATCATGATTGCCAACGATCGGAATGAGACGGCTCAGGAATTCGGCACCGCGGGCTGATAAATCCAGTCGGAACATATGATTCGATCTCCGCTCCTATGATATTTTATTTACCACGTCTTCCAATCGAAGTTAGTTCTGGAATATCCAATTGAATGCTCGCTAGACGTGGTAGTCGACGCGCTAGTACCCCCGTTATCATGAATCGTGATGACTTTAGGATACGCTCAGGTTTTAAGACGGCTCATTGAGTAAGAATAGTGAGTATGAGCGATAGACAGCGCGATGACCCCAACTTTTTGTATATCTTTTTTTCAAGGCGCCCCACGAACGACCGTATATATTAGGATTGAGGTTGGACGCGTTTATGACTTGGGCCCCGTTGACTAGTTTGTGCTACTGCATTGATAGCACTTTGTCGAGGAGCTTAACTATCTGCTTGGTGTAGTCACCGCAAAGCTGCCCTATTCATCTCGGCAGACCTTCATTTTCGCCAACAGGCACTGGGTTTCTGCAACCTACCGGCACCCGAAATGGGGTCCTACCCATTATCGTGCCGATCAGGGTTGCACAGATGTGATTCTGGGAGACAGTTTGTCGAGAAAATTGCTTGTCGGACGCATGATTAAGTGAAGACACCAGTGGATGATGTAGTACTAACCAAAATTTAATATGATTCCCCTCGTCAACGTTGTTTTAAATTAAAGCATGAGTATCTACCTGCTAGTTTTCCACTCGGGTCACGATATCAATTCTTGGATGTTCCTTTAATAAGTCTTAATAAGGTAAAGCGACTAAGTCTCCAATATGCTGAACGCTAACTATTCGCAGCCCTCGTAGGAACGCACTATTCAAAAAGCGTGTGCGGGACTCACAACCGTGGTCAGGGTAGGGCGCGCCCCCATTGAACGAATCTGACCCAAGGCTGCTGAGCAGTAGTTTGGGGTGATCGGAAGCCATTCAGTCGGTCAGACATACGCGAAGATTACATAGCTAACAAAACCGCTTCTACGAGCCGGACACTGATGATGACCTCTTAATCTTGCCACCCAGGACAGTATAAGCACAGGCAACTGGTAATCCGTATTGTTAAAGTGCGCGCCCAAATTGGGTGAGTATGAATGGCGGAAATAATGTGCCTCAGCGTCTCCTCATGGAACATGGATTCGTGATCCTCGTTTCTCTCTACTCCAGTATTCTTCGCTGGAGTGTCCCATGTGGGCTGCCCCGGATTAGATGGACTATGTGCTTTGGTGTGGCGTATAAGCTGTACGTAGAGGAACGCGATGAATGCTGCTCAGGGTTCAGGCCGCATCTATCCATCTTACAGAATGGGGTCCATAGGTGTGAAATACCTCCCGCCCATGGAGCCGCACTAGGTCTGCGACGTGAGAGGCGTCGA,1623,48.55,Escherichia coli
SEQ_203748,CCACTATCTTGATTTTGCTAGAGTGTCCTGGTTCTCCAAGTCAGCCAATCTCCCCCGAGACATATGCAGAAAGTAAGCGAAGGACGGGCCATTGGCGATCAAGTCTTGTGAACAACCGGCTTACCGAAGGTGCATCAGTGGAACCGAAGCGGTGCTATGCTTCCCGGCAATTTACACTACAGGCAAGCACTAGCCGTACCTGTCCCGGTTGTTACCATGGAGTTTTCCCATCGGTACCATTAGTTGACACATGGAGCGTTAGAAAACGCGGTGAGGAAGTTGGCACTAGTATTCTAGGAGAGATAGCGACCCGTATCAATCGACAAGTATGTCCGTGAGTTAGCCTGTTGGTCAGCAGATCGTACGCCTCATGTCACGGAAACGCCTAAGAAAGTATACTCGTAAGGTCTCCAGACAATAATAAACGAGGTCAGCCAAGTCGACCCTCTTCCAGCCAACAGAAGAATTCCGTACGTTGTACCGCCCGTTGACAGAGTAGGATAGAGACAGTTCTAAAGTAGGACAGAGGGATCCAACTGCTCCTCGACGGTACCATGCCTCTGCACTACCTCGCCATTAGCTAGACCCGGTCAGCAGTGGAGGCAAACACAAATCAGATGGTCATGCAAAGATGCCGAGTGGCAGGTTCCATGCGAGATTACAACGTATGTATGGCAGCGTCAATCAAAGAGGCAAGAATATGGTACCCACATCTATGTCTCTATCTAGATTATTTAACGCTGATACCATACTTGAAGACAGTGACTCACCTGTGCTCGCGGTACTGAAAATTACCCACGACGGTGTCTGCACCGCGTGCAATCATATGGCCGCGCGAAGTTTCTGAAGTGTGCAACTTCGTCATCTCCATTAACCTTGGCTTGTCACCAAAAGATCGCTAAACATAGTATGTAAATTAGTGAGAATTTACCTAGGGGATTGCTCCTTAGCAAGGTGTAGAGAGAGCCACGCACCCGGTTACTTTTAAAACGAAATAAGTGGTTCTCTTGCAATATTACATCGGCAGGATGGAGATATATTTGCTAAACTCCCTCACATCATACACACAAAAACGGCTTACCTAGTCGGCTTAAATCAGAGCTTATAGTCTGGCATACCCCAGATTCCTCCAACCAATCCAGCTCAT,1147,47.78,Drosophila melanogaster
SEQ_257004,CCCTCAAGTTGGATATGATGTAGCAACGGTTAGGGCATTGGCACACTATTGCAGCAACTGGCCTTGCGTCGCATTTTGAATATCTGCTAGGGAATAGCGGTAGGATTCCCCGATATGTCCCAGACGTATTCCCCAATCATGTAAGTGATTCCCGTGTCTCTCCGCAAGCCGTCCGTCGAAATCTAGCTGCTCTATC,196,50.0,Saccharomyces cerevisiae
SEQ_675443,ACGTGCGGCACCCGGCATAATCCCACCTTTAGGACCCTTAAGGCCGTCCACACCTCGGAACAGCCATGATCTGGAAGCGAAGACTTGTAACCCCTCTTGTGTAAGAAAGGTCGTTTTGCGGTGTATCCAGTTCACCTAACTGGCTAATAGCCCCGAGAATTCGTGGTCCTGTGAGTTGGCAGTGCTACAATTTAAGTTTACGAAGAATTAAGCGTTAGCGACTCCGACATCTTCGATTGGACGGTAGGTACCTCATTATCATAGCGTGCGTCTATCTTCCTGAATATCCGGGTTCGCGCAG,301,50.17,Arabidopsis thaliana
SEQ_344077,GGTAGTTCCCCCGATTCGAAATCAGGATGATAACTACTCGATTAACACTGTAGCAGCTACTAACTCTGCCGCTAAGCTCTCTGGACCAGTAGATACGTGGAACCCCAGCTGAGATCTATTGTTGCGAAACCTGATCATCGACCGTTTTCCAATACGCACTTGGTGATGCCAACGCGTCGATAAGGTGTCTCCGGCATCCATATTGAATAGCCCTCTCAAGGTAGCCCGGAGTGATATACCATTCTGAGTCAAAACGTTCATATAAAGGTAACGGTGCCCATCAAAGGCCGGTCAAGTGTCGGCTTGTCAGTCCCACAATCAGTAGAACGATTTAGTGGTTCAGTCCTGACGGCCATGTCAAGACAGGCATTTCCTTTTTGTCCGCGCTGAGTATAACAGTGATCGAGCGATGTAATCGCGACTTTTTCGGTATCTCTGAAATTTTATTCATGGGCTTATATTGTTCGGCACATGGCAGCTTGCCTTCCTTGCCTCCCAATCAAACCTGTATGTCTAGTAGAGACGGCCCGGGTCACTCAGGAACACTAATAGTCAACACCCGTCCTTTGCACGGACCGGGTCGGCACTGTGACGTGGTGCTCATACACAATCTGCCTTAACTAGGATATTCTGTATGCCTCGGTTGTCCCACATTTCGAGGTTTAAGAGGTAGCAGTAAAGCTTCTAAGCTTATGCCCCAACACAGAGGAACAGTTTTACGTGAAAGGGGGCTTCGTCTTTTTACTATTAAGATGAGCATCAATCTACCTTAAGAGGAGACGTGTCCTGAGTGGTCGCTAAACT,804,47.64,Mus musculus
SEQ_936927,TCCGAGACGTTTTTGTGATCATCGGATCTTCTACTGTCGCCCAAGTTCTGTATGGCAACTGAGTCAGACGACATCATCGCACCGGTCTAGAAATCTGCA,99,48.48,Saccharomyces cerevisiae
SEQ_931687,GCAGATCTTCAAGCAATGCCTAGTTGCGTGACGTCGTCAATCGGACCAGCGCGCAAAAGGCCTAGTCACCGGGGCTGGAAAGGCCCGATCTGGAACATACTCGAGGCTCTGTGAGGCGGTTGACTGCGCTGATTAAGAATGAACCCGGGGTGTTACGCCCTAGTGATATCCTTGCTCAACCTGTTTTAGACTGTTTGATGAGGAGCCGTAAAAACAATAGCCTGACACACGTACGTGAACCTCACCCTCCAAACACTATGGCATGCATACCCCAAGATTGCAGTTCTATTCAGCAAGCCGGTTGGGACTGAAGGCTTCCTTGGGTTGTTGGGAAGCACCATACATGGCGGGCTTTCGCCGACAGATGGTGCCTACGTTAAAGGAAAACGGGATGTTCGCACACGAAGCAAGTATACGCAGAATTAACCTCGCGGCCTGCCAGGTCTTGCAACAAGAAAATAACGTAATTATCAACACTCACCATAACCATGTGCACGGTTGGTCGCAATTAATCAGTCGTAATCGGTGCACGTCCCGACCATAGTAGAAACTGAAATATGAGGATCTCGCTCCGAGCTTCCGCACGTTGCAAGTCTTGCATTACTGGATATGCAGGGCACTTTGGAAACTCTGGCGCGTCGTCCAGAGACAATCCACCACAGGCAGGCTTGCATCTATCAGATCTTCTAGCGTTCGCTATAAGTTGTGTTAGTTTGCAATTGGACGATTACCGTGGCGGCAAACTTGGGTACTCGTTTTACGGTAATTAAACTGCATTTGGCGGTTTAAACGTAATGTTAACTGAACTTCTAAGCGCGGGCTAGCTCTCTACGCATACTAACTTTAGAGACCGCTTTAAAAGTCTGGGTGGAATGATTTGGCCGGTGGGCACGCCTCATTGGGCTCCTCAAGGCTTTCTGGGCCTCGTAGTACATGACTAAAATGGCACCATTTGGTGGAAAAGCTGGTTATCTAGTACTAGATATCTGCCGCAGCGCTGTGGATTATCGCCTGGCCGTGCATACATTCAATAAGTTCATCGCAAGTGACTACAGAGGTATAAGCTTCTCTCTGCGTCGCTTCCAATACCAATGAAAAATTCTAATATTCTCCAGGGGCCGTTTCCGTCGGACGGGGGAACCGTTGGGCCCCCCTTAAATCTACTGATGCTGGTCATGGCTTGGCGATAGTGAGTTAGCCGGGTGCACCCGGACGAGGATACATGCATTCTGTCGTGCCTAAGGCGAGTCCGCTTATCCCCCTTTAATGACAGTGCAGTTCGCCTCGCGCGACTATCACGCTGGGACACGCGTTCTGAACTAGGCGTTATTCGTCAGCTCTATAAATCATCCTGGCCACGAAATTTCGATTGTACAGCGATGATCTCTTCAGCACGTCATCTACGAATATGGCCTTGCATGTGGTCCCGTTGTAATGGCCACGTAGACAGGAAAGCAAAGTGATTCAGTGATTTACTAATGGTAATAATCAGATTTAAACCTGGATTCATTTCGAGAACTAAGCTGCGAAAGCCTGGTCCGTTGCGCAACCCACTGTGCATATCGCCACCGCTGTCTACCCCGACGATACCCTCCACCCTGGCCACACGATAGCGTTTAAGTGCGGCCACCTATGTCATTGTGACGATCACACACCGCCACGATCTGCCGTAGCCAGGCTCCTGGTTAGAGGGAGTGGAGTTACCTTATCCCTTTCGGGCAGTTCTTCAGATTTGTGCATCGGATCAAGGCGTAGTATAGTCGACGCACCGCTATGACGGGGGCCGCTTTCGAAAGTGGGGTAATCCCTAGCGCTAATACGGTACCG,1827,50.47,Mus musculus
SEQ_981812,AGGAGCTCCTGTACTTGCGATCCACAGTCCTGTACCGTGCTTCCACCACTGTCATTTATCTACGTCAATCACCGGGGCCGTATTGTAAACGTCTGTTTCTCCGCACCGCCACCACGCGATTAGCTGAGTTTCCAGCTCCGATGTCTCCAACTGTAGGGGAACGGCCGCCCGACCACACTACCTGGCCAACTCCTTTATTTCTTGCAGGAGATAGATGGTCACCTAAACGGATGAGTTTTGTGGCAACGGGCTAAGCCCATATCAAGTGGCAGCAACTGTCCCGAAAGAAGGAGTATCTTCCCCCTGTATTTGGTATAATTTCGGTGATGCAGACCAGATTGATACAGTCAGTACGCTGCGCCTCACCACTGCCAGAGGTAACATGAAGTAACACAGAGGCAGTACAAATATAGTAATATGTCCAGCGGGGGCCTTCATATACACGTAGCACCATGTAACAAAAGGCAAATCCGCGGGACTATATATTAGGTCGGACTTCTTCGGGCATCAATCGATTAAGGTTTGGAACATAGTATGGAGCACCAACCATTAGTTGTCATCCGGCTACAACATAGCGCGTGACGAATTGCCTGGAAGACACACTTGGAATAAGTGCAGGTCCCTGGGATGTCCAAGAAGTGTTTCCGGGTGATAAGATTTTGAGGGTTCAGCGTCAAAAAGATCTGGAGTATGGGTCACAAGTGCGGCATAGTAGACATAATGAGGCACTATGGTATGCGAGATGTGCTTACGCTGCTCGGGTCTCTAGGCCCGATAAGGCTGACCGCGACAAATGTACAATACGCCGTAACGCATCTAGTAATTAGGGAAAACGTAATTGCCAAACATCAACAGTTGCGTAAAGGCGCGTGGCGCGGTAATTGGAACTAGATTGCAGGTAGCTTGAATGCTGCACAATATTTAAACATGCACTGACTGGGATGCCGGGTTTTTACAGACACGTTAATGAACACGACCTATTGCATGACCCGTAGATTCTCCTGTTGTGACTAGGAAGATAAGTCAAATGAAGGAAGTTAGAGGGACTCCTAACAAGGCCGGTGAAAGAGCCCCGGAGAGGCCCCGAAGGGACGTAACCGTAGTTGGGCACGGGCCTAACAGTACTATTCTTCGGCGGTTTTTTGATAGCAGCCTGACTGATCTATAGTTTGGTTGTGCTATCCGTAACTTTACCACGGACAGGCTATGTATGCTTGCTTTTACCGCCCTACCCCTGTAGTGCTATATTGGGCCCGGAATGTCGTCACGCTGTCTCTCTAATGATTGGGAAGTAATCGAATAAAATCGATATCGGAATGCCGAACGGTTAAGTTGCGAGATGCAGTCTCGAGGTATGGTAAGATCGCTTAGAAGGATAGGGTGGTGAGGGCTGTTTATGTTCTAACATCATAATCGTTGACACAAGCGCATTAGTGCAAGTCCTACCGGGCCTATATAGCCTCTCCCAAAAATCTGTGACGGAAGTGTCCCTGCCCATCAGACGATCTGCTAATCGAAGACGCTAG,1526,48.56,Saccharomyces cerevisiae
SEQ_903715,TACGGCGCGCACGCCGCATAGGTGAGTTTCCGAGTTCAGCGAGACTGGATGAACTGCCGGCACTTCCGACACGAGCCTTTCAATTTCAGGTGATTG,96,56.25,Escherichia coli
SEQ_303648,GGAACTGACGGCCCGTACGAGTTACGTTTTGCCGTGAGTCCTTAGATTCCGATCTGCGAGCGGTGGAAAAACATCACACGCTCACCCGACTTCGTCCAACAGGCTTTAACCACCATTATCTATGTCTATTTAAAAGTGCAATTGTTCCCTTTAACAGCCGTAATCTTGCCTAGCCCTTGGATAGTCATAGACTCAATGACTGATTTGTAATCACATCCTTTAAGCGGGGCTAGTGGTGCTCCTATCAGCGGCACATCAGGTATTAGGTATACGGGCCCTTGTTTGATACGCTCCTGAGTGCCTTAACGCACCGTTCGCTAAGCTCTGTACGAGACCACGTGTACCCTAATGCTCCAAAGACTGGCCCCGTTCGGAACATCACACCCTCAGTGCCAGAAGCATGAAGTAACGCCCTAAAGGCGACGAACCGTAGCCAGATGTAACGGCCCCCTCCGACAGGGCACGAACACTGCCGAATAGTTCTTTGCCTCTATTACCGATATAGAAACCAGGAGCCAAGGTTTATAGAATCTGGCGGCAACTGAACACGTTAATTCTTAGCAATGCGCAAACTCCACGCTTATTAACAAATGGTTGACCACAAACATGCCGCGGAAAATGCGAGTGCGGATCCCCACAATGGTTTAGTGGACGTGTCGGGATATCATAAGTGCCTTGTGTCGCGGGTGTTCTGGACCTGGCCGACGGCCCTTGCTAAGTATGTATATGACGATCTACTACGGCCACGGATATAACCCTATTCTCCTAAACCCTTCCATCGCCGCGTGCCGATATACGCTCCTGTCCCGAATTTATGACAGGAGCTGACGAGGGGTTGTGACTGCACCAGCTGTCCTCAGACTCCTTTAGGCAGCCGGGGCTCGGATATGATCTGGTGTAGATCTCTGTGTAACCCAACTGATACCCTCACCCGTCACAGCACACGCAAAGGATCCGGGACCAAGCGCACTACCAGGTTTAATAGTGGAAAATCATCCGCAATTCCCCATTACGCACGTACGTAGCCATAATTCCTGGCCTATGTTATGGGCGGCGCCGCCTACGCAATAATGGATACAGTACTATGAAGTTTCATGCGCATCGGAAATCTAACCAGTGTGCGCTATAGTCGTCGATAATCCCGCTCTATGTCTGGGCACTTAATAGGTCAATGGGTAGTGATT,1184,50.34,Arabidopsis thaliana
SEQ_359399,TCCGGATAATGGCCTGATAGGGGAAGAAGTTGCTGTATCTAGCAATTTTTAGCAATATTTCCTAGACCTAATGAGTCCATTAAGTAGTCTGCTCGCGGTATCGATCCGAAGTACATTCTTTGTTCTGATTCTTCACCTAGTGTGGACTGCTGGTACGGCCCGCACGGTGATTCCGCTGGCAGACTTTACTAAGCGTAAGCGGCCACTCCGCGAGCGACACGAGAACCATCTCCTAACCCGAAAGCGTGAGCGCTTTTATCGACATCCGCCATGACTACCTACTTGAGTCCTGGTACTTTCGATATATGAAAGAGACCCTACCGAAGCACTACTCAAATGAGAGCAACCGTACTCGGCATTACGATTCCTTGTAACCATCATCTCAGTAAACTAAAACACGAGCTGTGGTACTTCCAAAAGCAGCAAAAAGAGATTCGTGGACATTCGGCAGTCCGTTGTTGTCCATTAGACTGGGAGAGTACTAGCTCCTGCTAGCGAATCTAGTCACCTATAAACCCGTAAAGAGAGGCACCTCTGTCTTGGGGCATCCCCAAACGTCATTGTCCAAGCCAGCTGCAAGACGACAAAGATACCTCTTGGTCCTTACATCGCTACGCTCCGATCGCAATAGGGCCTCCCTCCGTTGCCCGAGGCTCCCCGCCCCCCCGGTATTCTTCTAAACCTGGCAAAAAGACCATTGGGATACATGGTAGTGTATTCCTACAGACAGTACCACGGCGCGGCTAACACTCCTTCACTCGATATAATTAAAATTGACAGATCACGCATTCATGATGACTTTAGAAGACAAACGGAAGAAAGGGGATACTCGTACCCTACTAACCACTACAAAACAGATGCGTTGGTTTCCACATTCAGCCACCAGACGCCACCAACCGAGAAAGTGCCCGCCTCATCCTTAGTATCACGCCTCGCGATTCGCGGTCAGGTTACTCCAGCATACGTTAGACAGATGTCCTAACCCGGTATAACACGTGTTGATTGGCACTCTAATGTTACTGAGCTTCAGAAGCCTGTCAATTATTAGACACTGCCCTCAACCGC,1065,48.92,Homo sapiens
SEQ_903358,CCTTCGCGAAAATAGTACAGTCGCATTCAGCAATGTAGACACAGCGAAATAAGTATGCGGCTCGCAGACCCCCTGACACTGTTACGATGTGCCGTAACGCTTGTTTCATAAACGGGGCCGGGCCCTTGCCGTTTTGGTAGAGGAGAAAGGAACACCAAAATTACGACTAACTTGAAGTATCCCTTGAAGCTGGTTGCGGCGTCGGGCTGAGAAATCACAAGAACCCACTGGCCAACTGACGCACCATTTACGAAGTTCACAGCACTGGGGATACAGTCCCCGCCTGCGCGAAGGGTGTGGCCTGGTTGTAGTGACGGTAGGGTAATTTCCATTACAAAGGCTTGAGGCTCTTCCAGCTAGTGGTGAGTTAACATGTCTAACGTTACGCGGTCAACTCCCGAAAACTGCGGTTGATTTCCTGCTCACAGAGACAGTCCAACATGGCAGGTCGCAGATTACAAGAGCACTTACGCAATTCCTAAGCCTTTTCTGGATACTTCCAGCAGCATTTCCGGGTATGCTCTAACCCCGTAATACTGGAAAGGACGATTACAGGTTTACGTCTACCAACTCTCCGGCGCAGGAAACGTGTAGGGGACTATTGCTGCACTGCATTGCCATCCACTAGCTGTAATAGACGGTTTCCGTTAGATACCCGGGGCTCACCCTAGAGGATATGCTAAGCTAGTTTGCTGCTGCGTAGTCTGGAACAGAAGGAGTTACTGTTGCAGGATCAAGAGTATTTACCACCGTATACATCTTATGCGCATGGCATAGACTATGACATTGACCCGATCGGGAGCAATAAGGCCATTCGTCTGCCCATTCTCTTGACTCGCAGCCAAACAACGCTACTACACCTTGGGCTTCCAGTACCTTGATACTCCATACACGTTAATGACGAATTAATCCCGGATGAGCTCAACAATGGCAACGTCTATTCCTTACCGTAAGCAGCTTAACCAGGGAGGCGGTCAGGTCGATATAAGCGGTTATGTATTCGAAGTGACAGTCCCGGCAATGTTACAGCGGTCCCCCGAATAACTTGCGGCTTGTTATTGGGAGAGACCGATACTCGGACCCGTGCCACAACCCTAGCTCGCAGAGTAGTTGCGCCGCTTAGCCTGGCATTAACAATCTTTGGGAACCTATATCGGATTATGGATCAGTAGTACATAAGGCTTCCGCTCGTGCTTCTACTAGTACGTCGAAATGTAGTGGTCCACCCATTAGTCCCTCAAAGGATCCTAACTTCGCTGCCTCCCGCGTAGTACGATACTGAGAGTAATACAATTGTGAAAGCGCCACGATAAAATTCTCAATAGTCTAACGGTGTTCTATCAGTTGGGAGCATCGCATCCGATCGGATCCCGGGTAACAACCTTGATTCGACTGTATTTACCGTCTCATTAGAGGCCATTCGGACCTCGATTCTTCCCCGGCTACCGAACTCCGCAATACATCGAGGTTTCCACGCGAGTGCTTTTGGCAGAGAAAACATTTCCTGCAGCCCACAGCGGAGGCTGACCGAACTGGATAATCGCGAGTCAACATCCGGACCTCTATGCCCAACCGGACGACATAGTTTAAAATCCGACCGTTCCAGGCCTTCTCCTTGGTGTAGATGGTACAGTAGGGGTCATATTTAGCGGCACTCGGGTCGCACTTGGTAACGCTGGGCCTCGTCACGCCTGAGATGGGAGGTGAGACGACTCCAACCACAGAACAGTCTTAACCACTTAACAACTTTCTACTATCGTAACAGATCGTTGAGGCCGGGG,1781,50.31,Mus musculus
SEQ_729421,TGGAGCTTCGAAACCCAAGCGTCTGTGCGCTTGGACTCAACAGAGGCCCGACTCCACGCTTTAACGGTCTTGATCGGCAACTCACGCGTGCGAGCTGGTTTACTTCTGTCAAAACTACTTATCCGGCACACACGCTTGATCATACTGAACGGTGCTACGCAGTGCTTATTTGATTTAACCAGGATACCCTCGGAGACGACACAGCTCACTATAGACACTACGGGCTCCTAAGATCGGGTTGTGTCAAAGCTGGGGCGAGGTATGTATCGCGTTGTGGGCATGTACCACCACACACTACTCCATGACGCTTGGGGATCGGTGTTGAGGCGACACACGAAGAGTTTTAAAGTCTACTCGGAGAAGACAGCACAGACTGGAGTCAATCGACTCATCACGCTCACGGTGGGTTCCGTATAAAGAGTGACCGATGGGCACTAGCTGCCGTCATCTGCCAGCTCGTCTCCGCGAAATGCGACTAACGTTCTGCTGTCGGGCGGATCAATGGGAGATGACATCGCAAAACGCCGTCAATCAGGCCACCTACAAGTGGCATCTCACACATCCAGAGACCATAATGGGCGCGGCGCGCGATACGCATGTATCTTTACCTTTAATCACCTCCGTCTTGATTATCGCAAGCTTCTGGACGAGAGCTGCTGTTAAGAACTTGGTACCAAAAAGGACTAAGGCAGGCGAATGCTGATTTTAGTATACGCTTTGCCGGAAGCATATGTGGACGTCCTGACATTGATGCGTCTAGTAAATGATCGGTGGCATTCTAGCTTGAAGTAAAGATATGAATCTCACTATTTGAGATCCGTGACACTTGCGTCGGCCGGAGCAGTTATTAAGTGAGCCTACACCAATGGGCTTTATATCCTTTATTTACTCCTTTCAGAGTGTCGTTAGTTTAAATATAAG,921,49.62,Mus musculus
SEQ_240388,AGCTTGGTATGGAGCTGGCCAATATGCCAAGGGAGTCTATGGGGTGCCCGAACCTGACCGTTGTAACGGGGTCCAGATCCCTTAGAAGCACCTGTCTAGTTTTTTATGAGGGTTATTAACCGGGACTAACCAGGTCTGTGACATGCAGTACTCGTTTACTCACGTAGGATAATACGCTCGGTATCGTCTCTCCTGCGGAGTCATGGGGAGCTCGCACTATTCGGTGTAATTTCGGTTCGGGTAACTCAGCACTGGAGCCGCGGGAGAATGAGCAGGTAGTACTCTTTAGTGTATAGTAAACTGGAGGCTGTACAGCCAATCGAGGGTGCAAAGGATGTGATGCGTAACCATAGATAGTGCGCAGTCGACATCACACCCGGATGGCAGACTATCTTTGCCGGGGTGTAATTGACCGTGGATCTCGATAGAGAAGTTCCGAGCCGTAGGTAGGGAAGTTAAGCGTACCACCAATATAGCTGTCCACATTGATAATATTAGCGGGGTTTTCAGACTCATATACCCGAAGAGCCGACTTTACATGCCGGCTGGTGTAAATTGCCGAACATTGATGAGAGCCTGAGACATTAGTAGCCTTGTAAAATTTAGCAAGATGGCGTCTCTTTTAGTGGAGTTAATCAGGAGTTAGGTGGCTTCTCAGGATGCGAATGTTATAATGACCCCTATCCATCCGCCCTGCTTTTAAAAACGCGGAATGGGTGGGATGCGTGTTATAGCCCAGGTCTCACCCCCAACCTGTCTCAGAGGTTGGATCTATACGCGGTCAGTCATCTTCTGGCGATGTCAAAAGAGTTCGGGGCCCTACTGTAGCCGGACCTGCACAAGGACTGTTTGAAAGGATGTAGCCCCTCAAGTACGCCTAAACGGCTAGAGTAAGGTAGGCCGGTTTCATCTCTGTGTGGAAGTGTCTAACTAACCCTTGGCACTAAACAACTCTGATCGAGTTTCCCGCTGTCAGG,977,49.74,Homo sapiens
SEQ_963506,CTGTCTGGCATACATGCAAGTAAGGGGCTCAGAACCTGGCACAACGAGGAAAATCTCGCCTGGAGGGCGTGGTAATGGGGATATGATCTCGACAGGTTTCAACGACCATTACCTAACTTATAATGCGTGATCACTCGAATGGGGGTCGCATGGCATACGAGTCGCTCTGTATGCGTTGGACTGGTCGATACAGCATCATGATCTAGATCGAAGTTGACTTATATTCAGTCAGGTCAGGGCCGCCTGTCCATGCATCGTCCGATGCAACTCGAAATCCGTACACCCATTAAATGCCATTCAATGAAGAGAAAACGTTCAACCCAAAATACAAGGGTACAACCCTTCTCTACAGGATGAACCTGTGGGCTACCGAAGATCAAATACTTCGAATGTCTGTCCTATATCTCAGTGTACGTCGTATCTTTGCCGGGCGGGGGCGTTGAATATTCTTACTATATTCACGCAAGACTACGGCCGTTCTTAGGACTATTCCGACTGGCTCCCGTTGGTCTCAAGGTCGATGGTGATAACGACGACATCCCATTGTTGATGGGGGAGGTTTTTTAGTTTCACCTGCGCCATGCTAAGGCCGCGCAAATCGTCAGTTTACCAGTATACGACCCCTCGCTACACGGATTTCACACGTGTTGTTA,653,48.7,Drosophila melanogaster
SEQ_789851,AAATTATATGTAATCTGCTACACCATTATCCTGTTCCGGTTCTACAGATAGCACTCAAGTACTAACGAGTTGTCAATGGAAGAGATAGCCGCGGACAGTTTGTAACACATAGCCATTGTCAAGCAAAAAAGGTTTCGTCTTACTGAGCGGTTCAAAGCGCAATATCGAACCGCAAGTCTCGCCATTCGAAGTCGATATTACTGGCTAGGCGATTAACTCGTCTGAGCGAAGGAGTGGTTAAGCCTTAAGGATCTCAGATAAGGGATCAGGCGCACGCTAATCAACAGAATGTAGCTAACTTATGAGGTTCGGTAATAATCTGGTCAATGCTAGAGGGCCGCAAGCTATCCAAACCGTCCTACGCGCACACGCGGTTCCCTCCCATGTACGTTGCGCGAGTTTATGTAGCGGAACTTCTGCTAATGAAATCCCCGCACTCAGCGAGTCTACCTAAGGTGCGTCCTTGACGGCCGCGAGGATGCCTACCAAACCTTCGAACCATCGCAGTACGGTCTAAAATGCGGTGGTCTGTAGCCCACTTTGGAAGGATCGTTAATATGCCACTCCTTTCAGTCAACACTATCCGGGAATGGCCCGAATACGGGTGAGGGCATCTGGCCAGGTATAGCCAACTGAACAGGGAAGCACGAGCCATGAAAGGCCATCCGAAGAAGCGGCACTGGGTACGTGAGGGCTCTTATTTTGACTGGATTTAAATCTCAGCCCGACCGACCACCGACGACTAAAATCAGTTGGCATTCAGGGTGTGCAACAACTAGTGGTCTTCATCGCACTGGCAACAATGTAACTTGCTTTTAAACTCATCGCGAAACACCACAGCAGAATCCGTCAAGAGACGGTACGACTGTCCAACACCTTTAGTGAGATCCGGAAGATCTACTAAACTGTTGACAGCATGCTGATCGCTTCGCTGCATGTACAGCAGGAGGTATTTACGCACCTTAGGTCGGACGAGATTAGGCCCGACGGGGTCTTCCTGGGCTATTGTAATCTGGTCATAAATCATACTTACCGGCGAAGACCCGGAAAGACTGTTTTCCTAGAGGCGCAATAAATCTAAGTATATCGCTAGCGCATCTGTACTCGGAGTCGAGATCCTCCGTGCTGCGTCAAGATTGATCACGCCCACCTTCCTAGGAAATATGGGTATTACATACGAGAGTGAACACGGCCTAGATTCAATCGGAATTTAGGGGGTCGAAATGGTAGGGCCGGGAGTGTATGAAATGCCCTG,1255,49.16,Caenorhabditis elegans
SEQ_942795,ACCGGGACTTTCACGGGGCCATATAAATATCCGGCAATTCATGGTGACCATCTCTACAAAGTGAAGATACCACCCCTTTATATAATGTAGTAATATTCAAATAACCGTCACCTGACATTATCCGACACGTTGCATGCGCTCCCTAGCTCATTAAGTTGCTCTAGTCAGGCACTGGTTAAACATCACCAGGAAATTAAAAGACGGCCAACCAGCCAACCCGGCGTGGCGGTAGTACGATCTCATTCATCGGTGAACGCATGAGGAATCCCATGGGCCCAGGCGGCACGCCGTAGTGCGCCAATCCATACCAAGTAGACATCTCAACGAAATGATCATCACAAA,342,47.95,Caenorhabditis elegans
SEQ_900208,AATCAAGCAGCTGTAACTGCCGCTATGTCCTGTAAACCGCCCGGTATATTATTTTATATCAAGGCAACCGGTATGATGCCTGGCTGCACCTGAACCGCTGTGTTTTAGCGCACGTCTTAGTACATCGTCGAAACCTTCTCGTCGTACCCCGGCAGATGCTTGATGGAGCAGCCGTTTCGCTAGGCGGGAGATATAAGTTGTCCCCCGAATAATACTAGGCTTGAAATGCAACTATGACCGATCAGGGCATGCAGATCAAAGGGACATAACATCTTGAGCCTTTAAAGTCGCGCGTTTTAAGGGGTTCTAATCAGTTAGACGTTTACGATCAGGTAGCGGGAACGGCACCACGCGATTACCTCCCCTAGTTCTATATCTCATCGCCCAGAGTGTCCTGGTTAAAACACAGTCTGTGATCTTATTCAGGAAGACGGCAGACCAACCGGTTGGTCCTATGCGTGTTCTGCAGGTAAGTATGCCTGAGTGCACGTTAGTAACTCAAAACGTAAAAGCCGGGCTCTTATCCCGTGGCTCAATGAGTGTTCCGGTGCACCCGCTTGCAGTTTACAACTTGTCACAACTAGTTTATGAATCTACACTGTCACGGTAAAGGACCTTGGAGGTGAGCTTTCAGCCCATCGTTGGATGGCGCGACTAGACATCTGACCGTAGTCCAAATAAGATTCCATATTGCAAAAGTTCGCGTTCTCAGACTCCTACTATAGAACCGAAGCATCACGACCCCAGCATAGGAGTGTCCTGTCCGGTAATTAGGCGTCCAGTGGAGGAGACCCATTTGAGAAGGGAGGCGTCGCATTCCCAATGTAACCGTTAAGACGCGTCAACAGCAATGGTTTAGAAGTTTATTTCATTAACCGAGATTCGACTTTGCGTTGTATCTCGCCCCGTACGCCAAATAGCAGAGCTCGGGGCGAGCTGTGAACTTCAGAGCCCTTGTTTGCCGCAGAGTCTACTAATCACTTCAACCATTCAGTACACTACCCGAAGTCTAATCTGGAAATGGAGCATATGCTAAAAGCACACAGCGCACAAAAACGTTCTTAGCGCGAGATCGTCCGGTGCTCGGGCCGATTTGAGGGCGGGGATGTTCCAGCCTGAGTAAGATACATAACTCGAGCATATGCCGCCGTTGCAAACGTAATCTTTCATAATGAGGCACATATGTCTTCGTCTCGAGGTTGGATGTTCGTAAACTATATGGAGAGAACTAAACTGGCTGAACTAGTATGCGAGGCAGAGGGCTCACGAACGTGCTAGGATAAGTCGCTTCTAGGCCATGACGTTGATCTAAAAGGGGTCTTCCTGAGTGAAAAGTCTCGCGTAGCAGGCTGCTGATAATCTCCATGCTATAGGCTCAACGCCCGTGTGAAGACGTATTCAGGTCGCACCCCTCAACGCGGATAAGGAGGGCCGTCGCCAGCTGGCTGATTTCGAACAAACAAATCTATTTATGCGGGTCCGTAACATCTATACGGACGATTCGGGATGGTTTAGAACTTACCTCCTTATCTGACCGGCAATGCGCAACACTATGCCCTGCGACACGGGACAAGCAAGTCTTTTAATAGGAGTAGTGTACTTTGTCAATTGTTCAACTGACTCAGCAAGAAAGAGTACAGGTGTTTTTCAGTCGCTTGAAATACTAAGAAGGCAATGTCTTGTGGTACTGCACAGCCGCTCGGTGATTACAGTATGGTTTCACCGTAAATGTAGTGGTAAATCGAAGCGGTAATTCCGTCACCCGTGTGGCTACATCGGGCATGCCGATGGATCGGGTATACGACGGGTCAGCCTACCTGTCGCTAGTCCACCAGTGAAACTAATCCGCCATTGTCCTCTCGGGACCATGTTATAAGGTACGGTTCCCCGTTCGGTGGAAAATGGGAAACGCTCCGGGACCGAACACCTTGATAATAGCACGGAT,1945,49.15,Saccharomyces cerevisiae
SEQ_785002,GGCAGGTCTAACCATTAGTTTCTGACACTGGAATACTGAGACCCCTACTTAAATTTTTATTCGTTTGCTCTAGTAGGAAAACATTAGCATAGCTTGCGACGCGTCCGACATGGTCGGTGGAGCCCGAGCAATGAAGGTCCTGATCTTGTTGGCTACGGATGCGGAATACGCCCGCCTGCCCGACTTGCGTTTAGCCCGCTCTCCATAAGGGCCGTAAGCAAGCGAATTATGTGGCTCCAGGCCTCCTTCACCTCTCTTCCCTCATACGAGAAAGGCGCCCATCGGGCAGGACTCCGACAACGGTGCTCATCTCGTTCGTCCACGCACACCAACAGCACGGGAACACACTAGGCCTGGGGACCGGTTTATGTCGACTAGCAAGCCACCTTGCAGTTGACGTTCAAAGCAGGCTCTGCGCGTGGGCACCATGTCTTCCCATTTGGGGGGTAGGGCGCAGGGGTCAGCTGCTTTAAATGCCAGACGTATAATAGAACAGTCATGATTCGGCCTCACACGTGCCTATATGCGTGTAGCCATGCTAATGGCATAGAGGATGGTTCACCCATGCTTACTGTTTACCATTTGTTGCTGAGGTTTACACATGAAGCTGCGCACGAGGTATATGTCCGCTGCCACGCGCGACTGGGGCTCCATGATAACAGTGATTTCCACAGCGCTTCGACATAAGATGGAGCTGCAATGGCGCTGACCTGTTCGCTTCTCGCTAACGAAGTCGTCCGAAACACGCTCTAGGGATGGTACCAACATTGTCAAGAAGACTACATTAAAAATTACTTGGCTCAGCTGTGTACGGCTTAATGGTTAGAGGAGCCGCAAGTGTGGAAGCATTAGTCGTACAGAAACCCCGTGTAATATTGCATTGCCGTAGTTTCATTGAGTACCGTTATACCAAAGATGGTCGTAAGGCGGAACCACCTCCACCGTGGTCGTATGGGCTTGGGGGTGTCTATTAGACCGACCGGCACCGTGGTCGATGTCCTCCGAATTTAGAAAGATCATGCCTACCGACTACCCCCATTCCGCTCGCTAGGACGCCTCGATAAGACAGCCGAACCCACCAAACAGTTCTCAACTTACAAAGTGCCTACTACTTGACATCTGCGTTTTGCTCGATACCGGTTGTTCTAGACTCCGGGAGAAAGTAGTAAGTTCATTTGTGAGTGGGGGCCCCTAGAGTTTAATGGTGGCGCCTATTATATTTAGCAACCCTCGCGAGCCCTGGTCAAGTGAAAATCGTATGTACCAGACATATGGCGCCAAACAATTTGCGTGATTTTCAAGACGACACGCGGACGGTCAGTCTCACGAAGTGAGCGCTCCATTCCTCTGCAGATGTCGGGGGGAATTCTATCTCGCCGCCATAAGCGCGCCCGAACAAATGAATCGGTTCAGAGACAACTTAGGATGATACATACATAATGTGTGCGTCCGGCATGGCTACACTGCAACGTTTGATATCGGTTAGAATCGGATACACACGGGAATAACTAGAAGCGTAATATCACCTATCGACGCGCTCTACATCCGGAGTATTATACTCGGGGCATAAGGCGCTGTGACAGAGCCTAATGGTACTTGAATTCACGGGGTCGGACGATTCTAAGCGTGCTATGCTCTGCTATGACAGACGAGCATTGTGCCTGGGCCTGGAGCTTATCCGCGTTCTAGGACAAAAATTCCACTAGACCGTTCATCGTCCTAATTAAATATTCCCATCTCGTGTGTCTAAGTTCAGAGGAACGCACCTCGTTTCCGGGAGAGGAGCGAATCCTGTAGGTTGCCGGTGCCGTTGCTTAATCTGGAGTTTACGCTGTGCGCAACATGTCCCTAATAGCACTCAGACTTACGATGTATCCTTTTCAGCAGACGAGTGGATAGTTCGATAATACATTTAGTTCAATGCTAGGCTC,1931,50.65,Escherichia coli
SEQ_354803,AGATGGGACATTACGGCTGTTGGAGTCGCCTATCGGTCCAGGGTCACTCATAGTAATGAGCTTAAGTAAGAAGAAGGCAGGATAATCAAGCCAAGACCGGAACCTATGGGGTCTTATACCAAGTTGAATGGTCCGTCAAATCAGCGACGGGCAAGTAGCAATACCACCGCACAACTACTTTCATTGAACTCAGAATTCTATAAGATGCTGAGGGTAACGGGCGGTAGGACTGTAGTGGAGAGGTAGACCCGTCGAGCGGGGGAGCCGAACGTTTGACAACACTCGTCGTTACTGAAGCATAAGTACGTACATATAGCACACAGCATGGAGAACTGTTGAACCTTGAATATCATGGCTAATAGACACTTATCGAGCTGCGTTCGCGCCTCAACGCCGCTCAATAGGGATCCGTTCGGCTGTGCAGACCGACCCCGATGATCGGGCGGGTCAAAGGGGTGCGCGCTCAGGATCGTGTCACAAGATTCCTTCTAAAAAGGAACGATCGGATTGCCATTGAACCACATCATTCCACAAGCTGGGTTATTGAGTGACAAGTCGTGTCACGATTCATCCGTCTTGCGGGACGCGCATAATTCGCGCGTCAGGGGCTATACATAGTATAATTCCGCACTCATGGATCAAAAGGATCGGACTTAGCTCAGCTGTATGTCCGTTATGGCCAAAATCGATACGACGGTCCGTCCTTACGAGTGGGGTCTATCGGCGTGCGGTATCCACATTATGGCGCTAACGGTGGGGGTCCAGAAGTACCTCGCTTCATGTAAGACACATGAATTAAGTAATACGTCATAGTGCATCAGGCTACACCCCTGTTGATGCCGTACCAAACACCACAGCTCTGGGAATTAGGGTGGTACGTACGACTTCCCATTACATCCGTAAATTTGTAGCGCCAACTTGCGCACTTAACTCTTTGCGGCTCCCTACTGAAACGATCGAGTCGGCGATGTCCAGGTTGTCGAGGAATGGGGATAGCTCTTGCACATGGTGTAAGCAGTCGTTGTGCCCCACCTTCATACGCAAGGGCCCTTTCAGGTCTTATCTACGTGAAATAACGCGAGGGCCTTAGGCCTACAGGTCGGACGATCGTATTGGGGCGTGACCTACACGCGTATGATTCCCGCTCACCGGATATCCCTGACCACTCTGATTCTACTACTGCATCCGTGTATAAGACTAACAGGGGACTTGGTTCTACTTCAAATGACACTGCACCCATGCCTACATAAACACATCCCGTTATGGACGAAGTAACGGGCTAGGTGCTAAGCCCCCAGGCTTATTCGAGTCAACTCTGCCCAAGGCCCTAACCACCGGTAGTAAGGGAAAAACACGACAGGAAGTACTTATCGGCGACCACCCGGACTTTCCTTTCATTGGTCTGCCGCTGCAGTACGGTGGGGTCACCGGTGCGTATTCTCAACCGACGGAGTGTGTGCATAGGTGAGTTTGGCGAATAAATTGTACGGGAACTTGAACTTACCCTACAACAACGCCCCTGAACCTTCTATGAGTTACGACAAAAAAGCACAAATTAGTCGGTGCCAGCGGCGTGGAATGTCGTATGGGGCCAAACGATACAAGCATAGTTTACGCCGTGTGATATGAGCCAAAGAAATAAAAGCAGGTGCATTAAGCGCCCTTATTAACTTCTGTACTGTTGTTCGACGCCCTAGAATCTGATTCCAATCGGCCCGTTTTCCACGCATTTGACTCCCCTGATCTCTTGTTCTATCACGACAGGCCCCATGATTGAAGCATCAGCAGATTCTCGTAATATGCATCCCTAGCAATGCTCTCACCCCAACGACGCTTCTTGGATTTGGAGTTTCCCACGAACCAGTCTAGCAGTGCCAACAATAACGGGCTCTGTCGCAAGGGAGTTGCTAAATCATATTGTACGCCGCCTTCAGCAGTTACAATAGACACACAGTCACTTGGGGTAACTTGTCGCACAAACCTATA,1986,50.1,Saccharomyces cerevisiae
SEQ_962747,AGTTAAGTTATTGACCTCCAATGTGCGAGTACGCGCCTAGTACTGGTCCGTTTG,54,48.15,Drosophila melanogaster
SEQ_126649,ATTTAAGAAACGACATGATTAAGCGAAGGTAGACCACAAGGATGTCTAACGAGTCCCGATCG,62,43.55,Escherichia coli
SEQ_208151,CTCTGGGCAATGGAACGAAGACGTTACCCGTCAGGACTGGGTTACAAACACGTTTTGGTACGCACCCTCCTTCAAAGAGCACCGAGTTTTTGCACCGACACGTTCCATAAAGAAGGGCCTAACACTAGTGTAATCGCTAACACTCCAACCTAGTCCGATGCGCACCCATACCCCGGTCCATGTCTTGGTTAGTGGCCCTTGTGGCCCCAGATCACGCGATGGCCGGCTTCCTATCGCGGCTCATGTACGAAAGACGCGACCCCGCTATGCACTTGGGACGTCATGATATCTTCGGTGAGCTGGCGCTTATAATAACCACGTCTCGGAAATTTATGAGCTTCTTTGAATTTCGTAAAGTTCGGATTCTCCCTAAGGGGAATAGCACCAGGAATCTAGGGCTGCTCAAAGTAAAAGCAATAGGACTGGGTCGATGCACCCTCTCAGCGCAAATAAGACATGGTATCTAGGGTCATAAAAAGCGACGGATAGAAAGCGCCACGCAAGTGAATTAAAGCAGATCGCAGCGCTCATGAGAGCCTCGATTATGCAGTTGGATTTGTAACTAGACGAGAAAACTGCTCCCAGTACCGGTTGACAGGCCTGTGAGCGCATGCGTCTGTTATT,624,50.48,Escherichia coli
SEQ_172622,CTCCCAGTCAACACGTCAACTTTCATCAACCGGTGAAATCACAGCACCGTTCTACTAAATGCAAGTGCACTAGTAGAGCAAACATGATTCCCAGGAGAACCTATCAGCCGACATATTAGAAACTTGCTACCGCAGTGCACCGACTAAGAGATTTTTTAAAAATGAAACTCACGGTATCCCCATCCTCCTTATCGGAAAAGTAGTCCCGCGAGCATGTAGGTGTGGTTGGACTTTGGGCGCATAGACGATGCGTAAGTGCTGGTCTATGGATTGCTTAGCGCTCTTATTTTGCGTGTCAGTTGAATAATACTTAGCGCACGTATTACTTTTGCATGACAGTGGTCGTAGTGTGTTTAACTCATTGAAGTGGAAGTATTGCTTGGTAAGTATCCCCAAGGGGGTGAAATGGTGTCCGGCCTACATTAGTATGACCTTGCTAAAGGGTTCCCGCCATCTTCGCGGACCCATAGATCTGCCTATTAAATCAATAAGGGTGCCCCTAACACACTGTCCAATGGGACGATGAATTTGCTATCACTAAAGTTGAAGGGAAGAAGAGCACCCTACCCGTCGCCACGGGTAGATCTATGCATTAGATGGCTCGGGGCGTACCACGGCTGGAGTGTGTTTGGGACCAGTTTGGTGCAGTGTGCATGAACCCCGAGCAATTGAGGTAGGTAGCCGGACTGGGCTGTCGTTCCTGTTCCTGCCAGCGTAACTGAAGATTTGCTTGCCATGTCGTCTACCTTCAGATGGGATTTGCTAGTAGCGGGAGACAGAAGGGATTATCTATGCCTGGTACTATAGCGGGTTGGTGCTGAGCTTCGTAACTATTCTGATGACGGGAACATTTCGCTCGAACGGGAGCAACCTATTGTGGTGCGTTCTAACTCGGGTTGTCCGTTCATGACAAAATGTAGTTTTATGGCCCAGAGTCCTCCCTGGCCAGTAGCAT,955,48.48,Caenorhabditis elegans
SEQ_869934,AACCCGTGCATGGTCCGGGTAGGAGTAAAAAGGCCTCGCCGCATACCCCTCAAAACAGTGTGAGCCAGGGCCTGCGGTGGCGCTGGTGACCCTTCCTATGCTGGGTCATAAGAACTCGGCCCTGCGGGATGAATCTAGTCACGGACGTACATGTTACGCCGGTTAATCCAACGTTTTATAGTTTAAACTGTCATTTGATCGGCGTTCCCATCCTCCTCTTAACCCACCTGAATGCAGCTCCCAGTCGAATTCATTACGAGAAACCATCAATAATATGAGCGCCAAGTGAATGCGTCTGGTCCTTAAATCTGAAGTTCTGCTGGTATAGATAAAGTGTCCAGGTTACCGGAAGACGAGCCATACGCCATTTCGAAATGGCCGAGTATAGGGCGACATCGAATGCTCTAAACGAACAGAAGATCCAATAACGGGCGCGACCGTTGGAGCGAGCTCTGGTCGTGCGTTTTAATCGTTACATTTGCACAAACCCCCAGGCCGGTAGAGGACCTCACATACAGCCACAGTACGACTGCCTTAGCCCGTGATCTGACGTGCGCGGGGACAGTGGGTCCGGTGGAATGAACTCCCCATTTTCCGGAGCAACAATGTTGGCAGAGGGCGGCTCATCTCATTTTAAGGCCTTCTAAATACGGCGGAGTCATCACTTTCATCGTACTAGTGGAATTCTTACGTTCCCACT,700,51.43,Escherichia coli
SEQ_571835,TGGGGTCTTATTTCATGGTTGCTTTGGTAATCTGCTGTTGGAAGTGTTAGAAGTTCGCCCAACCCTTGTGATTGGGCGGGGAATAAAGTGCCGCGGTAAGGCCGATCTAGTTTCCGGTCCATTGGAACATATGTTTTCGGTCAATCACGCACGCGGTCAACCAGGAATAGGAATGTGGTTATAGGGTAACATAGGTGAAGATGGTTTTCAGTACTCTCTTCAGCGCAATCTTGTTAGGTGGACAGGGAATGTTTCTTACCGAAGGCAAAGAGACATACTTTTAACGTACGAGTCTTAATAAGTTACTATGTAAACGGGCGTGTACATTACGCTTAATATCTACCAATGTTCCCGTGGACGCTCCAATTCTCTCACGTCTTCAAGATACGACGCGTTTAAATCAATATACCACGTCGCTGGCGGCCAGGTGCTTGCTGATGGCAGACGGGGGCTTTCCCCTCTAGGCTTGTAATAATACTCAGGCATAACTACCCTCACCTAAATCGCACAATACGGGGCTGTACACGTGATCGCCTTCGCTGGGCGGGCTAGGCTCCAAACTGCCAAATAGTCCACACTCTTCAGGATGTTCGCTCTGCTAATTCTTCAGTTTGTGTCTTACAATCAACTCAGGTTGGTCCAAGTTGTGTAACAGATGCTCTGTGTACAGTGTATCCC,678,47.2,Escherichia coli
SEQ_381696,CCTCAAATCTTGCGCGCATTGCGAAATAGCCCCTCGTCGATGCTCCTGTTTCGGCGTATAATGTAACGCGGAAAACTTTGCCTAGTAGTTTTGTTGGAAACTCAGGGGTTTCTAGTTACGACTAATACCTGATGGATATACCTGACTTGAGAGTGTGGGCAGCGTGGAGCTCCTCTCAGCTGGATTCTCCCGGACATGTTCCCGGGATCCCGGCCAATCGTGACGTTTTCATGGTTAATCGCAAAAAGGCCCTGAGACCGCGCGCGAGCACCACTAAACTAGGTCGGTACTCTGAGTAGCAAAACTACTGCAGTATTTGTTCGTCTAACCGTACGCAGGGTACGC,345,51.01,Caenorhabditis elegans
SEQ_701937,TCGTCTCTTAGTCAGACTATAACACGGACGACTAGCGTACAGTTGATGAAAGGACGAGTTCAAACGGAACCGCGGGACAAATACCTGGAGTATTCCCTGTAAGCTATAATATGCGACCGCTACGATGGTGTCTCTGGTGGAGATCCGTCCCACTTGTAGAGCAGTGGCTAGATCGCGTCCCGCTCACGCGCGACACTACTTCATTGTAGAGTGTGCCGCTGCGCGCTAGCACAGGAGCCCGCAATCATGTATTAGAGACTCCGCAGCTCCCCTTTGAGTCGCCTCGCTATTCGTTGCAGCCGCTTGCAATTTCTGGAACAGTCTGAGATTTTACGGTGCGCAGAATTTCCAGCCGTGACTGGGGGGGAGAGCACCGATACTCTTGCATAAGTTCACCGCTTGATAAGATCATGATGACGTTATTTTCTCTCGTTTCGGAGTAGATGGTCCAGCGCTGCCCTTCAGCTCCATACTGACTGCTGTTACGTCGAGGAAATGACATATCATACGAGTCCACTGTACAACAACTCGGCTTCAAGGTAACTCAACTTCTGTTCATGAGGCCGATCACGTTATAAATGCGATAACATTAAAAGATCAGGCTACGGGTTTCCGATCTTTGGAGGAATTCAACGCTAGTATGGGTGCGAGGCCGAGGTAGCGGCTGTTGATTTTGTTAAACTGAAAAGTTCTAGGCTGCGTGTCACCAAAGAATTTGATCCTGCCGCCAGAGCAGACTATCCGTAGTTATAAACTGAGTATTATCATCTGATTCATCCAGTACCACAGCCCTACCCTTTCCATTTCACTTGGTGTGGGCGGGGACTTATTAATATGTACGCAGGTAGGGGACCCTTTGCTTACTCGCCCCGAGTCAGGTTGGCCTTGAGGGGATTTCGTAGCCCAGTCATCTGGAGCAACACACTCCATTCAACGCAAGTCGTACCGTGGTTTTCGATGAGAGGTCATCGCACCGCTACGGGCTTACGGGTGCTCTCGAATCGACAGACCCCATGTGGAGTGAAAATGGCCGTTACTAGAGATGACCTGACTGTCCGATGTAATGGGCTGTTAGCATACCATGACCAGGAATCTTAGGTGGCTAAGCGGAAAGTCGGGGACGTGCGGTAGGTTAGCTGAGGCACCTTCCACGGGCGATGGACGCTACCGGTTCGGAGCCATGCCGCTGCGGCCCTAACGCTCCCTCTGGGAGCTTGCATTTCTCAACTGATGAGGGAAGGGGGCCAGGACATTGAGTCCTGGCCCGGGTTGCCTAACCAAAATGCGTGGCCGGAGGAATTGCGAACTCACTTAATCGGCCATGGTGCGGTATCCGTAATGTAGCGCGGGTGTCAATGAAGACATGATAATAGGCCGACAATAAATATTTAGCTAGGCGATGTACTCAGGAACAGACGTTTGTACCGCGTGGGAGTAACCATCCTGCAGGTACGAAGGATCCCTGTGGCCCCCCTATACAGATTGGGAGGTCGACGTTGTGCTCTAATAAACACGGCAGCATACATGCTTTTTCTAACTTCCGCAAATAGACGATGCCCAACCACAGCAAAGACGTCGGAGAAACATGCGAGCACGCATTGTGCCGCACCTCTGCTTCCGGCAGAATTACAGACTGATCGAGACGATTAAACCTAATGATAGTCGTTCATCGAAACGTGTTATATTTCAGTCCCCCTTCAGTGCAAGTCGCAGCGCGGGGTTC,1723,51.36,Drosophila melanogaster
SEQ_577548,CCATTCGGCTCAGATAGGATGGACTGATACGTCCATTACATCACGACAAGTAGTGGTAACCTTTGAGTTAGACAAGCTTCGAGAAAAGCAATTACACCAATAGAGTGGAACATTTACGATACAGTCGGAGACCACATGATTAGCTCTTTGGGAGGTCGGTGGCTGCGACGGCCGGACATGAATTCGTGGCGAAAGCAGCCCAGTACCCTAAGATTAGCGAGGTCCTTTGGTCCAAGATACGTCGGCGACGACAGGGTGGCGAAGCCTAACAACAGCAGTCACTGGTTCATTATTCCCATCACAGTGTAGACGCGGGTCCAAACCACGGCGCACACCTGGCGGCAGCTGCTTAGCTCCGCGTCTGGCGCAACGTTCTAGGCAAGTGAGTAGGTCCAGCAGAGGCCCGTCTCCGTAAGTATGCATCTAACGTGACTGGTGCCGCTTGCGCTGGCGCCGCAGCCGGGCTCATAACATGGCACTCTTTTGACGCCACCGTGCTGACTAGAGCAGCCGAGATCGTTTCCGGGTTAGTCTTTGGACAATGTTGAGGCGGCGCGCAGCAAAATCCGAGGCGCTAGATGTCAGCGAAGCTACACTCGATCAGCAAGGGCAGTGCAATCATGCAACATGAGCCCGGTCGCATCAGCTTAGACAGTAAGCAATATGGGCATGCTAACGGTGACGCCGAAACGACAAAATTTCATATATCCACGGCGAGTCACGGGAGGGCATTGCACTATAGCTCTTTCCTTATGCTTCCGGCCCAACCCCGCCACACGCCCATGGTCATACCGGATGTACGAAGGGTTTCGCAGACCCTTGCTGCGGGCGAGAGAACCCTTGCTGGTCTCGTGAATAAAATCTAGGGTGTTCCCATTTGGCCACTAGCACGGAAAGTCGTTGCCGTGCACCCTCGGCTTGAAGCTCTAATAAGACTTTGGGGTCTAGCTTGCAAGCGCTGTTATCGCTCCACCCACGGCCGTCTATAATCAATATCGTCATTATTTTTCGCAATATAAGGTTCGTTGCGCACTGTACGAACACTGCTGACCCCTAACATAGATATCAGGGTGACCCACCACGGGGGACTGTGTTAGAAGGGAAAGAACCTAAGAGTCACCCGCTGTGTATACCGAGCTCAGCACTATGGCTGCCCCCGTAACAGCAGGGATACTAGGAAGACCAAACACTTGACACAGCCGCGGTGTAGCGGACTTGCGTACAGTTTATGCTCGAGTCGTCGTCTGTAGAAGGAATTCGTGATCTGAACTCTTTTACTTATCTAGCACCAAAGGAGACAGTTAAGTGAGCTGCCACGTGTCCACAAGAATAGTTCATAAAGCGTTTCGGAATCGGGGTCCTTACTGCACCAGCAGCCACGACGAAGGCTTGTCAATCTTTCAGCCGTAGGCTCGCTCCAGCTCTAAGAACGTTTCGGACAACCGCACTGCGACATTAGGTATTGACTTATTGTAACTCCGGCCGAGAATCGTAGACAGCACATCTGGCTCTTGTGTTTCCATTGCAATGGCAGCGCATCCTCAGAGAGCTGACGACATCGAGACCCCATCAAAGGAAGAACTAAGCTCTTTAGTTCGTGATTCTACCCCCCGTCCTCGCGCAAGTGCAACACGGCCCACTCAATCGCTCCACCCCTCTCGTTTGAATTGAGTGATTACCACCCCCGTTTCGTTCATAGCGGCCCCTTTCAAGACTTCTCCGGCAATGGCGGGTCAATTGCTATATTTCTACGGACCGAAATGATTTTGTTACGGGCATATCTAGGTCATAGCCACAATTATGGCTCATTTGAACATCAATCTCCATTTAGTCCCTGCCCTCACATCCGCCTGGGCTGGTTTGCAAACAACGACGGGTTCTATGCAAAGCG,1891,52.19,Homo sapiens
SEQ_392466,CCTCGCTATACCAGTCCGGTCGCACTGAGCACAGTGTCGGGGCAAGGATGTAGCATTCAAGTGCAAGCCTCCTCAGTTGAGTCGACTAAAGTCCGTCAATTGGATACGGGGCACGAGGTCAAGAATCTATGCCCATTTGACGTGACAAGTTACTTTGTCGCACTTTACCTCAACAGGTAAGTAACACAATGGGGTTTATGTTGCCTCGATTTCACTACCTGGGGTGCTGACGCAAAGGCCGACATTACTGTACTGACATTCAGTGAACGGCTATTATTGTCCGAAATGGTGGCGCACATCAATTGCGACTTTGCAAGGGGACAATCGTTCAATTTATAAACTGCCTCCTTCCCTGGTGGCCATTGCCTAAGGCTTTATAGTGTCCAGCGGGTCAAGTGGTTGGGCGAATTGAACTTGGTATCGTCTAGCTTTTTCGGGTCGCCGGCTTCAACGATCGGGTGTACGACGCTCCGAGATTTCAGTTTAGGTTCACTCCTATCGCCAGTTTCATCGTTTGATTCACCTAGCCGCCTCCTGCCGGATAAGCCGTTTTTTTGCTACTCCCGCGATTTAGTAGCTCTGTAGTACCAACAACACAGGTCCCCTTTACCTATGTTGAACCAATCGGTGCAACTAATAACGGATTGCCGGGGGAGTATTCGCTCCGCCAGATCTGGGTCCATGCCCTACTAATTGTTTTACTCGACGGGTCCCACAGTGAGCGCCGTACGGAGAGATCGCTACACTAGTGACTGCCCTTGGCCGGGTCCACATTATATTACCGACTTGTTAAGATCGAGTGGAGAAATGGTTTGTAAAGTCTGGCGACGTGTGCAGAGGACACGGAAACGAGGGGACGTTAACGTAGACCTAGAAATCGACTTGCAACAACAAGTTTAGCACAGATAGATCCATGGAGTCACACTCTTGCAGGAAGGAAAATAGCCAGGCCTTCCGGCATGTGGTATGGACGGCCCTATTCCGTACACCCGCAGGGGCATGAGATGGCCAAAAAGCGCCCGAATAGTTGGGCAACCATTAATGTTTTGTGTAACGACGCTCTTTAGCACCTGACGATTACGTACCTTGGAGACGTAATAATAAACAGAGCGGTGCTAGCTCTACGCGGCTATCCTACTCCCGGCTCACCCTACGTGATGTGACATTGCTTCGCGTGTAGTACGTTGAATGCAAATTTGAACGGCGCTAACTTGACATATGCGTTTAATTCCTGATGGGCCGAAAGGGCAGGTACTCGCCATGCTCGCGTAGTATTTGGCAAACCGCGCTTTCTGGAAGTGCCGCAAACCTGTGACCTGAGCAAGAGAGTTGGTGTGACGGGAGGACGTAAGGTGTATATGCATTCTTATAGGTCCGCTGGAATGACCAGAACCGGTCCTTTAAAATCCGTGCCGCGGCGTGGTGCCCGCAGTTTGGTTTCCTAGTCTCAGAGCCTAGTTTCGCAGCCCAAACGGTGACGCCAATGCCAATTGTCTGCTCTGGGCTTAAGAGGGATG,1517,50.76,Escherichia coli
SEQ_510120,GGTCAATAACGACCTACCTCTGTGGTCTAAATACTGGTCAGCGAACCCCGACACCATTTATTATTACGTACTCAACGAGCAAGGATGCTGTCGGGAATAATAGTTTGGTTATAAAGACAGTCACGATGATTTGCCACGCTATTAATTGAATACGGGGGGTAGAGCACGAGCTCGCCACATCTCCGCTCGGCTCAATTTCGAACGCCTACGCACATGCGTATTCCAAGCTAGCAAGTAACCCTAACGACGCAGCTAATAATACTCGATAATCAGGGTACTCGGGTAATTGTTATCCTAAATAGTGAATCTAGCCAATTGCAGTATATAGCCTTAACGCGAGGGGTTGTCACTGCTTCGGCCCGGGCGTACGGGTATCACGTTACCGTCTCGGTATATCGCGAACAACTCAGTGCTTATTGCTACGGCCGCTCTCAACCAGTATCCACGACGTGAACCAAGAACCCATTGTATGAACCAAGATTTTAGTTCTATTGAATCGGACGGTGACATGGGCACTTAGGAATCGGCTTTGGAAAATGGTGGCCCTACAAACGACTGCGGCCGTCGACTCTGAATGCTTTATAAGCCCAGGTTATCACCTAGGTTGCGTGCAAGCGACCCAGATGTAGGTATTCCACAGCAGGGAGGACCTTCGGATACTAGGCTTGGATCCGTGAAGGACGACTAGTTTTTCTAGAGTGTTCACCCCAAGGTGAAATACACGGGCGTGGCTGATCTAGGGCGCATAGAACGCCTGACGTTGTGAGCCCACCAGATAGTGAGCTCTTGGTATCCCGCTTAGCTACTAAAATTACCGACAGTTTGCGACACACGTCCTTCTTCGCTGTTCTCCCCTCATGAGTAACCAGCTGCTTCACGTTAGAGAAAGTATAGTACACCTTAACGAAGGACAACTGCGCTTACGTGTTCGCTCCCTGGCGTTGATGCACAGCTCATTGTGTATTACTATCACCAGGTCGTCAAAGAGAGGGCGGTATCAGTGTACGTCTTAAGGGCTGTTCACCCTGCGCATATGAGGACACAACTATGTCTTGGTAAGTACCATGATTTAACTGGTTGTCTTACCATCAGATTTAGAACCCCCTCTAGTATATATCTGTTGCACCTCTTAGTCCCCTGTATCATCGGAGCGAGGGCGGTTTCGAAACACATACCCATAAGCCTCCGTCTGATCCGTGCCAGACGCGAGTCCTCGTCTGCGTCGTGTTCGGATGACTCCCCTAGATCCGCTTTCATACATAACCACAGGCCAATTT,1277,49.02,Arabidopsis thaliana
SEQ_428543,CTGATTCGTTCATAATATGCGTGGTAATGCTTTACAACATGTGAGCGAAACTCAGTGCGACCTCCCACATCGTGTGTGTCAACTCCCGGGTCGCGAAAACCGGAGTGTGCGGTACCGCGGTCTTACGATTCACATTTATTGATCCAAGAGTGCATGAAGCAAATGCGGTTGGAGTGGAATTTTGATCAAGCATCCCCATGGTATAATTGCTTCAGCTGGCTTGCGAGGAAGTCCGATATAGCAAGTTATACTGACCGTACCGAGTCGACTGCGACCTCCAGCTTCTTGCTGCCTTTCACGCTGACGTCAGCCTAATGGGTAACCTGGGCCTATTCAGTACACTTGCGGACCGTTCTGATGGTGGAGGCAAGCATGGAACGCACGCCCCCTATTCTTGAATTAAGTCGAGTATTCGGTGTAGGTTTTAAATATGTTCTACGCTTCTTCGTAAGATCCTTTGACAGTGGGCGTTTAAGCCCACTAATTCTTCACCAATGCAACCTACCCCGCTGGCCATGTAGTGAGGCACGAGACAAATCCGCTTCCAGTGCCGAACGATGTATTACGAGTTTACGATGAAAACTCTACAGCAGCCGTGCATTGTTGATTATCGTCGATCCTGGTCCGGTCGAATATGCGTATACAATGAACGGGGCTCTTTGGGAGCTTGGCATGTGTCATGGAGACCCGGATGTATACAGGTCTAATCCTGAGATTGGAATAGCCGGATCCATTAATCACATACGACTCCGACCAATCGGGTAATTCAAGGCAAAATCATCAGGCCTAGTTTCCTGTCCTCTTGTCAAAAGTATCACGACGGCGAGGCTGTTCCGTATCTCCGTACTTGCCTCAACGCAGTAAGAGGGGTAGGAGACATGGTCCCTTGGTGGATCAGGTGCAGGGCTTACCTGCTATCGTAACCGGCTGGTTGCGAGTCGGTAGTAAGTTTTATCAAAAAAGATTGTGGGCTCCGGGTGCCATGCCAGGCCTGGAAATATCCGCAAGTGAGTTGTGCAAGTACGGGCTGATACGCTGAAGGGGACCAACCATTTTAGGATACAGCTCATACGGAGTATATATCGACGGATGGTGTAAGTTATTCGGGTGGGTGCCATCGGAAATCTCCTTGACGTCGGATTCGAGAAGACCCGTAACGAATTGGTGTGGGACACTTCTGATCTGGAAAGGCGATCGAGGGCATCATGACGCCTTGTCCGACTTCC,1226,49.84,Caenorhabditis elegans
SEQ_177937,ACAGTTTGAACACGATCATACCGACCGCCCGCAGCGTAGGGTCTATTTGCTGACTCATGCGACCGACGATGGACCGGTTCTTAATTTCTAAGGCCCGGTTCGATCGTCGACTCGTGCACCTTTGTTTAGTTGTTGACTCAGAAAGGCTCGTTTTTCAATAAGTCCATGAGCACTCTATCCTGTAGGGCGTCAACGGTCTCAGCCGGCTACGGTGTTGTTGCAGCCTCAATAAACTCCTAGCACCGATATGAACACTTGCTCCAAGGGGGAGCACGTGCGACCGAATACCACGTGCCTGCTTTGAAGAGTTGCATGCACGAAGTACTGCTTAATCGCACTTATTCTTAAGCACATGCTGTTACGAAGTCGCTTCCAGATTGGCATTCGGCGCTGGCTGCCCGGACAATACCGATACTCCGGAGTACAAGATCAGGCCGGTATTCGCTGGAAAAACGCCACAATTCAAACCACAGGATAGGCCGGCGGCACTTACTGAAGAGACGAGGACGAGCTCGTATTGGGGAGACACAAAGCCGCTGGATTGGCCCAATTCGGAGCTCGAAGGTCAAGAGGAGTAGGGCCGCTTTCAGATCAATGGATTTTCTTAGCAGCGTTCGAAGACAATAGCAGTGTCTTGAAATGTTCCCCTAAAGGTTCTGGCATGCGGGACTTTTACCCTGGGCTCAGACGT,691,51.66,Caenorhabditis elegans
SEQ_468643,TATCAGACGTGACCTCCATAGCGTAGAGTTACTGCGACTGCGTGCGTGCACGCAGACAGTAGTCCACTTGCTGCCCGATCGGAGACTTGTGGCTTATAGCCGAACCCAGTCGTGTTACCTCTATACAGGAGAGTGAATCCTCTAAGGCTGATACGAACCTTAACATGTAGGTGTAACTGGGGGAACGGTCGCAGCGACGACTCTAACTTTGTTGTCGCACCGGTTAGTCGAAGCTCCCCCCAGGGGCCCGTCCGTTCATACCGCACGAATTTTGAGGGCGGTAGGACGTCAGACGTTTTAATGCGAGGCTTGAAATACGGCTCGGCAGGAGGACGTAATAATAGCACTTATCGATGCCTGAGCGTTAATTAGTGGAACAAACGCAAATCTCATATCATGCACGAGCGAGGGAACACTTCGACGGAAGCGTAGTAGTTGAGGAGACTCTACCAGGAGTAACGTGCGCTCAACTAGCCGGCTAACGCATCTGATATGATAGATCATAGAGCAGTACTATTTCGGCGCGTCCGGTCGCCTACTAACTCATTGAGACCAGAATTCGGAGTGGTGGGACAGCGCAGTTACTCAATAGCGCACCAATAGTCGAGCATTTAACTCCGAAGAACAATTAAGAGCAAAGTCTATTTCTAATTGACGATGGCAAGCCCTTAAGTACAAATTTTGTTCTCACAACCTCAACTAGGTGGCGTATTAAGTTGATCTCTAGGACTAAGTTGCGCGTGGACCAGCCCCCGTCTATGCGTTGTTCGGAGTGCTCGAATCTGCGTATTTACTGTCCGCCTGGGCTCGCACTCAGGGAGGACGTTGGATAGGATTTGCGGTCTGCTCACGTATTAGACTGGCTAGTGGAATTAGAGACAAGAAGTTGATTCCACTCCGCCACCAACCCTGCAAAATGTCTCCGTTTTTGATTGTCATTGAGCTCTGAAAAGCAGCGGTAATGCTTCCTAGGCTTGGCGCGCGGACTTGGCAAGATGATTTTATGACATCCTCTGATCTGCAGGGTCACCAAGGGAATTTCAATAATGCTCCAATACAGTAGCATAACGGAGGTGACAACGACGCCGTAAACATACCGCAGAAAGGCGCATACGAACTCTAACGTGATCCACGACATTGTTACCAGGGCTTCAAGCATTGTAAACATGATGGTCCCTGAACCCGACTATGACTTTAGCTACTGCGTTCCCGTCCCCATCCGGCTCCATAATGTACTAGCATTATGGCGTCTCGCTGACGGATGATGAGCCGTACCACCCTAACTTGTATCCGGCTACAATCCGATCGCGACCATACGCTGCCCTGGGTATCTCGCTCTTATGAGTGGACGCTCGGATACTCGGTGTTTCTTAGGACTGGTGGACTCCAGCCTTGGTAACCCTAGGACGCTCTTGTCAGGGCCACAACTTTCTGTACTCTATAGTTGGGATCTGTACGCACGAGGTAGTTGTAAGACCACCGCCCTGAATGTCAGGGTTGCCGATCCTTTAAACTGATCTGTCAAATGCCCGACGTACAGTCTTGCCCCTTAATCACTGAGTACGCTACAGATTCTTTGTGGTCTCGAGACACTCCCGAGGGACTCAGGAAGTCTTCACCGGATTAACACCACCTTCTATGTCTAAAACCTTTATGTTTCGCACAGAATAGGAGACAGCATACTGTACCCACTTTTCGATCCAAAGAACCTCCTCTTAGGCGACAGGCATAGCAGGGGACAGATCGACACGAAAGACACGTTACAACCTAACGTCCAGATTCAAAGTGTTCTGTGGCCCGCGTCTCACCTGCTAACCCCTCGGATAAACCCAAGAGAGTTACTTTGGTCTACTGCAGTGCCTATTCGAAGTACTTAGGGCCCCAAT,1886,50.0,Drosophila melanogaster
SEQ_516436,GCACAGACGGGGGTTATGGGGATGCAGCGGCTCCAGCGCAACGGGGGGGACCAATTCTGTAACGCTGACAGCCAGTAAAAGGCGGTGGGGAGTACGAGAGCGGTAGGTGACAGATTGAGCTATCCTAAATCGGTCGGCATATCCCGGCCGGTAGTTCCCACGGGACTGACGGCAATTTTAGTATCCGTATTCGTGCAAACCATGCCCAGGGCCTTAGAAAATTTGCTACTTTAGCGGGACCCTCCGCGCAGACGCGATGATGGCATAGTGCCCGACCCCATTGAAATCACGTGTCATATAACTTCTACCCCGCGAATTGGTTAGCTAGCAGACTCACAAGAGCGAGAGTGCTTACGTCGTTCTTGTGTGGCCTCTAATGCCTACCCGTTTCCTTATAAATTACGACCAGCCATCGGGCGAACTAGCATTGTTCGCGTGTGCGCTCAGCTAGAAACGGCGGCCGACAAGCGCATCCCCATACATCCCGCTGAAGGCATATTTACTACGCAACGATCGTCACCCTCTCATGCAGCCCCGCTGTCAGTGGGACCAATACTATTCACAGTTGTGGGCCGATAGTAGAAGTATAGAAAGTTGATACCAAGGGAGCGACGGCGTATCGTCGCGCTTACATTCTGATTGTTAATCAAGCGCGAGTAGTGACTGCCCACTTGTACCATCTGCGGTTCTAAGGTTGGAGCCTGCCCGGGCATGCGTTATGGAGATGGCACGCCGAGGTGCGCAACAGCATCGGCCCCAACAGCGTATCTTAACAGTTGACGGTGCATACCTTGACACTAGTGTTTATGCCAAGCAATGGTGCATACCCTCAGTATGAGCTAGTCTGTTGCCCCTGCGGCGTCCTCTCGGGAGGTGCAGGATAGAGATTATGAGTGAGCATGACTCTTTAACACCTTCAGTATTTCCACTAACCTTAGGTTACAGGGTAAACGGCACCAACCCTTAAACATCTTCCGCCGAGATATCGAGCCAGGCGGTCTCATTATGTGCCGTTGGACAGTACTAGGGCAGGAAAGGTAAAGGCGAAAACCAATCTCAGGACACGTCACGTCACAGAGGGAACGCCGATCACACGAAGTACGCTTCAGGACAGATAAATTCATTCCCTGGTCACATGGATTGGTAACTATGGGACACCGTCTAAACCACCCGTATCCAACGCGGATTAGGATGGTTGAGGGCATCAGTCCTGCATCCGTAAGCAGCTGCAGCTTTGCTGCTGGCCGGTACACTCTCCATTCAAGCGAATTACGATGGGTGCAGGAGCATTGTGTTCACGATCGCACATTTGTGCGGAGGACCTAACGTCTTTCCGACGCGGTACTTTATTGGTACCGTTATTATTACCTATGCCGTGTATGAGAAATTCGGAGGTGGTAGAGCGTGTTCAAACTGAGGAATACCTCTTCCGAATGGCCCTGGGAGTTATACCGAGTCTACGAGCAGCTGGACTGAACGCGGCAACATACTTCACTTATACCCCGCCCCTGTAAGGTTACTCGTGGGTTGCAAGAAGGGAATTTCCCATGCGGGCACAAACTTTATCCGAAGCGCATGGAAAGACGGTATATCACTTCAGCCGATTTTGATAAGACGTCTAACCATTCCTGGCGGGCCTACCTAAGTCCAAGGAATAAACTAGATCATAATAGTCATATCAACTGGCCACAAT,1693,51.62,Arabidopsis thaliana
SEQ_981655,GCATATGGCGGTCAAATGGTTTAACATTCATCCGAGATTAAAATTTTAATCTTATCTGTTCAATCTTTGTATCAGCTGATACTTGGCCAGCGCGTCCGCACGACGAGGTATCCTCCTTTCAAAAATGTCGTTGTCGCCCACACACGATAAATGCCTACTCTATGTCGCGAAGCGAGAGTCTTAAGGTAGATTATGTTCACCCTCGGGTGTTGTGATGTCAGGCCCCCCCTTGATCGGCGTGAACGCCCAGCGATGTGTTCTTAAAGAGATGCAAACTAGACTCTGTCCACTCGATCTCGCCATTACGTTAGCCGGTCGCCTGCCACTAACTAATAGGAATCGTTAAACCGAATTGACGTGCGTGTAGCTCGTCAGCGCGTAGCATGTGGGCGGCGTGTAATTTCATGCATCAACGAAGATCCTGAAGGTCCTTCGACCCCCGGGCAGGACGGCTACACTAACAGTCCCTGCCGTAGGCGGCACCGGCTAACTGAGGATATATGAATATATTATACAGCAATGGCGT,526,49.43,Caenorhabditis elegans
SEQ_831150,GCGGAAATGCACAGTTGGTAGACAAACGTCCCAGGTCGCGGGATTGACATTTGATGTTTACATGGACACCATAAGTCGTAGCACACGAGACCCTTGAGATTCTCAAGAATTGAGGATTTGTTATGTGATTTGTGCTGTCGAATGTCTAATATACTGCACCGGCAGCCAAAAACGAAGCGAATAGCCGCCACCGCGGTTAACGGATACGCGAACTTTTAGGGTGTATAGTGGTGATGGAAACCCGGGGGACCTGCCTCAGGACTCGCAGCGTGATTCCCAGATAGTAACGGAGGACGGGAACGGTGCCCCACGTCAAGGCACCGGGCTACGCTACATACCGCTCTTGAGAGAAATATAAATAACTGTGACCAAGAGGTCAAGACGAGGATACGCTCTCATTCCTTGGTTATTTCTGAATGCCGTGGTATATGCAGTATTGTTAGGACAGAGCGTATACCAATGAATTAATGTAGAACACCTCTGCAACACGGGTAAAATGACCGGCCCTGACAGTGCGGATGCCCAAGCCCATCGTCATCGCGGTCTAGCATCAGCTCGAATGACCATGACTGCGAACGTAGGACTCGCACTGTCTATTGCCAGGAGAGACAATCGGAGAACGATGAGTAGTGCAGTTGTTTTTGAACTTACGGATGCTCATCCATTCCCAAGCATTTACGCGACTGCGATCCTCCTCCGGTTTGTGCATATGCCTGTTAGGACACTTCGAGATTACACGCTTCCCACGTTATAGTTCACTACGTGCGACCCCAACCTAGACTTTATAGAGGAACAAACCGAACGATATGAATCGGATTGCCTTAGGCAACTTCTTCCCTTACTCCTAAAACTTTGTTTTGTCTATTATATCTGACATCCTGCGAGTATGCTAAGGAAAAGTGCCAAGACACTTGCACGCTGCGGCACGCTGCGAACCCTAGATATCATAGTGGTCCGATTACGGGCCCATTGAGATCACCTATGTTTGTACGGGGAAACGGCGGTCGGTTGCCCCTTAGGCTGGTAGGAAAGATCCGCTAATCAGATGGCTTTGGCACGGAAAGCCTGCCAACGGCAGGTCTTTGACTATCATGAGGCCAACTCGGCGAACCACGCGAGAGTACCCAGTGAGTACCTTCGGAATGGTGTAACTCCTCTTACGAACAACATACTTAAGCCTGAGTCTCGCTTTTGGTCGGGCCAGACCCGTGAAGGTCTACGAACGCGAGCAGTCCTGGACGGGATCCAAATGGTGATAGAGTGTTAATGATCGACATTCAACGCTATGAAGTCCCCTCCTAATTCTTACGTCGAATGATACTAGTGGCGTTACAAGCGTTAGCGC,1345,49.67,Escherichia coli
SEQ_335748,CCGCCCAGGGTCTTGAGTTGCAGTTCAGCCGTCATGCGAGTTCGCAAGGCGCTAAAAGGCTGAGCACAGCTTCCTTAACGATGTCGATTCAGGAAAACATGCCCTAAGCTGAAACAACTCGATTGCTGTAGATCGACGTGATCGACCGGGGATGCCTGAGACAGTACCTAACTCCCTCGCACGTTCTTACGCTCCAAAACATGAGACTTATTCATCAGGGCCTCTTTCTTGCGGATCAATGTGGGTCTTACGCAATATGAGACAACTGTTCCTGGTAGGATCGTTCTCTTGAGCGGTACCTGTTCATCAACATGGTGTGGGTCGGAGATCGCTAGTTCTGACAAATGATGCGTTGAGATGGAAATATCCTTGTACAAATCTATTCGTCACACTCTTTCCATAAGTTGGTTCCATTGCCCGGCGCAGTGTAAGCATATGTTCTGTGGACGGAACATATCACTACGAGATGACCGACACGCTTGAAGGCGTCGCGCCACAGGCTACAACGCAACGCATGGCTAATTCATGATAAGGCATGTGTTGATCTAAATGATTCCGTCATTTTTAGCTGTCATACGATTAGTCCTGTGGTATGACAGAGTTAGTGCATAAAGTGGGGGTGCGTTGCAGCGGGATGAGAGTCGATATCCCTCATGGATCATGCCACTAACAATGTACCTGATACGGTGCTATTGGCTTCTGCCTTTTCTTCTCGGTATTGTACGCAACAGCTAGAGGCCCAGGTACCTAAGGGCAGTGAAAGCGGGTTAGAGTAACTGATGAAGGGGAGGCAACCGCCGTAGTTTGCGGCACTCACAGTTTAAGAGTATATTAGATACGAGCCCCCGTTGTATTCGAGGTTGATTGTATCCCATCTTGAGATTAGTTCCCGCAAGCTCTAGAACAAGGCCGCTTATCTAAGACCCGGATAGAAACTGCCAGGGCGAATCCCACGGTTGTTTAACTACTTGGATCTCTAGATGCACTTCCTCATAAACACGGGAAGATGGATGCTGGCGTCGTGAAACGGACACCTACCCTTCCTGAACGCTCGTGAAGCCGAACTCAATGTAGGCCGATGTCGGCCGGTACCACAACTTCCCTCCGACAAGCAACTCGAAGAGAAATATTATTTTGAAGGCCAATAGAGCTCTAGTCGGGGCGGATATGCTACATAGGCGCGGTCGCCATGTAGGCGAGCTCCGCTGCAATCTGGTGTAAGTATCGAGAGTGTCCTGGTTGAGTGCAGTGATTTAGGTGAGCGAGCGTCGGCCACTACCCACCGGGAATCGGCCAAAGCCCGATGGGATATATCCATATTGGCGAGGGGGACGCCAGCGCGCGGGGCAATCACCCCGAAAGGCTCCTAGCTAGTCCGAAGAGGTTACCGTCGGTACGCCGGAGGTCTTGACTACAGCTTACCCACCCCAGCGTGAACGTCACATTGACTCGGATCTTCTTATATGTCTTACGATATTTATCAAGTAACGCCAGGGCATTGACGTACGTCAAGGTCTAATTTGAGGGCGAGTCTCAACGTTACGGCCACTACGGTCTATCCATCTTTGACCACACAAGAGCCGACTTGCTCTGGCTGGTCCTTCATCGACGCGGCGTGAGCTGGTTATTGAGGGACTTCCAGGCGTTAGCGTCGCGAAGCTGGTGCTCACGGTCTAGGGAGCTCGGCAACCTACAACTATACTCTAGGCTTCTGAGTGGATGACGAAGTTGCCACTCGGGCCGACTTAGCGATCACCTTGTTTCTCCTTATTCCATCATAAATGAG,1786,50.95,Drosophila melanogaster
SEQ_250724,GCAATTGTACTCGTCTGCAGAGGAAGCTTACTCGTTAGCTAGTAGGAGGCTTAGTCGAGGTGGAGGAGTCCCACCTTAGGCCTGCCTTTAGCCCCTTCCTGTTTTCCATGCTCAAGTCTTCTCTTTGAACTGTCGCCCAACTCCCATAAACCACGCATGCTCCGAAGAACTATTAACCTGCCACGTCTCCCGGAACAAATTATTCCTTACGCCCCCCACCCCTCGCTCCACACGTATACCTTGCCATCGGTTGGTGAACAGATACTCCAACCTTGAATAAGTATTCTCAACTCGTTCTCTGTTTTGCCGGGCTGCGGAGAAGAATAAAACCTGTCCAACTCCCCAGGCTCTCGCATACTAAGGCATGTTGCTCGCTATATCATTGTATGTACATACGACGAAGTCCTTGTAGTGGAGTGTAGGTGGAGCGGGAGATACTAACATGGTAATGACGCCCTGGAAATTGACAAACCACCACGGGCTGCGGTTTGTCGCAATCAGTTTTGTAGCGATTCATCCTTTATAGCGCGTGGTTCAGAACATGGTAGGTTGTTGCTCCCTAAGAACATTTGTTCCAAGGGCCCAGATAGAACCAG,596,49.5,Arabidopsis thaliana
SEQ_224218,TGCGAATAATTTGTGCTTAAAACCCCAAATGGCTGGTCCCTATGCCCAACTGACCCCCGACTAGGGGTCCTCGAGAATCGACTCTCAAAAACACAACCGGTACCCCGCACTGCAGGGACTAAAATATAGCCTCAACCGTAGCGCCAAGTCGTCTCCTTCGGCACCCTTCAGGCATAGGGAGCGCGGACGTGCGTCGCATATATGTACCCGGTCAGTCGATTATATCGATGAGTCACATGGAGCTTTTTAAAAGGCTTGAATGAGAGTGAAGTGGGGTGGCATTCAGGCACGCGAACGTTAGTGGGACATATGTAATCACGGATCTAGTGTTCTTATCCATAGTGTCCAGCCGCTCGATTAGCAGACGATATGGGTGTTTGAGAAGCCGCACTTATATTGAGCCAAACACGCCTTACGCGTAAGGGCGGGGCCTATCTAGTGGGACCAGGCGAGGACTACTAGATTCGCATCCTGCACCATATTCACTACTGTGGAAAACTTATCCGGTCATCTCCCACTTCCACTACTTACTCGTGCCAAACCAAATCAGGCAGAACACAGAGATAGAAACAACAAAATGCATATTCTGAACAGGAGCACGATATTTCCCTTGGTATATAAGTTAAATAGTAACCGCTAGTGTATTGCGTGTACACGTCGCTTCCTAAAATGCGGAAAGACCTTACAGCGGTAGCCGTCCCTAGATTGCCATCAGTTTCATCTTCCTGGTTTGTATACGTGTGTGCCGTCTGTACAGACGTAATGGCCCAATATGCTTATGCGGAAACTCTGAACCTCCTGACGGGCGGCTGTAGTGCACCCTGAGAGACTCCATAGAGGCACGGACCTTCAACGAAGTTTAGCAATTTTCCCTAACTACCGACCCTCATAGGTACGATCACCAAGCTAGAATTCACATTCCCCTGCGTGAGACGGCGACCTCTTTACGCCCCCGCGCCTACCTCCGGGGGCTCCACCAATTTGATGAGCAGGCGGGGATCTTCGCAGTGAGTTACGCGTATGGCGGTAACGGGTTAGCTGGGCACCTCCCTTGTAGCCCACGCCTCGGATGCCCATTCCTTGGGTGCAGAATCTCACAGATCATCAGCATCAATGGCCATCAGGCGTAAA,1131,50.93,Escherichia coli
SEQ_689251,GCCCCCCTCAAATATCACTTCCTTGGGATGGCTGTTGGAGCATACATATGTCTCAATCACTATTCTGACCGGTTGTTGACGATCATTTACTCAGTCGCTCTTCCTCGTCAACAAGTCATCTTACCTGACAACTCACGGAGTTAGCATAACCGGTATATGTACTGGGCGATTTAAGCAGCTAGTTAGGAACGCACGGTTTGCAGGTGGACAAGCACCGCGATAGTGCAATGAGCGGTTGCAACATAGCTCCAGTTAGAACCTTCCGTAAGAGTGCGGCTCAACTCATTGCCTTATATGACTTCGGTATTTACAATTATATATGTTATTCCCCATCCTCCGAGTTCGGAATTTGGCAGGACCCGATGTGGCAGTACACTTAAATCAAGGATCTGTGGCTAGCGTTGCGACGCCCGACCTATCGCTTCCTTCCCCCTGTGATATCTCATACTTTGTGGGGGTTGTTTCGTGGATGTTGTAGTGTCAAAAAAAAGAGACCTACAGGGGATGTGCTGAATAGTAAAAAAGGTGGGTAGCTAGAGTGTCCCTACGACCCAGATATACGCACAGCCCACGGTCCCGAAGCGTGCACGGGACCGATTTACGTCGGCTCCCGACGAGGGCTGCTGACTTTCTACCGTAAATTAAAGCCGCACAAACGCTCTCCTTGGAGATGATCTCGTTGTGCATTGATGAGCATAGTTTAAGCCTGGGGAAATAGTGTAATAGTACCCAGAGTCCCTTTTATGAACGCGGTCGTTGACTAATGTTGCAGTTATCACAACCCGCCAGTGCTGGGTCAGGCTTCAAACCACTCGTCGCCCGTTCCTCTCGAAGCATGTGCCAGTATCTTCTCAACCCTCGCGCCTAGTGCACAATATCTCTGCAAGTAGTAAAAGTTCATACCTCCCTACCATACCGTCTGGACTTTGGAGAGGCATGGTCCATGTAGCCTAGGAGTTTAGCCTTATTCGCATTCCCATATGAGGTCACTTAGGAGGCTCGTTTCAATACATTTTCAGCCTATACATGACCGGAGGGACGTCAGTCTCTTAACACCCCGCTCTATGCCTGTAGCAACATACCACGGGCACATCTATTAAGGGGAACAAAGCG,1113,48.88,Saccharomyces cerevisiae
SEQ_493836,CTGACCGCCTCATACACGAGTCCCACGGGACTATCGGTCGCTAGTTGCAACGGTCGTTTCAGATCGCAAGCTCGCCTAGGATGATCAGCGGGGGTGCATTCAGCATCGTTGACGCGAGGTGACGTATCTTTCTAAAGCACTATCGGACGAGCCGTAGTATTGATACTAGCAGTTGGGCGAAGGATCGATAGTCGGCGTATAGGTTGATGAGACTGTACCGAAGCGGCGTGAGTTAGATAACCCGCAAGCAGGAAGAACTTAAGCTGGGACGCGACTGAAACCCTGCGGCGCTCGCATCGACATACATGTGTCGTGGACGCCAGCGGCCGCCTTTGCCCCAGTGCCGTTTCGAAACGCTAGCAAGGAAGTGCCAATAAGGACACCGGCTTGTTAGGCCGCCTCCATATGATTCCGCGTTTCCGGGTCCAACTGGCTTATAGTAACGTATCCGCGAGCCCGGTGGCGGGCGTCTAAGAAGAACCAACATCTCCCGATTTAACACCTAGAGCGGAGGTTAATGGTATTCACCGCAGTGGGTTTCCTGATTATTTTTCGGATGTCCATCAGTGACTCCGTCTTATGTACTAAAGGACACGTTTTGGTCTTTAAAACATTAATCCCGTCGCGCAGCAGACACGATGGCGCGCGACTATGGAACTATTCCGAGACTTCGATATTCAGCCAGCCAGATTACACAGGGTGTTCCGACGGGGTCGATACATTCACCATTGTCCGCAATTTGTAGCAATACAGGATCCAACCGGTTGCTCTAGCGGCCTACGCGGAAGAGGGGACTACTTGCCATTGAGGGGGCCAAATCTACCGACTAACGTCAACTACATTGGCGGTGACAACTAACCAACGGCCCAATCTGCGCGCCTTGTTGCTCACAACTGGGGAGGAA,904,53.32,Saccharomyces cerevisiae
SEQ_157779,ACACAATTGGGGGCGCCTACTGAGCAACGCGCCTCCCGAGTGTAACCAGCAGTCTTGACAATATGATGCGGATAATACCGTTCACCAGGTCCCATTCTTCGTACACACTAAATTCGGGAAGCAGAGATCCCAGCCTCTGTTCATTCAATCGAAGGTATAAATGCATCCCTTCTCCTGAGCGAAAGTGCATTGGCCACGCCGTCGTTCTCAGAGTATTACACTGGCATCGACTCTGTAGTAATCCGCGCTGGACCCAGTATTTATAAGCTTTGCTTTTCCCGAGAATCTCAGCGACTGTTACTGGATGGCGAATCGTAGGCCATCTTCCCCGCATAGTGGTCCTAGATGTCGAGCGTGAAGTGGTTACTGGTCGCACGATCCAGACGATTATTATGCTTCTTTGCAAAGCCTAGTGCTGCGATGGGAACTTTATATAATCACATAAGAACGACGTAACGGCAATGGCTCACGTCTAGCTCGCGTAAGTAGCGTCATTTAAACCACTGCGACCACTCTTCTGGCACGTGGCGGCGTGGCTCAACTTGGTCAGTAGAATAGTCAGCCGGGCTAGCTATACGAAAGGGTTACTGAATCAGAACCTAATTCCATCGACGCACAAGGGGGCCGTCGGTGGCAGCAGACGTGTATTTCGTCCTGGACCACTACACCGACCGCGGCATGGACGAGGAAAGGGCAATGCGGATTGTTGATTGCGCTTGGTTCCCGGAGAGTCGGGTTCTTATGATCTCGCACCAGCCTGCGCTCAGTACACCCGTGCGGGGGTCCAATCAGCGACGTCTACGGCCCATGATACATGTGGAACTGCAGCCACATGGGGTATCGCTCCGCATTTAAAGAGGTGTAACTGAGAACACAAAATGAATCCTGGAGAACAGCTTTCCTCCCAACGTAGGTTCCGGTGTTATTGTCGGCCTAGGCGGGGA,944,52.12,Mus musculus
SEQ_721089,AACCTGAATACCTTTCTGTTAGCACCTGCACTCGTAGACAAGCTTTAAACCAGCAGTACTGTCTCTTCTCCAGTTCACTTGCGTCGCGAAACTCGCTAAAGTGGAGTCCGATTTGTGCTTTTCGCACG,128,47.66,Saccharomyces cerevisiae
SEQ_499834,TTGGTACTAGGCATTAATGACTCGACCATCCGCACTCGGACTGCCTAGCGACGAAGCTAGAGAAGTTCGTTGACTCCGCTCGTCTTCCATGGACACGGGGTATGGTTGGTCGCCTCTTGATCATCACTGTGCATTAACTGACAGCTACCATGTTAGGTATTCTTCTCTTTCGTAGGTGGGGCGACTCATCCTGTGACGCCCGTCCTCTCACATTCCCAGTCAGTTCCATAGCTCCGCGGCAGCGCGGGCTAGGGCAAAAGTATGACTGAGCAACTTGAGTGCTCCTCTAAAGTATACGCCATTGGTCAGTGCTGGGCTTTTAGGGGGTTCAAGATCCGTCCTAGTACTTAGGGGCCCTGGACGTGTCGCCGGGTAGGTACGATCTCTATATTGAGCCTGCCTTTGCATGCCGCGTAGGTGAGTAACATCGGTGGGAGCGGTTTTTCAAACGTTTTAAAGAGTTACGCATGGAGTGAGAACTCCCCGTGGAGACATATGCCTCATTGCCAGCCCCTGACGTGGAGAAGCCGCTGTCTAGCAGGGTGCGTATGCACTTACCAACGGCCGTCTTTTGCGATTACCGACTCACTCTTTTTTACTGTAGTTTCGCCATCTGTTTTTGAGCTAATTGGATAGTCTTATAGCTAGATTTACGTGTAGAGCTTCAGCATGCGGAAGTAGGTGACGCTTTGGAATCTAGTATTGCGTCTAGCTTATCCCGCTCATTAAGCGACCTTTTTTAGAGCATACTTCTGCGGAGTGATCGTTTAGTCTCAGTTGACGGACATTAGCTGGGGCGCGCCTTTGGACAAACGATCGCCCGGCGTACAGTAGTGTAAAGCGTATTCCCAGCAAGGGCTTCAGTCCTAAAATAATGAGGTGACGACCTAGAGGAAAATATCTCCACAAGCTGGGTGAGACTATTATATCACTGCGGCTGCTTGCCGTATTATCGACGAAGATGACCGATCATAGATGCACCCAATTAGTGTGCCTGACCCAGTCGGTGGTCACTGGGTTACTCTATGGTGGCTGTTACGGTCGTTTGTCTTCGCCTGCAAATAGTAGTATCTAGGTTCGTTACTACAGAGGTCATTCGCCTTCCTCCGACCCATAAACTACAATGCAATGTTCAGTAAGGCCTGCTTGGCTTGTAGAGATTAACATCGCGCAACCATGTACGCAGCAGTGCTGTGGGTGAGTGTATTCGAATGGTAACGCGGATGAGATGTTGCCTTTTTGCGGGAGAATACACAAATGTCCGATCTTAGAAGGGCAATTCATGGCCTCGCTAACAGTATAAATACGTCACTCACCGTCCCAAATTTAACGGCACCTGCCTATTCTGCGACCCCATTCGCGCCCATCATATAACAGGTAGCTATCCTAAGATCAATGATATACCGAGGCGTTGCACTGGGTTGAAAAGCGAGAAACATACATTGCGACAACGTTGACAAGATGGTCAATAGCATTATGACAACTTAGGCACTTAACGAAGTAAATTTATTAGCTGTAAGCTATTAAGTTTCCCATAGCACCGGGGCTAAGCTGTGGAGACTAATAGTTGAACATTGATTACACTCAGCCGGTTATCCGGGCACTGCGCTACTGTTTTCGCTGACGCTCCTAGTTAAGCGGCGCGTACCAGGTTAGGGTTTTTCAACTACCCAGATGTATGTGGCGATTAGGCTTAGAGTCCGAAAATGCCTTAGGCGGGCCATCCGGGAGAAAGTTCTTTAGTACGTTGCCTCTTCCGCCGATGGCAAATCACCTTCCAGTTCTGACTACCACCGCATTTAACCAGTAATGTGTACGCTTACTGCCACGAGGCGTCGGGGATCCTATGAACCGGGCGGATAAACACTAGTGACGTATTGACCTGGCCTGAAAAGCGCAAGCTGGATAGTTAAGCCG,1917,49.24,Saccharomyces cerevisiae
SEQ_103682,GTCAAGTTTTGACGAGTCAGCTGGATCCCGACAACTGGGAGGGTCTGAATCGTCCGTCGGGCCAACACTGGAATCGGCACTACCCTCATGGCAGCTTTCAGTAGATAGGGAAAGGTTATCGGACAAACCTAGAAGGATGTCCTCCGTATTTTCAGCAGGATCTTAGGCCCTACTGCCGAATAGGCACCGCGGGATACTACCACGGACACATGACGAGCTCGTTAGTGCGCCCGGGTGTTAACGCAGTTGTCTCACTACTGGAAGGCGATTCTCGCATCTTATCCTTTCCCATATGTAAGGCCCATGCCTGTGGAAGTGACCTGTCATCGGACTAACAACAACGTGAATAAGGATCATAAGTTAGGCGCCAGGATTAACGGCCGGGGAACGGACTCGATAGTGACATTGCGGTAGGTCTGGGAAATGCCCCGGTAGTAAAGTGCAGATCACAGAATACGATAGGAGGCAAGCGAAACCACCGTTCGCGTTCGGAATTATGGAACAGTGACTAAAATATTCGATACCTTGCCGTCGGAGCCTACGTCGTCGGCAGTTTCATATACATTCTCCTCGGGGAAGAGTGAGGATAACATTTTATCTTCGGAGTGACAGCACTGTACTGTGGGTCTCACGACCGGGAAGGATTTGATGGATGCGAGTCTCTCCAGAAGTATTGTAGAAGACTTTGTAGGTACCGGTAATGATTCACGACGATCTAAAATATACCGCCTTCTAACAAACAGCTAAGTGTAGGTTCCTTATCCTACCTGGCTAGAAGGATAGATAGTACAAGTGTGAAACAGAAGCTATTACGCTGTTTAAGTAAAAAATTTAGACACGGTACCTTCGATTCCGCGCCTAGTTGATTCAAAGGGACGTGCATAAGCGGCCTCCCCTCTAAGCTAGAGGATGCGCTTGACGCCCACATCCTTCTCTTGGTAGTAGGACTGCACATCGTGAACAACTGGACCAACAAAAATGTTGCCCTGGAAGTGAAAGGTAGAGGGCGCTATGATGGTTTCAGAGACAGATCTCTATGGGAGATCGGGACGCAGGCATTCGATGTATGGCCACATTTGTAATTATCAACTTAGAGTTAATATTGCACCGACGTACCAGTCGTGCTAACAGCCCCTTTTTAATACATTATTGCGCCGCTCGTATCAACTTAAGGTCAGTGTCGCACGCATAATTACAGATGCCGGCATGGCGTGCATCGTCCAGCGGGAGATCGTGCCAGAGGTTTGAGAACTGCACACCCTACGTGATTGATGTTGTGTATACCATCCAGTCATGTCTTCCACGGAACCAACGGTAGTCCAATGTCGCACCCCGCTGAGCACGGTCTTACCTTATGTCTAGATGGTACGCTAAGGCAGGTTCTCTAATTTAGGCTGCGTTCCAACGGCGGTTGCCTCAAGGTTGTGATCTCGTCTCGCGTATCCGCGCCGTCGTCATCCAGTAGAGAAACCACCAATAATAACCACATCCGTAGATAAAAATCACCAATCTGTTACTCACCATCGGCGACCGTTAAGTTTTAGGGGTTCCGCGACTGCCTGGCAGTGGGGTGTGCAGTTGGAAAATAGGGTTC,1594,49.31,Escherichia coli
SEQ_324953,TGTTAAATCTGCAAACTCTGTTCGCCGCAGTCCGCGCCCCATGGTACGCTGGCTGGAAATGCTAGTAGTAGTGCATCTTGGGGGTGCAATGTCCCGACCATCGTTAGCTTGGACGGGGGCCCACCCATTATGGGTCAAAGATAGTCCGTCACGTTGGATGAAAACCAAGGTCGGGGTACCCACCCATGCTCCCTATGTTGTTCCGTTGTTTCGACCCATGGATGCTGCGCCCCGAACGCACAATCCCCGGCACGCAGTAGCACGAAGAGGGTTCACAAAGAATTTGCCCTGTTTCGTAGACAGCAGGGAAGACAGTATGCCCGCCCCAGAAGATCCGATTCACCCCAGGCAAGTCCGTACTGGACGGCGGGCCCCGTTATACTCTGGTTCTCCAGCTATCGGTCCAGAGCCCCAACTGTATCGGTTGGAGCGAGAGAATCTAATCGTCCGTAGGTTCAATTTACTCTAACTGTCTCTGCTCTGTCAAGAGTATATCGGAACAAGGGAAGGGGTTTTACACCGGACTAGTCAACGGTGGGTACCATTGTAAACGTTTCTAAATGGACCTTTAGCACCCGCGAGGCTGCGAACTCAACCATCGCGGCATCGTTCTGCAGTTCGGAGACTCATTGCTGGGTACCAAAAGGGTGCCATGACTTTACCTACGTGTCTTT,674,53.56,Drosophila melanogaster
SEQ_746591,CGGCCGCAGAATATCCCAATGGGAGCGTCTCCTGCACAGATCTTACAGGACGCTCGAGTCCACCAAGTCCCAACTAACAGCAACATTCAATCCTCTGTATCACCAATCCATGAGGTGAGGGACATACTCGACGGGGAGCAGTTGCAGTTCTGTGATATATCGCAGCCAGCGACCGCTTAAAGACGGGCCTCCGGTGAGGTAACGAGCTCAATGTCAGCCTCGGAAACAGAAATGGACTCCACGCTGACTAAATCGGAATGATACCGTGAAACTGCCACGTGTGGAAATCACTACAGTCAGCTTGTTTTTCATCCGATCTCAGGCTAAAACGGTACCCAGTGCGGCCAGACAGTCCATCTCGGCATAGGGATAGTAGTAGCCATTTAATACAGTTGAGTGATTCGATCTGAACCACCCCGAGCGGTCCCAGAGTCTGAAAGCTATCCGCTTCACACGTATTTTCCCACCTGAACATAGCGACACCGCTACCGCAGAACAAACATGGGCTGCATCGGTAGGACGAGGTGCTGTGATGTTCAAAAGGGTACAGCGTACTGTCAGATCGAAGCCGTTGCTTTTGGTCCAAACACGGCAAGGTGGTAGGGGCA,608,51.97,Homo sapiens
SEQ_897028,ATGCGACGACATATTGGTGGTGGCTGCTAGATTCAATACTCGGCGTCATGAAACTGTTGTTGGTGTAACGGTAAACTAAACTTTCTAGTCCATCCGTGAGACCGCTTAAGCCTTCGCGTGAGTCAAGAGTATAAGACATCTCCCAAGGGTCAGTATGGGTAGGAGAAGCGTTGGTCCAGAAGTTGCCACCTATACCATCCCATGCTTGCCTTATCAAGGAATGTTGCAAATCACACTCGGGTCCTGCTGTGGCGGGGGACATTACAGCCAGATCTGACTCCACTGGTGTAACAAAATACGGCGTAACGGAAGCCGTCTCTTTAAATGGTGCAAGGAACTTTGTGCAAAACGGGCCATCATGAGGCGTTATATGGACCTAGGTTACTGGCTTCGCATTCCCGAGGCAACAGGGCCCTTATATGTGTCACATTTTCTATTTGAGTAGCACTACGTGTATATAACCACGAGTCCTGTGCATGACTGAACTTCTGAATCTGGAGTATGCGTGCCAACTTGGTGGAATTTTCACCCTACAGGACCAGGTGCTTGCTACGGTCGCCGGCTTCGTTGTCCCCCGGGGTCACGGACACCATAACAGCGCTGGATAGGACGCAATAGAGTGATCTATGAAACGCCGTTGCCTCTTCCTGTGCTAGGCGATGATTTTGGCACGGAATCCGAGAGATGACATGCCGTCTGCGTTACGAATCCCGCACAGTTTTGTCCCCTCGCTCAAAGGAACGTGACGCGGCACTGCGGATTTCGCCGAGAAATTGCTTGCTCGCTTCATGGGATATACAAACTACGCGGGCGCATGCCAGTTATCTTGGTGTGACTTTTTTCATTTCCTACTTGTATATTTGCGTAATCTAACGGGCGGTCCTACCACTGGTGCCCCCCTCGCTCTGCTCCCACGCACTACCTTTCAGATTGATGCTTAAGGTAGGTTTTTGGCCACAATCTCGTCGACCGTCCGGCATAAGGGCTCTCAATTAGGCCTCCGTATAATCTCTGAGTGACGCACGGAACAGCGCGTTGATCCCACGCTCGCCACCGGAAAGACTTTGCTGTTACTTCAGAGACTTAGACTATGTGTACATCTTGGGCGTGACTGATCGTTTTGACGAGGTGCAGCAGCCTCGGGTATAATAAACGTTGGTGGACTACCTAGACCGCAGCTTCTAATTATCCCCGTATAACGTTCGCCTGGTCACTTCGATTCTTCCGAGTCGATCGCGGTACCATGAACAAAGATACGGGTAGAACGGAGGTTTCCTAGTTATACTCTGCGGTTGTGGCTCCCGACCGCGCTGATAAATCGCAGCAAGTGTTGCTTAAATAGCTGCCGGC,1350,50.74,Arabidopsis thaliana
SEQ_521923,AGCTGAAACCGCGTAACGGCGAATGCACTTGCCTGCATGGTAGTTATCCGATACAAACGACTTACTGCGTAGATAGACTATAGGGGCATAACCAATCACGAAGGGGAAGTTTAACCTACCCGTTATGTATAGGTCATAGGTAGCGAACCCTAAACGTGTTCACGAATCATCGTGTGAATCTCGTCAAATCCACGCTCTCACTGATAAAGGGACGCGAGGACCTAGCAGTGTGATGTCCGGCTTGGTCCTCTTACTAGGTTATGCAAGTGTAGGTGGCCGTGGAAACTCTACCCTATCCTAGAAGGACGTTTTGTGGGTGGCACGTAGTGGACGTACGGAGCCTCTCGGTGATGTAGCGTTCTTTTGTCTGATGTTAGCTGTCTACAGACTCAATGTGCAGAGGGCGATCGTCAAGGTAGGAGAGACTTATTCAAACCTCTTATTCAGGCTACTCTTCGCCTCTTACACGGGATGTCCCCACTAATTAGACAAGTATCGGTTGCCGTCGCCAAAAGGACGCCTCAGGGTGTACCGTAGATAACAGAGTCTGATTCCGGCTGAGTGGAGACAGGACTAGAATTCAAGAAAATCTCCATCCTGTTAGGGGTGAGGATGATCCAGGTCATACGAATGCTTTCTCCGCAATGCCAACACGAGCCGGGCAAATCACGATTCGTGAATACCTCACCAAATGACTAAGGCCTACTCTGACTGGGTACTTCACCCACTTACGTTATCCCACACGTGCTGAATTTCACTGGTTTCTGCGCTCCCTTCGATGATGATAGACGACATGGGACCTCTCACATCTCGTATGCGAACGCTCCACTTTATCCTTCCTCCTCTTCCGCCCCTCCCTTCCTTGACCTGAGCAATTCGGATAGTGTACGTTGCCAGCAGATGCCAAGATGTGCTATGAGCAAATGCTCCAAGTCTGTTCCCCGGTGGCTGGAGTCCAGCGCGTGGCACTATTCTCAACTCAAGCCCGCCTAAAACAGCATGCCCCTAACTGAGGACTAGCGGTCTATGTTTTTAGGTAACTGCACCGTCGACCTACTTGTGTCTGTTTAGATAAGTTGCAGCGCGTATACCCCCCGATAGCTATTGTTACCGAGGCTAGGTTATGTCCGATACCCTATCCTACCCATTACAGTCGATACGAAAGTTCCCTTTACTTCGAGAGAGCAGTATTCTCACATGCGGTAATCGTCTTTTGAACTTAAAAAGGGAGTCATTTCTCGAGAGCTTTCGTCAACTATAATCTTGAGATCATCGACGCGTAATCATAATAACTCCTAGAAGGGAGAGAGCGCTACCCTGTAACTTTGCGAAAGATTGCCCACTATTAAAATTAGTAGGATCGATTCGTCAGAGCAAACGACATGCTTTCTTGGCTCCACCCCTAAAATACGATCGCCCAAAATCAGGCGACAGCCTGTGGGCAGAATTCAGCGACCTGCTATGGCCAGTCAATAGGGCGTATCTCGGTTTAAGAGTAGCTGCAGACTCTTGCCTTAACAAGACGGTGAAGTTGACGGCGGGTCAACTTAGTATCCGATCCAACCTCCAGGTCGTTGCATTATCGCGTCGAAAGGCCCGTACAACAAGAAGGCTACGCAGCGGACAGAGATCTCTCCCTGCACGATTTCTCGAATTGAGGAAGCTGCCATATGATTCTATGCGGGATAGCTCAAGTAGTGGTCTTGCTTTGGTCTAAGGGGGAAAAGAGGACGTCCCCCTGCGAGGAAGCACGCGGTGTCGCTCACCGGTATCCGTCGGGGATTTCGGAGTATCCGTAGGTTGGGTTCCATCGCAAGTAATAATTGGCGTTGGCCCCCCCTAGTGGTACATATCCCTTTGTCCGTTTGGTTGAAAAGAACGGTCTTGCATTTCGCCTAAAAAGCTACGTGGACCGATACTGACGATATATATGCTTGTGCAATCTGACAACGAGCCACCA,1960,49.44,Drosophila melanogaster
SEQ_855582,GAATCGAGTGGTCCACGAAAGGTCAATCAGATTATTTCTCGACTCCTAATCTAATCCACACGAATCTGATCCCGAAGACGATTGTGAGTATGTCAGCAAAAGCTCACCAGAGGGCGATTGGTTCTCGTTCCAACACGCACGCAGTAATAGCAAGAACCTCACTTAGCTAGGTTTACCCGCGACTTATCGTCTATGCAATGGTCACCATCGTAATACGCACCCCCTAGGCTTTAGAGCGCTTAGGGAGATCTCTGCGTAGAGCGTAAATTCTTTATGGTATCGTCGGAAAGATCATATGGCTGTTGTGGGTATGGGTCGGGCGACCATTCTTTGGCTTCACCGGTCGCTTCGTCGTAGCGTCTGGGCATAGGTTACTTGACGTCGCAGTGCACGGTGCGCACGCGTAAGTACTACACTGCCAGGGGGGCGCAGAAACTGATACCACCCCCCCGGCCTGAGGCCAGAGCATATGGATATTGTGCGAGCTTCAGCCCAGTCCCAGAATCATACAAACACGGGTGACAGCCCGATCGAACTTTACCGTTAATTAGATAAACTAACGATTTTATACTAACGTTTGCCGTGTTGATGTTAGGGCACCAACGCCGGTTGGGTACTCGGTTATACACATGGATCCTGAATCCATGTGCAGGAATAGTTGGAGCGCTGTGGAGCTTATTTCCCAATCATGTTATCACGCCCCGTTAATGCAGCATCACTACAGAAACTGTCACTGTGAAATAATCAAGAGCTACTGTATAACCCTCAATAAGGAAGCGTGGTAGCAGCTTCTAGACGAACGTGTTTGGAGGCTGCCACCCAGCCAGATGGCTGGTCCGTCGCGACTTCGATAACGGGTAAGACCTACTAGCCGCCTCCAGGGTTTCGTTAGTCCATTCTCTTCGTTTAGGCAGTCGGCTGACCGAGATCTCTGGACCATTTCCTTTGCGCCGGACGACTCCTAGGTCCCTCTTGTAAACCAGCAAAAGGCGTTAGTGCCTGTCTCGTGGGAGCCTGTGACGAAAAGGCCGTGGGTTGCCAGACGCCTGCCGAACACA,1058,51.23,Arabidopsis thaliana
SEQ_961334,AAATGGTAAACGCAATCTGTGAAATCTACTCAGGTTACTTGCTGCTGGTACGTCTGATACACGAGCGTTGCTTAGACCTTAGCCGCGCATCGGACACCGATCGAGTGGCTGATGACTACAATTTGCGTATTCCATCACCCCCTTGTTGACGATGTGCGTAACCATAGAACTTTATTACGGCATCGTAATTGAATGCCTGCTATCTAAGACTAGCGTGTAGCCGGCAGCTATCTATGGTTTGCGCTCCATACGTTGGTACCGACTTCATGTTCTGCCAACCGTAGGAGCGCAGGTGTTCGCTTGCTGATGCGCTTAACCGCTGTCTACCTATGAGTAGTTTTCAGCTGTATTAGCATCACATTAGTTTCCACCGCACACAGTTTCTAACCTGAAGCCCCACTTCAGCCCATTTTCTTCCGACAGACCTGTGCTCGACGTGGCCTTATAGCGCGGTGAGACGACGATAAGGCACGCTATTTCTCCACACGTCTCGAAGCGAAAAGACTAGTCGTGTATGCCCGCACTGCCTAATGGGATAGTTTGGGACAAACTCCACAGGACGTACGCGAGCTACGGCCATGTTATGTGACCAATGTCTGTTTACAATGCGCGTCACGCCCACTTGTTGGAACGATGCGTAGGATTGCTAGCCAGGCCTAAGGCACCCTATCGCGAGAAACGCTCTCCCTCTGAATGCGCTGGTCCCAATGGCAGCCTACGACTTTAGAATGTTAAATGATACAGGGTTAGTTTTTCCTATGAAGGCTTCGTCCAGCCGCAAACTGCCATAGGTTCTCCCAAGACGCTCGATCTATAGTGTGGTGCAAGTGCCAGTCCATAACAAGGAAGATGCGCTCCACCACTTCGCCACACACACGCTCAACAGTACAAACCAGAGACTGCCCAGTAGGCAACAGGTGCGCGGAGTGATGACCGTAAGAACCACAGCCGTCACATTGACGATATCAAAATGTGAAGACTGGTTCGGGTACTCTGGAGATCCAATTACGCGAGAGTTGTGCATAACCTCGAGAAAGTAGTAGGACTCCATCAATCGCTAAGGACGCTACCCCTGAGCGATGCGGTGTCGTTTTGGTCAGATACGTCTCCAAACAATACCCGAAGGTAAGTTGTCGGTACGGTAGGTACGTACGTCTGTCAGTTCGGAATTTCCTTTGGGGCGGGTAGGAAGCGTGACCTACTGCGTTCAGCGCGGTACACTAATACCGACGGTGTCATTTTTAATGCGGCGCAGCTTGAAGGAGCGATCCAGGTCCTGAAACCGGGGCACCAAGATGACCATAAATCATGATGAATCGATGAACGGCAGTCTACGCTCTCCGTGAAATAAGACTAACGGCCGTACCAAGTCCGCTGGCCATCGATTTGCCCCTACTACGGTAATAGAGGGTTGGATAAGTTATGCATCATCGGAACCAGGGCCGGCAACTCTCAATTTGTAGTCCGCAGGGTTTGTAGTAAATGTATGGGACAGGCGGACTATTTTCCTTACTGGGCGCGCACGACGCTCGACGCACATTGACCAGAAATTTACGAGAATCGGCC,1566,50.77,Mus musculus
SEQ_185081,TCTTTTAATCTGGCGTCGACTTCGTAAGTTAGAGTTCGAGGATTTCTAACGGTGCTCTGTAAGGCCGAACGTCCGTTATCGAGCCCAAACCTCGGTTCATCGACACGAAAATATGAGGCTGTATGGACACTGGTCACATTGTTAACCTGCCGTAGGGGAAGTTCATATGTACGAAGCACGAGTCCGAGCGGGACCAGTGCCCGTGTACAAATCATAATTGGTTCCATGGTTACTGGAGAGATTTACTCGATGCCTCCCTCAAACTCTAAGTCACGGCTGCAGGCGGGCGCTGAGGCACGACCAAGACGATATCCCCCCCATACCAAATGCATAGCGCAACAGGTACATCCGTGCGAAATGAGTAATCATTTACCTCAGCGCACCAGTTGACACGTAGGCATACCAAGCATGGTGGAGGAGGACGTTAATCTAATTTGGTCTTGACGAAGGACTCCGGGTAAGAATGACTCCCGATGCGAGCAGCCTCCACTAAGTTTGGGCGAGGAGGCGTCACACCCCTAAGTCCATAGTACCGTGAAATACCCTAAATCATCCAGTTTCAGACTTATGCGAATTTGTAGGAATCCACGCGTCGATCTATGCAGCAAATTAATAAGCAAGGATAGAAGCCTCACAGTCTATATAATGCCTGACCGGATGTCGATGAAGGCTGCATACCCGCTAAATCCCAGGTTATCAAAATTCGACGGTCAGCTCTAACAGCGCAAGCACTGCCTGCCACGCTGAATTAATAAGACTTAGCAACCCGTTTCGGGCCGGGCATCTACCAGCCTCTGTGGCAGTACGATGCCGAATCCAGTCTGCTGAAGACCATTCGAAGACCACCTGTAGGCGGAGTCTCTTGCCAGAAGAGGAAACCCGGCAACCAACCGCTGCAACTGAGACTCTCACAAAGGCAATAGACAAGTAGCACTCCGATGAGAGTGCGTTTATGTCTGTCAGTCGTAACGCGGGACTCTTGGGCGCATAATCCAAAGACAAGTTCAATAACCGATAATATTCCCCCTTATACTCTAAGTGGACGGACAGCGTGATGGTCTACCCTGTTAACACTCGAGTCTCGATGTCTCAAGATAAATGGACCCATAATCCAGCAACCTCCATGGTTGGACCGAGAGCTCTCTACGCCTAGTGTGGTTCCGTCAGGCACAACTCGCAAATGCAGAGATCCGTGACAGAGCTCCACGCTGAACTAAGAGGGTGCTAGACAAAGATTTATGGTCCGAGCCCAAGAGATAGGTTCATCTTATGTATGCGCCCCCCCATCGTAATTCTTAACGTTCCCCCGATAGAAGGATGCATTAGACGCCCGATAGGTAAGGGATGTTGTGGTTAAAGTGGCCAGCTTGTGTGGCCCCTTCCAGGCTAGAGGCGGACGTTCATAATCTTTAAGTGCCACCTG,1423,50.18,Escherichia coli
SEQ_140641,TAGGTATCAAGCCGACTCAACTGCTAGATGGGCTTATGACCGGGCTGTGGTCGTGGTGAAGTCTGCTTCTGACCGACCCCTATCGAATCGCCTCTGGGGGCAACTCGTGGCACACGCTACTAAGACGACTGTACATACATGTTAGATCTGAAAGTACCATCGGTTATAAACACGACTAAGTCCGTCCACATTGCATAGCAATGGCAGAG,209,50.72,Drosophila melanogaster
SEQ_311561,GTAGTTTACAATACGGTGTGCTGTGTCACATTCGTGACTCTTGATCCGACACGGAGTCTAGTCAATGCATGTAGCGCGTCCCCGGTTTCCGCGTGCGAACCACGCAGAATGCTATCCATTCGCTTATGAAATTCGTGTGGCTGAGACATGTCCTCCCACGACCGGCGGACAAGAACAGCCCTTCCAAATACCTAGCTTACCAAGTTTTGGGCACGCAATAGCATATGTAAAACCTACACGAGCTTGTCACGAAAGCACCAACCCGCCTAATGGACTGACCACACGTGGGGCAAAAGTGTCTGTTTTTCATTAGTCAGATCCTTCGCTAAAAACGGATGCTACGGACGAACACCCAAATCGTCTCTCCCCTCACACACCTTCTCAGAACATGCATCGTCTATTAGCCCCTTCCCCACCTGGAGGAGGGCATGTCTTCTTGGTGCTTACTTTGTTGTACTCTAGGCAGACGGTTAGTGAAGTGAGCCATGGACCTCTGGTCACCGAACCGGCAGAGCATAAGCCAGATGCGACCACCGATTCCCGGACCCTCCATCACAGAACTTGCCGACCTTTGGGGTTGCAAAGGACACGCTACAGTAGGCAAGGGCAGTTGCGAAATCGCGACCTTGCGCACACAGCGGACTCGTGCATAAACGAAACAATATTCACCCGATATGTTCGATTATGAAACAGAGGCTTCTGGAGTCCCTGCGAACGACCGGCCCAGCCGTAAAGCTATCTTTAGTGTACTTTGCCCAACCATAGCGCACCTCGCAGCTTAACGGTCCGGTAACAAGCGACGATCTTCCAATCGTGCCGATGTGATGCGTGAGTGAGAAGGTCCCCACTTAGATCCAACGGCAGGCCGTCCAATTGCCTCCAGGTCCTCTGTGGCCCCACTGCCACACTTTGAGTCTTGACGAACATACTAGAGGAAGATCCGAACAGGGTCGTTCCAAGACTTCATTAAGAAATCGCAGCTACTAATAGCGAGTATTCCTTATTACTCTCTAAAATCTCTTTGTTCCCTAGAGTCTGAGTAAACTCCGGGAGCGGACAGGTAGTTAACCGATGTACACGCGGCCATAACTGTCTGCCCGGCTCTCTAGTCTCCAAACTGCGGTTCACGTGGGGGTCCCACCTTGTTCGGATTCGTTCGCACACGTAATTGCTGTGATCCACCAACTGTCCGTGTATGTCGCCCATACGACCACAACCCCCCCGCTGCGGGTGTTAGTTGCAGCGAAGGACCAATGGCGTTGAAATATGAAGATATTTAGAGGTTAGTTGCCGGAGGAATCTTTGAAAAGTCTAGAAATCTACCCAGTCAGGGGGAGCAGAGTGTTAATGTTTACGCAAGAATGCCAGGGCGAAGCCACAATTCAGTTAACTGATTGTTCTACTCTCGAAACACGACATGGAAACGCCGTTAATCTCGAGCGACACATTCACATGTAGTCGGGCAACGCTTGATCTTGTTGGTGCTCGCCGGATCGGACTTCAGGCCGGGGCCGGGTGTATGACGCAAGTACATTATTAGGGGTCGCCTTATCTGATCTCACATTTGGACCCTATGGTAAAAACCGGGACCGAACTCGCCCATTAGCGCCAGCAACCAAGGTAGCAACACACGAGCGGTTAAGTCAGTTTTATCCGTGCACCATCAAGCTGACAGTACATGCAACAAAAGCCCGACAGCACCTAGCGCGTGTTCAACAGTCAAACCCTATGCTATTCAGTCTACCGACAGACTACCCTGAGGGAGGGCTTCCCATGTTCCCCCTATTGCGATAGCTATTGGCTTCGCACACTGCCAAGCCAGCCGAGAGGACATTCGACGTCCGCCTTTCGAACTATCTTTGGTGTCGCTTGGTAAATCTGACGGGG,1887,51.62,Caenorhabditis elegans
SEQ_638672,CAGAATGTCGAGGGTTGTGTTCTAGAGCCAATGATGAACACAAGGGAAGTGCTTTGTGTTACATCACATTTCGTATGTCGAACATGAGCGCCGCGGGGGCCGGTCCAAGAGACCATGAGCAGGATTGCACCATCGGTCGACTTTCCAAAACAATCCGCGTCCGTTTGGGCTTTAAGGACGAGGTGTCGGAGCCATTACTTGATCAGTGATCTCTGTTGCTTACAGCCCCTTAAACAATGTATTACATAACTTACACGGGCGTCTGGTTGGGTATCGCCCAATGAAGTCAATCTCGCTGGGCTTATAATCTAAGGAAATAGAACGCTGGCCCTTGTAATAGCCCACGTTCTACACCATGGCTATTGTACTAGTGTTTCCAGGAGGGAATGATCGCTCGTACGCGGGGCTGACTCCTATAGCCGGCTACTGCTGTATTGAGTAATGGACTTACTCGACTCGAACCAGGCTGTCCGAATTGACTATCCGGATGGTCACAAGAACGCACCCCCCTGGCGTGGTGAACGCCATTTTTCACTGTGGGAATCCTTATGGTCGTGCTTGATTTGAGCTGCGTCGATTGTAACCCTCGGTTTCGCCCTATGTAACTGGGTCAGGCTGCAACCAAACGAGTAATGAACGCG,641,50.39,Escherichia coli
SEQ_282762,TGGGCGGTATTAGGTGCACGACAGGAGCTATGGCACGTGTCAGGAGGGGTCCCCAATCATTGGCGGAAATAACGATATTGAAATATAACTGTCGAGTGTCTTTGTGCTGAACTTCATAACGCATGACATTTTGCACCCCACCGGGGGGACCTTGTTTACCCGCCGGCATGGCAGCAGTCCTGTATTCCGAGAGCGTACAGACGCTAATACAGAGGAATACCTCCTCCGTTATAGTAGTCTCTTCACATTCTAATCCTTCACCTTCCTCTTTTGATCCCACCACAGAGCAGAGTACATATAATGAGAGGAGCCCTACTATTACCGACTCCCGCCCTGTCATCTCCCTAAATGTTTTGGGGCCATTAATTATGACACATAGGTCAAGATGTTCTTATCTAGCGAGCATTCGGAGCAGCCAGCTCCCCCCAATTAACGTTTAGAAGGGACATGAAAGAAGCCTATTTGGTTATGGGTCCAACATTCGCACCAAGATTGTGAACTTCACCGGGCTATGAACCTCTCACAGTTGGGCCTTAAAGTGCAATACGACTATTCTTTCCGTAGGGAGAGGTGTGTGTTAATAACGCGTAAGACGTTTGAGCAATAGTTATTCCGGCTTCTCAATGTGTACTATAAGGTAGGTCCGTCCGAGGTCTGAACGGCACGATAAACTGCAGTATGGATTTACCATCCCGCGCCAAAGCTCCAGGTGTCTGATACCCCCAAAGGTGCTTGTACACCCAAATAAAGAGAAGTGAACGCAGCAGCCGATCGGAGTTTGTGGGGGCTCTCCTTATCGGTGTTCAAGGCCTAGAGCCCTGGATAAATCTCAACCGTGCGTGGTGAGAGAGGTTCAGTGGACTTGAATGTATTTCGGAGGCACAGTGCGTGCAAGCATCCGATTATGGTTAATGGCAGCGTAGGTGAGGTAAATGGGCGGCAGAAGCGGGGTGGAAGTGAGCCATGAAACAAGACTCTCTGACCCGCCAGTAAGATGTTTCGGTACGGAACTGGATAACGTTCCGAGTTTCCGCCCAGTATCTACAGTGGGGATCCGTATGTGGAAAACCTAGTGGTCCCACGTGCTTAGTCTCAGAATTAGGATTTGAGTAGGTATATTGGCACCTCAACAACAGAGACGTAGCTACTTTGACCACGTTTCACTGACGCACGTACCTAGTGGTACCCGAGCAATTAGAGAGTTAGTCGGGAGTCACAGGATCTGCGCGAAGACTTGACTATCTAGCCCTGAAACAAAACTATCTAGAGCAAAGTACGGCACGGTGGTCTAACGCACTTAAGTTATTAGAGCAAGGAGCCTTCGGTACCCCGCCAATCGTCCCCATCAATGCGTAATCCACGGACTTGTGGGCGAAAAACTTACAGCATAAAATTCCGATGTAAGACTACTCACAGAGGGTATACACTCTGACTCTCCAAGCTGTAGTCACGGTATCCCCCGTTAAGTGGCCGTCCGGAACCTTGATCCTCTTAGCAGCTTACGCGCAAATGCACAGTTATCCCAGTGGATCAGGAGAGTACTGGAGCTGGTGCCTTGGGGCCAATAATGTAAATAATAGACAGCGGATCATATCTCGATTGTGCCGTTTCGTACGGGTTCTAAATTTGCACGGTACGGCCTGTCCCCATATTTTATAACGGCTGCATCATTGCCGAATATATCAGGAGTCCGATACAGACGGGTTATCACATGACGTTTACACATCAGACAGGATCATACGGCTATAGATCTCAGGACACGTACGAGGAACACATTCGGGGAGACACTTAGTTGGGCGCGACTTGTTCGTTCGTTTTTCTAGTAGTAAATTATCGTCGAGAAAATCGACTAGGTGTCTTACATGCAATATGCTAGTCCATGAGAGGTGATTGCATAAGGCTACGTTGACCACAACTATTATGCAGGTCGTTATAAAACCGTCGTACA,1948,48.25,Drosophila melanogaster
SEQ_306267,AAACCATAAGTGCTGCCAGAGCTTTCATTAAAGAAATTGGCGCTTGTGTATAAGACAATGAGAGTTGCGTCGGTAATGCCGTCAAGAGCTTCTTCTTAGAGGCGGTCGGAATGGTTACTCACGACCCGATGGTTGTGATCGATAAGGCTGGGGAACGCTGTCGCTCTCCGCATTCGCTGGCCCTAGTTGTACGCCTCCTGGACATGATGATTAGGAGTGCTCTACATCCGTATCGTGGTTTCTTTCCTGTTCCCCAAGAGTGGAGTGCTGCGTGTTCAAATTTGCCTGGAATTTCTGGGTCGCTGGATCGCAAGCTGGATGGGGTCACGGGATATAGTCGAGGTCACTCGGTCCCCTGATCTGGTCCTTCAACGATGTGCCTTGTGTCTGAACACTTGTTAAGAATAACTGGGTATTCTGAATTAAAGCGACTAACCTACCACATCAGAAGCGGAACACTACTGGGGGGTGGAGAAGCATTCATCGTTCGTGCGCTCGCATCCTTAAACACCTAATGCGGGCGGCATAGGCTTTAGACATTTGGTCGAAAAACAACTTCATATCCAGACGCGATGCCCTTAATGGCGTGGTTAGGGCGCGTAGCCCAGACCTTGACTTTACCGGCTGACTTCCGGATCCAAGTAAAAGTACTTGTTAATTATCTACGGCTCCGCACAAGCTCAAAACCGCAGTCTTGGCAGAACGATTGGCCTTATCAAGTTGTTCCATGTGGTGATCTAATACAGCGCGAGAGCTTGGATTCGATGTAACGCGCTAGAGCTAAAGTAGTCAGCCCTCTGTACGATGTTTGCAGGGAGCCGCCCGGACCGAGACTGTGCCTACGAGAGGAAAATCCTTCTTCCAATTATCACGCCAATCTAAACGCTTCGATGATTTGTGGTTCAGACCGGGGGGCATCACCCGTCTTGAGGACTGGGCGGTCTAGGAATCATTTGTCGCGTTCCTGTAGGGGATCTCGCTAGCATGACCAGTTTTACATTATCACGGCGGCCCTGCATCTTTCCGCAGCGCTTTGGTAATAGTACCCCTAACTCTTGAGTACTCTATCTCGTATCTTTCTAAGAGACGTGTCAAGAAGCGGGCGAAACCAAAGCTTATTTGTCCCCCGATGGTCGAGTATTGCAAAATTCCATCAGGTAAAGCGACCCTCGACCGTCAACGTGTTTGGTGCCGCGCTTAGACGGGAAGCTAAGGACCGGAAAAGCATACCGGTTCCTTATCAATTGTGCACTATTCGATGTTCCCCTTGCAGAACTTGCATCTA,1285,50.04,Mus musculus
SEQ_586998,TGGAACAAATACCAAAGGTTAGACCCCCCGTGAGCCACAGGTAGCACAGAAGGTTGTTTTGCTCGCGTTGCATGCGGATAGGAATGGTGCCTATCAAGTATTGTGATAGGACATTCAATGACTGATCGTCGAAGGCCAGAGCGGGGAACTGGTGTGGACCTTGGCGTGGGCAGCATCGAGATCCGTTTGGCCCGAAGTCACCGTTTTCATCAGAGGATAGTCCCGGGGAGCCTAGTCGCCGGGATCACTACTCCTCCGACCCGGTGGATTCCCAACTTTTGGGAATGCCTTTAGTAGTGACGAATGCTTATTTCCACTATCTGATTAGAGCAGTAGCCATCGGGGCACCTAACGAATTTATCTCATTTACTCGTATTAAGTAACCCTGCATGCGGGAAGGGTGGCGGAGCGACGGCTACCTCTCCAACTTATTATACGCGGTTGGCGACAGCTCATCGCAAGGAGAAACAATAGAAGCCCCATCAAACGCCCAAAGACGCGCTACGTTCGGATTGTTAAATTCTCTTGCTTCTCCGTGTGTCTTCCTTCAAGATGATAGTTCCGTCGACAAGCGGACACACATTCTAGAAGGGCCTGGGGGCCGCCACCATTCTTGCTCATCAGAGCTAGGGTAAGCGAGTTTTGGGCATACACATCGCCTTGTGACGCGTCCAATTAGGGACATCGCTGAGTGCGGCAGTGTCATCCGAATTAATTGAAGTCAAAGGAACACGCAAATCTCCAGCCAGAAGCCCTGCAGTTGGATGCACCAGGTTGCCAATGTTGTTACAGCGCCCCCGGGCATGCGGATATTCCACAAGCTCATGGGAAGCATGTGTGTCCGAAGTTATGAGCGATTGGAGTTGGAGCTGTTTGTAAAGGTACAATGTCTTCTTTAGACGTTTTGTAAAGAGAAGGCAACATTTTTCCGTCGAATGACGTTTACTCAGTAGCCACTCGGAATGAAGCCCCATGCATACACAGGCGGGGTTGTAATGTCCAATATACTTACAAAGAAAGCAACGGAAAGTAGGACAAATCATAGATCCAAGCAAAGCACGAGCACTCGATCAAACGAGTTTGCAACATGAGTCGATGCATCTGCCATAGCGCGATAACGGGACATTTATACGGCTGTCCTTATAAACGCCGGGCACGCGGGACTCCGCGCCACGACAACCCATGCCACCACCCGGGAACGGTTGCGAACTATCACCTCCGGCAGTGGATCGCGTACTATTACTAGAGCGTATTTAACTTGTCGACGGAGTGGATCAACGCGCCTACATGAGCCGTCTGCATCCCTTCGACACAGTCGATTCGGTATGATCTCATGACTCGCAGTCGCGTCGATTCTCATACCTCCTGACTCGTTCTTGTCGCCAGACAGACGCTTGTAATGCGTCTTGAGAGCATGGTTTGCTGCGTAAGCGGGTCACTTCAAACTGGCGAAGTCTAGGTGCCAATTGAACCAAGGCTCTGACCTGGTTGACCGTTGTATGACGTGTTTGCCGTTACGAGGGTGTCCATCCCAACTTCACACCGAGTGATAAATCACTGTCCTCCGCTATGCTAGAAGGCACCGTATTGCCGCGTTGAGTTCAAAGTACTCACTTGATTGGTTTGTGAATACGACACGTTAGATTTTCCATCTAACGAGTCGTGCGAATGATTTGTGATGTTTTAGCACCGTTTCGTGAAATATTTAGCGTCGTGAGTCATTTGTTATATACGTTGTCACCATGATAGTAACGAATCAGTGCTGGGTTGTTTGGTTTGTACTAAAGGTCAGTGGTTCGCGACTTACAGCCAACAGTTCGTCTCCGGCTTCCTAGGACCATGC,1843,50.03,Arabidopsis thaliana
SEQ_280574,CGATACTCAAAACCGCCTTCGCGCTGAAGGTTTACAATCTGAGAATCTTGTAGTGATACTGCGCTGGTTTTAAAACTTGGTAATACTAAAGCGTACTGACAGGCTCAGGTGATAGTGGAGCAACGGGGCGGAAGCCGTCTCCTTGTGTACAGAGAGCTACAGCAGCGTGGTATCTCAGTGGGAACAGCTCCGTTCGATTCTTATGCGCTGAACACTATAATATCTTGCACATCGTCGAGCGCACCAGTTACTCGTCCGCCGTGGTCCATAAGAGGCCCGGATAATTACTGTTTGGGTTGCGGGGAAGGAATGAATCGGTGATGCTGGGGTGTAGCTCACAACCTCCTTACTATCTTCCCGGCGGCGTGCGTGCAGAAACTCGTTTTTTGAACTGCTTGTCCAGTCATGTCCCGCCCCATAACATTATACTACTCTCAGCTACAAATATAACACCCGGGAGTTTGTGATTACATAAGTGTGGGGATCACGTCGAATAGAACCCGGCGGTGAAGTGAGGGCTTCGGAGACCCCTTATCGGACAAGTTGAGAAGCGGGATCGAATCCATCCCTGGCCAAGTGGCGGGTATTGAGAATGACAACGGGGGATATTTGCTGGACGATGTCTGGAGTTGAAGAGGTATATGGGGTACGCAATGAAACACCCTCGTTCGACTTCTTCAAGGGCTACCGAACAGGACTCAACAGCCATGGGGCCCCTTAGGGATGCCGTAGCCATACTTGTAACCGCCAGGGGCTAACAGCTGTACTCTTACTTTATGTTGGGGTTTGCCCTCGCTTAGCCGGCTATGCTCATTGTACCTGGCGTACTACGATAACCTCCAGACCGCCTTTCGGATGTTGTACCAGTGCTTTTTATACGTGATGACTACCTTATCGTGGAGTTTCGG,908,50.77,Escherichia coli
SEQ_325700,GCTGACAGACAACTGCTTCTTCAGTCCATATCCTACGTGGTACAAGACATATTCGGCTCCCCCGTGGATCCGCCTCCCATCCTATACTCCTCTAGTCGGGAGAACAAATCATCGCCAGGAGCCGCAGGTGGCCTGATTGTCATCCGTAATTTCGTTATAGGGCTGATTCCTATGGTATCAATGCACAGAGACAAATGTCATGAATGCGGTCTTGATCCTGCGGCGGTGGTAAGGCGTTCCCGACGGATGCTATATCCCTCAGAGCATAGATAAGAGTGTCGCGGCTGCCAGTTGTAATCTTTCCGTAGCGGTATCCGCGGGATAGTATGCTAGTGGGGCCGAAAACCCGAACCACCTAAACGGAGCCATGCTGCGACCCACACCGGATATTACAAGATTATTCAATAGACGTGCAAGTTTAGAGGGCATTGTGCGTTTGAGATTAAGCCAATGTTCCACGCGATTGCCCTGCGCTTTGCGGTATGGGGGTCTAGTGCACATAGCATTGAGCCGAAGATCTATGTGTAAGGCGACTTGCAACTTCAAAAAACAGTATGACTCTATTATGAACTGGACCGCAGCGTTTATATGGTCAAATGTCCCTTACGATTACTCGTGAGGGATAATCAGCCGAACCGCTGATGGGTATACACCCTCCAATTGTTACGGAGGGCGCTGATTACACTGGCAAGATGATGAGTAATGGGCGGTGTCCCACGGTACCGTTTGACGATGAGCTCTCGGACATTTAACTGCGGACATTTCGGGAACGTTGTTAGATTTAGCTCGAGGTGGTAGCATCTAAGTTTGGCAGTCTTGAGAATACTTCCATGCGTTGGTATAATACCCTGTTCCTGCTGAAAGCAAGTTAGTCTGGTGTACACGAATGTTCTTGGCTCAGGAATTTCTCACAGTGCCGAAAGAGAACTCCCTCACGTTTCTTCAATTATAAATCGCGGAACCGTCCCGGCAGAAGGCTAATTCACGCGCTGATCATTTGTCAAAGCTCGAGCGACTCAACAGAGACTTTTTCAGAGGCCACTGCTCGTCCTTGTTGAGGCAGGTTCACGCAGAATGTAGATTAAACGTCATCCCGTACCCGCTTGTAATCTCTAATGAATTAAGAAAATGTTGTCCTAATAACAATCCTGGACACCGTGTTGTTGCTCTGGGGACATGTTAACCGTACAGTCTATCCATGATGAGACTCCATTAGCAGCTCCCTTCTCATTGTAGACCACCCATAAATTTCTTGTATCTTCGCAGGATGTATTAAGATATCCTATGGTTGAACTTATCGGGCCTTCGTACGGCCGTGTAGGAGCAAAATACTGGAGGAGAACACACGGAAAGTATAAGAATGCGCAATCGATGCCCGGAGGTGACCCGGGTGAGATGCGTGGTTCAATGTTTCGATCCCAACGGGAAAAGAAGGTGCGCGCCTTCGATTAAAGTCGAACGTCTTACGCGAGATCTGGAATACCATCGATCGTCGTCACGGGTCTCTTTTGTACGTTAAGCGCTATTGTTGTCGAGGCCAGAACTGACGGTGTAGTGTGCAT,1562,48.46,Homo sapiens
SEQ_336423,GTGGGATGTATACAGTGATGCCCACGCCTAATCGGGGGGTAACCAGGGCTGCTCGCTTACATGTTTTTCGAGCGGTATGAACAGTTTCGAGCGGTAATACCTGGAAAATAACAGCTTTCCTCGCCTTCCTCAACTTTATGTCTTTCGATTTCGTGCTTATGAAGCTGTCCTAGAGCAGACTCGGTCATTAGGTATGGCCACTCGGCGCAGACGGTGGCGCTCTCATTCAGTCTGAACGGGCAAGGGAAAGCATCGCTCTAGCAGCCAAATGATAATCCTATGACTCCCGAGTTGGGACTGCGATTTGCTCAACTGATTATGATAACACACGCAGGAGGCTCATCGCTTAGCCTATTGCAAATGATGCGCGAACCAGAAATCGTTTCACAATAAGTGTAATAAAACGAGGGCATAACTTAGGTTAGTCAGCAACAGTCACGATCGACGTCGGGGCAATTTTTGCGGCTCCTCCTTATGCAGAAGTTCCTGCTCACTGCGATCAGGACTCGTAGTCAAGCCGGTGCCACCCCAGAAAAGGACCTAGTACAGCTTGACTGGATACCTTTGGAAGTGCTACACCGCAATTCAGGGAGCCCGAACGCTCTGCAGTTCCTTCACCTTTCCAAAATCCCGTAGAGGTGACCATAGGTACCTGGTCCCAACGCGGATGAGGGACGTAACAATGGTAACCGGCGTCGAGCCTCAGCTACTGATAATACGACAGCTAACAGAGTAGCTGTTCCAGCCGTACCACGACATAGTGGCACTCCCACGGATCTAGAAGGTGAGTCTAGGTTCGCTAGTGCTAGAATATACGATATTGCACCGCCTAGGCGCAGCGCCTCAAGGGAATGTCCGTCTTCAGTCGCTTTGAAAAATGGGAGTAATAAGATCTGATGCCATCGGTTCATCCTACCGATGATCATCTCCTCTCTAAGGCCCCACTTGGAGGTTGTAGCGTCCGCGGCGATAAGTCGAGTATAATGGGGCTCGAGCCAGTGGTGGGCGTGATAGCACGACTCATCGAGTCCCTTTCGTCTTCCAAGTCGGACCTAAGGTACCCCGCCCGCACGTGTCAAATTTCGATGCTAATCTTTACGATGAGTTAGTGGGATGACGAGAGGTTTCGTGCGCAGATATAACATAGCAGCCGAGTTCTCCCGAATCGTCGGCAGTGTGAGCGCTAGCAGAAAAGCGTAGTCTTGGTTGAAAACGGGGCTAATTCGACTTTGCGGACTGCGTCCAATGACTTGATGAGAGGGTAATTTACGCCTGGCTATTGTCGCGATACGACGTATTACTAAGAGTGTCCCCAGAGGTCATGGAATGAGGGACGTCTCGCGCGCAACTACCCGTTTAGGTTGGACGCACTCGGTAGGGGGTGCTGAGCGAAAATAGTCGGAACAGGAAAGAATGACTTAATGTGGTTGATCGGAGACGGCCCGAACAGGGGAAGAAAAGCGATTGTCACAACAACGGACCTACACTCGAACTCTAGGCAGCGATTAGAATCCTGATAACTTTTCGGATGCAATTGCGGTAACAGACCCGAAGCCTAGTAGGCTCCGGCATAATCGAACGACATTGGTGACAACTAGTTGTGCTATTCCGTGGACACTGCATGTGCGCACACAACGTGAACTCCTCCGGAAGATTATTCCACACAGACTGCTGGACAGTACGGGCTGATTATAACAGAGA,1701,50.91,Drosophila melanogaster
SEQ_352562,GAACCCACGCGCTAGGATGTTTCTAAGCAGATAGGTTTGGTGGCTCCAGCAAATCCTATAGTTCTAACTGTAGGCCGACTGGGTTCAGGTGTGCTCTTGATCCTTGGGCCCTTACGAGTAGGCCCTACCTAGGAGGGCTAAGAGTTGACCACGCACCGCTTAGAGAGATGTTGGACTTGAGTAACCCCTGCACTCTCCAAGTCGATAGCTGAACCTAGAGGGAAGAACAAAAGGCCAGGGTGAAATTTCTCGAGTTAAATAGATCATCATATCATACTCTCATGCAACTAAAAGAGAACCGGTTCCAGTGGTAAAAAGAAATTTACGTATAAAACTCATTGAAGCCACTCATCGCGTAAGGCCCCCGATTGAAGCACTTAACATGTACGAGGTGGACACTGAGTAGACATATAACGACATACCGTGAAAGCTCACGTCTTCGCGTAGGCGCAGAAGCGCTTTTATAAGAACCCCGTGTGATCCCAAGACGGTTACTGAAGACTCTCCCGCACAATAGAGTGCGCAGAAACCATTTATCGGTGACAGTGAACAACGTTGATATTGCCCCTCAGCATTTAAGTACGCTTCGCTCAGCTCTTGAATTCTTACAGCGGGCCTTACCCATGATCTCCCCCTATCGACCATCGCCCTAGTCCCTCCTTCCCAGATGGTTCGGATGGTCTGATCGCCCAAATATTCGCATCGAGGCCAAGGAAAGCAGTATGGCACCAAAATCCAACCATAGCACGGATATAGGAAGCATGGTACCAGTGAACGTTTCGCCCAATACGTATGTTCTCGAGCACTAGCAACTATATTATTTGTTTCACGTTCTCCGGTAGCCTACTGCAAACTATTTAGATTGGATTGCATCCGTCTCGATCGCGGCGAACGACTTTTCACGCTTAGCAGTAACCAAACTCCATGGCTCCCTTTCGCTATCCAGTGTACTGGCGCTATTACACTCTTTGATTGTAG,978,47.96,Caenorhabditis elegans
SEQ_803582,CCGATAAGCTTATCTCGCTCCAGAGTATTTGTTCTTCGCTACCGTTTCTCTCATCGGGTTCGGTTCGAGATTCCTGGTACGTACGCCGAGGAGCGGTATTGCCAGTCACGCGACCCAGGTTCTGCGTCACGGACACAGTGGGCCAAAGTGGGTGGAACCGTAACGCGCAAAACAGTAACACGAACATAAGCTGTAATTTCGCGGCCGAAGGTGAAAAGAGGTCCACTACCACGAGGGGGTCAACCCGTTAAAGGTGTATCGGAGCACAGAATAGATGAGCCCACACGTCTGTTACGCCGCGAGCAAGTGGGCTGGTGTCTTACTAGGCCCGACTGTTGCAAATGCTCCGAGTTCAAAATTTATCAATGTGCCCATTAATAATTCTCAGTAAGGATTAGCCCCGCGCTTATCAACCGTATGTAACGTCCGAGAGAGGGCCGTACAGTAGAAAGTGACAGAGGGTTCCGTCGGCCTTGGAGAACAACGGTACGCGCCCCGTGAGGCCCGCGTGACGCCCAACCTATAGGGTTGCCACACGAATCGAGAACGAGACTCATAAGTAACGCGTTAGAAGACGACTTAGGCGTCCCGGTTAGTGATCCTCCATATTGCCGTCTATTACTTAACTTCCTATAGGCGCACCATTACGCGTTGTGGGGAATGCTCAAAGGTCATACGCGCCCAGTTGGTGATGCTCTGACTGTGATACGTGCGATTAACGCTCGCATTAATTTCCCTTGCTTCTCGGGCTCCTAACCACCCAGTGCCATTACTTGCTTATGACGAATGACACCATTTAATGAAAAGCGACCGTTTCTAATCATTGATCTGCACATTCCTTGGATCTCGTTCGCTATTGCAAGAGCGGCGTGACGGTGATACGCGGTGAGGAACTCGGTCTATTAACTTGGAAATTGGGTTATCGTCTCTGGAGACGACGAGTCAACTTATAGCCACCAGGTTTCCCTGTTCCGCTACGACACCTGCTTGTTGCGCCGCCTCGTGAGGATGGTTCAAGCACA,1022,51.66,Escherichia coli
SEQ_711829,GGATATTTTATTCAAGCGTCAGCCGTTACCCGAACTTTGTACCATCAGTGTACCGTGATACGGACAACGTAAACCGCATTATAATACCGACGACGAAGAGGTAGAAGAGTCGTAAATTATCTAGAATGTAGGAAAGTCTTTTCGCTATCCAGTGTGAACCCGTGACGCATGGAGCATCGAACGTAATGTAAAACCCACATTGAACAGTCTCAACCAGGAAGCTCACCATAGACTTGAGTGAGTTCTGACGGAAGAAACATAGGCCTAGTGTGACGACAATGGTCCGGTTCTACACCACTGACGTGATTCCTCGGAGATCGTATATTGATACCTGGCCTTTTGGTATGAATCTCGTTCTTACAGTGTGTGCAGCGCATAGACACGGCGTTGCGTGGTAATTAACTTTGAGCTTGACCCTGAATCCAGATTCCTAAATCGGGAATAGGAATACCCCCTAAGACCGAAGTTAGTAGTCCTTAGCTTGTTGCACTCAGATCGGGTTGCTTAGCTTGGGTTGAGCTGTTTCCAGCAGTTGACGACGTGGATAGGAGGTGAACCAGTAAGCTTTGGCTCTCTCCACCGAGTCTTCGTTCATAAAGGGGAGAGACGAACCCAAAGGAATCTAATTGTAGTTGTAAACTCGCGCTTTCAGCGCCGAATATGGCAAGGGGTTATAACATGGATTACAAACGCTTGTTCTGTGCAGGGTATACGTCGGTGAAAGCTAGTGCTCCAGGGACAGTTAGCATGGCGTCAACAGGTCGGGGTACTCCTCCACGGGGAATCATCCGTGAAAAAGAATTAACTAGTACCTTAGGCGTGTGGATGAGATATCCGGGCTGTTTCCCTAAGTAACCTACAACGACTGCCTGCCTAACGTCTGTAACGACACCTTTAT,898,47.1,Mus musculus
SEQ_399900,CTATACGATGGATTTTGCTGTACGTCCTATATGAGGGTCTATATTACACATTATCATATATGACTACGGTCGCCCGAGGTGACACACCGTACGAGCAATGCAGGGCCCACTAAGTTTATAGTTTGAATACTACGCCGTCACGCCGTCATGCGGGCTCTGGACGCGACTGCCCAGGGACTAGCGAATAATTAAACTCGTAGACTGGGCAGAGGTATCATGGTGAGCTTCTGATGTTATTGTGATTAAAATAAAAGTAGTCGGCTTACAGTGGCGCCACCGTAGACCCTCCTGAGCGGGAGCGACAGCCAGGGGCTT,315,49.84,Homo sapiens
SEQ_703635,AAGTAGCATTATTCTTTAGCAAGACGGATAGAGGTCGACGACGAAAACACTACTAGGTCTGCAGTTACCTTCTCCGCCTCAGAACCGGTCACGACTCAGTACCGTATGTAGTCTAGCGTTAGCAATCAGTGGGGCCTGACCGCGACGGAACGCCGTTGAACAAAGGGCTCCCGCACAGGGGACGTCAATTGTAAGTGTGCTGGTACTAAAACATCTGGGGCAATTTTAAGATAGACCTGGGACGCTACCCTGGAGCGGTGTCGTCGAAATTCGACCTGCCCATTAAGCAACAATGACTACACGCAGGACCTGGTAGTCTTGTGCCCACGAGGGACTAGCACCATAAGCCTGATAAGTGCCCCCGGGCTAGCGGTGCATATGAGACCCTACTAGCCCCGTCCCCCTCAGATGCCGTTAAGGTAACCTAGTTGGTCAAGGACACACGAGACGACAAGCACTATTAAGTTCCATCCGCCTATGAATTAATCGCAGATTGACGCGCATTGCGGCCGCTTGTAATAACAGGCGTGCACTACATTCGGAGCGGTACAGCTGGACCGACGCGGCGAACGTGAAAGCATCGCGCAGCCCGCCTTTTCCCATCTACACGTAGTAAGTGCGCGAAGGCGAAGAAGCGGCACGAACCACTTTGGCCACACATAATCAGGGACCCAATATACCACGCCTCCTACAGAATCTTCAGAAACGTTCCTCGTAAGGCCCACTCCGGAGTGGGCTATGCATAAGGATCAAGACGACGTGGGGCGTGGAGGAATTCACCAATTGGCGGCACGCCAGACTTCGGGCCGGTGCCATCCCTTTTGTTCAGTTGGCATAGAGCCTCTGCGCACAGCACAGCGTGCAAGTACGTATGGATAGCAATCTAACCTGCCGCGTACAGGGACGCGTCCGGCTAAATAGGGAGGGATTAGGGCTGCGTGCCCAGCAGAGGGATTCTGCTCTCACCGGATCGGGGTGCTTCCGGAGGCGAAAAATCTAGCTCCGCCGTTGGGCGCATGTTAGTATAACCCACGATGTAACCTAAATACCCGATTCCACGGTAGGATAAGATCAGGAGTCTCATCTAGCACCAGCGCCGCAGTCTAGACCCACCAATTATGCATTCCCATGCGTCTCGAAAATCTATAAATACCGTGAAAAATGAGTCAAGCCAATAAATGATGGACGGTGAATAAGCCGAATGAGCATTTCATGCATGTCGGTATGACCTGTTGTTCGGTCGCATGGGCTTGACTGAAGGCGCAAACCGCCCGTTCCGGCTGGGTGGAAAACCGGGATTAGCATACCAAAGGATGTGCAACATTCATTATAAATAAGGGGCCTACGTAAACACTGGCTGTTCAACATTCTCCACCCAATTGCAACGTTTTACATCTTCAAATGATAACTCAATTAAGCATCTCCTTGACAACAGACTGAATTGGGGCTCTTAGACCAAGAGAAACGCGAGCGGACGCATTCCCCACTGCCACAGTAACCA,1501,52.23,Mus musculus
SEQ_216347,GTGCACGGGAGTAGAGGTCCGGCGTATATCAGCAGGTTGCTAAAGTAGGTCCATAACGTTCATCGAAGGCTGGAAAAAAGACTGGCCTCGATTGGTTCGTCAGAACCCAACTCTTACCCATTCGTGTACCACCGCGTGGCAGACGGGGGCTGGCGTACAACTTACAGCCCCCACGATTTCCCGGGATGACGAATACATAGAATGTACCGTCGCGCCCACCCCATGAAAGATTGGAGAAGTCCGTCAATCTATACTAAGCGAGGGCCATGGGCCTCGGGATAGCCATGGCAGATAGCGCTGATTACCTTGATCCAACGCAAGGGTGATGGACTATAGTCACATATGTTGCTGCCGGAATATCCCCGTCTTCGTCCAACTGTAGGGCGTCCGGTTCACGAAGATTTGACAGATTAGACGTATCGTTACATTATCGACATTGCTGTTTAATTTGTGAAGGCCTAAGCCGACTTAAGAATAGCAAACGATATCCACTTAAGCAACTCCAGACGCATAGTTGTAAGCGGCGCATACCAAGACTGTCTTGCCGTCTGCGACCTCGCCACCCGGGTACAAGCTGCCGGGCCGGGAAGAACGAAAAAGTCATAATATGATATAGATTGCCGGATAAGTTGACGACGGGACACGAGGGAGACCAGCTTGACGTCCGCATGGTCAAAGCAGGAACTCCTGCCCTTGCCCCTATTGATATAAGTCAGGGCCACCTATAAAAGCGGCCGTTATCTCGAGGACTCTGCAAGGAATATGCTTGACCACTTCCACAAAGCAAAATAGAGGCACCATGCCATATTAAGTCAGCAGAGTTCTCGATGGCGATCAGGACGTATCTGGGATTGCTTTCCCAAGTGCAAATCAGTCACGCTACAACACATACAGGACGTTACCGGCGCTTGTCAATGATCCGATCTTCTTACTAGCATATG,941,50.48,Drosophila melanogaster
SEQ_943529,GGGTACGTGGAAACGCCGTCGGGATGCACGTGGGTTTCAAGTTGTAACTTCCAGGATCTGTAGTAGAGGAGGCCTACAACTAGCACACAACTCCAGGTCTGGTGATGGTGGCATGCTACTGTATTTATACTGTATGGCGACGCGGTAGTACTTAAGCATGCCAGTGTGACAATACGACAGAAAGTCGATAACATCTGTCGACGCGGCTTGGATATGCATAGCCCCAATGTAAATACGAAAAGTTGGGGAAAGCCATTGCGGTGGCCCCCAAACCCGTCGATACGGAGTGCCGTTTCTAGACGCACATTAAAAAAGCGGACTACTCCGGGTATCGAAAGGACTACGTCACGGAAAGAGCGCCGCTGGCGGAATGGTTAGTGGCCTATGATAGGATCTTGCCATATAGCGCGTGATGTTCCCAAACGTACTGGCGAATTCATGACTCTACATAACTGCCGTTACCGGTCTTACAATATGTATCGTATATCGTTGAATGACGTCGTTGGGGCCCTAGGAAAGATTCCTCAACCGTTCTTTTTCTCGAACACACGAAATTTAACACTTAAGATCCTGCCGGTATGTCCTTGGCACTCAGCTGGGTCTAGGAGGAGTAATTCACAAACTTCGCAGGTGGTGGCGCTCATCATAATGCTTTGCCCCCAGCTAAACGAGTGAGAAGATGTAGGCCCTCATTTGATAGCTGACGAATGACGCCAGGTTAATGGGAGTTCAACGCTAACGACTAAATATATTGCTAAGATATCTGATGAGAGGAATTCTAACAGCACGAAGTTTCGGGGCACCGATACGACGCGACTAGGTAGTGCCCGAGACCCCACACTCGTCGCTCAAGAACACACGAAGGGACAGTTGCCTGTTAGACACAGGGACGAACACTTACTGAACGCTCCCGCGAGCCTTGCTACTGACTAGTCCCGCACTATAACCATTTCTATGCAGTCCAGCTTGTCGTGTGTTTCACAATCGAGATGCTTTTCAACGTCTCTGCGAAAAGTTTAGCCCGAGGGGAATCCCATTTGAGAATTTGAGCTCTCGCTTTGGCCATTGGTAACGCCGAGAGTCTGAAGTACCGCGCAGTCCGGCTTAGTGAAGGACAGTGGTAGCATTAAATCCAACTGAGATCCGGCCCGTAATCAATACGAGAATGTTCCACAGCAGACTGGTATTTGTCCTTCCTGTGCAGAGACAGAGCGTGGTTAAAATCTCGCTGACTGAGGGCCCATTAACGATGTCAATGATGAACACGTGCGCCTAGCGCGCACGATAGAGTTGGTCAAGCGAACTCTTCCGTGATTAGCAGCTGATACACCCGCTTACACTTTTGCTTAGGGATAATCATGCATATTACCAGTGGTTGCGATTTAGGTATAAACAGGAATACAATACGCATGATAGGGCGCAATCAGGTAGTAAGACCTTCCTAAGGCTGGTTACATCTGTTGCTATGATGCAGCCGCTATCCAACACTAGATCCGAGTCAAACAATTTTCAAATAATTCCTTGACCAGTCTTCTTCGACCCTTAGCACTTGATCGGCCCGACAGCCCCTGGGGATA,1577,48.83,Mus musculus
SEQ_182079,ACTTGCGGTAGCATACTGTAAGTGCTAAAGTAAAAGTTGCCACCGGCTCGAGGAATAGAAGCACAGGACCGAGGATATGCATGCGGGTACAGTCCCCAATTTCAGGCACCAGCGCTCTTGTGTCATGACTGTATATGAGGGCAGTGAGTGTGCTAGAGACTAGTACAAGACTATGAGCGTGACGCATCTGACTCCGCCAGTGTTCAGCATATGAAGTCAACGAGCGCCTGATCACTGACAGAAGTGCCTTGACTGTGAGAAAACTTTAATGCATTTAGGGGGTCATGGTTTATGCTGTCACCGGGGCGGGTGCTTGTTCTCCCCCACATCATGCCCGCATAGGAGTTGTACGACTACCGCTAGCCTTCGACCCCCGTCGGACAAACTGACCGGTTCTGCTCTAGTGTGACAGCGTCATCCATGCGTCAGGAGCTGGCGGGGACCCGAAAATCCCTTTGACCTGTCGGTCGCCATTACTTGCACCTCAGGTAAGTCGGTAGACCAATATACGTAGGAATTGTGGGCCGTTTCGCATCAGATACAATGCAACGGCTCTGAAAAACAGAGTCTGGGAATGAACCCCGGGCTCGTAGCCGAGTAATAGTCGTGAGATAATATAGGTGAAGGGTTACGTAGGGTTAACGACAAGCCGTATATCTGAAACGATCGCACCGGCTATCGCTCAAACTATGCGATTCGTTCGCAGATTGACCCGTTCGGCGTTTCGCAAAAGTGTGCATTTGCTGGACAGTGTTCTTTCCTGTCTCGAACTGACGGCTTGAACTCATAGTGGAAAAAGCTCTATTTAAAGATTTAACCTATACTCGGTTTCGCCAGAGTTCTTCCAATATATAGTTTCTGCCACCCGTGCTTTGCGTGGTTGAGTGACTGGCCGGGCGATGATCCCGTCCAGGCTAATGGCTCGTCCGAATCTGGAAGTGGCAGTCCGTTACTCGAAGATATGTAGCGTTCGAGCTTGTTCTAACCTTGCAGAGATTTCTTATAATCGGGCAGAAGGACTATGTGTTAGCTCCTTTCTGCACCGGAGACACCCTTATAATTTTTATTTCCACGTATCATGCTCATGTTAGAGTTATATGGGATAACGCCAAGCGACGTCAGAACGTGCGCCAGTTCGACTTCACGACCTCATGGATCGCTTATGCGCAGGCGCGCAGATGACAGAAGAGACCTCACCCCAATCCAGTCACGTACATCTCTCGTCCACCGTTTTCACAGTGAACAGACGAGCATAAGCTAGCATTGGCGCTGAACAGGACTAAGGTGTTCCGGTAGCTCCTGAGTGTACGCCCATCCCATTGACTATGTTAATTTGTGAAGGCCACAAGAAATCCTGAGTAGCTAGTCCGCATAAAACGATTAGGAGACCGACTAGCGTTCTCTAGTGGTCTTTCTATTTTTCCATGCTTTGAGACGCGTGCCTGGTTATAATCTCTCGTCCGTACACCGGAAGAGTT,1478,49.73,Escherichia coli
SEQ_910592,GGTTGATCGAACCAGCTAAATACTACAATCCGCCTTAGCACCTTAATCAAACGGGATAGGCAAAAAGTCGAAAGAGGCGAAAATCACAGCCCTTCTGTATGTTAACATGGTAAAACTTCCGTTAGGTCGTGTCATGCGTTGATACAATACTAAGCCTAACAGGGTATCGACGATAAAGCGTACTAACGACAGACCTTATCGTTGGATTTCAACATCGATGAAAGGATAGCCTCGTTACAACGTGAGTCCGCGGCGAGACTTAGTCGAATCGACTTCAGGACATATCCAAGGTAAAAGAGTTCCTTCTCGACATCCCACCTCCTTACAAATACCCCGGAATCCGTTCGGGACATCACGGCTAGGAACGCCGACCGCCCTTCTAGCGTGGATGTACCATGTAGAATAGTGAGGTAAGGTTGGGACATGGTCCAGTAATTCGCAACATTAGGGGACGACATAACGTCAACGTCGTAAAACAACTAAGTCGCATACTGCCATTTCCGCTCGTTCCCCACAGCCTCTACCGGCGCGATCGGGGCATAAGGGCCTAATTAAATGCGTGAATACGTGTCCGGTATACCCTGGGTACCTGGGGAATACCTACAGACCATACAGTT,617,48.14,Caenorhabditis elegans
SEQ_702702,ACAGTTCGTTCCACGAGATCTGCGCCCACCGACTCCTACGGGTGGGCGTCATTCTGATGCTGACGTCTAATGTATCGAGCTGTTGGGATACTCTTTAACGAACAGAGCAGTGTGGTACCGATAACTTCCGGGAGCGGCCACCGCGTTCTTAACAAGTTAGGGCCTAGAGTAAGGGGAGATAGCACGCCACTTGTAGCGGGTCATGACTGTCCTTAGCCAAGAAAATGCTCGAGCAGGGGGTGTTTCGTCTAGCCCTAAGAGTTTCCTGTCTCACTGTTGTCGTTGTCGACCACGAACGGGTCTCGGGAGGGCTATGTTCTAGCCGACCCCGCACGGACTGGGCCAGAATTCTGAGGCGACCTCGACTTACTTCGAAACAAGAACAGATAGGCTAGTTTCAGGTCGGTCGTGCGCATGACCACAAGTGCCGTCCTGTCAGTCTGGTGGTTGGTGAGCACCGGGACGTAACGTTTTGTCCGAGCCAGAGCAATAAGTCTCCGAGTGCGCCGCCCGGCGCTCCGACGGGGTCAAACATTGCACCTGAGGGAGCACCGGGTGAAATGTGTATTACGCAAGAGCGTAATATCCGAATCGGATAGAAAAGAAGTAAATACTCGTTATCTAAGTCAGTGCGGTGGTAGGGGTTAATTCCTCACCTGGTGCAATCGGTCTTGAGGTTATGACTGGCACGAACCCCCTGGACAAGCTAGAGACCAAATCGAGAACAAAGAATCGAAAAATAATACTCACGCTGTCGCGTGTTATCGAGAGATGGCATGCCATAAGTTCCCGTGCAGCATGGGGTTACTGTTAGACTTTCGCAACATTGTAGGTACGCTTATCAGCTTCCCGAGGCCGTAGATCCTCTCGCCAGTTACTGCTGGGGATAGGCAGTGCTAGGCACTTGAGAGAATCGGATGAAGGGCGTCGAACCCCATAACAGACGGCAGTTCCTAGACTCAATAGTACGCGGGGGCGTAACTACTACTGGACTTCACGCCTTCTGATATGATAAAATGCACTCAGTAAACAAACCGAGCTAGTAGTGCGTTATTAAAGGACTCCGGCCGAGAGCTAACTTTCAGATGGACTGGGGACCCTGCGCATCCACGCACCTCGCGCTCCATGTCTCACTTCGGTAGGTGATCTGATGTACAAA,1159,52.55,Drosophila melanogaster
SEQ_189347,CCAATTACTGCAGAGATCCATAATTTTGTGCTTTCTCGTAGGAGCACTGTCAAATACTCACACGAGACCAGTTCGTCCGGTAGGAGGGGAATTTTTTCACCGGGGAGTATACATCATAGTGGCAGTTGATGCTAAAGGATTGACTACCGTAAATTAAGATGCGTACGCTGTACTCTTATTCCTTCCGTTCGTTACGGTCCACTGACCGAACTTCACTATAACCTCTGATGTCCGTTGGGCGTGTATTCCTGTGCACCACAGGAAGCCTGCGGGCCGCGACCGCTTGTCGTCAAGTGCGTCGTCTACGTATCAAGTCAGTAATTGGGCGGATACAAAGTCAGCATAGGACTGTGGTATAAACCCCTCAGGACATAATACGCGTCTTCCCCGGCATAGTAAAGAAAGCATATGCGCCTAACGGTAATCCCGAGGTGGCGCGTTCAGGAGGTTAGAGTACTGTTGCTACATTCGTCGAGAAACTCGGATAATTAATGGGTGGCGAGCGTACTTAAGCGCCGGGATTTATGTTGTGCGCTAAACGGCGAAAAGCCAGATCCCCGAGTCAACCCAATCATGACCCTTACGCGACCACTTAAAGAGATTCGTTAGTTAACATCCCGAACGCGCTTTTGTTCCTTGAAAGGTTAAAGGTATGCGGTGTCTCTCGATGATCAAACCACAAGAATGCTTATGAATACCAGCCAAGTAGGGCCGGCTGTGAATACTTTCAACGTCATTACTTGCGCTTCGTCCATATAAATGAGGCTCGTTATCCGGTTGTAATGCGAGGTAAGAGGTTATCCATCGGACTATGTGTGGTGTCCCCTCGTGGAATCAGTCTAAACACCGCTCGGTCTTCATTCCCTGGAACAAGAAACATGCTACCAACAGTCAAGATTTGCGTGGATTGACGCGGATAGTTTTCTACGGTCTCCGTGTAGGTCCTCGATCGTGATCTGTGACAGATCACGTGTCTAGGCCGATCGAACTAGCCCGGGTTCCCACTAATGACCGTTAGAGATCCACCATAAACCCAACAACATGATTTGCCGTAGTCTGTCTGATCGGCTAACGGGTAGTTACAAAATCTCAATGAGATCATCCATACCCCATTGGTGTCCCTCCATCCGAATCGGGAGATTTGGTTTGATATAGGTTGATTCTGAGTTCATATTTTTGTTTGCACCCCACTTCGCCGGACAAAGCTCGATCTAAAAGTGGCGCTACTGGTGGGGTGTGTACCTTCCCCGAACGGTTGCTCGTGTGTTCTAGTTGAATAATCTGGTACAATCCTCCCGCAGCATACTCAGATCTTGTCCTCGGCCCGCCTGTCAACGATTACGCATATTGACAAGGCAGTGAGAATGAGAGGACAGTCTAAAAAGGTTTACTCTGGTTTCCCGGAGACTTTCTGGTCCCCCAGCCATGCCACAAGCGCTTACTGGTGGGTCACATGACACTTTAGGCCCTTAATTGAGATCCGTAACGGGAACGTCTGCCTCACTTAGGGTCACTGCGTCTCTCGAATG,1529,48.79,Drosophila melanogaster
SEQ_479038,GAGGGCTTCCAAAGGCACACTATCAACGACTGGCACGTAATTTCGGAAGGGGGAGATGCTGTCAATGGCTACGTCAACGTAGGGCCAGATTTATGCATACTGGCGGACTCTTCTATACCTTTTACTACATTCATACGGCTTTGTCTGGTGTAGTCGACAGATAGTCCATCGTGCTGGTGGACACTTGTCTAATTAATGTGACTTTGTAGTAGTCCCCTCCGACCCAATCAGAAGCCCTCAATGGAAAGCAGCCACATGCTGATGTACCACCGATCCAAGATATATTCAGCGATAATAGGTATACAAGACGATTAGAGTAAGTGCTGCGTTTTCCGGTAAGTAGCACGGTATGAATTACGCTCAACGGTGCTTACCCGAGACTAATTAGGGGTAGTCCGCTGCATTTGACAAATCAAATGGAAGACATGCCCCGGGGTTGCGCCTTTTGTGCTCTGTTCCTGATTCCCCTGCGTACGTTCGTGCCTCGCCTATACCATAGAATCCCACCTCTCCCAGCGAGCTGTGCTATTTGGTGGAGGTTAGCCGTTCACCGAGGCGTTAACTGCTAAGGTGGTACACTACACCCCTGGGAGACCATGTTGAGGGGACATAATCCCTGACGATAACCGGCAGAGGTTCGCCAGACAAGCGATGCTACTCAGGATAAGCCGGTGGATCTTGAGTTCCACTATGACCTCATCAGTCCGTACAACAATGAGAATAAGGGAACCAACCATCTCATGCCAAACCCCCCGAGCATGAAATATCCTAGTCGTCTATGCCGCGACGGTACTACTATTGAGTTGCTTAACATTAGGCGTTAACGGGTGCCTATACGCATGGCCCGGTAACTCGCTGGCCAGAATAGAGAGTCCTCGCTCGTATCTCGTGGCGCCCCAGGTCTACAGACCACTCTTCACTGCGTATGTTGCAAGGCGAGAATCTTAACAAGTTTGCGGCCTGTGTTCAGTATAGGTTTTCTGTAGGTTGTTAATCCTAGAGGAAGCCGTTGGTACAACTACAAAATCTCCACTATCAAACCTTATCTAGATTTGAGTTGTGTTCAGGCGTTCAACATTTAGACGGCGTCTTTATGCCATCGCCGATGTGGTAGAAATGCCCATGGAGGTCGGGAGATCCTCGGCCAGAAGGGAGTGGCCTTACGCCCGGCAGCTACACCGCGGATCCTAGGATAAGCAGGAATAGATACTATCAGGGTAACAAGTATCCCGCGTACCCTCTAGATGCAGCCCCGAACAAAGGGCGCAGGATTCAGTCAAATATAAAATGTACGTCTATCAGCCTTCCCGTCACTTTCACCTGTAGTGACATCATGCAATGGCGGCCCCAACGGGTCTCTATAGAAAATCCCGACAGTGCTTAGCTCTACCTTTTTAGTCAGACGTCCTGTTGAGAAGGCTAGTACAGGTCCGTCTCTTATTATTTGATACCGCCCTTGTTTCCCGCCTCTAGTAACTTGGTTGATGGAATCACATATGGCTATTTGAGTTTAGGGTGGGTTCCGCCCCCTTTGGATGCGCATGGTAGTCCACAGGGATTCCGGCTCCACGGCTATACCCTGAACGGGAATGAGAAATACACCCCCAGCATACAGCTAGCAATTAGGCTGGCCTATCTGAAGCGTTCTGATGTTACGTTGCTCGGTCGGCCAATGTCGAGTTGATATCCGGCTGCCGCGGGCAAAAGATAGATATATGTCACCCGGCCTTCTACCCGCCGGGAGGGCGGTTTTTAGTGGGGAGCCCTTTGC,1771,50.37,Homo sapiens
SEQ_330563,CAGCCATTCCATGGCCTCCGTAACAGGCGGTCTTCTGAGGTGCCTGCCTCAAATGCTGACTGAGGTCATACGTGAACATTGCTGTGGATTATCCAGTAACGGAATAATGGATTACGTCCCCGATAACGACTAGATGTCCCGAGAGTCATTTTTTGTCTCGGTTTCGATCTGCGCCTACCGAATCAAGGAGTCAACAGAGCTGGGGCTCTTGGCAGATGATCGAACGGATGGTATCCGTATTCCAGCAGTGCTGTCGCCTGGCGACTTGAGGGTCCTGAGCACAGACAATGCAGGAGGCTGAAAATAATCAGCAATAATCTTACATTTGAGCTACCCTCCATAAGAGGGAGGGCAGCAAACGCGTCGAAATTCGAAAGAGTAACCCCTTCACGTATCGTCCATAGCCTATAACACAAATAACTGCGGCTGCCTGCATACATCACCCGAAAGGCAGTTGTGTTTCAACCACTTGTAGTTCACTGAACCTGAATCAGAACCCATCCGCTTTACCCTTTACTAACTCCGCAGGGATAGACGTGACACGGGACCAGTCCAAGTAACTCGTACTTTTGCCGACTTTCATATCTCCCAAAGTTCAATCTGGACACCAGAAGGCCTTGCCGTTCACGTAACCGTGTATCATATCACGTGATTTCTACAGCCACCTAGATGTTTAACCTAGCCATCACGCCGGAGTAATCCGGTGCGTATAAAGATGTTCGCGACAGCCCGTCAGTATCCACAAGTCGGCGGAACTTGTCTGCTTTGGTTCTATGTTAGACAGACGCCTTCGTAATTGGACCGGTTAACCGTAACCCAACATAGAACTCAGGTCTAACTTTAACGTGAATGGAGGTGTATCGACATCGAAATAGAGTGATTTTTTGCAACGGCCAACCCCGCTAGAAAATTCATAAACGGTTCCATCACATAAGAATGGATGCTCGCTGATTCGCCTACGTTCGTCCAAGAGCGTTACGGCCATTTTTTTGCATATTACGAGCTCTGCTTATAAACGTCTTGTCACGACGATTTATCCTTTCAGGGCACTAGATTCAAAATCCTCCCGGGGTATGTGTCTGTGCGGGAGTTTGCCACCATTCAGGCGGTTCAACGAAGTAGTGATGGGCTCATGGAGGATTAGAGCGACAAACATTCTTAGGGTAGATAACTCTGATTGCCTAGCCAGGACGA,1194,48.16,Caenorhabditis elegans
SEQ_850925,CGCCAGAGTGAGGCGATAGACGATGGCCAACTTCGTATACCAATACGCGCCCGCCCGTCACCCAATAATGAATCTAGATCTAGCGTTTGAGTCCTGTTTTTAATTAGCATGCTCCAGTTTCACTAGTCGAATTCTTCCAGACTTTCCTATCTATACAACGTCGACCATGTATTCTTGCAATTGAACCTTCTGCACGTGTCGATTCAGAAGCGGATCTAGAGGGTCGAAGCTGTTATCTGCGTAAAGAATAATTGCTCCAAGCGCCCTAACTGTAGTTACGTCGGGATTGTTAGGGATAATGATACCGCAGCTTGTCCCGGGCTGGCAAGGGGATGCACCGTACCGGAAACCGCAGCGATCATAACACATTATCGTGCCCATCAACTCGCGTAAGGAAAGAGTAACTAGAACCCACGAGCACCTACCAGGACCGTACAGGAGTATACGCCCGGCAAGAATTGGAGCCCACGTTCGCTATATATTCCAAACTTACCCTCGGACCTTCAGTAAACAATTGAACCCACATCTTACCCTTCTATAGTACGGGTCCGTGGACGTTACCAACAAGCCATCCCTCATAGTTTGGTTATAACTAATAGTCTCGGACAGGACTGCCAAATTTAGGATTAGAAGATGCGGTACAGCTAGTGGCGCCTGCATCGCTCACCCCAACGCTCTCTGGCGCTAACGGAGTGAACCAGGGTACCCCTCGAAACCCTCGCAGGGAGCTAATCGCAAGCTCCCGATGTAATTCACCGCTAATGCCGAGACTGCAAACCTTGTTCCCCATTTGTCGAGTCTCGGCGCTACGTCTGGGAATAGTTCAATCCTCTGAAGCAATCTGCAGACTTGCTACAAGTTCTCAACGCCTTAATCCGTCAAGGCATATGCGCTTGGTAACTAAACATTTCCACCACAGCGACGAGAGCTCTTAAAGGCCGGTAGGTGTCGTAGCAGTTACTATTGGATGGGCGAATACGATCGACATCTCACACTTCCTCCGGCATCCCGGTCAGTAGTCACACCTAATGTCGGGGTGTATACGCGCAAAAGAGGATTACATCCCCGACCCCCCACCACGTGACACGGCCAAAAAACTTATCGCGTCTTCTAGCAAAGGTGTTGGGACAGTAGTCAGCGTATTACATCGGGTGTAAAACTGGTAGCTGCCGTTGCACTAGTACCGATTGACCTGGTCTAGCCTATCACCGGAACAGCACCATAAACTCTTAAGACGTCAATTTTCCGTGATGCTACCACTTCTCCTACGTGCCATTACGACGAGGGGTCTCGTACTTAGGAGGGAGAGGCACGATCTGTGCAAGGAAACTGATTACAGTCTCGAGAGGACGTGCAAATAGTCAGATTTTAGTAGGCGCGGTGAGTTACACGCGCCCGTAGGGCCCCCTAGAGGTTAAAGAGGCGAGGTGCCGGCACCTGGTGGCATGACCTTTTATCTCATAGGCGCAGCTTCTTGTAGAGGCTAGGACTTTTCAGTTTGGGCGATTCTCCGGCTGTATAATGATCTCGCGCTGGGCGACACGAGATCTGGCCCATGATTTCGCAGATGCGTGAACTCAGGACAAGTTGTTTTAAAGAGCGCTAGCCGGCTTACATGGTAATCACGTTACAGCATAGGTGGTCAGGATGCCCTAGGCGCTGGCGGAGATGAACAGAAGTTGGGATTGCATGTTTAGCATGTCATCTACTAGAGCTCATATAAATGCCACTCAGATACCGCCCCGGGCATAACCTAAAGTTCCTACGGGACGAAGATAGAAAATTAGTGAGGCCCTCTATCTCTTGTCGTTTAGGATAACACATCTTGTGGTTTCAGGCTTGCGGACTCTGTCCGCCAAGCACGTTCCCCTATATCTTTAGGGGATACTACTAAGGAACGCGGGCCGCGGGTACCTGAGT,1920,50.42,Drosophila melanogaster
SEQ_708873,GAATGATTTTTTTCGTAATTCGCACAGGATAGCGTGTTCAGCTATAGCCCTTGAACAAAACAGCCGCGACAGTAGCCCTTTGACTCATCAACATCTCTAGGCAACGGGATCGGGCTCCATACGTAAACGGCGCGGCCAGCGTGAACCCTGACCCCTTTAGATAGTCGCGCATTTAGTAAACCACTCATGGGGTAATCCTACACAAGTTAAGATCGTCCATAGAGCCGATACAGGATCTTTCAGTTTCCGTAGTATTTCCGCCAAGGAATTTATGTGACCAATGGGAGGTCGGGAGGTCCATTCTTCCAGGTAATTGATGAACCTAGTTCTCCTTCCTCACGCATAAGGCAATTCGCTATAATGGACAAGTCAAACGTGCGAAATCGTTCCCGTGATAGCAGCCACCTGCTCATAGGAGGGGGCTAGGGCGAAAACGGGGTATTAAAAAGACCCCACATGAAAATGACGAGAACGTAATTAGTCCACCCTGAGGCGCTAGGCTATCGATAACCGGACGTCTTATGACCCCCGAATGATCCCAAGATTTCGCTCATACCCTGGATGATCGCAAAATGCTTATGGTATGTCATTACTCTATTTCCTAGGATAGCCCGATCTAATCAGCCCCCGGCCATTTCGGGTAATACGAGCATCTGAGTTTTTTTGGTATTGTAGCGTGCCACAGGTTTTGCCGCGCGCGTAAGGTCAGGTATAGCAAAAATGCAGATACGCGCTTGAAGTTATCATCTTCGAGTACACAAGCCCTGTTGAAGGCCCACACCCCCGTAACACCCTTGATGAAGCCACGTGAGTCTTCTACGCCAAACGGTATGGTATCGATGCATCTTCCCCAATTCTAGCCCCCTGATCTAAACTCTTTACGGCGAACACTTTGATCGACGGACCAAGTGTGTACATAGCCGTCGTTCAACCTAGCCATAGCCAGACGTTGTCTTCCTTTCCGAACTGCGGAGATTAATTTGGACGCATCCCGCCTCCCCTATGTATGCACGATGATGGGGGTATGATGCAA,1033,48.89,Saccharomyces cerevisiae
SEQ_809151,GAGTCCACCGAACCGTGACGGCGGGCGTCACCAAACTGCACTACCATGACACTGGATCGTCAACAGGTCGCCGGGCCTACTCGGGGAACTATTACCGTCGCCTCAGAGGTGAGGAATTGCGCCCTTTTACTTCAGACCATTTTCATACGTCAGCCACCCATATCCAAACGTATTGGGATTCTAAAATGGTTTGCGTAACCCTAAGTCTAAGTTGCTAATCAATCGCCTAGATCGGAACTTGTTGAATCGCACCGATCTGGTGGCCTGCTAAGGAGTTTTGTCTCATTTATAAGCTGTATGTAATTAATTGGCACTGGAAAAAAAGATGCTAGAACGTTCTCGATGCAAATTAAAAGCCCAGTGATCATTCCATCCAACGACTCTAATCGTTAGTATGGGACCGTATACTGGTTGATCCTAGTATCGCTATAGCTCCGACCGTCCAGTCATCTCTATTCAATCTGAAACGCATTAGCCCTACCGAGACGGTTTGACAGGCGAATGCGAGCACACAGGTAGAATTGTAAGAAAACTATCAAACCGAGGCCCCAAAGTTAGAGAACCTAACTGGGTAATGCACTTTTCCAAGGTCATGGCCCTTCTCCATCTAACAAAAGTTTCTTAAGAGATAAATTACAAGCAGAGCCCTTCAATTGAACTTTTTCAACATGCCATCGTGCCACTTAGGAACTGTCAAATATACGATTTCCGCATATACATTCTATTTCTGGTCGCTTTCATCGCTTGAAAGATTCAGAGGTCGGGACCAGCCCGCACGCTGCAGGAAAGGAGAGGACGCAGCTGAACGTGTTGATTGTCCGATTAGCAGGGAATGCTTTTCGTCTGGGAGCACTTCGGTATAACTATGGGTATAATATTGGTAGTGCGAACCGGAAATTGGCCAAACTG,909,46.09,Saccharomyces cerevisiae
SEQ_338830,AGGTTAAAACGTAACAGTCCTGACTCCCAGCTCCTTAGTTGTTGTTCATAATATTGACCGACAAATACGGTTTCATGCACATACCCTTCGGAAGCCGATCACATTGGTGTCTCTTCGAGTAATAAAGGCGAAAGGAAAGGTACTATAAGATCGTTTCCGTGTGCGTCGGCGTTGTCAATGATTGTATGTTTACTAGAAAATTCCAGTTCTCCACGAAGTCCCTGTTTGAGTCCCTGAACTATACAGCCCTAGAGCTGAACCCTCACGGAAATCATTCCTTCTCTCCATTAGGTAAGCTTGATCCGTCATAACTGGTTGGTGATGGGGAAAAACCAATCATCATAAAATATATGGAGCGGTCGTCCTGAGCACACTAACGACTGTAGTTTTCAGAGTTATGGAGGCGCCATTATACATCTACCACCACCACGCATCAATTTCAATACCATGTCTGGAAATAACCGTTCAAAACGGTGAGGCTGGCTTACCGAGGTCCCACTGGTTGCCTAGGAACCCTGGCGCAAGATTTAGCGACCGAGCGCGTATCCTGAGCCAAGTTGACCAGACCAGGTCCGCCCGGTCAACCCGTCGAACCGACGAAAGTTTACTCGACTCCCCGAACTCGATGCTACCTGTAGATGTTTACAACGATGATCTATATCGCTGGTTCGATCGAAAGACCACGCTAGCTTGATGGGGTCTTAACGCGGTTCGGTGGCACTGACACGCTCACCCGTTCACTACCATTTTAAGGCCACAAGCACACGATGCTCATACCAGTCGGAGCTTTAGCGCACAGTATCAGCACAATTTACTGTCTAGTGCGTGCTAGGAATCATCCGTCAGACGGGATCGTCAAGTTGCACGGGTACGTAGGAGCCGTCTATAAGTCGAGCAGCCGATCGCAAGCAAAAACATAATTTATTTGGCGCATCAGCGATTCTCAACACACGTAAAACAGGAAGGGA,968,48.14,Homo sapiens
SEQ_635394,AGAGCAGCCCTACGGTTGCGGAGAAACATCTGATCGCGGGACTATGCATATGAATTTCGCCTATTTAATGTAGGGCTACACGAGGAGTGTTGATATTTCCTTTTTAATCCATGACGTTTCAAGGAAGCAAGCTGCATTCGGTTCCTTATCGTCCATAGTGCAGCGTAGATATGTTATGTGTAAAAACAGCAAGGACCTTACTGTATGGTCACCGGGCCTGTCCGCGTCAAGCTTCCCCGCAGTATCTTAAACAGAGTTATAAATAGGTCTATGACCATAGCTCATAATTGGGCTTCCATAGCACACGCCTATTGCTCGCGGGTTTAAGGACTGTCATCCGCGGAAACGCAACGTGAGACGCTAGAAGTAAACATATGGTGACTTGGTGACTGGTCCCTTGAGTCACGCTACGATTACTATATGTAGAGGAGCCTATCGCAAATCATCTTTCGGGCCTGTCGAAAGGATATCGAGTCAACGGCTTTCCTATTCAATGCTTTCCTCCAACGAAGAATTGTTTGAATAAGCCACTATCCCTACTCTAGAGCATCGCAGATGGAAATTGCTCGATGCGATTACCGCTAGTAGCATATCTTGGGGTACGGCACGAGCACCGAACCCATGTTAGCCGGTGTGTCAGCATCCTAAATCTTCAACCATGCGGTCCGGAACATTTTAGTATTTGCTAGCCATAGTGGCTACTATCCAGGCAACAGTCCAGCGCGGAGGACTGCTGCAAACGGCTAGGTCGAGTCGCAAGTATATAGGCACTGGTAATGCAACCCTTGCAGCTAGACAGGCCTTCCATTATCCAAGGTATCGAGGGTGGAAATGAAAGGAGAGTCTCGAAAACGAGTAAATACGCCGCAAATATAAGCGTTAGAACGATAGGAGCGCCTGTACGCGTACAGGGTAAAAGCAGTCTGAAGAAAGTCACAGTGTAGGCTGGGGGCTGCTTTTGTCCATGCGTAGCTTCAGCATCCGTCGGGTACCACGTCGAAGAGACAAC,1009,48.17,Escherichia coli
SEQ_933961,GTCCACAGCCGCGATGGCTGCATCTTCCAGGTAACGCTTTATTCATATTCGGCCTATAAAGGTGAAGAGTGCGCTGTCTACTGACGATAGCTACACATATAATGTGTCCAGCGAACCGACACCCACTAGATTGACCGTCGTGTAAATAAAATAACCGCGAGGCCAAGACGGTTTGAT,177,48.02,Arabidopsis thaliana
SEQ_554680,GTACGAGGTACTGACGTCTCCGTGTCGGGCCACCACTAACTATCTGATTTGATCCCCTTCCGTATGAGCCTAGTTGTCATCTATAAGTATGTTACCAAAAACATAAAATTGAACAACAATTATGGGTTTTCACACATAGCTCAGTCGTGCATATTTCTTTCTCGACCTGCATGTGTGCGTGCTGGTCCAGGGAGGCAAAAGTCTCTCGTCAGCAGCCCCCGGAGGCCATACAAGAGATAAGGTTTGGGTTCCATCTTTATTCAACGCATCTTATCTTAGCAGCAAAGGTAGTGATGAGTTAATCTTACAGTCGAATAATGATCAAAATCCCTAGCAGTCGACGCGTCTTCTAGCTCGTGCACCTATGAAGTCTTGTTAGGCCCAATGCCTTAGGGAGGGTACCTGAACTTTTTGTCAGTAGAGGGGTGTCAAATGGACGGGTGACTTAACCACTTTAGAGCGACCCGATATATGGATGCATTGTGGTTGCAATGGCTCCCTTGTGCGCCGGACAAATCAGTCTGTCGATAAGTCAAACTAACCCTTCCGAGACGTTGATATAAGATGGCAAGTAACGTTACGGGCCCGAAGTCGTATTTTATGAGCACCATCACAATGGACGAAGTTTATAGATTAGGAACCCGCTCAACTATTGTCTATTATTGGTCGGCCGCTTGGCCCAGCACATACTCTTGGCGGACTGTTCAACTCTTAACACGCTGGCGTTAGGAGTGCCCGCTTAACTAAAAGGTCGTATAAAGATGTACTCCCACCGTCATAGCTATTTTAATGACCACAGAACCAAAGGTTCTCTGTCGTTTCCTGAAGCGTAGCGAGGCGCCTATCAATTGTTGTAACGCATTGG,865,46.36,Drosophila melanogaster
SEQ_247467,CCACGTAATCTATAATTTCGGGGGGAACTTTGTGATCCGCCCTGCGGTGTGTTATTTGGTAGGTTTGTAAAACTTAATTCGGGACGACGTTTGCGGTTGTCCTCTGTCGGTCAATGATAAGTGCGGGGTAGGCGAACCCCTGGGCCTTACTTTGGAAGCAAGCGTACACACTTTTGTAGACTGGCTCTATAAATCATTTGATGATCTGACTAGACCGGACCGATGATGTCCCGTATCGACATGATACGAGATACCTAAGCGTAGCTTGTAGTCTACCCCTATACGCGGCGTCAAATGGGTCTGTCATGGATTGACGCACGACACATGTCAGGCGTGCCGGCGCGCGAATGTCCACCCGTGTTAAGTGCCGCGTCGGAACAACAAAGGATCATCGTCGTGTAATAGTGTTTAATCTTCGTTGGAATTATCGACATCTACTTAGATCAATTGGCTCTGAACACTGATCTATGTGTGCGAAGCCTCTGGGAAAACCCTGTGGTCAATACGGCTACCGCTGCACTGGATGCGGGTTGCACAAACTATAGCAGTGACGTAGCCCGGCCGCTTTACTGCAGACTGACCACGGCTGTCGCATGGTCGACGCCGTATATAAGGGACAATCCCATACTCCTAAGTCAAACGTCACGCTGCGGCCTGTGGCGGTAGTTAGAGTCTACATCTGTTAGCCCTTTTGGCAAAATCCGAGTAGGGCCTGGGCCTCGTCAGGATCGCTTTTGAGTTCAGCGCTGAGTGAACTCGTTAGAAGCTTTTCAACCACTGGCTCAAAGGATGGGAAGAAGTGTTGCGAGAGTAGAATGTATGCTCCGCTAAGAACGGACTTATTAGGTCCCTCGATTTGGACCTTGGCTAGACGTCCGGTATTGCAAATTATCTGTTCGTCCAGTAGCTGCGAGTAGGGGCTCACATAATGGTTGATTTATGACATGCGTGGCGAGCGATACCAGATACGTAGGCGCTTTACTAGCCTAGGTACCGCACCCTCGACACTGACGCACTGTCATACCAGGCCAGCATACGGTCGGAGAAAAATCGGCATTTCGCGAGGGTATTAAGTAACCCGTAGCCTTTATTAATGATTCGAATTATGCTCCACTCGGGAGAAGGGGGGACGTACGACAAGTCGGTTCAGGGTCATGTTTGTCGGGATGGGAGTTAACGAACTAGTGTGCTACGGCCCTAGCCGTGCCCAGGGTAATAAATAGTATCTACCTGAAAGAAGTCACGCCGCGTATTCTGGAGGCGGCAGGGGAGGGACATCCCTCATGAAAATGTCCTTCCCCTTTTCCCATTCGTAATAACGTAGTAAATAAAAACTGTATCTGCCCAATTTTACACCATGACGCTTCGTTAAACG,1375,49.96,Escherichia coli
SEQ_489868,CTTCAGTTACATCACGGTAAAGACAACCAAACATTGCTCAATACCGGGGCTAATATCTACGTCCACTGCACTATTGGGGTGAGCCCTTCATCTGCTCTGCAGATTAGATCCACCCCTCGGCACCGTCCAAGTGTCCGCCGGACGTCGTATTGATAATTAATTCCGCCGCAGATCTTATTCGAGAACCAAGTACAACGAAGCGCATTTGCTCGCAGTGCCACGTGACGGCAGTCCAACGAGAATTGATTATCTTATTCCTTTCGTTCCGCATTGAGGCCGATACTGGGGTGCATTATCGCTGTCTCCAAAGTTAGGCGTATCGAACTACTGTCAGGACTAGGACCCGCTCGCCCCAACTAATATAGTCCGCCTGTCCAGCATTTTTCCCCACCAAGTCCAGATAGACGTCAGAGTCGAGACTTAGATGTTTGCGAGTTCCAGATATGTGTGCTGCCGACCTTGTCATAGACCAACCATCGTTTTAGTTTAGTCGGAATGAATGAATTTGCGAAGCGATTAGTCTACCGCTACTAGCGAGCATCGTAAGCCAAGGTTTGCCTAACTTACGCTTGATGCGGACACATATCGAGGTGTAAACGCCCGGCGTCAGTATGTGGCCAACCCCAGTGACCTCCTGCCGCGTATGTATGGCTCTCTATCTATTCAGTACAGAACGTTTTGACCATGAGCACGTATACCTTGATGATAGTCGTTTCAACCTGGGACCTTCACACAGCCTTCAAGTATAAGATAAACCAGTCCCGTAGATGGTCTGAGTGCAAAGAACCGTCTAGCGTCCACCTTCTGTAAAAGTACATCTGACATGGTATTGTCTTAAGGAATGTACATTAGCGTTGACACCTTTCTGTACGTACGGTGACACATTGATCCGAGACCGGTTCATCTTGCGTCCCGTCCTCCGATCGGCTTTGTATGTGTGTGGAACTAGCGTATCATCAACTAATGGTAGCGGTGTGAGATCTGAGCTCAGGCATTATACATCGCAGGGAGAGGACGTCGAAAAATTGCCTGATGGTCATGAAGAAATTCAGATATAAGATAAGAGCGATTGCACCGCACCACAGTGACCCGTTGAGAAGGTCTTTTACCAGCCCTACTGTTTAATCCGAGGCTTGCTTATGCGGTTGCGGTCTCGAGATTGGTTTGTGGCTCGACATGCTCCTAACTTAAGAGGCCCTACCGCTATTCGTAGCCGCACTAGGGAATGAATAGCGATGCACATTCTCCCATAGTTAGAGCACTGAGGCGGGTCCGAAGGGCATCGTCGGTGGATAATCATGTAAACTTCAGGCACTTGAGTGGTCATGGACCGTGAGACTCCGCTGTTCAATATAAACGCCCCAGTATCTGGCGCCGCTTACTCATAATAATAAGTGGTGGGGGACTGCGCCACCTTTGGGAGGTTCTTGAAAAGAAGTCATGCCGAGCAAGGATCTGCTACT,1463,49.01,Escherichia coli
SEQ_901025,AATAGCGAATAGGTTCGTATAACACCTCCCCAAGTCGCCCTCTGCACCCCTTTCGACGTAGGGTTGTTCGTATGCAACTATTTAAGCGAATATGCTGAAAGGCGAACAAGCGTCCTAGATAGAGGCGAGGTTAGCCCTAATACCAGTGTGGTTTAGCCCTGCGCAAAACGAATGCCAATACTATTGCAATGGTCAGTGTATCGTCTCCCATCAGGGGCTCTCAAGGGGTCGAGGATGGGGGATGAAAATCAGATGGATTAACCTCGGGTCAAAGCTCGTACTAACATCAGCGCCGGACACGGGTCTCAGAAGCGGAAGCCAAAACACGTTATATCGCGTCAGACTTAGCCCACAGGCTCATGGCAAACACACAAACTTGGCCGAGTTAACAGGTCCGTGCGGGGGATAAGCTTAACATAATTTACCCAGTGACACGATACGAAGAGAGGACCCTACATCTTTACAAGTGTCAAACACCGATAGTCAAATGGCTGAGTACAGAGGTAAAGTGAGCAAGCAAGACCGGAACCACGGTTATTGATCAATGAGAGAGGGTTCTCGCTAGCCGATGCTCGATCCCTCGTGTTGGGTCGAGCGCGACTGCGACTGAGCTCTTGTGAGCATGCGCGCGTTTACCTGCCTCGACTGTTGACGGGGCTA,660,51.06,Homo sapiens
SEQ_773158,GGGTAAAAGTGCGCCTTGATTCTGATCTAACAAACTAACTAGGGAGAAACTACCAACTGTTAGGCGGATCTCTTACATACCATTTACGAAGGTCGGGGGGCACTACCGTGTGCGAAGTTCCGGGAGTAGGGTAAGGTGCGGGACTTATTCCCCTCACTCAGTCTTGACCCGGAAACGGAGATCCTTCCTGGTCTAATCCGAATAGGCTAGAGATCTGGAGCAGACTAGTTCTGTATCCAGTGCGTCTCTGTTGGGCGACGCAGTGTCAACCGCTTAGGGGAGTATACCACATCCGCCATTATAGGGACGCCGAGATTTTCATAATACGCACACCCTAGAACGCCTCTTCCTGAATTCCTCAGCAGTGAGCAATAGATCGATAATGCAAACCACGGTCGCGAGTTGATGTCGAAAATGCAGTTCATTGGGGTATGACTATGTTCAATGACAGTGGACACGGCACATAACGCCCGCAGCGGCAACTAGTAATGTTTAAGCATGATATGCTACATAGAGGCTTTACTTGTCTTTTGGACTTGAGGTCTCGGACATGACCTCAGCAACCCCATGTAGCAGTTAAGTATTTAAGAGACTTCATCGGACCATGAGACGAACTCTTGCAATCAGGCGGAACAAGAGAATAAAATCATCTTTACGATAATATGCTGCCCGCCATAGCACGCAGGACAAAAAGGCCTAGCACCCACCGGTAGAACGGCTCGAAACCACACCCGTTGATCGCGACCGGCAAAGATCCAGAGGTAACGAACATTTAAGCACCGTAGAAAGGTTCTGTGTCTTGCCAGAGTATTGAACTGGAAGCGGTTGACTTCACCGCCTTCGCTTTAAAATGTGAAGCATGAGCCAACCACCCGCCCTGATTAGGTTAGATGAATAAGGCAGGTAGGAAGTCAGCGTGTCTGGTTACGTTCATCTAAGCAACGCAAAGATTTCTCCCTGGCTTACTCCTTCTTTCTTGGGTTGACACCTCTTATATTTGGCCCCCGCTAACGCTCTCCGGTGTATAACAATCCGGGTTCAAATACATACGCGCTAAGATGCAATACCTTGTCAAGACGACCTTCTGACCGTAACAAGTATATAAAATTGTTGGAACCACTTTGATCAACCCCAGTTAGCACTTTGGCTTGCTATGCAATAATACCGTTGCAAGCGTAGTTGGTAAGCACTGAGAGAAACACTACGCCAAATCAACGATTTACTATAAACATCATGTGCTACCAAAGCTATATTCCATGCGTCCATATACTTACGCACTCCATTGAATTACCGTTATACTTTCAGGCACTCCTGCAGGTCGCAGCGTAGGCGCTTGCGTATGTCTTTGAGGGACCACAAATAGATGGCGGCGACCTTACTAGCATGTCGCTATTAAGGTTCTTATTTCTCGTCTCTGCTCGTTGCGCATATGGAGTGGTTCGTGATGATGATAGGAAATCGCAATAGTGACCCGCTGTATTCAACGAAGAGAGAGGGGGAGGGCGACACGTTACGGAGGACAGATGTGGAGATCGTTGTTCACCGCAGTTTTCTAGCATGGGCAGGTGGGGGGCAAAATGTAAGAGGACTCATGAGGCTTGGCACTCGAGTTAATCGTCCCATACAGGAGAGGGGAATCGTCTCGGTATGGGCGAAGTCGCGCCTCCAAGCAGATTGATAGCAGTAGTACACTTCAAAGTGGGATTGAGGATCCGTAGCACTAGGCGTAACCAGTGATATTCACAAAACCTACCATGGTAGATCCGCGACGATAACTCTCGGCTGAGTGCCTGGAAAACTCCTTACTTCATTACTTCGTTATAACTGTGGAGCGTTTAACGTGGAACAACGGCCGGCGATATAGATGTCCCATTCTTGGGCAAAGCTGTAGCTCACAGATAAATGTGAGGGAAGAAATACCTGTCGAGCGAATGTTAAATACGG,1944,47.89,Drosophila melanogaster
SEQ_842620,CATACTTAAGGTTCGGCGCACAAGATCGATAATAAGCCCGGCCGCTCAGTGACACCGAATTCCGACAATTCTTAGTCATTACTAGAGGGCTCCCGAGACCCCAGAGTATGAACAATCTACTGGAAGCCCTCAACTCTTAAACGGTTCGGTAAGGCTATAAACCGCCTATCAATTGTCCTACGCTGCCCAGGACATTCATATTGTGTTTCTACTAGGCCTAAAGTCCATGTAAGTATGCGAGCCAATTTTACTCGCATAGAGCGGGCGCGCGTCCCGCCAGCCCAAATTGACAGACTGACGCCATCGGGCCCTTGATTCCTCCACAAATAAATCCCAGGAAACGGTCACGTCTCCGTGCCGGACACGGAGTAAGCTCATTCCCCGAGGACCTTCCCAGGGTCTGTAGTCGGTGTATCTAGAGACTAGATGACTCAGAATGATCAAGTTTGTTAAATGCAGGACTCAACTCGATCGTATAATCCCGGGTGCGGCCTCGTAGTGTTATCTGCCCGGCGCACACTACAACGGCACTTCGAGGAATCGAAGGCGTCTGTAGAATGGCTGACCCAGTAAGGGAAATCACAGTTTTTGGCAACACCCGGGTGCATGAAGAACTCGGCCTCCCGCCTTGGACTAGAGCAAAATCAGAGGCACGTGAGAAACCGACTTTGAACCAAATAGAAAACTTCGCCTCGTCCATCGGGGTGCCTCCAATGAATCCGAGGAGAACCTGGAGTCTTTTCCCCGTTATACTACTTTCCGGCTACAGTGTCTCATGAGTCCACGAGCCGCACAACTGGCACCTCATTACGCTACCTAAGCTCTTCGGAGAGCGCTCATATCAGCGAAACATTCTCTAATATCTGTTCCTTCGC,875,51.09,Drosophila melanogaster
SEQ_358104,GAAGCTCACTCTAAAGGACTGTGAGCCGAGGACAACCGCACCTTGCATATGGCTGTCTGTTTGGCGGCATTTTCCTCCCGACCATTGGTTCGAAGTTTAAGCTGAGAGTAAGAGTGCAATGGAGATTTGATAAAAGCGCGAGACGCGCGGAATACCCCCAAGATCTTTTAAAACGCCGCGTCGTGCATACACGAGTTCGGTAACCACGTGTTGGCGTTTCGAGTCGTAGAGCGAACGCGGAACTAACCATACCTCCCCTGTCCAATAATCGGTACAGCGTGGAGCTCGAGCAGTTTTGCAAAGGAAATTCTTGGTCTGAAGCAGATCACCTCTCGGTGGGCCGTTCACTGCACATCTTGGCGTAAGGCTATGTTGGGGTACCAGATGCTCTTGTGATAGCCGGATTCTATGCGCGCTTCCGACGGACCGAGAGGGCAGGAATCCCGATACACAGCTTCTCCTGTTAATTATACGCGCCGTCGAGGGAAAGTGAAATCTTTTGATGTTCTTACCGTTGATTGCATGGCATCGTTCTTCCCAGTCCTAGTGAGGCGCAGCACTGGGGCTCTGCCTGACCAACGATAGATAACCAGAACGTTTGCTTTGCAGTGATTGCTATCGCTTCGTAGATTTTGTGCAGGTCTGGGATACTCTGATGAACGGACGTCGACACAACTCGACCTCCGTATCCAAATTCTGATAATAAGCACTAATAGCCGCAAAGTTATTGCTAGCGCTAATTATGTCCTCATGTGCCCGCTGCTACAACTGCTCGTGACGTCAGGGGACTCCCAAAACAGCGCCCAAGGAACACCCTCGTCCGTAAAGTCGGAAGGGTAATAGCCGCAGTCCAGGATCCCATCCCCGAGAGGCATAACGTCGTACGTCATTCCTTACCATGTGAGTTGATATACTTTATTTGCAGAACGGCACAGCCGTCGACTCTCGTTATCGGCCCTCGGAATTTCCAAACAGCCGCCTGTTTTGCCCTGTTCACGTATAAATATGGTTACCCCTTCCGGAGTTGCCTCATGCGCGTGACTTGTTAACCCATTTGCAGCGAGAAGCTGTGACTTGGCAGCGCCAGATCTACGTGTCAGATAATTCAAGGGAAGCAGAGTCTTTTGTGGGTGACGGTGTCGGGTCAAAGTCAAAGTGTGATGCGTCCTGGATCGGAATCTAGTTCGTTCGAACGGCTGAGTTGGCTGCACCAGGTCATATCATAATTATTGTTTGAGACAAAGGTAGCATATACGGGATTGGCTCACCCCTTGCACGTACGCACAATAATCATGGTGTAGTGTGCGTGTGAGAGTTTCAACGAATGCGAGCACGCTGCCGACCTCCTGTCGGTACGAAGGTGGGTAAATTAACCCTTGGTATAGTCGGAGTAAGCTTCGAATCAGGACAGGTTCAATCGTAATAGAATCACACATAGACGAGGGCGTTGTGGCTACGCAATTGAATAGCGCGTCGACCTCCAAAGTTACTTCAGCTCGAACGATCCTCCCCACGAACCCCTAAAACAGCTAACCAATCGGGGTAGTCTCAACAGGAGCAAAATCCATAGGTCTTGACATTTGTGAATTGGGTCATAAGGTGCTCTCGATAGTAATTGTACCGCTAACCTGAGAATTCAATCGGACAAGTCCCCGGTAGGGCAGGCGCCAAAACAGGGCGGGCTCACGGACCTTTAAACCGCATTTCAGACGATGCCCGGGATCTCACAGGTACTCACGAGCAAGTTAGTTGCACGAACAACTGTTGGGACCGATTCCGGTCGATACCTCGCCGGCAATAAGGTCTTCCGCTCGCCTGGCTCAGTTGCGCCCATTGCACCAAAGTTTTATATCAATCGTATCATTTCGAGTACATTGGACTCTATAGCGACATAACGATCACATTATCATGTTGCTAATAGGCATGTCGTTACAGAAGAGCTGAGCCCACCACATGTCTCATATCGGGATCTCGCTT,1977,50.23,Arabidopsis thaliana
SEQ_603455,TTTTAGCGAGACATTATATAAGGTGACTCTCGAGTTGGGCTCTAGAGGACTTCCCCATTTTGGGTGGCCCTCGCGATGTAACCCTTTCTAAGCTATTTAGAATTTGGCCCCGTTTGGCAGATCCCTCAAACGGCCGACCTGATTAGAGGGCTCGCTATGCTGATCGTCATTCGACATGATTATTGGAGTCCGACCGCTAAATGGCATATGAGAGACCGCCGGTAAACCCCTTTGCGTTATGAGGTCAACATGCTAGAGAAGTCACGGGATCGCTCCCAAATACGGTTTTGGTTAGGACGGGTATTGGGGTTGATCCGTCATCGCGCTGCTTTGGCAGGAAGCTGGTTACAGCGGTTTACTCCAGCCCCAGTTTGACCGATCTATTTAAATTTTGGATTGGGAAAACCCCCGCATCCAATACAGCGCGGAAACTTTGAGGCTGAGTCAGTGTTCTTATAATCTTCAATCGCTCGATAGGAGGGAAAAGGAATGCGACATCCAACGAAGTTGCAGAAGAGTGAGCCCCCTTCCTGCATCGGACACCACTCACATGACAGACGGCATTACCCTCCCCAAGTCTATGACACTGATCATTTCAGTTCGCCATGCGAGTGGGAGCTGTGCCTACCGGTTTAATTTGGCGACTGGGCGATGGAGGATCTGACGTTTGGATCACCGTGAACTCCTTTGTCCGGCCGCACGCACGTCGCCCTGGCAGGTGGACGAACTATTCCCCCTGCGAGTACCGGGGTACTAACACTGTAGTATTACCTGCGGGCATATTAATTAATTAGTCGGTTTCACGTCCGCGGTAACGACAAGTCGAGAGCAGGTGCAGCCATGCACCCGCATACTCTTATGCCACGCATACGGCAGTCAAGGGCCGAAAGGTGACAGATCGCTTAGTGATTGAGCTCCTCGGCGCTCGAGCGACGAGTTTGAA,943,51.86,Arabidopsis thaliana
SEQ_197893,CTGCACCTGAGGGATACTAAGCGGTGGCCCTATACTTTCACTCCACGAGTACGAGGAGGGTCATTATTTTTGAACAGTGCTGATTCGGTTCCGCTGGTCAGCACACGTGCCCCACCCCCATTATACGGGCCGTACTGTGTACTCTCGCTCTACCGGGCTGACAGCTCAGTGGACGTTTTTTGTTTGAGTGATTGGCCAGTGCGTTTGATCACACTAGGTGATTGAAATGTGCCGATTCTCCGATGCGTGTTACAGCTTGTAATATAACGTAACCCCTCGCTACTCACATAGGAAAACCCCACTGTCATAATGTACACACATGCTTAGGAGGGTGACTTGCCTATGTCCCTGAACCCCTCGGCGTTGACCTACTTCCCGTGCGGGGAATGGCCTAATAGAGCTGACGTCACTCGTCGTAGACGTGGCATAGGATGTTAAGTCAGTCACGGAGCCAAAACACACACGGATTAGTCAGCCTATAACGCTGGGTATACCTCAGGAACGAGCGAAGTGGAATGGTAGGGTGGAACCAGTAATGGCCACGTGCGCTTTACGGTCGTCGTTTCTCTTATCATTACCGCGTAGCATGCCCTGGTTGGGTGTGGTTTGTGCCATGGGAGGTAGTCAGGCATCGGGACCCCGCCGTTCCTGATTAACAAATCCAACGCAGACGTAGACTTCATTAGTGCCTGGCGGCCGACCTGGAACTATCTGTACGGGTGTATTTAACTATTTTATCTTACTATACGCACCATAGAGGGAAATATTTGGTTCACGTCACGAGCCCATTTGCAGATGTGGTAAGGCGGCCATACTCGGACGCTACAACGTTTACCAGTCGAACGTGTGGCAGAGTAGAGCACAGTTACGCTAGATCTCGCGCCGCACGCGAGCGTTGTCGCCTTGATGACCGGGTAACAGTGTAGAGTATTCACCGATCAATAGCCTAAGTTTCTGGTGCATATATCTGCTCCTTCTAGTATCAAAAAGATTGGAGAGTCGCTCCTCCTTTCCCGCATGGCTGTATGGGGCTGGAGGTCGAGGCTATGAGCAAAAAATTAACTAGGACTCGGAATCGCCGATCCAAACAGGAAGTGCTTCTTAGCTTGATTCCCCAGCGGTTATAACGGGCTATTCTGGTGTCCGGTGCCTGCGGTAGTTCGCACTGTATTTTTTCGCGTGATATAGGCCAGTCAACGGTTGAGCTCGTGAATGCGAAGACGTCGTTAGACCGAAGACAAATAGAGATACTCTATGTTGGATTACCCGATCGCCGGCGAAGCTTCAGTGAAAATGGATCCGCTAAGCGTTACACTATGGCTAGCCTCGCCTTTGACCTTTCTTACCGTCGCAGAAGGGCGTCGAACGGGCAGCCTCTGAGATACAGTTATATGCATCAGCGCCAGGAAGTTCTAGTTCGACCCGACTATCAACATGTTGAGGATCTTTATCACTCAATCGTTTAGACGACAGAGGGGGTACTCTTGACTCAGTAATAGGCAGACCTCACGGCCGTGGTATCACCGTCAATGGACATCCTATTGTGCATCCGTCAGGAAATTTCATTCCAGG,1572,50.64,Escherichia coli
SEQ_156698,GGGACATCCCGACAGGAGTCTTCGCAAGGGGCCCATCGCGGCTTTCCACATGCACAATCCTGAGATTGTTCGTCATTCTCTCATAGGGAAACAGCCACGCACACCATGGATTTGTGTGTAGGGTGAACAGCCGAAGACTCAACACGGGGATCCGGTCTGATTACGCATATTCCCCGTCAATATTGGCCATAGGAAATGGTTACGCGGCGTCGCCTGACGGGCTCGGCCGGATGGAGCCAATAAGCTTAGGTGGTGGCCTAAGCAACGAACCCTACTCGTTCATTCTGCGTCTGGACCTCAAGCACTTCTCACATGGGTGTGACCAGTTATATCGTCAGACGGTCACAACTTGATCGGAGTGTCACGGACCTATGAGACCCGACTTAGCAACCATACACATAAACGGCATTCTCCTTCAAATGATTTATAAGTTTTGGCTATTGAACCCGGCGATGCAAGTGTGTGTAATAGTCCATATAATTATCAGAGCTACCAGAATGTGAATGTCGCTCCCCGGCGCATCTGTATCTGCGGAACCAGTGCTTCACTCGGTGGCTTGTGCATGTTTTTGCAAGGTGTTTGACGGTTGGGGCTAAGATACACGAGGGAGGAGGTAATACACAGCTGGCGAGAGACGAGGCTGGGCTCCACTCTTGTTTCTGGAATGGATTCATGGCCTAAGCAAACACCATCTAGGCGTTCTTACTCACAATAAAACGTACGGTCGAGGTGAGCTTGGGTCGTCCGGTTGGGCAGGGCGAGACAACGCCAGACGTGATGAAACTACCTGTGACAGACCAGCACGCTAACCCGTGGGACAAGTGATCGACATTGCTAACCGGGTGAGAGTCAGTCCATAGACCGGCGACATTCAGGCTCTCGAGGCTCGGGAGTATCAAGAGCTGGTTAGTAAGAGTGGGGGATATGTGCCACAGAGTAATATATTTGCCGTCCCTATAAGGAACTGTTCCTGGGCGGTCACGCTTTTGACACGACGTGCTAAGCTGGGGGGTAACGTATTGTTGT,1026,51.85,Mus musculus
SEQ_377884,GTACAGTCGGGTCATCCAACTCAGGGAGCGACAATTGAGTTAAGCGGGCAGGGCTGCTCCCCCAGGCGGTTACTCGTCTTG,81,59.26,Homo sapiens
SEQ_215142,ACACGATCAGCAATATTAATACCATCAGAAGGCCCATATGAGTTTTGCCCACCAAAACACGATATCTTATGCCGCACGTTGGAGGCGTTGCCAGATCACCAGAGCACTCCAGCTAAATACAGGTGCTACAATTACGAAGCCGTGTTTATCGTGGTAAGCGTCGTCGTGCGGGGCGTCCGGGCTCGCCACCCGACCTTCGTTATGGTCAGTCTAAGGTAGGCCGTTTGGACGAC,233,52.36,Homo sapiens
SEQ_259992,GGATTGTAGTGGATACGGCCACGTGCTTCGGCTGTCTTTACCTCCCTCGCTATAATCTGCCATCCCCACATCGGATACCTGATCGGTCGGCAATAGCTGGGTACCTCACAGGCAAATCCGTAACGGAGCGCCGCTATCAACATATTGTTTACTCGAGAACTTCGAACAAGCCGCCACTACGTACTTTCTCCTCATCGGATGCAGTTTTGGGGCATTTTCTTATGTACGAGAAACGGAAAACAGTCGTTTTGCGTAAATCTACAAGAAAGTCAATTGACAACAACACTTCGATCTTCGGCGTTATGGACCGCTCGGCTAACTGCTGCCCTACCAGTAAGGCGCTCAGGAGAGGGAACTATGGCGTCCCGTCTAGGCGGCCTTTCCATAAATTGCCCGCTTGGAGTCTTACTCAACTAAACTATCGCGGGGAGGATGCGTAGGGGGTACATAGCCGATGTCTGTTATTTCTTGGGCCCAGAATGGTCAGGTCAAGTATTTGAAGCAGGAGGTGATTATTGCCACTAGTCGCCCTGCCGGGCAGGTTAATCACGCGGTTGCCATACCATGGCGTGTGGCCGACTGTGCGAGTAAATCATCAAATTGCCGCTGAATGCGTGCCCTTGGTTCAGGCGCAAGCAGGCGAGTACATTCAACATGTAGTGAACATTCGTCCGATAGAATAAAGCTCGCGCTGATTCACCTAGGTATGGCTCCATTGGTAATAGACACGGAGGTAGCGCGAGCCAACGTCCGGGGTCCTTAGGAGTCAAGACGCTGGAAACTCCCGAAACAGTGGACCGTATGACTTGAGGACTTGTTCGAATCTATCCGAGGTGTATGTGAAGCTCGACCTGACATGGAACCAGGCTTAAAGACAGGTTGCCGCACCACTGCATGTAGGAACCGGTACTACGTCATTAATTAGCGACTGCGCACCGCTCGTATAACCTCTGCTGACGTTCGTCTCCCTTGTGTTCACTATAGGACGATGGTTAAACCATATAGCGGGTGACCACATCAGCCATTAATCTGTCTTAGGTCAGGCAAGCACGGACCCCTTGAAACGCCAGGGGACGAAACAGTACCGACTCTGACGCTAAAAGACCTCAGCCATCTCGGTTTGTTAGCAAAGGTCTTGTCTGAACCGTCAAATACTGAAGGTACGTCTGCTTAATTGAAGAATTTTTCCACAACGGCCGAGGATGCCGTGGAATCGCATAATTTCGCATTACTGGAGGTGGCCATTAGCAGCGGTGTTACTTCTGTACTCTAAATAGGGAAGCATGTGTAACGAGCGCCAGCCAGGCCTTCGATGTCTTTCCTGCTTTCCCGTGCTGCTATTCACTTTGTCAAGAGGGGAAGCCATCAATCTTGCTCTGATAGGCGCATACGCAATATGAGGCATCCGGAGGTCAGTGGCTGTACTAGAGAGAGGGCGCATAGGGGGAACGGATAATGACGCTCGAATGCTAACCGATTAGCTTTGGCCCTACGTGCACAAATACATTTCTCTTTTGAGCCGTCAAAAGCGGCGGTGAGTATAATGGCTTACTTAAACTCGGATCCGCTGTAGGGACAGGATCTGGGTACCGAGTCTGCTTTTGGTTTCGATAAGCAAGTTAGCGGGCTAGCATCACCTGCATCAAAGTGAGACAGCTTAAAGAGTTGATTCTAAAGCA,1679,50.33,Homo sapiens
SEQ_647042,GCACGAGTCTACGCACCTCCAAGAACAGAAGATGCGTCGAGCTTGACGGCCATTGCCACTCCCGCTGCTGAACCCTGATACCTTAATAGAGCCCGAATGGTGGATGATG,109,55.05,Drosophila melanogaster
SEQ_176996,GATCGGCAAGACTTGCGTATGCACTGATTGCGCGTAGGCCGGGCACAGCGAAGCCGGGTTACATTGGGGACAGAGTGGATGGTGCAAAACGATCCGGAGGTTGAAAGAATCCTCGGCATGACGAGCTTGCTAACGAGACGGGGCTCACTAAGTTCACGCGGATTCGGCCAAGTTGCTTCTTTCCATGATTCTGTATGGCACTGGTTGCTTATCTAACTGGAAGTGGTAAGCTGATAGGTCCCGTAGCGGCCGGGTCACAAGCTCAGGATGGTCCTCGGATTCGGCGAGCCCAGTCACGTGCATGCGGAGACTCTGCCGTAGGAGAGTATAATCGGTCTGATTGGCGGGTGCTAGTTATAATTTCACCGCGTGCCGACCTCGGGTCAGTGTGGAATTATCGGTGGAAATACATCTCCCGCTATGGTGCATCGTACTGCATCCCAGGTACTGAGCGATCTAAGAGTTCAACTATTCCTCGCAACTGGAAAAGGGTAAACGACCCTTAATTGTACTTGGTTAAGTAGCACGGAAGTGTAAGGCGGGCCGGGGAGGCGGTGGTGGAGATAGACTGATCAATTTGGCATAGGCCAACATTCAATGACTGAGCGCCTCCGGTTTTTTTGACTAAAACAGCAGAGTGTGAGGGCTTAAAGAATTTTGTGATGTCGCACACCATATCGAGACGTCTTGAGCCGTTCCCCACATCCGTTCGACTGCTTCTAGCCTTGAAATGGGGTCGGTTCGTTGCACGGCGCTTCCGGGGCGCTCGGGAAATCGATGGGCCAAAATGGCGCGTCACCCACTCTCGTGCGCTACCAGGACCGACGATCAATTTCAAAGGCGCTTTAAAGCCCCCTGTACGTGACACGCCGGGACCACACCGATCGTTAAGTGATATTCCGCTGGATTCCTTGTAGGGCAACCGTTGTGTTCCGGATCCAGAGCGCAGCATGGCATTTGCGTCGGCGGGACGCATTTATTAACGCGCCCGATCATCCGTGTGTCTGCGTTAAGCAAAAGGAGTGATGTGCCACAAAGGCAGTTGGGTAATTACATCTTGGGTTTGTCCTATGGAGTCACCTGCTGTAGCGATATTATACGGTGCGTTGTACGAATCCCACGTAAAGGCACGAG,1134,53.17,Caenorhabditis elegans
SEQ_598217,AAGCGATAAATGAGGTCAACACCGATTAAATAGGCCCACATTGGTTTCCCAACTTTGGATTAATGAATTACGTAACCGCAGACGGTACACGTTTACTACGCATACTGGACAGGGTTATGAAATCCTCCATCCCTGCAGATTCGGCGTGAGTTTCAGGCCTCGCCACAAACCTCTTTATCATGAGTCCAGCGTCTCGCAGATATACCGAGGCCTGAAAGCAGGCCGTTCGCGGAAGCAGTAGCTAACGAGTTCGACCTCGGTGAATGTCTGAGACAGACGTCTTATGGTCGATCCAAGGATTGTGATTCTCGAGTAAGCAAACGTTCCGTACCAGTGTCTGACAAGATGGTCCAGGACTGCGTAGCTAAGGGTCACCGGCTATTGTAACGACGTAGTGGAAATTTGGATGGATGGATCCCTACGTCTTGCGACCGGCGCTATAGGCAAGCATAGATGGTGTCGCCTAGTAGCGGGGACTGTCTCCGAACGTACAGCTATAATTACAGCCATATTCTTCTCAGCATTAACGAAGGAAAACGAGTTACTAATGATTTTGCTCAACTGGTACGCGCAAGGTGAACGGAGTCTGAAACGAAATGCCACCCGAGCACCACCGCGTACACCTGTCAATTTTATTGAAAGAGACGTCCGGGCACATTAGTAGAGGCCGCCTCGTCTACATTAGGAGAAGTAGGGTTATATAACTTCTATTCCAAGCGGTTTGGCTGGTCAACTCAGAGGGGTCTAGTCTACTTTACTATCATCGTAACCTCGCCTCAATGCAAATGCTTGTCGTGCCAGTTATGCTTGATGGAGCCTAAATCTCCATTTACGCGCAACATATTAGACGTAATGAGTAAGCACGCCGGGTACAGGTTGTAATCGAAGTGGCGATATCCTCGAGATCAATTGACACGCAGGGAAAGTGTACGTTAGTGGACCCTCAAAATGAAAGTCGGTACTTTCGCAAGCAACAGAGCTTGCGCAATCCTCGTAAGATCTACAAATAACTAATTTAA,1019,47.5,Drosophila melanogaster
SEQ_474894,GTCCTATGTACATCGAAACACGTGGGGCCGATCAACCGAAACAATTTGCGACATTCAAGATTAAAACGGCCGCTGAGTAAGCTGCTCTAGGTTGGGCCGGTATTAATAGACACGCGCTCAACTCAGTGGCTAGAGCCGGCATCTTGCGTCGTGGGACTGTCTTCTGAAAGTGAGGTCAGGACCGTTATGTCCGGACTTGATGCCACGGTAAAGAACAAACGTAGTCACCAATGTCGCGCTTAGGCAGCCTCTCTATCATTCGTCTACTGAGCGAGTATCTCGCATGAGGCCCCGGGTTACTGTGAACGTTATGCTTTTGTGGAGGTCTTGATTGTTCTTTAAGATTAAAAGAAAGTACAGGACGACTAAAGTACTGTTTGAGTTGAAGGCGAACGATTCGCCGCGCAGTGAATTCCCGCTCGTGGGGGTTTGCTGACCCCTTAGACCAGCTATCAATTACTTCAGTCTGAGCCCGAAGTGAGACACAGGTATTGGCCCCAATCGAGTGACCCCTTAGACTAGCGGGTTGTAGCGCGATTACGACAGCATAGTTTCCAGTGCTGCGAGACCAACTAATTGAGGCCATTCAATTCGCTCACAAAGGGCTGATCCTACCCGTCTATGCACGCAACGAGCAGGAACGCAACAGAGAGTTCTAAGCAGTGTGCAAGACTAGTACCTCGTCTTCCGGACTAGGGGCCTATCGAAATGCACGCCCCCACCCCCGATAATGCTTTCAACCATTGCGTCGTTATTCCACTTAGCTCTAACTCAGTATAAGATACCTTTCCGAAACCGGCTCACTCATCTCCGACGACAACGCGTTGGGTTCCTTACCAGGCGCAATTAGGCTTCCGTCGCAAGTGCTACTTGGACTCCAGGGAGTGACTTCAGGCGCCAAATGGTAACACCAGGTTCCCACCCGCGCCCCTTCTTCGATAGTATAAAGCTAAACTTCCGTATTGAAGAGGAATGGCCATGACTGGCCTGACATACTATCGTTGAGCTAGCACTTAGCACTTGACACAAGGAATCGGCGGTACTTTGCATGTACCGAATCGTCAAAATGATCTCGTTCGGTGGGTCGCCCGATCTAATCGTATCGATGTAGTGAACGAAAACAGCTAGTTTCAGTCTAGCCGGTAATCTATCATTTTCTTACACATGCAGGAGCAGATTACTTGTTAGCTAATGAGCCGACGGCGCCAACTCTAAGTCACAGAGATATCGCCTCTCACGATCTATCCCGACCCATGCTATAGTTGTCTTGGGAGATCGTTCTTTCCGTGCACACCAGAAGTGGGCTGCGGTGCAACAGGGTCATGCGTTTGTCGATAATCGCATGGAGCGGAGGATCTCTGTGGGGCATCTCGTAGGCGTTGCCCTTACCACTGGGGATTCGATCGACATGGGAAAGGGACACTCTGATGTACTACCGGCACTGATGGATCTAGACGGGTCGGCAATCCGATATGAGATAGGGGGAATGATTCGCTTACGCGGGTCTCCAGCAACAGTCATGTTGCTCTCAGCGTCCTCAATGTGGCCTTGTAGCGCAAGACGCCTGTGAAAAACTATGCGCCCAGGAACCCGTCGACGCGATGCACGACTTAGTAATTAGAGGGTGTTAGCATCGCTGGTCAGGTGCAAGACGTAAACGGAAACCTGAGCGCCTAGCGATCCACTAGGGGGCATTATGCCGACAGTCGCGTTACACTTAATTGCCCTACGGGTCGGCCCCGCTTGTTCCAGTTACGTGTACGGGGATATGAGGATACGTATATGCGTGCTACCGCTGAGATTCGTCATAGTCCATGTTCTGTATATGGCGTAAGGAGCAGACGAACTTAGGTTGCCCTATAAATAACACGGCTACCACAGGAGTCAAGACGCTAC,1896,51.11,Saccharomyces cerevisiae
SEQ_943377,TTAGAATCGTACTAAAGACCCCTTTGTTCGTATCCGATGAACTGAGGGTCCCACAACTATGAACAGACGTCTAGATAGAAACTTGCAGTATAAGATAATTGCAGGATGTCCGTTTGTAGATTCATTGATTCTGAGCGACGCTGCGAATGCGGCAACATCGAAATCGATAATAAAAGCATCCCTCATGCCTCTAATGTTGGTCAGCATTGCAGAATTAGAGGCTTGAATCGTAAATGAGACCTGACCGCGACACCGGTTTAGACATTGTGAGGCACGGCTGTGATATCCAAGCAGACGCATATACCGTCCATGAGGCTTCGTGGAATTTCAACACATGGGCTACATACTCTCAAACGTGTATTTCGCGAAGCGCCTATGGAGGTGATATCGGTCGCTCCTCCAGTATACATCTCGGGTGTTTATAACGGGTTCGCTAGAAATCTTCCTCATCTCTAGGGGCAGATTGGTCCAGCCGCTTCTCCCGGCCACGGCAATGATAAGTGGTATGCGATGAGAATTTAGGGTCACTGCTGCTCCGGCCCGGCTATAGCCTTGTAATCAGGTAACAGGATTTGAGGTCTCCGCGGAATCTCTGAATCAGAGATCGAGATAGACCTTAAACTTCGTTGTAGACTAATACAGTTGACCTGTCCGTGGTGTATTTCCTAGCACCCTCCAAACATGGTCGCCCGGGTATATCGAGTTGGCAATGGACCGGGTCCGTCCCTTC,730,48.22,Mus musculus
SEQ_244592,GGCGGAGAACAGAATAATAGCAGGAGCGTCAGGAGTTGAGTAGAGGTGGCAGATTTAAACTCGGTGTGTAATGGGGGGTATGCAACTTTCGGCGGTGGGATTGGCTTTCACTAGAAACAGGCGTCAGGTTATCTCTCGCTTTGGTACCCTGAAGGATGAAAAACGTGTCTGACAACCATG,180,49.44,Homo sapiens
SEQ_289606,TACGTATGCCTGCGAAAGAAATACGCCTGGGGCAGCTTGTATCATAATTGCCGTCGTAGATGTGTGCCGTGCTCAAAGTAAGTGGGGAGGTCCAGCAGTAACGCAAGTCGCTGGTCGAGCCAAGTGCACTACTCCCGGGTGGAATTTAGTATGAAACGGGCATATACGTCATAACCTCCAACGTCCGAGAGCGGTCGCGTATCGGATCAACCTAGTCTATTGAAAGGCTCTCACCTCGCGTTCTTCCGGATCTCGAATCTTGGGATTTTGACATTAATTTATCGCAATTCGGGTTAGAGACAATTGCGAAACTACCAACGACTTGATGTACGAGCAGATACTTAGCATGCGGCGTATGACACGCCAATGGTGGCAGCCGAGTCTACTATGGCGCATTCAGTTCCGTATGTCTAGAGCATGGAGGAGACATCCCGGTCGCGAGTATGGCAATGGGACTTGGTACTGAGCAGAACTTCTAGCCACAACACTGACAAGACTTCCTATTTTAATCGTTACTGATGCGTGGCACATCAACGTAGGAACTCATACCTATTGAGAACAGAACAACGAAAGCAAACGTCTCGCGGATCCAGGTCCAGGTTTCGCCGATATACATCTCACCAGGAGTCCACGGATTCCTATTTGGCTCTTACGTTAGACCTGGGTACCAGCGTCCCTTCGCACAGCGACCTACGCCCTTACAAGCCCGTGGTGGTCTGACATGATAGGAAGAAGGATTCAATGGAGTTCTATCGTTTGCGCGCGCGGAGAAGTGTACGATTTCACAAGGTTGACAGTGCTGGGATGGGCCGTTTCGTGTTCCTTGAGCTCAGGCAGGAGGAGGCCAGAGGTCACAAATAGGGGACGCGATGACCCTTCTAGGTGATGACACTCATTGCCGAAGCCGATTCGTGGCCTCTGCAGTTCCCTAACCCGAAATGTTTGCTTAAAGGTTCGGGTAGCACCCCCGTTTGTAAGTAGAATCCAGAGCAGATGTGGGTCTACCGGAGTGCCTCGATCTGTACTTCTGAGTTAGTATGGCGTAGTTTTGGGCACAGTTCGAACAAA,1068,50.75,Escherichia coli
SEQ_693077,GTGAGTATAACTCTGATACTTCATCTTCGTCGACAGGAGTTTCGGGATGCACAGCCGTCCCGGAAGCAGATCCTCCAAGCTGAAGTAACACCTGAAAAAATGAATACTATCCCTCCCACTCCAACTTTCCATAGTGCCAAATGGAGTTTTATGGCTGTCTCTCATTTCGCAGAGACTTGGGCACCGTTAGATCACTCTGAACCATAGGGTAGAATGGATTCACTACCATGTCGTAATGCTATTTCAGCTCGGTCCTCAAGGACGACATAGAACAGACGGAGATATGGACTGCGCACGTAAAAGTGAGACACGTGAAGTTGGTACTGAATGGTGCGCTGCAATTTGAGCGCATGAGCCACAGAGTATGATGCCGTTTTTCCACTTAAGCATGTTCATACGCATAAGTAGCTATTATCTTTTTGCGATTTGGCGCTGGGTCGAAAGACGTGATGTGAGCAACCCAGGGACAGCCTTAACTGTTTGCCAACCTGAACGATCTCGATGGTGTAGCATTAGCCGAAGTGCATTACTTGACCTAAGCATTTGGCATAACTGCAGGAGTCGATGTCTAGAAGGTCGAAATTAAGAAGGAACGTAAAACCGCGATAATGCGGAGTCAGCCACGTAATTATGCGGGCAGTAATTTGTTTGCAAGCCACTTTCTATAATGTCATTATGAAAAGGTCCGAGTAACCAATGGATCACGACGACAGGTACTTACTCTGGATCACGGGTGCTGTTATTGGGGATAGCACCCCGCTCTGGACCAGACCTTGTGAATTACCCCGTACGCGATCGTTTTGAAATCAGGGGACTTATGCCATTGAGTGCGAACGGAGGTAGGGGACGTACCGCGACTCATCGACTGTTTGCGCAGTGGCAACAATCTGATACGTAACCGTAGGTCTAGGTTAAGCATCAGTATTCCCCATGGTTCACAAAGCCGTAATAAGAGAAATCAGCAGCGGTGTCATGAACGATCTGTCAATATTTCCTTTTCCAAGTTGACAGCCCGCGCCACGTCCAGGACGACCGCCAAAAAACCAGGTCATAGCCTCATCCCCCGGTGCCCTTGTTGCGGGTGCGCGAGGATAAATGCTAAGCACGAACTATCTACTTTATGGATTGCACTCGTTTGAAGCTTGTTTTTTAAAGTCCAATCATGTAGATTGTATGCATTACCCGCACTCTTGCGGCAGCCCCAATGATAGACCACAGACAGTGACTCAGGTTCCGGGCTCGACTTGGCATATGTTGCGAAAGTTGCTCCCTTCCATGTCGGGAGGATGGCTTA,1294,47.99,Saccharomyces cerevisiae
SEQ_191986,CAGACAATAAGAATACTCATTGCGCAGGCACAGTTCCCTAGCCCGATCCTTGGGTCTATAGTCACGGTTTAAGAGCCACTAGAGCAGTCACAGGACGTACACTGGCGTGAGGTTACCTCTCGTCGGACTAAGACGAACATCCAGTCGGGCAAGACAAGAGGTTATCGAATAAGTTACCGTGCCATCGACTTTAATCGAACGGCTCTTATTTCCCCCAGCAGGGCATCCTTGACCGCCCCTGCCCCAAGATGGCCGATGGTTGGGTAACTTACACATTAGCAGATCAGTCTGAACGGATTATACCGAGGTTGAAGGGGCGTACTGACTTGCCTGGAACTCTTCATTCTCTCTAACACGACTCAAGGATGCCGACACAGTTCGCAGATATCATGATTCTGTGCACGGGGCACTACAACTCCTACGTTTTCTCACCGACGACGCATCAACAATCGCGCCGGGCAAGAATAGGGTTTCCTTTATATTGCCAGCACACCTAGCAGAAGTAAATGGCTACAGCAATCCGAGCTGCACTTGTTTTTTCAACAGAACGACTATGGTCGCGGGAGCTCATTGTTGGAGGTCTCGAAAGTTTGAAGGGCCATGTACGCAATTCGCGCCACTGAGTCAATCGTTGCCTCCCGCCACTTTGGTTTGCTGAAAGGGTGTGGGAAGGGTCTTTACCAGTCCCTGATAGAGCACAAAGCGAGTCTGCAATTATGCTACACATGATGATCGAGGTAAACTTTCAACGCGAGCATTTTGTACTATGCGCGTTGTTGCCCGGAGTTTTCGGCCAAACGAGTCTGTTGATTACGATTGCAGTTCCTACGCGGACTAAATGCGGCAGGCGTAGTAATTCCCCACTTCCAAACATAGAGTGGCCGTGAACTTATTTGAAGTTCGTGAAACGCGTTTGACGATGCCTTCAGATCTCCAGGACCGTGCGTGATACTCACCATCTTCATGGTGGTTCTATACTGTCTCTGCACGACGCTTCTTGTCCACTGGATCACGCTGCCCGAAGTTTGGAATTTTTACCCGCCACACTGCTTGGGCGACCGTGAGTCTGACTCACGGTGCATAGTATAGAGAACTAACTGGCAAACATTTAGGTTAGCATCCGTACCCGTCTGACAGATGCGTCATGGTGCTCCTGCCACATGATAAGTACGGGAGCTATTCCCTCTCTAAAAAACTTCAGTCATGGAATTCTTTGAGATTCATAGAGTCACAGATCCTTCCACCATGTCTGACCTTTGGCAATTATAGGGGTCGTACATCGGCGCTCGGATCTGTGCGTGGCGGGATTCAAAGTTTGCGGCAAAACCATCCCGAAAGGGAACAGCCTGAACATGTTTTGTTCACAACTAGTGCAAAATGGAGATGGGCATGAAACGACCTGTGTGGTGGATATACCGTGAGGTCATGATACACGTAATCTCGGTATAAGGAGAAAGGGCGTGCAGGAAAATTTGTCACATAACAGTAGTCAAATAGGGTGCTCAGTAAATCGTAGCCGGAACATGTATGACGGGTGACTTCGGATA,1547,49.19,Escherichia coli
SEQ_553319,AGATGCAACTCAAATGAAGTGGCTGGGGTCCGTGGCACACCTTACTTCTGGTCCTAGTAGCAGACTGAAGCAGTCGGGTTGGATGCCTGCCGTTACGATTCGCGGCAGCACTCGTCCCCCTTGATAGCCACGTGCGCCAATTACGAATACACCAGCTAAGGCCATTGACCGGTTCACGTGTGGAGATAACAGTGGGCTAGAGATCTCTTAGAGAGGCGGTTCGAATGTAGGTCCAGCAGCACGCCATGTCCTAATACGCGTAGCAGATTGGGCAGCGACATTATAATCTGATAGGTCGAGCCCATGGAATTCGCTCTATCCTAATGTCCGATGGGTTGCAATGATGTCTTTCCATACGGGTCGGGATTGTCGACCCAGTCATGGCTCGCCACATAATAGTAAACAAATTTGTCGCATGCCATATTGCCACATTGGCTCCTTCCCCATAGTCATCGGGTTCCGTAAAAGACCACCAGTAAGCCGACTTGCATGATTTTGCATGTTCGACGCAGCCTTTGGTACGGTCCCGTAGCGCGCATTCTTGAGAAAAACAGTTCTCTCGGAATAAGACTTCCCTAGTCCTGCTGCCAGCTTCACAAGCCTCGTACTGACGACGGACTTTCACGCGAGTTCCGGCATTCAATCATCGAGCTGGAGCGCGGGTCTCTCAGGCCACCTTTGAGCAGCCCGCCTGAATGTAAGAAGGC,707,52.48,Caenorhabditis elegans
SEQ_334704,GAGACCCCGTTTTGGCCCCTCCAAAGGCATACGTTGAGTGGTCTCCTTAGGTCGCCAAGAAGATACCGATTTCAGTGAGCTGTCGGTGGCAACGATTTCTGCAATGCAGCAATAGGCCCTTAAGTTTCTTTTTGCCGGCCGAGTCCTACCGTTACCTCGGTTATACCGAATCCGTTAAGACAATACGAACACATGCTATTCAATCACTTTTTCCCCTTAAGGCAGGCTATTAATACGTATGCCGAGCCCCCCCCTTGTACGTACTGTGCTAGGCGCTTGATGGAAGGCCGTGCGCAAGCCCACCGCGAGGCCTGGATGGTGTCTATCGGCCTCCGCATAAACCGACCGGAATCCATACCTGAATCTAGACTGTTCCATCGGGGAGGATTTTCGACTCCCGCGAGATCGTACTGTGCGCACCGAATAAGTCGCTGCATCAGAATGAAAGTGTCCGATGAATACCTCTGTGAAAAAAGATTGTTCCGCTAGAGCGTCTTT,498,51.41,Homo sapiens
SEQ_136175,TGGGAGGACCTGCTAGAATATCTCATAGTTCGATCAGACGAAGCGAGGCCGAAAGAGCTGCTACCAAGAAGCTATTTTCCTTATTTGCGGAGTGTCCGCCTAAATCTTCGCCCTCGCTGAACAGATGTGTTGCTAGCCATACGTCGGACTGCAAGTTGTAGGGCCTGGCAGGGTGAGGCGGAGTTGACGGCTAAGAGACAGAGCTACGCGAAGATTTACTGTCTTGTCCAGTGCTGAGGGTATCCGAACATACACACTACTGTATTTACTGAGCTTCGATACAATCGACATATCTGCCCCAATGGCCTCGCCCCGCAGCTACCCTAGGATACGGGGTCTTTGACCCATGGCGGTGTATAGTGGTTGTGGATCGACCTTATTAAGGAGCGACCATTCGCCCTAGCGATCCTCATCTTCGCGTTTAGGGTTGGCGCAGATTTTGTGCAGTGACCGCAGTGAGAGCAAAGATGGCTTAATTTCACTCAACCATGGCCGTACCAACGAGCATAAATAAAGTCGATGTTTCCTCATGAAGCTTTATATCTCCCCGTCAAGACAACAGAAGAGCCCCAGACATATAACTAATGCGTTTACGAGGAATCATTGAAGGGAGTAACAATCTCACGTTCGGCTTAAGCAAAGTGTCCACGCAGACGGGAAAGAAGCCCGAACACTAGATGGACCGATCTCGGGGTTAGACCATGAGTGGCTTTTTCGAACGCTACGGTGGTCCGTATCAGCAAAACAAGGCTATCTACTGCGAGGAATTGGATGCGCGATTGGGCAGGAGGAGGGCCACTACAACATCTCGCCTATTTAATTTCGACCTATAATATCTAGCTGTCGAGCGAGCGTGACTTGTATGCGAGTCGGGCCACCAGGCGTCTAAAGTTTCGTTGTCTCTTCGCGATATCACGGGCAGGAAGATCCTATGGCAGATGCGTGGCGCACTCGGGGTTTAGCCCGTATTTGCAGAACGGTATACCCCCTCCTCGATAGCTCGCGACGCGTTTGCCCAGTCCAAGGCGATGAAATGTGAGGGCCTTGCGAATACTTTCGCTGGCGTTGCCGATAACAAGGGTATATCATTATGACTCAGGGATCTGTTATCTTATTTCCGCGGAGCAGCTCCTGGGTCGGCTGCTGAACATAAGGTCTACCAACTTCAGCCCCATCACATGCAATGGTCTGTTTAAACGCTATGTCGCAGACCTAGCGCTGCACGAACGGAGAACATGCCATGCCGGCCTCTGACCTATGCTTTCCCCTTGATGGCATGTGCGAGGTATGAATACACATGAATTATCATGGTCAGCCTACGTAAGGCATAAGGCAGGTAAGGGTCCCCAATAGGCCTCTTGTGACTTGAAAGATATACAGTTTGGCCAACGTAGGCCGTCCCTGCGGAGACTGATGATTATCTCCTGCCCTTGAGGGACTAGAGTGAACCATCGGATAGGACGTCAAGTTGTCTGGTCGTTAGTCTACCGTAGGCGATGAGAGCGCCGCCAGCGGAAATCGATGCTCTGATAGCCGGGGGCGTCAGAACGTGCCGGATGATGTATGGGAGCGGAGCGAGTCTACGAGCAACGCAGCCGTCAGAAAGCCTCCGCCAGTAAGATACCTCAATCATTACCCCGAGGACACCTATCTCTGAGTGTACACAGTATTAGTGCGTGCCTAGTTTATGTGCGGTGCTGTCCGTCTGGACCTTCACTGTAAATCCAACGGATTTTCTCTCGCGT,1745,51.52,Arabidopsis thaliana
SEQ_773813,GGTAAGCTAGGACCCCCCCCTCTGCGTAGTAGGGCATTCGCGATCGACGCCCTACATCCGCGATGCGTTTTGTGTACCTTTGGACATGACTACACTTAAAAAGTGTCGGTCGAGGTCCGGATACTTGTTATGGGTCGCACAATGAATTGACGAAACATGGATGCGGATCGACACTCCTATTCAACAGTGCTGCACGCATGTTCACTCGGGCCAGCCGCCTGCAGATAACGGGAACATGAAGCTCTCGCCATTGCCGCCAATTCGGCCGCCGTTAAAATCCCTCCAGTAAATTGCAGGGATCCTGGCTAGCCGACCTGTCAAAGACAGTCTGCACAGTGCTTTTCGTATGTAAAAGCTCCGACACTCCCGGGGGGTCTATGCGTTTATGCTCATGTGTCTTGAAGCGCAATACTCCCCAGGTCCGTTACCACGTGCATTGAACCCTTCTTAGCAAATGTACGACTAGGAAGTAGTCTCGAGTGGCCCCCTGCTCCCCAATCCGGCATGTGTTTGTGAGTCAAGATTCTATAAGTGATAGCTGTTCTACCAGGGGACCGGGATCCCTCGGAGCGCCGGTTGACA,582,53.26,Drosophila melanogaster
SEQ_303788,CGCCGACGAACTGTGTCCAGGGACAGGGATAATAGGCTATAGCTTTTCCCTCCCAGTGGGTCTCCGAGAAAAGAAGGCCGCGCCGTCTACAGATGTAGAGCGAACCTCTGCAACCATTTTTTTTTCTATTGCTCTGTTTTATCAGGGCCCGGATTGGAGCATCCTGTCCACTAGCAGGTTGGTAGAACTCCTAAGAAGTTTAACCTG,207,50.24,Arabidopsis thaliana
SEQ_788847,GACGTCACTCTGCGGAGGCGAGAGGAGCCAGCTTGGATAATGAACCTTCCATTGTGACACGTAATAATTTGCGGGATCATGATTCGAGGACCGGGCACTCTTCGGATATAATAATTGTCTGAGCCTGCTTTACCAGAACCAGATGGCTTAGAGCACCCGTAGTGCTCGAGATAGTAGGAACGGGCAAGCAATCGCTAGGCCGCACAGCAAAGCTGATTCGTCTCTGAAGCCTTTTATCTAGTATACTAGGGCACTCGCCTTAGATACAGCTGCGCCTTTGACCTCTCCGTAGTCGCGCGAGTTATACGACTCGTGTCTTGAGACCCATTTAAGTCCACACT,341,50.44,Homo sapiens
SEQ_755920,CGCGACTCCGGGGCCCATACGGTAAAGATGAATCAATTGCTGTTGCCCCTTCTACGCATAACCTTCGTCACGACGGCACGTGTCCCCTAAATGCAGCACCAATACTATCTCCATCGTTTTGCAGCCGTAGCAGACAACATCCACTGACTGTCGAAAATCTCCAGGCTCTGGTCAGTAGGATCTAGGAACCTGTCTAGGTACGCGGGGCGCACTCTGGCTCTTAGATACGTCCATGAACCTCGATCAGAGCTGGCGAAATAGAGCTCTCTGTTCTAGAGAACCAGCAAGGGAATATCGGATCACGTGAGGTAGGCGGATACGTGTCACATATCTGCACTGCCGTCTGCCTTATCTTATAACATCATAACGAACCGCGACGGTCTCCAAAACGAGGGACAATACTGGGGATGACTTGCATGTCATGCGCAAGCCAAGGCATCATTGACTCCCTAGAAGTAGAATCTCTATGCACAGTTGCATTCAGGCCGTGTTGCACATTGACACAGAGTATAGTAGACCGGGAGATCGTATTTCATTAAATCACCTCCTAAGAACGGCTCATAGGCACATAGAATGATAACGGCCAATCTTGAGGAAAACCAAATGCCGAGTACTGCGGAGCTAGAAATAGCACGGGGCGGTTGACACCGGGCACCTTTGGGGAGCAAGAAGTCTTACACCA,682,50.29,Escherichia coli
SEQ_530436,ATGTAGGAGATCCCTCAGTCTGCAATAGATGAACCTTGTAGCGAAATGAAGCACTTGTGCCTAAAGCATGACGGGTGAGCCAAACTTATACGTAAGCTTGAGGAACCGTATGTACCCAGGTCCGCACATCTCCATTAGGAGTGCGACTGGAATACAATCTTTAACGGGTCGTCATAGATTGAATCTGGGGCCAGACCACCCCCTGGGTGTTATTATAACGGAAAGCGACAAGTTCTTGCGTCTAGAATCGCCTTAACGAGAAAATTACTCCAGTCTTCGGCGGAGTCTTGCTAGACACGACCTCCTAATCGATCGATAATGGTATACGCTGAAAAACGACAGGAGCGTCCCCTTTATTGCTTACACTTCCGCCGAGGGTTTGTAAACGCTGTGTAAGTCTGAGCACGTTACAATCCGGTCGCCCGCTTGCCCGGTATTTTCTAATTAGTTACAGCTATATTCGCCATACGGACCACCGTACGTAGCGGTTGCGTCAGGATCTTTTGTTTGTCCGGGAGACACGGGGAGTTTTCAATTCCAGCTCACCTTCTTGCCATGAGTACCCGTTGGACTAATTTACAGCGAGCGGTCAGCCACAGGTTCTTGGCCAACGTAGCTTATTGAACGTTGGCTGTATATCGCGTCTGGCCACCTCTCGGTTGTCACCGCCCAGGCTACTTGATCTCAGGCACACGCAATACGATGGCCGTACTAGACATCCCACTTCGTGTGCTCTCGTAAATGATGCACCCCGAACCCGTCTGGGACGCGAATAAAGCCACGAAGCGTATATATCCCGAGGTTGTTGGTCCCGGATTTCAAAACGGACGCTGTGAGATCTCGCCACCGTCTTTTAACACTCGATATCGAACATGTACCGGCGCATGTAGCACGATAGTAAACTATAATTAACAACCAAGTATAGTGTTTAACATTCGTCGGTTCTTAATGCTTACACCCCGGTCTGTCGTGCCGGCGGTTGCTATCAAGCCTTGGTGCGCTGATCGGTGAGGCCCGGACGTTGGTCTCAGCCTGGAATGCAATTGATTCCTTTGCAGGGATATTACCCGCTCTGTGGTATTCATGTCCCGATCTTCCTCGGTACGTAACGTTATGGTATCACACTAAGCCCGTCAGAACCCACAATGACAAACCTGTTCCGACGGACTGAGTCCTGAGGGCCTTAGGCAGTGAGCAATTGAATTTTTGCGTTGCTGGGCTCAACCTAAAAAATCCAGCAACGACCTTGTGAGTGTACACATCCACCTAGCCAGATCTGTTATTTTGCTTGTTGTAGAGGTGGTCGTCGCGGTCCTGCCGCATCGAGGTGTGAAAGCTGCCTTCACATCATCTATACCTCTTATCGTGTGACACCCTAGTGGGCCTTAGTAAGTACCTAGCTAACACTGACCCCAGAATGGATGTAGTGGGACCACGGGCTTGACTATATACTTGTAATTCGCTCGTTGGGCGAGTGTTGTCGACATGCCGCCGAGGCCCGTATGCGAGTGCCGTAGGTTATCTATATTTGAAAGGCTATGCGCACAAGAGTCTTCGCCATATCACCCTCATCGAATCTTCAACGGACAGCCATTGTTGGACGCCTACTTCCGTTTACTCGAACAAATTACACGACGCAAAGTGAAGGGATTGGTGTTGCCGGGGCCCGTGTTATGTAAAAGTGTGCAGAAAAAGCCGAATAGCAGGCGGCTGAGCACAACGAGTATTCCTCGCTG,1736,50.06,Homo sapiens
SEQ_520884,CACTCAAAGGATGGTCCGTGAGCAACTTGTCGGAAGTCTTGCCGCGGACCGCAGGTCCCGAAGTCGGGTTCAACGCTGTACCACTACGCAATGGTTGCTTGTCGAAAACCAATTTGGCTACCATGGTGGGTCGTCGTGCTCGCAGCAGACCGGGCCCACCTATGGTATTTCAGGAGGACGACTGGTTTAGCGAATCACGCCAGTCACTTATATGTGGTTGTAGAACCGGGCAGGTGGAAGTTAGCCCTACCTATGACATCCGACAAAGTAGTCCGTACTCTTACTGCTTACATCTGACTCACGGTTAAGA,310,52.9,Homo sapiens
SEQ_946747,CACCTTTGACCGCGTAAATACTAACCTTGTATGAGTAGTCCAGTACATATCGACCTCTACGTTTAACTCGGGGACCCGCAACGGATTCATTCCGGACTCGCGCTGAAATCGGTGTGTTTATATTCCGGACTGGTTAAGTTCATTGTACTGCACGAAGGTTACATAAGGTTTTCGGATTGCAGGTCAAAGGGAGGACGACGGCTGAATCGCGTGGATTTCTATAGACTTAACGTGCATAACTTCGTCACTCTTGTTTGACTGAAAACCAGAATCTCTGGTGCATTTTGCGTCTTAGCTCATGTCGACGCGTCTGTAACCGGTGGAGACGGATGGTATTGGCTCTAGTTGTGGGCAATGGTCACACCTAACAGACGAACCTGGTAATGGTGCAGACCAGCTCGTAGCACACTATTGATACCGAGTGTTAAGCATGACAGGAGTAGTACGCCGTCGGTCCGGGGTAAGGTACCTCTCATTAAGGGTAC,485,48.45,Homo sapiens
SEQ_602975,GATTAAGCTAGCCGGTCAAGCTTCTCTGGAAACTCAGTATGAACGTGAATTAGAGGTAGACATCTTGTGATCGAACTACAATCAATATCCGCAAGCGGCGAACGTAATGGCCTAGCTCACGTACTCCGTTTGGCGCTAATATGATCGTTAGTAACGTTTCTCTGGCACGAATTATATTAGGTACCTGATCACAAACCGCGTGTTGGCTGGCTAGTACTTCGGCGGTATAATTCTCCATTACTGTGCAAATTACTCAGTGTAGAACCATGCGCAGACGATCGTAACCTATAGTTGAGGGTGTGGGAATTTGCTTAACAAATCAATACACAGTATCATAAAGGCATCATAACGCGGGTGACTGACGTCTCTGCCTTAACGCCCTCACGCCTATATCCGCCCGTACAGCAAACGTCCATATGTCCCAAAGATCGTAAGACCGAGTTAGTAGGCGGGTCGAAACACAACTGACTGTTTCTCCAATCAAGATTCCTCATGCGAGGTTAATAGGGCACCCACAGACTACGAGC,527,46.49,Drosophila melanogaster
SEQ_658996,GGGGGGGGGAGAGTTTAGGTGGAAGGCCGGACGACCAGCCAAGAACTTATTGGTAGAGCAGAGGATCCCCGACGGAGGATTGCTTTTATTATTTGTGTGATATCGTATCACCCATATGGTATGGAACTATTTTCGACACGGCCATGCTCTTAAGGTGCGGAATGCTACGTAAGCCGCCGTGGGAAGCCTGTGTGGACACATTTCGTGCTACAGAAGACATCTAAAGTATGACCGCGATTCGCACTAAGTTCTTTTAGCGGTGGGGTTTATCGCGTAAGCCCTCTCCACCAAATTGGAGGTTATTGATGCAGAAGTGACTGGCAATCGACCGGGCTTAGGTTGAACGTCAGAATTCTACGTCGAACGCGGACAGTTGTCTTGATGCTTCGACGAGATGGGGGCCGACATAGAACCATCCAACCGTAGGTTGGATCCGAAGACTGGGTCTTCTAAGTAAGACTCGAGGAGACAACCGCCTATTACGCCCGCGTATCAAATGTCTCACCTTGTTAAGAATTGTAAACCACAAGTGCATAGCCGGGGTATCCCTCCTGACTGTGTTACATGGAAACAGGTGACGGAATCTGCACGCGCTGGTTCAAGTGGGGCATTACAGTGAGCGACACCCCAATACGATAGGCCAGCCGCAATGTCGCGCACGCTAATGGTTCGTTAAAGGCGGTTACATTTGGTAGGCACTATTCGAATACATTGGCCTGCCACCTATGGTCGTGAGCCTTAGGCTCCCCATCCCAGCTGAATGCAAAGCCTGCGCGAGGGACGTCTGCGA,790,51.65,Mus musculus
SEQ_224621,GGGTTTCACAAATCTGCGTAAGTCATTGCAATGTTAAGCCATCGAGTTTAACGGGTGATCTCAAGGGTATTGAAGGTTGCACACGGTGCAGAGAGTGTGAATCTGTAACCAAAATCTAATCACCGTATTGCTCCCCTCATAAGGTTCTTTGTGGGTATCGTGTACTGCGAAGAATCAAAGAAGGTGGTCAACAAGCTAGTGTTGAACCATATCCTCATACTCCGTCACGGAGCCAAACTGGAAATCGTTTATAAGATCTAACAAGCGATATGCGATGCTACCAATCGCGCTCCCGCTGAAGGCGGTGGAGTGTTCCGCCAGTATCTTTATCCATTTGGTGTTAATCCTATTTGACTTTTCGCCACTGTCGATGTTATGATTAACCATGACGTCTTCAAATAAAATGCAGTTATGGAACCGAGTGTCCCGAGTGGAGACGTAGAACGGAGAGTTATGAAGGGGGCTCTGGACGAACTGTCGATAACGCATTCATTGAAGTTGGATACCCCGAATCGACGCCAA,522,45.59,Escherichia coli
SEQ_536121,CGTCCTCACGCATGCTTCGCGGTCCGAACCACGGGTGCTAGCTAAAACTGATGAGAACGATGGCTTCGCATACCATTAACCTTGTAATCCCTGTAGTCAATAACGGAATGGACTGAGGAAACAACCCTGTCCATAGTAGCAGAGTGGTCCGCGTGACGTGATGGCGGTCCCCAGTGGAAAAAAGCTCTATGTACTATTCGCCCAAACTCCGCACGGTAATCAAACGTAACACCCTAACTACTCACGACAGACAAGGATGCAAGAAGATTGATCTCAAAGCAAAGTTCAATTAGCGAACCTCTGGGTCAACTAGTTTTGTAATTTAGCATTAGCATTGGAACCAAGTTTCAAAGGCACAGGGTAGTGTGTGACCAAATCAGTAGTGGGTTTACCGCCTAAGCGTCTGCAGCACATTCAACCACGATGGAAGCTACCAAATTTTACTACGATTTCAAGGACCCAGTCCAAGCGTTTTGGCAACAATCGCATACAGGCTACTATTTGGTAAGCAAATCAGCGCCCGAATGCGCTAGTTCCCTGTTTCTTTCCTTGGTTGTCGTGGCACGGGCACTACAGCGGTAGAAGCGATTACAAAGACGTTGGCAAGCAATGAGAAGAGTGGCGCCATCTTCGGTCCGA,639,48.2,Mus musculus
SEQ_339831,AACCGTCGCGTAACAAGGCTACGTTAGCATTGGCATTATAAATTAGAACGGAGCCTGTCGAGTCATACACGTAAATTTCAAGATACTAGCCCGGAGTACCATGGAGTATCCAGGGCAGGACCCGTATAAAGAGCCCGTGTGTTGCTTAACGATGGCTTTCTTAGGACGACTCGCGTACGAAAATGTGTAATCGACCCCAATCTCGGGACCATAAGAGGAGGGAGACCTTAGGGGTCTACTCTTTTACCTATCCGCATCTGAGCTCTACTCGACCGCCCGAAACGTCGACGAAGGATATGCGACGGTAGACCCACCTACATTGACACTTGCCATTCCGCCTATTGGCGGCTATACTACAAGATACGGTACAATAATTTTAGACTGCGAAGGACCTGATTCTCTGCCACTGTATTGCCATTTTGTCGGGGTACAGTATTTAGCAATTGACCACCTCCCACCCCAACGAAAGATAAAGTGGAAATGGTGGCAAGCACCAGCGTACGTCGGGGTTACGAATCCGCAGGTGTCAGCACTGTAGGGGTCGAGCCCAATACTAAGACCATCATTGCTCATTGCCGGCCCATAAAACTGGCTAGGTGCATAAAACTGCACCCTGCCAATCCCCGCTGTATGGATATATAACTCTACGCTTATCGACTGGGCAGGAGCCAATTCGGTAGAAGCTGACCTGTATTCCGACCTCCGTGCCGAGCCATTAGTAACCAGATAAAAAGGAGGGGCCCCGAACATCTAACCGGTGCTAACCTCTGCCGGAATGAGTAAATGGGCAGCCATCGGAGAATGCAATAATTCCAGAACCCTTCTGTGATGCTGAGCTTTTTTCCACACATCCTCAAACCAGAGGGCCACGAGACGAATATATGATATGCAATATCACTTGACCATATTGCCCGCACGGCTATATTGACACTATCGTGCTATACGTGTACCCATTTACCACGTGTCTCCCTGGGGTGCCAGAAACACTTTTCCCACGGAACGGATCGGAATCATCTGATTAACCCTTACCTTGGCTAAAAGCGTTGGAGGATTAGCTGAACACCTGTAGAGATTACGAGTGAACCAATCTAGCCTCCCCGACACATGGTATGACATGGTCTGTTTGTTTGCACCTTGTTCTCTTACGCACTTTTTCAGGGAGTCGGAGTGATTGGAGAGTCATTATCCAGACGGTGCCGATAAAATGGATTGTTCGCTGTTTGACTCTGAGTCTCGGGACCTATCACATGCAGTTCGCTTGGCTAAGATAGTTGCCCAAATGAGCAAGATTTTACCATCTGAAAACATTCGCACGAAACTAGGAAACTAGGTAGTCTTCGCCGTCTGCTGTGGAGGTCGCCTA,1363,48.79,Arabidopsis thaliana
SEQ_842486,ATGAGTGACGTGCAAACAGCATTGCAGATTTTTGTTTCAAGCACTAGACTCAAGGTTGTGGCCAACCCCTTATTTATTCAGCGGTGACCAACCTCTGTCATCGCCGGGAGCGTATGGGGAAGTTGCTAGTGAACCTTCTCGAATTCATGGCCTCCGTAGGATGTGCCTGCATACTCTGAAGTAGAATGATTAAGCCATGCCCTCAGCCGACCCCAGCCATTGAGTCTAATGAAATATGAGACTTAGTTGTCGTTGCTGCCAATAGGCGTGAAGTACGATCCGTATGACCGGTGTAGGTACATACGGTCACCGAGCTACCGGAAGGGTCCAGAGCTCCCTTTATATGTGCGTAGTTATCTCCGAAATGTGCCCAGCATTGGAATGCTAATACACTACATGTTCAACTGACTCATTATTTTATTCTCCGGTAAGTGATCAATACAGAAGACCCTAGCTCCGTTGGTCGAAGATGGAATTAACCATTGCCGCCAAGGTACGCTCGCACAATGAACTAGCACACCGGTTTAGTGGGTCCAAGGATACAGTGCCGAATGAGAAGCAGCCGGCCTGACCTTCGGATTCGTCGGAAATCGTTCCATTGAGACGGTAAGACGAAGGTGCTTTTGTTCCGCCGGTATCTGAATGTAAGGCAGGATCTCTAATCGACCTGTCCTCCAAGAGTATGGGGCCTTCTATCGCTAAAGCGCGACTCTGCTACGTGGATCCGTTGATTTGGGTGGCCGCTAAACGTCGGCCCTAAAGGATCCATAGCACACTAACGAGGCCTCGGTTGGGGCTGTCGCAGGGTTGCTCATTGAGACCCTGACTGGGCGAAAAGGATCACGTACCACGGACAGTTGCACTCACAAAAGATTTGGAATTATCCGGCTGAGCTTACAAAGCCAACATGGCTACATACTTTGGCGCCGCGCCGAGGGGAGTGTCAGAATCCAGTTCGTTCACAAGCTCTTACTGGACAAGGCCGAAATATTCTGTGAATAGATGTTACTTGGACTCGTTTTGTTCCTAGCGACATAACTTGCAAGAAGCAGTCAAACGCGTTGAACACCTTTATCTGCAGGAAAAACGGAGTTTGATCAGTCTTGTACTCGAGCTTACCTGATTTCCATGGAGTGCGCCTACTCCAATTCTCTCTGTCGCCCGACTGTAACGGTCTGACCGGCATACTGGCGAGTAAGACCTCATAAGCTACGATCGGGGGCATTAACCTGTACAAGCCCTGGAACGCCACCATACTTATTCCAGTCCTCTACAGCTGGTGGATTTGCCACGGTCGAGGACACCCGACATCACATATGACAATTTACAGCGTATATCGTGAGTAAAGACAGTTGCTCTTGGCCAACTCTCAATTTGAGTTTTGAGGGGTCGGCGACGCCGTACACCGCAGTCTTGTTTGCTAAGGGATCTGACGTCCTTAGTTCACATTACTGGTTAGTAATTACGGGAATAGTCTATATGCCCAGTTATTACCTGGACAATCTAGACCGAATTACACGCCTTTCTCGAGCACAAGTCTATACAGTACATGAATGAGACGCATGATGCCTGAAAAACACTCCTAGAGAGGGAGGATTGTTCCACGACACCCATTGTGTCTTTGTGGCCTGCGGATCGGACGATTACGTGAATTATAGCTCTGAATAGCAGATTGGAAATTTTGCGTGGGCTAGCCTGTCTAGAAATCCCGTCTTAGATGGTATTTCGCAGAGTATAAGCGGCTGCATGCTAGAATTAGGACCGCACTCTTCGTAAGACTACCCCCTCGGCATCAAGGAGTATGTGCTGGCACGGGACCCAAGAAAGAGAAGACGATGCGGAGAGCAATCAACTAAAGTCCCCAATAAAAACAATCTGAGACTTCCGCTGTTCTGCCCACATGAGTAG,1908,48.9,Drosophila melanogaster
SEQ_636538,GCGGGCCGTTGCTTTACTGGCTTTCAGGATCCAACCCGTTAATGGGCATAACGAGGAGGACGGCCGCGATCAGTCGTTAATCTCGTGACAGGTAGATTTGGTGCCAATTCTTCACTCCGTTGTAGATGTATCCATCGTAATGAGCCTGGTCAGTCGAGCCTCCGCGCCTACCCAAATAGGCTCGCAAAACACCCTATGGGCGAGATAAGAAGCACGCCGGTAAGGAGCGGGATTATGGCGTGTTCGGACGCATGAGTGATGCCTTAGGATCCGGGGCCTTCGCTTGGCCGCGCGCTCCGCCGCGAACACTATTACTGACAATAGGCCTGAGCACACTATGAGTGCGGATCCTAACCCTTCATCGAGACGGCACATTCCATAATCACTGAGCCCTCTGTTCGACCAGATTGGTTCTATATAGATCCAGAATTATACTGTCAAATTTACGCTTAAGGCGCGGTGGGTTATTATATCGATGGCACTTTGGATCTAGTATCATCAAACCCTTAAGCCTCTTCCACAAGGTATTGTTTGTTTAACGGATGCTCCTACCAAAGTTATGCCATGCAACGCCCCTGTCTTAACACGCTCGTAGGGCACCTATGTACCCAGCAGCCGACCAAGCGCGTGAGCATTCTGGCTGTCTGATGAGATGTCCCTCTGCAGTTCATCCCTAGCGCGACTGAAGCTTGCTGTCAAAGAGAAATGGTGTAAAGCACAGAAGACTACACAGAATTATATTATTCGATTCAGGGTGCGTTGAAGGTTGCCTGGGTAGACTCGCCTTCGCTGTTTTGCTGACCTTGCGCCAAGACCGTTATGTCCCAGTTTGTCTAATCTTGCGGTGCATATAAGAGCCATCTCTGCAGGGGATGCGAAATTTAAATCATGCGGTTAGAAGATTCGGAGGACGCATCGATTAGTCCTGGTTTGGTTTACGCCTAAAATGGGAGAATTCGATCGGTTCTAATTTCTCTGCTCTAGAGCGCGTCCACTGGCTAAGTTTCGCGTCGAAATGAGGCAGATTCCCTTGCTGGATCACTTGTCTTCCCCCATACGTGAACTTAGCTTCCGGAAGGCACAAATTGCGTGATGCTAGTGTAGAACGCCCAATGAAGGAGACATACCAGAAGGGACGCTAGAACTTTGCTGGACAACGGTACCATCATCCTGATAAAAACAAATCGGTTGATTGTCACAAAGGAGTAGCAACCGAGAGACCGCGAGAGTCGAGATTATACTCTAAGCAAGCCAGGAGCTCAGGACTTGTGAGATGGTTGCCGATACTTGGAGAGCCTTGGAGTGACCGCCGTCCACTGGACGGGCCAGTAAGTGCCAGGCCTCAATCTGCCAGCATCCGTGATATCCACTTGAGCACAGACCCCTGGTCCGGATGCGCGTTCGGTCTGTTTGCTACGCATATGAACAAGCTTGGTCCCCATTAACCAGAACTCGCAGTCTTTTCGTTAGGTCATCCCATAGAGTTCTGATTTCAATTGGAGAGCAACGACAGGTCTGTATCCTCATCCCGACATTGGCATTGACGAGTCTGCCCTCATTGCGCTTATTACCGTCGAGTTCGCAGGTGTGATCTCTTCACCGCAGAATTACGGGTTGTCAAAAAGCCAAGGAAAGATGGCGCTTCTGAACTGGGGGGCTCAACAACGCATATAGCTTTTGTTCGAGCCCTGCCCGGCGTCTTGTCCTGATGGGCCACACTGTACGCCGCTCGTCCTAGATTAGGATTTAGTGTCCATACTGCGTACCTCCTTTTTATGGCAGACTTTAATTCCCCTATAGGACTGGGCTGGGCTCCGTAATTGGTACATGCCGGGAAGAGTCCTCTGGTAACGCTTGGCAAGATGACGACCGCAAAACCAAGAGAGATCAAACTCGTCCGGAACCAGTTGTCGGTTTCTCCCTGGCAGTTTACCTTGACCTCGAGAGGGATAAGTCTGTTCGATTTAATTGCGAGGTGATAAGGTATCCCAC,1992,50.55,Homo sapiens
SEQ_940712,GCGGTTAGATCTTGCGCAACGTCACCTGAGTGCCCCCTAAGAAGCCTGTTGTGATGGATATGGGGAGGTCCAGCGTTTGAGTGGCCGTGAGGTGGCATACCAGAACCCCTCATCTACTTAACGCTCGCTTACCTTTCCTCTTATGTCGGTAGGCACGATTCAGAAACGATCCATGTAGAAAGGTCTGGTTGGATCGGCGCAACTGCGGATGGCGCCCCGATGACACGAGTATGGTCTCTTGTCTCGACGATCCGTGTTAGGATACGTGTGCAAGTCGCCAGGTAGCCCGTTCGCACCGGGGACTTCGTCGTAATGTGCCACTCCTCTACCTCATTCGGTATACGTGCTCGTCCTAGCCCGAAAGCTCCTAAAAAACAGCCGAGACTGTTACTGTGCCGCTGAGAGATAATAATTGTGGTGTTCATCCACAGCCACAACTCAGTAGTCTCATGTTCTTCCCGTCATAGCAGCGTGACGCTCTTGAAATACACACTACCACCCTGGGTCTTATCCAGGCGCGAGCCGAGTCCCGATGTTCTCGTTGCCGCCCTACGCAGGTGAAACCGCCGCTGAATGAAAGAAAAACTGATTGTCGTGGCACCCCACAGCACTAATTTATTGCTTTCGGGTGCCATGGGCCGTTAGGCCAAACCCTAGCTGACGAACAGAGTCACTATTGGACTGGCGAGGTTTTCCCGTCCGAACAGCGATTCCACGGCCTGCTGGCCAACCTCTAGCTGCATGATGTCAACCAATACGTTAACGCTCAGGTTTGGAATACACGGTGCGCATGGCGCAAGCTAGATCTATAGGGGTCGCCAGGTAGCGAGATGCTAAGCGGAGTGGGTAATTTGATCCCCCTCACGTCGTCTCGAACTTCGTGCGGTCAAGGTAATGTCGTTACACATGGCAATGTTAGTCGGATACATGGTTGGTGAAACTGTACGGCCGCCCACACGATTTCTGATGTGCTATTGGAATTTGGGGACTCTTCATTAGCACTGTCAGATCTAAGCCTGCCCGCGTATTTATATTCGTCATCCCGCAGGAGCACGCCCATTTCGGTCGTTGGACTCTATGCATGGCAGCGCGCTAGCGAAGAGCGTTTAACCGAATTATATCTAGACTTATCAATCAGAAGTATCGTGAAGGCATCTCAACTCATATGTGGATGGTTGGGTGATGCTTGTCTGGGTCCTTGGCAAAAGTTTAGGCCTACCTGGAGACAGCTTAATTATATACATGCCGCTAGCGCACAGTACAG,1264,52.06,Arabidopsis thaliana
SEQ_848858,AGGTAGGTTAGTGGTGACGCTCTTACGTGGCAGCTGGATTGAAGCTGTGGAGGTCCCGCGTTACAGACTACGCACCTACTCGTATGTTCCAATACTGGAAAATACTAACCCACCCGTAAGATCCTAGATACCAGCTATGAGCCGCTCCGTTGGGGGCTAGAGACCATGTAGGTTTCGTGCTTATACGATCGTGATGTATTATCTAGGGTTGTCCTAATATGTACTACCGGTACGGAAATTCTTCCGCTATC,251,48.61,Arabidopsis thaliana
SEQ_233764,TACGAATTACTGGGGGCCCGAGTTGATCGGTAGTTGACACAAATAAAGCATTGTCCGCATTGATAGACACGAGCATTCGCGTATTTGCTGGTAAATATGTCACGTCAGCCTCGTGCCAGAGTCCTGGAACTTGCGTGAGCTAGAAAATAGTTCAGGTTTTGGCCTTCAGGAGAATTGGGTCTCCCCTCATTCCCCCTCCCTAATGAGCCTAGACATCTATAAGCTAGCGCAATTTAGTCGATCCACCTCAGCGGAAAACCTAGATCTTGTCGTACACTCGGCAGACCGCCAGGAGTAAGATTGGAATTAGTTTCTGTCTGTAATATCATTCGTAACGTAATCTGTTAA,348,46.26,Mus musculus
SEQ_527063,CAGACAGACGGGATCCGCGAGTGACAATTCCTAGGAACTTGAGCCCAGGCCTATTATAGAATAAACAGATCACGGCGGACTGTCTCGCGAATGCAGGGATCTGAAGTGGCGCGGATGGTGAGCGACCCTGTCGTGTTAAAGGTGTTGCTACCCAACTTCAGTGTGTTCTCTTCAGCGATTAAGACCGAGGATGCTATGTCCGGTAAGCAAGGGTTCCCTGTTTGATCTAGCCCCTGCGGCTGGATAGTAACCCAGTTGAGTGTACGGTCCCTTTATGGGAGGCCATCGAGCTCTCGAGCCTGTCAGGCGACAGGTCGGGCACTAGCCTCAGTGACAGTATCAGAAGTGGTATCTGGGGATCGTAGTGACATTGGTTGTGGTAAGGGTACTACTACTCACTAGACGTGTCTAATACTTCGATTCAAGAGTGCGACTTTATAAATCTGTTTTATTGTCTTCTTACTCGTGCTTGATGTGCGCCATCAATTATGACTTTGAAGATCTAACCTAGAGTCTAACTTAATTGTACAAACCTCTGAGTAGTGCGAGCAGAAAGAGCGGCAGGTTGTTCTCGCAACGCATAGGATGCATGTCCTCTCCACTCCTGAGGTTTCACCGCTAACATCCACAAAGTCCCCTACCGCATTTGGACAAAGACGTACTGACCACAGATACGTATCTGCAGGACATACCGGTAAGACCTGTCTGAAACAGAGGCGGGTATTATCTCTATGGTATATGGCTGGGGCCTCTCTTTACTTCTACGAAGTGACCGGTCATCCACTGACGCCATGCAGGACAAGCTGCGAGACAGTATGCTCAGTGCTGGGGCCTTAGCCGCAGGTGATACAGAGATTCGCGATGACCCGGTCGGCGACTACTGATCGGGCCGTGAAAGTCTGCTGGATTTATGCTGTATACTCATTCCATATGGGGAAGGCTTAGCAAGCAGGATAACTACCACCAACGACGTAACAAAAACAGAGGTAGCAGCGTCCTCTCCGGCCTCCCCCCCGCTGGTTGGCCCCTGCCCTTTCTACCGAAACCTACTATTATTTATCACACCCGTACTATTACATGACTGGCGCGGACAATTTTATTACACCAAACAGACTGACAGGTAGTAGGGTGTTTTGGTATCACCCTATGTTTTCGCATGTTCATCGACAGCGTTCCGAGGAGGGTTGTTGCGAGCGGCGGACCTTAGCGTTCTCGGATTAGGGTCGTATTTTTTAGCGCAAACTGGCGGTGCTTTCTGGGCAACAGCCCCCCCCGTCGTCTTGCAATAATGTCGACTAATGGTGGCACGGCCCTGTGACACACAGTCTGTGGTACCATAGCTTACCCGGGCTTAGAGACTCGCGCTACCATCGACCCGTTGATTCGGTTTCTTCTAAGTACGCGGGAAAATATGGATACCATGAAG,1426,50.77,Escherichia coli
SEQ_423453,AATAGGCCAAACTGTCGCTTCTGTACGCTCTGGGCAAGTGGGACAGTAAGGCCAACACGCAGTTTCTGGTAGCTAGAATCTCAGCTCCCCGTGTCATGTCGGTTGACGCGACTATAATCATGTCGCCGGGCATGAATGATCATAGTCACTTTAACGGATTTGGGTTTGCAATGCGCGGAGTTGCCCGGTTCAAGCCTGCCTCGAGGAGTCGTTGCGTTGTCGTGGCTGAGTTAAGGCAAGATTTTGGAACAATTTAGAGACTAACACTGTTCTCTCCCGCTCAGGTGAGGTGGCAGCGTTATGTATCCCCGCGTGGGCGGAGCCGGATGTCTAGCAGGGGGATAGACCCCTGTGTCGTTAAACTATTAAGTCGAACTCCGCAATTAGCTCGTGCTCGACCTCACAACACGGTCGAGAGTGGTAGTGCTATGCGTGAGCGGTTCCGAAGTCAGTAGGGGGTCTACGGGGCAAAACGACCTTTTGCGACGATGATCGAGTCCCCTTAATCATCGAACAGGCCAGGGAAACCATCAAATGTTGGAAACCTGGTATGGACTTGAATACTTGCTCTGCGTCGTGATAAAGATCAAAGAACTTCTTGCATCCCCCGGCAAATATACGTCACAATAACGATACAATTTCTCACCGCCGCTGGAGGACGCTCACACGTCGCCTTTCGGAGTACCAACCCCGGAGTAGCTGACTCTGGCAAATATTCGCCATCGTCTGGGAGGTACATCACCCCCTTCGAAAGCACTGCGGATGTAGTTATTCGATAGAAGACTAGACGATGGCGCAGCACCTTTGCCTAATCCACCCCGGGTTTATTTGGGACTGTGTTTACCACTCTAGCCCCTAGGGATTCAGAGCGCTGACGTTGACGATATGTTGCATAGTAGGAACTAACACTATACGATGCGTACCCGCGAACTCCCTCCACTGCGAATACACTAGTGTGTATTTGATCTGGATATTTCCTAGGAGAGATAGTTCTCAATAAATGGCTTAAGAGAGTTATGAATATCGG,1027,50.44,Arabidopsis thaliana
SEQ_944867,CGTGCCTCAATGCCCAATGTTTCATAGTGTAGAGGGAGAGAGCGCGCCCCTATTTCGAACTAAGGTCAATCAGTTGGGTTCACTTCAGCGCCTAAACACTCGGCTAATAGAGACACACGTGCCCACGGCGGCTGCGGAAGCTACACCTAAAGGGTCGATCGTATTATTCATGTCCACAACCTTCCCCATCGTTAGCGCATGGCCCCCCTACTTTGCCAATACAGCCTCCCCGGTCAGCGTCTCAGCTTCTGAATTGATACCATCTCTCGCTACTACATTAGTAGTGACCTGGCTCCCTTAGGGCACATGAGCTATGGGTTGCTTTTATCAAACCACTTCTAGACCTTAAAGTTACATTTTCTCTCTCAACCTTTGGCCTAGCCGGGGGTTACGTATACGACATAACTTTCCTCTGGATGTAGTCGACCTCTGGCAAACACCAGAGCGGCCGAATGGTACGAACTTGGTCACTGACAAGGGGAACAGCACCTCACGTAAACATGCACGTTACATCGATTTGCCGAATCAATTAATAACGGCTAGGGGCTATTACGCCAGGAGAGCACTTCTATCCTAGTATTCTATATTTCTTTACTCTGTTTAGTTGTCATTCCATCAGGGAGCGGCTGCTCGCATGATAAAGTCAACAATAAAACGAGCTAGAGTAACCTTTGACTTGTTTTTGCTCCGAATGAGCAGCTCCACAGGATCCGACGTCACGGCAGCTTTCGAACCGATAAGGGCCTATCATAAGGTAGTTTCTCCTCCGCGGTAATCGCCATGGCACTGCAGGAGACCACTGGCCGTACAACGCGGGAATACGACCCATGATATCTAGCTCGTAATAATTATGTGTTGCGACTGTGTGTCCAGCTATTGCTTGTTATACATCCGTCCCCAGAGCTGGATTTAAGATCTTACCATCCTTAGCTTCATGGACTTGTACTACTCCAATCTCATTCATGTCATTCACCAGATATGCCGGTAGATCGAAAAAGCTTCACACTTGCAAATGTGCTGCCAGCAAGTCTCATCCTGCGATGTGGCGCCATCATATAGCAATATATATTGGACCCGACGGGGTTTTAGCAGCAAATGAGAGCGGAGAGAACTCGCGACGTGCTCACACGCGTGGTTTAACGGCGATAGGCCGCCTCAAGCTCGCCCCTTCTCTTTCGTCTTGAGTGAAGGACCAAGTTACGTACCCGGAGTACCCCCTAGCAAAGCCAGCGGATTATCGAAGATCTTGGTATAACGAGTTTACGCGTATTCTACGGCCCTAAAACGCTCCCAAGGTTAGAATGCCTGGAGCCGACATAAGGGGGATAAAACTTTACTCTCTCTTAGCAAGCCTCCGTAATATAACTCCCCTTCCTTGGGAGGGGTCTGGCTCCGGCTCACGATGAAGGTTCCAACCATGAGATATGCCATCATGGGTACAGTTTCCATGCCACTTATCGTGTAATGCCCTCAGTAGCTAGGCGCATAGCCACTCGGAAAACTCCCGCCCAGATCGTACGCCTTCGCAGCCTCTTGCGTGGCTGCGGCGAGGCGTATGGGACTCACTCTCATGGCGGACCTTCTGGAACCCATCTTGAACATCTGATGTTTTGAGAGCATCAGGAATGCGAAAGACTAGCGACTCACCATGGCATAATTAACAACTGCTTATGACCATTTTCTTGAAGCCCACATTGCGCATTACCCGGGGAGTACGGACCAAAGTCAGGTAGCACCCGGACATCTACTTCTGCAGTAGTAGAGAGCCAAATTTGTCAGTCACTTGGAGGTCTCGAGTTAAAAAACCTCTCTGTGTAACCGAATGTGTACGCACTCTACTTCACAACGACACGGCCATACGACCTGGGAATTAGTCCGTAGAACAACCGAAACTGACCCTGAACTTGTTGGCAGCCCGATTCGTTACGTCATCGTAGGTAACATCTTTTGCGTAAGAAGATACGGCA,1967,49.47,Saccharomyces cerevisiae
SEQ_548090,CGGACAGAACCCAGTGTGCATACCTACTCGGTACGCCTGAATTTCATAGCTGATAGGGAGCAAGAAGTATTCTCAATCTCAACAAATTGCACGGTCGGGCGGGTGGTGCTACTG,114,50.88,Homo sapiens
SEQ_606009,GCGGTCGGGCGCCTTCGTCCGACTGTAGGCGAGTGAGAACGGATATGCGCGTGACACCGACCGATGGTTTCTTCGGCGCCCTGGAGATTGGAAGCAACGATTGAGAGATAATATTCGAAGCTCCTCATTGCGACATATTTACCTGATACTGTCGTACAAAGTTCCGTTACTAAAGTTTAAGTTAACGCGGCTGTACAAAACTTATAGTGGAGCATACATCCTCAAAGAGCCTTAATCCCCCTAAAATTCTGAATGAGAGCTCTATATTGTGCAACTTCCCAAGCCAGGGCAGCGACTTGAAGTAGCCGTGCGAAAACCCCCACCGGCACTAGCCTGCATAGATCTTAGGATAGTAGTCAACTTATTAGCATTAACGAGGTCAGCTTCGGAGTGCGGCGGCGGTAATCGTGGACGCTGGACGGGCCCCCCGAGACTATGTACGTTACCGGAGCATTTCCCATGCGTGCACATCCCTCGTAACTGATATCCAGAAACCTCGATAGTGAGCGAGAAACTTTCTCTCATTTCCGAACACGGAGTACAGCAGCTCACGTCATCTTCCTGAACGCCATCTTTATCTAACCGCATGAAAAGAGGCGTATGAGTGCAATAACCGAATAAGGGATCTCGTCCGCCACCAATAGGTATCGGCAGACTGTGGTTCGCGGGTCGGGGCATCCAAATGCTATAAGGCTCTGTATAATATATACCATTTGGTCCAAATGCACGGATTACCCCAGGTACATTGTAATACAACGCCGGGTGTTAGACAAGCGAAGTTGTGGCAAAAAACCGCGTCACGAAATGTAAGCGGGCTCTGCGAACTGTGGAAAATTGTGCCTTTCTTGGACGGCGTCGCACCAGCATAGAATTAAAGCCCATCGGATATTCTGGCATTTGTACACACCCCGGTCGGTTGGCTACATTTCAGAGAACCTTGCCAAGAATCCGACATTAGGCGGCTACACGTGCGGCACAAGATCGCCTGGAGCGCCTATTGTGCCGTACAGGGATATCCCTGGTGAGTTCCGTGACAGCGCATTGCCAGGGCTACACTGGCCTGTGGCATGCGACAGCTGGGAGCCGACCAATTTAAAGGCCCGATTCCGAACTAGCCTACTGCCGGGAACCCCCACAGGTTGATACCAATGTACTCAGAGCCAGAAGTCCCGCAGTAGGAGATAATAGGACAGATCGGCCAAGTGATACACTTGCTAGGCCGCATTTATTTGGCCGCACGCAACCTTCCGAGAGAATATTTGGCGGCTTAAGTGCGCTGCACTACCTCGTGTCCATGATTGGACACAAACCTGAGACGTGAATAGGTCACCCCGCTAGGAGGCTTCATGCACCGTTGCCTAGTAATGGGCGTATCTCGCTTCATGATCCCTAGTGCGTCCGCTCCGTATATACGCACTATCGCTAGACAATGGGATTTCATTGTAGATACCCTGCGTAATTAACCGATCTGTAACGTTACTAGAAAAACCTGCGCAGCCGGTGTCTCACAGGCAAGTCAGGATAGAGATGTACCGCTATCGATGTTGTTAGTACACCAAACATATGTACTCAGACCCTTTCCTTCCAAGGGCGCGCGATGCGCATGCCCAGCCGGCAGATGGCACTCCCAACCATGCATGATGGCGGGATAGTCGAGGGCTTAGGTTACATAATCCCGCTATATAAAATACGTCGCACACGGCAATAATGAGGGAGTGGATAGTGATAAATTTCCAGACCGAGCTGATTAAGTAGACCCTAGATGCTAGCTCACATGTTTAGCGATGCTATAAATCTACGTCATGGAAGCTT,1812,50.5,Drosophila melanogaster
SEQ_594604,GTAGTGTCAACAACAACATTTGACATCCCAGATAGCCCAAGCTCAATGGCCTAGATTTTCAGTCCCATGACTCGTAAGGTCTCTAAGAGGTTTGATGATTAATGCATTGGAAGCCCTAATATCCACGAGCTTATCAAGTTATATTACATGGCCGTCCGGTATTGAGTCGCTCCCGATCTCATTGCACCGTATTTGTGCCAGTGCCCCTCGCTTCGGTTGTAGTGCCTGCCATACGAACGGGGGGGCTTACGTGCAAGCGCTGCTCTACAGAACTACCACAGTACACTTGCCGCAAGGTAGTCTTTGGATTACTTATGACGCACTATTATAAGATAGCCTCATTCGCCCCCTGCCGGCAACTTCGAACCCCGCCGTGTAGCTTACGTAGAAGTACTCGTTTTGACCTGACTGGATCACAAGTTAATATTCCTTTCGCTTTCTAATCTACATCCGCTGAGATCATGACTGAACTAGCTCTTCACTGATATCGGTAATTGTGTGCGCGCCGAGGCAAAGCTAGAGTCGCGGGGATGCGAGTCGAGAGCAGTGTTAAACCCTTAGCTGGTATCTAACCTGTGGGATGCACTGTCCTCTGTAGGAGAAGGAGTCTCACGCAGGCAATCTGACCCCATGAGAGGGCCCGCGTCTGCCACACAAAGTCAAGTTTAGCCTAGCTTGCCCAACTGGCCGAGGAGACACACAAGAGCCTTCCGGACTAAAGTAAAGAGGAAAATCGGCCCCCCTAGAACCAGTAAGGTGCCCGTAGCTCTCCGATTGAGAGGGAGAACTCCGAGGCCGTGCTGTCGAATCTAGCCCATTCTTTGGATCCTCCGATTCCTTCTCAGCAGTATTTCAATTATCCGAGGGCGAGGAGTTCGTTACCTGAGTGATTAAGGAATGAAGCAGATGACCTGTCGCTCCTCGATCCGTCCTGTCAACCACTGAGGCTGCCGATATTCAAACGTAAGCGGGTAACGCTCAAGTTCTGTTTTGTCATTTTTGCCATTCTGCCGCTCGATCAGAGAGCATCATTCTGCGTCACCGAGATGCCGCCTTTGTTAAAAAGACCGGAAAACGTCCCTGCCTTGCTCAGAGAGAGACAGGCTGAGGTCCAATTTCGTGATTGCGTATGTCGGACGACCTTCCATTGAGTCCAACACCGT,1163,50.56,Escherichia coli
SEQ_541059,TTTCCAACGTAATTATGCAAGGGGGGTGTGTCTACACGGTTAGGCGCCCATATTTACCCCTGGAATTGGCTATGTGCAGCCCCCAATCAAGTAATTCCCGTTGTCCATTAAAACATCCCGTTGAAGCTACGCACACTGTCATCGGTGTGCCCCCCACTCCAAGTGAGAGCTCCAGTCCACATTCACAAACGGCGGGGCCTTGACCTTCTCGCATTACAGCTAAAACAATGAATCGCATTATTTCGGTCGACGAAAGCAGCGTCCATGTTTGTGAGTCTGAGTTAGCAAATCCTGACTAACTCTTACGTCTGACTATGTTAAGCCACGCGCAAACGGGATCGCCCTTGGCCGGCGTTACTGGGTATGGAGTCGCTCTTTCTCGCGCCCTGGTTACGAACTCAAGGCGAGTGTGCGTAGGTTCGCTACATCGACAGTATTTCGTCGCGGGGCTACTTGTCGGGGCTCGTGTACTCCTTAGAGTGCCGACACAATAGCGCCTAGGGGAGAATGTACTCGGACGTACATCTCGCCGGGAAACATGTTTCGTAAAATTGTAATCATTAAGACGCGATTCATATCACGGACCTTGTAGACTTTGTTGCCGCATATCAGCGCGCTCTCGTTCCCACACTTTAGTATAAGTCTGAGTTGCGACCATACAATTCAATGCTATGCCGAGGTCTGCTCTCGAACATTCCAGCTGTTCGCATATGGGTCGGGTCTCCGGGTTAACCCTCGTTAATCCTTGAGAGAGGGGGGGCCATTCTGGATAGAGTACAGCTACTCTGGTCTATAATACCTTCTGCTAGATGTGATATTTCCGCGTTTCTTTGTTCACCACGGGTAGAACCTTAACAGGGCGCGGGCCTTGCCTGAGAATGTCACGTAACCAGACAGGTGTGATGCCATCTGTCTTACGGAGTAAAATCCTACACACTAAGCAACGAAGAGAGTACGTAGATGCCACTGGAGAAGTTTAGGTATGAGCCCAGTGTGTGTTTTCCAGCGTATGTACAATGGGGCGATAGAGAGTATATTAAGTGAACGTCCAGCCCTAAAATTCAGCCCCTACTACGAGAGCTTTACAGGAGAGCTGTTTAATCACGATACGCGGGCAGTTGAAGCTGAAGAGTTTTCAGGAGAGCCCGCAGTGCTGATATAAGGGACTACCCCGCCTTAGCAATTAATAACTGTCTCTTTTGGAACATGAAATACGACCTATACGCCGTTTGAGAACTAGAGGACTACGTAGGTCCGACTAAAAATTGCGTGCCGCCATTGGTCATTAATTGAAGCAT,1298,49.15,Arabidopsis thaliana
SEQ_257384,GAGTGCTGTCCCTACGTAGTGACGCGTTTTATCTAGCCGTGACAACAGTACATAAACGTTGGTTAAGTCTTAGGATGAGGGCTCCTCCAGAAGGGATCGCCATGCGTCTAGTTGGTGGTTCTGCATGGTTGATAAGAGGGTGTTAAGAAGAAAGCCAAGCCTCGCCCCACCCCCTGTCATTCCCGAGCCAAATTTCATAAAATACACTGGAAGGGGAACTTGCGGTGCATTCACGTTCACAAATTGGCAAAGCTCGGAGCGGGGTATACCTGGTGACTACTTCAAGCTACATGACGAGTAGTGTTTTTGTTTTGCAGTAGTGTTCTTACACCCCATCACCTCGCCTCTTTCTGACGGGGCGCAGCGCTTACTAGACTGGTCAGCATAGGTAAGTGCCGCCTTTCTTGT,408,50.0,Homo sapiens
SEQ_475350,CAGAAGAACGTCGGCGAAGGCTCCCTCATCTGGAGCCACAACTTCTAAACGATGCCATATCCCTCAGTATTAATCAAGTTCCTCCAAGACATGTCGAACACCGTGTGTGTTAACTACTGCGTTCGGGGCTTACGTAGCTACAGATCCGGGTCTGTCGAGCCGTAAGACCCCATGATATAGAAGCTCTACGGCCCTAGTAGCCCGCAGGATAGCTCCGGGCTGACATGTATTGCCCGACCTACTTTCGCTTTAATCTAACAGAAAACTTCTCACGGAAGAAGTTCTTTGCTTCTGGGTTAGAGTTCTGTTACAATATTATATAACAACCCACACGCTGGGCGCTTTAAGCATGCCTACGAATTCTGTTACATAAAGTCAAGTCACTCGGATCATGTTGGAGCGTACTCCTCAGACTAGTACAGACGAGAAGCGTACACATATCGTATAGCGAGAGCATCCCTAGGCCAAGGACGATGTTGTAGAGGATTGTTTACAAGCAACTATTTTTCGCCCCTGAACTCAGAACAACGCGATGACCCAACGTCCACTATCAGGACGAAGATCCAGGCTTAATACCATGCGTGCTCCACTACACAACTGGGTGCCGTCCTAACAAGGCCGCGCGCTGGGACGGTTCGGCCGAAGGTCCAGCTTTCTCGAAGCCTTGTTGGAAGTTCAGTAATCGCGACCTAGAGTTCCTAGATCACCTTTGCTTCTCATTACGCAGCAAACGTGAACAGTCTGGTCTCGTCGAGCAAGTTGTTCGCAAGGCTTGACTCATGTGTGCTTTCCACGCAAATTTCCTATAATTTGTCCCTGCAGCCCACATGAATCACACGGGAAAAAGCGTCGATTACGTGACCGCCTGGCAGTAACATCTCGTCTGGTGCAGTACCGGGGGCCCCGTCCAATTTGCCTTCTCGGAGAGCTGGTTTGAAACAGGAATCCTCAGGACCGTTCTCTCCAAGTGGGATCTATCTCAATGACCAGAGCGCCTTCGCGGTCCTGGAATCATTCACGCCTCGTAGAGTGTTCCCGATTGTGTTAGCGAGATTTTAGGCCGAACTCTAGAAATATTGGCGGAACGGGGCCGGGACAGTATCTCAGCACTATGCCGGTGTGATTGGATAGTTGTTGCGGCCGTCGACAAGGAAAATCGTGATACGAGTAGATGCAAGGCCGTGCGGGCTCTGAAAGACGCCTTCGGGTTGCCCGCAAAATCCGGCCGGGAACTGCGGTAGCTTGTCATGTAGGATTGCCATCTACAATCATATCGAACCCGAGCGCCCTAGCGCGCCGCCTCCCGAAGTGTGAGCTTGGTCCTCAGGCGCCCCTACAGCCTCCGACCCATAGATGTAAGAAAATACTGTCATATTTTGGCTCTGTCCTCAACAGGTGATACATATCACCGTAATAAGAATACCGTTCACTAAGGACTTTGCTAGCTTCACACTCCGAACTGGACTCACGACCTGGGGGTTCTATCTCGCAGAAGACACCAAGGGCCTATTAAACTTTACGGACGAGGCGGAATTAACTAGCAATAGCTAATCAGGTTTGATTTCGCAGATGCAGGTGTAACAAGAACTCCCATATTGCACGTTCCGTTTGAAACCAGCTACAAACTTACAGGGAACACACCCTCGGACTTTCCCGTCATGTCGAAGTACACAGATTAAGGTGGACAGGTGCTACCACCCGACGAAGCGGGTCTGCAACTGCAACAATAGAGATGTGTGACTAGTAAAGAAGAGAAACCCCATCATATCACTGATAGTGCCCCAGTCCAAT,1791,50.36,Arabidopsis thaliana
SEQ_272848,CTTACCGTGAGGTAGCTATCTAGCTCTCGGAATAAATTAACAGAGGATTTGCAGATTAGAGAGTGTACCTGGAAAAGGGTGATTAGCACCAACATCAAGATGGGAACACCTAATCGCAAGAAAGACGATCGCATCAATATAATGGCAAATTCTCAGTCAAAGGTGAGCTATGTCGCCCCCTCTCACGTTACCTGTGCTACTCTTGAGTTGCATACCAAACAACGGTGTTTCGCTTCTCACGTAACTCCTACAAGGACCCGAGGTAAAAAGAAGCGATCCCCGCCCCCGCGCTGGGGAGGAACAATCGTATAGGGGTAACACTTTTCGCACCCTCAACTCCTGGGATGCGTCTATGCTTCAGCTGCAAAGTGCAGTAAACGGCCTGATGTGTACTTTTGTCCCTCCCGCGGATCCGCGGAACTTTCGAGTTCTTTCAGCGGGTATGGCCATATCGGTCTATAGATATTCATGGTTAGGAGCCAGCACATTGTTTTTTGCGCCTCAAAATTATCCACAGCGTCTTTAATTCGTTTAGGTAAGTTGTGTTATGATTTACTGGCGAGTATGCAGGTACCGCAGTTGAAGAT,587,47.19,Caenorhabditis elegans
SEQ_756344,TTGTCTTTCTCCGTCATGAGTGGAGTACGATGGGTGAGTGGATTACATCTTCGTTATATCAATCCGGTTCGGCCAATGTTAATTGTTCGCACGGAGGGATTATTAACCTTAGTTTCGAAGTGAAATAACGGCAATATACGTACATAGTCCAGGATTGGTCGATGATCCCCGACGTGATTGCGACGGAGGCGGAATGCCGCAACTACTAGGGCTGCCTCCTAACGTCAGCGTCCCCCCCGGTACTCAGGACAGCACAAGGGACTCGAAGATTGGGGATAGCGTCATCTTACGGCGAACTTCGCTGCGGGCAATTTAATGGGTGCGCGTACGCGAGCCGGACCCAAAGTCCCGACAGAGACCAATGCCGTCGCACCCAGATCCACCTACGATTGAGTCTGATCCGAGCAAATGACGGCGGATCCAACTACAACGAACTCAGTATTTGGTGCCACCGAAATGTGCTGTAAGGGAC,472,52.33,Arabidopsis thaliana
SEQ_371635,TCGATGGGTGCGCGGATATCGGCCTTCCGACCATACACGGGCGGGTTTGCTTGGCATATAGCGGTGGTCAGAGCCTTCGGCGGAAGAGTGCCACATATTCTAGGACTGGACCTTCATTGACAGGAAGCTTGTGCTATGAAACCAGTATACGCCTGGGAACTAGGAACATGGAAGATCCGAGTCCCCGCTTCATCAGTACCCAAGAGCTAGCGCGTGAAACGTTTCACCCGTAATATCCGGATCTAACCGCATGGGAACCAGCATAGATTACTCGAGCGTATTCAAGTAAACAGATTAGCGATCCCCGGTAACAGTAAGGCCTCTCTTCCGCTAGAGACCCCGCCCCTGACACGGTGACGCACATATTATCTACGGCTGCTCCGGAGGCAGCTACTTTTGGCGAATAGAGGACCTCGAGCCAAGGGCCTGGACACTATGGCCTCGGTCTTTGAGCAAGTGGGTTTGCGAAAACGGTATCTAGCGTTGAGCACGACCATCTTGGTTTCAGACAGTCTATAGTCGAAGTGCCAATGGGAATGTCTGCGATACGAAGCTAGGGCTACGCAACATCAGGGAAGGCCCGCCATGTCGGCTCGGGACTCGCGGACATAACAGTCTCAAGTTTGGCGGGAATGACATCGCAGATAAACT,651,53.46,Caenorhabditis elegans
SEQ_241017,GCTCACTTCGTCTGTCGCTCATCGTATAGAAACATTGTTAGCAGCCTCTACAGTATCCGAACTATCAGTGCCGAGCCCCTTTAGAGACTATTGCTTTATAATCTGTACCAGTAATTGGAATCTCAGTGGTAATTGTGCACCGCATTGCGGAGAATCTCGCTAAGCGGCCTGGGGGACCACTCGCACTCTGGAGTGAGACTTAAATTTCTCACCGGGAAAGGAATAGTTCATTGCGGTAGTGGTAACTTTAGTTTAGAGTTACACACATCTCCCCTTTCTGATTCAAACCGTGGAATTCGTTCATCGGAGTGGGCCATGTGAACTGATTCAGAAACGTTGATTGGGTCGCTATATGCCAGGTTGCTGTCTGTGGGATGCACATGTATCCGATGCCCGTAATTTTGGCTTGGGCACTCATGTCGCGCGTCCGCAGTTCTAAAAAATCGTCCTATCTTGTGTAACCTCCAAAAAAGAGGACGCTGGTGAACTCCGTACACATGAGATTTCGTCGCATAATTGGCGACGCCTTAAGCGCTGTGCGTCATCACCCTCCGAACGAACAGCACACGCCGTCGAAGAGGTATTCCTATGGCGCAAGTTCTTGCGATATATTTTTCGCATTCTGCACTTCACGACCAAATACGGCTTATTTTCCATATGAGGCATATAGAACTTGACGCGAACCCGCGGGTTACGTTCCTGGTATAGCTCGTGTTACGCGACCCGCCTTACGATACATAACTCACTTTTATTGAAATGAGGTGAGGGGCCACCATCACATCCCACTAGGTCGCTTCGTCGGCCATGCAGCAGTCGGAGAACCGGGCGCAGGACTCAGTTGTTTGGTGCGGCTCTTGGCTCAGGCTATACATGAGACGGTCAGGGCGGCACTCGGGCTTCATCGGAGCGAACCACCCGTGGCATGTTGTGAACTCCTAACATGACGGGTGGAGAGAGTGTCTGTAATTACGATAATGAGATGACGCCGGTTTATCTCACAGAATAAGCAGCTAGATGATAAACCGCCGTCACACGTGGGCGGTGATCATTTTGGCAAGTCATACATAACCTGAAGTAACCAAACTCTCGGACCCATACACTGCGGGGTCGTTGGTCTACGTGGAGATGTCCTAAGTGTTTTCCATTCTGATCACCCCTCAAGAGACAAGACCCGAGAGGCCAGCATATCTCCA,1193,49.79,Caenorhabditis elegans
SEQ_277992,GGTATCCTATTTATTAGAAGGACCCGCGGCTAGCTAACCGTTGGTCACCTTGCCTAGCGCTACACTTTAGCTTAAACTGTGAGTCGCAGTGGACATTTGGCGCATGAGCCTTTTCGGTCAACTATGCCGCACGTGTTCTGTTTACGCTATACTGACATGGAACGGATGGAACATACCAATACGTTCTCTCGGAAGAAGCTATTCTCAATGGACCCACACTTTTAGCGGACTACGGCGATGATCAACGGTCACTCAAGTTCTAATGGATGTAACCGAACGCTTCCTCCTTTGCTTCGTTATACGGCCCACACGGGATTATGTGGGGCACTATGTGTGAGCAAGCCCTAAGATTGCCAGATTCAGCGTGTCAATCAAGAGGTCCCGCTCCCCGTCGCGGGTTCACTAGACTTCGGCGGGTCAGGGTTGTACTAGATGCTCCCTGACACGATCTAAGTAAGATCCGACTCATTCCATCACGCGATGAATGATCGATGGACCGACGGGTGGAGTTCAATTTTAGTGGTCAGTTACAGACCGAGGAACTGGAGGCACTGAAAAGGATGTTTAGGGGTTGAGTTGGAGCGCGCGAGAAGCCATACCTCGCGGCACAAGGAAAGAATACAAGGAGTCAAACGTGGAGGCCGTCATAAATCTCGCAGTGTTATAGAATTGGATAAGGATGATCGGTGACCCGCGAGACGCGCTCGGCGTGAGGGGCTCTCCTTTATAATCTTTAAAGGGACTGCAGGCGGCCGACAAGCGCCCTGGCATACACCTGTCCATACACGATCGTCCCATCTCTCGTGCCCCTGTCACTCTACAGGCCTCCGCGTGGCATATCTCGATC,847,51.95,Caenorhabditis elegans
SEQ_744722,CATAGGCAAGAGAAATTACATCATGGCCGAGCAGTCACGCAGACTCGCATCAGTGTTCAATTTGATGCTAGGGGTAGCCGTCCAAAATTTCATCTATATGAGCGGTCCGCTCAATAAGGGCCTCTCCCGAACTGTCCAAAAGTAAGGCCTAGACGCACTCAATAGTCATCCCACCACTACCACATCGCTATCGTGAGCATCGGTACCGTTATCGATAGCAACTAACGTCGCACCGGCCAGGTAGCGGAATCCCTAACCATTGGTACGGTCCGAATCTACTGCAGAACCATCTTGCTCACGACAAGTCCCCAGGGGTGGCTGCTCCTGGGTTAATTACTTAGAAATGCCACATTATGTCGCACAGGTTCTCCGGACAGGTTATCCTGAGAATCGCATTTCTGTTACCCATTCCCTCCACCAGGTTGGGTTCAAGCGCGTGGTCTGGTAGCCAGAAGGCGATGTTAAACTATGAGCTTTGCGCGATTTTCATGAAGGCATTGGGTCGGAAGAACTGTATGAAGACCCTGGGCGAAAAGTAAGTGGGAACCCCAGCAAGATGCGGATTGTCTGCCAATTGTGAGAACCACCCCACTTGGCATCGAGAAGCCTAGGTAGACAGTCGAACAGTGCTGCCGTTCAAACCTGTTCCTTTAAAGAGTAAGACCGCTAAAAGAACCCCATTTACCATACCCATCCCCCTTTAGAGCCATCGAGCTTCATGATCCTGTGATCGGTATAAACTTAGCCACAGGGTTTTTCTATTAGGGTTGACAGCTAATAGTGACTAGGGAAGGGTTTTCATTTACTCTTGGATAGCCAGGGCCTATATGTTGACTTTTTGCACGACAGAAGCTTGGCTCCTATCCGGTATTTCCACCCAGGGATACGTCAATCTAGTTTACATTTCTGACCGCATTCCCAGGCGACCCACCAGCGCGTTGCCAAAGGTCGCTGCAGAAACCGCACTGATGTGGTGCCACTAGACTTGGACGGGGCGGTAGTGGACATGAAACATTCGCGCGGATTCTACTTATTATCCCTGCAGATAGATATAACTTGGCACTTTGTAGGCTTGCGCTGGTAGGGAGTGCCGCAGACCGAAACGATTTCAAACTGACTGGTACCCCAGCTTCAGCGAAAGGCGAGCCAAGGTACTCACCAGAGCCGTTAGCCGACCTTCCTGCTGGGTACCCGAGCCTCAAGGTTAATTTACGGCGAACTCGCGATGCAGTAACATGGTGGAAGCGAGGTCGCAGTTTTTTCGTATCATCTTATGTTGTCTTTGTGCGTTTACACGAATTGACTGAGACCGTTCCAGGGCGTTTTAGTAGCCACAGGGCGTTGCAAAATAGCAT,1355,50.11,Escherichia coli
SEQ_297121,TACATTTATGCTCCACGAGTCCACCATAATTGCGGGCACACGACAAGTGCAGCCCAGATTACCACTTATACCAGTGTACCCGTCCCGGTGCGATATGTCACCTCCAAAGTTTACTTATGAAAATTTTGTGGCAAAATACCTTGACGATCCCAAGAGGGCTCACCATCTGATAAAAAGAGACGGTGACAATGGTGTTAGTAAAAACACGCTCCTATAGCATTCCTATACCAGCGTGGAGTTAAAGTGATACTGACTCCCCGATAACTTAGCGGTGCTAGAGTGCCCGCTTTGCGCTTTCTGCTTTGGTCTTAATACGTCTCGAGGTTCAACTGAAAGGGTAGGTACGCTGTTAGCTGTATCTCTAAGCTTGCTATAGGGCTTGGCAAAAA,389,46.02,Arabidopsis thaliana
SEQ_743903,CTTGGTGCCGGTTCTATTCGTTGCGCAAGAATAGGCATATGGTCCCTTATCACCCGACCTTCGTCGGCTGAACCAACCTCGTGTTATTAAGTTTCAGGTGCGTATCAATGAGGAGCGTTGGTATAAGATCGACTCCTGTACTATATCTTTGCGCGGGCGTTTGGTCTTCTTGGTTCACTACTAAGATGAGGAGGGAAGAGGCTCGGAAATCGTAGCGTTATGCTCCAATGTTTCTGTGACCGCTTTTGTCGCCTAGAATTAGACGGGAAAGTGGCTCACGCTCCGCGAATAACTCCCGCCGGGGTGCATTGCACGC,316,50.95,Arabidopsis thaliana
SEQ_800739,GGGCACGCTGCCAACGTATGTCATCGTATTACCAAATCTGTTTCGGAGTTATCGGCTCTTAGTAGAGCTGGTGTCGCCAACTTTCGCATCTACGGAAACACCCCCATACGGGTACGGGACAGTTGTTGGTTATCGGAGTGAATCATACTTCACCTGCAATGCATTAAGACCATGCAAACTGCTGTGACACCTTGAGGAGGTCTCTATGTAAGTGAATAGAAGTGCCTACTACTCCATAATAAGCGTATTGTGGTGTCGTTACAAGCACCATTCCTGTCTAACTGCCACCGCCCTGTAATTATCTTAGCCCTAATTAGTTATCCTGCGCCGTAGCTCTCATACAGCACTTAACGGCACATCCTGAACACCGAAACCCCGCCTCCCAAATATGGGCTCGTACGCCACGATTATTTTCCAGTGCTAACCAAATTGGTACATTGGTTAGGACAGGGGCGCGCAACCGCGGAGGGTTTATTACGCATTGGATCTGAGTACTGTACTCGCCACGCGCCACTATTCGTTGGAGATGCCAGTGGACCTAACGCGACATGCGGGGTTGATAAAATAGTAATAGGGCGCGGCTCATTCGTCACACATCGCGCCACGTACCAATGGTTCATAAAGCGATAGCATTCGGGCAGATGTGCCCGTTGTGCGGCAATTCTTTGATTGCCTGAACGGCCCGGCGCATGGTTCCGACAGCCAGCATATCTGGGGAACAGAAATCTCGATCCAGGAACGAGAAGGGGTACTACTAAAACGAACTAGAGTCGAGCGCGAGTGCTCACAATTATAGCTTCCTGGGTATTGAATGGTCGTGAGAGATCATGTCAAAAGTACGCCAATACGTAGCAAAGACTTCTGACTATAGAATTG,876,49.32,Mus musculus
SEQ_354942,AGCCCTGTTGCTACTCCCCTGTTGGGGGGGAGTTGTTGTTCTACACTCGACTCAGGATGTAGTATTCCACCCGCGACATCCCCTCCTACGGATGTCCCCTAGTAGTCCAGGGTGAGTATGGGACGTGTACTGCTTATTGTCGCGAAGTTGTTGGTACTATGTAGTCAATCCCGCAATCCGACGACTGCTCACCGTATTCGGCACCAAGTGGCATGCATCATGACGCGAGCCGGGCTTCAGCTCCCTATATATCTGGCTTAGTGCCAACGTTGGTCGATACTAAGCTAATACAAACTAAATGCGGTACCGTATGGGCCCGGGGAGCCTTGTGAACTATCATTGGCTACATCAGCACTAGCAAATGGACTAGATATTGCGGCAGCGCCCCTGATCCCCAGTTCGTGTACTTGCCAAGCGTGAGTGGAAAATATATGAATTGTTATTCGGCCGCACATTGATTCTTCGGCCTGACTAACACCGTGCGTGCACGCTATAACTTTTCCATTTCTGACAATCTCGAGACCGGCCTACAGAGCTAAATACCGTATGTCCCTCCCGCACTCGTACCTGCAAAGTGCCAAGTAAGTGAGCGATACGTCAAGCATCAAATGCGGTCTGGCCCATAAATCCAATGGTGTTGATTAAGGTCTGGGGGCGGCGGACACGTAGTCGGGAACTTCCTGCTGCACTGCGTCTCTAAAGGTCCGTGATCGGGACCTCTCTTCGAGGGGTAGCCATGTACATCAATCGTTGAGGGGATATATGTGGTCGAGAGGTTTGACCACAGGCACACATCATCAAGCCCGCAGCCCAAGGTAATACGCACCGTGTGATAACAAACAATTTCCGTTGGTAGAGACAGCCTGACACAACTGTGTTAGACGAGGCAAGAACGAGGAATAATTGAGCTATCTCAAAGATACCTCGCGGTGTCTGTGTCTAGGGCGTCCCGGCTCGCGTCTTCGCCGGGCAATGAAAGGCGGTAAATCATATTCAGCTTACACGCGCACACTGGAAGTTGAAGGGGCCTTAGGCTACCTTTATAAGTAGCCAGCCGTAACAATGTATTTGTTGTTGTTCAGCTACATAAACTATAGGTGGGCTTCCATACCAGTAGGCCGAGAGGTTATTGCCGCAGAAAACAATACCCGACTACGTTACGCAAAACAAGGAGTTATCCCTCGGGTTTCAAGAGCTGCATGAACACGAGGCTGGAATTTCCAGCGTTATTCTACCCTAATGGAGGATAGCCAGACCGCCTTCCAGCATGATGGTTCAGACGAGAACGACATCTTTACCCGCGTAGCAGGGAGTTGTGCCAACTATGCCGATCTCAGATCTCATCCTTCAAGCTGTACATAATATGGACTTCTTTAGTACATCCCACTCCGTCATGTACTATTATCCAACTT,1412,50.21,Arabidopsis thaliana
SEQ_200800,CTTAACACGTTGAGAAAGAAGCACACGCCCCGATACCTGAACTCTGGATCTTTGCTCTGGACAAATGAATAAACGCTATGTTCATCCGCTCCGTATGCATGCGCAGGATGCGAGTAGTGGTAGGTATAAATAAAAGCTTCTAGACTCCCGTTTCCAGGTGAATGAACTACCGCACAGATCTACATGCCGGGACGACAGCAGGATTGACTTTTCAACCCTGTCTGAAAGATTTACGGCTGGAACCCATATCGTCCTCCCACAACAGCGTCAGCACGCATGGGTCCAAACACGGCGAGTATGCCGTGAACTATGTCCCGTTTAACTGTGTGCCGACATTTTGAAACAACTGGCTTGGGGGCGATGGATGCATTCGGCAATGCGCTGCGGTCGATGAGAGCGTAGCCCCAGCCCTTAAGAGCCATGTCACGCAAGAGGAGGCACGAGCACAAGTATCGATGTCAGGGAGCAAGTGCGTGCAGTTTAGATTGTTCCTACGGTACGAGAGTCCTTGTCCAATATCTTCAATTCTTTCCGTGTTATAGGTACCGCGTCTGATGTGTTTGGTTGTACCCAGATATATACGCTCACCGCTGGAACCTTCGTACTTTAGTGTTGCTGTGCGAGATCATTCTCGCTGCTAGCTAGATTCACTAACAGGTTAAGTGCTGGTACTACGTGGGCATCGAGTTTCTATGTCACTATATCAGCACAAGTGCGGGACACTTTCACTAGATCAGCTAATAAACTGTCGATAGCCTCGCTGTATACGGAGGTAAGGGGATCGCAATTTATTCTCGAAAAGGAATGCTAAGCGCAGGGGCTTCACAGGAGCATTATGTCGTCAGTTGTTTATCGCGCCCCCGTCATCGAACTCCCGCACTTAGGGCTGTTGAAACGTATAGAGTCGCAGCAACCCCGTTCAGCAGATTGTGGAGTTCCGTGAAGAACCCGTCTCTATCCAATGGTTAGAGGGCGCGTATTGGCCGAGCTCTCGATATGGAACGCAGATACCTTCCACCGACACGATAGGTCGTAACACTTGGGCCGCAACGCGCCGCGATGATTGTAGAAGCACGCGTGGGAGATGGTAATTCACCGGGCGATTTAGGGGTACCACAATGACACATAACATAAGGAACTCCTTGCGCAGGAGCTCTTGCGGCACATTAGTGCCGCTCCCGCCTCTACAACCTGCTTGCATGCAGCCACTACCTAGTCAGGGAATTAATGCCAAAGGGTTAGCTGGCTGCTCGAAAACCCTATTATTACGTGACCGGCAACATGCGGAAGAGGCATACTCGTATCAGTGTCAGTAAGCCGAACCGCAATGATCGGTAGAACGCAACCCGAAGTCTTACCTGATCCCATACTGATTTAAGGTACAGCTACAAGATGGTTGTTGCGGAGAGTTTTATAACCCAGATACACGGACGACGAGGCATCGCATGATATTCTATACCAGTAAATAATTCAAAACCCTGTCTATCGGCTGATAATAATTTTGGCGCTGTACGTTTGTCATTAGCTAGTCAATACGGACTCTTGGATCCCGGTGCTTGGAAATTTCGATAGCTAAGCGCCCGCCTTAAAGCCCATGCCAAAGTTCACGGTGGGAAGGGGAGGACGGGCCGCAAACGTTTAAGTCGTACGGAATCAGAGGGTCGGTAATACGAGCATGGTGGCGGCAGTAAGAAAACCCCGACGTAGGTTAAGAGTTGTCAGAGGTGTCCCCACACATAAACCGCGCGCGGCATCATAGTAAGCTTTCGGAGTGTAACACCCTACACCTCACCGTGTGCCTTCAGCATACAGATTTTGGCAGTATAATCCAGATATATTTTCCTCCCTGGGGAGTGCGGACTGCCGGGGCCCGCTTACTATGAGCGACCCCAGGTAGATGGATGCACGTGGTCAGCAGACCATGCCTGAGGGA,1933,50.54,Mus musculus
SEQ_499417,AGAAGTCGCGTTCAAAGCATGATCTGCGTTCAAATAGTGGCGAAGCGGAGTATACCACGACGTACCAAGCTCATCGTTGCGAGAGCCGTGTGGCGGATGACATAGTTGTGGGCTGTCACTTAGGGTATAAGCCGCCCGCTTGAAGCACAGGCAGTTGTACCTAGGATCGCACATATAATAAGTATCTAGGCGTTTACCGGTGTGTGCTATTCAATCAACTCAGAACAACACACTACGCATCCTGGTGCATATCTAGAGACGTAGACTGTCGGCCACAATAAGCCGGCAGTGCGTTAATTCGTAATACTTGATATCGCGCAATCGTTTGAAAGCTCAGATGGAACGCGGCCCTAATCTTGTTGGATTTGATTAGAATTAGTGTGATATAGCCATGTTCGGTCGTGCGCTGAAGCCAGCGTCGGTATAGTTGGTCCGTGGGGTGGACCGCGCGTTTCCTTGTTGAACAGTAGTAAGACAACGTTTTAGTCGCAACTTGCTAGTGAAAGAGCTTCCGATAGTGAACAGACGACCTTATACGGCTGATCGCTTCCTAGATTAATAACGGTACGTAATGACCATTAATGGGCACAATGGTAAGGGACTCTCTGAGAAGCCTTCTGATGTCCCGAAATTTTGGATTATGTGCCAGCAAGTGCGGAAGATCGGCGTATCAAAGGCTCGGGACGAGTAAGACGATCGATCTGTTGCTGATGCGAGTCCTACAGATGAGCCACCTAATCCGGAGAGGGACCCACACAAACCCGGAATTGCTGTAACAACGCTACGTGGAATATAGAAGGTCGTCAACCGTTGACACTTGAAAGTGTCAGGGGTTTCTACATTAAATGCGCTTGACTATTTAAACGATTTCTAGAAATCATTTCCAGGATATTGATTATGTCTCGTTTACCGCTAAGTGAGCATCTCTACAGCAATTTTGAATGCATATTAATATCAGTGCATTCCGTGTTGACTGATGCTTGGTCTATCGACACAAGGGGATGATGACCATCCGGGCGCTGCGGTTGACCAAGTAGTTGCGAAGGACGTAAACAACAGCAAGTCCTAGTTGATTAACATGCACCGGTCCTTAGCACTGGTGGGCACGAGTGCAGTAGCCTACGCCATATCGAGCCG,1137,47.67,Homo sapiens
SEQ_782329,GTTTCGTACTGTTCGGACAGAAGAAATGAAGCCTTCAGATTCCAATGACGTTAATTTGCATTATGCAATTGAGCAAACCACCCTATCTTACTACTTTGGTGAAGTTGGAGCGAACTACATCGATC,125,40.8,Arabidopsis thaliana
SEQ_855439,TGCTGGGAATGCATTCTTTGGCGTTCACTAGCATCTAGTGCGCGGCCAAGTGTGTTAGTGTCTCTCAGATGATCCTGCGTCATATGATGTTCGTGGCAGCACCGGGTTCTCGGCGCACTCAGTCAAATCTAGGCTTTCTGAGGTTCCGAATACCCTTGGTCCCAGAGTGCACTTTAATCTTATCCTGGGTTTTATTAGTTC,201,49.25,Arabidopsis thaliana
SEQ_898220,TTGAGTTTATCGCATCCTGTTTGGCAGAGGCGAACCTATTGATACCCAGCTCTGTACGCGGGCATTGCTCAACGTACCCACAAAGTAAAAGCGGGCCCGGTAACGGAATGATCTCTGGTAGATGCACCCGGTCGGTCAGCACCCGCGAAATACAGCGACCATCCTATGCGAAAGGTTGCACCATCAATGCGAGTAGGAGTGAACCGTCCTTTCGTGCCTTAGGGGCCTACAGGTGCACGCAAGTAATACGGGTGCAAACAGTGGTTGGCTCATGGTACGGTGCCAGAGAATTGGTGACAACACAATATCCTTAAGAAGACGGTCCCAGGGCATTACGCTCTTCAGATGTGTTCTTTAGCTATGTAGCCCCAGAGCAGCGCACTCTTGCTTACGCCGCACGTAGCTGATAAATCCCGACTTACTGTAACTGGACCATTACCAGCTGGACCTTACACTTAGAAAGTCACCCGTATCCATGTCGGCGACGTGATGTGACTGACAGATTTAAGATTCAGTAGTGTCAAGGGTGTAATCAAGGTCATATGGTAGGGCACGCTCCCGATGTTCACCTTGATCGGGTAACTAAATTATCCTCAGTAGGTACCGAACGTTATGGTCTCCACATAAGGAGGAGGAAATCTTCGTCGGTCATGACTCCTTATGCAGCGTTAGTTGAGCCCCACTATTCGCGTGCAGATCTGTACAGACGCAGCTACAAAAGATGCGCTACGTTTAATCTACGGAATATGCGGGTCAGAGCGCTTTGAGAAACGTCCAGTAAAGTTACTTATAATGATGCATGAACCACAAGTTGGTCGCTGCTACA,826,49.52,Arabidopsis thaliana
SEQ_853607,TTCATGATGGTCTTGAACCGCGACTGCAGCTTCGCAACTTTTGAAATGAGCCACAGGCACACCGGCAATTATCAAGAGTTGACGCTTGTAATATTGTCACAAACACGACATAATACATGGAATCGCAACAGTGCCTTTGAAACCGCGAAGAGGCGGCGCGTTCCTTACATGAAACCCCGGTCTAACAGTCAGTTGCGTCAGCATGCCAAATCCGATTCAGATATCCTCAGTAGCATTCCTCGTGTTCGCAGTGATGCCTCGTGACACATAGACCGAGAATCTTGCGCCTCTACGTTTGACTATACATATATCTATTTCGTCATAATAGAAAGCCCAAAGCCGCTAGTCGTGTCATTCCAGAGAAGTGTTGAGGATTAGATTAAATATCAGCTTTCGATACACAAGGCTAAAAGCGGCGATCGACCAACCTTGAATGGTGACGACCACACAGCGTAACCTACTACCCAGTTCTAGCAAGAAGGTCTTGGCCAAACGTGTTCCCACACTCCATTGCTGTTCTAGACCATGACGGTCATAGAGCCCCATCTTCGAAGGGGGAAAAATTGATTACCGACATAGTGTATCGCCTCACAAGATAATTCCTCCAGTCGCAAACATTCCTCTGACCCCAAAACTTGGTAGGACCTGTGACGTGCGTGCGTAATCCGACGCCCAGCCAGATCCGAAACTCCCGGCTGTCGCAACTTTACCCGATGACCTGGTCTCATCGATACCCCGGCGTAGGACATGAAAGATTCCTCCAACAGAAACTATCTGTTGCAGGTGGTGACCTTATATCTCTTGACGGTCCCACTCCGTAATTAGTGGGTTAGGCTAGACCGGACAGTACATTAGAAGCCACCATTTGCCACTTACCGCGCACAACGGAGAAACATGCCTGACATCTCATCGGCCTACATTTCCTCTAGCCGGTCATGCTCCCGCCTGTCATGGAGTATTTTTAGTACTGATGATACATATCAGCAGTTAGCTCTTTCGTTTTATAACGATTGATGTTATTGCAGAGGCTAATACGCATTGCGTCTCTGCAGTACAATTTGCCCCCGAGTAGCAGCCGGTAGGGAATCAATGTGACGCTCTGCTGCTTTATTAAGGGCTAGAGTCAGATCGCGGTGCGAAAGTCATAAGGATGCAAGGACAGTGACGCCACTCTTACACTGAATGATGGTTCTGATGCACGTCTTCCATCGGCAGTGTCATCTGTAAGTATAGCGAGGACCGCGCACGGCTAGTGACTGGGTGCCTCGTGGGTGAGGTTTTGTAAAGACGTTGAGACCGCCAGTTCGAGTACTCAACTCTGCTAACCGCGACCTCGTCATAAAGCTAAATCACCTCTTCG,1360,48.75,Escherichia coli
SEQ_706346,TCCATGCGCCGCGCGTAAAATTTAGTCATGGGCACAGGACTGCTACGGTTCGGTCGATCGGGTTGCTGATCAAAGAGGCCTGACGTTTCCGGAGGACATGATTTGATAGCTAATATTGCTTGAGTTGTTCGGTTCGGTAGCTGAGAACAGCAGGCACAGAAACGGTCTTAGACGGAATTCAATACAAATGAACCCACGCACCCAAAATTCCGGTCCGTAGGTATCCGAACCGGAAAGGATCTTTCCGGTCGGTAACTTAACTCGGAAATAATTGGGAAGCGAACCAAGAAGTTTTACGTTTATTAGCCGCTCCCCCTTTCGCGGACTAGAATAGCTTTCTCCGGGGGGTCCGATGCAATGACTGGCGTCGGCAGAGTGCGACAAGGACTCTCTACGGGTAACCCTGTCCAAGAGGTGGCGTGAACTGCCACGTTTAATGCTTCCATATCTAGTCCCGAACAGTACTGGGCCAATAAGTCCCTTGTTTCGACATAAAGAAGACCTCTGAGGTGCAACCACTGGTTAACGGACAGACGAGACGTGATTGGCTTAGGCGCAGCTTCGTGGCGAACTCGCTTATAGCTGTCACGCAACGAGCCTGCCCAGACTGCTCCCGAGGTGATTGAGGCCTGGCGTTTAACTTACGGCCTCTAAACATCAGATGATATCCTCTCGTGAGACAGCTAGCTGTGAAAACCTTAGCCTAAAAAGTCTGTTGCCATTATTGTGTGGGTATGGACTTATCAGAGTTTTCAGGCAATCATCGCGCCTACCATGTCAATTTTCTATGCTTGTTGAGCGCCCGGACTCCATGCAGGCATTGTTGGGGTGGTAGCTTGTGTACTTGCCGATGCAATGAAGTTTTTTAACAACAAAGCGTACTAGTGATAACCGATGAGTAATTAGACGACTCACCTGGAATAACAACTCCGGAAACTTTACGCGTGTGAAGTAGCCATGGAGAAACTCCGCACGAGCGATCCACATACGCGTCCAACAAACAATGTGTGGGAAAACCGGGGGATTGAAAAGCCCGGCTATTGCAAGGATCAAGCGGGATCTAATTGCTATTCTGTACACTAAGTATCGGGTTTAATCGGT,1101,49.23,Drosophila melanogaster
SEQ_292025,TCAAACAGGCAAATCTACTAGCTGCGATCGCTCAGTTATCTACCGTTGATCCAGGCCCAGGTTGCTCAGAGTTTACGCTTCCCTAAATTTATTCCTGCTTCGGTCACGTGTCAGGGTAGAGCAGATCCGTTGGCATCTAGTTCGTAGGGCTTGTACTTCAATCGAGTGGCGCTCCTCGTCTCACTGACTGCACCTAATTCCCTATTAGCTTGGATCACTGGTGACTAACAAATTCTCGCGATCAGTGTGAAACGTAATTATTGTATGTGACACCCCGTACTCCTTGCGATCTGTGCACTAGTTGGATTCAATCCCTTGATAACATCCGTGTAGGCGTGTGGACAAACCACTCTTGGTGACCATACATTGGGGAGAATGCAGTCTGGAGAACGCGGATGGTCAGTGAGAGCGTCTGTTTTTATGCCTGCAGTTCGCAAGGATTGCATCCATCAACCCCCCGGTTATGCAGAGCATATAAATATCGAGCGGAAGTGGGAGGCCAGGCTGTCATGCAGCCTGGGATTAAGGTTCGCAGAAGGAATGTTTGCCTGGCGCTTAGTTGATCGGCGCAGAGAAGTGGGAGTATTCAACCCTTAAACCTTATTTGTGATTCACGCGCGTTCGAGAGCCCATTGTATAAAATAAAATTACTGTTAGAGGCATACCAGAGCCTTCCATGTGTGAAACCCGAATCGTTGAGGGACTGTAAATTCCAGAGATCAGGGGAAAGGGTTCCCCCGGTTACCCCCCTAGACTGTGGAGCTAGAGAGAGTTTGCGTTTGTGAAAGCCCGAAGGGACTTTGATATCAAATTCGTTTTCCCTACAAAGGATTCCGGCCGTCGCTCTTCTGCGGCACTCTTGAAGCTGGTCGCTGATGGTCCGTCAAGGTCCACGCGATGTTAAAGCCCGCGCCTAGAAGCCCCTAAAGGATTCATCACTGCTTCAGTAGGTCAAGGGAAATTTCGGCCTTCGCTTTGCATTGTATGTGCATAGCCGCTCCAACCTTACCCTAGTGTGTTGTACTTTATATCAGTTAATACAAGCTGATGCGCAGGCCCCTTAATGTGGTTCATTATATCTCGCAGAGGACAATGCAATCATCGCTTATTGGTTACAAGTAGTCGTGAATTTGCAACGACGGTAATAAAATAAACCCGCGGCCCACTGGCTAGAGTAATTAATGGTTATGCTAATTGCTATGTGGATTAATCTCTCGACCACCACCCACCAATGTAAAGATGTCGTCGTATGCACACTCGGTCCGATAGGCTGAAATACACTAGACTCAGAGACTGCGTTTGGAGCGTGGATCCCTTCCGGTCGTAGCCTCGGACATCTGACGGCTTTCAGAGAAGCCATTCCAGCGTACGTGCCAACTGGATGTGTGGGGCGCAACTCTGAAGGCCGTCGCGAGTGTTGGCTGCCGGCAGACTACATGTAAAACGGATGCACTGAACTACGTTCTGGTGATATGTCTTAGCCTCCGTGCTCGTGTGTTCATGGGGAGGCACGGATTGTCACCCATGGGTTCTGGGGCCAGGGAGCTCACTGAATCCATACACGACTCGTTCTCGATCATCGTTTTCCTCACATCTGCACGCGGACGTTCAGCGGATGTCGGTACGTGGAACCTTCTATGAGTATGCTCGACCACAAGAGCTATTTTGCCACCAAAACTGAAAAGTACTTCCGATAATCAACTATTTTTAGTGCTGTGTTATCGGTGTAATTCGTGACCGGACGATAACGCTATAGAGTCCTGTCTAGGTGCGCGCAACGTATTGATATGCGCGTCGTAGCGGAACAATTGGACCTGTGTCTCGAATCGGTCAATCATCCGGGTTGA,1847,49.38,Saccharomyces cerevisiae
SEQ_155212,ACTAAGCCTCAACCCGAGCTACCATTGTCATAAACGCAAAATTGCGTCGTAAAACGGGCGATCAGCTGACCTACATCTCCACGCTGCAGTGCGGGAATACGACAGCTAGGCGTTAGTCTCTTCGATCGAAGCCGTCTTTTCCGCCATCTGATGTAACGATGAGTTGGTTGACGGTGAGTGTAACTGGTTGATCGTCTTGGTGGAGGAACGGAAATGTTGAAAGGGGTTGGGTTAGCCGTGATTCTGGATCGATGCCAAGGAGACCTACTCCGATTATCGTCTCTCAGATCATTATCTGCCGACTCCGACGTCTAATTGACGTGCGAGGGACTGGTTGAGTAAACCCCTGAAACCGATTCATGTGCCCAGTAAGTACATGTAGGCCCGCTGGTTGTATTACACGAACGGCTCTAAGACGGTGTCCTGCGTTGTGCATGTTTTCGTAGATTCCTGCTCTGTCAAGAGCGCTATTATCAGAGGATTAGGCGAGTGTGGTAACGCTCCTGCAAAGCCAAATTTGCAGATGCCCGTTCTGAGGCTGGAACTGGTGATGTACTCCTACCACAGTCTACTACAGAAGTCCCCGTTACGTGTACACTTCTGTCTTGTACGATGGGTGGCACTAACCTAGGTGTGGTCCGTCAGAAGCGGGGACACTGCCCTCCACCGTTGTCGCACCTGGAGCTAACTAGGGCTTCCAGGACTGCACTCTGGTGTCTATTTAAAGATGCTATTGTTCTTGATTCCACGGCATGGATTGTCAACCGTCCATCCTTTAGTTGCGTTGCCGTGAACTGGCCTGCTCATAGGTGGGAGAATACTAATTAACAAACACCATGATCCGGCCTCCCGGAGGCGGTCTTTCAATTAAGAGTGTTACGATGCCGTTACACTGGATAGCAGGGCGCCTTTCTCAGTGTTGCGTCTCTTTGATAACACATCCCAGAATCGGCATGTCAAGTACTGCGTACAACATCGGCGCTTCGGGAGTACCGATAAACACTAGATTGGTGCATAGCTGCACTTCGGTAGTGGGGCCCTACTATGACCATCAATGACGAAATCTAGGCCCATACGTTGGCATTAACTTCCAGAGGATGACCCCGTGTAGGCTAGCCCAACTTTGGGACCGCTAGCCCGCTAGGGCGATAGTCGATCTTGCAAAGGCGATAACTCGGAAAGCTAACAAAAAACCGCAAAGCGTTGATGACGATGTGTGTTCGCATGCCTCTCAAATGAAATCGAGCAGCTTGGTATGATGCATAGCCTCCGAATTGGCTTACTGGGGGCGAGAGCAATATACATATTGTAAACTAAACTAGAAGTATCCTGGTGGTTATTAGCAGCTGATTTGTAAAGAAACCCTAGAATTGGGACAGACTCACAATTAGCCCATCAACATACACGGACAACCGCCATGAAGACACCTTAATTACGGACGACTGAACGCGCATGTGGGAAAAGATAATGGCGACAGTGATTTTATCCCGGAGGTTGAAAATAAAACTTTCGGATAGGCGGTACCGCTTCTGCAGTCATGGACTCATGTATCAGACTTGGAGCCAGGGGATAATTTTCAACACTGAGTAAGTATGCCTTTACCAAACGGGGAGCATCTAAGGAGCCAGCTGCTGGTAACGCGGGCTATCAGATTTGCTCCACACTAGCCACTGTATAGGTTGGTGGTCTGACTACCTTCTTTGACCAGAACTTGGACAATAGGCTTAGCCCGCATGGGAAACTACAAGTAGGATCCATCGTGGCTGATAGAAGCGGACTTTCACGTATACAGCAATCTCCTGGCTTAGGCTGCCAGAACAAGACCAAATGAACGATGTATCACCTCGATTGTATTCTCTCGTATTAGCTATTCCTAACGTGCGTCAAGGGAGAAACCTCTGAGGCGAACTATATGTATTAAGCCTATCCACTCGAAACTT,1940,48.87,Drosophila melanogaster
SEQ_746430,CGTGCGGACGCTTGTAGCTATCGATTGTCTAAGAAAATAGAGGGGTATGCCAATGAGGGCCACATCTCTGTCGCGTCAACACCCAAAGCGAGTCACATGAGGCTGTGCGGATACATGGGATAGCCTTCGGCGACTCAGAGCATCGCGGCGATGGAATCTCGCGTGTTGGTCCATCATCGCCCAATAAGCGCGTTAAGCTGAGAGCCCGTTGTGCAGGCGTCCCTTTTTGGGATACGTGACAACGAAGACGACAAAATGACAGTGCCATGCGGAGGTGTTTCGTGTTCAGCCGTAAAGCCTGGGGCATGCGGGACCATACGTCAATTTTAGGGGCCTGCCCTGTTTGGACCCGTCGCTTCGCCTTGAGGAAACTGCTCCGACCTATAGTGCCTCTGGGGATCCTTCTCGGAGGCTTTAATGTTAGACACGGCACCCGAGTCGCCCCGAGACGTATGCAAGGAGGACCGGCTACGGGTCTCTCGCTGTGAGGGCTCGCCCGCCTATTCGCTTCCATCCTAAGTAAAGAGGTGGTGCGGCTTGCTAATGCGTGAGACTTAGGCCCGGCCCAAACAACGAATGGGGTCTGCAGCTTGATACCTAAAAGTAGAAACCATCGTCTGGGCCCCGGAAACTGCTTTAGTACTATCGCTAGGGTTTCAAAAACACTAGGCATACGAGTTGCAGGCTATTAACCCCCATGATCTTCCTCGCCTCCCTAGTATAAGAAAAGCGCTCTCGAGTGGATTGACCTGTCGCGGGGGGGACGGGGAGTTAATTAAAACGGGTCCCCGTATGTATGTTTCGTGTTCCGGGGCAAGATTAGCTTGCCTGACGAACAGGTATTCCGAGACTTGCCTCGCGTTCACCAAGGTAGCGAACTAAATTACCTCGTTTAGATGGATACCCCTATGAATAATTAGACCCCGTTTTACGGAGATATGCGTATGAATTAGCACCCTCCCTTTGTGTGGTCCACCAACTCACAGACTCCTAACCCTATACAAAACCGACCCAGCCGAATTACGCCGGGTACCTCGTTTTGTCGAAGTACTATGCGACTCAGACAAACGAAAATGTCTTGTAACTCCGTGTACTCAAGGCCATGACCTAGCTGAATTGCAATGTACGGCCGCCGGGCTCTCGGTGAGACTCCCGTCAACTGTTTCGTGGAATCAACATAGCCTTATCAGAACTCCAACCCGCTTCGACGAATCATCCCGACCAGCCACCCAGTACAGATCGTAAATGAGCTAAGGCTGATCTTCCACGTTGTGGCTTGTGACATGACCCTAATCTGAGGGACTCACGTACAATTATGGATCGGACCGGTAAAGCATCTTAAAGTTTACTACTGAATCATCGGGGTCCGCGATCAAAGCCTGAGGCCAATAACTCTAGAGAACTATCGGCGCCGTTGCCGACAGTGATAGATTGTAAACGCCTCGATGACATAACTTTCAGGTGTGTATTGGGATACCAATAAAGACCTCGTTCCCATGCTGGGCCTTGGTTCCAAAGAAGGTTCATGGTATCATGTAACGAGGTCTCCTCTTGCGAAACGCGGAGGATAAGGTTGCGCCAGCCAAATATT,1591,51.73,Escherichia coli
SEQ_101586,GGCGAGAGCTGTCAGGAACTCAGAGAAAAGGAACGGACTAATCCCAGGTTGCTTTCCCGCCGGTCGGTGGCATAATTCCCTTACCGTTTTCACCTAAACCGTCAGATCCGTGATGCACCGACGTACCGCCCCACAGTTGGCATCTGGCCGGCTGCGATTCAAGAGGAGATCCTCGCTACAGGGGGACACGTAGCCTAGACGTTATTAGAGGCTCCTCTGGATACAAGAGTCGCCACTCACAACCAATCTGGCACTGCGGTCGACCGTATAACCAGAGTCAAGAAAACGAAGACGATGACCTACGCGCTGTTACTTCATACGCCCCAGTTTCCTT,334,54.19,Homo sapiens
SEQ_124544,GGGGCATCTACGTTGTCCGAGCTCACGGTTCTTGTTCGCGAATAACCACAACAGGTCTGAGTAGATCGCAAAACCTCTTTTCCTTAATAAGTGTGAGAGGCCGACTGGAGCACATTATGGACGGTCTTTTAAGACACATTGGTCCACGGATCGTCCGAGGCCGATTAGTTTCTAGTCCGAAGACGCTACCTATAGAAAATTACACTTCAATCAACGACGCCTATCTCTGCAACACTGGTATTACGAGCGGGCCCTATCCGCATGTTTGGTATAAACTCACCAGACAATTGGGCAAGCCTTGTGGCTAAACTGCGACGACAGTAGCACCTGTGCAAGTCGAAGTAAGTCTAGGACAGCCACGCTTCATCGCACGTGGGGTGCAGTTCAGTTAATTTCTCTACAAAAGTCATCAGACGCGCGACGTCGCCGGTGTCATTTTTCGAGGAGCATATCTAGGGATATTAGACACAATTGCATCCTGCTGCATTTATACCTAGCGCAATTCCCGAGCGGGTGCTATGGACGCGTAAACTGTGGCGTGTCAGTCAACGTTGAGCCGCGCTACTGAACCGTTTGGCCCAAGATCAGGAGACGACCCCGCAACTAATAAGAAAAGTGTTGCTGACCTAGGTCAACTCGACCTTTCGACGTATGCGTGTCGTGAGCCAAGGCAAGTAGTGCGGGTTTTTCTTGGATAACAGGGTAGTGATTTACAATTCCACAGCTCATTGAGTGCGTCTTCCATCCGTGAGACGCCGGAGAGCGGCTCACGGCTTTGAGGAGTAATTTACCGGACCTGGAAGAAGGCTGGCATTTGGCTCTCGATCTGGGTATTAGTGCATGATGGCGCCACTTGAATCTATTCTGGTCACTGATGCTGAAAAATGGCGGCCTTGTAACATCCAGAGGCGGCTATACGTCCATACGGATTGCTATTTATTGCCGACATAGTCGCATGCTGCGTATACGCAAACTCGTTCGGACGTAATTCCGCGGTATAACCATACTAATAACTGATCGAGTGAGGGCACTATCTGATCCCCCGAACTGTACTTATTTGGGTCTTAACCGTGCAGAGGCAGTACTCGCCCCTACGTATCACCATATGGCACAAAT,1116,49.64,Caenorhabditis elegans
SEQ_871721,GCTCCGACCCGTGCACGACAAAATGACCCACAGGGGGCTATTGTTAGGAAATACAAATTGCGCCTTCGGGTGGATAAACAGCATGTTATCGGTACGCCCGGCAAAGACCTGACGCGTGCTCCGTATTTACCCTCTACGGTTTAGACGAACGCCTGCTATTACGCGGTTTATTTCAACGCTGTCGGAGGCCCCGGAATAAGGTCTGAAGGGGTGTTTGATCCACCACGTCATCATACAAAGTTTGCACCCGTGACGCTTTACACTAGCAGTCGTTTCATAATAATCTAGGGCTGCTGGGGACGGTGTACGGGTTCATTCAGAACGACCCCGGTTTTCATTTCTGGCTAACATAAAACCCTCATTGAACATACATGCGACCTACTTTTTGGTAGGGGAAAATCTCTAAATCTACGACAGCCGGGGGAGCGTATCGTACAGTCCGTTTTTATAGCGGGCGGGCCACCACCCATTATATTAGCACTGGTACCCCCTTACATGTACCGATTTTATCGAGTCTCAAACACAACTCAGCACCCGCGCCCTGCTTTCGTGCGTTCAATATGGATAGATGCCGAGGTGTTGTAGTACAGCGGTAGTACTACCCTCTACGTGCGCTGACTCTTAATTGT,629,49.92,Drosophila melanogaster
SEQ_583186,GCCTCTGCCGATATCATCGTAGTTATAAAACTCGGCATTTCCGCACCTAATTTTCTTCGGGATTGGGCAAACTTGCTTCAGCGTTATGGGATATTTTAGCCTCGCAGATTCATAACTTGGCTGTTTGATTCTAATGCTGTA,141,42.55,Homo sapiens
SEQ_896872,CCCAAGGTTCCGCTGCGGGTCACCTAGTGACTTCATATGCTGAGTCCCCGAGTGTAAAATATAGTCAGCAAAGAATTCGTACGCAAGCCAGGACTGATGTTAACAAAATATTAACCGTGAAATGAACGACATCTAGACGGGGGCCGCCTTTCGCCGTGCCGCTACCGCCCCTCAAGCAGCAACGTGGATAATGACATGGAGGGGGTCACCCCGAATAGGTTCGGAAACTAGAAGCTGGGAAGCCGGGAGGCAGAGCGGTCGTTACTTGACGACAAGGAGACGGCATTGGGATGAGTTCTTGCGTGTTGCCCAATCCCACTCTAATCTGCACTCCGAACAATGCAGTAACGCCAGTCGTGGTCATAGTAAAACACGCTCAAGATTATATAAGGGGTATCTAGGCCGAAAACGGGCGTATCCGGCCACCGTCTTTACAAGCGAAGATAGACTCCCCGGAGTCTTTGGCGATCGTGGTCGTTTCTGACGTTATAGGATTTTGTCAGTCTGCAGCCTAATCCGTCATTCCTCGCATTTTACTACTGCGGTTTACCTCAGATAGTGAAAAGGGGGTAATCGAGTGCTTAGGGACAGATGGTCTCGCGTACCCCAAGGAGTAATACAAGTAGCAGTGGGTGGAGGGTGATGCTTTACACAGAGTTATCCGAGCCTGATTGCCTGCAGGCGTACGGTACACCGCAACCAGGAACGCATCAATCCTTTTCGTGGCGACAACGGAGCTTCTGTAATCCATATCATATCCTGGTCGCCTCCTATCTCAAGCATTCTGTGACGCTGCTCAACGAGCGCAGATGTCCCTCTTACTAATTCTAGAGGCCTTGGTATGGTTATATCAAAGCGCTCCGGGTTGCAATACAAAGCCGGTCAGCGAATGCTCGCCTCCCCCCACGTAGAGGGGGTAACTTTCTTGGGACCGCTAGATAGTCGGATTACGAACAATTTTTTGTATCGATAAAGCAGCGTTAGCGTTGGGATGGAGGGGCCTCAGTGTATAGCTGAG,1018,51.18,Mus musculus
SEQ_558057,ACCCGGAGATCTAGAGAGTTGCGCCGGTAGTCGGAACGGAGTGTCCTATGCCAAAAGTGTGATTCTTTGAGGGGTGCACCAGTGCGAGCGGTAGCTCTGCAGATTACTAGGGCTGGTGATAGTATCAGGCGTCCCTGCTGTTCTAAGAGTCCGAAGGAGTGAATGTTGGCCGATCAGCCCAAAATAAAAACTCTCATTGACGCGGGCCAAAGTATGGATAACCTGATCACGCCGAGTTAAAATAGGAAGTCACCAGAAGGAATTCTTTTTCATCTGCTCAGTTATATAAGAGACGGTCACCTAGAGGTAGCACGCTCCCGACGGACTCGTTACTCACAGAATGGTCCCGGTAAGTTTTTCGCATCGAGACCCGATCAATACATAAAACTCGCAGAAGAAATGAGGGCCGGTCACTTGTATCTGTCCGCGTGAAAGGCGCTATTGTCGTCCCTCGATTCTACTATACTCGGCGGCACCCCGCACGAAAGTTGTGGTCTTTGATGCATCCGTACCATGTCCGCGTAATGATCGTACCTTGCTAAGTCTTTGTTTAGATTGTTGAACATCTCAGCAGCTGAAATAAGTAGCCATCCAGATCGGGACCGTCGCGGATCTTCACAGTGAGTTTACTGGTCTCCTATCGGCACCCTTCCGGGTCATTAACTATAGCCCCAATCCACTTAGTACATCTCAAGCGGGTGGGACCATGGGTTAGGTCTCCGCGCCCTTCTCGTAAAACTGTCGACGTCACACGGGCGCCCTATGCGTTTCCACAAGTAGAAATCAACCTCACACGCGGCATCCTATTCATTACTTCATTGCAAGGTTACGCGAGGCCTCTACCGGAATGGGCCTTACATTAGTCGCCGTGTCGTTACTATTGTGATTATGCTGGGTAGGTGTAACTATACCCGCCGCCCCACAGTTCATATTTCCGGTCGGCAAGTATGGGCTCG,956,50.63,Caenorhabditis elegans
SEQ_123736,GTTCTCAGGGAGAGGGTGACCGGCCAATATGTCCAGCAGACTCGAGTATCCCGAAATATATTCAAATACGCACTAGGTGCAACTGGCAGACCACAAATTCATAAACAACGAAATTAAATCTGTAATCATTGGGCGATCACTATTGGCTGAGGTTACCTACATTACACTCTGGGAGATCCTCGCCCTATTTTAACTACATTTGTACAACACCGACGTTTCACCAAGTTTACGTGTCATGATACTACCGATTACGTCAGTAAGAGGATTAACGGATTGCGAAGTGCCTGGAGTGATGTGTTTGCAGCGTATAGCGAACTGAGGAAGAACGGAAGGACCTGAAGTCTTGCAAGTCCTACGGGAAGCAGTCGGTTGCGAGTTAGATGTTCATACCGAGGCCCGCGCTCCCCGCAAAAGGGCACCTACACGAATGTTGATGCGATTAACTCGAGACTGTCGCCCTCGACTGTGTCATAATCATGGTGAGGGTACTCACGGAGATTTAAAAGGCCGCAACTCCTCTACGCTTTCGAGCACGGGATTTTGGGAGTGACTACCTCGTCGGTATCCATCAACGATCGAATCCTTCCCCGGCGGGAGAGTTATTCGATACCCACGATGCGCTTTACTAACCACTTCCCCGACAAAGACGTTCTTACCCACAGTCTAACAGGAGAGTGGAGCCCACGTTCCGCACATAGACTGCGAAGTCTTCCAGCTTCATGGTACACTCCGCGTGGTGCGTCGGCATACAGTAGCTCCGCATAGTGTTATTTAGATTTGATCATCTGGTAAGGCTATTTTGCCGGACGGATCTCTGGTGCTGCTACCGAGGATAAGATCCAAAAATGTCGGGAGTTCTGATAGGAGTGCATCGAACGAATAAGTCTTACGACGCATATATCCAACGTTGTCCTAGGCGCCCTGCACAGCCTTGTGCTTATATTTTCTAAGCCGCTTGCAGTACCCAGTGGTCTGACTTAATACGCGATGAGCTTAGGCCATTCGAGGGCTCCCCCCGTGAACTCGGCAGGCTTCTGGACAGGGAAATTGAATGGGGGGGTACGAAAATTCCAGTAGTAACAGTACTGGAGATAATGTTTACTCTTGACGCTAAGTCTAGAAGAGTCTATGAATCTAATGCACTAGCATCGAGGTCTCTAGCAAAATACCCATCTTGCGTGATACGACCCCCTAAGGAGCCTATGCAAGCCGGTGAGATAATGAACTCAGCAGTGCTCCATAGGCCTTCACGTCTTCTATTTTCGCTTGCTGAGGATCATCCTTCTCGATCGGCGTACGGCAGGGGCCCGTCCGACATGTGCTTGAAAGATAAGCGCGGACTAAAGAGTCCCAGTTCCGCTACAATCTCGAATGTGCGGGGCCCGGGCTTCCGACCCCGAGGTAAGAGTAGCTCGGTCCCCCATGTTCGATTATGTAGCGGTGAGAGGGTATGCGTTAGTCCAGGGTCCGTGCAGCAGGCACAAAGTTTGGGCCTCTGGGGAGACCGACAGGCCCAACCCCGAGGAGCTAGAGGTGTACCACGCAGGAATATCTGTCGCCCACTCCAACTTCTCTAACGGGGAGTCCGCTGCTACTGAATGATAAATTTTCCAGCTCCTGCAAAGTCTTTGGCTAGAGGATAGAATGACTGATCGTGAGCAATATTTTTCATCCAAATCCATGAAGACACGCTGATTGCAACACCGATGTTGTTATCGCGGGGAAACACCCCTCCCACCGACTGTACCGATCCTCCGCTTTACAACGTTGCCACCCATCCTCAATATTTGGCTCGGCCCGCAGCACAGAGCCTGCGTAAAGGGGTCGGATACTCTCATCTAGAAATCACCTACTGAGGCTGGTTGGAAATGTCTCCTCAGAGTCGCGAGTAAGCTTGGTTTATTACTATTACTTTGAACGCCTGAACCGCATGATACTTGCTGGCCCC,1948,50.51,Caenorhabditis elegans
SEQ_180037,TAGCAATCGGTTAACAAGGGTCGCGTATCAACAGCCTGACTGCCTGCCACTAGGATGTAAGGCGATCATTGCACCCTGCTCCCCTCTACCCCCTGCCCCGCTCCGCGGCATCGAGTGCTCTAAATGCTGAACTTCATAACCTCGATATGGTAGACCCGAACGTCCTACTAAACCGCTAAGCACCCTTGCTACTTGAGGACCCACCTGTAAGCGCCTTCAAGATCGGTTTGATATTCAGGAAGTGCCATCCAACGTTCCAATTGTACGGGAGCAGTGACTCATTGACCTAGACAATCGTTGTCCCTAGCGCACTTCACCCTACATCTCTGGCTACCTATTGAAAGTTTCTCGTCCACACGCAGGCGACGATGCTATCATAGCCCACCTGTATCGATTTTGTTGTAATCTCGCGGGGTTCGATTAGCTAAACACTTGCTCTAGTCCCAAGGTCCACCAGACCGCCGAAAAACTTATTCACAAGCCATGTAGCGTAGCAGGCAAAGTCATTTTGTTATTAATCTAGGTAACGCGCCAAGCCGTAGAAGCGGAATGGACTATGAGGAAGTGCAACGAGTAAGAATTGCTCTCAGCATGTACGCTGTATGCCTTATTGTCCTTTGCCCAATCTCGATACTACGCCGAGTTGCTCTGGTGCCGTGGGACTCTGTACCCGAAAACCCTGTCAGAAGGGCGACAACCGGGAACACAGCTCCTAGCATCAATACGTTAATTTCCATCCTCTCGTCTGGGGCGATGGCGCGGTGCCACCATGTCACGGTACCCTCTTAGTCACCAGCCCCACGGCTAGCTATCAACGTGCGCACTGTGGCAACCCGTTCGGTAGTATCGGCTCTTCTCCTGAATACCGTCCACTCTGCTCCCTCTGAATTTACAAGTGTTACATTTCTGGACGACGGAAGTCTTGCACTCTATAGTCGTCCAGTGAGAGGCGTAGGCCTTTTGATGATGCGGAGGTACTGGCAGTTCAGTCCCAAAACCGGTTCGGTATATCGGAGCGCAGATCAAAGGCCCTGGACTTTTTAGTAGGGATTGAATGTTGTCTCACTCCGGTCAACCCACAACAAACCTACAGCCACGTGGGGCCTCGAGCACCCACCAGTTGATGCGGATCTTGCTGCATAATCGAGTACACTGTCCAAAATCCTATGGCAAGATATATCTGCGACCATCCGAGTCACGGAGTCTAAGTATACACAACTTTTCAGGAGTTAAACGGCCTGATGTCAATAGGGACCGAGGGGCTCACCGGCTTGACTGATCCCTCCTCGTGAGGCCGTTGGCGACTGGTTGTGCCAAAAACTGTACGCCTATACCTGATGTGAAACGACGATCTGTTCACTCTGGGGACAGGGATGGACTTTAAAACAAGTGTGTTTACAGACGACTGACCCTACAAGTCCTACTAAGGCTGTCCGCGTCTGTTTTACATATATTGACGGCTAACTAGAACCAGTTAAGTAATGACGATTAGTAAAACTCCTTCTCCGGAACAGGTAAGTTCGTTTTAGAAAGTACCGGACTAATAAGAACGGCAGTCGGTCCAACAGGAACCACTATCGGAACGGCTCCACTTGCCACCAACGAGCGCAGCCTTATCTGGCGTTACATACTTGTTGGGACATGTTCTCAAAAGCTCCAGCATCAGACCCGTGACGAAAATGGACGCTTGGTCGTACGATACTAAGCTAGGAAGATTGAGACTAATGCGTTGATCGTGAGTCATGGCGTTTACAGTGCCCGCGTATAAAAATTTTGCTCTTTCATGGGTTGATACAATCCTGAGTGGTTCGGGTCACCCCTTATCGTA,1828,50.22,Arabidopsis thaliana
SEQ_376675,ACTCTCGATTTTGTCCAGCTCCTACAATGTGCTCCGACCTATAGCAGGAGTTGTGCGACCAGTGCTTAGAATGCCCTTCTTCCGTGATTCAGACGGTTCTAATACGATCTGTTCCGCATAGAGGAAAATCTAAGGCTGAAATTCTAAGGACAAGTTTACAAGACTTCGCGCTCGCTAAGCTCGGGCCTTCACTCCATTGGATACGGGGTGACAGTCAGGGATCGTAACGCCAGGCAAATTGTAATGAAAACGTCCTTCTAGCATTTCTAGTACTGAAGCCCGTTTGTCACAGTTTTTCCTCTTGTTGTGCACCTAATGACGGGTACTCCCCCAGGCGCATGAGATTTGTCCATATACTCGTTCGAGATTTGCTGTCTCACTA,382,47.38,Drosophila melanogaster
SEQ_298694,GCGTTATGGCGAGTAGCCCCTAGACCAAGAGGGGGTAGGCGGCATTTAACGACGGCTACATCTACTAACGATGGGACCAGTCTGAGATAGACGTCTCACGAGGACATAGAGAGTATGACTGGCCCGCTGAGGGTTACTGGTCACTCAGATATGGCGCATATAGGGTCCCCTAGTCATAGTGCACTTTCAAGATGACTACGTGATGCTAGATGATGGACTTTAGAAGGGTTAGGGACCTGTGTGGGCATACTCTCTAGCTTACGGGATACGCAACGTTCACATATTAACGCTCGTGGGCCATCTTTGGCCGGGTCTTCCGTCGAGCATCCATTTTCAAAATGAGGGAGAGCAAGTCGCACACGATCCCGGCGAATCGGACTTTGCTGCAACTCCCTTTAGCTTAAATACGCGTAGGTGCAACAGAGTCCATCAAGGCTTCTCAACGCAAGCCCAGTCTTCACCCGGGAACCATCCATTGGCAAGTGTCGGCTAGAGCTTACTATGGCATTAAGATGATAAGCCGTCTTTCACGGGGCTGTTCTGGATTCCTTATTCTGCGTGTTAGGAAGGTCACGCGGTTTTCCTGTAGAGCCTGTCTCACCTATAGTCCCCACGTCAAAAATGAAGTAGAAGCCCTAGTCCTCGGTTTTTCTTCTTATGCGGTGCCTCTAGCAGATAGGTTTAGGTCTCAGACAAGGATGAATGTGTCGGATTCAAATGGACAAGATTTTCTGTTGACCCATAAACGGATCTCCTGGATATCAACGACGTTAACTAATTTAATTATTGTCAATCAGTCGCCATATGGGGTTTCCGTAAAAAGGTATACCTCTATGTTGCCAAGGCGGCAGTCTTGGAAGGCACATGTACGAGACTTCATCTACGGGCC,889,49.04,Drosophila melanogaster
SEQ_220215,CGTTCAAGTGCATCGTCTTCCGTTGCGTTGACGCCGCCTGAACGACAGGGTGGGTGATCCCCCTACCGAGGGCGTTTGAGCGTGGGAACATTCCTACTGGTTCTGGTCGTGGAGGGGCCAGTGAGACGAAGTCGTTGTAAAATAACCTTTGCGGCTAGTATTTTGTTTTCTTCAGCGTGTTGTTTGTCGCCTTACACTAGATGGCGTGCGTCACTGTCCTCTATAAGGCCGTAAGTATCGTCCTGGCTTAGGCTTAGCTGTTAGGGGTGTACGACAGTCCGTAAGGTTTTACACCTTCTTACCGTAGTTCTTCCCTTCATGTACTTTATTATCTCCCGGTCATCTATTAGGATCTGAACATTCCGGTTATCATCAGTACTTTTCCTGGCCCGACGTAATGCGCACCGGACAATGGGTGGAGAATTGGTCTCTGCCTTCGCGCAATTTCAATTCCATTCAGACTAGACTTCAGATTAGCTTCTATCTTTTACCACGACTAGATATACGCTATCTGGGAGAGCGCAAGGATCCTGTGGGTGACACATTGGCGATGCTCCTACGATACTCGGTTGGTATTGAATAGACCTTTCAGCCATATACAGATTCTGGGCCTCTTGCGACTAAAGCTATGTCAGACTGTAAAACGGCCTGAGCCCCTCACACACTGCGGTCCTGCAGAAAGGGGACACGGAGGATCCAGCTCGGGGCTAAATGATAGTGGTACCTGACCCACGCCCCGGGCGGATGTGCAAAGTCGTTCTTGCAATTCGGACTTCTTTGAGTACGCAATCTAACTACCCTGTAGGTTATCATCTAAAATTAACCTCATTTAACCGGACCCAACGAATGGTAAAATTATCCGACCAGCGCCTCGCCCGGAGCGCCTATACGATTGGCGACCCTGTCATAAACGCATAAGTGGATCGCGTCATGAATGTTCAACCATTTTGTGACTTATGGAGACTGGTTACAGGAATAGACCGAGGTTGCAGCTGCG,997,49.65,Caenorhabditis elegans
SEQ_748785,ATAACTGTTGTCGCTCAATTGACAGGGATCCTGATTGATGCGCACTGGAATAGAGTCTACAAGGGGAGAACACGCGAGTCCAGTGCGGCAAACACCACACCGGACCAGCGGGCCGCGATGACCTTCGGTGCATTAAACCAGCGGGAGGACAGACCGCTGTGCTCCGCACAGAATTCAACCAGTAAGATCATGTTCGGCGCATTCATTGTTTTACACTACGAATGGAGGGCTCGCGACCGCCAATATTTAGCCTTTCATAATAAGCTATTGCTGGTCACAGTTTTGAGCCAAATACAGTCCTCGGCGGCCGGAGACAGCCGAGCATTGCGGATCTTGCTAACGATTATTCGTAGGCGGGCGGCGCCCATGGCCTAGGGCTTTACCAGTTTTTAGTGGAAGGTGAAACCGAATGCCTGGATGAACGTTGCTCTCCAGATAGGTATAGTGACACCCACTAACTACGACGTTAGGGCCCAACCTCTATCGAATTAGAAAGAACGGCGCGGTACATTGCGTGAGCTGGCAACTCGTAAGGTCATATAGTCGATAGAGGTTCCGCTTAGATACCACCGTTTGGCACAGGAGCCGAAGGACAATGAACTACTATCGAGTTCGTAAGTAAAAAATGGCGAACTAATTCGATGGATGCCGACCTAAAGTTGCCCCACGAACGCTTAAGATCTAACTCGAGGGCAGCGCCAAAGTCAAAACTGTATTTGGAAGATACGGGGTACAGGCTCGAGCTGACAACATCATATCAGCGGACACTCTTGCTCCACGGCCAATAAATAGAAAACTTATGCAGTACATAGATACGTTATTTCGACTTCTCGAAATAATGAACGGATCGACTCTCCGCTTAATAACGGACAACCTCCTCAATGCTGCAAGCCGTGCAATGACAGGCCATGGGCGTATAGTCGTGAAGGCCAAGTTTGGTCGACAAATTGAAACGCCTCCGCGTATAATTACAGTCACCCAGAAGCTCGAA,991,49.65,Drosophila melanogaster
SEQ_176923,TTTACCCGTTACGAGTATGCTAACTGCTCCTGTCGTAGCAATGCGATGATGTATAAGGGGTAGGTGGATCTGGCTGAAGGCGACCTGCAAATAGCTTATACCGGTTATAGCGTCGGCACTACGCACTCGGATTTTACTCAGGATCCCAATGCGCTGGTAGCCGTACTGAGAGCTGGGGCCCAGACGAT,188,52.13,Drosophila melanogaster
SEQ_501813,GCGACGTGACGTCGACCACTGCGTCCACGCCGGTGATGCATGGCCCCTGCCCTGGACCACGAACAACCTCCCAATCGACCATGCCTCAGGAAACGCGTGAACTGAGTGGTTGCCTAAACTCAGGAAAGAGGTAGACGTGAGGCGGCTTCCCAATCATACAATGATATGTAATGTTACCGAAACTCGTTGTATCCCTGGCTGCGGTGTCAACACGTTGACGCCGCCTAACGCTCCTTTCCGCGAAGGAGGCCTCTTGGGGGCCTGTTGAACCGATGCGGCAGAGGTTATGTACTAACCAAATAGTTCCACAGCTGATCAAAACCTTAGTTTTTAATGCATCTGAAGGGGCTAGGGCTAGCCGTTTAAAAGTTCTCCGGTTAAAAAAGTTCTTCAAATCCCGTGAGACCGACTTTGGTACTTAGAGTTAGACTTACCTCGGCATAGGGCTCTATAAGTATGCAACGTATAACACGCTTGTACCCCGGTTTGCATTGAGCGTATATGCGTACCATTCCCACAGGTAGACTGTGTAGGATTTGAGCGACGTCCGAATCTGGCGGGCACCCTGACCCCTTGATCTCTTGCTGTGGTGTCGTGGGCGCTGTGCTCCTGTGGAGGACGAGACCGAGGGAGAACCCTACAGGTGGCCTTGCACGTTGACAAAACAGTTAAGGTTTCCACCTTGGTCTGTGTCTCCCCTATACTCGTCCGATAGGTTCAAATCATTTTTTGTGAGTCTTGCGTGGGGGTCTTGGAAACTGCCTGCAGGTTCGGCCTGAGACCAACAACGAACTCTGCGGGAGTTGGGTACTACGCGCCATACGTTTTAAGACTTGTCACGAATTACAGGGCAGAGACAGATTTGGACGTTTTCCCACACACAGGTCTTCTATAAGACCCAAACGCAATCAGAGATCCGT,920,51.63,Mus musculus
SEQ_512495,GCTTTGTGTTCTGCCATCCCGGGCCGCTCATGGGAGCTTGCTCTGATCTTAGTGAGGAATTGCAGTTCGAACTAGTTCCTACAGGTGTATCGCCCGGAGATATACTTCACTATGTTTCTCGTTGAAGGCACATACATTGAACAATCGGATCGGATAGTCTAACCCCCATCTGGAACGGAACTCACCGAGGCATGCTACTAAAGTGTTATGTAACCGAACTTCAATGCGGCCTTAGGCCTACGCATAT,247,48.58,Homo sapiens
SEQ_951663,CTGTTGACTACTCACTAGGAGGGGGACATGTATCGCCACGAACTTGCTAGCTCACCTAGGACAAGTTAGAGTACACATTTAGGCTCCACTTGCCTCGGTATTCCATCTAGACGCACCACTTCTCCGGGCTAATGCGAGGTCGTAGCACTG,150,52.0,Saccharomyces cerevisiae
SEQ_605514,TGCCTTAGTCGGTAAAGGGTATACTACTCAGTAGGCTCTCATAGATTGCAGGAACGGCTGGTTTGCGCATAATGCACGTAGATTGATGCTCCTTTAAACAGCTGTGGTGATTCTGGGTCCCCGTCCGTCTCATCAAACTATCACTACTCATCAGAGCCTTTGCTACCGCCGTAGACCCCAGGAGTGGCGTTTTATTTCGATTTTATCTGAAGCCGGCCCGCTTGGCTGGGCGGGACCCTATTCGCGAAGCCCATACCACGTGCGACGGGCCAGTACGACCAGAGAGCAACTTTGCCACCCTAATGCATCTAAAGATTGGACGCTGACAATCCGCTGAAGGAAGTATAGCGTAGAACAGAATAGCTGGTGGCCTTAGTCTTTCTAAGCTCTGCGTACCTCATCGTATTCCTGTCTGAGCTCGGTAATTGTTTTTTGCCGATCCGACTGAACGAAAAATTCGCCATTAATGGATCAGCGTCACAATTCTTGCTGTGTACAATGCTCATTCGCTCCGACTTATCGACTGACGTCTGCGGCTGGTGCGCGTTAACGCGTGAATGTCGCGAGGTGTCTGCGTATAATGGAGGTCTGCGTCGATTGTCTAGGTGACTCAGACAACTCTGAGCGTTGATCCTCTGAAGGGTCTGTGGTGCTACGCTACACGAGGGAGCAGGGAAACCTGCAGCACGAGAGTTCTGCACGAATGTGATAACCGTCCTATGTGAATAAGGGTGCTACATCCGCTCATGTGGGGACGCGTGACTGAGTAAAGAGCTGCCGTTCGGCGCTGGAGGATGTCCCAACATCGATAATGTAGGGCTGCGGGCCGCGTCCCGACCTGATAGTGTGCCTATTATTTCTTTGGTTGATCGGGCTAAGTTGCTTCGATCGAAGGAAATGGCGGCCAACGGCGACACAACGTTAAGATTGGTGGGCAACCACGTCTTATGCGGAATCAAGGCAACGCGCAAAGGATCTACGGGGTGTGTATTCAAAACGTCCGTTGTCTACGACGTAGGTCAGATGGCGTGCTAGGCTAATGGCCGATGACCATTAATCGGTCACCAATGGCTGTTT,1077,51.72,Saccharomyces cerevisiae
SEQ_716788,TACAGGAGCTGCCTTTCGCAACCCTAGAACGCTTCCATTGTGGTCTTAAACAACGGGTCGGGCATAAAACTGCACCGACGCACAGATAACTTCCTCAGGCTACAATATGAAGGGACGCATACTCGGGTTGTCCTTACGGAAATTGGTCTCTTACCGATCGCCCCGTATGTAAATGGGTGCCGCGATCCCTGGTCGAAGAGACCAACTCCACTATCGTAGGGGAGATGACCCCTCGAAACTCTTACCACGTCAGCCACAGTAACAAGAGACGGGGGACGGGTTGTAGGATCCGCAGTCACTTTTACCCGCCGTCTTTTAAAATTAGAATCTTGATCGCAGACCTTACCTCGGGCTCACTAAAAAAAGTAGGCGTTATGGGTAGTAGAAGTCCGTCGCGAGCCCGGAGGGCAGGTAAGTTCCATAGTTAAAAAAATATCAGCATAGTGGTGACTTGGTGTCATGCTTTTTAACTGGCCTGTATAATAGATCTGATCCAAGTGGGCTGGGCTCCGTGTCACTTCGCGGCTTGTATCGCAGAAAGGATCTCGGGCATTGACGGATTTTGCCGGGCTGAGTCTCAATTGACTATTTGTCCGTCGGTTGAGGGATTAGGAGAAAGGATATAGATATCTCAAGTTAGTTATAGCGTACCTGCTTTGGTTCCATATTGTGTAACGCGAGGTTAGTGTAGCTACGGTTTTTAACTTCCTGGGTCCGATGACATCGCGGTTCCCATAGGGCAAAACTGGCCTCGTGTCGCGTGTGGAGTTCTTGGTTTTGCCGCGGGGAATACGACCCTTCTCTAATCC,809,49.69,Caenorhabditis elegans
SEQ_976472,GCCATTCGCTATCCTATTGGTCTTTCACATTGTAAGGCTTCTGGCGGCTGCTGGAAACACATTGGAATTAGGTCAATAGCTCCTTCCTCAGGACTATGAAGGTCTGGGCTCCTCGTTGCACAGAGGCGTATGCAGTAACTACTTCCGATAAGGTTTGTCACGTATCCCGCGCGGAAGGCGCCAGAAAGATTCACGAAGCCAATCCCGCGAACCGCGGGATTTTAGAGAGCAGGCGCTGAACTTATATCGTTCTTCCCATCCTTTTTACCATTACGTCCAAAATAGGCAGCTAGTTGGTGGACCAGTTCGAGGTATCAGCAACCCTATGTCAGTCGGACTTGACAGTTGAACTCGTTGAAGTCCGGAGGAAGTCTTACGTCAGGCTATCTTCACTCTCGCGGTCT,404,50.25,Arabidopsis thaliana
SEQ_641946,TTCCAACTGACAGGTCCCTCGAATTCGCACTCACCCACCTAGGTGATGTACGTAAAAAAAGAGCTTGTCTCCTGCCCAGTAAGGGTAGCGTGCAGGGTCGAATGAGCATGGCGGAGCGGCACGAATACGCCATGACCGAGTACAGAAATACAGACAGCCTCTAATGCAGGTTTTAACCCACAGTTGCGGTGTAGTGCCTACCTGCGTCGGGCTGCATTGCGTTTCGGTCATCACCCCCCCTATGAGAAGGACTCGAATAGCCCCTCTCCCCCCAATCATAGATAAGCCCCCGACGGGTTGCCGTGTTAAATCTGAGGATCGTATGCCAGAACGCGTCCGGCTGGTAATAATGAAGTAAGTGAGACAAACACACGCTCTTTAAGCTTACCTATCAACGGCTTACACTGCTCGCGCATGAGTTTATCAGCGCGCGCTGGACCGGGAGCAACGACAAAGAATTCAGACCCTGGTTGCATAGGGTCGTCCGACTGAATTAGGATAGGGCATCCACTCAGCGACAACTGAGCGAATGATCCGTGACGCCCTTTAGGGGCATGTGCACACATCCGCTGGGAGTAAAGAAGCGTACCCCCTCGTTCTTCAAGTGATCTTTCCTGTGTCTCCAACAGCCGATCCCTGTATCAATCGAATCGTGTTACTTGAGCTCTGGAACTGACGGCAACATCTGTGGAGTACCCTAAGGGCAATTGGCGTCTGGCCAAACCCAGCCTTATTTTGTGCCTCCATACGCTCTAATACGACCTGAAGCTGCCGAAGCGGTGGAGCGGCTATGAAGGATATCGTATTAAGCCTTGTGCTCATAAACTGCTCACATCAAATACTTACCCACTTCAGATCATCTACCGAGGTATGAGACAGAGTACAGGTTTCGAGTAACGGCTTTCTATCCAGACTGCGGACCGACCTCGAGTCGATATCTTTTAATAGACTGAGCCGTCCTTATAAGCAAACTACCTGACTGGGGGCTATAGTGGAGACCCCTCAACAAACGGCGCCATCACATATACGGAGATTACACCGAACAGCGAGAGTACGGGTATCTTGGAGTTCGTTATACACGTAAGCAGTCTTGGTTTGAAATATATCTGTATGTGCCAGGCTGGTAGATCGAAGTGAGAGGAGTGAAAGACCTCGCGTCAACGCCAACTATCCACCTATCGCTGGCTTGGGGAAACTCTAGACCTTTAGCCCGGTTTCGTTCAACGGCTTATGATAGGTAAGCTTAGTGACTTTCGATTCACATGACAAGAACGCTTTTATCGTTATCGTCGTACCTACAACGAGAGATATATTACTATTGCTGCGGCGAAACGACCGTGCCAGTGATGTATATGCTCAGGTCCACAAGACTTTTTTGCTTGAGTGGGTGGTACTCTTGTGGCACACATCATAAAGCCAAACCGTAACCCCGGTGATATACGCTGCCTAACGATATAACTGCCCGTGGAAACGTTTGAAATTCCGTAAGATATCGTTGCTAGCTACCGGGCCCTAACCTGGCTTGCTGCGACATAACTCGCACAACAATAGTTGCTAGGCGAAATTGGCCTGATTAAACACCATTGAACTGGGCGGCGAACCTGCGGGGCGACGGTTCATAACAAGCATCAAGGGCGTCTGGGATGGTCTACCTGACTACGCCCGTCTTGCCTGGCACCCGGAATCGTTTAAGCAACTGTATTCCACAGTTAGGGCTAGCGTGAGTGCTATGACTGAGCAAAGA,1744,50.34,Arabidopsis thaliana
SEQ_421310,AAGTCTACCTTCTTAGCCACGCAGTGAGTAGTGGGCAAGTCCGGGCAATATAGGACTTATGGTTACGGACCTAGAGACAACAATCGGACACGGGGTAACTACGGACCACTTAAATAGATCTACACGGTTCAGGATGCTTCTTATTGGTGTAACTTGTTAGCAACAAGAATCATTCAACGACTGACGAGATGAGAAAGTATTTTAGCCCCGTTCTGACGTTAACGGTTCGGTTGTAAGCTGAAATAGCCTGGTGCTATATGCGGAGCAACACTCGGAAAACCACATTTCCGGATGCCTAGTGTGGCTAGCTGAAGGCCTTGGCTATTAACGTACGTATGACGACCGACAGATCCAATCGCCGGGGGTATTTTATTTCAAAGCTCCAAGTGCAGGTCCGGAAGATGGGTGGCTTGGGAGAGTTGTTGCAGCGCATAGAGAGAATTTAAAACACTGTGGTGACCCGCAATTACGCACCGAACCGCTACCGCTGCTGTTGCTCAAGACTCCAGGCGTGTTTTCGACATCGTCGTTAGAGATCCGTGGTACCTGAGCCTAACCTCGGAGGGATATCCGAAGATGAAAGCCACAAAGTGGGGACAAAATACCAGATATGCTTGAACCTCCATAACAACATCGGAGCGTCACGAGAGTGTGAGGCCCCCGGCCGATTTGCGCATGTTATCGCGCTGGCCCAGGAAATCATGGTTCATGTGAAGCAATCTACGATAGATAGACCGCAGTCCGGGTTTATCGTGGGAGGTAGGCTAGACAATCTTCAGGCTCTCATCGAACATTTGTCGTAAAGGCAGGTCCGTGACAGAATCGTGAATGCCCTTTTGTCCGGTGTCGAGCCCCCTCCACTGATCGGACTCCTACAGGAGTGTCCAGTGCACCGCTTTCATATTAACTCTATCGTGGACGACTCTCAAGTATGCAGGTTATCACTAGCTTCCGAAGGAGCTCTAAATCTTTTGAAGTAGTCGAAATTTCGAACAGCTTTATCTAGGCCGATCAGAGGAATTCGGGGCGCATGTATCGAGACCTAGTTCGTCAATCCATAGGTCCTTCCAGTTAGCTTACTCCGGGAATCGTAGAGAACATGTACCACATCGCTCATCCGGAGTCTTTTTGGGATCTTTGGTATCAATAGCCCCAGCGGTGCGTCAGTAGAAGGACTTAACTCCATAGTCCCACTCTCCCCTTCAGTTGGAGACTACCTGCGACTGCCCCGACAAGCCGGATGAAGGTGAGCCAAGTAGCCTCCAACCTTGGGCTAGTCCCGTTGAAATAGCCCAGGAGCGTCCCCGGATGATGATTTCTTGCGTTGTTCCCAGCCATATGCCAAGAAAAGTCACCTCAACCGACACTGGTACAATATAACGATTACGCGCTGACAAACGGTAGGCCTGTCGCGGATATGGTACGTTTGATGCGTAGCTTTGACGGCGCAATTTTCTTCCTTTAATAAACTAAATCTTGGGGCTGGTCCATACCGCGCCATGGCGGCCGGCGGATGCAATCTCCAAGACGTCTTGCCACTGCTTTAGCGGAAGCAACCGTTTACATAACGTCCTTCTTCGGGGTCTACCCAACGAGACAGGCGCAAGGTTCTGATTCACCATGACACTAGCACACTACGGAGTCTCTATGATTGAGTCGTGATTTTGCATTGGTTCCAGCGTCGTGGAATTTCACTCAGCTCCCCGGACAGTTACAGACCATCCTATACCATTTGTTAATCCGGCCACACGGCGTTTAGGCTTGACTGACGTGACGTTGTCGTCGGCGGTGGTGCTAGAACATGGGTCCGCTAATGGCAACCCCAGGACTTGGGGGAA,1838,50.54,Escherichia coli
SEQ_278907,TATCCTTTCTATCAACGGACTAGCGCATTAGGCTTATAAGTCCACGTGGTCGTGCGGATGCAAGCGGCTATCATACCGGTTCATATTCTCTCAGAGGTGCTCCTTTAGCTATGCATATTGCCAGATCAGCATAGCGTGAGCTCTTAAACCCGCGTGAATCGAGTGTTAGGGATAGTCCGACACCACGAAAAAACTGAAGCATCAATGTGTCATCCCTGCTTTCACAATATAGCCTCTAAGCTCCCTAAAATAACAGTTCAGACAGGTCTGCAGACTTGACTGCATGGAGTTGAGCTCGGTTGGCTTCAACCGCGTCACTTATGATCCAATCAGGCGCGAACGGGGACTCGGACGGTCAGGTCCTCCATTCGGGATGGATCGCAGGACTAACTCTTCCGAGGCCAGTCGGAGATTTGGGGACCTCGTATAGCCCGGCAGGCAATCTTCGCGAAACATCGTGCAACAATAGGCGCCAGAATGGTTCAGTAGAGAAGCACGTCACTAGTGCTAGTGCATAAGCGAAAACACCCCGGACTAGTTGCGGATTAAGTGGAGCTGATCAATGCACGAACTTGAACTGGGACCCATGGACTAGTTTAAGGACCTCGGTTGTTTCAATTTGATGCTGACCGGTTTGGTCGAGCGGACTCGTTAGAGACTGTCGACTAGGATGTACGAC,679,50.37,Saccharomyces cerevisiae
SEQ_861990,GTGAAAGGAATCTACTTCTTCACGTGCCAGAATCGTCCACAGGTCAAGTTTTTGCCGAATCAAGGTCATGAGCAGGGGACGACACCTGCCTTAAGAGGCGACAGTGGAATAGGCACCGGTTATCCGTGCCCTTTATCAAGTTGGAGGCATTCCTGTCTAATCAGATAGAGCTGAGTTTATGCATTATAATCATGGTGTATCAGCCACTTACACCCCGGGTCAGCAGGGGAAACCACGCAGTGAACTTGCCTTCAGACGGACGAAGAGAATAAAGCCTCGTGAATCGCGACAAGCTACAGCAGTGAGATACCGCAAAGTACGATTGACGATCTACTGGGCGTTTCTGTCGAGCATCCCGCGACAAGCCGGTCCTTACATCATGACGGTCATAAAACACATTACTCTAGTCAGTTAAAACTGTCTGCCATTAGGTGTGAGTGATCAGCGTTCAAGGATACATCGAATCATCAGATCTAGGGAGCGAACAGGCGGTGGTCGGCTATCACTCTCTAGTCATGGTTCTAGTTGCATCAGAAGCCATCTTGACCCGGCGCTGCTACAATTTAGTTAATATCAGTTGTGGCCTTGGGCCCGGGCGAGTGGCGGGAGTCGGCACTTGTTAGTATCCCCTTGTTCCCATAACGGTAGAACCTGGAATGTCCAGTACGTTTATCCAGAGTCCCCGAGCATTTTACCCGAACAGGGACGTTCACCTGTTAGTCCCACTTCAAGCCGTGGCCTGCAGGTACCTTGCCTACCTCGTGTCAGTTCTACTAGCTGCGGGATATTCAGTTATACTCTTTCGCCGTGTCGCACTTCGATGGCTCTCAGCGGAACTTACCCCTTAGCACGGCCTACTAAGGTACTAAACACAGCGCATTTTTACCGAGGAAAGCAGCAGCGTCAGGCTCCTCTAGTTGAAGAGGATAAATACTGGGTAGGCTGACGCCTGAGGCGAACTAGGCCAGAGAGACTAAGCCCGCGCGGCTGCCCGTAGTCAGACGATTGGTTATCTGGAGGGCAGCTTTCCAGTGTCCAAGCGA,1043,51.29,Homo sapiens
SEQ_201745,CAGACACTACCATTTTGATGGGAGGAGTGACTCCATCTTCGAGTTGCTCAGCGCGACCGCCATTTATACTGTAAATCAGACCGATAAAACCGCTGTGTGTACCACACAGCGCTGAAGGTACTTTTAGAAATTATATTTCGTCAAACAAACGAGGAAGTTCCTAGGCTGTGATAACCTGACGCAGTCAGGCCTAGAGGAGTTGATTCTGGTTAGATTATCTCGTTACTTCGAAAGATCCGTGAGGGCGTGTGCTGGATGTTCACTCAAGGAGAGGTGTCGCCCGTGTAATTATCATTATACCATGCGAGGCCCTAGGGATCAGTACTCTACATACACCAGCTAAGATATTATAGGGGCTGTCTAAGCCTACAGAACCTTGGAAGGCATACTTTCATGTCAGTGCGATATGGCTGTGTACAAGCCATCCACGAAAACGCGGGAAGGACCAACTTAACCCGGTACCGCCGAAGCAGAAGCCTTTACTATGAAATAGTTGAACCATATGCATCTCGCTTGTCAATCGGGCTCGGGAATGTATCCTCAGCTGGCGACACTTCTCGTTGCCAACTTGATAGTACTTCATGACTTTGTCATTTGAGCACAGATTTTGGAACAGACGGAGCGGCTCTTTGGCCCCATCCTATTGCGTGGAAGGATTTGCCCTTTCGCGGGTAGGATTAGTCAGGGAGTATGCCGCTACAGGCACACTAGCAGGCAAGGGGAACACGCGCTCAACCCGTAACTAAGACCCTCTGGTTCCCAGGCGTGGTTGGGGGAAGTCTCGTCGTGATATGCGGGGCGCCAGCGAATAAACCCCAGAATCGATCTACGAACGAAATAAGCAGGGCACACATGGACGAGCCCAGATTGATAGCCTCGACGCTTGCTTGGATCCAAGACGCGTTCACGGCAGCGCCACTCGCAGTTGGAAGAACGCAGCACAGCGATTGGGATAGTCTTATTCTTCGGTGAGATAAACCGCTCGCATCCTGTTTTTGAAGGACTGACACTTCCTTCTCCACCATTCAGTCAGAACGGCCTAGATGCCAAAGACAACGATGGTGCCGACTGGTCTAACTTATACGGATAACAGTGACATAAAGGGGAATGATCTACTCGCGCGCAATTAGCTGCGTCGCGTTAGCAATGCTACCCCACCCCTTCCTAAGACAAGCAACGTAGGAGTCCCGGGCCTGGCGCGGCGATGTAATCTAAGGGTGTATTATTACTAGCAATCCGAAGCTTGCCAATGATAGTCATCGGCATAGAAGGATAATTGAAATCGTGGAGGTAGCGCCTCACCAGGGCTGTTGGTAAACCCTTGCATACTTCAAGGTGACGGGGATCTTCATCGTGTCCGAGAATCTGCTAAGAATCGTCCATCGGTGGCAAGATCTAGAAGGACCACAGAAACCCCTAAAGTGACCTTATGTAAGGGAATCGTGAGAAGGAACCAGGTATTGAATGTGGCGAGTAGCGACAAACTTTTAAAAAGCTGAACAAAGCTGACAGTTGTCGTTACCACCTACAACGGCCACACTACAGCGCTTAGCGCCTGCAATCACGCAGCAGCGACGTAAGGCTAGTCCTAGCTACAGGCCGGCGGCTGGGCCTGATCATTCTGGGCGACCGGTGACAGTGGCGGGAAATAAAACAGTCTGGATCGACCTTAACCCTAGCGAGGTTTTTTAGGGTCCCGCTAATCACATGCTCATTGTGGCCTGGACTTACGTGCGTAAAGAAAGCAGACCCTCCGCAGTGGTACACATAGCCGACTCCAGTCCATCGCACGAGACCTCATTCTATAGCGCGGCGGTGCCGTGTCAGTGCAAACCCCCGTGATCATGTAGTTGGACCTTGACTGCATGATCACCGCCCATCTCGGCATCGGCTTAGGTGATCACT,1905,50.97,Escherichia coli
SEQ_665181,TTAGTATCTGTTAGCATCACAGTGTTCTTGGTAATTATCGAGACATACGGGGCGGCAATATCAAGCTATGAGTGTGACGAGTGAGAACTAAAATTACGGGGATATCTAAACTAACGACACCGCCAACGGCGCGGAACGACATACAGTAGTAATGCGGATTGCCGACAGATGTTAAGAAACCAAGCGCCTTGGGGTTTTGCCGAGCTTGGGATTTAGGATGGGATAAGTACATGCCAATGTAAGTTCGTATTGACAGTAACTTTAACGACGCCAGACTTATTGACTTCTGTTTATAACTCCGTCGAAGCGAAACTTCTTGAAACTTTGAGCGTCGCTTGGGGCCCATTGTACTGAATGACTTTCAAATTCCCAACTCTCGAGAGTGTCATCTTAATCTCCACTACTGAAGCTTCAACACTTAGAGAGGGCAGATTGGGGCGTGCTATTCGGTGTCCCTTTTAAGGCGCTTCGCCACTAGGTCGGGCTCAAAGATGTTTCGGTCGGCTTGTCAGAGCGCTGCATGTGGATGGACCTCAGTTTACAAACGCACCTTATAGTGCCCCCTCGATCCCCGACAAGAGTTTACTAGCCCGAAGGTCACCCATGAATGATAGCGCTACGTCGCATGAAGGTCATCGTCGCGACATTCAATGAGAGCACTGCTTTGATGACCGACTCACTCATACTAATGGGGTTCCGTGCCGTCGGTGCCTTGGATTACCACCACGATGTCTGTGCCATACATGCGCGAATGTTTTCGCATTTTCATGGCGTTCAAGGACAGAACAGCCGGATCGGGACGTTTTAAAGCACTAGTTGACTCCTCGTTATGAGCCGATCGCGGCGCTGCTTGCTTTTTCGCCTGTAGGACATGCAAAGAAGGTAGCGTTACTCCGGAGTCAATGCGGCTTGGTGTCGGTCTCAGTTCAAAAAAAACACCACCTGTGGTATAATCCAGACCGGTGCAGGGTTACTCCCAGAAAGGTAAACCCTTGTGATAACTAAACCCGATGACTCCGTATTATCGGAAGAATCACCAGCCAACCGTTTCATTCGCTCCCGTACGCTTACATAGGGATCATGGCTGACATGGGCTCTAATATCGCGACCTTGCTCGGTACCACACGGTCCGCTTCTATTTCAAATTGCGGTGCAACACCAAATCATATCTCCATAGGAATTTTTAGCCTATTGAAGGGCTGGGAGTGAAAATTGTTGCAAGGCATCCTTTCGCCGACAGTGTGCTAGTATGGGCAAGGATGCATCTGCAAAGGTGGCTTTTAGCACGCCTCCGACGATAACAAGGGTAGCATCTGAATACGCTGATTCGCCTGTGCATTCTCC,1344,48.74,Arabidopsis thaliana
SEQ_617544,GAGTATCGTATGCTGGATCGAATAAAACGACTGTGCTATCAACTATCAGCTCTGTCTCGCTAAATCTTAATCGTCGTATCAGGAGTTCGTCTCACCGAAAATGACCATCCCAGATAAGCGTAACTAAATACTCGGCTGGGCGCGGAACGTGCAATGTTCTAGCCAGCCATTGGCTAGCAGATAAGTAGCCAGGGACAACCCGGTGCGTTCATCAAAACAAATGCTCGTGCCTTAATAGAATTCCGAACCTAATAAAGCATAGTTGGATAATAATATGTTCAACTATGCCACGATTGCTGCGCTATGGATTGAGTACTCAGATTCAGAAACTGGGGCCTCTTCTTTGCATCCGGTGGCTGAGAACCGATGTGGACTCTATCCTAGAAGGGTCACATACGATCTTTCCTTTGCAAAGCCGAAAGACTCAGACCACGACACGTTTCGCATCATAACATATGGCTACATTAACAAAAACAGGGTACCCCACGTATGGATCGTCGAGTAAGCGCAGCACTTATAGTTGCGTTAGTGGCTTAGCTGAGTTCATTCTAAGAGAAAGCTCTGGGAGTTCCAGTGGCAGATGGCAGG,588,46.26,Homo sapiens
SEQ_867374,GACGTCGTGGTCTACGTTGTGAGCGTAGGTGGTAATTGTGATATCGTGGGGCATTCACAACCCTAACGGGAAGAGCTACAGTATCACCATTGGCGCCCAGTTGGAACCTAACGCTATATTATGGCACAGGGCACCCGCCGGCGCGCTGAAGTCCTATCCACATTCACGGACCCCTCGCCGTTAGTGGTGCCCTATTTCGATGTGCGCAAGATATAACGACCGTCAGTCGGGCGCGATAGAACGCGTAACATACCCTTGACACATGCTCGTGTTCGTACAGATCACGGTCGTGGAAGCGGCGCGCATCACTATGCCGTAGAAAGCAGCCGTATTAAAACGAGCACGCTCCAAGGATTCACTATTCGAAGTTTACTAAGATGCCTTTTATCCGGTGTCCTAACCGCACGAATAGTACATAGAATACAACCACGCTCCTGCAACTGACCAGATAGTTTAATCATCCTCATATGGATGACATAGGTCAGATTCTAGCACTTTGCGAAGTTTTTAGGCATTCGGTCTTGACTTGTGCGGTTGACTTGGCTGTGATATTGGGCAAGGGATTTAACTATTTGATTGCCGCATAACTCGCCGCAGGTGGGCCGCCGTTATGAGCATATGACATATCCATCCCTTGTGTAAAGTATATCGCGCGCACAGTGCCCCGAGTGGAGTGCCCCGGTGGGTCTGGGAAATATTTCAAGGACTATACACGATTTTAACTTCATTCAGAATAGCTACCCTGTTAGACTCATATTTCCAGTCCGATGCCCTGTTGAATCAGATGAGCCACGCGGGCAGATCTCGGCTCTTTAGGCCTGTTATCTCTAACCAACCCGATAGTACGTCTGACCGCGCGTCATGTTGATACAATGCGGAAACGAGTAGTCGCTGGCTGGCGAGGATTCAAACTAGAGTGGCGGCTGCTGTCATGGAGATCTTGGACTGTCTAATCATGAGCACCGTCCCTGTAATCTGAATTAAAAGGATCTACGCCAACGTGCGCAGCTAGATGAC,1017,50.05,Escherichia coli
SEQ_627581,CAAGCGGCAACTCCGTCCTTGGCCTCGTTACCTTGGACGCACTCCCGCGGATTGAAGTCAAATTTCGGTTACAGAAATCTATCGACGGGTCGTACCCATCTAACTTCCGCCGCAATTCTAATCCCGGTGTGATTCAGCGGGGTACCGACACCCAGGCGTGCTTGCTTGCTCTATGTACTGGATATGTCCATGTTGCACGTAGAACATGGGAGCGCCGGCCTATAGTATACGTTAAGGTGTTAAACGTGGAGTGAGGCGCCTGAGTCCATCAGCCGGCATGTT,282,53.55,Arabidopsis thaliana
SEQ_834799,TTAAGCGCTTTATCCAGAAGCATCACGGGTACCGAAGATGAAGTTAGTTGATCTTGGATCTCAAAGTAAGCTTGCTCCGACAGTCACCGTAATCCACCTACCACGAAAAAAGCTAAGACGTGGCCTGTTCATCACTCAGGCGCGTATTTTCGACAATCTTCTCCGTCTTTTCCTGATCGATTTCTATGGAGTATATCGTGATCTTGACGCAAAGAAGAGGGAGCCTCTTATTGTGCTTCTCTACAGCCCAGTAACAAGCGTGCTGCTCGTTACGACCAATAAGACCTTCCACGTACGAATGTCCAAGGGCGGCTTCGGGCCAGACCGGCTAGCTTTGAGTAAGGATCAGGGGAACGTGGGGGAAGTTCGAAGTGAACCGACGAATATACAATGGACATACCATGAGTAGTTGCGCTGGATCCACCATTAGACCATCGAAATCACTGTACCGACTGGTCAGAGGGCGACGCATCACGGACAAACTGGTCCTGCGCAGTAGTACGTGAAGGACTAGGTTAAATACCCAGGCGACTCAACTCTGGCATTGCGTCCTAGTTAACTCATTACTATGGTACGTGCTAAGTTCCCGCTTAAAGCAAAGAAGTTCGAAGTGCTAACCGCTCCAACCCCGCCGCCTGTTCCGCAATGCGTTGTAGGTAATCACCTGTATTAGCTGTAAGCATTCGCATTCCACGTTTATCCATCTTTATGCAACAAGGCCAGAACAGAGAGTTACCGTGGACAAATCAGACGCAGCCCATGGTATGCACTAATGACACAGACGAACGAAACCGCTGTATCGACTGTAGAGAACGCCGAGTGGCAGCAACACGGCACAGTGGTACCGCCCTAACTACATATGACTATGTGTGATACACACCAAGCGTCCTCCACAATATAAACTTCGCTTCCCGGACCGCTGTAATGGATATCTTAGTTCTCAGGGGAAAATGTCGCCGGATTTAGGAGCATGACCCACTCTACTTGATGAGATGAAGACTGGGCATTTCGTTTTAGCTATTAACGATCCCGTCTACCGGATTGGACTGGATTAGTCGTCCTGGTGGTGGTTAATGTCCCAGCAGCGGTCGGACGGAGGGAGGCACGTCACTTGTGTCTCGAATCGTAAACCCCTTTTGTGGTGCCTAGACAAAGTCCAGAAGCTTACCTGGCTGCCCCAAGACGCGAATCGCGTAACTCACGACCTGAGGAACGTGGGAATTTCTCAAGTAGAACAATCTAATAACGAATATCTTGTGTACGTTCAATAGAGTAGTGGTGCTTTACAGGCTGGCGTGCGCGCGCAGTGGAACTGTACTGCACGAGTGCGTTGGCCCCGCAGCGCTTGGCCATCAACTCTGCTATCATCATGAAAGGAATTAAAAGATGCACAAACTGGCGAAAAATCACATTTCCCATTTACATTCTTCGGTTGTTCAAACTGCGGTTAAGCGTGGTGTAACCGAAACGATTTTGACAAGCTATGAGGAGCCTGCATCCCCTCCATGACATGTAATAGTGCGCTCCCGCTTTTGAGCACCTGCCTTGTCTGCCAACAGTGCGCTATCGTAAACAGCATGGGGGACCTAGCATTGTGAAAGGAACGGCGTCTGCGAACGTCGGTGCCGTGGCCTGCCAAAGACGGGAGAACCGTGTGGGCGTACAAGCGAACCACGGCGGATTCACCCGGCTGTTAATTCTCGAGGTTCACCGGATGGCCGCCGTATCAGTGCCGAATGCCATTCTCAGAAGTCATAACAGCCTTCCATGCGTTTAAGGTAAATTTAGGTT,1791,49.97,Arabidopsis thaliana
SEQ_432230,GATCGGGTAATACCTCAGCTCGTGCCCAATATTCACAGCAGCGCCCGGCGTACGTTGGTGTCATTAAGTGGGATCCTCCCGTGGCAATTCCGCTGTTTAGTGACCTCAGTAAGCCCGTCTGACAACCCGGAATTAGACAGGGTCCCCGTAAATCACTGCGACACTGATAGTTAAATTCGCTTTCACTCCCTAATGCGTAATCCCGTGACCACGGCTCGTCCGCGCAAGCGTCGAAACATTTGTTCATCAATGGGATCGAATGGTGAAGACGCGGGACACGCTGACGAGCGCACCCTTTCTAGTCGGCGGGGCCATTCCGCGAATACTGGCCCTACACCTAGGCATTGTCGGACTGGGAGCCGTCCCTCGGTCATGGCTGCGGAATCCATTTGTCTAGAGTTTGCATTTTCGTTTCACCCCCAACGACTCAGAACGACTACCCGTACACATGTGCCACCGATACGATTCCATGCCGGCCAGCCGAAATATCGCTAACAAAGCCCTCATCAAGGGTGTCCGGATTCATCTTCGAGCCATATCAATACAGCGCCTGCACTCTACCGGTGGCGCTAAGAGTGCCGTCGCTGCGACAATGCTCTGCTCAATCCTAGACTGACTTGGTAGGCTTGTTCTTGATGTTCTATTAATCGATTCTCGTGCTTCGAGAGAACTCACGTTCAGATCGCGCCAGATGCGAATGATATGCCTGTCCCGCCCGACACGAACAGGGACATGGCCTCTAGGCTCTGCCGTCGGAAGCAATCATATCTTTTAAAACATTGTTAGCACCTACGCCGGCCCGTTACTTGTAGAGTTCATGGGGAGCACCACGTTACATGCCCCACTCCACTAAACGTCGTAGTTGCAGTACAAGATAAATCTTGCATGATCGTGTGCATGGGATCTCGAAGCGTAGTCGTAGTCAGATGCTGCATGTACGGGAGAGGTCCCATCCTATTTCTTTGGCACCCAGGCCGCCTAAAGACTGTTGGGTAGGCACACATAGCCGCACATTCGCCCATAGGATGGCGATCTAACTTGCCCGTGATGCCACAGTGTCGCCACTGGCAATCACACTCGTGCGCCCAAAGGTGCGGGTTCCGTTCGCAACGTGTACGTCCGTCCATTGGTGTAACATCTCTTGGTAGACAATACTGAGCCATAGTACTGGTGCAGTAGATGATGACGCAAGTCACCGCGCATTTGACATAAAAACGATTCGTAGCCAG,1229,52.97,Caenorhabditis elegans
SEQ_467772,ACCGGGATTAATATCAGTAGTGTGGCTTGTACGTTCGTTCGTGTCTGATTAGCGCATAACTGCCGAAAATATGTGCTGTGAAAAGATTGACCGCTGGAGGTTTTTGGTGGCTTAGCACGCATGTTGAAATCTCGTAACCTGAGGCACGACTGTGTCTTCGGTTGAGGGATTTCGCAGTCCAACTCATGAGTACCTAGCCCCATTCGGTAGATTTAAGCATTGTCAGATCTGTTTTCGTTCGCTGGCACTATAATATTTCGACTTTCCAAACAAACAGTCTTTGGATACTGCCAAGACGAGTAGTGGTGAACCGAGTAGCCATTCTGTACAATTGGTGAAACTTCCCATCGAAATTACCATAGCCCCCTGACCAGATCTTTACGGAACGATTCCGAGATTTCCGGGCGATATACCGCAGTGCTGACGGAAATGTCGAAGTTACGGATGTACAACAGTGTGGCAAGGTAATTTGAGTTACTGGTTGATGGACTCTTGTTTAGTGTTTTGAGGACGCCTGCGCTTTATTCTTGAGCATAGACGCGCCTGATTTCCCAGCATCTAAATCCTAAAACGTCCGTGCATCGAAGACCCACATAGCCATTCGAAGTGATCCTGCCAGGAGCACACGAGGTCTAAACAAGTGGGGTTTTGAGTACGTTCAAGCAAAAACACCATTGTTCCCACTCCGGGAGTACGTAAGGGCAAGAGACACTGGCCGCCATAGAAGGCCTTCTTAAACCAAGGTAAGTATATTACCGACCAGTTGCCCCACTACATCCAGCCATCGCGCTTAAGACCGACAGTCGCGCCTTCGCTGTACAAACGATAACACAGTTAAACCTTCTTTGGACATCAAAGTTTATCCTTAGCTAGGATTCTCCGTAGGTGGCACGGGTGTCAGGAAGACACACTACCCTATCATCTGCTTTACCCCGATGACTCAATTGGGATCTTGAGAGGCGCTCCACCACTTCTTCCTCTTAGGATGCTGTCCTTCCTGCCGGCGTAATCCTGTGAGTTGGTTTTCCAATAGAGGGTCTCCAGGTAACGACACAAGTGTAATATCACCCTTGACCTCTCAACCCGCATTATACGTGCTTTCGAGCACGCCCAAGTCTGCCGTTGTTAAGGCCTTTCATCTTTCTCCCTTTACTAATAGAATCCACGTGTTAGTGTGGTCATCTAGGAACGTGGTGACGAGATTTCTGCGAGGCACTGTTGTCACTCCTCCACACCAACATCATTGCATTGTCGAATGATTGGCTCGGTATAAGAGGAACACAACTATCCGCTCCGACATAGTTGCCCCGCAGCGACGGTGTCTGACTCGACGGAAGTCACGGAGGTAGATCCTCGTCGAAGAACCACGCGCCTAACTTCAAACTTAATCCTGGGATCCTCGTACGAGGGACCGCACGCCGCGAGCATGGTCTGCGAACAAACGACGGATGAGAGTGGCTTGTTCACCAAGGGCGTTAAGTTGCTAATATAGTTCATCATTTGTGTAAATATACAACGCAAATGA,1525,48.26,Escherichia coli
SEQ_842410,GGTGCAAGTAGGTAGATCAGGTATCTCCCATGTGTTGGACTATCAATTTTTAAAATACTGGTTCTCCGACCATAGGCCGTCGTCTGCTCAGCTACAATAAGACGGCGTTTATACGGGGGCTAGTGCAGGGTCAAACAAGAGCTGACTGATTCCCCTCGGTGCGGCGTCGGCTAAGTCCACAATCAAAGTCGCCGAGAAAGGTGCCAAGATTATACTCCCTGCTGTCGAAATACTCACGGGTGAGTCATAGAAGCGGCCACCGGATCTCCGCTCTGAATATAGCACTATTGACGTACAGCTCCTGAAACGGTTCGCGCCTATCGATATTCTAGTTACAAGACTCTTACAGATAGCCGGCCGATGAGAGTCGTCGTTATTACAACGAAGCAACTACAAATTCGCGACTTGTTCCCCACCATCTTCCAAATGACACACGAATAACCAGTCCCAGCGGGGTAATGCGGTTGGAATAGGTCTATCAAATGATCTTCGATGTACTCATGTTAGTGGGCAACCTGACGCAATCTTGACTTGTCGCTCGGGCTGCATCCGGTCTAGGAGGTAAATCATCGTCCCTCCTATATAGGGAGGATAGTGCGACTGCGTCCAATATGGGTGGCTTCTCTTCGGAGCCGGCGTGTTTAACTAGCGACGCTAGATTCGCTTGTAAACACTGGGTACGGCTTACCATGTCCAACAAGGTCCAATTCAGCTTACTCATCTTTCCGCCTCCGGCATAGAGTGTTCTCCAGACCATGTAGTAGAATCTTAACTCGGGAATATGGCGAGGGCATACGGTTTAGAACGGGCATCGACGGGCATGAAATAATCGGGCAGGGGATAGAGCCGAGCGATTCTAATATAATAAAGCCGCAACGCGACCATTAGAAGTCGTGACCTTACATACTTTCGACCGTTTCGTTTGACTTCGGTCTCCTGTCAACAGTGTCGCCCCAAATTCCTTAGAACACTAACTTTTTCGTGCGAACGTAATAATTCGGTGCGACCATTCCTGGTATACAGCGTCGACCAGTGGTTGAAGAGTGCTCCTGCCAGCCATCTCACACTTTCCCTAGAGGTTCGTTCCAATCTACTCACACCGGAAAGGTAATATTGACTATGGGTCTGAATGGACCCTTCGAATGTATTCGGGACTGTTTGTTGATAGTGGCTAATGTGCGTTTAAGCAGAGAAATTCCTCTCTGGAACGCGATTCACGTTGCGCTATCTAAGGCGCCTGCCCCTTCGGCGAGAACTGCGTACGCGGCCTGGTATTGTACTTTCAGGCAA,1290,49.38,Mus musculus
SEQ_139228,GCGCGATCCGTTTGAAAGATCTACAGGAGTCTATATTAAAAAACGCCATCGGACACATGAGACTACACCATCGCCGAATTGCCTCTGCGCGCAGGGATGAATGAGTCGATTGCTGTCCCAGTGGCACGTCGAGCGCATCATCGCATATGCTTAGTACAAATACGGGACTATCCTTCGTGAGGTTATAATCCCGTTAACTGCTTTCGGCGCAAGCATCGCTCCGCGGCAGAGCTTACGCCTAATGTATAATGTAGGCACCGGAGACAGAGTCTCGTTTGAGAACGGCCCGTACTAGTCCCCTGCAAAGAATAAATATTCCCGTCGGATGACTATTGCGTATCTGCATAGTGCCCAAGGTGCTGCTCCGGGGTGATTAATATGTCGCATAGGCGTGGCAGCTTTCGGCGCGGCGGTAGAATCCGATGCCGACCGGAGTCGTACAGTTTCACCATGAACCCCTCGTAGCATTTCTGATATTGTGTACTAAATTATGCGGTGTAGCACCCGCCCGTGCGAAAAGCGATTAACCCCACTGTATCCTGATGTAGGGTTGTGATGCCCGTCGGTGGGTAATTGGTATTCCCATCTTGGTGTAACACTGGCCGGTAGTACAGATTCATCTATTGTAAGGTGATGGGTCTGATCCTTAGAACCCTCTTTTACCCATTCATAAGGGGATTAACAGCGTTATGAAGATCTCATCACCTAGGAAAGCTGAGGGATTGAAAATCCGGCCATGTCGGTGCCACCTCGTTTCTGACTCCGAGTGAGAGAGCATGGTGAACTAACCATTAGGCCCTAAGCCGACGGGAACCAACGTCGATTGATGTCAATTTGCATTTGATTACTCAGCGACAACACAGTTTTCGAGGTGCTTGACGCCTAACCCGGGTGGTTTCATAGAGCACGAAGTAAACCAGGTCTAACCCGCAATTGCGAAATCCAAGTCTCGATGTCGTGCTTAAAAACAATATGTGGCTGCAGATAGCACAACCATGGGGCGGTGGCCCGTCCAAAATCGATGATGATGACGCGTACTCAAGCTGTCGCCGAACTCTGAGCTACAAGTGTATAAACCCCGA,1082,50.0,Escherichia coli
SEQ_832880,AGACGTGGGTGCTTTGAGCTCATTATCACAGGTTGGAATTCGCGGCGACACATCCCTGCTTTCGGGATGAATCTGTATCCCCAAACCTCCCGCTAGAGCGAGAATATCGTGCTGGTAGGATGTACGCACCTAGGCCATTAATATAGACCCGTCTCCTATACTAGAGTCAAGGTGCAGACCAATGGTGTTTTGGGGACGGTGGGGGACATAGGGCATTCGCGCACACTCCTATCGCAAAGCTAACCTTCAACCATCTCTTAACTGAATACCGCAATGTTCCCGGTTACAGGCATCTCTTTGTATCCTGTTTGAAACGCAAGTCGGAATGTTTACGGTGATTGCGAGTTTAATCATAAGTCCACTGACGACAAGTGTTGCGAGCGCTTAGTCAAACAAAATGTTACCTTATACGGGTCATGAGCGTGGATATGTCGGTCAGGGTAATAAAAAGGCCATCTGCGCGTAAGTCCACGTGTAACGCCCTAAGGCCGTCATAACAGCTTGTAGTAGGACGGCGGCCTCAGCGGTCCTCGCGTGTAAGCTGCGTTCCCCGATGAGGAATGAAGACCGTGACCTCATGCGAGTTATATCGATCAGGTTGACGGTATACAACTTCTCGGGGCAGGGGTTGCAATGACTCGTATGTTCTCCCTATCTTGCACGCAGATGAGCCACCCCAATACCTTCATCGGCAGGGGTATAAGTGAAATTTCTTATCGGTGTGCTGCATATGAGATCTTGTCGCGTGACACCTTCGGTGCATGATCTCATGGCCTAGAAGAAAGGGCCTATCCTATCCC,800,50.12,Arabidopsis thaliana
SEQ_786980,ATGTATGAAATGCCAGACTAAGCTCGCGCAAAGAACCGTGTTCTGGCCCACTGAGAAGACTGACCGGAGACCTTCGTATCTGGCTATGCCGATCGTGATGCCGGGTTATCTGCGCTTTAGAGCGCCTGCGGGTGCTGTCGACGGAACTTCGGTTAGGAATTTTATTAAAACCCTTGGAAAATTGGACTTCCTCAAACCACTCGCTAGCATTCTCAATGGTTCGTAATGCTTGCGTGCTGTATAGACCTCTCAATCAGAGCCGGCGCGCCGCAGGTTATCTTAAAGTGCGAGAACTTAGTAGGCCCACCCCAACCGCCGCAACACAAACCGCTGGTCTCTCTGCGGAGTACCTAACGGCCTCCAGACTCCGCGCACTCGGATTAGTGTTACATGCTCGCGATGGTCGCGAGAATCATCCTGCCTTAGAGACAGACAGTCCATCAGCGCCGAGGCAACAACACGAAACAACTCTAGATGGTCAAACGCCTGTTAGATTCCAACATATGTCGCATGAATTAGTCCGATGAATGATGGAGTCCATTCTATTCTTCCCAAGAGTCATTGTAGCGGACCCCAAGACAGGGTCGCGGCTTCACTATATCTAAAGTCTGGCCAAAAAGCATATATGAGTCTCAACACTTCCAGAATTATAATCCGAGTACGTGAATATAACGCTTCCAAAGAACGGTTCGCCAGGAACACATCTAATCACTTATAGCTACGAATCCTTAGGTACGGGCGCGACTCTGCCCTGAAACCATCAAACTAAGGGAGCCTCATTCACATTGGAAGGGCAAAGTCATAAGCTCACACTTGCATTGAAGGCTTCCTGACTCTGCGATCTAAGGTATGGCGCGGTAATCGAGGCGTGTAGGGCTTAAGACAATACCTCACTTACGATGTACCTTAAGACTATTTTCGTGCGGCCAATTATGGCAAGGTTCTATCGGACAGCCTAAAGACTCCTGTATTGGATGCATAACATCTCACTCAAACTACTATTCTTAGGG,1010,48.71,Escherichia coli
SEQ_307656,GAAAGATTATGGTAGTTTCTCGCCACGTCCAAGTGAACCAACCCTCATATCCATTATGGCGTCATATACACAATAGTCCATTTAGCCACTTAACTTATTGGGGGTAAATGTAAAGGTTCGAGGTATCGTAAGGCAGATTACTGTGCGACGGCAATGAGCGTAGGTTGTGTTATGCGTATTTGCCTTCTATGATCGAAGGCGAAGGACCCCAGGAGATAGACAGAGTTTAGTCATGTGCAATCGAACTTCCCAAAATACCACGATCTGGCGTATTCGCGGATATTAGCACCCTCATTTGCTAGGTGTCTTCCACGCGTCACGTGAGGTAGGGCGC,334,46.71,Drosophila melanogaster
SEQ_274228,TAAACAGTGAATCGTTACATACTACATGAAGGAGTCCCGCACAATGATTTGGGATACTGCACATGTTGATGCACACTTGACTTTCATGCCTGATGATGCCACCGTCCGCTTTTCCTTCGCGTGCGGGTTTATCATAAAACACTAACTAAGCATGTTGGATAGAATCGAGCCCGAGGGGGCGTGAACGCTGTCGTCTAGTAATGAGCGTCGTCTCAGTCCAGAACGGTGTTTAATCAGCCTCCTCAGCTGACCACACTCCGAATGAGTGGCAACTCCGCCAGGTTCAGTTAGATCGGCCAACGGTCTGCTTACACCCGGTGAGGAGAGCTACCCGCTCCCGTCAGAAACCAAATACGGCTAAGGCGATCCCCAAAGCTAATAGCTCTGATGGGCCTGTCACGTGGAACGGCATGAGACAACAACGCGTGACCGCTCCCGCCCGAAGGGTGCTTTCGCCCGCCGTAGTCTACGATATAGTGTATCAAGAGTATGCTAGATTGGTAACATATGTATATGAGCATCGGTTATGGAAGGGGGGGCCCGGAATTTTAGTGGTAAAATTGTTCATCCCTTCTCGTCAAAGAACCATCGCATCCGCTAGTGTACTTATAACATGTTATGATTGAACCAACCATCATGACAACATTGAGTCATTAGCGTCGTTCGACTTCACGCTTACATAGTCCTTTTCGTGCATACCTGGACGCACTACAGATTCTCGAAGCGTGTAATAGACTCATAGATGTAATGACAAACGGTCTCCAGTGGCCAGTTGATAAGACTACAAATCGATATAAGGAGATGTGCTTACCTCCTGATATTCAGTCGAAAAAACACCTAACATCCAGACCGCCGTCGGAAACAACCTAACCGATATCTTCCTATGCGGGCCTCCTAGAACAGCCCACACAACCGGGCCGACTACCATCGGAGACTTCCTGTCTCGTAGGTATTCGTGACCCAGATACACGTCGACTTGGACTTACGCTACTAAACTTAAAGCAGTTCGTCGATAACGAAGGGGCTGTGATTGACAAGAAGGGCCGAGTTATCCCATGCCTCATTTCTGGGCTCTAGCCGACAGACTTACAAGTATAGGTGTCCAGCTTTATTTTCAAGCGAGCTGAGGACGCTCAACTGAGCTCGTGTTGGTCGGCTCAGCCAGAGCCCGTGTCACGTATCCGGGAACGACCATGAACAATAACCCAATGTCGAATCCGGGGTTTTCCTTGTGCACCTCTCTCCA,1246,49.44,Homo sapiens
SEQ_339125,CTCTGCCTTAATCATCCGCCAAGGTCCGTAAACGTGGTTCGTCTGGGGTACCGCCAACACGGGATATAGTCGATCCCTGGACCCGTTCGGACAAATGACAGAGTAAAGAGCTACTGGCGCACATTGAAACAGCCGAGTGTTAGTGCGGAACGTGCAATCCGTGTGGTTGCCGGCCCGCGCATACGTCGGATATCCATCTTCCGCCTAGCATCGCCGGGGAAGGCGTAAGTCTGGTCTTTTCATGTGCTAAACCGTACGTTTCTGGTCCTGGGCTCGTAACCTTAGGTACATCCGCGTGATTCCTACGGTCATGTCCGCACTTTACGGCCCTACTCATGGGTCGCCCCTTCAGGCGATTGTTGTCTACAAAATATGCGGACCGCAAATGAACCAAAATCTAGTCGACCGCATGATGGGTAAACAATACTGTCGACGACTGTATCAAGGCCCTTTAACGACGGAAGTTTATCGTTAATACGCTGCAAACAGTCTCCTCCATACAAAGCTCGCCAAGGAGCTGGCTGTCTAGGTGGCACTACAGTCTGCCCCTCCGAACTGCGAGACAAACGTACGCTGACAGCCCTTTAGGGTAAGAAACTCAGGAACGATCAGCCCATGCCACTCCGAACCTGGGGAAGGAAAACACGACTCGTAAGTAAAGGAGATATTACCTTTTGTTGGTGCCTGGACTGCGTTTTCCACGCCTCAACTGAGTGGGGCGGCTACCCACCCACGAGGGAGAAACACTAGAGGGTGCGTCAGTAAAGCAAGCCCTTTATCATCGCCAAATTTCTACAAATGCGGGAGTTCCAGGCGCGGCAATTCAAATCAGGTCTGCGCTATCTTGAGGCTTATTCCGCAGATGCTTTTGGGTTTGGCGTACCAGCTAGTTCGAATCGAGTCTGACAACGTCCGACACCAGGACCCTCGCCTATACTGTCGGTTCTTCTGAGCTTTTGAACGTGTGCCTTCGCATTGGAACCTCTCGTGGGTACATGTACTTCAAATTTCAGATTAGTTCTAAGCGGTGTCAATGGTCTACAGTCACATATAGGCCACTAGATTGGGGTTCACCAGAGGTGGCTGGGGGGTTTGCACGTTTGCCATACGCCAATGAGATGCACAGCGCGGCGTTACGTCTTACCTCTCCATTCATTGAATGCGCGGAGGGAACCTGGTCCTTACAATACATCTGGGTACCGCCATCGACCTTGCCCTGGAAATCCAATAGGCCTATGGCATCTTTTCTTCGTTCCCGACCCCTCCATTCATTATATTGCTGCAACCCGGAAGAGACCTTGACCACAGCCCCGAGGTTCCGCGGTAAGGTCGGGGTACATAGATCGTTGTTCTTGAGGGAGCATTCCATTGATTGTTGCAACAAGATGCTAGGGTCACATACATATAGGTCCAATTAGTTGTCC,1424,51.76,Homo sapiens
SEQ_159725,CTCGATGTCCGTGTTGCTGAATACCATCGCAAAGAGCGCTAACTTGTCGGGACCTTTAGTCACTATCCTCGGTGCCCCGCCTCAAGTAAAAAACGAAGTTTTCACCTGGCGGCGTATGCTTTGCCATAGATACTGAGATCTTTAGCTACAAAGGCGGCATTAGAATGGGTGACAGAAGGTTCGAACGGTTATAGTTCAATAGCTAGCGTTCCCGCATGGGCAACACTGTATCCTCAAGACCGCGTGTTCGGTTGATAGTAGATATGGCCTAGACTTAATATGGTTATCACCCTATGTTGGGGAGACCACGCCTGGGGCACGATGCGAGTTCACCACTCTACACTGGCGCAAGGAAGGTGTGACGTGGTACCTTTCCGTAGGTTCACCTGGTCTATTACCGGGGGATTTTGTGAATGATTCCCTATACAAATCTCGGGAATTCAACACACCGTGTTCGTGCTACCACTAGGGCCAGTGCATAGTACCCGTCCCCACACCGCCGTCATCTAGTCGTAACATTCTGTGCATTACTCGGATCCTTCGACATCGGCAATAGTTGCCCATTGGCCTTATAACTCGTTTTTGGCTCATAGCAGAAGGCGGGCAACGGAAGCCGCACATGTTAACTTTACGGCGAAAATGACCATCTGAGCAGCATAGGCTGAAGCCCTCCTTCGAGTGCTAAGACATCTTTGTCTCAGCGAATGAAGATGCTTACTCGATTATGCCCATAGGAATTGATCTATTCTCTAATCTCCATCGAATGTCATCTCCCACGGTGTTTTACCAATTCGGGTGCTGAGAATTATCTGGTATTTTTGATATGACCCCCCTCGAGTGGACCTTGGCCAAACGCGCCTCGACCTCAACATTCTCCGCCCAGCTATATGGTCTAAGATGCCGCAATGACAAGGATACGTGGCTGCACGTCTGGCATGCCGGTGCATCTAGACTGCGTAGTATCTTTCGGATTGATACACCACCGCAAGGAGGTTGCCCAGCTGAGTCTGCCGAAAATGTAACGGAAATTCTCTGGATCCGACCCATACAAGTAGGCCCGAAACTATGCCCCAACTCTGCCAATTGGGTACCGAAAGCGGGATGGCCGCAACGCATGCAGGCGTGGTGCACGCAGTGAGGAAATGCGTCAGTGGTGTGGCTCTGCCTACTAGCTTCTCTAGCCCTAGAGATAGGGGCCGGGCTTATCTCTTGGGATTTAACGAGGCCCACTAGGGAGATTCACCCTGAACTCCTAAACCTGCTAACCCAAATAATGCTAAGAG,1283,50.58,Arabidopsis thaliana
SEQ_578870,CTTAAGAAGCTCGTCGGATATGTGCTCACATTTGGAGCGTAGACGCGTCGCTTAACCTGGCTAGTTTGTACTCCGCACCCATATAGTTTTATCGGGAGAACGTGCCAGACCATCTTGATGATCAGTTCGGGCAACTGCGTAAAGTTGAGTGGTACGCCGTAATTGATATGGCGGGCAACGCTTATCAGTACGGCTTTCAACTATCCGTCATATGTCGCTACAAATGACAGATTACGACCGCCATAATTGCGTTGGCTTAACGTTTACCGCATCTTGATATTGCGATTGGCGCAGCCCAGTTAGCGTGGCATTTGCACCATAATGGGTGCCGCTAACATAACTTAAACAAGACTAGAGTGTACAAGCAGAGTGGTGTTACTC,381,47.51,Escherichia coli
SEQ_284354,AATAGCCTAACCATCGCGTGCCTTCCCGATGGATCGTACTGTTAATAGAAAGGGTAGACGGAAGGCCGCTGTTATATGTTCATCGACTTAAGTCAAGAAGACGGAGGCACTTAACGTCTATTTTCTCATCATTTGGGATCAGAGTGTCTAATTTCAAACGTTGAGGCTCTCTTTAGGTCAGACGACGTTACTACTGCACGGTGAAATCCATTGGAGATGATGGTAGGTTCTTTGCCATAGTGCGACCATGCGGGTTAAAAACTACTGCGATAACATCGAGGGACCAGGCTAGTGTGCGCAAACCTACAGTCCGAGTAGCTCGTCCCCACATATAGTTTCCCTGATGTTATGCGGAGTCCGCTTGGCTTTCATCACCGAAGGAGAGGACTCGAAGCAATATCGCTACACGGTCACTATGATGGCGGGCGATTATAGCTGTACGGGGAGGTTTCTTTTTTCTTTACTCGAGTCGTTTTCATTCTATAGTACCTCCCAGGTCTAGCCCCGCGTTAATGCCACTATATCCTGACTCTTCTGCAGCATTCACAGCTCCAAGGTCTACGTAAACCGCAGAATTCAAATGCCCGTAGTTAGAGCGACGAGTTCGCGCAATGGCACTGACCATACCCACTAGAGTTGAAACCAATACGTGCACTAAATTTTGTGCTAGTGGTGTAATGAATGCGAATAGCTTCTAATCGTCTTCGTACGACCCCTGCCGGTTGCACTAAAAACCGGCCAATTCATAGCGCTATATCATTCATTATTAGAAGCTTACTTCGAGTTCATCGGAAAGAGGACCACGGGATGTGCCATCTATCGCCGGCGCTGTTGGCAAGCAGCGATCAGTTCTCTCAATTCGGTGCGGAGGGTGTGGAACGCAACGTGGGTAGATGAACGCGGGGAAGCTCGGGTGCTGCAAGAAATGAAAAGTGCGTCGCTGGTCCCCTCAGAAGTCACCAATGGCTAACCGTTGTTTGTCACTTATGCATGTCTAGATTAACGAAAGCTACCGCTAACTTATCAGCTGAAAAGCGCTCCCGGCGAGAACCTAGGGCAATTAGCTACTTAGCTCGACGTGACACCAAGGCTTAGGCCAATCTGTATAAGATTACTTGATTGCAATAATAAAACCCCAGACTGTCGCGTACTTCTATCTAGCTAAAGATATCACCCACAGTAACAGTGACACAGAGGCGTAACGTACATAGCCTAATCACAGCTTTTAGCTTCGAGACGCCGCTGTGGACCCGCGTAACTTTCACAAAAGGCGAGTACTACCATGTATCCACTCCTATTGCTGTGATAGTAAGCCGTTGAACTCGACCGGTGACTACTATATCCTCGGAGTAAAGTGCACTAGCAGCCAACATAGACTTTTCTCGGATCCGGGAGACGGATAACGTTTCTACACTCGTCACATCTACGGGTCGTATGTAAAAGTCTGGAACGACTCTCGATAACACACTTTCCTCAATCTCGGGGTCGTCGCTGATTTGATCCATAGAAAAGTGTAGCTATCGTAGTTAGCATTAACTCGCATGGAGCCTGTGACTGGGAGGGCGCTGTCCAAGGTAGCTCGGGACTCGTCCTGCCGTCCATGTCAGCTTATTTATCGGCAGCGGAGAACTGGCTGGCCACGGGTCAACAAACGCATACACCTTATAATAGGCTACAGGGCGGAGTACTACGTCTTAACCGGAACCGCTGTCGGGGCTCATTTTTCTATCCCGCTCCGCTGAACCATCCTTACAAGATATGGTGGATAGAAGCGCATCGCCTAGCGCTTAATCATCTCGCGTCTTTACAAAACCAGTACAAAAGGGGTCAGTC,1833,48.61,Homo sapiens
SEQ_629531,CTGTGCCAGGGTGTGAGAGGGAACCGGACTGGCCCCCTCGTGAGCTCGGGCGCGCTCCCTGTACCAAGCTGCGATTAACACTTTCGAGGCGACCCTTTAGACAGTGGACTGTAGAGAACTAAGCAGGTTTATCTGCGAACGGCTACATCATTGCCGGCTTACCACCGAGTACTCGCGAACTATTGTGCCTTGGACGCTAGGCCCGGAGGGAATGAGCAAGAACCCTCCTGGGTACGCTTTGTGTGTCCAGGCGGTCTAGAAGCGGTAATACGAAATACTGTCACTCCATCGGGTTTTCTAAAATACGTGCTAAATTAGGCCTAAAACTCCTTTGGAAATGCAATTGTCGCTACGTTCCCCTATCAAGTTACCGATCAATCAGGATGGTACCTGTGTATAGACGGACCTATCATGCGAAACATGCAGAACTTACTAGTGCTACTGAACCTTAGTGCTATTTTTAACTGGCGCAGACTCCTTGCCCGGATAACGCTCGGAACAAGTCTCGGTTCCCCGTCCACACATGACGGTCGGAAACGCCCGCTGCCGCAAACCAAAGCTGTTTGTTATTCGAAGAGTTTCAGCATGAACACACTCACCCAGTAGTATAGTTTCAAGGGAAAGGTCCGCACCGTGTTGCCAGTTGGTACGGAGTACTTCA,661,51.29,Caenorhabditis elegans
SEQ_825916,GTTATAATCATGGTTCCTTTCCTTCAATTGGTCGTGACAAGGAAGAGGGTGTCGCCGACCTGGCCGCAATCCACATAAAGCTTAGTGCCGTCTTCTAGGGGGAAGTTGTGAGACAACAACCCGCCAAGTGTCTTAAACAGGTACCAAGTCATTAGACTCTGATACGCGCAACGTCGTGTGTGCAGGTTCATTGGGTCCACCCCCATGTTTTACGGAAGCAGCACACGTTCCAATCTACCCCGTTCATCGGGGCGAAACTTGTGTCGAGTTCTAGCTCGGGGTTGCAATGGCCCGGTGATAGTCTGTCTATCACCGAGACGTAATTCGTGTTCGGCAATATTTTAACATGGATTTTGAAATTAGCCGGACTTAAGCAAATGGTGAATACTGACATAAGTTCCGCTTACTCCTCAAACTCGCTAAAGAGTTCCAACCAAAGGCAAGGGCTCACGTGGCAGGCTAAATGAGTCAGTCTGGGTAACCCGTAGGGGAGTTTAGTAGGAGCTTGACCGCCATCTCTGCCCGTCTTCCTACCTACACATTATGGAGTTAGTGGCCCTAGAGCTTAGTTAAGCTTAAGAATTCCGCATCCTCCGCGTCTTCAACGAACGTCCTAGCGTGTGATAGCTCGATTCTAAATTACTTCACAAAGACCCGCCGGCTGCAAGTACCTAGCACCATAATCAATCATATTCACGACGTTTGGAGTCTGTCACTTGCAGGGTCACTCCCGCGTAAACCAGTCAAATTGGCTCATGTCAGTTTCCGGCGGCATGCCTTTTTCGGCCTGTTACCGATCACCACTACCCCACCGAGACGCACGCTGTAGTAAGAATACGTGAGAGTCCTTGCTCAACTCCGTAATCCTGGAACCACCATCCACATCAGGGAATTCCTTCAACTCGCATTAGGCAATGCTTAGCTAACGAGAACGCTAGCGAGTTATGCCGCAGATCGCTCGCTAAAAGGAAACCGTTCATTACGATTCCATGCCAAATTCCGAAAGCATCTAATGTTGAAAGAGTCTCGGGTAGAGGCCGCATTAGAGTACTGTAGTAGATGATGGGTTCGCTGAATTGAGCACCTCCGCCTCTCGACTGTGACATGATAATAGGTTTGGCTGTATCACCCATGAATGTGTGCGTGGTAGTGTCGAGCTGTGATAGAGGGGCTGTATCGACCTAGACTTCGGGCCATCGGGTTCTCTCACCGGTCTACCGTTCTAGCCGAAGATACCTGAGCAGATTAGGGTACTTGAAACTTTTAGGACTCGACATGTCGTGAGGGCGGAGTGATCGTTTGACTAGCTGCCCAGGTTTAGCAGGTGGAAAAGTAATTTCGGCGACAACATCCTAGCGACACAGGATGACAATTTCCTAACCTCCACTATTGCTTATCGAGCGGGATCGAGTAAGGCTTGAATATAAGTTCTTGAACCTGAGTCCTCTGAGAACTATTTGGTATAAGCACGGTCCCTAAGTGTCTATAGAGAACATCCATCGTTTACGTTCTATACGG,1518,48.81,Saccharomyces cerevisiae
SEQ_263754,AGATCCAAAGACTGCTTTCGATTACTACCCGCCTATTCTGGAAACTTTATCCCTGGGCATACGTCGATCTTGGGCCTAACATTCTGATCGAAGTCAGTTCGATCCCCTCCATCGCCTCACTTCCCCACACAGTATCGCCCGACTTAGCAACCAGCACGCTGCAAGACCCTATGCCCAGGCCTAATAAGGGCTGCTATGGCGTGAACCCCGTCAAGTTTGCTGCCCCGTCATTCCATAGTACCTTTTGCTCGACTTTTATGTAGCACCATGACACGCTACTAACGCTTTAAAGGGAGTGACCCGATTGGTCTAGCGTGGTGCATCCGCTCGTGCCGGTACAAAATTTTCGGTCCACTATAACGCTATTGGTAAGCTGCAGGTGATAGTAAGAATCCCTCTTTCCCAAAACAATCAAGCCGCAGTTTTCATATTGTCCGTCGTGTCATTGGTTTACATAGGTACTAGACTCTAAGCTGTATTGGTTGCACCTCATGTCAGTCTGGCCCGTTCAGGGGGGTGACGCTCGCCGTAATGCAATACTAGCCAGCTACAACTGCGGGTAAATTGCTGAGTTGTACACCAATCGACTTCGGATAGCGTGGTACCTATGTACTGCGGGCGAGAGAGGTACGGCCAGTCTACCGCGGCGATTATCGGTTAACTTTTAACACTCTTTATTTAAGGCTACCCTCAACGTATCTAAGGGCTAAACTGTATAGGGGTAAGGCAGCACCTTCTTAGTACGCGAATTGACAACAAACTCGGTAATGTTCCACTTTGCCACAATCGAAACAGAACGGCAGAGGAACTGACCGCTGTTGTCCATTCGGATAAGCTTATGAACATTGTGCACCGAATCGCTTTGGGTGAGTTCGCCGATCAAGTAGTAAGGTAGCGCAACTCTGGGTGGGAACGTTCTTTACACGTTATTTTCCAACATATAATCCAAGGCATCGGATGAACCCTGTTTCCAAGCCGAAGATCGGTCGGGATACATATCTAATACTGCATAATCTGGGATGCGCACGGCCTCGTTAGGGGGGGTTAACACGTATTTCGGCTCAGCACGACTTAGCTGCCAAACCGGTACACCCAACTGTGGGAAAGGGCCCTAGAATCCGTTGAACTAGCAATTCATGATACGTGCCGAGAACTGCTGAGTCATTATTCTCTGCTAGCTGGGCGCGCTACTAAACGAGGCCGTTGGGGTGCGACTGCTCCTAGGCTCTGCAACAAGCTAGTGATTCTATATAGTACAATCCGTCCTGCGGTGCCGCATCCGGTCGGTTGCCGTATGCGCCCTTAGTAGAACCGACGTGGCCTCATGTCAGATAATCACGAGGGCTCTCTATTCACCCAGCCCACTTACTGCACCCCAACTTTATACTTAGGATCACCAACACACTTCCTTACTGCCCGACGGTGCCAATGGATATACTCGAAATCTGTAATGCGTTCCCTCTCGGCGGAACGAAGCGTATAGGTCATGGTCCTACGAAGCCCAAGGCGTTACGTATGCAAGGCTTGGGTGATTATTGTGTACCCAATCCTCGACAGAATGACCTAGTCCCTAGCGCGCGTGACTTGGTACGTTGAACCTCCTCCGCCCCGCCTTCATGTTCTGGGATGATTGTTACTGCTGGGCACGAAATAGGATAATGAGACGTGTTTTTAGATATGGTATGGTAAGCATTGCGCAACGGGCATGTCCCTACATCGTAGCGCCGAAACGGTCTAGCGGAACTGTACCACCCACTATCCTTGGGGTCACTAGTGAGGGGATCGCCGTATCCTACGATTTCCGGTTACATGCAGGCACA,1820,50.44,Drosophila melanogaster
SEQ_392500,CGCGCTTTCTCTTCGCGGAAAATCAAGCGGGAATTGACTCGAGATCTAGGTAAACAGACGTCGCTTTTTGCTTGTTTTAAGGGTCTTTAAAGTGCGAGCCGCTCCCCGGGGGGAATTCCCGCAGTTTTCTTGATTTGCGTGTCGGGTTCGCATCGGGTCCCCATCGAGTTTCTTAAGATGTTGGAAGGCGCTTCAACGGTCGCGATAATCACGCTTTTTCCCGCAATTATTAGAGGGTTTAAGTCAAGAGCTTTGCCAGCCTACTGAGAGCTGATAGGGTCATGAACCTAATTGCGCCTTCTTACTTAGAAGTACATAGGACTCCCCCATTATAAGGGTACCTCCAAGTGGAGATGCGCGGAAAGCGGGACCGCCCTAATCTATCCTTTTCTGGATTTACTTCCTGCATGGGCGAATCGACACTACTAGCCTGAATGATTGGTGATGGGCGCCCCGTAATCCCTGCTTGCCCGGAATCCTCCTTACGAGGTCCTCTTTCCGCAACCAGCTTTTGAGGGTAGTGACTTCGCCCTCTTCGGCAGGACGTCGGGGTGAGCTTGCGAGTCCCTCAGCACTCGTTCCCGCGGAAACAGTCGAAACAAGCCTTCAAAGAAATTGTAAGGTATTTACTGGGTCAATTTCTCCTAAGAGTCACCTCATGCTTCCTTTTCAGTCGGTGACACAATACAAAAGGTCTTAAATAGCGGTGTACCGGGGGTCAAGCGTTAACGTGAGGTC,738,50.54,Drosophila melanogaster
SEQ_848895,ATGGGCGGGGCTTGCCCAGACGGCCCGACGGAGATAGACTCAGACCTCATGAGATGGTGTCGGGTACAGACAAAAATTATAGGGGAAGCCCCGGCAGCCGTAAAAATGCTGATGTCTGAGCCCGCCTACCTGTGCAGAGAAGTCACTGATGACCGTCCGCAGGCAATATCCCATCCGTGAAAAGGTCAACGACGGAGAAGTATAACCGCAATACCGCATGTCGTGTTAAATCATCATATACCAGCATCAGCGTCGGGAAACGGTGCCGCTGCGTGACCAGACTCCGTGAGGCCTTTGGCGATCGTGTCTTAGTCTTCTCGCCATTCGAGTGTCTAGCCGAGTGCATACTCACTGCAAATCTTGTTCCCTTTTATTTGTGTGCCTATAAAGGGGGTGAACGCATATTTTGTGCTTTGTGTGGGTTAATGGAGGTAGAGCGGGGTGTTAAGGTCAAGGCGTCGCCTACGGGCAAACGCCTGCTATCAGCCGTGACGCACCGTGTGTTTGTTGACTATGTAGCAATATGCCGGCGGGGTTTGAGACTTACGCTCTCTCAGGCCCTTCATTCGCCTTCGCAGCGCTAACGTGCTCAGAAATACTAAATGCCTAACTCACTGAAGATCCTGCACGATATACCTTGAAAATGCGCACCGCGG,656,52.59,Mus musculus
SEQ_725287,GATCGGTATGAGACCTAGTGTTTATCGCAAGGAACGCCCAACCCTAATCCTCGCTACTTGCGTTCCGTAGAGTACACGCTAGGGTTCTAAATCCGAAAGGGGGGTCCAATAAATGATAGTCATAAGCTATAAGGAAGAAGGTTTGTGTAACGATATTGAGTGCTAGTACAATACGCTATGTCTGTTACACGCAGGCCGCTGTAGTAGTCATATAATCAATCGATCCACTGACAGACCTCGCTTAGAGCTCCGTACTACGTGGGGTGACGTTATGCTGCCTAATGAAGTAAGGTTTCGACCACCGCCATGACCTGTGCGGAAAAACGTGTAAACCTACCTCCTGCTACCTCGTGTGTCTTAGACCTGGTTCATGCAAACATCATGCCTCCACCATAGGCCTTATCGAGTCTGACATAGCGTAAGATGGATTACAGTGAATTTGGCGTAAAGAGTAGACATCTAACACTATCCATCTATTTCTTCACTGCCATTCAACGTCCCGCGCAAATCTTCTAGTGGAGACAGAGATCGATGCGTATTCGAACTGATCGCGTGCCTTCCGCACAACTGTCCCCACCTTCCTATATAGCTATCAGAGACATTACAAGCAATAATCGATTCCCTGCAGTCAGTTATTCTCAGCCAACCATTGTCCGGTTACGCGGGACATGTGATGACCCAGCGTAAGGCCCACGGAGCGTATGAGGAAAAATCAACTTGTATTGGAGATACGAAGCGCGCTTCGGCTGGAGTGCCGTTG,760,47.76,Saccharomyces cerevisiae
SEQ_208182,AGGTCGAACCTCGAGATCTGGTTCAAAGTGCCGCTGTAAATGTAAAGCTGCTATCTGGTATAACCTTGTCTGCCACTATTTGGTCAGGGTGGTACCATGGGGTGACGTCGCCTCCTCCGGGTCTACTGGCTCATTAGCAGGAAAGATAACATGCAGGGGATGTAATTGCTACCCGTCGAGAGATAGAATTTTTG,194,48.97,Caenorhabditis elegans
SEQ_763646,GTTGCCCGAGCGCCACAGTTGGTATCGTAAACCTCCTCCGCTTTACGTACGTGATGGCATAAGGGACGTAATAGGCCTTTCTAGGGCCCCACGAGCCCGCCATTGGCAGCCGGCACGTCTAATGAGCGTACCAAGTGTCACGCCTAAGTACGAATGTCAGAGTCCGACACCAGTAAGCCCTATGACCTGAACGTCTTGCTGGTCTAGTCCCGGTTACTACGACGAACAGACACGGAGCCGGATAAAACGAGCCAGAAATAGACATGGTGATTGAAAAATTCCCGAGCGGGTGCGGAGACCATAACTGACAGTGACTTCCGCGCAAAACCACATGAGAAACCTCCTCGAAAATACAGCCCAGTTTTATCTTCGGGTCGGTCTAATAGCCTTGCGGCCATTGAAAACGAAGCAGGTATACCCCTAGCACTATCCTAGACCACCCTACTCGCAATAAATCTAAAGATTACTGCAGAACAGGCTAGGTCCTACCCAAACTTACAGTCGTGCGGCCGCCTGACCACATGTTCCACAGGTAGCCATAATAAGACGATGCCAAATGAGCGTGAGACATACGTAGCACTTCATGTAAGCCGATTGCGTCTAATAGCAGGTCTTAACGGGGCGAAAGACGCACCTTAAGCTGGGTAAATATGTGCCGGAGAGCTAGGCAGGGTGTCTGGTCAACCAATTTTCGAGCAGCACTCGCATTTCTCGGCCAGCCCAATAGTTACTGTCGTTGAGCTCAATTCTCCGCATGGACTGTGACGTCATGCGAACGGGAGGGCTTGATAACTGGCTTGTTACTGAGATGCGATTCAAGAACAAAAGGGGAGCCGTCCAGCTTCTCGTGTGAGCACACCACAGTGTTCAGTTCATCGACCGTACGCATCTGTTTACACCTACTGGCACGGGTCAGACATGTTAGACCTCGTCTACGGGAAAGTTACCTGACATGTGTTAAATATTAAACTTCGAGTCAAGGCCGGTAAGCCTCTGCCTTTGCGAAATTGCGCTTGCAAGAAGTGTTCCGTGTGTATCCCATGTGGCGCGAGCAAACAACTTGCTCGTCCTAAGCAGTCGAGCGTCATCGCCATGGCCCCTGTGGCTTCGTTCCTGTGTAGAGGGGATGCTACTGTTAACTACAGCTCGGCACTGACCTGGTGCCACCTGACTGGCTGTACGGGAGAGTCATAGACGAGGACATCATTAAACATCTTAGGCCGAGAAATAGTTCTCCCTGTTCAGGAGGTCAGAGGTCAGGTAGCCACAACCTGGTTTATGGTCGGGCGGGTCACCAACCGCCACAGACGGTCCGCCCTTCGCGCTGATGTATCGCATTCGACCCTCTGGGCTGGCTTTACACCACCTCGGGAATCCGTAGTCGAGCACTGGTACTGCATTCTTTTCTAGTGCATGGATGGTCAATGTGCTATAACCACGCCGCCGCTGAATCATGTAAAGTCCAGGTCCATGTGGGGGCTTGCAGCTGAGCGAAAAACCCTAGTGCCCAGACCTGGATACAGTTTTAGCAGGTCCCTACGGAGGGCCAGTGCATTGGATAAAGTCCGACGGATATAATCATAGCGCTGATATGTTCTTACGAAGT,1606,51.99,Homo sapiens
SEQ_104443,GTACGCCATGCATCCTTTCCCGTCCTATAGAGTCAAAACCTGATAACGTTCGGATCTTGACCGCCTTCATTCGGATATGTGGCATGATAACTGATTAGTTCACTGGCCCTTTCCCAGCGGAAGATGTGCTTTCCAGACCATGAGGTTGTTAAAGGCTGGGAGCTAAATTCTGAGACCACGCAACCCTCAATAGGAAGAGCCACAATGAGACCTCAGTACGGAAGCGGCAGGACGGAACTGTACATGTGGAATTGCCACTTTAATCATCGGAGGTACCCAGAATAGAACTCAAGAGCCACGCACAAATACTGGGGGCAATTGCCCACCGTTACTGCGTCCGAATTAGGATAGGACGATTATTCGGGCTTTTCGTTTTAAATTCATGAGGTTAATTCTTCATCAAGGGGTGTGGAGGTTCAGGTGCGGATCGGTCAGCATTTCATCGAGAGATAACCTGTCTCTTCTTAGCAAGACGTAAGACATGTCTCGTCCGTCCCTTCCAAAAACTATTGTCAACTATGCTTAACCGTATACCCTTCACACTCTCTCGGCGGGTAAGACTATGACTATGGAACAGGGTTTCTGCAGCAAATCTTGACTCAATCTCCCGATCCCGACGAGGAAATGCGTGCTGGCAACCGTTTGCGACTCGGACGAAAAGGCATAGGCCGAGGCGCCGGAGGAACCGTTCCCTGGGTCCATTGGGAGTCCGAGGTTCATTTCCCTGCCGGAAGAGAATTTGCCACCACCTGTCCGGTAAGCTACCCCCAGTAAGGTCCTCTGAAATAGGTTAGTGTGACCTCAGTCGGGGTATGTGACCTGCGCAGTTGAATAAGGACGTGCAGGCGTTACTGTATAACTAGAAAAGACCGTCCCGAATATGAGTTTTGGTTTCTTACGGTTATGCGCGCTGAGTTCGGCCTGAAACCCGGACA,935,49.95,Mus musculus
SEQ_527891,TTGTAATAGTGACAACCTTGCCCGAGACGGCGAATACGAGCCTCCGCCTGCTTCTGTGTTGACCGCGGGTCGTACAGCGAGGATTTATAGTTCCAACACCATCGCTTCCTTATCGATGGACACCGGTAGTTCGAACAGTAGGTAAGCTAAAGTCAGATGTATTCGCGCTCCGTGTATAGCTCAGAAAGCCTTAGCTTGTATGCGGGGGGGCACTATAATCTATGGCGGGACGACGTGCCTAGTCCGACCCGGTCAGCAACTGTAATCCCTCCCTGCGTATTTTACGGGGGAGACGCGTGGTCTCGGGATTATCTTCGTCCCCGGTTCGCGGCGGGTATTTATAATAATTGCATCCTTCTGTCAGTTTGTAAATACTGTTGCTGAAAGAACGGCGCACCATAAGCAACTAAAGCCTTAAAATGTAACGTAACGTACTACCCTAGAATCCCTTCTCAGCGCATCAACCCACTCTTGTGGGACAGCAAGAGTCCCCGCTTCGTGTTTCTCCAGGAGGAACGTGGACACGGGCACCACATCTGAACGAGTCCGACGGTCGGAAAGTCATTCATCGGGTGTCGTACCCCGCATACGGCAGAGGCGGCATATTGGCCTCACCCGCCCAGACCACTTATCTGCTAATTCACCTAGACATTTCAGTTTATACAACGAAGCATTCATGGTGGGTCCCACGCTCATCAGACGCACGTGAGATCGCTTGAAGAGATTCGCGCGATTCTTATGAAGTATCTCTCCGGCTCCGGTGGCAGGGTCTCTCACTCCGAGCACCTGCCGTAGCTCTGGCCAACGCAAGTTAATTGGTGAAGAAACACAGATAGGCGCGCAGCTGAGCGGGAATTCTGTTCATGCGGAGGTGATCACATGCACAGCTAAAGACGCTCCTCGATTGGCGCTATACGATCCCATGGAGGCAACGAGTTCTAACAAATGCCAAGCGATTTTTGACGGACTCGATCGTATGCAACGTGTCCACACGCGTCTTACCACGATCTCCCTCGATCATATGGAAGGATTTGTAAATCATAGATTCCCCGTTGACCTTTATCCCACTCTGACCCTTCAACTGCGGGGGGCATCGTGTTGAATCGGGTCCACATGACGGTTTGCGCCGTGCAGTGTCGATCAGCCGCCGTTAATGCTTGCATATTATTTAACACATCTCCTTGGGGTTACCTTGAGAAAACGGCCGGACGGAGCCATTCCGGTCCGCAGACGAGGAAAATCGTGTTCGGGGCCTACGTAAACCAACTATCGAACGGATCTTCACTACGAATCACCCCCTACTTAAATGCTTAGCATTTAGGTTTAACATAGTAGGGGCTCACTTCTCTGTGGCTTGAATGCTTTCTTGAGCATAACGTGCTGCCGCAAGTGATCCACGCACTGACTCAACAAGGAGAAGTTTACCGTTAATATGAAGTTCAACGCACGAGTTGCCGTCGCGACGAAGGTCATAACAGGGCAGCGATACAAGTGTTTATTACGTGTGGCACCGTGCAATCTTCAGGACTGTAACCCAACTTCCCTCGGACCTACCACCCCTGCCTCCGACTAGCTTTGCTTCAATTGAAGTGTAAGATTCCGAGCCAACGACCATACAGTGCTGGTC,1627,51.38,Caenorhabditis elegans
SEQ_933357,AAGGATAGGATGCCGGTTGAAAAACCGAGAGCATATCACCTCAATGCAAGAGGTCTTTCTACACCTAATTCTCGCCGGATACCGGAGCAGTTGTAAGTCGCGTCTAATTTGCAGTCCTCATTACACAAAGACAGTACGTGGTGTCAGATCCACCAGCAAGCTCTCTGAATCGGACCCCAGATCTGGGGCTAGCCGAAACTTGGAAATACCTAAGCTATCGATCGATCGTTTGAATTGAACTCTTTTTCAGCCGAGAAGGCAATTGTTCGATCAAACGTATAAGCTACTCCGCTTGCTCTGTTTCGGCCAATTAAGATATCATGCCGCCATGGCGGCGTGCCACGATCTCAATGTACAACGAATGCCAGACTACTGCCGTCAAAATAGCGCGGCGTTACAAAGAGGTGTTTGCTCTGGGCTACTGCGTGGCCCGTTCCTAAAAGTGGTCTTATAAACTATGGGGGCGGCAATAATTATGATATTCGTCTACTCAGAAAACAGTTTTCCACTTTCTGCTTCGGTCAAAATAGCGGGCCCGGTAGCCCTAACTTAGTCTTTATGTCATAAACACATCCGGTATACACGGTACTAGGTCGTCTTTGAAAGGTTTCGCTTAATGTTCCAAAAAATTTCACGGAGAGTAAGCGTCATAGGGATTATGCCATCCTTCGGATTTCACAGCTAGTGCTAGGGCGTTAACAATGCGAAAGGAAGAGGTACATGGAAGGACCCAGAGTGATGTACGCGTATGCCTGTATCGGGTGGTAATTCGTGTCAGAGTGAGGTCGTAGGTATCTGGATCATCTGGAAGTCTATAACTCTGCTCCTAGACGTATAGGGTCATGCCGAACGATGCTTTGAGTTATATTGTGTATGGACCCTTTGGCGACGGAGTTAACCCGTCTAATTAATAGCTCTTATGGCACGTCACTCGAGAGGCCGACAAGCCGCCTGAAGCGCTAATAGCAGAGAGATCTTCTCCTAAGATCTGACGTCACACAACAATGCTTGGATGTATGCGACCACATGGAACACATTAACGGTATTAGTCATCAACGACTCTAATCCATCGGCGGACCTGGTACTGGGGGACGATTCAGTAAAATTGAGACAATGATGAAATTACTTACGAGGACTACTAATCACCCTTGTGAGAAAGGCCCTGCGCATATGGAGAGGAATGGTCACGAGCGCGTTAAACTTCCATCTTAGGGGGTCCATAAGGCGCGGGTGACAAATATGCTGACTATGGTGGAAGCATCGTCAACACCCACCGCCTGG,1281,47.46,Caenorhabditis elegans
SEQ_549652,TCACATCGTATTTGCAATAAGCTAGTAAGTTATAAACTACACCGTCGTCAAGCGAATATACCATACACTAGTATTCCTGGTTTTTGACGAAGAATGCTGAAAGGACTGTCTACGATGTTGAAGCAACTAAATGGAAGACCAGTTCCGTCGACATATCTACTCATCTTACGAGAAGAACTCGCGTTGGTCCAAGATCAAGCGCTCGGAGCTTAATCACCAGTTCGAATTAAACGGGTCGTAGAAGTGACGGGCGCCATGATGGATGTTTCTAGGATAATGTGTCATGGATTTATACTAACCGCAGTGCACATATGTTAAAAGACCCCCAAGCCCCTCGAAACTTACCAACCGAACGCGGGTAGCGGGCATTGAGGCCGCTGCCGTCATAGGAGTCCTCAATGACACTCCCCCACTCCACAAAAACTTATGCCTACTTGGGAAAAGTTCGACGTATCGGATAATGGAGCGCCGTGGCAGCGGGTCTCGTATAAGACTTATATATCGGTAGGATCCATTGAGCGTTTTACCTGTTGACGTGACGCGACTTAGGTTTCTGAACACCCTCTCCATGTACGCCTAGTATTATACCCTTAACGGTCCGTGGGACTTATATTCCCAAATTGCTATTTTGGCGATACGCAACTGTTATGTGTTCACTCAGCACAAGACCGGTCATACGTTTCGACCGCTACCTAAATAACCTGAACCCTCGGTATGTAGGCCTATGGTGGGCGTGACACGATGCGGACGACAGGCGGGACCCCGGGCCACCAGCGGATTTTGAGATATGTCGGCTGACGGCAAATGCACTTCGATTAGTAGGACGGACACTTATCAAATTCAAATCACGTACGCACAATCAAATGTTCCTATACTTTTCGGGGAATGATATTTAATTGAACTAAGTTTAAAGACTCGTTGCATGGAGTCCCGGTGGTGGTAATAATATATGTAGGCTGTTTTTCATTTCAATCCTCTTCTAGACGGACCTTGTAGTTGGATCCGCATTCCTCGTGCCATCTGCGCGACGAGCACAATAGCGAATCGGCAATCGGAGTTGAAAAACCACAGATGCTCCGCCAGGCTCATCGGACGCAACGACAGGGAGCACAAATAATCCTTGCGCAATATCGACGGATCAATGTGGCGCCGACATCCGTTTCGTGCTGTAACTTCGCCTTTTCGTATTTCATGACATTCGTAGTGGAAGTGGTGGATTTACCAGCGTGCCGGGACAGGTAGGCCGCAAACTCACTAACCTGGGGTGGTCTCAGATGGGTTACCGCACGAGCAGATGTGAGCTGAGATTGATAATCCCAATCTACAAGCGGTAGATTCGCGGGACCTCTAATGTTTACCATACCGAGGGCGTCCCTTACCCAAGGGGCGTAAACCGCATCCGCACACGTTACGGGATTGACTGTGCACGGCGTACCCGACGATACAAGCACTAGCAACGCGTCGGGCTGCTTGAGGGGGTAAACCGCAGCATGACTTCTCCATGAAGCGCTGATATCGGCCACCACAATCGCGATCACTCGCATCCAGCCATCGATTTAAATCGATGGCTGGGCCGAGTGCCTGGGACCCTAGCTGGTGCGTGCCTCGCGATAAGCCCACGTCTCTTCGTCTGGCCAATAGGCTCTGCTAATCAGTCTCTTAGCTGGGCCTTGTGATCCTAAGGCCCC,1688,49.94,Mus musculus
SEQ_282412,GCGTCACCGCAGTCCATCCAAGCCTGGATTTCATCTGAACTTATGACGGTATCTCCCCAAGACGTAGCTCCTGTACTTCAAATAACAAAATCGAAGGACGAGCATTCGTTTAACTACGAAGGTAAGCTAAACAGTTTTGGTGAGTTGCTGTTAGGGCCTGTTGACAAATTTTTCTATAAGCCCCAAGTGGATAGATTAGGGGACCGTGCTAAGCTTGGTGAATATTAGTGGCAGACCCGTATTTGAGACAGACATGTTTTCGATCTTCTGTCGCCCCATGGTTCGCCTCTAGCCATCAATTATAATTACTCTACGTCGCGCACCACTGGCTTCCAACACGGTATTAGGAAAGAGAGCTCTTGCTCATTGTCATTGCGAGGGTTTTACTGACTGGGATGTCTGCAGGATTTGTGGGCCTCGGCCAAATTGAGCATGCTTAA,440,46.36,Drosophila melanogaster
SEQ_266587,GACAGTGTCTTTGTATGCGCCGCAGGACGCCACCGTTCCCCCTACGATGATGCCATGCACTAGATTGTAAGGCGGGCCATTTGCACATCTCAACAGCCCACTGTTGGCAGAAGGCGATGAATTTTCAGGTGCCTCGAGTACGGTGTCAGTTCCAAAGATCGGACCACCGGCACGCACCAGAGGAACGCTTTGTTATCACCGACGGGTTACGAATAGCAGACCAGCGGGAATACCAATTGGTGAGACTCATCCTTATCAGGGGCACCCCAGACTTCTCACGACTGATCGGTATTGTGTGCGCGCTCTTTTCGCTAAGAGTATGTAGTGCTGCAATATTTACACACGGCCATGGGTACCTCAATACTAGAGCCTAGTTGAGCACTATAAAATGTTACTTTGAATCGATACGGCGAACAGATCTAAAGTTTAGATGTCGAGGTAAGGATAAAAACCGATTGCCTGGTTACTCGGGTATGCTCTATACGCACACGGGTAGTTACGCATTGCCATTTATTAACTGTCGGTTTTGTATTCGCTACAACATTAGCGTTCCCAGCAGTACCTAGCTTAGCATGGACCATCCTACAAACTTGTCCAAGTCCCCGAACAGAGGTATTTGGCGAGTGTATGCAGCAATAGCGCAGGGTCAATAAGATAGTCTCTGAGGTATGATACGTTGTTGGGAACTGGTGATACAGTGGGTCTCTTGGGTCGGACGACACTATGCTGCGTCGCCGTCCGAGTGTGAAGGGTTCAATTTGACAGCCCTTGGCGATGAAAGTGGCACGATTCGCCATAGAGAAAGAAATTTACTGACCGACACGGCCCCTACCGGTTAGGGCTTGGGTGGATTTAGCATCCGAGACCGAGGTTGTTATTCGAAGTCGTCGGAGGCGGTTTTTGGATACGCACCGCAATACATTTTGGCGAACACGCCTTAGTAACGGAATGGTGAGGTATTTTTATTCACCTCAATAAACAGGATCAAGCGGAGGAAAGTCGAGAGAGACTAGTAGTCCCCAACCGGTCTTTAAGGGAAAGAAGCAAGTTGACTCAACCTAGATATCCCCTCA,1073,49.11,Caenorhabditis elegans
SEQ_879424,TTAATCTAGGTTGGCACGGAGACAAATTCAATCAAGTATGAATGCCCTTCTTAGTGCGATGAGACTACCGACAAATTCAAAGGAGCGACATAAAACGCTTGCGGTCGAAGCGAACCCTTGCATCCGTTTCTGTGACCCGTCCTCAAGAAGTAGGCCTTTGGTTGCGTGTCAGGGGACGCTCGGCAGGCTGTCCCTTAGCGTTTTCGTCGCAGTTTGTTATTGAGTGCAGGAGTTAGATTGTTAAGAAGCTCTCATCCGTGCATTGTGTTGAGAAGTCCGGACCACGTAGCATTGATCCACGGTTAGTAAAAATCACGTACGGTGACCCAGGGTTCGCACTAAACTGTTAAGAATTAACGACCGAACTGGGATCACGGTGGCGGATGCTAAGACTCGATGGATACTCAACAGCACCACTCGTGGGCCGATGCAGAGTGTGTAGAGTCCACAATGCCCATGGCGCTATCTAGTGCCTCTAGAAACTTCCGACTGTGGTGTGGTTTTAGGTTACCCTACGGCCAGGCTGACCCCTTGACCACAGCATTTGGGGTCAACATCGTTCGTACCTAAGATTGCGGCTATCCAACGTGGATAGGGCGGATCTAAGAGTAAAAATTTCTTCTTATTTGGAACGGCCACCTCCTGACTTCTTCCTCCCCCGTCCCAAAGACCATGCGAGACCCGAGTAAGAAGGGCGTACATGCTGTCGCCGAGACTCAATGCTCGCTTCTGGATGAGAAACTACTGATATAGACCCACTGACAGCGTCTGATGTAATGGATTCGCTTGCGAAGACGTTCCAGGTTTTAGATCCGGTTAAGCGTGGAATCGTAACTCTCTGTAGACGCCGCGGCTGAGATCTAGGAACCGTCAGATAGTCAACGACGACGTCTTGTGGACTCTACTTCTACGAGAAGAGATCAATAGAATTCCCTTTGGCGCATGTACATAGCGATTCACGCGGGTAGTGTCGGTCCGGGCAGTTGCACTGATGAGTCCAAACGCCCCAATTTTGTATTAGTCAGTCGTAGTAGTGGCAAAAGACTTCGCCGCGTATAGAAGGGTAGTCCGGCGTGTGGGGGTCTGGCCCGTAGAGCCTACGCGTTCTCAATCAACAGGTCTAACCCGCTCCTCGGTGCAACAAAAGTTTGACGGGCCGT,1160,50.95,Saccharomyces cerevisiae
SEQ_513094,AAGACCTATCCCATAACACAAGAGCGGCTAGTAAGCCCAAAATAGATCGCCTTCGCCGCCCGTACGTCGTATCAGCCGCGCTCCACGGCTATTAAAATGGTAAAACAGTGTCGCACGCTTAAACACGCTGCTTCCCTCCTGAAGACTTCGTAGCAGCTTGATCCGACCGCTAGTTCCAGCGACTGTTCCCGATCACCGCCTTGACAGAGAGCGGGCGGTTGTAAACGATCAGGAGCTCGATCAAGACCAAACAACGGATGCGTGGCCTAAACCTGTTAGCTAAGTCTCGAGATGAGTAACGAGTACAGGGAAGTAACCTTAACTCGTCTGGTCCCACCTTGGTAGAAAATAGGTGGTTGTAGCATCCTCGTGCGGGCACCGTGATTTTTTTTCGGAATCCGCATTAAGCCCAGCATACTCCCCTCCTTTTACAACGATGGTTTTAGTGCGGAGCAATAGACACGAGTTATGGAGTCAAAACGTCCTCTGACCTCCCTATTCTCACTATTTTAGTCGGCAGCCGCCGCAGCATCGGTACTTGTATCCTCGTGCCGGACCCCGGGTCAAGATATTTCGGCTACCCTAGCTCTACTAGCTATGAAGCCCGTCCAAGCTTGACATGCTTTGATATCCTATAGGATGGTATCTTGCTCTAGGACGCCCGAGACGTATCGAATAATCTTCGTCAATGGGTATAAGTATGTCTGCTATAAATTACGCATAATGCTTTCGAGCGCCATAGACCGCAATTTTCTCTACATTTGCCAACTGACTTCAGGCAACGGAATCGTACCTCCTGTCGAGCGGAGGTACGCTTCTGATACGGGAGAGTTACATCTGACCGGAGGTCTACCTAACCGAGACGTAACTTCTCAAGAACGCGTGCCTG,889,50.28,Saccharomyces cerevisiae
SEQ_120792,CTCCGGCGGAAAATACCTGCTTGTCGGGGCCGATGATGTACATTCTTGAAGCCCCCCGATTGGTACAAGTTGGCTGACGTTATAAACCGCCCCTTTGACTTCAGATTATAAATCAAACTTTGCGCGTGCATCGTCTTTGGCTGTTTCGGAGTCCCTGAACCGATTCATATATCCACCCCTCGCCGCAGCTCCCACTGGGTTAAGCGCATTAACTATTGTTCGGGTTACTCGTCTTTAGCCGAATTGTCTCGACAGAATTACGTAGGGGTGAAGATCGTTTTGACAACTGCCAAATCGCTGGTAACAGGAAACGAAGGGGGGTACGCGAACACACGTTATGGCCTTTCTGAGACTCCTACAATGGACTACGGGCTGTCGGGTGGTCAAGGCGAGAAGGGCCCGTTTGGTCCCATGTAACATATCCCATACCAGCAGGTTGATGGCGTGAAGGTACAGGTCCTCGATCGGAGTGTCGGAGTTAGGCGGCAGATAGTGTCCCCAGTAACCATTCAGCACTCCGTGAAGTATAGTATGTGGAGACAAGCACATACCGCTAATTAAACCCATCATTTGCCCCCGAGCACGATCGTAGTATGCCCTTTCCCGTCAAAATTGTGACCTTCTAATGACGTCACTCCTGTGGCTGAGGCGACCTGAAACGCGGGTCTACCCCTTTATCCGGTCCCTAACTCACTGCAGTCTGGGGTTATCATCGGAACAACGTTCGTCAGGAGGCGGTGAACGTAGGTTCTCTGTAATAGTGATTCAGGGTTGCTACCGCAGGTTCACAAAGTGTAGAACCATCGCGGAGTTAGTGGGGCTACAGCAAACTTCTTCGTGCTCAAAGTTAGTGAACTCTTTATGCAGCTTTCCACCACTCTCGGGTACGGGATCATATTTGAATATCCTCATTTCTGCCACAATATTTCCCAAAAGAGTAATGCTATCGCAAAGATAATCTACTGGCTGACTGGTCTACTGTGGCCTCGTCCATCCTTCTAGCAACGGGAGGTACTGTAAGCTTTTTTAGCTTCCTCTATGGGGACTCGGTTAAGTGAGGCTGACAAAAATGGGGCCGCAATAGAGCGATTTGATTGCGGTCAGGTATTGCTAAACGTTGGGGTCCTCGGCGCCCGCCGACCCATTCACTCCCTACGTGCTCCAGTTTGTATCTCTCACGCGCAGAATACTAAAGATACTACAGAACAAAGGCCAGGCAAGAAAGAGCTTTGCTAATGTAACCCCAGCATCGGACCAATAATGGTCGTTCGTACGTGCCCCCAGAGGCATCGAGGGGTATGAGAAGTTGACAAGGGGACACGCATCGTCTGGGAAGTACCAGCAAACTAATAGTTCTACGATCCCGGACGTCACAAACTTAAGGCGTCTCTCAACTTAGAAGTGCCAGCGTCCGCGTTGCGGATCAGGGCATGCACAGATAGAATGTGGTAACGCAAACGTGTCCAGGATCAGCGTATACAAATATTTCAATGC,1494,50.13,Saccharomyces cerevisiae
SEQ_143270,TATGTGTCCAGGCGGTTTAGCCTACCTTCAAACCGATCATTCTTCTCGATTACAATGAGACACCCCTTAAGCTCGAGGTACTTTTCGCCTAGTGATCTGCCTATCCTATTACAATCCCTCCGGTTGACCGTGCGGAGGTAATCAGGTAGCCCGCAGCACTGGCCTAGCCGATTATCGTAGAAGAAAACTTTTAGAAACGGCGGTCCTGCCGATCCAAGTGTAGCGCCCTAGGGTACGTTCTATCCCCATTAATAACCCAGTACGGAACGCTCACGACGTGTCCCCGGTCAATGGATTATTGTTGGAAGGACGCTCGTCGAAGTTGCCTTCTCCGCGGGGATCAGGTCTCCCACAGGGGGGTCTACCAAGGCGCTCCATTTTCACTGTCGCCCCCGTACGCAACGAGTTTACCTAATAAATCTGGTTGGGATTACGGCCTTAACCCGTACGGTGTCGCACGCGCACGATCCGTTTTACAAGACACCACCTACGAAAGAGTCATCCGCAACCGTCGCTATTGCCAGAAGGAAATGGCATGCTAGACTTACTTCGACCACAGCGCCCCCACTGATAACAACTCGGGCGATGAATGCCAATGTAGTACTCGAGCGGATGGTGACGACCAATCAGAACCACCTAACCAACTCTTAAATCCATCCTGGATGCCCAAAGTTTCTAGTCCCGATTCTATCCAGTAACAATTCAGTACTCTCGCTCTATTCAATCAATGGACTATGTAACTTCCCGATCGTAAGACCTAGCTCATATCCCTCGGACAATAGTATAGTGTTAACGCATATACCCGTCCCAAGCGAGTCACCATTGCGAACTATTTAAGACGGACCCGAACGGAGA,855,50.53,Arabidopsis thaliana
SEQ_264039,GCGTTCCAAAAAATAGCTCCTGACCGCTAGCCGTACCCACGTAAAATGCTAATCTAAGCAGAGGGCCTTTACGATTTCCTGTAAGCTGGCAAAATTGTCACTCATGCCAGTCCGGTTCGCAGGCTTTCGACCAGCTCCAGAGATACGTGCCCTACAATGACCTAAGGGCCTCTCCTGGATCGGACTTAAGCGCGCAATTATTCTACCAATGACTGGCAGTCGCAGAATGACAGACCAGGTAACCGCTGAGCCTTCCCGTTTCACGAGGTGTAGCAGGCTGCGTATAGGGGCTATAGAGCTGGGTGATGGTTCCTAATCACCTTCGTCCTATTGCCGATTGGAGGTAGGTCCCCTGTCAATGCAGACGTCGTATCCGTGTTTACTTCTTATCGTCTTAATGGCACTCAGACCCTCCGGACTAGACATCGATAGTAGCGCTTTGACCTGTTCTAGTGCACTATAAAAGCGGGCTGGCTCGCGGCTGCTCACAGTTAACGAGCTCAGTGTACAGTCTGGGCTCCTTGATAAATGCCCTACCTGCCCTCTATATTCTTCTGTAGATATCGCACCCCTCTAGATTTACACAGAGCCCTCCTAGAAAGTTATAGTAGCCGCGATTTGGCTACGGGGCACAACTCCACTAAAGCCCTGTGCCTGTACGGCTGAAGGCTGGTAACAAATCACGTTTAATAACAAGTTATGACGGAGCCAAACTGCCCAATGACGCCCCGCCTTCAGAGCGATATAACATTCTCGCGAGCGACACAACTGAGTGTCGTTATCACAGGGTCCATGATCACGATGCCAGGGACACGTTACTGAGGACCAATATCCAGTGTAGTAGCAGAATAGATACATGACATGTCCGAACTGACTTACGGGCGAAGTTAACTGACGGCCTACTCAATCCGGGCCTCGCCAAATTGCTCTGAAGGGCCGGACACGCTCATTATGAAGCCGTGTAACACATACTAAAGGTACATAATGACCTAATCTCTTATGAGTCTTCTGCCCATGCAACAGGATCGTCCTTCTCGAACGTATCTTGTGCGTAGTCAGGGCTATCCCTAGCGAGCGATTGACACTAAACGTAGGTTTTCCGCTCGTCTGCAGTCGGCTTTGAGCTATACACAGGGAGCTCCCGGCAACTCTGATGATTTGAGTCTCGCGATCGGTCAGTCTGATACTCACGGCTTGAATCCCCAAATGGAACGACTTATGGTACGGTTCCGTTGTGGACTAACTTCCTTAACGATACTAGTACAGTAACTGACGAGTCCTAGTCCCTTGTCTGGAGATCTAAATTGGGCCTTGACCGCGGAGGCGTTGTTAGTTGCCCCGCTCGAAGAACGTGTCAAGCGCGAGCCTACTAAAGGCATGCAGCGAATAGCACCCCATCGACGTGATAGGCTGGGTGTCGCTTCTCCAATGGAGGGTCCATTAAGACCGGGCTGAGACTCCTCCGAGGAGGTGCTACCTCACGTATCAGCGGCCCCTCAATACCGTAGTGGTTCCTCGTTGCTAAACCATACTTATCAAAGCCCTACATTTGAGGAGCCGCTGCGGTGAAAAAGCAGTTTGTGCCCGCAACTAGAAGGATCTGGATGTGGATACGATAACCTAGCGCAGGGTGACCCCAGACCTCCCTCGCGTTGTGGAAAGTACCGTATTGAAGATGGGCTAGGTAATTCAAGCAGGGTACCTAGAGTGGGCTTCAAAAGTGTTCACGCTCGTTTGTAGAGGATCTATAAGCTACGCGAGTTCTCTCCCGAACCCAGAGGGTTGGCCGTGTCCTCGCGTGAGCGAGCGGGTCTGATAAGCTTGCACTATGCATCAGAACAGGAAACCCACGTTAAAAATAGCCTGAACT,1870,51.18,Arabidopsis thaliana
SEQ_488626,AAATACTCTTAACTGTGGACCGTAGGCGGCTAGGTTTCGGTCACATTGAGCGCCACGGAACTGATGGGGATTGAGCGTTCTGGACCCTTCGCTAAACTCAATAGACATAGTGCTACAGTCCAACAGTCTCGACACGAGCGCTACAGGCCCAGTTTGCGGTGCCTGAATAAAAGATCCCTACCAGCCGAGCGCAATCTGTCCCCCGTATTATCAAGGTTGTACTCCGTACGAGCCACCATGTATTAGAGTTAGGTTAACTAAGGGTTAACTAGAGGCTGCGCGCCGCTCAATACTACCTTAAGGTGCTACACTCGCCTGCAACCCCACTGATCTTGCTCACGCGCCATACGTCCGGTATTGCCCTGCGAAATAGTCGACAATCTCGCATCGGAAAGGTCGCTAAAGGTTGACTACGCCTAATGGAAGGTTCTTCTGGCAATGTGTGCACACAACCGAGTTCCATTTAGTGCAACTATTCTGTCGGCGATATGCGCAGCCCCCTGTGCCACCCTAATAACATCGGGCTTACACCCAAGTTTTAGGTCATTATTTCCACTGTCTCTGCCCTCTTGTCGTAACCCAGGATAACCGCCAAGTCCTCTAAGACCCCGCCATTGTAACAACTCCCGCTCTAACTGGAGCATGAGGGCTTAGGCCAACTCCGACTTTGAGGTGCACTGCTATGCGGGAAGGAGCCCCGCTTGCCAATTGTTGGTGGCCGTATCTGGCCGGACGAGTCTTCTGGATTATAACCAGCCAAGATTTATAGTGCTACGGAATAACAGAGTCGAGAACATAGACGTTAGGATGGATAGTTCGTCCAGATAGAGTTCGCAAAACTGGCCTTCGAGCTTGTTGCGTCTTACCGAAGGACTTACCGATCATCTAACGTCTTAAATCAGTGAGGGACTAGTGCCTCTCGGTGTCTCGGGACGCTGATCCGCGTATTCTGCGATCTACTTTCTGTGGCTGTCGCTAGTTGTGTTCTGGGTACAGGAATGGCCAGTAATGTATGCGTGTCGGTATGGACCCGTTTGCTTCCGTACTGGCGTGGTCCTTTATTGTTAAGCATCCTGAGTTTATAACGTGCCGTTGTGTTTGTCAAAACTTGTTTGGGTACTCTCCGTGAACCAACCAGAGTTCAGTGTCCG,1151,50.74,Saccharomyces cerevisiae
SEQ_572814,ACCTAGTGTTAACGCCATGTCAAGCCGTAGTACGGACGGGTCGCTAACCAAAAAGCGTAATTACATGCGTGCGACTGCCCGCCCTACGGGGCAACTTAGCAGGGAAATGGATGTTCTTCGAGAAAACCCCTGATCTGCTCCGATCTAGGTAGGGTAATATGGTGCATAATCAGAGATCCTCCCGCTGTTGTTAAAGCGCGACTGAGGCCATCGAGCCGGTGTGTAGGCCGTGTGTATGTACGGCCAAAAATGCTACGCACTGAATTAAAGGTCTACAAATTCGGATGCCAAAACTTATCGCATGATTTCTACGGCGCTGAAGCAAGAGCAACGACAGTGCTCAGATTTGAGATGGGTACAGCGCGCTTTCATTTATGTATGGGAACACTGATAAGTGGCATCTTGTGCCCGCAGCGGTGATTGGCAACAACACGTTCAGAGCCCGGTTCTAACCATAGCTTCCATGCACCCCTGAGTGTATGTATTGTCTGGAAAGCGTCGTATGCGCCCCGACCGACCTATCGCACCTGAACCGTCCTGTGCAATATAATAGGGACGACTACTGGCCCTTTGGCAGGCCGACTCTGATGGCTATAATCGATTCAAAACACTGTCTGACAGATATAGAGCGGTCTGGGATTAGCGGGTCATCCCCGATCACTGTACGCGAAGATCCCTTGGTCTGCGTTTGGTGGTAGAGACGCTTTCGTAAATAGTGAGGAGTTACCCAGACCATTTGTAGCTGTTATGTCGACCTGGTGTTACTGGTGGTGGGACCGGAATCGGTCCGGCGACCCACAGCAACACCATCTTGATGTGCCCAATGTTCGAGAGTCTTAGCATGTAGCGCTTTGCTTCTTGCCCGATAACGCCCGCAGCCGCTACAAAAAACTAGTCATCCATGTGAGTCTTAGTGTTAGACCCCCACGAGGCAGTGTGGTTCCGATCCGTTACTAACCAGATCGTCGCAAAGTCAGCATGCCGGACTAAACTACCGTAGCGCCATCAGCTCCAGATGATGACTCAGGTGAGTCAGATGCTTGCGAAGGTGAATCATTTGTCGGTTGTATGGAGGTCACGCTTGGCTGAAGCTCTCCTACATTGCCCGCCAGATTGGAATATCCTCATTCAACGAACGGTCTTGGAGTAGCCAATGGGGAAAGCGGCCTAACCGTGGGCAAGCCAGATCGATTCTTGGAATTGCAGCTACACTTTCATGATTCTACAGGACAGCCTATATTTCGCCTATCTATATAAACGGTCTTACGTAGCGGTACGACCTGACGGATTTTGAACTTTGTCTTGGTACCCCTCTAGCTAGTCCCTACCACCGACTTG,1338,50.82,Homo sapiens
SEQ_996269,AATTCCCCTGATTTTACTGCCGGCCCCTATCTAAACGCGCGCGTAATGTAATGGAATGAAAGAGATGTCCAAACGATCCTGAATAAGCAATCCGACGGCGTGATTCGCGACTTGCCTTCAGCACCCACTGGAATAAGACGCATGCGTCTTATCGAATTGATAGCCCGGCTGGCGCATTATACCTCCCTTACAGTGGTATGACGTGCCCTGATTCAGTTTGTAAAGTATGCTGGGGGAACTTCGGTTCAATGTGCTGCCGACCCCCACACTCCATTCACATTAGCTCAAGGAAGCGGCTGTCTGGGAATTACCGAGGGACGGTGAGGCGATCCCATATCTATAAGGAGTGAGACTTGAGAGATCGCTCCATATGAAAACCGAGAACAAATACTCCCGACTATATAAATCGACCATATGTGGTGATCAAGATTAGGCAATCGAAACAATATCCCAATCCCTCATAGCGAGGAGTGGCCTTAGTGTGCCCGTAAATACGAGTGAGGCAGTAACGTTAGGATTCGGTTATTCCCAGTGAACATCGGATAGAAGGGGTACGCGCATATCAACCATTGACCTTCTGTCAACTCCGGGACCCACAATTCAAAGAACAGCTGCCTATAAGTTCGTCTCCTATTATATAACTATGAGATTGCCCCCCACCTGCGAGCCGCGAGGACTGAGCCATGCCAATAAACGTTAGTATACCCGACCAAAGTGTCGTAATTACCTTATAATCGCCCACGGAAGGACTTTTGCGCTCGCGGCGGTCCAAATAATCAAGTGCGAGTGCGAGTTGTGCGCGGCTGCGGAGTATTGCTTGGCACATCTTCAGCAACCTCGGTGTAACTAGGTTCAATGCTGGAGACTCTCTGCCGGACAACCCAATGGCACTGCGGCCGAAGTGTAGTAACGTTCCTATGCGTCCAGGCGGTCCTGGATTTTACTCAGCGGCGCATCGACTCGGACTCTTCATCAGATTTCTGGCATTCACACTTTCTGGGCATGCAGTGAACAACGCCTCGCAGGCTGTTGTACAAGGATCCAGGGACGCATGTGGAGTATTTCCTTGAATGCGGCCTGGCGCCATTTGATTATCGCGCTATTTACCTTGGCTGTCTCGCCCGGCTCTGACTGCTGTTCTGAAAAATGTGCGCTTTGTTCGGATGCTTCGGATGTCCGAAATAAGTCCCAGGCTCACGAGAACCAAAGTACGTTCGAACTCCCACTGGTAGTTTAGCCCTGTGGCATTTTCTCGATCAACCTCCGTAAGAAGGTTATCCGTAAGGTTCGGGAGAGCCGGGCAACTCGGGTAAGGGAGTTCCTGCTATGTCCTTTTACCGTCTATTCCCCGAGAGTCATACCGGAATCTCGGGAGAAGGATCAGACGGTCTCCTAGGGGGAAAGCGCCGAGAGCCAAACTACCTCAGATGACGCTACCTCGGATAGCACTCACGAAACTGAAGTCCCTGCGGCGATGGCCACCCTGGTTGATGTGTGGTAAGGGCATCCACCACGTCGAGTGGTCTGTGAATCAACACGTATTGGATGATCGATACAGGCTGCTGTTTACGACATATATCCCCACCACTCGTTAAATAACTGAGTCTAGGCTCCAGGGGGCCAATTGTGTTGCTATCCCAACTGAGCTGGACTCGTCAGTGGAGGTCCTTCCCTATCTCTCATAGACCAACGAAACAAGGAAGCATACACACAGGATAAACAGGCGCGTCGATCTTTGTGAGATGTTACACATACGGGATGATGTGGACCAGAGTTGTATGAACGGTCAAAGTACGGAATGCTTCAGATGAAGACCCTGG,1820,50.71,Arabidopsis thaliana
SEQ_536650,TTATATGCCTTCCGAGTTTATAGGGGGGTCCCCTGTGACCTTTGCTTTAATCTATCACTCGTACGCCCGAGGGTGTACGCCCATGCCACATGCCTTGAGGGTCACGAGGTGTGTCATGTCTCCTCAGGGATCTGTATCCATCTGCTTTTCTACACATATCAGGAAATTAGACAGTTGACTGCGCAGCCGCGGGTTATGACTTATTTCAACGTATTTGCGGTGCGCCAGGACCCCGGTCGGACGCGTAGTTTTCGGCCCGCGCACGTTCAGCGCTGGGAGACACTGTCCTTCTGATCCCTCGCCCTAGCCGCGCAGCGCTGAAGGTAGGACAACTCTATCTCTCAATCGGTAGAATGATCCCGGCGTATTCTGTAGTTGAGTCAGGCTCGTGTAGATTACTGGTCGTACAAGGTACCGCGGTTTAACCAAACGGTAGTGTTTATTGGTAGCGAGGATTAAGTTGTATTGAGTCTCCCTCGCGGGAAGCTCAAGTGAGCTATCAGCAATACAGCATCTAGTGGCTCTATACGCTACTAAGATTAAAACTCGGTCTACTCTTGGTAATCTGCATAGCCGTTGTCCCAGTAGGGGGGAGACGACCATTCTGTTGAGGCCTATAGTCCTCCTTTAATTTAGTCTTAGCCCAGGGCGCGCTAGTTTTCGAACTTATCCTGACGTGTGCCCTTTCCGGCAGAGTAGGTTTATCAGCCGGCTCGTACAGCCGCGACCACTGAATACTTGCGAGGGCCGTACCCCTGTACATGCCTGGTCAAATCATTATACCACGACCGATAGTAAGGATCTAGTGCGGGAACAAGCGATCATCAGCGCGACGCTGGTCTGTCCGAGCTACAAATACCTACTTGTAGGTCGAGCGTAGGCTTCTCTCCAGTTTATACGGGGTTTATGTCTCCCGAGCGGAGCCTCGCCGCTAGTCTCTGTCGAGTTATAACTAGAGCACGAGAAGCTGAATATGGTACCTGAATATCCTACATACAAATACTGGTTGCCCTGAAGTGGGGCACGTCCTGGCTGGTGCGGTGGCGATAACGCAGTTACGCTGACCAGAACGGCGGTCCAGACCATTTTGGACGGTACATGACCATCGTTTTACTTAGCGCCTAATCTTCAGTGGCGTGTTCTATCTGACAAATAGAATATGGGCTGACCGGACCAGGGTTATTGAAAGCAAAGGGTTTACAATCACACCCGTAAAGCATGCCTAAAAGAACAGAGCATTTCTTGACTAGGACGTGGATTGTGACGTCCCAAGCATACTACGCTCGAATAGCGGGTGGGGGGTAACGATGCAAATTCGCGGCTACTCGTACTGAAAAAGTATAAAAGTTCATCACCTCGGGAAGAAAATGGGTGTGGCTGTGCGTATCACGCTAATGGGATTGCATGCAGCGGTAAACCGTCAGGTATTTCGTTACGGGCTGACAACCATATTTGTAAAGCCAGGAGGAAGAAGCGAGGAAATATAACCTGGAGGCGTACCGCGAAACCGTGGCTAGGTGCTGGTTAGCGTTGGTTAAAAAACTTGCAAATGGAGCGCAACAGTATTATCATCCACCTCGTCCGGAACACCCCACGACCGAGGCCGGACCCTCTGTGTAAGTCGGGGCCTCCCAGGAGTTCTTCTAACGATGGCTAGCGTAAATTTATCCCCGTGCCCCTCACCGCGTATTGCCCTACAACCCGTTCGGCCACTCTCTAACTGCTGGTGCTGTACAAGAGTTCCGGTTATTCGGTAGCTTACAATCAAATCTCCCTGGTAACAAACTTTGTTGTTATTGGCCCTGTGTCGTCTGGATCTGTCATTATATTATAGAGCCTATTAACCTAAGGCGAATGAAGATAGAATTCTCTCCGCGATACAAGCCCGCCTATTTTGCAGGCCCCCCATA,1910,50.63,Homo sapiens
SEQ_894309,TTCAGAGCGTTGCCCGGGCTCATGCTTTAGTCCTTGTATTGTGCTGTAAGGGGACCTAAGATCGTGGCGAGTGCGAGTGTTGGTCGCACTCGGAGAGCTGCTCTTTCATGTAGTACTGAAATGCGTAGGCATTTGTCTTGTTTTGAGTGTGCGGCAGTGTTGCAAAACAGCTCCACCTGACTATACCGAGCATTTGCCTCAAGGCCATTCCGTGACGCGAACCTGACACAAGTCAGTGGTGGAGGTAAGCTTATTTTGGATATTGACGACTGTTATGCCCACTATAAGGGATCGGTCGTCCACGTTCTAAACCCGATAGAGTCAAACGCATGTCTCGGCTAGGACAGTTTAGAATATGCCGTGCTCGAGTTAGGACCCCGTCTTTATAAGAATCTCAAGGGCTAATTGAGGACTACAGTCGATGGGAACCTTTGCGTCCTGTCGGGTCTCTCTTTGCGTTACCTGCGTACATTTCGGCTCGGATAGAGAAGTTCGTACGTGGCCCACAGTAAAATGGGGCCTGAAACCGCGATCCACGTGCGAGGATATGCCGTACTCCCGATCACCACGCCTCTAAGTAGGACTGCGGCACCAAAAATTCCGGATGTGGGAGGGACAATGGACTAAGGTCTCCGATCCCGTGCAAGAGGAACACTAGCGGGATCATTGCAAGGCGGCACCCTCAGACCGGTTGCGGATGACGCATGACCCTAACTTGAGCCTACTATGCCACAGGCAGAATGACCAGAAGTGGTAGGTGTCACCGTTGGGCTCCCTCCCTGCGACGGGTTGTCTAAGGGCCTGTAGGTCCAGAAGTGTGCGTGCGATATCGGAGATACTGTCCACCTCATAAACTGCTAACAGTCAACCCAGATATGGTTGGATGCGGA,890,52.47,Homo sapiens
SEQ_555562,CGGGCCGCGGGCGAATTATCTGCTAAGACTGAAGACAACCAGGTTCCATTACTGTTACAACAAGGAAACTTGCTGCGCAGCAGGTCAAAACACGATAAGTGGTACCCGGGCATCGTCAGCATAAGTTATAATGGCGCGTCTCGCATGTCGAATAAGAGGCTTACTGTGACAAGCACCGCATAGGGCCGCCTGCGACTCCACGTGACATTTGAGAGAATACACTCCTTACTGAAGGGAGATCTTTTGGGTTGGCTGAGGCTCGCCCAAAAATCCAGGTATTTCCTTGCACTTGTTAGTTAGTTCCTCATGCTGTTGAATGTGTCCACCTTTTCGGGTTCTCGCAAAGCTATACATTAAAAACGTAACAGGAGGAGGTATTGAGCACGGCGGCCTGACGACACTGAGTTAATATTGATTTTTCAGGAGGCGTCACGCAACTACGCATACTATTAAGACTCGTGTCCATGTCGGCCGGGCCTCTACTGGACAGACTCTTAATATCCTTATTGCTGTCATTTCTCCCGTCGCGTAGATTAGGACGATGACCATAACAACTATGTTCCCTGCGAGCTAGTGAACGTATAACAGCTCTGCGATTATTGGAGCGCAATGTTGGTCAGCAACGTCGGTAAACGCGTACGCAGTGTCCCAGGCTTCCCAATGCCCCACTATCCTGACGAGTCAATCATTGAGGAGAGAGCGTGACGGAGCTCTAGCCGCCAGTTACCTTACACGCTAGACATGCCTAGGCATGTTGAACGCCAATGCTAACCTAATGATTCGGCAGGATGTAAACCTGTGACTAATTTCACTAAGTATCGGATTATGACTGAAACATTGTCCATGCATGCCGGCTTGAGCATTCGACACCGTTTGGCACATGCGAGAGCGGGGAAGGAACCGTTATTCGACCGGTTGAATTAACTATGTCGGTATAAATACCCGTTCGCCACCCGTGGGGGGTGCTCACGGATAGGAGGCGCTTTTCCAAGCCGGGGTCAAGCTAGGTACTTTAGTCGTAGAATTATATGGGCCGGAAATAGCTTTCCAGGTAACAAAGCTCGGCATAAAAACATTCAAGCGGGCACAGACCTATAGCTAACACATGCGGCGCAGGTGGCCCCTTGTCGAAGTTCTATGATTTGCAAACATTCGACCCCACGC,1164,49.57,Escherichia coli
SEQ_786098,TGACGCATCTTCCAGCGGAATCGGCACACTGGCTAAATCACCCGACAGTCGGTATTACTGCCTCCGTCCTCGTGATAGGTCGATCAGGAGCCCCTGCTCTGTAAAGGCCTGTAGTGTCCGTCAGGACTTCTACGACAAAAATCTGGAAGCCTGAGCGAGTCACGCGATAGTAATCCAGTTAAAATACCAGATCGTCACTTCGAATGTTGTAGGGTGGCTAGATTGCGTAGCCAGCACCCGTGTCGAAGTAGCTAGAGGCAGGGGAAGCTTGATACGTTGGGTTGACATACGCGATTGTGGGCACTCTCTCCGGATGCCAAATGCGGTGGATGGACAAGCCTGGCAGACGACCCTCGTCGACATTCTTCTTAGGTCGATCCCAGGCACCGCAAGCACTTCTAAGTGAATAATAGGTGTGCTTGGGGACTAGTCAGATTTGGCAAGTGAAAACTCATTCTGCCATCTGAACATTATACCCCAGACAAGTCAACGACTTAGTTGTTCTTATATACTGGGTTGAACGTCGAGACGAAAATTCGAGGCCACGGGCTGGTCCTAGAACAGACTGCTGATGCTGTCTCCTTTACGCGCCCCGTTACCAGCTTATGATCGTAATCCGCCGCGGCAGCGCTGCGTCCGTATCGGGGAAGACCGGATTCATTGGTTTTGTCCTCTTTCCCACCCCGCCTGGCACTGTCCAGTTGGCCGCTACCCTACTACAGCAGCTGCGTTCCACGCTCACCGGAAGTAACTAAGTGAGCACAACTTCCCATTTCATCTCTGGATGTGGTAGAACTACAATTGAACCTTTACGACTATCTGAGGATTCTTCACGCGTAGAGATATTTTACTATTCAGAATGGGTTTTACGCCCTCGAAGGGCCCTAGGCACTACTCAGCGGGTCCCGCCGACTCATGTGGTCCGGGGAGGCGTCACACAGTTAGCATACGGCGCGGATCTTGCCCGTAGTTAACCAGTGTTGATGGGGCGTCACTCGCGTATACAGCCTGTTCCCGCGGGGCTCGGCGGCTGCCGCACTTCCGGCGTAAAATGAGAGTACTATGGGCGAAGTCTATCGGAGTAGCGAAGGTTTTCCAAACCTGCTTGAGTACCACGGAAATCACTGGGTTGTATGCTGTTGTGTTCTCCGTCTCGTAAGGAAGGCGTTTACTCATCTACCTCGTACTAGTCAAGCTGCTAGTCCCTGTGGCATCAGC,1218,52.79,Mus musculus
SEQ_996700,CCGTTTAGCGGGAAAATCCCAAAAGTAACTTTTATTTGGCGGTCGCGCGGTGGTAGCATCTTCCGCGTCGAGACCTAGTAGCCGGAACTTAAGCCACACTGATGGAATGGGTCAAGCATCAGACCGGAGCCATAAAAAAGGATTCGCCTAAATTGCAGTAAGATGCATTGGCATTCTTAGCTGCTGCGACTGTACCGTTCCGCTGACAGTCAGTTTAGATCTATCGTCGTCTGAGCTTACGTGCTTCCTGGCGGTCTTGTTCGGCACTGATTTCCCCGGGTCGTGCCTTCGCTTTACACTCATGGTGAGCGGTGTCTCCTTGCGATCAGTCACCGTGGTGTTTTGGCGCTCGATAGAGGTTCATCTAATGACGAACGAGTCTGCTAGTGAACTTTAAGGGGCTTTATCCCATGACTATTGAGTGTCTAGATGGAACCGGTTACCGCTGGATTGTTGTCATTGACCTCATAGGGGTCCCGTCTTCTTGCTACTAATCACCGGCTAATCCGTCACTATGCGGATACCCTGCGCACCTACTGTCAACGGCCAATGGGTGGACGAAATAATGATAGATATTTGCGTTTGACTCTGAAGCAAGCATCCCAGCCAAGTCTGAGGAGTGTCATATGAGGTCCGCCGCTCGCTTCGTTCTCTCGCAGTTAATGAAGCGGGCTCGTTTTATTTGCCATTAACGGTCTCCTCAGTCTTCCCACGTAGAAAGTGCTTCCGACTCCTACCATCGACTCCAGTTGAGGCCTCCTTGGTCTGATGCGGTCCCAGCATGCTTTCGCTAGGGAGACTGTAGTTTGAAAGATGGGCTCGAAGGTTATTCGCGCGTGCAATAAATTCACTGGCCATAGCTCAGTGGAGAAGATCAATTTGAGCTGTCTGCGTGCAGGTAACCTAGTCTAGGATACCCAAGCCGCCCACGATTAATTGCTATGTCTCTATATCCCTACGGCCTGAGAACCTAGTGTATACAGCCTCAAGTTTCCGTTAGCAAGACAAAAATATTTACCAGAGGACCGTAGTGTATTCAAATATCCCGACTTGCAGCGCACGCGATGTAAAGACGGACTATGAGTATATCTTAGCGAGGCTTCTTTGCAGATCATGCGGATTGACAAGGTTTATGTATCTTTTGATCTTGAAGATTTATGAACTTTCGTATAGTACATCTCGTGAGATGGATAAGTGTGCGACTCGTGATGCTAGGAGCCCCGTTATACCTTTGAGGAGCTGGACTAACATAGCTTGGGTAACGCACCATGAGCTGGTCGCTATCGAAGACGTAGAGCTCTCGTTAGGGCTGTCTTAGCAATGGATACTGCGGTTCGACGGAAAGATGGGCAGACGCTGCTCTCGTGACTGTTTTCAACGATAGGATCGCGCTGCCCTATTAGGTTGAGTGAATTTATGCTGGAGATAATGAAGTGCACAAAATGGAGTCTTCGAACGGCCGCTAATAGTGAAAAATCGATTGATAATCTCCTTTATAATACCCGCACATCAATTGTTACGCTATGATATCTGCCTTTGCAGGAGCCCTAGGGCGGTGGAGGTGTCTACCCCTATCCCAGCAGGTGTCCAATTAGAAAAGTCACTTTGAGCAGGATCTCATGCGCTATCGGACTTGTTTCGTGTTGCCACACGGCCGTCGCTAATTGTGGCTAGCTCGATACCGTAACTAGGAAGGATTTGCCAACTATACGAT,1714,48.6,Caenorhabditis elegans
SEQ_410905,ATTGAAGGAAAGGGCAACCTCGAATCACGGCGCCCAGGGCCATTGGCCTTATGTGAATCTGCCATCAGACACTAGATCGACCCGCCAACAGGGATTCTATACCTAGCCTCGCTCGGACAAGGACCCGATGGCACAACCCGATCAGATCGTAACGGGTGCGTGAGATGCCGTCCTGAGTTAGGAGGTCCAATGTCGGTCATCGTGGGGTCCTCTATATGGGGGCGTGAACAATCTAGAGTCCTGGGTGGTTACTACTACCGTGCATAAGGAGAGGGTAGGACTGCGGTCGTCATGCAAAGAGAGCATATGTTAGCAGGGGGTGACCTTTTATATAACCAGGTATTGCGCGAAGTGGCAATCTGTGTACCTCCAAAAGGGGTGGTTTTGGTGCCCAGTCCTGCGTGCCCCGACGCCCCGTCCGGATGTTTATGGCAATGAATACACAGGACCGATAAGGACGGTCCTATCAGCAGTGCATGCGGCTGGGCATTGCCCGGGGCATGTCTTTCTCCGCCAAAGGACAACGAACGTCAAGTTCTAAATACCTGCTAACTCGCGACGTGCTTCATGAGCGCGGCGTTCTGTCTAGACAGATAACGAGCAGTGAATAACTTTTCTTTCCAGTGGAGGACGTGGTCGGTGGAAGCCAAAGGTTTAGCAGGACCAGCGTCTCTGTCCACCAGTAGGCACCCCGGGCTAGTTTCAAGGATCGTGCGACGTATCCAGTTAGTGCTTGCGTTGCGGAATAACCCTGAGGAAGACACCAAGCTGTCGGTTGACGACATTCCGCAAGTCACCCAAATGTATGATTTAACCTTCTACTTCCTTGACACGAGGAAGAAACTAGCCTCGAGCGTCTTATATTGGTTAGTCCAGACCTGACCTAGCTCGGAAAGCGCTCCAACTTGAGGTGGTCCAAGCGACTGAGAACGAGCGAGGCTGGCATGGCGAGCAGATACAGTCTCACCCGTCTTGTAGCATGCCAGTAAACGGGCGATGGAGGTGGGATTAGGATTCTTGAGCACGCATATAAATTGATGCTGGACTACCCGCTATCGGGCGTCTTCCTCCCATGTCGGAGCCCAAACGGATGGAGTCCCTACTCAAGTAAAATTGTCCGGAAGAGTTGGTTTGGAATCCATGGTCGCAGATGGTCACCTATTCATTATATTCAATGTTGAAACGCGACCATTTCATGGTTGGATTGAAATGCTGTCGCCTGGAAGTAACGCTTCTCCAGTATTGCGTACCCTACACGGAAGATCAACGTCTGAGCTAATGCCTCTTC,1288,52.33,Homo sapiens
SEQ_937682,TTGTCCGCTTAGCCCCAAGATTTTAAGGACCTATCATCTCAAACGACACTTCGCGAACAGACACGCCTGCCCTAGCCGGGCGGGTGATTAGTTGCGGACATACTGGCCGAGGACGACCAGGACCTCGATTACTGGTCCAAATATGACATAGTACACATATTAGCTACGGTAGTATACCAGCGTTGCATCATATAGGTCCATACTTTCCGTGCGTTGCCTTACCCACATGCACCCAAGCCAGATGTCCGGGACAGTGTGATTTCCCCGATTCCTGTGAGGGATGACCGCCCCCCCAATAGATTGATAAAACGGACGTGTGCGCTTTGAGAGATGACCGGGGACTGCTGCTCCCAGGTTTATCGGATGTCCCGAGAAGTGATACTTCGTTCCCATTCGCAACACATCTTCTTGAACGGCAACGGTAACCAAATGCCATATTCAGACCTCACGTGACCTTACGCCTCCGCGAAGTTACCAATTAGCCGAAGCTACTGAGAGAGTTGTTTGCTGGGCTCCATATAAATCCCCGATCGCTGCAGGCTCGCAGCCAGCCCGTGGGCCCGAACTATCGAGGGGGTACATTACCACACTTCCATTTGATCAGGGGTTTGTGTGATGGGACAGCACTCAAGGTTCAATCTTGGATATCAGTAACCCATGCAGTTACACTTTACGAAAGGAGTGAATAAGCAATCGGTTACTTGTCACAGACCAGCTTTGATGCGTGAATAATTACATGTTCAAATGTTAGTCAAACGCTAATGCACTGTTAAGCTATTGCGGGTTCCGGACCTCCGCAGGGTCTCCTCACCAGTCTCGGTGCCGAAAGAACAGACTCTTTACTGGCCGGTCGATTCTCCATAACTAATTTGACTGTAACTTCCGTTGCTGGCATGCAGACCCCATGAGCGCTTTCAGGCAGTCAATCTTTATCGAGCATACGAAAGACCGTATGGGAGCGTACGTACTATTATATGGTTCAACAGTCAACACGATGTCATCTTTATTACT,1011,49.46,Caenorhabditis elegans
SEQ_550384,TCGAGAGCTATGTTAGGGATAGCTCTTGCCCGAACATGCGAACGTCAAACCGGTTGTATTCAGGTACGGATACCCTGTGTTCCAACCTTGTGATGCCGCTCAAGATGATAGGGTACAGAGAAGGGGACGAGGTGCTTACAATTGCAATCTAATTATCCGTTTAGCAAACGGCTACGGGCCCCACTTCTGGGAATTAGGACAGCTGGCGTGCGGGATGGCCCATGTGTGTGCTTAAGCTGGATACGAATTACTTAAGGGAGTATTGTGCCTAAACAATGTTTAGGGACTTGATTATATGGTGACTCTCTTGCAAAGCTCTCGGTTTCGACCCCTGGAACAGAGGGTGACCAGAAGGATGCTTAGCCCTGAGGGTACGAACCCTATTTTATGGAACGGGCTATTCT,404,49.01,Mus musculus
SEQ_357818,TGCATACCATCGTTCCACAAAACACAGATGCTCGTTCAAACTCAGCGACGGCACTTATAAAGGTCATGACTTAAGTCCAAGTATTCATCACAATGAGCTACACATAACCTGATCGAGGAGTGTTCTCTACGTTCTGGTCAAAATAGGCGTTTCATCCTTTCTGGACCAGGCACACTTTTTGGACTTATGCTGTAGGTCCAGGTGGGTGGGTGGAAACTCCATCGTAGGAGCAGCGGATCGCCACGTCACCCATCCGAGTAAGTCCTTTTGCAGAAATTGAGGATGTCCAATGTATGAAGCCGGAACTACAACAGAGACAAGACCTCCACTCAATCAACTCACTTCTGTGCAAGGGATCCACAACCCTGTGCAGTAATGTTACCTTCACTTAGTGAGTACGAAATCTTAGGAGCGGTCCCCCACGATGAGCTACTATAAATTGAATAGCACGGGGCGACCCAGTGAGGCAAGATGTCCACGTTCACTCTTTCTGGATGGCTACGTAGCAATGGACTAGATTGCGAGATTCATGCATGGAATTGAGACACCTATGGTAAGGGTTTCCTGCTCCTCGCTCCTTGCCGCGCCAAAAAATGCCTATCTACTCGACGTGTATCTACAGAACGCAAATAGATCGTGTTATTATATCTACCTACGAGTCACGTCTGTGCGTGCAGCGAGGAGTTTTACCTGCTAAGAAGCGGCGAGGACCCACCTTAACCTGTGGCGTTGCTATGGCTATGTATAGTCCCGCCCTCCAACTGTTTTGAGCATGTTATGCTCTAAATTACCCGGATCCACGGTCTGGTCCTGGCATGCGTGCGGGGTAGTAACAAGGCTCAGTTGGGTCAAGGATAAAGAGCTAGCCCAGCCCTATTCCGCCCATTGACGTGGGTAAAACTCCTAGATGCGCCCACTGATCTCTACCTACTATGAGAAGGTCGTGGCATGGTTTATAGAATATTATAACTTGGAATAACCGTCACCTATGTGCTTGTGAGATCCATTATTACATGGTGCGTCTGCCCGGGGAGCATGTAGGCGTTCAACGCGCGTGGTGCGCTTTATGACCACTGTAG,1079,48.84,Caenorhabditis elegans
SEQ_759747,CTCTATTAGAGTGGCTGGTTGACAGCTTCGTACAGGAAGTTCCTCATGTAGAACGGTAACAGGGAACAGCAGGATAGTTTCTGGAGTACTGTGGTCGACGGAATTCGATCGTAGGAAAATGTGACGCGTACTGGGCGATTAACACCGTTGCTTAGTCTAAACCTGGTTTGCAGAGAGTGCACATTACCGTCACTCACTCGCGTTAACACCGCCTGTTAAAAAGCGTGTATGGTTGGGCCAAGGCCCAACGGATAGGCTCCTGGTCCGACTCACGTGAACTTCCCTACCTCGAGCCCTCCCGCACCCGGGACGATACTTGGCTATAAGTGTGCTCGCAGAGGGTGCAATCGGAGTACCGGAACCTTGTGAGGCACGTTATCGAATGCATATGCGCGTTGCTGGTGGCATGTTTACTCCCTACCGCATTCTTCTACGTGAGGGTGCACGTCTCGCTCGTTCTTTTCCAATTGTGTAAAGACGTAAACGCTGTGCACGATGGGACAGCTGTTGCACTCTGCATACAGTCCCCTGTGTAGTGACGGTTCTAACACGTCTCTCAGATGACACGAAACGCCTTAGGTCAACTGTAGCACACGTTCTCCTGCCTACTACAAGAGCTTGAAATTGATGATCCTCTAGAGTGGTAATTAAGCCTACCTAAGCTCAGGGACATCTCCAGTAACCGATTAGCATCTGACGGGTGCCAGTACCATCCACTTCGCGGCTTTTCTAGTCTTGCCAAGCTGTAGACCCGCCAGACTTAGAACAATGCAGGCGAAATATTTCCCGTCTGAAAACTGTGAGGCAGAGACTGATGTTATAGGGCCTTACTTTCGTTCGCCCTTGGCGACGAGGCTCCGTACACTCCCAAGGACGGTAGACGGACGAGAAAGTGACTGTCAGGGTGGGTCAACCATTAAACTATAGGAGTCTGCAATTTCCCACTGTCGTATACCGTACTTTCTCTGGTCGTGTTACATATTTGTATGCAACACACCACATTAAGGCAAGGTAATATGTGAAACTGCAGCACTCCGTCGGTACCAACCAGATACGCCCAAAGAGGCTATCGCCAGCCATTGCATTTCTTACCGCCCATGTGCGGTGGTGGGTGAGAAGCACCCTTGTATTCAGTGTTAATGCGCCGCAGGAACTAAGAGGATTCTATGTTGACTCCCATTCGAGAAGAGTGTTTCG,1197,50.46,Drosophila melanogaster
SEQ_969003,CATCGAGGTCCAGGCCAGAAAAGGACCCGCGTCTATACTTGCCCTCCACTACAGAGAGCACTACGCAAGCTTGGAGATAACTGGCCCGAACTCATGATCGGACTTCTTTAAGACAGAAGGACAAAGATCTCGATTGACGGGCACTAACC,149,51.68,Mus musculus
SEQ_553671,GGTTTGCAGCGCCTCCCCGGCGATCCTAAGTGATGGACTACGTACACTTCGATGGCTTAGAGTCTCGAATGCGTGTCAACGGTGGACGCAGACCGGACGTGGATATTCGCTATGAGAGATTATTGATCATATTAATTCGATTCAACCTGACTGTTATGCTCCGGACATATAACGATCTAAAGGGAGGCTGGAGGCAAAAGTGTGATGACACAGCCCCCCGCAATACTCGGTGGGTTCAATGTGTATACTACAAGAACAAGGATGGTGTGTGACAATTAGTTCCATTGGCAGACTAATAAGGGATACGCGCAACATGAGATTCAATTGAACCTTTTTCCGAGTTTGACGGGACGGCTTACATCTGACGCAATAAGAAAAAGCATTCCCAGTAAACACAAATCAGGGCCTATATGTCACTGTTCTATAACCGTCACATCACATGACCGCGTTCGGTAGGCCTTTAGATATTCAGGTATTAGCAGATCTTACAGTTTCGTGTTCTACCTATCCTCCATTTGCGTGTCATATACGAAGAGTAGTGCCGAGGCAGAAAGAGTGTAT,561,45.81,Arabidopsis thaliana
SEQ_576062,ACGAGATCCCTGCCGGACACATAGTATCTTAATTAACCTCGTGTCACCTAACGGTCAGAACTTAGGAGCCGTCTAGCCCGCAGGAACTGAGATAGCCGGCCGCGCCACTCCTGAACGAGCGACCCGATCACCTGGGCCCTCAAGAGATGGTGGACTTAAGCCTTACCACTGTGACTTATAACGCGGTGTTATGGTAGTGTCCGCATGCCCGACGGACCTGGTATGCAATTCGCTAGGCAAACCATGCAGTTCTGTACAATCCAGCAGTCTTCTCCAGACATACAAGTATTTGAAAAGATAAGGTATCGTAGCCCATATCGGTGTGAGTTTGCCGCTCAACCGCGCAGCGTAGGCTTCGATAGCCGCCACCTGGGATTAGAAGATATGGGGGTCTGCGGGAGCTTGTGGTTCAGTTACAGGGGCTACTGAAAGGGGATATCAGTAGAAGAGTCTGCTATATCGGCCGAGCTTTTGTATTCTTGTCAAAGAGGTACTGGAGGTGCTTACTACTCTGGACGCTCACCGAGAAACCGTATGTATCGCCGAGGAAGCTGGGAAGCCCCTCTTGGAGCCAAGTGACGTTGATTAGGGACATCCAGACGTGATATAGTCAGTGCTAGATGGCGGAGCGGATATATTGGTCGGCGCTCGCGTAAGGTGTTCCGTAGGCGTTATCCCCGTCAATATATGACCGTCAGTTTAGATTAAATATCGGGCGGGATCAACGCGGTCCAAAAAGATTTGTCGTTATACGTCTTACAAGCCAGAGTTACGATTTGCATTTGTGATCCCCGCACCCTTGCCGGAGGACGTGTCAGCCGGATAATGGTCAAAATTTGACTAGAGTGTGGGTCAGCCCGTTATATGCAACCGGGTGTCAATGTACACTACCGGCATGGGCTCTTTTTACCTGGCTGCTGACACCGTTAATCGTACTTTAGTAGGGTTTCGACGCCCTACTGAGAAACACGGCACGCCTGTAGCTGTAGAACTATGTCCAGCGTTTCATAACCGAACGACTAAATCTCATTTTGCGGATGAGAAGT,1046,50.86,Drosophila melanogaster
SEQ_228000,AGAACACGTCTATCGTTATCTATCTGACAATGGCCGGGCCACGATTATGAACTCTATAACCGACGAAACAGTTTTTGCGCGTTGTCCGAACAACAAACATATCGTATATGAGCTACAGGTAGATACGCTTGGCGTGTGAGCAATAGCGGACGTCGCAGCGGTGAACCTGCGCCAGCTGAGCGCCTCGCAGACTAACTTCTACCAGTCACCCCGGGAGTGCGGTCGTAATGGGTGTTGGGTGCGAAATAGAGTATTAGGCAGTATTTGACCCCACATGTGAACCAGCAGGGCGCTAGCACAGACTCTACCAATTGCAACAGAGGAGCCCAGAGTGCCCTGGCGGTTCGACTTAAGATACCTTGGCCGACCTGTCAAATACAGAAGGCCTACTACAACCCGTTTCTTGCGCAGCCCGCGCTTACTAGTTGCCGGGGATATCACTGGGCAATGTTGGACGCAACATCATCATATAAGTCTTCACTAAAGTTCGGATCTAGATCATTTACACCAGAACGCACCGAGATTAGATTACACACCGGGCTTACGTGCGACAGTTACGGTGTCATCTTCACCCGTCTTGGATAATCTTTGTAAAAATGTCTAAGAGGGGCACGCCCTATCCCATCTCCTGGTGCGGGGTCGAGACATTCATCAACTCATCTTCTAACAAGTCTGGGGGCGTCAAAGGGTTTATCGTAGAATTCAATAGGTGCGTTGAAGTCCGCGTACGGGTGTGCATGCATTCGTTTTAGGTATTCGATATCCGCCCAGAGCGTTACGACAGCAGATCGGTGACTCTGAGACGGGCTATGCGGCCGGAGCCAGGCCCTCTTGCGTGCGGCACATACCCCTCAACTCCGCCCCAAGACAGACTTTACATCTGCGTGGCGTTTAGTCCGACATAGCTCACTCGTCCCGGTACGCGAATGTACTATTACTGGTGCAGTATTTCAGTGCACAAGCCCTGACTGCTGCCCCGAGGTCAGGCAGTGAGCAGCAACGATGCCAACCAAATCGACACAATCGGCATCAAGGCCATTGTTTGTCTTGCCCCGTGCACTCTGCGGTATCTACCATGTACAACGGCCGGAAGTTCTCTGCCGCTTCGGTCCACTGCCCACTCCGAACTGGTATCACGATACGCCCATGCTGGCTCCGATTCGTATCTGGGCATTAGCGCACACTTTCTGAGTTCCTGGACAACGAAGGCAGTTTGCCTGCATCGATCGACTTGCGTATAACTTCGGCCGCACCACCGAGGCGATGCCTCCCAATAACCACCAGGCACTCCTCCATAACGAAACTACTAGAATCAAGCCGCACGACGGCTCTCTTCGCTCTATGCGCTTGTACCTCCATTAACGTCCGCAAAGCATGCAATGATGGATATGTAATAGTCCCCATACGAACGCAGGTCCTA,1420,52.54,Drosophila melanogaster
SEQ_266763,CGGACGTGAGCGAGCTTCCCTGAGATAACGATAACAATCAGCACTTTCTCGGGCGATTTGACAGACCTGCAGTGGCGCCCGTGGCATCGTGGCGGCGAAAGGACGAGTTGCAGCCCGCGCAGCTAGTCGGCCTGCTTACCCCCCTAGGACGCACGATCGGTGGTCTGTGAATGATCGAAGGTTAAGTCGCAAGATCACTCACCAACAACTAATCTCGCCAGGAGATGCTGCATCGAGCTTAGTCCTACGAGGTGACTTCGACGGATTGG,269,56.88,Arabidopsis thaliana
SEQ_484564,AATCGCCGTCCAGATGTCGAACCTGGCCGGACTGATTCTTCGTTTTGTTAGCCTCAACCGCGCCATATCCAAGAGGATATGTCACGCGCCTCACCCAGACCGAATGTTATTAGCGATCTCTCGGATTTCCCGGCCGCTGTCGCCGAACCCCCGAGCTTGGTTTCAGTTGAGCAAGGGTGTCGTGAGCTTTAGCAGTCCTCTACTTAGGACGCTTTTGGCGGAATCCTACGGAGCTGGGGCCTGACCCGTAGCAAAGTCAAAACTTGGAATTACTTAATGCATTTTGATGTGCTCCTTGAAACCGCCGATCAGTAACTACGGACTCTAGGAACTCCTCCCCCGGAAGGCGGATATCGCCGTGACTAGGGATAATTTGAGCCAAAGGGTACCGGTTGGCGGGGAAGCCGCACGCAGCCCACACAAAGTAAATAGGCAGGTCCTACGAGTCGGGCTTATAGTACGCCTTTCAAACGCGCGTTCGCAGCGTCATCTCCCCGGGTGACCGTGCCTATCAACGGAGTGAAGTCAGCACTACGAGGTGAATCACTCTGTTAAAGTCTACGTGTATGTTTGAACGAAGACCCCGCTTTTGAATTACCAGTTGGGACTAACGGAGATTCGTCCCTGCTCGTTCCCCATGTCTGTGCAGACCGAGAAGGATTGAACCTCGCTCGCCATCGACCAGCTAACGAGCTTGTGAATAGTTCATTTACCAGATTTCTAACCTCGTTAATGGTGCCTAGGTCAGTGCCTCCGCCTTCCTGTGATCGCCGGTAAGATCTTTGCTAACCGGCTTGCTCGTCGAGCTATCTTCTATCCTAGCTTGAACCCCATGAAGAAAATCACAAAACGACGTGACTAAGGGAGATGATGCCGACGTCGCACTGTAGTTGGTATCATAAGCCGTCGTAACTGGGGAGCACCATGAGGCGCCTGTTTCTGATTTATACAGCAGCTAAAAAGGCGGGTGCTTGACCATACGCGTCGAATTTGTTGTACTAATGAAGTAGGAACAGTACCCCACGGTCCTCCTCAGTTGCGGGCGTGCGGGCGTAGAGTAAAAAGAATTAGCGCTTAGTCTTTAGTAATATTTCTGCGTCAATAGCGTACGATCAAGAAAACCTTGTGGTATTTCTATCTGAGCAGCCAGCTCATCACTCGATCAAGCCGGACGGACTTATTGGATGAATAGATAAATTAGGCCGCTCAAACTAATAACTGTCGTGGACGCAAGAGCGCAGGATTGGTCTGCTTTATTCTTCTGCTGGGATAGACCTATTAGACTT,1286,50.54,Saccharomyces cerevisiae
SEQ_372540,GTTGGGTCGTTTAATTTAGCTATGTCATGGGAAGGATAGTCGAGGCTTATCATATAACTGAACTGCATGAGAAACCTAGGCTCGCGATAACTATGAGGGGACTCACCGGATAGGATGAACACACTGCATCTCGACCATGTACTCTGTCAGGCAAGGTGTGACAATAGAGGCAGGGCTTACGTTATCCTAAGTCACCTCAAATGAAGCACACAGTCTGGTCGGTTACTCGGCCCGGACGCAAGGCGTAGGTTATAATGGCGTCAGAAGTAGTTTTGTCAGAGGTGGATTTACTAGGCGGGCTCGACGCGCATAAGGTCACGCCGTCTTGCGAATTGGCAAGTTCTTCATTCATACTCTCCACAAGGCGTAGAACCAGTGTGCTGTGAGTACACAAGATTTACACATTGCACTGTTCGTGTCAACTAAACAGATTAGCGGGTTGCCAGTGGTGTCACGAATTTGCCCTTGGCGGTTCGCCAACGTACGAGAATGTGGTCATAAGCGTATACCCAGTCATGAACCCCCTTGTTGCGATTAACCAGGAGGGAATCCTTAGAACGGGGAGCGACAAAAGCTTTTTGCCTCCCCCTGCCTACCATTACCGTAGGAGACTTATTACCCTTACATGTCCTAACCTGAGAAACTGCACACACTCCGCGAATTTCAGAGACTCCAGCAACGGACTACACAATGGGGAGACAGACAGGGTATCCTGATCAACCTGAGCCGTTATGCCTAATCCTGAGGCCCCACGTCGTTGTTTTACAGAATGCACTACTTCCTCCGAGATGATCTCGAGTCCGT,804,49.5,Arabidopsis thaliana
SEQ_665152,ACGGTCCTTGATACGTATGGCTGATCGGCGACTACCGAGTAATACTGAAGGTTCTAAGGCAGCGAAGCGGGCTCAGATGGACTGGAGGTAGTAGATCCAAATCCGAGGCACACACTTAGGGATACGATCCATATACTGCGTAGTAGTGGCCATCACACGAAATTATATTCTCCAACGTCTGCAGTCCCCCAAAGTAACGCATGAGCGTCGTTATCCATCGCAGTCAGGTGGTGCGTTAACACACATAAAATAGTGGATCTAAGCGTTTGGATACCAGTCTCATAGCCACGGGCTGCCCGGCGCTACCTAGCTGCTCGCAAACGCTGTCTGTGCCTTCAACACCTTAAGATCGCCTCAGCAGGAGATATCGACCTCGGTCCATCAGCGTAAAGTACTGAAACAGAGTGACTCTCTCGCCTGAAGATTCCCTGCCCCCGCGTTCTAGATAATCCGAGTTACAGAAAGGTCAGCGTGCGATTCTCATAAGTCGAACTCGTGACCTTGTTAAGACCTAGCAGGTTCATCTCCTGGTTGGCAGGTCTCTTTATCACCTTCGGTGGACTTGCATTGTTTCGGGCCGAGCCATGTCGCTCCCAGCTTGCCGCGGTCTGAGTATTCGGTGGGTAAAATTCCGCCTGGCCAGCGTGAAGGATTAGTTATAAATACTGCGCGTGGGGCTCAGCGGAGACATGGTAACCGAAGTAATTGGTGCATGGAATTGCAAGTTCCCCTAGGCCGCTCAACCAGGTATTTCATATGGAATCACCATTCGTTTTTGTCCCCTTCAGCACCCAGGAGTACGCCGGTCCAAATCAGCGTAGATTTACCCCTGTGTGAGGCCGATTTTGCATGTTGGTCGTGTGTGCTTAACCGTCTATTCTAACGCTGCGTGCACCTGTCGTGGGCCGACTC,912,51.75,Caenorhabditis elegans
SEQ_442213,AACGGTAATTAGGCCAGATTAGTTCAGGATCCGGCCAGGCGACAATCCTGGATGGCAGTGTCGAACGGTCTGTGCCATCTTTCATAGTAGTACGAATAATCACCGAGTATCATAGCGAGAAAATCTACCGAGTAAAGTCTAGACAAACAAATTATCAATACCATAGGTGGTCGTATTCCAAGTGACTGAAGTGGACAGAGCCGGCACACCCTACCGCTCGAGTTATTGGAGCCATGACAACCGCAAGTGACCTGGATCTGATAGCAGTGCTTCTTTCAGAAGGAGGTGGAGCCCGGGTGGGGGTGATCCATCATCGTTTACTTCGCAAGGTGGTTACCGGGCAAGCTTCTGCTGCGGGTAAAATCACAGCGAACCTCCGGGAGAGTCGCTTTCAATAGTCTACAATGTCGACCAAACTCTCCCACACACTTTGAGGTACGATACCAGCCCCGCGCTTAACGTTGAGGTTAATGCTAAATGGTTTATTGCAGGGAGCACCCGCCCCCAAGGGTTCCCGAGCCATGACAAGCTTTCCTCCTAGCCGAAAAGGTTGTACCACAGATTTTAGAGCCATAATTCGTTATCCTTTAGGCGGACCTGCGCCCATAATATAATCAGTTGTACTGTCCCACGATTGGCGCGAATGGATGTCACTGGTATTAGCCAGAAGAGAAGTAGTTCTAGTCGTCGTAGCAGTCTACTCCCTTGCGCCCTGTTCGATCCACTCTCCGAATACTTGAAAGGGGCCGGATATCCTAGTAGGAGGCTTATAACGTCTATAGTACTGGATATCACAATATTCCTTCAATCACGGTAGTAATAGTTATTCATTCCTGTTAGGGGAGTGAGTCCGGAATACGCATCTCTACTACCCGTTCGGGAATTGGTACTGACGCCCCCACCCAAACTAACCGCCTGGATCACGAATTTACGTTAAGGTTA,942,48.83,Caenorhabditis elegans
SEQ_157946,TTCAAGGCTTCGATGGCCACTTTGGAGTTCCGTGTTCCCCTACGCAAAGTCTGGCACCCCTTAGGTCAGGATCGGCCTTCCGTAGGGGATCATGGAAGTCCTTATAATAGAAAACTCCATCCTATTTACAGAGCCGGTAGGGACCTTGTTCAGAGAACTTAGTCGAGTAACACCGGTTCATAGAGAAGAGGGGCCGCTAGAATGGATGTCGGCCGTGAGAGAATGAATGATTTATGGATACACCACATAATCGCATTTAGGACAACATGACCCATCATCCAAATAACCATTGCATCCCAATTAGGTCAGCTCGGGCACCCATCGGATGTCACCCAATAAATTGTAGGCTATCGTCACATAGCTTCC,366,48.09,Arabidopsis thaliana
SEQ_114174,GAGCCATATCCGAGAACGGATTACCCTCTCGCAACCAACCTTAAGCCACGCGCGACCAAGACGATCTTCGTTAGGCTGGGAAAAGTCCATCTCTTTCCCCGAGGTACCGCATTCGGCCTGGGGGCGGCTAGGTATTGATGGTATCCAAAAGAATTCAGCTTAAGGTGGGCTCGTCTCCTAGCTGCATTGACCAGTCAGGGTACGCTTGTAGCTTGTGCCGCGCCGGACGTCTAGCAACGGTTAAAAGTTGGAAGGTAGGATTCGTCTTACATTACTATATCAAATCGTCGTCGAACACAGTCCACGCTCAACCACGTCGATTGCTACCATGCGCACGATCAAACGT,346,52.31,Arabidopsis thaliana
SEQ_863680,CATAGCCGCGCATGGCATGCTGGCGGCGTAGTTCTTGATGACCTCCGGAGCAACTCCCACTATTCTAACTCATTGTATAACTGCCCGTAGCGAACAGCCCGGAATGTGTCGTTCCATGCAGAGGTCTTCTGTCAACGGTATTTACGTGAATTTAAGACTCCCATACGCCTGATGACATAAAAGTCAAATATACCGCACCAGGCAGTGCTATGTTTCGCGTCGTTGACACTCCCGGCAGCGACAGCTGATGGCCCATGCTGCGGGAAACCGCCCGACGATTGTCGACTGGTAGTATCTCGTACGCTCCCCCACTGGAAATTCCTCTACCGGCGGTATCCCTCTAGCTGAATGCGTGGCATGTCAGCACTCACTCCGATAAAGATGGCGGGTGGGTACGCCACTCGCACCGCTTAGCAATAACCAGGGCCCCGCGCGAATCCTGGGCTGGCGACCAGTTTTATCCG,464,55.17,Drosophila melanogaster
SEQ_656648,CCAGCTACCATATCCCCGGAGGCTTAGCAATTATCAGCTCGTTGCGATCCGGTGCGTTCACAATCAAAAATCTTCCTGAGTGTATAACGCTCTCATGAAATAGGCCCTGGGACTCAGACTTCATAGCTCCCTTGAGAGACTGCGCGCCAGTGATATAGAATCGTGTACTAAGCCTGAGGGGCTTCATCTGACTCTGGCCCTTGTTCAAGAGTGTATAATTAAGCCGGCTAGCAGCGTGTCTACGCTTGAAACGGTCATCACATTTGAAACTACCCGCGTGACCCCTTGGGTGGGGGGATTGTTATGTCATGCATCAAAGGCGGCTCAACGGTAGTGGATGCTTCCTCTTAACCGACTGAATCCGAGAATGTTAACTTCCCCTTAGCCTCGCAATTTTTCCAGGCTACTGGGACAATATTCAGTATGAGATTCGCTACAATCCTAAGCGTACGAGTAGACGCTTGAGAACGCCGTAATAAACCAAGTTGGACGGAGGCAGGTACCGTCACCTGAAGTGTTTCACACTTAATTAAATCGGTCTGGTACTACTCTGTATTATTGGACATTTCTGACCCCTCTGGAAAGTTGCGGCATACCATACATGACCACGAATCACCTGTATGATCAATAACTGGATAATACGAATCATGGATAGGATGAGTTGCGCTCAGTTCAAGCCCGTATGATGACCGAAAGGGGGGTGTAATCTCACCTTGAAATTCCAGATAAATTTGTAGCTGGCTCTCTACAGCAGAATGGCCCTCTCGAAGCATGCATATCGCCTAGTCTGACCAGTGCGTCAACCACGCAAGCATCATGAAGGTCGTGCAGATTCAAACCGAGTTCATAAATATGCAAGCAATGGGCAGTGCGCTGCTTCCTACGGAGTCAGATCCTCGACGGCAGACTCCGTCAACACAAATCGGGGATAAATCTTGAGATGAAATACAGATTTGTTCAAGACACAGGAACGGACGGCGGCTCTGTGCATTCTGTGCATAGGCGCTCTACTTGAGCAAAATCAACTCAGGGATCATCCGCGCATATTATTTTGTCGTGCGATTGCATTCACTTGCGATTTGTACACCCCGTACGTATGATTGTTCTATCGCGTTGATCTTCCCGCGTAACGAGTCATCCATTTGGGAGGCGGGGTGGCCATGCTATTTAAAAGTCGCGACTTCGTGTGGCGAGACGGCCCCCACAAGCACGCGTTCGAATGTGGACGACGGGCAGTGTGTGGCGTCACCCCGCAGCTAGAAAGTCACTCACACGCTCAGTCCCACAATTTGCTACTGCACATACGCATTAGGCTGTCTCCCAGCGTCTGCCTCTGGGCGTGGATTTTGACTTAAAACGAGCTACTAGACTGTTAGCGAATCCAATTCCTGGCGAACTGCGATCGTCCGTTAGGGTTAAGTAGGATTAGTCCTACAAGTATTGATCACGTACCGCAACATTTGGTGGATTGAACTAGTCTTGAGTCGACTGGTCGTAACTCAAGGGATTGTCTCATCATATTCTCCACG,1529,48.86,Escherichia coli
SEQ_605086,GGGCGGCTAATCCGCTGGACTATTCCAGCTGGTTAACCAGAAATACGGGCACTCAAGACTGGGAAAACTCTGGCCTGGCCTCACTTACTACGGGATGAACCTTCCAAGCCCAGCATACATCGTCACGCAGACAGTTTGTGCTGGACCGGAGGTTTTAGTTTGCGCTCAGATCGGGAAGTGCGGTGTCGACACATCCCATAAGGGAGGTACCATAGGAAGCCGTCTACCGGAACGTGCTAACTATTTCACCTGACCACGCGAGACTGCATGTACTCAGCAAGATAGTTGTGCGTCCCTCGCATCTTCAAGACATTTCAAGTTTTGGCTTCAGCAACGACCAAAGCCGCAATCAGGTAGTCGCCTGATACGATTCCG,375,52.53,Escherichia coli
SEQ_472088,GACGCCGCCCTCTCATACCATCTCTTGGACAGGGTTTGTTGCGTGTCTAAAATGGCCGTCGGAAGAGTTTTTGAGCGGTAACCCCACAGTATAACTAGAGTCCCCGTATGTTTTTTTGCTACGTCTACACTCATCTCCAGTCGATAGGCACCGCACGGAGTTCAAGTCACGAGTTACCGCTACGTACTGGGCCTCATATTGCGCAAATGACCCGAAGGGGGGATGTAACGATCGAGAATGCTACCAACAGGCGTGCGGTGGCGGGAGTAAAAAACATTAGTCACTTTAGCGAGGCACCCCCGCTCTCGTCCACAGTACCATTTATAGCGAGGGATGAGGCACGGCAGTTCGCGATTTCACGCGCTATACACCAAAACAGACAAATATTATACTTTTCCACGTCTGCTATGCTAATTAGTGCTAGGGCTCTAAGTCGTCCTCATCCAGGGAGACTGTACCCAAGAGACAGTGTCAAGACCAGGGAATCAAAAGGGATGAGGCATCATTGCGTGCAACACAGGCGTTTGTCAAGCACGGTGCGTGCTTGGTTTGAACGTGGTCCAGCTTTCCTGGCTCCTGCCTCTGCGCTCCGCCTGTGTGGAAACAGGCCGCGATCCCGAAGTGGGGAGTGTAAAACCCCTTCATCTCCCATATTCTTGAAAATCGGAGTAGGATGAGGGCGCCCTGTAGCTTCTCCAACATATGCCTATAATTCAGCTACACCTGCTTGCACCACACAATTGCGAAAACTACGGGTCGTTCTAAGGACTGTGACCGTTAGGCTTCAAGATAGATGGCGGGTACCAACTGACAGAGAAGCGGATCTGGTTGTGTGAGAGCGTTTGTTGGCCGACCGGAATAACTAGGAACGCGTAGCGCCCTCCCAGAGCACACCAGTGGTCGTAGGCGACTGACGTCGCAGTACGACATGAGGGTAAAACCTATACTCTGGCTAATTGGTCGGTCCGCATCAAAATATGAAACGGCTTGACGTCTCTAGCCCGTAACAAAGAACTGTTGTCTGCTTACCCACTGTCATATTAGCGTAGTCTTTCTTGCCCCATTGAGGCTTGAGAGATCGGAAGCATGTGAAACACAGGTATATGGCGCTGTGTCAAAACGGGTGCAAACCTGAGCTGTCTAAGACAGCGTGGTATCTGGAGGTAGGATAAATATGACGGATGTCGATGACGGACAACGTCATTTTCTGATACGTAAGTACCACCTATGCGGCAAGATCGAAAATGGAAATCCTGGTCCATTCATTAGCGCCCACAGTAGTAGGGCACTGTATCCAACCTGTATGAAAGATTGAATTTGGCGAGTTATAAGCCAGCCATCTGTTGAAACCACGCCCCAGCAGTTTCGCGCGGCTCACGTGGCACATTACTTGGTCATATCAC,1403,50.61,Mus musculus
SEQ_536898,GATAGGTGAGGCGGGAAGCTGGAACTTTGGCGCGCCGCGACTCATTAAGAACGAGTGCTTCGTTACCCACGCATAATTTTTTTTGCAATACCCCTGCGACTCATCGCGAGTGCCGCCGATCATGTCAAACAGTCGCAGCCCCCCGCAAGAAGCAATAATAGGGTCGGGAAATCTCCGAAATATTACAGCCCTGTATATTTCGTTAGTTTGGATTGTCCTAAGGGCTCCTGCAGATGTCCTCCATTTTAACGCAACAGCTAAGCTCCAGGAACGCTAGTTAGGAGCCATGATTGAGTAATACCTCTTGATGTCCATACTAAGTTCAGTGTCGCCGACGTACTCAAAGATATATCCTATCGGCGGTCTTCGTAAGCAACCCATACTAACCTAGCCGAAAGGTTTCTGTGTAGCCTGATCTATGACCCCTAGCGCTAAGTCACAAAACAGCAGGGCCTATCTCTCGCTCGACTATTC,474,48.95,Escherichia coli
SEQ_520283,ACAGCGGCGGCGCTGGGGACAAAAGATGGGTTGTTCGACATGGACTCGCATTTATGGTGTAATACATACTCCCTCGGTAGTTGTAGAGCGTATTTGATGTAGAATCCGGCCGGACTACCATGTTAATGACCGTGTATCTGCGACTGAGGTCTCGGACTATAATGGAGAAGGCACTACTACGGCGTGCGATCTTCCATGCCATAAGTGGCGAAACCCAGGAGGGCTCTCCCCGTCGCGTGCTTGTTCGAGCTGAGTGTAAGACTCGACTGTCTAATCCACAGCTGTCACTAAACCCAAGAATCTAATGCAATAGATGTGCACATTACCGGGGCTCTTGTTCAGAATACTACATACAAAGACGTTTTACTCCAAACGCGCCTATCCTGAGGGTATTATCGGCTCCACCTGTGAAGGACCTCAGCTCCGGCCGACCGTCTGACGTTCGCTGCGATACCCAGTAGGACTTTCCAATTGACACTACGACCGGGCAACGTGGCTGAATCTCGTGTATACAGCTTCGTTCAGAGGACACTTAGAAAGTCCTCACTAGTGCGCACATCTCTTGTGTTTTCCACGCGAAAATACGTGGTGTTCAGTTAGTTTCTCGTTTTAGGGACTCTTTAACTTTATAGAGTACAAAGCTAGCCTTCCGGCAAGTGCCCGCAGAAACTAAGGGAGGATCCGGTACCTGAGGGGTCCACAGGACTGCTACAGGGCCCGGTAGGCATTAGGCAGGCTAGCGGCCTAACCGTCACTGCTTACTGAGGGACACCAGCAGAGCGACAGTCGTCGCGCTGTCGCAGTTTCATGGGCCCTACATCACTGCTGCGCCAATGCTGTACGACAAGCCGCTAACTATTCAAGCGGGCTTGAAACCGTGCCTTAGGATACGGGAAAAGATTGCCACTCCATTGCCTTCGGGCGTGGCAAGTACACGTGTATTATACTCACGGTCCCCTTGTGCTCGCCTCGTTAACGGCTCAATCCGGCGAAGCGATTTAAATTCACGTGTTGTACTCCCCGCCACCTTTGAAAACGGAACGGCCTCGTTCCACCATCACTCAGCCAGTAATCTAACCTAGTCTCTATAGCGTAGAGGAGCCTCATAAGTACATTTGGCGGGGGTAATTGGGTTGAAACTACTTGACTGCGCCAACCGGCGCTTTGGAAAAATATTCCAAACTCACCCCAGGTAAGTACCTAGACCGTGAACGCTCGTTATTAATGCCGACAGCTGTGGTGTTGTAAACGATCAGCTCCGGGTTACCCCATGGTCACGACCAGATGATCCGTCTTCCGAAGCTAGCACGTTAACCCACGGCGCACACGAATTTTGACCCTTAATTGAGTAGCCTATTGATCGTCATATATGATCCCTGTCGTTGAACTAATACAGCAGAGCC,1403,51.25,Saccharomyces cerevisiae
SEQ_975130,ACTAGAAGACGTAAGGGCTGTCGTCGCAACATTGTGTAAGCGCTCGGTAAGGCGTCGCTCAGCTCGCGACACGAGATGCTGGACCCCTTCGAATCTTGCCTGCCATCGCCCAGACATATCGATCATTTGCAACGATGTTCCAGCTAGGAAGGCTCTAAGGACAGAATGTACACGGGCTAATGGCAGAAGGTCCCCAAAGTAGGATTATGAACACAGCAACATCGCAAACATACAATGCGGACATAATTGCAAGGCTAGTCTGCGTATATGGAGGCGGTGCGTGGCGTAGCATATCGCCTACACCATTTGAACACTCTAGTGGGAGTGTTAAGACGTGCCTAGTGTGCGCGATCCCTCACAAAGCTGTCAGTCATCAACTGATTGAATGAATACGCTTACATCACGAACTTTTTGTTCTCGGGCTGAATAAGTATAGTCGCGTTGGGTGTGTTGCCTTGATTCTATAGAGGTGGAAGCTGATAATTATATCATGCCCATCTCTAAATTTACGAGCGGGAGAAATAGTCATAATTTAAGGTATTGGGCTAATCCACGATCCACAAGATAAGAGGATCCATTTTTCGTCCAGGTTGCGTCGGTGCACTACAAATAAGCTACCCGGGGGCATCTCGTCCGTTCCGACGAAAGGGAGTCACTGATGGAACCTGGAGTCACAGCCAAGCTTATAGACAAACTTCGAACGTCCTTCGCCTGCTGTCCTATCTCAGGTCTCACCACTCCAAGATTGCCCT,752,48.67,Mus musculus
SEQ_692422,GGGCCACGGTATCTTGATAACTCCATGATGCCGTCATACACTGTTGCAGCTTTGGGTGGCACAATCAATCTATATACTCCTGCGGAACTGCACCAGCATAATACTTGAGTGGAGCTACCCGGGGAAGGTGACGAGCCGTTTGGCGACCGGGCCGAGTAGCAGAAGGAATGGACTATGCTGACAAAACATATCAGTCACCACGCTTCCAGAGGCCGGACGAACCTCGGTCGACAGACGCTAGACTTTTATCGGTTCCGCCGCACGACTTACGAGCAAGATAATACCGATCTGGCATGCCCCTCACTGTCGTACAATTTCCATTATCATGAATCCAACCAGGGTAGTGTAATGGGTCACATAGCGCCAATATTACGAATCGACGTGACTCCCCTTTCCCACGAAGGCGCACGTTTCATCATCGACATGGGCGCTCCCTCGCCATTGGTGGTTCTTCGACGGAGACTCGATGGACACCATGTTAGTTCGATGCATGCGTAAGTTTAGTTGAAAGACACACCCAAAGTGACGGGTGCCCCACACAAGTGAGGGACAAGCTTGTCATACAGCTGTATCTTGATTGAAACGTGGCAGGAATCTCTAAGCGAACCTGGGGGGGTGTGAGTCATGGAACAGTCCTAGATGGGGTTATAATGCGTTTGATTACTGCATAAGTTTCTATATAGGCGCATGTCTGGTACTGGATGTCTTGAGCTCTCGAATGCGCTTCCAGTCCGAGCCTGTATTGCGGTGGTTATACCACACACACTGGCTCCAGCCTTCACGCCGCTACGATCACGAGAGGATCGCGCCCGTCAGACCTACGCAGACACATTCGGGGCTGCCAGGTTCGTGGGGGACGGTCGGAACTAGCATATTCCACTACCTAGTGGGTTGTCGCGACGTACACGGTACGGCTATCTCAGGGCAGGGCCTCAGGGTCTGATGGGCTGGCAGCCTTCCTGCTACTGCCTGCTGCCACCACGACGGAGGGTATATTGGGGCAGACCCTTCCCCACATTAGGCG,1024,53.71,Saccharomyces cerevisiae
SEQ_834172,TCACTAATGGGCCGTCGGTACACACAGTACCGCGAGTTCCAGATATGGTGAACGGAATCACTGGTGTGCCCAATAATCAACGGTGAGATAGGCTATGCTATACTAGGTGCAGACTCCATTTTTGATAATAAGTTGTTACCTCCAGGTGCGTTCGTTGCCCCTTACGGTGATTTTGCTGACTACCGCCAAGGTACTGAAGAAACAAGCTCGGTAGATCTGCTTCTCGATAATTATAAGTGGTATACCTTCGAATGACCCATCACTCTAAAGGTCCGAGCAAGCTTCCGAGTCGATCTGCGGTATGTTTGCACATACCATTCCAGAATGAGAAGAGTTGACCTCCTCAGCTGAACCCTTTCCCCGACCCACTAATTGGTTTACCTGAAGAATACCATTGATGCCAATCTAGTGTTCGAATGCGAGCATGTGGGCCTCGTTCGAGACGAGGAGGTCCTCTAATAACACGTTGTCTCAGCCTTATTTACTGGGCGCTCCGATAGCAGGTTGCAGGGGAACGAGGAGCTTCTCCTTCCCTGGGTATTTGATCCTAACCATCTGAGGAGGGAATTTTCGGGGTGGAGCTTCTATTCGAGTGGTATGCTGGACAGAGTACTTACGGTTCAAATGCACAGACGACGAGTCCAGGAGGGAGGCGTATGAGCCTGATTACTCTAGTGCGTCCGCTGGGGCCTTGGCCCGTAAGAAATCCTGGGTCGTCTATGCTGTCACCGAGTAAAAAGGGCTCCTATCCTAGAGTGCGCGCGTGACAGGTGGCCTTGCAAACCAAGCACTCAGAGCAAGAACAGCACGTACTGGACCTATAGTCGGAGCTTCCGGTGGAATTATGTATACGCCAGTGTTAAACGTTAACCGTGCGGCCAACAAGTGAACCTGGACTCAAAGATGCGTGCAAGGTAACGTCATATGAATGTCTAGCGTGCGGCCAAAGTGGGTTCTATCAAGGCCTCTATGGACATGACGCGACCTGATATCCTATACTGCTCGCAAGTACTCTGGTGGTTTCATATGGCCACGATATCACTATTACGTTGACCGAGGGATAGTCTAAAGTTTGGTATGACATGAGAATATGAACGGCTGATGTACACCCGGCACGGCAGTTAGAACCCGGAAGCTAGAGTTTTATTACTTCAGGCGGACTACCCATTAAACGTACCAAGGATTATGACAGGGTATAATGAGCCCATATATAGGAAGTCGGGAAAGGGGAGCAAGGTTTCAAGCGATTAGAAAGACAACTTGTGCTGCTTACCCACACTGTTCGGCCAAGGTGCTTCATAAAACACTACGACGCTATTATGTTAATTGGCCCAGTGAGACGGTGTGGTTCGGCTTATTAAAGTAGCCTCTCCCTTTTGTCCCACTGGATTGACCAAGGCGTTCGGCGCAAGGTATCGAGCCGAAGCCCCGCGTCAAATTCTTTACAATCTGGCGTAAAGTATGGGCCGTCATAAACGGGTGGGTTATGCAATCTTAAGGCTGATGGGCAACTAGCTTCTTACTTGGTCCAGGCTCCTAAGAGTGACCGGGTTACAACCAGCATCGTGGCGCGAACAGACAGTCAAATGATTCCATTTTTGTACGGTTGGAAGGCCA,1617,49.23,Arabidopsis thaliana
SEQ_538484,TCCGCAGTCTGGCCTTTAAGCCTATCCGCACCTGCATCCACGTCACCACAAAAGTAACCAGTATTAATCGGGAGATACAAACAGGCTACCACTTTATCCGTACACGGGAGGTCAGCAACGTTCACTTAGAATGCGTATCCGTCGAATGATACTAGGTCTATGAGGGGTGGGTAGAGGGAAACTGGTTCGTCCAAACCGCCCCTAAGTGCCTCGTCCATTTATACATGGAATTTCCTAGGTTGCATTCCACGAATGTGCTGGTTTCTAGGCCCCTCTGCCGCAGTTCGGACAATGCCCCATAAAGGCCACACACTCTACTCCAGTATACTAACACTGCTACTGGGAAGCGACCGAACTGAGGCGCCATCGCGCGTGATAGGCGGGGGGAGCCGCGCATTCATCGATAATCTCAGTGTGTGAAGAATTAGGCCGAATTTCTGAGTGGGTTGTACGCAAATCAGCAAGCTAAGTGCAACGAAAGCCATGTGTCCAACAACTCTCTAGTCATTGCTCGCGGTCAGAACACCAAGTTTTGCTTGGCCCTCAACTTCTATAATCCCGTCCGATAACGTTGTACCTCCGGATACATTTGTAGAGGGAGTTCAGCGAGAACTACACACTGCCGGGATTTTTGCAAGTGTCGTCGCTTCCTTCACAAGAAAGCTTTTGAGCTGCGGTTGCCCTGTATTTCATGAACTTGCATGTGTTTCTATACGGTGGCTAACTGCACTCACTCGTGTTTCCTCGAGTACCAGCTATTGTAAGAAATCGAACTGTTGCCTATACCTCGGGTCCCCTAAACCTGCGCTTACGTTGACAAACCACGAAAGACGATAAACGTTACGTTCCCAGTAACGAGTGGGCGGTTGTCCTAGCGTCCAATAATGTCACTGGCAAACTAAATATGCATTGTTTTATATGTGAGATTTTAGCTTTTCCCTAAGGTCCACTGATTGTGTGGTTTTCTCCCACAGGTAGTGTCGCTAGACGCTGCAAGCGACGCGTACCGATGCGTGAAAGCATGCATTCCTACAGGAAGCGGGTACAGGGAATGTAGTAGATAACACCTAGTGCTCAGGGTTGAATCTAGCTTGCATGCAACAGATGTCAATTGGTAGCTGAGGAGTTCTATATGCATCCACGTCCGGCGGACTCCTGGCCACGCGGGCGTACTCGGACGATGAAGGTCGACTACCGGTCCCAGGAACTATGGCTTTAACCGACCGGTTCGCAAGTTAGTAGTTCCGTCTTCCGCGTGCCGCTTCACCTCCATATAGGCATGGCTCTTTTATAAACTTATCAAGGTGGAGTGGTCCCGAAGGATAGACTCGGGGCGGAACCAGCCATCCGTATGAGCGGCTTGAGACTAATAATTGAGTCCACGAGACCTTGAATCTTAACTGTCACTTAGAGCGGCTCACGTTATCGACAACTCGGGTCTACGTTGGCCGCGTGGTACATCAAGGGATTGTTATTACTTAGTAAGTTTTGCCCCAAACTCGACATGCTGGGGTACGGTCCAGTTGAACGAATCTAGTTTCGAGGACGCCTGCTAACCCATGAGTTTTAGCCCATCGCGAGTAAGTGGGACTGCATCCTAGGCTTCGGCACGAACTACGCACCAATCATAGTGATATATTACTGAGTTGCGTGTACGGCCACTTTGCAGCCCATAACAGTATCGACTTTTGTAGCCAGCTCGAGTTACTAAACTAAGCCAGCATGAATTACTAAGACTCAAGAGAAGGCGCCGGGATCACGTTTGAAAGCGTTGCATTGCCGTAAGGCTAATTCCCGCACTAAAGGCCGGGTCCCCTCTAGGGGGGTGCACAGGGGCGACCAACAACACGTGGCACGCAATGTAGGTCTTCGGACTTCGTTCAGGAGATACTGCTCCACGTCAGTAATTGGACAGTCGCGCAATCTTCCTTTCTCAACAGGGTACAAGCCGAGTTAC,1957,50.13,Drosophila melanogaster
SEQ_452968,ACTTTTCTAGAAGCGCAGAAATGTCGCCCGTTGTACGGTTGAACTCTGTGTATCTCCGGCGTAAGACATATGGTTGCTGTCGGGGCGATATGGTGCTTTTTGTAAGGAGACTGCCCCGCAATGTCTGGGACGAGTTAAGGCATGCTCCCGATACACTTACACGCTAGACTCGGCCGTCTCATTTACTACACCATACAAGATAGACAGACGGTAATGCGAGCGCGAGCATACCTATGGTAAACAAATTCTGCTATGCGGTAGTTTACTATGTCCGGCTGCTAGGTGTCAGCCTAGACTGCTCTAATGTGCCCGCAGAGACTGCAGATGACGGGGTGCCTCGTAGATTAATTTGTGCTCCTTTCTCGAACCACAGAAGTGAGGCAGAATACACTCGCGAAAGACTCATTCAATCAAACATCTACGTTCCTAGCGGACGGTTCTATACCGATGTCGACTGATCTTGCTTGGGCATTTGCCGAAAGACCGTTGGTAGTGGAATATGCACCGCCATGAACCGAGCCAGGCGGAACCCAGGTGAAACGAACGACGTCCGAAAGCGATGACGACCTTCATATTCCGCCCGACTTCACGGGGCTGGCAAATCTAGAGTCTTCAGACGTCTCACGGACACTTATGATGTTACATCCCATAGGCATATTTGCACTCAACAATTGCTAGCAAGGACTGGCCTGCAATGCGGCTAGGGCTTTGTCCCACAGCACAAACTGACTCTGCACAAATCCGTGCCGATTGTAGTCTTGAACGGCCCAGGTGTTACGGCCAGCTAACGGTTGGCTCAGTTGCAGACCAAGTATGTTGCCTGCATGCCCTTGTAGTCGACGGTCACTCCTTGAAGTGTGCGCGTTAGATGTAAGTTAGACGCACGCTCAGCGCTTGAGTACTAAGGGGGTAAAAGTGGACAAACCTCGCCGGTCGGCATTTCACGGCCGAGCTCCGAGAACTGCAGGAGCCTCCGCAGGTCACGAAGCATGACCTGTATTGCCACAAGACGTCACTGAATAAGCAGCCGCCTGACGGTGATCAAGATTTACTGGCTTCGGCGGCGGTTTTTGATGGATCTGATGCCATTGCTGACAACAATCATGAGAGCCTGCGCTGTTCGGGCAAACACACTCTCCCCATGTATGATATTGGGTCTGATTGCATGCCCCGAGCAACATCACTGTTATATGTATGAGCCTGCATCTCATAAAGCCACAGATGGTTGCCTCGACCTGGGGCTAGAGAGCGCTCTTTTTAGAGTCCTTTCCGGTACCGCTGCTCAGAGAACCTGTAATGAAGGCTCATCCCCCGAGTAGAGGACACAACATGTCCACTGCCGTAGAGGGGGACGTATCGGGTGGAGTTTGTCAAGCCTGAGCCCACGATACCAGCGTCTAACGCTCGGAGTTGTACTTTGATCACGGCTATGGGCCATGTGCGCGTATTAGAGGGCGAAGGATGTGTCTATTGTAGGAATACGTGGCTCGGCCTTGTTTCGCTCTTCTCTATCGTTCCTATGCATCGAGTGCTAGTCATTAGTACTGATATTCGCCTCCCGAAGTCATCGCGAGTGACTGGTCGTCACGCGTGTCGCGTTCCCAGGAAACGGCTAGGTCCGCGTGTAGCGGGAACTCTTAGTAGGAGGTCCTTGCTGTAAGTGACATAATACCGGAAGGACGTTCCTGGCACGTCGCCACGTCCTCAGAGTTGGAGGCTTCAGTAGATTGAATGTGGTACCCACGTAATGCCATAAAG,1758,52.1,Escherichia coli
SEQ_994118,AAAACTATGGGGTCATGTAGTTGCAATACAGGCAGCTCGTCAACCAAACTATTAATTGAACGTTATCACTTCAACCTTAGCACGCTCTTACCGATTCTTGCCTCCATATGGGTGAAATCTTTACCAGGGTCAATGAGATGTCACCAAGTCAGCCAGTGCCTAACTTCTGGTTTTTGACATCATCGTCTACAGTAAGTTGACGTGGGACCATGCGATTCCGGGCGCTACTCTCGTTATAAAGAGTTTTTAGGAGCCACGTAGGGTAAGAGGCCACGGCGGATTCAGGTTAGACCTGACTTTGCGTTACTCCTTAATTGTCTCAGACTACAACGGCCTGATCTAATCTCGCTGTTACGACTGTTGCATATCTTCGGAACACCATCGAGCTGATCGCACCTTAGGTAAAGAGCTGGGGTGATAACAAAACCCCGGAACGCACACTAATCACACTTCTACCGAGAGAAGGGCCTAACTATAGCTGGTAGCAGCTAGGCACACAACTGTGCTACCTGACCTTGTGCCTGCAATCGAAAGAGCCTAGGTTGGTCGCCAGGCCGGAAAGTCCAATGGGCCCGGCGACTACTGCTCGTCTCCTTACTAGCCACTCGGGTCCCCGCCCACATAACGACAGGTGCTTTCCCGTTCAGTGTAAAGCCACAACTGTCATTAGCTAAACGAGTCCGGAGAGGTACAGACACACACATGAAAGAGAAGGTATGGCGCGATATCCAAAACGCTACAGTTATCACTTTTGTGTAACTATCGTGGGGTTGGCTATGATATATATGTGTAGCGTCCTATGTACGCCTGTAGAAAAGCTCTCCTGAGTCAAGGGAAACCACTATTAGCCTGTTGTGCGGACAGCTGCGATCGAAGGTCCCTTCGTCATCGGCCAATTACGTGGAGCCCACGGTGGCTCGGAACGCTCCCACACGTATAAATATGAATGATGCCTCTCACCCGGAACACGAGGCGAATGTACGTACTCACTCATAAACGCCTGAGGTCGTTTATCACACTTCTCGTGCATCCATGGTCTTATATACTCAGTCAAGGCAAGGGTGGCCTCTGGGCCCAAAGGGGGCAGCACAGTCCGCTGGCCCTCAACGTTGTTACACTCGTACGTATGGGTCTGGTGCTATGACGCTTGAGACAAGAATGCGGCCGCGAAGTGATCAGTGTCTCTCACCGCGACACGTACTCCTGTTCTCAAGAACATAATGTTACTTGCTCGACACATGCATCCCGCGTCAGTAGCTCATTTTTATCCGTACTTGGTCGGACGGCGTACGGTCAATGAACTGTCGTGGAAGATCAAACTTAAAACTCCGTGCGTGGTGCGTGAACAAGTGTCGAAACTTGCACAAGAGTCCCGTTCACGCGCCTGCCTTTTCGCGTTGTGGGAGACATATATACGGTCAGCGTCTGGTATCAGCGAGAGTCCTTGCCCTCTGATTCAAGCGCAGCTTATAGTCGGGAGTTCGTGCTGTCGCGGGTGTGGGAGGAACGGCTTATCAATTTGGTCTAATGCATACAGTACATTCAGTACCCGGGCAATACTAAGTGACGAACCCGGGGCTAGGAGTGGCGCTCTATCGTAGGAAATATAGTCAAGCCGAGGACATCCCCGCACACAGAAGGACTCGACGGCGAGGCAGTAGTACCTCCAATTCTGAGTCTGGTCGTTACTCACGATGCTGATATAAAAGACATCGGCCAACAGATGGGCGAGTGCTTCGCATACGGCATAAATGCGTTCGCTAAACTTCATGTCAACAAACTGACCGCGCTTTCCAAACGCCTAGGATTCCCCCGTTTTCCACGGAATGGCCTGGGACCCTGAATGTTTCCGCCTTGCGTTCAGCTTAAACCTAGAGCCTGGACTACCAACTCACAGGCCCGGCGGGTCCG,1911,51.13,Mus musculus
SEQ_599576,ATAGCACGCGTCCGACCCGTGATGGGTCACTCACTTGGCCATGTATAATGGAGCCAGCAATGAGTAGTTCGGCCTTTGGCCGTTCCTTTTCAAATCAGTAGTCCCGTAGGGGGCTCAGTCGGTCTCATAATAGTTTCGCACCTGCTGTCAATCCAATGCTTACGTGAATCAAATTCCCGTCAGGTTAAGGAGCGGATATTACCGCTATAATCAGTGACGTTATTTCGTCTAGAACATCTATCGAATCGGGTGAGAGTCTTGCTCCCTACGCTACAGATGGGTCGTGGCCTTATACATGCTATATATTCGTTACAGACGCAGGGTAATATGTCTTTAAGAAGTGTGATTGGACATGCGGATCGTTCCGCTACGCTGGAGTGCGGGTCCTCTCCTTTCGTCCATGCGGGTTTGGTACTTCGAAAACACCACTGCCTCTGTACTTATTGGGTGCTGTGTAACAGTATCTCGATGGTATTATACTACTCCTCGCCCCCGATCAAGCTCTGTGAGTGGCACTATTAGAACCGTGTAGGGCAGACTGTTAACGTGTGACGGGGCATGAACT,565,49.03,Caenorhabditis elegans
SEQ_750386,CATGCGATGCGCCTCGTACTACCTCAACCCGGCGAGGCAAAGCTGTAGGTGGACGCGACACCTAAATATTTTCGTGTCTCCACGCCAACGTTTCTGTTATTATATTACTGTTAAGTCACCAGTCCTGTAGGTGATTCTTTTTGCAAGACCTGTGCGTGGTGCGGCGAATCCTCGTAGGCAGCAAGGGTGCCGGTGGGCACATGAGCTGTTACAGCGGCTCTGAGCGCGAGACTACATCGAGGATACTAATGTTCCAACGGCACTTGAGTAGTCAATTCTCAAGAGACGAGTCCGAACTGGATTATCGCCAACGCCCTGATAATCTCGTATAACATCATTCGGTGATAAATCTTCGCAAGACGCGTCAGTCTAAATACAACCACGAAGCTGATGACATCAGTTTCGGGTGATATAATTGCCTATCTTACCCGAATATAGCACAAGTACCACTAATGCCGCAGTCGATGTGTAATCGCCGGGGAGTTGAGTTGACATGGCTACCAGGTCCCTACGGTCACTCTAGCATCCCCTTTCTGGCCTCATCAAGTTTGCGACGCATATCCATAGGTGTGGTAGTTAGGAATAGGACCCCGCGCGTCAGCCTGAAGAAACGTCCCGCCTAAATGTACGATAGAGCCGCTATTATGGGAGCGCTTCGAAGCACACATACAGTAACAATTCATCACTGTTCCTTCGAGTACGCTCTTTCTAGGTCGTTTAAACACCCGGATATATGGGCCCTAGCACGACAGGGGCGTAGTCAGCTGGCAACGCGCGGCTTGATGTCTTTCATGTGTATAAGTTTTTAAAGCAACTCTAATGCTTGTTGTTGTCCAAATATAGTATCGTTGTACCGGCGGTCCTTCCTTTGCCACGACCGACGGTAAGGATACAACGTTCCCCAATTGATTCTATGATGCAGTGTTGGTTATTCGACTTATCGATGCTCTATTATCTTAAGCGGGTAGGCCAATGTACCCGGGTTGGTATACTTTGATAGCGCGAGGTAGCAAGGGACGTGGGCCGTTTTTGATTCACCTAAACCAGTAGTCGCTCATCGGAGGGTTACCCGTTGGTTGTAGCACCATATCGGGCATAGCAGTAGATCGTAGGAAGGAAGTATTACCCCAGCAGGTTCTACACATGCACATAATGACAGCAACCAGGACGCCTGGTCGGCACACTCGCCCCTCCCAGACGGTTGTCGGGTTACTGCGAAGGCCTCGGAACTCACGATCGCGCCCTCGAGGTCGTACTCACTGCCCCAGGGAGCCTACCAGCACGGTTACTAAGTGGGATACCATGCGGCATTTGGAGCCAGGTGTGGACTGAGAACTGAAGCTTACTCTCAGCCGATCGAACGTTGTCCATCTTGGATAGTTTTCCCACACTCTTGTCATATCTGGGATTCACACAGACAAAGTCTCTAACGCACACTACTCATCTTAGCTTAGAAAAAGCTATATACGTCGAATAAGTATGAGTGGTCAAACCCGAAAAAGTGTAGGCTTGTTACTGGAGATTTGGGAACGTGATTAACGTTGCCTTATCCGATAAAGGGAAATACATTTTGGCATCGAGTCTTTATTGCACTACACATGGCTACCTAAGTGTGCCTAGTACCAGCTCCCCCCCAAAAGGTACTAGGACTCTTGTCCTCTAATATGTTTCGCATTTTTCATACAATCCTTCACACACGTATTTTAACTGAAGCCCACACCCTCTGCGCGAGTGCTCTGAGAGCCTTCGCCTAACCATCAACTACACCTAGCATAGTTTCCTCTCTCAAGTCTGAGGCACAGCCTCGTCCGGAGAGTCTTGTCCAAGATGGACTTCACGCTGTTTTGCCTTACAAATTGAACGAGGCGGTCAGCCCGCAAAATGTTCAAGCAGTTCATACCAGAGTGTTCCTGTATGCGCAACTAATGTTTCTGGATCCCATTGACTCTCCTAATTTGTATTGAAGCGGCAAATTG,1976,48.79,Escherichia coli
SEQ_566269,CTCAACCTGCAGTTACGGGTTCTCCCTAAACAGACAGCTCCAAGTGGAGAACCGTATCTCGGATTAGAGAAGCCG,75,52.0,Mus musculus
SEQ_128561,GCTATCATTAATCCTATGCGGCTGGTATAGCATGATTCCGCACTAATAAACTCGGCGCGCAAGCACAGTTCTAGGACTCCAATTTCCAGCTGGCCGGATTGGTCATCGAAGCTAGCAATGTAGCCCTTCTCCGTGGGGGCGCATATAACTAGGAAATAAGTTCATAACCAGCTTGAGGTGGAAGAAACAGCCCAACAGATTTACTCCTGCATTCGACAGGACCTTCTAGGCTGCGTATGACTTGTCCCGGTGCAATTGCCGTACTCACGGACTGGCCGACGTGCGCCAGACTGCATAGCTGACGAATTTAAATCAAGATACCAGTTATCCAATATACCAAGTTTCGTAGCCGAACCTATATTACCTAATCCCACGTTTACTTTAATCGGGTTCTCCCCGCGCGTGTAGTGAACGCTCCCGCTAAATCATTGAAGCAGTTAGGGGGCACTGGTAGGTACCTCGTGGCGATTTTCGCAGATCTTAAGCCATCCAGGACATCTTGGCCCACCTATTGCCGGAGCACCAGCTTACGCCCCCCCGTGGTCTGACATGGGACCATACGGAGCCTCGAGAATTGGATGCCGAGGCTTAGAACCTTTGGGTGCATGCAAGTACTCCGCAGGAGTTGGTGAGCGCCGCCACCAGGTTTTACGCCATGTGTTTCCCGGAGGATAGTCGGAGTACTAAGCTGACTCTGCGTGGTTTTGCCCCCTTCATCGCTTT,723,51.87,Drosophila melanogaster
SEQ_251829,ATCAACCCAAGTGAGCTACAACTTTTCTTCGTTGAACTGCCTGAATCTGAATTAGGAGTCACAAACGTCAACGATAGCAAATCCTAGTACCCATTAAGGGTGGGTTATATGCTACATGGAGCTCAGTTCGTGGCTGGCCTAAACGAATCGCGGCTTGGACGTCCGAGCTCGGTCTTAAAAATTGCGTCCAGGGACGTACAATTTACTAGTCAATCGTCCCTCGACGTCCTCATAAATCCCCACGGGAGCCTTCTCGAGCG,260,48.85,Caenorhabditis elegans
SEQ_703668,TGGGACTCCATCACGCCACACCTGACAACACGTGGGATTGGAGTCAGTGAGTCGCGGGAGGGACTCGGGCTCTCTTCTATTGCATCCCGGGCCCCAAGCATTGAGGTCCATGGTTTCGTCATTGGGTCGATGGAAGACAGTGTCCGGCTTGATACAACCGGGGATACATTCTCGGGGTACAGACGTAACGGATGGCATGAGGGCATATATGTTTGTCGTGCAGGCACAAGAACTCCAGCTAGAACACCTAAGTAAGGAAGTTCCAGACCGCGACAGGTAACCCAGACTATACGGAAAGCTAGTGGCCTTTTACACCCTATGTTGTTGGGTGCGTACTTCTTTCGGCGGGCAGCTTCGCCGTGTTGGCGACACAAAAGCCGGGCACAGCATGTCATGCACCTCCGGGGCGGGTCCCTAAGGAGAATTGACTTCGTTGGTTCCTTCGGTAAACCCGGATGATATGATGTAACTGAGTGATCCGATGGTTCCGGAACGTTATGACAGGTTACCTCCTGGAATAGGGCTAAGTATTTTCTTTATCGAGACGTGTAGATTTCGTCCGACCGTGAAGCACGGCCTGGTATGGACAACGGTCAGGGCTGGACCGGATACATGTTAGGATATCCGGTTGGATCGTCATAGAGAGCCTACACCAGGAAAGTTGTATCGTTGTCAGCCTCTTTGACCCTAACCACGGCTATGCAACTGCTTCC,713,52.88,Saccharomyces cerevisiae
SEQ_208412,GGCGTCAGCCGGAGGGAGTTTTTTGGGTACTCACTCGTTAGTCCCCTCGATCATCGTAGAGATAGTGGTACCCAATTACATTATTGACCGCTTGTAGAGAAGTTCAGTAGAGCTATTATTAAATGCGTACTCTTTTGGAACTACTACGTACTGCCATCATCTGTCCCGTATGATACCCAGACTCGCGAGGTGACTCATTTTTCAGACGTGTGAAGCTTGAAATACGAGTAACTCACCGCATCACTTGCTAACCCCCACCACGATTAGGACCTTTCCCGGCTTAAAACCTCACCTCTTGGGAGAGCGTTTCAGCGTGCGCCGATTAACGCGGCGTAGTAATTCCACACGAAACGTCTTACAACCTCAGGTTGTCCAGAACGCCCTTTGGGCCCGTTTTAATTAAAGCATATCACTGGCGGGAAATCGATTCGCATGCGCTTTCATCATTACCTACATGATGGTCTCGTACGTCAACGAGCACTTCGCCCATCTACGTTACCTTCGTTGTTGTTAGAGTACAAACAAACTGTACCCGAGAGGGACTAAACAAGTTTGTAAAATAGTCGAGAGGCATGGCCCCGTGCTTACTGGTCGGGAATGAATACATTGAGATACGGAGATCGAGGAGGAAATGGTGTATTCATAAAAATAACGTCCCGTGGATACTTGCTAACCTAGTGGCCTATGCGCGTAATTCTCTAAGGTCCTGTTCTTCTTCATGATCACACACGTGGGAGCTCCCATTTTATTAATGACACTCATACTCTCGTTAATCACCGATTCTGGGTTGCACGGAATCAGCGGCGCCACGTTGATAGTCAAACCAGATTGGCTCTCATTATCTCAAGCAACCCATTTCGGCTGGCAAAGTCAGTGATGCCCCACACTCACTTGAGCCTCGCTAACTATTCATCGTTAACTCCCTCTCGCACGAAGACAGAGCCTGAATTCCTAGAGATGACTGGTAGTTCACTTATAATGTAGTGCCATCAAGTGACTAGTTCAATGTCAATATGTGGCGATAGCTCGACTCAGATTTCAAGGGTAGTTGATCTATGGAATAGTCTGCCGACCGCCTCTGTACCTCCAGCTTATAGAGTAAACGTAGGGAGCAAGCAACGCGGCACGATGTAGACCGCAGTGACATCTTTCTCAACGCTGGCGTGGCTTATGTTCTAGCCTGAGCGCTTGCCGCCATGGATGAACATAATCAGCCTTTGCAACTCCTCCCTCTTAACGTGGCTGGTTGTGCGAATATCACGCGCAGGTGTGGTAATAAGATCTGTAACGGAAGTTGCCTTTCGCGTCAGCTCGTGACTCTGCAAGCGGGGTGGCTTTGCAACGAATGGGCCCGGCGCCTAATCTATCCTGGTCCTCAAAAGTATGAAAAATTACCAGGTCATTTTCGAAGACTGAAGGAAAGGCGTACACCATCCCGATTCCCGCTGTCACTCCATCACACATACTGGTCTAGCCTACGATTTCATCACGTACCATGGGTGAGGGTCCGCCAAGGGGTACGAGCAAGCTATCCTCACTTTGCTGTACTGTGCTGAGAAGCTAAACGAGCGGGGTCTATCATGGGTCTACTCACCAGTAGGGGGCGAGGCTTCGCGAGTTAGGACCTGACGCGCTTGGACATTGATGGCCCCAATGTAAAGTATGATTCAGATTCTGAAAAATCTTTAGTAAAGGCATGTCTGGACTCTCCCGAACGAGGCCGTGGTCTATGCCTCTCATCCGCTAATCTTTGCACCTATGTCATCCCATCCCGGGCTTGTACCACCCTCCCGGTTTTAGCGGTTCAAACTACAGCCCTACTGGAGCCGGGGCATAAGACGTAGCTACATGAGCTAGGATATGTCTCGGCGCTGATTCGGCCGCCCCTTACGCAACTCTTGGGGGGATAATACCGCTCTAGTATTTTCTCCGAGTTCTTTCCGTTTCGGCTGCACGGGTGCAACGCGCAAGAGGGCACCTGTCTGAGTATTCAC,1994,49.55,Escherichia coli
SEQ_322431,GAGCCACCATAGGATCTGTCAGTTAGGATCAGGCACTGTGTCTCTAGCAGGATCAACGAAGAATTACGCTCCTCGTATGCTGTTCGACGAATAAACACGGAACCGTTGCAGGGTAACATGCTGACGTCCCCTACGTTTTCGGAATACGCCAGCGGGCGTCACTCGCGTCCCCCTAATGGGCGCGTTGTAATGACTAGCCCACTAATGGTTGCGCCCGATGTATCTTTACTTTATATCACCATTTTTCAGTAGGTCGCTAGAAGTATGCCGTGCGCCATATTGTAGTTTGGCTCTTAGAAACGTTCGACAAGATCTGACGCTGTGTTAAATCGCAAAGCAATCGAGGTACCTTATAGAATCCGCCGTGGACTGGCCGTACAGGAGGAATCCAAACCGGACATGTGTGTCTATTCACCGTGCTAATTTGAGCGCACTGAGTACATCCCGCCCCGTTTCGACGGCATGTAATGGTGTAGTATACTACCTGCCTTAGGTTACGCGGTTACATGCGTCACAGACGGGCTTACTCTAGTATTGAGTCAGCTTGACCGCCCTTGTTTCAGTCCAGTAGCATCCGACTAACCTGCTTATAGTATTGGTCATATTCTAAGTGGGCATTGCGCAGGACTTTGAAACATACCTAGATACGTGTGATGGTTTACCGACGGTTAGAAGAGATCAATTTCTTCCACTTAAGTGATTGACATTGTGATGATCCGTGACTGAGGAACGCTAAAAGAACCTGCTGGCGCGGCATCTTAGATCACCGGGAAACAGGCGGCTTGTTAGGGCCGCCTT,798,49.12,Escherichia coli
SEQ_592292,TGCTGCCCCAGATGGTTTCAGTAGCGATAAACCCCATGGAAGCTCGACGATTAAACGCAAAGTAGGTCGCCCCTTCTTGCCATTTATCTAAATCGGCTTTTCTCGGTGAAAGTCCATGGTTGCGGGCACTACGGTAAACCGCTTGTATTAGGACCCGCGATGGAGAGGATGTGAACAACTGGGTAACCGTCGCCTATTGACAAGGCCTAATGTTGAAGAAGTCATATCCGCTAGGAGAAACTCGGTTGTCCGTGGAACTGCCGGCCGACTGTCCTCACCAAATTTTACTCGGTATTGCGCATGGGGTTGGACGATCCCTTTCGAACTTATATACCCACATGCCACCTAGAAGGTGTGGACGAATCCCCGGATGGCGAGGCTACGACTTGTTTAGCTAGTCACGACGGATTTCCAGGCAAATGAATTTCGAACGTTAGGTGGCCAACGCGGCCATTTTTACATCTTCTACTAAACGGATATCCATTGGAACTATCGCACTCACACGGAACTTTTACGTGAGGTCCAGCGAGTTGACAATGTTTTAGTAAGCACCTTATGGGGGTACCAAGCGCACTGTTCTAGTCCCGGCAGTATTAGGACGTCCAAATCTTGCTGACCAAAATCCACGGTAGAGATTCAACCCCCCTTCCCTCAGGTCAGCACCGGCTCAGGTCCGGCGGATAGATGACAGGCAACCACGGTTTGAGTTCTGTTTCTTCTGCCTGTCTAGTGTCTATATTAGCTACTCCAATTAGCGTGGAGTGACGTCAAATTGCCGACTCAGAATAAGCAGTACTGAGAATTAGACAGATTATACTATGTAACCGTGAGTTGTGACCGCGCTCCGTTGCATACTCAGATGCATCTCATGTACCCGGTATGCACTACGGCAGTTCGGCATGCAACTAGGCAATCTCTATTCGCGTTGAGCGGATGCTACGTTGTCCCGGAACATAAGTCAGTGCTTAACCGCTGCAACCAGAACCGCGCCGTGAGGCTGTATGTGTAAGACTCTTCGTGAAGTCCGTGACGCCTCACATGCAACAGTGTGAGCACTCAGTTCTACGGAACGGCTTCGTTTGGGATAGAGGCAGCGAACGGCCTTCGCTTTCAGGTTAGTTTGCATGCGGAGCGGGCCGATGATGCGCAACGGTTGTTAACAGTCACCAGAAATTTTACTCGCGAACAAACCGGATGATTGCAAGGTCTCCGATTGCACACTCCCGCGCCTGGCAGCCGGTTAGAAAGGTGTTGTGCGCGCCAGCAGAGTACTGGCCGCGGCATCGTCTCCCAGTGCGACCCACGGATGCTCGCACGTCCATCACGCCTCGACTACTTGACCCGGCTATGTGTTCAAGTACCGTGCTTAATTGTAGATTATTGCTCCTGGCGGAAGGTTACTCTGACATCTGACGTTGGTTAGTGGAAACACTCGTCCATACAGGAGCCTAAGCCCGCTCACATTGATGTTCCGCCTTCTCTCGAAGATCTGCAGAATCCGGTAAGTGTGCCGCTCGTAACCATAAAACACCCTCCAGGAGGCCTGTCCGCCAGGTATACTATAGTATCTTGGAAACTTCATGAAGGGAAGAAAGTAGTCTAGTCATACCGTTATGGTCCGTTTGCATACACTCGTGTGCTTGTGGTTGTCGTTCATGAGAGCTTCAATGCTATAGGCTTGGGAATGAACACACTGGTACATGCTTCGCTCCAAAAGACCCAGCATTACCACCTGGGGGCACCCATGGAGCTATAACCTCAGA,1763,50.99,Caenorhabditis elegans
SEQ_363076,TCATGGATCAAGGCTTCAGTTAGGGGGAGGAGCCACTTGTTTCCCCAGAAGAATCGCTGAAGGTAGGGCCATCCATATTAATGCAGCCATGCACGAGAAGGCTGTCTGGATGAAGAGGGACCGCTGCGTTGCATGTCGCTTTGAGAGGCCTAGGGTGCGGTCGCCCCGCGAAAACCGAGTATCGAACCTCCTATGTAGTCAGACCTACATCCCACACGAACCCAGTAGTGTAGAAGCGGCGTATACCGGTAGCCTTATGGGAGCTTCCAACAGCATTCTTAAACGGAGACTATGACGTGCGCTTGGACCCCTGCTCTATTTATTGCTCGTAATCTCAAGACAACGGGAGGACAAGGAAAAGATCCAAACATTGAGGAGTTCCCTCCTGACAGGATGTTAACTAGCCCGGATTAGTCCAGCTCGGTTGATGAGAAAAGTGGGGGGAAGGGACGAGCCGGCCTCGACTAAAGGATACTCAAAGTCATTACTTCC,492,52.03,Escherichia coli
SEQ_324872,ATATCTGGGGGTAATATAGACGCACAGATAGCTAGCAGTGATTTTCTTGTTAATTGCACGAAGCGTGCATGACGAGCAAGCGTCGGAATGCGCCCCCTATGTTATTATAGACTTGAAGTTAGTTGGACTCTACTTGCTCTCTTAAGGCACCCTAATATCGCACGGCGTTGGAGGGGTACTCAAGGACTGAAGGTCAGGAGGCTATTCGCTTTGGTTAATAAGGGCTTTAACCGAACATTCCGGCCTCCCCTTATAATTGGAGTATTCTTAGTCGCACGTTCCGAAATAATCCGAAGAAGGATGAATTTAAGCCTGTCACTGGGATGGGGGGAGCCGGTGTGAAAATCCCCTACTCTTCTGCTGCAATGTTGCCTGACAGCTGGTGATCCCATATCACTACATTGATTATTCCGAAATCCTAGTCAGAATTGGTTATTGTCTTGTGCCTTGTCTTTAGGCTCGGTATCTTCTCTTGATCTCAGCCACCGAAGAGGCTGCCCAGTTAGTTTAGTATCCATTACGAGGATGCCAGTATTTAGCAAGGATTGGTTGACGCAGTGACAGAGGCCGTAGCTGGTACAACCTCAAAAGCATGCTAGACAAGAGACTTCCTAAGTTCTTGCACCAA,628,46.5,Caenorhabditis elegans
SEQ_546279,CTGGTTTGGGCGAATTGACCGGATAATACTAAAGCGCATGACGGTTAGTGGATGATACCCCCATAATTACAAGGCCACCTGGAACGCGCACACAAGCGCCTCCGGATTCCACACACGTTTACCCCTTTCGCCGGTCGAGATCGTTTTCAGGGGAGAAGCCTTTAACTACTGGAAATATTTGTCTGCCCTAAGCGCGGGCCCTCCTTTTAGCTCGTTCAGGCAAGAGAAGAAGGCTAGTGTTTAAACTACATTGCATGGGCGAAAGAGTCAAGTAGTCTGGTATGAATCGCCAACCGGGTATGTTATTCACGTCGCGTTAGTCTCTGTCTAACGACATTATAACTACCATCGACGGAGCCTGACAAGCGTGAGGCCAACAGGGGCGGGCCGAAGGGAATGAGGGATGGGCTGAACGTTATACTTATAGTCCCCAGATTGCCAATTCTAGGGCAATCCTCAAACCCATAAGTTACTCGCGGCCTCGTCGATACGCGACCTGCGTGTCATTTGCTTCACTTCCAAATTAATATACTATCCCAGGGGGCCTGGGTGCCGAGAAGACTCTAATCCCAGTAATGGACTGACTTGGCCGAGGTGTTGGCGGGTAGTTTGAAAGAGTAAAAACCAATCTTTCAAAGTCGAGGGTCTATGGAGATAATTAGATGTATGATGAACCATCTACTGGTTTTCACTATCAGATGAGAGGAATTAAACATAAAAGGCCGAGCTCCACTATAGGTGTGAGGGACTCTTCTAGTGAGCATTGTGTCAGGACAGATCCAACTCATCGCATTATTGTCACCAATGAACGATCCTGCTGGGGACACTTCGGTAGGGCGGTCCAGGTTTATGCACATTCAAGTGTGTGTCTGATGAGCGTAGCCGCAGGCTTATCAGGGTAGTCCAGTGGGAAAGCGGCAGGGTGCGCAGTCGCGTGCCAGA,942,49.79,Mus musculus
SEQ_210047,CTGGGCATCTGGGATCAAACAAGCACAAGTTACGCCCGGAAACCTATCCACCGGCGCAACAGAGCTTGCCCGTACACCAATAACAAAATGTCAAAGTACCGGCCATGAAGGTGCATCTATGGCGCGTATACTCATCCTAGGGGGTAGACTAACATCGAGGACGTGTCTTATCAGGGTTTCCTACAAGTGTCGCATCCATCCAATTTTCTGCAATACCCCCCGTCGACGCACGCCCGTGCTAACTTGGATTAGCTTTGACGATCTATATCGGGATGCTTCCTTCAGCGTTCTCCACCACCTTCATCGGGAGTAATGAGGGGGAGGTCCCAGAGGCACGGTTGGCACGAAGGATAAACACGTCTTCAGATTAAATTGCATATGCAAGATGCCACGGGCCTAGGTCCAATATGCTTTCGTTCCCATCGAAGCCACACGGCACGATGGTTCGTTTACGCTAGAGTTGACGGGACAACCTCTCTCCTAGATCCCATGCAACGGTACCATTAAGGTACCTCCCAGCCAAGAAGTTCGGGCAAGACCCAGGCGACGCTACGTGGCCGACTTGATGATGAATAGTAACTGTCCATCGACCGGTCGAGCTGACATGTGAATTGTGACTGCCCTTCATGACGTCGCGCAAAGGTGATGTCAAGATGACGCTGTTCGACTGGTGCTGGCGCTCAAGGATGATCTCCGATTCACGGTATCGCCCTTCACGTCAATCTTTTGTTGGACCGCAGGACGTGGATGTTAAGAAAGGGGGGGGCATCGGAGCCCATGGCCATGGGACAGGCGAACTATCCCGCTTGGCCGCAGGTTTCAGCATCAAAGGGCGTTGGTAGACTGCCCCTGATATGGCCTCCGCTATAGTTCTACTAGTAGCTGCCAGGGCAGCTGGGTGTACCACGAGCTCGCTGCGGACGCCATCGAATGATCCGTCCGAGAGTCGGAAGGTCCCCCCGGTGTATTGCCGGAATTGACCCTGGGGATGTGCTGGGTACACTCTAGAGGCCAAAAGAAGGGAGCACGGGCCTCGCTTCAATTACCTGGGGAGGCAATGCCACCTTTAAGTGTGGATAAAGAATCCATCCGGACATATTACTTGGTAAGGTTGCTAGTCCTACTACCCTTCGTGATATTTATTCTCGACAATGTTCGTCGTTTATGCAGTTAGCTGTCATGAAATCCGGCACAGTAGATAACTGGCATAACTATACTTTAAGTACGTGGTCGTATGTTGTAGGAACTTTCTGATACTGCTGTGCAGTGAGGTTATTCTTTGCCTCGTCGTACCGGAACTATTATCGTTCCACCGTTGAGACGTCACTCTGTTTGGGGCTGGCAGTGCTATTTGTATCTAGACATTAGAGTCACTACCCGAAGTAGTTGAGGTCGTAGAGCCATCCGGCCAAAAGCCAAAATGGGGACTTTTAGGTGATGTTAGACCCGGGCACGGTCGCATTCAAGGTCTTCTGAATCATCCTCCCACTGGCTTTCTTATCTCTCGTCACGAGCCCGTCCCGGTAATTAGACATTTCAGCAGTTAGCACAGGAAGACAATGTGTGTAGAACTCAAGCCGATGCTAATAATAATGTATGCGAGGTCGCCTCAGGGATTCCGTTGACAATTGTCATAAGGGTTCTCTCAAGGTCGCCAGGTTATTCGCACGCTGAAGTATGGTACGAACGGACAGGTGTAGTGGGTTAAGAGCCAGGATGAGAGCCTCGTAAGTATAGATAACCAACTGTTAAAACAACTCGATTGCTCAGAGCGACCTTATGTTTGCCTGCAGATGCATCTCAGACGACGCGAGACTGGAGTAAGAGGTTCTATTCACTTACTTTGTGACACGTAGTCCGTAGTCAGTGTACCTTCGAACCTACTTAACCCAGCAGCGATACGAGTTTGTTCTGTCGCCGTTACCGAACGAAAACGAACCGAGTGGTTTTATCCTATCCCCGTCTCATACGTAAGTCACGGTCGGCCTCGTATGGAAGTG,2000,50.85,Arabidopsis thaliana
SEQ_170892,TAAGCCGGCTTTACCAGCCGCGACTCCACGTTACCCATACACCGTCGAGGCACGGGAGGCCACATTTACCCCAAAAGAGACCTCTGGCGTGCTGAGACGGGCTACGTGGGAGTTCCCCCAAGATTTGGGGTAATAGATTTTCCTCCAAACCCAACGGTAACTTCAGAGGGTTCCTCTGCGGAATGTATACGCCTTGTCTTCTGGTCAGAGGGACTGCGTAGCGAGGCGATGTTCGGCGGCCTCTCAGATAAGATTAGACGGACCTCATACGGAGAACCTATCTATTAATACTTCAGTGCCTAACGACCATTGTTGCGTATATTCCACAGGATTTGAATGCTACTGCTAGGACCCAACCTTGATGCTCTACAATGCGCCACCATTTTGACGCACCTACTATTGGGAAATGTCACTGAAATGCTCAATCCGAGTGGGAGCCGGCGCCCCACCGTCCTTATGCACCTTGATCAGACTGGCACATAATGATTGGTTAGGAGGCCTTCCACGATTCACCTCAGCGTTTGGGTGGGATATAGATGTGTCGTAACGCTGGCCTCTTAATTCCGCGCGTGTGACGGATTCACTATATAGTAGTCGCCGGCACCCACGACTGGAAAGGTATTTCATTGATGCAAAATTATCGCCCGTTAACGCGATCTCTCCCGTTTACCGCTAAGTGTTGGGTCTGAGACCGGAAAATGCAGTTAAGATGTATCTAGTCATTCCCCTCGCTATCAGAGCTGAGCACCTTCTCGACCCTGCAATTACACATAACCAGATGGTGCAAAAGTTGATAGTTTGCCGCCATCGCCTTAGCTTGCTGATAATGTGAAAAGCGTCTCGAGCTATTGTACGAACTGGTAGGATGGACATCCAGGTTCAGAACCGATCGCGGCGTCGGATTTGCTGAGGGACAATCTAATGCGTTCTGGGCAACCATGACCCCCACTAACTCCCACTACTTCAACTAACGGGCGAGGACCGAACGAGCCGTCGGCCCAAGCGCCGGTTCACCTATTCTTCTACTAGCTGACGGATGCGGCAACGAGGACCATCCAAAGCATATATCTTGGGTGTTCACGAACTGCGAATACGGCCGGAGTCACTAGAAATGCTGTACCGCCTTATCCCAAGTGTTATACTGAGTCATATGGTGGCCGGGCAGTAATAAAGAGCTCCCCTTCTCCATGTCAGTCGGACATCCTTTCGCAATCCGGGGCGTAGAAAAAAAGAGTGCGCCCT,1242,51.37,Escherichia coli
SEQ_821872,AAGCTTTACTCAGTTCTCAGTTTTTGCCGCCTGTATTGAGAACGAGTCATATACTCGCTTTAAGCCCTGCTGTCCTACGCTACCACGTACGCGGACGTAGAGATCAATGGGTAGAAAGTGGTTTTGGCTCTAGACACCGTACGGAGTGGCTTATCTGTCTGAGATCGGCTAGGAATCCAACAGGCACCTTGGCATGAACATGCCAGTAACACGCTGA,217,49.31,Mus musculus
SEQ_456303,TCGAATGCGTGAATATGTCACGTATCACGCGATCATAGGTGTGTATAGATTGCATAAGAAGATGTGAATCACTACATGATTAACTCTAACCCTGGCGAGAGGTGTGGGCGTCTCGATCAGACTTGGGCTTATTATCGAATCCGATGCTTTCGAGATTGGCAATGCTGCCCTATGGGCTTGCGCGGCCTATAATGTATTCTACTCACCTGTTTTGATGCTGTGATGAGTGCCTGCTTATAGGTATCGAGGGGCGTTTTGGCTGAATTTCTCAGAAGATGGCTCCAACTTAACTGGTGACTAACAGTGATGGGGTCTCTATATTTACCTTGACTTTCGCATTACCACCCATCGACTGAACAATTCTAAAGTCTGAAAGTGTTGGGATGCATCTTGCGATTTCGGTTTATATAGATGATCGAACTCGATAACCGCATGCGGACACGGGCAATTCTCCACTACCGAATGTGTGTAGCCCCGCTGCTCCCTAAACTGTGACACGTCCGGGTACTAGGTGCCCGATGGGAACTCTAGAATTTCTGGTCTTCTTTAGATAAAACCTGAGGCCATCATCCCGCTCTGTTCCCAGCTCTATAACAGGCTCCTAGGCCGCTAGCTGTAGTGCTAAAATCTGATGCCTCGTCCAGAGTCGATTTAGCACAAAGAGGGTCGAGATTCTATCTTTGACCCTCCATACGGTCGTGCCTCTAAATGGCGAATCTACTGAAACTACGAAGTACCGTATCCACTTTCTACCGCGCGCGAATTAAAGAAGTTGCTGAGAAATGATATATCGTTAGATGCATCTGAGTCGTTATACGCTGCTCATAGCGCCTGAAATTGAAGGAATCAGGAGTGTGCGGTTCTTAAGCCATCGCTAGGAACTGAATTTGATTTGGGTAACTTCACGATCTCCTCGAGGTATCGATGGACGAAGGGATTCGGACTGGGTCTCAGCAAGCTAACGTATCCTACCACGCCTTATCCAAGTGCTTCAAGTCGGGTGGAGATCGATCGTACAATCCGCCATATGCCGTTACAGGGTTGGACATGGCGTACCGATTATAGGATAATAGAGTTACGTGCATTAGGGCTTTGGTTTAGTGTACCTTGCGTTACCTCTTCTGCGACCGGGATCTAGCCCGCATGATAGGGGTCCAGTATAAGACACCCGGCCATGGGAAGAACAACCGTGTACCTCTCAAGTACTGTATCCCAATCAGCATCC,1225,47.67,Caenorhabditis elegans
SEQ_768628,TGGATGCCTCCCGACGGAAACCACGCACCACCACCAAAAAAGGTATACTGCGGTGTAGTACGTAATGCAGAACGCAGTGAAACGAGTAACTCGCACCAACGCGGGACTCCTTGCGCCTAACTTATTAGCGTAACCCGGTGACAAATCCGGTGCCGAGTCCCTCAACCCGTAAAGAGCCCTAGTGTGCTCAGTTAGTAACATACGGAAGCCGTAAAAAGCTGCACTCACTTATCCGAAAATTTAAATGTTAGCAATGATGCCAGAACGTGGTCCAGTTCCGGACCATCGCTTCTGGTGTCTGTTTCGCCCCTTAAATGTCGCGGCTTGATTATGTCGCTATGTCAGTAGCCGCCTGCGCCATTCGACTGACGCTATGCGCTGCTCATGATGTCCAACCTTAATTTAGTTCGCACTCAAGGTAGTCTGTTACCGCGGAGACATTTAATTGACGAGGCGTCCCACGGCGTGAGCCCAGCAACGGGTCGCAACTGCAGAAACTACAAGTCTACGGCGATTGCTCTCCACTCATACGTACTTCCTAGGCGAGTGCATTCCCAGAAGAGTGAAGCCGTTAGTCGCTTGTCGCTGCTGAAAGAATTGTTTTCTGTTCTTCGGCCGAGCCTTATGGGGGCGCATATGTGGTTTAAAGTTCTGGTCCCCTTATCATCTTGTCTGGACTAAATAGAACCCGAACGCGTCTTTGAGCATAGCGCTCGCATAAGTTTAGCTGAAGTATCCGCGCACAACGCTGCTCCCATTTCCTGGGTGTTGGGTATGACTCACCCCATCCCCTGCGTGAGTATCGACCAACACCAATATGTCGTCCGGATTGCCGCGAGGATATCGTCTGCCAACATAAATAACCGGAATAGGGTGTTGACTAGGTGGGACAACGGGGGTGCAATGAGATATCTGTCTCTCTCATGTTCCCCGAAGAAAACGCACACCCGGGTTGATCAATTCTCGACATGGAGGGCAAAAGGAAGCGCCTGCTATCTATCGAGTACAGTCCTCATCAGCAGGGGTTGCGCCCATGTCCGAGACCTAAGTGATATGCGACGCTAAATCGCGCACCCCGGTGTGACGTCTGCCTGCTATCATAAGCAATTCCTGTGGTGAACTAGG,1125,51.64,Arabidopsis thaliana
SEQ_825292,TGGTCTTGGACTTTATGGTCTATGCACCGCTTAACGTAAGCCTGCAGATCTAGTTCGGATTGGTTCCCAACGCAGTAGGCGGGACCGCAAGTGATGGCGGAGCTGCGGAAGCGAATGGGGTTCGCATACTCCTGATATACTAATGGGGAAACGCGCGACTTCGCACCGACAGGAGGTTCAATCGTCGAGTCCCTTACCACCTTCCTATTTCTACCCAACGAAACACGGTCCACTTTCGCAATTAGTGCCTACAAATCTGAGTCAATGGCATACTATAGAAGTGTGATTGTCTATGGTAGCACTTTCGGTGTGACCTCCGCGGGCGCCGATAAATTGCATACAATTCTCGAGCGTCGATGCTTTGCGGCCGGCCCCATAGATTGCCATCCATTTAACATCTTCCCTCGTACCAAAGGCCTTGCCATGATATAGCGAGGAGAGCCCGCTCTAGTTCAGCGAATGGACATTGATTCATTCCGGGATATGACTTGAGGCACGATTCCAGCGCTACAGTCCTCGGCCGCAGGCAGCGAGTGACGCAGAAGTTGGTGTGTAATATGGCCGCGACTTTTTAACATCTGCCAAGGTTTATGTACTATCAGGTCCGTCACGGTTGCTGAAAAAGCCCCTCGACTGATATCCCCGACTTCCTCAGCACCCCCCATACTGATTGACGGGATCGTCGAGCTATTCACTGCTAAGGTGATGGACGCATAGATCGAATTATGGCGATGGTGTACTGACTCACGGGGTTACAGCGTGTGGCCAATTTGCCCGTATAGTTTGGGCCCCTAGTTGGCGCAAAATGGGACGAGGTAAGGTGCATCATGCCGTAAGCATATGGGACTCAAGTACTACGCGGTCTAAACGCAAAAAGAATGTGATCTACCGCGTGCGGCTTAGATGTCAACGGCTACCGCGTTCACCCAACAATCTGCGCTTGTAACCCAAGCTTCCGGGGAGAGGGGTTACGAATCCTTGTCCGGGCTATCCCAAGGGAACAGCAGAATCCTCTAACCTGT,1022,51.96,Saccharomyces cerevisiae
SEQ_379322,GCGCATACCCCGTTCAGCGGCGCCACTCAACGGCCTACCCTTACTTTCGATAGTTGCGATGCGAAAGTGACCGTCAACAGACCCTGTGGCGACTGCAGCCGGACAATCGCCGCGAGGCAAATTAACCCGAAAGGAGATTGACGACATCGAGGTGCCGGCTTCCTCGTTTGGATACCGAAAGCTTAAGTGGCCCCATGCTACTCAGCAATTGTATACACCGAGCATTAGAGGCGAGTAACCTGGCCCTTCACATCTGCGACTTTGTCAACTGTTCTGTGCGCTGGCCTGCCGATAGATCGAATACACTCCTAAGATACCGCTAAACAAGCACACCATCTCGTAAGGTCTGCTCGCGTTGATAGGATGACTATATCTCTCCACCCTGCTAACGCCCCACAGCTTGGGCGGGCTACTACATCCCCCATACCATCGGGTGCTGGGTTTCAATGCGAACCGCACGCAGCTTAGTAGCTCTCCCTAACGCTACTCTTGCACTGTACCTAAGATAAGAGCTCGGCTCCCACCTCGGACGAGCCGGGGCCGTGGGTGCTTGTTGAGGTATACGTGTTTTAATACGATAGGGTCAGTCCAAACTTAGGAGCGTCACCGATGTCATCGCATAGGGGAGACTAGTGACACAACTGCTGCAAAGTCGGTGATTGCTGGCGCAATGCATTTCCTCTCGCCATGCAACCCAGGAAATTTTAACACTCGTATATCACTTTGACGAGAGGTAAGGTTCTATAGAGGTAAATGGCCGAACTGCTATTAGAGCGAACAACCGCAGGCGGTGGCATGTATGTCTTCGATAGTCACTCTGTATTGTTGCCTCACGGGAAGCCAGTGATATTATTGCGTGTGAGGCACCAGCTAAGCGACGGGAGAAAACGGCCTCCGGGAAATCATGCTAGTGTAGCTGCCTTCACGCCAGGGGATAAGATCGCAACGGTCGGTTCAATGTACCTTTCCGACACGTGGTGGTGATGACAACTCCGTTTATTGATGTACGTTTAGGCGTGAGGCAAGCCCAAAGCTCATAACCACACCGTGATCGCCGGAAGTAAAGTATTGCGCTTGGAGTTTAGTTGAGCAATTACATACATTGCGTTGCCAATGGAGGATATGCTCTGCGTAAAGAGGTTAGTTCTACAAGCCAGATACTTGAGTTGCGTAGAAAGTAAGGTGTCATGAAGCCTGGCCGGCGACCTTGATTACCCGCGTGCCCCACGAAAAGCACCAAAGAGAGGCTACCTCACAGACGCACGATATTAGTATAATACCTAGGGATTCCTCACTTAGCCACGCTGACCTCAAAGGTTACTATTGGCGCGATAGTTTTTCTGTTATCTCCTTGTGACGGTTGGGACGCCCTCTCACGAAATAGTTGGTAAGTACCCGATAAGTCACTGGAATAGGAGAACATATTGTAAGATTCCGTACTTGATTATTTCGGCTCACTTGACTCAGATCACCTCTATGGCAGCCCGGAGCTCGAGTCCTGGATCGTGAAGG,1512,51.06,Arabidopsis thaliana
SEQ_321664,CCTTTCTCGTCCACAGAGTACGAGGTCCCAACCTCGCGTTCATTACCTAGACCTAGCATGTCTTTGATGGAGGGGACGGCCCAGTCGTCACGGGACCCGTCATCATAAGATAACCGACGCTATACCCTCAGAAACCGTAACCTCAGGAGAAGAATGACAGTCTAAATTCATTCCATCACCCTCCGTCGATGGATTTGTTCCTCCTACCTAAACGCCCATCACATGGCGTACTCAGTTCCTACAATCATTGAGATAGCGTCGGGGCGCTAGAGGTAAGTTAACCTGCTGCGTGCCAGGCGAGAGGAGTGATCCCGTGCCATAGAAGTGTGACTTTACGCAAATAATTGGTACCGGACACGGTACTGCCTCGGTTTGACGGGGGTGCTCGTTAAACCGGGTTGAAGACCCACGACGATGGACGATCCTTGTAATTATAAGGTCGTGGGAACCCCATGCGTGAGCGCTACACCCCAGGGGTATCTACGAGAAGTAAAAATAAAGTAGTCTGGCTGTATTACAGGGGATTGGAATTCGCTCTCAAAACCTGACAACACTGATACTCACCACAGCAATTTGTGATGCGGTTACACAGTCCATGGTTTAGGGAGTTCTCTTAGGGTGGTGCAGCCGCAGACATGGTTGCAAATGGCGCTGCATCGTCACGTGTCCGCTTTACGGGCGTGAAGTTCACGTGGCGTATCGGAGTAGCTGTGGTTAAGACTCCTGTATGTACCATCTCGCGCACCTAGTCCTAATCGTGGGGGGCCTGCCTCTCGGTTACGATCGGATCAGGGTGCACCGGGTATTCCCCGCCATCGACGATACGGAATGGATCAAGGTAGAGCCAAGGGTGACATCTTCCTCCCGACTAGAGCGTGGCTGTCGCATTATCGAAACGATGCATTATTGTGTCTGTGTTTAGGTTGCAGCCGGCAGTAACCCCCATACGCAGAAACTGTCTTCAGTATCTGCTAAATCAGGTCATTTTATACCCTTCAGTAGGAACTTCCACGCCTTCTGAGCGACTTGCATTATCGGTACGAGGATATGCTAAATCATTTATTAAAGTCTCCTCTCGATGTAAAACCCGCTGCGAAGAGCTTCAGCAGACGTTCTAGGACCGTAGAGAGTTTATCGGTACTTCGTCCTCGCTGTTAATTGTCATCATGTTAGGAGGCATTGTCTTGTGGGAAGCTAATGTTCCAGCACAGGGTTAAATTTTCGGGGTGGTGTTCGGCAAGGTGACGCGGGAAATTGACTCTTTGAGTTACTGCCACCATGCACCGGTCGCACTAATCATGAACAGTGTCCTACTCCGCGTCTTTGGGCGGTATTGAGTGGTCT,1344,50.74,Escherichia coli
SEQ_764572,AGTACGATAGTCGGGGGAGAATCTGATGTACTTTAAGAGTAACATTCGCGTTGGATGGCGGTGCGCTTACGAGGGTTATTTGCAGAGGACGCATGCGGGTGTTACCAGTGGACCGATTAGTCGCTATAATGGGAATCATATGTGGCTTGGAGGCAGCAGGCTTCTTTATTATGGCCAATAACGGCAATTATTGTGGCCGTAAACACGACCTAAAGATAGATCTAAGAAAAACCGAAAGGCATAGGCGCAACACCACAACACGGTGGCTGCTCAACCCCTTACGTGCTAGGGGACAGGTCTTATTGCGAAGGCCAATCAGATCTCGTATGAGCTAAGCTATGCTAACGCCTATGTGGGGAGTTAAACAAGTTCCGGTGGAGACGGGGTGATTTGGCTGACTTGCGCTCCGA,410,49.51,Saccharomyces cerevisiae
SEQ_324827,GCGCCGCTACCAAGGAGGCCTTCCAAGAATCAAACGAGGACCCTACCGCGGAGTGAGCGGTATTACGTTTTTCTGCGGGTAGTCGACTATTTTTCCTCACCGGTGCCGGGTCCTTGACCTGGCCAGAATCAGTTTGTAACTACCCAACCTGATGAGTTAACACCCCGTACTGGTTCGGTATGCGTCCGATTATTAGTGATGCCTGTCGTAGAGACTCTGGACCGTAAGGATTCTAATTCACTGTCGGTCACTTACTCATGTGTTCTCTGAATTTTGTTAGTGCAGCCTAACAATTCGGAATCATCACTTGCGCACGCTTCAGGATTTCCTACCCGAGGCAGTTGATCTAGCTTCCTCAAGAACGTGGTATGTACCAACTTACTAAGAAGTCTTTGTTTTCCATCTAGCTGCTGACCACCCAGACGCCTGTTTGGTGGTCATGTTGATGAGCGGGCGGCAGGCGGAGATATCCTCTTCGGTACTACTCCCTATCATCTCTAGCAAGCACATAACTTGTTC,519,49.52,Arabidopsis thaliana
SEQ_910167,TAGAATCTGCAGCGTGATTCGTGGAACCTTTACATAAGGTGCCTAATTGTCGGGACTCTC,60,46.67,Mus musculus
SEQ_841004,CAGAAAACGTGGGAACGTACGTACGGACCAGAGCGGACCGACTGCACCCATAGGCCGCTGGCTATTGAGATTTTTCGCATCTTACGCCGCCCGGTTGGACCATGCGCCAGTAATGCCATCGACCAGTCGATGCCGAACGCAGGCCTCACACTGAGGAAGCCCGTTGTCTCGATGCGACTTCCCATGTACACCTTATTGACCCCAGAAACTGGAGCTCCATTGTGACCTACACAAACTTCGCTGGTATTATCGTATGAGTAAGTGACGATAATGGATCTCGGATTGGCGAAGGATCCAGCACGCCGATGACCACCGTATACTGCAACGCACATCCCGTCTAGCAACGCCCCCATGATGTTTTTGGCCACCGAGTCCCAATACTAGAAGTCGCAGTACCAGACTGGAGGTACAATCCACTAGGTATCGTGAGTTAAAGCCCAGCTAGGCGTGGTTAAATCTCAGCGTCGATGGTCATCGGCTCCCCTCTGAGAGTGCACTACTGCGAGTTGTCAGAGCTACACATTCATACCTGCTGTAGTATTAATGCAGCCATCGATATGCTGGCGCTGACTATCTGTGAACAGTTATCCCTGGCTGGTTGCGGTTCAAGACTTCAACAATTCAGACGTTGCAGTCGGTACGGTTGGTACAAACCTGAGATACGCCGACTGAAATAATCTAGTACGAGGGCGTCTTATTACATGAAGATTTTACCCAGACAACGTGCAGACCAACAAAGAGGTACCTCATTTATACCAGGACGTGGCCTATACGAGTTTTCCTCTGGTCTGCCCAGCAAGCGACAAGAGTTTTACATGAGCACCATCCCCCACTTAATGTGCACTTATAAGGATAGGAATAAAA,864,50.35,Mus musculus
SEQ_602666,TGCCAGCGTCTAGTGGCCTGGCTCATCACATGTGACTCGAAAAACGGTCGTCGTAAGATTCTATAAAAGCCCCCTCAATTGGACGCACAGCTAGCACTGGACATGCTAGGAGTCAAGCGACCCGTAGTAGTGGGAGCGAAATTTGAGCACGTCAGCTTGCTCCCGCTAGGTCGATTGCGCTTCTCTGGTGATGGCCCGCGCGTTTGATGCTGTTAAGCGTGCTATGTTTTGGTGGCTGCACGTCGTTAGGCGATTGCCACGCATTGCGTCGGAAAGCTCGTTCTTCCCCAGGGAGAATACTCAGTTCAAACATTATTTGCTTGTTGACGTCACACCCTCCAAACCTCTAGGATGGCTAAATTTCCCCTATCCCGAGCAGTGGTTATTCGTCGCAGATCCCGCAGGGCCAATTGGAGGCGCGCAGTGCGTTGGCTCTATCGGCGTCCCCAGTACAAAGTTTCCCATTACTCTGGGTGGCCAGCTAGTAGGACGGCTAGCGTCGCCCATCCCGAAGTAGAGTAACTACTTAGAGATCGCATGATCCGGTTTGATTCTCTTCTAGACACAACCCAGATGCGGTCGAGTATCATTTCCCATTATATCTCGTCCCTCAGGGCCCCTTCATTTATTTATTACTTTGCTCTCAGGATAAACTCGAGTGACCGTTAGGACGTAGCACGACTACTTAGTAATCGTCCTTGCTCACACCGCGTCTTTCAAACCTCCCGTCTCCGCACGCCGTCCTCGGGACCAGAGTTATGATAAAGGCTATTTCCCGCCGCCCAGAGATGTAAAGAACAGAAAATTGATGAGGTTAGACCCGTTCAGGTTACAGTGTACAAGCGCAGCCTCGCCACCGAAATTTCTACAGCCTCCGGAGTAACAAAATAAGGAAGGCCCCGAGAGAGTTTAGGCGCCCTAAGATCCCTATTAGCCGAACTGCCTTAAGGAATCTGAAGCAAATTTTACGTGCTCACGACAAGCGGCACACTCTAACGAAATGGTGGAAGGAGGTGGCACACTAGAGAAAAAAGCCCCCTATAGGCTACGCGTCCCGCTTCATAGATCTTATGTAGGGCATAAAAACGTACCTATGAAACCGTTGACCGAGGTGGAGTTAGGAGACTGATTAACGACTCGTATTGTAGACGCCCCTTTAAAGCAAATCTTATCTAATACAGAGTATTTCGCAGTTGCGGGGGCTTTCGTGGCATCAGTTCATGCTCGGTATCCAGCCCAATATCGGGACCTAGCTCATGGAATTGAGGCGTTCATATTCTTCGTATTCGAGTCGGACGCGGACTGGTTTCGCTATAAGCTGCACATGGGACCGTTACGTTGTAGAGAGGCTTCACAACTCATCTGGCCCAGCAAGGCAAAACTCAAACATCAGTTCGACATCGATACCGTCGTGGCACGTCCCTAGGCTGGTGCGAGGATCAGAGGTGTAGCCAGACTGCCAGAATATGAGATTAAAATACCCTGTCGCGGGTGCGAGGGTTCTATCAAGCTCCACTAATGAGAATGAATTGGTCGTGCCCTGGCGTGTCACCCGTAACCGCCTTTCCAGAATCCTGGCCATCCCCATTCGCGCAAAGAGAGGATCTACTACATTGTGAGAACCAATCGACAAGAGTTCCCTTCCAGCAGCAGATTTGAGTAAAATCGCAGCTCTCTACTTGAATAAACCTTCTAGTGGCCACTTAGCGTTGGACTGTAGATGCCTCTCAAGCAGTAGGTCTTAGGCGCCATTTTTCGGCATGACTAGCAACCGAAGATCAGGCGGGTGCGTCCGGGTGTGATGATCGATAAGGTCACGCGCCCTAACGACGCCTGGCCGTCGACTAAGTCTTCCGCATAAGCCGTTATCCCCGTACTGCAGAAGCTCTAACACATTCAAACCTCCCTTGTATTAGCGGTAGGCCGATGCAGTCCCAGAGCGCGGTGTTTAAGCGAGACTGCCT,1964,51.17,Escherichia coli
SEQ_814391,GTGGCAACTTATATGCGAGCTAGAACACTCGCAATCATGGCTACACATAGGTTCAAGAGGGGCCTGAGTTCGCAGACAAATTCAGTGACCATGTGGTACCCTGTATCAGAAACTTTAGTGGCGGCCATATATCTATTAAGGTACAATGTGTGTAAGTGGATGGTCTGCAGCAACACTTAGTGGCAAGCTAATGTGAAGGACATAACACAGTGTTCATCTCACACATCCCCGAAGATTACTGAGCGCGCCAGGATGCTCGCGTCACCTAGCTGGTCGATACGATTAGGGGTCTCTCTCTTGTCTGCGCCCTTACCCCTTCGCATTGCGGACAGGAACACGCATCTGATCCTAGCTGGTACGTGCGAAATTTATTGCTAACGCTCAGGCATGCGCAAGGTCTTG,402,49.5,Saccharomyces cerevisiae
SEQ_737378,CATCGCGTGCATGGAAAATATCCGTGCGGGAGTAACACTCCAAAAGCGTACTTGTAATGCCACACTCTGTGGGGGGTCGTAAATTTGTAGTTAGATTATCACTTTTTTCTTGGGGGGGCGACGCTAAGCTGATCAAGGTGGTGGCTTTACGGTAGCCATATTAGGTACCTTACGGTGGAGTCCTAGTCCTTCCTCTAAGACAGATTCTGTTACAATATGCGGTGTGCATGGGGAAGCTGAATTGGATCGGTGCGGTCGACGATCCACGAATCTCCGTGGCCAGATTTAAAACACCTTCGTGGATACTGCGCTGTCCGCTGCGCCTGGAATTAATGTCATGTGCTGCTGCCACAGTTTCTAGTCGAAATCTGTAGACGGAGGTTGTGGTAGCCCCAATTGTCATACAGAGGCAGATGTTATAATGCCTGTACAACTATGCAGAGTTTTCATATTAAAAGCTAGCAGGACGACAGCTTCCGGTTAGGAATTCATTCACTTATGCCTTCACACGATCCACTAGGTCCCTAGGCTAAGAGTTGTAGCTCGTCGGGAGTCTTTTTTAGTACGCATGGACGTAGGTACCTAGCACCACCCGCGGTATCCCTTACGATGCTGAATCTAGCAACTTCTTGCCGCATCAGCTGTAATACCGTTCCGAGCGGTGTGCCGAACTACTTTAGTGGCACCACCCGTTTCGTGTTGCATCGTTCGCTATCTGGCCCCTGGTGCCTAACTGGACTGAGCGTTGATCGGGATAGACGATCCCCAGTACTTGTAATCTGGGTAGAATCCCCAGAGTGCAGGTAAACAAGGAGAATAACGGCAATTCCTGATATCGGAGAACGTGCCTCCACGTGGACAACGTACGAGGACAACATCCCAGGCCATAATGCTGGGGTGTAGGATAGGTGTGGTTAGAATGTGGGCGCAGTACAAGGGATTCCAACGAGCGACGCGTTTTTCGCGCAGAGCGCCGATGCTGTTACAGGGGCGACACTATATCTGGGGTAATTTATAACCTAGCGTGTCGAGCATCCACGCGAGTGGAAATGCGACAAAACCGTTTAACGCATGACGTTTACACTGACAATGCGCCTCTGCGTAACGCAAACTTGGCAGGAGGTTACCAAACTACGTCAACAACCGTCAATCCGGAGTAAAGCCGGTCGATGTACACTGACCATCATGGGACCTGCAACCTTGGTTCTTGTATCCCCCCGCTGGACGCCTTGTCGAGAGCGGTCTGACACCTGCAGCCCTACGTTTGGATTGACCACCCGTGCTAGCCAAGCCTAACACTGACCTATCAATAAGAGTCCTACGCTCGGTGAAATTTCTCCTCCGTTTATTGACCCGAGACCATGTCATAAGTCTGTGCGATTGTTTGAGTAGAAGCATTCGGAGCATCACGAGCTGCAGAGTCAAAGATGAAGACCCTCGGCGGCGATAACGTCCGTGCGCTGATTATGACAGACTATGCGGTACTTGACTCCGTTGGAATTCAAAATGCGACTTCTCCAGGTATTTAACAGATCGCTATCAGGAAGGAATTGACGTGGCGGCTAAGCGGGGCGGAGCTTGCCGTACGAATGGGAAAACTCCTTCCGTGTCGCTGGTATGGGTACGAGCCGCCTTAGTGGTGACGGCAGCAAAAATAAAGCTGTCGGTCGTCGTACCACCTTGCGTTAAAAAAGAGTAGCAAATGTCCCAGATCTGATTGAGGTAGGCCTACATTGGCCGTCTCGTAGTTATCAAACCGTGAAAACACCAGACACCCCGACGGACGGATTTACAGCTAGCGTGACGCACTCCCGTTTCTAGTCGTCCAATTATCAACGGGGCCAAAACACATTTA,1855,50.62,Drosophila melanogaster
SEQ_485088,ATCTCCTCAGCTCCTGGCTGCACATGGCCTGCACAATGCAGAGCAATATCTTCGACGGTGTAAGGCCTAACCATTGTATCCTTTTTAGCACCGAATACTCAGTGCCTCAACGGCTAGCATTAATCTCTCCCGGACATCTACGATGAGCTGGGAAGGGTGGGCAGAAACACGTCTACATTATCTCTTTTTCGGGCGTAACGTTATGAGTTATGCTGCACGAGAGGTTGGTCACGTTGTTAACCATAAGACCTATTCCTCCTTGCCACGACGACAAGGCGGTACAGTTCAAAACTAATGGGACCACGGGGACAGTGATGAGATGGGTATTACAGTATCCCTGAAAGAATGATCCCACAACTTTAAGCCCCCAAGAGGTATACTATTTTATGTGAGACCAGTGCGAGTGAGTAAGCGCAACGGATACACCCGCCGCACATAGACCACGTTATCGACTCATGATGGTTCAAAACCCACGTGCTGGACCGTCCAAGCAGGGGAGGAGAGCAGCCATCGCTAGGTAAGCACCGACGGTAGCTAAGTATCGTGTGCGTACATGCGAGCGCCTGGATCCAAGTGGTGTCACTTTTCTAGGGCTGACCAAGTCAATTGATCTTGACGTTCTTTCGTAAAGAGTCGGTCAACAGGCGATACGTACGATTTGATCCAGACCGCTTTAATGCCAAGAATGGGTTTTAACACGACCGCAGCGACGATGTGGTGGTATGGTACTGAAATTGCTGCCTGGCATTTGTTGAGGGTTGACCGAAAAAATTTCAGTGCGCCCTGGATGGCTAGGTGAACTAATACGGCATAAGGCAAGGAATCACAAACAGAAACCCGAATCCATGCACTATGTACAATTCATGGTGTAGGAAACATTCCTTGTATCTCTACGCATCTGCCATAAGATCCAACCGGACCACTATTTAAGGTCAATAGATCCCAGACAGAATGGCCTTTGTGGTGTAGAAATCAAGATGTATATGATAGTTTACAAAACACTTCACCAAGTCGTGGCTTCGTTCATCGTTACAGATATTAAGGCTGCTAAAGTAAAGCTACTCCACACCCAAGGTAAACGCCCGCATCAATTTAACAGGGACTAGCATTTGTACGATGACCTCTGTCGTGCCAAAATACAATTTACGAATGCATGGTGCTGTGATATGCGGCTCACAGACCAAGGGGAGGACTCGCGTATCTTCGCGTTTATGGCGGAGTATCTCGCTCTTGCATACTTTTGCGTTACCACATGGCACGAAACAACCACATACACTACCGTCTTACAAATGCGGGGGAAGTGCCGACCTGCGCTCGTTACG,1322,47.96,Mus musculus
SEQ_658839,AAGGCTCACGTGGTACATTATACCTCGTATCACATTGCTCTGTGCCACCTGCGTCTTGAGAGCATACTAGCAGATTCCGGGGGGTCATCTTTAGGCACTATGGAAGCTAGGCGCCAGTAACCTAAGAGTTAAAGTTAATATAGCGGTCCGAAAACTAAGACGTATAGGAATCTGTGCACTCGCTCGCGAACAGCATGCCGGAGACCGTTCAGTGGCCTTGGGTATCGACCTCGTCATTGAACAGCAGTGGTATTACGATAAATTAAATCGGCAGTCCTCCTTGGTCGGCGCTTCGGGGTCTTGCGTGGCGGCCCAATCTCTAAGGCGGTTCGCTCGGACCATTCCAGCCCCCCAGTTACCGCCCATAGCTGCATGTATTCGGTATCTATTCTATTGGGGAACTTCTGAGCTAGGTAGTCGCTGGTGCCGTGTGTCTGTGGACTGGCTCAGGTTGCAAGCATAAAGCCCTAGGCTCGTACACTCTTGAAGTCACGCGGCAAGGTAACCACTTGTGACGGGCCTGTCCTGTTATTATACTGTCCGCTTTAGGAAATGACTTAGCCGGTTTAACCACTTACCCCAGGGGGCACCACCTACTATATCCGTGATAGGAAACTCTCTCTCTCAAGCGACGCGACTAAGTAGAGAATATGGGACACATGCGTAATGCACCCAGTCGACCTAATATTCCTGTGTCAAGTTACTTTCTTCGACGACATTTTGGCACTTTCCGGATGACAAGAACTCTATGCTTATCGAGGGTTCCTTACCTGGTTTATAACACGTAATCAACGTTTAGCCAAAGTATTTCCTTGCACCACAAGGCGCCGAAAGACTGGCATCGACAGTGACACAGTATGTTCACACGTACGAGTTCGTGTGAACACGGTCGTTCCTTCGCTTTGGTAATGTTGACGGCGCGAATGTTAAAATTAAGGGCTAGAGTTAGTCAATACTATCGGGCACGCCCGGGGCGGAGTGCGGGGGGTTGTATGTTACATATCGCTTCTCCGGGGTGTACCCCTAGTCACCATGCGGTAACTATCGACACTGTAGAATCTGCAAGTCAGTATGTAGATACGAGCGGAGGGGAGTACACCCGTTGATTCCGTACGTCTGGAAGATTCGAGGATGACATGTACGTCTTATCAACAGCGTAAAAAGATGCCCAGTCATTAGCCCTAACTTGTGACTAGTAGGTGACACTCAATAGGCTCCATGCGGTTGCGTGCGTAGATCCAACCGATCAGCTGCCAAAGTTATTTACGCCCTCGTTCAGTTGCTTCCTGCCTGGAGAATTAAGGAAAGCGATTGAAAACCGTACGCTACGGAAGAACGTAGCTCGGATCTATGAGGCGCGATGAGTAGACAGCGGAGCGTAGGAAAATCTGAGAGTCAATGTTGTGATATACAGGTATGCCAGAGTCAGGTTTTCGTCATGTAAATTACCTAGATACGAGCATCACCAAGCTCGAGGGATAGGTCTAGAGTGCAGATGGTGGCCATCCGTGCCGCCTTCCTCGAGCCCGGAAAGCAACGTTCATACGATCAAAGCCTAACGCCACGTGGGTACGGGTGGGCGTCGTTTATTTTAGGGACCTCTCTTTCATTCGAGAATGAATATCCTTCTACCGGCCCTGACAATACAAAGCAAGTGCAGACATATACCGGGGGCTGCTAACATTTCGCACGCCGCCCACCCTAGGGTCATCGCCGTGAGTTCAATTTAATAGCGGTGCAAGCGCGTCTCCAAACGTGAACGC,1763,50.31,Mus musculus
SEQ_659937,GCCTCATTGGACTCGCCGTGTTGCGTCGTCAAAGGACGTTTTGTACCAATTACAATTCACCATGTTTTGTAGCGGCCGTATCGTCACATCGACCAGAAGTTCCTCGAGCATTTGTAGCCGACTTGCTGCTAGTGTGCCGCCAAGCAACCATAAGGCTCAAGGTAGACGCTGATTAGTCGCAGGCC,185,51.89,Saccharomyces cerevisiae
SEQ_365348,TCTTTTACGGGATCACTGACGGCCAATCGCGGGCTCCCCGATAGTCACAATGATTATGTGGGTGCACATCCCGGCCGTTTAGCTAATCCCGACCGCGTTTCACGACGAGTAGGCTTAACTGTGTCGTTGGTCTGACGAGTCCCTGCTAAAATTTACTCCGTGTTGGCATCTCCGGCCAGAAGAGATTAGTCATCAGCACAAGTTTTAGCAGGAATCTCGCCGCGTCCTGCTCGAGTAGGATATCATCCGAACGTGCTATCTATTCCCTGCCATCCAGCGTTCGAAGGCGTTTAGGTTCAACCATTCCACATCCAGCGTTGGCGAAAAAGAGTTACGTCTCTTTCAACTCCCTAGGAGTTGGCTTCGGAACATGCTGACCGTCGTCTCCGGCGATAACGGCCTTATATCGAAACAGTAAAGACATCATACATCCTGCGGCTCCCTTCGATTTGTGTAAAGTTCTCAAATCTGTAATGGATCGACGAATAGACCGTTCCACATTGTAACAATCCTTGAGTGTGCCCATCTGGGTGACGCTAAGACTGATACTTTGATGGGAGGTTCCTCGGACCTCACTTTTTCACCGCGACGACAAAAACTGGAGCGAAAGATGGGCAATAGATTGCTAAAGCTGCCTGTTGCCCGGGAAAGTGGCGGGTCGAATTCCCCACGATGACTGCGATTCAAGATGATGCTCAACCATAATGTGCCAATAGTTAGCGCATCTAACTCACATTTCGCGAGGATTTTCTGAATTCTATTGGCTTTTTACCACTTTTTCGCTAGCAACCTGAGGTTGTACAATAGGCGCGCTAAAAATTGAGTGTAATGCTAGGGGATTTCGGAGGATCATCTCCGGCGGGAGATTACGACGCCAGCTTCTATTGTCAGTACTCCATTTCAACACTTGAAAGGATAGTACCACGACATGATCTGGACTCACAGACCGAACTAAATGTAGCGAGTGTGTAGTAAGATGCCTCCCTTCCCGAACAAGTTAGTGAGTCTTCCCAATTAACTCCTTACGTGAGCGGTCGTACCACTTTGCTGTCCCTGGTCTCGTGAATTTCTCACACACGCAGTCCTCTGGAGCAAAGCCTAGGTCCTGGCTACTCTTCGGATGAGCCCCGAATGGGAAAAGCTCTAAGAATTAAAGGGAAGAAATTCCTGCCCAAGATCGCCTCATCTCCGAAGGTCACGCAAATTCCTAGTTCGA,1216,48.85,Arabidopsis thaliana
SEQ_659429,ACAGAAACGACCGGACGGCGTTAGGACGTATAGGTGTACAACCTTACAGGCGACGCGCAGGAGCTTCAGCGTCCCTAAAAATATGGCCCGTCTGATTGTCTCCAATATGCCGCGCCTTACGCGGAACGTATTGAAAGAGATACAACTAAGGCCAACCCATAACGCTGGCTATCTGTTCGTTCTTGTAACTCTCACCCAATAGGCAATCTGGTTACAGTAGTCGACCAATTTCCGTGACGTACAGATGATAATCATGAGATAACGGAACGCAGTATGTGACCGGTGAAATAGGCGACGTTGGTAGCTCAGGGTAAGCCGTCGCACGCTATGCCAAAAAATACGTCGATGTACCCGCCTGCTAGTAGTTATGAGCACCGTCAGCCCGTTACACGAGCAGGTAGGTGGTCCTACGTCATGATGACCCAACGACTCCGGAAGCAGACACAGTCTGTATTGCTAAGAGCATCACCACGTAAAAACATTCCCGGTTCAAAACGTATTTGGGACCTCAGCCAGTTCGGCACTCAGTGAGTCTACGACCTGTTACAGGGGTAAAGTACCCCTTATACCCTATTACCCGTTCCAAGTGTCTATATTACAGTTGGAGAGCTCCTAAGCGAAATCTGGTGTTACGAGACGTCTCGAAGTGGGGCCTAGTAAGGAGGTACAG,670,49.85,Drosophila melanogaster
SEQ_360071,CTTAGCGGGAGCATTTTGACTAGGATCTCTGGAGTTCTAACTCGATTGCGCCCCTCCTCAGGATAGAGCCACGCGGACCCCCAGCTCGCTACTTCGTCAGCAACTCGGTGTATTGCGGTACTACCTGTGAAATGTGTGGAGGACAAGCAGTCGCAACCAGATTCACGCTGCAGGCTATATGTCTCACGCGGTATTATAAACGTTGCACGATGTATTCGGGAGTTCCCATATCCCCTATAGCACATACATCCTCAGACGGTGGGCTCAGGTATCCGCGTATTGGGTTTGAAATCCGAGGCTACGGTTGGTTACGGTACGATGGGGTCTGTCCTGATAAGTGCAATTTCCACACCTTGTACGTGCGGAAGCGTCTATACTTCTCAAAGACCGGTAGGTCATAGCATTCGTCGTCACGATGTCGCAGTGTTACTCACTGAAATTGCCGATGGGGCAGGAACAAATGTGGATTCAACTTTACTCCTCTCCACCGTGGGTAACGTCACGACAGGTATGTGGTAGTTGACAGCTAGGCTCCCTAACATGAGCCAGCTATCGGCGCGACCTCTAGGTGTTTCTTTTATGTCTTAACCTTCCCGTATGAGCCTAAAGCCAAGCTAACTAAGACGACGCCCCACTTGTGTTATGAACTCGGAGTTCCGGCATGCTCTTCCAAATCATCGATACTCAAAGGGTGATAAATACAGAATATTTACGTCTTTCTCCTTACCACGTAGCCTCGATTGGACAACGAGACGGCAGTATTAAACCCGCCTAAGGCGGGAAGGTTTATGTGCAATCCTTGGTGGACTGTCGACGCACTGATTATAGTGCCTTATTGTCATTCATGGTAAAGTGGCCTGCCGCATGAGAAGGGCTTTCGGGATAGGTAGCGCGTTAACCCATCTTATCGTCACGCTATGAGCACAATTCATGCCTGTGCCGCCCGGATTTTAGGGGTGGTCGCGTGCCCACATCTGATCTGTTATGTGTTACTAACGACAGGCTCTTTATCCTACCAGATACACAACGCAAAGGGAACCTCTATCAGCCGTGCTAGCCATCATTCCCGTCTCGTTGCTCACCACCTGTTCGTGTAGTGAGACCGAATATCCTACCTGATAGCGTCACGCACGCACTCGGCTGACCAGACAACAAAGAATTACCAGGATCGCGACGATACCTAGGAATATCACAGGAGCTGGAGATTATACGTTAAAGCGTT,1222,50.0,Saccharomyces cerevisiae
SEQ_728753,TGCAGTGCGTGAGCCGCTTGGAAGTCGAGATCACTGGTTATGGGACCGGTACGTTAAGGATGGCGAATTTAGCGTTGAGATTATTTGGCGAGCATGAGACAGACATGGCTTCGAACGGCTGTGTGGGCACTTACGTATCTTGTGAGCGATCAAGGCCGTCGTCCGAGTTTTTATTCCAGTATCCATGAAATGGAACGGGTGGCTTTTTGAGGACGCCCGGAGCCTGGTAATAGTAGTCACCCGGTGAAGGTGACTCCAATTAGTCTTGGACATCTGAGAGGTAATCCTATAAAGCGACTGCCTGGCCGTCAAGACTGGTCGCAGTGTGATACTTCAATGGGTTGGGTGTTTGATTGCTGTGACCAGATAAACGGCTAACTAGGCATTGCCTTTAGATGAGTCAAGTACCCAATCATAATGGCAAACGCAACGAGTCTCAATTATGGAAACCCGGGAACGACGCCTCGCGTTCACTAGGTCTAGAGGTTTCGCAGTTACCTACTCCATTAGCCTCACCGGGCCATACTCCTGAGGTACCCGTGATGGCACCGTCGTCACTCACTATTTCCAGTATAGAGAAGGGATTTGTATATACCTCGCCTTGGGCAAAAAATCTGTTATCGGGTACGACGCATGGGCGCGTTTCGACAGGTCCCCTAGCGATTGCGCTAAGAGGATAGCGACGTCTTTGATGGCCGTACCCAAGAGTATCAAAAAATGGCATTTTCCAATCTAATCGATCGGCTCCTACAGGCGCCCTTTTATTTCTAGGTGTTGTGAACTGTCCGTATTTCTCGTTCCCTGCTGATCCGCAATCCCCCTCTCCTTTGAGGGGGGTTCGCGGTCGACCTTCCAGACGCTATTTTAGCGCGAACTGGGGTAATGCGCCACTCCAGGTACGAATCCAGTTGAATCCAGGGCGGCTTTATGGGTCGCCACTTTCGTACTCGACACCCAGAGGAGGTTGCGATGTGTAGCGTTACCGGAGTTG,991,51.16,Caenorhabditis elegans
SEQ_393175,GAGAGCGCGATGCAAATAAGTAAATAAACAGTCACCACCGTTACCTATTAATGGGGCCAGGGCGAATACCAACAAACACGAATCTTATACTCCCCAAGCTGGGCCTCGCAGGGACTAGGTTGCCGGCGGGCGGCTACCAGAAGGTGGACTATGACTAGGGCCGTTAGAGCTATGGCCTAGAAAAGTAATCGGCATCCGTTAGGCCCAACTGCAGATCATATGAGAATTCTCATTCAGATCACAATATACAATGACTTTGACAAACCTGGCCTTAAGTTGTTTTGCCGATATAGGGCTGATCTGGGAGTGGTATTGTCCCCCCGCGCTTTGTCTGCAGGACTTCTGTTGGACTCGGCAACAATGAGTTCTTAGTATGGGGGTATATGATTATAGCTGACGTGAATTGTTGCGTCACGTACCGTCGGGGAGGCGCGTAGGGCTTACGCACTCCTATCCCGGCACATTGCCAGCACAATTCTTATTTGGTGGGGCCCCGATTGTATGTGTCACGAGTTTCTTGCCAAATAAATACATAAACCAGTGCGCGATCACACTTCTGTCAACTGGTTAGGTGACACGGTTGGCTGTAGTTTTAATGCCCACGGCGCTCTGCCCGCGACGACTTACGAGATCATAAGTCCTCGAGCGGCCGCGCCTCCTAGAGGGTTACAATCCGCTGTAGATGTATGCGCC,693,50.79,Escherichia coli
SEQ_239690,ACTAAGCGAGGTTTGCGACAGTATTAACCCTAGTCGGTTGGCTATAGCCTTTAGCCCGTAACATGTCCGAGATCCACATTTAGCGCCACTCCTTAGCTTTACAGTTATTGAAGGTATCGACAGCATCACCGAGAATAGTACACGAAGATTCGTGGTAGAGGTCCCACCGGATTTTGTGAAATCTAGTTAGTGAAATTCTGTTAACGCTACCTCACCAAGAGCGGAATCTCAAATCGCCGAGGCGGATAGTCCGGCGCCTTCATATTGCGCTGTTGACGTACCTCCCGTAACTGGCGCAGGCGTTCTACGTAAAGTAAAGACGTCATGGAACAGGTGACTGCCGGTGCCCGCGAAATATCGCTCGTCGGTAACTAACTGGAGTGTCGAACCTTATCACGCGATTTCGAGGATGGCAACAATACCAGTCCACAGCGGATGCCCCGCTTGCCGGCCACTCGCGGATATCCGAGAAGCAGCCACCATATGGTTGTACCGTCAGCGGGCGCAAGTGTCAGCCGTCCACCCTTGGCGTGTTTCGCTTGGTGCACTTATACTGAGAGTTACCACGCAACCAAGGTAAAAAGCTCGCCCGGTGTTATCGGCACTGAGTACTTCCAGGTGGTCATGTACTCGTAGCACTACCCTTACGTTACTCACTTTTGGTTATTCTTCACCTCAAAGAGGGTCCCCCCATATCAATTCACGACACAGACAGCTAATTACAATCAACCCACCGCCCGTGTCGTTTGTTTGATCCGTAAGTCGGTAGGACAAGTCGTCTCCAGGCTAATGGCGAGGACCGCGCGCGCTCGACGTCTTAAGCAGACTGCATAATAGGCGCGTACCGCACACCATCTGATAGCGAAGGGTGAGCTGGGGCACGATCGGACTTCTGACAGGATTTTAGATTCTCCGCGGACCCCTAGCCAAATGATAAATCCTGGGATATAATAATCTATTTCATCGAAGTTTTCTCACAAAATTACTGACCCCTGGACCGTTATCCCTGCTAACCGTCTGGGGTTGCATCGAGTCGAGATCCATATAACTCTCACTTCAGCCTCCAGCCGACTCCCTAGCAATACCATTGGAGGATACGGTCATCACTGGCCCCAATCATTCCTTAGACCGTCTATCGTGGGGAGACACAGCTACTCAGTTGTTTTTAGATAGTACGCTTTACAACATAGCTATGGTCACCGCAACCTGAGTGCATTTTACTGTCAAAAAACATCGCCAATCTTGCTTTGGCGTGCATTCCGCCTAAGTACCCAGCGCCTTATGGGAAATGATTCGGTACAGCCGAATTCCATTGGTGGTACCTGGCCAAAGCTTGAGGAAAGGCAGCGAGCCATTGGT,1359,50.63,Saccharomyces cerevisiae
SEQ_918820,CCCCCGGACAACCGATCTACAACAGGCGGGCCAAAGGGTTACTGCGACGAGCAATGGTATCCCAAGGAGAGTATCGGATAAACGTCAGACTCATATCCGTGTAAATTACGCTGCCGATCAAGGGTCATTTGTGAGTTATTGCAAAGTCCGGCGGGTCCACATGCATTCCGTGTTTTAAGGGGATCATTGCCAGCTACTCCTAAGATTTAGCCTGCATTCATAGTCAAGGGGAACCCTCCACTTGTAGGGCGAACCATCCGTCATCCTAGACACGATGGGCCCATTCGTCCGGGTAATCCGTTTACCCTTGTCCGAACGCTCTTTGAGATGTATAACTGATTACGAACTTTTATACTCAAACCCTGTGGTACCGCGTCTCGGGAGATCGGATGCGACGTGTGACGGTGCTAATGACGGATGTGTCTCTCGGGCCCGATACCGAGTACGGCTACATTAGGTCTAGCAGTGGCATTGGTAACCGACCAGCAATTCATGACTTCGACGCAGCTCAAAACGATCTGAGATACCGCTTTAGATTGTTCTATATGGTGACTGGTCCCAGTGTTTCACTATGCCACGGCGAGTAGTTCGGGCCCTGTTACCTAATCCCCGAATGGCTATTGGAAACTGCTTCTCGTTGCTTGTGTCCCACGTTTTATTATCCTTGTAAAAGCGGAACGTCATGTGCGTACCAATTGACACGTAGTATGTGTTCCCGTTTCTGGAGAGGTCTTCGCCGTAACTATTTCTGCTTGGCTGGCTCAATATGACTCCAAGGTCCAGGGTTACGAGTCGGCCAGGCCAAACCAGTATTGTTTTTCACTTATTGGAAAGGTGTGATGACCTACGCGTGAACCCACATCCCACAAGTTTAGAGCATGCAGGGCAGATTAACTCTGAATTTTCCCTCAATAGTCCCTCCAAGGCCGCGATACTCTTTATCAGGGAAAGAGCTCGCCAAATCAATGCCCGGACAAACGGCGTTATGGAACACTG,996,49.8,Mus musculus
SEQ_121167,GGAGGTGATCACGAACCTTATACAAGGCGAATATCCATCACGACGACCTTTCAGGCCGCGACTGCGTTTAACAGTCTACACGGTGGCCTTGATCGAGCTGGCGGATGCGTTAGAGTCGTCAGCGCGCGGCGACGCTCTACTCTCTCTACCATGAGCTGCGCAGCGTCCGTTTGGGAAGTTGCGGATGAGGCCCACGGGTTTCACTGGCTCGGTAACAACCTAAGCGGTATAGCCCAAGCCGCCAATGGTTTTACCCTATTAATTCGGGTGATGATTTCACGCGCAGGGTACTACGGACTACAGCTTTAGAGGACATAACTTTTGCCTGAATATGTAGAACGAAAGTCGTTGGTAGGCGCGTTAAGACACCGCAACGGGCTCACTAACAATGGCTGCCCTAAGTCAAAATTATGCTTATATGGAAAGACTGGAACCGTAACTAAAGATGCGATAGAGTCGGTTAGCATTCCCTCAAGACTTCAGGCTTCTGATTATCGGTACCCGACTTCCTTGAGCACCCCTCGTGGCGTTGTTCCTACAGGCGGTCTAGCTACTGGGTTGCTCGCAGAGCCACAGAGAGGCACCAGTTAGCTCTCTCACATGCTATGTCTCGAATGCGTACGGGGGTACGAGGCTGTCGAACAGACTTTAAACGTGGGTATCTAAATTCAGCGTATTGTTAGTTTGTATAAATGTCCCCAGATCTTCAGGGAGTTACGCGGTTGAAAGTCTCGTAATCTGGCGTGACCAGAGCAGGATGCCCGATCGGTTGCAACCCCCTTGACATGGGCCGAGAGTTTGTCTAGAGATCTATTACTAGTAATAGATCTCTTATTACCCAACCATTCGCTGCACTTCAATGTTCTTAAGGTTCGGGCAGTGTTCGTCATATAATTGGAGGGGCGCGAGTTGTTTGTCGTACTGTCTACTTGTGGCGTCACTCAAACGCAGTGCCAACATATGGAGTGTATAGCGTGGGTTCGATAGAACTCGCCGCGATAAACATCAACATTGCTGTGGCCCGACCAACCAGGCTGACAGGCAGGAACACTATATAACGATCCTGCCCGAGTCGGTACAGGAGCGGGGTGCATGTTAGTGGAATGTGCACGGGGTTCTGAATAGGTTCCATTTCTAAGTAACCCTTTCTAGTGACAGCGGAAGAACTCGAAAGATTCTTTAATATACCCGGTGGTCTATTCAGCAAACCTTTACGGCCTGAAAATAAAGCGATCTGAGAACCGCGAAATTACACCTCCGTTTAGCCCGCAAAGCCATCTCTGGGGCGGTTGTTCCTAGGCCAGCTACCTACCAGGGCGTTGGAATAAACGGCGGCGCTTCCACCTAGGTGATGAAACTACTCATAGTAGCATTGCCCGGGCGCCATCCGATAGAGCGTTAATAGCTTGTCAACCGACTAGTCACGTGAGTATGCGCGGATAGGCGGGCCCCCGCCTCCCCATTATTTGTATTGACCCGACCCCTCCAGCATGCATTCTCGAGTCTGCACTGGGCTAACCGAATTCCATGGTCGTCGAAGAAGCACTCCTGTTTTGGTCTCAAAGTACGCATTCCCTGTTCTCAAGAAGCAAGTTGGCCAATCCATGCCTTGGGTGTTTGCAAGAAAGTCTAGTCATTCATAGCTTGTACTACGTGTACGTACGCTTCTGTGATTCTGGATAGCCACGTGCGAAAGCCTGTGATAATAGCCTTAATTGCGCTGCTTAGATCACGGTGATTGCAGGAGTTCGGTTCGAGAGGAATGCGTCCAAAACGACATGTCGAAACCCGGTTGAGCCGTATGGCACATGTAGTAGTCTACAAATCTGTCAGTCGCTTTTCCA,1844,50.43,Mus musculus
SEQ_503054,ATAGGACCACGGGGTACTCAGGGATGTTTAAAACTAAGACAGCGGTAGGTAGGGCATACCCCGTCTCGCTGTATTGCGGAAACACTTTATGATCGGTCTCCCTGATTCCTGATGGGATACAATGCTGGTGTCCCGTCACGGCTTTCACGCTCTTTCACCCTTTATAAGCTGTGTCTTTGCGAGCCGGGCCGTAACGAATCGTTCCTCTCGAATGCAGAGACCTCACGGGGTGCGATTCTTCCCGTGCGGGCTAAACAAGTAGGTTGGCTAGTCCTTCCGCAAATGGTCTAATTAACCCCGATTGATCGCGGGCTACTGAAAGGTTACATCTACGGGGTGTAGGCACGGGTGAGTTCTATCGTGTATTTCGTTCGTAGCGTACGCCTAACTGGACAGTGTTGGAGCCTCTAGCTATCCAGTTCGGACCCACAGATCCGACATGGAGCTCATGTGGGTAGCCCAGTCATGAAGGGAGATCGTCGTGATGGTCCCTTAAGCAGATTCTAGGTCCGTCTACAGTATTGTACGTGGACTCGTACTGTGGTTGCCGGGAAATTCTCCCTATCTAGAAAAATGTCCGTTCTAAGTTATAGGTACTTTGTGATACTCTAGACTCCGGCGACCGGCTCCTGCATTACTGCGGCTTATTATGCTTTCTAAGAGAAGACGCATTACAACTATACCACAACTTTCGCTAAGTGAACAAAGAATTGGTATTCCTACGTAAAGTCACCCCATAGGAAATAAGACCTTCGAGACGTATCCCGTGCACCCTGGACTACCCACCCTCGCTAAACTGGGTCTTCAGATGGATAAGGGAGTGAGTCGCTGGCGATTCACTTGTTAGAACTCACCGTTGATTCCCTGGTAACGACACATGAAAGATACAGAGGTCTTAGACAGGGGCGTATAACTAGCAGTAGGGTCTACCTTCGTGCCTGGAGGAGCGTTTGGGGTCTCCGCTACGTAAGAAGCGGAAAAATAGTTTCCAGGTTTTGACTGCTAGGTAGCATACAGGTGCGTTAGGGTTATTTGACGCGGTAGACCCATAATCGCGGGTCGTTACTCATGCCCATGAACTGGACACCGCTCTAATTCGCGGGCATAACTAGCCCGCATACTAGCGTCCCCCTTAAGGATCCATACATATTTAAATGCAGCCCCACCCAGCCACGCAGCGCTTCCTCTTAGCGGCAATAACACTATGACTAGACCTTTCCGTTATCCCGGTCGCTTATCTTCTATATGAATCTTATACACTGTCGAGGCCCGTCTCGCAACCTGCGCAATGATCAGAGAAAGGTTGGGCTGAGAAGCGACGCTGTCAGTAAGGCTAAGAACCAGGACGCTCTTGGGCTCGCCGTGAAGCTCGATGTGCATGAACGGCTCGTGGGAAGTTGTTCGCGGAAAAACCTTCTTCGGAGTGTAGATCCGTTATTATTAGCCCATTACATCCAGCTCGACGAAATTGTGGAGTCCAGATTCTCGAGCCCGGGAGTACTAAGGTTGGTGATCTTCCGAAATCCGCCCACCGCACGAAGTCCGCTGCTGTACCCGGATTACCAACCTGTATGTCCCATAAATCCCCGGCATTCCTTTTGCGCCCATAGGCAGACTAACAAACGTCTTGGCCGAGTGTTCTATTAAGACGAACCGTTGTGTTAATTCCATTATCTGTCTTGGACCGGATGT,1692,50.35,Escherichia coli
SEQ_609252,CGTTGGTTAAACGATGTACGGCAGGTATTTGCGACAAGAGTGGCACACCGGAAGAGGCTACCAATCCATTCTCATTGCGTCCTGATTCCGTGCACCGATTTTTTTGGTGAATAGCGAACATGGACAATCCGGCTGGGCGGGGTTTTATGTAGGAACCCATTGCAGGTCCAGGAACCATGTTCGGGAATCTTAATGGATCACTCAGTTTTGGGCATTAAGTCTGAAGTCAATTTGCTCGAGTGCACCTCAGATTTTCATTACCGTCACTGCAGAGAAGCGTTACACCATCAGTAGGCTCAGGTTTCGATAAATGCTCCCGTAAGATGGCGAACTTCGGAAGTAATGACCGATGGTGTCCAGATCAGACTCTGATAGGTCGTATGATATCTGCGGTTTAAATACACATCCGCTCTACGGCTTAGCCGGCCGTGCGGTCTATCGTAGTACTGCTGTTGATCTCGAACACCAAAAGCTGTGTACGATTGCGATTCCAATGTTAGGGATGCCTCGACAAACTCGAGATTTACATTTGAGCGCCTGGTGGGTATAGGATATCTCCCGTGGGGATCCC,571,48.69,Caenorhabditis elegans
SEQ_216828,GACATCCCATTGAGTAAGCCTTATTAGACGGATCATTTGGACCTTAGGATGCGTTAGGAAGGTCTCTACGAGCTTCACTACGTCGACACATTCTACCGTTAAGTAAAGAGTACACTGATTTCCCGTGTCCAGAACCTCATTACCTACGCTAAGTGGTTTTGGGTACGCTAATGTTTTCATTTGTGGGACTGGGCACTACGTCAATCCTTCCCTGCGAGAAGTAACGAGTTGCAGCAGGGATTGTACATTTCACAGCCTCTTCGACATCCATTCAACGCTGTAACTCAACCCCTACAGGTACTCGGGACTTGCGTTGTCCACACCGCAGTTTGGGTTTTATAGAAATGGAATCGAGTTGTATTGGTATGTCCGCATGCAGAATCCGGCAGGGCTATTGGTGTCTCTGCGGCACGTTGACCTGGACGTGAAGAGATTTCCAGTGCGTATGACCCCCTTCAATGCCTCCAATTGCACATTTAAAATGAAATTGGCAAGCTCCTACAGTCTCGAGTATATGCGAGACTGAAACTCTTCGCATCCTCGCCACGGACCTGCCCGAGTCGCGGGGAAACCTCGGAGGAGGGCTATGACCTTGAGGTTACGTGCCATATTTCGTCGCCAGCGCTGCGTCGGGTCCTACTATGAGGGGCTGATTAGTGAATAACAAGCGAAGTTCCGACTATATGGGCTTACCGACGCGTTCGCCGCTGCATACAGTGCCGACTGGGAAGTTCCTTGGCCCTCCCCGGACGCCCGACACGTGGCCCGACGTCTTAACTTCTCTCTCTCGATCGATCTCGGTCTACCTTGTATTCCGGTTCTGGCATATGATTCGCAGCCGTTGTCTTAGCGGAAATGTTCTTGCTGGGTAGTGCCTTGACATGGGTCACACGGAGCAAGTAATCCCCCTCGCGTGGCACTA,922,51.52,Escherichia coli
SEQ_973090,TTAGAACTAGACACGTGGTCTCCTCCCCGGTTTGATTCCACTGCCATCAAGTGCCTTCATTCTCAAATGATGGGGGAAGGACTTTCAGGGCCAGTTCAACCGCCGTTATTTCCTCAAGAATTACTTAGATGGACCTCTAAGAGGCAGTACCGCCA,155,49.03,Saccharomyces cerevisiae
SEQ_653719,TATCTTGTCAATCCTCAATCATTAAACGAGATTAACTGTATACGCATCCATGTTAACCGTTGTCTGTCTTCGTGGGTATCCTGATCAACTAATGCCCAATGAATGGAGGTTTCCATGACGGCTATTAGGTACTTCGTGGATCGAGAGCTCTTAATTCTCTGAGCCGCCGAGCCGATTTCAGCGACGTATGAATTCGTGGTTCCTATCAGACCCTGACTGCCTCACTCGCCAGCAATCCGGCTTCACAATGCAATACAGATATACTGACGATTTAGATAGTTGCAATAGTAAACTCCTTTGTTTCCGAGACCACCGGCAGATCAGAGCTAGACGGCCATTGCTAGAGTAAATTGATGAGTGGGGATCCCTACCATTAATTGCAAGTAGACCAGCATCGGGCTTGCACAAATTGTTAGCATCAGATCAGGTACGGTCATGTCGGGCAAGGGTGAGGCCGGCTCCCCCCAGATCTGATGCCGCAGGGGGAGATTCATATTAGAAGGGCTTTAGTGGAGGCTAATTTGGTAATCTGGGAGGCCTGTCCTAAGATGAGAACTAACTGCTACGCGATTGCCCCCGCCTGAAGACATCACAACTCCGCTTTCTTATTAAGTGGGCAGCATTAGGCATAATTGCGTTAATGATGAGAGTACTGTTAGAAATTCGCAAGACGAGCCCGAGGCGCAGGGCGTTCAGATGAGTCCAGAAGATATCCGAAGTCCTTAAAAAGCAAAAAGCCGAGATGTTAGGTATGGTCGATGCTCAATGCACCCGAACTTCTAGACTTTTTCTGACCTGTGCGGGCAAATCGAGACACTCTACAGATATAAATTGCCTGACATGAATCTAACCCGACCATACTTCGCCAGTTAGTGCCCAGCGTTGGTCATGCGGAAGGATCAGTTCAACCCGCAGCGTTGTTAATTAAATATATTTATAGCTAAAGCTATTAGCAT,956,46.76,Mus musculus
SEQ_353467,AGCTAGGAAGAACCCATTCTTGCATTCGACGGTTGAGCATCGTATGAGTACGGGGTGTCTACAACAGGTTAGACACGCCATGGCATGTCGCCAATACCGGAAGATCTATAAGGAAGCGTCCAGCACAACAAGCTTATGTGCCAACCCTACTGCATTTATAGAGGCCCGAATTACTAAAAGCGTGGCATCGGGGCGCTAGGGGAAATGCATTGAAGGATGCACTTACGATATCCCGTGATTTTGCCTAATCCCGGTATCAAATCAAGCCATCGTCAGCAACGCCGCGGCTAGCCTTTCGTAGACTGAATAGCCCATCAAGCTACCATTGTTTTTATCGCAAGGAACTTTATACCCACCCCCCTTCAGTCCACGTTCTTTTGTATGGTTCGATCCCCTAAATGCATATAGGTGGCTTCACAAGCCAGTGGGCCCAACACTTCACCAGCACAAACAGCCGTAACCCCGCTACCACGGACGTCGTAACGATGCCACCACTTTATTAGAACGCGTCTTCTGACAACGGCGAACCAAGTAAGACCCATGACGAGGTGCATGCAGCCCAATTCCAGCCAGTCGATTACAGAGAGTACAAACTGCCTTCTCACTAAGCGCTTACGGTCACGTGTGGCAAGCACCGTGACGGGCAACAATCTGAGCCGGGCCGAATTGGTGTGGTCTATACAGACAAAACGATTTAGGGAGGCTTAGCCTGAAACTCCGTTGGTGATTCTGAAGACGTTATGTGTGTAAGACGTGGATTGCTTGGATTCTAGCTCTAGCTAGATCGTTGGCTAATGCGAGTTATCAGTAAGAGCCTCACCTGAGGTCCTCACGGTGCGGGAAATGATGATCTGCATCTACCTCGTTGTTGATTGACAGTGAAAGGACGTTCGGAGTCGCGTGAGTATCTGAGTGCCCGGTGAAAGGTTCCCAAGTGTCATAAACCTTCATTTTATCATTTTAGACCGAATTATTTGGCTCGTTGTTCGCACCATGGCGAAACGCGTAGATGGGGTAAGACAGGGCGGATTAACGCAGCTACCGCACTAAGCCAAAAAAGGTTCGTACCTACTGTTCAGTTTGCTATATCTATCATCACTATCCCCTTTTCCAGCGAATCCAGTCCAGAACGAATCCCCGGAGCATATCTCATGTAGCGTTGTGTGAACACAGAGTGCAGCCTCATGTCTCTCCTTAGGGACAATGAACTTCGTCCCGCTGCTTATGAATCTGCGTCTAGAGGTATACTGTGTTGAGGAACGTACTGTGGACGCGCTCTAC,1281,49.41,Homo sapiens
SEQ_381531,GTCCGGCGCCTACATTTAATCGTGTCGCGCTCGTTTGTGGGAGATTGTGACCCTGACAGCAGGGGGCAGCGCACACCCCGGATGTTAATCCTTCAGCGTTGACGAGAGAATGCATATTAACACTCCTTAATTCCGGGGGCAATCAGCGGAAAAATTGTTAGGTAAGGAACTTAGGTTGACTGGACTGTTTTGCGTGCAATATAGATTGTGGATGTATAAATAAAAGTGAAAATATACACGCGGGCAATTCGCATCGATTACGCAACTTCGTAAGTATCCACTGACCTGGGTCTTAACGAAGTCGCATATATGGGTATCCTGGAAGCATGAAGATGATCCGCTTTAGGAAAATGTGGAAGTGGCAACTTTACACACATAGAACTAGGATAATGATATGAGGCCCTCGTTCTCCATGCCGAGTAAGAATCTACTTTAAGAGAGTTGATTGTCATGGTGATTATAAAATGAGCTAGTCTGGCGGCAGGCTCCAGTATGAACGGCACGAAGGTTTAACGCCCTTTTATAGTGTAACATGATCGGCAGAGACTACTCAACGCATTGTATTTGGATACGGCCCGATGAAAGTTAGGCAATCTAGTACGACAGTGAGTGTCAAACGGTTCAAGGTATTTCTCGGTACGCTACACCGAATCTCTCCTGCGGCAAAGCGGAAAAGGAGTGCCGTCCATCAGGACATAACACATGAAACTTTGCCCGCTTAAGTTCCTAATTCTGTAAGAAGTTTTGCAAAAAAACAATCTGCAAATCTGCCAGCAACCTAACAGCGTTACTGAGCTTTTCAATTGAGCGAACGGGGAGGTTATTCAAATGGCAGTACTTCGCAAGCGCAACGCCAGCAATGACATACCATTTATGGCTGGTCGCTTAGTGAGTATATCTGGTTCAATGCAGCCCAGTGTGTATTGAGGGTGATTGATCCGGCCCTAGATAAGATTTTGAACTGACGCGTATGGAAACCTCTAATCGGTAATCAGTTATTACGTGAAGTGTGCAGCATTACGTTTCACGCCCCTGGGCCCACTCGGCTCTAACACGTTTTCGAAACAAGCCGGGTGACGGAATCAAACTACGGCCGGTTTGAATGACATAATGCGGACTACATGGCGACGATGCGAAATCGGTCGTTCCAGTGATGGAAGCTTTGACTCTGGGGGTCTCCCGTTAGTATGCACTTACACCCAGGTTCGCTGTAGCTCCTGGACGACCGAAGCAGTAGGCAGAGACTGATCGAAAGGGGCAGCGTCCCCCGCACCTTGCGAAGAGTAGGCTTATAAGTGACCACGGCCCGCCTAGAGGACAACACAGGGGCTCAGTTACTCAGTCA,1345,47.73,Arabidopsis thaliana
SEQ_947003,ACGAACCGGAGGCCTAGGTGCCAAGCCACGATTAGCCGTTACTGACCAACTCTTGTCCTGTGTTTCATTGGACAGACTGACCTCTACAAGTGCCGCATGCGCAAAATAACTTGTGTCGGTGTTGGTTCAACGCTGGGAGTCAGAAGTCGGCATCTCCCCAGATGCCGATCACTGGGTCATAGGTTAGTTCTAGGACTCGGTAATCAGGAAGACAGGTTGGACTCGAGGCCCCAGAATGGATCGAGTCGATACCCTCCAAGCCTCGCTCGGAAAAAGTGGAAAATGTGCATGCGAAGCTACGTGGGAGTGAGTCTCACGGTTATCTCATTTTCGATCCAAGGCTATTAACGGGGATTCGGGGACCCTATGAAACCAGTGTGATCGCAGCGGCAGTAAACACCGCATGTAATTGCTTTCAGCGAACTCTCTGACTGGCTCGCGCTATAAAAAAAGGCACTGGATCTGTTTCGAGCATTTTCTTCTACAAATTGCGAGCTGCTCCCCCGCGGATGAACTGAGCGCCAGCGTAATATATAACAGCGACTTAAAGTCGTATTCGGTTCTGGCGGTAGGCTAGCAGCGAATGCGCCATCACATTATGGTTAGTGACCCGGCTATTTGTTAGCGCCATAAGAACAAGCCCGATAAGCCAGTTGCCCTGTGTGGTCTTATTCAACGGCCCCCGCCCTATGATGATCCACGTGGGGGGTTAGTATCCATTCCGACATACGGTATTTGAACTCGTGGCATGGGTGTCACCTTGCTTCTACGACGCGGTCCTCACCGGTGCGCTAGCAATGGGATAGATCACGTGACCAACAGTTGGTGGGTACAATATGGGTATCTAATAGCGGGCTATGCCTTGCAGCCACTGATGTCACCCGATGGGACTACCTTTACTTAATAGGGGCAATCTGGAGCCTAAATAGGATTTTCATGTCAACACAATAATATTGCCATCAAACGTTAGTGCGGGGGGTGTTCAACAATTATGTAAAAAGGTCTCTCGCAACGATCACCGCAAGTCGTGTGCGGTGTGTTCGTCGTCAAACTTTATAAGAGCCTTAACCTATGTCCTAGCGCGATAGCTGGGAGTGTGACATACACACCAGTCACGGGTGTCTAGCTCCGCGACGCCTGCGGGCCAAATGCTAGACGTCTGAAATCTCCGACTAGGGCGCGTGAAAGAGAGCGCCTGCAGTAACTCATCCTCTATCCATACAACCGCAGCCGAGCCAGACTTATCAAGAGTCGTACCTCGTCT,1264,51.11,Escherichia coli
SEQ_438171,CTAACAAACAACACTCATACGAATGTTCCCGGATGCGAACTCCGTACGAACTGATTTGTCGCATAGACATCTCCCGGCCATAACGCTATCAAGTGCCAGTCTCCGCGTCAACGCTACGCAGGTGGAGGTCTGGTGGAAAATACTTCCACCACCCAGGCACATATAAGCGCTTTAGAGCTAGTTAGGGTTTTCTGTTTGAACAACAGTCTCACTCATATACTCCCAGACCTAGGTTTCTTTGCTACTGCAGTAGGGGCAAACGTCACTGGATCCAGACGCAAGACCTCTCGACGCGGGAACGCATCCAGGGACAACGTGAGCGACGATACGCGCTCATATCGCGCGGTTAACTTGGGCTCAGGTGACGAATGGACTTCCTTAGGTCGAACACGCAACGCACTCGTCACATGGGTCGCCACATGACTCAGGCTTAAGCTCATGTCGGTCTGGGTCCACGGCTGATTGCCCAAGAAGTCCTAGGTTCAATTGAAGTAAGAGCTCCTAGTCGATATCTACGGAGGGTCTAACACCATCGTCCCTGTGTCGAACATAAGGACAGTTTAAGATTCTATAGCGGTAACTACCACTTTACTAAGAGTCTCTAGGTAAGTGGGCCATGCGAAGACTACAAGTCGTCGATGCCGTACGTATTAAGAGCTACAAACGTACAAGCATGCGGTTACTGGAGGCATTTGGCGCAGGGCAAGTTGATCGGTGTCCGCGACTGGAAGCCTGTTAGGCGGAGGGGCCAAACTGAGTCTCTCACTCTAAGAGGAGCAATGTGTGAACAGCGTCTGGTGGCCCACGCTACGACACGCGGCTACGTGGAGGGACTGTTGAGGCCCCTCCTCCCGTATGCGAAGACCAAGATCGGGAATAAGCAGTTCCTGTGTATTGGATTTGAGGTCACCAGGGCTAATATAGGTCTGTTAGTAACATGACCTTGTAGTGTCGGTTGCAAGAACGCACCTACTAGGCTGGCACTGTCCGCAAAAAAGAACGCACCCGGGATATATCTTCGAGCGTACAGAGGCACGGCGAGGAGAACAATGCCCCATGTTCAGATGAGGGGGGGGCAACTACCGGCACTGGTGTCGTTTTTCAGACGAGATCAAGCATCGGTGCATTGATGAAAATGGCTAGCTGAGCTCCATCCGTCGGATTTGATCATCGGAACCACTTATCGCCTGATTACTAACTCGTGCAAAACCGATCCGGGGAAGCATATATCGCGTTCCGGTAGCCCCTTTGTGTAGCGCGGAACGACCGTTAACGCCAAACATCTGCGGAGTGTTTATGGTAAGTTGCAAACACCAGGTATCCCGTAACCCTACATTACCTAGGGGTGGAAAAATGAATGGAGGGCTTGGACTTTGGGTAGTGGATCTAAAATAATATGCTCGTGATCTGATAGCGGAAAGACGACGGTCTCATGATCATGCTGTTGGGTGTTCTACATTGCTCCATACCCAAATAGAAGGGCCTCACCGGGTGGTGATTGCCAGAGCAGCTTCCATTCAACTGAATCATAGTTTTACCAGGGGTGTATACTTACCCTTCGCTATACCTATAATT,1575,50.79,Escherichia coli
SEQ_820410,ATCACGCATCTATGCTGGGAGGGGATTAATTGCCCAGTTTAATGAAAGTGCTAACAGTTATCATAAGGCGTCGGGTAGCCCGTGGTTAAGGCGCATGCGTATTCCGGGCCGCCCCGAGCCTCGCTGCACCCACGTACCTGGAAGCCGCAAACCATTACCTTGAGTACTGGCACTCGCACCGGCATCCCAGAGCGTCCCGATCGTCGACGCGCTATATGCAAAGGCCACGTATCACATCCCAAGCCCACAAAACCACGAAATACCCGCGAATTTCGGCGTATCCACCTTACGCAACGTTGCGTGGGGGCACCTGGAGGGTGGATTGCTGTCTATTGGACTAGTCCTACTACAATATAGTCTCAGTCGTACGTGGTACGCGGCTGATGACAACTGCGCTCGCCGTCTGGATGTGCATGCAGGTTAAACCTTAAAAAGCTTTGAGCACACTTAAGTCTTCAGCGATTGTCCTCGAAGTACACGTGCACTATTCACGTCCCATCAGGAAGAACTGAAAATAAACTCTCGCAATACTTTTGGCATGTCTGGAGACAAGTGTTAAACAGCACTCGCATGTTTCCGTATCTCTCCTACGCGTCCGTGTCGCGGATCCTGTACATGCCGGCCCTGCCACTGGACACTACGCGAGTATCGGATAGCTAGCCCACCATGTCTTCGTGCGAATAGCCCGTGTGCCATGCTAATCAACCGCGGCTGGTAAGGGGCACGGTACACCTGTGATATTCTCGTTCCACCTAATAGTGGCGATGTACCCCGTCGGCGTGTAGCAATCAAGGTTGGATGCCTAGATCCATTCCAGTCCGAGCTCGTGAATTTAAGCCCCGATAATCGCTCCCTGCGTCTGTCGGCCGGAGCGGATTGGTGTATAGCTGGATACACAGGCCAAAACTACGCTGAAGCACTCTGTTCTTAGCGGCGCCGATATTCCGGGCGTCTGCCTAATTATGCTGGGAGCTTCTCTAATACCTGTCCGCTATATCGCAGGCCATACGCACTCAGGCGACCTTAAGGTGTTGCCGGGGGGCTGTTTCCGCCCGTACGCCAGTCTCCGATTGGACTACGTGTTTCCTGATTAGTGTGCAGGCTCATAATGGTGCGGCGTCATTATAAAGGGCGACATTCGTCACGGGAAAGAAAGTTTGTCCAGAGTTGCCAATCGATCATCGAGGACAGGTCAAAACACACTCTCGCATCCGCAAATTTATAACAACTTTTCCCCAGGTGTGGCTATCCACGGCTGTTTTATCTCTACTTCGTTCCACCGGTGAGGTACCTTCGGTTCTCCCGTGCTGATCCACCCATTCCGACAATATGGATCCCCATTGCAAAGCGGACTCACCCATCTACGTTCGCGAATCGCCTATCCAAAAGCGTCCCGCTTTCGCTA,1405,53.1,Caenorhabditis elegans
SEQ_229385,CTTAACAATGTTCGGAAGCTCTTCGACGCTTCAGTGCTGAGGAAATCGGTCATTGGGTCACCATGCAGGTCTAACCGCGCATCGTGGGCTTACCCCAACCGTGAACGGCAGCTACCTGACCAACTGGCACCCTTGACTAATGGAGCAGTAGTCATAGTTCCCGCACCTGTTTACCAAGAGTATCAGTGCATCCACTATCCATCGGGTGTTACAGTGCTTCGGAGCAGGCAATCCCACTCTACATGAGTTAGGCAACGTTTAGACTAGAAAGGGTAGATTGCGAGAGAAGGGCATAGATCTCCAGATGATACTAGCCCAGCGCGGCTCCTATTGTCGCGTATTCGCTGTGTTTTATCTGTTAGTAGATCATTTTGCGACGACCTTCTACGCTCCGGTGCCCAAGTGGCAAGTCCCTGTGTGGAAGGCTGGGCAGGTTACCTAGGAGTAATGATCAGCCATTGCCATCCGATCCCGCAAATTGCTCGTGCCGTATGACAACGCACTGTTAAGATAGCACTTTATCCCCAGATTTTTTGACCCCCGTGCGCAGGGCTCTCGGGCATATCTCGAAAAATGCTTATATCCGTACCCACATTACGGCCATAACTAAGTAGGCCGCGCCTCTTATACACTTGCCTGCTCGCCACTCCCGCACTGACGTCGCAGTACGAAGCAACTATTTACCGCGTAAGTCCTTAATGGAGAGCTGGGTAGGGGTGCCTGAGTAATGGCCCCCATGGCACTGCCTTATGAGTCGTGTTGCCTGAA,768,51.95,Escherichia coli
SEQ_993404,ACCCCGCCTTGTGGAGCCAAGACGCCTTGTACAACGTAGCTGAGTCTCTAGGGATCTAGCCAGAGCAGATCGCTGCTACGGACCAAAGTAAGCAGTAGGATACCACGGGTGATCTTGTGAGAATCTAGTAGCCAATCGCCTGAGCCGCAAAAGGCAAGCAAGTGTAAGTTGTGAAACCTTGGTGTGCTCTACACACCCCCCTCGATTGAGTCGCTAGTGAGTTCCGGAAACTCATCCGTCACTTTTGTACAGCTTTCGTTTCAGTCCGGCCTTAATGGCACACCTAGTGCTACCAGTCCGTTGCTATTAGAACACGGCAGCGTATATATATAGATGATGTACGGGGAGTGATTATCATGACCACCTCTAAATGGCGTACAGCCCATGGGGACATTAGACATTTGTGTGTATCGCTATTGACTACACGCGGCGGGGAAAAATACTGGCCACAGATTTCACGGATGTTATTACACGTCAACGCATGCCAATCAAGAACGCAGTCGATTCGTGTGAGTGCTTCACCAACTAAACGCGGGTAATCCATGAGGCACATAGACAGGATCGATGCGGGAAAATGTGCTCAACTGACTCACGTGTCTCAGTCGTCTTAATTACATTTCACTATACCGGATCCCCTTTTTTTGATGGAGATATACCCGGGGGCTATTTAGATTAACCTGAGAATGAAGCCAGGGGGCGGCGTCCGAGTGTGTCTATCCTTAGCTAGAAAATTCGG,736,48.91,Caenorhabditis elegans
SEQ_835549,CGCTGATACAGTTCGAAATGAGAGGCGAGTTTAGCCCGGAAAGCCGACCAATCAATGATACTAGTTGCATATTACCAAAAAAGACGAGTAAATTAGGAACCTGGTCTAATACAGTTCTGGATCCTCACCCGTACGTAGCGTACGTAGTAATGGCAGACTATAAAAGTACGGCGGGTTATCGCGCGCTTTCCCTGCATGGGCAAAACCGACCTAGTAGCTCCCTAACAAGATATGATTCTGAGCTTCAGATACCCGCACGAGCATTACGAAGCTAATCGACAATCTTTGTTGACGGCTAACACAGTTACAATGACATGTTTTGCTACG,327,45.57,Escherichia coli
SEQ_122397,ATGCAGTAAAAATATTTTAGATCCTCTCCGGAAAGACGACTATGATTAGCGGGAATGTGTGCTATTGGGAAAGACGTTAGGGACAGCTTGCCAACCATGTCGTGGCATTGCATATACCAATCAGGGGGGCGACTGGACTGTAAAGCAACGCCATTCCTCCCCAACCCCAAACATTCATGGCTAGGGCCCAACCTACAGCTCATACTAATCTAGACAGCAGTGGGGTAGACCATGCTGCGTATTAAGAACGCGCGTATTAGTGACAGCTTTCGTCTGTGGGTCTTGTTGTAGTAGGGGTTCGGGATGTCTTACTTCGCACGTTCCCGGGAAATATAGACTGAGGTTCGTTCTTCTTGTGTTCCTAACTTGCGCTGGGGAAAGCGGTATAATCTCTCCCATCCCTTTAGGGGGATAACCCGGTAACAACGGCGGTTCAACTTCGCGATCTTGTCACATGGTCGAATACCTCTGCAACCGCTGAGGTACGAAGGGGTGCTCTGATGGGTTGTATTTGCTGAAGGGAAGGGCGTGTGTGCCAAAGTGCCTCTGACTCCGGGACTCAGCGAATCCCCCGTAGACCTTCTGTCTTCTAGCTTCGTGAAGATAAATCCGTTAATCCCTCATCCACGTGAAAATCCAGAAAGAATACATAAATTAAACACTCCACGCAACTAGAGCCAAAGGAGGTCACAAAGGACCAGCTACGTGTACATCCAGTACGGGTGCCCCGCGTTATCCTATAGCGACTTAAACTAGATACTATTAAGACTGCCACTTGAAAAATTCACAGATCTTTGAGTGGGTGAGTTTACATCCAGTCTTGTACTAGCAGTCTCGACGACCGTCGCCCGAAGCTAGGCTTTTATACTGGAGTCCAGCGGATATGATAGATGTATCCATAGTACCCCGACGGGCGTATAGTGGGACCTATCCAACAAGAATATTAAGACACGCGACCTGCTGGCGTACTAACGCGCGGGCTGGGCACTCGAAGTTTCGTAAAGGACACATATCCATATGGAACTGTACTACGGAGACGCGGGTCCTCTCGGAAAGAAATGCCTCCTTAATACGCTAAAGACGCCAGAAACATTTAGGCGGCTTGGTGGCAGGTGTTGCAAATGCAATCTCTACTGGTGGCCTTCAACTACCCACCCGTGCCTGAAGCCCCCAGCAATCTACGACTTGCTGGGTTCGTGCATTAGACATGTTTGCACCATTTCAAAGCGTCCTCCGGTAAGAGACGCCAGGCTAGGCTCCAGTAGCGATAAGGGCAAATGAACGTCCACTTATCCCTAGAGGTCTGGCCTCTTTCCGGTTGAATAGGTCAACCCAATGATTAACACCCTCTCGACCCTCTTATTCTCATGCGAGTAAGGCAACTTTAGATATCACCAGAGAATTCTAGTTTACATCGCTCCGTCCGTCGCATCCGTAGATTGCCGGCCGAACAGATTCATCCCGACGGCCATTCTTGACTCGGCTATCTTGCAAAAGACTACTATTCTGGGTACTTAGGGGCAAAGCCCTGTACACTAATACTACAGGCGCTAGTCGTTAATGAAATCAGACCATAACTTGCTTCCCTGAGCCCATGTGCCGACACATTATGCTCTGCGCTTAATTCTGCATATTGTATCCATCGCTTATATAGGTAATCTTTATCCGGACCTCGTCTCAGGAATTAAAATGTAGTCACGGTAGCGGGGAGGCCGCTTCCAAACTCCACAAAAGCGCTACGTCCAACTCGGCTGGTGACCCATTTCGAG,1769,49.29,Saccharomyces cerevisiae
SEQ_869924,CTATCTATCTTATGGTGACGTAGCTGCTCAAAGATCCAATAGTATTGCCGAATCAGCCCACACTGTATGACTGACGAGCTCCCAAGAGTAGTGAGATGTGAACAAACTATGAAAGTGTGTTCTTCAATGGCTAGTTTTAGATGACCGTAAGCGTAACTGCGCACCTTCGCCATACGATTACTTTTGGACGGCTACGTTAGTTTTGACAACTACTACCGATTGTAGTTTTGGGTATACTGTTCCCTAGGACTGCATACACACTTGGGCACATGAGCACGGGACATGGGTCCGTCAGTGTCGGCGCCCCTAAGAGCTCGTCGCTGGTTGGCATCAAGGAAACTCCTCTAACTGGAGGCAATAATCTAGCATATACACTCTCGCCTTCTTTATGAACGATTTGGGACGCCGGTCCTCCAATGGAACCTTTCTACCGTCTAGTCCCACCAGTAGCGTCTTGCTTCAACGTACTGAGGGTCTCCTCGATGACATTGCTAGCAAGTACCAACACCGAGTAATCTTCGGTATATTGTTGAGACCAGCGCCAGTAGGCCAAGATTATACCGCATGTCCCTGACGGTTGCGTTCTAAGCCTAAGGACTTTCCAGATTATATATAGTTGTGCCGCGAGATATAGTGTACTTGAGTCAACTCACTAACGTCTGGTTGATGGCTCTGGAAACAAATTTGGGTCTCAATGTGGAATGCTAGAGGGCTCCTCCCCATTCTGAACTACGAAAAGCGCCAGTAAAGCGAGGACTCGGAGGATAGTCCTCGTGCCTCCGTCATCCCTGAACCCTAATCGGATACTGTACCCGAGGGAATAATACTCCGACTGATCTTCGACCTAATCCCTCATTGTATAAGGAGGGAAGCCCCACAAACGTTTAAGTTCCCTCTTTTGAACCCTCGATGGGTTGGTCTGAAGAGGGTGTAATACTACCGAACATGACAGATAGGCGGGGGGCTTTCGTAGATGGCCCT,981,48.42,Drosophila melanogaster
SEQ_472408,GCCGAAAGTTGGGCTTACACAGGCCCACAAAACTCTAGTTTTCACGACACGCAATATTTTGCTTTGTATAGCAGGGCACTGGTGTCTCTCCCGTGGTGTGTATAGTACTCCTAATCAATATAATAGGCGGCAAACCTTTACGCGATAAATAGCCAATATCTCGGTCCGCATTCATGTTACGGGTTTGCATCTGATCTTGTGACAGAAAGCCCAAAACCGGTGCAGCATGGGAGTAGGTCTTGAACTCTCATACCACCCGCCACACTCTCCAGGGAAAAAGTTGCTAAGTTTCCTGAACAGAAGGAATGAGCCGCGGGGAGGATCCGTTTCCTGCAGCTTAAAATGTAGATGAGATGCTGGTTTAAGGATACTAGGTGAAGAACTAGTATTTGCTTGCTACTGGTTTCTCCCAGGCAGACATAAGCCGATGCAATCACGGGCTTTATAGGGCCATCAGGCGGATGGGTGGTGCAGGTATGACACAACCGGCAAGTACCGGGGGGAATTACGACTTTGATGTAAAACAAATGGCGCATGGCGCAAACTGCACGGCATACTAACTCTATTGCACCCGGGAGAGCACAAGACTCCATTGAAATTAAAGACATATATGGGTGCGTAGCAGCGAACGCTTTCCCGGGGGAGCCTGTACCGTCACGCAAATTTCACAAGGCCCGCTAAAGTAGATAGCCCACAATGGCTCGTTAGGGTTCTCACTTACCGCCATCACCGCACGGCTACATGCGGTCAGGACCTGCGGTAATCCAGAGCGTGCTGGCTCTTGTTAAACAACAACTAGAACTGAAAAGCCCAGTTCGACTTTTTAACTAATGCTCTGGCCAGATCCAGGGAACGTGTATGGTAGTATCCTAGCAGCTACCGGATGTGGTAGCCCCAACCTACCGACGGCTTAGTGGGCAATCCAGACGGTTAGTCCAAAAGATTCACCCAACTAAGGAGGCAAGCCAGCTTGGTGGAGCTAGGAGGATACGGAAGTACAGTGCGTTGTGGGACTTACACCGAATAGGTACAGCAGCTCCACTCTGGCTCCTAATTGCGCGGCGCCTCTTTTACGCCATGTGCATCGTGGTGATAGTTCTAGTCATGGAACAATCTTGAACCTCGTGGACTAGCGACGAACTCAAAGTACGAACGACAGGAGATATGCAGGCTCGATCAAAACTTCCTAAAGTAAAGTAGGCGATGCCTGTTTCCTGAGAATATCCCTGGGGCCCTGGACCTTGGGGTTAAATGATCCCCCACCTCCGAATACCAGGGCCACACCTTGTGGAGTGGGCAAGGGAAAGAGCCGTCTCCTAGGTCAACAGTTTGTCCAAGAGTCGCGTACCAAGACATCATGAGATGTCTAGCTTTCACAAGAAAGGGAGGGTTGGCGACTACAGCTGTTGTCAGGTACACCAATGGTGCCAGGATCACAGGTCACGGATGGCAACCAACTGTCAGACTCAGCAGCCACCACTGATCACTCATGGCCGGAATTCATCCCACTGGTATCACGGTGGTCTGCATGATGACGAGTCGTGTTTCCTTGCCTTCCTCTTCGGGCTATTCATAACGATTAAAA,1585,50.41,Mus musculus
SEQ_914038,GTACGCATCAAACGGTACTACGGTTCGGGACACTCCGCAAGGCTACACCTGCGGCGAACCGTGGATTTTCTAAAGGCGAAGCGGTTCCATATAACCTAGCTATTTCTCCCGCAACTTGGATAAAACTCAGCCATCCTGGAGAATAAGACATGAGCAGTACCTCGAACTAGCCTTCACTTCGTACGTAACGAAATATACGGAGACGTAGCGTGCACGCAGTCTTCACAGTGACGCGGAGTCATTGTGTCAAATTGGGGCCCAACCGCAGAGGCTATTACTTACGTCCTACTCCCTGGACTTAAACTTGGTCCTCAGCGGTACTTACAACTTTACGGTATTTTTGGCTTGCACTGGGAACGTCTCTGAGTAGATGCATTTCCTGTGGTCGTAGGTTCAGTGCGGTATCGGACCAGAAGATCTTTAGTCAATTAGTTAACGATCGATATAGAGGCGTGGTGCACGGCCGTGGGGTTTCAGCACTTCAAGTTTCAACCGCACACAAATAATACCTTGTCCCAAGGGTCGCGTGCTATGTACATGGTCAACTACCTCCAATAATATATGCAACTGCGTTAACACCACTGTAATCTTGCACACGAGCAAGACACTGTTTACACTTCCGTATAATTTGTTTGCAGCTTTCGGTTGTGTATGCCCATTAAATATTTGGCTAAGCTCTGCTGTTTAAAGCGCGGTCCCAAGCAGGTATCGAAAGACTAGGGGATTTACGGCCTACCGTGGGCGTGTGCAATGAATGTTGCGAGCCACTAATCATAATTCGGGGGAATTCGACTGCAACATAAGGCTCTAGCACGCCCAACGTTATACTCCGATCAGACTAATACACGCCCCATGAAGACGCCAGTAGGATTTTTTAAGGGATAGGAGGATAAACAGTGCTTCTCCGTAGAGTGTGCCAGGTGGCGGAAGCGTAAGAAGAGGTCAGAGATGTTCCTTTAAGTGCATGGAACTGGTGAGATTGCTTGATGGGTCCTTTATTAAATTACGCCAGCTGTTTAGGATCCGAGTGCGTCGACCAACCCAGGCTGAATGGCGTCTCGCGTCTAGCTTTCATTTTTAGTCCTGATCCCTTCATTCCTTGCCGATGACAGACGACGTACTACATTGTTCTTGAGAAAGCGTTCGTCTGTTACAATCACCAATTGCAGCATCACACTCACTGCTAATATCATCTTTGTAAGTGGAAGATCATCTGCGACCCCAG,1225,47.67,Arabidopsis thaliana
SEQ_329109,AAACCCGACCTAACGCCCGCCAGAAAGCCATCGTATCCGTATCTGGCCGAGCAGACCAGCCTGGCAAGCTCATTAATTGAACACGCAGATCACACATCAGGACGATCTAGGGACACTGGTAGTGGTAACCTATGGTTACGAACCGGATCTATGATCTTTCATACCGGGATTACGCCGAAAAGTTGAGCTAGTCTGGGCTCGTTGACACTGCACGATATGTTCTGATTTTATACCAACGCGACTTCGTTAACATCTATGCTATTTATACGTGGTATCCTCTGTACCGGAACCGCGGGCCATGCTGCTAACGCATATCGGACACGTCCCGTTAGATTAGGTGGATGCCAAGCATGACGTTTCGGCGTTCTAGTGGCTGTTAGTTCAAGTATCCCAGAGGACTTCAGCGGGTGGGATAACGTTGCTACATAGCTGAGATTGTGGGGAGTTAATACTATGGATCCAATTGTGAGGCGAGATCTCAATGTCTTCCTCATATGGAGACGTTAATATGTGGCTCGCCAGCAGACGTATGAGCGTAGCTCGGGACCTCGAGTCATATATGATGAGTTCGGGGCTTACGTTTCCTTCGGTTCAACCATTACAGAATCCGGTATAGCCAGGGTAATCGGAGTCATGATCGGCTGTTATGCAATGAAGGAAAAGAAAACTTAGACTAAGGGATATAACGGCGGACCGAGTCAGAAGGATTACCCTTAAAACCAGATCAGACCTTGCGGGCACCTCTGCGAGAAAATTAAGTGCTTCAATTATTCGGACATCACCGCATAATCGCGATCCGCATCATGGAGTTAAATAATGTGAGCTGGCTGATCCACCCCGTTGCGGGGAGTGCCAGTACGGAGTAGCCACGCTACGAGACCTCGACGTATCAACGGGGGGCTTAGCATCGACACATCTAATAGGTTTGCGTTCGTTTGGTGACACCAAACGTTGGCGACTGACACGAATCTTAACTAGTACATGTGGCACAGTAGCAACTTCGAATATCGTGTATGCGGTGACCCTCGCGCGGCGCTAACGTTGTTGGATCCCCGAGCGAGGTGGTCACAGTGACAATGACACCTCCGCCAGTGAGTGTAAAAAACTTCATTAACCAATTTAGCCTCAAGCTTTTCTAAAAGTGTCGCGAAATATGAAGAGACCGTCTCGGGAGTTGACCCCATCGATCTGGCACATGAGACCGAAGTCTGAGTAGGCCGGGACTGCATTTTGAAATGTTTTCGATGCCGGCACGGGTTCTCCGCGCGACGCAAATACTAAGCCTGAGATCGTCGCTGAGCTTGGAAAATTGAACTTTGTAGAAACCACCTCTGCATTTAACCATGCGACTAGGAAGCTCGTCAGAGGGCATGCAAATAACCCGCGAGAGACATGCCGACATCGACGCATAGCCCGATCGAGACCGTATCAAGGACGACTCCCTGGCGATTTTATGTCCCGGGCGGTGGGTGTTGAGCACACCAGTGGCTTGACCACACCAGATCGTACAAGAGGCTGCATGAATAGGGCCCCCCTTGCAAGTTGTAACGCATAAGCGGTCTTGTGAGCGTGCGGTATTTCGGGCACGACACCATGTGTATGACGAAAAAACTTTTATCATCTGGTCCGGGATTAATATGGACACGAAAAAGAAACGATCGGA,1663,49.91,Saccharomyces cerevisiae
SEQ_465858,TGCTTCGAAGGCTTGATTAGTGTCAGGACTTCGACTCCAGATACATACTCCAGAGAGCACAAGTATCGCCCTTCTTTGCGCTGGGGCATCTGACCCGGCCTCAAACCCTTGCTTCGCCATAAATCGGATTGGTGGACATGTCGCGCGACCTCCACGATCGCTAGAGTCGTGCTTTCATACGCCTCGGAGCGGATTTTAAAGACCGTTGACGTAGTCAAACGGGGATTCTTGAGTCATTAGTCTGCAATTTCTAGGTTAGCTATGACCGCCATTTTAGGACTAGCCTCAGGGCTACTCGTCGTCAAATCCTCATACCGTTTTAACACCAAGTTCAAAGCGATTAGCGAATACGGATTCTCCCTACCAAACTGAACAATAAAAAAGGGCCAGGGATTTCGCAGCACAAATATGCGAACTTACCAGGACCCATATTCCCAACTTTGGGAAAGTGGAGGACTAGGCGTGAAGTCTCGCATCGACAGCACAGTGTGGCAATGCTTTTTAACCGCTCCATTTCGCTCATAATTTGGTTATTGGGTGGATTCTTTTGCAGCAGTACTGCTGCTGATCTTCAGCAAATAGAAAGGTGCAACAGCTAGCAGTCATGTCGCGCGAGTTGTTTTTGTGCAAGTATAC,636,47.96,Escherichia coli
SEQ_423053,AGCCGGGCGCGGGGTCGGTAGTACTATTGGTAGATTCCCGGTTATGTGAGATGACAGTACAGTAGTTAGAATTGAGGTGCTAGGTATCCCTGTTGAAATCATCGACCCGTATGTATTCAGTTCGTTACATCTCGTGTGTCACCATCGAGATTGCTCTAAGCAGAGTTTGTCATGTTGCCCAGGAACGCATAGACCAAGGGCTGTGTTGATCAAGGGATTAGACCGGATCCCTATCTTGCAAATAATGGGTAACACAACCGCGCAGAAAGTCATAGGATTATTAAAGGTAATAACTGCCTATGAACTTACTCATCTTTTTGCACAATCGTTGAAAGTCCGCCAACCACATAACGTGTATGATTATTGCCGGACGAAGTTCTAAAAATGGCCTTGCCCGAATGGCCTAACGCACTACGTGTTTATACGACTGTCACGAATGATACGACGGCATAAGGCGATTCATATTCGCGTGTTCGGCGCCGTCAGGGTTCGGAGGTTGATAGACTGCACACGGGATAACCCATGCCCGGGACTCGATGCCGCCTGTTCTACTCAAAGATATGCTCCGGCAACGACGCGCCACGGGGTATAGTACGTCACCGCATACTAAGGACCCCTAGCGGAAAAACGTTCGGGGAGATGGTCTCCCGTGCAGGAGATGAAAATCTTGGGGAATAAAGGGTCTGAGCAGCGTCTAGGTCATACCTTGCGATATATCAGTGCCTGGTAGTACGATCGAAGAGATGATAAATGTTCGACGATAGGATCGGGTGTTCCTCCACAATCCGCCTGCGAATGCCAACCACCGGACATGGTCCTTATGCTACGCAGATGGATCCGTACGAACTATGATGATCTACGAAAATCAAGCTCAACAGCAGGAATTCCGCTTATGTTGAGTGGTTTCGATTAGTTCATCTGTGCTCCGCGACCGTAGGTATGTAAGTGGGTGTGTATTAACAACTAGCGTCTGTAAGCCAGGGGATCTTCAGAATATAACCTCTTTGTAGGAGGGTTTAGTACGGGGATGTTACTTTTGACAGAGTTTCTCGTGAACGTGACGTCCGATAATGGCGACTGCCCCGATACAGTCGAGACATAACCTTGTGCTCTGGCCTTACGTCCCTTACCAATTGGGTTCGTCACCGTCGGACTCTCTCGAACGAGTATTCGATACGCAATCAGGGTGAAGTAAATACGAAATATAACAGCCTTGTAATGTCAAGTCTCGTACGGGCTATGCTGGACTCCCGGAGGAGGGGAGAAGTGCCTTCGCAGTACACCTGGTGCGCTGCGCGGGCCATTAGTACCGCCATGATTAGGCAGACGTACTCTAGATGTTTACGGTGCTACGTCACTCCCTAGCGATATCAGATGTGGACTACTGCATACCAAGCAGTAAGTGCGTCTGGATCAGCTGGGAAGACCTTAAGGTGTACTCCGAATCGACCGACGAAAAACGCTTCATCCTACTGTGGTTGAATTCCTCAGTGGTGAAGTATTAGCGCCTCATTACTTCCCACCGAAATTGACCTTAGTGGTAGTGCATA,1550,48.97,Homo sapiens
SEQ_327463,GATCGGAGACGATTTTTGTCTCGGGTCTGTCTGCCCCGTATACCATACCGAGTGAACTCTTTCCGTAATTTGAGTTGACATGAAAAATTCGTCGTGCGGGAATCCCGTATTAAGAGAATGTCGCCATGGTGGTCTGAATCTGGACCACGGCTTGGGCGATATTATGCCAGTTCGTATTCACTACTTATCATACAGCGCCGGGTCGAATATACAGATGTCTTTTACTTCGGGGCAGTCTCCGTCAAAGAGGGCTAATGGAGCCACCAGACGGTGATCATGACCTGCCGGGCAAGAGGCGATCCGCCAGGCTCCGTATCCCAGGTAGCTGTGTCGGAGACTTTCCATGTGAGTCCATTGACTGGCCTCAAACAACGATCCGCTGCCTTATTCGAACAGGGCCGTAAAGCGCTCTTACGCGTTTGCCGCTGAGGTCTAGTGGTCATGTGTTTTGTCCTGTGATGGCCATTGGCCTCTTGGTGATTTTAGCGGCTGTCTAAATCTGTTCAGTTTGGGTAAATCCCTAACGTGTGGACCCGTAACTAGGGCGTTAGTTAGTCAACGTATCACCGCTGGCCTATTATGCGTCAACCAGTGACTTTGGTGTTGCCTGCGTGAGCATAAAAAGATACGACCCTCTTAGATAAAGTTCTAGGAACCGCTCGGTGAGCTCGTAATCTAATCAGTGTGCGAGTAAGCATGTTCCTCCTTCTCCCAGACGGTAGTTCGAGTCCGACGAAGGGGGTGACTAACAGCGTTTCGAAACAAACACTTAAAGCCTGATCTTGGAGTATACCAGAAACTAGGGCGCTGGAACCAAAAGTCGCGAGACTGCGTGAAGTGCGCCGGCTTACCACGCCTTCCTTTAGCTGAAGTCTCTGCGATCGAAGAATCCCTGGTTCCTGATACGTGTTGCCCCGAGATCATGTGCATTTGCTAAGACCAAGGATACTACAGAATGTATAGCTGGCCTCCGAGACTCCAACAACCTGACCGCGCAGGAAGCATTCATGTTAGTGATCCCCTCGTACCATAGCGTCAAGTTGCGCGCAAACCGTCTTGTCCTAAGGTAAAAATAATACTCTTAGCGAGAGGCGCACAACCCTGGTCGAGTCCGCAATGGCCATAACGAATGTTTGTTGTCTCCTCCATAAAAAAAACTGGTAGTGCGCGAGGGCGCTTGGAAGTCCTTCCTATTAAGGGATGTTCGCCGTGGGGTAGTGAGCCGGACACGTCTCTTGTGTCCCTGCGAGATCAAGTTACGCTGACGCCCTAGTTTTCTCAAAGTGCATTTGCCGGCAAAACCGAAGAGTCCCCGGGAACATCTCTGTCTCCATTCGAATAAAAGTATTTGCTTTTCAATTGGGCTGCATACTTCAGAAATCACTGATACATGTCGGCTAGACAGCTGGGATAGTTGATATGGCCCTGGATAATTCCCCCATCTACAATAAAGTAAACATAACCCTTAAATGCTTTCGGAATCTATCGTTGACTTCTTTTCTGGCGGAGCGATCGCCTGTCGGTTGCTTTGCAGGGAGCGCCTGGAGTTAGAAATAGTGGCGGTGGCGTAAAAGAAGTGCACGTAGGTAAAGCCTACTGCCTAGATGCCAGGCTGTTTGAGGGAACGCCGGGGTTTGAACACTTATTACTACGCGTCCTAACCGGATAGAAAATCGACGACAGTATAGTTAGTTGTCGTTACAGTGCGGATCCGAGTATCGACTGGTCCCCCCACGATCCAGGTATGCGGACGCAAGCACTAACTTTCATTCATAAACAAACTGTTTCGCTACTCGGCCTGTGCGTGATCGGCCCAAGTGGATTGCTAAGCGATTTAGTCCGACCGTCGTAGAGGGCAGTGGGTCCTACTTGAATTT,1877,49.97,Saccharomyces cerevisiae
SEQ_458668,CTTGTGTGTGGCCTTTGTGCGGGCTACGGACGCTCTCCAGGAGCTGGCTTTAAACGAAGATTTACTAGTTCTCGTGGAAATCAGTGCATTGAAATACCTGCGAGGGATTACTTATGCCCGGTGGACGTTCCTTTGCGGGGCGAACAGCTACAATATTGACTCTATATTAATCATATCAGTTCAGAACGACATCCTCAAAAGGTTTTAGATTCAAAATCGAGGACATTGGTACTTCGGGTCGTGCGGGCGCCCAGCTGCTGCGCCTATGAAGAATTGACTTTCTGCTAAACCCCGGTCGAAACTAAAACCAGGCTTTAATGCCTTCGTACAGAGGTTAAGCTGCTGTTAAGGGTGGGAGTAACGCTTCAAGCCTCAAAGTCAAACTGTTAGCAGGTGGGGTACGACCCATCAAGAGTCCGGAGTGTCGTCTAAAAGTCTGCAATTTTGCCGGGGGTATTGGCTCTCCATTGTACTTCACTCTGGCTGGACACTTTATGCTAGCCGATATCTGCTCTGTGCAGTGCGCAACCCAGAATAAGTAGTGACGCCGCAATTCACTCCTCATCTATACACCGCAAGGACGCTTTCTTGGAGTACGTTCGCAGAGCCCCTAGATTCCCAATACTCACAATAACATGTCGCGCCATCTAGGTGGAAGAGAAGAGTCAGGCCCGTCTAATGAATAGCCATCGAGCTGCCCACAAGCGTAGTCCACGAGTTTTTGCTCGGGCCATTCCCTCTGCCCCGGTCGCCGCACGAGATGACATTTACGTTTGGGGCCGAGCTATGATGAGTAAGCTGAGAAATCCAGCAAGTCCGCACACTTTGGACAAGTACGAGATCAGGTTAACCCTACATATGCCGCGACTGCTTAGATGTAGGCTACATCGCGAACATCCTGGAGTCACTTGACAGCGTACAACTGTACATCATGCCTCGTAGGTATAGCGCTTATATACTTGTCTACGTTCGTGTCACTCTCACAGGCAATATCGAGTAAACCTGCAAAATGAATGTCCGAGCGCCGTAGAACGAGTGAGCTTCGTAACCGGCAAACAGACACTGACGGGATGCTCGTGTAGTACCGCTCTCCACCGTAATAGTTCGAATGATGTGCGGCGCAGCGAGCAGCAGAGCAAGGTCGAATAGCAGAATATCCG,1160,50.09,Mus musculus
SEQ_451321,AGGTCCCTGATAACGTCGTATATTAACGTAGATACACCGGTCGAGTCATAATACCCGTTAACGCGCACGTGGACAATACCCTGAAGAGTACAGTGATCTTTTAGTCGCTCCTCGTCAAGACTTGGGACTCGATATACGTCACGTACGGAAAGGGATTAGATCATTTCCTGCCACAGTGGTCTGGATTTCCGTGAAAGGGCACTCTAGTACTGCCATAACGTCCGAAGCATCCGCACAGACGGAGCGGTCAGAATTCGTGGTGAGGCAAAAAAGACTTCAGCATTGAGTCAGAATGGGTTATAAGCAGCAAAACTCAACACGAAATCGTAATCCACTTGTCCCTAGTTCCCGGGCATCTCCGAGAACGTGCGATGTGTCAACCTCTATCAGGAGGCACCGTTGGCACACCGCGAGTACTCGCGGCGAACTGACAAATGACCACATAAGTATATTGACCCCTGGATTGAGCGTTACCGAGAACTTACATTGATTACCGCGATCCGTCAGGGGCCACAACGGGCGGGAACTAACGGGTTCAGAGGCATCAACCGACCGGTGGCAAGCGTTCCATCTTTCGATCATCTCTTCGTTGGAATAACGATTCCGGCTTCCTAACTTGTGTTCATAAGCACGCCTGAAGTGAGGGTTCGTTTGTTTAGACTGTCCCGCAAGGCAGCGGTAACCTTTGGAGTACCATACGCAACATGGAAACGACTCCTTCAGTTGACTAAACACGAACTACGTAACTCCTTATGCACTGGAGGACCACATTTAACCGCAAATGTTAACTGGCCACCCCCTGTACCTCAAATGGTCCATGTGAATCGCGCATGCGAACTTGGAGAACCGTTGTTAGCCTAACTGGAGGCTAATCTATCACGTAGGGGGTACCGTTTCTATAATTCGCCAGAATGGATTGGTTTAGACCCGCACCACGCCTCTTATTGTTTCTACTCATGATAAGTGATGTGTACCTCGAATGAATGTGCAAGGACAAGAGCTGGAGCCGAGGCATAGACCGTGAAAGCACGCGCTCTGTGGGCTTTGGAGAACGGGTCTTCTACAGTCCGGTCGAGCCAGTCACACCCATGCCTCTACACTGCTAGACATCATCCCGCTAATTTCTTTGGCATATGTTGGACTGAACCAACGCATCCCCTGATAGATTTCTGTTCAACAACGTTCATAAGTACTTTCATCTCCGTGTCTCATCGCAATTGGGTACCATGCGGCGCGGCACGTTGTCAGGTACTACGTGGAGCTCTTTGCTCCTGAACATGGCTGACCTGAGAGGCAGTGGTCAACAACCCAAATACATAGTATAGGCTCTAATTGTTACACACGATTGGGTACAACGTGGGGCGTTGGCTGATAGATAAATAGACGATGCAGCATTAATTTGAGCGAGAGTCGATTCAGGCACCCACGTTTACCCCAGTTGTGGGCCCTGGAGGTTATAATAGCAATGTAGCTCTCTGCACGTAGGCACGTAAAACTTAATCCTACTTCGAGTGATCAATCCTTGCCTCTACTGCGAAACAATCCGAAGCCATTGCTCTCACACGCCCAA,1570,49.36,Drosophila melanogaster
SEQ_647670,AAACGCACAAATACCATGTGCAGTAAAAACATCTCTACAATCATCTCAGATCCACTACCCTGAAAAGTTCCGTCTTCGTGCATAGATTAGCTTCCGAACCACAGTCAAGGAAAAATGGGATGCCCGGTTTTCTCCCACGGCTCCACGCGAATTAGACTCGCTTACTCGCTCTGTGATGTACGCGACAGATCATGTCTGGTATGGCGTGATTAGGGTTTTTCTCAGCCGTAATCATATTCATGTCCCTGGTAAGGCAAACAAAGTGGGAGGCGCGGAGACACTGCATGGTGGCAGTGATGTATACAACATGCCACATCTATCCGGTTGAACCTGACGGGCTATAAACCCGTCATCGTCGCTGCCCGACCCGCGGTATCGCGGTAGACCCGTACATACATCCTTAGGTTTTTTCCTTCCGTCCTCACGCAATCACTCGGGTATATGATGGTGGTGATGACCTAGGAATTCCGCCGAACGGAATTCAGAGCTACTAAATATTGCCCTACGGTACAATGAGTATCAACAGTATACTGCTTTTTGGAATGCCGAATACTGATTGGAAGAAACCTACGGGGTGCGTGCGTAACGTCGCCCAGTCGTGTACATTGAGGGTACCTTATGAGCACAACTAATAGCGCCCGTTGTACAAGTAAGCCACTGCAGTATGGCAACCGGCTAACCAAGGATGCGAGATTACCGTCATGATACCAAACCGTGGCCGCCGTCTCTAATAAAGATTCTGCAACAGAGAGTCCTTCGAGAATGACATTCTCATTAATCCTGGTTCCGTTCACCTCCGGTTGCGAGCCGCGGGCGAAGATCGGACAGAAGTGGCTGCGAACACTGCACGCTTACAGATGTCTATGTATCCTATTGCTTCCAGATATACAAGCGACGACCCTTTATATACGAGCCTCTCGCCTGGTGGTGAGCGTTGGAGTCCTAATTATTTTTAAGAAGATTGATCAAAGTGGGGGAATCATGGACGCTGTGTTATTCCTTCGTAGGGCGCGCCAAAAGACCAACGAATAACTCGCAAGAGCCCTATTGAACGATGGGGGAGGAGTACCACTGACAAGCGGATCAGTAGGGATCTTAGGGTATTGTTCTCTCGGTTATGGTAACCCTCCGTATAACGACTACCACCTTCGAGTGCAGGATGAAGGCGTGGGAACAGCCAGGCCGGGAAATAATCCAAGGTGATGCC,1207,49.46,Arabidopsis thaliana
SEQ_603792,GCTCAAGTATCGATGTGTCCACTGGGTTTCGTTCCGATTGATATAAACGCACCTCTGGTCGAGAATGGAGATCCTCTATTTTTTTAGCGTGGATCTAACTTTCTTACTAACTTCACCCCTCAGCCTTGTAGCATCGATCGCGTGGCCCAGCGAGGAATTCATAGTGAAGTACTTTGGCACGTCTCAGTTTGCATTGGACCAGGCGCGCTCA,211,48.34,Caenorhabditis elegans
SEQ_183921,TTGGTTCCCCGAAACTCCGTATGGCTTCTGTTGACCCTCGTAACCACGTCGAGCCAGCGCACAGTCGAGACAATTCAAAAACGCACAACCTTGATTGCAGTGTTATTCGGAGATACTAGAACTGCCAGGGATTCTTACAGTTACTCGCCAGGATTTCGCGGCAAAAAAAAGCTGTCGTGGCGTCATGGACCCACGCTGTGATTCACTATCGCACTAGCCCCTTGAGATCGTGAGCTGTGGAGGCCTTTGCGGATACGATTGTACTGACCTCTAATGTGCCACCACTATCCGAATCAAACGGCCTGGATCACCGAGATTCGCACTCCTCGGGGGGGTCCTCTGGACAATGCACTTCTATTCCGGTTCACACATCGCATTACTCATGAGCTCAAACACGGGTCCAGAGTCAAGGAGCTCTTGTGCCGGTGCACAAGCCCAAGATTCACGTATATCAGCTCTTTAGTCGGATGGCGGGGATTTTACGGGAATGCTAAGCTGTAAGAATGTCCAAGATGACATGGGGACACGTATTTTGTCTGAAGTAGCAACAGCCACACACCGGTTCGTCGCCCGTGAGGACCAGTTGTGCGATGTTAACAGAGAGTGCCTGGTGTGTCAGGGGTAGCAGACTTACTGTCTTGCTCCACCTACCTCAGTCCATTGCGAATTCCCGGAGCTCCCAGAGTGTATAAGCCAAGCTTACGGCACTAAAGGGTCTCTTCAGTTGTTGGAACTCCCAGGAAGTTCATAGCACCGCGGCGGGTATAGTTGCTGCATCCGAATCCCCGTACGACGACGGGGCACCTCCTCCAGGCGATCCCGTCCATGCATGACTCCAACAATTACGACTGTGAACCCGTTGCTCTTAGTTCTGACGGGTACGACATACCGATTCGACGTGTTGTTGACTAATCTCCGGGGACCCGGAAAAAACCCACCCCTATTGGTCGGGCGTATCCAGCTCCTCCCGCTTGCAACCCAGGCAATATGGTCGAATAAACTTAGAAATGCGGAAACGGTGACGACTGCGATCCTCGAAACAACTTTTACATGAACCCTCACGTGATGGATATGTCATGGCACCACAGTGGAAAGGACACTTGCGATAAGTACATGAGAAATGTGCAAATGAGAGAAATTTTAGGACGGCTAACGTAGCAAAACACGTATTGACCTGAGTTAGTTGGGCAAGCCAACCGTTGAAGGTGTTGATATCAGCACAGCCGAAATCAGGATACTCTGACATTAGGGCGCCAGCATGTGCTGAAATGGAGTCTAGACAGGTGCGCCCCCCATGTAGTACTACCTGGCCGGATTAGCTCAACCGTCCGAAATTGGGAGAGCGAGGTCCACAACCATTCGTCAAGGCCCCATGAGATTTCAGCGTCGAGTTCGTAACCACAGGCGTCCCCTGGTAGGGTCCGCGTTCAATTATTCCCTTTAAAGGCACGATAATAAAGTTCTGTAACCAATGAAACTACTTTATCCTAAGACCCGGTGCTTACTCCGCTTCCTGAACGACGACGAACAACCGTGATTTCGGCAGACTCTATACACCACCTAGTAGTGTTGTCAAGTTAGGACTACCCGGGTAGAAGACTATTTCGGCCACGCCGGCAATTTGGGTAAGGGAACAGTAACGGATTCTCAACAGCCAGCTTCGTAAAGCGAGGACGCATCCGTTTGGTAGGCAGTTTCTAAACACCGTTTCCGATTCCAAATGGAAACCAGTTGGATAACGACACACGCTCGATTATTGCGTTCCGGTCCCCGCAG,1776,51.13,Arabidopsis thaliana
SEQ_223590,GTGCTATAGAGGGGACAGATAAAGGCCGACTGCGTTGGCTAATGGTTGGTAGTGAACGGACTTCGCGCACCCGCTTTTACCGGTTTATATCGCACGCGCTCCCCTCGGCCCAAATACTGTGACAGCAGTTTTGGTCTATAACCATAACGGGAGTCATTTTATCCCACTGTCTCAACTTTAGACGCGTCTGATGAAAGAACTTCAGACTCTAGGATTCCACTCTTCTGGAGGCGGTAAATCGCCCCATAGTCAATGTGTTATCGTTCGGCAGCAGTCAGTGGCTACGTTACCGCCACAAGTCCGCAGAGACTCTGCTGATCCCAGAAGAGTGCGCATCCACCACTGATCCTAAATATAGTCGAATGAGGGGGTTATGTCGACCGGAGATCGATTATTATACCGTTTACAGTCTATAACTAGTAACCGACGACATGCGCAGACAGGCCCTTTCCGGTCCCAACTTTAACGAGTCCTCTCCCGGCGGGCTGGAGGTTAGTAGCACTTTCTCGTGGGGCCGCAATCAATACTGAGGCACTCCTCCTAAAGTAGACAGCCAGCCCAGATGGTGTT,570,51.23,Escherichia coli
SEQ_602634,TACAATGGTCTATTGAGTCACAGGTGCTATATGCGTTACTTCGGATAGCCTAGGACAGCCTGATTGATCCGGGCGGACGGGAGGATGTGGAGTTCCCTACTGTTGCACTCTTGTCATTGACTGGTGGTTGCACAGTTCATGCAAAGCACACCAGTGCAGGCTTCTCGGGGAATTCAACAGAAATGGAGCGATAACTATGTCACTCGATCCGTCAGTAAGGGACGTATCGCCGCCGGCGTTATTCTGGTGCCCAAGCACACTTACGTACTCATTTCCGCGAATGAGACACTGGCTAGGCGCTGACACTCGGTGGCTACTCACCCGGCACCCTACATCAGAAAGTAAATTCGTGACTGGCTCCGTCATAGAGTTTCGTTACCCTGGTCCTTAGAGCGGGTACGAACGGCATGCACAAAATTATGGATGAGGCTGTGTGGTAACTGTCGAGGTCCCAGGCATCTTATTAGGGTGGCGTAAGACGCGGACCATAGCAGCCTGATCGAACAGGGGCCGACCGCAGACCACGGCGTCGGAGCATAGGGCGCTGGGCCAGAGCGCGGCGGTACCTCATAATATCGAAGGGACCAGACGATTGTAAATGCAGACAAATGGCAAGTCCCAGTAGCAGTCGGGACGTGATTCTTCGCGCCAAAGTCTCTCGTTACTGTGCTGTATAGTGCATTACTAAGAACGAAACACCAAGGTTTGTCCCCACGGCAGCAAGTCCTCTATATAAAAGGAATGTGATCGAAGCATGAGGGCACGTACGTGCAAAAGCAATTGTTCGGCGTCTGAACATGATGTTGCACTTCGTCGGCGTTCTACTTGACACCCTTTGCGACCTTGGGTGTTGTTGCGGACAACGTGTGTGACGCCGTTTCATGAGAGTGAAGTTAATTTCCCGTTGGGTTTGAGCCTGTTACTCAGAGTGACAGTGGTGAACGGGTTGTTTATACTGGTCCTCTGATCTCCTCGCAATAATACCGAATCGTTTCTGTATTGCCTAGGAAATTGCGAAAACAAAGGATAGAGACCGCCGCACGTCCCTTCCTGAATCTGGCAGGTCACGAGATTCGCTCACATTGCCGTCGGCGCCCTGGAGGTCCTGCAATAGTGAACGCTAGCCTACCGTACAGGGGTCGTGGAATCCACTCGGCTTAGCGATTAGCCAGACGGCACTGAAGCGCCGAGGGACTGTTACACGACGGCGCTGAAGGACGAGAGTCTCTGTCTAACTCCCGTTATGCTTATATCGACGAAGCGGTTTTTTCTCTGGAAGCCACTTACTGGGTGTTACTACTCGGCATTGCAGTGAGTTTCCGGCGACCGAAGCAATCTTAGGGGTTTAGGCTATCTGTGAATGCCTTAAGTGTTGCTAGTGGGCCTTTACCGCTTAGAGTTCTAACGTCCATGCGTTAGCATTCATGCCGGCGAGAATATTTTTCCGCTATAAACCTAAGGACATGTCTAGCGTACGAACGAGTGAGAGAAGAGTCTTGAGTCTTTGATTGGGTCGCCTAGGACTGTCGCTCAGCTTACCATATACCGGCCATAAACGTGTGACATCATTGATCCAATAATGTAAACCGTGCCCACGCTCTTGGGTCTCTGTGCTGACCGCTTG,1624,51.6,Arabidopsis thaliana
SEQ_196454,CCGGCAAACAACAACCGGGCATCTAGATCACTTCCTCGCAGTCATAAGTCTAGCGACTCCCTACGTCCTATCCAATAAGCTGTGACAGGGCAATGGGGACGCGACTCCTATCTCCGTAGTTCAGATACGAGTGCTCGTACACATTAAGCAAAGGAAGCCCTGAATCAATCGCTATGAATTCTGAAGATTTCCGCAAGGTTTATACTCTGTGCGGCCGGGAATATGGCCCGGGCTGTGTGGCCATGAAGTATTGCCAGCTATTTCTTTGACAGAAATTCTCCAAGGAATGTTAATTGCTATTAAATAGAGGCATGCATGTGCCTAGTAGTGTGGTAATTACGCTCTGGTGGGGATAACTCTTATGCAGAGCGACGATACTGTTAGCATTTGCGAACCGCCGATATCTCAGTATTCATTGACAGTGTTGGTGCCCAGGAGTGTGTTACTGTTTGAATGCTCGGCCCCTTAGCGAAAGTCAATATCGTGGCCAAACCTCGGACATATCATTTCATTGGTTCGGTTTCGAAAAGTTCGCACAAGAAACATGCATTACGACTTGGTCTGTGGAGGACCATGTGCAATTGTGCTACAGGCTTGCAGAGAACAGGATCGTTGTCCGCAGAACGCGGGTTCGCAGCAATCTATTAGGGGATTGCATCCCGCACACCTTAGGTAGGGTTCCTTGCCCGTAAGCCGAAATGCTTATTTGTGGTCGATGATGTAGTCCAATGGCAGCAATTTGAAGACTGTCCAGCTTCGCCATTGGGCGATACCGTTTGCTTGCACCAGATTTTAGTAAAGAAAGACACTCTGGAAGAGCGAATATGTAGCTTGAGTTAAGCGGCTGGAGTTGTTGGGAATAGATGGGTGTCGCATCTATACAGATCGCTTGATCGAGAGGGAGTATCATGATAGGCTAAGGATATTCCTAAACCCAATGCCTGACTCCATTCGATACGACATTCTAAAGTGAAGGGAGCCGGCCCGCTCGACCTCCTAGGCGGAAGGCTACGCGACATGCATCCAATGTGACGGCCATGTTCAAAGTAGTAACACATCCCCAGACTTATGCGGGAAAGTGGAAAAGCTCAGTTGCGTTAACAAATCCGGTCGCGACCTGCAAGCACTCGCGCTCTGGCGACTTTACAGCCAGCGGAGTGACGGGTAGTGCGCGAGTGTGTAGGATTAACTCGTGCTATCCCGAACAAATCACCAACAGGTATGGAGCCACCGATGATCCTAAGTCTTAATGAGTGATTACACTATGGATTGATCCGGCTAAACAAAAAGCTCTCTAATGCAGAAACATACCCAGCTTAATTCGTGGGCCCTCCGTACCTTTCCACATTTAATAAAGAACGGTACCATTTCCGTAATCATGCGATTGGTCGAGGCCGCGTCGCCGCGCTGACTTTGCGGTTCAGGGAAGAGACATAACTAAGTGGTAGTAGTTTCTACTCCCTATGGTTGCGGGTGAACACAGTTTCATCTCTAGTGTCATATGAATCCTGGGTCCATGGGCCATCGTCTAGATGAATGCTTGCCCTTTGAGAGGTCACGTTTGTAATCCGTCGAACATTCTGCACAAGAATTCACTGTCCCATGATTAAGCGAGTTTTCTTGCCTTATCAGTTCTGAATCTGGCAGTGCTAGACGCGAGTACGGGCGAACAATTTACGTTCTAATTATTACGGCGCGCCTTCCGTGTTACACAGTCGAGCCAGACACCCTTTCGCAC,1738,48.45,Escherichia coli
SEQ_811092,ACGGCCGCGGCTGTTAACAAAAAGAGTCTTAGAGAGTTACGCATTGTTCCCAGCCGATCACGTGGACTTGTCAGCGGGGCAAAAAGTAAGCCGATCGGGAACGATGAGGGTCCATACGAGCACGGCAACGCCGTTTAGATCACGAAGGCTCGTTTTATAGAGTCGAGCAGGAGCATTCGCGCGGTGAATCAATACCTAGTATCGCCAAAGGAAGGACCTTCCTGTGAGAAGGACTCGGATTACGCACCGCAGTTACAATCTGCCCTCATGCTGGTATTACTGTATAGGGTAGGAGAAGTGGAGAGGTTGCCGGTCACGCCTCCATTTAGGTGTATTGTAACCGGTTTCTCCCGAGCGAGACCCGAGGGACCGGTAAATTGTTAATTACAACTATAAGCGAAAACCGGGAGTCTGTTAAGTCTCCGTTTGTGGTACATTGGGGCTATGTCTTGACTGAAGGGGACTCGAGTGTGAGGGCAGTTCGCAAGAGGAGAATCGTTGCTGTGTTTTGAGCACGCAGGGCTAACTCGTGAATGATTACCAAGTATTGAATATTACATGCAAAATAATTCTCAGGAGCGGACTTAAGACCTGAAACGAGATGCTTCCCGGTCATCCGCGGGAGTATTCAACATCCAGAAGCCGCACTAAGGTGGCGAGAGAATCCAAGGTGTTGAGCGACAGGTCTCTCATCTCCCATGTGCCCGTGTATCGTGCCATCCTTCTAATCTTCTGACTGACCAATCTGTACATTAACATTGTCTGGGGCGTCCTGTGAGAGAGTTGTAATCTTGTCCATCTCAAGCCGTCAACAGAACCAAGTACGCAGCTCAACTCATGCCGAGTCTAATATATCGGGTGTTTCGCCGGCGGCCAGGAATCAAGTGCTTTCCGCCTTTAGAGTGGGATGACCGGCTGCCCAGTCAGAATGGTTCGTGCTATAACGGTAGCGCGTGGTGTAGCGTGCCATGCTTTCCTCGCGCCCTGTGCGTTGAAGATCCACTGTATGACCCATTTACTCGCACATTCCGCACATGTTAAAGTTCAGTACTGGCGCCCACGCTCCTGGCGATGCACTAAATATTCGCGAGAGGCGGACTTGGCGCATCCCCAGACCCACGGTAAAAGGTGGAGCGACTTAGAAAAATGGGGAGGTTGAACGTCGTGATTACGCAAATGACGCTCCAAAGGGTTATGCTCCGTTCTAATGGTAGCAGTATGTACTCGGAAATTCTACATAACCCGCGTAGCAACGGTTGGCGCCGCTCTTGAGCCCGAATATCCCTACGAGGCGAAATCAAGCCGACCAAAGTGCTCTAAGCAATGTTTTTATATCGACACCCCAAATACGTCGGGGAAGTTAGGCATATGGGCCTGTACGGCGATGGCCGTGCGGTGAGAAAACCGTTTACCG,1414,51.2,Drosophila melanogaster
SEQ_523736,AACCAGGGGCTCTTCATATTTTCACCCGCGCGACGACGGCTAGCACCAGGAACATACCGATCGTTGTGGTGATCACGGTGCCGCGTCGGCTGCCGTGGATGGCCAATCCCCCGCATATATTGGGAAGGAGCGCGTGTTTTGTGGAAACTGTCGAGGAGTAGGAACACCAGGGACGGGGGAAGGAGGGTACAGTATAATTATGACCCTGAATACTGGAATAGACTGAATATATGGGCGGCCGTAGCTCGACGTCTGCGCTTTGAGATTCGACTTGGAGATAGTAGTAAGGCACTCGTGCCCGATCTCAAGTTGTCGACACAATAAACTGTGCTTATCTGTATCAATCCCTAATAATTGCTGCGGATATGGACGATGACCACAGCAAAGTTGAGTCCAGTGGACCAGTCTCGCGAAACAGCTTTGTGGAAAGTTTGCCTTACGGTCACTTGGTAAACACTCCTCGTGCCCAAACGGGCTTCTTAATCG,486,51.44,Caenorhabditis elegans
SEQ_573909,CCCTAGCGTGATGCGATCGTATCCCACGTTTTTATCCTAAACTTCGTGTTCCATTGCCACAGTTGTGCTCCTTCTACTATTGACAATTCTCGATGCATTTCACTCTGCTTTAAGGCATTAACTGCGAATTCTATGCAACCTCAGTGCGTCGATCTTGGGCGACTTGGAATCCAGTATCCACTGGGCAAGGCTGGGGATAGTTGTGACGGGAACTAGACTAGGCATAACACGGTAAACTCGATCTCGGAAGGCGTCACGGCGCAATGGCGTGGAGGGGCGGACTCCTACGTGTTTCGGTTGCCCTCACGAAGTGGCGATAGGGTGCCAAATCACTGCAGATGCAGCAAACATGTGCAGGGTAGAGCCCGCACATCAAACAGGTAGTGTCCCTGATGACCGGCGCTTTCTCCACGATAATGTCACCATGATTAGAGAGACTATGATGGGCCTGTTGAGGAATTTGGACGGTCGTATGCAAGGCGACAGGGGTGCATTAGTCGGTTTCTGTGATACGTTGAGCGACCTATTTGGAATAAGTCAAACGGATAGACATTCGCGAGTGCAAAGACGCGCGACATGTAGGTAGGTCTCATCCTACGCGTGGAAGGCACTACGTTCCCCACACGCAGTGGTCAACCTGCGCATGGCTCAGGTCAGCGGACGCCCTTCTAACAGCCGCTTGGTCCGTTTTACGCAGCTTCGGATCTTAGAGACGCAAAGGCTTCCAGTTAACTTCTGTTGAGAGATGTGGTCGTTCAAGCATACGAATGCTCAGGTTGACTTGAGATCCAGGCTGTTTTGTACTGTGCCGCCTGGGTAACTGTCGTCTTCATGCTTTCAGTCCATAACTTTATTTGGGAGTTCGAACCTTGTAGGGAGTTGCCTACGCCTGATCTTTGCACTATTGACATGCGTTATCATTTCCCCCTCGATGGAGCAGAAGAAAACTTCGCCAGTAGTTGCGAGAAACGCGTAAAAGTCTGCTGAGAATAAGTAAAAATAGCGAACCGTTCGCGCTACCGGCGACTCACTTTATAACTAATGACCCTCGTAAGACTGGCAATTAGAAATGGAACGTATTATATACATGGGTGTCTTCGG,1101,49.86,Homo sapiens
SEQ_122116,TATCAGTTACATCGCTGGTTTATTGTTGGGGTAGCCGGTATTCCCGATTCTCACATGGGCTGTAGTGATAGCATAGACATTACCTATTAGTAGCAACGTACTGGATGGGGTTTACCCCGATGGTTGGCGGCGATTCTTACTACGAGAACTATATGTAGTGTCGGACAAACGCGCCAGTCTACGAATGTATCTGACTCGCGAAATGAGGGTTTAACTATAACACTAGATTGACGGCCTGACCTAACCCGTTACTAAACGACCGCAAATCACGCTAATTCCCAGGGCATTGAATCGGTTATTGTGTGGCTGTACGGTTTCGATTACGCTAGGAGCCACTAACGCTCACGTCACCACCCTCGGTTGGTAGCGTTAACAAGAATAGTCCGCCGTCTGTTCTTTCCTTATCACCAATCCAACTCCCCCTGGGTTTATACCTGATACACAGGCACCTTGAATTTAGCTCATAGATATAGCCGAAGAACTATATGAACAAGACCGAATGCAGGGGGAAGCTACCGAAATTCCCCCGACATTCGGCCTCAGAGTGTACGACACCCCGGTTTGCCGTAACGTGGTTATTGGCGGAATGGTCGTTCCGGTTGTCGGCGCATAGCCCCCATAGTCCAGTATATGGTTGTCAAGGGTTGTTCGGTCCCGTCTCATCGGGCAACTACATGTTCCCTCACAAACTGGCTTAAGTGAGCTTCCTGTTGGAAAATACTTCTGTACGCCTGACAATCCGGCACAACTAAGCCAAGCGAGTGTGCTTATTGAAGCTACTGCCCTTTTAGTGCGTAACACTACAGGGTTTCTTGCGACACAATAATCTGCTGCCTCCCAAAATACGGAGTTCCTGGTTAAAACCAATCCTTTGTCACTCTACCTGTCGGCGCATCAAGACGTCGTCGTTGGAAACAGTCTTGGTGCCCGTGTATCTATAGAGATTCTTTAAACGCTTCTCGCGAAGTCCCGGGTAACCTAGGGCCTGAAACCGCCATTCAAAATGCCAGTTATGAAAGAGGGCAATTCCAAAACAAACATCAGAGCACGTTATGGCGATCCCGCCGAAGCGAAGGCTTGGGCATATGAGATACTTGATTTCGGGCCATCACCTGGCTTCAGTGATTTCTGGTTGGGCGCATATCAATAGGCTTTCCGCTGGTGTCTCATATTGGAGTTTCGTTTACCAACACCTCCGCCACCCGACTCAGAATATTGACGCGGGTAAGCCTTTGGATATACATCGAGCGGACAACATGAGGTCCCAGTCTAGGTCAATCAGTGTGTTATAGTTGTCCGCTGCTCCAGGCCATGGGACAGCTGTTTAGTTGGTCGGAGATTGCGGGTGGGTATCTGGGACTACGACCCTACTGTTCCGGTGAACGACTACTGGACCAAGTTCAGACATTTACCAGAATGACAGTAGGCACGGTCGAGGACCGGGCAACTTCGCTATGGTCCGGGTGGGATGGTTGCCCCACGTCGAAATCCTCAGACCCTAGTCCTCAGCTTTGAGGCACGCATCGACGACACGGTTGGGCACTCACATGTTA,1553,50.03,Drosophila melanogaster
SEQ_273693,TAACATACACAGTGCCTTTGGGCAAGAGAGGCCTGGGAGCGCGTGGCAGGGTGTCTACATTAATGTCGATGGAGCGCATACAGAGGACCTTCGTGAGTACGAGTTCTCAGGCCTGCCACAGTCTAGTGAAAGCAGACCTTAACGAACAGGCGTCTTAGTTAAGTTATGCCCCCCTTTCTAGAGTCCGTTTGGTCGAAGGCTCTATGTACTACTTAGAGGAATGCTAGCCCTTTCTCTTCCAGACGGGAGCTAGATTTAGGGTAGGTACCGTAGACTCTGTTCAGGGGACGAGGTACGGAGGACGTCTACGCCTGTCAGGGGGGTCCCGGATAGGCCAGATCCCCCCTCCCAGGCACCCAAGGTGATCCTAGAACAATAGCTGGTACGAGGTACAACCACCAGGTATTGCGACAAATTCCATTATGAGGCGCAAAAAGCGATTTTGGGACACGTGTGCCGCAGGGGAGCAATCCCCGAGTTTTTACCTCCCCGAACTGTCACGCCGTTGGACTGCCGTAAGCTGGCCCAAGTACTTCTTCCGCAGGCGCGGTGAATGCGTTTGGTGGCTGACTAACCAGAGAGTG,584,54.28,Drosophila melanogaster
SEQ_394960,CCTACGGTGGATCTACGCTATAACCATTCCTCTTATTTAACTCCTAGAGAAGCAACCCTCTATGGGGAATGGATGCGTATGGTGAGGATAATTATAGCAATGGGTTACTGTGTCCTTTTGTATCAGCGTTAATGCTCTGGCCCTGGATGTTTAGCCCTGGGGGATAGGGTGCAGATCATGACTGACGAAGGGACACCGCTTACGGCGCCCTTTGTCTCGCGGGTGACATGTCGGACGTCCGCAGACTGTTTTATAGAGAGGGCCTTACGTGTGGAGCACTAATTACCAAAAGTTTACGGCCTCTTCTCTCGAGCGGCCCAAGCTAGGCTTATGAGAATTGACGTAAGTCGTGCTCGTATTTGCCTGGTCTCCGCGCTTGCTTTAGATGTTGCAATGGAGATCGGTCTTTAGAGCTGGGTTCGTTAATCTGCAGGCCCTGGACTGGTGGCCGGTTGGCCTTGCCCTGTAGTCCAATTTCAGCCGCTTCCAACCCTCTGCTGACGCAAGCACACGGACAGAACCCCTTGAATGTGCGAGTGGCTTAGCTTAAGATCCGTCTGCACACCTCAGCATGAATGGACTAAGCGCAAGCACCACCCCCGTCGAAGAGAGGGTAAGAAAGCGGTGGAGGCTATCTTAACGTAGTATGTTATAAGCGTTCCGATATCGCGTATCCAGCTGCTATAGGCTAGCTTCCTGGAATACGAAGCATGAATCGGGTTCGATGACGGTTCATGTCGTTATTTGCAACTAACTCGACGATATCGGAACGATGGGCGAGAGCAGTGTCTGGCTACGGAAGATATTCATCTCGCTCATTCACTTTAGACTTGCCCCTAGATAACCCATCAGATGTGCGGTTTGCCTAACAGGCTAATCTGACTATGTGGACTTCTAATTATGCATGCCTTATGCAGGATCGCGACCCGCTGGGTAGTGTTCCGGTTTAGTAAAGGCGGGGTCCCACCGGTACAGCGACAGATCAGTGCAGGGCGGTCTCGCGCTAAACAGTATCGTACGAGATGGATATCGGGTCCCCTATCAGGATCAGATCTGCAAAGTCACTTACCGAAGCCTGTATGACTAAGGTCAACTCGCGCTCCAGGAGCGCCCGTCCAGAACTCGGAAAATAGAACGCCAATCGATCTTATTAGTGAATAACGTTTACGTACGCCCCAAAACCTCACGATAGCACACCCCTGATTAGGTCCGCTCTTGTAGACGCTGAAGAGCCAGCTTTGAACTTTCTAATGTGTAACGAAGCTGTATTATCT,1274,50.55,Arabidopsis thaliana
SEQ_953742,TCAGTAGTATAACTGAGGCTCCAAATAATATTCCGAACGTACGTAGGGGAATTCGTGACGGCGAACAGACACAAGAACGGATATGTACTTGGGATATCTGCCAGGAGTATCAAATTGAGACTCCGTTTATACCTCGATGACGTTCAGATACGCTCTCACCCGTGAGTACCATGCAAAGTTGGCCGCAGGCCCCTGCCACGGTCCTTTAAGTACAAGACGTCCCCGCCTCACCCCTGGCGACTATACCAACTGAGTACGGTGTACCAGCAAGTTAGAATTAAAAGCTAGTATTCAGATCAGGAGACCATGCCACACAGAGGTGACCTGGCTGTTACTCCATAGGCTAAAGTTGTAAAGTTCGCTTAAGGAGACAAGGGAATGCTCTGTTTCGTGATGGCTCGGGTGAATTCGCATACTAACGTTCATGTACTAATGACCAGTAGTGGATTTGTTTTGCTTATGCCTATTGAGACTTATGGGGTATAACCAGCCGGTCATCGCTCTCGTACAGAAAAGTTCACACAGTATAAATAATTGTCTTGAGAGGAGTCTATATAGGGACCCTTACGTCTCAGGGGACCCGGTAGCTTAAGTGATGCCAGGCCTACACATAACACATCATGACCACAATAAGCGCTAGTGTCAAACCAATCGGACCCACTTTTTGCCGCGTATCTAATCCAACACCTGTCGCGTAAAAGCGACGGTCGGCGAGTCAGTATCTGCCACCAAAGCTCAAAAAACGACGGACGGATCGAATCCGGATAAGGCGACAAAGACAACGGTAAGTCCGGTGCATCTCTTCGCTTCGTTGTTCTGTGGGCGAGATAGGGAAGATTTCATCCGACTATGGGCAGACTGATGGCCAATGTGAGTCATGAATCGCGGCTTTAACAACGGTGATTTATCCTGTCACGTTAGAGAGGAGGGTATCCGAGCTGCTACAACGCTCGATTGCATGTACTCTTCGTTTCTTACGGTGTAACGATATCTGCAAGAGGGAGGGCGGAATGTGAGCACGACGGCCGTTAAGAGGTCAGCAACACTCTATCACGAGAAGATTAGACACGTGACAGTAGGCCGCCGAGGTCTTATCGGGATTCGTTGTGGGCGTCGCCAGATGCTGAGAGCCGCCACCCGAAAGCACCGAGATTTTCGGGCAGGTACTCCGGCTGTCGGAGGAGCCTGGGAGGCATACACATTCCCCGAGCACCTCGTTCTACGGCGACTAGCCCTTCTAATGCGAGGAATATGCACTAGGTGAACACAAAATTCCGTGGCACAACACGTCCAGACTATGAAAAGACCAAATATCATATCGGAGGTCTGCTACGCCGTGAGAGAGGCAGGCCTTTAGACCGCACTAGCCGGACTAACGCCATTTACGCCGGCTAGCATGCGAAGCACGTATGGTTAGGCAGCCTTGTCTAACCTATCGTCATTTACTGCAAAGGCCCCAGTTGGGTCGCTTGATTCCGTGACTGGGACTGAGAAAGTATCTTTCGGGTTCGAGGAGCACGTCCTAGGTTTCTTTTAAGTCAGAAATTTGAGGGTGCGTCACCCACCGTGTTGTGTTCCGTCTATAACCAGGCGTCGGTATCTCTTTTCCATACATGAGCGTCCCGGAGGTTATATTTCCCGAGGGGTATAACTTAGGACGAGGACTGAGAGCCGTATCACGACAGAGCCGCATAGTACGCCGGCTGTACCAGCTCATACCACGTCCCTTGTTCGTGAAGGGGTCCGATTTACCCATTCGTTGTCGCCTTGGCAGATCTCGGCGTCCACTCCACAATTATGATTTTGAATGGAGACCAGTTACCCGCTCTACGAATAGTCGCCTAATAATGATGTTTCAGCAAAATTGCTCGGGATAGCCGTAGATTTTTGACCAGCATCAGCTGCGTTATGTTGGAAGGCGTACTGAGCGTGCCACTAGGGTTATGTTAGTCTACGAAAACAGGTCCGAGTTCAGCGTTTG,1981,50.13,Escherichia coli
SEQ_782973,TGCATATGATATATTCGCGTTCAGTAATCTGCACACGGCAGCATGTGCACCTCACGTGTGCGAGTTAGGTTCTCGCCAGGGCGACTTCCTCGGATTCGTTCTAGGCGGCCTGGGTACGAATCCGCAATCAAAGTACTCTAATACTTCGCTCCATGGTTAGATAATGCAAGTGTAGACCTCATTCTGCTATCTGGCCCCATTCATGGGCAAGGCTGAAATCGTTCGTTTCTTTAAGAGCGTGATGCTTTACTCTGGAAGTGCTCCAGTACAGTTGCGAGATGAACTTTTGAATGAATCGCACGGTACATGGCCCTGGCACCTCCGACGTATCCCCACCTGTTTTACAGGTTCCTCACATGGGCGAAGACCACCCCAAATTCAGTTAGATGTCGTAATTAACGGCCGTGCAAAGGGGAGAGCAGGTGCTGTATATAGCGAGGATGACATTGCTAACACTCGTTCGACCAGTTTATGTAGGGGACTACCATGCAATGGCAACGGTGCGAATGCAGAACCTTCCATGGCTTCATGTTCCTGAGTTAGTAGTGTGGATTAGCTGCGAAAGGGGATTCTCTAAGGCATAACAGTGACATAGCCCAGTAGCCGGGGGGCGCCCGGAAAAGTACGGAGACTATGATACGGTAGCGGGTTTCGTGGTTACTGTGAGTGGAGCTCATGACACACCCATAGGTTTGTGTCAACAGAATTTATATGGCAACAGTCAAAGCCTTTTTAATGCAAAACACTTTCTGCCTAAAAGATCATACTTTCCAAATACGGAGCGCAATTCAAACGGTAAAATGCCAATCCAAATGGGCATTCAAATCAGCCTTTGCTAGGCAAGGACCCTGTGTCAAAAACCACCGAGACGACTACCTTGTCCGGCAAATTGTCTGGTTAACTCGCATCGGGCAGTGCCGAAATAGCCACTGACGAGTGCGTGCGGCGAATTGTATGCAGGAGCGGATTCTAGCTCCTTCGAACTGCAACTGCAACGGCCCGTCGCCCTAACTGGACAAAATCGAGTAGAGGTATGTTGTTCGGACGTTCATGTTCATCCTTGATGCCAACCCCGGAAGGGAGTCTTCTCTATGATGGTCGAGTTGATTCTGGAAGTCTGTCCGACCACAGGGGTAGTCTGGCCGACAGCCGACAAGCTACCCAGCATCTAGGGAAGGGAACGCGATGGATCCATAACCCGGCGTCGGTTCCCAGCTTGGTGCGTAGCTCGGTGCACCTTGCAGTATGACTCCAAGGGGCAATCACAGTACGTGCCCTCAAATTCTCTCCGGACCGAAAATCGCCAAGTTCCTCCAAAAGTCAGTCAGTGCGTCGGTGAGTGAATAGCCGATCGACGGTAATACGGTACCAAGAATGTATAACGTCTGAACCGCTTTGCCCCGGAGCATACATTTGTTTGGTGTCATCCTCTCGCTGTGACGGCGACCTGCGGTGCCTATGAGTCGTAGTCGGATGATGCGCGTAGATTTCAGACAAGGATAGCGGGCTCTTGTAACACGTGGGTTAATGCTGTTGCATTACCGTTGCGCTCAATCTCTACAGAGGGCTGTTTGTACTCCGGCCTTCGTAGGGTTAGAGCGCCTCTCATTCGGCACGTCTGTAGACATGAAAGCCCAATGAAGGGATGTACACGAAGTTCCAGCCTGAATCTTGGAGAGACAGAGATTCTTCCATGCACGCATGGCGTGTATGGAACTCCTGTTATGCCCAAGGTTACCACAGTCCGGACGGGAAACGATGCCGATGTAATATGGCCGTTCTATTTCCAGCTCCATGTAGACTGGTCTAGAGCCTTAGCTGTTAGTTTTATTCCGTGTCACTAAACGGAGAGAGCTCTGCATACTAACAAAAATAACGGTGACAGAGCGCTCCTACTTGCTTTAGTCCTTCCTCGTAAGCGGGGTGGAATCACAGGCAGTAAAAGGTATCCACGTCCCTTTCG,1963,50.43,Escherichia coli
SEQ_686989,CAGGCCTCTTAGGTCCCTGGCGCGGGAAAGAACCGACAAGAGATTAGCCGTGCTGCATAAATCGCTGTAACGGCTGAACTCGAGGCCCCTGCAAGGGACGTGCCAAACATTTCTTCTTCGCGGCATGCTCCTGGGAAGCGGAGTTCATGCGTTGAGGAAGCACAATAGGGGAACAAATGCAGATATAACCGACTGAACTTGTAACGTGGGCCCCTAGCGTTTTATTAGGAAAACCCTGACAGTCCAGATGATGCGAGATAACTTCGTCGTCGTGTTTCGTTTTGGTATTGGGATGTCCGGAGCGCGCCACTTCTGGGCTTGCATCCGGAGGACTAGGGTTTCATGATCACCAGTTACTTCCACAACCTGTGCCATGTAGCATCCTTGAAGTGGAAGGTTCCACGGCTACTGATTCACCGTCTACGTCACAACCTGGCAGGTCCTACGGGCCTACGGGTCCAAACACTGGAGTCCACGTCGTTCATCGACTACTGAGTAAAGGTCAGATCTGACGTGACCCGAAGACATATGGGCAGTAGGATAAAGGCACCGTTTTCGTACGGAAGAATTTTTATGTGGTCAATAAGAATTAACACTGTTTAACCACACTCGTGCATGTACGATCCTCGAGAGGGTTAGTCGTCCCCCTTTGGGTGTGATTCGTGGCGATAATTCAATGATTGCATTGTAATGTTTGCCCAGGTACGTGCAACCCGCGGAAAGTGGCGGATGAGAGGGTTAATGCCTGTCGCACG,755,51.26,Saccharomyces cerevisiae
SEQ_132528,GGCACAAGGATGCTAGCTTGCTATTTGAACTTGAAAACCCACCTGGGTATCTACTCACGATAGGGGTTAGCCCCAATCTTCTTATCGCGAAGCTCTTTCTACATCTATAAGAAACCCAACTGGTAAGTTAAACCGGCAGCAAAGCATACACCATCGGGTAAACCCGGTTTGGACTCATCCGATATATGCTCGCACTAGAGTCTAGACGTAAAGTACTATTACGTATCCACCCCAAATGACTGATCACCGAATATATGCAGAATAGTCAAGCGCCCGACATCATACTTGATTCACTCTGATTGTATACACAGATACGGGTGGTGGGGAACGGCCAATGTGCCGTTCCCGAAGAGAGTGTCGGCCGAGGCTCTTCCTCCGATCCGGTAAAGCAGACAGTCGAGGCTCCCTTCAGTTCGCTTCAACGTTCGGGCAGTCCCCGTTACAGCTGCAGTGGGGACGACGAGCACAGGATTGAGCGAGGGACTCTGAGTCCCGCGACCTATGTGCTGTGTGCCGAATGACGTCTAGGGGCTCCGCAGGGCATAGTAATGCGCACGCTACACAAAAGTAAGTGCAGATGCGATGCCTCGGGTATGAGCCAGGCCTACTCGATCGAGCCCCGACAAACGGTCCTTAGAAAGGACTGCACGGTAGTAGCGCGGAATTCGCGAGACAACCGAGGCATGACTGTCGACACCATACACCACATGAGGTCCAACCATGCATTGGGAAACTCGGCTCCATCACCCTAGTATTCACATAATCAAGGCGAATAGCTAGCATTCGTTCATCGGAACCCGTTGTCCGACTGCCTAGAGGGGGTCGTCAGCCCTTCACGCGATCATTTAGTTTTGAGGGTTGGAGAACACTTCGAAGTGATCTTATGGGTAGGTCTTGAGATACCGCTGGGAACTTTGACGGTTGGATGTCGGACCAAGCCCATGGAACTAGATCAAGCCTTAAAGAAGACAATCGACAAAACAGTCTCGGCAGCAGTAAGAATTGCCTCCACGCTTGTATAAGTAAACCGGGTTTCCCCAAACCGACACTATTGGCTCCTAACCACTCAGCGATGGACTTCAGATAAGGATCATGAGGCTAGAGCGGTGGACGTATTACGTCGGGCAAGAGTAAGGACGCATTTGCCTTATCCCGGGTCTCGCTGTCCAATAGTAAGTTTCCTTAGAGTCTAGTGGCGTTGTCCCTCACGCACTTCGCACCTCCAATTCCAAGGATCTTACCCTCACACTTCGATGCTTTAATGCAAATCTCAGAGTGATTTAATTCATAGATGTGAACGTTGTTGATGGCAAGGACATTTGCTTAGGAGGTCGTACCTGCCAAATTGAGTCGCGTTAGCTTGTGTGTAGCTTATTTTATCATTGATAATCTAGTCCGACATCTGTTGCCCTGCAAACCACCCCAGGGACTGCTCAGGGTATTGACCCCGTCGGGCAACGCGACTACGGTATTCGTCTACACGGTGCTTACAAAATACGAGTCATTCTGTACACGTTTTAAGTGCTTGTGCCGAGCCTTGGCTGGATCCCATAAGTGGATCCATCCGATTAGGATAGCCAACTATCATAATAGGTTATTTATTAAAACGTATGCGAAACCTCTGGGTCGAGCGAAGGCGTAAGTGCTCAG,1650,49.88,Arabidopsis thaliana
SEQ_803747,ATCTTTCCCGTGATCTGAGTACCAGCAGAGATGATCAATCGCATTTTAGACGAGTTACTGACACTTGGTAAACTCGCACTCCCTTGGCAGCCCTTTTTCAATTAAGTCCCACAAAATGGAGTCTCAAGGTTGCTAAGCGTAGGGCCCATCAGTAACGGGGCAAATGTTAACCACTTCTCACAAACACTAAACCTAGCTACCGACATAGGAACGACCCTCCGAGCACACCGCACCAACGATGTTTGACCGAGTGTCTTCGTGTCTGGCCTAGGCCGCGGACTGCATGGGCATGAGCCTTGAGTAAAGGAGAACGTTCGCCCCAGCGCTTCCACCTTGGGCAAGATGCATTATTCTACCCCTCCTGGTCTGTACTGAAAAAACGGCGGGAGCGTGACTAGGGTCGGCGACTTAAGTCCCTGACTCTCTCACGAACGAAAGAAGGTCGGCTTGGTTAAAGCGACACGCGCGCAATCTAATACTATAATAACCAGCCA,494,51.01,Homo sapiens
SEQ_279919,ATACGGAGCATAGCGCCCTTGTGCCACCTCTAACCCGGGGCAATCACTGTACACACGAATGACCCGGAAAGTACCATAGCCCGGTCATAGGTTAAATTGAGATCAGGCGCACGTCGAAGGTATGATCTGTATGTCTTATCGACAAGATAAATTTTTAAGCTCGTCCTGTAGTCAGCGATGGAAGAACCAAGGACGGTAAGGTCTCCCTTCCTGAAATCGGTGGGTTCCCGTACCTTCCCGGAGTCTATTGTAATCCGTGATTACCAATAGGTCATGCAATTGGGATTCTGAACTGCACCGGAAGCGGAACGTGACTCGGGTTAGAGATATATACGTCAATGTATAATCGCCAGCGTGTGCCAGCCGGTCTTTAGGATGGCAACCAATACCGTCTATATTGGCCTCGGTCTAGTGGATGTCATGTGTTACTCTGTTCAATTCGGGGAGTCGTTCCACACTGATTAGTACAGGAAGAAATTGAGCACCAGCGCCGGAAGCGAGGACTCGACCGGACCTGCTTACGCAGATATTAACTTAAATTCTCCACGTGACATCAACAAACGGACTCTACTAGTAATATCTCGCGTATTGTCGGAGACCTTGTTAGAGGAAATAGCCAGGTCGTTGCATCTTGGAGGCACTTTGAGTTCTCGAAATGAAAGAACATCAGCCACGGTCATGTTGAACACACTTCCTTTATTAAGATCGCGTATTTGATGCTCTAGGTTCAGCAGGGGTCGGCGGGAGATCCATCATATGGGCCGAAACGATGGTATCTATCAAGCCGTACCTCGTAATAGCTCCGGAACATACGCTCGAGGCGATCCCCGTGGGCGTCACCATAGAACTGCATCCTCATCTTTTCTTGTGCAGGCCTCCGTAGAGCCTAAGCATGCATAGCACAGACTAGTGACTGCGACGCAGTTGCTGAAACAGTGACATTTGGTGGAATGAAACCGCCCCT,964,49.17,Mus musculus
SEQ_906996,AACGCCTTTCTGGTGGCTAGTCAACGTCTAACAACTTCTCTAGTAATAGAACGTTCTACAAAGTGTACCATATGGAGAAAAGGTTTTGTCCTACCCTCGTGGCAGACTGAGACCACCTAAAACCAGAACATCCGGACTGCTTCACGGCTGAGTTGCTTTCCTGATAGACATACAGCGGGAATCAAAAGTAGCTAGCTAATAAGGTGAATAATCGAGGAGGTTGACTACAGAGGTCCTGCGACCTGACCTCATCATCAATGTCCGGACACATGGACTGCGCTCTTGAATTATGGGTCACAGTCATAAGTTGAGGAAGTACTGAGAACCGTATATGGAGAACGTAACCTTCAGAAGTCCGTAGGCCACAATAATCAGTGTGTTCTAGGCTGTGACAAGTGGCGTCCTTAGATATGTGTGCGGACTAAAACCACTTTCTTTACGATATGTAGCAGATCGGCGAGTGGGGAGCTTTGTGTCACGCACAAATCTTCATGATGCAGGGATTACGTGGTTTCTCATCGCTCGCTGTCTTGGTACCAGAATTCTGGTAGGCGAGGGTCTACACAGAGGTTACTTGAGGTGGCAGCGATCAACAGGCGAGCTCGGAGAATTCCGTCGGAACGTGAAGTCAAGAGGGAGAACGTGAGTATGTAACCGTATCTTTCATGCAGAAAGAGGCCATTTGGGAAAGTGTCTAATATGCGCTCCAGCCTTAACGCGGGTGCGAGGCCAGCGAAAGAACTAGGACGGCACGGGGCCAGCAGAAAGCGCTATTAAGCAAAGCAATAGGACACGTCAAGGTAGAGCTTCGCGCTTGCAGTTTAGGTGGTCTCCTCTACCGTCCACGCTACCTCACTTATTAGCCAGACTGTAAAGCCACGAAGGTTCTATCCGCAGCGTAGGTTACGGAGATTAAGGTTCGAGGCATCTAGTCAGGCGTCTGAACAAATTAGATCGCACTTAACCATAATGACACTTCACGAAAACTAATAACTACCTTTGTACGTGTCGCTCAATAAAAAACAATCGTTGCCGGACCTCCTGGTTTAATTCGTGAATTTCTATGATTAATTTGCTTGAGTTCGCGCATACTGGTTCAAAACTTTTGCAAGATCTTGTCAAACGATTTGAGAAAGGTTCATGGAATCAACTAAACTCAGATCCGGGTCAGTACCATTGGAAATGTGGCACGTCGGACAAGGATTACCCCTGTATCA,1217,46.92,Arabidopsis thaliana
SEQ_731776,TGAATTGCTTTGTAGACCCTCGGGCAAGGGGCTAAGGCCCGAGCACCGGCTTAACAGCGAGGTAGGGGCTCTACATCTGCTGCCGCATGTCCTTCAGTCCGGTAACGTACGAAGGGGCTCGTAGCAGCGGGTGCCTAACAGTCGTACAGGATTCAAACACTAACAGAAGACGGATATTGAGCTGCGCCCGAATCGTTGCATACTCGACGTCAAGCCCGCAGAAAGTATTTGATCCTTCTAGCCACAACATAATCGTGGT,259,53.67,Mus musculus
SEQ_640347,GCAGGCCGTTGGGACAGAGGTACTTCACAAATAGTAAGAAGCGCGCTATCTACTCCCTAATCGTTCAAAACACAGTGGACTACGACAAGAGCCTCCAAGTCCGTCGTATAGGAGTCCGTCCTACCGAAGGGATAAGTTACAAGTCCAGCACGTCTTTCGGTTAGATGGATCGTCGACAATAGAATTGGAATACGAAGCAGAGCAACCTCTTAAAGTTTCTTGGGATTCATTTGGCACGGTCCGCGGAAGCCTCTATCGATGGGGCGATCCGACACTCCATAGTCGACGAGATCGCGTTAGAATCCGTTTTGGCTCAAAGGTAACCGTTATCGTGCCAAAGTCTGATCTCAACCGGCGCGTGGACCCATTCGTCGTGGCGGGCGGACTAATACGTTTATGTCACTATCTAGGTTAGCGTGGGATGGTCGTGACTGCCCACAACCCCTCAGAGCGTCCACCTAGCGGTTCACCCCCCCCTATAGCGAGCAAATCCGATGAATTGGGCGAGCTGAGCACAGGTTCGAATTCAACTTAGCTGGTGCTGCGGATAACGTGTAACCGATTTCGCATCATCTAGAGAGAAGCATTGATCCAGTAAACGGTGCTAATGGACCGTCAAAACAGGAACGCACTCGGGCCTCCTTACAGCTTGTTATCCCGCACCACGATTCCTGGTGACGTGAGGATCGGTTTATTAAGGTAGCACGATTCGGAGAGCTCACTTCCTTTGGGTACAGAAACGGTAAGATAGGTTTGCTCCTGGTAGCGCGCAAAGATCCTGTTCATTGACCAACCTCACGGAGTTTTAAGGCGACCGACCGCCTCGGGCAGTAACATCTTAGTCAGCTCGAAGAGCCCAGCGCTGTAGGAAATTTTGCTTTACAATGCATTATCGGATATACACCGGCACGTATATCTGTAGTACACTTTTCATCCACCGTCATGGGCTTCCGACAACCGAACGATATTTGCGGTCTGAGCCCGGGTGACACTCGATATTCCAACCCATCCTAGTGTCTTACCTCGCTGGAAGGTGCAGTGGGTGTTGATTTGTACCAAGTTAATACGGGCCTGTCTTTGTGCCACCCTGTCGAGCATGAACCGTGTACGGTTCGTCAGTAAGAATATCTCAGTACGTGAACTAGGGCGCCTGCTAACTGGGATTTAATCTTTCTCTAGAGAAGCGTCATTCGTT,1195,50.54,Drosophila melanogaster
SEQ_678855,ATCGGTCAAGGCAGTCCGAGGTAATACCGCCGAATTGTCCAATTCTACTTGACCATTTATTATATAATCCAATTGCACTTTACAATGACCACCGTCCTTCCCCGTTTTTAGTTCTACAGCCAGAGTGCAACCTTCCTCACGGGAACTGCGTCAGAATTTCATCCGATAGATCCTTCTCGCCTATAGTTAAGATCGCAGCTGCGCAACGGTATAGTTTACGGGCGAATCAAAACGTTAAATAGACACTTATTACGACACGTCGTCATCCGGAGACTATATAGTCTTAGGTCCAACCGCTGCTGAGAAGAGGGTGTAGTGTTGGCGATTTGCCAGAATGGGGATTGGAGATGACTTATGAACGGCCTTGAACAAATTACTTGTACATGGCGATATCGGACGAACTGTGTGAGAAACGTTGGGGGCATTATAGTTGGCCTCTGCTGAATTACGTGGTTCACGCAGTACGTAACCGACTATCAAAGCGTGGAGCGTTACCGATTCTATGTTCCGCCGATTCGATCAGTTTGGATGCACTCCCAGGGGCTGAACTTACGTTATTGGCCACGATGCTCACTATCAACTCCGACGCCGAATCCTCGGTGTTAATTACGTTGGTTATCTAACCGTCATAACTGTAATCGACCTAATCATCGGAGATAAGACCGCATTCATTTACTAGTTAATTAAGTCAGACCAAACGTTAATGTTAGTCGGTGAAAAGATCAGCTATACTGCGTGCCACCGAAAAGATATGATGTGGTGCGGATATTAGATGGCAATACTCACGGTGTAAGTCGCGCCTTGCTCGAGTGAGAACATACACGACGTGATCTCAGGCCACGATTATCGCAGGGGCACGAGGTAAAGACCTTATAGGCCGGCGCAATGCGAAATGGTATCAAGAAGTAACCAAAAGAAAACCTAGAATATCACGGGTTATGGTTTTTCGGATAGGGAGAGGTCTATTCAGCCACAGAAATCATCTCTAGGTAGACTCATACCAGCACCAGCTCCCGAGTGCGTAAAACTAGAAAATGGAGCTCATTCAAGCGATTGGCAGTATCACGGGCCATATTAGACACCCCCGCAACCGCTCTCGCGTGGTCCCTTGGATCACCACACTCGT,1126,46.89,Escherichia coli
SEQ_327697,AACTCCCTACTACTAGGGTACCATTGTCTACTGAGCCCTCAGAGTCGACCTATACATCGTACTACTGTGGCCAGGGCATGACCACTGTCGCTATGACATGCGAGGTTCTCTCTACTAATCTATCCAGGCGATCTGAGCAATTTACTATAAACGGGCGTCTCAGTTCAGCCTTACACGAACGAATCGCGTAGGTTAGATGAGTTGCACCACCCGGCCGGACAAATGTGCGCCTGCAGTAGAGGGGGAGATGATGTGGATAAGGACAGGCCGTGAGCTTATCTCCACGTTGTTTCACTTAGCGCTGTGCAAACAGGACTGCGCACCCTAAAAGTCCCACACCCCACTCGTCGTTACATCTCCGGAAAACACCAAAGGGTCGTTGTCAAACATTTTAGCGCTTAAGTTTTGTCCCGCATCACTTCCCGGAGAGCCGCGACTTCACTTCGCGGGTAAATCGGATGTAGGGATTATTCAGGCTGCAGTTAATTGCCCGCCATCACCTGGTAAACCTCCC,514,51.56,Escherichia coli
SEQ_492935,GATAGCTTGAACGTACGGGTTGTAGTACGCCTGCTGGTAAACATGTGATAAACAGCTGCTGTACTGAGGTTCCAGTCCTCGTGTTTATGGGTCGTTCCGTGACAGTCCGTTCGACGAAAGGTTCATGTGCATGCACCCCCACCTATCTCTGACAATCGACTTGTGCCGCTATCGAATTTCACTGAAATCGAATACCTTGGATTTATGTAGCTACGTCAGTCTAGCTCCACCTGACCTAGGTACTTTCTCTAACTGGCAGCTCACATGCAGTGGAGATCGTGCCGCTCCCGTATGTCAAAACAGTCCTAAGAGACGGGAATCCTGTTCTTCGGGATATTACAAAGCCTATTACGCGCTCGCTATGCTGACCGTGGTCAGAACACATTACCTTCGACCAGAGGGGTGTTTGTGGACGGTAAGAGGCAAACCGGTTGATTTCACCTAGACGGGGCACTGCAAGAATAGCATCTATGGAGCTGTATCAGCGCCTGGCCTGGTTGGACGTGGACTTTACTTATCCCTTCCGATTCCAAGTTAGGCAGTTTCGGCAATGCGCTTCTTCCAAGCTGCCCCTATGAAGTCGCCTGCCGGAAACAATAGTAAATTGCATACCCGTTCCTTGCGATGCTAACGCTCGACTGGCGGCTAGGTACCAGACAGAATGCTCTGAAGCTTGATGCTTGAGTCCAAAAACGGATAGGACGGTACCAAAGCAGGGATTCCCTTATGGACGTGTAGGTCACCGACGCTCACAACATCGATTTAATTTCAGAGAACATACTAGACAGGGGAGACCCCCTGTGCGTATAATCGTTGTATGATTGGATGGAACAGTCCACGAGACTGTTTCTTCGGGAATGGTCGAAGTCTGGCTAAGCAAGCTCCGCAGGATTTCCGCTAGGAGACCCGTTGGTGAGCCTCGCTACCACACGTTTTCGGTAGATACCCCTGTGTTAGTACAGAGCCCATGTGTTACTATTTGTATGACAAGCGCCAACTAAGAATGTCTAAATTTATTCTGCTGCGTAATTGTCGCAGTAACTCCATCCCAGGGCTAACTTGCATGAGGAATAAAATCATATTTGTGGACTAACAATCGCGTCCGTAGGGCGAGGGCTAAATATACTTGACATCGTCATTGGGACAACCGCAACAGCTGTGGTGGGACACATCACTCAAGATTTCCGCGTAGCAATACTCGACAGTCTGGGCATTGGCAACTCAGAAGCGTGCGTGAAGGTGGTGGCAAGGGAGGTCATTCATCATAGGGTACTGAATTCGGATGTCAGCTATTCAAAGTTCGAAGGGGCCCTACCCCCCTGCGATCCGGCAGTTTCAATGCCCTGGCTGGAATTAAAATCCCAGGACTACACGCGAACTCTGGACTATCTACCAACAGGCAGGCAATTAAACATTCTGGTCAGGTTCTGGCGTCACAGGGTCATATAAAACACCCGAT,1459,49.55,Homo sapiens
SEQ_214629,GGGAAGATAATGACTGATGCCAACCTGTCGGTTTATTCTACGCATGCTGCAAGCCAGCCTGATTGCTACACTGTTGACGCTCCACGACTTGACGTCGTAGGACGCTATGCAAGCCACCGCAACGGGAGGCGGATCGGCCAACCGCCTCGGGTTCGTAACCCGACAGGGATATTGTTACATTAACAAATACACGAGGCGGCGACTGGACTTGTACCAAACCCTGGTCTGACAGTTGCGGGGTATTCGCTACACGGCAGAACCGCCCTCCAAGTATCTAGCGGAGCCAGCTGTAAGGTTCGGACCTCGAGAAGCGCTCAAGTTTCTGTGCCGGATTGATTATCCCCAGCGTCGCGACATTGCAGCCTCTACTAACGGCGAACTGGGGCCCTCACGAAATTGCGTCGGCGCTCAGAACAACGCAGTTACGGTATGAGCATTACGAAAAGCAGAGATCCCTCGAGCTTAACGACGGTACGATCGTCAGTTGGTTCTCTAGCGACTACATTAAATTCAATATTTAGAAAGACACATCGCGAGACGACAGGCGGTCCCTCCTTTCTAAACTGATCCGGGACCGTTAGGGGCAGCGGGAAGACCCGTGTCTGTCCATTTGTCAGCGGAACCAGGAGCCCACGGTGCACGATCCCGGAACCTCTAGCTCGTCGTACTTGGGGAATTTGTGCTAGATAACATGGCACCAGTCACGCACAGGCGAGTCGCAGAAGTCTCTTATGGTTTTCTACCGACAGCTCCCGAGCCAGAGAGGAGTTTACAGAGGATTATTGAAAATTGAGTACCACCAGTTGGCTCGTACGGACACTTGTCCTAGCCTTATGGGCCCTATTCACAGCGTCTGATTCTTACGTTACGATCTTGGCGCCGGGACTCCCTGGAATGCCGATATCAGACCGAGTCGACGATTTAACAGCGATGATAGTCACCCATCTATCTATGACCGCGTCTACTATCAAGGTACAAACGCATGAGGGCCTGCAACGTCCAGCATCTTTATCGAGAGTTACTACCGAAGTGTGCGTTGT,1040,52.88,Mus musculus
SEQ_393612,CTTGGGTTTGGCCGTGACATGAAATGCGGCAATAATGCTTGTACGGCCGCTACTGATTTGTGCACTAGAATCTATGGGCGGGAGTAGCGCACCCGACGTGAATCAGTTGTCCCCGGTGCTGGCTACGTTAAACCAGCTCCCATGCCCACACGGTATTTTTAAGAGATGGAGGATCAGAGTGTCCTAGTGCCCTTGTAACTGACAGTCTGCTACCGCTCAAGCACGCTACGAGAGCACGGCAATGGACTTAACGTTGGAATCTGTCAAAGACCGGCTCGATAAGAATATAAAGTTTTATCCGCATAAATCAGAACTTGGCTGACGAAAGATGAAAGGAACTTAGGAACAAGAGTTTTAGTCTATCTTAGGACCTCGACTCAGACGAGAACAAAATGGCGAAACATAACGATAGAAAGGTGCATGGGTCCCAGACTTGCCGGCTAATCGAAAACTGCCCTTTTCATGTCGTTAAATTACCGGCCCAGTGATCTGAGCGATGTACGGCACCCACCTGGGGCCCCAGTGAGATTTACTTGGCAGTTACTATGAGCGATTCCTGTGCATTGGGGCTTGGAGCTGGTTGCATTTCTTCAGACCATTCTAAACCCCGTAATCTTCCCAGTAATCTCCGAATTAAGCAAGTACGGCTAGTGGGGGTTCGTATTACATTCGTGTTGCCCGCCCGTACAATAATCTGTGGTACTAAGCCGTTGTCGCAAGTGGGGAGAGATGGGCGTAGCTCTTTATCGCGGGCATCTCAGATCGTTTGCGATCGCTGCTATCCGAAGACTGACAAGGAGACTGTCCCTGACCCGGCGCCTACCCGAGGCTGCGCCAATGTACCGAAGTAAATCAGCCATTACATGAACTTGAGTCAGCCGGGCGGGACAACTTAGAGACATCTTGGTAAACGGTT,916,50.0,Homo sapiens
SEQ_205867,TCTCCCAGGCGATTCTCTGCTTAATGTCAGAACTTAGATTCTAGAGGGGTTTATTCGAGCACTCCAATGATTTGCGGCTTCATATACAATCCGACCGACTGCCCGAATGGATGTCGTTGTGTCGGAGAATCTGCGTGAATCCTCAATACAGTCACTGCTCTATGGACTGCTTACAGCCTGCACACTTATCGTGGGTGGTCCAGATAGAGTGCTGTTTTGGGGTGGCAAGCCCTCATCCATTGATTGTCTTTGTCTTGTGTCCCTTCCACCTGAGGCGCCTATCATGGGAGATTCCGTACGAGTTAGCATATATGCAACGGAGTCCTCTTACCGACGA,337,49.26,Drosophila melanogaster
SEQ_362876,ACAGAACCATTAACATTAGAGGTGCTAAAATTGAGCCCCTTACGGTCGACTGTTGCCAGCCCAAATTACAAGACCTTGCCTGATCACGCAACAAATTAACGGAATAGAAATGGGCGGTAAACGCAGATTAGCGACTTCCTTGCCAGTCTTGTTCACGGCGGACGTTGATCTTGGGGGTGCAAGAGTACACAGACTCAGCTAATGCACTCATACTACTATGGCAGATCTGGCTCCTAGTTATATTCGAGGTGCTGGACTATTGTTTCATATGCTAACAAGTCCCTTTTCGACTGATTGAACCTAGCATAGTCTTCCTGTCAGACGGGTTTGTTGAAGTGTTGGATCTCTCAGCGTCGTCGGGTATCCGCAACGAATCCACAAATTATTGACTACTATGTCGTGTGCTGAGCGCGATTAATACTCCCGGCGAATTACAGCTTTAACACTGAGTCCGTAACGCTGCGCTTCAGGCCTAAACGTGAGACCGTAGGTGGACGCGTTCTTCCATAGCGCCCACCTATAAGCGCTGCATTCGCTCGTATACCTAGCCTCGCAGGGGACCGATCCAAACCGAGTCGACGGATACGAGATGCGGAAGCATCCTTGGTGTGCGACTGTTGGTCGGGGTACCTAGCGAGAGATTCGTGAGCCTACTGATGAGATCAGGAAGTTTCACTACGAAAAGCAGACGGACACTGGAGGTGAGACGGCGACTTCGTTGTACGCCTGATCACGCGGGGTAAGTAAGGGGAGATGCTACACGGCGAGACACCGAGACGACTCCTCGGTTACCTTATTCCTTGATGGCAGGCATACTCGGTGAATATGGTTCATGGAAATAATTTCACAGAGGCACTTAATAGATTTCGTGCACGGTTTCATAATAAGTACCGTCCCATTGGTGAGAACCGCCCGATTAGGCTAGTGAGCGTTATTTTTTCGCAGTCTCGTAAGCACGACGATCTAATGTACAACGATGAGGACAGTCCGCTACTGAAGCATATGTCGACCTTATGCGAGACAAATCCAAAGATGAGAACCCAATTTGACGAGCGGTAGTAATGAGCCTAATGCGCCATTTGAGGTATTGGTAATAGGGTAGAGCACATGTGCACCCCCACAACTCACTTGCGCAACACCGTTTCCACTAGACGACGATAGTAGGGGGACTAGTCGTGATCCCAGCGACGCACTGCAACGGGGCAACGACGACAACGTAGACCCGATGGTTTCCTCAGTTTAAGGGGAGTTTCAAATCACATTATAAGTGTTAA,1274,49.22,Saccharomyces cerevisiae
SEQ_156856,ATCAGTCGTTGAGGATGGGGAGGCGAGGCTGCCGTAGTAAAGCTGTTTGTCATGTAGGGTCACATATACAAACGATGATAGGTCAAGTTGTTCAAGGTGAGATTAATAGGTCCCCAGTCACCGTGATCACCTAGCTGGTCCAATCCTCGAGGGGGAGCCGGGACATAGTGTTAAGGCCGATCACCTTTTGGATTGTGGCGAGAGGAACATGGAACACGCCCCAGCTACCAGAGGAATGGTTCAAGGACCTTGGCGACGTCGGTTCGCTATGTTGCTCTGCTACCTGGAAATCACAGCAGAGCCGGCAGCTGACCTTACCACTACTTTAGATTTATGTTAGGACTGATTGACATTATGAGAGGGCGGAGATAAAGAATGGCCTCGAAGGATGAGTAGCTTCCTGCCTTAATACGCAATCGTCGCGTTTAGATCTTCCAGACTGATCTAAGCTATAAATCTTAGAAACGTCAAACTCGACGACACACGCTTGCTTATTAAGATCAAACCCCGTTGCATTGTTTGGACACGGTTCTCGGAATCCGAAACGCACCAAGCGCGTTGATTCCCATCTGACGACTTCTAGCTACACGGTTACGGCATTATGAGCATTGCAGCTATGCGAAGTCCGCGTTCGACCGCACACATGATCGTCACCGTTGTGTTCAGACCTAACAATGTGATACTCCGTTGAAAACTCGGAGTAATCTAGATGATTAAGAAGCTGTGGCCCTTATGCAATTTCAGTACGCACACGACTAGCCGCCGAAACTACCCATACATGGATCTGTCAGGTGCGCGGCGCTGTACACGGGACTCCTCGTGGGTCCTTTTCTGATTAGCTTATAAGGTGCACGAGATATTCTACCTGCATTGACTATTCTGACAAACTTTATCATCCCGGGATAAGTTAATGAATATACGGCCAACGTCTTCCTGGTACTTGTTACACTCTTCTCAGGGTCCCCAAACCGCTAGGTTTACCACTTGGACAACTCGATAACGCCATCGGACAGTGTTTGTACTGTCTAGGAGAACCCAGGTCGCCCGGTAATTCATGATCGTCCAGAGCCAGTATTGAGCCTGCCCAACCATCACATACCAGAACCTTACGTTTCGTTATTATGTGGAGTGTGAGCTAAGGAGGACATCACGTCCGCAAAGGTTCGGGCAAGCTGTGCTCTTCCCGCGCAAGAGCATCTATGGGAGGAAGGTACTAAGTCGTGTATGTAGGAGATGGTATATCTATCTTTGAGGAGAGATCCGCTGCCCGAGTGGACTCTAACGGCAAGAGTGTTCTCAGCGGCGGCCCGTCCCCTTGTCTACTACAGAAGATTGCGATTTTGGACCCCGTATATGCTGAGGTGGATCCACCCGCTCGGCGAAAATTGGGTGTAACTTTGGGTCCTTGGTTAGCAGTACACCTAGTTTATCGTTACGCCAC,1441,49.48,Arabidopsis thaliana
SEQ_518143,ATGGCTGAAAGCAGCAGAACCCCGGGTCAATTGTTGTCGAGGATTTAGGAATGAAGATGTATGGTAACCGACCGTACGAGATGTAGGTTGCTGGGTTCTTTACAACTCTCTCTTATAAGGACACGTGGCGTACGGGGGCACCATCGGGAGGGTTCACATGGATGGTCATCAGCTTCCCGCCACGAGATTGTGTATGTTAAACCAGGGCAGCACAAGGCTGTATCAGTGCAGTGAGATATGGGTATTTATAGACTGAGAGCTGATCCCCTAGGGCGTCAATAGAGTATAAACCCTCTCCACTGTGGCGTTTCTGTATACGCACTACCGTCTATGTGCCGTATGGTCTTAGACAATCGCCGGCATCGTCATACGAGTTTTATCTGCCTCTCATTAGACCAACCATAGAGTTCCTGCCACGGTTGTTGACCAGTGACAGGGGGAAAAACCTTGGGGTCCGCGAACCATTCACGTTTGTGGACGGTGTACCGATGGCTCGGGCTACGCAGAGGTGAGTATCCCCCCTTAATCCGCGTGCGCCCAGAGTCCCACGAAAGATTCATGACACAACTGCCCAGAGTAAGTTACAAATCCACAATACCTACCAGTCGAATGCAGCCGCGGCACGTATTCTGCATGCTCGTGGGCGCTATGGTCTGTACCAAGTTGGCTGGCGATTCGTTACCTGTAGACGGTAGTGCGGGCGAGTGCTTCGAACATGTATTCCGTTAACGTAGCAGTTTAAATGAGAACTATGTTATATTAGATTAGATACGAAAGGGAACCAGATTCATGAAAAGCCGTCGAGTCTGATAAGAACAAGGATCTCACAGGCCGACTCCCTGAGGCCACCGAGGTATGGCATAAGTCGACCCGTCTTGCCGCTTGAACACTCCAGGTACCTGCAACCGCGTCGATTGAACCGGTGTCCTGCCGGTCACACAAGCGACAGCCATACAGGGTACTAGAGCCTCTTCCCACATAGCTACGGACCGTCCCATCCCATGCGATACCTATATGAATAGTTCACCAACTAGAACCCTACGAGTCAAGCGATGAAGCAAGAAAGAGCGGAGTTGTCCGGATCGGAAGTTAATACTGATTTGGTTAGGGTAGATACAACTTATGTGATAGATATCTTGCGCGTTGACCCCCCGTCCCGCAGTCGTTAGTGTCTGGAACCTACGGGGTGATCTCTCTTGGTTTAGCAAGGCAGAGGTACGTAAGATGGCCCTTATGCTGCCACGTTCGCGCCACTAAACTTGATCCCGTCTGTTGTGTGCAGAGATGTGTCCAAGACGCTCCACACAGCGACGGGATATCATCTTGCCACTGGGACCCCGTCCCTGTGGACCTACCACAAGTTGGTGCTGAATAAATACGACTCTACTAAGGGCCTTACGCCATGTGATAACACTGGTCCACTCTTTCCGCGGTGCTACAGAGTACGACGCTAAAGTCTCCGTCCGCGATGCGTTGAACACTGCGGCATCACAAACGCCCACCAGTGGTTACCACTACATCGCATCCCGTCCTTTGGCGATAACCTGCGCGTCGGAGAAAATACTACGAAGATGGAACTTCCATCGGAATAAAAGCCTGGATTTTATATCTTATAGCGTTGCACAGTCACCATCGGGCTGAGTTCACGCCCGGTCCGATACTTTTTCTAATTACGAGAATCTGATGTGAGAGCATGAAGCGATCTGCAACGTCTTGTAGGCTTTAACCGTAGAAGACAGACTTGTTTCAAGATGATTTAGTGAGTGGAGTCCTTCACATAAGGTTTGCAATTAACCGGATGACAACTCTGGCAAATACCACACTATCGCTGCGGACAGTGATGAAGG,1847,50.46,Homo sapiens
SEQ_946498,GCTTCCCCCTGGAGTCTGCGTTTTATATTGGGTGATCCGGAACTACGAGCGGCAGTCTAAGCTGTTAGCGTACTCTTTTGCCTCCCATCGGGCTTCTCCCAAAGCCCCAGTGATCATGGGAAGCTTGCTTGCGTCAGCTATAGGTGTTGGCCTACGTGAGCTGCAATTGTCTATTATTAGTGCCTGTAATCGTCCAACTCACGTATATCTATACTTGAGACCGAACGCCGTGATTGCCATGCGTAATCTACAGCCTCAAATTCGAAGCGTGCTGATAAAGCCCCCATACCCCATCTTGTACCCCGGTCATTTAGCGATAGATGTTCGTCACGGTGTCACCGGTAAACGTACAGTCCTAATTATGCCTCGGACTTCTTGGAAAAACCGTTCCCTTTGCGCAAGTCGGACGACGAGTAAAGGCGGTCCCTCCAATTTGCAATCTCCGTCACTCGGCCCCCAAGACGTGGCTGTCGTACTGTAAATAGGCTGGCCCTAACATAGGACGGTATAAAGCCCATTCTTCTTGACCCGTTGACTTTCGCGGGGTCCAGAAATCCTAGGTACATAGACCAGGTTACATTCACGCACTGCTTGGCGCCGGAAGAATTATTTTCGCGGATAAACTCTTCAGGCTGCTGGACCTGATAGTTGTCAACGGGTGCTCCAAAACATAATCATAGCGAACTGCGCACGCGCGATTCTGGAGCAACCTATATGGGACTGCCCTAGCGCAAACCAGAACAGTGTCCATCTAGGTGACGTGTGGAATCTAACGGAGCAGCCGCGCGAATAGAAGGCTAATAGTGAGGCAGCAGGTGAAAGATGCCGGAGACTCCTTGGTAACAGAATGGGCAACAAGGCTCAGCTCTTGATTTAGGCGGAAGGGCCGGTCACTTAAACTAGTCGGCTTCGGAGATTCCCCGTTGGCTCGTCCCCCAGTGCCCAAG,947,51.85,Drosophila melanogaster
SEQ_693169,GTAGTGACTCGGCACGTTTACATCTTTAACATCTGTTTACCCTATTGACCTGGAAGACATTGAACCGTGGGCTACTTCCTCTATTATGAGCTCGTGAGCCTTGTCCTCAAACAAGCTGGCGAGGTGGTGTACGAGCCCAAACAGTGTATAGGACCGCTATATGACTGAGCTTCTGGACGGCATGCGCCTAGGGTCACTCATGGGGACTGCATGTTGATATGGAAATCTTAGAGATCTTTAAACAGAAAATAGGCTTCGATTAGGAGAAGGGGCTATGACATCGTTGATTTAACGACGTTGTGATTAGCGCCTAACAGCCGGCTGGAAGTTTTGAGCAAACTGAGGCAGATTGAAGATAGACTGCCCTGTCGCCGGTGTAACAGACGAGCGTCACGTACGATAGCTGGCATTTCTGGAAGCCAGGCTTTAGAAACCCAGCCCCTATCCTAGTCCTGGCCACGTGCCTAAAGCTGCGGTGCATCACTGCTCTAACCACCCTTACCGCTTAACGAATGAACCGGGCCGGTACTAAATTTTAGGGTACAAGGATTGCGTGTCTCCGTCAACTATCCGATATTACAATGCGATAAGTCGACTTGGAGGCAGCTTCGGCCACGTGTCCGTCCTCCATTCGCTGGCGTATAGATTATGCATATTACCTTTCCTGACCGGTTTTCGGTGAGGTTGCACATGGCACTGCAGGTATCGTTGGGCCAACTAGATTCCTTCTTAAGCTGACAGTTTCCACGCCCTTGAGCCGATTCGCCATGAGTAGGCGATTCGCTCATCCTCTAAGTGCAATGACGTGGACCGACACTGCTACAATGTAATCATTTTCGTAACTCCCAATAAACGTAGACTTAGGGATAATTTTGCGCTTCAGCGGATGGATGTACAAAACAATGCGAACCTATGGGTAAGCTTCCCAACGGAAAAGTTGTTTGGACAAGGTGGAGAGTCGGCACAAGCTGTTTAAGCGGCACGGCAGCACTGTGTGAGGCCGATCCATGGAGCAGTTGCTTCTCCTGCGTCTGCTAGATGATACGGCTATGTGGTCCCTTTGCGATCAGAGTCCAGCTGTATTCCTCCGGATCCAGATCAACCTTCGCCCTTCGCGCTACAACACTAATATACTCGACTATTTTGTACCGTAAAAACCATGATCGATGTGCCACCCTACAAAAGCGGTAAACCGCATTCTACGTGTAGGCAGAGTGAGCGGGACCTTGATATCAAGGCAAGAAATCCGTTCGACGACCAGCCGATAGTTCTTCGGGCGGGCGGAATTCTACGATCCCGCGATTTTTTTTATAATAGCTGTCCCTTAGGAAGGATGCTGGCTACCCCGACAGATCAACGAAGTATTTAGGATATTCCGTCTCTTGCGTTAGTCCGGGAAATTCGAAGACTCAGCTGTAAATAACTTGGTTTTGCCTGAAGCGCGGGGCTTTACTGCAAATTGTAATTGTCAAAAGGTCGCCCTGGGGCATTAGTAGACACCGCGGTAGGCGAGCCCTCTACCGAGAGACTATTTCAGCACCGTTCCTTGCTAGAGTCTAAGTGATGACGCGCGAGAACCACCTTAATCGTTCTTTCGAGTAATAATGGAGTCGCGGAGTACTAGTTTGATGCCGGTTCTCCGATACCTA,1649,49.3,Escherichia coli
SEQ_346300,ACGGGACCGAGGGTCAAAGCAGTGGTTTTCACCATGACTAGGACAGACCGCCAAGGTTTGCAATAAGGGTGACCGCAATTGTATTACGGGCTCGGTCCAGGGTACGGCTATCACACATGCGCTAGTCACAGCCATCGGTATCCAAGACTGGATTCACATATCAAATTGGGTCTCCGCACGCGGCCCCACGGGCAACTCGTGAACTAAGTCCACTTTTGCGCTATCCGGTAGACAGCTACTTAATAGGAGTTGGCTGGGCGCATACTCCATGATTTCCACACTAGCCATCGGTCCAGTGCATTGTTTCGACTCCGTTGGGTAGATCACGCCAGGGTGTGAGTGCAACGACTTATGCAGGCATACGGTCCCCACGATCAGCGATACAGCCTCCAGTTTTACAATGGTTTGGCTTAAGATAAGATGGCATTATAACTGCCGCGGGACCATAGTCATGGAATTAAGCATAAATCCCACGGTCCGATGCTAGTTATAGAGTAAAGGCACGACTATGTGGAAGAGTCCGACTGACGTGGGCGTCGGTAACATCTATAAGGTTGGGGAGTAACGTTGCCAATACGTTGGATCGTTTGTGTTTAGATCAAATACACGCACACTCACTATATTGACTGGTGCCGGGGATCATCCAGTGCGCGTCGTGTGCAAGAATAGACCGAGGATATAGAATCTCACGCAAGTATACTGCCCCAGAAAGCAGTCACCGCAATAGCGGCTGGAGGTCGGGAATTCAGATTTAGCAATTCCCACAACATGAAGACACCCCCCATAGAGGCCGATTACCCGAACCTCGATATCCGGTCGCACTAAAGCATTTTGTAGGGGGACATAGGTCAATGGCTGGCACTATCAAATTCATCGTCGACGGAGGAGCTCTAAGTCCGGTAAGACGCACCTCGTTCCCACCTCGGTCTGGTATAACTTAAGGGTCGCGGCCGAAGAACTATCGGGATGTACGTCGTCCTATCAACTGGGCTGTCTGGGACTTACGCAACAAACGGCGTGCCCCTTGGTTGGTAATGCTCTACAGAACCTAGCGATCTTTTGCTATAATAAACTATATCTCATCGCGAATTGCAGGCGGTGTACGTCCTGTGCTTTGCACTGTGCGTGGATTTTGCCAGTGGGCGATCCGGATTCACAACTGATCCTATCTTTTACAAACTTCCGAGGACAACAGAATAGAATCTAAACGGTCGTTCGCTTAGTTCACAGAGAACGGTATTATCACCTAGTACTAGTGAGAAAGGGCAGGGCGGCAAAGGTTTCCGATGTTAAGTACTCTTGGGGTCGATATCAGCGACCCGACCAAAATAGACTATTCACCAGCCCTGCTGACACTACACAAGCTTGTAGGTAGCTGCGGATGTGATTGCGGTGAAAAAGGACCTATCATTTTACTCGAGCCCCCTGAAAGTTAATACTTTACCTTCTGCTTCTAGGGATGGAGTGGTGCGAGATGAGCATGAGTGCGGACATGGAGCCGGGGTTACATCGAGGAAGGCTTTGCTACAGTTAAATTTAAATCCGTGAGAGAAAACGCGTATATGAGCGTCGGGGCAATAGGTAATCCATCATCTACCCCGAGGCTTCCAGCCGCATTTTAGGCGAAGTCCGAATGTTTCGAAAGATACGAGAGAGGGTTCGTCCCTTATTAAGCTTTTTAGCATTATTCCCTATCCTACCTTAAAACCGTAACCGATGAAGTCTCGCAAGAATGGTTGAGGTCTATATGCAGGGCGTATCGCTAATTCTCATCGGTCACTTCTAGCCTTATATTTTTCCGTGCGGGGTTGGTGACGGTGTTAACTCGAGGCGCTACAGATACCCATCTCGAAATTTA,1858,49.25,Saccharomyces cerevisiae
SEQ_706015,CTTCTGGGCATACAAAGAACGAAAAGAGTTCTACGGCGGTATGTCTCAAGGAGACGGTCTACTCACGATTGATGAACCAGCGGGCTGGCATGGGTGTATCCCGGAGTGGTAGGTCGTACATTGCCGACGACTAGGGTAGTGTCCGCTTGCCGAAATAGTCTTTCAACGGGCGTCTTATCATGGAGTTTCGCAGACTTCAAGAATCTTGATATCACCTCCTGCTGTATCAAGGCAGTTCGGTCGTCCCATTGGTGCCAAAATTGGCCGTATCATCCGGTTTGGAATCCGACACCTGCCATCCTTATGGCAATGAGCTGGGTGTGGTGGTAAAAGTGATAGGCCTAGTCACCGGGAGCAGGGCCTGTTGTCAAAAACCGCTAATAACTGGGTTTATGTCTGCAAACGCTCCGGACTTAGAGGTGGCTATATAATGGCTCCATAGGCAGAGTGTTATCCCAGATTCTCTTCCGAGACAGTTGTTTGCTTAGCCTTATTACCCGCAATTAACACTAGGAACAACGGACGAACTGGGTCAACAGTACAACATGACA,551,49.55,Escherichia coli
SEQ_648432,TAGTATTTATCCTTCTGGAAGTTCCGGGCAGACGTCGAATCCGACCCTCATAGCGGAGGGGTGGCATTATCCTCAATTTCTACCAGCGCGAAATTCTGCATGACTCTCTCAGCGCCGTCAGGGCATGAAAAGCCTAGAAGAATTTATACCCATGGCCATATCGCGCGTGAACCCGGTGACATTAATAGAGGAGGACCCCCTAGAAAGTTCTGAATGCTCACGTGTTTGGAGTGGTGGAGGGTACGGTGCTTCCTCTACAACTGCGCCCTAAGTTTAATTCTGTTACATACCCCGCATATGCTTACATAGATTCGTCATAATCTACACCTCCCGGTGTAAACGATTTTCCCCTTCGGGGAAGTTCCGCTCACGACTAGGACCTTGTTATATCTGCGAGCACCTGTCCGGTTCGACCGGAATCACTGTGGAAATCGCTTGCAGTAACCTCAACGCTAAGGTCAATCAGGGCTCTTCCAAAGTTATACGTGTCCGAAACCTCTCAAGAATCGATCGATACATCATTTCCAAAGTCCCACGTAGGTTAACGATAAACCTAGCGACACTCGTGAGCTAATCCTCCTTTATTCGCGGTACTGGCGAGAAATAGTGTCCGTCATTAGGCTTACATACAGCCCTGACCTTACGGTTGTGAGACTACACTTCCTCTGCACATCTTCTGAGACGTGTAGCTTATTGGCCGACCAGGATGACTGTCCGTCGCTGTGACGCGTGCCACAGGTTTACCCTCGGAAGCGTGATGGTTCCTATGGTAGAAGTTCGTTCCGGGTTTCTGTGGATCACCCTGGTGGCATGCTCTCCTTTGAGCGTAACACGATGTGCTATCACATGTTTAAAACGGGGTGTTCGTCTAGTGCTGTCATATATTGGCGCTTTATGCGGTGATCTGTCTTCATGCGCCACATCTGCGGTTAGGTTGGCCTTGTCTATACTTAAGTCCCACGCTGCTTTGAGGAGGAGATCAACTGACCTGCAGATACTCTCGTTATCTCGTTGAACTCGTAGCCTAGTACTTGGATCGCCCAGGGTGGGAGCCGAGCATCATTTTTGCGCGCGCTTCATCCAATACCTCGCAGTTTCCAGGCTAAGAATTATCGTCGCGGCGATGTGGTTTAACTACCGCATTGATGAGGTCTCGCGCATCCCTGACTGTGCTTGTTGGTACACAAACCGTCATGACGAGGCAGCCTGCTTTTGCCTGGAAACAATACAACATACAAAAACGAATTGGCCCAAGCGGCCGCCTCCCGAACGAGAAGTCACCCTCTGGAATGGCCGTACTGTATATCCGCCTTTCCTGTTGAAAAGGGGTTGTGGATAAAAGTTGTCGACTAATCACCGCCGGCTAATAGTCTCTCTTGGTTGGGTTCCCTGCTCGCGACTGTTCATGGACACCTAGGAACCCAGTTCACTCCTTTTAAAACCAAGTCGCTCAATGTACCTGGCACTCTGCCAGACTAACAAATGTGGTGAG,1492,50.07,Drosophila melanogaster
SEQ_217587,AGGCCACCAAGAGATTAACATAGTGTTCGAAATAGAAAAGTAGAGGATCGCTATGGTGGAGTAGCATGAGTACACGCTTATGGGTGGGTTGAGACGAGGGCGAGGCGTTTTCGTGTATCACTCCAAAGAATCGGGACCTTTTATCGGGATGTTCATCTCAAGAGGGTCTGCGGGTCGTAGTCTAGCTATGTCTAAATCCGAATTTTAAGATTCATGTTATTAACGTATGCCAGTTTCAAAGTCAAGACAGATGGCCTAAGCGGGCTGTTCTACTCCGTGCGTGGCGTATTATGGTTAAAGCTTCGACAGGCTTCGCCGGGCTGTGGGCTTGATTCGCACGAATCATTACTTTCTAATGCCGAACTCATGTAATCATGTATCGCGTGTTGGCGCTCTGAACAGTGGAAGAACCCTCGAAAAAAATCTGCGACTTGACATTAGTTTAGTTCAGAGTTGTGACACACGCGATGTCTCGAGAAACGGTGCCGCGTGAGAGGCACTACGTAAAATAAGGCTTGATAGAGGTCTGCCCACTGCCGACCGGGCTTAATGATATGGGGACTTTCGAAACTAGTGGGAATCCTTAATTATGGAAAGAAAACTTGCTCTCGGGGGTCGTGAGCAGAGGGGCGAGTATTCGCTGTAGAGGATATATAAAGGCCATTCCCACCCGCCTTATCGGTTTTTAGAACATACGCGGACGACGGCTGCAAAGGATACAAACACTCATACTCAGTACAGCCCAGCTCTACTCTGCGCTCTCCATCCTACGGAGTTTCGGACAGTTTCGGCGTCACATAGCCGGACATAAGGTGCGCCACCACACGCGCGTGTGCGCTTCGACCACTGTGGGTATGTGGACCCGGGTCAGGTGGCGTTCGGGTGAGCAATATAACGCGGGGGGTCCATTGCAACGATGGGGATGGCCCTACGAGTATTTTTTCTCCCTTCACACTCGTCTGCTCACTTACACCTATCAGGTCTAGGGTGGCTTGCGTCATCCTTTGTCTATAGTTCGAGGGGTAGGTTTGTGAGCCCGGCAAGAACCTTTGCGGACCCGGAACCTGGGGTCCATGGCACGCCGGCTTTCAGGCCGTCTCTACGCAATTTCGAGAGCCGGAGTTTGGCCTAAGGGATGTAGCACGCAAGAACAGTCCTCCTCACCGTCGCAGACAGCCCAACAGGAGCGACATTTCACTGCGCGTGGTTCAACTAACAGAGGGCCGTTTTAGGCGAGTCCTCTATATAGTTGTCACGTGAATTTCTCACCCTAGAAGGCTAGCGCTACCTCTGCCGAAAGCGTACTAAGTCAGCAGAGCGCCCATACTTCCTGTTATGCCGTTTGTCCCTCCCCAAGGCTACCGGAGAAGCACTGCGTTCTAGAAACCGGTGTCCGTAATCCCTTTTTCGGATAAAACTAAACCGCAGGCGTGGATTGTCTGGACCCTTCATCCTTACTGACTAGGACAAATCGGATTTGATGATAAGCTATAAAACAGCGACTTGCAGGTAGACGGCTCAAGCGTGCCGGGCTGGTTCTAGGCAGCGGCTAAGCCCAGTGATATCGTGAGTCTGGCCGATGAAAGGCGCACACGAACCCTACATGTGGTCCGCGTCTGACTTCAGGACAAAGGGTACTTCCCTAGGGCGGTGGGGACCATGTAAAGTGTGGGTGTCACATACAAAAGCTTACCGGCTAGAGCCACGCTCTGCTACTTTACCCCTCATTCGATAGGTTCGGCGATTAAAGATCTTAAGAGAGACTCGCAGCTGATACGTGGGCACACCTGGGAAAGGGACG,1801,51.75,Caenorhabditis elegans
SEQ_347343,GCAAACCTAAAGCGTAAGTGGTGTTCGTTGAGACTACGTCGTGTATAGGCTTCAATACTGGCGTTCCGCGCAAATGATGGTTATCCCGGATCACAAATCCTGAAGGAATTTTATTCGCTTTTTCCTAGGAAAGACTACCGAGCCAAACTTAGGATCGCGCCCCCTTAGCCTTTGTTTGCGCTCCACTTAAGGATTAGCGGTCTTGGTCATCTCTCATCGTGGGCCGAGTCAATACTGTTCCGCTCTATCGCTTCGATGATCTCACCCTGCGTCATAAATAAATTAACGATGGAGACGACGTCTCACGCAAGCGTATAAGAACGGTCTGCGCAATGCCTTCAAGTCATATGACAGAGACGAAAGAATGTGACTCTCATGTACAATGAGCTTGGGGGGCAATGGGTGCTACTTATCTAATGTCTGATAGTCGCCTAC,435,47.36,Homo sapiens
SEQ_936499,TAGCGATGGCCTTCCGTTGTCTTCACCAGAGGGCGCACCGGCCCGTGATTCGGCGGGGTTCCGCCGCTTACCTTCAGTCGGATTGAGTCATCACTGAGCTTCTTGACAGGGTCCCCGACGTATTGCTCTGCCTCAACAAATCCTACTAGAACTTTGACCCGGGATAGGGAAGTGAATTAGGCTGTCGACTCCCTCGCTGGCCTTCTAGAATTACGATTAAGCTGCATTGGCCAGTTATCCCAAGGCGCTATCAACACGCAACGGAATTAAGGGGTATTGAACTGGTCGAGCCGCCTCCGGTTTAACGGGGTCTGACGCAGTGGATGATGGTAGCGCTATTACCTGATAGTAAGAAACAGCTAAGTCTGGAGTTTATGCCAAGAGATCATCCACAACAGAAGTCCAGCTAAAGCGCGTTCCTCTTCATTGAACTACTGGATGCGGAGAAACTTGCTTCTATCCTAGGCAGTAATACCGTCGCTATGAAACTGGGCGTTATTGCCGGATACTGTTGTAAACTTGAGTACTCATCGAACTTCGGACTAGTTATAATGTCTATAACGTGTTCACCGCATAGGTGGGTGCGCTGTCATTCATAAACAAAGCTGTAGCTGGGCAGGGGATGACATACTTGGAGCAGAAGGGGGTGTACGACAAACACATTTCCCAATTTAGGGTTGATATGGAAGCAGAAGCACAATATCGATTCGACGGAATCGTCATCTTGGGAGAGGGCCTAGGTGTCTGCTCCTAAGATTTCCATCTCCCTAGTCCGTCTCGTCCGATGCCATATCCCTGAAATCGCTGTGGTACCAAATATCATCGCCCTTCACCTCAAACTGCTGGCGAGGACAAGTGCGCCACAGCCCCTCAGTAAACCCGGTTTTGTATTTGGTAACACGTCTATATTTCGAGGATTCTCAGAATTTGCTAAAATACTCTTTCAGGTTCGCTGGTGGGGGCCAGGCCTCCCACGATAACACAAATAATTACTGAACGTAGCTAATTCATATACAGACTCCCTCCGGATTCTACGGAGAGTCCTAAAGACTGCGAACAGATCGTTGCTCGTCCACGTAAAGTGGTAACAGTGCGCTCGCCAGGCCGAACGTGTCTCGACCGATCCTATTCTACTCAAGCGTCCAGTC,1148,49.74,Drosophila melanogaster
SEQ_105673,CTCTATCAAATTCGGAGGGAAGGCTTAGTATCCGGGTAAACCCCGCGCCATATTCCATTACGAGTCTTTGGTTACGAGTGCTAGGAAAAACTCGCAACCTCCGTTCTGTCGGGTGAGCTATTCTTGTCGTTCCATTGTACGAGTCGGGCCTAATGTCCAGCTATGCATCCATAGCGCATGACAAATTCGCGGGCTAATGCGATAAACGGTCCTTTAACTCCCGTTCAAGGTATTGTATTCTACTTTGCCTTTCGAGTACAGATTTTCTCTCTAAGTTGAGCGGTCAATCCGAGCGGAACGCCCGTTAACCGATTTGTCTTCTTAGCGAATTATGTAACAACTGCATTCAGAAAGCCTATAAAACAGACGTAAACTAATTTACCAGTCATGCTGCGGGTGTTATTTGCAAGTCTTACATTTCCGGCCATCGATCGAAGAAGTAGATTTCGACATAAATCTTGTTACAGATCTGATATCTCCGTAGGTCGGTAGGAGATGCTGCGAGTTAGTCCAGTGTCCCTCCTATGGGTGCTTCTGCCCAGGATACTTGGAGACACGATTGGAGAGTGATCGTCCTGAGGTGCGAGAGTAAGTTCTGCTATCCGCCTAGTTTGCGCTATCGTTTCACGCAGTCTAACGAAACAGGACCTATGCAGCCAGAGGCGGAATCGAATAGAAAGTGGCGCGGGACACGCGAGCGTCCCGCAAGCATCGAATATACGATTTGATGAGTTCCCGACTGTAGCTGGTTCCTAGTGTCGTACATCGAGACGCCGTAAGTTTATGCAACCGGTCCTTCTTCCCGCGACGTGAGACAACCACTCGATGAGATCCACATTGGGTTACACGAGTATCCGCATGATGCAGTAAACATAGACTCATTTCCCTGGATATAAGCGCGGACACCTGAAATCATGCAGTACCTACGCAGTTAGTTCCAAAGCGTGTACTATGCGTGCAAGCCCTCCCGTTCCTGCTGTATTTGCTAGTACCTGCACAGTAATCCCGAATACTTATACTAAGAATATTCTCCTGGCGTTAACACCCACTTACAACGGGCTGCCCCTCCTTTTGTTCGGCCGTGCGGACAAGAGCATGGGTTTGCAGGCGTATGTAGGGCTAACAGCTTTGCGTACGCCGAGAGTTGCCCTAGAGGACCGAGTTGCGTAATAGCGGAACGTCGATCCTCGAGTCAGGCTAACTATACGGTAGGTAGCTCACAACTATACTTGACATAAGACTCCGGCCATGTGGTTTCTTAGTGGATGCTGGATTATCAGTAACTCAGTGCGCGGTCCGGCATCTTTTGGCCCAAACGCCGTGGACACCTGATGCGAAATGTGCGCCGCGTGACGTCAGGCCGATCAAATACTCGTCGCACAGGCCCGTGCGGGTCTTCGCCCCTAGCCTCTGCTACGAGAGAGACAATGGATTTCCCTTGTCGGCGCGCTCACCCTGCTCCGAATTTCTCACGGGCCACCCTCGGAATGCATCTTAAGGCGCATGAGCTATAACTGACTTACATACTGTATTCAGCATTGCATTTGGAACGTTCCTTTGTGACTTGGGAATGATAAACTGTCGAGTCTATTTACAGAGCGCAGGTTAGACCTAGACAGGACGGTTTGTGTTTAAATTAGCTATTAGGGGGGAAAGTTGCGCACGATTAATTTGGATTGCGCTTCTCAGTAAGACAACAGACCTGTTATCGCGTAGCCCGTGTTGCTCTCTTCCAGGAAAACTGATGGTTCATCGGGGACAGTGCTATTCTTATGAATCCGGCACTATGGGTGCGCGGGCCACATCGCTCCAGTAGATTCCGTACGACCCTTGGACCGATCTATAACTCGCGGCCTTGGTCCACGATTGAAATCGAGCACCAGCGAATAGATGA,1894,49.79,Saccharomyces cerevisiae
SEQ_433049,CGCGTGGTGTCTTCTCCACTGAGGTGCTTCTTAGTTAGGGAAGGGAATGGGCGGATCCACACTTACCAATTCAGGCTGTAATATGTCTTGTTCGAGCGTAGGGAGCCCGATATCTATCTACCTCACCCGTGTTAAGGTAAGATTTAAGGTAACGCACTGTAGTTTCTGCCTAGATCACACCTCGCGATGATCGGCTGATCTAGAACCCCAAAGTATTCCAGGGTACATCGACCCAACAGGTGGCTAGCTTAATAATTCCATATCCTTCATAGCCGGTCAGGGCACACATTTACGAGGGCCGGCTTTAAGTTCAGAGTGGTCCTTCCCGGAACCGTCGCAGGTAACTAGGATATCGTCCGAACCCAGATCCCTTTCGGAAATAGTGCCGGAGTTACTCCCTGCACCCGTTGCCCTCATCGGTTGCCGAATAGAACCTAGCCCTGAAAAGACCCGAGGACCAGGGCATACCGCTTAGGTTTCGGCGTGAATTAAGGCGACCTGTTGAAGCCTGGTCCACCAGATAAGTGCTAGTACGTTTTCGCTCGTCTACTACGTTTGCGTCTAGGCATCACTGAACCAGGAAATCCCTACCCTATACCGGCTAACACCTAAAGTTTTGTTTGCACGTCATAGTAACGGGCTATTCCTCGGTCCGGTGTCATGCTGGATTACGAATATAGCACATGAGCGAGTCAGACCTCGGTATCCTGCCCCGGCCCCCTGCCACGACATGCACATGGCTAACTTTGAGGAGC,755,51.66,Caenorhabditis elegans
SEQ_315964,GCTAAGGTTCGCAGCGGACCAACATGCCCAACCGGGAAGTTCGGTGGACCTATGTCAGGGTGCTGGAACTTTCAATCATATACTTCCGAATACGATTTGGGACTGACAGTAAACATGGTTTGCGGCGTAGTCTTGCGGCACGGCTCAGGGTATCAATGAGTCAGGGTCACATTGTAAAATGGCGGTACTGGGGACTCCATAGAGTTTCACGACGAACACGAGTGTGAGGCTAGAATTAGGCCTCCTGGGTAAGAAAAGTCTTTCCGCAGACGAATCGACATGTACTGAATTTAACAGTTTCAAACGTTTGCTCTGCGTCGAAAAAGAGAGGTCAAGTTCTGGTTGTAAATCGCTTAGCGGTCGTTACCACACAGTGGCTTATTAGGAAGGTCGCGGTGCGAACGTAATGAACAGTCGCTGGGTAGGAGTTTCGAGTCTTCGAAGGAGCATTGAATTGACGGTAGTTTTGTTGCGTTTTCAAGCGCGGCACCAGAACCCTGACGGCTAGAACGCCAGAAGTGCGCACGAATGAACGCGATGCGGACTTCTTGAGGTCCCGAAAATGTCAATTTGTTGTATTTTGATTCTGGGCGTCGCAGATTCAGGCCAGATTGCGGCCTGGGACACTATAAGGACTGAGGGTCTCGCGCTCTCGCGGTATCAGCCCTACTCCGGCTTAGGGCTAAAACGGCTATAGTGAGTGATTCCGGCATAAGATTCCTGATTTATTGAACTCGAAGTCGTATGCGTGGACGGCGTGCAGCCACTCCTCCTTATTACGCACAATGGGTCAGATGCAACTAAGGCTGCTCACTCATAATAGAAGGCATCACAGCATTCCGACTATAGGTAGGACCCCAAAACTCCTACCTGACCAAATAAAGACCTTTTTTTTCGGATCCAATTTGACGAACCCAGAGAAGCGAATCAACAACCTGTGTATGGCGCGCGAAAGTTTACAAATACGTTTCTCTTTATAAATACACTATGGATACACATTCGGAAAGGGTTTTGAGATACTGCCTCATTGTGTAGGTTACGTGTGCTCACGAATATTCCAGATAGTCGGGATTAGAGAACTAGGAGTACCGATAGTGGCAAAAC,1104,48.1,Escherichia coli
SEQ_154815,AGGCATAACGTCAGTAGGATCCCTCGCGTAGCCAGTGTCCGGCGTTCTCGGGGTGATTCTTCCGGCAAATATATCGAATACGACCCATGACACGGAATTCAACTAAAACTCATGGGCAGATCGCAGGTGCTAATCAAACCACTCCTAATGAGTACCATATACCTGATACTGATATATAATATTCGACACCGGGCCGCGTTACACAGGCGGTACCGTGGAAATTTAGCAGCATACTTCTAGCTCTATTGGGCCCGCGCGAGTTTAAGGCGTGGCAGCCCAACGTTGCCTTTTAGCTGATCAAGCCCAAGGGTATGACTCGGAGTGACTCTAGGAGGGGGCCGTTACACCAACAGCGTTCATTGGGAAATTGGAGTATTTGTTACGTGATTACAAGTTTTAATTAACGTGACTTTCGACCACTAAGGGTGAGATAGATAGCACTCGCTCCAGGTGTAACGAGAGAAGCGGTTTCGACAGAATTGGTCCATGCTGCGCCTCTATAGAAAGAAGCAGGGTCTATGCGCGTACGGGTTCAAGGACACTTTGCACGACCAAGAGATCTATGTCTATAACATGCTCGGCAATTAATGCGATTTAATGCTTAAGCGCCAATCGTACAGCATAGATGTACCGTAAACCCGGCGGCACAAAATATAACCGTCATCCCAACAGATCAGTGAGTCGCGGCTTTGACGCGTAGCACGAAAGCTGCCAACATAGATTGTGCCCACGGTCTTACCACATCGTGCTCTATCCAATAATAGTTGCCGAGAAATACAATTGCTTCCCGCTTATACTCACAACTACTTTAGAGAGTAGGAAACAAACGGAGGGCGACCATTTAGTTCAGAGGAACTTGGCCTTCATCACACCGTCAGAGTCGACTCTTCCGCCCCATCAAAATAGGACCGTGTCTTGTCCGTTACACCGCGCCAGGTACCTGCATGTACTGCTGTTCTCCCCCGTAGTTTTTCGCAATATAAGCGATACCGGCTTTCACACTTAATGGTGTCCCGGGATCAACTCACGTCCGTTAATGCATAAAAGGGTCATGGACTGGATACGCAACATATTATCGTGTTGGGCATGAGTGCCGTAGATTTGAGGTGTAGCCCACATAACGATGAATACGGCGTTTTCATCATACGCCCCTTGACGCTCTGTGGGGCTACCTAAATCAAGGCAATGCCCGTATGGCTTTCATACGGGGCTGTCTGTTGCGCACGAAGACCACTGCTATTCCGTGATTTGTGTTGTACCTCAGATTTCCATCTGCGGCCAAACGCGGACGTGACCCGCACGTGAGGATACTCAGGTACTGACCCCTGGGGGGACAGCTAAGAGCCTTAAACAGCAGAACTGCAAACAGAGCGTAGATGAGTAACGAAGGATGCTCGCTGGAGACTGGTTCTATTCTCTAACGATCAGGGTAGTGCACCGGGCCGAATTCTATTAAATCGCGTAGCCTATCGGTAGAGATGGACCAATGGCATACCAGTTGTCCCGGCCCCGGTGTGGCAACAGTCGACGTAGCGCGTAAGGAGCACTCTTTATACAATGCACAGAAACGTATAATCAAATAGTCAATCGGACGTTTAGTCGGAACTACAAATATGCCAAAGCGACCGGGATAAAATCGAATCCTGCCGGGACTAAGATAGTGTATGCCTGGTTTCTTGTGACTGGTCTTGTTAGCGCCCTTCAGTATCCGAACGCAAATGCAACTACCAGTGGCTTCTGCCCGATCAAGCCCCGAGGGAACCGCCAAGTCTTTTTAAATCCAGACGTCACATGGCCATCATCGTCGCTTCCACCGGGTAAACGGGCCGAATGGTCAGACAGCCAATGTCTATA,1854,49.51,Escherichia coli
SEQ_133356,TCTTATAGGACTTCCTGAATGAGCACTGCTCTCCATCCGGATCTGCCACCGGACATATCTCGCACGGTCAAGCAGTAAACGTGTATCATATTGGCACAAGACCCCACCTGACGTGCGTCAGTAACTTGTCATGTGGTTGTTCCGAACCCCATGATTACTGCCTGAGGCTGTACATTGCAACACTAGCTCCGATAACATACCTCGGCTTAGGAAGATTGATTCCAATCTAAGAGGCGCCTTGGCGTAGAGATCAGGAGGTACATTATCTGGCTATGTGCGGCTTCGCCGGTGATTTGTTGTGGGTTCACAAGGTCGCATGTCGATGGCTCGGGGTGTAATTCGTGTCAGTGGCTCCCCATGTCTCTAGGAGTCTTCGTTAGGCAAGCGTCATCAGTTCGGCTCTAGCTAGCCGTTAGGACGCTGTAACAAAGATCCGCCGAAGAGTGGCAGTGAATAGACTAACGAGCCCATTAAGTGATTGGACACTCCTAAATTCAAGATGCCTCACATATTGCGGTCCGTCTCCAGATGTTAGGCGCCCTCGGCACGGAGCCAATGTTCTCTTATTACGCTGTGCCTTGTTATGTTATTTAAAAATGAGACTAGTACTTCGACTTAAACACACAAAAAGATGAGGTCAAAACGCTCCGACGGTAACTTCTAGTAAGCCTTAAGCTCCGTCTGTCGCACTAGGGTCTGTGTCCCAGGGTATTTCGATGCAGACACCAAGCGGTCCACTCATTAATCGAGGGACTCGGTAGGTCTAGTTCTTAAAGTGGATAGGAGTAAACATCACTAAAGAATGAAGCGACATTGTCCGCCCATCCAGCTCCGTATATCTGGTTGTATCATTGCATTGAACCTGCCCCCCACCACGCGGTCTACGGAAGAGTTTAAGAGTGTGAGATTTTTGTCCGTCAAGAACGGGGTATACGGAGCCGCGTGATATCTAGCACGATCGTCTTTACCTTGCAGCTTGTAAGCCCGGGCCCCACTAAGTGGCAGTATACTATAGCTAAGATAAACCTCGGAGATTTCGACCGGTTTCTAGTTCCAGCTACCTCTCCTGTCTCATCGTGCAGTAGGAATGTTCATGTATGGACATGTCCTAGGTCCCATTCCTTAAGTCGCAAAGTATACGGTTTTCGAGCATTACAACCTGCTGCTGCGCAGGCTAACAAACTATCGCCCCAGCTCGGTCGGTTAGGTTGACTCCCGGATGCTTTGACGTTGCTAAGTCAACTCACCCGATCGTCCCAATTGCGTTTTCCGCTCAAAAAGAGGCGGCCCTAAAGCCTCCGCAGATCATGCAAATCAACTGTTTACACTGTACATTTAACCACTATACGGATCGTACCCTCATACGCAGTGTTGCGCTTTGACGAATTCACATTTAGGAGGTTGAGTCCACCTCTACGCGCTTTAGCACCTGTAAAGATCATCGAGTCCCAGGCG,1455,49.21,Homo sapiens
SEQ_316635,CTCTGTGCTGATGTTGTAATCGCCATCATGTGTGCACTGGATCGTAGAAAGTCGCAGCAAGGGGGTAGACCACTAGCAGCGCGTCCACGCATAAAGCTCGAGACTAGCTCAGCTCGTGAGCTCGTGACACCAAACCTGCTAGCTTGGCTCTCGGTCTCACAAAAAATATCCCGATATCGGCAAATTCCTCTCCGGGTTACGCGTTGGTCCTCCTGCATCTTACCTTCTTTCTCAGACCTTTCCGATACTTCTACTCGTGGCTTCGGCGTTCAAAAAGGGGGTCACATTGTTAGAATGTTTGTCGGTCCTCGGTTGGAAGATTGCTCTCGATTTGCAATGTACGGACAATAGCACATACACATTCCCCAGGCGTGTTGTCCGTGAGGTGCGCTGCTTCTCTGATCGGGTTATGAGCGTTTGAGTGACTAATACTAATGCGTGGGAGTGCGGTTATCACCCACCACCGCGGGTTGGTAGGATCTTTTTAACTCACACACGGGACCACAGTAGTTTTGACATGGGAAAATGGGCATGAGGGGACATGTTGTACCGTTCGCACTCCGGCCAACTCGTAAGGGCTAAGGTGCTAGTTGCGAGAACAATATTCTATCTACTTGGCCGCGCTCATCGTGCACTCTTGTGTCTTAATGGTACGGCAATAAGAGGATATAAATCTATACACTCTAGGATGCATACCATACTTACGTGGCCTCTTGCGGGGATAATCATGGGCTCGCACCGCCCATTATCATGAACTGAGCTCTACAAGTGCGGTTTACGTTACTGTGTATTACGTCGCCAGGGCCATGTCTCACCCTGGCCCTTGAAGATGCTTAAGGATGGACCAGAACGTCAACTTGGGGGTGTCTACAAGATTCACTGTGTTCCTGTGCCGCTCCGGGAGTATGGCTTGTCTAGTTGGACGTGGGAGTGAACCGTCTTTGTCCATTGATCCTTATTTGTGTGAGTTCGATGACGCTTTGGACATGACGTTTAGCTCGCTTAACGCAAGTATAGAAGTTTCAATTTCGCTCAGGGCTCCCGCCTGCGATTACCCGAAGCACGGGCGGCGTGAGACAACATACTTGCTTTTTGAGCTGAGCCGATAATCCGGAAGCTCGCACCCAATATGTGCTTCTTCGTGTGTTGTACGTAGTTCTTAATGGACAAACTGTTGGCGGTCATCTCGACACGGTTGGTCAGCCCGAGAAACGTATACTGCTTGCACGCGATGTGGTCTTCGTGCATCCCAACGGCCTGGCACTCCACATCAGGATAAGTCTATCACTTTTATCACAACGTATCATGTATATAAGGCTACAAGAGTTCCTGTCATGCAGACTCACGCT,1349,50.04,Homo sapiens
SEQ_447973,CCCGGGGGAATGGTGAAGCGGGGTGCGGCCAGCCAGGAGTCGCGCGCCAGTGCTGTCCCTTCCGGGACAGGGGTTTCGCTAGTCGGGGTATCGGGGATTAGTCGGGGTTTCCTTGAGCCATCTCGCAGGCTGTCGATCGGGCCCCCACGTTGAGCCCCCTACTTAGCCGGGACAGTCAGGGCTTGGCACCGCAGACGTACTAAGTTAGTCCTCTTCGGACGGGTTCGTGATCTCGGATACACTAGGCAAAGTGTTCTGTTCGTCCTCTTAGTGATTCCTTTATACTCCACCGTGACCCTCTGGTGCTCGCATAAAGGGTATACCTGTACGCTCTAACTCAAGAACCGGCCGCTCTTATCTTGCGTCAGTACTCGCCGCAACTTTAAATGGCAGTCGGTGTCAAAACGGTTCTACAGGTGCATAATGTAATTTAGAGTTACTTCTTCAACATCGTCACCGACCTTGCTTGGAGCGCTGGGTGTTTGCATGGGCAAGACGAATAGAACACGCACCTGCGCTATGTGGCCCCACAAACCATACGTGGCTCTCGTACTAAGTCCAGCATAAACGACTCAGTAGGTAAACGTAGAAGAAAGGTTTAAATTCAACATAAACTAGTGGATCTGCTAACAGCTCTCGCAGAAGCGTAGGAGTAAGCTTGAAAGTGTACCACTCGCAAGTTAACCCTGGAATCGTAAATCGGATTCGTTCTTCGGCCTAGGTGAAAGTACCTATCCGTTGTTCACGGGCGATCACCGTGCAACTAGATGAAGCTCACAAGAAGTAGTTGGGCGAGCCCCGTACTTAAGTAGGGTCTATGACTACCACATAATAGGGCGGGAGACGCTAGGTACACTGGTCCCGACGTGGAAGTACGCTTCGTTATACCAAGACGCTACGTGCGGGGAGCACTCGAATGATATACCGACCCGTAGCGCACAGCATCTTTGCATTATATTGTTGACCAGAGCTCCCTACTCGCGACCACGGGAGTTCAAGAGATTGATGAACTATAGTAAACGCTATTAAGGGACTGGTTACACGTCTGGGCAGGCGGTGCCGTCTTCAATTCACTTTGTGATATGGCACCGCCTCTACTGAGTCCGTCCGAATTTTTGTGGACGTTGGTGGAAGAACGAGGTTTGCAGATAACGTAGGAATATGTCTGGAACAGAGCCTAAGCCGCCGTTCACGCACGGCGAAAAATGAGTTCCCGGTCTATATAACTGACGGTGCCTTCTAAATCCAAAAATCGTAGAACAATCCTTAGCTACCGTAGTCAGCGCCCTGGGTAAGTAATATAGCAAATGTTGCGGAACATGCGTACAGGGCACATGCATGTAAAACTCCAATCAAAGAAGTGGCATTATTGGAACCACTAGATC,1385,50.9,Drosophila melanogaster
SEQ_274602,GCAGCCTTTAAGTTTGGTAGACTACCTACCGAGGACAACCTACCCATGTAGGTGAGCCGCGTGAGGCACACTCGATCTCGGGGGCGGCTCGTGAGTGATTACTCGTACTACAATCCCCTGCACGAATCCTTGCAGGTTCGACCGCACTGGATGTATGCGCCTGTGTG,167,56.29,Arabidopsis thaliana
SEQ_816443,GAATACAGGGAGGAGGTGGAAACTCGCGATGGTGTAGGATCCGGACGACACTCGAAGTTATTTGATGACCGACTCAAGTAATAGTAACTTATAGAATCGGCCTTAGCGTGAACCCTAGCGCAAATTTTCTCAGGGAGGCAGATGGTGACATCTCCTGAGCCTGCCATTGGCATTGTTTAAGATATTGGAATATCGTCTCTAGGAAGCTTTGGGATCCAGTGGGTACAATATGGGTTATCGGTCCGGCGTACATCGGTAAATTCGAGATAGTGTCGGCCGCCACGCTTTCCTACCTTCGGGGACTTTTTCGCTAAGGCATCAACCTCGTCTCTGCGCCCCGTACTGCCACCTCTTGAAGTTATGTGGGCAATAGAACACTTACGCTGGACGTCCTAGGTGGCGTTTCTCGGTCGGAGCGGTGCAGGATTAGCTAAGGTTCAATCACAGAGTGACGCTTTTCCTTTCATCGTCGTCTTGTGGTCCAAGCGGCACAGTACAATTCTTAAACCGCCGTAAAGACATCGCAAGAGTCGACTGCTTGGTCCGGCATCAAGTTGAAAACCTAAGTGGTGCCGTTACTAGAAGTCCCAGACGAGCTACAGATCGATAGTGGGTTAATTCAGCTAGAAACCTTTCTGGCGTAGTGTAGGCCTACGCGATGTTGGGAAGGTCGCCCGCTCGCTTACCGCACTTTTTACCATGGGTCCACCCATAGACTTTAGCATAGACGCCCAAGTGATATCAGTGGCGTAACGACGCTGCTAAGGCGTCGTCTGTACTAGGCCTTGTGGGAGTATTTGCTCTGTTTCTTTCTGGTTCCACCAAGCTGGCATCGTGCGTTAACCTCCCCTTAGGATTGCTGGGCGACCATCGCATAACCCGCTCCGTAAAATCATACGTTTACCTACTTGTCCGACGCTCTTATTTCTCGATTATTTTGGGTTGACGCCGCGATCACTTTCAGAGAGGAGTTAGACAGCATATGTTAGTCTAGGTAGGTGTCGCTTTGTTGTCGTGGAATAGTGTGGACTTTCCGTGGCTAAGCGTTAATCTTGGCTTTGTGTTGTGAGTAGGATGCGCCAACTTCCACACCTTGATCTTCGCGGCATTATTGTTTTCACATTTCGTGGTTGATAGCCTCACTGTTAGGGCGATCATGACGTGAGTGGGCTAGAGACGAGTTCGGCATGTCTGGATAGAAGGAAGGCCCTCGGGTCTGCAACGCAACCTGTCTTGTTAGACGGGTCATTTGACAAGGACCGGCAGTCCTCCCGAAGGGAAGCGAAAGGTAATAGGCTGAGCCATGACTCAGGGGGGCGCCATGTATGGCGCGAGTACTCGAATACTGCTTGCTCTAACTACAAAACTGGATAGGCCGGCTAAACGCTCCCATGCTCAAAGTCCGCCGGGTAAACGTGCACTGTCCGCTCTTTTGACGTCAACCCCGTGTGGGCGCCACCAGGAGAGTGCGGATGAGTGGCTAAAAATACCGGCCGTTCCCACTTCATGGCTTCCAGCCCCGCTCGGGTGCGCTTGGGATGCGTGGCCCTGCTCCAACTTTTGGTTGTTATCTCTAAGTTAGCTTCCCTCCATCGCAAACATCGATGACACCTATGGTAGCTATTGTGCCGCCAGCGAGCTCCCAGCTGTCTCAAAGAGGGAGGATAAGCCCCGTTATAAGAACCGGCCCCGTGAAGATATTTGGACCAGGTCGCAGGAAACCTAAAC,1728,51.62,Escherichia coli
SEQ_807603,GCCTGCACTCGGCTCCCTCGCAACGATTTGAGCCCGTTAATCCCTCTTACAGCTGTAGACGGTATGTAATCGATGCGATCGCCCATTGAGGACAACAGCAAGAATGATACGGCTAAAGCACCTTGATGACTACTTATGGAGCCAAGGTTATTGGTACTCCGTTTCCAACTACAGTCGAGAATCTAGCAGAGTGATCGGGTCAGACTATTCGGGTCTTCAGTAGATAATAAATCTTGAAGGGGGAGTTCCGCGCCTGGAACATGGAAATTAAACAAAGTTAGATCCGGTGTGCGTGTGGGTTTGGTCTAACGGCGGACTCACACCTTATTATTTGATGTCTATCCAAATGAACGACGAGATATTTCGCGTAGGCGATGACTGGAGTGTGTATGGAACATTTGGCCCTTAATTCATTGTGCCCGGACACATGCTTAATGGCACGTCACTTTGTGTTCATTAACATATGGGGATGCACTCACCTTTGGGGCTGTAACCAATACCACGCTCTAACGCTTACCATTAACGAGGCGGATCTGCCGCGAATAAGTTCGTGGCCAATAGGTTATGCACTCGAAGGTAGAACACCCGTTTACTCGACATATTAGGTAGACCCCTTTGCGCAGATGCGGCGTGCTTCTTCTCGCCCCGAGAGGTAAGCTGGCATATATTTGCGACAGTAGGCAGACATCTTGGATGAGCCCGCCATCGTACCAACGAAAACAGTAGTACAAGAGAGAGTAGATTTCTAGAGGCGATTAATGATAGGCTATCAGACATGCCGTGTCAACCGACAGTCTAGCATGGGGCGCTAAGAGTCCAATCACGTGGCCCTATCTTCCTCGCAGTCGAAGTTGTCCCGCGTTGCTCACCGGCCGCCTGTACATGTGGACCGAAGCTACTCCATTACAGATACGTGTGACGATCGATAATATAGGTCTTGGATAGGCAGTTGTTAGCCTAGACTGGCACGAAGCCTCTACTTAACGCCGGAGGAAGAGAGCGGGGCGCTCGTATGCCGTGCACATTACACCTAAGGTAGAGCACGTGGA,1049,49.67,Arabidopsis thaliana
SEQ_823829,CTTTGCTTCACGCGACCATCCGGGGTGCCTATCTGTTGCTATTGCTACTCAAGCTTAGGGTGATCCCAATGGGCCCAATGAAGCTCACGGCACTTAGTTCGTACTTTGTCAGAGCCACGCCTGCATTATAAACGTCGGCCTGCTCACTGAAGTTCACGTCTTTTGGGCAATGGGCATAGTGACGATAGTCGACTCACGGCACGGCGCTATGGATTTAATATCCCACGGCTGTACTACAGGGCCGTCTCTCGGCACGGTCAACACTTATCGGTTTATAATGTGGTCACAGCGATCTACCCGAGAAGGCCCACGATTCGCTTCATTCAGAATTGCGCTCACCTAAGTACCGGCGTCTTGAATCCTCGTCTCTAACCTCGGAGGTTACGGCGCTAGACCTTCCTGTCTCCGAACTTAGGCGCGGCCGAGAAATCGCTGTCCTTAAATCGGGCTAGCATAGCATCTTAAAGAGCGTGTCTGTATTCATAATATATCCAGGTCTGTAGCAATGAATGGTGATTACATGGATCTGAACTATTCTGGTTGTCGGTTCCTAAGGGTTACGGTAGTGAGGGTTCGCGCATCAGC,585,50.94,Homo sapiens
SEQ_108192,ATTGTGCGAAGAGGCGTTTATAGGTTTTTTCCCTCAGATGCTCATTCTAAGATAGCTTAATGTCGGTAATATTTACCCATCATCTACCTGTTCATGGCCCAGCTATATTTCGTTCCGGTGACGGCCAATATCTCCCTTCCGGTCCTGTTATCCTTTATAGATCCCTAGCACGTGCCCATAGACACTGTGTCGCGGTACCGCTCTCCTAAATACCTAGGAGATCGTTATCATGGGCACTAGTCGAGTGGCACGAACATTAGGCACCAGGGCTGGAGTTCGTTGGGCTGCTGACTTTAAATCGTTGTAAAACATTTTACCATGTTACCCTCGTGGTGAGCCCCAGTTGGGGAAAGTCTCGAGTACTCGCAAAGATCACGATTAAATTAAGGGAATCGAGTGATGAAATGATACCCAACTTATCATAAGGAAGGACAAACAAGGCTGCCACACGCTTTATATTTTGTCTCGGCCCACTCACGTCTGGGGCCCCGGATACCCAACTTGTGGGCTGGACCAGACATGGCAAACGCGTGTATGGCATGGTGGTTAGTTGCATATAAGATGGCAACTCGTGCCCATGACAAGAACGGCATGCAGGCTCGTAGTTGGAATCGACAAGGCGACGGTCCCATCCCGACTGGTCTCTGCCAGAAGTAAACCTGCAGAAGGTCGAGTTCGTTTCAATACCTGACCCGAAAGTACTCCGCCGATAGGGGACGAGCAGTTAGGGATATTGTGCTTGTTCGAGATACCTCCTTCGTTAACCTCAGCCGAAACAATACTGCCGAAGACTTACCGCAGGGCTAGCACGAATTCGGGACACGGAACGAGAGAGAGCTCGAATAGACGCCGGCAGGAGACTGCGACTCAGCGCCCCGGGCTCTTCAAAAGTCAGAGATGACGAACGCCTAGGTATGCGATCCCTTTTTGCCCTGTCCTTTATAGGTGATGAGTACTTACCAGTCGCTCTTGCCTCACCCATTCTCTAACTAAGCTACTTGCAAGCGATACTTTCGCGGAATGTTTTCAGGAGCCGGACTTCGAATGGCATCAGGCTGCTCCGCAACTCTGATTAGTTGGCGCTTGCTTGGTTCTAGGCTTTTGTAGTCCCATATATTGAAAAGATCGTACGACGTACAGGCTGCATCGCAACCTATTGTAAACCACTATCCGTGTA,1177,49.7,Mus musculus
SEQ_712840,TTAAAATGCGGTCATGTGTCAGTTTCAGCGCAACGTATCCTACCCCTGAACCCCTACAACGGTGTATTTTCCCGGGTTCATGGAGCCTTTTATAATCTTAGTGGACATACTTAAGCTGAGTGCGGCTACCGCGCAATCCTGCAGATGGCTCTGATGACGAAGTTGCGTCATTGACGGTAAAGTGGGTTGTCAATCGTGTCTTGCGCGGTACTCAACGTTCTGATAACCCCACCCAAATTGCTGTACTGGCCAACAGCATTGTCATCAGTCGGTATTTATGCCCACACGTGCCATGTTAATAGTCTTTTGTACAGCTCGTCTGGAGAATTTCCGTTCTATGAGTCAATTGGCGGGCAGGTGGTGGAGGCCCCAGCGCAATTCTTACTAAACATTCAACGTCGGCTATGGGTAGCCCGTTGCTACTAGTGACTTAGTGGTTTCCGCGTTAGACCCCGATACGATGCATATTTCAGTAAGACAAAGTATGGTCACCGGGTACAGACCGCCCAAAGCCGCTTCAATTTATTCGATATAGGTTTTAATAACCTTGGCAGGCTTACGGCCGGTCGTGTATTACCACTTTCTAACCTTTGGGGGAGCTTATAACAAACAACGCGGGGAAATCTCGTTTGCCCCAATGACGTCTAACCAAATACCGTCTCCTTGATGTCAAAGGCATTTCGGAGCAATTCCCGTATGAGTCAAAAGACGGAAACCACTAGAAGCACCCGACCCCCAATCTGTGAGGCTTATCTACGCTACATTATACGGTGAGGTTACCCACGTTTGCACAACTGCGAAGTTCTTATTACCAACTAAAGCAGAGTACGGAATCCACTAAAGACAGGACGATTTTTATGTGGCATAAAAGACTTCGCTTTAAATTTTACGACCCGGCGTCGGACTAGGCCCAAGCCAACTGGACTCCTAGCATGCACTCTAATAATACCCGCGTCTCACACCCGGTATCAAGCGGCGAACAGCTTCCGGTATCTCAGATGTTGGGTTCGGGAGAATCGTGTCTACTCAGTTCGCATAGTGATTTCTCCAGGAATATGACTCGTTCGTCGTAGATATAATCTTCCGCAAACAAGTACTGTGACGGATCACCTCTTGATGTGTGCAACTTGCAGACTGGCGACACATTAGCACATGCAGGTACACCACACTTAGCCCATCCTACGCAAGGAGTAA,1194,47.91,Homo sapiens
SEQ_240675,ATTGTAGGTCCATCACTGTCGCTCTGGGGGAAGGCTCGGATTTTGCTTCAGTTCACAATACCTTTGGTACCAGGGGATCGAACCGAATGGCGCGAGAATTGCTTTAACTATTCGAGGGAGAACGGGCAGTGGACACGTGC,140,52.14,Escherichia coli
SEQ_779964,CAGTGTATCCTAACACTTGTAGAGGTCGTCTCGCAGGCTGACCGTTCCCTTTGTGACTCGGCCCTTGAATAGACATGGTATAATAGTCCGAGCCAATTTTCCTCTCGCGGTGAACATGCGTTCGGGTGACACTAGACGAGGATTTCCGGATCACCTCAGTTTTGGCGCGCCGGCGCAACGGTTCCCCAAGCTTCTAAGAGCTATTTGGACCTACCGAGAGATGGAGGTCCCTGTATTGATCGCCCAATAGCGAATGTCTAATTACCCAGGCGCGCAGATTTCACGTAGCGGCAGAGTCTCCAGAGCTGATGTAATTCAATGCGAAGTCTATTTCAGCATGTTTTCTTCCTATAATTTACA,360,49.72,Drosophila melanogaster
SEQ_780044,ACGCTAACCGACTTATGTCACGAACCAGTCTAGAAGTGGAGCTACACAAACAAACGGTCGCGTAGCAGAACCATAGATTATAAGGATGCAGCTGGGAGTCCACCTTGAGGATATAAATTGGGTTACGGTGCATGCAACGAAAGGTTCAGCTATGAGGCTGTCGATAGACCAGGGGTCGAACTGACTACTGCGGGGCCGTTTTCTAGCGTCGTTCGACTGCGCCTTGGTACTCCAGTGCTCAACGCCGGGACATCACCTATCCATAGGCTCTATCCTTGCCTCCGGACCCAGCATGGTCCCATCT,304,52.63,Homo sapiens
SEQ_700981,ATGGCGACAAAAGTAAATTCTGATGAAACAGCATAGCGTGTTGTTTCGTGGTGTCGTGAGGGGTTAGACTCCATCTCGCACATGTCAGAGCTACCTCAACCTGTGAAGCCCATTCGCCGCGAGTCGCACCGCTTATGATAAACTAGACGAACTTTCAGGCCAACGCCAGACTGGTTGCAAGAGGCAAGATTACACCGGAAAGCTCGTAGACTAGACACGTGCCTGCATCTGCCAAAAGAGGAACACCATGTCGAGCCACGACCGAGTGTTCTCGAGCTAATCGCGCACTGGTTCTACTCCGCGCTTGTACGCCGAGACTGCGTCGTGA,328,52.74,Drosophila melanogaster
SEQ_536378,GCAAAGGGCATGCTACATAATTCGCTTTAAAACCGTCCAACTCGAACGCGCAGTAAGCCAGGATATAATCGCGATTCTTATGTCTTTGCCGTCCTGATCTTCGTCTGAGTTCTTGCTATGCCTGAATTGTGGAAGGGATGAGGTGTTACAGGGGTATACGGACGAATCAGACGTGCGGACTTATCATGAGAACGAGTCCTATGTACTGTCTCATAGCGGTGGAAAAGTAGTTCAAAAGGGCAGCCTTTCGTCCTCTCCGCCGGGAAAAAAATCCCCCAAATAGGTTGCACGCATCCGCGAAATCATTAAGAATCGGATCGTAGTGTCACGTCATACCCTAAAAGACTGCATTACAGATCTCAAGCAGGTGACACGGGCAGATAGCGAATAAGCTAGGTCAGGATTCATCCGCAACGGGCGTTCACGAGCCGTACACCAAAAGCATACTAACTTGCCAGGTCGCAGTTGAGTAGTTGGGACTTGCGCGGGAGAACATGCCACATGATAAGTAAAGGCAACCTGCCGCTCGTTGAACCATGAATGTCACCCTATGTTAGCTAGGCATGTGAGCGGACATATAGGTGGGGCGCGGAAGTTCGTACTCGACCTGTGCCCCGACACTTTTGGACGGGAGAAACGTGGTTCTGCAACTCGACCGAACGGACTCTGTCCGGTAGCCCTTACATTTACCGGTGTTCAGCGCTATCTATCCAAACCTATCCTTTGCTTTACAGAATCGATCGCGTCCTATCAAACTGTCGGGGTGATTCTATTCAAAAGGTTTACCCTTGTTACGCACAACCTGAGCGCATAAAACTAGGAAACCCCTGGCGATAGCGAGCAACGCATCGGGAATAATTACCAGCAGAGATGCATCTCTCTCAGTATATAGCGTCGAAAGCACGGTACAAGTAGAAGAAGGGAGTTTAAGCCCTGGGTCCCTGGAACACGAGCAGTTGTTTCCAACAATGTTTGTGGCCCACCAGCCGTGTCCACGCGGAGCGTATGGTTGTTTTTCTGTTATAGCCATCTCCTGTAGCATATAACAAAATGCAAAAAGGGCCGATAGTGAGGCGATAGCTACTTAGTTGTCTGCGAACCACCGAGCGAGTATACCTCAGCAGGTGCGGCAGGTAGTGTTTCGTGCAGTATCCCCGCCAGCTTTGAAAAAGGCGCATGATGGATACCCCGAGTTGGTCTACGGTCGGGGATACGATTTCCGATAGAATAACTCACCTTCGGCCGACTACTTTATGGGCAAACTAGAGGCTCCAGCAATTCTGTACCAAACACAACATCGAGTTTCCTCCAACTGTATCTTGTACCACGAAGATGTTAGCCGAATTCGGGACATGGCAGATGATGTTGTGATTGCTTAGACAGAGGAAATCCGTGTGGGGCTGCAGATTATGATCGTTCTTTCGACTAGTAGCATCAAGCTAGATCTTGTGATAACTAGAGGATCCAGTTCTTCACACCGAACTGGTCCGAGTTGGCACGGAATGCACTAAACAGCCCTATTGCACGAGTGCGAGAATGTGCGGCTTTCCGCAACGGGGGTAGACCGATCCTTAATGCCTAAGATCTAGTCCCTGAACTTCCTGGATTACACCCCATTCGGTCTTAGCAAAACGTCTAACCAGGATTGCTTAACGCTTGGATCTTAAATATCGATTTAAGGACAGTCGATGTCTCCTGAGTGCACATGGGGATTAATGCAGAGCGTACACATCGGCGGTATAATCCCAAACTTCAGGTTGGTTGCGTGGTTCAGTCTTAGTGCCCGAATATAATAGCGGCGCCCAAACACAATCAGAACACTAACCCGATTATATCTCGTCTTAAGGCAAGAGCGTTATTCGAGGACCATGTGTGCAAACT,1881,48.8,Drosophila melanogaster
SEQ_964786,CATATTGTCTCGATGAGTGATTATGTCTGGACTTCTGGGGTGTTCCGTGCGCTGCGACCCAATTCCTACTGTCCACAGGTCCTCCAACGTCAAACGTGCGACAGGATCATGGGCTCGGCACTTCGGCCAGATGGGTTACATCCATGGTTGTGCTCTCAGCCGAACAGCCAGATGTCATAACGGCAGAACCCCATAGCTAAGACCCTGACTTGAGTCCGTCCGTCTGACGGGATAGATCGTTAATTAATTTACATAAATCGTTCTTTTCGGATTGCGCGCAACCACTTACCGGTGGGGTCCATTGGAGAGCAGACTAGCCTCTACTCGCGTGCGATGAGTGGTTGTAGTATAGCAATTTATTTCAAGGGGGAGAACAACCTCATCCGCAGTACATCCGGACCGACTCAGATTTCATGATCGCTTCGATATTGAGGGTTCAAGCAATTAAGCTTATCTCACCTTGTGGCGCCGAGAGCCCCCCGTTCTCATAACTGAAGAAAATTGCAGCGCCCCTCTGATAGGACAGCTGCATCGGCAGCCGCGGTAGAGGAGAGCAGCAGTCCCCGACACAGAAACGAATCGATAATACTTGAGCCCAATCTATGCTTACTTCTGGTCGGTCGTGCAATTCCCCAATGGATATACCATTTCCGGTCGAAAGGTCTTACTCCCCCGCGTAAAGGTCTTCTGGGCTCTATTCGGGCTTTATGTCAGCCCGGTGAGCACCTTCTCAGTGTCGTTTCCTAACGATTCGTTCAGTGAATTGTTTTCATAGAAAGGCACGAGCCCGGTTCAAGGGGAACGGGGGAAACACTATTGTGGCTATCCACACTTACATCGATCTCTTATCCCAAGAATTGGAAATACGGGGGAGTTGAGGCGCTTGTCGCCCATGTCCGGGGATAGGCCACATGCTTGCCGCGCACATCAGGGTTGCACCCGCATTCCATCGCTCACGCTGCTAACTGTCAGAGTCGGGACAGTTCTTGGTTTCAAGTTAGGGACCGATACCTTACATCATCTAGCCTGTAGTAGGATACCATGCATACGGCGAGAATAAGGACGTTATCGACCAAGGATAGTA,1084,51.11,Saccharomyces cerevisiae
SEQ_675958,CATGCGGTCTGGCAGGCAATATCTCGGAAGGAGCTTGTCGACTCCTAAAAGGGAGCAAGGGCACGATGGTTTCGTAGTACCGTAATTGACAAACGAGATTGTGATTGAGATAGGCTTACTTCTACCCTCTCGTCGGCTTGGTTACACTTAACGCCGCCTGTCGGTCTGAACACGTACTTGCACACGATAAGTCAGTTCTGGCCATACCGCCATTTTATTGATCTGAACGCCGACGTTTTGACTATTGACGCCATTGCGGGCCATGATCGTGTTCGCTATATGGTAGGCTCCTTAACCGGTCTATTCTTCGACCGTATGGGCCGGTATCCGCGGAACCGCAAATCCCTGCGATTAATACTTACTGATGAATGGAGGGGGGGTAGAGAGCACGATCGGTAGAGGTAAACTGATTCCACCAGAAAACATATGTTACACCAGACCGCATATCCGTCTTACTACCGATTGGCCAGAGACGGATGGGGTCATCAAGTCTTGTGCCATGGTATGACATTGTGGTTGCGATCTTTTGTCGTTTACACAGACTCCATGGTACCTATTAGTTACCGACTCGGCAGGGGAAAACAGGCTGAGTCAAGTCGATTAAATTGATATAGTAAAAAGCACGAAATGGTTCCATTTCGTACCCCAGATTCTACAGCCTGTACTTTAAATACCAACATCCTTTATTACAGTGCGCTCTTTTGGGTTAAAGCGACCCGGCTTGGTGACCCTGCATCTAAATCCTGTAGTTACACGGCGTCGACTACCGCATGGAGAAGTCGTCTAATTGCGGTTATCC,799,48.19,Mus musculus
SEQ_803072,TTGAAACCGTGGCCTACATCCGGTCCTACTGTGTGCAACACGGAGTGGTCCGTTGCACACGAGGCTGCGCTTATTCCTAGGCATCCCCAACGACCAGAGTTAAGTGGCAGATGACAACAAGCGTTCATCGCAGGGAGAACGACAGCCCCCGCCGAAAGCTCCAGCCCGGGGTCCAACGTCGTGGAAAGGCAGTAGATGGCATAGCAATCCAGCCAACTTCCATTGGACTTACGCAATGGCTGGTTCCCCAGTTTCTTGCTACTATATGCCATACGATCTGAGAAATTGCACATTCGTGCGAAGAGGCCTTCCGGTTCGTCGTAATACGGCGCACATACTTCTTATTACGTCGAAGTAGGACGTATAAAGCAATGTGTTTTAAAAATCATCTCGAACCCGCGGCGGGTACGAGCGATTAACACAGTATTAGGCCAGTCGTTGGGTTCTTTGATGCGCGGAGTACGGTCTATCATGTTGTATAAGCACCTATAGTGGGCCGCTTGCTCAACTGTGACATGAGCCAGCAAGCCTGTGGGTCCGACTCTCTACTCATGGGTACTGCTTCTTATAGACTAAGCGATCTCTCTGCGCTCGAGAAGAAAGCGGGGTATAGAGGTGGATCGACATTACACTATCCCATCGGGCTCTGTTAGTAACTCCGACGAGCGATCCATTGTACTGGCACTGTTTCAACCATATGTTAGTCTAAGCCGGAAGGCATTGCTGTTCGTGTGCGACGAACCCGCCCCGGCTGCTCCTGAGTAAATGAAGGGTCTCCCTACCACTTCATGATATGGCACGATCCGATACATGCGGATTGTTAGTGTCTACGCCTCGCCTAGCAAGCTTTGTTTCTAAGTATGCGGTAGCATCGACAGCATCGTTTTATTCGAAAGATACCCCCGTCTAACAAACAATGTCTCACTAATTAACCGACGACTGACAGCAGGACTAGCAGTCACAAGAGCACACCTCCCAGTTCCGTCACTTACCGCACCCAGTAGTAGCCACCTGCTCCTAGTATTAAGCATGCACGTGTCCTCCCAGTTCAACATGTCCTTCGAGAGTAGGTTAGGG,1077,51.07,Escherichia coli
SEQ_196780,TCCGGGGTCGAGAATTTTTGGCCTCTTCGGGTGTCTCCGATGATCATTCCTCCGGTCATGCTACAATCGTTTACTTGAAGCTCTGTCCCTGCTGCATTCTAAGACGGCCGCTCCACCCCTACTGTAGCTATGACGACATGCGTCAAATGGCAGTGATGACGTGGGTGTCACCCGCAACGATCAGGGCCCTGTGGTAGGCCCTTTGATACTTTATCCCGCCGTTACGGTCTACACGTGTATAGGCTGGGTCATGATATGAGAACCTATTACACGTAGATACTTTTGCGTGGGGCCCATTCCTATATGTAGGAAAGGACCCGCCCCGCAATCCATCCTCAATGAAGCCCTTTCACCAGTCGATCGTTATGCAGCCCGCCTGTACTATTCAGCCATCTCGTTACCTCTAATCGTTCTCGCCGTATTTGCATAGGACAGAGCACCGCCACATCAGAGTAAATCGTACAGGCCCTTTAAACGGATAACTAATCCGGTTACTCCGATCTGGTGCCCATTGCCATATTGCGTTCCTCACCCATAACGTGCTCAAGGCTGATGAGGTGGTCCTAATCGATTCGCGCTAGGCTCACTCACTGAATCAA,599,51.42,Mus musculus
SEQ_717000,TTACATCGTCGCCTTTTAGGCGAGGCTTGGACGTCTCGATTACGTGGATCAGACACTAGGTTAGCCTAGAATAGGGCGCTTGCTGATGCCACCCCTGAGTTCTCGAGTTCTAAACACCATTCTATGGCATCAGGAAAATGGAAGCAGGCCTCTAAGGGATGTGTGAGGGTGATCTGACTCAGTGTCTTCCCTACTCCGACCATTCTCGAAAACAGGACGAATGGATTTTTGACAAAGAGCTCAGCGGAGTAAAAGCGCGGCTTTAGGTTGTATTGGGTCAGGGGTTATCAAGGTTAACTTATGAGGGGTGCAAACTCTACGCAAATGTCAAAAAAGCGCATGGACTTGAGAGCGTGATTGTACGGAACTAGGGTGCCGCCGTGCGCATCCTTCCCAACATAATGATAATGCCTGGATTGGTAATAATGTGGAACCCGGTCTCCCAGTCCTTATGCAGCGGCCTATACGTGAATGTCGCAGAAGACCGCGCACGTTGAACACTGCATGGTACTCTTTACATTGATCGCTATAGCTAGAGGAGCGTAGCAAATATAAATGAGGGATTCCACAACAGCCCCCGGTGACGGGAGCCCCGTCAATTCTTGATGGGCGGTTCACGTGGCGGACTATTTAAATAAATCACGGAAGTCTGTGCATCTTCAATGTAATCCGATGTCATACGAGTGAGATGTTTCGAGAATGGTCAGATCGTACTCGGGGCAGTACAATCTAATGACACCCTCTATGAGCGCTTAGG,757,48.88,Mus musculus
SEQ_879265,GTACGAAGCTACTGAAAGGGACATTGTCGAAGGCCGCGACCCAGGTCTATGACCCCTGCCAATGACTGATGTGCTGGTGGTCTAGCACGTCAGTAGTCTAAGCGAGAGGCGTGCCGAGCAAGTGGCGGGCTAGACAGCTCACGCGGGTTCCTCCTCTTTACCGGGCGCGAAAAAACGCAGGAGCCATATACTACGGTGGCTGCAGACTAACGGATTCCAAGTCTCTACAACTTGTCATGAGAAAGTCGATCAATAAAAAGGGTGCTGCAACGGCGGGGTGAGAGGCTGCAGTGCTCCGTCTAATATCACGGTCGTGTTTGCAGAGAGTTAGTCTGCTGAGCTATGTGCGCTGTCTCGATGGCAGAGCCATCGGGGGGAGGATATTCCTAAACTAAATTAACTAAACACTAAGTAAGTCTGCAGCGCGACAAGCCTATCTCGTTGATCTCGTATCAAACACTGACGTTGGTGCCCGGGCGCTCCTAACCACCACCCCCTGCCGTAGTCTCATCCAGCTGTGTTACACTCCAGGCAAGTCGCTCCGCGTATCGTTACGTACCAGTAGAATTGGTCACACAAAGGGCTTTGAACGAAGTGGATATTCATATTCTCGGTCACCAAGAATCACCACTCTCAATCGAACGTTACGTACTGGTAGATCCGCTAACGGATAGGACCCAAGCTAGCTCGCTTTACATAGAAGATGTCGGCACTTTGTACTGTAGATCGAGTTCTTAAATTCCAATTTGCTTTACGGTGCAAGATGGAAGCTTGCTCCTTTTCGGTTTATCGACCGCATACGCGATGTGCGTCCTGCCCGTAACCCATAATCAAACCGAATAAGTCAGCAGGTGGATTCGGTCGTCTAAGACTACTCATCTCCCTGCATGCGGGGGTCGTTAACTAATCGGCGTCAGATAGAACGGCCTGGTACACTTATTGTTCATTGGAGGCCGCGCTGCATGCGAGGGGTGTTACGGGACCATACCACGGGCGCGTTGGTCCCTTTTAAGAATGACTGAGGGTTGCGAAAGACCGCCGGGCGTCCGTACTACCAGGTACAGGCGGCTTATTCTAACGCTCTTGCTTGAAGCGCTTACAACTACCTGCCATATGATCCGTGATACAGGTGTTATGCCGTCGCATTAAAGTAAGTTCCTACGGGGACAGCCTCAAACATTCAGGACAAGCGGGTGGATGCGCTGGCACGTAGTCCCGATCAGGTGGAAAGCGCGGGATCCCAGAGACCGAAAACCCCAGCGTCGCATTGAATCAGACTAAGGTCCTCATACGCAACTGTGACGACATCTAACCGGGAAGAGAACTGTCACTTGAGCAATTGCTTAACTGCCCACAATCGGCTGACCAGTCTGGACAGATGAGGAAAAGAAAGAATGAGAATTAAACCGCGTCGTGGAAACCTACAAAAGACCCCTTCGTGCCATCCAAACCGGGAAATACGGTTACACCGATGGCTGACCGTACTGTTCACAACTGACAGGCTGCTTTCAGAGGTGCTTACCTGAATTAGCTAGTATGTTCGAGGCGGGCTCAATAGCCACGTAGAGGGCTACCATATTCTTGAACGAATCCTACCGAGCTATCATGTCACTTTCCTCAACTGTAGCCAAAACAGGTCGATGGCGATCCACGCTCGTCGCGGCTCTCCCCATCCGCTCCGCCGCGTTGACGGACGCACCAAGAATGCTAACCTTTGAGAATTACTATGCATTATGGCTTCTATGCTCTCGCCCTCCCCGATACTAGGAGCCTC,1774,51.86,Arabidopsis thaliana
SEQ_892759,GTAATGCACCCAACTGACTGGAGGCCTTAATTGTGTGGCCTGGCATTTATTGCGTTCTTTGCGAATCGTTTGGGGGCGACAGGGTGCTGCATCATTACTCCTTGTGGGATAGATCCAGTCAGGCTCTACCCCTTGTCCTCTATGTTCATTTCACCGATTATAACATCGTGGGCCGGGTGCGGAATTTTTATCGTGAAGTTGGTTCAGTGGGGGTCATTCAACAGGACGCTTTCCTTGAGAGCAAAGGCTGAACCGGACTGTTGTAGGGTGAGATGACGCGGGCTCAGGTAAGTCGAACCTTCATATTTGTTGCCTGAAGTTCTTCGCCAATTCCCTTAAATGTTAGAGAATATATTAGTCTACAATTTGTGGGGGATCGTTTGAGAAGGGTATGCTGCCTTAAAGTCGACGAATTTCACGGTGACGGCGCACGACTAGGCCTTGCGCATGCAAAAGCTGACAAATTCCATAGATACCTTTAGAACAGTTCTTTGATAGAAGCCCTCCAGATCCGGATATAATTGTTTGAGCAGGCTCAAAGAGTGGCCCGAATCATTAGGGAAGTGCCAATACCACGCTCACCCCCTGCGATGTGAACTTGTCACCTTCAACTATAGTACAACGACGATCACAATAGAATAATTCTTCGTGAAGCCGCATGATGCTGAGGGTCTACGGTATAAGACCCCGCTGTGCGGTGATTATGTACTAGAAGCGTCAAGTTCCGGACAGGTCGTATGCTCAATTATTTGTGCTATAGGCTATAATACCTGCCCTACGAGGTATGCAGCCCGTAACACTAGTTTTACCATCCCCGTGGTGGTAAAGAAGCAGGCTGCACAGATCCGGGCGTGAGGGGGAGCGCAGGTCGTCGCACCGGGAGTGAAGGAGATTGAAGCCCA,902,49.0,Mus musculus
SEQ_771176,CAAGAGGAGTTCGGAAGGACGCCCTACAGCGCTAATACGAAACTTAGAGCGCCAGATGCGATAATACAAACTCCTACATAACAGGGTGTTAAGCGTGGTCATATAAACTTCCTAGCGCCTGCACACCCCTGACCCACGGTCGTCGGTCCTGAATACGGCCCACAATTATTCGACGCCCATGAGGCGAAAAGCCTTTGCGGATGCTTGTACAAGGTTAATATTATACGCTTAGTTCTAAGTTCTGGAGGCGTCGCAGTTGATAAGGATTCGAACTTCTGATCCTAAAAGGACATGAAGAGAAGCTAAGGGAGCCTATGATTTCTTAGGCACGCGGAGGTGCACTGTATGCTTAGCATATTCCATGATGCATCCACCAGTATTGCCTCCCGCCGAAGCGCTCCCGCCGCCGAGTTACGCGAAGGCCTGAAGAAAATGAAGATATACAGCCGTAAGAATTGTAACACTTCTCGTTCTCGGACGGCAGACAGGAAGGAGACAATTGAGTGTGTAAGAAGTAGCTGACAGTCGTCTATCTAATGTCGGCCGGTGGCTCTCGGCAGGCCCGTGACGAAGACCATGTTATAGCGAGTGACTCGATTGCGGCCAGACTTCGAAGTCCGATTCGCGGACCGCCCCTGCTTCGAGCCGCTTAGCAAAATCAAATTTTACGCGTGTAATACGAGCCTTGGGATTGCGTGGGGTGATGAGGCACACGCCGGCTAGTGAAGATCATGGAAATCGCCTAGCTCTCCTACTTCGCCGCACTGTTCACGGTCGAACAGTTTATGTTGGAGTCGATCAGGGATATAACACTACAAGAGAATGCGAGGAAAACATACATGCCATGTGTCTTAACTTCTCTCGGTGGAATTTTAGGAATGAACTGCTGGGAAAAATCAATGGCAGGGTTTTAGTTCGAATAGTCCTGGAACATAGTCGGCGGTTTAGGTTAACGTCTAAGTTTCTTATGCTACAAGTGATGCCGGACCAAAACGGTAATATCGGACGTCCTGCGATCGCTCGGGCACCGGTATTCCGCGGGTGTTTGCCATCTGCCTCTCGAGGTCCTATGCCCTTCGCTGCAATTCCTTAGAAAACAGACAGAGCAGGGAAACCAGGCGGGCTTGTGACGCGGAGGGATGAGAGACTACGAACCCGATCTGTTCTCTAATGGAGTTAGCGCAGTGCATTATTGCCAGTCAAC,1204,50.33,Drosophila melanogaster
SEQ_317193,CCAGTGAATAATCAGCATCTTTCGGTATACACAACTCGAAGACACCAAGCACACACGCTTAGTGTCTAACAATCTAATAAGTAGTCGAGCATACCCAACCCTGCGTGTGGTAGAACGCGGACTAAGCAGGTTCCATCACGTTGGCTAGCCTCTCTTACTGTACGATACCGTTTAAGGCACCGAACGAATAAATTGCAGGCAGGAACCGGCAGGCGGGAACTTACTATTCCACGCATAATCTGCTAATCCCCTAAGATGGACTTCACCGGATCCATGTGCAAGCATTGCTCAAAGTCAATCGGACCAAACTCAACTTACTCAACAACTAATACAAGGAATAATACTTATAAGATCTCTAACTGCCGACTAGTACAGGGAGGCAACCAATCTTGCCCACATACTATGCGCGACAGGGCCCTACCGAATTACGGGAAACGTAGAAGACCATACGTTAGCCAACTACGGATGAGTGGGAGGGTAAAGTAGTCCCCAGGGGGTACCGGAACTATACTGATATGCAGGGTTTTCTACTCCGAGCTTTTACAAGACACAGTAACCTGTGTACAGAGACCGGATCCGTGCAATTAATACAAAACGGTAATATTCACTGGCGGTAAGGCTTTTAGTCCCTTTCGGGAACAGACCTTTACTTGCCAGGTGGAGGAACTTCCGCGTTCAGACCCCCATAACCGCTCATTTCTCAGTGGTCTCACCAGACCGTCGAAGAGGTTCTCGTGTGGCTGAAGTATAGGTGAATGGCGTCTCCCGTATCAGTGGATGATAAGCTCCAAAAGGTAGTGGTATTGGCCTTACTCGAGACTGACGATACGCGTGAGCCAGGACCACGCTCACCCATTTTGATCACCCTTACAGAAATAGTGGAGTATGTATGTCAAGGCGGGAAACGTATTGAGCCAACAACGCGCCCTATCTAGGCCCAGCACCTTGGTCCAGATGAGCGTGTGTAACAATCCTCCAGACCCAGGGACCGGTGCATACCTCATCTATACTACGCCGGAATTCTGTTCCGAAAGGCCTGAGACGGAATCGTCCGCTCAACGACTTTTACGCCAATAATATTAACTGGATTCGTACGCCCGACGGCTTCTGGCCAACAGGTTATGATCTATCGAACGATACTCCACTAACAGGTCCTCTCTTAAGGTCATGGACGGAACTCCGGGGAGACTTTATCACCTGTCGGCGACCTCCCGCAGCCATTCTTCGCAGCGTTATCGGGTTCTGGCGTATGTGCCTGGCTCGGTACCGCCACTTAAAAGCTTCCACACAACAAGGTGCCTGATGCCCTATATAATCGGCATCCATCGGGCCAAAGCCCGTTCCAGGCGAACAATCGATTGGAGTCCCGTTACCAAGTTACAATGGAATACCGTTCTTGCGTGAGTTCCTCCTCTAGAGTTATATGTACCAATGCCTAGTGCGATTGACAAGGTGTCTACCGGCTATCCCGGCCATCATCCTCGGCTTGTAAGCCCATTGCGGGGCGGCAATCCACTCCATGACACTACCGACGAACAACTACACGATGCCGAGTTAGTTCGGCTTAGAAAGTTACCATATCTCCTGCACTGTTACCCATGTATTGTCCTCTCGACGTTGACCATGATTTACGCCTTACGCCGCCCACATTAAGTATGATTCGGTTTGTAGGCGTCATGAGCTTTTAGTCGTAGACCCGTTACAAGAGTCTCTTTCGTATGACGTCGCTCGTTCCATCGG,1740,49.83,Mus musculus
SEQ_152616,GCAATAGTTTCATGTCTAACAAATGTCACTCCCAGCACAGACAGGTTCTCTTCAGAGTGACAATAAGTAGCCCTGTGCACTCAATACGCGAACCCCACCTGTAGTCCTTTGGCGGAGGGTGACCAGGGCCCGCCGCGCGCAATTATCAATATTAAACTTTCTACTCAAGAATAGGACTCTCTTGTATCACGTTGTCCTCTACTTATGCGCCCCCGAGTATTTTGATCACGCCACGTTGGCCACCGGCATATCCAGATGGGGTAATAGTCCCATTCGGCTCTATTGGAACAAGGGTAAATCGGTACCCAATTTGTATTCTCCGCAATTTCCCACGGTTGTTCCCTGCGCCGAACGAAGATTTCATGCTCCGTCCATTTCCCAGTTAAAAGAGTACATGCATAGTCGTCAGGCATTCGTTCTGGGAACCTCTGTTATCACATCACCCAGCGCACGGCGTTAATTCATTCGAGCGACCTAATTAGATTGCAAAGCCTTCGGCCGCGGCCCTATTACAGCTCCGAACTCTCAGCAACAAGCACAACAAAGATGGGATCGATGAGTGGCGCACAGGTTTGCTAGACCCTACATTAGCGGGGGTTGACTCGTTATGAACCCGACCCAGAAGAGGCAGCATACCGGGGAGGAAACATCACGATGGCAGAGACGTCGCAGATTCAACTACTAGGAACGTGCTAAAGGATTGAAGACACATGTATTGGGGACGGACATTACCGAGTAAATGTAAACCACTAGCGCTCAACAGTTGGTACGCACGCGCATGCAATTCGATATAGGAAATACCCTTCCGGAAGGCAGATCTTCTTCAGCCCGATAGACGCAAGATACTTGTGACAGAAAACCGGCGCCGCTACCTTCACCAGAAGCTACGTCCGGGTCAGCACTATCTATGAAATCTGAACGTGATTAGACTTATGGTCGGCCACTATAGACTCGGTTTGTCTGACACTTCGAAGTAGTTTATGGTTTACAAGCAACCAGACGGCGTATCTTGTGTTGCACCCCCACATTAACTTTGCGGGAGTGAGGACGCCACGTAACATTCGAGAGGGCATAGCGTGCGACCCGACGCTTAGGCTTTACAGCGTACTTTGGAATGTCTTGAGGGACTCGAGGCTTAATTCTGGAAATTGTTTGTAGTAAGCACCCCTTAACGATTTAGTGTCGCGCGGAAGGGGCAGCGAAAGAAGGA,1210,49.67,Homo sapiens
SEQ_943526,ACTAGGTTGCACAGGGGACCCCCACGATTTTCGGCCTCTTGTTCCATCGGCCCCTCCCAATTAACCGGATACAGGGTTATTACTTAACCGAATCAAGAGCGCAAACGTAGGTGGATTATGGGTACGGGAAACGGAACTAACCGCTCTGTTCAGATGGATCGGGACGCAGGTCTCCTGGTAGCAATTGCAGCACTGTGACCACCTCTGCTTTTGATCCGCTTCTTTGATTCCTTGAGTTTCCATGACGACTTTGTGCCCCCGAATTTACGTTACTCTGACGGGCGGCCGTGAGAGATTGCCATATACAGTCGAAGGAACCGTGATCCTGACCCGTTTTCAACTCATTTTTTAAGTGTATCTCAGGTGCACTGTAACTGCGCTGGGGGTGGGACGCAGACACTGATCGGCAGACT,413,51.57,Saccharomyces cerevisiae
SEQ_342452,CGTCGGGGTAGGAGGTGAGGATGATCGTTACTTCAAGACTCAATCACTTGTGCAAGGCCAGGCATACGTCGGTAATGGCCACTTAGCAATGGCTCTAATCACCTGAGACACTAAAGTCACCTCGAAAACCCCCCGTTCTAGGAGGAGATCCCGCTCTCGTACAAATAGGTGATTTGAGCAGTTCGAATTTTCATGCAGGAGCTACTTGTACGATAGATATTTGCCTATTCCCGCCTGAAGATCCTAATCCCGTTTATGTACATCCAAGAGCTCCGGCATGTACTTTAGCACCCCAAGGTCGTGGTTTTCTAGAGTAAACTTCTAGAAAACCTGTGCTCGAACGAGGCTGCTAGTCTACGTACCACGTTATTAACGGATTCCTCGCTTCCAGGAGGGAGTAGATCCTCCTGTCTCCGCGATCCAATAGTCCCCCCGCCAATGTTGCTAACGCGTGAGTCGGGGGTTCATATACATGCTCACGCGGGCTTCGCCGTGATGGCCCTCACCTCATTCCTTAAGCGGTTCCAGAAGGCCCAGACTGAGTTTCCCGTACTGAGACTGCATAGCCTCTCTGAGACTTACCTTATAGGAGAACGAGGACCTGTGGCGGGATTAGACACGAGACGGCATGTACACGAAAGCCTAGGAACAAGTCGCTACGGTCGGATTTAAATATGCCCGGAGCGTTGCGCTCTTATTAAGATGCGGAGCCCGACGGCGTTTTTTTGCCGCCTGACAACTTAGCGTATTCTTGCCTGCGGGAACATAGGTACCTTACTTTTATAATGCGTGAGGTCTTCGCAAACATTGTTCCCAGGAGGTCGGATGCTTTACCCCAAAGTAAAGATCAGGGCTTTAAAGACTACTGAGTTTAGGTTCTTTTGAAAAGTGAAGATCAAAACGCCATTACGTCTGAGTCCCTCCTTTACCTGGATTTGCTCTGGTGAAAGTAGTGGCTGTTGCCCTGTAGGGACCTTAGCATGTACATTGTTTGTTCTGGAAAACTCTTTCTGTCACTCCCGCGCGGTTAGGCACGACGAGATTGTTGCCTCTCGGTTAGTCGTACAAGTGTTGTCATAGCTCTTTACGAGCAGGGTTCCGCAATGATCTTCTTACGGAACACTGAGAAAAAGAGGGCTGCGCTTCAAAGTGCGGCAGTCAGGCACGCCCTCACGACCATAAGATATGATACATAACTGGAGTGCCCTTTTTAGTATGACGGATATTCAAGGTCCAAGGTG,1241,49.4,Saccharomyces cerevisiae
SEQ_693202,ATTGTCTCTGCCAATATTCGATCACGGATCTTAGCGTACGATAGTTGTTAGATTCGATTGCGTTGAACTCAGGCTTGACTTCCCGTTCGTGATAGCCATAATGAGGATTGTGACTGATCGAGCTTCGTGGGCCGTGTGCTACGCTGAACGAACACCACGCGCTTAATAGCGGTTTGATGACGAGGATGTAGGCGTTACCACATCACTGGCTCTGTGGCACCACTATCAGAATTCGGACGGGGGCGAAGCTCTTGAGTGGATTGTGGTCCGTAGAACGCTAGACCCTGGGCTACAAGCGAAGTGTCAGAATTACGGAGACCAAAAAGTGCGTAATGGGGCAAGACGCAAGGACGTCTCAAATTGAGTCCTCAAGAGAAACCACCATTTTATGTCCGTTGTAGTCAACCACGCACATAACGAACGCCAAACAATGATGCTAAATGCGCTTATGCGCCTCTAGAAGTTATGGATATCTGGGGGTAGCGGCTCTAGTCAGGGGTCATAGCGGTGCCCGACGGTTCCTAAACGCTGCACGGAAGAGGTGGAGTGCGCACGAGCTAGTCATCTAACGGAGTCCATATAGTTAACT,589,50.25,Homo sapiens
SEQ_548988,CGGAATAACATTGGAAGGTTGGGTACTGTTCACTGGACTTTGGAACGCAAGCAGAGCTGACACTAAATCCTCTGTACCGTCCTAGGTGACGATACAGAGGGGCCCTAGAACCACTGTATCCAAATATGTCGCGTTCACACCACATGAGGGTTACACTCAAGGAGTCGCCATTAATTCGAGCCCTACAAGGAAAGACCTTGGCGCACGATCTGAGTGAACCGCTAAATAGAAACTTTCATGCCGTATTCGGGCTTGTCAAGTTATAGGGCGCTACGTGGAGCAATCCGTTTGACGCTCTAACGTACTTGGGACCTTCTACCCCCGCGCCAAGGCGGCAAACCGTGCTACACAGGGATCCTCGTGGACTGAAGCGCTAAAGACGGAGGATTACATTCAGACGTATGTGCTGCACTCGACCTAGCCTAAGCGTTACCCTGACTTGTTGGCTATGTACGGTTGACGGGCCTAGATTAGCAGCTTCGCACGACCTCCAGATCAAGCAAACCCGCCCAGTCATCATACTTCCGGTTACCAGCCGGGTATGGACTCCCCGAGCTACCTTCGCGGAATTCCGCCTATGGATGTAAAAGAGACAATCTACAGCCGTTGAATACACCGTCGCAATATTTAGTCCGTAAGTCTCGGGTATCCAAAAATAACGAAAGAAGTGCTCACCACCATCGCGCGTACACCATTCGGTAGATAGTCCTCCCATCGGGAGTGTGCTTCACTCATACCGCACAGCAGAACGTATGCGGATCACATTGGCTAGCGCCACGCGCGCGCTATCGCGACTTTCATCCAAGAATTCCCCAATTCCCCTTCGCATCTCAAGTCGGGCGCTCGAACCACACCTGTCTATGAGTTGTCAGTCAACCAACCGCCAGGGCTGCGCGCGGCTTACGCAACGTGAGCGAGAACCCCCTCCCCTGCTTGGAATCTGCCCGGAGGAACCACTATGGACCTTTGCCTTATGATTACAACTGCACATTGTTAAGAGAACATGCATTAGTCCCACCGGCTAGATAGATCGGGAAGGTAGTAAAAACCTGGCACATTACAGGCGTAGCATCACAAGCGGCGCAAACTGGTTAACGTTGATTGGCATTGTAGGTGAAATTGCAAAAACGGGATCACCCGACAGTG,1146,52.01,Caenorhabditis elegans
SEQ_541343,GCCAGGAAGCGCGTTGGGAGGAATCGATTGACCTACATCACGGCCGAGGGCACCCGGGTTCGCTTCCTACTTCCGGAGCGCTGTCAAGCGTCCGGATAAGCCTAGAGGACCTTCAGTGTTGCAACAGTTATATACCTCACAGGTCAGTAGTCCAAATGTTGAGTCCGACATGTTCATCAAGCGGTTGAAAGTGAATGCAGCTGCCGATCTGTTTATAGTAGAGTTGATTTATAAGCACTAAGATGAGAGATTAACTGCGTCTTGTCTGCTTCCCAGTAGAAGTGGAAGTTCATAGTTCATAGAAACTCTGTTAGGGTGGCGGATGGCGTCGGTTAATAGGATTGGTGTCACTTCAGGTACACGTAGTGTCCGGAACAGATCTTTAACTGTTATGGAGGTCTGGTTCTCGGTACGATAGGTTCAGTAGCGTCTCCCTTTAAACAACCCTTTATATAAGCTGTTATGTAGTTTCTAATGCCACATCCCCGTCCCTGCATACTAAGTAAGAGTGTCACCCGGCAGCCGGCGGTCTTCGCG,537,48.79,Drosophila melanogaster
SEQ_344617,CGGTGATGTCGATCGAAACACTAACACGTCGACTGCTCGCGTTACAAATCAGTGTCCGTTG,61,50.82,Mus musculus
SEQ_652161,GAATTCGCACGGACAGACTACAATCACGTGTGACCATCCGAGCGAACTACGCTTTTACGCTGCGCTGGGCAGGTGGCTAAACCGGGGAGGCTTGGATCCTGCAGACGTAACGCGATGAATTGACTGGAGATCGTGCAGCCCTGAGTGAGCCTCCGACAAACGTATACGGGAAAGCATGGTCGCCGGGCGACACGGATTTTTGATCTGGAAGGCTTACGCGCGCCCGCTAGCGAGGACTCCCATCCGTAGACGATCTTATAGAGGGCGAACACGGTACCGCTTTAGAGGTGGCCTTGGTTTAAGCAAAAAGACATCAGTTCAGACCATTTTCGCGTCCCCGCTTGCGGAATGCAGAGAAACCTTTCGCCTATTCTTTTTCCTTTTACTGCTCCGAGGTCCGTAATAAGCCTGGGATTCCTGCGGGCCTAAGATACTAGGGCCATGTGGCACCGACCCGATCTCTGGGTGATCTATTTCGTTTGTTCGAGTTCGAATCTGGTGTATCACGGGAGTCACCATCTAATACCCAGATCGCGCCCGCGTACAAGCTGTAAGCAGATCGTCGTTTGTGCCCCGGATAAGCGATCCTAAGAGCGTCACTCTTGGAGAATTCCACCGTACCGGGTTAGTCGAGGATCGCCAGCTCTCGATATCCGGAAGTGGCACTAAATAATTAACAGTTGTCGTTCGTACGGGCATGATCTCCCCTTAGATATAGCTGGCCAAACTTGTGTTATCGCTGTACTGGTTGCCCCGACGTTCCGTTTCGACGCCCCAAAAGGTAATACGCGTGTATGAGCGTTAATATGATCTAGTTTCTGCGATATGCATGGACGGCCTGATCCGATCCAAATGGTCATAACTACCAATAACCCCCGCAAATGTAACGCGGGTAACGAGTGCTGCTCGTAGAGGCTAAGTAGAGGTCGTGCGTTACAGCTCGGCTATCCTGATCCACTGGCACGCCCACGGGAGGCTTGATAGCTTACGTGCAGATTCCTCTAAGCCTTCACTGTTGCGTGTTGATTCTAGCCCTCTTGTGACCAATTACCTTAGACTACCGTGTCAATTACTATTATGCCCAGCACGTAGGACCCATCATCGTCATGGTAGTAGCCCCGCCTATCTGGGTGAGCCACGATAGCCTTACGCACGGCTAACGGTGAAACATTGATAGGAGTAAAAAGGCAATCACGATACCATACAGATACAACACGTGGGCCGGAAGGACCGGCGTATACATTCCTAAGGGAAGGGCAATTCCGGAGATCACGGCGTTCACCGGACTTCTATAGATCGGTTTTAAGGCGAAAGTGGGATTATTACTACTAGTTCTGAACCCCTTTTTATATACTTGTGTGCGGACCTCTTTCGAGATAGCCCTCGGGACAGGCCCAGACAACTATTTCGGCATAAAGAATCCTAACTCTGGGCAGCTTGGAGGAT,1446,51.45,Drosophila melanogaster
SEQ_866051,CACATAGTTTCATACGAGTCCTAGGACCTGTTATTAACACCGTCGCATCGTCTGGACACATCCATTCGGTTGCTGCAGTAGGACGATTTCACACGCAGGTATAGAGTGTCGTTTGAGCAGTTGAGAGTTGCGTCGCAAACGTACCGTTTGCAACAGTCTATTTGATGCGCATTTGGTCATCTCCATGGTCCATCATATACCCCAGACTCTGTCCCACGTCCGAGCCGGCAGCCTTCGCGCCCGAGAGGTCTATAGGCCTACCGATACGGGCGAGAGTTGGTTCACGCAATTCGAATCGAGTAAAGATGAAGAATCCGTTTCTCTATCCCGAGCACCAATCGTTTTAAACCTCCAGCCAGTAGACGGACGATGAACTGCGTAGCAGGGTGTCAAGGGGGTGGCTTGTGCGTTAAGTGTGCCCGAGTGACGGCTACACGAGGCTCGGAGTTGCTTTATATTTTGGCGCAGGCACAGCTCGGTTTATTCAACAACTGTTTACGTCTGATCTGGCCACCGTAGCAACGCAGCCCCTTCTAACACTATACATATTTCGTGTTGTAAAAATAGTGCTAGGTCCAATATGGCGGTCGTGTCAGTGGAAACCTCAAGTCGACTCAAACACCAGTTTCTGTACGTGGGCGTCCGCTGCCGGTATCTTGAAATACAGACGATGGATAATTTTTGCAGTAAACCCCATATCTTCACATCAACCAGAATAATTTACAAACAGCAGAAGAATGGAGAGCGCGCCAGCCTCAACCGTGATAATGTGATAAATCTCCTACCCTGGCTCTATAAGCTAGCAAGGGTTGAGGGGCCGAATTCGCACTAATCTTGAAAGGTTCGGGTGTAAAAGCACTAGGATTCGTCCCCCGACAATGTGGTTGTGGCCAGGTCCGCCGAGCACCTAACTCCAGATATCACTCTATTTTAAATCCTCGTCTGTATAGTGGCTGAGCGGTCATACGAGAAAAGAAATCCTTGTTTATTCCACGCCCCCATGAGCTTCGCACCCACCGATCAACGGCCATCCTTCCGATCCTCGAAGCAGCCCGCGCTAGCTGGACAACATTTGTGTTGAACGGGCGCCTT,1092,50.09,Caenorhabditis elegans
SEQ_625584,GGTACAGAAAATGCCTACAATTGGTAGCGTGCATCCATTTGAATAGCACCCCAGCAACACGGGATTATGCTGAAAAGCCGTTTCTCGGGCCCATGTGGGGTGCGAGTTAGGGTACCCACACGACTCAGGGAGACACAGGTCAAATGGATTCTGGTTGCGGCTCGAAATGCGTTTATTAATGTCTTGTAGGGGAGCTGCAATAGTCCATAAAGGACGACTGGTTCGACATAGAAATGAAGTCATTACACAGGCTCGATCGTCTGCTAAATGCTACGGATTCAGATTCCCCGAACAGAACTTGCAGAACTTTCGCAACTAGCGTCTTGATGATGTATACAAAACGAGGCTTATAGCCTAAGTGTCAAACAGGCTATAGATCATACTAGATAAAATGTATCAGGAAAGAAGCTAACGGAAAACTGGGCGTGTAGCGTGACAGGTTGTCCGCGTAGTTCTCGCCGCATCGACGATCCGCCACATGTGGTAAACGTGACGAGTAGAGTCGGACCTTGTACCATAAATCACTCGGTCAGTCGACAGAGGAGGAGTCAGGAAGACCGAGCCTAGAAGCACATCGCAGTTTGACAAGTCGTCTCCTAAGGTATTCGGCACGGTTCCGACATACGCAACGATACCAGATATACATCCAGGCGTCTCAACTGTAGGACGACACAACCCATAGAGTACTGAGTAAGACCCATAGCCAATACGGCAGTGGCCGTATGTCTA,729,48.56,Drosophila melanogaster
SEQ_834926,GTTGGGTGGTAGACACCCGTACGCCGACACATCGTATAGAAAAAGACTGTTGGGACTGAAGCGGATGCCCGAAGTAAAACACTTCTTCGTAATGTCTGGCCGCTCATAACACACTGGGTAAGTGGAATACGTCGCCGCACACAAAGTACGCATCGAATGCCATCGTCCGGGACTCTTCCATCCAGGCTAGTGAGTGCGAACTCAGCTTAACTGCAACTGACGAGCACCCGTCTTGATTCAAGAACCTATTGGTTATGGGAAAGAGTGGGCCCATTGGTACTAATTCAGTGCAAGCATGGAGTTGACCGCGGAGCAGCGAAAGAAGTATGAACACTGCAAGTTCAAACTATCACAGTCTTGTCATTTCTGATACGCTTTTCTTGGAACCACGGATGCGAGTGTAAGTGTCTCAACCACACAAGTTTAATTAACATTTTAGTTTAATCAGACCGGAGACATACGGGCGTTATACCGAGCGCTATTGAAGGTTCCTGGAAGGTCTCCGACTTTGCCAGCAGTCCAATGTTCCCGGCCCCATAGCTATCGCACGGAAGCACACGGAGGGTGTTCATTGCCTGAGCGCTTTTCGCGACTGCTATAGGTTTCCAGACTTGCCGTTTCGCAGCCTAACTGCGTTAAGCTAATCCACACTAACTTGCACGAACATGTCTCCGACCGCAACTTTTTCTGCCGTTGTGATGCACGTATTCTAGTGATCCAGAACGCCTGCAAGAACAGTCCCATCAATCACGAAAACGCTCCCTATACAAGGCCATTATCCATTCGTGGAGGCTAGCATGAAATTCAGGTCGACACCTCGGCGATG,826,49.39,Escherichia coli
SEQ_822515,TCCTTCAAGATAATGCGAGGATAAAGTGCTATCAGCAGAACGCCTACATAACTAATCCTTGAACACAACAAACTTGAATTGTAGCTCCCCTATACCACGCGCAATTTTGTATACCCTTTACCCGCTCATCTCCCGTAATCTCGTGCCCAATCTGCCGCTAGGACCGAGCACAGTAGGCGAAAGGATAACAACCAGGACAT,200,46.5,Caenorhabditis elegans
SEQ_961189,GTCTTATGAAACACAGCGGCCCAGCATGAAGTGTCAGTGAAGTGACTCCCTTGACGTGATCGCATTCGTTGTGTACCGACAATGTATTGGGCTAATGCCGGCTGGCTACAAATGGAGGCTTCACCGGCGTATTTATATAATAAGTAGAACAGGATCACAGTACAGCTAGGCAGCGAGCATTCCGTCCCCCCGCCGTCGTAGTAAGCTGAAATTGGATTCTACGGATTCATAGC,233,49.36,Homo sapiens
SEQ_466722,GATGCGGGCCACAGCGCACTTCGGAGACACCGCTGAAACTAAGACCAATCCTATGTCAGTATAGGTCTAGAAGGGTTGGCGCCTTTCCTGGTCTGCCCACATGATTAGTCAGACTATCACGCCTCCGTATGTGGCTTCCCCTTCGGTTGCAGGGTTTCGACCGAGACGATCGGTTAATATAACTACCGTGCAATTAGCTTGACTAAGGCCCGTGGACAAATTGCGAGGAGATTACCCTTCTGTCGGGAGCGTTCGAATTGGACGAACAGGTTTTATAATCAAGGTCACCGCTATCCCAAAGCTGTGGACTCTGTAATAGGAATAGGCATCTAGGAGTCCCCCCTTAGATTGCCGTATAGGCGCTGCACCGTGACTACAGTATCAACCTTCAAATGTTGCCCGCAAGGGATGCATTAAGATTTGGGGTTTTCACGACAATCCTAAACCAAGCCTCTATCTCAGTGTGGCTATAAGCCATGTGCACCTATCCCACTTATAGAGTGGAATGGCCGCGTAGTTTGTCCTCCAAAGTCTAACCAAATGACATCTAGTAAAATTCGGTGGTTTTAAGCAATGCTAGGAGGAACAGTAGCGGAAAAACACTGACAGAGAACTAAGAGCTTCTCCCAACACCTTTTGCAGACGTCTTTGTAGTGCAATCAATACGGTTCTATAAGTGATAGCAATTGAACGTGAGGGACTGATACTTGGCCGACCCGGTTGTGGACGGGCAGGCCCAGCTCTGTCATAAAGGACGCGGCGGCGGGAGCGATTGTTTAATCAGCGCCCCCAGTAGCGTAGGGCCGACGATTTAGATCCCTCGCTGGCGAACACCACCGACCCAGTGGGGTTACTCAAATAACGCCCGTCTGACCCTTAGCCTGAGGGTGGCGACACGGTTACCTGACCGGAACCACAAAGAGTCCCAAATTATGCCCGTGGTAACTCGTATCAGGAGAAGCTGACGTGAGGAGGCGGGACACTATATGTGCTTCGCCTCTTACCTGTGGCCGGCCAGCAGCGTAATCTGGCAGAGAGATGATTCATTAAGGTGAAATGTCTTAAGTAATGTGTCGACGGACATAATGATTTCGATGCTCTAAAAGACAAAACTGACTCGACTGTGCGCTTGATGTGTATTGTAGGGGTTCCAGTTTGGCCGATCGGATAAGTGTAGTAGGCAAACAAAGCAGCCAGCTACCTGACGAACTCTTCGTGATAAGCCTGGGCAAGTGATAACTCACAAAAGAAATGGGGGCACGAATCCAGCTATTCCGTAGACTCGTGACAGAAGCCCCAGGATGTACTCGGCCAGGCCGATCCCACATCTCTGATATTCGCGTACGCAACCAAGGTACGCAGACTTTAATGTGGGCAACCCGCGGAGCCAAGCTATTTGGTGTTTAACAATAACGGTGCATTTGCACACCGGTAAAGACCAGAGGTTTGTTGACGCTACCACCATCTGCCATCTCACGGCCCAGCAGATACATGACTTCAGTAGTGTTCTTAGCCCTGACTCCTGTTTCCGCATAGCCAGCTAAGGTACAAACGTCGCGTCAGTCTTTCGACAAGGGATTTATGTGCGTTCGATCTGCCCCAATTAAGCGCTCCCATGTCGGGGACCTGCCGGTCCATATGCACTTAGATATGGATGCCATTGTGGGCGCAATGGTCCGACTATCTACAATAGGTAATGCGAACCTACGTCCGTCGCGGACAATTTCATATCGATCTGGTTATGGGATGTTAAATCTCGGCTGGCAGCCACCACATTAAGGTTGTAGCTCCAATATACAGGTATGAGTATATGAGATAAGGTCAGATAATTACGTGCGTGGAGCGTCTTAAAAGACAACGTCTCGTTAAACGGAAGCCAGGCGGTCCCACATGGTAGTAGGGAGTTCGACCGAACCGTGTTCCCTGTCCTGATAATCAGTATAACAGCAACT,1952,49.95,Saccharomyces cerevisiae
SEQ_425284,CCAATAGTGCGCGACGTAGGTGCGGTAGTCAGCGTATACGTTCCACCTGCTTCGCCGATCAAGCCGCTGAATGATTAGTTCCCTCCCACAAAAAAACAGAAGCCTCTAGATAGATATTCCTAGACAGCCATACAGCTAGTGTAACTGAAGGCACTGAAGACGATGCTACCTGGTATACTGCGCGGATAATAAACATCTTGACAACGTACAGGACAGGGCGGAGCCAGTCTCTTTAGGCTTAC,242,49.17,Saccharomyces cerevisiae
SEQ_609982,CGGCATACTCAGATTAGCGCGCCTCCAAATGTTGGGGAAGCTCGGAATCTTAGTGTCGGGTCAAAAGTACTCGCACGGGACTCCCTCTATCGTCCCGATAAGGATCGGGAGAAATTAGCCTGGTACGTGTGGTATCGGTATAAGGAGGGCGATGTTTACAGCGTACGTATTGCTTCCTTTCAAGATCTAGGCGTTTACTGAGGTCCGGGCGAGAAAATTCTCCTATCGCGGTACTACTTTGACTCTGGGCCTATTCACTCGTGCCATCCATCTGTTCCATCCCTAAGAATTGAGCTGGCAACCCAAAGATATTCAGCCACCTATCAACAAGCAGTAAAACCTACAAATCTACCCTTTTCTGTCGAGCGGGGCCGGCCATGGAATCCAACGTCTTGTGAAACGATGAGATGACACTGTCGTCGTGCTAGACAGCACATTCATACCAGCAGCTTAGAGGCATTTAAGCTCCGACTGATTTACAGCGTTGAAAATGGACCTTGTCGTAAGAGTTGAATGAATACGCGGGCCCAGACCCAAGCTTACCGCCGGTAGATATGAACCTGCGAGAGGATTGCGCTTACGTCGAATCTTGTTCAGTTCCATACCTTTTAAATACTCTGGATAATTGCGTCATGCTGTTGCGTGACCTTGTCAACTATCCGGACGACGCACTAGGCCAGTTTGAAACAAATTTCCACCTGACATGGACTTATCGTAGGCCGAGCGTCTAACGGGTGGCATCTCAGCTTAGACAAAATCTTATCTACTTATGTGGCCCTTAAGGAATTGAAGCCTATGAGGAAGAGGAGTTACGAACATTCTCGGCGACGGACACTCCGCCGAGCTAATTCTTAACCGTCGAGTTCCTCCCACTTATCTGCCTAGCGTCAATCAATCTGATAGGGACGATGTAAGGTCATCGGCTCGCTATTTTCACATAAGGACACGGAGGCAGCCTAGCGGATTTATTTACTCACGAAACGATCCGGACCGTGCGGCCAACGTCAGTGGCTTCCAGTGCTGGGATTCCATAGTCGATGGGGTCATCTCTGATGGCTAACTAGGTTAAGATGTACCGCGTATATGTTCTTTTGTCCGCAAAGGCAATTACTCCATAAATGGTATACCCAAAGGATATGTTGTCGCTGAATGCACCGGGGTCGGGCAACCCATTCCATGCACCGCACGGCCGGGCAGACAATTTTGCGCTACCTCACGGCTATCGGGTGACGACGTGGAAAGGGCATGAAGAGTGCTTTTCAAAATAAACTACGTGGGCCTCAGATTATACAGAAGGCCCCTTTAATAAACGCGATAGTTTCATTTAATCAGACTACAAATGGTTCAGAGCACCCTTAGCTATTTAAAATAATGCTGCTTCGACCGCACTGCGTGTCGGCACAATTGTACGGTTGGATCTGGTTAACAAGATTAGGTTGACGGGTTAAGGAATACCGGCTGGCTCTCTAACAAGAGTACAGGTAAACAATGCGAAGAAAAAGAGATAGCGAGGGTTGAAACTCTGGGCTAGTCCTACATGCAAAGCAGTCCGGGCCACACGCTATAAG,1568,48.53,Saccharomyces cerevisiae
SEQ_161941,TCCGTGGGGAATCGGCATTTATTAAGGAATCCGCAAATAAGCGTCGAGTTTGTTGGATGACATAATGTCACATTAGCTAGGTACCGAGCCCGGCAGCGACAGAGGACTGTTCGACGCTTTTTTCCACAGTTGGTGTACATGAGATTCAGTGGGGACAGGGGGCAGAACGTACAGTTAGGATCACGCCTATGAAATACCGACCACAAAATTATGGGGTAGTATGGATCCAAACACCACTGTCTTGGTCCGACGATAGAGAATGGCAATACTCTGTCCTGCTGGTCTACCACTTATATATGCAGACGGGTTATTCTAGGAAACCCATACATCATCTGGTACCAAAGTCGTGCCCCGGAGGCTCCGGTCGAAGAGGCTGGCATAAATGGCAGAACTCGTACCAACTTGCGATGCAGGCTCCCAAGTTTTACATGTTGTTATACGAAGGCCTCCAAATGCCGCACGCTACCATCCGACGGTCCCTTCATTAATCTTACTAATCCGCCGTATGTCCGACCAGGTCATCCGCAGACCCTGTGGCCACCACCTCATGACTTTCGGGGGCTTACATACTTTTAGACACCGGTCCCGACTGTCTGGCAAGACGAATCGATGGAACCTTAAACGGTAGTTCGCACCCGTTCATCGCCGCAACTTTTCTCCGTTGCAATGTCCCGTAAAAAAGGGAATTGCCCATCGAACTCC,702,50.28,Mus musculus
SEQ_570990,CCATCATTTTGTTGCGGGAATCGATATTGATTGAACGATGATACGTTAGGGGAGAGCTGAATGCTCGATCAATGAGTAAGCCTTAATGGTCGGGCTAAGGCGGGCGGTGCCCCTACGCGCCTTCTTGCATTAAAAAGTGTTCAATGTATCCACAGCTAACTTTGCTCATTTACTGTGCAACCCTCCCGTAGGTCGGTCAGGCTATGTGCTCAGCTTGTGGGGCGTGTCGGCTGCCATCTACCAATTTAATTCTCACGTGGGGTAAGATCAGGCCAAGCAAAGTCACAGCTTGCATACATCCGGATGAGGCGCAGGTTTTCTCCACCAGTGCACCGGTTAGTTCATGCCTTACCAGAACACATTATTGTGAGTTCCGCGAATAAGTAAAGTGCCGTGCTTTGCCTAACGTAACAAACGGTAATACTTTTGAGCGTGGCCACCCCAACCTCTATCCGGACCAGTTGATGATCATGAGGGCACGATACTTAGCCCTAATTATCCAACGGTTGGGCGCCAGCTCCGGCAGTCTGCAGGGGCCGAGTGTTAGGATGCCAGGGCGCTGAGTGATCGAGCGTCCAAGCAACGCTCGTGCCTTGAGGCCTTGACATCACATCAGAGTCCGCGGAGTGAATTTGTAGATTAACTGTCGTTTCTTGCATCTTCGGCCCCTATAAATCTCGAGGTCTCAAACGCGAAAAGAATTCCTGAGGCCGGGGCCAAGTTAGATTTAAAGCAAAGGAGGATCTTAGAATGACTTAGAGAGACGATTAGCCCGGCGGTTTCGCACTTGATATCATATCGGGCCCCGCCGATTGGCGTATAGGCCAAACGTCGCGATATCACGATCGCACTTAAAAACACCACAGGGGCGAGTTCGGTCCCTGGGCAACTTCGCGCCCCGCCAGTGCGGCGTTCCCCACGAGGACAAATCAAAGACGCTTATAAAACACCAAGCAACCCCCTGTTGCGTTACTCAGCAAGATATGACATGCCACTGGAGCAAGGATGGGGGCCGGGATCGCTCTGCATTCGCTGCACACACCCCCGTGAGTATCGGAGTTATACATGGTGAGTTTTATGCTGCGCATTCAATACCGTTGGGGGGCGCGCTAGAAGGACCAAGACAACGCGGACGTTATCCAACGGACCCTGTGCCCAGTGCGGGGGCTCTGTGAGAGCTTGATTCATATCGAGTCTGAAGAAATCTGCGCAGACATGTTCCAAAGTGTTGTGCCTGTGCTGGAACATGCGAGGAAAAAACTGGTTTACCCATACTCGTCATTCCAAGGCGGTCGTGCGTTGACACGGGAGCAGCTTCAGCACGAAACACTTCTCCCACAACGATGGGGCCTGCCACACCCTTGCATACGTTCTGTGTATCACACGTTTCACACCATAACCACCGTCTTCATCAAGACGGTGCCCTAACCGGTCCAGCGATTCAGGTTGCTACTTTTTATGTTCGTCGTGCCGCACTTTTTGGAGCAATCGGGTGTTTAAACGTTAAAACTGCGTCTAGCATCCTAGTCAACTCCCATGAGTGTTCTCTCACAGGTAGATTCCGATACGAGGAATCCTATAGAGATAAGCTTAGGTTTTGACTGGATCGAAACAGAATGTTGTTGCGGCCTGAAGTTTGTCAAGCACGAAGAGTATGCGCCTGGTGACCCGCTTGGCGACATTGAAACGTTTGGAGACTCAGATGTTCCGGCAGCAGATCCCCTCAGGACGCGTGATAACTTACAGTGATCAAGGACTCGCCCTCCGTTATACGGTTTGATTCTTCGATCACATACGCTGCGAGCCGCGTAATACTGCAAGGGATAAATATCTTTGATACTTTGACCCCACCCAGAGTGCTCGCCGATTTAAATGTTTAACATGCTCTCT,1890,51.16,Arabidopsis thaliana
SEQ_947086,CCCTGCCTCGACACATAACATATGAGAGGCGCTCCCTAGTCTGTAGTCCCCATCGTTATTTTCTACTGGACGCTGCCCGCCGCGATACAGTACTGCTTTCTGGTTCAGGCACCCCCAACACAGTCCGCTCGTCACAAGTGTGAACTGAGAATCAGAACGTATGATTCACAAGGTTTACACTAATTGAGCGTACACTACACGGTCTGTGCT,210,50.95,Caenorhabditis elegans
SEQ_363793,CTGGGATAGGATACACGAAACGGAATACGTACGGTTGGGTCATTCATGACAGGTACCGTGTTACACGGCAGCATCTGCGTTCCCGAAAAGTACACTCGCGTACACGTCAAGTTTGAACGCCACGTCCGGTCTGACAACCACCCCCATAAAAGCTCAGGCCAGAAGAGGGCCAGTTTACCGCTATTTCCCATCGATAACTTCCCTTACGTGTGAGTTAATCCCTAGCAAGGCGATTAGTCGAATAGAGCTCCTATCTATCTTGGTGTCCGCTCGTTTACTTAGTCTTTGGGTGATTTTCACGGCAATGCAAAAATAGAGTAGGGTGGCTGATAGGGTCGCCCTCGCTAAACATACTGTTCACGTCCCCCGTGAACTGCTTCGAGGGTCAGGGCCCGTTTGTGCGATAACTCCTTTGTGGGGTCGAACCCTTTTGGGGCATATAACTAACCCAATGGACTTTGGCGCTGATGGATACGAGTGCTTGGCCGGCCATGCGAGTAACTGACTTGTGGGAGCGACTTACTCATTACACTCACGCCAAGTCGTCGTACGGATTGTGCTTAACCCAGAACAAAGTGGGAGATTCCTAGACGCCCTGACATCGGAATCAGGCATCAGGTGAGTGAATGGACCAAATGAGCAATAAAGTCAAAGGGAATCGTCTCAGCTGGGCAAGTAATTATCCAGTTACTCCAAAGCGTAATGTAACGGGCTCGGGGCTCCCATATTGGTTCATCGTCAAACGCCAGTAGGGGAGCGGCCGATCCGTACGGGTATAGCCTGAATAAGTCCACCGATGTGCTTCCGTCGAGCTGGGGCGACGCGTCGGCTGGTTTCCGCAATTTGACGGAATTCCCAAGCAGTGTATAGAGCAACGCGGGCTATGTAGCGCACACTGAGCGCCGCGCAATTTACTCGTCCCGGATATAGGATGGAAGGCGCGAGATTGGCGTTCCGCGGCAGGTCATTGGTCCAGTCTGTAGGTGCTCGGTGACAATTACCTATTGCACCATCCTTGTATTCGCGCCCTTCATGCCGTCTCGTGTTGAGGCGTAGATATACCGGACCAACTTGAGGACCCATGGTCTAATGTGGACACTAAACAACGGCGCGCCCGTTACGTTGGTCTTAAGCGCGATGGATTCAGGGTTAGGACGACGGTTATTCTATGGACACGGTCTGACCTACGGCAAAGGCCACCTCTCAGAGAAACCGTCGGGATTCTCTCGAAGACTTAGCGCTTTGGTGTGAGGCCGCACTAAACCGAATCGCATAGTCTGAGTAGAGCTGGTGATTAATTGAGTGCAGTGCCGGGTTAAGGGGATTTCTCAACTAAGCGTGCAGGGACGAACTGGTAAAGATTAATAGGAAGTTGCACAATCTTATTTTGTTCGCACTCGTACGCCGCTTACGCGGCTTCGTCATTAGTCACTGCGTACCCGTCCGCCTACAGGGGGTCTAGAGCTTTGGACGCTTTCTTGGCCATTGCGCAACGGTCGGCATACGTTAA,1510,52.19,Homo sapiens
SEQ_330079,ATCCGGAGAATCTGTATCGGGAATCTCGAGGAAAGGGGTTGGAGAGGCCAAGCGATATTATACGTAGATACTTAGCCTTTTTGAAAAACTTGCGCCATATGAATTCATTGCGAGTCCACTGACCACTGATCTGATGTATCGGACCATAGATTTAAACGCGGGGTTACGTGTTTCTCAGTCATGTTTAGATTGATCGCATACCAATTACTCTCGAGCACTTTGGCGTAGGTCCGATCGCGACGAATAGGCGACTCTTCCATTGATAAAAGTTAATTGAGATGTGAAGGCCTCCATGTTTAGTTCACTGGATTGGAAAGGAATAGGAGGCAGTTAATGACGCCCTTGCCCAAGTGCTTCTTAGACGTTAAGCAGTAGCGATACGACGCCTGTAAGTGGGCGCCATAGGGTCACCAGGGGTCACGGTACGTTAACACTGGGGACCACTGTTCTGCAAATACAACATCAA,466,46.57,Arabidopsis thaliana
SEQ_194557,CACGTAGATATGCGCTGTCCCTCCGATCATGCGGGTTGGATAATGTAACAAGCAATTTGCCCCCCACAGTCAGGACACTCTGGCCCGGACCCGGTCACTGGATCATGGCACCTGTGTGGTCAGGCTGGTAAACAGTAAAGGACTTTCCTGAAAGGCCGTGCTCGTCAACCCGGTTATCATTATGTAACATCGATTGTCTCACATCAGTAGTTTCTAAACTCTGCTGGAAGAACCGGCACGTCGCTCCCTCACGTTTAGGGTCCGACTTCCAGCGGGAGTGGCCACATCATTACCCTTCATTTCCATCAGCGTGGTCATAGAGCATTACATCGACGCATGGA,341,52.2,Arabidopsis thaliana
SEQ_426851,CCCTAATAAAGAGCCTCCACTAGAGTTGCGAAGGGGATTGTGGTGAAATATGTAAAACGATTTAATTGAAGAAACATGAGACTACCCTCCCATTCAGATCGACTGGTCATCCTCAATGCGCTCACCGTCATCCGTACTGGACGCGCGGCACCAAACGCCTAGGGGTAGTACCCAGTTGTCATCGCTGTATGAGATGATAATATACCTCTAGGATGGCATGAGGAGGAAGAATGCCCGAGCGCGCGCGACACTTAAGGACAGGTCTCGGGCGCGTTCAAAATCATCGGAGGACTTGGTGGACTAGTGTGAAGCGTTGAGGATTTCTAAGACTGTTGATCTCCAGAATCGTAGGAAGCTCAACAGATATAAATAGCTTCCGGATCCCGAGTAGAAAATTTTGGAACTGGTATGCCCCAAGAAATGTTGCATAACGTGTAATTAACAGCCCACTAATCATTTATCGGATCCGGGGATCTAAAGCTTGGTTTCCCAAAATAAAATAATACGTAAATGCCCACCTCGCATCTACATCCCTATCACCAACGCCAAGCTGCGATGACTACGGGGAAAGTAAATCCTTTTCTTTTTCAGCCTTTATCGTTCCACACGACCCTATGATTTTCCTTCATCATCTGATCGCAGCATCCTCATGTATTAGCCTATCGGCAACTTAAGTGACTCGTCGTACTAGATTAGTTTCGGTCTGTAATTGAGCGACTCCCGTAGAAATGGACGTTCCCTTCTTACCTTATTGGCGCGTGGCCATGTGCTTTTTTTGTTTGTGTAGGATAACCCATGGATCCTCCCTCAGGTAGGGCTCGAGGTTTGGAGCGGACTCGCGAGGCTAGAGAGACTCTTCCTGTAGTATCTTTGTGACCGAGCAATATCAAAATCTGGTGGCCATCTGTCTCTGGAGGACGAAGTGCGGGGGAAGTGTAAGTACAGTAAGGAAATGAACGTGAAAACAGCCAGCCATCCAAGACCGAAGAGAGGTGTGGTGTCACACTGAAGAAATAGCGGCGACCCTTTGTATAAGGGCTCATAGGGCCGCACTGGACTTAGCGGTGTAGCCAACAAATCTGAGTCTAATAAATCAGGTAGGATTGGAGGTCGCTACATCCGGGGGCATGATGGCGCCACTCAACAGGAAGTGAATGGCCTCACGTGGTCGAGCGGAAAGGTCTCGCCCCCCGCGTCGTCTGGACGCCTCCTGATGCACATCTCCGATCGCCAGTAAGGTCAACAATAGAGTATTTCCTAAGGTTAGAATCAGGCGTGACATGCATTTGTATATCAAGAAGGTGAGCGCATTCCACTGGAGGTCGGTATCGCCCTAGCAGCTAGATCCCATCTCTACGGTAAGTGTGGAAACCTAGAAAATCTTTATGCTTTAGGGGGCGCTATTTGCCGCGAGTGCTCCCATATTAATTAAGGATTCCTTAACTAAAACCCAGATATGAAGGAAATGTAGGCGTGCCTTGCTACGTCGCTATGACTGTATTTATTAATAACTTGCTCATTACTATCGAGCTTGACCCCCTTATCTATGAAGGACCCCCATTATGCAGACCATATCCTGCTCTTCCAATTACGGCTGGTAAAGCTAAAGCTATCAGAGCCTTTTATCTCAACCGAAAAGGCCCAGGATTACTT,1653,47.61,Escherichia coli
SEQ_315378,AACACCCAAAACACAGTAGTAGCTGGACATGTTAATCCTCTCAAACTATCGGTACGATGCATAGCAAAGGAATGGGCAATAGCCTGTCCTACCCGTAGACGCAAGGAACGACCCTCGGGTCACTTCCTGTCACGACACTTGGAGGTGCATGCAGGGTCCCTCCACGGTGT,170,52.35,Drosophila melanogaster
SEQ_838985,AATCTTGAGTTTGTTCAGAACTTTTTTCTTCCGCAAGGATGGTAATTAGTGCGAGAGCATAGACAAGTCGCCTATTACATCTGGCCCGGTTAACGGGAGCAAAGGGTCAACACATCCAGAACTCCACGTTAGCATGACCGCACACCGAGTTGCCTCGTACTTTTTGCTGAGTTCGACCAAGTAGACTAGAGGCGTACATGCTTTTCGGGTCATTAGCGAGGAGGTTCTCTTACGAGACCCGAACCACTTGCCCGTGACTGCCCCATAAGAACGCTGCCGTAGCCGGCGACCCAGAGTGGACTACTCCGGCTCGATACGAAGCCTATACCCGTCGGGTCCACTACTGTGCCATACTCAAAGCCAATTGAGACCTCTCACGACCGGTTAATTACTCCCATAAAGATCAATCCGAGCGTCTATGCGTTTGCCATGGCCCAGTATCCACTAGCGACCGTAGGAACCACACAGAAACAGCCCACACATGTCGTCGGCATGCTGATGGCCATA,507,51.87,Caenorhabditis elegans
SEQ_999357,TGATGGCCGTACTTGTGGCGTGCCAGAAGTGGTCATGTGGAGTGGCAAGACTAGAGCGGGTCCGCTCGAGCGGATTCGGTCGCCTGGCTTACAGGCGGGACCGCAATTCCCCGCCCCGCACGGTCACTCTATCCCTTCCATGTCTCGCAATCATCGTGTTTTAGGGAACTGAGCACGTAGGCCTATGAAGGTGTTCTCCCAGTTTACGAGCCCCTAGTTCGAGACGGGACATAGTATGAGCGTCCGTTTTTTCTTCAGGGCCAAATAGCCTTCTATTATGGATGCCTGTTGAGAGGATCTCACGACTCGGACTATGTGTGGTCTCTTCACCTTATAACCCGGGTCGCTGCGTCTATGTTTTATTCACCGAGGTGTGCTCAGCAACCCCTAAACCGGGGAGTAGCGCGTTAAGTCTTTGGTTAACACCTTACTCACTAGGTGAAACATGCCACCTTCGTCCTCTGCCCCTCAAAACCCCTGAGTCAGATAGAGATTCGTTATTACTCCGTGCCGGCGTATGCACAGCTGTCATTTCTGACCATTCCAAGGCCATATCGGGAAAGCCGGCATGGGAAGTAATAGTAACTGTCCCCGCCTGCGTGAATAAGAACTTAGCAACTTCTGATTGCGGCTAGGTACCGACTATACTACGGCTCGCATAGGCGGGCCTATTGGTACAGAGCCAATGTCTGTGGATGGGTCGATAAGGGCGCCCA,716,53.21,Caenorhabditis elegans
SEQ_423405,TAATGAGGACGCCTGTCACGCCGAGTCGGCCCGGGTCCAGACCAAGCCGTTTTCAATGTATGTCAGGTGGCGTGATAAATACTGCTGCGAGGCAAAGACCGCCCATTCAAACTGCGACTGGGGCGATCCGGCCACTAGCAAATAGGCGGACTTAGCGTGGTACCCAAATCCGAGTGCGTTTAAGTAAACCGATTGTACGGCGTTTTAGGATAGGAATATGCTATGCTTATACGTGCGTAGTAACATTCACCGTTCTTACCGTCGATTGGCTTTTAACTCGGAACAATGCAATGATACGTACATGTTCTGGTTCTCCCCTGGAAGTGGAAAACAACTTGACACGTAGTCGGTGAGCTAATACGCGGTGAATCGATCTAGCCGATCGCACCTCGCCTCTCCGACAGATAAGCTCCGAGTTGGCACATGATTTTTCCAATTCTCTAAAAATAATCGATACCTAGGACGTCGGTAAAGCACCAATAGAGTCAACACATGGATTACCATTTCTTACATCGCGCTATGCTTGGTTCGTAGTTCAGGTTGCTACGGCGTCAGCTTTAGACATAATTTC,571,48.16,Drosophila melanogaster
SEQ_702111,AGTGGACCGTACGCATCCGTTTCACGTCCGTATTAAACAAAGGCAGTAGATCTTAGGTTTTTGGTGGAACGTAGGCTGTTGCTTTAGTGTGACCTTTGTCGAGCCTGACAAGAGGCGGTACCGCGGGATGCCAGTAAACATTGCAGTACAAATTACCCAAATTGTATCGCGTGACACCGGATGTCGCCCGTCCGATACATTTGTTGGCTGCATTCTGCTAGTTGCACTATCCCAAAAGTGCAGCGACGGACCGTAAGAGAAGCAATCACTATATTCAGAAGTAAGGACTTCTCAGGCCGGGGTGGAGGGTCGCGTCAACAGCCCCGGCAAAATTTGGAGTCTGCTTGACACTCCCTTAAGCGTGAGGGCTTCCCCGTGTTTCAACGCTGCGTGGAGTTCCAAGTCTGGTCGTCCTAAGAAATAATTCGCGTGTCAACGTGTTACGACAGGACGGTGGCAGTGGATTACGCCCCAGTTCGGCAGGAATATATTTCAGTTAAACCTGCCATTATATTTCACTGAATCTCCGTACCTGAATGCTTCTGGTTCACTATGTAGAATATCGCGATATAAGCGAAGGGCCCCGCAATCGAGTTCGACGGCGGTCCGGACGCCTACTACCTGTTAGCTCAGTGGGTACTAGTGCTCCCCTCGCACCGTTGTGTCTCGGTCCCAAAGCCTGGAACGGGCCGCATGTAACGATCTGGTCGTGTAATCCAGTTCAACCCTGATCTACTCGAGGTAGTACAACGAGAACGGTCCACCCATGAGTGACGGGTATCTCGTAACCCTGCCATCCGCCATACTTAGCTTCTTCCGGCAAGCGTTGCGCGAAATCTGAGGTCACAAATAAATTGACGGTAGACCAGTGGGTGATTCCTGCTCCAAGAGATGTACGAGGGTGGTTTGACTGGCTTGGAGGTGCTACGTGAGAGATCGGGAAGACGAAAATGGGTGCCGGCACAAGCTGTGGTAGCCACCCCGTGAGACGGGTCTCACCCTCTCTGCATATGAGGTGTGAAAGGTACAAGTGTTGTGCGCCGCCCGTTGACGGCCCTGCGAATTCGGCTCACCACCTGAACGCCTATCCCTGCCAGGCATATGGGTACATTGGTTGCCAAGTTTGAGCCGCCTTGCAGTGCATGGCACGTGTCCGATGCTAAATGAGGCTGGCATTACGCATTCACTGTGCCCAAGACCCATAAAGAGGCACCGTTTGGGGTCGCTCAGCTTGGCTTGAAAGTACGCCCCACCCAAGCCCGTCGGTTACTGAGGACATGAGCAAAACATTTTTGAGGCATGAGCAATGGAACTATTGGGAATCCACTACGTGATTCTAATACTAATCGTACGGTCTCTGGTTCTCGTTGCCCATTTGGCAACGCCTTCCAAAACTCACAAATCGTAATGAGGTTGAAATACCGATTACAGGTAAACGAAAGGCAACGTCCTGAAGGCCGTAAATTGGATGCGGACAGTCGTGCACTAACACATGCTCGTCCAGCCACGCCGACGCCTGGCGTCCGCAGCTCTAGGCTCCGATAGGGCAACAGACTGACTAAACCG,1566,52.49,Arabidopsis thaliana
SEQ_544912,TGTTCATTTCCCGTTATGACACTTCCGATCATACGCTGCTGGGGTGCAGTAGTGTTACTTTACTCTACTCCGGTTGGATGGAGATCCACACAATCCTACACGTCAACGCGGCAAGCGGGCTGGTAGTATACCTACTGTGAGAGTGGTGGCTTTTCCGACACTGCTCAGGTATAAATTAACCACCAACGCTGGGTACGTTTGCCTCAAGCGGTGCTTAGGACATTCGCTAATATTCTCTCATGTTGCTGAAACACCGCTAACCCTAGTGTATGATACGACCTTTACATAACTGGGGCAAATGCCTTCCTGCGGAGTCTCTACAGGCAACACTAAACCCGAGCGTTATGGTGCCCCCCGCAATGACGTCAACTAATCCGGGCTTAAACATGATGTCTCCATTATAAAACGCTTAGGAACGACTCAACCTACCTGACGGTATTTACAGAAGTGGTTTCAGACATGCTTCTAGCCCTCATCCTTCCAGCGCCATGCCGACTGTATTTCACCGATGGTCGATCACTCACCACGTAGGCCCACTATCCTCCCACAGCCGATTTGACACAGATTAGGCCGCCGACCGAGGGCCTGTCTGAATCCCGGTCTATGGGTACTTCTAAATTACTCATGGGCTAGCCTCCACCCACGCCGATCTATGACAACCAGCACGACTAGTGGAATAGTACGAGCGCACGTGCATCTCTGTCCCTTGACTGTGCAGTAGTAGTGTGGCCAAAGGTGATAACATTGGTTTGCACGCGCACTTACGTTATGGATGCCGAGGTTTGGAAACGCACGGAGTCCAAGATTCTTTTAGTGGTTCCGTAGTCAGACGTTGTGAAAATAGCAATGAGAGCGACAAAGGATAGGGATGGGACTTCTAAACACAATATTTGTCACCATCCGGTTGCACCTGCATTCGTACCGGAGGTGCATACAGTAACCAGCCCCTGCCTCGAGCCGCCCCAACGGTTTTATGTGCAAGCTTCGTCGTCGTGTCTTTTTTTCAGAGAGTTTCGGGCGCATTATCAACTACGGGAATTCGGCCTGCCGAGACTTTCCTCAAATTCATGGCGTTTTCCTTATACGTGTAATGCTTCCTTCCTCCAACCCGGATTATGAAAGATAGTTGAGCTGATATATGTACAACGGGGCGTTACGGAACTGGGGCTTGGCGACACCTCGCCTGCTGCATCACTCCTGACTGTCGCGCGTCGCTCCCAATACGCCTCCCCAACTATCGTGATCGAATTGTGGATCTGCATGTGTTAGCGGTCCAAGATGGTCTCATTAGCTTCCGACCACAGAAAACACGTCACGTATTATCTGCTAATACTTCAACTTCGTCTAGGGTGGGAAAACGCGCCGTCCCAAGCTGATCTCTTCCACTGGACTTCGCGGTAAGGAATCACGTCCAAA,1416,50.35,Mus musculus
SEQ_364465,CAGAGTCACGAAGATACCTGGGGGGCGGAATTCAGGAAATCGAAATCTAACATCAAGGTCGGTCCACTGCCCATCGCGTGACCATGGTGCCGAAGGGTCTCGGGAAACGGTAGGATACAAGTTTAATTACAGATTAGGATGTGACCATCGATTGGATTCCATTTCGTGTTTCGTTCAAGGAATGAATTACCGGTAGCTTCGACTGTCCTTCCTTGTCTACTCACTTCTGAAACGCCGGATATTTTGAGGTTAGCCCCCCAATGAATTTTTACGTACCTAACATAAGCCATTGGGCACATTCCGTACATGCATTCCTACTGGCTAGATACTTGGGATGTAGGGTAGTCACTTCTATCTCCGGTGCGAGTGGCCCTGTATAAAGCTGGGCGCGTTAACGTACATTCCTTCACGGTGTCCGGTAGATCTAAACTCCGTTACATTCGACAGAAGTATTTAGAGGGTCCGCTACTTAGATGCACCTGCGCCGGGTTCAGAGCATGCATAACATGGACCTTTGGCAGAAAGACAGATTCGAGACACAAACTAGAGTCGAGCTCACAGCTAGACCTGGGCCAAAGGCCTCATCACAATCTTCCTGCCTGGCCGGGCACCGATTTGGCGTATGACCATAGCCGCCAACGAGCTGATAGCTCATAACGGCTGGGACCACTATGGACCTAGTTGATCCGTTAGTTATAGAGACTGCAATGCCTGGAATAAGAGCCCTTTGGGTTTAACCTTTGTTCCTTCCTTTAGTGTTGCATACGGAATAATTACTCAATTACAGAGTTTAAGCCTCGCTCTTTCCGCTCGCGACTGTCTCAACTGCCGTCAAGTCGGAGACTCATCTCCTTCGCGGTTCGGAACCGATCATTGGGATGACTGGGAATGTAGCTTGTATCTGAAGCGAATCACTACCCGGGGAGTCACAGAGATAATTACGCCGCAAAACGTGTGTACCCAGTGGAGAGCCCTACGATTTAAGGGACCGGGGTGATATCCGTATATTTTTCACAGCACGCAGCTGAGCTATGATATAATTGTAGAAGTAGCGACATTACCTGATGCTGCTAATGGGCAACGCCAAATTAGAAATGACAGTTCATATAATCCTTTTGAGGCTCTGGGAACTTACCGGCCCATACCGAACGTTCATATCCCAACTCTAATCAATACGCTTAGCGAATCACTCATGGGTACACAAAGTCAAAGTCGCCTCATGGCAACACAAATCTAATTTGGAGTATGGATGACGAACACGCATGATCTGTCCTGAATTTGTTGATTAGACATGATAAGCGATTTCATACACGCTTATTAGCGCTAACGTAA,1332,47.3,Arabidopsis thaliana
SEQ_706011,GAGGCTGCGCATTGAGATGGACATAGAGGAAGACCTGCGCCCGAGTCAATAGCGCCTGAGGAATAGTACGGTTTCAGGATCCATAGGTCTGGCGAAAATCGTACCATCGCCGCTTCACTGCTCTTTATTAGTGGGGATGGTCGTCAACGACACGTTCCTTGATCCCAAA,169,52.07,Mus musculus
SEQ_290731,GCGGCAACCTTTACAAAGTTAGAGGCTCGAACGCAAACATCATTGGAGATCTCGGGGCGTTGGCACCGAACAAAGCATCGCGAAAGATAATTAGCTATTCGTGGATTAGAGCCTTGATCGGCCATGCTATAATTCATTCACTGAATGAATCTAGCTAATTGCATGACTGCATTCTCTCGAATTCCAAGGGATGGCGCCGGTGTTGATTCGGCACCCCAGCTTATAGACGTAGCGCCGTGGGCCCGTGAGATAAACCTGAGACCGTGCCAG,270,50.0,Drosophila melanogaster
SEQ_527252,ATTATTTACACCACTGTTCAGACTTTAGTCTGCAGGGTACGGCTTTTGCGGATCTGTTTCTGAGATAATCGATGTAGGCACTCGGGTGGGGTGATTGCCACGGCTCCCCGAACATGGGTACGTCATCCAACAGTGGGCCCCGAATATCCGCGGTCCAAATGGCGTTGTTCAGGGTATTAGGGACTGTGACAGCCACGTACTCATCACCGCACGCTCGGTCCGTCTTAAATGTGAACGCGCTGGGCACATATTGCGTTGTTTTTATGGCCACCGCCGAGAGTATTTTAGGATAGGGGTTCCGTTGGCACAGGTGTCCCCTTATTAGTGCTTTGTGGATCAATGGTTGGAACATTTCTCTAATTGGAGAATCGAGCAAACGATTAGTGCCCTTTAAGCGGCCACTGAGTGTAGTTTAGGGTCTGCAAAAAGACTACATCGCTATGATTCTCTTCACCTCTGTCCGTATAGCTATTGACTGCAGAGTCCAGGCAGAATACGTAGATAAGCAACGAGCTGAACGCTGATGACTACGTGCCTGTTGTCTACTACTTACCGAATGGACGTTTATTGATATAACATCATTGACGTGTCATGCCAGACCCCCAGCTTAGTGGTGTAAAGGAACGCGATGCGCGTTTCCGAATTGACAGAGTGTCGCCGCCAGGGAGCTAGGTCCTGCTATATTTAGTTCCCGCGCTACGTGTAAGCATACGATAACATCTGTCATTTACATAGCTAACAAGGGATAGCAGGATCACTCAAGGTGTGGCGTTGTACCCGCAGGTCGACTAGAAGTCCCATACGAGGGGCTGTGGTAACTTTCAGGGATATTTCGTGACTTGAGCGACAGAGCTGCAGAGGCTGCTTTCGTCAGCCCTGGGCGTTGTATTTCCAGAGGGTGACATGCGCAAGCCCATAGGCAAGGAAGTCCACCCTTTGCATCCACATTGGACAGAGACGTAACCCAATGTAAGTTACCAATGCCACATTCTGGCCCAAGGGTGGCGTTGTTGCATAAAATAGGTCGCGTGTTCCCGGTAGCTGTGGATTGTGTGCAGCTTTGCTCTCTAGTCGTTGCTAGCGTAGGGACAGCACCATAGGACCTGACGGGCCCCAAGTCCCTCTCGTCCGTTGCAACTGTGTTCCCAATAGCGCGAACTAGAGGTTCGTTCTGACAGATGATACTGACATTATCGGCACGGAGCAGCGAGTATTGCACCGCCACGTAGGCAAATGCCCTATACTCTTATACAGTGTTCGAACCCCTTGGGGTTAAATTCACGTGTATCGAGCAAGTTACGCTTGGCTGACTAACGACCCTAGAACCAGCACCGACCTCACTGTAAAAGACATCCTATGACAGAAGCAAAATCCAATTCTTAGTGCTGTGCGCGCAGCCGTGCTTCCTCCGTCTGAGTAGAACGCCTAAGTACGAACCAGAAATCGTGGGAAGGCGCTTAAGGCGTCATGGAAGCTCATTTTTGGGTCAGTTACGCGATGCGAGTCGAGACCCAGGTAAGTATCGGTGGAATTGCTCATGCAATACAACCAAGGTATACTGGCAGGCTCACCGTGGTCTTCTTCCCAGGAAATATGAACAACAAGCGCATTCGTAGGTAACATGAACCGACCTAGGAAGCTCGCTACTATATGAGAGCTACGGTGGAGTAAAGAGGCCAGAGACGCTGGGGGCGCCAGGCGGGAACGTGCATGGTTATCAATGTGGGTTGCAGTGGACCCGATTTCCGAGCTCATTGTATCAGTGCACCACCTCACGGCAGTACCGCCTCTAGATAACATCCCCACTCGTACATAATACTCAGCGACCTAACAAATTATGTTTTTTCTCGAGATAGAAAATTTCGTGCTTTGCTTGCAATAGAGTTCTGTTGAGACACATTGAACCCGTATAACGGGGTTATGCCTAGCCACCTCGCCAAACCAGGAGATGAGAA,1955,50.18,Arabidopsis thaliana
SEQ_317345,GAACACGGAAAGCGACCAGACGCCCAGTAGCCGGATGATTGCAGGCCACTCCGACATCCCCACTTCAATTAACAGGACGTCTGAAGTAGTTAATCGTAGCAGCTCACACCACTTGTAGAAGTCTGACGGGTAACTGAAAACAAAACTACTCATCTCTGACTCTTTTCTTTTGGGTTAAACACAACGTTACGCTGGCCCCCTTATACGTCAGCTCACCGATGGAATAGCATCTCATCAAAATCGAACACCAATAAGCAACTAATTTCGGCGAACACTGGGGTGCACGGGTCCCGGTACCGCCGACCGGCATACTACCGTTGGGACCTCTTCAATTGAGGTCATTTCGGGGACAGAATGAACTGTGTTCTTTCAGTCTCTCTAGCTGGCAGATGGGCGCACGCGATGGGACGCGGAAGGATCCTAGGGGAATTAACATATTTCATGTGCTCCAAAATGGGTTCTTTAACAATGATTCACATCCTCCGGTAACCATACATGGCACGTGCCTTGGGACTGGCCCCAGGACCCCTCGCCTTAGGTGCTCGGGAAGCCTTACGTTAAGAAGCCATAATTCCGGTTAACTAATTGGACCATCGGTCAACCATAAGCGCGGGAAAACTTTTTTCGCCTTTAGTGTACGTCGTTTCTGCTATATTCTATCCGGAGGTTCCATCTCGCCTGTTTGGCTACGTGTCGAGGAAATTATCTCCGCGAAATTGTGATTTAGTGTCGGAATAATGGCCTGGTTTGTAAGCTGACACGTCATCTCCGGTAACAACCGTATACCAGTGTACGATATTTATGGGATCTTTCTGATACGCCTAACAAGTCCTAGTATAATTGGTACACCCGTGACCCCGCTATCCGGTAAGTAAATCTCTTTTATTTTCCATTCGGAGATATTGCATGAGCAATCTAGAAAGTACTTATACTCCCGCCTCTCGCCTGCTTGAATTAGTCACTGCCTGCCAGCCGTGTAACGTTGTTGCACCTCCGCCACGACATCTCCCAAACTAATTACTAAATTTGTCAACCACCCAGAAATACGAACTCGGAATACCCCCTCAAAGGACCATTCATTTTGATTTGGTGACTCATCTATTAATCCAAGGGTCATTCTGGGTAGGCCAGATCGCCCAGTAGGGCCGTCATACCGATGTTCCGTAGCAATCGAGCGATGTGGGCATCATCACGAGCTAATTAGACTGTCCTGGGATACCGCATAACATATTACTTCACTACGCACAATATGGCTGTGGGTATACACTCCGCGGGAATGAGTAGAAGCAATTGTAAAACTCAGAAAATGAACATCTTCTTTAAATGCGTGAACATCACCGTATTGGGGGCCACTGGTGAGAGACCAGTCGCAGAGTATTATGGATGAGCATCTACGCGAACGTCACGTCCCAAGCTCAGGGCCGTAATACATACCTATCATCGCTTAGCGCGGGAGCACACATCCTATAGGAATACGGGCAAAGTGTTACGTTATTACCTTTCATGGTGTAACAGGCGTCTTGGGGAAGCCGATGGAAATAGTATCTCCTCATTGTCTGCCTTTTAGTAGATGACAAGCTGCACGATTTTTCGCCGAGAGCACTAAATTGTCGGACCAAGGTCGTGTAATCTGAAGAGTAAAGACGTTATGTACCTTCAATGGGATGAGACACGCATCGGGGGGGACTAGCTTTAATCCGAAAGTACCTAATTGTCGCTCCATAGTCGATAGCCGCATCCTTTTAATCTCGAACGTCCGCTATTGTGGCCAGACATGAGAGTGGTCGGCAAGATTACT,1798,47.61,Saccharomyces cerevisiae
SEQ_929600,AGCGGTATGAGGTCCCCGCGGTTCTATGCGAATCCGCCTTGGGATGCCCCTGCAGTTGGCCGTAAATAACCATTCGTGCTCTTTCCCCGTATGAGGCTTCTAGTCTGTCTGGGCAACGCAGCTTACTGGGTGTCATTTGGCTCTATGGTATCTGAAGTGTCTCGGTCATGGTGTTCCCCTCCTCACACAGACACCAGGTCCCACGTCTATGCGTAAATCGAAGAATTCGATCCATCACCCGAAACGTCCTGCTGTTCCTTGTAGCTCTTGCGTTGAGGAGGAACTCGCCGTTCCCGGCCAGTTAATCTCACTCGGGTGGGGTGTGAGGGTACTGGTCCCCAGCTGGGTTATACGAACAGAAACGTGTGACCTCGAGGACCCACGCACGACATGGCCGAAGACCGTATACAAAACCAGCAAAAAATAGCGACCACGCTAGCCAAGTACCCGCACTTTGGCCTTGCATTGCGTATTGGGGTGATACACACCCTGCTCGGATTGTACTCTGGGAGGCGTTAACTATTTATTCGCTGAAATACTGGTAATTAGCAACTCGCTAAAAGTCTCCTGAAACATATGGAATAAATCATGTTTATAGCGGTAGTATAAAGTAGCTGAATTTACGGCAGCTATGGATGATACAACCGACCGTCTCTCCTATCGTGCTCTCCTTATTCAGTTTTGTGGAGGTAATGGGGTCGTACCCGAATATTATAAAACGCTACGTCGCACATCTTACAGGTACGCACTCCCCTGTGTGTATCCGGACATCACTGCTAAATTACGACGCCGAGCTGCTCGGATATGGCAATTTGGAAGCTCTCCGTAAAATGCACCCTGTTGGGAAGCCATTCTGACGTTCGTGGCAAATCCTCATCGATACATGAGCTGGCTTAAAGAGTGGCCGAACCCACGACCATGAGTTGGGGTCGGAGGATACTAGAGCTCCCCTATTGCTCTAATCAATACCGCCGCTAAGCCGCAAATTTTGGGGCGATCATCGGCGTACGTTACTGATTAGGAAATCTTCAATTGAACACGCGCCAATTCCCATTCTCATGCGGGATACCTTATTTGTGCATTAACGAGAAGTAAAGGAGGAGATTAGCCGTACCGGATTTTTTCGTCTTATCACGGCAAACTGTGAACCGAATGAGCCGAAGAACATTTCAATCTAGTTAGGCGGCCGTTTGACCGCCTCTACGCTTTTCCGCTCTGGAACGGACTTGATATCTATACGTCTTAAACATGTACAAAGATCCGGCTGGGGGTACCAACGACTAAGCCCACCCT,1293,49.73,Arabidopsis thaliana
SEQ_231899,AAGACTGACTCACGGTAGTGGGCTGTACTACCTTACCCTGATATCGAGTGAACTGAACCCTGGACATTGAAGCAGATTAAAATGTTGTCAATAGCGGCATCGAACAGCCCTCTACTGCTTGTGCGCGAGTTGGTCCCTTCCGTGCGACAAAGTGACAACAACTCCTTACCTCGACGTTGCCTTGTGTATAGTTCCTTCCCCGAAAGGATGGATTGTACGCATCACCCGGAATGCAACGGGTTGTTGTAACGAAGTACTCCGATGTTAAGGACCGGGAAATGTGGATCTCGGATGCCGGCTTTGAATTCTCATCTACGGACTCGCCTGCATGCGGACCTCTTGGTTCCCATAACCGGTCGGTAAGCCCCGGTCACAAGTCACGGTCCATTAAGTGGTTGGTCTCCGGGGAGCCTGACTCAGTGAGGCTATGCGAGCCAGCTATATCACGTGTTTCACTACAGTACGGGAGGATTGCCGTGCAGCTGAGGGCATATACCATTTGCGA,505,52.08,Arabidopsis thaliana
SEQ_614884,TGACCAGTGGGGGCCTAAGATCAGACACTCTGCACCACCCCCCCAAGTCTTTTGAAATATCAGATCGTGTCGTATAGAATGTCAATGCGAAATAATTGCTCTAATTGCATCTGACACCGAAGTTGACATTCCTGAAACACCTACGATCTCATGTAGGGCAGCAATTCGGTACTTCCAGCCGGCGCTGCCGAGTGACTCTGAGATTTATATGTAATGGGCTGAAGTAAACTGCTACTCAATCCATTTGGTGCTTTGCACAGACCATGAACCTGATCATGCGGACCCTGCCGGATGATATCAAGGGTTAAGTGACTCCTGAGACTAGATGTTCCTTTTGCCCCCTTGCTGTGCAAGCATTCCTTGCCTAGGTAAATACCATATTACTTCGTCCAACGCACACAACTAACCAAGCCTAACTAGCCGCAACCGGCGTAAAACATTGCACAACCGAGTGACACGATGTCAACGATGGACGCACATTCCAGAAGCAGAGAAGATCATTCCTGGTGAGTGGTTGCCGGGGTAAGTCTGGGTCACATTCTCTGGCCATCTTTATAGGCGTAATATAAAATTAAAAAAACTTCATGAAGCCGTCCATTTAACTTACGTTTCCATTCCAAATGGACCCTACCCAAAGCACCTTCGTTTCATGGGCGGCCGTCTACTCGAGGGCCTCTAAATGCTAGCGTCTGCTGAACGCAGTCGTCGATATCCCCACGGTCTGGTATCCAGGAAGTGTAAACGCTACAGACGGATGGAAGTATCCGGCTGGGCAGTATGCGCGCAGACGCACATACCAGAAGGCCCTGGCCCGAATCATGTTGAAGCGTGCAATAAGAATCACTAACCAATTCCGGTGATGCGTACTACCTTGGATAATCATTATAAAGGGCTAATACTAACACGTTTTCGGTCAGCCGAGTTCTAAATCCGGCGTAGCCTTGTCCACTTGCAGCGTGCGGTCATCCTCCAATGTCCCCCTGACTGCATTGCGGCTAGCTATTGTAATATTGGCTTCCTTCCTGTTTGATTCTATTTGGCCAAGCTTCGCGGAGAGCATGACTCTCTTGATGTCTCATCCAGCCTTGATAAGGAGGAGAAGAGGATCCTGGTGAGCGGGCTAGACTAATGATGACGCTTGCTTCTCATCGTATATTGGATAACAACACATGATTCAGCCCCGCCTCTACCTGACTCTGATCCTTAGAGCGGCTGTACGATACGAGTTGTTTGTTCACCCTTGTTTAGAGCTCCACCGCTTTTTGTACCTTGTCTGGCCGCAAACGTTTATTAAGCGCCAGACTAGTCCATGATTCGAACGTAAAGGTTAAAGTCCACCCGCAGTTGGGCCACCGCGGTGGAATCCCAGCACGGGAAGCTAAAAAAATTAGG,1392,48.64,Caenorhabditis elegans
SEQ_113249,ACCACCCGTGATGTGTGCAGCTCGGACCGGAAATCCCGAAAGGACTCCGGTCGACGACTCTGCTTCCTGGCAACGAAAATGCGAAAATGCTCTATAATTCTTGATTCTACTGCTTCGAGATAATGAACTGATTAACACACCAGCAGAACGCGTAGACAAAGAGTGTTTTGTCCCTTCACGTATTCCGGTTTATAGTATGGCTAGGATCCGTCGATCCTTGGGTGGGGTACATCGCCTATAACTTTGGCACATTATAATGAATGTGAGCGCTGCTCGGTCGTTAGTGTCCAACCAGTTTGTCAACCCACTCCTTTCAAGGGGGTCGAGTGTACGCCTCGTTGCGGTACTAATTGCACGTTTAGCATAATGGTTACACCACCCTCCGGGAATTATCTCCGGTCTGAGGGCCGAATATAGTCTTTTCGGCTGCAGGGATTGAGGCTCGTTATGCAATCAGTAATGATGCGATGGAAATACCCTCTATTTCGACCTGGGAGGTAATCTTGGAAAGGACCTCGAATTGATATTCGGCAAGGACGCTTACATACGTTTCCTAGCCACCGCTTTTACATCGCTTTCCGGTGTGTTCGAACGAGTGAAGTACATGGATAATCCCTAGGGATTGAGCATTCAAGACGGTTTGCGGCAGCTCAATGTCATAGTAAATCAATGACATTGACTTTCACACGATGCGTTGGATGTCCGGATGTTCGCGCCCGCTTTGCTTCGGTTAAATACGGTAGCCGATTATGAGAACGGCGGGCCGGATCAAAAAGGTCGTGGTTCGTCTGCATCCCATGCGCACACACCGCCGCCAGCTTGAAAATAAACGTGCCCTGTAAGTTTAGCACGGTGAAGCGCCTACCGACTTATATTACGGATAATCTGGTTACCCTATGGTGGGATGCGTTCACCACCTGCTGCAACCAGTTACCAGGGCCGCGGTCCATTGCCTGTGGTTACCGGG,967,49.74,Drosophila melanogaster
SEQ_136133,TGCAGGTTACTCAGGCCTCCAACGGCCGTTGAAGGTGGCTGACCCGTGGCTGACAACTAACGTGCGTTATCGGGTAGCCATATCCTGTAAGACTGTTGCCTCAGTGAGGTCTGAGATAAGCACAATAGCCGCCATAGGATGTCGGCGTTTCCTGTTGGTAATTGATCAAAAAATTACGTTAGTAGAATCGTCATCCTGTCCTATGCACTTTCGCTTTGCCGTGCCTACCAACAACCGGTACTGCACCCTCAGCTGCAGGCGGATCCATGACGCGTAACTCTGACCACTCCATACCGCTACAAATGACCAGCAGCGATCTTGTGACCTCTAACCCGGTTAATAGACGGATCAGGCGACAGCTCGGTTATGGGGGTTCGTATTGAAGTTGGAGTTACGTAGTCAAGACCCTGGATTCCGTATTCTAACAGATATACTTGTCATTGTGGCTCCCGAAGCGAGAATCGACACCTAGGAACACACTTTGATATGCCTAGTGAGCTAGTTTATGAGGTTGATCGTCCCGAGGCCTATGATGTGATCGAGCTATGCCTTGTCGCCGCAAGTGCTCGATCACTATTCTGCAAGAAGTGACCGCACGCTGAGTGCCACCCGTGAACTAGGATATGCTCGATACAATATCGTCACAT,647,50.23,Arabidopsis thaliana
SEQ_958824,CTATGGCGGTTCTTGATTTCTTGTCTTTTCCATAGCTGGCGTAAGGCCGTACTATGGTTCTTAACCGGTTAATTAAGGTTAGTGGCGCCAACTTCGTCGAATCTGGCCCCTTTGAGGGTCTCGGTTAGGCCTCCTTATTGGTAAGGTTTTGAAGTGATACTTGTTCGGGCACTAGGATCGGAGCACCCCTCGTCCATTCTTCGCCACCAATAGTTGACGGCCACAGTGGTTCCCTTGGGGTGAAAACTGCTCGGGGGGGACGTCTGGATTCAAGGCAGTACGCACGTTGCCAGGAAGCATTTTAGGCATGGGAGCGAAGCGGCTCTTACGACACCTCTCAATATCCCCTCTAACCCACTGATGTACGCAGTGCGCTTCTGCAAATCAAACACAACCTACATGAGGGATCGTCCAACCAGTCTATTTATCCAGACGGCTGCTATGTCAGTGCAAAGGACCCTACATCCGTGACTTCACTTGGGAGGAGAAAAATATGTCAAGATAGAGCTAGGACGGTCTGTACCACTCCTAATGGATTGCTCCCGACATCCCTTCGTAGACTCGGACGAATTTTGTCCAAAACATGGTGGCCTGAGTAGCAGAATGGTCAGTTTCTTAGGGTGATTTGTCACCATTCAGGTTGTGGAGTCACGCCAATCTCTATCCCCCATATTCCACTCTGTACACTTCGATCCTACAGTCCGTAACATTGACCTGACCAGGTCAAGGGGTGAGCATTTGGTTTCGTCCCTAGATATACTGAATCATGTGACGATACAAAATGCCTATCGGTCGAATAACATT,804,49.13,Homo sapiens
SEQ_154365,GTCCACTCCGATCCACACGGCCCGGTCCGCCGGGGTGAAGTCGTTCGAACTTACCATAACATTGCTCGTTATCGTTAAGAATGGCTAATCAAAATTCTGGCGAAAACTCAATAGCAACAAACTACGGTCTACGTACCGTTTCCTACGGTGGCTAATCACAAATAGGTACCGGAAAAAGCGGTCCAGACCGGGCCCAATCGCGTGTTGCAAGCTTGGCTTTACCTTGCCTTGATAACACGTCTAGTGTATCCTGTTACTGAGGTGCAGGTGCGAGAGCCCAGCGATGCCCTACAAGCCCCACGTCGAAAAATTTGGCAAGTTCGTATGCGTCTAATTGGCAACATGGATGTGCTTACATTTGCAATTGCATCACAAGAAAGCGCAGGGGGGCTTTCATCTACCCTAAAACGAATAAGCAGTGTAGGCATAGGCTAGCGACACTTAACCAGTTTCATCCGTGAATAGGTACTCATCTACCGATTATTCTAGCATGGGCTCATGAGGTATACGGCGTATTCCGTAATATCTACGCACGATTTCTCGGGGCTCAGTTCGCCCCGTTCTTGAGCAGCTGTGCTTGGCTATGTTGAGCACCTGCTGTCGCACGATGTTGAAACATAAACTGGCGATATAGTGATCATTTAGTTAACAACTCGACCCCCGATGACAGAGTCCGATGGCCGAATCTATCGTCGAACTAATTAATTTCAAATGGAAGTCAGCAATGCGTGGTATGCACGTCCCTCATTTGTTCTTATGCGCCGCCGTGAACGAAGCGATCTAGCGGATAACTTTTTACAATTGACTCTCACGGTGGTGGTACTGCTATTATACATGTTCGAGCCTAGTATTCATTAGTGCTCGTTATTTCCCCCTGCTGTCACTATCGCGATCCAACGACATGGATCGCTCGAAGGATAGGGTTTGCCTACGGCGTCCCAGCAAGATGGTACCATCCAGGAGGGTGCGACAATCCCAATCGTGCGCTGGTGGATCCTAATTAGCGGCGGTATAGAAATTCTACGTCGAATTTTCACGTCGCACGGAAGGCAAAGTAATCCCCCCACCGTGAACCTGCGTGCCAATTTACGAAGGATGAGAGTAGTGCGTATCTCGCATATTGCCCTCACATCAAATCCTCCCGAGGTGCTTAGAGCTACGCGGTGGCCCGCTTCCCAGAGAAAAATCGTATTAGTGGGCTGGGCAATCCCCAGGCTAGGGTGTGGAGGGGAATCACCTGCAGGACGTTTGTTAGTCACGGACGACTCGCAGCCCGCCCAGCACGCACGCTGAACTTATCCAGTAGATATTCCAGCCAACACCCAAACGTCCTGGTCTGGCCGTGGAATGGGCTCTAATCCACCGCGATAGTGTGGCTGCCGCTGGCCCAGGTTGGAGTTGCAGTTAAATCTTAATTGGCTTGACCG,1427,50.6,Caenorhabditis elegans
SEQ_222895,CGAATGACCTTCCATATAAAGCGATACTCGGCGCACTCCGTTCCTGCCCCCACCGAGTACTAATATACGAGCATAGTTGATAGCGAACCGTCTGCCTTAATATATTCTGCATCCCGCCACTCCGGTGCTTCAACACCAGAAGATTGAGAGTTTAAACTACAAATGATAAACTAGTCAGGGAGTATTCCAGGTACTGACTGACGGGCTGACCGAGAGGTACAGTAATAACTAATTGTCAAAAGACCGGGGAGGGTTGCGACAGACCGGCCGAGAAGCTGCGACTATAGGTAACGGAGGGGGAAGGACTGTCTACGAAGGGAGTCGCGAGTAAGACGCGGACTGACTGCAGGGGGAAGGATAGTAGTCAAAATTACCGCTAATGTAACAACCTATATCGGTGTACTTCACTATCCTGTCCTGGGTTTTACACTCGAACTGTTTTGTGCTTCGCGCCTTAGTTACGTCTTCGGCGCATGTGCATAACGTTGGTATCCCTTCCAAGTCTGAGTGTTCGACTCCATTCCTGTCCGCCAGCATCGTAGGAGGGTTAGCGTCGACCCCTTGGGATCATGAATGGAAGGGGTGTGGAATAACTCGAATAGGTGTGGAAGGCCGTACTACCGAAAACCAGCCAAAATACATCGCGAACCTTTCTAGTGCTCCAATTTTAATCTCGTGTTGATGTTATGTGTCGTCCTTTCGCCTATATCTATTTTATTAACGTCCGTTACGGATCCTATGCACGCTAGAATCGCTACCGACACACCGCTGACGGATACAGCAGACCGCGGACACCATCGACCAACCTAATGCGATCATCCGCGTAGATACTTAGAAACCTGAGCATAGTTACCAACTCCGGCTTTGTGCTGTCCGAACGTTCTAAGTAGGTTGACCAAAAGGTGGCCGTATATGGTTCTCATCCAATAATTCGGGCTACGGCCCGCCGAAGAGGGCAGAGTTTTCTACTCAATTATCGCGGATCGCCCCGTATGTGATTCCTAGCTGGCTCATTTATGTATTGCCACCTCTGCGCATTGCTTGTTTATTTATTGGTGGAGGAGCCAATTTGCTGCTGGCAATGGTTTAGACTGAGGACCGCCACAGTCTGCTGCTGGCGCCGCTTATGAACGCGTACATTGTTGTTCCCGCTGCTTAACATTTGTATGAGGGGCTGCACAGATCTCCAGTGAGATTTATACTCTAATTCGTCCTGGTTGCCCTATGGACAAACAAATTTCTTTTAAATACTGGGGAATACAAATCAAGGTCGGCTCGCTGAGCTCTTCCTCCGGCGACTGACGGAGTATCTTCGAGTATGGTGTTAAACGCTGCCGAGTTGATTCGGGCAGCACGGCCCCTTTTCCGTCACCCTAGGAAACATATCACATAATGACAGGCGACAGTTAGTGGACTCGTTCTTGTCGTGCGTTAAGCCAGCCGTTACAGACTTACTAAACTTCGTGCGTTCTGGCACGCGGGTAGATAAAGTGACGATAACGTGGCTACGCCAAACGAAAAGAGCTGGCAACGCTGGGATTCGGTAGCTTCCACATTGTTGTGGTACTATCAGTCCGCATTTCTTTGTTAAAGGGACACTCGTAATCAACGGCAGTATAAGTGATGTGTCGATCATGGGAGCTTCCCACCCAAAATCAAATTAACTTGTTAAGGCGTTCTCAACTCGAGCAGTCCCACGCGAGGTAAGCACCGTTCAGGTTCTTCGGTACTACCCAGTCGACGAATTATCCCTTGGAATCCTGACTAGGCTTAGGGGTTGCTTTTTGCTCGGAGCCACTAGCGTGCTTAAAGGTCGCTGGCCGGCGTGTCGCGTATGAGCAATCCCACATAAGGTCCCGTTCGTTGTCACAGGTACTGGAACCCTTATCTGGACTTACAGGTGCCGAGTCCCGCAACGGAAGAAATAATTCCGGCCATGTGAGCGTAGATGCCCATCTACCA,1962,49.59,Escherichia coli
SEQ_111675,TCGAGTCTCCCACCGAGGCACGTGAACCGTATGCCTATATTATATCGGATGACTGCTGTGTGGGCTGGATTTCAGCACTATTGTCCCTCAATACCGACCTGACGCGATCTGGCGGATAAGCTGGCGTTGGTGTCTGGATTCAGGTCTAGCGTCATGAAGAACGGTCCAGGACACTTACAAAACTGGAGTAGGTGCGAAGGCGTCTGGGTCATTGTACCCGTTGAATGAGGCAATGCCCAAGTCACTACCTTGGAGCAGCCAGACAGATAGCTATTCTACTGTATCACTGACAGCTCATAGTAACCCTACTGCTACAGGAATAGATTAATGGCTGTTATCGGCAAAAAGCTTAGTGGGCGTTATCCAAATATATAACGTAATCTAGTCCCACTGATTGTTACCTTGTTCAAGCTTCACACAGGGCTGGTTGGGCTCTTCGACGGGATGGCAGAACTGGGGCTCCGAGAGTCGGGCCCGGAACTCGGTGTCCGACCCCTGCAGTTACCTGAGCTGCCTCCCGGTAGTCTTATGTGGACGCCTAATAGTCACAAGATATTCAAGTCTTTGCAGAACTCGCTCCGGTCCTTCGCCCCACCGTGCCGGGTCCCGTCATATTGTTCTACGCAGACACGGTGTGTAGTTATAACGCTGAACCCAAACTACGTATCACTCGACAAGAGATAAGCCCGGCGGATTTTTGGCTCAAGAGTGGGCGGAC,718,51.67,Drosophila melanogaster
SEQ_501040,TCGTTCGCCGATGACACTAGCAATAAGCGTAAGAGAGTAGGGCTTTGTTTCTCACGACAGCCACAATAGCCCGGCCATTATTGAATCAATAGTATCGACCGGTGCATCCGAGACTACCTGGAGTACCGCTTCGTGTGGCATCATATTTTTTCTCGTGGGGATCCTCGGTCGCCTGTCACGAAACCTTGCGAAGTACTTTTAGTACACTTCCAAGTGACGCGTTGTTAACGTAGATCTGGATCCCATAACCCTTTTAGAAGGACCGCTTGTGCTACAAGTCCATTCGACTCCGCCTACAATGTTGAAAGCTATACTCAGGGTGCGAAGTTTTCGTCGGAATTTGGCGCCCATTCATGACTGTATACATGTCCTATTTTAATGAGGCTTTGGTACAAGGTCGTATAAGTACTGTAAGTACCGACTTTTCCTTCGAATATTGTAGGCCGTTAGCTAAGCTTGCCCGTCTCCTCAGCACGTGCGTATCGCCGAGGTTTCAACTTTGCGGCACCTAAACCCTCGGGAGGGGCAGAGCTAAGACAGAGGTAACCGCCGGCTACCATGCTGACCGTGCTCCGTAGCGGAGTCTACGTATTGCCTCGGACTGGACAAGCTTGGCTTAGCAGGAGAGCCGAACAACCGTCAAGAGTCTGCCTCGCACATTCTCAGTGTCTCAGACCCTTCAGTAGAACGTGATGTATATTCGCAGGACCTGCCACCTTGAGGTATTGGTGTGCTGCACGCGCTGCTTAGTATGGGACTTACTAAGATAACGGGGGATGAGGCCCAAATTCATGTAGGCCGTGCTACGATATGCGCCACCAATTTTTACATTGCGACCAAGACGTCCGAGCTCTTCAAGATGATGACGAATTCGGGCCACAGCCACAAGTAACAGGCTAATTAATACAGAGGTGCGATCCGTGGCAGTAAACGGTTTCTGATAGAAACGTTCCGTCGACGAGAAACCTGATTGTTACGTCGCACCTACATGACAGGCTTCGAGATGCTGCGTGGTCTCCATGCAAAACGCTGCGTTTTTTAAAGTGAATTGAATTCACTTTATTGGGCGCAGTATTAACCCGTGGTCCATACGAGCGTGGTGTCTCATGAATACTTTTCGAGTCAAGGAGGTTTACAGCTTAATACTGACGACGTCTGAATACGTACTTGAATCCGCCCAATAGCAGTGTAGCTCGCCATCTGTAACTAGCCCTTTCTGATCCAACCCAGAGGTCACACGTATGAGCCTATAGTTTTTATACCAATAATAAGAAAGCAGATCGTCTTCAGACCTATGGCACGGGGCCAGTGAATTACGATACTGCCCTCCTAAGCGCCTTTTACACTATTATACTTCTAGTTGCAACTTCTACAATCCCTCCCTGCATCACGTCTGCTTTAGTTGTGGCATCAGCCCATTGAGCTCGGACCTGAATGCACCGTAAAGGATCAGATTTATCCTTCATAACATGTCAGAACCATAGACGGCCTCGGGATATCAGAAGGTCTAAAAGCGCGCGGGTGTAAGGGCTTGATCTCGTGGCGATGCGTAGAGATAAAAGCCGCCTGATGTCTGCCCGGTATTGGACCGGATAATAGACACGACCAGCTGTCAATAAGGAAGGCTCTCTTCAACGTAATTCTCCTAGTAGAGGGCCCATTCTACAAAGGGGCACAGGGCTTAAGCGTACTCCCTCATTTTCCGCTGCACACCACTGTAACAGAAATCCGGCCGGGTGTACGACGGACCCGCTTCGGTCGCTTCGGTTGATCGACGAAGGCCCGGCCCAGCTATTAATAGAGGCGTCGTCGCGCTAGAGTGGGTTAGTTGGGTTTGCTTACTATGACGTCGACTAGGACAGCGTAATTCTGTCCTACGGAGTATATAGACCAAACCTTCAATGGACTTTTCATTGAGCCGCCATACCCGTGCTACTGACCAC,1943,49.51,Homo sapiens
SEQ_537520,CGGGCGCAACTCTGGGGATATATGCCAGATACCTGTGCGTTACGAGTTTACCTAGAGCCTTCATAGCGAACGATTCCAAAGACGACCATCAGACCACGCAGACGACACCCAGGCAGAATATATACCCCTGGTACGACGGGGGTCACCCTCGGTATCTGACCGTTGGGAGGTAAAGTTTAGCGGTTAAAATGTGTGTGCGGGAAAGAAACAAACGGAGATAAGGGGAGAGCAGAAGTGACATTCCTAGTGAGTCCGATTCCGGTAACCACACTCTTTCACCCCGCATCGACCGCGTGTTCCACCGGACAGAGGTGTGTATCCAGAGGACCACTATTTCAGCGTTCGTAGACGGCTTCATGTGCAGGCGCAGCCAAAGGAGGACCATTAGAATTGAACCAGGCCTTATCGGGTCTTGCCCATAGAGACTAGCACCTAAATGGCGGGTTATAAAGCTCCCAGCAACGACGCGAGTTTCATACGCAACACGTTAGTAGAATGTTGACACTAGATTGTACCAAGGACCTCTCGATCTGTGGCCAAGCTCGCTTTGTGACCGTCACTTGTTATGATCGGGGCAACATATCAAACAATGGTCCACTCGTCCCCGGGTGACGATCCCTGTAGTCTGATATCCAAAGTGGTTTAGGATAATACAGCTTGTACACATTTCGCTATCTGAATAGGCATCACGGCTGTAAGGGGGGTGCTACGCGAATGTACACCAAAATTGTGATTAAGGGATAAACGACGTTATTGAAGACATGTGTTGAAGGAGTTAAGGTCCCCCGGCACTGTGACTTCTTCAAGGGATGTAGCCGAATCTGCCCGTTAGAGATTAAGTTGGGCTTCGGCACGCAGAATGCCCATTTGCCTAGGATGTGAGGTAAACATTAGGGCTTTAAATAGCGAACAGCGTCTAAAAGTGATAGTATCTTGTGACATGACAGAGGACGAGATAACATAAGTTCGAAAGTGCTGTTGAAGAGCAAATATACCGTCCGTTACAGAGGGGACACTGTGTCACGACCGACCCGGAGTCGACGGCGTCGTGAGAATGAGTGTGGGGTCTAAGGATATGGATTCTCGCATTACACACCTTGTCTACGATTAATGACTCATTTTAGGAGGGGTCTGGCAGACTCAACTCACTTGCCCCAGTGATCCCTATGAACATCGCACCGAAGGATAAGAAACTGCGCGGCGGTTTGCAGATAATGGTGGGACCCTGAGAGTGGGTTAAGAGACTAGATATCTATCTTACGAGCTATGGGCTGATGGTAACTTCATAACGGGTAAACGAGCGAACCATAGAAAACATCAGGATATTCACTGCTCGACGATTCGCCATTTCTGAAGCCTAACACTCTATACACGCAACCCTAGCAAAAGCTAGGAAGTAAAGCGACTCCGGGTGCATCTACCGCTGATGGCGATGGAGTCTGCCACCGGTAACTAATGACGATTGTGGTATGGTACCATACAAGAGGGGGAATCACATACCATACTGACCCCTGGGGGCCTCCGGCCCAACCAAACGTTTGATAGGAGCAGATGAATGAGGGTCGCCCGAATGAGTAGCTTTTTGTCTCAGCAGTGTCAATGTCGTCCCCTTCCGGGCAACACTAACGTAGATATAACAATTAAAGTTGGACGAGAACGGCTGTCGCCGGGTGCCAGAAGAAGAAGCGGGCGTATAGGGCTTGCGGAACAACGACGACCGGTAGGGAAAGAGGGGAGATCTATAGAAGAAGAGCGCGACTGCTACTGCAGAACCAACTGCTCGAGTATGGTCGGGTGACA,1800,49.94,Mus musculus
SEQ_800041,AGCACGGGCGTAGGAGTTGCTTTTTCACTAGGTTTCACCCCAGTCTCGAATTTACCTCCCCACCGGGTGAGACGCTGTGACGATAGTGATTGGTGGCTACCAACTCTTGCTGCACTACCCACTCGGGTAACAAAACTTTACTGTAGCAGGTGCTTCCACCACAATTGTTCTGACTTTTGGCCTCCTATAGTTGGCTGCCCCGTTTCTCAAAACATAGGAGTGGCAGAACTCATGGCACGGGTCTTTTTCAAGCCAATATCCATGTTAGGAAGGATTGTTACTCCTGCTTAGAGGACAGTGGCACCTGGTCACTCCGTCCCCTACCGTAACGCTAAGAATTTTCTATTAATACTGCCCTACACACAGCTGTAGGATTTGAGAGTACTATTGACTATCTACACCGTGCAAAAATTATTTATGGTCCATGCGCGCTCAACGATGATATCCGGATTTTGCGATTTCCTAGAACGATGTCAAAGCTTTACCCGATTATACCCACGGTTTAGTTCGCATGTACAAATCAGTGACTCCCTGTCCCTCACATTTCTTCGACTCGCTCTGGAACGGATGTTCAGTCTGAGCATAGGTTGTCTCTGCAAAGCCCCGTAAAGTGAGTCTCGGAAATTACGTACCGTGGGGAAGTCTCTAAAAGATGCACTCCATACTATCGTATATATCAGATATGAAGTGGCGCACCCCGGCTGGTTGGATTTGCGAGGCACACAGCTGTACGCCTTCGCGTAGGTATTAGGTCGTGGTTCTCCGTCGATTTTTAGCTCAGTGCGTGCACCCCTGAGGAGCTTATTTAATAATATCCAGCCCTATGGGAATGATAGCCTCCTGAGTGCACAGTCTCGTGCTACTTACGGCTCATCAGTATAAGGCTATGAAACTCTAAACGGACGGTCGTATACTCCGGTTCCAATCAGCAATCTAAAGGGGTACGTCAGAGGCCGCAAAGTCCGGGTAGCATGGTCCCGTGTGGAAATGTGGCATAATCTGATCACCGTGGCCGCGGTGGCGGCCCCTATACCTCACGCCGTCTCTAAAATTTTCTTTCCCAGGAAATGATCATTAGTTCACGTATACTTGCGAAGTAGAGCCCCGGGCGCCAAGCAAGCCAGGGGACCCTGTTACGAACCTTTCTTAAGAGTATCTCTAACAGCACAGAACCGGTGCTACGTACGAGACTAATCTGTGATGGGCTAGTGAGTAGACGGGCTGATCGTCGAGCGCCTCATACGAGAGGCTAAGCCCATCGCTAGCGTAGTGAAGACGTGATCTCTACGACGGTTCATCCCGCGCCGATATCTCTGGTCGACAACGCGCTCTTTCACGACAGCCGCTGAGATTTAACGTGACGACGTGGAGTGGCATGAGGTCGTGGTCACTAGGCCGGACATTCTCAGGACGAGGCTTGGTAACGCCGTCGTGAGCGATATAGTGGGGACACCTGCCGGAAGATCCTTCTCAACAGTTAGTGCGCG,1487,50.5,Drosophila melanogaster
SEQ_421602,CGTTTCACGCCGGAGGACGAGCTCTCCGTTGGAAACTCCCCTTCAGGCGTATGGTTTTAGACACGAATTATTCACTCGATGGCAAAAGTCGTGATATAAGGCGGTCTAACGGCGGCGACGGCGTACCGAATTGAGTAATCGTTCCGCTTTGAAACAAACGCACGCCCGGGTGTGCTGTGACCTGCGGAGTTTCATATGTGTTGACATACACCTATCCACGCACCAAATGGCACTTGCCAAACCCCATCCGTAATCGGGGTGTATTGTGGGATGAATTTTGCCATAAGACGCTGTCAACGGTGGATTGCAACTTAGTATGGACTAAAATTGCTATCTGCACGAATTCGAATGGGTACGCCATCCGCGTCTCTAGGCACGCGCTGTGAAGCGCTATGATGGCTGTGCATCCCTGCTTCCTATACCTAACTTAGGGCGTTATAAGTTGGCAATTACACCGGGCCAGCGTGGCCTCGTATTCTCTGTGCGTTTATTCAACAGGACAATTTGTTAGTCCCGTCAACCCGGGTCCCGAAAGTTCTGTCTTACCGATCTATTTGCCCGCCCTCTCGAATTTAGAGTGTGAGTACGAGCGTGTGCTCGGGCTGTTTGATACCGGAAACGTGAATGCTCTCGGTTACGAGCGGCAAAGACTTATAGTCGCCGTGACTACAGAGGCGTTTCCGCCGAGGGATGAGTGCACAAAGCTGTGACTCTCGATAGAGAGGAGCTGCAGCGATACGTATTGTCTGGACACCAGGTCTACAGGTTAATATCGTGAGCCAATTAATATAGACGGAACATAGGACTGTAATTTGCGACCGTCGGCATTGGAGGAATTAATGACGCGTGCGTCGTCAAACTCACACGGTTATAGCTCGATTTCTCCTCGTACGTGCGCCCCTATCCGTGCAGGAAACTGGATGTTGTAAGCCGTAGGGGTTTATGCTTCGTCGGTTACAGTGTTAGCGCTCAATCCATGGTGGGTGAGAGATACAATTCGATGAATGACCGTCGTTAACGTACGGCAAGATTTCACCAAAATCGTATAAGCACCCATCCCCCGTTGTTTAACAACCGGAGGGCTTGCATTCTTAACATCTACACAATCCGAGGTTAAATACCCTCCCGACGTAATTGGACGCCAGAGGTTAGCTTGATAGTCCGTGCTCTATCCTATTGCCATCACTTGGACTCTTGGGTCGCCAAGAAACAAATCGGAAGGAGGTACTCAACAAAGGATGGCACGCATACAAGACGAGATCCGTGATGAACACATTGAGACTGGACGGGCACAAAATTGTGACGCCAGTTAGAGGT,1317,49.96,Arabidopsis thaliana
SEQ_173922,TTGTCGGCTACGAAGGCGGACAGACGATGATAACGATATTTTTGGAGAGCTCCCTCCCCCCAACCGGCGACGATCGTATGTGTTCTTTCAAGCAAAACTAGCCGCTGTTGAGCCACGTGATCTCGGAGACTGGCGGCTGTAATTCAGGCAGTCCCGACGGTGATATAGGCTAATATAATACCGGCAATGAGTCTAAGGCCTAACAGAGCGGTGCGCTGGAGGTACAATCCGAACGAACAATGTAGCCCTTACCCGACCTCCTACGCGTGCTCACTACATTCGCGTTCTCCCAAAGTAAGCTCACAGTAACCAAAACGCATCATTGATTAACGTAACCACGCGATGGTCTGCCGGTAGTTCTCGAAACCAACATTATTCAACTTCGCGGGGACCTCTAATCTCTTGAATTGGGGAGTTGCGTTACCTAGGTCGGCTTCATCGGTCTCAAACTCTAGGGGCATTACAGAGGAGTTTATTTGCCTACTGTGAGTTCACAGACACTTCGCGAACAAAGG,515,50.29,Homo sapiens
SEQ_519593,CCCAAAGCCTTTGTTTGCATGATGCAGGACCCAAGCCTAGGGTGTACCAGCCGATCGGTACGTCACACATAATACTAGGGTCGTCGTTTGGTGTGTTAGTGTGCATCACCAATTCCCGGTTGTCGGAATTTATGCATTCTATAGCCTACTGAGGTTTGATATACGATTGCCGGCGAACGTCAAGGTGAGCCAGGCCTCTAGACGCGAATATTGGGTTCTATGTATGAGAAAGCATCACCGTAGAGCTTTGAGGACGCGTAACCGCTATAACACAGGTAGGCAATCTAAAGGGTACAACCCGCCGCACAGGCGCTTGGACCCCCGGCACCTTTCATCACTATCAACACTCGCAAGTTACGTTACGCGACTTCCGATGCGACCAAAATTCAGTTTAAGTACCCGGGGTCTAAACCTTCACCCCCGTCAAGGGATGGCACAGTAGCCTCCGGGTAGTGTTACGCGAAGCCAATATGAACGTCTGTCCCAAACAGCTCTGCTAATTATGCGATAGCATCCTCGGGTTAGCGCGCTATAAGGAATCAACTAGACTGCGCACAACGGTATCCCTAGGGAACCGCGGCACTGCTACCGGGCGTCTTCTTGGACAAGTGTGTATGTTGGCGTCTTAGGGTAGTAGTCATGTAACCATGCGGCCGAACACCCGCTTGTTCACGTGCATCGTTTAAATAATTAAAGCCCAGACCAATACTATTCCTTCAACAGAGCACGGACTAGTTACGTGACGTAATTGGGTCTATGGCCAGATAGGAGACCTCTGCTCACGTTAACAAAATTATACTAGGGACTCGTTGCCCATCTAGAGCTCATCCGTGAAAACTATCTTATTGGGTTAGCTGGGGACGGC,865,50.17,Arabidopsis thaliana
SEQ_114896,AATCTTCGTGGCTACTCACGCGTCTCTCCTGGAAGACACAACCAGACTTTTAGGTGCACGGCGAGCACTGCCACACTGTAACCCCGACATTGCGCCCGGGTTACTTCCCCCTGGCATAAAAGACAACCATCCGGGACCATGAACTGGCTTCCAGTAAAGAGCCCGTACGTCGAACCGT,178,55.62,Escherichia coli
SEQ_751412,GTAATCACCGGTTGGTGACCAAATGTGAGCGCATCAGATATCTCATGAAAGTCGCTCATGATGCTTAGTGTACGTGTTGGGAATGAGGGGAGCAATATGAAGAGAGCTTGACTATTATTTGGAGCA,126,44.44,Drosophila melanogaster
SEQ_293577,ATTTGTCTTCTAACGTCGCTCTCAATTCAATATTGAGTCATAACTAGGTAGTTATGCGGATGGTGGTTTATAAGGTATAGTGACTGCTAGGTAACGCGCCGTTGTACTCGTGCTGAAACTGTTGATTCTAATTCGGCTAACACATTCTCGTCATCTGTTTGGCTCTGGCCAGCGCTTCCACATTACTTGTCGAAGTACTTCCTGCGGAGCTTGAACATGGGACCCACGTTCGATGGTTAGCCGTTAAATCTTCCTGACTGCGGCCGTTCCAGCTTTGCCTTCTGGTCCGGCTTAGTCTCGATGCTGTTCCTGTCCGAAAGGTTGCTGGAATTGATAACCGATCATGATTAGTCAAGGTGACGTCTATCACGAGGTAGGATAATGCTCGTGTCTGCC,396,47.47,Drosophila melanogaster
SEQ_629646,CTAGGCGCATTATACCGTTCCTCCTTCAGGCCAATCCACGAACTTGCCCTACACGGCGACGTTAGGGCGGTGCTGGTGAGTGCGTATCTCCCAAGTCGGGTTAGGAGCACTGGTGGGACACAATGTGCTGCCGAATGGCGTGGACTACCTAATAGATCGCTCCCAAAGGACACCGAGGTCCAAACGACTGAAACCGAAGATTAAGCAGCTCGGTACCGTATCGTGGCTCGTCTTCTAAATACTCACATGCGAAACCCCGCCCAAGGGCCAAAGTATTTCAAAACGCAGCCTGGCTCCTAGCCTACCCGCGGAAGGCGCAAGCTGTCTAGCATAGAGGGCACCCCCCCGTATGTTCTCTCTTAGTCGGCCTAAGTTAAATGAGCGGCAACGGGCCCAGGCACCCGTGGAACAATCGGAGGGCTCCTCCTAACAGAATGAATTTCAGGACAGCGTCTGATCAGACACTGGACCCACTTTTAGAAAGCCCTCACGGGGACTTGACCTCGGGTACTAGTCAAGAGAGGTGAGGCCGTGCTTTCGATTCAAAGGACACAACTCAATGGCTGCTCTGGGGGAGCACTAATCCTGTTGATTAATATTATAACCTTAATTTTAGGAAAATGTCGGATATGAGTGAGCTGACGCAGTCTAATTAGCAACAGCACGCTTGAACTCAGCACGGCAAGTTGCATTCAGCCAACAGATGTGGCCAGACCCCCGGGTTTTACGCCACAGTTCCGACAGCGACCTTTAGGGTGGGAGTTGCAATCGGTGGCAACCGGCGCTAGGCGGTGCGCCGATCACTTCTCTAGTACTTCTGTGGAAATGAATCATTCGCTTCCGCCGTTCTATAGATCCAGTGGATCGATACTTGGAGTCTCCCCAATATGATTCTGGGGTGCATCTTGACGCGTATAATCGAACCTCTCTGGAAAAGACCGTCGGAAGAGTACTCGTCTCCCCTCCTTTTCCTTTAGGACACGGATGCCCTTCTGATTCGGACTTATTCAGCAGCCCCTACGATGGCCCACTTGTTAGCAAAGACAACACGAGGAGTCCCCCCCCTTGGCGTAATCGCCCAATGAGACCGGTGCGATCGTCCCGGCTTGCTTCGCAGACATCAGATCAATTTGTTCTTCCTCCATCGGATATCCCACTTGCATACTATTCGACTACTCCTTCATACTCACCGCGCACTTCAGCGTGGCGGTGTTAGTGTAGTCTCTTTGCAGTGTGGAGCTTGGTATGTCGACTACTAGGGTTCACACTTCAACAGGCTAAAAGTACGACACGCCCATGACAAAAGAGCGGCGAAGTGCACTAATTGGGGCCGACGATTTGGGTTGGGATAGGTCTCAGTCCATCCTAAGGTGGTTAACGGCTTTCTGATAACGGATAAGGGCAGCTGCTCGCCTCATATGCATCCTCCAGAACGGTGGCGGTTTACTAGTCTGGCGAGTAGCGTCGACGGCTGGAGCCTTGAAAGGGCTCAAAATCTGAGGCCGTACAAAGCCGGCTGT,1520,52.89,Caenorhabditis elegans
SEQ_130778,CAGGGGGAACTCCACCGTTGAAAGCACACTCCCACTGACGCCGGAAAGAGCTCCAATGTACAATGATACTTTCTCAGGGACCCTGTGTGCGTAACAACATATTGGAGCGCGGAGCGTGAATGTGGAGGCCGCCCCTCGGATACAATTAGTGTGACGCGCTAGAATTAGCTGGGCTTCCCACACTGATGCGGGCAATGCCCAGTATCAGTCTAGTGATAGGCGAAGGCCTTTCATGACGGAGGCACTCGCGCACCTCTCGGTAAAGGGTGGTCCAGATTGGGAGTCCGCGTAAGACAGGTACCTCGTCAAGATCCCAGGCTTCTGAAAGGCAGACTTAATGGATTGCTCCCTAGTATAACCCGCAGTGTACCTCCTTTAACTCGCAGTTCACCCTACCCACTGCGCATTACGGGAAGTCCCATGTCTCGAAGTCGCGCCCTTACAAATGCCCAATGACAGATTGGTTCTACAGGCGCTCACTATAAATTGTACGAAAGCTACTTTAATTATACCGTCAAACAAATGTTCTGTACCCACTCGTCACTCCCCCTACATCTCAGGGCCTGCTGCGCGATCGCGCTAGTAAGTCCTTAATGCCTGTACCCCTACCCGAATGGCATAGTACAAATGGATTTCCAGTGTGTTCGCTCATGTTTACCCACGACGACCGGAATTGGGCCGATTAATAGTGCAAATGAATTCGGCCAGTAAGGGAGCTTTAGCGCATCCATTCGCGGGTAAGTTATGGAGCCGGGTTCGGCACTACCGATGCAACTACACCAGCCCCAAGAAAACTATCAGGTTTGTGAAATAGACTCTCAAATTCCGCCGAGATTAGAGTGCCTGAGAGTGTTGATGCCGCGATGGGCTTAATCCGTACTACGTCATTGCCCGCTAAAGCGAGGGCGCCAGTTGTCGGATTGTTGGTAGGCGCCCACTTCGGTACACGCCCGTCAGCAGTGTGAGGGAGCCTATCACCCCGCCTGGCCTGGGAGGGTAACGTCAGACAGACGTCGCTACTCGCAGTTTTAAAACATCGACTAGGTATGTGTTCAAGTCTTACAGACTTCGGACGTTTTGGTCTCTCGCACCCAAGTGTCCGCAAAAAGGTAATGTTACGCCTAGTTACATCAGTTTTCGGCTCTCCTAGACAGTGTCTGAATATGTCCTTACGAATTCCGAAGACAAACTAGGGGAGAAGATCTAATGAGCGAGATTACTCGGAGGGCGGCCATGGAGTAGGTCCACTTTATTTCATCGGAATCTTTTGGAGCAGCCCTAAAGGGAGGGCAGTTAGTTTCTCAACGCAGATCCCCAGTCTCTTGAGTGTGAGGAATAATTCGCTGGCTCATGAATCAGCCGCCATACGAATCCGACCATATGATATAGGTGACTACTTTCCGCAGGGGTGGAAGTCTCTAATACCTGTGTCGATTGACTCCACTCTGCTCTATGTATGAGCAGCTCGCCATATGAGGTGGGGGGCCCCGAGTCGCAAGACAAAGCTGCACTATCCAAACGTCACCGAAATCGGTATCGAAATAGGCCACAATTACGTGTATCTGTCTAAAGTACGACTTGCGGCTAGTCAGTACGTCCTGTCCGTTCGTACGGTAAGTCCACGCTGACTTTGTATCAGAATTGAGGCAGGGCGGAAACCACTTGTTCTACAGAACTCCAAGTATAAAAGCGCCGTATCAGACTACTATATCGATACTCGTTAGCAGCAGGGTAGCCCTAACGGTAGACCTGA,1753,50.94,Escherichia coli
SEQ_753179,CTCGAGTGGAACAGATAGCACACATACGATGCTAAAACATGGCCATGACTGCGCGAAACTTAATCTTGCTAGAGCAGCAGGTAGTCGGGATTCTAGTTCACCCACTACTTTCGCTCGCTGGACTACCGGCTGAGCTTAACTTAGTAACAGCGCAGGTAGTCAGGGGGAATCGTGTTTATCAACGTACCACTGTACGCGTAAAGCAACTTTGGCGCGAAAGTATCTAAATTGCGGTGTAGACACATGACTTCTTCTGGTTGAGGAACGTATGAAGAGGGCAGAACGGCTCTTCTGTATGAACCCGGAATTAAAACAAGTCGTACGAGGTTTGATGGACGTAAAACATGCTGTTAAGCATCACCAGATCGGTGCCCTTCTCCGTATTAATTAAGCTGGATGTAAGAGGGATTCTAGCGAGCTCTCTCCTATGTGCGCCGAAAGTTATACGGAGTCAGCGTCCGGGCGGGGGTTGTTGTTTCTCATATGCGTCCGCTACGATTTGGCAGCAGGTAGGTGTTAACACTTGTTCTAAGTTAGCATATACGTCTCATCGTCTGGTGACTGTGTAATCCTTAGGAAGCGCAATCTATGTCTGTTTCACTGCCCGCGACCTTAGCGCCATGAAAACCGAATAGATGCCGAACGCTGCTTGGAATAGGAGCGCCTCTCAGGCCGCTCTGCTACTCTCCTGCCCAATGGTGGACATCATAGCCTTAATGTTA,722,48.75,Drosophila melanogaster
SEQ_927353,CAATCGTGGGTTAACAAGCTGATGTGGAGGACTACGGGAGGCAGTTGTTTATCTACACGTGCCTCCCGTAATGGTGGTTGTAGCACTGTATCGCACCAAGGGGGCTGATACCAGTCATCATAACCCCTGTTGCGCTATCATCATGATCGGACGGTATTGCTTGTTTTCGGCCCCCTCTGATTGGGTTACATTCCGTTGCTGCGTCGTTACCGAATCGAGCCAGTTATCAAGGACCCACGTGCACTGGATCGGACGCTGGCAGTTAGTCAAAGATTAAGTCGGGAAGATGAAGCAATGATTATAAATGTTGGACCACTATGTTATCACTTCACTCTATCGACGTTGGGAAATCAGTATTTGCAAGACCGGCTGGATTGGGATACGCAGGAACGACGCGGCGCAAGTCGCGTCCGGCCACTATCCCAGCTCTACGGCAACCCGCCAGTGCGACACTTGCCTCTGACGACGCTGGGGGCCATATAAAGGCCTGTTGCTGTCCATGGTTCATTGGTACTCTGTTATCGTCAATGGGATTTATTCCGCCCGGCCATTAGCGCGGGTTAGTATGACAAA,573,51.66,Saccharomyces cerevisiae
SEQ_901939,CATGCTATATTTTGATCCCCTCACTGGTTGATGGACGTTGGAAACTACCGTTGCCCAACGAGTGCGACGTACGATTCAGGAGTAACTCACGCCCCCGCCTTCTTTCACATGTTACGATTGGATAGAGGCGCACCCAACGAACAAAACCCCTTAGGCTAGGAACGACCTTCAATGACCACACCTAAGTTGGCCGACAACGGGTAGTATTCCCTACGGAGACGGCGATGGGATGACGTGAGAAAAAGCCTTCCCTGCAAGCTCCCGAAAAAGTATCGCTGGTTGATGCTAA,289,51.21,Caenorhabditis elegans
SEQ_507088,GGGGAGGCGTACCCCGCAAGGCAGTTTAGGCGTAACATCCCCATGCAATCGTCCATATCATAGATTTGCCCCTCGGTGACAAGCGTATCTTTGCAGATGTTGGGGGTGCCACGCAGATGATATGTTGCCCAGAGGCGCGGTGAACTACAGTGAGGTCTATGGCCAGGCAGTCCGACGACACACTTGATGTCCTGGCTAAGCTTTGGAGAGGCTCCACATCACACTCCAGCGGGTAATGTAGGCTACAAGCGCTACGAGGAACGGTCGTTAGGACGTGAAGTTAATTCTGAATTTTAGACAAACGACGGTGGTTATAGTTACGGGCCACGGGGACGTACTTAGGCATCTAGAACGTCGCTTAACGCAAGACGGACATGCGACGGGAACCCAGTACGTGTAACCCTTTGATCTGAAACAGTGCCTCGCTGTCTACAAGTTGGAACTACTCGAATGATGAGTTCTATTGCTAACGGATAACTAGAAGTGTATCGACAGACATCCCTTTAGCGATTTATTCACACAGGGGCCTGACTAGATCTGCAAGTACGGTGCACATTAACTGTCACTGTATGATGATGCGTCAGGGGGCACAGCAAAGGAAATTGGAATGAAAGGACGGAGCATTGGAGATTACTCCCTTGCTACGGACAGAAATGCCGCTAGTGGCCATGATAGGTGGCCCGGTGTTTCCGCAACCTATGCTAGTATTTCTCTATTGAAGTCGGCCTTGATCTCACGTGGTTGAAGTGTCCGACTGCAAAAGGGGATCGAGTTGAACATGTTGTGCAAATTCGGGGCTCAACGATATATCGGACCCCCCAATGCATACCCTATTCAATCCCGTGC,846,50.47,Homo sapiens
SEQ_873579,AAATTTATTGGAGGGGAGAGCAGTACATACGGCGGGTTCCGTTAACTTATACGGGTACCCCCAGTCTCTATGTAAATTTCTTTAAAGAATTTCTATGCCAGAGGCAGATCTCCCTTAGCCCGAGCGTAACAACAATGCCCTGCTCCTGAGATAGGCACACAAAACATCTGCGCTCTATGCCTTTCAATTTCCGGTCGACAAGCTAGATTCGTCGTTTATACTAATTTAACGGGGGCTACAGGACCGGGAGAATGTATCGAGGTTTAATGTCGGGAGTAACTCCGGCTTCCGATGGGTGATTTAGATGGCCATTAAAATTATTTGATTTCCCGTTCGTTATCCAGTTTAGGTCGGCACGAAAAACGAACCACAGCACTCCCCCGGAATTTACACCCCTTGAAGTACGCAAGCGATAAAAACAGCCGCCAGTCTTTGAGAGACCACTGTGTGTCGGTACGGTCAGCATCTACGTGGGGAGAGGGCCGTCTTGGTCTATCAATGTAGACTTGGCTCTGTGTTATTGTAAGCGGCGCCGCTGGAGCTACAGCGAGCGTTGTAGCAAATAGTTCTACGATTTTTCGGGTTAGTTCCTAAGTGCTTCACCATCTTACGTGCCATCTGCCTAACTTACTTATTAATCATTTAATATGGTAAAGAATATGAGGTCAGTGACCGTGTAGAGGCATACCCCTTACAGGAGGCTGACTAGATTACTAATCCAACTGTCGAGCCACCGGCCCGCGTAATAAATCGTTATCCTTGACTGCTATAATGGCTGACTTTAGTGAGGGCGGACGTCCTTTCCCTCCACCGTTAGCGAAACTGTTTGAATATTAAGGCACACACTTAGCGGTACGGGGAGGAACAGTTGAAGGAAGCGACAGGCCTGGTGGAGGTGGTCTCCGGTGACTTGAGGGCCCCCGTTAGATTTATTCCGTACCCACCGCGGCATATTTCTTCGGCTCCGTCGCATAACGCCAGGAGATCAAGGAACGTGAACACACTGTCGGTGCAAGAAAGGTATTATTAGCTGAGATCACGAATCCGTTATCTACCCGCTACGCATTTATCCCAATACCAACGCTACAATGAGACATTTCTATGTGCCCGGATCGAGTTGTAAAACGGGTGTACTCATAACCCCTAGCGGACAGACGGATATCATAATAAATCAGGACACAACCGCTCTGTCAGTATGGTACCTTGCTTGAAAACTATGAAGGAGTGTGCCGACTTCGCGCCACACTGGTCCCCTCCAGGAATATCGCAGTCGTTATACGGTAGACACTTTGGGGGGCCAGAAGAGAGGCTTAGGCCTTCATGGGGAGAGGACGATGTGGAACTAGAAAGGGCCACCCCTAACGTCATAGTGCAAGAAAGGCTTATACCATTAATTAATTGGGGATTAGCCGGCACGGAGAAAAAATCAGTAACTACCA,1439,48.23,Mus musculus
SEQ_616139,ACACCCCAGCGGAAAAACGAGGTTAAAGGAGGTCCGGCCTACTCCTGTACCTTTGGACTAAAGTTGACATAAGGGTTCGGAGGTTGGCCGCATCAATGATTCGTGTAGGGCTGACAAGTAGACGCTGTCTGTTACAGCGCGCAGACCTTAAACACAGATTGTAAAGATAAGACTGCGGGACTCCGCTACCTGGCAACTAAGCTCGTGCGAGTTACACTTCATGACCTTCTACATTTCAGTTCAAATGTCTAAATCGAATATCGGATAAAATAACTCCTACGAATCAGAATTCTGAGAAACGAACCCCCGGGTTCGTAGCGAATCGTGCTCCTACTGTTCCACGGAGAGCCCGCTCAATCATGATCAGTTGTAAAGTGAGCAAGGGCCTTTACCTTCCAATTCTCCTTGCTGTAAATGGCGGTCTCCCCTAAGATGCTGCCGAGCTTTCCTCAGGGATGGAACCAAACGTCGACGTGCTCCACCGTCGGCCTGCAATTGTGACAACCTTCCCTCGGGCTGACACAGACCGTAAATGAATAATAGCCATGTTGGCGACAGTATGAGAGCATTGTGACTGCATACACCTTATCTCAATCCTGTATCAGTTTGACAGAACGGGACTGAGGGCTTACTCTACCGCAGTGTTATGCCGGCCAGAAGGAGGAAACTCTACTTCGGGCCAACCGGCTTTTAGAATCTTCCACTCGGTTTAATCTATACTTGATGTGCCTGCAGGCTTTAGAGATGAGCTAGGTCTTCCATCAGTCGGCCAGTTCGTACTCGGGGAGTGTTGATTTTCGCCCCGGTGTCGGGCCAGATTGACCCTCACAACCATACTTGCTTGACGTCCCGGACAGTTGTACTCGTTGGAAGCTAGTGTCCTATCGGTCTCCGCAACGCGAGGATGCCCAACCTAAACAAACATCAGCTTGGTAGCAAAGGTTCCCGGGTCCTCGCGTAGCGAAGTGACCCGGCTTGATGGTGCACGAAACAACTCCTGTGACACTTTCAGTGCTAGTTCCCGTAAGTCGCACGAACGCTCGCACAGTCCACTAGACTATTTCATGGCCAATTTCTTTTCTGTTCCACCGCGTCATGTCCCCCAAGTTAAAAATGGGACAACACGGCAGTCTCCTCGCCGGATAGAGCCGCGCTTCTCTGACCAAGAAATCGTACGAGAGTGGCTCAAGGTATTCTTGCGCAGGACTTGCTGATGCTCCTAACGCGCAGAAGACTGTGAAAATAATACGACGCTTGCGTGGGGCTATTTCTTGATCGACCCGCGACTTCGATGTTTACCAGCCTACGCGGCTTACGTTCTCGCTCAGGCTTCGATTCCCGAAGCGCGATAGCTATGAGCCGATTGCCATGCTGACGCAAAAACCGCATTCGATGACCATACACGTGAGCGCGAAAGCCTGGCGAGATGGGAAGTAGTATAACAATACGCGTGTTGTCTCGAGACATGTCTAACCCCCGCATCAGTATGACGCACAACTTACCAACTTCAAATCTGATAGCATACTAGTCTCTACCGAGCCGTTCCGGACTTTCCATGCCCCGGGAACAGAATACTACCGGTGAGCTGTCCGGCCTCCGGCCTAACTTGTTCTCGTCCAGTTCATCGGACCTCGACTTACAAATGT,1646,51.15,Arabidopsis thaliana
SEQ_436682,CGAGGGAGTCGCACTCATACTCCGATTAATTCACGTCGTTACAGGCCCCATCTCATTACTCACGGTTGCGCACAGGAAAAAGGGCTTTGGCAAAAACTGTTCTGCGCTCCTAGCGAGGGCAGGATTAGCTAGAACAACACCGTGTGGAAAGAGTTTCGCTTCGAGTCCCTTCTCGTCTTGAAATGGGTAGTCAAGAACCTGTAGCACGTTGAGGGAATGACCTCCATATGGTTCTTTCAGTATGCGAAAGGAACATCTCAGCAGAACTAGGCCTGGCCAGTGTTTGTAACCACGTATAGGCTGCTTTGATCCATCAGAGCCTGGTCCTCCCGGATAAGTCCGGTGATTCGTCCGAACGAAGAACGTTGAGCTCGGCAGGCG,381,51.44,Saccharomyces cerevisiae
SEQ_907397,GGTTTCTGGGCGGAAAGGGGGTATATTGCCTTCTGTAGAATAGTAGCGGTGTCCCCGACGTTTTCCTAAATCCTGCCTGGCGATCTCCTTAGCTACTAGAACAGCAGTAGCCTGTGGGGGACCGCCTGAGCATTCCGCGGTTGATCGGCGTCCAGCAACACCTGCGCTATGTCATCACAAACTGCCCCCCGCGTCGACAGTCTTATTGTCTTTCCGCGAGCTCCAAATCGCTTTCATTTGGTTCTCCTCGCCCACGCCACATGGCGGTCGTCACAACGGGCCTAATGAAGCCTGTCGACCTCGCGCGAGAGATCACTTGACATATAGCCTCAGAGTGAAGTGCAGCCTATGGGGTGTGTCTGCTGATGCGCGGAGGGACCGTCTGTAAGCTAGCGTGCGCCTAGAGCCCCGTAGTAACCCGCTGCGAGTCACGGACGGCTAATAGCTCACGTATTTCAGATGCCAAACCACAAGGCTCACTAGGCATGTTCTTGCGCTGATTCACCTTCACTTCGTGTTGCGAGAGAGAGCACAAACATACCGGTAAGTTACGATTTACAGGAATGGTCCTCTGGAGTCTAGGTAACGTGCAACTAAGCGGACTAATATCAACGGGCTGGTCGGTACATAATAAGTGGCCGAGCATGGAACGAGTTGGTTGTATCAGGCTATAGGTAGAAGACACTTAGCGCATGATCATACGCGCGCCGTATTTTAACCGTTTCCTCGTCGCCCACTCGCATTGCCCGTACTCGACACGTCGTGATTAGCCTCATCATGGTAACCGCAGTCCAAATCGCGGGGCCGCCGCTTGCGCGTCCAGTGTGAGAGCATTATAGGCAGGTTAGCAGAGTGGTTAGGGCCGCTTCTAATGAATGCCTTCCATCCGCTGTATGCCCCCAAAGGAATTGCTCGGGTTAAAGATAAGACAAATCTATTCGATTATACCCAAAGTTCGGACGCAGGGGCGTTCTGTTCCCTGGAGTTTCACATTCCTGTCGTGTGTAATGACGGTCTCATGATCAGAGGAGGGCTATGTAAAGCCCCAGAGTAGAACATTCGCTATTCGTCTTTCTCGCAAACTCCTGATCGTTCGTTATCAGCATTAGGTTTTCGTACCTGAAATTTTCTGTAACAGTCGTGCGATCATCCCGAACTCTTTACGAACTGACATCATTTTGGATAGGCTCTCGCTCCGTTTAGGCAGGTGCAATCCCCTGACAGATTGGTATTTCGAGGTCACGCGCCCCTGGTTTGAATGAGTAGTCGACCTTGTCTTATTCCGAGGAAGGAGTGCTCTCAGCGTGATCCGATTGACAGAGAATAGATTACCAGCACCAATATTCGCGAGTAATACGACTATTTTAACACCATACGCGCCACACGCCAGGGGCATTTGAGAAGAGCGCTTGTGCAACCTTACACAAATTGGAACTTTACAACGCGCCATCACTATGTAGTGCGAGCACTCTACAGCTTCCGCAAGCTCCAGCCTTGTGGCCATATACGCTGGTGATGTGATCTGCATATGTAGTCGAGCCTAGACTCACTCAAATGGCTATGTACTCTCTCAGAAATGCAGCTGCGAGGTTCGGACCGGTTGCTGGGATCCCGATCTCAAGATACAGTCTAAGGAGACAATGATTTACGTGCAAACGCTGTAAAAACTCTACCCCTTTTTCGGCACGTACTGATGATAGGAGCCCCGTACTCGCACCAGTTATCCGCCGTGGCATTGTACCTTAGAACTCTATCCCCATAATTAACTTTGCTGAAGAGCGAGTGTCTTCACTTTGAGGTCACCTCCGGGTTCGAATACATGTCTATTAATTGTTACACAAAGTCGCCGCCTAAGATAGCTTATGGGTGAGACTAAATACTTAGGTAGATCTACGTGGCCTAAAACAGTGTCAGAAAATACATTGATGCCCGCGACGTAGATGCATTACAAGCAAGAACTGTTTGAGAATG,1971,50.18,Caenorhabditis elegans
SEQ_720981,GAGTGGAATCGATGTTACGCTGAGTGGATCGGGGACGATAAGTGTTGGTCAGGCTGTTTGGTTATTTTGTTCTCTTGAGTCGGTTAGTCCGGCTTCCATTGGTGACCCTTTGCGCGGCATCGCCACAGTCGGAAGTTATTTGACGCCCGTTATAGGAGCACGGGTGGACGAGATTAGCTCCTCTTTAGATCTTAATCGAGCACGGCGTTGGGTGGCGTCGAAGTCTATACCGTACAGTCCTCAAAAAATTACCACGCAGCTAGTCGCGAATGATACAACTATGCTTAGCTTGACTTATTTCACCAACACAATTCAACTTATTGTAAGCAGGGGTAAGGTATGCGACTCTCCTCTTGACCACCACAATAGGTCTCCGAACGTTTCGCCTGGTGTTATCTTATGGAGGGCTGCGGACTAGACGCTCTCAACGATCATGGGACGAAATCATCGTTAGCAATG,459,48.8,Mus musculus
SEQ_632742,GGCTTTGTTATTTCGCGAGGTTGACGTCTCTGAAAATATGGGGCATACCCCTCACCGACGATGAGAACACTATCATAAAAGTTCTGAAAGCGTCTCTCACACAGCCCTCATATCTTTGGTAACGAACTTTAATCACGTGTCTTGGGCCTATCGTGACTGGTCCATGTCGTTTAGTACCGCTCCTGAACATCTAGGCCCTTTACTGCCACGTTTAAATTTGTGGGTTAGACTCCGACAGCCCTCGGATGTACCGAGCTCTAATTCGTTCTACGAGTGTAACTGTGAGTATGGCGGCCGCGGTAGACATCCGAAATCTTACCACTCGACTCGTCATTAACTGGGCACCGATCCTCCACCTTTAGATGCTAGAGGCCAGGTGGTCCGGTGTGCAAAAGCGAAGTACTGACTAGAGCCAGCTGCTGCCCCACCAAACTGATACGCCGCGTGGCACTCTTACCCGCCTCAAGTGCAAAAGATTGAAAGTGTCCGAAATGGAACTAGGAGAATTACAGCGTCTTGGCTATTATTTCGTGCCATCACTGGAGCGTTACGATACATCGCGGGTCCCCGAGCCAGAGCCGTGACACACCGAAAGCCGACCCGTCGTTTGGGTTAAATAGCGGCCCCCATTTCAGGCTTAGTGATGTCGTATCTCACTGATACTCCGGTCTTACTACTAAATCTCGGTCCCCAACAAGGTCCGGCCGTGACCAGTGGGGGCTTGATCAGAGCAATCCTATGGGGCTGCATGAACGGGCAGCGGATTTCGTGGGCCACTAGCCATAGTAAGAAAATGGCTGTACTATTCCACCGTATACAGATCGCTCTGTTTGCAGTGGCCGTGTGACACATCTATAGTCGTAGGGGCTGAAGCGCGCCATAGCTTGCCCGAATGATATACTGTGATTCCGTCCTTGAGGATCTGAGGGTACGGAGTGGTTTTGGTATGCAGATACATCTGGCAAGGCTTTTTGCGGCGTTACACGATACCTCCGCTTCCTAGACTTATAAAGACTCGCGTAGACTATCATTTGATACGATACGCTCTTGTGGACCCGTTTTATAGGTCTGGCAGCTATCCAAAGGCCGCAAGTTTCCCCACTACATTGTGGGCACATCGCGCGCCGAACGGCCTCGATAGGTGGTAAGGCCGCTACAGTCGGTATCGGTTTATGATGTCAATTACTCTACTCCTCCTATTGCAGTTAATCACGACATGCTCAGCGGCGACGGGCGCCAAGCTCCAGCGGCTAACATTGGTGTGACGCAGACTATTAGAGGAGGTAAAAGTAACTGTGAAGGGACGTCAACCAGCATGGCATCCACTGCACATTGGTCCCCGGGAGTTGGGGGTGCGAGTACACAGAAACTACACCTCAGCTTCCCGATCTGCTTCCGGAGGCTTCCGACCTCCGCGGGATCCTCGGCTTTAAAAAAGTATTCATTGTAATTTGACCCCGCACTCACCGGCACCTACGGCCTTCAAAGTGGCTTATAACCTTCCTTGCGCGACATAGAAGGTTAGTACTGAACCTCACTTCGCACGCGGGGCAGGCAATTTAGCAGTTTAAGGTGTACTCCCACTTCGACTACCGGTACAGGCCGCTGTGTGGCATCAAGTGTGAACGTTAGGGGAGCCCGAGAAGGAAATTCCGTCACAAATTATTTAGCCAACTCAGATTAGTGCGAGATCTTAATGGTTTGGTAGGAGAGAGAGAGTTTCGACGGATTAACCCATTGCCAGCACGGGATAGACAGCAAAGCGCGCAACTCTCTGACTGTACACCGACTT,1792,51.45,Arabidopsis thaliana
SEQ_698811,TGAGGTTTACCTCATGTGAAGCACAATTCACTTAAAGCTTGGTCTTAGGTCAATCTCCTACACTTCATCTGTGTGGCTTAGCTACTAGCCCGCGTAAGGCGTCCTCTGTTGAGCCGACGGGGCAATCTGTTTGGTACAGCAAGTACCGGCCCCACATTTGGCAGGTGGAAGGTTTATATTCGCAAGTCCGAT,192,49.48,Drosophila melanogaster
SEQ_202468,TTGCGCAGAAAGCTAGGAGTCGGGACAGATGCGCCGTTTCGTTTGGTGTGGGACGCTTGGTAACGCCTCCTTGGTATGTAGGGCAAGTCGATCGGCGTCGCGACCTTGAATAGGTAACCATCGACCCGATTCAATAACGCAACTTCGTGCGGAGCTATATATTAACGTCTCCCGGCTGGCTTATCTCGGCCGCGGAGCTAATGGGTAGTCTCAAAAATTTTCGTCGTCATGGGGAACCATCACCTTGTCACCTTTGGTTGTATTAACAGGGATTGGCAAAAAAACCCCCTTAACCCGTCGGATCCACGATAAACTTATGATACTACCATCATCTAATTTTATCTTGGAACTTCGAGCGCACTCCCTCACTCTTCGTAAAACACTCTTCCTGCACCCCCAGTATATGTTTTTATTGATAGGAAGTCGCGAGGCTGAGACTCCGGTTAGCCTGATCGATGTGACTCAGCCCTTCAGGCAAAATCGGAATACGTACATTCCGCTTATCCAATTGTCCCCGCCATCCCGTAAGGTAAGTGTCCGACTCTTTTCGCTGGCGGAAAGCCGTTGTTAGAAGGGCCGAACAGTGCTTATAAGAGAGTCTCCAGCGCATAGATTGGTTTCACTCCGCCCGGGCATCGGATAATTCGCCTGAGCAATGTCAACATGCCGTAAGAGGGCCGTCTATAGACTTCTCCTCCCCAATGCCTGAGATCGTGTCTTACTCTAGGTCGAAGATCCCGTAGATGGATAGTCGGTATTAAACTTTTATTTTCATTATAGATTTCGTAGACCGATGCACTGCGGATACGGATTGGTTAAGACCTGTTTCTCAGTTTACAACCGTGATCTAGGAGAGAGTTGTCAGCTTGACAGCGGTTTCCTGAATTACATTGACCTGGGATTGACGCGTAGTGAGTTAGTCGAGCACTGACCCAGACTGAATCGGCAGGGGCTTTAGCAAATGCTGACACTGGACTAGCTAACGCCCGGTTTATACTCTGAGTCGCTTATAACAGGTCATGTGCGATGGCCGCCGTTGCGACACATGCGATCGTGTTCCCGCCCGTGTCGTGCGAACAAGGCCAATACCTTCTAGGAAGTACGACCTGGAAAATGGACCGCCGCGATGTCGTGCATGAGGAGCTGGCGGTTATGCCGTCATCCCGGAATAGACCTTAGTGCCATGCAATATTTTATAGTCGAGCTGGCCAGGAGCCCGTAGTAGAATCAGACTGAACAACAGCGTCATTCCCGGTCAACCGGGTCTAGCTCCGGTGGGTAGTGACCAAACACGTCGACTAGCAACCGCCTTGCGCGTGTGCCGCGGACTGGTTCCCATCAACGGGGTATCGACGATAGATTAGGTGGGTTCGGTATTGCCTACCGTCTTCAGAATACATGTTTAGGGGATCCTCTATCGGCCTTGAACGGAATCTGCAAACTAGGATACAGCTCGAATATCAAATGATCACATACGTGAGCATACAATCTCACCGACAACCCCGGTACTCCGACTCTGTGGTAACTGAATGTTGAGACGCATGGAAGACAAAACTAGAGTTAATCCTTTGGCGCTGTGCCAGGATTACGGTCACAATGGTCGACACCCAAACCTAATGTAGAGCCCCGTC,1631,50.34,Caenorhabditis elegans
SEQ_913970,CAGCCGCGTAATCATTCCAGTTTCTAGGAAATTGCTGCGTTGGGGGGTTGTTGTCTCCGCAAGTAACACCCAGACTGGTTTGATACGTATCGACTTACAATCGACACCAATATCTTAATTCGGCGCCAGTGGGAACTTTGTGCCAGGAGTTGGAGTTACATAATACACAGTAATCGATAGAGGTACTGGGATCGGATCCATAGGCAAGGATAACCTCTACCCGTATCGTAACTTGCCCTTTAACCGATTCTACACGAATGCGTGGCCAATAAGGCGTTTGGGGTATAGTGAGCTCCGCGTGCTATTCAAGTTTGGCTAAAACATTGTAGCTTGTTGGAAGGCACGGAAGCGCCAAGTTGCGCGGACACACGCCCAGTTTATATCCCGTAGTTGGGGCAAGTGAGTGAAGTAGTCGCTTCACATTGGCTGTACTGGGCTTACCCTCGTGTATCGACGGGTGAATCTCAGGAAAAGTCTGAATCCAAATGATCGAACATAAAACTGACGCCTCCGATCTACCCCCAGGTAAAGTTACTGTTGCAGAGGCTATGGGGGATCTACTAGGACCATTCACCGGAATGTTGCGCGCCCTGCATCTATACGACTATACCGTGTCGGTCTCCTCAACGCTCCACATGCATTAGGAACAACGGACAGTATCTCACTTTTTGAACCTACATTTGAGCCCTTGGGTATCATGGCGC,704,49.01,Escherichia coli
SEQ_110440,TACGGGGACTTTTTGAGCATCCCTTGTGGGACATCAGTAATATTCTGTGCACACGCATAACCGGATATAGCGTGTCCGCGTCGAGACGCGCTGTGTCTTGATCAAGGCAGCCGATGCTCTGACTCTAGCAGTTAGCGTACGTTTCGTACAGGCTTTTTTGGGGCCTACTGAACGGGAACAGATACAATGCGTAACTATTTTTCGGAAATCCTCCCACAACGCTCATGTCTCTAGTGATCCCCACTATACGACCCGGTCTGCACCTAGTGAAGCCCCCGAACAGGGGATATCGATCCTTTATTTAGAATCCAGGCTGAAGTTCTGGTTTTCGCTCTCTTTTTAAAGGACGTGAAGTGGGATGCGACCCACCATAGCTCCAAATGAGTGAGCCACGGAGCTCTTTTCAGCCCATACTGAATGAATGCTGCTATGGGCGTGTAATATATGCTAGTTCAAATGAACGATATTGGAGTAAATGGTAGGGCAGGTTCCCCAGCGAGGAAATTGTCTATTTTTTTCTCTTTGGCGTGTTCGACACCGAGCCACAGA,549,48.45,Mus musculus
SEQ_767281,GGTCTAATGTTGACGAAGCAAGCTAATTGTGTAACGGGAAGCACTCTTGGCGTTTTCAGTATCTATTCAAATAAAGCCACACCACACGGGACAGAGGGATGGCAACGTGAAGAGATCTGCCAGAAAGGAATCGACATCCCCGTTGAGTAGTACTTCCGGGTTGTCTGTAATACTGTTCTACTGTCTTTAGGAGTACCCAGCTTATTATTATTATTTAGAGCATACCAGCGCTGTGATCTGTTCGCTATCCAG,252,44.84,Homo sapiens
SEQ_478309,ACCATAATACCGAGGGTAAGGTCGCACGAGCAATGACTTAGCGGCCCAGTGCGGACCGACACGTATAGGGCTCCTTGTACGGGGGAGCCGCTCTGTGAGCGGAGCTAAATAGTCGTATGCGGAAGCCCGATGCCACTACAATGCTATCCCTCTCTGACGCTTTACTCGGCAACGTCCTAATGATGCTCTAGCTTTGGATCTGGGACCGATGAGGCGTATCTCTGGCATAGCGTCCTGAAAGCGACGATACTTGACGGTGCTTTACGATGAAGCCTAGACCATTTGTGAGAAGCGAATACCTTGCAATATTCAAGTAAGTAATAATGGAGAAAGGTTGCGTAAGATTCGTAGGGCGGATCTGAGACACCTCAGCTTGCGTCCGCACGATCTCATTTGCATAGGGCCGGTGCGTCCCTTACAACTATCCCTGCATGATTGAAAGGAGTTACACCTAATGCGTCTCGATAGACCCCAGGGATTCTGAAGAAGGGACTCTGGGAAAGCATTTAGGTTGACAATATATCTCATCGTACCCTGCCTTGACTAGCGCCTAGTTGTGTCGATTAGTTTGCTCAGGAGACGGCCGACCCCCTAGATCGCCCGGAGTCACTGGTGTCGGGGGTTAATGTGCGGAAGGGCCTACGAGAACCTCAGGTGCCCAAAGGGGTTAATTGCCTGAAAGTGGTCACCCCATGTGTGACGGCTCTCACACCGCTATTTAGATTCGAACAGGAGTTACAGCGCCCACAGATGCTTCTTCTTTGCCCTCTATGTGTGCATTGCCCGGTAAGACAGGTTTGAAAAATGTGGTACCCCCGCTTTCCCTTCGTTCACGGTCCTGGTCTAGTGAAGTTATCGTTCTGACAGGCCTGATACTGTTTGTTTCGTAACACGAGTCGGCCGACTGGGCATGTCGCCCAAAGACATCCGAGCAAGCCGGTCTGACGGCCTAGGCAAAAATCTTTAGTTGACTTGGAGTTGGCCGACATAAGTTATA,997,51.65,Caenorhabditis elegans
SEQ_886288,AAGGATTGACGTCATCGCTGACAATTAATGTTTATTTTTCAGAACTTCGTTGTTCGCTGTGTAAGAAGTATAATTTAGTTTAGAAAACCTTGCCTTAAATGATCTCGCTCCTCCATGCTCCACGAACTCCCGCAATGTCTGTTTTGCGAACAGAACAAAAGGTGGTTATACATCACAACGAGGTCGTCGTCAAGATTGCCTCAGCTGAGCCCGCCCAAACGCAAATATGGCAGTGTGGCCGAAGAGTTGACGGGTGTAAATAACTGATACTCACGAGACGGGACTATTACTCTCACGTCTCGGCCCATACTAGCAGCGCCTAGACTTCCTCCTACTTTTAGCATCGCCACGG,352,46.31,Saccharomyces cerevisiae
SEQ_558068,TCCGTCGGGATTGAGCTAGTAAGCTTGCTAGTATGTTGCTACTATCCGAGATTTTGCGCACATTGCGTACAACGGCGATGGAGACAGGTATTCCAAATTCGTACAGTAGCTTACGAATCGAAGTCTGAAGATAGCTCATTGGAGTATAAACAACTTCACCTCCCTATGAGTCGTTTACTTCGACCGCCACAGCTTAACCGACTTTCCCGGCACGGCCAGACATGGCAAATCGTGTTGGGACGCCAAAAGTGACGAACGCGAGTACCGTGCGCGTATCCCAATGAACGCAGTTATCGTTAAACCATGCCCTCCTTGAATGAGCGGTCAGGATCTGTTTCTGGGGATACTCAAGTGTAGTGTCGAATCGCTCCACAGTCCCGGAGGCCCAAAACTCTTTTAAGAGCCTGTAGTCTCGCTAAGACTGTGTTGATCAAGACTAGGCAGGCAACGATGGACTGACTCTCCTGGCGGATGTTCGCTCGTACTGGTCGATTATCAGTAAGAGTTAAGTCTGAAGAGTCATACTCACCCGTCAGGGATGGGTAGCCCCCTCCAGGGACAGTGGGAGCCACACACGTTTATTATTGGGTTCTTGCGACCATCCACCGTATTAGTCGACTGGCAGTAGGGGTTCGAACGAAAGCGCCCAGGCATCACGAACTGCCATGGATCACACATCTAGCTATGGTGCGGAGGGCTCGCGGAAGGATGTGTACAACCATGCGTGAGGGAAAT,735,51.16,Arabidopsis thaliana
SEQ_686986,CTAAACAGGCACGTGCTTACGCATTACGATATGCTCGAGCATCTCATTTACGAAAGAGTGCTATCCGTCCCGACTAGACTATCAGTGAGACGCCACTACTGTAACATGAACTGGGCTAGACATTGAGAGGCATTAGGTCCTACAAGACTATTGAATGCATTCCGAAGATTTCTGTACTGCCTTTATGGCAAAAGGCATCAGGGTCCGACCTTGTACCACTGCCCTGAGGCACGGAATAGCCCCATCTCAGTTGTTTGCAAAAAGTAGTCTGGCCGGGATCGAGTTATATTCCGTACAGAATTTATCCCACCTCTGTGGATCGGCGTTGCTTGCCTATCCGGAGGAGACGATTATTCCTAGGGGTTCTATCTGCGACAGAGTACCACGTGTATTATATAACGAGGGCATAACAGCCTAAAGAATGCGCGTCGCAATAGCCTCCCACAAATGGGGCAGATCACCCGATCGCGGGTGCGAATAATGTCGATAAAGCCGTTGCCACTCTACACCAAGCTATACCAAACACCTAGGTACCACAAATCGGGCCCGAAGCTATTACGGTAACGCAAGATGTATCCAGGGCTATGCTGAGACCAGTGAGTCTAATCTGGGTAGGATGGCTCAAAACATGCGACCAGGAACATATTATTCTTATGTGGCTTTCACCCGATTTCGGTCGTGCCGACACACTATATTTCTATGCTCTCGACAAGCAATGGCAATGCTGGTACACTGTATAGGGTGGCCGCTTCATCGCGTGCGTGTCTTAAGCGCCGCAACGCGCCTGTGGTCGTTTAACATCCGCGCTAAACCAACGAACTTTACACTTACTACGCGAGTGAACGGAAAGCAACCAGCAGAAGAAAATATGGTTCGCTACCGTCTCGATTTCCC,894,49.11,Mus musculus
SEQ_513737,GTACGATAACCTATAGGGAGCCGGTAGGCATCAGACCTTGTGCTACCCGGTCATGACGAATATGCGCAGTTTCCTGTTCTAAGCAAGTGCTCCGTCGGAAGGCCGGGTCTGGGGCTAGTATTATCCTCCGGGCGGCCGAGTATATCCGGATTTGCCTCGTCCTATCTCTGAAAGAAAAGCTGGCCAGGTAGCGCTCACCCCCGCCTGAGCGTCAGGGACATTAGACTAAGGCGTTCGTCAATTTCCACAACCCCCGATCAGATGCTGTACGGGCAGCTATGTCTTCACTACAACTAAGTTATATCCGGTGACACTTTGGTGCGAGCATTCTCATTATCTACGTGTTTAATGGTTCACCTTCTAAAATTCTCATATTATTACTTCGCTGGAGCTCAAGACCTATGAATAAGGCATACCACTATCTCGTAATGTGGAATCTAAACCATGTTGTACCGCGCTCCCAGATACGAATTCAATGGTCGAGGTCGATTGCCAAAGGCTGCCATAGCCCCTTTCACGCGCGAGGTTAGTCCTTTCCCGTCTCTTAGGCCAGCCGTGCAAGTTCGCTGCCCACCTGAGAGGACACGACGGTATGGTGGATATCATTAGCAATATAAGACAAGCACGCGACGATATAGTAAGCCTACAGGA,651,50.23,Saccharomyces cerevisiae
SEQ_251151,TGAGTCGTCGCATCCGGTCGCCAGCGCTGACAGTGCGCTTGTCGGGACTAGGTCCAGGTGATACGGAGCCCAATCATCTTCCTACCAATTGCAACCTTATCAGGTTGTTTCCCTGAAAGTCAGGCCGCCAATAAGTGCACTATCCTCCAGTCTGCGACCCGTGCAGATCTAATCCAAGCCGGTGGGCATTAAAGACACGCGAAAGACGGTAGTGACGGTTGATCCACCGGTCGGCTGTCTTAGTACGTACCAACACGGGGCTCTTACGGTGACGAAACACTCCACTCATGGTCACCGAGAGATGGTAAGGAGCAAAGCGTTGGACAAAATCAATTGCTTAGCAGTTACAACCAAAGCAGCTCGCTACAGCGGGGGTCGACTACCCAGCATTCCACATTGCTCGGCGCAGGTATGGCCTCCCAGATAGGTGATGGGCAAAGCTATCTAACCCATAGAAAGGGGGTACGAGCGAACCCGCAGAGGCGGCGGCGCAATCTCATCCCAATATCGGTTCTGAGCAATGCCTGTCAGTATAAATTGACCTTCGAAAGGATCAACGGTGACAAACGCGCAGTTTACTTAAAACGTTGTACAAGACTGATTACCCCAAGGTTCAAAAACCTCATGTAAACCGTAGGACCCCGGTGGGTCCACCCTGCGACCTAGACAGGACCTCGCGCAGCTTAAAGCCGACGTTCTATGCATAACTTATTCCCGGCAAACTATGGGGGAGTGTCTTTTAATAGGCCACCCCTCATAGATTTGTACTGCGACCGTAAACCCTGTTAAATCGAAGCCCAAGAAGACGTAGATTAATGCAATGCGCCTGAAGCGCGTCAGTGAACTCCTCATGGGTTTAACCAACGTGTAGTTGTGCGCCCCTTGAACAGGACAAGTAAGGGGCTCGAGGTGAGCATCGATTCCGGGCCTACGGACTGTCCGGGTCTGGTGTTTTTGACTGTTTCCTGTTTATAGGCCGTTAGACGACTTAGACCCCATAAATCATCGTGCGCGGGAGTATCCCCATTATGACCGTATAGCCCGATGCGTTCCATTTGAAAATATGCTCGGGGATTATTCGGCTACATAGCACGAATCCAAACGGCTCCCTCGTTACGTGCGTCTACGTCTGGCGTGGTTATGTTACTAGTAACACTTATGGTCAGTTCGGCACCAGTTCACCGAAAGAAGGAGGGGAACAGTGGTTCTGCTCCTCGTGTCACCTGTGCTGGTATCTGATCTTTGCATGAGCACTACCACCGGACTTTTGTCAAAATTAGTTACAGTAGAATTTATACAGTGTACGCATAAGTAAAGGTTTACAGTATCATTTGCGACCACTAATGAAACTTAATGCAGCGCACCGTTTACCTGTCTGTGAGTAATTAGCCTTTAGAGGAGATTCCCCGTTGACGCCATCGAAGTACTCAAGGCCCCATTAGGGATCGGTGGCTAGGATGAAGTCAGGGTGTTATCCTACATTTAGAATCGTTACATGCCTGTGCAAATTAAAGGCACAATTGATAAACGGTGGCCAAGAAAGACGCTTTTGGTGGGAGACACTTAGTAGGTATAATGAAAAGGGGCCTGTCGCGAGTGGCGTCCATCAGCCAGTCGACCAGTGAATGTTTTTTAAAGTCCGAGGGAGCATAATTGAAGTTGATGTTGCAAAACCATAAGGGATTCGTAGCGCTTACGCACAGTCCTGAAATTGGCTTAGGTGTGATATGAACTAGTTGCCTTCATCTGACACCCATACGCCGTCCAGTTGACATACTTTTTTCGGGGACTTTAGTCGGAGGTATACAAAAGAAATCCCCGATTCCCCTGGCAAAGTGGGTTAATTACCTGTAGTGCGATATGACAAAGAATTTATAATATGACGATTATTCTTATGGTCATCGACCATCTGAGGTGATAATTGGTCCCGTGCGCACATCGGCAACGTTATTCCATGACGCAAGTGTTCTTGC,1973,48.91,Homo sapiens
SEQ_593999,CCATTTTACACAAACAGGAGCTAATCTCTCCTTGCAACGAATACGATTGGATGTTTGTCAGGGCTGAACCTCGATCTCCCAGAGTATGCTCTTGAGGCTGATGATGAGAGACAACGACTGCCTCTCGATGAAACACACACGGGACGCCTACCAGTTCATTGCGTACGTCTGCGTGTTCTCTTAGGTCGGAAGGGTACGCTTGTTTCACCGAGGTACGGGTCTGGCCCGATCCAGACTGTATATACCAGGGGCACGTCTAAATGAACATAGTGGCGTTTCGACCTGACTCACCGTTCATGGGTAGACTAGATTAGTCTCTGGCGAATAGGAGGGCCAGGCCTAAGAAGATGTCTATCCTCCGCCATCACACACCTTGCTCGGGACGGTCACACAAGAGAGTCCAACGTTCCACATACCACTCTTATGCCTTCTAATCGATTGGTCGGCACCTCTAGGGCAACAAACTCGAGGAGGCAGTACGTTTGGGGTGAATAAACGTTCTGTTGTGCATCTGGCCGTTATCCACCGGCTAGAGCCATTCTCACAGAAGAAAACAATCTAGTCCGAAGTTTTAAATTGCGAATTTGTCAGTAGAGTTGGAACTGTTGAAGCCAAATCTTAGGCTTGGCATAACGAAGCCGGCACTAATAACAAGTGACACGTGTGAGTGTGCGTTAGGGCATTTCCGTTTTTTACTACGCACATGTCACGCATCAAGCGGGCAAGCTTCGGAAGCGTTTTATATTATACGCTTTAACACACATGGCAATACCCGCCTGACGACAAGCACACGGCTAATGACAGCAAGCTGCCAAAAGTGCGTGATCCAAACCCTCAGACGTAACGCAGGCCGGTAAGGACCCGCCAGTTCAATGAAGGCTATGCGGATCACCGTACTTGCAGACCTTGAGGTAATCGCCATTTAGATATATAATGAGCTAGCCGAAGCCTTATCTGAAGCTCATTACTTTTCTCATGGACAGGGCGCCCGTTAATCTACCGGGATGCTTCCCATGGCACGGACATGTATCTGATCTTCTTTATATCTTGTATCACGAGCCGGAAATTGAATGAGAACACTGACCAGACGTCGGGCTCGGGACTAGGGATAAGCCATACGTCCGTTAAGCTGCTCTAGGTTTCTTAGTAGATTAGAACTTCTGGAGGTCTTACCAGAGATCGAAACACGCCGCGTCATCATGATACCAAGGTTTCGTCCCACCACCATTCAGATGCCTTATTGGATATAGTGCCGCCAAGCCTTTGCAGCCGACGTTGAGTATTTGAGCTGGTACTTACGTCTTTTCAGTTAGTGTAGCTGTCATGAAAAGCTCATTAGAGTGCTCGGTCTAGGAAGCCCATAACGTCCCTGAAAATGATAAAGTACACTCTACATGAGCTATGGATATAGCCGGAGGGTTTGTACACGCAAGGGGCTCACAAACAACACCTCCTGGCAAGTCGAGGCACATGAATGGGACATGGCCAAGGTGGTTATGGATACGGATTAGTGTGCGAAGTCAGTTCAGGTGGATACCAAAAATCACGAATTACCCCAAATTAAGTAGATCACATCCTTCATCGTCGTTTTCCGAGAGAAAATACTGGCGGCCGTCTGGATCGGTTCTGCGTGCGCTAATCGTCTCTCCCGTCTGTAATCCATTGGCGGATGGCCGCAAAAAGGTCTGGGCATCCCCTTTACAGGGCCGAACCACGGATCTAAAGGGGTAATAGGATTTGAATGTCCATGACCGCTAGAGATTGCCAAGCTGTGTCTGGCTGGCCGTACGTACATTTCTAACAAGCGGGGGAAGTTTCGTCAGCGCGTCTTACACGGACACGTACATGTTGCGAC,1855,49.16,Caenorhabditis elegans
SEQ_575151,AGGCCTATGGAGGTCCATCCGATTATAGTTCCGCCAAGATATTGCCTCGGACCAACTCGCATAGTGCCTACCATATGGAAGACTCAGTCGGCTCTACCATTTCCCATAGCGTCACCTGCACGATTCCTTTGGGATGACCCGAGAACCCTGCCATGGGCAAGGTCACCATACGAAGTGGGGGTGGTTTTCCGGGCCGGCAATTTGAGCTGCAACCCACTACACCCTACAATCGCGCAACCTGTAAAGTCCTCAGGTCATCACCTGTGAAGCACTTCTCCCCCGAAACGTAGACTTGCTTCAGGCGTGGCGTACGACATCTCCTCAACTGAACCCGTACTCTGGCTGGGCATCTGAGTGGTAGCTCCTGCGTACCCGTCAGGCTTTTCCGGTCCTAGAGATCTGGGAGCGGGTGTGAGCTATCAATGTCTCGGCGCAATCTCACTCCGTGCATTTGCTTAAAGTCAGATGATCTCAATCCAGTACATTCCAGGGACCGTCCTCTTGCGCCCGCTTGCCACTGGCCTTTTGAGAAACAACAAGGGGCTACGCTATTATATATGACCGTCTGATACGTACCTTGAGGACTCTAACTAAAGGGATACAATCGATGGAAGGCCGAGCGGATAGATCAAGGTCTCGAGCCGAGAAGCTCAAGTTAAGACACTTATATACCGCGAACATGTGCACTAGCCCATCGGCGTCGAGCTTAAATTCAGTAAGCATCATCCTGTAGGGGGCCCCGCTATGGAGGAGCGGGGACATATGTTGCTGGACCTAGTAAGATCCGCAAGCATGCCATAGAGATGGTTAAATCGGCTTTAGGCTTGTGCTCACTAAAGTAATTCGAATTAGATCCCGTTGAAATAACTAGCTCTCTTGCCACTCGAAGGTGAGTGCCAGGCTAACCGAGGCTGGAGATGGTACCAACATGCTGAATGAGCCCCGATTAATATGAGCTTTAAATATTTATACCAAAAGGGGGCAACTCCACGTCATTCTGGAGCCCAACTCGACGGCGGTCCTATTCCCCATACATGTATCGACATCTTGCCTCTCCCTGGTGTTTTGACCCGAGGTGATCAGCTGACCCCCAGGCCGTTGATATAGGAGACAGTACGTCGCATATTGAAGACGCTCCGAGCACCGGATGTCTCGATCAATATTTCACATCGCGACCTATCTATATGATCATATTACTGCTGGTCAGGGCGTAGGTATTGTGGACT,1226,51.22,Saccharomyces cerevisiae
SEQ_778883,TAAGCTAATCGGAGTTAAACGCGCGCCTCTGCAGTTCGTTCGGATTTCAGGCAGCAGTTCCCGTAAAAGCGTCAGCCGTGTAGCGATTTGACGAAAAAGCACTAACAGGGACGTTTGTTAGACTGTTAGAGGTTGACTGCGTACCTACGCGTAACGGGTGGGTTACGTTCAAGAGAGCACCGGCGTCGCATCGCTCCGCTGTCACCCCCGGCTTTTGACCGTAGCACGCTGTGCGGCTACCGTCACCACGTCCACTAGTCCGGCAGGTAAGCGATCCTCTGTGCGTCTAGAAATGATACTGTGATACGTGAGTGACTTTCCTTACCAGCCATTGTCAGATCCCGGCCTTATGTCGCGTCATCACGCAGTGAGCCGGATCGACTTCTAATCATACAGAACGAGAAGTACATGACCAGAACCCTGAGGGACTTAGCTAGGGGCTAACCGAAGCAAAGTAAAGCTTTTGTACCACTAAGGCTCCCCAGGCTTAAAGCTCCGCTAGTTCAAGGGTCTATCGGACTTAGGTCAGAATTACAGCTCATTCCCTCTTCTGGAGAGCCGATTATCATAATGGCCCTAGGCTAACTATAACAACAGCTAGAGACCATATCTGTGCAGCCGCGGGACATTGGGACCTCAAATGGAAAGAGTGGACCCGATGTTGGCCGTAGTTGATAATTCGGGGGAGAAGTCCTGAGATTGATCCTTCCTTCGAATAGCGTTCCTAATAGGGCAAGACAGTGCGTTGGAGGCAGGCAGAGCGTCCTACCTCCATCAACAAGGACTGTGTAAAGTGGAGCTGTCCCGACGGTAAGGGTGAGGGCGCGTGAAAGCCACAACCCGTCCCATACGATCAAGACGGCTTTACCAGTCAGCACTGCATCTTGGTTCCATCTTACATCATTGGAACGACAAGACCCGAGGAGCAAACCCATATCCAGGACAAAATCATGAGACGAGGGGAACCACGTTGCGCGTCCACACGCAAGGAAAACGCTTCAGGACTGCTGCCATCCTTTGTATTTTGTGGTTGAGCTGCTACCAGAATTCATGTATGATATCCAAAATCGTTCCCATTGTTCATTCCTTTCGGTGTAGTGCATCAAACTCGGAGCCAAGGTTTACCTGGATATCTTCAACTAAGGACATTTCGTAGTCCGCGCTTTGCGATCTATTTCAACACCGCACGACCACTTTGGTGGTCCATCCCTGAATCAGGGGGGGGAAGGCATCGCGAATCGCTAAAAATGGTGTTAAACCAGTTGCAAAATCGGGGTTCTGGAATCCTCCGCCCCAGACGCGTGCTGGGCAGATTAGGCTGCACACGGACCATGAATGGCAAAGCTGTTCCCGAGAGAACCCTCCTGCAGTATGTTCGCGACGTTCTCACTAACCTCCTCCAGTCTTTGAAACGCACAACCGCCTATGTCCGTACTACTTCAATATCTACAACTTGGGAGTGTTCGGGTCTTTAAAGCACCCGGTCCAAGAAGTCTACACTTACTACGTGCCAAGCCATTTCGATGATCGCAACTGCCGACGTCGAAGGGGCGTACGACCGGGGGCGTTGCTTGGACGTCGCAACAGGTCCAGGGTCACATTGCCATGGACAGTTCACGGACGATCTGT,1629,51.81,Arabidopsis thaliana
SEQ_583176,AGATGAGCGCTAGTCAACAAAAGTTCCTCGAACCGATATCACCAGAGACCACGCACCGCTGTAGCGGATTAAAGATTCCAGACAGGTGCGCTGAAGTTCTAGTGCTCGCTGAAGTCCCGCAGGTATATAACGCACAGCACTTGCGTAATGTGTGCCATCGACGTAACTGCACGGGTAACCGCGGAGTCCTGGTAACCATCGGAGCCACTCTACATTTGGCAGCATACAAATAAATTGCGGCGGATTCTTTTCATCTATGCAGTATATTTTGACATACTCCAGGTGGAAAAGGGGAGGCATCTTTGCACATCTGGTACAGCCATTAGGGTTATTTATGTCGGGTTTCCCAAAGGGGGCCACTATGTCTCGTGAGATCTAGTCGTATTTTAGACAATCGAAAGAATCCCTCACGACCCCAGACCTCCTTCTCTATTCAACCTTCGAAGCCGACTGATAGTGCGTATAAAATGTGGTCCAACACGAATGCGGACGCATGCTCACACCAAACTGTCACGGGTACTGCGCTCTAACTGGTGCTGGAGCAACGCGTCCTATTACCCACCAAATGAACACAGACGTTACCGCCCTCACTAACTTTACCACGGCGTCCCTTCATACGTTTCCTGGGTGTTGCCTAGCTGTAAGTGGGTAGCAAGGCTGACAAAAAGTCCTAAGTGAGGTGACATGTATTAAATTCCTCTACAAAAATGACCTGGTGTGCCCACCCGGATGGTGAAACCCTATGTTCATACAGTTCTTTGGGTAACCTTGGCGCCCCCGGTCCTTCATGTAGCTTCACTTACAGGTAGAACTAGTCACGGGCCACCACCGATTCGCACATGCACATTGTCTCTGGAGGTGATGACCGCCAGTATGTTGGATGACAAGCGAGCACGCATGCGGTTTAAGCATTACGGCTTAGGCGCAAAGGTCCGATTGTAAATACGGTGCTGTTGTAAGCTAAATGGCGTGCCCCCGATCTGTTCAGGACGTCGTAGAAGCATGCGTTTGAGTCGGAAGACTGTGAGCGACTGTCAGGTGCTAGTCTTATTATAAATCAAGAAGCCTTTTGCGTTCATCTCGGGTCCGCTAGGTTCTCCCTTTATTCCGGTCTCCACCAGAATCAGATGCGTTAGTGGGAGAACATCATGACAGCCCGAGACTTACTCTCATTATCAATCTGACCCCATCAGCGCTTAAACAATGTTCGGGGTCAGTATCTCGAGTCGCGTTTCTATCATCTCTCACGAACTCTGCGCCGCATAGGATTCTTGACTAAGGCTAATCGGAGACAGCTACTTCGGGTCAATTAGCAGTGCAGTCAGGCCCCCTACTCCGTTCCATTCTAAAAACCTCAACATTAGAGCAATTCTTACGCACACGCAGGCCTTCAGTTAAATATCTGTAATTGATCACAGTTGTTAAGGGCTCTGGATGGTCCCCTAGAACTGTCTGGTCCGTGTGCATCTTGCCATGAGCCCATCCCCCCTTTGTGAAGCCGAAGCTGATTACCGGCTCGCACTTGCCGGCGTGCGTCCTGTAAGCGTCCGTGTACGCGCGCGCAATGTTGCCACATATAAAAGCCAAGCGACAATGGA,1598,49.94,Arabidopsis thaliana
SEQ_389052,CCAAGTTCGTTCTTCGAGCCTCGATGTATGAATCCCACTGATAAGGAGAGTTCTGATTGTTCGGAGGGCGTGCGA,75,50.67,Homo sapiens
SEQ_992156,TCTGTCGCCGGACTGGGCGCCACCGGGTAAACAAGTGGTCCAAGAGTGTGGGCGACTATCGTATCTTAAGCAAGCCTTGGCCTGGGGAGAACTGCACCATCACTTTCCACGCGGTGTATCGCGTTTGTAGAGGCTCCAAACCTATGAAACAATGATCCCTCTTTCTGGTTTTTAGGGGCGCAAAAGCCGTTCTACAGAGAACAAAACAGAGCGCGGGGACATGTATATCTCAAGCCGTGTATGCTCCATATGCCTAAGCATCGAAGTATACGTTAGCGTGATGAACTATGAGTCGTGGGGTGAGCTTCAGCCGAAGTGTTACTCGCGCTGCAAGAAGGGAGTCTAGTTAGCGATCCGCCGGACGTACCAACATCGCATTAGGCCCTATCACGACCTATCGCGATCGGACTCCGATAGCTATGTTAGTCACAAAAATGCATCCCGTCCTCCGCCGTTCACGAAAGGAATAGCCTGGACGTAAGACGGACAGCAGCTAGGGTGGCCGAGGTAACATCTCGTGGCTTATTCCGGAGGACGACTAAGTTGAGAGATAACAAGACGCCTTCCTAAGAGCCCAGCGAGCGGTTGATCCACCGGATCGGGGGCTATTTATATCGTTGGGCCATGCATTACTTGGGGGACATGTTGATGCATGTTGCCGCTTAGAGGGATGAACGTCTCGCGTTCAAGGCGCGGGGTATCCCCTACTGTATATTAACTTTTCATTCCCGAACGACGGCTGTAGGGCCCGTCTGTACTAAGCATGAGGACAGAGAATCGTCGTCTGGGGATCTACTCAGTTCGCAATGCATGAGTAGAGCCAACTCTAAGTCAGTAGCATATTAGTCCAGAAAGGAATTAATGTCGCCCTGAAATAAAGTACGCTGGCCCAAAGCTAGCAAAATTAGCAGCCTAAAGCTGCAAGGGTTTGTATACCATGGGAACTAATAACTCTAGTCCTGGCAGTCTACATGCCGATGCCTCTTGAACGATTGAAGTTAACGCCCGCAGACTTCTTATATTCTTTCGGTCTCGTCTGGCCGGTTAATCTCTGAAATTCGCGTAGACAG,1070,50.65,Escherichia coli
SEQ_932215,CCTTTACTGGATGGTGCGTGTTGGAGGGAAATACGATCCTAGGACAGCTCAGGGGTTACTCCTCCCCATATCCTGTTTATCAGTAGTAACGCTTCAATACTAAATTTTCTCGCTCATCGCCGGGACGGCTGCTCGCTTGTATGTCTTAGTGAGGCACTTAAACGGATGTGGACCTTCTGCCGTGAGTATATGCGCAGCGAT,201,49.75,Drosophila melanogaster
SEQ_165976,ATGCCCTTGAATACCATATATAATGAGCCTTTCTAACCACTCAACGATTCCTAATTGCGCCCAGGTCGGGGCGGAGCACGCGCATCCACAAAGGCAGTCAAGAGCAGTGCATAATCATTTAGACGTTACGATCTGGGCTGCGAAAATCTGTGAATACGGAATCGTCCGGTCGTGGCGCGGGTTCTTGTGCATTTAGACAGTAGCCATACGTGATTCTACACACACCTTGGACTGTGTCCATGGGAGCGCGGAACCCTTGTATCCATACGAGGCCACACTCGAAGGAACTATCACCGAATTGCCATACGATGGTGTATCAAATGCTCTAACCACGGGGAGTGCTGGGTGTCGACTAAAATCCTCAGAAAACCGATTAAGTACCTTGCTTCTGGATCTCCGCTTACTACTTTCGATTACGAGGCGTGACTAACGCGGGGGCTACTGTAGTCGTATTGCTCGAACATGGACGTTCATAGAGCAGGCGGTAACGCGTGAAGTAAATCTATATTATCTGGGCGGGTAGCGGCACGGTATACATGAGACAGTGTCTCGGCGACTGTGAGTCACTCTCGAGGCATCGTAGTTATTGTACACTAATGCGCCAGAGACTATGCCAACGTTGTTCTGGACTCGTCTTAAGGAGTTTGCTGCAGGACTTGGTGCAGGTTCCTATCCCGTATATGCAGTGCGGACTAAACCAACGCCCCTCAGAGGACCCAACTTCTGTATTTTCTAGCAATGGGTGATCGCAGAACGAGGGAACGGGGGTCGATCCATATCAATACGTCCATAGCTGGTTGAACTGCACATAGAGATGTAGAAGGGATTCTTCCTTGTTCCGGGCGTCACCGTGTACTGGTGCAGAAACGCCACTCGACCGCATTGTGCGTCCATCTGAGTTTCCAGTAACGTTAGCGAAGTCTACGGGCTTCAGGCCGCTCTCCGACGGACACCGGCGTGCCACACGTGGTTGCACATAACTTCGTCCAATATTGACGAATTGTCTCTCCATAGTAAGCATGCACAAACTGACCCTCCTGCAGCCTCTCTTCGTTTGAGACTAGGATCATAAGACCTGGAGTGGTACACGTCTAACTGGGCTGCCAAGGACCTTCGACATGAGACGGGACATAAACCGCACAGAGCGCAAAGGATGGTTCTTATCCCCCAGATAGGAAGGGCGATTGGCTCTTACACACGGACGTTGGAAGGTGCATGGAAGCTATGATGGTCGCCGAACACCTGTGGTACTTACATCGTGCTCACGGAACAATAAAGCCGAAGGAAATTATGCCGTACTGGGAGAGGGTGGTGCCGTTGTGCACTTAGCTGATCCCAATGATATCACATTGCAAGTGCAAGTAATCGTACCGAGAGTAGGGACCGATTGGTTAGTCGTGTTTGTTGTCCCCTGATGATATGCTTTACAGGCGAGACTCGTTCGTTTTCTTCTGGCATTATTTCAGAAACCGCATCATGTCCTGCGGGGTCCCGCGCCTAGGGGCGGACCGACCCGAGCGCATTATTGGTCTTGATTGACGTCCTTCCCGTAAGGGGTGCATAATCACTCCAAATATACTTAGAGTAATTAGCACCCGTCGGGGGTGTGCATGCGCCTGAGAACCCGGGCAAATCATCCTGGATAGAGAACTCGGACGCATTAGCATGCGGTAAAAGCAAGACGATCTCGTTGGATGGGAGAGCTTGTATGCATCAACCCGCAAACCGATTTCACGGAAACCTCCTGTGCATGGATTCTCTATAAGTACAGTTGGGTGATAGGGGGAAAACGTAGGGCGTTTAACTTGCCCTAATCCACTAGGCGACAATTGACGTCACTGAGCAGCCTGCTAGGCGGTTGGTGTGGGTTCTCCCCCTCTCCGGAAACGATTTTCTAC,1898,51.11,Drosophila melanogaster
SEQ_327586,GTCTAGCCCGTAGCCAAGTACATCGGTGGGGAGAACACAATGCTCGGAGCTACCCCTTTCTCGCATATTGCTACCGAGTTCATATTGGATAGCGCTCTTGACGAACTATAAAGGCATCAGTACTATTAGTATTGAGTCACATTAACATCATCCATGTTCATTGGTGTCAGGTGTGAGTTGCAGGTCAGCGAAGTCCCTCCTTTCTTTATGCAGGACATAAGTCTATTGTCATAACCACCGCTCCTTCATGCCTTTTAATAAACATCACGCGTAAGCCACAGCGAACGCCCTCGCCCTTATGATCCCACGACCGATAGTGGCTTCTGGACTCTAAAGTCCGCTTTGCGGCGCGTCTTCTGTAGTCTGGTGACGAGATGGATTGACTGCAAGTCCGGCTCATAAGCAACTATATCGCAAGGAACGCGCTCCACCATGCCCCCCCCTTACAAATGTTTTTGAGATGGTTCAGTATACTTCCTGGTCGTGTGGGCAAGATAGCTGTGGCATCTGTAAAAAGACATGCATAAACACTTGCAGATTTACGATCACCGACATCTGTATAGCGCGTTCTGGCAGAGTAAATGGTTGGTGTAAACCGTTGCACTACGTGAAACATCCGGAGTGGACCTCGCTGCGATGACTGGGCCCTATGTTAATGCTTTATACACCCGGTCTGTCATCATTCTATTGCTCTTCTGGTGACTGTAAGGCGCGCATTACCACTGCCTTTCTAAAAGTGCAGCCGGGTGGACGGTTGAAACGACCATCAGTCCGTGATGAAGAGCAATCGCTATAAGCAACTCGACTGTAAAACGTACGTGTCGAAGACCCTCGGCTCAGCTACGGGCCCGCCTTTGAAACGTGGGGTACTCGAGACATATGCACATACTATTACATATACATTTAGCCCCCAACGCGAACACGTTAGGCATCCTACTATTTCTAAGTCCATGCTGTTTTGTTGCTTTTCGTTATTTATGCCAAGCCTGCAGGGAATCATCATCAGGTTCGTCCGAGCTTCATTGACAGTCACGGTCAGGCAGCAAAATCCGAATCTCCCACCCGTGACTAGTTCGAGGTACATGGGGAGTAACTTGAAACAAAGTTCCACTGGCTATGTGCCAACAATTCACCGGAGAAATGGTCCGCCAAGACACATTCGCTAGGGGGGGAATTCAGCAGAAAAACTACGTGGCAGCAACCACATTCCCTATAAGTTGCGACTGATGGTACAACTAAGACCTCTTAACTGTATTGCAGGGAGAATTCCAGTCAGTGTCTCAAACGACGGGGTACGAATGTTAATGGCACCTTCTCTGGAGCATGGGTCTTGGGAAATCTTGTTCGCCTTCCTTGGGGTCAGTATGTGCCGCCCGAATTCAGCCCACTATGGGTAACGGGGTATATATATCTCCGTCAATAAATCTCTCTGCCGGTGGGGAATGCAGTTGAACGATTACAGTTCAGGAAGAATCAGAGTTATCCCAACCATATCCAGTTATCACCAGACGTTATTTAAGCAGTCACGACCGTACCATGGCTAGTACGTCAGGACCTACAACGCGGAGCTACATGTGGATTATTCTCGTTTGCGTGGGAATTTCGGCCATCTAGGAGTGAATGCTTTCCGACAAACGGGTTACGAGGTCTAGCGCACAGATGAACCCTTGACCATAGCGTAGTTCCACAACTGTTGCTGATGATTTATTGTGAATGAACCTATCTTCTGCTCTCCATCATGTGCAGTTAGACCGCGATGCGGCAGACGTCACACTTAGCTGCTGCGGCGAAAGTGCGCTCGCTAAGCTCAGGTTGCCTGCTTTGTCAAAGCACATTATACGGGTTAGGTTCCTTAAGCACATTAAGCTGTTCCGTTCGTAATGATACACATTCCTCGCGGTGTGGGTATATGTCCAGTATACGATCAATAACAGCCAGACCTACTGTATGCGTTGTTCCGCCTCATGTGCTTAGCCTAG,1979,48.41,Saccharomyces cerevisiae
SEQ_601050,ACCTTTTCGTTCTCCCTAGTAACTGGTTCAGCACACGCTCGGTCTCAACCATGAACTAGAGGCTCAGTCGAGCAAACCCAGATGGCGTTGGAGATGACACGATGTCAGTAGAACTAAACTCAACTTTGGCAACCCCCAGCAAAAGTATAAGGATTCCCAGGACTTTGCATAAATTACCGACAACCGCAAAGTTCAGGTTGCGGAAACTTTCCATACGCATGTGACTTCGTCAATCTCTAGCGGTCTCAACCGAGGATGCTTTTTTGCCGTTACCTTTTGATGTCTTGGGACAGCCAGCGCTGCTGTAAAAGTACGCATATATGCTCACCGTGCAATGAAGCGCGTGCGGCCGACTGAGGCTGGGCGTCTCTCGGGATCGGCACTTACCGAAACGCTGGGCCTATACTGCACGCAACAGGTCACCGAACTTAAAGCCTCGGCTGGAAAGACCAAGCAGGCAGAAATTTGACGCTGAAGAAGGGGTTAATGGTGCGGACTCCCATAGTCGTCCGATATGGTTCAATTCGAGAGATATGTACGATAGCAGTGATCGCAAATGGGCAGCCAAACTGTAAATCAGCGGCCGCCTAGCGACAAAACGACAAGTAAGGGTCTGTGTGCTGCACGTAGTAGACGTTTGTCCACACAAGGAGGAATTCATTCACCTTCAAGCAGGGGTTATTTCACTTCACCAATCTGGATGCCTGGCGGAAGTCTAAACTCCTGAGACGGGCGACTCGGCGAGCGGCAGTGACCTCTCTTGTGGTCTAATCATCACCTCAAAACTCTGTCGTAGACCGGTTTGCGGAGTATACTTCGGTATGTTTGATCGCCGTGCTGCAGGAGTTCTATGCTAATAACCACACGATGAAAGCTAGAAAACCCTGATTCGTATGTCTGTAGTTAATGGAACGTACAACCTTCGTCACCTTCCCCTGTCGGTTTTAGTGATGTTATGCAAGGGACTGGGCATATATGCCACCTGGCGCAAAGACTCTCTGGGTTCACCTAGATGTGAGGAAGTTACCTTCGAGGGACTACTCATTCGAAAGAACTAGTCCTGAGACCATCGAGTCAGTCGTAACCATGTCGTCTTACGGCTGTAGTCGAGGTATACAAAACCGGTCGAAGAGGTCGAATGTCCCATTATTTGCCAAACCCGTCGAGACGCTTTTGAAATACATCATTCGATGGCCGCATTAAGACAGCTGGCCGGTGAGGGGTTATGTTGACCCTGATGTGAAGCACGGACAAAATAAATCTAAAAACAGCCGCTCTGCTCGCACCCCCTCCCCCGAACCCGTTCTTGGACACAAGTAAGTCCCCAACTAAGCATTAGGCTAAATAAAACAGCACCCCACTGCAGTCGATATCGTAGATCAAGGACTTTCAAGTACCTTTAAATACGGTGCAATGTGCCTACGCCTCCAATAGAAAAGTATGATACTATAAAAGTGGAGCACAGGGTGCCACGGAGACAGTAGTACAGCAAAAACGGATTGGATCATGAAGTGTCAAAGCGTGTCCTAAGGGCGCGCAAGCCGACATTTAATACTTAGAGAGATGTGCCGCGGTTCGACCGAGGTGATGACTGCCCGGAGCACCATACCACATGCTAATCTGCCGATCCTGCCACACACAAGAAGCGACGTTCAACGTTCTGAACGGGCTCATCGTTGTTTTACGGCGCTGCACTCACGGTCCCTATGATCTTGAAAGCATTCCAACGGGGTAAAGATGACGGTGACCACCTGTCAATTGGTGCAGTCTAGAGCTAGTCGTTGTCTGTCAGGCGCGGTAGTGCCAGTAGCATGGCACTTTAGTAATCCAGCGGTTGGA,1839,49.86,Arabidopsis thaliana
SEQ_657582,CGGGGCCACTAGGGTAAATTACGGGCGGAATTAATATACCCAACTGATGTCAAATGATCGGAGGCCCATGATCTTTTAAGCTGGAAACTAGATACCTCGTACGGCGGCTCTTAGGGCAGTTGTATGGCTCCGAGTGTAGTGGATAGGACATATAGTCGACGCCTTGGAGCGAATAAACAAAACCTCCTTAGTTGTAGAGGTGATCCACGCATGCTAAATCCTGTTACTGTCCAAACGAATCCGTAGCATGTCCATTTAGAGTCTAATTTATGGCCAACTAGAACTATTCGTATTACCTTTACTTTTGGTGCATCCTACTTCGAGGAAGCTTCGATAGTGGTATGACTAATATTTGGCTTTACCAGTTTCTAGCCAGGCCTGAGCCACTTAACCTCACGCAGGAACTCATTACATTCCGATTTGGGCTTTACGTTACGAAGGGATCTCGGCCCTGCAAATATTCTCTTACCCGGGAGTCGTGTTACGGAATTCCTATTTTGTGCTGCGACAAAGAGAAACTACTACGGGGATCCAGACAGATAAAACCAGGTCGAGCCCGATCATTCTTTCTTTATATCGCAAAGTCCCAGGGTGTAGTCTCATAATGAAATGGGCGTAATAGTCTAGTTGCGCCGTTGGCCAGCCAACAGGGAAAGGTTAAGGTACCCTTCATGTGTTAGGGGGTACTTGCTAAATCTCGCCAGGATTGGAAGATATTAGATTGCGGCGCGCATCCCGGTCGCCATGACTCGTATGAGCGACCTTTCCTCGTTGCAAGAGTGAACTAATCATTCTAGCCTGGTCGATAAGTTGAACGAGAGGCCACTCATTTTTTGACTGCTGACTTTCCGCACTAACGATATTGCCATATGATTTACCCAAGCATCTGGGATCAACGTACTTTGGGCCAATGCCTTGATAACCACCCGGCTCGCCAAGACCTCCGTTCTCCGGGTCAGGAAAGGACGAGAAGCACTTCTAACCTGTTCTGAGACATGGCAAAGCCGTGGCACCGCAGGGCTCTATGACGCCTTATAGTCATCCCGTAAGCTGTCAGTACTAGGACCTTCGACACATTCAAAAGAAAATGGTTTATAAGCAATTATCGATTCGGTGAAGCAAAAGCATACAAGG,1134,47.0,Drosophila melanogaster
SEQ_894508,CCTCAACTTGTTCTGTAACAATATAGACCCCCCGGCGAAGGAAAATGTATTCTACAGCAATGGAAGATTCCCTCTGTCATCCAGCCTTCAAATATTATCGATAAACTATTCAGATTAGCGGGGACGGGCGGGATGTTGGCCTATGATGCTATCGCCGGATACTGTATCGATGGTATGATCGGACGTCAAGACATTCGCAAAAGGATACGCGTGGTCCTGCTCCATTGGCCGCGATGTGCGTAGTTTGCGAATAGATGAACCCTGGAACGCCGTTCCTTCTGATTGATGACCCGGCGACTTCTACCGTCCGCTAGTAAAGTAAAACCCAATTCCCCGAGGCTTCTAAACCGGAGTCGCTCTAAGCCTCAGATAATAGGGGTTACGTATCTTCCTGGAGTGGACCTGCTAATACGATACGCAAGATTCGCCCAAGTCAAGAAATGTACGAAGGAGCTCACTTAGAATCAGGCCCAACGGGGCGATGGTAAGGGCGACGATCATTTTCGTGGACCAACAACACCCTATAAGGTTTTTTTGACCTTTTCTAGGACTATACGGTCGTTTCAAATTCATAAGCACGCGTGGAAACACGTCCCATTGGCCGCTGTACTCACCCGCTTGCGGTTCATAAACATGGTATATGGGATTAGGGACGGACTACTTAACGATTGCACGATGGGTCAGATACATCAAGGGCAAGAGTAGTCTAGTCTCGATATGCTCTATTGCAATCAAACAAACCAACTCATTTCGCATCACCATGTAAAAATCCGTAATGGCCGCTGCTTAGAAGACGGCGTCACGGCGCACAGCCTCGGTCGGTTTGGCTGCAAGTTGAGCATACCTTTAGGCCCGCCAAGACGACACTAGCCTCCGTTACGGTGGAGCGCACATCATCCAACCTATGCCAACCGCTTCTCCCTTGTAAGCGTTAACAGTCCTGTGAATTAGATAGCACACGTACGGGATCACCGCAAATCGCGTTGTTCATCCCGGTCAATCTAGTATTAACTAATTCGGCTCAGAACCTAAACCCGAGCCCGGATTTAAGCCGCCTAAGAATAGGGTGAGCAATTACCGCCAACGTCCAGCAT,1094,49.18,Saccharomyces cerevisiae
SEQ_657542,AAGGTGTCCGAGATAGGTGTAGGCTGTCAGGAATATCTGGTGTCTTATATCTAGAATGAGATGCACGGTGCTCTTTTCAAAGACGGTACATCTTTACCTCTGGTTAATCGCACACAGAGAAGACTACCACATGCACGTGACGGGCTTGACTCGGCGGAGGTTTAATCAGACCAATTGACTTCAGTAATGCCCACGGTAATTCGACTAACAGAAGTGAGGATAAGGGCGCGGTTCACAAAAGTGTGAGAGCCCGTGTCAGGATTTCGCTTCGGCGTGAACAAAGATTTACAAGTCTCACTCGCGGATTAGTCGCACGAGATTGGCCGGATACCAGGAAGAATCGGCGGCAAACCGGCCCGTGGTCGTAAGGTAGACTCAACGAAACGTTGTGGTGTGGTTTAGAGTTTCCGGGTTCTGGCGCCTTGCGTATTATCAGCACCGCTCGGTTCCCTACCGGTTGGAGGTGAACAATTGGATCATGTTCGTGCGCGAGGAGGGGCAGAAGCAGAAACCAACAGCATACAGTGTAATCCGTACCCAAGCTGTCCTAATACTGACAGACCGAGCCCGTCAGCGTTTAGGTTCCACTGATCTTTCATTCCGCGACTCTAGAAGAACAAGTTGTCGCATTCGGGGGGCGCACACCTTGACTGAAATACGTTGTTAGTGTGCCAAAACCCATACTTCAGCTGCGGAATGAGCCTGATTTAGTCTGGGCTGTTAGTCTTGCCGATAGCGGAGTGTCTAGGTGTACGTCGGTAAACGAGGAGGCGCACATCCCATGACGTGTGGGAGGGCGATGTACAGATCCCGGCTAAATCACTTGTTACTGGAGCAGTATGGGGATGCGACCCCCCCGTAGAAATCAACGAAATCCGTCTCTGAGAATCAACTAGGGTACCAGGTGCGATGCAAGCAACCCAAATTCTGCTCACATACGGGTTTAGCTTCTCTGGTCCATGTGTCCTCCTCAACCCCGGTTATTGGCCGACTGTATACAATTAGGTGCCCAACAGTCCAAAGGTAAAAAGTGGCCCCGAACTGGTAACGTGTCGATAAAGCTGTGTCCTTCTGAGCAGCCGTACCTCGTAGACGTTGGAGTGCTATGATCCACCATTGGTGCTCAGCAGTTCAAACACCCAAGCACCGAGATAGTAGATCTTGCAACGGGCAGTGTCCAATTGTCGCAGCGTGGATGACCACCTGGTCCAATTTCTGGCGTTACCTAAGATATTGCCACCACAATTTCATAAAAGTTTTCCTGTCCTACATGAGTCGTATACTAGGACGTGCATCAATCCGTACCGAAAGTGCATCGCACGCTTCCAAGCCGGCTACTAACATCCACCGGGGTGATGAACGCTTCTCGTCGAAGCTCCTCCCCTACTCGCAGGGCTTGTGAAGGTCCGTAGATTCCTACAAGTTTGAGCAGACCCTGGTGAGCTACTAGGTCGTCTGTCGTATGGTCACCTGTGGTGTTGAGACGATAAGCGCGGTAGTCTGAAACACACCAACTGGTTGACCATTCCCCACTGAGGTATTCATTG,1547,51.07,Escherichia coli
SEQ_951966,TTTCCGGACCGGTTGGCACGACAAGATAGGCTGATTCAAGTGACACTATATAATAAACGCGTTGTGGCCTAAACGATTGTAAGTTAAGTGTCGTCTCAATGACCAAGATTCTAGCGGATAGTCCTCATGGCTCAACGTAGAACTCGTTTCCAGGCTCACCTGTATCGAGCGGGAAGGTTTGCCTCCTGTAGCACTGAACGTGGTCCACTGGCTGAGCGCAGGAGTAGGACGAACAACACTTCCCGCTGTATAGTGCACTTTGGAGATACCTCCCAGTTCGGACCGACTCTTTATGAAACTGGAGCCACGATCCAACTTCTGACATCCTAAGATTCGTTTATATGGCGTCTTTGTGGTTCCCGTTTCGGAGGCTCGCCAACTTTATTGGCTGAGAGGTACCGGAACACGGTTAAAGCTTGACGGCATACCAGTTTGCGCAAGCCTGTCCTCAGCCCACTGAGACGGTTCAACAGTCACGGTGGCTCTATCTACAATAGCTATACGGTGGGGACAACCAACTGATTGTCGGCTGACCGATACTAGTGACTGGCCATGGCGTATGTCCCTGCGCAAAACACCCTGTCTAGGTCGCAATCCGCTAGACGGGTCCA,611,51.23,Saccharomyces cerevisiae
SEQ_512947,ATTAGTCCCAATCACAATTGTTTCACTTGTGAAAATCGCATGCGCTTGCTATCAAAAGTAGCGATTTTTTCCGTATGACATCTACGCAGAATTCGGGGTCCGGTCGCCGGCTTCGTACACTCCCTCGCTTCGATTCGTATCCGGATAGGCCTGTCGCAACGGGGTTGGTCTCTCCCGCCCTGCGTAGAACAACAGTCAAGCTGCGCTAAGTTATTCATCTGTACTTGAATCGAGTAAATAAGAATGGCAAGAACCTCCCCCGTGGATGGTTATCCTAAAAGAGAGGTACGAGGCGAGCTGTTCAAATTCCGAGAGAGTTGAGGGCTGAAACTTGGCCAGGGTCGGTGCAGGGAAGGCCACATCTACTTGGTCTTGAGTTCGCGGATACCGTGGTAACTTAGTAGTACGTTGTACGCTTGTGCTATCATGACCTATGGAAGAATTTCAACTCTCATGGTGACTATCTTTGGCATAATCGCATACTGCTCATAAGTCTCCGGCATGTTGCATAGCCCCGTATCCGCGAGCGAGGATTCACCTGGTACTGAAACCTGTCTCGAATAGTGGTGGCGTCGGATACGGGACCTGCTCGCAATTGCTAGGTATCATTTTTCTGAAACCGGCGCTTCACCAGTGTCGCAGAAACTCCCGGTTGCCAA,659,49.92,Saccharomyces cerevisiae
SEQ_674102,CCGAGGACCGGGACAAGGCAGCTTTTCTGACATAGTTCGCAATCCTCTTAATCGAACCGAACCTTCCCCTCAAGGGATGGCAACCAGGTGAAAGGTTAGCCGCACGAAGTGTTTGAATGGAGTAAAGGACGGAGGTCGAGGATTACACCTTCTGTTGATTTCCCCCGCAATTTCATGTTTCTCTGCAGGGGATTACTCATGCCGCCGTATGCGCAGTATGAGAATGGAGAGACTCAGAATAGCGACCAACACAGGTATTTTCCGTGCGATCGTGCCTCTCTTCAGGTCACCGAGATCTCCGCAATGCGAGTCTGGGCAA,319,51.72,Homo sapiens
SEQ_660754,GAGCCAAAGCGAGGCCTGGGGCCACTGACAAGAAGTGGATGGCGAGATACGTAGGCGAAGCGCTCTGCTGGAATTTACCAGACTCCAAGACTTCTCGGCTATACCTCCTCGCGGATTCCAAACATCCAAATATGGAGACACAGGACATCCACCCAACCAGTACCAGAGCGTTAAATGGAGCATGTAGATAGCATTCTAGCAGTGGCCAATATACCGTCCTCACAGGCTCCGGTGCTGCTGCGACTGTCCATGCCGCTGCGCACACCTCAGTATCTAACTACCTTCTCTATTCCCCACGCTAATCCGTGGTATGTACGTAGCTGCGTGATTGATTGATACAGTATTATGAGTGTAGAAGAGTGGGATAGCAGCGGATGGACAGCATCCATTGTGTCTTGGTCTGGAAAAGAAAAACCAAGCATGGCCCGACTATTAGTCGGAAGGTTTTATGAAGTCGCTCCGCAAAGGAATGTAAATAGCTAATTCGTTCTCGAAGCGAAACCCGGTTTGGCCGCCATGATCCGCTGGAAGTGTCCATA,539,50.46,Arabidopsis thaliana
SEQ_219339,TGAGCGTAGTCGCTTTAAGCCTCTGTCACCTAGCATCACGGGTCCGCTGAGTATCCCATCCTTCGATATTATACTGGACTGTTCTCTCGACCAAATGTCAATTAACGTGTCCTCGGAGGCGCCTGGTGATATTAACCTAGGCCGTTTATGCGTCTTACCCCCAATCGGAACGGTGCGTCACGACTCCTGCAATATGGGAGCAACTTGCTGAAGCACTACCACGTCCGTTGGTTGAGGGAGTGAGCTCTCTAACATTTTTGCTGGATCGACCCCTGTGACCGAGATGAGGAATGTAAACACTGGCAGCGTCTGGGGAGTGAAGCGGCTTACAACCCGTAGCATTGCTTATAATGACGTAAGAACAGTCGTCCAACACATCATCAAACCATAGGACTAGCACTGTTCCTGCGCGACAGCGATAAGGTGTTCATCCAACCAGCCCAAGGTGCGACTCGCTCTCGCCGCCCAGACGAATCTGCGCTGCTCGTATGACTGTCCACTGGAACCGTCGACGATTATAACTATATGTCATAGAGAAGGCGAAATCGCGCGCTGTTCCAGAATACTCCCCCCCGAGGGTGTTGTCAAGACGGATGCCGGCGTAATCACGGTACGACCGCACTACCGTTCTAGAGCAGTGAACCGGGCATTAATTGCTAGCGAGCGCCTAAGGGTAGCGATCTTGCCCCATCTTAGGAAGGACGACAGTACGAGCACTGCTCACGCTTATTGGTTGTTAAAGAAATTGGTAACTCGGGCTGGTGATCTGGCTTCGAGTACGATCACTCGGGTTTAAACACAATGGAGTATTCTTTGCGAGGTGTCGGAATTTCAATATAGGTATCACGGCTACTGCTGATTGCTGGGACTCCGTCGTGTGTCCTGGAGAGAGGCGGATTAGTGACCTCGTGATCGCACTTATTGATGTTTAGCGAACGCAGCTCATGCCAAGCATGCTAAACGTGGCCGATATATCTGTCCATATTACTATGAGCTAAGCGCGCGGACCGTCCTGTGACCGCGCGGTTCCATCCTTCTATTATGTCTCGCGCGGTGATATGAGACTTATTAGCTCTGACTCAGGCAAGTAAAAGTCGGAAACCGGGACGAGTGCGCTATCTAGGGACGATCCTCGATCACAATCATACATCTGTCCTCACTTGGTGCGAGAAATGGTATTATTTAACTCTCACCGACTTAGTAACACCAAAATTACCGCCATTGCGCAACTAACTGGACAAAGATTGAGTAGAGTAACTTATCATATCTTGGGGCGTGAGTTGTTTACTGCTTTCTGTAGCACCTGGTTGTCCGAATCCTTTGCATGAGGATACGTACTGTGTCCCCAAGTCTAGTTTCTTAGTACGGGTATCATGCAAGTCGGATATTAGGCATTCCTACTCCGAGACACCCAGAACTGATTCATTGGCGTGCATACGACCGGAGATTTGACAGGTATCCACACGTGTGTGTACAGACTTGTCCCAACCTGTGGGCCGGCGCGGTCCCCATACATACACACCAGTGGAAAACCCTCATGGCGGACAGTGGGGTGCATGTCGAAAGGCTTAGTCTGAACCCAGGGCTCCTATTCCAGGCAAGCTCTTAAAGTAGCAGGACGTTCGCTAGAAGGTAATATATGCGAACGTATAGCAAGGGGTGTCCGCCATTAAGTAGGGTGAGATAGTAATGTGAGTCGCATTACTACATCCTATCGGGGACCTCTTGTATGCGCACAAAAGTCTCCTCGTTTGCTATGAGGGATGGTCTTGTTAGGCCCAAATGCACGCGATTCCGAATTATTCTCGGCGCCCTACTTGAAGTGCTTCGGATGTGAGTAACTCTCGACCGAGTCCCAGGATTGCCA,1867,50.4,Escherichia coli
SEQ_110232,CAGCCATTCGGTAACCCACCTTCCTATGCTGCGGAACTCCCAACGAGCCGAGGAGATTTTCAATTAAATAGCTTCATCCAATGACAGCGTGTGGTAAACAGTCCTATGAAACGCGTTATAAACTGTATGATTCCTCTAGCGGCACTTATGCGGTTCGAGGCAAAGGCAGACGCCCCTGGTTAGATTTATCTGTAATTAACGCACGTGCAATAGCCAACCCTTTCTTTCGATGACAAGTTTTAATTGCGTGCAATTAGGGATCGG,264,46.21,Escherichia coli
SEQ_105996,AGCGGCGAAGATACGGGCCCGTATGGTAGTGGGCACCTATTAGATGTCGAGTCCCCGAATCTTTGGGCGACATCAACTCTTTGATGAGACATAGATTTAGGCTCGGCCTAGAATCCGTTGTGCATCTGTGGTAGTCTAGGTTGACGTACGACGAGGTCGATTCGTCGAGTCTAGCGATCGACATCTGTTGCCAGCGGTTGTTTTGTCTGGCCTGCCCCAGCCGTGTCAGATAAACCTGTAAGGAGATCTCGCGTACGCATGCAGATTAGGAGGGAGATGCAAATTGGGGCAACACCAATTGATCTCTGGAGGCCGAGCCCGGTTCCATTTTTATGGACTCAAAGGAACGACGATAGGCTGCACTGCTCTCCATTCACTAGACCACATAAATTTATGGCAGCCTCCTACCCTCCCGCTGTCTCATCGCCAGCCCTAGAACTATACGCATAAACTGTATGACTGGTTCTCAACCTTTTCGGACAGAATCAGGCGAACGCTCTCGTCGGAGTTTGGTGGACGCCCCCCATACACTACGTCTGTGCTTGCTCACTGCCGTTCACCTCGAGTCCCATTCACCCCACTTCCCGCTCTGCCATATGCTTGTTGCGTCCAATATTGTTCAATAGTGGAGATGCCCACGTATAGTTACAATAAACCTACGGCGAAGAAACAATAACTTATCTGCACTGTCGCAGCCAGTGATTTGGCTCTCACCAAGTGCCTGTTATGACGGCAGGATCTTCAGTAGACCCACCTAGCCTCGTTGCCGGAATGGTGCGAGAGCTATTAGGAACGCTTCCCCGTGCAGCCCTGCCTCATCTTAGCACGCGAGCGGACAGTCCATGGCTGGGGCAAGGCTGCAGCCGAGACAATTTCGTGCATGTCTTTAAATGTAGGCGTAAATTTCTAATCTCAATTCTCTGTGCGACAATCTCATGTGGAGCGTATAGAGTGCACACACAAGTTTTGCTACCAACGGTTAGCATATTCTCGGCATTAGAGAATTTAGCGTCATGCAGTTGTCGCATGAATACCTTAAGCTTGTCTTCAAATCAGTTGTATGGATCATCATAGCTTTAATGCGCGGCCGCGCAGTTAAGCAGACTGGGTGTCAAGGAATGGGCCCAGGGTCAGTGGCCCCAGAGTACAGGTCCTAGAAATAACTTACCACAGACGTCCCTAGTAGACCAAGTCAAGCAATCGGTGCTATTCGAGC,1216,50.74,Escherichia coli
SEQ_780153,ATCTTATCTTATGTTGCACTCGCGCAATCTACGGCACTGGGGGGGCGTCTACGTCGTGGGTGTGTGCTGAGAACTTAAGACAGAAAGGGGTATCAAGCTAGAATCTGATTACGGGTGGTTAAGGTGTGATCTGACAAATTAGTAATATAGCTTGAGGAATCACGAGCCCAACCGCGGCTGCAACTTATACATAGTTGCCCTCTTTCCAGTAACTG,215,47.44,Arabidopsis thaliana
SEQ_330269,GTAAAGTACATATCCAGACGCAGGAGTCCGGCAAGGTGTCGGTCCCATAAGCTTACTGCTACGTATTCAAGCACGTAATTCTTGTACCGATAGAAGGTCTTCCAGGGTCACCGGAAGTGCCTTACATCGTTAAGCTAAATCCGGTAGTACACGACGCGAGTTGGATTTAATACCGATGAAAGCTCTCACACATGTAACTGAGTGCTCCATGCTAGTTGTGGGTTATCTACTTGGATCGACCGGGCATAGGTTGGTTACGTTACTTGGGGCTTCATTTAACCAGAATATAGGTCGGAGGGAATAAACCCGGACTTGCTTTGTACATTCATTTCGACATTGCTTGCGTGTTAGCTACAGGTCGGTTCTCTTGGGAATTGTCCGTCGTGTAACAATCAACTTGGTCAACCACTACATACAAAATACGCGAATATTGTAGAAGCGATTACTAGAGAGAACGGATTGAGAGCGGACCCTCGCCATTCCTCCGGCACTCATGGCCATTACTGATAAACTACAAAGTGGCACACCTAACTGACATATCGTTTATGACCAGGAAATGACCGCGCCTGGGAAGTAAGCGGTAGGTTACGATATGTAGGTACCGACACGGATCCGGCGAAGCCTCTAGAAGAAGGGAAGAGGAACGGTAGGAACGTACTTAGGAGTTGCGTTAATCATTCTTTCTCGAGGAATTCATGACCGATTGTGCTGATTGCCTGGTGAGGAGATCATCAAAGGATTCGGCCGCTGAAAACGTAACTGTGACTTATCACTTCATAACCGTGGCTGACGGGAGGTTGAACATTTCGCGCATCGAGTGTTCGATCTTGAGTAGTTGATTCTTGGCCCACGGGGCCGAACTAGGAAACATGGTAGTTTATTTCGCCTAATTCACTAGGGTATTATGGAAAGCTTACTCGCTACTACCCTGCTGGGATTCTCTCATGTACGGGGGCTTCTAAGTGTGCTGTTGGGGCTTAGTCTCTCGGTCTCCGGATGTCGTCCGTGCAAGAGTCCCATTGGAAGCGCATACGTGCTACGGCTAATGGTCCGGCCGACAAATCGCATCGTTTTTTATTTTTGCGAATAAAGCTGTTTATGTTATCAGGTACGAGGGCGCAAAGCCACCCGATTCTTTGTCCACTTCGTAACAAGTTTAGGTTCCGAATCGGCCATGGCCGAATGTGGTCGACCACTCCCACGCATTCGGGAGTACATATCGAATCAAAACACCAGACTCCGCTAATTATGAGCTGGCTGCGGGTGGCCGCAGG,1274,48.43,Escherichia coli
SEQ_677529,CAGGCACGACCCTTTCGATAGACTGGTGAGAAGCGCCGCTTGCAACGGCTGGTGGCGTCTAAAGGGGTGGCACTTAGCCTGCATCTAGACCCGGAACCTACACTGCAGCACATGAATATACGGCACACCTTTAAGCGAACTGTAGACACTGTTACAGTACTTAGCTTCAGGCGCGGACAATCTGGTGCCGGAGCACACTCTACAACGTGTACAAAAGGATTTCCCGGTAAGCCTCGGTAAAACCTGTACAGTCTAGAGCGGCGCCCACAGATATTCATGATAGTTGTACCCTCCTTCGCTCGAGAACCGTCCATATTCAAGCTTCTGTCTAATAGTGACCTCAATACAGCGATGTACATACATACCCCCCAGTAGGTTGTCCCGCGCATGGTGTGATATAAAGATTGTTCGCTGCGACGTTAGCCCAATATCTGGTCCGTCGATGACTGTGGATCATGATGTAAATTAGGGTGGATCGTAATATCTGGTGTTCAGGACGTGTGTTCTTTGTTTGAGGGCATTGATACGAGGTGGTCGCCCGGGAAGTGCTGCCTCTGGTCAGAGAGGACCGATTCAGAGCGGATATTAAATTCCCACTTCCGTGGATGTGCTCCGCAATTCGCGGCTATGTTAGCCAAGAGGGTGCGAGGCATCCAGTTCGATGAATATGGGTCACTCGCCGCCGTATCAATCCTAGTATTGCCCTGGGAATCAAGCCCAGCAAGGCGCTGAGGCGTTACTTACCCATCTCTCTTACATGTTCCCAGGCAAACTTAGAGTCATCTCATTTGGCGTACTGCATACAAGTTTGATATCGGTGACCCCCTACGCAACTGCGCATTGCCACTTTGGCTCGAGTCATAGTTAGCTCACCACCATCAATAAATCACGTTCTCGGTGACACTAACCGTCCCCGGATGTTTTACATGAATCGTCGAAGCCTCGCGCTTCAGAACCTCTGCTCTCGCCGGAACGCGCCCCTGCAGGAAGGCGAGCCTTATGTGAGATACGCGGTCCGCGACGCCCGATAATGCATCAAGTCTTAATGTTACAAAGGGTCTTCGCTTGTATATGTGATGTCCGCTAAGCTGCATTACGACTTCGGCACTTCGGACAGCTTCGGTAGCAACCCTTCTTAAGGGCTTATCACGAACTAACTACAAAAAGCCAACTGAATAGGTAGTACTGGTTGTTAGAAATAACGAACATGCGCAGGTACCGATGCTACGCCTCTGGAGGGGCTGGACTGGACTCTTATTCTTTGGGTAGCTCATAGGGCTAGAGCAATTATAACGTACTTAGTTGG,1306,50.54,Drosophila melanogaster
SEQ_290409,ACTCCCGAGAATTTTACCCCGTTGTGCAAGCTAGGCCCATCACGGCGTTGTTCGCGTCATCCTCATTCCAACCGATCGATGGAAAATTGATCAATCCTCGATCGCTGGAATGCCGATGGTTGGTAAATATCGTGCACCTCCCAGAGGTGTGTCTGGTTTTCTTCAGACACTTCTCTACTTATGGGGTTACTCAAGGCATAGGAGGACACCTATGACAAGTTTGATCATTGATTAAGTTTCGTGACCAAGGACTAAGAAGTTCGAATAAGAGGATAGCCATTGAAGGCCGCAAGCCGCACCGTGTAAGGGA,310,48.06,Saccharomyces cerevisiae
SEQ_867375,GCCGGTTTGGGATCTCAAGGGGGCGGCTGGGTAATCCAGGTAATGTTCGCATTAGAAGTCCTGCCACCACCTGTCAGCTTTCGTGTGATAGATAGCGTAAGTGACAAAAATGCAATGGGCGAGACTACTTAAGCAATTCGTTCCGGCCATCCCATAGACGCTGGGTAGGGACCGGAAATACGAGCACAGGGCTCCCGGACGGGTTAT,207,53.62,Drosophila melanogaster
SEQ_812303,GTTCTATCACAGCGATAAGAACATTCGATCACGGGGCCCACCCCACGGACGATACCACTGACGGCGCTTCGCTAGACAAGTTCATTATACGGGTGGCTTATCCAGAAGTATAGTTCTAAACTCGCATTGGACTCATCGTTTTAGGTAAGACGTTCCAAAAGCCACTCGTGCTCGATCTAGGGTGGATCACGCCGACTGGACAGCTGAAAGCCGAATCCTAAGTGGTGTTATCCCAGGCCGGGCCTAAGCGATATAGCTACAATCACATGTCATTCTGAACAGAGGACTGTGTGAGTTAGCCGCTAGATCCCGGTACCAGCGGTTCTTGTAGTGCCTTATTTGAGGGTCTCACTGGAGGCACAACCCTGACCCATTCCAGCTTTCAGCTGGAACAGGGTTCGCTTACAGAGGGACGGAGCAGAGGGTTCGATACTCCGTAACACAGAGATCAGTATCGATTGAAGCATTCTTAACATGCAACTTATTCTGACACCAGCTCCTGGGGCTACGAGAGAAACGGCGTACCGGCCGTCTGCAGCCCCTTTTTTGGGTCGTAGAAACCACGGATACTCAGGATTAAGGCTCATAGGGCTTGTATGCTCTTATTCCCAAGCACCAGCTAGCCCGCGATACGCTGCGAGGATTAATGGCTGGCGTTAGGCTGCTCACCGCACGAATACATGACCTGAATACTCTTTAGATCCCGCGTAAGGACGGATATTCCGAAGCGATGGCGCTGAAATCAGAGGAGTTTAACCTACGGATCGGCTGTGGAAGAAGGCGTGTGCGCCGGACAGCATGGAATATCCCGTTAAAGGCCCCCGGGCCGCATTCGCATATCCAATTTGCAAGTATCCCAATGAGAGCCTTGAAATGCTTTTGCTTACTAGGCTGCCTGGACTTACAATAAGGTTCGCATTCCGTACATCAACAGGGCCCGCCAACAATCGGTGTTGTTCGCCAAAATTTAATGGAGACGGCTAGGATGACCGTTTATACATCATCCAATCCACAGCTCTCGTTATTATATGGTAATCAGTCTGAAACAGATCAAGCCGCATGGCTAGCGTTTTACTAGTATTACATAAACATGATTAATAAGCTACTGCACACCCCTCCAGGAGAAATCTCGATGCATTGCCTCATCATGTCCGCCACTATTAAACCCCGTGCAAGACTGTTTATATCGGATTCCCGCCTGTTCAGTGAAACCACCCTGGTAG,1223,49.88,Saccharomyces cerevisiae
SEQ_884508,TCGTCTAGATGCAATTGTCCGCTTCTGAGAGATACGTGTTCTATGTAATCGTAGCGGGAATTTAACTGTCATGCGGTATCCTACCGACGTCACCCCGAAAGGCGGGATAAGATGGGTGAAATCTTCCCCTCCACTGCTGTATGGGCATCAGAAGTTGCAGCCTTACCTCAACATGCTGATTTGGGCACAACTTAGAGTCTGCTAGATTGGGCTGTGAAGCATGGTCAGTCCCCCCTGATCTGGCAATTGCTAGCTGATGTGACTCTAGCGCCGCGCTGCATCCTGAACGTTACGTAGTGTAACTTTGGCCCGCCCAATATGGCACAAAAATTTAAATGTTGACCAGGTATCTGGCAGACTGTCGTTGAGCAATCTCTTAAGTTGCCTACAAGGGGGCCGCCCCGCAACCATCACTATGCCCGCCTTTCAACTCCCTCCTCCCACAGCTGGAGCCGTTTAAATCACCCGTCGGGGGTACATATCGTAAATACCATCGGTATACTCCAGGATTGTCAGACCCACCACTAGAACATCTCGCGTTCCGGAGACCGGTCCAAAGGCAATACGGCACCGCATACCGCCCATGCTAGTTTAAACAGCGAGTAACCTGTAGTGTATGAGATCAAGTCCTCTTTCTTTATGTCGCTGTAGTACGCATCGAAATGGGTGACTCACTGCGGAACTTGTCTTGGAAGGTGATCGTTCTGCATCGCATATATGCCGCCGTCTCTATGTGTGCTTTATAGACGATATATTTTCACCGGTGCTAATTTGTACGGTCTCATATCAAATATCAACCATCCCGTAACTCCAATAGCTACAAGATTTCCTCACATTGCTAATTTCTGAGAGCCCCCAACTGTGGGACAGAGGTGGGGGTCCTACTTAACCGAAAGCGATGGTGTATTAGTGGGAGAGCTACATACACGATCCTATCGACCTCACCGAAGCATGGCGTTGTTGGGGGCGGCTGTCACGTACAATCAACCCGTTTTTTAGGTGATACCATATTCGAGGCCGTCCTGCTGCCTGATCTCACAACTATTTCACATATGTACAGTTATTATCCGCTGTGAAGAGGGATGATAAAGTAATTAATAGCCAACTACCACAACCTGCAAATCCGA,1127,48.71,Drosophila melanogaster
SEQ_580141,GAACGATTCTCTACACTATTCTATGGAAATGTGAATGTCCTGGAGGTACAAGATATCGGATTGGCATACTGGGGAGGATTGGGATAATACTTACACCTTGCGGCCCTGCGGGGAGCGTCCGTCAAGTAGCCTGACCTCTATGTTCTAAGGGGCCATGGGACACTATCGGCGAATTGAATGACCAAATGAACCCCAGAGTAGGCGGCGAACCAAATCTCTGGGCGGCGCTCCGGCACTCCCAAGAACCCAAGATGA,255,52.16,Caenorhabditis elegans
SEQ_708789,CTTATCTGCGACGGTCATACTCTCGGGACAAGTCTTTCAGCACCCCGGTCCGGACTAATTGTCGAGCAACTCCAAAACTCAGGAGTCGCCATGACCTCCTCAGTACCAACTAAAGTAGTGGGATGATCCACACGGATAGACTTGTTCGGTTATAAGGACAGGATCCGCACATCACACAAGTGCTGTATGTATTTACTATGGGTTCAACTAGGGATCGTAGCTTCAGATTAGATATCCAGTCCACGAAACTGGCGGGCCCTCGTCGCCAATCCAGCCTTCGTCACTTGTAAGCATGTCTCCCGTTTTGACACGTCCGTGACTCGTCCCCCGCTTTATCGCAAGCTGCCGGTCGGTCACCCGAGCTAGCATTAAAGTCCGCCGTTCTTCAGTCCTCCCACGACAGCCTCAGGGTAGGCATCAACAACCACTGTATTCCCATGGACGGAACTTCTCACATCAGAGTTCCGTCCTAAGGGCAATGATGGACGGTATACCGCGACATCGTCTGGCTACGTACGTAGCCAGTCGACGACAGAGGCCTCGTTTCTTTTGGACAAGTGGTACTCTGAAACGGAGAATGGCCGCATAATCCCAGACCAGGTGCAACTAACGGTGTCTTAGCGCCACAGGAGGCAGTCATGGGCCCACTGTGATCGGCTCAAGTTGCATGGCACCTACCTGATTAGCCATCAATGGCATGTGTCACATTGTATGCGAGCATGACAGATGGTCGCCCACACCGCTGACGATGCAATCACGGAGGGGTGCAAACGGCGGTACCAACAAAACTGACAACTCACCGCTTGCAGACGACTGCTGGTACCCCGGGCTACAAGTAGGGTGCTATCGACTACGATAGAGAGGCATGCGGATGATTGCGTGGCCACACCTGCAGTAGTATCTTTCAATCAGTTTGAGCAAGGAAATTGTGCAACAATTAAATACCAGGTTAGGAGCCGGGATACCGAACTCGATCAAAGTCGCAGTGTAGGGTGTTAATTGGGAAACATTAAACCATAAACGAATACCGATCACACTACCCAATTCGCAACTCGCCCTAGTAAATACTGCAGGGCGTTCCTGCTCTTCTGAAGCTGTCGAAGCCTATCTAATGTCACACATTTGTCTCAGTGCTGTCCGTCCGGCAGGGATTCCGCGGCCAGTGGCGCCCACACACCGTAATATTAATACGTGTAGTAGGAGCCAGCATCTTTATACCAGCAAACTTCCGCAACTTCGCTTAACTTCTCCATCTGAACTTACGTGGCGCGCCCATTCGCGCCTAATGGCCCCCGGAATGTTATATTCCGGCTCCAAAGAGTCTTAGCGCCTTCTGTTGACGGAGGACTGCTGAATTAAGCACTGTGTCTGTTGTTCGTTGGTTTCATCTAAGCCCAGTGACAACGAGGACGCCCCGGTACACGTGAAACAAAGGATGTTTATGGCGAGGGTTTCTTCCATGGCGGAAACGCTAAAGAAAAGAATATATATTTTTCTATTCTGTGCGTCTCAGTTAGGGGCAGGCGTCGAACACCACCCACGGCATCCTTATGGCGCTTCCGGTATGCTAGGTTCAGGCCACGTTGAGGACGATGACCACGAACGTGAACGGATGAATGTTCTCTAAATCCCGGTATCACTCCGGTGACTGTTCGCAGTTTAACCCATGACAAGTAGTCTCGCCATGCAGGCAAACCTAATAGATAACTCTGTAGAGAGCTTGAATGTATCTGTTGCCGAGGTACCGTGATGTCGGATTGGAAGATGAGCCGCGATGCCTTAAGAGGACGCATACTAGCGCGACTAATTGGAACTTTCGCGAGATCTGCTTCAACGCAATCTCTTTATCAATATATTCTCCGTACATGATTTAGGCGAGATTGACTCTAGGCTGATGGTGCGGCAGCATTTCGGTAAGCTGATAATAATCCTGG,1934,50.67,Arabidopsis thaliana
SEQ_114115,TCTTAATGTGGGATAGGCTGTGTTTAATTCAAGGAAATCACCGTTATGGTGGCTCGCTGGGATGGGATTAAGCTTCGCCGGATTCCGCTGGGTGGCCTCAACGGTTACGAACCTGAAAGCCAAACCGTGTCATACGACGGGAGTATGCCCGGACCGATAACCAGACTACTTCTAGCGGACTCATGTTTGACATTAAGTCTTCTATTAAAGATTTACTAATAAAACAATGAGTTTCGCCGATAAGTCAAGGATTCGCATAACGGTGTTTACGTATTTAGGGGGACATACCAGGATGAGGGCCAGCGTCTAGGAACGACTAACGCCTGTGTGACCTACAGTGCCAATAGCAAATCGCCCTTCGGCCGCGAATACAAAACCACCTAGTCCCAATCTTTCGAAGTAGGGATCGCAACTAAGACCCCAGGCGGGCCTTTCGTAAGGCATCTAAGTGGGTTTGCTTTGTGGTTTCCCCAAAGTCCGTGGGGGCACGCTATGGCCCGCCCTCACGGCAGACCGGTCAGCTTCACGAATACCAGTGGGAAAAGTATAAGTGCATGTGCGCATTCGCCTCGCTGAGAACACACAGATGGATGATGTCCACAAACGTAGAGTCGAACGTGATAATCTGAAATATGGCGGCACAGACCTCCATCGACGGTGACGTCGGCACTAGTTTAAACTAGTAGGCGCGGAGTATAAACCGACGCCCTGCGTTAATCGGGGCTCCTCTCTGGTCTTCCGGTCCGTTTTGGTACCTAATTCCGTCAAGCATACGAGACGCCTCCCAAGAGAGATAGTTATAGGTTATATGCCGACACCCACGGTACGGTTTCACTGTGCCTAATCACTCGTATCATTCATAATGAACTGGTCACCATTGCTAGCCAACGAGCATTGAGTTGCTCACCGAGCTATGGGAATCGAGAGGAACGGAAGGAGGAGGGCCACATGTTCGGACAATGAAAAGATTCCATTGTGCGTGGCGGATCTCCCAGTACGTCCGGAGAGGCCGACTAACCTTTAGATAGGCTACCTCGTACTGCTGAGCATTCGTTCTCAACGCAAAGAGAGGCGTACTTGGTCCTAAAAACCCTCCCCATAAACGGAGGGGGCTTTCTCTATGTACTTCAGCCCATTCACTATTTAGTACGGAAGTACACAAACAATCGTCGATGTCTCCCT,1182,50.25,Homo sapiens
SEQ_703751,TAAAGTGTTGCTTAATAGCATTTATATTACAGACATGGCCCCGGCACCTACATGGCCAGACTATCGCCTCACCCTTTACGTGTCCGGGAGGCATCAATCATTGGATGCCATGCTGCTCCGCCGCGAGCCCAGTCGTACTAGCATAAGTTAGGGCGGCTAACGTAGCGAAAGCTAATCAATTCGCGACGGTTGCGCGGAGTAACAGGAGCTACCCCCTTGGAACCGCTTATGAAGGGCTCATACGAAAGGGCGTCTTCTTTCTGAAGTTGT,270,51.85,Homo sapiens
SEQ_740252,TATGCTTGCAATCAGAGATCAGATGTAAATAAGTTTGTTTTTTATCATACATTCATGGACCGAACGTGGCGTTCGTCTTAGCTCTCTCTCACAGGAATGCTCCCGCACACCAGTATGTCCCGTAAATCTCGCCATGAGACATATGCTACATTACATCATCGCTCCAGGATGAAAATTGCGCCTGAGAAACCGACTTTGAATACTCAGTTGCTGTGCTCACTGCGGGGCCCGTCGCTTCTCATCCCTTAGTCCGACTGCCCACATGTTACCCGGAGGTCGGACGCCTGATTACGGCCTAGCAAGATCGTTTCATATAAAGGGATCCCTTATTACAGCTATCCCAAACGACAGAAGATGGCAATTCTTTGGCCCCACAACCCGCTTGATTCGTACGAGCAGTGCAAAGGCCCTGTGCGAGTACAGGGATTTATTTTAACTCCGTCACGGAATTTGATCTTGCCGCCGGCGGTTTATCTAGGGATTGACGATGCTCGGACAATGAGTCCATCTAATCAGATACTAAAATCATCGTAATAATGCGCATTCTGGCAGAGCACAGACGCTACCGTCGCCAGAGCTTTTATCGTGCGATCTCTGTGGTGGGGCATGCAACCGGGATCTTATCTTATAATGCGCGCGTTCTGGTTCTACACGGATCCAAGTCATTGCCGGCATCTATGCATCCTAGCCCGAGGCAGCTCCGCATTTGACATTTTCCGCGTTGTATAGTATGGGGGAGGTTTGAATCGATCCACGTACTCGGCCCGTTGTAGGAGCGGTTTCGACGTTACCACGGATTAGAGAGGGTATGCGGCCTAATGGCCTTTATTACCCGGCCAACTCTGACCCTTTTTGGACCTTGCGGTGTGGCGTTGTTGTCTGTCATATCCATAAAGTTACCGCTGACGTGCGGCGCCTCTTCACTGCCGCGGTATAGCGGGACGCCCGACAGGCATTCTAGTGTAATGGGCTATCATGGTCTCTGCGCGCGCCAAAGTTGTGTGTCACGCCACGCCTTGAGCTAGAGTTCCCGCGGATATGTGGGCAGCTGCAATTCCGACTGAAGTCAGGTTGCTTATCGTAATTATATGTAGATCGAGCACGATAGGAATCCTCACCATGAGCCAACCAGATTGATTTCAGGTCTAATAGGGCTAAGTGTTGGGAACAAACAGCAGGTTTTTAGTGAACCTAGCGTGTGACCGAGTGAGCTCGTTCGCTTCATACGGAGATAGCCGCTTAAGTATTACGAGTGGTGGAACTACGGCATAACATTGATGTTATAGCGACATGAGCTCTTCTAATGGCCAGTATGAGCGCTGCAGTTCCGTTATCCGCCTGCATATACACCCCGATTTGAACGGGCCCGACGTAAACATTCCCCACTACGGCACCACTAAGGTCATGTATCCGGCATGTTCACCCCCGCGGTTGGAGGGGCCATACTGACGGCTAACTGTCCGCGCACTGTCAGTACATCCCACACCTGTTGCGCAGGACAGGGATTGACTCTGAATCCTTGATTATAAATGGGAAACAGCATTCGGTTACTATCTATCCTGATTCCGGAGGATG,1575,50.48,Arabidopsis thaliana
SEQ_969660,GGGCCATTACGGCGAACGGACCTCAGCGTTCCAGAGCTCATCACTCAATATCTTATACTACCTGACCCCATCGGTACCCATCACATCAAACTGACCAGTTATCCAGTCAAAAACTGGTGAGATGGCCGACGGCCGCGCACAACTAATTCGCGTTGGTGCGTTGGCTGCCCGTAAGACAACCACCGTCTGTAAAATCCTAGCGCCAAACCAGACTGTAACGGAGACTAGCA,230,52.61,Arabidopsis thaliana
SEQ_789383,TATCTTCTTTTCGGTAACCAAAGGGATCGATTAGCAGAGTTAATCTATCCGTAGTTAAAGCACTGGTCGGTTCCCCCTCTGGTCTGACCGCTAAATGCGAGCTTGTAGCGAAGCGCGCCGCGCTTCGGCTATTTGCTTCTCTGTATAAGAAAGTGAACGCGGTGAGAGTCGCTGTTACCGAATAAATTGGGTTGGTAAATACGCATTTAGCTTATACATCTTGCTCAGTGCGAGCCCTTTTAGAGATACCCGGGTTTGCGGGCTCGGTCCTAGTCAAATAGGGGACCTACGAATCAAGTATCATCTAAGTGCCTATAGTTTATAATATCCCGATCTCCGGGTTTGGACCCAGTTCCTACCACACCGTAGCGTTCACATTCTATAGGAGCATGCTCTGACGTGCCGGACGAAAGCATTTGTCCCCGCACCCGTTATGGGTGGACTTCAGACGTTACATTCCTGGTGGCTAGTGACGTGATTTCATCAGTTTGGTCATGACCCCGTATGAGTCTGCCGTGAGGCCATCCATTACAGGGAAGGCCGACTAACGAAGGTGATTGAGAGGACCCGGGATCTACACACATTCCGTATTCGATCTCATCCGGGACTCAAGAACTGCGGCGGCCCGCGCCTCATCCAACAAGACTCTGGCTTGGGGACCCTGTGAAATATGCTGGCATGGGTTGCGAGAAAAACCCTGCGTACGGCCCACGCCTTTCATATTCTTCCTCTCGACTAGAGGAGGTTACCCCGTCATAACCTGCCGCCTTACCTAGCGACCTAGTATCTCTTTAGCAAGGAAGCGAACGCGATGATGAATGGACCGGCCAGGAGTGGGGTTCTGGCCTGCTGGGATCTCAGTC,863,51.68,Homo sapiens
SEQ_612903,GCCTGTGCCCGTTCAGTTTTTATCGAACGGAACTCAAGTCGCACGCGCGTTTGTACGCCGTCCCAGGTTCTTCTTAGTGCGGTGACGGAAGGCGTAACTCGCTACACGATACAATGCTTTCCCGGCTCCCTGAGTCGCCCGGCGAGTACCTAATCCTAGAGCCAGCTGTTCCCCTTCTGAGGGGGCTTTCCTGGCTGTTTGAGTTAGGTAATACTGATACGAGTCATGTTCAACATCAAAGGCGTGGAATTCTTGTATGTGCGCCACAGCCTTTGGAGCATCCCAACTCCTAGTCAAATTTCTGGCCTGGAGTTCTGCAGACGCGCACTCTTGGATGAAGAAGGAGTGAGCCTATATCAGAGAGCTATGGATCGACAGAATCGGATACATAAAACTGGTAATGTTAACCTTTAGGCTATAATCGCGCACATTTCGTTGATGGAGTTTAAGGTTAAAGTCCACCTATGGATCGTAGGCGATAGCTTCCACTTGGGAGTTGTGGAATCATGCTCGTTTTGTGCGCGATGCCATCCCACGGAAGGTTGCTCATTAAGTGCAACAAGTTGGTGGAAAGGCATTGGAAAGGATCAGCTAAGTGCCAGTGGGATGTTGGTCGGGACCCCTATCCTTTCGGCCAGTAACTACTTGCAGCGTGTAGCTAAACGAAGTACTGAATTAGGACGGAACTCAATACTGGGAGTGGAGTTGAACTATCCGTCACAATATGGTTAAACCCCAGCACGGACACATCAACTAGGAACACTCACGTAGTCAGCGAGAAGGCGACCCGTCATTGTATACGCTGGCGCACCTCGCGAGATATTGCCCATACATCCTCAGCAGGTCCCTGCTGTGGATCCGTAGCTCGGGTGTATGAGGCTTAATTGTTGTGGGGCCCAGTCACCGAAACGGTTGGCTAGTGACCTTCACCCTACGAGGATTTATATGATAGCTAGACGCCTATGAGCTACAGACTAACGAACAGCTTGGCGATTGTGTCTATGGGGCCACTGCTGTCATAGCCAAGGGTGTCGCGTATTATGGGCGACAATTCCGGTCGGACTCTTTCAAACGCT,1076,50.65,Escherichia coli
SEQ_773408,TACTAGCGGTCTATGTCTTCCGATGTGCGCATGCAAAAAGGAGGCCACCCATCGATGGAATGGATTCCGCAGATCAGTTCTCACCAGCTGATATACAGCTAATTTTTTAATTACTTAATACCGGTACGCCAGTCCCTCTGCTGTCAATAAGTCTGTCGGTGGCCCTACCGCCATACCGACACGAACACACTGCACCACTGTTCCTGAAGCCGTCTGTGACTTCGTACGAAGAGGGCGCCACGCTACGAGGTGTGGAGAACGAATTGAATGACCCACAGTCGAACGTCTTCATCCGGCCATATAAAATCTGGGGCGGGCGTCATCATTAACACTCCTCGCGGCAGTCCGTGAGAACATTTAGCAAAACGTTTCGTAACCAGCGGCCATGGACAACATCGGAGCTTGCCGCTACGAGGGTGTACGTACCGCTCTTTGCACCCACGACCTCGTATAAACAGTGCACTGCGATCGTCACTATGCACGTACATGAGCAAACTCAGCGATTCTAGTGTGAAGTGAGTCTGACAACGAATGATGGCCTCATTTCGCGCTCTGTAGGCACCAGATGCCAGTACTCTAACTACGTGTGTACCAGTCACCCGTGTGGACAAGAGTTTAGGAGGCCACGCAAGATTCACACGAGCGATAACAATCCCCAATAGTGGAGAAGTAATGCTTCGTACTCGACTCGATGACGGCGGTTATTGTCGGGTAAAGGTCCGGACCTATAGAGTTCGGCCACGCGACACGTCAGTCGCAAGGAAGAAAGAGTAGTGTGCAGTCGAAGATAATGCGAGAGGTCAAACATTTGCCTGTGTACCATCGTCCTTGCGTCCCCAGTCAGGAACTATGGATTCGCATTAATACAAAAACAGATAATGCAAGACCGGGCACGGTGTAAGTGTATGTATTGTAATTGCCCAGACCTGTTTCGGCAAGTCGAGCGGTTTATCCGGGCGGAGACGTACGGCGCTCAGTCGCAATTTCCGATAGTATTTCACATCCACAGTAGTGTTGTACTGTTCTACCACTTAACTTCCGGCGGAACCGAAAAAACTGGTGGGGATCGCATTAATGACCAGACGCTTTTAACACCAGCTCCCTGAGGGTATCAGCTAGGACAAAGGCGTCATGTCAGGATGTGCTACGCGCCACCGGCCGGGATTGAGACATATTTGCCACAATGATGGGGTATGCTAGCGGGTTTCTAACGCTTGACGGTTGTTAGCATGACCCTCTTACTGTGATGCGTCTCAGGGACCCGACCTATGTCCGGCGTGATCCCGGCTAATAATTTGCATAGTGAATGAGCCCACCTTGGACGGATACAATGTAGGAGTACATCCTTATGTCCCCTATACTCTTCTGTACGTATATGCGTCGATACACTTTGCGACCAGGTCATCCAGCGCTAACGTGACGGAGCGACCACTGCACTGTCCGACCCGCAGCATCTGTAGATCGGGGCTCGCTCGAAAGCTTGTTAGTACGACCCGACCCCAGGTTGACGACTTTATTCGAGTCACCTTTAACCATCCGCTTTTTCTTCAGCGTTGG,1557,51.12,Saccharomyces cerevisiae
SEQ_953747,TAATAGCGAATTCGGGTGTGAAGAGTACTTGAAGTCTCACCAATGTCTCAAGCATTCAGATCAGTTGATCGATGAGTCATAACGCTCGTCCTAAGCCCTCTCCCAAGGCTTCTGCTGTAAGCAGCTCATTTACCGTTGTCCAGTTTCTACTTGCAGTGGTTCTGATTTCGAACGTGCCCTTGTTAATGTGCAATTTCATCAAATCCAGACATTTCACGTTTTATAACCACGACAAAGGTCAGTCTGCAATCCACCGTACCCAGAGGACTTCCCAAAATTTAGGTACAACCGTGCGATTATGATGTCGCTGACTACTTATGAATTGGATCCAAGTTGGCTCCTTCGCATTTCGGTTAGAGCACCTTGTTCCAGACTGCCTCCACAAGTGTGACATTCTTGCAGCACGGGTCCCCCCTTCAATGGACAATAGTACTCCTAAAACAGCCGCTCGTCCGATAACCTTGGGGCCGGCGAGCCCAGGCGACTGCCGCCATAAAGCTCGCTTTGTCTCTCTCCCTGGTCGGACGTCTCCCATTTATTCCAGAGGCCTTCCTCCAGTCCTTCTACGATACTGAGAGGCACGGAAGTAGAAACAGAGCTCGGTAGTGTTTTGTCACTCCTGTGTCGGTGACGCAAGCTTACTTACCTCTTGCGCATGTCAAGCATACGTTAATCCTTCTCTCTAAACACGCCTCCTAAACTGAGGTCGGATAGCACTGGAGACTCCTAGTCAATTCACGGCGCCTTGGTCCCTGGCCTTGAGAAGAGCATATTGCTCATCGTCCGTCTCTGTCAAGATCTGGCACAGTAGTGCTAGATTTAAGCATCTATGCATATAGTGGAACCTGGTATTCCGTAGGGGTCAGTATAACTCTATACCTGGAGCGTATACACTTTAAAAATGCTCAGGAACTTTAATATCTAAATGTCCTTGGCCATTGTTCATAGGGCCAATCGCTTTAGACTAACTGGTTGGCCGAGTCCGTATTCAGTCAATTACCCTAAGACCCTTGATAACGGATGTTCCTCGAGGCCACGCTCAGGTGCCAGCACGCTGGCCTACAATCAGATATTGTCATTTCGGCGGTCCAATTTATTACATGCAAAAATGGTATAGGGCAGAGAAATACTTTCACGCAGCCTTAAATCGTCACGCGTTTCACCCGACTAGTGGCAAAGTCTTTTAGAGATATGGCGGAGAGGCATACTGTATCGGAGGGGGAATCAGACCAATACAAGGCCCGAGACCAAGAATCTCAAATTGACGTCAAATATCAACACATATGGGCATAAACGGTTTTTTTGTTTGTCTCGTAGGGGGATCGGAGCAGGCGAACGTCATTAAAGCTCATCTGTTATCCTGCGGCCCGTCCTAATTGGACCGTGGACGTAAACGATGTATATCTAGCGTTCAACCGCTACAGCCGGATTTGCTATGTAGTAAACTGCACACAGTCCTAGGCGTTACGATCTCGAATACACCCAATCAACTTTGAGCTGTCTTTCCATTCTACGTCACTCGTTCCAGGTGACAGAGTACGTCCTATCTTAGCATGGTAGGCCGCCAACGTCAGGATACGGATCGCATATCCAGTGCGGATTAGATGGCACCCTGGCTTGATGGACAGTTGGAGGGTTAAGTGACATATAGGCCAGAAAATTAGTACACAACGACTTAGCTAGAAAACGTCGTTAAACCCAAAAACTCTCCGTTTGTATTACAAGCGGTTGTAGGCTCTCTGGAGCGTCGGGACCGCTCATATTGTAGGTGGACAAGCGTGTAGCCGCAACGATTGGCGACCACTGTCCTCTAGAAGCCTCTCTTCAACGACCGAAGAGGACCTTCCTTTGTCTAACTAGCATGCCTTACGGAGAAACGGCGTTAGGCGACGTTGAGTAAGAATGTAATGGTTCGTTGGCAGTATTCACTCAGAATGTTGTGTGAGCGCGGCTGCGTCGCCCGACTTCAC,1970,48.27,Drosophila melanogaster
SEQ_106071,AAATATATATAATAGACCGGTCACAGGATGTGTAATACCCGTGTGTAGATGCCGCCCCCGTCCTAGGTTCATAAACTAAAACGTCTCTGAATACCGCGCCATACCGTTTAGTATTTCTACGTGATTTTTTACTGGTATTGGTCGCGCGAGCCGACGGCGCGACCCGTGTTCCCGCACGTACGTCGTTCCTGGGAGCTCCGTAAGGAGTGTCTACCATAGTACCCCAGGTGAGCGGGGCGGTAGGTTTTTAAGCCGCCGGAAGCAGAATTCTTTGATCTGTAATGTTAGTTCGGCTCAAGACCCAATCGTCTAGCAGCGCTACGTGGGATTGGCGCGCCACTATAATCTCTTGCTCGACGTGTAGATTGTTTTATCCCACTTAACATATTGTTTGATGGGAATACTTATTCCGGATTTAGAACAGCGAGCCATAGCAGTCTCTGGATGCCTTTGGCCTGTGGATCCCCATCCTTTCTCCTAATCTGAACTGGTGGTCGACACTTATCGAGTTACTGCGGTGCTGTCCAACGGCCACGGGGTAACATTGACTTTGAAAATGGACCTCCACGAGTCCCAGAGTGGGACCTTATCCGATCTCGTATTCTTGTCCCATTAGAAGTATACGTATCCCTCTACGGTGTCGACCACTCGAGCGATGTAAGTGAGAGAGGCTAGTCGCCTGATGGTAAGATAGCCGTCAGGTCTCACATCCTAAGGGGGCCGGCTCATCTCACATACTGCCATAAACTAATAGGCG,757,50.07,Homo sapiens
SEQ_292745,ACAAACACTACAACGAGCACATGATACCCCTCTAAGATGCAGCTTGATTCGCTTTACCGAACCACCCTCTAAAAGTGGAGGGCACATATTGTCTACATCATGCGAGTGTCCGTCGACTAGCAGTCAACACTAGCCTATGGTTATCAGTCGATGGATTATACGGCCTTTAGATTTGCACAACTCATGCCCCTCTTCTGAACGCGATCAAACATAAAGACTGTTATGCCTGTCTACCTTAGGGTACTCGCGACGCTTCAATACTTACGAAAACACCCAAGTAGGCAGACCGTGTGCGCCTGCTTGACTCTGTTCCTTACGATGGCATTGGAAGGAGAATCCCACTCTCTCTCGAGAATGCATCACATGTGCTCAGGACTTAATATAAGATGCCGACGAAATAACTGCTTTAGGTTTGCCTTGATCAGGTTACATTTTCTTGCGACCAACCTGAGCCCGGTGAGTCATCAGATAGGGTGAGAGGCTTGACCTGCGCGTATCGTCATGCAGTTAACTCACAAGCACAAGGCCATCGCAACACTTAGAGCGTCAGGTACGTGATGAACGACTATCGGAAACGGGTCAGCGTCCCCATGGTGTCGAACGATTATACCACCCCCGGAGCCCAGGGTTGAGAAATATCGGAAGTAGTGGTGGAGAACAACGCAACCGGGCACTATGCCGGTAATTCTATAACCAGTGCATCGTTGCACGGACCGCCGCGTAGCACTAACACATTGTCTTGACAGGGACTTTCTCCAATCAGCTGCACTGGACTATGGTAGTTGCATGGCTCCAGTAAATCCCACGTTCTCATGAGTACGTTGGTTCGTGCTGTACCAGACAGGAGTACTAGCAGTCTAGGTAAGCAAGATTTCCTACCGATTAGCTTTGAAATGATCTTGACGCAAATAGTAACACGGTGTGACGACCTTGCTGTTAACAGACACCTCAGTTTATTGTACCTATTGCGAACCGATATATCAAGGTTGAATGAACTTATATGAGCGACATCAATACGGTTGGAGAGCATGCCCTAGTCACTGGATAGTTCTCCCTATTACGAATGCCTTCCGGAACGACCTATATAAATTCGGCCTGTGCAGTGTGTCATTGTTTGAAGAAAGACTCTGATGATTGGGATAGATTATCTCTGTCTCACTTTTCGTCGGTCAATGCTGTCTGTAAGCCGGGCTAGTACACCGGGGCAGATGTCGTGGCATGACGTTGTAGTGCCAGTTACTCTGAGCCGATAGAATATCGTACGCCCTCGTTCCCTCTTACGTCTCATCGTCACAATGCAAGTACCCGCTTCAACTGCGCGTGACGCCGTGCGTGGAGGTGACAGCCCTAGAGAATGTATTCCCTAGAAGTACTCCAGGTATAGCTGTGACACCAGCTGTAGTCCACTGATACTTGAAACTTCGGTTTTACCCATACAATATAAACTTTGCGTTGCCTAAAGCAGTCCGATAGCCCCGCCCGTCGAGCAGTGGGATCTGCCACGTACAACTTTGGATTTCGAGCTTCTATCATTGGCAGTACTGTGTGTTTATGTAACGCATTGTCACAGGACGACAGGCTTTTAGGCGGCTCTGGATGTGCGCGAGCCAGGCTCACTCATGGCTCTCCAGACGCCTGCATACTCACAGACTATCCTAGGGTGAATATACTCCTTTGCTGGTCAATTACCACTTCCGATTGGGTCACCACGTACATTCTTTGACCCAGCCATTCACGCTACGGATGACCAAGTGCCGGGCTAGCCTACATCTTCGTTCAAAAATATTCCAGTCAAATATCTTTGCCCGTATTCAGACCCACTTCTGTTATTGTGCGTGCGCATGCGGCAGTGAAACAGATGCGCCCTGTCTGGACCTTTGGACGGGTATACAGCCC,1896,48.89,Drosophila melanogaster
SEQ_632894,ATGGTGTCCGCACTTCGCGAGCATACCTTGTTGTGACCTATCTAACTTGACGATGCTACTTGCCCTGTTTGCCATTGAATCATAACCCCGCAGTGTGCACCGGATAGGCTATATTGACGTTCACCTAATTGCGTCACTGGGAAAAGTCCGTGTGTCCGGGCCAACGGCGCCATCCCGCTTTTGTACCAACTGGTTACCGTTACCCTGTTTATACTATGTTCGCCACGACTACCGCAGAGGGTTCAGTAAATGTGTGGTAAGCCCTGTTCTTGAGCACCGCTAATGATGTCCTTACATATCGTTCGGTATATTAGGAAGGTGTGAGCTAACGACGATACTCTGACCCATGCCTTGGCCCGGCAGGAAGGGTTGGGGGGCAAATCATTAGTTAAAGTAAACAATATGCAGGGAAGCTGTCGGTGTCGGCAGATTGGTTACCGATCCCAAGTCCTGAACAGCGCCGCACGCCCGTGAGCCATGTTGGTGAATAGCGCATGGTTTACATGGCTCAGCCCGTATCATTATACATGAATTAGAAGCCAGAGTAACAGTTGG,555,50.27,Homo sapiens
SEQ_113375,AATCGTACCGAGTTCATCTGCATGGCATGGATTAACTTGGGCACAGTCATGTCTTAACCCGCTTGAGGAGTCTCGTATGTGGAGCAAGTGTGAGGAAGGAGGGAATAATGGGATTTACTAGTTGACACGGCATGAAAAGGGTCAATGACCTCTAGTAGACAAAAATGCTTCGGTCTGGGCTTACATAATGTGTATTGCGCCGCCCGTTATGAGAGAAGCGATGATCTGCGCCAACCCGTATGAGGCGACTTGGATACCTTGGAAGTTTAACTTTGAGATGCCTATAAGTGGGTGCCACCAGCGCCACTACACCTCGACCAGTACTCGACTTGTACCGAATTGTATTTCCCGTACGGATAACATCACTGGCAGACACGTACAATTGCCCGCTACAATAGCGCGTCACGAATCGGGGGACCGAGGAAGCACATCAATGCTACCGGACAGTCTTTGAAAAATCTTTGAACCGATGAAGTCGTATGACTTGCACGGCTCGTGTGCTGCCCACTCAAGGACCATTCTGTTAATTTAACATCTAAGCTCAAGCATACAGTGCAGCTTTGTACACGAAAGTCCAACATTAAGACTCTTGAGGCCGCACGATTATTCCCGGAAAGTTATGTTCGTTGGTAATTGGTACTGAGGGTTCCTCCTTCCTTCATTTACTTTCCAACGCCTGAACCCGGTAGCTCCGATAGTACCGATCCATGGTTGGAGGGCAAACAAAGATTCTCTCTCGACCCTTTAATACCAGGACACCCCATGGTCCCGTGAGGCTTGTATATATGGGAACCTTGTGGATAGTCAGCCTCTGCGTTCCGTGTTACACTAATCAAATGTAGCTATGGTGCTGCTCGGCTTATAAGTGCCACACTACAAACCCGGATGCGGTCACGTCACTTATAATGAGTAGCGACGTAAAATGTTGACGTCGAATCCGGGCGCCTCGTCTAGCCATCGATGCAGTCGGTTTACCATCGACATAGATAACTCATTCGCGTTCTTTCGGCAAAGCATTGGGCTGCTGCACCAAGAATAACGGGCTAGCGCAAGTATCTGCTTACCTTCCCTCCGAAAAACCTGACAGACGTATTTGCTGCCCCAAGACCTTTCAACCATTCGACAAGTGTCTTGATTAGGGACTGCAATAAATCATTCGATCATCTCCTTAGTTGATGCAAACGATACTGAAGAGTCATTGTAATGACAGCTAGCAGCTAGATGATCTAGGGACTACGTAGTCGCTTCGAAGATCGAGCCTGCTGTATGACTATAGAGAGCATACCCGAACACAGGTTTACTAAGGGAGAATGGAATCCAAGTTGATCGCGGGAGTTCGGATGTAGCCGGGGGATGGGATGAAGAATGTTAGCTACCGCGGATATCACACCTGCATTTAAACGCGGATCGGTCGTACATATTGCGGGTTTCCGTCTATACATAGCATCCGATGTTATCACCGTCTATTCAACCAAGGCTCTCTTAATAGACCGCGCTTACTCTCAGGGGCTCAACAAAGCCTCAAAGTGTATATCGAGGACCTCATATGATTAGAACTCTGCGGACTTAATTGAGATGTAGCTATTACATACGGGGGACATGAGCTACATTCGTGGTGGTCGAGGAGAACAGGTCGTGCCCCTAACGGCGTTTCCCTGCTGGTGGACGTTTACGCCATAACACCGAGTAGTTGAACAGGTCCGCGAAGTCGCGAGAGTCGCGCATTATGCTCACCTGGTTCGCGAACACGTGCTGCAAAGTCAACGGATAGCGGCGCTTACTGCAGGCTCGAATCACTCACTTTGAGGTTTCTGGGTACCTGTTCTTGGTTTGGGGAACCTGCAATAACAAAACCTTTTATCGCTACTGCTATTGACGCCCCAAACATCCTGTCGTTTGTTCAAGCGCCACGATAGACCGAGCAGCTAGGCAAAAGTCTAGCTCCTCAGCTGCTACGACACACT,1964,48.68,Saccharomyces cerevisiae
SEQ_509475,ACTACCCATAGTCGAAAGCATGCGCGTCCGGACAATACTTGTTCTAGAAGCATGGTTGCTGCTAACTTCGATTCCCAGACACTGCCGGTGGCCCTTGAAAGAAGGAGCATCCATTACTAGACGTCGGCGGGACACCAGCATAGTCATGTATTAGCCGCCTTCGGCTCTACTACCATCTCCCACCGCGCAAGTGCTTTGTCTATTCTTAAGACAAACGAAAGAATTTCGGTCTGCGAACGAATCGGTTCTTTATCGGGGCTAATCAAGTGATTCCCAAACCAATCAGGAGGATCCGAGCTAATAGATCACACAACCTGAACCCGACAGATTGTCCCCCATACGGGGCTGACCGGAGACGCGTCAAGGACGCTACTTTGCGCTCAGGTATTTAACTAAGTTGGACGCACACCCGAATCTACGGATACGAGCCGGATGGTGGAGGTATGTCTAAGAGTAGGTTGTTCCATTACTAATTTATTACAAGCCATGGCTGTGCACGTCACTTTTGCTACAGATGGCCATAATGAGGGACGTAGTAAATATAAAACTCGCGATTAAAGACATCAATGTACCCGTCGTGCATCCCTCACCAGGCCAGGTAGAGGTCTCACGGCTTCTCAACTGACGGTTAAGTCGACATCTCGTTGAGTCGTGTAGTCTTTGTGAAGCATTATCCACACTCCGCAGCACCCCTAACTGCATAAGGGTACAACCGATCCTTCTAATGTTGAACATTTTTTGCCCGTACGTTTATTTACTGAGACACCGAACCGCCAGAGCACCAGCTTCCTAGAAGCGTACAGAGTGATGACCTCTCAACCTTTAAT,827,48.61,Caenorhabditis elegans
SEQ_496810,GGTCATGGTCTTAGTATTGTAGTTGGGGCAGTGTCCGGCAATTAGCACACAATGTACTCGGGGCAGAACGTTAGTGTACCAATAATTAGGCTTAGACCATAGAGTTTAGCTCATGCCTGAGTCACAAACTGAATCCGTGCTACGATGTCGGGAGGTGTCCCAACGATTCACAGCTCCGCGTTATTCCAGGGGATTGAGTTGAACAGCAAGTCGTCCAGTTGACAAGGTGGCGTGATTGTCCCGCACACGATAAGTATACACAGGCCATCCTTAGCCGAGGGAGCTGGTGAGTACCACGCTGCCGTACCAGCGACTAGCAGTAGACTCTAAGTGCCAGGCCCCCGACATCTAAAGTATTTGTAGACTTAGAGGAAAAGGAAACCTTGTTACATGTTGTAGCTTGGGGTTGCGCATCGGGTCCACACAGTACCGTGGCCCACGTTGCGTTCGTTTGTTGACGTACCCCAGCATTCCCCGACGTTAGATTTTACAAAGACTGACAGAGATTTAGGTCAATAGATTAACGCGCACCCACCAGCACTACAGTTAGGCGTTGCCTAACATCAGGCCTTGTCTCCCTTCCCCCTACCCGAACCATGCGCCGTGGCTTTGATAGCAGCAGTGTATTCGCAAACTATGCACTGACCCCATCCTATGAAACCATACTCTGGCGCCTATGATCATGACGATTGCTTTGTTATGTTAACCCTCAGCACCTGTTACCAGGAGCGCAATCCTGCTAGGCCACGTTACAAGTTTGTTGAGATAACACTACAAATCAGCCTCACTAGGGGATACTTGTACGATCTCAATAGGGCTTTAACCCTCTCATGCACGGAGTACCGTGCGAGTTTGTATATGCATGCCCCTGCAGTTCGATATAACGGCGCTCGTCGACGTCGAAGGCCCTAGGCTATAGAATGGTGGTGCCAGGGTAGGTTTTTGACGAAGTAGGGATGATCTGGAGGGAGGGGTGCTCAGTCCGGCTCTTTACGAACCGCCTCTGTCACTCGAACTGCCTCATCAGCTACGCATCCATTAAATGGATACTCGGCCACTGACAGCTCACTCGCGAAGAAGGGGTACGCAGAACTCGCTAGCAAAATGTGCTTGAGTATTTTGGCATCCCTAGTGCAGTAACTTCAGTCCCATTGTTCTCCAACTGCCGTGTGAGTAAAGTCTAAACATGGGGAACTAATGTAATACCATACCTGCGCATACCACCAATCCTAGCATAGCCAAAGGGTAACGCTCGGCTATACCCGCCGAGATCCGTTCTTACTTTGAGAACTGGTAACTTCCGGTAACGGCCTAGGACGACAAGTTAAAGGCGCTGATACTTCAAACACGCGAACTGTATCACGAGGAGTTAGCCCAGGGTTGTTTAAACGGATTAATTGCGCAAATCGTGGATACCCAATAGTTGCTGTCCGGTGATTCGTTGAAGTAGCTATTTAGTTTTTCACGTTCTTTCCATGAACTCATGCAGTATTCGGAATCCCTTAAAAGTGCTATTTGAAGCCTGGTATGCTCGTTGTGATAATACACAACATACTAGGTGAAACATGCAAGAGTTCTACGAGCATTGGCAGTTGAATTTTGGCGTTAAGTTGAGTGGTGTGTAGTAAGATTTTTTATCCGAAAAGAGGGTAATTAGGATGCATCTCGGGTTCGTATTAATCGA,1684,48.4,Escherichia coli
SEQ_171729,GACAGTACACTGCGGTTATGATCGGGCGTTTATGTCGATGTACTCTCAATTGTCCGAAAATTCGAAGGCTAGCGTGATTGTTATCGAGTTCAGACGTGACCCTCTATGGTGATGGCCGCTTGGTCTGGGAAGTATCCGTATAGTACATAAGGCGGCAGACCACGTGGGCTAAGACGCGACTTTCGAAACGTAATAGCCTTAGCCAGGAGGGCGTTCAACTGTGACACCTCCTGTAGAACATAAACCTCGTTGGCCCACGTAACTGACTCTATGTGCGGTTATCTCGCAAGTTTCGATACCATATTCTGGTTGTGGCACCCTTCGATAGAGAAGCAGTACTACCGCATTCGGCTCAGTTCGACGGGCACAGTAGCTAGTCCCTAGCGGGGTCGCAGATTGTACCGTATTATAACGCAATCGCAGAACCCAACACGTACCCAGAGTCGGGCTGTGATGATAAAACGATGGCTGGGTCAATAAATGTGGGGAGTGCTTTCAGGCCGTGCACCTGACTGCACTCCAGATACCAGGCTATAAATGCGGGACAATTCCGGGGTCATTTAAATGTACTTTCGAATACTGTCACTGAGTGCAACGCAAGTCGTAATATTCAAACCGGCGATTCCTAAAGTCCCATTCTAGTGACCATAGATTGTATCTCGTGTAGGAATCGATCGCAAACGCACGACAAGAAACGTCGTAAAACCCTGGCTGCTCGATACGAGACCGGGTTATGGGCGCTTTATCAGCGATGGATCTTCTTAAGTGCCCGATGAAAAGTTTACATGAGATTGTTCTAGATTCCTCCACGTGAGGGAAATTAATGCCCTCCAACGTCAAAGCGGTTTAATCAAGGTCGTGCGGTGGCAGGGAGCCACGAAACACCCTGTTACGTTACGTCCACGCGGACGCAGCGTGTCTCTTGAAAAGTTGCGCTGGGTTAAGTCAGCTAGTCGCATTCTGAGAGAAGTCCTCCTTCCGCATCTATACCATGTCACCACATTTGACGAAATGCTATCTAGTGCATAGTGCCCCCTCCTGTTAGGAAGCGTGGGCTTACACTGCGAGCTGAATTTAGTATCACCTCTACCGGACTTCACTTCAACGCGTACGGATACGGCCTAGAGAAATAAAGAACGCTTCCTGTCGGCTACAATGTTTCGTTACTATGCCGCAGCGCTCGTATTTGGACGCCTATCTCCTCTGGATTTAAGGGCCCCTTACTTGCTCAAGGTTACGGGAATGGGGAGTCGCAGCCCGACTCTGCGTGACAAAGACCGCTGTTTCGTAGCAATCCTCCCTGGCGACCAATAATCAATGAACACCTCGCCCCAAGTACAGA,1342,50.0,Drosophila melanogaster
SEQ_281453,GTTTTGCCCCTCTTCTGGACATGGTGGCAGACTGCTTTCACTGTCCGTGGGAGTCACTTCCCGCATTTCTCCCAAGACCTGAAGTCGGTGTCGCGGACTCTGATTCAAATTAAGTCACATAGTTCCCAGGCTGATTGACCGTTACCATCGTTACGAATTTCGATATATCCTTGTTTCTTAATTCAGTTCAATAGAATCCTAAGCAGAGCACACCCGGAAGAAAATTTGGGGATACGACGAGTATGGTGAGAAAGCGCAGTAGCTGCTATTTCTTATTCCCGCCGTGATCATCTGTCACCTGACAGAATCATTGTCATCGCTGATTTTACGTCCGCAGGAGGACTGGGTGATACGCGAGAAGCGATTGTTACCTCGTAGTGCGGTAGGTCCGAAGTACCGATGGAGGGTGAATCGTAAGTTATTATTCCCCGATCAAACGCCGGCTGAAGGGACTAGGTATAGTCCATGAAGTAACTCTATCCGACGTAGAGGACGCATCTGCGGTCCTAGCTTTCCAGCTGCTCGCATTCGTTTCTTCGTACTGGAGCACTTCCGACAAACTATAGGGAGGTTTTAGCACAGCAAGAAACCCCCGGGAGAGTTCCGCGACATGAACCTCAGGCTGCCAGGGGGGGAAGCTCTGGGTATGCATATACTAGCGAATATTTCAGGCGACGGGGTATCGTCGATTCCGAATCTGGTAAGGACCGCTACCCCGTTTTAGGTAGCGTGTCTGAGGACATAAGTGTTAGTTCGGCATCTTCTCGAAAGCCGATGTGCAGATGCTCTTCCTGTGCTAGGGGTCTCCTACGGATGGTTCTCAGTGGTGCGCCCGGTAATTCTATTGGTCATCGAGACCCAGGCATAGTACCGGGCAACGGCATGGCTCCTTATACAGTTACGCGACACAGAAGTGTCCGTGGAACCGTGAAGGGTGTAATTGTAGTCCAGACGTTGGCGTCGCTTCTGATCAGATCGTATCAGTTCCTCAGATTGGTAATAGTCCCCCACTCATTTAAATGGGTAGCTGATCTAGTGTGGAATAGACGGTGTCCACTTTCCACAGAATTTATACCCTAATTTACTTGTCTCGCGGGAGCGTCGAGCTCTTGAAGCTTCTCCGGTCCCCTACTACTGAACAATAATTGGCACCCCCTTGGCCGGCTTCCGGCTTGTTAAGGACGGTCACATTTTCTTCAGCATCGACCAGTTGTAGGGTAAGCAACCGTGTACACTCTTCTGCACCTGCGCAAAACATCACGTATAGACAAACCACCGCACACACGGATGCGGATGAGCACACTAAGAGTGGTAGGGCGTCGCGGTTTAAGTGCCAGTCATCCTTTGGCAACAACCCAGCAGTCAATTCCGATAATCTTTGCCCAATCTAGAGTTCACTCCGAAAAGCTAAGAGCAGCAGTTTGCTGAGCAGCTCCAGTATATTCTCATAATTACAAACCGTACGCGTGAGTTGAGAAGTGTGCGGAGTGCCCAGTCCTCGAAAGCTCGTTACCCACTTGAAACCACGCTTAAAACCACACAAACTTATTACCCTGATCCAGCCGATCCCTACGTATTAGTCTGCACCCCGGTCGTGTGACTACAGGGGCGCGCGTTAGTGATAAGA,1627,50.22,Homo sapiens
SEQ_802354,CATATCCTCGGCCGGTGCTATAGAGACCGACGCATGCAGTCTCACACGCACCGTACCATTAGTCATGCTGTTCCGTCGTCTTTCCACTCGACTCTAAAAGATTGGAGTCCAAAATATCTCGGTTAAAGATTCCTCTGTTAAGTGACGTAACTAGGACCATCCAATCAGCTCGCGGTAAGGAGTGACCCCGTGACTCATACGGTGCACAGACTCTCGATCCACTAGGAGTTACACCCTGTGCCGGGGCGGCAAATCCGCTATCGCCTTACCAGATGATGACAAGTGAGCTCGGACGTAGCTGCACTTCTCTTCGGCGCAACCTAGCAGATCGCGTTGCTTACGTCAACTCAGTCCATCCCGGCGCTTTAGAGTGCTCGATGCATTGCGCTCTCCGCCCCCGCATCCCCACTACAAGAGCAGGGGGATCGTCTTGCCGTGACCTGTATCAGCTCGAGGATCCATGTTCTTGTGAGCCGGAGTATCTCGACACCCTATGAACCCCCACACACGCGCGCTGAGGCCGATCGTTCCCAAGCGCATTTCCGTCTCCTAAGCTACTGGCGCGGGAGCAGGCTCCTACCTGGTTACCGGCCGGTGACAACCCAGGGGAGGTTTGAATAAAATGTGGCATTGATCCCCCCTGGCGTACGCTTAGTCCCTTCTACGCGTTCTGGAGATTCAATATGGACAGCCATTTGATGCTCTGGGCCACAACGAATGACTCGCTAACCGTGCTGATGAGTGTGCATCTGAGTGCCTAGCACACTATACGCGGGGCTCTAGGCAACATCTGCATCGCTTAGACATAAATTTGAGGGTTCTGGTCTTCCATTGCAACCTACGTTGTAGTAGATAGTTCTATACTGCGACCCCTCATAATAGGTTCCAGTCAAAGATTTTGTTGACCGCAACCTTCAATATCACGCTCCGATGTGAGGGCGTGTCATAACTCCCATGGAGTCCATGTGATTCTAAGTACCTCTGTCGCGCAGTTGGAGCCCAATGCGATGACCCTCACCTAGCATGCTTATCTTTGAGTCCATCACCCTTTACAACACACGGATCGAACATATGACAGTTACTTATAAATAATGGATGCATGGAGCCTAAACTATCCATCGGTTTGCTCATGGCGGTTGGTGCTAGTTACTCTTGAAAGCGGACCCCTCGTCGGCACGCATGACCAGCTGCTCGCTCTTTCGAGTCACCTCCAATCTCCTACTATGGGGAAGTGGACATTGCAGTTACGCGTACATGTATACTTCCAGCAGTACGGGGTCCTAATATTTTGGTGGCAACAATCAAATGTCACTGAAAGGTTTTAGATTATGGGGGTCCTTGTTAACGTGCCTAATACCAGAAAACTACCACATGCCCCTCCGGACGGTACATGGAGAGTGTAAGAAGGACTCCGGACCAGGCGGGTGGAGTCTGTGCCCACCCGGGTTTTTCACGAACCTACGTCGTCCTCTACCCGACACCTCCCGCACGAATAGTCGGCTCGCTTGCCACAGCCGAAGGTACTGTTGTTAATG,1535,52.25,Escherichia coli
SEQ_531526,ATTCAGGTGAGCGCGTGAAGGAACCGATCCTAGACTGCCGCGGTACCGTGGGAATATAAGACTGCGTTGATATAGCTAATGATGGTCCTGAAAACAGGGATTAGGATAGCGTCGGGTAAACCTGTCTAGGCAAAGAGCACAAAGCGTTTGGCCGATGGCATCACACCGACTTGAGTCTCGTAATCGGGAAAGCTCGGAACGGGATAGTGATCATATAGCGGCTCTTGAGCCGACTGCCTAGGGTTCTGAAACTCTTTACCAAGCTTCTAGGGGCAACTGTCAAATAGGTAAATGACCAATCTAGTTAAAGGTTACGAGTAAAGATCGTCTTTTTTGGGGAACACGACACTTCCCACCAGTGCCAACACCACTTCCCCAGTTACGGGACCCCTGGTGCGTCCGGGCGCTGCTCCGAGAATAGAGAGAGTACGATCTGTAAGATATGAAGCAGTCGCGATCCCGCCGCGCTAGTACGTCGAGTGGAGGTCCCCTCACCTCAGCCTAACGCTGGTGACAGATTGAGATATTGTGGGCCGGAGAACTTTCTACTTGCTTGGTGCGTAGAGTACCCCCCCAAATTCTACAGAAGCTTAACGGCGTGGGACCGCGCTCGACTAGTTATTGGAATACGTCCAAGCAAGAGGGTGGGGACACTGTTAGACCGCTTCTGTGGACGTAGCATCGCATGCCAAGTTAACGTTTTTAGTACGTCTCGTCCGCGTGACATCTGGTCCAAGGAGAGGTAGTGACTTAATCAGGGCTATTAGGTAGTAGCTGAGTATGTGCTAACAGCTTGGCAAAGGAGTTGTTTCGCGTCGTTAGAGCTATTGCTCCCCGAACGGGTTGCTATAACCACTTCCGCAGAGGATAGCCGTATACTTCGCCTGCCGACCGTTGAGATCTGGAGGTGTGTGGATGCATTGGCATCTCCTGCGCGAGTTGGACAAACTGCGCACTGCCGCGCCTTTCGGCAGGTTTCCTGTAGCGGTGCGGTCCGCTAAAGAGGGGGCCCGACAGCTCTCTATGGAGACCATAAAGGGTGATCTACCTGGATCTCGCCCGCCGCTGCTGTTGGACCGCCTTGATAAGTCAATTGAAGGGAAGAGGATTGTTCTACACTGAGGCACAGTGTACTGAGAACTGCGATGTACAACTAGCAAGAACCAAGACCCTGAGCCACTGTTTCGTGTCCATGATACCATGCAGTCCACTCGGCGACAGAGACTCCTACTGGGTAACAAAGTCGACAAGTTCGGAATTCCCGTTTCTGGAAGAGGGAGAACTGACACGGAGAGTGTAGACACTGTATCCTTTCACCCACGAGAATTGTGCCAAGATACTTGTTCATGGCTGTTGTTCTTTTGCAGGAGCCTTTTGTGCTGTGCCGCTCTGTTGTAGAATTTCCCCTCGAGCCCAACGTGTCGAAGTGGATTGTTATCCGCAGAGCGAATCGCCGCAGATCATGACCGGGGATTTGACTGAGAACGGCAGATCTCGTTCTGTGGTCCCAGTGCTCACCCTTTATACGAAATCACAGGGTCG,1542,52.14,Drosophila melanogaster
SEQ_474808,TCCGATCTCGACCTGGCCAATTAGGATTGAACACTCAGAGGCCTTGGGTGACGTCCTCTCACTGTCTCCGGCGTACATCACTCTACTTGATTCATTTGCCAATGGGCCCAGTTAGAGGCCGTTTTTCCGTAATCTTGCGCCCTGATAATACAGTAGTTCGTATACCTGTTATGGCCGAGTGTTTAA,186,48.92,Drosophila melanogaster
SEQ_986213,AACCCGTGAATCGCCCTAGGTAGACCAGCCACTCGTTGTAGCTTGTTAAGGCATCGCACACGGTCTATTATTGAAGGGGAATCCCCTATCAATCGTGGTTATTCCAGCCAAAGGATTCGGAAGAAATGGAGCAGTCTCCAGACTCTCGCACTCTTCATCTACTCGGTACGACGGCAAACTCTGTAAAGCACGCCGCCCGTTACAAAATACCCAAGAAATTGAGATCAATGTCGATGGCATGACACGCAGCGATTAATAGTGTGGTGCTACAAAACAAGGCTTCGTATATGACGTCAGCGGCCAAGCCGCTCCCGATACAGAAATTAAAGCATGATACCGAACCTTATCATCCGTCCTTGTTAGACCTGGGCGTGGGGGCGCGACGAACATACTGCTCGCTAGAGAGGCAATAGTTGAGGGGGGCGTGAGGCACTCACGTTTATCCGAGTCGGATGGTAAAAGTTGCGCTGCTCACACGGGCTATTTTTATTACGGATCCCGCCCACCGAAA,511,50.68,Mus musculus
SEQ_699702,ACCAGCTTGTCTCGGCGATTGATCTGAGTCGTTGATTTAGTATAATGACTATTAGGCCTGAAATCGGGTCTACTAAATTGCAACTTTTGCCAGTGAGTGGAAGCCGGCCCCCAATAGGGATTGTCGACATCAGGCTCTCTATTTATGATATGACCAACGATCACACTTTCCGCGACTAAGAGTCGCACATCCATGTTTGGACGGGGAACAATCCCTGTAAGAGTGTTCGCCTCATCGAACAATTCTTCGTACCGCAGCGTCCTCTACGACCTCTGAGTCTCCCGGGGGCCATTGATGCCGATGGACTTCTTCAAGACTGCCTGTTTAATCTTTTCCGCTTGATGCTGGCGTCAACCTTTTGAGCAGTATCGTATTACAAGTTCGTATCGACTACTCTGTGACTCCATATACGATTCGCCATCGAGCACGGGTAAGCGCGCCGTATGTTCCGATGGACTTGAGTGTCCTCCTTTTCCATGGTTAAGGGACGCTCGGTTCGTTTAGGCCACCCTACACCGGGCACTTCGACCAAGTACTATGGGGAACTTTGCGCCAGCAGTGATAACCATATTGATCGCTAGGAACAGGTTCATTTGAAAATTCATTTAGATCCGCGCAGCAGGCCCGATTCTGCAGTCCACATACCAGAAACCATGGTACACAAGCAGACCTCCTAGTGCCTGATTAGAGCAAAATGCGGCTATTGAGTCAGGACAATGGTGTGCGTCTGGAACCAGCGGCCTGGACGGTAAGTCCATTCGAGGCCAACAGATGGATCTGTCACCGTTCAGCCTTCGGCCTTTGGGAGACCACAGTCCAGCCATACGTTCGGTGAGAACTCTGACTATTTGGGCTTCTAGCAAATATTCGTGATACAAGTATACACACTTCAGGAGGTTATTGATCTTACGTGGTAAAGGTTTGGGGACCCTTACGTCGGTGCGTATGACGCTTTTGGGCCGGCGATTAAGACATAGTCTTTCTATGAACACTTTTATTACATATCCCACAGCTGCAGTGCGTGTATGCATCGTGGGGCAATCCAGATAACTCTGCTTGTATGTTGTTTCGCATGAGTTCGGAGGGAATTCACCTGTTACACCGGTTCGAGTCCCGCCAATACCTGCACGCCTCTTTCGGGATTACGAACGGGACGAGAGGCGGGTATCCCACTAGTCCAGACGTCCTTCGCCGAACATCTAGAAATAGTCATACCGCTTTTGCGACCAGCCAATACGTGGCTTTAAGTTCAGGCGTTCCGAGCCAATGGCAGTGGCAAGTTTGGCATGGGAGGATCTTTATCCAACCTATCTGGCGACCACAGGAACAGAGTATACAGGCCGCTGTCAATTCGTAAGTCAGCTCGTCTGTCCTAGGTGACGCTACCGGGAGCAAGAGGACTTTACCGAAGGACCAGGGTGGTGCAAGCTCTCGTAGAGGCAAGCTGTTAGTACTGTCAACAC,1463,50.24,Homo sapiens
SEQ_732637,GTCTACCTGCATAGAGCCGAGTTGAGCGAAGCTGGATCCTCACTTGGCCATCGTTCGATTTAGGTCATTGACCCATAGCTAAGGTTCCCGTTGGGATCCTGGTTGGAAAGTGCCTTCACCAGATGAGGGCTGTAGCTCAAGTAGTGGTTCTGGCCCATCAATCAGTTGCTATCAGTGGAAGCGTCAGTCCAGAATTTTGTTCTTCCATAGACATAATCAGAGCTGGTGGAGAGGAGAGACCATGGGGACGAGGGACACTCAATTCCACAAATCAGCTGCCAACCAAGCACTTTGGTCGCATCTCCCTAATACTCAATCCAGATTTGGGCCCCACTGAGAATTGTCACGAGGCCGTGTTGACGCTGACCTTTAAATCTGACGCATGCCGCCCATGGTCGGATGACTTAAGCAAGGTATTGTGACTTGGTGAGATATAAGTGAAAAGTTCGTCCTTCGCGGTGTTAAGTACGGCTCAGGGACACATATTGAAGAAGACATCCTTTGAGCTGTGCGGTGATGATAATCCCTACAAGATCCAGGGCGGAAACGTAGAGTCAATCTCTCGTGCTATCACAGTAAACGCACTGGTTTTTTAATCACTTTCGGAGATTCTATACGCTGAGTTAATGCATCACCTAGAAAGCCTCTTCAGCTTTCGTGTCAGGAACCCGCAGTGGGCACCGTCACGCTAGTGACGAAGGACGCGATACTCCCGTACAGTCGGCAAAATTGCGATGCCGACGCACGAGGAAGCTGCAGTGCTCCGTTACCCGATCGTACAGTACACATGGTCACAAACTCCTCACAATGTAGTCGTATTTGAATACGTTTTCCTGGTGGATTACTGGTCGCCAACGAAAGCCTCAATAGGAACACTGTGTGAGGCTTTAAACTGAGTCCCTAAGCACTAGGACCAAACGCGCACTCACCTCCTTTGGTATTGGGAAAAGGGGGACCGTTCAGCGCATACGCTATCTGCTAAATGAGGGGGGCCTGATTGCGCTTGTCCATCGCCCGTCACCTATGAACACGCACGTGCTCGACCCTGAGGCCAGAGTACATTCAATGAGTAAGCG,1076,50.28,Escherichia coli
SEQ_353991,GTAGAAGATAAACTCACACTCCCGTCGCAACGCATAGGAGCTCGTCAGACATACAACGTAAGAATCTACCGCAGTGATGATACAAATTAGACTAGCACCTCTAATCCCGACCGTTTATATTCGTCGCGATACGGGGCTTGTTTTATAGTGCCTTGTGAGCGATTTCCCCAGCACCGCTTTATATTCCACTCTAATCGATTGGACTAGCTTGGTGGCAGGATAATAAATGTTGGTTTAAAATA,242,43.8,Mus musculus
SEQ_615329,AAACCAGGACATAGACGGTTGACTGAACGGGTTCGAGCTAAATAGATTAAGCATCAGAATGCGAACAAGCGTATGATGCCGCGGGTTCTGACGGTCCTCGCTCTGAGGTCTGTGGGTGTACCATTAATCTGGAACTAACATGTGCTCTTTCCGAGTCGCGTTGGACGCACGCAGTAAGCTTGGGCGTGCATATAGAGGGATCGGTCTCAAGTTTGATTAATCTTTATGAATCGGTAGGCAATCGCCTGCCGTTTACTCATTGCCCTAGATGGATCCGGAAAAGGCGTCGATGCCTAATCTGCCTTTCCGGAGTACTAGTAGCCTAACTCCAGGAACCAATGCGTTCAAGAGGACGGGCTATCTATTCTCGTCTACGGAATGATGCGGCCCCGGGGTTGTCTAGATCGAGCACAAATGACATATTCGGTACCCTCAGTCAAGCAGAGTCCTGAGCTGGGGTCCATTATATGCACTACGCTCAAGTGTGTAGTCCGCCAAACCGGGTTTTTTTTCTGTCCGGGTTGACCGAAGGTACGGTTAAGGGACGCGAGTTCATACACCAAGCGGCCTAGAATAGACTGGAACATATATATGTAAAGAGGAGCTATCAAGCCTAGAAACAGCACTTTATCGATCTGTACGTCAAGTCGAACTATTCTGCTAGTGGGGACCTTGCACCTGCAGATAGAACGTGATGAGGCGCGTTAGACATGATCAGTGGTTGACGGCGGCACCTGATACGAAATATTCTAAAGTGCCAAATTTTAAGTTTCACTCAATGAAGCGGATTCTTCAGGCTACCACAGAGGGCTATCTGGATTTTGCGCCTTAAACCTCCGTTAAATCCTTGTCTTTCAGACAAAACCCAACCGCGGTGCGGTGCGTCGGCTCTTAGGACGCCCTATCAGTCGCCGAGAACTCCAACCGATGGGTACCATGCTTAAACGAGGAAAACGTGTTTGGCCCGTCCTCGGTTAGTAAAAAGTATCCACATATAACACCGCGGTGGGTATGGCCATGGTCTGCGTACTAGTGTTCCTACGACAAATAGCTTTTTTAGGTCAGGAAGTGGGACAGACCGTCCTTTGTCACTCCATCCCGGAGTCATTTACTACCAGTGGACGAAC,1127,49.33,Drosophila melanogaster
SEQ_581163,CTTTAGCGACTTTCGCCCGGTCGGTGTACCCAATATGTGCCTTCGCGAAGATCGAGGCCAGAGCCTTTCTTCGTGACCTTTCAACGGCACCACATGACGATACCAAAAGCCGCGAGCGATAGCGCTGATTAAACCTCCATCAGATCTACACGCTAAGGTACAGAAGCCTATAGATACCGAGACCGCATGCTGGTGTTCTCTCGATCGCCTAGTTGCTGCTGATACTCATGTATTACAGTTGATCCGTTAGAAATGGGACTCTGTTCTACACATTCGGGTACAATTACCTGTGCATGTCCAGAAGAGGCAAAAGGTGATGTTCCTTGAAGAACAGAATTAAAGAATTCTATTGGAGGAAAGTTTTGTTAGGTTGCAAGTAAACAAGCCAATACAGCAAGACCTCCGTTTATTTGCCCAGCTACATTACTACAGAGCTCCGCAACTCGCTGATTCGGGAAATTCGACCCAAGTGCAGCGGGGTTCTTAGGGTTAACAGCTATGACGGATGGGGCATACCAGTCTAATGCTGACAAGGATCGTCTTGTAGGCAGCACGCGCGCCATTCCTGAACCGCTCTCTTTGCGTCTAGGTCATCGCCCTGCTAGCGTGATCGCTCGACCACTATGTGGGCAGCTTCTCGGCGTACCTCTGCTATTCTGCCATCATCAAGCTTCCCCATGTAGCGGACACCGCGTCCTACGAGGCGACCACTGGAAATGAACCTGATCGTTCCCAGTAGTACTGGAAAGCGATCATAGGCTAACGCGATCCCGAATAGGTCCGCTACCTCCCCATGCGGAAAGACTCGAGCTTGGTGAGTGCAACCTTAGCATCAGTGGGCCCAAGGTATCGCCTACTGTACCGCTGGCTTTAGAATTTAACCCTCCATACGATATTCAGGAGTTCTACGGGTTATTCCATACTTGTCCTGGTTAGTTGGCTGTGAGGTAGACACTAATAACCAGGGGATCCCTGGGTCAGTGCCGTCATCTATTCGATGAGTAACACTAGCTGTGTCCCTGCCGGGGTCTTTGTTCTATTCTACCCATTGACAAATAGTATTTAGTGCCCCAGTGAGGACCGGCGAGACCAGAAAACGGGTAAATTGGGAGTCTTTCCCAGTCCGAGTAAATATAATATTCTCTGAGCCCTGCCTTAGCAAGGAGTTGGCGGCATTGCAGCTTATACCTCTTACGACTTCCCAGTCGTCTCGGAGGGCCAACACTCGACTGATTTCTTCAAAAGGCCCGGGAAATAGCAAAAGTCATGTCTAAAGCGTAGGTAGTCTTAGAGACGATGGTTTCGTATATGCGGACTCCTTCCGATGTTACATAAGCTACAGCATTGCAATTCCCCTCTTCCGGCGAGAGGTTGCTAGAAATTGAAATAGGCTCGTGTGTCAGTGCGAACCATGCGAGTAGTTCATGCCTGGTTAAGAATTTTCTGCCCTCTTGAACCTTTTCGCGCAAGGGCCTAGGGGACACTGTCTGCTCAAAATTGTACAGGCGCTCGGGCGGAAATTCGGCACAAGCAGTCATGAGAAGGTGGAAGAACTGTGTCGTGCTGCCACAGACCGCGTGCACACATCGGTAATAGTTGGCGGCGTAGGGGGGATCTCGTCCACAGGTAATTGCCCACTATTTAATGCTGAGCTAGTGGTAGATAGCCTAAAGTCGTGAATTGCTGCCGGGACAACCCGCCCCCTTTGGTGATGCTTATAAGTGACTCCCTGCCGGTGAAGCCCCATGTACCCTAATATATGGGGACACATGTGTCGCCGAATGGAGCA,1789,50.42,Escherichia coli
SEQ_232870,CGACAGTTTTAGCAAAAGACACGCTGACCTTTTTTTTGGCGCTGCCTTAGGACTCGTGAAGCGGCCGCGCTGAAACTGGCATCCCTGATACGAGATCGATTCGAGGGTTGGTACATGCACGTCGACCGGTGGCTTTGCGTACAGTGACTTATCAGTTTCACGGTCGACAATCGGGATATATGGGAAGACAGTAGCGACCTATGGCGTCCCGTGTAGTCAGGTGACATCCCAATCTCATTAGCATGTACACTCATGGGATAACTATTAAAACAGCAGACTAACTATATTATTTCCACATACCTGCCCCGGAGGCTAGATTGGGGCGTAACCTCGAAAGCTACCCCAATAGAAAAGGATCCTTTGTGGTGATTAGGGGTATCGTTTTGGCCGCCAGCCCGTGGCGAGCGTCTCACGCACGGAGGTCGCAGTATGCCCCCGCGTCTCCACAATCCGCCAAACTTCTGTTGGACAATATTGTTAGTGCTTGACTGGCGCGTTGGTCCACAGGCCCGATGATGTATATCATACTTTCAAGAATTCGATGAAGCTCGTGCAGCGTGTATTTCTATTCTGATTAAGATCATTTCCATATCATAACATTTATATGCCCATCATGACGGCATGCGCGTCGATCCAAGAGAATATGGTTAACACATTTCATCTTTTCCATACATCCATTTGAGTTAAACGTAGCCATGCAAACAAGCGGGACCGAACGCACTATCGGTGGCTACTAATGGTGACAACGACTAAAACTAACAGCAGTGCGGACAAGCCTCTAACTCTTCTAAGTGTCGATTATACCGTTTACCTATCAAAAGGCCCAGGCAAAACGGCGGTTGCGCAAAGGCTCCAGTGATTTCGTTTCGGGCGAGCGGACACCCGGATTCCGTAGACGTCTCACTATAATCAGTGCGCCTCGACCTCCCTAAATCAGCTTAGTGAAATTACGAATCGACTAGGCTTAATATCGTATCTTGATCTCCTGTCGCGTCCCCCATTGGTAGGTCTCTGCACCCAAAGGACTGCTCGGAATATGCCGCGACTAACCGCTAAACTTCTGACATATCGATGCGGTGTGGTCACTAAAACAAATCTACGGGCTACGGGAGTAATCTTTACGCTGCCTATAATGAACGAGACGCGGCGTACTTACCAAGGCAGGACAACGTAGACCTATCATAGCCAGACATGCCTGGGTATCTTGCCGCGCAAAGAGGCTCAAGGAAGTCGCATGCGGTTGATTTAACGTCAGACACGCTGCGGCCGAAATTTCTTCGTGCCAACGAGACCTAGTTATGGCACTCAATGGTGCCAATCTGTTTCCTCTGCTAATGTTTAGCCTAGTACAGGCTATAGGATAAAGAGATACTCTGACCTGCCCTGTTTGTTTCAGTTCGGACCACGACGCCTGACACGGGCCGTAAGCGCCGTCTGGGTTGAATTAATTTGTAGCTCGGTTGGGGTATAGAGGGAAAGTTGTGTCCACGCAAGGTTTTGGCGGCAGAACCCCGACTCACCTAAACCGTTGAGCCGGCTGGGACGCCTTGAAATGCGCACGAGGCTTAACGCCCACGATGCCTATCGCACTCCAAGGGCAACACAGCGTGGGCAGACAATGCACCGGGCCCACCCGAATTAAGCTCGCTAGCTTTAGTAGAAACTTCTTGGCGTACGACTTAGACCAGTAGTTGCCGTAGTGGCTTATAACTTCCCCATGAATCACAGGTAGGCGACGCGACTACTCGGGGAATTCACTGGTAGCGTAT,1769,50.14,Arabidopsis thaliana
SEQ_220885,GCAGTAGCGTAAGAGACAACTCTTATTTTGTGGATTTCAACAGGTGATTTTTGCTAGCTTTGGTCCGGTGTATTGAGCTTACCGCCAGTCGACCACAATCATCGAGTTATGAAAATTTCTTGGCATCTGCTTCCGTTGGTCAAATCTCCGGGTTAGAACAACAAACTTTAAAAAACGCCGATATTTATTGCCGCCGTACGGTAATGGATATTTATTGCTTTCGCGCTCACCACTCGATGCTCTATTAGACATCAAGAGATTCGTCGATGAAAGGAAGTACACTCGTTACACCCGGTGCGGGCCTTCCCTCCTCAGATAGAGCTGTGTGCAGTAACCCCCTCGGTGGGCGAGGCCTGTTAGCGCACCGAGTACGGTAAATAGCCGCATGTACCAGATTACCCAGCCAATGCACATATCCTTAGCAGAACCAGGTTTTCGTTGAGAAGATGCTTGAGCAACCTCTTATAATCGGGACCTCAACATGCGGCGGATGTTTGTTACCATGGTCACGGGGAATCTGTGAGGGGAACCCGTCACGCACCACCGTTTACAGCAGAACAACAGCGAGTCTGGCGGCCCCGAATTAGGCAAAACCGGGTTCTCGCGCCAAGCGGCAACTATCGATAATTATCCAACTGCTTCGCTTGTTTCATAAACACGAACCATTGTTATGGACTATTTACGTATCAGGTTGCCTGACGGCTGATTGCCGAATCCGGCGACATTAAATAAAGGGTGGCGCCACCGTCTCTTCTACGCTCGGTCGGGGAGATTGATCGAGTTTATAGGGTGTTTATCCGCACTCAATTTCCTTCCTTGGAGTGCACTGATGTCCTTCGAATCGTACCAAATCGGCATCGGAGGATAGCCGGATTGTGTGAAAGACCCGCGGGGCCTGGAACGCCCGCGATATACACCCGTCACGCACCGCCACCCCCACTAGCTGATAAACAGGACAGAGATTCGTTACAAGGCCGCTGGCCAAACCAGTAACTATAGACGAAAGCGTCATCAGGGATGGGCATTGATGTCCTATTCCGCCTTTATGTCCTAGAATAAATGCAGCAAGCTAGGACCTAAACGGTCCCTACCGA,1094,50.0,Escherichia coli
SEQ_364337,ACCCCAAGAGGCAGTCGCCGTTCCCTCCGCTTAGGTGGACGGGTTTGTGATTGGTAGTGAAACGCATGTCAGACTCTTATTTGAATCCTTCAATACTGAATCGCGGCCGAAAGTGTAACGTCCTAAATCATTGATTGGTTTTAACTCTCAAGTACCGTTATCTGTGACGCCGTATTACACACGTAGTGAATGACGGCGACATGCCGAGGCTTCAAAAGGGTCTATGCCAAGCCGATTATCCTGCCCCCATCCGACAGAACAAGATCTGATTCGCGTTATTTGTGCTCCGATGGGATAGTAGGTCATGTACATGAGGTCAACGGGGGTATGGTTATTGGCCCAGTTCGCTAGTGAATTTGTCATCCAGCCGAGGTTACTGTACAGCGAACAGGGCCGACCACTCCGTGAAAGATTCCCTGAGACTACGAAAACTTGTAGAGGATCCTATGGAGTATGTATTCCCAGTTTCTCCCTTCACAGACGTAGGCAACCCCGAGGGCCGATACCGCAGGAAGATCTAATACTTAACGGAATCGTAGAGCTCTTAGTTCGAAATCATTAAAAATACACAGCCTGGGGTTGTTGCCCGATACACTCTGTCAAATCGGTGTGGTGCACACTGTTTTGGTTTGTAAAAACACGATACTAGATCCGTTCTAGCCATCCCGCTGCATCTGTTGACCTAAGTCTTTGGATCAAAAATCAGGTTAAATTCGCAAAGTTGTAGAGATCCGACCACGTTCTGTTACCAGGGTGGTTCACAGTATTGCGGGCAATAACTTTCCGTATCAACATGATAGCGGTGAGTATGCGTGTCAAGCTCGTCAAGAACTGCCTATCCCACTACGGGAAGGTGACTTAAGTAGAAGAGACTTACCGAACCGTTTTGGAGGGACACAGACGCACTCGATCACACAATAATGTAGACAGCGCTCACTAACATAACATGTAGAAACATTGAGCTGGGCGCCCCCTATAAATTATAAAAGTTTTAAGCCTAGTCTTCGAACTGTGGCCCACGAGCTCTTGACCCGTGCCAATTAGGGCTTGCAGGGCCGTTCAAGCCTTGGTCGGATGAATGACCTTGGTCCATGCCAAAGCGTTCATTGATAGAGCTAAAGATCCCCGGAAGTGATGATCGCTCGGTCGATGGGTGGGTGAACCTGCGAGCAGACGTCACATAATTTGGCTCAAGGGATAATCCTACCAGGCTAGGATCATCAAGTGTCTTCAGTGTCTTACGGTATTAACGAGTATGGCTTGTTCTGGGTAGTGGCGCCACACTTACCCTCGGCCACGGCTTTATGCCTTTGGGTTATTTGACGCTGCCGTACCCTTCGCAGCGAGTTCGTGGCCGCCTACGTTAATTGGAAAATCTGCATCATTTCGTTGGAAGTTCGCCGGCTGAAAAGGGCCAGCACTGCCCTATGAGTTTACTATATAAAATAAAGAATATACCCCGCGCACGTTCGACGTTGTATCCGAGAAGCGGTTGACACTCACTGCATGAAGTAGTAGGGAGGTATGATAGCGATACGGAGTTTGAACGTCTGCTTCAGGACGTAATTAGCTTCCGACCGTGGCTGGGTCTGAAGAAGATAGGTAAACGTAGG,1613,48.42,Escherichia coli
SEQ_814119,ACCGACTAGACTAAAAGTGCATCCCTGTTTTCAGGCGAAAGAGCTTGCTTTGCCGACTTGTTTTGCGTACCGTTGCTGGAGAATAGCGGGCACATCTACAAAGACTGACCGCACACATACTATGAAGAAGATACCATTAATGCTATTTTCTACTAATAAAAGGTACTTTGCCCAAATGCGTGCTCGTTTCGCAGAACACACATCCGGGCGCTGTACTGCTCGACCACTGGATGCGCCATAGCGTCCTCCTCACATACCTACGGCCGGACGTGATTCCGCTCGACTTGTCCTAGTTTGGAAACAGGGTTTGTTTTACTGTCCGGTTGCCTCCGGTACACCTAATCCAACGTACCAAAGACATGAAAAGTAATAACCGGGGCCGAGGAAGCTTCCAATCGTAGTATCTCACAGCCCATCGTGACTTCCTTAGAGTAGCCTATCGTAGGAAGTGTGCGACCTAACCCTAGCAGTATGACTAATTCCGTTCCGGGTCTTTATCTAGACCCCCGGCAGCACTAATTGGACCTGCCAAGTCCGAAGAGCCAGAGCGCTCTGCACCGGACCGCCCTCGGCCACGGAGCCTGGTGTAAACCGAATTTATAGGACCCACGCTACGGGAGGAGACAAAGGCCGTAGTCACCAGACGCAATACCGCACGGACTGGAGCGGGAGAGGTAACGAAGCCATGAGGATGCTACATACACGCCCACCCCGGGACCTTACTACTGGCGTATGTTATACATGATCTTAACCCGGAGAGCTGGGTAGCGGACGCTTCTCGATCCAAATAGATCACTGCGCCTGCTACACGTCAGTATTCTCCTATGACAATCACTGAGCTTTAGATCCGACCATCGAGTGCGAGCACACTAGCCGCCTTTAAAGCAAGCACTAATGATTCTGGGAATTACATAAGGACCGTGAGCGTCGACTGTTCCGCGATTTGTCGCTGCGGGGTGCTGGCTAAGGTCTCTTGATTTACCGTTGTTGACAAATTTAGAGGTTAACTCGGCAGAATCACTCGGCACCGATAGGAGGTCGATATACTTTATCCTCAACTCTTTGCATCGCACTAGGCGTAGGGTTCTGCTGACGCTAAATTGTCTATCTATTTAGCTCCGCTTGGTGACTCCTTTCGTAGCGAGACCCTTGCCTATACTAGTCAGCACATTTAGAATACGCGGTCGCAGCGAAGCCTATACGCGGGTCCTATTGTTTAGTGGATCCCGGATCTCGTAACTTATGGTAAGCGGGAATACGGAGCCAACGTACAGCAGTCCGATGCTGGCCAAACGCCAATATGCTAGATAAACGCTGGATAGCACACGACTTTACGGAGGAGCCTACGCAGTAGGAACGTGACTACTAAATGTTTGCGCAATGAAAAGTCTCTGGGGCAAGAGAACTGTGTATTCCACGTTTGCACACCGTCATCCTCCTGGCAATCAAGTGGTATGGTCAGCATGAATACTATTGACTGTCAGCAGGGTTGGTATTCAATGTTCAGGTGAGCAGTCATCTAGCATTTTGCCCTCGGGGACAATAACTGGAAGACCACGGTCCACTTCTCTCCGGCTATATCTAAGAGTGCAAATCGGGCACTTAGCAGTACTTTGGGGATATGCGTCCCAGAATGGAACTCGCAGTGGGATGCTCAATGTGCAATCACACCAGTAAGCCCCCTCTATGCCTGGGACGTTCAGTGGACCTCGTACACGACGTGACCGTACTTGTAGCGCAATTTAAAGGCAGAGTACTCAGCCAGCGGTTCGACTCGACCACGCCGTTCAAAGGCCTTGAACATGTTTTAACAAGATGGCCTGCCATCCAACTACCCTTAGGGAACTATGACCGATGGTCACGTGTCCAGGCGA,1874,50.8,Escherichia coli
SEQ_511810,ATGTCGAACCCGAGATTATCAGTCCTATGTCAACCCGTATTATGGATCATGTACGTATGGGATGGCCGTCCTGCTACAGCCCTCGAAAATTGTCTCTGGCATGCTGGGACCTCACAAAGTTAACTGATAGACCCTTAGCGGTGATAAGCTCTAGATTGGATTGCGTTCTGTTCTTCATGTTAACCCGCTTGACTCCTTTTCCTAGAGAAATACGGAGTAGACCATAATGGCGTTCTCTCGCCATTTAGATCCGGGGAAAAACATATTGAAACAAGTTTGCCATCAGGTGAATTTGTAGCGACGTCGCCATGGATATCACTACTAACTCCAGTTACCACAGCTGATGCAGCCAGACGTGGTCAAAGGTAATTTTACTTGAGCACTTGGGTGCTTGCCTGGGATTTTCCTCGCCTGTTTTGCCTAAGGTACTTCTCCCTTTACTCGCTCATTTATACTCGGACATGCCTTATATAGTTGTCAGTGGATCCGTGACGCCTGCGACTTCTCGAGTCGAATGAAACAGGCTCACGCAAGATCAATCACAGTACTTTGGAGGGGTTTCCGGTTAGGGTTCGACCCCTGCAGCCATTCGTGCATTATGGCAGGCTACCCTGCATTCGTACTCAGAGGGTGAGTCCCGTTGTCCATCTTCTGGGTGAGGTGCTGCATTTTCTTATAACCTAATGCCAGGCTTGCTAGACTCTAGTAGACTTTTAAATGAGTGGCGTACGCTAGATGCCCAACAAATTTACCCCTATAGACGCAGCTAAGGCAGACCCACTACCGAGTTCGTCAATACCTTCCGCCTACGGGCATTGTGCGTAGTCTCTATATAGTGTGCTATTTTAAATGTAAGTATGTGCCAAGTCCACGGAAAAGTACAGATGTAAAGAAACCCTAAATCTGCCATGAGACACACACTTGATTTTGCCTCACAGTAACCAGCTACTCGTCTCTTCTGTTCGCATGACATCGCCTGACATGGGGGCAAGCTATGTCCAAGGTCTTATCTTTTGTGGGTATACACACTCCCGGGACGCCCCCCGAGGGTCTCATTTAGGCCGGGGGGAAAGTAACACGAGTTCATTGTTTTGAATACCCCATCGTTCCCCCGATAAGAGGACCCGAATTGTAATAGGACATCTCCGCGAGCCGACTGCAGTGATGCAGCTAAGGGTTCAGGCTTATCATCACGTGGGAGCTGAGCAGCTAAACCAATTGAAGATCGGGTCCGCACGTGAGGCTGCGAGCACAAGTTTCTTGGCTGA,1268,48.5,Saccharomyces cerevisiae
SEQ_699356,GGAATTCCATGCTAAGGCCGGTGATGAGGCGTGACCGCCCACGCGGCCTGGGCGTTTCGCACTGACCCATTGAGGTTGGCTTATTTTAATGTGGCGATGGACCTCGGAACAGGCTCAAATCATTCGTTTATTATGAAGGGTCTTAGCTAGAATTCGATGAAGGGTAACTCCACTGCCGATACCCTGTAGAAACAGAATGCAGTCAGTGTATCAGCTGAA,219,50.23,Escherichia coli
SEQ_412160,GCATGTCATTATGGCGAAATCATCGCCGGGCCCCCCTGTTCCGTCTGTGCAGTTGTACCGCCTGGAGTACCGCTGTTCCGATTGGGTGTGCGTCACTCAGTGTGGTCACGGGATAATACGCATATAACCAACTTAACACTGGAGTGCCCTTCCCGCTCCCCCGCACCCTCTACAGCTACCGTAGTTCGGGTTGACGCCTGCTCTGTAAAGAACAGGTCGCGGACTTAGGGCCGCAAACCCCATGTTTTCTTTAATGAACTACGCCGCAATATGTCTTTAGGGCCCTCCGTCACCGCGGACGCATTGACGGGGTCCCCCAGATAAAGAGCGCAGCCCTCTGCACGGTCCAAGATAAATATAGAAGGAATCTTATTGTGTCCCTCATAAACGGAACCTTAACGGACCGCGCGTCCTTCTTACCGTCCGACGTTCCCGTGGCTAACGACTAAGAGGTTAGTAATAAAATTTACTCTTTCGCCAGGTGCCTCACCGTTGCATTGCAAAATCTGACTCCGTCGTGTGGACAACCTTCATCATCGTATGCTTCCGCGGTGACCATTTAAGGTTTGCACGCGAATCCTACAGGAACGTCCCTGACCTAATTTGTTTAAATCCGGTACTCGGTCAGATACTCCCCCTTAGAGATTCTTCATTCGGCAAGACGATGGCACCGCTGGGCTTTTACTGGTTTATAATAGGGTCACGATCCAGCAGCTACGTCCTTTTACGGATGCTGTGATTTGGAGGATGCAGGCGCAACCCGGGAAGCTAGCCTACACGCATGATTTCTTCCCGCCGCATTAATAACAACAATGTCCGAATAACCTAGGAGCGTTGTGGCATTGTAAGGAAGTCAAGATATTCTCCGCATTATGCTTCATCAGT,885,51.19,Drosophila melanogaster
SEQ_344216,CCGGCGCAGCATTGCGACTGCGCTTGCACTACAGCGCGATTCGGACTGCTTTGTGTCGCCTCCTGTACCAACCGAGAGACATGGTTAACCATAGAGTCCGACTCGCAATTGGGAGTCGTATGAATCCTTCCGCAGCCACAAACGATCCTTTAGGCTGCCATATGGGGATATGTTGATACTGTTTTCATATCTCAGAAGTCGCCTAAGAGCTGTGAAGTATTGTCTATTCCTATGGGTCTACGCGTCTGTTTGCAAATTTTCTGCTAAGTCTTCAACCCTTGCGAGTCTCCCTAGGAATTCGAGGAGCATGCTGTTACTGGGCTGGTTGTAGCGCACGGAATTTTCCTCTCTCCCGATTTTCGACTGCAAGGTCGTATTTCAATCCAGGTGGTCAAGCCTATCATAGCTCCTCCTTCGATCAACTTTGCATCCAATGAGTTATCGTTGTCGATCAAAAACACCAGTAAGGGTGGGTCCGTTGTCATTACCGCATCTACCCGTCATTTGGGAGGGCGTCTCGGAGGTGCATTCCAAGCCAACGAGATTGGGCCAGTGGTTCTTATATACAAAAGTTCAATGCCAAGCATTTCGATCAACCGACAAGCGAGGCAAGATCGGACGATTAATGACATCCTGAAAGTTGGTTAACTTGCTTGTTGGCTTGTGCGCTCCCACTAAACATAGGGCTGTTCGTTTCACAAAAGGTACGTTAATTTTGACGTAGGCATGCGTAAACTGTGCGAGAGCGTCCGAAAGGACTAATTCGGCATGCAGTTGGGATTGCGGGCGTGCACAGTGCGACGATAAGGGGGCGATCGGAATATGCACAAGAGCCTTTCGATGCTCTCACGCGGTAACTAACAAAGGAGCTCGGGCGGGTAATCGCACAGAGATAACATCTGCTGCTTGCCTAACATGGTCTGGTGTAGGTGCTGATACGATAAACCGAGTCGCCCCAATGATATCGAAACAGCTCAAATCGCCAGATCCAGATTGGCGTCGGCCACGAGGATAGAA,1017,49.66,Mus musculus
SEQ_478006,AGACGCTTCACTTCTGCCTTGAACAACCATCTTCAGCTTGGTTATATAATCTGTATGCCACAGGGCTCCCTTACATTCGTGAATGAGAAGCTATCATACGCTTCCCGAACAGACCGATATTATTTGGCAGATGTCTGTCAACTCCATACTCCCCTAGCAGGCAAGGGATCATGCGGCATAAGCGTACCATTGGTCCTCTAAACGAGTAAAAAGACCTATGTGACCGACCTTTCCACTCCCTATGACTACCCGCATTGACTCTCCGTGTTGTCAGCTGTTAGAGATCTTAGCTACCGGGGTATTTACCGGATGTGCTTTAAAACACTAAACGACACCACCGAATATTATGAAGACAGCAAAACGTCTATGCTAATATATTCCGCCGCCCGGATTTCCAAGAGAAGCGTCGGTCCAATAACCATTTCTTGCACAAGGCCACGATTAGAGCCGGCGTAACATGTAGTAAGTGTCAAAGTTGAAGTACTGACGTACAGTACGCCTCGTCAACCTAGTAGGA,517,46.42,Escherichia coli
SEQ_666623,TGGTGTCGCAAAAACTCAACTCGTTGAACCTGCAGACAAGTTCAGCGACTCCGCTGACTATCATTCATCACGGGTCAACACTCCACTAGTACTCAGTACAGCCAGGAGCTCGTAGGATCGTCGAGCGAGCCGGTGTCGAGATTTGTAGTAACACATCAACCAGACTACGACGCATCTATGTAACTAGGCTCCCAGACCTGTTGCGGTAAGTTTCTCCTCAAGGAAAGTGTACGCTGAAACAGCCTCACGAACTCTAAGAAAACATCTGAGGTGGCTTCGATATCCTTGAGCTAATGATAAGAATTATGGCTGAAATATGGCGCGTTTTCAAGCTCGGACCAGGTCAGGGGTCCGACGCTTTGAACAAAGAACTAAGTAAGGATAAACGGGGACTACCGCTGACTATAGGAAACGGGAAAACAGCTAAGGTTCCAATACTAGACGTCCGGAACCGGGCTCTGATTCCTTGCTCAACCTGTGGCTCCGTGATGCTAGCGGCTAGCCAAGCTACATGCAGCGACAGACGTAACGTTCTAATGTCGTGATCTTATCCAAATAGCTCAGAGTGTGCTATATGTTCTGAAAGTCTACATCAAGAGGCGGGGTCTACAAGGCTACAGATCGGCATCACGTGCGCTAGGCATGGCGATTCCTTTTGCTGACTATTTAGGTCTTACATCATACTAGGACCTGCGTCTGTGCAAATAAGTTTAGTAGGCAATATGTGAACCGGAAAAACCTACCAGATAAGGTAGATGAGAATCGAAACAATCCCTTGGCAAGTCATTATTCACTTAGCAGCCGGTTATGGAGGAGCCATTCAGCCCCATATTGTTTCTGCTCCAGCCAGGGAGGAAGCACGAACGCAATACCTTGGGAGGTGGTCGTGGACGTCAAACCTAGATGCGCTCGTAACGGCGATCAACAAATACTGTTCTCTGAGTACTGACCAGACTAGAGTTAATGATGTCGGTGGCGGCGGAAATTCAGCGCTACCCACGCTATACGGACTAAAGATGGGTCTCGTCCTCACAGACCATAAGCATCCTGACATCCGTGGATACCTTTGATCGGTAACATCCCTGTCCTAGACGCTCGCTGCTGGTTGCGGCTTGTCTTGCCTTCTATTGATCAGTGCTGACTGTTTGCGTGGTGATGCCTTGTGCCAACCCAGGGGCCCTTCTATATGTATATAATTCTTACATAGATACTCAGTGAGCAGATTTCATTGCGTTTGACACAATGAAAGGCCGTTCATCCTTGATCAGCTAGGGACCACTCGCCCCTTCGCAAGAGCGCCCACAGGCTCCTGTTGTTTTAGCTGGATTCTTATCATTCGGCCTACTCGTGCACGGCTACTTATCATCGAAAGACTAAACCGTACCAACCCTTTTTCCTGGTACCCGCAGCTTTTGCCCCGCCGTGTATGATCGGGGTATTCGAGTCTGAGGTATAAGGTTGACAACTTTGTGAGCGATCCTTCACTTGGTCGAGTTCGCGCCTCTTGCGTCATGAAAAGAGAGAGGTCAGTAACCGATAGCCACTGTGTCCTCCTAAGCAGAACTTAGTAAAGCATTAATTTGCCTGCCTCGCGAAATTACCCGTATCTTTGGATTTTACCAAGGAAAAACAGTGCGCTCAGTCTCTGGGGAAAGCCTGCAACACTTGAGGAACGAGTCCGTCGATAAGCTACAAAGCACGCACTAATCAGCATAATGGATCAGAACGAATCAGACAGCAGATGATACCGG,1751,48.72,Drosophila melanogaster
SEQ_129583,TTATGTTAAAAGTGGGGCCATATGGGCTGAGGCGGCTCTGCACACTGTCGGCCCTTTCATATGCCAATTGTGCGAGCTCTCCGACAGGGAGATCTCGTCATTGCGTGCTAGCACCGTATGAATGCCTCGCGTACGGTATAATCTTACCTAATTTTTCTGTTGAATGGTTTGGTAAACACGTCTTGCACAGTTATATGTTTGACGTGACATACCCCTTCTCTGTGGCTCCATTGTCATACGCCCCTGAGTCACTATCGAAATCCTTGGTATAACGCTTGATATTTACGTGTGCGCTAGCTGATGTTAGGGGATCACCTTCTCAGCTTAATGTCACGGCACGATGATCACCTGCGCTGGAGGCATCGGGCCAAATGCATAAGTGATTCTAGGGTCCAAAAGACCGCCTTGATGTAATCCGGGGGGCCTTCCTTCCGCCATGACGGGCTGGCAACCAGAGGAGGTAAACGACGCCGCTTAGAGAGTGTGAAAGAAGTCTTTCTTGGACATCTGTTGAATTATCTTGTTGCGAACCTATGTTAGATCACTTGCTGTAAGGAGCGGAATCGCAAAAATTAGTAACCGTGCAGAACCTTATTACTGATCTGTATGGAAACCACACTTCGT,624,48.08,Mus musculus
SEQ_849144,AAACGAAGATAATTTGTGGGGCTAGTTGTAGAATGCGTACGTATGTACTTCTTCTCATATTCGTGGCGAGAAAGCGGCATTTACCAAGCCGGAAATCAGGTACACTTAGGGCCGGTTCTTCCCCGGTTCCTTAGCATTAGTCCCATACCTTGGAAACGGAATTCTCATTAATTGTCATGTCAAGCGATGTGTTGACATGGACAGTTCGTAGCTCGGTGATTAGCTATCGCAACGCACACAACACTTTGATTTACACAGCACTCTCTATTATCATACCTGTATGGTACGAGCGCGGCCTGCTGGATTACCCATTCTCAAGACATAATTCGTAGCCCTGACCTGCGGTACCAGTACTTGGCTAGACTGGGTCAAGGTGCAACCCGCTAGATG,390,47.18,Arabidopsis thaliana
SEQ_630602,TCTCTCGCCCCAACGTGGTCTGAAGCTTGCTAATCGATTGTCCACAGTGAGGTGGGGAGGCCAGAACCCTGTTCCCTCCGTCCGGACAATCACGTTTCCCTCATCCAGAAGAGCATGCTTACCCTCCTGTTGGTTTCGCACGTGCGTTTACGTTTGCTGAAAGTAATAATGAGAACTGGTTAATTTGTTCAATGTATCAACGTGGCCCGAAGCTCTGATACCGACGAAGGCTACTACGGAATCTGGCGGAAGCACCTTTGCGTTTATTGGTCCTATGAACATATACATAAAATGAGTCCAGTATTAAAGTGATTGCGAGAAACCCGAATATTGTCATTGATGTGGTTCCGTAGCGGCAGAACTACCATCTAGTCTGCTCTGTAACGAATAGTGAAGTTCGAAGTGCAGGTTTGAATTTACGTACTTCGGAGTCTGAGCACGAGAACATGAGACATTAACTCGCCCCTAACGTACTCCCGTTCATCCGCTAGCCTCTCCAAACGGAAAGGATGCCTCCCAAGGTTTTGCGCGGAACCCCACGACGGCAGTGCAAACAACTCAATTCGTGACTTTTGTTGATTAATTGTCTGTCCAATTGGCGTCGCCATGTAGATAGCCACTACAT,625,47.84,Escherichia coli
SEQ_648787,CTATTATGAGATAGCTTACACCTCCCCTAACGCCCGATCCGAGTCTCCACAATTGCTCGGTTAGCAGGTTACATAGTTAGCGACGCTAAATATCCTGGACATATCCTCAAACGTGACAATAAGCGAGGATTCGAACTCACACTCGTTTCATTCTCCTCCGCTCGATTGCTGTAGGAAGGGATGGCACAAGGAAAAATCCACATCAGGATGATCCAAATTGATCGGCCGTAAATAAGCAGAGTATCTCACACAGAGTAACATGTACCCAGCGTATTCAAGGTTGCTTAGCGTCGGCCGTGGCACCTCCCTCCTCTCTAACACAAAGAGCTCTAGGCTAGCGAAACTTAAAGCCCATAGGGAGGTAGAGCCAGAGACCTCCCAATTATAGGTGCGGGTTGCACAGCGTTGCGGCTTCCGAGAGGATGGCTTAACATAACACGGCTCTGGGCCAGAGCAACATTACGTCGACGGTCCTAATCTTCCGGGCAAGGTTTGAAGTCTTTTGCGAAACGTCGGACGAGACTTGACCCGTCTTAAACGTTTTGTTTGTAAGTGTCGGCCTGCATGTGCGTAATACTGGGTACCGCGGCTTGGCTGTACACATAAGCGAGTCCATTCCAGTAAAGACAAGGGATCGTAATATTTCCCCATTTTGCGACCTTGCCCGGCCATCCGGATGGAAGATCGAACAATAGGCCTGCCAGGGCTAGCGTAGTAGACCATGGTTATAGCCAGTTAAGTTGAATGAGCGGTGAGGAGACAACTCTGTGGACGTGGTTTTTCTTTTATCCGCGCGAGTATCTTGAAGGGATACTGGCAGGGTCGTATGACCGATATCTACCGCCGAATTTTCTACGCGTCAGAATTCTATTGGGTATTAGATAATGAGAGAAGTCGATACCATGTCTCCGCTATGTTTGTGTTTCGCGAGCGCTAGTACAGTTGGGCTCTTCAGCGACTCTTAAAACCCACGGGCCCCGTACCAGCACTCTGCATGAGCTTACGCTTCTCAGTATCAGAGACAACACCGCAGCTTCGACCCGTGCCGTGACCGCGGAGTCAATTGACTAGAGATGACAAGTTTGATGAGATACGGGC,1098,49.91,Arabidopsis thaliana
SEQ_860914,CCTGGTGCAATGCATGATAATTATGGTCCGGTCCTAACGATTGTGTCAACCCCAGCTAGGGATGCTATGCTATGCTTACTGAGCACGCTCTGGATGCTTAAAGCTCTATTGAGACTATGTGTCCTATGGACAGCTAGGATAGGATTGCCAACCCGCTTCCGGTCGCAGGCCCGACAGACTAGTACATTCATCGGACCGCCATGACAACGTGGACATGGTGCCGAAACTTTTCTAGGCATGATAGATAATGCACTACCGTTGTATAGCCTACTACACATTCACCGATATCGCTTGCGCTACATTGATCTCCGTGACTATGGTAGGAGCTCTGTACCCTGGAAATCCTGGCGCCGCCTCGAGGCTCATCGTTGCTCAGACCAGAATGCCATGTTGGATATGATGGGGGCGCAGAGATGTAGTCCCTGCGTATTGATGCCCGCTTGACTTATCTGGTTTCATCCGGAAGTGGTCAAACGACAACAACGTGACGTGTTTCACACGGTTTTCAAGACCACTTCATTTAAGACTTAACCTCCACAGGTTTTAGCGTTGTTTTCAGTCGATCCACTTTGGGCACGAGGTCATGACCGTGATAAGCTCCATTGCGCAGCACTAACTCTTTAAGATTTATGTGTTTGGCGATGGTTAAATTAGCCTAAGATACACAGAGCTCCTGCGGCGATCCATCAACTAGGCCGCAAAGTATTCAAGGACGTGTCGATAAGCTGAACATCCGTCGCACCCCGGAATGCGCTGTGCTGGTCTTCCAGTCCGAAGCTAAGTGTAGGATGAACTCACCTTGGTCCCCCATGTTTGAGCGTATGGATTATTAGGTGAATGGATCGATAGTATACAAACGCCAGCCAATGGGGGGGGTTAACTTTGGAAGTATTGGGATTCTAGCCCTTTTACTCCACCTATCAGGGGCAGTCATAAACACAATTCACGACAAATCCCAGATTTTAAATCGTCCGACCAGTACAATATGGCAGGTCGCGGAGCTCACCAAAGAAGAAGAACACCCATCTGTTCCTGTGCAGACCCGTTGACCCCCGAGAAACGCTTTTGCTGGATAAACGAGCACCACCGTCTCCCGACTTGACCCAGAACAGACCTCGGCGTATAATTTGGGCGACCATAGGGGTAGCGTCGTACCGCTAAGGGGTTGATTACCCCAACTCACGACTCCACGGTGCTTATCTGGGTTTCCAGACAAATCAGAGGACTCTACAGCGATCGACTGCCCCAACACTTGACCAGAAGCGGTAAAATCTGGATGATTATTTAGCAGTGACGATTTTTGCAGACGCCGCACTGAGGCGGACGCGCGCCCGATAAGAGGTTCTCGGAACATGTTGCCTGGCAGCGTAAAGTGCCCGCCGGAGTCACGTCGGGACAATTCGAGGATCAGCAAACATACACTTCCTAAACACGGTGAGGGATGGCCCCTACAGATACGACCTTCCGCTTTTGACGCCGTTGTAGTGTACGGGCTGGCTAGTACCTGACTATCGCAGTGGCTCTCACACATTACTTTTGACGTACCGATGAGGATGCTCAAGACTTGCCCGTTAAAAAACTAAGGAT,1587,50.28,Homo sapiens
SEQ_969829,CGGGGCCCGTGTCGGGACTAGCAGTCCTCGTGGGCTTAGTCTCGGGTTCTGCCATCCTGCACATGAAACCTACGTATGGATGTGCAGGCGGGTCGCATTGGCGTGGGCAGATCAAGATCAGATCAAACCCGGTGGTGCATTGCAGCAGATCTCTTCATGGTCATGAGTCGAGAGTAATTTTGTAAAGGCAGCCTTCAGAATACGATGGCGCGCCGGACTTACCATTCATCAGGGCAACCCTAAATTAAAGCCAACTTTGATGACTTGATGAAGGTAAAGTCTTAACCCTCAGGTATGTACCCAGTCAGTCGGCTGGATTCGTTGTAAAACAGAGTGGAGCCTCAAGTTTGAGGCTTGTCTTTTGGTCTTCGTACAGTCGCCCGGCCGCTTCTACGTAGCCGGCTTGTTGCGCCACTCCCTAATGTATATGACTCGCCTTCTCCCTTTAATGGTTGACCTAGTTTGCAGCTATTAGTAATAGAGCGCTCGAAGCTTAGCCAAAAAGGATCGTCAAGACTCATGGGGTGTCCTAGGTAAGCTTCCTTAGCCTCGATTCAAATCCCAGCGTATCTGAATTTAGCCATGACGCGTCTGAGCGTTCCGCCGAGCTCTAAACCGAGGGTGACCACAATGCAGTCAAAGAGATAGAACTACCGGAGACCGGAAAGCGGGTAAGGGACATAAACCTCGTAGGACCTACCGACGAGCGTTACTGATGGCGTTTCGCGCTTTATAAAGTTGACTATACAGCCCAGCGTAAACCAGCACAAACAAACCCGCCTATATATTAATAACCTACAGTCCATCGATACGCTTTCGTCCTGGTGTAGTTGAGCTTAAAGGAGTGTTTTATATAGGAGCGAAGAACTCAATCTCCTCCGTGGATACCTAGCCCACTGAAAAGGATACTTTTAGCTTACTTTACAAGTCCTGTTGGCGACGACTTGGGGGCAAGAGACAGACCGAAACTAGAGTTCATTTCTCTTTGTTTTCGCGCGCTCGGGGATAACGTGCGCCTGGTGTACTTCGGATCGTTTTGCCGATGCATTGCAAGTGGGAATTGCAAGGTCGATCTTGCTGGGGGATATGTCTAGCGGCCCGCAAAGGCAGCTAAAGAGTTGAGTGTTGACCTTATAGGAACACCGCACAATACTAGCAACTTCCACTTTTACCCAATGTCGCTCTGAAAATGTGCGCGGATGATGACGTCTCGCGAGCCAGTATTGATACAAGGAACTACAAAGCCCTAGCGCTCTTAATCAGGACTCATACCATGAATGCAGCATCGAAAGGCAGTCAAAGTCTCGAGAGCACAACGGCAAACATTGAACTAACTATTTACGATTAACCTCAGACAAACGTCTCGCGTCATATGGAGGTCGTGGGAATGGACACCACCCATTACCGAAACGAGGCACTTCTCGCGACAGTCCTGGTTCCTAGTAATGTAGATTCTTGAACGGATTTCGTCACTCCGATAGACGCGCACGTCATACCAAGATCTTAATACTCAATGTTGGCCCTCGTTAACTGCAATCAGGGGGATGAGCGTAATCTTCTCGCGGACTGTAACAGTCAATGATGTTCGTTTAAATCGTGACCCTCCGGTTGTCATCAATAGATATGTCTCCCTATAGAACAAATGTCCAGATATGGAATTGGGCACCCGTTCCCTACTGTGGAGAGCGACTACTCTTAGTCGAATTATATGCTATGTTAGCAGGTTGCTCGGGTCAACAGACAATGTTTCCGTGAGCAAAATTGTTGCCTTTTATAGCCGAATTAATTGGCCTCGAGAATGTTCCTCTAACAAGACACTTTCTTAAAGGATACGTACAGTCTTACGAATTGATCCAAGCACTGAGCATAGGACAAGCTGGTTCGTTGTACCCATCCCATAGTACGCCACGTTGAGCTTACTCGATGAAATCAT,1933,48.01,Arabidopsis thaliana
SEQ_838945,CCGGACGTGACTCGAGTCGCGTTGGAAAGGAGCACAAAAAGCCTCTATCAAACTACTATCGCGTGCCCCTTATAAAGAGCGAGGTGGTTATTTTGGAATGCTTAAGGGAGATGAATTGCCGTCCGTTCAGCATTCAAGTACAGTGTTGCGATGGGGGAGGCTTAGATTATGTAGGAGTTCAGGCCGCGATCCACAGTGCGGTTAATGGCGCTAGGGTACCGTGAAGTACATATCGGGATGGGAGAAGCCTTAATGCCGAACAAAGTGAAGCAGAGATGTACGAGGTAAAATGTGTGTATATACTGACTGGTGGCTTAGGGGACACATAACGAACTTCAACCATCGACGTCGTAGTTTTTACTGCTGAAAACTGGGCGAGAATGCGTAGCCCTACTTTGCCTTGAAAGTAACGACGACCCCAAACAACGCCCCCGATGACAGGGTATCCGAGACATCTAGGGGCCTAGATCAGTTGCACGGAACACGCGCCGACGAACGGTGAAGACTCGATTTGACGCTATATCGTATTGTTGGTCGTTCCTAGGACCGACTTTCGCGCAAATAACTCGATTTGGCGCGCGTCACTATTAGTATTTTATCCCTTCGAGATGTGATCGATTAGGTCCGGAGCAATGGTGAATTATCTTAGCGATCGACCACGTAACTCGTAAATTTTCGTCTGTGACCCTAGACGATGTGTGAAAGTAATCGAGGCGCCTCCGAATTAAATGAGACTTCTGGCCGATCGGCAAGCAGATAGCAGGGCGAACGGATGTTAAACGATCAAGAGTGCAATTCCGCTGTCTGCCTTGTGAGCCGTAGTACCTTCACGTCTGGATAGCCGCTGCGAGCCCAGAGGTAAGACCGGACAGTCTCTTGCGGCGTTGAGTGCACCGCGTCTAGTCTGCCGTTGGCGTGGGTGACAGTGTCTTGCAGCATCGGAACCCGATATTCCAAACCGATCTTTTTGCCTGTAAGGGTCACCATCCGCACTCTGCAACCATTAAGAGGCCGCCCCGTCTCTGTCTGAGGGGTCTAGCCTTCGCGACAATGGAGAGTCCGGGTTTAAGATATCATTCACTCGTGTGATGGCAACGGAGATACCACACCATTCATCTGTGCTGGAGGGGTTAGTGGTTTAGCTGGGAACATAAGTCGGGTCCAACAGGGCGGTTATGTTGGCGCGACACAAACTCTATAAGACAAGGATGGGGGCGCATTCTTGTGGCTCCGAGTACTAATTAAGCCACGTCACTGCGATCTCAATGTCGTGTCAAGACGGAATGCGTGACCACAATAAGTAATGTAGCCCCGGAAGCACAGTGTCCAACACCAAGGCTTTAACGATCCGCCGTTTCGCGAGCCGGCATCTGGATTTCTGTAGATAGAATTGCCGATACGAGCACGCTGCGCACCAGCGGTGATACCTAGAACCGACGATCGCTAATTATATTTTTCCAGTTGCCGGTTTTCCCAGAAGGTAATTCTTAGAAGTCCCTAACTCTTCTGGGTATTCCGCGCCTAGACTAGTTATCCTATCGGACCCTCGACGAACCGTACT,1561,50.8,Mus musculus
SEQ_418263,AGCAGGTCGCGGAGACACGTAGCTGGGAGAAGAAAGCTCCACGTCTCTCGTAGTTGCAATTCACGTGTGTGTACATAAGTAGTCCCAAGTAGCGGATTATTTGTCCCAGCTATAATCTCCGTGAAAAAATGATACCGCGCGGCGCCCTACCATGAACGATTTTGGCAATAGTTACTTTGTAGAATAGTCATCTCCTGGTGCATAACGTCGCCTGGACTGAGGAGAAAAAGATATGCGTGTGCTGGTATGGTCAGAAAGAACGAGCATCGATCGCTAAGGTGACATCTTAGAGGATGTACCCCTGGTAGCTTCAAGTCCCTGATTAAGCATGTTCAACAGCGTTTCGCCTACTATCCCTCTTCTCCTGACACTCGCCCGTCCGCATGTCGAACACCTTTTTTCGCAAGAAGTGTAAAGAAGGGATTTGACCTGACACCAAGAAAAGCGGCTCGGTTGGTTACCTAATTAAGATTCTGGTGTCTCTTAAAGTACGGCTAGCGTTTGGTAGTTTACTGGCTATGCGTTTTCCTAAGCAAACCAATACTCAACGCAGGAAAGTAGAAACGCCAGAGTTATCATGGGCGCTTAAGGGGCGTGCGCGGATAGACGAAGTACGGTAAAGGGAGTGTCCAACCGATTTATGGGGACTGGCGAGTAGCATGGGGAGGTCGATCAAGCAAAACGTTAACCAGCTCCGAGCCCCCCCACTTACTGACGATATTTCGTGTAGTTATGAGCAGGGTCAACTCGTTCCCTCACCCCTATCCCCTCTTATTTGTCTGAGTATATCTCGTGTTACCGTCTTTAGCAGTAGACCCCTCAATCACTCGCTGTAGCCTCTTATCTCACCTGAGTTGGATTGCAGTGGGCATCAAACGTATTAGATGCAAAGGCTTCTAGTAGACTGCGTAATTGGGGATCTGCGGAGTGTGGTTGGGTCTTGCGAAGTGTAGCCAACCTGCATGTCGCGACCGATCTTAAGGTCGTTGGGAGGACGCCCCAGTTCGCCAATCGGGTGTCAACGGAAGCGTCGAGTGGGGCCGCCTTAAAAGGAGCTGATACTGGAAGACCTGTGAATTCAGGAAGCTCACGGGGTCAAAGTCGTTCCTGTGCCGTATCGATTTAGTCTAGGCCACAAGCATTGCTGAAGATGCCATGTGGTCCGTTACCAAATGTAACAGCATACAACCCGGGGGTCTTTGGCGATGTCCCTTGTATGCGGGTTCCGTGTGGTATAACCCCTCGCGACCATTGACGCAGCATTGCCGGGGGCACTGGCTCCAGACTCCCGAAACGTTGCGGGACCTTAACAGTTGTGACGGGAGAGGCCAAAGAGGTTAAGGTTCAATGCTGATGTAAACTGAGGCATAGCCCGCGTGGGAGCGTTCATCATACACGGTGGGTGAGGTGCGCCTCTTCGCACCCATACGCTCGCATGCATCAGCGCTGGAATCCTTTCGTCGCAGGAGTGATGCTTGTAAGCGTTTAAGTGGCACGAACGGGTTATCGACCTACCGTGAATGTTCTATGGTTCCGAGGGTTACCCCGGGCGAGTCAG,1558,51.35,Saccharomyces cerevisiae
SEQ_586752,ACTTTTAGACATAGTAAGCGATAGGTACGAAGAAACGATGTTGTATACACAGGAATGTCAGTCCAGGTGGAATATATAAATTATCATGGTTCATGTTCCTCGATAATCCGATATTGAGGGATTGTAAACAGGAAGCCATCTACTCTACTTTGCCTAGGCAGTATTTTGTTTGTAATAGTACGCCCTATCCATACGGGGGTTCGCCTGCGCTTGGCTTGGACCTAACTACGGGACTGACATTCTTCAACCAAGTCGGGGCTGGCTTTGCAATCGTGGCACTCTAGACGATGTGTGTTTACACCTACCTAGATACCGATAGAACAGAAGAGCGATTTTCGTTCGAGACAGCCGTATCCCGAGTACACTTAGGTCGATCACTCACCGGTGGGTCATCCTTGTAGCCGTTTTAATCAGGCTCGACTTGTACGGTTGGGGATCTCGAGGGCAAGCTGGCCTGTTGGCATAACTATCTGTTGTTCGTCATCCCTAACTTTAGACCTCCTGGGGCAGGAGATTAATACTTAGACGGACGGTTTGGCTGTACGGGGGTCAATTTGGCTATTTAGTAAGACCCTTTAATACCTGAATAGTTCTAAGCACTCGGCCCGTGATAAAGCTGATTGCTTGGAAACCGACGGGGGGAACCCCGAAGCCCTCAGGGGAGAGCCGGTGCTCGTAGCACTTACCTTGTTGTGAGAAAGGAAGAAGGCACACAAGATCTTCCCGAAGCGTACCACACCGTGTGACCTAGATCCCGTCACTCTGACTAGTGTAGTGTTAGCACACGCGAGAGCCACAGAGTCGTATTATGGCTAACAGTTATCATGTACTCTCATTGGAAGTGCCTCAGTTTAACCTAGTGCTACTAGCACACTACGGATATATGTAAGCCTGTACTAAGTCGTCGCGAATCTGGCGGATTACTATGCGTCGAAAACGCGAGTGCTTAACAAACTACCTCACCCAACTTCGGAACTGCGGTGGGAATATAGCTAGTTGACGAGTTTAGCACTACTCTATGGAGCCGTTACGGTTAGGAATACTCGGTTTTAAATCCGGTTCGCGTATCTATGAGATTGGCAGGCTACGGATCGATCCGGTCGGGCTGAATATTTTCGACCAGAGATATTGATCACGACAGCTGGGGCTTACAGAACCCGTAGAACAAATTCCTTTACAAAACCCTCCACTACACGAAAAGATCTTTGTCGTGTACCACTGTAACTATCAGATAAAGACATCCACGGCACATTGAAAAGAATAGCTCATTGAGACCAGCCTACTAGGGGGCTTGTCAGCCTCTAAGCGAGAAAACTCCTCTCGGCTATGTTGTTTTAACGGACGAACGAGAACTGTAAATCACTGGCCGTACAAAAGTAATGGATAGGGGAAATCGCAGTTGAGCAAACCAGGCGGAGCCACTCCCTATTGAAACAGTGGCTCGACGCCTCAGGGCGCGGACTCGCGCTTCCGGAGGAACCGCGCAACCTTGTATTCTTTGACCCGGTATATACGCTGTGCCACTCCTCCGCCACTTTAGCTAGTTACTCTACCGGCACCTATTAAGCCGAAGAGGTTAAGCATGGCTCTCACTAACTTGGGCTTGGAGTTCGCGGATTACCAGCACGCGACGTGTGGTGATCGT,1645,48.63,Saccharomyces cerevisiae
SEQ_924137,AGGTCCCGCGATAGTGCTTTAGTTCTCGCCGACCAGGCGAACCCTCCACATTAACTTCGAGTACGCTAAAAGGTATACCGCTGAGCGGAGCCGGAGTCTCTAGTGGGTAAACTCGGTACCTTACAGAGCATGACACGCCGGCTTGATTGTTGCAACTCTTCGTATCCCCGAATACCTACGTCGAATAACTTCGATGGATAAGGATCAGTGCGTCAAAGACGCTGACAGCGGCCTGCTAACACTATGTGGTCCTGGGACCCACATAAAGACTCATTCCAAAATGCCCTACCTCAGCACAGATTTTAAAACGCCCGTCGCCATTATCTACACACACGCCTATGAGGGGTGAAGCTCATTGTGTAATAGAACTTTGATCTAGAGGCAATGCTCATGCACTATTAGGGTCCTGATTACCTCAAGTGACTTGATGTTTCTTTCAAAGCCGGCACAATGTGCGGGCATCGGCTGGAGAGAGGATTCGTCTGCGATCATCGGCGCACCGGCATATAATTTAACCAAACTTTCCCCTTAAGATACATCTATGTGACCTGCTGAAGATAACTGTCATTGGGAGCGGCGCCAGAATCACTCAGGAACTTTACGTTTACGGCATACGATCGATGAACTAATCCGGTGTTCCGGGTGTCGACGGCCATAGGTTGCACCTAGCGTGGTATGTTCGATATAACCTCAGAACACACTACGTCAGGAAGCCAAGCTGCCGGCGGTGTCTGACACCTTATCTAGGCCCGGTTACGTGGTTACCTCCTAGGTAGCGGCCATCGTCGCCCGGTCCCTCCGGTAAGTCCACGACAACTAGTCGTAAATCCATGAACTTAGTGATCCGGAGCTTCTAAACATCAGCAAAGGCCGCTACGGCTGATATCATCCCGTAACATTGACAGGGGACGTATGCTCAGATCGGCGGGGAAATGTCGGCGAGTGTTGCCCCATATTCAAGTTGCCTGTCTTCACCATGGAGAAGTATCCTATCGACTCGAAGCCGGATATTGAGATAGATAGCCAAAGGTGCTGGGGGCGCAAACCCCACGGCTCCACAATTCTGAGCACCTGCTTAAACCCGTGAATCCTGAATGGTGTAACGGGGGCGATGCATGTGAGTTTGGTTTGCCATTGTCGTTTTGCAGGTGGTATGAAAAGAGCGCCATGTCTGGATGAATTAGTCTAGGGTTGCACGATTGGGACTTCCACCAGGGGGGGCGTTGGGGTGCCGCAGCCACCGAGTATCCGCCCTTGGATTCGTAGCACTGGTGGACGCAGCCGAGCGGACTGTGTTCTAGCATTGCGTATTAAGCAAGGCCTGACGTGGGCTTAGGCACTACACCAGCGCTTGAGTACCGCGGCCCTAGCACAGCTGAACACAGATGAAGGCTTGCCACCAGTCTTTGGAATGTTCTTGAGTCTGCCCATTATTCGCGTGTATCAGGGAGGCGACAGGATCCAGAAGCTAGGTTGCAATTAGCTTGAGTATTTTTACTCGCATCACTGGTAGTTACATGATCACAGAGCTCACGTCGTAACTGTTACGGTCAATGCCGTCCGCAGGTGAAAAACTGCAGTTATCTTCT,1589,51.48,Caenorhabditis elegans
SEQ_162634,CTTTGTCGATTAAGGACTGCATTTACAAAGTAGGGGGCTAGGCGTCTACCTTGATACAGGGGTGGGTTTTACGCAGCACGTGTGTTATCTTCATCCAGTGTGCACTGGGGATCGGCCCAACTCACCTTAAAAACGGGCAATCCTTCAGTGACATACATTCATGCCATGTATCAGCGCTTAAACAGGTACCAACAACCTACGTTGAGGAGAGTTTCTAGAGTCTCTAGTGCGACATTACTTCAGCTTTCTAGCGTGCAGCTGCCGCGGCCACTTTAATGTGGCGAAACTCTGGCATCCGGGATCCTTCTGGCGTATGCAGATAGTTTACGACGGCCTGTCCAGCGCCAAAGTGCAGTCACCGCATCCCGGACTAGTTCTTCACCTCCTCTTGTGAGTGAATTTACCGTGACTTTGGGGATATCAAGTAGCCAATTAACATGGGGTTCTTTCGAACTCAGAAACTCGAGGTCGTCCATTTCATGGGGACGCCAGAGTACGAAGAACTTTCGCATACGCCTATTCATACCACCCCACTTCACAGCCGCGGTCGCGGCGTAATCGTGACCCACGCCTCATCGGAACAATGGCGTCAAGGCGAGCAGCTAACCAAAAAGGAGCCCTGGGTGACATTTAGAGGTTAATGTCGACCACCCTGAGAACCGCCAACCAGACGATTGAGAGCTCCTATCCTATCTCTGCGTGTGTGTCGCCATAAGGTAGCGGATGCAACTGCCAATGAATGAAACCGATATGATCTTGGCCTAATCGGTAAAAGAACCGTGAAGATCCGGGGAGCAGGCCTGTGGGTCTAGCATGCCTTAGAATTCCAGGACACATGGCCGTCTTATGTCGGTCCGGGCGCAGGCCTGTCGAGGTGGCGTAATCGCTACAAAGCTGTAAGTGAGATTATTAGCGGGCGGAACTTGAAAGTGAAGCGCGACGCCCGCAATTGATTCATCCTGGCTTTAGACCAATTACCCAAGCCAATAACGGATTTAAGCTCAGGGTTTGGTTCACACTTCCACTGACGAGTTCCGGTAAAAAGTCCCATGTTGTGTTTGAATCTAGTTCGTGCTATTCAGCCTATTCGCGCCGTAGCCAGTGTGGAACTGAGATCCGAGGATTAGTCCCTGTATACTGAGATCAAATTGTCTAATATTGCACCAAACGACGAGTTCAAATAACTGATCCGACGTTTATGATTCGCGCAATGGAGATTCGCCAGAAGTGCGTGCATCAATGTTAACAGCTGAAATTCTTGGGCACATTTGCCCATCTTTTACTGGTCAGTATTCTTTTCTATGCATTTCCTCACCTGCCTTCCTGGGGATCTTGATACCGTTACTCTGCTTACATCAGTGGACCTCTACTAGAGAGCAAACTATAGTCCTCAAGAGGACATCCGGAGATCATATGATAGCCCTTGCTCATATTTGTGGAAGGTATTCCAAAATCTCCCCAGTTACCCCAGTAGACGGTTTGGGAGCCGTGGACGGCTCTGTGCGTGGACAGCTCTCCGTTGAGTAGGGCTTGGCTCATTGTCAACGTCGATCAGCTCAGGTGTAGAAACATCACGCAGGAGGGGGACTATCCGGTGAGAGTGGTTTGTGCTTGATGGCAATGGTTCATGAGCGGGACGTAGGGCTCGAAATGCGTAATAGAAACGA,1667,49.85,Homo sapiens
SEQ_692976,GCAAGTCTATGTCACGAACACCCTTTTCGCCGCGCTAGTTCGACTAAGTTCGTTAGGAGGAATTATGACATAGGTCATCCAACTAATACTATGTCCTCGCAGCTTTATCAAAATCTCGTGCCGCCGGTCTAGTCAGGCGCCCCATGCCTACATGATTACCTAAGCCATATCCAACCTCCACGCCAAAGTGATCACGGCGAGCAACACTCTTTCAGTAGATTGGCACTCGAAGGATACGATCTCTCAACCTGCTCATGTGGCTTCTAGATCAAGGACGCTCCAGTTATCATCCGAGGTAGGGGGTGAACCTAAATAAGGGTCCCCCGATGCGGCGGTAGGAACCCCGTGGAGGTGTCGTACAGATTAAAAAAGCCCATCGTGAGTGGAAGCACTCGCCATGAGCGCGCGATTGTTTGGCGTCGCGTCGTCTGCGACACAGCACCTACAAACCACAGACGGTCATGACGACCTCACGGACACCTTAATGGTGCCAACAATTTATGTTTGAGGGCTTGTCAGTAACCAACCCAGTGACCGCCCTGAGCTATAGTATGCTCGAGCCAGCGACCTCCCACAAGACGATTCCGAGTCGGTCATGGGGTTCCTTCATGCCAAGTTAGTCGCTGAATTGTTCATCTGCCACGAGGCACGCCGCGACGTTTAAAGCAAAACCAGTAATCCTACTTTTTTATGACGAGGATCTGGGGCCCAGCATTTTGAAAGTGCATGTGCCACTCCGGCTTTCCACATTCTCCAAGCAGTCTTATTAGATAGTGGGGGGCCGACCCGGTAACTCTAAATATGGGGCAAGGGCCAGAGGTTATCGATAATCGGTCCCTTGCTGTCTGAGGCAGGCCCTATGGCGCATGCAAGCAACCCCTAGCGTTATGTACAAGTAGGCTGCATGTGGGCACCGGGAAGCTTAATCGATGTAGCTCTGTCATTAGGCGCGTGGAAGAGTACGTTAATATCTACTGCGCTCTAGCAGAACATTTAGAGCTGGGCGCGGTTTCTGAATTTTATCTTACGAGACAGAGGACGAGGTTGTGTAGAAAAGCCTGGCACTAAGGTTACGGTGGATTCTCAGATTGCAGCCTACGACAGTTCTGTACGATGCTTGTGCTCATCCCATAGTGCTCTGCGTTGGTGCCCAGGAACACACCCGAGGAGACTTATCGTCTTTTTTCCTGATCTAGGATAATGGGGGCTCAACATGGCATATTTGACCAAGAACCAAATTTCCGACTTAATCGGTAGGGTACTCCTCGGCAAAGCAAATTCGACGACCTTAAAGGGCCGGGAACTCTGGAAAATTGTCGCCTGGTAGACTTCACAACTTGAAGGTGAGACGGTACCCGTGTAGCGTCGAATAGAATCCGATTAGTGTAGAACTAATTCTAGAATTATGGGCACCGTCAGCCATCGGGCCACTAGACCAAAATTATTCGGGCAACTATTCGTCTGTGCCTAACGAAGCATCCACCTTGAAATGACATCGACGGCCAGCCACTTTGTAGCAGCTAATTCCTCTGCTCTGAATACGACTTTTATATCGTAACTCTGCAACGTGTTCAGCCTTCTACTCAATATAGTGCGACTCGTTAGTAATTATCTCCGGTCTAGTGCATTGTTACTAATTTTACCGATCGAATACCGGTAGAAGTGTAAAGGTACCTTCTCAAATGGGCCCGTAGGATTGAATATGACTGACCGGGAGATAGGCGCACTTCATCCTATGACAGACGACCACGGGAGCTCTCCCTTTTGTGACGAACTAAGACGGCGTGCTCCATTTCTCATAGATCGTTCTTAAGGTAATGGATAAGAGCGCGAAAAGCGCGCGTACTTACTGGTAAAAATCTACAACCTCGGAGCAACCCTTTCATTTCAAAGTGGATCCGCGTTCCCGCGTGCGAACGTAGGCAAACCTGCTTTGTGGGTATATATGGTGGTTGGGTGCTTCGATAACTAGGTAAGTAA,1980,49.44,Drosophila melanogaster
SEQ_281653,ACATTCGAAACTTTAGGACCGAGCGGCAAAAAGGCCATCGGAGCCGACGCTGGCCCTAATTCGGGCGCCGCTGTTCCACATACAGCCTGGCCAATGTCGTTTCAAGATGGCCGTCGGCCTCGAACCGAGCGCAAGCGATCGGTTATTTCGCGCTGGGCGCCCCGCATTGTGCCAAGTTGGTGCTATGATCCGGTTCGCCTAAACCGGCAGTTACACTGGGGTGGTCGTCGTAGTGGTTAGGGACGCTTCCGTCAAGGGTTATTACCGCTTCATAACACGTGCCACTTGTTTAAGTAGGGGGCTATTTCCTTGCACCGACTGATGGGAATCCTTAGCGCGAATAAGCCCGGAAGGTCTCCGATGTGCCGTGACGAAGCGGGATCGAGAAGGCAGGAGAGGGGGATCCTCACGTAGGAGTGATTGCTTGTTTCTGTCGACCTTACAGGACTAGGTAGGCACCGCATTGATGGGTGCTGCTATTGAAATCTCAGCGAATCCGCGTCAGTCACTCATGGACAAACAACGCCTGCTGACTCGTGGGCGAGAGCTCAGGCGCTTCTTGCCAGAGTCAAACTTCCCCTCGCGACCACGAGTGAAATCCCAGATCAACGACTATTCGGTGTTCTTGGACATATTGAACACCTACTGTCCGCCACGGACTACTGGTCGCGATTGCGGCTCTTACAATGAACACTATGGAGACGGCTGGTGGCTGTACGCTTTCTGTAGACCATCCGTACAACATTCACGGGCCACTGCCAACAATGCAATATACAGCCAAAACATGCAAGGAGGGTCGACCGCAGATAAAAGCCCCTAGGCCGAAGTCTAGCGAGCCGACAATCGCGGTCCCCCGCAGAGTTTGCATGTTTAGGTGAGTCTGATATTATGCGGCAATACAAGGCATGTATACGCTTTTAGTTAGGACTGGATGGACGCAAGACGGCGGACCTGATAAAGCAGCCCTAGGCCCCGCATAGTCTCTCCCATCTATTTAGGCTGGATTCATCGAGGCGGAGAAGTTGGGGTGGGGGGGTCCCATAGGCGAACGTTGAAAATAGTATTCTGGGTTTATTACAGCAACCTGAAGTGTAACTAGCTCACGCGGGTAGAGCAATGAGCATGTTTTTGATGACGCCTGAATTAACTGAACAGTGACTCCGCTTGGCTGGCCGAGAGATACTGGAATCTCATACTACCAATCTGTCATGACCAAGAGGAAACTTCGTGAGCAGAAATCTAAACCGCCCTAACTGGTTTAAACCAATCGTCCCGTTGCGCATCTTCCGCGCACGTCCTTACGCCCGTCTAGGACGGAACAATACGCTCGCATGTACGTGGATCGGAGATGTTCTCGCCCCTTCTGCGACCTAATAGTTAAGATGCAACCGGCGACGAAGGAACATTTCCTGGCTACGACCAACAACATCATGCTAACGATGTCCGTCATAACTAGTGTTTCAGCGCAAGTGTCCCGAACAGGGTGTCGTGCCTACGACGAATAATTCCCATTTCGTTAGTAAACTCGGGGCGTAAAAGGGCCATTTACGTTCTTGCTGCTGATCCAGGAAGCGTGTCCGCTGTCGGGTATTCCTCGCTTCTACGCCTGCACTAGGGAAGTATCCTGGCAGCATTTTGGTGCTACCCTCCAGGCTTGGATGGCCTGATACCGGCGCCTCTGTCATAGAGTTCACATTTCCCTATAAGATAATTAGCTTTGCCTGGGCCAAAGAGTTCCTCTGGTATTGTGGGCAACCTTGTAGTGGCAAAACAAGCGCTGCCGCGGACTCTATTAAAAAGTAATCCACACCGT,1813,52.56,Mus musculus
SEQ_367488,TGATCCTCGCCCCAAAGAGTACCACGTAACGACCGACACGACATAGTCTTAGCGTTATGCACAATGGCCACTGCGCCACAGACGAGATTCAACCTTTATAGAAGGCGCACCCGTTGACCGTATTCCGTCCGACTCGTCACGAAGACCAGCGTGAGCGACACTCTACCGACAGGACTGTGGTTGAAGGTACCATCTCCCCTACCGAGCGGTTCCTCTATTGGGCACTGACTCCCTTGTGTGGCCCGAGGCGTACA,254,55.91,Caenorhabditis elegans
SEQ_100559,AATATAGCCGCCAGTAAAAGAGTCGTTTTTGTGTTTCTGTGTGGCCAAGACGTTAGTAACCTTCGTATAGCTGCCGGCCTTTGACACAACCTTATCCGTGGGCTCAATTGTGCCACTTGTCACGAGGTGGCGCTGAACCTGTTTTTTACAGACACAACGCCGCTGAGCTGCAGGGGCCCCTACTTCGCGCTGTAGGTCAATTACTGTCTGAGCAGATGCCTGTATGGCCTCGATGCAAATTGTCTCATCACACTGTTGTTGGCAAAGGTATTAGATGGAAAGAGTGCGCGCGATTATCTCTGCGTTGTCACCGACTCCTTTCACGGTAGCACCCCCTGCCGCGCTTCTCTGCATACCGGCGGCTGTGTCACTGTGTAAATCCTGACAGTAGGTGTGGACGGTAGAAGTGGAAGTCGAGTGTCAACGGGTGGCCTGTCCTTATCCGGCTGCGATTCTTGTGGAACCAGGCATTCTACTTTTCATAGTCGGGGCGATCGCTACAATCGACACCGGCACTGCTAACAAGTTAGCATTGGTATATTGAAAGCCACCATCGCAAGGCTAAATTCTTTCGGTATAAGCCCAGATTATATCCACTACCCGACTCGCCAATTATGTTAGGACTGCTGAGGAATCGACGGAGAAAGGATGGGTCGTGTACCAATACCCCTCTCCTGCAACATCGCCGCTTCAAAATACTTCGTCGCCCTCATTCAGGCGGCGATGCTTCGAATATAGCCTTTGAACTGGAGAGCAACGAGCTTAGTCCCTCGAACCAATAGGAGGGGTCCGCGGGCGTAACGATACATTGTTCACGGAATTAGA,825,51.03,Saccharomyces cerevisiae
SEQ_384918,TAAGTGCCGTGGTTTTCGTTTGGGACCCGACCTTTCACGGAACATTAGGGTTCGTTCGAAGTATTGAGTATGCGGATTTGTAAGTAATGGTAAACCCGGGTAAAAACATGTTACGAAATCGATACTGTTGCCGCGCCTCTGTACCTACTCGATGTGGCGCGCGTACCCTAGATCGCAGGTCGGGATAATTCCGCACCCCTTTCGCAAACTAATGGCTAGTTCCGTTGAAAATGGGTGAGTTTCTGCTTACACGCGCGGCGGAATATCGAAGTCATGTCAGTCGACTGTCGATTTAGGATCTTAATCGCGCTTTTGTATGCTACCTTAGGTAGTATCCAAGCATGCGAGTGGTTAGCCTCGCGTCCACTTAGGTTCAGTGGTTTTATGCGGCGCCGGGCAACTGATTGTTACTTCTTTGCTATCTGTGTCCTTTCGCTAATTTTGGTTCGCGTCATCGCCGATGGTGGCGTACCAACCGTATTAGCTTCCGGACGCGGGAATCTCATGTAATCTTAGAATTCGGGCAGGGCCAGTACATCTTGCTATTACTAGAAATAAACGGAGACAACTCTAGTGTTTTTCGGGCCATTTATACCAACAACATGGGTGCTCCGTAATATCCCCGCTAGAGCACGGCCCGCACCTACACAGCGGGAGTAGCCTCACTGTATCGAGCAATTGCCAGTTTAAAAAAAACAAGAATACAACGGGGTCACCTGATCCAACGCCGAGATCTTAAAAATCCTAGTCAAAGGGGGGCACGCGATTACATTCCGTGAACTCCGTTCTCGGACGCATGGGGAAGACATTTCGCCGGAATTTACAGCACGTCCGATTCGAACCTTACGCCGTCTGTCGAAGCCACCTATCACTAATCGAACTTAACAGCAGACGAGTGCATCGGGATTGCTTAAGCAAGGCTATCCTATCTCTGAGTACAACTAGCAGGTACATCATGCGAGATCAAAGACCCCCTCTGTACACCCGGATGCTCGAAAAGTCGACGTGATAATAGCCGCGATACGCAGGTCCGTCAAGCGAAGAGCGACGGGTCCCGGCTTGAGGGATTGGTCTCCGCACAAGTCCCATAGCTCGGAGATGCGAAACGCTGCTAGGTGCGGATAACATTGCTAACATTCATCGAGACCCGCTGGTTTTCACTGCATCATGTACAGCTGGCTGGACGTGTCCAAATACACTGTATTGACCAACCGAATAGGCGTACAAAATCATTAGTATGCCAGGCAAGGTTTGAGTAACTAAACGTACTTGCTTCCATGCCATAATTATACTAGGGACGAGTTGGACTCCGCGATGGAGCTCTTTTTTGCATAATTCATTTTACATCCGACTTTCGGCTCCTCAGGGACTGAGTCGTGTATCAAG,1386,49.13,Escherichia coli
SEQ_329284,ATCAGTACTAGACATCCGAGAGATGATTGCGCTAGGATGGACGACGTGGTATATTTTACGACTCGCTCACATTACAGAAGTATCGACATTCGCGCAGGAGGCCCTTGAGACGAGTCCGCCGAGCCGTTTATGAACTCGATGCTATTGGCCAGGCGTTAAGCACTTAGTACTGAGCAGGGGGCATCATACGAAGGATACTCGTTGTCTCCTCTTAGGGGATTTGGTAACTCTGGTAACGGGATCACTGTGCCTGAGGGTGAACGTTAGAACTCGCATTGGATGTTGATTTTTTACGATTGCTGACACTGTCGTCCACGTATAGCGGTTATGTTCTTCTGCCGGTTAGACTTAACCCCCTGACACCGTCATCTACGTCTATGCACGAGTTGTGGATCACAGAGTAGTTGTACACACACAACATTTCTCTGTTCGGGGCCCAGTGCCAGAGAGAGACTTTCCATGAAGCGAAAACCGCCGAAAACCAGGCGACCTGACAGAGTTCATGGACGGCTACTTAGAGGCAGGAGATAGTCATTCAACGAACGTCTTGTGTTCATCGCTCTCAACTGGTCCGTTATACATCCAGCGAGGCTACCGTACTTTACCTGAGGGCCAAAGGGAAGGACACTATACCTAGGATTCAATCTAAGCGAGCTGCGTTGAATGCTCAGAGACGCGTCGCGCGTTGTCCCTCAAGTCTCACCCGCAACTGCTTTATCGACAGAGTAGTCGCTAATCGACTTGTTAAGGTCAACACTATGTATAGCGCTCCCCGACTGATCATCCTGCGTATAATGGTACTGTGTCAATTCGGAGGCGTATTCTTTTCTGCTTTACGCCACGGCCGTGCAGGGTCTCTTGTAATCGTTAAAGCGGCGAGCTTGTCCTTAACTCAAATTTTGTCCGTACTTTTGATCGCGTCTCAGCAGCGGGCGCATAGATCTTCCGCGAGAATAGTCGCCT,963,49.95,Caenorhabditis elegans
SEQ_440842,CCGGCATTCCCGGGTTTTGAGCACGGCGGATCGGCCCAACCGCCACGCGCCCATCTTCAGCAGGCCAAATCAAATCTAGGACAGGCTGACGTACGCCTCGCGTTGTTCGCAAGTAGAATCCAATGGAATTAGAATACGAGGAGAAACGAGAATTAACTTAGAGGTGATTTCGATTTTCTCCAGCGGAAGGGAGGAACATGATCTGTCATTTTCTCATCTACAAGCCTACAGACGCAGGTTACAGGAGTTGGGACAGAGCTCCCGATGGCCAACATGTTCCTATCCTTGCGCGTTCTATCCTTGACAGACCGGCTTTGTGGCGCAATGTCGCGGCGTCTGAATAGACATACATAATGCTGGGGGGGCAACATCAACGTCTCCTCCGGACACAGGGGCGCTCGTCGTGACCTCTATCTGACCCATGCCAGTCCGATACCTTTCGGCCTAGATTCTCAAGCCGGGGACACGACCCGCCCGGTCACTAGCTTAAAATATCGCCTGTAGTTTGCACATGGTGCGCCGATTGAAGTTATAACCGACGTCGCGTGGGCTGGCGAGGTTAAGAGTGACCACAACGGTCCGCCAATAACAGATCTGATATCTCCTCGCAAACCATCAACACCAAAGAAACTAGGGGTCCCGTTGAGGGTTTGGAGACATTCCGCGGCAACTAGCTCCGCGTCTAAATTTGGCATGCATTGAAGACCGGCTACTGATCACATAACAGAAATCTAGCTGAGAGTCGTCCATGTTGTTTTAAAGAGCGAGGGCCGAGTCTTGGGGACATTAAATTTACCTAGAGTGTGACCACGTTCAATATATGCATCATGACCCGCTCCCCAGATCAACAGATGGGTAGGCTTGCCTATAGGATGGTGATACCCGTCGGGTCACAGGCTCGATTTCAAAGACACATGGCAAGGTTCTTTGGCGACACAATATTATACATAAACCGTGCTTGACCGGTCTGCACGCTGCGGCTACAGTACTTTGCTCTTTGCTATCCCAGGACCCAACACCGACTCTAATAAAAGGGTTG,1039,51.49,Arabidopsis thaliana
SEQ_603052,CAGGCAGCGATGCAGGATCCATGGATGGCGCGCGGCTTTGACTGTACCGTGATAACCAACTAGTCTTACGAGACAAACGATATGGACGTCGGTTACCCAGAGCGATTCTTTGTACATATATTTCGGACGATGGTATCCGCCTGGGTATGAAGTGTTCGGTCGGATAATTTAGCCCGCAAAGCTGTGTTAAGATCAGTAGCATACTTGCGTTCGCGTTTGCAACAGCTCGGCTATCACATTAGTAGATAATATAACAAAATCTTACAAAGCCGCTACACTGACGTGGTAGGCTCGACAGAATATTTTCTCTCGGGTTCAAATGGGGGAAGGGGCGTGCGAGAAACATGCGCCATGGAGAGTACGCATTAAACTATCCAAGACAGTGAAAGTGGCCGGGGAAATCTAATACATCGGGCACAGACAAAGTGGGAATCCCACCGGGGTTCTCTTTCGTCGAGGGAAGTAGTTTAGGCACATTCTCTTCAACGCGGTTCCCCCGATCCGGGAGAGTAGACGTGAAGCCTAGGTAGCCTAGCGTTAGTGGTCTTTGGGTACGACACCTATATTTTATAGCGAAACAGTGGGCAGGAAGATCGTGAAGTAATGAGTTCTCGTAGGGTATGTCCTCAAGATAGGCCTTGTCGCAGTGTCCAGCGGATTACGACAACTAGCCACCGACTAAATACCCGTCTGAGTAAGTATTATCCACAACTCCTGTTTGGGGCGCATCTAGACTGTTCATGAATGGGTTGCTTTCAGTAGGGCACAGTAACAAAATAGTAACCGGGACGAGTGGTCCTTCCCATTCAGGCACACTGTTCTCAACAGCGTCACAATCGGTCTTGAGGTGGAGAGCATCTTCTCTCACCCCTACGTCGACGTAGCGCACGACCACTTCCGTGGAGGGTGACGCGACAGCACGATAGAACAAGAGTGATTTGAGCTTTGAACATGATGACCAATCCGCTAGAAGGGTCTATTTTATTGCGATGAGAGAAAAGAATCTTAAAGGTCAAGGATTAATTCCTCGCGGGGCACAAGTTTACCGGAATAAAAGGTCAGAAGAAGACAACTTTACATGTAGGTGGTACCAGCGGCGCACACGAACGCTGCGTAACTAGACAGTCGGCCCCTATTGCGTAGATCCACCGACATCTCACGATTCACGGAGACGCTGTTTGAGGCATCCTGCCCCAAAGGAACCCCATGTTCTGCGTCGATTCTATTAGTGTGACTGGGGTGGATAGTTGGGCAAGGCAACACGCTACTCCAGAATTGATACCCCGGAATCGTGACTACTCACGTCCTACGCAGGTGTTAGGTTATTTTGTTGTACTACCGAGCCTAGCGACGCGAACAGGATACTATCCGAGCATACGGAGCTCTCAAAGATTATAGAAGAGGTCTCAGGGAGTGGTCGTTCACTGAGTCTATGTTGACCTAAAGCGGCTTTATTTATGTTTGATCGATACGTATATGATGATGCAAGATCGGACTAATGCACGCCCCATCCGTCGTCGTGTTTTCTCAAGACCCTTGGGGATATGCGCTGGGGCGGGGAACTGTTGGGATCGCATTGGGAGAACGTACCTCACTGGGTAGGGTGCGCAGGCCAGTTTGACATGGGGTCCAGTATGTATCTTACTGCAGTATTTGGGCTACTGCCAGGCCGTGTTGTCTATTGAGCCACTACAATCGGCACCCTCCACCAGATGAAGCCCTGGGAGCGATGGGTCAGTACCCTTACAGGGGTACACCGTATCCGGAATAGTCACCATGTCAGCTGACACCCAAGTAGGG,1800,50.06,Escherichia coli
SEQ_825377,CGGTGCGAAATGGCCATAAAGTGCCCAAACTTAAACGTAGCGAGCATAGCCTTGGCGCACGGGTTGATTACAATCATCAACATCGGCGGAATAGGTTAATTACAGAAGTTACTGAATTGTGAATGGCTTATCGCTGCATTAAGCCCGGTGAACCAAGAGTAAACGTTTATGAGGAACCCGCTCAGCCGACCTACACTAAGGACAGTTGAGCAATATGGCACGCCTGTATCAATCATGTCGCCTCGGAGGTTATATGTGTCAAATTCAATACTGCTCGTACGCCGCGTAGCCTGTTAGACGGAATTCAAACCCAGTGCACTCTCCCCTCGTTCTTGTACCATGACATTGGCTTCATATGCTTTATGCTGGACATTGTGGGATTGCTAGCGAGGAGTGACTGTGTAAGATTTAGCACGGATCCTACTATACTGATTTGAAGAACTCGAAGCCCATTATTGTTTTCAATATCAGCGGTGGAGTGGGAATCCCGCGTACTCTGGCGTATGAACTCTGGTTGTGTGAGCTAGCTCTGATCTCAACGAACGGTACGGTTTCACGTGAGGTTGAGCGGACCAGGCTTTTGACTGGTGCTCGACGAACGCAGAAAACTCCG,613,48.12,Saccharomyces cerevisiae
SEQ_656386,ATTGGTGAGCCGCATTGCCTGCAACTGCGCTGCTATCTTCGGATGCCTTCAAGAGCAAGCTACCCGCATTTACCTTGCCCCACGGAGGGAGTTCGGAGTGGACTATCGCCTGGTCGTACCACGACTTATGCTACAGACGTGTAGACATGCATTGCTTTACCGCGACCGGAGAGGTTGAGTACATAATGCGAAGTGGCGTAACATCCCCGTACTGTTCGAGTTCATTCAACTAGGGGACGATTGATGAGCAACCGGATGCATACGGTGCTATCCTCATCTTGCTAAGCGAAACGTCACACTGAGGGGGGTGGATCTTATGAATTGTACGGGAAATAGTTGACTATCATTAGTCGCTGTTTTAAAAGTCCGTACCACTAAGCGGTCCCCTTAGCCGGTGAGCGGTGCAAGAGGTTGTCGAGCTTGACCCCTACATTTGACAAGGAAAAGCGGATCAGTTACCCGATACAGAAAGTGGTACTATCTGCATAACTCGCGGATGGTAAGCCGTCAAATAGTCTCGACAAGTACCATG,532,50.38,Escherichia coli
SEQ_820639,ACGTGTGTCAGGAAGACATTCACATAGGCGCACCCGGGACGTGCAGTGAGGTCTAGTGTCGCCTACGGAATATCATCGGCTACAACTGGGGAGTGCATCAGTATAAGACCCAGTTGATCACCACCTGTACCACTGGTGATAGACAGATTTCACGGTCTTTGGAGAAAGATGGCGGTAGATAAGAGCTTTCATATCGCCCAGGGAAAGGCTATCCGCCAGCCGTCTGACGATTACTCGCTAATTTTGCTTTCTCCAACACGAACTGGTACTAATCAATGGCAGGTATCGGGAGGTTGCGCTCATTACGACGACCGGCACTGAGCATACTTTCAGATTAATTCGGCTTGCTTGCAGGGCCGCGTGAGGAATGTTGGATTACATAACTGCGAAAGGGTTGGCGCAATGTCCGAGCTAGAATGGCGCGGAGGAGATCTATCAGCAATTGCATCTCTTACCCACGCGTCCCGACTCAGACTTTCACTGAGTCGCTAAGAATGGCTTCCATACGTCCCTCCATCACGTGCGATTATAGAACTACTCTACCGTACTGAGCTCATAAGAGAACAACATGCGTCAGAAGTCTCCCTCGGTAAGCCCCACGCCGGATGAGGTATGATCGGTCTAGGTCCGTCCTCTCGGCTGACTATGGACAGATCATCATTGCTCCCCGAATTCGCCCACTGCTCCCTACCCGAATTCCATGGTTTCGAATACAAAAAGTACAGATATGCGAGACCATCCACGTTTGGAAACGAGACCTTTGGGAACCCAGAACGGGAGAGAATTAAAGGCCTTTAACACGGCCGCGAATTCACAGTAAAGAAGTTGACAGTGAGTGTGCAAATTGAGTAATCAAGTGCAAACTATATGCGCCGAAGACCTTTTTATATTTGCGTGCGCTTCAGGCCGAGGGTGTCCGATATAACATTACGTCAACTCGTTTGGGTGATTGTCGGCTGGCCACTGCCTCGGTCGACTAGTCGAGTAATGGCAGGTAGTACCGATCAGATCCTGTGATAGCCCGATGGAAAGTAGGATGGCTCCTATCTTTATAGTTACTAAACGGTGCATCCTACGATTTTTTCAAGGGGGGAGGATCTTTAGAACTTCGCCCGCTGCTGGCCTCCACTCATGACAGGAGAACCTTAAACACAGGATTTAAGTAAAATTGCGCACCCCATACTATGGGTCTCACTACATGTGAACGCATCGGTTGGCAATACGCGGGGCGCTCGACTGAAGCGGGGATGAAAAAGGGATTGGCGGGGCGGCAGTACCAAACAAGCGAGCAATTTAGGGCGACGAATCCCGAGTCTCCGGTGTAAATACACCTTTGGATGCGTAGGCCATCGAGGCCCTGGTTATTTGTAGTGACCCTGTAGATACAGTCACACCCTCATTTACGAGTGAGCATGGATCGTGACCGGGACTGCATTCAAAATTTATTTCTGCGTTATACAGATAAATCGATTGCATTAACAGCTCCAAGAAACGAAGGTGAATCGCACACCAAGGTCCAATGCAGACTAAATTACCGTGTTACGCGATGGCCGGCTGATTC,1561,49.78,Homo sapiens
SEQ_375735,CAGCATGCTCAGGTGCCGACAGCAGACTGTCCCATCTGCGTAAACACAGTCAATACTATCGTATATTGGGAGGTGCATGCAATACCTGCCTCCTTATTCCATCAGGGCGTCACCAATTTTCAAGCGCGCTTAGGGTTAAAGAGTGGCCAATCGTGTCGCACTAATAAGGTTCTAGCGGCGGCCCGTTTCAAAGTATGCGTTGCAGAGGCGTAGACCCCGTACGGAGTGCCGGACCCATGGACGTTCGGCAATTAGATTCTCCAACCGTGTCCCAGTGGTAAGCAGCGTTGCAGCCTCCGTTCTAGGGCCTACGTCCGCTCCGGTTTTTTGAGCTGTCAAATATTCGAAAAAGATGATTGCTTGTCATTTTCCGGACATGGTCGGCGTTAAGGTTGATCTTATTCAACGACCATATCCTCCGGAAGTTAAGTCAGACCGCGAAATTGGCCGTATCGTACGCAGTCCGCATCCTTGGACTTCCATTGGTGGTAATGGAGGACTATGCGGGCCGCTATGGTAAAGTGTGGGGCACCTGGTCCCAGGAAGAGTTCAGCTGTTACCGATATTAGGAACTTTGCTGACCACTAAAAGCAGGGGATGCATCAGAGGGCAGATCCCCCTTTTCCGAATTTGGTGTGAGACAGCATCGCCTTTATCAGGGGCATGCACGCACAGTGCGGGCGCTGTATCAAGTACCTCTTGCCAAGTAGTGTTCGCCACTGGCACATAAGTCATGTAATGAAGTGTAGGGATTTACCACTTGCTATTAATATGAGTTCTTGGGCTTGTACACTCAGTAAATGGCTTCAATTCGCTGAATTGGGCGTATCCACTGCAATACAAGAAAGCTATGAATGGGCTACGATAACCCCTTGGGATGTGGACCCAGTTCTTGCGGTGATGGATCAATGGTCGGGAAGTGCATGACGTACCAGTTAGCAAACCAACTTACGTAGACCCACACAGTCAACCGCCCGGGATGCTTGGAACTTGCTGGCAAAAGAGTCCTTCACATCGAGAACAAGTATTTATGGAGGTTACGCCCCTAAGCGAATACGTATTGCCTGGCTGATACCTCCCGTGTAGACCTACAGACGCTATTGGGCGGGGCATCGGGCGTTACCTCCAAGTGACCATCGGAAACAGCAATGGGGTTTCAGGTGGGTTGCGGATTGGTCTACGCACTTATGGACATAGGAGTGACTTCAGTGGCGATGAGTAGACACTCTGCACCGAGGTTAAGTAACTACAGAACTCCTATTGACCGGCTGCGGTCTTCATCAAAAGCCCTGGAATTTTGGACACTTGCAAAACTTTTTATTCCATTGGAACCATTAGTGCAGCTAACTTCTTAATCCTGTCGTGGGAGAAGCAAAGCTCGGCGCAATATAACCGACAACGCAAAAGCGGCGATCGACGGTGCTTTTTTTAACCTTTTACTTGCGACTGAGAGTTTAGTGATTTGTTTACCCAGCTTCAATATCTTCCATATACCACTGCACTCCAACACTTCGCTAGAGCCTGTTGGCTACTCGCGTTGGTTGCACGTGCGAACGCGAAGAGCTTACCTATGCTGACATAGTGGGCAATGCGTCCTTTACGAGGTGCGACGAATAATCTGTATTCGTCCGCACTTGTTCGTAACATGTTGTAGACAATTAGTCCCGCGGATCAGAGCACTCTGGCGGGGTACATAAAACCACATCCCTGCCCCAGCGAGGCACTGCCCTGCATCGAAAAGTAGCTCCGAAGACGGTTGAGTTTGTGGATGGGTCCAGCAACTATAGAATAGCTTCGCACGCC,1803,50.08,Escherichia coli
SEQ_235956,CACGGTCTGGCGACCCACGGCCGTTCCATTCGGAGCGCTGCATCCGCGGCTAATAATCGGGCAACTTCACGTTCAGCCGCTGGCTGCGTCTAAGCCCGTTATGCAGAAGTTGGATAGGCGCGTGGTGCAAGCCCTTATCCCTACAGCATGCGCGTGGGTCGCCATCGAAACAGGTACCCCCTACGGCGTCCTCACATGCTTGACCCCCAGGCACGTATGAATTGTGGTCGACTGTTTGTCTCCGTCGCGCGCTTTGTGGGTAGTATACTTACTGTGGGTTCCTCCTCCAACGTCACATACCGGGTCACCTCTGGTGGGTCGGTGTTTGAACCCTAGCCCGTCGGAGACCGCGATTTCCGGGTCGTCTACTGGGATGGTTGTTCGTATATTCTACCGGTGTTTGTCAGACGTAAAAACCCATCAGCGCGCGGGCTGACTTACGGTACTTGTCTGTTCGCACTCAAAACTGACCCGAGAAGGCGGGAAGGTATCGAGTCTTTATGACTTCTCCACAGGCTTAGCGGATGACCTTCAGACGCTGAAAGGTTTTGCTGCCAACCGCAATTGGGCCCATTATTTTAGGTAACGCAGGTGGACAGACGATTACTACACCTATGACTAGTGGCTGCTCCTGGGGGCAGTTCGATGCTAGACAGCGGGTCACCACTTGCTGCCAATTACCTTAAGGTTTACTCTGTTACCACCTGTGTTATTTGATGGATCTTAGGGCGTAGTGGCATGTGTATTGAAGAATGCCACACCTTATGAGATGTGTCAGTATCCCGTCCGCTTACGCTTCCAAGGATCATCTGAACCCCAAATTCCTCGCGAGATGCCCTGCACCCGATCTTAACACATCTATGCGTGCTTCTTTTTATTAGACCCAGCGCGTTGGGAGGACGTGTGATGTACCCTTGGGCATATTAGACATGAATATCCAAGACATATCCGAACTACTCCTTTGTGAAGGGCTTGGTCATTTTTACTTTAATAAAGTAGCTGGTCCCGGATGAAAGGGGACTCGCACTACTTGTTTTCTATTTATCCTGGTACGATCAATCTTTATTGCTGTTACTACGGAATCACTTGCTCATTCAGCTTGTTAAACAAGGACTAATGGGCCCTATCCTTCAAATTACAGCCGGACATGCTTATCTCTCTTTTATGCATCGGCATTTAAACCGGACATATCCATTGGGCGTCGATTAGCGTCGTCTCTAGTCCGAGGGTACATTCCCGAGCCAATGCCCAAAATACGTAACTCGGCTAGTAGTTGATCGAGACACCATCCGCGTGTAACCATAAAGCGACTAAA,1315,50.57,Drosophila melanogaster
SEQ_186144,GTATTTGGGTCGCGGGATACCACCTTTAACGAGTGACCCCGCGAGGCAAGAGGCGCGTCGTTCCCGCTACCGATCTAGCGCCACGGCTTTTAAAGCTTGTAGCTGGGATGACCTTTAGGGAGCCGGTATCTTCACAAACCGATCGTGCGGCAAGAATCGATTGGGCCCGGCCTACCGGTGGCCGCTACAGGGAGATGGATAATCAGTATAATCGGTATGGCAAAAGCGGCAGGGTGTTTCCCGTACGACTGGCTAAGACAGGTGTATGTGCTCGACTACTCTTTCCCACAGGACACAGGACTTAATTAGCTCACCTCGAATCCGGTCCATTACCATAACGGCCCTAGCCTACAGGCGAAGTAACTATCCTGCGCTCCCCCCTCAAGTAGGGGAAGGAAATTCTCATAAGCACGCTTTCGCGGGTGAAAACTCTATCCAAGTGTTCACGGCCACATAGAACGGCGCCAAAGTCGGATTGCGTGCCGATCGGCAATTTTAGCTATGATGATTGTTAGCGCTTTGAATCACGAAAAAAAGGTACGCTGTTACTGTGATTCCCTCCAGTCCGTGGTTGCTGCCCGTGCCTGCACGTCGAAAGCGCTATATGCTGATAAATCCTCGGGTTTTATCCCCCGTTAGTCGCATTTCGTAGATAGCCCTTCTTAAGGACGTGGCATGCTTAGGGTCTCGCCGACTTCCTTCAACGAGGCTTTCCACTCTTCCGTACCTCTAGACC,736,52.85,Drosophila melanogaster
SEQ_118062,CAAAAACTTAGCGATCTTGTGCATTAGAGTGAAGTTTCAGCGATGACTCCGATACCGTATGACGAAGCTCATTCCTTATAGCGGTGCATTCATTCATTCCCAAGGCGTACAACTGTCCAAGTTCTGATGTTAGACGACGAGGGTCAGTCTTACTAGGGGTGAAACGCATATGTTGCGTTAGCGTCATGGATCTTTCGCTCTGAACCCGGGGTGCGCGTAGTCTAGGACCGAGACATATAGCACTATCCGCTCCTTTAGCCTAGCCAGTAATTATTCCGCCAGTATATAATTAGAGGAAGCGTTCACGATCATACTAGACCGAACCCACACGAGATGTGACCCAGAATTAGGAGGGCGATCCTAACGGAGATAGTCACTATTGAAATAACTTCTTGCGTCCTTGCTCTTACCCGACTTATTCGCACCGCGTGTATTGACCGGAGAGGCACCTAGTCATCCAATAACGTGCCCATGGTGTCAAATAAGTTATAAAGAATCGTTCGGTGACGCGTCAGGACGTGTTGAATGCGGATCCCGTCTTGTATCGGCAGAGTGGCTTATCCGTAGCATGTCGCGGGCCAATGCCAATGCCCGCTTAAACAGTGAGTCATAGATTGGGCTACCCGTTAGGCATTCCTGGCTTGAGAGACATTTTTCACCGGATCGCCACGGTAGCTAAGACGCTGAACGGAGAATCTCTATCTATTTTCGGCACCGTCACTAGTATCAGGCACCCGGCGAGTAGCCATCCTTTCGGATTGAGCAGTCGGCTCTATATTGTCTGCACCGGGAGAAAGATGGTATTTAGGTAATCCCATAT,820,48.78,Saccharomyces cerevisiae
SEQ_373395,TTTGAACAAAGCCCATAGGGAGGGCCCACAGCCTACAGGGGTACTCATGTAATATAGCAGACGCTATTTTTCGGTGAGAATCATAATTGGTGCTTTACCGAAGGCTAATCGTTGAGCTGGGGAACAGGGTCCCGTTCAGATGGTGCCGCACGAGCTTGTCGCGAGAACATAAAACCTAAGCCGAGGCGAACTAATGGCGAACCCGGCACAACGAAGGACTATGCATCGTATCGACTCTGTTAAAATCCGGCACCGTGTGAGCGTCCTACGCGAGAATCCGCACGGGCCGCAGTTGGATTAGTATCTTTTCGAATTCACCCACGCGTAATTTGGGCATCCGAGACTCGATAGTAGCTGGAGGATGCCTCTATTGCGTTTCGATCAGAAAACTGGCAACGAGTGGTTAAATCCCCGGCGTCCATCACAGGATGCCAGTTTTCCCTGCCCCCCATCCGACAGTACTGCACCCTGTCGTACAGATCGGCCTCCAACCTGGCGAATCTCAAATGCTTTGATTTAATTCCTACCTATGGGTTGATGACCACTCCCTCACGCCGGAGTGGTGAGAGTCAATGTTATCTAATCCGATGCACC,594,51.68,Mus musculus
SEQ_477088,GCTTGAGTGTAGGGGTGTTGCAACACTGCGCGGAGGAGTCCCAGACCTGTCCGACTCGAGTTTCGCAGAATAGGCATCCAGTAGTTTCATTAAGGCGGGCACCATATGACTTTGGAGCGAAAAGCGCCTTACCCTAAAGCAGTCACAAGATAAGTGAAGTTCGGTTTGACCTTAGAAATGCCTAATAGCGCAACTTTGTCTTGTTTCCGGAAGTAAAGAAATAATAGTCAGCACATGAAACTTTTTGAGCCTGACAATAGTCCTTCCTCAAGATATTGTCGTACTACGAATCGTTATTAAGCAACAAGTATCTGGTAGTGGCAGTTGTGCGGCTACCGTGATATTCGCCGTGTCTCCGCTGGATGAAATATCTCAACCAAAGAATAATTGAGATACCGAGGCGGTTTCAGTAACAAGCTTATACTCGGGGCCGGCTACCGGTCTGAGTCGAGGCACCGGAGTCAAGAGTTCCTGTAGGGTACCTTGCTACTCGCACGGTTTTCAGCGGAAGCCTTGTCTAATGTCGGATCACTAAAAGGGACGAGCACTCACGCGCCCACTCCAGGAGGGTCACCTTAATTCCGACCGTATGATGGTGGCCCATGGCTTGGATCTAGTCCAGGAGGACTCCTGTACGTGCGTCCGGCGCGAGTAGGTAGATGTGAGTTTCTGTTGTGTGACTAGGCTCACGAGGGTCTGCATTCCCTAAACGGTGGAAATCGATACCGGTATGTACAGCTCCAGCTCCGTGTGGTACACTGTCTGAACCGGACAAGTCCACGTATATTCTTTAATGGGTAATTTGCGATTACAATTAATGCGTCCCTGATGGGTTTAATATGCTACGGAGATTAAAGAAACCACGCACAGGAACGTGGTAAAAGGATTAAACGCGCTCTTCGGGGGCTCATTGTGTAATAAACAGACCATAGGGACAGGAGAACTAAGTTGTCCTTTGGCCAGTACTCGGGCTCACCTGAGCGGTTTGTGTTCACAATTCGGCCTGGACTCCCACATTTCCTGTATTCAATACCGAGACGACGTAGGGACGGGAGCGTCAAGGCTGCCTTTCAACGGGTTTCGCATCTTCGTCGGTACGCTACTTCGCGTCTACTCAAGTGCTTACGACGATATGCGCGTCCGAGAGAGGACCCTATGGCCGC,1163,49.96,Arabidopsis thaliana
SEQ_899046,AAGAGTAACTCTAAACTCGGGCTTGCGCCCGCACCGTCGAATACCCTGGTAACGTTTTAACTTTCTTCGGCATTTCGGTTAAGCGATGCTTAAATTGTGGAATCAGTATATCCTCCTAAATAACCAGGATTAACGCTTCCGGGTATCGATACGTTTCAAGACATAATATATCGCGCAAGCATCACTACGGCTCGGAACTATGTGGTCTATCCTTAGTTTGTACTGGAATCTTCATCAGCTTGATACTCGTAACATCTTTCATGCCCCCATTTAGGAATACCGGTAAACCGTGTCGATAAACTATGCTTGGCGGTCCTCAGGTTTAAAGACATAAGAGCTGTAATACAGGGACGATTGCTATAAACGCGGTACTCTATCTCATACCAGCAACACAGATAGCGGGCAACTAAGACGAACTTGGTTCACAAAGGAGATTATTCTACCTTGCGCATAATCCTGGTAGACGGGCGATACATTACCGCAATGAAGAGCATTTCAACAGGGGATTTCGTAGTCGCTCAGTCGTGTTGGGATCTCGTGGTTGGAGTGCATATACACCATCACCGTCGCCTCAGTTTCGGTAAGTGCGACACGGGAGTGCTGGTCAGCCGAAACCCTAAGATGCGAAATCGAGGGGATTACTTTATGCAGCCGAGGCATTCCGCTCTCGAATCAATTCCGAGAGCTTAAGTACCAGGAACGGGCCGTACCTCGACTTTGGGTGAACTACGGTCAATAAGTTCGGTGCACTCTGATGACCAACTAT,766,46.87,Mus musculus
SEQ_608302,ACCTTGGGAAACTATGTGTCTACAAGGTCCTCTAACACAGAGGATGCGGCCGGCAAGTATACGACATTCATACCAAAAGGTGGCCCTTTATAGTATCTGCGCGTTTGAAGCTTAGATGGCGACGCCTATACTCAAACCGATATGAGGGCGGGGTATCGCGTAACGAACCAAGTCCACACGAAGGTTTGTGGCCTTATTAGCCATATCTTTGCGTCTCCGCTGCGAATCTTTAAACATGCCCGCGATACATCCACGAGGCAACATTAGCGGAACGGAAAGTCGCGTCTTCACAACCCTACTGAGCCGATAGTTTTGTTGCAACATAGTCGCAGAGAGTAGACGTATCTTAAATCCCGTAAGAGGTCAATCAATAGCGCGATCCTACCAGAACGATTAAACGACTTAGAAGTGAAGTCTATAGAGGAAGCTAGCTTATACAGTCCACAGTCGGGTAGTGTTGCAACAGGTCAGTATTGCCTCAGGAGTTTAGTACACGTATCGACCGAATACAGTGCCCTCATAAGTTGACTGTAAAGATCTGCTGTTATACAATCGTTGTGCATCGACTCGCATCGCGGCAATACCTCGGGTTATTGGTAATTTTTGATAAACCGTCGCTAGGAATGCATGTAACCCCCTTAGTACTGTTATGTCGCCTCTCCTCGGTGCAGCCTTGAAAAAGCGTTCGTATTGCGACACCCAATAAATTCCTGCTGCCCCTAAGGTACACCACGAGCGGTGGCGACAAATCGCCTCGCAACACTAGTGGCGACCGATCAGGCAACTTTCAGACAACTCGAAGTACTATTTCTCCATGAACCCTGGAGCGCGTGACAATAACAAGCACAGGTCAGGCTGATTGCTCATTTGGTCCATTCTCTGTTGTTATCTTGGAAAGCGGCCGTGGCTAATTATGTCATAAGGAGAAAACATCGGTAGCCTCAGGTCTCCGGAAGGCGTTAGCAACCGTGTACCGCTGACTTGACGATTGCGCCGTGAACAGTGTACGAATATTATTGGATCATCGGCTTCTTCAATTGATGACGGCCCCAATGTTAAGTATTTAAGGTGCTCAGTACAGACTGAGGTTTAAACCTCCAGATGGTGGTCAATATGGATCTTCGAAATAGATCATCCGGTTGGTACCGCTGTTTTAATGTCCTGCCAGTTCCAACGACCTTGTTGCAAAGCGTTGTAGGAGAGTGCTTACGCTATCTATACCCCACATACCAGAGGTGTCTGGACGATTACTTACTTGGTAAGCCGTTGGGGATTATCTTGGAAATCGGGAGTGGGTGTTTTGCGGTGTGGCGAGATATTAGAGGAACTTCAACGCCGGGTGATTGACGGGTGACTACG,1359,47.9,Arabidopsis thaliana
SEQ_723957,AAAGGGTCAACTATAGCCTCCTGTCGCCACTTTGCCGCGAATAGATTACAGATCAATGATGAAGAGGCGTCATTTCCAACATAAACATCGTAAAGCATTGAAGCAAGAGTTGTCACCAGATATGTCTGCAGTAAGCGAACAACTGAGCAAGTACAACAAGGCTGCCTCAGATAACCTCGCTTGCCTTGAATATCACGCCTTACATAATTGAC,212,43.87,Drosophila melanogaster
SEQ_198383,CTTGCTAGACAGACCCCACGCTTTTATAGTCTGTGTAGCCCACGCACTTCTCTGTACAGACTGGCCAGCTTACGGCATTATGTTCACCCAGGACGCTCACAACCAAATACATAGACCACGATTGGTTTCATGTTATACGTAATTCGGGTGCCGGCTTGATTAGCTCATGCGTCCAACCGGAAGAAGA,187,49.2,Mus musculus
SEQ_546978,TGTTTTCATTGACTTAGCACCAGAGCTTGCACAGCAGGATCTGAAGTTCCCCAACGTGCTGCAGCAACCCACTGTCAGAATTCGTAAGCGTACCACCATATGGCTGGTACGAGATTTACTGGTCTGATAAGTATTTGTATGGGCGACGAAATAATCGGCCACATGGTCCTGGTTATGCTGAGAAGTGTACGCTGTAAGGTGTAGGTGCTAAAATCGTACTTTCTCTGGCGATATTTGACAGTTTAGTCAGGCGACTGAGACTCGCCCCAGCGACGGAGTGATATAAGCTGTTCGCAGGTTAACCAACATCCTACAAAACGTTTTCGACACACGCGATAACGCTTCAACCCTATAGGATGAGGTGTACCCAACTCTTTCACGATTTTGGAAGCTTGGAAGATGATAAATGGAATCTGTCGTTGTGTCGAGAAGGCGCGGGTTTAGTTAGCCTTGTGACCATAATGGAAGCGAATTGCAGAGAACATCTCTTCTATTACCCAGGCGTGCTGCGGGTATGCGTGAAACCCTGCTTGATCCACGTAGGCACAACCTCGGAAGTCGCT,563,47.96,Drosophila melanogaster
SEQ_665388,ATCGTGAAATAATTCATACAGGCGGGGGACACGGATTCAGGACCTTTGCACATGCATGATTGGCAGATGTATTTTGTCCTCGAGCCGATGGCATTTAGTCATTAGCACCCTGTGGGGTTAACTTCACGATGATTCCCCTGTGACAGCACTACGAAGTTTGAGAGGCGCAACAAACCTGGGACTAAAGCACAGAGCCACTGGACGAAATGTACATACAATAGTGGCCCTGGTCTACTGGGTTTTGCATATCCGGGGGGCTACAGCAAAGGCGGTTAGTATCACGGCGAGAGGAAGACTGTCTTGAGCAAGAGACGAAGCACATGGGACCATTCTTCCCGACTAGTGAAGCTACCCCCCTGCATTACAGGACAGGTCATGACCAAGCTACGCAATCCCCGGGCTTCTGCGCGAATAACTAAAGTAGGCACCTGATGGCGCCTGGTACAACGTTTTCGACTCCCGAATGACATCTTGGGCGCTGTGCGCTTATCCCACAATGAGCGCTCAGGGCGGTAGTTGTCTAGCGAATGCGATTATTAGTCGAGGGGTGTGGTCAGGTTCTTTATGGTCAGCTGCATAACCAGGCCGACCGATCGCTACTGCGCAACAGTTAGCGAACATAACCCAAGGAGCTTCGGAGAGTAGGCTGGACGTCGGCGGCCATATCTTTTCGGACTTTTGGTGAACTGTAGTGGAAAATAACACTTTCACGAGAAGCGATGAGATTGAGCTTGACTAATCCCGCGCGTCATACGACAGGTACTCGAAGGAATTCTTAAACCAAGGTTACACTAATTCAATGTTACTTTGACCAGGAACTGGAGATACTAGAGCGCGGGAATCGACGTTTCGATTTCATTATAATCGATTGGCCCCCGCGTATAGACTGAACGACGTAGTCGATTTCTAGCCAAAAGTAAGGACTTGCTGTGGTCTGACGAAAGCCTGGATAACAAACTTATCAACGATTCTGCCGCACACGCCGCTATAGATGTCACGCAGAAA,1005,49.85,Drosophila melanogaster
SEQ_746263,CGGAATGTTAAAACATTGCCTATACTCAGGGCGGCTTCTAGGTACCATGCGCCTTTAGGCCAAACTAAGTATAGGATCCATATGCAGATAAACACTACGCTAATCCCACCCGTCATTGTTATACCTAATAGGGTAAGAAGCATCGTCGACTCTTTTGCCCATGACCATTGTGAGTGTCTTGTAATTTGGACTCGCCCCACTGGCGTGCAGCTATGCATAACCTAGCGGAATCGGT,235,46.81,Homo sapiens
SEQ_795003,GGGACAAATACGGCGCGCCGGATTCCTCAAACCGCTACCTACACTCGCAACTGACTCCTGTCATCAGATATAGCATAAGTACAATAATATTAACAGTTAATACCTAAGTTGGTTTAAGCTCTCAAAACGCCTCCTTGGCAGCGGAATTCGGCACAGAAGCGAATGGCGGCAATGTTAACTCCATTCCCGGGAGTTGGATGTACCTGCGTCATCACGGCGCGGAAATACTCCCCCTTATACATTTTAGGATCACGTTAGTGAGATGTGAAAGGCGCGCCATTGACAGATGGTGACCTACCGGCCGCTCGTTTGCCGAGAGGATTAACGGGACTGAATCCGCTAGAAACGACGGCGTGACCTCCTAGTCATCGTCGTCCCACCACGCGGCCCGACCACTACCACTAGAGGTGGCGCTTACTTACGAAAATCGAAGACGACTTCGTGATTTCTGACGGGGTGATATAGATAGTTCCGTTGGAGTGCTGCAAAAAGACAGGGCAGTACTGCGTCCCGCAGTCTTTCGCATAAAGCCCGAAGCTTACAATTAAATTACTGCAAACACACGAACGTGGGAGAAACTCTTACGGGTTTATCCACGCCTATCATAAGCGTTTAAAGTCGCAAACCTGCCTAGTGAAGCATTTCGATGTCCCCGTGGCTCCTACTCCGATGACGATGACTTACGAAAGACGTCCCGTGGGCCTGCCGCAACAGTAAAGATTCGTAATGAGGTTTTTGCCTTAACCAATATAAGAGAGATTTCATAAGGCGGTCTGAGGCATTGTGGTATTTTAGGTAACGCTTCGTGGAGCCGTCGCCAGTATCCGACAGACGAACACTGATCAGTCCGTGAAGCTCGAACACTAGCGTCGCTGCTCGCTCTGCGATTGGAACGTATGCGCACTTATCCGCATTAATGCGTTACACTCTATCTTTGCGCCAATCGAGCTCTAGTTCAGGGCAATATGTTAAGACTAACCTACCTCTATTAATCTGCGTGGCCGACCCGGCCCGCAACACAGAAGTCGGAGGTGTCGCAGTAGACATCCCCTCTGGTCACACAGCAGACTACCTCCCTAAAAAATGATGCCATATATCAAACCGCCCGGAGCCGCGAATGCTTGGGCGGATTACGATGTTTGGCCGTTGTCCCTAATCGGGTCTAGACCGGCGCAAGGGATTGCCAGCGTAGTTCAGATCATTCCCCTCTTCTACCTAGCTTGTACTCCTTCAAAAGCAGTCGGACTCTGTGCACGAGCGGCGCATCGAGCGCCAGGGCCTTGTACAAGAAGGTCCGTCTAATGTAACCCATCCTCTCAACGGGTGAACTTAAACCTCAAGGTTACCCATTACAACGACATAACACGTACCCAATCGGGGGATTATCCCAATTGCCATCGTCCAAACCGCCCTAAATGTCTTTGTCAGTTGTGGATGGTGATTATGTAGCGATATCAGTGCACTTGATGTCTTCTGGAGCACTCTCATCAGGGCACGGCATCCTGTTGCGCGAACCACCAGACTCTTCAGACACATTTATTCCGGGCTGGTAACACGTGCTATGTGCATGTTCTCGATATGAGAGAATGTACGCGATAGTATTAACATCCGCCCTGGCTATTCCCGGTCACACCCCGCCTAAAGCTTGAGGGTCAATGGCGTCTGTTTCTGGGTATAGCCAAATCTCTGTGTAGCTGAATATTTGTGGGACGGCTACAAAGCTGATTGGGCCCGGCCCGTGTGTCTCCGCCGTAAAGATGGTTTCCGATTCATCAAAGTGATGTCTTATTGCTGGCCGTTCTACTAGCTCTAGCTGACGGCAACTTCGGCCTCGGGTTTACAGTCATCATGCGAACATATAAGGATGAAAGTACACCTCGGGTGACGATGCAAGCTTTTATCCGCCTACTGGTGTCTTCGTACCCATCCTATAGATTAT,1939,50.34,Drosophila melanogaster
SEQ_548255,AGCTGTAGGCGGAGCTCAAACCCGTGATCTCGTGCTTCTGTTTCGGCACAGTGCCATCAACTCGGGGTGTTCAGCGTTGGCACTCGAGGGTTCGGTAATGATACAGTACGCCAATAGAGGCGGTAACTAAAAGGATCCCGAAATGTGCAGTCGAGCCCAGTGGCAAAGAACTAAGGATTGGGAGTGGCATCCGTCTAACTCCCGTTCTATCTACTTGACTGAGTAGTAGATGCTCAGCCGCGGCTGCTGTTAAATTGGTTTTATTAAATATATAAAAAACAGTACATTGCTACTGCTGTGCT,302,48.34,Caenorhabditis elegans
SEQ_854251,CCCCTTAAGGGTATTTAAAGACCCCGTAAAAGCCATAGCTCGATCTAGTAGGGAGAGTCACGGATTTTGCACGCTGGTGCTATAAATCTTGGTCTAACGCACGCAAGTTTAAATGCCGACGCCGGCCATGGGTCGTCGGTGCAAGAGACGATATTTCCTGTGATTTCCCATTGGCGATTTTCGGCGTCACGAACCGTACGGGAGCTTCCCATCATATAGATGGCTACCCTCATCAGTTCGAAAGCCGGACTAATTGGGAAACAGCTGATCGGTAAGATTAAATTCTCGTAGGGTGCACCACAACTGAAGGGTCGTCAGGGGAGTCTTCTAACTAATCTGTTGATCAAGATAAAAGAGAATAGTAGCCCTACGGCCAGCCGCGGAGCGATGAGGAATGGTCTCATGAAAAGTCCATTCTAGGAGAATCGAGATGGTCTAGGTGATTGATCAATGAAACAACCGCCTCAGAGGTTAACGGTCAGGTCGGCACTCTGGGTGTCCCACTGTATCTAAATGCCAGACGTACGAGGTATACCCACC,540,49.26,Saccharomyces cerevisiae
SEQ_841430,AACTATGACGGGTGGTGCCACCTAAGGAATCCTTTCCTTGACTCGGTACAATACGTCTAGGTACGCTGGTCGTGAAGGACAGCACATAGCGACAGAGCCTATTAAGGAGCCTATACGTACGGCTAGACGGCAATAGGCTAGGGGTCTGACCGACTGCATGGGGCCCGTCTCGACATGCCTCCGGATCTATATCAGCGTACTGCTGATTGGGCCGAGTGCGGGCCAAGGATTCATGTTAATTCCGTTGGCCTCTAATAGGTGTGGCCCTCCACTCTACGGGTTGGTGCGGTTAAAATAGCCGACTGCCACACTCCCGCCCGGGTTACCGGGTATGCTTTACCATTCCTGGTCCCACTTGTAGAGGGATTACCTAGTGACTTGCCTCACACGAATGCGTCAAATCTAACCAAAGATAAGCATTTCCAGGTATCAGTGGTGTTGGCTACCATGTAGTTTGCGCGCGGTATCGCTCGGGGTTTGGGTCTTATCGATGCGAGGGAACATGAACGAACCAAGGGCGACCAGTATCACTCCGCTTTGTGCGTATACATTCAGACTTAAGTACTCACCCGGCCACTGGCCGAGATACCTTTACCTTATCGTCACCAGAATGGTCCAACAGTACCACCACTACTACTAGGCTCTGCGTATTATAACGGCTGATTGTTAACCTCGCTACCTACACCGGGATGCTCTACCTGTGCCACGGGAAGATAGCGGTTCACTAGGAAGCCTATCCCGATGACACCGATCCGTCAATACTATAATAACCAATACCAAGTCCCACTCCCTACCGACAGGTAACCTTAAAGGACATCATGTGCCCGGGAAGGGCCAGCAACACGAAGACTGGAAGTCTTATGGGCATTGGGTGGTTTGACCGATATAGACACTGACTTGCCTGATAATCCTGCGTTTTAAAAACCTTCCTTATCATCCCTTACCTATAGGATCCATGGCGTCGGAAAGGCTAGGCCAGCTTTGACTAAGTAGTCGGGGCCGCTTCATATAACAAGACCGCTACGCAGGTAGGGGGAATGTAGCGAACGCCTAATTATGCAAAGTGTCAATGGTTCCTCCAGCTGACAGTTGACGCTTCTGCCCATGGTTAGAGCAACCCTCCCCCGAAAAGCACCTAATAAAGCAAACCGTTTGACACTTTGCACTTCAAAGGTAATGCTCCGCAGCGACACTGCTCGTTGTTTTGACTACGTGGATGTTTGCTGCGCAGTACCTTACCAAACGATTGGTTATTAGCCATAAATT,1266,50.63,Saccharomyces cerevisiae
SEQ_915484,CCTTTATTTTGCAACCCCATGCCATCTATCAGTATGTGTTCTACTCCCCATCCTACGCCAAAATTAAGGGTGAAAATCAAGTCTTCAAATCTCTTGAGCAATCGCCTAGCCCGGACGCAGCCGCACATAAGTCTGCATAATTGAGGAAACGGGTTCGGAAGTGTGGGTATCGCATGAGACATAATGTGACTGATGTCTGAAGCCACGCCGTACAGAGAAAACGGTAATGGTGGTTTGACTCGCATTCGATAAACCGAGGGCGTTATTCGTAATAGACACTGCCAGAGGAAGTACAGCATGGTTCAATTGGAAAGCCTTGAATTTTGTTCTAGCAGCTAGCCGACAGCTATGGACTTTCGCGACCCTCTTTGTCGGGTCGGATATTGCCACTGCTGCGTCAATTAAAAATTGGTACACAATACTGTGCGGTTATTTACGAACATCATTGGTACCTTAGGCTCATATAGTCATTGTCACCTCCCACGAACAGCCCGCCTATAGCTCTCAAGTCGCCGTATTAGGATGTAGAAGATAAAAATTACCTAACTATCATCTCAATGTCTGAGCTTAGTAACGCATCGGGTGCTCTCTGATGCCAACAATAAGCTACCCTTCGTTACCAGAAGCCAACGCGAAGGCTGGCCCCAACAAAATCTGCCGCAGGGTGTACCTGCCATCAAGCAATTTGAAGGCGACCAAACTCGTGAGCCGTAGTACGTCTGCCGCTATCAACCAAGGCGCGGACGACTTCAACCTCCCCCGTAATGTTCCCTTTTACATCACTACCGATAGGAACTTCGACCAGATATAACGTCTGCGCTGGTGTTTGAGCCCAGACGTGATCGTGCTACGGATCGAGGCTCATCTAAGTCTAGTGATGTTCACTATCTCTAGCGTCAACTCTCATAACTCTGCGCTTAGCTATACAGTCTTAAAGGCTGCAACATCTTACCCTACGCAATCAGACGACGTTTGGTAACAGTAATGGATTACCGTATGGTACGCCTGCGTCGGTCTGCCATCGGATAATTGACGTCGCCGGAGCCCAAAGGGTGGAATAGCGCTAGAAGGCTCGGTCCTCCGTCCGGAATATGACTTGTGTACGGTCAGCGACTAGCCGTGTCCACTTGTTTGCACGGGATCGCCAAGTGTACCATAATGTTATATATTGTGACAGCAGACCAATGGATTTTCCCCCAATATAAGTCCTAGTTCGTATAATATCAAGTCCCGTAATCACTCATTGATGCTTCGGTCGCCCTGCCACCTTAAGGCGGGGTGCGTACCTAATGAGACAAACCCCGACATTTCTGATTTGCTGCGGGGTGGAGATGCCCACGCGGGTCAGCGCGACGCGAGTTGGGTTGTCGTGGATTTATGCGGCCGTAGGGCATGGGAGCGTTGAGGCAGTCTGTAGACGATAAAACTGTCTCCTAACGTGAACGCATGTAGCTAAGATTGGATGAGAGTGTGGCTATCATATGGGCCTTGCGTGCAAGGTAACTCACTAGCTCGTTTAACACCGGTGCAAGAGAGGAAGCACTGCTCGGAAATTTGGCAAAGCTCGACGGCATGACTTATTTGTTGAGGGACGTGGCCCCTTTTCCTGTAAGTTCTCCCCTGTAGTCCGTACGTTGTCGGTGATTTATGGTGAGTGCAGGAGAGTTCACG,1671,49.31,Caenorhabditis elegans
SEQ_102177,GACTTACTGAACCAGGTTAGTGGACATGAAGATGTGAGACGATGTTACTTTTAACTCGTGATGACAAGATCGCCCGCCGAGCTGCATACACGCTTAAGCGGAGATGGCGCGGTGCCATTTTAATGCAAGAGCTCCGCCAGTTCTCTGGAGTGTAATCGATCCATCATAACTTGCGAGGTGCGAGACTGTGTCTGCGAATAAATAGTTCGTCTCCGACACCTGGCGTGGTTCCCTTGAAATACAGTGGGCGACAGCGCCGTTCATGAGGTGCCGTTAGTGTTGCCCAATCTCCTATTAGATGTGACTACGCAACAGGAACCCGATGTGTTTCATTCGCGCGTGGCAATAGTCTTGAGTCTCAGAGACAAAGCAGGCGGTAAGTATGGCCCATCAGGCTACGTCCGATCCAGCCGCAACATTGCTAGGACTGCAGAAAACGCTGTGATCAAGCGATGCACTCGGCTTAGGCGTTAACACCAGACCGCCTCATCTAGGGTGTCATCGAGCGCTCCCGACCTAAGAGATCGCTGTGGCGTTGATATAGTGATACTCACCGCTTTTCTTGCTGGGAACCCCCCTCTGCCTCCCACTACCCATTGATATCACGGTCCCAGGCTAGCCGTCTAGTGGCAAGTCGGGAAAGAGCGTGCGGTCCCTCGTAACCACTTAGCATAAGAGGCACGAAGAACTATTATGTCACTGGTTGGCACCTTCTGGCGCCGC,723,52.97,Caenorhabditis elegans
SEQ_976673,TCTAAGGGAACTACGGAGATCCCGATAAAGTCTCGTCGCCGAGTTAGCGGCTTAGATGCCTAGCCCCGAACAACTGGATGCACCCGGGACGGAAGTTTGAGTACTACTCAGTCTATCCGATGGGACTATGCTTGTGTGAGGGCATCCGGTTGAGTCCCAATGAACTTCACTTCGGGGATCCATCCACAGACTATGCCGATCAGAATACTGATGAATTCTAACGGGTAAGTGCGTCTAATGAGAAGCCGCCTGTTTTCTAGTCGGGTGACTGGCAGGTGTTTGCTGGGTCCACTCACTGCTATCGTTTACTGGATGCCCACTTCCCTATCCTCCTGTCTATTAGTCTCGTATACGACCTGTGTTACCATCAGCATAAAGCTCAATTCGATAAAAGCACACCCACAGGTCAACCCCTCAATGGCCGCATATTTAGCCTATCTGTAAAGTCTTGTTATCTAATGAGACTATAGAGTCATGCACCCCATCACCTATTGGAGCGTAGCAGGAAGATGTTGCTCGTAAGGTAAGTGGCCGGCGCGTTGATTTAAGCCGCAATCGATACTCAGTACTGCCTCCTGGTGCATGTTATTCACTAACGTAGGTCGATAGGTTGTCATGTGCTTGTGGGCCGAACCTTCTGGTAACGGCGACAAGGGCGTCTGTGTTGACAGGCCTACGTAGCTGCTCGAATTTCGGCTTATATCTCGATATATCCCGCTACTTTATGTCAGTATACGGTGCTCCGCCAACCGTAGATGTTCGTTAAAAAAGCATCAGGGCACCAGAACAATGGGGTGTCGGGTTCCCGATACGGCGAAAGACACCATGGAGCTGATTTTTGGTGACCGAGGGCGGGAACGTGTGCTGTCTTCACGCCGTGGCTCACCTTGACAAGTTTAATTCGGCGCAACCATTCCTCTTAACACGAAATGATCATAGGCAATATTACGTCGAGCAATAATTTATGAGATTTAAAACACCGATCCGCGCCCATCACTCATCGAAAGCGACTATCGGATTCGAGCGACAAATCGTGCGAAGGCTCAGCATACAACGCTCGGTACTATTACCACATGCCGCACTTCTAAACGACGTGGGTGGTTTGTTGTCGTAGCTGATTTGATTAATGCAGCTTGTGCCGCCATAGTTTACGGCTTTGTTCAGAACGCCCCTCGGCACACCCACGTTTACAGGTATTTCGCTAGCTAGAGTGCTTATATCTGTGTATTGGAGCAGGGCGCAGCTATCGTAAGTGGCATCCGAGCCCTGGGGTAAAGCGAGCATACGTACAATGTCCGTGACTTTAACTTGAGTGCAAGCCCTCAATCCTATTAGGAGGGGATGAGTTTGGAGAGGTGTTCTTCCTTCAACAACTATAAGAAGTCACTAGAGGTGAGCTCGTTGCCGCGTGGGATCCTGTCAAATGTCAGATCCCTGACAAGGGTACATGGCTTTCCAGCTAACCTTCC,1469,49.49,Escherichia coli
SEQ_447607,GACGTGCTCCATCTACTGGAGGTCGTGTGGATGCTGCATGCCAAGGATATCTTTGACACCACGACAGCACGAGCTCCCGCTTCACCAGGATCTATTAGCGTAGTGCGCAGGATGCGGCGACCTCTGGATATTAGGACGGCGGGAGACGCTACCCAAAATGACATCTGCCACAACCGCTTGAACCAGGCCGCGCTGTAAGAGGGCACGTGAGGTCCAGGTGGCTAGATGAGTGCTTTCTTTGGAAAATAAGCCCTGCATAACCGGACGCAGCAATACCTCACCAGATATAATATCTGGGGACGAACGACATCAAACATGGCACGGATTGAAAAGTAAGTAAGTTGCCCGACTTAGGGCCGCTGAAGCGAGCCTTGCTGCCGGCCGTGTGAGAACCAGCGACGACAGGGAGCCGGGCCCGGGAAGTTGCCGTCTCTGACTCCCTAGACCTCGCCTACGCTTGCATGAGACTTGCGGCTCGGGGAGTGTGAGATTGGGATTCCGTAGTGTTGAAGACTATTTAGATAAGACATTTAGACTTACCGCACACAGAATGACGTAAGCTAGCTCCTAACGAGTAATTGGGCGCGCTAAGTCTGCGCCATTAGGTCATCGCCGATGTACGGTTGTGTAAACCTCAAGCATAGAGGCCCTATCCTGGCCACTGGTGGCCGGCACAGTGCGAAGAATCGTCCCGATTCGGTATACAAAATGCTGGCACGTGAGCTTCTCCCGAGATGTACAGCAACAACCAGCTGTGCCCAGAAGCGTGAGCTGAGTCATTGCGCCTTTGGATCAGCATTCACTTCGCTCTATCAATTTAGCTTAAGTTGACG,833,53.66,Mus musculus
SEQ_715392,AGTACCCCTTCAACAGCGGTGGTACGGTCTCCTGAGGCATCATTTTATTATGTCCGGTTATCCTCTGACCACTCAGTCTCGCAACAATAAATTCTCAACGAGCATATTCGGGCTGTGGTCATCACTGACACTAGACACAGTGATGCCGGGGTTGGTTCGTGTGAGCGTGGCCGCAGTGAGTAGGGCATGTTTGCTGTCGGTGTGCTGCGAGGACTAGGGTTGAACCCCGCATTCTAGTTTATATCATTTGATAGAAGTGATCGAACTTCCTGGGGGGCGCGAAAAGTGGTACAGGTGAAGGAAGAGGCCTGCCACAACGGACAAAAGCTTATTACTAGAATTAGACACCAAAGCGAGACTGGATAGCTCGGACGAGCACCTAGTGGCCACTCCCCTAAGATAATCTCAACCACGGATGGCTTAGCGA,427,50.82,Arabidopsis thaliana
SEQ_393430,CTGATATTGTGTGCCATAATTCGACGTTCAAGGTAAGGAACGGAAGGCGACAGCATCACGTGAGTCACGCTAGCGACAGTACGCGTCTGCGAAGTTAGCACATTCGTGATAGTCGTTAAGTACAGGATAACCTCCACAAATACCGACCTTCCGCCCTTGTGTTCCGAGGTGTGTCCAAGAACACGGTGCGATAGGATTCGGCTGGTGCAACGTTTGTTCTATAAGGGGACAGTCCCCTACCCATGAGATGATGTACGAAACAAACCACTGCCAAGTGAGTCATAAGCCAAAATTAAGATAATCCTACGGACGCTCAGGACGTTACGGAAGCTGGAAAGAGATTCCACAAATGAACCCAAGACAGCCCTCCTAAAGACACGTAAGCAACCTAACGTTAAGGGCGTATTCAATCTCTCCCGATGTCCGCATTAGAGGACGTACGCGTAGCTTATTAGAAGGACGTTGTATAGACCGCGTCCTGGGGGACATTACGCCTTCACACGCTACAGAAGCGTAACAACTCAATGCCCGTTCTCCACGTCGGGAGATGTCCATGCGAGAGCCCCAGAATAGGTAAGGAATCGAATGTTGGTGCACCTATTGAACCGGATCGTTGCTCGAGCATGTCCTCGGAAGCGCCCTTGTTGCCGACAAGCAACCTGTCTATTCAACAGCAAATCGGAAACCCTAGTGTCAATTAACGTCTAGATAACAACCTGTCGAACCACTAGGTAGCCATAGAGATTGTCACATTTACCGAGAACCCGCAAACTGTTGCGGTCCTGAGGGACTATTGCTGAGGCCGAAAGTAAGTGCCGCGCACAGCCGTCACCTATATATTAGGTTTACAGCGTGGCTAATTGGGCTCCATTTTAAAAATTTTCGAGTAGCAACTATCAAGTTAAGAGAATTCGTCAGGATTTTGGCGGTTTGCAGAGCGCGATGTATGCGCATTGACGATTTGTACCCTACCTCGTAAATATCAAACCATCAGGTGCGCAAACTCAGCTCGACCAGGCCTACTAAACGACTAAACAAGCTTCCACCTATGTCAATGAATAGAGCGGCGCTAAGGTTTTATCCAGGCTCTCACTTGAGACGACAAGAAATGGGTGTGGAAATTAGGAATGCAGTCACAACTGAGCCCCTCCAGCCAGTTTAGGCCCATAGAATCCGACCATTGATACGAATGGCTAGTCGAGAGATGCGAGGTTCGGGAGGATCGGTGATGATTAGATCAGAACGGAAGGAGCCAGTTATTCGAACAATCAGGTCATCTCGCTTCGCATCCGGTTTCATGTCCTGATCGCGCCAGGAGCAGAGCCTCCTATATCACTAAAAGATGCGACTTCAATAACCGTACAGGCTAGACGGCGTATGGTCCTCTCT,1389,48.88,Caenorhabditis elegans
SEQ_839356,TACTTAGACTATTCGCAAGTCCCCTCGTTAAGTCCCACCGCACACCGGTATCGGATTCAATTTTAAGGTTACCATCGTGACGTCTTAAGGTGAT,94,45.74,Drosophila melanogaster
SEQ_836031,AGGAACGGGGACACTTCCAGAGACCTCTCGCCCTACCTCTCACCCGAAACGCACTCGATCTGTTATAACAGATCATCCCATCGTAGTACGTTAGATCGCAAAAAGTCTTCACAATAGGATTCGAGTCCGCTTATCTCCGAGACTCGTCGTCCGTGGTACATCGTGTCTTCCTCGCCAGACATCACACTCTGACACCCAGTGTACGACCGTTACAGCAGACTGGTCTACTTTCAGGGACTCATCACACTGTAGCTTCCATCGCCTACTTTTTTCGACACCGGTTCTGATTACGACGGTCGGTAAAAAAGTGCCGGCATATGGGACGCTGTGCACTCCATGCTACTATGGCATCCAGGAAACGATCGAAAATAGTAGTACCGTCCCTCAAATATCGGCGGGGGAGACTTCCCGACATAGTACGCACAGCATGATAGGCCGATGGTTCGGGAGTGTGTTAGTCAGCTATATCTGTGATACTTGTGCACCACATAGATTGTCGGTTGCCTAAAAGTAATTCAGCTATTATAAAGCTGCCGTCAATTCGCTTCCAGGGAAGCCTGAATTTAGGAGCAATGTCCGCCGA,583,49.74,Drosophila melanogaster
SEQ_358517,TGAAACGCAAGTGCTGTCTCACAGTCTAATCGGGGGAAGTCGATTAGTAGTAACCGGAACATATGGGATGATCTTTCGAGGCACGAGAGGGTACTGTGAGGGGACCGCACTCTTGACTGGTACAAAACTTGTCGGCTCTGAAATAATGAATCTAGGGGCGCTCCCGGGCCAACATTCCCTGATGCTCATCCGCATGAATAGCGTAAGTTGCGTCAGGGCAATTGTTAGTCGTACCGGATCTTCCTGTTGTTAAAGATCTTCACTTATATTTTCTAATTAGGTCGCAATCCCGATGCCGATTCGTCAGATTCCGTTGGACTAGCGAAAAAGCCGACAGATCCACGCAACTAGCTCTTGGTATCGCCCTACGAGGAACTTCTGTATTAAACAGTACATTTTACCTGTTGCGCTGGGGTGATGATTTATGTTTATTGAGCATTTACGGTCGGGAGTCATGCCTTTACTTTCACCGAAACTGTCGTCGATGTTGTATTAAAGTGTCTTGCGGGAAAAGCCTCTTTCCCCAGCAGGTTTGCGGATCTAACCCTTCTTTGAAAATTGATGATCGCGACAGGGTATCAATCGGATCAAGATAGGCCAACTAACCGCCGGCTGCGTCCATTCGGTACCAATGCTGCGGATGCCTATAGTTCTTGCCAAAATCCTTGCTCCAACGGGTGTGTCGCCCATTACGTTCTTCCCACTGCATACTAGTGCCCATTTAATCCCTTAGGCGTGATACACAATAGCCCAAAGGTTGATGCAGCCAGTACTCATCCGGCATTTACCAAAGAATTTTTATTGCGCTTCCAGTCAAATCAAAAGCAGGGGCTGGCAGGGCGTCAAAAGCTTCTATGTCTCGACGCGTAAGACCAGCGAGCCAAGTAATTCAGTCGGATATCGACCAAATAGACGGCGAAGTTATACCCTACCCGCCGCAAAGTAGACAACGCGTATTGGGCAAGTCATGCTAATCCTTTGATGGGTTACTTGACACAGAGATCTAGGATTAACCCCATGGTCGGCGCCTTCCTGCTGGACAGGTACTCACAGATGTTTCAGACCGATCATCGTCATTCATCGGTCGGAAATGAAGTCCTGCGGGAACCAGGAGTACCCAAGGAGAGCCCAATTGCTCCAATACACAAACAGCCACAGCGCTTGATCAAGATAAGGGATCCAGTCAAATCAAATCTCCAGCGCGTCAGTCGGCGCCATAATAGAGATCATGGGGGAGCACGTAGCGCTACCGAGAGGATTATGCTGAAGGCAACGACGTACGGCTGGAGCCCTTATGTCGCGTGCTGACGAGTCTCGCTAGAGAGCAGACAGGGTTTTACGAATAGCCGGCATCGGATAGCCGACTAGTACAGAATGACGAGAGGTCCTGTCAAGGCGGATGCTACTAGCCGTCGCGAGCGACAACATGACGCGCAACCCTTGTTAAGGTGGGAGTCCGTTTTAATCTGCTTTTCGGTGCCGTAGGCATGGACTACAAAACGTAGCTTCCAGGGTAGGTGGCGGTGAAACCCGCTACTAGGCTCCGGGGACCCGAACATTATCGGTGTTGGTAGAACTGAAACGTCAATGTCAAATGGTCTTAACATTTTGTAGGGTGACCGATTTTATGCATACCGGCTTATCACCAGGGAAGCTTGACTAATCAGGATATTAAATTTATTCTACTATGAGAATGAGTCACCTACCCTTTACAGAAATGGCAAGAAGGGCGCTACCAATAAGAGAGTAAGATCCAGTGCTAAGGAAAGCGTTTAATT,1778,48.76,Homo sapiens
SEQ_947091,GTGGGGTCATAGCTGAGATGATCAAGAACGCAGTCCCCCATGGATTAATCCACTTCTTCGTGGCGCACAAATGGTGCAAAAAGACCCACATCTGGCGACGTTCGCGGAAATAACGAGAAGCTATCAAGCAATCTTCCATGTAGTTGTTGTGATTAAGCACTGAATGCGACAATGCTCGGCCGTATATGAGTGATCGCATGGGACCTCGTCTTCGGGGTGTGTCCCGTTCCGCCCGTGAAAAGGACAAGTGTGAAGGCACGCGTCACGCCAAAGTGCCTTGTATCCC,286,51.75,Homo sapiens
SEQ_447160,CGGGCCACGGTACCTAACATTAAGCGAACGCTTAGGGGCCCCGAGCTATTAATCAAGGTTCTAGACTGTGAAGTCCTATACCGAGCAATTCGGAATTAGTTTCCTTCGGATGTGGTCCCGGACCTTACGATGCCATGTAAAGTTCGCTCCTCCTCTTTAGCACTCATCCCCGGGTCATTCCCTATGCCAATCGTCGGTTTCAGCCTCGAAGGCTCTACTCCGAGAATCGCCGGTATCCCGTCCGCAAACCGTGTTGGTATTTATGCCATTGTAACACTACTACACCGACTGGAACGGATGACTGGGCAATCATATATACAGCTCGTCTACTTGCATGACGTGATGGTGATAATGTCACCTTGACATTGAACGGAGGGCTGCTGGCCGTCGATCCTTATGTTCTCGATCATTGCGGCGCATCCCAGGGGGACGTATGCTACAGCTGTGACGCCAGCATGCCTAAGACCCTTATCTGTAGTCATACGACCAGTCCATACCCGCCCGCGACGTCTCCTAGCCAGATTCCTCATAATGGATGGTGGTGGCTAGGATCCTATATACGAAGCCAGATCCGCAAAAACCTCAGTTAATAGAATGCTATTCCCTACGATCAGGATCGATTTGATGGGCTATGAGAACCCCCGCTGTCGCCACGACTGTTGTCGGCAGATAATCAAGTTGCACGCCCGTTGATTTGAGATCACAATTAGCGCAAAGAAAGGACGTTAATTGAAGAGTCTCAGCCGCAAAACGCATTCTCTACTAACCTTATCCCCACTGCGTGAGGTTCCAGGATCGACTCTGACTAAAAGACAGGGGAATGTTAGTTAAGAATCTAAGTAGGAGTGGGGGAGGAGGGGGTCTCTGAGCTGGTACCTGAGGGAAACAGATACTGGGAATTGCACCCCGGACACCTAAATTGCGGACACAGACACTACCGCTCGAGCTAACGAGAACTTTTTAAGCTTATTGTAAATATATAACCCGCCCGCACGATAACAACCAAGAAGGTTGGTTTGCCAAGTGGTCTTCCGACTGCACTGAAAATGCTAACTTCTGGGCACGTCCCTGGCTCCCTCTAAAGAAAGATCTTTGGCACCGGGGCTGAATAGACTGATCGCTACAATTTATATATTACAACCTCTCACATTCGAGACATTTACTGATTCAATCATCTCAGGCTAATGATCACGACCGGCTAGATGATATCATTCGATGTCCTACCGGTGTTCCCACTAGCCCCTTCCTAGACCTGTGCTGATCTGCCTATACTAGCTAGGTATCATTATGGGAAACAATACTAAGGGTCTACGTGAATGGAGGACTGCACGAGCAGCCCGTCACCATCTAGGAGGGATACTATGTGTTGATGCCTGGGATACTAACTCAAATGCTAAGCCACACACGTAGTAACGGCAGCAACAAGTTGTCACCTTCCTTCGTAGCTTTCTA,1452,49.04,Caenorhabditis elegans
SEQ_784380,CCACGGATAAAGTATGTATTCGAAGAGGTGGCTTAGTACAGGGGTATCAACAAAGTACAAGTGTGGCGTTGGTGCGCAACTCACGCGTCGAAACGTGTTTTTGTGATCCAGGTGGGGTACTGCTAGGGAGGCTCTGTAGATTGAATCTTCGGCTCAATTAGAATAAAGCTTAAGGGCCCTCGATCTTCGCGGAACTGGTCCGAACACCTACCGCAGGCGTATGCGGGGCTTATGTCTTATTCTGCAAATGTCCTGAGACTCAGACTCCCCGAGGTCTTACCCAAAACGTATATAGGGTCGATACGCAGTATGCCGCAATGCGGTGCTAACCCCATAACCTTAGCGATCTCCGCAGTTGACCTTTGTGATACATAGAGTCAAGTTGTAGGGCTGGGGGTATTCAGTTACGCTGATCAGCAGCCACTAACCCTCTCGAGACCTACCCAACGTGGGAAAGGTCTACCCGGGTAGCCGCTACTTGTGCACACGAGGCTTCAATCGTGTCCGCCCGGGGCTATTATTATCGCAAGGTAAGAGAGATTC,543,51.2,Drosophila melanogaster
SEQ_114533,GTAACTGAAACTATAGTAAGTTTTCACTCCGACCAATCCTTTAATTACCTCTCACACGTCGCGCTCATGATTGTTAGCAAAGCCGGCCTACTTAGCCCCGCCGAGATCTGGCCCATTAACGAAGTAAAGTCTTCATCCAATAGCGCTAGCAGGCCGTATGGACTCCCACAACCGTCGTCTCTCCCTAGGGTGACGTTACACACGGGAGTCGGTTCTGCGCCGGGTTGGCAACGTTTGTAGTTTAAGATAAGGGCGACGTTTCCCTGTATATCGGTGAGTTGCTGCCGAAGCTACAGAACCTGCCTGTCGCTGCGTTGTTTACCATACTCTCTGAGCGGAATACTACAAGGACCGTCTCACACTACGCTAACAGTCTGGCCACACTTCCACTTGGTGTAGTACCACTCTCTCAGAGGTCGTCGTTTGAGAAACGAAGGTGTTCGCGACGGTTGACGAACTCGCGTTGCAACCAGGCCTGAGTCCTCACGAGCAAGCATGTGCTTTT,505,51.68,Caenorhabditis elegans
SEQ_593977,TGAGGCTTCCCCACTCGGTGTCTCTAAAAGTATCTCCACACAAGTCGGTCTTTCGCGATCGTGTGCAAGCTACCTATTCTCACCTTATGCACCTCTGTCAATTGCACCGGAGGGATGTGATGGAACTGTGAAGGGCCTTGTTGAATTGCACTATGCCGAACTCAGTTGGTCATCTCGGAGCAATTCACCGCTGAGGTGCGTTTACGCCGCGACTCAGGATTATCACGAGCTGATCGTAAGTCCTAAACAGTCAGATTAGCGCGTTAGGGACACGGGAAAAATGTATCCCTCGCGTGTTTTTGTCAAGTTGCGGGTGCTCTCTTACAAAGGCGCGATGCACGGATCGAAGTAATGTAAGTAATAGCGATGCCAGTTACCATTCTATAGATTGAAAGAATCCGACGGCAACGTATGCGACGCAACGCATCAGGGTAATCCCAAATCCTTTGTGCTATGAATAATTTGTTGAATCGAATATCCTGGCCCGAGTTAACAATTTTAGCTCCGCGGCTTTCCTGCTTCTGAATAGTACTAATGCTCAGGAGCGGCTTCTACAAGCTTACGGGCATGAATACGTCCTGCGCAGTGTGACTGATAGCATGGGCTACCCTACTTTGGACGAGCCCCGTATGGGGGATTAGAGTATGCCTCCGGGACGGCTGTAACATCTTGTTCCGCAAATGTTACAAGTTCGGTGACATTCATCTCCTCTATAGGCTCGTCAATCTAGATCTCGAACACTTATTTTGTCTCGAAAACCCACGTCATGGAGAGCCTCAACGGGGGCGCGACGGGTGCTCCGAGCCTTGCTCCGCAAGGAGGTCGACACTACATCTGTTCGCGCGATTCATCCGCTTGGGGCAAATGTGGGCTTCAATTACGGAGCTAGCTCCGAGATAGCGATAGAAGCTCTCCAGATGATGAGTGAACGGCGAATTAGAGCTGAACCGACTAACTGCCTTACCAATGGGGTCGAGATCCCATCTGCCCTTGAGACAGTTGCCTCCTGAGCCCCGAATGCCATTGGAGGTTCCGGAGCGCGGCACAACAAGGTTTCACCTTCACTACATCGAGGGGTAAGGTCTGGGCCTACGTCGAAGGGTAGTCCCATGAACGATATGCGTTACGCTACCACAAGCTGACCCGGCTGGGGCAGCCCGTTGTGGCAGATCACATCGG,1179,51.57,Caenorhabditis elegans
SEQ_467428,ATTGGATCGGCGTCGATTCCGGATGAATGTCTGCTTTTTAGTCATAGAGTTCGGATCGAGGTCCATGTGACGCGGACGCGTTCACTAACGCGGTCTGTTTGCATGCTAATGATTCAATCTACAGCGCTCGTAGGGGCGTGCCTATAAGTTGCCAGCGTCTAGAGTTTTTATTTCCAGGCGAGGATTCAACACCACCACCTAACGAGGGACTAGATATTCAGTAACCAGGACCATCATACGGATTAGGTCTTCAACTCTATAGAGTTCTCACACGGCTAGGCACAGCTTCTTTGATCATAGCCCTTTTGATGTACCTGGCTGCCAAGCCACCTAGACGGATCGGTGTGGAGCGTGGTCGCCGAGTTGACACGTAGTACTGACCAATCGCGACCCCCAAGCACGACCGGGCCTATTATACATCCTATTGGAGCAGCATAGCGACAAAACCACACACATGCGTGCTCGCATT,469,50.75,Saccharomyces cerevisiae
SEQ_127519,TCGTAGTCAAGAACCCTCAGGTCGGATAATAGTTGGGTATCTCTCATTGTCTTTCCACGAATCTAGAATAGGGTTGGACAGTCGATCAATTGATGGGTCGAGCTTCAGAGGGTGCGCACTTGCCCGAGACCAAAGTCCCAGGGCTCTAAAGAAGAAAGTTTGGCATCTATCGGCTAATTAAATGCCCGTGTGATGCATGACGGTGTTGGTATGTGGACCCCGAGCGTGTAAGACAGTACGTACTGATGGGCTCCGCGGCTCTGCTTTAGGGCAGCTTTTCAAAGACTACAA,291,49.48,Saccharomyces cerevisiae
SEQ_596593,ATCAACAAAATGGGGCGTCGTCTATAGCTCTACTGTACGAGTTCCCGGATCACGGGCAAGCGCTAAGCAGCGCACCTTCTGGAGCTTTAGGCCACGGTGAATCTTCCGGAACGTATGAAAGAACTTTTGGCCTATAGTCCGTTAACCGCCGGACGGACAGTGATAGGGCACGCGTATAGCGAGCGGTTTGGATGTGTTGACAACCTACCGGCGACAAGAATTTTTCCACTGATCTATGAGAACCACGCTTTCTTGCCGCGTCAATCTATAGACAAAAACTGGCCGTCTCGACTCTTGATTTTCCAGCAGAATAGGAGTGTTCACCTGAACTATTTGCCCACATTACAACCTGTTATACATTGCTAAAGAGCGAAAACGCCCCGCCCAATAACCACCGCGGCTATCTGGAGGAATACAAAACTGACTAAGGGGCGTATGGCTACTTGGCGAAACTGACCGTCTATGCGTGGTTGGATGGAGCGGTCACAGTCGTCTCCTCTTCGGCCTCTCCCTTAAGATTACGCCCCGAGGACTCACGCATGATTATTCCTTCCAGGGTCCTCGCACTTGGATTCTGGACCTCTTCTCGAAGGTTACTTGGTCTACGAGTTCAGCGCCAAAACCTAGATCTCCGTGACCACCCACTCGGTACCCTGTCTGTGGTGTACGATTCTGAGCCATCGACAGGATTTGATCGTTGTCAGTGCGCTCGACGAAAAAGGCTGCGGGACCACGAGTTCATACACTAAGAAGTGCTCCTGTAAATATTAAATAGCGTCTATGACAATATTCCCGACGCCCAATATACCATGCACCAAATCGTGCTTTCTCACCAGGAAAGGAATTCCTCTATTTTCGCCTCTGAACATTTCTAGTGGAGTCGGGCATGATCGACTGGGCTCAAGGGCAGAACGCCGCCCGAACCGGGGTTGAGTTAGTGTACACGAATTCCGGAATGCAGAGTAAAGTAAGAACCGGCTCTCGATCACGTGATGTAAAACGCTCACTTCGTTGTCGACTTATGTGGGTGTGTGTAGCCTGCCCCTTTCTGCCTATCCTACCACGGATACATCCTTGTAAGAGATATTCCTACGACTAGCCGAAGATCGCCAGCTCCGGTATCGCTTGCGGCGTCATGTAACGTGTTATCAGCACTTATAGGTCAGCAGAAAGCTCTCAGTTTGGTATAGAGGTTCTGCGGAGTCCAGGCCTAAAGGGACTTACGAAGGTATTACTACACATCATGTTGTACTCAGGATACTCCTAAACTGGTACCGATTACTTGGCCTGCCGTAGTCCAAGACTCCCCTTTCAGTGGCCGCAATCGTGACCTCGGTGTCTTTTACACCCTGGCACCTGTCCCTTACTGGCACGCCCGGGAGTTGCTAATATCCGCTGCCACTGTATTTGAGAGGCGTTCGTGATTTCCACTAAACAAGGCTGTTACCGTTGCGCGTGAAAGCGTTCAACCACGTTTGTATGTGACCCTGCTTGCGCCGAGACCCGCGGTAGATTCTAGCCCGGAGCACGACGCTTTGATGTTCCGGCATTCCCCTGTGTAGGGGACTAGAGTCGGCACC,1580,51.2,Escherichia coli
SEQ_898609,CACGACACGTGACCTAGTATTGGGTTGCGCGACTTCCTCGGTGGAGTGTAGGATCCCTGCGTTTCAGATAACCTCGGTCGCCTTACCTACAGCGCAAGGCACCCCCATGTGTAAATAGGGAATGGAAAGGCCTCCGCTTGTAATTGTGAAGCGTAACGCGTAACTAGATCCATGCACACCGCCACATAGCTATGCTTCTCGATCGAAACGAGGTGCCCTTCGCGGTCCTCCTAAGAGAGGTGCTTAAGTTTTGCTTATGTGTGAAACCAGTGTGAAATTGGTACTGCTACTATGTCTGTCAACGGCCTTCGACGAGACAAATACCTATATAACGCTAAAGGCGTATAGCTTTCACGGGAATGCCCGTCATTCGGCCATTATTCCAAGCGGTAGGTGACTTAGTACGATGTTACATAAAGCAGAGGCTAGGGTCAATGGCATGCTATGTAAACTGGAAAAGTGAGGTTCTTCGGGCCATTACCGTTCTCACTCCTCCTTGACTCGTCCCTGTGTACTTTATATACTTGCGGGTGCTCCAATATCACATCGATGAATCTTCTTTCGGCGCTCAATCCGCATGTGAATTGGCCTCCAAAATTCGGGTTGTCAATTGATGCCCTCGTAGTCGTCCACCGCCCATTCCAAATCGAAGAGCGAGCGGCGATAAGTATCCTAATGTCCTGCAAATTATATTTAGAACGCCGCATGGGAGGCACTTTTGTTATCCGGACGCTTATTACAAAGTAGCCGCAGTGTAACCTGTGACAGTACGCGTACTCGTCCGCGTAAGAACAGCTGCGGGCGACTGTCCTGGTGTCGCCTTGCCGAATTCAAAAGTAAGTGTTGCAGCGCCGTAGGTGGCGGACCAGAAACGGGTGCAACTAATTCGTGCCTATAGGCCTCGATCTGGCAACCGGCTTGAGGTCAGCTCATGTGTCTTCCCAGGATTGTGACGTTCGGCTTGCTACGCGATGGGTCGAAGTTCAGATAACCAGGCTGATTAATCGACGTTTTTTATGCGAGCACAAGGGAACAAATAATGACGACAATAAGAGCATCATGTGTATGGATGGCCTGCGTTTCTCTCTGTTGTTGCTGCATTCCAGATTCCTTGTCAAGCCCGTCGCTTGGGACGACATACGTGATTCCATACGTTCGATAGCTAATAATCACTCATGAACTTGCACGTCGATTCCAGTAGATTTTTGGTACCATCGATCCAATCGCGAATGCAAAGCTTTATGATGAGCATCTGTGAATAAGTTGTGCTCTGACCGTGGTTGGTCGGTTAAGCCAAGGAGTACATTCGGCAGCGGTAAGGCGATTCAAGGGGTCCCGAAGCGCGGTTCAGTTTTAAAACTCTGAGTATAGGCTTACAGTACATACGACCATTCACCCTCTGAAATCGCGGTCATACTTGCCTGATTCGTGCCACAAGTATGCAGATCAAATAACGCCGATATGTTGTGGCGTAGCCATTCTCAATGGAGTGAGAAATTAAAAGGACAGGGGCTGGCTCCCCCACTATGATTAAAAGAGAACCCCTTGCACAATCAGGAGTGAAGCTAAAGTAAGTAATAGATCGGGACAACAACAACACGATAAAAAAACACAGCCCCTCGTCGACTTTTACAGACGCCTAGGTGAAACTACCGTCCTGTTTGTCAGATGATCTGACGACCCTTTACATGTAAACATCTAATCCCTTATGTTTGTCTTTTAGCTTCAACCTCTGTTGGCTACCGTGGGCCTGAGGCGTTCGTATCTTACATTGTGTACAGATATTTGGTCGTGCCACGATTGCTTCTGAAAGGTGCTTATCTGACGCGCAAGGACCTTCAATCTTAGTCATGCGAACAGGACGCCAGTTCAAATTCTATCCCACTGGTGGTCTGAGTAATAAGGTCTCTCGATGTTCACCGCAGTGCAACCACCAT,1937,48.22,Caenorhabditis elegans
SEQ_852971,CTCAGGTTAGGTGACGTTCCATTAACCCCCGCCGAGGGTCGAGCTAAGTTTTGCTGATTAACAGAGTGCTTGCTCAAGTGACCTAGGGCATTTATTACCATGCTACCCTACGGGTGCGTCACTTATTCCCGGTATTCCTGACTCGGGTCGACCAACAAGTACTGTAGTGCCAACATGTTATCAGTGTAATGAACCAGAGGTCGCTTCACCGGCTCAACGATCATGGCACGAATCGCACTGGTGTGCGTCAGTAGAGATCATTACTTGCGAGCCCGTGTCCATAGTACATTAGGGCGTATAGAAGAGTTATATTCTCTCTGCCCCTGGTCTGGCCGTATGTGATAGAGGACTGCACAGAGTGACTATGCCGAACGACGCCAGGGCGTCGCCGATAAGAGCAGCCGAGCTTGGTCTCGATCAAAATGTGTATCCCGTTGTTTCTTCTAAAAGTTAAACACACGAACTAACCAAGGTAATCTGTGCATTTGCCGGCAACACCAGTATTGGTGGTCTAGGGCACCTGACCCCGGTTTGATACCTTTAACCGCGAACTGGCGTATAGTCACTCATCTACCTCTTGATGTTAGATGTCTGAGATCTTGGACGGATAAGCCCTACGCCGGCTGCCAGATTTTAGCGCCTCTTGAGCAACATGGAAGGTTGAGTCACAGCATTCAACGTTCACGTGTTGTACAGAGTCTAGGTACGTCGGTACCGGCATCATGTCCGAGAGACGCTGTTTTGGTTGGAAACGGCCAATTTTATTTACCCCGCACGAGCTTACAGACCAACCTTTATGGACTGGTAGACTTCGCTATCGCTTAGGTCTGACGCCACATCTTAGGGAGGGGGGCCGAAGAGACCCCCGGGAGGTGACTGATTCGAGCGGTGTATCCAGCCTTGAGGCGACTCTATCCCGTGGAGTCCTGCCCAAGAAAAATTATGAGGGTCGGACTGACATCAATAGGTCGTAGTGGTCTAAGAATAGGATACGAAAGTCAAAGCGAGGAGACTGAACGTCCAGGATAAAGACACGAGCTGAAAATCTGGCCGTTCACGGCAAGGTGCGCATTTCCACTTTCCCGCATTCTCCGCCAGTGTAGTAGGGGATTCGCTGAGCCGCATTAGAAGCCCGCTGCATCGATAGCCACGGAAAGTCAGCGTGCGATTGTTCGCCCACCTATTGACCAGCCTGCATTTGTCCTCTCGTATGCGTCCAGTACAGTGCTGCGGAGTTAAGCAGTACGGCCAAGTTAGCGGTAGGAATCCACTATGCCACAGATAATTACCTAAATAGTATTCCCGCGCCTAAGTTATGGTAAAGCCGGTGGTGTGACATTCCCGTAACGATAGGGGCACTAGTCTACTTCACGGAATATATCCCTTTACGGAGAACCGTACATTCGAAATGAGTGTCCATCCTGTTTGGTTCAGATACACCCCCCTACTACGCTTAATTGTACCGTGAGTTTCCGATCCAGCGGATAGAATCACCAATGGGATTGCCTCACGCCTGAAGTAACACCTAACATGCTGAACGAGGGCTCGAATCCTACTGGCCTCGTAGGCGGAACATTGATTTGATAGATTCGTCAAATTAATGCAATCAGTTATCGATGTCTCAAAA,1627,50.15,Caenorhabditis elegans
SEQ_631759,ATATGGCCATGCCAATAAGGGATTCCGCTCCCAAGTGTCGGAGTCAGTAAAGGGAAGTCGGCAGGTATACCCAGCTTATATCTAGACTGGCGTTACTACTGCCTAGAAGATGAACCGATCGAGAATTAAACCCCAGAACTCCGGGGTCCATTTCGGCTACTACCGTCGGAGACGCTTTCTTTTACAGTCACTGTTGTAAAGACCCGAGAAATAACTTGTTCGTTGCACTGTCAGGGAACAATCTAACAGGCGCAGGCACGGAAGGGAGTCATTGATCTGAACTCGTCCATGAGAACATGGGAAGGGCATGGCATAGTCCGGGCAGTGAGGTGCTCGTAGATGATCGCGCGGTCTCCGAAAAGGGATTTAATTCGAGGACCGCGGTAATTACTCCGTGCGGGATCGCATCCCCTACCATGGACTAATATGTGCATAGGTTGATCTCCGTATTCCTGCATGACTTGGGGCCCATTATGTTACCTGACGGGCACACTAGATAGCGTCCGCAGGGGCCTATAGGTTGCTATGCCTATCGAGTAGGTCTAAGAGCACTCGATCCATACTAGTTTTGTAACCATGTAACGCAAGAACCGGAGAATTACTCTACGAACGCCGGCTTCGTTTGTCAGAAATATAACCTCGTTGACTCAGAATCGATTGGTACGAGGTCGAGCACCGACACCCAGTTCCTCGTAACTTCATGCGTAGCGCGTAATCCGGCTCGAACTTATCCACGTATAGATGTCGGCACAGCGCTTTGGCGCCCACCTTCGATACGTGAAATAGCGCACTGGTCGGTCGCGGATGCGGGCTGAACCTGCCATTTCCAATTATTAAAGCAGGCCTGCTACCGGTTGAAGCAGAAAGAATTCGAACTCAATGCGCCCCACTGCCAGCCTATTCTAGCATCCTGATATTCCCTCTGCGGGCCTTTGTATAGTTTGATGCTCTAGTGGGAAGAGCTCTCTTTAACTCAACTAACTACGATGATATGAATATGTGGAACCATCGGAATAGTACCGTTCGTTTGGCGTTATCAGGGCCCTGATGGTCTGCCAGGGCACCCTTCAAGTTGGCTCAGCACCACCCTCCAGTAACCCCCAGGACTGGTCTTTTTAGAGCGATTGCGGTTTCAGAAGGTTCAGCATGAGGAGTACCCAACAAGAATGTTGTGTCTCTTGCAAGACAGAACTGTCAAAGCTGCCCGTTATGAGTTAGTCAACAACGTTTGGACACCTCCGTCCCAGGAACTGCAACCACGGACAGAATGCCTCACCGGTATTATTGTCCTAGGATGGAGCCCCTCGCCAGTACAAATCCTGCTTATAATTGAGTCGTACACTGAGGAAGACACCAGCGCTAAACAAACCACTTAGAATAGAATTAGAT,1389,49.96,Drosophila melanogaster
SEQ_426759,CGATCAGAGCTAATTGAAAAGGGTACCAGTCCTTGTGAAGCATACGTTGATCGTAATGGTCCTTCGAGGCTTACTCGACTGTTTGTAAAAAGTAATCGATTTATTACGTGATCGACGATATTGTGATTTTGCTTGCCAACAGAACCAGGCTCCAGCATAACAGGGGTTACGCGGTCTGGCAAACTGCGAGAGATGGTTTGAGGACCGCACACTACAGCTTTTCTTCCCCGATGATTAGAAATCTTCTACGGCGAAACTCTAAAGAAAGGGGGTGTGTCACTGTGGTATGGTAGCATATGATACATTGTGATGCACAGGGAAGCCGTTTACTGCAGTGATAGCTAGGCATAAGGTCAAGGACGACCGGCTGTGGGTTAGTGAACGAAGCGTCTTGTCAAATTGGGGCGTAGAAGATCAGCAAATGGTGGATATCGCCCTGTGCGGAACGTATAGCGCGGCATATGTTATTCTCCCTTGAATCTGGGAGGTGCTCTGTCGTCGTACATAGACCGCTCAGGATCCGAGCAGACTGCCTTCAGTGCGGCACCCAGCAACAGTCCTCCTTTCTCGGACAATGCGAGTCCAGCTTGACTATCCTTGCTCTCAGGTCACTGGAGAGGAACTGCGAAGTGGCTGTATCTTTCACGTCCTTGAAAAACTATAGCGTGTAATCCTCGCAGTAACAGACTTTCATAACGTGCTTCCAGCCTGACCTCAGATCCCCCCCTGACCATCCTGTTCCGACGGTGTCAGAGACAATGACATTTCGTGTCCAGGGGGAAGCCTCACGATTGTCTATGTACCTCTATCCAGCACAAGCCCACGACATAATCAAATTTTGGCTATGCCTATATAGATGGGGGGTACATAAAAACCGGTTCAGTTGCTCCGTTACCACCACTCCTCCCTCTGGCTGAGCGGCCTACATAGTGAGTTTATTATGGTATACCTGAGACCCCAGGTGTGCAGCTCTGTCGGGGTTGGCAGTGTCGGCTCGATCTGTGAACGAAACTAACCCAGAAGAACCCTGAGGCCGTCTTTAGGTTGCTTACGATTGGCGGCGATAAAGGCAGCCTAACGCCACCTGCGATGAGTAAAAGACTCTTGGAGAATGGCGAATCTAAAGCGCAGATGCGCAGTAACCGAAAAAGGTAGCGACGTAAGAGACGTATCCGATTATCTAAAGGGTAGTCGGTTACTGTCTGGGGGTTAAGTGGGACCATGCAACAGGAGGGAGCCATTAACTGGCAGTAACCAAGGTTTCGTCCACACGCCTGTGCTTATCCAGGAAACTTTGCCAGTAGGTGGCGCCACATTTCCTACGTAGCACGAGGAGTCTCGGAGGTATAACAAAACCCTACCCCCAAAGCAGGCCTTTAGCCCGGCAAACCGGTGAGGGCAGGGCGAGTTGCCTGATCCGGTCCCATCTGTATGTAGCAGTCAGTCTCCCGTAGAACTCATCGACAGTTACACGCTGGGCTATCAAATGGAATCTCACCGAGGTCCCCCCCTAACATGGCCGCTTGGACCATTGCCGCACATTTTGGTGCGTTCTCAATATCACTGATTCCTGGTTGGACTACCTAGGTCCGGGCATTTGTATCAACGGATTCTGAAAACGTGCCTAAACAAGTCTACCCTCATCTCCTGCTTCAGCAGAGTTTGGGCCAAACCAATCAGAAGTATTGCGATAGCTATAAGGCCATTACGGACTGAGTCACCGGGTAGAGCAATTCACGACTCTGGTGGGTCCCGAGGGACGTCTGCCAAGCACTGTGCCGCGTAGGTTCATCAGTGCTTCTGTTTTCGCTCTCCATTATGTAGGTCCAGACTATACCATACAATCTTCATCCTGTCCTCCCGCACGAGCGCGCATACACTGTGTTCAAATATCTTCAGCAAA,1903,50.55,Drosophila melanogaster
SEQ_795875,CGTTAGTCCCCGCGTTAGGTTAGGTCATAGAGCTATAGCGCGAAACGGATCGGACCACACTGAATTAGTCTTTATTGATCACAGTCATTAAGTGCTGTCTGACAGATTATTTGGGGAGCATTCTATGTCTCAACCTGATTGATACGGCGTTTTCTAAACGAACGCGGATGCGTGTACTTACCACCGTTTAACAAAGATGTACGGATATGAATGGACATAGATTCTTCATGGTATGGGACAGGAGTTTCTGGTCATTAATCCTAATCGTCAACCTACGTCAAGCGGACCATAACTCGCAGGTGCGTCGATTTTTAGATGTAACTAATCCTGAGTGGGACGGTTGGAACAACCGGTATTATGTTAACAATACAGCTCCCCACTAGATCCTTTGACATGGGGATTGTTCACTATGTACTAATGCGTGTTTCGTCAACTACAGAGGAGAACTCGGATCCGACGGGCAAGCGATTCGAGTGGTTAACCCTGCCTGGTAACCTCATTTTGGTATTTCGAAAATTTGGGTATCTGAGAAAACTCCACCTTGTAAGATACCCGGGCGGGTGCCTCTAAATGGCCGCGTACCAGATAGATAGTCCCGTCAAACGGCTAGTATTCAGTTACAACGAAGTTGGTGCCCCTCAACTGCATCGTATAAACAATATGCAACCCTCTCGAGGATATGTGTCGCCCAGCGTAATGTTGAGGCATTGTCGTCTCCCAGGTGAAAACTCACGGCGTTCACCTCGAGGCCACGTCAACGGCACTGAGTAGAAAGTTCTACACCCCGACCAGGACGACATTCCAAGGTCGGTTCAGTAATCACTCTAGGTTGGGAAACTCGAACGATAGCTCTGACGTGGGGGCTACGGCTCGTTGCATTGTCAGCTTGATGTGATAAAATTACAAACGTTGCATGTATCAAGACGATAATTCACACCTCGCACAACGCTTTCTGCAGTCGTAGGGTCGCTGTACTTTAGACTCATCCGAGAGCGCCATGCTCTAACACGATTAGTTAGTGAGTCGGAGATCAAACTCCCC,1041,47.36,Caenorhabditis elegans
SEQ_922302,GCTTACCACCCGTTCTTACTGTCGGGCGGCTTCATATGCAGCTAATCACATGACACCCTAGTAATGTTGACGTACGCGAGAATTTGGCACAGTACATGCATTGGATGGACAATAAGTCTCAGCGGATTCGGCCTGAAACAGACGGAGCCCGTAGTCGTTAAGGCCTGCGGTGCCTAGACAATCAGCATACTAGCGTAACTCTGCTAGCTGTAAACTTAGTTCGATTCCGCGTTAGAAACGTTCGACATCAGGCTTTCTAATACGGCACGGACTTCCGCGAGGATTTGGACAATCTTGAGGTAGACACCCTCATAACGAATGGTCGAGTTTATATCGTCCGATCCCGTAACGAGAACTGTAGCGATACCATACCGTAAGCAAGGGGGCGGTGGACGAGCGGCAGCAGTAACTATTTCAATCGGCCTGGCTACAAGTGGGGATCGAAATGTCACGACGTTCAAAGCACTGCCGCGTTGCTCCTGGTTGCTGCGGATGAGTCTGAACGGGGGCAGTAACCACAGCGGTTCTCTCTGGTGGGCTTCCTTTTGTTGGGATCCTACAGAATAGGGTATCTCACGATTCTGTATTCTATGGTGTCTACAAACCTGTAATTCCTTTTCGCTACACCACGGCAATGAGATCGTGCATGCTCACAACCCCGCCCTATACTCAGTCGTCACAAATACGTCTCTCGATCATAAGTCCCTGCACCGAGGTGGACGACTAAGTAATTATATGTAGTATGATCAATTGCCTGACTAGCGGTTGCAACGCGGACTCCGTGGGGTAACTTGGCCAAAGATGCTACAGGTTGTACGTGCCACAAACCCAACTGCAAATGGTTGGTAGGTTTCTGCGCGTTAGTGCGAAGCTCCAAGGGTAGTGCTGTCACCATATTCTCGGTCCTGAGACGAGCTCGCCATGCCTGAAGCTTCCGTACGGTCCTAAGATCTCTTCCTCTCATAAGTGTAGTCCGAACGTAAAGGCTTTACTCAGGCACGGCCTCTTATCCAGTATACGGATACCCAACATTGGCGGTATTCTTTCTTGTTCGTGCCAACGGCAGGAGTTAAACGGAATTGAGGTCAGATGCGTTGCGTAACTCCTTGCCAGTCGCTTCTCCATACTTAATTTGTCTCCATAAAGCATCATTTATCCCTATACCTTCATGGAGGCTCACGC,1182,49.92,Escherichia coli
SEQ_888812,TTCGGCTCGCTCTTCACATGACGGTGTCAGTATATTCTACGTCTGCGTTACCACCTTACATATGGCAGTCGAGTTGGGGCAAAGGGTACATACCCAACAACTCCTACAAACCTTAATCCGTTCTGGTGACAAGGGGTAGTAGCGGGAGTGTCATCCCCGCAATAACTACGTCTCTGCTCCGCAACTGCCAGTCCGCTGATTCATCAACCTGCCCGAAGTGTAGGATCTGACGAAGCATACAAAGACTTACTCATTATACTCGGATACACTCCTTTTTGTGCAAATGTCTCCTTCAGTAAAATTGTGCATCCTGTACCAAGACTCTACTGTGATCGCCCGGTCCAACATCTGCGGGCTACGGCTTCGACACAAAGGCTCACGCACATACATACATCAAAACATATCTGGGCGATCCACTAACACCGTCGCGCGGCGACTTCCACAGTGCTACGGTTACGCCCGGCGCCTGCATGTGAAACGTCGCTTTGTATGGCGTCTGTCAACGGGGTCCTGGCGATCGACCCCCGACTTTCCCCTGCGGAGAACTAACGGACCGGGTCTGCGCTGCGACTTGGGGTAACCTCAAAAGATCACGGTCTTAGCTGTGAACCATGTTGTCGCATGTAAATTCGTCACGGTATGGAACGGGCCATCCCTACAGCATGTTGTACAGAAGTCATATAACAGAGGCCATAGCTCCTTGACCTGGGGAATGACCATGAGAACGTTTGCGAACTGCGCTAAAGGACGCTTTTAGACGGCGATGAGGGATTGTCTAGACAGATGACCCTTTCACCTGCTAGTACGGACCCGGCCGCAAAAATCAGGAACGGCGAACGCTTCTGACGTTCCTGTTGAACGCAGCTACGGGTGGG,875,52.34,Mus musculus
SEQ_824219,TGATCTTTGATGTATCTCCGCGGGCGAAAATTCAGGCGCGGCTAGGCCCAGGTTAGTCGAGTCTTCCACTGTTCGCCCGTAGATGCAATCGTGTAATCAATTTTAACGCATATCCAGTCACATGAGACGGGGAAGGTCCACAGCATTCAGTTCATAGCAGTCGTTTAACGTCTTATCAGTTAGAAAGTAACCGATCGGTCACTTTGCAGTTAACGTCTACTTGCTTAGCCAGTCTAGCGCATCAGGGCAAGTAAATAAACCGCAGGCCTACATGGAACTTCGGTTTTACAGGAGCTAACATAGCTCATCGTTCGGGCGGGTTAGGTCCTCCATAGTTGAAGAATCTCACTATCTGACCCTGTTGGACAGGCTCTCCACTCGCTTTGTTACAAGCGCCTGGCCGTTGATGCGTGGTATTCACCTTACGCACGTGGGAGGCTGCGTACTATGGAATTAGGTAGGGGCTATTGGTGGTGCATTACTACTGCAATTCTCGGTTTTCCAGCCTGTTCAAAGATGTGCCAAACCAGCGTGGCTGGTGCTCCTGCGACGCCCGGACTTGCAATTGCCCGCAGGAGCACTTCGCGTCACTGGAAATGTGTTCCTATCCATGTGCGCACGCTGATTTTAATTTCCTCAGTTGCCTACTAGCTCCGCTATTTAAGATAAACAGATTGAGAATCACCCTCACGGCAGCATGCTGCTCCAGGAATGTAAGCCCAAAATGTTTCGTGCTCGGATTGAAGTAATCAACTGCTTTGCCTATGCATGCCCATCTGCGGACGACCAGATGGCACGATAATGGGTGAAGCTGCCGCATCCTCCGTTTCATAGCTCTCCCCGACTTGCAATCGGGTGCGCGTGTCGGAGATATACCAAAGCTTTTACCTGACGGAGAGGATCGGTCTGTTGTGCACGCACAAGTTCAAAGCGTCATTGACTAGGTAATAACGGTAGGCCCTATGCGCGCACCTGCATTAAAATCTCTGACGCCGTCATCTGAGTAGTGACACTGCTATTAAGCTACCATTATGCATACCTATATTTGCTCGACTAATCCCATTAGATTGCCACATGCGTGAAGCATCATTCTTTACGACGCGCATGGAACCCGACTGCGCCGTGCTACAACGAAGCGTGAATGGGTCCATGCCTTCTTTCGCTCTAAACCTCGAGTCAAAAAAAACATCTAGCGTACAACCCATCAGGAAGGTGTTGTGGTGCCCCGTGCTGAACATATGCAGGGATTAAGTAAGTCTGTTTGTGTTACCGGATTGCACTGATGGGAAGTCTAATAGACTTTGGTTGTCCGGAGCATGTGTGCGATGAACCTACGTGGCTCTGAGTTCAGTTAGATCTTAGAAGCCTGGTTACGAAACAGACCCCAGATTACGCTTGCGGCAGTCCGCACTAAAGGTGGTTGCTACCATCTCGATCCAATTGAGATTCTGTTCAGGGGAACCTTCGCAGCAGCAGCTTTCACACGACTGTTCCCGCATTGCGACGATCCTATTCCCGCAGATAACGCTCTGCATGGTTTTTCGCAGCTCAGCACCAATCCAGCAACTTACTGCATGGCTCTGGTAGCAACATCGCGGTACCGGACGTCTACAAAAGTGTGACTTATAGGTAGTCTAAGTGTTCTCTTTATTCGCCGCCTAAACCACCGGGATAGAGTTGCTAATATCCTTTGTGATACGTTCCACACACGGAGTAGGGCATAGTCGAACCTAGGAGAATAATATGGCAAGCCAGGGCTTTTGGAACTTAGTAGCGGTCAAGCTGCAGTCCCGATAGACCTTCTGATAGGCCCGGTAAGGAGAACGTGAAAGGGATCTACGCAGCTATGGACGATTTATCTACACCATAGACCCACACAGTATTTCTAACATTGGACATTGATTCGAACTCG,1912,49.32,Saccharomyces cerevisiae
SEQ_111344,TCCACTACGGTGCACTGTACGTACTAAACAGGGTCGTTAATCAGCAACGATGTGGACATCTCTGGGAACCACGAGGTCATTAGGGCACAGAGTGTATTTGTCCACATATTGGAAAGCGGACGGCTGCTTTTGGCCTGGTTCCTTGCCGTCGACGACCGGTATGGGTCGGCTCCCGCGCCTGTGTGGCTGAGGCCTACCTGTGCAAAGGCTACCCTGTAACAATAAAACCTGGGCTACGCTAGGTGCCTGGCGATTATGCTACAAGGAACGATGGCTACCAGAGATCTGAGTACCTAGCTCCACACGTTTCTATACGAGGGTGCATACCTGGCCAGCGCAGCGCATTAACGCCATAGAGAACTCGGAGGGAATCCGCAAACCAAAGGTGGTGTCTCGATTAGGAACGGGTTTAATTGAGGGGATTCGAATAATGCAGGATGCACAGAACTTATAAAATACCGGGATGGGCTTACCTA,476,52.1,Arabidopsis thaliana
SEQ_502107,CGCTGTCCAAGTGCAAGGCGGGTTAAATATTTCCCAAAGAGACAATATAGATCAACCGTCATCCAAGATTCACAGCGCATCAGTCACCGCGGTGCAGTCTACTCAAGTTGATACACCGACGCCCGGAGTTGCTCCGGTGGCTGTAGGTGACGTGACTCACATGTGAATATGAGTGTGTCATGCGTGCTCAGCTCTCTTGGTAGGTGCGAGGAGAGAGGTTGAGCTAATAGTCGTGTCCTGGCAATGTACATTAGACAGGCCCTATAGAGTGGGTGCGCCGCACACCGAACCTCCTTCCTCGGTGACGGAGGAA,313,53.04,Escherichia coli
SEQ_456629,TCCAGGGCTACAGCAAGCTCCTTACCCTCGTGCTGGACCAGGGGATTACCAGCCCAAGAGCAATCGCGAAGCCATAAACTAAGTAGCTGCCACCGGTTTCTCATAGCCGGTAAGTAGGCCACTCGGACTAGGTGGATAGGTAGGCCCAATCCTTAAGAGCGATTATCATATTTGATCTCTGGGCTTGCTAGCAATTACTAGCCAGTCTAAAAGTCACAAGCGCTATGGAAGAAGAGGTCCAGTTCATCTACCTAGGGCCAGCGTGCCTACCGAAAGGGTCACATCCCGTAGTTATAAACAGGTATAATCCGGTTAAGGATGTGCCCTAACTCTGGTATGGGTCTAGAGTCACCACTTGAAGTGTAGCCCCCGACGTTTATTAGTGACTGTGATGTCTACTCATGAGTGCACGCGGTAACGTAAGCCTCATACGACGACCAGGGTCGGCTCAGGCTATATAACAACGCCTGCGGCATCAACGATGATATAACAATCCGCTCTCTAGCCCAGGGACTCATAGCTAGGTCTACCCATTCACCTTTAAGCAGCGCCGTTAGCTATATTCACGACCCCGGGATATGTGCCGTGTCGCTCGCGGACAGCCACTGACAGTAGTACTCGTGTCGAACGTCTTGTTCGCTATGTTATCGTCTTGACCATAACTCAGTGTCCCTCTAATTCGACTAACAAGGTATCCCCAGGGGTGTAGGGCATGGTGCCCTGTCATTGGGCACCACACCCGATATGAGATTATGCAAAACGGTTCATAACCGGGACTAGTCGGGTCCGCAAACAGACTATTCAAAATGCTGCACAGTGACCATAGCACCAGGCGTTTAGTGCGGCCCAGAGAAGCACGATGTCCCGGTACTCCATCGCTATGACCGTGGATTAGAAGACCAAGAGGGGTATTTAATCGTATGGGGACAGCTAACCCAGGAAAGGTGCTACTCCAAGGTTAGACCTTCGAATGTGATCATTCCGAATTAATAACATGCGTGCCCATACGGATAACGACGGAGTTGGGCTTATTGCTACGTCTCGTCCCTGTCGATCACATGAATAATAAGCTTTGCCTTAACAGGTGGACTGGACCCTACCAATGCACATCCTCCACCTGGTGGGCCCCCACCCCATGTGAATGGACGGGCGAGGCGGCGGACTAGATCGCCGCGCGACACTGCCTTCCAATGCAGTACATTTGATGTTAGCCCCAAAGTTATACCAGGTTTTATGCAAAGTAAGTATCCGCGATATTGCCAGGTTAGTAAGTTGTCAGTCGGCTATCATTCAGTGCTCAAAGGTCGCGCCTTATCCCTGGGCTAAGGCGAGCACTTTCGATCGGGGAGTCTAGAACGACTATGAGCAGCTACCGGGAACGCTATGAAGGCCTAGCTGGGTCTCGCAGTCTTAAAGCGCATACTAGCCCCGTAGCACAGTCCCGCACGCCCGTGTTCTCAAAGAGTTCTCTAGACAAGTGGGCGATTTGCAGCGCACCCAGTTGACTTCATCCCCGATCGTGTTCAGTGCGTAGCCAGAACCTGCCCGTGCCAACAATGCCGGCCGTTTTCCAGCCTCCTCCATGCTGAACGCGCCCCCAAGTTGTTCCTGCATCGCGCAACGGATAAGAATATTAAACCGGGTGTATTCAGGGTCATAACTAGGAGCATTGATTGATGACCTACTCCTGATGAGCTTACCTCATGCTGCCAAGGTACACTCTGCACCAGTCGAGATAGGGGGAGGCTGAGACTTTTACGATAACGGTGAGTTTGTTCAGTAGCTTCACCACCAGCAATAGGACTTCTCCGGTCTAGCACTTTTACAGCTCGCAACAAATAACTTACACACGTGTCGCTAGCGACGGCCTTCAGCCTACTGTGTCATCCGTTCAACTGAGTTACACAAATGTATTGATCTAACGAGACTATTTCTATATTGGCGCGTACCACATGCCCTCTCA,1963,51.2,Escherichia coli
SEQ_353418,GTGTGGGCCCCGACAGACCTCCGAAGGGACAAGTAATCTCAGCGTCCATGAGCTGGTAACTGTCTTGGTCACAGCCCCCCCCGAATAGGGCAGGACCCGTCCGGCCTTCGCGTTTGTTGCAGTCAGTTCCCAGATGCGATGGTCATGTGCGCATCTAACTCATACACCGCTTATGGTTAGGCGATGGTACACGCGGATACATATGGGCCGCACATGCGAACGGCAGCACGTACGGCTGAATGACGTGGTTGGCCCAGTTCTTTCGCATTCGAGGAGCTCCTGTTGGGTAGATGAAGCTCGGGTATTCGGTTCCCAACATAGTAGCCAGAAATGCCTCTTCCACACTGACAGGCAAGGTTCAGGTAGGAATTAACGATAGGGCAGGGATTTAGTCCCGGAGGAGTCCGATGTCAATGCGGCCTTTACGATCTCCCCAATAAGATAGGACCACCGAAGGCTCGTGGGGTACGGAATTGTGAGTAGTGCGATTGCTCTGCTACCTAGATCGATCCCTCGTAACCGTCTCGCGAAACCATTTATGGGGGTACCTGTTGTCCTACTTTAGTACACTAAACTTCCACTGCCACCCACGCGATTGTAGCGGCCTGGAACCCGTTTGGCCGGCATAAGAAGACTTAGAGCATCCCCACGCCTTTGATCGTACGGTGCATCCTCAAGTTGCTGGTATCACCTAGGCGAGCTAGCTTAGGGACGTGCCCGCAAGATGATCATATGTACCCGGGCGAGTCTGTGGTTACGTATATACCCCCCTTTCAATTGTACAGTGTGTGTTCGGTTCCCACTGGCCCGCCTTGCTGCACGCGGGCTCTGCCAGGGTCAATCTAGTACACAGGTTCTCGATGTTCTCCAAGGGTCAAGGCGGCGATCTGCCCTAAGCGTCAAGCAAAGGATTTTGGCATAGACATGTGGTGGATTTCAGTGCCATGCGACGGCTTGCGACACTCGAATGGGCTACGCAAAGTCAGGGCCTAAGGAGGTTAAACGAATATTACGCAATGTAGATTACACGCTTTCTCATTGCTGGTTGAATGTCAATAAGATCGGCATCGGGTGGCACCAGCTCGAGCGAGACGTGTAAACATACAGCCCCCATGTACAGGAAGTCAGCGTTATGATATGCATAACGAGAAGGCCTCAATGGATGAATGCATGGATTGCTTGCAGTCTACTGTAAATGCTTTGAACCGGTCCTGTTAGGGCGCGCCTGTGGCCGTTGGACGCCCCGCTCGACTCGGAGACACCTGAATTCAGGCCATACCCACCTGCTCCGGCTTACGCCTCGCCTGCCTAGATTTTTGTTCGCTGGCTCCCGAATATCTCATTTCTGCTAGCAGCACATCGTAGGTGGGTGAGGTGTAACGTCGCATCTGAGCCATACTGTTTTTACTCAATCCGCCGCCCCTATCCCCGAATGCACTCTGACGTCGATACTTGCATTGGCGGC,1465,53.72,Arabidopsis thaliana
SEQ_590212,GAGGAGTACCGTCGCCTTGAGGTTCATCAGGCACAGGCCGTGCTCCTTAGGTAGCGGCAGCTTCGCAGTAATAGAACTTCGTTCCTTGGCTTCCCCAGGAAAGAGCAGTCAAAATGGGGCGAAACTTTAGAGTCCGAAAGGCAAGAACCGGAATCAGGCGGAATTACTGTAAACAGGTATAAATGATAACCATCATCGGTTATTGACTGTTTTGTGGCTCCTTTGGGGGATACTTTTGAAATGCTGGTTTCGCAAGAATACATCCATGAGTACTGTGTGGTGAAATTATTAATTGGTCCTTCTGTGCATTTAAAGAACGTAGCCGGCTGAGTTGTGTTTGGCCCAGTGCTGTCGGCCGTCAAAGTACGCTTCTCGTGAGCACCTCCTAGACGCCAGCGGTGATAGCTCCGCGCTCATGCTCAGAGCTCTGAGCAGGTTGTGGTCAATTTTGCTAAGCCTTAAGAAGATCGTGTGGAATTTCATGCAAAGCTTATAAGTTAGCTGTGGCGCACAGGTCTGGGAGCAAGTACCTCACATTTATGTGGGAACTAATTAAGAGAAGTCAATATAAAACAGTTACTGCCACTTGAAAATACGTTAACGATTCCGTATAGGGAAACCAAAATGCATGGGGGGTGCTCCGCGTCCCAAGCTCCCACGTGGCAGTTCCTAGATGGGAGCAATAGGAGTATTAATTGTGCTTCCAGGTATACGCATAAAATTGGTGACGCGGTGGAACCGGCCTCACGAAATCAGCGATGCTTGAGGGCTCTCTTGGTTGGGCAACGTATCCTTCTGTTTTTTACCACTAGGCCTTACACTAGGAATGCACTTGCTAGGTGCTTTGCGCTAATCGTTAGTGGCGTGGGTGACCAGCATGTCAAGAGGTGTACGGCTGTATGAATAGAACGCAGGTGCTATCGGTAACTACTTAGTGGAGCACGTCCATCATTCGAGCTGCGACCGTGGAACAGGTAAAACGCGATATACCCTGTATTTAGCGGGTCCGACGTGCTTCCAACTGGAAGACAAGCGATGAGTTAATCATACCGGATATTACCGGGCTTAAATTCTACGCCCGTAATACGTTTGTGTGCCACAAGTGAGGGGTGACCATTTAGATCCGCACAAAGAGAATGCGTAACGCAGAGGTGGGGCCTGAGTTATCGTCGGTGAGTGTCTGTTGACATAGGAACTCCCGTAGATGCAGCAACTGTTCTTATTGCCATGAAACCAGGTGATAAGTCACCCCGACAACTCCAGGATCTCGGTTCGTGGGCGCAAAAATACTATGTAGGCCATTAACTCCGGGTCAGTTATACATTCCTGGAGAGCATTTCCAAACACCGTAGAAGGCTCGAGAACGGTTACGGGGCACCCGTTGGGACAACGGTGGGAGCATTTGGGACCCTTCAAGGCAATACGCGGTCTATTGTGTGCGACACCGCACATAGGTTTGCATCGGAATACTGAAGTAGCCGTAACGTGTTAGCTGCGGCCTGTGTGAGTTCAGACCTGAAACCGTACTACATGGTTTGTACCTGCATAGTTCTTACACACATCTACTGCGCCCAGTCGCAATGACGTGGCCCTTTTTTACCATTTCGCACCCCTGAAATGCGTCATGCACCAAAACAAATGCGCGTAGTTAGCTTATGGAAGTGGTCCGCTCGGACTGGATTGTAGTGGGCCGCAAGTAATTG,1703,49.15,Mus musculus
SEQ_960060,GTCCAGATACGATGGATTGTCCTCTAGCATTTCAGTTCTTTGCTGGTTTATAAGTGTGACTTATGGAACCTCCCTTAATGTGAGCCCCGACAACCATATTGGTACCTAGTCAAGCTCCGACCTCCCAACTTGATAGGTTCAACTCCGAGGGCGATGGGGCCGTGGGGCATCTCAAGCGGGCGGTACTTCCTCTCATTCCTATTCGAAATTCGTGCTTAAACATCGGCCCCTTTGGAGCACGTTTCATGGCTAGACCCCAACGAAGATGTACCGCGAAGTACATTGAGGACACCGATAAGTTATCCTATCTCTTCACCCTGCTCTTGCCACTAAGAGCTCATTTAAGGGAACCTGCCCATTTCGCCATATAGGCGTACCGGGACACTCCTGAGTTTCACGCGGAATGTATCGGTGTTTCACGGGAATCTTACAAAGGGACGCATCGGCAGGCTACGTTCCTTGACCACAATCTCATTGGGTCCTAACAGTTGTACACGGAGGAAGTACATAACTCAACACTAACGCGGTGTCTCATACATTATCACTGGTTATACCGTTGGTACTGGAGGCCATAACTGGGTTAGTCCACTCTCGCATCGTGTGCCGGATGACAACTACAGATATTGATGATTTTTACGAATCGTATCCCTTCCATAAGAGCCGCGTCGGCATCTGTGCATGCACTGGCGAACGAGCCTTTTGAGGAAGGATGCAGGTCGGCACTTTATTAGATTTCACAGAACACGACATCACGTTGGTGTGATGCCTTAATCCATGGCGCGTAGAGAGGACACAGCCGTTTGATCGTGGGACCCGCAGCCCTCGTGCTCGCGTTCTCCCCCCAACCCATTTTGAATAGCACCGCCCGGTGTGTTTTGGTCCACCGACACTTGGAAGCGGAACACCGCGGATAATTATGGTGCGGACCTAATCGCTTAAGTTTATATCCTCCCGGACTGTTGGCGTTCG,969,50.67,Arabidopsis thaliana
SEQ_103658,GATTGAATGGAGTTAACTACCCTAATAAGTTGTCAACCGGCGCATAATCCCAGTCCGCCATCCGTCTCCGAGTCCAGTTCAGGGAGATTCCGTAATCAGCCCGATACTTCACCGTATGCTTGCCACGTCTTGGCAATGTTGGACTTTGCGATCGAATCTTATTTGTTTTATTCCTAAGGCACGCACGTTAAGCAGACCGGATGAACTCGGTCCCGACTGGATGGGCTTGCTCCGATATACAATACTGAGAGAAGAGTCGAGGTATGCTCATGAGGGTATTTTATTGACAAGCCGGCTATGTCACAGCGGTGCCGAAAATACCCTTATTTACGCCTTAAACTATAAGCCGCACTAACGACCGTCTCAAGAAGACACGATGCAGTTACTGCTGTCCACCCACATTGGGCCTCTCCCTTCTAGTACTGGAATGCGACTTGTCGGGCACTATGCTTTACGAAATATTATAGAACAAGATACGTGCGTTCACTTTGGGGCCGAGGTTGCTCGTAGGGGCGCTCCTGGTCCGACGCATCTCGACGCCTGCTGCCTTGGGAGTCTATGTCTTCATTTTTCTAGATTGCCTCCTTCGCTTACCACGGCAGTAAAGAATCCAATCCGGGCGTCTAACTAACGCGGTGGGCTATGTCTTCCCTATTCAGCGGTCTCAACATCAACCTGCGCGATTGAATGAACCTATCCTAG,702,49.72,Saccharomyces cerevisiae
SEQ_526837,GGCTTTATTACGCGCTCCGGTGTGTGAGCTAGGATCTATAGAGAGGTAGCAAGACGAGCGGAGCCGGCTGGTTAATATACGTGACAATTTTATTTAATTCCTAGCTTACCTGGTAGCGCAAAATTATGAACTACCGTTAATATTGGTCCGCGACCTGCTCCATCCGTCCCACAAGTGGTCTGGGCCGTAGAACGCTCCACGCTCTCTGCATCGCAGTTCCCCGCGGAAATACTCGTGCTTGACGTTCACTAAAAAAATGTGCTCAGTTCAGTAATTCTCCAACGACGCTCCACAGCGGGACCTGTCACCGGCCGCCAGCCCCACATTCAGGAGTGTAGTGGCGTTGGTGAGTCCCCATGATGGTCACTCTCAGGGCGGCCTGTCCAGCTTCGCCACGCGGTAGCGGCCACGTTGCCCCCAGAAGCTACCAGCACTGGCCTTAAATTTGTAAATAACAGCCAATGCCGACATTTGTCAAAGGACGTATGCAAGGGCGCTCCTTGACCGAGGACACGAGGTAGATCGGGAGCTGCCCGCCACACAAAGGGATTACGCGTAGTCAAGGCAGGTTGTTGGACTGGACTTGAAGTCCTACTCTGATCCCAGTTTGGGCAGGTATGCTAAGACGTTACGCTTCTAGCGTCTTGATTACACTAACCCGGAAGATTCAGACACAATGCGCCCTTTTGACCCGTGATACCAAAAAGCAGGATGCCGTATAATTCTTCCGATTGGCCAGATTACCGTGGGTGAGTTAAGAGCGGCTTCGCTATCGGACGCGTGCGTAACCTCCTTAGGCATATCCACCTTGAATTTAGGAAACGTAGCACGGCCAATGAAGTACCAATTAAGTGACTAAACCCCCTGATCAAGGATAGCTAAGTGTGTGCCCGCTTCCCACCAGGCTAGTTATGCCAATCGGAGCGGGCTTCGGCGGCAAGAGCGAACAAAATCTTCATAAGCGGGTGGTGCCGCTGATGTGGGGCCTCTGTACCCCGCTGGTCTCAAGACTTGACTTCGTACTTTTTATAAACTTGCCTTCGACGTCTCGCCTAGCTAACATCGTGGGCTCTCTATTGTAAGTCTCATACCGAGTCAAAACAGTTGGCAAGAGGATAGAGTCTGGTAAATGCTAGCCCCTCCGAGGGAGCTCGTA,1156,52.25,Arabidopsis thaliana
SEQ_604434,GATTCCATTAGCAGGAGGGCATCACGACCCTTACCGGGCCCTGGTCTCATGAAAAAGCGTGGAAGTGACGTCAAGAGGAATATTAGATTAAATTTTCCAGAAACTTCAGTACAAGTAGAACAGATGACCTGTAGGTGGTCTCCCACTCTCTCGTCTTTCAAGTGTAACCATTCCCAGACGGGTCCCGCCGTAACCTGCAGGGCCATTTTTATGCCGAGGGGCCACACCGTCCAGAGATGGGCGGCCTGATGATGAACATGCTTTGGCTGCTATTTATTCCGTGAATACGAGGCTACAGCGGTTGGAAATCATGACATGCGGATGGCTAAGGTTTAGTCGTGGGGGCCATGTTGTTGCCTTATCATACGACCTCAGCGTGGTTCCTAATTAGCCCAGGGCGAAGTTAGCATTCTAATTGTTCTTAGTATGCACTATGGGAAATAAGCGGATGTGCCAAACGTATTTGGCAGTACTCTCGGCCGGGAAGTGGAGCAAACTCCCTTACGGAGGGTACCACGCTATTATGCCTTTGGAGACGACCGGCAGATCGGAATAAGTAAGGGGTACATTGTAAGTGATATTTACGTCGATGTATGATTTTTATATCTTGGAAGTCAGTGCTCTGGGAGATCATATCTAGACATGAGAAGTTCATCACCACAGAGAAGATTGAGCTAACGGTTCGTTCAACCAGATTAGTGTAAAGAACAGAACCAGGAGTGATCCCGATTATAGTTGAACCGCGGGAGACTCAATGAAGCCCGCCCATTCGATAGCCGTAAATATACTAACAGCCGTCGATGGTCGTACCAGCGAGCAACGCGGGCCCGCTCTTGGTGAAGAACAGGTTGGTTTGCTGTCATAGTGTGTAGCTGCGGACGAAGAAGACAAACTAGTACCCCTACTCTTGCGGTCGCGCAAATTACTTGCTGACCAATAAGGGTGTAAAGTAGGCCATGGATCCGGATGCTAAGCACTAGGCATAAAGTAAGTGTTCATGTAGGCCGGTTGCTGTATCCCACGTTAGGCTACTGGGAACTACAGTCTAATCCGAACGTGCTGTGGCTTAGTACCCTCTTTAGAAACACTGGCTTGAAATATTAGATCCCATCGGCCGAGACCATCAAATACCCAGACCCAAGCCGCACCGCCTCCGTGACCATATGGGCCAGCCAATTTTGTGCCACCGAAAAGACAGTCTTTCCTGAGGTCTATTGCCCTTTAAACTATTTGCTAGAGAGTTAACCCACACTCTCGGCAATTCAGTATTTCCTCCAGTCGTATCGACCAACGAACGTCAGTATTCGCCATTCATACCAGAGAGGAGCGCACGTCGGCATACCGCGTAAGAGGATCAGAAAAGACGCCATACCGCTCCTTTCCCACAGTGGTGCTTCGAGTTATCCACGCCACTGGAATGTGAGAAGTGATCCCTACCTTCTCAACGATTGTTGCGCCAATGGAAAGAATTCCAGAAAAAACGGATATTTGCAGGAGGGGGTTAGTAGCGGGGTGGGCCGAAGCATGGCTCCTCCACGAAAAAAGCTCCTCAAGTAGGGTTTACCCACTCAAGTTAGATCACTGCTATCGGGGATCCAACTTCTTAGGCTTTGCTACGCGTTTCGACAGTTAGAGGGATCGTATGAGATATTGACCAGTTTGCTCTCTACAGTTATGTCTGCACCCAGGCCCAATAATGTGGCTCGCGGTGCACCGTGAATGAGAATTCGATCGGTAGAAAGGTCGTCCGTCAGTGGGTCTCATCCATGTTCTAACAGCCACGGGGTCGTGAGC,1794,49.33,Mus musculus
SEQ_471952,TCTACCGAGTGTTGCGGGTCTGGAAATACGTGGCCTTGTCAATATTCCGGAGTCCTAAGATTATCCAGATAGGATGGCAGCAAGAACTGGCTAACAGATATACACTCCCCCCGAACTGGATACGAGCTCCGCCGCAGTTCCCCCATCTGTGGGGACGTGGCAGGCAGACCAATCTAAGGTAAGTGCGACTTCCGGAGGCATCGACTTCGCTCCAACCAGCTTTAGGCTGGTACATCGTGAGAGTCCATTAGGATTTATAACTTTTGGGTGACTAGCTATGGTTGGTTAGATAGAGAGGTCCAACAAACATCCTATTTTTGTACGATCTGGCCAAATCCGAGCGCGGCCCGTTACATCTATTCCCCGACGTCCCCAGCCACTTGTAAAGAGATGTTAAGCAGGCGATGCGGACTCCCTAATCTCGTAGACGTGCCACGGTCCGTTGATTTGATGGCGGTTGAAATGCCACTGTCCCCACCGGTAAAAATAGGTGGCGCGTTTGTCACTCGCAGTGCCGGCCTTGGATCATCCCTCCTATGGGTCTCAGAGAGACTATCATCTCTGCTCAGAATCGTACCGCAAAACATGAGTAATTAGACATCCACTTAATTGCGTACCAGTCATGCCTTCTTTCTAAGGAAACGCGGCATAAGGTCAGCCGTCGGTGTGTAGCACCTCACTGATCAATTATCTGGCATTCGAGAGAGTAGGTTGAACAGCGCCCTGCGTCGGCCAACAACTGTTATTGATAACTCGTTTGCAAGCGTGAGTTTTGAGGTTGGGCTAAAAGTTGATATAAGTTCGATCGGATGGGTGATGGATTGCTGGCAAATGTCCAAAACTTGACTTGC,851,49.94,Caenorhabditis elegans
SEQ_975408,AATGCGATACGAGTCCATCTCTTGACATGTGTGCCGCGGCGGAGTAGATAACCAACGGGACTAGTGCGTGATCGAGCGGTTCGTTGCAATCTCCGGGGGGCGTGCTTGAGTAGTCTCAGTCTGGCGCCCACTGACAAGTCCCCAAAGCCGGCCGATCAACGGACCACATAGAAAGACGCAGGCCGGTGGTCCTACTGGCATGAGCTATTGTCCTAAGTGATCACAATTAAAGACCAAATGCACTAGGAGGTGACGCGGTGTCGATTATCTTCACGAACGGTGACTTAACGCGTTGCTTTGCGATCCCATGAGTGGGTAACAATGGGCGGTTACTGAATAACTAAAGTACAGCGGGGATGTAGTCCCTCGTCAGACACCACTTACCATCATAAACGGCTCCATGGCGATAGTACGGGTCAGAGGCTGTAGCGTCAACCTGATGTTTTACACAAGCCCGAAGAACCTGGAACACATAGGAGGAGTCTTGGCCATCAACTGAACATAATCGAGTAGTAGCGCTAAGCGGATCCCTCGTCCTGGGGCGGGGAGTTGCAGGTGCGATTCCTACGGGACGTCTCCGACTATGCTTTTCGTACTTTAGCAGAGCAAAGCTGCAGGTCCTTCTGTCTATTGGTGGTTGGTGATATCCCGCTATAGGGGAATGTATTGTAATCTTTCTAAACCTTGTGCGACAGGATAGACTGAACAAACCGATTGGAGACCAAGGGGGCGTGGAAAACCCCACGCAACAGCCGGTACGACAGCGTCCCCCGAGTCGGGCGAAACCTTCGATGAGCCCTAATGACTAATTCTCATCTTTAGAGGTGCAGCATCGGGTGGCAGCATGCCACGTGTGAGACTAAGTCATATCCGAGGAGCTTTCGCAGATCGGGGGTGGTCCTTTGATGACTGCCGACAACAGGTGTGACGTCTCTTATTTCCACCTGGATGGTTTCGGGAACATACCTGAAGACTTAAACGTTTCCGCGACTTTCATACTAGTTGGGTCGATCCTGGGTAGCCGTATAGCTGTCCGCCCCCATTGGACTCGGTAGACCTCGGTAGCTACTGTGTCTCCCTAAACTAATCGAGCGTCCTGTGGCAATAATGCCGCCAATATAATATTCGCGCATCATACCCGTCGTAGTCGTCCGGCTACTTTGTTTTCGAGCCTGCTTCGCATCCGCTTTAGGAGTGGCTGGACCCAGATTGTGAGAACCTCCCAGCCTATTATGAGATTACGGATATGTCCCAGATCGGTCCCAAAAAAGGCAGTATATTTTCGAGATCACCACACCAGGTCCTCCTCAGAGAGGGCGGCGGGTTCATATAAATGGCATACCCTTGTCCGAATCCCACATAATAATAGAGAGAGTATTACTAACACCAGCAACTTTTACATGATGGAAGATTACTTTACGCTAAAGGGAGGGCCTTGAATAGGACAGCGAACGAAAAGAAGCACCCAACCGCGACGAGTCGAAGCGACGAGGAGCACGGGCCAGTGGCCCGAGGAC,1517,51.88,Drosophila melanogaster
SEQ_921444,CGAATCCGAGTCCGGGGTGTAACTCTCTTCCACCGCTATTTCGAAGCAGT,50,54.0,Drosophila melanogaster
SEQ_806894,TCATGCGGTATCGCACAGTCAGTCGGCAAAGCTGGCCACGGACGTCGCTAAATCTCGGAACACTGAGACTGTTTTGTCGGCTTCGCCCCCGAAAGTTCCTCTTCTCTTAAGGTTATGGCTGGAAATGTATCTCACGTTCTGCCTTCTTAAAGTCTTGCATCGTAGATTTCCGTGAGGCCGCACAACCTTAATAGGGCGTCTGAGAGCAGCTGACAGCAAGGGGGATACACCGTCACCGTCCTACGAATATTTTTGGTCCAATGAATGTCATACTGGTTCCGTTTGCCTTCACAGGAGTTGTATCATCTTCTTTTTTCCTCTACCCCCCCGTATAGGGGTCTGTTCCGGTCGACAGAGTGAGGATATTAAGATTTCCCCCTAGAACCATTTGTAAGCCGACCTAGCAAACGGGCGTCAAACTCAGACAGAACAAACCGGGAAATGAACGGATTCACGTCGCTTGCTAGTAATTATTTTTCGATTCGGGCTTCGAATGCTTGAATGGGAAGCACGCACCTAACGGCATGGCACCGGTCAAACGTCGAGTGACATCCAGCCTAGACTGCAGGTGTTTCAACTCCACAATAATAGCCAGAGTGAGTTTATGTTAGGCTAGGCACACCCCCACTGTTCCTGCGACCCATGTCGGATATTAGAATTGCGGAAGCTACTCACTAACCAGAACGAAGGGGCTCGAATATAAACTCGTTTAA,713,48.95,Mus musculus
SEQ_297760,CTTACGCTGATACGCTAGCAGATTAGTCGATCATCTCTCTATGTCCATAGTCAGCGCAGGATAAATCACGTCTGATCTATTCGAGAATAATTCATGCACGCACAATTACGCTACGCGCATCATTGTCGACCTCTTCGGCTCGGCGACACACTGGCAATATGTTTTGTGGGGACCACAAAAAGCTCTTCCGGTTCTCGCTGCAAGTTGCCGTCGTTTTGAAACGGGATCGGACATGTCCTTGTGCTATACTGGAAACATAGCAGTTCGTAGGATGTGCGAATTCCCGCATCCCCAGACCTGTTCATTGGGCGAATACTCTGGGATACTTCAGACGTTGTGTCTTTCTGCAAACAATCTAAGCGAGTTGAATGATAACGCTACACAACGTCCTCATAACAAACTTGGAGATACTCCCAACTAGCGACGTGCGTTCAGTGGTTGAGCCATGCTTAACAGCTTACGGCCCGGGCCATATCCGCGCGTCAGCAGAACTTTATCGATGGAGCGCGCCCTTGAGCGGGTCTGCGTTATTTCTTCTCCTACGCTTTATATTTACGTATGACCCCACAGCAAATCTACACCTGAAGCGCTTGATGTGGGACCTTGCGATGTATAAGCTGGGCCGCCCATCCAAGCCGTGCGTTTTCCACCTATATACTATGCGCGAACGTATTAGCCCAACACGGATCCCTCGGCGACTATCAGTAAAAGCGACCTTGTTAGGGAAAAAATCCTGACAGGCCTCATGTCTTGCGTAGTCTAGTAACTAGAACTTTGTGTTCCCTCTGAAAGGCAAATGGGGAGCGCGACTAGAACTCCCGCGCTGTTATACCGAGACTAGGTCCGTTGGCGAGCTAAAATCGTACGGTGGTCAACGAGCAAGGCGCCTTGAGCCGAGTTAGAGAGAATTTCTTTGCCTAAGTACACTACCGCCTAAGCATGTCCTGAGGAAGAGGGAATCTTTCGGCCTCTAGCAATGTGAAACACAGAGGTCATCGTTTCCAGGGTGTCTTACCCACACTAAAGACCCAGCCGCCAACTTTCCGGTCAGAATTTCTTCTATTCGAGGCTTGTAAGAGTATGTTAGCCACTGTAGGATCGCCAGGCCAGCGTATCCGCCTGGAGAACTGAGACGACGTGGGATAAACTTGGGGTGTCCGGCGCGTTGGATTAATGTTAAATCACTATTAAGGTATCCAGCTACTGATACCCGATACGCTGGACATGCATGGAGAGCCCTTGAGTTCTAGTTATGCGTATTTAGCGACGATTAACCACCAGGGAATCTTTGTCCAGATGCAATGCAATGAACCAAGGCAGCCAAAGTGTATCGTTGGGTGTACGTTTATTCAAGGTAGTTCGCCTGCTCTGCATCAACGTGTTCTGAGAATTGTCGCCGGGTCTCAAGTCCCGTGATGGAAGGTTCTCGTCCTTGATAGGGAAATTCCTTATCAGCGTGACCGCAGAGTGAGGCCAGTTGGCATTTCGTGGATTGACACACGGCGCTTACATAGTCAGCAATACCTGAGGTATATAGCACGACGGAGCTGCGTTGGGGATGCAACATGGTATCGCGCCCAATCTACGTCCCGTCGGGGGACAGGCCATGCAAAGGAGTAGTTCGGTAGGGTGTGGTTAATTCCCTACTGCGGGGTGGAGAACGTAAAAGCGA,1672,50.12,Mus musculus
SEQ_349399,CAGCAGGATATCGGACCGTATTCATTCGAGTAAACATTGACGGTCTGAGCTTGGATCTAGATTGGTCGCACTACTGCTATTTATGGACCCCTCTGCCAACGGTACACATACGGGTTTGCAGCGTTGTCACTGAGCGTTGCTCGAACATCGGAAAATTTGCCGGCAATATGCCAATTCCGCCGCGGAAATTTCTTCAGAAGACCCGTGAACGCGATTCCAGCAACGACCCTACCCTTATGTGGTCTCCACGCGCGTGCGGCTCGCAGTCGTCGATCTCTGCACACTCGGTGGTATAGATAGTGATCCATAACCGCTTTGTGCAAGGTGTTGAGCGGACCGCATAATGTTTAGAGTTCGTCAGGATCACATCAGTTTAATACAGGTTAGTGATCAATATACCGTGACCTCCGGCAAACAATCAAGTTGTTATACGATTAACCATCAAAACGGGGGACATGTGGTATTCTTTGTAAAGTTAAGTCCAGAGTGAACCAACGAGGCTTCTATTCATCCTTATACGTTCTAGCGTTCGTTTTCATAGCGTTCGAAACACTGTTCATTTGATCTTAGTCTCTTTAATGTAGCGTCCTGACGGAATGGGGGAGACTACAATGATTGATAGTATGGTTTACGTCTGGAGACCATCGTGCGTCGCGGGAGAGCGTATTCGAGTTTCCACGAGAACGGGCCTAGTCATGTCAACAGACCGCCATCACTGCAGTGTCGTTGGCTACCATGCACCGTAGGGGCAGTAGCGTAATTAGCAGACCTCTTTCGTTTATGCATCATATCTCGACAAAGAGCGTCCATCCCTCGTAGCAAGACCGAACATTGCATTTTATGGGGGCGCGGGGTTGGCTATGAAAATCGACGAAAGACTTCCGGATGTCGATGTTTCTTCTCTCTGTTATTACAATGGGCACTGGTGGGGCACTGGCGCTGAGGGGGGTTCTGTGCTACGTCAATTCAAGTTGAGCTCCGGTTTGTACAATAGCTGCAGTGCTGATACTACAATACCAGATTAGAGAGCTAGCTGTCGTTATTGCGCATCCAATGCGGGATGATAATCGCCCAAAGGGCTGTGGACTGCCTATAATTTGCATGGAGGCACAGTATCTGTGTAGGACACCAGCGGTTTATATCAAATGTATAACCTGTGTATATAGAAGGCCTCCCGTTATGCATTGAGCATAGCGCCCACCTCATACGTTTGTACCACAATGGATCTCTCAGATTACACCCGAGACCCCACATATGGTTGACCGAACTGGCCTGCTCTCAAGATCTGCTCGCGAGCATACCTTTACGGTACGGATCCGCACACCGTGGGCCCTACCGAAAGGTTTTAATGTGAGGCCCTCGTTTGGACACCTTGTTTCCTAAAGCTT,1388,48.7,Saccharomyces cerevisiae
SEQ_169411,CCACCCGTTTGAAGGAAGTGGTTTGTCGGCGTAAGTGTTAACACCGATCGCTCCAATCCGCACTGAGGTGTGGTCTCCCGTATGAAGGAATGCACGAGTCAGGCTAGTGGGGCACTTCCTGATCCGAATGGTACGAGGGGCAGCATTACGATTTCGCTCGAACAGTTACGCGGGCCCGTATGCGATGTAATGTACCTCACCAATTTGTTTGCCGGCAGGGATTTCGAACGACCCGGAGGTCTCAGGAAGGTTATCAAATGAAATGGGCTACACGTGGCCCGTCTGCACCGTCCACATGCGTAAAATCTGTTTCGTTTACCCAATATGGCGTTGAAGCGTCACAGCCGGGAACATCTGAACACGCTCTCGACCAAACTAATCAGACTTGATTCACACCGAATTGTTCAGCTTAGTTCCTTCCATGGGA,427,51.76,Homo sapiens
SEQ_123514,CTATGAGCGATATGTAAGCACCGCTTCATCACATTCATCCAGGCAAGGCATGGAAGCTTTAACTGAGAAGCCCTTCACTGGAAAAAGTTTATTAAACGCAGTCTTGCACACGGATGTTTGTCCTACTTTCCTGTTTATATAAAGAGAGGGTTTGGTTGCACCGACGCATTCGTTCTTGGAGCTGTGATCTTGTCTTATCGGTCAAACCATGGCCAGACCTGTACCGTCGCGCATTGTGCTAAGTAGCCAACTATTACCTGGGATGAAAGACCCATTCCAACGAGGGCGTAAACGCCAATAGTAGCTAAGCGCAAGCCTATGCGCTGAAGCATGTCCCCCTTAGTGATATGAATTCAGAATAACCAGCGCATCAAGCTTCCGATGCATAACCTAGACGCCTTGCCCAACTCCGTAGACCAACCTTGTATCATAACAGGTTCTCCCGCCGGGTGGATACTTAATTAAACATTACGAACAATGTCCTGGATTCAACATTTAGACTGTCCGCACAGAGGACCCCTTTAAGGAATGATCTTGACTCCTCTGTATGGTCGTCTTACCGTGTCTTCGAGCTCCGCGGAGTTTGGTTCGTGAACGAATCATACAGTCAATTCTCGGTACCCGCAGATAAATCTTTATTGACGCGACATGTCACTCCTCTGAGCCCTAATATGTATAACGCTCGTTCCGGTTCCCTCAGACAGGATGACTGGCGCCTCCGCACAGGTTGTTGAGCGAAAAGTGGGTCAGCGGACGTAGCTTAAAGCTGTTATCGCAACTCTGGGTCAAAGTCGAAAATGAGGCGGACCTTCACAAAGCGAAAGCGCAGCTCAACATAACACGAATCTTTCGCTAATTTCTCCCGTTTTCATGCTGCACTGACGGTCGGGGCGCCACACCTGAAAGCGAGTAGCACAGCTAGTATGGTGTGTTTACTCTATCAATAACAAGCCACTTACTTGAGTCAATAGCTCAAGTAGTTGGGTAAGCGGAAAAAAGAATGGTGGTCGTAAAGTTTAGCTTTTGTTTCCAAGCTTCGTCGAAACTACTGGGGTCGGGAGGATAAATTGAAATCTAACAGCAAACGGATGTCTCGGAGAGCCGATAATACAAGATCTCGTCCGTTATTCCGCCCAACGAGGTTACCCTTGTGACATGCCAAGTGTCTGCTATTAGATCATCCAGATCCCAGCACATCTAGCAGGTCGCCAGGATTGCAAGACATCTCCTCTGGCCTTAGCACGTTGGATTCACTTGTGCCTGTTTTAGCTCAATTAGCCGGATGACACCACGCAACGGGGACGTGGACTGGCAGTACAGGGTTTTGGCATTAAAGTGGCCCCTCCCGGGCTGCTTACCACTACATCATGTTTCCCTCAGCGGCGCCGTCCGGAAGATACCAGGTGGTGCTCGAATGAGAGTTCGCTTGGGCCTAAGACTAGCTTGAGACTACCCACAACGTATCGTATCA,1471,48.67,Mus musculus
SEQ_566435,GTTTTAAAACCGTAGCACGTTTGTTCCTGGATCACTGGCGCCTCCACCCCCCTCACACTGGGCTCTGTCTAGTATCGGGGAACGGCAAAGCCTATACGATCGAGGCGAGAATCGAGATATAGGGCACTGGTGGTTATCGGCATGCACCGTAGCCCATGGGTTGCCCCACTAGTACGGTTGAGTGGACTGATGCGGGGCGAACTCAGGGAGGCTGCGCGCACCGATCGCGCGGAGTCCGACTTAACGCTTGTTCTCGATGTGGGGTCTTACGTACGCCAGCAGGACCTGATTACCCTTCCGCGCTAACCCCCTATTTCAGTGCTAGTGAGATTCGACTGGTATCCTGCCACTATCCTGTGGGCCCCCGTGACATGGCAGGTCCTTACCCCAGACACAGTCCCTATGATATCTTAACTCGTTACCGTCGTCAAATCATAAGTAACCGTTCGGCGCGAACAGATGGGATTTCTTGAGAGTAAGCCACATCAGCTTCCAGTGAGTGTTCGCACATTGCGCCCAAGATGCAGAAGCACCAATCGTTACGCTACGGCTTGGACAAATCCACCCGTGTTTGCCTTTCGGTAATTGTTTACACTCTGATCCTGGTCCCCGACAACTGGACGCCAGATACTACTGCCCGAGGCAGCGTAAGCCTCCACTCCCGCGGGCGAATTTAGGCGGTTGGTTGTGTGTGAATATAGTGACGCAGCGTAGGAAGGGTTGGCTTTGTCACCTTGCCAGACCCCTGGACTCGGAGCAATTACTGGTCTTCGTTGATATGACAGCCCACCGTGTCAGCTAAGTGTCAATGGTCCGGGGTTGGGCTTATACTTGACGCCGCCCCATCGATAAACGAGACGACCCGGGAGCGACTTTGTTACTCGAGGCCGTATTTAAAAACAAGCACTAATGCCCACAGCTTACCAACTTGTTCTGCGGTAGGTAGTGAAACGTGATTTTGAATCCTGGCATCTCCGTTTGTGGCTGGTCATCAGTGGCACGCGTTCCACACCAACGGTTAACTACTGTACCGACGATGTCATCCTCCTCATCCACATCTAACGAGCGGGAGCTCTAGCTCCTCGGACTGAGCGCAACAGCTTTTGTCCCTCGGTGATCATTTCTCGTCGTCTTACTGTTAGTGGTAGGGGACATTGACTTACCCGGAGGTTACTACGGCAGTAATTACTCCTACGTTAGTGGAAACTTTCCCCCCTTGTTATTACTCGCGACTGCCGCCTGAGTATAGTAACGACCCGGCATTCAGCAGAGTTCTACAGTTGTTGCCCCGGGACCGGTCAGGGAACCGCGAACGGAGTCTCCTACTCAAAAGCGCCGGAAAGGATCTAACTTTCCCACATTTGTATAGGTTTTGCGTAAACCAGGATGATTCTGGTTCTCCGCCGACCCTCTGTGTGGGGGTAAATCGCAGTTGCCGTTTATGCTCCGACTTTTGGGAGAGTATTCACGTACATAGACGTTTTGTCCCAAGATAAGGGATCGGTCCGGAGACTGATGTGAAGCTGACCCGCATAGGGCCCTACAGTGAACCTATGTTGTCCCCCACCATCCGCCGTATCCGTATCGCTTGGGCGTTCCATGCTCAAATGATCCCCCCATCGCCCCATTCACGGGTGTGGACTCTAGCGGGGCCACAGTAGAGACGTCACAGCAATGACGCATCGAATCCTTGCTAGAGACGGATCCGGAGGCATTAGCTCTATCCTCTTAATTACTCACTAACTTAAGGTCTTTGGAACCGGCAGGCAACGCGTTATTGTACTGAGTGATGCCACAGCTCAATCTCCACGCCCGTTGGTGCGTTGAGGGGTA,1833,53.41,Escherichia coli
SEQ_209014,TAGTGGACTAACGAATCTAGCAGCAAACTTAAAAAGGCCGATGCAGACCTGGATCTGACTAGAAGCCCTGTTATCTTCTTTCGGTTAACAGAATTGTCTCAGGGGGTCACAGAGTTATAGTGCACTAGAAGAATGGATATAACGGATTACTCTTACCTCTATCACACGCCGCCTTCGGCAGTAAGCTAATCCTGTCTCGCTTCCGGCCCCCACTTAAGGCGTATTCACAATTTTTACAAAGCTAATTAAGGCCACCGATAGTACTCCCTGTACTTAGCAGCTCTCGAAGAGCATGGTCGAATTTTGCGATTTATCCCGACCCTTCCTTGTACAGACAGATGTTCTCCGTGAACCCGATAATTCAGATCTCTTCTCCTCGAAATTGGTAGTATCTACTCCGCACACTAAACGAACCATGTTGTAGCAAGTTGACCTTCAGAGCGCACTGAGGTTTCTCACGTTGAGGCTGTCGCGTATGGGGCCTCTGGCGATGACACATCCTTTTATTCCATCTCCGTTACCCTCCAACGTGTTCGAATGCAGTCCGACCAAAGTGTAACCATTAGCGCGGCATGTCCTAGCACGTCGACGAAGGAAAGGGGGCTGCCACGCCTATGAACTCGGAGATTGACCCGAACGTGACAATTAAACTTGGTGCTCGGCTGGAAGTAGTTACCTATAGAGTGTCAGGAGGACCTCTATTTACTGACATTGCGTAGTGGAAGGACGGAACAGTTGCAGACACAACTGATGATAGCCCCAGACTCGTACGGAACAGAAGCTGACGTAGGGACTACGTTCTGTAACTGCACAGGTTGGACTCGGCGCTGGTCACCCAAACGATGCAGTTGAAAGGGCGGTTTGCTCGGGAGTCGTGCTTGGGGGACAGCTGGGTACGTGCTAACAACGCCCGTGCGTCCGTCTTACAGACACTAATCGTCTAAGTTCGGCTTTGGCTCTCATTGACTAATCTTTCCCTCCTCGTCGAGTGGGCAGGACTCCGTTGCGGCTCGAATCTTTCTGCGCTCCCACCTGTAATATGTCCTTATGACAAGGGCTAATAAAAGCCCACTCCCCCTTCTCGGCGACTCTTTAATACCTCCATAGCCTAAACGCGAGGACTAAATGTTGATGCCAGCGGGGGGAGCGGTCGTGGAACCTCCAAAGGAGGCGAATGCAAGCCAGCCTGCACACTGTCGCTAGCCATCAATTATGGTCTCCCTCTAACAATCTGTCGAGCCGAACAGCGGGGTCCGATCGAGAATATAACCGCTTCTGATGCCCTCGTACCAATCAAGACATGGATTCACACGACGATGAGGGTGAGGCTACGTGCCCGGCCGACTCGGTCCTGCAAGCGCCAGACGACTCCTGCGCACTTCGCTGAAGGCGGTTGACACATTGCGGTTATCTATAGGCCAACGGTAATTTGAACTTGTTGAACGCATCCGACCGGCTTGCAAAAGATCAAGATTGCTCCACGGAGCGACAGCAAATAAGCAGACCCAGAAATGTGATCAGTGGTGTATAAATAACTGACTGGCGATGTAGACACCGGTTCACTCTAGTTTGGCTAAGAGAAGAGTAGGCGCCCGCCACAATTCCCGAGGATACACGTTTGGATGGTACCTATTCTCATTGAAAGCAGTAGATGATAACCCGTAAACTTTACCCACCCATTGAGGCTCGAAGCTGACTCCAG,1702,50.76,Arabidopsis thaliana
SEQ_838691,TAGGTCCCAATAGATTATCGTGGGTCAGTATCTTAATTTTATACGTACCCATAGGCCGCTTTACAGACCAGTCAACGTGGGAGGACGACCTCAGGCTCAGTAAGCACCTAAAATGAGAGGGGTGTATTTCTAAGCCTTGGGTGTCATTCCCTATATACTCTTTGGCTCAAGTGATCGGGTTAGTTTCATAGTAGCGTGGCATCACCGACTATGCCCACGCATCTATTTCACGCGGTGGGGCTCTGGCCAGCAGCCGTCCTGCCCTAACCGTGTGAGGTAGATTGGCGCCACCTTCCCGTCACAACGGGGGGATTTGAAAGCTCAGTAGACACTGCGCTAAGTCGCGAAGAACAACTGTTAAGTAACCTTGCGGGCATCACACTCTAACCTGTACATCCTACGAGAGTTGTCTCTGTTACGTGGTTGGCGCTCCTAAACGAACGGGTCAATGTTCTGATTCAAAAACGAGATAAAAGATCGGTAGAATCCCCGGAGGAATCAGATCGCTGAAAGTGAGTATTTGCATGGTCGCATATGTCAACGTTTCTGAGGCACACTGAACCGCTGCGGTATCCCGCTCCCCAAGCCAAGTATGGGCGGCTGCCGGCACTGGCCGAATCGCAAGGTCATATAGAGTGGACGTTCGCTCTAACTATTTTGAATAACAAGACATGACAAGAGGAAGCCAATATTGGCTGCATTCCCTAGTAGCAATGCGGCTTCAATGTGCCGTTCCCTTGAGATCCTGGACCCCCAATGTCACTGTAGTGAAATGTCATCTGAGACGCAGGGTCGTCTTGACGGCTAGCCTAACGTGCAATTCTACTTGGGCCGGAATGTCGGCGCGCTTAAGAAAAAAGGGCTTCGATCGACAAGTCAAACCCAAACGTACCGACTGCACATAGCGAAATTGCACCGCAGATCATCCAGCCCTAGGTCAGTGCGGAGAAGACACTGGCTGCCAGCCCGGAGGCTCTATCAGTTCGTCGAAAAGTTAAGGAGTAAAGGGATTCGAGAATCTAGCCATGTAATTAACTGGAACCGATCCTCCACTGTTAGGTTGCCAGGGTGTAGATCAGGTTAAGGAACCTTCAAATACCCCAGAGCAGATAACAGACGAGTGACCGCTCGTCTATTGAATTATTTTTCAAGTTAAAACTAGCTACTAAACGACTATAGCGTGATGCTGATCTTCACGTGGCTAGAGTCGAAGCTGGGTCACTAATCAATTCCCTAAATGATTCCCGCCGGTTCCTGTCTTCACGGTGTGCCGCCAGGGATAACCGAGAAATCGCCCGTAGCCTCCAAACTGCGTTGAAGAACAAGTATGTATCGGATTCCAGTTAATCTCACTTGCCGCTGTGCAGTCCGGCTAGGGCTGTAAACTCTCCTCTCCCGCCCGCGCCTCTACCCGAGGGAAGCGTCAATTTGTCCACCTATTCGGTTGCTGGACTGGAACTGTGGCTTCATGGCCTCGGCACCTCCGCCACGTTGATATCACGCCCCCTACGTGATGGATTCCTGTAAGTTCTTGTATCAGCGAAGGTTACGACGCGGGTTGCACGGCAGAAAGCCTATGACAGTAATGAGCATTGGTTACCGATGTAAATCCACATTGACCGTAAGCTTTCTCCATCACGCGCTGTTTTGAAGAGTAAACTTTCATCATTGACCAGCTATCCGTTCATGGAGTTGGACCGAATGCGCGTTATAAATTTTCGGTGGTTATGTGTGCGGTGTTATGAGGCACCGCCCAGCTTCACAGATGCCTCTAGCTGATAA,1782,50.17,Saccharomyces cerevisiae
SEQ_319007,ATGATCGACGGATGGCCTGGTTCGAAGTACGTCGCTAAAATGACCGGCGAGCGTTATACTGTGGTTAACTCGGTTGCCAATAGGACCCCGTGCGGTTATTACCGCGTGTACGGTTGTACTTGCCTGGCCTGCGAGTCTCCAGCACCATGTCGCGGATTGACAGAGCCCGGGAACCCCGTCATAACGGGCTGTAAGAAGTCAAACAAAGGTTGGTCGGTTCTGTGGCAGCGTAAATCGGTAGTGTCATGAAATACGGGCTGAATAACGCAGTCTCCAGAACTCACGTGGACGTAGGACCTACCCGCCTCACCGTCTTGACTCCCCTGCGCTAGGCGGACAGCGGGCCATTACTGGGGTTCGTCGAATTACGGTTAACCGACGACCAATTCCTCCATGCAGTAACCTGGATGCGCCCGGCGCCGGAAAAACTGAAGTATACGTCTCGGAGGGTGTGGCGTCCCCTGGATTACACGCTGCA,478,56.07,Arabidopsis thaliana
SEQ_295824,GAACGCGATACCGCGAGCAGGCGTCCTGCCTCCCTCACCCAGCTTTCCAACGTGATCGGCTTATCACTGGGATTGGCTGGGGAGTCTTGAGGCGATCCGAATGCAGCTGCCTCCGTTTGCAATCCCGAGGGATCTCGACGTCGCTAGTTGACGTTTGGTACCCGACAGCAGACATCAGTATGCCTTGTGAGCAGTGCATCAGTACACCTAAATGCATGGTAAGCTGATTCATATCCAACTCAGAAGCACCACGTGCATACAGAAGCCCCACATAGTCAAGCCAGAATGCAGTTATGGTGAATCGCTACCCGAACTGGCTCTGAGGCGTGCCGTAGTTACCAATCTTGGCGGGGCATTTCTTACCATGACCCAACGTGTCTATTGTCATCACACTCGCGTTAGGCACACTCCAGGGTCGTTGGCGCTCTCCGATTCTGTTCGATATATAACTATGCAATACAGAGAGCCAGTCCGTTACCTTACGGGTCCACTCATGGCCATAGGGGTAGGTATGAGCCCAACTCCGGATTACTAATAGCCGGATGGGGACGCAAGAAACTAGGTCATGGATAGGTATGTAAATCCTGTACTCGCTGTCTGGAGGAAGCTTCAGAGGAATAGTATTATCGGCCAATCGTTGAATTCGACGGAGGAGTGACCCTGAATTGACACCGTACGGTCAACGATAACAAGTAGTATGCCCCTACGCTATGATTCGCGACCCCATGCATGTCAGAGCAGTGCATTTGGGGAAAGGACCACAGGTTGAT,770,51.82,Mus musculus
SEQ_437676,GTAGGGATCCATTTCTAACCGGTCATTTTCGCTTCGTGGGGGCAAAGACATGTGGTGTGACAACCGGTACTTGCTACTAAACTGTTTGTGGGGTAACGTGTATACAACTCAGGGTCGAGACTCTACAACTTCTTCCAAACTTTATGGGGCAGAGTAGCTCCGGTTGCGCTATTTCGGATCCCGCTGCCACAACCTAGACAGTACAAGGCGCGGCCCTGAACGCACCGTAGGCTTAAGGTACAGCTGTCAATGATAACTGGCTTATCCATTCGGGCTAGTATAGCATCAGGCGATCTCTGTTTCCTAGGATTAATCTAAAGCTTGATGACCGTATAATCAATTTGCCTTACCCATCTAGCAGGTAGCTCTTTCAGTGGTTATAGAAATGTATTCGCGAAGATCGCGTTATCCTCAGTTCTTCGGCACAACAGTCGAGCATACGGTTCCGTGGTGGCCGATAATAAAGAGAGCGATCTCTAACTTGGGGCTTACCCTATAGAGCAAGCCACGCTACCACACGACGAAGGCAAAGTTTCCCAGTTGTGCATTATACTCGATTAGTGACCTAGGGTAGTCGCGCCAGTCCTGAGTGGGCCGCAAGGGTTCGCATACTGCTCCAACCACGCAAGGGATCAGTTCCGTAGAGGGCGTAGTCCACCAATCTCGACGCCGCGTCTATGATACCACCGACCTGCCCTGCCGGACCCCCGACAGCCGTGTTACTGCTGCCTTCGATGTATTTGTTAGATTTCCGATACATTGCTATGGGATCCTAAATAAGTTGGCTACTTTCGGGGCATTAGTCTTTGCGGTGCCGGCTAAGTGCAACTACTCGCTGTGAACAATGGACTCCTCTGAAAAACCTGCCTACTGAGGATATAGTACATCTGAAGGACCGGACAGTTGAAACCAGTCAGTGGCTCCTCGTCTAGCGCCGCTTCTCCGCAAACCCGCGGCGCGGTCGACAAGCAGTCCGGACGCACATAATATTTGAGCGAAACCTAATATCACAAAACCCATTGGGCGGTCTGTGGTAATGAAGAGGTAGCTGCCTGAGCCTGGACCATCACTTAGAACATATAATCTAATGGACCTGCACAGCCGGCTGGGGTACCAGGGGTAATGACGCTTTTAGACGCAAAAGGCGCGGTTTTCACGTGACATCTTATTCGTTAAAGTTATAAAAAGGACGGCTAGCTGACGGACAAACCTGTACCAACTGCTGGTGGAATAATGGTCCCCGGTCCGGCGCTTGTTAGGTCCTATGCCTAACTTCCCCAATGCAAGCTGGCGTTAGCAGTATCGCCCCACGGAATTGGGACTTCGTTGGGAGTTACGATAGTAATCGTCCGAAACCTTGAAGAATGTGCCTTGTCCTTCGGCCAACAAACAGAAGCAAAAGCGCG,1406,50.64,Mus musculus
SEQ_472463,CTTCCTAATCAGCACAATCCTTATATCTGTCTATCTGTATTCAGAAGTTGTACCCCCGTAGGCGCCCGGAGGGTTCTACGACTGGTGATCAGACTGCCGGCCCCACGGCATGTGGGGAATCATGGAGTAGCAGGGCACACGTGGCCCTGCGGC,153,56.86,Saccharomyces cerevisiae
SEQ_934172,GTTAACATGGCCCTTTCAGCAAGCTCTACTGCATTATGCAAACAGACCCACAGATCTCCACGAAATCCGCGTCTGTGATGAGAGGTTCAGACTCGCTCGTGGCCTATTAATGGACTCTTGTAGGTTTAATGATGTGGGGTCACACGGCCTATATATACAACCAAGTCAAGGGCCAGTTCGGGCCGCTGTAGAGGCAAGGTTGAGTTTTCAGGCTATCCTACTTGAGTCAGTAGATAAGTGCCGCCCGAATCTTGTTTCAACCCTCAGATGGCTATAGATCCAAGAGCCCCTATGTCGAACGCGGCTTATGCACACGAGATTACGTCGTTGGCGGTGTACAGAGGATGGTATGAGAAGAAAAAGGACGAGACAGGGTTTATGCCTCTTTTCCAGGCCCTGAATACCACAAATAGACTGCCCATACGGTCGAAAACAGTCTATGCTGGTGGGTTGTACACCATCCTGCATATTAGGAATCAACTCATACGCGCCAACATGGTGACTATTTTCGCTGATCGGGTAGCAAGTCTCCGGTAAGGCCATATGCTCGGTCTAGCATGAGGCGGGATACCTCGCACACGGACCACCGTCCTTTGTCGGCAATGTTTTTAACTGTCACTGCCGACTAACTGATCCAGGGTGACCTAGTTATCCGATCTAAATTGATGTCACCAATTCGGAGTTCTGGTTGACGTGAGGTGCGTCATCGGAAGGGCACACAGCCTATAATAAACAAATCGACGAGGCAAAAGGTTATCGAGTGGAAATGCGTACCAGGCCGGTGATTTCCAATTAATCATTTTCGGCGGCTTATCCTCCTATCTATTACCAGTAGTTGATAGGATGAAGCTCTCTGAGGCTATAATGAGTAGGCCCTGGTGTGTCATACAAGACTTTCATACAACACTGGTATAGCGGGTTACTGGGCGTGGATTCAAGGCGACATGTTTTACCTAGTCTAATCCCTGGAACCCTTGCCCTCCTAGGCTCACGTTGGATTTGCGATTATACGTAGAACGGCAGGATTTTCCAGGCGTCCGTTTGGCTTTCCTTTGCGAGAGATAACGCTGGGGCAGAGCAGCCTCCTGCAGGGATACACCTTCACGTAAGCTATGATTCACGAAACCGTTGGACTAAAGACACACACTATCCTCAATTATTTTTGCCATGGCTTTCCGTTCCTCATGTAAGTTTTCGGAACGGGACTTCTATAACGCGTGGTATCCGCTATTAGTCATCTTTCAATTGATGTAGATGCGTTGAGGGTTACTCCAGGCGCGGTTATACAGAGGGATTCGCGGGCTGCCGCGACGTCTTACCGATTGGGAAAACACGGCGGACCCCCGACATTTCGCATACCATCCCTAAGGCACCCAAGGTATCGCTCCCTCATTTTTCACAAGGCACACGTAGCTCTATTCGCTTCCAGTTTAGGGCCCTGAACTATACTCCGGGCTCCTACTGGAACTGTCATAGTATGAATACACTGTTAGATAGTCCCTGGACGGAAAACGTGTGGCTCGGCAGGTTCGATCTGGGCCGCCTCCACCTCCTGGAGCGACACCGATATTACTAACAAAGGATAATCAACATCTATACAGGCCGCTTGAGTGACTAGCCTAGCGGGTCTTTGCAACCTATTAAACATTATGTCCATTGGACTTTTTTATTTAATTCCCCTACTCAACGCCAAACTAAGGGGATAGCCCATCCACGCTATGGCCAAAGTTAGAAATCAGAAGCAAGCTAACCGCAACAGAAGGAGAATTGCTATTTCTCTGAAGCTCTATCTACCAGCGCTGCGACAACACCTGCCTATGTGGCTTTCCCCTGAGCAGGTGTTTAACTGGTGAAAGCTAACAGACTCACTGCCACAGCTTGCTGCCTAGGGAATGGACCCGAACCTGCTACCACCGT,1917,49.03,Mus musculus
SEQ_623127,CTTTAACACGTTCCTTTATCCAACATGTACATGACGATCGTATTATAGTCCAATCTACCTATAGCACACGAGTTCTTGCACTGTATTACATAGTAACCGGGTTCACGTTCCTTGAAATTGCGAGGTCTGAGTTTCGTCGACCTTGCTTGTTCGAGCACTTCGTCCAAAAGGCTCCTGCCGTTCACACGTTGCTTGCAGTTTACTCTCGGTCAACCACCGGCACACTTCCGGCGTATGCCGGGGAAGCTAAGGTTCGTAAGTGAACCCGTTCGTTCAGCGATTTCTGTTGCTGGACACTTGCTAATGATTAACTCTAGAGCCGGATGAGAAAAACAAACACTGGGTTTACTTAGGGGTTGGGCTTCCGAGCTCTAACTCCTCTTAATCAATGCGGACCCACAGAGAACGGTCCGACGCGCCACACACAAAAGGCCAGACATGTTGTA,446,48.43,Escherichia coli
SEQ_121346,ATACTGAGTAAAAGTACACGGACTACATACCTATGCTCTTAAGCAGCCCGGTAGCACCTATACACTGTTGCCTGAATATTCCTACTCCCTCGAGCATCTGTTAAAATGCTAATCGGCGGAGCTCTCGACGAAAATCTCTCCGGAAGTAACTGGATAATCGGAGCATGATGTACTATAGGACGCCCACTTCAGGCTGTGATTAGGTTTGAGAGTTTATCTCCGCGACCTGCCACGCGTCAATAGCACATCATTCAAAGGATGCTTAGCGCAATGGACCTTTTCGGACGTGAGATATCGATCGCGGTATGTCAACTGACATAGTATTCGAAACGGATTGATTGTCGTATGATCCGTTTTCCAAAAGCTTAATCGAGGCTCCATCACTGAGCTAGAGATAAAGGGAGTGAGTTGACCCTGCCACCTGTTCGAGACTATGGGCAGAAATCCCCAAAGTTTAAAACACTCGTCAGTTGAAGGCACTACATATTCGCTTACTCGAATGTTAGAATGTGGGAGCTGTATCATTGGGCCAAATTAGTGCACGCGAATACGCAGAGACGGTGCTATCAAACGAGAAAAAAGGTTAGCTGTAGGCATGGGCCACAGGAAATATTCGAGTTTACTGTCTCCTTGATGTTAGCTCGGAGCGCCCAAAATACTCCATGGCGACTCCGCCGGTGTGAACTCTGGACCTGGTTGCAACCTGCTACCAAGGCCCGCCACTTGGAGACATGTGGGGGAAAGAAATCAGATCCCTCCTTAGTCTCCGTATGAGCGATCGTGACCTTAGATCGTAAATGACTATACAGTAGCATTGTGTTAGAGGCACCCGTAAGGAATAAGCAACGCTATGCAATGGCGTCCCGACTGCACTTGGCGACCATGACTATCGGCGGTGGTCATTGTGAGTCACACCTCGTCTATGCCGATAGATAAGAGGTTGGCTGCGGCATTGGGACACCCGCGCAGACTCATCAAATATGGAGCCAAGCCACGGATAGCTCTGTAGGCCTGCAAACTCCACGATTAAATTTACTCGAAATTCGGAGGCAGAGGAGCGATCGCCAAGACCGTCTATCCAATGGAGCTGAACCGCCACTAGTCTGAGATGTAAGCCGTATGCTCGGGATCGTCTGCCTTATTGGCTTCAGTTTTCCTGTAAATATCGCGTTAACTACCCGGATCTGACTTGCCTCGCCGAAGACTTACAAGATCATGGATTGGGAATGCTCTGGACGAAACAAGACGAGTTTATCAAGGCATTGACTCGAATTCCTATCGAGTTGCTAATAGCTTCAATATAACCGCTCTGTCACCGCTCGCAACTGGAATGAAATAGCGCTTCGGATCCTGGTCCGTTTTTGCACGTGATAGCTTCCAAGCACACGAGGCTATAACCCAATTCCAGCAGCTTGCCGGGTACTGCGAGAAGAAAAGCCATCTGATCATGTAGTATCCCCGAAAACAGTATCTGATGTCAGTATGCGCC,1489,48.56,Caenorhabditis elegans
SEQ_657338,CCTGATTTGAAACTCGACTTTACTGGAGCTGAGGTAAAGGACAGGACTAGTATTTGACAAGCGCTTGTCGTGATACAAAGTTTTGTGACTCGAGAACATAGGTAGGCGTAGTTCTAAATATAGGTGTTGGTCTCAGACCTGAGCTGTTTCGAATGGATAGTAAAGTATACATACTAGGACCTTTATGAATTGAGGTGATGCATCTGCAATAGTGGGGCAAGGCTCATTCGCCGTATCCCGCGGCAGGCACCGTATACGTGCAGGGAGTTGAAGTACTCCAAATTCAGATAATTCCGGGTTTAAATCTTGATGCTAAAAGCTTGCTCAGCCGACACCCTACGATTTGCGACCTCATAGCTATAGAAGAGCAGCCGCCGTGCGCCAGTAAAACCCATTTCGCCTTCAAGTAGATTGAGGCACTTGGCGGTGCCAGTAAGGCATTGAAGGGTATCCTATCTGGAGGACAAGTGATTACTTTCATTCTACCGGTTCGATGCGAACACGTTCCTTTACCTTCGCACGGCACAGTCAATTTGCTTAAGAATGCCATCTTGCTCCCAGGGCGGTCGGTGTGGCTCTTCAATAAACGAATCCTATACGGTGTGAGGGCTAAAGAGCCCTAGTCCCAGGAAATTGAGCTACAGGGATACACTTGTTATAATAGACGGAAAGTTGGAGGGGATGAATGGCCCGTTAAGCCTTGACAATTCTCATGGCTCTGTGAGTTTTTGCCCCGGGGTGGCGGCTAAGCACTTCAGTATTCGACATACTGACGACATTAGCTCACGACCATTGTTGCTCTCAGTAGCTTCCTTTGAACCTCCCTTTATAATACAACTGACTACTTGCCAGAACGGAGTCGTCCGAGGAAGAGACTGAGGGTCCCC,887,47.8,Drosophila melanogaster
SEQ_598966,TGGCGGTTGGCAAGGAGTGGGGTCACGAACTCCATTGCATTTGAGCCGGGCGTATAGATGAGG,63,57.14,Drosophila melanogaster
SEQ_767294,CCTCTGTTTCTAATATACTGACCACCGCGCACCGTTCGCGCAGCCATTCCTGTTTGGGAAGAACAGCTTTATCTCATACACCTTTTAAATGCTATTGTGTATCTGCGATGTCCTTCGCGCTCATTTAAATTTATCCTTTCGGCCAACCAGCTAGTATTGGGATATGGCCTCCACCAACAGTTCGAGTTTAACAATGAGTTCCCGAGAGGA,210,45.71,Saccharomyces cerevisiae
SEQ_461845,GAGGGGAAATTTATAAGCAATAGCAGGTCCGGAGATGGGGCTTTAGTACCGCTTATCAGACAATGCAAGCATTTGCTAGTACTAACGCCCCCAGATCTCCTTATCTCAGTGGGGAAACGAGAGTGGGGGTCTATGGCCGGGCCCTGGCTTGATATACTTTTGCAGACCGTCAGCTCCGGGATGATGCACCTGGTGCAGAATTGTGGTATCTTGCTGGGTTCTGAAACCAGGACCAATTCGATTTACATGAGATAAGAGGATTGGCAGAGAAGCCTACCGATGCAAGGGGCGTTACTGCCCATAATCGACTCGATCCCAAATATCCACAAGCTAGATTACATCCACTGAGATGAAAAATGTGCGATGAGCTGCAGGTTGCGAGGGGATCTTAAAGAGCTCGACATACTACCCAGTCTTTCACCCTCTTTCAATGAGTCAATCCTAGACTTCATCATTTGCTGTCCAAACAAAGAAAGTTAGAATGGCAGGGAGGTCGTTCGAGTTCATCTTGAGCGCTGTCACCGTCCCGACGACCAGGTAAGCGGGGTCGGATGTTATGAAAGCGTTGAAGAGCTCTTAGCGCGGTCCCGTAAACATTTCACCAGCCTCGCGTGCTCACTTGACGTGGTGGGTTTTTGGCCGCTTACCACCTCGTCTAG,659,50.08,Caenorhabditis elegans
SEQ_507067,TGTTGCTAATGCGTGTCAAGTCTGTTACAGCACAGCTGCGTGATATGGTTTGGGTGTGATTGTCGGCATTCAGTGAATTGGTCTGAAGGCCGCCTCAGTAAATCCGGGCTTTTTGACTTCGTCTTGTTAGGGTGGCGGTCTAAAACCGGTTCTTGTGAGGATAGCCCATCCTGTCTCCCGCAACTGAGAAGCCGTTCGCACCCAGTTCAGCGGTCGCACGAGCAAGCTCGAGCAAGGTGCGCCCGAGTACGAGTTACAGAACCCATCGTCGCAGAGCATTCGTTTTTCCCAGCCGCTTCTACCCATGATCCACGGTATAGTTGACGATTTAATGAAGGCCTGTTTAGCACTTAAGCGACATCGCGGCTTAGTACATAAGCCGTGGCGCATCTAGACCGCCTTGGTCCTATAGCGCGCGCCTTTCACGGGTATCGTTCCCTCGATTTAAATCTATGGATTACTCAACTTCGGCTAGTCGACCAACTATGCATCCATATTAGCAATGGGAAATGTAAGACTACCGTGGCCCATGAGGGGCTACTGGCAGAACGAGCTCGAACTACAAGGAGCAGCGAGCATATGCGTTAAGCACAGTCACGCAAGTAGGTTACCTATACGGAGTCATAGTTTTGTAAAATGTTAAAAGTTCCGTTCCCACGAAGCGCACTGTTTAATCTGCTGGGTACCGATAGGAGAAGACTTCCATTGATTGGCCCATACAGGGCATCGTGACTGGTAGCTCGTTGATTGTATATGGTATAGCTCAGATGTATCGTTCAGGTAGGTTATCGCTATTAGGTGATGTAAAGCGATGCCTCGCCCCAATGATGATGTGCTATCCTGTTAAACTGGGCACTTTTGAAGGACTTTTGGTCAGTCGTAAGGCCGGGCTCCTGAAAAGATCGATGAGGATATTGGCCGACGGTAGGGACTTTCCTGGTAGCGGTTTTTCCTGTTGGACGTAATTAGTCAGCGATATTGTGTACAGCGGAAGGCGGTTGGGTGTGTGGCAGTGCGCATGTGACAAGTCATCGTTAACGTCCAACTGCTCCCCCACAGCGCCTGAGCCCGCCGTCTATGTGGGAATTCTACCCCAGTGGAAAATGGTAAAAATGTCACTCCGCTGTGGGTCACAGAATGCATTGCGTACTTCCCCCCTGAGCTTCCTCTACGTACTATCAGAAGGATGAGCTTGTGACGTGCTGCAGCGAATCGGGTTTGAGCTTGCGTCGGGAGCCCTGGTCTGACGCAGGTGCGGCACGAGCAGGGTACTTTAAGCTCGCAATTGCCCGCACTTACTCGCACAAACTGGGAACTCGGGACTGGACTTCAACTT,1336,51.12,Drosophila melanogaster
SEQ_511133,GTGCTGCCCGTCAATAACTGTCGATTAAACTGCAAGTCTCAGAGCTGTCAAGTGCACGGTGTCCACCCGACCTATTAAATATTCGAATAGGAGGTTCTGTGTCCT,105,47.62,Mus musculus
SEQ_482290,CCCTTGGAATCCGAGCTTACGCGAGGACTGCCCAGGCGGGGGCGCTGACCACATGCCTCTAACTTCGCGCCAGCGGCGGCTTGACGACCTGGTGGCCAGCTGGGGCTGTCCGTGGTCTCATTGCACGAAGTTTGCATCTCTGCCACAAGTTCGGCTAGCATCGAACAAAGTCCGTGATTCATAACGGGTAACGTACATATGCTACATGATTCGCAGGCTGGACCTTATTCACCCCTGCTGCTTACCGCTGTAGAGCACTCGTCAGGGTGATTCAGTACCAAAGATTCTCTGCTCTTCGTAGCCGACACGCAAGCTAAATGAGTGGTTTCAGCGCTCTATTGCTGTGCACCCTACCTGCTTCTTGACACAGGTTGGGCATCAATGTCATCTCAAACCTCTGGACAATGCACCGCCATGCGGAGTGAACTCGGTCGCGCCAACATCACGCCCCATGGGATATAGCAAAGCCACTTAGCCACGTAATGAGGGTAGTGTCAGGATTGGCGCCCCCAAGCCATCTTGTTGGCCAAGACGCCCGATTTCTACTCAGACGCCCGCAATGCGATATTGATGTAAAGCACGTGTGGAACTCTAGACATCTTTCTTATAAATGG,614,53.91,Arabidopsis thaliana
SEQ_952447,GGGCCTCGCATATACCCTAACTGGTGGTAGGACTCATCCAACATGTTGGGGAACTGTGGGCAGTAGATAGTAAGAAAGTAGCAGGATCTTAACAGGCGATGAGGATGACACTCCGTATATATCTCTCCTGCTTGGTCATCAGGCCACAAACAAGGCCTCTCAGGTTTCGGTGATACATTATCATGACACCGCCATCTCATACACGGTTCCGCGAAACTCCGGTGTTTGCAACAGTCCCCTAACCGGCACCAGATTGGCCTTGGTGGTGTCTTGACTCCCCCCAAGAGATATCTTGTAGCGACAAGAAGTGAGGAGCAGAAAGGAACACACCTTCCATAGTAGATAAGGACTTATGTCTTAGTGGGCTGATCTCAAACATGCGCTGGTGGTACACGGCCGGGCACTCCAAGCGATGACTATGACTAGTCCCCTATGTCATTGTTTGGTCAACATTGTCTCTTATCGAACTCCGCCCGCACATGCCACCGATGTGATTAGTATACTTCCATAAGTTCAAGTATCTTGGACTCGTGATTACCCGATTAGAACGATGCCTGCTGGTGATGTTGAGCTCGTTTCCCCGGAGTCCTTGGTTCCGACCACAGGCATCATGCCCCAGCTCGGGATATGGATTCCGGTACTGAATTGGTCACAAGTACAGGGTCAGGTTAACTATGCAGGACTCAAGTATCGTGATGTTCTTCTCTTATCCTCCGGTGACGGCAGTGGAGTGCCCTTCTAGATTATTCCGTTCCAGCGGGTGGCAGTGCGCCTGGCAATGCGCAATAAGCGGCCGGTGGTAAGATCACAAGCTTACTTCCCCTTGCGGGTTTTTCTAATTTCGCTATCTAATATGGCAATAGAACGAATTTGCTTTCCAAGAAATTGTGAACTTGCCTAGAAGTATGCCGCGTTGGTGACCTTAGATGCTCCAAACACAGGTGGACTTTTTCCAAAAGATCGTCAGTAGAGCAGTCTTAAGTTCCGTCTGATCTAATATTCGTACTGGCATCCTCCGGTAAGGACCGTTGTATTGTTTCACAGGGGCAATCAACGATTAAATTGTTTCCGGACAATGAATAGTGTGATCTCATTCCACGAGAGGATTCGCTTGCTATATTCTTACCCTAGGTCTCGGGACAATTCCATACGCTTCGTGACCGTGTGGCGATTGGAACAGTTATTGTATCTTGCTAATCGCTATTGGAGCGAAGTATTTGGGTAGGGGCTTCGGGTAAAGTAGGGTGGGGGGGTAAACAGGTGGACCTATATCACGACGTGATCACGCCCTGCTGAGGCTGATTTGATAAGACCGACAATCCCACTAGATACGACGTACATCACGTCCCGGTCCTTCAGCAGCCACATAAGATGGCCGCAGCGTACCCAGAATAAGACTGGAGTTCTGGGGTGAACGGGTATATTGTTCCGTGAGTGGGAGATGATGGCTCACTGCACTGCTACTATTGTCTCTAGGAGAATTTGACGCGTGTGGTGTGACGTTCTATTTAGCTAATCGTGGCGGAATCTACAATCATCCTAGTGTCTCTTACAGCATATGATGGATGGGGGTCTCGATGCCTTAGAGTGGAAAATCACACATCTTCCTTGACACCCAGTCAGCCGGGTGACCCCAGCGATCAGACTATAAACTGTTCTATGGGCAAAGACACTGAAGATGGTGGCCCATATCACGCACTCGAGCCCGCGGAATTTTCAATACACAAAAGGGAACCCTACCACGCGTCCCCCTGTGTTATCAAAGGCACCCCTAGTTGGTGCGGAAGCCCCATACGGCCTATACACTAGTGAG,1813,49.31,Mus musculus
SEQ_584733,GTGAGGGAACTTAGCCCAGTATTTGAACTTAGGGCTACAAATAGCAGTCGCACAAAGCTCTTCGTCTTAAAAGGTTGGTCACGGTGCTGGGATATTCTGGAGTTATAATGCTGGCTCAATTGTACCGTTATATGTCTTGCGGACAACGATTCCACTTTGGGTATAGAGTTCCATTCAACCGCACAAGGCAGCTTCCCAGTCCTGCTACCATGACTCGTTGGTTGCCTCTAAACGTACACACCGTATGCTTTTCCGCGGCCGGCCGGGCGCTACAAGACTTACTCTAGATATGCCTACGTCCAGGTATAACAGTGCGTACGGTTATGTTAAGACACACAGGACCATGGGACAAAACCAGGCAATCCCGCCGTACAATTGAGTTCTCGTATTTACCTCTCCATTTTGGCGTTCCTAGGTAGAGAAAACAACCCGCCATTTTTGCTCTACAGGATCTAGAAGGCCTCGCTTTGATAGGGGGCACTAGGGACTGTGCCCGCACTTCAGGCAGTGTCGCAGGCCACCGAGGAAAGACGATTGCTATATCCGCATACGTGTCGCTTTAAACATAAACCCTCTTTAGATTATTCGAATGCACTGAACGCCAGAACTTCCTCCTTCAGACTAAAACTATAATGAAACTCCGTCCATGTATAGGTAAAAGAAGGTTGTACGCCATTCGTCAGGTCGTCTCGCAGGGGACTGTGATTGTGGGAGATCTCAAGGACTACAATATATTGGATTAGCGTAATGTATTCGAGGGAATTCACAGCAAACGGCGAGGCGTGGAGGTGGTACGTAACCCTTGCGCGTGTGGCGGATATATGACCGTAATTGTAAATCTCGAATTGAATAGCCTTAGCGCGGTTCCATGTCCCCGACAGTAGGTATAGAAGTCGTTGGGCAAAATATGTCATTATGATGTACACATTGCACCTGAGTAAGATGCAATTGCATACCTCAAACCAGGCCGTGGTTTTATACTTGTGCTTAATAGGTGAGAACAGAATGTGGCCGAGAACCCCCCCCCATACTGAAGTACTATTGCAGGGTCTAAGGTACGTGAACTGTCAATCGTTAGCCCCCCGGAGCGATAATCAACCCGTCGGGTTTTTGGCCGAAAATGCCAGTCGGACGACAACCACGAACTTGGCCGTAGGTGGTACTTTATCCACTGTACCGCTGGCGAGTTTAGTCTTGTCCGAAAATAATTGTGAAATCCGCATATGAGTAACAAAATGAAACGATCTTCCTAGAGAAGCGTGCCAGTCCCTTAACCCTTCTGGAGACTCTTCCTGATGCACTGTCCTAATTCCTCGCCTAAGTACCAAAAGTGATTTAACCATTTCCGTAACGTACAGAGGTTTACATTTCGAATGTCACACATCCGAGAAAGGACGGTTGCGCGCACATTAAGGACATCAGTAACATCGGATCCGAAGAAACTGGGGTCTAATGGTATGTAGAGCGGAACTGAAGTAACGACCACTCGGAGATCGCCGCATGCTCTTCTGATCAAAGTTAGAGAGCAGGATCCTGTGTCCTGACGTAATCACTGTGCTAACATTACATGGAGTATCATTGGCCGGCGAGAAAGTGGTTAAGCCCCAGTCGCGAAGAATTAGTACCTCCCTACCAAAAACCGGACTTCTTGTAAGGCAGTGATATGGGTGAACGAAGCTACCAATCACGGCGACTGCGATGATATGTAACCCCTCGATTATACTGTAGCAAGGCTCTGGAAGGCTCAGTCGAGTTCCAATGGCAGAACCGCGCGATACGATGAATCCGGCGGATTCTCGACTGTGGCGTCATTAGTTTCGATCGGAAACTTAGTATAGAGAACGAGTGCTCAGAGGGTTGCAAACCTGTATAAAATTTTTTAAAAGAT,1888,47.51,Escherichia coli
SEQ_283523,AGGATGGGTCACGAAATAGTGCCTTTTAAGCAGTACCCCAGTATGCACCGAGCACCTGCATGCTGGGGAACTACGGTCACGGGACCCCAAAACAGATCGTATGGATTACGCCTTCACCATGTATACCACTCCCCTGCGGCAATGCCGTGCGAGATGGACTCGAAATTTGTCGGCTTTCGCGTATCCACTGGGGACTTGAGTGTCCCGGCCATCCAGGCAAGACCGGGGCTCTCGATTTTCGCTAACACCACCGATGGTGCCGCACACGATTTCCGCGAATATTTTTGATTCTTCAATAGGCTTCAAAAGTATTAGGAGGGAATTTATACAGAACCACGGTGGGGTCAGCGCATTCTCGCAGTGGTTTCAGGCAGTTCCATACGGGCGAGGCTCGAGTGCTAAATACGCAAACATGGGAATCGATCGATACCAGAACGCAAAAGACTGCTAGACCTCTGTTTGAAGCCCGGGTCGAGAGTTTTGTAGATGACTGAACTATGACACGGTATAATCAATCTTCCAGCGACTGGGCGACTCAGATCACCATATGACCATTCGCTGGCAGTAACCACTAACGGGTTGTACGCGGGTGTACGATCTGAGCATGAGGGCTCCCTTATGGCGAATGCCAGCAACACCCGTATAGAGGGCATAAAAGCCCCCGAATGAAGGAGTGTTTGTCATAGAGCCTGCATCTCAGCGCTTACAAGATGCAACTGTTCTTGAGTACGGTGGCATTTCCCCTCATTTGTATCTATACCCAGAGATTACGAAGTCATGGCGCGATGCGAGTTTTTAAGGCTTCTTTCTTAGTGATCTAATTTTCGTCAGCCGAGTTACTGACTCATGCTATCGACTTGTCGTAGGATAAGTGACGCGGAGCGTTACTACAGAAGTGACGGGCTCGTTGCACCGTGCCAACTCCACGTGCGAAAAATGAGCCCCTGTGTGTTTTTAATTAGGATAACCGAAATGACTTGCACGAGAAACCGCGCGATGAAGGTGCGTAAGCCTCATGTCAGGAGACCCGATAGGAGGCCGGCC,1044,50.86,Saccharomyces cerevisiae
SEQ_316053,GTGCGATAAATCTCACCGTAACCTACCATGCGTGCAGTACTCTCCTACCTGTATCGGAGGATCAGATCACGGTTTCCGTGCTATAACGACTCGTCCCGTGGTCGAAAACGCCCCAATTACGGCGGCGTGTCCGACCGATTCTCCCGAGAATGTAATTTCTTCAAGATTGAATGTGGGCACTAGGTATTACCTCGTCTGTTTCAAGAGGAGCCATGAGAGCTGGTTTGTCTCACGTTACATACCACTGAGTTTGATAACGTGGTATCCATCAGACCCTTGCGGCTTAGTCCTACTTTGTTACGGTAGTAATTGTACATGAACGGTTCTCAACTGGAGCCTCACTTGCGAGCGAAGACCAGGGCATGCATTCTATTTTGGCGAATCGAGCACGTTTATCCATGCTATCCAATAAGTCGGGACTAGGGCATCCGATCCAATCAATTGGACCGGACGACAGGTCCTTCTTAAACTCCACTTAGCCGAGTAAGAAGAGAGACATGATATGTATTGAGACCGATCGAGGTAACTTGGATACAGTGTTTGTTCGCTGTGTGGGGAAAATAGCCGGGATCGGCAGACTGACCAAGTAGTCATATTAGACTTACGGACAAGATGAAAATTTCGCGATATTGAAAATACGGGACCGGCTGCAATTCTCCGGTAAGTACGCAGGATATGTAGACCGAAATGGGGGCAGCCGCCCGGCGACCGCAAGCATATGGATTAGCCAAACGTCCTATCGCTAATTCTCTGATTCTATATCACTGTCGCCGCTTACTTATGGCCAGAACGTCTTCGACTATTCAAGATGGTTGTAGGGATTCCCCCTGCGGCTCGTTGTGCCCCACAAAAAGCGGTCGTAGCCCGGATACGTAAAAGTACACTAATTCCAGGGCAGCCGAACATGCGGTAGGTTCCTTCTACTAGTGCAATCCTTCTGAGTCGCCAAGCGGTATGTTCATGTTCTTTCATGATGTCCC,980,48.88,Caenorhabditis elegans
SEQ_582265,GATGTTAGATCTTCGGTCTTCGGTTTTTGAGTGTAGCCGCATCACTAATTGGCGTCTAGGGATAGAATGTTAGGTTGATGGGGTAAATTCCCGATTTTGATGTTAAGTCTCCACATAGGAGGTAATCCGAGTACTTCGCTATCACTACTGGAGTTCAGGTGGCATTCGACCTACATGTAGTCGGGACCGGTTTATCTATCCAGGGATAGCTTATCTATAGCGACGGGCCCAGCCTGGAGGATAGCGAAGGACGGTAGGGTTTAATGTCCCGGCTGATAGCACGTTGATGGGACACCTCCGAAGAGCCTTGAAATTCGACCACTACCCCCTGACTATGCCCCCCCAGTGTATTGCCTAGCTCGTAGATAGATTTGGCTTCGAGATTTCACATGCTGAGCCCAGTTCTCGCGAGGGCGGATATACTGGTTACTCTCGGCTGAAATGTAAGCATTGGGGCTGAGTGATGGGGACGATCATGATATGGCCAATCGACCGCCGGTACGTGACGGATTTACAGAGGTTCTCCGCCTTGAGGGGGATCGGACCGGACCGATACCATCCATTCTGTTCCGGAGGAGGCAGGCCTGCAGACCGCAGACAAGGTCTAGACGCACAACCCCCAATACCTTTCACCGGTCTGATGCAGAATAGGGAGTCATGTAGACTCAGCTTGCTCGCTCACACTTCTCCAGTGCGGTGATTACCCCTAGTCGAGTTAGGGGTGGCGTTTTTCTACTAATAGGAGAGCACGTCCGCTGGCAGCTAGTAAGCCGAATCAGCTTAGTAGTTGTAGTCATGTAGAAGAATTAACGTCTGGGCACGAATAGCGCAGCTGTGTACTGTGATGTCAGAACCGCTAGGCAGGAATTCTTTCGGAAAGTGCGGTCGGGTCTGGTCGTAACCCCAGAATTTAGATTCACCGTCCACGATACTTAATAGCAATGTCAATTGTCGTAGTTGAGCTTTCCTGCTCCACTGACTAGGGAATGTGTCCTTCCCTGTTATTTTGCCCCCCTCAATCTTAAAGTGTGATTTAAAAGTGGGTTGTAGCGCTACCCGGTGCGCAGCAGCGTTAGATAGTTGAGGGTAGGGAGGACTAGAGGACCTGGGCTTTGAAGCGAGGTGTTCGCTTCATTCATACGAAGTGGCCTGGCCTCCGGGCAGGAGGTGCTTAGAAAACTTGGCGTAGTCAGTCGCTCATTTTAGGCTAAGCAAAGTACGGAGTAGGCTGGTTAGTTATCCAGGGCGGATCTGTGGTGACTGTTAACTACATCGTGACTTGTTAACAATGCATTAGTGACAGTCTTTTATTGAAAGGTCGCAGGCTATTGCATCACGGACGACCATAACTATATACGGGGCAAATCTAGACCGACCGGTCGGTACTCTTCTTCGTCTGAGGTTAAGGGCGATGGCCATCGGATTACGACCCCAGAGTAACTTGTAGTATAATAACTCCACAACATCTGCTTCACTCACGACAAGTTAAAGTGCAGGGC,1499,50.23,Saccharomyces cerevisiae
SEQ_252194,CACGGATCGCACGTCCTTAAAGGAGAAAACGTTCCTTTAAACGCGCCTAAGAAAACAGCCCAATTTTAAAGAGCGGTACAATTCGAATCAATCAACCCATATGGATCGGCATAAACCATTGTAACGATATCTGGGGGCCGGGAGCTCATGATAAGCTCGGGTCCGGCTTAGACTGCAGGGGTAGGTTGCTAACAGATCAGCATCGTAGGCTCTCCGGCCAGACAGGTACCGCCCCAGAAGCTATATTTGGATCATATCATTCTCGGTGGTTGGGAGTTGATGTTAGTTCCCGGGGACACCATCACAGGGTATTCAGATGTCTTTTCAATACACACGCAAGAGCTAGGTAGTAGGTATACCGTAAGCGTTAGTGAGCGGAAACTGAGTCGAGACTGAGTTAGCCGTGCTTCACGCTCATTGACGAGAGAAGACCAAATAGGAGGTGGTGATCGATCTTCCCTATACAGTATTCGAGCACTGAGCCCTTGTTGAGCCATCACCAAAGCACCGAAGTCACCATTCGGTAAGTGCTAGGCGGACGCGAGTCGCCACAAGCAATAACTCAAGACAAAGGTCGGATATTGCTACACCGTCCGTACCCCGGCAGTTTCCGCGAAGTGCTATTATACTATGAACCGTACCGAATAGCGCCCCGCGTCAGTAACCCAATGGGACGTACAGGTCTGGGCTATCGGGGTCAGAAGTCTGGACTCTCCTCATGCCGCGAGTTCGGTGAGTCACGCTGTCACTGACCTAAAGGTTTTCGTCTAAGGGCGTTGATGATCTTGTTTCTACTTGGGTACACAGATCGGGGGGACGAGAGGGCAAATTGAGAAACATGTGTGACAACATCGCAGTTAACGCAAGAACCTATCGTCGCATTGAAGTTACTTAGATTATGGACGTCATCTCTTGAGAGGTTGGGTCGGCAAATGCGAGTTGCCGCTAAACATGATAAAGTTTTGTCATCACTGTAGAACATACATACCTCGGCTAGGGTAGGGGGGGGTGATTGATGCTACACGGTAGCGCCGGCTAAACTAAGGGGGAGTTCTGGCGCTGGCGGCTTCCATCCAAATGCCTCGTCAACTTATGTTTTAGATGCTGTCTTAGCCACAGACATACGGGTGTGCGTTTTCTTCGATCGCTTGGATGATAACAGCCGTACTTTCTTTCGCCGCCGAAGGCAAACACACCCCGCTCCCTAACTAGCGTGGAACCATAGCGCTTTGAAGCCCCGGTTAACCCTCTAAAGCAGAACGGATAGTCCTAGCTTCTTACTATTAAATGGCCTAAGGTGGGGTTTCAGGCCCCCTGCAACATGCGCGCTTAGGATCACAAGAAGTGATCGTCCCCTTGTCTGTTCGAATGGGCGGACTAGAGGTTCATGGTCCTGAGGACAAGGTGATTCCCGTGTCTCCTACCCTAGCCGTCTGTAAGGGATCCACTGAGCATATTGCCCGTATAGTTCTGCACGAACGCTGCGGCTAAGGACAAAGCTCTACCCCCTCACCCTGGAGTGAGGAAACATGCAGCCTCTCTCCTAACGCCTTCTTCGAAGGCTAATTTCAGGTTATTTGACGTTCAGACTCTAGATGTCTGGTGCAATATTGAACCGTCGTCAAGGCTAATCAGATGTGACAGGAGCTACACTTTAAACAACGCTCCGGTACTACCGGCGCTCGGGCCTCCGCCTATAAGCTGAATCGTTCCCGAGGCCGTGTCTGTTAAAGCGGCTAAGGATTTATCAACGATCTATACTCCGGCCTTCTTCCCAAGTTTGTCTAGGGAAAGGGGTATATGCTCAGTCGTCACCT,1817,50.69,Homo sapiens
SEQ_185461,CACAGGCGTGCGATAGGCCAGTGATATAGACGTAGCTAAGACCGCGGCGGGGACTCCGACAACGCAATACTGATTCGGGGTGCAGACCGTGTGGGAACTCGTCATGGATCATCTCGATAATCGTAGATTCCACGGCCCTCTCTTAATAACATATTTATACCATGTTCTCTGAGTACCGGATATCCATCCTCAGGGTGCCTGAATCATAGTGTCGACGAGAGTAGTAACCGTACCTTCATGAATGACGTCAACAAGCGGTCACACTTGCGTTTGATCTAACCACATTAACCACGACCGGGTCTCAGCGACTCTGTTATATTAGACACCTAGGATTATGGTCCACAAAATGGTGCCCGGTTGTCAATTGCCTTTGCGACATTGGATATAGTACTGCACATAAGCGGAGTTTGCGTCCCAGTCTATGGGCCAGGTGAACAACTGGCGACGCAAAACGAGGGCGGCGTTCGCGCCCAACTGAACAATGCATGCTCCCGTTCCCTTTAGAGCTCGTTTTCACCAATGGCCTGTTAAAAGTAGCTACTGTGATCAGGTAGGTACCTCCTGCTAAGTATGTTGTTTCTATACGTAGCTTCAACACATCGCTTCACGCGGTATCTACGCTAGCGAAGAGCATCTTCAAATACCCAAGTATACCACCCGAAATAGCAGAGGCAGAAAAGAACTCTTCAATTAGCACTCTTAGTTTAACCATTCACGAACTAATCATGGGAACGTACAGCGGGCAATGTTATTTGAGTAAAAAAGCCAACGCGCGATCTTAGCGCTTACTACACGTCTCTAAAGGAGGTCTGCGACGAATGTCCTATAAGAAGGATCTTGGCTTAATGCTGTTCAGCTACTTGTATTGGTCCCTTACCAGCTGGTCGCTGATAGCGACAGCTATCGGATGGCTTATTCATTCAATGACATCCGCATTTTGCGTGTATGCTGGCGTAACGCGCCTGTTCGTATCGTCCCGCTTATGAACTAATACCCGCAGTAGACGATGACGGTGATTCGTCTGTTAAAGCGACTAAGAGATCCCTCGATTGGGTATGCTCAGGGTAAACGCATTGGGCTGACCCAGGGTAGGGTTTAACCTGCCCTACTGCCCAACAGATATTATCGAAACTACGGTGTCTAAAAAATGAAGTCTTATTATCCAC,1166,47.77,Drosophila melanogaster
SEQ_115882,ATGGCTGGCGTAACCCGAGTGCGCCTCCACACCACTGTCGATCTGCACTGGGGCCTGAGAGCGTCTGGACCAAGTGACGCCGATTATATTCCGAGCTCGTACGTAGATATCTAGGCACAAATCTAGGCCCACGAGCAGAATCATAACTGGGTTTGATCCGGACGCCATCGTATTAACATCATAAATGCCCCTACCTTA,198,52.53,Caenorhabditis elegans
SEQ_356766,CGCGCTCCCGGGATGAATACAGGATCCGGGGAGCTTGATGCCATTCGTATAGGATCACCGGGCGAACTTGTCAATTCCCGAATTGGGTTGTTTGTAATGTGTGATCTGCTTCCCGTCCTCATTCGTGACAGCTGGCCATTCCCCCGATATTTAAGAACTTTTTATACGAGCAAGGTCTGGTTTAGATCTGTGAGGCATACTATTAGTTCGGTCAATTTAATTCCTCGACAGCGAAGTCCTAAGAAGGGTATCTACATATAAGTATCCCCAGACCCCAGGATAACGCTCTCGCGTCAATACGTGCACTTACGGGCCACGTCATATCGTGATCGTATGACCACTGCTTGGAATCGCACAAGATGGTATATACTAATGACTAGTAAATCGGTCAACAATCGGCCAATGTTGTGGTACCAAGGTCACCCCCCCTCGGACATCTCCAAACAGGCAGTGATCTTAGTCTTTCGTCATGGGGGCCAGCTCCAAAACGACTTCCTCGCTTTTCAACGACACCAGTTTGCCTCCCTTTAAGTA,534,48.31,Caenorhabditis elegans
SEQ_811451,GACGCAATCTTACATCATAAGAGACGTAAATATAGCGTATGGCCAGGCCCTGTACTACATGAGGCCTCTTAACTGGTAAATGTGCGCTACGGGAGCACCAGGACACTAGTCCTGCAAGGATATCGGGGCCATTGGAGAGCATTGTATTCAAGTTTTGTACATAGATTCTCACTAGCGGCTTTATTACCAAGAATAGCGTCAGAGCGGCTCTGCGCTCGGACGAATTTGTCCAAGCCACGCTATCCGACATCGGAGATCACCTGTTAAACCCTTCTATATCTTTTCAAGGCGTCGGTGGTTTTAGATTTTGACATTAGCTTTCAAGCCCGAAGATACCAGTTAAGCGGCCGCAACCGGAATGGGTTGAATCGACGCCGCTTTGTGGCGCCGGAACCTCGCTGATTTGTTTATTATCTCGCTCCAGAACAGCTCACTGAATGGCATAGTTGTGGTGACGTTCTTATCAATCCGCCTCATTCCGGACCCGGGTCTCTTATATTAGGTTGAGACAGCGGAAGATCTGCATAAGATCTGTGCATACAGATGGAACGCGGTTAGTATATCCATCTTCGCCTGTCGATGCTAGTACGCGAGTCAATACGACGATACGTTTCGAGGAGGATAAGCCGGTCTTCCGGCCGATTCTCTAGAAGACAATAGAACCGCAGGCAGATATTCGGAGCTCTGACCTCTAGTGAGTGATGAATATTATGAACCAACAACTCTCCTGGCAACGCTCTGGTTAACTTAATGATTCGACTACCTGCAGTTCGGCCCAAGCGCGGTCATGGCGGTTGCAGTTCAACGCTATTTGTGTAGACCTGGGAATTTACTCCGGTCCGCATTGGATGGCACTGCACGGGAGACGAGCGTCGATCGTAAGTTGCGCCATCATTGCGGAGTCTCGGTCCGCGTCTGCATCGAGGTTAAGAGTCGCTAAAATGAGGTCCCGTCTTTCGCTGGCCTTAGCAACTAGTGTTATTCCAACCATAAATTAAAGTGCTCGTA,1008,49.21,Arabidopsis thaliana
SEQ_675468,CTCGTACTGCTAGTCAGGCCCTTTACTACCCAGAGGCACTTACTCACTCCTGGGTCGCAAAAATCACACGATTAGACCGATTCTCTCGGCGGATTGTACACAGCATCCTGCGTAACGCACCTCTGGATTCGTTCTAACCGAAGGATAGCTTTGCGGGGTTCACAGATTGGTACCCACAATACTCGTACGACGTGAAGTAGGACCGTCAAATGCCCAAATATGACGAAACTAGTTATCTCCGAGCAATAGCGGTATACCAGTAACAGCAATGGTATCGAGGTTAAAGCCACGTTATATAATGTGTCCCTACTCAGTGATCTCTCCATGTTAATAATTGAATGGATCCTTCCACCTGGACCCAACAGGAGTGCCGATAAAAGTATCTATCAGCTATGACGTTTAGCTCCAGGCATTGTGTTCCACTTACAGCGCGGGAGGCTGGTGGTCCGCCGATGCCTAACGAGGGGCAGCTAGTGCGATGAAGGCTCGTCCCTGATATTTTGCAGATCGCCGATACATCCGACCTTTTCACTAGCGGCGTGTGAATCAAAGCACCGCGCTGTTTCGAATCCCTTTCGCTAATGTTAATCATATCGTCCTATACATATTTTTCTTGCCGGATTTGTGGAGACTATGTTATTGGGCGAGAGGTGTGTCTCGACCGTGTGGCAATAGAGGACAACACGCCCACTATCCGCCCGATTATTTAGATTGCTTGTTGAGGGGTGTCCCTCTGTTTGTCCATGGCCGTCGCAATCTCGAAAATGGAAGACTGCTAGAACTCGTGTGTGTGTCCATGGATTCTGGCCGCTTAGATGGTAGATGATGGCGCTCGGCCTTTACCACAGGTCGGCCACAGCTAGGTGGGCGTTCTTTGGCAGTACTTTTGTGCGCAGCCCCTAGTGCACCGGAACTTTCTACTATGTCCAGGTAATTTCCGGAACTGAAGTCCGATCCTAGATACAGCACGTAGCTAAGACAAGCGATAAACATGGATGTGTCGCCTCTATTCTGCTGGGGTAAAGGCCTGTGAACGAGGCTGAATTGGCCATCCCCGGACATGATGCCGGCGATCTCACACGGCGAACCTCCCCAACCCGCTCCTCTCGTACACACAGTAGCGGTTCTACCCCGACCCTCAAAGGTAAAGTCAAAAGAACAAGCACGCTACACCGTCGCTTCCTTTTCATTGTGAAGAGATGGCAGTGCAGTTTCCCAGCGGAGGAGTCTTTCTTGCCATATAGGCCCGTATTTTCTAATTCTGATGCCATTTGTCGACGACAGCCCCCCTGTGATCCCAGGTAGTGGACACCCGGAACATTGAACTAAAACAACCAAGTGCTCCTCCATAGTTGATTGCTAACTGCCGCTTTGTGTACGCTCTTATTGGTTTTCCTTTGATCTCACCCCGTGGGATCAGCGGTCCCCTTTATGCCCCCATGTCAGAAGGTCCTAGCCACTTAAGCTTAGAGCTCAGAGCATTTTGTTAAAACGAATAATTGTTGAGAAGGTATGTTTATTGGATCTGCCGTCCAACGCAACGAGAGAGAAGGACTGGAACGCTAGTATAAGGCTTACATTATGTGTGGGTGACCAGTAGCA,1602,49.75,Arabidopsis thaliana
SEQ_863135,GAGGCGTTTCGACCCTTTCAATTAGAGACTTTACGGCCAAGGTAAGCATTAGACAAGGGCAGCCCAGCGCATGATGAGTGACAGCGTTCTCAATCCTCGTCGAGAGAACAAATCCCAGTGCGGGACGGTCTTGACCTTTAAGTCACTTGCGGGCCTGTCCTGTACCTATCCAGCTTACTATTATCGACATCCAAAGCGATGACCAGAGCTGCACTGGGCTCCCTAACTAGATGAGAACACCTTGGCGGTATTATCCTTTAGTACACGGCGATACGCCTGTAATAAATGTCCAATGGCACACGAACCGAGTAACTGACCCTCAGCAGTACCATTTAGTTAACTGCCCGCCAGTCCTGAATAGTGGCTAGATTAAATAGATAGGAAGCACACGCAGATGAAACAAACAGTGGTCTCAAAGGCGAATGGAAGGCATTTTCGAGAGAAGTATGACATGCGAAGAGAAGTATAGAGTGAAAGGTCACCGTGCACAGCCCAAATAGGTTGCCCTTAACATATCCCATTCTATGGCTTTAGTTTCATTAAGACCAAGATATTTGACAGGACGACATGTCTAGGTGGACCCAGCCGTGTCCGCGTCTCGGATTCATATCGAATTCTGTGGAGCAGACCGAAGCTTTAGACCTTCG,647,48.07,Homo sapiens
SEQ_737034,GTGCACGATAGCTTCCCCGGGATAAGAGGCTGTGCCACGTTCTAAGCGACCTCTTCCGGATCTTGTTAATGTCTCTAGAGATGTATCGCGGGACCTTTATTATCAGGACCAGGCTAATGAACGATACAGAGCTGGGTCTGCTCCCGTACGCGAGTCCCAGTATATTCAATCTCAGCTTGCGTATGCGCCGAACGGTCCGCCTAAATAGGTCCCTGGATCCCGCATCGTATTTAGCATTCTCAAGTACCCCGGCCGTAAGTGCTTTATTTCATTACTCCGGACGTCCCTTTCCAAGAAGAACCGTATCGACCACGACACCGGCGTTAAGGGCACTCCTAATCACTCCTGACTTTATGCTTTAACCGGACGGTTTTGTTTTGTTAGACCTTGGTCGTCCCACAGCCCAGAGTTCAGGGCTTGTAATAAGTTGTGTGAAGGGCCTAGACCGGTGGCAACACAGTACGGCGGGACAATAAGATGGATGAAGGTTGGCTTACGGCCAGAGGGAGACACTTGATGATCATTAAATATTCTTGGTAGGCCCATAGGGCTAAAACTACGCGTAATCGCGCCTGAGGTCCCAGAATTTACCGGCGCGTGACTATAGATCATCTATCAATCAGTGCTCTCAGAAAGTTCGGTTTCTAATTTTAGTACAGGCTCGATCCTAGACGATTCTGGAACAGTTAATCTCGACTAAACAAAACGTCATAAGGCATAGACGTAGGCAGAAAAGGCGAACTGAGCGTATCGAGTTGTTCAGCTGG,767,49.15,Escherichia coli
SEQ_264687,TTTCCAGTTCAGCGCGACTATTGGGATCGTTGCATTCACGGGTGGCCATTCTGGTTCTTAACCACGCGCAACATAATGCCAGTGGCTCTGCGAGCAGGTTAATGTTTTGGCAAGTAGGTCGCAACTATTATTGTAGAGAACACACAGAGCACCCATACTCTCCGGGAGGACCTGAACCTTGGGTCCCTATATTTGCATGGAAAATATGCAACGTCTCAGCTCTGTGGCCAGAGAACCAAGGAAAAAACACAGCACGCTCAGTAGAACACTCGCCTAGTCCAAGGGACAGGTGACATTTTAAGTTTCCCGGCCGTAGAGTGCATTTATCTATACTACGCAGATAACGTCCGAGCTCCGCGGCGTTGCATACGTCTGTCTCGTACACCTAGCCATTGATTTGAAGGGGCTAGCTACACGGCGCATGCTCGGAAATCGCCATCAGAGGTATCGGTCGATACCAATTAGTGCAGGTGTAAAAGCTATGGATATCGATTTCCACTGAGTGGGCACTTGCGAGCATCACTCTCCCCGATTAGGTAATAAAGTGATGCATTGCGGACCCTTCACGAGTGAGCTTGGAGGGGGGGAAATTTCGTAGAAGTCCCGTTAACTCGACTACATTCGATCTGAACTCCATGACCCGCTAAGTTACCCAGAATATTTAAGCTAATGATGCCCAGGCCTGGTGCGAGGACTCAACCGCGATAGGCACGTTAGCATAACCTTTTACTCCAAGCCAGAGTTCCCTAGGGAGAATCGTGTGTAGAATATTGCAGCTAGCTTTGCGTCGTCCGCCTATC,800,49.75,Drosophila melanogaster
SEQ_372718,CGAGTATGTACGAGCTTCGTCCGGCGGGAGGAACGCGCTAGACATGCCAGTATCTACTCACATTATAATTAGGCCGAGAGCATACTCCATTTCATGATGTCCCCACACGGCTAGATACTATCTCCGCTCTAACGATCTTGGCGGGGTATTTCTGTGGTCTATCTATCCGAACACTTAGCACTAGATAAAGTTTTCCTTTCTGGTGCGGAGAAGGGCGCGCTGAACTCTTCATGGAGTTGCCTTGGTCAGTGAGTATTTGGCCGAAGTATGCACTTACACACACAGTTGCGCGAAGTTAGGCGCAAAACCGTGTCGAACGGCCTTATCGTAGGCAAGTGAATCCCTTCTGGCCTGATCAGGTTCCTCTACCTGCCCTGGTTAAATTCCCAGTCTATTGGCATATATTTTGCCAACGAACCCCATAATAGTGTAAAATCCCTTATGTTATTGATATCCGGTAGGGCGCCGGGGATTTCTATCGAACAAGCATATATTTGTTTCGGCCCGAGCATGTAATTCCAAACCGATCTCCAAAGCTTAGCCGGTCAGATCGAAGATCGCGTGACCCCTGGCGCACTAATTATAGCTCGGCCAGTCGTCTTACTGACCAGCTATTACCCCCCTAGCTTATTCAGGTAGATAATGCGGGGGTTAGTCCTCTCGGCACCATTACTTCCCTCCACAGCTACTGAAAAGTGCAAGTGAGTTTAAGAATCATTATATTTACCCATGGAAGCGCGTCCCTTGGACGCCAGACAAGTTACTTCACTTGTGAGCTGTAGGGATACGCCAACCATTCCCTGTGATTGGCGTATCTCCCTGGTTCCGTATACGGGATTCGCTTATACCCACACTATCGTCCGGACTGAGAACCATGCCGCAAGGCCTGCCGTAGGCCGGTTGTTAAGTTGTACTAGAAATAACCCATCGCGCGATGGTAGCGGTAGTTCGTCGTTCTTCAAAAGTCCT,969,49.23,Drosophila melanogaster
SEQ_278560,CGCCGTTATAAACGAGACGCGGAAGTGTTTTTAGACTTCGGGCTTATGTTAAGACCAACTCAAGTAAAAGTCCCTCGACGAATTACTTCTACGCGCTCTCTTAATCTACTTCCGCAGTCCGTACTCTTGTTCTTACGGTGTAGAGTGGCTCAGACTATATGGGTGGAAGGGGCTCAAGCGGAAGCTACAGCCAGTCGTGGGGCGCAGGGATCTTATAAGCAACCCCGCTTTCCCTACGGCTGGACCCGGGAACAATTGATGATACACCTGCCTATCCGTATCCAGTCAGAGGTATCCAACGGCATGTTATGTGAGTGCTTAGCACGCACTAAGGACGAGATGATAATCTGACGGTTGGTGTGCGGTGACTGTTGTCTGGCTCGCTACAATCGGGCCAATCTTGATCGCAGGGGCCGAATGGGATGCAGAAGGAGATGGCCGTCCACGTACATATCATAGCGCGCCCTGTCAGTTTCAGCGCCAGGCATTGGACCGAAGATGATGGTGGCAAGCGATTCCGTGGCAAGGACGCGTTACTAATTATAACTTGTCAGCACTTAGCCGAGTACCTTATCCGACTCGAGATTTTTAGGTATCTATCTTAACACGACCCTCACATAACTGACACCGTATACGCATACTCGTACGCTGCGCGCCGGTTCACGGCGAGTGGAATACGCGTTCCGAAACTTTATTAATTTAACTGGAGGTAGTCATCTACATCATTATGTTGACCAGTACGGTCCGTGCGGCCCCGTTCGGATAAACAGTAACACCTATCTGATCGCAGGTAGTACTCAGCAGCGTCCTCGTCTTCTGATGTCAACGGATCGTAAGCTAGGCGCGTGTGACCGTTATGGTCAACATTAACCCCTTATGAGTATTTTTAAGAAATTGGCGGCATGGATAGTTACATACTCGTGCGGTAACTTAACGATCAATCTACTTAGCTCTTACCGACCCTTGTAGATGGGGAGCAACTCATCCCACCAAGAAGATTAAGGCCCCTAATGATATGTGACCATTTCCTAGTTGCTCTGTCTATTCAGGGGCGGAGATTGCAACGGAGATGACAAAGAATTCAAGTTTTACCTTGAATTACGGCTCTGCTTGGCTTCCCCGACAGTTTGGGGCATATGTTTAGTGGACGCAATAGGAACAGGAGACGCGAGATCTGACCCCAGTGCTCGTTGGGGTGGTGATATTAGTGGCTCTTATGGACATCTAGTTGGGAACGTAGTCAATGAAGAAAAGTTGTAATGCGCAGACGCGCGGATCCGCCATCGAAATCTATCTGTCGCGTGTCAACACACCATCATACCGAGTACCTGGATTGGTGCCCATCGCTGGATCAGAGTGAAGCCGAGGAGCGATTCTCGCAGAGGCCGATCTAGGACAAAACCTAACTGACCGAACAGTTCGTACTCCAGCGAATCTGCAATCTACTATTCACGGGACAGTCGACTGGCTTTTAAGCCGTCTCTACGGCTCTCCCAGTCTTGCATAGCTCTAATGCCGTATAGTTGCGATAGTGTGCTATTCCGCGATCTGTATTTAACCATGGACGTACATGCACACGCCGCCAGAGTGCCTGAACTGGTGCCATCGATTCACACAGTGGAGTCCAATCCTATTGGCCCCGAGTCACTTACTAACCCCACCGCGTTCGAAATCCAGTCGCATCCGACGATGCAAAGAATCCGGTTTGGGGTTTGGATGGTCATTAATGCATACAACCTTAAAATCGCGTGCCAGCCTGATACAAAGCGAACAAATTGTGCTCAACTTCCTGGCGTACGCTTTCAAATCTCCGGTCGTCGCTTGCACACCTGAAGTGATGGGCTCCAAGGATGGATCCAGTGCGGCCTGAGTGGGGGCGCGAACCCTAACCTCTTCTTATTAGGTGCCATAGGGAGGCGTGTAGCATCATCGTAGGAGCCGTGTCATCAGATTTGAAATATTGATAATGGATCCGGGTTCTCTAGAC,1987,50.03,Arabidopsis thaliana
SEQ_299099,CCCAATTAACAGATCCGCAGGATGTACCGCCCGGTAGGACGCAGGGGGACACGCGACTCACTACGAGATTCGTGGCATTTTGGTACTCCCATCTATCCATCAGAAACACTGAAATCATGTGATAAACAGTCGGGACACCGCACCCGGTCTGGATAGGGAATGTCTCCAAGGTTAGTATTTTAATCTGAAAGCCTACGGTGTCAATAACATTGAAATACCATTGTGTGACGGCTGCTCACTCAACGCATCCGTGACGCCTAAGACCATGCCGGCTCCGCTTCTAGTTTCGTTATTAACTTACGCGAGTGTTCTTTGTTGAATATCCCTCGAGACAGCGATCACGGTCCGTCCATTGCTACGTCTAGATCATACACAAACGGCTGGCTTTGGAAGTACGGAGCCCGGCACGAGAGGTTAATTACCGCCTATGAAGGGGCGAGCTGACGATTCATACTCCACGGTGGCCACTAGCAGATCTTCACTACCCGTTCGTTATGTCTGAAGGGAAACATACTCATATGCGACCATGATGATCACAGCAATCGAACTGAAATATTGCTTCGCGCACGGGGTTTACGTGGCGAGTATTGGGAGCGGAGAAACACTAACGTCCGGCTCTGACTATCATGGGACAGCGTCAGCATAAGCTAGTTACCCACCCCCCATGATTAATCCTCAGTAACTCGGCGCTGAATTTGACCGGCCCGGACAAGCGTGACGCAGTGACTACATTAGTTACCAAATAATAAGGCCAACAGGTAAATCCGCACATCCGACTCAAGCCTAAACGTACGTCTGTAGTTTCGGACTGTGGATTGCCGTCGGGAATGAAAAAGAGGTCCGGAGGGGAGAGTCAGAAAAAAGAACAAGTGCAACTTGGACCGGTACCAGTCTCGCCCGAACGCTTGCCACGGTGATCTCAGTAAGGTTTGGAACCTTCTGCTATACGGTATAACCCCAAAAAAGCTATCCTTAGAGCAAGAAAGGTACTAGAAGTTTGTGCTGCCAATCATGATTACGAAGTGCCCCCAAGCTGACCAAGTTCTGTTCTATAGGAAATTCGACCACGCGTATGGTACATTGTCCCGACAGTCCCGCCCGTGTTAGCACGATATGTAAAGGCGAGGCGTCCCGTACAAGGAGTCGCTACCTATTAAGAGCTTTAATATTACTTAATCTGTATGTAGTTGTTGACAAATCCGAACGAAGAACGAATAAGTAGCAACGACCCGCGTGCGTTGTCCGGCGCCTACCTGCCGAACTACGGACTAGTAGATTGATCCTGACCGGTCGCGTCGATCCTCAGTAGTCGCTGACAGTTCACACTAGCAGTATATGTTACCTCAGAGCGCTCTGGGGGGTTAGCGTTTATTATTCAGGCCGTTGAAGCCACGCATGGCACTGAAACATCGTAACCGATTGTATAACGATAGCCAATAACGTTCGTACCTGGGGCGACCCGTGTTGAGTTAGTGCTGAGGCCGAATGTTCGCGCTACTATTTTCTTGGTGGCTGGGAGCGGTCCAATTGACCTCATGTTTAGCTGGACCGATTTTGACTCTTGCCCGCCTTAGCCCCGGATACATTGGACCTACCAACATCTTTCCAACGATTCATATATACCGCACGTTGAGACTTTAGTGCTCTCCTTACTCGCGAAGGTGGGTCTGCTAGGATATAACGCGCTGCTAGCTTTCTGCGGCTCCCCAGACTATGGCTACATTCCCACTTTGT,1734,49.88,Escherichia coli
SEQ_556361,GCTACACAATATCCTAGGTTCCGGTCCCACCGTTACCAGCGGGGAGCGTGTGCGCGCGGATTCAGTAATAAGAAGGGCCGATCACATGAAAGCTACTGGTAGCCCTGAACGTGGGTTGCGGACTCATTTGTCTTTAATAAATCGGACGAAGGACGACCCTACGCTCAATCAGAAGCCGCAGTAGTACAGCTTACGGCGCCGTCTTGACTCCTCCCCAACATGAATTATGCGGGACTTCCAAGTTTGCATGGATCAGAGACGTTTCCGAAATCGTGGATTGTGAATTAGTGAGTACCAAAACAAGTGAGATCTGTCAGAACGAGGAAACATATTCTGCGCTTGATTCAGTCTGTGTGATCTCTCCCGGCCCTACTATGGGTGCATCTGATGCCACAAAAAGCTACACCCCGCACCGCCTTGAGATAGGCTCGAAAGCTTGTATTAACTTCGTTTCAAATCTGGCGTTTAAATCAGTCGTGTGCCAGTCGTATGGCGTGGTAACGTTCTCGGCGTCTGTATTTTAGGTTAGACCGTCGCGGGAAAAACATTACGTGCCGAATTCCGGAAGTCAAGACAGGAGTCGTTCGACGGGAACTTAAACCACGTGGGTATCTGTTAAAGGCAGTCATGTCTACGAATCAACGCCTCTAGTACTGCATAAAGACTTCTCCTGCAAGTAGACTACCTCGAGTGCTCCCAGAGTAGCTCCTCGTCACTGTGCTTTTAGTGTAAACCCACTTATACAGTCTTACATGTGGTAGTGGCAGGCGTCATCTCTGGGTGGAGGACTGAGTGCTGTCTCGCCGGACGGTACTCCAGGTGGAGACTTGATATGCGAATGTGAGGCGGAAACCCGTTTTTCTCTCATGGCCGGCTCTTGATGGCAGCTTTTGTTGTTACAGGGCCTTTATGACGCATTACAAAGTAAAATCCACAGTTCAATTGCAGGACAAGGGTTAAGGTAAGGTTGACTAACGCACACCTGGTCGACCTCAGCAGGAATGTATTCAGATAAAAATCGCTCTTAGCTCGCTACATGACTGCGCATTAAATAATATGTGATAAGAGCGAAGCCCTCCTTTCCGGCCCCCCTGTTTTAAGATGCTTTCATCCATGTCACCCATCAGGTCCGTCTGGCCCCCAAACCCTCTACAACACCTCGCGTGAAGTGTCATTCAACTGTTTCCAGGGGGTGCACATCACTCCAGGCTTGTGTTAGTTTTGCTATCGATGCCTTGAGTCTTCGGGATAAGTCTCTACTCCAGAAACGTTTAGTTT,1278,49.06,Caenorhabditis elegans
SEQ_377726,CAGGCTATGCTCGGGCATCTGGCCGTAGCCACTCACCTAGTACGAGCACACTCAAACACGGTGACTTACAAGAACGTCCGGCAAACGCAGTAGTATTCGGGGAACTACCTGCGTATACCAGCCCTGATATGCGTTAATCGGGGCGACCTTTGATATCCTGTTAGCCGTAGCCCGACATCATCAAATGCAAAGGACTGGTGAACTTTACAAGGCCTCCGCGCGACTTCCCGAACTCTGAATAAGCGACGCGACTGGGCGAACCGAGTCCTTATAGACTCCCAATCGGATAGCACCGGCCGGGGTTTTGAGGCAACTAAGACTTATCTACGCTACTGCCGCCGTGGAACAAGCAGCACACAAGTAATGAGGGACGCTACGGCGACCGATTACTTTACTATTCTGCTCCGCATCTCATCCAAGTATATACAGTAGTGGGTAAACCTCAGAACCGAACACATGAGGGCCTGGCATAGAAGACTCAGAGCATACTCTATCTGCAGTATAGCTAGGGCCCTTCTGGCTTGGCGATCCCTCGTCAGCGGGGACCGCCTAAAGAATCATTAATAAATCTCAGTAAAAAAGTTTGGCTCCGCAGTGAACTATATTCCTGATAC,614,51.14,Caenorhabditis elegans
SEQ_289249,GGGAACGATCGCCATACTGGGAGCGTAAAAAGCCATTCTCCAGCGCTATGTGCTACAGTGAAGAAAAGTCCAGCGACGAGGCGTACCGATGTTAATGCTCCGATCGCCGCAAACTATCTCCGGCCACGAGCCGCATTAGGTGCCGGATAGCAGTGCCAAATTCTATGGTCCGGGGTCGTCATGCCGCAAGGGGTGGAGTGCCCAGAACAGCGCTTAGCAGCGTAGCTACCACCAGGCAGACCCTGGCTGATCTGATCCACACCGATATGCCTACTACTCCGGTAGTAATATCCTTACACGAACGAAACGTGTTTCAAGTTGTCAAGTAGTTTAGTTTTGACTCACTCCTAGCAATGGGTACCCACGTACTTTGTGTGGAAGCACGGTGACGCGATCTCTCAAAGGTTGCTGATGCTTGCAGCGGAAACATCATCTTGTGGGCACGAAATGTGACACGTCTTCCGTGAAAGTAGCTCTTTTCACACATTGCTATAATTGTTTCATTTAGCCGACAGGAGGTTTACCCGGTACTGGGTATTTGATATGTCTCGAGAAAGGGGCGGTTACCTTCAGTCGGTGTGTGTCATCTACCCCAGGTACTAAAGACTTCGGTACGGGGCTAGTCGGTGCTCCTCGGTCAGGATCCAGGTTTTCCCACCAAACGTCGTTAT,671,51.42,Caenorhabditis elegans
SEQ_696768,ACGAGATATTGTGGAAGAGGCCAAATTCACCATCTATGTCTCTAAAGCGCGCAAACCGACCACCGCATCAGACTCGCTGTGAATCTTCAGGGGCTTGGGATCTTCGATAAGTGACGTATCGACAGTCCCGGGGCTAGGCGAACGGCGGGTGCCCCCGTCTATTAACGATGAAGGAGTTTGGAGCCGGCAGCTGAAGAACTCTGAATTAAGTGCATTGGCTCGATGCTAGAAGACCTTAGTTACCGCTATACGGGTGCTGGATCTGGAATATGCTCAACACAGAAACGTATGAAACCCGCATGAAAAATTAGTCCTGCACTATCGAGCGGCCGGCAGACCGTAGAGAACGTATAGTGTAGCACGTTCCCGCTTCTAGTGTTTAAAATGATAACGAGCTCTCGTTTATCACCGTTCCGGCTTAGCGGGGCCCAAAACTACGGGGTTTGGTACGCATTAGCGAAGCGAGCTAAGGGATGCGAACCCATCTCACCGCCCCCCGCAATGCTCACGCCCGCCACCTGGGTCTCAAACCTCTCGTTCGACCATGAGCCACGTGGCTTATACGGTGCTGCACGCTGTCGAATTCGTGCCCCAAGAACACGAACTTCCAAGGCGGTGTAGACCATCAGTGTTACCCGTTAAAGTAGAATTACACCGAGGGCAGTTGGACTGTTGGTTCTTACGATATGGTAGGGGGTGATGGGTAAGGGTCCGAGGAAGATTCTGTCGCACAAGATACAAGTCCGCGGTGAACCGTTTGTGGGGGCTGACTCTAGCGTGTATCAACAGATCATGGAAAGTAACGTTTCCCTCTTAGGCCCAGAAGGTGCCAAACTCTCCCTGGGGGGCCCTCCGGGTCAACCACATAGTCGTGAGGAGATGAGGGTGCTAGTGCGGAGTGCATATACGCGTCCCCCCTCGCATATATGAGTATTAGTAATCTACGCCATCTCAGCTCTTACGTCCCTGATCTGAGACGTCCGGTTAAAGTTGGTGATACGACTCACTAGTCGACCGTATGCCCATGGACGCCGTGCTCCTATCTGAAATTGCAACTCACATCTCTAAGTAAGTAAAGCAATCTAGTTATCCTGCTACCGCTCGGCCCACCCATCTCTGAACCGTTTCCT,1130,52.39,Caenorhabditis elegans
SEQ_968484,TAACATCCAACCCTTGTCCAACGACCTTCGGATGTGCTCGTGAGAACGGAGTGCCCCGCGCTCCCTTGTTTCAACTAGTACGTGTGCGGACACGTAGTGGTATCGTGTAGGACTAACATAAGCTTCGAACTGAGATTTGGCCCGTAACAAGTTCAACGTGAGAGGGCCCCCGAGCTCCTTTTGTCAGGAGCCTCTACAGTCCGATAACTCGGTTCTTCTGATGGTGGGATTGCTTACTCCGCGACCCATTGATCAGACCAGCTCTACCGTTCTTGAAGGAACGCTTGCACTCCAGGGGCGAGTATCCCCTAATTTGATTGCTGAGTTGATTAGCCACCGATTTTCTACGATACCATGAGGTCGTTGAAGTAAGTGTACTAGAAGTCACCGTGACTTCGACCTCCTTAGCCCGTAGGTGAAAAGAGAACACATTATTGGAGATGAGACGGGCGAGAGCAAGTTTTGTTGGTGACTCGATTCGCATAGTTCTCCTGTATCTGTTCCATTATAAGATTTTGCGTCCCAGGTACGAAAAAGCGTAATACCATCGTGGGTTTCTTGACCTGGTAGCTCGGTCCGTTGCGAACGTTTAGATAGGACTGGATAAGCGGCCGACGGTTCGCTAGGTACTGCAAATCTTGCCTAAGCTGGATGTCACTCATCTCAGTACGTTCAACATAAGCAGGGCTCATGCTACCTTCGGAATTGACCATCTTGACGACGTGACACATCAGCACTACTGCGTCCTTTTGGGCAATAGAAGGACAACAATCTGGGTAACCCACAAGCAACGTTTTGGTTTCCCTGGGAGACGGATGTGTAATACGTCCCCAGAGGAGGGTGGACGTTATGTGAAGGCATCATTGAATAATAATGTAACTACAGGGTTATCGGCGTGTCTCATCCAACAATAGCGCAGCCGTTGATAGCACCTGTCTGTCAGCTACAATCTCTAATACTTCGGAAATTAAGTCACCCACTATTCTGTTGGATTCTCTCAGCAGCAATACTAAATCGTGTCTCGCCATCTTACGATGCGATATAGAATGTTGCCATATGATGCTTGGGGCGGTTACCTAACGGTAGTGATAAACACAATTCGCTGTGTTTGATTCTCCAGAGCTGATCCGTCTAGGAATGTTCACGGCCCCATTGACTTTGTTGTTCTCAGTATGACATGCCTTTCAGACTCGACAACAGTGAAGTTCGAGATCGAGTGCTATGCCTACCGCGTCGGCTATGCGCAGCTACTCTTCTCCCGCTTTGGATGTGATGATGGAGGACGTCTATTTACTGCCGCTATGATGTGTTTGAACCGCCCGAATTATAAGAGGCGTAGACACAGCCTACTCCGTGTAACGATCGGGGAGGAAGTAGAAACTTTTGCATTGCAAAAGGAATCAGAGGATGTATTAGTTAAATGTAGGGGCAAGCGTGACCCAGCCCTTGAATTGCAGTAACCCAGTACAGCATTTGTTCGTACGCAAATGTACTAAGCTGGTGTTCGAACCTGCACGGACCTGTACAGAGATGAGCGGGTCTGAAGTATTCTGACCCAGAACACAACAAGAGAAGCCGCTGTTGGTTTGAACTATATGGGGTTGTCTAAACCTCCCTACCTTCACCCGTCCCTGGTGATCGAAAAGCTGTACTC,1654,48.31,Caenorhabditis elegans
SEQ_327259,TAGGGTCCGACCACCTTAAAGCACCAAAACGAGGTAAGACACGACTGAAGCGGCTTATGTAGAAGTTAGTACCCTGGGAGCGTGCATTACCTACACACACGGTGGACTCGTACGCTATTGAGGCTTTTTATCGCCTAGGACCATCGTAAGACTATTTAGCAAATCCCGTGCTGTGCAGGCTGTATGCGCAGCTCCTTATCTTTCAAAGGGCTAGAAGGCGTCCATCATGCGCAACGGTGGGCAATGACGTGGTCTGGCGTCGTCCCGACTTCACCGGCAGCATTGAAAAGAAGCCAATGGTATATGCGACGTGCGCTGTCTCCCCCCTCGTTGTTGAATCGAATCGCTAGAAATAGTGTCTATTGAGGCGTCATGAACGCATTTCCGATAAATACAGAAAGTGCAAAAAACAGCCGGGTTTCCATTAGGTTCTGCTATGAGGTCCTGGCTCCCGAGGGCATTTGAGAGGGTGGGCCAGCCTTACGGTCCGACTCGGGATCGAAGATGTTCGAGGAGCCATTCCCCGAGTTCAGGGTTTCTGGAGCCCCTTGATACATCCTAACAGTGAGGCTGCTTCCCGGTTGCAGTTATGTGCGCTTCGGCGCGCATCCTCACTCGACCTCCTCGAACACTGCTAACTTAACGTGGGGTTCTAGTATGTAACTCCCCCGGGTACACTTGTCTAGTCCTCTTGACATAGGGCGTGTGAACCGCGTATCTGGAACGCAGCTTGGGCTTTGATGCGTGGAGTGCGAAGGATGGAATAAAGGACGCGAGCTGAAACGCGTGGGCTCGCGGTCTATCGATTTTACGGATACCACCTGGAATCGTCACGTATCCATGCTTTATTATTCACTTAAGATGTGTCCCTTTTTACAATGGGAAGCTCTCAAAAACTTATTAAGAGCGAGGAGTATATCTGTGCGGTAACGTCTGTCCTCACCGGAGGCCATCCGGTTTTCAGAATCCAGTACACGCTGGAGATCCGTAAGCTTAAATCTTGAAAGCGAAGACTAGCACCGAACGGTTTAGTTCTTATTCGGTTATACACCGTGTGTGCTTCCGAAGACAGCGGCGTGGTATCGTGTCTGGTCGGCTGGGCAACTTGGACCGCTAGATTCCTTGACCAGGAAAAGTGTCTGAGAGCGGAGTTGTTGTACAACTTACCACCAGACGAAAGATGTATACCAACCGCCTAGTACGAGCCAATCACGTATAAAACCGGGTTTCTACTGTCCGTTGCATCCCATGCTATCTAATGAATATTATTTATATCCTGGCTATAAGTCATATACTAAGACCGTGAAGTGTGCGATGCTGTAAACGTCATCTAGTACCAGCAAACACGATCTCGCCCACCACATGATCTACTATGCATATTGGTTAACGGACCTACCTTTTACCATATGATGCATCGGGCCGAACTTTAGTTCACCCGTTCGAACGGAACATACCTTAACACCAAAAAATATACACCGTTAGCGAGGAGCACGCTATGTTCTTGTACAGTGCACGTGTGGTTCTGATGCGAAAATAATCGGCAACGTTTGCGCACGCTGGCGCGTTAAGGCCTCTAATTATAAGGCTGGATGATACACAAACGCAGTCCGAACCGCTCAATTATAAGGCAAATTCTAGTGGGATTGTGCGAGACAATGCCGCCTCGAAGTCGCGTTTCCCCCGCATACTCCCAGATGTCTGCTTTACTGGGGTGTCAGGGAACAGCGCAAAACGCACCTAACACACGCTCCATCGCGCAACGGTATCCCTCGCGTCCCATCTTTGGACGACTTGTTGTCACCTGAATACGTGGGGAACAAGGTGAGAGCGTACCATAGATTCCTAGTAGTGAGGACGCATTTTCTACAAGTCGTGTTATGTCGTTTGGC,1889,49.81,Homo sapiens
SEQ_320252,TCTTTGGGCCACTAGTCGGTAGTAGCGTGGGATCCCCGGAGCCTAGTAAATCCAAGGTCATGGAGTAGACTCCATTGTGCAACCCTACCCTCGTAGGATGCGATGAAGAGGACTCTGCGATACCTTCGATAACGGTCATCAGGTATCTCAGGCTCCGTTGGGATAGCCCCCTGATCAAGCTACAGACGCACATAGAGTTATAACTAGATCGGAAGAAGGCGATCGGGAGCTTAACAAGTTCTAGGCATGATGTCTAGGCGCGGAGGTCACATATAACCACACGTTAGAGCGACCTTGTATGCGCAGTAACGTAGGTGCGTGCCGCAACCCACGGAGCTCGAAGAAGGCAATCCCCATGGCCTGGCGCTTCATAAAGCTAGAAACAGTGATGCACGCGCACATGTGAGGCGCGCGTTTCTTCACAGGAGGCGTGCATGCAAAACATCCCTAATCTTCATCAGTGGGAGTAGTGAGATCAAAAAGCTCCAAATACCCGTTGCCCCCCGCTCATGGTCGTTGTAAATACCCCTAACTGGACCGCAACTTCTATAGCTGCCACACACTGGGTAACGGCACCAAAAATTACCACGCTGGTGGGCAAGAAACCAGTGACGGTGAGATACAAAGCAGACATTTACTTCCTGAGACATGCCTACGCTGGATCGGGCGAAGCAGAGTGTCAATATGGTAAGTTGTGGAAAGGCTCGGTTGACTTCTCCCAGGTCAGCGACGACAGAGAAAGTAATATGACGTGGTACCACGGACGTTGCTCGGAGAGCAATAGCATGACGATACGAGTACACCCCCGCCTGAATTTAGTCAGGATGTGAGACACAGCCTCGAATGTCAGCTTCTCCGTGCCTTATATTTAAGCCATGTCATTATCGTCGAACCCCTTGTGTAACCACACAACTTGTAAATGTGGAAACTCACTGTCACGTTATGTCTGTCGACAAAGCAACTTAACGTTTTGGCGACCTACGCTTTGAATGGAGCGTTTCTGAACCACTCTTGCTGGTTACTCCACGCCCTTTGAACAAGAAGTGGACCAAGGCCAGAATCACAATTTTGAAAGTTCGCTCAACTGAATGTCGCCGCGCTTGTTAGGCGCGGCCTGCACGGAGTGTATGGGAAAAAAGTGTAATACCTGAAAACCTAACCTTAACTCACTCTCTGTCTCGGTAAATTCGGTATCTATGCCGCCGGATTGCCAGGGTTACAACTGTTGGGACTCGGCATTGAAGGCGCAGTGAGAAACCTCTCCCTAGTCGCGTACAGAAACGTAGGTTCTTAGTCTCTGATTCATTTGAGGTATCGTACCCCG,1324,50.3,Saccharomyces cerevisiae
SEQ_862129,TCATGAACGGCAAACGACTGATGTTAAAATCATTCACCCGATTCGGGAGCGATATTTGGGAGGAGTGCCGGGTGAAGGGTGATACCTGTAGACTTAGAATTGTGATGCGGATTGACTTACCACGCATATCCACTTTGGTAATTTTGGCATTGAATGTCTGGAGAATAAGTAGTACGCTGATTAGAATACTATGGTTCGAGACAGCCCCGCGCGAGTCTCACTTCCGCACCTAGAGCACACGTCCTTTCTACGGCAGGCAGCTCATTCGATGTGTCCGACATTAGTTAGGCCTTATCGAGTGCGGGGGGGTTACAGCTTCTGACGAATGTGCTCGACATTGCTGTGGAAGTATGCAACCTCCTCAATTCATAAAATCGAGCAGAAAGCCTGTCTTCGATCTTGCACCGCAAGTCATGTAATCTCAATGTGAATAGCTTCGAAGACCTGAATTTAATAGTTTAGCGGAGATGTGTGACATACGAGAAATTCTTCCCCTTTATGCGATGCATGCTGGAGAAACCCATCAGAGTGGTTCAAAGAGAAGCAATAAGGTCTACAAGGTGCAGAGGTGTCTGCATAAAACGTCGTCCGCATGGGAGAATGGATCGGCTTAACGGGCAATTTTGATAGCACTAAGCCAGATCAGCCCCATAATGGGCCACCCACGCGCGAAGAAAGAAGTGTTAGTGCTTCCTCCTTACCCCGTGAGGGATCCGAGCGGGGTAGTGGAAACGAATACCGCATACAAAGGCCTAACACGAATTGCGCGCGCTTGTATATAATCACGTCACGTGATTATTTAGACAGGTCAACATACTAGCTCGCTAAGTTGGGGTCCTTAAAGTCAAGCCGGAGAGCACAAGTCTGGGTTCCGAATTATAGATTTTCACAACTTGAGCGTGACTGATCCGTATGTTCGTCAGCACCACTGGGCGAGTGCGCTTGGCTTAACCGCGAACCGCTGACGGTGCTGGAACCACAAGAGGGGAGCGCTTGTTTCTAGGGCCAATAGCGCCTACCGGCGCCTTCGACGTGAATTGAGCGGAGAGGGTTCGCTGTAAGGAAAACACCGCTCGACTAGTTCTATAGCTAGCTGGGTGGTTGCTTCGTGTCACTGCCAACGTCCCACAGTCCTGTAACTAGCAAGTAGGGAGATACGCATCGATGTTGG,1171,49.53,Drosophila melanogaster
SEQ_551126,ATTATTTATTCGTGGAAGGCAGATAATATCTACCCCTAGCCGGAAAGCATGCTGAATCGGAGTTGGCTGCACTTCCGGGGAGATTCCCGTTGCCTTTCATGTTTTTTGCCGAAGGGACGCAGCTTGTAGATAGTTCGGGTCTGTTAGTGCGTGGCGGAGTGGGACTAACAGTGGCTGAGCTGGGCGATCTAGCGAAACGTCTGCCGTCTGAAGTCCGATAAAGCGGACAGACCGACCTACGGAGAAATCCTTATGAGCGGCATGATCGGAATTCCCTAGTAAGATAAGGTATTGTCATAAATGATCGCCGCGGATCGATCATACAAGAACTCCGGCCGCGAACTACAAATTGAGGACATCGATGGCACAGCTCCCCGTAGGGAAGTTGCACCAAAGCCCACCTGCTCGAGAGAAGTCCAATAAACAAAGAGGGCCTGTTGCTGCTGCTCGCGCGCAAATACGCCACCCGATCCAGTCAGCTTTTATTAGCGGTCCTCAAGGGCCTCGGATTATAGGATTGGCCTGGGATAAATTTGATGTTGTTCGCCGGCGTAATTTACACGAGGGTGTGTAATGTTTAGTGACCGTTTATTACCTGGTCGGCCGACGGCTACTTATTTAAGGATCGCACTGAGTCCTTAGCGAACTAGTGTGGACAATTCGAAAAGACCGTAAACATTGCTTTGCGCGCATCGTTGAATAGTACCGCAAAGCTACCCCGAATTCCGTATAAAAAGTCTACACTATTGCAAACTTGATATCAACGGCAAGTCCCAGCGCAGTACGGTGTTCGTTATGGCAAAAAAGTTGCGAAGACGACTGGGAACTCTATCGTCTTTACAAAAGTGCTAACAGCGGTAAAAAGAACAAAGAAAATTTCAAATTATCACTAAACATTAGGCCGCCCGCATAGTGCCTTTTGCCAGAAGTCTGGACCGGAGAACCGGGGTATTAGATCCCTCTAGGATGTACAGGTTTGGATATGCCACGAGCAAATCGTGCAGATGACGACGAGGTGAACATTTGAAGCCCCGTACTTCTTTCACCACGGAGCGGTCCCCTGATGTAGTGAAGATCAGACACATTTTCATCCAAAGTTAGCAATGAAAGGGTAATTCGCTTTCCATATATGCAGTAGAACATATTGTATGACGGAGATAAAACCGCACCCTTGCAGGGAATTCCCGTGCAGTACTGCTCACGATCTGGCTAGACTCTCTGCCAATCCACTATATCTAGCCCTGGTTAGATTTGATGGGAGACATAGTACTACAGCCCTAGTCCAAGGGGGTCGTATAGCCCTCTGTAGGCCGAGTAGGTAGATATGTATGTGAGTCGAGTGCAGTACCAATACGCAAGCGCTCAATTTTGACGTACGGAGAACTTGAGGGATGTTCGAGGGCGAGCCACATGCGAGTAGCCAACGTGGTCACAGATTCTTGGTGAACGACTGACTGATGTCGACACGTAGTATGATAGAATAAACCGGAGCAGTTGACGTAACAGTCACCGTCCTGGAAGCTCCATTTTCTTCTTTTTTCGGATTTAAATTGTCCGTACGGTGTTTTCCACGATGCTGCAACATGTGCCCCTCGGAAATAACCTGCTTGCAGACCCTCAGAATCTAACACACAATTTCTACATATCCAAATTCAGTATTGACTGAACCGAGGGTCATCTACACTCACGTAATTGGCTGTCTATCTGACGCGGAGAATCGGAGCCCCGTTCCGCTTATCAATACAGAGCATGTGAGGGCCACGCGA,1766,48.24,Mus musculus
SEQ_755484,CCTACGGCACGAGCGTAAAGTTTCACGAGATCTAGCATCTTTCGAAAGCACCCGTTGTATGCCACCAACGCTTATCCGCGTTTGCCACTATAGCCCAGTTAAAGCGAGTCAATGGGAAAAATTCCTTACCAATAACCAGCGCAGGATAATGCGTTCGGAGTCACACGCCTGTATGCACATATAGCACTAGATCACGAGGATGGCCGCCATCAAATACTCTAATCCTCGCGACTATACACCCTAAATTTGGACTACCATGTCATCACAGGGCTCTGGGCAACTATTCGTTTCACTGTCTTGCGCGTACACCTTATCTTAAAAGTTGGACGACCTTAACCGCTCGCTTATTCATAGTGAGGATCATCAGAGGAGAACCTACTGTAGGTGAGTTCCACATCTCCTTACAGATGTACTTTGACCACGTATGCAGTTGTAGTTTGGCGATGAGAGCGATTTAGAAACGAGAACGCATCGCAGAAGCGTCCCTCCCGATTGAGACCGCAGGTGTGGATACATCCTAGACTTGGTGGTATTATTTTAAGCGCTACAGGAATCCCG,558,47.67,Saccharomyces cerevisiae
SEQ_209516,GCTTTCGTAGCTACATCGTCAGCCTAGGAACCGAGACAAGCACCGGCCAACCAAGGGCATCCGGCAGGTACAGTGATTCTGTTTGGGTGTTCGGCGAGCCCACGTCGCCACTCTAAGGCGACAGACCACCGTTTAAGTTTCTTATTGCCTGCCGCCACGGGACACACTGAAGTATTAAATTTTAGGTGTGCAAGGGCCATTGTCGTCGTGGTCGATTGCTCTAAAGTCATTATCTGGATGATCGCCCTCTTAACGACGGTGGATGCCTAGGTGTCGGAGACACTACGTGGAAAGGGTACGGGTGGTAGTTGGTGCAAAGGGGTGTCCTCGCTTGTAGAGTGAATCGCCCGCAAGAGGCCCTATTGTCGCCGGCCCCTAGCTGAAGCTTCCCACACAGGTATTATCCATGGGTTCGGCGGCCCCCGTGATAGGGGCAGGCCTGACGACATTACCCCTCAGCGCTAACTAAATAAGAACTCGCATATATTGACGTCCGAAGTCATTAGAACCAATAAGTACCCTGTAATCGCGGGCGCTTTAAGGGGTAGCTATGGGACCAAACATATAAGTACCTAGGCGGTAGCAGCGGGAGAATCTTGAAAAGATTCATCGCCTGAAGGGGGTCTGGGTCGGGCACGTAATATTTGGCGAATTTGAGCACTAGCGCTGAAGTTTACAAGCCGCCGAACCGAAATTGATAAAGATGTGGTAAACGGCAACATATATCCGACACCCAAGCACTGCTGTTGTACGCACGCTGCCCGGTCTCTGGCCGTTAAGATTGGACCTAGGTTTTTCAGCAACACTCCAACGAAACTAATGACCTAAGCGGCGGCGCCTGCGCCAATAGCGTAAAGAACATGAGTCTTAACGATGCCAAGTCAATGTCCTATATCGAACTTATTCTACCTAGCTACCGACGCAGCAATCAGCTGTTAAGGACTAGAAAGTTCCCACGGCACACGCTCGAGGCTTGCTGGATTATTATCATCGATTCCTATTCGGTTACTCAACATTCTTAACTAGGCAGGTGCAGGAAGCACCTTGTTAACCAAGCAGCCGAAAGACTTTACCAATACGTCAAATTGGATGGGAATGCCGAACACTTCTCTCCACATTGTGACGTATCGCTAACATCTAGATCGCCTCTCCCGCAAGGGGCAAGGATTTACTTAACTGACGCAATAACACGATTAAGTTAAGCATTCGCGACTCTAAGGGCGAGAATTTGCCAAGCAACGCACTTTGCCCGAGAACCAAGAGTGCGTCATTTTTCTTAGAAACTATATAATTGGCGTTCTTCTATTGTCTAAAGGTCAGGTGCGTCGACAGTAGACGATCGAAGGCGGATTGGTCAAAGAACTCGCAGGCCTTACTAAATAACGAACTTAATTATGTAAGGCCCACAGGGCTAATTCGCGGTTTCTTTTGCGTTGCGAGTTTTATCTGCAGCAATTCCAGTTTAGCGTTCTCCAGCTTAGCTGGTGTTCCTCGCTCTAGCCGCGCGATAGCTCAATACTTACCAACGGCCCACGTATACATCGCAATTAATGATCCCATGACCCGGTGCCGGTTTTAAGTTAAGGCGTAGCATCGGAGACGTCTACGACTACTTACAAGTGTGCACACTCACTTAGAAGGCCTTACGGACGGCGTCTAATTGGGTTTGCGTCTTTACCATGTTTCTTCGCTCAGATATACTAGATGGCCCGACTACCCCGGGCGCCGGGTCAACCGATAACATAGTGTGTTGCGTCGGCGTTTTACAGCAGCCATTTCGCATACCTGGCTATTCACATTAGTACGTGGAATCTTACGATATGCTTTATACATATTATCACTGACTCGCGGCTGCTCCGGTACATCCGGCTAAACGCCAATTTAGTTGACCGTACTTGGGATGGAATGTTGACTCTGTCTAATCCGCCTTCCGGACGAGCGTACGTAGCGACGTTGA,1957,49.62,Mus musculus
SEQ_625377,TTACTAATAGCGTGTGTCCCTCCAACTTTTCAGTAATGCACATGTGGCTGCGGGTTGAAGTGGGCCGCAGGTGATAGTAATATTGAATAGCGGGTTTCAGCATCGAGCCAAGCATAGCGCGCTTGTTTCATACCTGTGCAGGGATCGTGATAAACGCATCACACTCCAACGCTCCAACGCGGAGTTGGGAATGCTGTTCGAGCGTTGCGTCTAAGAGAACTGCACGATATGGGCACATCGCAGGACATACTGCACTGGGGAGACTTAACCGCTTTGGTTCTTCCAGACACTGGAAACCGCTAGCAATTCGAGTGGACCGTTGTGTTATTATAATGCGTCCTCCCGCCTGTTCGTTTATTCCGACGCATTATCCCGGCAATGCTAACGTTGCCGATATGCCCACCGAGGTTCTACCGCTCCCGAGTCAACTGCAAGCCCCCACGTACTGTGTCCGGTTTTCCGTAATGGGCGTGGGTACATAGTTATCACCGATAGATCCCTTAATAACTAGTTGAAATGAGAAGCTGTACGATTGAGTTGATCGTATGGCAATTATTTCGATCACAGGAGTCTATTGACCGGGCACTCCAGGTTCCGAACACAGGACCACAACGTACTCTCTATAACCTACTAGGTATCGGTAGTAGACGAGCCAAGAAAAGACTCCACGTGGCGAAAGACGCCGCATACCAAGTGTTTATGAAGTCTTCTCGCCTGGTCCCACGACACGTACTGTCACCAGACAGTAGTTGGTTCCGTCCTGGCCAAGCAGAGCTCCATACTTGGGCGACCAGACGAGGCACCTGCGTTACAATCTAGTTTAGGAGATAAGTACCCTAGGACAAGTTACGCTTGTAACCATTATCCCCCCTTTTCGTCATACGGCAGCACACATATCGTTGGTACCACTCGTCTTTCGTAGATTGGTAGATATCTTAATCGAAATTAACAGCTCTATTCAACAGGCATGCGCAGTAATACTACGGCAGGGCCAGAGGGTCCTGAGCGCTTGCCCTAGTGTAGTAGCGGGACACCGTCCGCTCCTCCTCTATGGCCTCCCAAACCCCGAGGCCGACCTAGGCGTCATTTGTGCTGTAACGGCTCACGCGGCTGTAATGGGCGGGTGTTCGCTCGAAACTAAATCTACGCGCCAACGCTTATACCCCGGTTCACCCTGCGTGGGAGTATCTCCGGGTAAGACATCGTTGGACGCTAA,1216,51.4,Homo sapiens
SEQ_500870,GTCGGATGGCTAAGCAACTCGAGCGGCATTTTTAAATGCTGTATTTACAGAGTTTGCGCTCTCATCTATGTAATGCTCTGCGTCCACCCGATTCGAATGGGGGTCGGCAAACTGGCTTGAGGCTGGGGGAATAACGCGTATACTGGCCCTTACAATGTAACGTCCGGCAACTTGGAGTTGAACACAAGTAAGTAAGCGTCCCTCAACCTGCTCTTCTTTAACACAGGCCCGCGTCCCACGTCAACATATCTGCTGACCCGCGTATGCATACAGCCATTCAGTACATATCAGCGCCCATACGGGCGGCCAACGGAGGGTTAGCGTCAGCAAGAATGGTATGTTGCGGGCCCGTATAATTCCCGCTTAGATCGTAGGCTACGTCCGCTTTTTATGTGATCGAAATTGCCTACTACAGCTAACGAATTGTACCTGAAGCTTCCCTCTCTAGCCGACTGCCCTGTACAGCGATGGGGTATAGTCTTTACTATGGGCATTTGGTAGATAGATCTTCCTTGCGGTCGCGCGCTACAGCCAAGATAACTTAAGCGCTTTTTTCTTTGTTCTTGCACAGAGCCCGTCTACATACTTTGTGACAACCGATAAGAATTGGCGTTGCCTTTTGGTCTACGGCGACAGCCCTTGGGACGGTACATGGCTTACGCGCCCTGAGGACAACCGCGATGTGATACCAATATTCACACAGGGGGGGCTCAAACCTGCATATCGGAAGAAGCACTCAACATGTTTTTGACGGACGAACAATCTCTTGATGGGTCATTACTCCATAAGTATAGACTAAATAGTGGCGAGATTGCGTGCGAGCACCGCCGTCTAGTGCTCATTATGTGTGTTTTCAGAAAGCTCAACTACACGGCATCCCTCGGCTACAGACTAAAAAGCACA,903,49.72,Caenorhabditis elegans
SEQ_276118,TGCGCGACCTTGGTTTGACAGAACATCGAAAACTCGCGGAATCTCTCGCAGTGGCACCTACAGTAAACCACTCTCAGGGTAGAAGTTGCGGAAATGTGGACGAGGGGGAGATTCGGCCGTCTCTTACCCGGCGAGACCGTCACTATACATCCA,153,54.25,Homo sapiens
SEQ_807192,AATTTTTAAGTCGGTAGAACGCCAGATAATTCAGAAAGGCCCCCGGAAACTCAGCTTAACGGGGCATTCCGCATCCCTTAACCCCGGCCTCATAATACTACTGAGCCAGCCGGACACATACTTGAGCAAGCATTAATCACGAGCAATACTTGTGCTCGCTGTGTTTGAGGTATCTTTTAGAGCCTCCCGCGGCTCATCTATTGTTCAACGGCCTAATCCCGTATTTGCCTCGTCGCCTTTCATGAAATTTGATTTCTGTACGTGGAGGGGCGTGTGCAGGGGATCCCATGGCTTTGTGAGGTGCGGTCGGGGACATGGCGCCGAAGGTCGTATCGGGACAGCATATTTTGTCCCCATGACTCTGATTTACCCAATAACGTATGAGGCATATTAGAGCTAAACACACAT,408,49.51,Arabidopsis thaliana
SEQ_567047,CGATCGACTTGCGCCTACGCTTTATCTCCCGATTTGTTACTGGTCCATATCTGGCATTGGGATTCCTGGTTTACATGAGAGTGATTGGAATTCTCTAAGTTCTAGCATGGGACGTCCCGTATGACGTCGTATGGGGATAAACTGTCGAAGACATCCCGACTAACCATACTTCATAGAGATAGAGGGGAGGCGTATACGTAATTAAAAAACAGAAGAAACTTTCCGCCCGGGGCAAAAGCCCTGAGTATTGAAATAGTCAATATGGGCTGCAGGGTGGGCAGTTTCGCGATAGAGTATCTACTGGGTGTCGATTCTATAAGATAGTAAGCGGTTAAAGCTGGAAGTTTCACAGATCTCACACTACTAGCAGCAGTTAATACAGCTCATGGCACTGGGGCTTTCCTCCCCGAGTCGGCCAGCCAGCAGGCGTGGGAAGAGTATAAAGTGAGACGAATTTCCGAATTACATCGGCGCCGATCTGAGGAGATGGGGGCCATTAGAGGAGCCGGAAAGTGAATCCTATTGCCAGTGAGCTCAACGTCTCCTTTACTTTAGCTTAAGAAGGTTGCATTCGTACCGCAAGTTCTTTACGGCAGCACGCTAGTTGGCTGGAGGCGTATATTTGAACCATACGTACGACCAC,643,48.21,Saccharomyces cerevisiae
SEQ_795259,ATCTACAAATGTGGGCCACACATCACTCGATACTAGTGCTATTCTCTAGTAGAGCTAGAGTGGACAATTGCGTCACATTAATATAGCGTCGGATTTGACCCGGGTGTAGACCTCACATTGATCCACTTGTTCCCTGAGTACATGAGTCGGTCCATTCGATCTCTCGCTGTTACTGTCCATGGGAGAACACTCGGCCCTCAACAAACCCACAGCATTCCGAACCACTCCCGTAACACTATACAGGGCCACTAGACCAGTGAGGACAGTGCACATAGCTTCTCTGATCATCTTCATCCTTTCAGGGGTTTTGGCCCAGCGACGTCAACGTTCATACTCGACGCAGTCGGTAGGTTGATGTGAGGACAGCACAAAGTGATATGTTGGAGACTCGCTATGTACATGTTCGGGTCGTTACCGCACTCGTCGGCGTCCCGAAATGACATAAAAATGTATAACTTGATCTAAGGGTCTATGGTCCCGCCATAGACTGCCCAATGTTTAGCGAGTGTGGTCTTCTATTAGCACCTCCGTATGTTTTAGACTTTCTGTAATAGATTTATTAGCCCGACACACCAGACAAGATGTTGCACTTCTTCACCTAGTGAACATCGGTATCATTATAGCGAAAGCCCGAACAATCGGCAACCATGATCCGTTGCTGTGGTACCGACGAAGATTAAAACTGGAGCTGGGTTTTTCAAATATAATATAGTTGCATACTCGCGTGAGCCTTAGTAGAGGAGCGATAAGGAATTAGATCAAGTAAAGTAAGAACAGAGTTGTATGAAAGTACCCTGCGAAGCTCCTGACCGGACGTAGGGTGCTCTTGGCACGGCCGAAAGCCGATGAGTCGGGCCGTGTAAAACAGTCCAACCATCAGACGGAGTTCCTATGCTGTTAGACTAGTCTCCGACCACAAGCCACCTTGTGTCGCTTTTTTCTTCTTGAACGGACGTCAGCATGTATGATTTCCGACCGCACCTATAGGCGACCCCTGTCAGTACCCGCTAAAATTGGTCTGATTTAAGATGGCTCACACAAAGGGTCGGCGACGCGAGCGCTCACTGGGACCGTTCTCGCCATTCACGACTACGTGATCTTTCGGTGAGCGCGTAAGAAGATTAATGTGATTACTTGAGGTCCCTGGGGAATAATATATGTGTACCTGTGTTGCCCACCGATAATAACCCACCTAGTTCGACCGATGCTCGGAGTACGCCAACAGCGTGAGAACGGTTATGGAAATCGAGCTCTGTCAACTGCTCCGTACGTTGATTAGTGGCGTGATGTATTACGGATGTGACGCCACCAAACGGCGGCGGATGAAGCACATGCTTCACTATCCCGACTCCCAACTTGCTTACACACCAGGCTATTCTATCCTTGTT,1388,48.63,Homo sapiens
SEQ_706557,AGTGAGTATGGTGATTCGTAACCTCCATGCACATTTACGACACGACCATCCCCAGGAACCCTGCTCCAATTGAGAGACACCAGCGACCCGGGCGGGATTATGGCACAAACACGACAAAGAGTATGCTTGGCGCCGCTTTACAAGACCCAGAGGGGTTTGTCACAGCGGCTCCTCCAAGGCCGGACTGTCGTCTTTCCGAGCTGAATGCTTAGCTTAGTGCATCCTAGAGTTCGGTTAGGGTCGCACACATCATGCCCCATGAATATAGAAACCAACTGGGCTGCTGGCTCGACCTGGGCCTATAATGTTCCCCGCGTGGTCTATGTCCGGCTTCTCAGCAGGGGCGGCACAAGTCAATATTCAGTGGCAGGAGAGTCGTGGAAAGCATTCCCTGTGGTAGTTTTGCTTTACATGCTTTCAGAGTAAAGACAAAACGCCGGGTTTATAGAAGTATGAAATGTACCTAGAGGTTTGGAACATTTCCTGTTCGGGATGTGCGTTAATGGGAGCAACTGTTTTGATTCGCCCTAAAGGTTCTCTAAACCATTATCTGGACCATGTGAGGTTTTAATAAGGTGTATCAGGGGCAGGCCCATGATTTAACCTCCTGTTCAAGGATTATTCTGTAACTAGGTCAACGCAACTTCGGTCGTCGGCAAGATGGCTTAATATGGTCAAAGTTCCCGCAGCTTGTGTGAGTCGCTTGTCATCTGTGGGAAAGAATGCGTCCCTGCTAATATATGAGTGTCGTACAAGAGCTACGACTGATCGATCTGAGTGATCCTTCACTGTTGTGTTGCTGCCAAGGGGTCGACCCGCCTACTGCCACACCGGCACCGGCTTACGATTAAACCATCGCAGACATTAACGGTAGCTGACTTGTTGCACTCATCAGCCCCGAGTCTGTCACACGTAACGACCAAATACCGTTAGGGTATGTCTTGTGGGTACTTGGCCCTTCCCGGAC,967,50.36,Arabidopsis thaliana
SEQ_170884,CATATTACACTACCGTGATCTCCACGCGGTGTGAGTACGGCATGAACCGTCTCTTACGTTGCAGTGACTTGTTTCGAGCGTTCGGACGTGGCGATCGCCCACCAGTCGCTGCCCAGTTTCACAATTACTTCAT,133,52.63,Arabidopsis thaliana
SEQ_196760,CGCTCCGGCACCAAAAATCCGCGTATACCCAGAAACGTACCTTCAAGGCTTACTGAGCGTGTTGCCGCCCTTAGCAGACTCATCTCCCATCCTACGCTCATAGGGTGGTTATGACTGAGCAGTCGTACACGGCCGGAAGCATCACCATCCTCCTTAGACAAAGTGGATAGGACAAGTCGAAACCAATTACGACTAACCCTGCCCGGCGGCTTTTCGCATTACATTGGCTGTTGTAGGCACACGCCAGTTGAACTAAGGGAGGCTAGAGCTCGGTGTGCGGTGTCACCCTACCAGTATATCCTGCATCCTCGACTCACTGGGTTCACATGCCGTCCGTTCCGGTCGCGGTTCTCCGTCTGTCTACTCTGGTAGATCTGGTGTCTCAGTGGAAGCATAGCGTTCGGCTTATTCCGACTGCGTGATTGTCAAGGTATAGTCGGGACTATATGTACCGCGATCCTCCCTACGGGGCCAAGCAGCTTGCCTCCTGGCGTGGCTGTCCTATTTGGGCCAAATGTGTGTAACAGAAAGAGGCCGATTCATTTCAGCCGGACTGGCTTGTCGGAATAACACCCCATAGCGCGACATGTAG,592,54.05,Mus musculus
SEQ_199491,CGTGACAAAGGCCAAGGGTGAACGGTGACTTCTGTGGAACTTTGGATATGGATTATGCTCTGGTTGATCCTCTCTATTAGTGCAGACGTGTAGAGCCATTGGACCGTCGCCGGCCCATACCGCAACGATAGCCGACGCGGAGATTAAGGGCATTCCATATTTCTCCAGTCACGTACTAGAGCCGATGAAAGTAACCTTTAGGTAAGGGTCGCAATGTGACTACCCAAGACCTCTTTCTCGTGGTTCGGTTAACCGAATCCCTAACACCAGGTAGCACGCAAGATGGCCTAGCGGGAGGCGAACGTGGGCGTGACCCTGCAAGTGACAAACGGTTAGGCTGAGCGACGCGCTGAACACAGTGCCTAAATGAAGCCGAGTCTAACGTACCAGAAACCGGAAGCTGCGTGTACAATGCAATGACGTAGCATCATGGCCCGGGCCCCCCAAGAACGACGACTAACCAGCGCCTTACCTACTTTTGCTGGTGTGCTAGCTGCGTCGTTATATACCTGACACGAACCGGTACAGCCATGCGTTGCGCGCTGAAAGAGCGGATGCGAGGTACAATCTGCACCTAGCCGCCTGAGTTCGGGACGGCAGACATTAACCCTCGACATTCCCCACGCTTCACCAATTGCAAACAATTAACATGCACGAATCTGAAGAGCAAGTGACAGCTTGGGAGGCTTAAGCCCTTACGTATCTGTCCTGGACATCGAGAACCTCATGAAATCCTCGACCACATCGGTACGTCTAAATCTACGGTGATCGGGACGAGCTCCCGGGACTCTTTCAACATCACTGACTCGATCCGAACTTCACTATAGAGGGAAGATCCGAATTCGAAACATAGAAAAGCGAAGGTACTCCAATACGCTTTCGGCAAGATCACATCTCGTCTTCCTGTCTACAATCTGCATAGCGGATGGTCGGCTCCGCTGCAAAGGTGGAGATCGCCATATGCAGAGCCCGGGGTACACGCAGGGCTATAGGTGAAATGAAGAAAACGGATGCCGCTCATTTTGTAAAGTTAGGCCTAGTATCCGTGGTAGATTCAACGGTCGTCCCGCAATTTAGAGTGCGTGGGTTGTTGCCGCCTTCACTGTGAAATGTCCTCATACCCATTACGTTATCGGAGGAGCCAGAGAGAAAGTTATCTAGGCGTCTTGCTGACACGCAGAGCGGGAATACCACCTAACTGCACGCGTGAGACATAGCTGGTTGGGGTTCTTTTTCGGCTTACGGACTGGGGATTAGCGGGAGCATCCCACACGAGACTCAACACGGCCTACGCTTTGGCTCACAAACGTGGTTAAGCGGGATCTAAATATTCAATGACCTTGTAATGCAGTTGACTGGCCCCTTGGCGCTACGATTGACGCAGGTGCCCGTGTAACTTCGAGACGCCTCTTTAGGCATTTCCGAGTAATTCATCTGAGCAGAAAGTTTACCCCGCAGGATGTCTAGAAACTAATTGTCAAACAGTCAGTTTGATCGATCATCCGTCCAATCGCATTGAAATTATGTCTGCGCAACACAGCAGTTTTAACATATTCGTGACTCTACGTGCTGTGCCA,1577,51.17,Escherichia coli
SEQ_831425,ATCGCACATGAGTCGCATCCCGATTTTACGTTTTTCTCCGGGCGTATCCCGGTACGAGTGGGATTTCACGTAACGCTTAGGAGTTAGAAATGCAACTTCCCTATCTGATACTTCTCATATTCTTTCTAAGATTCTATCAATCGGCTATCAAAGATATCCAGCACTCCGAATTAGTTCCGCGGTGGCGCCCTCTAAATACGGGAATTCAGAGCGCGTTTCGTCCTATAAAACGCTTGCCCAGGCGAACCCTTGGAACGCGCCATGGCAGAATGATTCACGACCTCAAACCTCCGATTTCTTTCACTCGCGATTTGCGCCATGTCCGTATTCCGTATACAGCTCTTCGCCTGAGCGTGAAGAATACCTCCTGGCGATGCCGGTCGCACACGCGAGGAACGATCATTGATTGTAGCCTGTCTTAATTGTATCCAATCCGCGCTGGGTAGCTGGGAGGAACTATGCATGAGATCCTGGTTTATGGGGTGTTTATTACTTATGCTTGTGATGTCGATCAAAGGACTCGAGTTACCATGGCCGCCCACTATCTAGAAAAGGGCTCAATGGCCCCCCGCGGCCCATAGTCTCGCCTGGACTACTTGTAAGCCCGCTCGTGTGATCCAGCTGTCGGTCTAAATCACAGTACAGTACGTCTCATATGTGTACTGCGCGTTTGTAATTTTCGCGATTTAACACTCTCGGCACTGTCTGATCGTGAAGTGATTTCCTGTCGGGAACTAGGTAACTACCTGCGCTCAAAGATGAGATCCCTCGAGCCAGGAAGACAGTTAAAGGAAACCCGGCACGCTAACCTCCTGGATAAGGGAAGCGGGCTCTGATTGGAGTTGACAACGGCGGCTAGACCACCCTCGCCGCAAGACCCCGCAGCTTAGTACCATCCTTTGTTGAATAAATTATCAAGGGTCCTCACGAATATATACGCGTTGATGGTATGGCGGGCACCCCGAGTGGCGTAGCTCGCCTCTGGTTTCGCCCTGTGGAATTTAGGCAGAATTTAGAGGTTATCGCCGCGTTAGGGCTCCCACGTAGTCTGATCCAACACGCTGCCTCTTGAAACCGGTGTAAGGTCTTGAAGTCATAATCCGATTTAATCACGACTATTCTTGGTTGAAAAGTAGACTTTATTCTAGACTAAATCTTCCCCGGGACGCCCGCAGGAACGAAACACAGATCGAACGTACGAACTTTTTACGCAGAGTAATCAACTTTGGACTCAATAGTGGACCGGTTTTCGACAGTTCGAGTAAACAGGACGCGTCAATGGGATTCTTGAAGGGTTGGGACAGACGATTTGGGCGAGTCTTTCTCGCCGTGTGTGTTCTCTCCGCCCATGTTGGCAATCACACGCAAACCCTGGGCTGCCGTGTAGGACGACAACGAAATGGCACCACCCAGGCCGCTCGTCCAGGGTGATTTTGGCGGTGACGACGATGCGGGTAACAAATAGGAGCCCGTTTC,1476,50.75,Homo sapiens
SEQ_154994,TCTGCAGTGGAACCCTCCTGGTCAGACCTTGCCTCGCGATGGGACTGCCACAGGTCTGCTTAGTACGTTTAACCAGCTCTGGAGAAGCTAAGAGGCGCAACCCACCAATAATGGGATCAGGACAGCCGTGTCCTTCCAACATAGACCCCAGGTCATCCTTAGGTGGATGAAACCACCGTCGACGCCTTCTAGACATTGTATGATACCAAACGATTTACCCTGCCTGTTGAGAATGTGGCGGTCCGTTGTGAAAGGCAAGACTGCCAGGCTTTGGTAAGGTTATGTATCCCGCATCACTTCCTCTAGACGCAGGAGCCATTCTGGAGCGGATCACCTCTTTTAACGGAAATTGTCAATTCTGTCGATGAGTCTGCGGTTAGGGACAGCTCCTGGTCGGCGGTTGGTAGAGAATATGGTCATCAAGGTCTTCTGAACCCTGGCAACTACCTAACGTACAAAGCCGCTACGACAGGTCTAAGTGAGTCAATAGTGGAGTTGGGGCGGAGCTGTCTATAACTGTCGTACACTATTTTAATAGCCGGGGGGATGGGAGAGCGCCGAAACGATAATACAAACGCTGGATCTATCGATTCGTGACGGTCCCACAAGGAATGGCGACGGCCGGTCGCGTGGCTCGATCATTGAAAGTCAATTGCGTCCGTGCAGTACGGTAGTCCTTGTTAGCTCCTCGGTTGTGTCCACCCTCTCACGGATCCATTGCCCTCAGGTGGCCAGGACCTCATAGGAATCCATCAGCGGGTGATGCGTTGATTGCCGGCGATTTCTGACCAGCGCGAGCTGGTTAAATTGCGCCCGTAAAGTACCCGCCCCCTCTCTCCATTTAGTTACCGGTCCCCTTGGGCAGAGGCGGATGTAAACTAGAGTCAAAGTCTCCTGAAACGGAGCGTTAGAAGTTAACTGGTAGTATGCGATGGGTGCTGACGATGCAGGTTGAACTGCACACCTGCTATCCGGCAGTGTGGAGGATTCGAGGGAGTAAAGAATGAAGGGTCGAGCGAGTGCAGCCCAGCGTCTACCCACAAACTAAGGAAATTGCTTTGTCCCCCCGAGTTGCCGGGAACATAATCAAAATGACAAAGCAAAAGTCCTATAATATTCAAATCCATTAGGAAGTGTGTCCTTACGTTGCGTCTGATTATCGTATGCGGGCTTATCAGCCGCTAACATACGACCCCCACCCCAAAAGTTTGGACTGACTCTACGAACCCTCCGCCAGGGGGGTGGGTAGATTCACACCGCGCTGTCACACTAAATGCCTGTTGGCCACACTGGACGGGTTCCGCAGCTCATAGACTTTACCGTGGGCATGTTACCGAGTACTCCCTAGTGAAGATTGTACTTTACGAGGAATCGCTGTAAAGACACCATTATCGACCGCTGGACCTTGAGATGGGTTCTTTCCGGGACGGGCTATTCTGACTGGTCAACGGAAGTCTATACGGCCGGCCAAGCAGGGCTTTGGAGAAAACTACAGATGGACGGTCACCCGAAGTGATGTATAGATGATCTCCGCACCCAATGAGAAACTTGGAATCCTGCGTTGTAATCAACGACAGCGGATCTCAGGTTTCATCCGCCAATTGGCGGCCGGGCGCCTTAGGGGACCTCGGGCAGAACAATATCCATCACTTATTGGACTATTTTGGTGCTTAACTTCAGACCCGTCGGATGGATCGTGTTATCTTCCAAACCAAATGGTTGCGTTTCTTGCAAGGCCAGCAACCAAGTTTCGCGGGCCTATCGTGGAACCTCTTATAGTGTTAATTAGGCCTCGCAGAGCTACGATTCTACGTACGCCAGCTGGGACCGCCGGTATTTTTTCGTGCCCTCTTCCACCGTCGCTCTACCTTTGGCTCGTATATGCTTGTTGGCAACCATACTCCTAGCTAACACGTATTTGA,1922,51.82,Homo sapiens
SEQ_536458,GGCAGCAGATGGATCCTGAGTCTCTCTGCATAGCACGCACGATCGAGAAAGAATGTATTGTTATTGATTCCGCAGGGGAAGTCGGTGCTCAAGAATTTGATTTAGGGTTTGGCGTCCTAAATGAGTCTAAAGGTTATGGATCTAACATCCGAACCTTCGTCGCGGCCCGACCAGCACTGGGAGTCGATGCGAAAGTGAAGCGGCATTCACCCAGGCGAGTAAAGTCAGCCCTTACATGAACTGTGCTAGGTTTCCGTTGGCGACGTGGATCACGGGTTACTCATTGCAGAGCTAGACTCGTACGCATTGGATCTGACCCACTGTTGAACGTCTAGTTCCTAGCTATAGTTGCAGTATCTCTTCTAAAAGTCTCATTCCCGTAAGTTGGGGAATGCGTTAAGTTCAGACTAAGAAGGACTCCTCATTGAAGTACATCAGAAGTACGCGGGATCACTCAGATCCTTTGGACCCTTAACGACACCCCTTGTAGTGGAGGCAAATGCACCGCCCTAGGTAAAGTAGACTCACACTTAAGCGACAATATTTCATGTGGTTGCTTCCATCGCAAATTTTCGATTGATGACAAAATCTATTCCGCCAGTGTGCTATAATCATCTATGGTAGAGGACGGACATCTTTGCGCGGTCTCTGTCATCGGCTCTGACAGCGAGTGGGGCAATCATACAATCTAGACAGGACTATTGTTGCAAATTCGACGCGGTCACAAAGACCCGTTAGACATTGTCTCATTTAATCCGAATAAGCCATGGTTTGATGTTAGTACGAAGCTTCCGTCAGCAGCTAGCCTTTGAGCCTTGATACCTTAGGAGTATGAAATCGTTCTAAACGGTACTAGCATGAGCCCTTCTTCTGCGATAGCAATCAGAATTAAGTGACTCGATCGCGCACGAATTCCTCAACATTAGGATAAACTTGCTAAGGTACTGGCACGTGAATTACGTTGGTCCTTACTCGTATGGGTCTTATCTAGGCACGGACTATCCCAACACAGGAAGACCAGCGAAGCTCAAGACACCACCTCGCCGCGATCCTATCGAGCTATCTGTGAGCCCGAACCGTGTGCCTTCGTGGCAAGTCCAGGAGACATGGCTCTATGACGGCCTATAAAGGGTGTGCTCCTTAAGAGTTTGTCCCAACAGTTAGGTATGAGCAAATCAACAGACGGTGGTGGCAGGACCATTAGTGCCCTTCTCGTCCGTAAAGGTGGTAAGAGATTATACTCGATTTTACCACCCGGCACATAAGGGGACTGCACGCTCTAGGCTCATAAACGATAGTCCAGAGCCAAGGTGTTATGAAGGCTTGGGGAGCATCTGTAGCACCCAGCGACTCGCACTTAGGTAGACCTCGCCTTCATGAGCCATATAAAATCGCCCCCCTACCGTGACTTGATTGGTACATTAGGTCTTTTTGCGCAGGCAATGATGCTCTTTCTTGGCTCTTATCCTCTTGAATAACTGCTAAGCAACGATGGGGACTCATTGCGAACGAAGAAGGGACCACAGCTTGGCCGG,1535,48.53,Caenorhabditis elegans
SEQ_551377,TTGTCATAACAGACAGCGTGCAGAAGTTACTACCCGGCGGTCGAGGGCATGCGCACGCACTGAGCTATAATACCCGCCCTATACGCTTCGTGGGAGTCCCTCAGCAAACAATTGGATATACCATCTTCCATTCCCCTATCTATTTGAAATGAATCAAAAAATGGCCATGTACAGTACCTGACAACATAGAAGAATAGGCACGGATTGTTTAACCTATAAATCTTCGAGCAGTACTGCGTTATCTCGCACTTCTCTGGGGCGTCAGCAGGTACTGCGCATAGACCCAAGCTCGCGGATCAACGCCTCCCGTATAGAAGGGACAAAAGATCTCTTCGGTAGCGGAGCACATTTGTAGCCAATTGGTGCTCCGAAGAGAGGACTCTGCCCGCTGAATTCGCTCGAGGTCTAAAGCCTCCACAGGGCGATGCGGATTTCCTGGGTAGGAGGCATATTAGGGCCCATGGTTTCTAGCTCCGCATGACGCTAATAGGACGAAAAGTTGAGATAATAGGGGCTTCCGAAACAGCTTTGTAGTCCCATCCGTCGCGGACTCATCATCGCCACCTCGTCGCACAGATAGGACAGTAACGCAATGGAGCTACTCGGAACACCGGCTTAGCAGATCCCTGCGCTGTCCTTCGCGATGCCTTTAGATACTGACGGCAACGCGGTTACACATTAGATAATTAAGAGCTACATCTTAGCAAGTTGAAATAAAATCATGCAAGTAGGTTTACCAGGAGCACGACGATCAAGAGTATCCTTGGTTTTATAAGGGGTCGCGAGAACGCTATAGGATGCATCCTGTTTAATTGTCAATTTCGAGGCTCGCAGTTTTGTTGTACTCTACTTGATCTCTCCTCGATCCTAGGACGTCCTCGGGCGCTATGACTTGATGTGTCGATTATTCTCATTTGGTCGTAACCCTGTCCGAGACTGTGTGGGTGACGCAACAAGATAACTTGCGGGCTGCGCCGAGCAATGCTGTAACTTCGAATGCCTGTGTACTACGACTCAGGCTGTCTAAGACGTCTTAGTTAACTATGGTCCGGACCCCTGTTGTGGTGGAAGTACCATAACGACGATGGTAGGCCAGGAAACACAAGTATTTCGGGCAACACTTCAGCTAAAGCGACTTAAAGGGCCTTTCCGGAGGTTCTTAGGACTTTTCTTTTGGCTACGGATCCTCCACTGACACGTGGGGAGAACCGTGAGCTTTAGTCGTGCGGAATGATCGCTTTGACGTTATCGACTGCAAATAGTAAGATATGAGTTAAGTTCCAGCCAGTTCACTAAACTGACCTCATCTGTGTATGTCCGTACGATTAACGCAGGATAAGCACCTCTCGATTCGGATGCATGCCTCGACTCTACCAAAGTCCCTGTATTGCGAGCGCGCACACTCGAAGGCTGATTCGACCGAGTAAACAGAACGCAGCCCCTTAGCGTGAATCGTATCGTTAGTGAAACTCCATGACCTTGCCTCTTACCAAGAAAACGAGATTTCGGGGTACTACCAGTCACTAAGAGTCAACATAGGTTGGCTGAAGTCTCCCAGCTCCTCACGTGGGGCACCAAGGTAGAACG,1587,49.4,Escherichia coli
SEQ_760698,AAACGCATAGCGAAAAATTGCGTTATAGTTAGCAGCGCGGTCATAGAAGTAAGCCTGTTCTGATCGCAATGGCCGTGCGCGTTTCTCAATATGGGAGAGACGTCTTAAACAAGCAGAGCAAAAGGTGACACCCCGGTTCGCTTGATGGCATACATCGTCTCTACGTACGTCCGTACGATAAACTCAAGCACTAACACGGGACCCTGGTAGTGGTACTTTTGGGCCGCTGGGGCCTTATTCGACTATCCTGAACAAAAGATGTCATCTGTCAGCAGCTCCGCTTGCGGCGGCGACCGCCCAGACGAGGACATGATTGTGGTCGGTCAACAGTCATAATCCTGGTAACGTCCCGGGATCCCCATTTAATAGCAGACGAGGGTAGCTGGGCGATTGCTCAAGTACTAAGTAGTTCCCACCGATGAATATCTCTACGAAATTGCTCTTATGGAACTCCGCACGGACTGTCACAAGCGCGTGGCTGCTGTTCAGACGTCAGCACACTCCTTCTAAGACTGTCCTGGCTCTCCGTAGACACCGTTGCGTCCGGGGCTAAGCGTTGTGCTCGAGTGTACCAGCTGACAGGGATCGCATGGCACTAGACCGCTCGAGAAGTGCTATGTCTGGTC,626,52.72,Homo sapiens
SEQ_267383,AGGGCGCACGACTACTCCATCTTGTGGTCAGTTTTTCGGTGAAACCTCAGGATAGTCCGCAACACTGCTCAGGGGAATCCCTGTCCCAATCCCCCCCGGGACCGCCGTTGATCCAGCATAATATAGGTCAAGACTCGATGGACAGTTCTCTTTATTCGTGGAGGCCGTGTCGCATCAATGAAGAGGTAGGAGTTGTCGGACTCTGCGACTGCTATATCGTCATATTCGTGTAAGCCAGCGTGTTTTTGTCCGAGCCCTATTGTTCAATATGGTTACCCTATGGGATTATCCTATGGGCTCTTCGTGCGCCCATCCCGGGGAGTAACGGTTAAGGACACACCGCGGTAGAACCAATGAGTTGCTCGCGGATAATGTAATGTCCTCTCGTAATCCGACCTGTCGTCGGGTTGGCAAGCCTTCTTGACGCGCTGCGGAGAATGAACAAGTACTTCTATTCCATCATACAAACGGAGCCCCTACCGTCAGACACCGCATACCCTGGACGCACATTGAAAATGGTTAACTAATGGTAAGGACTAACGATCCATCTCACTATTGTAATTGTTTTTTAATAGTCCTTAGAGGGAGCCTGGTACTAGAGCCACGTAGTCGCGCGGTAGAGCGGCCGGACCTGGTCCGCAACTGCGGAACTGATGAGGTGTCAGGTTATCTGGGATCGTGCTATTTTATAGAGCTCTCGCCGCACCAGTGAAGATCGTACTTTACGTCAATATAAGTGGTCAGTTATAGAATTCAGTCGATGCGAACGACACATACGTACTCCCGTCGATGCTTGGCAATTCGGATCTCG,811,50.43,Homo sapiens
SEQ_645101,CTCGAAAGCCCGTCAAGGAGCGGGGCCAGTCTCAATTGAGAACGCAAAGCCGGAGGTTTAATTAGAGATAACTTCGACCGCAAGATCAGTCGGTCCGGGCCTAAAAGGTGCCCGACAACAATGAGCGCGTGAACGCACATCGTGAGGTTAAATGTCAGCAACGGTTGCTATCAGCACAGGATTAGGGGGAGTACCTCACCGACCATAGCGTGAAACCATCACTGTGCATGATGCTACGGAACCTCGAGGTGTTTTGATCTCTTGCAAATGCAACCTTATCTGCGCTCACGCCATAGATTTTTCTGCTCTTTTGTGAAATATCAATGCAACCCTGAGAAGAAATCGCGAGGTTGGCGGTCCCCATGACTACCGATCAGCCTGAGACTTACGTTGGATTTGGTTAGCAGGCACTGGGGTCGAAGTACTTTAGAGCCAATCTATGTCGCGGACGCTTGGCTTACGATGTCTCCCGTCCCTTGGGTAGTAGCAGGCAGGGACGCGACGTCGGCTTACGGATGCGCAGCTTAGTAAGTACAATTCTCACCTCCATTGGCGGGATAACTTTCTGACTACAGTACGATCCTGGTGTCCGTGAAGCATGCGCATACTGACCATGACCGATTATCAGGTATGACTTCATTCAGACGTGC,650,51.23,Escherichia coli
SEQ_415874,GTCGCTGTAGGACACACGATATAGTCCCCGTATCTCACTTCGTGTGGGTAGAAGAATCGTGGTGTAAACGTATGGAGCCGCTTCGACTGTCGTCGACCGAATTCTAATTTATCCCTGATATCTCCACAGATTAGACTAAGATATATGAGAAGACGCTTGGTCGATCTATAGTCACGGACGCCCTACGGCATCTGTACGCACCTCGGCCGTTTATCTCGAGGCACTATCAGGGGTAGTGCATGCGCCCTGGACGAAATTGTAGATAGTTGCTGCCATCTCATTGCAACTCCGAGCTGTTCCTTTTTTCGCGAATGGACTTTGCTAAACGACGATTCCGATTGAAGCCGTCATCGGACATATGCGTGGAGTCACAAGGGCAGAATAACTAGAGGACCGGCGCACCGAGAATTGATCCGTTATATTGAAGCCTGTCATTTTGACAGTCTGAACCGCAGTTTTCTTGCAGCGTTAGCGTCTGGTAGGTTCGAGGCGTCTCCAAATATATGAGGTCTAGGACTTCGAGAACTGTAGATAGCCCGTGGTACGGCGATTTGTGCATCGAAAGTTGAAGAGTTATTATAACGCCGGAGCTAGTAACTGAGTAACCGCCCGCAATTTGACGGTGCTGCCTGCATGTTTGCATACGGTCGCAGCCCATCGACCGCGCCCCAGTTGCGTTAGTGCAAACCGTGTTCACCCCCTCTTCTCTCTGTGTACGGAGCTCTGTATGTAATCTAGATCTGTCGATATCTCAGCGTACCATGAGGTAGGTTATTAACACAAACCACCCCCGCGCATACTTATGCATCATTGTCAATTGCCGATGAGGGGACGCTTTTTCTACGTCTTCCCTTCGCAACGTCTGCTGGGCCGGGTCAAGGAGGCTTAACCACCAGTTCGATGTCGTGATCGCGTGGCCCTTACCGGTGACGTTCGCGACCGCGCAGAAACTATGACGAAAGGTCGCGGCCAGCACTTAAAGACAAAAGCGCTTCGGTCCAATTTCCGATCCTCTTTCGACGGCGCATATTATTGGTACAGTAGTCGAAATACACCCCGTAATGATGCGCGTCTTATTGTCGAAAACCGATCAGCGGGTACAGGAGCATTGAGGCGTGAAGGCGCTTGGAAAGCGGCGGAGGCCGGCCGTCTTCATCTGGGTAAGTGAGAAGCAACCGGATAGCCACAGAGAATCGTATCCCGGGTTGGAGCCTTAGCTAACGCAAGTGCCTCCTAGTTCCGACCGACGCAGAACGTAGTGAATAACTATCCCAGCATATATATTAAATAAGCTGCGAATAGACGCTATTTGATAAAACCATATAATTTCGCAATAGTGTACACGTAGGACTCGACGGCAGGAATGAGAACTAACTCAGGGTATGTGTCGAATCCTTGTGGTGGGCTGGTGAGAGTTGCAGGTCGGAACACCCGTAGTGTAATGTTATCGTCAGCTGCGTGATACGTGTCAGTTACTTCGTTACATATATAATGGAGTTGTTATCGACGGGCGGTAGACGCTGTGCCAGAAGCATCCTCCCTCATGCCTCTTTCATAGCTGGGAGAATCGGCGTCGCGCCGTGGGAGGGAGTTCATCGGATCGTGGGTGGTCGCCACTCTGCTTGATTTCTCATAGCTTATAATCAATGCTAGCCGAGCTAATCACCTTATTTTAATGCATTCAAACCCCTTAACCTCGGTGAAACCCACTGAACTTGTACCCTTTCCCGCTTCGTCTGGTGAGTAGGCAAGCATAGGTACTCTGGGCTTCTCTAGAAGAGCTTTTGTGTTTTGTCTTGTATCCTTTGATGCTAGGTAAACCCGGCCTCAGAGG,1834,50.11,Mus musculus
SEQ_445300,CATGGACACCCTAGGTCCGTTTCGCAGCCCTCGGCCAGCTTATAGCGCTGCCTCAAACAACCGAGCGGCTGCTTAGTCATTGGTATCCCCCTAGAAGCTGCAGCCCCTGGCTAAACTACTAAGAATAGGGGTTGTGTGGTAGTCGGCTTGGTAGTTATGACTGCTGGCGTAGTGTTGAGATACTCCGCATTTTCTATGTGGTTCGCGCCCAATGCAAGAAGGGGAATGAGGAAGACCTTGCCGGTACACCTAATTCACACCTAAGGGCGTGCATCCCGGTCAGAGATCAGCGGTCCGGAGCGGACTATTATTGTGTACGCTTATTACACAGTGACGCATGGTACACCAGGAAACGTCCCTCTCACCCCCGTGGCACTCAGGTACATTCATTGTTACGAAGGCGATCCGGCGTCATCGATGGGTACTCCATAGGCTTGGACGCGGTCGTCGTTAGAGCTGGTTATCCAACCAGAAGTACGTTTGTTTATTGTCCGTCTTTATATATTATCTTCTAGCAGAGGCCGGCGCTTCAAATTAAGGACTGCTCCCATTTGAAGGACGACGCATCTAACAACGTGCATCACCTTCAATTGCATTGGTTTATTCCTCTCTCCACGTTTGGCGCTCGTATCAGGTCGTAATGCCAAAGGCATGCCCCTACCGGAACCGCAGAGTGGTTGGCACTCGTCCGTCGTGAGACGGCCTTCCGATCTAACGACAACTATTATTGCAGAGTAAACCTTAAGTTGCGAAGATAGGGAGAAACAGATGCCAGCCACATCCGTTGGAACGATCCCTGGTTAGTTTCCAGAGTATGTGAACAAGGATATTCCATACATCTATAAGAAGCAGCCCTATTGGCCAAGTCGCAGGTACCATCCTTAGGAAGCCGTCGATGATTAGCACACCTACTAACTTAGAGAACCACTGGGGCTGGGCTCTTCCAAGTAGTAGTAACACCGGTTTACAGTATGCTACAGGTATCGTTTGCGATGCTCTCCACGCCTGCGAACAATAGACACTGATCGGATTAGCTGCCTGCTAAAGCGACGTCTTCTTGCGATACTCCCGCATGAGCTATTAGTCCTTTTGCACGTGATGAAAGACGATACTGGCGATATGGGTCACTCCGAGACAAGACATGATCTCATCAGACGGTCACATTGAGGCGTTTGCTTTAAGCCTCGTCACTACCCTCTGTGACCTGTCGCGGGAGGGGGCCTGTACTCGCTCCGGATGGTTCGGTACTCTCTGCCAAGAAATAAGCGACACCCAAGTATCAATTTGCAACTCCGGCTCACGCTGTCCTGTGCTACCTTTTAGGGTCCTGGCTCGTGTCGTAAAAGATCCCATTCTCGCAGC,1362,51.1,Homo sapiens
SEQ_988931,GGCTCGGTTCGAATGGACACATTACAAAATGGTATAGAAATAGGCAACGGGCCTCAGGAGATTCCATAAGCTGCCACCAGTGTAAACATTCTCACGCGGCGGATTCGGCTTTTACTCACGAGTTAACGCCATCAAGCTTAGTGAGCTTTGCCTAGCAGATATTTGTGATCTTATCAACCTTATGAACCGCCACGACCTCTCTAAAATTCTCCCGTGGATAGTTCCTTTGTTGAAATTTCCTTCCTTATCGCTGAGTGCTATGAGCCTTTATATGGGACGGCTCTCGAAGTGCCGTAGATTCTGATGATCATCCCCGCCTTTTTCTTCTTAGAGCTCGCAGACCCCACGTTTAGCACAGGTACTAGGAGATCACATATTTCTCAGGAGTCCGACCCTGGGGAAAGAGCACACCAATCAAATAGGGGGCATCGGCATATAATTACAAATTGACCGCAAGCCGCCCGACATAGCACGGATGTTATCCGAATCCCGCATCGCCTGCAGTCATTGTGTAATCTCGACAGTCGACTTATGCAGTAATGGTCCACGTTCGAAGGATGTTGCTAGGCACTCATCCAGGAGCTGGAGGACACATGTCTTCCTCCGATGTCTCCTTTACAAGTTCGCGCTCGCCCGCTGCCAGATGAAAAAATCTGTTGCTCACGGAACGCGCCCGTCCATAAATGCAACCCCGTTTTCGTGTTATGAATACGCACTGTCGGTCATCCGCGCTAAGATTATGGAGCTGTGGCCTCGCACAATCTAGAAAAAACCGCAAGAGACGTGACCCAACCACCACCGTAGCCTACCACAGTTACTCAAGCTTTCTTGGTTAGTGGTAGATAACTAATTACGCACAATCCCTCAGGTCCTTTCACGGGCCCGGGGACCTTTTCCAATTCGTGCACGTACCGCACACCTCATGCTTGAGCGTGCTCGTTCGCCCAACCTCGAGGCGGCCCATGTTACGAGGTGCGCAACAGAGTCAGCCAGATAAAGGCTACAACGTCCTACAGGGAGAAGTCGTTATGGGTTCGTCACGACTAACCGCCCGGTTCACCCCAAGTATTTCCTACTGCTAGCCCCACCAACATTCGTACTAGTTTCAACAAGTAGGGCGTACTTGTCCGGTAGTCGGGAATCGGCTTACCAACTCTGGAATATGCTAGTCGTGACCGGGAGAGGCCAACCTGAGGGCGTTCGTCGACGGCAGGCGATCTACAAGCGTATTGCTACGAACATTATTCCCCCTTCACGTGGGTAATGGTGACTTGAAGACTGGGGGCGTTTCGCGACGGGAGGCAGCTCTCGTGCGAAACAATATACGCTGCTCCTGCTGTAGCCTGGTTGGGGCTGGAAGTAGCAAGCGGACAGAGAAATTCTTAAGTTTGGCCTAGGGCATGTTGGACTAACATAAGCACGTCTCTAACCCATTGCACTAGGAGAGTCCAAGACCCGGCACCTCTTGTGTAATAGGACGATCAATCGGGTAAGGATTAAGTTATTACTCGGCAAGCCCCGTATTAGTAACCGACTTAAAAGTACCCGTCCTGATACGGGATGCCAGACAGCGGTCATGAATAACTAGGGCTGGTAGCGCGTAGAAGCAGTTCAACGCGTAGTTGAAAGGCAATGCCTATCGACTTTGGC,1650,50.91,Saccharomyces cerevisiae
SEQ_604725,CAACGGCTCATAAGAACAACCTTGTGCGGTTCATTAGGCGTACACGACGCGACTACCCTGTTGTGGAGAAAATACCAGCAGACGTTTCTTGGCCGAGGTTCGTGGGGGTAAAACACGCCGTGGATGATCACTACATTTACTCCACATAAAGTCCACCCTTGCGAGGCCATGTTCCGATAGAGATGCAATCCCATATTGTTATGGTACAGGTAGCAGTCCAAACTTGCTACCGCGGTCTAGCCGCGTTTTGAATAGCGGGTGTTTCACCATGACGTTATTGTTGTGCCCCGTGCTGTATGGGCGTAATGGAGGCCTTTAGGAGAGTGATCCTTTTTCTCCGGCCCCCGTATCAGGCATTTTGTGCTACTACGTAGGGGGATTCGAGCGACTAAACGTGCGCGTACCCCAAATCTACTCCGTTTCACGTCGGTATACCTTGCTACGTCGACTTGTCTGTCGGACGGAGCGTTAGTATCCCCATCTCCAGAGTCGGTTTGTTAATAGGCCAGAGCGTGTCTAAGGTTGTTGAGGGTTTCCTATCTCCAAGTGCCTCAAAACACCTTTTAAGCGTGTTGCACGTGTCTACAGGCACGATACACCGGCCCCACGGGCTATCTTAGCCGCCGGATTATACCTGGAACGGAGTTGCGCCCAGTGGCCAACTATTATACGCAGTG,677,51.7,Mus musculus
SEQ_659438,TTTTGACAACTACCTCCCCTCCGAGACGCATATGCATCTACGCCGCTACCCTCATAGTGAGTAGTTCCTCTTCTTCGCATACGCAAGGCTCTAAACGTGAAACACGGACGCTAACGCAGCTGTGCCCCTATCTGGGACTCTATGCCAGTGACCATGCCGCTTGGTTTCGGCGATGTTGGCGAGAACTAGGGGCATAGACTCACTCTTGCTGGGGCCCTACGCGATCTATATAAACGCATGTACTAGCAGGCCGGATCGGCATGTCTAAGTAGTCCGGTTGCTGGCCATCCCTGATGCTATTGATCTAGAGGAGTGGCGGTTTGTTCCTAGCTACATAAAGACTTTTAATTTGTCTCGGGCCTGTCGAACAGTCCTCGAATGCTCTTGGTACCCCTATCGTACGCCCCTACCTCGCAGCAAGTAGTTGTTGGATCCCTGGGATATCCCTGGGCTAGCAACCGAGTAGGCCCGGTAGCAACATGTCCGGACTTGCGGGCAAATGCCCGGACGTCGGTACACTTTCTGTGACTGCAGACCTCTGCAGGCCCATGCGAAAGAAGTCCCCCTCATAGCAACTCCCAGGAACGTTGCGAAAGATGTTTGCAGACCAGGCAATTTCGTGGTAGATTCCAGTCGAAAATGGCGGAATCAATAGTATTGCGCATAGCCTGAGTTGGAAACTGTTAGGTAAATATGCTAACTTCGAAACCCACTCGCCTCCGACCCCAGGCCCCACCTCCAAGCCTTAATATACCCGGAGTCTTCGTGTCTCGTCAGGGGAATCGGTCAGTGCCGTTGCGAACCACCTGAAAAGATCCGCTTCGTGTCTGGAGTTCACGACCCTTAATACCTTGCGAATGTGGTTAGCGGAGGAGCGCCGAGTGCCGTTAAGGGGAGCGGGCCAGGATTAAAAAGCGAGGATGCCTAAGAGTGTCGTCATAAATGCACCTGATGTTAACAGCGTGTGCACAACCGTCAATCTCTG,985,52.99,Drosophila melanogaster
SEQ_467957,CGACTCGAACCTCATCGCGACACAGAACGCTTTTTAAGCTACGAGCTAGTAGTTACAGCGACAGTAAGAGCATAGCCTAAGGCAATTAAATGGTGAGCTGTTTGATGCTAGTCTAAGGTGAAGTGGTGCATGCTGCGTTGTTTTGTCTCCTCGTGTGAGTTCTTCTCTGATTACTACGTCTATGAACCGGATCGCTTACGTATAATATCGTATCACGCGTCCCACGATCCGCTAACGCGGTAAGCCGCAGCATCCACCGCACTAGAGATACCTTTCTCAGCGAGGTTTTTAGGCCAAGTGAAATGTGTTTCTCGTCCAGTACCCTAGTTACTCATGGTTCAAGTGGCGTACGGGTTTGGTTCCCGAACCGTTATTTGCCCACCTCTAGGGGCGTTGTGTGGTCCTGCTATGAGTCGCAGTA,421,49.17,Saccharomyces cerevisiae
SEQ_545342,ACCATTACAGCCCGTGTGTAGGATACAGGAACCAACGGCCGGAGAGTTTACGTGCGACTAACTAAGGTCTTGGGTGTCCGGCCATGACTCATACTGGCAATATCGTCGCGTGTTATGCCTACAGCACCCCGAAAAGTCCTTGGTTACATTAATAATCCCTTCTATCTGACACCACTGTGGCGCAAAGTAGGTCCATGATCGGCGCCAGAGCCGAGCCGTAGGCATGTTACGTTGTGCTACCAAAACCTAAATTTTATTAAACCACGAATTCGGTCTCCCCCCAGGGTGTGCTGAACCAGTGTGTCCGTTACACAGGCGATATCTATCAACGTGCATAAGCCATTTGCTCCAGACCAGTACTAGGGTAGAAGTTATAATCGCTACTGACTGCTATCATTATTCAGTCGAGATAAAACATGCTGGGTACCCTGTTCGATGTCCCAAGGATTGAAGGGTTTTTGCGTTTAAATCAAGGATAGCGGCTTGTACGACTACGGCCGCTAGACGCTACCAGGCAACTAGGCCAGGAGTTTCGAAACGATCACACCAAAACGATGCGCCGGTGAGCACGACTTGTTAATTGCTGACTCGGAGAGATCACAATCATGAACCACTACTCATTCCATGCCCCTTTATCGAGTGACACTTGAATAGAAGCCTTAATGTCCCGCAGCTCGCGCACACGAGTTCACCTAAGCATACCGTACAGAATTTGCCGGGGCATTTACCAGTCTATCCATAAAGCAAACATGATATCAGCCTGAGAACAATCTGGACCTGGATTACTAGTCTCTGAAATACGACCCTAAAGTGGCCCGCCTCCATCGTTGTCAGTATATATCAATTCTCACCGTTGGATAAGGGTTGTCACGTCATCTTAACACAGAGCGTCTGAGCGAAAGCCATCCCAAACGTGCAAGGTTCAGAGACAGCAGCGTTAACTGACCGGGGAATTCAAAGCAGTCCTATTACGTTCGTACTGTAGGGATATGGATTGCGACTTTGATCTATTACGCTTACAATTAGCCGCTGGACTATTACACTGTCTCGTCCTCTCCAGGAGAACAGCCGGGTCAGCCATTTAGTGCGCGCCGTATATAACCCGAGTTACGTAACAATAAGGGACGTATCCTGCTTTCTCCCCGCAATGTTGGCTTTTGCAGTTGGTCATTCTGCAAAAAAAGACCAATATATTCGGTGTTAACTTA,1208,47.76,Saccharomyces cerevisiae
SEQ_881163,TAGGGTGACATTATAACAGTCCAGGGTGGCTCAAGTGACTCCAATGCTTTTTCGTACCTGGACATGATGCACCTGTCTTCCAGCCGCTTTCTGCATCCTAGAAAAGTCCGGATTATGGGCGTGCGGTCCTGGCACGAGGCCTATGGCTGGGACATGTGACTGAACTCATGTACCTCCGATTGTGGATTGCTTAATGGTTCAGTGCAGCCACGGTGCATGTGCCTCGTGTCACCAGTGTCAGAGTGAACTAGCCCACCATCGGATAGCCAAGTAGTATCAGGGTAATAAGCGCGTCGTATGCGCCACCATAAAACAGTAACGACCTTTTCGTAAGTTCGTGCCTAGTGCCGCGCCAGTCCAATAATTTTCCAGTCCGCTGCCCCCAGTCTCTCTCTACTAGGCGGCTGGGGACGTCTCGTATGGGAAGCTTCCCCCCCTCATTACGTCTACGAGGCTGGCACGCACGTTTCTAACTTACAGCAATGGAGAAGTTCATACGTGCATGGCGGATCGTAAACACGTCCCAGTAAGTTGACACTCCTACTCTAGACGCAGTCTTCGACCAAAGATGAGGGAGACAAGTGCCCCTAAGTTTGATGGTAAACGTGACAACGCTACGCGTTCGGGTAGAGGTGTGTTTGTCTGAGCTGTTACGGTGCGCGAGTCAAGCCTTAACTTCTCGTTCTCCGGACCGTTGCTTGGAGTACAGTTCCCTCGAGGTTGACGATGTACAATAGGATATCCCCTACAATAGTTTCTAGTAGCTTGTGGCTAATGGCCGGTTGGCCTCTCCGATACCTACCCTTCATGACCGGGGGCATCTCTGTAAACTTTGCCTCTTTCAAGACTACCAAGTGGTCCCCCCAGTACCGGTATACACCTTTATAGGCACATATCCTGGCGATCCGTCTCCATTTCTGTGCCCCACGGAGCCTTACC,939,52.18,Escherichia coli
SEQ_335007,GTACCAGAAGGGAAAAATTTGAAAGTTGTTCACTTCTTAATCCCACCACTTGATATGCCTTTAAGCACTGAGCCCACCGGAATGACAGCCGTTTTATACCGCGTTCCTCGCTACGCGGAATTACACTTCCGGCG,134,47.76,Drosophila melanogaster
SEQ_142768,CTGACTGGTCTGCTGATATGGACGCGAGCATTTGAAGACACGTCTATAGACCAAAGTGTTGGAGCGCTCGGATCACCGGGCTTGAGACCCTTCACGGGCGCCAATGGACTCTACGCTGGCTGACGGTTGCCCCTTGACCCTTCTAGTTGGTGTTAGAGTGGGCAAGATTAAAGCGAACAGTGACCACGTGCGTCCCGACACATATACCCATTAGCTGATTAGCGCATCAATTAAACGAAATTAGGCCTCACACCGTCTAGAATCGTTAACCTATACCGACTGTATTCTTCGTTTTCACGTGGACGCCCTAGTAATCGACGCCCGTATCGACCAGTCAATTGCCCCTTAGTCCCGCGCGTTTGCACTGGGTAAGAGTATTTCCATCCCACTTTGGTGACTCCTGCCAACCGTCAATCTCAATACAATAATCCAACAATCACACATTTTCTCTGTGACATTCGCAGTCAGCCGTCAATACCGTGGCAGTGTAACTAGATCAATTTCTCGGGATCACGACTACGGACGTGGAGACTGGTAGC,539,50.28,Drosophila melanogaster
SEQ_607823,GTCAACGGATCGAACGACAGTTGTGCGACGATGTTTCAAGGGTCACTGAGAGGAATCTGGGAGGTCATACCGAATTTTGAAACATAAGCGGAAGCAATGTTTTCAAGCGGGACAACAAG,119,47.06,Homo sapiens
SEQ_613884,CACTGTTCGCTTATTCGAAGGGTAATAAACCATTGAGCAGCATGGCCTTTGAGAAAATGATTGAGAACCTGACCGACCGCGATCAACTATATATGTGAGCCGGTCAGCGCGCAGGGAGATTCTACTTGAATTCACTTGATCGCAAGCTGGACTAGAGTCAAGTCCACGAGGGCCACGTCAGAGTACGTGCTAGTAAATGCCCTTGTTAGGGAGTAAGTGAAAGGCTACAACTCGCCCTTTCTTGTGGCATCTCGCGACTCATCTGCAGTACTCTTTGACAACACGAATCTTTCCATCGGCAAGACCTTCGATGCAAAATTGGGGCGCTCAGCGCTTTCTTAGTAGAACCAGAAGTAGCGTTATTGTTCTTGACAAAAGCACTTATTCACCTTTCTCTGGAGCGAGAGTTCCTTGTCCTATCACTGTTTCTTGCCCCATTGAATGACCACGTGCTGCCGGCGTGATTAGTAA,471,47.77,Homo sapiens
SEQ_407480,ATTGGGCGTTGAAAATCCGTTGCCAATTGCTCCCTATTACATGTATTTTCGTACCGTACGACAAACTCTGGCTGGCCCTGACAGTGCCGGATCTGGCTCGAGGGGGATTCACCCGCTTGAGTTTTATTAAGTTTGCTTTGAGTTTAAGTACCCGGACAACAAACTGGTTCGGTTGGCTCTGTAATCAGAAGGCGACTTGCGGTACCATCAGGATGCATACCGGTTTAGGGGACAGTCGAATACGAATTCGAGGACTACGCCTCGTCCTCGCCAACAGGTTCAGTAGCTCAAGGGCTGACCGGATTCCGAGTTGTGCTAGACGGGGACGGGTAAACTGGAGTATCCGCCAGGTCTTCATTTCCATGCTGACGGCGAGCTATTACAACTAAATTCGGGGAACAGGGCTACGAGGGAAGCCCGCACCTCATGGTGCACAAAAGGGCTGATTAGAAAAGGGAATGCCAGAGTTGCTCGCCTAGTGCATTTGTGTAGCACCGCGTACGCCGTATTCTCGCACCGATTTATAGTGCAAAAAAAGCCTGCTCGCGTAGTACAATAATTCTTGGCTTAAGCTCCCGGCTTAGGTCTGTATATCCGTGGGGCGAAGATGTTTAATATGTGAGTAATTTATTCCATACACATTCCAGGAGTGACTGCATCTCAGCTACGTACCCACGACCGTCCGTGATGGAGACAGGTTGTGCGTTCGGACCTAACACACAATTATACC,730,50.14,Drosophila melanogaster
SEQ_657837,GTAAACCGCCTCGGCATACCCCGATGGCACGGGTCCCTCATACTAAAGCTTAGCGTATGACAGCTGGCGGACACGTACAAATGCACTAGTCGCTGGTCAACAAAACGGACACCCTACACGTACCCGCTATGTTCGGTCCATCATAAAAGTACTTGATGGAGAGACGACGTGGACGTGACAATCACTTGCTGTGTGCCACTCTAAAGAATAACACCTAACTACCGTAGACTTCCCGCCAAATTGAGTCATATAGGTCCAAGATACCCCGAATACGCGACGGTGCTAATCTCGAGGTATGAATAGAGTCATTCTATGAGCCGAAAAATACCGGTCATGAAAGAATGGATGACACATCAGTTGCGTTCTCCTGATCTCAGGAGGAACCGCTTGGCAACTCCTTAAGATAGCTGGATTCATCCTCAGAGGCTGACGGCATAGGGGCCCGTACTAGCTATTCTGTGAAGTAGCTTGAGGTTACGGAGCGTGGTAGAGACCGTGACTCTAAACATACGAGGGTCAGACGTCAACCTTTAACCAGTACTCCAGGCTCCCGAAGACGACATCTGATAAGTAG,574,49.48,Arabidopsis thaliana
SEQ_636674,GTAATGACGCCCGCAAGCATTTACTACGATTAACAGTGCCTCCGGGTCAAAGGCGTGGCTAGGGTATCAAGGGAATCGCCCTGAAGCCCATTTACTTTATCATGGTTAATAATCACCGGC,120,49.17,Arabidopsis thaliana
SEQ_257123,TCGTCATTTCCTGCCTCCCCTGGTCAAATATTCAGCTAGACCATACAGTGATGCGGATGGGTGTACATAATGGGGATATCTGTAGTACGTAAGGTTAGCCGCGGCAAATGCGAGAATACCTGACAGACCGAGATGCTAATCATACCTCTGTCAAACGACCCCGTAGGCAATATTATTTCCAACTTCGCACTGTTATAAGTGGAGAGGGCCAAGGACATTGTAGGGCGTCAACTCTGAGTCACCGGGTTGATTGGTCGCCACAGAGTTAAATGACGAGTGGGCGGCCGCGTCTACCAGGGGGATACTCGAATCCCTCCAAGTAGCGTTTCATAGCTAGTCCACCCAACACCGGTGTTTAAGACGACGTACTTTGATTCCAAGGACATGTGTAGGTTGCTATGGTGTCACGTCACGTCTGGTTCCTTACAGTACGCGTACTTATACATCTGTGCGATTTCCTCGACTCGGCCGCTGATGAGCTGTGCTCTAGCGGGAATCTCGTTCGGCGAAATAGGCCAGGTCCCGTATCTACGGCCAGCGAGCGCGTTCCGGATACAGGGTCACCAGGAGCTAC,574,51.92,Arabidopsis thaliana
SEQ_872031,GGTCTTTGTTAATGCACCTGTTCTCATGCCGTTGATAGCTCACTGGAAAGATATCGGATTACTTTCATAGTATGACAGTAAGACATCTCAGAAGGATTCTGGAGACTCTTTATCATGGGTCATCAACGCCAAATCATCACACTTAAACGAAAGTTGCCACCGAGGAACTTCGTTCCTTTTCCCGAGCTCTACCAAAGTATAACGTTGGAACCTGAAGTCGTCTAGAGCTCGCCCAAGGGTCCGCCTATTTCATCGATAGCCACTAACCCCGTAGGGAGCGCGACACAAGTCCTTTCTGTACAGCCACCGAAGATATCAGACTTCGCGACATACACTTTGCGTCGCCCAGGCTTGTACGTCATGCTACAACGTCGCAGCCGTGCGGTAGCGCATAGATTTCCAGCGAGTCCTCCATGAGTCCTCATAGTTGAGTGTGCGCCGGGTCCCGGATCAACAGGAGTGTGTTCCCACTCCATAAAATTGTCACCTATGAAGGCGAACCGCAGAGTACGCGGACGTAGTCAGGGATAGAATCCACTCTTGGACATCGTCGCTCGCTTTTGTCAAGCGGAACCACCACTGCCCCTTCCGGCAAGCGTACAATTGTCGCGATGAAGAGTATCATGCCGCTCCGAGCTATCAGCCGCCTTACCGCCTTCGACTATTAGAACTACCATGGGTCCGGTCATTTTATGTACCTAGTGACACTTTGAGACTTAACATGCGCTTTCCGTATCTAATGGAGGGTTGATCTGCGTGGAAGGGTCCACGATCGTCCTACAACCTTTTTTAAGCGTGAGCTTTCTCAGAGATCCAGTAAGCAGAGACTCATGTGTGAGACGGATGTTACAGGTGTTGGTTACTTAATCACTCGCACGATCTGACTAAGAAAACAGGAGGGGGTCACACCGGAAATAACATCGTGCGACCCAGTTATACCGGGAACGATAAGTTTGAGGTCTGGCTGCTGTCCTATCGCTAATCGTGGTGCCACGAGGGCCGATTCTGGAGTACCTCCCCTCATGTCAACCTTTGGTGGTATACCCCTGTCTCCTGTAGTCGGACCCAGGCGATATACTCTGGGGATAGTGACCGTCGTCCATAAAGACAGTGACCTATGACTCGATTCTCTATTGTTGTAAGAAGCCCCTCGGTACGGGATTCCCAGCCCAGCTCGCCATTAGACCCCGCCGCCATGGAAACTTTATATCTAAGACCCGACGCTACCCTTTGGCGTCTTTAATCGCTCAGAATTATGCAGCGTCTGCTAGTGTGCTTACCACCCGCAGTGCTGGAGTTCATGCCAACATTAGGGCCTCATAACTCAGCGCGGTTATGGCGCGGCCGTGAGGACTCCCCGGCAAGTTTTTGCGCAAGGGTACCTGCTGCGCGTTTCTGTATAGCCTCCCCCCCAGACATCCTCTCGAGAACGCGGGACTCTAGAGATCGACGACAAGAGTGAAGCCCCATTGATATCTGAGAGCAGAGCTAATACGGACCATTACGAGCGAGGTTTGCCCACTAGCTTGCAGAACACCCTCAAAGGTCGCCGTCCGTCAATTAGTGTTGGCTCTCGGTTCCCAAATTCTAACTTGTACAATATCACAGGAGGGTATTGAGAATTGGGTGCGCTCACACGGTGTTTGCGTGGATATGGTGTTACACCCAGACCAATCAAACGACACGCTACCGCAGCAGAGGAGAGTTCTCTGAGTTACGAATCGTACAGCTGATTAGTTACCGAAACCGTCGGGTGTGTATGCTGACGAAAGGATAGTACCCAGTGTTAGAAATAGAATACCATGACACCCGTCACCAATGGATTAAACTTGAGTTTCATTCACCCTTTCTCCACTTCGGGTTATATCCTTCCGGCTCAAGACAGTCCGCCCCCGGGGTGTGCT,1904,51.05,Saccharomyces cerevisiae
SEQ_142578,CTAGTATTAATCGGTTTATACGTCCTCACCTGATTATGTGGGCTGTCTAGCGAGCTTAGGACTAGGATGTCATAACTAAGCTATCCATGCTGGGAAAGTAGGCAGTCTGATGTTCAGCAGAGCACAAAAACAAGGAAGTGCTTCGATGACGCCTGATGAAACATCGGTTCATCCGCCTTGGGGCTCAGGTCTCACACTAGACACTCTTACGATATTAGAGGCTAAGTAGAATAAAAACGGCTAGTAGAAGAACAGTTATCCTTCAGATAAAGTTCTTCATAGACAGATCCTATCTCCGATGGTGACCGGTTTAGGCGGTCGGCTGTTTACTTTGTGGATGTCACCGCTACTCCAGTTAAATCCGACGATTAGGGGGACCGACAATGGTTAGTTTTGGACAATGATATATCGTTGGTCTCTCGTTTCGCGATCATGTGGTTTACTGCTCATCCAACACAGTGTGCTGGTCAAGCGAGGAACACCCACAGACATAGCGTCCCTTCGGCCTCACCGCGTACGACCCACCACCGTCTACCGCCCTCGTAAGTATTTAGACTCTCAGACTGATGATTATGCACGGTAAGTGCCCGCAATAGCGTTCGCTAGTATTGGCGAAGGACACCGCGCTACGGCATACACACGCATCTACCGTGTTCCAAGTACATCATCAAAGCTACAAATGTTCTTCTAAGACCCAAACCTGTGACTCCTGGTCAGAACATATTAATAATGGTAGGCCTCTCTTAGGGTATTGACAGTACTGAGCAGATGAAGCTAGCTGCCATTGGCTGGGTTTTTGGTTATCGCTTAAGTCGACTAGGCTTATTTATCCTTATGTATTGCCATTTGAGTACTGAATATTCGATATCCCATTAGATGATTGTATTGCAGACAGGGTTACAACCGAATGTAGCTCACAGTTCAGCTCTGTAGATTTCACAACTTGGGCACGGCTACAGTAGATAGCGGGTGCCGTTGTCTGATCCAGCCACAAGTGCGAGTAATTGAGGGACCAGGTGAGTAAGTTAAGTCTGGACATTTGATAAGTTCTGATCTGATCTAACCAGGCCGGAGTAAGGTATTGCCTTTTAGTACACTCAACTGCGACTGCCAGTGTAGGGCTGCCAAAGGTAGTCTACAATGACTAGATTGCTTCTTATGCTAGATACCTCTTCCCGGGGCGGAATCTCTTGCGCAGGCCCATATCAAACCCGAGCGATTGCATACC,1228,46.91,Drosophila melanogaster
SEQ_332902,GGCCGCTCGCTGACCGTCTACTCTGGCGATCCGCACATGGAGGCGTTTTGTTACCCTCGTGGTTAAAGTGTCTACGTGGACTCCCGCACCTGTAGCTAACTAGATATGAGCCCGAACGCCACCTCATTTCACCTTTAGCCATGTGTCCTTTATACGAGTAGGTTTCAGTATACAATGGCTCTTGGAGAGAGGTCGTTATCGGTGTTGGGACGACGTCAGTATAGGGCAATTAGTATCACAGTTCTCATTTAGCTCATAACTAAAGCTTAGGTGTGTCTTTTGGCATGTATTGTGCGGAAGGTGGGACCATGACGGCATGGTGCAAGACTCGCCCGAGTTACAAACCGCCGTCCGTGAATTGAGAGTCTCTGTTGTACATACTTTGTAATTAAGGTGCCAGCAAGACCGAAAAGAATAGGCTGTACATGCATCCCAGAGCTCAAGTGGTGTCTGTACACCTCGAGCTTTGGTCGGCCCGAAATGTTCGCGTTACCTTTGCTCAACATTTCTTATCGCTTTACGCTCTTAAGTAAATTTTCTTCCGTTGTCTGGAAAATGCCCACCCTGCTAAAACCTCCCTCTACCCAAGGTTGAATATAAGAACTCAAGGCTGATGCATATTAGTAGTACAGGGCTTAAAGGTCTGCCTGAAATGTAGAAGGGCGTAAGGCCAATATTATCATGAAAACTAAAACACTCGGGAGGCCTATATTTTCCCACATTAATATTCCGTTGCGCTGCCTTGCTAGTAGGAGCATACAAGCTATCCATCGTACTCTACCCTGCCCGACCCTACGAAACGCCGTTTTGTAAAATCACTGCGGAAGCATTGAAATCTAGGAAAGGGAGAAATCAGGAGCGCGTGCACCAGCAGTGTGAGTTAACAAAGTAAATGTGGAACGAATAACCACTAGCGATCCTCAGGTGCCCCTAGTCCGCCCCAGGTAGGAACTGTCCCCACACAGGGTGCAACTTGCGCCTTGGGAGTGCACGTTACCTTATGAATTCGAAACCAACGCCTACAAGGATTCGCTCAGCACAAGTAACTCGCAGTTGAATCACCCCACCTGAATCATGACGTTTCGCGCGACCCTTGAGCCCGATTGTGGTAGCCCAGAAGGGAAAGTTCGGACTTCCTTAACTTTAAATCTTCTTCTGTAACATAAGAGCGAGTAACCTGAGCCTGCTCCGAGGCGACAAAATTCTTCTGTACAGGTAGGCCCAGTCTATATAGGGCATACGCTGGTGACCCCCCCCACGGTCTAGTGATTACTGGCAGAACCGCAAGTGGCGACTCCGTTCAACCCATTGCGGACTCTCCCTGGGTAATCGAGATGGCTTCTAGCGCGGGGGGGGTCCCTCCCTTTTGTTGTACTAAATATAGGCATAGACTGAGCATTTTACCCACATCCAGGGCCAGACTTGCTTTTTGTTAGCTGCGGCCCGCATAGGCCTTATGCCTGCGAGCTTACGACAAGCACCAGCTTGCTCCTGATGATACGTGGAGCTCGAACAGCAGCGAGAAGACGCCGAGTGTACGCTCGAATAAAGCACGGGCATTAAGACAATACGGCGTTCTTATCCAAATAACAATGCCGTGTGCAGTGCCGGATCACGATCGATAGGTTATTTTGGGTGGACGAAGATTGAATGATATACTCGGGAACTCTCCATGTGGAAACTTGAACAGTTGGATTGTGCTAAGTTCCATGCACATCTTTGTATGCGGATAACAGTTAAACCTACAAACAGTACGGCAAAGGTGAGGAGGGGAGTGATTGCGACCACCTCAGGTATGACCATTCGATCTCCAACAGTCTAGGTCACCATTAGAGCGTCGTCAATGGGAGCAAAATTACTGCGTAATTTAGCAACCTTAGGGGTCTGATATCGCTAGTTCCGTGCGTAAGA,1911,48.93,Arabidopsis thaliana
SEQ_280406,CGGACAGGCAGCCACACACATCGTTATCGATTCTAACCTCGCGTCCGATGTGCCAACTGTCACCGGCTTGACTAAATTCGTACCCCCGCGATCTACACGCAGACATAAGTGCCAAGTTTAGCCGGTAAGGTACCTTACCTTGCCACAAAAGTGTAGCTATGCGGACATACGGGCCTTGTTAGTGCATAGCCCCATTTTACTGGGTGAAGCCCATGAAAGCTACTGTTTCGCGCCCAAAGTAACAAGCTTAATGACCGGGGTGTGACTGAAGGGAGCCAAAGCATATAAGAAGATTTCGGTTTTTCTCGCTAACAACTGAGGGCCACTGAAATTTTCCTAAAGGTTGCTGTACTCGCGTACTGTAATTGGCTTCATACGGTGCCCAAACGCCCGTAAACCAGACGTAGCAGTACTTCAAGGCGATGCAGAAAACCAGCAGGGCATGTAAGGTCTTAAACGAAAGTAAAGATTACGGGTCGAGGCGTATTAGTTCACCACTGGCGATAGGATTGTAAGGATTATGCCTTAACGCGCTTGAGTAATTTGCAAACGGCGAACGTGCCCAGGCGCTCCCGTCTAAGGCGAATAGGTTAGGCACTGTCTTCTGTGTGTGCTGGCTGAAACTCCGCCAGGTCAATACTACGCCACTGTTCCCAGCATCTCTAGAACTCGGCCAGGGTCTAACCTACGTAGCATTGGCTGCCAAGTCCGGTTAGGTACGGGCTGTCCCGGATATACCATCACCGCCTTCGTTCCATGATTGTAACTCTAATCGCTAGCCGAAGATAGGGAATCTGCCTAAGCTCGCGAATCGGACAAGTTGAATTGTAAACCCTGACGGGATTAGTTTATGCCCATCCACTATTGTTGGCTTATCGTCGTGAGGAAACGATTTAAGTAGAATATCTCGCGGGCGAACGTCCTAAATAAGCTCACATCCCTTAGCGGCACAGCGCCTTGGTTCTGGGGAGAGATTGTCAAGCTTGTCTCTTCAAAACAGCATATGAGTAGACGAGCAAAGATATCTGGACCTGATCTGTAGCGCTGCATCCAA,1054,49.53,Caenorhabditis elegans
SEQ_668177,AAATCACGTTTGATCTGCTATAAACTACGACAGTATGGGATACAGGATGGGCCGCCAGTCCGACGGGCATCTGGGATACGTGTACGCTCCTTGGGCTCGTTAAAAGGGTCTGGCATTAAAATACCATATACCGCGGTTTTATGCGCGCAACAGTTGGTCTTTATCGTTGGGCATTCAGAAGTAGCGCTCAATCAGGGTGGGTGGAGCAGAATCCGTGGAACCACGTACCCAGGATCGCTCGGTCAACGGACTAAAGCCATCCTATTTCCGTTGGACGTATCGGTAGGTGATATCCGCCTTGGAGTGTAAATGGCGGCTCCTAAACAATAGGACGAACCAGGATGTACCCCACAAATTGTTTGTCTCTCGCCCCAGTGCTTGCCACGACGCGAGGCCTGACACATAGTCAACCCCCAGTTCACAACCCGTTATTTGATACGGCACTATGGGAATGCCAGAACGCTCCTCATCGTATTACCCCAAGTGTCCCGTGTTAGGATCTCAACCAGGGGCTGATAGGCAACTTTGAGCGCTGACCGCAGCCCATGTGTAGTTACTCCCCGCTGAAGTTGACTCGCTGCCGTGCGGTGCGCATGTCTAGGAGCCTCGGAGCCCTGGCCCTTAGGCTGGAAATCTTCCCGCGTCAGAACTCCATTCAATGTTCCGTACTGGTGGAAGGAATTGTTAGCCGGAATATCGTTGCTTCCCCATAGTGGCAAGCCAGAACGAAGAAAGTCTCAGACAAACCTGCAACGGTTCCCAGCCGCATAGCTGTGGTGGAATGCCGGAAGAGGTGAGTTGCATGCGCGTTCCGGACACGAGACTCCGTTTTATTTGGGTTCTCAGTCGCATCAAGGTGCTCAAACGAACTCTGGGCTTGTGACGTACACAGTTCAAAGCTCACTGAGCCGGGCTCAGAAGGGAGGTAAAATGTTAAGAATGCGAAGCTCGTTCGCTTTAACACAGCACTCCAGTGTTACTTTATAGGAACAGAAAGAGGAGATCAACCGCGGATAGCAAACGCTACGCGTCGATATCTATTCATCTTTTTCCCAGCGATGCTTCAAACATGCCGGGCTTGAGCTCGATGTTGCTTCGTTGCATTCAGTCATCGCATTATATCTAAAACTTGGATAGAATGATTGTCAATT,1151,51.0,Mus musculus
SEQ_840575,CAGCACATACGGGAACACATCGAAGATCGAGATAGTCGGAATGATCCTTCTCACGCTGGAAAGCGATTCCTGCACAATCGTTCGGAACCGTGATGGAGTAGGATAACACGGGACTGCTTCTGACTGGCTGTTATCCATTGCACGATGTGTTCTCGGAACTACGTACGTAACGCCTTGGTAACCAATTGCCCAGGATTGAAGTTAGAAAATCGCTCACTCCACTTCCCAGAGGGTTGGAGTCCCCGTAGGACGATGCCGAGGACGTACCATTCACACAACGGGACTGTAGTGCGGGTGGTCACGTACTTCGACACCGTTGTAGCACGAACCTCTAAAAGTCGTCCGATTTCGTTATCGTCACTCTCAAACTTGTTCGAACAGCAACGCGTCCTGGTGTATGCGACCGTATATAGTGGGCACCGAATCTGTCGCTCCTAGCTTTGATGCTACCCCGGAGCTCTCCACCCGAACTATGTATCTTCGCCGAGTTCTGTAATCGCCGTCAGTATCATACCTTCTAGGAGTCATCGAACAAGCCTAAATGCGTCGCCCGCTTGTTAGTCAACTTGGTTCCCTTCCCGCGAAGTTGTCCAGAGGTGGCCTCATTTAGTATGGTTCACTGAGCTCAACCAAATCCTAGTCGCTGAGCCCTACGAGTTCCTATG,665,51.28,Homo sapiens
SEQ_753541,GACCTCCCCATCGCACATGCCTAATGTTTGCTAAGGGTTCCGTCCTATAGAGATGATTAAACGAGCTTCCTTAACAAGCTTATTATAGTCCCATATGTTCGCATGCGTATCCAGGTTCACTATATGTTTACTTCTCATGCTTCCTCGGTGTTTCTGACGCGTGTATATTTGCCCTCCCCAATAAGGAAAGATGTACAGTCTTGATCTACTGATTAGCTCGGTAACTTTTGTTATCAAATGTCCAGGGACAGACAGGAGAATTATAGTGAAGTTTAAATGTCTTATAGTATTACGGGGACGAAACATTCGGTCGAGCTGTGTGCTTCGTTTCTGTATTGGATGCGGTAATATTTACACTTTTCTCACAAGCGCCTACTTAAGGGGGTAGGAATCTCTTAGAGACATTGCTACTTTAATGCCGGGTGTCTTCGGGGGCCCATGACATAAGAACAGAGATCGCGGTACTGGTTTACCAGATTACCGCACTACGTATGAATTCCGAATAACAGTGACGCACCTGTTGAGACCAGTTCTTCGCCAGCTACCTACACTTACGGTGATACACCCGTGTAAGATTAGAACCGGCCACTTGATTCTCACTGACTTAACATTCAGCCTCTGGCGCGACTCGCGGATGGGCTCGAGCCAAGTCGACAAGAATTATGGGCCTTGGATGGGTAAACGTCGACGTTAGTAGGCGCTGACAAACCGCACTAAGCACTCTTACTGTTTATTCCACATATTGCCAACCTGTCGTACGTGAACGTCTTGAGCCCGGGCGCGCGGGTCTATTAGCTGATGAACCCCACCCAGCGTGAGGACGAGATTTAGAATATTCCTGAACCTATTGACATGATGGCGCCTGGAAACGTTAGACGATATCCTTTAAGACGTACAAGCCACGGGTCTAATCCACTGCAAACGGCTAACATCTGAGATCTATGGAAATAAGTGCAGTGGTAGGGGCTTATAATCTCACGGTCATCACAACGATAATGTTTTCCAGTCAGTCGCAAATTTGATGAGGCCGTAGCCTGGCCGGAGAGCTTAGTTCCCTAACGGGTATTAACCGCATCCTAGCAGAGTGTGTCGTCCGTAAGGCAGGCCCGGTTGGCCATAGAACCTCAAGGAGCCGCACACTTCTCGGTTGGAGTCCCCTTAACCCATTCATAGACCGATGCTTCCTACAGTCAAACAACTTACCCCTAGATGAACGGTGTACTGTGCCCCTTCGACAACGTTGGGGTTTACTTACCGCGAAGTCTATCGTCCGTCGTATCGAGGACGGCTTACACGTCTCTACTGATACACGGCTAACAAGGCTGCGCCAGCACGATATGGTCGGTACGATGCAGGTCGTCGGTTGTAGCCCGACAACGTGTAGGTAGAATGATGTTGCCCTAATGGCGTCGGCAACAACTTTTAAGCTCCTCCATGTGTCGGCCAGAGGTGTGCTAATATTAGACGAGTCAAATGGGCCCATGAATGTATGTGGTACGAGTTATTAAGTCTCACTGCCTCCGAAACCTCAACGACCGAAGGAAGGCTATGACACGAGCAAGAATCTCTATAGCGTTTATGCTTACATTTGCCATAGCGTGTAGTGTGTGGTTCTGCATCTAATAATATAACCTCCTTCCAGGGGACCCATATTTTGGGGTCTGCACCTCCTCGGACAAATTTATAATTTTTGAATCAGCCGTCCGTCGCGAGAGAGCCGTTCTCACGGTGGGTTGCCCGGCGAGCGTACGCCCGTCGGGGCAGAGTAGCGCCACCCAGACGATAGTCACGGTGAATAAGATCGGACCGAGTGAGCGTCAGTGACCCGAAACGGGTCTTCGCAATGATGCCCGCTTCCGGTCGGTCTATTGTTTTGTAGGCAAACGCGACGAGCTAATTCCCAGGGTGGACTCATCCCGTTCTAATAAGTGATTTAGGTCAT,1942,49.07,Arabidopsis thaliana
SEQ_402784,GCGTGACTCGACACGTACACAACGAGTACATAGGTATCGCTAATCAACCGACCCGTTGTAACGGCCGCAAGGGGAATCGAACGGTGCGCAGGCGGTTCTTCGGAGACGCGGCCATTAGAACTATAAATGAGTGTAGCATTCGTGTGGCGTTACTTAGTAAAATTCTGCACGAGCGGACAAGCCAGAGTAGTACATCATTGGGGCGGCCACACCGGTCGCTAAAAGGAGTACGCGCTAGCGACGACAGGGCCCTACATTGAGACTTCTTTCGGTGCTCACGGCCACGGTCCCAGACGCCTTCTTCGGGATAGGGTGAATGACGAATAAGATTCTCACCTCACGCACGGCGCCACTCACAGGACTGATGGTGACGACCACCTTGATAGAATCCCGACACAGATGGGCTACCTGCCGCCGGGTCCGGGACTGCGTAGAACGACTGCTAGTCAAGTACTTGGCGCAATCTCTAAAAAAGTATCCTGCGGAAGATCCAACTCACAGCGTTTAAAATAATTTACATGTCACGTTAATAAGCAAAGAATGGGGGTGGTTTCCGGCATGTTGTAACGATTAACCAATCATGCTAACCACAATGGAAAATGATCTAATTCATAGCCCGCCTTCTTTAGAGGATTTGCTTGGGCGATTGAACGTCCACGTTGGACCTAACGTTACTAGATCCTCCCCCATGAAGATGTAAAAGCCGAGATACAAACCTGTGCGGCTGTCCATTAAGATAAAGCTCACCATAGGGACAGATCCCTTTTTCACGTCG,775,50.45,Drosophila melanogaster
SEQ_224262,TTCTTTCTACGCGAGAAATTGCATTGTGAGGGGCGGGACAGACACACCCTGACAACTCTAAACCAGGAAATCTCGCAACCCACCCCGTACATGCGGGATCCTTGATCGGCTGCTACAAACTGGGGGTCTATGTGAGTGATCTCATGCTCTAGCCCAACCAGGGTTATTTGGGATTTCATTCAGTGAGTTTAACATCGTGTTGTCCGAGTTGTCGACCCAGCTACTCGGCATTCTTGAACACTGGAACGTGTCGGGGTGCACGCCCTCGTATACAGGTGCTGAACCGAGTGGACCAAAAGTAGAGGGGGTCCCATATTAGCTACGTATTAGAGACAGGTGGGTGAATTACAACAGGAGGGTCACGGCCATTCGTTAGACCCGAAGATAGTTTAGACGCACGACCTTAAAAGTCATATTGTAACGATGTTTACGCCAGACAGAGTTAGGATATAAGTATAAAATTGCGGGTCCTGCACGGAAGTTGTACCCTATAAAATAGGCACTATTTCATCACGCAACTTACCCAAAAATGTGAACATATCCAGATTCGGCATCATTTAACACCTACGCCTGGATCTGCTCATGAGAATATGAGTGCCCGGTATATCGGGCGACGAGTTGGTTGAGAACCCCAGCTAAATGTTTGATGGCGTCTATAACGCCGCCGTCTCAAAGG,676,48.22,Caenorhabditis elegans
SEQ_808584,TGGGGGGAGATGAGATGGTGCTCCACGAGAGGAGGGGAAACCTTTGCCCCGCATAAGAAACTGATTGGCCTGTGTCCTTGATAGGCCCGAACTGACCGATGCTGTACAGAGAGGACGAAAGCCACACCCGGGCTGACGACGGTCTAGGCGTTGCTCAGGCTAGCAATCACTGGTCGGGATGTATCACAGTGGGTATCTTCGATGCCCCAAGGTCGAAAACCGAGAGATGGCTTGGCAACGGTAAATGGACGAGCAGCATTTATATATGGTACCCCCAGCACCGCAAAAGACTGCATAATCCAACTTGCTTCAGTCCGCTGAATCTATGTGCGGTTTCATTTCTAGGTGGGAGCTTGACTACCAATTACATTCAACCGACGCGATTGACAGGAAGTATTTAACTTCTTAAGCAGCTTCCGACGCCCCCGGCTACTGGGGTAAGAATTCTGAGACGTCTTGAAGTGATTCCTGAGTTGAATTGGTAGACCGTAAGAGATCTACCCGTGATCAGAAACATAAGCGCAGGTTCCCATCCAGGGTCTAATCAGAGTCTCCCATATTTACTATTACTGACAGGGCCGACCCAGACCCACAGTGGGGAATTGAAAGTCTGGATTTCAAAGCTCTGCAAGTATATATGATCTGTGGGATGTACCCCGCGGAAGGCTAGATTGCCCCAGATTTCGATGCACTTGCTACCAAACGCGTACGAGCCGCACCCTTCTTGGGTATACCTAATAGTCATAAAGGGGCGTGGCTGGCGGTTCTAAAGTCCGGGAGGCCTAAACGACATCTCGTTTCTTATTTTGGCACACCAATAGGAGAATGTATCAGGCCCGACACTGAAGTTCTTAAGCTAAAGCTGTTTTTAACGGACCTAACCTACAAGGGCTGGAAACTAACGACCGCATGGAATAGGATGCCCGCAACCAGCACCGACCTGCTGGATAAGATTTTCGTATAACGGATTTTGTTACATGAATCACATAATATTCTTCAAGTCTTCACTGACAAACTACTAGCGAGGGCGCGTGGGTCCCGTCACCTTTAACGTGGCTGATGCGCTTGTCGTGGGTTAGCACTAATGCGTAGGGTCGGCACGTTATCGAAGAGTTATTACGAAGGTTCAATTTCGGTAAAAGGGCTCGTACCGGTCAAGAAAGTCTTTCAGCAGCTGGGCGGCTCCAATAACGCCAGGTAGTCTCCCGGATTACTACCAGAGATTCTCGGAGTACTGTATTGGAAAGTACCTCTGAGAAATCACTTCGACGGAGCCGATCGA,1282,49.69,Caenorhabditis elegans
SEQ_274013,AAGATGAAATTTGTCCTCTATAACATATTGTACAGTGGCAGGACATCGCCCTATTACTGGCGGTTATGCACTACTGCTCTCTGCTCAACTGAAATATCGAGTGTAGGAAACCTGGTGGTGTTGCCTGAAGAGTTCCATGTCACCCGGCATCACAAATCGAGCCAACATACACAGTTGGTAAGAGCTATAGTGACTTACCCTACGTCAATAGAGGTGTCGTCTTACTAGAGGGTAGCGGTTTAGGACGAGCTTTCCCTCTGTACTGCATGAGGACCCAACAAGGGGTTTCGATGGCGTGTAGTCCATAGACAGCACCCGACGCTGGAGCAAATTGGCGCGATCCGAATAATCGGGTGGTCACTCTGCCGCACGGAGAGAGAAGGAACTATGTTCGCTAGCATATAATTTCCTAACGCGTGGGTCACGACGATGGCAAATAGAGGGTACTATAGGCATTTAATTAAGAGTGTGCGGGTACCCTGCGGGCCCTATTAACATTTGCAATTAGCACAGGATTCGACTGGGTGAGTGATTGCGGTATCGCGATGACCCCGTAGGACGCCAATAACGATGCGTATAGCAGCCCCGGTCTGAATGATCCCGTGGGTGGATCATCGGGTTTTCAGTTGCCGCCCTCGCCGGCCCACAACATGCTTTCTCGTAAACACATCTTTAGGGATTTGCATGCTGGCAAAGCTTTATTCCTTGCGGACACTCTTAGGCTATTCATCAGATCCTCGGTGGTAATGTACTGCACTTTCACGCCAGACGTTCATATCGGTAGTATTCCTGGATCAATGATCGAACCATACATAAGATATCTAGCTACACACGAGGAGTGACGCGTTGTGCAGTCTTCTCAGGATCACGGGCAGACCTTCTTCTGTTACTCAATATGACATTT,904,48.89,Caenorhabditis elegans
SEQ_434114,TTTCGGAAAGCAGCCGTGCCGTCCTAATTTAGGTATTATATGTCCGTACAACCTAGAAGGTTCTCAGGTAATACTCCTAGGGAAACCACATTCTCCCCTTGATTGAAGCAAGCTGGGTTCGTATGGGTATTACGGTCTCATGTGATAAGCAAGCCTTGAGGCGGCAAATCGCTTGAACGATGCTGAGTAAAAATGGTGAAATGTGCGGCACTTCCTTATTTGTCACGGTCTTCCCATAGCTTAAAACCCAAAATGGTCGCAATAGTCCTTCGCTTCACATCTGTGAGCCGTGAGCATCTGCGTCTCTGATGCGCGACGAGGGGGGAGAGGCGCGACACGGAATAAGGTGAACTTTGACATACCTGAATGCTCCAGCATGCGGCAAAAACCGACATAGGTTGAGCCGTAATACCATTGGTTCTTTAGGAAGGCACGCTGGAATAGAATACTATGCTCAAGACTGATGCCTTATGTCACGGGTAGCCTAATAACTACGAGTCTCCTCACTGTCTGCGTCGGCACGTCCCAGTGATTTTCTTACAGCGCCTCCTGGAGTCATCCTCAGAACACCGGTTTGCACGCGTACTCTACGCAAGAGACTCAAGGCGATTACGCGCAACGCGCCAGCCAATTTCCGTAACCAGCATGCCTCGTGCTTTCAAAACGACAGCTTAGTGGAGTACAAGACTGCTAATACCTAGGACAAACGAGCGCGGCCATCACGGTGGCGTTAGTCATTACAGTCGCACTCACACTTCGCACGCAATACAATCCCTGGTCACATGCCGTAACGTACTTAAATAATACACTGCTATTCACCGATAAGAGAGCTCATAGAACCCGCGGATATAGTTATGCCAATCCGTAACTAGCTATGCTGACGATCAGCGTAACACTACTACTGTCCCCACCCACTACCGTCCACACACCTGCAGATATGTAGCGCCCTTATGGGTGCTGACGTATCTAGCTTACTCAACATCCGCCTGGAC,992,49.6,Drosophila melanogaster
SEQ_417797,CCTGCATAATACCGCGCAGTTATTCGGACCTTTTTGAGCGAAGCGATCATCACTACTGAATGTGGCGACCACAGTACTTTAAATTCGGCGCTTAAATACTAATCGTCAACCTTTCTTCGATGCGCCCGATCACGTGATCAGATGGATTGACTGCAGAATTGCGTACGGTGTCGTCCGATAAATCGGGCCAGTTCGGACTGGTGCCTTGCGTGCCGGGGTGATTCAGCATGCCCTGGACTGGAAAACGGGAATAGACGGCGCTGTTTGGAGTTCGCAGTTTTGGCTCCAAATTTCCCCCCTTCTAGTCATAAAAATAGCTCGTCCCCCATTGATCGGGGACCAAGGACGGAGGGTATGTACTTTCTGAATAGACTGCTCCTTTTGCAAAGAATTTCCTAAATAGTTTAGCTCGTTGTGTTAAGGTCGTGGTAACGTATTTCTGGCGGGTCCAACCACAGGGAAGCCACTCCGCAAACTAAACCGCCACTGAGTTTCCCACTCAGAACTAGATTTGATCCCACACAGGGCGATTCACCGGAGACATCTGATCACAAGTGCACAGGTTGTGGTCCCGGAAGTATGGTCCTAAAAATCGACTGGAAGGGCTCCTCATTCTTGGGGAACGTTTCCGCGCGTAATAGAGTGTAAATGGAGCTCTTTAAACCGCGGGGAATCGTACTTACCCCTCCGAATATGTTCAGGGATACTGCCCGTCCCGGACCTACAGAAGCCCTGCTATTATCTGAGAGCAACATACGCCTGGACTTACTAGGCCAGTGAGTCCTATGGGGGGGGAGCATAGACCGTGACATAGAGCACCACGGTCAAGATTCACGCCCGGGGCTGAAGAAAGGTGTCGTAGTAGCTAGCGATACTGGCGAAAACTTCCCAGGCATACGGACACAGGGTATTCTGCTCATTCTGAAACCCTCACAGACTTATAGCTATTGATATGGGGTGGCCACCCTGCCTCCGCAGAGTGGGTAGCCGTAGTCTATTAGGCGTTGGCCAATGAGGGGTGGAGATAGTGTGTTGAGAGTCCCTTCATACATTTGAGTTTCGGTAGTTTCTGTAAGTTGAGATGAGCAAATTCAAACCGTACAGTCTGTTACTTAGGAGCAATCGCCACGCACTATGAGTGAACAGGACATTCTGGTGGGTAGGACCGCGTGGCAACCTCAAGTTTTAAGTCACTCTGCATGTATGGTCCAGTTAGGAACACAAACGGTCTTTCAATATAGTTCGTAGAGTTAGTGTATGTCATCCGGCCATGGAGATCTTAAATATGGCGCTCTTCACGGTATATCGCCCATGCCCATATTTATCATCGGCCACTACCGTTAGCATATCCTCGTGTACTGCGATAACCGCGAAAAGTTTCTCACCGGACCATGATCTCACACGGCCTGGGGCCTACAACGCTGAATAATACGTGGTGTAGTTAGGGTAGGGCGCGCTCTAACTTAGTCGCGTAGGAACGGCGATTCGAAGGGGTCCCTAGATACCGATTCGTTGGTCGTAAATATCTCTCCCATGTCAAGCATATCTTTCGTATAGCAGTAGTGCTCAAACAAGTCATCTTGAAAACCTTATGGAGTATCTCCGCATGAAGGTGCATATCCGCTTAACGCTGTTTTGCCACACCCCTGGGCAAAAGGCACTTTACAGGGATAGATAAGACACGACCGCACCGAGCCCAGTCTTAATAAATCAACGATATCTATCCCGCATGGATCACATTGGTATTGGCCAGCCAGCGGGTTCTTCGCGGCACGACATTCACAACAATCAGCTATCGAACACGCCGATCGGTTGAGACTACTCAACCTACGAA,1834,49.62,Drosophila melanogaster
SEQ_190640,TTTCAACTATTCACGCCGACTAAACAGTCCCGGTGTTACCATTGGAGTTTGTGATATAAAATTAGGATCATGATGGGTAGTTTCCCAAAGTTAAATTTTTGGTACGCCCAAAGACATGCTGTTTGGCCTCACAAGTGACCGATTCTGCTCCGCGTATGTAAAAGGCGCTAGGGAACACGAACGAACAATTAGCGACGTATTAGTGCAAAGTATTAGGGTTTAGTCGCTTGTTTCCATGCTGTTTGTGGTGGTAGATACAAGAAAACGGTGAGTTTATGAAATATACTTCCTAGGTCTATTGATTTGGATTCCAACAAATTTTTTTACGGCGTGAGCGTGTCTGAACTGTTTTTTGCTGTAACTGACTTCCTCACCTTAGTAACCGTGCAGTAGTAATTGCCTTGCCTCCAAGGAACGGCGTCGTGGCTGGCCGAGAAGAAGTCAACACTTTGGATACATTGGAGCATTAGGATTATTACCGTCCGAACTCGTCTCTCGACAGAGAGTGTCGCATTGAATCATGCGAAAGCGAACGAATCTACCACTGCTTAATGCTTTCGGTACCACGCCAGTCGATGTGCAGCCGAGTCGTTAAAAGTTATTCTTCCTACCAGTCAGATACCGGAACTACCACAGGTACAAGGGGGCTGCAAATTGCCGCTTCTTGACATACACACATTAACGTAGCCATAAATGTTTATGAGTGCAAAATAACATATTGAGTACAGTTTCAGAGAAGATTTTAGTAAGGATAGCTATAATCCCGAGCGTAGACGGGATTAGGCAGCACACCTATTACCTATCCCCAGACAAAGAGGGATCGGCAGCCTCTCAGTGGAGGGCCGGGAGGATCCGACCCAGCTCCGCACCCTGCACTGAGAAATATAGACTACCGCTGTACGCCGCATTTCTGTAGGTGTATTCGCAAAGGCAACGATCGCATCACAATGCACGATTACCCGCCAACGGATGTTAGCGAATGTATTTGCAGACTTAATCCTCATTTGCGGG,1011,45.7,Arabidopsis thaliana
SEQ_583601,CATCAAATATTTATGTTCCTCGATGCACCAATGTGCTCCTGTTACGTGGTCAGGTTTTTAAGGCCGGAAAGAGAGACGTTCAGCTCTGATAGCCGGGTCCCTCAACCTCCCAGAGGCCTTGGCGGCCCAACCCGCCGCAACTCGAAGATTATAGCTCTGTCGTAGAACTCAGAAATGCGTTACGGAGTATCTATTCGACATCCCAAACAGGACTTGACCACTAACGGCGCTGGCCTGGACGCAATTCCCTCACTCCTGCTCGTGATTTTCATTGTAGCGGTTGTAGTCGTGTAAGCTGGTATCCGTTTATCCACCCCTTATAGTCCTCTCATAAGATTATGTTATCTTGAACACCATAGACCTATTTTGTATCATGCCCCGCATGGCGTAGACGGCTTTAGATCTAGTATCATGGCGTAGCACATGATGACCCGTCCTCATTAGTGGTTCGAACAGTTGTCATGTGCACCGGTGCTTGGCATGCAGTGGCCTCCAATGTCCACTGTTGGTCACTTAACGGGGGTCTTCGAGTTTATGAATATTTGTCTTCCAGATCGGGTCCAAAGACTTATGAGGAAGCCATGGGGGTTTTCTTCGGCCATATGGTCGCTATCACGACAAACTGACGTATCTGAAGGCCTCTATGCATGGACAAACTTACACTTCTAAATTCATCATAATGAACTGTAAAGTCAAGTGTAGTGGGGTGCCCGGGACAAAGGCGCTGGCCGGGCACCGTCACAGAACTTTGTAATTCTGCCTATGACTTCCCAACCGGTTCTGGTCACTGAAGGGTCCATGTGCAACCCATCGTGGCTTGACCGTCCTAAAGGAACCAAGGCTGACCCCAGCTTATACTACTGTTCGGTCGGTAACTAAATTTGGTGCCTACAGAGCGTCCTGCTTGAAGCCGCCCCCACACCCTGTCCGGAAACGCATCGTAGCCTGCCAAATTATATACGGGCTTACGCGTAGATGTGGTATCACGCTTGTAAAGGTCGCCTAGCGCGTATATCGTGAACCTCCTCCAAAAACGGGGGTCAAAATGTATTGTAACGCCCTCGGGTTGAGCACGTTTGTTGAGTGTGACGGTATCATGATGACAGTACAGTTTTGCTTACAATTCCTAAGAATACCTACCTTAAACGGGCTTCGAAAGTTCGTATAGAACACCCCAATTCCGCCTGGTGTGGCAAGCGTAGGATTGTTCAACTGTAGATGCATGCGGGTATATAGACAGCATTACGAGCCTAGCCAGTCAAAACTTATGTAAAAAGATCGCGTGCCTTGTTATGAGGCTCGGTTCCGTACTTCCGGTAGATAGCTTTTTGATACACGTCCCACGGTCCGTACCCTTTGATTCGATAAGAGACACTTTCTACCCAAGTAGTATAAGACTGGTGTGCAGGTTCCATGAATACTTCTGAATTAATGAACACACATCTATATTGTCTGCGCATCAGACCGCTACAGATTCCCTTGCACACTGATTTCCACCGCGTACTCCCGTGCGACTCTCTCCGTGCGCATTTTGTCGACAAATCATATATCTGGCGGCTTTAGAAAAACGCTTCACTTTTGTGACGCGACGTAGTAATTACTGATATCATAGCATTCCTAATGCAAAGTCTTGAAAGGTACGGGAGGACTACGACCCTTGCGCTCGCCTTTACCTTGCTCAACGAATGGGCCCGTTTTACCCGCGGTTCTAGCCTTACGTTCCCGTTGAATAAGGCGTGTGTTACCTGCCTCCTAGTACGCGCTGTCTAGGTCGTTGACGGACTGCGCGACCCTGAGTTAAAGACTCGAGCTTAACTGTTGGCCGCACGATACGTACGATTATCTTTACGGCGGATTTCAGGAACATACTGAGCTACCGCGACTCAGCCGACCGGAAGCCGATGTAACCGAGGCTAAGCGTGTTACTGATCCGCTAGGGCGTCGCTTCTCCGTGCAGTAACTACTTCCGACTGATG,1976,49.24,Drosophila melanogaster
SEQ_292683,TGGGATGATGGGCCTAAAAGTAAGAAAAAATTTAGACAGTACGATAATGGGACATTCTATGACTCACATGGCAGCAGTCAAGTTTCCCCTATGGTCCTCTTAGGGTGCGAGATGACGTGTGCGGTTGCATGCGACAAAAATAAGATTGATATTCGTTCAGTGAGTCTTCGTGTGTTTCACAGCATGTTCTGAAACGCAAACCTACGAAAAGTGCCGGAAACGTCCTCCGTCCCGATGCTCCCAATACAAACTCTAGTGTTAAAGACATTCTTAAGCGGGGCATCACCTTTCTCAGAACGTGGTGTCCGAAGATTCGTCCTTATGGTGGCACTAACACCATGATAAACCCGAAGCGAATTCTGCCGACTGATTCGAGACCACCGCCCGTAGCCCCCACGCGAGCTTGGCATTGAGGTGATATCCAGCCTAAACTATCGCAGAAGCGTTCAGTATACAATAGCTGGGTATGCGTAAGGCATCACAGGGGAAGTGACTTTCGACCTGAGGCGCATAAGGAGACTGGGTCAGAGGCTGGCTGGGGATTGATCTAATGGTGAGGCCAGCTGCACGAACCACGGACGCGACGCGCTAGTTTAGCTGTTGTGGTCGCCGGCTAGCTTTCTGCCTTTTTTCCTTCTGCCTTCCTGCAGAAGGTCCAGTGGTAAAGACGTAATGATGAGGATAAAAGCAAGGACATGCATGCGAATCAAAATTATCTGCTCATCGATAGGCTCTATACCGTTGTTAAAAATTTCGAGCGCTTGACGGCTAGCCTACAGCATGCTCTTCTAGAGCCTACA,800,48.88,Arabidopsis thaliana
SEQ_421742,TAGCCATAGATCGGTAAGTTTCAACCTGGCGTAGGTCGGTTTTAGAGAGCCGTTTCTGTAGAATTATGACTTAGTGCAAGAGTCTAGGGTCTCGCTGCACGGTGGGTAGTTCAAGCAGCATAGTCATAAGTTCGAATGGGGAAATGGGATGGACTAGCTGCACTCGGTACTATGTATTGCTTTTGTCCCGGGTGCAGCATTCGGCAACCACCAGACTCGATGGGGAAGTCATCAAAAGTGATGTAACCACAAGAATCGTTGACCGCATGGAGATATGCAGGGCGGGCTGTGGGGCCCTACATGTGAGTTAATAGCGTGCCGAGGTTGGTTTAAGTGCGCGAGAGGATAATGGGACCTGTGACTGTCCGATGAGATCCGTACGAGCGATCCTGTCCGCAACACTCAGGAGCGGACTTGCCGTCCGGAGTGTCCTAGAGAGTTTTTAGCTTTATTTGCCCGCTTATCAACCGCGCTTGGATTCAAGCATTTCTACGAACATTCGGTAAAGCCTCGCTGCACTTAGACGAGCCCTAATCGTCTCATACAAGCCTCACCGGTATATAGAATCGGGAGGTCCGGTCTTCCGTGACCAGAACATTGTTGGTTCTGCACGCAGACAGTGGTGAAGGCGTTGTGGATTTGCAGCTAATGGGAAGTAGACACGTGGTTGGCCTACAGTCCTAAGTACCATCTCTGCGTTCCCAGGCGGCAATGTTGCTTGGCCAAAAAGGGTCATTATAAATCTATGGAACTTACCGGTTGGTTCCCAAGAATTCAGTACTTACGTGCTAACCGTGAGCTGTTCGTCATAGCGGTTACTGACTGAGGCTGCTAACCTTGTGTCAAGCTAAACCCTGATGCGACGGGGAAGAGATTCAGTCACACTCACGGAATAATCAACTATCCGGAGCTACCGATTCGGTTATGAAATTATAACGCTGGTCTTGCTAGCATCGACTCGATGAACGCGTTCGAGAGGACCCGATACGGCACCGATTCAGCGCCCACGACACGCACTCTACTCGAACGTGGAGAACTCATTATGCTTTTGAGTTTGTCAACAAATCTGCCGTCCGTATTGCACAAAGCATCTTGGTCTTTCGTTCCGGAGAGTCACAATCTAAGGGTCAGTTTTCTCCTAGGGACGGTTTTTCTGGGTCAGAATATGTATCTGCACGTATCACCTGTGTTATTCCGCGCTATCGCATAGGGGATTCGTGTTTGATCTCACTAGGACCCCGGTGACGAGGGCGCAGTCGAATGTTGAGACGGTTGTCCGTATTATTGCACGCTATAGTACACTCAGCTCCGCCCATAGTACATGCACTTACACTTAGGGACATTCCCACCCGTACGTGCCAGCAAGAGCAAACCAAGTATTGGCGATGCCTTGGTGCTAGAAGAGTTAGAGTGATGGTCAGCCTTGAGATGTTGCGGTATTCCTGCAACTTTGGGAATCCTAGGAGTTATTTCAATAAACTTCTTGCCCCGTCTGTCCGCGGTAGATATGTCTTAAATTGGTTTCCGACGGTTGAATAAAGATACTTCTCCGCCGAAGCGCACACGGGGCACTCCTATATTTACGA,1586,49.62,Homo sapiens
SEQ_114938,CCATCGCCTCACTCCTTCATGCAGCCTATAGCTGCCCAAACGAGTGCGAACAGTCAGTACCCGCCAAGTAAACATAGAAAGCGGGTTTGACGTCAACTAGTATACCACCATTACCCCCACACACAGGCCGGAGAGTAGCCCACGCATTCGAGATCACTTACAGCCTAACCAATAATCCGCCGTCCGGGCACTATGATGTTCGGGGACACCTACGCTTTCCTTAGCTCATGGTCACCGATAGGCTGCCTCCCTGGGTAGATCGCAGTATGTCACTGACCTTGTCTTATTGTAAGTTATGCAGTACGCGCTGTGGTATGCGTACTGGATCGATGCAGTCGTTACCGTTTTTCGACGGCTTAACTTACGGCGTGTATTGTCGTGAGACCTAACCTACTGAGCGTAGCTGTAAAGGCGATCGATCATTAGATGCTTTCCAATGTCTGCATGTGCCGACGTGGGGATCTAGGTGGCCTTAGCTAGCGATTCTAATACTTTTCGGATGCGGGCCACAACAATTTATGTATTATGATTACAAAGGAGAGCGTTTCATTGTGAGCCATGACTTCACCATCGATTTTCTAGACTTGCGAGAAGAACGACATAAATCGTGGTCATATATGATATAGAGCTAGGGACGGACACCTCATGTCCTCTATTCAGCGACGTTCTAGACCAATGAAGACAAGAACCAATGCCGACATCAATCCCCGCCGAGGGTAACCGTAATGTCACCAACGCGAACCCAAAGTTATACGGATTTGTCAGACACACCACGTACAACTGCACAAAGCGTAATG,797,48.81,Homo sapiens
SEQ_371531,GGGGCAGTAAACATCCGGTGTATGCAGCCTAGTTCAGCCATGTTACCTGGAAAATTCTTCGGGAGCAGTGCCTAGGTCGAACAAGGCCACGCACGTGCCCAGATTAACCACGTGATGCATAGAGCGAAGTAATTAGGACACTAATCAACTCTCAGAAGACTGGCTGCGTTGAGTTGGGACATTAGCGGCGATTCGACCGATAGGCAAACCGAGTCAAAGCCGATTCGATGCGGATATTGAAGCTCCACAAATTAGATTATTCCCCAGAAGTACTACGGTCCCTACAAGTGAGGGTCTAGAACGCATGGAACGAATACACTTAATCATTAGTCAACTAATTGAAGGACCCTAAGGGAACCAAATCAAGGTACTGAGGCAAACAGTGGGGTTGTGAAGGAATTGGTAGTTAGCGCAATGAGGTATTTGTGTCGAAAAACTTCGGATGTGTCGTTTCGGCAACTAGTCCAAAGTCCACACAGACCCAAACATGTTGGTCGCCGTGGCAATAAGAGAAAGAAGAAATCGTGACCTTTTAAACATTGCACTCAAATTCCAATTTGGCGATGCCACAAATGGTCCTCACGTTAAACGAGCTGGGCACCTAGACGGAAGGAGAAAGCAATGACAGATACGGGCGCGGCACGTACCAGGAGCACAGTTACCCGTTAAAGCAGCCTCCAACGCTTTGCCTGCGATCCAGGATTTCACGCCCGATTTGCTGGCCCGTGCGGCGGTCATTTGTCACGTATATATACATATAGCGGTTCTCTATCCCTGCACGGGCTGTGGGGGCTCCCGCTTGTGTGTCCCATGCATCGGCCCGCAATGTTGATTTGTGATTAGTCTGCTATAAGTAACGTTTATAGTACCGGCAATTGAGGAGTCAGTTATCACCAAACGTAGCTTAACACCACTGTTATACACCGACGTGCTGTCTTGGAACAGTTTAAGGGACGGTCCACGCCGATGTATTCGCTGTAATAATGGGCGGAATGTAATACCAATGAATAACCGCCATAGTACTTTAGACACCTAATAATCTTCTGGATGTA,1052,47.91,Saccharomyces cerevisiae
SEQ_470438,AATTTACAAGGTGCCCTGCTATGGGTCCCAAATATCGGCCGAAGAAAAACACGTCTGAGGTAATGGTAGGTAGCTCGTAGGAGAATACGCTACCGATATACTATAGTCCCGCCGAAGAAGGCACCCACACGCCACGTGTTACTGAAACATCTCGCCTCGAAGAGGAACTGAGGAAAAACTTTTCAATACACAGAACGGCCATCTACCAATGCTGCCTTAGGTCGACCTTCACTGGATTGAGTGCTCCAGGCCCAAGTGAAGGCCATAGCGCCACGTTAGACGCGTGATCCAACCGCTTTCTTGCGAATTAAACGCTTGCAAAATAAAGCATTTGGTATACCTTTAATTGAATGTATTCTTGGGTCATTCCACCAGAGCCGGGCATATCATAACGTGAGTTTTGCCAGCTCCTTGAACCAGCCCAGAGGGGCGGCACATTCTAGGTAATACAAGTTCCGGACTTCTAGCATAAGATATCCTTTGACCTTAAGGCTCCGAGAATTGAGATGATCATACGGACATGTTCGGCAATATTGTCCTGCAACGTTCTCGTAATCACCCTCAATTATATCCTGTCACAAGTGGAGGTATGGATTCTGTAAATGGCGGCGCTGTTGATGAGGCCATAGCGATCAGCGGACCAGTGGAGTCTTATCGGACTCGAGGTGCAAGGGTGGGTAAGGGTACGCTGCTTACATGCCTCATGAGAGCTCATGACATCCACTGTCAGAACCGGGATCTGCTTTGCTACCGGGCTAGCGGTCACCGGGAATATAGCGGTTCTTTCAGGGCCGCCATACGGCTCAGGAATATTTCTCACACTTAGGCCCATAAACGTGCGTTAATACCCTTGTAATTGCGGTAAGCAGACGTTAATGTCGACTTAGAGGGTGACCTCCGATCCTCTCCTACGAGGCAAGGGACGCCTCCGTCAACGTCTTGCCGCGGTACAATCGGCAGCGAACACCGACCAGCCGCAGACCACATCGACGCTTCAATGCCCTCTGCAAGCAATGCGTAAATACTCCAGCCACAGCTTGTTCTCGAAAAATTGTCTAGCGTTCGGTCCAATTGTATGAACGCGCGCATGCCACACGAGGCTAGGTTGCCTTGGTGTAGTATGGACCTGCGATATCAGTTTGTTATATTCGAATGGGTAGCCATTAAGTTTATCCTACTAGCATCAGCTCAGTAGCCCAATTCTCCCTAGGTGGCTAAGAACCACCCCATCGAATCCCGAGAGTCATTCGCAAAGTCGCAGTATTAACGTCATCCCGTTTGGTCGGTTTCTTTAATAACCAGATAGCATCACTGTCGTGGGTCGGATTCATTAAACTCAGTTCATAAATCGGTAGCATGCTCCGCGCTTGTGAGGTCGTAACGTAGGGTAAGCGCCCTGCCTCGGGAGCAAGATTAGTATGACCAGGCTGGTGGGCAGCTAAAGTGCGTGCTTTATATACCTTCACTGTACAAGGTTAGGTGTGACGAGGTTACGCGCAAAGGACGTCAGTAGTCTCCCTCTGACTGAGAATAGACTATGCAGCACTACGCCGGAGCAATGGCGTTAACGGGACTTGCGGATATCCATATAGGGAGAAGCTCATGCTACATAGAAACGTCACGCATGGTGGGCCAGGCACCACATTTCACTGGGAATCGTCGTACGGTCGATTGGACGCACACAATGGTACATTAAATCTATTTGTCCCTTCGGACGGACCGCGAAGGCAACTAGCAGAAGGTTATCTATC,1751,49.86,Arabidopsis thaliana
SEQ_285719,TAAAGGAGACTAGCAGACGTGTATTGATACAGGGCAATCGTCGGTAATCCTCTCCCGCAATCGCATGCCGGGATAGGTTTACACGAAGTTGGGGCCCCCCTGAGAGTTCCCTGAAAGCGGGCGGAGGTACTTCCCAGCGCCAATAGTAAGTTATCTTCGTGTAAAATGCCCCGCCCTGCTAGGAGCCAAGTAGAGCCACCATCGGCAACACCGGGGAAAACAGATCTATGTTCGAGTCGAAATGGTATAACGCTATACACTTGCATCTCCCAAGTTAGATGGGACATTCAACATCGCTTCCGTCCTAGTAGGTAGGTTGTCCTATTTATAACAACATCAGCAGATCAAGCAGGTGAGAATATGAGCGTAGACTGGTTACGCTCGCCCGCGACACACCTAGGTTACAGCAAAGGGAGTTGAAATCCGTCACGTATCAAGCCCCACCTAATCGGAGTCCTCAGGAATGAAGTGAGCCCCACATAGTTCCTCAGCGGCCCGCCGCTAGCTGCTTACAACAGGTGCTGACCATCGGTGCTCCGCAAATACCGGATGTTCGGCCATGGACTAGTCATTCGGCTCAAAGGAAGATTTAATGATAGATCAGAGGTCCTCCAAGCTACGGCATGACAGGCAACGAGCTTCGTGTTGGTAAGACGGGTTTTCGATTAGTTGTGATCGAAGCCGTATTTCACTGCGCGGGTAACACACGCGACTGGGCGACTGAGAGAACGTTTTAACGCCTTTGTGGCCCCCTATAGATAGGCACATCAAGCGATGATTTTCCAGTCTGGGTGCGTCCCTATATCACGGCGCGCAGCTGCATATCTACACGGTGTATTTAGAGGGTTAGCCCAGCGTCACGAAACCTCTCCGCGTGCGCACAACCACAGATCCGTCGCTTACGATCCAAACGCTCACTCCTACGAAATAACCAGCAAGAAATCCCCAGCTCAAAGCAGCTTCTGCCCGGAATTAAATGTAGTAAGACTGCTCTTGAGCGCTAAGGATCGCACGTTGGCTACCATCTTTTATTCTATCAGAGACTCCTAATTAACTTCAAAAGACAAAATTGAGAGGTAGTCTACGGTAGGTTACACCGCCAATGGGCTACCGAGAACGATAACGTCTTTCAGTTTCAAAGTCGCGAGCCAGATGTTATCTAACCCAAGCGTCTCGTTACGCCTCCAATCCTGTTGCGCATCTTACCCGTCTACTCTTCCGGGTGTTACTCTAGAGCCGATGATTCCAGAGCGGCCATAGTGGGGCGTATTCCGCGTGATCCGGTTTTGCCATTCCAACCGCCGCAGATTTTGTGAAGGGGGTACGGAAGTCGGAGGTAACAATGTGGCTTGGGAATGCTTCTCCTAAGTGCGTTCAAGGGTAACTCCACATG,1393,50.97,Caenorhabditis elegans
SEQ_131208,TGTAACTGGTTCCCTGGTCCGACAACTCGGCAGTGGTGAGCTTACGTGTTTGTGTGTAGATGGCACGACACCGGAAAGAAGCAAATGCAGATCTGAGCGGCTAACTACTAGACCTCTTCAAGGACAGTCCGTCAACCCCGTATCCCACGAATGGCAGAAGGACGTTACATAGTGACTAATGTAGCCTGTCGGGGAGACGTCTTACGTTTGCCCGAAAACTCACGCTATACCGTTGCTATTCGTGATATAACTATTTATTGTTTAGGTTTGGAATTATTCCCAACCCGCATGGTACGGGACTAGCCTGCGCCTGCCACATGTCCGTATCACCGAGACCGTATCCGTGGTCGCACGGCCAAATAGTGTGCCCATTTAAACGCGTGGATATCCTGCGTCGCTCGACTATCACAATTCGCCATCTGTCGCTCGTACGGCCGCAAGTAAAATGCACCTCGTGTTATATAACGTTTGTACTCTTTTCCGGGTCAAAGGTGCGGTGGGAGACACAGTTATGATCGTGCCGACATTAAGGTGTTGTCAACGACAGGCCCTCGCTGTACTTGGGAAAAGTTGTCCCGTTCAGCCGTGCTGATTCTCTTTCGGTTGGCATGGCGGCAATCTGGTGGCCGATATTTATCAATGTTGTGCTGGGCCCCACCCAGACCGTGAGAGGTATATACCAACGCAAAACGATGACGAGGGCGAGCCTTAAGTCCAGTTGGTTATCGCAGATCCATTATTGCGGTAGTGCCCCAGCCGTTAGCATGGACACTTCCTCGGAA,782,51.28,Arabidopsis thaliana
SEQ_691917,GTCTAAGTGCCACTCACTCGACCCTGACCATTAGTGGTATACGAAAACAACGATAATGGGCAGGTTCCAGAACACGATCACGGCGAAAACATATAGTTGCAGCTGGAGACAACGAAGGCTTGTGTTGTACCACTTGTCAATATTACATATCAGAGTTTTCAAACCCGTTTTTATCCCCTTTTTAACTCCGCCCGCGGATCAGTTTCGACTAAACCGGGGTGTCAATCTTTTCTCAAAGGGGTATACTGCTACCGCTACGCTTGGACAAGCATCCATACTTTACAACCCGCCACGCCGGAAGAAACCACTCCTCGTATCCGGAGCGGGTCCTGTGAACGCTGGACCTGCTTTAATCAGATAATTAACTTCGGTACATCGTCGTAAAGGCCCGCATGGCCCTCATGGACCTTCGTCCGCGGTGGACTGTAGATCCACCCCCCGACTTCTTACGGCTTTGTCGACGGGAGAGTCCTCGGTCGCAGACTACAAATACTTTGCAACTCGGTAATACGTAAGGCCGGACAGCGTTACTTCCAAGACTGTACTGTATTGACAACAAGAGCTGTTCACCCATCTACGCCTAGGCGCATGCCGGTTTAAACAAAAACTTACTCACTGACCCGGTGGCTGGGATTACCTATGCGAGTGGCGTGAGCTAATCATATTAACTGTCTAGTGATGCACAGGGTAAAAGCTTATACGCTGATTTACCTACCGGACAGGTATAACCCCCAGAAGAGGGCCGGTCTATTCATTCATATACTGTACCTCGAGTAAATCAGGTAGGGATTATGTGACCGGCTTACTGTGGGTCGGGGCGTTATGAAAGGCCCCCTCGTACCTAATACTGCGTCAAGAGTGTATAGTTTTATGAGGCGTAGAACACACGATTCTCTTTATTGATCGTGCTAAACTTTAGTAGACCCCGCT,930,48.71,Mus musculus
SEQ_196103,CAGCACTAGAACACTAGCCCATAGCGGGGATCTATTAGCAGTGACCTGGTGGGAGGAATCTTGTTAGGCATCTCAACGATTTAACGTGGGATTGAATGGCGCGCGATTCCGAATGATCCATAAGCGTGTTGTCCATCTAGCCTGAAGCCCTGAGTCTCAAGATCGTTCCTAAATTAACCGAACGTATCGTGACTGGCTAGTTATACAGCCGTTTTACTAAATCCCACATCCCATGGTTGCTCAGGGACCCGATTTTCAGATGTTCAAGTGACCACAGATGAGCCGCGCTGCCTAATCGTGAAGCGCAAGTCTGCAAAGAATGCATCTAAATCGTTACATCTGTGGCTCTCAAGACGCCTACTGTACACTCGAACCATAGCCACGTGGGTGAAACCGATTTCTCTAAACCGGCAAAGGCTAAACATCGGCTCTTAAACTGGGTGTTTAGCTATGATATGATATA,463,47.3,Saccharomyces cerevisiae
SEQ_843879,AGTATAGTCATATTGAGAACGGTATGTGGTCTTAAGATCCAGGTTCGGCTGCTCTAGACTCAGCAAAAACCGCCCGATCCAGTGAAGATGTCAGCTTCCGACGTTCTACCGCCCGATAAATTACCCATCCGCTAAACCGATAGGTGCCTTCCCCGTCAGCGCATAAGACCGGGCGCCAAGGAACTCTGTTTCAGCAGCAATTCATTCCACTAGAGTCGTTCCTCAAAAAGTTAGGTTTTCTCATCGAGGTCCTCATTGGCCACCATCTCCAAAATCGAGTAGCTGACCAGATGGAATGCTTAAAAAGTCATGATGCACCGTAATGACCCCAGGAAATACAATAGCGCAGACGGTTGACTTTTCATTGGACGTATGTATTTCTGCACAGGGCGTTAACCCGCCGGAGTCCTCCCACAGAGACATCGTAGGCGGTTGTGCTTAATGGCTGTTTAGTCAAGGCGCCCTAGATTGCCTGAGTACGCAGTGAGCTAAAACATAAAGTATTCGAACGCCGGGATCAGCGGCTGCAACGAGATACGGGGACGTCCGTTTGTACCCTGCCTCCGAGTAAAGTCGGGCGGCTTAGAGGATAGCGGAACGATACCATTTGAGTGGGTTAGTGAAAAACACTAAAGAAGAAGATTTGCCATGCAGACAAGTCCAACGCCACGGTTAGTGATTTCACCTGAATACGCATATATACTTTCTTCGTGGCTATCTCACTTTACACCTACTCTTGGAGGGTTGTTGGTTCGGGAGTCGAAGGTTACGATTTACCAAATTTTACTCTTATGCGAAACCGCTGAGTGGAAGCGCGGTGTTAAGCGTCCCGAGGTATGTTGACTTCACGACTTATTTCTACAAAGAAACGCTTCGCGTCATAGGATTGACAACATCACTCGCCAAGGGGCTGACCAGGGTTAAGAATCACCAGGTTTGCCGGTAAATGGAAGACCCAATGGTGTTCTAATGCTATAAAAGTTCCTTCGGTCCTATCCAATGGGCGCACGGCATCAAATACGAAAACGTCCAAATGTCTCCGGCGCGGCCTTCTGCCATCAGAAGACCCTGGTTAGAGATCGGGTTCGGAAGTCCAGCCATGCCACTTGCGGGTAATGGGGTACTAAATTCCAACGAAATCGGAAAAAAGTAAATAGGGAAAAAAATTATACGGCGCGTGCACCACCTAGCTGCAGTCGCCTGCCCACTCCCTTCGGCATCCGTGTTGGTTCAGCACGTGACAAACGCGTTCATCCCCTTTGAAGTCATCGACCTCCAACACCTTCAGCTTGGACTGCTAAGACCAAGCTTGGGGCGCCGCAGACACATAGTCGGCGTATTATCGTTGTCCTCTATGTCCGGTGTCGTGGACGAACTAGCATAGCCTTGCATATCTTCATCTAGCAAGATGTTCTCCCTTGTACGCCGGCTGGTTCTGTCTGATCCCATCCACGGGGAGGCAACTAAGCGACGTCCTAGGCGCCTTTGTGCTTCGGGTTCGGCGTCAGCAACATCTGTATGATGTCCTATAGGACGATCAAGAGCAACCGTTGGGAGATTCCCTGTTTACAGGCCGTCGTGACGCACCATGTCTCAAGCATTACAAAACTAGCGGGTCGCGTCGGCGGCTGCTAAACTGTGAGCAGACCCTCGCTCAGTCTGTGAGCGTTAAAGTTCACAAGGCAGAAGATCAACAAGGTGCTGTCTCCCCGCCGCATGGGGTCGTGAGGACATGACCTGTGTTTCTTGCGAAACCAGCGTGGCGACCCGATCA,1774,50.73,Drosophila melanogaster
SEQ_102305,CCCGAAACGGCGTGACCGTGGACCCAGTCTGCATGTGTCCGGTCATTCAAGAAATCGAGGGTTTCCACATGCTCGGTGTACCCCGGATAGCGACGGCCCCAAGTCACAGGACAACTGGTCGGGGCTACACATGAGGGAAGGCGCGGTATAGTGTTCTCGGCGGACGGTTCGCCAAGATCTCAGTGAACGAATGTCGGCAATACCAGCGTCCTCTCTTATTGATAACCCTGACGTATACTTGTGTTGCGTTCCTGCATTTTGATCGCAGCCTTCGTTGAGAAACTGAGTTGTGTATGGAAATGCGCACCCGGCAACGCGTGCACTGTGCCCTATAATCAATACAGGTGGACATCTCGTAAAGAACAAATCCGCGAAATGGAGACTTGTGCGCACGCTATCAACTATGGACCCCCTACACCGAGCCGAT,427,53.63,Drosophila melanogaster
SEQ_685566,GTGCGGCAAGAGGGCTCCAAATTTGCAAAAAAGTCTTTGAAGTGTTTATAAATACGAATGGGTAAGTTGACCCTCAAGCGGCCTGACAGTTCCACGCTGCTGCAAAGCTTTGGAGAAAATTTTTTTACTTACATGTAGCGCCACGCTTTCTTATGTGGAGCGGCTCGTCCTGCGCGGCCTTACGCCCATCAAATACGCTATCCGGGGGCTTGTCTGACCCTTACGTGTCCCCTCATCCTTACGGGGTCCCTCAGTCCTTATTTCTCGTGCTGGAAACAAAGACTGTGCAATGGTGACCGTCCGTGACGATCGGCGACCGCCTCGACCTAGGGCCTGCGGTCGGGATTGCGCCTTAGACGGGCAAACCGCCCTTAGAAAACGGTTTGTCCGACGCGTAAAAGGGTGCATTGATACAGCTTTCGGCGACCGTCTTCTCGGACGATTTCTTACCGTTTCTTAAACGGGGGGGCATTATATCACTTCAAGGGTGAGCAGTTGACATTGTAGAATCCGTAAGCCTGAGATTATTGGAACAGGTGAACTGATTTGATATAATTCTGGTCTGCCAGGAGCTTCTTTCGGGGATCCCATACTGCGGCTGAGAATGCCTCTCGCGCTATTGGTCCAAGTCCTGCTACTGACATGGCCGCTATACGGATCCTAAGCAGCCCAGTCTCGGTGACAGTTCAGAAATGGTGCTCATAGTGTGGCCGGTATTGAGTGGTCAGCGCAAACGCTAGTAAATCCACAGCAGCAGCACTTGTCGACATACGCTCTCTACCTGCCTGTATAGACATGCATGTAGATTTGAAACATGCACATACTATCCCATGCGATCAAACCTGTCTTTACACCCTATCCCAGACAACATCCTTCGTCCGCCAGATGTTGGACCTGGTGTCGAGTTTTGAAGACGCCGTATCAATGCAACCAACGAAGTAACTGAGACAACGTAACACTTTCCTACAGACGATCCTCAGTGTCGGCGTTCATACGCCAGGGTCATCACCACAAAAAGTATAATATTTGGAACTCTAACTCATTCCGTCGTGCCAGGCCCTACAGTCATGGCCGGGACAGGAGCATATGACGCAGTCGCCCGGTCCTGTAATAGGACGATGCTCCGCCGCGAGCGTTCGTGCACACAATAATGCGCCAGCGAAAAGACACGGTCGTCCCGAACATACAATCGGAGTCCCGAATTCGCTAGACTGTTTCCACTTAGAACCTCACAAAGGTCAGGCTGCGAGGTGTAAGTTATGATTTTATGATTGCCGAGGTTTATTCCCTTGTTTGTTCAGACGCGGGAGTACGAGTTCAGTTGGCTTCAAAGCCATGTTTGTCAGGAATAAACGGCGTCAGCAGGATGCCTAGGAACCTACCGACAAACTGAATATTTAGACCGCGTTACCACGCCGAGAGCCAGATTCTTGGCGGTTCGACACCCACGGCTGTTCTGAGGGAACAAGCAGCGGATACGCCCCGCGAGCTGGGTGGAGGAGCTAACTAAGCGTGGGAGAAATACGGTGCTTGAGGCTTAATTTGGCCCTGATCCCATCGACTCTCTGACAGTCCTCTACCCGAGTTAAGCACATAGTATGATGACTGACAACACTAAGCTTCGATGCTCCCCC,1634,51.16,Arabidopsis thaliana
SEQ_898507,GTGCTTTGCTTCGGTCTTACTCTATAAGGGCACAGCATCCCGCCTTCATTAGTGGCCAGTCGAACAGACAAGATCTGTCTTATGGCCCATGTGTCTGGGAGGGGATTCTAGATCATCATGGTTACATTATGCTGAATGGTGAAGTGGATGCAAAGTCGCCGAGAACGCGCCGCCCAAAACCCGTACGACGCGGGGACCGACGATGTCAGAATACAATGGCCCTCTCCCATTGCTATGAGTGAGACCCCGACAACCCCCCCATAATATCTTTTGCTCAGTCGATATCTTTCAGTCGTTATGTATCATAACGGCTGACGTCCAGACCCTGCTTTGATGAAACAAATACGATCATTTGTACACCATCCTAGAGAGGATCCCAGAGTTCGGAGCTGCCTCTAGCAATCCGACTGAGCTTTTTTACTTAGTTTAGACAAAGGCCCAAAGAGTCTTTACAAACCCGCCATTACATTGTAGCACTCCTTGGATCAGCCGAGGTCCTCGTACAAACTTCGAGGCATGATGCAGGGACGTGGGTGGCCAAAATCTTAGTGATCTGTTTAGAGACCCTTAAGTGTAACGCCGCACGGCACTTGTTGGAAGATCGAGACAGGGCGTCATAGTTCATTCATCAGGATTACTGTTTCTCGGACGACTGATGATCTTCAACCCCACCCATAGAAAAGGCGCCAAAGCCATCACGCTCTCAACTGCGTATGTTATGGGACGAACATGTGCAATAGGCGCGCCAAAGAGTCATCAACTAATGCGAGTTTAGTGAACATGCGCATTGACTATAGCACCCTCACAAGACTGGAACGTCGAACTATAGGAACTGCCGGGTGTACGTCGATCATAGGGACAATCTCTCCCCGCCCCGAATGGAATGAGTGGCAATCTTGACGCCGGCACCTACTCGCCAAGGCACCATTCTCTTGACGGAGAAGTAGTGGCGTGTTACTCAGTAGGGAGCGCCGATTAGCTATCTTCAGCTCTGTTTACGCCCTTTTTGCGGCTATACCAGACGCGTCATTGCCAGACTAGTCCCAGCCCGTGGCGCGACTCCATGGAAGCAACCAGAGTAACAGGCCATAGAGACTCTAACTCATACCCTTAATGGTCAGTTCCCGGGTATGTGCAGTGCCATCTTATGGCTATTTTTGATCACATTCACTAGAATTCACTCTATCCGATGCGGGGCTCAGGGGCCCAGCAACCAGGATTTTCCAAGTATGTTCTCTACCTGGCGCGAATCCTTCGTTGTCGCCCAGGTTCGGCATCATCTATAAACGTGCCACTTAATGCCTCAAGCGAGCTAACACATTTCCGGGGCCAGGTCATGTATTCTTGTCAACATAGGAACTCCAGTCAAGAAACGAGGCCACCACAACGGTGAACCAAGGACGCGAACTTGAGCGACTCACAGCACAATAGTCTTGGAGCGGAGGTTACGTTACTAGTTCGCTTAAGAGCTGCACTCCGACGAACCACAAAGCGCCCCATAAGTTGCCAGCTTTACATCGGGTGTGTCATCCGTGTCTCTGGACGCATAACTACTCGACACTGGTAGTAGGTGTTCCTGTTACTCCATCAGTCACCCGGTACCCTATGGAAGCTATCTGTCGAGTCT,1627,50.46,Caenorhabditis elegans
SEQ_767251,GGTGTCTGAGTGCTAAGCGGAAGTTGCTAGATAGAGGCGAACCTTGGGTAGTGCTGATTTCGTTCGTACCATATTCGTGTCCTTCACAATCACCGGTACGTTCGTGTACCTCATTGGCGTGTAGCGAGCAAGCCGTCATCTCGTTCG,147,51.7,Arabidopsis thaliana
SEQ_106428,GTGACCCCCTCCACAGCTATCCGGTCTGTGTCAGGACGCACACACGGTGGTATATGCACATAGATATGCAATTCGGCCCGGCACTGGATCGCACTGGGGACTAAGGGGGTCGCGAGATGACACCGAATTGGGGAGGATCGATCAGAATGTCCAGGTTACACCAAGCAAGTCGTGTGTTCAAATGGCATCTCCTAGTTGTCTATGAGATACTGACTATGATGTCCCCGACGAGCCCCTGACAACATAATGCTCTACGGTACTAACGCTAGCAACCCACCGAACCTTCAGTGGCGCTGACAGCATTATTAATTGGCCTCTGTGTGGATGAGAGTGGCGAAGTACCTCGATAATAGTGTTGTCCACAGTAAGATCAAAACATAGCGACGCTAGTAAAAGGCATTGACAAGCTCTAATTATAATAAGGTACTGGCGACTATCTCCAGATGATCCTTTCGTGCCCAAGCGTACCAAAAGGTGGTGGAGACGGAATCACATCCGAGCTGAGGCTTCCATGATGTTCTGTTCATCGTCGATAGACAGCCTGTAAGAGGGGTCCTAAATTGTTAATGTCTCCAATAACGGACACGCATTTTATGAGCGTAGACTGTTTTGGAACCCTTCCACTTTTCGCGATTTAAAGGTCGGGTACTTATCGGTTAACTATAGAGTGACTGTCCAAGCGTACGCAATAGGAACCAGTTGCATTAACAGTTCATTTAGCCGTCGAAGCCGCAGTCTGATGCGCCTTAGTCCTGAATCCGACCAGCTACGAAATAGAAGCTGGAGCTCGCTCATATGCTGCCGGTATCTCTAAAGCTGGTCGTAGGTGGAGTGGATGGCTCAACAGGCTCGCGGGTCGATAAGTAGACCTGGCGCTGGTTATGCGGCGACGCACTGAGTCACCGATGCCGGATGAGTTAAACCGTTGAATCATGATCACAACGTGCCTGTCTGTTGTTCGAGTCTTTCCAATGAGGGTAAAGAAATTCCGCCGGTTGGCATTCTCTGGCACGCGGCCAGGTGTGACAATAAAGGTATTGTCACCAGAGACAACATAAGCAAGGATAAGCTAAATATACGACACCATATCGCCAAGATATATGACGGCCTTAGCCATCACTAGTGACTGATTGCATGTAGCCCGAGTAGGTTTCCCTGCAGTTGGCCGCCTTGATGTTGCACCCAACCGATATAGCTGCAAAGTGCTTTAGTCATAGCATCCCTGCCAACAAAATGCGACATCCCCTATGCGGATCTAACCGGCTCGCCTATAAGTGAGATCAGGGTCCCGGACTTAGCGAGGGTGGTCTAGAAAGATTGCTCAGGGCATGAGCTGAAATTTCCGTTCTAGATCCGAAAACTACCCGTACAAACAGATGCAAATCCATTGGCCAGTTGTTGAGGTGCGGGA,1411,49.47,Arabidopsis thaliana
SEQ_478605,TTCTATGGAATTAAGGGAAGGGACGGGATACAAATGACCGATTAAGTCCCGGAATATCACCGATTATAGGTCTCGGTAGAGACAAATCGCCTTGCTCTGGGCTAACCCGCAGGTCTTTGATGCGGATAAGATGGTGTCGAAATGGCTAGGATATAACTTCCAAGGCGCTCTTATGTTAGGAACAGATTTGCCTACGAGGTCCGTGATCCTCCTGGCTCTCTCTAGATTAAGCATGACCGCAACTTGATCCTTAGGATATGGATCCGATGTCTCATGTGATGATCTAGCCCCTCACCGCTGTGTAGTCGCTGATCGGGTTGTTAATAATGGGTTTGGATCGGCCAGGTGAAAAGGACATGAGGGAACCGAGCAAACAGTACACCTTCACTTTTCACGCGTGAGTACTGAGACAGAACTGTGGACGGGCACCAGGCGTCCCCGCTACTCTACGCCTTACTGACAGGCCCACATACAATGCGAGAAATCGTCAGGGAGAGACATTCATAAAGGAATTCCTGGAGTATTCTAGATTCAGGGTAGTAACTCGCCACATAAAGGCCCACGATAATCGTTAATAAACGAGTCAGCCAATGTGTTGATGACGTGAGTTCTGCTTGGGACGTCCGCTGCGGAAATGCGACAGCCCCACCGAGGATTTCCAGGAGAAAAGTGCGGGAGCACTCAATGAATTGAACCACTGGCATATGTTACCGGGGCTGGAACCTACTTAGGCTTAGTGCAATAGGATCCTGTTCAGTAGGAAACCTTAAATGAGGACTGCCTGCGGCTAGCTGCCGAATAATTGGTTGATATAGCCGGTATGAGTAGCCAGTCGGTTCCACCGGGAGTGCCTGAACATTTCGAGATCGAAAAACGCCACATACAGTTTTCTCAGGAAGCATCACTTGTGAGCTGAAGCTCGACGGCTCTTAATCATGTCGGTGGCGTAAGCCGACCTGTAATCTCTACGCTCCGCGGTCTCGAAGGTCGGAGACCTT,998,49.8,Escherichia coli
SEQ_409801,CCTCAGGGGGTGCCAGAGTGTGAATCATAGTGATGGACGAGACTTGTTTCAAGACTACGTCGTGAGCGAATCCGTTCTCATAGGACTGTTGCTTATTCTAGAGCAGAACTTAGTTCTAGCCTGCCGGTGTTGCAACGTGAAAATATTTATTCGTAAATCAGCTTGCCTTCAGGCGCGAGGTTGTATAAGGTGTGACTGTATCCTCGGAATTTGCATTTGTATATGGTTGCAAAACTAAGAACAATGCAGCCGGCACGGCAGAGATTCGAGCTGAAGCCGCCTAACTACAAAGTGGGCGGTCATATGTCCGAACCGGATTCTCGGTAAAGAGGCCAGCGCCAACTTATAGAGCGAAAATCTCTCGGGATTCGCCTGCGATCGCATTGTCACTGGTGATCTATCACGAGAAGATGTTCTAGGATTAGCGTCTTGGAGAGGGTATTTATCTAGTAAAGAACGGCCGGAAGACCTACGCACTCCGTAGCTCAACACGTCATCTAGGTAGAAAACGAAGAAATAGCCGATGTGCCCTACCATGGACACACAACTACCCCTAGTACCCCT,564,48.23,Homo sapiens
SEQ_239269,ACGAGAAAGGCCAAGGAGACGTACGACCGAGCTTTAAGGCCCACATTAGTGCAGTTAAGTAGCCAAGTAGGAGATCGTAGTTCGCATAGAGCGAATATGAGCGTCTCGGAGATTGGCAACAATGTACGAGTAACTGTCGATCCGGCACCATAGAGCGGGCGCCCGACGATGACCGGCCTGCTTGGGTACCAGTTCAACGGATGAGTCCACGGATTTTGTCGCAGCTCAGCTAAACGAAATCTAATAGCTTGGTTCGGGTGGTCGATTCCGAGGGTGCACGCGGGCGCTTATGCAAGGCACTTGAAACTCGGGTACTCTGCCGTCGCACTTGGAGCGCTGCCCCCGTTCCAGCCTTGGTCCGTGAGTGGACCCTCGAGTGTCTATAACCGGCGATCACAATTGGCCCGCGACCCCTTCCATAGCAACTATTTCTGGACGGACAAGGCGGCAAGGCTGCCCACCTTAGCGAGCCCACAAGCTAGAATCCTCAACGAAAGCCTTGCTCCGACTAGGTAGCCCGTCCATCTCAACTAAGAAACACAAATTAAACGAACGGGTTGGACGGTATTCCACGGGAGATAGAGATTCAACCAGGGCTAAACTGTTCACGAACGAGCTGTGGGAGTTGATGTCTAGTCGCCACCTCAAGAGTATCAGGGGCCATGTAACCGCAACGTACTCCCAAGCCAGGCCTGCCCATCAGACAAATCTCGGAAATGTAGTAATTACATGCCCACTAAATAGTACGTCGTCAATTTGGGCTCGTAGCAAGATCTTCTGCTTCTGAATGACTCACGATGAAATGACCACAAGGATTCCGTTTCCTTTCTATTGGGAACCAGTGTTAGCGCTCTGATTAGTGAACTGGAAGAGACTACCTCGCGGGTGTCAGGTGGTCTTAGTGTCATGCGCGGTGCCTAGTAGTAGGAGCACAAGTTTGCCTAAACTATACAGCACTGTGACCCTACCAACTGCCCCGAGTTAGCGCTGGTTAATTTATACGCAGTAGCGTTTTCCCCCGCGAATAATGTTCGGCCTTTTCCCGGTGTACGCTCGGCAGTGGTGGGGTTTATCGTATCGGAG,1083,52.54,Drosophila melanogaster
SEQ_855012,GCCCTTCCTGACCTCTCTAAGGCAGGACCACTATTATTGAATGCCGCGCAGGGTTCGCCTGTATTTTGCAATGATCGTATTTCGTCATTCGGACACTCCACTATCTGTCCGTTGTGCATGAACGCAAGAATAACATGTCAGATTTCGCACAACCCCACCATGATTGATCCAAAACAGGTGCTGCGTATTGACGAGGGCCCCCTCTTCCTAGTGCGACACGTTAGCAGTGAAATGTAATCGCCAAACCGTCCGGGAGGATCCACC,264,50.76,Mus musculus
SEQ_186562,ACAACTGGGGTGGTCGCTTTATTGGAATCTCGTGGGGGTCATGCACTCAGAAGCTTTTCACTCCCAACGAACCAGGGCGTTGGTAATCACATGCGCGGGTAAAGTGGTTGATTGGTACCCAGGCTGCTCATACTGCTGATCCCTGCATGTTCAGCTTTTCGGACCACCTTGTCTGTATAGTCCTCTTTAATATAAGATTTCATCTTCGGCGGCTGCAAGGCGCAGTCAGGTTCGGAGGTTACTATGAAACGCTAGCGTTTAGGCACGATTTTATCGCCAAGCATAGTAGAACGGGGACCTTACCGGACGGCGGTAGGCCAGATGTTAGGGACGAACAACGACATTTCCCGGATACTCGGGGGGCAAGAGCTACTCATGCTGTGCACGGTTCGGGTGAACCGTATTTTGAGGCCTACTGTACAGGACTAAGCGAGCTCAATGCACCCGCCTCGCGCTTACACCATAGCTCTTTTTGGTGGGAGAGCTCAATTTATAGGTCTTGCTGACGTGTCGTAAGACATTTGGAGCCATTTCTACCCTGTTCTGAACATTCGGGCAGAGACTTCTTACAGGCCCACAACAGTAATACTCGAGACCTGCAATCGTTGAACTCGGGATCTAGAAAAAATACCTGCAATTTAAAGGCCTGATACGGAGTTATCGCTCCGGCGCCCAGATACCATAACTCTCTTTCCGCGCTTACGTCGGTCACACTTGCAGGGTACCCCACGTCATCCTGATTTAGCCTCGGCGAGAACACAGCCAGTCAAGCCTATGGGCCAAAGGTTGGTTGCCAGTGTACCATGTCGTAACACAGTCCCTGCTCGTGGTCGTCCGGAAGTGACATTGAAACCAATATGGTCGTAGAAAAATTCGCCGTCATCGAAGCACCACGAACCTTCCTGGGCACTCCTTATTTCCGCGGGCCCCCAAAATCACGCGCACGTCCTTGAGAGTGACGTTACCCGGAAGCTCCGACCCTACGCTTATGACGAAGTTATAGGGCGAACCGCATACGATCAATGCGCGTGATTCTGTGTTATGTAATAGCCATCATTTAGGTCGATGCGGCCCACAAGCAGGCTTTCACGTTCCGCAAGGGTCCTAAACGGTGATGAGGCACGCGTTCGGTAGTCCGGGATAACCGGGGTAGATTGTGTAGGCCTGTTGTAGCAAGAGTTTAAAAGTAGCTTTGGGCGATGTGCGAGCCTAGATCCCATGGTCATTATCACGTGACCTGGACAATAGTCTTAAGTTGACCAGGTGCCATCGCCCGAAAGTGTTTTATTTCATCACCCAATAACTTATCAGACCTAAACTGGAGATCTAAGGTGAACAACAATCCCTGGGTCCAAAAACAGGGGCCCAGGCCTGCCCACCACAAAGGTACTAGTAGGAGCTCGCATCGGTCGAACCATGTCTTTTGGAGAGCGGGAAGGTTATGGACGCCTCGTTTGAGTTACCAACTATAGTTGTATCCCATCCTCGGAGATAACATAAGAGGGCGGACGCCCCGCTAGGAGACACTGTACAGGCAAGTGACTTAGATCGCTTGCCGTTGCTCGGCACACGTATAAACGTCACATGTACTAT,1593,51.16,Saccharomyces cerevisiae
SEQ_309683,ATTAAAACACAGAGCTCAACGGCCCTAAACATCCTACCGCCAACAAGTCTCGCGGCAGAAACCAGACGATAATAAGACTGGGTTGGTGCACTAAACCGAATGCGGGTATCGAGCTGCAATAAGGGCCATATGATGTTATGTGAAGTAACCTTGCGCACGGTAGAGTTGACACCCGTGGCTCCCGCGACGATAAGTAGGCTGTCATATAGCACGTATACCGGCCCGATAGAGTGGAAACCTTTAAGCGAACGGGCGGGTCGTTTTTCTGCCGCGCTCAGGGGTATGAAGTTTCGCAGTATACTATGCCACCACGGTCGCTATCGCTGTTAATTAAGTCTACTGGGGAGGCCCCGAAACCAACCTGAACGAAACCACCCTGTGCCACAGCACAATGCAGGAGGGTGCCGTTAAGTACGAATGGGCGTAGCAGTTGCTTGATCTACGACACAGCTCCCGTGTTAAGGTTACGCTAACCGTGAAGCCAATCTGGAGATCCTGGTTCAGAAAGGGGACGTGAGCGACGCGGTTTTAGGAGCAATGGGGGCGACCAACCAACCCAAGTGGATAAGTGGGGTACGACTCCACCAAGCCGAAACAGGGCTTGGCCACATCCGCAGAATATTCTATCGATTTTGCGCGTATAAATCGGAAGGCAAGCAAAGATACTTATGTTTCTCAGGACGATCGGGCACACGGATCTACGAATACCTTTCTGAGCGAATAAGGGATCACGCTTTTGTCCGGAACCATTCGGAATATTGGCAGGTGGTGCTCGCCCGTGCATGCTGGCCATAAGGTAACGGTCTTCGCAAACTCCTCGTCCACTGGCGTTGGAAACACGCGCGCCGAGACGCCTTTATCAGTCAAACACTGGTTAAAAGACCTCCTAATGCTATAATAAGTATGTGAAGACTTAGGTCCGATTGGTATATAGATTCGGAGGGACATCATCGGTGATGAGATTGGTCGGACAAGACGGTTACACCTTTGAAACTAGTGGCGAAGTTTCCGAAACAGGCTCAATCCGCCTCAAAAATCCAACCTGTATGCACTGGGTGGGACGCACAAGGCGACTATATGTCTCGCCCGTTTCCTGTATGCGAGCGTTTAAATCCCCCCTGCACCCATTACCGAGTTGCAGGGACCCATAGGACACGTTTAATGCCTTTTCATGCGCCCTGAGCCAACAATCGAAACCCAGTTTAATTTCGGACGGTTTAAATTATCCATCGCAAAAGTCCAGGCTCCCCTATGAGTATCGACCTCGACACATCAACCG,1279,50.9,Saccharomyces cerevisiae
SEQ_859539,CCAACGGTGCGGTGGCTCAGACACCCATAGTCAAATTCAACCAGACTGTCACCTCACCCATTCATGTAAGCCCGGACGAGTATTCACGTATCTATCTTCCAAGATGACCTTATAGAACGTCATTCATCCCTGGGAACGATAATCCATACTCCCGTCGCGTCGTTACTTTGGTTTCCCGAACGACGGTGAGCAACCCAACTGCAATTGGCAGGATATGGCTAGGCTCATATTTATACGGTCCACTCTGAAGTTGTGCGTTTATTTACTCGGCAAGCGGTGGCCAGCGCGCAATCGCGTGACTTTAGGGCAGCGTTACAAACAGGCATTCGCCCTTGTACTATGTCCCGCCGTCGCCTTTAATAGTATCTCCGCAATGGTCCGATAGGCGCTCTGGCCTCGATCGTACTTATTTTGAGGCGGACCACTTCAACACATTTTACACGCCAGTTCCGTAACCGCCTTACACTAGTTCCGCTCGTATGGTACTTCCACTGCCGATCCTTGAGGGTAAAGCGTTGGCGACGCAGAAATTCCCACAGTCAGGAGCTATGTCTTTGGTCCACTCTAAGTACGCGGGGACCAGAGACTGGTGGCTCAGTGCAGGAGAACAGAAGAATGGAGCAATCTAGGTAAATTTCATCAGAAGTCCCACTACCGGCATCACTTACGCGGGTCTCGTCTGCGATACAGTATACGTGCGATCAAAGACGAACTGGACACCTAACCCGGCCGGCATCCTTACAACTAGGAACTAACTGTACTATGACTTCGCTCAGTACCTGATACGCCGACGTTACATCATTCGTAAAGGGTCTACAATTGGTGTATTTAATCTCCAATGACAGGTAATGTTAAAATAACCTTAAAGGTTATATCAATGCTAACCTACCTCCGCAAACACTCCTTATCGCACAGTGCATTGGCGAACTTCGGCTGGATCTTCCTCTCATTAGCAGCTAGCGCGACCGATGCCACCCTGAACGTATTATAGTTTTGAGTAGTTCTGGAGCCCGTTTTAGCGTTCCTCTGGGGCCCTAATTCCTCCAATGTCCCGAAGCGGCTAAGCGCCAGTGAAGAGCATAAGTGCACGCTGGACAAGGTACCTTTCGGCGAGTGCAGTTTCCGGGGCACCCATTACGGCATCTTCACATCCTACTCGACGCAGAAAACGTAGGCACGTGGGAGTAGAACAGGACAATCGGCTCGAACGATAAGCATGGATCAGCCGACGTGCTTAATAAACACGGTAGGTATAGCGGAGTCTGTTCCGGTTCAGCGATCTTGCGTCGTAATTTTAAGCTGGACGCATGGGTTT,1315,50.19,Homo sapiens
SEQ_409170,GGGGGGGGCTGAGCATAGGTGCAAATCGGTATGCTAGGTACGTCGCTAGACTTGAGGAAACACCAACTTCGTCGTAACGCATATGTCTACAGGCCCGAAAACACTAAGATCCGAATAGTGTACAGAACTCGCAATCCAGTGTTGACTTACAGGCAAAGAACCGTTAGATCCAACTCTCATTTTACAGTGCAACAGCCTGCCGGAATAACTCACGTGTATTATGAACCGATATCCACTCTGATCGTAATCTAACATGGTCGTGCGGCCAACAGCTCTCCGTTGGCACGGGAACCGGTTCTGACTCCCTCGTCGAGTGATGAAAGGACCAAACAGGTAATGCATCGTGCTAACTGATTCTTCGCTACAGCTCAAACCACCGTGTCTAGAAACCTGTAGTAACATGGGGCTCCGGGCCCCCGAAGGCTTGTTGTGACTTTTAGCCGGAGGCCCGTCGTGATCAATGAGCTCCGTTATCTTCCGCTTGCTTCGACGCGTTTAGTTAAGACGAGCACTCACTACGAGGCACAAGCCCGTTCGATAGGGGCGTGCTGTCGTGGTCCCGTATGTAATTGATGGCGACCGAGACTGTTACTTGTAACTCCTGTTGGCGATGTAAAGTGCGAGCATAGCGATAGATTATGACCTTTCTCAGTATAGAGAAGCCACTACAACTCCGTACTCTGCACGAACGCCTTTAATCAGCTGCCCGGGGCCTATCTACTTAAGGGGAAGAGTTCTATGGCGTCGGTGCTCCCTCTACATGGTTTCCTCTGCGTACTGCAAACGTATGCGGCCTAGCTAAGT,804,50.87,Homo sapiens
SEQ_170542,GTGTTCAAGAAGTGCTCTTGTAAATAACTCCACTCCACGAAATTCGTTATGGTCTTACGCGTCGTAAACCTCGAGTCACTTAATAGGCAAGGTATAGTGTCAAACGTTTAGCATTGAGCTCATACAAGCTGGTACTCACTGTTGAAAGCTCCTAGCGGAAATAAATTCGACCTGGACAAGCCCTGCAAGAGACATCGGTGCAGTGGCCAGTGCCCCCTGCGACAGATGGCAATTATGACAAAAGTCGCTTGGAACAGGACATTTCGCTCCTCCTGCAAGCTGTTTAAGTAGACCAATTCGGATAAGACCTCTATGGGGTTTGTTGTGGATGGGAACAGTAATGTCATGCACCGCCCTAGAAAGTAGCCGGCTCCGGCAAGTAGGTTTCCGCCGTAGAACCAATGCCACCACTATAGTTTTCTAACAGTCCAAACGAATTTTCTTTAGACCCCTGTAGTACCTTTTTCATGCTAACGAAAGTCGAGAGATGACAACCCAATGCCTTCCTTGATTTCGAGGCCTAGCACATGACGTACGCACAGTATCGGAGTTGCGCCTATACTCTAACGGTGCACCCATCCCCATACCGAATGCTCGCGGACTCGATTGAAGGCGCGACGACGTATAGGGCTTAGTCCCACAATTTGATTATCGGCTTGACTAAACGTACATACGTCGCTCTCAGTTGGACAAAAGCTTATCGAAAGGCTGGGGTGAATGCTCTGTGACGTTTTAAGACATTAAGCGCTAGGCCTCACAACTAGTTCTTGACGAGACCGTTTTGCATTTTGTTGGCGGCACCTTTTAACTAGATGGAGGGATACAAATTCTCCTTTTTTATTAAAATGTTCATTGGGAAGGTGCCGTATTTCAGGCAGGGATCGCGTACGGGATTCTGGCCGGAGGAAGCCGCATATGGTCTACCGGTCCAACGATTGGGATCAGTCCGGTCTTCCATCTAGGTCATGCCTCTGTTCTGCCGAAACGTGCTCATCGATTGGCTGTTCCTACAACATGTGAGGGCCTCGTGCTTCCTCCAAGCTGGAAAGCCAACATAAATTAGTGTGTCGTTTTAGGACATTCCATAAGGCGGTGACCCGCCATCGCCCGTGCCACTGTCGAAATTCACTAAGGAAGCCCGCACCGATTCAACTATGCGAGCTCTACCACCGAACGGAAAAGACCTGCAGCTGGCCTTTTGGACAGTGCACTATTCGGAAATGTTTAGTCTCGCCACTGCAAAAACTTCGAGAAGGCCAGACTAGCCAGTGATAGATTAAAGATCAAAGTCGACGGGCATTCATATCAAGGATCTCTGCTGGATCACCGACCCAATGTGAGTTCGTTCAACCAAACCTGCTATTCCGGTGTGAGTGGGTTGCATTTTCAACAACCAGAGGATTGTCAAGAGTTTATCGGGCCTAACCTGGCCCGCACCATAACTCTCCGCGGCTAGATAACGAAGAGTATTTAGGCTCTCAGGAGATGCATGAAGGAGCTTGTACCCGAGCTGAATCAATTGCTCGTGCGCCCTGGTATCCACGTCCAGCGGACAGATACGCGTAAATGCTTGCAAGTATTTCGGGAACGTTAGCTCCGAATCCCGATGATATGGTCGGTGCAGACATTTCGATCAGAAACTACACGATGAAGG,1654,48.79,Saccharomyces cerevisiae
SEQ_864706,TTACTATACTTAGACATCTCCTTGAGTTTGTTGTGCGCGGGGATGTTGAAACATGGACCCACCCGGTACATTATGATCTTCTGGCGATCTTCTTCTAGGGTCGCAACTGGGGGTTAAAATGGCACTGAAGCCGTGTAGATGGGATGAAGCAGAACCTTATTCTGAAGTTGGCCTTACGGGGCCCACC,187,49.2,Escherichia coli
SEQ_568685,CGACCCTGATTCTCATCAACACTTGTGACAAGCGACGAATGCGTAACAGGACACAACACGCACCCGTGTCATGAGTGCACTAGACCAGCCCCATACAATATTGCGAGATGTCACTGAGGGAGCAATTAAGTAAATTTCTGTAATCGCCTAGGAGGTCGGCCTGGACGCTGTGAATGTCCGTTACTTAATCTAGCCATCAATATAGAGGCTAGTATAGGGTTAGGTTAACAGACATACTTCCCTATGTCAAGCCGCCAGTCATCCCAGAGCCAGCATGATGGGACACCGATTTAGGTCTTGGACTGCGGGCACACTGATATTACTACTCCGGCCTGTTTCGTCATTTGCGCGCTTGGTGGGGAGTTTGTTGGCCCGGGGCTGAAGCAGGACTCTTGACGGAAGGTCACCGACTGTAGCCTCCCAATGAGGATAGGACTACCTCTCGCCGCCAGCGTTCTACGATGCAAGGTGTCGCAATACGTGGCTTGCAATTCAGTAGGCATATTCCCAGCTGCTGATTCGCCTGCCAGATTAAGGCGGCATGGGAATTATCATGCGACGTTCCTTGGGCGCGGGCAGCAATCAGAACACCGAAGGTAACCTAAGTACGAATTGCTCCGGAAGCTCAGCCATCAGGGGGTGATCTTCGCGTCATACACTAACGGGTAAGTCTACCAAAAGTTCGGACGACTAGGCTTGGCCGCACCACATCAAGAGGACCTATCTACCCCCCCTACACCTTGATACCTTACGTAAGGCAGGGTCACACGGGGTTATTGCCAATGACGGAGGTTCTTATAAACGCGTGAATCTCCGTTCATCATTGTGAATAAAGCCGAAATTTGTGTCTGGATCCCGGCCCTACTCTGGCGCGGCCCTCTTAAAGACATGGCTGGCACCCCTGGCTGTACCAAATTCGCAGATCCTACCCGTTCCTAAAGTACAAAGGGCTGCATGTAGTTCGAGTCGAATAGCGCACAACTAGATTAACAAAAAGGCGTACGATCGAGATCGATT,1017,51.43,Caenorhabditis elegans
SEQ_415370,TTAGGTCGTGCCTTATGGTCCTGGAGCAGGGAGTACCATGTAGCAGTACTGATTATTCCATTGGGCGTAAACATATTCGGGCCTACAATTCACTTGCTTTTTGCTGAACGAGCTAAGGGCTAATATTGCAAGAGGGATCCTGGACATCTGGAAGGTTAATTATCGTAGAAGCTACCTTTCTGATAAGTATAGCTATTTATTGAGGATTGCACTTTCAGCGTGCACGCCAGCAGCAGTCAAAGAGGGGGGACAAAATCAATGCCGATCGTCACCAAGTCCAGTACGAAAGATGCGATATTAATTGTGTACCAGACTACTATGTCCCCCCAGGCCCCGTTCGCTGGAAGTGTCTTGCGCATGGATTCTAAGTAAAACGGGAAGGGGGCTAAACGGGCGCAGACACCCGGGTTGGTAACTAGCCAGATACCAGGAGGGCATCTCTGCGACTGCCAGTCACCAGTATCCTAGCAGTTCCAGCGATCCAAGCCTATCATCTTTGCAAACTAGGCAGCGCAGATCTAACTTACAGTGTGCTGGACGGAAATGATAAGAAATTTTGGCGGTCCTCTCTGCTTTGAGCCATATAAGGCCAAGTGATCTAAGTTAATCTGGGCTGCAAAATCTTACAGTCCCACACGTACTTTAGGTCAACGCGCCTAAATTTAGAGGGAGGAAGGGGCTGAAGTCACAATGATGTAAGCACTAATAACTGTCACCGTATCTATAACGGCCATTGATCTCTCCGAAGGAAATATAAGCAGACGCCCTACGTGCGCTCTCCCAACCCTCCTTTGTTCTGGTTATAAGTCTGAAGATCATGCACGAGTTGTCTAAGCCCGTGATACATACCACTAATTAGGAAATTAGCATTAAACGCAATTGCTGTGAGGCTTGAAATCCGCGCCTAGATCAGTTTTGGATGTCGGGATCTCAAACCACATAGTGAAGGTCGACCAATAGTGTACAGAAGGCTGTGTTCCAGTAGTTCGGCACATTGGGGCGCCAGCTTGAACAAAAACAGTCATCTGGACCCCAGGTTTATAAGTCTCAATCGGTCATAGACTCGCCCAT,1071,47.34,Mus musculus
SEQ_239452,CATCGCCCAAGCCAAGATCCCCGCGTAGTAGTGCCTGTTATTTGTTGGGTCGTGCTAGTACGGGGACATATCGTGCGGTCCATATGCTTTTCTCGGCCGGGCTACCAAGGTCTTCCCATCTGGCGACGTTGCTTCGTACCGTCCATGCTAGGGCCAACCCGTCGTCCGTTTCCTCGGCGGAGGCAAATTAATGATCTCCAGTAGGTCGCAGTCTCATATTTGGAGCCTAATAACGAATACGCGCCTATGATACAGATAAACTACATCTTCGATCGTTAACCTGCTACGCGCGTAAGGCTTTACCCGCCCTACTCGGATAATGCGGAGCCCGTACAACCGATTACCCCCGCATCTGACGCAACATCTAGTTGGCTCAATCACTTTAATAGCTACACCCTTGCTGAAGAGCGTACTAAGGTGATATTGCGTGGTCCTATATGGCCTGAGCTGTGACAGCCTTACGACCCAGGAGCGGAACTAAAGGGGGTACTGACTGGTCTAATCCCAACAAGCGTGAAAGAAGCTGAGAGCTCATTGAATTGATCATTTGATTGTAACCGAGACGTCGTACATTGGTTTATCCGGTTACGCGCCGAGGCAAGGCTTTTTCGCGTATCTGCTGGATACAGCACTACATACTAGCCCCATATTTGCTCGGCGCCTTGGATCTGTAATTATATCAAAGTGCCTATGTATATGACA,702,50.28,Caenorhabditis elegans
SEQ_414106,GCCGGCCGCGTGGCTCATAAGCCGGTGGCACCCTTACGCTCCCTAGTGTCACCACCTAGTCGTTATCTCGTCGGGCCATCGCGCCATGGGCTGGGCGATTTCCTCGGATCCCGTCGCCATCGAGCAGACAACGGCGGAGTAACAGTCATCTTGGGTAATACCACCCCAGTGTGTCAGCTTTTTAGAATAGGTCGCTCGTACAGCTAGCAGGGACCACTAACAGCGGTCGAAGGGTGTCGTGCTGTCGCTGCGCTTTATGCCTACAGCCTTCGCATCATAGTGTCAATTATCGGAACTACATCATGCCTCTAAACGGGACGACGCCATATGTGTGGTAATACAAACCATCATTCATATAGGACAAGAGCTAAAAAGAGCAACTACTCGTTGGCGGGGGTGTATGGCCGTCAACAATACCGTAATCACACCGTCGTACTAAGAGACCCTAATAACGAAGAACCTCAGAACTCTGGATCAATAAACCTGTCATAGCGCGCATCAGCATGGCTGTAAAATATTCCGTGTTCGTCCAGGGCAGCGTGCACACCAGCCCGAGACGGTCTTAAACACGTTATGCTAGCACCCTGCTAGGTCGGCGGGCCATTTCTTTACTAATCAGTGCCAAGGCGTTGTAAATGGTATTATTTTCTAAGGGTTCATCTCGCGTCTTCCAGACTACTGTTTCATCGTGCGGTCTCGATCTTTGGATCTGTTCGGTAGTGTCGCTTACTTATTGGTCTTTGGGAGGGCCGGTCGTAATTACTTAGCTGCTGTAGATGTGGTGTCGAGTGCTGGGTCAATGTGCGATCCCTCATACACGTATTGGGGCCTACTTGCATTTGGCTGAAGCGGGAAGACGAGACTGGAGGTTCTATGAAGATCGTCCAAATGTAATATATCTTATACAAACACACAGCCGGCCTGTGCGGTTAATAAGCCCTAGATGCGCAACTAGTAGATTCGATTTTGGACAGAAAAGGGAACGAACTTCAGCTCAAAATACATAACTACAACATTCGAGATTACATTCCGGCGGGTGTCTGCTATATCCTGAATTTACGATTGTGTCCGATTCCGACCTAGGTGAGCAACTCCACGACTTCCGATCAGGCGAGAAGGGATCGTTCGCAGCGGTACGCCAATCCATCCACACAGTTGATAGCGGGAGCGAAGAGATGCACCTACCATCATCTCGAACTTTGCCGTATCATGTTGCCGGTGATTGCCGCGGGCTCTATTTCATGTGGAGACCCTTTCGCCATAGGTCTCTGGTTGGACACGAACGCAAGAGCAGTCGAGCAACAACAAGCTCCCATGTCTGACGAAAGGCCTCTCTCGCGTGTATACAGCGCACTAGTAAACCTCGAGCTCCGGCACAAGCGGAGCTGCATGTGGACCTCCCCGAAGTTACTTTGCTGTAGGAGCTCATGACGCATAGATAAAACGATCAGAGCAAGCTTAAAAGACCGCAGTATCCGCCAGATGACGGTCAAAAATTGGACCAGCCGTAGCGCGACGTGATAAAGTAGTGATCATGGCTATTCTGAGTGCACTCATTCAATCTACCCCCATAACAATTATGAGCGGTGTAAGGTACTAGGAAGTGCATGGATCTTCGGTATGAGGCCCACATGAAACGGCGATGACAGAAAGGGGTTTGCGTTGCGACTAGCTGCCTGAGGTCGCACGTGCATAG,1696,50.71,Caenorhabditis elegans
SEQ_856976,GTGTCATTGCGAGGTCGCGGTGGACCGCCATCAACAGGTGACCGATAGCCCCTTTCCAGAGACTTCAGAAGTCTGCTTTGAAACTGAAAGGAGGCAACCTTCTAGTTAAATACATATGACGATCTGCAGTCAGCAAGGCCTGTAGGTTTAGTGATCCCTTCTATACTTGCATAACGATCCAGTGATACCTAGCAATTTCTAGGCCATGTAGATGATTCCCATATCTTCACGGGGGGCTCGCCGGTGGCTAGTCCCTAGCGCGAAACACTCTGGTTACCACCGTAAGCTCTTGATTGAGCGGGACCGTTCCGCAAAGGATATTCACGATCTAGGGTCCAGTCCGGTTGAGTTAGCACCATTATTTAACTATCGGGGGCTGCACGGTGACGACGTCGCAGCAAGGCCCGTCAACCTCATAAGGGAATGGGGTCATGCTTTCTAGCACACTAAATCAGGTGGAGCACATCTGGTTTTAGGCAGACACCGGCAGAGCCGCCAGGAGCAGCGATCTAATATGCTGGATAACCGTGGGCCCTAGGGTCGCACTTACTCGCTACGATCTTTCACCACAATGCAGATCAATTTCCCTCGGCCCTAGGGGGTGACCGGGTAACTGGGTAGAGACCTATGAGTGATCTTCTGGCTAGGAGCAAGGCAAACAGTGGGGGAGATCGATACGTAGGACACTATAGGTTGTGAATCAACCTCACAAAGTCAGGCTTGGAACGCGAGTATTCCAACGGATAGCCGACGCCCTGCAAGATGCTGGCAACCCGTTAGATGATGCCGCTTCGGCAATGCATCTTGGAATGGGTGCTATACGGTATATCTGACAAACCCCGTGTTCTGTACGGGATTACCATTTGCGACAGGCAATAGAGTACGCCATCACTCCGGTCTCTAATATGCTGTATCTAGCTACTCCGGGCACTTGAACAGACGAGTAACCAGTACCTCCCTCCGTGTTACGTAATAGCCGTTCGTTGTCAACCTCTCACCCGGGCGCCAGGCATATAGACGACCCCACTATCGGTTCCGCTAATATTAACACAGTTACTGACGGTTATTTTTCGCATATCAATTCTTACTAGTTTGCGGTGGGCAGACCCGTCGGTTCGGATCGATACGCATGGTGCCCCGTGCTGGGAATCACGAACCTGACCTTGCTCCCGGAACCGGTTTATCCTCGTGGGCTATGCATAGTCTAGTTTACGGTCCAGTCAAACCCTATGGTTATGCAACAGGCGCCCATGCGCGCATACCAGATGCTCTGGTTACAGAAAGCACTCTTATATTGCCGTGGATTGCATAAGGGCGATTGGAAACCCATGGCATTTTTAGGGGTTGGGCGAGTTCCTACTTATACCTGGCGCTGAACCGCGCTAGGGGCTCTTCCCTCTCGTGGGTACCTGGTATGGACAAACAAAGAATACGCGACTGCTCTTTATTAAGACGCCCTGATTCTTTAGCACGTAGAATGTTCTCGCCTCATACGAGCACAGCTCAAAAGACACTGACTTCGAAACAAGTTGGTAAGTTCCGCTTTAACAGTGGCGGTACAACGTAGCGCGAATTGGCATGTAAAAGGTACCACC,1595,51.22,Homo sapiens
SEQ_559336,TCAGGATGACTTAACCTTAAGACGACCAAAACCCTTGGGGGTGGGTTTGGGGCGGGCTTTAAGTCGTGTTCAGGGGGCGTTTGCGGGGCACGGTGTTACGGGTATAAGGAATGGTCCCCGAAAACATGCGGGTAAGAATAGGCCTCGTTCTGCCCATAAACCGTGTCACACTCTGAAGGCGTAATTAAAGGATGGAACACAGCTACGCCCGGGAACCTCACAGCTATATGTATATGCAATTATTACAGGCGTCTTGGCGGGTGACACGCGTTGTGATGACAACCGTACCATCTGCCTAACTGTCGCGGGCAGGGAGATGGGTTGCATTGTTGGATCAATCGGGCTCTACATCGGGTGACTTGTCCGTATACAAGGGGTAACCAGGCGTCTTGACCCTCACTTCACCTGCGCACTTCGACGGACGAACCCCACAAACGGCCGACCAGTTTGCGACCTATCACGCAATACTCATCCACACCTGAGCTCTGCATGAGAGCCTTGACAAGAGCACTCTCCCCAATCGCACGGATCAGTGGTCCGGTAGCCACACAGCCCCGCCTGCTCAATATCACTGACCATTGGTTATCACGGATACTGGGTAGTAGAGTCCCGTGCTCTCGAGGCATTTCCCATGCTGAGTCTCCCACTGTGCCCTCCGACACCCATAGCTGGATTTGATTCTCCCGTTTATGCAGTGATCTCTGTTGTTAAGAAAATGCCCATTGATGAACGTGGAATTCTAATGAGAGCTAGTGCGGCGTAATTCTAGTATCGGCGCGCTAGTTCGCGTTACTAACACAATTGCTGCAACGTTTGGAGC,820,52.68,Caenorhabditis elegans
SEQ_236855,CATGAAATCGTTGCGGTAATCGAGCACGGGATAGTGTCCCGCTCAAAGCAACCTGTGACAGCAAGGGTGCAATCTGCAACGGGCGCCTAGAGAACCCGTACCGTAGGTTACCGCGTCGCATTTGTGCTCTGCTTTCTACTTGAAGTCATTTGCATCAAACACATCTGTGAACACCGGAACTCACAGCAGCTGTCATATTTTGTAAACACGAGCTCCTCCACATTGTGCCTTAGATTTATGCTCGTTCCCACTCAGCCCGTTATTAGGTTGTACAGATCTTAGTCGGGATCTAGTCAACCGCACGTAGTTTTAAATACCAGAAGAGCCGGTCAGATTTAGGATTGTATTTGGAGAGACCCAAGTAACAAGCGATGCGTAAGAAGCTACGTTCAACGGGAGTCCCGTACAATACTGGGCCTCACCGATTGTACTTTCAGGACACTGTCCCGGCCGAATTTAGAACTGTGTAACTTACTCTTGTGGGACTCCGAGCCGAGCGATGTGTACTCATATTAGGCTGCAGTCGTCCGCATGATGACATGGGAAAATACAGGTAGATTTAGACCGTCCCACATCAAGACTTAGCGGAAACACAACAAACCAGGGTAGTTCACGTGTATTAGGCTCCCAGGATTGTATAGGAGGCTTACTTATGTACGTACCAAACCTCCAGTCTAAAACCCGGCGGACCGCGAGTAGCTGGTTTATCTACCTATTAGTCACTCTCGCATCGGCCTATGGACGGATACTGGTTTGTGTAGTGTGTTTTCAGGGGCTAGTATCTGAAGGAAGCGGTTAGTGTAGAACTTTGCTGACACCAGGCTACACCGCTCTAGCGCAACCGTATGGCACTCCCCTAGACGGAGAAGACCACCTGTGGATACCTTTTTTGATATATCATGGAACCGGAGATATGACAGAAATCCCCTGGTCTTTTGAGTAACCGAACCTACTCATGAGCTTCTCCCACTAAATGGCTTGCGGGCTAGACAGCGTTTTGTTTAGAGATGGTCTTCGCGAATTTCCTATACGGACTGCGTTGCTTCTCTGCTAGCGATTCTTCTGAG,1067,48.45,Saccharomyces cerevisiae
SEQ_393439,CGCGACCTTTAGTGTTAGGAGAAGGTACTAATTTTGATGCATGCGCTTATTTTTATAAGAGGAATGTTACACCACCTTTATGCCACCTACGGGTCTTATAATCCCCTCACAGCGGCAAGATCTAATACGTGAATTGTCTTATTCTCTATACGTCTTTCGCCACATCCTACAACGAACGTTAATACTACGAAGTGTTGCTAACTCAATGTGGTACCCTGGCTATTTCCACGCGTAGCTTCCGTGAACCGGTATAGAATGAACTCTGCA,267,43.07,Arabidopsis thaliana
SEQ_880229,GTTAAGGTTAAGCCCCTTAACTGATCGTGATGAAAATTGAATGGGAGCTGGCGTTGCATAAGTCGACGCTCGCCGACGTGTCATGATACAGAACCGGAGAGTCTATGGTCAGCAACCAAATTTAACTGCGTCAGTTCCACTGGCTAGTAAAGTCAAGACCAGTTCCCTCACTCTCCATTCGTCAAGCCGACTCCGCCTCATTCCTTCTTTACAATCACGTCGCGAGGAAGAAATCAATTCAGAGGCTGTTTGTCCTTTACGTGGAGCTTAGTTTTTTATGAGTATCGAACTGAAATTGTATTGGTGATGAAAATTTCCGCTATACTAAGGTAGCTGTCGTAAATCTTCCCGATGCATACAGAGGCGTAAACACTATAACTCCACTAGTGACAGATATTGGAACACCGGAAAAATTTGGGACGACCACTTTCCTGAGCTAACGGTTTGCGCCAATCGCTCTCGGCTACTCTTTAACCTTTCGCGGGTTATTCATTGAACAAGCGGTCGACAATGGCTAGAGAAGGAGGTTCCAGTTAAGTGAAGAACTGGTCTTAGGATTGTCTAGGTGGATCGACGTTTTACCGCGTATCCTCCTAGCGTTAGGCAGGCCCGCGTGAAAAGATGGACCGCCCTGGTAGGCTCGAGGGGTAGAAGTAGTCATCTGCCCCTGACGGGAATATACAACTCTTTAGACACGCATTCTCTTTCGCTGAGGGTCAGGTGGCACATAGGACGTTAGAATAGTCCTGTGGCTTACCGGCTCCCTACGACAGTGCCAATTATGCCGAGTCCCTGTTAGTTGACGCTTACACTAAATAGCTCTCAGTCATGGACGTTCCTCGGTATGACGCCCTTAGAGCAGTTACTTAGTATAACTTATTCTTTGACATTATCGGGAGTGGAGCCTGGCGATGCGAACCTTAGTTATCAGATAATCATAAAAAATAATTCACAACGCTGCCCCTACCCTGCAAAATTA,979,46.78,Drosophila melanogaster
SEQ_193729,CACCTGGGACAGATGTTGAGGAGAATGGTCTTGCTGTGAAGGACGGAATTGATTTAGGTAAGC,63,47.62,Drosophila melanogaster
SEQ_129595,CGGCGCTGAAGTCAAGCGCACGAGGGATTAGCAACAGCTGGCTGGATTGTAACTTGGCGTCGACTGCTACAAACAACTGGATTCAAAGAAACTGGGCGGTCGCATTCCAAAAGTACAAGCCTAGCGAAATTTGACTCCAGCTTTATGAATAGGTCGAACGGCCATGTCCTGCGACCGAATGGCTTACCTAAAGTTTATATGCAGTAAAAATCTGGTTACTATGGTGTCTGAATTGCTGCTTTAGACAGTCGACCATACCTTACGGACGGGAGCGATAAAGGGAATTGGTATAATCTAGCGACTAACCAAAGTTGTCATGTGTCCTATAATATCATATGACTTTGGGGCATTGCATATTAGACCATAAACCTCAGATAGGGGGGGGGTCGCCACTGAGAGGTAACTTGGATAAGGTGGTCTAAAATTCCTGTAACGCTCACCTGAGGCGTTTGCAAGTGGTGAGCGATCTAGTTCGGATGATGATATAGCTTGGCGGGGATTACCCGTCGCTTTAGTAGTCAACCCCTGCTTTACGGAGGAGAGCTCATTGCGCCCACAAATGGCCGGATCAGTTACTAGCAAACTTGCGCTCTCGACTCTGGGCGTAGGAGTTAACGTACGTTAATTCCGTCTCTCTACAAGCAGGTCGCGGCTTGTAGAGCCAGACATAAGGCAGTACGGAACCTGAATAAACCCACCTTCGTTAGGGTTTAAACGTATCATCTTTACTTAATTCGCATCCGAGTAAACTCCGGGGTCGCCAACGCATTTCTGTCTATGGGCTAGTGCTTAAGACCAAAAGGTTCAACACTTATCCGTTAGTAATGAGATCGGCAAGCAGGGCTGTCGAAAAGCGACCACGGGATAAGGATTTGCTCACTCAGATAGGGGGAAATTCAAGTGGGGCAGGCCCAGGACCAACAATAATCATGGTCAACGTCGCGCAATACCTATCTCTATATGTCATTTATTAGCAGTGGGGTCAGGTCCATACCTTAGTATACAGGTATAATTCGGTTTACACCTCCAAGTCTTCCGGGGATTAGCGCCCTTCTTGTATCAATGGGTCCCCCCGTGAGTAAATGGGTTTATGGCTATGGTTCGATAGAACTCTTAGGTATTTCGCCATCGTCGCAATAGACGCAACCACTATGTCCCTTTACACTTTGGAATAGTAGCTTGCATCATTGGAAAAGCTAGATCAAACATGGCATGGTTCTAGGGGCCGATTCACCTTCAATGAGTGTTAGTACATTTGATGCCTC,1265,47.04,Arabidopsis thaliana
SEQ_973172,TGTCGTTCAGTGAAGCTTTCTCAATGTGTTTAGGTGGTCCAAACCATTAGGAACCAATGCTAAGCGTACCGGTACGGTCCTTAAAGGCAGCCGAGGCTTCGTAAGTGGGAGCTAACTAGTCTGTCGGCCTGCTAACGTTTTAGGCTCCCATAAAAGCAAGGCGTAACCGTGATAGTAAAAAGAGGAGGCAAAATTTAGTACGCCGTCCAGCGAAACTACCAGGACAATGGTACTGAACTGTGGAGATAATATATACCTAGTTCCCTAGCGTCACTTACCCTTGTATGTCTGCAAAGCACTGTTGGAGGCATCACAACGTGCAATGGACGGTTATAGCGCGAAGCCTAAACCCGTGACACTTTCGGTTCCGTGCCACAACCATGACTTTAAATATGGTACTCCCTGTGAAGTCGAGTAGACTTGTGGGGCATAGGGAAATGGTGCCCCGGCTAAGATGCTGGCTTCCAAGGGCCTTCGGATAGCTTTACTTACGGATAATCACAAACCTATTATATGCTGTTAATTGTTGCTTCCCCGTCCAGAAACGGGTAGAATACTCCTCTAACTATCCAACCTCTGCAAAAACCAGTTCCGGCGCCAATAAGTAATTTTGTTTCGACTTTATCGAGTAGCGACGACGCTCAGACGACCGCGTGAGGCCATCTCAGACGCATCTATTCTTCCAGCAAGATAATATATTGAATCTGGGTAGCAGCAGCGCTAGACCGTACGAGTTGACTTTGAGTCCACGGTGAACTCATAAA,764,47.38,Drosophila melanogaster
SEQ_741282,TGGTTAAGCACGAGACCTCCGCCCTATGTGTTATATTTACCAATCCTTTAAATCTTGGGTATTTGCGTACTGGGCACAGCGTGCTCTCTTGCCGATAACCTGCATAACGGATTATCCTTCACGAGTAGAGTTTCCTGGACCCCTTATATTAAGAACTCTCTAATTCAGTATTTCCGCAGTGCCCGACGTAGTGACTGCTTGGCTTTAAGAGCCGGAGACGTGGGTAACCTACATGCTTCACGATGAGTATGTAGCGATCTGATATTTGGCCGAGCGCGGTTTTCAACCTCTGTATAAAGGGCAATCTCGAATGTCCTAGCCTCCTCCGTCCTAGCTGGGGTAGGTAGTCTCTGAGGAAGCCTTCTATCTGTATTTCCTCAGACAGCGGCCTCCTTGTAGCGAGCTGGTATCATCTATAGCGTACTGATTTTACTCATAAACTCCCCGAGACAATGCCTCGAGTACTAGCAAGTTGATAGCCGTTGCAATTTGACCCAATTGGTTAGAGTCGCCACCTTGTCCATTATCTCAGAGACTAAAGACACATGAGTCGTGTTGCGGCGTTTGGCTGTCTCATGGTTGAAGATGTTTGTCGCCCGAGTATCATACATTAGGCTCTGATTCTCTAGATATTGCCCTCCAAGAAGAGTTCAAGCCTTTCTTCTAGAAAGCCTCTACGACACGGGCTGCCGGACAGCCAAGCAT,705,47.8,Drosophila melanogaster
SEQ_897280,GTGCTCAGTTGTTTTGCGTTGCTAAAGGCTCCGAAATAATACATTGCCTCTGTCTCCACGCAAAACAAGCTCAGAAACCCGTGGCCCATATTCTGTCGAGTGGCAAGTGTGCTGGTTAGGCCCGCGCCGCTGGCCGCATCCTAAGAACTAAGGAACTGTTTCCAATCCCAGGTAAGGTATATGCAGGGCCACATATAATCTCTGCATGGGGTTTCCGGCTAAGATACATGAACGGTAGGCACGGCCCAAGCTCTTGAC,258,51.55,Caenorhabditis elegans
SEQ_484578,GAGACCCCAGCTTCATCTAATTGCTATTTATCGGCGGACGGCCACATGAAGAAGGTAACAACGGACCCCTCGCATCAAATGACTACACAGGATCAGTGCGCGGCACATTACTTGCGCTAATCTCCACGATAATGAGTTAAGCGAATCTTAGTTAATCTTTCTATCCGACCCACTGAAGTAGTCTCAAGTTAGTAGGGGACCTTACGTCCTATCCCGAGCACTCCGTTGGCGCCGCGTTGCCATCCGCCACGGGTGTCTTGCCTGCGTCTTCAGAACAGTTTCCTCCATGGGGGGGCTTATTAATCATTAAATGTCAGCTTTCATAGAAAAACGCGTCGATTCAGGCGGCCTAGGCGGTAAGTCATCTGACGCATAGTCCGGACTGTCCTTCGTCATCGTCTCCGAACGAACTATGCTTTACAGCAAAAGATGGACGGACAATGGGTAATCGGAGTTAAGCGCAATCTTCGATCGTGGGTGGCAGTCTCCTCGAAGATCGTGGCACCCGTCTACCAATTGAGTCGTCGCAGATGTGCGTCTGCTCCAAGAAGCCTATTGCTTGAGTTAGTTGACCAGCTCCGCGCAGGTGCCCGCTATGCACTGGCAGCTGGGTCAGCCTCAAGTCACCTGATGTAAGAGAATTACCGCCGCAAGCCGTGAGATCGATGTCGGCTTGCACGGCACGCGCTGGTAAATGTAAAATGCGATCGAAAACGTTTCCGAAGCCCGATGGGCCCAGACGAAAGGGCTCAAGCGAGGCGATGTCGCATGTACGCCGAAATACAAAGGTGTGGGGTCATGCACTTACTTGTTCGTTGAATTTCCCTGACGTTCCGCCAACAGGGTGCCGGAATTATACGCATTTGAGGGACATTATTAAAAGGGACAACATAGTCTAAGATACAGTTGTCTAACACGCTAGGTGTACAGCCGGGCAAGACACGAGTGAGGCCTGTAAATCAGACAGTCCTGGTACTTCCCCGCGGATGTGGACAC,996,51.81,Arabidopsis thaliana
SEQ_740350,AGCACACGCAAACCCCTCATGGGAGGACCCTCGTTCCGAGAGCTCAGTTTTTAGGTCACTTTATCCGTGGGTAATGGTGATTTCTAGCCCTCCGATGACGCACGATCTCTTATATCGACTGCGATAACCCCTACGGGTTGCCCCTTAGGAACATGTCTTAGACCGAGTGCAACTGCAGGTCACTCAACATGCTAGTAATACTCAGCCTACGATAAAGATGGTTCTATCACTAGCGTAAGAACCTGAAAGTGCGATTTGCATGATCCGGTCTTTGTGATTTTTCTGGGGAGCTCCCACGTTAGTCATTGTACCGGCCGATTGATGATGCAACGCTATAGCTGATGGAGCCCTCAACTTTAAGAATTTCCCCCAGCGACAAAGCATACGTGTGGTAGCCGAGCAATCGGCGATTCCGCCCGGCAAATCACATGTTCGTAGAGCGTAACCGGCCAGCAGCTCAGTGTAATAGAGAATTGTGTCTCTCCCGCCGTACAAAACTGTGGATGGTCTCCTGAAGAGCGCTCGCCGTAGTGGACCTTAGGCCCATCTAGGTGTGACAACTCAGTGCTCCGAACTGCGCACTTTCTCATCACGGCTCATCTCAAAGGATTTGGAGCTCGCGCGCCCAGCTTTTATAACGGTTTCATGCTCAGCCTGACACAGGCGCCTTGCACCCAATTAGCGTGCGTATCTTTACAGTGCGCATCTGATATTATGCCTATCGCCGTTTGCGGATCTGTGGCGTTACAGCCTGGTGGCAGATGCGTATAAAGTCTTCCACCAGGCCTACTTAAATCGATAAGCTGCTTAGGTCTATTACCTATAGGACCAACGCCGGCTTCTCTCTCAGGCTGGGACTCAACGCTCATTTCAAGTACCTGACCGCAATAATCTTGGAAGTGGTCACTCCCCCACGGGGATACGATCCCTAGGGCTTCGAGCATGGCAGAGGAAGCGCTAGCTGGCGCGAGAATTATACACATGCGGGTAGTCATTGTTAAGCTAAGGTACGTGGGTCTGTGCGGCCATTTGCAGGGAGACAGACCTAAACTGAATCGAGTGGTCTACCAGGTTGTGGCTAAGCGGTGAGGGGCAGTGGGCACAATGATAGCGACCTACATGGTAGTCCTAGCTCGGCTGAGATCCGCTCGAAAAGTACTTAATCCCAGACGCCTAGGCGCCTGCGGCGCACTAGTGTCTCAGGCGGCCACTATGCGCTGACCAATCATGCTGTAGGTCATGCCGTCTCAGGCCCGCTTCGTTCGTAACTATGCGCCGGAAGAGAAAGATACAAAGCAATGAAAGCAACGTGGGCCGGTAAGGAGGCCCGGATGGGATGCCAGGCGCCAGAGATAGTTGGGGGTCGATTGCGCCCATATTTAGCGTGTAGCGTGGTGGCTAATGCTAACCTGATGAAAAGGCAGCGGAAAAGGCAATTACAAGATAGGGTATTGTGTCGATGCTGTAAGTGCAAATGGTGCGATCACCTATACGGAACATGATGTATTTACAAGGCCCGTACAAAGAATTAAGCTAAGGTTGGCACCGACTCCCCCCTATATCGGACCATCCTACGTTCCTCTGTATTCGCTCTACGTCGATGACGAATAATCACTTGCCATGTCAGGAGTTTCAGCGACCGAATAGACCCGGAATGACAAGAGGCGATTTGACGCAATG,1680,51.79,Homo sapiens
SEQ_473508,AGAAATGATGTTGAGCTTAAAACTGCGAGGGACCGCCAGCTGCCTGGAGTCTTTTGCTTTGAACGCAGCTAACACTGTGGAGAATCAGTTGCCGAGGTCGAGTTTTATTATGGAGGCCCTACCCGGCGGCGCAACGGTTTTCTGTGCGTCCAGCCGCCCAATGGACATTACCGGGCATAACTGTAAGAACTCTGACCGGACAAAGAACTCAATGTGGGGGCCAAGGACTCCTGCCAGCCCGATGGGCGGGCCGACTGAGGGGAGAGCATCCGTGGTGATGAACCTATGCGTTAGCAGCGCCGGATGAGGTCTGTCTGAACGTCGATCTATGGTAACCTGAACGGATTGATACCCGCTAGAGGTAGTCAGAGGATTGTACTCTTTGCCCTTGTGTCAGAAGTGCAAAGGTAATCAGTTTGAACCCCTTTCTTCGGAGCGCATGTCTGAATGCTCAAGCCGACGGGTGGCATCAGGTTAGGAATTTCCGAAAGCAATGTACGCTCTCTCCCCGCGTGGAAGCGTTGCGCGCGGCCGCTAGAATAGTGATCAGGAAAGAGCCGAATACTCACTGGTACTCCACGCAGTACATTCATCTCCATATGAGTCACAGGCAGGGCTACGCCGTCTAATGCAACCGGAGAATACCGCGTTCATCAATGCCTGGTGAAACGCCCACGGTAAATCGATCTCGATACCTTGAATTGTGAGAGGGTTGTTTATACCGAGGGCCGGCCTACACCACTGCGGCTACGGAAGAGACTAAGACACTCTAGGGCTTATCCTGCCGTGGAAGATGGTCTTTCGGACCGGTGTACGGTATCTTTCGGAGAGACTTTATACTCGACCCAACAACATTTGTATTTCACGGTTGCCCTGGTTGCGCGGCGGTGCTGCTACCCCCGCGACGACCCGAGTGAAACTCTGGGCTAAGTGCCCACCTCGCCATATTAACGCAAGAGTTTAACCATACCTTCCGCATTGGGGCCGCTAGCGTTAATTTAGTCCAAACCACAAGTGCACCATACATGAGAAGTGTGGGTGTACCCTTCACTCTGCTGCGTCTGGATCTGACAGGGACTTTGAACACTTTCGCGACCCACCCCAGTTGGATTCGTTAGCATGTTACAAAGACCGGTTCAACCGGGGCCGGCCAGATGGTCGCCCGGCTTGTACACGAATGCTTAGCTTGAGATCTAGGCCACAAAGCTTGTCCGTATGCTCCGAGCAAGATCACCTGCAATGCGGCGGAAGACACACTCGTATGAAAATTCTGGGTAAAAGTACTCCGAAATACGACAATCTGAAGAGAAGTAGACGTAACTAAGAATACGGGGA,1335,52.73,Mus musculus
SEQ_880107,TAGCGCCTATCCTATTGACATGTCACTGGTTTTCAGTGACTACCCTCCAACGGGGGGCTAAGCGCTTTACCTCTTCATTAAGTCGCGTCGATGTCTCCGGACTGTCATTGATACGCTGGACGCGTTTACTTAGCCTCCGGACACGTGGCTTTGATAAGTGTATGTTTGTGTAATTCAGGACCTTTCGTCCAGCTAAAGATTTATGGACGCGGGTAAAGACGGGCATTAGTAAGACCTCCCGTTAGGACGGTGTCAACCATCACGCTTGGGCCCATAACCCGCCCTGCGGAAGCTACTAAGTAACCCGTGTTCCACGCACAAAACCCAAGCTTTCGTTCTGTACTAATATGAGGCGACACCTTTCAAGAACGCCGACTTTTAGCATTGGTGCAGAGGTTGAGTCAGCAACTTCCGTCCGACAATTTACTCCTCTGATGGTTCGACATCGAGTGCTAACAAAGTTGACAGGGTGGTTCTACCTTTATGACAGTTCACGACGCCTTGAGCGCTATCACTGCCATAGCTGCCTCGACTATCCCAAAGAGAGACCATAAAACCCGCCCCTAATTCGCTAGAGCCTTATGTAGATTCGAAATCCAGATAGAGTCTCGCTCCTCATAGGTGATCCCCTTTATATACCTCGTGGGGATAAACGGATCGGGCCCAGTGTGTGACTGTTAATATCCCACACATCACCAAATGGCCGATATCACGGGCTCTCAGCGTTCACCGTAGGGGGGCCGAGCGCTTGATACTGG,758,50.4,Homo sapiens
SEQ_650412,TCGAATCGCATAGCCCAATCGATTGCTGTAGGCAACCGTTAAGCAGTGCGCATCACGAAACGCTCTGACGGATTGGATATGGTCTGGTATCTAATGACCACAATAGCATCGCTAAAGACTTTTCCGGCGGTGAGATCTTCTAACGAAGCACTGCTGGTATTTTCACCAGTTTCGGCCTAGTATATATGATAGTTTACAAAAGTGAGTTAGCCTTTAGGAATTACCTCCGGGCGTCTGCGGCACTTAAGAAG,251,46.22,Caenorhabditis elegans
SEQ_102300,GCCTATGTTAACCAATGTCCATCTGGGCTCCCCATTTTGTGCTTTCCCTTGTTGAACCTTGTTGACGGTTTCGTCCGAGCAAGTGTGACAGACA,94,48.94,Saccharomyces cerevisiae
SEQ_548965,AGCAGTGGGGATCGAGATGGGCGGGCTATCGTTATTCCTCGACAATGAATCCGTACCCCGATTATAAGAAGAGAGCTGTGAGACGCGAACCTGTTTGTCCGAGTAAGCACAGTCCTGAGGATAAGTGAAGCGAAGCACCGACGCCGGCTCACCAACAACCACTCCGAGTTTCTCACCTTTGGTGATATGCCATAATTTACTAAACACTCGCTGGGGTATGTTACTTGGAAGCGGACTAAGCGCAGCCGCCGCTGTTGCTTCCACCCGTGTTCTCCACGTGTTTGAGAGCCCGCCCCGGTACTATCCGTGCACGCAGTTAAAAGCGTACGTGGATTCGAGACGATTAACCACATCCCATGGTGCGACAACGTGTGAGTACCTAATCACTCGCCGAGCCTCCCAGTCCCCGCGAACGCCAGGCTATCTTGCTCTAGACGCCTCGTGCCCACACGCATAGCACGAACACTCGTCTTACGTCAGCTTCCGGGTTCCTAGAGCTATAATCGCCTTCAATACAGCAATGGAGTAAAATAACCCTGTACTAAGGCCTATCACCGGTAGCTCTTTGAGTCATAGTCGATCGCCAACCACTCACAAACGTTCACGTCAATACATGAGCCCCTCCTCCTCACCTAATGGTCGGCTGGCAGACCCAGCTCGGAGTTAAACGATTGTGACCGCCCACTGGAGCTCCTATGCAGCAGAAAATGCACGTGTATTTTGTCACGTTTTAACACGCGAACTGATTTACCGATAGTTTTATTCTAGAAAGTGGCAGCTTCTACATGCTTCTGGTCAAGCTGAACCAGTTCAGCGTGCAAATCGCGCATTACTGGGGCATTGCCGTTCAGAAACTTCGGCGGGCTGCCAAGTTAATATTGTGTTTCATAAATTAAGTTACTCCTATATGCTACACCGGGCACGTGGCGCCGCTAAAA,938,51.28,Homo sapiens
SEQ_724935,CGTGGGTGTTTTCACGCGCTTGCCGGCTTCCTACTTGTAGTAACAGCTCAAATTCAATCCTGAAAGTTACGCTCCATCTGCACCTCATAGTCGGGACGAATGCTTCGATTGCTATTACGTGTGGTGACCATATTATCGGGATGTTAAGGCACTCTCTGAGAAACAGATAAAGTGCCTTGACTCGACACCAGGGCCAAGTCCTTAGGTGTAGCCCATCTCCAGGGC,225,49.78,Arabidopsis thaliana
SEQ_465314,CCGAACCCGAGCGAGGTGGAACGCTACCAGTGCATGTAGGTTACTCGATAGGCGAATTTGCCAGGCCCTCCAAGTTCTCATTAGGCTTTTAACTAATTTGACATCTGCCTACAGTTGTAGGGGTGAAGATACGATACCACGGGTTTTAGTCGGTCGTTGCCGGAAGATACGGCACGGGATTGGTGGGAGTAGAGGGTCGGCTGTCAGGTACCCTCATTGAATAGGTTCTCGAGCTTTTGGGAATGCGACGTCAGCGCAAATACGTGATTAATGTGATTTACTTACCCTGTACGATGACATACAACAGTCCGTTCGGTTGATGTGGAAGATATGGCTCTTAAAATTTCGAACTACACCAGGATTTCTGTCGGCGGAACTCAAATACAAAGAAGGCAATTGCGAGGACTATCCGAGTGATGGAAATGGAATTGTGATCATATAGAATCCGGGCATTCAGGTTGGCCAGAAAGCGGACACACTACTGAATGCTGCGCTGAAAAACGGAGTACCTTTGGCACCATTGATTCCAGAGTGAACGAGGTGCCGCGCATCGAAGAGACTAGGTTTGTATGCATCAGTGCCGTATGTGATGTTTGCTTTTTGTCAGCCTGGAAAGGATGTAATCCCGCGATACATTAGAGCTATCCTGGGTCTAATTGCCCACTGGAGCTCAATAGTCTAACCCAAGTTGTGTGAGTGGTGACGTCCCATTACATCTTGATTCCCTTCGAAAGACGATATTGCTGTGATGTAGTTCGCGTCACCGTATTCGAATTTTACACCAGTGTACATACAGCCTAAGGGCTACTTAATGCCGTGTAATGCCTGACCCAGTTGCGCACCCGATGCTAGGCCAACGCTGCTGGAACATAGCCCCCTTATCAGGACGCTGCGGCACAATCAAGTTCAGTGCGAAACATATAATAGGGAAACAGCCACCGGCCTCACTCAGTCCAATACCGCATCGTGCAAGACCGCTCAGTTTCACATTTCAGCCGTGGCGGGGCACAAAAATACAACAATAGCCTGGCAACCCTTGACTGCACTATTGGAGACGACACCTGACGCAAAAAGCTTTAGACACGTGAACGCTTTGGCTCTATTGAAATTAGAACTCCTGATTGGCGGATGTTAGTACCCGTACGGTTAATGAAGGACGCTAATCGACCCCGCTCATCCAAAGCAAGCGTGCAACCGTGCGCAGGCGTAGCGCTCAACAAAATCGTGCAACGCCCGCTGAAGGGCAGTCTGGATTCGAGCTCACCACTAGTGGTGCAAGGCCCCCACCATGCTGGGCCAGGCAAGGTATTTAGCCTAGGGCTCACCTGCAGCGTTGGGACAGCCAATCCCACTCCCATATGCATTATTTGCGACAAGCAGGCAGTGTTCGGCACCAGAAACACTCCGGAGGATGGAATCCGGATACTTGATTTGTAGACGGCTCGTTGGACGGTCCAAGGCACGCTCGTCTTCCATTTGCCCTCCTACCCGTGAAGTATTTAGTGAGGGCGGGGAGAATTGTCATTTGCTGTTAACCTTGCCACATAGCGTAGAACGTCGCTGGTGACCGGAAGACGTCCCTCGGAAGGGAGAACGTCGTGGCTCCGGTTCTTCAGGTATACGTCGCGCGCGTCCAAAACGGTCCAAGCCGCGACAATGAATGTTACGAGCGGTGAAGATACTAAATAGTTTTCGGCTAGATGGGATGATGGCCATCTGTACACTAATGGAAGCTGTAACTGATGCCAGAGCTCCTCCTCTATACCCCTTGCTACTTCGAACACTTATGCAACGTCAAAGCGCCCTGGTC,1810,50.66,Homo sapiens
SEQ_118865,TGATTATTTGACGGTATCTCAGAGTTGCGGGCGACATTTTGTTAGCCTAATACCGATCACACAATAGAGATGAGGTTCCTGGACTTAGCCCGACAGACAATGTGGCCC,108,47.22,Drosophila melanogaster
SEQ_777869,TCATGCCAGAAATTCAATCTGCAACCATTCACCCTCGCAACGCCGACAGGCGTCACCCCCTGGCGCAGCTGGCAGGGAACTCTGAACCCACAATGCTCCTCCAAAGCAAACTGCTGCTATGAGGGAAGTTGTGTCCCATCGGTACAGCTTAAACCTTGAGCATTCTAGCAGCGGTAGACCAAGTCCCGGGGTTAGTACTTCGAGGCGCCGAGTGCGAAATGCCACGCGCGTTTTCGGAGTCTAGTATACAGGTTTTAATCTCTACAGTCCGCACGTTATTTCCAGGTTAGAGCGACCAATCTGGCGGTTTACCCTCGACCGCTACTTGGGAATGTCTTGACCACCTGAGTTGTCTTAAAGAGCGTATCCGGTTACGGAGCAGGTCGATTCCCTAAATTTTAGCTAAGGGCACCCCGAGCAGGTGTCCTCGTAACTAACCGTTGACGGATCCGCCGTAGATATACATTTTGGTTGATTAAATAGTATCGGGACGGGACAAGCGGAAAGTGTTTGCGATATCGGAAATAGAAGGCAGAACATCCGGGCCTCTATTCTAGTTCACTCGATTAGGTAGCACATTTCAGCCTATCATGGATGGGCCTCGACCGTCCGTGAGACGAGATTTGATTACAAGAGGATTGGTTTACGCGACTGGTACTGGAGAGCGTTAGTAATAATCGATAGTAAAGTTGAACAAATGGCTATAAGGGAACCAGTGTCCATCAGCCAAAAATCCGGACTGGGCGTGCACGGGATCTGCTTAGGCCCCTGCAGGACCCTTCGTAGAGCCGTAGCACAGTTTAGGGGTAGGGTTGTCTGGTGTCAACTGAGGAGCGATATCCAGTCGTAGTTGTCAGAAAGTAGGGGCGAGTATCGTTAAACCTCCACCAAGGCACTTCGGCCTGGT,907,51.05,Homo sapiens
SEQ_626612,AACTACCACCTGAGATACCAGATCTTCATACATATTTACTGGCTATGATTGTATAGGTTAGAGATTAGATGGTTTAACAAGTCTCCTGGCTTCAGTGTTAAGCTCCTGGTTTAGTTGGGTGTCTTGTGTTCGGAGCAAGGAGATGCGCGCCCGTCGAGCGACTTCTCGGAAGCTGTACCATCGAATACTACTCCTCTGCCTCTAAAGACAGGTTTACGAACTATGCATTTTTGTACCTTTTTAACCTTGACGTGCTTCCATCACGAGTTAAACACTTAATACCGTTTCGCAATGCTCATGTGCCACGATGGTGCCATGTTATTCGACCCTCTTACCGCGGCGTTATGGTGCGAGGAGGTCTCATACTTAAAGCTGTTCGTGTTGTGCAGGGTTATGCTTAGCTGGCATTCAGAGGTACAGTTTTGGCTTCAATCGTGACACGAACTTTTCAATCTTGTATATATAGGGACATGCGTCGTCGTGTTCTGGGTGATATCCACAAGTCTCAGTATCAAGTCAACCATAGAACTCGCGCTATATTAGCCGTAGTCTTCTTCGTTTCCCTGCATGCGTGACTGTGCATGGCTCCGATGTTACTTTGTAGCATGAAAGGTGACAGTGTGTCCGTCACTAATTAAGATGCACAGCCGGTGGCCTCCCTGCGCTTTGACTTTCTGCATTGGTTAGTCTATTGGGCATATGCTAGAAGTCATAAACAGTTTGCGAGCGCTCAAG,735,45.99,Drosophila melanogaster
SEQ_930344,TGCGATTCGTGCAGCTTAAGATCCTCGCAGGTGCCAAGTTTCGACCTCCTGGTACGGAGGTCGGAGTGCCGCAGTGAAGGCCGAAATATTAGACTTCGTATGGACCAAGGTCCGCTTTTCGTACCACTCCCTTAAAGCCAGTCTGACGAAACATGCGCTTCGACGGAAATGTTCTTACGGTAAAGCACACGTTGGTGGAATGCTAGTCTTTTAGTTCGCGCTGCCCTTATGACCCACTGGTCCTATACTGAGCCAACTGCGGAGCCTGGCTCATCATCATGCGGGTCCACATAGGTTAAATCAAACTTACACTGTTTGTCCCATAAGTCGTCCTCTTTCTCTTGCAAAGCCGGCTTAACAAGAAACCCCCGGTCTGGAAGGACTTAGACTCTGATCCGCAAGCTTGCATACCGAGCTGACACGCTCGACTCTTACTGAGGTTCACATTCACTCAAATAGGAACAATCCTTAAGCTTTATGATTTCGACTATTCAGAATGCATGTATGAATTCCCCATAAGTCCGATGTTCGGTCTATGCGAGTAGAGGATTTCAAGAGAAGTACTGGGCAGATTACGTCAGGCGTACAAAACACACTCCTGTACGCAGCGAATGATCTGACAGAAACGTTTAGGTGGTGTGGACACCCATTCCCGTCAATGTGGGGCATTGTCAGCGCTGAAAATTTAAGTAATTTTTATTATCCTGGGAGTACAACAGCGGTCTACTAACCGCGGTGTTTAGATTCCCACCGACTTCAGGGACAACTTTGCGATGCCTGTTAGACGTCGTGCCAAAGCCGTCATCAGTACCGGTGCTAAATCTCAGCTAAGTGTGACCCTCATAGTAGGTTGTAAGCGATCATATCATGTTTAGCACACAAGCGGCAGACCATAAAATGATATGGCAATTGTGATTTGAACTTAGCCCGAGTGAAGATATTAACTACTTGATACACCCGCAAGATGATTATCCTTTAGTAAACGCTGAGACACGGTACTCCTTGCTAATATCCGTGGAAGTTACCGCGAATTCGGGGTGAGCGCGTTGGCGGTCCTGACCTACCCCCCAAAAAGTACTGCCGCGGACCAGACGGTAACTCCTCGTGGACGACCAAATGCGCGATTGAATCTGAAGACAAGAGGCAATTAGGTGAGCAATCCGGAATAACCAGTGCGTCACCCCGTAGGGAAGCGTCGATGGGGGGAAGTGTCCCCCGACACATTTAGCATCCAAGGTAAGTGAAAAAGCTTACCTGTGATGTCGAGTATCCCATAAAGTTCAGCGTTCCGCTCCCCCACCTGCTATGTACCACGTCTTAGAGTCTGCATGCAAGATCAAACGGTTTAAATTCCTGAGGAGTCCTAGTACGAAATCGTTCATCGACATACTTTGGGTTGTCAGTTAAAGCCCCATCTGT,1419,48.34,Mus musculus
SEQ_274887,GTGCTTTTGGACTTACGCGTTGAACCTGTAAGGCTTGCATAAATTCCTCTAAGTGCGGTATCTGTAATGTTGCCTATTAGGCACTACCGAGTTATTGGTGGCACCAGCGAAAGCTACGAGATAGAACGTTCGTGTCGGGTCCAGTCGCGTGGACGTCGTGTCTGACGAACTGAATAGAGGAATTTGAGAGTGAGCGGCCCCGCCGAAGAAATAGCTTGGGCATCTGGTATCATTAGCAGTGACAAACTATTTAGTTGATAGGTTATAAACTGCATGCGTGAAGATTAAGATGCGCATCAAGAATGGCGCTTCCGACCACCGGACCCCGTCTAACGCTGAGACCACGTTGGTGTCGCTTACCAGACAGTGTGAGGCTAGTATCTGATCTGCGTTAACAACTAGTAGCCGCCATTGGAGGGGTTCAGCACAATCATATTATGAGCGTGCAGCATCATTCGGCGTAGTTACTCTGACCGCCAACTCCGAGCATAAAGGCGAAACTTATCCGTTCCAGTTCAAGAGGGTAACTTAAGAGGCTCACACGCTAACCTTCCGACTTTCGAACTAAGGGCAGATGGGATTTCACCTAGACATCACGACTAGAGCGCAAGTCTACCCTTAAGAGGCCAGCCTCATTTTGGATTTTAGGGAGACTCGAAGACGAGCGAACGCCGTTCGCGCAAAACTATCAGGCCAACCTAGTTCCTACCTAACTTTAGCGGTCGGCGCCGTGCTCACGTAAGTTTAGGCACCTAATAATCTACTCCTGGCTGATTGAAGCTGAGTATCGAATTTCCAATCAATCACGGTTCAGTTTGTAGAAGTACCCTTACAGAGGGTCGGAGTCGTCATATGGCGTTATGATTGGATTATCTATAACTGCAACTTATAGGCAATGTTCACACAATCTCCGGGCCCCACCTCGCCAGCAATTCTCTGTTTCATACTCCCGCGGTTGCTGATTGTTACAGTAAAAGAATAAATAAACATCGGGAGAATACGAGTAGACGCGTCTCACATAAACCTGCCCTCTGTTTCTTGGTATAGTTCTACGTCTGCTGTCACCACATGGAGTCGACTTGCTTCATGTCGGTAGTCCTATGCGATCAACAATCAAATGAATGTTTCACGATAACATAGTGAATGGACAAATCTACCACCAAGACGGTACCATTAAAACATTCGCATTTCCTCGCGCAGACGACCTTCCTGTAATTCAAAGATCATTTGTGCAATAGCTACGTGACGCTCTCCACTTCCCATCGTCTTCGAGGTTTTTTTGAATGTTTGAGTACACGACTACTTGGCCTGCCAGGTGGCTTTTCTCCCACGTCACCAAAACCCGCGTGTATATGAAGTGGCCTTACTAAAACGAAAGTCTGTAGAGGTTTGTAGTCATCCCAGATATAAAGG,1413,47.06,Arabidopsis thaliana
SEQ_898368,CATCGAGAACTTCCAAAAACTAAGTTCGAAAATTGCGGATGCTCGAACTGATACATTGAAGTCCGAGCTTTACACGCGAGCTGGGAACGGGTAACACATGCATCTATGGCTCCCGCGAAGCAGTCCCCAATGTCCGCCGGCCCCGGTAGGTACTATGTAATTAGCCTGTTGAACGCATAATTAGCTACGTGAGAGCGACAGGAATCCTTCTACACGTATTAATTTAACAGTGCCCAAGGCGGCCCGTTCGGGATCGCGCTTCACCCCACGAGGCAGGGATCGACCTTGCCACCACATGAATGTACTTATTGCTTAACAGGGCCCGCAAGCACCCGACGTCCTCTGGTCCTTGAGGGCGGTGGGCGCCTCGGCGACCCGCGCGGTAGTTCATGTGAGACCGTATGAGCCTCAGGCCCGGTTGAAAAGATACATCCCATCTACAGACACTGATATATCCCCCTTATTGACTCACCAGTATACCGGCGGCCAGCGATTCGGAGGTTCGCGTACGAGACGGGCTTGGTGTAACCGTTAACGTTGGGCCCTGGAAACCAAACGCGGCTAGAGTCAGCCGTTGGCTTAGCGGACTACTACTCTCACATCACCTATGCCAACACATTTAGACCATTAAATTATGGGACGTTTCCGGATCTGAGAGTATCCTCGGGTTCTCTTCACTACTGTGACGAGCGGATGAGTTGTAGTCACCACCGTCCATGCCGAAAAGCCGTTAGCGGGGGAGCCCACTAAGGAGGGGTAGATTGCCAACTCCGCATGTTAGTCGGAGCCACAGGAGATAAACTTTCGGTACCCTGCCATGTCCAAGGCGACCCTTAAGCTCGTACAATTAATTCTAATGTGATCTGTAGGCCGTACGGGGTCACCTCGAGTTGCACAAGGAGCCATTTGTGTTGCGGACGACTTCCCATACTTATGGTGAAACACTAATGCCTATGCGCTTTTGCAGATCAGCGGGTAAGAGCGCCTTGAATCTAAAGAGGCCTCTGGGATCCCTTAGCTAGACGCACGTGGCTTAACACAATCCGGGCTATCGACATGCTCCCGAACTCTTCCGCTACGAACGAACCGGCTCGTTATAGGCTCAAAGAGGGGACTGGCCGCGGTTGGGTGGTTAACTCCAACACAACAAAACTTTAAAACTGTATTATGACCCGAGCCTGCGGCTTGGCACGGAATTGGGTTACGGTGCCGGTATGCATTCCTTTACCGTTCGCACTTAAGGTCGTGTTGTACGAAACACCTTGCCCAGCCGACGGTGAGGAAAGTTGTCAGGTTTTCCCTGTCGCAGCCGTTCCGCCACCGCCGTCCCGGCGCTTGAGTGGACCTGTGGTCATTGAACGTCATAATTAAGCGTTGGCCCGAAATATTTGTGGCCGAATTGGGACGATCATACTATAAAAGCTCACATTTACTCAATCGCGTTAATTTGTGCAATCAGCGCTGATTCGTCAGAAGCACTATAGGTCCTCATCCATGGTGGAAGTATAGGAACTGGCATTTCATGCCTAGTGATACCTCAGTTTAACTTCTTACCAATGGTTCGCAGGGGACGGTCCCCCCGGATTGTGGTGTAGCTGGAGTGTGAAAGGACTGCAAGTTTTCTCACCATCGAGCGCATTCAGTCACTGCTTTGACCGTTGGCGGTTCGGAGCAGAACG,1679,52.41,Drosophila melanogaster
SEQ_833134,TGGCAATAGTATTGTAGTTGAAGTTGCGCTCGTTGGCTAAGCAAGCCGCCGTAACACGGCTTGACACCCCGTTCGTCATAACGTTGGAACAGTGTGTGGCTACCGCTGTACAGGTTCCGCAGCTTTGCGCGCGAAAACTATAGCGAGGCAGCCCCCTTATGCCCACTTTAGTGACCAGCTTCAGGCCCACTCATCCCTTAAGTTACCGATTCCACTATGGTCCAGATACTGCGTGGGTTCCCTGTGTTGAGTTAGCCCGATGTATACGATGGTCCGCGAGGGTGACCAATTAGAGTGGGGGGTTCGGTCATTAGCGAGAAGTCTTGACTCAATTACAGTTGCGCAATATGTCCGCGTCTGTCGTCGTGACACCAATTCTTGCTCGAGTGATTTTCTGTGAACGCGACGCTATACGTTTGAGTTTGACCAAAACACAGACAAGTGTGTACCAACAGGATCTCTCTCTGCCGTCATTAGCGAAGCACATACGTTCTACTAGCAACGTACTTTCTGGACGTATAAACCCATTCTTTTGCTAGATCAGGTTCGGGTAAGATCGAAGACGTACAATGACCGTGTTTAAATTTGGCTACTCAGGTAGCTCGGTTTATGAGTTCTTAGGCTGCCGACCCCTATACTCCGACACAAACAGATCCCTTGATACTACTCATTACGAGTGGACACAGTTGACCCAGATGTCCCGGCGAAAATAATCGTCACAAAGGCTTCCAAAATTAAGAATACTGCCATACAATGGCCGGACATCTCGGTTCTCACTCTTTGTAATGCGCGATGATGTCCTAAGCCTACCTTGGGAAGTTGAGGCGCATTTCTGTTCCCCTATCGAGGTGTTGAAGTATTACGGTGATTTGTGAATTCTTACTAGGAGGCTTATAGCAACAGCCAGTCGGAGAACATGGGTACGACGTAAGCGGCGACAAGTCGGCAAATACAGAAACGTAGGACCGCCTATGCTTAGACTTGTACATCGTAGGCGCGGCGAGGGGTAAAGTGACGAACTTATTGTCTTTACCCTTACCGCTTTATCTGGATAGGCTCTTACTCCCCGTTTCAGCGTATACATGGGTATTGGGGAGGTACGCGCTGTGGGGGTCCCATGAAACGTTCGTCACACATAAAACAATCTCTGTTGCTTATGGTCCATACCGAGATTGGCCGTTATAGTAGGATAGGACTCGTGGGTCTTTTATTCCGAAATGAAATGAACCTCAAACGTACGTGTGTGAAAACACCCCCGATATTCCCAGACCAAAGTAAAGGGACTTGGGCCTCCACCTTTTCCCGGAGTACTGATGATGCCAACTTCCCGACCTACCGGTATACCAAGCGGGAAGTAGTCAAGCAACTAGCCGCATGTGGGACCGCGCCCCTGGTTCGATGACGTCTCAACCGTGTGCCGTAATCTAGCGATTCTGCGCACCAGAAATCAGCCCAAACTTTCTGAGCACACATCCCGCTAACTGAAGTCCTCCCTTTTAGGGTTCCCGGGTGAACTTAA,1519,49.37,Drosophila melanogaster
SEQ_119499,ATTGTCTTAAACCGCCGACTTACGCACTAGAACACCCCGTCAAAATTTGACGCGCGTAAATATGAAATCCCCGGCTAGCTGTCTAGGGATGAAGGCCTGGTTGTGATCTGGGTATACGTTAATTCTTGGCTACTAAGCGCTCAAAACTCTCCTCAGCGAGGAAAATCGGACACCTCATACGTTTGTGCCCCACGAGCCAGCGCATGCGAGCTAAGCCGTTCAGAGTGAGGTAAAGGGCACGGTATCCGCAGTGCTGGATGGTGAGCTATCTACCGTGAAGACTCATTATCCAAGCCACCCTGTGGACGCGTGAAGTGTTTTTCATCTGAGCTGCCTCATCCTTTTTATACTTCATATGATCAAGAATAGCATGAACCCACAGGACGCTTTCCACAGACAGCCTTAATAAAACCATTGGAGACGGGTCGCTTGTACGTCCCGCTTTTGCACCGATTCGCAAGCGTCAAGCGAGTGACCATCCGCCCATGTGCTGCACGACGACTGGGTACCTTGGGCAAGTCGAATGCCTATGACACGCAAGGAACTATTTGTTGAACTACTACTAGATCGCTTGAAGCTGTCGAGATAACTAAGAGTTTGCGACAGGGAAAGTTTCTAAACGGCTCCATTTGTGTGTCTCGTAATCACTGCGCATGTGCACTGCTCGTCAACACAGAGCTGTAGATGATCCATTAGGTGCGTCTAACGAGCACACACCAAATCCTACCGGCATGCAGAACGTTTCTAGGGTGCAGGTTCAAAGGACCCGCCAGTTCAGTGATACTTAGCGCATCGCGGCGGAAGTGCCGACTTGGCTTGTAAGATGCGTTTCACCCTTCGAGTAAGCTTATCCAGCATAGACACCCTCAGTTAGGACCACGAGGGCGGAACGGGAGATCGCTACTTCCGACGGACTAGCCACAAAACCGAAGAGTTCGCAGAACACAGTACGTGCGTAGTTGTCATGCACAAACCTGCTTACCCCTTTTAAACTAATACCCTGGTTAGATCTTGCATCCTATGCTCACTTGAGGGTGTGCGTCTCTTTATCCCTCGCCGCAGGACAGTCTCCCGCGGTAATGACGCAGTACGTTACCCAATGGCCGTAGACAGGAGGTCCCAAGATAATGAGTAGCAGGGATAAAATTAACTAGATAATAACTATCAGACCGGCATTGAATCACTCGTGGTCGTAATCCGTAACAGGTGGAACCGCTCTTAGGTAGCCTCGCCTGACTTTAGAACGCTGTACATCTGTGTGCAACTGACTTGGATGTTATCGACTTCACCAATCTTGGCAGGCGTGAGAGGATGACCACACGGCCTTGCGATTACCGGTCGTTACCCACCTTAAGGGAGATTGGAGTGTTGTGGGCGCTGGTCGAGAACCTTTTCGCGACATGCAAATTAGCTACATCTCGTTAAACGTATGTTGTGCCAATAGACCGGTCACGCACGGCAGAAAAAATTTGACGACTAAAATGGAATTATCAAGCCGTGGGTTATAATATTAAGCATACCCGACACTTTCTGAAGGCCACACGGTGTGAGGGAGAAGGGACGTGACCGATTGAGAGAACTCCCCGCTAAGGACTAGTAAAAGGCCCGATCGAAAAAAATATACACCGGAGATATAGTGAGCGTGGCCTGGACACATCCTCTCGCGAACTATGGCGGGTGTGAAATTTTGCTGGTGAACCTGCTCCTATGGGTACGGTCATAGC,1724,49.88,Caenorhabditis elegans
SEQ_685610,AACACAGCCGTAGTGGACCTCGAAGACCTAGCGTACACCTAGGTCCGGGTCGGAAACCTAGGTCTAGCTAGTAACATCCTACTCGACGATCATGGATACGGATTTGCAGGTGAACAGGTCTCAACTCGACGAAATGGAAGGCCGAGAGTCGGGCAAGTTGATTGGCACGAAGCAAACAGCATCTGTCAGTCTGGCACACACCCAGGGGCTTTGATGTTTTCTTCTATTCGGCCCCCCAACAGTGGCAGCTTGTACACAATGAATATTAATACCTATAATAACAGAAAATAACAAGGCAAGGTCGTATATATTCATGTACGATAATTTCGACCGATGCCACAAGGGGATCGGTACAGGGTCACTTGGGATCCTTGCCAATGACTAGAACGTGGGGGCGTCCTGTGTCAGCATCTTCACCCAAGCAACTGTCTATGGGGCCTCACTTTATTATTACGTTGGGGTCCACAACTTAAGGTTAAGAGATACTTTTACCGCGGGCGGTACTATACAAGTTCGAGTGATGCCGACATGCACCTATTCGTCATGCAAGATAATCCAGGGAACCGGGGCGGAAATTAACCTTGAACCCGCCCGCGGGGGGCGTCCGAACAATATGAGGGAGGCCGTACCCTTTTCGTAAGCGCCCTATTAACTTTCTTATGGGAAATGGCACATCCACCGACAAAGCTCTTACGTACACTAAAGTACCATGGTATAGATGGGATAACATGAACAAGACCCAAACGATACCAAAGTAGCCCTCTGATCGGCAGTTCACAAGTCTGAGCAAGAGGATTTTCCAACACATCATGAATCGGGTTCTCGCTGCACCGAAGGACCAAGGTCTACCAACCAATATCTAGTCTCTGTTGTTATAAAATCGAATACACGCGTCGACGGACAGCCATCTCATCATGTCCATGGACGGACTCGGTCGGACTGCTGAATGTGAGAACTGCGTTCGTGTAAACACAGTTCTGATCGGGACGAGGCGGCGATCAAGCTATTGTCATAAGATACGGTCCTGTTACAATTGCTTGTCTAATTAGCCAGGGGGGCTCATACGCTGGCCCGGGGGAAACGTAGAAACCTCGCCATCCGTCTTCTGATGAGGTCTACCTACCGAACGAAATTACTGGCGCGGGTTTCGCCTTTTAGGGACAATAGATGGCAGTGGTTTCTTGGGGGCTTGCGAGCTACAGAAACCAATAGTCGTAGGCTAAGCCGCCTGACTCATGAGCACCAACGTACGGAGTCTACCCTGCGATTCTCCGCCATAACGTCGCGAGCATCACCGTCACGGTATGCATAAAATGTCGGATTCACCTTGCCTAGATATTCCAGGGATATAAAGCCCGTAAACCAGACCGCAGGGCCTGTACGTCAAAGACATGGGGTGGCAGGGGATCGCATGAGAGAAGAAAAAAGTGCTATTCTACAATCGATAAGTGTTTACTTGCACTGGTTCTCACGTGGTTTCCTGTGTTTGCACCACCTGTTAGAAGTAGGCGCTGTTCAAAGTTCGAGTGTACTCTGATACTGCGCGCCATCGGGCAGCGTTTGTGACTAAAAGCGCATTGACGAAAGCAGAAGAAGGTGGAATCGAGGTCTCGCGGTAGAGGAGGTATA,1629,49.72,Escherichia coli
SEQ_514349,AGATGTTCGCAATATGCATGATTTGTTATCCCTATTTGCTGAATATACAATAGTTCGCGGCCGTCGACGCAAACATTGGCCACTACATGGTTGCCGCAGGACGTAGTTCGCTTGACCGTGGAGACTGTAAGGACACGTGAATTAGTGAAACTAGTTATTTGTTTAGG,167,44.31,Homo sapiens
SEQ_745390,CATCTCCCTATCTCTTGAATTGAGTTACTCAGACGCATTGGCAGATGTCTACGTTACCAATGAAGATTGTTCCACGCTGCTCAAACAAAAATAGCGCAGCTTGTCGTGACTTGAAGTCCGGAGCCAGGGGGATGCAGCATACCAAGCTAACATCCGCATGCAGCGGG,167,49.7,Drosophila melanogaster
SEQ_550342,GGATCTAGGTAATGCGAGGTATATACAATACTTGCTCAAAGGTATTCGCTCCGGCGGTATAACCCCAGTTGCAACGCGAATTGGGCTACGGCGCTAAATGCGCCTAGCGGTAACGTCTGTGTAAGCATTTAAACGTAGGGAGTGATACGTCCTTAGTGCCCAGGAGAACGGTACATCTTGCAATGGGGCGCTGACACACGAAGATAGATCCCCAACCGCAAACAGCGAGATCATGAAATTCCAACGTCATCTCTAATTAAATATCTCAATGGTGATCCTCCTGCAACTCGAAGAAGACCGGCAAGATACTTCTTCGTCGGGTACCATTTGATTAAAATGAATCTAGGTGGCACATCCTCAACTTGACCAGAAGTTTGCATTGGAGATACTGATTAATCGAAAGATTGGCTGTTTTGGGTTCGCCAGGTCACTGAGATGAGGACGGACGCTAAAGCTACTGCGCCCGTATTGGGCACGAAAACGACGGGAACGCACTCATGCGAGGGTGTCCCTTCACTTGAGCCAATAGAGCCGATACAAGTTAATGTCTACCTCAACTGCGCCAGTTCCCGGTACTTGTCAGCGAGATGTGATTGTCTCCATAAAACGCCCGATGATTTCTCCTCGGTGTTCTCAGAGAATCAGGAAACCATTTGCGGGCGACAGTATAATTCTGTCGGGCACGTGTCTCCAGGTGACCTCAAAAGATTGTGGGAAGGAGTACAAGGCTCAACCGCGGGGCACAACCGCCCGTGGTTGCATACATAAGAATTCTTTGGGTGGCGGCCTTCTGTCGCTGAAGGCGGGCCAGCGCCCTCTGTTTAATGGTGAGTACGCTGGCGGGGCTCGAGCCTTGGAATAGTTCTGCGCTCTACGTATTAGCAAAAAGACCCAGCAGGCCCCCGAGTACAGCATAGTACCTTAACTCTAGCTGTTCTACAAGCTATCAGGACAGGTTCAGCACGACCTGACCAAGATTTAATGTGGAGCGTCTGGGGATGACAACATCTCACTTGTTGACCTTCCCTCTCCACGCCCCAATCGGCGACTTCAGCCAACTTA,1062,50.47,Drosophila melanogaster
SEQ_134631,ATCTTAGTCTCTTTCTGGACGCACTCACAAAGGTGAATACGACAACAGTGATCCTCTAAGTGAACGGGCGCAAGGCCACACCTCTAAGAACACGTGTTTGGCAACTTACACGAGTGTGGTGGCCCTGGCAGATGAGTCTCCGTGCATAGCTATCCGCGTCATAGCCTTCTTGAACTTGTATCATACCCTGGACACCGTAAATGGCTCAACGGATTGTGGCTCAGTTTAAGTGATAAATTTAGGGTGGGGTAGAAATCCGGATGTGCATGGGTGGGCAACACGCGGTGAACTGCGATATCATGAAACCTGTTTGCCCCCTATCCATTGGTCACCTTCCCAGTAGCAACCGAACTCATCGGCTGGTATGATACTTATTCCGTCAACAGCTACCCTTGTGACGCATTACATAAGAGAGCCAAGATAGGTTATTTTCCGACTTATACCCGCCTGAAAAATTAGAGACCCATTAACGTAGAATAGGAGAGTCACTGCATCGATAATTCGA,505,47.52,Escherichia coli
SEQ_302882,ACAGTTCCCTTATTTTCTCACAAGGAAAGCGATTGGAGACCCTCTAGTGAACCATACGCAGCAGATTCTAAATCCCGGGTGGTTCACATTCTTCCGAGATTAGCAGAAAGAGAATCTAGTTGCCAGTAGATCTAGTCATGGATTCTAAACCTGGTCTGTCTGCGAAGGACGCGCGAATTCAAACGTCCTCTACTGTAAGGGTCTGGTATAACCTCCTACTCCTCCCAATGCTATAAATCGCCAGCTGCCAATGCGGTGTCTATCTCCCAAACCTCTTCCCGATGGGCCGCCCATTGCCACACGACGAGCGCGTCATACGTGTATTTAGACGTTTTGGTGCTTCTATAACTTCGGTAGCAAAATTCTTTGAGTCGAAAATTGTCACACGCTTCCAGTAGCTCCAAGTTATTCCAGTGCCGTTTTATCTGCCAATCCAGAATGAACCTGGAAAGCCTACTAGGAAGATACGTGCAAAAGGACGGATGCGACGGAGCGACCATCGGGAATGGGGGCTGGTTTAGAGCAGGACGCCGCTCTAGGCACCTAATGAGACAATGTTGCGAGGGGATGTCGAGTCAACAGATATGCGGGCGATTGTTAGCTGCGGTAAAAAGAAGGGTCATCTCGCAAGATCAACTCTCGGGGTATGTGCCTACCGAGATCCCGGCTATGGTGCTGTTAGTCTGACTTTGGCCATCCGGAGTCTGGGATTATCACACGTCACGATAGGTCAGAGAAGTTACCAAGAAGCGTGTCAAATATGCGTGAGTAATGGACAACACAGCGAGTGCCCCATCTCGCCGCGTGAGCCGCTCGGCGCCGGGGTTGCAAAGTCCACCAGGTGAGGGCTTCGAAGAATTCACTACAGACCATGCGTATAAAGATTATTTGCCTACGCACGGCTTGCATGTCGTTAGTGGGCTAGGTATTCCGCCTTGCATCTGCTGGTAGCGCGCTAGCCGATGTCGCCCGGAATATAACTGCTTAGTGCCTCTGGAGTAATCCCAGCAGGGGGAAATTTTTCCTTGCTATTGGTACGCAGGCAATATGCTGATAGCTCTTTGGGTTTTCAGAATCCCGTATTATCCGCGAACGCCTTGCTGGGACTGTCTTTATCAATCCACCTCAAGCATAGGAAGTTGTTGGAGGGCACCTCAAGGTCCAATCACCAGGGCTGTCACTTAGCTCTCGACTATATCGTCGCGCCGGCGCTAGAGCATCCGTTACGCAGTAGGATTTCGCCGGCGCGAAAGCGTTTGAATGGC,1265,51.07,Mus musculus
SEQ_900277,CAAAGAAAATGGCGACACAACTTCGTGGTGCATTGGATGGTTCATCGCCTCAGATCACGACAGCGGCCTGCACCCCTTCGCGTAAGACTATGTGTCAGGGTTGATTTCATTTGTGAATGCTCTAGGAGAAAATCACCGGCAAGTTCCTGGATATTGGGGGGCCATCCACATACGTACAGGTCTTATGGAATGCGCACAAAGACCGGAGCACGATTTATTCAAGGACTAACTCCCCCGCTGTCCTCGCCACGGATACTGCCTCCATTCTATGGTTTAGGGAACTTTTCAGAATTAGCCGCCCACCGAAAAGGATTCCTGGTGGGATGATCCCCATCGATAGATATACAAAGTGCTCGTTGCTCCGATATCCATTATTCAAGTCCCCCACTTTCGGTCTTACTGTTTGGGGATTTCTGGGTACGCTGGGGGGAACATATTCAAGTCAAGGAGTACCCCTGTTTGGTATCGACTTCACGGGAGCCCGCTACAATGACTCATGTGTCGGCATTGGACATGAATTATTCTCCAATGGGACTCCTAACATGCTGGGTATCCCGCTTAGATCGAGAAGACATCAATAAGGGGCACAATTCTAGCTACGGGAAGAGTCTCAAGCATAAACTTGAAACTCTGGGTTACCATAGGGGTCGAAATGCGACCTCAGACTGCTAGGATGCGGTATCCCTCAGATTGGTAGCCCGGATTAGCCTAGGAGCAGAAGTCCAGTTTGAGCGTCTTGCTGGAGTTTTCTTCTACACACACGCATATCACCTGGAAACAACCTGAAACATGACCTGGAGTGCCCCTTTAAATAGACATGCTACACAGTTACTACCAAAGGGACGGATGGGATGGTAGCCTTAGATGAGATGCCCTCTCTTCATCCCGTGTGACCTTTGCTGACAGGCTGAGGCATGTGTCTCTCTGTCGTTAGGGGGTGTCTAGATGCGTCGACTTTGACTGTGGAATCTTAAGCGTGAGGGAGTGTCTCGCATGCTCTGTTAGTCGCGAAATTTGATATAGTGCGATCACCTCTAAATAACGAAGACGTACCCAGCATTGAATTAAAGTATCATGAGAAATCCGTATCTATTCGGGGGCCCTTCATGTAGTTCGTCAGTCACACTTAGCCTACTTGACGTTCTGCTCTAGTCTAACGCTCGTCGGAATCTTGCGAAGCGGTCAGACAGAGAGAATTGATCTATCCATTACTGATGCGGTGTATTCTGCTTAATGAATGTTAAGCTATCCCGTGGGTCCCCAGTGTAACGTTGTGAACAGCATGAAGTGGAGTTAACAACGTATCGTGTATACGGCTCAACATCCAAGGCGGAACCAAGCGAAGAGGCCCCGATGTCGAGAGACAATCCCTTTCTAGATGTCGGGAGATCACCCGAAAAGAGGGCTTTCTAGTCTGGCGCGATTGGCGGACCTCATCCGTTCCCTAACGTCTCGAAGCATGCTTATTGGGATTTTCGCGGTCTATGGCCGCCAGCCTAGAGCCGAGGCCAGGACTGATTCGTTCGAGTGTGAATCCGAGACCCTCAGAGACACGCGAGGACTTCATTGTGGCGCCGGAATATACACAAGTCGAACTTACAGTGGAATACTTCCCAGTCCTCATGCGCGCTCTACCGAGCAGTCTTACATCCGCGGAAAAGGAACTACACGATCATGCGTTCATGTCCCTATCGGCCAACACTTGATTAGAAACGGAATGTGATCGAGTGTACTGCTCTCGTCTATGTAGGGAGGCAGCGGATACATTATGATTTACAAGAACAACTCTGCAATTCTCAACCAACCGGTCCGAGGAAGGCTTA,1823,49.37,Escherichia coli
SEQ_286968,CCCGTCCAATAGGTCCTCGCACGTTACCCGGGCCAAAGCCCATGATCCCAAATGCGTACTTAAAGGTAACTTCATTTCTCCCAATTAGTGCAACAATACTTATTTTCGTACCTACGTGTTTACAGAACTACAACTGCACCACGATTCGTTTCCGTCTGCAGTCTGCCTAGGCATAGTTGTGGATGGTGGGAATGCGTACACCGATAAGGAGTTAAGCGCGTCTGATACGAATCAGCGTGCAATCAGACGTGTTGGGGATTCGTAATCAGAGCGGCTGCTACGAAATCTTACGCATCACGCGAGATATCTTATGAGTCATAATCTTTATGACCAACCGCATATATGTACCCGTGCGGCTTAAAAGATACGAGCTTTGGACGGGTCCAGATTTGTCGTTAGGAGCTGGGCGCTCTTACGTGACAAATTAGCCCTAGCGCGTACATAAATTTTGACGACCTGGCATGGTAAGTTACTGATTATTAGCATCTGAATACTCTTAGAAGGTCGAGTAAGTTCAAACTCCCGAACGATGTCCTAGCTTAAAAGCGACCGAACAGGTAGCCCTGGGCTGGACTTCGTACGAGGGCAATATAGGCGCCATTCTT,605,47.27,Arabidopsis thaliana
SEQ_543970,CACCTCCAGGCCCATGGGAGTGTAATTGATCCTTGGACGATCTCGAACCTAATATACTGCGCCACAAATACAGCAGGTGTAACCTCCACGTCTGGCCCCGGAGGGGAAAAGGCTAGCTGCAGGCCTCTGGTTGGAAGCCGAGAGGGACATTCAAGCTCTCCTGGTCGGGCCACGTAACGGAGCGACTCTTTTTTCCACTGCATGGTTGGACATTCCCAGGCCTTCGTTCTTACTGACGTTAGGTTCAAAATGTCAACTATCGTCTCATGAATGCCCCCGGGGGCTATGATCTCACTTAGGTCTCAGCAAAATCAAGCCAGTCCGGCCACGGCGCTAGACATGTGCTTCGAATCTGAACGAAAACACGACCTTCTGTATCTCCCCCCCCCTGTATATACAACGCCGGGTAACCTATGGACACTTATGCGCGCCGGAAGTGCCCTCGCTAGAGT,452,53.98,Arabidopsis thaliana
SEQ_294531,CTATCAAAAGCCGTTAGGGAATAGTAGGCCGGCCTGGGCATGTACCAGTATGAGTTTTATTAGTAACGCCCCCATCCCCGTCCCATAAATGAAATACTGTTCCCTCTCCTCCGACTGGAAGTTTGATCCTCTGCACACCTCGCTCCAACAATCCATTTGTGTTATGCCTGTAGACCATCAGATTCGAATGACTCTCTTGCATCTTTAATGCCAAACTAAGGCACCCTCAGTACGCAGCAAGTCTATCTGCTCACCGTTTGAATTGTTTTTACATGTTAACCTAATCGGGTCCGGCTTAAACAGGGAGGCGCGA,313,47.28,Escherichia coli
SEQ_288193,CGGTCGAATACAGACACGTGCCCCCGACAACCAATTCGTCGGGCGTAGACCATGCGATCACTTGCCGCGGCTTTAAGTAATCCTAAACTCGTACACGGTTGCTAGTAGGCTTGACATTGTGCGGCCTTAACGCCCTGCGAATACATTCCCAATTCCGATGCGGACCTACCTAGCTCGACGGCCGGCAAGAAGTTGCCCCTTCCCGTGGACCTTCTGACGAATGTTGGGAAGAGCTAGTCCCTCTGCGGTATGCGTTCGTGTCACGCGTAAGCACTTAAAGCTAGTAGCCCAGAGCGGGTGTGGCATAAATTCCGGGCCAAGTGTCTCTTCTTCTGTAAGGCTATTGCTCCTGCGTTCTCTGTGAACTTGAACGTAATGCTCCTGCCAAGCTCCTAATGCTGGTGTTTCTCTAGTCGTTCGAATTTGTCGAGGATGGAAATGTGATAGTACGGACTACTACATTGCACAGTAAAGCAATGTTAGTACCGAGTCGTGGTGATACAATAGACTGGGGGTCGGACCAGCCCCGCAAAGCGGACAGGAAGGTCCGCACACCCCAAAGCACGAAGTAGGGTAGGGATCTGAGGGCTAACTGGTATAACTCAGGAATTCTGTGACAATTCATGTGCAAATCTGGATTTTTGAATTATTGACGCGCTGTAAGGAGATGGGTGTTGTCTAGAGCCTGAGGGTAAAAGTCAATATAGCCGAAGGTGAAGATTGTACGTCATTGGGATCCGGTAAAGGAAACGTTACAGAAGGTTTTCTAGTACATAACTCCTTTTTGCCCATTCAAGGCTGTGGATAGAGCTTTCGCACGTCCAAATGGACTGCTGTATGCCTCGACGGACTATGAGTAAGCCTTCCCGCGGGCTAAAAACATGGCCGTGTAAGTTCAGTGCCTATTGGGCGGCACCGGACCATTTAACTTAATATGACAGGAACGGCTCATTGTAAGAGACACGGCCTGTAGGGGGCGATTATTCGCTCATTTTCAGTAATCTCGAGAGCTTTGGCTAATGCCGATAGGGAGCAGTGACTGGATCTCACTCGCACATACGTGAACTATTGCAAAACGGCGTCATTGTATTAGGGTCAACCAGCGTAGTATGCTCTGAGATGCAACGTTGTGGCGTCAATCTTCCCCGTGCATCAGTTTCCGAACGCGTGACTGCCACCGATAAGTTAGATCGCGTAGTATACTCGCCCACCACCGAGGCTGTGTATGAACTCGGACCGCTCTGAAGCATCCCCCTTGAACGACTGACATCCGCCCTCCATTCTTGAGCCGCCAGAGACGTCTCCGTGACGTGTGCATACGGGGAACGAACCTCGCGGTTGGCACTAAGGACCAGCGGGCCGTGACCCGGAAATGGTGCTGTAGTTTGGAAAGAGTATCTACATTCTCACCATGCGTTGGCCATGTTGTATTGAGCGGTGGCTATGTGCTTGGATTGAAGACCTCGGGCAGAGTCGCTGGAATTGCATGTCACCCAAACTGTCAGGATTTACTCTTTACAAGTCACTAAAAAGACTCCGTCCCGTTTTTGGCTTTATGAGTTATACGGGCCGTTGTTACGGTCTTGGCAGGAGGCCCCGTCGGCGAAACACGCGCAGGGGCAGCAGTGTTTTATCCAAGAAATTTC,1646,51.03,Escherichia coli
SEQ_259915,GTTCACCAGGCCTCTGGGCTGAAGAGAGGTTTTTCCTGAATTTTGTACGGGCCGGAGTAGAGCTTTAGCACTTGCTACATCCAGTGGATCAGACTAAAACGCGGTCAACCTCGTATCGGAGACAATTCCGAGTAAAACAAGCTCAATCATACGATCGAGCGCATAGCTTCAGGAAGTGATGCGGGTCTCAATCCGGTACCGGCCTTGGCCCATAGGGTCTTCACTGACGTCTGCACTCCGGCATAACTGCATCAGATGGTAAGGTGGGCAGTCTCGTACGCGCGCCAGATCCAGGGTGTTTAATCGTCCAGCTAATGAACGCTAGGTCGCAACTATTCTGTTCCCATCAATGTATCGCGCCGGCGCAGAGCATTCTGACTGTGCAGGAATAGCTAGTCGAGTCTCAACTGACGCAGGCATCGCAGCCTGTGCTATCCGCACAACGGGATCCCAAATTTTTGGGGTATCGGCCTGTCTTGGACGCTACAGATGCAGAGTTTCCGGCCGTAATACACGGCGACTCCCATGAAGAGGTCGTAGGACAGTACATTATCCGAACACCCTTTAGTGGCACTCCAAAGAGTTGGGCCATGGGGATCTTAATTAGGTATCGCAGTCTTCACCGTAAATGAGTGCATGCTTTGTTGCTGCAACGCCGAATCCTTGGCCTCGATTGTGTTTTTAGCACTCATCAAAGAATTACGTAAAAATCGCTTGCTAAGCGCCCAGGCTATAAACGGCGCAAGATTACCCCCTAGGGGCCTTCTGAGAGCATTTAGTTTACCGAGTTGTGTAAGCGAGATTGTGTCAAGTAAGCTTAGAATGAGAGCTTTTAATCAGCATAGACTGGGCGCGCGGGTGCATAACCAACGAAGATTGAGTGCGACGGTGCTGCCTTAGCGTATCTGCTAGGAATTGAGCTAGTAGTGCCTCCTGGACCTGTAAACATTGGTAAATCCTGGTGTAGCAAGCGATTAATGGTAGTAGAAATTCCCGTGTAAACGACATCTGAACG,1015,50.15,Escherichia coli
SEQ_317975,GTGTACGAGTCTTTTTCGTTGCACAGAGGGACCCACTAGCCGCTTAAAAACGTCTACCCGGCTAAACGATTATGGCGCATGGGGG,85,52.94,Arabidopsis thaliana
SEQ_703418,CCGGCGGGATGTACTACATCGCACCCTGAGGGCAGCAAGGAGACTAGGCCCTAGTAGCGCACAACTAGACACGTTTCTGTATTGGCTTGAAGTAACAGGAGGTCCCTGGCGTTGATCCATGCCGCCTTATCCAAGACAGGAAATAAGCTGTCGCCTAAGCCTTCAAGTATCCCAGCCTGAAATATGAAGCAATGAGCAGACTCACCGC,208,52.88,Escherichia coli
SEQ_471970,CTCTCTAGTTGTCAACTAGTTCTGACTCTAGCCCGGCGTATGCGTTCGCGGCATTGACTCCAGGTCAACAAGTAAACCTGCTCGCCGAATTCGCCCTCGGAGCTCCAAGTATTGGTACGCGGTGTATAGGTGTGTCCCGGACCTCGGGCGATGTCACCAGGTGACGATGTTACCTAATACCCGGTGGCCTGAACTGTAAGCTTTAATCCTGATCTAAAGAAGAAGCAATCCCGATCGGTTTGTCTGAGGAACATGAGGTGGAGCTAGAATGGGTATTCTTAAAAATTTACAGCATAGACAGGCCCCGCTTCTCTTAGCCGCGTGGCTTCCCGTGCAAACACCTCGCCACCGTACAATTGCAGAAGTAGCCTTCGCCGGAGTCAGGGGAAGGAAGTACCATTTAGATCCCACCCAAAGCAGCTGGGTACTGCCTCCGGCTTTTGATAGGGAACCTAAGAGAAAAATGTACACCTGATGGCCGGCCCGCATCAAAGCATTTGTACTCCGGTGTTCGTAAGAGGTCGATAAATTGTCTTTTGTGTAGCTTGACGGATGTTTACCGTTCATCCCGCACGGTCCCCCATGCCATTCATGGGTTATGCTTATTATTCAGGCAATCGTCGCCTGAGACTCGCCCAAACTTTATGCTTGATCAACCTGCAAAAGTTCAGCGAAGAAGCTATGCAGTTGTGGTAGGCGGGTGTAGGAACGCACCCGAGGCGTCGCCCATTTAAGAGGGCGACTGCCGACCCCATATACTCTGGTATGGAGGCTATTGCCAATACTTCCGCCCACAGTTTCTCACTAGCTTGGTCAAATCTATGGAATATATGACTAGTATGTAAAGGCATACGGCGCTCCGGCTCCACAGCACAATGCAAGCTCACATAAGGACTAAGACGCAGTACACGTAGAAGGGCGCGTCCTGGATACTTGTGGTCACTTGTAACGAATTCATGTAGCTTCCTACCGTTAACCGACCAAAATAAAATGCTTCTTCGAGCCACCTGGGATGTGACAGTGGGAGGGGTAGAGCGCATCCAGCGCGGGAAGGAGACGACGAAGCATCACCCGGTTAACTGAAAGCAGCTGTAGATGCCCCGCCCAGGTTTCAAGTGTCGCCACACTATCTACATTTAGGCTAACTCAACTCGCTTCTCGAGTCGTGAGGGGATGCCCTAGAATGAAGACCTCGACATAGGATTCAAGAGCTCCAGTGTCAGGTAGGTAGGCCGCTGCTCTGCCTCTAGAGATATTTGAGGACGCACGCTGTCTTTATGTACGAGGTGCACGAATGGACTAGTAGGGACAGGTACCACTACGTTCCATGTGGCCTGCGGCATAAATATAGGAAACAGAACCTTACGAGGTTTCCTACCGGTATCAGTATGTTTCGCATCCGACGTGAGAGGGGATGCCAGGTCTCGCAAACAACCTTGCCAGACACTGATTATGTAGCGGGTGTTGCATAGAGATCTCTCGGGTCGCGTCCGATGCAATTTATGGAATGAAATCAGACTGGAGACTGAGGATGAAGATCGGCCCACATGCGGGGGTTTAGACCACGGTATTTCGATACGGGTGGTCGAGGATAGGGGGTTCTGACGCCTTCCTGAATGCCTGGTTAAGGCTCTAGGGGCGGTACGGCACACTATCTTTCGGCGCTGTGATCTTCAGTTTATCGCTTGGCCTTGCTTTTTGAATCAGAGTGTCCACGCGACTTCGTATGGTTAAGTGGCCAGAAATCAATTCAGACGTGGGATGTAAAGATGCGTGCCAGCTGATGTA,1788,51.17,Saccharomyces cerevisiae
SEQ_463651,TGTGACAAACCGTACCGCTGACCGTTCGGTCGCGATCGTCGAGGTAATAATGCATCCTTGCGTCAGGTGCAATAGCGCCTACTACCACTCTTACAATACACTGCTTTCCCTAAGAATTACCCCGTAGCCGTGATGCCGAGCCACCAGGCTCC,152,53.95,Arabidopsis thaliana
SEQ_604905,GCTTCTCGAGTTCTCACTATTACACGACGATCAGAGTTCGTCGGTAGCTTGGGGTCGGCGGACGCCGAGGAGCCGAAGACGCCGATGCCTTCCCAAGAGGTCAGCTTATCGCGTTTGGGTTTATTAAATAGGTTAAGAATCAGGTGCTGCGCGCTGACTTAATACCTTGTCATTCAGTCAGTCAAGGACCTCCAGTGCTTTTCTCTCTTGGCCTCACATCTTTTGGCTGGCACCATTTTCCTCATGGGGCAGTTAATCACTCCAACACCACTAACCGAACTGAAAAACCCTTAGCAAGCCTGAAGTATCATTTAGAGCCCGGCTGAGACTTTCAAGGGCGTCAGGAAATTCTACAACAGTCCTGTAGGGTGATACTTGACGGCTGGGTAAGACGATGGTGCCCGCAGTCCGGCAACCCTTCACCAGAGCCGGTTCGTGTATCCTATATCGAGTCGAGGTGAGCACTCCGAATCGAAAAAAGTACTATCCTCGTGGGTGGTCGATCTAATGGAAGTGTCGATTAGCCGCCTCGTTCTGAGGAGAAAGTTTGCGTACAATAAGGGGTGCGCCCGTTCCCCACCCTCTGACGACCATCCTACCTGACGGCACCGCGCCTGACGGACGGGTGACCCGCCGACCGCCTCTTGCGTAGACACGAGTGAGGTCACCGTATACACTTGACGATTTTGATTAGCGCGGCCTCCTGAGGTAGCGCCGTGACTCCACCCTTCTTTAGATCAGGATTGGCCTGAAGATAGGACGTGATTCATAGTTAGTCGACGAGTATGTCTCTAGATCGTCCTCGACCTGATAGAATCTGAGCCACTCAGAGCCTGGGCGTAGCCCACGTCAGAGTCGAAAGTATAGACCCCCAGTCGCCCTGATACCTTCTTCTATTACAGGCTCTTCGATCCTGTTACGTGCATAAAATAGCGCTGCTTGGTGTATTTTGATAGATGAGCAACTATCAGTTCGGATGCGCATATACAAGTGTATTCCCCCATTGTTCTGAGCCTGGTGTTCGCCTTAGCCTGACCCCTCAGAGTGATAGGGCAGGCCATTTGGCTGGTGAGGAGTCCTCAAAGTTGAGGGTCAACTCGTTCTTAGATTACAAATGCATTCAGGTCTACACTCTAGGATTGTGGCTTCGCGCTTGCGGAAATCCGATCGTATGCACATTCAAGAGTTAGGCTCCCAGGGGCGCCTGCGGTTATTTTACTATGTGTCTTGGACCTGCATGACGTGCGTTAGGCTTAAGCCGGGAGGATGGGTGGCGCACCTGGTGCTTATACAAGAATTCTTGCTGGGAAGCCCGGAAGTCCGGCAGTCACGTCCTACTTGATTGGTTCCCAGTCAGAAAGC,1362,52.13,Arabidopsis thaliana
SEQ_693770,CGCCCGATTGAAATTAGTTTAAAGCTGACTGCTCCCACAAGAGACACTTCCAAAATCATGGAGTGTGAGTAATCAAAACGGTGAAGAGGGGTTACGGCAGCGTAATCGTTGTGGCCTCAGCGAGTCTCAAGTTGGTTTAATATAGAGCACCATCATCAACGCAAGACACATATAAAAGCTACAATCCAAGTTCTCTCGCACACGTAATTGAGCCTATGAACGCCCCAACGGTCCTGCAGTGCGCCCAACGTTTAACTTTATTCGATAGCTAAGCAACTTTTGAACTTGTGCGAAAGGATCATGAAAATCCTCTCGGGCACGTGATACTTACGACCTCGACAAAAATTCATTTCGTCACAGCAGAGTATCAGCACTTTCCCTTGACGGTCTGCACCTCCTTCCCGGGAGCTTGTCGATGCTGGCAACTAGGCACAATTGGACCTACCCTTTATTGTGCGGTTCAATATTCTTTGGCGGGTGATTGGTTGCAGTTGTAATTGTGACCAGGCCATGGGTCATGGACACGTATCGAGTCACTTAGAATACCTCCGATCCCCCTGGCGGTTGACCGGCGTCGATATTTTGCCAAGGCATCAACACGTGAAGGATCCTAACTCTGTGACGTGACGACATAGTACCGTTCGATGGTAGGATCGATGCGCCTACGGGGGTACCACGTTTTCCGTGGCCTGGATCTGACTAAAGGCACGGGGTTGTCGAATCCCACAGTCTATTGGCTCAGCTCAGTATCTATGTTAAGGTCGTCCGCTGACCTGTTGATGCCATGGCGTTGGATTGTTACGTAGATGAGGTGTTCTCAATGAACAGAAAGGAATTATCACCGGATCTGCCGATCGAGATGTCGCTTGCCTGAAAACAAGGAAATAGTGCTATCCCCTGATCGGGCGCGCCCGCCTTCTTCGCTCTGCAGCCTCATGAACAGGTGGCAATCTCCGAGGTTGCGGGCTCCATATCCTCATTTGGTTCATAGCCTGTCATAGCTACTCTACCGATATACCGACGGCCGTGTTTCCGGACCCCGTGAGTCTCGGCATGATGAAGTTTCGAGGGGGTTAGAGCACCACCGGCACATTGAACGCCATTGTTTCGGACAATAGAATGGTGAACGTGAACGAACTTCGTAGGAATCGCTTTGTCCATCAGCTAGATAGGATCTGCCTCCACGCCCCATGGCTCTACTCCTATGAAGAATTGGCTGGTATTGGTCCCCGCGAGAGCGTATAGGTGCCCATCGAATGGATTCGTTGTCCCAGAGGGGAGCGGGGTATACTATAGGAAGCCAGTTCCACCTCTGTCGAGACCAGTGTGACAAGGACGATTGCTACTCGCC,1351,50.63,Mus musculus
SEQ_411061,AGGGCAGCCCGGGCCTGAGGCATGAGTAACTGTGTATAGCTAAAACCGAAGCGTTGCAAGCAGTTTTACACATCCACCCGTGCGATACACGCCTCCGAGAATTCAAGGACCTAGGTTGTACCTAACTGAGAGAAACTGCAAGGATGCCAGGTAGGATATAGTGATGAGTAAAGCAAAACAATCGCTCTACACCGCCGGGCGGACGAACATCTGGATCTGGGTTGCGTTCGATACGCCCCATTGTACACAATGATCTCCCTCTTAAAAGAGTGTTTAGAACAATAATATGTATGCAGACTAGTGGGGTGTTTCGTCTGGTAAGAGGAGATAGCTCGTCGACCTCCGGATCCGATGCAGAGCACTGCCGTCGGTTTTTGTACTGCGCTTTCCCTGCACTATCAATATGATATTTTCGACCGGGCCTGAGCGAACTCTTATTGGGAACTAGGGTTAAAAGCGTTAGTGGAAGACAGTGGACCCCAAATCTTGCATTACCGTCATACCTGAGCTTTAAATGGTAAGGTGACCGGCACCAACCACCGGTGACGCGTACTAACTAATTCCATCGCGAATTAGCATACACCGGGCGGTTTGTAGCCACTTGTTTCCGCCATACCAGTTTAACCCATTCAGGTACACATGGGCTGATACTAATGGAAGTCGATGGGCCAGTTTGCACCCTCGGCCATTTAGAGCAAGTGAACTAGAGATCTTAACCTAGGCATGCGTCTTGGTGGTCGGGGCCGCGCTGTAGATTCTCCTGGGCACATCCAATGCATTTAGGATATCGCGAGATGGCTTTGCGTCGTTCGGAGTGTAAATAATTACTGAGTAGACTCGTTGAGAGCTGGAGTCGTCGCATCTCTTCAAAAGAAGTCAAGCATGTGCCTTTTCTCTTCCTAATTTTTGACCAATCGTGGGTAGGAAAAGGGCCTACCCACACGTTAAGGCTACGTGGGCTCCTGGTGTGGGCTGAAGGTCCCTAGCATAGCACGGCACGCTGGACCCCTCCCGCCTTATTATGACGGGGGAAGTTGTTATCTGCGAGGAGGCGAGCTGACTAACAAGTGCACCCTGAACTCTAGGTCCCTAGTATCAATACCAAAAGCCCGCCTGATTAAGTGTACGCTTACACGGACTGCAACGGCGAAACTCCCCGCGTTAACGATGTCGAATATGGTGCACCAGTACGTCAAGAGTTTTGGTCTCGGGGTTGGGTTAGAGTCAACTGAGAACTAAGCAATGTGTAGTTATGTTCCTCGTTACAGGGGGTTTCTACGCACACTCGTCGCATATCACCTGTACACGACTGGTAGAAACTTCTAGTTAAACGATGATCAATAGTTGGGCGCATCGATTGGTGGCAATTTCCTTTCCCATATGGCCCATAGCTCGTGGTGGGTGAGGAGATAGTGCATGTTTGGCCCCCGACGGGTAAAACAGCCAATGACTTCGCCAGTGTACGTCTGTGAGATCGCGATTGTAGTTTACTTGGCTCCGGTGCACCGACCCTTCAGTCTCCTAAATTGTCTTTATTGCCATGGTGTCTTCGTTGGTCGAGCCCACTCGTATGTCGTAGTCTGCTTCCCGACCCACGGCATTGTTTGAGAAGCCCACGGACATCCTTTCGCTACTTCTGTTTGGTGACGCGACGCACTGTCGCCCTTTGTGTCTCTGACTTACCCCCCGGCGGCGTAGCAAGTGGAACTTACCCAGCCATACGCCTCTTGAGCTAGTAGCTCGGGATTCTCTGACCA,1757,50.71,Mus musculus
SEQ_959029,GTCTATAGCTAAGGTGGAGGGGACTCGCAGTTGTGTACCCAAACACCCGTGCAGCTCGCTGTATACTTCCTACCTCTCGATCCACAGCCTGTATCTTGTTCATAAGAGTGGCCTCGTGTGAGCTAAGGGCCATACAATTGGAGTCCATGTAGCCGGCATAAAGGGTTTTACTATCTAGAAGATCATTATCTAGTCTAGCACCCTACACTTGTTTTCTTGAGCCTACCACAACGTAAAGAATTATCCAATTATCGACGGATAGTGGGCCCGCCCTCCTCCATAGCCTCTGTCCTGTGGTGAAAATTGGTTGCAGCAGCCGACAAACAATGCCCACAGATGCCGCTCATAGAATGAAGTGGTCGCAATAGGCGGGCTGTTAAGGTTTGGTGAAAATATTTATCTGTTCGGAATAGCGCTTTGACCCTTTATGCCCGGGCTAAAATGCTTGTCCTTAGTCGTCAGATATATCATGACAATTGTAGCACCCCCCGCGGTATCCAGAGCCCTAGTACCACCCGAAGGCGTTAGGGTTGCAGTCCCTGGGTTTAAGAGGAAGCGTGAGCTTATATGGATGTACATGAAAATAGGTCTAATGAATGTATGCAGTATATGACTGAAAGACCTACAAGTAGAGGCGACCCTAGTGGCTCATATGCAAGTTGAATTGAATACTAGGAATACTTCGTCAACGAATCGAGGAAGGCATGAACCTGTAATTCGGCCCCCTTCGTGGTAGTCACTTCAGTACACCAAAACTTAATCCTATGAAGCCTCTCATCACTGGCCGCATCCGCAACAGAGGAACGGGTTCTCTTTTCCACGTTTAATTAGTCGTGAGCAACTTGATTGAAACTCACAAGTCCACAAGCCAATGTCCTGTTCTATCACGAAGTTCAGCGCCTAGGCTTGGGAGTTTCCTTTAGCACTTAGGTCGTTCTGTGGTCCGAACGTGTTGGAAATTCAGAGATAAACAACATGTCAGTGTACCCGCTTTATCAACGTTAGACGATAGTCGCTTTCCGTTCCACCGCAATCTCCCTAGACGGGGTCGTCAGGGCGGCAGAGTCTTAAGGCTGGGGGGACGTTGATAGTGCTTAATGTAAATCCCGTAACATCATAGAAGTGGATTATTCGCTCGTATCGAGTGGCGTTTAATATCACAAACGATGTGTAAGGCTCGAACGACGAGGTGATTGCTGCCGTACCCAGTTAAAGAAGAATGGCGTTGGTAGGCTAAGCCACCAACGTTGGAGGCAACAGAGACTTTTGACGATAGATCTCTCACAGACTTTATGAGCCAGGTAGATTGGAAGATTATTGGCCACGACGTCATCCACCACGGCATGGGTTGATACCGGCTCGGCACTGAGTACTGGTAAGAGTCAGATCGCTTAACCTATGCAAGCTGGGCTGGTTGTTGACCCTCGACTTGCCGCGTAGTCCTTGGCCTGGATTTGAAGGGCAGAATAGCTCCGACGAGAACTAAGGAATTTGTCCTCTCGCCCTACTAGAGCCCTAACATACACTAAAAGTTCGTTCAGAATCCTCCGACGCGGCAATGGAAATTGACATCGGGGGGATTTGTGTATTACAAATAGTACCAGTACTATTACCCCAAGTGATGGGCAATGGTCTGGCTCAATGCAATGAGGTAGAATGTTCACGTCAGTGTTACGGGCGGTGTCCCCCGTTTCTCTCTGGTTTCGTT,1708,48.07,Drosophila melanogaster
SEQ_515022,TTTATGTGAGCGAAGTACCTTCACGCGCCGACTAAATCGTATGTACTCGCTCAGTGAATACTACGCAGATTCGGGGCGTAGACCACGCACTAGTACGTGTTGCCACAGACGCAGTTAGGGGTGCAACTGTCGGAAGAGCGTTAGAGCATTGCATGGTAGCCCAGGGTAACTCAAGGCCACTGACTTTCCGCCAGAGACGCATTTATTGTGTTGGACCGGCGCAGTAAGCCTAGCAAGTGCTAGGCGTAGTGAACAACCAATGCGGCTGTGGGATGCAAACCCGAGCAAACCCGCAAACTGGCGTGGCCGCCCACCGTCTACGATACAATGGAAATTTCTCTTAAACATTGCTTCGGATGGCCGCAAGGCCTGCTGCGATCGCCGTTGCTGGGACTCGAGCGATAAGAAAGAACGGTAGTCCCATCATCAGCAGGGGAGAATGCGGGGGGATCCACCCGATTCCGATAGCTTAGTCGCAAATCTAACCTTAGTACACGACTGAGCGCTCGCTCCCCACAACTGTGTTTCTGGCGCATCCTACGCCCATGTTGTTTAAGTCACACGTTAATTGCGCTACGGAACTGCGTTATTGCGGAGCGTTAATGGCCGCTCCAGAAGAAGCTGGCTTCCAGAACATGGCTTTCGCCTTTCTTGTTATGCATACTTAGCTGCTCGCTATCATTGAGAAAAGACGGCGCCCGCATCCGAACGGAAGAAGAGTCGTCATTAATCATCGCCTGTCGCATAGTCCTTCTTTGCGATCCGTTCTCACCAATGATCATTAGAACAAGCTCAAAGTTGTGTAAAGACCAATAATCCTGTTTGGTGCAACGGTACACAAATTAACAGTATACTGCAGGAAAGCTAATAAAGCGTCGGCATGCCCAAATATTACGATATTGCAACTACGTCGGGGGAAGCGCCTTTAAAATATTACACCATGCACCCACGCGTTGCTTTTAACTATATTACTCAGCATGGTCATTGAGCCTCACTGGTCACTATCTCTTCTCATGTCGCACAGGCAGTCTGGACTACACCCGTGCGCAATTCCGGATTTGTGCAGACTAACTAGATATAATGGAGTTTTCCTTAGAAGGACACTGCTCCCGCGGTGACAACGAGAGGTTTATCTCTGGGTTTACATGGGTATGCGCGAAGGAACGATGTACTGAGCTAGTGGTCCATGTATACCAGCGTAACCGGTATTAATTTGCTGAAGGACCCTGGAGAACTTTCTTATAGCTTTTATATATCATCCCAGGAAGCGACGTCAGATGACGTTCCGGTACTGCCAATACAGAGCAGTGCAGCGTACAGGAGTATATGCTATC,1334,49.55,Mus musculus
SEQ_330821,GAAGCAAGAAGACTATGGGGGGTCTGGGATTTGAACCAGGTAAGCGTCTGGAGTGAGAAATTGGCCTGAAGGGTGATTATGCAGCAGTGAGGTACCGCTTCCCCTGGAATGAGTAGGTATACTCACGCTCTCCGAGATTAGTTCCCGACGGGCCCCTACCTAAATCCTTCGAAATTGGTGCTAGCTGGAATCACCTGCTAGATCCATACAGAAGTACTTGGAGTATTCTAATGTAATCCGCCAATATGCCTCCTTTCTAGCGGTCAGAAGCTTGTGTTTATGTGTGATAGATGCGGGTAAGGGAGTCAACTCAAGTACGTTCAGCCTTTTTTGTCCGCAGCAGCGATGATCACTGTGTGCACGAACATGGTCTCCATGAGTGACTGCCTGCTTGGTCGTTTTTGTTCTGAATTGGGCGACCTTGGTGTCGGTCCCTCCTCTCAACTACGTCTGCCCCAGACCCACCAAGTGATGGCTGAAGCATCCTCCGGTTCTTCGCGGCGGTTGGCGGATGCTCCCTATCACTCAGCAAGGCGGTAATACCGCACCTGCTTTAGCTATGAACCTAGCTGGAGAGGCTGAGCGTAAACCTCCGCAGTGTTCTCTAATAGAGTTGATGGGACCGGATGGAAGATAAAG,639,51.17,Drosophila melanogaster
SEQ_375701,CCGCCCAGTGGGAACGCGGTGAGCTGTAAACTATGTCACGGCATCTGCAGGGCAATACACCTAGATAGCATTTACATACACTTATAGTTTGAGTTAATTATTTTGATGTGTAGGTAAGGTGGGGCAGACGCGAGCTCTGGCTGACAACTGCTAGATCAAGAACTAATCCGGTACTTGATGTTTATTGGGACGCCAAGTATTAGGGACTCCAGAGCCTAGGGCTGTCCTCCGCGGGAGGAGTACTGCACTTATCTAGGACTGCTTTCTCACAGACGCCTTCCCTGAGAATATCGGAGGTGCTCGCCTGTATTTATATCATTTTGGTCGCTTGCCGCGTTCCGCGATGGCTAGGACGGTATAGTTAGTCGAGTGCCTAGATCTTCCTTCACATATAGTGCGAGCGTTTCTCCGTCCGCCGTCGTATCCTACACGTTTGAAATCTGCGTCGTACGCACTCCAATCATTCTGTAAGGTCCTAGATTGGGGCCGCGTTGGGAC,498,50.4,Caenorhabditis elegans
SEQ_194892,CCATTCCTCGGCGCATAGGACGCAGAACAATCGTAGAAAAGAAAGTAACTTTTGAATTTTACTGGAACTCTAATGCCTCCAGGTATCTTCCGCATCCCCTGAGTCCCCCAGCCCAGACTGGATCAGGCACCCCTAAGTGCTAATACTATATCTGCGTGCTAATAACGCGACGGCTACCTGTTGAAAAGATGGCCCAACTATCTGTTGACTCCGACAGTAGCACCGCTCAACTACTTACGTCTAGAACTTGTCTCCTAGGCGAATGCCGCATCATCCAGACTTTCTCTTCTAAGGTCAGAGTTACCCTGTCGCACCTATAGCTGTTTGTTTTAATAGAGCAGTCGCGTACTGTGTGGGATATCATAGCGTAGCATCAGGTTTAGGGCGCCTTGAGCCTAGAGGATACGGTCCAACACTACAATCAGGACCGACATTGGTCATCCGACTAACCGGCGCGTGTACGCACCTAGCTATCGTGTGTAAGCGGTATACCTTTCACTAGAATCATGCGTCGCCTGCTTGTTCACATAGCTAAATTGATCACCAAAGTCGTTAAGAGATCGAGGTAGCAGGGCTTAGTGGAACGACCTGTTAGACCGGAAGAAGCGTTGATATTGCATGTACCAGGTGCCCTTGCACTTCTTAACTCGTACTATTTACCGATACTCTGTGGTCAGACGAATAGCATCATTGACGTGTGAATGTCTCGCTCATCAATCGATAGTAAGCGGGTCTGATACAAGTCTGAGGAGCGCGCGCTAGCCCATACAATACACCTTCTCAGGCGTTCGCCTATAGTAGGGCGTGCTTTCCGCGTCTGTATATAGAGTGCGAGACGTCAAAGGCAAGACCTTTCGGTAGGCGCACGAATGACCAAAATGGACATCGGTGTAGTTAGCCCGCACGCAATGGAGGGAGCATCCCGTGTGTTCCGATTTACAAAATTATTATGATATGTTGTGGTATCTAATGAGTCCTACCCGAAATTCCCTTACAACTCACCTTTTACCCAGTAACAGTGTGTAAATCCGACCGTCATGCCCTTCCCATAATCTGGGAACTGCTGATAACCTCATTGTACCTACATCTCGACTCGCTATACTTACTGTCCTAGCGGTCTTTGAGGGCATCGGGCTCCAACCGAGCCTTGACAAGGGTGGAAGAAATTGAACCCCATAACGTAACCAAAGCCGATCACTGCTCATCGTCCTGAAAAAGTTTCTGTGATGGTCTACGATGCCTGGCCGTCACGCCTCCAGGGCCGGCTCTTTCTAGCGTGCGCCAGGGTTTTCATTGTAAAGTACACGCAGTTTAGCCTTCTGCCATCATTATACCGGGTATATCCATAATTCGTGCGCACGTTGGGTGTATCCCTAACTATTATCTTCTACGAGCCAGCCCACAGAAGGTTCATACTATTACATCCATACTGGGTACAGCAATTAGTACAGATATTTCCTTGGGCCGAGATCTGTGCATCTCGTACCGCGGAACACGTTGAAGAACTTTGATCGATGAGAGTTCGCATCGTTGCTCTGTATACGCGTCCTACCTCGGCAGCTACATTTTCGTTAGCAACGACTTTTAACCTCCAAAGGCCTTTCTCGTCAGGGGTCAATTGGAGCACTCTTATGTTTAACCAATAAAAGTAATTCTTGTTATCAACAGAAAGGTTGTATGTTAAAAGGAGACACTTCAGCAGGGATTAATCAGCC,1715,47.76,Arabidopsis thaliana
SEQ_926605,GCCGCTCCAATTCCCATAATCACACTGTCGAGGATAACGATAACGGTAGAGGGACTGGCTTAGTAAGCTGCGTGTCGTCCTGACTCTGCACTATTCAGATGACCCTTCTGTAACAGTGACTGGAAACGCACACAGTCCTACTATGTACAATGACCGACAGCTTCATAGGGTATCGGAGGCCGGTGGACTTCAGCGAAACAACCAGAGTACAACAAATAATGGAACAGACTCGGTGACACGGGGTCCCGTAGAGGATGATTAGACAGACGCGTCGGGAATGTGCGTATGATCTGCTAAGATCACAGTTGATCTCAGGTTTAGACAGACCGTCGATCATGAGGGAAACTATGACAGAAGAAGCGAAATTTAACTCGCGTCGCCTGCACGAGGGGCCGGCAGCCGAGACTGATCACCACCCAGAATTAAATCCAAAACTAGTCATAAACTTGCGGCGCCTACAGAGCAGCGCTATGAATTATGAGGCAGTGATGCGCTTGAGAACAAACATAGATATTCACGCATTACCGCAAGCAAGGACCCAGCCAATGTAATCTCCTTAGAATACCTAGTTCCGTAAACGCGGGCGGCCGCACGACATCCCGCCGTATAAACATTTCGTCTAACGACAGGTGTACCACATATTTAGTTTCCCCTTTGAAGTCAGTAGGATGAGGGCATTAGCTAAGTCCTCCGTGATGAGTAGACCAATATTATATTTTCGGGATTCTAACCTCCCATGCTG,742,48.65,Drosophila melanogaster
SEQ_977542,TATAAATCGTAACGAAGTGCTTACCAGACGCCTTTTCGCTGCGCTTGTACATGGGCAGCGGTCCACGAAAGACGCGTTACATTCATGTATGCTCTGCCCATAGACCTACGGTGGTGTTTTTGATTCCACGGGTCGCGTGGTCTAGCATGATGTACGGCCGACGAACAAAAGTAACCTACCTCGGACCCCGGGTTACGCTCCGGGCCACCGGATACGAACAGCCTAAACAAGGCACGAGGGGTCAAAACATGAATCTGACTGAGATAAGCTGTGCTTTCCAGAACCTCGCCTTAGGGCGTAGGAGAGGCGGTTGTAAGCGAGTTTACTAACTGGCTGTTGTGAACTGGTTTACCGGCAGAAGATTTTGTTTGTTGTTTCCGTTAAAAATACCAGAACCTAGAGGCGCCAAGTTGTTAGGCGCGAAGTCATTAAGGAAGCAGGACTCTTGCGGCAGAAGCACGATGGGCCGATGTTGTTCTAACTCAGACTCTAAACTTGCCGCTCCGGATGTACCGGAGGAAAAATCGTACTGGCGTCTGTACCCTCGGGCTGGTCGACGCTGGGCATCGCAGCGATGATCACCGACACCAACCACTAGACATTATACACATACATGACCGGTTGAGCGCGGTACGTGAACATCAAAGCGCTCTATACAAATCTGGGGCCAAGCGCACCATGATCTGTTATAGGTTCTTAGAAGCAAGGCAAGAGATCTCGGGCAGCCTTAGGCCACAAGGCCAACCAAACTAACGTCCGAACATCAGGCAGTCGGATAGCGAATACTGCACTTCAACGCATGGAGTAACCCCGGGGTTAGGAGGGACGCTGAGCTCAATTTATACGTCCATAGTTTGAATGATTTGCGTCATTCGTAACATAGAATTACCTACTTTCCTGTCATCTGTGGAAATACGAGGATAGCTGGCTGTTATGTGTTTCAGGATGTTGGGTCAACACCCGTATCATTCACGAGACGCGCGTGTTAGATTAAACAAGCTGATCCACCAACTTGGCTTAGACTTCATCCTTGAGTCTTACATCGGGGTTGATAGACTTGATTTCTAAATATTACCCGGTA,1081,49.49,Homo sapiens
SEQ_519885,ATATCACAAAGATCATAAGTGTTGAAGTCATTAAACGTAAACTTCAACTTGGAGACGAAAAGCTCGACCAACGTCTTTATCAAAGCTCTGAGGTCTACTTGATACACCTACAGTGGGAACTGATGCTGGCCGGGCTCAAACTGGCGCTACTAAACACCCGCCGAGGGACTCGCACACGCCGAGTGCGGTCTAAGGGCCTCTAGAATCCACATTTAGAGGCAGGGATTTGGATCAGTATTTTTCGCAACGAGGCGGCTTTAGTCGGCTTTTTGATATAAGCCATAGTGCGTGGAAGCCCCAGTATTCTATAGGGCGTAAAATAACTCGAGCTACCTCCACGGATGGGCCATCCTTAAATCCCGGGACACCCCGAATACTGGTTCTTAACGCGTTGTGAAGTTCGCGTATCAGTGAGCCTTCCCTCTCACCGATGAATACGGGGAACGATTCAACAGGTCCTTTAAGCGCCTACATGGGAGCAGCAGCTCTGATAGCTTAAGTCTCTTCATCATAGTAACTGAAACACCGTGGGGGGCTGTAGCTAACCAATCCGGCCCTTCGTTAATGATCTCGGAGCTACATACTAGCGAACAGGCGATCCTTGCTCGCCCTGGTGCATGTGTAGCGCAGTAAAGGTAGCCCTAATTGTCATTCCGATATATCTGCCAGTGGGCCATTCAATAGAACCCTGCCCGCTTACCACTCGATTTCTCCCAACTCCGTGTCTCTTGTACGACTATCTTTTCACATGTCAGGCGACCAACATGTGTCCTTTTGTTGAACGACTTTCGACCCAGTAGGAGGATTAGGTTTTACGAAAGCCACTTATCTATCTTCCCCCATCTGGTAGTTCCCCCGTGTAGGACGGCGTGGTCGACTGACATGCTTGCGCAGGGGCATGGTCTAGTTTCGGGGAGTAGGGCTATTTCTTCCCCGAGACTGCACTTCTGCAGTAACAACCCACTCCGTTGGCGCCTAGGGGGCAGGACGTACTATGGGTTTTTCAAGTGATTCAAAACTACAGAGAGACCGCCACATCGTGCAGAAACCGGAGGAGGACACTCTGACGCCTACGTCGTCTAAATCGCCCATTATTGGCTGCAAAGTGGAAGGATCAATACAGAGAACGTCGATGTCCTTTCGGGGTGCCACTGGATACGTATATGTTTAGAAAATAACATCCAGGACAAAGTAGCACGCTGGAGGAGTGTAAGCTGTCCCTACAGACCGAAACCCGAGCACGAGTGTAGTCACGGCGCATCAGGTAGTAATGGTGTCACAGGACTACGATTAGATTCAGGGATCGATTCGCCTAAAGCCTACCCCGAAGAAAGTCTGGGCGCAACGGCGTCGAATGACACGTATGGACCTTAGCGATCAAGACGGCTGGTT,1392,50.5,Arabidopsis thaliana
SEQ_585718,CTTTTTTAACGAGTCTGGTTCTTGATTACGACGGACTGTGTTACGTTAGCATTGATAATTCGTTCTTGCGGGTTGAAGGATTTCTTGTGCTATCTCGGAGCCAGTAGTCGGTGACTATGGGCGACTCGTCTTCTAAGAACCTACCCGGGGCACCCACGAGGGTGCATCACGGACCCGACTTCCTGGTGCGGAGATTCCCGGTTTTGGCGGCCTCACTCGACAGGCGGGTCCCTTACATGCCCTATTCATAAAGCTGAATATAAATACCACAAGTAGTGCTCGCTACCCGATTCGATAAATTGAAATGTTGAGTGTATGAGAAAGCTATCCCTAAGTCAGATGCCGATATCTCATGCGTTGCGATCCTTATGAAAGAAGGACTTCCGTAGGGAAAACAAAGTGACGGTTCGGTGCATGATGTTGTAATTGTTGGAATAACGCTTCCCAGTTCTGTTTAGCTCGTAATTATGAAATTTATTCCGGTGGGGGCATCGATCATGGACCCAAACCCTAATCGCGGGTCTCGGGTACCACAGGTTTCAATTATTCGCCTATGCGCTATCCGGGCGAACCACTCACGTTTACAATTTGGACTACTCCATGCCTGGGGTTGAACAACATAGGCGAACTCACGTGAATGCACCAAACAAACACGCGCCTCCAGCCATCGGAAGTCATGTGAAGGCGCATGGAAGACACTTAGGGAAGGCAACGATGTATTGCCATTAACCCGGTGATCCCATGGCCATCGCTCGTAGCTAGGATGAAAAAGGTGTGTAGGATTTATGAGCTTTCAGCCAGGAAGATTTATTAATGATACTTACTGGCCGTTGTATAGTTACGGTTCCACTCGGGTCTCGAGGGGGTCTCCAACTGTCAATGCCAACAGACGCTATCATGTAAAGCCTCCTTGACGCGAGGTTAGATAATGATGGGGCAGGATAATTAACATTCAGCGCCGGGGCAGTCCCAGGCCGGAAGAATTCTTAATCCGAAAAGGCCGTGACTGCGCGGCACAGGGAGTTGGCGATCCTTTGACTTCCTATTATCTACAAGGGAATGAAACTCGGTAGTAAGATAGAGGCCTAATTTGGGAATACTAAGGGGGCTATAGTATTTGATAGTTGTACCCAGTGCCAAAGCCGGTTTCTAAGCGATCCGATGTTGATAATGTTAAGGCCGATCAGCAGCTTTGTTCATCGACGCGGCGATTGCACTGCAGTTGACCATCATTACACATGACAGCAATCCTATGGATGTGGGATACGGTCGTGCCTGACAAGGTAGAAGAAGGCGGACACCGACCGATGGGGTATAACTTCGCCTGATGGGTAAAAGGGGGACTAGTTTACTGGTACAGGTTAATTTCCGGTCAGAGTCTCGACCACTACGAGTATACGGTTTGAGTGGCGACTCTAGGGCGCCATCACACGCGATGGGTTGGGAATCTCCTAGTAAACAGATAAACGTAGAGAGGTGCACCTAGTGGACAATGAATCACACACGTGGCAATACCTCTCAAGTAGCGGTATCCCAGAGATAGC,1544,48.83,Homo sapiens
SEQ_545149,GTTGTCCTGTCGATGATGCAATCTCGATCTAAATTCTGCTTTTATCGCTGATGGTACTGGTCATGAGCTTCCAGTACGGAAATCTTAAATCTCTCTTTGCGACATCAGGCAGACGTCCAATGGAGTTAAGACATTCAACTACGGTTTAACCCCAACAGAGCGTACTCTGCTGTTGCCCAAGGTCGGGGGGGGAGGCTAGTTTTAACCGGAAAGGGTAGTCGGCCGCTAGCACTTACTCTGATGCGTGAAAAATTGCTCGAAGGTCATTGGTGCCTCATCCCGCCTACACCACCATGAGGGCTCAATGTTTGAGACCACAACCTACGGACTTATATAGCTTCGACACATGTCTTTACAAAGCGGTTTAACATCGGATTCAGGCAGATCGAATATCAATACAGAAGCCATGGGATTCTGTCTCAGCACCGTTGCTCTGCCTGTCATCTGTACCCTATACCACATATCAGCAGTTTGGGAGCCTAGAGCTCTCATCCACCCGGGACTACGCGTGGGTTACATCTGCTGCCCCCCCGCCAGCGGGTGGGCCTCCGAGCCAGTACGTCACCATCGCAATACATATACCTATCCAGGATGCCAGTGCGTCACCGATCACGAGACCAGTTATTTAAGATCGGTGACGCGTCTGCCCACGGGAGGTGATGCTACGAGGAGAACGGTGTCCGTGGTTGCCTAGATTATACTATATCCCTAGTCTTTACGAAGTGGGAACATTTGTGGGAACAGCAATCAACAACTGGCGTGTCCCTACCAGCAAGACGTCCTGAGGCGTGTCCCAATACGACACGCGGCTGCCTGTATTTGTCCACCACACCACGCGATATCACAACTGATGGTCCACTTTGGTCTGTTTATGGGTTAGTTAATGAGAGTTTGGCGATTATCCACCAAATTTCATCGCGGTTCCACTATATATCATAGACCATAGAAACGGGGAGCACCGTCTCTGCCTACGACCGATATCCATATGAAGCTCTTACTAAGTGGTTCATAACTTTCAAATGACTTGCCCTGCGCTACCCAATCAAACATTATGTAGACGGCAATGTCAGAAAACGGCGTATACGTGACCGGATGCGACGATCAATCGGGCTCCTCGGAGACTAGCTTACTCACGAATCGCCTTGTACCTCCGGCGCAGCAATGGCTACAATCTGTCTGTTTGATCTCGCTATGATCATGGTACGTGCAACCATGAACATGGACTGCAAGTCTTAAAGTTGTCCCAGTGACTCCCCCCACAATTTTGTACCATTACATTACATTCTGAATGACTACTCAAAACGTATGAACAGAAGCACTGCGTTCCGGGTGGTCCAAAACGCGACTGGACGAAAATAATTTAGCAGAGCGTAAGGCGCCCATGCGTGATTTGTTATTCCCTCTATCCCACGCGCTGTAGCAAAGGCAGTGGTTTGCTGACTAGCTAACTTTAAGCGTGTCTACCTTACCATGTGTCTACGGGGCGACGTACGCAGGGCGCACCACCTGCCGCGGTTAAGGCGCATTTTAGCTGTTCAGTTGCCAAATTGGAGGGTTAACAATCGTTCACTATTAGTGTACCGCACTGTAAGCAGAAGGGGTACCTCATTCACTGGATTAGCTACCATGCTGCATCATGTTCGGTATCTTGTTAACTGTGTCACGTGAAGTAGTTGAAGGATTGCCTCCGCGACGGCGGAAATCCCAAAATGTCGAACTATGACCACTCGAGGATTTATTGGGTCGCATCCCCCTCTAACGACAAGGCTCCATTAATCGGTCGTGCCTGGTAGCTCTTCAGCCTGACTGGGGATTAGTACTCCAAG,1826,49.62,Arabidopsis thaliana
SEQ_423045,GACTCAAAAAAACAGAAATAAGACACGGGGAGGGGCCTAGTAAGCAGGCTGAAGTGGTCCCTAATTCGGAAGTTATACGCTCGACAAAAAAGGTGGGGCCGTCCGCCAACGACGCTTCCCGCAATTGATTGCCGCGGACTTAATTAAAAATTCCTCCGTATGTTCGTACTGCGAAGCGGCGCACAGTGTTCGCAATAGCGTAAATACGGCGTACCGACTGGATTGACGTCGTCTTGATGTAAGCGCATTGGTTTTTTTCTTATGGCCTGCCGCCAAATTGGTATCGTTAGACCGAGTCTATGTACGTCCCGAGTATTGCCTAAACATACTGTAAAAGAGGAGCTCAAAGATCGTACGCCCGGCAAGC,367,49.32,Mus musculus
SEQ_928372,GAGTGGCTGTGCCGCGGGCAAGTGAACTACGATTGCGAGACAGTGGGGTCCCTTCAGTGCTTTCACAATTTAGGCGTGGGTCTCGCGCCCACGGGAAACAACATTGCGCTAGAGACTACTGAGCCTGGAACATTCTACTACCATCATATGTTTAGAAAGCTGGGTAGGGATGACGGTCATGAGAGCATAATGGAGGCGCCGAATGCCATTAATTGGACGAGGAGAATGTCACGAAGCGCACACTCTGGGATCTCTGTTGTCAGGCCCCACAAAGCACTGCTTGTGCTCTGTACATGCGTACGAATAAGCCTAAGATTCAAAGTAGTACTCCACTATCCATTAAGGGAGACGGGGTTAGTGCTGATCACAATGACAAACTGCGCTTTCAAGTTTGTAGACCCTCCATTAAGAACGAACAACTCACTAATATAGTTATTACTAGTACATTTTACCCATCTCGAGCAAACCCCTCAGTGCCATTACTCGTCCTGTCGGCTAGGTCGCAGGCCGGAAGGGGCGTTATATTAATCTACCATGAGCCTGCAGCTGTATTAACGAGGGTAGGGCTCGAAGTAGAGCGTATACCCGACCAGAGCGGCGACTCTTCAATGGATAGGCGACAACGTGTGGACCCCTCTTTTTTCCAGCGGCAGAGGATGGAGACCTGTGAGGATGCGTTCAGGCTCTACCTCCCGGAACCTGAGAGATCCGTCTTTCGGAACGCAGCACCCCTATCCAGCGTGCCTGAGCGCTGACCAGTCTATCCCAGGACCACATTCTCGGCCCAACTGCATAGATGCGGTTCGGTTCCGATCTGGTCCCTAATGGACCATATTTGTCGAGGTTCCAAGACGTAACTGTATTGAAGCCGGAGGAAGTTGCCCGATCGGAACGAATGAGTGTAGGAACGAACGAGGTTTGAGTGCGGCCGTACCAGTGAGCGTGACTTGCTCTCAAGACGAACCAGCAAAGATCTACAAAAGC,984,51.63,Escherichia coli
SEQ_718298,CCGCACTTGGCCCCAGTGGTTACGTTAGACATGTGAACCACTGTTCGGGATAACTCACCATAATCCCCCTAGCGGAGGTGGGACGCAGGCTGCAATCTGGCCCAGATAGGGTTATATATGACGCCCCGACTCGATCAATTTGATGAGTAGACTTTGCGTTCCCTTACTGGATAAATGCCAAAGCGAACCATTGTTAGCTGCATGGCGGCCACAGTTACACTTTCCATATACTGAACATAAACGTCAGCGGGGTTAAAGGTTTATGGGCGTCGAAGTACTAATCGAGACTACCGTCCGAGGGGCAATATCATGCAAGTGGATGGTTGACTACTTTTCCCCTGTCCACATAAGCATCCGTAATAGTCGTTCAAAGCCTCATAGGACATCCTGAAACCTAACATGGATGCATGTCGACGGAGACGCAACAAAAAAGGCACCTGACCCTAAGGCCCCATCAGCTATCACTTTGCATACCCCCCGAGTACACACGGTAGATCGACCCACCGAAGCACTGCGCTGTCCCTGCGATCGACCTTAATATTGTTGCTGACACAATATCACACAGTAGTTCGTTAAGTTCCACCACAATCGGACTGGGCCAGCATCCAAGGAAATAAGTCGGTTACAACAAATCTTTGACCTGCTAATCCCGAGCTGCACTGCCTCCAAACTACTACAGGAGAAGCGCGTTCGGACGCATTTCGGGTGCTTTGCCGGGGACAAGGGTCTTACGTAGTCTGGCACCTTCGCTAACGGCATAAGCTTCATGGCAACTCTCACCCGAAAGACGGCTACTAACACTTAAGCTTGGCTGTTCCTATGAACCTGCCCTTCCAAGCACGCCCTTTGTACGATGGTCGCTGTTAACGCATGGGCCGCCTCAAACGGGGATATATGTACGTATATCGGGCGATCGATTGTGCCGCGAAGGCCGTTTGAACGTCTATAGTACGCGTCCAGCGTAATGTGGGTAGCTCCGAAGTATGTTTTCTTATGACTATGGTGGAACTCTCGGCATCACTCTGTAGCTGCCACCCCAGGAAACATGGCGAGAAAGGGTTTTCACAAGTTCATTCTGCGCGGAGCTTATAGCACCGGACCTGCGAACTATCCACCAGAGATTCCGTCCTTAGTAAGCTAGGAGGTGTTTTCGCAACCATTGGATATAGGACGACACGTGTCGTTCGCACAATGGCACGTGCAAAGCAGACACGGCGTCAATGAAATGTCATCCTTTTCCCTAAGCTTACCTTACAGCACAGGCCCGCCGTCACAGCAACTGCCGGTGTATTAGCGCCCCGTTGTAACTGAGTTTCAATGGGGCCTGGCACGCCATTGTTTGGGGGT,1347,51.15,Mus musculus
SEQ_989502,GTAAGCCCCCTCGCTGGTAATATCCATGGATTGGCTTGAAATCAACGCTATATACATACTCTTTCAACAGTTCCGTATACAATCGTTAAGAAAATTTTTCTCGACAGTTCGTGAGCGGTACGATGTGGGAGCTCGTGCAGTGCGATTTTGTGGCCCGGACTAGTACTACTCAGGTTAGAATTAATCAATAAGCAGATTTTCTACGGCGCAGGGAATTGGAAGCGTGCTATTGCACTGCCTGAGACCGGTTACGGACGTTCGCACGTAGATATGGGGGAACGCTGGAATCATCACGGATTGATTTACATTTCAGTACAGATAATCTCCATGTATCTTCTTACCCACGAAAGTACCTGCTCGCGCTTTCCGAAAATCAAATTAGTCCAGGCGATGTTCCGTTACCCGGGATCTTACCACCTTTTAAGGAAATGTAGTTGTGTCTGTTCGAATCCTATAGGGGTGCAAATTGTTTCTGTTCTTACTATGCGGGGCCGGCTGGAGCTATCCAAACCGCAAAACCTCAAACTATACGTCAGCCGATCTGGCGCACCAGCTGAGAGTGCTTATTCACGCATCAAGCCGAGCGAAATCCCATGCACACGACTTACGCGTGTGGCGCACCTGGTTACCAACAATACCCTAAAGGCGGTAAGTCCTCCCTCCCCATGTTTTGAACTTTTATAATTCCATATCAAAGTACACTGGCGTTAACACCAGACGCGTGTCTTCAGACGCTATTTACGTGGGCCGGATTTCAGCACCCGGAACCCACTCCTAAT,779,47.5,Arabidopsis thaliana
SEQ_363419,GCAACGTCATTGATGACACAGGCCTGCACCCGTCTAAACCCCCGAGTATCCCAGTGCCCGGTGAAGGTGCTCGAACCCTTCATATCGACCTCTAGGTCGTCTACCAATTACGTACCTTCGGCATCTCTTTAAACATCAGTTGGATCGGCGGGAATTAAAACGCCTGCTGATTGCGTAGCTAGTAAACCGACAAAAGCCGTATCAAGCTGAATATACGCACGCTTGCCATCAAATTAGGGCCGTGCAAATTCGTATAAAACAGCCGGAATTCCCCGAGGCTGTTAGGGCGGACGATCATCATCCCAAGCGACACTGTGTTAGCGGGTGGGACCAAGGGCCCCCTCACCGTAGGCAGTGCACCGCCGTTGCTCTTCTCGCGTTGTCCGACGCGGGCCCTGCCCGGTCATTCGCGAGCATCAGTACATGTTACCCGCTACTCGCCAACGACGGTTTTGTGTGAATCAGCCTTTGAATAACACTCTGAATAACCACCCACTCGACCCATCAGCTGGAGAGCTTGAGAACTAAATATCTGACTGTCTACTCGGGTGCAGCTTCGTCGAGAGCGTGGCTAAGTCGTTGGTCCCTAATATTGATTGTTCGAGTGCGGCTCCCTGTCCCGGGCGTGAGCTTTGTCATGATGTTACATAGATGATTTGATGTGCTGCAAATGGGAGAAAGACAAAATGCTCAGGGGAATAACAGTATCGACAAGGGGAATTTTGGTGATAACACAGATCGCCAACCCGGTTTAACAACCCACGGGTTCCTCATTACTTGCCCCTGAACAGAAAGCTTGATCCTCGCTGTTCTAGGCGAAGATCCCTTTCATTCTTCATATACGGTCCAGACGGCACAACTTGTAGTGATACCTATTTCGTGGGTATAACTAGGGGGAGTAAGGCACGGTAGCAGCTAACGCGTTCTTGTGCTACGCTCCCAAACGGAGTAACTGAATCGGCCTCGACTTACTCCCCACCCCCGACGCACTAAGAGAGCCAGCTTTTGACCTTGCCTATAAGCAGTCTGCTGGCGTACTTTTTCGCAGACGGACAGTGAGGTATATGGTTGCAAACCTCCACACTCCGACAAGCTGACAAGCCCACATGGGCAGCTGTGAATTATGGTAATTGTCGCAGGCTGTCCCAGGGTCCAATAGAATTGTGGACGCTGCTTTCTCTCGCTAGCAAATCCACAGAACAGATTAACGACACATGTGCGGGTCAAAGAGTTACATGGGACTTAACCCATGTGTAAATTGCAGGATGCTCCCGTGGCTCGCTAGACGACG,1291,51.51,Homo sapiens
SEQ_561488,CTGGAAGCATTTATGGCCGGAGCTCCCCGTGACAGCTAATTTTCACCCTTCTAGCGGTGTGGTGAACCACATCGCACACTGTAAAGAAACAACTCTGGCTTGTTATCAGACGCCAAGTGCTGGAGAGGATCATGTGCATCATGATATGAGCCAAAACCCGCGTCGATGTCGGGTAGCTCAGCCCATGTGGTTTTAGTATTAAGGCGAACCAGTTCCAGCGTAGAGCATAATATGGGGGCATCTACGAAAGCCGCAGTCGCTGGTTCGACGCTCACACAATATCAGGAAATACTGCAAAGCTTGCCAATAGTATAGGAGCCCCGACCAGATTTCCTGAGTCCACCATCGTGATCCATCTGGACCTTCACAAGGTTTCCTCAATCGTATGTCTGCCCACAAATGACATCACGAAGTAACGGTCGACATGCCGTAGCGCGGATTGTACTAGTCGGGTTAAACTATAAATTGGTTTATGGGACTAGCGGGTGGATCGTACCGCTAGGGCACGCACGACGCCATTTTCCAACATGGAGTACACCCCAATATTGCGTTCCCACGGGATTGAATGGTGCGAGATGAGATCAGAGACGTTAAATACAGCTCGAATACATTCAATGTCTATCAATAAGCTAGAGGCATCTGTCGTTGGAGTTTATTTGACCTCAGCCCAGGGCGCCCATTGTGCAAGGTCAATTCTCTGGGGCAGTGACGCTTCACCAACGTGGACCTGAGAACGAGATCTAACACCACGTGCCTACCAGCCAGGATACAGTTTGGTAATGGGAACTGATGCGGGACATTGAAAACGGAGTCTCTGCACGAGAACGCTCTCGCCGTGTTGGATGGGCCTGGTCGATCTTGGATCCATTCGTGTCCGCATTCCACTCTCGGGCTGGATCGGGTATTCGACCAGCACGTTTTGCATTACGAGATATTCCGGAGTTCAGCTGTGCAGGGCGGTGTCATGGATGCTTCTCGGAGCCAACTCATAAGATCAGGCGTATGTTAGTTAAACCGCAACTATGTTGGGGCCTCGGCACCTTAATAATATGCCGGTGCTCCTGTTTACCCGCTGCTCGGTAGAGGGATCCTCTTTAACCGGTTGAAGTTATATTTTTATATCTCGTCACGAAGCGACGTCAGTTCTTATGTCGTCGCTCTCATCTGGGTGTATTCCTTTCCGGCCTGTGCACGATGCAGGTGGGAATAAACCTTGCACTACGACGTCAATCGTGCTAAAAAATATCCTATAGAGCCGAGCACTCGGTTACCATCTGGGA,1280,50.23,Mus musculus
SEQ_738477,ACGGGGGTCGGCCTCAGCCTACTTCCGTTAATGCAGAGGCTGGTACCCCTACCGTCATATAACCCTGGTAACGCTATCGGCGGTCTTTTGCGATCGCTGGTTTGCGGCAAGATCAAGGATGATGTCGGCTAGATGGATAATCCGTATCCCACCTTAGCGTCGAGCTGTGGTTTCCTACCCTCAGGATGTCGCCGCAACTCGAAAGGATGACCCTTGGATTTGGTGGGTTGGGACAGGTCACCCTTGACACGGGGCCGTGATTTCTGCCACATTTGCGCAGTCCAGACTAGATTAACCATATAATATTCAGTATTACTACGCCTCTTGTGCTTCTCCCATTGGAGCTTATTGAAGCAAATGTCGCCGTCTGCCTGATAAACTATCGAGGCGGTTAGTCCTCAATTTCACATGGCAGGTACCTGTGTCGCGAGACGTCGAGGACTCAGTTGCTAGCTTACAAATAATGGCTCGTAGGGATCTCCCGGTCCCCTTTCGAGAGCGCTCATGAGTGGCCTTGGAGATGCCGAGTAGCTAAGTAATGTAATTTGAGTTTTTACTGCATCCAAAAAACGTAAATGATGAGGATGCAACACAAATTTATAACCCATAAGCCAAAGCCATTCCAGCCACTGCAGACATTCGTCACTGGTAATGATAAGGGAATCAAGTGTTCCCAAGGCCTACTCGGTATCCGTACGTCCCGATTATCTCCGGGCGGACCCACACCGTTACGTATGGGTCGAGGCACCACCCAAGGTCCATTATTGACCCGTCCGAGCAGCTATTCCGATTTGCACAACTTCGGTAACAATTGAGGCGCTGTAAATCCGTGGCGGCAGTGTCGAAAAACGCCGATTGAACACCTGTATTGAAGCAGTAACCGCGCGGTAACCGCTTACTCAGACGCGCTCGGTTATCTGGTAGCTATAGTGAGGACGCGTCCCTTGTTCGACCGAATGGCACTACGATTATGTAGGGTTATCTTATTCAATATACCCAAGACCAAGCACCTCTGGTACGGGAGGATCGTGGGTCTCTACACTGAAGCGTCTCGAAAGGTAGCCGTGCTCAGCATCAGCTCCGGTGCCTAACGAGGTACTTTCCCCTGTACAGTGTTCATAGAAAGGCCGGCGATCCTGGTAGGGGGTGTGGCTGGGGTACGAGACACTAAACGATCTGACAGGGCGTTTCAAGAGCGTCCAAGGTAAGGGTAGATGCGCGGCCTGACAGCAATAAATACCGTCAGTGGCCCTCTGTTGGGTCAGCTTAGCGGTATTCTTGAACCCCGAACAGTATTACTTGACTGTTATGAGACAGCATCTAAAACTCCCTGAGCTCAGCTGAACGCAAAGCAGGTGTTCAAATGGCTGAGCCTTATGTATTTCTTACTTGAATGAAAAGCCCCTTAAGAACCAGAGGGACGTGTTGACCCTGCGATACTGTCAGCGAGATCTGATATTCTTCACCTACGGGTCCCGTTCTAGTCTAAGTACGTGCTTTGTGTCTGGAAACTCACCACATCATGACTCACATATTTTAATCCAAAACCGTGCTATTTAATCGACCTCGTCCTGCAGCAATCCCAGTAAGTCACAGTGGTCGGAAACAGGGAGACTTGGCGCGACATTGGTTCTGTCATCCGAGGCCCCAACGGTCAGGGATCTTCATTCCAAAGCACATGAGACTTCGGCGTTTAATTACCCCGTATACATCAGGCGGTCGGGGTGCTATCTGAGTTAGTATCATTGTCAAATTCTCTTTTGGCGTTCAGTTGTGACAGGGCAGGTTATCATCGAGGTGCCCCAGTTCATTCAGGATTCGCCGGGCGTTCACAATGAGCAGCAGTTGCCCTCTTACATTCGTGGTGAGTCGATAAACTTCGCAAACCTGTCGCGCCGCCCG,1902,50.63,Escherichia coli
SEQ_236480,CAGCCTGAGTAGCACAATTATCAGTCGTTCCTACCCTTAACGGGACGACTACATTACGATCTGTGGAAGCGGCCGATCGCGGATCCTCTAAAATAGAGCGCAGGGGACTCGACTGTCATCAGTAAATATCTGATACTCGACTCGGTCTACCTTCACTCCATTTAGTCTAGCAAAAGATGGCAAACATAT,189,47.09,Saccharomyces cerevisiae
SEQ_575317,GACGGACAGAATCAATGTTGACTCGTTGTGACAGAAGGGCGCTAGGCAGTAGGACTGGGCAGGATTGAATCTATGGGTTCCAGACGGAGTGGCTAATTATAAGCAGATTATCTAGGCCGTAATAACACCTTGTTGGAGGGCGTATCATCCCGCGCCGAGTTCTGCATAACACGTGCAACCACTTTACTGCGTGGTCTTACCCACGGATATAGGTCGACGCTCGAGGTGCCCCGCCTGTGCGCCCCTGTTACTATTACCCGGCCGACCAGCCAAATATAAGCTTAAAGGCTAAACCGCCTAAGGAGATCCGTTATTCAAGGCCTCTAGACGGTTGGACAAACGTAACTGCCAAAACAGACTTGACTTTCGCGTGCTCGATATCAGCATCCGCCGACTACTCATCCAAGTGACACTTCTTCTTGACGATCGATTGTATTCAAGAATGTCGAACAAGCCTCTAACCCAATTTTTGTCGAGGAGACTTAGACGGAGTGCGTAAGCGTTGCTGATCTAGTTCGTGCCCGTCATCCCATCTATGTACTACCAATCCGATCTAAAGGAGGTGATGGAGATTGTATAAATATTATACGCCCTCGGCATAATACCAACTTCTAATCTCTTTGGTAAAATAATCCTGCAGGCCTTCGGGAAAAACACTCGCTTCCAGAGTGGATTCCTCACAAAGGTGTTCACTCAGTTTAGGCGGACTAAAACGCGCGAGCACCCGGTATACTCGAAAAGGGATCTCCTGTGGACTCCGAATCTAATGAGACATTAATATTCCGGGCGCCAGCGGAAGAAGCGGATCAGATACGGTGATACCTGGTAGGGCGTAACGGGCGAGTTTCACTGCTATTATTAATTTCTGTCGAACAGGGCCCGCGCCTTGGCGAAGCGTATACTTGGTGGAGCATAGAGAGGATCTCACGCTCCACCGGAAAGAACCCATAAAGGTACTGGATAAGGCTAGACCAACACGGTTCTAAGTTTGCGACTACGCGAGAGTAACAAATCCAGGGTGGGGAAGGGAAAAAAATCACTGAGAATCCCTGTGGGACCCCTGCCATGAATAGACAACAAGGACGGGCGGTTGCTGTCTTTTTAGCGTGCTCTAAGACCAACAGTAACTTGAGTAACGCGTCGAGTACCTGTGTAAAACACGAGGATTCCTAGCAAAATGCTGGCGTGTGCCACCGTCCTCGCCTGCCAACCAGACGTTCATTGAAGAACCATTCACCAGCTGAGGCAACGCACAGGTAGGTCCGTGAGCATATGCGACCTCAGATAACTACCAGCTTGCACGCGCGTCTTCATCCCCATATAGCGGCAGTCCCCGATGCTAATGAGGCGAACTCTCGCCCGCAACTCGGGACACCCCTGGTGTGGAGCCGAAGATAGGGATTAGAATTTTGAAACATAGGTGCACATGGCAGCTGGTCAGATTCCTGGGTTACTGAACTCCGTTTATCATACATCGCCCGGTGCGAGCGGCCTAAGAGAAGAACTCCGGAGTAATCCGGCTGAGCGGAAATTGGTAACCCGGCCTACAAAAATTAAACGAACCAATTCCTCGATTACATCGGCCATAAACCTAAATTGGGGATTTTGTTTAGGGCAAACACAGAGA,1627,49.97,Caenorhabditis elegans
SEQ_836309,GTGGTAAAGAATCTTTTCGACATAGCATTCGATTAATGTCCCTACCCACGCCAACGCATTGCGGCTTATGGGGTATCATGCGAGTTGTTGTGGGAAAGGTAACATTACTACAGGTGTGGCCCGGGAGTATAAAACTACCATGCCATGCAGTTCTGGATCGCTTTAAGCGTTCCGGTGTAGGCTAACCCCCATTGACATACAAGACATTTTACCTTTCTACGCTTGTTAAAACGCCCCCCGCTAAGCTTAGGTGGTATTGTGTTAGGGTTCCGTCGACTACCCCGGAAAAAGGTGACATAGAGTACGGCTACCACCGCGTCGTTCAACTGGATAGTTGTACGCAGGTTGCAGGGCACTTCAAGTCTGGCCCGCCCGTGGGAACGGAGGCTTGTCTTATCAATTTGTCGGTCATATGTAAAGTAGCAAAGAAGTCCGACCCCCCAAGGGTACGTCATTCGTCACGGGTGGTTTCCCTCAAACTTGCCCCGCAGGGACTGATTCGCTGTAGGGCTGGGGTGCCCCAGCTGGAATGCAGATCTTGTGGACGACTGCACTCCGATTCACGTGCAGCCAATTACACTGAGATATCTTTGATGCGCCACTATATTACTAATTAGTGCGGCCACTTCACTCGCGCCGTCCCCTTGAGGCGTGGTGGTTGTCTTTCCAGAAGTGTTTGCCCTGGTTATTTTGTGGTT,698,51.0,Arabidopsis thaliana
SEQ_662823,TGGAGTGCGCGTCGAGTGAATTCTACCAGCGTCCACCAAGGTGGGCTTCTCTTGGTTGCCGGTAGCGTTCTTGATGCCATAGCCGAGCGCAGTTCAGCTTAAGCGAAGCGAGTGCATAATCACTGTGCTCGGGTACGTACATCGGGGCACCGTTAGAGCGGGCACGATGAAACGCTCTTTTATATATTGACGAATGCGCCCAGGACTTTCGAAGGGAAACCATGCTTCGCTGAGCCGAACCGCAAGTATTCGGGTAAGACTGGATCGCGTGCGATCGAGCCCCCCTTCAGAACGGTACTTGGTTTTCGGCGCCCTCTCAGACATTCGAGTGGATAAACAAAAGTTGGGCAACAGATTCAGGTTGGTGGTTTAGAGGGTTAGGTAATCACATATGTCACGGCTGTTCGAATTCTACTGAGACAAACCGGCGCTAGAGCTTCGGTCCAGTTTCTTGTCAATCGTTGTCAAAATGCTTTGTCGGTTTGGTTTAATGCTCCGTCACGTTCATTTTACGTTCGGCAGGAAAGTTGTGCCATAAACCGAACTAGCCGGTAGTTGATACAGTATAGATTTCCGGCCGAACATTGTTACCACCCTTAGGTATACACGGTCCTTTTTTTACACCGTCTGTGCGAGCGACATCATTGGAGTTCAACCATACAAGAATGAAAGGCGGATCCGGCAAATCGCAGGGTTGAAGCATATGAGAAAAAGGTCGATTCTGTGCACGTGCAAATGACGGACTATGCCGTGAATGAAGTGCGAAGATCCACCAAAATCCCACAGTGTCTTGGCGGCTGGCGTGTAGAACGGCTCCAGCTCTCGCTTCGTTCGACCCACCAGGCACATTATACAGAGAATCCGGCGCCCGGGCCTAACCTTACATGTATATAGATTGCAAAAAAGAAGCCGACATATACCACTCTCACGGTTACACGGCGGGTCAGTATTTTGGGCACTCAGACGGGGTCCGGATGCGCCTCCGTGAACAACGTGTCCCCTTCAAATAGGAGCGTTCTCACTCGCCATGAACGGGACGGTTACAGGTTCCTGAAGGTATGGGGTCCCTGGTGGCTGAAGGCGAGGCTTAATGTCGTTCGTCAACCCAACAACAACGGTCGCTATAGGGGTTTCTATGAGCAGATCCTATTCACTCAAGGTTCTCGTCGGTGCCCTATACACTTCCTCACTATGGGACTCCTGGAGAGCGTATTTGTCGATAAATAAAAAGCCGTTCGCGTCAGTCCAGTAGAGCGAGGATACTCGACACTATGGAGATCCTGCACATGAAAATAAACGCACTTAACGGGACAGGCCAAATGCACTGCTTCACTATCCGCCCGCTTTTAGCATGTCAGTTCTTACCCACCTAGAGGACGACGCGGGTGCCTGAGGCTTTCATCTGGTGCGCTGTCTGACCGATCCACCGTTACCAGCTTAGTTTCACGTAACGATCCCCGCCGTCCGGTAGGGACGTAACCAACTGTGACCCGTAATGATCCACATCAATGTACATATTATAGGTTCCCTTTGAAGCACTGTTTTGTAATAGCCCTAATTTGTCTAGGATAGGCAATTTCCCTTTATGGTTGTGCCCTCATAGCACTCACGCGAGCGTCAATGTCTGCATTCTGGCTCGTTTATCCCGTCCTCTTGGGTGA,1661,50.69,Caenorhabditis elegans
SEQ_871874,CGTGAATACCAGAGTATTTGGGCTGCTCTTCAGCCCTTGTCCTGGCCGCGAAATCTATCGCACGTCCCCGGAACTATGCTTAAGATTTTGTTCCAGAGCGTGCCATTAGT,110,50.91,Homo sapiens
SEQ_505368,AACTTATGAAACGGAGGGCCACGGACGCATCTGCTGCCCGGCCAAAGTAAGCAGGGCAAGGTCCTCTCACGGATTAAAGCAGAATAATGGCGTTTTCGTTCCCTACTCGCCTTTATATACCGTTAAATCCCACGTAACCAGGACTATCTTCTTCCTGACACGGGGCTGTGGTGGTCTATCTCGGCTATGTTCCAGTGTGATCTTGCAAATTCCTTGGGAGTAATATACTTGGTATAATCAAGCATACGTATGTTGTTTGCTTCTACGCGAAGCCCGGCGCGTGGCCGGAATCGCGCCTAGTAGACCGCCGGCGCGTACGGCGGTTGTGTACTTGTGCGGCTGCAGATAATAGCTAGAGTCAGTACGGAATGAAATCCACGCAGGATTTACCGGACGTTGGCATGCTGATTACCGGTAGCGCCCGTGTCGGACTGTGCCCCTTTACTTATCACGACTCACGTGATCAATCTGTTCGAACTGGTTTCCTCACCATCACGGTAAGGCTAGTTTTTCCTGACTCTCGCTAGCGCGCAATTTTGCGCCTTCCAGGGATACCACGTAGTTGGCTTAGGTTCTTGCTGCTCTAACAACATAAACCGCGCTGCGCAGTACATTCCATCAGCTTCGTACAGGAGCGAGGCCAGTTAGAAACCGGGGGTTAGAAGCAGTTCATACGGGATCGCCGCAAAAGCGATATTTCATCGGTTGGCTCAACACAGGTATCAGCCCCCTCTGTAACACCGATAGGCCCAGTGTTAAGGGGAACAACCTTCGGCGGGGGTTGACACGTAGACTAACAAGCGAAGCACGTCCTTGCACTAACCCTAGCACTCTATCATTTAATTTTGCATTCGACCCGTAATTTTTCGAGTCTAAATGTGAGACGACGCACACTGCTAAACGCACAACCATTGAGAAGGCCATATCTGTGTTTAGATATTTCGGCGGTCGCTGTCTATGCGCTGTGAATGGCGATGTGATCAGACATTTGATTCGTCATTTACTAACTTACTGGTTGGTCTATCCCACGTAGATGAGCGACTCACGTACATGCATGCGGACAGGAACGCCTCAATACAGAGTTTCCGGCGATCGTGGGTCTGTCGTGGTGCCATTTATAGCGCCGCGACGTGTGTGCGGGCTCTACGGCAGATGTTAAAATCGCGTACGTTTCGGCTGTGGGCTCACGAACGAAGTGTTCAGATGGACAGTATTCTCCAATGAGCGGCCGAATTCGCCTATATGACTACAACATGTTCGATAGAAAAGTTGAAATAAGACTAAAGCGAATATTGTGCGCTCCGCGTTTTGATCTGCTGATCGAGAGTATTTAGCGGCAGGACGCTCAAATGAGACGCTCGTCGGCGCATAGAGGGATTTCTAAACCTTAGTTAGGCACAAGTCTAGTCTCCAATATTTGTGAAAGCCGCGTCAGGCTTTCCTTTGCAGGCGGGGATATTTTGCAACTACATGCCACCGGCTGCGTGCCGCCTGTATTCTCGACCATTCCGGGTAATTACAGAATTCGAGGAACGTTCATAGTTTGCCATTCAATTTCGTTAGCCTAGTTAACTTGAGTGGACAATTTTGGCCCTGGTTGGCGCGACGACACCCAGTCCCCCCAACTTAGCCCTTTGCTTTTGGAACTCGGTACCCCTTGATCTGGCCGCACGAACTACAGACCCGGTAATTTCGCTTGTGTCCGCGGTCTTTGAAATAGCCTTTCGTCCGTTCATGCGACAGACCGCGTAACTTGTGATTTGCATATTTACCATGGTGAGGATGTATGAACCCCAGCGATTGTGGTATACGTTTGGTCATCG,1823,50.14,Saccharomyces cerevisiae
SEQ_509092,ATCCTAAGATCCGACGGGTAAGAAATACGTGATCCTTTAATTATTTAGCGTGGCACGCTGGTCTTTGGGAGCATGGCTACACCGCCGTAGGGAGACTGGGATGCATCGCAAATGGCCGCTTAACCGCCGGATATTGTGACGAGTCAGACTGTTTTGGGAAATCACCTGCGGTGGATGACACCCAGTAAGAGCGGAGCACGGGCTGTAGTACGCTCCGTCCCTTTTATCAACATTACGGTTTGGGAGCTGTGATTAGGTGGAGAACGTTTGGCTCAGACGTCGTCTTGGGAGCATCCTCGCAGGCTACATACCACCAGTTAACTAGGTGGAGCCACCCTGGCCATTGGCCCCGACGTGGTGACGACTATCATATATACACGAGTACATGAAAATCACCCGATTCATCTCGGCAGCTCTTTTCACCACAGTGGTGTCCAATGTACAAGGACTGGTAAGAATTAATAAGTAGTAATTCTCGAAGCACAATCAATTTAACCTCCGGATCGCGGACCGGTTGCTTCAGCAGGGCAAGCACTCTCTACGCGTCCCTCGTATGCCCGATTCCCCGCACGGTTCGGAGAAAGACCTATCACACCTGTACAATTATTGCCCCACAATCGACCAAAATGGGCATACCGAGCTGTATCCTCCGATCTCTTTCTCATCAGCCGCCTCACGATATAGCATATGCAGTTTGTGATGTTTGTGTGGCCTTTAGCGGGCACTTGGACCAAGTCGTCAAAAATTAGAAGCTAAGTCCTGATGTCGTTTCGGTATGCTTAGGCCCTACCCTAAGCACAATTCACCAACGCGCCACGCTGTCAGGCAGTGTAGCAGTCGCTGCCCCACTCATGCATCGGTCTCAGATGCGCGTCCTGTCAGGCGACCCTGGTCACGCAAACGGTCTTGCGGAGTACCCTATTCAGGCATCTGTTGCGTAATAGCGCTAGGGATCTACATTACTTATAGAAGGCTGGAAAAATTGTCCGTCCGCATAGGTAAAGACCATCTTAATAATGTCTACCAATACTGGCACAGGAGTACGCACTTAAAAATGACCTATGATATTATCGAAGTCGGCTAAGCGGGTGGCCTATACTAGAGCCAACTTTGACCTGCAATGAGACCGTAGTGGCGCATTGAAGCAGAATTCACAGGTAGCCGTCCTGTTTGCAACCTGACCTAACAAGGGGTGTCATCGGTCATCACTATTAACAAAGCCTACGCTAGACATGTTCTAGACACGCCCATTCCGTAGCAATCGTCATGGCATATTGATGTTTAAGGACTATAGTTTATACGCTAAAAAATGTCCCGGAATGGCTGGGCTGCTATTTCTGGGGGGGATTTTCTCGGGGGGCGTACGTTAAAACATTTAGTGATTCCGGCAGTCGGTATGGTGTGGCCTGACAGAGACTAGACTCTGGCGTATGCTCGCTCCGTTTCTCGGGTAACAACGGGTACGGCAATCGGAGAATACGGACCTCTAGACATTAGTACCTAGCGGGATAGTGCAAAAAACCCCTCTA,1529,49.97,Caenorhabditis elegans
SEQ_985998,ACCGCCCGATCTAGACCGAATACGACCCTGCGTGCGTGCGAGTTTCCTCGTCAAGCGGCTTTCATTATTTTTGTACCACTCACTTTTTTCGCCAGGTCTTGGGTTATAACGCCGATCTGGACCTTGTCTGGGTGCTGTGAACTGAGGGCGCACAGCTGCATTGATTCGAGCCTTGCGGCTCCTTTAATAGATCACCACCCAACAAGTCTGTTTTGGCGACCAATAACCTGTGATAGATAGCCCGTGAGTCACCGCTCGCTGTGTAACAGGGCAGCCTGCCTTTCGCTTTACAATAGGTAGTTCTAAGCGGCTACATTTCTGCTGGGAATCAACTCCGTCGGTATCTAGCGGGGATTATTTACGGCAGTCCTACTACCTTTCTTTCGCTAGTTTCCGACTAGCGGGAAATGATTTCGGTGTGATAGGGACTAGAGAACGCCAAGATGGAGTGGTTATTGCTCTGAGGTTAGGAGCTACCTGCCCCATCAAATGACACAGTATGTCAACTGATATATTAGACACCGATGAAGGAGCGAGTTGCTGGATAAGTCAAAGCGGTAATAACCACGTGACTCCACAGAATTGACGAGGAGCCTGATGGGTCGACATTGAGGCGTATTGATCGATGAGGGGTACTTCGGAGGTCATTGATTAGATGATATGTGCCATGGGTCGCTTGAGTTGTACAAAGTCATACAACCGCGAATTAGCAGTGCGCGATTGCGCAAGTATCGCAAACACAAATATCCTGACCAATCATTCGTCGTGGCAGGTTCGGTACGCGGAAGGGGCTATTGAAATTTCTGGGGGGTGACGATGCACAATCCTAGATGAACCGTTTTTGATAAATAGCAGAGCCCCTTCGCGGTTGTCTCTCCTAGCTTAATTTAGGGTTTCCGTGACGAAACCTAAGTTGCAGGATACCCAACCTCTATCGTAGTACGCGATCTCCAGTGCCATCAGTTTGCCGCGACCTTGCTCTATCCCCTTTGCAACTGAAGCCTTGACCACGGCCTACAGACAAGACTATGGTTTCGCTTCGATCTTATTGAAGAAAGCCGATATCCTAAAGCCCCATTGTCCAGGAATCATTGGTAGTCGTTTGGGATCTGAGAAGGTGTCAGCGATTCAAGGTCCTAGGGCACCGAGCCTAAACCTACAACCTATTAGCTCTGGTATGTAGAGGCGCCTAAGTACTGCGAGCAAGCAGTCTTACTCGAACACTTTTTCTGTGAGACGTGATCACGAATCATCCGCTGATTAATATTCGGTCCGTGACACTATATTCATCAGTTGAGAGTAGCCGCGATAAATTGTTTTAGAACAGCCCCTATTTTGGGTTGGTCAACCCCAGAGTGTTGACACAAATAACTGAGGAGAGTTATGCCAGCGGATAAAAAGTTAAATGAGGCCTAACACTCTTATCCGGTAATACGAACGGTGCATGCTTGAACATCATGCCGTGGTACTAAAGCCGGGGGTCCTGCACCAGTTTGTTGTGGGTCATATTGGCTTTTACTCAA,1523,48.26,Caenorhabditis elegans
SEQ_726614,CTGTTATGGTTTCGGGGAACCGGTGCAACAGGGTCGATAGCAGTCCAATGATCGGTGGCAGTGGGCGCGCTGAACAACTCAGCGCCGGACTATAAATACTGCGTCCACGGGGCGTTCTACTTGATATCCCCAGGTGATGGATCTAAGGCATTGAACGTGACCGAAGATGTAGCTATATCTAGGTGGGCCTACTTTAGACGTCGCTCGAGTATTACTAAGACATTAAATAAGACCTGCTGCACTGTCCAGACTGGAGTGTTGCGGCATACAATGCTTTAGCTACCCCACCTACAATGGCCGCACCTTGATCGGCCGCCCCCACAACGTGATCCCCCTGGAAAGGCCGCAGCTATTAATGGCAATGCGTTAGACCACTCGCGTTCGTCCTTCTGTGCAGGTCTTAGGAATGTATATCTGGATTCCGACAACAGACGAAGAGCTACCTAACTATATATGGTTGGATCACAGACTGCTACGGCCCAGTTCGGCCCGCCGCGGAAATGAATTGTTGAAGGACGCAAGAGCTAACTCTAGGAGAGCGTGCGCCTTGTCTTATAATGCATGACGCGCTCAACAATGTATTTCCCCACAAACGCACAGACGGTCGGATCTCTTAGACGTTACGATGAGACAGATTATTAGCCTTGGCCGACACAGGCCGTTTAGACGCCCGGCGACGTTCTGAAAGCTGGGAGCCCAATCTGCGCCCAGTCTCTTCCCGTCCATGATGCCTTGGATCCTCAAGCAGTAAGGAAGCTACCACTATAGGAAGTCAAGTAGGCAGGAGGCTTTAAAAGAAGTCTGACTTGCAGAAGAATCTTATTCGAACGGCAGCTCAATATCCGGGTCTGCCCTGACGGAATTCTCAGCTGGGACATCTTTGCTGAAGTACACTACAACACCATCAGCGTTTTCCTCACAAAGTAACACTCTTCTTAAGAACACGAGCACTATATGCGTCATGGACGTACGTACTGATCATGCGATCTCTATGAGATCCTCGCCACCCCAATAAAAAACCGCAGACGAGCAACAGCTGCACAAATACCCTAAGGTTATCTCTGGAAATACCCAGCACGATAACTTGAACCCTTGTTGAGTATCCTGTTGTAATTGAGCACCGGGGGCTGACCTCCAGAGATGACTTGTAACGATGGGGGGTCGCCCAACACTTCGTATTGCAATCCCGTCACGTAGCACAG,1202,50.67,Drosophila melanogaster
SEQ_398564,ATAACTACCGGTTATGATCTGGTCTAAACTTTATCGGTTTGGAAAGAAACGAGGATACCTAACGGGAGATTGTGAGATATAAAAGGGTGCGAACTCACCCCGCATCATCAGTGGTTCGTTGTCAAGATGATGTAAGTCGCACTATGCAGCAGCCACGGCTTTCGTAGTCTCATTGTTTTTGTGATTTGCCGAAACCTGTGGTGGTCCGAACGACTGGAACTTAACTATGGTGCATAATCTAGTAGGCCGACAACTTTTGCTAAAATACGTAACATCGCTGATTATAAAACTGGGTCAACCCATAGCCTGATCAACGCGTTT,321,43.93,Caenorhabditis elegans
SEQ_729715,TGAGCCCGCCTTAGGGCCGGGCCCGGTAGGCATTACCTGCTGCCATTACATCCGATGATTCGTCAGGTAACCGGGTCTGGATGGCCTCCGCCTTCCGGTTATAACAGAACCCGACAGATACAAACATGGGCGGTCCTTAATGGTAGAATGGGCTAGTCCAGTCCCATGTAGTGAGTCGACGTCTCTATCAATCCGAGCGAGTTTCTAACTCTTCGGACCGTGGCTTCTTCTCAGACGCCACCAGCATCAGTTGACCCGTGCTAGTGGCCCATTGGCTGGCTACCAATCTTCTTGGAACTCGACGCAGCCTGGCCTCCAGCCGGCGTCTTTGGCCGACCCCCCGAGCGTCCGCGAATCAAAGTCGGTCTCCAACTCGGGCCCGCGCGACCGGGCTCTACGTAAGTTGTAGAACACCTGCCGTTATAGCTCATCGAGGATAGACACAACGACGCTGGCGGACAAATATAGAAAAAGGAGCGTGTCCCGTTGTTACGGACTAGCTCTGTTGTGTCATGGGCGTTCTCTATTGGAAACAATTACTTGCAAACAGGGAGGGAACGCATAATTGTAGCGGCAGCCCCTCGTGCGCAAGGCCCATGAGCGCACTGATGGGGACCCTATGTTTTCAACGGTCAGCTCGACATAGCGCGCGGCAAGACTAGCCGGGCTACTACTGGATCCGAAGTTGCCTTCTAATCAATTGTGACACTATGAATGTCCGCCGATCATAACGACAGATTAGTGGATCCAAACTAATATG,760,54.61,Escherichia coli
SEQ_796203,TGGCTCTTACGGGGCGAGGGTTGAAGAATTATTCAGAACGGATAGGAGTCACCCATAAGGGGGGGATGTTCTGCTCTGTCGTGCCCCGGCTGCGGTTTG,99,56.57,Arabidopsis thaliana
SEQ_856234,GTACTGTAGCCGATGAAGTATCGAGGACGACGCGAGACGCGTGCGCGACACGGGTGCTACTACATTTTTGCCGTTCGCGAATAGAGCGTAGCGGAGCGTATAAGTTGTTCAGAAAAAGCGGAACCTGTGGTTCTGGCGTCTTACTATCGGTGTTTGCTTCGATGTGGGGAATCCGGTCCGGCGGACCGCGACAGAGGTTGCTCCCGTAAAAACGTCCCCTAATGTAACTTCTCCGCTGCCATGTAAGTTATTCACGCCGGTTTGAGAGTCCCGTTCCAGGCCCCTAGCTGACAGCCCATCCCATATGTACCAGCTACGAATGGAACATTTGCGTCGCGCAACGCCCACCGCCCCTGTAACAGACTATGATCCATCACAACCATTACTCTCTCGGGTCTAAAATTTACGGAGCCACTACAACATTACTGCACCCATTCGTGATCGTTGCTAGCACCTTCCGATCCCGGCACCGATGTACAATGGCCCTTGCCTAGTTTACGGATGGGTCGAATGATAAGATTAAACGAGCCCAACTTCGCTAGTAGCGGGTGTAATCAGGTCAGTTATGCCTATTTCGAGGGAGGTCATTGGCTGAGTCAAAAGGTGTCAGCTACGCGTTGAGGCCCTGGCATAAACGGGACGTTTGTCCATCCTTGATTGTTATCATAATGCATGGTCGTGAAGACCCATCGTACAAACCCGTTTGTCGGGTCCTGCGTGTTAGCTGGGCTGTAACGGA,739,52.23,Saccharomyces cerevisiae
SEQ_359831,CTTGAACAGTAGCCATTTTGGAAAATGCACCGAACATGACACTACCTAAGGTGGTATAGGATACTACGTAGTCCAACGAGAGGATCGAACGTCTTGAGGTAGAGACTGTTTTCATCTTAGCTGATAGGCTGCACCCCACACCCGGTTGTAGATCCCCGTCCACTATCAGAGGTCTGCGTCGCGGGGTGGGGTTGGCCGGTCGCCTCTGGACTTTGTACGCTAGCTCAGAAATACCAACAAGCCGGGGTGAGCTGATGTACAGTGGCGGCAGCGCAAAGACGGGCTACGTTGTATCCCGTGTACCACCCCGTAGGTCTATCTTGGAGTACAGTTATCATTAAAAGGGGCTCAGGCCCATATAGGGACCTAAAAGCGCGATCTCATCCATGCCCTCTCGCGCTCGTAATGAATTATTCGTGGGTTAGTCACGGATGGTTCCGCTTGTCTACTTGACCCGACCAAGGGTCGAGCGTAGAGTCTCACGGCTTACGAATTACTGAATGGGTGCTAGCTTGCCGCACCCTTTTATGGTTTA,535,52.15,Caenorhabditis elegans
SEQ_594385,GTATCGGTAACGATTGCTCTTTCATCGGTTAAATTAGGAACATCTTTTTACTTTAATTAGGCAGAACCTTCGGTTTTTGGACTCGGACGCTATAGTTTACATGTTCCGATCGGAGATAATACGACGCGTCGTCGGAGGCCGGTATAATATGTAAACCCCATTGCATAGTAATAACGTTGGCACAGGCTCATATTAATCATTAATGCCTAGGTCGGCAGATGGACCAGAGGTCGCGGCCTACATAAGCGTATCACCGCCTCGGAAGTAAACAAGTGACCACGCCGGCAGGATACTTTTG,298,45.64,Arabidopsis thaliana
SEQ_460633,ATGAGCTGAAGCGAGGCCGCCTTACTACGCATTTTGCGAGATTGGGCCTTACCTATGGGAACACAGCTGACTATCCGTATGAAAATGCTTCCTTCGAATTGCGTCACCGACGTCCGCAACTGAGTCATTGTACCCGATTCTTACGCACCCGCACGCCATTGGATACCGTTAGCATCTAGTATACGGTGCAAGAACAATACCAGGTGTGCGTTAGGCTTGAGCAGGTATGGAGAAAGTCCTGGCGCGGAGTAATTTTTCAACATATCAGAATGACGGACCTTACTCCGATCCATAGGGGAAAGGAAGGGTCTACAGCGCGGTAAGGCGATCCGTGGTGTGACGGCCTCGAGTGAGGATCTCTCTCGCCCATGAGCGGACAGGAAACGAGCTCGAATCGTACGTTCTGGGTCTATTTTATTAGTGAAATACCTGTAGTAACCTCCTATGAGATCTAGTACCGAAGACGCCCGAACGGGTATACCTCGTGTGCTTGTAAGGCTTGTAGGACTTCCTCTAACTGGTGGTGCAAGAGGGCCAGCAGAGCTCTTACGGATACCGTGGCACCTTGACTTGCACACAGCAATGCAAGTAGATGAGACTGCTACAAATTATACCATCCCAGCAATCTCCATAAGCGTATCGGGATGCATTGTAATTACACTCCACTACACCCTCTCCATCGAGTGTGATGGGCCCGCGTATTAGTAGAATTTTCAATCAGAGTCTTTATTAAGTGAAACACTAGCGACAATACGAATCAAGCACTCCGTGGGAAGTTCAATAAACGTGGAGCCTAGCAAGAAACATGCGCGAGCCAGGGGGGTGCTCAATCTGCCGCTGTACGGGGCGTTCGCCTGAGGGAGTGATGTCTGCTCGGGTGGAAAAGTCTCTCCAGGCCATGTTTGTTTCGTAGCGCACGCTTCCACTATTCTTACTACTTCTTTGTATCCCCAACCGGGCTTAGCAGCCAAGAAACGTTCTGCGTACCGGCGATACGCATTCCGAAGGCTGGGTGGTGGG,1020,50.88,Arabidopsis thaliana
SEQ_158052,AATGGGTCGTTCATGTCCATTGGCGGATTGCCGTGGGTCTTGGCTAATTCTTGGCTTTTCAGATCCGTCGGTTAATGGGGCGTATTGCCATGCGCGGTGCTCGTTGTCCAATTATCGCAGCATGTCGAAAATGATTACCCCAGAGATTTCCGGATGCGCGATAGTAATAAACGGGGATGGTCTATTCTAGTGTATCGAATGGCCCTTGGGCTTAACCTTCCCTAGATTGATCACTCTTATCTGCGAGGCACCTAGTTTGGGGCATGTGTAAACCTAACAATATCCTTCTACTAGCTGTACTATAAATGATCCGTTGGGGTAAGATGTTTTGGCAAGATTTATCCGAAAGCTGAGTCTGGGATCGGCAAATAGACTCACAGTTTCCCGCACGACTGCCACACCAGAAAAGTGGGGGTAACGTTGCTCTGGCACTGAGCCCCGAATTCATCCCTGAAAAGTACTATTCCAATCGACATGTTCGCCGGTACACTGTCCAAGGCGTCCCCCGCTGAAAGCCGCCTCGTAAGCCTTCATGTGTCCGAAAAGCTCCCCTATGGTTAGGGCTGCCACTCGGGTCTGGGCGATTATAACGCGCATTTCGACGAGGTCACGCTGTGCTATATAGCGGCATGGGGTGCTACTAGTTTACACCATAGGTATATACGGGGGTCATTTCATAGCATAACGCTGACTAGTATAATCGTAAGGAGAACGGCGAGAGCGCATAAGGGCAGTACAAAACGTTCTGATAATAAGAGAGAGAAGTCGCATGGCATTGTGGTGTCTTCCAAAGTTAGAACCAGCAGCTCT,810,49.14,Saccharomyces cerevisiae
SEQ_661313,TAATAGCTTGCTTCTTGATTCCTTGTGGCATTCTTCCCCGAATTTGCTCTTTCCCATCGAATAGTGGTGACCCCCTCCCACCACACCTATCACCCTGCGTGAATTCCCTCTCGGGTCCTTGCAGGTAGCATTCCAAAGTTGTCAACTAGTACGATCTCTGTGCTGACGGCGGGAACCCGGCGAGATGTCTCGTCAGCGCCGAACGTGTGGCTCGTGAAAGACTCATCCAATAGGGAGCCTAACACCTTTTATTCCCCAAAGCCGCCTTCTTAAAATGTGGCACACTCCTCCATCAATACCTGCGTTCTCATGGGATCGCACCATGTCGCCCTTACCCAGGATGCTTCGTCGGCAGAGCAGGACTATGAGGCTGGGGAGAGTGGTGGAGGAAACTTATGTTGATAACACTGAGGCTTCGTCGCAAGGCCTTGATGTCGCGGACTCTCATCCAATTAAAGGCGAATAATCTGACCACTCACTCCCCTGATATTATTCCCGTTCAGCCCAAGTTCTGGTACCGTCAAGCTGGCGACTGCATTATCAAGCCGCCGCGACGTATTATGAACAGTATAGGTCTGGGTTGTCAAAGTCTTTCCCCGATATTCATTCCGTAACGTGCCTTTTCCTAGGATTACAGAAATCTCCCGAGAGGATACGGCCGGTCGG,666,51.65,Saccharomyces cerevisiae
SEQ_744927,CCGAACGGCCTAACGCACGGCTGACCTTACACTGCCTTATGTGGTTTTGTCCCTCTAGGTATAATTCTCGAGCGTGGCCTTTCACAAACAAAAAGCAAAGGATTAGGCGCTCTTAATTGGTTCGGGGTAATTTGGGTAAGAAATTTTCCGTGCCAGTATTCGCTAGCATCCCTCCGTTAAAAGCTGCTTAAATTGTTCGCTGTCCTGCAGTCTCCCCTATCGTGACACGACTTTATCGTCTTCGTGTCCCCCTCCTGAAGTAAGCTCCCACTAGGGTACACTAGAGTTACTCTCTATGTCCAGATCGCGCGCAGACTCTTACTGGCTCATATTTGGAACGGCTCTCGGACACTCGGTTGCGCACTCGTGGATCGATCATATTCTTTTACA,390,48.72,Caenorhabditis elegans
SEQ_903773,TTCGGACAGGCTTCGTATCCGTTAGAGTCAGCCATAGAGTCATCACGGAACCCCCAGAAAGCAAGTACCGACCGGATGGTACGTATTCAAGATTCCTGAGCACCTGTGGGCCTCCTCTATCCAGTTCACGCGCATTAGGCACAGTGATTGCCTCGACAGTCCGGCAAGCGGTCGCCAAGGGCTTCAACGTTTCTGAGGAAGAGACAGACGGGCCATCTAAGCCGACAATAACTCCTGGTGCTTAATCCCACTAGAAGTCTTGGTCGGCATACGTGTAACCGCAATGTTAGTATAGATGCCTGTGTATATCCCCCGTAGACTAGACCATCCAAACACAGGTGTACCCGGGTGCAGCTGTGGGGAACTGAGGACACTTCGTTCATCAAAGTTAGATCCTAGACTGGACCTGAAGTTTGGGGTCATTCTAGAAGACAGACGCATTATCAAGTTAATGCACAGGCCCTCACATGAAGGCGCGGTTCCTATGTGTACGAGAATTGGGAGCGCAGGATGGAAAGACTCCCACCGATGAAGGTAATGTGGCAACAGCTTTTCGCGGATTCATACCAGATCCCTTAACTATGACGAGCATCCAGTTGGGCATGTGCCCTTGGACCATAACGGACCGATCGATTTCACTGGAACTTACTCTTAACTTACATCATCTTCACTAGATAACCCAAATTATTTGAAGGGTGCCGCAGCGCACCTACTGTAATACAGAGCGAATGATCCTAGAAGCAGGGCGATGTACAGCCGTGTACATTCTAACTTTTTCCTGTGCTACCTCTTCGCCGTCACTCGAAAAAGAGCAATTATCGGATGGAGCAGTATTCATCATAGCTTTCCAACATCTAATTCGATTGTGAAGCGCGCGAGCTTGCACCTTCTGAATACCACCAATTTTCCGTATTCTATGGTGCATCCATTTCAGCTGTTGTACATCTCTCACAAGGTGCTTCAAGCCCCTAATGGACTAAGGTACGCCGAAGCAAATGGTGTCGACGAAAT,1011,48.86,Caenorhabditis elegans
SEQ_988971,CAAGCCGTTGGGATTTTAGTGTGCTACACCTGACTGTGGGAGGTAAGGAAACGAACTAGGGCCACAGGTACTTTGGCATGCATCTCTTCTAAGCCCGGTGTCTGTCCTCACCTTAATGGTACGCATCGAAAGTTTTACCTATCTTGCCCTTGTCTCGTCGAGAGCTGACTTTCACGAACGGATGCTTAGCACTATGAGTCAACCAATTACGCACTGTGAGCGGCTCCGCAAACGAGAAGAACTAATGATTATCAGCCGAGAGACCCATAGTGTAAGATCCCGAAACCGATAGGCTGTCCTATACCCCAATGGTCGGCGAATAAACACAACGCCCACTAAGCTATCTTATAAGCTTATTTCCGTGAATTGTCTGAAGAGAGAAGGTCGATCAGGGTGCCACGGTGCATTCCGAGAGGGGGCCTGCATCAAACTGTAGTCTTGGGATGCTGTATTAACCGTCTTGATGGAGGAGCAATAAAACTACCAAAATCGCCCCTAGAATTATATTCGAACGTACAGAGCTATCACCTGCCTTGATCCGTTAGCAGTAGTGGTTGTTCCGCAGAAGAGCACCACTAACATGTCATAGGAACTTTTAGCCCGCGCCTACCTCTCGATTGGGTATTGCGATGCCGGCTTATTTCAGAGAAGACCGTCTGCACCAGCTATTACTGCATAAAGCGGCATGCCAATCTCCATCACCTTATACGAAGTCTTGGCTCCTTTATACAGCGCTCGAGGTCTGCGGGATTTACACAACCGGGGTGGTTCACTGAAGCAGTGGACGCC,789,49.18,Mus musculus
SEQ_257665,GACTCATTAACCCAGATTACATTTTGAAGTTTAGGTAACATCACGTTTGGGACTTGACAACCTAGGAAATACTTAGACCGATTCTCCGAACATTACATGGTTACTTACTAGTCGGTAAAATATGCAAAGCCATTGGGAACTAGCCACGGCATTAGGAACCAGATAACAATTCTTTAGCCCGGTTCTAGTTGTGTCAACATAATCACG,207,40.1,Caenorhabditis elegans
SEQ_273300,ACATCTAATTTTGGCGCATACATCCACTGGTACTGATCCGCAGGATAATGAACACGGCCCAGCCTAGTAGTAGGCCTTGTCGCCCGGGGTATGGGCAGCCCCGCGAACGCGGCAGGTCTTGCCCGCATTCATTGGCTGATGTCCGTACTAGAACACAAACTCCTTGACTTATGTGAACACTTGACTAATGGCTGCGGTCGCAACAGTCATTGTGTATGTTTGACTGTGGGGTGCCGTCGGTCTGATACACGTTTTTTAAATGTATGGCTTAGATTCTTCGACTCTGGGCATTTCGTTGAGTCTTC,305,50.49,Drosophila melanogaster
SEQ_983923,TGAGACTTTCGGCAGCTTAGAATAACTCATCAGGTGGCTTCGTTGATACTATCTCGCATAGGCGTATGCGCTAAACTAGTGTTTTTAATCACGAAAAGTTAGGTAAGCACGAGCGCTGACCATCGAAGATTAGCGGCTTTCTATTTCGGAGTATTGCTACGTACAAAGTAGGTTGTGTTAGACTATAAACCACATAACATGCAATATCATTCAAGCAAAGCACGCAAGTCTAGTTATACATCAGTATGTCCAGTCTCCGGGTGGCGAGTAAATCTTAGTAGCCCGAAGCGTCAAAAATAGATGTCCAGGCAGTACGCAGGCTGTTACCCCTCCGTCTGCCCGAGTGACCATATCACGGAACCGTCGGCCCTGACTTTCGCAGGTTTTCGCGTCTGGTCCAATACTTCCGCCAATACAGGTGTAGGGAAGATCTTTGTCAATCGGTCGCTACCAATCGAGGTATAGCGCGGTAACCAGCGGGTATCACAATTATTGCATTAACAGCTCCAGGCGTGAGGCCGACGCTCAACCACATACAACACGTACGGCCCAAGGAAATTGCAGCAGTTGGAAAGTTAGCGTTGATTAGACCGCGCTGGCCACGGCGGCAGGCCTCGGTCCACCGAGCGTCGCCCACACGGCGTTTTGTACTTCTGATTAAACTGAAAGGCAGCCTTCACCAAGGGCAGGCCTCTTATATTGATTCTGGTTACGGCACTTTCTTCAGAGACCAAAGTGGTTCATTTGGCTTCTTGTGACCACACTGAAAGCAAATGTACTCGTAGGATACCGCGGACAAATTGATAAATGTTTCGAAAGATCTGTAGATGTGACGGTAACGCGGGTATTTGGGCGGCACTCTGTAGCCTCACGGTCGGTTCCCTGCACTAACATCTGCCTCGAATCGGTCGGATCATCTCGTGCGTAATATAGCTGGGGATGCTAACGCTAAACTGACTGACACGTCACTATTACCACCCCAATTCACGATAGCCCTCGGACGATTCGCTCCCTTCAAGGATAGCCCTTAGCGTGCAGCGTGGGGATACATAGCGAGGTTAAGTTATTTATCGCTATGAGAGAGACAAGTGGCCCTCGTCAGGCACCCCTGCCCCTCCCTGGCATAGCTACAATAGACCTAGCTCTATACTCGGTTGTGGAGCAATGCAGTCAAAAGAATGCTCTGAAATACTGACCAACTGGTCCTCCAATATCCGACCCTGGCATGCCTGCAGCTCTTTCATGTCAGGCGCGCACGCAAAATGGACCGCACAATACGTCATAGTCTGTTGCCTTAACGGATTCCCCCTCAATCTGCTTTATGGCCCTACGTTCAGCGCTGCGTCGCGTGCCGACATACCATGTTGGTCAGTAAGTCTGTGCTGGCTGCCAGTTTCCAATGTCAGCCGAAATGTAACTGCGCGCCCGTTGGGTGTGTCACTCGCCCTTACGCCACCCACGGCCGAATGATTCAGTGCCACAGATTTAGGAATGGCCTGGTAGCTTGAGACGTATATGACGAGAGCACAACCGTACCTGGTGATGGGATTTCAGTTATGTCGATAGTGCGAAAATAGGATATAAAA,1586,50.19,Escherichia coli
SEQ_847995,AACTGTTTAGTACGACTGTGCTTTCTGTAAGATCGAGACTTGAAATTGATGGTCGAGCAACTTAGCAGGAATGAAGAGCTCGGTGTTGCATGCCACCGACACTACATATAGCGACGAACCACTCAGTCGACATCCTTCGGAGCTAGAATTCTGTCTGCATGCGTGGCAGGCGATTGTCGGTTCATGTAGCATACCCTATAAGTCGCAGTTCCAACCACGTATGTCCTGCTCAAGGTTCTAATTAGAGACAGAGGCATGCATCTTTTCAAACATTCCTAACTGGTCCCTCCAACTATGAGAGAAATGGGTCTGGGTCGCCATTAGCAGAGAACTTGGGAACGGTCCATTTTGCATTCGCTATGCGGACGTCCACAAGATATTCGCGGTTAGTCAGTCATGAGAGTTGCCACTCTCCCATCCGTCTCGTTTCTACGGTCAGGGCATGACGTGGAAGGTTTCGCTGGGGCATCCATGGTCACACCCCTGCTAGGAGTCGTCAGAGACTGATACGAGTTTGCATTCCGGTACCGATACCTTGCTGAAGCAGTGTCTGTGAGGTGCAACCTCCAGTCCGACTTGCAAGATCGGATAATTCGGAAGTGAATGGTGCAATGGTTTTTGCCCAAGTCCAGGGCTGTAGTCGCGTAGGCTATTCAGTCCGTAGAAGCCTTGCGGCGACGAGCAAGTACGATGTGCCGAAACGCAACACTCGATGAGGATGATTCTCCTTGGGGGACGGGACCCCACCATCATCCCGGTTGTCAGTTACGGTTCGCAACGTGACTTAGCTTCCGAAGGGGATGTTTCGCAGAGGCGCCACGCGTCAGAATATGTTTTAACATCCAAGCGCGAAGCGAAACCAAAAGTTCCGACCTACAGGCAGAGACTCCACGCCAAAGTACTTTTCATAGTTTTGATCCATCCTATTGACCCCGGTAACGCCCCCCTATGAAACCCATCATGCGTCGTAGTTGGTGTCGGCCGAACAATCGCCACTCGACGAGTTCCCTATCCCTCTCTGAATTAGGAAAGGCAACCAATAACCTGCCCTTGTGGGCGGATTCGGTACCTATTATCGAACAAGCTGAATCTGCGTCCGGCATTTGGATCATGCCGGAAAAGTATTGACCTGTTGTCGACGCCAATACTGAAGTTTGGCGGAAAAAAATTGCTTAGCTCTATAAAACATTTTTCAAGAGCTCTGTGATCCAAGTAAGGAATGACTGACGCACAACGACTACAAGTCGGCAGGCATACACCTCCTGCACCTGGATAGGTTGCGGGCCTACGGAGGGCCAAGAATGCATTCGAACAGTGCTTTGGGTTCACGGAGTCATCCTCGAGAAGGTCGTGAGCGATCTTACTGGTTGCTCTAACTGCGGTTTTCTATCACTCAGTCTCTGCAGCGGGAGAGGGTTCTCCGGCCTGCAGCGTGATTATAAGTACGGTTTCAGTCTCTGAACTACAACCACAAGAGATCCGTTAGATGGAGGCACAGCGGGCATTCATCATCGGAACATAAGTGCCTGGGCGTCCAATTCGTGGGGAGGCCTTATAAAACGCATAGTCGGAGACGGGACGACAACCCAGTTGTAATAGTTGACGTCCCAATATAGAATGACGAGAAGTCAGGGGCGCTTCACCCTACCCGCTCGTTCTTTAAGATGAGTACTACTAACGGCAGTGGACTACAGCT,1696,50.65,Arabidopsis thaliana
SEQ_867569,CCATTACTACAGCCGTCCGTGATTCGTGGCTGGAAACTGCGGCCTGGGACTATTGCGAAGATAAGTTCATAGACCGAGTGTATGTCATGGGAATGTAATAGCTAGAATGATTCAGAGTGGATTAAGCGCAAATGACCGGTCGTCACCTTCATGGGTCTAGCGTTACGAATGATCCGGCGGAAGGATTAACGCGCGAGAAATTGGCAAAGGGGGACCCAAACTGGCGGATGGAACTTACTCCCCTAACTATATATGCACGTTTCTCACTAACCGAAACTCGCGTTCCGATTCAGCCGCAGGAAGCGGGTAAAACCAGTGCCCCCTCGGGGCTAATAAATGCTACGATACACAGAAGAATGTTGTCGAGGCGCAACCACGATAGGGAACGCTGGTCACACCCCTGGCGCTCGGAGCTCTGGCGCCCGACCAGTTGGTATGCTATCCATTATCAAGTGGAATGAAGGCCCTAAGCACGGTAGGGTCGCGACACGCTAGGTATTGACAGGTTTTCCAGACATAGAGTCCGGATCACGAGAGACAGCCGTTGGAACCCGGAACAGTTCAAAATACGGTGTCACTACCAATTAGGAATCCCGATTCGTTGAAAGGTTATTGCAGGTAAGTGTATACAGAGGACGCCAGCTTGGACCTCTCTGCATATCTCGACATTACTTCACCCTTGATGAAGAGGATCGCAACAGAGACGCGGACGAGAAAACAGTCGTCTTAGTCACGAGCAAAAGTCCTTAGCCGTCTCGACCAAGCTGCAGCTGTACTTAGCGTACTAACAAGACACAACGTTGCCCCTTCTTATCTGACCAACCTCCCCGGCGGTGAACAATGCCGCATTGGATCCGCCCCTCGCGCACCATAATCGTGACAAGTCCCCAAGGCTACAATCACATACTGCGGTTATCGAACACTTGGAAATGCGTCTGAATATACCTTATTGGCACTGTAGGGGCTATTTAGAACATTGTAGTAGCTTCTGGACAACCGGAACGGTACCCTAGGCGTTTTATGGGATTCGTATTGACGCGAATGTCGGTGAATGCTGAACAAGGCCTCGTAGCATCAGTGCTTCTCGGGAACCCAACCTCGACTTTACTCACAGATGATGCAGGACAGCAATGAGTCCGTTAATTTTATAATCAGGTCACCATACATTGCATGTAACACAGATATGTTCGACAGATACAGGCGGATATCACGAGGTGTGGTTAAAGTATGTTTTGAAGCCGGTCCATTGCGCACCAGCTATGCACGGTCCTTTACAACGACCGTCAACAGGCAACATACGATCCTGACTAGGTCCCTGCAACCCGAAAGACCAATCGGACTTCAGCCGTCCTTTCCGCAGGACTATAA,1368,50.15,Homo sapiens
SEQ_215179,GGGCGGTATAGGGAGATGTATTGTGGACTGACCTGGTTTTTAGGACTTCCAGTTGTGATGGCATACCATCACTAAACACGTTT,83,45.78,Arabidopsis thaliana
SEQ_596819,AAGGCGAACGAGCGTTCATTGCTGCATAAGTATCCTCCTGGTCCTACTATGCGACGCCAGTATAGTCGCATCCATTGCTCGGACAACGGCTTGTGCTATTGAAACCGAATATCTGCTCGGTTAGAATGCCGTTTCTACGCACATATAACGAAGCCGCGTAGTGTTGTGTTCATCCAGACTCCTGGAGAACAGCAGCGGACTGCGGGGCTTTCGTCGCTTAAGGACAGCCAGAAAAGCAGGTTACTGAGCGCAGATCCTCGCTGGTAGCCAGAATGCCGTTTCTCATTTAATTCCATAACTAGCATTCGAGCTAAGCTGCAGGGATACCCTAAGACAGGGTTTACTGAGACAAAGCTGGGGATTTTCGCCACAGGGTCAGTGCATAGTCAAGGGTAAATAATAAACTGACAACCTGATCCGTACTAGTACTCAAGTCTTTAAGGTTGCTCGGGCATATTTGCTAGTTGCCGCTAACAAACATTATACCATGTAACCTTTAGTTACTTTATCTCATAATGGGCACCATGCAGACCAAGTTCCTATACGCAGATCCTGGGTGTTACTAAGGTGGACTTGGCGTGAGTCTGACTTCCCCCAACGTCGCTACAAGCCCAGAATTAATCTCTCGTTACGCACCTTATTTCTAATAATCGGTGTACCCCGCCAGACGCTAGATATATAATCGTGCTTGGGGACCTCGCCAATGGGGCGACGTCACCAGTCATGTTACTAGAGAGTCTCCCTTTACGAGGACATTAGCTAAGTCTGAGCCTGAATGGGCTTCGCATCAGACCATTACATTCCGTTCGCAGCAGACACCGTTGTTGTCTCAATTGTCAGGGCTATGCGATATTTAGCAGTACGCTAAGGTATACCGTCGTATGGTCGGCACCTAGAGTGTTATGAAGCGTGCACTCTAGTCCCAAGTTAATATCTGGATAACTTCCCGCTTTCTGTCTCCATACGATACGTCGACACCTGGATTCTCGGCTTCAAAGGCGCATATGCTTCGGCAGCGGGGTAGGGTCTTCGTGAACTGCGGTGTGGGCAAGACAGTGAAGATCTCCTAGGAAAGCACGATCTTAGGTGCCGTGCTCTCTCTTTGCTGTCACGAGCGCCTTCGCCACCGCAAGTCAGATCACAAGGCCACACTCGTAACGCAGCCGGGCCCGAACATGAGCCTGCATAGTCGAAGTCAAGCCTATCCGCTCACCTTATCAAGTCTATCTCTGCTAACCATATACTACGGAGTGCAGCCCACTGGTGCGGACAAGAAGGTTGGGTCGTAATTTGATCGCAGCTTCGGATAATTGCGGGTTAGCGGCACGGCTCAGAGGGGCTGAATGACAGCGAATTGCACCGCAGGAGACGAGCCTGGCTTCATAAGGAAGTTAGAGGATACCGGGGTCATATAGCTCTGATTTTGCTTAGACTCTTTCTTTGAGCACGCAAAGCACTATAGTCAACAGAACGGTATCGTGATGGACGTTATTACCGCACCCCTACTCATGTGCTGGGTGCCACACGAAGTCTCAGGGTGGGACGCATATTTAGGTCGGTCATAGCCAGATCGATCTTAGTCCCCATAACTTCGTTCTGTCTTTAAGCACAGGGTATTGTGTCCGGGGACGCGTTAAGAGTATATTTTACGCCATCGAACGGGCTCCGCGGATAGCCTACATTGATTCCCGTTTCTGGGGCGGGAAGTACCATATAAGCTTC,1722,50.0,Mus musculus
SEQ_423752,GTCACACCTAGAACCTGTAACCCGTAGATATTAGTACCGCGCATACGCCACATCAAGTCTATGTCGCGTCAGAGAATTGTCATACACGTAGTTTTAGGAAGGCGGTAATCCGACGCGGTGTCGCGAATTCGTCCCAGGTATATCATAGTGATTTGACTGGGGGCCGAACGGTCTCGGTGGGCATTCCGCCCCAGGGCAGTTCCCGTATTTAGAGTTCTATTAGCTTTCCCAATTATGGTCCTACTCATAGCGTATATAATGTCTAGCATCGGATCGACTGTTTTCGGCAGTCACGCAGTCCGTTCGCAACCTGAGGTTCTCCTGACGTCCGGTTAGGGCAAACGCTCTATTTAATCATCCAATCTACAATGAGAGAGGTCACGTCTGATTTGAAATTAGTTGTTTCCTAGTAACCGAGCAAGTTTCTGGCTTATCCGATACATATCCAGCCCTCGGTCATACTTGGGGCTCATACGAACGGAGCAGGAAACGCGCATCTCCACGATCAAGCCGCGGTCTTTTGCCTCACCGACACGAGACGCTGAAACGCCTACCCATTAGCTAGAATATAAGGTGGTTCGGCTCTGGCACGCGGTGGATGGAGTCATTAAGGCAAGCACCAATCGTGCGAGACCGCCTCCTTTCAGACTGTCCCTTAGCTGTTTGGGCGCCGATAAACCACTGAACACGTACGTGAGACTAGGCTGCCCGATGGGAAAAGCAGCCGGCGCAATGGCACGCAAGTTGCACCTAGTTTGCTTCCATCGGAATTCCCTCTTTCGCATTACACGTGTGTAACTGTAATTTTGCTATACTAAATGTTACATACTCCAGGAATAGGCTATCATATTTCTGCCTTGAATACCCATCTGGTCACATCTATTACGTATGCAATGTTGCGCCCCGCGCCCTGCCAACCACCCTAGCAGCTCATATTATCACGAGCGACTAAAGTCTATGAGAGACAGACAGCCCAGCCCACAAAGAGGCCCAATGCTTTGGCGGAACAAAGGTCCCGAAGGCTCACTGTCAGGGGTCGGTCGGAATACGGACCAAGCGTTCTGGCTAATGATGTGCATGTTACTTCCTTTGCCAACGAACCTGCCTAGGACAGCCGTCATATAGGATTTCGATAAATCTACGCAGAAGTAGATGAATTGCAGCCCCACTGTCTCTCGCGCAAACTCTAGTCCGTGCAAGCAGGTAGATGACGCCTGCTTTAGAATTGCCCCGTACGGGGACCGGATCGAGATTCCGCGACCCCTCGCAACAGTGAGGACCAGTTGTCCTGCTGGGGATCATGCTAACACCTCAACGATATTACAGTGATGGGATGTTGCAGAATTGGGCCGATACACATCTCGATTATGACCGCTAATGATATACTACTGTCTCTTCGATTCGTGCCCTATACGAATTCTTTGAATATTACCTTACTCGACATTAGTATACGACTCAGGCCCCATAGCCGAGAACCTGGCTATCGATCAGTTGAATAGGCTTATTCCTGGCGATTACTTCGGGGTACTTTAGGGATGCGAATTTATTGCTTGTCTAATACTAGAGCATCTTGGGTTTGTCGTGCCAACGGACCGAACTAGGTGTCGGTAGATCTGATTGGACCGCATACTCGTGTTACACATCCCCGCCACGAGCTCTCAGGGGTCAAAGAGGCGGGGTCCATTGTACTAC,1692,50.06,Escherichia coli
SEQ_774525,TAGCTTGCCTGTGTCTAAATAGTACCTAACTAAGTGGCCAAGCACTGCATATCTTTAGTGATGCGACCAGGGGTTAGAACCCCAGAATCAAGGTCAATTGATCTACATCGCGTCCCGTGCGCAGATGTTAAATTCTACCCGGTTTATCGGGCCTTCCACGACCGAGTAGCCAATTTGGGGGACGGTTTCTCTGCGAAAACCATAAACAGCTTTGCGCAAGGCGCTTAAGTATACTGGACGGGTGGTATCGTCCATACTCCCTCACCGTATAATCTAGGCACGTATTCCAACCCAAAGTGGATTACGATCGAACCCAAAGCAAAAACATGGCGCATTAACAGAATGGAAGTCGATTTCCTCTCGTAGGGACGAAACCCACTGATCCTATGGAAGAGAAAATCAACAACGTTGTAGGATCGTAACCCCGGACTGCAAGACGGCTGTGTGTGAGGTGTCAACTGGT,463,48.38,Arabidopsis thaliana
SEQ_633495,AGGTTTTCGCCTTTCGGCATTGATGGGACAAGAGGGAACGGCTCTTATTGAACCAGGAAAGATTACGAATTCGCCTGCGTCAATCCGACCAGGTCGGCGACTTTGCCCATAAGGACATCCCGGCCTATGTTCGGATCCCAGCGGCCCAGTCGTTAACAGTCTTTCGCTGCCACTAGAAAAAAAGTGAGACACTCGGATACAGCAACCTATGCGACGGGCTATCGTCCTAATCATTTGCTGACGTGCTGCAAAATCAGAATAACTCTTGACAAAATTACCATTTACCCTCTTCGAAGGCACAATACAGAGCCCAATACCTTAAAGAAGGATTCAGAGTGTTAGCGGTGAGGATAATCGCTCGAGAACGCAGAAATCGTCCTTTCTGGGCATGCCAGACAACCAGATTGACCACCCCGGCGAGCCTTGCCCGTATGCGATAGGGGCCCCATTCGGTCACAATCGGGGCGTATCCTGTGATTTTTCACGCCTCTCGCATTGGTACTTAGAAGTACATTGGCCCGACCGCGGTTGATACCCGCTGATGTTGATGTTGAATATCGCGTTTCTGGTGCTTGACATTCAGTGAGATAAGACATCTTACAATGATAAGTATCTCACTCCCCCGCAGGTGCTGCCGTACCCGTTGACTAAAAGTTCAATCCCTTCTTTTTCCAGCTGACCATGCCGAGCACTCCTGGTAACTCCACCCCCGGATATCTTAGACTAGAGAATGCGACTGGACCAGCGGAGCACTTTACAGCGACTTCGGGGAGACTTCTCGAGCCAGCAGAGCATTGGTACGTCAAGGGATCAGGGCTAGAAGTTGAGGCTGATAGCTCCCACAGCCAGAGCTGTAGCCCGATTTATGTGTAGAGGCGAGTAGGTGGTGTTATGACCGCGGAGTTGCGTTAAACAGCGTTTGCTTGTGTATCGGATCTAGGGCCGTACTCACGTTTCATCATCCTGGTACTTTTATTGATCAACGAAAGCAGCCGGACCGGTGTGCGATGCGGATCAAGAGCACCCAATCAGTCTCCGTTATACTACTTCCGATCTCTCAACTACGTCGAATCGCCTATAACGCGCATAAGCACCTCTAGATCGGCAGGACGCCCAACTAATTCTTGGTGGACTGTATGGGTTCACACGCGGTGTACGCAAGTTAGCTACAACACGAGATTGCCTTACATAACATGCCCTCCCCGCATAGGAAGACCCCTATACGAAGACTTACCTGTCGCCCAACCCAGGTATCAAGGTAATTTCAGGCGTTCACTGGAAAGCGGTCGTGGCTATCAAGCCGAATGCAGATTAGCTGAGAGCAATCTGTAATTGCTCAGGGTGTTCCATAACTGTGGCATGAGTGTACACAAGCCTAACCAGCATTCGCCACGGGGAATATACAATCGCGCGTCAAATGATCATGGCACAGGGTCTACAATTTTGTACGACCGCACGTCCGCCCTTAGCCCACAGGGCACGCGTACCTTCTAACCCGTCTTGAACTCAGAACTGTTATGAGTAAAGACATGAGCAGGTGCCAAAGTAATTTTTGGTTAAATTTCCCTTTTGTAATTACGAGCTTCCGGGATTTCCCGCCAACGCTGGGCCATTACACTAAAGTGGACCATTCGGCCAAACCGTAAGAGAATCCTGCCATGTATTCGTGTCGCAGCTGCGTGGCTCATGAGGAATCCCGAATCTGATTGTTTACCGCCAAAAAAGGTAAGTGTGTTCCTGAATAGCGATATTGTCTAAATGCTGTAGTTGGGACCATACTACAGCATGATTTACCTTTGAGTTGGGACTGCACTACCGCGTATCGTCGTAAAGAACACTCGCCGACGGGCGCGAACGGAGCGTGGGGATTCACGCGTCGGCAGTAATCAGTTTCCCGAGGGCATCCTC,1908,50.42,Drosophila melanogaster
SEQ_259698,GGTAGTCCAATCATTAATGTGCATGTATTAGCGATCACTTAAATCCCTAGAAGTTAGATGAAGGGAATACAGGTTTCGGCGCCTACGAGCGCTGTTGTTGATACTCGAACAGTTATCTTGTAAATAGCAACGGCTCACGTGTTGGATTCTAACATAGCTGACTGGCCTCAAAGAAGTGGTCCACTAGCAGACTTGGACGGGCCAGAGTGAACTCAATCTTGTACGCCACGGGAGCCTGATATCGACACGGGGCCATCTCAGTTCTAGAAATGCAGCCCTGGGAAGAGAGCAACTAAGACTCGCTTGTCGCACAAACAAAAATAGTGCGAGCAGCACCCTCCCTGATGGGACCGCTCTCGACCTATAAGGAATACCACGACGAATGGTTCAGATTCGAGATTTCTATCCCGGAGATCTACGCCTGGTTCTAATCTGACAGTTTATAAGTCAGTGGCAGTCTATGAAAGATCCTAAATAAATTAAGTTTCGGAAGAACGAGTGCATTTCTCCGATAACGTGTAAGCGCGTCTCCCGAGGGAAACTCGGATCTTAGAGACCCGTAGCTCAAAGAGGGTTATGTCTCACGCCGGACGGTAGTGCTTCC,604,48.01,Arabidopsis thaliana
SEQ_612580,ATGTAGCAACGTTTGAGGGATGCCTCAGCGGAGCGACCAGTATTCCTATATTAGTAATCACCTGATTGGTACGGGGCGGTGGGGTCGTCAGGCTAGGGTTCAGTCTAGAGTCAGTACATAAGAGGCCTGGCCA,133,52.63,Drosophila melanogaster
SEQ_418838,TTCCATTCGAAGTCTGGGATGGGTGGGGTTTGAGAACATTACTTTCTCGTGTGTCGTGGTTTTGGAACATATATATGCATCAGGCTTTAGCGTGGACTAGTCGGAATTACTCAGTGTCTGCTACAACGGTTACAGACGGCGAGCGACGATTCACGACCCCGTTTAAAGGGGAAGTCCACGCTCGGCCACTTGGTCCATGTCCGAACCCAATGGGATTTTTGAGAGTGACTTTGGAGCTCGTGTCTAGTCGACGAATCATTCTTTGTGGTATCCATAGACTAGAGAGGCAAAACCGCTGCCCTATTCGCCCAGAAAGGGGTTAATGGATATGAGCGGTACGTCTGCAACCCAGACGTTTAATGTTGTCGTTTTACTTCACATTGTAAATACCTCGCTGAGTTCACTTCCCGCGCGAAGGTGAACTTGACAAAGAAATAGTGCCCGTTGCTCGCGGCACAACTAGTGCAAGACCTTCTACTAGTGTCGATCCTAATCAGTAGACATGCCCATGTTAGACCGCAATTTGCCATCTCCTTTTAGTCCATAAAAGCCAATCCAGAAGTCAGGACGCAGAGGATGTGAATGCTGCAGCATTAACGCGCGCTCGTACCGGCAGGTAATTAGAAGCGTATTAATCGTATAACCTTATGAGAGATCGAGTGGGGTCAAATCGCTCGCCCCACTGATCCTATTACGGTTAAAATCACCACGGGGCTATGAAAGCCTTTGGGGGATCCGATTTCCAACACACTATGGACCGTGTCTTTCTTAGCTGACCCTTGGCATGTGTGTTCGTGTCTCATTTGCGGCCCGCTATACGGTCCATTCACCTAGTGCGGTTGGTCGACATTAGTCCTTGTGCATTAATTCTGTACACTAGTAGAGGTTTCTCCAAAACTGTGTGGAAATCGCATGACATAGATACTTCGGGACAGAGGGGAATTGTTAAGTGACTAATACAAACGCTGGATCTCTTCCTAGGTCCCCTTCTAGCGCTTGTTGGCGATCGTACGGGTCCTCGGTTCTGAAGGACGCCCGAATAAATCATGAGCTCACTTTATATGTGGCCGTACTCGCGAACCGGGTACGCGACCAGGTTCGCAGGACGGATAGATGGCAGGTGGCGCCGTAGTGGCTTGGAACCGATTGCACGCCCCGCTACGTGAAAAGCCATAACCCGTGCTACTTCACTACCAGCCCATCTCGGGCTGCGCCTCGCAACGCATCTGCATCTGAGGAGTTAAGTATTAAGATCAATCACGGTCGAGACGGCTCGCGTGACCGTTGAGGCTCGCACCGGCTCGAAATAAGGAGCATATTGCAAA,1325,50.04,Arabidopsis thaliana
SEQ_282069,TGGCGTTGATCAAGCATAACAATACTTGAAGAGCCTCCTCCATCCGATCGCGGGGCACTTACTACATATTGTTGGAGCTGCCACTCGCGCTCATTGTAGAATTTTCGCTCATAGGCGAAGGGTGGACAACTACGTTTTGCGCTGAACCGCGGAAGTTCTAGGGGGAAGTTGGTAATCATCAAATGAGAATTCGGATTGTCAGACCGTGCATAATCAGACAAGTAAGAAAATCCAGAGCGACGC,243,48.15,Caenorhabditis elegans
SEQ_470223,GAACAGCACATACCCAAACTGTGGAATCCTCCGCAAGAGTACGTCCATCCGCGTTCTGCGGCCATCCAGGGTTCTCGCTACCCTTCACAAAGGCCCGTAGATTTAGGCAGTCCTGATCGAATCCCAGACTTGGAGGTGGAGCCACCAATATGTAATTGTGTTATTGTTGTGGCGGCGTCGTCGGATAAATTCTGTGAGTGAACTTACAAGTAACGGAGTCGGTCGCGCAAAGGCTTCCGCCTTCGTGTT,249,52.21,Homo sapiens
SEQ_524536,TGTCCATTTCGCACTTGCAGTCCAATATCGGGCGACACAGTAGGTGTAGTTCGGAACACACCTGCTCCTAAGATGGGTAACCGTGATGTCTTGGTACTAACGTAGGAAGACTTATCTTCACAACAAGTCAATATACGGCCTATGCTAGTTTCTCTCTGCTTAATCTTCCTTCTCCTACCAACAAACGGAATCTGTCCACGCAGGGCCGATATCAATGCGCTCAGGGTTGTGTTTATTCAGTGTACTGAGGTCGGGAACAAGTATAATCTCCTAGGCGACCGGCTGTATGACCGCGAAAGTTGCACATCTAATCCATAAAATCCCCTGTGACGCGGTTGAGGATATCTTTCCAGGTGCTGATGGCGGACGATGGGGACCAAACACTCTCAATGGGGAGTACGACTTCTGGAGCGATTTCCTGTGCCATCCAGAGACATACTCGGAACCCGCACTTGGGCCTAATTCACAGATAGAGCTATACCCCATCAAGCCGTTAGTATTCCAGTGGACCAGCGTAAATGCGTTGCGCCTCTGGTGCCTCTGGGGATATGCCTCCATAAATATAAGAGATACAACGGCTCGTTCTGGTAACCCGGGCAGGACATTTTACTGGTCTTGTATGACCATCGCAAGAACAAGGCATGGCGATAGGAGACAGTCTGCCATGGAGAAGGATAGTTAGGCCACTCCGCGACGTCAGGTTTAAAAGGCCAGTCTCAGCAATTGCGTCGGATTGCCTTCGTGATATGCCACTGCCTTATGTTAGCGTTATTTTCCAGCCCAACAGGACACTGTAGCCCAAAGGGGTCGATCCGCTTTGATGCTAGCCCATTCATCTTCCATACAAGATTTTGTCACTTGTGTAGCTCGACAAAGATAGTAACTTGAAGTCAATCATTTTAGTGATAGGGGTTTCTGAGCAGCCGACTGCTTTCGGGGGATTCGGTCGATCATATCAAGAACGGGTGCAGGGAGGCGGAAGGCTGGAGGCTAGCCGCGGCTAGGGAAATTTGAGAAAGTAACG,1024,49.51,Arabidopsis thaliana
SEQ_630563,CGCCAGGACCCTAATGTGGAAGCGTCACATACACGACCAAAGCATCAGCCCTGAGCCGTCAACGAGGGGCTCGTGGACTTTTACTCGCTCGAGTTTTACACAAATCGGGAACCGCTAGGATTGAATGAGACGCCGCGCGTCTTACCTCGACCTAGTACTGTATTTCCAAGTCCTTAGATTGCTGACAGCCCTCGAAGTGGAACATTTTCTCACCTTAGAACGAATCTCGAGCGTGTGCCCTTTTTGCCATGTCGTTGTCGAAGCTCGTGGGCTGGCACAGTGATGAGGATGGGGGAGTGAAATGCCCGTCAGAACGGTGGCTTACCGTGGTGAGTTACTAGTGCGCGTAATTAAATAGTCGGCGTCGGAGCCTCAAATATATATGATTCCTCAAATGACTTATCTCCACAACCCCGTACAACTAATCAGCTTTAGTGTGGTAATTAAAGCCTTCAATTGGTAAGCGGCCCTTTTTTCAGCCACCAATGCACCGAGCTTGGAAAATCATCCTGGTGAATATCAGGAGAACAAGGAGGAGGCCTAAGACCTTTATTACAATATTACTGGAGGCCGTTTCGTGATGCTTCAGGCTGGTCGCTACTGGAAATTTCTGTACTAGACCGACGCGTTCTACTTTTGTGAAGATGTCACCGTAGCCCAGTTAACAATATTAAGCGGCCTCGTTGCTTATGGCCTTGGGCTCGCGAGAGTCAGACGGATGCATGTATCGCCTACCGTATACTATGACTCCTTTTCACATCAGCCCGGTTCCTTCACTCGCGCGTTGGTGGGGTACAGTATGTCACGCGTCAGGTGGAACGGTCTATTGTTAAGCGCTGCGGAAACATAAACCTACCCGAACTAGAATGCCTGGACTTGGTTCCTTCACCCCTCGGAGTGAAGGCAACGAAGACAAACTAAACCTCTATGGGCCACAGTTCGGTTGTTATCCCTGACTCACAGGTCCGTGTCACTTCCGGGGTCACTGCTACACAGCCCGCGTGAGCGTTACCCGGATCGCCGTTCTCATCAAGACTCTTGTAAGAGCGGCAACTAGCGTTCAGGCCCCGCCCGAACCGTAGGCTATTAACTTCTCCTATACTATATAGTCTCGTGA,1117,50.58,Escherichia coli
SEQ_219789,GTCGATATAACGTTTTGTGGTTGGTGGCTAGTCCACTGCTTACGGTGGCATCGGGTAATGCCTCCACAAGATCATAGTTCATAATATAACGAATAAGGTGGACAAGTAGACTCCGCATCTGTTCAGTGTACTATAAGAAAGTCTGCTGTCGTTCCATACAGTTAGGATGATTGGCGCACTTGTTCTATACGACTCGGGGCTTTCATACTTTACGCTCAGCACATTGGTGCCATGGAATGTTTGCATGTGGAGCACGTCGACTGTGGAGTGAACTGAGACAGGACCATAAGAATCCTAGATAGCCGCGCTCACCAGACCACGCGTCGGTGAGGAGGTCCAGTAATCGAACACCATTCGGGTCACTCGAGCCTCATCACGCTCCGTTGCCATGCGTTCACAGTGCGTTTTCCGAGAACTATTACCTGTATAACAGGCTTCTTCACAGGGTTCGCTTAGCGTAAAATGCTTGGAAAAGTGTCCCTGCCGGATTGATGGTCGGCGTGAAGGGATCCCTCAACCAGAATATTTCGGCCTGATCAGAACGTGTGCCCGAGCGTCTTGTAGGGATCACAAAGGGTGTTGCGCCCGATGGCGCTCTCAAAAAGGAACGCTTAGAGTTGCCCCTTCACCGAGCACAATAGCCGGATCATTCAGTA,656,50.15,Saccharomyces cerevisiae
SEQ_523131,CACCACGCACCGCTAGGCAGGCAGTGCACCGACCAAGGTAAAAAGCATTAAAGGGACTCCAATGTTCAGGGTGGTTTGTCCCAAGAAGACGGGACAAGCTGACGAACGCCCTGTAGATACGATGTGCGCGAAAGCCAACCTCCCCGAACTAGACTGGGGTCAGGGCCGGTGTTCCGCCCAAGTAAAAGAGGCGTCCTGATAGGGTGCAACTCTCATTGCTGGAAAAACGGTTGCACCAGGGAGTTCTTCCTCTGCGACCCTCGGTACGCTCGGGCTCATTCATCCGCCGGAGGCTCACAACCGTCTAAAACCTGAATGACTAGTATTTAGGCACCCCCCAGACCGGTCATAACCGAGTATAAGTACCTTGCGGCTATACTATTTCCGAAGAGTTCAGCGACCCCTCTCATATGGTAAAATGATCACATGAGACTTAAGGATATGGCGTTGACGCTTCGTGCGGACATACAGTGGAGTCGCGGACTTCTCTAGCCGTACCGCGTCGGTGATCCGAGCGTATCCTCCGCCTAAGACCCTTGGAGTTCATGAATCACAGTACGTTGGTCGTGATGAACACGTAAAATAATGACAGGAATTAATCCCCGTCGGGGCCCCCACGATTAAGAAAGGCCTTTAACATAATTAGGATAAGTAGTCCGTTCTCAAACGTGTAGAGACGATGTTGAGGCTGTACTGTCTTCGAAGAGGATGACTTAAAGGCCCGTCTCAGCAGTTCCGTTCGACCGAACATCTTACGTCGTACGGACCATGCGATCTTTATTACGATCTAGAGAGAATTTACCTACCATCGTTGGGCTGGTTCAGTCGGCGCAGAAGACGGAGGTACGCCTACATAAGAAATCTTCCATAGGACATGCTAGACCCAGCTCTTTTTGCTATTCCACTGTACGCCAGA,916,51.2,Arabidopsis thaliana
SEQ_774586,TGCAAACCCCTGGCCTTATTACCCTCCACATACAGATGCGCTGGAAAAACGGCTGGTTTCCACGGACCGTGTACTCTTTAAGAGCCGTAACAACGTCGTAGCACGCTTGTCCAGTACACTTGACGCCGGATGCGTCCCCCGTAGTTAACATTGTATCAGGGATCTTACACCACCCCTTCGTTTTGAGGCAGCATTCGCGAAATAACCTTCAACAGTCGTCAAGGACGTTCACAAACCAAAAAAACTGCCAGCGTACGGCCTTTCTTGTGTCCCGAGGTGCGAGAAACATCGTCACAGGGGACGGTGGGTCTGAAAACCGCATTCCGATTCTAAGTTATCATTCATGCTGAACTGAAGAAGGTACGGGGATTTTGTCACGGAGAGTAAAAACCGCATATTCCGCTAAAGTATGCCAGACT,419,49.64,Mus musculus
SEQ_327911,GGTGGGACTTAAGGCGGATGCTTGTACAGTCCACCAATTACATGCGGCTCCCTCCCCTGTCAACCTATATATCTTGTTCCCAGCCGAGTGAGACAAATCCGGATCTCCATAGTTACCCCTTCCATGCTGGGACATTGAATCAGGCCATTTTGACCTGGGCATCCCGACCTCTCGTTATACATTCGTAGATCAAGGCCTCGGCGCGAACATATTGCCATGCCCAAAGGTTGAACCAGGACCCTGCGTACAGCGGTTTGTTTGCATTTTCCGTGTAGGAAACTAAATTCAGAGAGCCATAACCCCCCGAGGAAACACATTAGGTCCCTCGGCTCGCCGATGTCGCCCGTGACTTACTTTGCCGGCCACCTGGCAGAAGGTGTACGGTCGTCGGGGGGCCCATCTGAAACACAGGTCGGAAATACATGAAGAGTCGAACCTAATCATAAATGGGCGTTTTTACTGCGTCTTATCGGTGATTAACCGCAATAAGTGAAGCTTCGAGGGCTACACTAGTGGTTGACTCGACTTGCCTGGGCCCTCCACTTGTGAGACCCGAGTCGGTGAGAGTTTATCACCGAGAGACTAAGCTGCTAACGCAGGGAGGGAATTCTCCAAACTAAAAATGCGACCGTGGAGACGGAGCCGGCAACCGCTACGCACACCGGCCTGGCTTTTGTATTGCTCAGGACCTAGATGAGCCAGCGGATTTCAGCTAGAAAAATGTCCTAGCTAACGGATCCCACACGTACAGAGTCAGCCTGTCAGACGAAAGAATCGAGAGCTAGGTGCGTTGCATCCGCCGGGTCATGAGATGGCATCCCCACGGTAGAGCCTAGTTCCATCTCTGGGAGGTGTTATGTATATCACTAATACGTCAGACAAATCGTTTTCACGTACAAATCGTACCAAGCTATTCCGCAAGACAGTTGGCCCGATAATGTGGACTCAGTGTGCTCCCATCACTACGTTCACTCGCGACGGGGCGTGAGCCTTACCAGTCTTTCAGTACTAAGGAAAAGGTGCCTCCATAGAACGAGGCTAGTGAAGACGGATCTATGTACACCGAGGAGCTAGAATTTACGTTTCATTGTTTTTGCCTAGTCTACCGCCAGCCTCTCCGGCTTTGTGCCCGGCCATTAATTTGTCCGCAACGACATGCGCGTCTAAGGAGTTATAGTGCGCCATGCGGCACATTGCACCAAGGCCTGATGCGCGGATCTTTAAGCTTGCGGCAGAAACCTGGGATACCCTTAACAACACAACCCGCAGGTACACCGTAACTGTTAGCTAGTCCTAAGCATGTGCGTGTCCGTGATAACAAACCCCTCTTACTAGTATTACATCAGCATGATAACCCCAGTGCGACACTAGCTTCACGCAATCTATAGCACCGGGTGTTCTCACTTCCAACGTTATACAGTAGGGCGGTGCCCGCGTTGGCGCTTACCAGTCAATAGAGTATTTTGTGCCGAACAACGTGTGGGCAACTCTTGAGTTCTAGCGATCCCAATCTTGCAACCTCTGGGGGTGACTTTGGATTGCGATATCTCCCCAAGCGGTATGATCCAGCACCATAGCTTCTAGAGATTCATATAA,1596,51.25,Homo sapiens
SEQ_411461,ATATTGGGGCGCGCGTAGCCAATACTCCGCAGCCTCCACCGAGACCGAACCCTCTGTGCCACCGTCCCCATCGCTGGGGGAAAGCTTCCCTTAGGTCTGGCTTCCGAACAGCAAAGGGGTGGTATTAGACTTGTGACAAATCATTGCGCGATTGGTTGACCCACTTCCCAATAGGCGTCCATGGTGCATAGATGGTGAAGGCAGCAATCTGGATAGAAACAATTTTCGGGATAAAGCAGTACATAGAGCACGCTATTCATACGCCTATCGAGGCTACTAGGGAGAAGATGCAGCGTAGTTAGCGTCCCGTAACTTAGGAGCAGGAGACACTAATGATCGGTTATGGCAGCGAGCTAACACGCGCCGGCATACCCTGATTTCCAGCTGCGGAAAAAAGACCTAGAATGCCATCTCCGCCTCATTTGTGGGTGACAAAGCAGCCTCCGATTCAGATGTCAATAGAGAGCCTATTGTATTTTTTTGCTTTTCCCAGTCGCACAGCTACGAATAATGTCCAACACTATCAAAGAGTGGTCTCTCTTTGGTTTCGAACGCGCTCGTGCTTCATAGTTTCGCCATGGTTAATCGTGCCTGGGTAGTCAGTTACGCTCTTCTAGGCAGCCTTATCCGCCGCAAGGGCAAGTTACAATTAAGGTCCGACCCCAACGGCCCCTTTATGCGGATAATACCTATCATGGGACCGAAATGTAGTATTCTATAGTTGCGCGAGACTGGTTCAACGTTAGGGACGTTTATGAGGGTTGGTACGGAAAAGGTTGTTCCCGGTCCGACAGCATGTTCGGCTAAAAACATATTGAAAGGCAAATCGTGTCTTCCTCCTAACGACGGATTAAGCGGATAACCAAGATATACTAGTTGTTCTTGCGAGACTTTGTCGTTATATTTTACACCGGCATCATCCCCTTAACGCAACAGGGAGGAACGTTCACTACACTCAGCCCTAGCCTCGGCTGAAGCGTGTCGACGACGGTCAACTGGAGTAGCAATAGGACTGGATGTAATGATAGGTTCATTAAAAAAGTCGGCCTTATATAGGGTTCGTGTTTGGGTTGCTCTAAATCCACCGCCGGTATCTGATGCGAATGCTTCGGTTGTTTCTTGAGTATAGATAGTGAGCGGCAGGGTGGAATTGTCTTGCTGACAGGATCAGATTATCGCCATTGCACATCGTTGCGCGCACCTCTTCAAGGCCTTCCCCGAGCCGAGTTGGGCACGGGAACCCTGTTGTCGGCAGCGAACTTCATGGCTTGTTTCAAAGAGGCCATTAAGCAATCAATAACCGGGAGCTGGAATTCGCAAATTTAAGGAC,1330,49.47,Arabidopsis thaliana
SEQ_183453,CCAGTTTGCGTGCTGCCGCGTATGGTTAGCTAATGGGCGGATTAGTGGTCGACGAAGGGCCTTCCTACAGGATATCAGACATCTCCGGGAGATAGCAAACAATATGATCGATTATTTGGGCACGCCGCGGATACAGCTGCTAAAGTGCATTACAACAAGCGCATGCTCGCACGAATTGCGCTCACCATCTTGTCAACAGAGATCGTCTCGGTCAACCGTTACAAAGAAATTTAGAAGGTACCCTGGGCGCCACCGAAGACTTCTGGTTGCTATCATCATTTACGTAGTCGGTATGTAAGTCTACCAAATGGTTTCAAGGTTAACGAACCATAACAGACCACGCTAACACCCGTGTATCTCATATCGTATTATCCCCGAGGTCCAAGCGAAAGGTGTTCAGGACCCAATTGGCTGACGTAGATTCCTGGTCGACATCACGACTCAGATCTTCTCTCTCTCTCGAGCTTGCGGACATGTGCTCCACTATCGGCCCGCTACCGAATGGCCCGCCCAATGGGCATGGGACGAGTGAATAGTATGTCGAACTCAGAGTCTGGGGGTCACATTGTGGAGCACACTTCAGCAGCAGAGGGAATACGCTTCGCGAAGCACGCTCCGTTGATCATGTACGCATAGCAACCCTTAGAAAGTTAGCCTTTTGAATCGGA,668,50.45,Saccharomyces cerevisiae
SEQ_232271,CAGACGCTAGAGACATTATATGTCGACCTCGAATGAAAGTCATGTGAACTAACGGATTCCGTATTGATGGACTCACCTGACGGCCAGACCCCTAGGATATAATCGCTAACGGCAGGCGCTTCCGATGGTTTCTTTGGCAAGTGAGACGGGTACCGGCAATCTTAGTGGGGGAAGTCCCTGGAAAGTTGATGACTCAATGGGAGGCCCGTTTCCCACGGACCTTGTTGATCGTGACGTTAATATCCCGACTCAGTGGCACGACACCGATGCTCTAGTGGACCGCTCAACCCCCCCTGTACCTGGTACTCGGCGTGACCGCCGAGGGAGGAGCGTAGCGATCTCAAAATTGGATTTTGGTCATCGATCTCAGACAATAGAGCGCGTGCTAACAAACAAACCTACGTCAGGGATCAGCGCCCTTTACGACTCCCTGGCGTACCCCTCAGCGTCTAGGCTTGAAGAGCAAGAGACGCGCCAGGAGGAATTGAGGCCGTTCGAAGTGATGGTGGACGTGAACATCGGTATCGAAATAGGGGGTATGGTGTCAGGGCATTGACTGCCAGTTTAGGGTTACCACGGCCCGTGAGGACCAGAGAAGTGCTTGAAAACGCAAGAGCTTTATAAGTTCTACCTTAATCGAGCCGTTGCCTTGCTGGCGTAGTTCAAGTGCCGTACCGCGGGGCTGTGGAATCGTGAGGAGTGAATGAGTGTCGGAAACACCAATACCTCTGCAGGAGGGGTACAACATTAGTCACATATTCCGTCTGGGATCGCTTGTTCGAAGGCTAAATCCCATTAAGTGATGGAAAACGCCATGCACACCGAACTACAACCGTGTTTCTCCAACGTGCATTGCTTGTGACTGAAAGTGCTTTGAGGTCCGCAGAGAACTGTGACTAATGTAATCCTGTTTACTCATTCTTGGCCTCTTA,932,51.72,Caenorhabditis elegans
SEQ_566635,ATGTTCTATACTGTGGAATCTTGCTCCTCCGACTGAGGCCTCGATTACGTCGCGGTTGTACCCTGGACAGGTAAGGCGTTACTGATGACCACGCGCCTACCTGTAGCCAAAAGGGAATCTCGTCGATAGTCCTGCACGTTCGGAACTTTATGCATCTTCGGACTGCTGTATCGCACACCGCTAGTCAGGAAGGGACCATCGGACCTTCCATATTACACTAGACGAAAATAGCGCTGAGACAGTCACCATATACATCCCCGACAACTGGTCAAGTAAAGTCAGTGGACATGTTATACGTGACCCCAGTTCTGACGTGACAAATGACCTAACTTTCAACGTCCAGTTCGCGGCAACGCCGAGAATGCCTCGATAAGCTTTTGCGTGCTC,387,50.65,Escherichia coli
SEQ_780260,GACGCCCCCTGCCTCATAGCGTGGTACGCCTCCGTTGAATTATGCTGACCGCGACTCGGTGAGTGCGCGGAGTGGCCACTAGATTTGCTTGCTTGCGCCCTCCAAGTAGAACCATCACTCTTCTTGTCCGAACGAAATAGAGGTCATAACTTAGTGACACCGAGCCAATCACTGTTAATATGTCATTATCCACGCTTAGGAAAAAGACCTTCATCTGGGCCGCGATACGAGAAAAATGATTGAGTATCTTGAATAACTGTGTCCTAGGTGTACAGTTAAGGATTTGACACGGCCCCTTCAGCCAATTGCCTTTATCAACACTGTACGTAGTAGTCGCATCGCCTCCTCAATGCGCGAAACACGACACCTTTCTTCGTCTTGCTCAGTAGGCGGGGGAAGATAAATCACCGGGCAGGTAGGAGCGCCTATCGGAGCACGCCATCCCTATTCCGGCGGTTGTCTAAAATCCGTGGTGCGAAGCTGGTGACATGTGTAAGTAGGCTTAACAATTCTGAGAGGCACCATCACACACATCCCGTCAGGATCAATGGAGCGCCCCTTTCCCGTCAAACACCTCTATGAGATCGAACCCGTATATATCGAGCCACGCGAATCTGCTACGGTTCCGCAGGATTACACTGCAAAGTGAGTCCAATCGAGAATCGACCATGACTCGCGCGCAGCAACGTAGAGTAGAGCCCAAATTAATCGTTGGCACATAGGTAAACCGGTAGCAATGCCGGATAAGCGCCTTCCCATTAGTACGTTGCTTGTCAGGCTCAGTCTCCGGTGGTCTGTTAGTCTTATATGATTATAGGG,819,50.55,Arabidopsis thaliana
SEQ_655521,CACAGGAAGACCACACCTGTAATGCTATGGCAAAAGCAAGTGGTCCACCTACCATCGGTATCTATAGGTCCCGTAATTTGCCTCCGTACCCGTCGGCAGTTTAAGACAATACCTCCCAGTACCGCGTTTCAGGGCACATCTACTCTGTGCACAGCATTGCAAACGCACATGTCGCGTTCAATGCGCTACTCTCTCTATGAAATCGCCGTTGTGGGATACCAATTAGCCTCCATATACACTCCTTGCGCGTTGATGATAAGGT,262,49.62,Homo sapiens
SEQ_820782,GTGGCAGGACGATACACAGCCTCCGGACAGCAGTAAGCGTCGATCATCTTAAATGTGCGACTGAACGAGGCTGAGCTTAGCCGTTCGCTTTGTGACGGGGAAAATGGGTAGTGGCATGCCAATGATGGCTCTGGCGCTTGCCGGATGACTAGCCGTCGACCCAGTGGACAGCGGTAACGGCTTAAAACACCATGGTGTTCGTTAGTAGGAGAGACGTTTGCCGGTGCGCAACGACAACTGAACGGGGATTCTCAACCTGGATCTATACCTTGACTTTCAAGCGCGTTGGGTGGGCTCAGGCCCATATAAGAGGCGCATGGGACAGTAGTGTTCGTGGTGGAGTGGGGAACACCAATGGCTACCATACGTTAGGGCGCATGGCGTGTGGTATGAAGACCTTTCTCTGACATCGAAAGGCAACCGGTCTCATTGCATTAAACACCAGTCCATGATCACAGGTCCTGGCACCTTATATTACGGATACGTAGCAGTGTGCTGGCTACTTCCCCATAGCCCAACCCGATAATGTTTTAATATCACAACCCCTGAAGACCCTCGCCCTGTTAAAAGCACACCTTGACGTCACGGCGTTGATCATGCACGAACCGTGGTAAAAATACACATCTACTACACACGTGGACCTCGACGGCTACGGATGCGAGTGTGGACATCACCACAGAAGCGCACTTGCGTGGGCAGTGGTAGGGGGGAAGCAATAAACATCTCGATAGAAGTATAGTTGCTAAGAAGACTGCCTTGGTGGAAAGCAGCAGATCATACGGCCACAAAAATCCGTTTGTTTATTACGAATAGTGGGTCCCTGCAACTGTTCCCCTATAACCTCCACACAAAGGAAAATAATCAGGGCCGCATGCGTGGACATACCGGGCTCACGAGCGCGCACTAAGACCGTTTAAGCGCTATTCAATGCTGGAACTAATCAGTATCCCGCTCCTCACGGTGCTAAACCCACAGAA,977,51.69,Homo sapiens
SEQ_839242,AAATACATCGGGCGCGCATATACGGTGGGGAGTGAAAACGTTCGAAATAGACAGAGTGGAGCGGTGACAAATACAACGAGATTGTTTCATGCATGTTGTACAAAGCACGGCTGTCGAGCTTTTGACACCGAAGTAAAATATAAACGGTCACGAAGAACCATTAAATCACACACCCGCGACGTGATCAGTTCACCGCTCGCCGTTTTTAGGTATTCTTCATATCATGGGTTGTGGGCGTGCCTGAAGTACCCACACCGTGCCAGCAGCACAAGATCACGGGTAACTCATCAAGATTATTAGAAATCCGCTGAAACGGCTCCAGATTTATTTTGCTATACCCCTAAAGTGTTTACTCCATGCGGCTAACAAAGAATTATTGAGAACCTAAACCCAGTAATGACAGAACTCCGGATGAGGGTGATATTGTCGGCGAGTCTTCATCATTCGAATGCTTCGCCCCATGACTAAGCATTGAAGAGCCGTATGATCCGCGGGACAGGATCAGCGATGCAGGTGACGTTGTTCCGAGGACCGGTGTGGTCCGTACGCGCGAAGCATGTAAATGTGCTGGAGCGCAGAGTAGGGACTGTTAAGCAATGGATGACCCTAACCGCGGCGACTGTGACTTCCGGTTGCACTGTAGATGCTGAAACTCATAACACGATCGGCGGCCTCAAAGCCGTGTTGGGGAACGGACGAATCGCCACTTCGCTTGTTTGTTTCATATGCTCCACAATCTCATTGCTACTGCACTCAAGGTCAAACTGTACGATAGGGGTCACCGGACGCATTCGGGGGGTTCTATAAAATGGCTAAGTTCTACCCCCGCTCGCGTTCTCCGGGCTTCCTGATAATTCGCTGATCCAGAACTGGTCATACGGATATTTGTAAACATCTTTGAACCAGTTGACGTCAGTGATGTCTAGAAGTATCCCAGAGACTCCGATAAGTAACGAACGTGATCCTTTACTGGACGATCATGCTATCCTCATTACCATTCGATGGTCACTACACACCCGATGAACGCCGGCGTGCTGTAACATTCCCCCCCGATGGGACATTTGAAGGACGCTCAGAACGCTGGGGTGCTTCCGTCCGATGGCCGCTATTTTAAAACTCGGGGGGATTGTAGGGATCGGCAGGAAGTGTCTCGTTATATTATCGAGCATTCGAAAGGAAAAATGAACTCATTAAATGGAAGTCGCCGTCTGGGCGGTCCTATACATTCGAAGACCTCTGGGTTGGGCGCATCTGGACAAGAAATGTACCAACATTAACCGTTCCCACCGGTCGCGGGTAAGATTGATATGTCGTT,1315,49.2,Saccharomyces cerevisiae
SEQ_693516,GACGTATTCACGAAGTGCAGCTGGTCCATGAGTGGTTGATATTGCGCCAGCGGGTCTCGGCACTTGAGTAACAGCGATGTCCAAGACTAAGTCTGAGGGATATCTGAATAATATATGCTTCCTTAACCGATTTGTACTTCCAGGAGTCGTTTAGTATAAAATATCGACGTAGGCAGCCCCTTTGGTGCGGCATCACGAGCAGGCCCTGCATCGAGCGCTATAGCAAGACAAGTGCGCTAGGGTCACAAACGAATACCTTCATGACCGAACAGACCCCTAGTTCAGCGGCCGATTGACTCCTTTGCTGTACAGGGGCAGAGGATGCTTAATCTCGATAATCTGCAAGACCAGGTTCGTACCGAATTTTGCCCGAACCAGTGCAGAATCGGTACAAGGTCATTGTATTAAGTAGAGTTACTACGGCGGGCGATTGGCCAGGGGCGCGGTCGTACGTTCTCTTGCGCTTGTTATGATCGGCCACCGTGTAGTTCGCCCCTGACTCTAGTGCAGGGCTTGAAGGTACCTAC,527,51.23,Saccharomyces cerevisiae
SEQ_431052,CAATCCTCCACCATCGTTCCATAACGGCAGTCTGGTAACAAACTCGAGTCCCGTGAGTACATTAGTTACACCGGTAACCTGCGTCCAAGCCGTCGGTAAGAATAGTAAGATATATAAATCGGGCCAGCGGAACTTGAAACGTGGAATCTATGCTAACGTGATACAGCCGCCCATAGGTCGGAAAGAGAGACTGTTGCATGTGGGGCCAAAAAAACCCTTTTGCTTTTACTTAGCCTAGCCCTTAGGGCTACGAGCCGCATGCATGCTTCACAAGCGCAAAATGACGACGAATCCCAGCGGTGGCTGTCAGTTATAGAATCGATAAACGCGCCCGCGACGACGGTTTTGCGTCCCTAACGGGGACCATTCCAATACTTGACATACGCATATGCCTAGAGTAATTTTTTCAGAGGAGAAAACAAGAGATCGCGCGCATCACAAATT,444,48.65,Saccharomyces cerevisiae
SEQ_338309,CAATATAAGACAGTTTGCGGTCTCTGGAGTCCAAGGGGCCTCCCCGGCGAGTGCATCTAATGTGTAGGGTTGCTACATAAAATCATTTTCGTTTCATAGTGGATATATACCCTGAATAATGCTGTCGGTTAGCATACGAGACCTAGAGCCGGCTGTTTACTGTTCCCACACCCTCAAGTACTATTCATGTGGGGGTTAATCAGCTTTCTGGAAAGGACATGCTCTCGCTCGTATACTTCGGTTGATCCATACTAGATCCCAATCGACGTGATTCATGCGTCACGATAGAGCGTAGGCTAGGGCATTTTTCTAAAATCTTCTATGCTTATAATTCACGTACTCGACGAAGGAATCTATGGTGCCCCTGGAAGCGTCACATTGAACTGGCACGTAGCCCAAGCCTTGCAGGCGGACAGGGGTCTTTTGTCAATAGGCAACGGGCAGATCGGAGGTAAGCCCTCCAACTGCGCTGATACAGGTTGGGCGGAACCCACGTTGGCCAGGGTTTACGACTCAAGAGAATACGTGCTACCTACACTCGGTTAGGTAGTAGAGTATTCAAATGCTCTCAGCTCCGCAGTCGTAAATAAGATATCGGTACGGATGAGCTACAAGCGTCGCTCGTTCTTTAAAGAAGAGGCCCCACCCAGTGCCTGACGTCGTGCCGTTGTCACCAGATTAATTGTGTCCGTCCTAACGGTCCGTATATGGGAGTGGGCTCGGCAGTTTGTAACTCCCATTCCTCCTCACCAAAGGTTAGCCTGCAATCAGATATCGTCTTAGACGAGGGTAATTTCCGACGAGAGGCACGAGCACTCTTGGCAGGGCACTCTATTAATATAGATAAAAGGACCACTCCTTAAGCGGTGCCGTTCGGGCCGTCGAGATCAGAACAGCGCGTCCCTTCCTACGAGGAAAATTGTGAAATGCTAGTTGGCAGCGGAGTCCACGCGCGTCTCCAAACCTGAGAACAACACCAGTGTTAGATACCCCCTATACAGCTCCAATAGCGAACCTCATAGAAAACACGTAAATTGTTTAAGTAAGAAAGCATAGCCATAGATTCTCCGATACCTGGAGACACGACGCTTTTGGGAATTCCCACTCAACCGAGTTCCCCTTAGTGGGGGGTACTGTACGTCGAGGGGCATAACCGAAGATGGCGCTGCATCTATAGCTATAAACAAAAAGC,1192,49.33,Mus musculus
SEQ_289771,CATCTCCGAGATGCGACTGTCCGCCAGCCCCCGTCGTTCCTTCCTTTTCCCTCCTACTACCCTGTACTTGGAACTGACATATGTGCTCAAAAAATGGCACCACCGCTGGAATTGTATTGGGGGGCTACAGCGACTGTCACCGTCGGGGGAAGCGCTTCTAAAGTGTTACGAGCGTTTCCCCCGTCGAGTGTGAGGGCTGAAGGCATTCAACCCAAAGACGGATGAACAGTGTAGATATCGGATCCCAACAATGGATATGGGTTACCTGGACTGTGACATCACGCATTCTGTCCTTTCCAGTTCATCCGACTAGATGACACGTACGCCGGAGCACATGAAACATGCACGGGTGATCGCCTCGGGTTACTGAAGTGGTGTAGTATGTGTTGCAGGCCCCATCTCTAGGATTTGCGTTGATTGGGGTACCTGGCGGACCATCTTAAAAACGATAGCTTCAACAGACTACGACGCCAACACTTAAAGCTACCCAATGCTGAGAGAGGGCTTTGTTTGAAGAGTGTTTCTAGACGGGTCGGACTGCCTTCGTTCTTCACAGTAGATGGAACAATATGTGGCGCGCTAACAGGACTTACTTTAGTGGGTCCTTCGGGATGGTTTGTATTTCTGCGTATATAAGTTGGATCTTATCACGCAAGGCCACGCTCCATGTGGTGAGTTACGCATTGCGACCCATCCGTTGCTCAGATTTTCAGGCCCACCGACAGGTATGACGGGACTGTTGTATTAAATTAGCCTCCACGCTTGTATAAACGCGAGACGAAAGAGGGTCTGTACACCATCTGAAGTGCAAATGACATATAGCTAACCTGGCACGGAAGTCGCCAGAATTCCTTGCTCTCACGAAGTCTCTCTTTAAAACTATGTAGTCTAGCCATCTGGCAACGATGTCTCCCCCTTATGGAGGTAGCGTCCACAGACCCCGGTACAGAGTGTGGGTGCTTCGGAGCAGAGATCTTGAGAGCGCCAGTGATGGTCGCGCCACCCACTTGCCTCGAATACGGTTCGCAATACCTAACTCTGTTGAGTACACCATTAGGCGGCACCGGCGTCAGATACCGGCATTGCAGTTGCCGTATCCTCTCAGGTGAGAAGTATGGTCCGATCAGGGCCTGCCCGATCGATATCGGGCACTACACGGTTAGAACTTCAAAACCTTAAGTATAGAGTAGCGTGTATCTGGAAGATCCGCGGTGCACGAAGATCACGATACAGTAAACATGGGCAGAAGGAACACGGTGGGAAACGTGTAAAATTGACGAGGATTACAACTGACGCCACGCCAATTTGGTTGGGCCAGTGGACTGACTGCAATTGGGGGAACGCCCTTGAACGGTGCTAGTCGTTATGATGTGGGTAGCGGGCCTGAGAAATCACGATATTCATGCCGGATACATAGTCCCACCTCCAAACCACGTCGCTCTCACGTCGCTTAGTCCGTCAGTGAGTAGGGATCGGGCTCAGCTGTCCCGTGGCTATTCGGCGGCTGCTCACACAAGTTAGTCTGCACCCGTTGGCAGCGGGTAGCATTCAACGGTGCTGGTTGCATCTAGCCAGTCAACATTACAGATCGGGGATCAATATTATATGGAAGCATCCCGCCATCAAACAAGGGGATATGATCACCTGGATTAGTAGCTCTGTCCAGATCTGAGATACCTGCCCCTACGCGCAAGTGGAAAGCAATAAGAGTTGATGACGTTACGCCAAAGGCTCCATCAGAGGATGATGGCGGGGAGGCAGAACATGTGAAATCTCACCGAGTGCGTGCGGCACCCGAAAGAACGTTTGGCTCATTCTCATGCATCAGTATCCATAAATCAAAAGCAACACATTAATT,1858,51.13,Drosophila melanogaster
SEQ_198615,ATTCCATAATAATGGGTTCAACCGCGGCTAACTAGTGAGCTGCTAAATGGGCTTACACTCCTTGTGTTGTTCCTCCTAGAGCGATCTAGCCGTTCTGGGTATACCTAGTTCGGCTGGTCCCTCAGAGAGAACAATAGCAGATGGTGCACGTCCAGTTTTCAAACGGAGGTGGCTCATAACCAAAGAGTTACATGGCCGTGTGTAGGTCAAGCGATAAGTTCTACGGGGGGGATAGCTATGGGATAACCGGCAATCGACTGATACTGTTTTTTGAGACTTGTATACAAGACCTTGTACCTCACCCCTAGTCCACAGTGGTTTGCCTGGTACCACTGGAATATATATCATACAACCCCCGGAACAGATGCCAAATCGCACCCGCTACACGTTCGGCGAGCCTAGAGACTAAATAAGACGAAAGGCGGGCGAAACCTGACACTAACCGTCATATCATTAGAATCACGCGACTCTCATACACGCGCTCGACGAGCGCTACGTTGCTCCCTACCTGGCTAAGTTTTTCAATCTAATGCAAACGTTCAATCTCTACAATCTCCTCATCAGGTACCCATAACAAACTAAAATTGCAACGCGGGGTTGATAGACTAATCCTTGCTGCCAAGAAATCCGCGTTACGGTCAGAGTAACCTTCAGGCCTCTTGGTATGTACGGTGAGTTTAAGGGTCGAGCGATCTACTTTTGATGGGGGGCACTTAAAAGAGTAAATTGATCAACTATAGTAATTGCAGCCTCCGAAGATAGCCTCGGACTAGCTTGGCGGGTGTGCTCTGGAAATGTCTCAGAAATAATGTAAGATCGCTAGGGAGAACCAGAGGGCCTAGAGTACTTTGTTCCTTAAACAACTGTGTGTTCCCAGTTGTGACATCGGTGTTAGCGCACTGAAAATTGCTGTTGGCCATACAACCAAGCCCTCGCTTGGCATTCGTGTGCCTTTTAACACACACCGCCACCATAGCTTCGTACGGCAGGCTAGAGCTAGACGCATGATGTAGGATCGATGGTTCTGGTCTAAGCAAGGCCAATCTGGGAGGTCCCAGTGTCGTCATGCCTCTGACTAGTGTGATCATACGGGAAAGGTACGGTTGATTGTTTCCGATCTTCTTTTAATCCAGGAAGGAAACATACGCCTTGTGACGGATGTATGGGTCCGGCCCACGAGGGAACAATCACTGCCAGGCTTTTGTTCATGTATATATAAGGATTGAGATTTCCTCAGGAAGATAGGGGGCTCATACCTGTGAGCAGGGACTCTGGTCGAATTGCTAAAAATCAGTCAGCCTTCCCTTCCCGCTGAAGTATCTCCCCCGTGAGAACCTCGTAGATGTTCCGGGGATATGTTCTGCTGGGATCCCGAACTTTGAGCTTATAGATTGGGTGCGCCACAGTTAACGGGATGGGCTGCCCTACCGCTTCAGCTGATAGTGACGTTGGAGAATATCAATACGGGGTTCTCCAATTGGGGAAGAATAAGCTCGGAACAGAACCGCTGGAATACCTTGAGAAAGTGTTCGTCTTAAATACTCTTCCAGCCGTGAATGGAAGGCGCGACTAACGGAGCTATCCCGATGGATGGCCGACGATATACAAAGACTACCAAAGACCTCAGTCCGCTTGAACAGTACTCGGATCTCCCGCGCTCGTGTCCCCAATGCGGATGGAGCGTCTCTCGACTCGCCCGGTAAATCTTCCACGATGCAGAGGTCTCGATCCGTGGCGGTTCCAGAAGAACGCGCGTTACTATCGCAGCCCTTGCGACCCGGTGGTTTTTGTGTTACGCGTGTAATAATACTCGATGACTCAGGCACTCTGGCTAATCGCTCATGAGATACACAAGACGGCTAGGAATACATCCCCCTCCGCTATCGCCTAACCATATGCATAGTTCTACACCCCAGATGTGGCAGCGTCGATGGTAGAGG,1940,49.69,Caenorhabditis elegans
SEQ_622931,CCTATGTTTGGCGGGTCGATGGGCGCTCGGGGGTCTTGGCGGGTCGACCACCAGTGAGTGTCCCTCAAAATCTACTACGCGCTGCTTATTATAGAAGCGCCGCATGCTTAACTGCCGGGACCACACATATGTAATCTTTTTGTTAACGCTGGATCAAACTTAAACATATTAACAACCGTAACCGATCAAGGCAAGCTCGCGCTGTACTATATGGCGTTTCATGAGACGGTCTCTGCTTTCATTTCGCATTACGTGCGCTTTATCTATGCCTAAGGTATCGGAATCCGTGCGACAGCACTCACATTAAATGCTGGGAAATGCATACGGGGTCAGCGCATTTTAGATTGCATACTATGAAATGAACGCCGACCCTCATAGGTAAATGCACCCGTTAGGCCTGGAATCTGTCGATAATTTCTAACGCCGTATATCACTAGATGCCCCCTTCAAAATGCTCGCCCCCCCCCATTCCCAATGGGACTTCAGCTAGAGTCGCACTACACCTTATGAGGTTTTGCAATATATCTCAACACAAAACCAAAGCCACTTGGTCGAAGCCTGATCGGCGAGGGTGAGGTTTTACTAACTATAATGAACGGGTCACAACACGGTCTTTCGGTTTCATTACGCTACTTGATCCAACATCGCCGACATGTTGACAACACGGTCGAATCAGAACATTGATGTCCAGGGACTGATGCCAGAGCCCGCAGTGGTCCGGATGGGACCTGCCTGCAGGAAGTCTTGCACGTTCCCTCGTGATAGTTGGCCGGACGTGGCCTTTGCGAGTCCCCCACAACCACGCACAGTACCCCGAGGTACAAGCCATCGCCTTTGTATTTGGAGTTGTGGCGATTAGGCAGGTGTCTTGTTCTACTTAATCTTTTGGAAGAGCGAGTTGCCTAGCTTTCGAACGGGCGTTAGTAAGTCCATGGGCTAGTTAGTCCTTCAGGCAGTTACCAATCGATAGTTCTCATCGTTGGGAGTTGGAAAAGTTCCGGTGAATTCCCGATGAATATTCATGGTAAGGTTTTCATTCCGGCGCAAGCATATAAGCTTCTCATCCTGCATACTTTGAACGAATAGGTAAGTGCCGGTGGGAGTTATCTTTAATATACCCCGTATTCACATACACATCGGTGAGAATGACGCCCAACGACTGACCGGGTTTGACACCCTACGGGACCCTACTGAGATCCGACTGAGATGCCGGCAGATGGCCCACAGTTTTGAATAGAAAGCGTTAAACCCTCGGTGGATGTTCCGTGTTGCGTCCAAGAACCCTTGCGATTGTCAGCCGAGCTAAGCCTTAGCGCTCGCGCCCACTGTTCTGCGTGGAACTCCAGTCAATTGTGTATCCTTTTGAAGGGATGGATGCCCACTGTGCATAGGAATAAAACCAGGTGAGATGCGAACTACGTGAGCTTTTTATTCGGGTGTGAAAACGGTATCTGTCTGCCGAGGGTGGATATACGAGCGTACACTCCTAAAAGGTGGGGTGATAGCTCCGGTCGAAGACATGGACTTACTCCATTGCCACTTACCGGCCGGAGCTGAAGGGCTCCATCCGCCTGGGTCGATTAACCGCTGATCTGAATGGATTGTTATCTAGGTCGCGGAGGTATGGCTAATACGTCCCGCTCCTCACAGCCCGTCCAATTTACAGCCTATGAGCCCGCCATGTAAGTATTCGTGTATACGCCCTCTCTCAGAGAATTTTAGACACTAAGTCGCAGTGATTTTGTACGTACTCTTCCGCCAGGTCCTGAGTGGGATATGTGTTCGAAATGTCTGTTCTACTCCCAAGGCGCAAGATTAGATGCATAAACGAATGAGCAATACAGATGCTGTAGCAAGGTTCTGCTACAGGGACCATAGACAGGAGAAAAACCGCTGGGTGGCGGTTGAATTCGCTGCTTTATGGAATATGGGTTAACGCAGTCACCGCAGTTTAGTTATGCCG,1963,49.67,Arabidopsis thaliana
SEQ_637960,GAAGCCGTATAAGTATGGGCTCTCACTGTGATAGCGTACGCCTAACAACGGCGACGCGGCACGGCTATGTGGCAACACTCTGCCAACAAGGTACCGGTGCCTCGAGGAGAGTCCGCGAAGTGGCAGTAAGTTCCTGAAGGAGCTTACCGGATCATCTCGTCGCATGCATGCGCCCTAGTTCTGTTTGTGAGACTGCGCGGGGACGATGATATCTAGGTTAGTAGCGTTGCGTATCCACTGTGTTCTTATCTATAGACTGATTGACCAGTTAGGCGCATTAGCTACCGCTCCTATCTCACGTCCAGGGTATTAACACCCAAAATGCGGCCTCGGAACATATGTAACCCTTGCGCAACACTCATAACATGGCGGTTCGTGGGATATAACAGCCTTGATGAAGCTTCCTAAGGTAGCATCGAATAATTCGGTCTCCCACGAAGGACTCTGGGCAGCGGATCTGCTTGGCTTAGCTCCAAGGTGTCAGTCTGCTGATGGTAATTGATCGCAGTGATTATAACTGTAATTCTCCTGCATTCTAAAGGCTCGATGATACTTCTATGGATTACAATATGCGTGAATAGGACCGCTGTGCCCGTCTCAGACGCGAATTCAGTCGATATCCTGATAGCCATACCGGACTAGCAAACTTAGAATAGGACGACAGGGATAGGGGAACACGATGGTCCTGAATGTAATGTGATAGTGTCGCATTGATAGCCTCACGATACGTTGCCAATTAGCTGTCTTTGACACCGGTGCATAATAACTTGAGAGATCGGCGGTCATTGAGATAGGCGATATTCTGTGGCGCCTACCGTTAGGCTACCAGAACCTCTTTATCATGGGAAAATATAGGTGTCCTACACGAAGCAAGCAGAATGATCTGCGGCCCCGAACCCCACCCTTTTTGAATCAGCGATGCTTCAGGTCGTCGACGCTAAAGCTCTGAGGTAATTAATATCAGTTTCTTTTACCGGAGGAAGCACTCTTAAGAGTCTGGGTTGGTTCTGGGCGAAAGAGGAGTTTGGGAACTGCGGGCTGTAGTCAGGAGGCATAATGGAGCAGTTTACTCATATGGTACCAGCAGCAAGAAACGCGATATGATCATCCCCTTTAATACGCGAAAACCCCGACCAAGCTCCAGGCACGGCTTAATACCTGGTTACAAGAGAGCAGACATTTCACTAAGAGACTGATAAGCATTCCACAAACCGTTTGAACCGTTCTTATCGCCTAGAGTGAAGCCCATTTTCAAGTTGAGGACGGATTTTCGTGATCCCACCTACAATGACG,1293,48.8,Mus musculus
SEQ_560285,ACCTGTTAAAATATGCCATTCGCTTCGGAACAAGAGCATCTCTTGTGCTTGTAACTGATAACGCTTCTGCATCGGCTTGGACAGTACTGCCGATATCGTCCATGGCCACGCCCCCAGCAGAAGAATAATAATTCTCTCACCGATTTACCTGCCTGGACTTATCTCGGAATGTCCTAGTACTGGTAAAACCGAGGTGGGATATGCAATGACCAAAAGTGACGCTCGATTAGGAAACTTGCAGAAGGTCGGGGCTAGAATTCGACTTTGAATTCAGGTCCGATTGTGCTTTACAAGAAAGTACACCGACGTTCTCCCCCCGCGCTGAGCCAAAAATCATTTGCCCAACTGCCTTCAGGTCACAGTAATCCTCACGAAGTGGAGTTTGGTAGACCCGGATGTTCCTTTGGTCTTCTTGTCACAGTGTGCACGACGGTAGCGAACTTCAATTGGTGTCGCCAGTCGGTTTACGAAGCATATACCGCAGGGGAAAAAGTAATAGATCTGCTCCATTGATGCAAGAGCACCTCGGCAGGGTGAACAACATGTTTCATGTGGATGGAGCACCTAAACTATTAAGATCCGAGCATGTATGATGTTATCTTTGAAACCAAGCTATTAATTATGAGGGAACCCGTTGGAAGAATGATCGAATCTCCATTCGGGGAGCTACAAGACAACACCGTG,684,47.08,Arabidopsis thaliana
SEQ_945045,AGGCTACGAGAAAACAGAAAGGGCACTAACCGGTACCTCCTGGGTTCCGCAGGACTAGGAGCGACTCGCATGTAATGATCAAGTGGTTACCGGACTAAACAGGAGCAAAAACTGGAATTATCGTGATAAAATCCGCTGAATGGGGTCGGGTTCTGGTCACAGGTTTACTGCTTCTCCCCCCGGGATAGGCCTTACTCGCGGTCCACGCTGTATACGTGACGTCCGTGCAGAATAAAGGCAGTCACGGAATCTCGGCGAGCAGGGTTCGGACCCAGGTGTCGCGACTTTTTTTCCTGCCAGTCCGATTGTTCGAATAGCTAAAGTTTCGGGGAGACGTTTCGTAGTCGTTTTTCAGCAATAACATGTGTTCTAGTTTACACGTAGAGTCTGGCATTGGAGCTGTAAGTTCAACGAGTGGTAATCTCTGTGATGTCATACCAAAGGAGGTTTGGAGCGAGCTATAGTTACATACTTGCGTCAGAGATTGCAACGGTCACGGAAGCAGCGCACGGCGATCCGAAGCAGAACTCGATGCGCTTTTAAACTACCAATGGAAAGGGGCAGATTACGAATCCGCAACACCTTAATTATCAAAACCTGACGACTCGTGCGGATGACTGCACGTATTTACACCCATCCAACGTCCCAATAACAATGAACCAAGGGTCACCTTGAATGTCACTCAGGGGATGCCTTTCAAATACGTGGAAACCCATGTACGTCTCCACCCCGAAACCAAGTACTGATGCTCTCATCGTAAAGGGCTTTTTAATTACATTGAATTAGGCGCTACTTTCTCACAAAGTTTACGGTCCGCCCACTACTTTCACATCTGGATGATGCCCAGGGGGCCATTTTCCCGAGTGCCCAAACATAAGCTCCCTTGAGACGACGTACGCTATGTCGTTTTTTGAAGATAGGCCAACCCTATGTAGTCGATAATGAGTCGGCTGGGGCTTCTAGGTATCGTACACGTTAGCCTTATAGCCCTCGAGTAATTAGAAGCCTCTAGGATGATGCGAGCGGTTGTTTCGAATTTTGCGCATATGAAAAATGATAAAAGTGAGCCATTCACTTCCCCGACACGGACACTCTGCGCCGGGATGGTAAGAAGGGGTGGATTGCCCCGGGTGAGAAACGTATGGTTAGTGGCTTTGTCCTGATTCAAGGAAGAGTTGACAGCATAGTACCTCGTTGACGAGTTTAGGGATGGAATCTTTTACGCCGCACCGGCTGGAGGCGTTCCGGCTCCGTCCCACCCTGACGCTAAGCTGTTATACATGCTAACCCAACCGAGCATAGTCAAGTCTAAGTAAGGGTGGAAGGATTCGATCGTTCCAGACAGACCTAACAAAGGAAAACTGGTAACAGTTAAAGCGATCCTACTTTAAGACTTACTTGGCGTGTAGACGGCCCACGATGGGTTCGACTGATTTCAGTCAAAGACAGGAGTCATTTTATGGCGTTTGTACGGAAGAACGCGCGTCTACCGGTGATTACTCTATGCAGTTATA,1514,48.81,Mus musculus
SEQ_875291,ATCGTTGTGGCGACTGAGTAGGGGGTCTGCGTAGCATGTCCTGAGGAATCCCTACGCCCCATCAGGGGTAGGGATATTGCTTGGGCAACCGAGGGTTCATATGACTGCAAGCAAGAGAAAAACTAAGTTCCCCTAACACCGCCAGATACACTCGTTCACCCAGCCATCGATAGTCCACTTAACTGCGGCTGACTCTTCTGACGCTGCCGCTGTAATGTCAGACCCATTTTAACGTGAGATTATTACCTGCCCTTCACACTTCCCGTGTTAAAAGATTCCTAATGTGACGTGCGCGCAGCCCTAAAGCAGGATGCATACAAAACTCAAAGTCCCTCGCTAGTTCGACTCCGTAAGACGGTTCTCGCATGGGATATTAAGTACCAGTTACACAAACTAATAACGGCGAGGCAGTCTAGTCCGTTAAAATAACTCCCTAGTAATCCTTTTTTCAGGTAGGCACCAGACAAC,468,48.93,Caenorhabditis elegans
SEQ_180902,CCCTTCTTGCTCTGCTAGTTGCAAACCTTTCATGCTACAAAGCGTATATTTAAAGAGCCGTTGAACGCATTTTCGTGCAACTGCTGCGTTAGGTTTGTCCCACGTTGCCGATGTAGTTTACAACCTCGCTGCAGAGATAATGAGCCAAGCTCTGAGCGGTCCTCACCTAAAAGACGTTAGGCACTTAATGGGGTGTTATAGCTGCCGCGGGGCCCTGTCGCCGTTAGATACAAAACTAAACTTCGCTCTTGACAGGGGTTTCCGCGGAGCGTTTACGACGTACTTACCCCTCCCGCAGTTGAAAGAGCTGCAGCTTACGTGGGTGTAACAAACGGCATGTAATCGCTGTAGGTGAAGGAGCCGGCGATTCCATGCGACTAGTGCTAAGGCGTGTCTAGTCCAGTTACAGCCATGCTCGCTGTTCATGAAGCCTCTGCCGCTAATACAGCGAGAGAGGACTTCGCCTTGACGCAGATTGAGGAGAGCGGGTCTGGCGGCCCAATTTTAAAGCGCATTTTGTGTAAGGCTAAGTTGCTCTCAAGCAGAGACCCTCCCCAAGGAAAGCCACGTGCATTCGTGTGTGCTCCTTGGTCTCCCACTATCAAAGGTCCCCGCGTCTTCCAACACTGGCTCGACGATTTGATGCTGCCGTCAAGGGACGGTTTGAAGAAGAAATCAATATGGAGATGGGTCTACATATTGGTATTATTCCTCCGTTCCGCTCGAAAGCGCCGTCTTCGGGGGATTCATCTTCCTATGTGCGACATAGATAGGCTTCCACTTTAAATCTAAGGCAAACACACGTTGCCATTTGTCCACGAGCTAATCCTCTCCCATCTACTGCAGTGGCGTCACCGCAGGAGCATTTCGTTTGAGCCAACAACCTCCTCAGTTGTCATCCTCGGCACACGCAGTCACTCGCTATCTTCAGATCCAATGGGGTTCGCTGCCTAAAAACCTTGTTTCAGGGTAGCGTAGACGTGCCGAACCTGACGAGGAGTCGGATGGGGACAGCCTGTTGGCCGTCTTCTCCGGAATGAACCTACAGTCTCGGAG,1056,51.89,Homo sapiens
SEQ_647239,TGATTCAAGCTGACAGGGGGGTTTTCCTTCAATGGTAGTGGTTCCAGGATGCTGATAGTCCGGAAAAATCTAAGGTAACCTGGAGTCAGAAAGTTGGCTTCAAATACAAAGCTGTGGCACGATGCGCAGGACTGCCTGTCCCGTCAGCTGGCCAAATCCTAGAAATAGGGACAATTGTGACTCGACAATCTCTTCGACCCTGGCTGCATTGATCGTGGAGGTAGGACGTTGATACACCTCCGCAGGACACAATTCTTGCAGCGTGAGATCCATAGGATCATTACATATTCCCCCCCATGTGTCCGACTCGCCCCCCGCGGGCTAAGAGACTTCCATCGCGCGGAGACAGCAGTCATAAGATACATACTACCGCAGTGTGAAAGGGAGCCTGAAATGAGGCGAGAATATGCTCATCGGGTCTA,422,51.18,Caenorhabditis elegans
SEQ_475034,CAATCGCTATACGGAACGCAAATTTATATCGTACCTCACCCCTCAAGAATACACTATCGCCTAGCTGACGACATAAAAGCCACCACACATTAACCGTGACCCGTACCGCCCCTTATTGCACGTACGTGCAATCCAGCGTCGAATCCAATTTAGGAGCTTATATCTAGGTAGGATTGGGGAATTTGGTAATGTTATCGTACCTTCCGCGCCAATTTGGATGGCGGAGATGCAATCACTTAGTAAGGCGGGTGTGTGCCCCCTAGGTGATTAGAGTATTGGTCGAATAACCCCGACGCCGTGGTCGCTCTTTGGGGAGAAGCTCCTCCTGGACTCAGTTTGGGCTACCTGCTCCGAGACTGGTTCACGTAGTCCAGACAGACCGCCATAACCCGATTTACTTTGCGAACGCGCAGCAGTGGTGATGCTTTTAATAAGCGCCCCGAATTGATCTTCTTTAGACGGAATGCGAGATTTAGCGTCAAACGGTCCATTGCCTACCCCGGGCCCCGCGAGTGTTTAATGTTTCGAGCTTGGAGCGCGATTGTCTTGCTATAGACACGGACACCCTCGCCGGTCGAGCCAGAACATCCCGTAACATTTGCTAACCCAGGCGTACGGCTCCTAGACCCTGTACCTCTGACAAGCGGTCGCTAGCATCCAAAGCCTGTGGACAGTCATGCGTTGTGCCAACGGTACCCAACGACCTCAGTTCTCTAGAAACCAGTGAGACACCATGAATTACCTCGAACATTCTAATAGTTGCTATGATGTATCAAG,777,50.97,Caenorhabditis elegans
SEQ_402131,CTGTTTAGCGTGGCATTATTCCAGTCCGTCACACGGGACAGACAACATTACGTGTGTCAAGACTGATTTAACCACTTGCGGTGTTTGTGCCGGTTCATCGCCCAACAACATAGGTGCATTATCGAGCATACCCGCGTACCGTACCGGTAGAACAGCATGAAGTGGCATCCTGCTCCTTTGTCGGAAACTTCTATGGGCTATGGCTATTGGTGGCCTTGTAATACGCCTGGAAGGTAATGATGTAATATAGCGGTACCGACGGCTGACCTCGCTTATGGAAGTGGCCTTCGGAGGTTTCCGGGTCCCCGATGGCTACAGCAGGGTCGATCGTCCTGATCAGTGTCTCCTCTAGGATTCGAGCATCAATCACAGATGATACGTACAACTGCCTGAGGAGGGCCAAAGGCTTGGCATGGAGATTTACCGCGAGGCTTTAGCAATCTGTCCTCACGGTTGTTCGAATACAGTAGCAACCTCCACTTTTGACGTCACCCCCCCTACCAGTCTCCCCAGAAGACGTGTACTATAGGGAGAGAGTGACCCACCCAGACCCTTCCTATGCCTACGATATCTAAAGAAGTTCTTGCTGGACGGACATCAATCGTAGATAAGCTCGGCACAGTGTTCCGAGGCGCGGAGAAGTACTGATAGGTATTCGGCATGGAACGATCTATCATCAATCGCGTCGTTAACATCGTTACTAGCGTTCCCAATGAGCCTGGGGACCGTACGACGAAAGACTCAAAGCTCGCAGGCTGAGCCACTGTGCCCCCGTGAATCCATCAATCTCAGAAGATCAACCGGAAACCGGGCGATTCCACACGCGCTCCGCCCTGGTCGATGACATGCCTGATGAGAAACTGTGGGGGATAGTCAAGTTGTCATAACAAACTGCCCTTATCATATACTGAGATGCTTTCTCGCAAATGCAGCCTGGGCTACGATGTAAAATAGAATGAGACTTAGACTTAAAGGACCCATTCGATGATAAAAAGCTGACGGTATACACTGTGGCTTGAGTGCACGATAATCATGCGCGCACACCTGCTCACATGAGAGGCTCGATTGACCTTGCCACATATGCGCAACCGACAGATGTGTACGTCTTAATGCTTATAGTCCGCGTGAGTTGGATTAGTGACAGGTAATACATGGTTAGACGTACCTACCAGGACTAATACCTATGTTTCGTGTACTTCGTAGCTGAATGGCCCACGCACTAATATGCTGCGCTGTAGCCCGATCCTTGTCCAATTCACGGGCGCAGCCTTAAGTCCTCGTAGAGAAAGGGGAGCTCGCCTACAGCAATTCTCTGTTTAGCGACCTCGCTCGTCTAAAAAGAATCATGTACAACGAGAGGCACCAGGACTATTGCACGGCCAATGCCGCCAAGCTATCCTCGAACCTGATAAATTAGCTGATGGTATTATCAGGTGCCATAAATACGGACATCGCTACACCTATGCACTGGGTCCTGCTACTATAGTAGGAGAGATACCCGGTCATGATGAATCGTATGCAAAATCGACTAGGCAGCAGTGGAGAGCGCCTACCCCCTGTTATGCTAGGCGAGCAAAAGTCTACCGCGCGTGTCCCGTTTTTCTAGGGCGAGGCAGCAAACACGGTTCGATGTAGTCAATCTTTTTTCCCTCGGACTTGCGCACGGGTCGTCCCACGCTATTCTC,1685,50.62,Escherichia coli
SEQ_518385,ATCCCATGTATGAATAACACGATAATGCAAAAGGAATTAGTACGTGTTGAAACCCAGTCGAAGGACTCTTTGCTCGGAGTGTGAACGCTTCTCGGTCACAGTCGAATGCCCGGGGTTAATCTTGGATCCAGCCTATCTATTACACGCCCCTACTGACAACTCAGGGGAGTATAGTCGCAATCATGCTTTCGTCTCAGGCGCGTCCGCTACCACATTTGCTCCATGTTTCCATGGGGATGAATCTATCGGAACTACGTCATGAACAAGACCGTGTAGCCAGCGCTAGACGAGCCTCTAAAACGTCGTCTTTCGCTGAGGGCTTCGCCCGTTCCATGCGTATTTAAATTTCCCCGCATCGCGGCGATATGACGCATCGACATGCCCCTCAATAGGCGTGCTGTTGCAAAACAATCCTTCAGCTGTATTAAGATTACGAGGGGAATGTAATTAGCCGCGATGATGTTACTGAACTCAGTGCCAGATGATCCGAGAACAAATGGCGCGCCCGACACTGGTTTGGAAAAATACGCAACACCCGGCAAAGCAGTGTGCTATCCATTAGGGATGCATTCACTTCATGATTTACACTAGCTAGTATCCGTTCACTTTATCTGGGGTCTATGACGGCCTCATGTATGCTAACTCGTTTTCACCCCCGGATTTGGGTGGATTGTTAAGGCTCTATGGTTTTCTTCCTGCAATGCATTGACGTGTCGGTCCAAAAACAGTTGCGTAGAAAACAGGTAGGCACATTTGTTGAACAAGGGAAGGGTACCTCCTGCTGTGTCAAGTCGCGCTGACGCGTCATGCCTTTGTGAGCCCTGGAGGCATAAGTTTCGGTTTGGAGGTTTTATGGATTCGATAACCGGTATCCCTCCCGCGAGCCAGCACTTAGCCCGCAAATGCGGGGCGAGTTAAAGATGTAGAACTTCTATCGTGACATTACAGTTTCGGATAACACTCAGGGTCGTCGGATAAGCGTGCCCGCTTCACCACTGGGTGTCTTCCGACGAGTCCGTGTGCGCATGGTTCCAAACCAATACATACTATGTTGCCTGTACTATTAGCGAAGAGAATGGACCGCCCTCATGAAGAAGGTAGTGCACAGGCTACGGTGCGTCCACTGGATTGCATCTCCTTCCGGCAAGCCGAATCTAGACTGTAAAAAGGGTATTAGTGGATCCGTATGGATTGTCTGTCCCCCCCTTGCGTGCGGCGGAAGTCGGGAGTGACGTGCTGCTGCGGCTGTCCTCGACATCTGCGCAAGCTTGAGTTAGGAGAGATTATCACAAGGACTACTTGAGTGCGCACGCAACCCCAACTCACGACCGCACAACGAAAACGTATGCTTCCTTGGTCTGGAGCCAGTTGTATAGGTCTTCGCAATAAATAAGGGGTAGGCAAGTCAAGATGACTCCTCCTCGGTCCCAACACGCCCGAACTCCCACGGGCCAAAATTCCAACATTCAATAGGCCTGGTACACAAACCGTTAGAAAGCACAAGGTCATGGATAAGTTAACTCAGCTAACAGGAGGATAAGGCTGGAGGTTCTACATTGGTATTCTGTCATCTAAAACATTGTGCCAGTTACCCGATGCATCGGCCAAGACAAGCAGCCTCCGGGTAAACCACGGGCCCGCCCTATCCTTCGGAACCTGTAATGCCCGCTATTAC,1675,50.39,Mus musculus
SEQ_593952,TGTCTGGGTCAAAACCCGTCTGCGACTACCAACCAAAAAATTACAGCGCTGGGTTTCGTAGCCCCCACCGTAAGCTGTCACCCGACTCCACCAAGTTCCGTACCCGTCTGGTGCATACGGCGTTCACCGCCAGAATCTTGAGACACTGGAAAATTACCTTTCTGTGACTTTAGAATCTCCCAAGGGTACTCTTCCTCACAATCCATTGCTGTCATTTGGTAAGCCCCCGCCCTGAAAGGGAATAATAGCTCATCGGATCAGTGGTAACTTTTGGTCCAGCACAGTCGGGTTAGTGTAGCATCAGCCTGTGTTTAGCAAAGCCTGCAGAGAACACTCCATAATG,343,50.15,Homo sapiens
SEQ_964648,AGACGCACGGGTCGCCGTTATACGGCCGTAATTTTTTGTGCCTTCCCCCTTTTTTTCCTTCATTTCCGTAGCCATTTAATCGGATGTTTACGTGGAAGGCTCACGTTCCATCATTCAGAACTCCCAGAATATAGGGTGTGATATATTACATCAGGTGTCCGCGGGAAGTGAATCTGTACTCTCAACATTTGTTCGGCGCCTTTCAAAATAGTCTCAGACCGGGACAGCAGTGACCATACTATGGTACAATCTCCGCGGGGGACATTCTTCAATTATACGTCCAAGCGTTGGGCGAGAAAACGCTCCATAAGAACAGCGAGAGGCGTTCCAGAGCCGGAAATTAGCTAGTTAGCGTCTGCTGTGCACACGTTGGCACGGCCTGTATCTCGACGTACTCGACCAAGTGTGACTCAGTTAAGTTTAGGGCGCATTACCCGAGATTCAACCTCGTCACGCGTTGAACGACAGAGTGATGATAACACGGGTGGTTTAGGTGAAGTGCCTGTACGCCGGGCGCAGTAAGTATTCTATCCAGACCCGGTATATTGTAGGAGACTAGGTCGATTGACACAATATGGGATCCCGAGGATCGAGAAGTACTGACTCTCACACTAGCCCAACCATATTCGACGATATCAACAGCGCCCTTTGGCTTCGTGGGCATTAGGTGCACATTTCCAGCCAAATCCCACTCATTCCGTTTTTGGTGAGGAGGGTTACTCGGTATTTCGATAACAGATTCTCATGGCACACACCGGTAGTTTCCCGATTATCGGATCGGGGCGGTGTTACTTCCGAGAGACCGGCTCGCTGCAGACCACCTACAGGAGAACCACTTGACAAGCTACCATTGTGCTCATGGTCCTGGTGAAATGCGGCTGTCTGGCTCTCCGTTAAATTAACTTACCTATTTGTGCGGCAATTCAGGGGCGAGACTGAGAAGATTAATCACGTAAGTCGGATTCTCTTCTACCCTTGCTAGATGTCCGCTGTGCGTGTACTGAACGGGGTATGAGTCCTGGTGATTAAAGTCTGTTATTAAGCTGGGTTCTATTAGATGTCTATAGCATTAACCTTCGTTGGCCTTAGTGAGTAATTATATAGGGGCTCCTGCTCCCAACGCCGACCCGCTTATGCATATAAAGTAGGGCACCGAAATTCGGAAAGGGATTTTTCAGCGCACATCCTAGGGGTC,1195,49.12,Escherichia coli
SEQ_979784,GCCACGGTGCATAAAACCGAGCCTATGAGGTTCGTCAAAATACTCGCACCCCTGGTGTACAGCATAATGAGAA,73,49.32,Homo sapiens
SEQ_209033,TCGTTTACTGTCTAGCTTCTATCCTTTATGCAGCCATCGGTAGACTATTCAATCCCCACGACGGCTATTCTCCAAATTATTTAGAAGCGGCAACATTCCATACTCTAACGAGTTAAGATCACAGCCCTCCCGATAGGCTTGGAGGCGTGCAGATCACGAGGTAGGAAGAGGGATCTGTTTGGGTCAACTTCGGACTCCGGCGGACCTAGTCCCTATTCACTGCTCGGTCCTGCGCAGGAAGCGTTTGTGGAAGTGAAACGGCCAGTTGCCTTTGCTTCCTTTGTGCACCAGAGTCCAA,298,50.67,Saccharomyces cerevisiae
SEQ_474378,TGTGGTTTGCTGAGGCCCCCAATAGCCTAGGAGTTTAACCAAAATCTTACACCTTCATTTTGCCGCCCGCGGGACGTTAAGCTCAGCCGTGGGAGAGTACGTTAGGAGTCCATGCTCAAAATCGCACCCCGATTAGGTCACTGGAGTGGGTACCGGCCCATGCTACGCGGCAAGTGGCACGGCTCCCGATTGCAAAGCATGGCTAATGCAGTATGGCATCCCGTCTCTTACTTTCCGAAGGCCCTGTAGGTTTGTCCTAGCGGCCCGATTCCTGGCCACAAACTCCCCATCAATAACCCTGATACAACCCAAGTTACTACCGATTCGGTTGGCATTTAATCGTACTGAGTAA,352,52.84,Arabidopsis thaliana
SEQ_880352,CCAAATTTGAAGCTGTCCAAGGCAAATTAATCCTTAGAAGGGGCGACTATTCCATGCACTCAGAGAAGCCCCCTCTTTAGTTAACAAATCATATTTGCTAGACCGTGGTAAACCATGTGAGTCACAGGAGTAGTTTACATACTGTGCACAGATAAGCAGAGACGCCTGACCTATCTCTGCATGGAACACTTCGTGATAGGCCAAAGGGGTCTCCCCGTAGTGAAGCTACGCCTCTCCCGACCGAGTCTCGCCACGCTGTAAAGCATTGCCCAGGGCCAAGGCTGCTCAGTGTTTTGTCGCCGTACGCATACTGCGGGTTAGACCCGACAAGTCTTACTCTGGTTAGGGGCTCGCCGCAATGTACAACGCTACGTGAACGTCGACCGGTGATCGGAGGTTGCCCGTAGGACGCGTCCCTGGAAGTTTGCTGTGCCAAACGAGATGAGTGAGGTAAATCACCCCCTCCCATCTAGTTCTGCGGACCTATTACTCTACTTTTTAGGTAAATCCTACCAAGACCACTTTACGCTCGTCCCGGTTGCTCGATATTCTCTGCGGACCCTAACCCGATATACGACTAAACCGTTGTAGGTTGGCGAAGCATGTCTATCCATCGTCGGACAAATGTGCCTTGCCTTCGGGCGCCGTTGCGCCCTGACTTATTCTCCTTCCCTTAGTATGCAGTAGTACACTTGCCCAAAATGGTAGGTATTGGTCTTCATTACGGCCTCAGGTATTTCCCCGCACACATGATAACATGGGTAAAGACCCACCGCGGTTCGGGACCTCATAACAATAGGCCTGACTTCGCGTAGCCAACGCTACGGAGGACCACCGGATTATACTAGGGCCGGGCCGAGAATGTTGGATTTCCCTTCTCGCTCGATATGTAAAGACTGCCTCCTGTAAGCGTTCCTTGTGCGATTAGACTTCTTTCTAGCTCAACGATGTAGTTTCTAGTAATCCCCATACGTACCTTATCTTACCAGAATAGTGATCTTGGACCGTACGAGCTGGGAATGAGCGGTGAGGACCAATACCTGTGCACCACGGGCACATCTCGAGGCACACGGGGAGTTGAGCCCAGGTATATGGATCGATGATCGCGGTAAGTAAGGTGGCGGATGTACCAGGGACGATAGCTCTGGTATCCGAGCGCACAACGAAACTCTTGATCTGCCGCAGACGGAATCCATACCCGAAAACCTTCAGACTAGAAGGAACCCAGAGAATAGAATTCGCCTACGTCGGCTTTAGAATAGCCTACATACAAACTCGGGCACCGTGCACACGGTGCTGGCTCGGTCACAGACATCATGTTAGGGTGAGGACGGGCCAAGTGTGCCCTGCGTAAGTGTCGGCAGCTGAGACGTTCGGTGTCCAAAATATAGCCCCATCACTCACTCCCCTTACAAACGTGGCTAATCGTGTTCAGGTGGAAATTCTTATCACTTGGCTGTTGTCACATCGCTCTACGACTTTCTTCAATTGGACTGGCAAATCCGCTGGGGCGGATGATCGACAGAAGCACTGACCGCTCCGATTGACATGTGGAGTCTTTTCGTTGGGCCTATGAACACATCGCGTCGCATTCGGCGTCAAAGAATATGATATCGGCTGGCGACAATGCCGTTCTGCAGGGACGCAAGCGACGGGTGCGAATGGGGAAGCCCTTATGGTTCTTCCACCAAAACTGGCGACGTACGTTTTATGTCCGAGTATGAGCAGCACCTTCCACACCAGTGTATGTTGCTGTTTCCGGGTGATCCGTAAGTACGCAGAATGTGAGTGTGAACCGCATAATCTTCCTTTGTCCCGCCTGTCATTTCTGACTCTACCCACTGGATGGTAGCTACCCCCGCTGCGCTCGATTAATTGTGTATGCAG,1887,51.72,Saccharomyces cerevisiae
SEQ_718912,GGGAGGAGGACGAGGGGTTCCTTGGAGGTTACTTCTTCTGGAGGCTATGTCAATTCAGTTGAGCTTCAGTAAGTTATCGGCTGGTAAGTCCCCTAGCTACACCTAAGTAGAGGCCCTTGTTAAGCAGGCTATTAGAGATGAACGACCTGGTGCGTATTCCAGGCTCTTAATGTGATACGTCTCACCGATAGGGTCGCCAAGTAACAAGTCGCGCACGCGTCAGGATTGTACCGTCACAAACTGTTTCAGGTAGTTCATTGTTAGGCAATGGCGCCCGAAAAATGTTGACTCCGTTCACCACTCGGATCCTAGCGGGGGTTTCCCAACAAAACACGTACGCGCCGCCGATAACGAGGTTCGCTGCGTTATAGCGAGCCTCCAGACATGGAATTCCGATCAACTCTGCTAATAATCCGTAAGTCATTCCACTCGAGAACTCAGATTCTCCATAACCTGAAGTTCCACCTCTACCAAAGGTATTCGGTGAATCGTGGGCCAGTCAGCGTGTTCACTAGATGGCGATGCTTCGCAGCGACGATTTTCCTTGATACATGCCTCTCAAAAAATACGCAGGTCGATATGCCCTTGACGAACCTGGATGCCCCCCCAACTAGGGGTTAGGAATACGAAACGGTAGCCCAAGCGACCAGTCCTTTAAGATGACGGCTTAGCTGCAGACCAACCCCATTCAGACATTTAGACCGATTGACGGGCCATTCAGTAAACTGTGGACCGCCTTCCGGGGTATGTTGCACTAGATACTCGCTTCACGCGTCACACGATCGAGCCCGCCCACCCTTGCTGGCTTATATGAGCAACTACTGCTGTGTCCGCCGTGGCCGCAAACGACTTTCGACTTACCGGGCCCATCCCACAAAAATTAACTTTGGTACACGTTGGGAGCGAACCCAGGGCGCGCGAGTTCGTCACAGTTCTCAAACGGTACACGACTAAACGTAGGAATTACAGACGTGGCTGCGACTAGCGGTATCGTTCTCTACTGGCATGTTCGGTTGGTGGGCTTAGGGTTAGGGCTGTTAGCGTAAGGTTTTATCAAAGCTGGGCCCCGAATAACATTTCGATCGAGCCAGGAACTGTCGTTCCTGGCACCAGCCTGACAGCTGTCTAAAACCGTCTTCCTTAGATTAAATTTTGGCCGGAGGTATCAGGCATGGTTGCCTTGATCCTGAGCCGCTCCCCGTTTCGTTAACCATACATGCAGTTACCTGGGGCCCGAGCTAATGAAAAAGGTCCAGGTAGGATGCCAACGATGCGGCTCACGTCCTAGTGCGGACTCACTCACATTTGTAATGGTGGTCAATTTCATCTAGGGTGACTGGGGTTCGTACGTGGCGTTGGGTGATTGCGAACGTTTATCCGTTGAGAAGTTGCGCGTCCCTATAGAAGAGTTATCTCACCCGATGAGCTCTACTGCGCCGAAGGAGCCCTGGCTAACCTTAGCGTCGGCAGGATGCTATCCAATTGCAATAAGTCCGCCCGCCATGTGGGAAGGAGGGTGTCAGCGTTATTTTCTAACCGGCTGAGGGGCACAGGTTTATGTTCTATTCAGACTACTC,1577,51.81,Mus musculus
SEQ_715908,ACGTATGGAAGGCCACATGATGTTGTTCGCCGCTCATATCATAGAGTCTGAGGTATGATTGCGCGAGCTTAATTGATTCGTGGGTCAAACTCTATATACTCACAGAACAATCTTGTAACTTTCGGTAAACCCCTGCTGGCGTATCGCGTCCGGGTAGCGTTCACAAGAAAAAGCAATTAGAGTAGCCTATACCTTCCAATACATAGGCGTGCTCGTAGAAATATCCCCCCGGAGAGTTTGGGTCTTGTCCGTGAGGCCGACAGTCCCGAATTGACTGCACAAAGATTAGTGCTTGGGATCACAGCAATGCGCTACTAACTTTGGATGACTTAGGCACAGGGTTGGCGCTACGTTCTAAGAGCTCCGCTACAAGGGGGCATGTAAAGCGCCCCGCGTTGTTCAAGGTTATCACGTAGGGGCCCAGGGCACTCACAGGTCTACAGGAAGCCCTAGTAAAGGTCTACTCACTAGATCCAATTGAGGATTCTAAGACTCACAGACCATCACTGTGGACACCAACCGACCTACCGGACGACGACGGTATAGTCTTCCTACCAAGCGCAGATCCAGCGGATACATTATAATCCTCACGCATAGGTTGATGCTTTCCATAAATCTACTTGCTTGCGTGCTAACTAAAGTTAAATGACACATGTGACCACTGCTTGCTATCCCCTCAGTAGGTCCGCACACCATCCTGGCCATTGTTCCCTTAGCCCGTACAGGCGTGGACGCTAAGGTGTTAGCATGGCCAATAGCCAAATGAATGCATACGAGCGGGATCGTATCACTTGAAGGGGGACTATGGACTGCCGAATTCAGTAACAACGAAGATTTACCTAGTATTAGGTTTTCACCATACAGGGCACGCAAACGGCCCTGTCGCTGAGGTGAGAGCGCACTTAACGCCCGCTCTAGGCACGCACGTGCCTGGAACTAATTCTGCCCTAGGCGGCAAGCTGCCTTTAGAGGCATTTAATCACTACTGTGCTAAGGACTTTCACTGGACGACAGGGGTGCACTACGCAGTCGGAGCACCTCTGACGCATTCATTGTGAGATTATTTGCGCTCGAAGTATCTTTAAAGTTGAACTCGAGATCACCCACGGGCTGCTACAAATGGAATAGAGGGGACCGGTGTATTCGGAAAGTCGATTGAGGTCCGGTCATGTGCCTCTACGTTGCCGTGGCCAGAACCACCCACGAGACCAGAGTCCAGTCTATAATCAGAGGGGGCCAAACCCTACTCGGAGCTTGCTCTGACATAGATCATGCCTGAAACATACTGTACGACGAGGACCCTGATTAGCTTTCATCGAAGTCGAAACGCATCAGAAAAATCGATCAAGGAAACGACTTACGGCGGTGGGCCGAGGGGGCTCAGGCATCTGTCAGTGAAGTGGGCATCAGCTTTACACGGTTGTGCATGTGAACATACGGGACCTTCTGGCTTTGGGGTCTATACTGCATAGGCAAGCATTTAGTCCTTGCATCTTTTCACCGGAAGTGCATTCTACAAATTCCACGCAGGGGGAGTTTAGTGGGCAGTGTGGCCTCAAAATTAAATCATGGAACGATGAGACCATCGCGGATGATACAGAGACGTGTATTACAAGACCTTCCAGCGCCACAAACTACCGCGAGTGCCCATTTTGCGGCCCCCGACCTGCCATGTTGGAAGAAAAGACCTGGGAAACCCCGTGTTAGCTCAACGAGACCGTGTGGTTTGGCTCTGGGAAAGTCCGCTCGCCATCGCGAGGGGTCGAGGGAAAAATGAGTGTGAACGGCCGTCGACAGGATGCTACGTGAGTCAACAGTTATTGAAGAAAAAGAAATTTAAATGTCAAACATCAGCAAATGCTTCGGGATTCGACGTCAGGATGCACTCAG,1890,50.48,Drosophila melanogaster
SEQ_617117,TTCTTAGGCAACATCCAGTGGGAGAAAACAATAGGCCCCAATAGCCGGGCAGGATATTTAATTACCCTGGAAGTGTCCCAGCTGTTCGCTAATCAGAACTTCGGGGTATCCTGCGGCCGTATAGGTCAACACCACGAATGCAAGTTTAATGATCCGAGTGGTAATTTCATAATAGAGCATTTCTCGCATCAGGCCTGAGCTGACGATTTGTCGTATCAACGAAGCCATAGTGTAAGTGCCGAGAGGGTCATCGCCCACGTATGTGAGCAGCCCACTCATAAACGAGTGCTATGTACCAGGTAACCCCAAATACGCATCATTTCCTTTGGATTGCTGCCAGTCCCAGCTCTCCGCTAGCCATATGTTATTAGCCACTTCACCCACGCCCGTATTCCCGGCTCCAGCAAAGTGGTAACATGCTTTGAAGTGACCCGCTCGACTGACTTTTTGGACATCACCCGGTGGGATAATCTTCGGTCAGGGGCTATTTCCATTCGGATCATTGTCATGAGCTAACGGTCGGCAGTGCAATGACTCTGGGCGGTTCCACTGTTTATAAGTGTCCCTGAATGCAAGGTCGATTATTCCAAAATTACAACGAGAAGTCAGTGGCCGTACCTTAATATTACCAGGATACCCGGGTCACTTACGCTACAGTCAGAGATGCCGCATAAAGAGTGATCGTGGTTACCGTTTCGCCTCGATATGTCACTCAAGACCGCGCCAGTGTGCGTGGGTTTTGCAACATTTAAGCATACCCCGAAAGACGTGCCCCTACAATGTGGGTGGAATTCCACTCAGTGCAGGCGCTTTCACGTCTGGTCGGTTCTCTGAGAGTATTCTCCCTGTCCCTTAATACCCTGTAAATTCCGTACGTTATTAGAGTGCCTCTGTGATGTTGTACCGCATTGTCCAGATGGCGCGGCTTGCCAGATGGCTGGGTTTCAGCGCCGAACACAGACTCTGTTCCATAGATCTCGTTATTGAGTATCCGAACTAAGAAGCGTTTTAACCCTACAGCATCCTTCCGGAAACCTCTACGCAACACTTCATTATTTGCGGTCCGACATATTCAAACTTATTACGGACAGTAATACGAAGTCCGGAAAAAGTACACAGATCTGACCCGGTCTACGGTTCCTAATTGGCCCTGTACCATAGTGCAATGCGTGCCCACGTTTACTACTGGGCAAAAGATTCAAACTCGTATACAGTAGATCCGACCCGAATAACCCTGTGAGACGCCTCCCCAGCACATCGTGGGTCGGTGAACCTCCGAAATTCGCACATTCTTGTTGAGATCTACATACCTAGCCAACTCGTGGTTTCACTGCACAGTCGAAATCGGCAGAGCTCAAGAGACCATGCGTTGCCTCTGCTCTCACAGGATTAAAC,1395,49.18,Saccharomyces cerevisiae
SEQ_169434,TCCCGGCGCAGAGACTCTATTCCAAGGATCCTGATTCGTTCCTTATCTTTTCCTTACATATCTAGCTTTGCTATTCCCCGGGGAGACGCACTGTGGCAGAATCGACAGGGTACTGGCCGTGCTTGCACACTTCGCTCTGGCCCAAATATCGGGCTGCTAACCGCCAGGAGTAAATGCCCTTTGTATTCACATTCTCAAGGCGCTGACATA,210,51.43,Escherichia coli
SEQ_176926,AACTAAGTCGAGAGGACAATGAACTGCCGCTGTCCGAAATGTTATCCCAATTCCTAGGCAACCGGCGCGACTCCGGTTGCGCGGATGGTCGCTAAATCGGTTCACTACAACTACTCCACGGGATCAAGGTTGTTTGGTCGAACGTAGGTCTGGGCTGCAAGGTGCAGGTACTCGGCATCCGATTTGCCGCACAACATTAACCCATACAGCGGCCATCGGTTGTACTGATTATAGCTGCTTGACACGAGTGCGCTTTCAACTAGTTTGTTCCAATGCAACTCCGCTGTTTTCGCCGCCTCTGAGTTTCAAAAGCTGACCAGATCCCAATGCCGTACAGGCCCCGACGCTTGCATCAGCTGCATCGACTGACTATACGCGGCAGATCTATTCTGGCATGTTAAATTGGGCGTCAGCTTAATTAAACTCTCCTAACCAACCCTCACTCATACCGAAATTCCGTCTGTCCTACTAGGTGCACCGAAGAATTAATAGTGGATTCTACCTGGTGGAGTTAATCCAAGAACATATTATGACATTGGTAAGATGTGATCTGCTAGTCAGTACACGCGAGCGACGTTTCAAGTAAGGTGACTACATAGATACGGCTCGGCCCCGATGACTCTCATCCGATTAACAGACCCGGATATCCGCCGGATGGGTCAGAAGATCGATGTTTGAGCAGTGCAGACCAGTAGCGGAGTATAATAATCCAGTACGTATTGGCATCATTGCTACTCTAGGCTATGATCGTACCCATTATCGGTTATTTACACTTTCAAGCTGTTCCCGAATAGCTAACGGCTCAGCAGTGACCTACAATAAAATCGCCCGCCTATTCTAAAGAAGACCTTATAACTTCCTCCAGAGACGATCCATGTCAAGTGCGTTGTCTGTGCTAGGGACGGATATTTTCAAAGGGGTCGTGGACTAGGCTATTGAGCGGTGAGGCCAGGAGCTGAACCCATTCGTACTCCATATCCTCCTTCCGTCCGTGACAGCCGGCCGTTAGTGCCAGAGAGCGTAGGTAGCTCGCCGATGGGCAGAAAGAAGTTGGCCACCTTACCGCCAGCTTGGTTAGTCACTTCGTAACAGCAAGGTCTCTACTCATAACTCTGGTGGCTACCTGGAGACGCTGAATCTGCAAGGCACGCCGCGTTCTACACGTCCGACCGTAGCAGCAGCAACTTGACTTGCAAACCCGAGTATTAAGCAAGGCTCTTGTGACGGACCACTAGGCGCCAGGAGTGAGTTAGATGAGTTGACAGAGCTCGGGCATACCTATAGCGGGCATAGACGCGACCCAAATTAAGGACTATGTAACCTTACTGGGTCTCTGCAGCGATTGTCGGAGACAGCCAGCAACCAGTTTTCCTCCTTAAACCATGCGCAACTTCAAGGCGTGGCTTTGCGAAGTACTGAGCGCTCCACAATGTATGTGGTCTTCCTCGCTCCAAATTTGCACTCGGTCCAGCCCGCACAGGTTAACTTGCCTCTCAGTGGATGAACGTGGTTGCATCCAGCGGGTG,1526,50.85,Drosophila melanogaster
SEQ_920599,TCTTGTAAGCTCTAGAATCAACCCCGTGATTAGGGCCTGCGTGAGGTTATGTAATACTCGGCGCAGCCCTATCTGTACCCTTCGATATCCCAGAGCAGTTTTTATGGGGCGACGTGAGCGCTGAGACGGACAGTTAGTTCAACTGGGCTAAGGGTGGCAAGCGATTAAGGCTAAGAAGATTCTACGGAACAAATCCCGAAAAGCCACTGACCGAACGACAGAGGGCGAACTCAAGCACGTCCCCTGGTTATGAGCATAGGACTCTTGTGGTTCCTCCCCCGCTACAAGTGCAGCTATGAATGCAGACGAGCTCACCACCCACCGAATGCATTGAATAGTTGCTACAGCCCAACTTGGCTGCGTAGGAAAGATGAGCTGCGCTCCAAACGGGCACAGTAAATTGGAAAGAATGACATATCACAAATCTAGAGGCTTTGTCGTTTCTAGCCGTGCAAAGAAGTGTTCATCCGCGAGTCAGCGGTTGATCAGGCCCCGGTCGGTTAGAATGGACTAGATTCAAGTAACCGTGGGTGTTCCGTTCTTGAGGCAGCCTAATCAATCCATGGACGGCTCAATATAACCCCAACGGCTATTTGCTCCTGTATCGGATGAGAACCCAACGCACGGACGGCTCCCTCTACAACAAAATAATGGGAGGGCGTGGCACACTAAGGTAAAAGTCTCTCGCACCCCAATAATGCGTGGATGTTCTATGCAAGCGACGCCATTTAATTTCTTTTTGGATCATCACCGCCAGAATAAGCACCGTCCGCCCGAACCCTGTTGCTCCACTGAAGGAGCCGTCCTAGTATAGCCAGATTCTCATAGGGTGCGAGTACATCAAT,845,50.65,Saccharomyces cerevisiae
SEQ_920122,ATAGATGTCGTAAGTTGAAGCTAGAGGACCCATCCTTGCGTTACTGTCATGCATATTAGGGACTTCCGCAGAAACCAGGCCACAGTTACCAAGAGCATGTATGCCACTTATACCACCTATCATAGCATGGGAATATTCTACTGCTAATGCGCCGTGACACGCGTGCACTGGTTGACCATACAACGGTTTGTTGACGGATAACCCAAAGTCATTGTCAGTGTTGCGGGATTCGGCTTGGAATATTGGTGTAGAGCTTCGGTACGATCGTGACAAGTTAGGGGTTAACCCTATGACCCGGAACGTCATCCCGTATGTCTGTGGCAATACATGACGTAATCCTTTGGTCCGCAGTTGAGAGAATTCCGTTTAAGTTTCAGTCCCTACTAGTAGGACCTGCACCACGGCAACAGAATAACACGTGGATCGGCAGGTCATGCGTTGAAGGGGGCGCTCTCTGTTACTCTGGACCTTTTACAGTCATATTTGGATTAAGGCTGAAAACAAGATCCATGCATGTTTAGACGGGTGGATCGATACCGCGTGTGTTGCGTATTTGTGCTCGGAGTCGCAGGGTATAGGTTCAGTTGGCTCGGGAGTAGAACTACTTGCGGTCTAAACGCTAAGACGAACACTCCAGTGCAACAGATGACGACATGGTAATCTTCAGTTCCCCCCTGACATGTCACAGATGGAAGACTTGGTGCTCGGGCGTCATTACAGCTGCCTTCGGGCTGTTGGTCCCCGGTAACCAACCAGTCCCTATATTCTATATAAACGATAAGGTGCGATCTGTTCGCGATTTTGGGGCACCGCCATTCCCGTCCCCGTCTGTCAGATCCTCCTAAATTCCAAACACGAGACCCCATTTGGGACTCGATTCTTCTTGTTGAAAGGCCAGATTACGAGGAAGGCCACATCGGTTGGATGCCAAACTGCCTTTTTTTCTATTTCGTTGAATGTCGTGTGCCTTAGATTTAACGGTAAACATCACAGCCATACTAATATGGGTGTGAATTATAGATTTTAAAAGGGCCCTCCGGCTAATGGCATCTTTCAGACAGGCCAACCGCTAGCAGGAGTGGGGCAACTCCGATTCAGTGTGGGGTGCCGCAGCATGTGCCTCA,1124,49.02,Homo sapiens
SEQ_808406,TGTCGCGGCCGCTTCTTGCGCAATCACTTTGAATAGCTTCGCGAGGTGACAGATTCATGCATTCTCAATGCGATCAACGAGGAGATTTCAGAGAATGGCGGCGTGGAACAGTTTATGTACGGGCAATGCGGCGAGGGCAGGATGGATACGACGCCCCTCCTGGGTGCAGACTATAGTTTAATTCCGCGTTCCTCACGAAATAGCGCTGATGAAAAACACGCACTTCTTGGACGGCACCACACAATTCGAGCTTTGGTACGAATGAGTGTAAGTTGTCATAATGGAAGTAATGAATGTTTCGACTTGCCCGAATATCAGCGCTGCATAGAAGCTGCGCACGCTTCGAGGGTATGACCATATTTGTTTAAATGTCGTACAGCTCCCGGGAACTTCACCATCTACGATAAAAGGGAGGCCCGGGTGGTTGGGAAGTCGAACGCTGAAAAGATCCTATTGAGGCCAACTCCGCTCTCTGGCCCGTCTCTCAAGAGACGTCATAGGACTGCATGTGCTGGCGACTGATTCGGATCTTGCCGATCGTTCGGGAATATAGTACCCTATGAAACGCGAGACCAGATGCACGGCACGTAAGATGAGACACGCCTAGACTTATTAGACGGATTGTTTGACTGAAGTCTTAGTCACCCGGCCCGTTCACGTCCGCGAAGCGCGGAAGCGGGGATCCCCAAATTTGTGCTACCCTAGACTCAAAGTCGGGTCTGGTTGGATCCTTCACTAAGTGTCCCAATC,750,51.2,Escherichia coli
SEQ_785139,CTACGGGGCACTTATAAGAGAACAATAACTCAGGTTCCTGGCCCGTAGGAGGCAGCACCATTGGGGCTCACGTAACGGCCCCCTTGAGCGGATCTAACGATTGATGTTCTCCTATCTTACCACTCGGGTAACTTTTCCTTAATGCTAAGGCTAGGCAAGGTGTTCCACCTTCACCTGGAAAAACGCTCTCCGTTGTATGATGCCCGGCCTTCTTTCGCGCAATGCTGGATATTAGCAGTTGGAACATACAGGCCCAATTTGCGGCCTGCGGAGCGATAGTAACTCGCACGCCGTCACGCTAGCTAAAATTGTAGCTTTGGCTCATAGGTTCAACCCGGCGTACTCCGAAGAGGGGAGCTTACGCGTACGTCTATCCTGATAGGGGTGAACTCAACTCGGCACGACGTACATCGTCTTCTGTGATGCGATCGTCTATTTCACGCGCCACCGAACGACGTGCAACGGCGACGGGAACATTGTTGTTGGCTGAAGTTATGCTCAGGCGAGTGTTTATATAAACTAAGAATCATAGACGATTCTCCCTAGCGTACTTGGTGTTGGTACTTTAGCCAGAGGATTTTATGATTACTCGGTCGAAATGAGGGAATGACATAGATAGCCACGGGGCGCAAGATCGAGTTGCAAATCTTCTACTCTACTACGTTTACCCACCCGGCATAAGAAAACTGACGATCTCACCGTGGCGCTGACTCCCCAAGCCCCGCGAACCATGTGCAGAAAGCTTCTGTCTAGTAAGATCCGCCTTATAAAGGTTCAACTAGCATGGGGTAAGCTATGTGCGATCCGAGTGCATTCTCGCACACAGCCCGCGCCGAGTAATTGCTACCATATCTGACAGGCTTGATACTGAAATCCTCCCCACGTTACGATTTCGTCCTGCAGCGTGTTACATGTCAACACAGGGTACTCTATCATATAAGTGCGCCTAGGCCGTCGGTCGAGGGACGGGCCATAGGCCACTGGCATTTCAAGGTTCTAGCAGGAAGGAGCTAAACTTCTCAACAATCTCCGTATAATGTGATAATTGGTGCTCGGATTGTGTCGATGCGAGCCTGCACGGATTTGATCATCAAGATCCGGCCAAACTTTAAACAACCCTGGCTCGTCAGCGTAACGAAAGATCTTACCGCTACGACGGACGCATAACCATGCAACAGTAGACAGGCAACATGCAGGCTAGTCGGGGGAAGCGATAGTCCAGAGGCAGGTGCCGCATTTAGGCTGTCAAGGTACCCAGTGTCCGCACTAATGTTTGCAACGTTGGGGTTCCAATTACTTTACCCCATCACCTGCATCTGCGGGTGTTTCTTCGCATCAGAACAGATCTAGTTGATAGAGCACTCTGCCCTGCAATATGCGAGTATGACCGTTAGCTCTGTGAAGCGTCTCTATGA,1415,50.6,Saccharomyces cerevisiae
SEQ_805915,CATGCCTTTTGGAGCTCATGAGAATCTCCCCTTGGCAAGACCGGGATTCTAACTGCCTGTGTCATTCGGCTATACAGGAGGTTAAAAGACCCGTTGGCGTTTCACACAACAGGGTAATCGCGTGAAACATGTATAAACATTGCGCCTTGGTACGGGGTGCCTAAGGAATTGTGTCGCAAATCCCCATGTTTCACGATGCCTAGCACTGGGTCCCGGCACCCATACAGTTATCTGTTAAGAATATTAAAATCGGGATATCCTAAAAATCGCCCTCATACCGTATGGGCCTGTACCAATCAAGAGTCATCGGTAACCGTTGAGCCAGCTGGGGGTTGCAATACGCCGCATCCC,351,49.57,Arabidopsis thaliana
SEQ_962141,CACGGATCTTGAGGAGGCTCCCTATAACATGTATTGTTTCGAGACCAATCTGTCAGTCGCACTAGTTTGGCACACCCTGAACGTTGATTATCTCCGGGGTTAGGGTGTTACGTTCTAAACATACACGATCAAACACTATTTCAATATGTTGCGTCCTTGAGTCGGAGTCACCTGGCAGACACCGATCGTTGCCGACGATTACTGCGTGGTGCTAATCATCCCTAGTACAGCCAGGGCCGATCATGGTGTAGCTAATTAGGCAACAGCTTGTATCGCTTGAGGGGCGGCGCTCGGACACGGTTAAGGGAACTGAGGACGCGCGAGCGCCGGGTCCTAAAGCTGAATAGCATTCGTGTAGCCTCGGCCGATCATCGGTCTGCCCTGAGCTACATACGGGTCATAGCTGCCAGGC,412,52.91,Homo sapiens
SEQ_891071,AGGGCCCTCTTCTTTGTAACAAGGTTCCGTTTCATCCCTATCTGCTACTAGGGGAGTAAGAGGGTAGCGCAGCTACTCCTCGGATTACGCCGAGATCACGCGGGACTATTAGGAAAGCGCTCGGGCGTGAATAACGTGCAGTGGAATTCTATGGGGTGAAGACAGCGCAGCGAACGACAAGTAAACAAACATGGGAGCATCCGTGGCTTCTCGCATGCTCTCACAGTCCGTCCTCAATTGTGTCGAAGAAGTTAGATTAGGTGCATGCGTGACCGCACTAACGGAGCGATTGATGAATTCCGGAGCCTGTTTGCCCGCACGTCCACCCCTAACATAAACCGATTACTGCAGGGTGCTTCGCTGACAGTGTGAAGCGACTTGGTGGCACGCTTTGCTTCGTTGACATGTTTGACTTGCGCGAATAGGTAATATTGGTAGACCAACGTGGGGCTGAACTACAATGCCCAGTTGCGTAAATAATCACAAGTGCCTCAACCGCTGTAGTGAACTATTCACGACACTGCCTATTGAAACTTCACGATTAAGGACCCGGTTACTGAAAGGCGTCAGAGTAGTAGCCCCCACGAGTCGCTCGGAAATGTGCATGTCCGCAGTCTGGTCGCGGTGACGTGTAGGCACACACGACCGCCAGCAGACGTGATGTCGACTTAACGGAGCTGATGTACACGACTCTAGAAAGTTTGTTCTTCGGCTACTCTATCGCCAGTATGAGTGACATCACGGGGACATCTTTTTCATTCGAGACCACTTCAAGAGTAGGAGACGCTTCGCGCAGCTATATCAATGTATCGTGAATGAGCTGCCAAGGCGCTGCACCTGGCTTAATACACGCTGCATCCTGTAGGGCCACCAAGTAACAAATGTAGCTGGAGCACGCCCAACCGTTCACA,911,51.59,Arabidopsis thaliana
SEQ_701283,AATCACGATAAAGGCCGTTATAGCATCATGGAACAACACATGCTCTAACATTCAACTACTAACAGGGTTCGTTTTCGTGACATCTCGACTC,91,41.76,Arabidopsis thaliana
SEQ_854571,AGTCTAAGCAAGGTGTGCGATCTCAGACCGGCGTATTAGATGTGTTCCGTGGGGCCCAGAACTTAAAAACCAGCTAGTACCGTCAAGTTTAAGGTTTGATTGTCAGGCACGAATTTCTAGATGTAACTGGACAAGGCAATCACACGAACAAAATGGGCATCTCGCAGAGAACCCCTTATACTGCGGGTTATTTGGGTACATCAGTTAGTACGTACACTACCTCTCAAGTCCGCTATACATCTCGTTTTTTTCTAATATAATTCATGAAACCTTTGCTCGCATCATAGCTAGCGACCAGGCCACTGAATGAAACCACACTTCCTACTTAACTCTCCTTGGCTGACCCGTACCCGCCGGAATTTGGGGGCACACATATGGGCCAGCAGACGTATGGGACTTCCATCGTTGCTTGTTCTCGTGCCGCGTCGGTAATGCCAACGCTGACGATTAGTACAGGAGTTATCAGAGCTTCTCCAAAATAAGCCTCCCAGATACCACCTTGATGGCTAGATGCGCCGCTGCGCCTCAACACCGCACCAGCTCTCCGGCCACCGGTTTGCACTTCGGCGCTTAGTAGACGCCACGTGCAAACAGGACACCACGTACCAGGGTTTCGTTAACTTTTGCGCCAACACGAACCGACCCAGGACCTATCGATCTGAGCGTGGTGATGTGATATTTTAACGTGAGAAATGCCGTTAGGCACGGAATATCTGCCGATAAAGTGACAGGGCGGGACGGCGGTCATAACATACAAAGATGCCACTGCACTTTGTAGAGATAATATGATAGGGGTCAATGCGGGCCACGGTCCTCCTAGCGAAGGTCTGTGTACCCCACAAATTAACCGTAGTGGATCGGT,862,50.12,Caenorhabditis elegans
SEQ_250292,TGGGTCAACGTGCGGGACGTCATCCCGGGCGGGGAAGGGCATTCGAGAGAATTCACCGCATAAAATGAACAATTCTCCTTTCAGGCAACGACGTTAGCGTTACGGAGTAATGTGATTAACTATGAAGTCCAAGCGGCAAACCGCATATAATCCGACTCAGGCACACGATTCGGAATACTTTGTTCCGCTAAGACCAGAAGACAGCGCCCAAGTGCCGGTCGGGTGAGAGTCATGGGACTGGCTCAAGTAGCACACAAAACATTAAATACACGCCGAGCCTTATGCTTTACTACGAGACAAGGCCACCTTCCTTTGTGCCCGTATGAGTGAGTATTCACGGCGCGTGATCTGATGATCCTCTTTTAAGAATGAGTGCTAACGAGCGGACGGGCGTTTCTTGCGGCCTCTCAATCCAAGGTTGCGAAGTTCACACTTGCTAAGGTGCTGCGTGCTTGGTATGGACACACAAACCCCAAGACGGGTCCCAGGGGAAGAAACGTCTTGTGAGAGCGAGATACTTCAGACCCGGTGGCACCGCCCGCAACGGTTTTACTAGCTACCCAAAGTCCTCGATCGTCAACACCTTAGGAAGGTGGAGTGGTTACACGAACTCGTTTATGGGAGGGGGGATGCAGTGCACACGAGGTCCCTCGTCAGGCTGCGAAGCTTTTGGCAGGGCACTGACTAATGATGACCCGGCGAATTCTTGTTCTACTAGCCGTGGATAAGTGTGTAGCGCGGAGAAGCTCGCAATAAGTGCTCCGCCGGTGTCCAATGCCTAGCCTGCAGTAGGACAAGTTCCGGAGTTTTCTTCCATTGCTATCGGGAAGTAGAAGGGCATTCTGATTCAATCTGACTTACTCCGCGGTGCTTTAATGCCGCAC,884,52.38,Homo sapiens
SEQ_310293,TGAAGCGGACGTCGTCTACAACAATATGGTGCTAGGGTGGCTAACACACAAATGATCAGAGCAGAGTACGACCGTCAACTCTCCAACGACACTGATGTACACGTACAGTAAAGGCTTCTCCTCCGAATTCAACCATAGGTGTGGGAAGACGAGTGTTCCGCACGAAATGTAAAGTCATGCCTTCCCAACCAATCTAGAGATCCCCTCGCGGGACCACCGAACGCTCAAACGTAAATGCTAGCATTCGTGTAGAACGACCCTGGCGCTCATTCAAGCAACAGTTGGCATATTCGTTGATCAATGGATTCAAAACAGCTGAATATTATCAACACACTGTGATGTGACCTCGTCACCTTAAATTACATATACGAGTCATGAATAGCCACATGACTGCGCATTTCTATTAAACCCTTAGCCGGAACAAAGGGGATGATTCGTCCCAGGACGCATGGGCTAGCCATGTACGGTACGTACCCTTCTAGAAGCAAAGCAGTTAGCCACAATGGTCGGATTAGGCGGAAAAATGCCTGTGAGAGATAAGTTATCGACACTCTGCTCTTCTAACGAGGGTAGGGGCCCTACCGATAATCATCCTGTAACACGCAATTCAGCTGCCCTAGTCACGATTCGATGGCGCTTGATCCTAAAGACGTTTCGAACAGGCAGTCGTCATACATTAAGTGGATCCAGCTAGGCGATACTCATTTCGAAGTCTGTCTCTAAGCTCGGAAGGACGAAGAATTAAAGACTCGTCTCACCACGGTTGGTAGGAGATGGAGAGTCGTGGGAACTGCTTCCGCACCTGATAGCCGGTAGGTGCGCGGAAGCGGTGTTGGTCTAGAGAGGCACGTAGCCTGGACACCTGATGTACTTAGGGGGGATTCAACAAGGAGTTGCATGGTTGACCTTCCATGCGACTCAGAAATTTCATGTATTTATTCGGGCGTCGTCTTTGGGACTCACCGAAAAGGGTCCCAAGTATGATACATCCAGAACCGGCCACACCGTTAGTTCAATAGGGGACCGCTACGCCTTCAGCAGAATCCCCTCCCAGCATCTCGAAATCGACAGGGGTTAGCTCGTGTACCATTCGGCCTCGAACAAGGACACGTGCCACGCAAAGTTCGAAGGGAGTTAAGGATGCCTCGCCGAATTCTAAGCACTCAGCGGGTGGTAAATGTACTGCTTCATTGTCACCGCTGAAAGTGTTTGGGGCTTCAATCCTGGATTGCTATGATTGCAGGCGCACTATTTTTAGAGGGCTGTTTAACATGGGTTTAAGTGGGGCTGGCCGTGGCCTGCACTGAGCCTTAGTTCGGGGGAGACCGACACACAAATATAGCTCGGCAGACGATATGTTCGTTGGCTTCTCGAGACCAAGATACCCTGGTAGTGTTGTGCGATTGCACTGTCGACCTAAAGGAGGACTCTAAGCACGGACCGCTACTACTCTAGACCGATGTATGACGCCAGCCTCTCGCCACACTATTCTCCAGAGTACAGCATACATGAGCGGATTTTAGCTATGTGACTGGCGATGGACACCCAGCGGCTCCCTCCCCCAGTGCGCGTTGGGGAATACATCGCCATTTGGAAACAACACGA,1605,50.4,Arabidopsis thaliana
SEQ_765731,CTACTTTGAACTAACATAGTAGTCCTTATTAGTGGACTCATATCGGAGTCTGTGATAGCGCCTTTATCCCCACTGATTTAGTCTAAGACGGTTGACTTGCCTGCCACGTGCACCATGGACGAGTGGAAGAAGCTCCTATCCTAGAGACGCAAGTCATTGTCATGGTATCTTACACCTATCGGGAACTGAAGGATCATGCGCGAAAGTCCATCCATCTACCATCCCTTAGATAGGGAGGCGCTTGTCCTTGTGGTAGTATTAGTTCGACCGGTTCTCGAATCATAAATGGAATAGTTTCCAGCCTGCCATCTCTGCCCAGTAATGGGGGCGCAGCCTACACGATTTGGCCCTCTAATAAAAGCAGCCGGCAACTTTACTGTTTGTATACCTTAGAGGGGCGCCGTTACTTCCCCCCGCGCGTGGGATTTGTGATGTACTAAAGGATGGGCCAGATCCGGTTCGGCGTGTTGAAGCAATGTATTGGATGACGGGGCGAGAACATGAGTATGGCTAGGCTCGAGGCCGACAAGTAAGGTGACGCCTGCTGAGACTCTCAACTGGTGGTTGAAAAAATCCCCCCCGTGTTGGGTCGTACGTCGTGGAGAATGTTATTGCTCGATTACTTGTGACCAGCCCCATGCCTCCCTATTTGGTAGGGACATGATTAGGCGTTAGGATAGCTCAAAAAACTTGCGCGCCAGACTGGCACAAGGGGGTTTTTCGTCAAAGAAAGGAATTTGGCCCTACCTCGAGGCGAATTCGGCGCACCTAAACGTCTAATGTGGTACGGTTAGTGGGGTCGGCTCTTTGCTCAGCGCACGAAATCCTATGCGTGGTGGAACGTGCTTGCGGGGGCACAACTTTCATATCATAACACGGGGTAAATCACTTACTACGACATACCTAAATACCTAAGCCCAATCAGTCGTAAGACGTTCCACTTCGGCACCGAAGGCTTGTCGAGAGCGGGGCTTGCGTCTGGTAGCATAGAACCGTTTTCTTCTCCGTACGCCTCGGTAGGGCACCTGTACAGTTCCTATTTCGTCAACGCTACCAGTGCATACAACGGCGCGGGCAATCCCAACACGAACCAATGATGCAACCAGAGCTTCAATTTTATGATCCCCGCAACCCCCAACCCCACGAGACACAACGTGGGATTGGGAGGGTGTTCCTAGCGAACGAAGCACTGATTGATGGTCGTATTCGAATTAAGCATCGCTGTAGACGGGAATTCTAAGGGGCTACCCGGGCGTCAAGTCTATACTTGAACCATATAAATTGAGTCTCGGTTGGTGAACCCCACGCACGACGGGTGTACTCAAGGTTCCCACATTTATGCAAGAAAATGTCATAGCTAGACAGCGTTAAAAACGGCTTGCATTCAAATGGTGGTGTGCGATATGTCCCATCAGTCAACAGCTCCGATGCAATCTATGCTTACCGATGAGCTGCTCCAAGTCCTTCGCGCGACGGTGATGTCTATACGTCAGTCTGGGGTCAGCCTGCAGAAATGTCC,1519,50.69,Caenorhabditis elegans
SEQ_321029,TCACATTTGACCAACTAATGGCCCACAGAGGCAATGTGAGGGCAGGATGATTGGTTCCATATCGACCGGAATCGTGTTGAAAAGAGAGTTCCTGTCGGCGCATGTGGTCAGGCCCAGTAGTACGGTACGTACATTAAGTCTGTCTAAAGCCACCGCATGGTTTTGAGCTGGGGATGGTCGGCCCTGCTTTCGATACTATCGATAGGCCCGTAATTGTGACAAGGACTTGATTACAACCAAGCACAGTAGGGATCCTACTGCTCACGGATTTCCTTGGGCAGCAGTTCGTTTTTACTAGTATGCAAAGTCACTGATCAACGCGGTAAGGTCGTTATAGCCCGACTGCGACTCCGCAGCACTCGGCCAACTGATTCCCGGCCTCCGAGGGTCTACCTTATGATCCCTACTGCCGAAGTACAC,420,51.43,Saccharomyces cerevisiae
SEQ_981038,CCTACTCATCAGCGCGTCAGGTGAGTTTGTCCTCGCTTACCGTTTAGAGGACCGTGCTCAATGTTACATCGGTCTGAAGGCCAAACTAAGTCAGCACGGTCGGTGGTCCTGTCACTCCCTCCCTATGCAATACTCGGTATGTTCTTAGCTCTAGCGCTCCAGAAGTTCAGCCTTTTATGCGCGGGAGCTGGCGTCTTCGATAGTCTGATCCGGCCAACAAGGTGTCATGTGCTGTAGCGTTCAGGGGAAACGGGGCAACATTTCCGCTCGAGGCTCCCAATATTAGCAGTCGGCCAGTCGCTATGGTGTTTTTCTTCGTCGGTACTTTGCCAGTCGTCAAATTCGTGCGTAGAACCAACATAGGATGATTGGGTTCGACTTCAGAAGCTGAGTAAGGCTCAATCATTAGATGTCAGATCCCTCACTACTTTGGGAAGTTCCTGTTCGTGAATTGCTCCCCTTGCATTAACCCTATCTCCAGTTAAGTGTCGAAACATAATAGATGCCGACGACGAAACCGCATCACGGGGGTAAGCGGCAACGC,544,51.1,Escherichia coli
SEQ_132876,AGATAAGCAGCTATGTTAAGTGAAGTCATGTCGCGTTGCCGGCTGCGGTGGAGGTGCGCATTTCGCGCCAGCTAGAATTAGCACCTTTCGGGTGGGGCGCTATTTAGTACGCTGCTGGCTTCCACGATCTTCCCATCAACTGATTCAATGCATGTCGTCTTTATGGCACCCCCCAAGGGGGGGACTGATGCAGCTATGTCCCGGCTCGGCGCCTTAGAATCTTTAGTACGGTTAACCCGGTCTACCGGGCAGCCGCACCTCCTCGTAATCCCGAGCTTCGAGGCCTTCTATCAGTGGACCGTACGGTATTTACCGATTGAACGACGGCACCCTAGTCGCGATGCCATGCGGCCACACCGGAAATGACCTTGGTGATATAGCGAAGCTCATTAGTTGTCCGGAAACTCGCCTAGGCGCTTTGAAGGAAACCAACTAAGACTATGGGCTTCTCTACGCCAAGAGAACTCGGCCGTTCGTTGGACGATTTATCTAGAGCACCCTAGTCGACCGTCAATCAGCTATTCAGTCGATGGCACTCTGTCAGAGTAGGAAGTAGTTTACTCCAGGAAATCGCATATGCCCCTTCCCCCCAGTTTCTGGACCATTTCTAATGCTCTGCCGTCATCGCCCTAGAAGTCGGACACGGTCCGCGCCAGGACCGAGGAGGGATCGGATTCGAGGCGTAAGTTGGAGTCCCATATATAATACGGGGGGAACTTTGATAGCTAGTAGCCCAAGACCCCCTAATCTAGTCTGGTAACCCAACTCGACAGGCAATGCAGCAAACACCAATAACACCAGCTGCGAGCCTTAATTAGGTCCCTTAACAATAGTATTTCGAGCAAGATTGAAGATCATCCTAGCAGCCGGGGTCCCGGCTTAGTGCTTAATTCGGTGTACACAGCGAACAAGACCCACTCCACCAACTAGCCTACCAGGCTGTAGAACTCTGCGTTCCGTTCTGGGACTAGGCTACATCTTGGGCCCGTAACTATCGCTAAGTGATTGGCGGTTGCGTTACTATACTAATACAATCTGCCCGCAAAAAGTGGTTTAGTTCTTTAGGTAATATATATACTAGAGGCCCGTAGTACCATGGAGCTATATGCCGGTGATATTGATCGTCCTGAGGAGCAGGCTGGAGGTGGATAGCTTTATGATCAGTAACAAACCCTGCGCGACTGCGACGCAGGGATGTGAGTAGTTGAGTCCTAGTGCTAATACGACGAAGTAGAACAGGACTAAAGGTCTCCAGCAGAGTTGGGTCGCCACTCGTCCAACCGCTAAATACTGGCTAGCTCTGGGCACGAGTACGCGACAACATTTACTCATTCCGTAGTTCCATATTAGTAAAGAGACGCCAAAACACCCGCACTGCCGCGCCCGTCCCTAACCTGTCCAAAGTAAGTCCATGCTTTTCTTATCATTCTTTGCTTTGTGATCCCTGGCAGTCATAATGCCCAGTCGGCACATTACGCAGCATTTAGGGCCTCCCTCCTGTAGAGACAGACATTAGCAACACAGATGCTCCATCCTCCTGTTTCCATAGCCGCCTCTACTTCCATTACACTCGGAGTCAAGGGGGGACTGACGCTAACTAACCTACTGATACCAAGGTGTCTTCTTTTTCGATCTCCCGCTTCCCCTCTTGCCTAGATAATAGTTGAATACCCGCGAATATAAAATACCCATCATAAAGAATGTAAGAGGCTCGGCCAACCAATGATCGTATCTCACGACACTAGTATAAAGCCACTACATCGGTGAGCTGCGCCCCGAGTCGCCTCTTCCTCGGGGAAGCCGTAGTTAGTTAAGGTCTAATCAATTTAACCAACTATTG,1840,50.65,Caenorhabditis elegans
SEQ_619517,CGCTGCATGGAAAAGCGACATCGCACCTGTTCCCGCCCACTGAACCGAGACTTCCGGAGACCCGTCCAGAAAATCCGGTATGTTGGCGAGAATGTTTTATGAAAGATCTGCCAGAACTCGTTACTCTAGATCACGGTTGAGCTAATGAGTCCGTTGTACTGGACACGCCCGCATGGGACCCTGACAGGAGGCAATAGTTGTCCACGACCCCTTTCATGGCTTAGTCGTATGCTAGGGTGGGGTTCTGCCCAGTTGGCACCAAGCAAGCGAGGCCGTCGCATCGCACGACGACAATGGCATTATTTAGTTGTTTTTCATGGGGGAAGAAAACATTAACGCCAGAGGGTCCGTAATTGTGTTGGTGACGTTCCTGCTCCAGTGAGCAGCGCACTGCCTTCAAGCGCCAGCATTGGTGGATCAGAGCTCAAATAGATATGCGTGGTGATATTCGGCGACAGACAAATGACTAGGCGGATCTCAGCCATTGGGATCTATATTTTGCGGTCAGGCTCGGGCTTATGCGTAACTACGGGGACGCCACAGTGACTCGATTCAGCCATGACAGTAACGTCTCGTGAAAAGCGCATTGTTCCTGAGACCTACTAGGCTACGCATGGGAGCTTCTGCGTTTATGGGTTCCGGCGTTACGTTCAAGGTCCTCCGGAGGGTTAGAGGGCGTTAGAGGCTTCCATAGTAGGTTGGGCTTACGCCTCAGCACAATTCGTCCGGTAATGCTAGTTGCCTGGGGCGAGAAGCAAAGCTCGAATCAGCAGTAAGGATATAATAACTCGAGTACAACTATATCCGCAAAACGGGGCAACTTGGATCACGAGCGTGTTAGACAGACTCGAGAGTCGTACGCCTCTGTCCAGCGGAGGCGCTGGTCGGTGTACCTCGAGAACGATACTCCGTAGCTTATTTTGGCTATTATGGAGGTCCACAAGCTCCTCATTAATGCATCGTTTATTTGGTGACATTATAATGTGTGTTATAAAGATAGCAAGCGACCGATTCCCAGTCGTTCGTAACGGCATGGCTCATGGGGGCCTATATTTAGGTGCTAGGTGAAGGTCGTGGTCTAGACTAAATTCGGTTTTTAAAGTCATAGAAATAACGAGCACTCGCTCAGCGGCTGTCTCTTGCGTGTGATATACGCTAGGCGAGTGTGGACCTGCAATCTTGAACATGGCCTAAGTGTGACATTGGAGCAAAAAATACTGCCAGACTGAGCAACTATGAGACTCACAGTAAACCCGCTGGGCAGCTGCAAACTCGCTTCAAGTGTTCAAGCATCATTCAGTGAACCGTGGAT,1312,50.61,Drosophila melanogaster
SEQ_267438,ATCTGGAACCGGCGCAGCTTTGTGTTGTTTCCTAGATTTGAACGCTGTCGGGCCGAACCTCTCGAGTGCTTCGGAGTTTGTTGTTGATTTGTCTTCTGGTCGAAGCGTAGTTGAACATACGATCTTCTGATCGCTAGTGCCTCTCTTAGAAATACTCAGGTCCTTTAACATCTTCACTTGTCCTCGAGGATACTACCTGTGCCGGAACCAACGAAAGCTTAGACCGGCTTGGCTGGTATCTGGATCGGCTACGATTCGATCGACCATATCGATTCGTCGAGTAGGGGGTTACCAAACGGTCATGGATTAACCCATCATTCCTACAGGCGTGGTTGCGTATAACTTATGACGAGGGTCAGCGAGTCGGCGGTACCTGCGAGTCACCGTGTGGACTGGTTACCGGACGTCCTCTTATGAGGCTTCACTCGAAGTTGGGGAAACCCACCATGAGGGCCTACGCGCGCTGCGCCCCGGTACAAATCGGAAGATCAATTACCGGGGTGCTTCCAAAGACAAGTTTGCGTTGGATTACGGCCTTGTTAAAATACCATAACGCCATTTGGAGCTAGACCAAACGCATTAGCACAGGGGCGTCTGTCCACGCGTGAAGTCACAGTGCGGCGAACTTACATGAACAAACTCACCTAGCAGTGCACACTTAAAAATGGTCCTCTTATGCGTCAATGTCTTATGGCATGCGTTGCACAAGCGTTGCCTCTCCTGACTATAATTGTGACATTAGCCCAACCTGCGCGTCATTGAGCAGCCTAGTCAAATGTTTATATTCCTCGAATCGTCCCAAGCATATAAGGTAGGTGTGACTGCAGTTAGGCGTGCTGTATAGGGCTCACATCCACCTGGTAGTCTTACGCGTTCTCACGTTTGGCCCGACTGATGCTAGTCGCATATGGTCAGACCTAGTCAGCCACCTTGACGCCTCGCGATAGTGACCTTTGGACAACCTCCACACTAGTACACCCCGATCAGGGTAATCAATCATATATTCCAGTTGCGCCGTGCTCGAGCAGTAAGGAGCAAGAGTTAAAGTTATACTCGCCGCCCGTACCCGCCTCAGCCTTCCGCAGGAATAGGGTGTACTAAGAAGGGGTTCGGTTCTTGGAAAGCCCCAGACGCACTAGCTTGGGTAGCTAGAACCTAAAAGTGACCGGGTCTCTAACATAAGCCGCATTTGTCTACTCGCTTTTAGACTTATGTTGTGGTCCCACCATAGAGAGACCCAGGCGAAGGCCAGCTGTGATGATCCAACATGTTGACCATTCTT,1282,50.7,Mus musculus
SEQ_282445,GGTCACACAGGAATAGTGAGCGGACAAAAAGCCACCCGTCGCTGCTCGGGCCGGGGTAGCCCACTAACGGTGACCACTTAATTCATATGACCCTCGACCGCGAAAAGCCGTGTTAACACGGCCAGTACCTCAACCCATTGCGCGCAGAGGACGTGCCGTGCAATCTACAAGCTTGTACAGTAATGTACGATCAGTGGCCCATACTCCGTTTCTCGCGTAGTTGGCCGCTCCCGGCCGCTGCTCCACACAGGTCCACCGGGGGTCGTGGTTACCAGACGCGGAAACGTCAGTACGGCTGGGCGACAGCTCATAGGGGGTTGCTATCCATTGTGCAGGTGTTGTGATTCAACTACCGTTAGTGTTCGTCGCGAACATTAGATCACTGCTGGTCCTTGTACCTGCTATGGAATCCAACCATCACACGGAAGAGAATAGCCAAGTAGAAAGCATATTCGCAGAGAAACTGTGTAACTCTGCATTCAGGGGCTGTTCTGATACGGCGCTGAGGTAGAGCCCGTTGGTTTCTCGTCCACTATGGGAGCAGACCAGCTTGTAATTGCGCTTAACTATTAAAATTTAAAGAGAACCCGTACTGGCGTAATAGCTAAAAGGCCCATGTTTACTCACGCTTAGCTATACCTGATGGCGCAGCTCCTGAGTCCTACCACAAAGGCAATGGGCGGTTAATCGGTCTCACCTGTAACTCACGCATGACATGAACGGTATTACGTGGACGGGGCGATTGTATTCCATTCAAATATATTGCAGTCGAATAATTGTGTTACCCACTGACGAGCGCTTCGATGCAGAACTCGATCGAGATTTCCCTGTATAATCCTCGCCATTTACTATGGTGACCCAACAGACTGATGAATGCCCATGCTCAATAGCGACCGTTCGGCCTAGAGCGACATTTGGATTGTGAAGAACCTTTATCTGCCATTCTGTGGTCTATAAGCGTTTGCGTTCCCCTCTACGAGTGTGCCCGTATTCAGCGGGGACGCTCAAGCTCGATGTCATGGAGCGTTAACGTCACGGGAGCCGATGCTCCCCCCTAATCTCGGATCGCCTGGATGTCGGGGCTTGGGGGAAGGGATATGCGGTCTGTCTATCTAGGGCCCCGGAACACCTCTTCTAAGGAGATCCTCGATTTCTTTAATGATGTCTACCATGGGCAAGTGACGCATCCCTTTCGCGTATCACACTGCGACCCAATTCCGGGTATTAGTTCATTCGCCCGGTCTAGGGCCCGATCATAGCCAGTGATCGATCAAGATAAAGGTTTAGCGGTCCGGACGCTTCTATCTTTCAAAGTTCGTTCTCGCAGGGAGGATTCGAAGTCACGGGAAAAAGAGACCCAGTGCGATCTTGGACCGTGTCCATCATCAAAAGGCTTGCAGTGCGGCAACGGTAGGCAAACCTTCGTAAAATGTATTCCTCTAAACGTTGCTGTAAGGAACTGGACGGTCCCACGGTGCTTACCCCGTATTATGCGTAAAAGGTGATTATGGATCTCTCCTATGTCGTACGCATGGAAGTGTTGCGGTCAAGCGGCGCGGCTCCGTGCGTTAACCACCATCCGATCTTGAGTATGCTACTCCTAATCTATTACCCCCCAACTGGCTGAGCATAGGCGCGAGGTTAACTGGCAGTTCAACCTGCTCATCATCCTCTACGGATAAGGGTGTATCCCGACCGTGTTTTAGGGGCCAACAAATATCATAGAATTAACATGTGGACATTAGTTAGAACGGGTTCGCTTCGGCATGACCACAAGTTAAGATCGAAAAGCCGGCTCACGAAGGTCTACGCGACACATTAAATTACCGTCGGCGACGGGGGCTACTATAAGTGATGTCTACGTGCAGCGTATGTAGATCGCTCCC,1886,51.38,Arabidopsis thaliana
SEQ_310411,TGTCTGGACCCTGAATTGTCAAATAAGATGGGGAATGTGTACTCCGCAACGCCGTACTCTAAGCGTTTCGTACGAGTCCCCATAACAATACCGGATAAGGTGTGGGCTACGGGGAGATTTTGGCAGTCCGCGGGCTTGAGCAGACCAGCTTAATAAGCTAGTGAGATCACCGCGATCAATATTTGGAACCCAACTAATATTATCAAGACGTTCTTACCGCGGTATGAAGTAGTCACAAAGCCCGACTTTGGTTCCTACCACGCAGTTATGCATTACTAACGAAATAAGGTTTCATATGCTTCAGGGCATCATGAAGGTCTGCAATCGATGCTACTCTATTACGCCCATTGACCCGGGCGTTTCACTCTTTGTAGGAAACTCACAAAGTCGCACAAACATTCCACCAAATGTAACACGGAAAAGCGTTAGGGCGAAGCCGCGTTGAATGGCCTTGCGACCGAAAGAAGCCACACTAAATATACATACTGCAGAATATCCCTGTAAACGGTTGCGAAAGTCGGCTATCCAACCGGTAGCAGATGAACGAAATTACAACATAAGGCGCGGCGGTAGAGTGAATCAGGAAGAACGTACACTTGTTCTGATTGACCGCTATTCCGGATTGGCATTCCTGGAGGGCTTCTGGGCTCGGCTCTGCTGGTAGGTATGCAGAGGAGAGACTCCTAGGCCCAGGTTCAAAAGGTTAATTTGATGACCCAAGTCCACGCGAGGTTACAACACTAACTTGCACCAGTGATTGGACTACACTAGGCCCGGACTCCAGTCCCTCACAAGTAGGTTTCGTTTTGCACAAAGAGTTAAATATCGGCTCCCGCGACTCCTGCCGTAATTAAGCGATCCACGCTGATTCGAGTAGTTTTGGAATGTTATCCCGGTCCCCCCACTCCTTCGTCTTGGGACCGGGGGACACGCAGTATCAGACTGTAGTAATCCGCAGTTTACCTTCACTTAAAGTTAATGACTACGAGGATCATCCCTGTTGCACTCTACATAGGCCCAGGTGCCGGTTGCAAGAGCTGGTAATTCAGGAGAGATGACACCCGCGATGAACCGGGTCAAAGAATTTACTGCTCTTAGAGTGATAGGCCCCAATCTCCGAAGGGATGCCGCATACTAGTACGACTGGTTAGCCTCGGGGTTAACTCGGTCTTCTCTTGGCGAGTCGGCGTCCTAACGTATTAAGGGTTCCGGGGAGTCCAAGACGGCGACAGCCTGAGCCAGGCGAACTCCCAATCCGATAAGCAGATGGCTTGTATAGGTCAAGGCCAAGGGAAGCGTAAATGATTCCGGTGGTCCCTATGTACGACTCCCTAGCACTGCATACGAGTATAAACACGTCATAATAAGCTCCTA,1374,49.64,Escherichia coli
SEQ_307170,ATATGAGGCCCAGACTGCGGCGGGAAATGGCGTACAACCGTGGCACGTGCGTGAGTTAATATCAGGAATTAAGTCTGTCGGGACTCGTGCCCTCCAATGGCGCCATGTCGGAGAGGTGGAGCTTACAACTAACATCCCGAGTCTACCCGTTGAGCTAGTTACGAAGCTGTTTAAGGTAGTTACGAAGACGGCAGCTCTGTGACCCCCCAGCCTGATGTAAAGGGGCTAGGTACCTCGGCACAATGGCGTAACGAGTGGGAACCGACTAGTACGGCACTTACAGTGAGATGTCATTTTATGGATATCGCCAGCCGAAGGACCACACACAAAGCGATGGAACTTGCTTCACCCAGGAAATAAACCGCAGAAAAGAGG,375,52.53,Caenorhabditis elegans
SEQ_673810,TCGGTCTATGATGAAAACCGTAACGCGACATACAAAGATCATCAAGTACCTAACTATACGCCACAACTTTACAAATCGGGCGGGGGCCCTTGACATTTCAAAATGGGGTCACGTGGATGTCCTTTCTGGTATCTCGCCCCGAACAGGATGCTTTTGCACGAATGCAAAGAGTATTGCCCGAAACGTAAATTCCGTGAGGTTTCGTATCCATTCCTAATGGGCTTAGGCACTGGCTCATCCGCCTTAGACAGGTTAGTGGGTCCCTTGGACATCGCGTGAGATTTACGAGGTAAATCACTGAGGTTCTTCGTATCTGCACATAGTCCTAAAACCCAACAGG,340,47.65,Mus musculus
SEQ_499519,TAATTGTCGGGAGACATTACTCAGAAGCCTTCGATAAGTGTGGGAACCATTCGATTGGGCTATGCCCAGAATTAGATATGCCGCTTCAGCACCGAAGGCTAAATCCCCACCTGGCCACTCCTTCGGGTACTGTGAAATGGCCTATACGACGATCTACAGCCGCTACCTGCTTGAAGACGACACTTGAGGATGCGGCATGATCGGCGTTGTCTCGCCTCTTGGCATCCTCTTCAATAAGTATTGGAAGGCTCCGATCAGGAGTAGTGTATCCTGGGCGATTGCTCTCTTATATCGGCCCTCTCATTCCATGTTTGTTTGACGCCGTCTAACTCGACTGCGCGGGTTTGCTAATTAACGACCGCGTGTCTAGGTCCACATGGGCGTGTGTCGCTTACCGTAGTAACGTGCACTGCCCGTTGCGATCTGTTCGGCTGATTTGGTGCGTACTCCACTTGTAAGATAGACCGTCTCTGTGTCAGCGTAGGTTACTTTGACTACCGTCACTGATAAAGCTATAGCGCAAAAGACTGGAGTTGTGCTTTCTGGGTAGGTCAAATCGTCGTTGGTAGCCGGGTACCTTGAGATAGTAGTTTAGCTTGGTCAGGGCCGTAGCTCGAAACTCCCCGTGCTACTCATTGGCAGGCCAGCGCCTTCCTGTAAGTCTGATCGTAGTTAAAGCAATACAGCTACTGGAGAGCAATAAGGTGACGACTAAAACGTACAAGCTAATATCGACCGCTCAATCGATCCCTCTGGTGGGTATCGTAAATGTGATGAACCGTGTCTCTCATACTCGTACGGGTTGCGCACATTGACATTCTCAAGTCGCCGCAGGATGAGCATAGTGTTAAGTACGGGTTCATGCACTCTGAGCCTTCTTATAGCAGCGGAGTTAAAGTGGGGACGCGCCTTAGAGCACCACAGTGGCAAGCGGATTGGATCCACTCGATGGGTGGATGCTAGCATGGGGAGCACTTAAACGTCGCGCTAAGAAGATGTAGCGAATAGATAAGATCCGGTGAGATGTATAGATTAATCAAACGCGGAGCGACGGCTGATCTACCTCCGACTGCGAAGAGCTTGTTTTTTGCGTGCCGGCAATAAGCGACCTAGAAGCGGCTGTGTGGCTTCCGA,1134,50.88,Saccharomyces cerevisiae
SEQ_420320,TCCGGCCAAGGTTGTAGAACCGGACAATCCTACTTTCATATCTCAGATGTTTCATGTTGTTATTCATCGCAGGCTTTACGCATAAAGTTGCGACTCCGGTCGAAATCCTGGAGCGAAATATGTAAGGGGTGTGTTCTCAGGGATGAACCTACCGAGTTAGGGAAGCTTACAACGCTGAGTTAGTGTATAGTGGACAGGTCACCCGTGCGGAACCAAAGGTCCGCGTATGGCTTTTTTCCGCCTAACGAACGAGAGTTCCACCGCTATTGCTGGACTAGCTGCCGTCCACCTCTATACAACGGTACACGCCCGCATTATACGAAGACCTCAAACAGGACTCAGAGCTGGGCCCCCATCCCTAGAGAACGAAACTTTAGATCCACGCAAGTCGTGTCCCCCTAACTAATGTCAGCCGATTTGCGAATAGCGAGTCGACTCGGGTTGCACTTTCGCCCCGTGGGTCCTCGTTACGTTCCCCATGATTGCACCGCCCCTGGTGTGGTTCAAATTTCCGATGCCGACGACCGAATCAGTCCCCTCTTAGCTGACGTCACAATGCACAAGGCCGCCCGCCCTCTGTCAATCGCAGGATGGTTGTTTGTTTCATACCGCGGGATGTTAAGGCCGAAAAATTAGCGCGAGGACATCAAGCACCCCGATACGAGTGCGTCAAAAATGTTGGCCCACATCGTCACTTCCGCAATGTAACCCTTAATGTCGGTCGGCGATAATTGGCTCGAATCAGGACTGCTAGATCTGCAAAAGAGAGATTTCCTCCCAATGGCATTCGGCAACAATAAGTTCTCGGAAGCCCGCGTCATTATAACTAGACCAGACTTCCCATTGTTACCACAACACGTGTTGCGGTGTTATCTACTAAGCACCGTGAGATCTATAACGTATTCTTTAATTATAACCAGTATCTAGAGAGATGCAGCCTTTTATACCAGTACAGCCTCCTCGGCACGCCTGTTGGCCGAATACGAGGTAGCCTCGAACCCCCACATAAGCAAAGAGTCGGCACCGTCCGTCGCACGTTCGGGCAGGGGGCGGGAACCCCCGGGTGGTGAGCTTTAGTAAGACATCATGGAGCCGGTGCCGTTGGTCGTGTTCCTGTCGCCCTTCTAACCAGCTT,1135,51.89,Mus musculus
SEQ_401470,CAATATGTGTCACGTAGTGTGACTTCTCATCTAATTTCAGAAGACCTTCCAATTCGTTGGAGTCTCCTCCTATATATTGCAACGCGCGCTTTCGGTGTCTTTCACTTCCAGTCCGTAGATAGAGCGATAGGGGCGAACATGAGCAGGCACGCTACCGGCGCAATCCCCGTGCTTCGATATGTATGCTGCCCTTCGGGCGTAAGTGGATCAGACGTTAGCCGGCCGGCAGACGTCTCAAGCAACTTTGCCTTCATCAATCCTGTCCCGACAGTCGGTTCCAATCGTAAGCGCACGGTGACTGACGTTACCGGTGGGCCGTGTAGGTCCAGTGGAACAGTTGAGCCTTTGGGCTTCTTTGAAAGCGCCCCATGTAAGTTCTCAGTGGGGGTAAAGGGGGATGCCGTAGCGCTTAGGTGGAGTCCTGAGTCATGTGTAAGGTGAATCGTCATTTACTAGGAGTCCCCCGTAGGTTCCCACGTCGCTACCTCTAGCGCGATTATTGACTGGGACATATGGTGCCCCGTTCGACACAAACTCGGGTAAACACGTCTGCGCTGAGGTACCATAAGCTAGGAAGTTCCCACCATTCATTTAATTGGAGGTTCCACCCCCTTGTACCAATCTCGCGCAAATGAGTTGCAGATTTATGGAAATCCACTATTTCAGCATGAATCACTCCAGGTGAACTGGGCACCGGACCTCCACTTGCTCGAGCACACGGCACTCAGCCTGCAGGGACTGCCTATCCGAACCAGTAACCGCACCATATAACTGGGGGCCAGTGTCCTTCCCGAATCTTGTCGGCGGCTCCTTGGCGGATATCCTGAGATCAGAAGCCCGGCCAAGTAAAAGAACCCGGTTATCCCGTAATCCCGCCCGCAGTGATAAAATAAGGTTTGTCTTACCTAATTAGGGCCCAGAATGCACACCACAGCCCGCCCTTGCAAAGCAGCTTGAGGAACGGATCATTATACGAAGGGCATGCTAATCCGCCGTGACGCTCTTTGGGGAGGACGCCAGCCCCAATTCTGCGGAGAATACGATGGTCGCTCCAACCCGGTCCAGTTTCCCTTTACTGCTCTCTATGCTCCCCACGCTCCAGAACCGAATGCAGATGTTGGAGTATTCATTCCTGGTGAAAAACTGCATTTGAAGGAACCACAGGTTC,1168,52.91,Arabidopsis thaliana
SEQ_465061,GAAAAGATTGTGGCTATAAACGCGGCCAAGACTGCGCCCACTCGAGCACGGAGGAGTTGGGGGGTGCCAGGACGGACATCTCACCGGATCGCTGAAGAGCTAACGTAGTAGGCAAATTTAGCACTGCGACTTCCGAGCGTATAGACTCTCCCTTAATCTAGTACGAATAGTACCCGGTCTTTCCCGCACCCGCTATGAGAAGATTTATCGGGGGAGAGAATCAAACTGCGATTCTGCTTACCTTTTGCAGAGAGCACCTCCGAGGCTCTCTCGCAACCTCGATCACGACTTAAAGCGAGGGGCTCAAGAGTCTCTTAGCCATAAATCGGCGTCTCCATGAACGCTTTTACTTTAGACCCAAATACGGGAAAATCGCGGTTTAGCAGTTGCAACGAGATGGCTTCTCGCCACTACACCGGCCCTTCTTGTGAGC,433,52.19,Saccharomyces cerevisiae
SEQ_908082,TGTACTAAGAACTGAAGGTATACCTGACAATGGCCACGGCAAGGTGTCTTGCTTGCCCTGACATTTCAGGGGTACACGTCTTCGTGATACTCTTACCCTCTCATCCCCGGTTAACACAGCGGTACACTCGGAGAGGCTCCGTATTGAAGACATAGAAATAAGTCGTAGCCGAAGTCGGTGCCGGTCCAGTTGGTAATATGTCGCTAACGGAATCATGTCAAGGATTGGCGGTCGCAACCGCGCGGTCTTCTGCTTCCACCACTTAATCTCGGTATCGAGTGCACGCTAAACGTGTATTAACACAGTATCATGTGCCGTATCACCAGTGACCATAAATCAGCGACCTGGTAAAACAGTCCAGATTCGAATAATGGCCACTGGGGAATCGGTGGGCAGTATCACCACTTTGATGGGGGGGGTCGATGAAAGACAGAGCCATCTGCAGGACGACCGAAAGGGGTTCCCATAACCAATAAGGAAAACCATACTTGTGAACCAGCGGGCTCCTTTGCCCGTAATGAAATCGACCCTTTAACAGAAATCATCTAAGCGCCGCCACTAGATAACCAGCACTGGTTCTGCGGTGCCATCCCGCGACGCCGAGGTGTTGAGACGACACATGGCGCTAGGTGCCCTAAACACTAATACCCTGTCTATTCGGGCTATCTGAGCCGAGCGATACCTTGACCACGACACCGTTGAAGTGGTCTTGACAATCACCCTTCAACTGACTGCCCGGGGTGTAACTCCGAAGTTAAATTCGTGGGACATATGCTCCAAGCTCTATACAACCTGTCCTGGGCGAATGTCTGCGCCCAGGTACAGTTTCCTTTCTAGAATACAGATCCTATTGCCGAGCTGGGGCTGATGCCGTGTCCGCATAGTAAACCCTTAAGAACGGCTCGGCAAGACTACAGCTCCACGGGCTGGATCTGTGAAAAGGCGAGTACGCACGCGCTTCACAGAGTTGTAAGACCTTAAATAATATTGGTTTGCCGTGCCCGAAAGACCTTCGGCATTGGCTCCCATAGCCTTCTGCCGGGTTGTGAACCCACTGGTGGCTGAGTATGGGAAGTTATCGAATTACATACGGGCGACCATGGGATGGTGGTTTTCCGAGCCCTACCATCCATAATTTAGGCCAACGCCCTAGACGGCGGCGGCAGTGACGGCTGGCGTGCCTTGGTATTCGCCGATACTGTTCACCCGCGAGTCCACGGGCTCAAGTGTGTCCTGAACGGACCTTAGTTATGATAGGGCTAACGGCAATAGGAATGTATGGCTAACAGCTGACTACAGGACTGAGTGCTATAGCACAACCGTGGCATGGAACAGTTTTTCTATCCGGTAGAGGTCCTTGTCTCGACCAGCTTGATTATGAGCCTTCCTGTATGGTCTATGGCAGGGGGGTTAGCGAAGAGGACTCGAGCGGGGTCACTCGTCGCTTTACTTATCCCTAAAATAGCGGGAACCTGTACTGATTAATTGTTTGCACTTCTAGAT,1503,51.63,Arabidopsis thaliana
SEQ_813306,TACTGTCCGATATATCATATAAGGTGGTGGAAGGCAATAGATACACGAATGCATCGAAACACAAACAGAGCGTCTGCAAGGGGAGAGACCAACCGGCTTTTGAATTTGTAGAATATACGTCGATTGGTGCAGGTAGGAAATTGTCTAATGAATCTCGAATGCCCGGGCTGATCACGCGTTATTGGGATGGGTGAACCGATGCTAACCTTAGAGCTCGCGCACGTCAAGAACTTATGCTAGCGGGTTGTACCCTTCACATGCCTGTCAATTTCTAGGAAAGCGGGGGGATACCTAGTGCAGGCAAGTTCACCAATGAAATGAGATGTACTGGTTATCGGTCGATCCTGTCTCCGCCCGCCTCCACTTGGACTCGCATGCGGCTAGTAACGCACTGGGTAGTAAACGCACCCCACAGCTTGAACCAATCCGGAATCATGTCCTCGAGCAGCCTATACTAGCGGATTCGTTTGAATCATCCAATTACCTAGCAGAAGCAGGTTTTGAGTTTCCAAGGGCTGAGCTTAAATAAAGGGATTGCAATTGGCCGTGCGACCAGAGTGACATCTAGATTATCTCGAGAAGTGTTACAAGTACAGGTTCGCTGTTCCTCGTGACACTAACGTTTTCCTCGTGTGCCACTCCGAACCCCTCCCTGTCTTTGTCTAGCGCCGGGAACAATGCTGGCTCCTATGCGGCACATCACCGTTAACATAATCACGCCGGGAGAATAGCGATACCGTCTTCTGTATACAACCACGATCTCCGGAAACATTCAAACTTGCTCATGCGAGACGGTGACCTGTATATCACGTCACTACACACCATGGAGAATTATGTATGGTCAGCTACCTGCGGAAAAAGCTTTAGGAG,870,48.85,Mus musculus
SEQ_626910,GTAAACGGGTTACCCACGGCCTCTACTACTGGTGAATATCAGCGGTCTAACTCAATTTTTTACTCTAGCTTGCCCCGCAGAGCATCGGCGTACCTGTACTTATATTGGGGGTTCTGTCGGAGGGCACAATGTCAAGTCAGGAAGGGATTCTTCCAGGTTTGATGACCAGCTAACGGGGCTGTACAATAAACATCGAGAGTAACTTAGGATCAATGGTATTGCTAGTGAGCCAAATCGGTTAGAGCCAGCTATCCACTTCATTGGGGAAGGGTAGTATGCTAAAGTGCAGATGTATCATTCAAGCGTTAGACAGGTCAATAGTCCGTTACCGATATCGTGTGCCTTATCCCCGTTTATTGCAGGCCGAGTGTCCGATCCACCGTTCGTTTTTTCGACGGTAATTTTCAAGATCAATCTCCAAAGCTGCCTACTACCCGTTTGAGCATCTAACGTAGTAATCAAAGACCCAGGGCGTGTGAGAACGAAACCCAGATTTATTCGTGGAGCAGGTAAAAGGCGTCCGGCCGAACCTGCTGGTCTCCGCACAGGCGCCAAGAGGTCCACTACGGTAGTCAGACCGGCCGCGCCAGATATACCGTTCCTATCACGTGTAATGCTAGACTGAGTGATTATATGGGGAACTCTGCTACCTAGGAAATGAGGTCCTTAGGTACGTCCCTTCGGGTGTAACCCATGGTTACAGTAAGTCCAACGCGTCGCGTTAGCCCTGGGCCTTAGCCTCTAGGAACGTACGGTAGGTGCCACTCGCAGGAGGAGGACGTGCAGGCTTTAGGTTCATTTAACTTTTGATGCGTCGTAGTGGGCTACACCCGGTGGGAAGTACTGTAAATTGTCATCACGTCTCTGGGCCCTCCTCGGTTTTCATTAAAGTCGTCCGGTTGGCATAATATTTCAAACATGTTTTACCTTAAACTAACCCGTTCCGCGACGAAGCAGTGCCACCAGCCCCGGAGCCACCCTGGTTTCGCGAAAAACACGAGCGCCGTCCCTGTTCCGCCCGGATGAATCGCTCCGCACAGCGTACGTCCGAAAGGAAGTAACAGCCCGTCATTTTGTATGTGTACTACACCTATTACTAGCACACTATGCTCGGTGGCGGAGGTGTTCGGTAGCGGCAGGAAAGTTGGTGGACCCGAAACGTTTACGGTTTAAAACCTGGCCACATTATCTTCCTATTCTACCCCGTTACCAACGGG,1217,50.78,Homo sapiens
SEQ_972608,CTGTGCAAGCAGCCCCTTGTGAGATGCAGCGACATAGAGGGCATACTGTTCTGGTTAGTAACTCTCGTTCAACTGCGTTGGAGCACACCACTCTGCGACGGAAACTTAGCCACTATTCGGGGCTCCTCAGGTGCTAGTACAGTTTATTTGTTATCACTTGTCTGCCCTAGGGTGTCTAGCGAGCCTTAACTAGTAATACCAGACGCACGCTCAGGGCGTAATGAGGCCACGTCAACAGGCACAAGTAGGAGTCGAGTTTCCTAAAAAAGATAACATAATTTATCCGTTGAAATGAAGAATATCACATATCCTATAATCTTTTATTAGTCGTGAAAAGAGGGCGGTCCGGGACAAACGTGCACAATGCAACCCCAGATATCGGGTTTCCTTCATTAGTCGTCTCGAGATTTGGGGTAGAGCGCCATAGAGAAATTACGAGATGCTACTTACCTTCGTTAAGAGTTTCTTTCGTATGTATAAGTACAATTGACCGTATAGGGTGACTAGTACCTCAAGGGACTCTGGGAAGCGCCGTCCCCTCGCAGGACGCAGGGAGCGGCGAAGGGAAGATCTCCGAGCCCTTATCAGTGGTAGAGTTAATAGAGTTAACCCATGGTAGTCAGCGACGCGTTTAAGGGTCGGAAATTTAATGAATAAGTTAGTTGGTTGCGGATTCAGGAGCTTCATGGCATAGTTGTCGTTAGGGGATGGCGCGATGAACAGCCGTCAGATGCATTGGTTCCTACTCCAGGCAGGGCCGAAGTGACTATCCCGTCTATAGTAAGAATCGCGGGGCTAAACATTAAATTCACCTCAGCGTCGAAGTTACGCTTATCTAGGTACTGCGCAAACCTCTCTCAGATTCTGGCTAGATAATCGATCTCCGGTTCTCCTGCAGGTAACTAGAGTGCAACTTCTGAGACTATGCGAGATACCCCAGGCACGCACAGGATGACATATACTTTCCTGGCTTTCTGAACGTTGCTTACAACGCTAACATCTCCATACTCGAATTGAATTGTTTGCAACCGAATTAATACTCTGGAACAGCGCATCTTCGGCAAGTGTAATCCACGCAGCCCGGCATGAAACGGCGGGGAATCTAGGCACTTCTTAGCGACTTCCAATCCAAACAGGGCTCGAAAAGATCTATCCGTTACGCTTTGCAAACTGAAGAACATGAGGTAGCACGCTAGAGAGTGACGCTTGTCCTATTTGTAAAGGCTATCATCACTCACACCAGCGGAGGAGTCGTCGAATCAATCTCAACCAGACACGAACAAGGCTCAACACAGGTACGAGTGTCACGGGACATGCAAATTGCGTATTATCCACTCTACTTATTCTATCTACCCACCGCGGATGGGATGAGGAAGCATGTGCATTAGGTACATCAAACGCTGTTCTGAACCTACACGGCCTATATGTTTAGGAGGTGGCCAATTCGAAGTCAGTCTTTGGTAAATCTACTGAGCCTCGAATGCAGCGGTCTCCGTTTTGATTCCCGTCCACGAATCTCCTACGGGTAGTCAAAATGCATCTTATTATCTAATCAGGATACAAGCGAGCACTTTAGGTTGAACCTGATCGCGCCCATCTTCCAGAAGCGTCACTTCCCTTAGCATTGGACCATATGTCTCCAGAGCCTATACGGGCCGACCCTAAAGGCTGCTCTTCGTGTA,1682,47.92,Homo sapiens
SEQ_457824,CTCGCGGCGAAGATGGCGAACGATCCCGGCCTCTACGGCGTAGATCGGGGCTATGCAAAATCTCATTTCTAGGGTTCAGCCCGATCCTTACAGCTATGCGGTGGGTGAACACAAGATTGCAATCACGGGCTGCTTGCCGGCTACACCTGGGGGTTAGCTAACGGTGACTGGCTTTCTGTTACGGATTCAGGCGGCTTCGGACTTCCCACTCTTCCACCTTCTCTCACTTCAAGCAAACCTTGTATTTTCGTATACGCTTGACAAACATTCGTCTGGGAAGATGTACGAGCGAAACACCCGCCAATTCAAACAAAACGGAGCTAGATGTCACACATAGAGAGGCACCCGCACCAAACTTGTGATGGTGGCCATCTTAGGTATCCAGGAAATCATTTTATTGAGGGGTACTAATTCAAGAGCCCCGAGTAACGTGTTCGATTGTTATACCAAGGTAGTGTTCGAGATCCCGAAGGTTACTTGGCAATGTACGCCTATGGTACTTAACTTGCAGCGATTAGCGAGGGAATACGCGGTCCCTCGGAGGACAATAAGACTCAGCCCTGCTATGTCGTCTCATGCTGTCCAGGTTGATCCACTGAGCGTGATAACAGAGCTGCCGGGACGTACTCCACGTCTTGGGCATGGAGAATATGGTTCCCCGGGTGCATCGGCTGCATGCGACGCGTCGAAGGCTTAGTGCAGTGCAAGCCACAAATCCACCTTTGGGGACGGAACTTATTGGTCCGCGTCAGACGGAAGAATGCGTTGAAGAATATCGTCACAGTTCTAAGCAATAGGATCCGCTCGAGTCAAGACAATGACGCCAACACACCGACGTGGTCATGGCGTCCAGGAGACTTTTTGTTTTTAAATGGAACATCATGAAGAACACCCACACCCATCATTATATCGGGGGACAAGCCGACATGACATGGCACGCTGCACTTGGCGCGTCAGATACATCACTCAAAGACAAGCCTCACTCAGTGAA,991,51.16,Homo sapiens
SEQ_405297,GACTGACCCATCCCCAGTCATTCCGTAGTGTAAGCACTAAATTCTCCAGCGAGGTTTCAAGACCCGCAGCCCCCTCCAGCACTTATTTTGCAACTATCAGCCGAACAGTAGATCGCTGGGTCTAATCCCTTGTAACCCGGATGCACTATGCTTCTTTAGTTCTATGGGAGGTAAGGGGGCACACTTGCCTGGTGTCTGTTACGCGTCTGTGTCCATAGTCAGACACGGGTTAGTTGCGTGGCGTAACACGCTTTTTTCAAAATCCTAATTTACTGTAGATTCTAGACAGCGCACAAAGTGTCGTTGCGGGAATCACAACGCTTGTCGTTTAAGTGTTCAAACCAACTAGCAATCGGGAAAGCTGACCGGAACATCCTGGGTTGAGGAGTCGCTTCTGACCGTTGCTAGCTCGCGTTCGACTTACTGATCCATGAGTCATGAAGCGGCGATAACGCCTAGTCGGTAACCGTTCCTGGTGACGACAAGCCGGACTACGGACTGACGGCCTCGGCAGTACTAGCGTTCGGGGGTACCCCCCTGGCAACATCCATTAATCGCGAATCTAGGATACTATTTGTAACCGTTAGGCCTCCTTCTGTGAGGTTCCTCCTCACCCTTGCCTAATTCGTTCTAATCTCTAGGCACTCATTAAGTGGACGTACTTAACTGCCCTTCAAGTAGTGAATTGTCCCGGCTGGCGAAAAGCCGGACCACGCCTGCGGGGTCTCTGTTCCGGAGAGCCGGATCACAGTCTACGCGCATCAGCCACATATCTAAGAGAGGTTACAGAAAGGACCATATCGGATAATCGAGTACGCTGAATATACAGGGTGGGGCCCAAACATGGGTTGTTGTAGTCAAAACCGGGGCATTTGTGCAGAGTCTTGAGAACAAACGTGTCTGTGAATAACTCCCGAGATCTGCAACACCCGAAGAACAGGCGTTAATTCTTATCAAACTGCCTCCAGCTAACCTGTTGGCGTAACGAAGCTTGGTTTCTCTGCTTCCCACATGTCGGTGCGTATCATTAGAGCAAGACGAGCTGGTCCGTGCGGAGG,1058,51.04,Mus musculus
SEQ_759289,GTTTTTAGAGACGACATAGTATGACGTCTATCTCGATTATCATATGTGTAACATAAGACCCAAGACCAGATTTGTAGGTCGTTGCTGCTAGAAATACAGGATTGATCTTTGCCGAACAATCGCTCCGCGATTACCTAGTGGATCTCCTACCTGTTTAGTTCGAGGGACGGGAATAGAGCCTTGGCAAAAGGGATGTCAGGTTATGATCTATTCTGGCGTTCGGCTCGGTAATCATATATGTCTACACTGTAGGCGTGTCGCACACATCGGAATGGCCGCGTCCGTATCAGAAGCAAGGACACTGGGCTAGAGGACGGAGGAAAGTAGCGCCTGAGGTGATTCGCCTTATCTTTTACTAGACCACCGTGTCAGGCCATCGAGGTGAGGTGGGATTGGGATTTTAAGTCTAGTGAGACCCGCAGGTCGATTACAGAGCTTAGCTTTGGTACTCAATTCTGACATGTGAGCGGGTCTACCACAATCTCGCGGGGGTCCATACCATAAACTGCTGACGGGCTACCGGAGTCTACTGAAACAATGCCTGCGTAGAATGTAAAGCATAAAATCTCGATTTCCGCGCCAAAATGCTGAATCTGGATCGGTATGCATGAGAAATCTAACGTCAATGTAGGTTAGCGAATAGTTAATATCGTAGGTGTGTACACTGGTTAATTTTTTAAATAGCTAAAATCCTCCAAAGTCTGTCCAGGT,711,46.27,Caenorhabditis elegans
SEQ_446285,TATAGGAAGCAGGGTCCCTCTCGCTCAGCTACCAATTAACTTAGTATGTACGATCTCCCTCCTGCTGTCGCCTGCAACAATTCCTAACAGTGACGGGATCTTGACATTATCCAGCTCGTAAGCCGAATAGCGGCCACTTCCCAGGTCCATGAGAGGCCGGTCCTTGGCCCATGACACATGGTATCTCATTCTATAAACCCGAGCCGCCACCGATTTGCCGATTTTTTGAGAGGCTCCATATGGAGCTGTTTACACGTCGTGGCAGTGCCCGTATCCATTCTAGGGGCCAGGACCATAGCCCTTGATAAAACATCACCGTGAGGTCTAGTGAGAATAGCCTCCACTTTTGCAGTATATGCTGGAGCGCACAACTGCTGCGAGCTTCTGGCATCTAACTTTAATGCGAGCTAGGCGTGTCGCCGCCAAGTTGCCCTCATGAAGCACCCAGTCGCTTTAATGATCAGCTCCCTTCTGTGCGGGTGATGGAACTCCTTTAGCGGGCTTAATTCAATGAGTGTTTGGCGCTAACGGTTACTCACGCGGCGACTATGTCATAGGCACATTGA,566,51.59,Arabidopsis thaliana
SEQ_715632,TGATGCCTCGAGTCCTATCCCGTTGCGATTTTTGTGATGTACCCGAGCGGAGTTGGCGCCCTTTTTGTCGTAGAGCGCGAATCCGCTAAAGATACGCGATCTAAAAGACCCCATGTGTTCTCCATGACGGCACGTTTTACTGTTCCGAGTCATTTCATTCCGGATTCTTTTAGTCGCCCGCAAAAGCCCCCGTGGGAGCCTGCGGACTGGGTCAACAGCTAATACGATTTATAGAGTGGCCAGTCGTGGCGTAGGATAGCACAGGTACCGCTGCTAAGGCTTTTCTTATAGTATTGCTAGGAGCCTTGGTATCGGTCTTGGCGGACATAAAGCTGTGACGCCGTAAAGCCTTGAATATTAGGTATCATGCATAAGCACGGGCTCTCCATTGATCCGCCGGATAAACATCAGCAACATTAGCGGAGCGACCAATTTGCGGAATAGCTTATACGACAACTTTAACTTAAGAACTATGCCAGAGAATCTAGGCGGGGGGTACTGGATTCTCCGGAGATACCAATTTTTGTTAATGTATGCGCCCCGGCGACTGCAAACCGTGCACATGAGATCTGGTCACGTTGATCCTCTAGACGATGCAGGCTTTTCGTTAGTGCAACGGCGCTTACATTAGCTCCCATGGCACGGACCACTGTCTATACATATGGCCAAGTAAATCGGGGTGAAGCGGGCCCTCACATTTAGCGTCAAGACACCGGAAAGTGCATCAGACGAGTGGTACCATCGGCTCTACGTCTACGTCAAGATGCGCAATTAAACCAACTTGCTTTACGATCTTTCGTTCCCACCCTCAGGACTTGAACTCGCTCTGCCTCGCCGTGGCCTAGTTAAGAAATATAACCCTCCTTCTACCGCGGACTGCCCGCTATCATACGTTCGGATTTCAAGTTACCCTTTGATATTGAGGTTAAGCACGATTGCTCAACCTCTTTGTAATGTCCTCCCTACGCTCCGCGGTGGCTTGCCTCTACCGATTGATCCCAGGTATTTCCTTCTCTAGGAAATCATCCTGCTTTTCGGATAAGGCGGCGCTAGTAATACACATGTCGCTACTAGGGATGGCACAAGACAAACCTGCTTGTGAAAGCCCGGCTCTGGCTCGACTGAAAACTGGATTATGACCGCGAGAGGCGAATGCCGCATAACTTAGCCGATCGCTCGCGCCGTCAATAAGCCCATACGACGTCGAAGGGTACCGTTGCTGTGGTTACAGCCGCCAAGGACTGCCAAATATGCCTGGAAAAATCTATACGACGAACCCGCCAGTCATTTGAGGGAAATATATCCCATAGGCTTCCCCCGTTGTGTTGTCGGCTGTCGAAATAGCCTCTGTAGTGGCATCCTTATCCATATATTGATAGGTCGTTAATCACAGCAGCTGAGCG,1403,50.25,Drosophila melanogaster
SEQ_336734,CTAACGTATAGCTTTGGTTCGGTAAGCGTTTCAGTGGTCATAGCGCTGGTCGATAGTAGAGGAGTTTTAGCGGCGGCGGCCCGCCTACAGCCTCGACCAGGCCAGCGTGAGCGCTGCGCTAACTGACGAGAGGCCGATTACAACACCTTCAGTCTAGTTACTCCAAACTTCGATATTTTTCTCGCGACATTGTTACTCATAAGGGTCTCGTTCAAAGATAAAGTATACCTAGCAGGTTTTCGTTTTCTTGCCTTAGAGTCGGGAGCCCAGTGATCAGATTCACTGTGCGTGTATAGTTTCTAGTTTTCACTTGTAGGTAAGAGGTTAAGATAAAAGCGCTAGGGCTCCAACTCTCAGGACACCCTCTTATCAGCGTTTGGTAACGTACCCATTGCCAACTGACCCTTCCTCGAGTGCCCCCAACGGGTCCGATCGATTCTAGACGGTATGACACAGCCCACGGACTGCAGGAAAACCACCTTCATTAACTACACCGGCAGTCTAACCCATAAATTCAGTTGCGTAGCATCA,531,49.34,Homo sapiens
SEQ_145507,TACCGAGCTTGACGAAAAACAGCGCGGATGTCCTAGTAACGCTCCGTTCATGACCTTGAGAGCTACAACAGCGCAATGACTAGCTTGAAGTTCTGTTTGGATGATCTCCAGTTGGGTCACCACCACCGGGTGCCTACGATCTATCAGCATGGGGGTAATAAGAACGAACACGTCCAACAGTAAGAGTGCACCACTGAGTAAATCTAAGATGTGTGATGACAATACAATTCATACCCTAGACTGGCTTTCTTCGTGA,256,47.27,Saccharomyces cerevisiae
SEQ_914111,AAATTCGTGATACCTAATGCAAAAACGTCATGTGGCCCGATATACCAACTCATTTCATGTCGATCACAAAAGCGTAGGTCCGCTCCCTTGTAGATGGCACCGGCAATTCCACGTCTATTCATATCAACGTTCAGAGGATAGGGCTTCGCGCTCTAAACGACGCCCCCGCGTGATAGGAGCGGGTTACAATGTCTGGGCCCCCAGCCTAATTGGAAAGGGAAAAGACAACGAGGCGGTCCAATGGCCAATAGAGCACACAATTCTGCCAGTACTTCCCGGAGATATTACACGTACTGCAACTTAAGGTCCTACCGCTAGATTGTTAACTCCTGG,333,49.55,Escherichia coli
SEQ_582819,CTCATCGCATTGTTTATTGTGCAAATGTGTCGGCTATCATTAGTAACTCTACCAATTGACTCTCGGCTGTTATTATAACGTACCATCGATCGACCATCCTATGCGCAACTGGCGATAACCGTCTAGAGTTTGAGTCGCATCGAAAGCGTGTACCAACCAGGGAATAGTTTATATGGATGCAAGGCGGCAGCTTCCCTATCCGTATGAATCTAACTAAAAATCGCCGGGATCGACCCAGGTTGGGAGACATACTGCTCACGAAAGATTTCGACCGGAGAGAGAGTAGTTCCTCGTCGAAGCTCGTCCTGGTCCCTTGCATATGTGTATAGACATGCTTCTTGGAACCTGTCTTCAGCTTGATGACTCCAGTTCCCGCCGGATTTGAGTGTGCGCTATCGTAGTCATCGATGTTGCCCTGGATGTCTTCCGACGATACACTTTTCAGTACTTAGTTAGGACAATACTAGCAGGGAAGGTACAGCTCATCGTTGGATTTCCTCACCAAC,506,47.43,Drosophila melanogaster
SEQ_743705,GTGGGACCTCCACATTTCGGTAATATTGACATTCGCCCGGGGCCTGTTACTTAATGTAACGCCCTCCGTCAACGCGAGATTAGTCATTGTCTAGTGTATAAGTACCAGAATGTAGGGTAAAACGTACATGGATGGTGCTATCTATATCGTTCGATGCGTACAAGCCTGACAGCGTCTGGTTCCCGTACCCTAAATTTATTTCATATACAAAGCAATCTCACGTTGGCAAGTTCATAGGCTGGAAGAGAGGTAATGCGGAGGATCATCGGCTACGTCCTTGCATCTTGAATTGAGCCAACATGTTCTATTGTTTACTATTCTACCTATACCGTAACTTATCGTAGGTGCTAGCGGGAAATGCGGCAGTTTACCATCTTAACCGCATTCTACATCTTGACGACTGGCGAAAGCTGGTCCGGGCCGGTTCATCCGCATGGCGCGGCATAGGGCTGCAGGCTGAGGAGCCTGGCAATTACTGCGGACTGGGAATACTGCACCAGTTCATATGAAGCCTTTCGCGGGGCACAGCTCATTTAGAGTATCACCACGCGGCCGCGGTCATAGTTGGTTGTGGTTACAAGCATCTGATTGAGTATGTCCCCCTCAACAAACGAATGAGGTAGAAGAAGAGGCAGATAATGCGCTCAACTTGCGTGTCTCGTTTGTTTTTATGGGAGGATCCTCCAGGCCACTCCTCGAAACCCGATGTTTTAAGGACTTCAGGGATAAGATGCGCAGCCTATGGCGACCCGCTACATACTTGCTGCCCACTTAAGCTGTATTCTGTTCAGAGTCGGACATCGGGTCCTCCCCGTCACGGGTGCTATAGTGGTAGGTGTTTACTACCTAACTTCCACTTATAGGCAGAACTAGATGGTTCCCTATTTCCATGTGTGATTAGTTTAAGTGACAGCAAGAACGCCGTTACCGAAGCCGTTGTGTGGCCTATATAGCGTGATAGTAGTCTAATTCAATGGATCACGGGATAGAACCGAGCTCCTCAGCTCCGTGGGGTCTATGATATCATTGTATCGCTTTATGCTCCTTTAATGCGCGCATCCGGACCTAAGTAGACCATGAGCCTCGCTGCCAACATAAATAAATTGTCGAAGCTGCGGCCGATTTAAGTATTGGTGATTAATCCCTGCAACCTGGGTATGGCTAGCATCCTAC,1173,48.51,Drosophila melanogaster
SEQ_394899,GAAACGGCGTGATTGCCATTATATTGCACAACAATGTCAAACCTGATCGACTTTACTCATATACTAATCGGGCACTTAGTAGTCGCTCCGAATAAGCACCAAATTGGGGGCATCTCTGACCTAACTTTCTTCTGGGCGGCCGCCCACTCGAGAGTGATGTAAAACGTGCAGAGAAGCTGTCATTCCGTATTTGCGACGGTATCGGTGCCTGATCTGCCGACGATAGATACGTTGTGCTCGGAAAGGTACCATCGCGACCCCAACCCTGGGATACCCGGGGTCGTTCCACACCGGTATCGGCCGGATCCAATCGGTGACCTGTGACGCAATTAACCGATAAGCTAGCCAGGGCGTTCTCAGTCACTTTCTAGCCTATCAGGTTCAAGCACAGATCCCTCACCTACCACCACGAGCAGGTCGGTTGCTCGCTGGTCGACTGCAAGGCGTACGACTAGTGCGTTTATGAAGTGTCCATTGTCTAAAGCTGTAGGTATGGGGGTTTGAATAATGATTCCATTTACTCGCCACAACTTCTGCGGACTCGAGAAGACGACGGACTGCCACACTTAAGACAGGCTTTGCAAAACCTGATGGCCAGAATGCAGTTCTTATTCTGCAAAGTTGTACTCATAATGCTTAAGCTTGCCTACATATGAGCACGACTCGCTTCCCCCACGTCTCATTAGAGCTAGCAAAGGAATAAACTCCGCAAGATCCTCAGGGTACCCCCTGCGCACTCCCAAGCAAACATGTCGTGTATGCTGTATATACGAATCAGTGGTACTGCTCTCGGTTACGCAAGCCCGCTGGCGTAATTTTCAAGTGACTTTCATAGATCAAGTCGTCGCTATGAGTGTCTCTCTCAAGGGTACTGCTGTCTGGTTCCGGGGTGCCCGTGTACTAGATCCATACGTTTTTGTGTAAAGACGCATGATTCCCGTGTTCGGTTTTTCATTGAGAGCCAGCCTCAAACGATTAGCCGCTACCGCCTGCTTAGATGCAGCCTCCGCGTTCTCTTGGGTTGGCGGCATTATAACCGTATATGTTTAGCTATCAAATGCTCTACAAAAAACACAGATGCTTACACCTAATGAGGCCCCGACAATGTATCGAGTAGTATAAAGATCCATCGGCATAAGCGGTTTGCCAGGTCCGTGGTACGAAATCACTCGCCACGGACTTAGGCAATTTCGTCCGTCCAGTCCCTGAATAATTGTTTTACAAGGTGTAAGAGAGGCAAAGGCGTGGCCCCTTCTGATGACATCCTGTGGAAAGGAATAAACAGTAGAGCATGACCTCCCGATGACCTGGAAGGAGGCAACTAACGAGTTCAGTACAGACGGACTGTGCCAGTCTTTGGGTAATCGGTTGTGTGTAAAAATACTGGCCATGTAAATATCCACGTGACGCTGACGCAACGTTATACACCGTATCATCGTGTAAGCGAACAGAAATGTCGAAGCTAACGCAAGCACCTGACTGTTGTTAGCTAGTATATCTGCTTTCACCCAGAAACTATGCCGAATGAAAAACTAACACTAAGACTATCTTGACTCCCGATCCCTATTGCAATATCCTTGCCGTAGTGTGTCCTGTTG,1598,48.75,Saccharomyces cerevisiae
SEQ_724092,CCATAACTCGACACCCGATTTGCTTTAAGAGAAGTCGCCACTGATTCGTGCGAGGTTTGCGTCTCCCCCCTAGAGGAATAGAACAAAAATAAGATCGGTGATCTAGGATGCTTAGTACGGTTCCTGGACGCAAACCGGTCCTACGGTTCAGCCTGCGGTTGGCCAAAGCTAGGGTATCAAGGTTGGTCTGGCTCCACGGACGCTCAAAAAATCTCGTTTAAATCTACGCCCGGACGTCCACCCACCTTTCCAAAACCTACAGCCATGAGGAGATATGGCGCATAATACTCATACAGCGAATGTCATAACCGGACCCTTACTGTTAAGAGTGGTCTTTTGCATGATAGACACCCCATCCGATAGTGAACTACAATTTAGCTTTTTAGTTTGGCTACTTTGTTCGGGGAGATTAGGTCGTTAACAATACGAGGCTTCAACTCAAGAAGTTCGTAATCTACAAGGCTGGTTTTGTTGCATCACTAACCCTGGGTCGGTCACGTGGCAACGCATGATTATGAGAGCAGCCATCGGAGCCAGTCCCGCATTATACGTAAAGTGATTTTGTACGGAGATCTCTGACTTTCAACGGACTAATTACTCCAATGCCTCGCAGAGACTTAGGAAGATAACGATGTGTGTCTCCACCGCTCACTCCGCTTACTTTATACAACCGCCGGTGAAATGAGATAGATGGCTTAACGACAATTGCAAAAATGAGTGTTAGAACGTTGGTGTAGTAGAGATATTCATGGACAAAGGGGTACAAGGGCACCGAGTCTACCTACAATTTGATATGGGATGATTTGAATGATGCGATCAGATCTAAACACTGGCCCAATCACGAGCAATTGTCGTACATGTGTAGTCCGGACTATAGGCTTAGTACTATTTAAATCGCACGGATCTGTCAACCATCTCCGGCACGAGCGCGGACAAAGAGTCAGCTCTGGTCTGGACGTATAACAATTGCTCATAGGGGGTCGGACTGTGGGGGCTATAAAAATTCGTGCCGATGGACTTATTCAACCATTGCCCTTATCCCCATAGCCCTGGTATATGCAGTCTGGTATTTCACAGAGCAGACATCGTCTTCCGTTCAAGGGATTTCCAGCTACCTCGGCATGGCGCCGCAGACCTACCTTGCAAGGGACTGCTTTTATGGGTGTGCTTCAATGTCTATCTCAGGATCAACGTCTGTCTTTTACCGCTATGAGGGGCCCGGCCTGGTCGGTATATTGTGTGAGAAACAAGCATAACAGCAGTCGTAGTAAGACGAAACCCATCCTTTCTCGCTGATAAGCTAGCTGACTTCGGACGGATAATTGAGAAAGTTGTCTGCGTGCTTCGCTTCGTTTTACCGCCATAACAGCCTGTGTCAATCAAGGCATACAACCCTCCACATACCAAACGTCAGATCAAGAGTGCACAGTA,1431,47.52,Saccharomyces cerevisiae
SEQ_567023,TCCCGCGTGCACCGATGCGGTAAGAACATTCCGACGGGCAACTCGAAGAGAGATTGCTAGCGGCTACTCGTTCTCCCAAGGTTGGGCCCTTGTAGGACGGCCGGGCATGTTATCTTAGGCGCCCTCACCACGAGTTTTTACACATCCCCCGCAAACGAACACGACCCCGATTCACGGGTCCGTGTGCTAGCTTTGACACGCGGTCTCCTGTCGGATAGTCGTCAGGAACGTGCCGTACCTCCGCCCCCCAATCATACGCCGGGGGTCAGACCGAGTTCTTGAGAAGGGCAGCGCCCAAGGCTATGCACCGGTAATACCTCAGTTATTCAGTAAGGCATTGGCCCATAGAGGGGGTAAACTGCCAGTCCGACCTTGTCTCGCCTGAGGCGTTGCGAGTAGTCTAAAAACTGGTTCGAGCTTTGAAGTGTTTGATCTTGCATTAACTTCGAAATTTAGTTATACCTTAGACTTGGGCGGTCAGACCGGCGCCCTAACGGAATTCAGGTGGCGGGATCACGCGCAACCAAGAGGATTGTTGTAACCATTCCAGGCCGATCGACCAGTGCACCAGTAAGGTTTCAGAACGCTGGAAGTATTAGATAGTGGTCACCCACGTGTTCGTGCTGATACCGAGCATTGATGATTGGCCATTGTGGTATACTATGTAACAGCCATCAAGGGCAGGGGTCACATCCTATTACGACCCGTAGCCGTCTTTGTACCAGTGAGCCGAGCAAACTGCCCATAAGTGTTCCTGATTTAGTAGCAAGGACTGGCAACGCTTGGAGTACTTAATGGGCAGGGCCTTGATGAGCATCTCCCGTAACCAGTTGTTGCGCGCTCCCGGACATGGTGCTGTTGTGTATGGTTGTCCAAGAGGAGGTCCCCTTGCATTCCGTGATAAGAATTTCGCTCTGGCATTCAGGTCGCCCTCTCGCTTAATGGGGATACGGAATTCGGGTAAATCAGCCGCACGCGTTAATGTCTACCGAACAACTGGAACTGAATAGGGAGTACGTAGTGCCGTTAAGTTTATTCGTAGAAAAGATAAGAATACCACTGTTGCAATTAGAGCCTTTGTGACCCCTGGAACGCCACACTGTGGATGATGACTAGTACTCCCAACACGACCTGAGAGGTAGGCTACGAATAGTGCGCCCCCAGGAAAGATCGAAGAATCCAGCAACGTATCGTACCCATGGATAAATCCAGTATGATGGCTACTCGAGCATTACCTCAAGATACTTCAGCACGGTGGAGCTATCATTACGGCTACGCACTCTGGGCGCATCCAGCAAACAAACGTCGCGTTGCATTGACCGGAAAGGACTGGGCTTGATGAATTACTCTATGGGGCTATATGTGCTCCTAAATGTAATCTGGAGTGGAGTAATCTCTTGTGAAAATGCCTTTATCAACATAGTGCACATTCTCGTTGCCCGTGATGCGCGTGAAGGGAGCGCTGTTCTATCCAAGAAATTGAGCTCAATAAGGACACCGTTTCTACCCGGGTCACACCCCCTGATCCCTTTTTGAACCAGCTGAAAGACAGTTTCCGAGTGTAACACCACGAAGAGATTTTGTTACGTGGGAGACTTGCACTCGCACTTTTAATTAGCGCTTCTGTTCGCCCAGGTTTGTCAGGCACACGGACAACTTAACATCTTGCGCGGTCACACACTGCCCAACACATACTAGCGGACTAACTGGGCTAATTAGAATGAAAGGGAACGCCGCGCTCAGACGGACTCGATCATAGTGTAGGGCCTCCTAAGACTAATGTAAAGATGACCGGCATGGCATACAGTATATTTATTCAGCTTT,1824,50.82,Arabidopsis thaliana
SEQ_446953,CGCCAGTTCTACCAATCACTGAAGGACAGAAATGAGAGTATCCGGTGCCGAATGAGGCTGCGCGCGACGGAGGTAAATATCTTTGTAGCAGAAATGATGATTGCGGCAAATGGCAACATGCATGATGTGGCCGCTAGCCAGCATGGTTACAAAAATATGACCTCTATCCGTTTTCGACGTGAGGGGATACCTGTGCTATGATCGCTGACGCCTTACAAAGTCGTGGGATCACAGGTAGCAACGCGCGTACGTCTGGGGCTCACGAGCGTGCAACGCCCCGTGTCTATCCGCGCCGAATCAGGGACATCGCCAGTCGGGTAACGTGACGTTAGCTCTTAGCCCGAGTCACGCGGGTTCTACCACGACAGTACGTCCAATTCCAGGCCATAAAGCGGAGGGTTAGGCAATCTAACACATATCGACGAGAAAGAGTGTTAGACCCAATAGGAAGGCAGTTCGGACTTTTACGGGGGGGGCACGCCGATTAGAACGCCTGGCGAACAAGGCAAGGATCGGCATATTGCGATTTATAATACAGCCATCAAGCGGCACTTCCCGTCCAAGCTGTACCGAAAGTGCCGCACAGGGAATCCACAATTGTTCTATGACGTACTATACATCAGACCGCCGGTGGTCATGCCTGTGCCAGCCTGTCTGACTCCCTCGTTGGCGATCTGATGATATTCGCCTGCCGCCTCCACAGACGCAGCAACTAGAACATCGTAAATCATAGGCGCCTCAGTGGGCCTATAGACACGGGTTACCGGAATGATGATTGCAGAGTTACTTCTACGGTTGGACCGAAACATGAAGCGCTCTATAGCCAGTGTCGCTCGTCTCTCACCAGGGTTGTTTTCATGGAGTCTCCTGACGCCCAGGTGCCGCTGAGGCCCAACGACCAGGAACTACATACTACGATTGATGCGAATGCGGGAAACTCTCCTCGTACTCGAACTCGCACAGCGACCGTACTAAGCGATAACTCCACGCTGCCATAGACTAGTACAAGAGAAGTTCTGGGACATTAATCTAGTCGCTGACGTATTGGCGTACCATCTTCCCTTGGACCTTATTCGTTTTAGTTGTTTCTCAGGGGCCCTGGAATTGATATTGTGAGCTACACAAGCAAGCACTCTGGGCTTGCGCAGGGGGTGGGGATATGGAATGTCTTCTCGATGGACCGATTGAGGATTTATTACGCGCTACCGACCAGGTGAGGCCACCGGTCCTTACACTAAACATAGCAGTCAATCTATAGGGAACAAGGCGCCTAAGGGACGTGACAGGCGCGTGAGGTGGGACTCAATTATTTCG,1314,52.51,Saccharomyces cerevisiae
SEQ_855571,GGCACAGCATTGTTTTCCAGGGTACATACAAGTATTCTAGCAGAATAGGACAGCGTTTTGTCCGGGTAAATGCTCATCTGTTATTCTTCTAATCTTCGTTCGCCGCTTTGTTAGGGCAATCTGAGCTACGCCGTACCTTTGGACGGCGGGTCAGTCACTTCCACATACCTCAAACTTTCTGGAACCCATATAGAAGAGGTATTTTGCGCAGTCCCTCCCGCAAGATTATCTGTGATACAACATCGCCTCCCCTCGCACTTTGTAGCTTATGGGCAAGGGTGGAATTATTTATCTCCCTATTTACAGACAAAGGTGGTCCCAACAGCCCAGTAAGGACTCCTTCTGACTTGTCCGGAAACCGTTGCGGCCGGGCCCTAAGCTTATCTCGCATATTAAGGTGTAAACGACCGCCGGAATAAGCGGTGGGAAAACCAGTACCTATCGAGGTCACAGACACAATTGTTTTATGATAGAATCGAGTCTATGTCAGTCACTGCAGATTTATAATCATCTACTCGAATATAATCAGGAAAAGGGCCATCGGTTGAAAGCCGCTTCCTTGCACGACACCCCGCAAAACGGGTGTTACATCCGGTTTGAGACAGGCACTCTATCAGTTAATTAAGTTTACACGCTAAACGGGCCATCCCTCACGAAGGGGGCACACGTCTGTAAGATCGTTGCACTGTCTGGATTCTTAACCTGGTACCGAGATTGAACAGCCTGCGCAAGACTACCTTGTAGCCTTTAGCCAGGGGTGCCAAATCAATAGGTCCCTTTATGGTCAGTCCTCTCCATGCTGCTCTGACCGCATACACAGTCGCGATACGGTCGAAGTCGTTTTCAGGGAGCTCTTGAACTTGGAAGGACGCTCATGAATCATCGGCGCTGTACGGTGTTTCCTTGAGTCGGTAAACCCCCCTTTATGTCCCAGGGTGTTTGGGGCATCTTCCCAATGGGGAGCCAGGTGAATCACTTATGTTCGCCTTCTGATGTCCATGCCGGATCGCCAACGAGTCATGAAAGCGCACTTGGGTGATGATATCGGCTTAGGGAGTATGGGAGAACTGGGTATCCAGCGC,1082,49.45,Arabidopsis thaliana
SEQ_800752,GCGATGATCCTTCAGAACTTCTTTTAGCCATGCCTATCGGAGTTTATCCTTCGTGAGGACGCGCTCTAACTTGAAGGGGGGGGAAACAATCTTCTCACCAACATGCTAAGAAGTCTACTCGACCAGTGACCAACTACACTCAGCATCTCCTTGTAATCGTCGGTGGCCGAACAAGTGCATTTGCTACAGCACCTCACTGTGGTATAAACTGCCTTGGTCGGAAGGCGCCAACATTGAGAGATTCAATCAACAACCTACACTTCGTTACACCCCTGTGTTCAAGCCACGTGAATACAACGAGAAGTGTTCAGCCGCGCATCGACTTTTCGTTTCCTTGGCAGGCTGCGATGTTCCCCGCTACGGATCTGGCTCGTATTTTAACCGTTCGGATTTATACTAAACCTTAAAAAAGTTCACCCGTGCATTCCAAGGGCATTAAGCGGGGGGGTAGAAGGCATCATTCTCAGGAGCCCAATTTAAGGCTCCACTCCACGAACGTTTGTGCATCAACCCCATTGCTTGCGGCCACGAAGGGGGACAGATTGTCAACGGCTGTAATAACAGCCCGTATATTGCTAGTGTCACTGACCAGTTCACTTCCCAAATGCACTTTACATTACCTAACTAGGTGGTATAGTCATCGTACCAACCACAGGCGCAAGGTGTACTGCAGTTTCACTGGCCACGTTTAAGTTCGAGACCATTAGCGCGGGAGGACAGGCGGATCAGGATACGTGGTTTAGCAAGCATTAAGTTCCGACCGATCCGTCCATACGCTGACTTGCCATACACCGAAATATCCCTTACCCATAGTAGTAAATAAGTACATATGAAATCGTCAGGATATGTTAAGTGTGATTTGCCCAACTGATGACGTCTTGCACTAACAACGCTCTCTGACGACAAACAGCCTTGAACGACATTGGCGCACCGATCCACACCCCAGCCCTGGCTACACTTTGCCACTCTCCGATTGACATTGGAGAGGCAATCCAGCATGATATTGGCAGGATACCTCCGCAACCCTCTCTTGTTTCCGTTCTGGACGCTTAGCGACATTTTATTACTGGTCCCGTCCTGGAATATCCCGTTGACATTGCCGTCGGGGAAACAACAGACGTCTATTCATAGGGACAGAGATTAGCTGTCGATACTGCGAAGACCTGAAGCGCGTCACCGGGCCGCTCGCGAACACACTGCTGACATGACCGCGACATCTAATCATGATTTGGTCCCGGGATGTTCATAAACTCAAGGATCGCTTACGGAATACGTACCTGAGCTGTTAATAGATAGTTTGAATTTCTTCCCAATCATAGCACTATCGCGCGGATAGGTAAGGGGATGTGAGAAAGAGACAGACTAACTTCTCCACTCTGGCAACAGCCCGCCTCTAGCACTTGAGTGGGTGTCCCTACTCATCTGACCTCTTCAGTTAGCCCTGTTTAGCGTTCTAGACTGCGTTCAACCTTTGGTGGCGTAGAAAGGTAATTCTGTAGCAACTAGAGAGGGAAGACAACGAGGCATAGACAGAGCCGGCCGTAGGCATGGACTTCAGTGATCATACCATTTAGACAGCAACGTAATAACGTGGAACTTCGCGTAAATGTCATGACTTTATTTTACCGCAACCACCGGCGTTGATATACGCATTCTCTCTCCATAAGCCGGAAACCGTGTTCGTCACCTGTTACAGCGACCATATCCTGCTACCTGGCTTGCCAGTGAGGGAGCGTAGGACCGTTTATATACTTTGCCGCCGCGTTACTTTTAATCGTCATCCAAGATCTTGGACTACATTCTTGCATATTAAGCACGGCGGGCTCTACT,1830,48.96,Homo sapiens
SEQ_594240,TTACGCATTCGCCGCTTCGCATCCGTCTTTAATGGATTATTTCGGTCCAATAGGGAGCGTGCTCTTTTCTGCCATGCTGATGAGCGGAAGAGAATAGTAGGGTCTTTGTGCGCCGTGAGAGGTATAAGTAGGACCGTTGATATTAATGCTATAAGACTTTTGAGCGAAGTGTCCTGAATGTTTTATGCAACAACCGCTTGAAGGCCGAGTCTGACCCTGATTGGCAATTTCAGGCCCGTCCTAACGTCGGGTTTCGATGCCAGGCCTTCTCTGATTAAATAGACGTCATCACAGACGCGCGCCTCGCTATACGCCACGAGCGGACGCCGGCAATGTAGGAAGGTTCCGTGCGACGGTAGTGGCGGGTCGCTCTCGACATCAAATGGTGGTACGTGTAATTGCGATAGGCTGAGCTGCGATACGGCACTAATACCATTGCTTTATAAGCCACATGCTGCAGACTGGTGGTCTATGTGGTTGGCAGGTAGGCGGGCACTCGGGTTGGCACTTTCATTTGACAGCACCTCACGAGTGCTGCAGCTCCTACGTGATTGGGGGTTGAGCAGTTTCTGTGACTTCGTAGCACGCACCTCCCCTCTGCTCAGCAATTTAATTCATCGCATTGCGTCATTCGCACATCCTTGAAGTCTAGGGTACACCCACCGCGGTGCAGAGGCCTCTCTTAACGTGCAGGAGCTAAGGCACGGCACTACCTCTTAACTTAAGCTATGCCTCTTTCCTATAGACTTAGGATGCACAACGACTCCCTCGGGAGGGTTGGAGGGTGGCATTTCCCGTTATTATGAAATCTGTCTGCCTATCAGTTGTCAACTCGAGGAATACCTTTAACATGCCCGCCGACAGAACATCTCCAAGCTTCAGGAGTTGCTTT,892,51.35,Homo sapiens
SEQ_175997,TACCTTCGGTGAATAGAGCCATTTCAGAGGATGCACCTCAATTAGCTTAGGACACAGCGCTGCGGTACAACATTTCAGATGTATCCGGTCATGTTGCAATGTACCAGCCCTATGCCCACTACTATTGGCTGATGAAGGCTAACACCCGTGACCATCGGTTCGCGGTTGTGCATGCACTACTGGATATTTTAGAATTATGACGCTGGTGATACCACATGTAGTAGAGCGATTAGCTCAATGCTCCTCAAGATCCACTATTCTGGGATGAGCCGGTCGCTGCCATGAATTCTGCAGGTCTAAGGCAGGCTCGACGTTGATGAATCGATCACAGGTTTTGACAGGGCTCGCCAGCATACAGTTGGTGCGCCGTTCGGGACTTCATATCTATTGCCGGATTGCGGCCTCCTACATTACATCGAATAGAACTGATAATTATGGTACTCCCCAGGGTCTAGGCGAGAGAGAACTTCGATCTCCCAGCGTTAACCACCAATACGAAAAGGGATTAACAAGTAGCTTTGCGTATTGTTAGCGGGCCCCATTAATTTAGATGTGTTGCAGGTGGGTTTCTTTGAATTTAGTAGACATCCGCATCGCACTGGTTCATCAACTTCCGGACTTGTACCTAACCCACGCTATAAACTTTATAACCTGCGCTACCTTAACAGATGGAGATATCCGACTGCAATAACTACCGAGAATGAGCGCATATCAACAC,718,47.35,Escherichia coli
SEQ_747825,AAGGGTGACCCCGACAAGCTTACATAACTAGGCCTTGAGTTAAAGCGGTATGCTTAAGGGCTGTTTTAGTTTCGGTGTGAATAGACCTGATCACGAAATAGCATGCGAGGTGGTAACACTTCTCAAAGGTACTCTAATGATTTAGCGCTTAGACATGGACTGCCACTCGAATCCGATCTCAGTGTTGGTCCCTTCTGATCTGCTCTTGTAACCTATCATCTGAGCGATTGTGATTTCACCCCACGACTTGCACAGGAACTCCTTAGAACCTGAACAGACTACGTCTCTCGGAGCGCCATTAGTGGTATACCAGCGATTGGTCCGCACCATTTGGGTTCCGCCCTCCCAGGGTAAAGAATGTGTTCAAACGCACTCTCCGTAGTGCGCGTTGCTTGTCGAGAGGGAGGGTATAGCAGGATTGTTGAAATAACAAAGGAAAAATGATCGTTGTGAGCGCGTGAGTTAAAACCGGACTACCGGACAGAGCGCTTACTTCTGTTTAGCCCCCCTACGAGCCTGGTTTAGCCATGAAGAAGATTGGCGAGCGCCGCGTTCTCACAGCAGCATGTCACCGCTTTTCGCTGTTAGACGTCGCCCAGGCCCGGGGTTAGAACTCATTGGTCGCCTGACAGAAGTCGCGATCCCCC,647,50.85,Caenorhabditis elegans
SEQ_822412,GGTGGGGGATTGTCTCGCGTGTGGAACGACAGACCACAAACACGTCCCGAGATACTATAGGTTCGCTCGATAGAACCATAGACCCAACCTGTCGAGATAGTAAGCCGTCTGACAGGCACAGTCGATCAGGTATCTATATTTGAAAACCATCAGAATCTCTCGTTTCTATTGATTGTTTCGGATGAAAGAGACGCAGGCGCACCAGAGATCGCGCAGCCGATTGTGGCTAGCAGAACGCCATCAATTGCTCCTATAGGCGAAAAGATATTCTCGGAAGGTGTTGATCGGATTGTGGCGTGAGCTAACTTAGTGAAGCAGGCACTTGACTGTAAAAATGCTGTTCCATTCAATCCCCGATAGCACTGCCTCTATCCACGCGTAAGGCTCAGTAGACGGTCTTGGAAGCGTCACCGTGTTGAATCTTGATAATGTGCTCGGGGAACACTGAACATGGTCTGATTGTCCAGCTAGGATCCTTTCTTGGCTCATCTGTCCGGTCCTCGCGACTACCCCAACGCCTTGCAAAAACGAACGCCGACTAACGCCCTATACACTCGTCTTATGCAAACAAACGAATGTTATCGAGGTATCAATGCATCTAATCCACCGCGGCAATTCACCGCACCAGGTGGAGGCATTGCCCGCCGCAGGTACTTGAAGTTCGCCAGGTGCCTAGTCTAATTCCGATCACGTGTTGTGTGCCTAGACGCTCTGGGGCCCCCAGGGTAGAGCCCGAGGGCGAAAAGACAGGGCCGGGGGACAGCCTCTGCGTAAGTTGCGTCCACCACCACATATATTTCTGCCTTTGGTGCCCACCTTACTGTTTCCATTATTTTAGTGCGAATGTCGGACGGGCGTGAAAACCCGCGACATAAGCGATGGTGACGTCAAGGTGTGACCCACCTGACACACCATAGCGGTGCCCTGTGCCAGCTCGGCGCGTCGTACCGATGTATTGCGCCCTAGAACTCAGACGCTCCGAAGTTGCGCTTTAAAGAAATTTCTGAATCCTTCGGATAGCGATCAAGGAGGGGTTGGGGGCAATTTTATCCTGTATTGTCCGAGAAGTGTTTGATGTCAACGGCAGTCGTAATGGGGAGCATACGCTTCGGGTTGCCGTTCCTCTGCAGGCTGATTCCCACGCGATTACTTCGCCGCGCAATGTGAATTTTCGGGAGGAGATATTGGT,1189,52.06,Escherichia coli
SEQ_929223,GCGTCGTCCGCTTAAACGGAGCTAATCGGTCGTAACCTTACTCCAGTCAACAAGCGAGCTTCGCTCCACCTCAGCGTGGCACTTCTAGCCGCGCTGACCGGTGCCAGTGCCTCTGATGCATATACTAAGACAAGGGAAGTCCTTTACAGCACGTGAAAGGTGCGGATATTGCCACATGTGGTAAAGTGTAAGCAGGCGAACGTCACAACGCGTACCTCTATACGGCAGCGATTATTGCGCATGGGACAGGGCTAATAAGTTCCGTACGAACGGTGATACCTCGATAATTTTTGTTCGAAAGAACATACGCCTCGCGATAATTTCAACCATCCTAGTCATTTCGGTGAACCCAGTCCTGGATGCTATTGCCTATCTTCATAGTGCTTGTTAATCAGTCACATAAATTAGGGATCGCCAGATGCGGTAACGACCTCACACTTAATTGGTCGGAATAGCACGGTACACCGCTGCCACTCCTACTAGACCAAGGTATTCATCCAATCGCCGGGCGTCTGTATACTGTAGCAGTACGGTGGTACGTATTCAAGACGTATGATTTATCCACAGTCGTC,572,49.3,Drosophila melanogaster
SEQ_349254,CATCGCAAGGTCCTAGGGCTTTGCGTTGCTCGCGTAAGAGACTTTTAGTCCTCGCCGTTGATGTTTAGGTTTTTCATGGTCTCTCATCGGCGAACAGTTCCTCACTTCCCGGTACATGCATAGTTCCCATGTGAGCTCAGTCCCTGGATGGATTGTAAACGTGAAGTTAGGAGCAGGAGCAGTGTACATCTACTTGCACTGTATGAAGTATCCGTCATCTGCCCGGTAGTGCGTGACTCGGTGTGAAGTAACGATACACTTCATGCGTACCGTTATCCGATCGCATGTCCGGGTCGAGGGACGCAGCGGGCAAAGACGTGTGCAAAACGAACCTCTCCTTACTTATCTAATACCATGATGGAGATCACATGAATTACTAGCCGGATCCGGGAGAGTCTAGTGGATAGCCATATAAAGAAATAGGAGCACATGATTCAAGAAGTGCAGGTTGACTCAACGCCCTGCCCTGAACGACCTTTATCTGCTCTGCGTGGTTAGTCGGCTTTACGTATAGCTTCGTGGATCCGAAGTCTGACCCATGACCCGAACAGCATGGCATAACTAGACTTAGCGATGTTACGGAGGCCACACGGAGTAATCTTAGGGGACTCTTGTTAGAAGAAAAAAAACACCGTGAAGTCTACAGGAAGTCATTCGTCAAGGATTTACAGTACTCAGTTATCATCGTCGCCTTCACCATGCGAAGGCATTAGGTATCGGCATAGGATCGGGCGCAAAAGAATATTCCCACTTACGGCGAAGGAAAAAGCTTCCGCGACAGACGAGCTCCAATTGGACTTTTGTACTCTAATATCAGGTAAACGCAATGTAAGTTTGTGAGAAGAATGCACGCCTTCTTACAAGGCTTCGTTTTAAAGTCATCATAGCATACGGTGTTAAATCATCATTCCGACGTCCATTAACTAAGTCTCGACGCACCCGGTTTTCGACGCTGAGGGGCTATTCTGCAAGGGTTTACATGACTACCTATATCCTTATTTACCCATAGAATGGTATAGGGCTTACCGCGGCAAATCTCAGTAAATTCCCAAGGAAGTTATGGGAG,1066,47.28,Saccharomyces cerevisiae
SEQ_380953,TACTTACCGGGAGCTCCCTGACTCGCCGCGTGTAGGGAGTTTAACAATAAGGACCATTTACAGCGTAGCCTTAGATCCGCTCGTCCTTTTTAACGTGGTGATTTTCCTCTTCCTGGGCGACATGGCGATCCCCAATGGACATATTGTGTAGATAAGGGGTACGTTGAATCAATGTCTCCTATCGATTCGCGTGTTAGGAACCGCTAGTGCCCACCCCCAGCTACCTTCAAAACGACACGGGCGCCCCTTCCGAGAAGACTTGAGGCATCGCCCCCCAAGTACGAGTTGTAACACTCCCTCGAACTTCCGATTTCAAACAGATCCAACGTAAAACCCGTTCCCGTGAGTACCCAAACTTGGGCCCACACATTTCGTTTTCCAGAAAGGTTATGTATAGATACGGAGCCGGTCCGTCTCTCCCGGATCGGGAAGAGGCACACGCACGGGGAGTTTTTGCCCATTCACTTTGTTTCCCTAAATGCTTAATAACGTTAAGGTTCGACCGTACCAGTCAATCCTCAACAAGACTACTCCGTTATTGCTCTCATTCGTGAGGCGCAAGCCGAGTCGTTATAGGTACGAGATCCTAAAGGCGTTTTACGCACGTCTGTAGCGCAGCCGGTGGTTAGCCGATACCCTATCGGCGCTATCTATCAACGGCTATTTGACTGCTTCGGGAAATAATTCTCCGCCGATAGATAAATTGCGTTAGGCTTTACCACCGCAAGGCATATTCCCAAGAGATTGATCAACTGGTACCCGACTTTCTAAGCTGCAACGGTCCTGACCGGGCGTCCTCCTGATAGCGGGTATTCAGTGTCACGAACGTAAAGGCCTTTGTTCGAGTAGATGCCTCAAGTGGACACGTGCCAAGAAGATCTCGAGCAGACCTTACCGGAGCATTGGCGCGCTTATTCTATATAAGAATCTCGCTCAATACACACACTCTCGTAAGATCTCTGCCCAAAGTGTACTAGGCGACAGCCTGTGTTAGGAAAGTTCAGATTGTGATTACGCAATAGGCTATCTTTACTGAACCGCGCACGTCTGGTGATTCAGGATCCCAAGAGCATCCTGTATCCTGCATCGAATCTCCAATACACAGGCAAGAGTTGACAATGTCCTGAAAACCAGCGGGTAACGATGATGATAGCATCTCTGAAATTACACGTGCCAGGCATGCAAGTCTTTAATTCGAGCAAGCAGCAACTATGTTACGTATTGACTAAACCCCGACGAATCGCCACACCGTCAGAATGTCGTACGCGCTCTGGGCTTGATAATCGCACCCTAATAGGGCTGCCGAGCACCATCGGATTATTCTGTCTGTGCTTTGTTAAGCCCCCTCAGCTTAGTACCAGTACGTCGAGAGCTGGCACCTCTTATGCGCAGAACCCCTTGGCGGATTAATACAGTTTCAGGGGTACTAAATTAAGCGGAGCAATGGCCAGTCTTAACTCGTACTTACACTTTGACCTCTTAGAGGTGTCGTTAATAGCGATCTTGTGATCACATGCAATACCCTGGACACACCATCACTTTACTCAAGGAACAGGAAACCAGGTGATTCCACTCATAATAAGCCCTTAGCGTCAAACTGCAGCTGACCCCCGTCGAATACATAGGTAGCTCCATTAGAACGACTGCCCAGGAAGATGTCTTGTGTTTATCACGCCCCGGTTGACTCCCCAGCCCCTGGCCTTACATCCGTACGGCTGAATGATGGATTGAAATTGCTGACTCCTACGACGGAGCTTATGCGGTACTTCAATCAACCGGGGCGACGGAGCACTCGGAAAGATGATTTTAAAGAGCCCGTCAGTCGCACGGAAGGCACCTGACATAACGTCTCCTTGGCCTGCACTGATCCTGCCCATTATAATGCTGTTAGTGGATCCATGGCGACCTCGTCTCCATCGGCCGAGTCACAAGGCCA,1936,50.05,Saccharomyces cerevisiae
SEQ_796409,TTGTACAACGGAGTCCTCCGGCATGTCGTCCGATTGCCGGTATGAGGAAGCGATTATATACACCCTCTTGGCGCGTGTGAAATTAAATGCATACAGTCACTGACGGTTGAATCACGAGACCGACTTCGTCTACGAATATGCCATCCGAGACACCAGGTGGCTCGGCGCGCAGTTTCGAGATCAAGTTAATTCTTCTGTCCTCCCAGATCACACTAGACGTTTGATCCAAACTGGCGTAGCTCTGTTCCTTGCAAGGCAAATTCCAGAAACTGGCGTAGACCGCTAGAAATCATTCTGCGGCCGCTTGTACTGACCTAGGTAGTAATGATTTTGGAAAGAATGCCGCCGAAACGTAGTGGTGGGAGGTTCTCGGGATGACCCCTGCGCACACACCTGTATTACCGATCACTCTTGGCCCGAATAATATGTTGGGACCTCAGTAATCGTACACCCCCGAAATTC,462,50.22,Homo sapiens
SEQ_499660,GTCCAAATTCCCTCGTTTCGACTTGCCATCCTGTTGAATCAGCAGACGAAAGAATGGAGGGCAGTCGTCAAAGTGTACGGTCGCTTACGGACGAACTGTCGCGATGACGTTGTCGCGATAAGTGAACCGTATGTGCTAGGACGACGACAAGTACGTACTTCGCGCTGCCGTGGATAAGTCGCGGCGGCGATTTACAGACTACCTTCGTTGTAACGTTAACGGAAACTACCTGACTTATTGAGGATGCAGGATGACCGACCTGTCGTTTTGAACGCACAAGGCCCCCCTCTCGCACTTCGACGATACTTACTTGTTCAAGTCCCGAGCTAGACTGGTCTATGATAGGTACCCGCCCACAGATCCGCAAATCTTCTCCTACCCATATGCCAAACGTGCCGCCTTCCATGTCCCCCCGGATTGCAAAACACTATGTGCGTCACGTACATTAGCTGATACCTGCAGGTTTCAGGCGTCCCGTTACCGACAAAGCGACCGTATAGATTAAAAGCGGAAGAGAACACACCAGTAATTCAGTGGCCGATAACTAGAGGTCCCAATGTGCGTGCCTTAGCTGCTTCTAACGTGCTTAACCACACGCAGGCACAAAACCCCTTCCTCTTTTAATGCCATGGTGCTCATAATAAAGACAACGGTATCCCCTCTGCCCAAGGATTCCGCACGGGACTACTCGCCCGACTAACAA,703,51.35,Escherichia coli
SEQ_879358,ACTCCCTCCCGTGTAGAAGAGTCTAGTTTAGCAGTAGATATTTAGCCGTCGATGAATAACTCAGTTAGCATGTCTCGTAGCTACTGTCGTCATTCGATGTTCCATCTGTCCGATTCGGTAACATACTGTAAGGCGACACGAGTCAGCTTAGCGGAGGTCCCTTACTGGTAGTATAGGTGGCAGCATACCTTGAAGGCGACCAGTCCTCCAGCGATCCCCGGGACTGCTCAGAAGGTAATTCGTCACAGGGTTTCAAGAAACGAAAATCGTTTTCGGATGAGTGGATTGACAACGGGTATGACAACAATCATAGAGAATCCACTTGCCCAGCTCGTCGTGAGCATTTCAGATGTTTTCATAGTTAAAATCACGGAACCCACATGGATCTTCATCCCAAATCGACAATTGAACGTCGGACTAGCAGGTAACCACACACCGAAGCCCCAGTTTAAAATACTCACGGGGTTTGAGTAGTGTAAATTTGTCCCGTGTAGCTCAGAGAGACTCAGTGCCGAATAACCTTTATGGTCTAATATCTCCCACGTCGGGCGGGAAATGGCCGACGGTTGAAGAGGTTGTCCGCTGAAAAGATGTGAGGGCCATTTACGACACAGATCTAGTATGTGGAATTTAGGTGTCCATGGGCGGTCTGTCATCGAAGGTATTAACTTTCCCCCGCGCGGAAGCGCGAAAGTTTATCGTCGCTGTTACTGGGGGTGATGTATACCCCTATCTATTTCACCTCCGTCCCCTAGCGCTTTATGAGCTTTGTCAACTCCCCTTGGTGCAGCATGACAGAACTGACACAAGTCAATGCTTTGCGTGTGTATTAAGCATTCAGAATGAGTGTTCGTATTAATGGCGGCTGTGGCGTTGCTTATATACCGACGCGTCTTTGAGAGTTAGATTGAAGTATTCCGGTTGTGTCCAAGAAAAACACTTACAAAATTTTCATAGAACATATCCATGCGCTGGGGTGCCGCTTCTA,988,47.27,Saccharomyces cerevisiae
SEQ_818233,CGGCCTTAGAGCCTGATATGTACAGCAAACTCGAGCGGTCTGGCTGCCTCTTCCGTGGGGCACAACATTGGTAAGCGTCACCCTGTGATTGGCGATGAATCTTCGTCGCACGATGGCTTTGTTCTGATATAGTATAATTCCGCCATCAACAACAAAGTGACGACGGGCCCAACAACTGGCGTAATCGGGCCCAGTACTAGGCCTGGAACATAGCCGACAATAGCTGGTACATCTATGCAAACTTATTTACCAGGCAGGTGTACATGTAGCGTACGCCGAGATCCCCTAATTGATTGCTGACACGGGCATTTGCTACTCCCAGCCGCGATTACCTACTGATTCGTACGTGATACCTTGGGTACAGACGGCGGCAGAGAAACCACGCCCCTAACCCTAGATAGGACTGGAGCCTCACATTAGGGGCCATCATGAGGACGCAGTGACGCTCACCCGTCACACTCCCGGGGATGACGACTAAAGGTATGAATGTGTCATCCTTAAACAGGTTACCATGTTCTAAAATGCGGGCCGCCAGAATAGATTTACGGGCAGAAGCATACCTAACCAGAACCTCCTTTAGCTGAAGTTCGTGAGGAACACATATGACCTTCTCGACAGGCACAAATCAGTAGACTGTACGAGTGAACA,648,50.93,Caenorhabditis elegans
SEQ_934169,ATACTCCAGGACAGTTAGGGTCCCATATCCAAAACCGGGCTAATTCCATCCACAGCGATCTACAGAGAATCAACACGCCTTATGCACGAGCTATACGCACGTAGTGTAAGGACAAGGACTTGGCTCGATATATTCAGTAGACGCACAAAGTCCAGTTAGTTTGCCTTTTCCCAGGACAAGGCAAAGATTGATCATCATACAAGTTCTCTTCTCAAGTGTAGACGCGGAGTTTTCTAACATGTGGGACACATGTTCGCTACGGCGTGAACGCATGGGGAATTAGGCTATATGGGCTGGCAAGTCTTAGATGATTCTCGGTCTATAGACGGTTTTTTACCGTGCGCTAATAAGCCATGGTCAAGCTGGTCGTACACTGTAGACTGTTCATAATCCAACGTACGCTTGGTAAGTGAGTAAGGCTACGAGGGACCCCGATTAGGTCGGAATCCTTATGGACAAGTAGTAGTCTCTATTAGGAACTGATGGCTTGGCTATGTCTTGCAACGACCGCCCGTTGATACGAGCATTAGGCGACTAGAGAGGACATTACTACCTCTGTCGATAGGGGCTTATGGTAACGGTACGAGGACTTAGTCTTCGAACATGCCTTTCCACCGGGGACAATGAACAAAAGGCCGGGCAAGCATGACCTATCTGCAAATTCATGGACGGGATCGAGAATACATTGCCGGACGCGGATCTGGCCGTATTGGAGCGCTAGCAATCTGGAAGCGTGTGTCGTTTGAGCAGTTTGAGAAGTGACCACCGGTCGCAGCATCTGGGGGTTACGTTCGGCGTTCAGGAAGTCAAAATCAGCGCTCAGTTTTCCCGTACATCACAGACATAAGTCGAGTAGTTAAGCGTTGGATCGCGCGACGTGATGGACTGCGTGATTGATACATATTTCCCGAGAAGTGCGCGAATATATGGCGCAACAGCTGTGGCTTCAGTCGACGGTTGCTCCTGCCTGGGTGTGAAAAGATAGGCGCCGAGCCTGATGCCGATCACGGTCCCCGGTTACATTGTCAGTTGCGAAGTACGCGTATGTGGTTGTTTTAACGTTCACCTCACTCGTGGTGTTCCGGGCCCATCATTGTGTGGGGCCTAGGATTCTTACGGCACACAACATTGTCGTCATGTCCAGCCCGTATTTATTTTAGCAACGCAGCGAACCGAGTCGAGAGCCCGGGATTCCCGAAGAGAGGGTGATCCCCCCCAGGAGTTCACACTCGGGGTCAGCCCACCTTGAATCATGTGATACAGTTATTGCACGGCCACAACGTGACTAGAATTCGATCATATGGGGCTATATCGTGCTAATCGCTAGGAGTCAACCGGTGGGGAGCGCTAAGACTAGTGATGACTCATTCACGCTAAGCCCCAGGCATCATCGAACCATATGGTGGGTGAGTTTTGTCCCATGTGATTTAGTTCCATTTGAGTCTGGGACACCCAGCCCAACCATTTGGTAGGGGGTGATCAAAACCTCACCATAAACAGGTTCGTGTCTAGTAAGCTCTATGCAGTTCTATGCGAAATCATTCAGGAGCCGGACCGTTTTTAACCGGCTCGAAAGTGTCCGGGACGATTCTACATGGTTCACCACACGATTTGAAGTCCGGGCGGCAAGGAAAAGCCCTAGGGCTTCGGTGCTTCCTAGACTAC,1665,50.45,Drosophila melanogaster
SEQ_447293,GCATATGCATTCCTGGAAGCCCGACTTAGGATACGCATCAAGCACCTACCGTATCATGTTCTGATCCGGATGCTCTTGAGAGAGTAAGGGCGGGAACCGGTCTCCTTTAGCAGGTCATCTCATATATGAAGGGTATAAGGTAGATAAACGAATT,154,46.75,Homo sapiens
SEQ_960368,GGACAATATTTTCATCAACCGTAAGACCAATGCCCGATCCGTTCATCAAGGATCACTCCCTAGAAGGTCTGCCGGCCAGTGGTTCTCTGTATGTCCACCCGGTCAAGCGACTGCTTGACCACCCTAATAATCCTCCCGCAATAAGTTAACAATACACCGGAGCCGCGGCGTTGAAAAACACTTCTCCACAAATAAGTTGAGAGAGCCTTATTACTGGAAAGGAAAGCGAGCACGCAGCTCTGAACCGAATCGGGGATGGAACCAGGCACGCGGCCCGTTGACGAAACCTCTGTTGTGCTCTTACTCCCAATAGTCGATGCGGGCACGTCCTCCGACATACTAATGTACACAATGTTTGATACCCCACCATAAGGGGCTCTTGCCGGATATGGTCGCATTTGTAAGACGAATCGTGCCGGCAAAGTGAATTGACAACCGCGGCCAACCAATCCGAGGGCCCGAGTCATGTCAAGGGGAAATGATGAAGCCAGACCTAACCGCCGGTCGCTACCCAGTAACTGTACCGACTGGAGCTCACGCTTCCAACATCAGAGTGGGGGGTAGTCGAAGGCGCTTTACGTCGCCGGACACTGGAACGTCGGAGGTCACTTAGTTCGTAACCTTGTCTTTAGGATGTAGTAAACAGAGATGCTTCTATGGAACCGAGATGTCACTTACAGGCGTGTTAGTCCGGAAAGAGCCACCAAGAGATCTCCCTTGATATGCGCGAAGAATGCGACGTCTCTCAAAGAGTCCGCTCTGGCCCAGGAACGATGTCTTCCTGTTCGTTGAAATTTCTCCTATCAAGTACAGGATCTTACGGAGAAGACAAATTTTTCTGTGCATCAGTCAGGTGTTCTAAAGGGCATTCGCGCACGACAGTACGTTAGAAAATGTAGGTTAGTTACGTGGGCAATCAGCAGAATTTTTTAACCAGTACTGTGACGTAATGTGCGACTCAGATATGGTTCGGCAGCCGCATTCGTCGCCAGTAAAGGGCGAGCTTATGAATCCCATGGAGAGTTCCGATGTAGAACTGGCAGGAGAAGAAAAGTTAGGTCTGCTTTGGCGGGATCGTCCGACTAGTATATAAC,1094,50.27,Caenorhabditis elegans
SEQ_336797,GGCGATGCTTCGTCATCGGCCCAGGATATACATGACGAACGATTTATTGGCTAAAGCGTAGCCTACACAGAACCCGACGGGGTTACCGTGGGGGGCTAAACAATCGGCTAGGGCAGTTGGTCCATAATAAGCGATAACCAAACATAGGCGTTGTCGACTAAAAATCGGCAAGCTAAGTCTCCTTCGATACACGCTATCCGGCTAAAGGATGTACACTAATTAGACGTGTGTCAATCTCCGGTAAGTTTCTGAGGTAACGGGGCGGGTTACTAATGGTTTGATCGCACCAGTGAGGGTAAACCGCCAAGTTAGACCTACTAAGTTCAGATCACACCCGGACCTAGTAAGGCTACCATACGAGTGTCCTCCCCGGGGCTCCTACCTCGACCGTAGAGTGTATGTTTAAGCCCCCCGACTCGACATATGAATGACGCAAGTGATCCTCGGTGCACTAACGACTGTCAGTGGCGGCCCTAGACCTTCGCTTAGATATACCTGATACAAGGGCTACAATGTTATATACAAACCAACGTCAGTGTACAACTCTGCCCTGGCATCTCTCATCCCTTGCGGAGTGACGGTAGGGGCTTACACGTTTACTCCGTTTTATCTCAATATGTTCAAGACATGCGGTAGTAAGCCGTATTGATGTTTACGTATGAATGCTAACAGCCCCCAGTGCTAACCGACTAAACAAGTGTCGCAATCGGTCATCTAAGACCAAACAGCCCCTTAAAGCCATCCATGGAGGAGGGTTGGCGGTAGCGTATTCTGGACCACTGCGTACGGACGCGTAGTCTGGTGTCCATTTACCG,815,50.06,Arabidopsis thaliana
SEQ_654589,TGAGCACGCAATCCCGCACGACGCCTCGAGTGTATGCGGTAAACGTTTGAATTATCGCACACTATGGAGCCCCACTAGTCCTACATAAGATTTGCGCTCGACGGATGACCGTGCGGCCGAGTGTTCTCGTATACAATGATAGCAGTACACTGATCGTCCTATAATACAAAGAATAGTAGGTTTCGTGTGATGGTAGCCACCCTACGCGTGGTTTTCACCGTCCTCTAAACCGTGTTACTATGACTGTCCTCCACGATTACGCCGCTGTGTCGGAGTTGCTGGATCTCCGGGGCCATTTCCGATTAGAAGCATCCCGGCGAAGGCCCAGGGTATTAGAGTTAGTCTCGTTCATGAGAGAATTTGAGTTAGGAATTGGAGAGAAACGCTCCGAGATCACGTCCCGAATCGGCCTATCCCATGGAGGGTCTAATTCACCTTAAAACCACAAAGAGCACTGATGCGCGCGATGCAGTCACCTTTCCTCTACCGCGGGGCACTACACAATGGGTAAAAGGATAAAAGGCAATTGCAGGGGAAAGGGAACCATCATAAGCTGAACTCGTTTAGCGATTCTCTACCTGGGAATTAGGCTGCAGCATATAGTCGTCGAGTAAAGTGGGTCCTTTAAATTATGACAGCAGCCGGGTTTGCGGGGCGATTGGGGCGGGCAATTGGTTTCTATGCAAGAAATGGCGTAGTGTACTACATTGTATGTCACCCTCCCTCGCCAGTCTGGTAGTAACACAGGC,749,50.33,Arabidopsis thaliana
SEQ_163434,GCCAGTACACCCGGGGCCCAAAACTTAAGGTGTGCAGGAAACTTTCGCTCAATTCCCTTCAGTGCCAACACACTCGATTTTTTTTCTAAGGTTCACCCATAACGTTTACGCTGAGAATGACACATCTATGCCGAAAATGCTGTCTGGTCGTGTATGCATATGACATCTAGACTAATGATGTATCTGGTCCCAAGAGCGTAAGAGCACAATTGCTCAATGAAAGCACGGGAGAGCGGCTCTCCTTTATAAGCCCTCGTACCGTGAACGACGGCACCAAGCGTCAATGGAGGTTCTCTGACTTTTATGTAAGAGATGTATCTTGTTATGCAAACGTATGGTAGAATCACACCTACAGGTCCAGCTTGCTGCGTCCTCGGTACGGAACATGAGGCAGCCCCCAATGCGATGGCCAAACTTGCGAATCATATTGTTATTAACGTTCAGATGATGCCGGTGATTGACTCGTTCCTGGATGGACGAATTGCTCGCGGTAAAACCATCGACCTTTCAGTGCGGAGAAACATGCGTATGGATCATAAATCCGGGGCGCCCACCTCATTATTTCTTGGTAACTTTAGGACTTAGCTGCACCTGATGCTTGGTCCGTATCCAATCGAATATATCAGACCCATCGACAGATAACGTCGTATGTCACACTTAAACGCACCGCCCATTCTAGGTCCTACTGAAAAACTGACTCCTATGATTGGAACCTCAGACATCCTCGCACCGTCAATGGACTATCGTGCTTGTACCTGAAGCTGACTGTAACCACTTGAGTAGGCGCAGTTGAGTAGTATAGCCTCCTACACACAATTAGGCTGGCATGCGTTGAATATTCCGGACGGCTTAAGACGGGTGCATGAGGGGGGTCGCGCGTTCCAGTAGCTTCCAACAGCGCGCGGTCACGTGTGACCCGGGGTCATAGGGAATAAAAGAGAAGTTACGCGCTACGCGCTCACAAGCGAACTCACAACCACGAATTTAGCCGTGCATCTCATCCATGAGGGTTAACTCAACCTGAACCTCCCTTTTGCCGGGACGTATGGTGTGCACGGTGTTACGACGCTCGGATGCACAAATTGTTTCTGGAAGCTCTAAGCCGCTGGGGGAAGTTCAGGTGTCGGTATGACGATTCTATATGAACGTTATCGAATGGCATCGACCCGCCGTCTAACTGGCTATCCCCAAATTGGCTACCGCTGTGTGTGACGTGGATTCGCTCATCAGAATCTTTGAGGGATTGCCCAATGGCGCGATCCTGGGTCGTCACGGTCGCCACAACGACATACAGCGGCCAGCAAGAGCCCCGGGGACGGAGAGACTACCGGGAGTGTACAGGGCCTATCTAATATACGACGCACGTCACTCATCTTCGTTAGATGTCTCATGGCAACTAATTGCATTCCACACGAAGCGCTATTGTCCCTGATGATGCAAATCTTACCTTTCAGCGGGCTCTCCTCAATGCCTTTAGCGGAATTGGAGCTTCATATTAGCAGGCAAACCGTAGATAGAGTTGAGAAGATCAGGCACGAGAATGGAACAAGGAGCTCGAGTGATTATGTGTTTCGTTCGCTACAAGCAACACGTAGCATACTTAACGTAGAACGATCATAGCTTACAAGGACCGAGGGACGCATGTATCGCGCAGTAAGGGTCAGCCCATGAAGATCCTTATTCCGCACGACGAATGGTAATCCGAACATAGATTATCGGTGCCCAGGCATCTGCCCGACCGGTGCGAGACCTTCGGTCCGTCGCGGAGCGCTCCGCTCGCAGACGGATAATGTCTCGTCTATGTGTACGCGGTTGTGATTAAAGGTCTTGTGACAGCTTTAAAAAGCAGTGATCAGAGGTACATGCCCTGCAATATGTCGCGCCTAGTAGACGCACAGCTATGCCGCATAGTGTTGGCTACTCTCTTGCGCTGTGGCCGGCTTTGGGTTGCCAGCCAACGGCTATCGTGAGTGCTCTTCCCGGCCCA,1987,50.73,Homo sapiens
SEQ_359063,ACCCGTCTTCCCGCAGATTACTCACGTAGACTGGTCACTTCAGTTCCTAGGAATGACCTCACCCCGGCCGCCTCAATTGTTTATTTAAGCGCCCCATATGATTCTAAGAACCCTGAGCTTGGCATTGTTTTGGGTACGCATTCTGAGCCAGGTCCGGCGTAGGTCTACCCCGAGTTCTAACGCATTCGTCTAACTAGGTAAAGAGCTTAATCACTTTTTGTCGCTGTTCCTGTCCGTAGTCCTTATTGGGATTTTTATCCTGTGGGCGCCCAAAGGCCCCATATACCGCCGCGGAACGCATCTGTCTGCTCCTACCCGGTGCAGTCCGAGGCGGTCTCCGAATGGTTTCCTATCCTGAGATTCTAGAGACTGATTGATCGTGGGGTCCTGGATTCGCATCCGTCTCTAAGGGATGCTGCCCACTCGGCGCTCGGCAAACTCGTAATGCTTACTGAGGTATGTAACGGTAGCAAGATTAGCGCGGGATGGATAGGTGCGCGCAATGTCTGGTAATAGAGGCAACTTAGATAATTCCCTGTGGATGGCGTTTTCAAGGTCGAAATCACAGTGCAGCGAGCATCTGTCTGAGAAGCACTTGTAGATCCCTCTGATGGCCTAGGGTCAACGGTCGAGAGACGGGCTTCAGGACGTATTCCACATGCCGATTATTAGGGGACTTCCTGACAATTACCTATGCCGAATGCGGACTAACCGTAACAGGATGCTTGCGTGGATTTAGGGGCTGCTAATTTTACGACCTTGGGAGACACGGTTGGGGGTCTTATGACATCGAAGCCTGTGCGTAACTAGCTCCTCTAAGCTGGCAGAGCGCACGACCGAAACTGGACGCTAGCCAGCGGCCGTGCCCACTCTCTGTCTGTATGGGGACTGCCGAGGCCGGGAGATACGTTTGAAACAGACTCGTGTTATTTGTTAGCCTTGCAATCGATTGTAGTTCCCGATGAATCATGGTCTGTTTTGCGCTTATAGAGCATTGCTGCCGGGCGGCAGGCAAGCATCGTGAGTCGTCTAACAACCTAACACGCGACGAAAGTTCGCTTACGGTGCTGACTTCAGAGGCAGGATTTCTTAAGATATGGGCGATGCGCTGCGGGTATGTTTATCGTGACCTTATAAAGGATTTCCCTCCTAGTAAGCCATTTAAGAGAGACCTGTTTTTCTGAGTGTGAGGGGGAAGTCTACGAACGCGAGTAGGTGAAAGGGTGCTTGCAGATTTCCGCTTATCGTCCGTTCAGTGGTCGCTTTGACGTTGGATGGCTGCTCAATGAGTGAGCAAATACGTCGCATGTGCGTTAATTAAAGGATGCGAATGGTTGTCTAACTCCTGTCGCTCGAGACATTGGGGGGGGCTTGTCCAAGAGCTCCCAAACACCTTTTGGGC,1402,51.57,Escherichia coli
SEQ_480113,GCTACAGCAGGCATCCATCGACCACATGTGAGTACGAATGCTGAGACCAACAAGCTAGTGAAAGCTGTAAGGGCCTATCACGCAGAGCAATTTAAAAAAGTGGACCGGACAACACGGAGGATACTCGGGTCTGTTAATGCTTACCGGGTCGTGCCCCAAGCTTTCTACGGGCTCTCGTGATCGATTCCTTATCCCTAAGAGTGTGTCACATCTAAGAACTCAACAGTACCGTGCTAACTAGCAGCGAATTGATACCTTGACGCATAGTGCCGCCTCAATAATGCTACAACCTGAAATTTATTAAGTCCATGTTCGCACTAAAGAGTATCATATACAGAGTTTACCGGAGGTTATAGAGCCATATAATAGGTCGGCACTACTAGAGCGGTTTGCGAGTATTAAAG,404,46.04,Saccharomyces cerevisiae
SEQ_354277,GATTTGAGCCTGGATCTGGCTATCCCTGGAAGTCCGTCCCACAAAGAAGTTGTGCGGGGAGTTCCCAACTATCCACGGATAAATGAAATTAGGTATTAGTCACCTCTACTAACTCTGATCCATCCAGGTGCCCCACTCAAGAGACAACATTAGATAAGTGCGCTCTCATTACCGACTTTATATCGTAAAGTTGCCCTACAAGAACAGAACCCCCTCCCTGATGTTGGCCTTATCGAGAAGTTAACCACCAACTCGTCTAAATCGAATTATGTCTTTTTCACCCTCATCTGCGTTGTCTGCGGGGAGTTGGGCCTCTATACCCTTCTTTACCCAGCGATTGGAGTGTTCCCATGACCGATGCTGGAATTAAAAGGTCTGTTCCGTCGATACTTGTCTTCTCGAAATCAGAAATTTCAAAGACTTAG,425,45.88,Drosophila melanogaster
SEQ_561729,AATAGCAGGTGCTATGGCTCTCGGGGAGCTAGCTTGATTGTCGTAATCTTCCACTTGGCGTAGGATTAACACCATCCACTGCGTTTTAGCGTGAAGGCGGCTCAATTCAATCGGAGGTGGGGCGGTGTGCAGCAATGCAGAGAGGACAAGTCGGGGGGCCATACACTAGCGATTTAGGTAGTCAAAAGGGGGATGTCTTGAACGTCGGTTGACCGCGTCCAGTAATCTGTCGGCCGTAAAAGTAAACGGCCTATTAGGCTCGATTGATTTCAACGGGATTGTGTCGGATTAAGATTACTCTGCAAGCTAGCGAAGGATATCAAACAATCAACCGATAATTCACAGCTCTGATCTGGAAAAAAACCTGGATGAAGGTGAACGAAGTCGTTGCCGTATGGTCGCGGTGCCCACACATCAAGCGGGACTGAATTGGAGGATTGCGATCCATGCTTCGAAATGACGGGCGCCTGGCCTCGCACAGCGCGCATTCATTGGAGCTATGCTCGCCCACCTTGGGTATTAAACCCGGACGGGAATTCGTTAGTTATGTGCCAGAGGATTCAAATATTAGATCAGACGTATACTACGCTTACCAAAACGATTGTCGAATGATACGTCGCAGTGACGGGAAGGAGAGGTCTGTCGGGAGTCGGAATCGTAAGCTTCCCGGATAGATGCTCCTCGCATATTTCACATCCCGCATTTGTATCATACGCTAAGCATGGATAACTAGGAAGGAAGTCGTTTTTTGATCGTCTCTCTCTCGCGTGTTGGTGTCAGGAGGGAGTGATTGGAGCAAGAGCCAGCCGCGAGCCTCTGATCCACAGGCCGCAAAGCTACCCATGATAATCCCTGGTCCCAGGTTTGGTAGCTACAGGTCGCAGGTATGCCGTCTGCCGGGGCCGGAAGCACGCAGAAAGTGCAGAACATGACTGCAGATGGTCCTAGACGAGTGGCATTTTATGAGGGTCGTCGGACATGCTTGCTCACAAAAGCATAGACATTCACTGACATCTAGCCCGTATCTCGGTATATCACTGAACCGAGTGTTGCACTCACTCACTTATGTGAAAGTACTCGAATGATCCGCCTACGCCTCTCTGTCCATCGGAAACACCGAAGTGGTACGGTGATTTTGGTCTGGTTCCGAGCCTTTGTAACGGCCTTTACTGCCACATTGGCTTCTATGAAATTCAGAACCTGGAGTAGCGGGAGGACCGAGTGCAGACGAAGTCCCCGCCATTTCGCGCACGCACCCCACGACGTAATAGATCTTGCTCATTACACGTTTGCCAACAAAACAATTATTCCTAGGAGGCGATGCGGTTTCGAACTAAGCATAATTTGATCCGCCCTGCGAGCTT,1364,50.81,Drosophila melanogaster
SEQ_444640,ACGGCCCTTAGTTACCTGCTTTTCCCCAGCAAACCGAGCCTGGAATGACCGCTACAATACGATATAATTTATCACATATGTTGTTGACGAGTGACTACTTCCATTGTAACCTGAGAAGCCCGAGCTTGCCGCGGATAGGTAAAGGAAATTATCACACTTTAGCTCTTTGCCCAGCTGAATATGGATATGCTTAACAGCTCTTCTAGCGCAAACGTGATAATTACAGAGCCGACGTTAGGTATCCGGTTAAATGAGCTGGCCCTCTAACGATGGAGAAGAGGATTCACGAGCGATGGATCTGTCACGTCATTGGATGTGAAAATACGCGGACCGTTAAGGAACCCCGCAACGCTCGTGCGGTAGTACCGCCTAATGGTTTCCGAGGCTTTCATAGTCGAGTACGTGATCGTATGGACTCAGAGCTGCTTTGTAAAGACCCGTGGACTTCCCTTAGCTCCCACATCTCCCTGGGATAATAGGCTGCCCACATCGCCGAATGACGTTCAAGAACACCAGCTCCCAGGTCAAGACGAGTACCAATTGGGCCGGAGCGTCTAAGTTACGAGCCACACTTTGTTCTAACCTGGTGATGCGGTGAGCTCTGCAATCTGCACTCCATGAGGTCTTTGTAGAATTCTGGATTACTTACGCACAGTAAATATAAAAAAGGTGCGAACATCTCGTTGAATACATTAAATGTCGGTTTGTGACGGGGTAAGTTGGTCGCGTCTCCCCAAGTTGGTACGAATAACATTCTCGCTAAATTGCAGTTTCGTGAGGAGCATTGCAAACCCGGCCCGGATTTGGGCCATTCGGAGATGACAATGCTTGATAGGTACTTTACACATTCTCCCAGCCCTCGCGACTTTCTTTATAAGACCTTGTCCAGTGGTTAAGACGCCATGCACTTACCTCCGGCACGAGCGTCCAGATGAATGTTATTGCGTACAGTAGGCTAATCACTCTCAACTCAGCGTATCCATCTTCGTAACCAGTGCATCCATCGGTCTATCGATCGTCGTGTAGTTTGGTCCGGCAGCGAGCTCTTGGGTCGAAAAGTATAATAGACCGACGGAAAAGGCCCATTGCAGGACAGAAACCGACCTCTAAGCATCGTCGTTTCCGGACCGGAAGGAGCTGGCTTACAGAGGCAAAGTTTACTATCTCGGGGGCAAACTTGCAGCCCCCAGACTATTCAGGGTAGTTCGATTACAGCGGTTCTGTTGACAAACTGGGTTGAAGTATCACTTGCGCTTCAGAATGGCGGTGTATTGGTCCAATCGAGTTTGCAGCAAACACATTATCAGTACCAAACCGTCAAGCATTGTTGATACAAATGATCTACCCCCAACACTAGGAATGCCCGTAGTCCCGGGTTAACATACCAGTATGCGGACTGAATCCAATTAACCGCGCGATCTGTCTTTATTTAGGCGCCCTTATTGCAGTTATAAGAAAGGGCAAGGCTCACTCTGGAAGGCTGAGCACTGAGTCACTGGTCGGGGCGTCCGTCCACCTGACCCCTTCCAGATCCACCGTAGAACAATGGCAGTGCTGCCTCGGATCCCTTTTATGTTGGATTCTACCTCTTTTTATAGT,1599,48.84,Saccharomyces cerevisiae
SEQ_392673,TAGTAATGCTTCGGTGCTAAAACAATCGTGAGCGAGTTGAAAATGGTCGATACAATCTTAAATCAGTATCGTGTCCGCGTCTCCAACTCCCGAGAATTCACGCCCAAGTCCAAATCAAGTAATGCTATCCGGGT,134,44.78,Caenorhabditis elegans
SEQ_823976,ACAAGTGACCTTCCGTGTATAGCGTGATAGTAGAAAACCACTCGGTCTAAAGAAGCTACGGTGACCCTTGACGCACACTGTTAAACTCGGCGTCTACCGCTTTCCTGCCTGCGAGCAGATGGTTCTTCAGTGCTAAACGCCCTAAGTCTAAACCTCACATCATATCGTGTGGTGTAAGCCTTGCTCAGCTATTTGTGCCCCGTTCGGTGTGCCCTCTTCGAAGCTAACTTTCCAGCGGGTGCCTTCGATGTTACCTACTGACTCCGTCTTCGCCAGCACGACACTTTAACCGTTATAGGAAAGGGTGTTGTGCTTTACTGGGGCGAAAATGAACGGTGAGTCTTCCGACGATCTTGGATTAAGGGATATAGGGATGTACCCTGGAGCATTGCTTTAGGAACGAGACGGGCCCTAGGACTAGGAATCTGGGTTGGGTACAATTTGCTACGACTTCACGACTGGATACTCGTTAGCATCCGCCAAGACGTAACCAATATCATGGCCAAGACGATGGATGCCCCAAGATGTTTTCAGTGCGTCTGCCCATCAGTCTGTCAGGCCCGAGTATTTAACTTGCTCGCAAAGATGACCACAATAATTGACCAAAAAATTCCTGCAAGATAATTTTGTTCATTTCCGCGCAAGGCGATTCACCTGAATCATCCTAGGGTTTGCTTAAGGAACGACCCTATGCGTGGGTAACAAATAGGACTAGTGAGTCACGTCTGTGCAGTCATACGTCTGATGGGCGGCTCCTACTTCTGCAGACGAGAGGAAGGACAATGGTGCAGGCGCGGCAACCAGTGAGGTCGAAATAGCAGCTCAAGAAACCGGATTCAGATGCGCTTGTTAGCAACTGCGGACTTGATCTTAGGCGACAGCTGTACCGCGCAACTACGGAACAACAAAGGTAGCAAGAAAGGTACCGTCAGCTGGGTACACATTATGATTGTCACTCCGTACATAGCACTTCTCAGTATTTAAGTGGTGCATTGCCTCTTCTCAACTATAAAGAATATAA,1021,48.68,Caenorhabditis elegans
SEQ_212669,AGACAGATAGAAAATAGAGTAGAGATGCCAGTCTACGCAAAGGGCCAACGGTAACTCCGACGGGTCTCAAGCATAGACGCCGTTGAACACTGCTCTAAATCGAGATGCTGACCATACCCCTCAGGTCAGAATGGTGATCCGGCCGCACAATGGTTCTGGCCTCGTTCTTGAGCCTAGGATCGCCTCTTTAGGATTGATCAGGCGGGCTATTAGAGATCCGTGCTTCTTTGAGGCCTGGATACAGACGGGGAGCAGAGCTTCCAGGACTCTGGGAGTTTTGATCATACTAGGCAGCATCCTGCGAGGAGGCGCTGGTCAAATATCCAACTCCTTTTCTCTTGTTTCTCGAGCGCTTACGCTATCTGGGGTGCATCTAAGGCGTGCGCATGGAGACCGTGAGGATGGTCGTACTGGGTCACTCTCCGACACGGGAGTTGATTTCGGAATGCATGAAGTATTGTCCGATGAACCCGTTAGGCTGACTGTGGTCTTAACTAATATCGGAGCGATTACATCGTCAGGTAGATGTATGAGGTACAGTGCAGTATTCGACACCCTCCGGGGAAGAAACTTCCGGTCGTTAGGAACAAAGTTAAAGGCTGAGGAGAGTTAACTATCCATGGAGCATTTGCTATCTTAATATGTGGTAACAATTTAGATATGAGTCCATTTAGTTGGAATAGGCCGATCCGGCTAGGCGGTGCGGAGATTTGTCCCGACTACGCGCTTCGCAGGATGATAGGTGATGACGGACTACCGCCGCGAAAAATTGAGGCAAGCTATGTGGTAAGTCGGGAACGAACCCATCGGACACGTCAAAACACTCCGGCCATCAACAAGACGAAGAGGGCTTATGGGATATTCCTTCGCACGTGTACCTTGACGGGTCGTGGACTGGTTCATACCAAAGGTCCTATAGGGTCTCGAGTAGGTTCAACGCGATCGTCGGCAAGCCACGGTCGCATTATTTGCACGGAAATCCAGACTACCAGAAGTCTGCAAGGTCTCTGTCACAATTGCCACTTTTACGTATTTTACTTCAACAGGTCAGAGTAATTGTCGCCTACATATCTGTAAACTTAATGGGTGCTGTGCGGCGATACGTGAGTCAGCTCATTTGCATGACCACCGAAACGAGTCATTTCCTGAACCAGGTTACAAGATCCTCCCTCTATTTAAGCCTACGGGTGGATTTGGTGTACATTCGACTGTATTGAAGTATCGTCCCGCTGGTCGCACTATGTCCCGAGCCGTACACCACGGAGGATCTGGGACGGGTTTCGGACTACGGCCACCTGTGACTGCAAATACGACTATATTTCCGTACAGGTAAGTTAAGGAATACCAGCCCCTGGTCTCGGTCACATCTATCTCCTCGACTCCATAGGCCTTTGGCGCGGTGGTGGCATAGATCTTTCCGATCTTCCCTTACCGCCGTTGTGTCCGACCTTTAGGGCTATGTCAGGTAACCACATGTGAAATATGGTTTTCATTAATAACCTCGACTGTACAGGCAACCTTAAAATACCCGCACGTTACTCGAGACTCTGAAA,1553,49.9,Escherichia coli
SEQ_672516,CTAATTAGATGCGTAGCGAGGTTCAACTGGCAGATCTGTATCCAGCCTGTAAGTCACCTGTATCACCAGCTGCTTTAGATTCGTGTCTCGTTTAATCATTGTTCCTGCTTACTGCTTTCCGCATCACCCAGGGGAGTTAGGTTCTAGACCAACGAGTAAGTCGTGGAATGTTCGGTCCTTCTCTGGTAATTCTCCGCTGAACACCCAAGTATTGATTCCACTTACTGACGGAACTTCTAGAGCAGGTGGGTACTGACTTAATGGAAGGGGGTACTCCGATGTCTAATGTTGTTCGAGACATGGAGCTTAGATCCTTGGTCCCTCTTTGAACGTTAGCCGGAACCAGAAACTAGTACTTAGGCTACTGGTAATCTACCAACCCCCTCATAAAGTCTAATAACCTCAACGTCATGAAACCAACCACTAAGATACCGCGCTCAATGTGTCAAGTTTCGAGACTGAAACATGTAGGGATCCAAGTATGACATTTCATCAAGCTGCGGATTGAACTGGTCTTGATGATCTGTTTTTTTGTGGCAAGCCTCGCAGAGCCTAGGTGGGAGGACCGGGAGAGTATTTCTCCTAACACGCCGGAGCGAACAGTAAAACCGTTATCTTTTGTGGGCACATAGCGCCGGCGCGGGGGCTTCTCTAGACAGCTTAGCCTCGGAATCAGCTCTACTCCCCACGTTCTCTTGTTGGTAGCATGAAGACCCTAGAAGTCTTCATCAAGGTGGCGGCCGGGAGGCCAAGCCTTTTTGAATGATCCTCGCAACACAGTGAGATCTGATTTCAAGAATGTTTGGGTTAGCGTCGGAACTGAG,824,48.3,Mus musculus
SEQ_318391,CAGCCTAGGTCGAATTGCCCGTCGCGTGAAAGGCTGCTTGCGAGACTATACTCTAACAAGACACCGGCTCTCAAGCGGGTGGCCTGATAGTTTGCTCAGGTCGCCTTCGGTTATGCCGGCTAGACCAAACGCGGAATAGCGCGAGTATCTAAGCGTAACCCGCCGTGACCATCTGTGTGGTTGACGACTTTCACATTCAAATGCACAGTCGCCAGTCGCTCCAGAACATATGCCCAGGTGAGACCTCCGGGTTTCCTTCCCCGGACCAACTGCAGTAGGGTTCCGCTTGGCCGTCCCAACTGTCGGTCTGTTTCCAAGATATTTTGGCTAGGCTAACGTGTTTCATAGGCCTTAGAAGACGATTTTTCTCTTATATGTCAGGTTCATGCCGCGGTCGCATGATATCTCGCAGCATTAAGCCCACGTTCTGCGTGATCCATGTGTTTTCGGCACACCCGTGCAGTCCCTTACTCACCATATGCTTAGGGCCATACATCGTATGTGAATCGTATCTTAGTAGAGCGAACCAGAAACCCGTATAGGGGCTAATCGAGCACTCCCCTGCTCTGTTAGTTAGCGATTGAATCTAATATCCTAGACAAGGTACCG,609,51.72,Mus musculus
SEQ_370570,CGAAGTTGCTGACGTCGCCCGGACAATGCCACCCGTATCCTATTTATCTAGCGGCGAACCTGAAAAGCCAGTCCCGCAATTTGGTAATCCGCGGGTCGGGGATCGCGTCTGTCCGATATGGAGCTGAACTCCCAGCGTTTAAATTAAGTTCTATGCGGAAGCGAGAAGCTCTCGATTCGTTTAGAGGTACCCATACATGACCCGCCGTAGAAAAAGACCGAATCTCCTGGGTCGGGCCTTTCCTCCCTAGAAGGCATTGACGTAGCTAGCAATTCGGCTGCCCATTTTGCCTTCGGACCCATCAAGGTTCGGCAGGTATAGTAGCAATCGGGCTCTTAGGTAGCCCGTATAGTCGCGGCAATGGCAAGGCGGACGAGTAGCAGTTTTATCGTGAGTTGGTACCCCGTGGATGACGAGAACAGCTAATCTCAAGCTAGGTCACAGGCATCTACAATTCCCGACTTGCAGCGAAACCCTGCCTAGTGAGACGGGAAATTCGCGCATTAGTGTACTCGAAGGTACTATACGGCTGTTACCCCACATAACGTAACTCTGCGGGCAGCTATGGCGCTGAAGCTATTCATGTGAATGCTATTTGATGATCTCAGTACCCATATACGTAGGCTCAGGTTATAATCCAAGTA,644,51.24,Arabidopsis thaliana
SEQ_611056,CAACGGTGTTTACAAGTAGCGTCTATTGTCTTCTTTAACTGTAAAGAGTCACCACCGGGTTCGAAGCCTTAGCGAGAGACCTGGCGGGGTTACCAATCTCACGTTGAAAGGTTAACATGTGGCGAATAATGATGTTCTGGGGATCATGGGATGAATAATAAATTTTCTGCATAATAACTAGAATGATGACTCTCATCAGATCTACGTTGCAGAGTCGTCGGGGCTTCGGACGTCACTTCACTCCTACCGCTGGAGGATCGTGATTTCCATGTAGAACGCGTGTATGTTTGTAACACCCCTTCAAGGCTGTACATTTCCGTCTCATCGAGGTATAAGTTGTCAACCGTTCCTTTCGCGTTTCCTATGATGGCAGACCGTAAGCTGGCGTTCCTTTCGATATCGCGAGTGCACAACATCAGGACCGTTGCTGGCTACGATCGTTGGCTCTTACAAAAATTACTCCATGCCAGACAGACGGCGTAACGTAGGAAGTCGTTCGATGTGGCTGACCGCGCGGGAAGTTTTGCGTTCCGTGCAAACTGAGAGCTAAGCTCCAACGTAACGAGCGACTTATCTACTACATATGGTTGTTCCCCTCTCGCATACACCCTATAACCCATAACTATTGGTTTTTTCAAACTAAAAAAGCGTGCACAATCAGTCATGATATTACCAAGCTAAGTGTACCGTCAAATCGCCCTCACGACCCTCGATAGTCTTCCGGTCGTGATGTTCGAAACTCCTCTCACTACGTGGCTATGC,762,47.24,Drosophila melanogaster
SEQ_217055,TCCCCGACAAACTAGCCGAGATGCATCACGGGAAACTGTAGCTTTCCTCATACGCTTGCGATGCCCCGGGTTATAGACGGAGGTGATCGGCCCAGTAGTAGTGTGTGGGGCCCTGAGGACCATCGGAAATAGTCACAGTATTGGCTTGGATCATCTGATAGTTTCCGGTATGGTATGAGAATCACCACACACAGAGAAAACGACCCACACGCTTACGGTGTCGGCGCCGTCTAAATGGCATCAGCACATTCTGACTCGCCTACCCGATTCAACAAATTTTTTCCACGTCACATAGTTGCTCATCACCCATCTGGGGCTGTCCGACTAATCCATCTTGTTGGTTAAAGGTGCGGAGATGTGGCCCTCATCTAGTAAATGCACTAGATTTCGTGATACATACCACAGGCGTGGAAAAACGGGGGAACATGCTTATGATTGACAGCCTAGCTGCCAATTGACCCGTCTGACAGTCCTCATTTCTTCTAATTAGGAGTGTAATACTCCCTGAAGCACCCCCTCCGCATTATGCGAGCCTTCCAGTAAGCTTACGATCCAAGAGTACATTTCTGCATCATCGGCATAACCGTCTACTTGCAGGATTCGGTAAATAAATGAGAAAGAGCTCAATAGCGAGTCTAGAGCGAATTCCGACGATTAGGGCCGTTCTCGCCTACATGGTAGTGCTGATCCAGCAAAGATCATCTTTGACCCATAACTCGCAAGATCTCGCCTGTCCGCTCAGTCGTCATAGTGTGTTTGCCAGATTAATCCGTTATGGGATAAAGCCCAGCTTGCACACGGTCTATTTAATGAACCGCTCTATCGAGCCTCTTGGAGAGATTAAAATTCCCGTAGTGTTGTAGTACTGTTGTTTTTTATGCACACGGTTTCAACGTCGGAGGACCATCCCTCAGGTACCTCAAGCCTGGTAATATACGGCAGCCACTTCAATTGGCCAACTCGGGTGGCTAAATCCCACATTGCTCCGTGTATGTCGAAGCATTCCCATTAAAGGGCGAGCAGCTCAATGGCGTCCGAATCCTCGTCCGATTGTTGCGCCAGCTAGTTGCCAGGGCTCAAGGCTTTCAACCGCAATAGTACCTTGGTATCTAGCGACAAGATACCGACTTCTCATCATTAAGTTGTTGTTCTGCAGAGGACACGCGTAGTACGTCCACGTTCTGCCAGGGAAGAAGCGGAAGCCGAAGGCCTATACCCCGACATGAGCTCAATCACCGCTGAACTTTGCATCTACCTGGTATTCGTACAGTCTATCGTAGATGTGATCGAGCCAAAATTAGCCTGGGCCTATCAGTGAACCGCTTAGTATTAGACCGCATCTCAAGTTTCATGTTTCTGATGAACTACAGTGTGTGAATGTGCTCTTCGGACCACCTTCCACACTTACCGCCACAGAGCTGCTAGGCATGTAGAAGTATTCTTCACGCGGTCCTTGTGCAAATAATTCACCACGATGGCACTCATTGTTAAGACTTTTCTTGACAAAGAGCCCTGGTCCTCCTATATTGCCTCGAATGCAGAATCGGAAGCACTGTTACCAAGGCTCCCTCATACCGGATTAGCTCGACTCGCTGTTATAATCTAAGATTGCCTCTAATGACGGTGTCGAAGCAACTTTTATCTCGACATCAAGCTTAGTACAGGGGACCTGTTCATCTGCGTGCATGCATCCATTGCTGAAAGTTGTGATGTGCAACTCTGCCCGTTACAGAATTGGACACAGCTATTTTCTTCGTTACATTTGGGCCGCTATCCGGTCATTCGAGATGCTGCTGCCAATGAATTTCTTGTTATTGGTTGCCAGATTGAATCCGTGCTCACGAC,1845,48.4,Saccharomyces cerevisiae
SEQ_650510,ACGTCAAGAACGAAACTGTCAAACCATAAGAAGGGGCCTACATCACGCTAAACAGATTCCAATCCATAGGAGGTGGCTCAAGGAGACATAACTCCCTAGCTGTCGTTCCGAGGCATTTAGCCCGATCACTCACTTTATAGCGGGTTACTCAAGGATTCACCGAACGCTAAATTGTGGATGGTGACTCCGGAGTCGTACCAATTCGTCTAGGTTTAAAGGACAATATGGAGCCAGCGGACATAACGCTGTCAGCAGTAACTTGCCTACTACTTTCTTGTTTAGTTGAGATGCTGAGGGTTGAGTCGGGAAGGCGCACCAGCAGATGCAACGAAGAATACCTCAAGAATCTTAGTCGTATGTTTCTGTCTACCTTAAGAAACCAAGATAAGGGCCTCAAAGGCGGTCCTTCTAAACAAAAGCTTTATATTAGCACGTATTGATTATTGCTAGGTGATTGGAGAAATGGGCACAGGTGGGCTGGATCTGCTTCGCGACCGGAAGTGCTCCGTTCTGAGAGTTCTATCCGGTTCCCTATCAATCACCCTCAACTGTTTTGCCACGTTTTGCAGCTAATGTGAGCAATGACAGCTATCCGCTTCCGACCGATCTGCGGAAGGTCCTCTTTGCGAAGGGGACGTTAGAGCTCAGGAATATTCATGAATACGAGATCTTTTTATAGGAACTCTTACCCGCCCATCGCCGGACCCCTCCGTTCCCTCCCTCCATCAGCTTCA,734,48.09,Caenorhabditis elegans
SEQ_165688,CAAACAAGTTGCCTGGCGGCATCTTACCGAATCTTTCCCGTTGTGTACGAATCCCCAAAGTTGATAACAAGCTTCCGTTGGGGAAGGAGCACGATTACAGATGCACCTCACGGGACAAAAACGACCATGCGGCCCAAATAGGGGGTCTTCTACGAAGGCCTAGCATATTGGACCACATTATCGTTTCAGAGTCTATATTCTTAGAGGCTCAGCTGACAGCCGCTTTGAGCGTACTGATTAACAATTAGGTCTTTGGCCGGGGTGATTGAGTTTATGGCGGCGGTCCTCTTGTTTTTAGTAGAGCTGCATGCTCTCTTCATTTCCTCCCTTGGCGGACTGTGAGAAAGTCTAGCAGGAATGGCCACCCCTACGTCGGTGATAGTGGCTCCGTGACTATTACACAGATGACCCTGCGTGCTGGACGTCAAGTGAGGCCAGTGAGCGTTCGAGGTCCAAGTGAAGCTATATAGTAATTAGTGCTAATTACCATCAGGACCCCGTTCTATGGCCGAATCTCTCATCACCATGTGAATGTACCCTGCTAACAGCCCACCTACTTCCATCGTACGGCTTTCGTGAGGTAGTGATTATCGTTCGGGGGCAGGTTAACTCCGAGTGCGTTCTGTCCGATTGCCGGGACGCCGCTTATTATCTTTCCTCGGGTGTCCAGCCGATCGGCCGCACCCTGCAAACGGCCGAGGTACGGGAGACGAACGATCAATCGTGAAGCCCCTCAGACCTGTGCGGACATTACCTACTGCTTTTGAAATTTGAAGTGAGGGCCGTGCCTTTAACTATCAGGGCCCCACCCGATGCCGCATCCCTCCTCACAACCGCGCTAACCGCGGACGTGGCCTTGTTCGGAGACTCAACCCAGTATAGACTATCTCAGTCCGGTGCCCGGTCTAGAGCAAGCGCCGCTGAGGCAGCCCGATTCGTCGCTTCGTTGCGCCGGCGTCCCCGTGGGATCCTAACGATTGAATGACTGTTTGCCAATGAGAGAGGTTGAGCGAACTCATACCACAAAATCGGTCCGTATTTTCAAATTTCGCCGGTGGCATGTGGACACATCGATACCCTCACGAAAACAATGTTACCACACTTAAATTCCGGTAAGGTTGGGGGACAATAAAGTCTTACGCCAGCCTGCATAAGCTGTGAGCTAGCAATTTTGGAACAGTGTG,1184,52.28,Arabidopsis thaliana
SEQ_505295,TATTCCAAGTCTAAAAACAAGCATCAAGCTTCTATGTAAATGCCCTCTTCGGAAGCCTTTATTCCTCGTATGTCTGGCGTGGGAGAATGTTAAAACTTCTATAATCAAACTTAAGGTCTAACTGCCCGGTGTCGTCTCTCGACTTTCTTCATAGTGTTAGCTGGTCCCGAGGTATCCGCAGCAACATATTATCATGTACCCTGATCTACACTCCTCCTGCAATGTACTCCAGTTGCAGGTTGTGTTGCCATGTCTGAAACGTTAAGTCGCAATAACGTTGTATCAGAGTAGCATCGAGTACCATGTTGCTGACCAACCTCGTAGCCGTAAGGTAATAACGTTGGCCTACCGAGGGCACCCCAACTTCGCGCACGTTTGAGAATACATATCCACCGGAGCTTACATATCCGACATCGAGACTCTCAGCGACTGTCTCTCCGGGCCTGCCCGGCGACGCCCACAGTGGTCAGTAATAACCCCCACGATGAACTTGCTAGATTTAGCGCTTCGAAGAGAGATCTTTTTTGAGGGCAATTTGCGGTATCTCCAGAGTGAGTAGCGAAGCCATAGTCGATCGCTGACGTACTCACCACGATTGGGCCGTTACGACTATGTCTATTATACCGGACCGACCCGCTGTCATTCCCGGCTCACAGATCTATGGGTACTAACCGGCATCCCTTCTAAAGATTCGGAGGTGCCGAGCATTCGGATCTAAAGGTCTCCCTGAGGCACAAAATATAAGTGACTATGGTAGTCATATGGTCTGCTAATCTAA,778,48.2,Homo sapiens
SEQ_246736,GTTTTAATGACACAATTAAAGCGGTCAGAGTTTTATAGAGAGCCAAGCATGCACTAGGCTGGCCCAAGCCT,71,45.07,Caenorhabditis elegans
SEQ_105481,CGGTTTAAGAGTGGGGTAGAAATAAAGCTATGGAGATATACCTAAGGTCACGATCAAAGCCTTCATTCATTGAACCGGATCCGTGCAGTGTGCAAACAATAAAGGGTCATTTAGCGTCTTATCGTACGTAAAATGCTTCACTACCCAGTCTTTAACTATTAT,162,40.12,Arabidopsis thaliana
SEQ_550867,TCCTCTGCTAACGGAAACGGACAGTGTTACACATACTTTCTGGTTGCGAGCAGGGGGCTGCGGACTCGGGTCGATTTCCTAGCGCCTTTTATGCGCGATTCGGTCGCAGCGACACATGGATATGACAACGATCGGAAATCGCTTGACAGTACAGATTGATAGATCATTACCACAAGCACGTTCCCAGCCGTCGGGCCCCTGTACTTTATGCGAGACAGGGGTCTACTAAGCGGGGGAACCCAGCCAGGTGACAGGTGACTGGGCCTGACACGATACACCCCTGAGGGGATCGGCTCACAAGCGCTGAAGATAGTTCGTTATAATAAAGCCGGGTGAGCCACGCCATTAACGCTCATCACTTATACTTCGTTGTTTTGACCTGCTTCCAGGGGGATCACACTCCGCAGCACACCACGACTCACTGCCACGTATGACAGTGATATATAAAAGAGGTCGGGCTACCAGAAGTAACGACACAAGGGTAGGCGCTTGGTACTGAGATTAGTCAATTGATCATTCTAAACCGAACCGGTTGATTCTCGATTGACCAGCTCCATAGCGCTCAATCAGAGGTATCGACCTCACTCGGTTGAGTAGGTTGGAACACCGAAAGATGCAAGGGCGTTGGGCTGCCGGGACGGTAAGTTCGATGGGCGTCGATACCCGAACCTACTGTGAAGTCCTGGCACCATTGACGCTCCTTAGCGAAAAAACCGGGCCGCGCCAGCGATTTCAACCACCTAATAGCGGCCGGTTATATACTGAGGACGCCCAGTTAGGTACTATCTGCGTGGAGAACCTGGGATCCATGCCTGTTACATGGACGAGACGGTGTCCTACGAACGTTATATTAGCCTACGAGTAGATTACCACGTTATGTGTGAGGATGTTAGTTCGGATAGCTTCTCAATTATCGTCCATCCCGATGGTCAACATCAGCCTTGCAACCATGGTCTGGGCGGGTTCAGTGTCCATATGGACCCTTGTAGGCCACGTTTCGCTGTGGTCCGCAGGATTAGGCGACCCGGGACGCTTTGTTACTCGCCGAACGATGGTAGGCAGGGATTCTAGGCGCGGCAGCATCTATATAGGCGCCAATAACGGCACTTACCATTAAGTTTCTACAACCTGTTGCAATGATAGACGGTGTGGGGCATCAAAACGCGGTGCCGCGGGAACTGAACCCCGTCTCAATGCCTTCGGTGTTCCAAGGTTGCCGTACTTCCTCATCGAGACAGCTTTAGAAATCCAATCTTGCTGACGGGCTGGACGCAAGGGAATCTAGGATGCTCTGGGATGAGGCGTGATGGTGCTGGAGGGTTCATGTCGCACTAGGTCCAACTGGCACCTAAGAGCACTAGGTAATCTCGATCCGCCCGGCTAGTACTGGATAGAGCGTGTCGCTGGCCACGTTACGCCGGACGGCGAAGAACGTACGTTTAAACACCGTTAGTAGCCATAAGGCATGCCGTGACAGGTAACAGAACACGTACTTCATTGGTCGCAGGGCTCCATGCCCCTTGTTGGCCCGGGTAGCCGCCTCAGGAACAACCCCCCACATTCTTCTGTCCCAATACCCTACCGATCAACGGGAAGCCAGATTTAAGGTATGGTTCAATTAATCAGAATAAGGAAGGAAGACGGG,1645,53.01,Caenorhabditis elegans
SEQ_458461,GTTGAACGCGGGATCCACAACAGCCTGGGTAAACATAGACTGAGCCGGTCCTTGCGTCACGGGGTTCTGCTTCGTATCCATGCCTCCACTTACCTTACATGACTAGATATAGCTAAATCAGGGAAATTGGGCCGAAGTATCAGCCTTTGTGCGCAGACAAAATAGCCTGGCTGGGGACGAGATTAAATGTCATCGCTGCACGGTTGTATACATCGGGAGACACTCTACTGGCCCACAGGATTCGACGACCTGAACCTGGCGAAACACGGAAGTTTGGCCCCCAGCCGCGCTATTCGATGACAAGTTCCCCTCATGCAGATTGCTATGTGCGTCCTTTGCTCGTTTACCAGTTTCCCTCGGAGGTGCGTTGTTTCAAAACGCTCTAGGAGCGGTTACTAGAGCCCACTCTCCCACGACGGTTTTCGGCGTTGGTTTTGATCATAGCCCTACCGTCATAGATAGAGGTCTGTCGAATGGCCCATAGAGTGCTCCCTGCCCATCTCACCGGATTTAGGTTATAGTAGGCCGGGGTTACCTAGCGGTCCGTAATTCGTCTCCTCGCCATAGATTAACGCGGGTATCCAGGGTCAAAGTCCTCGATTCGTCTTCCACGCCTCGACTCAACTCTTAGAACGGTATTCCTACTTGCCAAGCGAGGATGGAGAGTCGCGGTGTCGCTGACTGAATAAATGCTAGACGTTACCCTATCGTCTCCTGCCCTGAATTTCGCAGAGCCCAGGGGTGCCAGCAAGTGCATAATTTTCCTTATTGCGGCACAACTAGCTGCAAAATAATATTGGGTCGTATCCTATCCTGTAACTTATTTAGTCACTAAACGTGTTTTAATAGGGTACAGTTCTGTACTTAACCTAAGTGCACCAATGGCAGGAATGACGTGCAGAGTGTTCATCATGACCGCCAAGATGTTACACGGGTAGTCCAAATGATCAGTCTAGCTAATATGATTATTGGTTGATCTATACGTGAGTGCAGGAAATGGGTCACCAGTTCTATGACGCCACATGAAAGAAAGGATCCACTGGAGGGGGATCGCATGTTGTCCCAGAGACCTTTAATATGGCTTCTTCGGGGCGCATGCCCTCGAGACGATAACTCAAAGTGCTTGCGATTACGGATCTTACAGGATGCTACGACTTGGCATTGCGCGACGACAACTGTAACATATTACGGCACAAATCTGGCGACCTGATAACGCCACCCGGCGTAGTGTTTAAGCATTTTCTACTACGCTTCAACGCTAGGACCGTCCT,1271,49.88,Arabidopsis thaliana
SEQ_987256,CCAAAAGCCTCACCGCATTCTACTCTGTTTGGTCCTGTTCCCCCATCCCCCTAGAGGTCTCCCTCAATTTCTGGTTTGGCACCATTCTTTTCGTCGCCTATGAGCTAGGACGGCCAAGGAATGTTGAGGCCTTGTTGGAGTGAGCTTGTAAAATTATTAGATAACGCCACTCAAGTCCATCCAAGCCTATTTCGAAGGACAAACTCCCAATCCTTGCACACGCCATGTATATGCCGGCCTTGTCGAACAATGCTAGGGTGAGCCTCAACCGACCACCTCTAGCGCCAGTCTCCTAGCGAGACCCTGGCCTAAGCCGAGCGATCTGACAACATTGAGCATCCGGT,344,52.03,Escherichia coli
SEQ_966592,CTTTGCAAAGCGGGTATTGTGCGTATCTTAGTGGATGTCGGCAATCTAAGTTAGGACTAATTATTGACCTTGTTTGATAAAGTTGTAAAAGTGCAACTGGCCCTGTAAGATATGGGCACATTATGGCATCTTTTGGATGCTGGAGCAGCATGTTCCTACTGTCCCATTCAAAGGCTAAATGCCGAACGGAACATCAGGTTAATTAAACTGGTTATTAAAAGGCTCTCACGAGCCGTAGCTAGCCGGCGCGCTGCTCCTAGGTCCCGTAAGGTGATTTACGCGAAAGTTCGCACCCTTGCGGCATGTAACAGCTGCCAGATTAAACTCCGGGTAGTACGTCTGCCCTCTCTTGCGACACTGCGCAGGAATTTTCTTTGCAGAGAGTAAGGCAACACAAGGCCTTTACGCCCCTTGTTTCCAGGTTCGACCCACCGCCTGATTATAATCGATCGAGGCGGACCGAGTGCATCCGCCAGTACGCAGAGTCATCATGATTCGCTAGTTGATTCTGTTTCATGCGGTAAAGATATTTTAGTCACAGCAAGGAATT,550,47.64,Escherichia coli
SEQ_604285,CGGTTAAATGGTACAAGATCGGCGTATTATTACGGGAACGGCGAAGGAATTAAACTCGAAGCTCCGGTCCTTGAGCCGCATCGACGAGATCGCAACGATCAGAGGATCTATGTAGTACTGTGTCACGGCCCTCAGCACAGCATGCATAGCTAAGTGGCCGATTATTGGGCTACTAAGGGCTAAGCACTTACGTTCGCACTCGACGGGGCGCCCCGTGCCGACGACCGGGTTAACCATCCTGTCGAGCAGGGATAACCATCTGCCCGAATGAGTCAGCGATTGCGTGACGGGATAATTTCATCAACAATTGGCTTGTGGTTTTTGACTAACAACCTAAGTAAGATGGCTTGGACATACGGGATAAAAACTGAGACGTTTGCTTCCGCTCTATTGGGGACCGATGCGGGCCTACGCCACCTGCTTAGGTAAGGTAAGCGTGGAAAGGTCAGGGCAATCAATTCTGTCGTTTTGTCCGGTACCTATCGGGTCGCTTTTGGGGAATGGAACTTCCATCTAAGAGATGTGGGGCACTTTAAGCAATGAAATCCAGAAAGGCGAAGGCTGAAGCCGCCTTGAGACATGGCACATGAGTTTACCACAGGCTCCGCACATTGTCTTTCAAGAACGATGTCGTCGCCGGCGGTGAATATAACTTGCTTTGGCAAGTAATAATGGCGTTGAGCGGTTTAATTCATTTTCCACACCTTAGAGGATGTAGCTTGCAGATCCGCTTTATGTGTGATTCGGATAGAACACGGGCATCGGATGATGGTACCCTTGGATCTGGAAGGCACTTCAGCCAGGCCCTCACAGCGTGCCCATCCAACGGAATGGACGCCTGGATAGTAGTTATAGCTGATATCAGACCCACAAACATGGTACGCCTACGACCTAGTCTTCCACCTTTGGCGGATTGATTGATTGACTAGTAACACAGCTAGCCCTATGGCTGAGTCCTTGACGTGACCATCATTCGTTGTCCATTATTGGGCCATGCTTGACAACAAAGGCCATGGAGGGCCCCGCACAGCCGGCCCATGCGACCAAGTCAGGGCAAGCTCGGACCGTATATTGTGACAAGCCAAAGCATTACATTACTTTAGCATCCAGTAACGCGCGTTCTAGTCGAGTCCACTCCGGTAATAATTACATCCTGACCTTTAATTGACCCCAGGAGTATAAGTAGAAGTCCCCTAAGCCAGCCCGAGGTAGTGGCCCGTAATGGACCATCCTAGTCGTTCGATCGAGCAATGTAATTAAGATCGAGCACGCTTCGCACCCGTAGATTATTGTTGACACGTGTTCGCTATAAGCGTAAGTCAGATGTTTCCACCCAGGTAGGGTAGCTTTCGTCACATCGTACTTTATGGACAGCCCCTTTGAAGTGTCATGACTGTGTGACGCGGCGAGTGCAGACTGTCGTGAATGCTCAACCAGGTCTCCAGCCACGATTACTGTCTCAACATCTACCGTGTTCAAGGGTTCGGCGTGTCTGTGCTTCGAACACGGCCGTGTCTCAAAAAGAACCCTACTTTAACTACCCCCGCGACAATGTGGGGCCATGTGCGACGATTAGCATCGTTAGCCCTCCGTAGCTTTGTGAGAAGCCCCACGCTTTAGTGTCTATACGGTCTGACAGTATAGTGACACAACTAAAACGCTGAGGAGGAAGGCGAAGTTTCGGTCCAGACCTCCTTAGGCGCGTTAATTGCTGTCGGTGGGAGCGGAATACACTAAGGCCGTCACACGGCGACTCATTACGCTTGGACTACACCATATTTCGGCCTCTAAAGCTCGACAAATAGACCTAGCCGTCGACTCTAGCTATAACTTCGCCCGTTCAACGCCACGATTTGGTCCTTTGTAAGTCAGAGAGGGACCCCGTTGGGTGACCGGAGACTAGCGCGTATTTC,1913,50.97,Arabidopsis thaliana
SEQ_885080,GACCGACGATTTGGTGTCATGGAGTGTGGCTTCGTCCTCACCGAACTGAGCGGGGCCCTGTCGACTTACCAGCCCTCCTAACTTCTCGTCCCGCGGCAGTCATGAGGCCTCCGTACGACACCGAGGCGTCGAATAAGTTCTTCTGAGTTCTTGTACGGTCGTGGGGCGAATTACACTGGTCGTGTTGACACGTTTTACAGGTATTATAACAGGCTGCGACCTTTCTTTCTCTAATTTGGCCCTTCACTTATAGTAGTTCTTAGTGGGTTAAGACGACAGGCAGAGACTTGTGAGTTGTCCTTTCTAAGCCGGGGTAATAGTGACGAACATCCATATCACATTTGATGCTCTCAAACTACGCAGTCGAGCTATGGGAACTCTTAAGCCCCTAACGGGACTCGCGCTCGGCGAAGTATGCGGCTGGGTTTGCGTTTGCGTCCTTGCATCATAGCAACACACGAGTTAATGTAGTGCCGTCTAACGCGCGGGCACTAGCGGGGGCGCCGATTCATCGCCCATAGGGCTCATATTGCCATCCTGCCCAAGTAGTCTAGATTTCGTTACTCCAATTCGTTCTGTAGACATGGTCTCCTGTGCAAAGAATGTATAAGAGGTCAAGTACCGGCCGCTTATCGGATAGACTACACACCGATTAGTTAAAGGAGTCGATAGGTCTGGCCTTTCATTGTATAGGAATGAGTGTCGAGACTACAGGCCTCAAATTACTAGTGGGGGTGAGTGAAATGTAGCAAAACCGGAATCTTATGAGAGTAAGGCAGCGCTGCAAGCACACCCAATGCGCTTTGAGTATCCTAACATGCTCCTACGGGCGAACGCCGATCGATACTAAACACTATTGTCTTCAGGTAGGCCCTGTTCCTTCCCTGATAGCAGCCAATGCTATAAACATCCTTCCAACCAACATTTCACCGTTTCGAAATCGTGTTCTACCTCCGGATGCGCCTTCTGTCAGCGTGTCTAACGTAGCTGTCGTTATGGAACGCGGCGCGTCGATTGTTCACTATCTCCTGGAGTTGGCACTGTCCGCGGGAAGGATGTGCACTTAACATTTCATTGAACCTTGAACATCTGGACCCGAGTGATCGCATTATTCACTGTCGGCCAATAGATCACTTCGGACTACGCCTAAATACTAATCAGACCCTGATGAGCGAATAGCAAGGCATTAGCACCTCTTAAAACACGAGGACTGAGACGCACTGACTCCTCG,1231,50.04,Arabidopsis thaliana
SEQ_584189,GCTGTTGCGGGATAGCCCCGATCTCGACGCAGACAACTTTGGCTTCGGGAGCGAATCCACTCGATTCGAGTAGACGTCAACGACCCCGACCAAACGGCTCAACGGAGCAGTTACCGAGGTAACCTGTCTTTCCGCAGGATGTTATCGACCGCACGTGCGAACCTCGGTAATCTTGGCATCCATGCGGCGTACGGCACCATGCGAGCGGTTGTTACGTTACGGGCCCTAACACTGGAGAATGAGTCCAGCCCAAGCCAAGGTATAAGCTCCAGGATCAGGCCTTACTCGACGTAGGCACTTTTTCAGGTAAGCTTGTCTAGGACGAATGAATCTGAACATACTGCAGCGACGATTACTCTTCAGGGAGTCAAGCAAGAAAACCCCGAATCAGGGGTGTCAGGGCAATCTGGGTGCCTGGCACATCGATTATTAATATC,437,53.55,Saccharomyces cerevisiae
SEQ_594730,CACAGTCGCCTTATTTAGATAAGAATCTAGCTGACAGGTAGTAACTCCAGAAGATTTCCACATCTAAGCTTGCGACAAGATTACGGACGATCATGGAAAACCAAGAAAGATTTCTCATAGCGGTTTCGGATTATGCGACTTCAGGCCCCGTCGACAGGGACGACGCGAAGCTGAGGGCTTAACGAATTGTGTAGGGTCTCCATGTCCGACTGCGCCTCTCGCGATGCGATGTCACACGTACGCAGGGCTCTGCATGTCTCAAGCAACGTTGGGTCGTACTATTGGGGTCAAGCAAATCCAGGTTGACAAGCTTGCTCATTCTCCTTCTAGCTGGGCAGGGTCCAGAGCAATCACAGTAAATAACTGCAGCTTCGGACATACGGGTCTTCCAAGATAATACCACCCTGTACAACAATATCCACTGTGTTCATGCTACATATGTCCCGTACATAATATCCCCGCATATTACGACAGAGTTCGGGTCTGCAATGACCCAAACTGCGCCTGGGGGGCCCCCTACGGTGGCCCCACACCGCACCGTCGGGGGATTTCCACAGACTGGTGCGCTGGGCTACTACATGTGCGGGTCGCATACCATGTAGACGTCGTCCAACTGTAGGAGACTCACAACCATGGAGATGACGAGTGTGACAATTCACATCCGGGCAAACCCTGAACGCTCGATGTGGATGTAAATACGTAATGCGCTCGTTAGTTGGACAGATCTTGAACATAGGAGGGGATTGCGGCGTATCTTACCTGGAGGCCCATGTCGGCTCGACTACATAAGCGATTGCTCCTCACCATACGAGCATTGAGTGCCCCCTAGCCGAGGGGTCCTATATTACAGCTGCCAACAAGGGCGAGGCTCATCCCTTCGTGGAGACCATAGTACTAACTTAAATCCGCGGCACTCGATAGATAGGTCCGTAATTATACGGGAATCTCAAATTTATGTAACCCTCAATATAGCTTCCGCGGAGCCCTTCAGCGAGGGTGTGAACACTGTAACACGACCCACATCATCGCCGCATTTTCATACGGCGGACGCCGCTGCCACACTCATGCGTGTTGCAGCAGGTCGGCTTACTACCCAGACCCACATTAGACAAGCAACGAACCTGTGTTAGATCGCATCCCGCAGGAGTCTAATGACATGGCGGCTGGCGGAAGGCCTCGAGAAGACACTGGGTAAGGTAAGGAATTACATTCTACTCATAGTGCGGTGGTAGGTTCGAGAATATCCTCCCAAGTGGGTGAACCCTGCGATGTTGGGATATTGACAGCGACAAAGATGCTCCACGCCGGACCGTTCTATATCTTGCCCTCATTTCGACCCAGGCCACTTAACCACCCCTTTCACCCGTCTAATCACTTTGCAGGCTGGCGTCATCCGTAGCAACGAACCATTATTGTCTCAAATGACCCCACATTACCGCCTTCGTCCCGCTCGACCCGTGAGACTCGCTCAGACGTTTAAGCAATCGACCACCCTACTCCCA,1502,52.13,Arabidopsis thaliana
SEQ_817983,TGCCGCTTGCGTTTGTAACCATGTCGTGACGTTAGTGAATCTATGGGTCCGAGGAACTGACCGCGTTAGGGTTCACACGTCTCTCGTAGACAAGGGATTTTCTGAGTTACTGAATCATTGCGTCACTACTAGGTTTCATACCTATACACATGTTAACTGCGTCGGCTCCGGATTCTCAAGCTTACCTTATCTACTTCGATTAGTTAGGTGCACTTGCGCCCCAAAGCGCTTGGATGGGCAGGCCGCTCTTTCAATGCTCCGACAATCGGTGGTGATGTGGGCTGGCCTATTGTTGGTTTTCTCCGTCGATAATATGCCCACCGAGCCGCGCCTGAATTACAAGGATACTCGGCGAGGGGTAAATGCCCAGCTTCACGCGGACATATGTCGAA,392,50.77,Saccharomyces cerevisiae
SEQ_347179,GAACTAGTCCCGATTGAATCGAACCGAGTTCCAGTACCACAGACCTATACTTGCAGCTGGTCCACACTCAGTAACGCAAGTCCCGCATGAGACACATCGATGGGTAAAATGCGTATTTGCTTTAGTACTGGTCTTGGGTCTGCGATGCTCCATGACCGAGGTTACTCCCACTTGCCAACAGCAGGAAAAAATTAGCGAATCGGACGGCTAGAATCCAATAAAAGGTTTCCTGACGGCGGCCGTCGTCATTTACTCGCAAAGAATCATAGTCCGGGGGAACGCTTGCAACATCTCACAGAGTACGATGTTTAGCTGTAGTATACCGTTCGAATAGCCAGGGCTATTTAGTGCCTGTATAGGAACAGAACGACGATTGACTCGTGTAGTGTCCCAAGTGCGCCCTAATCCAACTGCTGGTAAGAAGTGCTCGATGTTCGTGAGGTTAGCATTCCTAACACGGAAACATGAGCAGTACAGTGACGCGATGCGAAAACGGACATTCCCTCCTATCCACTCGTAGGGTTGTGGTGCTACGGCCGACGAACCTAATTGCAGCCATGTCGAGGAGGTCAAGATCATCTACGCGAAGTCGTGTGATTATGAGCTTGTTGTGTGGACCCATTGCGATATGAAACAATAGGCTGCGGCCGAATGGACGCAATCATCAGGTCGCGTGAACGTCAATCGCGAAGGTTTCACGGAGTCACATCACTGTGTTGGGCAGGACCTACCGAAGCGAGCCTGGTTGGCTTGATCATGGTTAGACAGCATGCCCTGGGATTGGTCGGGTTAACTTATTAGGGACCGTGCTAGCGGTTTCTCATCACCAGCTAACGTCGGAAGGTCGGAGGTAAAAATACTGGACACGAGTGGCAATGTCGAACTCCTCGATCGTAGTCTGGGAGCACTGACAAAGCGCTTCAAGCGTTCGATTTTTATGGTTGTTCGGTTACTTATCTTACCATACCGAGACGCGCCCCAGATCCCCTTCTCGACGATTATTAGGTTAGCGACTTTGGTCATGACCGGAGTTTCCCGAAGTTCATGAGTCAAAAACCGTGGAACTCTCAAGGAAACCACTCACCAGAGAGGGCCAGGAGCGCATCAGACAACGTTAGGAGTATGCTGGCAGAAGATTCGTCTTACCGTTCTCCCGGGTTCGGTGTCCGTGATTTAAAGACAATACATTTGCGTATGACGGCCCCGGGCGACTCCCAAAGCAGGACATAATAGACCAACATCAGTCCTCAATGCAGTTTCTGGCTACCTGAACGCACAGCGCCGTGCTGGAGCTACTTCGAGAGCCCGCCAAGGTATATTGCGCAGTGCTAGGTGAGCCATATACGATGCCCCCCCCTATATGGAGTCCCGCTAAACTAAAGTATGTGCAGGTGAGGATGAAATTATATGTAACTCGCATT,1421,50.46,Homo sapiens
SEQ_206531,TTAACAACATAGTTTGGTTATAATCCTGGTGCGTGCAGTTCAGGACACCACGTTGGTGGTATGAACCCAATTTAGTCATGAGACTCTAGGCTCCCACTTACGACGCCGAGCGCATCTTTTGCAGGAAACGACTTTATATCCTCGTCCCGTAAGCTCTGTGCACCCGGCAAAAGCTGGACTTCGACAGCGTTCCCCTTGTCGGACTCGTATCACATTCGGATGCGGTTCCACATTGATGACGATGCCGGGTCGGGGGTTACCATAGTTCAACGCTAAACTAATGCATAGCTTATATCGCGGTAACGGTGTTATGAATATAGGGCGACAGGATGCCTTTCATGCCTTCTGCCCTATGAAGCCCGGCACTAGTCATAGCTACTACACATTCTTGTCCAATCTAGCATACGGTGGGTGCGTCTCGATTAATAGAGCTTAGCTAAAATAGTCAATAGTCCGTTGGAAGCGTCGGCGCAATACGTGGGTCTAACAGATCTGCCCAA,500,49.0,Escherichia coli
SEQ_740024,GTGTTATGGACTAAGAGTAGTTGTGCAACCCGTCTCTAAATGAAGCACAGCGTCTGCGGCCCCCTCTAATTCGTACGTCAGATATACCCCACGTGGTTCGTTCGTTCGTTGCAGTTGTCTCATACTTGGAGTTTGTTCTCGAGCGGGTATAGAGCTACCCCAAGCGACTGAGAACAGGAGCGATCTCACGCTTGGCACGTGGCCTACGATGTGCACTTGCTGAGCGGCCATAAAGTAGCTTCTACATGACATGTATGACGTGCCACTAAAGTCTGCATACGTCCTCGTTCATCTGTGTGCGGTCCGCATTCAGAGAGCATTTAAAAACTGAAAAGCCGCGTGCAGCGTGCGTGAGTGGGAGGGCAAAGACCCGGAAAAATAATCATTACAGCATTGGAAGTACGTCCTCTGGAAAATGCAGCAAGCCAGCTTCGGAATGATATCGTGTGATGAGCTACAGTCGTTGGTCACAAATTGCACAGTCCCGCATAATTGCACTGAGGCCAATTACGCGGCAAACGTAATGGGACGGAGGGGAAAGTCTTGTACTGTACGACTATCTCATGGGATTGGCCTGTGCTACGCATTAAGCATAGCTCACTCCTTACTGGGCGTGCTCGAGCCCAAAGCTCGTGAATTTCGTGAGCCCCAGTGACAATACATGCGCAGCTGGCCGTTGCGTAGCGGTGAAAGCGCACACGTTACAGTGGAAACTATTCCTCACCTCTGATGGCGAAGCAACGTCACCGCAACAAAGGCTGTACGTACTTAGTGAGTACGTCGTGTCACGGGCAGTAGCTACTACCTTCCTTCACGAAGTCAAGGTCGGATAATGAATCAGACCGCGACGGATGACGGATCGGTGCAGAAAGACGTCAGTGAGCAAAGCGGTTTGCTGAGGGCTTGCAACATGATTCATTGCTCGCCCATCTTAGATCAACGGAGCGCTCGCCGTGTTGGGAAGTTCTGCTGCAGACAGCGGGGACGAAGGCATACCTGTCCTCTCGTGATACCTATGAAGCGGCTGACGAGACGTCACGTCAGGCACGTGTAAACTCGTAGAGCGCACTGGGATGTTTTGTCCTCGGTAAATAAAACGGAGCTTTCATACTACAATTCCCAATTACGGCTCGTGTCTTCCTTGTCTCTTCGAGGTAAATCGATAAGTCGTAGCATAGTTGGTGTATTATGATTGAGTTGCACAACCTGTGCTTGGCTACTAGGTGTCCTAAAAACGACTTCCCATACAACGTTTCCGTATTCCAGTTCTGATCCTTCATCACCTGCTCAAATGACGGCGTTCCATATTACTATGTACAACGCGTCCGCTCAAGTTGCGTCGGGGATCGTATTATTGTTTCCCCGGTGAACATGTAGCCACATTCCTACAGACTTTATGGAGGAGCACTACCAGTCTGCACACTTGTCGCCCTCATTTCTAGTGTAATCACTCCTGGAATCGTGCTTCTAGGCTTGAAATTGAATATAGATAAGCTTAGTCTGGCCTATGAGGCACCCTTGTACCGTTGACCTGACACATAACTACTTGTGCCCCTTAGCGATTCGACTTGTTTGTGCGGTGGAGGCGCTTGGCGTTTCCTCCCACTCCAGCAATGAACTTTGTGCTGCGGCCGCTAATGGTATCATGATTACATCGGAAGGTTAAATGAGAGATGTGTTGTGGTGTGCTCCTAGAACCAGACAATATAATCGCACGCACGAG,1723,49.91,Mus musculus
SEQ_242761,CACGAGGTGCCCAAATTGCAAATGCAGTAAAAAGTCCCCACGCTCACTGGACTCTTCAGCCCCAGGTATTACACAGTATCGGCAGGCGCGCCATCGTTGGTACACGATTTGCCGAGCCGTCCACTCAAGAGAGACTCCTCAAGCGACTAAATATCTTGTTTCACATTGGGGCCTAAGGGGTCCATTGCAATCCACCCGTAATTAGGCTTAGCCCCAACACCATGGAGCCATCAAGGACAAAGAAGAAGGTTGTCAAGGACGCCCGTCATTGCCCCCTATGCCCTCACGGGTTGACGCTGTCTCTAACAACTCCATCTGATCACCCACGCCGGTGATCGTTCGCCGAATCGTTCATAGAATAGCTGTCGTTTCCCCTCTTACGCACGTTGTCTCGGCTTACGTTGATGTGGAAATGGACTTTCGTAAAGGGGACTACGTGGTACCTAACTTTCCTGAGCCAAGCGGAATTGGCAGGAACGATATATACGAGTTTGGTCATAAGGTGCCTTTAAGCATTTTTAGTAACAGTCGTTAACCTCCTTCGAATTTACGAGACCGTGTACGACGCAGATGTATCTCCACCCTAGGGCGCACCCACCTGGTAAATTGTATCGAACCAATGTCTCTACACGAAGAACAAAGTTATGAAAATGACGTACAGTAGAAGGGAGTTGTACGGGTACCAGGCTCCCTAGC,696,50.0,Saccharomyces cerevisiae
SEQ_733605,AAGTATTTTTAATTTCCACTGTAGAGACTGCCTCAGTTGCCACTACGTCTAACCGATTGCCACCGGATATATTCACGCTTCTGCTGAGACACTATGATCCGTCGGTCCATCCTGAGCACAGGCTAGCTCCGCAGGTTGCAAGAGGTTAATGTGACTGAAGTATCTCGGAAGGTTTAGGATCAGGTCCGCAGATCGAGGGTTGAAAGCAATCGTATTCCCCCCTCCCAAATGACACGTCAACGAGTGCATTTTGTTCACTTAAAGCACCAACGGCTCAGCGGACTGGTACAGCACGACGAAAGACTTAGCCGGGCGCATAATCCACCTGTGCCGTACGCGGTTTAGCATGGCGATAGTGTATTTCGTTCGTCGAAATTTACTTTCGCTTCTAAGTACCCACACTCAGGAGTCAAGAACGTTTATCCTTCGGACCGTGATCTGAGGGAATTCCTTCCCCCACTTCGTCTCCCTTAAGGCCAATATGTCCCGCGAAAATGTCGATGCCCGCCCCAAGTTGAAGTTACTACATTGTGTCGGGGGCTTTACTCGTTTCGCTCGCTCTTGCGAAAGTCTGGAACAGTGGCACAACAAACTTATCCCTGTTAAGTGAGCTCTCACGGACGCCAGACCTGTATTTCAAAGCAGAAAGAGTGAGTCACACAAGTCATCTCAGTCTCTTTGTACAAGTTCCTACAGTAGCTTGGGCTGCCAGGTGACGCTCTTCCGCAAACACCCAAGAGCGTGAACGCCACGTTCGTCCCTGCGCGATGTTAAGTTGAGTTCACGCACGCGTTCCTGGACCAACCCGAAGGGACTCGACCACCTGCCTCGGGTTCATTTCTGATAACCTTGGCTGGGCCGTAGCTAACACAATCGGGCTGCCTATATGTCTCTACAGCATTGCCGCATATCATCGCGGGCGCCTTTTGTACGCAATTGGGCCCAACATGCAGATGAGCCCGAAATTGGCTACCGGGATCATTATCTTGATATACTACCACACTAAGCTTGAAGAGTATAATCAGTCCAGAAGTCAGTAGGGCTAAGAGGTCTTTGTGGGCACAGGGTTAGATATGAGCAAGGAAATGCGGGACTTTAGTTGGGCCCTCAATTTCCTACACTGTGGTAATTGCATACACTCACTTGTGCAGAAAATGGAGTGTATTTAGACCTATGTTAGCTAAGTAGTGGCGAAACATCAACATACCCCGGCGTATCTCTGAGTAAAGGAAGCCTTGAGAGGTAGTTGTCATATCACCCACCTAATATGCA,1272,49.37,Mus musculus
SEQ_755682,ACTGAAAGAAGATCAGAGAATGCACAAGCTCATTGTGTAGCGCGACTCCGGGGTACCTTAAGGTTCTACTAACGTCCGGTGAGAAGGTCCATGTTTTACTAGAAGAGATTCGTGGCGGAGGGATCTGGGTCGTCACTAAAGTTAGACCAGGTAGACTGAATTATATGAAACAAAGGGCTGAGGTTATCCCAGATCCCAGCCGACCTAGAAAGCCGAAGGCGTAATCGACCGGGAGAGGTACGGCGGGCGTGCAGCTAATGGCGTCTTGTCGGGCTTACTTCGAAACCAGGAGTCGCGAGTTGTACCGTAGACTAATTCGGAGTGACTGTGAAGCCCTGCTCTGATTTCCGCTTCTCCGTGTGAGTGTATTCTGGGGTGGCTCATTTTCTACAACCACTGTATCTATAGGGCTCCGACGGCTGTTAGAACAACCTAC,436,50.92,Drosophila melanogaster
SEQ_484348,GACGAGGGCCTCGAGGCAATTACACACTCCATTACCGGGTGATGAACCTGGTAGGCACATCGGTTTTAGGTTTGTAAATCTACCGAGTTCAAAGGGGCCACGTTTGGATCTTCGATGTCTCAGAAAACAGTGAAATGGGTTTCCTCAAACCCGCCCGCAACTAATAAGCGAGTACATCTAAGTGTCGTTCACCATTAGGTATCGTAAGTATACGCTACTACATGCACAAAAGACCGCACCGGGGAGAAGTTCCAAGCATAGAGCATACGATCGTTCAGACTTCCCCCACCAAACACCCACGAACAGCGACTTACGACGATCCGTTGTCAATGAGCTGTCGCGCTCGGGATATTCCCCCTCCGACGTAGATCAAAGATCATACTCCTTGCCCGCGCTCCGTCCCGTCTATGTATATCTGACGCCTGCCTCTTACGCGATCAAAACGATGGATCGTCAGGGGGCAAGTAACTCGTGTCCTTCTACCGCTTCGTTTGGTCCTGATCCAGACGACCTGCCGACGGCTTTGTCAAGCAGTCATTTATAAGCGTGTCACACCAATAGACTTTTTAGTCAATCTACTCTCAGCACAGTGATCGAATAGCGCGGCGCCGCCACCACGGCGAGGCACAACGCACAGACCTTCGATCTACGATGGTATTCAGAGTAGTGTAATCCTTGCCACAGGCGTAATGTGGGTAGCGGCCACATTGCCTAATCTGCTTAATTTCTCATTAGGGGCAGTCACGGGAGAGCTAGGACGTTGTACTTCGTCTGTGGCTGTCGGTTCGGACTTCTGAAAAGACATGACAGGTTGATCTAACTTTCCTTTCACGCCGCGTCCTTACATCACGGCTCATAATTCGGCTCGTATTAGAAGTGCCCGGGCCATGTGGCGCCACCCTAGGCCTTAACGCCGACAACAGGAGTTGTCTGTGGAACAAGCGACAAAATGTGAGGACCTGCTTACCACGGTAACTGTTCGTCCTGACACGGCGTCGGGGTGATTGTAAGATCATTTAACTGAATGTCTAGACCGCCAGTAGCGACAGAATAGCCGGACTGTTGGTGTCTAGACCAACGCACGTCAAGTAATTAGACTCAGCTTCAACGTTAGCCCTGCCGTACGGGGTACCACTCCACTCCATGAACAATCCTGCGCTCCGGGTGATCAGGGAAGGACCACCTTGGTCTTGGAACAGAGAGGCGTAAGTTTCTGAGGCCACTAGAGTAGATGGTCTTTAGGAAATCACGTCACGTAAGTAGAAGCGACTTTATTGACTACTGGCAAATTAGTATATTATTTTATCGATAGCCAATATTTCACATGTAAACTTACCATACTCTTAAGTGCCCGTTACAGTACTGACGAAGTTAACTCTACCCTGTGCATACATCGTCTGCAGCGGTACAGTGGTTCTTACCAGACGGGGTACTGAATATGGTCATTCATTGCTGGGAGTAAATCGGAATGTAAGGGAGGCTCCCGAGTTCTTCACCGAGACACACATTACCAATC,1516,49.8,Escherichia coli
SEQ_237086,ATGCAGCAACATATATTTTGGGCGGCCAGGCTATGGCGCTCAATGTCAGGTAATTAGAAACCACTCTCTGCTAATCTGTAGGCAGTGGTTTAACGACCCCTGGCCATGGTATGAAGTTTGCAAAAATTTGCCGTAGATGAAGCTCTACGCTCACTAACGGTCCAGTTTTAGGGCGCACAGAATTGAATTCGCAGTGGGTACCCGATACTCGAAGAACTTATTCCTAGCGCAAACTAGCAAAACAGAAACTTATTTGAACGTGTTTAGGTCGGCGTGGGAATGTTGTTCGGGAAGTGGACTGGCAGGATCAAAGACGTCGTAACGATAGCGGTCATCCGCTCAGTATGGCCTTATTCTTGTACTTCGGGGAGTTGTCAAGATAGCTAGAGAACCGGGCTATGTTCTTATTCGACTCCGACGCCGGCGGGGTCTTCGGATCCCTAAGCGTGGTTTGCTTATCGACGGAGAGAGAACGGACTGCTTAGCAGAGTCCGTGGCGACAGTGATAAGCATTGCACGACACCGAGATTATTCAAGTAGCGAGTTTTGTGAAAATACTTCGCCGCTTTTGGCCCTTAGCTGCATCCGAAAATATTAGCCACTCGCGCTACGGAGACTCAGAGGTCGTATGTGACTACAAATGGCGGTGCACAGTCTGGTCGAATCTCGCCTGTGAACTACTGTGTGGCTGAAAGCGTCCTCGTAAATGGCGACTTTTCTTAAATTCTAGGGAGACTGCGCCACACCCACAACGGCCAGCACGCCGTATCCGTGCCCAATTTCTATCGCTCTGGGTCGCCGTAACTCCATCCTAAGTTGGCGGGCGTCCCGGTCTTTCGAACACAACGTAAAAAGACGGAGTGAGGCATTCTCAAGTAACCAAGTTACTCTCGTGTGAATAAACGCGAAATGACTGACGTCCTTTGAAAACCCCAGTACGTATCGCGGCGAAGGACTACGCGGTCCCCAGCTCATATATGCGGGATGACGACGAGCTCAGCTGATTGGCGATCGGAACCGACATCAGCGAATCCTTTAGGCAGTGTCGCGTATTTGTGCCGGCCGGAGACCGACTCTAATGCAAATCACTTACCCGGATTGAGAAAATTAAGGGATCGCTGTTCACTGCCTA,1132,50.44,Escherichia coli
SEQ_499590,TGGAGCTGACTTCAAAGAACCAGAATCCGGTCTATCTGTCCAGGGCGAGCCCTCGTGGCAGGGCTGAGCACCTTTCAAGGATCGCGCTGCACCCCAGAAAAGGAGATGCTACACGTGTCGACGGGGTAAGCGTCCTTGAGTGGTGGCTAGTCAAACGAGGGCATTGCATTGGCTGACACAACTCCCCGCGCAAAGTGAACCAGAATCGACTCGGGCGTGGGGGGCTGCATGGCGTGGCTGGCGGTGTATGGGCTTGGCATTGGGCGCCGACTCGCTTCTGCTAACTGTTCTGTGTGGTGCTTTGCAGCTTGATATTATGTCAGACCACGTGCCCGCCCAAATCAGGGAGCGCGAGCGAACGACAATACTTATCCACATTAGAGTCGCAGTAGAATATCGACTGATTCGGCCGCGCGCTTGCTGCGATGGGCCGGTGGATCGAAAGATTTAACGTTAACTGTGGACTTTTGTCGAGTGCATTTGATGAACGCTTTGCAGATGAAAAGGGGGCGGAATCGTCCGGCGCCGCTCCGGGCCGGCCTTTGTTGTAAAACGCCCTCCAATTAAAATCGACTCATTTTCTCCCATCTGTCCCACTATGCTCCCTGATAATCTACTCTGCCACTGGTGTCGATAAGATCTCTACCTACAGAGTTTACCGCGCCGTGCGAATAATTAAACTGACCGTACAGCACATAGCGAATACACATGGTAAAGAGCGCTCGGGGGCACAATTTTGTTTTTATTAGTAAGTGCCAGACTCTGCGTCTGTCTCTTGGAATATGCCGGAGTCGTCGCGTGTTCGCCCTTCCACGTTTTCTATCGGTATTGTATGCACTACCCGGCGTGCATGAGATTTGCTCGCGTCAACAGCCCGGCTATTGGGGCTAAATACGCTGAAGACCCAACATAATCGCTGCCTCTCCTAGCGAGGGCCGGGATTTTGCCACATGGTCGCAGATCATGCCGTACAGTTTTCCTGGCGAAAAGACGATCGGGTGCAACTTCGGGATCGGGCTGTGGGTCGGCCTGCGAAAACTATGGTCATTCCTTACTGGAATCGCCTTTAGATGTCGCTTGTCCTCTTAGTCGGATCGATCGTCTCTAGGCTGAGAATGAAACGTTTCTCACGTGTCCTTTAAATTTCGGCGGATGTGTTATATCTTTACCAAACAGCTGTCGGCTGTGTGCACAGTTGTGCTCAGACGTAAAACTTCATACACCACTAAACTTGCGCTCTAATCATCCGAGCTGTACGAGATGTATTCGTAGAA,1274,52.2,Homo sapiens
SEQ_299078,CGATTGAGAGAGAGCTTCATGGCGCGTTACATCGCCTCGGGTTCAGTATGCCC,53,56.6,Caenorhabditis elegans
SEQ_683486,GTTTTCGGTAATAGTGACGCAGAAGACTAGCTCGTACGAGGGAACCTCCTAAACATTGCTAACGGGCTGTGCAGGAACTCTACTTATATGGCGTAGTGTATGCTAGAGCAGTCAAAGAGGCCATCTACCAACACATCCGATGATTATGGGTCCAAGCACATACTGACTTTATCTGCCCTTAACGCCAAATGAGAAGGAAAAAACACTGGCGAGACGTCTATTGAGGTTAGCACTGAACACGTCCATACACTAAACTATGCCGCAACACGCTCCTGGAGAGCCGTATTGCGTAGTCACGACGTGAAGCTTTCATCTTGGTTTGTACTGAGTACCGTCGTCCAGCCTTCATACCCATGGAAAAGTCCGGGGTAGCAACTAATCTGTTCACATGTTTCTTACTAGGGGGGACGACGGGACAGCCAGTGGAATTGGGGGATAACTGCAGACGTTTAATATCTCGCAAGTTATTCCTGAGTGACCAATATGCCTGACTAAAAGGGCGGGAATAATTCACCGTGGACGGGA,525,48.0,Caenorhabditis elegans
SEQ_528661,CCTGTCATGGTCAGCTGCGTGACTGTGGGGGTTACCCGGTCATCCTTGGGGGGTTAACTAGTCTGGCGTACGAACCAAACTCCACCGATCATGAACACGTCGTCTCAGGCTGTAAGCGTATGTCCATTCGATTGATTCTTGCGTCGACTGAGCGCAAATACCGACGGCCAGACAGTATTCCGTCAAGGTGGCAGATTAAAGCGTAACCAGTTCTTTCATATCTTAAAAAGGGGTTCTAATTCGCTACGTGCGTCCATGAACGGATTCCATAAACTCTAACTCGGGAAAGACGGTCATTTAGTGAACCGACAGAGAGACGAGTCCCGGTTCGGCTATACCGTAGGGCGGTTTAAGTAATCTCGCAGGCATTCCTACGGCGATCCCAAGCATTCTTCATTTCGACAAAGCTCATGGGTGGGCGAAAAACATCGGCCAAAGCCGTACTATGTGTGGATATGCCGCGTATGATGTGGTGCTCGGGAGTACCACGCCCATTCATCCAGCAGATTTACTTGTCGGAAAGCACGTCCCTGCTCTTTTGGGATATTCTGGCCTGGGTTTTCCGATAGGATGCAGTTCCATCTAGCCAGACTACTGCGTCAGGCGTCATACCATATGTAATCGCGGATCAGAGAGCATAGGCTGTACTCCATCTCTGATCCCATCGTGCAATTCATCGGAAAGCACAATCGTACCGGTGAGACTCGTACTTGACGCTGACCACGTATTACAGCTCTCGATGTAGGGATTAACTTGATGCCGCTGTAATAAGGAGCCTTGCGCCAGTTTATTTCACGAGTGTCAATCGTAGGGGGCAGGCCAACGAGGTGCTGGTAGCGCACATCCTTGTATGGATCCATCCACACGCGATGGGGCCAAGAAGCAGTAGGAAGTTATGTCGAACCCAACTGTGCCGCGTTACCGTGTTTACTGCCTAGAGGGCCGCTCAGACATCTCTATGCTTTCTATGAAGTCCAGTGCCCGCTGGATTACGAGAAATCCCGAGAAACCCTGTGGTACAAGGACGCGTATCAGCCTAAAAAATTGCTGAGTTGAATGTCCACAGACCTGTTAACAAGGAACGCCCTAGATAAAGTGTATGTAGACCCGAGCTCCGAAGGTTTCTCCGAGTTAGAACGGTCGCGGTTGATGGCTTGCGAGACTAGCGTATTTC,1174,50.77,Saccharomyces cerevisiae
SEQ_366230,GGGTACCCGTATTTTGTACCCCTTGTCATGGACGTTTGACACTCTCGGCATCTCCAGGTCGAGGAGAGGGTGTCTATGTTACAGATTCGCCCCCCAGGTGCACCGAATGGCCAACTAGGGAGCCAGGTTAAACCTGGTTGGAAAATCTCCGTGTGCCCGTAACAAAGTTGAAGGTTCACACGAGTAACTAGGTGGGGCCACCATTTTGAACTTCAGCTTCTCGTGATAGAAGGAAAGTGTATATAAAAGGTTCTGGCGAGCGTCCGGCGGCATACGGGTGAGTTCTCGATAAGCGTTTCACCGTTTATATGGAAAGGTTAATAGCTCAGTGGGTGGTAACGACTAGGTCCGGTATCTCAGGCAATCCTGGACGCCCCCCTAAGTGATGCCATCAGTACCAGTCTAAATGTTGCAGGGGGCTGTGTAAGTCGACTCTCAGGGATGCGGGAGTCTAGTTCATAGATCTATGAAAATTCTTAGGACTAGAAAAAACTGCAACCTTTACGGTTGTGAGCAGTGCCCGAAACACCCAGGAGGGCGCGAGGTTAGTGATAATGCCTAACAGCCCAGCTTGAAGAGCTCAGATGCGTAGCCTCGGGTTAAGCGTGGGGTGCTGCTCAACATGTATCTTAAGCTGTAAGCACGTAGTGGACCTCTGTGATAAGTATCCATTTCCTTTCCATCGAAAACCGCTATAATCTTTCGCAGGCCATATTCACTAAGACGTTTACTAATGACAAA,741,49.12,Mus musculus
SEQ_803635,GAGCTGCCTGGTCTGGTTCTGGCAGAATACGGAGAGACAAGTGCGACTTTTGAAACTAGGCCTTTTTTTGATTCCAGGACTGCGGAGGATGGCGTCTATAAGAGCGAGCTTAATGGGCATCGTAGGACACCACGAGAGGTGTATGTCAGCGCGAGGTCGGTTTAACGCCAGGCCTACTTGCTGATTAACCGCAGGACGGATTCACATTAGAGTCCCCTACGGTACGCAGTTTATCATATTGACTAACTAATGCGCACACCGGTGCTAGGCGAATTTTCCATTAGGAAAAAACGGCAGTGCGCACCCTCCCGCGCGACATGCATGGGACTTCACCTTTAGGCCTTATTCAATTCCGCCCGACTGTAGCAGCTTACGCACACAAAGTGCAGTCCAGGAAGTTTACTTATAAAGTACAAAGTGCATTTAGTATATAAATCAGCGATGCTCAGCATTTCTCCCCAGATCTAATTCAATTCGTTTAAAACAAGTGCGTGGACACCACGATCACGTTAATTCACAGAAAAAGAATCATGCTCAGGGCCTGGACGTCAAACTCTCTACTCACGGTCCCTGGATCAATGTCGTAGATTTGGGGTAATCGGCGAAACGAATTCAAACGGTAAATCTTAAGAAAACCGTCTGGTGACGTGAAGTAGGACTGGTTGTAGATACTTTGACTCGAGCGCCGGGAGTGGGCGGGCACGGAACGTTGCGAGCTGGCCATAAGAAGGTAGACCGTGAATCTTGCGGCCTCGCCCTACAACTGGCACCTATCGCAATGTCCCCTACTGACTCTTCCTACTACATGAGTTATGCCTGCGCAAATCCCTACTCCCGTCAGGGTCTACCCGCTATCGAAGACCGGTAGCCACTCTGGTAAGGGGAAGGCTAAAAGCCACTATCTGGTAGAAGACCTTGCGCACGAGACACGGTGGGACGCCGACTCTATCATCTGATAACCCAGCGACACCAACAGTATACGATTCCCTTAACACGGTGAGAATCTTAATCCTAGGGTAATTGCCAGTTCATGCTGGTACCAACCCGATCGCTTATTGGACGTGGCGACCACTGCATATACCAAAGTATCTGGAAACCAGACCTGCAGCCCAACGGTTCTTAACGGGCT,1129,50.04,Drosophila melanogaster
SEQ_987447,ATTCCTTAGAGCATTGACTTGCCTTGATTAACAAGAATACGTAAGCCCGATGATTTTTTTATTGGTGACCAACGGCATCGTGAGTTCGATCTACCAAACAGCTGCTGAGGCGAAAACCCGCCCCGGTATCCTGCGCTTAGTATACGACAGCGGATAGCAAACTGGAAGGAATACTGTAATCTGAGCGAGCTTTTGCAAGTGGAGCTCCGCCGCCATTCTGCCCTGTGACACGGAGTCGCTGTTTGCGCTTGGAGCGGTCGGGCAAGACGCATGCACCTCACACTAATCGATCCGTTTTTCGGTCGGACCCCCAGATGGCGCAGCGGTTAGTCCCGGTATGTCCG,344,52.91,Mus musculus
SEQ_692913,GGGCGGCAAACCGATTGCCAATGTTGATCAAGGGTAATCTCATTCTTCCCCTAAAACTACTGTGTAACCGTTGGCTTCGGTTTCTGGGGGTGATGCGGCCGTTGTCATAGTCAAACTGACACGGATTCCTAAAAGGGGAATAGCCCCCCGAAAGGCCGAAGAGCTAAGTGGAGTGTCATCCACGTGTGTCCAGCACACTACATGCAGTAACCGATCGATCCTTGTCCCGTGTATTTAGTCCCTGCGCTTCGCAAAGTCCTTTACTAAGACTGTTAATCCTACCTGCTCCGTTAATGCGGGTTTCGTCTTGGCGAGAAGGGAACAGTTATACCACTTGCCGTCCTGAGCTTGGCCAAACGCGACTCAAACATGTCTAGCCGGTGCTTCTCCTGCGTACAGCGCGGACGGTCTTGGAAGTGTGGGTGGACTAAGGGGTGGCGACCTATACTGTGAGCATGCTTTCGGTTTAATATACGTCGGAGCCGTCGTTACACAGGGATTGACTTGGTTTCCGGACAAATGAGGGGAGGTGCCTAGCGGCGTCGCCATCTCGCGGTTATGAGTTACCGATCACTAGGAAGCTCATTTAGGCCGGTGAGATGCCCTAGTTGAGATACCTGTCTAAAAGTCTTCAATACGTAGAATTGGGATAATTGAGAGGACGCCGCATCATGCTAGGCCGGACGCCAAGTGGGCCAAACCCTTATGATCATAGTACGTGCGCCCACGGTGCGCGTAGAATACTTTTGGACCCCGAATTGCATAAAAGTGTCGCTGGATATCCTCTATCGTCGCTTTAGTGGTTACTCTAATGTGATTAGCCGGACCGAACCCCACGTACTGCAAGGAACGCCCCGCCTATCCAGAAGCTGATTAACTTCGAGCTATCGAAGACTTATGCTCGTAATACCCGTTTGATCCCGTGTCCATCAACAGGTAAGAGTGATCTTTTGGAGGAACGCTAGATATGTGGAAGATTAGTTCAGTACGACGATAGTCGTGGACTAACACATAACTTGCAAGCGCCATCACGCAACGTAGGATGCAAATATGTGTAGCAGCAATCTACTTTTCACCAGCCGTGAAACCAGTGCACTAAAGTTCCACTTCGCTGAATAGTCTGATGTACGCAGTCCCGATAACGATATCACTGCTGGGGCTCAATTGTAGCGGGAGCGATCCATGTGGAGGTAGGGGGAGCGTATGTGCATTTCGATGGGACCTCACATAGCGTTCTGAGTTTGGAGGAGTACTCGGAGTACTTAACGTGCGGCAAATACACCGATAGGAATTATAATCCTCGCCGTTGTATGCGTGTTATGCTCAACCTTAGCATGTTTGGACAAACCCAAAAGTGAGCCGCAATCTAAACGGAGGCGACGTATACAAGTTACGGTGGGATGGCGTCGTCAAGTAAGGAGGGAGGCCGTGTCCGGTACAGGAAGGCTCGCTACGTACGCTAAGCCTGAATAATGAAGGCTGGGGAACTGGGGTTCTCATCGGGCGGAAAAAGTTTAGTTGTAGCCCCTTCCTAAGGGAGGTCGGGATTCGAAAAAGCCAATCTGAGGAAACTCCTGTAAGAGGCCTCTCGCCAGCTTGCACTGGTGGAGATCAGAGTCCTGCGGTGGTTATCCCTGAACCGATACTAGTAACACTGTGGCGGGAGCTCGATAATCACCTAAGGCGTACAAGAGCTACCCCGGGGGCGATGTGCAGGGCAGAAGTAAGCGGATGCACACCTCCTGCTGGGCCTCCGCGAGGGTGTGGAATGATGTGCTTTCTCGAACTTGATGTAAAATGCCCTTACCACCAGGAGTCCCAATTGACTGCATGACCCTGCAATAGCTTTAACACCTGAGAAGGGTGTGGGCTATTAGGTTTCCGCGACTGTAGTTGCCAA,1900,51.16,Caenorhabditis elegans
SEQ_705598,GGAGGCCCTAATCGTCCGCCACACGTCTTGTTATAACTTTAAAACAGCGCCCACGTCCTTGGCATAGAAAAGCCCAATACGGCTTCAGTTAATATCATGCTCATCGCAGCTTAATCCTTCATTAAACTTGTAGGTGGGGTCCCAGACTGGTATGCCAACGATATTGATGCTTCCTCATATCCATACAAATTCCAATGTCGCGTCCGATTGTGCTCGTCCCTTTGTGCGTGCGGGTGCGCACCGACCACCGGAATTTGTATTGATAACGAAACGGTGTGTAGATATGGGTTCCGCCAATAAGCGTAATCTGAGATCGGGCATTTGGATGTGAGACGCGCGAGATCACCCCGTAGAGGAGGGCACCTGCATGATTGTCCATTGGTATCTGCGTACTGCACCCCACAGAAATGCGCCCGACGACAGCACACCCTGGAGACAGAACCCTTGCCGGTGTGGCTACATACCTAAAACTCAGCAGTCAACGCCTGACGTCAAAATACAATTCTGTGTTCGAAAGACAAACGGCAATTCCTCTACCTTCTGTATCCGAGGTGCTGTAATTGCAGTAGGCCACCGCGTCATATTGCTGATCTGACCTTATACCGATCAAGTCTCGACATGGATCTGTATTTACGTATCCTGTGCCAGCCGACTCTCCGCGGTGTGTGCTCCTGTGTATGCATCATACTTAGTTGTCCCATGCTATATGGACGTTATAGAATCCCGGCCAAATGTCGCGCTAAAACCAGTCCGGTAAAGGAGAACATAGATCTAATGTACTAAAATGTCATAAGTGCGTCTAGGAAAACGTCCAGCATCCCCTGGCGGTTTAATGACACTTGAACCAAGATGATAGGCGCTATGAGAATCAGGGCACTTGGAGTGACCTCACGCCGGACCGCGTCAGTTTCGGCACTGGCACACAAGCC,929,49.84,Caenorhabditis elegans
SEQ_129652,CGCCTGAGAGGAGGCTATCTGAAATCGGAGGTCAATAATGTTATACTCGTGATTGAACCGGTTTACGCGAATACTTCGTGGAACCGGCAATTGTTCGACAGGTAAGGCACCCTGCAAATCTCAAATCTTGCCGACCACGATGTCGTTGACGGCTCAAGGTCGCCATAACCTAACGGCACGGTTAATTCGACGGTATTAAGTATCCTTCGTTCCTCATTATATCAGGCGAGCGCTCCCCGAGTCTGTAAGAACTCCCAAGTACGGGTGTAGTTGCGCTGGTGATTAAATACATGGAAGTCGCCCCAGAAACCACAGGAGTCGGATAGGAATAAAACGACTAGCTCAGAGCATATTCCTGCACGGGCCCACCGGGCGGCAGTCTTCTCGCCGAGGTGAGACCGTTATTATGCCTTATCGTGCCATATGTCGACTCCAGCACATGAGCGTTGCGAGCACGGCTTTGAGTATAGTATGGTGCCAGAACCTCTGTTTCGTAGTTATACAAAAAGAAGTTTTTAGGGAATAAGACTATCCAATCTTCTCCCA,546,49.08,Saccharomyces cerevisiae
SEQ_252527,TCCTCAATGAAATCCTGTGAATACACGACATGCTGGCCTTCCCTAGATGGAGCGCGGCCAAGGCAAAAACAACTATCTACCCCATCCTCGGGGACGACCTCGGTGGCCTTGACTTAGAAGATCGAAGCCGCAGTTCGATATTACCGTGAACGTGTTCGTAGACCTGCTCAGTGTCCGCAAACAAGTAATGCGTGCACTGACTCGAGGCGGGCTATACGCTTCTTGACGACGTTGCAGAAAGATGTGTTGGCAATAAAGCGGGTGCAACTCCTGGTCCTACCAGGGGTCATACACGTAGTGAAATAGACCAATTGTCGACCTCTGTACTCACCCGTGTGAGTCACGGAGAAAGAGAGGCATTGGAACGTGCGCTAGACACGTATCCATGACTAAGTAGGATCGGGCTAACTGAGGGATCTAATACAAGAACCAAACTCAAAGCCCAAGCACGTTCGAAAATTAATAGGAGAAGAGTTGCGCCGGAATTGACTATCGCCGATTGAGTGAGGTGTAATGGCCTGGTGATAAGACTTCACAAGGTTCCCTACTAAGGGGCAAAAGTGATCCGCTATGTTGTCAAGATAATTTCGTTTAAAAGGATGCAGAGCATATAACAGTGCAACTAGGTCTGACCGCTCACACAAGAAACGTGTGGGATATCCCGGAGCCTACGTCCTCACTTCTAATAGCTTCCTCCCAGTCAATGGACGAGAGCAGCTGAAGCACTCTGCCCCCAGCATAGCTATCTCAAATTCTAAATAACGCCGCCTGTGGTCTATGGGAGCGTCTTCTGTAAGCCGCGGAGAATAGATCTATCGTCGGGATCGCAATACAGGATCCGTCCTCCAATTCTCTTATAGGCGTGTACCCTGGGTTCTCATCACGGGACGTCAGGAGTTTTGGTCTCCCATTGGCGGTAAGTGTTGACTAAAGTTAGCTTATCCCTTCGGTTGAGTGAATCGTGATGCTCCAAAGTATCGCAAACCAGCGCAATATGTATAACCCTCTTGATTTCGGACAAGTACCGTCCGCAGCTGCGTGCACGTACTGTAGGAGGTGCAACGT,1065,49.67,Homo sapiens
SEQ_717625,CTCCTCCGTGAGGTTCTTTGGGTACGCCGGTTTTCATCCAGACAACAATGCGTAGGCGGAAAAGTCACCCGTTAATCAAGTTTCATCGCTCCCAAACAAATATGCTATTTTCGTAAGCCGGTATGAAGGTAGCAAACCACCGTTCCTACCCTGGAAGATGCTTTGTGGTTCTAATGGAGCGGATTCAAAAGAAGCCGTCGATTCCTGGTCACTCTGCACAACTATCCTAGTCACGCCTACCGCATGAGATGTCTATCGATGAGGAAAGAGTGCCTTGCGAGAAACCCGGTGAATACTACCACGACCAACCTCTGTAATACCTAGCATCGGATTATTGC,338,48.22,Arabidopsis thaliana
SEQ_609550,ACAACGCCCGCCGGGCCTGTACAACGAAAGCTATTATACAATAGTGGGTTTTTGGATCAACGCCCCCTATCAGGTGTAATTCATTAAAGTTCTATATGGTGGTGTTATCGCGAGCCCTGAAAGTGATCCCGAATTCATTCATGGACCGCCTTTAGGGGCTCGAGTATCGAAGGGTCATCAGGTGGGAATGCAGAGCCACATGAAAACGTGCACGTGTCAATTTGGCTCCTGTATCTCTTCGCAAAGCGTCATGTGGCTATAGACTATTGAAGTTAATATTGGGTTCGACTCGGCTCGATCGAGGACCACCTTGACGCGTCAATGTTGACTTGGAGACCGGGATGGTACATAAGGGCCGGGTGGAGAAGCTTTGAGGGCGGCCATGGGAGGAGCGTAGAAAGCACTATGTACCAACTGTAATACGTGGCACCAAGATCGACCC,442,50.23,Saccharomyces cerevisiae
SEQ_258445,GCGATTTACCTGGGAGTTATGGAAGGAAACTGCGACGAATGGACCGAATATCAAAGAGACACCCGAGCCTCTCATTGTTGGGCAATTACTCCTGTCATGTTGTTCCTACGAACATACGATGGATCTTATCTTAACTGAGTTTTTAGGGATGAGCCGCCGAGTGTTCAAGCTAAGCCAACCAACGATGCAATAAGAGACCAAGTGTCCAGGCGGGTGATTTCATCTAACGCTTCTAACTTATGCGGCTGAAAAATAGATGAAAAAATATGTCATACAACTCCGTCGCCATTGACTCTAATGGTTTCCTGCAAGTCACGTGGTTCCTGATACGCGCCAAACTCCGCGCGAGTTCCTACGGGTGTCTTCTTCGGATAAGCCCCATTTAAGGGCATCGCCATACACCTGTTACGTCGTGTCCTTGAAAGTCCCTTGCCAAGCCCGTTGTCACCGTCATGGACAGTAGCATTTTATACCTCCTGTGCCATTAGCAAATGTTTATGTATTATCTTTCCACTCCGAGCTCCGTACAACATCTCCCCGCAGCGGAGCTCAACATTTTTTTCGTCAAAGGTGGGTATATATCAAATCGATCTACACTCCATAGGGAGCTAACGTGCATTATGTTGACGGCGATCCGCTACTCTAAAAGAAAGTCGTGAGAACCGACGCAGCTTGCTCATGTATCTTTCTGCCACGTAATGTACGGCTTTTGGACGAAATACCGTAGAGAAACGCATTACTTTCCAATCTTACAATCTTAGTCCATATACTATGCCGTGACGCGCCTAACATAAGTCTCATTTAAGGTAGGGCCCCTCTATACGTTTGCCTCTTAAGGGGGGCTGGGGGTCTCTGTGAGAAATCGGTACGCATCTTTAGAAAATTTCCAGACCGGTCAGTACGTTGCTGGGACCCGCTCATAATCAGGGTCTCTCGAAATGGCTACCTGAGAGCATTATATTGTAAATCAAACGAGCCGTTCTGGGCTTCCGGGTGAATAGAAAGTTTTGGCACTAATACAGCAAATTCATGACCCAGATCGTCTGATTTACTCAGTCAGCGGCGTTTCATGACCTTCCCAATAATATAGGCTTTAGCCATAATCCAATGCTGTCGGGACATCAGTTCTGCTAGATATATCAAGTGCTCGAAACGTGTTCTACGGGAACGTCCATACTAGCGTCAGTTCCCGTAATCCCGCAAGCGAGAGCCGTGCCGTAACAAGACAACCCTTGAACAACTAATAGCGTGACCCATAGGATCGATCAGGCCTTCGCTTCCTCTCACATAACGCTCTTGTCGCTGATCCGTCTGGTGCTCTGTCTAGTTGGTAAGCTTAGCAATCAATATCGACCCCCGTCTCTATGATTATGATGGTGGGTCACGTCCTAAACGGGGGGTACATACGAACCAGTGGCGTGGTACCGCTATTTTTTGCACTCGTCGATGTTTTATCCCTGTTTGAGTTCCGCGAATGTACACCTGTCAGTCATGAGTACGTTACGTCTGTGGGAGCCAGCCGGGCGCAGCCATCCGTACTGCCTCTCATACAACTTTGAAAGTCGAGGTGTCTACGAACTCAGCGAGTTAGCGAGACAAGCTTCGTCCGAGTTGCGGGCATATAACAGGATATCCCAGGTGTGTCGAGATTAGCCTCTTCTCACTAGGGACAACACGTAGCACCTAATAGGGACATCTAATTATCGGTCCATTGGAAATTCGTCCGCGAGTCATCCACCAATACGAGGCAATAAGTTTGAGCCGTACTGACAGTCGTCACGAATCGTAAAACGAGCTAAGGACTGAGTCGCCTTGGCGTACGCCTGAGTTTTCGTAACCAGGAGATCCCCTACGTGCCGGAGGCTTGACTTAACGACGGATCTTAGCAGGTAAAATGCCCGTGAGTGTGGGACCCGGGTAGCTCGTTGGTAGTCTTTACTGTAAGAACTAATTCGCGCGAAAGACGGATACCCAA,1975,48.2,Drosophila melanogaster
SEQ_560324,TGCTGTCATAAGTCGCCAAGCCTAGTAGGGGACGCGATCAAGTTTTATTTGCTACACCATAACGGTGGAGGAATCACAGGGCGTGGCTATTGGGTCCAGATAAATGCCATTTCTTGGCCTATTCAAGCAATGCTACTTAGCCATAAAGCTCGCGTCACCTACGACAACGCATACCGCGTGCAAACGTTTCCCAACCCATCTTGATTGTATTTGTGTTCCTGTGATCAGATATCCACCATCCGGCCATTACCACGGTGATGCACGGTATTGTGGCTGGAAACTCGGGCTCCCGCACAGCATCGTGCGGCCAGCGATCTGTATCTGCACAAGATTCGTAGGGGATCACCACGGGA,353,51.27,Caenorhabditis elegans
SEQ_219255,TTTCTCCGCTACTCGACTTATACCGCAAGTCACGTTAGGCGCTCTATCAACTGGGTCTCATCGCAGCACGGCCACGATTGGCCATCCCAATTGGCCGGCTATTTGGAGACTGCCGCTAGCACTTTCGGTTCCGGTAAATGATTCATTAGGTTGCCGCAGTCCTTCGCGCGCGGTCAAACGTCACGTCACCAGGATACAGAACCAGGTGACCTGTGACCGTTCACGTAACCTTTATACGGCTCAGCATGCGTCTGGGTACTGGTGTCAATAGGCCGGGAATGCTCCAAGCACCGTCTCTACTTACACATACATGTAGGTGTCGTCTCCCATGCTCCCAACCCTCCAACGGTGTAGGGGGTTACACAAAGTAGCTTGCAGGGGCTAGGCTTGCCTTACGATAGAAAGTCACACTTCCGTGGGCGCGCAAGACCAGCTCTTCACGCCCTGGCCGGAGGTGCCATGTATGGGCAGAGGAGGCGAATTGAGTCACCGTTAAATAATAACCAAAAGCAGATGAGGCCCCTCTCGACTTAGAGATTTCTCATTGATATAGCTCTTACTGCACGCCCGTGATAGAACTCTATTGAGGAAATGACATCTACAGCGCCCGTTCGTGTGGTCGCAACCTGTACGCCTTGTGAAGTAATAGCCCCACAGTCTCTCATATCAGAGGAGAGCCACGCCTATTCGCTGACGACGTCAGCCTGAGGACGTTCACGGGGGTGAACGCTCTTAGGGGAAGATACCCCCACAAATTCGATCCAAACTCTGAGTACCGTTGGATGCTGTCTGTGCGACGTGCCCAGCTTCGCCTCTAAGCCGGGTATCCTGGCGTTCGACCCAGTTAGAATGGAGCGAGCATCATGCTGCTCCCCGGTAACTCCGGTTGACCCGCAACAAGAGGCTAGCATTTTGTACTCTGGGGTGTGGGCAACTCTGCGATACTAAGTCCGCTCAAGCATACGACCGACTTTGGTACCATAATCCTAGGGTAGCGCGTCCAAGCCTAGGAGCCTGAGTTTCATCCGGGGGCGATGCTCCACTGAAACGAAAATCCCGCCACCCCCAATACCATTGCGATAAACAGAGCCGGATCCGACTACGGTCCTATCTTCAGATGATTTACGAGTAAACTCCACTAGGTCGTCCTTGTGAAGAGTGTCCTCTATCGTGAACATTGTATAGATTAAAGTCGGCTACAAAGGGATGGGAACCAGGCAAGACTGTAGTTAAGCCTGAGAGCTGTCCTGCCCATAGGGCGGATTCACAATCCCCCACTTGGAGCCCGCGATCGCAGACATTGACTGTATGGGTCATGAGACAACGAAGAATCACGTATCCACTAGCAGTTAGGCGTTTTGGGAGCAGAT,1370,53.07,Saccharomyces cerevisiae
SEQ_439795,ATCCGCACCCACGGCCGTTTTCGTCATCTTGCGTATAAAAGGGTATTATCGCAAGGCCACGTCGGATTAAGGCAGAGACGCCATGACCGCGCCCCTCAGCCCATAAATGACTAACATGAATCCCATCTAATGTCTCTCATAGGGTTATTGACGACAAACTTTTCTGACTCTCGCTCGCCGAATATGTCTCCTGCCCGATGTTAATGACTCCTAAGGACACATTTGGTATGTTCCCAAGACATGTGGAACTGGGACCGTTGGAACGAGCGTCGAGAACTATACTGACCCGTAGTAATCCGCCATTCTCACATCCCGCCCAATCTGGGGTCGACCCAGTCGCCGGGCGGTCCGAACGCGTTATTCCTACGCACGTACTTCGCACTTTTTAGTCCTGGACTCGCTTGCGAACACCCTGGTAGGACGTATTAGTACTGTGGGCAGGAACGGTTCTATCAACGCGAAGCCCAAGTTTTGTTGGCGGCCTGGTCCGTTGCGACCATCCCCTACACTACAACGTCGATCCACGCGTTAAGCGCGCTACTATGGCCCATGATGACTAGAGTTGATCCGCGGTAGGCACATCTCACGCAAATTTTGATCCGTTATGCAGATTTG,615,52.2,Arabidopsis thaliana
SEQ_914366,GTGTGGTGATTCGATGATAGACCTAGGATGTGGTTTGTACCCTATGCGAAATTGTATTCAGGAATGCTAGCGTGACTTGTTTCTCTCCAAAAAGTTCACGAAAGGGGCCACATACTCATGGGAAGTACAAGGTACAGACGGTCGTGTGTGTCTCCCCGCTCGACCTCGAGGTTGGGCCCGATCGGTGGACCGGGCAGGAGACACCTCTTCGCCCGTGGTTATAGGGCCCTAATACCTCCGATTGCCTGAGAACAGAGGTTCCGCGCGGTCTTGTGTACTTAGACGTACAATCTACCGTTGTCTGTAGCCCCCACGTCATTTATTATTGTTCATCGATTCCACAACACCTATGCGATTGAGCCACTAAACAACGCCCGACGCTATCTTCGGTTGCCTGCAAAAAGCTCATCGTTCTCGGATTACGTTGAACTCCGAGAGTTCGCCCGCCCGCCAGGAAACTTAGACCCGCGTATGAAAGGGACGTCTACGGCTTAGAGGTATGAGGGCGATAATATATGGTACAGCGAACATGCGTCCATTTTCTTTCCACCGGCCACCTCATACGATTATTACTCGCTGCCTGCTGCATCCGCACACAATGGATTGCACTCACAGCCTAACGGTTGGACCCCTCGGACCGAGATCTCAAATAATCCTACCCGAGGGCATCTCACGAGTAAAAGTTCACTCAATCACCTTAACCTTTTTCCTGTAGTACGTTACTTCAAACGGTGGGTAGGCTATGCATTCTTAGGGAAAACCCCCCCATAGGGGCACTATGCCGTAGCAACACTCCTCCCAACTACAAACGAAACAATGCGTTGTGCAACTACATTGGTACGATTAGTATTGGCAGTACGCAAATCAGCACCAATATCTCAAAACGAAGCACTGGCGTTCGGGACTATCAACGACGTCACCACTAGTCATGTTGCGTTTCTCAAACGCTCCTGAGACTAGTGTCGATTTATCTGACCCCAGGTGCTTGTCACAAGGTCGGTAGCATTTAAGAAGAGGAATGGGGTTTGGTCGTGTTTAATCATAGGTGACACACGAAACAAAAGATAGATGGCTCGAAAACCGCCGCCTTAGAGGCACACCAGAATGAGCCGTGATCAATGCATTTGAAATATCGGCTAATAGCTCTGCAATAATTTCATAATCAGAGTGGAGGTTTACCGCGGTCGCGTATCTTTAGGATGTAGCAGAAGGACCGCTAGAACCCTTCATACGATTCACCTTTACACTCTGATGAAGGGAGTTCAGAAATGAGCTTTCACGAATGTAGCACCCGTACGAGGTGGCAGCCCATGCCTTGCCCCACTAGTGTAAGGCAATGTCAGAGGGGCCGATCTCCGCGCTTGATAGCAATATACTCCAACTAGCGGGCTCTTCGTAAAGCCGAGCGGTCGGGGGAGTATCTATCCTAACCAGTCGCGATAATTCATCTAAAACGACATCGGCTTGATGTCGGTGCTCGGGGCGCCGGTAGTGCAGCCTTCTCTCCACGCAGGGACTGTATACGATTTTTGGCTGTTACCGACACGGGAGGGCTCAGGCACGCTAGCGCTACACTATCCGACTCACGCTGTTGCGTTGCGTCAATCAGGGCTTAAAGTCGAAAGTGCACTTGTTGGTCACTGCTGTGCACCGTTTGATCTATCAGACCTGCGCTAACGACAATAATTGCTGGGCTCAAGGGTATGTCGGTCTCGAGCTTTGCCTTTATAGAGGGTGCTCTACACTTTACCCCACACATCACGGGGACTGGGTAAAAACAAGGGAAACTTGATGGAATCGACTTTTCACGGGGGCAGATCCAA,1823,50.25,Saccharomyces cerevisiae
SEQ_227681,GCACCGTCTCGGAGTGGAGCGCACGCCTGGGCTAGAGACGATAGATCTCTCGAGCACTTGCCGTTTGCGCAGACAGGGACCCTCAATAGTCATCAGCCATTCCGAAAAAGCAATTCCATTCATTGTACAAATACTGCTGAGCTCCGCTGCCTTATGCGTTGGCTTTTGTAATTACTCACGCGTGTTTAGCTTCCACACCCGGGGGGGGGACGAACGTGTTGAATGTGACGCAAGATGAAGGTACTCGAGGAACAATATACCCCCAGGTCATTTATGTTAGTCACCGGTATGCGTTGTAATTGGAGTGGGCTGCCTAAAGATTTGATGATCTTGGTCTCTCGCATTCCTTGACCCGGAATCTCTAAAGACTCACACAGCCGCCCAAACTCTTTGAGGTCGTCCGTACCATCGCTAGGTGCCTCGTAGTCTGGGGGTGAGGCACCGTCCGTAACGGCAATTGCTGTTTGTTTCGTTCCTCTACCAGTCTTCCCTTGTTCTCAGTTCTTGTTGGAGCTGCCCGGCCCCGCATAAGAATCATTCTGATTGTCGGCAGCTTAGTTTCGCTGAGCCCGAGGGGCGCCTTCACGCTGAGTGTTCAAGGCGAAACCTCGGACGATAACTTCTGGATCCTGACTTCTTCTTACCGCAAACCGTTAACAGGACGTAATCAGCTTATGCAGCTTCAAAGCGGCTGCTCGACGAGGTCTGGATGCTTGCTGCCGAACCGAACGGACAAGGGCCCGTTTCCGCTAGAAGGGATCTTAGAGAACGGCTCATCGAAAATCCCGGGTTAAAGTCGATCCAAGCCAGCCCCAGGATGCTTTCTATGGAGTAAAGGCGGCTCTAAAGGCCGCTTATATAGCCTTGCTCCGCCAGATTCGCAAGATCGCCACTGGGACAGGGACTAGAACAAACGTTAGCATTTACGCTGAGCGAGAATTGCGTTGGGTCAGCGGGGTGCTGTAGTGCATCATGTACATAAGTTGATTAAACCGTAGTCTGCAGGTTCGGATGGGCTATATTGCAGTAGATGATCGCCCTAATTGGACACTAAACCATCGGGGGCAATTCTTCTATAAGGGCTCATTTGAGTGCACAAACCGATTCAAATGACGAAGTCGAAGTCCGGGTCAGCGTGGTCAACGTGGCCCCCAGGCCCTCCATCGTCATATCTCATGTGAGTGCAGCCAACCGCGTAACCACAACAAGCGAAATGAGACAAGTTTTCGACTCCTTCCGCGATGATCCAACTTGCTAAGCTGAGGGTATAGAACGTCTGTTATTACAGCTGCTAG,1295,51.66,Homo sapiens
SEQ_693202,GTGACTTGTACCGGCTACAGACGAGTGCCGAACAACTCCGATGACCGATGCAGCTTACTATCTCTCTCACGGCTTTGCGTCCTCTCTCAGTATGGGTGGTAGCAGCCTTCCAAAACACGGGCAGTTGCTCCGGAATGTCTTAATTTTAGACATGCGAAGGCCACGAATCAGGTTCCGAGGGAGTATATGGGATGGCCCTCCGTCGACCAAAACGGACGAAACACCTCGGCGGGTTAACGCACTGCGCTGGCTGTATAAAACATGAGATATATTGACTTGCGTCAGCCACTCGTGGTAAGATTGACCGCCCTCAAAACGGGCGAACTGTATCAATCGCTAACCTTAGGATGAGATCATAGTGGGTGTTCGATCACTTACCGCATCGAGCAAGTGAATCTGCTGACAGGGAGACGCGGTGGCATTAAAGGCTTAAGGAGACATGAATGCGAGCTCAAGACTTGTCGGGGATGAATTGGAGCAGCACTACCTTTGTTAGCCTACTAAGCTCTAACAACGGACCAGTTTAAACAAAAGTGGTCGTCCACAAAGTCCTTTGGGATGCCATTACGGGGCGTGTGCGTATGCCATCTCAGGTGACGTAAACCAGTTGCACTGTGGAGGGTATGTTGTCATCGTACCCTAATTTAAGCGTACCAAACAACTTTGGCAGATTTCGCTCGGGCCTTCAGTTAATTGGCTAATGATGGGTGACGGAAGGGCCAGATGTTGTCCAAACGGCAACCATGCTTGCCACTTCGCCGTTAGTTCGGACTTTCGCGCGAGTCGCAAGCATCTCGTGCCGCCCCTAGGACATCCTCCTCATAGCTATCCCGATCCTGTACTATTCTGTGGATTTTAGCCGACCGTTGCTCGGACGCTTCCCCCGAGAACGTGCCATTAAACGAGATCCGACAGGTCAGGATAAACCGACGGTCTCTCGTCTGACGGACGCGTGATTCAGTTGCTCAAGTCTCCCGGAGTTCTGGGAAGCCCTTCTCCTCTTTCTAACAATTGAGCAACGCCGATCTGACGATAAACTCGGAACCAATCGATGTTAGGGGACAGTTCTTCCTTCTACTAACGCTTCATTCTGGCACAATCCTCTAACACCTAAGTGGATGGCAACAGACATAGGCAGCGACATGTCAACTCCTGTGGGATCTGCCCATAGTACACTTAGACGATGGACATGCCAATGGGGCGGGGCCTTGCTGAAAGATGCTGGCGTCTGTGATCGTGCGCTAGTTCTCGCGGAACGGGAGCTGAGATATCGAACTGTTTTACGGGATCACACCCTTCCGCTGGGATGAAATTCAACAGTGCATAGCCTACGGGTAACTCTAGATTGACTTTTGCTCTTCGCTCGCCGATCGCACGTCGAGAAGTCATAGATTACAA,1398,51.29,Homo sapiens
SEQ_425539,ACTCCCAAACGCTTGACGTCTAGGAAACTATGAATCAGATCTAGAACGCCGAGCGATTTCCGCGAACGCGACAGTACCATCAGCCAATGGCTTTGTACCCCGAGGGACATGGTCCCCAGAGCCGTTGATTTGAGGATCTTCTAGGGATACTTGCGTCTGGAAAGAGAAACGGAGCCGTGAGATGATCTACATCATCGCCACCATTGGGTCAATGCTCTGCCCTTCAACTCGTCGGTTGTTCAGGCAGTCCTTACTCAACTGATCCTATCAAACCCGCACGCCTTTACCGCATCTAGGAAACTTTCATAAATTCAGTTTGCAGTCGTTGAGGCCCCGCTGCCTGTCGCCTACGCGGTGCCGACTAGGCGTCTAGCTCAGATCGAATTTGAGTCTAACTGCGAGTAAGGTAAATACTGCAATATCGATTCCAAACGCGCGAGCCGTAACGCAGCTAGTCCCCGTCGAGGACTCCTAAGGCGAGGCGCCGGAGGAGCTCGTCCATACAACAGGCAAAGATAACATCCTAACACAAGCAAGTTTGTGTCGGTAACGACTTGTGTGAAGAACCCGTCATAATGCTCCGGTTTCGAGCGTGAAGTAGATCAGAACCGACGGACGATGGATACGCGACAGGGGTGATAGGACTGCGGACCACTGAGCCCCGCGTTTCGTCAGATTCCAGACTTATAGTTTGTGGCACAAGCTCATGTTGCAGCAGTGATCCTGGTCGATATTGAGTAACATGGTAGGACACTGAAGTGTATCACGGCGTGATGTTACCCGACATGATAGATTAAGCGAGTAAACTATAGATTGCAACAAAGGGGCGAACTGAGGCTCATAGGCTTGAGACAGATACAACGGGCTCCGAAAAGTATAAGTTATATCACCGTAACTCGGCGGCACGTGCCTGTGGGCCTATCATCTACCGGAGCTAAGTATTGCGAGTATTCATTTGAACACTGACGATAAAAGTTTCCGTCCAAGCGTATAGAAGCATCAATAGAGGTTGCTATGCAAAGACGATTAGACTGGCATAAACATACTCTAGGAGCAGAGGGCATCGACGGCAATACACTAAACTCCCTAAAGAAGAGAGCTTGGGCAAGACGCAGAGTTACACGCCCCAGCTCGTCGGCATCAATGATGCCTACCATTGAGAAATTTTGAGTGCTTAATTTGGCGAAACGTCTTCCCATAGTATAGCAGCTTTCGTCCTTATGCGCCAGCTCTATCCCTGTCGCCCGCCTATTTAGGCTATGCGTTTGGAGGACAGGACATGAGTTGCCACAGGACGGCAAGCTGCCCAGTTTTAGTGCTATACTGTGAGTTGTTAACGCAACCTTTGGCACTTTACTGTATATTATGGAGCTGTGGCCCGTATCATTTGTTTCGGCCTCTAGGAACCCGAAATCGGTGTCTCCCGAGTACACTAAACCACCGGGAAATTAAACAATCTGGATGC,1465,49.62,Saccharomyces cerevisiae
SEQ_375851,GCCATCGGATAATCAAAGCGCGGACAGAGGACCTATGCTGATAAGTTTCAAGACGGATCTTTGGGGATGTTCTACCGCCAGTTCACGTTCATTGTACAGATTAGTGGGGAACGATTGAGTGTTGAATGTGCTTAGTCATCGTTAAGGATATGGTGCATGATTCAGCTGAAGGACGTTTAACTCTTTTTTATCAACGTGATATCTCGGTTACGGGCTC,217,44.7,Caenorhabditis elegans
SEQ_336900,CCTCAGTTTTGTCGTGTGGAGGATTGGCCCTATTAGAGCATCTTTAAGTTAAAAGTATGCGTTACGCCTCTTGTTCTCTGTATCGGTTTTCTAAAGCTCTCGTTTAGTGGTTACGGAGGGGGAGTCAAGGGACTATCCGGACATGACACTCGAGCACGACGTTTGCCTTCAAGCCCGCAGACTATAGCGCAAGAATCACCCAATTCGTGATGGACGTGAATCCTCGCAGTCATCATAGCCCTCCCAACCGGCACATTTACAGCGGGTCTACGGCTTTTCAACACAGCACCTACACATCTAGTATGGCGACCGCCAGATTATTTCAGTAGTTAAGTTAAAATAGTCAAAGCTTTTAACGCTGATTTAAGATTGTAATGTAGGATGGTGTTTGGACCTCTCTTCACAACCTTCAGGCATTCTTCAACTATTGGTATCACGGCCGCGTACTCAAAACAAGCCTTCGTTTCAGCACCGTTGTCAAATCAGACTCCTAGACTCCCTAGGGACCAACCTCAGCTAAGACGTGCTTTTGACACTACCCGCTCTGTTAGGCAGGCGAAACAACATACCGGAGGCGCAATTTTGAAGTTTTACCACCG,599,47.25,Homo sapiens
SEQ_560021,CAAACGTGGGTGATGTGCAATCGATTGATCTGCCGCTTACGAGAATTAGACTCTGTACTAGGATGAAGATCGCAATGCAATTACACTAGGCAAGACCGGTAACACTTAGCGGCCAAAAAGGGATGAACGTGGCGGGACCCAAGGTAGGTTTCATCGCAGATTCGAGGTTACGCCCTGTCCAGGGGTGGTTGTGTTTAAAGTATCTAAGACCCATTTAACTCCTCACAAGAAGCGATTTCTGAGCAGGTCACATACGGTAATTAAACAGATGCCGCACTCGCTTATTAAAACACGGTGGCCGAGCTCCCCCTCCCAAAGTCAGAGACCCGACAGACGGGTTCGGGACTTACCCTTTCCATAACTCAAAACCGTGCGGACACCTGGTTTCGAGTAAATTCGAGGCCGATGCAATGGGGAAGATGTAGTTTGGGCACTTCTTATTGCCTGTTTCACTCTAACTATAATTAGCGAAAACAGGAAGATTGATGAATTTAGTGCCATGTGCATAGCTGTCAACGGGGACACCATGTCCGTTCACACGTCTGTGTATGTACGAATTTTGAAATATGGCTCCAGCACTGCTTCTTTCCCCCCCATGGCGCCCGCTTGCCTATAGTGGTAGTGCTCTAACGAACGCTAACACGGCGAACTTGTCGTGATTACACACTGGCGATCTCGCATGAGAGGGTGACTATTGCAATGAACTTTGACCAACACGATCGACACCTCGCATGCAGCTATGGCCCAGCTGGAAAGGATCGTGCCAAGGCATGGTAAAAAGTGGGCTATGCTGACGTTTCGGTGGAATGCAAAACGGACTTGTGGAGTCCATTTATAACTTCCAAATTCCTCAGAGGAGGGTAAAAATATGGAGATAGCTGGTGGCTCATTAGTTGAAGAATGTTACTTATTTGCCATGCTCTTCTTATCGGTACCTCCGACACACTGTACGTACCAAGTATCGTAGCATGGATCCCAATCAAGT,985,47.92,Homo sapiens
SEQ_232918,AATACGAGCGCGCGTTTAGAGAGTGAGCGGACCTAGCGAGCCCTTATGGGGTCCAGAGGGGTGTACTTCCGTGCCTTGACTAAACGTTAGTGTGGTTGGGCATAGTCCTGCCGATCGTCATATGGGGGGCCGGTTACACGTCATCTAAGCCTGCTCGTTAATTAGATCTCATACGAACAGAGGTACTGCCACAGTCATTCGGTAAAGAGGGCCATGTTGGCTCTGACCAGCGAGGCTCAGTTGCGCAGGACAAAGGAGTCTTGCCGAGAACATACAGGCTTTAGACCTTTCGACGCCGACTTTAGAGTTTCAGTGTACTCTTTTCAGGGACACCGAGATCTGTGGTATCAGGTTTTTCGCACTATACAGCC,371,52.02,Arabidopsis thaliana
SEQ_161071,CGCTTGTCCTACCACCATTCAAGTTTACCTTTTGGGAGGAGCTGAGAGAGTTGTCGATTCAATTTTCCTCCGTTATTGTAGTGCTGCAATTGTCTGTCTGCTTATCGTTGTCACTACATGGAAACAGTGTACGCGCCCCTGGCGTGTCCCACCCTTCTCAAGAGCGAACTAGGGCTAACATATTAGGGATTGTCGGGAGCTTGGCAGCCCTTGTCTGAAATACTCAGGCATCACACTGGTGTGCCACATGCTGTTGTAATATAGAACGTTACGGCAGAAGTGATACAACTGGCTTGGAATTTTTCCGCGCGTACCGCCGATGAGATCGAGTTGACAACCCTCTGCCGGTTATGCCCTTATCCTATCAGAGTTGCATGATCAATACTAGCCCAAGATCTTGTGAATGCCTTGCCATATGGCGCCCGCACGAACCGAGATCCGCCCTCCCTTCATAGATCGTTGATGAGTAATCCCCCCCCGGACTGAGACTGACGGCAGGCAGCGTGCATGGAGCTTCACATCTAACTTAACTATAGAGCGGAGTCCCTGTCACATGCTCGCTCCTGAATAACTTTGGTACCCATTGGAGTTGGACACTGTTGGTCTTGCCCGATCGTTCGTTACCCCGTTTCTTAGGTCATTGTTACCCTACTCCCTTGTGATGGAGCTGTCTGCGCTGGAAATTGCATACGTTAAAGTCACTAATGCTAGTGCCTCATTAGATGCACGCTATGGCGTTTGCCCACCTTGACTAACTCTGACGAAGTTGGCCGACAGAAGTAGATAATCCCCTGTATAACTCCTTAATCATACACTAGTGCCAGCGGTGTCTATACCCCGTCGGTTTACCGACGCTGTGAGATCACTTTT,870,49.66,Escherichia coli
SEQ_246607,GTCCTACTCCTGTGTCATAATAATTCTCTTTCGTAAACGGGGCTTACATGCGCTTGTCCGAGAGAGGGCCACAACGGGCTAAAGTAACGATTTGACAATTACCATCAGGTCGTATCAGCTAAGAGTGGGAGACCATGAGCGTTGTGCCAGCTTCTCCATTGACGTGATTCGGAGAGTCAGGCGTGGCGATCGTTTCCATAGGTAATTTCATAGAAGCAGTTCTATGCCCACGGCAGATGACGGGTGCAGACCTCTGGCTTTCAACGACGAGCGAAATGCATCGAGAGACTACACCAGGTCTAAGATTTCACTACAAGACGACTACATGCATCAGGTTTTCGGACCTCCACAAAAAAGGGTTAAAATAAGTCGCATCCTTTCTAGATGATAGGGGTAACTTCCCCGTAGGTCGGACTATTCATTAGACAATTTGTAACGATGGGTCGTTAAGATGAGCTTCGTATGCTTCGGAATCAGAACCATCCGAACTCTTACGACTGACCCTAGTTCGCTAGTTCTAACCGAGGGTGGCCTACAAGTGGGCGGTAACATGACGGGGGACAGACCCTTAGACGTTCCCCGGCTTGTAGCATGTGAGCTAATTATTCAGATATTCATGCGACTCTCAGAACGAATCGTTCAACATATTCGAAAGATCTACCGCGGGCAGTGCATCAGGGTATATTGATACGTATAAGCTCTTGATTTATCTTTAAACGCAGTGAGGGACATTCAAGATCCAAATAATGTGAGGTAAAGTTAGTGATATTCACATATTTCAAACATCCGTCGGACATCCTCAAACTTCCTTTTAACCAGGCGCCACGTCTCTGTTGATTGCTTAGCGGCCAAAAGCTGTCTTCTGCCTCCCACAGCGGTACACCGGGTCACTGGTCGACTGGGTAATAGCAGACCCGAAGGCTCGAGGGACGCGGATCTGTCTTTGTATCCAAAAAACTGAATGAATGGCGGACACCTAAGTTATTCATTAGGTTGCTTCCGTTAACTCTAAGTAAAGGCTGGCTGCCATCCGACAAGAGCGTAAAGTTATCCTTATAGAGGTCTGGGCCATAGTTCCGTGTCTATCCAGTCGTCCGAACCGCTGTCACAACTTCTCGAGCCCCGTTCACCATGCCTACGATCCCATTACCACTCTAGAGGGATTCTAATACAGCAAACCGTACACGATGTACCTAAAAATGGCTCTGATCCTATGTGTGAGTATAGTATCCGACTTAACTTGCTGAAGGGCTATCTCGTCTTTGCGATTACACTCGGAGTGGGCCGGT,1289,47.48,Caenorhabditis elegans
SEQ_920405,CTGGTTCCCGCTCAGTGATAAAGCTGATAATAATACCGAGATCAGGTGAACAACCTCATCGAGGGTCTGGCGCTTACAACCGATGGCGAGAAAAATGTCGACTGCCGGACGGCCGGCCCGTTCGTTTCGCAACTCAACTCCGCCAGATCTTATGTGCCGGCGAATAGT,168,53.57,Escherichia coli
SEQ_667262,TAACCCCGTCAGTGGGTAATACCTGTAATTACAGTGACATAAATAGTAGTGCCACTTCCAACCAGATGCGGGGTGCGGAAAAACCACCAACGGCGATCATAGAATCGGACCCAACTACGATATTCCTGCACACGTTCATTAGCGTATGCCTAAAGCCAGAACGGGGTCCTATGGACCACGAGTCGCAGAAAACATCCAGTCCCTTCGCAATACTGCACTAATGGGTAACTTAGAAACACCCAGGAGAGGCGTTATTCAAGTAGTTATCGTATTGGAAATTTCAAGGGAGAAGTGGCATAGATAGTATTCCTAATGACCGATTCGCTTCCGTGTCATCAGCGAACTGTCCGGCGTGCTTGTCCAGTGTTATTTGGTATCTGTTCCGACGTATTGACCCCGGCCGACGCTAGAGCCATCAGGCCACGGGCCGGCGAAACCTGGACATTTCGCCAACGTGAATACCAACGGCGGTAACGTGTTTTAGATGGCGTGTGTGGGCACATCTCAAAGGGAATTTATTTCGTTCTCGAGCCCCCCACGACAAGTGGGAGGACCGCCAACGACCCTGTCCCACTAGGTAATGTACGACATGAATATTGGCCAGGTAACCAGGGGAAAATGTGCCCTAAATAGCACATCTTTCGGATGAACGTCCACGAAGAACGTTCCAGAACCAGCCTCAGTGAACTATGGTAGTGCGGTACTGACCTAACCGAGTTCGGGTCCTGCATCTGGCGGTGTGGGGTGCAATCTGTGGTAGTACTCAGGTATATCTCAATCATGTAAAAGCCATATTGCCACTTAAAGTTATGGGATGAAACTAGTTTAAACACGGCGCTCAGCGAGTATGGATGGACTCGTGTTCCCTATTAGTGCTGTGAAGGTCAACAGATGCTACGGCAAGCCGGATCCTTGCCATTTGAGATTCTGTAAACATACAAACCAATTAATTCGGAGCTCGTCACTGCGATACCAGAGAGCAAAAGTCAGGTTCTGGATCCGGTTCTATGTAACGGACCTGCGAATGTGTACAAAAGGCTATCTTGCCCCCGTTGAGCGTTTGCGGTATTAACGGTCACAGGTTTGATTTGGATGCGAACTACCACGATTGGATAAAACACCATACTACATTGCAGCGGGACTGTATAGCCACCCCGCTACGATCAATAGAGCCTGGTTAGTAATAATATGAAGGTGGGCCGCTAATCAGAACTGTGGTGATATATAGAAGATGTTTGAACGTCTTTGGTCTAGAAGGATGCGAATAACCCGGTTCTCTGGACCAAAGGTACCGCGGGTGTCTCTGGCCCGTTGACCTAAAAACCTTTGATACAAAGACTTGATTAAAGTCTGTAATTGCCCCTCGACGGCGAGTTTCGGGTAGGTAACTGACAAGCTAAGGTGTTTTCTCCACTAGAGAGAACGCAGCGTTTCTGTCCGTGGGAAGGGGAGACAAAGTGGATCTAAAAAATCCTCTAGAGCATTGTGCTCTTAATTGGTCTTATACCAGCGAGA,1515,48.25,Homo sapiens
SEQ_193662,TGCAATTTAGTGTCAGGCGTTTAGGGCCAATTAATGGGAGCCGAAGTACTTTAGGCAACTGGGATAGCTAACGGTCTACAGAACTGTACTACACTAGCTAATAGGCTGCATGATTGCCAATTTATCTGGTTCCTAATCGTAGTGGTGTCTCCCGGTCGTCAGGTTTGTATGCCCAAACTTAGGTCAGTCAGTACGAGTCATCGGTTATGCCTCGCGACGGCGAGTAAAGGTTCGAGTGAACTACCGAGAGAATAAATCCCACTGGGGGTTAACGCTCTGTTTGAAGTTCCATTAGTTCGCTCGGGTCCGAAATGGGACCCAGTTAATCACTAGTTTCTGCTAAGTTGCGTTCTAGCAATGATCCCTCGTAGACGTATGATGTATCGCGCGGCGTGTCCACGAATGCACGATCATGAGCAAATGGCAGGGCTCACGAAGGATTGAACGATCAACTGGCATCCAGATGAGTCAAGTCTTTATTACATGGAAGAACCTTATTGCCGTATTCCGATTATGGCAGTTGGGGTTCTAGCTGACCATTGGCTTTTCAGTAGTGGAACACGCGCTTCGAGATACCCCGCCGCAACGGGATCACTGCACGTTACGGGGGCACAGCCGTATACACTAACATGACTACGAAAAAGTAGTTCCCTTTAATTCGATAATCTAGCGTAGCGTTATCTATCGATCTCTGGCTTTCAGTCTTAAGATTGTAATGCGAACCTGACACGGGGCGGAATGTAGATTGTGCTAACACGTAGACTGGGCTTGCTGAGGGACACGAAGTGCCCTGTCATACAGGGCTTGGCATCTCCATGAGGCTCGTAGTTAGTCACTGGGTTTCACTGCGCACCGACAGCTAATCGTTTCGCCCGGTAAACCAACTGAGGCACTACTTAGTTGCCTAGACTTTTTCTCGCAAGGTAAATGCTATTGGAAGACGCTCAGCTTCGAACTCCACCGCAAGAAGGCGCTGGGGTGTTGTGTCGAGACGATGCCCTCAAGAGTCTTTAAAAAGTGATGAGTGTCCATTTGCAGGCGGGAAATCACATAAGTGTTTAAATTTAATACTGACTCCGTTCTCCACAAAGTGGCGGTAAATAAGGCAGTATTCTCACCACCGATTAGGTTCAGATAGCAAAGGTACCATTCTGACGTAGGCACGCATCACGGCAGGGAGATGTACCCTATCCCTCCCTCATCGTAAACATCTCAGAGACCTTGTGCGAAGCTTGGAACGTGGAAACCGAGCCATATTCGTCGCTATCTAGGCTCGAATAGCAAGGGTGCATTGGGAGTTTATCTCGCTCAGGAAGGGCATATACGCAATACCACAATGCGTAGCACAAGACTGTTTAAGCTTGATATCACTTACTTGGTCCTCTTCATCTTGCGTGACCCCCCTGTGCGTGTGGAGGTCAATGTACCTATCGCAAGAGGGCGTGACTACGTATCTACCCGGTTTGGGTTTGTCGCCACTTCGACGACCGATTTTCAGCATCTAAGTGGCAGATCGTACTCCCTGAAAATCATGTACTGTTCAGTAATGTTCAAGAAACGTCTGAGGCTCGCTTCTGGGCGAGTAATTGGCGTAGCGCACATTTGGTCCAGCGAGCGCTCTCTGGAATTAAAACGTTCTACCCGACTAGGCAAGTAGCGTTTCGCTGGAATTTCGTATTGCTATGTTTTATTAGAGCTTGTCACATGCTAAGAGGCCACTCTAGGTGAAGAAACAGCTTCATAGATGTGCTCAATCGTTCGGAAGAATCTAGAGCTACACATTGTGCTGAAAGTGTGTGGGTCGTTCTAATACTCTTGACACCCTAGGGAATCAAGGGCCAGTGGCGGTTGTGGCGTCACAGGCCTTGCACAGCGCTTTCGAGACATGATTAAAATCCTCCCATGAAAACGATTCGTCTCTGAGTAGGAATGGGGTG,1937,48.43,Mus musculus
SEQ_261510,GCAAGACCACTATACGAACTACTGTGATCGCATATACCAGCCTCTGTAACTGGATGACTCCCAGAATCCTCGCGCTTAATATGGGCCGTACAGTGTTTGTATGAAGGCGATAGTATTCGGGTTAGTGGGCTTTCTTTGCAGCTCTCATGTAGGTCATCTGAGGCAAGACGCCGTCAGGGACAAAACAAAGTGCCAAGAGAAGCATGACTTCAGCGCACTACTTAGCTCACAAGATAATAATCTTAGCCTTGGAAACCGCGCACCATAATCCCGATGGCCATACTTAACTCCTGAGCAGTGCGTATCCATCCCAACGTATTTAGTTAGTGCTCGTATCAGATTGTCCGTTTGCCCATATTTCCGATGCCCTCGTGATGCATCGCGCAACCTAACTTCACATCACTAAAAGCGGGAGAATCAAGAAGGGTATGGAGGACCCACTAATCCTTCTGGGTTCCGGATGTAGCGGTTCGAGAAAAGTGAATGTCCTAGCACGTATATCTGATGCATGCTATTCGACGCTATGTGGGCTGAATATCCCTAGTGATGGCCTAACCATTTGGGTGTACTTACGGTGAGATAGGTCTCATTCAACATGATAATAGATCGGGATCCGCAACTCGGACTGGAGCCGCATGGAGCCGCGCACTAAAGGTAATCGGACTCTTCACGAAATGATACAACAGTACTGGTGGAGTGCTCCAGCGGTAGAAACTAGTCGCTGCTCCATGCGGTCGCAGATGATGTACGGGGACCTTAGTAATCGCATTAGCTTGAGCGAAGTTCGAAGGCCATAGACACGATTATAGGTTGGGAAGAAGGCCGTTCTGTTTTATCAATAAGCAACCGTTGACCCGTGAAATTTAGCAATACGATACATCGCGGGGATCGGCCAGCCGCAAGCACACATCCGATTGGATGAGTCGAATTGCTACCCGAGGTGGATTGCACCTTCTAGT,959,48.7,Caenorhabditis elegans
SEQ_801583,CAGCACGCATAGGTCGTGGAGAAGCCTTGACGCCAAAAACTAATTTTGGATCTTAGGCTTGGTCATTTGTATTCCTGCGTGTGTACGTACTCATTGATCTGAAATTTCATGCAAAACAGATATGCCGTAGGGCCCCGTCTGGCGGGCATCCAGAACTAGTCAACCGCTCTTTACATTGCGGCGCTCTCCAGCGTTGCCCGGTTTTCGACGGCTATCGGGCAGGGCTACCGATATGAAGGACCGCCATGCACTTCCGGGCGCTACTGCGTCATGTTTAGGGAAAGATACGACTCGTACCAGCCCCCCCTGATTCTCCTAGCCGCTCTTTATCATCGAGTTCCTAAACCGATAGAGGGAGACTACGGTGCCATTCGCATCGAATATGAGTGCCCCGACCATAGGTTTTTGGTTGAGAAGGCCCAGGCTGACTAAGGAGTGCCGGGCATCTAGTACATGTCGCGTACAGGACTGATTCGTGCGGCCAAAAGCTAATACCAAGCATGAGAACTAAGAGCCTGGGTCTTAACGTGGGCACTCTATAAGTGTAGGATTGATCAAAGGACATCTCCCGTTAGTCGACACATGGATGCGTGACAAGCGTACGCACCCTCAAATGCGCCCTTAGACGAGGTGACCCACCCATTTCGTAAGATAAAGCGACTAAATGTAGTGTCGTCAGTTGTGCCAGCCCCTTTATACGGACCATTGGAGAGCGATGCCCCACTCTTACGCGGAGAAATTGTTGAGCGTATTTGCCTATGATCTTTCAGGTTTTATAGCGGTCTTCGCCGTACCAGGTTATATTTTGTGAAGCCTTATTACGACCGTACATATGACCGTGCCGGACCGTACTAGCAAGGAGTACAATTTTTGCGGTCTTACCAGCTGTTCCCTATATTCGCCTCACCTACTCCGTCTCAATAATTACGTGGCTACCGGTGGTCCGGTGTACCCGTTGCCTTAGAACCGAATTCGTCGGTTTGACCATTCTACGGACTCTCTATTACATTTGTGGAAATATGAATGGTGGGTAGACACTACCGGCAGGCAGGCGTAATTCCCAGGGACAATGCAGAAGGACTCCACCATTGCAATCTAGGTACAGATTAACCCCACGAAACGCAACCTATATTATCGGTGTCGGCTAATGTGATACCCGTAGGCGAACCAGAGCCGTCGGCACGGACAATTAGCGATAAAGCTCGCCTCCCTCTCTCCCGCTCATTTTTGCAGCGGGAAGTTAGTTAACATTAATCGCTTCAGCTCCAGTACATAAGTATAGGTGTGGCGGAGTATTCACAGTTGCAGTTGTGTTCTACAAACATATTCTCGTATCACATGACCGTTTCGCTAATGATGGTAATCGATTCTTGCTCAACGAATGAGTAGGAATATTATAACGACCGGACTGGCAGGTCGTATCGTAATCCTTCGAGACCCGAACCGCAATGTGCCTCATCCCTAAGGAATCGCCGTATATACAACTCATACAGTGTACCACTGCGGGTTGGGCGACCTAAGGGTAGACAATTCGCATGGATCTCGATGAAGAGTGCGGATTTCTATACGGGGTGCACGCTGTTC,1584,49.68,Mus musculus
SEQ_760625,ACTAATTTGCGTCCCCAGAGTACATACTCAGACCAAACTGTAGTAATGAGAGACGGGGCTTGGACGCGACATATCCACGGCTTTAAAGGAACCCTTCGAAGCCTCTCTCCCTCTAGTTGTGTGTCGTTGCCCTGGGTTGCAGATTATTGGGGAGAGACAGTCTTGACTAAATAGTGTGCGGTTGGCCCGTGCGCTAGGCCCCTCATCGCGGATTACAGGATCATGTTATGGCGCTACATCTAGCGTGTTTCCTCGGGATTAATCCAAACGATCACAGGGATGCAAAGTGGGATTTAGAGCAGAGCAAACACGTCTGGTAGCGTTTGCGGCAAGTCTCATTTTTCAAGGGCGCCTCTGGTGAGATGGCCACTCTTTCTAAAGAATAAATGTATCCGGGTTGCGTTACCTGCCCATAGCTACGATAATCTGGGGTCGGCACTAATCGACGTTTCTAGGGTTGCCTGCCTGAGGAGGTGCCTATGGTGAAACGGGGTGCCTACAGAACGAGGAGAATAATAGCGTTGGGGAATATTTATCCTGCGGGCGAATAAGAGAGGGGCGCGTCAGTGTACCTTAGTTCCACGGACTTAGTCAAGACGAGGAGACATGCCGTCCGCAATCAATATTATGTATCCATGGCTGGAGGGCTTCCTGTACGTTCCTGAGAACTTAGTCACATCATTATGCCATTAAGGATCCATTAGTAAAGTCAAGTCCGGCAAGCGACCGCGGACGCCATACAAGGTGACGATGCAGTCAATACCCTATTGAGCCGACCCACAATTCCAGGTCGTTAAATCTCTCTTGCGCGCGGCCGAGAGCGGTTACAGGTACCTTGCACCTTCTTAACTAGACTGTTAGGAGCCGGTATTATAACAGTGCCTGTAGCCGATGCGTCAAAGGGCATAAGGGTCGTTGGGTGCGATGACTGAGACACTAGTACACCGGCAAACTAAATTCAATGGACAAGAGAGCCAGTCGCTGATTCAGTAATGATTCCGTTGCACCAATCTTTGCCGGGTGAGTGCTGCCCTTGAGTGTGACACAAATGTTGGTGGTCAAGGGAACACATTCTATTCGACTAGATCTCACATTCTCATATGGACGCTCTTGGTGCCTACCGGCCCAACGCGTCGCTCGGTGCTCGATCGACTGACTCAATACTCCTTTACTTTTTCATCCGACTAGATTAGAACTATAAATACCAGTTCATGAGTATCGATGCACCCCCGATTAACCAGGAACTAAGAATCCGGTTTTTATCACTAGTATCGGACCCTCCCTTCATCGATTGTTCAGTCAGGATTAAAGTCAATGGCTTTCATACCCAGGCCATAACTTTTTATCGGCCTGTTCT,1357,49.23,Escherichia coli
SEQ_849858,GCGCTATCTCTGTTAGTGGCCTTCTTGTCGACATCTGAGTAAGAGGGCAACAAATATTGAGTACGTAGGCCTTCTGTATTTAATATCGGCCGCCCTAGAAGAGACGGGCTCTTGCCTTCGTACCTGGCCTATTTTAAGCGGTAGCATCCGGTCGGTTCTGTAGGACCTAGATTCACGGTCTGCATTGTTTCACACCTCTCGGTGTAGTCCACTTAACGCGCCTTCCTGTTCTCTATAGACAAAATTGTATCATTCGGCCGACACCAGGAATCCCGCCTATATGGACTTTAACACCCTGGGTAGCCACACTAACGACTTCCATGGCGTAACGGCCCAGTTGCGCGGCTGCAGCCTTTGGGAGTTTAACACGCGAGAGTGATGCTGCTCCTAGTCGGGCTGGGACTACGTGTTGTACACCCAGTGTCCAAAGGTCTCATGGCGCGTATGGCAATATGAATTATATGTGGATGTTACACTGGAAGCGTAAATCCTTTAGCGCTTACCCGTGATGGTGACAACGGCGCTGTGACCAGCAGTAGTCCCTCGCGTAAGGTCTGGTTGGCATTGAACAAGCATACGATTTCTTCTTGATGGCACAAGTGGTAACGCTTGAAAAGATGGGAACATCT,629,50.24,Saccharomyces cerevisiae
SEQ_378225,TGAAACGGTTCTGTTGCATCATCTCCGGAATGCCGCGAGGGGAAGAAGCTGTCAGTATAGTCGTATACCGGTCTCCAGGCTTTTCCTCTCACGATGAGTCCCGAATACGTCACTAAGGAGTTCGAAACTTGGGTTCAAGCAGTGAAGTTCATGTCCCCGGTGTGTACGCAATTAACTACAAGTGGGGGGGATCAAGTAAAGCGAATACTTGGATGAGGCATTCAGCGGCCTAGGCGGCCCCAGTCTGCCGTTACTCTTATGACCGATGGCTTAATTTGACCACATTTATCACAATCTGACATTCTATCGAGGTGAGATTTTCTGTTCATGTGCGTCTGCAGCACTGTGTCTGCGTCCACCCCCTGAAGTTACTAGGGCTAATGTCATCTGTGATTCTATTTAATCAATCCTTGGTATGGTGATCTATATTGTATGCATCAAACTCATCGAATAATCTTCACTCATAGATGTCCAGGCGAGCCGGTTGGATCATCCAAGCCCAGACCTCTCCCCTTTTGCAACCTAAACAGTAGAGGCCAAAATACGGCCGTATTACACAAAAGAATTACTAGCAAAACGTTACTCAACTGGAGACGGGACCAGTGACGTTATGAAGCCTAGGCGTGCAAATCAAAAGGCTCACCTACGAAACGACAGGTCATTGGTCCGCGTCTACGTGTCCGACTGACTTCCGTGCGGACCGTGAAGAACTTGCTCCCCGCTACGTATAACAAATACTTGCTCACTGGTACGTGACCGTGAAGCGTAAGCCTCACCAGACGTTTCCCCGCCTCTGCACAGAAGCCTGTTGTAGGACAGTTGACTCAAAACGCGCACTCGCTCTACGTCTCTTATATGTAGCCAACACAGATGGGAACGGCCTAAATTTGATACGAGCCCTGCACCAGCCCCTAACGTCCTTTCTGATGACTGAGCATACTACAAAGGGAGATTCTCATATGTCCATTCAACCGACCGCTGCTTTGCTATACTCTGGACTAAAAGCTTAAAAATAAGTAAACGCCGTATCCGATTTAACTGTGCTACGGCTATCTTGGAGAGGTGGGTGGGTAATGGCGTGTGTTCGCATATTTGTGTGTCTCACGCGCCGAAAATGGGGGAGACAGGCGCACGATTCATTTTTCAGATTGTGGTTACCGGCTCGGGGTTTGAATGTCAACGCCCTACAACAGAGTACCCCACCGAGTGGGTCCGCTGTGGTATTCTTGTCGCACGATTGAGACTGCAAAGATATTGTAATAATGACGTGCATACCTAGAAAAGGATATCAATCTTGGGAGAATCGAAACGACCGATCCCCTTTGGGAGTGGACGCTGGCTCTCCACGATACGTATTAAGTGCACAACGGATACTCGCACTCTTGGCTTATGTACCATCGCGCCGACACTTCCTCGTACG,1420,48.8,Saccharomyces cerevisiae
SEQ_213751,GATGAAATTCCATTAGCGTCCAATTTATAATTCTTTAGACCCGTCACTCAGTCTGCAATTGATTTTCTTTTTCTCCGCGACCGGTTTGGGGGCACTGGCCCCGTCCCACCTCCAGCGATCAGTATAAATCCACGGCGTCAAGCCATGTATGCTGGTGTGTATTCGGAAATGCATTAGCCGATGTACAACTAGGAAGGCTCGATACGTCCCACAATACTGCTGTTTGCGCTTATGTTCACGCTATATGAACCTGGAATCCTCTTACGGGCAATTTTTTTGGATCGTTATGTCGCAATCCTGTCAGAGGTGCTACTAGGAGCTAACTGAAGGTTGGAAGATCCTAGATTGGTGTATTTTCCGGTAGTGTATAATCCAGCCAGATCAACGACTCGCAGCTACTGAGCTCTTGCCACAGGCGCAACCTGTCACGCGATACGCGCTGCCCGGATGTCCGATTCGCCCTAAAGACGACTTTGCATTATGACAGAGAAGCATAATTTAGCAGACGTCTAGAGGAATATGGTGCAGTGTTTGTCGTCTCGTTAGCATTAATGGGAGCGGTCGGGGATGAGACTAGAGTGTGCGTGCTAAGCTTCATCGTCTTGCTGGCGAGCTTCCTGTGAATACTCGACGGCTGTAGGCCAGGTCATCTAGATAAACCGGAAATAGTACCTTACGCGCTCAAGGCTCTAGGCGATGCTCCGAGACCTAACCATCTCGGGGTGTCGGTAAAGACACCACGATACCTTCACGAGTCTCATTTCCCAGCCGCTATGGATGCCAATGCGCGGGTTCAGCTCTGTAGTAGAGGCCGCTGACGACGCAAGGTTATGAACCAACGAAGATTAGTCCAACGTCATTACCAGTAGACCGGGGCTGGGAGTTCGTTTTTGTGAGATACACATTTTTTTGAAGCCGAATCCATGTGTGGAGCCGTCCCGACTCATATACAGGTTAGCTAGGTCTTAAAAACCGGCTGATACTCCCGCTCGCCAACGCGAAGCTAACTCTTAGCGTGTATATCTGAAACATATTAATTAGACCTAATCCGCCCCCATAACAGGCCAGCTGATTTTTAGCGGGTTGAGTTGTTTTTGCCTTCAGAAAGCACTACGATGCGTCGGCCGTTTGTATTGGGAACCTGAGAGAGAACTGGCCCGAAGAGCAATTCGACCGCGCTATAGGTGTACTACATGCAGGGTAGCCCTTTTAACTCAAGCACAACGTATGCATCGACATCCCGCCCCTTTCGAGAAAGAGTCCCTACCTCCATCAGTAGTACGCCACATGTCGATATCATTATAGAGCGTAGTGAATGCATCTCCGCGTGCTGTTGTTTACCGTACTTACGTTTTTCACCTTTGTCCAATCTCTAAACCCCCTCGCCATGGGAGTTGCAGCTAGCTCTTCAGTTATAATTCTTCACAGGCCCAATGGTGGCCCTTCTTGTCGCGATCTTTTCCGAGGCTTTAGGCATCGTTACCGTCAACAACAGCTAGCCGTCCTTTAGAGACAGTCGGCTGGAGACGTCGCGTTGAGCAAACCGATCCATAGTCATTACATCGGGACGACAAAGTTGATTTGGTTATTCCGCGCAAAAGCCGCCAACGGCTACTGACGGTGTTACTGCTATACTCAGCTGTAGGGAACTTTCGAATAACTATATCATAATTAATGGCTATATCATCTGGGATCGCGATTCTTGTAGGACACCCGCTGGATTCCTCCAGTTAGGACTTAGAGGCCATGCTTATTTTTAATGCAAATACTAGTTCAAACTTCAACCCTTCGGTTAAATTATCCTCCAGTTGTGATCCTTTGGCGCACCAGGAGAACATATAGGAAGTAAGGCCCACACCCTCCAATATAGGGAATTGACGACGAGTTAGACGTTCGCGTACGCACATTCAGCCACACCGCTGTTTCCGTTTTTGCAC,1937,48.63,Homo sapiens
SEQ_309982,TCATCTGATGTTTAGAACGAATTATTACGGACTGCACTTTACTGAAAGCTCTTTAGGGTAGTGGACCCGGTATGTATAGGTGTCGAGCTTGGTATTCGTTACGGCGCTGCGAACCGTCGTGGGGACGAATTCACTCAGAACCTGTATGTTATCCCTGCACAATAGTATTCCAAATCCGGGAGGTATCCCGCAGAGGCTTTTGGTAAGTGAAGTAACTCTGAGGTACGTTCTTACATATTGCCATCGTCAGACCGTGGGTCCAAGCTCGACTCCCATAATACCGACATACCGCTAACCCGAACTCACGCATCCCCGGTTGAACACGTTGCAACGATTAATCTCGCACTGGGCATATTTTCCCGCTTTCACAAACCTATTAGAATTTTGTCTCAGTAATTCACACCTTTCGGTGATGGATACGTGGTTCTCCTAAACTCGGTGTTCGGTCCACCGCGTGGCTTATGAAGATTTCTCGACAACTGGTCTGGTTGGAAACAAAAGCAACCCAAGGCCTCAGCTTCAGGTATCGGATATCCGGTCCCGAGACCACACCCCAAGCGGTTTAGTTATTAGGACAGTAGTTCTTAAAATTAATACTTTGACCACGTCCTCGTACTCGAGGCTGATAGGCCGGAGGGTCTTTTATTATTGGTTGATCACCCCCTAAGTACTTTGCCCACAGTGGAAAATTAACACGAGGATGCAACGGGCCGTAGTTCACAGTCACCGGGAAGATGCCTTGGCCGCCAATTACGTGCTTCAACCACGAGCCTTGTTTGGGCTTGTCAGCCTGGTTTCCGTGATCCTCCTGGCCAACTTGAAACACTGTATGGGTAATTGGTAAAAATAAAGCTACTACTAACTCCCTAAGGAACGCTATAACCGATGAAGGAGATCAAACACGTCTTGATAACATGGAAAACGGTGCAAACCCGTGGCGTGGGCTGAGCCCCTATACGCTTCGAGCCGTCCGCACGCATGGTCACGACCCCTTAGGGATGGCGTCGGCTGCCCCCTCTCGCTAAAGTGCTATGCTACGTAAAAATTATGGCGACTGAGGGATAATACTTGACCGGAGATTTCCAATTTCTAATCATCGCGGAGAGTCCATCCTGGCCCCATATCCACTTCCTTACCCGGCTGGTCGCCAGAATAGAGTCCAAGACTAGTACTCACTGTCGGCGATTAAGACTACTGATTATTAGTCCCCGACCTCAATATAGGGCCAGAACCTCGTGCGCCGCTTTCAATCTCTCTCTTAAAAGAGGCCGCATTCCTCGCGTATATGGGTCCAACGTAAACTATGCCCCGGCATGCTGGCTGTGCCTGAGGCCGTGGGACTCGGGGCGTCCACCCGGACCCGTAAGACGCCAACCTGTTGATTGCCTTTGATTTAGCCCGCCAGAAAACAGGGTACGGCAGACGGCCTTTAGATGAACTTCACCGGTGGGGCGGCCCCGAATTGTTGGACAGTCATCCTGAAGTTAGGCTTTTTGAGAAGCAACATCCTGTGCATGGGTCTACAACCCTTAGCACTGGGCCTAAACTCCCTATGTGCTAAAATATGCGTCGCAGTACACACCTGCTGCCCTATCCACGGGCGAGCCAGACCTTGATTCCTAGTGGCTGAGGGCGAGCAGACGGCTCGTTCATGGGCAAA,1660,50.84,Mus musculus
SEQ_877539,CTATATGTTCCGCTTCGAAGCCACGGGTTTAATACGCCACATTTTTACAGTGCAAGTATGCGCCTTGAGAGGACATCCGTGGTCATTCCGTTCACAGATCCGCGGGTTAGGTACAAGAATTTACGATCTTCGACGACCAGTAACGCCTGCTACCTACCGATTTGAGCATTACTAGCAGCCTCCAGACGAGTATTGGTACCACGCTATGTACGGATATACGAGCAACCAGTCAGCTAGTGGCCAGTGGGCAGCGGCAGTAGTTCTAAGCTTTAGCGGACAATATCGTTTCTACCGAGGGCCCGTTGCATTGTTTCGACAGCGATGGATTGCATTTGGAACGCTAAGCAGGCGCATGGGATCAAATATCTGAATTTTGTTGCCGGTAGGTGTTCATCGCCGTCACCCCTTGGTAGCGGCGAACGTTTCTGCGTAGAGCCGTAAAGCTTCATTTCCTGCATCAACACGCGCAGGTCCTAATTCAATCTTTCACACCTACACTATTCCCGCATGCAGGCCGTCCGGCTATACGCAATACGTACTTTAATACATGGCCAGAGGGTACTTATCGCTCCGTGTGGACGCAGTGCGATCTAACGTACTCCGGGCCCACCGCTGGAATCCAGCTCGGGCGGTAGTCTTGGATGGTAATTTACAATAAAGGAGCCGATTCAACCGGCCTTTGGCCGATCATCATCAGTCTCTCAAGAATGGACAAAGACTCATTTGAAGTTTTAGGTCGCTATAGCGTAAAGGGTCTGTTTAGTGTAGGGATCGAACGCCGTTGACATTTGTAGTGTCACCTCATTAGCACAGCAGTAGGGTTCTCGATGGAGGGCAACGAAGGCGTTGCCTGTTACAAAACCAAGCCATGTACTGCATCCAATAACTCTTTTAGTTACAACATCGGCTTGACGCGCTCACACTGGTGGAGAGTTTTTCTAGACGAACGTCACTAGCTATAAACTTCTTACGAATTGACGTAGGATCCGGGGATCTTTGGATGTACATACAAATCACCTTGACGGAAAAGTCTTGGTAAACTTCCCGCTATCCATCAACCGAGCATTTCAACCTTTGCCACCACACGTGCGACACTACTTGTTACACGGATGGGAGAAGATCGGCTCGTCGGCATGAATCACAACGAGGATTTG,1154,49.13,Arabidopsis thaliana
SEQ_661546,GTTGGGCTTCTCAACTTGTCATGTTTTCCGTTTCTTGTGGACTCGCTTAACCTGATACAGTCTGTTCAATACCTGAGGGGCCATGTGCACATCATACTTCTGTCAGCGTAATCGTTTAATGATTAACAAGAGCAATTTAAACGAGTTGGGACCGCTGAGTACGATTGCACACATGCCTTTGCTTCGCTAGGTGGTTTCTCCTCCGGAGGCCAGGTTGTTTCTTAAGCTGTTTGCTGCTCGCTTCCTAGCGGGATTGTTCCGACCACATCTGTGCCACCTTCTTACCTAAGCATGTCCAATGCCACCAATTTCCTAAAGCCGTATACCGTACTTACAATGCGCTAGGTCACGTTGATGCCTGCTGCCTGTGCGGCGCGTCTCGGCTACAGGGTTGAAGGGTCCATAAGGTAGGTCTGCAGTTGAACCGAAGCTATGAATAGAGCAACAGCTAGAGATAGTCCGACGTCTTTGCTTGCGGAGCGACTACCATACCAACTCTTGACCTTGAAGAACGGATTCTGATCGTACCTCATCAGCAGTCCTCTGTAGGATATGCTTAGGTAAACCGTCATAGCTATTGTCCTAGGGCATATGGGGTAGGTATAGTTCTCGGTCTCTTCACCACGTGGTAATGCCTTCCATCATACTCTCTACTATATGCAGCTGAACGGTACAACACTGCGATGGCTTGACTTCCGCTGCCTTAATGTTGTAAAGGGTGGTGGCCGTCCATCGCGAGGGGAACGAACCGGTCTGCAGCATTACCCGCGTAGGCGTGGTGGCGATGATCTGGTCGTATGAGGCGTTCAACGCGATCGACGATACTCGTATACTTTTTTGTGTCACA,847,49.7,Caenorhabditis elegans
SEQ_318986,GTAGATCTATGCTTTAGTAAGTACACACTTGATGTAGGTTCTCGCAGCCAGTAGATCCTAACGGAGGAGTTGGTACCCCCAATACTTGTTGGAGTATTTTAGATGTAATCCTCGGAGTAAACTACACAATTAACCGGGGAAACTCAGGACCGTGAAGAGTTCCGTAGCAGGAGGCTTGATCAGGCCGAATGCAACTGATTCGGAATCGTTGTAATTTGGTTCGCTCAGGACATTCTCTTCGTTCAAGCACGCATTTAGAGTGGTCCAAAGAGACGGTAACACAATCCTTCAAACCAAAGTTAGGAAAGTACCCACGGCGTCATCTCTTACCGAGAATTCTTCACTCCTGTCACCTGGTTTTGCTGCATGGATTTACAACATCGGTATGCCCTTCTAAAAGTTGCGTCTAGTCCCCTAATATGCGTGATCAGGGTGAGGAGCATGGGTTTGGTTCCCTATATCAGGGGTTCCGCACCATCCCCATAATCATACTCCGTCAAACTATAGTTGGTCAATTCTCCACATACGAGGAGGTTCTGCCATGAGCATAGAGCGACGGTAGTCAGCATCCTGTCGGAGTGACACATGGGGCACTAGGGTAAAAACGATTCTTATGTTATAGCCAGTAATGGCTATAGTCCGCCCGGGGCTCGGGTTTACACGAAGGCGCATCTGCATAAAGCACCAGACACCAAAGAAATTCTCAGGTTATCATTGTGGTGAAAGGTCGTTCAGAATACCCGTGGGTCGTGTCGTAATCCGCAGCCACACTACGGATGGTTGGAAAAGTAGTGTCGTAACTCCAGCACCCGGATCGTCAATGGCGGTCTACCCTTCCGGATTAATGCATACTGTACCAAGGTGGATTTTCTCCCTATACCCGGCAATGAGAATGCTCGCCCATTTTTCATGCATTTTTCCCAATT,926,47.52,Homo sapiens
SEQ_892523,GGAAATTATCCTCACGCGAAAAAGAACGTACATGAATCGGCAGCGCCGGATGGGAAAGTCGCCCTCGGTACGTACGGACGAGGATGCTTCACCTAATTTTCCAGTGTAGTTTAGCGTGGCTTGCAGCAAGTTACCCGTCCACAACTTCATTGTTACCCCTGCAACAGAGAGTAGGACCCCGACCGGTCCTGGTTTGACGGGCCTAATATGGTGGACGCTGGCTAAAATAGCCCCTAATCACATGTAGCATTCACAATCTTCTCCCGAGTATTCGAGTGCCCAGCATCGGGTAACTTCGCGTAGAACATTCCAGAATTGCCGGAGTAAATGAGTTGCAACTTTTGGTTGTTCTGAAGCGCAAGGCAAAGAAACGATTACGTGCCCTTCCTAGTCAAAACTAGTATGATGGTGGTAAATTGCTGCAATCGGCTGTTTCCCAAGTGTTTAATGGGCCCGATCAAGGTTCGAGGCGCCCCAAAGCAGCCCCAGGGTAGGCGCTGTATTAAGAGCCAGCGACAAGCTACAGTAATCGCTGGGTCGGCGTGGCGTAGTGGGCACTAGACTTTTGCTACTGTATGCGTCTACGACTGCTGAAAATCACCAGGGTAAGAGTAGCATGAACGTCATCGAGGATGACGGGGAGCTCACGGAAGTGCCTTCCATGAGTGCATGGAGACCAGGGGAGCCCGAGGGTACCTCAGGATATTCTAGGAGACTCGAACTCGCGTGGAGCTCAGTCAGATTAGGGTTACTAACAATGAAACCATCGCCACTAGATGAGTCGGGCCATGTCATGGTAGCGGTCCTAATTCTCTCGAGCGATGGATGACAACTTCAAACGTAGTAAAATGTACTTACTGTCGGTTATTTTCGTCTTTGTAGGCCTTCTTTCC,893,50.5,Saccharomyces cerevisiae
SEQ_336461,AAGAGTATAACGACATCTAATACAGTACCTATATCCGACTCCGGACTCTAGACATGGACCAGTTTCTCTTCACATAGAGTCGGGCAACTCTCTTTCCTGGAAGAAAGTCCAGGTGTAGATATCTAACGGAAAGTCCCTACGCGGTCCTGGTTGAAACTCCAACCCAATTGTCTCCGA,177,46.33,Arabidopsis thaliana
SEQ_912966,CAGTAATCACCAGGACAATGATTTGACATAGAGAGTACGTTGTGGGCTCACTGTTCCGCCGATCAATTACTAGCAACTATAACACACCGTATATCCCCTTTCCTTGAGCCAATGCCGGATAAATTTAGTAACTTAGGTGCTTCGTCTTCACGACAAGTGTTTAGCTTTAGCAAGGACATGCCAATACCAAGTGGAAACCGGCCAATGTGAACTGCGGCACAGCGGTCTAGTTCCCTTCTAGAAGGCCGCTTGTTCTGCCGAGGATCGCTTTAGATGCAGAATCGATTATGTCTATTCTCTCGGCCAATCGCGCGATCGGTAGCGGTTGAAAGCGGAAATTCAGGAGCCTCCTAACGGAACGGAATTCTTTGACAACTTGGTGAGGCTAACAGAGTCTTAGACTCCTTACACATCGATACGCAGAGGCGGCAGCCCTCTGGCTGCCCCACTTCCATTGCGGCTAATGACGAATTCGGTGTATTGCGGGATGGCCGTTGTTATCATTTACCCAAAGGGCGCGACTACTGTCAGCATTCCAGTGGCACGGTTGTCAGATTACAAAGCGGTTCGAAAGGGAGGACGCGGACGCCCGCATCACGCGCTACCCCCGAGAATGCACTTGAGCTTACCAGTCGAGATAACCCTCTTATTGTAAC,656,50.3,Escherichia coli
SEQ_141808,CGACTGTGGCACTCTCTCGGCGACAAGAATCGCCCCACTGTACCCTGGGTGGACGCATGTCCTGGAAGCTACCGCTACCGCGTAGTGTTTTGTATAACGCTCACCGTGGCGTGCATAGAGGAACTAGCGACTATGTCGTGCGATTAGTGGTAGTATAAAGGCATTCTTGGTGTTACACTTAGACCACACGCCACGTCAGACCACATGGGCAGGCCTGGTCGGATGGCAAGACGACAAGAGTCTTGCCTGCAGTATCAACTATCTAGTTAAGTCGTGAATAACTCGCGACGTATGGGGGTCACCGGGGGATCTCTTAAGCTGTACCAAGATGAAACCGGCTCCGGTAGTGAAGTCTCACATAAGGATGTTGCTGCTTAAACGTCTGCGTTCGCAATGATCGCCTTAAGACCGAAATCCAACCAACCATTTGCAGGTACAACCTACTGAGGTCCTGACTTTAAGTCCAATCGCGCTACAACGAAAGCAGAACACAGAGCCGATACCTGACTGTCAGTCTGTACTGCTCTTGCGCTGAAAGGATCGGCATCCCTGGAGTCGC,559,52.06,Saccharomyces cerevisiae
SEQ_713236,TAGACGTCCGGGGCTATATTGACTCGATCCCAGGTGAGCACGCCCTAGGCCACACCATCATTGGGTGTCCGTTAGGCCCAGCTGTTTGCAGATTGAGTTGTGTAGAACCCGATACGTGGGTCCGTTAGGTCATAAGATACATACGAATGTTGGGTTAGGAGAGTCTTAACATAAAACCTATACTTTCAAACTCGTGCTCGTGCAACGTTTTAGTCCCGCTCCGTAGTCCTCCGCCTTCATTGGACTCAGCTCGTGTGGCCGACCGTTCGGCACACTTGTTTTTCCGCCTTATGAGTTCTTCATCCTTGGGTGGTTTTGAAGGTTTCCCGTAGAAATTCAAATGAAATTAGTACTCGAATCCGGGGATTGCCGACCGTGCCTTAGTACATGTGCGTTTGAAGCGTACGGATAAATGCGTTCCTCCTTCGGCTCCTGCTGAGTGGAGCTGGGATAATTCTGTTTGCCGGAGATTCGGCTACGTATCGGTCTACCTGGTCCTCCGTCCGCGCCTTAAAGGATCGAAGACGCGCTCCCCCGTATGGTGCCTCTTGGGGATACCCCCGACGTGGCTGTTCCTGTTGCGCCGGAGCGATCACGCCTACAGGCTCCGTCCTGTTAGAGGCACCATTCCGCCGGTCTCATAGGCGCGTCATGCATCGATGCTTACCAATAGTCAGGTAGATGCCTCTCTATCGCCCAGTCCGGTCCGATGATTTCCCCTTGTCGATTGTGTGCCTTATTCGTAGTGATCTCGTTAAATCTTATAGTATGCCAACGCGTCCACGCCGCGTAATAACGACGTATACGCTCTGGGGCTGCCATCAAGTCCAGCTTCAGCAAAGTCGTATATCTCCAGGAGAAACTCGTAGGCGACGGTAATAAGTATGTTACCCAAAGGTGCAACGCGCCGCCAATGGCGGGGTGATATTTATATCCATGGCCCAGGCTAAGGCAGAACCGTTACACTACGCTATGTTATTGACTAGGCCTAATTTCTCAACATGGTTCTCGGGAGCCGACTGTTTTGTGGAACCCGATTTATCAGAGAGGTCGCATCCAGTCCGTTTTGATACCAGCCATCCTGGATTGCCCTGACTTGGTCGTAGACTGTACACCGTACCTCCTATTTGCTCCAGCGCTGGAGAGACGTATCATATAGAGAGTCAACCAGTGCTCAATAAGTGAGCTCCCTTGCGGAGATGTTTCGAACCGCTTGCCTTACCCCATGTGGCTTTTGTAAGGCACCCTAACGTATGCAATGACAGAATGTAGGCACTTGCAATCAACAACGGCGTTCCACCTTAGACACGATCAGGCGCAAAGGGAATAGGCTCCCCTACCTGTTCCAGGTTGGTCTAAGGAAGGGCATGTCATACTAACCGAGGAAAGAGCACGTGGTACACTCCCGCGGTCAAGGGGAGTCCAGGTACATTCACGCAAAAGCCTTAGAAGAAAGATAGAACAGTAGTTTGGTTTTAATACCTTGTTTAAAGGTGTTAGTCGAGAGTCTCGACTCGGCGAGCGTCGGTGCTCCACTAGCAACGATTGGCGATCCCGGCACGACCACACCGGCGTGTGAAACACCCGCGGCTATACCGAGTAAG,1604,51.81,Mus musculus
SEQ_247816,AAGATTAGTAGCGGTCCGCTTAATCAGGTCTCACATTCACGACAGCCTGTTGACCCAATGGGCGGCTTTGGAACGGCTTACATCAGCGAGCTTGTAACTGTTCCGTCTAGAGTGTTGAGTGACTCGCCAACGGGCCGTAGTCATAGCTTAAGGGCCCGACAATGCCACAATAGCGAGCACGAGCCGGCCAGGACGACGCAAGTCGCAACGTCGGAGTAATGTTCGACCGGTAGTGTAGAGTCGGGAAATTACGGTTTGGCCCAAAGCACGTCCGCAGACATGAATTCAAGACGAGTGGCTTCGCCCCTCTCTAGTCCTCACAGTTACGTTCCACCCCAGCTATGTCCAAGCTTCAGGCCCAGAGGTCAAGCTCACGGTTATCTCAAATCTCTCGCCGAGGCGGGTATACAAGGTATATTGCGGAGTGACGCGGCGCCGCCTGTCAGTCGGAACCTATTAAGGTAACTTCTTGAACAATATATGGCGTATGTTGCGATAACTACGGGCGTTAAGGTGACGGCAAAAGTGCTTTAAAAAGACATGAGTTTAGTCTAAGCGGCAGCACATAATGTATGCTCGGAACCATATCGCGCGACGGACTACTCCTGATTCTATAGGATAATGCAAACAGTCTTTACTCCACGAAACCAGAGAACCGTTCTCGCGTTAAGTGGTATCGGCTGACCCAAGTGAGCTGCGGAGAAATGATCATGATACATGTCAGGGAACACCACAAGGTGGGTCGAACTATGCGGGGTACTGCCCTAGAACCAGAGCGGTTTACGCACCTTCTTAGTTCTTTATCTAGGAAAAGTCGTAATGCCGTCGGTTATTGGGGCCTGGGGTTTTAGCACACCACGTAGCATTGTCTACGTTAAATTGGCCGCGATCAACCATGCGTGGAAGCAGGATGTAGATACAAAAAATGAAGTTGACGTGTGACCCGTAAGTCTATAAGAGCTAGGCTAGGCACAACTACTCGTAATAGTGGCGCTCAATCAGCTAGTTGACACACTCTCAATAGGCGCTATTTAATAAAAGGTGCCTTCGCCTGTAAGCAGCAGCAAGTCATCTCAGATGACATCGTCATAAGCATTTATATGTCTTCATCGCTTGTGCCCTTTTCCTCTCGTACCAATAGTTAGTGAAATCGGGTTCGCAAAATACGGCCTAGCGTCTAACTGTACCCATGCGACGTCGGAGCGGTCCGGGGAAACCCTGCTGCGGAACAGCAACCACACCCCTTATGATGCCATTTACCTTGCCGTGGCAAGTCGCGAACCCCCTTGGCTGTTAATGCATTTGCCCTACAAATTAGGATAACCCCATGAGCCTGGGTGGGCCTTCTTCTGCTAGCCCTTCATCCATACCCAATGGGCATTCGGCTGTCTGTTGCATCGATCCTTCGTCGGTAAGCTTGGGTAACGCTCGTCATCGCACTGATAACCGGGCAACGACGGGTTATGAGTTAATGCCGTCATACCACACGAGTTTGCCGACGCGGCTAGGAAAATAGGCGATTGGGTGCGATACACTACTTCTGTGTCCATCTCTCCTCTAATGAGGCGGCGCATTGCGACGAAAAATAGTTCCACATCAAACAGAGATACCGAGGACGTGAAGTCTTTACATCCACGACTGTGACCTTCTGATAAAGCGAAATAGTATTTGACACCAGAGGTAAACACTAATCACGGACGCATTGGGTTTTCCCTATAGTCGGGAGCCGACTCTAAAACATAGACAGATCGGCTTCGTTACACTTCGCGCTTTAAGGGGTCATCATCCGGTCGGAACCAGAATAACCGCGCATCCTGAATGAGTTACAGGCTTGTACGAACTACCCATAAGCTTATCGTCTGCG,1864,50.05,Mus musculus
SEQ_520876,AACTAAGCTTGTGTTTCTCCCAGGGCCTTGGGGGGGAGAGCGTAATCATACCCTCCGGTCGTCGTTCCCTAGGGCAGCCGAAAGATTTTGTGTGCCAGATTGAAAATACTGACGGTCGGTGCGACAAGGTGACCTTTTAACAAGAAACGAAGAGATCGCATAACGCACAGAGATATTGCGAATTCCACCCGCATCACGCAGAAGGGTTTCCAACAGAATGGCGTAATATACTATACTGAGTGACTTAAGGAACCATCCATTGCCGGGGTATAAGATCCCTCGCAGTCCAAGTACGGAGGCTTGGATGAAATTACGCTGCAAATGCTCCGATAACTCCATCATGCGTCGGGGATTGTATAATAGTAATGACACATATCGGCTACTCGCAAACAAAACCTGCACATGTGTTATCAATTCCGGTGGTGAAAGTGAGTCGTAGCCATGCGGCTTTAGTGAGTGAGTCGCTGTCTGCCTTGCCGACAAAGCCCCTAAATAAGCGAGCCATAGGCAGCAGGGGAGCCATATCTCCACAGTTCAACTAAAGTCACGGATCTCGAACTCCCAATGCGCTCGGACATGGTGACTTACCCTACTTTGGATCAGGGTGGCTCCAACGGATCACCCTGACCTGATCTAGGAAGCTCCTCTGCTGAAAGAATGGGGCACTCCTTTTTGCGAGCGTACTTCATGGATCGAATAATAGGCCTTGTTGGTTCCCGGCGAGAGAAAACACGTCCCATCCCTGGAGGGGTTGTCACCTAAGAACGTTAGGATCACTAGTGGGCACAAACACCGACGGGTGCAGGCCGGCACATTACCGCTGTACATCAGTTAAGCCTACTTCAGCCCAATTTATAGCAAGGTTCTATGGACCTTGATTTTTATAACTCGTACCATCTGATGCTGTAACCCTTGTGTAACTGCACGCGTCGTAAATGTTATAGCCTTCGGATCTAACAGAATCGCCACGAGTATGCCCCAGGGAGGTTGTGGTGTATTAACGGGATGGGAAAGCTGACACCGTACCGGGTGAAGTGATCCTGCAGGCTTCCTCGCGCTCTCCCTTAATCGAAGAATTTAAGGCCTGACACAGGGAGCTCGTTTTGTGTGTCGCCCGAGGTCAGGATACGAACGGCCTCTCTCCTACACTCCTTCTAAGTTCAGGAGAAGACGCAGCACTTGTCTAGTCTGGCGAATACTAAGTATCACATCATTGAGCGGAGTCCTCGCGGTTAACACAGAGGTAAGCCCCCCATGCTACAAGTTCACTTCGGCTACCACCGCTTGACTGTGGGGAGGGAGACGGTTGTGACCTCATAGACCGGCCGTGATCTGTCCCAAGAATACTTTGTGTCGGGGTACAACTGTTCCAACATGTTCTCCCAGTACTCTTTGGGTTTCAGGAGACAGCCACGAACTTCCGGATTGCTTACCCCTATAATACCTGCCGCTTCTAAGTATATTGCGGTTGTCATGATCACCATAAAAGATCTCGGTCCCATTATGACGACGTCCCACCGGTCAATTTAA,1530,50.2,Arabidopsis thaliana
SEQ_352495,AAATTTACACAGGTGGCATTCAAAGCTCCCTGGTCCGAAATCCTAATATACCTGGTTTTGCCGTTTTTTCTCTCGTCTTTTGGAGTGTTCCCCACAACGCTACCTAATTATGCCGGGCCCTAGAAACTAAACCGGAAGTGAACTCTGATCACGCACTTGTAGACCAGTGGAGCGAAGCAGGGCAGGCTCCTTCCGTATGAACGGGGACCCTTCGCCAACGTTAAGTTTCTTTGGTGTGATGGACTTGGACTCTAATTTTATGCAGCAATAGTTGACGACGGCCGAACCTGAAGACACCAGGAAATAGGTTCTAAACATTAAATCATCGCCTATGGCGCTCAGTTGGCACTGCAACATAAATCAAGGCACTCTATGGCCGCGAGTGTGCCGGACGTGTCAGGGAGGACACAAGGGCGCGGACAGGTCCGACTCGCTTCTGAGACGGTTCCCGGTTTTCTATCCTACGGGGCTACGTCAAGTAAAATTGTTCGACTAAGTACTCCGCAACTGCCACTCGCGATAGACTTCCTCGGTTTGCGAAATAAATGCCATATAATCCTTGGCCAGACTAACTTCGTACTGATTAATTTGTCTGCTTTGATCCTCTTCCGACCCGTATCCACTATTTAGCCAAATCCCGATCGTCCTCAAATATGACGAAAAGAATCCGGGTCCGGAACTAAGAAAACAATTAGCCGATGTCACATGGGACACTTATCGGACCGTTTGCCACCCGTACGACGTTACGCTGAGAACATGTCAGGATAACGAGTGACTACGTAAAAGGTAATGGCACGAAAGACCCAGTGTAAAGAGGGGTGGCTTACGTCGATATTGAACGTTCAGATGGGGGTTACAAGGAGACGTGTGAGTGATCGGGCAATCAGGTGTTTCCCTGTAGTGGTTATGCCCGAGACTGCTTTTAACGACAGTCCGACGGCTACTTCGGGGCGGTCCCTTATTATCTTCTGTTTTACCGGCGACGAAGAAATTCAGATCAAGAAAGCCATGACAGATGGGAGCATTTGGCTCTGCAGCCCGTAGAAATCCATCAACATGATAGCTGCAAATGGAAAACAGCAAATAGAACTAAACATCGATTAACCATCCGCTTTTATCTAATAGTCTCACAGTGTTGTCTCGCCACTGGTAATTCTATGTATGTGGCCCGCTCCCGCCGCTTTTCGAACGCCGAACACATTCTGTAATCTACTGCCTGGAGTCGTTCGCTGTCGGTATTGTAGCAGCGTCCTCATTTTCTATTCCGCCTCCTTTGCGATTAGATGCATATGCAGTCTGTACTGGGTAATAGTGTAGGAGCGGTTTTTACGCCCTAGCAGTGGAATGCAAGGAGGTTACCTTATGAAATGTCGCCTAACTATTCGAGCAACTGCGAGCGTTCTAGTGAGGTGCGTGTTCGTCACCGTCGTTTCAAAAGCGCACTTTACGAATAGTCTATACAAAAACCTCCACACTTGGGGAGATCTTTGGCCCGCCCCACATGAGTCCAGCGGGTCGGTAGTAACGGATTCAAGTTGCTTGGATTTTTTAGGTGACCCGAACGTGATGGGAAATGGTTACAAAGCATTGCTCGAAGATATCGCACCGGAGCGCTAGATGCGGACCATTTGCCTTGTTAGGACGGCATGAACGACTCGGGCGCGCGAGAAAATATAGCGAGGCTCGCAGAGACTTCGAACCGTCGGGGGATACTTCGAGAGGGCTCGCACTTTTGCGCTATAAGGATGATGTTGGCACTCACCTAGGTCAAGCGTCGCACTAAGGCCATACTCCATACGCTGATGGGGTCCATTTAGAATGAGCACCGACAGCCGGTTTGTCGCCAAAATTACGGTAGATTTAGACGTGTG,1871,49.06,Homo sapiens
SEQ_941697,GCTAGTAGACAACCCTTACCTGTTAGCTCTCAATTTGTCCCGGCGTCAGATTAACAGGCATTGAAAATGCCACATAGGGCTATAGGGATACGAGCATGGTTGTTGAGGCTTGATGTTGGTGCGTAA,126,46.83,Escherichia coli
SEQ_306578,CGACATGTATTAGTGTCGTAACAAACCCTATCGACGCTGCTGACCCGTGGCGGAGTCCGTTGCCCGGCCA,70,58.57,Caenorhabditis elegans
SEQ_116599,ATCCGACACGATGCAAGTACAGCGCGGGCTGAACCCATCCTCGCAATTATTGGCTCCAGTTAGAGCTCGCACGTCGGACTGGCGAACGTTTACACTACCGCACGGCCGCACGCACTGTACTCGCCGGTCATGAGGGACCTGGGATATTAAATACTTCCGCGGTATAAGAAGAGGCTGTCCCCCCCATATTTGAGTGTTGGCGATAGATAGCAATAGCCTTCACGTACGTCACTCGTTGAAGTGGGAAGTAAAAGAAGGAAGTCCGTGAACTCTGCCTTGTCTCACAGATCGTTAAGCACCTAAACGTTACAGTTTCATTCAGGTGGTTACCAACCGTTCAATTCCATGTGATGTACCTACTCACCTAATATGACTGTCAATAGCGCGCATGAGTGTAGTTTGCTAGATGACCGTGTTGGTAGATATCGATCAGTACAGCAGTTTGACTTGACGCGCGGGTACCAGGCCTGAGAAGAGGCTGATATTTTGTAATTGAGAA,499,49.1,Saccharomyces cerevisiae
SEQ_850187,GGTTCGTGCCAGGAACGCGAGGGGATCCTCGCCCTGAAGGGCCCATATGGCATATACCAATTCACCCGGGGAATTCCGTCCCCCCGTAGCTGAGGACTATCCTGCTCTCGTACTAGCTACCTGGCAGATTCCTCCTGCCAGGCGGATGATCAGGCGGAGCCTCTATCAAGTAACTGCGCTGCTTACTTTGACTATTCGGTACTGTTTCACACGAGTCGCCGGCGACGCTAACGAACACTCAACTGCTGTCAGACAGTTAGCAGCACTGCTGAGGGGTAAGTGCTTAATCCGTTGGTCCCAAAATGCTTCTCGCTCACATTGGCGCCGTAAGACGAAGTTTTTCCTCAACTTTACTGAAAAGCCAGCCTATCACTTTGGGTAACTCCCTTTACACAGCTCTACTAAGTCCAGGAGGGTTCCCCTTGGGGCTCACTGCCGCGCTCTCCGTGGAGTTTCCCCAGGGAGATTGCGCATCTTCACTAAACAGCCGTCATCACTGTCAAGCCAATGAGGCCCGGCTCGCGGTCTTTATATTGTGATTATTCCGCGTGGTCCATGGTCAAGCAACCGCTGAGCGGTAGACGAACATGAAGGAGTCTACGGATAGGCTCTTTTTGTAAGAGATTTTGTCAATGGAACGAAAGTAGCATCAGACAGGCTGCCGGCCCACGGCTACATCCCCCCGTTGTCGGGAGTAATGTGATGAGCAGGATGCGAAGTTTGTGTAGTTTCTAATTATGTAACTCCTCCCGCATCTTATGGCGGAAGTATCTTTGGGCTGGTTTATTGAAATCGACTCGAGGCATACTTTTTAGTACACGTCCCTCCTCAGTTACAAACTATATTCATTATACCTTATTGGTTACGCGATTCTTATATAAGCCGGTAAACCCCAGTGGTCACCATTCGGCACTTGGGCCCCGGACTAATACGTGTGG,938,51.28,Drosophila melanogaster
SEQ_829619,CACTGCATTCAGACTACGTATTACATACACCTTTTCTTCCTCGCGCCATGATTCTCCGTGCTCAGAGCCAACTTTAGTACGGGCGCCATGAGGACCTCTAAAGAGCTCCGAAAACATCTATCGCAAGTGATATCCAAACGGATTTAACAGATCTCCCATCCATAGGAGAAAGGATAAGCGTATCTATGCCAGTACTTTTTATTCTGCAGGAGCGCGCTAGAGGATCAAATTCGTCAATAACGCCAGAGCTTCTACCACGTAAACAGGATCCTCTCTTGCCCGGCGATTCTACAAATGCATGAACGGATGTAATTTGTGTTAAATTACGTCTCTCCTGGGGCAACATGCTGTCTGCTAGTCCAGGCTAAATAACTTATTTAGTGAATAAGGTTAGAGTATAATCTCCCATTCCAAGATGCCGCCAGCAGTGCGGTTTGGTCACCAAACCAATTCAATGGACTCTTCTGGCCTGCTAAACACCGCGGCACGAACCGGTCCCAGGTGATCCCCCACCCACTAATTTGGATACAAATAACTGATGTATTGGGCTTAACTCCTACCGTTCGCAAATCTTTGGGCGTAGACGTCGGCTGTGCGGTCGCATACGAACTGTGCCCTAGCAGTTCCTGTCAGGCCTCGCCCACTCGAGCCATATCACGCACACTAACTCCACGTGTCAGTAACTAAGGAACCAGATCGTATTGCATTCTAATTATGCTTAGCAATACCCTGCCGGGGGTTGCTTCGCCCTCCGGACGATACTCTCAGATACGACCAGGTCCAGAGAACTCAAGTGCGACTCGTCGTTAAGCAAAGCGGCTTCACTGCCACACCGATCAGCCATCATGAACGCAACTTCTGATAGTCTATTGACAAGCCTGTGTACACATTCGGCCACGGGACTCGGGTGATGATAATTGCGATCTAATCACGTACGCCCTATGTTGTGACTACTGACTCGTCATCTTTATTGACAGCCCGCTTGAGGATAGGCGTGGTGCCTACAGAAGTGATGACGCACAGTACCTCAGAGTTTAGAGGCCTGCTCCGGATCAACCCAGGCAACCTAGCATTACTATACCTGCCGTGGAAGGGATACCATATGCCGTGATACTCACTAGTTACGACAAGACGCTGCCCTTATCACCTTTTCATCCCGGCATCCCCTCCCGTGTGAGGAAATGTTCCCTGAGGCTTATCCTGTCT,1206,49.42,Caenorhabditis elegans
SEQ_139709,GACGCGGTCTCGCAGCTGTATCACATGCGCGGTCACGGGGCCGTCCCAGTATACCCGACACAGATGGTAAACTTGCATTTGTCCGTCACTGGTCAACGTAACTCGGTGCTTTGCATTTATCGAACGAGAAACCGGTGTGCTATTGGAAACAGTGGAGGCTACGGATAGACAGAGTGTGCATCCCCGAGTTTGGCGAGTGGTACAGAGCAGGTGGTGGCGTGCGTGTCGATTATGCACGGAGCCGGTTCAGTTTGCTCACACTATCCAGTGATTTAGGCACCAATATGCTCATGCCTATCTAAATAAGCCCGTGTTGTTGTCTCTGGCGACGCGTTAGGGCGCAACTTGGGTAAATGAGTGCTTTTTGTCAGACGCTAGTACTCGAATGTTCTGTGTAAACAATTTACTATTTCCCCTAGGTTAGGATCCTATTGATGGCATTGGCCGGACGAGCACCGTGGGCCCATGTCTGCGTCATTGTAATTAGTGCGTATAGCAGCAGCCTACCTCCTACAACTGCCCAGGTAATCACCAGTTATCTCTGTACGCACTGTTTACTAAGGCTGATAAGCTACCGAGGCGGGTTCCAGCTGCACGTATTTACAAATACTGGGGTTCTGAAAAGGGACAGTTGGTCACCTGGTCGACAACTCCGAGAACCAGGAACTGTCCGACGCAGATAGCAGTCAAAGTCGCTACAGTATGACTAACCCGCGTTAATACCGCCCAGCCTTTGCCGGCTATAGGAACCCCGCCAGCTTTTCCACATTGCTGGCACGTGGGTTACAATTGTGTAGAACGGACAGACGGCAGGCACGGGGGCACAGCCGTGACATGCCTTGGTGGAGCTGGTCGCCACTGTTCCTGATCAACAGAATCTACGCAATTGCTGCTTACTCAACCATGCTCCATGCCTATGGTCTAAGCTCGTGCTCCCGTTCGATTGCACAATTCGGGAGATTCCCACCAGAGCAGTTTCAGATCCCGCAGATATATGGCACAGCACACCCAGCTTTTGCTTGGAACATCTGATTATGTAAGTCAATACGCTTACTCAAGCCCAGTGTCGGCCGTATTGGTCCGCCCAGACCATGATTCAACATCGCCAGGGTTAAGCGCCTGACTTATGCCGGGGTACGTCATGGGCGTAAGAGGTCGTGCTGCCGGATATACCCTATCTAGTGACTCAAGTTTACTATACGCAAGCAACCTTAGACCAAGCGGTGTTGTGTAGTAGGTATCGTAAAGTTTATGTGTCCAACGCTAACCTGTCACG,1276,51.49,Caenorhabditis elegans
SEQ_902794,GACAGCTCGGGTAATCCATCGATGTTCTTCACGCTCCAGAACATTGAAATACTCAAAAAGATGCGAACTAAAAAGGGGCTGAAACTGTCCTGGGCTTTCTCTTCCAATCTCTACTTTAGACGCCCTTGACAGAGTCCGAGCGTCATACGGTAGGATTCCAAGTCAGGGGCATGCTAGGAATGGACCTTGCCCAAATGG,198,48.48,Homo sapiens
SEQ_308584,TTTATTTCCCACCTATGCATCCTGACACGCGGCAATCTTCCCGGCGGCTTGATTACCGACGCGCTACGAGTAAACCATAATTGGTGTGGCCAAGGTACATCCTCCTTTGCCCTAGGGGTACAGGTAACGTTGTTAGAGAGCGTCGCCGGGGAGGAGCATTATCTGCACCCTCCGACGATGCTCACTCGGGAGGGAAAAAATCATATCGGCGGTCCACTTGGATCCGTCTTACTACTACAGTACCGGGACTGACAAGTGGACCAAGGGGTGTGGGAGCCCAATTATCATTTCGTAAGGACATCCTTAGTCTTGGTGGAGCGGTTTTCGGGGTTTACAAAATTTACACGAGCCTACACTACCATATATGAGGAACGCCCCTTACTAGCTACCTAACCGTTTCTCTGGCCGTTCGAGGGCGTGCTGTCTCAAGGAGTGTAGATCAACCACTTCAGGCTCAAGAAAGGTC,466,51.72,Mus musculus
SEQ_537932,GGCATAAGCTCTTCGGTACGAGGTAAGGCCACATGCTTCCTTTGGTACGGCAATTAGAGTACGAGAGCCCGCGCCGATCTGGCATAATCGGTGAGGAAGGGATCTGGTCGATGGGTCGCACGTGTGCAACGGAACCGTCACTTAGTTCGTCACAGGTCGCGGCAAGGGAGGCCATTCGTGGGGGATTGCGCATGTCTGCGGTTCATAGCTTTAGCTGGCAGCCCGAGCATATCTTACGCTGGAACCCGCGCGAAAGTAACATCACGCCGAACCGTCCAAGTTAAATCGATCCGTTGATCCCTTGGCTGCGGTAGCATAATCAGTGTGGCCCATAGCGAGGAGACCTCGTACTCTTCTCTCCTAATAATGCCCCGGCGTTGGCAAAGCCAGGTGGAAGCGAGTTACTTGTCCATGCCCGGCCAATGATTTGGTAGGGATTATCTAGGTGCGTATTCGGGACGCGGTACTGTTCTAGCGTTATATAATATCACAACATTTTAGGACAGATCAGCCGTGACCGACGAATACAAGAAAAAGCGGAGTGGGCCCCCCGCCTGCCACGAAAGAATTAGCGTCTCTTAACACCCTGCTCTTTGGCCAGTGAATCTGGCCTCTCCACGTCTCCATCTCGAGGAGATGAACAGGGACGTAGAGACGAGTGCCTGCACGACGTGAAAAACACGATACTGCACCTAAGCGCGGGCGCAACGCAACGGAAAGAGTCCAGACACCGTTATTTCAACCCTCGAGGGTATTTTAGTCATTTAGGCGCTAGTAGTAGTGTTGGTAAGTAAGCCGGTGGTGTATCTACCGAGCCGTGTGTCCGCGCATATGAACAAAAAGCAGACGTTTGGTCGCCCCGGGCAGCAGGAATGTGAGCGGTTGCAAGTCTGGCTGATGAGTTACCATAACCACTTAAAGCCGCAAACCCCACTTTGGGGTTTTTGTGGCAGCATCTTTTGCCGAAGGTTATGGGGTCCTCCGAGGAGTAAGACGAGGGTAATCAACAGAAGGAGAGAGGGTTCGGTTAATCCTTGCCCCTTGTCTCATTCTGCCGGCGTGCCACTACGACATTTGGTGCTGCTGTTGAGTTCGCTCCAGTCTACTAGTGGTCGCCTTAAGGCAATGTGACCATAGCCAGTTAAAGGGGAACGATACTGGCTTTTAGGTGCTTGAAAGACTCCTGATTCATGCTGCCTATCTGATCGTCTTCGTATACAAGTTGCTCCCCAAGCATCCGCCGTCGCTAGCGGTCTTGTGTAAGCATGTCCAGTGGTCCTCGCTGAAACTAACACGCGCGATATTTGTCACAGGTTCCTACGTGAGATACAATCGCCATCATAAGAGTGTGGATATCCCTCCGATTACAAAATATGAAGCCGATGGATTCCACTATCGTCTTGCCGTAACAATCGTACCCAATGCAAGGTCGGCCGACAGGAGGCCCTATGTGATAT,1457,52.23,Drosophila melanogaster
SEQ_594339,CAAGTCCCCGAGGCGAACCTTTATCACCCATTGTTGGGACCGCAGCGAAGAATCGCCATGTTCTGTACCAGCCTAAAGGCCCATGCCAGGCCGACGGGCTATACTGCTCATCCCATGAGTGCAGGTTGACATACCCACTTTCAATATTAGGCACAGGGTGCAGGGCGCTAAACTGAACGTATCATTCTGCCGTCACTTTTACCTTGTATTTGGCGACCTTTAAAAACACTAACCACCTAGTATGCGGTTTGGGTGTATTGTACATATAGTGAGCAAACTGCAGAACCTCGCTCACTTGGACTGACTACAATATTTTGTGTATCACTAGGTAATTTATGTCGCGGCCGGAGCTCCTGTTCCAAGAAACTGGTACCGGGACACATGTGAGGGTCGAGGATAAGCAAGTGACCGCATGGGACGCGGTGTGTCCTCAGCAAGAACAGATTGCTTTATGAGAACACACTTATACCGCGCCAACCCATATCAAGGCATCGTATGTCGCCAAACGAGCTCTTCGCCTCATGCCGGATAGTCTTTTTCGGACAGATGTAGCTCCTGAACCCCCAGCGGTTGGATGCAATGCTGCAGGAATGTCTTTGATACGCTCGGTGATGCAGCGCAAAGTATGCGTAACGAGATTACCCCTCTTTATCTTGGAGTGCCAGAGCATATGGGTTTCGACCATAAGTTTCAGCGAATACACAAGGACGGTTTATCTGAGAATATGACTCCTCTGTATACGGGGGCCACCACTGTCTGTAGAATCTTGCCTCGTGATGCAGGATTTTGCCGAAATGGAGATGAGCACAAAGGATCACTTGCATGGACACCATAATGATTTAAACAGCCGGTACTAAGCAGTTCTGGGAACTAGCGCCCATGCGAGTGGTTTCCGCTAGTACGTTCAGGTTGTGTTCAACGAGCCCGATCCAACAAACCTCCATGGGAAGTTTTCGAAAGGAAACCGCATGCACAACTGCATCCGGTGG,989,49.54,Homo sapiens
SEQ_886976,GTGTTAGACACGCCCGCTCCGGTGATAAGGGTCCCCCCAGACTGATGCCTGTCACGTGGAGGATTGGAAGCGTTGCACCGTTGTCTTTGTACGGAATAACCAGGCTTAGAACCTGGGAGGTCACCGCATGGCGAACCTCGAGAACCTTTACGAGCAACGGTAAGGAGGACTCGGCCCTACCGAGCCCTGAATCAGATAATCGGCTGTCTGTCTAGACTCGTCATTCCAAGGAAGATAGGCTACTTTCATGGGCAAGCTGCTGCCTGAATGGCCTGAAATGGGAGGAGCACTTCGGGGTCGCTAACCTTATGCGACTTGGGAAAATAAGTGGCTAGCGTTCTCAGAGAGGATGACTTCGAAATTGAAAACGCGCGGTCCAGAAAATACGTGAAGGCTGTCGTCAATTACGACGAGTGCACGTTTCGACGGTGGGCGACATATTCAGGGAACGCTCCCTTCGTGCAGCTCCTGCGGCACGACTCACTTTATGAGTGATGTTGCTGCGATCCATCGCCTGTTGTTTGAATGCCGTCGGTGCAAGGCGATTAAGTCATACCCAATGCTCTTACGGCATGAGGCCAGCTCGGTGACAATTCAGTACGCATCACGGACCGCCCATGACTGACGAGACGCAATCTCGTAGATTCTGCCCCGAAGCTGAGAGAGGCTGCTAGTTGTGGAGCACTGTTATTTGGGTACTCAGATTTTGTACGGTGATATGACCTGGCCGGATATCACCCATCCGTCAACAGTTTTGTCATATGAGCTTCCGGCTGAGTAAGTAGCACGCGCGATCTTCCAGCAGCTTCGCGTTATCGCTTGTGGCAGACCGGTAAGACTGTAGGTTGTTTTCTGCACCACTTATAAATACCAACCGTCCCTCACAGGACACCCTTCCTGGCAGCGACCGTGAAACCCAATGTTACGCTAATTGTTTTCGAGGGATTCACACAGACTGATGTTTAGGAGTCAGGGTATTATAGACAAAGTGAACCAGTATGATGCCGTGGTGGTCTAAATCATCATTTCCGATCTATGAAGCACATCCGGCCGATGATTAGTTTCTGATTCTGATTCGGGCCTAGGCAAGGATGCCGAGACATGGAACTACCCTTCTATAGATGAAGATTCGCCAGGCGATACCGTACTCGCTGTGGTTGATACGCATGAGGCTTGACCTGCCTAAGATGAAAGATCGATCGACGCCAAACGTGTGGGGTGCGCTAAATCAACTCATGGTCCATGGCCGGGTAATGCAGTCTACAGGAGGGGTGGATTTATATGTTGTCGGCGCTGACATCTCACCCGTCGAAGTGTATACAGCACTAGGATCTCCGGGAAACAATTAGAAAGACTACAAACAGAGGCGGCTACTTCTGATAGGCCACATCGTCTCGTGTAAAGCCAGTATTCTCTGGCCACACAAACACATGCATAAATACGGTAAGGTGAGCGCGTTCTGTGGAAAAGACGAAGAGTATCGTCGATTGAATCTCACTAAACGACTTTACATTTCTAATCTATAATCCGAGTAATGGCAATACTGCCAGCGTTGCTGCACATTTTTTAGGATGAGGTTGACACGATCATGGAAACCCTCTTTCCACGCCCTCGTGACTT,1620,50.31,Caenorhabditis elegans
SEQ_712716,AACACGCAGGATGATATATCACGCAACGTCTGGCTCTCATACTTTCAATATCTAGACCTTTTGAGAGACTAGTAGACCCTATTACCGGAAGCTACAGCCAGAGATTCGGGCAGGGGAACCGGTAGTGTTGCCAAAACTTGTCACTCGTAGTTGTCAGAGGAGGGTGATAAGCCATTTTAACCCCCAAGTATGTTCACTAGGGTAAAGAATGTCAAAGTCCGAGTATGACCTAGCCACGCATAAGTTGGTTCACCTGATCCGCATTCTATTCTCCTACTATCAGGGAATTTTATACGCGGACCTCGTTATAAGTTCCAGGGGAGTGCGCGAAAATCCTCGGATACCACGAGGCCGGGAGCGTGCCTTGGACCTCGGGTCAGGGATTCGTAACGCGCGACCGCCTTTAGTATAAAGACGTGTACTCGCAGATCACTGCATAATGACTCCAATTACGGTTGATACCGTTAGGCGGGGGAAACAACCAGGGGGGCTCTTGATTTGCATAGAGTTGTCAGCTTCTCTTTCTGAGACAGCTACGCTGCGTAGTACGAAAGGGAGAGCGTTGCCCTCAGGGGAGGGCTGAGTACCTAAGATGTTCACCAGAGAACATTCCAGGGGTGTACTCGACCACTGTAACAACACACAGCGCCAGTTTGTCCGCGCGCTGAAACCACGACAGGGTTAGAGACGGGTTCTGCCCGTACCGAACATCCCTCAACAGTGATTAGCACTACCATCGTGTAAAGTTTTAAGGAGCACGACGTAACCAATTCTCCTCGACGGCGTCTGCCGTCATTACTGAATTGAGTTCCGGGGAAGTAGGAAGTGACGAAGTAGGATGCTCTCTATAGTAAAACTATGCCCCACGCGGCGCACGCCACATTTTGATCTGGTAGGGGAGAGTGCTAATGTCCGAAATCAGTACGAAGGAACGTCGAGCATGTTCAATGGCGCAGTGTGTTCTTGGACGTAACCCTCTAGGGTGGTCATAGATTTCAGCAGCGGAGATTTGTTAGGACTTCTTCTTAAGTGAACGCCTGGCAACGGTAGTACATGATGAGTAATAAACACGATTTCCTGAAGAAGAAAGTCGAACAACCAGTTCGAGCCGGTCATACACCAGAGCATTGGTATGTGAGTAGTTTAAACAAATTCTGGCTGAACTGTTTGAGTGTTTTGCACGTAATCGTGTTCTGTTAAGGCAACTGTTCTCCTTCCGCATCTCCCACCCGCAGTCGGCTCGAATACTGGCCGAACCCTTTAAGGTGCACGGAACTCCCTCACTTCTAACCGGGCGGTCCTAAACATCCGGGTCAGAACTGGTACGAATTCTCAGTGACACATACGGATTATCTGGATCATGCCGAAACTCGGCCACGTGCCGGCTTCTATGTTAGACATAGTTTCCGTGATTGTATCTAATCCATCTCAGAGACGAGAAAGCGCTACTGCGGAAGTGATTAGGAGGAACAGTTCTTTAGCTCTGACCGGGGACATTCACGCACCTAGTGCAATGCAATAGAACATTTAGAATAAGATCCTGACGCCCCGTTTCCTTTTCAGGCAAATGCCATTGCGACAGGCTGCTTCTAACCTGTACTAAACGGGAGCTACATGCCCGTAATCCTCAAGTACCTGTGGGGTTAGACTTTCCACCAGTCTATTCTGGCAAGAAGCACATATTCCTTACGCCCGACTTGTCCGCCCGCTTAGGAGCTTCGTCGTACTTAGGCTGAAGTCAGGAGGCTCATGAACGCACCATGTCGGGCGTAAGACCTATTGGAATCTTAGCTTCTGTTGACCACCACTAACCAACAGTCGATTCGGTCGAATGAATCCCTTCAGCTACTAATTGCAATGCTAGACCGTATACAGTTCTACC,1882,49.31,Arabidopsis thaliana
SEQ_737812,TAGTAACAGGCGATTGAAACACCATAGAGCCCAGTCGACATTTTAAAAGGGCTGTCTCAATTGTTGGAAGGAGTCTTATCGGTCGGGGGGCGAGTGGTCCAAATTCGTTGCACGCCGATAATTCACACATAAGCTAGGGCTTCTCTTGCCACGACATGGCACACAGATATACATGCTTGGGATGTTCGGTCGGGAACCGTGACTTTACCGAGGTCTGGTGGGCGTGCATGGATGGATGCCATACGTTTCAATTGGCCGTTTTTTTATTGAGCCCATTAGCGCACATGCACAAGTGTGTTCGGGAACATAGCGTAGTCCAGCCTCACGTCGCTTGACCAACCGTAAACTATTGTGTGGGTACTTTCGATCGCAGCTGTTGGGCCGTGTATGCTTTCCCAAACAACCGCCTAACAACGAACCTCCCGTATCGCAAGTTCTTTTTTGTTCGTTGATTTAATCCAACTTCACTCGGCTTCGGCAATAATCCTGACACGCATTGCACCCCCTGGATATGGCGAGGTCCCGAATTCTAGGAGTAGGTTGACAGACCCCTGACCAGATGCTATTTCGACTAGCTGTGATCCCCCACCTTATGTCCCTTCATCCGTACCCCCTTACCGCCTTATACTTATTGTCTCCAAGCCATAATGAGTTCTCCGCTCAGTAGACAGAGTAGATGGGATCTGCCAGCCAGCAACCGTGGTGCTAATCAGGCGAAATCCAGTTTCCCTTAGCGAGCATGCAAGTGGTCGCCATGAATAGGATCGCAGGTTCGCTAATCAATCACTCTGCACTGTGCCCCAGCGGCGTACAGACACCTGCGATGAATGTGACTAGTGACTCCACGCGCAGTCTGACGATGCCAGCCTATGGAGAGCTTTCACCGGTCTCGTAACGGCAGGAGTAAGGCACGACGCCATTTTGACTGGTTAGCTACCGATCAACGCGAGTATGTATCCTGCATTTTACCTTCCGGACGGTAGGAGTGCGAGCGTTGGTTACTATAGGCCGGAGTAGTCAGAACCAGTGTTCGCGGACCTGAGGATAACCTGGTGAACGCCGCCCTAAGATGGTTTTAGTCAGCGACTTGCAAGGTTTCAAGGGTATTTCCCCGATCCCGGGGGCCCAGAACTTGGTAACAGCGCTAAGTGGCTTGGGTAGGTGTTAGTTAAAACAAGGCTCCGCGACTAGCCTCTGACATGGCTAAGAGTGCGCTTGAATGCTTAACCTCCAAGTGGTCCACTGTAGGTTTGAAAGATAAACGGGTCTTATTCTCAATTAGGCCCTGCGTTATTCCCTGGTATTAGAATAGCGCCCTCGGAATGACTATCTAGAATGACAGGCTATCCAGACCACTCGAACGCCGTGCGCCGGGAAAAAGCGTAGGAGAGACTTATGTCTAGCAGTATTTAAAACACGCTTGCGCCGTCGCGCTTATCACGTTGTCGAGACTGCTAGTTTACAATCAGTCTTGCGTGACGTTTCGTTACACTGCGTAACTAGAGCAGCCATCAGTTGGGTCCCAATCTCCCACTTCACCCTATATGGGAAGTTAACTTACCAAGCAGCCTCGATGCCGTAATATCGGTGATCGAATAAGCTGCGGAGGTAAGGGGGTCACACAAGACGTTGTAGGCAGTGCTGGCACCACCCCATCACACGACTCCCGTGCCCTCTGGCCTCGATCTACCCCGTTCAAAAGGACCAAGATTAAACTTAGCTATAACCAACCGCGTTATCCCGACTTTACCGTGAAATAGGACATTTGATCAAGGTGCCCATAGAGGGACCTGGTGGCCAGCATGCATGACGTTGTCGCTGGTTTACGAATGCGGTGCTCCCGAATTAAGGGGATCCCCAGGGGCCTCACTACCACGCGGTAGCATAGCCCGCTCGGTATAATAAGCTGGTATACAGTCACCGG,1924,51.4,Homo sapiens
SEQ_497965,TACTTCTGCCCAGCCATGACCCGTTAGAGGACGATTCCTTCAAATCCAATAGGACGATGTAGTATACGCGAGTCCGCAGCCCACGAACGGATGACCATTCGGGTTGCCAAGATCGGGTGGGAGAACTGACAGCAGAACTCTAATGGGGGGCTGGTACTTCATCATTCGTTCACTACGATTGTATTAGGTCGAGGCCAAATACACTTCAGACCATCGTGGCCAATGAGGATGTACCTTCAGAAAAAGGCCCCAATCCTTCCAAATAGATGAGTATTTTATCAGAAGGAATTATGAAAGACTTAGAGGCACTGGTGGTACCGCAAGACGAGCCCAGAAGTACCCAGCCGACTCGCCACAGAAGGATCTTCTCTTCAATCTAAGCTCCGTGTTCTGAACAATCCCTGAA,406,48.77,Escherichia coli
SEQ_118580,TGACACTTACGGTTAAACTCTCCGGGGTTTCCACAAGGTAATATAGGTCCGACAGTCTCAGCCAGCAGCCGCGCGCCTACTATACCCGACGGCAGTCCGGGCCACGCTGGGCGAGTACCGAGCCGCCGGACTCATGCCGGCCAGTGGTCTTGTTGCACATAAGCGCCCGCTTAGGGGGGAATGTGCCCTTCATGGAAAAGGTGTCTAATCGGACAATTTGACTGGTAGCGCTCTGGACGGGTTGTCCTTTACTCGCATCTCTAAGCCTTGTAAGCCACTCCTCGAGTATCTTTCGACTCTGTCTCCGTACTTGAAAATTAATTTCCCGGAAATAGCGCCTGGACGACTATTCAAGCTATGACTAATCTCCACCAAGGCTCCTTAACTCGCTAAGCCTAGGGTCAGCCGCGGTTCTGCACACAGTTTATCATTTCGGGCGACTGGGCAAGGACCGATCGCATAGTGCGGCGCTAGGGTCTCCCTAGCAGATGCTGTCCCGTCAGGCAAAAACAAGTTTAGGGGGAAGTATTGAGCCGGTGCGGGAAACCAGACTCCCTCGAGTCCCTGGTATTTCCTCCATAGCGAGCGTTCCAATTCCAAACTGAGGAAGTGTACTCCAGTTTCTGGGGTTCACCTGTTCTTCTGGAGATAGCGAGAGCCATACCTTTACAACTACATATGTGCTATGCACTCGCCTCTCACCTGTTGAACGAAGTTGAGGGGTACTCCATGCCAAGCTTCGGAGACTCTATTGGGGGGCTGGTTACACGCCACATTGTGCATCCGACCTATATGGTCGGTCTTGTTCGAGCTGTACCCGCATCCCAAAGCACTGACGTTGGCAAAGACATACAAAAATTTATCGAAGAGTTCCGTCAATAGCGGAAGG,889,52.87,Saccharomyces cerevisiae
SEQ_992232,CAAGACTCTAATTGATAGTTTCACACCATCACTCAGTACACTCTTAGCCCGTTTAAGTAGGCCTCACTCATTGTCTGTAAAGGTATTTGATATGTATCGGGTGATTTGCGCGCGTTTCAACCCATCCAAGTTCGCGGGTACGTCCCTCAAAGCCAATTAAGCAACGCTGAGGTACGGATCAAGAACGATGACTGGATGCGTCTCAACGAGCGTCCTGGATTCGACCCTCATGAGTTACATAATGTCCCTCTCAGTGATAGATTCTACTCCAGTATGCTTTTAGGGAGCGCTAGTATATCACGTATCAATATTTGGATTGACGGGTAACAATAGTGTCGCGTCTAGGTAGGCAAGTAGAATACGTCTGTTTATAGGACATTGCTTATGTCTGATCAGACGCTAATTTATCGGGGCACCTGAATCCTCCCGTCTTCCCCAAGGAATTGAATTCCTGATATTATCATTTTCCGAGCTCGTCCGTAGATATCTCTAGGCCCATGAAGGAATGTAAGGTTGTTGGCGGTTGCGCAAGTGTCCTGGTGCGCTTCACGTAGATATCTATCAGTCGCGGCACTATCCTGCGTCATAGAGTTCACTCCGCGTACGGTCTGTCTTTGCACATAATATCACGGCGCTTGCACTGCGCAGCATGTCTACTTGAATGACTTCAGAAAAATGGATCTCCATGGAAGATACCGTAGCAACCGGTGTACGTCCCTATAACAATCCGATAGTCCAACACATACGTCCGTGACGCCTGATTTCTTGCTACGTTTCACCACGTACCTGCGCGTCCCTGCGTCAAGTCTACAAATAGGGCTACTATAACGTATCGCTCGAGCTGCGTGCGGGTGTTCATTGCCTGTGTACACTCAGTTATATATATCTCGATTCGTCCGTCTAAGACCATTCTGTACTCTGTTAACTCGTCACAAGTTTTCGGCAAATTTGAGAGCGGCTGTCCCCTAGCCCTTCTTCTACCATGCCTACGGAGTCGGTGCACTGTTTTTTTTCCTGCTTCGGGTGGACCCCCCCTAACACTGGATATTCGTCCATGCGGGAAACGTACGGTAGTGATAAAACTCGGGGCATTTGATCAGTAGATTACTATCGGACTATGAATACTGGATAACTTTAGCTTGTAGACCTGATTGACAAAGTTTAACCACTCTCCGCCCAAGCCATGCTCCGGCAACCCCCTGTTTCGCGAGGGATGTTATGCTATTTTCGCAGTGCGTGCTGTCCCGCC,1249,47.8,Drosophila melanogaster
SEQ_936569,TCGCACGCCTTTTTTATGTGGAAGGTGCTACAAGCATCGGGCCCGTGAAACCATCCAGCTCGGTACGCTGACTATTTCACCCCTAGAGGCGCGGTGGGACCTCAACATGTCCTAGCTCCACGCGACGTCCATTTCCCCGGTACCAGTGCCAGCCACTGCCTCTGGTTGTTGCATACACGACAGTCTGTAAGGGCACTGCGTAGCCTCCTCCTGGAGGTTGACGTTTCACTTGACCAATATATCCCCTTACAGGACAGTGTCACTCAAACGTGGGAAGGCTCAGTTTGTCTCTAAATATCAATTATCCCAGACAGAAGACTCACTTCTATCGTAAGATACCCGCGGGAAACAACGCCGGGCAGGGTAACTACCAAGAGTTTCTTTCCCCGACTATCCAATGGCGACTGTATGAGTCCCCCCCGAGCTCTCGCTTGAAGTTCCGTTAAGCCTATTTCTAACTTGTTGGACTTTCCGAAGTCTAACCGGTCCTGCCTACACGTTTACTGCATGTCCCAACATGTTACTCGGCCGGGGGTGGGACCGATGACAGTTACTAGCGGACATTTGTCGAGTCCTGTGCGCATATAAGATGAAACCACCATAAATGTCTCTAATCAAACTCTGGATACTCACAGTTACTCTCACCATCTAGGCGACTTCTGGAAGTGCCCGGTGGATACCTGGCGAGGGGAGGTTAAATACCTGTGAAGCTGGACGTTTTCTAGTCCGGAAAGCATGTGAGCCCAGCAGCTGTTACGTCGCGCTCAGGAACACTTTGCGAAGCTGCGACGTACCGCATAGACTTGTGCGTCTGTGATGATTACCGAAACTGAGACCTCATCGTAGCACATTGGGAGAGTACCCCGTGTCAGCCGACTGCGATCTAATCATGCTCGATAAAAATCAGGAAACTAATAGCGCTACTACTGTGGTTCCCTACTTAGGGCTATTAGGGTTCCTCCAAGAAGGTCCAAGTCTCCCGGACGCATGTCTGACTCGTGTGCCCTTGCCCGGGTGCATGCATGACTACATTATTGAGCTGTCGCTATGCATCCGTACGTTTGGCTAGAGAGATGCTTCCCGTGCTTTCTTGGTTGGTTGATTATCGTGTACCTCGT,1118,51.43,Caenorhabditis elegans
SEQ_882000,GTAAATGGCATAAAGGTGTCTCATCACCACTCTGTATATATAAGGAGCTGATAAGTGCTAATCAATGGGACTTGGAAATCGATACTTGATTAAATCTCGCTAAGAAGAGTGGCGTGAATCCCCACCCGGTTAGGTGCCCTGGCTAATTCTACACCACTTGGCTACATGGCGTGATATAACAGAACGGCCAGGCAGGGTTCGCACTCGTCGCATAACCTAAAACTCTATACTCTAAGCCATTATTACTATGGTTAATGGAGTCAAATTGCAGATCGCTCTGTAAAATCCCTCGTCTTGACCGAATGCCTCAAATAGAGCTCCAACAAGAAAGATGTATATGTAACACCTGCATTTCTTACATTCCATGTGGCGCAGTGACGCGGACGATCTATAAGGGGGGCGTGTTCCCAGATTCACCGCGTGAACGAGAAGTGCATGTATGAGCACCGCAGAGATGAACGCGTGTTGCCGAGAAGATAGAGCAGATACTGATGCCAGATTGTTTCTAGCCTGTTATTGTTCAACGGAATCGTCTTGAGCAGGGGAAATTTGACAGCTGCGTTGGATTAGCTGCACTCATTGGAGTCCACGCGCTCAACGAGCCGATTTCCTGCTGGCTTCCTATTGCTGGAATACATAACCAATTAGGCTATAACAAGGCCATCTTCTGTCAGCCCGTACATTAAGTAGACTACGTAAATCATGTACGTTCATTGAAACCTGCTTTTTATATCCATTAGTCCGTAGTCCAATCTACGTGCATTCAGCGATGCTAGGTATTGTTGTTCTGGCGCCTCACTTCTAGGGAGCCCCAGCAGGATACTAATAGGATCGAGGGCTCGTAGTGCGATCCGCACCGGGTGTATTACAGAATGACCGAGATCAGTAGCTTTGCGAATAGTGGACTCGTCGCCTTGAACGCGCACCACAATTGTTACGGTAGACACTAATTGGTACGAGTATGGCCTGTTTGCTGCGGCCGGCACGGAACACCGCGACGTCACTTTATAAAAGAAGAAGATGACCTGCTCCACCGTCCTAGAGACTCTCATGTTCGGGTCGGACCAGGGTTCTTAAATGTAACGCAGTAGGACCACCTGGCAGGCTCTGCACGGAGTAGATCAAGCCGTAATTAGCGTCCCAGCCGGAGCGACCTTGAGTGGAGCGTCAGGGACGACTGCAGTAGTATAGAGTGCTATGATCACCATTCGTCCTATCTCGAAAGACTTAGAGTCGGAATGTCATCAGATGACCAGGTTTTTCAATTCTGAGTCCAACCGCCGCCACCCTCCCAATGAGCAGCACACGTTCATAACGTTAGGCAGATTATTCTAACTAGATAACCTTCACTTGAGACATTCCGGCTACCAATTTCAGAGAAAAGTTGTGTAGACTGACGGGGTCGAAAATAGAGTCGCCCCAATCCAGTGGTCGCCGCATCCTCACGCCCTGTAGCGATCAGGTAAAAGGGCAAGGATGGAAATCCCTGCTGCACGAGTTAAGGCACCATGGGCATGCAGACATGTCCCCGTTAAAACAACTGTTGTTTAAGAGGACCCGGCCGCACGTGTACATAGCAAACCCTGAACATTGTGCGTGCTGAACATAACTCGCGGATTAGGTGAAGAGTCATGTACTAAGCTGCAGTGGTCCGGACTGCCGCGCGGCCTCTTAACGCTAGGAGGGGAATATAACGGGCACCCGAGGTGTTTGGTGCGCAGCTGACTATATTTGCTGAATTTTACTGTCACATACTTAAACGAT,1764,48.75,Arabidopsis thaliana
SEQ_309927,TAGTGCCTGAAACAACACGTACAGTCACAAGCCACCAAGACGAGCACCCTGCGCCCCGTGGTACGCCAAAGGGTAGCGAGGTTGCTATTCCGCGCTACGCTTCCAAGTACTAGTCAACACAAAATCAAATATTAAAGTCCAGAGTTTATAATGCCCTCCGCTTTCTGACTAGTGCCTTGCTGTTATATGGATGTGGGTCGAAACGGGTAGAACGTCGAATAGCAGGGATTCCGTGGCTTCCTCATCTAACTAGGGGTCCGGTCCGGAAACGCACGAAACATTACTTGCCAACACATCCTCCGCATGGCGCTCAGTCCCTCTACCCTTGACGGATGCGGGAAATGCCTACCCTTGGAAAGTGCTCGGTTCGAGCGCGCACTCTCACAGGTCGTGAAGAGACCTTCTGCAGGTCCTAGGCGACACCAGTTAGAGCGTACCGAAGCCTGCGAGCTATGAACACGCGGTGCCCTCCAACTGTAATATATCTATAGGTTGGAGCCAGCGGCAAACGCCTGTATCTGATTTAATGCTTCCCTTGGCCTTGCCCGATACTCGCCGGGTATATGAGCAGGTCCTGAGCGACTCCACTAGACTGGATGGGGGCTAGTTAAAGTGGGCCTAGCGTGCATGATCTCCCAAGCGTTTCCTCTGTAAACGCGCAAACAACTTCAATAAGATAGATCTTTGTATCCAGGACGGGAACGCAGCACAGTACGAGTCGAGAGCGGCGCCGGATTCAGAATGCCTGAAGCGGTTGTCGAGCCAGTCGGTCGGAAGCTAACTCTTGCACGGGGGCTCAATCGGTGTTGTTTGGACGTGCGAAAAATAAGTCACCGTGGTGCGGAGGACATCATAATTCGCAATCGAATAAGAACGAAACCCCGTTGAGCGTCCCCCCGTCCGGGACCGACGCTTTCTCCTTTCTCGCCAAGCAACTTGATCGCAGATCGGCCCTTGGACTTCTCAAGCCGGCCGGGTCGAGTGGTTACCAGACCATGGGCCCACGTCTTCTCCTTCCCGGTGCAATAACCGCGCTCTACTGCCATTGACTTTCTGCTTGCGCCGTAACAGAGGTATCGGAATTTGGTCATCGTGGACAATTTTTGGATGACTTTTACAGAATAAAGTTGACAGCGAGCGGGTTTTGGGGTGAACACATTTCGAAGAACAAACCCCATAAGCCGACGGAAGTCTTAATCTGACTGGCGTAGAGTACCGGGCTTGCGCACTGTGTGACATGAGAAGTTCGGTCTGTCAGAGCCGAGCCTACCGCCCTAGGGTCCTTTCAGGGTCTGGCCAAATCCTCGTGCAGCTTTCGATCCCGTGTGTGGCAGCGCTTTGAGGTTGGAGCGGTCTACAACCCTCCCGCGGCCATTGGTGGTACTGAACTCAAACGCGATCGGTGATCTTGGGGAACTATGTCAGGCATGTGCCCTGCTACTGTAAGCTGACGGTTCGTGCTCCAATGCTATCTGACACGATTAGTGTAGTGTTGAATCGCTGTAAACAGAGTTTCATATCTAAAATACCGTGGTCACCAGTGGTCTGCTGTAACGAATTTTTCAGTGATCCTTCTGCCTATGGAATTATGCCTATCAGAGTATCCACTTATCGTAAACTACAAACAACTGAATATTAACCTTAGAATGCGTTCGTCACTTTGCGTCCGCGAGCAACACGCTAATCTCCTTTTGGAAAGCAACGGTACCAGGCAGAGGCAGTCAAGCTCGAGCAATAGCATTATTTCGGAGGACCCTGCAGGGGCCGTTAGCGGCCAATACTCACAGGATCCGTACGCAGATAGCGCTGCTTCACTGAAACCCGCAGGCACACTGTGGCTTAGGCCTCCGCAGTAAACTTTTCTGGCGACACTAGTGCAGGCCGGGTCCAGTCGCTGTTATTCGCTCCCAGTTAATGCCCACGTGGCGTCCCCGAATTAGATTCATACCGAGTCTCGGATTCACTCCCCGGGGGCCGCCAACCT,1984,52.87,Saccharomyces cerevisiae
SEQ_584588,CAGCGATAGGGCACAATCTCGTATGCTGAGCAGCGAATTACCATTCTTCTGTATGCACCTTGAGTGCTGCGTACTTCTAGACGCTGGACGAAGTGCAACTTACCATTTGTGAGACTGCAGGCTTGAATGCCTATAGGTAGTTATAAGGGCGCCTATCTGTTATCACCCATTTAGAAGTTAGTGAGTTCCATCAAAGTCTCGTCAACCTCTAGTACCGAAGACCTGACTGAGTTCGTTGTACCTGCGTTCTAGTCTCCTCAACATATAGTGTGGTGTACGACGCCATTGACCGCAGCGCCGGTGCTGTTTGTGATGACAATAGTATATAGGCTAGTGGGCACCCGTCAAATCTCGTAGCGTTTGCATGCATTCGGTTTCTTACTGTCTAATGCTCTTTGCTGTCATTGTGATCGGTTCGTAAGATGATATGGCCTCACGACCGCGAACATGGCACTTTAAGTAGACGTTGACGAAATACGTAAGCGTCGCACGAGGTTGGTTCTGATACCCATAAATGATGGCGAGCCCGCGGGAGGGTCTGACCGCTAGCCTCGTCCCTTTACCCGAGGCCTCCGGCTGAGTACAGTATAGGCCGACTCGCTGCTGCGGTTTATTTGGCCAGGAAACTAAGCCTCTGGCAGGATCCCTGATCTGATCACCAACCATCAAAACGGAATCCTTTCCAGAATGCGACGGATTGCACGAGGAGTAACGTTTGTGTTGGTCCAAGCCACCGCCCTCCGTTCGCGCAGACTTTAGGAGCCCCTTGTGGAACCCATCGTTTTGGGTAGAGATTTAGGCCACTCTGGTGTAACGGTCCTATGACTAGAAATCGTCAGCGCAGTCCTAAGGAACGAATGCGGCATAGAGAACAACTTTGTGATGAGAGGGACCACCCCCATGAGCCGCGCCTTTTACCGGGGTGCTTAAATGAACTCTATCATCC,946,50.63,Homo sapiens
SEQ_254547,GCTGGCCCGCCGAATCTAGCCTCATTATTCTCCCAACCCTTCACCGGAGGCTGGGTAGGACCCAATCTAGGGCGCCGATAGCCTCCTCGATGCGCAGAGGCACCCTCGTACGGTTGCTTGCCGCGTAGGCGTCACTCTCGTGACTTCCATTCTTATGCTTGCTCATTGATTGAGGTGTAGACGGCTATCTTACGCGGGTCTTCGTTCGTGCGCGGAGCTGTCCAAAGGCATCCCTATAGGATAGGGGGCCATTGCACTACACATCCGTATAACAGCAAGTCGTTCACTCTGCAGAGTCAGGGTCGCATCTGATTCTTTCTGGGTTGGAGAGAAAGCTGCGAAAGTTCCGAAGTGTCGAGAGCTCCGGTCCGTACACGTGATGCCCCAACGGCGATGGGACACTCTCGGGGAAGGGGAATCATATTATGCATTGAATGCCCACGAGTCGCGACAGAAGCTACTGCGGTTGATATCTCAATTAATTGCAAAGGGTCCTAGATCGGTGATACTAATCAAGACCGAGCCGTTCGTCGATCCCGCTCTCCAAGGAGACGTGTATGCGATCGCATCAACTAGTGCCATTAAAGACTAAGGAAGTAAGACTTCGGCCGTCTGGGCGTTGCACGCAGAGGTATTATAATCGAATTTACTGACGGCCTAGTTTGGATTCATCGACTTAGACAAATTAGGCCGGGTTGTACAAATAGAGCATATTCAGGGGCGGGGGACAAAGGGTATGAGTAGCCCTAGTTCCCGTCCAGTGCATGGT,769,52.8,Escherichia coli
SEQ_886121,ACGTGGGCGCGTATAGCATTGAAAGCGGGTAGTTTTTACTGGGCTTCAGGAAGCGCATGGTGATGGGCAGTTCATGGACGAGAAGAAATCGTTACCACGTGGTCCAAGAGGTTGCCCTTCGCCCGCTAGCATAGGCTCCCCATGCTAGTCTAGATTAATTCATGTATGCATGCCCGAGCTTCTCCAACTTCGTAGGCTCAGCACGCGTTACTTTAGATATTAGGAACAGACAGGGCGCGGCTAGATGCGCACAGGGCGTTCTAGGTTATCAGAGGTCTTTTTAAGTGACAAGCTTCCTGAAGATGGAATGGCGATTGACACAGTCATGAATCTAGACACGCGGCGCTCAGTGAAGGTCAAGGCGACCGCTAATATGAATTATCAACCTACCTCAGAATTGATTGGCACCGCAGGTCTGTCGCTTCCAATACGACCTGGTGACTAGGTCGGCAAGGACCCTGCGTTGATAGTGTACGCCAGAAGATGTAGTCTCGCTAATACTATTTCACGGGGTCTTACTTGGACGGGCGTGTAACCACATTGGTAGAAAAGCGTCCGGTTAGCAGTGCAATGGGGTCCATGTTGTGGATCCATAGGGAGGATACAAGACGCGCATAACTTGGAAGTTGGGTAGGGGTCCACCATGTATGTTAGCAGCTTCTCCGTTGGTAGTAGTTTATTTAAGTGGTTTGATCGGCTAGGATTAGTGTGCCCAGAACTCTCCCGCCGGCCCAAGTCACTTAGCCGTAGCCCGCGGAAAACGTACAGCGAGCGAGATTCTATGGCCTTTTCTATGTAGAGCTTATCCCATTCATGACATGCATGCGATGCCCCTAACAATTAAGGCCTTTTTGGCACCGTGTGTAGCAGCGACACACACGCTCAGTTGACAGATGCGCAGGCAGATTGTCTTTTTAGCGCGAGGAACGTCTCGCCTAATAATCATCGAGATGAACGCGAGCCCATAAACCGCAGCCGAACCGCGAACCCGATGTTCGCACCACTGGGCAAGTAGCTGAGAGGATGAGCGCCCACTTACGTGTAGTTCCTCTTTATCAGCTCTGGAATTACACGCCCAACTGAGGTATTATGAATTAATAGAGGTGTGTCTTCTCGCAGGTTAAAGTCGTTTA,1133,50.4,Mus musculus
SEQ_933324,GCCAGATCGCGTGTTACAACTATAAGGAGTAAGGGGCTTGGCGCATGAAACCCTTCTCCATTTGCATGAAAAGTTAGGTTCACCCTGAAGACCCCTTTGCGACTTGATACTATGATCACATTCGGCCATGCTATTGCCGCAATCTAAACGTAAGTCGACCCCTGCGAGATTCCAGAAACAATTATCATGAATACGAGTAAGTACGGTAATCTAAGGACAAGCCGACACGGCACACCTGGTACACGTAAAAGCAATGATACAGCGCCGAACTGCGATTTGGCAGTACACTAGGCGTCGTACTGCACTTATTAAGAACCCCGGGTGTCTACGCTAACAAGCGGTAAAGCGAGACGTTAACAATTCGATAATTCAGTTGCGGGCGATCATGTATCCTAATCTTGTGTCGGGTATGAATTGGAGGCGATACGCAGACACTGGAAAGTCTGGAGCAGCGTCCCTAACCACGATATACAGACTCGATACGGCACTCCCTTGTTTACTTCTCAGAGAGTTTCTAATGTCCTCCTGAGATGACTTGTTAGCAGAAACTACAAGGCATTTAGAAATAAATCCCGTGCGATCACCACTGTCGAACGAACCATATAAGGTGCGGGGTTTAAAGCTGTGATCCTGAGAGGGGACC,643,47.28,Escherichia coli
SEQ_681440,ACTTCAATGGACTGTTTCAGAAAATGTTGCGTATGCTAGGCAAGTTGTGTCGCTCTTTAAAGGTTCCATCGAGGCTAACTGTGACATTAACAGAAGAGATTGCACATTAGCTGAATCCACCAGACGGCGGAGGGTACCTCAACCGCCTGCCGTAACCATCGTCCCAACGGTCATTCTAGAGTTTAAGGGACCGGGCCGTGTAGAGCAAACGTTGCGATGGGGAGCATGAGGGAAGGCCTGCAACATTCACTGAGTCTAAGGCATCTCTCCTATATCTCCAACGGCCACCTTGCACCTAGCTTCGATAAGTGACGCCAGCGAGATACATCCTGTCATCATTACATCTGCAGACAGACAACTCCAAACGGATACGATAGGCGAAGAAACCGCGAACATTGATCTCGGCTCTTCTAGTATTTCTATCTTAGTTTGGCATTTGATCATTTTGAAATGGCAAAACGATATGGAATGAACGCTAATTGCTTATATGAAGTACTGGCTTCATCATACACTGCCTCGAAGTAGGAGCATGCAGCTCAGAACTAACCCAACTTCATCCCGTCACGTCGACTACAACACGGGGGAATATTTTGCACGGGGATGTCTGCACAAGGACAGAGCCGCCGCCGATTCTCTGGGCACGCCGATACTCAGTGTTAACTCGTTGATAATGAGGTCTCCGACCCATCATGGGTCAAGCCTCATGACGGTCCCGGTTTGTCTATATAGTATATTTAGACACTCACAAGTCAGCCGTAGCAGCCGTAAATAAGGAGGACTATATTGTGCCCATCTTGCAAGCCATGCATTACCCCCAGGGACAGTTTGATGCCCCGGATCCGGGTAGTCACCACCAAGGTAAAAGCCCCGACGTCATGGCAAACGCAGATCATGTACTACGTTCGACTACGGTGTAGTAGTTGCCTATACTCTAAGCTCAGATCGCTTTCACGTAGTTTCATCTTACAAACCAAGAACTTATGAGGAGTTGAATGGCCCCCTCTCTAAGACGCGGGCTTATGGTAAAGAGTAAACAGGTACGGTTCCCAAGTCGGTGAAACGATATACCCTACATTCGTGAATCATGGGAAGAGGGTTCTGCCGCTATCTATAAAACGTCGTGTCGTAGGGAAGGGTACTGCGACACAACCCATCTTACCCAAATCAACAATGCACGGCGAGAGTGGACTGTATCCGTGTAGCGTCCTCTAACGGATCTTGCTCC,1225,48.65,Mus musculus
SEQ_479573,GGGCGATGAACTAGGCACTGCTTTAGCGGCTAAGTCAGATATGGTTTAGCCCTTCTGGTACTGTATATCGATTGTTGTGGGCACATCGACACAGAACTCATGTCGGTATTTGCAGTGCTCTTTTTAACACTCGTCTGTAGACAGCATACAAGGGGGGGGACGTCATCACAAGTAGCTTCCCCCGCGGTATGTTTTTAGGCTAGTGCGCTCGTGTAATACTCTGTTACTATCACAGGTGGTGGACAAACATGTCCTTCGTTTACAAACTAAGAGGGTTGATTCTCGGACGCTGATTAAGTCTTGGGATAGCGTCGCAGTACTGCAAAACCAGCCCACGTGAGGAGGCATTCATCTGGAGCTCACGGAACATCTCCACAGGGCGTTGCATTGATCCTAATGATGACCGACCTTTTCGAAAGGATACCAACGCTATCTTATGGGAAACTCCGACAGTCGGCGTCGGCTGTTTCACTAACAGTATGCCCTATCTTACATGGCTGAGAATCGGGTTGGTTATTGAACCCGAATGCATATTGTCAGAGTACTGCCGGCCTACACGGCTAGGACGAGGACAAACAATGGTCTGAGCACATGTACTAACGCACGTGCTACAGCACTACGCCGTCATTGCGTGTAAGGCGCACACTTGACAGAACAGGAGTTGAAAATATAAAATATAATCACGCATCCTTGAACTGAAGAACACTCATACTCTCAGACCCTTCGATGTCTGTCGGCCAGGGCCCCGGTTGACGTGTGCCGGAGCATTGTTTTTATGCAGCTCTATTTATGTTTCTCTTCAGAATGGGGCCGCATGCGGTTATCCTCACGCCCTGAACCTAACCGGACGACGCGTAATCGTGCAACAATACAAATTGTGCCACTGAGCAAGATGAACATCCAAGTTCATTTGCCAATAAGGATTGCAATAGGTGCGGGGCAGCAAAGATAGGGCATGTTATAATAACCCTCTCGAGATCAACTTAGTTACCTACTCGAGGCGATTGGCAGGGCCACACCGTAGGGGTTTCCTTATTCGGGCTTAACAGGCGCTCCGCATTGTTCTCGGTCTCAGGACGTGATTGAGCGAAGGCCAATGGCGTCCGTGTAGGATGTATGCAATCTCAACGCCACTTCCGGACAGGCGGCAGCTTACTCGCGAGAAATCGGCGTTCGCTTCTGTAAACTGACCACGAGATCTAATGACTTGTGCGAGACTTGGAGAATTGGCCTCTTCCACCAAGCGGTGATACATAGGTAGACTCCATGTCTGAGAAAATCTGATAATCCGAGTCCCATCCAGAAGTGAATAGCTGCAATCGCCCTTCCTGATGTGTTCCGACGAAAGACCGAGGGTAACGGGAATTGATGCGAGATTATCGTATGCTCCGTCCTGTATGTCAGAGTTGGTGCAATCACCCCCCCCCAAAGGCTCGAAACCGCTGTGTTGCCTAATAAGCTCAATACCATGGTATGCCGGGTCCTAAGTCCGGGATTAGCCAGGAGGTATGTGCGCTTATGTGGCTTTTGGGTTAGTCGACGGCGAGTTTTGAAGTTGTTATCGACAGCTGAGAGTCTCTGCAAAATTACTTCCGCAGGTCGCCCTAATTCCCTACTAGTTCACTGGACTACATTGGCCCTCTGTAGATAGAAGTGATTGTCCGTAAACGTGATGCAGCAGACTTCTCCCGGTCTCCATGTGCTGTATAGTTATAGACTAGGCGATTGACAGCCGGTCAAATGAGGAATGACTCGCGCCGGGCGCCCTGGAGTGAGGAGTCATTCGTCGCAAAAACGAGTCCTGGACACTGATCGTCTCAGGCTGCATCTACGTGATGAACAAGCGCACTGGACAAGGCCCCGGAAATAACATTGCTACTCAG,1883,49.97,Homo sapiens
SEQ_863067,CCAACAGGAGGGGCCGCTTGTCCCATTTGCGCTGATAATGGTTAAGCTAAATCGGCCTGAGGACTGCCCGCGACCTATTGTCGACGGGTCCCCCGAATTTGCGACGCAACTCATTCTTGCAGAATGCTTGACAACTCTCTACAAAACCTATGCGCTGTATGCCGATGTTCGGCAGAATTGCTACCTTCGATACGAGAATAAGACAGACCCACACTATGGGATCGCTCAGTCTTAGAACGGGAATGATGTCCCGGATGACATTTCGTTAGGGTTCGCAACATGCCCCCTGTGGTATCTTCACTAGTTCGTCAGCGAAGGCAGGAGGGCCTATCGTCCTGAGGCAAACCGGTAGGCGTCGGATCCAACTGTCAACGTCTACCAATGGCCCCACTCACCAAGGCGATCGTCCTCGTGGATAGTGGTTCGGGCTGCATTTTTCGGACAAAATAGTTTTTGATCTGCGAACAACCACGCACACACAAAGCGAGCTATGGCACTGCAGGGACTGTCTAGAAGAGCCTAGTCTCCCTGGAGGACCGAGCAATACCTTATCGTTGTTGGGATAAGGCCCTTCGGTGGTACTCCTCATAAAGCATGGTCGCTGCGACGAAGGAGTAAGAAAGTGGAGCTCTTGTTTCAACTGACCATTATTATAGTCACGTGGTCGTACGACGCGTTTCGTGCATCCAAAGTCGGTTCTGGTCTGCTTGTTGAGCTACGCTAAACCGAATAGCACTGTAAGGCCCAAACTTCTCATAACTCGGAGGGAGAACCGGGATCAGTGCGCTTTAAATTCCGCGGGGAATGCAACTATCATGAATTAGACAGCTAGCTGGACTTAAGAAATCTTTGACTATTGGTCACGCTTAAGATATGTTCTTAGTCGATGCTACCGTTGAAGACAACGAGATGACCTCCCCGTTCAGAAGGAATAGGGGTTACCCTGGCAGGGATGGAACGTAATAGACACAAGCCCGAACGTCAATCTTGTAGTAGTGGTACCTAGCCATTTCCTACGGCCATGATATCATGGCTTGTCCCTATTCTAGTGTTACCTCCTAGCCAGCAGGATACGAAGCAGAGGGCATATTTTCGCCAACTAGGACCGTACCAATAATTGTTTCAGCACCTTCCGGGCATCGGTACAACATTGCACGCTATGTGCATCCTTGCG,1174,50.26,Arabidopsis thaliana
SEQ_368472,CAGGAGCCTTAGCGGTCCTGACGTCGGGTGAATCGATTAGCAACGAGTAGGTTGGACTACATCGAAAAGAGGCGTACGCACTTCGTGGGCCGAGTTTTATGGGACTCCCCACCCAGCTAGTCGCAAAGCCTACTGTTTCTGATAGATATGGTCTAGTGTCATCAGTCCACGTAACACACTACCAGCAACTTGGGAAAACAGGGCTCGTGGGCCTGACTCTTTAGCATACGAAACAACGAATCGTGATAAAAGAGCCGTACCACGAAGGTTGCTACAATGCATGGCCATGTTGGTACTCTTACCGAGCTTTACCCCACTGAATGTTCATCTGCATAGCCTCAGCACATAGTGTATGGTTCTGCCCCTGGATTATTATTCTAGCCTGCACTTCTATGACGAGACGGGGATAACACTGACAGGGCGCGAGGAATTCCGACTAAAAGAGGAGCATGTACCCGAACGTTCTGGACCTCAGCCCTGCTCGAGGAACGTCCGGATCCGTTTGGGACTCGTTCTTTCAGATCAAGTCCATGCATTTTCTAACATCTGAAGTCTGTAGTGGTGCAATAAGACCTCACATTTACGCTAACGGTCCTGGAACGCTATATTCCCGTCTGAGGAATTCACCACCTTCAGGGCACCTACCTAAAAGGGGGATAACTTTCACGAGACGCAGACAAAAGCTTTCGAGTGGCCGGACAATCCTCCCGACACCGTAATTTTCACTTTCAACTGATTTATTGCACATGGGGTTACCGGGCATAAGACTCGAATGAGGCTCCCAATTATGGCCATGCAATCAGCCCCTTTCGCGCCCTATAGTTACAGGTCAGTTGTTGAAAGATAATTGGATATGTCGCTGGAGATTAACATAAGCAGCGAAACCATCCGTCGCCTACATCAAATATCTGGGTCTTGGGAGGAGATGCGACATAGGTTATACTCCGCCATTAATAGTGTGCGGTCACTATCTTCTAACCTCCAATACGTAAAATAAATTATATTGCTTGCAAGCATAAATTCATAGCCACAGGGGTCTCAGCGCATGTATACCTCCCAGCAATACGAGGGAGACGGTCTGACGGTTTCCCAGTTTACAAGAGCCCAAAAAACCAAGCGAGCGAGTTCGCATATTTCTACCAACCCAAGAGCATGGGAGAATAACCCCGCGGAATTCAGGAGAGGTAAACGGCTAATTTTGCACGATGCTGACGTCCGAATTAACAGTGTTGCTAGAGTAATGCTCTAGGTCGTCTGGGGGGGCTCCAATCGATTGAACAACGCAGCGACGAATTAAAGAACCAACTAGGCGCTCCAATCGGCTCACGCTTGATCATATGATGTGTGGTCGTTTACCGCAATTAATCCTTACCTAGAACAGGAGAGGGTGGTAGTGAACGGGTGCTACCATTGAAGGCTTAAATAGTGTGAACCTGTTCATTGATACGGGCCATCCGGGTGCATGATTAGTAGTCAATGAGACCTCCGGATTGCGGAAGTAGTATTGCTAGCTCTTTGACGGGTGTCGAGGGGCAAGGATCCCACGTGCGACGGCCTACATAAGGTAATCTCCTTATC,1578,48.61,Caenorhabditis elegans
SEQ_877677,CTCTAGCAAATCGTGACTCTGTCCTCTGGCGGGTCTCTACGATAATAATTTCTGAATAGTGACCCGCCAATAGTTATAGTGAGCACTTCGCTCCCATAAAACCACAAGCTCCCATTCTCCGAGAATGCCAGACACAGCATTAGTATTAGACGTAGCTCTACTATAGGGCCAAGATCTGTTAGTTGTAAGCCACCCATACGACCGGTGGCACCAAATTATGGTCCTCCCGAAGCTCTCATTGAGTATGCACGTACGACACGATGTGTCACGTGGCCTTACCTCCATCATTTAACAATGCTAAAATTATCCTATCGAGACCTGGGACGATGAGAGCGGTTTCCTTAGGCACGATTTAGGTAAAGTTCGCCCGGCTTGAGCTCGAAAATACTAAGGACCGAAGTCTGGTGCTGGTTGATAGCTTGGCACACATCTGGGATTCGTGAAGAAAATGCTAGACCAGATTGTCCTCGTATCGCCCTCACGACGACCATCCAGTGCCAGAAGTTGTTAGCTGAAAATTAGACCGCGGGACCTCCGGTAGCTTATCCGAATGTGAGCAGATTTAACAGTTATTCTTCTGAGCGATGCGTCAGATGAACAGTATTCGATTCTAGGCTAAATCTCCGTGCTATCAGAGCCCCTGGGCGACTCGCGTGCTAAGAGGTCCCGCTACATCGTATGACGGGCACGCGAACGGGTTGTGTACCTTTATGTCGTACTCATATCAACTGCTCTGGGGGGCGACGTCAGTCAACTCATATAGCACGTAACAGAAGGGTGACACCTGAGGGGTGAACCTTAGGGATCCCCACCGTGAGCCATGTTCAGTTACTTGTGCAGGCGCAAGCGTCGCTCATGCGATTACTCATGATTCCCGTTTGATGATGCGTAGATCAAAGTTCAGATGACTTGAATAGTCGGATTCTACATTACTGGCGCCAAAAAACCACGCCGGTCGGATGCTGATGATTTAGTGTATTGCCATAGGTTGATGTTGCTGCGATTACAATTCGGGGGATGCATTGCCACCCCTACTTCCACGTATGTTTTACAACTAGAGTATGTGGGCGGAGAAATGAGACAAACGTGGCTCTTTGCAATCGCATACTCTAGGGTCCTGTCACCCTGCGAGTAACTGCATAATTCGGCTTTTTCACACTGATATCTGAACGTTTATCTTCCATAAAAAGACGACGCGTTTATATAATATTGCCCGAAGAACGGTCTGTGGGACAAAGAATTTAACTGCGATCGTATGAGAACCCTCGGATAGTAAGACGTAG,1283,47.93,Arabidopsis thaliana
SEQ_483487,TTCTGTCGAGTAATTGGATTAAATTTCTCTGACGGTGCCGTATTCCATTGTGTCACTTTTTCGAATGCTCGCCGCGGAAAGTGATCCCTTATCATACCGATCGTCACCGCGAGCAAGCTAGACGCAATTGGCGTGCCTTCGTAAGGCTCTGTCCCTAGCTATGATTTCTCCAAACAAAACGGTAGTTAAGTGCGTAGTCTCCTCCTAAAAGAGCACATAGTCCATCTCAACGGCCCGAGGTGGGCATTTGCGCCGAGTATAGCCTCCGCTGCAAGCATCGCACCGCGTACATCCTGCAAAATAGGCGGCCGGGATTAGAAAGAATCAGCGTGAGTGCGGTGGCACACTAGGTAAGCGGGCCCGTTATAGATGGGTAAACAATGGGAGCCTTTGTGTCCTGATACCCTTTGGCACAGTCCACTATCCATATGTACCCTAATCTCAAATATAAGCACCGGCCTTCTCGGGCTGCCCTCTACTGGTTGGTCTTGTTAGCTAGTACACTAACTTATAGCGACAAAGGAGATCCGGCTCTGAAGCCGATCAAAGCCGCGCGAGTCGCAATAAAACATTGGCATATGTTCCTGCTAGCCTATAAGCTTAAACACAGGGTCAAAAGGTACGTTATAGCCTTGATGCACGGACTCCGCTACTATAGAATACGCTGATTCTGGAACTTTTTAATGATTCAGGGCCTAGGCACAGGTGGTATGCGGAGGCCTTTTTTAGTAAGGCTTTTGACCAACGGTGGCGCCGGCACAAAACGACGCTTTCTTACCAAAAACTCGTACTGACATAAGAGGGGATTCTCACTACCTTACATGGCAGCCGGATCCGCCACCTAGATGAGCGGGAAGGACTAACGATTAGGGGGCGTTCCAACGTGCAAGCTTGCTGTAAGTTGCGGATGCCAAAGCGCCGCGATAAACTGTGGTCTTGATGCTGACCGTGCGTCTGCTTACACATACACAACTTATGAGCAACGATCGACACAGCTGCTTCAGTCCGCCCTTTACGCGACGAACCCTATCGAGTGAAAAAATGAATTGTCGGCCTTAACGTCCTCCGCTGCTCCACCTGAGAAGCCGACTAAGCGCGATTGCTAGGTCAGTAGCTGTCTTGTAGAGGGAGCGAACGCACACGGTATTTTCTCTCGACCGCGAAAGAAGTGATTTGATTTGGACTTCGGTCACAATGACGAGGGAGTTTCAACAGCGTTCGTATAGAAGTCATCGTTGTGGAGCCGAAGTATAAAATAGGTGTAGGGAGATGAGAGCAGCCGATTGATTGTCTTCAATTTCTTCTATAAACAGGCTAAAAGGCAAATGGAACCTTCTCGGCTTCTAAGATTCCCGCCGCCCGCACGATACTCTACTCAATGTTATTGACCGATCGCCCTGAGTAGCTGTGGTGGCTATCCATGCGATGACACTGCAGCCACTTCCACGCGGGCTCAAAATAGTAATGTCGTTCAAATCGCACTGGAGCACATTGCTGTTTTTCTTGGCTTAAGTGGCAAGAACCCACTTATCGTCGACACCGGGTGGCATAAGATGCAATAGCCGAGGTGAGGGCTTAACACGATTGTGTATCCCCGGCCACGGACAGACTCGGCTCTATGATATGATTCTCCGCATCCAAGGCATCGCCTCTTGGCGAGAGGGCCAGCGTTATCAGCCAAGTACTCCGTGGGGCCCGTTAAATCAGGAGGGATGCCTCTGCGGAAGACTTTGACCACGCCGGGGAAATATAATGCCTGGGAACCCGACGGCTCTAATAAATAATGACAGCTTATTAGGCTGCTGACGGATGGTTGCGTGGACCGAAATAATCTACCAGAAGGTCTCGAGCTTGTCAGTTAACCTGGACTTCCGCGCCA,1879,50.4,Caenorhabditis elegans
SEQ_858497,AATGGACAAGCATAGGTCTCCAGCAGGCTACGAGACCCTGCTCTGTTGTCCGCCGATCGAACTTCCTGTAAATACGGCGTAAAGATCGTAAGGTAGCAAAACGTAGCGCGCCAGGGTTCACGATTCCGCTTGCAAAGAATGTTTGGGGACCCCCTTCCAACGATTTTGTTCGCGACAACAGGCCGATCGGGGCGTTGGTTGATGTTAGATCGTCCAATTGAAAAATCCGCGGGCCTACAAGGTGTTGAGAGACTCTGTAACCGCCGGAAGGTATTCAGCTTCTAAACGCCTAGGAAAAGTATTTGGTTTTCAAGACTATTACGATGACTTTCTAGATTTCCACTCGGCTCCCCCATGCAACTATTCGTGAGGTTTTCTTCCGCTGGATAAATCCCGATATAACTGCGCAGTAGGAGAGCAAGTTCCACATAGCGTCTCACCCAAATGCTAAGATCGTGGACCGGTCGCGACCAGGGTTAGATTGCCGCTATTGAGGATTTCTATAACTCTTAGCACAATTGGGCTTGCTGCCCTCGAACCTTTTCCGTTCGTGACTCTAAGGCGCGTTAAGTACGACCCGGTGATATTGCTGCAGTTAATCGAGAGACTGCCGTTCATTAGCCGCCCCTTTGGTCGCCGGGGGACTGCCGGCCATTAGGCAGGTTACATATTAGTAAAACATGTGAGTAACACCCAGCAAAACACCCCTGGCGGCCAACCCTGTGTAATGGATTTACCGCCTTTAATGGTGTAATGAATGTAGTAGACGGCCTGAAATAATCGTACATGGGTCGAAAGGGCTAATGATACGACGGGGCCCGACTGGCGGGACTTTGAGCGTCTATGATGAACGCAGGCTTCCGCGCAGTCTTTTTCTTTTAAGCCCACTCGACGCGCTCATTTTAGTCTCGTGTAGTATACAGACCCGTCTCCAGTGAGCTAGGTTTCAGCACGTCCAATCAGATTTGGGCACCAGCGGAGGTCATGGGACGGGGGGCCGGCTGCTATTAGCATCTTTTCGGAAAGTTCGATTCGTGGGGGTGACCAGATGCCCACAGACGCAAAAACCGGCACCGCCAGTGGGCGAAAATAGGTACCGTGAATCTTTAGCACAGTTAGGCGTGTGAATATGCGGTCTAATTCTCCGGCATAATAAGTAGAAACGAGTGAGAGGTTCTTTAGGATCATAGAATGGAGTATGGGGAATTGTCAACGTCGCGCGTTTATCAAAATAGGCCTGGTTCTGGTGATTCTCATTGCACTAGGTCTGCGAGATTAGTGAGGCATACCCGCCTTACTGGGCGCCCCGTCTCTAGCCAGTACCAGGGTTGGAAAGGTGAAGAGTTGACCGCGGACACGCGTTGCAGCGAAGTTAGATAAATCCAGACAGCGGGAGGTAGCAAGCAGTAGTGGTGTAAGGTCCTGCGCTCGAAGCGGCGCTGGACATGTACGGACGATAACTTACCGCGTTCGCGGGGGGCATCTGTCGTTGAACCGTTTTATCCAATAATACAGCTCGCCTAGAAGCTTTAAAGGGCTGGTAATTTTCTTATGGCGCTAAAGCACGAATGTTCCCATCCGCGCAGTATGGCTCGATTGATCGGGAGTCCTCCCGAGTTTTGTGTCTAAGTGGTTATGCGCGTGTCCACAGAACCAAAGGTCTGTACACCCGAACCCCACATTAGATAATCGCGATGATCCAGGCTCAAATTCGCAGTGTGAACCCCAAATGTGAGGGGTATCTTTTGATTAGAACTCATGCATCTACCCCCAAGGCAGATGTGTTGACGTTGACCAGGCGCACAATCAAGTGCTCCGGATTGG,1824,50.88,Homo sapiens
SEQ_956455,CATCTAGCCGTGGTTCGACAGTACTAGCTCAGGTTACCTTTATCATCGTAGAGGTCCGTCATTCACTAAAGCTCGTTCGCTGTTATCAGCCTATAAATCAACGAACTGCTCAGCTGTTAGTCGGCAGGCTTATATTGAGTA,141,45.39,Saccharomyces cerevisiae
SEQ_926803,CAAGGGAATCTGCATTATCGGTTCAATTTATCTATTCTTTAACTGGTAACGGCGCATATTCGAGATGTTCACTTCATACGCTCCTTTCATATTCAGCGTACTCCGACCCACAAGTAACCCACAACTTCTGGAATCATGCCGCCGCTAAATGTAAGAAGGACACTTAGTATCGGACGCCTCCATGCTGTCAGATGGGCTTAAAATTAGACCTGAAAACTTCGTTGATTCGACTGCTCGTGTGCAAAGAAGCACCGTACAGAGTCCAAGGGCTGCTGTCAGTAGATTTGTACCACGCGGTCGGTTTTACACTTCTGACCTAATGCTCCTAATTTGAAACTTTTGTTTATTACGCGAGGGGGGCCGACTTTACTAGTCGAACGGCCATCCTTACGCTGACAGCCCGCGTTGCCGTGTATACTCTCAAACGCAATAACTCTTTCATCACTAAGGCGCTTAGTTTGACCGATGATAAGAGTGTTTCTGGCCCGACCACCCTTCCGATCCTGCTCAACGAAGCGCTCAGGACGATCCCTAGATCAGCGTTCTATGGAGCAGCAGTGTCGAGAGAAACACTACGACAAACTGTCACAATTTAGCATGTGGAACACGAGTATTAGCAGAAGTTTCGACCCTACGGACGAGAACGGCTTCCACTCGAGGCGAGTAGACTGTCGTTCCCCGCTGATTGTGGGTTGCCGTTTGGGTGAAATCTAGTCTCAAGATGGTTATCAGCGAGTGAAATCACAGTGCATCCTGTACAAGTATAGCCGGCGACCATCGATGACGCTCCTATACATGAGGACCAAGCCTCTATGATAATGCCCCAACGTTGTAGGGCTTCAATGATACCAGGCCCGCGACGAACTCATAATCCACTTGCTCCTTGACCTAGTCGGTACCAAGACTGGCAAAACACGGAAGATGAGAGCTCCTGACTACCTTGGAACATCTTTCGTCGTAACGTCCTTGTCACTCCAAACGATGAAGATCACGACGATTACGTGCGCTTATGTTCTCGTTGGAGCCTTTAGAGCTTCG,1038,48.55,Mus musculus
SEQ_792201,CTTGGCACTCCCTACTCCATACGGATGGGGAATAGTGTACTGGAAGGCAGTCTCCGATGGCTGTGAGAGACGCTGACCAATTGGACCTTGCCCCACAGACCCAGATACTCCAGGCCCCGTTACATCCAGAACTAAATAAACACCCCTCGGTGCATTAACTCGTGAGATCCTGTCGACCTTAGTGGGCGGAGATGCAAAAGATATGGTCTAAACCTCTCCTTTGATCGTGCTTAGTCCCGTCTTAGAGTGCCATTTGCCCGGGTCACATCGATATCATGCTTTTATTTGGTATAACCTCGCTTATGACGTGAGGTGATACGCCTAACATAATCCCCTCGTACCGGGCTTTAAGTCGCTGCATTGTTTCGGGGTCAGCCCCTCTACACGTTGCTGCCGGTCTACGCAGCGAACCTTGCATCCGGTAGTTGAGCTGCCAAGAGGCTGTGACTTACATAGGTCCAGCTGTCCCTCGGTTGTTGGCCTTGATCCCGTCTACAGCAATTTATGTGGGAAGCGTAGACGGGCGGAATCACGAATACCGTTGCTGCCACGCCCACCACTCACATAGAACGTAGGCGATACTTGATTACGAGAGGTTGACTGGACTGTGTGATGGAAGCCTTCGTCCCTTCAGGATATATGACCCTCCTCTGGCCAGGGGCAGCAAATGGCAATTCGAGTAACGTCTCCATTCCGTATTAGAAGTGATTCTCTAGTCAACGCGAATGTGTTAATTGGCCAACGATTGAGCCTCTTTCCAGTTTCTGGGTCATGGGAAGGGGGGACACCTGCGCATAAAAGCCGTTACTCCAAAAATTTATGAGTTAACAGACCGTGTTGGGTTCGCAACGATAAAGCTACACACTAGACGCTAATCCACATGGAGCCCTCAACGATACCATGGAAGCTACCATGAAGAAGTGAGAGGCGTATATGGACGCACAATTAACATAACTAGCGTCCCAATCATAGGCTATGTCGTCTATACTTCTTGGGCACTGAATTCCCGTTCGCCCAGGCGTGCCACTTGCCGAATATCGGATTTGCAGCCCGCACGCTATGTTTGACTCTCGGCCTTTCATAATAAGCCACATATCCATGCTCGGTGGTGAGGATCCCTCTGCAGAAACAACGAGGCCCGGTTCCTGTATTTTGTAATTAAAAAGGAATCATGCGGGCGGTCGCGTATAGCACCAGCCCCTGCGTTGTAAGTTGAAATTATTGGCACTGGGGGCCTGGCAAAGGGGATAACGATACAATAAACCAACTTTCGGGTGTGGCGGGGTTTGAATACTCTTGTGGACTCTTGCTTAAGGGCTACCAGTGCCCATGTAATAAGCACCGAAGAAAGATACGAAGCTCATTAATACCTG,1373,50.18,Caenorhabditis elegans
SEQ_598008,AGTGTATCGAGTTGCGCCCGTGCTTTGAGCGGCCTCATGACGGGCGAGTGCCTATTTTCGGTGTTAGTACCAGACAAATGTGCGCATGATAACTACGCATTGGAGCGCTGGACACCAACTTAAGGATGGGGCTGGACAGATTAGATTCGGGAATCTGATGAAGGTCGCGTAGGACCACAGATACGCACTCCTTGGGAAATCTCAGATCTTTAGTTAGCTAGAAAGAGACCCGATATCAACGCCAGATGTAACCCCCTCCTACAAGCTTCGCGGAGAAGACTTTGTCTTTAATTGGCGCCAGTCTTTATGGTCTAGCTCCTGGAGTAGACATCGTGAAACGAGGCTAGGTAGAAGTAAGAGGTGTTGGATATAGTTCCCGGGGACGTAAATGATATTACAGTATATTGAGTACATGATTAAGCACCTCAGCCACGTGAAGCAGTTTATATGCTACGCATCCATCTGATGATGTACCGTACAGGCGCCTCCAAGTGAGCTCGTGATATGAGCGTACAATCAGCCTTGGGCTTGAATTGAATCATCGTGGATCGCCGTACTGAATTTTCCTGGGGTGTAGTCTCTAAAGCCGCTATATGGGACCTCGTCATTCCAAAGTGTTGACCCCAATGGGTACTCGCTAATACCCCGCGGGTTTTCAATTAAATGGTATATTAGTTACATTA,683,47.44,Mus musculus
SEQ_807580,AAGTCGTTGTTAGACCCGAATTCGCGAGGCCTAGCCGACCTTCCATTCACCTTGTAGTCAGGTCTTAGATATATGTGTACAATTCCTTTCCATTAGATCCGCCGCTAGCCCCAGCGTCTGTAACACTTAACCTCGGATCGCATAAACATCTCGAGCTTTGTTATTGTAAGTGGTCTAACGGGAGGCTCAGCCAAATAGTCATCAAGATACATTTATCCTGCTGGCCGCACACAAGAAGTCGCGATGCACTGGCTTGCTTCATGTATCCTCTCGTCCTCGCACAGGTGAACCCCACTAGTTGGGGTTCTCCGTGAGTTTCGGCGACTCCTAGAGATCCTTGAGCTTATGTGATGCACTTTGTTTGGACGGGTCGGATAAAAAGGTAGTCGGGTAACTTCATGCATAGCTTTAACGCTAGAGGTGTGTTAATACCTGTCGTCTGATCGACAGGCTTTGGTGTCAGAGGGCTGCTGTTAGCAGACACACGGGTTTCCTCCGCTTCGGACAGACTAGCCTGGCATCCCCACGGGGACTTAAAAAATTCCATGATCAGTGATTCCCCATGCACACAGTCATCACCCCGCAACTCTGTCAGGGATCAAAAATGCCGTAGCGTGATTTAATAAGTCCACGCCGGACTATGTAACGGGCTTCGCCTCGTCTCTCGGGAGATGCTACCGGAGCGCTGTTATCTAAACTGTTATATTCTCGTCGGCTCGAGAAGCACGCAACGTCTCGACGGATGGCCTACGATTGCCGGAGAGCAGTGCAATAACGGATTAGGTATCTATGCCGCTCGAACGTAAACTAAGACTTCCCAGCGGACTCAACCGACGGCAGGGCTTAGGTAATTTGCAACCGCGCCTCTACGGGCCTCGTACTGTTGAGACCTATCGAGCTAGCCCCAGACTTGCTTATCGTTGCACTTTTGCCCTTCGGTCGCTCCTCTCCGAGTAGTAGCGGGGAAACGGTAGTCCATCAAGTTCGAAGGGGGCGCCAGTAC,1003,51.65,Caenorhabditis elegans
SEQ_807615,TATACAGGACGAACTTAATACCTATAGCGGACGAGTAAAACATGTTGAGGAATCTTGCGACAAGGCATCCTACATCGAAGCCAAAGGTCTCCACGAGAAATCGAGCATGACGCAAATTGACACAGATCGGGCTCGGGTCCCTGACACAGCTCGAGTTAAGATAGAGAAGCATGTACTGTAAATCGCCCTGCAAAGCCGAGACGACTTCCCGAAGGCTCCGGTGCCTGCCATTAACCAGTTCGTTTTTTCGTTCCCAAATACATGCTCAGCGTATACAACAGAAACTGTCCACATCGACTGGCTTCACTCCGCGAACTTTTCATAGCCGGGCAATCGGCAAGATCAAATTATCTTCTCACGATTATTTCTGTGCTCTTGTAAGGTGATCCCGGATTTCTGCGGAAAACTCAGGCACCATTCGGATGGTGCCGTCGGCTGTTCTAGGTAGCGGAATATCAAATATAAGACAGTGGCTGTTAACTAAATAAGCGGCAGTGTGAGTGGTCCGGTTACAATGCCCCTTTTGTTAAGCATAATATCAGGCATCACCATAAACCATTGCTCACGAATCCCTAACACCTT,582,47.08,Saccharomyces cerevisiae
SEQ_868633,ACACTTACTGGCTAATAGGGTAGCCAGGCTCTAATTCCAGACATAACGGAGGGTGACTCCACACGATTGCACCATTCCAGGGCGCGGGCCTCGGCCGGACTATTAGGTCCGTGGGCAGTTAAGGATAGCCAGCTGTAGTCCGGACGAAGGTAGTCACAAACTTATGACTCGTGGGCGCAAACTTCCTCAGTCAGTTTGCTAACGTAGGGTCAAGTTTTCCCTGTCCTCACACAGGTGCAACAGTTGGCATAGTTAGGGGGATTCACGTTTCTTTTCCAATGTGGAGAGGGATCGGTATCCCGTCTACATCATAGTGGACTGCAAACACCTAGACTGTTGCGGAAAATGTGCCCATCGCACCTTCGACGCACGGCAGATGATTCTTGCAGCCCAACACAGTAGAACGGCTAAAACCACCTAAACATCGTAGCCCTTCCTTACCCGTAGAGCAAGGCGTAGCTCTCAATTCCGCTAGGCAGTTTAACGGACATATGCGGCCACCAGTCTGTATTTTTACTCGGGGTGCTCCTCCGCCTGGGCGTGAAAGCACAGTTATGAGCACCACTAGCTTATAGTTTTTTCTGCGCACGCATGTCATTGACTTACCTCGTCCAATCCATGTCAGAAACCCAGAACGTGCGGCAGTGCAAGCAATACCGGTCTAGGCGGGTAGATACTTAAGATCGTAATTTGCAGGCCTAATCCAGATCCCCCGAGGCATATCTGGGATAAGAGATTCACGCATACGACGAGGAACCACTTTCGACGTTAGTCGGTTCCCTGGTGGCTCTACCTCCTTCAGTGGAGCATCTTACGATGTGGGCGACTGTTCCTGGCTTAGATGAGCTGATTACTGCGGACGAGTGCCCGAGCTCATTGAAAATCTAAAGTTTTGGTCGCTTTATTTGCC,910,51.21,Drosophila melanogaster
SEQ_903699,TGAACCTTGGCGACGCCTATGCTCCAGAATTGCACGATCGCGTGTGGGGTAATAAATGGTGGACGGGGCGTTACGATGCACGGTCACGTTGAGGAAAGCTAGCCTCGGGGCACGTAGACTTTGGAGCCTTCCCGTCTCAGTCTTTGGATCGGGTCCGCGTAATGACGCTTTAGCCGCTACACTCAATGACTTAAAGCCTCGGCAGTAAGTCTCCATATCGCGTACCTGGGCTTGAAAGGCTACAGATATGCAACGTTAGTTGTCACCTTGTTCGCAGATCAATTAGATGACCGCCCAGTTGCTTACACAGGGGGATTATGGTCATTAACTGCCCCTTTATAAATCTAAGGAGAGAGTTGTGGGGTTGGACCTGTTGCGGCTAGTCGGCCCCGCGCCTTCGATGATTATCCCGTAAGTCCATTTGGACTCCGGTTAATTTTCTTCAATCTGCCACACTCCCTTCGGCGGCTCGGGCAAGAGATAGATTAGAGGGAGTGACGCCCTCCCCCCGTCCTGGCTACTTGTGTCCAGAAGACGTGATTATACCGGTCTGTTAACGCTCCGCCAAATAGAGTTGGTTGACCTCTCTATGTAGTTGGAAGTCACGACCTGTGTACGCCGACTAACAGCAAATCAACTCGGGCTCGACAATCACAAGTATAAGAGTCTATATCATCTGAAATACTCTATGAGCGGCTGGGGTTCGCTTTATAATACGGTGGCACGACTATTGTAGACTCTGCACGTTTCAACTAAATTCCCAAGCCATAC,771,50.58,Saccharomyces cerevisiae
SEQ_949124,GACACACTGCCGCGTTCGGTGGGAGCTGGGGTGTATTATACACGTTTTGTCGCAGAACGAGGTTACCGGTGTAGAACTGCGAAGCAACGCATTTCAATGCCTCATATTGGAACGACTCACTAATGCTGCGAATGCGCGGCCGTCTGTAATACTCCGACTCGGCTGTCAATATTGTGTATAGACGGATCATGGAATATAACACGCCTTCATTAGTTGGGTCTTTTGGGCTATCAACAAACTAACTACTCCTTCACGCGGACCCATACGGCGACAGTACGTCCGAAATAGAACGAAAAGGTCTATTGAGGGAGTTCTCTCACCACAGATGCAAAGACTGCAGTTTGATCCGAAGATTAGTGAATCGCAACATACAGCAGGTATAATACGACCCATTTTGAGAGTTCTGGTACCGCAGCCAATGCTCCTTTGGATGCTTTACCCCAGTAGAGGCGGTGGCACATATATTCGATACATTAAAGTACGGATCTTTGCTACCATCTTTCAGTTCGGGGAGACTTCAGCGCTTGTGTGGCGCTAGGTCAACTCAATAGGTCTTATGGCCGTTCGGATGCTAGCTAGGGGTAAGTGTAATAAGCGCTGATCGGGGAGAGACGCGAGCTTCCATGAACATCAGCGTCCATTTTCCCGGGTACCGTGTCCGGGGACCAAGCTATCAGGCCCCCATCTCGCCCCCCTATGTGGCAAAACGTTTGCAAGCGGGAGGCTGAAGGCAAAACACTCTCCTGTCTGCCTTGGGTAGGTCGGAGCGGAAGAGTGGCTCCAGGTTATTCTCGAATTCCGAGTAATTACGCCTCGTCCCTTCAATCTTTGGTAATGGCAAGTTCAAGCGTGTGCCCACTTACGCACTGCGTTAGCCCGTTGGAGTTCGTAAACACATTCTCTTGGTGTGAACCCCGTATCGTTGATTACGTCGCCACCTACTGCATCACGCTTGAGAACTCGACCATCGAGCACATTTATATAGCTAATAACACGCTGTTGATTTACTAAAGCGTATTGGATAATTACAGGGATCCCGAATAGGCGGCCTGAAAATGCCTTG,1063,49.58,Arabidopsis thaliana
SEQ_773301,TGGCTTCACTCTCCCGGTCGAATTCCAACAAAATGAGTAGGCCTGCTTAAGTCCGCTCCAACAAGGAGAGTTTGTCCTCATCGTCTAAGTTATACACACATAGACGTTGAGGGCTTGGTTTTAAACAAAGACGTACGATCTAGCCACTCCGTACATCCGACGAGAAGCAACGTACGACAGTGGATTATTGACTAGAGTACCCAATGTCTTTGATGATATTGCTCGACTTCTAGTTATCATGGTAGTGAAGACTCACTATTAGGATAGATGAGAGCCCTACTGGTGGGCTTAGCCCTGTCCGCCATTTGATATTTGAAATAGGATCGGTCCTATCTGGGGGGGAACGATCCATCATGTGGTGCCGACTTCTCGGCAATTATAACGCAACAATCGCGATTCCGTCGCTAGTCGGCAATCCGTCGCTACCCTCTAGCGGAAGCAACTGAGACATCGTCAGCCCTATAAGTGTCAATATTGATCCTCAGCACTCGGAGCGTGAGGTTGCAAAACACCAAAACCCTTTAGGACGTCTGGCTTCTAAAACACTCACGTTTGGGACTACCCAGATAGCCTACGAACAACTAGAGTGACATCAAGAAGTGGTAGCATATGTAATAAAATTCAACTTGTGGCGACATTACCAGAAGACTTGTCGAAGGCGTGCTACTCCTATTTCAACAGCATGGCCACTAAGAGCGCGGCTGGTAGTCTGTACTTTTCGCTTCAGATACTTAAGAGGGCGCTTGGAGGGGGTGTTTTTGCTGTGGGGGTG,772,47.67,Caenorhabditis elegans
SEQ_904620,TCAATATCGGGTTACTCTTATACTTGTGTAGCACGAAAACGCCAAGTACATCTATACTATGCCTCTGCGACATTGGTTGAATAATATGCAATTATCAATGTACGGCTCAGATGCACCAGCGTCAACCAGTGCACCCGACGAGCACTAAAGATGCTGGTGATCAAGGGGGGCTGGCACGAACTATCAGGTATAGGTGCGAGATTTTAGTAGCTAGTATGTGAGACATGAATTAGTTAGTGGCACCCTTTTTTATCCAACGGGGTCCGCTCGCAATACAAGAGTCTAGTGGAGTGATCAACAGGTAGAAGGCGCTTTCCCAGAGCTGTACTCGATCTCATTGCTCCAGGGGCCTATAATGTGATAGGCGAATAGGATCTGCGGGTGTAATGAAAGTTCCTGATTTATTGTTTCGGTATCCTGACTCATTGCCGAGGTAGCGGACCACGTGGGTGGTTAGGTTAACGGCATTGTGGCAATGAAAGCCGTGAAGCATTGCCGTGTAAGGACCTGAAGTATCCAGTGTTAGTGGCTGTCGATATCGACACGCTATCAGACAGAGAAAGTCTGTAGGTCGCGCAGTCAGAAGATAGTCACACGCCTACGGCGCTTGGGGATAGGTTTGCGGAGTTAGATTGATAGCCCAACCACCACTGATCGTGAAGAATGCAAGTGCTTGTGGTTCCCACTGAAAATGAATAAACGCACGCTTAACTGCGGAGCTGCCTCCTCGCAGCTGTGGCTTAGCATCACTTCAGTCGGTGAGTGAAATTGAAAGTCAGCAGTATACTTGTCCGACAACCGTAGGTGCATCGCATAATCGGAACTAATAGCAAAATAAGGCGCCATTCAGGCATTGATGTGGAGGTCACAGTGCATCTAGTAACTAGTCGACCCAACGTGGTGGAAAACGCTCATAAAGGTTCCTTCTTCCAAGCACGATGCGGTATGGCAGCTTAGCTCCGATGCTCTGCAACTTCAATATGCTTATAGTGTCATTTTCAAGTTTATTCGCGAGACGCGTCACTTACGGACGAGCCTAGCAAGAACAAAGTTACTTATCGACCTTGGATGCACACTCGGGTATCGCGCAAGACTACGCTACTCATGACCCTCGCTGGTTGAGCAAAACATGCTAGGCCTGTTGCGGCTTCCTGGGGATCGAAACCAAATACCCGGGGTAGTGGGCCCCGGCATTGCTAGAAAGTCCTCTTGTATGGCTAACGTTATTCACATGCCTACGGCGGGCTACTCAGTCTAGACGCCTTGTCCTCGATAATGGGAAAAAAGTGGTTAAAGATTGGCGTGCACTAGGATTAAGCCGCCCATGTTATGTTGATTCGTTATTTTCTTTTTTGATAAATTACCCCTAATGTATACTGAATATGCTGTGCGTCGCAGTTTCATCCTGTCATTTGCGTATGACGGCAAACCCGGTAACTGGAGCGCCTGTGGATTGGCGGACGCGCCCCATGCGCTCTCTAGTCCACTTCGGACGCCCGAATAGGTACGGACGGGT,1516,48.81,Drosophila melanogaster
SEQ_821598,GCCGTTCGGCCCTTAATCTCGTCGACACAGGCCTACTAGGACTATGTGTGTATCAGACTCACCATGCACCGTGTCTATGGGCAGCAGATTTCCGGAGGGTCTAGAATGCCGAGAAACACAATAGACGGGACAACACGTACCGTGTTAAGGTTGGTCCAGATAAATTTCACGTGCCCCTTCATCCCCGACATCACACATGCCGACGACCACTCAAGATAGCCTACGGTCGCAGACCCAGTAAGTTTTAGCCACGTTTTTTACAAATCCGATTTTCTTCGGTTGCGTCGGACTTCCTAAAACTCGTTTGCGTGTTACGAAAGTTCGCGGCCCATGGGGCGCAAGGCAGGTGCGGAATAAAGAACGAATCCAACATGATACTACTTAAGCTTTTATTTTCGAATGGGGCATCCTATCGATCTGTTTTCCCTAAGCCTTGCTCTCTTCTATACGCTCAAACCTACGCTGTGCCATTGCCATAGCATTCCCGCACGCCCTTGTGGTGTTGGGGTGAATTAGGGTACGGCCCAGGATTAATAGCCACGTGCTTTCATGAGGCAAAATGATTTTAGTACTCACCCCTGTTTCACCTGCCCTCATCTCTTTCCGCCAGGCACAATTCTAGAATGTTAGCTACGACCGACGTTAATCAATAAAAATCGTGGACATTTCACCCCTTTACTTTTCATTCCACTAACAACTACCGGTTCGCATGCACGTAGATTGAGGTTGTTCTCCTATCCGGAGGTGGCGCCAGAGACGCTCTGCTCATCTCGCGAGGCATGGTCCGAAATAAACGTCCCGTACGCAGCTCTGGTCAACATGCTGCATATTCGAGGCGGATCCCCAAATTATCGTGGGCTAGGGAACGAGGCTCCACATTCAGGGGACTTGCACTAGAGGCCGCCCCTGACATAACAGCCGGTAACGCCAGAGCTAAAGGGGTCTACACCAGTAGGAGTCCTCTGATTACATCCGAGACTGCTTACAAATCCTTCGGATGCCGCGCCGCTACGAGATACTACTGGCTAGCACTAGAAAGTTCCACGAGTGCTCCCCTTCGATAATCGGATGGCCCTTACTGGCTAAAACA,1090,50.55,Homo sapiens
SEQ_492635,ATCATTTTACCGCGATTCAACTGTTCCTGCCTATAATGTTTTGTCGCGCAATACTTTGGGCTCGTTGCAAAGACGAAATAGGTACTTGTTGAATCGCCGCGCATTCAAATGAGGTAACGCCATGTGCGAGGTCCAGGTGTATGATCCACAAAGACCTGTGGGCGCGAAAATCAGGGGCACCTGACCAATTCACTCTCACCGCAATCCTTTTCGAAGATTGGCGCGCAATGATGGTCGTCGTCGTATTCTGTTGGTTCAGTGTATAGGCTGTCATCCCTTGATTATAGCGCGCAGACGCCTCCCTATTCATCACGCCCCGTCACTCCCTTGGTACAACTCATGCGTGTAGGGATACGTCGCGAGTGTTCATATATAGAGTGGGTGTTACACGCTGTAGGCCAATCGTTTACCTCGGGCTCGTAGGGTTCCCCCCAGCTGTACGCTCGTTCTTCTAAGAGGTATCGTACGCAACCTCAAGATCCACCTCACGGCCTCGCGTTTTAAACGTTTCTGTAATGCGGCCTGACTAGAACGTGCGAGACCAGTTTCCCATAAAATTGGCCGCTTAGCCAGTGTAGCGTACAGTGAGAGGGCTACAAACGCTTTCACATTAATAGCTTCAGATAGCTGTCGTTTGAGACCCGGACTTTAATGACCATTTCTTCTAGTTCAACGAGGACCTGGCGGGGCCAAGCCAAAATGTCTTTTCACCATCTAATAGGGTTGCGCACAGAGTAGATTGCCGTCACTTAATCAATAGAATGTGCATGCAAGGGAGCTGTACACTAACAGGGGACCACTTACGGTTTGCCCGTGTCTGGTAGGTCTATAAGTTGATAAAGCAGCATGCAGACCGGTGGGTCTAAAGTCAATAATGAAGACTTGCGGCATGAGGCTCAACACAACGCGCTCTCCGGCAAGAGTTTCCCATAAAGGCAACCACGGTTGGTGCTTCGCGAAAACCAGGCCC,970,50.0,Drosophila melanogaster
SEQ_283082,CTTGCAAGGAAAATGAAAAGAGACAGGACCAAAGGATTAGACTATTCTGATTCCATGTCATAGAGCTCAGGACCCGGCATACCTCTTAGGTATAAATTATAGGATAACTCGCGCGCCCAGAAATGCGCCCGCGTACGTGGGCCCGACCACGTCGGATCATTGGGTGGCCGGCGCCGAGGCGGGAATATTCCACTGCATTGGCTAAGTTACGAAAAGTGTACTGCAGGAAAGGTTGTTTCTTGTCTCCGGTCATTGCCGGATCCCCGCGAAGCCTGGACCTTACGTAGAAGGTCTCGAGTCAGTAAACTTGTTAATTGATCTTGATTGTGGTTGGTGCTCTTCATTCCTAGATGGTATTAGAGAACGAGTTTTGCCGCTCGTACGTATAACATAGCCAGGGAGGATATTCTGTCTGTTAACATCTAACCGAGGAGTACAATACATTTCTCCTGCCACATACAGAAACATGATAGCCACACGAATGAGTGACACATTTGGAAAGAGGCCTTTATCTGGAAGAAGAAATATTGTCGGAGCAGATCATGAGTAGCAGGTCGTCCGTGACAGACTAAGGCGCTCTAATGATTGGACCCGCAACGAGTATGGTCTATCCCTCGTACTTAGGGCCAAGCGTTAGGGGCGGACCACTTTCATCTACAAATTCCAGTGGCATTCTGTGGAAGGTTGTCATGACTAGGCATTCTAGATATCTCCCGGGTCCGTCATCATATTTGCCGTATATACCCGTGGGGGGACAAGGGAAAGGAGGTGTTCACCATTGGCGCGAGCTCGCGTAGCGCCAACAAAATGACACGAGATAGGCACGCACGCCCTTGTAGACTCCCACATGGACCAGGTAGACGCATCAGACTTATCCGAAACTCGTCACTCCCGACCGGCTGGGGTCTCCGAAGGAGTTATCTAAGGGACGAAACTACAGAGACTCCAGAAGATTGATCGCGGTCGCGGTGTTCCCAGTCCTACGTCATCCTAACAGGCCTAAGGATAATTGGCCTGGCGTTTGCTGTTCTCAGGGCGGGCCTATGCCTACCCTCGAGAATCGGAGGACCCTGACGGGCCATCGAATGCTGCCACTGGGCTGGTTTATTGCTTGGGCACCAATTTAGATAAGATCCGTCATGAACACGCTCGGCGGACTCAGCCCGCTAATGGAGGTCAAAATCGGGATGCACACTTGGCTAAAGCCTCGTCTTGCAGAAGAGGATCATAGCCAATACTAACTGATTAATGATATTTGAGACTTTAGATGAGGTCAAGAAAGTGATGCGGGCTAGAGATGGGCCGAACGGGCCCCCGGATGCTGAGCTAACAGGTGTAAGAATAGATGGGAGGAGAATATGGGTGAAGCGCTAGTTGTTTCCAGTATAGTGCTAAAGTCCTTTTAACTGGCGGCATCTCTTCCCATAGTTTATCAC,1436,50.14,Drosophila melanogaster
SEQ_512187,GCTAACATAAGCCAAACCCTGTTGCAACCACAATTCACCGGAGAATGCCATGGGGTCCGGAGCCATAATGATACATGTCGAAGATGAGTGTTGAAGTTCGTGAGGGGTCGCCTGAGCCTAGTCAATCATCCAGTCAAGCGGTCAGGAAAAGCACTCGCTGGGTCGAGAGGTGAAGACCGTGATCATTAGCGAAGCACCAGCGCTGACCTGTGAGAGCAGCGAGCCACACGCAGAAACTCAAAACAGTATCCCGCGCACTCGCTGTCTAACATCAGGCTCAACTAGCGAGTGCTTGAGGCCTTAATTGGGTTTATATACACACAGCGTGAGAACTGAAGAGCAAGGTTAGACGACAGGCATGGAGCCCTACTGGGGTGTTGTCTGGCTGACAAAACCAATTGACCTACCGTAGTACTGATATCATTCTTTTCATAGTATACTAGCCTGCCCGATACTTTTGCTGAGGTGGCTTCCAAATGCAGATGGTTTCTACAACTCACTTCCGCTCTCACCTAACTATATCGAGGCCTAGCCTCGCCTTCCGAGCGAACGTCACGTGCAGTTCTAACAATAAGTTAATTTGGTTATACGAGTCTTTGACCACTTCTACACTATAGGAGCTGACGGGATCCATTAGCGGCAACCCGGCCAGGACGCCGTTCAATAGCTCTGTGATATCACTAATACCCAAAGGTGCAGGGGACCGATTTGAAGCTTGACGGTGCTACTAGGGTTTCATGACAGATGGGCAGACGGTGGGGAGCCATGCCTCGCCTAACGATGCTGAATAAGGGCGATCCCCATTCTTTAGTGAACGCTGGCGAGCCACCAACGCTCCCTTCTTTATAGAAAGTGACCGGACATGCTGCGCCTGTAGTGGCGACGTCGAGTGCGCGTTACAGAAACCTCAGTATGGACCTAGGAATCCTCTTTGATGGATTCGGGGAGGGCATGCAACATATTGTTACGCTACCCCTGCCTCCTACCCCTTCCGTCTAAGGACTGGAAGTGACGAATGATTCCAGGCAAACACATACGCACGCTCGCACTTGCCTTCTGTACGACAATGTTTGCTGATTCCTTCTGTGAAGAATGTGCGCGCATCTAGATTGCGGGATGTGCGCCCCTGCGCTTAGCGATGTCATATGTAAAGATGGTAGCAAGCCCCCAGCGCGCCGTCTGTGACTACAGTACGCGCTATATTGTACGACTTCACGATTGAACCGCACCGGAATACAAGGGTTAACAATTTACGCCAGAAGGGCATCGAGCCCCGCCCTACGCAGTCACTACGTGACTCCCCGGTGTAGGAGTACCTACTGTTACCGGACCATGCGGCGCCGTAACGTATAAGAGCCATAATATACTTTACATTCCGTTTACCGCAGTGACGTACCAATTCCCCCGGAGATAGGCATCGGGCCAGATGCGCGTCACCTATAGAGAAAGGTAAGTCCGTCTTGACCATACTACAAATCGACTAGCGACGGATTATCCTTTGCGCCGCTGGCCGGCAACATTAACTTACTACCAGCGGGTAGTGCGGTGGCTCATTGGATTCCTTCTAGGGAAGTTCCTGGGGTCGTTGGCACTACACAGGTGTAACCTCCCCCCCATTCGCTCTTGATTTCGTGGGAATTTGTCCGAAGTCATCCGATCCTCCCGCTGGACTGAAGGAAGATTAATCGTGATCTTTCTTTCAATAGTTCGGTAATGCCTGCAACTAGGCGATGTCATGCGAGCGT,1745,51.52,Homo sapiens
SEQ_220164,GTCTATGACGATTGCTGCTCAAATACACAAGGTTGATGGCCGTAATGTACCAATACGCCGTTTAGACACTTGTCAGTCTCGTGCACGTTCTTTGTGAACAGCCCATCGTCCCGCGCACAAGGTAGCACGTAAGCCTCATATGTTTAGAATAAAGCTGGACGTCCTCCCTATAGCTAACTGGTGCGCCCGACTTATGACGTTGTAGCCGCATTCTCCTACCGATAAAGTGATACGTGCGAGCGTCCCTACGAATGAGGCGGCTCGTCCAATGAGCTGTGAGCTTACGCATCAAATATAGAAGATTCAATACTGGACGTCTAACGCGCGCGAGGGGCTACCTGCATATGACAGATCCGTCGCCGAGTGAAACAGCAATGTTTCTTTTGCCATGAGGACGCAACCTCACAGGGCGGAACTGGTGACCATCTCAGCTTGTTGGGCCCCTAGCCCCCGCATATCTTATGTAAATGACTATACTACATCTAGCTTACGTACCCAGAGTCTAAATCGATGATTTTAGTGGGCCGGATCTCTTACACGAAGCAGCAGGATGTCCTTTGAAAGCACGAGCTACCGCTCAATTTTGCGCTAGTTCGCTATCGTCCGCGCGAGCAGCCTCGTGAGTCCGTTTTTCAGATCTCTTATGCCCCCCATCGATCTGGCCCGCCCGATCAGTTAAGAAGAAAGAAAGAACTCTGAACTCAGCTCCCCTTGCGGAATGAGCCTGTATCAACCCGCAGAAGATGGCCTGCACGGTAAACCTCGCATAGCCCTAGCCGAGTGACTATTATTTCCAGGAATGTTGACTTAGCACGACCGGTACGAAAACCTATGCCTAGCACTAGCGGACAGCCAAACCCCATCTACCGAACCCCTACGCGGAGACTATGGCGTACGAATCCTCGGATCTCGGGAATGAGGGAGTGCAAAAGTGGGGGGATTGGTTTCAAAACTCACCTTGAACACTGAGCAAGCCTCTACCTACCTGCTCCAAGGGACAGAGTGAACCCGAAAGACAATGACTCACTAACCCAGGTTAGTTCAGGGGTAATTTATGTCGTTTTTTCAATACTTTAAAGTCCCAATCTAATTAAGGCCAGAGAGCCAAGGATTGTACACCTACCGCATGGGGATGCTGTATCCTACGGTGCTTGGGTAAACCCCGAGTTACAGAACATCCGGCTGACGGAAAAGACAATTGTCAAGTCATAAACGACCCACAGGCAGGTCGAGGTAAGCCCTATCACTCTAATAGTCCAGGCGGACAGTGGCTCTAACCTCCGTAACTGATTCTTCTACCACCCGTCGGGGCACACAGTACCAATGTTCTAGATTGCCAGCCACTCATAAGGCTTCTAAGCGTAGGGGAGCAATCAGAGCATTGTACATACAGGTTTATGCTATAGACGAGGATCTCGCCTGCGTAGTACGCCCCCTTCCTAGATCTGCTACCGCGCATCCCCACTGCGGATAAGGTCCAACTAGGTCCAGGTGGAGCAGCCAGAACATTAGACACTCAGAGCTCGACGAAAAAAGGCAGCAGTTCGTAGACCGCCTTGGGCAACTAGTGTTCACGGGTTTTTGCTCCGGGGTACTGGAGGGCCTGCGATTCTTTGATTCCAAGAAGCAAGGTCCTGGCGAACTTACGCAAGCATTTAAACCCCATACCCGGCCGCCTCTGAGCAGACTAGCGGACTGGACCGATCAGCAGGCTAGTGAAGCAAAACAATGAACCGTCGGACAGCGGGTATTCTAGACAGGCACGTGGAAACGGCTTCTCGCGGCTCTTAATCGTATTAAAATAGAACCTTAGCTTCCCGTAAACGTGACCAAACGAGACGTGGGTGTCGTCTGGCCATCCTGTGTAAACAACACAGCGGCCATAACGCGTCCAGCCCGCAAGATGTCATTATAACTTGAACTTTTACTCCTTTTAGCGGCAGATGGTAAAAGTGTAAACCACGGGCGATGAAGCCAAACACTATTATGGCGATTT,1996,50.75,Mus musculus
SEQ_730142,GCATCGAGGGGTGTATTGTTCTCCTAAAACATTTAGTGGAGGTCCTGGGTCGTAGGGCATCCACGGTAGTAGAAATGTGGAGCACTGTCCGTTCGTCACGGCCCGGGATCGGTAGGGAGGGCATCAACTTAATAGCTTGGGTCACATAATACCCAATGTGGGGATGGCGTGTAACGTTTTCTACTTGTATTTGCAAGGACATGCATTGCAAGTGAAAGGTTACTGGTCCAGGAGCTAGGAGTCGAATCTCTCTGTGACAACGTTGGCAGAGATTACCAACGGGTATTGACCCAGTAGCGGAAACAGGTTCCGTAGTAATGACGAGTGTCTCGCATGTTTTCGACTCTTCGATTCCCACTGGGTTGAAATTAATAGCGGATGCGCAGGTTTAGTGACTCATCAGCGATTCCGTACGCTTTGACCATGCTCGTGGCCGTCCTAGCTTGTTAGCCTAAGTGGCTGGCTCATGTTCAGGCCGTGGTTCCAAGCGAGGTTTAGTAGTCCTCGCCGCAACTACGACATAGCTCCGTCAGGAACATACGTCATTAATGATGCCCTGGGACGCCTAGCAGCCCTCGTCCAGCGGCGTAGTCTGTGCCCGCTTAAATCGCGATGGTAAAGCTAGCTCACCCACATGTTACTTCAATATCCCGTTTCCTACACATGTAGTAAGCTTTGGGTTTTACAGGCGTGCGCGTCGTCGTATAACAATATATGTGGAATATACCCCCGTTAACTTATCAAGCGAAAGCTAAACGTCGTGAATAAGTTTGTAGGTGTCTGGGAATCAGGGACAGCCTGTCATATTCCGACAGGACATTTCTGCTTGACACCGGCACTCAACTATACCAGCATCGAGTACGCACAGCAACCGCATCGTTTGGACCTTATAGGATCCGCCGTCATGTCACTGGTCGCTACGCCCAGGTGGGAGGGGTTACGCCCACAGGTATTATCTTAAGGTAATTGCAAGAGAAGCAGGTTATTTATGTCGATGGCTTCTGACGGCTGGAAGTGCTGAATCCATCAAGTCATCTTATGTGCCAAAAGGACCCGAGATGCCGCTCTACAAATACACGTGGGTGAGCTGGAAACATAGACGCTTCTATGAAACTCCGGCCTCACTTATTCTGGGGCCTGGAGAAATGACCATCTACGTCTGCCTTGAAATAGGCAGACAAGCGATAGGGTGACTAGGCATTAAGACTGTGAGGCTAAATTCTCTAGTCGTACCTGTATCTTGTACTACCCG,1252,49.68,Saccharomyces cerevisiae
SEQ_821482,CATGGATCATCCAACCGACTTTCGAATTCCTCGTGAGAATGAAAGCCGCCAGTCCCCCGGCGTAATCAATGCGCCTAAACGTCTACTAACTGGACGAGATAGGTAGCCATCCGACAATCACACTTGTAAATGGACCCTCAAAAACTTAGCATCAATACTGCTTACCAACCATCCATTCAGGCTCGCGAACAGGTAATGATGGTTTCTGTCGACACGGCGTTTGTTATAGACAATTTATATGAATCGAGTGAACATTGCAATGGCTCCTGCGAATACTTTCCATAGTGTTAAGTATGTTTCAGTTTGGTAAACGACCTGCGACCTGCAAAGGCACAGTCACTAATTGTTTAATACTTATTCCTCTATCTCAGACGTAAACTTCAGTGATTACTTGCGTGTAAATTAATTTTGTCAATGCAACTTTCTGCCACATCCCGTTCCTACGAAGGTGTTCCCTAAGTTACTGAGCAGGCTCTCTAAGTTGCAGGATCGCGGGCTGGGGCCCAACTGGAATTGGCAACAGCCCGTGCTATGTCGAGGCTCCCTACGCGTAATGGGTTGATAGCGTTTAGCTGGACACCTTCTGCCCTTACACTAGCGGTCCACACGCACAACCTTTGGCCATGCGTAATTCCCGGGGTAAGGTTGAGAAGTATTCGATTGCTGTAGTCTTGATGAGAGATACAGCGATACCCTCGGAGTCTCTCGGGATTTAAACGGTACTCAAGCGCAAGACAACATCTTGGTGCGGCCCCAGGCGTGTCCTATCCTGGCACGTCGTGTGTTGAAAATGCTGACATCCCCTACATGGGGTAGAACGTGGGGAATAGCACAATGGCCCGAGAAGATGGAGAAACTCTTCTCCTGCAAACGTGGCTCGCCTAGCAAGGAGTGGACCATGCTAGGCGTAGGACATTATAGCGGGACGTAGCCCAGAAAATCCTGACTAGGTAAAGGATCCATTGCAACTTGCACCTATCTAGCGCGGCCTTCCCTTACGCGATTCACACAGCCGGACCGCGCAAACCCCCGTGTTTGGCTAGCGCGTAGAACGTAGCCTGTACCCGAGGCATTTGAGTTAGCAGAAGGGAAGACGAGTGTATCATGATGGGCATTCTACTGTTAGCCTTTGATCAAAATCGGATGAAAGCTAGCAGCCACGGTCTATTGCCGACCCGGTTATTAAATGTTTAGTATGGAGGTGTAGAGTAAAAACCTTCACAATTTTTGGGGTTTCAGGACGTATGAATATATTCAGCGGCCTGTGAAAGAGGAATATTGGATGAGAGTTTGCAGCTTCTGCATTTCTCGGCTAAGTTTCCCACAGCATGCTTCACAGGTCCGTGTCGGGCCTGCACTCCCAATCCAAGAACTCGGCGAATGTCGTTCAGTTAAACCCGTGTATGGGACTGGTCGTGCTAGGTTTCCTGTGACG,1435,48.92,Escherichia coli
SEQ_187466,TACTGTGCTTAGTAACGAGGCGGGACCTGGTAATAAAGAGCCTGGTGCGGCCTCTCGCTGCTAGAAAAATTCTGTTGGTGAAGGCTGTTTCTGTTTGTCGTCTGTAGGCCTCAGACGGAATTGAGTGGAACTTCAGACTGATCATCCCTACAAATGCCGCCTTGAAATCGGGTCCAGAGGTAGGACTAACCCGCGGTTAGTTTACCTACGCGATCCCTTTGCAGAGATGACCCGCGGAACGTTGCAAGTGGGCTGGAGCGAATAGTCACTACTTGCTGTTTTATCCCTATGCAGTCTATATGCACACATTACCCTGTTGGGGCTTAGCGCATATCAACTTACCATGTACCGAGACTCATGCCAATGGAGCGACCCCCGACCTTTGTCTCGACGCCGAAAAGTGTGAATAATTGGTAAGCTTCGGGTCTGAATTGGGGGCCACATAAGGCTGTGAAAAGCTTGGCGAGGCCGAGCTGTCCCACCAGATAGCGGATATTCACTGTAAATCGATGTACTCTTATATCTCCATCCTAGGTAGATGCCCCTTTAACAGCTAGCTGACTAAGTACAAACCCGCCTGCTGAGTATTATTTCGCACGGATGTACCGATGATCGAGCCTGTTGTAGACGGATGAAGAGCGACTGGCTCCGATACGATTCGCACCCAAGGTCCAAGTGCCACACCGTTATCAGTCTTCTTTTTTCAACCCCCCAACCACTCTTATCTCCAGTGCATAATAGGTTTTAACCGCAACACTACAAGGTTCATACGCTCCAGCGGCTTCCTCCTGCCGCACCGTTCCAACTGCATGGTTGGGGATTTGAAAGACTCTTAGCATCCATAAGATACCTGGTTCGCTAAATCTTATAATGCCAGTACTGGACAGTCGAATGCCTATCTTAGATACGCGAACTGTAATCCCTCGAGCTCGTCGAGGCCCACTAGACACAGGGAATAAGTATAGTGCCCGCCGTTTCCTCGTCAATCCGTTCACATGCAAAGTTGCCGTCCGGGCGGACTTGAAGCACGGCAGTAAGGGCGCAGTTCCCGAAGGGGGTCAATATCAAGTTGTACCCAGACAGATGGATATTAACGACACGGGGTGAGTCTAAGAAATCGGTCTAACGCGATAGGGCTTAGGGTGCGCAGCGAGATCAAGTCTCTGTTAAGATTCTGCGGCGTCCGCTCTCCCAGATAGAGGAAATGTCGATATACGATGGTTGCCACTTTCTTCGAATGGACCCGTTACACTACGTAGACCGAATCTGTACTTTAATTAGTTATTCATGTATGTCGTTAAATCAAAGCTAAGTGATTCGTTGATTTGAGGGACCGCTTTGTCGGGCTCTAGATGCTGGTCATGACACCCGGACCGTGGAGGAGGGAGAAGCTGTAGCGACACGACCTTGCGCTGCCGCTATAGTATGAGAGAATATTCCGGCGCCGCTGCACCTTGTATTACACCCTGCGCGCAAACTACTCGCTATCTAGATCCGGTATCGGTAATTCGCGCACTCGTAAACTGACGGACTCTCCCTGCCCGGGAGTAAAGTCATAACCGCAGACCCCTCAAGGGAGGTCGAAGCCTAAGGTTAGTAGTCGGATGGTTGATCCCCGGTCCTTCTACGGGCAGTCGTCTTTAAGATTCGTGGGGGATAAGATGCCGGTGGGTTCGCTGCATATCCCTAACTACAGCTATCCAAAGCGGCATAACATCGCAAGAGTGAAGTCTCACAAGCTGGAATCCGGTTGCCGTCCTCGAGCCATTTTCGAACGGCGAAGTACGAGGTGAGGCTGGCTCGATAGAAGTCAGGGCGGCGTCAATTTTGAGTAATCGTGGGATATACTAGGACGTGCAAAGAAATGGTAGGGCAACGCAGAGCCAGTGATTACCGCAGGAGACTTCACAG,1911,50.81,Homo sapiens
SEQ_331231,TCGTCTGCTAATGATGGAGAGCGGTCACATACATCAATGTTCCTCGGGTGTGGCTCAGTTACATACCTCACAGGAGAGCCAGGCGAGGTTAGATCGGGGGTGTTTAGTGAAAGGGTCAGTATAAGACCGCAGAGGAACTTGTCTGGGAGTGCCCGTATTCTGCACCGGAGTTCAGCGCATCTCACCATGTCGAGTTTGCGAGGGAGCCAGAAGGTCACATTACTAAACCCAGAAACACCCTCGCTCATCCTACTCAGTAGGGAAGGATCGCCACTATTCCCATACGCTCCGACACTAACTATGTTCTTAAACCTACAAAGTTGTATTCCTTTAAATACCTTTCTACAGTTCCGTCATCAAGATACGCAGTTTTATTACAACGGATGCCTGGTTGGAAGCCCTGGTGTAACCCGCTTTCCCAATTGCAGGTATTACCCTCGAATAGGCATCGGTCTGCATAGCTACATCGGACACCCACAACGCCGGCGACACGGTCGGCGCATCGGTTCGTAGTTCGTGGCTCAAAGTATGCGGGCCCGCCGGCTTCACACTCTTTACTCATTAGGAGAGTTCGTGCTACCAGTA,585,50.94,Arabidopsis thaliana
SEQ_813414,AGCAAACTACCCGTGTTGTAGCTCTACAGCTTAGTGGTACGCTCGTTAGGATCTCCTCTTGTCCGACGGAATTAATTTTTATGTATCTACAAGTACGAGGATCTTTTTGGAACGAGTATGCTTTCTGGACCTTTTGTTATGGTCTCCACCAGATAACGCCAGCAACCCCTCTTTCCGGCTGGCTGAGACCGAACATGCATCTACCGCTCAATCGATCTGTTCTTTTAAGACAAATTCAATCTACAGGAGCGCGATGACTGCGGAGCAGCGATCGGCTCTACACACCTCTCGCGGCCTGGCACCTTTCGAGCGTCCGTATATGGTCAGAACTCTCCCGTACTAGGACCGGATAACAAGAGTATACTCAAGATGCCCTAAAAGCTCAGCACACTACCCAGTGTCTGTCCGACGGGCATGTCGGTTCCTGTCCGCAGAGTTGCGTGAATTTAGATCATAAACCGTTCCGGTTCGATCCGGCAATAGTTCTCGCTTCGATTCTGATGGTATACGCTACTACGAGGCGTATCGTGCAAATACGGACTCCGGTAGCCAACAAACCCGATGTGTTTTTGGGAATAACTCTTCCCACCGAGGCCTTCAGTACCGACTATGAGTTTACAGGTATGAACGATTAGAGCTGCAGCTCGCAGGCTAGTCCGTGACCATTATTTGGCCCGTGGTCGCATGACTCCATTGCACAGAGTCACACGGACGGTAATTAGGAACCCCACTATCACATGTGGTAAGTATTAGGCAATAGATTTGGTGGGCATGCTAGCACATTCTACTGGATCCGAATCGAGACCACTCAACTGGTCTGTTACGATCGCATGCCTACAGAGCTGAAGTTGGTGGTCCGGGAAGTCAAAGAGGGACACCCAAA,883,49.72,Arabidopsis thaliana
SEQ_118881,AGCGTACACGCTCCTGGTGGGGTGCTAGCCAGATACGCACCATTTTCTGTCTTAAGTATACCCATTATCTACAAGAAACATGTTCTGTAAGTGCGCACGTATCTT,105,45.71,Mus musculus
SEQ_650755,CCTCAAAGAGAGCTTCGAAGCGTTCGTCGGCCTTACGTGCCCCCGAAGCTGTCACCCCGGATGATTATCCTATGTAGCGAATCAACCCGCAAAATAGTAAGTTTCCGCTTCCTTGCAGACATGGAACCAGATGCCTAGATGTGTTAGTTTAGAGGTGCCTAGCGATTCTCCTAATAGCAGTAGTTTGTAAGTCCCCATAATCCACCACATTATTGTGAGAAACACCGCAACGTTGGATAAGTCCATGAATTGGAGCTATAGGTTACATAGCGCTCACCAAGTCTTCCCTCCCAGTACCCCACTGATGCTTCACACCGTACCGACGGTGTGCTGCTTTTCCTGCAGGTCTTTTCGTACTAGCCCAACTCCATAGGCTCGATAGATACCTATGTCCCACAGTGCACCCAGAAATGTGCGACGTATGCCAGGGGAAGCAACAAGTACCTCGTATACTAACCAACTCAACAGTCGTGCGATTAACGTAAGCGCGAAAAACTTCGGGCAGTAGACATACCATTCTTGTAACTACTGTATGACTCGAACCCCGTAGCATTGGGAATTATCATGAGCGCCGGCCATAACGGTTGGCGGCTGACGGAGCTCGGGCCATCA,612,49.84,Homo sapiens
SEQ_803733,TACTAGGGCAACCAGTAAAGGGCTCGAACCATTGAACATATCTTCAAGACATTTGCTCAGACCTAACCTTCAGGACTAAGCGACTTTAATCA,92,42.39,Drosophila melanogaster
SEQ_321735,GCGATCAATTAGCCGTTCGTACTTGACGACCTACAAGACTAACACGGCGGTCGGCGTGGCGGTGCACGTGGTTGAACTGCACCTGGCTAGTACTCCGATCAGCGCCGGGCATATGGGACTAACCCCTGCTACAGCGAAGGACGTACACTTCAAAATTAGCGCGATTGTCCGAGTTTTCCACAATTGGAGCATTGTTTGACAATCTATGCCCCTGCTCCACGTGTGTTACACTCCGCAAGAGTAGGGTTCTAGCTTAACAGCACAACCTGGACAAAATCGAGAGCTAAGTGTGTACCGCGTCTAGTCGGGCGGTGAGTCGATGCATGCATCTACGATTCAACGTTGTCCAAAGGTGCTCTAAGTCATCGACCGAAAGCTTTACAGTACGAGTGGTGCCCCATCAATGTGCAGAAAATGGTGCGGGTTCCTTAGGGCACACCGTATAATGTGTTCTTAGCGCCAGGCCCTGCAACGCCTGACCCGGGAACTCAGCCCGCATCTGCAACCAGTGATGTGCTGGTGCTCTCTCGATACGTGGCCGTCAGCCTGAACGGAGTGAGCTGACGAGCTCCTTGACTGTCAGTAAAACCCTCCCGAAGCTATGCTCTCCATAAAACGTCAGTGCTGGATTACTGTGAGACGATGCATATTGACCTTGAAGCCTAAGACCTTCAAAGAGATATATGCAGGCTTAGGGGTGACGGCAATCTGTTGAAGCCAGGCTCGTTTTTAAAGCGGAGAACTTAACCCGCTTTCGTTGATTGAGCCACAGGCCTGTGTGTGTTACGCTTACCGTAGCGTAGGTGCGGCCGGTTTCGTCCAGACTGGTTTGACTGTCACAGCACCAATGACTTTACTTAGCGCCTCTACTCACGTGCTCGAGTCCAATGGTCTCGCACGTTTATTTGTTAACGCAAACGCTACCTCAATGTGACCTGTCCGTTCCAATCACACGCCGTTCGCTCCACACTCTAGTCACGATGGGTCGCGCTTTCAATGCTCGGCGATAGGCGAGATGCGAGTAAAAGTCAATTCCGCTTAAGACGAGCCCTTAAACATAAGGGAAGGGATAGACACGGTAGTGGTCGAGTCGATGTCGCTTCCTGAGCGACTGGTACTAAGAATGTTCGCATGACGTTTTTAACCCTGACTCCAGATTGACACTGCAGCTACAGGTTCCGCCCTCCGGTGTCAGGGCTTTAGTTCTTTGAGACGTGTCTTTGGCATCCTGGACGCTTGTCCCGTTTGTCAAATAACAACTCCCGACTGCTAATCGCGCATGCAGTGGATGCGACCAAACTTGCGCGCAGCCGTGACCTTCAGGTTATCAGGGTGTTGACTGGATCAGCCACACAACAAGCAGTTGATCCCCTCTCGAGCATTGCCTCCACCTAGTTTAACTGTGCCATGTCTTGGTTTTAACACGTTGGTGTCGAAATTAAATGGAACCTCTCCAAGGGTAAATTCTGCGATGTTAACGACGCTGCTGCTACCATGAATTCCCAGCTGATCCTTCAGGGAACACAGCAGTTAGCAGTAATTGAATGGCAAATCAGAACATCGTCGTCGCGCGTATCGA,1579,51.42,Drosophila melanogaster
SEQ_104428,CGCTAGCCGACTCTGATCACATTCTCCAGGTACCTTGAATGATCATTCCTAATCTGGCAAGCATGAGTGTGCGCTGGCTGCACACGAAGCCTCATAGGTTGGGGGCCGGCCCAACGAATGCTAACCACGAGCCTAATGGTCAGAACTCGATATTGGAGATTCATCAGAAGAACACGAAGCAATCATCACGTCCGGGCAGACTAATCACCCTCGATGATCCCGTCGAGGGGTGATATCAGTTCCACCTAGTTCTTTCGGTAGAGTTTCTAAGGGATCACTGAGCAGGGTATATGAAATTATCATCTGCATGACGGGCCTATCCAAACAAGGTCGATTAAAAAATACTAACCCTTGAAATGCTGTGCTTTAAGAGCGTCCTCCACTTACGACGACATCGAAGCTAGAAAAGACGGTATGGTGCTTCGGGACTGAGTCTCAAGCAGCTTGGCCCCGGAGCCGAAAGTGGAGGTCGATGAGCAGGCTTGAGTAGGCATAGAACGAAACAGTCACACGGGTGTTTCTTACCACACTCTATTAGAACACCCACTGCTTGCTACACTTCGGAGAGTGTAAGAGTTCGCCGCCCACTGGTCTAACGAAGTATTGTGCCGTCTTTAAAACTGAGACTATGAAATAATCTTTGTGATCGTAACACAAGATAAGTTGGAACCAGACCGGTTAGGAATATCAATGCAGACGCCGTATAAATTGCACTCCGATTCACTGAGCGCGGCAGTCGTAGGGCACCCTTACATCATTGTGGTCCACTGTATTTTCTACCCTACGTATTTTACTAAGGGGTCGATGCGCTAGGTCTTGCGGTCCCATTCAACACCATCTCTAAATGCGCTAGGAGAAGGGGGGTGCATTTCGTTACCGGCTTCCCTGATTATACCTCTCGCAGGCCTTGTATTCAAATATGAGACTTGGCGGACCGGAATTCCGTGGCTGGTAAGAGGCATACATATCGTGGGACTCATTATGAGATGGGTATTGCTAATACGGAACGAGTTGAAGCGATACGTATCGCAACAGCACCTTATACTAGCAATGGAGCGGGTACCCCGAAACATTCCGTACAATAACGTCGTGATAGACGGCAGATCCCTATCAATGAACACACGCCCGGTAAGATCCGACATCTCCGTTACCGGCCTAACATAGAGCTGGTTGTGGGGCACTGTGATAAGTGATGCATAACGCTTACTCGTTACACGAAAACGACCATCTGCTCTTATAGGCTGACTTGCAGTAAACGCGGAATTAGCGCCGTACAGGAGCATACATTGGTCTAACTGGGCCAACCGTGATCGTCGCCGAGCCCACGTTGTTGAAGAGAGGACTGAGCAGAGCTAGGTTAAATGTGATATCCTGCTCTCCCAGGGTGCCATGTACCCCGCCGTGGATTCGCGCATTGGGAACACACAGGGTACGTAAGCAATAAATCAATATCAGTTCTTTCTGTACGTCTCTGAGACGTGTTGGACCACATGAGCGTGCGGGGAGATAAGAGTACTTGTCCACTTGTGACTGGTATGGTTCCTACCAAAACTAAGTCCTTAACCACTAGAACCGCCGATATTCTTTGTGAGTATAAGTAATCCGGGACGTCACCTAACTCGAGGTATGAAGTGGAACTGACCCGCACGAGTCGGGGTTGCTTAAATATGTACCGCCTGTGTTGGAACCGGAGCGAGGGTATATATACGGAACCAGGATCCCTAGCTCTTTAGGGAGCCTTTGGCGATAGTCTGTATACAACATTCCCGGTGCCTTTCGCACATCATGTAGACGGCTACCGGAGCATCCACAGCTCCGAGAGTCTAGCAACCCATGGCACCGCAGAAGTTCAGCTGC,1857,49.49,Caenorhabditis elegans
SEQ_137919,TGAGAACCTTAGACCGTTCTGCCCCCTACCTACAAGTACCAGAAGACCTCTGTACGTGACAAGTCCTCAGGTCCGCCAGACGTTGGTAAAGAACGACCCGGAACGATCGTCTGCAGCAGAGCCGTGTAAATAAGGATAGCTTAGTGCACTCATGTGTTCGTTTTACTACCTCCTAGAGAGAACATACCTAATTATAATGGTTCCGTCTAAATAGTGAAGACACTCACCGTGAGGAACTGGTCAAAAAGGGGTTCGGGTAAGTAGACTGACATGAAGCATCTTAGCTATCTAATTCTCGTGTATCTAATGGCCTGGCTAGGCTTCAGGGGGGAAGGATACTTCCGCTGTTACTTACGAGTATACGCAGATGAGCAGAATGGGTCACTGTTCGTAAGCATCAATTTCAATTCAAGCTGTCTTCGTTGTTCGTTCTAACGACTATAATAAATGTCGATGGACATGGAAATGAGTAGTCAATACTCGGCGTCCCCGTATGCGGGGACCCTCGGGTTTCTCTCTGAAGCAAGACACCCTACGGAAGCGCTATGAAGCGCAAGAGAGCTAGTCTGCTAAGACATGCAATTCCCACGGGGTATTGTAGTTAGCTAGGTACCCCATAGGAAGCGTATTTAGATGATATACTACTCAGAATCCACGAGTTGCTGCACGGGAGGGACCTAGCTACGACGTTGCTGTACCATGTTTGCATTCGTGGCGCCACCGCCGAAGGTTTCAGTAGGTCGTAAATTCAATTATGTGTAGCTCAAACCCGGACTCGCCTTTGTGATAACTGGTTGAGAGACTGGTGGGCACGGGTACGTATCTCTGACATGATGTTGAATCAATCACGCAATGGGTGACACCTGGTGAACCATCAGGCGTGATCTTGGTACGTCCTCATGAAACCCCCATTCTTCTGCCACAGTTCCGTGTCGATCTAGGGTAAGGGATGTTGCGGACAATGCTGACTCTAGACTTCACCCTAGATGCCGGTATGTCTGCGTACTTATTGCGCTAGGCACCCCTATGAACAGATATTTGTGAGGAGCTGGGTGTAATTAAAGCGACGAGTTTAACCGCTGCCATCGCATGGACACACTTACCTACCATGCCACGGACGAACCATATCTTGAACACACGTCCTGCATAGATCAGTCACTATATAGTCTATTCATGACATTACTGAGGGGAGAGTTTTTCAACCGGCGTCAAGCGACGATATCCTAACCAATATGCGCTGGGAACGATATGCTGGACGCTCGTTCTATAGATTGAGTATTCGGTGAGTTGGACTTCGTGGCCAGAATTTCAGTTGGCATCGACGAAAGCTCCAGTGTCCTGCGGTCAGATGGTGCTCACGCAGAGCTTGGGTCGGTGATTTGTTTCGGAACGAAACATTACT,1402,48.36,Arabidopsis thaliana
SEQ_559837,GAGCCAATGCTACGATAGCCTATTTGATGGCGGAAGATATTTCCTTTTAACTGAAGCAAATCGAATGGCGTAGCTTTGAAACAAAATTCCGCCGTCAAATATCGCATATGAAGAGATCCCTTTTACAGATAGTGCGCGCTGATGGACCTAGAGGGGCCCTAAAAGAGATCCACGTGCCAAAGTATAAGTCTGCTATTGTCAGTACCAGACGTTTTTCGACGATGAGGGAAGACAGCTTTCCACGGCTGACCGTTAACTGCGAGTGCAGCGTCCACTCAGTGGGGCAAGCTGCACAAGTTCCATCGTCTTATTCCACATCGGCACTGCCTTTTCGTCAGATGGAATTGACGCGTTTTGAAAGATTCCGTGAACAAGTTTCGCGCTCTCGTTCCGAAAGGGCTATACTGCGCGATGTAGCGAATAACTGGGAAAACAACGCTCGATTGATCTGAGTAATCTGTACGCTATTTACGGTGGTACCCTGCGTTTCTCTCTCGTCTGAGTATTCGGAACGCAGTTCAATTCCATCAGGTGTTGCTCTGTCTGCGCAGGATCAGAAAATCGCCTGAAACGCCTAATCAGCCAGGTTCGGACGAATGCCAACCTCGGCAACGCGTACGTGTTTACCGTCGGAGTTCCAGGAACAGATGCCGAATATGATTGAGACTTTGTGCTCTGCTACAGATGGTCGGAGAAAGCTTCCGCGGCGGAGATACTCGAGGCTCAAAGGGTCAACGTTTGTTCGGCTGCGCACAAAGTAAGTTCCCCTTGTAATTTGTTTACTACGCGCATTGCTGTACAGCGGTCGTAGCTTGAAGTACGGTTTTCGTTGGTTTCACGGGCTGTACAACTCTA,855,48.89,Homo sapiens
SEQ_926303,GCCAGAGCCTGTGGTTGTGCGCGCTAGCTATTGTGTCCTATCCTAGGTTAGTCTGATCTTTTCCGCAACGCAATTTGATGGCTCCTTTACGTGGAATCCCGACCGCGGAAACAACACCAGGGTGTCGGAGAATGCGGTTCGGGTACCGCAAAGCGCTAGTCCCGGTGAGCGGACTCGGTCTAAGCGGTCGCACGACTGAAATAGACGACTGA,212,55.66,Drosophila melanogaster
SEQ_990128,AATGCGACTCTATAAGAAGATATACCATTTTATGCTCAACCGCTGTTAAGGGTCAACTATCCTTACCTTGTCGTATTATGCGTTACAAGAACCCCATAAGAGAATTACCGTATTCATCATACCTGTCCTGACCGAATCCAACAGATCTTTATTATAGGACGACGAGAAATTTTAGTGAGTCCCAGACGAGGTCCCCTTTGTGACTTGCGCATGTTTAGTGCGTTCTAATGCATACTCAGATATACGGTGCCGACTCGTTTAAAAAGTAGTAAAAACACAGGCAGACGACGCCTTAGACACATCGATCCTTTGGCCGTGTGACAGTCTGGACGCTACAGACTCAACAAAGTACCTTGTGTCAGGGTAGACGTGTTTCATTAGATTTGGGTGGCGGCTTCGGGAGTGGGGAAATCTTAACGTCAAGTCACCAGGGGAAATGACTGACCCCCTCGAATGCAAGCGGGCACGCTCAATTGGTTACTGCATCATGTGATGACCGGCGTTCGATAGTCGTGAGTTCCCTACCTCTCTTTTCTAATATACTCGCGCAACGGCCCTTATTTTTGTCTGGAATTAGAATCAAATGTGTAATGTGAAAGTTTGGTGCAGACACTCCTGACGGGTAAGAGATCCATGTACCCCCTAAGTGCAAGCGAGGCAGGGTATCAACGCACTGAGACGGATACCACAATTATGGAGGCGGACAAAAACAGTACGGCCGGACTGTGCTTTTGGACGTCTTACTAGGTACGTTGAGGCGCTCTCAGGGTGTCATTGAATCACGACCCTGTGGATTCAACGTAGTCAGTAACATCATAAGCTGCTCGGTCGAGCCATGGAAGTATGTTACTCCTCTATCCTCGGACCCCTCGTTTAAACGCCGAGGTTGACCTTAACACGGCCGGCAGGGAGAGACCAATCCACCGGCGAGCTTACTGGAATATCGACCGGTTTTACAACGCACTGAAAAGCCTTGTTTGCTACCTCCTAAGACCAAAAATCGCGCGAATAAGCTTCACACCCGCGGAACGGCGGACCCGTTAACGGCACATCAAGCAGTCTGAACCATCAGCTTATTTTAGTTTGGAGATCGGAGGGACTTAACTAACAAAGCCACCGTAAGGCGCTGCTCATGTAGTGCGTGGTGGGATTTATAGAAAGAACTATTGGGGGAATTGGACCCCTATCTAAAGGTGTTGGAC,1202,48.0,Arabidopsis thaliana
SEQ_202206,AAGAACGGAAATCGCCTAGAAGCCACGGTCATCTTACTTCAAACCCATGAACATACATTGAGTTTTGCGAATTGGCTTTAGTCACATAAGGACCTAGCGTGGTTGAACCCTATTTATTGATTCCAGGGTTAATTAGATAAGCAGGGCTTATGCTTTCTCAGAAATAGCAAACCCGATCGATCTGTGTTTTGTTATTAGATCGGAATCCCGTTGCAAGACGGGTCTGCACGCTAGGCACTGATCCCGACGCCGGCTCCCACTTCGTCTCCTCTGTAAGACGTTGCTACCTAGACTGGTCCACCTCTCAGCGCTCGTATAGATGGGGCACGAACCCCCAGCGGGTAGTCGGATACGTCAACGTTTTGTTAGATTCGTGCATACTTATAACAACTATCCAGATATGCCTCGTCATCACGGATGAGAGATCCATAAAGGTGCCTTGTTACCGTATTATGTCCACTTCTTGCCACACCTCGATCGAAGACGGCATTCAAAGATAACAGGCAATTGAAGCTCAACGGGTACGTTACTATTTAATCCGTCCCAGTGCGTGGCGCCTAAAACTGGCCCCCACCTGTAGCAGGGGGCTACCTAGGGACAAGCGCATCCCTAGTAGTGGACTGCTGTCCTAAGAGATCGTTGATTTAGCTCAGGAATTTCTAGGCCGGATCATCCATATGCAGGGGTGATATAGTGGATCATCGGTATGACTATACGCGATAAGGCATCTCGTACTGTCGACCCATGTCTAGAGCGGTTTTATCGATCTAATGGATGGCTCCACACTCATCGCGTTTGATACTGCAATTCTTTGGCCTTGGCTCCCCCTCAAGGCTAGTCGCGAAACTGATTCGTGCGCTCAAACAACCTGGGTCCTAAGCTAGCTCGCGCACGCGCGTCACAAACATATTATTATGCGGTGCATTCACGAAAGAGGAAAACCTACTTTTTCGTGATCACGCCGGTGAGAATGTAAGGGTCAATAGCTCGAGAGATCCAACCAAATCACGTGTGCATGTCTGGCTAGAACGAGGTCGAACATCCCGGCTGCTTTATCAGGTGCTGCTCCAGCGTCAAACGGTTATGTTTATTTTGACAGGAGACTACTATGATGCAACCAGGAGTTATCAACCAACTTTGTACCATCTTGTCCACAATGCAGCGGCTTTAGTCCAACCTTGGACTGGGCTCAGGCAGGACAGTGTTATTTAATCGCAATTTTCTCCAACTACGTCGGTGGCGAGCTTCTGGTGACATTGCGATCAAGCGGAGCACGTACTTAGGAATAGGTTTGTCAGTCATGCCGCCCCGTGTCCGCGCATGTAATCGGTGTTAAGCCTACTCCGCATCCGCTTTTTGCCCCCCCAAACTTTTTACCGCTAGGGAATCTTACACCGGTGCCATAACTAGACACGACCATACTACTGGAGGGGGCCGCTAGACAATCTATTCCTTCTCCTGGGTAAGTTTCCCACACCTCTACCATAGTCTAATCTACAGTGCACAAAGCCTGACCGTAAATCGTCAGAATAGGTATGCTTATTCATAAACCAGCATGTGTTAGGCTCCACAGCTGGATTCTCTATACGGACCGCGCGATTAGCATTGCCCGTCAATGTGCGGGAGCTGTATGATACCCTTAGGGTTGTGCGCTTCCATAGGTTGGCCAGGACGTGGGAGCCCAGCATAAGGTCGCGTGTATTAAGACGGTGTACTCGGCGGCATTGCCAGATCCATGTGTTACACCCCTCAGTAGACCGTGCGTCCGAATGAGGGTACACTTCAGGAATTGCTAAGCCGGAGAAATGACGTTATGGTACTTAGCTTCTAAACAGAGCTTCAACCGGACCTGGACGATGCGGTTGTTGCGCGACCCTGAACTTGACTGTTTGTATTTCTAATTGGCTGAACGCCGACGACGGAT,1924,49.48,Mus musculus
SEQ_805673,GTCTAAGGCTGACCACAAGGGTTTTGGTGGGCAATCAATCTTGCGCATGACGCTGTAATTGACCTTGTTAGAACTCGGCATCGAGAGACGCGTATAGTCCACGCACGTAGTGGGGGATCCCCTATGGAACTTACAAATTTTGACGACCAGACGGACCTCCTCCGCCTTCCGACATATAGTAGGATTCTTAAGGGGCCCGTGGATTAACAAGACGTGAGATAATACTGTAGTCGCCTCTTAGAGACACTTTAAAATCATGACGCAGCACCCGATCACCTAAGATTTAGGACCGGACCGTGGGGCACACCCAACCGCAGCGTGAACGCTTTGGTATAGGGCCGTCCCCGTCTAGAAGAACGGGATAACCTACCGTATCGAATACCCATCCCTAAACATTCCACGAATTGTAAGTTAGACTGAGGCCCGCGATGCGAATATCTGTTTGGCTCAGTAACCCCTCTATCCTCTAAGCTAGTCAATCGGACGCGTGGTGCGACCTCAGATGGTACTATTTTTCGAACATCCTTCGACGCTGCCAAAGCTCGGGGGCATAAAAGTTGGTTCATTCAGAACAAACCAGATACGGAAGCGTTCCTATTTACTTTAGAGGTAGATTATCCTATGTACTATTCCGAAGCCTTCACGGCCGTCTACCTCTCCTTGATTTGATCAGTCAATTAAAGGCTATTTAGTAAGATTGCACCTACCTCTCTATTCCTTTACTAATTCAAGCCCTAGACTTTCTTAGTACTTAAGCCGTGGGGCATCAGTTAGAAGATATGCGCAAGCATAACTTGAGTCCTGCCCTGTTCTTACAACCAGATGTATCCGTACCTACGTGATGACCGTTTTGGTATTTGGGACGTCGATTATTGAATAGCAACAGATTCTTGAAAGCGACAAGTTGACATAAAGCTCATTGCGATATCGTTGTACCTTACATACGGCCGTTTCTACGCGCGGTACTGTTTACTCGGTCGGTGAACAACTCTGATCGGAATACGAGAGACCTTGCCCACATTGGGGCGTGCCTCCAGACTTCGGGGCTGACCGGAGACGTTGTAGCAGGCGACTCATATCAGGCGGGTACCTTTTGTTGGTTAACACGACAGAGAGCTAGGCCCAAAACTAAACAGGCTGGACCGCACGCTTGGTAAGTTGGCGAGGTACATATTTGCTCTCGACAGGCTATTACGCAGGGCTAGAAGTCCGTGACGGGGGCAATATAACTTAGCTCCAGCTGATACGTTGTCCTAGATCGACTGAATACATCGGAAAGCATGATATGACTCGCGTGCCGTGACTTCGGGCCTACCGTGCTTTTAGGTTCGAGAAGCTCCACTCCCCACAGATGCCCAAGCTTGTATCCTGTGAGAATGCTTTGAAGGCAACTGTGATGAGCGACCTGCTCTTCGGTGTCTTCTGTTACTGACTTTCGTAGGCTGGTCTGCATTAGAGCAGGAAAGAGCCAATGCTGAGACTTCTTTCAATTCATGTAGCTACTAAGGAAATACCCTGCACGCGGCACGGCAAACCGATAGCCGTGCATCAGCGTCGACAAGGACCTCGGATTATCTAGTATAGCAGTGGCGGGATGCCATCCACAGCGACGTCTGCGCATTGCCTTACGTCGATGGGTTAAAGTGCTGACCAAGGTACCAGTGTCACGCTTTGACGAAAGCTCGGCACAAGGTGCTGTCGTGCGGGGATTGCCCGTTGTCCGCCGATTGTCAAGCGGATACCAGATTGAGACTATGATAGCTCCCGGCGTTAGATTCCGGGCTTTGGCACCTGTAGGCGGGCGTTGACGGAGAGAGCGGTACTGAGACAATT,1833,49.97,Escherichia coli
SEQ_714240,CCACGCTCGGAACCAGAAATTAAGCACTGTACGGGGGGGATGTCCAGGGACGTACCGACTCCTGGAGCCCGCATTAGTCGTAGTTCTCGGCCTCAAATATAAAACACAATTGCGGACAACCATCACGCCTGTCCCAGTAGTTCTGCGCAGACTGAGCATGGATATGCGTGTACGCGAATCATTGTTTAAGTTAATATACTGCATAGCTTTATGCCATAGGAGATACGAGACGGAAACCACCAGATAGCACACGCTAATTGGGGACCTACACCGCATGAATCCCGGATACAGTAACTATGGCCGGACACATACAACGCTGACACGGTTGGCCAGAGGCCGACATTCTGGTCTCACCAACCAGACTGGTCTGACAGCTTTTATCTACCCACACATGCTTCGGTGTCAGTCCGCGGCCCACGGCTACCTGACCTTTACGCGTTCCGTGCTACTTCGGACTTCTAACAACGCAAAGTACACGGCCCATCAAGTACCAGTAGACGACACGGACACCGACCCCCTGTGGATAGGATCAACAGGACCCGCTGGACGCACGCCGCGGAAAAGCCTATTATGACGGCAAAATTACGCGTTACAAGACAATGAGAAGTTACTCGATACACGCAGGAATTTTCTCTGTGCGCGTATGACCGAGGATCCCTTTGACCCATGAGCGATTAGGTTAAAGAGAGAGAAGACCAGACTAGATTATGTGTACAATTCTGGGACTGGCCATTGGTATTTGGCGATAAGAAAAAAACATCCAAGCCTGACATGAGGAATTATATTATCAACATCGACTCCATATGACCATCTCTGAGGACTAGGCGCACATGTAACATATGTGGGGGAAGACTCGACCGAAATTGTACCTTGATTTCCCATGAGACGATCGAGCTCACTAACTTACCGCTTCGATCGCGAATATAAAAAGTTGTTGTAGCGGTGAACAATCTTACGACCCTCCTGCTTTAGGCCACGGACCTGTTTATGAACCTTTCGCAAGATCAGTATTTGCTCTTCCCGCAGCCTCAACGATCGAAGGCGGTCATGTTCCGACCAGCATTAGATTTGTCGTTAAAAATAGTTTCTCCTCGATTAGTCTCGGTGGGCATAAATCCGGGGGGGGTCGCGAAGCCCTCGTCTCGAACAATGAGGGGAGCTCCTCCCAAGTGAGTCTCACGGGCCACGTCCACGGTTATCGGCGGGGATAGTGCAATTTACGTTTATTAGAGCGAAGAGGCACGGTCCCTAATTAACGCGACGGCCATGACCCTAGGCGGGCTGTAGTAACAGAGCAACATGTGGCTAGTCTAAATTCACGAGTCTTACAAGCTTACAACTGTGATCTACGCTAAGCAGGGCTTGTAGTGCATTTTTATTACATCGTCTGTCATCTTTTTTACGACGCGGACCGCTATAGATACGTACATAGTCGGATATATCGCATTGATCTGGCAGTTCATAACAACCTCTTATTTGTTTAGCCCTACCAACGTGACCCGGTACGCTCTTATCAAGCTCTAGTCCCCGCCGCTCTGTATATCTATAGAGTATCTTGGATTCATCCTCACTCTTACCCCAGACGCCTGATGTTGACTAAGAAACTTGACGTCACGACAACCTCACTGCCCGCCTATCCATATGTGTTTGTGAAACTGGCTAGTTATAGCCAGCATTCGAGTACAAACTGAATAATCACGCCAAGATGCATTTTCAAGTACCTCACAGCTCGTCAGGCCGGGCTCGGGGGCCCGCTGCGTCAGATATACCATCGCACAGCAGAAAAAACGCACCCAG,1797,49.36,Escherichia coli
SEQ_306430,CGTTGCGTCTAAGCGGCCTCCATTAATTGTTGGAATGAACGCAATTACGACCGCAAGACGACGGGTGTCGCCCAGGTTAATGCAATTGCTACACCGCGCAATCTCCCCTACTCATTGCTAGTGAGTAATAGGCCGCATGGCCCAAACTTCTAAAACAGTTTTAGATCCGCTTATCCGCTGAACCAATGCCCGGGCCGTCAGGCGAGTACCACTGGGACGTAACGGGTTCAGATCGACGAGAAACGAAGCTGGTATTATTCGCGGAGAGAGCGCAATCTTTAGTAGCCTCGTAGAGTCAATATCTAGAAGACTGGCCCCGGCTAACGCTCGGGACTTAGTAGACACTCCGAGACTTCAATGGATGCTCGTCCACTCTGGACTACGGTGGCGCGGAGGTACTCCAGTGAAGACCTGGCGAGACCGACATAGCGGTTCGAGGTTTCCTCGCGAAAGGGTTATCTCCGGCACGCCCACAGTGGCACCAGACTGACTTCGTGAAGGTGCCTTTGAACCTCAGTTAACTCGGACTCCGACATCAGCCCTTTCGATCCTCGACTGTACACTACTGCAGAGCAGCCGGGTACGCCCCAATACAAAAGGTGGGTAGGCGCACTAGATATTGGCGCCCGAAAGTCCATTGCACCCCTAGGAACCTAACTATCTCAGGTTAACGGGATGATGAGGTGAGAAGCCCTCTAAACGAGCTATTTCTCGCTCCCGTTGGGCCTCACACGTAAGGTGTGAGGTATTAATAGTCAGGATGTAAGGAACCGAGTTAGGTTTCGGGATGCTGGCCTTCCTACTGGTGTGGCGGCCCGTCCAACACTCACGATAACAGTCCCTACATTGAGCTGTCAGGGGAACCGCGCGAAACTCAGGAGAGGATTTCTGCGTGATACCATTTAGGCCGCTACACCATTCATGTTCCACCAACCTAGAACCGGTGTACTGCTCCAAACATGCGTAGTATTAATGGAGGAAGACATCCCGGCACTCTCGGATTGTCCTTTAGATTGGGACTGAGCTTCGGGTTTACACTAGCGCGGGTAGAAATAACTCTTTTTTGTATAGTTGACTCCTGTAGGTTCGCCTTTCAAGTCGCTTCTTGTTGTTAAGCCAGCCGTCAAAGCGCAGGTGAATTCCCTACACCGGGATTCAACGTTAGTCCTTATTCTGCAGTCGCGTGCTTTGCCACTGCTTGGTCGGCAGGGTAATATTAGACCATGGCGAGTGAACCTCGAACGCTAAAAATCCACACCGCCAAGCATTTCCATCCCAAGCGCTCCAGGGTGTCATCATGCACAAGCACTCACTAACTCGAGGTTACAACTATAGTGCATAGACTCGGAGGCTTGACTTACTGCGGTAATGTCTCCGCGATAGTGAATGTGGGTTAATTCTGCCAAATCCCCAACTTGAAGATCGCTACTTTTTGTTCTTCACAAGAACGCAGCCTCGTCGATAGCTGAGGCGGGATGGCGCGGCCTGCAACTACCTCAAGACTATTGCGACGCGAAAATGTAGTATAGACATGCTAACCTGATACACTTTTCTCAAAAGGGTCGCGATAAATGTACACCGGGATACTACAATTGTATGCTCCTGGGAGAGTAGAAACTCGATCATGCTTGCGTGACAGAGCTGTCACCGCTCACAGAGACCATGTTACCAAACTGTACCTGCCGGTCATTAGGTCTGCGGAGCACGCGTCGGGTCGAGTGTGTACTCGATCGCGAGTTGAGCTCGCACTTTCGATGTGTAGTCATGCTTGGGAAGCTTCGATAGACGGCCTCACATGCCGGTTTTGGATTGATACGGAGTGTCCACTAAGGACCG,1836,51.63,Arabidopsis thaliana
SEQ_768246,GATCTTTTTTTAAGTACTCCTCAATAGATTCAGCGATCTCATGAACATTGACCCCGTTGGTAAGTGTACAGTGACGAAGGCTACGAAGCTCTTGCTTTTCCCGAAGCAGTTGCGCCCCCTTCGGTCCCTATTATGCGTGTCCAAATCTTTAGCGGGTAGGGAACCCGAGTGGAATTCCTGTTATAGCCGATGAAGTTCGGGTGTGGTTACAGAATTGCAAGGCTCTTATGATGTTGAAGTGCGGAATTGAGGTACTGACGACCTTGCGCAGTTAGGTGGAGGCCAGTCCCGCTGCCTGGGTGCTCGATTCATGCTAAGGTCTGATACGTAGACAAGGGTACCTATTTTGTCTAACGCCAGACTCACCATAAAGAGCAACCCGCTGGCTGTATAGATAAGCGAATCGAGATTAGCCGGAACGGCCAGTACACTTTTGCATCCTTTACAGGCCTGGCAGCCACCCACTGAACACCCGAGGAGTTGATGTTCCCGTGAGGGATCACTTCGGCAGGTTTCGGCCATGTCGAACCGTCATAAACACAATGTACTATGCAACCACGTCAATTAATTGAGCGAGCCGCTCGTCCAGAATTATATCTGTTTTCGAATAAAACTTTGGGGCACTCGGATCCCAATTCAGTTATTGATAGTCGGGAGTTTCGCCACCCCAATATAGGGACCATCTACAGAGTGCTCTGACTTACGTAGGGGTAGACTAACATCAGGGGGGTTCTCTTGGAACCCTACCCTTGCTTTCAAACACACGGTTGAGTTATACGCTCTTTCTGTACGTATAACGCGGTGAGTAGGTGTGCAAAGTGCGAAAATTTAACCCGGATGGAAACCAAACCCTCAATTCTAAGTTACTCAGCGATGTGCCCTGGCCCCAACGCTGTAATTGTGTTGGGTTGGATTTTACCCAACTGTGGCTCCATCTCTATTCACCGAGAAGTCTCACCCCGCTTACCAGATCAGATCTTACCGGTCCCGTGATCCCGTAACATGCTGCAGCGGCACTATTTCCTGGTGCGTAACAAAGCTGGGGAGTACCGTCACGGGGACCGCGTTTTCAAAGCGTTGCACCTATATACTGCCCTTGCTCCAATGAGTTGCTAAGGACCGGGCGGACACAGAGAATTTGCAATGGTCAACGGGGACATATAGAATCCACAAGATCCAATTATTATGCGTAAGGCATATAACGTAAGTACCATAGAAAATCGTGATATACGTGGTCGCCTCGCTGCCTTTTTCCATTTTCGACAGGTAGTGCCCCCGTTCGGGAGGTACATACAAGGCTTACAAGAAACTTTCGAGGAGGCCAGGGCTGTACTGCTTTCAACTACGATAAGAGCGAGTCTCGCGCGCTCTCGTGCGGGAATCAGTTTTCCGTGTCTGCATAAGCTGCTGGTCTAGCGGGCTTCATGATGCGCTCTGCACGATGTCATCTTTGTTATTATCAGATTGTGCTCGTAACGCAATGTGACTTATATACCAAACTCAATACAGATACG,1514,48.94,Caenorhabditis elegans
SEQ_672707,AAAGGTATCTCATCGAACTGACCGTATCCTATCGAAAGAGGCCCCCTTTAACGGATTCCTCGAACGGCAGCCGGCCAACCACCCACGCTCAGGTTTATGAAGACAGCCTCATGTCCGCAAAGTGGGCTAAAAACGTCCGCGCGAGCTATGGCCGGCGCTTTAGGTTTAGTTTGGGCAAGTGATCAGAGCTGCTG,194,54.12,Homo sapiens
SEQ_458765,TGAGCACGATCTATCGTAATAAAAATCCGTCTACCGAAGTGGGTTAGTTCCAGCTGGGGTACCCAGGAGGCGGCTCACGTGGGATTTAGGCCCTCGATCCAGAGCCCATTCTACCAAGGAACGAGATATACATTGGACAGGAGGCGCTTAGGTGGTGGCTCGGTTGGTTAATTCGTTTAATTTGTCCCTCGGCTAACGTTCCCTGCTGTCCCCGTGGATCTCAGGGTGTCATGTAGCTATCCCTACGGGGTATGCCATGCTGTATACGCTTTTGGCGAAGTCCTCCGTGGAATCCCAGCGAACAAGTATGGGCAATAATATGCACGCTATTGGTGGCGACACGCTAACAAAAGGATTCCGAACACGGGCGCCTCCGATGACTTCGACTTAGCATCCGCGTCGCTATCGCTCTAGCAGCCTTGCAATCATCCGGTAAACATGTCCCGCTTAAATGGCACGAACGAGAATTGTTGTGGTAGTCACATAGTCTCAGATGCAATCAACTTCGTGAGCGATTCTATTTAGAAGACGTCTCATAAAGAAGCCCCGAACACAAGTGTTCCCAGTACGGCATACTGTTCACTGCCTAAGAAAGTCCGGTAGGTGGATTGGTGTCACTTCAGCACACGGTGACACAACAAACGGGCGAAAGGGTCGTATTAAAGCTGAAAGAATCCTATATGCCGATTATTGGGCAGTTACACGTAAGTATCGCTAAGTGTGGTATTAGCATATCCCTCTAGGTTTGATGTAACTTCTTGACCTGCCTCAGACACTACGTGAGGAGTGAAGAGCTGACGGTACCGATTTAGGAGTGCGGGATCTGGCTGAAGTGGGCGCTACTTGCGGT,850,50.12,Caenorhabditis elegans
SEQ_364709,GTGATCGCCAGAGACTATGTCTAGCAAGCTGAGCCGGGGCGTCAGTCGTACCCATTGGCTCCTTCATCATCGACTTCTAGTGTCCGGAGACCTAGCCAAAATCGAATGCTACCCTTTTTGTCGGCGTCCAAGCGAAACCCGTCATAATGGGAATGCTGCATAGTGTAGCACGTTTGAATCGCCGGAACCCTAGGTGCTGGGACAGTAACCTCTTAATCACTGAAGGAGGACTGGCTCCGGGCCAGAGATAGAGCATTCCAGCCCGACCATAAGGTCCCACGCCGTAGTGCAATCTTAGTCTAATCCTCGCCGCTAGGTTCAGGCCGCATGTTTACTATGTAAATTTGAGTGCGCACGGCGTTGGAATGCCCCAGGCAAGCGGTATCTGTCAATACGAGACACTATGTTGCTGTGTCCCATGACTTCTTGCCGTCCCGCCACTTTACTTTGGCTGCTAAGACACATTTGATTTTCGACCCGGATGATTCTGTGTTCTGAGACTCGGTCGTTATAAGGATCTGGTATAAGATTCACCGTGTTCTGTAGTCCTATCATATAACCTCGTCAGCGCCCTCGTGTGAGAACAGAGCCTTAAAGGGTGGCACCAGCCTGTAGATTGCTTCAGAGGGGCGGTCGAGCGAAACCAGGGCGCTTCCGGCGCGCAAAATCGATGATGCATAAAACTACTTTAGTGGACACAAGCACACCATCACTGTCCAACACCTAGCGGTGACCCGTTCAGGGGTCTGCACTGGCAAGTGTACGAATCCTAAAGCTAACAATAGCCGTAACTACACGAGCTGCGTAGGTAGAATTTGAATCAGGGCACGTTTCGACGCGGCATGCCTAAATTCGCCGCTTGCCCGGACATGTACAGTGCCGCGTGACCCACGGGTCAATATTGAGAGCGAGCTGGGTTCCCCAGCACCTACACCGAGCCATAAATGGGTAGCCGCCGAGCTCAGTGGGCTTGAGTAGATCCACGAGTGCTCGTCCACGCCTTACAAGCTCTATCGTTCAAAGTAATGGGGGTCGGTGATCGTAGGCGACACCCACGTAACTCTCTCTTGCCAGCGATAACCTCATTGAGGAATCCTTCACTTTATACCTGCCATTCACATTGGGGAATGAAGATTTCGCGGATAAAAATGTAGAACACTGCTAACTACTAAGTGTCTTTGCGGTTAATCCACGGTTGCTTTGCGAGCGTTGTGATCTTCACAAATTGTGGACCTGAATTAAGTTTCATAATGTGCTATCATATCGGCGAGCATATCGTCCTCACAAATCCCTGTTGCTATATTAGGCCTCCGCATCCATTATCGCGAACGAATAAGCATTACCTGCTACTGGACACGTATTCATGTGACCATTCGCGCGTTGAGTTGTAAAGGGTCTAACGATTGCAAGGTAAGGCGCGGGCGGGGACGTGGTCATTGAGCATTGGAGTTATCCCGTGCCCCTATATCAAGCTCCATCTCACATGTCCTGTCTGTGTAAAGTTTTCCAAGGGAGTCAGGACTGTATTACGGTGCAAGCCGCGGTTGCTCCAACTAAATGATAAGGCAC,1569,50.8,Mus musculus
SEQ_679444,GCTTACCTGGCTTATAATCGGTCCATCAGTAAACGTGCTCGTGGTAGGTAAATCACGGTAGACTTCCGGCTACCCACACCCTGCTTTTATCGCATGTTTAGATTCGTACCGTAGAATAGGTCTCATTTTGGGCGTGTAGGTCATGTGTGCAGAGTCATTAGGCTTTATAAAGGGTGAGGCGCAGCTAAGGTGCCTCCCAACGTAGATCCTGGCTTGTCCGGTTAGGAGGTATAAGACTTTGACCGGCCTGCGTT,254,49.61,Saccharomyces cerevisiae
SEQ_275494,GCAAAGTTGAAACTATATTCAGCCGTGTTTCCCCTGTGCCACGGTTGAAGGAGCAGCCAAAGAGAAAAGGTGTCCAGAGATATTCAAAGGGACAAGTCCAGTATAAGCCATCTGTCTCGTGCAGTTCACAGTTGAGATTTTTTCTCGGTATAACTAAGAACAATTCTTGGTCACTTGTACCCCCTGTCTGTTGCCTTTACTCTATACTATGGAGTGATTCACACGCACCCAGTCTCGGCAGCAAGTACAAGCCCGCCGTTACATATCACACACCTGGTCAACGGGTGCGGAGAGGGAGCGATTCTTGTACCGGGGATGAGCTGCGTCAATAGGGCTTACCTATGTCTCACATTGACGGTGGCGACAATAATCAAGCTGTCACAGGACCGAACGTGCATGCATTTCTTCCAATTGATCGGGATAGGGCGAACCCCAAAACCTACGGTTCTTGCACCCCCGCTGAGGACGCTGTGACCACACTCGGTTGATATATCATTAGGCGCGCAGTCATAAAAAGAGAACGACCTGCGGCTGCCCCCGTTTGTCACCGTCTGAATGTTACCCCAGTCGCAATGTTCTTTGATGCATTACCACCGCTGCGACGCTCACCTTAAGCCCTTATACAGAATCACGACAAGCACACGGAACTCATGTAGGCTTGTGCAAACAAGCCCAGGTACATCAGAAGTATCCCCCAAGACTAAGGCTTTGGTAGGTTAACCTCACGGGAATATGCGAAGAATAGCGTGATAATATGAGGTG,762,49.48,Homo sapiens
SEQ_563534,GGTGAAGAATCGACTCGGTACCCGTCATCATAGCCCATGAGGTAGGTACCGGGGCGTGATGCTGCCCCGGCGCGAAAGCAGGTTCGGACCGTACGAGCATGATTACGAGCGACAATATGACCAGCTGATAACGAAGAAGATGTCACCCCTTCCACTAAGGCTTGTGATAATCCGATGAGTTGCTGTGCGAGATATTGCGTTTCCCGTGGTCATCCGGGGTCGCCGAAAATGTGAAGAGAATTGACCCTGTCACGCTGTATAGCAAGAGTTCAAACGCGTACGAATAGTCTAGCGTCCTTATCTTGTGGTACGCATGCCCGGCATTGACAACGGGCTCCTCTTCACGTACCTAAGTCCATCCGGTTGGTCGTACAGAGAGCATATATTTCCCTTGGACCTATTCATGATTTAGGCTGGGTAACTATATCAACATGCCAGGAGATGCCTCGAACTCTCGTATTTC,463,50.97,Escherichia coli
SEQ_242726,TTGTTTTCCTATGACCTTTAAAATCCTTCGTCAGCGCTTCTCTGCCGGGTTCCGGTAGTGGTGTTAACTTGCAGAACCCTGCTACTCTTAGATCGATGCAGAGCGACACATGTACCCTAAGTGCGGCCTGTGTCTCATATCGAGTCGCTGTCGAGCTGCCTCCCTGCTGCTTGTAGACATTAGCGCGCGTAATCGATACTATATGTAGGTCCATCATCCTGCTGCAGCGACGCCTAAGACGGTGAAGTACTACGCTTGAACTTGGCCCTCTCTCACTCTTCGCTCGTCCACCATTACCTACGATACTTTCTGCGCCGAGGAGGCGTAAGACGCGGCAAAATACCCCACGCGTTTAGAATTGTTGAATGGTTACTATCCCTGGTATGCATCAAATGGCACCTGTCTACGACGGGCATCGTCCGCCATGACACGACTAGCTTTCACGTTCGTCGTTGATCGGCGACATCGTCACCGACTTAAACTGAGTTTGATTTCCTGCCCCCGGAGCCTGGCATGGCGCCATAGCAGGATATTTAAGAGGGGGGTTCAAACTAGACCTTACGATCCATACCACCCCTTGACATAGCAACTACACTTTTGAGTTCGTTCAGTGGCGAGATGCTCGCTTTGTTGGAACCTTCTCATTCAAAATCTTGGACGAACGGTCGGTGCGAGGGTAACTGCTAACTAACTTCGACTGAGCCTGAGCCTTGTTTGGGCGAGCACCGGATGGCGATCCGACAGGGCGGAGTCTCAATAGTGTTGCGAATTCCGAGCGTCGTTAAAAGACCGAGGGTCGGATCGAGAGTTTTCGAGGAGAAGTCAGGATTAGTCACATAAGGGCGCCCCGGCAAAACCGTATCATGCACAGTTCGCTATCTGCCCCTGCAGACACCTGCATTGTTGGTCAGCCGTGTAGAGCTAGCGCAAGACCTTTACGTATCAGGTGAGCCTCCTGTCGACCCCTGTATCGATCAGTAACCAAATAAGCACGCATACGGATGGATTCTGGCATTGCGTATTACTATTCACTTGACGCCATCCCGCAGACCGCATTAGGTGTCGGAACAAACCTGGAAAACAGAGTTTTTGAATCAATACTCTATCAAGCAGCCGGTAGATATCCGCCTGCCTCTTTTACGCCAGTGCAATTCTAATGGTACACGGCACAACCACGCGCGCTACGAATTATACACCCAATTATAACCCACGACCTGATTCAGAGCGGTACGAAAAGGTTTGACTCGACTATGAGCAGGCTTGCGGTGCATAGACATCCTTTGTTAATTGATTAACATCCTCATTATCATCGATGTTACCGGCGTCTCCAGAAGACCCCGGGAAATGGCCAATTAACTAACCGGGACATAACGAGCGATTAGGGCCCTCACAAGCCCAGTGACGAGGTGCATTATATCTCCAAATATGCGCAGTTGCGGCATCGCGTAAATCACGTCAATGTGTGATACGTCTTGGTTGAAATGGCTGCTTTGCAAACAGTATATTTCACGTGACAGTGCATCAAACAAAGCGCAACCCGAAATGCGATTAGGCCTAATGGTGGGCTTTGGGACTTCAAACCGGGGAATTCACTTGTCAATATGTGAGGTTGTATGATGCGGCTGAGGGGTGGCGGGCGTTATTGTCGCGCTGCCATGAGGGAGGTTTGAGCCGAGCCTGCCCCTCTTAGACTATGCCCCGCGACTCAAATCCCGCTACAATCGCCGATGTTTGCCTTATAATTCCATATGCATGATGATAGTAATCCAAGATGCCTGAGTGAAACTCAGCTTAGAGAAGGCAGAGCCATAGAACCTTTGCCGCAGATAACATCAACCAGCTGAGGCGGCGACTCGAAAAAATTCTTCAGGGGTGCTACCGAAGAACGACTCCCAAAAATCGGTGAGTATGTCTTGTAGTGGAGTCCGGAAGAATTGGCCGGATTGGCTAGTTTTTGCCGGACTGCCTCCAGCGGATAA,1979,50.43,Saccharomyces cerevisiae
SEQ_685945,TGATCTCGTATCTCTCGCTAGCGTGTGGTCGATGTGGTCCGAGCGTGAAGCGTCTAAAATTATGCTGGTAGAAAGCGGATCGTCACCAACAATTGGTACATCGATAATACAAGTCATAGGTGAAACGAGTTGTAAAATAATATCCCTTCAAAAAAAAATAACGACGGACTTTAGCTCGCGACCCCTGGCCATTATAGTCTAAGCTCCCTAAAGAAAACCGACATAACGCGAATCCGGTCTCGTACTGAGGACATCAAGCTACCTTTTGAGTCAAGAGCGACCTTGCGGCGAGCAGGCTCCCAATTGGAACCCCCCGGCAGAACGGGAGCTTGCGTTATTTAATAAGTGTATCTGAGATACATTGGTAGTACGATAAAAAGGGGCCCCAGCTGTCTCTCGATATTACGCAAGTGATAGGTACAAAGCACGAACTGGTCAAGATTATGATCTTTTATGGTCTCCCACCCCCAAAGTACTTTAAAGTTGGGCGTCGTAGATGAACCACATCGGGCTCCCTGTGTGGCTACGGATAGATGTTCATCCGCCCAGATATCGTTTGTTTACATATCACCGTTGACTCATTCAAACTTTTGGTGCGTGGGATGAGACACTAGAAAACTCCATAGCATCTTTATTCACTTTTCGTCGGACCAATTGATCCGCATCGAGTTGTATACGAGTAATTATAATCATTTTTGAACACCTAAAGATGACCTCTGAGTACGGAGAGTGCGCGTCTAGCACTTATATCTGACACGCAGGCAAAAAGGATCGAAGGGCGCGACTTTGAATAGCCGGAGCGATTGACAACATGGAGTGCCAATTCTTTCTGATCCGACAGCTTTCTAAGGGTTGCTCACGTCTAGTTACGGTATTTAGGTTAGGAGTCGACGAATGTCGAGGCTGACTCGCTTGGTAGTTTTTCCCATACGTAGCCTTATGCTCATCGGCATAAAAGCCCTCACCGTTCAAGCCCACACACTTCGTGCGGTGATGTCGAATTAGTATTCAACGACAGTTTTACAACCACCTCTGTGAGGGATTAGACTAGCCAAACGTATTCTAGAACCATCCTCGCTCAGTAGCGGAGACTATGTTTATTGACTAGTTATCAGTGTGATAAATCCAGTCGGTCGTATCTCTATCCCATGGACAGCTATCTTGTAGAACATTCGGGACCAGGGCCAGAAATACTCGAGTTTCTCCTTGTCAGTTGTGCTGAACTCCGTGAACTGGACACCAATAATGCGCCCTATTAAGCGACGTGTAGGACATCATTATAAGAGGTCCATATAATACCTGCAGTAAGTAGTAAGTCATCCTTCTGCTGTGACATAGATATATGTACATCTGCCATGCACGCTCGTCCTGGCAAATGTCGTCTCAGTTCTATGGTCATCTGAGAAAAAGAGTAACGTTGTATCATTTGTCCATAGGTCTTGTCCAGTGCGAGGAAACGTCATTCCCGTGTAAAGCTACTGGAAAAATCTGCAAGTGTTTCCCTTGCGTACCTCCTAGGATCCAAGAACTAGGCTTGAATAGTTCACGAGATATATTTTATGCGGACGCACTTCTGTGCAATAAGTGTGGGTTGGTATTAGAAGGACACTTGGATCGGGCGCGTACACGGAGTATAGAGTTACGCAGGGCCACATATGTTCCGAATTCGGAGCGGGGGTGTATAGCGTTGTTCATCAGGCAGCGAACAATGCGTTCAGACGAGCCGACCCGTTACTTTTACCGGAATATCACCGGTGTTCTCCCGCAAGCACGGGGAATTTAAGCACAGTCTGGAGCAACGTCAAATCAGCGCCTCCTCCACTAAGGGCAACTAAGAGTTAAGCCATTTAGCTTAGACGCAGCCCAATTGGCCAGTAGGAGCCGAGCGGCTGCACTGTAGGGTGATGTAAGCTTCTTGAG,1920,46.67,Escherichia coli
SEQ_374402,GTAACCCGATAAACGCACTTTGCGTTCCTGAACCCTACGACATGTGAATGGTAGTTGCGTTCCTACTCAACCCCTGCGCTAGGGCAGTTTTGCAGACCATGCACTATCTAGTCTTTAGCAAGGGCGGCGCACAGTCAATGCTGTGCCCGGCGACCTACGGGTAATGCATAACATACGAGAGTAAAAACAACCGTATCTTCAGGCTTACCCAGCTGTTGTGCATTAGAGCTCTGACCATATAGTTGACGTAGGCGTGAGTGGCTGCCACCCCATATGTTCTCGGTGCCTGGATGGGATACTAAATAAAAACTTGCCGGATGAAGTGCAAATCAAAGATGATCAATTTATCATACGGATAGGCTATATCCAGTGGCTTGGCCAAAGTCGTGGCGCATGTTAGAAATTAAGAACAATAAGCCGAATTTAAAACAAGTTGTTTTGTCAGTCCGGGTGAAATCGAATCTGCTCGCATGAACGCAGGCCTAATAAGACCGTGATCGCTGATGGAATTATACAAAGGATTAAAGGGAAGTTAAGCGTTACCCATCACCGTTATCAACCTAACTCCTGTTAATCTCATACACTCTAGGGATACCACGGCCACCACTGCCATCGGTGCGTTTAGCACACAGATTCGGCTGCGATGACGCTTGAGTGCGGCTCCCTACTTTCGTGAGCAGTGGTTGTTGCGTCTCCCTCGATTTCTTCTGGATTTCACTGGCGGCGAAGCTGGGCAGATGAAGAATCTAAGCTCACCGTTTTAGGTCGAGATTTAACATTCACCGACCATCCGCACAGTTTGCAAAACCCGAGGGGGTAGAGAAACCACATCTCAGAAAGTAGCAGTGCGACATCTGCCGAAGGTATGTAGCTGGGGCCCAGAGGTGAGCAGTAGTCCTTGGGATTGTGATGAGATGGATAAGTCTTAACATCCTCGGACCTATATCTTTGTTCGCTGATTCGGCCTCATCACAGTCGATAGTGGTATAGTTATATTGACCGCATTACAAGTACCTATGTTGTAAGGGTCCTCGATAGGCACCAATGTAGCACTGGTCCATACAACTTTACTGTGTGTAGTAACTGTTTTTACGGTCTGCAACCTTACACGGCCATTCGGAGTGGTTCTACGCGATGACGCTCATAGCGTCCAATAATAGAGAGTTACAGCGAACATATCCGGTAAAAGGCGAGATGCATCCTCTATGTCTTCCTTGAGCCTTGTTCGGGCAGCACCAGTAATATAAGAGTTACACTGCCGGGCACTATTATGAGCCAATCAATAGCAGCCGATCCTTCGAATCGGCCTCACTTGGTTGATGGTACGGACTTTCAGCGGATCATATTCTGTTAAACCATGGATCGCACGCCTCAGGTTTCAGGCGCGCAGGCGTATCTGCTATGTCAGAGTCCAGCGTATCACTGGCGAAGTAGAGTGTGGGTTTATCTAATGGACGCGTCATTATCTTCTAGAGT,1476,47.9,Homo sapiens
SEQ_871360,GAATTCACTCACCCACGGGGTAGAAGCAGGGGATCACAAAGGTTGACTCTATCCAGGACCTCCTGACCATTCAGCAAGTAGATTTTCCTGCCGAGAAGTTGTTCCGCAATGTAAAAATGCCGGAACTTTAAAGTCTTTCAGTTAACCTGGGGCTCTCCCTGACGCGCATGTATAGACTGAGCTGATTACTACGCGGACGAATCAAGATATCAAAGAGCTTTTCAATGTGATTTGTGGCGTGCCCTCGTATACCGGCCACCGGTTATGTTAGTCATGAACGCCGGATGGCATGCAAACGGGGGGGGTATTCTATGCTCAAACTCCCTACCTATTCGGGTGGCGTGTCACTAAGTGGACATGAAGTATCAGTTAAACGGGACTACGATAGAAATCACAGACAATCCCGGGTGCTTACCTGGGCAGGAACCCCCGCCATGGTTTCTTGGTGGCTGACAACGTAGTCTGTTTGGAGTCTACACTTCTATAACAGCTATAGACATGAGGATAGTCTTTGCGTTACAGTACGATTCGTCCACGCCTCGGCTTGAGTTCTTGAGCGGCGGAAACCAACGTCATCTAGTCGAGACCAGGAAAGGGGATTCATCAAACCGTTTCTATTTAACCTGCTCTTTACAGACGAGACTGAGAGATAAAGGAGTTGGTCACGGCATTCCTCACCTCCCTCGCCACGGGATCGCCTGGTGGGCCTGGTAGCGCCCAGTAGGTGGCCATCCCGCCTTAAAGGGTTGTGCCTTGCACTGAAGATTTACCATACATCCAGGCTAGGCTAGCCCTTCCGCCACGGGTTCCATAAGTT,817,50.67,Homo sapiens
SEQ_201310,ACCACGCATGTGAGCTCAGCTAAAGTTATGATTAATCATAGCGACCGTGCAAGGCGGATTATAAGCAAAACTGACTAAAGTGATGTAGTGGGACTACTATCTAGATACACACTTTACCCTAGCACGAACGCGTTGTTACTTGGTATTAGACGATCGACTCGATCGTCAGTAATGGAGGAAACTCCGATTTCCACGCGCGAATCTCCGGTTTGTGTGGCATTAGCACACTACATACTCCCGTGGGGCTAAACTTATAGTGTGAAGGGCGACGGACATTTAGGTCCGCGTCACCGTCAGACCCATTTTAGCGAAATACAGTCTGCAGTTATTAATGATCAGAAGGTACCTTCCTCATACGTATGCATCAATGGTGTAGATAAGACAATCGTTCGTGTTGTTCCACGATCCGTTAAGACGACCATCACCTTCGTGCAAATTCGCTACTACTTAAGGTGGTGGAACGCGTAACGTAGGATGTCGCCTAACGTTATTTGTCGGCAGTCCAGGGCGATTGGTCCAACCTACGCGAGCCCATCTTATGGGGTTGCTTCGACTCGCTGCGACTTTAGCGCACGTGACTATTCACATGTAGTGGAAAACCCATCCTTCACTGGGATCCCTGACCGTGCAAATACCTAAATTCCATTAGGAGGTAATTCAATGCGCACCCAGCAGCAGGCATAGTGCACCTTGAAAACAGACCTCCGCATCGTAGAGTGTAGCCTGTATTAATCCATGATTGTGCGTAACTAAATAAGCATAAGCTGACTGCTAGAGCTCGGTTAATTATCAGTCTTGAGTGAATGGATGTGTAAATTCAAGTAGTAAGTAGAAATGCCATGTCTAGTTCCACCACAGAAAAAGACGTGAGGCCATAGAGTAATCGACGCATTGGCGCGTCAAGCACAGCAATGGTTTTGGTCCGACGGCCCCTCATAACGTAATCCAGCTCGTTTCTACAAGACTCCAGGCAGAA,976,46.82,Caenorhabditis elegans
SEQ_430068,CCTGGGCGGGCCACACCAACTCGGATGTTTGTGTGCGATTGCCCGAATAGCGGGAGCGGCTCCACTACGCGCTAATATTAAATGTAAGCTCGCTACTAATACACCCTGCACAAGTCCCGTACCCATCGGCCTAACTTACGCGATCCCGTCTAAGAAACACGGAGATACATCTATACAAGTAGTTATAACTAGGTTTCATGTAATCTCTATATTTATCTATACTGATTCTTTATACGCCGGGACCGGGTACTTGGCACAAGTAAGCGTTCACAAAGTCGCTCCACAGGTGTTCCGCGGCCATGCACCGCGCGCTAGATCCGGCACACTTTTTCGTCCACTATCGTTTTGGCACACCAAGGTCAACAGTTGAAGCCCTAGTAGCTGTGGCTCGAACTGGTCATTCCTTAGCGGAGAGGGATGTGCATATATTTATAGTGAGGGTGATGTTACTGGGGCTTGACGGTCACAGAATAGCCCGAACCCGTCTGTGCTAAAAATGCCCCGATGCTGTCTCAAGCCATCACAAGTATGAGCCTGTGGCAATAGACACAAAGCACTGGTGATTCGGGCACGATCACCTGGCCAAAAAACGTTGATCCGATCAATCACGTTATGATGAATTCGTAAGATTTACATTCGGGGGGGCCCTGTGTCCCTGTCTTTCACACTAGGACAATATACGGGAACATTTAGCGGTACCTAAATATTGGTGGTTAGTACGTGGTCTGGCGTATAGCTTCTATAGTATTAAGGGTCATTGATTATTTCGGAGGCGGGCTTGTGTTTATAAGCATCCCGCCCCGGGCTGGCACGGCAGGTGTCTAGGTACTTTCAGATTAAAAATTCGCCGTTCTCGGGTCGATGATCCTCCTGACGCCACTGGATATTGCACAGACGTTCAAGGCGCTGATACTGTCCATGGCCGACGCAGCCCTCATGATAGTGCTAACGGACGCTAGGTACTAAATGATGGGGAGGCAGGGAGGATAATCATTTCCGGAGGATTATCCCGTTAAGTACCCTGTTAAGCTACTGAGCCCTCCGCAAACTTGCAGGCCTAGAAGCCATAACAAAAGTTTTAAGTGTCCACAGGGACGAATGCTGTCCACTACGCACTTTCGCATATGAGAATCGACCACGGGTGAGTACATCTAGAGACATCAGAGGGTAACGGGTGATTTCTACAGCAGACCCTCCGGAGAAAGTGCCTAGGGGTAACTCCTGCCGACGGCGTCCTCGATACTTCGTAACCCCCGTGGAATTAATCCATAAGCCTACTCAGAGAGACTCCTATACATTTGTCCCCATGAAGGATTTGACACCCAACCTCTCTCTAACGGCAACCCACAGTATCGATGCGGCTCCAGCGTGAGGTCCTGTAGCCACTGTGTCATCGGTCTATATCTGCTTAGGCCCTATCGCGTGGCTGCGTATGCAACCCTTTGTCATTCCACCGCTATTAAGAGCGGTCCCAGGTTATCGAGGAGGGTTGGGTCTGAAACCAGTTACGCAGCACTAGCAACCGAGTAATAGCGTCGGCCCTTAATGAATGTTCAATTGTAGACTGGTGGGCTCGCCCTAATTTAGTCTGGTCCGTCTGGTCTGTTTTATGGGTATTTGCTCGGCATGACACAGCCGGGCGCAGGATCAGCACCTAAGCAATTATACCC,1670,50.3,Mus musculus
SEQ_118541,CTGCTCGACCCGACTCGAATACCACTCCGCCAGGACTATAATTAGTTTAATCAAACATGAACTCAACTAAACATGATTATTCACGTACGCTAGCACATTCGCTGACTTTGCGTCGACAGCGGGGCCAGGGTTTACCACACTCGGGGTAGAACAACTTCTGAGAAATAACTACACGGGTGGCACCTAGGAGGTTCATAAGAGAACTTCATGCCACCGCAGTGCAAACAGAATGCTGTCGGTTTTCCAATGTACGTTCCCTAGAGACGGGACTCCATAAGAACGATTGACATAACCCTAGGAGGTCAGCGACTATGCGCTGTCAACCTGGACGCTACGACATATACATTGCTAAAAATGGCTGCTGGGTGTTCGATGTGCACCTCGTTCTCCAAATCGGGAGCGATATCCGTATGGGCGGCTCCGTGGCGCCCCTGATTCGCAAAAGATTCGTCAACAAACGTGACATCTGGTCGCTACAACTCGTATGAGGCTATAATAGGAGTTACCAACAGGCGTCAAGTCTGCCTCCAGCCATATTTTCTTTCCGGCCGCCGGGCGTTAGCCAATTCCAGCCTTCTACTCAGTTAGCCCGTAAACAGCTCATTACGATATGTGTAGAAACTAGCAGTATTCCACATCTGCTCGGATCATTTTAGCCTTGGGCTTTTCACGCCCTGATTCATGACCTCCGCGGGACATGATAATAACCGAGCGCGACGAGTCGGGCCCCAGCCCGCCACCTTGGGTCCGGTGTAGGTCTAAGTGTTGAAAACAGAGGGCTACAGCATCGTTGATTTCGTGAAGTACCATGTCCTTATACGGAGTCAGATATCGTCACATTTGATTAACTAAGCGCCAGTCTGAAGGTTAGCAAACTACCCCTCATCGTTGGGTCTTAGGGTTATTGACTAGGCACTCCCCGGTACCTGGCGTCACAGATGTTAGATCTCCACCCGCCGAGAAATCCATAGTAGTGGCTCCAAACCACCATACCATGATCCGATATGCGCCTGAATATGGCACGTTAGTGTTGAGGGCCAAAGCTATCAGCTTATTGGTATAGAAAATGAGCTGTTACGATATAGACCAAAGTCAGTAATAAGAAGTCCGATAACGCAGATAGCTTCGGTAAATGTGGCCCTTTTGATGGATCTGTGCGGTACTAGCACGGTGGATCACCATAAATGAGCCGGCACAAGTGTCATCACAGTCCCACTACTCACTTTTCGCCGTTAGGTGACATGAATTAAGGCTCTTTCCTGTTCTCAAATCAGAGTAGATTGCATAGTATTTGATGCCTGATACGTTCAATAGAACTGTATTGTCAAGTGCTAACACAACGTAGAGTGGGCTCTTCCGGTGCAGGGTCCTCGCCCTTTATGATATGCGAATGCGTAGTACTTCCACCCAGGAGAGCACTCCAGGTGACTGATGTGGTGCTTACCCACAGGGATTACGTCGTAGTTGGTCTCTATATAATATCCATGTTCAGTTCAGCGGATTTGCTAGCCCTCTATTACCGCTACGGCGAGCAACCCACTGCTCAAGCGAGACTGCCAGCCCATTAACGTCAACTATTATGGTTCTGGAATTGTTTGTCGTCAGGTAAATCCGACGTATCGCCATAAGTCTGAACGTATTAATGAGGACTACGATTCGTGAGAATGAACTGGTTGTCGCTTGCGGGGGCCAACTCCTGCGTGGGTGTCGTTAAAGCGGATACATAGCATATCCTCCACTGCCCTCCGACACAAGAACCATGAAACCAGGTTCACGACGCTACCTAGTCAAAACTTGACTGGATCGCTATTAGGCGGCATCGTCTTCCCACCTACGCGGTCATGTCCAATTGCCTATAACTTCGTCTGCATATTCTAATTAGATGTATAAACAGAGCAATGCCATCTACGTGCGTATTACCTCTTTTAATCCAGCGGATCTTTGTA,1946,48.41,Caenorhabditis elegans
SEQ_865017,GGGGCCACCGGATCTGAGGAAAAGGCTAGAGTTCCACTTGCCTGAGGTCGATGATGGTACGCCTAGAGTCTTTAAACCCGTGTACGAGGAACGACGCTGCGATATAAGCGTCGGTCGGGTTCACCACGACACGAATCTGCCACCGCCCTGAAATAACCAGACGCTTGGGGTCACTTATATGGAAGTCCCATACCTGCGGATGACCTGCGGCGCGTCATAACTGGGAAAGATAGTCGCAACGAGTCGGCTACTCCTTATAAATCAGGTGCGGCACTGCGGTCGTCCGGAATCCGAGCACCACCTCCCGTCGACTGCGTGGAGTGTTCTATCGAGATATACAGTCTATGTATCGCCTCTAGACCGTCCAAGATTACAGCGTAGGTTGCCACGGTTGATGGCAGAGCTAGAAGGTGGAAGCCAAGGATTGCTACCCCAGAGATCTATACCTTGCACCCATGGAACGCATGGCTTCATTATCGTGTAAACCGACGCACCAGCTGGCCTACCACTTAATGCGCTCTCCCTACTTTGGCCCAAGATACCCAATGGCCCTCGGAAGAGAAAACCATTCACTTAGATAGAAGTTTGAGACTTGTTAAAAACCCGGTGCCCAGACATTGTGCGTGCCCGTCCTCGAGAACGGATCTCGCATTGGATTCTACCACAATGACGTAGCCTAATCGAGGCCTATTCGTTCTACGCACTGAAGGACCAAAGTCAAATTTCTGATCATAAAGGTTAACGCTACTAGGTCTTACACCGTTTAACGACGTGGTTGGGTGCGTACCTCTTTTATAGGCAAAGTTAGAAAGGTTTGATGTCGAGTATTACCCAGCTGATCGTACGGTTGCAGATTTTACCCGTCGTCT,869,51.09,Arabidopsis thaliana
SEQ_870296,GTCGGGCGTCAGTATGAAAAGGCACGATCGACGTCGAACATTCACCAGTAAGAGAGGGAAGGGGAGAACACTGAGTCTTAGTAAAGTTTCGGTACAATATGAGCATGCCGGATCAATTCATCGTTTGTTACATTCAGCCCCTTTTCTCGTGTATTTCCTGTACGTGGGCAGTTGGATAGACAGCGTAGTGTTACTCTGTCGCCCCGGCGCAGGTAGCGTGTAGAATGCATCCCCCTGGCACATTACCGTGTGTTGGCGTATCGGTCGTGGATCGCCGCTGTGCCTGCATGGGGCAAACGGATCCAGACTAGTTCCTCCTTCTCTCGGCTGGCCCGGTAGGCCGAGTAATGTTAGCAAATTATAGCCCGTTCAAAAGTTATGCTCAACGAT,390,51.54,Caenorhabditis elegans
SEQ_629691,CATGGGTATACTGGCTCCGGGTTAGAACAATAATGGAGAAAACTCCAGGAACAAGGGGTTGTGAGTTTGAACATGATTCCGTGCACCTCCACAACGATGTGTCTTCCAAAGGCATACTTTGGTTAAGGTCAGCATTACTCTCAAACTAAAACTCATACCGGATTGCGTCAAGGCAGAAGAGCTCGCCGACGAGGGGTAGCTGGTGACTCGTTAGAGGCCGCACATGCCTTGTGACGGAGACCATTAAATGACAGGCGTAGCGCAACTGCCGACACCGCTCTCTCACGGTTCGCCTTACTGTTAGTCAATCTGGATAGTCCATTGCAACTTCGCCCCACCCCACTTAATACGTTCCGTGGGAATTATTCATATCCCCCGACACGTAAGTCCGCACAGGTTCGGTTGCCCCAGTAGAACTGATCGAGATTTCTCAGCACCAAAACTCGGAGAATCACATAATTGCGAAATTCTCCCTGACAAGAGGGAATGTGTTACGCGAGCTCGAACTTAGCGACCCGCAACATAAAATTGTTCCCGTAATCGTCAACCCCGGGTGTCATCTTTGCAGTCGACGCCGCGAAGGACTACCCATTCCCCACCTGAAACCACATAGGCCGCTGGAAGGGGTTATCGTGGTGAGCGCAAATACGTTCCGTCCCAGATATTTCGACAAACCCAGGTCCTCAAATAGTTTTTGGGTCGGGTTGTAGGTGTCGCCTATTTATTAT,728,50.14,Mus musculus
SEQ_653787,ATAGTGCGATACTTTAGGGCAGTCCATGTGATGAGACCAGTACGGTCTGACTCCCCAAAATATGGAGAGTCTCAACGAAAGCTCTTGCAAATATTGCTCGTTGCCGACGGGGTACGGCCCGTAGGCCGTTGACTATAGTGAATAACACGACCAAGCGCACCGGAGGGAAAGAACGACACCAGTCTTTACTGCAGAGTACTGCGCTTGCTTCCGGGCGTGGATCATGACTATGCCCGAGCGCAGTGGTGTCTCGCGGATACTACAAGCAGCTAACGACGCTTGATAGGGTGGCAGAAGTATAGGGGATCTAGTTGAGCTGGGTGATCCCGGAGCGCTGATATACTTGACCAAAGTCGCGATTTCGACTCCCAAAAGGTACGCAGAGTAGTTTCTGACTAAATCATCGGAGTTCATAAGCTTGAAATAGAGTCCAGCACTCAACTGTTTGGGTTCGCAATAGTGGCTCGAGGTGACTT,476,50.84,Arabidopsis thaliana
SEQ_746875,CGCCGGGGCAATCGCACTGTCATGGGAAACGAACAAGTTGAACGCGCGTCGCCCCAAGGCCAGGAATAGCACGGAGACCGTTACGACAACCCGCAACGCATGGATAGAGGTGCACTTACCATTGGCAGAGTGCGTATGGCACTGTGAGTTAATGCGCGGTTAGTATAGGACTTTCGACATGTTTTCCACGTGTAATAAGGACACAGGAACTATACTTGCTTTTTGGAACTCCAAGCCAGTTAAGCCAGCGCTCGCGACCTGTTACCTTGAATAATCAACAGGAGCCCGGCTAGGCCCATCAAAACACTCGCGGAACTTTCGTTACCGGATCTCGAACCGGACACAGTTGGCACATGCTTGAAGACAACCGTCGCAACGCCGCGAAATCGATAGTACATGAGAATCGACGCGCGTCTCGATCACACTCTGTCAAGTACGCCCAATCGACGGCAGTACGCGTTGGCATTAGCCCCTTGCATCTATAACCCGTCCAATGAAGCTCTACTTATCGTAGCCGCAAAACGGAGTGTTTGGCCAGCGACTCACATTGAGGATCTAAGCGGGCTAGCAGTTCCAGGCGTCGCGGTACCAATAAACACATAGCTTCAAGGGGAATGGGACGATGGCCCTGGACCACCGTCATCAAACATTTGCATTTGCAATGTGGCTTGATGAGGTCAAGGTTTTGTGTAAGGTACCCACTGGTGACATGAGTGATGGGGAACCGGCGACAACCGACCATTTATTACCCACGGCACCTACTGTACACTCACGCGTGATTAACCCCACCCCTTAACTGTAGCTGCCCCAAGGGATAATATTGAAGGGGTGTGGATGATGCACCTCTCCTCGGGGTCCGATGGAATCTATTTTGGAGAGGGGCACCGAGCTCCAGATATGCGATCCCGCTGACCGGAACGCCGGGGGGGACATCCAATTTTCTCTAAAATGCTTCCAGGTAGCCGCAGATCCCCCCCAGCGTACAGTACCTTAACATATACTGTAGCCTTTGCTAGTCTAAAGATTATAGACATCTAAAGAGCGCTTGGTGCTGCAAAGAATCGACATAATTACCAGGTTGGAGCATATTACCTTAACTAGGAGGCTTGTAGGACCCCCATACATCATCAACCTCTA,1137,51.45,Arabidopsis thaliana
SEQ_140894,TATTTACATTATGCATCTTTTCTAAGCGACAAGAGTACTCGGTTCACTCCACAGAAGCACCACTTTAGGAGGACATACGTTTGCGAGCGGCGATTGCCATTTCTCAGTGGATGAAGCCTTCGGCCCGTGTAATTTACGAATAGCTTATAAAAAACTGACGGATACATAGTAGCAGAGGGACGAGAACTCTTCGGTCCACATTCGGGGGCTCCCTTAAATTATTTCGGTCGTGACGATAAAGCACGACACAGACGGCCCCCGCTTGAGATTGGCTTGGAGTAGTTCCTCCTGAGGAGCAGCATCTCATCTCTACCGCCGTTGGGATTGTCCAGAGGGCTCGAAAACAGCTGTGGACACGGCTCGTCTATCTGTTGTTGAACTGACGGCGCAGGTACCTCTGCGGAGTATTTATTCCTTGCAATCGAGCTCAGGTGAATAAACTGAGTGCACTGGGGTTCGAGAACCTTCTGAACACTCCCACACGGCTCAGCATAGCCTAGGGTCTGATTATCTGTCACGTGCATAGTTTTCCAGCACAGCTTGGTAAACAATCTTAACATTAGTGCGACACAACCGGCTAGTATCGACAGACTCGGGCTTATAGACCGTCCCGCCATCGTCGAAGGGACCGACGGCTGTCTACGTCAAAAGGCCCCATAAGCTCGCAAAGGTTTACCGGTCTTCCGGCCGAGGTACCTTGAGGTCTCGTATAAATTCGTCTATCGGAGAGTCTCGCGTACTAGAGCGAATGTCCCGTTTGCCTCTTTGTACCAGCCGACTTATGCAAATATGCAGCAAACCGCTGCGAACCGCGTGACAATTATTCACATTTCTCGCAAAACTCTTGGGCTGCACCCTCTCGATGAGAGCGGCCCCGTAGGCGCATGGAAGAATCTTCCAACGTTGCGTTAATGCGATTATACAATCCCCAGGGGGAGGAATCAGGGGTAAAGTGGGCGGCACCGTCTCTTCGCTGTCACGCCAGCTTAAAATCCACAGGCTCTGTCTACGACAAAGCTGATCTCCGCCTTATGAATTGTGGAATCTCCGATAGCCCCGGAACGTGCTGCTCGTTCGTTCCCCCCCCTTCAGGAGCCAGACAATTCGGCTACATTTTTCTCAAGATTTACGTTTACGCTTTGTGAACATCGGACGACGAGACCCCAGACCACAATTCCCATTGCAACTCCCACAACCTACGTTCTAGCAATATACGCTGTCGTCGGTTGTGCTGACGGAGGGGCCTTATATGTTGATTTCGCATAACAGACCTGGTTCAGCCGGTGGCACTGTAGGACTTATACAAAGGACCGCGAGCATCTCGACTAGTCTATACTATTCACGAGCTGTTTAGCTGTAACTGTCTCGATTGGTAGGGTTTTCCGGGCGTAGATGTTCCGCATCACCAGAGTACTTGGGGGGCCATCGGTTGCATGATAGTATATTAGACCACGAACGCTTCGATTTCCCTAGTAGTAATGGCTCTCGGGGCGGGAGAACTCTAAGGTTTAAACCCAATTCCCCAACCTGTCTGCCAGCCCGAGACCATTCTGTAATCGGTACCGGTAATTGAATAATTGTATCAGGCTCACAATGCCACGACTCGAACGAGGAGAGAGAGGC,1623,50.77,Arabidopsis thaliana
SEQ_616464,TCCTTCAAGCTCGTATTACTAGCTGCTGCGTACGGGGTCGGTACATGTATTCGACCAGTTGGAATGACAAAGGCTCTCGGCCCGGCCGTCTAGCTG,96,55.21,Escherichia coli
SEQ_628334,TCTTCCTCACCAGGACAAGCTGTTTGTTGACCTGATAATTGACAACTTATCAAAGCTATGAATACGTCAAAAGTGACATGTATTCCAATCGGTTGTCCTTTTGCAT,106,38.68,Arabidopsis thaliana
SEQ_374113,TTGACCTCGTGAGAGTAGGCTCCTCATAACATACAAGCATAGGGTATTGGTGCCAACCGTTTCGC,65,49.23,Drosophila melanogaster
SEQ_777766,ACCGAAGCTCCAGTGGATGGAAGGAACGGTCATCCCCGACGTAGGGTAAAGAGAGGGATGCATACGTCCCAGCACGGCC,79,59.49,Mus musculus
SEQ_723580,GATTGTCGCCGCTGGTCAGGCGGCTTAGACCAGCCACCTGACTGCGATGCCGTTCTTTAGAAGTAATCTGGACGCGCAGTCAGGCATGCGATAGTGGTACCAATGTGTAACTCAATCGATTCATCCCCTTACGAATGATTGTCTTGTATCGTGCCTGGAACGTGCACCTAATGATAAGCTTAATACCCTGCTAACTCGTTGTAGACCATGGGGTTGCGATCGCGGCTAGATACACACACTCCTGGATACGTCAAAACGGCGGGGGCTCATAATAATTCGTCCTAAAGGAACTGACGGCCTATATGGGATATCTCCCAGTCCAAGTATTGACTCATCAGTCATTAACAGGTGCTTGGATACCCTTCCAGGAGTCACGAGGTCTACTCCACTGAGGTTAGTTCGGATTCCCTCACCTTCGCATAGGGCGATATCTCAGTCGCCTAGTGGCCTCTACTACGGTAGAGTTGTCGATGTGTGCCTTTGACACTACTTTTGATGACCGTAACCCATGAAACTCGACATGTACGTCAACATGTTTCTGTGACGGGTCCCTCTATCTACGGTGCTTTTGCTCTACGGTTTCATCCAGGCTCTATCCGTTGGCTAGTTACACCTCCCTTTATGCAGATTTCTCAGGGGGGGCCTTCACGTAGGATTACGAGTCGGACTGGGATAACACGAATCGTATACAGTCTTAGCTATATTTGCGGCATGCGAGACTTTTCCTAGAAGTCTCATAACTGGTACATAAGCGAATGAGCGATGCACACACATCGTATAACAATGAGCCCGTAAGGTCGAAGCCATGCATTAAGTTTGAATCGGCATTGTTAGCGATCTAAAACCGACACACGAAATCGTTCGTTTCAACCGCCACTCTCGGCAGTAGTGATCATCCGAAACACAATATATGGCCGTCTGAAACACCTCGTAAGCTGAGGTCGCTCTCGGACGCCC,957,49.01,Mus musculus
SEQ_574816,CAGTCCAGGGACGAATCTGTAAACGACTCCGGCGGCCCACAGTTCACATTCCAATAGTATAGAACACCCATGGCCGCGCACTACCCAGCCTACTCCTTGAGCCCACGGACGGGGAAACCCGGAACAGATCGGAGTCCCCTACAATCCCATGTCAAAACCGCTGGCCAAGATCCCCGACTGTCGAGGGTCGGGTGACTATCCCATTTAGAGTATACCCCTAGTAAGCCTGACAACGGAGCACACGTCCATAAATCCCCCTCCGGGTAATTTGAAGAAATTTGGGGGTTGTAGGAGACTGTAAATCAGATTATGTGTTGATAGCGCGAAGACGCATGCCCACACCATTCCAATAGTTCGCGAAGCCAGACTTTGGGCTCTGCGACGTGATCGCGGAACCGGAGATACCGGCGTAATAAGACGGGGCCCTGTCGGATTTAACGATGGCGGGAAGGAAGCTTTCGCCGTACAGGCGGCTGCGCGCACGTTCATGCATGGAGCCTGTGACACGTTTATAAACTCAGCCACCTACGGACCGTGTGCACGCACTGCGGTTTTTTGTCCTTCTTTATCAAGTATCCCAGAACGACCACAGACAGGCGAGAGGGGCGGTGCTCCCAAAATTCGGTACTGGGAATGTGGACGATCTCTGTACATATCACATTACGCTCCGGGCACCGGCCGCCCGTACCGTAGGGGGCGCCTCCAATCAAGATCGATATGAAGTCGTACATATGTATCCTAGTACGTGCTTAAAGACACAGGAAGTGGTTGAACACGAACATCCGCGGAGTTTACCAGGGCATGCGTAGCCGAAGTCCCTCTTTATGTATAGGCACCGCCTTGTAGGATGCGAGTTAAGAAAGACTGCCGAGGGTGCTTAAATTGGCAATAGAATAACGACGGTGTTTCAAAGGCACGACGTGGCGGTGGGCCGATCTTATACGATCACCCGATAGAGGGCTCTTTACGCGCCGTCAGAATGGGAGGTGGCGAGAACCCGCTCTCTTTTACATACAATCAACTGGGTCGACATCTGCCGAAAGTAGCCGGTAAGATTAGCGGGGTGAAATCCATTCTCATCTCTGGAGGCAATTTATGTACCTAGAGCCAGTCGTCCTCTGATCTGAGAGTTCTAGATA,1139,52.94,Drosophila melanogaster
SEQ_665697,ACACTCCATTGCGCGGTACAAAAGGCCGGGTCAGTCTTAAGCATGCTCCCGTGCTAACCGAACTGACACTCCCGAGTGAAGCAAGCCCAGAGACATCGATCCTTCTCACCCAGCGGGACCAACTCACTCGCGCCCTGTTTCTTCCCTGTTCGAGAATTCCGGGGGTAAGAGTACATGAGACTTTCATCTCATCTACCGTGTCTGGGTTTAGTCCACACACGAGACAGGTCTACTCTCTTTAAGACATAGTGTGTGACCCTTCAGCCATAAGATAATATCAGTCTGGATGTCCATGCTCCACCGACACACAACGCTAGCACTAAATCAGACCGGTCTGTGCACTCAGAGACCCCTAGTATACCAGGTTGGCGGTGTCATTGCCTCACTCGGCATGCACGTGGTGTTGGATGCCTCCGTTTAGCTCTGCTGACCCCTGGAATCCTTGCAAGCTGGGGATGAAAGTGCTAATCCAGCTCATCATATAATGGCAACCTCTACAAAGATTTTTGAAAAATTTGGAATATACCGGTCAGTGCGTTCATGCAAGTTTCACTTTAATATTCCTCAAAGGGTAGGTTTTAAGAAACGCTGGTATGGTCCGATGCGCTCCCTAAGCCCAGTGGAAACCCACGTTCTCAAGAGGCGTTAGTGCGGCGCCTTAATTGTGACCAATGCCAACTCCAACTTAGCCCTGAATACGCTGCACATCCGGTAGGTAGTTTTTGTACGGAACGTAATGACTTTCCGTGTAGGGTACGTGTTGCTCATCGCAGAGAGACCTTGCTGGATAAGGAATGTCCACCGAGCGTTGAATGAAGTATATAAGTAGTGTCCAGAATGAGTCTGTTAAAATTCGAATCGGAAGAACTAGACTCGCTCAGACCCAGGATAATCGTGCCACCCTAAACCACGACCGCTTGGCTTTCCGTTCCTCATTAAATATGGTTTACTTTACCTTTCAGGAGTTGTCGCCGTACGCTGAAGGTAGGTTTTTCTTGGTGGCAGAGGCAAGCTGTACAAATAATTAGCCTAGGCGCCATTAGGCCAGCTATATCATAAGGTACGAGCCAACC,1073,48.84,Arabidopsis thaliana
SEQ_296825,GGCAAACCGGGATCCACTCTAAAAATAGGCGGGGGAGCTCGTTCCGTGAATTGATATATGCCGCTCTTGGTATTTAATGATTGGGTGCGTCCGTGAAGGGGATACACTCCGGCACCAATCGAAAGTTTGCTAACAATTCGCTGCCCGTGAACGCTTGGCAGTGCTTCTCGATGAGTGGAGTTTCCCTAAGGACGTGCAGTAGCGCATAGAAGCGCATGCATCGTTCATAATTGAAGGGGCCGTGTATTTCTACTTTCACCTTAGCGTAGTCTCTGCCGAGTATCAATAGACTCTCCGGATGTAAGTATGTAGGCTATCCCACCAATTGACGAGTAGCATAGCATCACTGTAGCCAGTCACCCAGCCAGGCTTCTGTATTCGTAGCCTTTTATTACCCTTAGCCCCACTAGTAAAGTGACACTGTACTACCCGTGAAATGCTCCCTGGTACCGTGATGTGTACGCTGCTCGCATGTAATAGGGCCGGCAGCCGTGAACGTCTAGTCCATCTATATATTCGTGGCTTAGATGACTCAATAAAGTGCCAAACCGTTTTACAGCGTGTTAGGCTTTCGAAATAGTACACTTAAGGCCGTACGACGATAACCTGCCGCGAAACGGCAGGCAGCTTCACGATGAGTTAACGCACAACCCTGCCCCTATTCCAGCTATCGATTCATATCCGCTGGCAAGCTTTAGCCTTAGCAGCAAATCGCGGGCCCGTCTGGCACGGATGCGGTCTCCGAAGTACCATGTTAGAAACAGTAGGCCGGGACAGATGCCTCTCTTTACCGCTCTGATGCTGGCGTCTTACATGTTTCCAAGGAACTGAGAATTGCTCAACTCACATTATCGCACTGTAAACCGGTGCCGACGGCTATTGTCCGCCTACGGGATACATTCGTATGTTACCTTCTCGCAGCTCCTCCCCACATTTTGGTCCCTCCTAGACTTGCATGTTCCAACTCTGGGATTGAGGGGTCAGCAACAGCTTCCTGCCTTCCCGCTGTTGTTCCCTCCCGCCCTCGAAGTGCATTCTAGATGCTTTGGAAGTGGAGCTCCCTCTAACAGTGGGTCCTAGAGCGCTGACAGCACTCAGTTGATAAGGCCGCCTAGAGTCCTATATTGGGCGAATCCCCATCACTTTATCTGATAACCAGACCGTGTATATACACCTAGCTCCTGTTCACACGATGCTAAGTGAGATCATATTGTAACAAACCAGACCCTAGCGGAAACGCGAACTGCTATTTTACGACAGATTGTCTTCAGCTCTACATCACTAGTTGTGATATCGCAAAAGTACAGACACTGGCCGAGCCTGC,1324,50.23,Caenorhabditis elegans
SEQ_413015,CCTCTTCCTAGTGAAGTGGTTTGAATCGTAATATGCATCTTTTTGACCTACGATTCTGGAAATTGCTTGGCGCAGCTTGCTTGGCCTAGGAGCCAACTCTCGAACTGTGCACTGCAGATCCGTAAGTTCGTACACAGGTTCGTAGGACTCGCGGCCCCTACCTAGCCCCGCCGCCTATACGATCCTAGCGGGTGAGTCAGTTGGTTCGCTCGCTGGACCCCTATACCTGTCCCCGTAGAGCTCAATATCTTGCGTTCGACGTAGAGTCTCATCAGGGTTCTGAAGGGCTGAAGGAACACGTCGCGTACGCAGTAAACATATCATCGACAGTAATTGTTATAGGAGCGAAATTCTTGGCAGGCATTTTTGCGTTTTTGTGCGAATGGTATTAAGGTGTAAAGTGTAGGGCGCACGACGGACATTTCGAGACAAGCCGTTTCGTCGAGCAGCCTACCCAAACCGCCTTGGTTCAAGAGGTATGACGTTACTCCACATCGGGGTCCCGACACGAGCTTCGCGATTTTCGTCGCTAGTGATGTAGATTAGGCTATTCTTCGCTTGCCTCGGCCCACACTGCGGCCCAATATTCCGATAAACACAACCCTATTTGCGGGTCGATGCCACAGACAGATCGTTAGCTCAATGTAGCGTTAAGACAAAGGAGGAGGTTGACGTGGTCACATAAATTATTGGGTGAACAAATTTAGGTCATGGATCACTTCGGATGAGTCGTTCGCTAGATTGGCGAGTATACCTAGATGCCTTTATACTAATGTATTAAAGGTCCCAACTTCGGAAGAGAGCTAACACTCGTAGCCGAATCCGCGGAAGTTGACTTGATCCTTTATCTAAGTTATGACAACTCGCGCAAAGCGAAAATCCGGGGAGTTTGAGATCATGCGAAAAATTAGGTTGTTG,918,48.8,Escherichia coli
SEQ_681662,GTACTGATCAAGTTTTGGGGAAACTAAATCCTGATTTACCAGCACTATAGGGTCTTTACTGCTCAGCTCCTTATGGGGAAAAAAGCATCGTCTAGGCACCAGACGCACCTTGCGAAACCAATTCAACCTAAAATTAATTAATATGGGTACTCGATGTTAGTTTGCGTTACACCTCAAAGACGCTTAGTGCCCATGCTAGACTCGGTGCAAGCGCGACCTTGATATCCGGTCAACGGTTAGAATCTGATAATCCCGGATGGGGCCACTCTTGCAGCGTATGATACAATGCCCCACGTCAATCGAATACTTCATGTCTTCCGTGCCTTGGCCAGAACCGTTATTTAATCTAATTTGGCTCGGGCCCCTATCTCGACTGGCCGAGTAGTCTACATTTATCGGTGGCTGACTATTTGATCCCACCTCGTGGCTCCTACGCCGGAATTCTGGGCACACAGTTTAGAATTGCCCTAGATGCCATCCTTACCGATTGAGAGTATACAAGGCCATTATAGGGAGTTCCTTTTGACTCTGTTAGGTTGACTTCCTACTCACATCCCCTTTTCAGGCTTCGTTTACAATCAGTAACTGAATTAGGAAGGTGTAGTGCGAGCTTTTCAGTAAAAACATCGTTATAGCCCTTTGTAGTCAACCGGGATTAAAACTTCCTCATACCTTGATCCCTAGCATTAGAAGTCAATGATAAGGGGTCTGCA,713,45.58,Arabidopsis thaliana
SEQ_265121,ATAACACGAGCATGTGCTTAGGGTCGCAAGGACAGATGCGGCGGAAGTTAAATTGTGCGGGGTCTAGCACGCGGCCATCTGATTACGTAGATCTCTGATTCAATACAGCCTGCATATCCCGTTGTGAACACTAATAATCGAAGATATTGCGCCCAATCCCGACGCTTGTTATATGGGTCCCCCCAGACCGGGCGGGAATGCTTCCCACCTTCTCATTTGGCCTTTGCGAGATTAGCCACAAACGCTTCGCCAGATTTGTTCAGGTTCCCATAGAGACCGTCACTTGTCCCACAATGAAGAACAAGCCTTTAGATCACACCGTGGTAGAAGCCCATAGACGCCACTATGCACCTTAGGGCACAGCGTGTATCGATCATCATCCAGTCGGGCAGTCACGGAGCACCACGTTATCTGGTAGTCATGACGTTGTGATTACCAGGTTCTGACGTCACCTCACTGGAGAGACGTTCATGGAAGAGAAAGACTTTGTCAGGTGTAGCCATGGGAGATTCAGACTAACGGCGAAGTCAATCAGACTGTAGTCCTGCTCACTGACTGTCGGACATAGCGCGTCATTGTGTAGTGAACAGTAAACTTCCCGAAGCGGCGAGTGTCAACTTGCAGGAAGCCCAGTGGATCGCCATCATCGGTCGTCGAGGTAACATGTGGTAGATCGGGCGTAAGACCGACCCAGTTGCTGAGGACGAAGGATCTAAAAGTCCTGCCGACTCTAGCAGGGGTGTTAATGTACTAGGGCGAGCTCGCGTTGGCGCCACGGTCCTGGTGTTCCCACTTTATGCTATCCAGAAAGTATATAAGGCTATCACAATT,831,51.26,Mus musculus
SEQ_400835,GATTCTACGATGTCAGGGACCCATGGGCGCGGGCTATGTGGATCGGATTTTAGGAAATGAAGGGTAGTGAACCGTTTACTGAGCCTCGATGGATTCCTCACGCCGACTCGCTGTAGGAGTGATGGGGACATTACACAGGAGACGTAGGGATCGAGAAGGGTACTGACCTTCATGTGGTTGGGATGACGCGTCTGCCCAAATGCGTTGCGCAGGATACCTTAGCCAGCGGTCTCAAGCTCCTTACCCAGCAATTTAAGACCTTCTTCGAGAATCACTGACCTTTGGCAGGCAAGCCATAGATCCTCTCTCCCGCCGGGGTCGTAGGGTAGCGACCGGCATGGTATAAAATCCGCTAACGCTGCCTTGCGGGGCGCGGACAAATGGCGTGCCAGAGCGTGCAGCAGGGACTAGAGATCGACTGTCCCAGGGACCTAATTAAACGAGTAAAGCCTAAGTTAGCGACCGTTCACTTCCTGGACCTACTTTACAGCTCCTCGTTGCGGCCTGCTCTTACGGACGTCGGTATCCAGAGATCGTCATCTTTCCTGCGAAACACGTACTATCAAAAGTCATTGTCGGGTGGGGGATTTTGATAAGTATGCCGGCATGCAACACTCGTAATGCCCAACCGCACCGGCGGTTGAAACAGGCTATAGAGGGACTCAACTTCTCCATCGCACCTGATCCAGATCAACGGAGCCCGTTGCCAAAAGGAAAAATCAGAGACCGACTCACCACGTGCATATAACTCGTACCATACGCGGAATGCTCAGCTGCATTACGGCTCACAAGATAGGCGGCGGGCTTACTGCACCAATGCGTGGTTGACGCAGTGACCAACGGCGGGGAGTCAGCACAAACGCCAGCGCGATTTGAGGGCGTATCTGCGCATTAACAGTCGATTGGCTATGGATACCTACCTCGCGTTCAGCCTTCAGAATCGACAGGCGAACCCTTGAAGGGTGAATAGTGGCAGTCATAGGCGTGCTTGGTGGACCCGCGAGGTAGGCTAACGAGTTTTCTCATGAAAACCCATGGCGCCTGGTCTCTCCTCTCTCCACTGGAAACATGCGTTTCGGCCGGCCCTCTGCTGGCATCCCCCGCTTACGCATGTGTTACGGAGAGTATACAAACAGATCTTCCTAACACGAGAGCTCCATTTTTGCTATCTTCGGTTTACTTACACAATAGCTCGGCATGAGTGGTAGATTGTGACCATAAAATTTCGGTCGTCATTAGTTCAATGATTCAAGGGTAGGACTCTACCCACCACCATAGATATAGATGTGGGCGTCGGCCATCCTACAAGCTCTCATCAGTTCAGGAACGGATGAAACACTCGATTGTATTTTGCTAGGGCTGATCGGGGGACGCCTTAGGTAGTGGCTTGGGAGTACGCATCCGGTCAACGTAGACAGG,1419,52.92,Arabidopsis thaliana
SEQ_124810,CCTGCTACGCTTTCCTAAGTTATTTAACTTTCGGCAGGGACGCGACTAGTGCGATAGACCAGACGCACGACACTTGAGAAACCACAGGGATAAAATCACACGGGTAGAGTGAGCAGGCCCGTCCTTGTAAAGGCCAGCACGAGGCCCCACGTCGGCGGGTTGAGTGCTCAATTATGGCTAACCCCACCACACGTACTGTGCCCTCTGGGTACTACTGTGATGCCAGTGCTGGACCTATTACAGCCCAGCAAGTCCGTCCGGAATCACGTCCAACGAGTGTTCCTCACTGCAGCACCGCGTGAGTAGTATTGGTCCAGGGTTTGGGGTCAACCGCGGTGATCTAATAACGTGGACAGTGGACGCTGAATAGAATTACATTTATCCGCCTTGGTCGTGGTTTACTCGCTAGAGACGCCTACGCTTGAACATGCAGCTGCCAAATGATTTCCAATGAGAGCAATTAGTTCAGAAGGCATTTCTCATCCCATCCTGGACGCATCATAACCATATAATTACGTCGTAGCACGTTTCACCCCATTTGCACACCTAGTCTTTACTGTGGTCGGGTAGAGTGGAGCTACGTATCACGCGGAGCATTTTCGGATTCGAGACATAATGATACGGGTAATTGCATGTGTATGCTGCTTATGGGACGATGGGCCTCACTTTCATAGGGTCAGTATGAGTGGCTCCGGGCGCCAACAGCTCAGTAGTCTCTCGCCTGCCGATCGCTAAAGCTAGTTTTAGAGGCTGATTATTCTATCCCACAGCAACTTGTTCCTCGCCCAACTAGAGTTATTTCTGAGTCGATCCGGATAAAGGAAGGGCTTAGTACTACCTTCCGTGACCTAGTACATTCCGACCTGAATACCTGCCGATCCAAATCTGACCAGTCCGCTTGATCCTACTTTAAAAGGATTCGCTGGCTCATCATGAGTTTGGCGTGCTTAAATGAGACTACGTCGCGGCGTAATACAGTTTAGCCCGGAGCGGTAAGGATGGATCCGAAGGCGTGCGCCTCTCTGTACCCGTTGAGTCTCTACAGGATACCCATTAGGCCCTGCCCCGTATTTCGAATTTGGGACGAACCGCTGTAGCTTGACTACAGTGTTAAGCGTGGTATGCATCGTGGTATGCATTTGCCGTATGGTAGTGATCCTCACGTTGCATTTAGGCTACCCTCGTCCGTTTCTAGGCGGCCGTAGCAACCGTGAGACCTGAGGTCGTCTCACCGATCACTACTCCTATAATGATGGTTGAGCGATTTGGGTGTATAGACTGGAGAGTCACTCCCGCTTATGAATCGGCCCCACGCGTGCTAACCATAAGTCGAGCGGTCTCCTAAGTTGACACTCGAGCTCTCAAAGCCCTTAGACGCAATTCGATTTTCCAAGATTCAAGAAGCAACTTGATCGCATTTATGTGCCGGTGCTAGAGAGAA,1441,50.73,Mus musculus
SEQ_801299,AAGCAATCCGAGACACATAGCAGCAGAGCCCTAAGTTAGCGAGACTTGTCCAAAAACACAGGACAACGTAGGCTGGCACCGACAGGCTAAATCCACCGTCGTCTCCTGCGACGCGCACCAATGGTAAGTAAGGTGCTCTATCAAATGATGTAGTAGTAGCGGAGTGGAAAGACTGCCATGTAAAATCCCGACACGTACGAGCCGAACCAAGTGACTAGAACGTACTGTTACCGCTACTTATGTCAGCGGAAAACACAAACAGTCTACAGACTGCAGGACAGCCGTAGTGCCTCTACCTCGTGTATGCCGGGCAATCAACCGAGATCCTCCCGCGACCGGATGCTGGTATGAACCAATTGTTTCAGATTCAGCTTATTGTCATAAATTAATTTAGCCGGCGTTACGTCGCTCCTAGTAATAGTTTGGGGGGTATTTCGGTCAAGTCTCTAGCACCAATGAAGCCACGATGCCGATACTGATAGTGACCCGGACCCATCATGGAACCGTACTGTCCTTGCACACAGATGGTTACTCCCGGAGCTTGGGAAGTTGGGATGAGCTCATTGTTTCCCCCTACTATGTACCGGAAATTTTGCTTAACATAAATTCTGGTTGTTAATTCGAGTAACTATGGAAGGTATGTAGCCATGCGCCTACTAACCAGCCGCTCCCCAGGTTGGATTTGGAATTCATAGCGTCTTCTCAGCCTGCCATACCTAGTCCAATGTGTCGCGATCTTGAAAGAGAAACTACTACGGTGCAAACTAATAATAAACGCTTACTAAGCTTACGGACATCCTGGTACGATAGAGGGGTGACTGGGCGTCCGGTTATTACGCCATTAAGGGCCGTAAAACGTCAAAACCCTCGAGACTACCGCGGCGCCATTGTTGAGCTGTAGTGATTGTCATATGTTTCAAGGGACTGCGACTACTCGGTAGAGTGAGATGAGTGGTTTGAATGGGCGAAATAAAGTTTTGTCTTCCATTGCAGTCCGCACCTTATGGGAAATGCGCTTCATACATTGGTCCGGCGGATGTATGGGTGTTGCACGGTCGAAGACGATGTCGTGGAAATTGGAATGAGCATTGGTATTGGTAG,1101,48.5,Homo sapiens
SEQ_676257,TGATCTGCGGTAACCCGGTATGAATCCTCTCTCATCCGTTTTCTAATCAATTGGCGCTCGGGTACATATCCAACGCACGTTCCCCACCACGCCGGTATGCCTTCAACCGTACGCCGGGTGCATCTCTCGACGTTCACTTTGTTATTTTTAGAACACGTATACGTCTCCTGAACAAATGAAGCTACGGATCAGTAAAGGTGATGGGTTTCGGCCGAAAAACAATCGTAACGCACATGGGCAGCACCAGCCGTTAACATAAACCTACACGTAACTGGACATGCTTACAGAGAGCGTATCGCCTACTCCGTCGTAGATGGCTTACTTTCGCGGTTACAATCAATTCATGCTTTGGACGTCGCGCGAAACTGTGAGCTTAAATAATGGTTAGTGTACGCCCAGCATACCCACGAACGGCGGGCCTGATCCGCTTCCACGTTACATAAGTATTTCAGCGTCCCTACTACGATTGCGGATGGGGGCTCAGGGGTTGGGACACAGGATAAGAGTGGTTTGTAGGTGAGAGTGGGATACACTCCTCCAAATGGCCGATTACAGTGTATTGTTCAGAACCCGTGGCGTCTATTTACGTTGAACGTGGGGGAGAATGATGTTCTTGTTACGCAAACACGTGGCTTCTGAGCATCCGCTCCCAGTCGTGGGCGCCGCAACGTAGGCGAGAATGGGCCTCCACTCAGTTTTCGGGATTCTTTACAACAAACACTCACTCCCCATGTAGTCTCTTCGGGGCACCGTGGAAGTAGCTCAGGCAGGGTCCGAGGTTCCATTGTGCCTCACCCTCTTATGCCAACTCCGCGTGCCTTTAAACGACCGATCGTTAGAACGCTCTCATTTTTAGTCGTGTAGGGTCAAACGCGGAAGAAAAGGTTCTTGACCCTAAAGTTAATTTCAGAGTGTGAGAGTGCTAAGAGCTTGTCTCCGAGATAATGGCCTCTGTGGATCTTTTAACAGCTTCAGGTCCTCTCCCCTCAATTGCAAGAAGGTTCCGCGATTCGCTCGTATAGCTTTCCCCCTATACGACAATCTGACGTGTAATACTTGCATTGTGCGAGCACGGTATGTTACCCTACCTTATGAAGCACGAGACAAGACCGAGATGTTCCGTCTGCCTGCCAGCACTTTATTCTTAAACGACAATATGGAAGTGAAGCCCGGATCAATCAGTCAACATGTAGTCGAGCGTCATCTAACCTTCAGGCGCGTCAGCATCGAGATACGAATGCCAACCGGACAGGACCGGAGTAATGA,1266,50.08,Mus musculus
SEQ_836008,AGATCACCAGCGTCTTACGCTTCGTCCACAGCGTGTCGAGCATTTCTCTTCTCCTGTTCGTAAGGGACTGTTATCTGTTACCTAGGTCCATTGCATTAGTATCGAGATAATCATATATTACAAGAGTAACACGGTCGTTGTTTACCATGGCATCGTCTTGTGGGTTTAGCTGATACCGATCAGCATTGACGGAGCGAATACAGGGTCCGCATCTGCATCATGAGAAAGAATCAGGAAGCTCCGGTTACCTACACACCCTCAGTACGCCAGGCTGATCAATGGCTTATAGACAGAGTCCTGTACCAAAACCAAGAGTTGAGCAGGCGATATCCACCGTAACCAACGCCTGGTTAAACGTCTGCGGTGCTGAGGGGCGCCGGCCGGACGTCGCAACGAGACCAAGTGTCCCATAAGACAAGGGAACTTGCTCAATGAAACGGGGCGCCTCACCCATCACTGGCCCAATCGTAAGACCGATCATACAGCGTCGCGTGTGTTCTGATAGACGCTGGAATCGGTGTCGTGTCAAATATCCTGATAATACATTGAGCCTTCATAGGGTTTTGCTCTTAGTCCAAAATATCAAAAATGTCACCAATATTAATAATCATTGGCCTACGTAACACCCTCATACATTCCTCGTTCGGTGCATGATAATACGTCCGAGCTCATTTATTACTAAGATTATCGTTAATATCTAGTTGGACATACTCTTAGATCCAGTTTCAGGACGGAAAGCACACTTACGGACTAGAGGGCGACTAGAGCTTGGAGTTGTAACGAAACGGTATTCCCCCTCTCGGTATGACACTTGAACAAAGTTTCGCGGGAAACATCGCAAACGTTTCCATGCTCGTTTCTGGAAATAGCAGTGACATCATGTATGATTGTCATGACCCGCTAGGGGGCACGCACACCTTTCGCTTCTAAGGTATTCACCCCACATTGAACACACCCTTGCTTATCACTCATATTTAAGGGAGTTACCTCTCTAGGGAATACGGCTGCGGTACACGTGACTGTGCATCCCTGAGTCGTAGGCGAATCTAGCAACGCGATCCTATGCTTCGCCCCGAACCAACCGCTCCGGGACCTCCGTAAACATTAACCCACATGTAGTGACCTTAAGAGGCCGTGTAGCCAACAACCCCGTGCGTGCAATATCGCAATGCGCTTAGAAGCCGGCCGGTCCTACATTATCTGAAACACCGCGGTTTCCGCTATTTAGTATGGACCACAAGGGCGAATACCTCAAAAAGTTCGCGTCGCACGGTAGCGTTGCATGGCTGCTACCTCAACTTAGGTGTGCCAGACGGCTTGGCTGCTTGGGTTCTTCATTTACGATTAGTCAATTCGCAAGCTCAAGTGATCTGAGTTTCTGCTAGGAATACACTAAGGGAATAATCCCTAGTCCTGCGCAAACAATTCCCCTCCGACTTTTAGGGACTGACGTTAGTTGGAGTAGACTGGTCATTCGTGCAATCTGCCGGCCGATGTTAATACCTAGTTACCATGAGCCTGGATAATGGAGCGCACCACCTTTGAACAATCGGTTCGAGCTTCCCATGAGGGAACATCACGCACGCGAGAATCCATCTTTCAATGGTCGTTTTGGCCATAAGCCGAAGTAGATTCAAGTCGGGCCTCACACGTTGGCATCTAAGTGTCGGCTAATCCCGGTCC,1683,48.9,Homo sapiens
SEQ_556681,CTATTTCGACGTAACCTGAGAGCGGACACTGTGTTCCGGCATATGTAATTCCACCCTGGGGGCCAGTGTAGGAACAAGAGTATCATGAAGGAATCTACGGACCGACGTACATCTACGTTATTTGTTAGTCGGATCTTTAGGCCGGGATTGTTAACCCGGGCCCAGCGATTGGTAGAGTCTCCTCTTCGATTTTGCCCAATGATCGGATAACCGGGAGACAGAGATAAGTTGTTAGCATTCACCTGTCTACACTATACCAGTCAAGCCGCCGATGAGAAACGTTTCCAATGTATGCGGCCACGGGTTTTGTTCAACCGCTCCACGCGCTTCTGTTAACCGCCAAGTTTGCGTGCCGCAGAAAGTACGGTTCGTGGAATCTCGGGTAACCACTGAGGACTCTAAAGGATTCTAGGAGCTCCCCCTAAGGTGGAATAGACCAAAATAACCTTTCAGCTCCTGGTCTGCGTTACCCAAAGTAATGCTCACGACAGGCCTTGACGTAAAAAGGACTTACATAAGATTTGCATACCACTTTTTTCGCATTCTGGGGTCCCGGTTATCAACCGAAGCTTATGAGTGGCACCAGATCGAGACGCTCCAGAGTCTCTAAGCCCGCGACTCCAACATGACAAACAAGTCTGTAGTGATCATCTTTATCAATTTTAACGGCCGCACTTGATTCCTTCATCACCTAGCCCACACAGAATAAATCTGGCATCCACAGGCAATACAGGTGGATGCGAAATCACTTGATGTCCCCCAGAATTTTTTAACGCATGGAATCAGGGAATGGCCGACGAGTTCGTGTCACGTTCTGGCCAACAGCCACGTCGGGCTGATTCCCACTTATGCGCTAAGTTACCATCCCAATGGAGGTCCTAAACGATGCGGGAAATAGTATTAGAATCCTTGTGTGTGGGTGATAGCCACCCATGGTCTAACGATGCGGTCCCAATATTATTTCGACGCTC,971,48.82,Arabidopsis thaliana
SEQ_820051,ACGTGAGAATGACCTCGACTGCATGTACATGCTACCTTGACTAGGCTAAATAGCTTTCGTGTCCAGCAAGTTAGAGCATGCATGGTGATCTACAGCCCGCAAATCCCAAGCTTAAACGTGAAACCCGGTTTATTTATGATTCGGGGACCGCGGCCATCGTACCGGCACTGATGGCGCTTTCGCTGTCACATGTTTCGTGTCTGGGAAATCATTAAATTGAGGTGATCTATAGGCCGCACAACTACGCTGGATCACGGACTTTCGCCCTCTTTCTCGAATCTTTCGCGGGGTGGCACGCAATACACAAATAATCTCTCGTCGCTAACAGGGGGTTTACGATCACCATATCTTTTATAGGGCCACGATGGGCCCGGGGACACTCAAGTTTTTCAGTTAACGTGCGGGAGGGCGTGCATTTGAAAGTAGGAGACTAAATGGCACGAGACATGCCTCATCTCGGTTTACGAGGGTTATACATGTGAGAAGGCATAACTTCTGAGGCGGCTATAGGATCAGCAGAATAAGCATAGCCTCCCCACTCTACATTGGGACGGTACATGTATCGACTAATCCTCGAGGGCTAGTCGTGCACGGCAGTGGCTATTATACGCCATATGGAGGGGAGTGTGGAGTACGGAATTTTCCGGACAACAAGTTTGTGACCTCTGACTCAACGCTATATTTTTTGATATCAGTTCCACGTATGATCGAAAACGCGAGGACCGCAATCATGTTGTCTTCGCGATAGGTTACATGATAACCAGGACCACTCAAGCAATCCTGGGGTAAAGCATCAACGAGAA,803,48.69,Arabidopsis thaliana
SEQ_475335,AGTTGTGCTTGAGGCGCACTATAGTTGTGGCAGTTTTCATAATGATTAAATGAGTGTGTAGTCTCCAGTCTGA,73,41.1,Drosophila melanogaster
SEQ_582897,GCAGCGCGAACCTACTACTCGAAGCCACCCCAGACGGGCCGGAAAATCAACCACTCCAGTAACCATGAACGAAGCGTATCGCAGCAATACATGAGGCAATTAAGCACTATAGAGATGATTATGATCGCTATTCGTCCGGTACGAGTTAGCGCCCTATTTACCCAGGAGGTGTCTGGTTCCTTCCGAGCCAGCAATTTCTGTAACGGAAGTGTGGTCCCGTCATGATCATACTGCCTGGACTGTCGCCGCAACTCGGAGAGACCGTAGGGCTGCGAATTAAACCTCTTCGGTGAAAGGTCCAGACACTATATCCTGAGCATCTTAATTGGTTACCAGCTCGCGCTCCTGATTGTCTATGGTCGCAATGTAATATAGGCACGCGTCATCTTACCACACAGTACGTATTCTCGGATTGCGACCCGATCGGCTTGCGATCCATGCAAGACGATGCTCCAGACTTCGTCCGTAATTGAGTTGCAGGGTAGCACGTGTCATAAACGTGATCCTTGGGTCTCGGTGACACAAGAGCCATGGGTCTTGCATCCTCATCGAGTGTTGTTTTATCTACTCTTAGGCTTTGTGCAGCCAAAGGGGATTACGTTTTTTATTCCCTCACATCCTTGCGTCTCCAGGACACTGTAACAGTGGACCGGTGCTACGAGCAAGAGACGATCCTTGCGTTTTTCTGAACTGTGGATTCCGCTTACCAGCTTATCTAATTACATGTTTTCGTCTGGTGGCCCGTAGATCCTGAAGAGGGACTTTCGTCCAGCACATGTTTTGGTCGTATCTTCGAATGGACCAGCGCTATGGTCGCTTCTGGCTTGTTGCTCTCGCATCAACCCAAGCCGGGTAGTGTATTACAGTACGGGTCCGCCCCTAGAACAGCGTTTCTCGGCCACCCCTCACACGGTGACGCTTCGACGTCTCCTTGGGAAAGTCGGTAGAGCCACCACCGTTGAAACTAGCGAAGGAGTGAACGACCGTACCGTTCTTACGCGCTGGTTCTATATCAGCGAAACCGTTGTATGGCTACAAATTCTACGGGCGCTACACGGATCTAAGACAAGCTGACAACAGCGATTCCGCGAGCTAATCGAGGGCCCCTTGGA,1112,51.44,Homo sapiens
SEQ_847831,GGGCCCCGACTCATGGGATACCCGGGGCTCAAACTGAGCCATCATTACTTCGCTGGGGCGCTCATGCTCCAGCACTTATTAATCTCACTGTTCGGCTTATTCGAGCACGGATTGGAATGTCCACCCACGCACTCGATGGCTAGTTGAAATACTGCTGCAGACTCTTTGCTAGTAAATTTTAAATCGCAGTGGTCTGGAGGCCTACTGGCATAGGATCAAGGGTCGATGAGCGGCTAGGATAATGCCGACAGCCCGCGCCGTGACTTGACGTTGGATGGATTTTATTAACCGTGGAGAATAAGTCCGATCCAAGAAATGTATTGCGAGGAGCACAGCCTCCTTTTAATAAGAGTTAGGCAGTTGTCAACCCTTCAGCTAGCACTTGCTGACCAAGGCTGGAGTTAGCTACGATACATCCTACAATTGGACACGGGCTTAAACATGACCTGAGTAAGTCGCTGCCTGTTCGTGTGTCTCTAATTAGGTACCACATCATTACTGTCAAGTGCCCCCACGCTGTAGCACGAGACAACCTCTTCCAAACAGTACTAACGGTTCGAATACGGTCGTTC,572,49.83,Saccharomyces cerevisiae
SEQ_716752,TGCTGTCCACGACTCGCATAGCGAAGACAACTGCACCAGATATGGACACGTGGATTAGCCTGTCACTGAGAATATGTCTGGATCCGCCTTGGTTAGCAAGCAGAGCCCGATGATCATAGGTGAAGGCTTTAAGCCGGAGCTTGAGTTGTGGTCAGGGAGGATTGAAAATTCCGATCCCTCCTGTTCCTCGGCAAGACCTTTGTAACGGCCCGTTTACTGCATCGTAATCGGCGATGTAATGATCTAAGAAGTTATTGAGGTAGTTCGCGTTGATACCCATCTCTGCTGCCCGTCTAGCTTATCCTAATGCCCACGCCAGCTCTATTGTAACGTCTAACACAGCTAGGCGTACATTCGGCATGGATGCCCAAGACCGTAATTCTTCCATAAGATCGAAAACAGGGTCGGTCTCATAAGATGCAATCAGTTACATGGTTTGTACGAAAGTGGGTCCCCACAGCGCTTTCGGGGTTGTATTCACCAACGACACGTAATCGCACCGTGTGTCTCGCACAAGTGATGACTCCGGACCTCATATATTCCAGCCGTAGAACTAATACAGAAAGAGTCTAGTAGAAAAATAATTCGGAAGAGTTGTATGAGTTCTCCTTCTTATTGCAAAACTGCTTGGAGAGTGACCTTGGGTCTGCGCAAAGACCGGTGCAACCGTGTCCAGACAACACTTCATCTGTCTGCGCAATCTCAAAGGTAGACGCAGGCATCAACGTACAAGTCAGGATATACATGCCACTGTGTAATGCGAAGCTCCGTACGCAGGCGTCGTCGCTCAGGTGCGCGATCGTCGCCAACTGGCGGATGGGACACTTGCCCACTGCGTCCTTTTAAGTAGTGTCGATGCAAAGTGACTCATAAGGAGCCACGCAGTAGACTTTTACCGCGCTTGATTCCAGTATATGATTTTCAAAAGTTACATGAGGTCGCATCCCCCCGTCTCATGGCACGTTCGATGACTGCGGAGATTGGCTCAAGCTAATTGCTGACACCGTCTCAGCGCGAGTCACATCGGGAGTCTGATATAACGTGATTGGCGCGCTAACTGCGTCCAATTTGTTTGCTGGTCTTTTGCTGGATCGAGAATGAGATTGATATTGAATTGGGGTCTGGTGCGGCCTAGCGTCCCTCGTACTATCCCCGGGAAGGC,1162,49.91,Mus musculus
SEQ_357122,TGGTTCAATTAGTGACGGATCGGTCCAGTCGCCTTTCGTAATTGAGATGTCCATCTACGTGAGCATACTCATCTCACATCAGCAAGATCCCGCTGTAGCAGAGTTTGTCAGTCGTATGCTGGGGTTCCCCTGAGGTGTCCCCCACCTGCCACAGGCCATAGTAGCGGATCAGAGCTGAACCCTGGTCCGAACTTTTCTACTGACACCGTCACATGCCCGAGGAACGGACCGTATTACTCGCCCCTACATGCCTCGTTATGATAGGCAATCTGACAATTCCATCTCTACCATCAAAATTGAGGCGTGACGGCCACGGTGGCTTGTCCTCCATCCGGGCTAATGAACCCTCCTGGCCGTATCGTCGGCAGTCGGCTGACAAAGATCTACGAACAGATGCCCAT,401,53.37,Arabidopsis thaliana
SEQ_684894,GTAGTACGACAGGATGCCTCAACATCAAGCTGGCTATACAATATATTTACTGGCTTTACAGGCCATCTCCCGGACCACCATATGTTTGTCTCCAACAAAAGAGTCGTTATCTCACCTAGAAATGCATACCTGAATGTACGAAACAGTTAGCACCGTTGCACCTATACGTGTTTCAACGCTGTGACGCCCCCTTGTCCAAAGTGCAGGGCCTTGTGCGGACTTAGTTCTATATGTAAAGGGTTAAGCAGCCTATCGTTTGGTTTATCATGCGTCAAAGCCTCTTGCCGTTCATTGTGGGTACCTTGGCATCGGACAGACTCGCAGCATCAGAAAGTCAGGCCCTCGAGTACCAGATCCGTACGCTGAGCCCTACCGAAGTCTTAATCCCACCTGTAACATTTCGCGAACAGGGGAGTAACGGTTAGATCGCAGTACAACCGGGTTTAACGTTAGGGGCCCAGACCCATCGGGGTCTAAGTGCAGGGGCTCGCTTTGTCTTCTGGCATCGAGCACAACGCGCATAAGGAGTATGTGAATAAAGTGAAGTATAGATAGCGTAGCGTCTGCCGGTGTTACGAATCATTGGGTCTCTCCTTAAGTATCAACGGAGGTTGCATCCAGCTACCTACAAGCCACGGATTAAACTGAAGTAAGACCCAGTATGCATCGCAATCATACCTGGTAGAGCCTATCGGCCGTTCATACGTACCATGTTTATCAGTTGAAGTGCCCAACACCCATGTGTAGCGCGCCTACGCCTCGCCCAGCCCTGCCAGGGCAACGCCCGATTATCGTTATTCTAACCTCGTCGCAGCAGGTACTGACGGCTGGTGCGTATATGACCACATAACTAGTTGACCTTCGGCTTTCCTGTCCTCAGCTTGATCCCAATGCGTTTCAGAAGATCTTTGCTTTCCGTCCTTGCGCGCGCAGACAGCAGATATTCCACTCTGGTTCGAACGATTAACCCTAGCCCAATAAGTGGTATTTTTATATCCCTACGTATTTTCTTCGACAGATTCTGTGAAGACCCTATTTATTCAGTCATGTGGATTTTGACGCGAAAGAGCAAAACGGTCTAACAGCAGCCATGCTAGGCAATACGTGGAAATAGGTAAAGTCCTATCAACCAAAACTTGCACACCGGACAACCTTTGAGCGGAGAATAACTCGATGTTGCGTGTAATAAATTAGATTGGGGCACCTCTATAGGGCCTTTACCGGCAGGCAGACGATGACTAGGCGAAGGGCTCCCTCTCCACTTTTACCACTTTATCCAGCCGATGGTGGCAATTCGACCACTCGAGGATAAGACCTAGTCCGGCGGCTCTTGTGAACCGTCCTTGATTCGATCTGTAATCGACACCACTCATTCGCTTGTTC,1383,49.1,Saccharomyces cerevisiae
SEQ_883180,ACGCGTCGCCCCTGTTGACGTACTCGGTACCTGGTAAAAGTTGTGCAGAAGGCCGCATAGGGCCCAACAGGGCGGCGGTGCCTGGCGCATAAGAGTCTGCACAGTTGGTGCATTCCGGACTGACGACCATACGTCGACACCCATCGCCGGATTGACTAAATGTGTTGCCGTCTTTGGCCATGAGTCGATGAGTCTAATATCTTAAGGCTGACCACGGGAGAATTACGGTTCATCGAATTGGATACATACTAGGGCCGCTAAAAGACTGGCGTTAATGTTTTTGTCCCAAATTTCTACACTCTCTTAGTCCATACTTTGCGCCGGCTATCCCCTAGTAGGAGAAACAGTCGATAACGAGGCTGGCCTCCCTACAGCCTTATGACAACCGGCTACCGGATCTCATTCCGTGATAGGAGGGCCAGGTTGGGCAAAAATCATCTAAACTCGTCATGGGCGGGACCTGAGATGTCACAGCCCCATCCTTGAACTACAGGGATTAGTCTGCATGCCACTCGTCTCCACATGCATCCCGGACTTCGCTGACATCAACCCGGAGTCTGCATGAACTGTGGGGCTGAAGAGGTCCTCTTGGCCGATTGGCAGCAGAAATTTATCCCCAGGGACAATTAAATCGATTACCCCTTACTCTGTCGTTACACGAACCAGGAGTCGAGCGTTCATCCTGCCTCACTGAGGATCGCTGAGACCGGTCACTCATGAGTCCCGGCGCATGTGTTATGCAGTTACGGACGTGTGTCAAGCCTCCGTGGCTATTCGTTGCTTTAAGTCCCCGCAAGAGCGTGCTCGGCCCAAATCAAGACGCACCTGTTACCTGATAAGTCGCCAGCCACAATTGGCTGCAATATCCACCGTTGCGTCAACTCCAGCTTGAACGCCGCGGAGTAGACAGGTGAATTAGATTGAGTAAGCACTACGATGTTTTTCGTATTGCCAGCAATCGAAATGAGCATGACCAGGTACGGGTGTATCTATGGAGGGGGACCCGTACGGCTCTATAC,1019,52.6,Escherichia coli
SEQ_789964,TTAATCTTCTCTATAGGATTAGTCCATGTAAAAGCTTTGTGTGTCAGACACTACCGCGGTTGGTCGTATTAAGCTAGTGCGCGCTTCGGAAAAGGCGTCGGTGTGAGCACAGGTGAAGTGGTTAGGATTTCCTTGGGTTCGAAGCTTTGCTCCAGTAGACAGGAGTAGATAGACCATTTAGCTGTGCGTGTTTTGATGTCCTTAGACAATCCATGCGAGGAAGACTGTGCTCCGATTTCAGTACTGCAACGTTGGCATGGAGTTGTGTGTTGTTAACTCCGACTGCTTGAATTATGGTTCCTAGCTCAGGAATTGTCCGGCGAGTCTGGAAAGTGGGACCAGAGGTTCAATTACCAACCTTATGGGTTTCACCCTTGCCTTACCAAGTTCGCATAGTTAAATTGACCTAGAGACGTCCGCATGCCCGACCAAATTCCCACTTGTCGGACGACTTTTGCGATGCTTGGGCCATACATGGGC,480,48.12,Escherichia coli
SEQ_497238,TGCGTGACTAGCCTACGGAATCCAGTTTTAAATAAAAGGTTGGTCGCTGTTAGAAGTGCTAATGTGCAGGTTATGAGCTAGCTCCAAAAGTAGGTTGAATCCTAGACCTGGTGTTCGATTTACTGGAACTTACACGTTGGGGCGCTTGGAAAAGGCGGGGCTCCCACATGTTAGGTGCGACACTCGACGAGTTTCAGACATATAAGGTACATTGCGCATCAAACTGAGCAAAAGACCTTAACCGCCTCTCCCTCACTTCAGCAAGCAAATAAGGTTCTCTAATCGTAGCTGGAAAAACTAGAGCTAGTATCGCGATACGTGAATGGTAGTTGTGTCCCCCGTTAGTGTTTCAGACCGACGTCGGAAGATGGCCAGTCCTAGGCAAAATGCCTGGCTGGGCCGTGAATAAAAACACGTCGGAGGTCCGGATCACTACGGCCAAGAGGGAACCATAATTGCCTATCGACCCTCCGTCTTGCATGACTTAGATACAGGTTTGGAGTCTAAGA,509,48.33,Drosophila melanogaster
SEQ_201517,AGCTGGATGGACGTTACGAAGATTGGCGGAATGCGGAGTGACCACTGGGGATAGAATACGTGATGCTGCGCGTCAATACCTGCGATGTCCCAAAGGCTGGCACGGCGGTCGTGTGCATCTGGATTAGGGGGAACATTTTCACCTTATATACTCGATCTCGTCCTGCTGCTCTCGGATTGTGTTGGCCACGATGTATTGGCAGTTTCTGCATGATAGAGCTGACTCGATGTTCGCGTGCAATCCAGAGAATATATCGCCGCCCCGATAAGCAGGAACCTTCCCGCGCTTTTTTCCCGTGCGAAAGCTCCCATAGTGCTCGATAGACCGTTTATTTCTCTTGTCGTGCGTGCTGG,353,52.69,Saccharomyces cerevisiae
SEQ_488053,GCTTCTACTCACACGCTACGGGGGCCAAAAAGGTCCCGGGAGCGGGATTGATCAATCTGCCTGGGAGGCCAAGTCAGCCCCCGGCGCCGCGTCAACTGCTTGCGATTAGGTTCTCAAGAAGTGGATAAGTCGGCCACTACTTGCCGTTCTAGACGTGTCCTCGGCGCAGTCGAGGCTAGCTCACGGAGGGTTGGCGACGGATGCCGCGACTCCTGCTGTCAAGACCGGACCATTCCAGGAAATTAGCAGTCACTGTGAGGGGCTAACTTAGTGAATTGGGAACCCGAGTGGGAGATATCTAAAACGTCAGTTCTGCGTTTCAGAATATTGGAGTAGCAGCGTGGTGACCTCTGAAATGGGACCTCCACATTTGAGCCAATCACTCACCACACTCATCTATGGGCTGAGCAACCGTCTAGCCACCTCTATATCGTTTGAGTAATTCTAGCATGCCAATGCGCCTTGGGCTGCCCTCCGAGAGTAGTTTAAATATTTAAGTCCACCCGACGATTGAGAGCTGCGCGATGAGCACGACGCTGAGAATTACTCAATGAAACTTGTAATATTCTCGTTATTCTTCGGCCCTCGGGTAACAGGCAACTCGGGAGGTATCGCAGGTTAAGGAGAGAGGCCCTGAGGACAAGAACTGGCTTTTCCGGGGTTTATGATCCGGGAATTTGGGAACTATCCTCGGTACTATGCACGGCCGAGCATCATCATACATCACGAGCATTACCACGTAGTTGATTCCACTCTGGTGGACAATGATTAAGACAAGACGATTTGGCACAATCATTTCGTGCCGTAAGTTCGGACAGCGGTACGTGGAAGTGGGTCATGGAAAAAACTGCCCAGTTTCTGCCTAAGTTCCATAAAACCACCCTAGTTCTTAGAGGTTTCCCGTTCTCATATGGATTCTTGTTGGTATATTGTCAGGGACACTGATCATTCGACGCCTATCATATTTAGATAGAGACTAGTCGAAGCCCGATTATTTCTTTAGATGTGGAGGAGATATGGGCTAGGCGAGATATCCGACTGGCAAGCTCGCACGGCCCTACTTCGTAAGGCTGCCAATGAAGATTCTTGCACCATGACTTGCCATAAACAGCCCGGGAGAGTGCGACGTGACAGATTGCGCTAGCTGATGGTTCCGCCTCGGGGATCTATTGGCCATGCGCTCTATGTAGATGTAGTGGTGACTCCTGCAGCAAAGGATTTCAGACGGGATGGCTCGTGGTTAAGGGAGGGGTCATTCGTCACTGGCTATGAATCCGGGTCCTTGGACCGTCTTCAGGTTCCAACGGTTCCCACCATCTACGCTGGAAGTCGACCCACATGGTCGGGCGACAATGTGCGGTCAATATATCAAGGCCAGATGCGGTTACTGCCCTAATTCTGACTGTTTGGGCACGCCTTGGATAGGCGTACCACTTGGGAACAGGCAACGAGGTGTTCCTAACTACCATCATCCACTTATAGCGTTCTTTGAAACGCGATCTCACGACGTCATAGTAGTGCAGACCATGGTGTTAATGACCGACTAACAGGATATCGTGTCGAGCGAGGAGCAATGAACCGTCAAAAGATTACCTGACGAACGGGTGTAAGGGGAGTATCTCGGTCGTCGTCGTTCGTACCAATCATCGTCCTTCGACATTTTGAATCAGTTGAGTCACCATCCAATACAGCAATCAGGCGCATGGCCTCCCTACTCCACCCGATGCATAGTCACACTAGCTCGACATGACTATGCGCGCGCGTTTATGTCCGGTGGCGCCAGCACAGATAAAGATATTTCGGAAGGCTTTGTACCTTCTGGCGTCTGACGATAAAGGTAGTTTAGTACGAACGCCATCGAGTCTGGCTGGGTGTGTGTCGCTTAACTTCCGGGCGT,1897,51.29,Drosophila melanogaster
SEQ_155730,AGTATATCGGCAAGCCGGTCCATGGATTTAGTGAGCGAGATGACCAATTTACGCTACGACCACTTACTAACGGGTTCAGAACGAGGAATGCCTAACGCAGATTTATGATGCCCCGTGTTCGATACATTTAGTCACATTACCCTTCTCACAGCCTAGCGGGGGGACTAATGTAGCGTATCTTTAAGCAC,188,47.34,Arabidopsis thaliana
SEQ_504862,TGGCGTCCTAAGATATTATTTCCTAGCCAAGTAACTAGAGAATTAGTGATATGCATTCGGGTGTACATTCGTGATGCTGGACATACATCACGGGCTGGAGAGTAAGCGCCGTCAAGAGCGTACCAGCGAGGAGGAGCGACTTTCGATGTTGGATTCGTAGAGGCCCCGTTTCACCAATACCATATGTCAGGCCCCTTGGCACTCTTGAGGACTACAATTATTGACGCGTAAGCTTAGATCGTCTTGCAAAGACGGACCCGCACTTTCTCGAAGCTATTAGTCTGAATGGCCTGTATGCCTTGGGTCTGTGATCCCTCCTAAGTCCCAATCGCATCGAAGCGAGTATGGCGTGCCTACATTAGACACAGCTGACGCTTGGGATCGTTCGGGAGGTGCCGAAAGTTGCCGCAGGGGCCAGCCCCGTGGTCGCAGCAAAAGACAAAACTAGCGCGGAGGATCGCATTACCTATTCGTTACGTAGGTAGCTCGTAAAGCCCTCAGGTTCTAGTGACTCCAGCTCGGAACTTTACATGGCCAACGCCATTTCTACGCTAAGAGTTGCGTATTAACTATCACCTGTGTTACACAGCGTTGAGTGTCCCAAGCGAGTTCCATAGTCCAATAGCGGG,629,51.03,Arabidopsis thaliana
SEQ_672158,CAACTGGGTCATGCCCCCGGATCAACGGACCCAACTAGGTAAAAGTCGAACACTAACGTCGAATTCGGACAGCATAAACCAGGTGTGGCTTCCCTGCGGCCGTTGAAACATCTAAAGTCCCGTATGTTCCACCCCTTCTACTTTAATCTGCCAGCCGATGTGGGCTACGGAAACCAACCGGGACGGATGGGCATAGCGTCCATATGTATGTTCTAGTAAAAGAACTAAATGACACCCTGTAGTCGGGCAAAAGTCGGCGTGTAGTCGATTGCGTGCTTCGAAATTCCTTTAAAGCTATTCTGTGATCAAAGCTTTGTTCAAATGGAGAGCTCAATAAATTTTATACTGAGGTCCTGACAAAGCAGAAGCTTGTGTAAATGCTTCGGTAATGCGTGTGTGCGCAGCCGGAGGACTAGGACCAGAGGCTTGGCGGAATACCGCACTAACGCACACTCAGGAGGGCAGCGACTATCGGGGGGGCGTGGTGTCGGCATGAGTTAGGACAGGCCTTAATCGCTCATTAAGAATTTATTATCGTCCAAACTGGCAGAGGTCCACCAGGACCGGCATATGGTATTTTACGCTATACTCGACTGCGTTGGCCTGGTAGCCTGTGTGCTGGACTTACACTTACTGCCTACGTAAGGATACGGAACCCTGACCGCTAAGAGGCAGAATTGCGTGCGTCCCGGGGTCTATACACAACATCGCCTCGCCTCGTGCCGGACTGCAGTTCCGGCCCGTCTGTTTGTTTGCAATATCGCTCGTAACGCATCTAAGCGCGAATTTCCGGTAGAGGAGTCCGCGCCCAATGGGCGCGCACCCAGTAATACGCGCAGCCGCTAAGATGTAACCTTTGACTACT,865,51.79,Arabidopsis thaliana
SEQ_825914,CAACCCTAGCAGAGTAACTGAATAACTGTTACGCGGGTAGTACGCCTTGGTGGTGGCTGTTACTACCCCCGCTCTCACCCCTGCAACTTAGGTACTTGCGCAAGAGCCGTTCAGCGTAACTTGTGACGAACTTAGCATAGTGCGGTATAATGTGCGGTATTGTCATAGTTTTCGATCCCCTGGGCCTGTGCTCGCAAAGGTGATGGCATTCAGCTGTAGTTATTATAGCCTACCTCTGCCTTCTCGTTATGTAGAAGAGGGCGTGTTTGTAAGAGCCCGCGCCACACATGAGCGTTGTAGCAGTATGCCTTTTCGCCATCTCACGCTCGAAGTACAAGTGGTTAATAAGTGCCAGGCAGGTATGTGGAAGAACCTCGTGCGGCCAAATTCAAGTGCTTTGTAATAATAAACCGCTGTATCTTTTTGATTGTAAGAGATATTACACGATGCTAGTAATGCTAGGTGTGCTAAAAAAACCATCTGCGGGTACAAGTATCCTCCCGAGCTCCGAGCATGTCTAACGATTTGATTCGATGCATCGAGACGAGAGAACTGCTACGCTAGCGTAACTGTATTGCGGACCATTTGCAGGCGTACGGCGTCAACCTCGACCTGCAATTCACAACGAGATCTTGACCCGCCGAGGATAGGCTGTGTATACTCGGCAACGCATAATACTCTACAGGAATATTGCAATAATATCCGTAAGCAACTATCGAAGCTGTGAACGACAAAGTTAACACCTCGTAGGAGGCCCTCCCTAATCGAGTGCATTACCCTACTAGATTTGAGTACTTAGGAGGCTGCTCGGTCCTTCACCAGCAGTGGCGATATTCCCACCGAGCCTAGCGCCTATGGCTTAACATTGACCATTAAGCTTCTATACGAGGCCGATGACAGCAAGCGGGCGGCGGTCAGTCTCCAAAAAGATCGTGCCACAAGATTATCTAGTCTGGATAATCGCTGCCATGGCGTCTTGTCCCTGCTCAGCTTTCTCAGTTGGGAGTATCAGGAATTAAATTCGAGCATGCGCCAGATAACAATATATAAGACGCTGAATTACCATATTAATAATAACTTCTTGAACAAGCAAGATGCATCATTAGCATGTCAGAGTTTTTT,1122,47.33,Saccharomyces cerevisiae
SEQ_456312,CCTCATCCTGTCTTAACCTACGAGGAATTTGTTTCAGCGTCAAGCCCGGACTACCCGAGGTCAAGCGTGGGGTCACGCTCCGTTTCTCATGCCGAAGATATGCAAGATATGGTCTGTAATTCCTGTAGAAAGCATGATCAAATGGGAATGGCTGCAAGGCTTCACGGACTCTATGGGTCACGTACCAAAGATCCTGGCCCACCCGGGCTTGCTGCCCCCAATTCTAAGCGAGATGCTACGCAGTTATCAGCGTGGAATCCAACCATACGCCATATGGACAGCAATAACCGCCAGAATACGCCCGGTTGTTATTTTTAACACGATACCCCGTTTTTGATGTTCGGAAGAGGCAGATAACATAGGGCGTTCGGTGTAAGAGGTGTCTCGAGAACCGGCATTGAGGGAAACCGGCAAAACCGAACATGATCGCATAAGTCCCAAATTCTGACACCTAGCACGCACAGGCTGTTATCTCTTATATGTCCTTTGTCGGATTAAATGCCATTTCTTACAAATGGTCCGCTAGCACTAGTGCTCGGCCAACGTATTGGTGGTCATTTTTTCCGACAGGACGACAGGGGTGAGTCGATCCAAAGCACGTATGGCATGATTATTATTGGGGGTTAGCCGGAAATTTTGGAACGCCGTTTAAAGTCTTTGTGCGCGCCTCTAACGGCAAGTTCTAAGTCCGCTCTACTAACCTTGAGCTGTTCCTTGAGACCTCACCCTGAGACTAGTCAATTTCAGCGTTTTGCGGCTAAGCTGATCCATGAATCACACAAGAAGTAAACAAAACTAGTCTTGGGGTCGCAAGCCATAACCGTGCTCTGTCAACGGAGAGTATTTTACAACATGGATATGGCTTTCGTTGATGGAAAGACGGGAGATTCCCGGGGATCTGTATGTCAGTGCAGACTGTATGCCTTTCCCATCGGCTGATTGACTGAAAACAATAGCGAACGTAGACGATCCTCACAATGTTACGAACCCCATATCGTAAGGAGGACGGGGCCTTGGAGAACCAGATCAAGTGAGGATCCGTCGCCCAACTGATCAGAGCCGCCGCAGCACGGGGTAAAGGGAAGGAAGCCCCCTAAGAATGGTTGTTATAATTGTATTTTGCACTAATAATACAATTGCGGGAGACTTAATCTTACTTCGCTGAGGAAGCACGCGATGATGAACCTCACCTTGGACGGAAACTTTTGATTTCGGCATTTGCTAGCTTGTAAACCGCAACGTGTGTTTTACGGCCTAAGGACGGGGGGCCACAACGTAGTCTTAATCTTGGCAGCGCTAGAAAGTGCCCTAAAGCAACCGATCGGGCTGAGATGTTGCGCTGCAATCGGGTTTGGAACGTGGTACAGCCTTTATGTATCTTGCCCGGTCCGAGTCATGAGCGAGCGATACGCTGGCTCGAAGGGC,1425,49.4,Caenorhabditis elegans
SEQ_259806,TCGCGTTCGACCAAGCCAACTACCTCGGTTGTAGCCATAGGGCGTGAATCAAACGAATGTGTGAAAGTCTATGTGAAGACCTTTGTCCTCTCGATAAGGAAAAATTGAACTGGTAGGCATTACAACGGCGTGTGACGGGGCCACCTGTTTATGCCATCGGAACCCTGTTAGTATCTACGTTTAGTGGCTAAACCACCCAAAATAGCAGGGCCTCGAAACAAGGTCCCGGTACGACACTGTGGTCTTTATGCTGGTTTCGTCAGTCGTACCATTGATGAGAACACCGGATACCATCGTCCCTCTTCGGAGGGCGTTGACTTCAGCCCCGCATATTAGGCATGTCCTCCCATAGAGAACCGTCCATTCTGCGTGGGACGGGAACAGGCTATGCGTAGACGTCGCTAGTTGTTCCCCATAGTCGCGAGGTCCCTCAGCACAATCTCAGTCTGGCTGCCCCTCGTGTGGATAATAATTGTAGAAGTTCGAAAAGTGATCCATAACACTGTTCGAGTATACATAGAATGGGCTAGCAGGGAGGGGTACCGACCCGCGTGCCAAATCTGCAGCTGTCCCTGATATGAGATGTGGTATGACCGCATGGTGAGTCTATGATTGACCCGACATGTATCTATCGCGTTTGTCGCAGCCGCTCATACTACGAGTATCTTCGATACTACGCGCGACTTGTTGTACGCACAATTGTTAACCGCCCTCGCTTAAGGTGCGAGGCGTAATTGGACTTTCTAGGGTCCCTTAGAGTCTCGTCGCCCGCCTCACGCTCCGGGAAATTAAAGTTTCTACTCACAGTTTTGGTGATACGTAAAAGGCATTATCGCAGGTCAGCGATT,848,50.59,Saccharomyces cerevisiae
SEQ_595353,ATCCGTGCTATCAGGGCGTATAACCATTCGCCGTGTTAGCCGTACCACCTTAGATCAGTCGCTGGAACTTGGTGGAGCTTATGTCCGAATGAGTTGTCGCGGTAGTCTCTCCGTTCCCTATGACAAAAGTAATGCTGCGGAATAACGCTGCTGCTAATCGAGATAGAAATTGATTTTAGTAGGCCACGGGAACGGAAGTCATTCGATTCTAGCACTCGGATCTCACGGTCTAGTAAGAACTAGTCGCCCGTTTATAGAATGCGGTTGTCTGCCATCAAAAGCCCCGTCCACGGTCCGTCTACTAGGCGAACGTCATCGGTAGTGTGGTCAAAACTCTGCGTTTCTGCAACCAACCCCATCTGTAATTTTAGAGGCCCTGACTGTCAGTAATTGATTTGCCGTACAACGCTTAATAGTGAGGTTTTATCTCGAAAGCCGGGGCGCTAGGCTGACGAAGCCCATATCCATTGACTTTAGCATAGGTCCCCGCTGGCTTGTAGGCACCACCGGGGCTCGTGTGGGGTAAAATTAACACTCATGCGCGTCCCGCCACCCTAGGCCGGATAGCTCGAGAGCGGCGAAACACGGGCGACATAGACTGGACGCGGTTCCTTATGTAGTTAACATTGCAGTAAGCCTTAATGGAGTTTATGCTCATATTAAATGGAAAACGAAGTGCCGACCGCAGGTGACGATTCACCAGAGAGACGGAGCTTTATTATAACAAGGTATATCCGAGAGCCTGCATGACTCACAGCGACGTATCTTGAATCTTTCCCCGAGAAGCCTACCCGGCCCGGTTGCTTATAGTGGCTGGGTATCTACAGGGGGAAGATCTTGCCTTTCTCGGCGTTAACTATATAGAGGTCTACTGAACTTAACATACTCGAAAGTCGAGTGTTGGCCTCGTATCGGCCAAGGTTTATGCACCCCACTGACCGCTACGTAATGCAGACCTTACCACTGCGTTCGTCGGGCATGTCCTCATACCTCGCAGACCGCGAATGGGAATCGAACATTTTGCCAGTTGCTAATGCGAAGTCAGCTCCCTCGGCGACCTTCAGTGTCTTCAGAACTCTCCAATGCTTCAAGGCCTCAGCGAGAACCATCACGACCTAGGTACCCGGGAGCTCCTCTCAGATATTTTATTTGAAGTCCTTGTAGCGAAAGCGCTCACTACTGCAGTGTATTTCTAGAATATGTGCCCCGACCTCTAACTTCACGGGTCTTAATTTCTGAATTCACCAATAAGCGAGACGATAGCACTTAGTTCCCAGGGTTCCTCAGCGAGGTTTGTCATAACGCTCAATACATGTTGTTCAGTTTGCCTTCAAGTTAGATTAAGTTTCTTGCGACCGCGGATCAATACGCGTTTTAGGACTACATGGACGATCGTTCAGATTTGAGAGTTAGCAGCCTGGCCCAGTGTTGATATTGGGAACCGGGTCGATGCAGTCTAATTAAAGGTAGAGCTCTTTAACCCTGCAGGTGAAGCACAGGCCGATTCAAACATAAAGGTACCAGTGTGGAATCCAGCCCTCCCGGAATCTCCTCAGGAAGGGGGTCCAAAGGGTAGCCGCGAGGCTTGAACATTAGTGCCCAGTCCCTAGTGACATGAACATTCCCGTTAGCCTATTTTCTGGACTCGTCCTAGTTAGGCTCAGTAAGCTACTCTACAAGACGTGCTTGTTCTTACAAGGATGTGGCCAATTCCGCTCCGTTCTATAAGAGTTCATTGAGCACAAAATCCCTTTGGCACTCTATCAAC,1768,49.43,Mus musculus
SEQ_229744,GTATGTGGATCCTATGGATAACATCTACCAACGGGTGTTACCAGCTAAAGAGCTTCTAATTGATAGGATTAGACGCAAGAATCCACGGTGGCCGATTTACTGGAGCTAAAGCCAGGCCGCAACAACGGGGGACATGAGACTTTCGAATATACCACACCCCTGAGTCCCAGAGGTCGGTCCAATACTACGATTTTTTTTCCTATACAATGGGAGTAGGACTCGTAATCGTGTTGGGGTGACAGTGCGTATAGGTGCTTACATACCCTGGTTTCCGCCTATAGTCGGGGTAGGATGGTAGATACATCGATCGATCGGCGCTAACACCAATAGTATACTTAATGCAGAAAAGGTGATCTCCCACAGAACGTATGCGCAACTACCGGACTCCTGGCCTGTCACAGCTTCAGAATCGACCTTTCGAAACTAACCTGAAGATAGGCTTCTGATTCCAACTTCGTGGTGGCAATGGTTTTTATTACTGCTGTCCGAACTAAACTTGGGTTGTGAAGAGATGACTGGCTGTTGGACCCGTTCCGGCGAGAAGCGGAGCTGGTCTCCAAAGCACGACCTTCCATGTCGGACAATTGGCCCGTGTGCCCTCCCAAAAAGGGAGGTCGTTTTCTGGTTTAGTCGTCGAACCCGCCAAAGCTAACGTAGTACACAGGGAGCGTTATACCGCATGCTCCCTGGAGGCCTAGGACTGACCAGCCTTCAGGTATATGGTACATTCCAAATTTCCGATACCCGCTTAACGACTACCCCATACCCATTACGGCAAGCCGAAAAGGTGTTTCCTAGTTCGGTAGCAGAACCCTTAGATATCGGAGTCCGACGACGGCTGCAAGTGAGCTGTCTTTTCTCCAGTCTCTGTATAATGTGGTTCCGACGTTCCGAGCCGTTACACCGTGATCTTATTGCTGTTGTTGCCCCTAGTCAAGGAACATCCTCTTCCACAGAGAATCATGACTGGTCGCACGACAATTACAAGGATGTGGAGTGACGGGCAGAGCGCCTTCCTGGGGGTAACGTCCAGGCGCATCAGATCTTCGTTATCGATCTCACGTCATAAGACACGGCTGATTCGCTCGTCATGGGACATCGGTCCGACAAAGTCTGTACGTACGCTCCGCTCTGCCATCTCAGGGCAGCGCCCAAAGTGAGTGACCTGGTTTAACCTCAGATCTTTACCTGGTCCCAGGCTTACA,1205,50.71,Escherichia coli
SEQ_756492,GGTCGGGGGACGCCCGGCATAGAGAATGCATTGACCAACCGTACGTATCCGTACCGGGGCTGCTCCTGCTTAATATATGCCCAAGTATATACCTGCGATAGCTTATGTAAAGGAGCCAAACCTGCCACTTATTCTCGGCAGACCCTGCGGATCTTTGTGCGAACTCTATACAGGGCTAACGCGGAATTTCTTCAACCGAGGATAGCATGCGTAGATAGGGGTGACTTCGGATATGCTACGGCCGCGCTAGTTTGAACTGGGGGCGTGGCTCATATTGTATGGGTCATGTCTCAGACGTATGCCTTTAGGATGTGGGTCGGTGATTACTGGGCTCTCCTCAGCGGTGCGGTGGCTTCAATTCGTTTGAGCAGTGGTTGTGAGAGTGATTCGACTAACCCACGTCACGGTTTTCTAACCGAATCGCTAAATCCACGAGTTATCTCCATCGGACCCAATCGAGGCTCGCCTGGACATTAGTCGTATCGGGTAACTATAGTGAAACACTGAATACGCCGAACAGGACCAAGAATTTGCGCTCACCGGTGAACTCCTTCTCGTACGATGGGGTAGAGTAGGCACCCATGATGATCGGTTTCCTCACGGCTCACATACCCTTATCTCCTGGAGCTAAGCCGTCACATTCAGAGGTGACGATATCTTTCGATCAGTCCATCAATAACTAACCCTGAGTGAATCTTCTTGACTCGGCAATAGCATTCCGCTGGCGGCTGTCATAACCCTGGCTGTCGGACGTT,755,51.39,Arabidopsis thaliana
SEQ_371922,TGGTCTCATTAATGGTCCGGGGGGAGCAGCACGCACCCGTTCAGCTCAGAGCGGCAAGATCCCTACAACGGGTGAACCTCCCATCAGCGCCAGGTTAGAGTTCGGACGGGGTGTCGCGGTCTCGATGTATGCAATTAACCACGGTGTGCCTAAAAGAACGGGTCCTCCGGGAGTACCTAGCATATTGCTGGAGCACATTGTCACATAGACATATAAGTTTCTGATATGCACGCAGATCAGTGGGCCCCTGGCGCTGTAAAGGTTCAGAGGGCAAATACTCCCCGTACGAATCCCTATGACTTATGGAACTGCTCCTCCAAAGCCGCTTGTGGGAACTGATACAGAGGCGGTAAACGGAAACTTTCACGTGTAACTTGATTAGCCACTAGACTTAAATACCAGGTGATACTAATCTCGAGACTGCTCCCACATGTTCTTACAGGCTCAGCGGCAAGGCCGGGTTTAATCAAGCGTGGAAAGCTACGGGCCGTAACCCATACAGCACCCAGTTCAATTGTATGCACTTTATCCTTCGAGGGGCGAGATGTAGACTGCCTCTGCGACCCCAAGTTTCCCTATCGCTACCCAGGAGGCCCGTTAGCGGTGATTAAAGC,614,52.44,Drosophila melanogaster
SEQ_764493,GGGCCACGCTCATTATCATCCGACTGAATCAACCTACCTCAGACTCATCGCCCAAACGATTATGCCGTCCTTACGTTAACCCTCTATACGATTCAAGGCTACTAAATACCTAAAACACATTGGGAGCTATTATAACATGCCCATCTTAGAATGATGGACTCGCTCCGAGGCTAACACTAACACATCACTCGACTCAGAATTCCGTCTCGTTTTCCGTCGCCCGGTCCAAGGACGGTGTCCCAGGTGTCACATGTCTCTGCACTTCTATGTCTGTCACTTTCCCTAGTAGATGATGGTTCAATGGCGAATGTTAAGTTAGTGTTAACGACAGATAAGCTAATTTTGCCTGTCACTGCAAATCTGGCAAGACCCGCATGCGCTTTTTTTACTTAAGGCGTCACGAGTCGATCGCGGTTCGCTAGGGCAGATGGTGGCCGCCCCAGCGTTCCCCTACTATCACTTATTGATGTGCTATTTAACCAGTGCAAGGTAGGGACGATTCAGGCCAGCGCTCGTATGGAAGTAGGCTTCGTGGGCTCCGGGAGGTATTGGGAAGTAATTGGTCAGGCGTTCGCATTGTCTCGTAGCCGGTGTGTCAGTCCAACTTCAAGGCAAGCAAGGACTGTTATACATGGACATAGACTTCGCCCAGATCGATCGAATTAAGTCGACTATTGTTGCATAGCGACAGAGCGCCCGCTGTTAAGCTTTTTGCCTAGTTGGATGTTACGGCATCGGCTGTTAGCCCCATACCCCTTCATTGTGATGGGGCCGGAGTATAGCGACCTCTGGGCATGCAACGGCACAGGATTACTGCTATGGATCTTTCATTAAAGAAGCTTCCCGACCATATTGAAAGTCGAGTGCCGACTTTAACCCTTGGGAGGGGTCTTATTGTTAGCTTCTCAAGTATACCGTTACTTTTAACCTTGGCGGGCCTTAAATCGGCGGCGATTATCGGGCCGTCCATGTAAGATTCTTTAAGCCTTAGACTCGAAGGTTAACTTGCGGCGGCCTTGTCGTGGTGGCACCATATCTCACGTTGCGACACTCCCTCTCGTACCCGTTTAGGCGTGGCTACTCGGGGTCTCAAGATGGCCATGAATGTCTCTCCAGAGTCCCACTTGAACGAAACACGTCCACTTCTCGACTACACTTGTTTACAAATTCAGGTACCTTGCATTTTTGCCGCCATGAGGGAGTTCCTTGGTGAAACCCTAGAGTGATGCAGACCTCTCAACATCTTTAACATATCGTTCAACGTTATGCAGGAAAACCTATTACTTCGCTGCGCGCTCAGACTTAGCTCTGCAATAGATCACTGAGTTCTAATACATGAGTAAGCACATGGAATGGATCCTGGCTATAGGTACCAGCGTACCCTTCCGTCTTTGACCCCCTTGGTAAGATTGAGCGCCTGAGACCTCATTCCTCCGGACCTCGGGCAATCGACCATGGTTCGTTCGTTGGAGTACAGAGTATCACAACTTCCGGGTCTGG,1500,49.47,Mus musculus
SEQ_118280,TGATTTGTTGACGCTCGGATCTGTTATTTAAACACACGTAAGCAATTAATAAAGGCCTTTTTCTATTGGCCGCTGCCCCCTTATCAGCAAGAGAGGCAAGACCCGTTTCCCAACTCCAGAATTTTTGGAGCTTGAGTGAACTTTTGTGTCATGTATTTCTACTTGCCGTTGCTCTGGTTTAATCGAACTAACTACAATAGAGTATATCTATCCAAATGTAAGCTTACGCCGAGTTGAGCTGCCTAATGAGTTGCTTTTCGTCACTGATTACGTGTTACAAGTAGGGAAGCTGTAGCCCAGGCGCAAAGCCCGGGTATAGAGAGATGAACGGTGGTTGCCTCGTAAGCTCTTTGACCCAATACATCTCCTACTCTACATCATCCGTTACAAAACAGTTTATCATGCAGCAGATCATGATCCCTATCCGAGCAAAGGTATTCCGCAGCGAACCATGTTCGTGAAAAGAGAGACGCTCGAATGATTAACCTAACTAAGCCCCGACAAACCTGTGATTCGCCATATGAAGCTTCACTTCACATTCTAAACAAGTAACGGAGCTCCCACTGACAGAAAATCAGAGCTAGAACTCATAAACAGGCTGCTCCGGTTTGAACCTCAGGGACATTCATGTCTGCGAGAAATAGCCCACCACTGCCAGATAACCCGATGGGCCCGCGTACGGTCGGCTTTTAATTAGATGTTTAAAAGAGCAAAATGGCCAAGTGAAGCGATTACAGATACGAGAAGACATTTTCTTTTTAACACCTCCAGTATGTGGGCCCAGGGTGACCGTCTCTGTGACGCACTCGGGGCCAGCTCCCTGCAGTGCCCCTCCTTACTGGCAGCGGGGTGAGAAAACCGGGCGTCGGACATCGGGAGGATCTAAGACATTTCCGCGTCTGCACCCTGCGACACATCTCTCACAAGATTGAGGCCAATAGCACCACTCGGCCCATAAACTTTGCAGAAGAGATGCGATGCACGATTGGAGTCCTATCGGTGCTGCCTGGGGCCAAGAGCCTTGTGAATACTTTATGGGAGACAAACCTTCGAGTGCAAACGCTAACGGTTAACGGGTCAAGTCTACATTTTGCGCAGGACTTCGTTCACTGTCAGTCCGGAGGGCTTCCCGAGAGATTCTTATCCACGTTGAGTCTTCACGCTCGGATATTACTCCGATCTGTAACGGTTTGGGAATCAGCTGCCCGGAAGGTATCTGTTATTCGTAAGCCTGAACTTTGCATCTTGTACGAAAGACCTCGTAAGTCTGTGAAAAGAGAGGGGATTGCGCCGAGTGTGCGGCTGCTACAATTCCCAACTTACTATGACCGCCGACCGATGAGCTATTCGGCAAGGGAGAGGGGAGGTATTGTTTTCTCATTAACAGTATCTGCATACCCGCAACGAGAGACGGGAAAAGCTCGCTTGATTAAATAGCTATGCAGTAATCGTACGGCGCGTTAGTTATGCTCAGTGTGATATGAACCATGAAGACACGTTGCTGATACGATGTGCACGTCACATGGCCGTCCAGGTGGTGCAGGTCGATAGGTTAATATCGCTGCCCTTCATCCACCGGGCGGGCCGGCAGGGTAGGCCCAGCGGAGCATTAACTAAAAAAAGCGGGCTCGTGAGCTAAGGCGTGTGTGCTGCGTATAAGCCTGAAGCGTTCATCCGCCGTTCAGGATTTTAACCCCTCGGCGTGACGTAAATGATGGACGGAGTGTAAGCTTGAGCTTGCCGGAGAGGCATGAGGCAG,1759,49.46,Homo sapiens
SEQ_672500,ACTCGGCATATCTGGCTCTAAACATTAGGCCCCAATTACTGAAGACGGGGCGGGCCTACTTGTGCCGGGTGGGTATGGTAGACTATATTGGTCTTAGAGACGGGGAGTATTCTTTGCGGCTGCACCGATTGTAAGACGGCTAAGCCCGAAGCCAAAAAAAGAACCACTGCGATTCGCGACGCCGCTAAGGGATCAGGTCGTGTACGGGAGACCACTACCAACCGCACGCGTCCCTCATAGGCCAGTCGTTGTACCCACGCTAGCGGGAACAGATATTGAGTTGCTTAACTGACGTTCGACGACTTTTATTACGAGATAGTAGATTTGACGTACTAGTATACCTCCGCGGGCGGGCGCGTTCGTGCAGCACGAGGAGCGAGGATAGTTAGTGTGACTCCTCTGAACCCCATGGCGCAATC,419,53.7,Escherichia coli
SEQ_409816,CCTCAGTATTCCAACCATCAGTTGAACGGTTTAAATCGACTCTGAGCCCCTAACCTAAGTATCAGTCTTCTGGTAGGATTGCCTAAGTGTATCCTTCCGGCTAGTTATTCAG,112,44.64,Arabidopsis thaliana
SEQ_634608,CGGCGAGATCCATCGCCATCCTGGTTGCAAGGACGTTGGTAGCGAGACGAAATACGATCGGTACCTCAGAGCCTACGAAATATGGATGGACGCCATTATTTCGAGCTCTCCATGTGCTGCAAAATACCCTTCGCTTAATAAACTCGTAAACCGACACACCTTTGGACGTTTTAATGTGTGAGCTTGAAGTGAGTAGGCGAGCGGTACTCATGACATACAGAAAAGGACAAGAATATTTCCTTACAGTAGGGTAAAAGACGAGAAGGAACCCCTAGTGCACCGGCCTAAGAACAACGTGTGGTCTAACTACACTGTTCGCCGAAGTTTCATCGAAAGCATTTCACCTCTCGTAGAAGTTCGTAACCCGGTTCGTTCTGCCGTGCCCCTTGCAACTTACATAACCCACTGTCCCATAGAAAAGCTGGTAGGTTAGACGAAGAAGGAATGACCAGTTATTTACCTCCCTCGTGTTAGGCACT,479,47.6,Caenorhabditis elegans
SEQ_492060,CACGCAAACTCGTAGGGCGCGCGTGGCGCTGGGACCTGGTGGTTTGGGCCGCACGTGCATCATTCCTGCTGTCATTTCTTTCGCTTCATTTATCGTGAGACGACTCGGGCAGGCTGTTCGGCGCCTATCGGCGGCTCCTATATTATTCTTCTACCCCTACTCCGGTCAATCGAAGGAGCGTACGATAGCTCCGCATCCGTGCACACGACTGAGTCACCTGAAAATACACTCCGCAGGTGAAACCTTGAGCCCGTGCTACTACGCTGTGTGTCAGCTAAGATATTTATCCGCCTTCGAGAGCCTAGTGTAACTCATATCGAGTTCAGCTACTACGTATTGATCTAGTGTGGGCGGCTAAATATTGAGAGTCTGTCGATCATGCCTTATCTGGACGAGAGCTGCAACCCCATCTAGTCCATACGCCGGTTGAGCTTCCTGTTAGGATTATAGATAAGACGGTACTACATAACGCGTGACCTTCCAGGTTATTACTGTAATTTACGATGTCGGGAAAATTGCTTAAGACGGGTCCCCTCCATATACGACGGCTGGCCTGGTGGCTTTGTACACTCACCTAGGGAATTCAGAATAGATCTGCAGCATATGAAAATGTAAGAAAAATTACGGCACGAGAGCTGGGCTCTGACTTTCAACAGAAAAGCAAACCTAGCTGGAAACGACTACCGCGCTATAGCAGATTTCCGATGTTCTCTGCATGACTGGCGGTCCCTTTGCGTGCGGGCATACAGCTTGTGCTTAAATATCCTAAGTTGGCGGAGGTTCGTGGGACAGTGCTTAATCACCGGAGCTCCACTATAATCCGGGATCCCCTCTCAATGGTATGGACGTGGAACTTAGTGCCCAAGCTCAAACGTGCGGCCTTCACGTATCCTAACTCAAACCAATGCGCAGATACTTGATCTCATGATGGATGCTGCCCGACTATTGGTGCTCCGGGCGTTTATTGTCTGACATTTGCCGATGTGCAGCCATATGAGCCTTCGTTGATGTGCATGATGGTAAACGTATTTCGGTCCGCGCTGTCTCGTTCAATGTACGTCCAGTTACCATTATCTCAGTCTTTATTCACTACGTACCTGAAAGTTGGCCAACAGACCCACCTCATCGCTGCACCAACGCGAGCATCTTCACTGCGTTACTTAGGTTAATTAGAGTGAGTGAGAGAAGGTACCCTGGTTCAGATGTACCGGCTCCCCCCTCCTAAGCTTTACAAATCACGCAGGTCGCCCCTATCAAGTCTGACTTCCGCGAGATGCAACAGTTACCCGCTGCCACCTGTTCGGGTAACTGTCAATCCTTTACTTATACATATTGACGATTAGAATCCAGTGGGAAGGGCGACGCAACATTATGCTAACGAAGTACAGGTCGCGTCCACCGGTATGGGTACGTAGCGCAACGAGAACTGGTATTCCCATCAGGAAATATGTTATCTTGGTGCCTCGCCTAAGGACTAAAGATACTAGTAAACCAAAGTACGACCCGAGGGACCGAACCGGAACTTGATTCATAGGGACTAGTGCTGAAATGAAGAGGAGCGCAGTTACATGATTATG,1577,49.65,Homo sapiens
SEQ_813539,CTCCCAGAATTTACAGGACGGATCAATCCCAAATTGGTGCAATAGAAGACAATTATCTCCGCTCTTTGTTTCGATGGACTGGAAAAAAATATAGTACCTCCTGGGCATATCCAGCTTGCCGATCATTTGCAAGAGCGAACTGACTTGGGTGAGTTATGTACGTTTTGGCCTATACGCTCGTATCGACCGTTCACACTAATTCCCAGGGCTGTGACGTCTCCTTCTATGAGACTCTGGCGAATACGGTAGTCGCCTCAATTGTCGCGGAGGTAAATCGATAGGCTACGCCGTAGTTTGGCGTGTTCTGTCACCTACGCGAGTTTTCCTTGAATTGTGACCGGTGATTAGAACACTCGGGTGGATATAGTGCCGCAACCTGGGTGAGGGTGGCTGCGGAGGCCTCATCCGTAGAAGACAAAAAATCACTTACATACGAGCTGACCTATGCACAACTTCAACTCTGTTAATCTCGATGTGCGCCTGAGGTTCAGGCCCGAGATCAAAGACAATTAATTGGACAATTCTTGGGGTACGGGCTCGGTGTTCCCCGTTTAGTAAGCACACCGTTAAAATAGACACTCTGTCAACAGTAGCACTAGATGTTCGCGGATTCTCCCCTACGCAATCAAACTGAAACAGTTTAATGTTTGAGATTCGCGGTTAAGTGATGTACTGTCTACGATCGGCAATGCTGCCGTGGACGATAGGTAAATCTGAGATTGAAAGTACCTTAATCGTTGCACTCAGTCTCTACGCCACCTCCGCACCAATTTGGTTCGACGGTCTGCACCGGAATCGTCTTGGGGTCGCTGACAGAAGTCCTTTATACGTAGACTTAGCGACCCGACAATAGGGATTAGTTAATGACCTTCAACGCCCTTCTTTACAAAAACAGGAGGGGGTCGGTGAGGTTCAATCCACATGGTGCTCGGGAGGATGATGCATAACTTTTACCTTGGGTGAGCTTGCGTCCCTAAA,978,48.06,Drosophila melanogaster
SEQ_604350,ATAAAGTCCCCTGAGGGCTCCTGCGTGAGGGGCGGCCTGACTGAAGTGCTGAAGTCTTGGGTTTTTTATGGTATGACGGGTCCCCAGTCAGAGGCAGCTAACTGATTAGAGCCGACATTCACCTATTGAGTGGATAGGGAGTAGAACCGTGATCTGAGTGTAGTACGGGGCCGAAGTGTTCCCCATAACTATTAATCTATTTTTCGAGGGAGCGCCTTGCTGTACGTCTAGCGTCCTGGGTTTTCGTGGAATCAGAACGCGAGCCCGCCTAGTTTCGACTCCTCAACACAACGAGAGAACTTATACATCAATCACTCATAAATCCCCATTCACTTTTATGCTTGGTACGAGAGACTCGGCGTGTCAGCGACCTCATGTACCTTCCGGGACACTTTTACCACCGTGCACTTAACTAGTCGCTGTATAACCGAGCAGCACGAGGCGCTTATGACCGCTTACTAGGTCCTCATACCCGGATAGCCGAGAGTCTGGGTAGTACTCGGTTGTTTACCCTCTCGCACTGTTATCAGTGTGCCACCGACCCTCCTTGACGCATCTCTATGTAAATTATCCCATGCAGCGTGTCACTCTAAAGTGAGCGAGCGCTTCTGCTCACGGTACGGCCTAAAGTAGTTAGCCATCCTGATTTCACGGCCACGGAAATGAGTGATTCTACGGCCAGGTCTCAATGTCCAAGGCTGAGATTTGCGGCCGGGGTTTCCCTCGCAAGGCCGTACGCTAGTGACTTTTGATGTCTTTCACATAATGATACTGTCCATTGCACGATTGAGGCGGGACAACTCGTCTTTCGACACGTGCAACTCATCCGTCGTATTTCGCTATCCGTGGAAATAAGACTAACAATAGCACCTTTGGCCAGCTGCCCGTGTAAGCCCCCTAGACCGCTGAGTAAGGTAGTCCCGAATCAGCACGCTCAGCGAAAATACCTTGAGCTTAAATACTTATAGAAATTGGTGCGTGGAAGCTGAACCCACCGATACGGGACTTGATGTGACCTATGGCGGTTTCAACAGAGGCTAAATCCTCGATCCCACAGAAAGCGGCACATTTTAAGTACAGTTGCTGTGTCAGGCCATTGGTCGTTGCAGCGATAAATCAGCTTATCGTCATGCTCGTCTCGCGATTGTACCAACATCGCGGGAGGTCCCCAAGAGTGGACTATATAGGAGGGAAGCCCTCTGGCAGCTTTAGATGATGTTCACCGTGCTGAAGTCGAAATGACTTCTGTCAGCCGGACCGAATTCGCCCTTGGTAGACTGCACTCGACGGCACCCGCTACGTATCATTACAATCGGTTACGGGTCCCTGTACCTGACGACGTCAAAGGGCTATTATCTACCCTTCGGTAATTATCGACCCCGGGAGCACCGGGCCAAGATTTGCGCACTTAATCGAGGCGCGACGTACATCGGCGTTCTTTAATCCTAGGTTTTCCTTAGGCCTTTAGAGT,1471,51.05,Drosophila melanogaster
SEQ_703596,TTTTACGCATAGGTGTTGCACTGTTTGGACGGTGTAAGTACGCGAAGTATCTTCGTCAATAGGTGATACGCCCCCATACTACTCCGCTTATTGCGTACTGCCCTTGACAGTAGAGTCTCCTCGAAGCTGGGACCCGATAAGGCTGAGCTATGCATGGCAAGTAGCGATTAGAATGTCATCGCGGACTACTAGAATTTCTTTACAGTGTGCAATAAACTTTTTAGGACACCCGATCGCTCTCCACGCCGGAGATGTGTAAGCATACGTGTCCTAGGGACTCTGTTGCGCCAGGTCTCATAATCCCTACCCTTTCTGGGCTTCGAAAGACTGTTGGGCCACACGGGCGTTTGTTGCTTGAACTCATCCCCATTCTGTGTTAGTGAAGATTCGCTAGGTGCAGCCTTCAGTTGGTCCCTAGACTTTCACGACTATAGTAAAGCACCCCTGGTAGTTCCCACGAACAGGAACCAACCCCTAGCATGCACACACGTACAGACTCGCCTGATAGTAGGAGCAACGGTACAGCTGGAGTGCAGTACTTCAACTGGCTCTTAAGACTCAATAGCGCTATCCGAGGTGTCGTGTGCTCCAGCTTAATGCACGCTAATCGAAGCTTAGCTGAGATTACGCTTGGGTTGGGGATAAAGCCTATTAATATCACTTGGCGCTCCCCCAAGACAGATTTGAGAACCATCGGTAGCGGAGGCGTTAATCCACTGTGACCCCGCGTGGTGATATACCGATGGCTATCGGCTAGTATTGACGTCGGTCAATCCCCACCAACGAAGGTAGCTCATGGAGTCGTCCGGTGTTGTTTTCGCAGGACACTTTAGCTCTATATCTTTTTTAAGTCCTACGAATTAGTTCGAGCTAGGGCACTCTTTGAGGACCTAATCCCCTCACTACCGATAGTGCATTAGTCATTCAAAATTTCTCCCTTATAATCCAGGGCTAGCTCTAAGGGATGATACCGGAGCGGTAACTGACTCGCAAGTGCCCTCTACGTAACTGCTCGTAAATAGGGTCAGGTGGACCAGTATCCGGCGCTTCAAGCCAGGCGTTTGAGGCCCGAGCGAATGGAATCCCCGTATCATAGTGGTTCTGCTGACGGGTTACCATCGACAAGCGCAC,1131,50.22,Saccharomyces cerevisiae
SEQ_413629,ATAGCCTAACTTCCAACCCGGCACTAAGTTATTATTCACATGATACAAAAGATACGCGGGTGGCCAACTTTTGAGCCGGGGTGAATAGTC,90,45.56,Homo sapiens
SEQ_886780,TGTTCTGACTTTCACCTCTCGCAAATCCCGGGGTCATCGCGTAAAGATCTTCCCTCTACGACGGCCAGATACCCCTGTCACGTCCGACACGAACCGAGCTTGAGTTCTCACTCACAGTTTACTTGAGTCGACCTATAAACAACTTACCTGCAACGCAGCCATGGACGAGTGGGCACATGTACGTAACGGTTTATTCGCGCGCACTACTCCTAAGAAGTTCTGCAGCGTGAGTCGTCTCAGTATATGTAAGAAGCGACGTTGTGGAATGCCTTAGTGCCAGCAATGGGAACTCCGGAGAGTTAGACTTGTACAACTCAATGGCGGTGCGAAGAAGACCCCTGAACACCACTTATAACACTTTGTCACGCTGTCCGCGCTTCTTGCGCATCCAGCATCGCGCGCATTGAGTTGACTAACGCAAAGGACATTACACGCGGCTCGATACAATTCTACTGACGCCCTCGAGTGTCACTTCTGGCATGCGCACGATCGACTAGGGCTTAATCCAAGGGGCACCAACTTTCGAACGTGGTTGAGGACCTGTGTACGGTGCCCGAGTCCTCTGGACAGTGAGGAACGATGATGTGAGGTCGTGATTGTGAGAGTCGAGTGCTCAGCTTTCACGCTTGGAACCTAGTGGACCACTCGTGTTGGGTCAAAGTCAGAGGTAACCCCCCCTGGTTCAGTCCGATTCAGATGCAAAGGACGCAGGTTACTTACCATACAGACTAATCAGACAAAGGCACCCAATTAATATCCGAAGCATTATAGATGAGT,777,51.22,Escherichia coli
SEQ_848870,CATACGGGCAACGTATGATCAGCTTAGGAGGTTGAGACAAGCACCCTAGATGGTGGAAACATCATGACGGCACATGCGCAAATGATATCGTGGCTTGGGATATCATCAGCCGTTAATGAGTCGAGATAGCTTTGAACTTCCTTAAGGGAAACGTGCAGGGTCCACCCGCCACCTCTACAGTT,182,49.45,Escherichia coli
SEQ_111549,CCCGCATCAACTCCAAGCGTGCAAAATTCTTTCCGAGTAGGACAAGGGAAGGCCGGAACTTAGATTCCGCATCATGGGAGAGAGGCAACAGGACACCAGATGGTGGCTTCGGCGCCGAAACAATCCGACTTGGGCGAACATCAGAAATGTGATCCTCAGTGTCAAACCTGTATGACAACTGTTCTCACCCATGCTAATCCCATAACGCGGAGTTATGGCTCCGACCGTTCCAAGAAAGGGTCCTTGGACACCCTTATGCTAATAATAGCTGACGTCCCTGTCATCGTAACCGTTCCCCCTGAGATGTATCCACAAATGCATTTGGTGTCAAAGGGCGGGCCGTCGGGCAGTTTGGTACACGGGTTAATCCGAATGCAACGCGTTATAGACAATCGCAGCCAGACGTACGACGACAGTCGGCGAGGCACCAGGATGGCCATCCCATAGTGCATACATACACCGTCGCTCTAAGTGTACATCCCGCCGACCCTACAAGGAGGGTTTGGAAAACTCCCCCCCCGGCAGCGCCCGCCCAGCTGACTAAGCGAGGAACAGGCACGCCATTTTATATACGCCCGATTGCGTTCATTTTGGTAATTTAGAAATACTAATTTTGTACGACAGGGCAAATCGCGATTCGCCGTCCCGCCAAAGCGACTGTCGGGCGTCGGGGGTGTCTCAATGAGAAACTGAGTAGACTTTGCACTCCCCCCCGACCTTCCGGGATTTTTGCACCTTGGCCACACATGTCGTGACCAGTTCCGTCTTTTGATGAAGTCATTCCCCGCGGCTATTTAAATCGACTTTTTCTCCGCCCCTTCGCTCCAATAAGGAGAATACACGGTGTAAT,850,52.59,Arabidopsis thaliana
SEQ_257803,GGGCCACAATTGTGCGGTCCTCGTATAGCCGTACTGCCTCTTCGGTATAATTTGCCGATGCCCTCATAATAACATAGTATTGAGGGAGAGGCCACTTACCAATCCGAGTCCTGCCCCTAATTGAATACGGGAGCGCAGCACGGTTTAAACAGAAGAATGTACTCGGTCTGGTGCTGCGTAGTCAGTCGGCCTTCGGTCCACTTCAACCTAACTAGTTGGGCAGACCAGACGTGTCACGATTGATCCGAATAACCTACACTAAACAGGCTATTTAAACCTGCAGGCTCACATGATATGGGGAGCGGGCACTCGGTACTGAACTCCAAGTGAACGTACCCTGAGGAACCCGCGGATTATTCCGATCCTATCGAACGTCCATGCCCCGGAATGAAGTGCCGGCGAAAGGGCGGAAGAAGATGAACCCTTCGCGACTGCATTCCCAGGTTCGCATAGCAGTCTGTGGAGTTATGCCTGGGCGGTTAAGGGAATAGGGATGACAACTTGGTAGCGGGTTCGAACGGCTCAGATTCATCATAAGGAGCTTGATATCAATGTCGTAGACCGGAGAAAGCCACTTTTATGGGGATCCGTCCAACGGAAAGGCAAAGGAGATTGTAGGCCGGGATCCCCCTTCGAAGAAACGCCATCCGGCTCTAGGCCTGCGATCGGTCACTACAATCTACGGGTAAAGCTGATTTCAGGTTGAACTACGACAGCTGGCGCCCAGAGAAGAATCGGACTGGTGACAATGGCCCTCTATGTGAAGTTGTTACGACTAAAACTGCCCATACCTGATACCCATTGAGCACGGAAACTATCAATTAACTAACTTGTCATTACTGGCATCGGAGTATCGAGGAATCGGTCAATTTTCTGATTCAGTCACTAATCGACTTTGGTCCCAATGTAGCTCAGGTTGTGGATCGTGTTCTCCCAAAGCGGCTGTGTAGGGGGTATGTCAGAACCTTTAAACCAACACAAGACCCCAACGCTCAAGCGTCGATACAGCTTAACCGAGAGGGACCCCTATCCACTGCCCCATTAAAGCATTCGGGTGATCGACTGTAGCCACGGATTGATATGTGTAGGATCGCGTTGCGTTCGACTTTAATCCCAGCTACGCAGTCGTAGCCGTACGATAAGAGGTACCAGAAACGACTTACTTTACCCTCATCGGCTCTTTGACTGCGCATCTTCACTGCCGGCCCTTAGAGAA,1216,50.74,Arabidopsis thaliana
SEQ_118017,AGATGACCGTACAAGTAATGTTACCGATGCGTCCTGGGCGAGTAGTTGATGTGAACGGGGTTGGACATCTCAGGAATCGCAGACAGAGTGTTGGTGTGTGAACGTTTCCACACCGCCACCGGGAACCGTTGCTTCGTCTGGGGAAATAAAGGACTCTTGCAGGGTCGCTTTGTGGCTCCCAAGATGAGTAACTTCGTTTCTGTTGTGTACTAAGAGGGGCAAAGGCTTGTTCGCGGTGGATCCCAACTCCATCTCCAGGGAGGGAAGACGAGTGACCGCACTTACATCTCCAATAACCGTCAACGCTCCCATGCACTTGAGCGGGTAGGCTGGATCAGATCCTCGAAAGATCGACCGGACACGTGCTCGCGCCTATAAAAGTCTCGGGATAGTCTGTACTGAAGGTACTTCAGCTCGGCAAGGGATATGTCGGAGATGTTCCTCCTCAAAACCCCACCCACCGTGCTCAAACACAGTACATGCGACAAGTCTTAATCCATTTAATAGCCTGTTGGTGACTTCCCCATGGCTAGATCGGAGGAGCCGTTTAAAAGAAATCAGTATCAGCCCCATGTTATCGCCCTTAGCCTGTGGTTAGCCAAGGGGTCCATACTCCCCCATATTTACTCGTCGGCTAGAGCTCCCCCACTCAAATTCCTCCGACTCCTGCAACGTCCTAAACGCCGGGACGGACGGCGAGTAAAAGTGCCATAACACACTTTGTTGGAACGTCGCACTCAAACAGCGCTGCCCATATAAGGTGAACGTAAGAAGGCACAAAAACAATATCGGGTGGGGCGGCGATGGTACAACGTAAGAATCTCTTGTGTCCGCATAAGAATGTTAGTTCACCAATTTTAAGCCGCATGCAACAACGGACTCCTTGCCAAATCCGAAGAGATTTTGCTATGTAATCAGACTAGGGCGTAGGAGTTAGCACAAAGGGCGGAGCCCTTCAGTGCTAGGCGTATCAAAACATTCAACGGGCCTACTCATGTTTAGTCATCGTTCCTTACCCCACCTAGAGGGGGCCGCGCAAAGCTGAGCTTGTCCTGGTGCCAACGCGGTCTGTTCACTGGGGGTAGTGGACGGTCCGCCCAATATACCGGATGATTACGAAGGACGTGTGATCCTTTCTACGTATCGACTGAGAGTTCCCTGCTACGAGAGCCTCATAAAAATAACCACAAGACTACTACTTTTTGGTATGGTCCGATATAGCTCACGGCAGTGATTCAAAGAGAATTCAGAGCTAGCGCACTGTTCGCCACATTCTCGTAGCGGCGCCATAAAACCTGATTCAAGCTGGTGCCTAACAATGCTGATTCCTATAGTAAGTATCTCACCATCGCCTTATCGCGCGTATTTACCAGGTTGATCCATAATATTTTTATGACGCCAGGCTGTCCCTGAGACCACCAGGCATCACCTCCAGTTATCAAGGGGGACGGTTACAACTATATGATAAGTGTGGCACGCCCCTGCGGTGCATAGGTGTGAATCGCTGGTCCTCTATTATCTCTACAAAGCGAGTAAAA,1538,50.39,Homo sapiens
SEQ_849383,AACGCGCCTGTTTCACGAGATATGACCATGGTAAGTTAGCTAACTCTGCAACCTACCTCCTTCCACGGCCATGCAGGATGAATAGCGCCCCCCACCGACAG,101,54.46,Caenorhabditis elegans
SEQ_917671,TACGGCCCTACGTTCGCACCGGTCTAGCTCGAGGACTGCTAGCCCAGGGCTGATGGAGCAGTTACCCAAGGACCTGGCGTCCGGGCCCACTACGTCCTGCTGAAGCCAAGAGAAAACCCCGGGATGAGCCCTTACATCGTTACACACCATCCAGGAAAACCCGTCACGACCACGAGAGCATGCTCACGTTGAAATTGGGAATCGAAGGCGCGCGTTGGACGTATTAAAGTCGGGAGCTTGCCCGATACCAGCACAAGCATCAGTTTAATAGTCCTGCCGGACATTATCTTCGCCTGAGAAAGTTCCCCTCGCCTCCTACAAGGTGTCCCCGTAACGGTGAGAACTCGATATGATCCATGCGAGATAATCTGTTACTGAGTCTCTAGTGCCCTCGCCCGCTAGTAGGTCAGGAACGTGATGCTAGGAAATACATCAGCCATTCGTGGTCAGGTTGTCAGCCCGACTAGGTAGCCCGGATGGACCTTGCGTCAGTGTAGCCATTGGACCATGGAATAAGTTAAAGAGCTACGCGCGCGTTATACATCGAATCAGTTATCGTGTTACGAAAGGATTGGCAGGCGCCCCCCTACCCGCAACGGATATTTGCCTCCGCAGTTACATCGGCGCCGGAGCATGACTATCTCCACATAGGGGTCATCCCACTTACGGTGTTTAGTAGCATGCGTCGGCGGAATTCCGCATGCTCGCGAGAGCTGCGGTGTAGGGGCGCACACACTTAGCGGTTTGAACTCCAGTGGTAATGGCGGCAGTTCATTTACGGGCCTTGGTGGAGACAATCACAATATGAAATGATTTTTGCAGCGTCAACACAGAACCTGTCCTCAATTGGCACGCGAACTACTAAGACCTCGACCCTCGATGTGAACGGACTACATGGGTGGCAAGGAGCAATGACTCCGTTCGACTGAGCAGTATAGCCAGACGTCGCACAACAACGTACCAGTAGTTTCCGGCGGGAGTAAATAAGCTTTTACTACAAATAGATTCAGAAGTAAAACCAAGGCGCCAAGTACTGACACGCACCATCCCGATCTGGATATGCGATGCGACTCCAGCACTCCAGGCATCAAAAGCATGTGTAGGTCGGATAAAAAAAGCGCAGTGGTTTGCAAACTCTCTTAGGTCGTTAACGTTCGGTTGTTCCATATGCACGCAATCCGTCCTCTTTTATAACGTGGCCTGATCTAAGGATTGCACCACGTATGAATTCTACCACAGCCGATAGCGATCCTGGCGACGGATGGGTTCCCCGATTCATCCTAACTGCTTTTAGTAACCTTAAGGGGACATAGAGTTCTATAGGGGGATCTGATATCTCATCTTCATGAACCATCAGCTACGCCCCCCCCCAACTGCTACGGACCTTATCAGTTGCTATGTAGCGGCTATTTGGGCAGGGTCGGTTAGTATAACATTACGTTGTGCACACATGAACTGGGCTTTCTCTGTTGTCTCCAATCTTATGATTGGAACACTTCGCCAACGCGGGGTGGAACGATGCAATGTTCACTGGAGTATATAGTGGCGAACATCCGGCAGCGTCGTCTGGTTTAAATCTTGAGCAGGCAGTGGTGTTTATACAGAGGAGCCACCCGCTATAGCATTAGCTCTTACCTAAACGATAGCACTACTCACGGAGTAACGCACGCACGTTCACGAAGTGTTCCTTGGTGCACCATCTTGGTGTCCAGTTTACCATCACGCCGAGTTTGAGCCGTGCTTGAAACATGTACTGATCGCCGGTGCATGCTCACAATACTACCTGAAACTCTTATATTCCACGCCGTCCGCAAA,1815,51.29,Caenorhabditis elegans
SEQ_251910,CATTGTACCTCAAGCCTGGTCATCTAGGGTAAGAGGAGCAGGGCATCTAAAGGGATCATAGCCCCTGAGTCTTATGGCTCCGGCGTCATGGCTCCTGTACCGTCCTTGTAGACAAGCCCCGGACCGTATGTGGACTAAAGACATCGCTGCCTGTTCCCAATCCACACCTCAAGATTAGTTCGCACGTATACTAGCACCACACGCGATAACCGCCAGGCTCTTATCGCGCTAGATCAGGCCAGTCTCCTCAGATCAGTCAGGCTCTGCATGTTCGCGTCTTTTGACTTGGAGAGTCCTACTAGTCTGTGGAGATCTCGAGCGTGTCTAAGAGAACCATGATCGGCAGCTACGACCACGCAGAAAGAGTTCGGTGCGATCTGCGAGACAGTAATATACACGTACTAATTGCCTAAAATCCGCACATTCATTACTCGGAGGCATTGAAGACTAACGATGCGACCAGGAATCTGCCAAATGGATGAGACCCCGAGTCTATGGTAGCCCCTGCAGGGCAGGCTTTTTTGCCCTCACAACCGTGCCCACACTGAGCAGATGGTAACGGCGGAGGATTTTAGGCCGGCTGGTAGCTCGGATGTTCATCGATAGTCGTATCCCAGCGGGAAATCATTCGCGCGGCGCTGCCCTCGCAGACCAAGGACTACACGCGTCGCACCCCCCGTGTTTTTGTGGCCTGAGAAGCCCCCTAGGGAGTCCGGCATCCTACGTAGAATCGTGCGTTGGGAGCAAACCGCTCCGGTAGTCTCACCTATGGTATGGCGAATGGGTCTGTACGGTCGATTCGCGTTTGAATACCCGATATCCAGCTCGGTCAGTCATGCTGTAGAATCTGCCGGACAACGCCGGCGGATATACACTAGTACACCCCCAGGTCGCTCATAAGCTTATGTCTGATGTTACCTGCTCTAGGGGCTGCTCATCTCGTAGGGTACTGGAACAGATAGGTTTTCCCATGCCCCCCTCCACTGTCACGAGCCAGTAAGCTAGCATAACAGGAGACATCCTTGATTCAATTGGTGCGATAGGACTTGCCTGAGCACTTGGCCGGTGACGTCCCCGCATTGGCATTTGAAGGGGGGCTCTGTTGAGGAGTTCTCGAACGAAGAGAGAGTCTTCCAAGCGCTCCGCTGCCGTAAAGAGTAGTGCTTCACAAGACTTATGAGACTCAGGTGGCCATTGAATGGCCATCCCCGGCGTTGTGGCTCTAAGTCTATACCACTGCTATGCTGTAGGT,1252,53.91,Mus musculus
SEQ_987761,GACAACAAGACGCGCGGTGTGTGGAACGAATACCTTCCGTGACGCCATCAGAGAGAGCAGAGCCGTGGACCGATGTACGCTGACTTGGGTGCTATCCGCACAAGAGTCGGCTGTGGAATTCCCAAGTCGCCGGCACGGCTGCGCTGAGTTTGAGCCTTAACACTAGCCATCCTGAACTGCCGCACCTCAATTCCCCGCGCTGGCAACATGGCCTTCGGATCGCGTCCGGTACGGTCGGTGCCCCGGTGCATCTCGGGCGCGGAGTTCGAGTGCCAACCTAGATGCTTAGATGGGGGTTCTCGGCTAATGCGCCTAACTAAGGAGGAAGGGTCATGAAAACGGTACACCTGCAAAAATGATTGGATTAACATGATAGTTAGTGGGTCTACATGATGGCATACTGCGGTCGGGCTATATCGTCAACCGTGCCCTTCAAAATAGTGTCTGAAGTTCCGTGGTTTGATACATCGAAAGTCTACGTTCTCATGGACATATAGTCAAAAATAGTGCCCCTGTACCATGGGCGGAGGAAGGAACCGCATTATACAAGTCGGTTGTACCAAACATCCGGAAGCATCATAACGTCCCTATCGAGTGTTAGTGAGATCGATGGAAC,616,52.92,Mus musculus
SEQ_232793,GTCAAGGCGTCATGGAAATAACCGCGCATATAACCGCGAGATGGGTGACGAAAACGAGGTATGGTGGCCAAACCCGCGCATGGTTCGGATGTGTTCAGAAATATCCTTATCCCTGCCTATTTAGCTATCTCAACTGGGTCTACGACGGAGCGTGCTCGCTAAGAGGATCGCCAGAATATGGAGCATTGACGCACGGGACTGTGATTTGACTAATATCCGTGAAAACTTATCAGATATTAGTGATTTACGAGTATCTATGACGTGTTAGTAACTAGACCTGGGCCGCGCCTGCATATCGTTTTCTATACTCCTCTGGACCATCTCGGTCCTGGCGAGTCTTCTCAGGAGCGGCAGCAACCTGAACCCCCGATATAGGTAAGCAGTACTGTTTCAATCCCCCGTCCGTTACTACTTAGGCGAAGTGACTCCTAGCTGAGAACCATCCTCAGTTATATGTGCTGTGCCCACTCTACAGGTGAACCCAGAGCTCGGAAGGGCGGGGCCATTCGCATTCAGGCTTCGGTACACTTGGCGCGCGATTTGCCCGTATTCGCCATGTCCACGCTGACAACTTTGTTCAAGGAGACGAGACGAAACTAGTGTATGGCATGGACGTTTGGTAGAGTCTGTGGGTTAGGTCGACAACGGACATGAGTCCGTTGTGCATTTCTTGTAATGAGGAAGGTTCGATTGACATAACTTAGAACTAGCGCGGAGGCGGTGTCGACAAAAAGATCCATTATGTTCTCCGAGATCCGAAAGCGTTAGATCCGTTGGGTCTTCACAGTCGGCGAACCTCTTTCAGCAGACTTTTTGAGATGCTATCGCGAGGGACCCAAGTGGTCTACTGTACTTTCTAGCGTAGTGTAATGAGCAAATATCCATGCTCGATGCTTAAAGAGTGGAAGGTCTCGGTGACTGACGTCCTTCCTTGGGCTCAGCAGTATGACGCGTGTCGTTGCTTCGGAGTCAATATGCATAATAAGACAAGCAATAACCTTTTTTTGTCCTCCTGGTATGATAGAGTCTTATCTCTTGGAAGTCGTTGCTTCTGACACGTTAGTAAATACGTGCGAGGGGACTGGAAGACTCACGGAGGTAGCACCTCCGGGTGGCAACAGGAGAAATATCTAGCCCGTCCATTATGGCCCCCGTCATGCAGGATTTTCTTAAACCGAGCCGCCAAATTTACGCAGTCTGTTTAGATCCATAACTACTATACGGTTCCACCTTCTGAACCCAAAGTGCCTCTAATAAGGGCCTATGTTTCCTTCATTTGTGTTTTTGAAGACTACCTTCATATCAGCTACGACAATTCAATATGCAGTGCGTTGGAGTGCGGTGTGAACTTACGATAATGGACCCTGTGAATTTCTCTTTGTGGTGTTTACCGTCGCACGTTATATCCGCCTGCTTC,1417,48.55,Escherichia coli
SEQ_908920,ATGTTACAAGCTCATTTACTCTAGACGTTTCTAGAAGCACCCCGGACAAGTAGACAATGAAAGAACCTGGTGTACTATGGTTGATACCTATTCCCCCGTGAGCTCCCCCGAAGGCGTTGCTATGAATGGGCCGTAAAAATTTATGGTGCCTTTCCTATCTTAACCTCAGCGAAAAATGAAGATAAAGAATTGGTGTCCTTCTGGACCTGAAAAGTGGTTGATCCAAATTGGTTAGATCACGTCGAAATAAAGTTCGGAGAGTAAGCTAGCTGAATACGGACTATTCCTGGGGCGGACCCTAGGCCTGGGCGTGCTAAAGCATCTCATCTTCCACAAGTGGGCTTTCTATCAAACACGGAGAATTTGCCTGATTAGAGGCGGTGAGTATATAGTACGAGCGGTTAAGATTAGCTGTGGCTTACTTATGGGCGTGGGGCTAGACAACTCAGACCCACGATTGCTTCACTGCATTACAAGTCCGGGGGTTTCAGTTGAGTCCATTCAATTAACCTACATAACATCTATGTATGTGTAAGGGCCGGCACTGTTGTAAAGCGTTTGCTCCAGAAAGAAATAGAACTTCGTGTGAGCCGCAGGGGTTGAGCGGGAGATACCACGGGTATGACCACGAATCGCTGTTTTGGGTTCCGTGGAACTTGCGAGGCCTGTTTATCAGCTACGTTGACAATGGGCTCTGACGCGGGCAATAGCTGTACTTGTACTTCGACGTCATGACAAGAGCTGTTAAGGGTACACGATGAAGTCTTTCTACTACTCATCATGATTCAGGAGACAAGGAAATTGGTTAAGGCCAATTATTATAGCGCTAGGACTAAAAGTAAATGTTCTCGTATACTTAAGTAAATTTGGTAAGACCTATCTTAGGAATACTCTGCCTATGGGTGTGCTACCAGAGTTCGTAAAATCCGAGAGATCTCCGCAACCCTTGCTACAGAATATACCGCAGCCTTGTCCTGTCGGGACCCCTCTTACTTCACCATAGCACAGGATCATTCGAGGGGTCTCTACTATCACATGCGAATGCCATGACTGCGATTATCATTAAAATTAAGATCAAATTCGGCCCTCCCATTTTGCGTAGGGAGCCCACGGCGACCCGTAACGTAGATCAGAAGTGTCTCATAGGACTACTCTATTTAGGTCTTACGAAGTAGCCATATTTAATAAGCCTAGACATCGAAACATCACGACATAAGAGATTGCGGTTTGGATTCTAGTTATCATAATCGGAGGCAGATTACCAACAGGTCGCAAATTCGTAGCCAATTATCACTGGACGAGGTCGTATGGAAGCTACTATCAGCGTGTTTGTTTGGTGGCCCTATTTGTTCAAAGTCAGGGCTGGTGCTAAATCGCCATGTTACGCGTTATCATCTTGCGACTTTCCACGAGACACAGCACCAACCTGTAAGCATACCTACACAATTGTATGATTAAATAATGGATGGCGAGGCACACAGTACTGCTATGCTGCGCACATCTTGCCAGTTCCGCAAATCGCCAGCAATTAAGGCGGAAAGACTGGCCTTTTTTAAACTTCGACCTTTTTGCTTCTATAAGTTCACCTATACGTATACCCAGGCAGCTGCCTGACCCTGATACTACTCATGTCTCGGGATACTAGCCGTGGGGTGGCCGCGAGGTCGTGCCCACGCGATCACTCGAAATAGCGGAGGGAATTGTGGATGCCAAGTCCCACCCCAACTAGCAATTGTAAGCCTATCGTAGACCCTGACGGAATTTTCCACAGTCGACTAACCCACGGGTGAAGGTTCCCGGGTGCATAAACTTTGTTCAACGTTGTGCGTCTGTACGATCACGC,1843,46.77,Saccharomyces cerevisiae
SEQ_664480,TTCATCCGACTGATTAATCAACAACACTCCTCCGAGTTATAGAAATTTGGCGGACGTATCAGGACTCACTCGAGCTACCTGCATTAAAAATAGCGTACAATTTTGGCAGACCCCAAGTTAGGAAAATGAAACAGCCAAACCAGGGTACACCTAGGCACACCGCTTTCCATCTTGTGATGTAAGCCCCTTGGTGCTTGACACTGGCTGTTATACGGTACGACACCCGTAGGGCCTTGATAACGAGAGATGCCTATAGCAGTCCGCAGGGCGTCAACAAGCCGGCCCCGTATCTGGGGACCCGTGCATCAGCCCCCGATGCTCCTAGATACGCACAATCGTGGCATCGCTATAAGGAGGGGTACTGGTTAGATTACGGAAGACGAGGTACGACCATAGGCTTGCCATCGTGCGAATGGTTTCCGTTCGGGTCCCCTCGAAAGGTCTGAGACGGCTTTGATTAAGTTAACGTAGGGTGGGTCGTGTACTTACATCACTCGCTTGGCGACGTCAATCACATTCAAGACATACGCAATTTACGCTAGAATGCGATCTAGACATAAGGCAGTATGAATCTTCAGGAAAACTTGTCTGGCAAGTACCTATACCAGGCGCTACCGATAGCTATATAACCGGCCTTCACACGCTCCTCCTTCGCAGCACGAATGTTAGTGCCCCGTCACAGTCATTGATGAAAACACC,699,50.07,Escherichia coli
SEQ_309727,CCAAGTACTAAGATTGCAGCGCTGCGACGGTACCTCAAAGCTAGCCTGGGTCTTGCGATACGACAAGTAAATAGACACTGTCCCAGGCTCAACATATAGACCCAGGATGGCCCATGCCAACTCACGACAGCTGTAGAAGCATTAAAAAGAAAGCACCTGATATGGTTCTGACATGGCACACTCTTCGTCCCCAGTGAACGGAGCTTCACAACGCACACATACTCATACGAATAAATACTGCTTTCTGAGGTAGTACGACCTAACCTAGAGTCAGCATCGGCTGGATTTGAGAGTCGATACGATATCCTTTTTCCAGAGTTAAAACCGGCTGTGCGCCTTCGCTATATGCACAAACGTTCGGGTGCCGAGCAGGACCGGAGATTTTTCTATGTCTGGGAACGCTATTCACACAGGCGGTGACTGTATATAGGGACACGGGTTACGGAGTGCGTACACTCTCGTCTTATCCATGTGGACGTTCTCAATCTCAATACACCGTTTTTGCTGCTGTACTTACAGTTTGCGTAAGTGAGGGACCCCCCAATCTGCGCGATGATAGTTCGATCATTGATATATGTAAGAGAGATGAAGACCAATCACGCTGACGGTCATTGCACCTTGCCCGTTCTACAGACGTAGGAGAATAGGTTTGCTAATCCGTATCCTTATCACGAGCGATTTACCAGCAAGCGTTCTTACAGTCTCCTACGCGTAAGCAAGGAGGCCTGCGAGCTGTTTCCCGCGAGAATAATTATTTCCTCAACGGTTCTCTTGCAAAGGTGTGGAATGCTCCCCGTATAGACAGGTGCACTTGTCATCAGAGCCTACGATATGGACGTTAGTCAATGGCTCGGAAAGGCTGGCCCAAGCCGGAGTCATTAGTTGGATTCCCTCGACACAAGACAATAGGATGGCTGTAACCGTGGGTCGTCGGCACCGGTTTAGAGCCCCGAATTTCTAGAAACATATAGTGAAGCCTGCGACACTTGGAGGACCACGACTAGAGCATCACCCACGACACCTTAACGTCTAAGGAATTACTAGAGAGGCGTTCCTATCTCCCTGAACATCTACAGGAGCCAAGGCTAGTATCACGGGCGCTCATTATGCGGATACCCAGGGCAAGCAGGTGTCTTCCCTGATACGGTGCCCACCAATCTAGGCCAATAGCTGCGGGAACGGTACCGACAATATAGCCTCGAGGTAGTGCCGGGCCCAACGAATTTCGTTCACACAATTCGACCGATAAGAGTTCTGGAGGTCGTCTCGTAGCGTTTCGTTCCATGGACTGCGATTTGGTGCCACATCCGGACTTTTGAGAGTAACACCACTGTTGCGACTATATGCATATCTTCCAGTAAATGGCGGTCAATAATGACCGTGGACTGAAAACAGAATCTTGTAACGGGCTCGACCCCTTCTCGCAACTCAGCGCCCCCGCGCACACCAAATCTAAGTCCATTCCGAATACAAGCACGAGAAGTCTTATCTCGCACAATCGTCCTTGGCCAATCCTTGTCCTCGTAAAGAGTTAAGTGGTAGTCCGACGAAGAGAATGGTGACTGCTATTGGGCGACCTCGATCTTAAAGCGCCGCACACTACTTAAAGACCCATTTAAGGCAGCACGATGACTTCCCTCTGCTTTAATTTACAGGTCGATGATTGAAAGGAGCATCGTGTCTGTTCACTTCCGAAAATAAGGGCGCATCGCTAGCTCTCTTAGACAGAAGATCGGGCCTGTATTTCAGCTCAAGGAAGAAAAAATGATCTTGTTTGGCT,1780,49.33,Escherichia coli
SEQ_631589,TTATAGATCGTCCACACTGTTCCGACGTTCATCGGGACGAACGACTGGAAGTTGAAACAGGTAATTTGTCATAACCCCTTACAGGTGAAGTGTCAGGTGGCTCAGGGCATGGTGTATTCGGGACCATTCATCACGTAGACGGGAGCCGTAACACACTCCCAGTCCAAGTCATAGTCGGGAATTGAGATTAGATCATCGTGAGGAGATCCAACATGCTTTCTGACGCCATCCATAGTGCGCGGAATCTTGTGAGATCCGGTAGTCCAATTGTCCCTATGGCTTGACCTTTCCGCTTGAGACAAATTGAAAGGCCTTCGACTCCAATGAGATGCGAACCGCTATCTCAGTTTAACTGCACGTGGGGGTTGGCTTGCGAATTTCCGCAGTCACCATCTCAGCAGCGCCACCCGTGATACAAACTCGTGCAACGGTACGTTAGGCGTCCCTGGACTCGATCCCTGGTAGCGACGACCTCGACGACTCCAAGGACTCTACATGAGGATAATGAATCGAGGTGGGAATGAAGCTATTCCTTACTCAACTCAATCGTTACTGGAATCCATTAACTTACAGTTACGGACGCTGTCGGTTTATGTTACGGTGATATTTCCACCGACCCATGCGGTCGGTTGGCATTTTGCAATTATCCGCTAAATGACTAATTTAGGCTCTGATCCATTCCGGCACCTATAACAATACTTTATGGAATTCTAGATTTTGTAGTACTCGCGCGTGAGCTGGGGTCCGGCCGTCCGCCATTAGTCATGAAACGTTGTATCAATCACCGATCAAACCTGACGCCGCACTAGCAATCCACAACCGGGTGTCCACTCTGGCTCCTACTCCAAGTGTCCAAGCACGTCCCCAGCCCGATCCTCAACTTTGCCTTATCTGGCCGGTTGTGTCTTCGAATAGCTTCTATACAGTCGGGGCATGCTTAGCTCCGCAACACTCTACTCAGGGATTTTGAGATCGCCTGTCTAGGAACCCTGCGTAACCTCTCTGCTCCAACTAATTTATGACCGGGGCGCACTTTGCTGGTCGCGGAAAGGGCAAGCGTTCGAAGCAGCGTCTTATTGCCACGCGAAGGCTCTATAGTTCACAAAGGATGCGGCTTGTTCTGTTGTTTCTCATTCGCCGCGGCTATGAAAGCAGAATATCAGTCAACTGAATGTAGATCACAGAAAGCGGCTCGGCGTCGTAGCTGCGGCCGGCTGTCATGCACTGGTGCGACTTTTATAGCGTGTCAGGTATAGCTGGCAGGGTTGTAGTCAAGACGACCAAACAACTCCCATTCTTCACAACCGTTATTTACCCCCATGTGTGTCCCGTGCATGCAATCGCCAACCTCAGCTATTTCTTAATCTACTTGCGCCTGGGCATCAAAAAAAACTTCGTTAGTCGCATTCAACTTGAGCCCCTACCACACGCTATGGAACAGATCCAGCCCCTATTCGAGGATGGTCCTGTGAAGCGAGAGTACAACAAGGTAACTCACGCACCGAGACTACAAAGTACACGGGTAAACGACGTAATGATCGATCAGT,1547,50.16,Caenorhabditis elegans
SEQ_586105,ATGTAGGCAGATACAGCTGAGCCTAGTCCTTTACCCTGTAAAGTTGCAAAGACTCAATCAGCGAGGGTGGATCACTTCACGGCGAGCAAGTGAAACGAGAATGGTAGTCTAAGATTCCCAGCACCTCCCACTACCCGTTCGTACCCGTTGGTAGATGGGCTAGGACACTCAGTACCGGACGTCCCGTTCTTCACTCTAAGTCACTACAGTTTGAGTGAGCTCAGTTAGAACCTGTCCGGAGAAGCGCGCTGATCGATCCGCAATCATCGTACTACACGGCTACGTGAGTAGGGTTTACCCGGCGGCAGAACAAATAACGTACCGCGCACCCTAAGTCGACGCAAAGCACTGCGGGGGCTATAATGCAACACGGCCGTTGCTGGATTTGCCAAATTAAGTGACGTGAGGCCCTCTAATGCTCTCAGTCTGTAGTGTAAATCCATTCTGGGTTACGTCACGCCTCTTTCGAGTTGGGGAGCCCTACTTCGGGGCAGTGAGGAGATATGCCCCTGGCCTGGAGCAATATAAGCGAACTTTGCGAACATACTGGTAACTCTTCCAATCCGAGGGTCGTGCACCCCACGTCTACATCCTAACCAGCCTCGCCTCTACCGCCGTCGCCCTGTAACATACAAGCCCTCATGTGGCGTCCACAGATATTACGGCAGTCTCGGCCCTATTTAGCTATGCTTGCGGTAAAGACTCTAGCTTACAAATTCGATGCCGACTATACAGCAAATACCGATCGATAGGGTATTCAGTCCCCAAAACTGGTTCGTGCACAAAACCTGGTAGATGTGCGTATACGCATTGGCGACAAGCATCCATACTCCCGTATTGCTTTCATCTCAGACGGCGAACACGACCGGTCACTCGACCGTCGTATCTCACGGGACTGGAATTGGCATTGGGTTTTCCGGCCTTCAATATAACAGATTACGATAGTTTGCGAAGATGATCCTTGCAACGTTTCCGGCTCAAACGGCGCTCGCACTGCCACGAGCAAGCATCAAGGGACTGAAGCCCGGATACCTGCGGAAGCCCGAGCTATTAATCTAGTGAGTGGCCTGGACGTTCGAGGGGCAGAATTACGCTTGGGCGGATCCTAAATAAACTATCGTCGGCAATATACTAAGTCTAGGTTATCAATTATCTTTTGCCGCTTGTTCCACCTAATCTTGCTGATTCGTTATTCGTCACCCAAGGAGGATATTCCCGACGTCACGAAATATTTCCTAAATTCCTGCCCTAAAGGCGTGAGACCCCCAACGTAGGCATTGGGTTCACCATTGAGATAGTTACAATTTAAAGTAGGATTCGAATGTTCTATTCAGACCATGAACCGCTGATAGAGATAGGGCTAGTCACGGATCCTTCATTGGTAAGGCGTCTATAGGTAAGGATCCGGTGTAATAGTCTAGGGATGGCGGCGATGTAAGCGTGGAGAGCTCGAAGGTGGATGACTGAAACCTGTACTTTCGAAAGACTATACCACAGTGTATCATGGGTAAGAAGCGTCTTTCTCTTTCGTCGCAAGCAATTTAGGGCAGAGACTTGGCTAATTATGGACGTGCCGCTTATGCATGGTTACTCCGTCGGAAAAAATCGCGAAACTGCAGACCTGGCTATGAGTCCGGGATTTTTGGAGACCCGCATGTGGCGCCCAGTCGGTAGCGACACAGAGTCGCAACGAATCTGCGAACTCATTTGATTCACTTGTTTTGCCGCCAGGCCACAATTGTTAAGCCGGACCCGCACATATCTGAGTGCCGTTGCTAATTCAGAATGCCCACACAATTAATGTGTGTGCTCACCCCCGGCCAGGACGCGCATTACACGA,1840,50.43,Homo sapiens
SEQ_483499,GAACCACCCAAAATTGATTACGCTGTAACGCACAACTTCAGTCTCCCTGCTTATCACATTCACCTGTCCCAATTTGACTGAAATACATAGTGATAGAATGGGTACTTTTACCACGACGACCATTATTTTTTACGTTGATACAACGACACGTTGAACCCGTACAAGAACTGAACAAGACGCTGAGTAGACCGGCGGTTCCAATAAGTTGTATGCTCACCCCAAACATAATGCTCTGATAGACTCCATGTTGCGCACACCGTCTTTACCTTGTCTGGAACACGAACCCGATGGAGGGCTACCTTCCAACCTACGCACAGACATTAGACGCTGAGACTGAGCAGTCCGGTCAGGGGTTAGCCTCACCTGCGTTACATCCAACCGAATGGGTCTAGACAG,396,47.47,Saccharomyces cerevisiae
SEQ_735948,CGATGCGTACGCTGAGTCGACCCGGCTGATTTGTACTACTATGCCGGCAGAGTACCCACTTCAGAAAGTTGGGCGGAGAACCGGCCTGAGCACAAGTCGATGGATCACTGTCATTTATGCTCCGCCTCCGTAACCTCACGAGCTATTCTAATGACAAGTGCGACGCGGTATTTAGGACCTGTGCTGACGTAGTTAAGGGTTAGTTTTATTCACCCCGAACCAGGCGGCGACCATCAAGACCTTTCTTACATTTCGACACACCACACCACTAAGAGTGCTCGGGGGCCTTCCGCGTACGCGGACAACACAAGATTGACGTGGCTTAGTAGACCTCAGGGTCACGTCCCAACACCCTGAAGCATGTCTTTCTTATACAGCACGACTCGACACCTCCCCTCGATCATACGACCCTCTTATCCAGATCTGGGTGAACGTCGTTTATATGGGAATTCCGTCGGCGGACTTCGTTTATCCTTGGTGCAACAATCAGCGAAGACGCAATTCTGTATATCTACTGCCGACAAGTACGCTTGCGCCGGC,540,52.41,Arabidopsis thaliana
SEQ_493659,CGGCGCATTCTTATTACCACACGCAATATGTGTATTCATATGTGGGTACGTAGTTCCGCCAACTATAACACGACCCTTCGGACGAATAATATTTACGGAGCTGCTGATTTTGCGACACTCCTACTCCAGTGCGGCGGGCATAGTCACCTTCGGAACCCAACCAATGCATCCAATGTGCGCTCAGTAAGTACACAAACTTCCCACTCAAGACATTGTGTGTACGATAACAGACGATGTGACTCATATGTGGCCTTGAAATTGTTAAGAGTCTCCACGTAACCGCACTGCGTATTACTTATGCCACAAGTACCATCCTGCACTTGCGATCCGGAAGTCGTATAGACCTTAGGACTCTCTACTTCTAAGGTGGAATGTTTGAGCAAATCGGGCCTCTAGGC,398,47.24,Mus musculus
SEQ_788392,ATGAGTCGTGAGATGCTACGCGCTCGTGGAGCCCATCGCCATCCGTTCTGGTAGATTGCGGACTGACTCGGAGGTAACCGGCCTGGCGATTATATACCCGGTCGACATAAATGAAGGCGATAGCTATTCTTCTAAGGAGGCTGAATGAGCTGCGATCTGACTTCGGATTTCTGCACCTGAGGCTTCTCGTGGTAAGGGGTACTCGTATTTCTCTCCTAGGAGCTTTTAATGCGTGTCCGATCGGAAGCTCCGTTGGTCAACGTTTGTCGCGAAGGGAGTCCATTGCCCATCTTGTACTCGCGAATCGCTACCGCCAGCACGTCAGGTCATAGTTCTAAAATCGAGGATGTGTCTTAATATTATGGTAACAAGGGTAACAGGGGGCGTTTATGGGCGTAGCTGTCCTTGAATTATTTGTTGGAACACAGAAGAAGGAACGCCTGGGCTCTGGTGAACTAAAATATCAAGACGCATACCTGGATCGGGCGAATAGGTCCGGAAGATGCTTCTGTCTCGGCATGATTTCTCCGCAATCCTAGCAGCCCAACCGTGGGCGGCTTCCCCGGTTCCCATTCTTTGGCTCGTCCATGAGAGCGTAGTCTGCCGCCCTTTTTCAATACGAATCAATAGGTCGACAGGATTAAAAATGGTGCAGCACGCTCTAATGACCACCAGGCTAGGGTCCCGTCACTGGTGTCTCGGTTATAGCTCATTAATTGGCATGCGGCATGGGTTCGTTGCAGACTGGGTTTGTGCCAACCATTTAAAGAGCTCACCCGCCCGTTGTGTTGAGCGCTTCTGCATGTCAGGTACCTACTATAAAATAGGACGAGTATATCCGCAAATCGTGGTGATGATTACCCTTCGGTTCCATAGCATGAGGGTACAACAAGAGTCCATACCGAT,906,50.66,Caenorhabditis elegans
SEQ_418638,AACACATAACGCTTATGGCACCAATCGGTTTGTCACCGATGTTCTATTCAATGAACAGTCACACCAAAAGTTCGGCTCCAGTCACGGTCTTAGGCTCCGGGTGGGCCCCGTCTGCTTTCCACCGTTGCTATGAAACGGCTGTCGTAACCAGAGAGTTGTGTCTTGGCACTAGAGTTGTGCTTGGTGATTCACACATGTGAATCCTCCTAATAGACGGGCATCGGTTGGCCTTGTGGATACCAAAATCTACTCAAACTAATACCGGTCTAAGTGGCCGAGCGCATTGAGAAGACGTCGGCGTCGGAGCCACATCAGGCAGTATGCCACGAAAGAACTGCATGCTGCATAACAATAGTGGACTGCACCACAAGAATATATTTGCGTTACGTAAACCCGGCCACCGGAGCCATTATTGTGGACGTGCTTCAGTCGCTTAGAGAATCTCATTCATTGCCCTTTAATGAGCTCTACACTCGATTCGCGCAACCACCTAGACTTCTATGGGTCATAACAAAGTGATTGAAGGAGATGCTACTGGGTGTCCAGTTAGGGCGCGAGGAGAGCGTCTACATGTACTGGGGCCAGATCATGTGGGACTGTTTTGACCCTGGTGTTATTAGGAAAATGAACATATGGGGCAGTTTGAAACGGGCGAGCCCGTTGCGAGGTCAAGTCATATGGTGACGCCTTTTTTGGGATACTCAGTTGCCGATACGAGGACAAGTTACTCACCATTTGGGCAACTCGAGGCGCGCCATCCAATTTCTGATCCAATGAGGTGAGTGGCGTCCAGGACATACCGGACCGTAGTCTACCGATTACTCTCCATGTCGAAGACTAAGGCGTCGGTCCTCGAGACTACCACCGATGTTCAGTGACAAAGACTGAAGAGGTAACCGCATATACCAGGTGTTTGAGCTTGAGGGTGCAGGATTAGTTGCTTGTGACAATAAGCTTTGTACGGCAAAAAGCGTTCTGTATGGGATGGGAAAGATCTAGTGTGATTATAAGTAGAGTTAGTCATGTTTTTCTTAACGCAATCATTCACCGACCGATCCCTCAAGGTGTATTTTGTCAAGAGACTGACGTGTGTCATGGGATGTTCGTGGGGGATTGTCCTAGGCTTGAGGCTCAAAGCTTAGCAGCCGCACGCAGTAAAACAGGCCGTCACGAAGATCTCTAAGGCGTAAGTCCTCATGCATTCTAACAGGAAGACA,1217,48.97,Caenorhabditis elegans
SEQ_445414,GTCACAACGAATGCGGCAATCGACTGCGAGAAGCCCATGGGAATTAAAGAATAAAATAACAATGGCTCTGAGTACGATCGTTGCGTAAGCCTTTCGAGACCCCATTGCGCTCAGTATACATCCCACTGAGGGCACACGCGGGATCTCATTGGTCAATTGAAATATGCTAGGTGTCGGGGCAAATAGCTAGCATATTAACGTGGCTGATGCCTAACGTTCCCATCAATTGGGCTTACTTTTCACCCACCGCAATAAGGCGCGACTAAGGGACCGTGGTTAGCGATAATCATAAAGGTTTAAAATGTGAAACGTGCAATTTCGCTGAACCAGAATCAGTTAAGTTATCTATTCTGCACAAATTTCTGGCTGTAGCACGGAATCCGCAGTTAATTCTGCAAAGGCCGAGGCTACGATCGTAACAACAGCCATCCGATGATTAAAGAGCGTTGACTAATCACCATTCTAATCAATAGGACCATGATTAGACTGCCAGCTTGAGACAATCTCGATAGCAAAAGTCAGAAAGCAGGTCCGTTTTGACCCATCGCGACGACAATCGCGTTGGATATAGTGCGATCAATTTCGGACGACCCATTCTACCTTCGCTCAGTGACGCGCTTCTTAACGGGTTCTCAACCGACCTCAACGCGGTGCTCGCGCGCCTAAACGTAGTCGAACTTCAGTTCCTCACAGAGGACTCAGGCGTCCCCTCGTTAATACAACGGCTGTGACGAAGTACATCATTTCCGACTAAAACTCCCGCCAGCACTGCCCACTCCATCGTATCGCGCCGTATATTCGTTTCAAAAAGGAACCGCTTATAAACAAGGCGATATGTGAAGCCGGACGCTAAACCAGAATACTAAGGTCAGTTCCCCGTTTGTAAATGTTTAGCTTACGTGACGATACTAAAGTGGTCCGTAGCTACGTAGCAGGATCCGGTACGGAGGCTGCATAACTGCCAGATATAATTTCGGAGTCGAATGCCGGTGCTTTTTAGCGGAGCATTCTAATAGATGCAGTTCTTTAAAGCTCGGGAGTCGCCGCATCAGCGCCCCAGAGATGAGTTAGAAACGAAGCCGCTTTCTAGAGTGCTGCCCGATTCCACTGTGGGGATTGCTTTACAACTATAAGACTTATGTAGGCTTCCAATATACCCATTGCAGCCGGTGTTTAAACTGCTCTCCCGCGTATCTAGAGGAAGCGCCCTTGGCAGGCGCCGAGCGACTGCTACCGCCAAAGATACGGACGGACTGGCGCGATAGGCACGACGAAATCCATGTGGAGTCATGAGCAAGGAGACCGCTTCTGGGTTGGGGCCTTGCCACAAGTGACGGACTAGCCTCTATAGCCTGCCGTGATTCCCATAAATGATGCTGCGGGCCCTCGC,1390,49.57,Arabidopsis thaliana
SEQ_558916,CGGCCCAAATATCCGAGGACTCCCTTTTAATCATATCCAGTCACGTATTTCCGCTACTGTTCGGTAGGCAGCAACATACGACTGACCCGGAGCCTACCTCTAATAAGATCCGATTTGTTCTCGCCCACAGCTTTATGATACATGACCAATCTCTTGGAGGATAATTAGAGTCCCGTATGTGATGCTGGATCAAGGCCTCGACATAACCCTACGACATAGAGAGCATTTCCGCTACCGCTCTGAATGAGCCCTATACATATGTAATCCCTATCGAGATTAGCGTTGCGGTTCAAAGTTAATTCACTTGTCAGATCAAAACCAATTTTACATACCGTTAAC,339,44.84,Drosophila melanogaster
SEQ_523248,ATAAGACCGACCAGAGCTAACGGGCGCATTGCAAAGGCTCACTCCTCTGAAGTATCACCATATCGGGACAAGCCGGCACTCAGATGTTATATGTTCCAGCCTGTCCCTCGAAAAATAACATCAATGAGTTTTATCAAACTGCACTGTCAGTGGGGAAATGGATTCGGCGGATTGGCTCGCCCTGTATCGCAAATGTACGTCGGGCTTTGTAAGGAATTCGATCTTCTCATTGTTGAGACAACATTATAGGTTGGAGCGGACGACAGAGAATAAGATGGGTCTCTAGGCTGATTGCGGGTAAGCCTTTGAAGATCGCCAATAAACAGGTTACATCACCGATTAGAGCGCCGAGGGGCGTCGCGTCGTAGCGGAAGTTACCAATAACTCGGGGTTGAGCTAACGCGGTCGAAGACTTGGTTCTGTCTTCTAATAAGTCAGGGACTTACGGACCAAGTGATAACCTCCTCAAGAAGCTTTTCGATATCATCACACACCGATAGCCGGCGAAGGGCAATGATAACAACAGCCGCCGCTGCAGACGTGCGGATTGTATGATAGCCTGAAGAAGACGTATTCCTATGGGCACACTAGTACCACGGATCCCACTGGATGTCATGACAGAGTCTAAGTTCCGACCCGCTCTCTTACCAAATATATTGATAGGGCACTAACCTCCCACGTATGCACAACAATGTATTCCTTGCAGAAAATCCGGCGATCAGCGCAGACGCTGGTGTGGTAGGGATGGGTGCGCACGCCGAAACTAGAACTAGTCCTAGGCGCAGACGTCCAGCCGTGTATACCAATGCTAGTCTTAATGTGCGCCCCGGAGTCTGTTTATCGGGTTAATACAGCGGATTGGCATTCAGGTCCGGAATAGTCCTCTAACTCGGGTGATCGGTGACTTGGCAACTATGAACGAGGTAACTGTTAACAAGTAAGAATACCGTGTAGGTTGCCTCCATGTCTCCGAACCACAAGTCGTACGAACAGACAAGATAGCGCAGCACGTGCATTCTCGATAGTGAACGCGGTAGCTAATGGATTGCTAAAAACGAGTTTCGAATTGTGAGTGACTGAGTCAATGCCGGGGAACAGTCGGAAGATTTTTGAATTTGGTGCTTGTCCGGCGTTTTGACCAGGCCTGCGTGTTTGGGCTCTATTCGTGCATCACCTAGGTTCCAAATAGCACAGAACGTGAATTCGGTACAACGGTAATGATAACACAGGCGGTGTGCTAAAGCTCGCGGCACTCGGAACGTACAAGAGATTTCACCCCCTCTCCCTGA,1289,49.57,Homo sapiens
SEQ_196371,CACGCGTCGTAAACTTTTGCTTTCCAGGGTGCTCCCCGTTGCTTGCACGACCCTAATCCACCTCTTACCGTTCTCCAGTGGTAGAATGGACAGCCCCGTTCGCGGAAGGGTCTAGGAACCTTGCGACCAAGTGTCGATGAGTACCAACCCCGCCTGAGCCAAATAGCGGACCAGTTGCTGACTAAGCGCGAGCAACAAGGATAGAACACACATCTGACTGAGATGTGGGTAGCAGGAATGTTATCCACGATCACTGCGTTTAAGCCCCGATAATGAGGTCCGCTCGGCGGAGGACGTTACCTCAGTGGGGTCCATATACGAAAATAAATCACCTCTGTTCAGACCCGACCTGTCGGAATCGTGCAATTTGGCCCCAACAGCTACACTAAGCTTTCTGTGCTGCGTGTCGCACGTGATTCTCGTCCCTCGATACAAAAGCTATATTATGAGGTAATGGTTTAGGGGCCATAGGTCCGTGACGATTGCTCGTCTATTCTTACGAAGTCGAGATACATGTTGATCTGATGATGTCAGCTCTTGCAAGATTGGTCTCACGCTCATGTGGACCTCCTAAATAGCAGCGATTTTAAAGGTAATCGGAGTGTGCAACAAACTCATAGGACGACACCTGAGGCTTCGATTCGTTACTAAGTTTTCGGTAGAGGAGAGGCGATGGGCAACCCTAAATAAGCTTAACAGGGGCGTATAGGTGTCCCCAGCTGGATGGAACACTGCGTCATCTGGATTTTGCGAATCCCGTACGGATACTTCTGCATTGTTGTGTAGTTTCCGCCGTTTCGGCGAACGTTTGACCGACAGCCGTAAAGGCTCTTACGGACCACTCTTCCACGCCGGCGGTACAGAAGCAGACGCCGAAAGTTTCCCCAATGATTTGACCAGACCTGTCCGGTCTAATTGCTACCTGTAAAGTTGTTCGTCGCCCCACTGTTGTTCTTTACCGAGTCTGAGCTCAATAAAGAGCCCAAGCCGTCAAGAAGCGTGGCAGGTGAAAGTGACACTACAGTCTTATATTAGTCAACGACCTCGATGACATAAAAGTACTCTCGGGCCGCCGCGCTCATCTCGGCCAACACCGCGGCGTCTGACTAAGTAAGAATGCGACCAAAGATGAGAACGTTGAAGTGGGAAGCGCTCGAATAGAGGGCTAGCTGCAGTCGCTCTCGTGGAGAATGCCACCGGATATCAGGGGGCGTAGGGGTGTCTGGTTCTTTATTGTCCGTCTATCCTTCCTCTGTTATAGATAGTAATCCTCTGGTTAGGTAATCACCCCCCTTTACTTTTACGAACTCACAGCAACACTGTTTCGAGTAATAGTTCGTACGCTACGAACGAGTGATTCCGTGTTTCCTGACCAAGATTCTGGGGACAAGCACAGCGGGGGTGGCACTCCGCGAATTGAAGCTGGACATTTGCCGGGGGGAATAGGAATGTGGCATTCTCCTGTCACCCCTAATGCGCTTACAGACAACTCCTGCCTGATTAGGGCTATAAATGCTCGCACCCAGGTCTCCTATATTACGGGAGCAACCATTATTAAAGCCAGAGTGCTGGACCCGTAACTGTGTCGACTTATGTAGAATGAACGACTGCCTCTGGTGGCATCATTTCAAATTATTGATCGGTGGCGAAATTCTCAACGGGGTGCACACACATTTCGTTGAATCGGGATTAAAATTTTATTGCCGTGCCTGGTCTAAATCCGAGTAGACTTCTATAGGTAGTTCAAGGAATATTGGAGCGACTTTAGACCCTTGACGAGGTGGCAGGTCTCGGGTCGTCTGATCTTGCCTCCGGAGTGGTGCCTGAATGAAGGATGCCGATCCTGGTGGGTACAGCTAACAAACTGCGGCATTGCCATATGCTTCCCCCCATACAGAACCCTCCATTTACCCCGCGGTAGGGAGAC,1927,50.6,Saccharomyces cerevisiae
SEQ_695321,AGATGGCATACTTACTCCATCACGCGAAACGGGAATCTTAAGCGTTCAACGTCCTATACGTACTCGGAGACTGGGTAAAGTATTAGAGACCGCTCTCCACTGACGCGGATCTAGCACTTATTTCATCAGCAATAACCGTCACTTCTCATCCCCCTTGCATGTTGTTTAGTAGTATTAACCATCTCTTCACGCTAGTCTAGTCAGTGCCACTGCGCACTCTGTTAGGTAGACGAGGGTCTGCGCAGATCCGTGGTAGCGCGGGTGAGTCATCCGTCAATCAAATGAGGAAAGTTTGCTCTGTCGTATGAACTATTTCACACCGCTCGACGGTAGTTCACTCTCGAACGACACGTCTGGCTCGCCAGGCTTCGTTACGGCCGGGTTGGAGGTCGTGCGGGCTATTGATCGTGATAAACAAACGTCGTGAACGCATGTGTCTACAGGGTTTGTGCGACTCTCCGCGCCCTTCCAGTAAGGCAGCTCGAACAGTAAGACTCCTGACTTTAGATATTCCATACTGGCCCTACGCAGGGGTCTCATGCTGCGTACGAAGCTTCGACCGGATGAGCCGTGCAGTCTTATGCAGACTTATCTCACCAGTCCCCAACATAGCCTTCACACACCAACGGAAGTTTCTACCGAGCCCATGCTAGATATCTTCAATCAGTTGCAGCTGTCAGGACCAAGCGTGGTCTCTGATAGAGCAACAGGTGTCGTGGTTTGCACCAGTGACAGTGGGAATCAACTTGCAATCACTGTCTCATGCACTACTATCGATTAAGTCGTATTTCCGAAGCGAAGGACAGTACTTTTCTAGGTGCGACCCATTTATCAGAAGATTCCAGCCCCCAGGTATCGGTATCGCCGATATTAGGCGACATCGATAATATACTCGTAACAAGCCTAGACTTGATAGGGGGGCTGAGTGATAGTAGACAACATTAAATGTTCTCCGCTACAGCGAGACTGAGGTGGGTCCCAACGAATCCGAGAATAGCTCAGAGTCCACAGAGCTGAAGTAGCCGTGGCAGCATCGAGGGAGTGCTTGCGTACTCTTCGCTGGGCAGTTAGCTCTTCGCTAGTCCATCAATGAAGACCGGAATGCGAATATTAGACATATAATAATGCCTCGTTGACCTAGTAGACTGGAACGTCGTCGAGACGGAATTCCGATACCTTTGCGGAACCCTTGCTACG,1197,50.13,Homo sapiens
SEQ_591816,GTGCATTTCTAAATATGGGATATCGAAGCTGAAACTGTCGGCTAGCGTTTGGATATACATAGGATTTTGTGGAAAGTCATTGATCTGTAATAACTTTGTAGGGCCACGGTATCGCTACAACGCGCGATTCGGTTTATCTCACTAATGCCGAAAAACGGTTTACTATATCTTACGGTGTTTCTCCGCAACCAAATGACGACGGCAGCTGTATTAGTCCGTATTGCACTCGGGTGCATATTGGCAAAACCGGTAAGGTTAATCCTTGCTGGGACACCCTAACTCATCCTCCGTTTTTCAAAAGCGGACACTACGAGACGCATACTTCTCCCCTAACCCAGCCTTTATTCAGTATTCCGGGCACTGCCCATGGGACAACATACGGTACCCTCATCCCGCGATTCATGGCTGTCACATACAGGTAGTCGTTGTATCTGAGCTTCCGGAACGGCATGGGGGTAAAGTGAGTTTACTAAACCGAGGTTTATTAAACACTGGAGCGGACTAGGTTGTCTGTTTTTCTAGCTGCGCTTCGAAACGTTCTTCTGCAGCGTGCATTGAAAAGTTAGATGATCGGGACGATTCAAACTGAAGCAAATACGTGGGCCATGCTCGAGGCCGGCCCATGGTCCTGTTCTGTACAGACACATGCTCCACGAGCAGTCCTATGGTACTCGCCTTGTAACGCGTCTGAATACGCTCGTACGAACCGGTTTGTCCTCCCAGACCGAGGATTTGGCGCAGCGATATCTGTGCCAACATTATGTCTGCTACCAGTGTGGTGCACCAAGGGGGCCCCCCAAGGAGGTCGATGCTGCCGTCAAAGTGAGATCCTCGCGCAGCGGAAAGGCGAGGGTGGTAGGGGTCACTGAAGCGAAACTAATTGGTCGGAGCCTCTCGCGGAGGGGCTACCGCTTCGGTGGGTGCTATCAGCAATATAAATGGCATTATAGAGGTAATTCGTCTTGGCATTAACTTGAGTCAGGCGCAGGCGATGATACATGACTTAAATGGCCACTTTCACTTGTGCTGCAACGTGCTGGTAGAGAGGCAGAACACACGTATGATGGTCTTTACATGAAATCAGTCGCGATTGAATGAACTATTATCGAGTTTGGCCCGCTGCTCGCTAAATGTAAATTTGCCTAGCACTGGACCTCGCTCATTC,1165,49.53,Mus musculus
SEQ_887575,GGACTGTTCCGCGCATCAATGCCCTTAAATCCAATGGACTAATCTAGGGACCGGTCGACCATCTGTTAATCACACAATG,79,48.1,Escherichia coli
SEQ_766423,CGAACATTGTGAACTGGTCAATGTTTGAACTGGTGCATTCGCTATGACTAATTACCTTACTTATTTGACGATTTAGTGTATAGCTCCGAAGACGGGAGTAAGTCAAACATAGCTAGCACGTTCAGGCGTGGAACGTCATAGGTCCAGCAAGGATACCTGTACCTTTTCAATAGAGATTACAAAGCGCCCCGCGGACACAACACGGCGCAAATATGCGGCATATCACGCCCATATAGCGTTTTCGTTATGGGATCATAGGCGGTCGCCCCTGATAACAAGCTAGTATGAGTCATAAAGACCCTTCCTGTTGCGGACTGATAAAATGGTGGCAGATTCGAGGGATAAAAGGCCGAGCATGGACGCGCATGATTATATCCCGGTCAGATTGACGTTAAGCCCGGCAAGTAGCCACATCTCACGTATGATATTCCCCTCTAACATGCATGAGCGGCTCTTTAGCACCTTCCAAGCCACAAGCGAACATGCCTAGGAAACATCGATAGTTGAGAGCCTGCGATCCGATACCTTACACATCCAGAGTTGGAGTAGGGATCCGAAGCGGGATGTTCACCTAGCACCCCCAGTTATCACCTACGCTGGCTTAGCATCGTCACCAGGTAGTCAGCACAACTCTAACCACACGGACGCTTCAACCTTCTGATCAGTGTTAGACGCACACCGGAGTCGACGGCATGAAAAGACTACATAGCTGCACAACTCGTGTCAGACGGGCGTTGAGGCCAAGCAGGCTTCTCCTTGCTCTAAAGTGAGACGAGCCCGTGGGAGGTATAAATCCAGTTTGAACGGATTCCGCATTGAGCGTCTTAAGCTCGAATAAACAACATAGATCATGTCGCCCCTATCATGACACGCGCGACTCGCGACAGCTCTTTCCTGTAGTGGGTCTTTGATAATGGCCTGACTTGCGAATCGTTATGACTAGTCACAGTCTTGGGGATATATCCTTATAACTTCCTAATTAAAAGGTAATCGGACCGCGGCTAGAGCTCTCACACTGGGCTGGAGCGGATAATAGATAGGGCACGAGGATAATGATCGAACTGATTCTCGCTTAGGAGGGACCACCAATCGTTTTTCAAACCATGTAATCTAGGTAGGGCCGTGTGAATGAATTTATATTTATACCACGGCCGTACTTTCTTCTGTTGGTCGCTGTGAACGATCCCTCACTATTTAAGGCCCTGCTGGGGTTTGGACGTCACTGTCCTTAAACTAGTCCGCCTCTGTCGCCAAAAGGACCGCTAGAATTCACGGTAGCCAAGTCCTTTCTTTAGCG,1297,48.8,Escherichia coli
SEQ_737412,CACCTCGGCCGTCCATTTACATGGGCGGGACCCGCCGTGCGCGTCCGGCCAATTTATGGTGCCTCCAGGTAGTCTGAGCGCAGAGGAGCTGGTTATGTAGGTCTGACCGGACTGAGGAGTATAAGATACCGAGAGCAAACATCGAGCCCCCAGTGTGAGACGTACCAAACCCTGACCTACGGATGCGAATTATAGAAACGCGAGAGCAAAGACCCATGGGACGGAGTCCTCGCACCAGAATCGGCTGTTGAGTTTGGTGCGATGATAGTCGCACCTGTGAGATTATACACGCGATTTAGTTTCAATTGTCGGGGCCGCTACTAAGTTGCGGAGTGATAACAATTTGTAGGAGCTGCCCCACCTTCCGGTCCGCATTGCTTAAAAGCGGGCCCCCTCATGACGATACAACCGGCGTCACCGCATTTGCCCTGCGCTTTAAGGATACGGTGGAGCTGGTGCCACGCCTACGCGTATCCATATTACTCCCTCCGATATCAAGTCGAACGAGAGAAGAAAGAACTGAAGCAACTAAATCTACTGCCAGGCTCGGAGAATGTTAAGCAACTCCAAGTGAGAGTGTGCCGGATTTGTGCCTTTGCACCCACTTAAGTCTCTTACCGTCGTAACAGAAGATGAATAACCACCCGTTAGCACGCCCTTAGAACACCTTGTGGCGCGATAGTGCTTTAGGCTCTGACTTGAAAAGTTAGAATGCCGACCCCAGCCCGGTACACTGGGTTATCCTTGGGGACGCCTGGGGCAGTTTTAACGAGACCTACTATTAGGATTCCTTCTCTTTGTAAACTAGTATTGATCCGTTATAGACGCTATTTCCTGTGCTTACTTTCATAGTTGTCCAGGGAGGCAACAATGTTCGGCGTTCGGTACGATCCAGATTACACGGTCTGTCTTTGTACTGGAATGACTCAGCAAAGTCATACAAGCTAGCGAATGATATCACGACGGAATCGGGGTTATAACCCGGGACCATCGCGATGCAATGGAGATCGGCTCCTGTGTGAAGATAACCTAATAATTTAATCCAGAACTCGAACACAATTAGCGTAAGAACCCCCTGCGATTGAGTGTTTCCTCTCCGTGGATTAGTTTCACTTCCTACCAGGAAAGTACCAACAGGTTGACGTTTCAATCCGCACTTGACGCGGACTAATCGGTCCTGCAGAGTCTGTACAGTTCGACGCTGTCCCTAGAGGCGTTCCTTGGAAAACGCGTGTTTATCTATCGGATAGCGGAGAAGCCCCCGCCTCTGAAGTTCAGGATGGCGCAGAACAG,1293,50.89,Saccharomyces cerevisiae
SEQ_177732,TGACTTGGAATCGTCTCCAATCCTAACCGTTTACATAACCCCAATGTGTGAGTATGCCGGCAGCTACACTTGACGCATCAGTTTACAAGGGCGATTCTGCGTGGCTCTGAGGATTGTGAATTCAGGGGCCGGTTGCCGGCAGGCTCCAATTCATCAGTATACTAGGAGACCACAGGTGCCTGGCCAGTTGCCCTACACCAGTGCCAGGTGTATTTCAGCGCTAGCAGCCGAGCCCGCTTTCAACCTTCTCGATGGAGTCATAATAGAAAAGCAATCAATGCTGCACGCTGGTGTCTGGCGATTAGATGAAAGTCACGCTTATGCTACAATAGGATAGCGTGAATCCGAGCTATCACAATGCCCTATTACACTCCCTTCGCCATGGCCGCCTCTCGAGAGGTTTTAACGTCCAACCGTGCGACTAATCCACCAAGTATGGTGTGGGAATTCCAGAGAAGCAGATGAGTAAGTTCCAGTGATTAACTTTTCGACGCAGCGCCACCATCTTTGGCACGCCTGAGTCCATCGCACCACGGGATTATCTTAGTCCACTGGAGAGCCGACGCTACGGTCCCGTAGTTGGGTCGGCGCGGGCGCACGACGAGCGCGTGTGACCGTGTATCACTTCGAACGACATGACATCCAACAGTACTGATAGGCGGCAAGACTGGCGACCATTCGCAGACATGTAGCGAACCGGTCGGATTGTGCACGCCCTATAAGAAAGCCCGCACCCACATGTAGATGCTCCTTAGTCATGTATGTGCGGGGAAAGACCAAAATGCCAGTGGACGGTGGACATTCCGTTACAGGCCGGGACCGTGATAGTTGTCTCGGCAGTCACACTGCAAAGAGGGATCCACGCAGTCGTAGAAGTGGCCGAAGCTGGCATCCCACTGGCGGTGTCACTGAGGCTAACGAG,922,53.8,Escherichia coli
SEQ_493506,TCTTCTGACTCTCGCCTCTTCGGTTCTTGAGCGTAGTAAGTAGTTCCGACGCGAGCCCATTAAACGGGCGATTTTAGAGTTGAGTAACAGATAAAAATGACTCGTGCCAAGAACA,115,46.09,Escherichia coli
SEQ_185905,TCGAGGTAAGTCTCGTAGACTCAACCGTTTCACCGGCATGGGACTGAGGTCAAGCACGTAGCACTACAATTCTGCGACACATCAAGGCCAATTGGCTCCAAAGCCTTGGGGTCATGTCGGTCACATCCCCAGATTGACTGTGGGGCATCGACACAATGGGCACCAAAGCGTGGCTCAGGATATACGTTGTCATGTGCTGATGCTGTTTTGATCGAACTAATGCGAGTTTCAGTGGAAATCCGGATTGGAAAGCTAAGCGGGGTGACCTATTTATATGGGTAATTGACTAGTCGGCACAGATGAACCGAATCAGATGTGCGTCGAGGCAACCAAGCGATTGTTGCGTTTAATTCAGATCACAGAATGTCATTCGCACGGTTAATTCGATTTTGTCCCGGCACCAGGTCATCACCTAAAGTACGCAATCGTAACTGGGCTTTTTCGGTTTAGACAGTTGATTCTCAGACATTCTGTTTGGGTGCTTGAGTATAATTAGACGCCTTTAGATTGAACTTACAAGTCTCCCCAAGATGTCAGAGATTGTTACTATGCGCTGCCCCACTGGGGAAGGTTCGCTGCAAGCTGTTCAAGACCCTGTATTAGCTGCTCTTAAGCCGCAGATATGCGTCTCCCTTGGCTTGTCTTCCCAGCCTCACAGGATACTGTAGAGTCGCCAAAGCTAGCCTAATGTGTAGCCTCACGTCCCTTAGTTCTGTGAACTTTAGCGGAGCGGAAAATCGCCTACTCGTATTTGTTAACCCCGAAATCGTTCATGAACGGATCGTTCTTAAGCTGTACCTAACGACACGGCGTGATCTCGAGTCGTGATTTTATTGGACCGTTCGAGTAGCCTGTCCCCAAGATCTGTGCCCTCTATCCCATTTTTAGTAATCTACGGCTTAATACTTCTTAGGCGTTTTGTCCGTGCGTGCGATTCGCACCACGAGGGAGTCTCACCAGCCATTGTTGTCCCAACGGTGCTCATCTCTATTTTCCCAGTTCTAACCACCCCTTTGGGGGTATAAGGTGTGTTTCAGCTTGCCGTGATGTTGGATGGCTTGAGCTTTATGTCGTCAGCAGATTGACATCTGGGGACCAGGAACAGGTTTCCAGGCTGCATGATGCTGGGTGTGCTTTACCCACCTTGCTTGGCCCATTTGGGTCTTCTTTGGATTACTACACCGGTATGTTTTCGCTCGGATTTTAAAGAACTGCTATCAAAAACTGATCAGTATCATTGTATGCAATAAGTCACCACACGACTCGGTATGTCCTCCATGGAAGTCATCATGGGACTATTGTCTATAGGTCAGCCCACCGGGCGTCACTCCTCCAAGAAGACTCGTGACCAGGAAGGTCCTCGGGGCGAGGGGGCGCTCGCCCGCATCTAGATACGGAGGTACAGAGTGGGTAACTGTTTCATGAAAGATGGATGTCGGTGTTGCGGTGCACACGTTACAAGTGCCCAGGGAGTAACAACCGGCGTAGAGTCGGGAAGTAATTCTGTTGTGACCATAGGCTTAGATCCGGTCTCGTAATGGTGGTTAGCCCTGCTTTTGTGAATTCTCTGA,1571,49.2,Saccharomyces cerevisiae
SEQ_145730,CAGCTGCCCAGTTAATATTCTAAACGGCCAACTCCCCAAGAGCTCGAAGCACACGTGCTGGAGCGATAATATGACAGAACATTAAGACCAGCCTTAGCCTTAATGAGCACATAATTAGGATTGGAGCGGATTACTCACGAGGGGACACATTAGTTTAGCCCGAAT,165,46.67,Homo sapiens
SEQ_851268,CGCTGTTGTGCGTTGACTGACTACCTTGGGGCGTTGCGACTTGCACCAGTAACCGGGCTCCGCATTTATGCATCGTTAGTGTTATAACAGTGCTGAATTACACCAACCTAACCGGATAACGCTTATGTTATTACTTTCGATAGATACATCTACATCTACTGTGGACCGCTAGGATCAGAAAATCAACTGAAGAGTTAGCCGTTAGCCCCCATAGTTGTATAATCATTTCTGTCACCAAAACCGATTGTTGGCATCGTGGACTAACTGGCCGGGAGGAGTCGCGTCAAGTCTACATCAGATCCACGGTGAATGGAGCTGTATCCAGTTGAACACGGGGTGTCTTGTACTAGCCTGATTCAAGGATCGGCGGACATCGAGGTGACTTACGTGGATCCCGCTGAGGCAATACGTCCTGGGTGGCGCCTGGACTCTGCGCAGCGTCCAACCATATGAAAAAGCAAGTAGGAGAGGTGATGACCTATATCCCGAATAGTTCCCCGGCATGTAACAATAGGGCTGGGCCAAACTTGTAGAAGCATAAAGTCAAATAAGTACGGCCAAGCGGGGTCAGCGTACTGCCCCAACACGACGGGCTGAACCGCTCCGTTCAAGGGGTGCTAGTTGACTGAATGAGTATCCCTGACAGGGGTTGGAGGGGGGCCTTGTCACAATGGTATTATCTAAGCAATAAGCTCTTCGAAAAATCAGCCGCTAAGCATTTCGGTCGCTTCTCGGGCCATCCCTTTCATGCGTGGTAATGTTTGTAGGCACCTAGGGCACGTCAATTCGCAGTACCTAATCGTACGACAAGGTGCGCAGCAGCACCTCTTATTGTGATATTTTGTGAGAGTTTCGTCGAGTAAACAATGACACTGTCGCTCCCAGCCAGCGCCTGGCGCAAATGAAATTAATCTCTGTTTTGTCCATTCCGACAGCAGATGATGGCTAGGGGGGGCTCATGTTTATTGATTCTATTGATACGGGCAGCGATGTTGGTGACAAAGTTGCCGCGCCAATCGGGCCCTGTTTAACTTCACGAATCTCAAGGGATGTAAACCTTTAGGGAGACGTACAAAAGTGAACGGAACGCGACTTCCGCGATTTCTCGGGATATCGGTGACTTCAATCGTGATATGGCGGTTGGAGCGCTGGGCAGTCCACTGAGTTGGATCGTGTCAACCCGCTTTATAAACTCTCGCG,1200,50.08,Escherichia coli
SEQ_714604,GCAAGTACGACAATTTCATAGGTGGTCCTCGTTCTAGTATCGTCCGTACACGGCAGTTGATAGACCTATCGGATGTCTACCGATTTTGCCCACAACGCGTTGCTGACGGCACCTCCAATAACTACGTCCCTTTCTTCTGCGCCGTCAGTAGAGGGTTAATTTAACCTTATCAAGCTTTACGGACTTTCGCCGAGAGACCGTGTGGCAGGTAGGGACGGACTCACTTAGTAGCCCTGTTAGCCATCCCACAGGGGCACTACTGGGCCGTTCAATGCGTACCCACCTCCGAAATGAAAGAAAGGGTCTAAGGCTAAAGCCCGCCTTCGTTTTCGAGAAGGCCTGAAGGTGACAAACGAGTTACTGCGTGGCAGTAGTACGACTCCGCCGACCAGACATTTCCGGTTTCAATACGGGATGTGACAACGTAACATTCAGAAAGTTGTATGTGGAAGGCAAAGTTCGTGGCTCGTAGTTGTCACGAATTCAGGGGTGCGCATCAAGACCTCATTTTAATTAAATAGCTTGGAGGTCAGTTCAGTATGTCTCTTACGGCGCGGCTATCGAACGGGCGCTCGACGCAGCGGGTAGCAAAATATCGCCACGAATCTTTACCCTCGGAGACAAAACATTTACCGGCCCGTGCTCTCGCGACTGGGCTATGCAAGTGTCACTCGCTCTTGAAAGGCGGCGTGCCGACGCCACGGCAACTTGGCGCGGACACGCAATGGTGGAGTAACATCGATTGAGCATTACTTCTGAAGACCCTGTGGCGCTGATTTCCTAAGTAATTCAGATAATCTCTGTCCGGATCGACGAATCGTCGGCGAGGAAATGCACACTGGGGTAGCTGTCTTGACTGCTAGAGAGAGCGAATTAAGATTCTAATGACGCCGGTATACGCGCGGCTATCATACAGCCTCCCGTGTAGAGTCCAATTGGTGTGCGCGCGTATAACCCCGCTTGTTGAAGCTTCTGCTTAGTTGTTACGTAGAACATGCGGAGCACACAATATGCAGTGGTGTGATCGGAGCTTAAGATATAACTCTCTCGGCAGCGGGGGAACGCACCACACGAGGTTTTGCCCAGATGCTAAATATGGATGTCCGATGAACTACGGTTGAAGGAGTTAGTTGCGGTCTTACGGTACTCAGACCTTCACGTAACATTGACCCTTTAAGTTGACGGCTCCAACTAAGATTGATCCCCTATTGAGCC,1215,51.03,Drosophila melanogaster
SEQ_747890,TGTTGTGAAATTCCAACGTTGATTCTCATAGCATTGTCACGGGACCTCAGGACAGTCCTATTGAGAGTAATAATCGCGACTAATCCTTTAACCGTTACTTGCGATGGGATGGTCAGTGTGTGTCAGGAAGGACCAGTGTATAAATACTATTCGGTCATTAGGGCTTTAGCCTTCACGATCGTTTCATTGGTCATGATTACCTTCGTGGTGGATTCTGATGATTTAGAGTTATATGGCAAATGGGTCCATCTGGCACGTGATACGTAGTGGATAAGACGACCGCTCACGGAACGGCAATACATCACGACGGGTTAGCGTCGCTATGAACTGGCGCAACCGGTAGAATGTCAGTGACATTTAGAGCGGCGGGTACGCAACATTCGAAAAATGGAGCTAAGCTAGTCCTCAAACTACAGTCTTAGATATGAGGGAGCTATTCGACTATCCGTAAGTCCATATAACAATCCACATAAGGGTCTTCGTTGCTATGAGGTAACATGGCGTACAACGGGACTTGCTCGTTGCAGTTTCTTCAGACCTGCACTGACTGAAGGTCAAGGGCCGTGTAGACCCAGCAACTCATAACCAGGCCCTTCGCGTCGATTATGTGTTTCATTAATCGTAACGATATCTTAGATGCCTGCGTGTTCTGCATTCATAAAAAATTACGATCCTTCTATAGTTATCCTATGATAAAGGTAGCGAACGACCCTCTTGAATCGACGCTTAAAGTTAAGGCGCATGTGCGGAGGAGCCGGTCTACCAAAGATCCACGACTCCACGACGGCTAGCTTACTCGAGCAAATCCATCAGGACTCCAAAGACATCTGCAGCCTTGAGCGGTGAGATTTTCTGACGCAGAGAAGCCTCCCTGTTGCTCCACACTTTCGCTTTAAGGCCCTAAGTGTAACGTAGGTTTCCCACCAACTTGCGGAGCAAACAATCTTTAACGTATACGTTAGACGTATGGCATGTTTGCTAATCTGTTCCTTGCGTG,997,46.54,Drosophila melanogaster
SEQ_825728,ATCCGAGTCGCTTGCTGACGAGACTTCTACCAACCCGTAATAACGAATTATATGGAAGATAAGTAATGAGGTGTTCTTTACCTTTATATTCTAATTCGCCCCGGCGGGCTACTACTAGTCACTATTTTCAGAAGGGAACGATTGTCTCCCCTCCGAGCCCGCGACCCCGTGCGATTTTTCCGCGGGGGCGTCGCAATCTGTATTAGCACCGAACTCGATTGACTAGGGGGTATTTGACGTCAATCTCCTAGTTACAATGACGAGGCGCCTGGCAAAGGCTGGGCATAATTATGACAACCTATCGAAGTTTTCCTATACATGGCGCGTGCGTCTGCCCCCCCACTGAGCCACCCACCCCAGATGCTAGATGGACGTTCTGACGAATGTAGCAGTGGAACGCAACGTGGGTGGTCAGATCATCAGTTCAATCTGGAAAAGGAGAAGTGGCTCCGCGACCATCACTTCTACACAAGAGCTTTCTTTTAAAGCGAGCAAGACATCACGGTCCTTGAGAAAACGTACCTAGCTACGGGATAGGTTACTTGCGGTAAGCTTATAATCCTTCCACAGCGGTCTTATGTTCGATGCATTATAACGGCGAAAAATAACCTGCTCCAGAGGTGATTGCGTGCGGGTTTGTATGTTTAGTTACCAGGTATGAGAACTGCCGCCACATCCATCAGAACGGGTTGTGATGCACTGGAACGAAACGCACCGTGATTGGTACAATGGTTTCTAAATCTACACCGCCGTAATGCAGTTTTATCAATTAGCAGCCCTACCGCTCGGCGAATATACAAGGGCGTATTCTAGCCGCTTTACCTGAAAGAGATCTTTGAGTCAGGGGGCTTTAGCCGCTGTTGGCAAACGTGGCGAGACTAAGGCTACCGAACGTACGTCCTGACCCTGTCCCGTTGAAAGTTTCAATTAAGGCGTATAGCTTGTACTTTTGGGTCCCCAGTCGACCGCAGGAAAGAATACCTAGGCCTGCCGTACGATGTGGCCAGACATATGGGTGCCCGCAGCTATGACATAGCACGAATCGTCGTGGGACTTCACCTACTCCAGATGTGTGTATATGGTCGGCTCTGGCACTTACTACTCGACGCCACTTTCGTATAGCTTCCTGTGATGTTGGAACCTCACTACTATGCCGCGAAGATAGCAAAGAGACCGTTAAATTCCGCGATCAGGCGACTCTGCTTAGCTCAACGCTGGTTCTGTTTTTCAAGGACTAGTCTTGACCGGAGTTTACAGATTAAGAGCACTCTGAGCGGTAATACAATGGACAAAGCATTTTCCTTAGCGTGCATAGCTAATACTGGGGTAGTCTCCTGGCGAACCATGT,1348,49.33,Saccharomyces cerevisiae
SEQ_271601,AAACATGGGGGGCGCGTCCCTAAGGTAAGTGTTACCAATTACCAGGTAATGGTGCCATAGGGCAAACGCTAATGTTCTACGAGTTTATAGAAGGCTGGAAGATCAGATCCAGGGAAGAACATCCTGACGAAAGGATCCACACTTGAACTTGTGGGATGACACCCTTTGTCACACATTTCTCGTTTGACGCCGGAACTCAATGCCTAGCACTGCAAGTAGTCTCCCTCATATCAAGGGCTTTTGACGTTACCTACCCTCAGTAACCCTACACACGGTCGATGGGCGCGTGTGATGTATCTTTACCATTCGATGTTTAAATCATTCCTAATATAATGGCATCTGATGCCCGTGGTGGCTTAGGAACCCTACTCTGATCAAGGCTGATCAGTCAGCAGAGTCCCTGCGTCCGTTTATTCTCGGCGCCTCTAGATTCATGGGGGTCCTTCAATCCTCGTGAGCTGATCGCTTTCTGTATCATCTTAAACCACCTTCATCGATACCGGACGAAACCGATGCATGAAAATCCGTCGCGATGAACATGAAAATCCGCCTAATCAGAGCTGCCCGTACCCCAGCAAATCGAAAGTATCGGTAACTGAACCTTACTAAAGAGATCGGCACTTCTCGAGGGAATCGGGGTTTCTTTTACTTACTCATACTGCGGTGTCTCACGATTGTGGGATCTCATGGTAAAATCGCGAGTCGCGTCTCCTTATCCCTGAAGTAAATTAACAATCCATAGTTTCAGGCCCGTACCCGAGAGTAACACCCCGCACATCAGCATTAAGGGAGCACTTTGATGGTTGCGAAGGTATCCGGCAGCTCCCGCATTGAATGGGGGTCTCGTTACTTGGCCCCTAAGGAGATGGTCTCGAACGATTCCAGGCAATCTAATTGCGGCATCGATGTTATGTGGACGCTTCCCGATCCCCCCAGACGACCGTGTATGTCACTCATCGTTTAAGGAGCGTCAAGGTTTTTGGCATCCCCCTCTACCTGACCTACGCACAGAGCCCAAGACGCTGGGGAAATCTTGGGTCTTGATCGTATTAATATGTTATTGGGTAGTATCAACGCCCTCCC,1083,49.22,Arabidopsis thaliana
SEQ_185542,CACATCAGCCAACCACATCATCGTCGCGACGTTAGATTGGCCGACTGGAAACA,53,52.83,Mus musculus
SEQ_681941,CTCGGCATGGCGATTACAGGAAGAGTCTGGGCTGAGCTTCAAGTTAATACTCATTTTACAGATGGGGTTTCGGGTCGCCGAAATAATAGGAGGGCTGAGATCGTCAGTGCGCATCCTAGTAAGCCGCACGGATCACGAAAACTGTATAAAATGAGGGGGCTTGGAGGGTGACCCGTCGAAGATAACAAGCTCGGTATGTACTTATTGTGCATTCACAGATCCCTTGGTTGTGACCCTGGCTTGTAAAACCTGGGTGCCAGCAAGTAACTGACCGATTGTCAGCATCTCCACATGTGTTAGAAATACGCACGGATGTTCTAGAGACAGGGCGACACCAGGTATGGCTGACAAAATGGAGGTCGGGAAGGATCCTCGCTCTAGCAAGGGCCGCTCCACAGTAGAGAGACTACTTCCTCATACATGCCCTGAGGTGTTTACGCCGCAAATCCAAGAGTGCGTATTTTCCCTGTTGTAGCCCAAAGGGATTTCTAAGGGTTCTGTTTATTTGTCGTACAACGGTCCGCATGAGGTTTATTATTCTAGAGAACGCTGTGGTGGCCCTGCAGTGCTGAGGCAGTAAATTTGTTATAGTGGACTCGCTGAGTTACGGTGGGAAAATTATCGTCCAAAACGCTTTTAAACGGATCCCATCGATTATCGTCTTAGCTCCTACCTTCACTCTCGGAGGAGTGCCAGAACTCTGAGGCGAACAAGTACGGCCGTGAGCACAGGAACACAGCTGCAGATGGGAAAATGGTGGCCAGGAATGGCACTATTCCAGTCAGAATGACTACGTACTACAAGCCGTACGGTCCCTCCCCATGCGTTTAGGGGAGAAAACCTAGAACCAGTGAGGTAACCGGTTTACTTTTCGGCCTAACCACAAGTATCGATACTTTTGTTGACTGCCACCGTCATCGGACCACGGACATAAATGACTTCGCGGCACCGGGAGTTATGTTCGACCACCCCCAATTTCAGGGTTTTGGGAACGGGAGTATTATGATGGACTCTCATTTGGAGATGGAGCACCAACCCCTAAGTGTGGGCTACTGCGCCGACTGATTTCGCAGCCGAACAACCCCACCCACCGACAGAGCTTCGACTTTTACAGTCACATGGACTGGTGCATATAGCCTCTTAAGTAATTACAGGAGTAAAGAAACGCTTCGAAGCCTTAATGACTAAGTAGCGTCCCTGCCGCATGACCACCAACCAACGTGGCAAAGAGGACTTTTCATAGCAGACGCACTTATCGTTGAGTTCATCATTCGATCACTTCTCTCAGCTTACTTAGCAGACATGAGGGAGCACCCGGCGTGATCCATTTGCCCCTCCGCCAATCTGTGCCTTGCCTGCCTGTATACCTTCCGCTCACACCGAGCATGGCCCCTTCAAGTTGGATGGGAATGGAACAGTACACGACGCGTCGTCTCTTGATGAAAGTTCCGTGTCGCAGATATGGTGGGATCAGACTTCCGGGCGCAAGTGCCGTGCTCACATCTAATGGGCACGGGTACGACCGCACGGTAATCGGTGA,1540,50.78,Arabidopsis thaliana
SEQ_362217,ATTCCAAGCGGATCCAGCATAGAAAGGGCCGGCCCCTCAACAATCTGTCAGTGGAGTATGTAGGGTCTATAGTGGCTCTAAGTAAGGGCGGTCTCATCACTCCAATTCGGGCCTGTTCGCCCTTAGAGTTACCACCTGATCTACAGTATCGAGCCACACAACTCGATTCTTGGCATGGCACTCGACATCAGATTTGCGATTTAATAACGCAACTGGCGGAGCGAGCCTATCCCAAGCTCTCGAGGATAACGCGGCCTCGGTATAAGCCCGGATCGCGTAAGTAGCTGCACGAAACCACATACTTATTAGTCGATCGCGCCGAGCACCTGTAACGCTGCGGTCCACTCTTTTGGAACCGAC,360,52.78,Mus musculus
SEQ_331238,GTTGATTAGGCCACGAGGGGTAGTTGAAGCCACAACATACAGCTTTATCTCTCAGGTTTCCACACGGGATAGTGCGGGTCCGAATTGCCGACTCAGGGGAGCGCTTCCCAGTCAACTTTTGTGTCACAACGAAATACTCTGCACATTAATCGATGAGCACCCTCACTACGCGTTGATGCACTCACGCCGGTCTCCGCGCAAACACGCCGGCCAAGTAGTGTGTAGGACACCCTGACGGAGCACTCACAGGTCGCTTGGATTTCTAACGATACATCAGGCGCAGTATGTATAATCATTACCGGGGACCGCATGTGCGTCAGGTTACAAGGTGGAGACCTGGAGGGGCACTCAGAGACAACCTGTCGAGCCGGTGGTTCACGTGCTACGGAAAGAAAGTGTAGCCAGAGGACGGGCGTGGCATAACTAGGATCCACCGTTCCGTAGGGAGCTGCTCCCGCCCCTCGCTATTAAGAGGACGTCCGCAGCTTACTGTACGGAATCTACCCGTTAGTAGTGCCTTTTCCACTCGAGAGGAAGTGAGGACGCTGACTATAACTTCTCAAGCTTCAGAACAATTCAAGCGCGTTGCCCCTGTCAACCTTGTACCCCCGCTAAGGCTTGGCGTCAGTGGGATCTGCGCTAGAGTAATCGCGTCAGGATGTGTATCTTATCGATCGTATTCACGCGGAGCTTTCTTGTAACCCACTTTGATAATATCAATGATCCGATGTTTTCTCCTCATCGTTGCCGATGCTACATCGCCGATGTCGGATGGCAGCAAATTATAATACCCAGTGGGAACACTCATGATTGCCGCGCACAAAAATTACGTTTATTTGTAATAAGGCTATAGCGCAGGACGGGGACGACGGCTTTTTTACTTGGAGTCTATTAAAACAAACGCCAGTACCTGCTTACCGGTCTCTATTGTGCTTCGCGGCCTAGCATCCGGAGCGCTGATAAGATTAAGTAGATAATTATGATGCTTATTTCAAGCCTGGTTGTCCGCATCTTTAACGGGTGTCCCACTTGCGACATCACACGTCCCCGAAATATTGACTGTTGCGGATAATTCGGCATGGCAACTTGTGCCCTGTTTTCCTATGACTATAATGGTAACGCCCCTCCTATATAGATAACCATATAGAAACCGCTATTCGGAATGCCTGTTTTTGACTATACGGGTCGACAGAAGTGTTCAGC,1203,50.04,Mus musculus
SEQ_734882,TTGGTGTCGTTAGACGCGTCTCTCCTGATAGCGCAATATGTAGGAAACTCCGCTTCTCCCATTACCACCAAATGGGTCAGGTAACTCCCCACGTGGTAACTCCGGGCTGTGCTATCCGTACAGTGGTCTATATCTTTTGCAAGCATCTACATGGCAAGAGACATTCTGACGCCCAACTTGCACTGACCCAGATGACCGGCCACTAGCAGTCACCGATACCTTCATTACAATTGTCTCGTGTACCTAGGAGGGTCTCATTGTTTTGATAAGCCCTCCGTTGATTCGCGCTGAAAAGGACCTATAAGTCAAACGAATCGGCCACCTCAGGATATCGATCCTAAATTGGAGATTCGGCCACCATCGGATCTAATCTGGTTACACTCTAACGTGACACCCCACCGCTATTAGAAATCTGCGCTGCCAGGAGAGTGGTGGCACGAACAGAGTACCACTTTACCAAGACGACTATTCGGTGGATAGTCTGCGGTGCTAAAAATGAGCGGGCACTCGAGTGCGCTAACCAATTTTTGGAGATATTGGAATGAAAACGCTGTTCAATGCGCTCTTTTTGTAAGCAATTCTGTAATTCCTCGTGAACTAGCGTATCGATTAGTGGCATGAGCCGGACTCAACACGCCGTTGCGCTGACTGTTGCAAACTCTACCAGTCGGGCAGTACCGTGTATTGAGATCTACAGGTAAAGGGAAGTGTCATTATCGTTTGAGCTTTCTGGTGAAATCCGCACACCATACTAGCCACATCTATCGGCCCCCTGTACGAAGAAAAAGAAGCTGGTTGTTGCTCTCGTGTTCCGCAGTACGCCGCGAGTGGTGTATTTCTGCCTGTGATTACTCCTATGCGCGGATCGCGGACTTATAAGGCAATCCAAGCATGAAGAACCGCTCGAATCACCATATGAGGCTGGAACGTGTCTGCACTAGACTCCAAAACCCAACCGGACGTACGGAAACGCGGCGATACGATTGGAACAGCGCCTTAAACAACGTTTAGCTATATGGTAGTAGGGGTCATCGAATTTATTCGATGAGAAAACGCGCTGAGACCCCCCACGTCTCTAACCCGCAACGGGGATTGGAATAATGAACGGCTCGGACTGGGCTTTTCTAGTTGGGTTGTACTTCGCCATAATGTTGGTAGCCCTTGGGCGGTGGTCGTCGCGAGCATTTGCTATGGTGGCTAGCTGCTGGTCAGTCCCAGGGTGTAGGGGCCTACTAGAGTAATTTCGGGTCCTTCGCTGTAACAGTGTTAGACCGCGCAGCACGAGCCCTGTCATGAATATATGCTGATCTCTAGTATCGGGCCGTTCGGGAACAAATAATTCGTATTGAAGATGGCACCGGCACGGCAAACTCTGGATGAAGCATAACGCGACTACCACTGGAACCAACAACTCAACCACATGCGTCTATTATATGCATGAACTTGGCAAGTCGCTGAATATATTGGAGAGGGTTCCGCGGGGTTATGCGATCGTTACCAGCCCGATTGCTTTCTACTCCGTGCTAGGCCGCGCCAACACCAGGCAGTGCCATCGCGCAGATAGAGTTTGTCATATCAAATCTTATAACAGCGTATCGCAGACTAAGGCCTCGGCACTCGGAGTGCGCGACACCACCACTGATCTCGGGGGCCTCAGTTCAGCCTTGGCTGGGCTAAAGTTTTTATACACATGTGTGTCTCGGTAGCCACTGTAGCCTCGCTTCAATTAATACGCTTAACACAGCGTGTGACACGAGACAACCATTTATAGCGCAAC,1777,50.25,Caenorhabditis elegans
SEQ_622664,TACGACAACGTACAGCGTCCGCTCCGGCTGCGACATACTCCCACCACGGATGAGTATTCATGTGTACCGGCTCTTAACACGAGAACGTGGACATAGTAGCATGATGGTCTCTACGGAATCCCGAAAGTGGACGCGAGTTCAAGGTGTGTAATCTCCTGACACGCATGCCAGAGGAGTAGAGTCATGAAAATTCCTCCCGCGCCTTGTCTACCGTAGCCGCAATACAAAATTGTGAGAACACTTGTGGCGGTAGGTCCAAACGACCCTCTCACTGCCTTCCCGTGACACTATAATTTTCTCTCTAAAGTGGATCCCTACCTACTGGAGAGTAAAGAAGTACGACCAGCTAACCCACTTTGGAAGACACCCGTTCATCAGGTAGTCGCCATTAAGCGTTCTGTTTCCGGGTAGTCCTCCCGATACCGCGTCTGATGTGCGGAGCTCTAGTAATGCCGATGCTGATCTGCAGGTCTCATGGAGACCGATCGCTAGCGGGGTCTTTAGGGATATGCGTTTACCGTATGGCATGGGGGACTCATGAGGATTGGACTTCCCGCCCCCTCTTGGGACATTTGACCGTACGGCGCATCAACGAATTATAATAGTGATACCTGCTTTCACTGCCTTATGGTTGAACCGTGTAAATAACATTAAAACTATTCCACGCTGACTTAGATTAGGTATTTGAAAGCGGCGGAAGGTTACCACCTAGGGGCGTCTCCAAGTATGAAACTCCGTTCCGGCCGTACGAAAGCAATGAAAGTGATGGAACTTGGCAGCACAATAAAGTCAGACATTCCATCTGTTATTTGTAACACAGCCAGCCGGCAGACAATCGGAGCACATTACAAGTAAGACCGCTACGACACAGTCCTTGCGCCAGTTTTCGGAAGCCTAGGACTCCTGATCTCTGACTGATCCACGAAGGTAATTAGAAGCAGGCGGTTCGAAAGGCATGTAGATGGGGTAGGAAGCTTGTTTACCGGTAGCGGTAGGTTAGCTCTTGCATAGGAGGTGCAAACAAGCTATGTATGATTCATCGCACCTGGACGTTTATGATAACACTGCATGCCTACTAGCAGCTACGCCGGAATCAGTTTAGATTTCCGCCCCACGAGAACGGCAGGGCAGTGCATATTGTACACAGCTGCGACTTCCGGTAGGGGCTTTACAGGATAGCCGTGACATTAAGAGAAGAAATATACGTTATTCTATGTGTGCATCTACGAAACCTAACTGACCTCGGGCCTTAGTAGTAGAATTCGGATCTTCTCTGGCAAGCACGGTTTAAATGGTTGGGCGAAACAGATCTAGCGAGTGTCCGTTTCTTAACTGGGGGATGTATGACGGATCCCGATGGCCCAAATAAACACCATTGGCTCAAGCATTGCCTGTATAACATTCAATTGATTGTCTTCAAGGATTCAGCATACCTGTGGTGAGGTGTCCAAAGGGCCATTCGCGTGAAATTTGGTTTATTACCGACATCGTAATCAGCGTACACAGTCACAACAGTGGCCCGACAGGGTCAGTTGTTAGGACTGGGCAGGCCTATCGTTCACATTGAGCTTAGGTACGTTGCGCTGTGCCTGAGGAGCCATATTTGGACGGGCATATAACAGCGCTAGCGCTCGGTAGGTGCGTAAGTCGAAGGTAGTGTATGCATATTTAGGCTTGATCGAATCCTTCAAGGGCCCGTTCTCTCGTAGTCGGGAAGATGACAGTATGTAAGTGAAGCGACGTACAACCGAGCCACTCTCCCTCAACCAGTCACTATGTCCCGGCAATTTTAGACGTCATCGAATAACATGCAACTGACGGGATAGGCAGTCGCAAGATGCTTCGAGATAAATGAACTGGAAATCAACACCGGTACAGGGGGCCAAGCGTGGTCGGCAGAGCCGTCGCTCCTG,1913,49.66,Escherichia coli
SEQ_497163,CTGCCTATGGTGTGTGTCTTACGTCTTGCTTTCGGACAGTAGCATAAGTAATTAATTTGAAGGAAGTGATAATTATTAGAAAACTAGGGAGTCTCTTTACTCGTACGCAGGCTATATCCTGAACGGACTTTACCATACTGTAGAGAATGGGACTATTTTCGTAACAATCGGGACCTCTATCGCCTGTGCAACAACGAGTGCTTTTAGTCTTCTGGTTAACCCGACTCGCGTAATTATTCGGAGCCGGGATAAAGTCAAAGGAAAGGGACCAGTTCGCCAAGTACGTTGTGTAAGGACATGAGGCCGCGGCTAACGTCTATGGGAAACGCCTCCGTTCTCGCATATTGGCTGTAATTCAAAACTTGCGCTAGGAGATTTAACCACCAATAAAGTTTGTGAAATTACGAATAGGACTCTTTCACGTCCCCATCTCCGGATATGTACGTATGTAACTTGACAAACACTCCCACTTGTTTGGGCTAACAACAGCAGATCATGGTGAAGTGGGAGTTAGTCGATTCGTACAAGACGTGCTGGCATGTATGCGAAATATGCTGGATAGGCTAGCCTAAGCCATTCCGCGTGGACCGCGCTGACGGTACTTCGCGAAAGTACGTTGGGAAGAGCGGTTGGGTGCAATACGAGAAGTATTCGAAGCAGTGGCCATTTAACGTGCCGTATAGGGGTGTTCGCATATCTTCGTATTTGAACGTAGGACTGAACGTCATACACTAAAGCCGGTGCCGAGGGGTGCCTCTAATGCGTCCCAGCATGCATCTACTTTATTTGTAGGTTACTGTCTCCTGCCATTTAGACTTCTTGTTCAATGACGCCCTGGCGAGGATTCGATGCCGCCGCTGGCATTGTCACAGCAGCAACTTCACGTCTTGTATTTGCCATTCCAACGGGGGAACAAACGTTTATCGAGGCTCTTTCTTATGGTAGATAGTGTGGACGGCCTGGCTCGTTGAGGGAATATCTCTTGAACGATCATCACTAAGAAATACACCGGTCTACACCGATCACCATGGCAGACGCGCAAGGCGGCGCCCGTACAATAAAAAAACCATTTGCATTCTGCGTCGCCCGCAGTCTCGTAGCCGGGTAACGCTCACTTTGTTGTCACTCGTGCTATGACGATCTTCCTTCGAGGGTGTTGCTGTCCAAGGAGACAACTACGCGCAAGTGCGCGGCACATGTACAGGAGCGACACTAAGGCAAAGCGCCGTAAGCATAGTACCGATAGCCGGTCGAGGTTGAAATGGCTCTTAACTGTCCTACTTATGCGTGGGGCCCTAACAAATCATGGGCGGGTCCCCGATAATTTAAAACACCTGCAACCCTTTCTATACTGGCCGCTATCCGGAAGCTACTCAGTTGGGAAGATCATGTTTTCTATGTGCTGAATGGAAGTTCTATACTCGACTTCGCACCAATACGTGCTCTTAGCACTATATATATGTGCCATAAGCGTCGTGGCTGGGAGCGAGAGCCGAAAAGTCTCCGAACGTGTCCTATTAGTTATCATGGAATTTCTATTACTTTGACGTACCGTAGCCTATCCTTTAGTTAAAGCTGTTCAGTAGTTCTTACAATGTGGACTTCCTCCCGGGAGCGGTTATTCTACTCGCTCTATTTAAAGGTCAC,1647,47.91,Mus musculus
SEQ_530614,AATAAACATGCCAATTGCCCCCCAGTAGTTCAAGGACACGCTTTGAAGGCCTGATTGGGCATACTATGCTAAAGTTTCACGCAAGAACAATATGTCTAATGTTAATAGTAGAAAACGAGACGGTCCGGTAATTCAGTGCTAAACCTTAGGTAAGCTGACGCATAGTACTGCGGGAAGGGGTTCCGATCGAACAAGCTGGACGAGGACATACTGCGCGACACTTGCCCTAAAGCGCAACGAGGTGAGTTACACATACGAGATTCACATGTATTCGAAGGGGAGGTTACTTGGAAACTGGTATACTTTACTCCTCAGAAAACAATGATCTTTGAGCAGAGGCGACCGAACTAGGTAACCCCCTTCAGGCACCACAGACCGATTAAGAGTCTTTTGTAGTGAAGATCATACGAATAATGCAGGTTTTGACCTAAGCGAAGGTAGCCGCCCTCTTAAGGCATCCGATTTTGAGATATCACACAAAGAACTCGAAAGAACTCTCACCTGTTCTGAATAGCTGAGTATAATAAACATCCAAACAGAGGCGCGCAAGATATAGCTCTAGCTGCGTTGCAATAGATAGGCTCTGCCATCTGCGGAAAATCTCCCGCAGTTGGATCTAGACTCGCTGAGGGACGAGATTTGTGGATCCTATTACGCCGGCGGAAGGCCCATCTGCTAGGACTACCACTAAGAAGAGAGTTCTCGGTTCTGACACCCTGGTAAACAATCTGCAGCTTCCTTTGGGCCGTAACTCAACAGAATGTATGCACTGGACGGGGTCCACGGGGACCAATTAAATTAAATAATTAACGATGTATATTCAACCGGGTATGAAAGATACCTCCGCGCATGTGGTGGTTCTGATTTTACTCCACAGATTCATGGTCTGGGTTTCCTACTTAAAAACCAGGCAGGTACTCACGGCAGACATCTGCTGGGATGCGCTTAATTACATACGGAAATTCGGGGTAACCGCTGAGGAGCGACATTTACAGTCCCACACGAAATCATTTTAAAGGTTAAGCCTTCAGATACCCCATGCGGGACCTAATACCACACCAACAGGAAAGTCCAATTTTTATTCCGGCGGTCTTACTGCCTTAGGATTTCAGCTTGGCGCTGTTTAGTCTGCCGAACGGCATGCATCAGTTAGTGACCAATATCGAACCCCATACCAATTTCCCCGATAATAGCTGGTCCAGGGACAGCAAGACGTCCAGATTGTGCAGTATGGCAGCCTGCGGCTCACCGCTGAGTAATTTTCGTTGAGTCCGACAAATGGTCTGTTAAAATTAAAGGCCCCGTATGAGATGATACTTACTCAGCGTCCGTCCGTCGCTAACTACGTAGAATAGTCAACGCGAAACATCGAGTGGAGAACCCCCTCTTGATCCATCGAAGTGTATTGGTGCGGCCACTCAAGATGCGTCGTGATAGAACCAGCGAGCGAAAGTCACACCCGCGTCCGACCAATCAGCAACGTCGTCGAGGGAATACAGTAACTTATCACGACGTTTTTTCTTCACCGACAGATAGTCCCGAAGCTTGTGCGAACTGGATCTGTTATGCGTAATTCGAGCTGCTTATGGTTCCGCATCGGAGTCATAGTAGACACACACAATTTGCAAAATGACTCGCGAATACACGGATGGGCGGGCCGGTCGGTTTTTGGGTCTTAGGATCGCCGGGGGGACCATAGATAGATATTACGTGAGACACCCGTACCGATGAGGGAGCTCGTTACAATAGTTTAGGCTAGGGTGGCCCGTGCGTGGCGCTGATGAGTACCGAAGGTGTACGCAAGCATACTGCGGGTGCCAGCAGGTTGATTAGGGTGCACCAAGCGACCATCCATCCTTGGGCGATATCCAAAGAAACATAGGGCCGCCTATATCGGTCATAAACTGGCGATGATCTTAAGCCGGCTTGTGTTCCCCGACGTGTACATCCGCCTCCAAAGTCATAAAAGGCC,1972,48.68,Saccharomyces cerevisiae
SEQ_271181,TCCACTGACAGCATACTCCAAATATTTTACGAGAGTCAAATGACCTTCTATTGTATCTGGGAAGAGCTACGAGGTCTCCAGTTCGACCTGAGTGTCCGGTAGGTCGGCCAACACGTGAACAGGGACTAGGCGGAATGGATTACATTTCTCCCATCCGTGTGGCGTGCAACTTTTACCATCCACCAAATCGTCCGGTGAGAATTTAATACTGGTCCATGAGCGTGGCCTACGACCATAGGCCAGGGCCGTATCAGCTGCGATAGCAAAATCCACGAAGAACTACACAAGACAAACGGGGTTGGCACGTTATAATTAATGTAAGACCTTCCTTTTTAGTTCTAGCTTGATTGGACGTTGTTGTCTCCTCTGCGCATGCAATGCGGCGCGTAAACACAATGCGTCAGCCCACTGCCAAGGAGTGGGTATCTAGCGAGAGAAACGGGGAGACGACCGGAGTGTGTAGGGTTCAGTGCGCTCTACCGCACAGGGTTCCATTATAAAAGTGAGAACGGGAGGTCCAGGGGGCAAACCAGAAGACTGGGTTACGAATAGAAGCGTTTTGGCCCAGTCTAACCCGTATCGTGCGAGTGCATTTTGTAGCTCTCTAGGCCCGAAGTTGGGCGCAACTCAACAGAAAGGAAAGTGCCAACTGTGAGGTAAATCACGAGCTGCACCGGTTTCAGCTAAAGATTGTAACAGTTTGAAAGCAGTTGACTGAGCGGGAGACAGTCGAACGCGCAACACTGCCATAGTGTACCCGTGTATAGCTTTTGCGATGTTAGCCTACGAAGGGCGGCGGTTAGAGCACCTGAATTCACCAATAGCGTCCCTGTCGGAGCATGAAGCCTGTCTTATGCCGGTTGCTTTACTCCACAGGATCCAGGTCCTATGTAGCTGTTCTCATATCATGAAAAAAGCATCCGTTGGAGAGACACACCGCATTAAGAAAAAAGAACGGGCACTGTGGGCGCCCTCACTTGTATGCCATACGCTAGTTTCTTAATCCCAAACTAAATCTCATTGCCTTCAGCAAGGAGGGGCAGGCTTTAAGCGATGCCAATGGAAACTTTCTCACCACCCCTTTGCGTAGGCGGGAAAAACTCTCTTGGTTCATCCCTTTTCAAGACCCTCGTGGTCACATCGAAAGATGTCATCCGGGTTCAGAATTCGACTCCTTTATACGTGAAATCGGAGACCCTAAGAAGTAGCGCACATTGCGAGATTCCAGTGCTTGTCAAGTCCCCTACGTTCTGGTGGATCTCTCAGTTTTCGAAGTTCCTGGTCTCAAGTGCGTTAACGCAGAGTCAGACTGTGTGGGCCATAGTGCCGGCCAC,1334,50.07,Arabidopsis thaliana
SEQ_248737,TACAACCTTGTGTAACCCCTAAGCGCGAGTCACGAGTCCTGTAAAGGCGGATAGGTGCCCGTCTTTCATTATTATTACGGCATGCTGGTAGAGCTTATTCGAGCTTACATACACCCAATACATCAAGCATGCCGGTATCGCATTTGCCTCTGTTTGAATCCCTAGCAGTGGAATAAGTAACCGCGTTTTCCGTAGTTGTCGAAGTGACAAGAGGCCTAGCATATCCGCCGTTGTAAATAGACGTTGATCGCATGACTGTTGTAATACTTTTATCACTAATGGGGCGCGGCATACGTTGATTCGTTCCGCATCTTTATCGAGGATAACGCTCTAGGCAGGGACGAGCTATACGCAGTCGCTGGGAACCATGTTACCGCGCAGAGCACCGGGGAGATGCAAAGCCCTTAGGAGTTCATAGGTCGTGCTTGCAGATTCCCTGTCCACAATGACCAATGAGTTTTCGATCACTCCATTCTCAATTCCTTCTTCGCCGCGAATGTTAGAATGCTGCTAACAGCCGAAAACTACCTTCCGTGCGACTTTGGTCTATCCATGCCTCGAACCGTAGTAGGTGCCACGAAGTCAGCTGATGCGGACCCTGACCAATTCAAAATATTACCGAGTATCACGGGACCACATATAAAGATGCCGCCGGCTGGTCGTCTAAGATTACTTGTCATACACGTCCTTATTCCAGGCCAAAGTGGAGGTTCCGCTGCCCTTATTACTACAGCTGGGGAGCTTCAAATCCAGGACTTCCCATGTTCAGTCCCCGATGAGCTTTGCAGACTGCCCTCTGTTACTGGTTTGGTTACATGAAGCACCCCTCGCCCAACATACGGGCATTGTTCTAGAGTGACAGTCACCGTTATACTAATATCGGTGGGCCGGTTTTCCCCACATCTTCATGTAGAAGTGTGACGTATGAACCACTGTTGGGTGGGGGCTAGGCATAGCCATAAGATTCCGGGCGATGAAGAAGACAACGACGACAGCTACCACAAATACTCTATGAATTTCGGCCCTCTTGCATCGACGGACGGTAAGAATTCGGTATTGGAAAAAACTCAAGTTGTGCGCATAATGGTCCACAGCGGGCCAGCGGTCGCAAAGACTAGACATTCAGTCCGCTTACAAGTATCGATCTGTGGCGGTCTGGCTAGCTAGTTGGACTGGATACAGTTACGTGTAAATACTCTCAGGCTCACGGGTAACACGGTGGGCCTACCTGATCCGGAGCGAGTACTTAGCCAATTTAGATATTAAGTCTTCAAGGCTTAAATCAGCCGAGCACCGATGTTTTGTAATTCGATCGGTGTACGGCGTGCTTTCTATGCCTAATAAGCGAGCACGGCGAGTGCTGGCATATTGCATAGAGCCTTATCATGTCAGTGGTGCTCGATTACAATGGCTGGTGTGTTGAGCAGCATGCCCCCGGTTGTGTGTGAAGTCTTACGGTGGCCATCAGAAGTATCTCTGTAGATTATGGTACTTAGTGTCATCTCGACAGTCAATAACTTCGGGGAATGGGGATTATTCCCGAAGTGGGCCGGCGTGGAGTGGATGGAATTGAAAGGTGAGCGTGGCGCTTGGCGCGTTCACATCTCGCATTCGAACAACTAAACCAGTTAGGGTTTAGTAGTTCTACTCAGCGGCTTGGACTTCGGCCTGGAGGATAAGAGAGTGAAGATCAGCACTAGCCTCAAAAAGGTTTGCGACAGCGCGGGCGATCGGATGCAACTCGTCAATATTATGGAGGTTGGTGACTGTGCCGCCAGGCCTCGAATCGAGGAATACGTTAAGGTAAGGTTGGCATGT,1818,49.67,Arabidopsis thaliana
SEQ_215118,AAGAATAAACCACGGCTAGTGGGGTCTTCTTGATTTATCTCAGGTTGTCCGTCGGCAGATAGGAACCTATTCGCTAGGCCCGAGAGCTGATACATCAGCACGTCCTCCGGTCAACGGAAACGAGATACCACAAGCTTCAGGTGTGATCTCTGCCTGCCACGTGCGAATGCCATTTATGGGGTGCTCCGACGGTATTTAGAACTGATAATGTGTCGCGTCTCCGCGCCCGAGTTGAACACCTAGCGGTAATACGCCCATGTTGTCGCAGGGGGAGCGCAGTGCAGCCCCCGGATCGCAAATCGCTCAGGTGGTAAGTCGCCACGACCGGGGTCCTTTTGATTAGAATGGCACAGTTAGGCAATCTGGTGGTCGAATCAGGCTGCAGCAATTTTCAATGAACTTAGGCTGTGATTATAGTTGACCGGGCGAACGATACACTTAGGACTCGAATTTCTTAAGATCACGCCGTTCAGGTGTTCTGACAGGGGAATGAAAAGCCTGATATTATAGGTAACCGTAAGGATCGATAGTCATACAACATAATCTAAAGAGAACATTATTGCTGGACAGAACTTTGAAAGATCGAGTGGGATGCCGACAGGGTTTTATAACATCACCTGCCATAGAATGGCACAGTATATATCTCTGTGACTGGACAGGTCGTGGCCTATGACATAATAATTCTCATGTATAGGCTTACCATGGTTTGGATTAATCGCGCAGATCTTTAATCCAGACTACACCTGTTTGTGGGCCTACGTTGTTGACTCATTATATCGTGGACATCAATGAGCGCCGGTATTTGCACAACTAAGTGTTGTTCATTCCTATTACCATTGGCAAGAAGCCATCGCACCCGGTTACCGTCTTCGCACGTCTATAATTATTGTTAAGAAGTAATCACTGGGGGGGCAGTGATATCATAGTGGTTCCCCCGTATGGACAACTGAGGCATGACGGGTGTTCTGGGCTCCTCTAACACGGGCGATATGTCCGACTTTTGGAATTTTCGTGCGCGGTCGGGGGTAGCCTAGTCGCCAAATATACCGCTCTTTGATGGCAAGTAACGGATGTCATAGAGATGTCAGGCGATTTCCGAATAAGTACGCTATTATTAGCAGGCAGTCTACCAAAGATGGTCCTGGATCGCCGTCCTTACCAAGTGATAAATTTTTCTCTTAAAGTGTAAATGCCAGTCACGGCTATAAAATCTACTAACGTACCCAAGTATCCTCATCGTCGATCGGTGGGGGGCTAAAGTCCTAAACTCGGGCACGGCTATGCGGTGATTTTAATAATCGCGTAGCGTCTAATTGCTCTACCTGTACCGAGTTTACCTACCG,1343,47.73,Escherichia coli
SEQ_950774,TGTGATTGCCTCGCATAGGTTAGTTTTTGACCCTGAATTAAACGCTATGGTGCATGTGGCCGCAGTTATAGCCAACGAGATTACAACTCTATTCACATCTGAGGCTTGTTCGGGATACGGGGTTGCGAATAGCGGGCGCCGAGAACGGGCAGAGGAGCCGCTTTATCTTCACGATAAGGGCTTTTGAGGCTTTCTACATAATCGCTTCGTGACCGTCTCGCGCAAGTTAGCAAGACGGGGACGCGCCGAAATGTAAAGCGTCAAAAGCGTTAGAGATTCAAATTTGAGACTGCGTCATTCTAGCCAATCAATAGTTAGGCCACGGCTCTGAATTTTTTAGGTAACCAGTTTCGATATGAACCAACCTTAACACCAAAAGATTTACAGCCCGGTAGATTCGCCACTAAGCGCGGGACACGGCGAATCATTATAGAAACCATTAGCTATACAAGCATTATACAATATGTCCAATCAGTCGTGCCTTAGACAAGCTGTATCCTCTTGAAGGGGGACACGGGGAATGAGCTCACTATCAGAATTAAAGTTGGCGTCCAACAGTTGTACAGGATCTCATGTCACCACCATGAGCTATCGTAACAAGTACGCCAGTTGTTTCAGTGTTGCAGCGAGCTACCACAATCTGATACGCGCATGTGTACCTTACAGATCCTAGCATCAATTGGCGGAACATGCTACTTCTTCCCCCG,707,47.1,Saccharomyces cerevisiae
SEQ_570058,TGTACTTCTACAAGTATTCCACGTGATAAGCGAGTCGGATGTAATAGCTACCCATTACCTAACGGAGGTCTTCCCAGATCTAGACTTGTTTGACATGGGTACACTTAGTCTGTCATTCTAGCTTACGCGGGTGATACAGCGAGCGCACGACGGACGACAGCGGCTTGGCTCCCCGGTGTACGCAGTATGATCCAACGGGCGTTATGTCGACCTCTGCTATAGCACTTGCAGACCTGACGCATTACATGTTACGGCTTCCGATGAATGACCTCACAGAGGCATTAACATGATGACGACGGTCATGTACGCGACGCCATATGCTTTCTATTACGGATATTGATTCAGGCGCTGCCCTATCTCCGGGAGACGCGTTTCAGAAGCCACGGAGGCCCCAAGACACGTAAATAGCTGGACAATTTCATTTCCTTTTTGGATCAATAAATCTCCGAAATCACAGAACCCTGCTCAGATTGTTCTTACCAGAATTCGCGAATTTCGGTACCGCTAAGGGACGCATTCTTATGTCTGCGATAAAT,536,48.51,Drosophila melanogaster
SEQ_609825,CGGAAAACCATGTGTTGAACCCGCAAGTATTAAATCCACTCTCCAGAGAGACTAGATAGGTTTAGAGTGTATCATACTTGTTACTATAGCCAACACTCACTATTTGTTCGCCCCAGAATTCTGCCGCAAATGGGGGCTTGAAGAATTGTCGCTACGTAGGCTTGGGAACCAGTGACGCGTCCAACGATTGTTGAGTTCAGTACAGACCGTGCAAGTTATGCCGGTAATTAGGAGGTTACCTCGTACGCACGTTAGTTGCGACCAGGCATTGCTGTTCATGTATAGACCGTCCAGAGAGAGCTTCTGTAAATCACCAAACGGCGCCTTGTTCCAGGGCGTATGCGGACCGGTTTTAACCGAGCTCCTAATTTGTTGCCCTGAAGCCGATACATATTGCCCCTATACTCAAGTTGAGCTTTAAACTTGAATACTGACGACGGCATTTGGTGTCTTT,454,47.14,Homo sapiens
SEQ_321009,CGTGCCGGAAAAAGTCCTGGTAGAATGGTATTCCTATCTAAGTACCCAATGTTGTCCAACGTTTGATGTCGCGCGAACAAAGCCTTTAGAGTCAACCAAGTGACGGCGGAGGTCCGACCCGTGGCCGACGGACAATGTCCTCGACGTTCAGCTTCCTGAGGATTTTCTAGCTTTACTCAGTATGTGTTCTTCACGTAGACCATGAAGAGTGGCGGAGCGGCGTTCTCTAATCTCGCTACGCTAAGACCTGGTTGTGAAGTCGCCCTTGATGGGGGTCAAGGACACATCCACAAATGCAGCCATATGAGACAAGCCCATCTACTCGACGTCCTAAACAGGAGAGGATCAGAAAGCTCTGGCACAGGTCTTAAGGCTGTACCCATGACCAGTAGAGATATAGGTCTATGCCCATGACTTCAAACCCAACTCCGGGTAATCCGTTTGCCATATACAATACACGGATGACCTGGCACGTATGATTTTAAGGAAGTTCGTGAAAAGTTTTATTTGGCACACGGGAACTTGGATCGACATAGCATTCCCCGGGGCCTCTCTGCATACGACAAGACCGACATGTCTGGCAGTAAAAGACGAGGGCTGAAATTTCCTCGGCAGCAAGCTAACTGGACGATTGTCTGTTCACTCCTGAGGTCGTACTTGTTATATCACGAGGTTGATATTTAGAGAGTTCCTTAAGCAGTAGTCTCAAGACAAGATCTAGGGGGGGCGTTTGTCTTGCCATAATAAACCGACTACCAACGTACGGATCTTAGACACTTCCCCCTCGGCCGAGATGGCCTCGTGAGTGAAGATCACTCCATGGACTTCCTTAAGACCTTGTGGGGATAGCATTCCGTAGTTGATCATTGCAGCTCCGGACTATACTCGGGACGCAAAGACCATCTGCATAAATCAGGATGACGGTCCGTCATGACAGCTCGTGGCCCACTTTAGGTCTGCCTGATCTAAAGGACTACACTTGTTATTTCTTTATAGCTTCCGGACCAGCCCGATCGACGTCCTGTTTGTTCATGCCTCTAGAGCCCGAGTCATATATCTTAGTATGTGCTTCCGTAGTCAGTCAGACGAACCGGCGGGCTACTATTCGTTCATATACCGAGGACGGATCTTCGTGTGGAAATAACTAGACACGAGGACGGCACGATCAGAAGTTGAAAATTACGCCTACTGTAGGCATAATATAGAACTGTAGACCTCTGGGTCTTAGCAAAACGAGCCTTCCGACAGAGCTCTTTTTGGCATCCGTCGGGACAT,1275,49.1,Mus musculus
SEQ_664178,ATCGTGCTTAAAATCGCAAGATAGAAACTGAATGGGGTTGATCCGAGGGTAGGGAGACCCGGGCATGTCTGGGGAGAGCGCACACCCACTTCTTCAACCGCAGAAGCGTTTGAACTCGACACAGAAACGTAACAATGGGCTTGGAGTTGCCGAGACGGGTACAATTGGAGGGGAGGATGACCGCCCCCGAACAGTCTCCGGCTCCATTTTTCCCCGTTCCATGAGTCCAGATACTGTTCGAGTGGCAACAGCAGTTATGTGGGGTTCTCTGGGACCAAAGAAATACGTAGCTCCAGAAAAGCGATCCGGTGCTGTGGAGCTGGAAGAGAACCTGGATGAAAGCAATTCGTCGTGCGTACCGGTGCGTGATTCTTCCCCACCCTCTATGCCTCCACGCCGTCCAGTTGAGTCTGAACTGCACTATAGCATCGGGATATCCGTTCAGTAATGCTGGCCGGGTCATAAGGGGAGCATAGCAATGGCGCAGACTGGGTGTCAAACTCCGGGTACAAAGATATTGCATATCTTGTTGGGCAGCAAATACAAGTGAGGCTCGTTGCGTGTCCTCGGGGGGGACACAACCTGCATGAGCGGCAAGGATCCCACTTCCTGCGGGGTTGGCTGCTTACTTGTCGCCCTGGACGGAAGTCGGTACGACTAGTAAGTTTATCAAGAGGACCGCATGTATCCAACAAAATTATTTTTATCGGGTGGGCTCTTAGGTAGACTGACGTCTCGATGTCTGTGCTGGATATGATTGGACAGTGCTCATTGGTTCAAGTTAATTAAGTACTAATGTAAG,802,51.75,Homo sapiens
SEQ_423888,ACATGCGTACTAGGCGCTCAGTACGTTGATCACTCCGCACTCCACATATCCAGACTTTTAAAGGCCGAGGAAGTCAATCGGATCTCACTCTCCCTGTGCGGTGCCTCTACTGGGATTGTGCTGTGGCCTCAGTGTAATATACGTCTGTATAGGGAGCTAGTGATCTGCAAGGTCCCATAGAATGAGGCCTAGGGTATCCCTACTACATCCCAAGGAATGGACCTTAGGGTTTCTCGGCAGGTGGGGGTACCTACGATTACTTATATCAATTACCGCTACGACGCTCTCCGGCTGAAGTCCATGGACGCCTTCCTCATTAATTCCTAGCTTCGCGATCTCATGTCAATGTCCCTATTACGGTCGCCTGTGTTATAGGCACCATTCACGTCAAACGACAATACCTCTGGTGGGGCTTAACATGGACACATGGAACGTTCTAGGAGTCTCGCATCGTCTAGTAAGCAGGCAGGAGGCGTAGCGATCCACACCAGTCGTACGGGTTCCCATATGCAAACGTTTCAGATCCGCCCTGGATAGTGCACATATAGTCTGACGTCTGTGCGGTAAGCCAACTGCCTATGATTAACAAAAGAGAGCGAGATAGCTCGCATGGCGGGGGACTGTCTCCGAGGCGGCGGCATGTTTGGTTACTGCCGGCTAAGTATTCGAGTGGCCCGCACCAATGCCGTCGCACCCTGGATGTATCCTCAAGTGATCGCACAATAAGCTACTCGGCCCCTAATAGCGACTGTACCGTTAGAGCGCGTAAGCGTTGGAGATCATCAGAGTTCCCGGTTTGGAGGGGAATCTGCACTGATCAACCTCTTTTATAGTTCAATACCTGCCTAATTTCCCCGAGCTAATCGGCATCGCCTCTGGCCTCGTTAGTGCACCAGCGAATGGCGTAAAGTCTTGGATTTCTCTGGTCTTTGTGCGCCCACTACTGAAATTCGGGTATTTAGAGCCATGCGTGCAGTGTTTAGCGTGATCGTGCCACTCCGCCTGGAGCGGCTATCACGTCGATACGTTAGGATGGGCGCATGACAATCCATTAGATGGTCTAACACAGTGCCGGAGCTTTATCTCGCATAGTGGCTGTCGCTTCCGACCTCCCTGTCGTCGGTCAGGCTCAGGTAAGCTTGTAACGGCGGACATACAATCATCCTTCCATTGTCCTTACGACGTTGCGCGTGGATCTACGAGACGCGGGAATTATCGCGGCAGTCACATAAATACCGGTGTCGACATGTAGCGG,1255,52.27,Arabidopsis thaliana
SEQ_505043,CTGGCGACCCCGTTAGTAGTCGATTAACGTTTGTATTAACCGCGTTGCATGCAGATATAGCTTACGTACAGTGCCCGATATGTCTACTTCCGGCCTTATTTGTGAGAACTTAGCCTGCACACTGAGGCAATTCTACAAATCTAGCAATAAAATAAGCGGCTGAGATACGTTGTCATAGAAGCCGGTACTGTTCATCTAAACCAAACGTCTAGGGCCAAAAAGGATGTAACCTGGTCTCGGTCATGAGGTGTCCCAAGTATGGAGTTTGTCTGTACGCTGCGGTTGGACGTGGGTCGCCCCTAGGGCAAACATTGACTAGTACACTTTCTCTGACTTTACACGCTGCTGGCGAATTACACCTTGGAGCTCCCGCGTACCGTAGATGGCCCAGATGACCCGTCTCGGTGCATCCTAATTGCAGCTTTAGTTATCTGTATGTAACGGATCTATGAATGCCACCCGACTCGAGAAAATTCGGTCAGAGGGGTTAGTGCTGGGTTAAGCTAAGCGTGATGTAGCGACTATATCGAGACACGCTACCACTCCCTGTAGTTCATGTTTCTTCTAGTTTATCACCGAAGAAGACCCAATGATAACTGTATAATGTATTGCATCGAGGGCGCTGAGGACAAGGGGGATTGCGGACGCCGCTGCAATATTCACAAGTGAAATTAGAAACACCGTAGAGTCCGGCATATCTTCCGCTCCATGGACCAGCTTCTCATGCGAGCCTTCGAGGTGCGTGCTTTCAGCGGCGGCGGCGCCATTACCTAACTGTCCACGCT,785,49.43,Drosophila melanogaster
SEQ_773413,GGCAATCGTTGCAAACGAATCTGTCCGCTGGGATCGTCCCCACACGTGCTAGGCGAGATAATTAGATGCGCTCTTACGTGACCATGCAAAGCGTGCACAACCCAGGGGCTGCGGTGGCTTGGGTGGGTAGTGTCTACCACTGGATTGTCAACATGGGGATCTTGGGCGTCTGGGTCAACTTTACTGCCAGAGCCAGGGCCTCCTGCCGGGGCTCGAAACGATCCTGGTAACTGCTCTGTACAAATTCTGAAAGATGTGTTTCCATATGGAAGACCTCACCGACAGACGTGCCTCATATATCGACCAACTTGAAACGACTGGGAATCATAACAGATTGAGGTGGACGGAAGAGAGCGATCTTGTTTGGACAGTAACGAAAATAGTTACGAGGCCAGGAATCCGTAGATGATTAGGTTACCTCGACACACAGCAAGCAAACGTTAGTATAGAGAATGGGCAGCCTCATGTACGGGGCTGAGCGAACTTCTAAGCGAAATATCGACGCGAGTTTTGGAGGTCCTGACCCTCCATAGTAGCGAGAAGGGATAATAAAACTGTTGAATCGATAATACCAGGTTTCAGTTCAGATGGAGCATAGGCGACTAGCGCAACGGAGCAGACCGCTACATTGCACTAGTCAGCTCCTAACCTTCCGAGTAGGCTATACTTTGTGGGCAGGTCAGGGTCAGATGTCGGGAGAGGGGGGCTTCCACATATGGGCGTATTTCAGGTTTG,735,51.02,Saccharomyces cerevisiae
SEQ_185652,ATCCAACATGACTTCTGGACCATCCCTAGATCCGAAACATCGCAATCCACTGTTCTTAGGGATACCCGGGGGTACATCATTAGCCCCAAACTTATTTCGCGAAGTA,106,47.17,Homo sapiens
SEQ_539593,GCCAAGTCAAGGGCTGTGCCTGCTCAACGTACTACGCGTTGTCTCGCCAGAGCATCAGACGTTCGTCCGGGATAATGGTTTATCCTGGAATGCTCTCGCTGCTCTGAAGTTGGTATGACGAAGATTTATGGTCGATCCGTGTTCATTTGAAAGTCTAATACGTTTTATGGGCTGAGTTGCGCACTTTCCGCGAAGATCAGAAGGGTCTAGTGTCGTTGGCAGTTCTCAAGTTGTAGCCAATCCTATTATGTGTCACTCTATTCGGACGGGTCATTAGAAGCTTTTGGCCGAGCGCGGACTGATAGGCGACTGCAGTATCGTTTGAAGTCCTGTGGCAACGATCGTCCGATTGCAAAAACGCAGGGTGGGGCCTGTGAGTGCCGAGGCCAGCTGTACTCGTACCCGATGTCTCATCGCCTCGAGATGCAAACCAGAGAGGATGTTCGGTAGGCTGCCCACTCGCCTGAGAGCCGGTAACTCCGAACTAGCCGTAACCATCGGAGTTTTTGACGTCTGTGCAAAATACCGCACGTTGTTACGTGCGAGCCGTTAACCCATACAAAAGCTGGGAATTTAGAATACCACCGAGTGGTACGAGTATTCCGCCTGTAAATAAAACACGCATGCACTACACTAGGTAATACCGTGCGCCATGGGTCACCCAGTTTGCACCTTCTATACCGATATGTGGCAAAACTGTACAGGGCGTTTGTCGACGTTGCGCGGAGCCATTCTTGGTTGATCTAGACCCGGGCGGCTGGCTTGCCGGCTTATCAGGGCGCTATATTCGTACTATTCACTGCATACTAACTCACTCAACGGCTCCCTCTAACGTAAAGATGGGCGGTAAGAAGACTTGCCGATACAGCCGGACGGTGATATACATGGGTTAGGAGTCTTGATTACTGAGGCTTTACCTCGTTCCCTACTCAATGACTTGCTTCCCTTTCGAATTGGACAGCTTGATTCATTGAAACATATTTCCTTTAAGGTTCCATCGCCCCGTCTTAAATTGTTTTTAGCACTGAAGAGTCGCTACTCTTGACGGCTGATTAATTCCATTCTTAACGGATACAGTCCCCTTTG,1086,49.72,Caenorhabditis elegans
SEQ_704041,GTATGCAGCCTTCATACTCATGATAGGCACCAACTCAAAGGGGGTTTTATAATTGCTCTGAGTCCACTGAGCGATACAAGGGAGGTCCGCACATGGGAGCGACTCTCCGGCGCAAAGATTGAGTGCGCCGATGCAACTATCAGCTCGACTTTCGGCCTCCGCTATATCCATCGTATGAACGTTAAAGCATTCAACACGGCACCGGGCAGACATTGCGAACCATGTATAGGTGCACCTCATTATGGGTGAGGAGGGCTTATTAGGGGTGTACACGCTTCGAACCTGGGATCACGACGCTCCTACTCAGTTTAAATAAATGCATGCCCAGCGCTTACATGCGTTATAAGGTACGTAATGGGTCAGGCTCTTACGTGCGCCCCCGAGCGACAGGCTATAAATGCCGCACGACGACATAGTAGGGCCGTTAGGGCAACCTCACTATTTCAGGCATGCATCCCGAGTACCAGACCCCCGTCTTGCATCAAGTCACCGCGACAATCTCTATGCTCCACAAGCCTGAACCGCGATACAGCCAACACTGGAAAGGACGGCCAGATCCAAGCACACTTGGCCTTGTTTTTCTAGACATGTTGAGATCACATCATAACGAGGAACATTAATATGTAAACACTCGCGCCTATCAAGCTCACCATAACCGCTTTACTCCTACCGAATAGAGACAGGATGTGGCAGTTATTATACCCGATATAAGGCGGCCGACGAACATTGCTC,732,50.68,Mus musculus
SEQ_237859,TTAAGGGCGTTCGTAAAAGCCTCGTCATTACCAAATCGCCCCGCTGGATTTTGACGTTCTAGGAGGATGTATCCTCGGTAGGAAGCTCTGCAGCGCCGCAGGACGCGTAATAACTATAGGTCACCTGGCGCACGAGATCTGTCTTTCTACACTGGTCTTTTGGTAATAAGGACCGTGGCTTACGAACAATGCATGCTAATCGTCATCTGCAATAAGTTAGCGCTGCTTAGCAGAAAGATGGAAGTTGCGACAAAGTTAATTGTGAACTCCGGAATTATAAATGCGTTTCACTGAAAGCACTGCGGTCAGTGCGCACGGGAACTAGTAGTGATTTTCTGCGATATCCCTTATCTACTGTGGAAAGGACTCAGAACGGGCTTTGTACGTTAACTAGGGGATGTCGTCACATTTGTTCTGACCGATTCTGTAGAATTAATTTTAACCAGGTTAATTCCCCGCGGACGCAGTAGGAACGTGATGAGAAGTGAACAATTTCCGCATTATTACGCCTGTGGATTAGGACACGTTGTAAGGTACCAATAATCGTCGCGCCGACCTGGACTTACTCGCCCCGGGGCAAAATACTTGAGTTTAAAACCTAACTGTATTTTTTTCAGAATTACACGTATGGGCTTTGAATTACTTAAACGCTTGAGCAATCGGATACGTCCAATCTACGCTGCTTACTCTTGCACGCATTGACGGCAGAGAGATTAACGATTAGGGTCGGCTGTCGCTCCGCAGTTGACTCACAACGAAGGGGAGTAACGTAACAGACAGGGACCGTTGTTTACAGAGACTTGGCTGTATCTTACTTCCGGCCAACAGCACACCGGGTAGCCGAATCTACTATTAGACGGGCTGCCCGTCCCGAAAATCGAGTGCAGCCATGGTAAATTTCCCGAAGAATAATAGTTCAGAGCAACCCATCCGTGGACAATGCTTGATGTTCTCATACCGGTTTCAATAAGTAGGTTATCCCAGGGAAATGAGTCCCATGGAAATTATAAAGCGCTCACGGTGTGCATTGCATTAATATATGTCGCGTTATCGGTATGTACAACTGGGATGTAGGTGGACACTAAGCTCCCCTAGCGTAGGTTATAAAATATGTCAATTCAACTGTCATCCGTGGCGTTTAACATGGCTCATTGGCAGCATGAAAATTTGGAGCTGTAAAAGCTTGAGATTTGTTTCTAGCGTGAGTCGAAGGTTGGCGACAGCTATCCTCCGTATCTGTGCATGCCTTGAGTTTTTGTTAAGTCGATCATTCGGACTATTGTCCGGGATGAGCCCCCACTGGC,1304,46.47,Saccharomyces cerevisiae
SEQ_612534,AAATCCCGGGCCCCTTTGTAAGGATAGTTCCGCCTGAATTCACATGGTTCTGATTGTCGCCAGTTCAGAAGCACCAGTACCTCATGACTCGGCCGTTTCCTGTTATTATAACTCTGTGTAGATCCTGGGGAACGATCACGACGCCGCGTTATCCCTTACTTACCGTTCAGGCGACGGCCACACGGAGGTCAAGATCGTTGGATCACGAACACTGACGCGGATCAATTAACGAATGTGATTCCCAACAAATAATCCCTTCAACGTAACTCACGACGGGCCGGAATCGAATCGTACCGTGCCTGGCATTTCAGGAAATGCTATTTCGTCCACGGTCACACCCGGCGAACGGCGGACTCGTTACCTGGTCCCTTCCTCTGGATGCTAATGACGTCAAGTGTATCATCGGGGGGAGAGGTCCGAGTTAGTGCTTTTACGCACATAAGAAAGAAATGTGGAAATGGGTAGTTCGCAACCACTTTCTCTAACTCGGTGTCGCGAACTTTTGTAGTTGGCGGCTGACAGAGGACAGAACAAGCGGTTCTCAGCCGTGCAGTATATAGGCGACTCGTTAAGGTCCCAAGTTTCGAGCGGTGTAACAGTGTACTGTCTCATTTCCGGTTGGTTCATTGACACTTGGGATAGCTAATGGAAAGAGTGGTGCAGTTACCTTGAAATGATTGAGTAGAGTACTGTTCCTTCGTTATCGAACACGACGGACTTCACACGCCCTTAAAACACGATAACCCTCAGATGTAGAGCCTTACCGGGCAGGTGGATGGTGCTCCTCAAATGCAGTCAAGTTAAGATCCGAGGTAGTACTCTGAGTACGCGCCTCCCCGAGCGCCGCTTTTGGACAATCAATATTTTCTCGAGCGATAGCAAGACCAGGTCTATAACCCTAGCTTTCGTTAAGGATCTCCGTTTAAAACCTCCGATAGCTAAAAGATTGTCGTTACATTAATATTTATTGCTCCAAGAGGCGGTCACTTAGAACAGCTAGACATCAGGATCAATGAAAATACCCCGGGTTCAGGGAGTGTTGCGGTTATATGTTCACACTGCTGAAATGCCTAGTAAGAGGCACCTAGCTAGCCAGGTGCCGCCCATAGCGATGAAGTCCTAGATAAATGGCATCGAGATGGAGTTGGACTTGGAAGATAGACCGAAAGTAATATGGGAGTAATCAGGACCGTCAATCCGTCAAGCGCTGGAATTGTAAAGTGTGGAGGGGTGCGACCCTGAGATGCCCCTGCCAGCATTTGTTTAAAGACCGTAATCTTATATAGCAGCCCGTCGTAGCGGACGATACTGCTAATGCAATCATTTCGAAACCAATCAAGGTGTCGTGGTGAGGAAAGTCTTGATCGACCTAGAAAGCTCGTTTAGAAGAGTAGGTATCTACATGACAGGAGCGCTCTGCTTTAAACGGTCACCTGATATCCACGAGCTTGTCGGGCAACGCCAACCTGAGTATGGGGCAAGCGTTAGACCTACGGCATCCACGTTCCATCACCCACGCTATTTATGGAATCAGCTGAAAGTACTTAACTGGGCTTATGAACGCCATGAGGAAGACGCCGATGGGCGCTTGAGTTCTTCTTATGATGCACAACTGTTTGTTATCTCGTTTGACACCCTTATATAATAGTAACAGTGGTACAAAAGGGACCGAGAGGCTTTCGCTGACTGACTCTGAAAGGATAGCCTGGGCCCATCAGGCTGCAAGTCCGTATTTACTATATAATTAGATTCAGGCACTCCTAGAATGGTTTTCAGGGGGTCGATACTTTCCACGTCTGGGGCCAATATTCCCAGGGCTCAGGCGTGGAGTTCTCTGGGGATGTTATCATCTGCTCGAACCTCGCATTCATTCGTCCCCCGTGGGATCTAAAACGCTTTACGTCCGCCGTGGT,1913,48.88,Arabidopsis thaliana
SEQ_109950,TGCAAGACCTTAAAAGGACTGTTGCCTTAACACATGTTTGTCCCGACTGACGCCCCGTAACTCGACAGTGGAGCTGGCCATCATGCGTCCTCCCACAATCCAACGAGCTCACCCTGCATCTCGAGTCCCCTCTGTTGGCCATGGCTGTACTGAGGTAGAGCCAGAGTTTGGGTACTGTTTGTTAAACCTAAGTGACGTCATCCGACCTCATGGCTGATGACTACTACTCCAGCGGAGGGTACCCACGGCACGCGGGAAGGAAATGACGAGTACAGGCCGGACTCAGGGGTTAGAGATTCGGCTGAACGTCGGATAGTGGCAAAAATTGTTTCATATTCCAATTCAAGGTGTCGAATCCTCCTCTCATCCAATCCACTACTCCTAAGGCACAAGCGACCCTGTCAAGGCGGCATATCGTTCATAGAAGGTCGCGTCGAAGGGAAATGGCTGA,451,52.55,Saccharomyces cerevisiae
SEQ_372874,TCAGCTGCGCTGGGAGAACTGGTACGTGAGCATCCCTGCTTGACTTTCCACTCAACAACCAAGGCAACCGACCGTTCCCTTAATGATTTGATATCTGCTAACACTTTAAAATCACCCATCGAGTTGTGCCGTTGCGTGTGGATTATGGGAAATGTTTGCAGACTCTCATTGTTAGGAGATGAAGAGGACAAAGTATCTACGCGGTGTAGGGTCGGTCTTGAGAAGATGACACCCACCGGGATTACGTCTTGGACATGCAACGCTTACCCCCACAGAAAGACACCTACTAACTATGAAATGACTCTAAGGCTGGAAGGTCTACGTGGTCAGGAGTCCAATGGTTCTTGTTGCCGTGATCAGTAACGCTATGCAGATACTCTACTCCCCTTACTTCCCTTTTTGGTAGTGCTTCGGCCTACAGGTACTTGATTTCTCATGCTGGCCCATCTCACAGACTGAGCTGTTGTCTAGATAAGAATTCTTGATCAGTAAGTACCGTGCGCCACTCTAGAACAAGTTTCGAGATCGGGCTACATATTCGCAATTCGCACATCTCGCGGGAGTACATACGACCCACTTATTGGTTGATCAATCTCAGTCCGAGAGTGCAACGGGAATCAAGAATCAGACGAAGTAAATAGTACCTGGTTTTCTATTAACGTTCTGTTACACCATAGCTCACAACAAATATGGATGTAGATGATCCAAATGAGTCGTGCGAGAACTTATACTTGTTACACTTCGCTTCCTAAGCAGTTCATCCAATCACTAGGTTTACTTGGAATCAATTCTGGCCTCCGGGAACCATCCACGTCAGCAGGATTCCAGTGTCAATAACTTACAGCTTAATTGTTTGATACCTTACAATATTAAGGCGTAAACGTGTGTTGCTCAGCCTCCGCTAGACTACCTCTGCTATTCCACCTAGGATGACTGGGCTTGAGGCCTCGCGTACGGAGACCAATCTGCTAATTAGACTGGTTAGATCCGAACCTGTCACAGGTGACGGTAAAGTAACCGAAACTAGGTTTCCCAACTGTGCGCCCTAGGTTTGCAAGAAGTATTGGTCATCGTCTCCCGAATTGCTGATTGGTGCTCGTGTCGTTGGTTCTTATTTTAGAAGCCGTCTAGACCGCTTGGCGACTATCTCCTCTTCACTTAACTTGTACGCGTTTTTCGTCATGGTCCCTTTTACTCCGCCTGGGGGCCCCCTCGGGCGCCTTGTTAAGTGAGAGGGAAAGCCCTCCTACCCTTATACGCTCTTTCAAAAGTGCCAATGTTGGTAGACATTTGTGGCGACCACACACACGGTCGTCGCTAGCGCGGTCGTGTATTGTGCATGAAAGCAACTACGACAGACTACCCCCATAACAATTCTTCGACCAC,1386,47.47,Drosophila melanogaster
SEQ_691296,ACCAATTTAGGACCCTGCTACTTTTGAACTATCGCCCGAGACCATACTTCCTACGTGGCACTTAGAGGTTTGCAAGCACCCCCTTTTAACACCTCTTCCCCAATCCCCGCTGTGGGGCCTCCGCGGGGCAACTGGTGCTTCGCTGTGCCATCCGGCGAACCGTTGGAAGACTCAGGCGTTGGACCTGTCCCAGGCTACTGCGCTAAG,207,57.49,Drosophila melanogaster
SEQ_920319,TCATGCCTGTTTTCGGTACTATACCATCGAGCGATTTGAGTACTCGTGTCAGAACACCCCGCAGTCAAGAGCCCGGCATCGTCACGATGACTACCCCAGCATGAGAGGCAAACGGTTTGCCTCAAGGTCGCCACCAGTTTGGCCCACCGTTCTTCACGGGCCTCTCACAGGGGCACAAACGCACGACCGTAGCATCGGTGAAATACACCCACACACCAGCATTGGGAAAGTGTTACCCTCTCCGTGCGAAGTCTCCCTAAACGAAGTGAGATTTCAATGCTTAAAGTATCCAAGGTCAGCTAGAGGGCGTGTGCATTGCGTGGCATTGACATTAAATTAGAGCTCCCGCAAATAGGTCTAACCGACCGTCTACGCGGCAATGTGCCAGTTCCCTTCCAGATTAGACTTAGCGGAACCCGAATGCATCGCCGCTTAGTAGTCCCGCACACGACATGAAAGATTAGCACGCGGACGTGGGTCCACAAGGTCAACCACTTTGTTGAGGACTCCGGATCTCTGGAAGCCGATCCATGATAGGAGGATCATTTCCATTAGTATAGGGGAGTACCTGTTAAAGCGTTTCATTACCTCCTTGTTTGACCGCTGTTAGATCCCTGTTTCTGTCGTGCCTTTAAATGGAGACTACCACCCCTCAAAGTAACTTCGCCACGTTTTTTTAGGGTCCCAGCAGGTCGTAGACAGAACTTCAACCTGCGTTCCGCGTGCCTCCAGAACGGTCCTTAATCATAGGAACTCGCGCGCTGTTAACTCTAAGCAATGAATCTAGATTTTAGTGTAAACGAACCACTAGCGCTTTCCGCACCTGTAGGTCGCAATGGTAGTAAACTATGTTTCGAGCCGGGCCTAGCTTCCCGAGCACTTCTGAATTTGACGCGCATTCACTGAGGTTACCATTGCTACATTGTGAGGGCGCATTGCTCTACCAGCGAACCTCAGATCACCCTGGGGCCTGTAGTTTGTGTCAGAGTGAGTATCAAGCGGGTCTACCAGAGGTTACTTACGGCAGTCGAAAAGGAGGGGAGGGCACACTGAGGGTCATACGAGGCTATAGATCTTGGACTAATGGTGCCAGACGTCATCTCTTTTGGTTTTGCCGCCTCGATGACATGTGCACCAGGTACGGTTCATGTAAGCTTTGCTAGTCTGGAATTACTATAGGACGTCTCTGGTGATCCAACCTAACTGCGGCATATTACTATGCTAAGATAACCGGACTTTCCAGCCCTAGGGGTCGGTTTATCCGTGCGTAGAAAATGAGTGTGTGTTGAAGATTGCGATTACACTAGAACGTCACTACAGGGAGCTGGCCCACCCGGGAAACGTCCGGGGTTGGGTCACGCTAAACAAACCAAGAAAAATTTGAGATCGCACATGAGGTTTACGCTTTTTTGCCCCTTCCATAAGAGATGTTCGGCGGAAAATGCCAGAAATGCATTGGTAATTCTAAACTGACGAACGTTCGAGCCGAATCCACTCCGCGCAAAACCTTCACTAAAACAGACCCATGATATCTTGCACATCCGTAGCAGATGACATCCCCTTAACAACTCCATATCTACTTATCCTCTCAAACTGATCGTGGATTAATTACATGTACATTAAATTTTACCTGTTTTTTGACGTCAACGATCAAAAATGTTCTGTTCGAGCGACGAGACGACGCTTCGATATGACTTCTAGCGGATGTTCCCGTCACACGAATTACCCCCAGACGCTATGATTTCATTGCGAATTTTCTCGCCTCGGCATCAGGATGGTGCGATCGTCTTCTCAGTCTCTCGACTTCTGACCGGGATCGCTCTAGAAGGTACGT,1834,49.29,Mus musculus
SEQ_702775,ACACTGTTAGCGTGATGAGTGAGCAACATCTCCTGCCGTAATAAGCTTGAAACAAACTATAGTTACTCTCTGACAATCGCCTGCAGCATAGGCACTTCATGGAGTATCCCGAATTCGTTATGTAACGTAAGTAAGCAATATACCGACGAAATTCTGCCCCTTTGCACCTGGCGACGCTACGAGAATAAGTGGCTTGCCACATGGCCAATGCATTGGATATGAGTCAAGATCAGCGTATTATAAATAGCCCCACACAAAACTCCAAGGAACGTTCAGATCGCTTTGACGTGCTGCTCCCCCTCCTGGTTGACCTCAATGGAACGCAACACTAGCTTCTCGACAGGATCGATCATGTGCCATTAGAGCTGACGGGGACGCACCTTGCGTAGCATTTTATCAGATCATGGAGTTCTCGTTGGCGTATTAAGGATCGCATACTCCACCGACCAGAAATTACGCATAGCTTTCGGAAATTCCAGCTAGATTGTACAACGCAATCCAAGAGATCAGCCTCAATGTATTTTTCTGTTGGTTGGTTTGAGTGCGAGAAATCTTATGAAAGTCTGTTCTGCCGATTTTAGACGAGGCACGTGCATGTACATGTCCATCCTGGAGAATCGGAGGCTGCCGCAATCAATCGGTTTTGGGCCACATGCTTATAAAACTGTGGCTAGGACGCCAATTCCCACGGTCACCAACATTTGTGGCAACTTCTCAAATTATTCCACATGCCGTCCTTGAAAGGATGGAAGGAACCAGGGTCCACGACTTCTGTTGGGCTAGAGCAGCCGGATGGACGATATAACCGTATAACGACCAACATCGTATTAAGCTATGGTACTTACCAGGACGCCGGCTCAAGCTGGGATGTTATCAGGACTGCCGTCCCTAGTTGATCTATAACGCGGATTCACGAATGTGTATGAAGCCTAGTGTTGTCGGGTTGGTGTAGGCCCGTTCCAATAGCTGGAAGCGCTCACATTTTTATAGTCGATATCGGCTCGACGCTCTGCTTAAAGACACTGCTGTTATGCATGGTGACTATATTGCGGACACACAAGAGTTAGCTCTCGTAGTTCTCATAACGTTTATGGGATAAGGACATGCTAGTGCCAGTAGTTGATCGGACGTTGAAGGTTAGTACATTGGCCGTTTTAGCCATTGGCAATTAGCAGTAGACATCCCGATCGCATGCTGGATGTAGCTTTTTCTAGGATTGGAGTCAATGATCACAACGAGGAAGTTTACTATTCGTTGCCAGGTCGATATGCTTGCGCCCTCACCGGTGTCTAACCTTTACCTCGCGCTGGAACGCACTACACAATTACCGCCGTAGAGCGTTAGAGTGTGCTTCTAAATCGACCAAAACGGTGGCCCAGCATCTTGCGTAGGGTCGAT,1398,47.64,Homo sapiens
SEQ_619182,TCCACGATACCACAAGTTCAGCGCAAATCCGTCTATCATCCTAACTATTGCGACTGGCAGCTTTAGCTTCGGGGCGTTAGTGAATAGTCAATCAAAAGTGTTAGTAGCAAGTCCGCTACTGCGAGAACACTTTGATAATCGCTCTCGCGTCGTCCGATTGGGTATGGGTCATAGATTACTTAGTTAGCTGC,191,46.6,Arabidopsis thaliana
SEQ_289303,CCAGGGGGTATTCTCGCATTACCTGAGTGTGAGCTTTAAGGAAAGGGTACTATTTAGTAAACTCTGGAGAACTACTACTTGAATCCTCGAGCAAAAAGGATCCCCATAAATTTTCAGATGAAGCTCAAATGGCTACGAGACTTTAACTTTAATCCCATGTCCAACTTTTGGCCGTTAGATGGTGAGCCTCTTTCCCGAATCCAAGTCATTCTTCTGACGAACATAAGTCTTCCTCCTCAGCTGACCCGTCCCTTATTGCGTACACGCTGATGCCGGGCAGTCTGTAAACTTTGTTGTTGAATGCGGAGTCTTCCTAATTGTGATATCCGCTCATCCTGCAACTGATGCTACGTGAGGTTGCTTTCTGATCGTTTCTCAGCGTCGTAATGGCACTACTAAGCGCTTCTGTCCTACGCCTATGCTGGGCTGTCGACCCTCGCCATTAAGTGTAACACTGAGAAGATTAACTTGTTGAAACTCAAGGCGAGTCCCGTTACTTAAGACCGGACGAATGCAACCCCGTACCTCAAGTGAGGAAACTTTCAGAAGAACGCATCGCACCGGGTGTCAATTTCTTTTTAGTTCATGAAGCGTGCCTTGCACCTTTGGACCACCCCCGACTGTGTTCCGTTTATTTGTTAAAGACTGGCAGACTTTCTATCAACAGATCTCCACGGCTAACCATTTAGGCTGCGATTTCACTAACGACCCACATGTTGAATGAGTTATAGGAGTTCTCGTCGGTCCTATGACGACACAACCCGTCGTAACGACACCGATAACCGGCCGTAGGGTTCCGATAATGAACACGGAGCTACCTCAAGTATCAACCTCTAACACGGAAGTTTATGAAGAGGTCTGAACCTTGCTAGGCAGACATTGGCGCTTCCTTGCCAGCCAATACCGCATAGAACTGAAATCTTCGAGCTGTTGTGGTGTCCCGTACTATGCAGCTCAACCATTGCCAAGCGTACTTTGGGGGTAGAGTTTGAGATTATCTGACATTCTTATGTATTCTTACTAACCCTTATAGGAGGTCAGCCCACTACCTTGTGGAGAGCTCACGTACGGAAAGGATTATTGAATTCCTGGAGGGTGTCAGATAACTACATAAATGGCTGTACGAGGAGTACACTCTTAACTACCAATGTCCCGGTTCAGTGATTTTGTATGGAGGGAGTCGTTAATCATAGCGCCTTGACCACGCCAACGCAATCTCAGCACGCTGACTCCTTAGGCGCAGCAAGTAGATGAAACAGACGTGCGATTCATTTCGTCGCTAATAGACAACAGTGCCACGACGATTGCCAGGTGGCCAACTCCTTATGTAGGAGCGCCAAGCAGTTCCTTCGATTGGCCTGTGTATGTAGAAACGTACAGGCATTGAGTCCAAAGGGTAGGAGACCTTACCCACTAATTACCAGCCACGGTGTCGTGGAAGAATCGTCGCTCATTCTAGGCGGCAGATTCTCCCGAGTGTAGTGCCCACAATCGCCTGCTGCTGCCCTCAAAATCTGGTCAGCGAGATGAGCCAGCTATCGTCTGGGGGGTGGCTCCTCGCATGTCCCCTAGCGCGGTCCATCGATGCTCCTGCACGGCTTTCTTGGCCACAGAACGCCGTGGTCTATGCACACGTCATTTCGAGCATGACCTAGGAAGGGGCGCTTTAAAGTTAATTACCGTAGTGTGCCTCGAAATCAAAACATTTCGCGATGTTGCACATGTTACTTTCTTATAAAGTTAGTGGCAGATGTTCGAATTCGCCTTGTACTCTTATAGTTCTCTTACGGACACAGGATCCGGTTGGAAGCCTCTAACACAGTGGGTTAAATGAGAATGTTCGCCACCTCACCTACGCTCTAAAGACCCCTGGCGCGGCCCAAGGTTACGAGAGATTTCTCTAAACAACGCGTCCTAGATCCTTAGGAAGCGATCTGAGACGTGTAGCCGCCTATGTATTCGGTAGAGGAACCTTGTGGCTACTGCATTCAG,1992,48.59,Drosophila melanogaster
SEQ_474691,TGAAACTCCATAAGCAGCGGACCTCTGTAGACATTGAATGGAGGTAAGAAGACCCAACGGCAATTGCGGCTTCTCTCGACAGTCCCTTCCACCTATCCTTGTACGCAAATCACAAGGTAGCAAATCACGTCCGAGATCAGAGGTTTACATGACATGTTCCGTCGGTGTACTCGCTGGCCTATGCGATGTCGGTGTCCGGGGGCGCTGTGCCCTTATCTAGAGCTATAT,228,51.32,Homo sapiens
SEQ_237303,ACCAGACAACCTTCGCCAGACCCTTCGGCGTCCGTTCAGCCCTATACACAAATTTAGTGACTCTAACGAATCTATGCGAATCATACGACCGCACTACGTTAAGTACCCGTAGAATGCCGCTTTCCTGCCGTTAGGACATCTATCTGCGGGGCCGTTGTTGTGACGTTACAAACGGAAGATAAGACTCGTTTTAAGGGATGCGTATGGCCTCTTGTTAGGAAGGATGGCCGGCACACGTAAAGTAGCCACGCGTTAATAGGACCAATATAACGTAATCCCACACCATAAAGGCAGCAGACTTAGCGTGAGTTAATTAACCGGTCGAGACGGTCGAGTACCATCACGCTTTTATAAACACTTGGCGAATACAAAAGGGAATAGATGCGAGCGTCCTCTGCAATTAACACCCATTGCTCCTGTTATCCCGCCCTTAAAGCTCCGTCCCTGGCAAAGACACCGGCTATTATGTGGATACACGATACATCGAAGACTCTCAACCGTAGGACGGCCTCGTTTATAGACAGACCATGTTTGGACGTTACGATACTTGCTCAGTCGATGGCGCGGCCCTCCTTGATATGTTGCGATAAAAGTCCTCGCTCGACTAGCTTTTAAGACGAGTCGTGGTGGACGTAATGCTGTAGAAGGCAAGACATCCCCAGTCGGAGTAATCTCTGTTGGAAAGTGCATGTTGTGGTCCTAGAAGGCGCCGGGGAAGATATCACAAATACCGGTCTTATACTTGTCTATTCACTCACAATAAGACCTGCTGATTCAAAGTCCGAGCCTTTTTGGCAGATTCTCATTCAGCGAAATTCCTTGCGGAAAGATCACGGCAAATCGGATCAGGGACGACATCGGGCCATCGTGGGGGTTGCTACACTATATTCCGGATATTGTGCTTGTTTCGCAAACCAACGAGTACTTGGCTATCCACAGCAGATGCCAGCGTGTTACCTGTCTCAGACGTACTGGCCTGTATAATACTTTGTCGGCATCTAGATCATTATGACCAGAGGATATAATAGTTGAACGATCTAGAACCTGCATGCCACTCCAAGGCCGCACAGCAGAAAGGAATGCGATAGTAATATAGGCCGAAGCAATAATAGTATACTTTATCGCTGGCATATCGCCTTGATTTGTTTCAACTATAACTGCACATCCTAGTGTTCCATTGCCGAACCCGGAGAGAAGCGGCTTAACCGACTCCGAAACCCCATAAAAACCCCAATAAGACGCATAGTCAGGTTAATGACAGAGCTAAATTACCGAGTTGTCTGACTGCGCCTATACATACAGGACTGTCTAGAGTGTCTTGTGCATTTGATTTAGTCCCTAGGCATATTAGCGCTAGTCTACACTTGGCTAGGAACTCAGTTGACAAAGGTACCTCGCCATTAAATCTACGACTTGAGATATCGGCCATCGCCCGTACCAACGGCCCATAGTTAAACTCTACATGGTACAGATGTTGCACTGCGTAAGCGCACTGCCTGAGTACATGGGGGCTGCCGAAGTTAATCGGAGATGAAGAAAATGCGGCCCGTAGCGGACGAGCCTACTATGTGCCTCATTACTGTGGATTTTTTCCAGGCTACAAAGGCCCATGCACGTTTAGGAATCGAAAAAGCACACTGGTGTTGATTGAACAGCTAAAGATGGACTGTCACCGGCGTTAGAATCAGATCTCACGGGGGAGCAAAAAGTCCTTTCTAG,1719,47.7,Arabidopsis thaliana
SEQ_238879,CGTGGTTCGAGTATCTAACCCGGAATTATTGAGAAGACGTGATGTATTGTCAACTCCTAACCCCTGAGTTTCTCCTAACGTCTTACAGAACAAGAGCCCGCAAGCGTCCCATAGGGAACGGATATCGAAGCTGTCATTTAGTCCATTCAAATGTCAACATGTCAGGGTGAGTTAGCAGAAACGGGCGAACCACGATCGGTCGTGTAACGAGTATTGCTTACCGTACGACCATATGCGATCACTTCAGAGTTCTCACCCCGCAGTTTAGCACGATTATAGGCTGGCGCGTACTATCGAATAGCTCGCTGGAGGGATTGCAGTGGTAGCGAAGGTGACACGCTTTGTAAGGTTACAAATCATAAATCCATATTCCGATAGAGGCACCTCACAGGAGGTACTGCCAGGATTGGCGAATCTCATCCCACTCTCAAAGGTGTGTCTGCGCTGTTTGTGGATGGTCTAGGTCGGTAAGATAGACCGAGAGAGCAGCGTCCACAGAGGGTGGTTGAGATTGACGCCTCATGAAGTCCTCTAATTTGCCTACTCCATCGTTGATATTTATTGCCAAGGGTTAGAGGGACATGCAATTCACCCCACATCTGGATTGAGTAAATCATGAAGTCACAGAGCCGACCAGGCACAGTACTCTCACGGACCTACGGATGGGCTGTTTTGGGCTCTTACCCATGACGCAACCGGCGACAGGATAGCAGTGGATAATTACTTCTAGCTCTATTTTTGGTCATCGGACTAGATCGGGCAACCCTGAAACAAACCTGCCCCTCGCGCACTGGAGGTGACCCGAGCTCCAGGGGTCGACCATCGGCAGCTCGTGACTGGACGTCCTTATCTGTACGTATTACTGACAGAGGAGGCACACCAACCTTTCGAAGCCATCGCTCGACGTGTCGTTTGGGCCCGATAGTACCAGCCGCGACCGTGTGTCTGCCTCAGCATCGGGTGACCATGGCCCCTTTCCCAAACTGGCTTCCTCCACAAAGCCGAGTGGTTTTTATTAAATAGCTCTATAGTATTAAGGGGACCCCGCGCAGAGATAATCTTGTGGATTCTCATGCGTATGTGCACATTTGAGACAC,1097,50.68,Homo sapiens
SEQ_245993,CAACTCTACCTTCCTATGATAGTCGTTACGGAAAGGTAGCACGCACTTGTTGGGGTTGTTTCATTTTTTTCTTATAGTCATTTGCGCTGCTTTTGTGCTAGTACATCTCGTGGTCATATCTCAAACGAAAAAAGTCCGGTAACCTTCAGCCTCGCTAAAAAAGCCCTGGCGCATACAAGCATATGCTACTTTGCCGCCCGAACGTCATGGATGAGACGTTGCGCCTGAAGGTCCTTATCCTACGCAGGGAAGTCAAGAAATCTTGTTCGAAATGTAGTGTCAAACTCTTTTGACCCTGAGAATGGTTCAGTTGAAACGACGACAAATGTCTCAAGCTAGGGATGGCTTCTTCAGGTCGATGCAAGATCGGCAAAGAGCCAAGTGTGTTGAAACACCCTAAGGCAAACCCAACTTGTCAATGCCACACGGCGGGAGTTCGCTTTGGAAATGTGGACTTGATTCACATCCCAACGTGAAACATTCTCAGTGCACAAAAAACAATGAATGCTTCAACGCGGCTGACGACTACCTATTATAGCCCGTCGGACGGACACTTCACGTACGAAACTTGTTTACACGCACGTGGGGCCCAATTAATCCACTTTGTGAATAATCGGGTCCAGGGACTCGCATTCACGTGTTCAGCCGTCCAGCTCATAATGATCATGAACAAACTCGGTGAAGAATATGAATAATTTCTTCATACCGCTCCTCTAA,717,46.03,Caenorhabditis elegans
SEQ_699147,TAGTGTCTTGATAAAAGTCCATATGCTTAAGTAAAGAGCGAAATATATTACATACGACGATATACTTTCTGGGAAACTTTCCCCTAGCCAGGGTTAGGGCTCTTCCGAAAAATAGTATCCCATTTTTGGTGACGTTAACAACTATGGGCGATGCCAGGATGCGGACGTCTACCCTCTACTTTTCCTTATTTGGGTATTACATAGGCTACACCCTAATATACAAGGTCGGTATGGTGGAGCATTTTGCCTATTGGATAAAACGTCTTGAAGACCAAGAACACCTTAAAACTAGTCCGGATCAGCCTCGCGCCAAGTACCACCGTGTTGCACATTACGCCAGCGCATCAGCATAATACCAACTTTTCGGCGAACTCCGTATTCGTCCCGATCGGAAGGGTGCGTCGCGGACAGTATGTATACGCGTTGAGGTCGAATCCACAAACAACACCTAATCCATACTTTCAGGAACCAGTACGCTTAGAGCCTT,487,45.38,Escherichia coli
SEQ_150485,CCGGTAATGGTACACTGTGGAACCTGAAGAAACGATTCGGGTAAGTAGTCGTTTATTAGACTATTAGGCATCCATTGACTTGACCCCACTCGTGCTGATCGCCTGCACATAAAATGCCCAGGGGTTGGAAGGGCGGTGAAACTAACTAATGAACCACCGGATTCCTGCGAACCCAAGCCATATATTAGAAAATGAGTAGCGCTGCTGCCAGGGGGGTTTTCGATTGAAGGGCTCTCAAACCCCTTATACCCCATGATCTAGACTCAGAGTACATAGGATGAGTAGGTTAATACTCTCTATCGTAATTACGAATTCAATACAAATTCATATCGGGCACACTACGGACCGTTTTCTGCCAGATAGGACGACACGTACATCCTACTAGGCGACTTCTCGGAGTCATACTTTTTCAAATAAGTCAAGAATTATCTTAAATACGCAATCCAATTTGTCCGCTATACAT,463,44.28,Drosophila melanogaster
SEQ_768917,TCCCGTAATTTCTTGCAATAAATTTCGACATACTGTGTGTAGGGATTTGGCCGTTAGAACGGCGCCTCCACGGGTCAACACTAGCGGAATCCCTCGCCTTCTCGCCCGCCGTAAACTATTAAGGAGTAACACGACTCCCTTTGGAACTCGCAATCTTC,158,50.0,Arabidopsis thaliana
SEQ_945071,TCCCTATGTGGTTGGGTCTGCACTCGTCACGTGCCCGGACAGTCTGTTCATGAGTCACAATTGGGTAGCTATGCGAAGCATACGTAAAACGGTCTTCACAAACCGACAGATGTGTCCGCTATTGTTCAGCGTCACATTTTCAGCGTTACTATGTAAGTGACGCCTAATCTGGTGGCCACTACTGACCATACCGACACCAAGTCCGAATAGAATGGACGTAGTCCGACTCGAGAGGGCTGGTTTACCGTTAACATTTAGGGGGCTAATCTGTATCCCCAATCACCGCAGGACTTACTGCGAAGTGCACCCAGATAAGATCTGATCGGAGTCCGGGTATACGGCGGTCCTCCTTGAACTGGGGGAAGGGGTACTAATTAAACAGTGGGCCAGCCCTCCAACGATCTATCCTCCAACTATATGCGGGCGAGCGAAACCTATGATTGGATTTCGGACGTTCCCTAGGACCCGGCTGTACTTTCAAAGTAGCCCTTCGAGCGCTGAGACTGCAACTAAGATGGAGAATACTTTCGAGTCAAGTACCCGATGAGTTCCCTAAAATTTAGTAGATATGACTCCTGTGTGCTCTCTAAAAATCAAGTGCGTGTAACAGATATATTTACTCATAGCCCGATTCCTATTCATACACTTATACTATCGATCCATTCGCCGAACTCCGGATACGACAAAAATGAATGTCCTAAGAAAGATAAAGGTTGCGATCATTTCGTTTCCGCACACGGGTCGAACACTGCTTGTACAGACCTGACAAGGGTCGGATTTGATTCCGTATTTC,793,47.79,Escherichia coli
SEQ_290432,AAATCTTACGACTAGGGTCACGCATGTGTGAAATATCCGTTGCGCGAAGTACTCGAAGATTGCTGCGGTAATCTTAGTCGGGGTGTGGGTTTGTCATGCCAAGCGAGGAGCTTATCGAGAATTCAGGTCAATGACTTAGAATCTCCCACAGACCGGTTACGCGAGTGCCGAGTGTGTTAAAGCCGACGAATCGTGCTTGGCGGGAGCGTCGTCTGTTGATTTCAACTCTACCCCACCTTTCCTTAATGCTGCACCCATGGTACGTGCCCAGACAACGGATTTCGTTTGGGATCTCTACTGCACGGACTTATGGGGCCACTTGATTTGCTGGTTAAGCGAAGCTGCATCATAACGGCAAAATAGATGGCCACCTGCGACTCGGCTGGCCCAAACTATTTGGAGAACCGACTTTATGGGACCTGGGTATCGTTGAACTACTGAAACTGCGACCGCTCGTATGGTTCCAGGAAATACTGTGCGGAGGCGGTATTCTGCATAGCTAAAATTAGGTTCACATCCCGTTGTTCACCTTCGAACGCACCAGTGCTCCGCCCACCGACCCCGAGCCGTTAAGTTTCTCCGACTGCACAGCCACTCGAGACTGCATGGCGCGGGGATACTAAACCATCCATTCTAAAGCCGCCCGTAACGGTCCTAAAAGCCGTAAGGGGCATAGTTCCAGACAAAGTTCGGCTATGAAGCCGCAGCGCGTAGTTAGATTCATTTGATTCCGATCAACGGGACGCATCTGAGGGATACATCTGGTCTCTTTCTTGACTGTTCTTACCTCACAACTAGGCACTCATCATGCCGTGGGGATCCACTTGAGTCACAGGTTAGCTTCTCGTAGGGGTTGCGTTATCTTGGAGGGCCGAGGGATCGGTCGTCCTGCCACAAACTCCCGCTCCACTGTGCTCAAACTTTTTAGGCTTAATGAATCCCCCTCAACCCCCAAATGCGAGGCATACCTGGCCGCCTGTGTACTGAATCCTGATCGCAGGTCGCCGCACCGACCGACAAACCTACAGAGCTGATTCAATCCATGTTATCGAATACGCGGCGCAGTGTGGAACAAGGTGCGGTTTAGATCATATTCCGATAGCCAACTTACTTTCTAGCTAGTGGACTGATTATCGTCTCAACTCCCCGGAATGGACAACGGTACACAACCGTGTCCGACAGAGGAACTTTATTCACCAGAATGATGGAGTGGGTAGGAAAAGTTCTGTCCTTGCTACCATGGTCTTAGTGCAGTTCGCGTGGATGGTAGTCGGGGTCTTTGTACCCCCACGCCTGTCCTCGTATATGGGCGGCCACAAGTCAAGCTGAGCTGCGCAAAGAAGTGAGACGTGACGCGAGCAACGGTACGTTTTGCGCGTTATCTTCACTGTCACTGCGCCTTTAAGTCGAACTAAGCAAAGTACTGGAACCACGCTTCCAGGCGATAGTTCTATCGTCTAAGGAGGAACCTCAACACTTTACATAGGAGGAGATTGGCCATCGGACGTAGATGCAGTTCCAAACTTGAACCGGC,1534,51.63,Caenorhabditis elegans
SEQ_608136,GCAGGGAAGTAAACGCAGCCCTCACGATACTTGTTCGAATCGAGCCGACTTAATGGACTCGTTGTCGCACCAGTATACAGCATGGATCTTAAGTAGGAACCCAATCGGATGTTGACTCCTGCAACACGGAACCCAGCAGCGTACTTGGATTCGGTCACATGTCTGTCTGGCCTCTCCAAGAGAGTACCTTTTTTGGTCTTACCAGTACGGCCGGAGCACAATTTGCCCAGAGTGTGTGTATCCATGGACAGTCCTCGCCGAGGGGGTGTGCGGATGGCCTTCGCGATCGAACTCCGACCGCGCCCAATCCATGTGGACCTAGGAACTGCGTGTCTCAACACCGTTGCGCTAGGCATCGACTGGGACCCCGCACGCGGATGTACGTTGACAGGCATTCGGCCTTATTCACCTAGGTTGTACCAAAACACTGGCGAAATCACCCATAAGTCTCCTTCTCGACTTATGTATATCGCTCTGTTATGTAACAGGTCCCCATGTTTCCTACAGGTCCGCCGAGTACTGCTTCTTCCCTTTCTACACTTTCCATGATACGGACATTGCGATTATGACGTATGTTCCATGGTAGTTTCGACGTACTGTTGATAATTAGCGTATTTTAGGTAATACACTGCAACATTTGGAAAAAAAGTCCTGTCAGGAAGAAAATGTATCTTTCAGTACCGTCTAATACTTCTGATCTAGCACGCTTCTAGGATAGATTATGTAGCGAGCCTGAAATTCACCAATGCTTGGCATTTGTGTTAAGTGGTACTACTGATTCGTTCTCACAAGCCACTATTCATACGCCTCTAAGTCAGAATCTGTTTTGTTACTTTGCTATGACCCAACGCGCTCTCTTCTCATTTTTTAATACCCAAAGGAAGGACCTACCCTAGGTGATGCCTTCTCATTGCATGCTGTCCCTACTCTTTGTGTATATGATTAGATAAATCCTTATGAGTCATCGTATGTTTAGCGGAACTAGGATATGCCTTTTCATCCGCTGAAACGTCTACTATCATAGCAGCTTGTGCAGCGATGCACGTCCTTAACCGGGTATTGATTGTGCTGGCCGATGGGGTGAACATTGGATCCATTAACAGCTGGCATAGGGATCGCGCGCCTTACCAACAAGTAAATGCCCTTAAAATAGCGAACTGGTTTAGGACACATCTACATGTGTACAAGCCCGCAAGGGGAGAACCGTTTGAGGGAACCCATTGAGAGCAATGTTCCAATCCTGATCACGCCCTATGCCAGAACTAGCTGAAGTTTGTACGGTGCCACGTTACCAAAGCCGTTATAACAACACGGAATATACAAGTCATTATGATTCTGCAAGCATTAAAGGTAGTGGTAAGGTCGCGAACGCGTCCCTGCTCATCGTACGCGCCCCCTTTGGACGCGTTAGCCGGGAAAACAACTGCTGTTCTGCATTTTCAAGATGAGGGGAAAAACCTTTTTGAAGGGACTTGACCACGTGCAGTGTTCGGTTTAAACACGACTAAAGGATGAGTTTGCCGCGAATGTTGCACCGCATTCCCAGCCACTTGTGGATGTGATTGTGGCGGCCCTGACAGCACGGGGCATGACCAGTATCGCCTACGGGTAGAATCTCGACGTCACGAATCAATCATGTAAGTGGTCAGGGTGGGAGTACCCGTAACACGCACACCTTCGCCAGCGAGGCGGGAGAGTTTGTACCTCGGTAGGGTAAAAGCACTAATGTATGGTGCGCACTTTATAAGGAATCTAGTCAAAAAAGTGGTATTGGAATCACCACTTTTTATGCCGTAGATGTAGC,1804,48.0,Homo sapiens
SEQ_245441,ACACTTATCGGGTACATGATCACCGTGTCGGTCCAATTAACAGAGCCCCCGCACGGGGCGGAGATGACTTTGCTTCAGAGCCCAAAGGGAATTTTGATTTTTCCATTGTAGCCATCCCCAGCCTCGTACAAGTCCGTCCGCTAGAGAAGAACTTTTATTTCGGGTGCAGCACTAAACCGATGCCAACGAGGATGGTAGATTAATAAATACCTCGTGGAATGTCCCGTGCGTAGATCCCCATATATTGACGCAGTCTGAAAATCAGGTTGTACGAGTGAGTTGCTAAGTGTTCAACTCGAGGACATTATCCCAACTGACGTACCAGTGCACCAAGTAGAATCAACACTCGGACCCATGTTGAATTTACTACTTCTCGCTTCTGGCGTTAGCGTAAATAATGTCGTTGGTACGTGAGACCCTGTGCTCTGTTGGGTCCTGATGGTCTCGCCAACGTTGCGCGCAACTAATTGTAGATTATCGGGTTATTTTGACCCCAGGGGTCGGACAAAGGTTCAAGGCCGGCGTATTCTAAGGGATCGACAGATCGTGCTGATCGAAACGGTTGTGTTGCGGGATCACCGTCTCGCTCCGACTCATAGTTCGTACCTTCTGTAGTAAGGTATCTAAGTACGCAAGTAGCACCCAGAGTGTGACATATATCCGGTTAATCCTGTTGATACTCATCGGCTCATTGGTGACATTGAGGTGCACAGGGGATGGACAACGCGTGGGGGGTAGTCTTATTGCGAGTCTCGAACTTAGACCGTGCGTAGTGGGTTAATGTGCCGCATTGTCACAAGTGTCCAATGGTCTTGAAAACTAGCATGGCTGTAAATGAGCAATGGTCACGCCTTTCCTATGTCAAGGTATACAGACTGGTATAGGTTACGCTCAAGATAGCGCAGTAAGACACCCTACATAATTCTGCTAAATCCACATGCCCGATACTGGTGTCTGTCGCAGTGACATTGAATGACCCCTCAAGACGGTATTGTAGGTCATCAGTAGCATAGTATTCGACGGTACCTTTAGCGGGCACTCCATAAACCGACCGCAAGTTCGTAGCCCCTCTACAGGCGTGGATGCACCCTGGAGTGAGAGACACACCCGCCAAGCTATTACCACCCCGGATCACTGTCCGCAATGAAGGCGCCTGTGCAACTACTGATGACATCGGCGATGCAAGGGTCCGCATGCGGTCCTGCTCAAAGGAATTACAACGGTCACTCAGATTCTACTTGGCAACCGCCCAGTGCGGGCATTCGCGACAATGGTGGGAAACATAAAGTCATCTGTCGGGCATTTATATGACTGTAATAGCTTGCATCTGACACCCACAACAGACCGGTTAACGACGTAGTATTTGCAGTTATGCACAATAATTAGGAGGGACGCGTACCACCATCTGAAGCAGCCGCGAATGCATTTATCCCGCAGAACACCAACGTCCTCCTCAATCCTGAAGCGAGGTCGATTAGCTCGGGTATCAGAACACCGGCTCCGGCACCTCCGTCATGATTTGAACAATGCCAAGGGACTAGAGGAGGTACACGGCACCCCGTAACCAATCT,1571,50.03,Escherichia coli
SEQ_894266,ACCGAAGTAGGAGAATACGCTTAAATTGAGCAAAGCTCGACGAAAAGTACTGGCGCCTGTCCTCCATTCGCAAGTCCTTGGCCGTAGACACATAGGGTCCGGAATGTGCGCGTGTGATCGCTGGAAGTGTCTAACGATAACGTAAGCGGTTTCCCTTTCTCGCATGCCT,169,51.48,Saccharomyces cerevisiae
SEQ_697168,CGCACATTACGCACTGTAGGCGATCAGCCCCGCCTTCTAGGGTCTCCACGATTGGCAATATCTTACCGAGTGGGGAAATCATATGTTGAAACAACACCATAAATTATCTATTCAGGACAACGCACGTCGGCCTCGCTAGCTGATTGAATAGATCAGTCAGGTCTTCCCGATAAATGATACTGCCGAAGTATAATGAGTGTTGTGTGGTCCGTAAAAGTCGGATTCTGATAGCCCAGTCTGGGCAAGGTAGACTTACCACGATCCAGCCACATTTATTCCGCGCTGAAAGAGATCTCGGTCTACTAACATTCTAGCCCATTTCCTTCATCGGAATAGCTTTAATAGCTTATGGTATCAAGTTACTTCCTATGGGCTGAGGGGATAGCCCCTACGAGTCTGTGGTCCCTTCCTCCAGCTCTACCTAGGAGTAGGTGAATGCCTTCCTGACGGTAGGTGTGTCTAAGCCATCGAGGAATCACCTCGCTCATGCCCCCTTCTCACGGGGGCTTGACTGGTAACCCAGGGAATACAGTTCAACATGGATACGGCACTACTGGTCAAAGCATGGAATCCATTACTCACTGATCTACTCATATCGGTCCATTCCCCACCCATAGCCTGCGTTGGGCAAGTATGCAACATCAGCAGAACCGTTGTATCCCTTTATTCCATCAAATAAAGGGACAAGTGACCTGCGGTTGATGCCCCCGTCTTGTGCGACGAAAACGCGTAACGTGAGATCCTGCACTTATTGGCTGTCGGGGCCCTTATTAAAGGAAGTCCTACGTGGTGCGTGAGTTAGTCCCCAAT,810,49.26,Saccharomyces cerevisiae
SEQ_390741,GTACATGCTTATTGGGAAGAAGTGTGTTGGAACTAAAGATACTGTGTTATAGGATAGACTCACCCAGTAGGAACGCAACGGGCGAAATTATCATCTTATTACAATCGAGCTCCGCCTCGACGCTATGTGGCATCGTTTTCGCGCCAGCTACCAGTATTCCCATGTTTCACTGTAAATGATGAAGTGTCCGCCGAGGTTCCCCATCAACATAGCGAAACCTTAGCGAACTTAGTGTTAGGCCACCAGCAAGACGTTCCCGTCCCAGTCCGACATAAGTTTCATTGGGATACCCGGCAGTCTAAGATAAACCGGGGATCCGGACTAGGGTTACGATCAGGCGCCTGCTGAGCCAATGCCACACAATATCATGAGCCCTTGTGAACAGCGCCCTCACTCGAGCACTCCTTCCCCGGGTACCTCCGACTCCAGCGTTTCTAATGGAACCGACCGGTGATTACGGACGGGCACGTCCGTCTCAGGGCAGCTTTTGCAACACCATTCTTATCCGAACAAGAAGATCTTTGATCGAAACTCCCCTTGGTTTTCACTCGCTGGTTGACCTGCTATTTAAGAGAATCATGGGCACGAGGGCGGTTCCAATGACTTTAGACCCCCGCTATTGACATCCCTTTCCGAAGATACTTAATAGAGCCAGTCAATGCCTATCTGATTCCGGTACCCTACCAACCCATTAACGC,698,50.29,Homo sapiens
SEQ_696535,CCGTTATGTGCGTGCTTCCTGTAATTACTGGGTCCTCGCCCGTAAAGACAACACAAACCGACAGACATTTCAATGTCTATAATCAAACTCATCGTTTGTTTACAATCCCTTCAGCGGCCTACCAGGGCGGCAGGGACCCTGCTGAATTTGAGGTTTACTTTGATCTGTTGCAAGCCCCTACGAAAAACGGGCGTCTCCATCGGTCTGGCAATTCGCAAAATGCGAGATTGCCC,233,49.36,Mus musculus
SEQ_257702,TCTAGTCAATAGTGTGGGATTTAAAGACACCTCCCGGAGGGATCGTAATGTGTCTGGCGGCTCCGCAATTTACTTACCTCAAGCTGATCGTGCGATAAAAGACATCGGTCTTTGCTCAGTGTCTGCCCCTCTGTCCGGCATGTATTAAGTAGCTTATTTAACGGGTCCGAGTGGCCCTCAAGTAGGCCTTAAAGACTGGGTACGCTGGCACGAAGAGGGGACAGACTTCAAGAGTCCAGTTAGCCAGACACGTTCCGGTACGTGTCATAGTACGACTGGCCCATAAGCCAAAGGCTGTATCGTCATACTACCGGCGCTCTGGCCAAACGCCCTGTTTCGATCTCCAATGAAGAAATGGAAAAAATCCACCAACCCGTTTGCACACCGTGTCGTCCCCCTGGTGGTTTCTGGTCACAGTCCGTGTCGTGGGTTCCCAGGTTGGACAACGATTGCAGGTTCGCCATATGTCTAATCGTAACATTGTTGGGACCATGTAGGTCTGATATCCCCGTTTGAGTTGTGTTACGGATGGGCTTGACCGGGAGAGGTAAACCGGGTTTGTCAAACGGCAGGCTATTGGGGCGAAGCCTCGGTCGGTAGACATTGATCAAAATCGACCATCGGCGATAGACGATCAGGGTACTCTGTGAGCTGGGTTCGCATGCCTCGGTGACTAAGACGTTGTGCGTAACTAGAGGTGGCCCGGACCTCAGTAGTCTCGCGAACAAGCCCGGGGGAAAAATCCTGTCCACTGTGAGATGAGACAACAAGTCTCTACTAGTTAGTCCAGTTGGCTCTGCAACAAAGGGTAATGCGCATCCTGTGTTCCAGAGAATAATCGACCCACCGCAACCGCAGGTCACGCCGCGCAGATCATTGCTGGCCACCCGTGGTAAGGATCATCCTACGTCCCAAATCGGCGCGTTTGGTTGTTGGGGCGCGGGCCCAACAGTCACTCAACAAAGGTACGTACGAATATGACGGAGTGGGATTGAGACCACCCGCCGAGCCTCGCACGCACTTCTTGCAAATTGTCCCCAAGTCCAGCGCCACAGCGCGCAATGGTGCCAACTGCCACCAACCCGATGTTTACGACTGGGCTCTCCATCGGCGGCTGTAAGGTCTTAAAGGAAAAACCCCCGAATATGAGACCCAGCGGATACAGGTCAGGTACTTCTGGTTATAGCATGAGTGCAGGCGACGATGAACCTAGCCCGTAGTTCAGCTTAGTTATGGAGGCTTATTACGGAAGAACAGAGGGCGATGTCCACCTCCCTGTTTTTAACCAGTCGCGTGACCGTCCTAAGGCTGAAAGCTCTTAGTTCAAATACCTAGGCTAAGCTACCGCCTACCGGCCTCATCACTTTCACACCGCAGGCGGTCTACTGGAAAAAGCAATGAGAAAGCGGAGATAGCTGAAGTTTCGTGCAAACAAGTGGGCAAGAATTCGCGTTGATTCCAGGAGGATGCTAGGAGACGGCCAAAGTTAGTCGCTGCGGCCGATTCAAGATGACATCGCCACCCGGAAATCCACAGGAAGCAGTGAACGCAGACAGCACTAAAGAATACCTACGAATTTTCTGGTGCTATATAGTTCTCGCAACATTATAACCTGGACCTGCGACTGTTCGCCGCCTGATTGAAGCGCCTCAAAATTGCCAGTACGGTTGCATAACCGCTACTGGTGCTAGAACCCCCCGCTTGTTATTATAAAGTAGTCTTCCACAGCATCTCCCATTTTAGGTCGAATCGTTCGCCTCTTGGAGGGGAGCATCCTCCAGCATCCCGGGCCTTATCTCTGAACATGCGGGAAGGTTGCGAAGCCCGAGTGTGTAGCCATACATGTATGTCCCTCTCTACCCCGAGACGCACGAACCGGGATCACCACA,1889,52.73,Saccharomyces cerevisiae
SEQ_720043,CCAAAATTGCGCCTAGAGCCACTGTTTACGTCTAATGAAATCAAACTGCCGATCGTTCACAGTCCTAGTGGGTATCAAGACAATGCTCCCCGACCAGCTACTTCGTGAGCACCCGCGCCCATCGCGGGTTTTCGACAGGTCTCGTATACCGAGCTTTTGGACCTGCACCACTGCATGAGCACGTGTGCCGTACCACTGAAACATCCACACTGACGAGGTCGACGTTTATTTGGCAACACACCCCAGAGAACAAAGACCTTACTTGTGCTTACCGCAAGTTTAGACGATAATTATGCCATAGGCAGCAGTAACGCGCGAGTAGTTTCAGTAGCTGCAGCAGCTGGGAAGGGCGATATACATGATGGGGCCGGTCCCATGGGATGTTTTCGCATCGTGAGGCAGTACTTAGAAATCATGATCAACTTAGTTTTGAGAATGACGTCATTACAACGCTTTTCCGCCCATGGGTTACACTCGTCGAAACGGTCATATTATCTACTCGGATTACGTTGGCCATGAGCGGCAAACAGTATCACTTAGAAGCTCAGCGCGCACGGAAGCAACGTCGATCACACTAGATAGTGACGTCGGGGACGTATTGGCTGGCAGAGATTTACCACAAGAGCCGATCTCAACAGCCTACTACTCGAATTTCTAATCCGAGCTGCGCTCGCGTTCGAATCCACCATTGCTTCACGTTCTCATGGCTGGTAGACGCCAGGGTCTAACACGTGCGTAACATCCGTCCTGAAACGGCCGTCGTATATCTCTCATCTTGGTATTCTAGCTCGCGGACAGGAACAGGTCGACTAGACCGTGCGCGGCCAGGTACCAATTCGAAAGCCTAGCGAAGCAATCACACCCGTAGTAATAGGGGCGACGGAGGTCGGATTCCAAACAACAGCGGCGACCAACTTGGCAGTCTGAAAGGTAATCATTATAGGTCCATTTCTCAAGTAGAACCGATAGCACAGAAGGTCTCTATAATAAAGTTAATACGTC,1002,50.3,Escherichia coli
SEQ_747109,CAGACTTGCAACTACCTGATGCCTAATACGGACGGCATCTATTGTAACAGTCCTAGCAAAGCGGGAAGACAGACGGATGCACCTGCATAGTTTGAAACGTTCAGAACTAATCTTCAACTCG,121,46.28,Arabidopsis thaliana
SEQ_646481,CTGCTCCCTATACACCTGGCGAGTACGTTGGCCTGTAGTATGAAGGCCTCCGACGCTTAATCAATGTCTAGCTTATACAAAGTACAATGTTTCATAAAGTCCGCCATGCGTCTTTGAAAGAGCAAGCCACCCAGAGCTTCCGCTTAAACTCCGTACCTAATGAAGCCAAGACGTGTTAATCTCCCCGTAACTCTACAAACGCCGCGCTCTTTTAAGGCATACGATTGAAGTGCCCGGTTAGCAATCCGACTTTATTACCTCTCGCTTGTTTCTACGACCTAATCGCGCGTCTTCCGGGGCAACGACCGCATACTGGGCTCCGATACTGGGAGAAAACACATCCCGGGCGAGTCTCTTCAGTACCAATCAGGGCCCCCTGGTTGTGCTGGATCCTAGCACTCCCGCAGGTGAGTCATTCATTCGGGGTATGCTCAACGTCCGGTGGCGATTTAGGATGGGATCAATAGACAACTGCAGCCTCAATCGTACTAATCGTACACAAGTCCAACACGCACCCTCTTTAGCCGTAGCGGTAGCGACCCATTTTCACGCCAGCGTTTCATAGATACATCACTCACGGGGACCAGTTGTGTTGTGTCGCTCCGGCGAATACCAGTGCCGTTCGTGTTTCATATTGATCCGTCACCCTTTCCATCCGTGATATTTGCATTCTTCAGCAGCCTCAAAACAGACGCTCTCGGAAGTCTTTAGTTGTACCGAAGGTTTTATATGTTAACGTGACTGAGCACGACGGAACACAGGTGGCCGTCTTAGGCTAGAATCTACACCATCAAGATTCCGCAATGCCAGGTCCTTATGAGAACACAAAATTAGACTCACATATCGCGCCTATCGGTTAAATGACTTCCCCGGTCCAATCCTGCCGGCTGCAACGACGGAGAACGCCATTGCTATTCAAAACGCATACATGTAGGGACATTTGGTGGCCAGGAGGCGAGTAGGCGAGAGTCAAAGGTACACCGCTAAACGAACGAGTACCAGTGAGTCACGACATCGACGGATAGCATTACGAGAACGAGCGCACACTTGCCGCCGTTGTAAGATATAACACGGAGGGGTGTTTGATGTGGGTCTCCATGAAGCCGAAAGCTCTTCAGCATCAACCGAGACATGTGGCCGCCCTTTAATTTTGCTTTATGGATTATTGCGTGCGGATCAGTCGCCTTCCATCTTTTCGAAATCTTGATGGGTACGGATGTCCCCATATTGGGACAGAGAGTCAAATATAAGGAGCATCTGGTGACCGGTTCGTCAATTGCGACGCCATC,1289,50.27,Escherichia coli
SEQ_343686,AGCAATGTCTCTGCCTTGCGAAAAGAATCTGTGTGGGTTGACGAAATGTTCGCTAAGGAGCATAGCGGAGAGCCCTAGGCACATCCCTTGAACATTCAAGGGTGCGTGACTCGCCGCTGCGTGCCCCCGGCGGTGTTGACGATTCCAACTTTTCAGCTACTAGACCTACATCATCGCATTCCCATGTCAATGATGACGTGTGTTAGTAGGTATCTCGTACATTTCACAATATGAATGACCTCCACTAGCCAGAAGAAATGACTTAGAAACGGAAGTGATTTGCGCCCTATGTAATCCTGAAACGCCATCTCCATGGCTACGTTCCGTATTTTTATTAAGGAGGTGAGGATATTGTCTAAACATTAATACTAAACTTAGCTAACGCCCGTATAATGGCCTTATTAACCTGGCTGTGCGTGAGACTCTGTCAACAAGGTATTCAGTTCCACCAAGTAAGTCTTACGGGGCTGGCAAATTGAGAACATGATCGCGGCGACTTGCATGAGAGCACCGCGGTCATTCATACGCCCATAGCCCGCAACCTCTTCGTAAATTGAATATACCCTGTACACTATATATCCTTGTGGTTGTTACTACAAGGATCTACCCCGGCGGCGGGGAAAGACCAACTGGTGGTGCGCCGGCTCCCATTTTGCACTTCGAGGACGTCCTAATGTGTCGTCCGGCATATGCAGGAGCAGAATCTAATACGTGCTATAGGCACCCAGCCGATGAGCTAGAGTGTGGGCTGGGCTGTGGTCGGACAGCAACAAGATGAATGGACCTTAAACACATAGTGTCCAACATCAGAAACCGGTCTGTCAAATCTGCTAGTAGTAGTCGGGCACTGCTGCGGATCGCGGCATGTCATCTTAGCTGTTGTATGGTGACTCCGGATCGCAGCGCAAAAATTGTCCACCCAGGCTAGCGAAGGCGGGGCACGGTGTCCAGTCGGCCGTGTGGAAGTTGCCAACCAAAACAATGACAACCAAATACAAGCTGTCAAAGACTTGGGAAGCGAAGTCAAAAATATATAATTAGTTTAATACTGGGCGGATCTTACAAGGAAGCCTATGTCGTTTACCTGTATAGTTCCGACATCAATAAACATGGCGGGCTGGCTGTGGCGGGCAGTGGACAAAGAAGAGGCTAAACGCTAGCTGCACTCAGATTGGTGCCTCATGTCCTGAAAAAGTCATAGTTGCAACGTGTACATGTTGTATAATAGCGTCAACGCCACTCGCTCGAATGTCTCCACCAGTATCACTTGCACAAATTCCCTTCGCTCCAATCGAGGTAAACTTACGACATTAGACTGCTCTAAAGGAAAAGGTGGGACGCCAGTCTGTTGTGTTGTGCAAGAGGCGACCAGATTGGACCCCCTGAATCGTCTGGCCAAGCGCCTAACCCGTTCGGATCGTCGTCGCGTCATGGTTCCGGTAGCGGCTACTCAAAATGGTCGCTTTCGTCTACCCCTTGCAAATTTCATGTCTTAGTCCTGCACACTAAATCCGGCCCTAGGTAGCTAGAAACCATGTACAACCGTAGGGGTAATCCTGATGGTTTCTGAAGCAACCGGGTGATAAACGTGCCGACGGGTCGGGACAGCAGCTAGCGTACTTAATTGTATTATCTTCACTTTTCTACTAAGATATAGGCATTCAGAGGCCGTTATAACGTTTTAGGCCTGGTTTCAATAAGCTACCTTAGAAATTTTGTA,1720,48.55,Arabidopsis thaliana
SEQ_697952,ATAATGATATATGCCATCTTTTGATACCTCCCCTTTTAGTTGACTGCTACCTTTCGGATCAACATCAAAACGGACGATGGAACCACGATCCGGATAGATAAGAAATAAAAACGGCTCGAGTAGCTCATATCACACTAGGTAGGAAATGGGACGATATGATTGAACACCCGTTGACATTTGCCAGTACAATTGCATAAGGAGAGTGCGGTACAACCCTTGGGTTGTCGATATTAAGCTTGACCGTTTTAGAAGGAGGAAGGACACAGGCAGGCGGCGCCATGGATATGGTTCAGTCGTGTGATGTGTTTCAGAGGTACTAAAGCGTGCGCTCCGCGCACCAAGGAACGATGATAATACGTCGACACAGAATGCCAATCAAAGACACAATCCTTTGCTAACCGGCTGTGGACATCGTTGTCGCCACGCGTTAAAGCTGGTATCTTCTAGCGTCGTGGGAGCCTCGACTTTCCTGATTATCGACCAAAACCCGTATTACTCTCTCAGGCAATTTTTATCAGATACAGCACTTGCTCTTCGTCTGGACCATTTCCAATTCTCCCTAGCATCAGTGACAGCTTACCAAAGATGGGGATTGGACTACGATACGCTCGCAACGACGGTGCATGTCAGCTGTAGTTGAAGAAAGTTGGAACATCTCCCCAGTTAAACGGTAGGACGCTCTGCCAAACTATCGCTATGCACCTACAGGCGAGCAGTTACGGGTGAGACCCATTCGGC,738,47.7,Saccharomyces cerevisiae
SEQ_856228,GGTGACTGATCAAACATCTGCAATTGTTCCGTTACACATATCAGTGCAATGAATTGTGCCCGGTTGGTCGGTTCTTCAGACCCCATAAAATACATTA,97,42.27,Mus musculus
SEQ_149803,TTATTCGAATCCCAAAAACCGATCTGTACCTGCCGAAATAATTGCACTCGCCCTTTATGACGTAGCTTGTGAGTGGGTATTATGTCGAGCAGCCTTGAGAACTGGCCCCGTCGAGGGGCCGGTGGGTGCTCATTCTCAGCCCTTGCGTGGTAGAGGACCAATTGTGTAAGGTGACGAGGCGAGATCCCGTCTTCGCATTGGCGGTGCAAGATATGTAGTTCGTTAACAAGAATATTTGTGTTTGATATTCGCTCGGACTTCACTGCATCCCACCACAATCGGGGGCTTCAAGACCCTCTGCAAGCGACGTGGCGTTGTTGCTAAAGGCCTAATTTTTCGCAGCTCAGCCATCGATGCATCCTGATGATCAGTAACACAGATGGGGTACCCTTGGACCGTGAAGTTTGGCCCTTGCACACGTGAAGCATCGAAACACAAGGCACGGTGCTATAACCATGAATCTAAGTTTTTGAGCTAGGTGACCCGCGACGCCAGCAGCTCGGTTTGCAAACTAGTG,517,51.06,Escherichia coli
SEQ_769095,TAGGTCTTAGTATTTGCTGACGATATATAGTAAGTCCAAACGGCAGGTCTTGTGCGACAGGGTATTTAAAGCTCTACTGCTCATCGAACACTTTCGTCAAAGTCGCAGTCATGAGCTAAACTTTCACTAGCGTAACTATGACCTTGGAGAAATTGGACTAATGGCTAGTGTCGCCGTTGACTTAACTCGGGACGAGGGCTTGATCGTGGGCGCAGGGCCTTACGGGCATCAAGCGGAATAACTCCGGTCCCCGGATAGTGAAAGCACTTGTTATTCTAGCGCTGCCTTTTAATCATTGGGGCCGGAGTTAAGCGCCTGAGTGACAGCGCGCAAGCAATCAGCGGTGCTATGAGGTAAAATATTACTCCTTTGTCGCGCCAGCCACGCGTCGATGACCCTCTGCGGGCCTCCATATGCGCGAAGCTAATGAACGGGAGAAGATTGACGGTAATGAGT,456,50.22,Caenorhabditis elegans
SEQ_879283,ATTTATGGAAGGAGTATAGGCCGCTGAGGTTTCGCGGAGACGCCACGCCCAGCCAACACTGTTACCTCATACACTGGTTTCGATCGAAGGGGGTTTCTGCATAGAACGGACTGAACTCTTCTTTTGCATGTACCACACGGTACATTTGCCCTAAGTACTTTGCTACACAAGCAATATTAGAGGCTGGGAATATACCTTAAGTCTCCCATAGGTCTTTTTTCTGTTCTGTGATATCACTTATGGGTTTTAACACGATCGCATCCTTCTGTGCCGTCACGGAAATCCTGCGTCTGTGCACGATGAGAAGGAGTAAATGTACTGCTCCAAATCTTAGAGAGCCCCGGCAGTCTTATCGCAGCAAAGGCGTCGTAGCGAACCAGAACGTTGTCAGCCTCGGTTGTTTGTATATGTCCACCATTACAGAGTGAGGCATAGAAGATTAGTTGCCGTGAGCCATGTCGCGTGCCAGGGAGCGTGTAGCGAACGAAAACCGGCAGAAGCGGTTGTCCCTCCGTGCAAGGATCGAAAGGGACTTGGACCGCGGTCAGGGTCACATGCTTGGCAATGCACGTAACCGGCCATAGTGTCACGGTCCCACCAATGCAGAAGTGGTGGATCCCGCGAGAGCACGTTAAATCCCCTTGCTCGTTCCATACTTAGCAGGAGACTTGACTTGGCGGATGACCCACCGCGGATTGACTTTACTTTGGCATTTCAAGTTCGGCTATCCTGACGATGCTCGTATAAATTTAGCAGTGGTCCCGGAGTTAGCCGAGCTCATGGTACCCCACGAAATCCGAGTTACCTCACGATGCCTTCGTTCTTGGGTTATAAAATATAGAAACCAGGGCTATTTCTCAGGGGACGTAAACATCCTAACATCTTTTTCCGTACGGTGGGAAGAGTACCCGACTAAGGGACTGCGTAGTGCAAAATCTGGGGAGTAAACCTCCTGTACACTTTACCGTTGGGCCGCGATCCTAGATCCGCACCTCAGAAGTGATCATTCACTGGTAATGGCTGAGACATGTGTTTCCATCTTATGCCGCACGCTCGAATTAATGTGTCCCGTCAAGTCGCGGGCATGGTTCCGGATTGAACCAAGCGCAGGTAGTCGAGACATGGGCCAAGTTCCTATTTAGCAATAGTTCCGGTCCAGCGGTGGGTGAGGGCAACCTCAAGCCCTCAGTCGCTTTGGATTCTAGTCAAACCAAGGAGCCATGAGTATATTTCAGAAACGTATCGCTAAAACTCCTTCTCCATTTCCTGCGTTGTCTAGGCG,1282,50.31,Escherichia coli
SEQ_862487,TACACACTAGGCTGATCATTTTGGAGACTCCAGGAGAGTGTAGCCAAGCGCTCCCGTTATCCGTGGGGCGAAGCACCCCGTCTGTGGCAACGGATCGAGTGATGATGTCCTCGCGGATCCAACACTCTATGTGCTCGACATTACTCGTAGAAGGTTCATGATATGCAAGGTGAGGAGCCCATGCTAGGTCGCTGAACTTGTCCTGACTCTAGGGCAATTTGCGTGACAGCTTTGGCCACTCACTAACGTTGAAGCCTGGCCGCCCGAGATATCGGAATCGCGTAAGTTCAACTACTTCACGCTACAAGGCCGACAAATCAACCGTTTGGTGAATATGAGCACGCCCCACAGGTTCACAATATGCCTTAAAAGAATACTCTCGGCTGGTGGGGCGGCCGTCAATATAGATGTCAGGTTTTATGAAGGTCCGCAGAGCCTCATGTACAGGGGAAGAGCGCTATGATGGCCGTACGAGGGCAACTGCCCCGGGCAAAAATGCGTCACGTGGTTGTTTGTCCTGTGCAGAGGTTGTTGACGCCTTGTTGTCTGAGACATCGAACAATGAGAAGGTTAAAGAGATGTACCCTTTCCTACTGTAAGGTGGCAGGCTCCGCAACTACGGTGGGACCTTGGAAGCACCTGAGAAATGTACCTACGGAGCGTATTAATCGTTCAGTCCAGATTAAGACATTTTTCACGACGAAGGAGTACTAATTTACTGAAGCGTGTAATGGCTAAGCTACTGTACAAAGAGGAGGGATCGGTCTGCACCGGGCAAGGTCGGGCCCCACATCTTCGTGACTCCATAGCACGCCGCCGTCGCGGAGCGTGCCAGACGGGACACCGGACGATGAAAGATAGGGTACGATTAATCTGCTAGGTAAAGAGCGGAGAGATAAATGACAGGACACACCAAGTCGATCCTT,926,51.84,Escherichia coli
SEQ_502061,ATACGGCTGGGATGGACTAGACGCTCACATTTAGCGCCCGCATCAGAGGACCGAAATAGATCCTTAGAGCGTCGCAAAGAGGAAGGAGTACCTATCATCAACCTGGCCTCGGCGCCAGGCGGTCACCGTGACACGACGGTTCGAGCAACCGAGGCGCCGTTCCGTAAGATAGAACGTCGTAACAGGAAACGCGCTTACGTGACTGTATAGTGGATACCGACATAGAACTGGACCGCGCTTATATTAGTAGTGATGACATTTAAAGGGACCTGTGTCAGAGGGACCAGCGACCTTGGTGCGGTCTGTCTAGCCATTTTCGGACTGAGTCTGATTCTATGCTATTGGTACGTTAATCGTACAGCTCTATGATAGTGAGGATGTCAAGCTACACCAGATATGATAGGGAGGCCTGGACGGCGTCGGTATAATAGTTCCTTGAAATCCAACAGCATTGCACGCGAAATCACAATGACCTGAAAGCTCATCATGCTACAGGAAGTTGTCATCCTAGGTGCCTATTTGACTTTGTGTGGTAGGTGGTTGACAGTTGGGACCCCAGATTCTATAAAAGATCAGCGCTCATAGCTCATTCGTGGTTTCGTGATGATAACACGTCAGACTTAGCCAAGGACCAACTTAGTAAATCTCTTGCCTTATAGACTGTCAACTATAAACGGTTTTTTATACCGAGATCCGTTAAGGCACCTCTAATAGTGCCTCATTTAGGGACCCCGTGGTTGAATACCCAGGGCAACCGTTCATGGATGCGCCGAGTGATGCAGGTTTCCCGCAAGTCAATGGGTTTTGCTACGGGCGCTGGGAGGAGAGAGGCACCTCCGGTCATCGCGACCTACAAACGTTTTGCTCACGAGTCATACGTGGACTGTTCAGAGGCTCAGCTTACATGGTGTTCGCGTATAAGTCTCCAACGGCCGTTGCTCGCGTCGCGCCGGAAATATGGTTGTTGAGGGCTATGTACAGCTCAACAAATCATCCTCCCTTAACAGTAATTACATGAATCCAATCTAGGACTTTCAACCGTTGAACTCATAACTTTTAGCACCAACCGGGCTCGTGAAGCCGCACTGTCTCTCACTGGGGTGAGTGACTCCGGTTGTCGATCACTTATTTGCCAGCCTTGAAAGCACCGCTGACCATGCAGATGGAGGGCTAGGCAATAGAACGTGGTCACGGGCATCTCTTGAATTAGGCCACGAGGCTAGAACGATGGGAAGGGTGAATGTTTAACGGAGTCGCGCACCCATAGTTTCGAGGACGGTCTACTCGCCGGTGCGGATCTGGACCCTATGCGGTCCCTGTCGTATGTCCCATTAAAGATGTCTGTGCTGCTGTCCTAAAGCGCCCTGAGTAGGGGCCGGTTCAGTCTCGAGGCGCGAGTGG,1401,51.03,Mus musculus
SEQ_777021,ATGTACGGCCTAAAATGTCTTCTATTACTAAGGAACTCAAGGGCAAGATAATTTCCGGCCTCGCTGCCAATGGAAAACCTCTAACCAGTTACTTATAACGCCTCGCTTTAGGGCTTTAACGATCAGACTACTAGGCCCGCAGAATGCCACTTTGCGAGGAGGATACGACCTTGACGATTCACCCGCCGGTTGAACAGCCGAGGTCTCTGTGGGTCACCCCCGGACGTTGTTGGGAACTTTCCTAGGTAAGGAACTCGTTTGTATCCAAAAAGAAGGCGCACCTCCTAGAGGCATCGAAGCGAATACACTTTCAGATAGGTAACTCGCCGTTGCAAGTCGTTCTGGAATAATATTCGTCCGTAACCAGGTTTTGGTCCTAAGGATTTTTTCACTCCGAATCTGACGATAAGTTATGGTCCAATCAGAGTGTCCTGCGCATCCTGGCCATGTATTGGTACTCCCCGCTAGGGTACCCGATGGTCTACTGGAGAACCAGAGCCCGGGTTTCATCAATCCGTCCCGAACACGCTCTATCCCCTTTGATTCGTCTATCAAAAAGCGGTCCTCCGATGCTGCTAACAACTGAGAACGGTTCTGTAGTTGCTGCGTATGGAAATGCTTTTATCGATGCTTTCAGCGTTGATGTTTGTAACCGGCCTTGGGGAAAGTTCTGTGGGAGTGTTCGAAGGATTAGGTGATTGATTGTCGCCTAACTACTCGTGGTCCGTCGCACGGGCCTCCCTCCTTGATGATTTGACCGAGGGCTCCTTAGGACTAGGCGCGACTGCTATGCTCGAAGTACCAGGGAGCATCCCGTGTTCAACTGATGCTTATTCTCCCTCACTCCTACTAAGATGCAGCGCGCCTTGAGCGGGAGTTGTACGGAGAAGCAGCTGTGACGCGTACAAACGTTAACGTCTCAATAGTAATTAGGTGGGTTCTGGGGATTCGGGCTCGCACCACGTGGGGAACACTCCCGTATTATGACTCACGTAGCGTTGACCCGAATCGGTGTAACGTGAGATGCCATACCGTAGACTAAATTGCCGTACAACAAGATAGTCTGCGTCTTATTGCAAATGGACTTAGTCAGCGATCGAGGCAAGAGGTCCCTTCGAGACAGTAGTACAGTGTGGATCTCTATGGACCGTTCCGGTCACTTAACCGGAATTGGGGTGTTTCCCCCCCTTGTCTGTATATCACAGACTTTTTATGACGGTTGAATAGCCGACCTTGATCCCAACTTACTCGCCGTCAACAGGTCTCGACCTCTAACTACTTCGAATGCAGGGCCACCTCCATCCAAAAAGATGCCCTAAATCCTAAGCGGTTTGAGGGGCCAGTAAACTACATTAGATAATGGACACACGCCGACTTCCGCTTAGCTGGTTTATAAATGGGGAATGGGGAAGCGCCACCTCCGTTCTCGCCGATAAAGACATTTGTGGCGTGTTAAATGACCCATTCCAGTCTTGGATTAATGATTGCTAAGTTTTACTCACAATACAGTGTATACCTTCAGATCATCCATCTACGTACTGCGATTATATTTTGAGCGTCGACCCCGCCGACCGCGGCTGGGCGGGAGTGGGGACTTGTCTTCAGTTCACGATGGAACTGTTGGGCGTCGTATTTCACGTAGATACGTCTGGGCCGTCACCACAAGTCCTACCGAACTGAGGACAGAGCTCATTTTATAGTGCCTTTACGTTTCTCTCTGAGATTTACACTAGACGTGCGCCTCAGCAGCGATGTGTATCTCCTTATCGATTAGCAATATGAGTTGTACGAATATACTGGGCTTTCTTGAAACTGCGCAGGATTCAGCCTAGCACTCGAAGTCCTAACTCTTCCCTGAGAATACGCGGCACTGCGAGAGCGAACGCGGGCAGTAAATAATTAGGTTATCTTCCGCAACAAATTCGAGTTGAGGTTGGAGGGTCTCAGTGAAATCGGGAAGCAACCTATAGACCATCCACACATAATCGCC,1990,49.5,Mus musculus
SEQ_260962,GCACAGCATGCGACCTCTTCAGGGTCATAATGAAGACCCATCCATCGGCATCCGGCATGGAGTGGTTGATGTTGCCTTGCCTTTCGGTCAACCCCCAGGCCACGTGTGTTACTGCAACACACCGTGAGAAATTATAAGGCTGTAGTCATGCACCTCCCAATCACACGAAAGCTACAGTGCATTATCGACCGAATTGACCGGTTACAATGCGATATCCCTGATAAAGTATGGCGGCGTTTTACCCTCTTGCTTTGCGCGATTTGACATTCGATAATTCTTCAAAATCCCCCCTTATTACAGGTGATAGCGGCAGTCTTCGGACTCTGGGAATCCTGCGACATCTAAGGCGACAAGTACGTATTAGACATCGTACGGGTCAGGGTAAATGACTCAGTTCAGGTCGCAGAAGCGACTAATGGTCTTGTATAGTGCCTGCTAGGGACGAAGCGGTCATTCATCCTGTAGCGCGGTCCTGTTTACTTCTTGATCCGGGAATTAAGGATTGTTTTAACTGAAAGAATGACAGACTAGCGAGACGGACTCTGCCATTACAACAAGTCTCTGACCCCTAGATGATTTTCTTATGCTCGTAGCTTCCGAACCTGCGTGGACTTATCCTGTGCTCGCCCTACGTGAACTTGGAAATCATCACCGTGTGGCCACGCACGTAACGGTTTAGTGGTGTGTTGACCAACTACCCAAGGTGTATCTGCTCGGGCACATTTTTCCGCCGGGCTTCCAGATTACTTCGAGCTAAAAGGCACTTTCCATCGAGGGCACGAGTGATCATGGCTCTCAATATGCGTCTGCTACTTGTTGTTTATCCCTCTTGAGGACTCCTCGACGACCCCAATGCTCACAGTAGATACGACACGCTCAGTAACTTGTCACAAATACAACGTCAGGTAGTCATGCAGTGGAGGCATTTGATACGTGCGGGTAGACCAATCAGAGCCGCTGTTCAGCCTGTACCCCCCGCAAAGAGCCTCGGAGAGAACTATCTTCCACGCCCGGACTTTCGTGAATTGAAGATCTATCTGAGCTGCAGCTAAACAAAAGCCAACCGATTTCCCAGTAACACATTTTAGATTGTCGAGAGGACGCGACACGTCGAAACTAATCATCTGCCCGGGTAGGTTTACTAGTTTGACCTGCCTATATAGCGATACATAAGCGTAACTTCGACCGGCGCCTTATCAACCAATCAATGGTGCCTAACAAGATTCTATCGAGCGGGTGAACACGTACTGACTAAGAGGCGACTATATTGTCATCGTCCAATGCGGTATCGCTAGGCTAGGCACTAAGCATGGAGACTGTTACTGACGCCTCTTAGCTCGAACTTGGACATGCGAGCACAAGCGAGGCACTCCCTTTCCCCACAAACGGAGATGATGGATCTATGA,1406,49.36,Mus musculus
SEQ_143415,CGACACCTGGTAGATGGTCGACATCGGAATGGCGAGAGGGAGATTTGAGAGGTCTCATATAATAAACAAGCCCTGCGGGGGTTCTCCACCTAGGTCCAACATAAGGGGTTCGACCAAAATGTTAAATTCCTATTACTCTGTCCACCTCGAACACTGCAGAGCCTTGCCACTCAGAGGACTGAGGCATGGGGCTAATGTTCGGGTACACCCGCTGAGCTAGGTGAAGTAATGCGCTATCAGTTAGGGTGCATACGATACAGCTCCATCATGCACCGCTAAAATACTAGGTAATTAGACCGAAACAAATTGACTTGATGGTTTTTGTCAACCGATGTTGTGACAGACAAGGGAGATCGTTTGCCCTGCGGCGAAAATCTCCGGGACCCCAATTTGTTCGCACCTGGGTTGCCAAACTCTCCCGTGTCCTACTGGGGGTAACGCATCACGCAGTTATATTTACCTAAATATCGCCGCGGGGACGTCCTGTCTCCCATGTAATCCAGCTACAACTTGTTCGTGACATCGATTCCCGTGGCTCCTACGTCACACCAGATAGCAGCGACGATACCCAGCGTCAGGGATACCAAACTCCAATAGCCAATTGATAGACTACTTGCATTAACAAACTCGAAAATAAGACACTTTTATCATCTGAGCGTCTAGCCCTTATCAACTAGACGGTGGCTAATGGGTGCGTCCCGGCCAGCCGATGACCATGGACAGTCCAGTTTCCCCTAGTCGCTGCATTCATTTTTACATGCACTCTGGGAATCAAAATGATACAGTAGTAGGGCTAGAGTCTGTGTGCACGGGCTGGGTCAAGAGGGGCGCGACCTATGATAAAGCGCCCGTCAATGTTTAGTTGTTTCTTCATTATAAACGAGGGTGAACCTGAATTATATAAACGAAGGAATCTCTGATGGTGTCGTGAGGGTTCACCAGTAGAGTTCTAGCCGGAGATCCCAAGGGTCTTCGGCCCGCCATGCTAAGGTGCAGTAATCTCATGTCAGTCTCAGGGATGGGGCAGATATGATTGGTCTTAGACAGCGCATCTCCTTGGCTATCTTGGCAATAAAACACAATATTAGCATGAAGAGATGCCCCCCGCGACGGTGTTGACCTAGACTGTCCACAGGCTGACAAGCGTATCGTGCCTCTCTGGTCCGGCCAGAACGTTGGACCAGGGGCATCAGGACTCCCCCTGTTCTACGAGGAGTCCATTAAGGTCTAATAGCGTCTTGGCCCTTTCACCCCCCCTCGGAGCAGCCTGGTCTGCTAAATGTATCCTTTCTTCCGGCCCTCGTGCTCGGTCCTTGAGCGGTGCTGACTGGCAGGCTCTCAGCAGTTAGTTTACCGCTAGAGGAGGCTTCACCTAGTTAAGGGTAATCTTTGTCAGATGATACAAACGCCTGGCGCATAGGGAACGCAGTGAAAACTTCCCGGGACGAGAGTTGTTCACTACTAAAGCTCATCGAACCTAAGCCGAAGCTGGAATGTAGTCACGGTTCCATGGACCGCCATCAGGTATAACCAAACTACCGGAATACTGTCGATTAACCCCGGAATCGTGCAGGGAGAGCCAGACAGAATCAACGGTTACAGTAATTGACATTCGAACGACAGATTGCTCCCAACGGTACTGGGCAGCCGTACTAGGGCACTTGCAGTCGGCTAGTCTGATCGTTGGTTAGC,1692,50.71,Homo sapiens
SEQ_466011,ATTGTAAAGACCAATCTGAAATGTAAGGATGCTTGTTGGATGCTATGGGGTACAAAATAGCCACTTGCATCTCTACAGACATGTCTGGATAGCTACCGTGACGGTAGTGTATCGGTAATAGCCTACTACATAACATTGGTGAATGACTCGACTTCGCGTGACTTTTGTTACTCGTCCCCGACTGATATGGTGCTTAATTTGGCCGAGTCACCACGATTGGACCCGGTGCTAGCAACTCGGATCAATGTACTGTTCATAAGCGGCCAATTCGGACGCCCTCCAGCATATCCATAATTTGCCTGTGGAACTACTCTGTGCGTTACTCGTGCGCAGGGGACAAGGTTATCGCACGAATCGCGGACGAATGTCATGGCTTGAATACACCATCTTTCAGTAAGGGTTTATAAATGCGTGGTTACTTAAATAGGACCTCAGCCCGTTTATTTAGCATTCATCCGCGAAGCAAGCCGGGCTTAGTGCGCCAACTTGCCGGCCTGCTTGGCAGTTTTTATGATCGATCGAAAAGATTACCTTCTGCGAAGATATGTCATGTGGCGAATATTCTCGTCCACCGTGTCGAAAGTCTGGCGACCGCCTGGTACGGATCTCTGCAAAGCTCGCACGCCGGGCACCGCCCGTAGATTGCAGAAGTCCGAACCTTTAAGTAAAGAAAGTCAATAGTTGTCTTTGACGATGATTGAGTCACGAAGTCAGAGGTCTTCTGACCGGCATATCATGCTCGTCACTACACCCAGGGAAATCGCGGTCGAAGTTCCTCATTAACCGGCCGCCGAGCACCGATTTCGACCGATTCAAGCATTGCGGCTTCGCGTTTCGTACTTACACAAAGCTTATAAGACAGTAGGATAGTATCTTCGACTATGATCGGGGTTGGTTATACTAGTGCTTCGGGGTTATAGTTCAAGTGTCGACGTTGCACAGCTCTACAATTCTCCTATAAATTGTTGTTGGTCTACCCGATTCTCAGGAGATGGGTCCCATACACACTACGTCATTTAGGCTTCTCAACCTCCAGGCGCAGGGGTACGGGGTCCCGGAAACTTGTTAGGGCCATTCAACTGCACGAATTGGGAGAACACCGCTTGAGACATTAACTCTGCATCTTAGTTGCAGTGACTC,1140,48.51,Arabidopsis thaliana
SEQ_673493,ATGCCGCCGCCGTGCGAGCGCTTTCCTTTTTTCTGTGCCTGCGAAGGACTGAGTGGCTGGACACGTCATGTGGATTGGATATGACACGGGGTCGACCCGGGCAGACGGGCGTGCAGACACACGGAGCGAAATACTCGATTACAACATATGCGGAATGACTTCCGCTCTTTGGCTTAGAGCTTTGTTTTTACATAGCGTGTCCTTTAGTCTTTATGACTTCTAGAAGTCCCTCATAT,236,51.27,Homo sapiens
SEQ_893228,CAACTTACACACACTAAGTTGTTCAGGCTGGTGTGACCGGTAAGTTGTGTTTCCCCGTCAACTTTCATGCCCCATGGAAGCAATGATCTACGGCACTGTCCCATTTCCAGTGAAGCAGGGTCTGTAGCCTCAGGAACGCTCACTAATCTAGTCATGGAAAGATTCCAGTTTCGACACCTGATCGTCCGCAGCTCACGAGGCTGACACTATGAACAGAGATTGGGGGATGGTAAATCCAACATTGTAGCGGCACGTCTTGAAGAGCTACGTAAACTTAGAAGGTAGCACTAACAAGCCCCGCGTACTTTCAGATAAGCTACCGGTGCGCCGTCATCTAAGACTGCTGAAAAACGATCGATTCAATGTGCGAAGACGATGGTCCGAAACGTATCTGTGACGTAACTAACAGTAGGATCTACTTGGACTCCGGTAATGCGATCCTTATCGATACACTAAGGCTACCGCGAAATTTTTAAATAACGACAAGCAATTTCACACAGTGTACCTCCCCGGTATGCTAGTCGCCCAGGTGTGTGTTATCAATGAGCCCTCACGGGGCTGTTACCCAACACCCCAACAGTTCCTTCAGCCTAGGCCCATGGCCATCTAACAGTCAGGCACCTGGCCCGACATTTAACTCTGTGATGTGCGCTATCAGCCGAAAGATTTGTCTCGCCTCTGCTGCATGGGTAGCGATTGTGACGTTTTAGATCATTAAGACGTTATTCGCAATAAAGTGAGAACAGTGGCACCGTCAAATCACACCTACTTGGAGGGGCGGGACTTTCGGAAAGTGATATCCGGCCTCGCCGGTCGTAAGGTGTCTACGCCGACACAGGGTACGAAATCGCAGATCATAGCGTTCCTGTATCCTGTGTTTCGCTCTCACTCTAGGTGCAAAGACAGATTGGACCTGTTACATAGCATCATGACTTGCTCGCGTAGTCCGCCAAGGCTTGTGTGCAGTAAAATCGCATCTGCGATGTGGACTATTTGGGTGGTAGCAATACATCCTGTTCAGCTCGGCCCTCGTCCGGCCCGACCCGGAATTTGGGCAATCTCATTATAGTCGTCAGGGTCAGTCTTTCGGTTAACAAAACTGGGTGATTTTACTTGTCCGGGCCTCGTCAGGTGTCGCGTTTGCGAGGATCTGCGCCTTATAAGCTTAGCACTGCTTTCGAGTTTCCACACACCACGGCTGATAAAACGGTAT,1213,49.88,Mus musculus
SEQ_726271,CTTGCTGTTTGATCGTTAGTATGCTGATTCCCCGGAACATCCTACAACCACACAGCTTCCGCTATATGGGAAATATTACGGGGTTGGATTGAAAGACCGTTTTGCAGTAATTAGGTCCACAAGACCCTAGTAGTTACCAGATTTGATATATTTCGCCTTCTCCCGCCATACGAAGTACACGTTGGCTCTTCCGGTATAGGTCAGAAATTGCTAATCTAGGGGGCGCACCTAACGTATACTTCCGAACTAGGCTCTACTCGTTTTAGAGAAGGCACGTTTGTACTTCTCCGTGCTCATCCTTAATGCGCGCAAGAGTATAATCTTGCAGCCCAATCGCGTAATCGTATCACATAACGGTTTTTAGGGGAATGCAGCCTGACCGTGCCTGGATCGGAGGTGAACCTTCAGTAAGCAAGACATCTGGCCGCTCCCGGAGGTTGAACGCCTACTCCTGTGGCTCAGAATATCAACTATCTTACTCTCGTCTTGCAGCTTGAGCCAAGCCCCATGGCGCTGGGTCAAGAAGGGTAAGTTACTCTTAAGACTTGTGCATCTCAAACTCTGGCCAGACCATAGGGTTGGGCCACCTACTCCAAGGAAACTACCGCTACCCCCGACATAAGCAGGAATCCTTTAGCGGTGTATTGAAATCTTTGCCGGGTACCTTGTGCAGTGGTGCTTCGAGTAAGAGAATCTGATTTCTATTTTGCGTCCGCCTGAGAGTCATGGCGACCTTATGTGTGGTGCGTTCTGCCCACGAAATGACTTTTGGATGGATCGCACACCTCTGACAGCGAGCTATGGAGCGTGGATAACTGGTAGCAGAGAAACCCGGAGGCCATGTGCTAATATTGGCGTCATCCTACATATTCTTTTCAGTTGACATGTGCGGGATGAGTCCGCCGTGGGGGAACGCAACAGCATTAAGTATGCCTGGTTTGAACACTCACGCATATCCCGCGCACAGTCCTGGAATTTATCGATACGGTAAGAATCTCAAACGTTAGACAACGATCGAGACTGTCCATTGAGGTCGCTAGAATAAGTCCCGTTAAATTCGTGGGGCACATACACCTCCTCGGATTGCTTGGCAAGATCACCATTTCTTTAGCCACCTCATGTCTTTCTTGCTGGTCCCTCTATCTTCGGTAGGCCGTCAGGGCCATAGTTATTACATTAACCAGATGCGGTGCCGACTATGTTTTATTAGGACGCAGGATATCTCACGAGGCTTTTGCCATTCAGATTAGCATGCCCGAAGATGCTCATGCCGGACTAGTACTGCCGC,1288,49.07,Saccharomyces cerevisiae
SEQ_334557,GACAAGATCATCGCAACTGGACTCGCCCGGATGGGCTTAGGGAGTCCATCAAACTTCAACGGCCCTCGCCGAGCAAAGATAGGAGAAGACTCTATGGCGTGCTCGGATGTGAATGAATGCGGCCGTGGGGTAATTGACGTGGATCGGACGATACCTTCCTTGGGCAACCATCCCTGGGGCCAGCTACAGTGATTAAGCTCCGTAACAAAGTCGTACATGACATGATGTTTAATAGTTATTCCGCGCAAAAGGACAGGACTGTGAGATACGGGACCCCAAGGATTTTAGCAAGGCATAAACTATTTCAAGGATTGGGCCCATGCGGGGAGCGAGCATAGGCGCGTGAGCTGGCGAACTGGCCACTTTTAGCTGTGAAAGCCCATTCCCACGGCGTTCTTTTGTTCTACAACAAGAGCTCGCCAACGCGGCCCTACCGAAAACGTACCTCGCCGAGAGGTGTTTACCAATGAAACATTGAAAGTACACTCCTGTCATCAGGGAGAAGAAGGACGACCTCGGAAATTACCGGGTTTCAGGGCTGGGATTCTAGACTATCCTATCGAACGTTGCTAAACGGGCAACCATTGTTGGTCACTACTCAACGGCTTCGCTCTTCTATGATATCATTACTTCCTCCAGGCTTAGGACTGTAACCTTTGACGAGTGGATCAGACCATTACCCTGAGGACACTATTAGTGTTACGGTTGGCTAGACCCAAAGCGGCATACTTCTACAGAATTATAAGTTGTTGTCCGGCAGCACGCAACCGACGAAGGAATATATCTGTGAGTTGACCAGCGTTCGCTACTTGAGGAAGGTATAGTGGGCCCGTATTTAAACCCACTTTCGGGAACCTCTTGTCAACAATGCTAGGAACATGAATGGAACGATCAACCGATGGGCCTGGTAGCAGGACAACCATATTTGGGACGCGGACGTTTCATATAAAGACTCAAGTGGAGGTCACCACGTGCCATCTGATCAAGCGACTCTGAGCGCAGTCCCATATGCTCAATGACCGGTTAGATGCAATGCAAATTGAGATGCCATGTTCGACTCTAATATCTTGCTAGAAGCAACACTCAAAGAGATGCCTGTTCTTGTGTTAAACCAAGAAATTATCAGCGAGTCTTCGTTTAAAGGTCACTGTTCGTGCCTGGTAAAGATTACTCCTCGGGTTCCGCTGTCTAGGATTATGGGGCAGTCCATTGGCTTGTGCGGGACTCCCCATCATGTTTGCCCTTTCCTCTGGCTAAAACATTATCGCCGCCCACCAGGTGCCCTAAGCATCTACAACTTATGGAACCCGCTTAAACTTACTGCCTATGAAAGGGACCCCATGGTCATGGCCGGAGATGTATCCGACGTATCTAGATCAGGCAATGTCCGCGTGACGAAAGGTTGTGCATACGACTTCTGACTATTCAGAGCTGCAAAGTTACTCTGACTTTGCCCACTTGCTTGGCAAGTGTGGTTCGACGCTGACTGAAGCGGGCTAGAAATTAGTGTTCGTATAGCAAAGTACTAACGTTCACATTATACACGGCACCTGGGATACAGCCGGTCATGATCCGCGGACCTACGCACGAAGGTAGAAAATTAATTACTTATTAGTGTTCAGGGCGTCAAAGAACCCTGCGAGAAGATATAGGCGACCATGCTAGTACCTGCGGGCTTCTCTAGTGACTTCGTGGGACACTATGCCACGAAACCTTTGACAGAAATGGTACCCCGACGAAAAGTACCGGCGAACGTGGTCCCGGGTGCTTCTCACGCCCAGCTGTATTCATAGCGATAGAACACGTAGTGACCTTAGTTCCCAAAGTGACCCGGGGAGTCAAATAGGATCTGGTAACAATATATCGACGGTTATGAACCATCCTTCGGTGTCTCAATTCTAGGAAGATCATATGCTGC,1918,49.27,Arabidopsis thaliana
SEQ_821789,GTCACGTGTGGGTCTGTAACCCGCCCACTAGACTTACCGGAACTGTCCTGAAATCAGGGACCGATGGCGCCTCTATGGACCGGTACGGCATTCTCGTCGAGAGCTGAGGCTAAACAACGCTAGACGGACTCCTCTCCTAGACCGTTAGAGGAGCCAGCACCCCGCAGAGCTTTCCAGGCTAAATTCACTAACCTATACCCCGGATTTGCGCCGGACTCACCGGTCTACCCACCTATTGCGAGACTCCGGCCTCGGAGACGCCTGCTCTGTAACGATCCGGCGGTATCCTGATTGATCTAGTCCGTATCAAGTATAGTTTTGCGTATTTACTCCCTAATGCCCAACCAGAGTGCCGATCAGGCCGAGGGGCATCGTTCCTTACCACCTAGTGAGAGATATTGATGAATCGAATGGTCTTTGGTCGTGAGCAACCGGCACACAAGGAAAAATGTCATAAAGTCGATTCGACAACCCATTGCGTCTGCCGTCTAGAGGCTGATTTCTGATGTTGAACTCAATCTA,522,52.68,Caenorhabditis elegans
SEQ_500817,ACCGAAACCCCTGGAATTTTTATATTGACTGACGTCAGGTATTGGTTACTTGCTTAGCTCCCTCTTCGAGAACTCTCCGTACATCGCGACTGCAGCGATTCTTGAGTCGCTCAGGAACACAGAGTTGTACAACCAGTGGTCATACATATTCAATCATCGTTCGTATCAAGTAGTGAACCAGGGGTCGTGTAGACGTAAGTATATCACCTAGATCTAACCTAGGCCCGACCAGGTTCTCATGGTTGGGTATGTATAAGTGCTGAAACATATGAAAAGACATTGTGACATTGCTTCTGCAGTAGTGCCAAGTGTGGTGCAAGTTACATTGCTTAGGGAGGTACCGTGGATTCGGTACCAACCGGGAACGAACCATAAGTAGCTTGAAAATTAGGATGTATGTTGTTGGGGTGGAGTTTCATGCGGATTGTCGAAGAGGAATCTGGGTGCGGCTCCGTCCCCCCCAGAAACCAACTAGCCGGGGTATGCTGAAACTCAAACGAGAGGTAGAGCTGTCATCGAAGATACCTTGAGATATTAACTCGAACCATACATCCAGGTACGGTGTCGGGAGGGAATCAATCGTTACTGCCCTAATTAGCTTCTTTAATATTTCTAAAAAGCCCGGTGCAATACGGATGCGTACCTCCCATCGGCGTACGACCAGGGCTTCCATTGATCATTTGCTACAAAGGGAAACGCGTACACAGGACTGGACTTCCCTACAGGAACTGCCCACGCTTGTACGATATGTAACATAGGAATTCTACTACTCCCGAACAATCTGCACATCGGCTAGCGCCTATAATATCGTGGAAGGTCGACAACTACCGGGTACAGTTGTTACACCTGTGCCTCGGTAGTCCTGCGAGGCGAACCCACAGATTCCATACCATCCCGGGAGGCCGTAGCCTACTAGCGCAAAGATGTACAGCTAACAGTCTTGTGATACCTGCGCACATAGCGCGCAAGCCAAGAGTCGCGGGCGTTACCCATCGGACCCCCTACTTTATCGACCCGG,1018,49.21,Escherichia coli
SEQ_760715,GGGACTCCTCCTTTCGTTTGGGATCACGCCGCTCGAGAAGCTACGAACAATGTTGTCAGCCCTTCGACGTCGAGGGGTATACGGAGACCCTTATTCGGGCTAACCGAGACCATAATTTATCGCTATGCAAA,131,51.91,Mus musculus
SEQ_299946,ATATAGCCTAGTGTCCTGATGCCTAAGCGGCTTGTATTCGGCAACGGCGGCGGCACTTGTTGAACTGATGCCTGGTTGCTGGGTCACCATTCTATTAGCCTCCGGCTTAAGTGGATTGCTCATCTGGCGAATTCCTGGCCAACCGATGAGTCTGACTTTGATGCGGAGTACCCCACTTTGGCGGACCTATTTCGTAAAACACACTGCACCTCTCCCGCATCATCTCATCAGAACGTTAGTAGATTCCACTGCTACGATGAGGACGTTATTACCACCGTTCTCGTCGTTTAGGTTGCGATCGAGAAACGACATTTCTTTCTACCATGGCTCCAGCCTGACGCCTGTCAAACAAAATACGAAGCGATCCAAAAGTGCGTTGTTGGCGACGTCAATAGGCCCTGGTAGCTCTAAACGGCTTGGTAGCCTTTCTCTTCTTGCGTTACTGGAGACACGCTAAGGTCCGGGCGGTCAAACGGCTTACCTTACAAAA,490,50.61,Escherichia coli
SEQ_607722,TGTTCATCATCAGGCGCATCGCCGGGGTGAGAATAATCATTGGACGGGTTCCACCGGTAGTCCCGTACGCTTAAATGGCAAGTAGCCGGCTGTCCTATCCGCACATAGTAAACATACAGCTCGCGCGTGTATATACTAAGACTAGTTCGGGTTGTAGGTGAGGACAAGTTCAAAGACCCGTCCTGTATACAGGCCCGTCACCGGCGGCGAGTCTTAGGGGTCACTGTTCGTTGCAGCCCAATGCCGGTTGCGGCTTCCTTATATGCATATGCAGCTCACCTATTTGATATACTTGGGTGATTTGGGGCCGTTATCGTCGGATTCAGCGCAATGCGCCGTCCAAGTCAAGGCTAATTCGGTCAGGCTCAATCAGTATGAAGACTAGACCGCCGACATTGCGCACCGAACCAGTTTAGCTACTACTCATCCCTATGTTCAGGCTCCGATAAAGGTTGGAATACATGGTGAGGTGGGTAGAATTCGGACATGATGACTGCAAATGCAAATGAAGAATAGAGAGAGCCATCATTGGATTAGACTAAGCGGTCGCTGCCGCTAAGCCTCTGTGCACCCAACCCTTGTGAAACTTTCCATGGTTAAAACGACTGTACAAACGTATGGGCTTATAGCTTCGGCGTTTGCTAGCGATGTATGACATTAGGCAGTGTACTTTTCCCCGACGGGGAACATCAGAACATAGCCTGGCTCTCGGGGGGAAGCCAGGCGTTCCGTTAATCTTCCTCTATCGACCCTCACATCCTATCAGCTACAAGAGGCTACCGAGTGACCTTATTCTATCACGTCTGCCATGTTCCCCGCTCTCCTGGGGTTCATTGGACGGCCTAAATAATACTTGTCCTAAATGATGTGGCCTTACTGTGAACCGCATCAAGATGACACTTCTCTCGGAAAATGAACCGATCTAACAGTATTCTTCGGAGTCTATCGGCTCGTCGAGTCCCTAAAGCAACCCTCCCTTACCCGCCCTAACTAAGGCGCGGTCGAAATAGCTACAAAGTGTTAGCGGGGACTATAGCGAACATAAATGCTCAGCCATAAAGCTCCAGGGATCACTCGTTACCCGCGCGGGGACTGATCTGCCAGGCAAGATAGTACGTCCGTAGCGGCCAGTGGACACTCCTGGAACTCTGTATAGCCTCGGCGCTTGATCAAGGCTTAATTACGGTCCTCTACTATTACGGGTGGTGTAAGGAGCTTTTATTGAACTTCGTAAAGCTCGCCAGACTGTAGAGTGTCCATCGTTTAGAACTGTTCGTTGTTAGACGCGTACCTAGGCGTCTTCACCTCTTAAGAGAAGGAGTGTATGGTTAATGTCCGATAGTCGAGGATCGAAGCCGTTGAGGATACGCTCGAAGCTACCGTTCATCTCAGCCCAGGATCTGTAATTATGACGCTTAATTTTCCAGGAAACCGACCCACTTGGTCGTGTTCAGTATCACTTCAATATTATCTGGGATTTGCCGCTGACGCGCACATACAGCGCCGTGCAGGCAAGTAGGTATTACTGGTTCGCCACCCGTAGATCGCGCTAGGTACCGGCGATTCGTCGTAGACGTCAAACA,1583,50.35,Escherichia coli
SEQ_778924,GCTGGTCTAACTTAATGCGGGGCGGGCCGGGCCTAGTTTAGCAGAGGTAGTGAAGACGAATTCATCTTTAGTGGTATTGGGCTTACCTCAACTATCAGGAATGT,104,49.04,Saccharomyces cerevisiae
SEQ_493261,CGGGGTAAATTCACGAGAATATCATGGGATCAATCTCACATCACAGAGACTAGGGCACTTGCGACAATTTGGAGACAAGATTGGAGGTACCTCTCCGGTAGGAATGGAGCTAGCCGAGACTTAGGAGGCGACAAATATGAAGAAGAAGGCTGTCACCAAACGAGCCCCGAACAACTATACTTACGTGCAGCTCCATGGTCTCATGCACATCTCCGTACCGCCTCATCCCACGCAAGAGCCCGTTCGCTTAAAAAATCCAATACCCAGCATTACGTAAGCATTGGCACAGTGTCTATTATCCCCCGGCAGGATGCCTCACCTAGTGGCTCTATCAGGTGAGATCATCTAATCAAATTAGTAAGATTCGCTCCACACCATTAAACAAGTCAATGGCTATGTTTTACAGCTGAACACCGTAGTGGGGCTTATGATGAAGTAGAACCCGAGCTAACGCACGCAAATGGTAAGACAATATACCCTTCGAGAGGGTGTGTTAGTGATTCGAGCCAACGCTACGTACAGAAGCTGGATGCTGAAGGGGGTCCCACGCATATCCCCCGTATTGCGTTATGAAAGCGATTCCTGATTACATGCGAAGACGTGAGTCGTGTCTTCACGGAATCCGGACGCTGAAACAGATTTTATCAAAAAAAGAGGCGGAAGTAGTACTCACGTGGGTACAAGTACTCGATGAGCGTTTCCTATGGAGTGTCTTGTCAAAGCTTTGTTGTACGAAAATTGGCTCGTTGTGACAGCCGTCATAGGTGTCATCACCGCTTAAGATGAAATCATATACGGTACCTTCGTCCGCTAGCGGCGCATATGCGCCTCACTAATTTTATGCTCCATACGCTGAAGTCTAGAAGCAGACAGTATCCTCAGTTGATAGGTGTCCCTGAGGGGATACGTACGGGTGGGGAACCGGTAGCGCCCGATTCACTAGTTGTTATTGGGCCGGTAAGCTTCCCGAGTCATGGTTAAACCCACTAAAAGCGTGTGACCAATTGGGGTGTATTTC,1018,48.33,Escherichia coli
SEQ_899657,GACTACGCGTGAAAGGCGATAGTGCCTACCCCAGGACGTCGCTCGAACCGTTCCAGAGAGATCTCTTTGAACCAGGTTACGCAACCCGTGAGGCAGTATGCAATTTACATTATCTATGAGAAAATTGAGTTTTCTCAGGGTCTTCAGAGACGTCGGGGCTAGACTTCTTTCCGTTAGCCGCCCTTGCGGCTGAAACCCTTAGCATATTAACTCCACAGGACGAACGTGGTCTATGTTAAGGGCAAGTACTACCGCATCTGTCGAGAGTCGGCGCTGGGGCCGATGACATAGCGATTCGGCGGGTTATACTTGTGTTCGGTGTGGGCGCGAATCATCTCAGGGGACACCATTTGCCCCGACAACTGATGCGCGCTATGAAGCGTCAACCTCACTTATGTGCTTGCTCGTCTATGTGCGATGAAGCCCGGTCTTTAGAC,437,52.4,Mus musculus
SEQ_371098,GCATAGCGTTCCCCGCGACCGCTGACCATGGAGGGCCCGGTAGAGTATGTAATCCACTTCAGTACTCAATGATGCTCCCGATGGATCACAGATAGCGGATAGCAGCTTTTAGAGGCCAACGGCAGACAGCCGTTGGGGTCAGGACGCCTTACTGAGGGCCTGCTTTTAAAGTTTTGAAATTGTTCCCCGCTTTACGTGCCACAACCGGCTCTCGATACAAGGGCCGATATCGTTGTCAGCTTCCCGCTCAACTAATCGCCACGGTACGAAACTGGGGAATATCCATCATCATGGCTCCATCAACCGTTTAAGTGGGAGTGGTTGAGATAATCTAAAGCCGAACGACACGAGGCGTGAGTAATAGGGACTGTTATAGTACAGCGAGCGTATGCCTCAAAACCAAGACACAGGATACTTAGGGGTCGAACCTTTTTCTGCAGGACAGCCGGTATGCATTACCATAGGTCTGCTACATCTTGGCACCATAAGCTCTCTGTCGGATACGTCTGGCCAGGGCCAGTAATGTACCTAAATACGGGGCTTGGATAACCGCGCCTGCCGATCCGCTACTAGGTCCGAAATTAGGTCCTTGGCTCTAGAACCAATATTAACATTCAAACGTTAGATAAGATCCAAGCACTCCTCCATCATATGTTGGAGCAGTGGGCTGATTCCCTATTGGTTCATTAAGATCTCATTAATGTCTTGGTAACATAGAAGTCCTGACCCAGTATCGGAGTATGTTCATGGCCCTAGTAGGGGGATCTGCGCAAGGCAATGATATTAGACTGAGTGCTCACGTCATGGACGTAATCCAGTCAGTATCAGGATCGGAGGGGATTTTTTTAAACGCTTACACTCTGGAACCACACCTGTCTATGCATGACAAGGTTGGACTTATACTCCATATTTAAAGGCGGTTCCAAATGACCTGGCCCCGGGCCTCAAGCGGCGACGCTGCCCACGTGTAAGCTACGTCACACCTGCCGGTCCTCCTTACTGGTTTGCTAAAAGAGTCCAACTACCACGCCATAACCGGCTGCGATTTCCTTAACCACTGTAACTCTAACGCATGCGGTATACACCGGATACCAGTGGAGGAGAGGGATAGTGATCCAAGGCCCCAGGCTGTAAGTACTCCAATATCCTTTGAGTGTCTTAGTCATATGGCATTCCCGGGGCCGAATGACGTATTCCAATGGCCCAATACAGGTCGCGAAATGGATACAGTTACACTGATGGCGCTATGGCATTGTCATTCTCTCTGCGTTTCATACCGCGCGCGGAACGGAATTGGATACTGTCGCAATAGGAGCTTCCAAGTATATCCATAGAGTTTCTTTGTATGGACCTTGTCGTTGACGGTGAGAGTCTTGGCCAAAACCGACTCTATAGGAGAATCCACTACGATGTATAGCGGCCAGCCTCAATTGACGTGCGTCCGTTTCACTCTTAATTAGATAGAGGCGCGCGAAGTAACGGGGCCCACCGGCTCACCACGGGTTGTTTCTGGGGATTCGTGCTATAACCCTCTGACGCGCTATGCCCTCTTTAGTAATGTACAACACTAACTGCACGCCGAAGCCTGGTTATCAACCGGGCTGGATAGCACCTTCGACCTTCCCCTTAACTTGGTGTGTATTGCGCGATGCCCTCAATAAACTTATTTCGACATGGGCTCCGTTCTTCTCGATCCGTATTATGTGTCCTTGATGACTCAAAGGGATGATTTCAGTAGCCAGATCAACCGAATCCTAATGCACCCTCTGACTGTAGACAAGGGACACTCTCCCGGTGGAGGCTTAGAGTAACTGTTCTCCCACAAATGAAGAGATCGACGGGGGGACGCTTATGCCTAACATGCGACGGGTTAAGCGTAATTCTTCATGACTCGATCACGCCCGTGCTACTCAGGACTAGACTCTTC,1927,50.03,Homo sapiens
SEQ_802903,GTTCTGAACAATGGAAAATCACCAGCTACGCCCTGTGTGCGGATAGTCGGGGTCATCGGCTGCGGCAGGGCAAACGACTGATGGGAAAATGTGTAAACTCGAGCATCTGTGGTATATGGATTGTGACATCCGACGAATAGTGTTATTAGCATGATCCCGATCGCGTTTAGTGCACCCATTTGAATTCAAATGTAAGCCAACGGTAAGCAGATGTTCAAGGCATGCTGATAGACTGACAACGGGCTCGCGACCCTTGTGCCGGTGTGAGGCCACTCATGTTCAGGCCACAGGGCGACAACTGCCTACTTAACGCTCTGCATGCTCCGCGCGCTCCTCAAACTGCTGCTATATATCAAATCCAACCAATGCGATTTCATATTAATACTGCGCTCCGGCTACGCCACTAGCTAGTTTACGCAAGAATAATTACCATTAAGTGAAGTACATACGCAAACCAAGGCTCGTGGTGGCCCTTTTGAGCTCACAAGAAGCAGCGCGCTAACCTCTGTGTGAATTTTTCAGTGCCTGGTGCATTGGATGTTATATCTTGGTGCGTATTTCGCGCCGTAGTCTTTCCCCAAGATATTGGTGGATTGTACACTCGCGAGAAGTGATCATCAGGCACAATTAAATGCGGTCTCAGGCAAAAAGGCACGCAGCTGGAGAACCTCTTTGACTTAGCCGGAGATTGTTCGGAGGGTGGACGTCCCTATCGTTAAATTGGTGCTTACGCGGTGGATGGTAGTGACGACCCAAGGTCTGTTTAAACAGGCGGGCTCAAGAACGTCACATAGACGGGCACTAGGTTGGTATCTGGATGTCGACAACCATTATGTGAGGTTCAATCACAAAGATAGTTACATATCTAACTTCCGCTGTCACCGCTTCCAACTTTCCTTCGGGAAGTCCGAGTATGGACGTGGAGTACCGAAATGCCCATTATCCCAGTGAAATTAGCCTGCCCCCGCCCCTGAATGTTTATCTCACGAAACGGTTCTCTGCCAACTGGTGTGAGATGCGCCGTCCCTGCTCGGGGGTGCGCCAATCTTACCGTGCGATAGCGAAGCCCAGTCGTAGACCGAGGGTATTGACGTTTTTGTGCGATTAATACCCGCAATCGGTGCACGGAAGGCGAACTCCCGCAGATTAGTTCGTGCTGCTAAATTAAAGTCGCTTTTGTGAAGGAAACCCCACGAAAGCTTTACACGCAATTCAGCCGTGTATCGTTGTGGTCTAACGCTGCAGACACTTGCGAACAAGCCACCGCCAAAATTGAGCCATCCGAGCACACATCGACACTATCGGTTACCGCATCGAGAAAGGCTTCAACCGTCATGCAGGTAATGGCTGTTGCGGGCGTGGCCTTCCATTCGCAATGTCGTCCGCTGATCAATTTGTAGGACTAGGAGGTGCGCCCTCTGCTCTGGAGCGTAATCAGCAGGCCACTGGGTGCTGGGCAGTAAGTTCGACTCGTACGGTTTGCACCCTGAGGGGATGCGGATCGTCAGAAGGCACGGAGTGCTTTCCGTTGTGAGTGAATACTCAGTCAATTGGTCCCTATTCCGGGT,1568,51.08,Caenorhabditis elegans
SEQ_844431,TCCTATTGCCGATTATGACTTCCGGCGAGAAATATGGGTGTTGATATAGGGTCGAGACTCCGCTGCGCTTAATGCCAGGGTTATATCTACATGGATGGGCCTGTTGACAGCCAACGCGCCTAGGACTCCAAAGGTCACCGAAATGTTGTGGGAAGGCCGAGGTTCAGTTCGAACGACTTGGAGGTTGTAACAATCAAGGTCGCCTCGCTGGTAAATTCACACAATACGGAAGCTAGCGCGGCGAGCGCGGCAGAAGCGGAAGCATAAAACAGCCTGTTGGGTCAGATCTGAGAACGAGGCCCAAACGTAATCATAATACCAGACTCAAATCATGTGGGTACAAACAGCGTTCCTATAAGTCTAAAGTGGCGTAGCCATATGTTTGGCCACACTCATGATTCACTGACCTATACCTATGGAATGCATTACAAATAAAACCCTTTGGTTCAGGCGTAGTCACGGATAGGTAAGTTCGGCTATGCTATGATTCCCATTGTCTATTGAGTCCACATTATCACGGGCCCGCTAACATACACCTCAATCTAAAAAGGCTTCGTGCCCAATGAGAAGGTTTGACGTTTCTGGAGGACAGTTGAACGTAATTCAGACTTGGACCCTGAAACGTAGCCATCCTAGGGGTCGCGGAAGTAGTGCCCGGGATCCCCCTCAGGGGAGGTAATGAACCGCACCTTCCGGGGTATTCGGTTGATCACGCGAGTCTGTGCGACCACTCTAAGACTGATTATCGGTAGCACTTCCTACTCGCAAAGGCACGTCTTCCTTTGCTAGTAGTAAAGCCTCTCGACGTAAGTAGGCGCAGACGACTCTCTAAGACACAAATCGCCCTGGTCCTAAAGTATCGCTCACACAACCGCAGTTGGGGTCAATACCCAGATCGACGCGCAATCTAGCGGCGCCAGTACCGCTACGTGACTAAATGTGATCACTCCATGGTATGAATGTGTAGGCTTTTTGGACGTACACTGGTCTTCCAGAGGGTGCAGGGTCTGAGGAACCTAGACGCCATCGAGAGGTTGCCACGTGGAAAGACGTGAATGTACCCTGCTATGCGTCTAATATCATGGGAGTAAGGGCTGTATATTGAGATAGTGATTTTGTCGGCCTGACTTACATTGAAGCAGTGCGTTCGCAACAAACCGTCAGTGGCGGAATGTTCACGGTATCGACCCATCTCGGGTCGACTATATGACTCCTCACTTAGGCAGGCCTTGTTATAAGATAAAACGTCCGATTTGTCATGTATACCCGGTACTACGAGCTTTTATTTGCCAACAACCACCAGGGTGGGTCTCAGAACCAATACCTCAACACGGGTTGATTCCCAACTCTATAGTCCATAGGCTGCTTCGAGTGATGCTGGGCACGATTGTTTGCAGGCGAGGACTCAGAAAGAAAGGACCTGAGGATCCCACTAGAAACCCTTAGGTCCAGGGCGAAAAAGCGGCCTGTGCTGTAGCCGGCTCAGCCTTTCTTGGTCGGATTGCGCAAGCGTGTAGGGGTGCGAATTCGTTTCGTTGGATATTAAGAGCGGTAAAAATTACGGACTATCTAGAGAGGAGGTAACTCCACGTACCTCTTGAGTATAAGATAACATAGTTACCAGCGAGCCAAGATTTTGGCTCCTGTCCCTCTACTTACTAATCCCGCGATTTGCTAAGATATCACCACCCGAATACGATAGTCCGAGAGCTAAAGATATTGGACTCCCGCACGAGAGCCTCCTGATCTCGATATGTCATGGCGGCCCCAGTCCACTGGCAGACCCAAGCATTCGTACCTGGTCGAACACTGGGACACCTGTTTGTGTGAAAAAGTCTAAAGGACACAGCGCAGTAGCCGTGGGAAATTTCCGTTCCGCTCTCGCTTAAGCGCATGCCACACACCTGATATCGGTTACTCTTGTTCCGAC,1930,50.0,Arabidopsis thaliana
SEQ_585864,TTCACGGGCCTACCCAACATATCCTAAAGAATTCCACTCAAAACTAGCTGTATCCATCTGTGCTTAGACCACAGCCTAATGGTGAGTCGCCGAATGGCCGCACATTAACACGAGGGGGCCAACAAGGTATGGGAGGCAACCCCGTATTTCAATACGTGTCCATCCGCCCGTTGGTGGGGGGTTAAATGGTACCTGACCAGTTTCGCGAGGTGTCATGGCGTAGCTACCCTGTGATCTAATCCCATGATTCGTCCAGCACTTTTTGACCGCTATTAATTGTTATTAGAGCGTTGGATTCTAAGCGTCCTTGACAAGACGATGAGCCATGCGGTTGTAATGACTGATGGGGCACTAATACGTCGCATGTTTCAGGAATCGCAAGCGCGAACAGGCTCTTCGCTAGAGGAAAGGGCAGAGGAAAGGCCTTTTAGGGTTCGAGAGTTCCCGCTGATGGCCTCGGCTCACACATAAAACCGGCACACCTGCTTATTGTGTATGTCCTGGAGGCGAGAGGTGGCAGACGCAGCTTGGCTCCTTCCAGCGATAGTAACGTTCAGTCAGC,562,51.6,Mus musculus
SEQ_715161,GGAAGCCGCTACCGCCTGAAAGGCTCTTAATACCGGACCAAGTACGCACGCATAGATGGACAATATCCTCTACGCTCAGACCTGCCCACACAGTGAATCCAGAACGGAGTGCAAGCGAGAGCACGTGTATGACTTGCTAATCGATAGTAGCCGACCGCTTTCAGTTTGTAAAACCGGATACCAACTGACGACTTTTCGCATAAAGAAAACATTAAAAACCGCGCATTGCGTTGTTTTTCTCACATATAACTCCCTTCGTTTCAGATCTGTGCACAGGTCATACATAGATTGTACGGTATACATCGACGTCCTATTCCTGAGCCCTTGTCAGAATTGCTGACATATGAGCGACTGACCTATGAGGAACGAGACCGAATATTTGGAAAGACGCACCACCTAGTCAGTGCGTGGTAATAAGGCCCTGAGCTACGCACACTGCGGATGTAAGGATTAACGGTGGTCTACCAAGTCTCGAAGATGGACTATTGGTCTCCTTGTCCAGGGTGAACCCCGCTTCCGATGTCTGAGTCGATAGCCCTGCAATCCACCCATTCTTGGTAGCGACTTCAGTTTGACTCAATAGCAAAGTGGCCCAAGGTGTGGATGGAATTACTCTAAGTAGGCAACAACTGTTGGCATTCTTCCAGATACGTTAAGCTAAAACTTACTGCGGACGTTTATTGTGGTCGCGACCCGTAAGGCTGCATGGCCAGTCAGCAGCCGCACACGTTCTGGCCAACCAGTCCGGGAGTATACACGACCAAAGTAATAGATGGGTGCCTGTAGCGCCGTGCTAAACGTCTCCATCCCGGCTTGCAGCCGAACTAGTGGGTGGCAAAAAGGGGCACTAGTCTACCCTCTCATCCTCAGGAGATGCTCTCGGTTTAACCGTTCCATACGAATTTAGGCCAAATCGCGGACTATAGGTGTGACCAAGCCCTCTGTTGACATAGAAAATGGAGAAATTGGCGTAATGGCTATATACAGTGGTTGCTCCAAGACCATCTTTTACGTAGGGTTGTTCAGTCTCATATCAATTGAGATCGGCATATTAATAAATGGGAAGCCCAGTATTGAGAATCGCGTAATCAAATACTCGCCAACTTAACTGTTCGGCAATCACTGCACTTAAGAGCGATGGTTTACAGATTAAAAGTCTAGTTATGAAGGCGCTAACACATGCTATGTTCCGCTCTTGCCAGCACTAACTGAGGAATCGGAGTTGAACACATAGATGGAATTAAAACCCGGCTCTCTTGCTACCCGTGTGAAAGACTCCTTTAAGACGGCCTGAGAAGAGTGGCATGTAATCCAACTTTCTAGCTCGCCGTCAAAACCAATTTCAACGGTAAAGACGGTACTGATTCGTGCGACGCTCAGTTAAATTCGTTTGAAGAGCATAATCTAATACATCCACTTTTATTATCAGCGGAGGACTCACCGTCCAGTCATCTCTCGGTCATAAGACTCCCCAGTTTTTCCCTGTCCCAGAGCTTGTGGCCTCAACTATTGGGCTCGCTTGTGCACGAAATCCATGGGGAAATTAGCCCCAGAATAGATTGAGATCTCCGGTGCGATTCATGTATCGCATCGCCCAGGCTCATACAATCACTGGCAGTGTTGAAGCATTTATATCCCCTAACACGCAAGACAATGACCTCTAACTTCCTGGTCTCGATTCGATCTACATGGTGAGTTTCCTACGACAGTCGCGACTCTAGCAACAATAGGGAAACTGTCCCCACTCTAAAGCGTAATGACGCCGTCGTCATAAGGAAACGGTT,1784,47.65,Arabidopsis thaliana
SEQ_719002,TCGCAAGTGTCAGCCTACACCCTCTTATTTTTGAACTATCGGCAAGCGACCCGTGGCTATCTGAGATCCAGTTACACGAGCCCAGATACAGGACCTGGCTCCCTGGCAGATTTTCATATACAA,123,49.59,Drosophila melanogaster
SEQ_580520,ATAGTCGAGAAATTTTTACGCTTTCTCCAAAAGTGTATCGCTTAAAGGAGTCTCAAGAGATGCGTCCGCAGGCATTGCCACGAGTACATTACAACCGTACTTTTTAGAATTCGCCGGGGATCCCCTCGGCATGAGGGACCCTGCTTAGCAGTAATCTACGTACCCTTTAGGCACTAGGTGTCAATGCAGGATTTATGGCTGACCATTCCACCAGTACATGCATGGACCCGAAGTCTCTATAGTAAAAAGCTCTCGGGTGGCCGGTGCCCAAGTATGGGCCTGGAACAGTAAGGTCATGTTCATTATGTTGTTGTAGTTATCAACCAACGTTCCTCATCCGAGACCGAAATAAGGTCACGGGGTGGCGACGACGTTAGTTTGCAACATCCATCCCTCCCTCACCCTCACTCATACGGATGGTATAGAAGTCCCGCGGTTACCCATAGAAGCAAAGCTACTTCCCCGCTAGACGAGCGCTTTTGGATAGACATTGATGGTTTGATACGTTCCGAGGAAGCCTCAATGACGAATTCGATACGAAGTGTTATTCGGCACTGCACTTCTGCCCTCACTACCCTGAGGTTCTGCTTTACAGCACCCCGAGTTCCCCCGGCCGTTGGCTTAATAGGTTTCGGCTGATGACAGCCACACACCCACTTTCGCGCGTCCAGAACCTGTTCTAGTACACAACCCGCAGGATGGACTAGTGACACACGACTTCAGGCGATTGGGATAAAGTATAGGTTGGGGTATAAACTCAAAACACTGCTCTCGTGTATCCACTGTTCCTAGCCGTGCAGCTGGTTAGGCCACTGTAAGCTGCATGCCTTCGGCGGCCAATTGGGTGTCTCTTGTACCGAGTATGGACAAGGTCACGCCAGTAGGATCGCGTTGCGGCATCTACATATCTAGGTGCTGGTCACGTAACAACCCTGTGTTCTGTGTTCCATAGCGCATAGATAAGTACGGACCGCACAGTATAGACGAACGGGCTTAGCTATATGCGGCTTCCTTGAAATAGAAGACTGCAGTCCAAGGCCTGCCGATAACACCCCAAACTCCTGCGCACTTGAGGTACGAGTCACCATCGTCTATTTAGCTATGCTCCTCCACGTAAGGCGTAACCGCAGTACGTAGCTAGGCCGGACGATGCACTTACAATAGCTACTTCGCATCCAATCTGTCAACTCGTTGAGGGGTCCGATTCAGCGTCCCCTTAGGGCGATTACGCGTGGCTCTATGTCACTGCATCGAAACTCAGGGTTTCGACCCGAAAATAAACAAGAACACGCTAAATGTCTTGACATGGGGCGCGAGTTGTTCTCTGTACTGACCCGCAGGCATTGGGCGAACAACGTTTATCGGGGTGGTCTTGATCACCTGAGTAAAGGGTGCGATTAATTTCGGTACCCCTGGGGTGACACGGCAAGTAGCATATCGGTTACCCTCCGATTGCCTTGATCAACATATTACCCTCTCTAACGGGACTAACCCTGTCCCCGACGCAAACCATGATGGTACAAGTGAACCTTGCCAAGGGTAGTCATTCTACTACGCCATCCATTTCTATGTTCGGTCGATCCGAGCTTGAGACACCCCACAAGTGGTGCCTTTGTAACGGCGGATGTTCGCAATTTGAATAATAGACCTCTATTCCCTCTAAGCAATAGCCTGGTAGATTTTACCGAGTACAACCGACCTCGGATCGTGTACGCAGGCGTCAGTGTAGAGATTAATGCCCCGATTTTGTAGAAACAAATCCATCTTGTTGACATTAAGGGCGTGTTGAGATCAATTATGAAGAAGCTCGTCAACTGCCCAAGCGTTAGTCTTTAGGAATCATATTGCCTAATGAATTACTACCCGCACTGCGCCCAGTCCCTACATGGGGGTAGTAGCTCCCATCTTGGTGTTGTATTTGTATAGTTCAATA,1933,49.72,Drosophila melanogaster
SEQ_873852,AAAATAGGTAGCCTGCGGATTGATCCTAATATTCTCGTGGGTCGATGCGGGCCCGAGACTAAAGCAGGGAAATCGCGCACTAGGGTAGTGTCCTCAAGGAGGACTCCCCTGCATATGTGGGTAGCTCCATAACAGCACCAGCTCTAGCGATAACACGAGAGCGGGTGGGGTGTGAGTGGCGGTGAGTTCATGATGAAGATCCTCGTAACGAGCGAGGTGTGGACTCGCACGGATCGACGCCCGACTGCCATCGGAATCATGTTGCTTCATCGATGCAATATCCCGGCGATAATGTTGCACGGGAATAGAATTGCGCAGCGGTACTGTAGCCGAAATCTGCATTCCGACGCTCACAGGAGTGCCAACTTTCTGTCTCACAAGAGATGGCCTCTCATACAGGCTACCTAACATACGCTGCGCGTCATGGCGGTATACCATCATGACCTCTTGACTAGGATTCGTGTGCCCCACTATTGACTATATTTACACACGAATAATTCCATCGTGACGATAGGTGATGTGAATGCGATCCCAAGTAGTGGGGCCTATCAGGCTGAGAACACTGGACAGGTAGAAGAAGTACGTCAACGGCAACGATACAATGTAATTCCATGTCACGCTGCGAACGAAGGACAATTTAGTTCTCGAAGCTATTTGCAATTCAATACTGTCAAAATGGAATTCTCACTTGCGGAGTCCGCGGCATCTGATACGCTAAACCTAACCACCCGGTAAAAGTCTTCAACATGACTTTCCAACGACATACGATCGCGGAGGGTGCCCGATTGGACAAATTCGTTTGGTGCCGTGCGGAGCGTTAGCAGTGTGCCTCCCCCCTACCCGACTGGTATTTCCTTACGAACTTTCTATATTGTGGGCAGTACGATGGGTTGCAAAGTGATCTTGCCTTCAGTCTAAGCCCGGGCCGGCACATTATGGTGACGTCACAAGCGCGCGTGAACGTCAACTCTAATCATCGCATAGGCTTCTTTTCAAGATTATCACATTAAACCGTGGATGGCTTGAGTGGG,1031,50.44,Drosophila melanogaster
SEQ_717158,TATGCCACGGTCCCTGGAGTAACGTAGCCCGGCGCACCGGATCACTACGTCAATCATTGCGTACAGTATAATACGCCTTGGGTAGTTATTTAACGAACTCCGATAACGTAAGGGGTACCAGAAGGAGAAAATTTACATGACTGCTCAGACATAAGGAATCGTACGCTACGCAGAATTTTCTGTAATACGTAAGCAGGACAAATCTCTATACCTTATGTTCCTGAGTTCCTAAAGTCTGGAGTTAAGTGTTATTTGCAAAAGTCGCCAGATCGAGGCCGTGCAACCTAAGGAGCCACCTAAGCTAGCAGTCCCTGTATTAAACCTATACCGAGATTCTACATACGCACGGCTGTCTAGCTCGCTCAGGCGGTGCGACTCTCGTCTGTCTTTCTGACTTTTAGTAAACGTGCATACAAACTGGTAGTTATCGAATCATAGGACCTTAATTGCAGTCGCTCAGGCAGAGCCGTATTGTCGGCGGTAACCGGTGTCTCACGACCCGTGTTCCATACCATTACAGCTCTTTACAGTTCAAACCGTTCCTTTGTACACACATATTAGTGACGGGATCGGACTTCGAGGGCGCCACCCGAGGACTGGCGTTGGGATGCCTTCTGCCCGCAATGAGCTCTTGCGTGTTCCTTGGCTGGGACGCTCCGGGAGGCCAGCACGTGATGGCGATTTGATCCCGGTGCAGGACCTTCGACACATCCTCATAAATGCGGTGTCGGATATGAAAACGACCCGTCGGACGCCTCACATGGCCTCGAAGGGGAATCTGCAATCTCTTCATTATGACAATAATGCCTACCTCCTCAGGTCTCGTATGTCACAAGTGATCTACATACCAAGACTCATTTCTGTAACCACCCAAAAGCACCTTTGTCTCACATTTCCACTGCCTAGATCCAAGCATACGTGACGACAAAGATGAACCTTATTTCCGGACCTGTGGAAATTCTTCTAGCCTATTCCAGTTTTGTCGACAGGAGCATTCATCGTTGTGGAGCACACGCTTGTCGTCGATAGAATCGCATATTCTACCAGAACAAACGCACTGGCTGTTCGGGTAGGCATGTTGTTGTAGATAGTTTATGCGGCACTTGAGAGCGAAAATAGCATAAGGCTCCATCGATCCATGCATGCAACCGCCAGTACCGCCGAGCTCAACCACTGCTCCCTGAGCTTCAACGTAGTCTTAGTCCTCCCTCCAATAGACCGGCAGGGAGACTATATTGATACTTCTTCACGATGGAGCCACTTATCTCTCATTCGTTCTCCGCATGGTCGCATTGTAATCGTTTCGTTCCCATACCCGAGATTTACCCTATGATAGAGGTTCAGTAACTATTTTACAGGGCAACATTGCTATAGATTGGCATTTATCACAATTTGGGATAAAGGCTACAGTACTCGTTAGAAACCACGAAGGGGGCTAGCATTTCTACTTGGCAGTGGTCCGCGAATACCAACATGTCGGTATGAGATTTCCAGTGAGAGATCAGCTGGGCCAGTTACCCAACTTTGGATCTGCGAGCCCCTAGAACCGTCATGCTTGGCGAATGGCCGCGCGCAACCTCATCCTTGGGCAAAGCGCGCAGACGCCGGCCCAACTAAAAAGTCCAAAGGACTCGTTATCTAGTCGTTCCGATGCGGGACCGGCGGATTTATAGAGGCAGAACAGCCTTTATTCTAAGTACGCGCCCAGCAATTATTATCGGTATACGGTGCTGCGGGTTGCAACAAGAAGAGCTCGGCCACTTAGGCTGTTTGGGACATTCTGTCACTCGTCCGATATGTGCAAGGGCCGCAGCATGCCGATCGTTCTGTGGGCTAACGAACTTGTATGTTAAGAAACTGAGAGGCTATCGCAACCTGTGTAAAACTCGATTGTCCGTCCTTAAATACCTTTAGGTGGTTTATCCT,1926,49.07,Drosophila melanogaster
SEQ_269218,CCTCCTATGTTGATGTCATGCAAGACATTTGTGGCAGCGGGACATTGTCGGATTCGGCCACATCCATATTTTGCAGTCCGCAGGCTATGTGGTGGACCACGGAATGATGCTTCCGTCGACATCAACGCGAGCCATTGAGGACTGGTTGGCGGGTTCGATTAAGTCCCAAATTCGTGATTGGTCTTTCGCCAGGGGACACCGATCCCTTTCACGCATGAATGCCCTCCCCCAGAAGCAGGGCTGGTGCAAGGAGTAAAACGGAGTTAGGAAGCTATTGGATTGGTTGGCAATGCCGGCTGTTGGAAGCAGAAGCAATTTGACACAGCCCGGCGTAGCGGCCAAAAAGTAATCACCCTCGATCAGCCACCTCTCTTGGGAATTTTCTTGGTCAATGATCACTATCGGGTAGGTGACCTTAGGAGGGTCACCTAAACGGTGGTAGGTTTAAAGTAAGTATCGTCAAATTATAGTGAGTTGATGTATGCGGCATTCATATCATCTCTACCGTCCGATGGTTAATCGCTGAATGCGCGACTTCTGTTTCACACGTCGTTTTACAATGCAACATCACCCGAATTAATGTGCTAGGCATTACACATGAAGCGTCATCGGCGTAACCTCAAATTAAACTTTACTGGGTCAAGGGGAACACCTACGGGGGCGTGCGTAAAGTGGTAAGTGAGCACGTCAAACTTGACTATTCTATTGCTGTAGGTGCTTCCTTGATGCAATTTAAGTCGTATACTAATTCACGAGTTGCTGGCCACCGGTAACGTACATCATCTTTAAACTAGCACTGTCGCTTACAAGGCTTGATAATGCGTGCAAAGAGACGGTGACCTCGCCTGCCCTCAACCAAGCCCGCCTTGGCGGACCGTGGGCAGGACCCTAGACACGACCCTGGTCGAACTTTGACTTCCGATAACCCCATACCAGCTCGGAATTAGGTACCGTCCCCCTAGGCACGCCCGTCGGTCAGTTCCAAT,986,50.3,Mus musculus
SEQ_459633,GAACTTGGAATTTCAAGGGGAAAGTCTCCCATTGCAGTTAAATCTGCGGAGGATCCAGGACTTGGCGGGCCTGGGTATTGCCTTAAGACAGAGTCGCTCGCTGGAGGAAGTAGCAGAGTCAGGGTTACGGGGTATTGTTAAAATCGCGTCTATCTCCGCTAAGTATTTTGGTGCGCGACTAGGAAATACCCCGCCATCTGGCCTAACACCGATTCGCTCTGAGAACCACCATCAGATCGTATGTGGATGACCGGTTTAGTATTATCCCAACTCGCCTGGCACGTTTGGACTTTCGGTAGTGGAAAGCACGGTCCCCCCACCGCGATGGGCGCACGTTTCCGGCTTATAGTCGGGGGTGATTTATTGCCGCTAGAATCTTGTTCGTACCTGCACATATCGGGCGCCGCGTATTGGCCATCCGTTTTAGTTTGGATGGAGCGAACCATGCACCCAGGTCGAGCCGCAGAGGAATACCCACTCATAACGGCTCGCTGGGGACTATTAGGCAGAGTGTCCCCGAACGCGCTAAGCGTTGGGGCCTCGGGCGCCAGGGGAGCGGCGCCAGGCTGTAACATTCCGGACAGGTTGGCACGGGCACATTTACGGTATCTGTCCCTCTTTGGAGCGTTGCGTGACCCCGCTAGGTTGGTGCAGAACTTGTTCCAGTATCCTTGCCAAAAGCGGCGCTCACCTAGAGTTTATGCTGGACCCTGACTCGACACTTCCTGTGATGGGGTGTATCGGGGATGAACAGGTCAGTAGAATGGCGGCATAGAGTATGAGGACTACTCATATCTTACTCTCTCTAGAGTGACGTACTACAAGCTCACAGTTATG,837,54.12,Escherichia coli
SEQ_710113,CGTGACTAAACATCGCCTACCATGCGGGCCGAGTAGCTTAGAGACATCATGTCACTACAGCCTTCCGCAGGTGGTGCTTAGGATAGCTTGTACTGAGCGTCTGTTCGGGGGAGTGACAAACAGACATCAGAGACCTTGAACGGATCGCGTTAGTGTCTGAATTTGAATTATTAAGGAAGGCAAGACAAGAGCGCTTTTCGACTTTCACTAGGCGTCTCCGCTAACGGCTGAATTGAACTAGCCTCCATCCTGTGTTTAAGACTAAGCGTCACTCTACATACATAACTAGCTACAGCGCAATTCCATTCCACGTCGAACCTGATCTGGCGCGAGGAGAGGTGAGGACAGGTGTAGGGCCAAATCTTCCGCTAGGGCAAGTGAGTGCGTGGGAGTATTACTATGACAGACGGTGTGTTGGAGAATGGGTCTGATAGATGAAAGTGGACCGCGGCCCAGCCATTACACCATGATCGTCGCAGGTGCATGCCAATCGGCTATCACCTGCATAGTCCGTTAACGCATAGACAAACTTTATCGATTGAATATCGTTACGTGATCTAAGACACGGAAGAACGGACTGGTGAGTCACCCTGTACCTCCTGCTCCGCGCCACCTTTAGTTTTATAGATTTTTAGATGTCTTGCTGCATGAACTAGAACCAACACGACACAAAAGCTCAGCCTCTAGGTGCAACTGATGTAACCATGCGTATACTAGTCCTCTGATAATGATGTCAAGAGACTGTAAGCTCCAGTAGGGGTGAAATGCGAAGTCGTTGGCTTTGACATACATATAAAGACTAAGAACTCTATATCGACTTCTTTGCAGCGTCTACAATTTAGTAGCACTGATTTCGTACCCATTCAAGACTGCGGCCCAGATTGAGGTGGAACTCGTACTTACTGGTATCTCGTCGGAGTTAGAGGATTTTTTTCGTAACACGGGGTAGCCTTTTCGAGTAAGTACGGACGTAATACTGACTATTCCAAATTGACCGGCCGATCATCCGCTGAATGTGTCCGGTGTAATGAATCCATCCTCTTCATTTGCACAATCCATGCAAGATTTAGCCTAGCACGTCGTGTTATAAGTTTAAAATCTGAACCGTCTCAGATTGACATAGAGGGGAAGAAATCATAGAACGCGATTTTGCAAGTCTGTAAAGACTATAGGTGATCCGGATCCAGATCCCAACCGTGCGAAAAACATCAGTACATATCGATCGGCAACTGCCATGGCTATATATGCACTGTACATAGCGTTAAAGGGTATCTCAATATACAGTTCTCGGGCAACGCTTCGGGATGGGCCTCCCCAAGACTTGTTCAGATTAGCCGACGCGGCCGGTGGACACTCAGGACGACCAGACAAAAAGGAACCAAGCTACGAGAGCTCC,1396,47.35,Escherichia coli
SEQ_439090,CCTCATATCCCCGCACTTGACACGTGTCCGTCCCCATAGTGCCAAGTCGGATGCCAACATAACAAAGAAGATACTTTCGACACTCTCCGAGCCCGTATACTCTGACGGGCATTACTGGTCGCAGGGGCCAAGGGTATTTG,140,53.57,Mus musculus
SEQ_817178,CCCTCAAGGCCTGCGCTTTAAGGTCTCGCCGCACGTACACCGGAGTCCGTACCACCTTAGCCGTCGGGGAGACATCAATACATCATCCAGCTCCTCTTGATCGGCGTGCCAGACCGGGATCACGGGGGTGATACATCGACTCAACGTCTTTTGTTGCCCTTTATGTACGAGGAAGCTAACGATGGGCAGAGGCGCAACGTTTCCTTTGCGCATATTACAAGCCGATGTGATGATAGGTAGGAGGCGGTGTAGTAGCTTGATCCCTAGTTCTCCGCTTGTTTAGAATTCCACTAGTTTGTGATCCCTTGGAGACATCACGCAATACCTTTTGGTTCGGCCTCCACATGCCGCGCCAGACAGCCTATTATGGTTAGAACGGGAATCTTGGACTCTGCGGATTTTGTGTTTCCATTCAGAGGCGGTCGCGCCCGGTTCATGTCAGCCGTGAGACTTACCCGGCCATGTGTTCTCTTTGGTCAATGTCTACGACGGACCCGCATAGAGCGGCTTTGCGGGTGTGAGAGTAAGCAGGGGTGGTAAAAACTGGATCGGCCCGATGACGTCAGACGTTAACCACGAGTTCCTAAGTGGCGCCTGGACTCACGTCCTATTTGCTCTGGAGTCTCCGTTTACCTTGCATAGTTTGCGCTTCAACAGAACCTGGGTACCGTCCTCTGATTCGAAAGCCATCCCTGGGCGCATCCGGGCGACACCCATTTGCGTGGAACATCCAATCCATGCGCAATATGACCCAGTCAGTTTTCGTAGTAACGTAGCTGCTCCACTTGATAGGCCTCCATCGAAAGATAGTTATCGTGCTAGGTTCTTCGGCTTTTCCTGGTTATATATTGTCATTTTTCACTTCTGGGTTAATACAGCTTGCCGCAGCCTAGCTTTAGGCAGGGCCGGGTTTAGAACGCAACTCTTGCGGCCAGCGTTCATGGCATACCCGCTCACGTAACCCGAAAAGTATGTAAAAGGCGGATACTTCCGCGGAGACGATGCAACACTGGGAGAGGTAAGCACAAAACCAAGTAAAACGATGACTCGAACATGCGAAAGACGAGAGGATCAAATGACTTCTATCGTAGAGCTTTTAAAGGTGCTTCATGGGTAGGTTGCCCCAATCCTCCACAATGCCTACAAATTGCCAAGTCTGCGAAACAATTGGTGGGCTAGCACTCAACCAAACAGTCAATACGCTACTTTCGCGATTCTACAGGGTTGGTACGGATATCGATCCACAACCGTGACAGCGCTGAAAAATCTGGTACTTTCACAGAATGGAAACCGGTAAAGTATGGCTCTAGCAAGTGCACTGACCGAATTGGAGCGGGAGAATTTCATTATGGTATACTTAGTGTATTGTTACGAACACGTGGGACGCTAAGAATCGGACCTTAACGCGGGGCACCTGTCGTCGATGCTAAGAAAAAACATAGTCGAGTGCGCGAGGTCTATAGGCGACGTTGTTGACGTGGATATGTGGTCTTCGGACTGCGGAACCGTCTGGCACCGATGGAGACTTGCTTCTATCACCG,1541,50.94,Drosophila melanogaster
SEQ_438525,ACATCACTAATTTGGTGGAACCGTCTTACTTATGAAAACGCCACCAAAGGGCGTCTATGGATCCGTAACCACTCTTTTAGTGGCAGGGGCGCATACGCGCGCACAAGTACGCGGGGCACCCAAGGGCTGTCCTATCTAATACTGTAACTCCTAACACTGGCCGCATCAATCGAACTAATCCTCCTCTGGACGAATACAGATTTCATAGATCCTAAGAACGCGCGCCACTACCTTTTGATAATCTCCGTTCTCAGACTAGGGTTAACGCCTTGTTCCAATAGATTCGCCAGAGCGACTGCTTCGTAGTTGGATGCTAGTTCGGGGACTTGAGCAGAATCTGCATGCCAGTAGTTCGCCCGTCACTGTTGGTACGTGCAGGGTTATATTGATATGTTACGCCATCTGCAGCACGGTGTGAGGCATGAGAATATGTTTCATTAGTCCAGGGGATAAGGCTAGAGAATAAGATTAGGCAGTATGATCTCTGATCCGCCGACCGACATCCCGTTGGAGTAGTCGAGCATCAGCTCCTTGCTTAGTGATATGCCGTCCCTGTGACCCCACTTGCAAGGCCCTTGAACCCTACGTCTAGAATAAGTTGCAAAGGCATCCTTACGCCGTCCGCGAACCGGGACACTTGGACCGCGTAGCTATGCAGTCCATTTGAGCGCCCCGATCAGATATAAGGCCTTCTTTCATAGAACTTATTCTACCTCAATCGCGCGATTATGGTTTGCATTCCACAGCCTCTATGTAACAGAGTCTA,766,49.61,Caenorhabditis elegans
SEQ_463805,ATTGATCATGAGTTTTATCCAACCACTTTCTGATACACATTCTAATGACAGGGTATTAACAGGAGTCGGTCCGAGCTCATGTTTGACTTCTCTGTGCCGCATTTGCGACACTGGAAGAGTTAAATGCACCTATCGACGGGGGCATCGTTATTACAATAAATTTATCCTGTCACCACACGGGATGCTTTACTTTCATGAAGCGACATTTGATGCCGACACGCTTCCAAGTCGTACTTAAGATGGAGCGTTATCGATCGCTCACAATCGAAATGCTGCGTTTCCTGGCTAACCTAGCGATCTAGAGCATTCACGGGTGGATCTAATGGCTTACTTCTACAAAAGTAGTATGAACGCAACTTTAAAGTGTTAGACGCGCTAGCCACGCATCTCGGGTGGAAAACACCTTGCGTCTATGGGGCCACACTAGAACGTCTTCCTTGTAATGATCTTAGAGTCTGTCGGTCAACGAGAGTTCGAGTCCGTGAGTATTCCGTCCCGGCCTGCCCGCTCACGTCCCTTCAGGGCCAGTAATCCCATGTCCACAGACCGAATAAGGACCCGCGAGCGGGCTACACGCGCAACAGGGACAGTGCTTCAGCCAACCATAGAGTACACGCCCGGCACGTGTAACGACGGACAGAAGTCTTGCTAAAGGCGGGAAGCTCACTCTCGGAACAACCATTTCCAATCAGTCTGGCTTGTTGAAACCAGCCCTATGTCGACTTCTGCACTGTCTGTTATAGTCGGAGCCAACTCGACGGCAAGATATTAAACTAGTTAGGACTGCTCCTAAAATCTGCGATTAAAGCCTTAGCTTATCAGTGGCGATATAGGCTCGAACGAGGGTGCCGGGAGCCGCTCTCAGACCAACCACTCCCGGGTAGGGTTCGAGCCAAGCAAGTGATCAATTTGGTTGCTTCTTGCGAGAGTAAATCGCCGCAAAACGAGTCTCCTGCATTAGTATCTTTGGTGTGTGGGAAATTTTGGAACAGCGCCAGCACCCAAATCAACAAATGTTGTAATGCCGTCCAGAACTAGGCCCCTCCCACCGTGTTAACGTTACTAGGAGGAGCCTAGGAACTTATTTGGAGTAACTAGATTCAGACCGTGCCAGATATAAGACGGACGCACTGGTGCAAGTAATGCTAAGGAGATGCGCCCGCGCAGCTAGAACCACAAAGTTTACACGCACGACCTCCGCCTCCATTGGAACATCATTAACTTCAGGGGTCGATGAAATCGCGATCAAGTTTCCTGACCTAACTCTGGCTATTGTTCCATATTCCCCATTGTCTATACAGGCAGGTAAAGCTTTGCGGGTACTCGCATTTACGTTCGGTGAGTAAACCTACGGGTGGGGTTGTTGACCTTGCACTCGCATAATGAGTTGTTGTGAACTCGACACCGACT,1410,49.36,Homo sapiens
SEQ_425147,GGCACCTAGGGATGGAGTAGAAAAGGACCGCAATGGAATTGGCCATAAGTCTTTGGTGGGAACGGACTAACAACCCTTGTGGTGAACATCTCCTTCATGGATACTTACATATATTTTGTGGCCCACGAATACCGCTAAAAGATTTACTAACTCTCTGCGTACCTTCCGTGCAAGTACATAACGGAAGCTATGAAAACGGGGGAAGCCACCGGACGATACTGGGTTCCTGGTTACCCCGAGTAGTTATTATCCTGAAGTAAGGTTCTGTATTACCAAAAGAAAAATACACATCGCCAATTGCATGTTGCATAGCCACAGGCCAGGAATAATGGATGGCATGTCTGAGTTCATTAAAGATCAGTGACTTCAGCACTGTGGACAGGTGAAGTTGGTAACGCATTTAGCTGATTGACCCATTTCGGTAGCATTGAGAGGCACCTTAACAGACATGTTCCTTAAAATGTTGTTGACGACTTTGTTTAACGAGGATCTGCCACTATGTTGCGTCAGCGGCAGGGACAATTGGAGGAACTTCACGTCTAATTGCTCAGAATCCTCTCCCGTAGGACTTCAATAACCATCACGGTCTCTTGTACCGGGCGCCGCCGCGCTGAAAGGAACTATCCCCTTTCGGGCATTGTTCCTTCGTTAGGTGAGGGGGGATATCTACGAGGTCAGGAGAGTTCTGACACGTGTCAAAAACCTGTCGATGGCAATGTGTAGCAGATTGGGTCAGGAGGTAGTTGGCCCGCGCGTTGATATAGGAGGTCAGTATCAATAAGTGCGCATCGATCCATTCTCCCTCTTAAGATACTAAAACGGCTCATTCGGGTGCACTTAATCCTACAAGATATGGTCCAGAGGGTTAGAGTGGTTATTGGTCCTATGCAAAGTAATGAGAATAAGGGTAGTCAATAAAAAATTTGATGCCTGTTACAGGAGGGAACACTTGGCGGAGTGGCCACCGAACGTGACTGAGACTGCGGGCATACCACGCAACTAGTGATATCCGTCATGGCTGCCCATCAGAGTCTCATACCGCATCAAGGCCCAGAACGACAAGGGAGCTGCCGGTCCCGCGTTGATCTCCCCAGGAAACCGAAAACG,1107,48.15,Caenorhabditis elegans
SEQ_559227,GACACATATGACTAGCAGACGCCGCAGATAGGAATTCTTGTTTTTACACGATACGTGTATTCCCGAGTGGCCATGCAGATCCGCCGCCCACCACACACTTTGGGATTACAAGCCCGGCGGGGACCAGTCTTCGACGCCTGAAGATATCACTTGGGTCTTCGCAACCGTAGGCTGATGCTCAATATTAGCACTTTTAGCGAATGAGCTTGAGAGATTTCTGCTTGGCCCTATATGTAGACGGGACGATCACCTAAAGTGTCACGTACATATAGTGACAAGCGCCGTAATGTAGGTCACTTCCCGTCGCCTGGCCCTCTAATTATGAAGATGTAGACAGCTTGCGATGGCGCACCGAACCGCACTCCAAAGTCTTAGCTATTCAGATTATTCTCAGCAGAGGCCAAGAATAATCGCCGACGGACCTCACCCGGTAACTGAACGGGGGAACCCATTTAAAGTGCTGGGGAGTTAGTTTGTCCGTTATGACCCCGGGACTAGCACGGGGTGTGACCACATAAGGGGGGTCTATTGTACGGAGATGCCATGCGAAAACCGGAACCTTGACCTTGAAAGTGGGCCATGGCCGAAGCCAGGTTCATCATGCAAGCGGGAGGTACGAGAGAACAGTGCAATGCATTTCCGCTTAGCTCCAATTAGAAGCTTCGCTTGTCATGAGCGTAAGTGATCCAAAAACGTGTGGATGATTCAGCGTGCTCTGCGTGCCTAAATTCCAGAGTGCGCCCAGCTCCAGCGTGGGACCGGGAAATGTAATTTGCACGGCCCATTAGTGATCAACTTGAGCAGCGGAGAATCGCGTGCGAACAGACACTTATGCTTAGCAACTCCCGAGAGCTCCGGACGCGCTTCATTCCCGACAAACTATGTGTATCACGGAAGGTTACAGTTGTCTCTGTGAATCGACACGTCCCAAAAGATACGGGGTCAACTCGCTTTAATTGTGTGGACTTGATCGCGCAAGGACCCTACCATCCTGGTACTAAGTTGCTCCAAGCTTTGTTTATCAGCAACCCATCTAGAGTTTCGGCTGGGTCGGTCTATGATCTGTGGCGACCGGGAACACAACGACTTAAAGTTTTCAACAGCGTGAACAATTAACCCCTGAGAGGCTGAGCGTTGAAGATTTCGATTCCTTGATGGGTGTCCATGAGACCCGTAAACGAAACAAATGACTGGGCGTCCAATGTGCTAACTCTGGTAAACCGCGGCAACCACTAGCTACCAGTTCGAATTCTGCTTGGGGCATAGTGTGGACATAATAATGAGTTTCGAAATGTTGACAACCTGGTGTCTGTGAGTACCGCTATCCTTACCTACACGACGGAATAGTTCGCTACCTGAGGTCTTGATCACGCTGGATCGGCTGGTCTCGTGGATGAATTGCAGCACTATTACCTCTATTACATATTGATAGGCTCATCATCCGATCTGTTGAAGCGAACGGCATGCAGAAGATGCGCTCCGCGCGTTATCCCAGTAGCTTTATACAGATAACCTCCCACTCTCTGCTCTATTGGTTAGGCAAGGGCGCTTCAGACGCACGCAGCCATAACGCCGCACTGCTTATTGCCTCAGTGCAATATGTTGAATCTCATACCGAAGGGTACGTTTTTAGTGGGTAGTTTTCATATTGAATCATTTGCTAACTCCTAGCCCCGCCTGTTACTTTTACACAATTAAGTCACTTTTGGTTTACGAATAACATCTAATGCAAGTGAGGGGATTTATAGTACTCCCCAATGCCAAGCGGCCCTGTCAGTTTGCCCCACCGTCCCCCGGTCTTGTGACATCCTTCTTGCGCGTGGGATACCCTTATGCTTAGGACGCCCAGGCGGTGGACGGCAGAGCAACATGTTTCACATAACTTTCGTAGGTAGTCCCAACGTAGGGTAGAAGGGAGGGTAGCGAAAAGCACCACTACGCTAGACAACATTCCG,1955,50.03,Homo sapiens
SEQ_136556,TACGGTCTCTACGAAGACTGTCCATCCTTCTTCTCGGAACCGGTGTCCGCGGCTGGCCGTTCCCTGACCAAGGAGATAAAGTAATTGAATAGGCTGGGCCACCAATATAATGCCACGTGTGGAACCAACAGCGGCTATCAAGTCGTAAAAGGCACCGGTCAAGCCCGGGATCGACCCCACGACTCGCACACGCCCGTCTACAAACGCATTAGGAGCAGTTCATATCGTGCAAGACCCTGTGCAGACATTCTGGGCGTACCCACTGGAATATACGCCTCATAGAGTATCCTGATTGCGCTACCGGGAACCTAATTAGATGCCATCTTGGCGATGAGGCAGTATCCTGTGAATAATCGGGGGCAAACCAATAACACACCCTCTCCACAAAGTAGGAAGTGCGAAGCATGAAAATGCGCTCTCTAGGGCAACAACCTCGAGACTACGAAGCGTATTTATTGGTCCGTAATTGATGATGCTGAACCGTGGCTCTACTTGGGTTTTGATCGAGGAGGTTTGTGGCTCGCTTATATACAAATGCTGATAAAGATAAGCTTTGTGACGCCGGCCTACCACGGCGACAAGTGCTTCGGGCAAAACCCCCTATTAAGCATAACCTGGTATCGGAGTTATAGTCAATGGCGAGCCGGTGTTACCAGGCCTGAAACCCTTAAATACTACGATCGGTGCGGGATACACTCCACACAGTTCTTCAATTGGTGTACACTAATCTAGTTAGCTCCGCGCCCATTGGGGGTCTGAGTGACGACTGAATGGGGCTACAGAGCAATAATCACACGCAGTCAGATGTTTGTGATGTGCACAGAGGATTCAGCCAGCGGGGAAAGTAATTGGTGCCGAACGAGGTAACAACTTGGAAAGCTTGGTCGTATACTTGACGCGGATCAACGAAGATGGGACCAAACAGGGTGCGTCGTTCTCCGAGACTTGGGCGTGGGCTACAGCAGCTAGGGGTGCTCGATGAGCCATTACACGAAGCAAGGTGTTGGGAGCGAAGAAGGACACGGTAAGCCAGCAGACTTTGGAGAACATACCAACGGTGAAAAGGCCTCCTCGAACTATATCATAGACGGGAGAGAGGTGGTCCGCCCCATCGGAAGGCCAAGCCGGGGTCCATCTTTGACCACTTCCACCGAGGTAGAATGGTGCGCACCCATTGGAAGTGTTCCTCCCGGATA,1196,51.92,Escherichia coli
SEQ_415276,GGGGGGGCGCAGGAGTTTAGGTGGCAAGTTCTACGGACACGTAGCCCAGGCCGAAGCTGAACGAGAGTGAAGCTCCCCCTTTAAAAGCTGTATATGTTGGAGGTTTCGGCGATTCTGTACGTTACTCAGGAAGGTTGCTAAGGGTTACTCTGGGTTGACCTCTGCCCTGACGAAGGCATCCCGGCGGGGTCGTTTTGTGCCATCTTGTATTCCTCATCAATTAGAACTGTGAGGGGTAAGCGGGACGCAAAGCGGTCGATGCATGAAAGTCTTCGTGCCCCTGATTATCCGAAATTTTGGCTGTTAGCTCAAGGAGGAATACTCAATGCCGAAACATTGCCTCTACCGGGGCCACCGGTTGGGCATATCCTTCTTCCTTGATTCCTTATTGCGCCGGAGCTTAGGACGCATTGTGGACCAAGACCCGGGAACATTCCGGAGATGACAACATTAGCAACCGCCCTTCTCTATAGTCTGCACTGTTCACCCATTGGATGAGGCATAATCGCTGGATTATAAATCCTCAGTATACGCTCAAAACCTGTACTCAACTATATGTATGCGAATTCTTGCGAGTCCCGCAACACAAACGATCACTTGGGACAGGATGATTTCTGCTCCTCTTGTACAGTCCAGGTAGCAATCACTGTGCTGTTGGTTCTGATCCCAGGAAGCTAGTAAAACAGATGACTACCTCAGGCACAGGCAGGACCTTAGCACGGCTATGCCGGCGAAGAGGACTAGCTCTCGACCATTTAAGAAACTTGCTGTGGATTGATGCAGATCGAGTGATCGGAAACGTTCTTCGCTACTTGTTAACGCTGACGTAAAATCAACGTGGGATCTACGACTAAGCTAGCGAACGGACTGGTGAGAGCTCCTAACCAGGGCAGGGGTCCGACCCAAAAAGAAAGATTCACAAGGTTGCAGATCTGTCGCCAACTACGATTCGGGTCACCTCCCGAGATGGGCAATCGGGTCGCGCCGACCGCTCAAGGTTTTAGAACCTCCTTTATG,1017,50.93,Homo sapiens
SEQ_652717,CATACACTTTCGTGCAAGATAGCGACATGTATATAGGCAAGATAGCGATGGTCCGACCCTGTGTTGAAGAGGCTTAAATGCCGTTTATTCGGGGCAGGTGCTATCTTGCGGGGCAATATAAAACATAAATAGGCGCATACATCTATCAATCCTCACACGTGCCCACAATAGGCAAAAATCATTGCTCCGACCCTGTAGACTGTGCCTTGGCGCGCCCGACACAGGGCAGATCGTAGTAGGGGCTTCATCGAGCCGCCTTAAGTTTATCGACCAATTAGGGTGATAAGTTTACAGCGGCTTCGTGCCTCGTGACCAGGCTTTGAGATTTCACCCTCACTAGATTACCTCGGCTGGCGCTTGCCCTTTCATACGTTCGTACTGAGTATATTCTGATTGGCTGGCCAGTGTCAAGGTGGAATTATGGGGAGACACCACACAGGGGACAAGCACTCGTGTGGAGCCCATAACCTGAGCCCGGGAGACTTGGTTTATACACCTAACGGATTGCGGCATCATCACGGTAGGGACATTAGCATTGGTCCTACTCCCGTGCTTCTCCTTCCCTAGTACATGACAACTCGTAGCTCAGGTTATCCTTTCTTGCTTTTGAACAGGGATAGCTGAATCCATCAAAGACGGCCGGTTCTTAAGC,652,50.0,Caenorhabditis elegans
SEQ_696736,GACAATGGAGGTATGACAAAGATTCTCCAGAAGACGTCGAGAGGCTTCCTGAAAGGCAAGAGCTTATGAAGGGAACACTCGCAGTATGCCGCAAACGGCGGTTTACGGAAAAGTATACTTGGTAGTCCCTTCCGGGTAACTAGGCTAGCCGTATGGTTAGTATAGTCCCCATGCCCCAACGATATGTCCAGCGCAAACAGTTGTGCGCGGTTATTTAGTCGGGGGTGTCTCATACTTCATGTAGGCATCCGACTGGTATGGTGGCTGCTTCACGCACGACATCGGAGAGTGGTAACGCTAATAGTCCGTAGTACGTCTATAAACCCTACACGCCTGGGCAGGTCCAGCAGTGAAATACCCCACAGCCAAGGCCCTCGGCCTATCGTAAGGTTTTAGCTGTTGAAGGATTCTCGATCCTGATCCCCTTGCACTGTTTTTTACAGTCAGAAGAGGAACTGAGTTCAATCGTGGATGGACGGCCGTAGACTTCGGGATGCGTTGTGTTCGAGATCGCAGCACGCGGTGTTAGCTGCCAGGGTGAGAGTAGTGGCTACGGCGGACTTAGACGATCTGCTCTGAAAAGCTATAATAAGGAGCATGTGAATGGGTATTCGTGCCTGTATAGGCCGTCGCATGCCAAACACGGACTTGCGGCACCGCTAAGCTGCGCACAGGTTGGTAAGTCCAAATACTTGTCGATCACGTTATGTG,711,51.48,Saccharomyces cerevisiae
SEQ_979162,CCAGTAGAGCGGCAGTAAATTCGGAACGCATCGATGTCTCTAGGCTATGCGCGTGTCTATCATGTGTAAATAAAACGGTGTTATTGCAAGAACTGCTACCGGTGAAGAAAGAGGCACCCAAAGTCCCGCCTCATACGTGTAAATTACCAGTAGTTACGCAATACGCCTCTGAGGTTACTTGTCTTGTACAGAGATGCAACGAGTTGTTTACTAGATTGCTTGCTTGGCGTTCTACAAATCGACAGGAGGGACTGGCCGAAAGCAGGCGGTTTAGTCGAACGTTCCGGGCTGGACTCTTGTAACACGTGCGAGTAGAGTAACCACTGGCGCGAGTACGCAACAGCCATGCATCCTGTTCTGCCTTGTCAACTCGTGGTACAAATCCGATTTACTCGCATTGTTGTTTCCCCGATAAGTTTGTGTCTAGTCGCTTTAGCCCCCCTATTACCAACTGGAAACAATACAGAGAGTATTAGGCACAAGGGCCGGAAGAGTCCTGTCAGGGGTCGCAATAGATGTAAGGAACCTCTCCTGCACCGAGGCGCTTCGTAGGTAGGAGGCCATCCTGGGAGAGCCCTTCGCGTGCGGCG,590,50.85,Caenorhabditis elegans
SEQ_428262,CGGGCCTCTCAACACGGCGGCTACCGTGGTGAGAACGATTAGAGTCAGCCGTCAGGCGTCATTTAAACCAGGTCACGACTTAGCACTAAGGCGATCGCACTCTATCATCTTATTTTTTGCTTAAATATTCCGAACGTAGCCGGCATGGGGGTTCGGTATCCACTTAGACCCAAACTTACGTACTGCGCTTGTACCAGTTGAACTAAGCGATAATGCAGCGAAGATTGAGGTTTGAGAGGCCGACTAATCGCCGTGGCTGACTCAATTGTATATACTAGCTCCTATAAGTACTGGAGATGGCAGGTATGTAGGTACACCTCTGTCTCAAATCTTGATAATGGTCAATGGGCCGTAAAACTATCGACATACCTATACTGGTGAACCGGCGAATAAAGCCGTAAAAAGGGGAATTGTCGGTCGTGTTGGTGCGCAAGACTCTAAAGGCTGAAATTTAAGAAAGGATAATCGGAGTGGGCTCGCTGCAAGCCTTATCACCGTTAGGTTCCGGTGCGAAGGAGTCTCCAAATATGGGCAACTGCGTAGTTAGGCGAAAAGGCTCCTGTCAAAGTTGGCAATGGTAAGGCACTGGCAGCCTGCAGGGGAGAGCGTTTAGTATAGTTAGCCTGTCAAACTCTCACTAAGGAGGAGAGGAACTAGAGTAATAAAGTGTTTTAACAAACGAGGGACGGCCAACTACTGGGCCGCACGACTACATCACGTACTTAACGGCGAGTGGCGTGGCCGCTTATACGCGTCGAAAACCTCAATCCCCGAATTGTGATTGGCTGTAGGGCGAAACATCTAGAGCCGGCGTTCGTTAGGGCCTCAACGGCTGTGGTACCAATAATCAGTA,853,49.12,Mus musculus
SEQ_873803,TCTTACGCCCTAGTCTATAGATGATAGCAAAATGGCCAGGTCCAAACACCGCTCCCAACCTCGATTATA,69,46.38,Homo sapiens
SEQ_318454,AGATAGCTGCCTCGCTGCACACGTCCAGATCCTATAGCACGCATGCGCTTGGCCCCCAGTGTGTCGTTGTGCCATATGAGTGATGAGGGCAGAATGTGTTTGAGGCTGCCAATGCATTTCTGCGTATTTTA,131,51.91,Mus musculus
SEQ_168478,CTGAGCTACGGTCTTGCATTTGAATGGGGTCCCGGAAGTTCGCCCAAGTATGATTGCTACAGCCGGATCCTTGTTACATATGAGTAAAGTACGTATAAAGCCTACATCTTAATCGGCAAGTGTTCGGGTGATCGAGCAACATCCCAGCCAGATGTTGTGACCTACGGGTCCAGTCATGTCTCACAGCGACTGAGATACTAGAGGCAACCCAGAGAAAGGCGACAATGGAGATATTGGACAACTGTTGATGTGACACAGATTCTGCGTAATGCTCCAAGGTCCCAGTACGAATGACTATTTACCGTTGCAGCCTTCTCTTTGGCTGTGTCGTACGTGTGTCTACCACACCGGATATGTTGTCGAAGCCGCTAAGGGGCGTCGATGCTGCACTAGCGTGAGCAGGGAATACAATGCAATATGAGTCCAAGAGGATAACTGGGAGCAAAGTATGGTCTATCTACAAACCTTGAGACTAATGCGCTCGGCAGAGGGAGGCCGTATATTCCCCTAGGCCATAGTACCACGTCCGAGCCCCCGACGGGTAAAGAGTGGTAACCTTCTAATGAGACACGCCGAATCTCTAAACGGTTCGGAGCACGAAA,602,50.0,Mus musculus
SEQ_403821,GGTACTCCATCGTTTTTGCTAGGGATAGCGCCGCGAAAATCAGACGCGACGTCTGACACCAACTGTCGAGAGGGAGTCACCGGGCAACATCGTGTCGCTAACTCTCTGTTCATGCCAACTGCCTCGCCCCAGGAATTACCGCAATAAACAGTATTTATCGTGAGCTATGGCTGATACATAAGGCTAGTTCCGGGGTGCAACGCATGCTTAGCGCCAATTTGCTGTTGGCGGATTACGACTATGACCATCAACCTTGTTACCATTTTGTGTCTGGCTGCTATTTCCCGCCCCACGGAAGCATGAACGTCCAAGCCAGCAACCTACACCGACTTGAAAGCGCGTCTCGTATCTTCTCCTAGAGGAGGGGGTATGCCCCAGCGCTGATGGATACCGTTTTACCTTACTGAGGGCGAGAAAGTTCATGTGCGGTACCTAGACTAGAAAGTGCAGCTAAAGCTGGCGGAGTCTGACTGCACGGAGAATCTGGGAATAGTATCTATGTGCCCCAATTATCCCCGGTTACTATGGGAAACTTCGATTCTGTAACACCGCTCGGGGGTAGTTGTCTATCGAACCAGTCCCAGACCGATTTGCCCGCCTAAGCTGGCCCGCTCCGTCCAGATGCTTCCTGGCGCCAGTGCCCTCATTGACCCCCCTCCCTTTCGTACCCTTGTTGAAAAACGCTCACTCCCCAGCGGTACCGGATGATATAATATCAAAGAAGGATCGAATGATTCCTGCTGAATACTCCCCCGAGATCATCGAATACCCTTAGTACATTGGTAAGCCGAGACCGAGGCTGCTCGGACGGGTGGGATGCAGACTTTTTGACAGGATAGTCTCGGGGCCCTTTATCGAGGGCCGTATCGCAGATAGGAGACCATTGCCCAAGCGTAAACGGAGAAGGTATCAGCTGTCGGAGCTATCTAATACCATTGCAGGGGAACTAAGATAATTCCACGATTGTGGTGTCATACGCAATTCGGTGACCGGCCTGCCGTTGGTAGGTCGCGCTTTGCCATAACTCCTCGACGCGGGTGGGACACACAAAAGGACCGCAAATGATTTACTGAGCTCTGCGCTACGCCGTGGCTTCAGAGCGACGGTCGCAGGCGGTTAAACCAAGTTAGGACTTCGCCGTGACCTGTCCGAACCTAAAAAGAAAACTGAAATCGCGAAACTCTTCAGAATGATACCCAACTTATCGTGCTGCCCGGTGGCCTGCTCCCGACCCATCAGTCCTGGTTGGAACCTGCCGGTTAGAGTAAACCGTGTGATGAGCTATGTTCGTCTCGACCACGGGAGTCTTAGCCTGTGGACTGCTTCCTCCTATATAGACGACCTAATTTTGAACTTCATGTTGTAAGATAGGCATCAAACAACTAAACGAA,1391,52.05,Escherichia coli
SEQ_750126,TGGCGCGGCACTAGGTCGTAAAATTTGGAGGCCGGACGACCCTTATTTCTGGATAATGTGGAGGGTCCTACCTAGTAATAGCTTACCGCAACTCAGACTAAGTCCTTTGGTCAACTACGCTTCACTCGGTCAAACGCGTCATCCTTTACGACTGCCAGGTCAACCAGCTGAGTACCGCAAAAGGATGAAGGGCGAGGACCGGGTAACTGAGGCCTTCGGCCCCGCGCGATCCCGTTGTCGGTACACTGTCGCTACGGGGGGTCCTCGCTCCTACGAAGTAATGTCCGTTTAGTAAGATTGCCTTATATACTGCGACAAGGCAGGTATCAGCCAACGCGTGTGGTCTTAGATTTGCGCCTACACGTTAACTCCACATTCTAGGACTTTGGTCTACACGAGTAGTAAGTGAAGCCGCCTTTGAGTCCGCAGTTCAATAGATAGGCGGGCGGCCATCTCTTGCGTGCACTCAGTCGTGGTG,478,53.35,Escherichia coli
SEQ_385592,ACCAATGGTTTGCCGCGCACATCCCTGCCGTGACACTCGTAGCCTGTCGGCTATTAGCACGCTACAGTGCCTCCATTTCTACTCTCGGGCCAGTTAGCTGCTACGTTCACCACGTCGACCCCGTGCATTGGGAGAATTTCAATCATGCGAGCTTTAGAGACTCAAGTGAACAAGCTTCACAAAAGTAGTGGCCACATCGATGATGGGCAGTCTAACTTTATTAAAGAAAGTCCGTTAAACTGAACAGGTACACGGATAGGTCTACGTGGCCCATGCGTCCTTGCTAATGCACCGCGCTTTCATCAACGAGCTTCGACAGCCAGCTCCATACTAGATTAAGTATCTCAGTGGTGGAGCTAATGTGGATCACGCTCCACTCTGCGCGGTCTCACCTCATCGTTGACTTCAACGCTCCCCGCCACAGATAACGCCTGCCGTACGCGACGACATTCATGATTCTGATCACTGTATGCTTATGCTCCGCCCCCCCTTCGCCAGCGAGTAATCCAGCATATATTGCGCCTTCGTGTTCCGCATCACAGAGTCATATTAGAGTGACGCAGTCTGTGACGACTAGCCCTAGTGTGTACTTTTTCGGATGTATTAGCCACCTACGGAGAATAAAAAGTTGTACATTTGATTCGCAAAATTAGTGCGGTTCCGTCCAACAGTACTCTAAATATTGCAGTCACTGATATCCAGCATGTCTGGAGTCACTTCAGTTAGAAGCGTGGACGTCGCGCCCATTCGTGTCTCGGTCGGTGGGTGAGTGATGAGGAAAGTAAGTCGATATGGCTTAAAGGCGACGCTACTGTCCCCTAATGCTTAAAGGCACTCGAGGTGATGCTGTTAGGTGACATCCGGGCACAGCGAAAACAGGAGTCATAGCATGGGGAGTACTGAGAATTGCGATTCGATTCCTGTTGGGTTAA,932,50.0,Mus musculus
SEQ_148544,AGGATGAAGTGCGCACTGGTAAAAACGACGAGGTGCTGCGTTATAGCCGTACCTTTGACAGCGACATCCGGCGTCGTTGCACTTGACCGAATATGGTTAGCTCATTCAAATAACATTAACGCGCCCCTGCTACTGAACCAGTTTCGTCATCGAAGTTCCGCAGAGGCGGGGTGTAGCTGTGCGCTCACGGACTAGTCATTTATCATCGTAGACTGTCCTCCGTCTTTGCGAGACCCGGACCAACACGTCCGTTGTTAAGGATCCATGTGAGTTGGAGTCGGTCTGTATTAGGGTAGTCTTACCTCGCTTACAGGCACGTGACATGCGCTACCGGCGAGTTGGCAGGGTTTGGATCGCGTTAAGTGCATAAGCCTATCTCAATGCTAATATGCTAGCGGCTTGATGAGCTGGTCACTTTTGACTGTGAAAATTAACCATGGTATCGCTTTCTAGGGACAATTTAATGTCTCCTCCAGCCGGTTGACAAAGGACAGACGCAAGAGGCTTGACGTGTCGTCCGCACTTTAGAACCACGGTCCCTATACGCTTTTCGACCGCCTGGGCTAAGGCTTATCGCATCAGTAACGCGACAATGTAAAGCAGGTTCGGGAAATCGGCCGCCGACCTGTTATCTACTAGTGCAGATTCAACTCACTTGTGCTCAGTTCCACGGAACAGTACTCATATGTTCCTAGGCTTTGGGTACTCACGCTAGCCATGCATAATCTGCATTACAGATAACACCTTCGGGATTGCCCATAAGTTATTGTGTCCAACGGTGTACTTGCAACATTCTAAACGTGACTTACATTAGTAGGTAGTGGCAAGGAGTGTGAGCAAGCCCGCATGAAGGATCTGAAGGCTTATCGCGTAACGGTGGCAACTACTCGCGACTAGAGAAATCTACACCAGATACGTGTCCTGCTTGGTACTGTCGCTGTGCCGATGGAATCATCGGGGGAAATCGCAACAAATGAAATTGGAAGTTTCTGTTGCAAATGATAATTTTCTGGGGACTAACCATGAGCGATGGTAACAATATGACCGTCGCGAACT,1056,49.05,Saccharomyces cerevisiae
SEQ_829845,GGAACTTTCCGTGCGATATGGTTTGAGTTTTGCTGATCAGGCCACAACTTTTATGGTCCTGGCTACGCAAACTCCGTCGTTAGGCGACGCCCCAACTGAGCGTTCTTGGGCGATGAAATTGCTTCAATTCCAGTAACTAAGATCCCCAGTGAGCACATGTCTCAACCCAATATAAAGAGCTACTATTCAGATGCCAGGGAGCTAATCCTCGCGGACACCGGGGTAGGGCTCCAGTCTCGTAGCAATGGTAATCGATTACTGCCACACTATTGGATCGTACCGGTCCTGGCAGCCTGGGTGGGAGTACTCGCAGTCGGTTTCCCTGTGATGAGTTGGCTGCCTGTGAACATTTAATAAACATCGATTTCTTCGTAATCATAGCGGAGCGGGTTGAAAGTTGATAAACGTACAGGCAGCTATATTAGACGCCGCCACGAATTTATAAAAACATGAGTGGCCATGTCTAATCCGAGAAACTCGTGCTTAGCTTAATCCATGTCTGGTCAAGTACTTAACAGACAGTACATTACAGAAGGGCGCGCCTCAGCTGTCTACCGTTGTCGGCCCATGGAGCAAGCTGAATGTACTACATCAATCCCCATCGCGAACAACAGAAGACATCTCGGTCCCCCAGTACTGGCTTGCTGGGGTATCATTTCCTCCCCGAAACAAGGAGTATGATCATTAGTGGAAGCTGAGCCGACCTGCTGCACAGTCTGACGTCCTACTTTAACTTGTGTCTAAGTTTGCTCCGCGGTGCGAGCATCAAAGTTCACACATGGTCCCACGTATTCGCTTGCGCCTTGGCAGTCATACCCACAATCCAGTAGCACATAG,837,49.58,Mus musculus
SEQ_463863,CATCTCGTTGGCACATGAGTGACGGACGACGGCTCTCGCATGGTAGGCCCTATTACCCCTATTTCCGACGACCGAGTCCTGTAAGCAGGCATCTTGGAGCGTGTAGAACCGAGGTACGTTCGCGCACACCTCATCTCCCGCCACCGGCATTATATTGGATTATGCTTACCGTCACTCGTTTTTTCTGGGGGTCATGATCGACAAGTATGTTAATCTGGGTTGTGCCCACTGAGTATCCCATAGGCATATATGGTCACGCCCCGGCCAAGTCATGCCCTACCTTTAAGGCAAGGTTACGCTGGTGTCAAATTGATCCACGTCTTTCAGGCGGGACCAGTAGCGTGACGTTGGGGTTAGCCGGCTATATTGAAAGCTTGCCGCGCTGGTTGCTAGTCTTAACAACTTACGCAAAAGGCTAGGGACATCGGTGTACTAGCGTTTCGCCGGCGTAATTTCGTCTGCAC,464,52.8,Mus musculus
SEQ_723015,AAACAGTAAGGTGCCCATCGTATGTGTGGTCCAAGCATATGACCATTCGTAAATCTCCTAAGTCTGGATCTGCATGCTCATAGTTTTGAATCGCAAATCACATCATCCGAAATGGAGAAATCAAACCCAAGACGTGGGGTCCTACTTCCATCGTCCCAGTAGCAGTGAATGGCGCTCCAACGTGGCTAAACCAGCGCCCTCTATCTGAACCTTGGCGACGGGCTTTGAATCTCGGCTTAGTGCCTTACGGGTAGGCCGTTCTCCTA,266,49.62,Saccharomyces cerevisiae
SEQ_324417,AGTCTTCGCACGTAGCCGGAGGTGTCTGAGTGCAACAGAATATGTCCCCATCACAATTCTTCCCTCGGAATGACATAACACATCACGGCAGCTGTGGAACATGCCTCTGAATGGCACGAAGTGGACTCAAATTAGACTGAGTCGCCAGCCCGCAAGTGGAAACAGTGAACCGGAGTAGTAGGTCTGCCTTCAGCCGCGACCCGGGACAGTGAAAGGTTCGCTAGTCATGCCTCTGAGCTTGTGGTCTTCCGCGCGGTCGGAGTCCACTAGTTTCTAGGACGCGCCGGTCTCTTCTTTCTGCACACACGCCCCCCGTCATCAGCCACGAACATGGATCCAGCCAATCAGACCACGCATGGTTTCTATATTGTACGTAATGGCGCCAATAAGAAGTCGAAACAAGGCCGTCATTAGGGGGGTTTAGTCGTAACGCGGACCGCGAAAGTGAGT,450,54.0,Arabidopsis thaliana
SEQ_814229,GGCTGAACCCACGTATCACGTTAGCAGGGGCCCCAGAGGTCAGGGACCAATGGTAAGCAGCGAACATGTGGTATGACATTAAGGCGCGCTTTGACATTGTAGTTTGTGCCGCCCTGGACTCAGAGCCCAGCGTGAGAGAATACGCGCGCATGTATTGTCGTCAAGGTGCGAACACCGTCGCGCGCGATCTCAGGTGATTGATTTTGTTGCGCGTAGTGTAGTCTGGCTACCTGTGCCAGGCGCGGCCCCGACACTGACACCATGAATACTACGCCTATGTAGTAAGCGTCAATTCGTGACTGCCGCGGAGATGTCCTTGCGCGCATAGCGGTAGCTAGACCAACTAGCTGTTCTCACAGGGACGGAGGTTAGGGAAGCATAGGCTTTCCTGTTGTATTCGTAAAAGATGATGGGCTCTATCCAAATTTGACCTCTTACGGCCCGTGACACACGAAAGCGGTTCCCTATTTTGTTCAGCTTCAAAGGGGATAGAGTATCGTGAACGTGCTACATCTCGGAAAGACCCGGCGGGAAAATACAGCTGTAAGAGGACGAAGTGTGCTATGCCGTATGATGGGGTTTCCGGCTTCAGACCTAATTCATACGGTGATACTGGAGGGGGAGACCTATGGTCCCTCTTCCAGCATGCAGACATGCGAGTAATTCCAGGAGAGACATACACCGGCGCTAGCTACTCAAGACTCTTGTAAGCGATCTCCCTCCGGCTATCTAACGAGTAGTAAGGCTTACATTAGAAGTATAGCCCAGAGTCCTTCCGTCCGTAGTCGTACT,792,52.4,Drosophila melanogaster
SEQ_815573,CCTGCTTCGAGGTTGCGACGGCTCGGTCGAGAAGCGCGTGAAACTCGGTTAAAACTTGTTTAAGAATTCGCAATGGCGAGGTACCGGGTCTAGCGTGCTGAGCCACGGGGGTCTAATTCCGTGTTTTGTGTTAACGGGCGCATTGACCGACTGCGCATCGGGGGTTCTTCCTCTTGTTGAACCATTCGATTCCTCATATAAAGACGAACTTACCTCTTATGAGGGGAATATTCTTCGCCTGATACTTCTACCTTGGATTACGCTTGTTCCTCTTTGCCCAGTGCACTTTACATCTGCGACTCAGCTAGAACTCTAGGGAAGTTAAATAAGAATTCATAACCACTCCCTGTATCAACTCGGCAAGGTCACTGTAGATAAAACGCGAACCCAAAGCGCGTTGTAAACAGACACATATAGCCGTCTGTTAGTGGTGTACATTTAACTACAGACCTATCTGTACTGCTACCTACCGTGACCTGACGTGTCCCTGTGCTCATCGTAGAGATGAGGCTCCGGAACACATCTGGTTCCTCACGCGTGAGTCAAGGGGCATACGCGCGGCCCTTTCGCGAGAGATGCCTGTTTGATTTATCTGGGTTGTCCAGAGCCCACACAAACTAGGTCCACTACGATAAGGCTTTCCGGCGATAGTGACTAGGAACATTCGGCTCACCAAAGTTTCCATCTGCGCTGCTTATCCATTGACGGGAAGTACCAGGAGCTACAGCAACAAGACTTCTCTCTTATGGGCACAAAGACCTCCCGACACACAGCCGGGCTCGTATTGGGTAAACGTTGGTGAGATTCTACTTGAGATGAGTCAGAAAGACTGTCGTAGGCAGTCATACCGTAAGGACGGGAGGACCTACCATCACGGTTATGTAGTCAAAGTATGCCACCTTCCTTTCCGGTGGGGCAGATGTCTACGAGATATGCGAAATAGTTCAAGGATAACAGGTATTCAGTTACGAAAAAGCTACGGTGCGTCACCGCAAACGCAAACGAGTGGAGTGCCGAGCCCGAACATCTACAGAAACGGCGA,1042,49.81,Caenorhabditis elegans
SEQ_422379,CAGAGTGCCGGGGCGTAAGTCTCCGACCCCCATTGCTATGATATAGCAAGTCCCGCAAAGCAGCAGGCCAGTGAGTGAATATCACATGAATATACGGGCCTAACCGCCTATACTTGAACAACACTTAGCGCATTCAACCGACTAGTTCTGGTAACAGAAAGCACAATATTCGACTTCCGACTTTATCCAAAAAAGGATGGATCAATGTCTAAGTCAGATAAAAGAGTAATTTTCCCTCTTTAACCAAGTGTCTGAATCGGGGGGCTGGGAAGCATAACTAAGGCTTTCATTTTGACTTTTGATGGGGCAGTACGCTAATTGCCGGGGCAAAACGCGCGGCATCTCCGGAAACCAGTGTGTGGGCCCCAGGGTCACGTTGCGATGGTCTTGGCAACCTGCTTTCGGTGACCCAGCAATGTCCACTGAACGTCCTAAGACCACCGCTGACTCCGCTCCTTTGTAAGCGACACTATCAAACCTCTCATCAACGTCTCATTGGCTATATCTGGGATAACCGAGAGCGCTCATTCCCTAGAGCTTGAACATGTGCTTTATCTGTGACTCAGTAGAAACCCAAACACTATAGCCCCCCCACGCGGGAATGTAGGAAAAATTGAGGAGCTTTAGCTTTCCGAAAAGTACAAACGCACGCGCCCTAATAGGTCTATCAGTCCAAGTGTGATACGGACGGAGCTGTCACGGGGTTGGCCACTATCACTTTGCGCTATCAAATCGCGCGATAGTTAAGAGCAGTCGCATCCCCTCTAGCGCCGGCCCGACTTCAGTGTGGGCAAGAAGCCCGCGACGACTGTGTCATATGTACTCGACCATGTATAATGGATAAACGACCGTCCACTTATGAGGCGTGATGTCAACTATGTAACTCCGGTGTAATCAATACTCCTGCGCCAAACACATAGATTAGTCGTGCCATTTATTGCTGTATAACGTTACGTTTCCATATCGCCTGAACCTCTACTGATAGATGGCCCAGACACTGAGCTATGTTCGCATACAGTAAGTGCCGCGAGGCATTTCATAGCGGGCACCTGTCCTCACTGGCGATAGTTACAGTCTTCGAAAGCCAAGTGGTCCCAAACTCGTGCTCGGCCTAACCAGAATACTTGACCGCCGCGGGCTCCCTGGCGCTCCGGTGTCCGCGTGTTTATACGCCA,1175,50.3,Escherichia coli
SEQ_221831,AGCTTGCATAAGTGAAGCGGAAGGGGTGGCACGTCAGAAGTCTAATTAGAATTACGTCACATCACGAATTTATAACCAGATAATGTTGCTATCCGCCGGTGATTAGGTTCTGGTCACTGCGGGAATTTTGCCACTCCCGGCGTGGTACCGACTCAAGTGGGACGCGTGCTCATGCTAAAATCGGCGAAGCCGCAGGCTTGTGGATGGACCGACAATTGGCTTTGCGAAATCACACCAGACTCTATGCCATGTAGAAGGGAATTATTTAAAATCGCATCTCAAGAGGAAGAAGGGCCGTTCGACCGATGACAGTTTACGACTCCTTAGGCAGATTGACGGATCTGAACTAAGGCTATATAGGTCGTTCTAGACAAAGTTAATTTATAGCCCGGCGGTGGGGAGACCTCTAC,410,48.54,Saccharomyces cerevisiae
SEQ_588476,TAACGGGACACCCGCTACCCTCTTGACGCCAAAGTCCCCGTACACTATAGCCCCCTCAGATTCGAAATTGAATCCTTACAATTGATCTCCCGGTTAAGTAGGGCCGCAACGACTTTTTTGGTACTCTCGGTGACGGGCCTGTTTTCGGTAGACCATGAAGTGATGCAGTGTTGATCGCTTTATTGTTGAGGATCTGCGGGGCGACTTAAGTGCACAAACAAAAACTTTTTATATCCACCAAGCTACGCTGACAATGCGATCGTACATGTCCATGCAAATTGTAAGACTTCGTGATGCTTATTGTTATAAGAGGTCGGTTTAGCCCGGTACCCCGTTCCTGCCGCCGGGCTCGGTTAATCCCGTTGCCGTCAGGCGAGTCACGACAGGTGGTGGTGTTTTGAAGAGATGTCCTTATCATTTGGCTGCTAGGAAATGGTTTACGCACATCCAAAACAT,456,48.68,Arabidopsis thaliana
SEQ_777523,ATCATTTGCGATTAGGAAGCGACTGGTCCCACCCCACGAACTTGCCTAGAAAAGTGTGAGGGGATCGTGTGGGCCGATGCGATTCGCTGGCCAGACACTCGACAGATCCCCCCCAAGAACAGGGGAGTGCAAACATGACGCCATCCACATCTAGCTCTGTGTGTAGCTTGTAGGTATATGGTGACCCCGCAATGCGGGCAGAATATATCATTCCAACGCCTTCGGAACAGAGGCTCTTCCCTCGCAGCGATCCGTACCGATGAGTCGTAGGGGGCCCCATTGTACCTGCACTGCACCGCCTATTTCCGGAAATCCGGAAGATTAACGGGTAGTCTTCGCCGTTTCAGGAAAAGAGCTAGGTTGGTTTGGTGGCCAGGTACCGACTATGGTCTCACCCATCGCAAGGTGCCTCTCAATGCGCGTGTGTCGGGTCGGGATATTCCCGCGTGGCATATGCGCCGATCTCGGACCCCTCTCGATTAACCGACGGTCCCAAGTGTTCTCATAACTTGCTCAAACAGTGACAAGGGTAGTAGCTTGAGGTATATTCATCTACGAAAACAATCCGTAAACCTAACCCTTGACTAGGCCTACTGCAGCGAAGGCACGTGGAAAACAAATGTAGTACTTGTTTAAAGTCTCAGAAAGCAGTAATATAGAATGCAATCGCCTAAAGCGGCGAATACGCGGGTGACTCTAGACTTGCACATTATAGTCCTTCGAGTGACTACGGTCAAAATGAAGAGCGAGTTATCGAAGCCGGCGTATAGACTTAGCGGCATGTTGACCTCTACGTGCGCGGTAGGGATCTCGGAAGCTAGCTTGACTGAGAGTAGCGTTGACCGTGGCGGGAAGATGAGTCTTAAGTGGCTCGCGACGCTCAGCGATAGGATCCTTTATGA,902,52.11,Homo sapiens
SEQ_633703,TGGCGTCCGTCAGCCGGTAGCCCTTTCCAGACCGCCATGCCTCGAGAGGAACGGGGGACGGGGTACTCCTGCAAGCTAACGTCATCTAGATCTTAATATGTGCATAGTGGCGCTGAACTGGCAGCGACTGGGAGTACCTACCTGATGAGCGCGGATTATGGAGTGAAGGTAGTGTAGAACCGCCGCTTATAGGGGTTTCTGTCCGATCCCGTTCTGAACGGACTCATAGCGTTTCCAGTAAAAGGCATAGCCTACGCACTTCGTTACTGGCTTGGAGGCCGGACGAACCGGCCTTATTAGAATGCTTCAAGTAACTCATGTAGACTAAGAGTACTCCGCGCTTTGTGAACCAAGTCCTTCGGCTCCTCAAA,371,53.37,Caenorhabditis elegans
SEQ_152495,GCACCAATGATCATGGAGCGTTATAGCGTGCGGAGCTCAACAATGACAGTCCTCATGTGGTCCTGTTGCGATTAAGCCGCAGCTTGACAAGTATACTTTCTCGTGGCCCACGTTGCTAGTAGGCCAACCTCGAGGAACAGGGACGCGGAGCGGAATGTAGGGATCGACTCCGTACAGGGAGAGTTGGGGGGATGGAGACGTCGAGTGTGTGATAGTTGTACAGCAACTGAACCCTGCAGGCAAGTCTCTCCAAAGTAAGGCCGCCGTTCGGCTAGATCTCTCAGTATTCTAGAAATTCTGTTCGATTCAGCCAAATTTCCCGGAGTAGCCGAGCTCCTCTATTGTAGAAGCACCCATAAAGACAGCATTATGATCTGAAAGGACGTATTAATATCTACACAAATATTGCAGTGCGCGGATGGCGGACGCCGTGAAAATTCGCGATAGTCCAGAATATCGTTCTATGCTTGCAGGTGGGAGGACATCGCAACTATGTGGGCGACCGGTATATGCTCATCAGCATCCCGATCGTATACCCCCGCAACTCCTCGCCTCACGCTAGGGACGCAGCGTTATGCCAATCGAGAAGACGGAAGTACGGATTTTTCCCTACCTCTTAGGTATATAATTAGTGAGCGCTTTGTCGGACGTACCGTTCGACATAGTCCCTTTAGTGCACCTAATCGATCGCCACGGTTCTTATCAAGTGTACAACATTGGCAAGGGAGCGGTGCTACTTAGTCAACCAGGCGGACTAATTGGGCACAGACGGCGACTCCCTGCAAGATCTTAAAGGGTAACTAAATCTTATCGTACAACATCTACGCAGCGGTGGTTGGCGCGCAGGAACGAGAGCACGGTAACGTGATTCCGGCGTTGGCGGACTGTAAATGACCGGACAACTCCCTTTACGCCAACAAATGGCTAACAAGACAGAGCCGCCTATAATGCTGAAGCGTCATTATCGGCGCACTCTTTCGTTACTCCGCTCTCCCAGATCGTCTAGACCCCCTCATACCACTAGGAAACAGTATATGCCTACTATTGTCCCCGACTGTCGTCTGATTTTGTTTTCTCAGCCAAAGCTAGCGGGCGGTCCCGGGGTCCGATGCTTGAGCCGTCCATGTCGTGAGCCCTCATTAGTTACGGTGTTGGTGCAGTGCCCGGGGAGTTTAATATTTACATATGGAAGTTAATCGTACCCACCACGAAGTAGACTCCA,1222,51.06,Homo sapiens
SEQ_675984,TCACGTCCATTCCATCAAGCCCAAGCCTTATGAGCGAAGGAATGGACTAGTTGTCGATCATATCGAGAGGTGTATACAGATTTCCTGAGCGAAGGGGTAATAAGCTTATGCACCCTTGCGAGATGTTGGCTGGTCACTGACTCTTGGTAGTGCACATACTTAGAGTATCCTGTGCAGTGGGTCTCTAAGCGAGACTCCTCGGGTGGGTCTTTGGTTCAGGCCTAGATCTGGGATACGCACTCCAACGCAGTGACGACGCTACACGCGATATTCGCGCGCGCGAGGGATAAGCCGCTAGCGTTCTGTATTCTCGGACTTACATGTGGTTTCGGTCATCATTTGTCGCCCTGTCCTTCCCAGCGCAGCATCTCAGAGGCAGTTACGTGAACAGGCTTCCCGAGCTTCCCCCGGTCATTTTACACCAAAAAACCGTTTGTCTCACTTCCACATCCGACATGAGTGAGTCATAGCGCGGCAATCCGCGGTTGCCTCGTAATCATAAGCCCGTGACACGTACACGCATAATATACACTCCAGTCTACCTTCAATTCTAACATAAATTTGACTAAACGGCGTTTGACTGCTCCTTCGGTTGGGCGTCTAACGCATACTGTATTGATTATGAGGGCGTACTTTTCTGCGACTTTCACTACTAGGACTCTATTTGTATACCCTCAAATTCTATCTATGGGCACTTATAGCTAAGCGAGTTATTCTCGAACGAGAGGACAGTTACGCTAGGTGAAGGAATGGACAGTGCGTTCGAGTTTCAAAGTTCCATGAAGATGACGGATCTTCAACTTTGAAGAGTACATTCTCCGAACACCACGACATGTGTTGAGGTTGCAACTACTTTCCTTCATACTACACGTGAAACCCTCGTCTGACAAAGTATGAGATCGCCGCGGTTTGCTGTGGGCGAAGACCTCGCAACAGGAGTTACCGTGAGCAATTGATTGCAAGCACATGCTTCCAACTCGGGATGCATCTGATCTCCATGCATTGGGACCCTTTCCATTCAATTCAGTATTACGAGGGAGTCGGGTCACGCCAACTTGAATCCGAATATCCGGCCGACGCCAGATTCAGGCAAGTGACGGAAGATCTGTCCCTTCAGGGCGGGTCGATGACACGGCCACTGGAACCTAACTTCCGCCGTCGTGTCTGGACTTACACAATGTGCCGTATTGACAACGTCAGAACAATGAGACTCGTGTGTTCTGTGAGAATAACTGAACTAGAGGTGGAGGGAGTGATAAATTCTACCCATTGATTTCCCGGGTAAACCATGACGCTGCTCAACTTACACCCTTGCGCATTAAACGTTAGACACTGGTGATCTTGACCACCGAACATGGCCTAGAGATGCTAGGGAAACAATGGTGAAAAGGCCATGTCCTTAGGATAGTGCTAACGAAGACGACACAATTACGGCAGGCGACCCTACCGTGGATTCTAGAAATCCTTGTCGAAGTCATTCGTAGCAGGCGGTAAAGTATGCTTACGAATGCGAAAGCGAGTGACAACTAGTAAACAATTTTTCTTTGTGGCGTCCTACTCTGTTGCCCACGGACGAACCGTAGCAATGAATGTGGCGATTAATCAGAAGGAGTATATTCTTCGCACCCACTCGAATGCGGCCTATGACTTACATAATTAAGGAGAGGTTCCCAACCCCGTTTGAGTTCCACTAGTCAGGTCACATTCTATAATATATCATAGTGCGTCTCGATGAAATTGCCCTTTGTCACCACAACTCAAACTAGGCAATGCCCAGGGATGAGTTTAAGGGCGATCCAGGTCGGCGCGCAATGCCT,1817,48.65,Caenorhabditis elegans
SEQ_927002,TGTAATTGTATAAGCCAGGGATTAAAAGTTGTTAACAGGCATACCTACTCAGATAAGACTTCACGTGCTATTTTGTGTTTTTGAGACACGGCAATTATCTTAAGCTTTTGCATAGAGGTGTTACCGTGGACTATCTTAAACGGACACCGAAAGGCCCCGGGGGTAAGTGATACGACGGCTTGACCTTGAAGATGACTCATATTGCGTTGGACAGTGGGTCAGGTCATTTTTTTCCCTCCAGAGGGGGCTGTCTGCCGCAGTTACGTCTCGTATGTTCACCTGGACTCGTTGGCGCACCCTGCAATGTCCGAGATCGTAAAGAAACGGAGGGCCGCGACCACGCTAATGTTGAACGTTTAACTGGGAGAAGGGTAAGCCCTCCGTTGACCCTTTAGCGGCCCGCTTACCTGATTGGATCTTTCACTATACCCTATCACGAGCCCTCGACTGACGAGTCCTGCACGTCTAACTGCGCCGTTGTTTTGTTTATTCCAACAGTCCTAAATTATCCTAATCCTGCATTCGGGAGATTCGGGGTCCAATGAAGGCACAGGCTCTCACGTCGTTATTACCTTCTCCGAGGTTGACCCCACCCCGCGACGACGCAGATGAAAAGCAGAGTAAAGATCTATGGGGAGGAATCTACAGGGAGGAAACTAGTATCGTCATTCGTTGAATAAACCAGTTCTTAGTGCCCGCTAGTGCAACCCTACCATAGAAACTCCTCAGCATTATCCCAAGAGCAGGA,748,48.93,Homo sapiens
SEQ_157312,CGTCCGGTCGTGACTCGATGGGACCCACGCTGTCTCAGTCTAGACAAAGGGTGCTTTTACAAAACTGCATGGAGGACTGAAGAGTTTCCTGAGCACGCCGCGAGTAATCGCGTACCTACCATACCGGGTATCCTCGAAAGGCTCCGCTGTATCGGAGGTTGGCAGCGACAAGTATTCGAGTATCGTTCCATAAGATCCAACGCAAGTGTTGAAAATAGTGGTAAACACCAAACCATTGTGCGGGAGTGAGTCCACCGGAATCGTTATTGGGGTGAAGGCTCTGAGGGCCATCTTGACCGGGAACCGCCAACCCATACTTCACGATTCACGAACGGCCGCCATGACGGCATGTGTCGTCCAGCTGGCTTGGAAGAACGCTACATGAATCGTAGTAGCAGCTTTTCATACGTAGCGT,415,52.77,Drosophila melanogaster
SEQ_404591,CGCTTGGTGCCCTATAGAGTACCCGAGTCTGACGATTGATAAATCAATTAGACCACCAGGGTGGGTGGTAGGTATCAATCCCACATGCTTTTACGTCGGGTACCCATGCGGTGGAACAATCGCAAAGGAGTTCCCTGCATTCCTTTATCCAGGTGGTACTGGGAGTCTACCGTCGGTACTTTGTCAAAAGTACCTCCGTACGAGTAAATAGGGTCCTTCGTGTCGGAGCTCGTGAGTCAGTATAAAGGTTACCCAGTCACGGAGGGAATAGACGGTTAATTCAGCCATATGCCGCCAAGTAAGCGGTGCTAAATTAAATCAGAAACACACAGTAGATGGCTGGCATTTCGGAGGCCTCTGGTCTCCAAAGCCAAAGATTTCGGTGGAAGTATCTCCGGGCTGCACGTTAAGATGTATCAAAAATCCTGCACCGGCTC,437,49.43,Escherichia coli
SEQ_753863,CCGCGAAGTCATCAAACTACCAGGTGAAAAGGGGTGTACTCCAGCAAAAAGTGCTCCCCGTATGGCGCTTAAGGTGCTCTGCTACATTGTGTGAGTGCGCCGGAGTCCTGGGCCTGGTAAATCTGCGAACCTGCTGCCACTCGGCTAGGAAGGCTACTACAGGCTCTTAGTAACCGTGATCGTCTTGAAGTAAGTTTATATACGATCCCGGCCAGTAATTCTTAGCGAGAATTCCCAAGGTATTCGGACATCAAGAGCGATGATGTGCTGCCCTTTAGCAGTCAAGAGGGACACAACTCCTGACCGCTAGCGCCCAAATAATGTGTTGAGCTCTGGAGTTCACGCTATTTTGTGTGATGTCTGAGATCCTAGTATGCAAGCACATTAATGTAGTTATATGGTTGCTGAAATACGCTAGCCCCTCTAATCTCGTATATTATGCTCTCTTTAATGAATGGTGGAGCTCCTAATATGAAGTCCAATTAACAAATGGAAACCTTCTCTCGGGCCTGGTGGTAATAATATAAGTTGCTTATGGATTGGAGAAGGCAGAACATGTTCGCCGCAGGATGATGCGCAGTTAGTATTTGGACAGCAGAGTTGCGGCAGGTCTAGACCAAGTAATTTATAGTACACGGTTCCCAGGAACCCGGTGGCAGTTAGAATCTAGTACTCTGGCGCGGATAACCGTATCGTTAGAGCATGATCTGCTCGGCGACCTTCAATAACGCTGTAAGGTTTCTGGTGACTTTGACATGGCCGCGGGGACAAAACCTAGCTCATCACTTTTGGGTGTGTTCTCGCTTTGCGTTGGCTTGGTTTGTTTAAACTAAGAACCTTACTTTTAATCGCCCAAGGAATTAGTGTTATCGTGTCACAGTTCTATCTGACGCAAGGCACAACAGCGAGCTATCCCACAACCGCGGCTTCCAACTGTAGGAGCATACGGGTCGGATAGCCCGGACACACGGTGTCCAAGTCATAGCAGGTAATTGGCTTAGAATCATCACCGTACTTGAGGGTCTCGATTCAATAGCCCGGTCTCCAGAGCGCTCTACGGTAGCAGAATGAGCTGG,1076,48.33,Drosophila melanogaster
SEQ_985713,CTAGTTATAGCTTACGAGTAATAACTACCCGCTGTGTTGACGCGCGTGTAACTCCGCAACGATTGATGGCTGGCTACTATCTTCAAGCGCTTTTAAAAGCAGTTGTTCTAAGAAGGGGCTTGGGGCTGCTAATTTTCACGTACAAATCCCGACTGAGTTGGCACCGTGTTTGCACAGATCTGCCTAACCCCGGGTAGGCTTTAGCAGAGATCAGACGATTACATCGAATACCCGGATTGGACACATATCCGCGAACGCCGGTAGCCACTGGCAGCAGAGTTGGACTGCATTGAGGCTTAAGGCGGGATAAGTTGTCCCTGATTGTGTAAAAGTCGTCAACACGACAAACACTCCACGTCCCAAAACCGTGATTTGACTATAGAGCCTCGTCATAGCACTGATCATATGGGGTAGTCTATGGACATGCCTGTGGTAGGTTACGTCACTGTAGGCTTTTCCGCCACCCCCTCATGTCTACTCACTGACGCATGCCGAAGGGAGGTACGGCGCATCTTACCATATTAGGTTGCGTGGGAAGTCCCAAGACTGCCCTTAAGGCCCTTAGTGCTATGCCAAGGGGCATACCCCTTTGTCCAATCTGTGATCTAGGCTCGGTTGGGTCGTTCTGGTGCGAGCATCGCCCTGGTGCAGCGCTCCCTAGCCTTCAAGACAGACCCAACGTGTTGGGGGATCGTACTGTGGGGGATTTACCAACACTTCCCGTCCCCGGATTTCACGGTTGTTCAGGAAGTTGTAGCTTGTTCCAAACCTTAGTGCACCCTGTGGCCCATATACCACTGTTACGACGAAGGCAAATTTGTCCACCAGTCTAAAATTGGTACTGGGGCAGTTAGTGTAATTAGATTCGCCGGGACGATGCTCGCCTTTACCATTTTTTTACAAATCCTTGGTCGCAACTCCACAAGTGGCCCCTGTGCAGGACATGAGGTGTCATTCATCGCTAAGCCTACTTCGCGCGGCGGCCCTCCACGCTAATAATCACTATAGGCGCAACCTAAGTTGCGGCAGGATAGTGACGCACTATGCGCGTCCCGAAGTCCTGTAAGCGGCTGAGCCGCTCTTGCCTAATTCGTAGAAACGACCACTTATACTTTCAGAAACGGATTAGTTATGCCTTGTTAGCTCCACGTGGCTTGTTATCCTTAGGAACCTGTTGACGCGGGCCCGGAATCTTAACGGACGTTTTCGGAAAAATAAGTGCAACGCCAGTCTGCTAGACACTCTCTGATTCCTGTTAAAGCGTTAGTTCAGCAGTAGGTTTAAAGTATAGAGGCATCTGAGAAAAAGATGTATTCCGCCTAAACAGTCACGCACTAAATTCAAAGTCAATGTAATTTTGTGGTGGTGTGGTAACTCGTTTGATAGAAAGTTCCACGAGGATGTTCTGTCTTGACCTTTAACCGCGTGCCCTAAAGTGATTTTAGTTTATTGAACCCCCTCTTGCTGGCATCGGCAATGCCTACTTTCAACAACGAACTCAAAGTGGCGCGGGATTTACCGTTCTGAAGTGCATTATAGGCCACCTCGGTTGATTCCCCGAGTGAAACCACGGGCACATAGGAGGCCTTAACTTATTAGAGCCACGGGTCAGCCACCATGTTTACTACGCTCCCCTATTCAAAACCCGACGTCGATTGACACATTCGGGAATTGCTTCGGCTAGAATAAAGCTTATAGCGAACG,1704,49.59,Escherichia coli
SEQ_371515,TACACCGAACTTGCGTAAAGCGGAGCTCGCTGAAAGCCTCACCATTGAACCACGTATTCTACGGAAACAAGCAGAGGCTTTACATACTTGGTAATCACCATTGACCGCTGCTGCTCTCACTCGTGGCGAGTATGCTCGAGATCCTGGACGTTCTCCGGCCTCTGGTCAGACACGGGTAACGCCGACACTGGGCAAATCAAGCTCGAGCACTCATATTAGCGGCATGATTGTCAACTTACTCTTCTGGTACGGAAAACGCATCGTAAAGTTGCTGAAGCCAGATAAAACGCGGCCTGTGAAGGGGTTTGTGCATACGGGTGTCCAGCAAGTTTCCAGGTACCAGTTGTCGTTGGTAAGCTGTTCTTCAGAGTCGATCTGGAGCAATTGGGTTGCATAGACACTCCAAGCGCCAGTTGTTTCTGTCGATGAAACACCACAGTAACCGGTTCTAATACGAGTTAAATTACTACCGGTTCTGTGAAGAAAATCAGGTCAAGAAGCTTGAATAGATTGGGGCGCCTTTTTCCACAGATCCTTAAGCTATCGTCCAAGGGACGCAATATCCAAGATATCAACCATCCTGGGCTTACTGAGTATCCTTATCATAGGTGTGACGATAGCCCGATATGCACGGAACTTTTTTCGCGATTTCTGTGTGAACGCTGTGGACCTAGACTTAACAGACTCGCGTAGCTCTCCTCCGAGCGCCATTAAACATGCTTGTACGGTGCCTATGAATCTTATGACAAAAGTGTTTATCCCGAAACCTTCTGGGTGCTACACCACTGAGCTATGCCACCACTCGGTTTATCAATATGTGAGTCCGTAGGAGCTGTACACCAGTTGCGGCGACCCGTCTTGTGGCTTCTTTGTCCACCAATGCGCCGAAAGTAAGTGCACAAGAGACATGCGTTGTACTACGCTTCGGCGGCTAGGCCTCTGGTGACGTTATGGTGGGTTACGACAAGAAGGAAGCCTTCATATAGATGCCGATTGACATGATCAGTTATACGATCTATCACCCAACAGGTCCCCAGGCATGATACTCTTAAACGATTGTAATCTGGGTTACGGATTATAGTCCGGTACTACCTCGCCGTCCGTGCGCATCATCGTCGCGCTTTAAGCGTCACTTTGTCATCGAATGTTCACAAAGCCCTACTGTGCTGAGCCGATCCACATTCGGAAAGCTCCTAAGGGCTATTATGTCTCGGGCACCACAGTATAGGGATCGTTAGTCAAGCGTATTGAAGATTACCTGCTGATTTGCCCCGGGGCTTGCGGTACTCCTAGACTGAGACGTTCGACTACCCAGTTGTAAGCAGCGCCAAACCTGAATACCTTTTCTTTAACTCATCGTGATCTCGTAACCAATCTTCCGAAACGCTCTATTCGGCTTTCCCGGGACTCGCGCACTTACGATACTTTTAGGGTTCAATACGCGTGGCCCGTTTCACAGAATTCGCACCCGTCTCAGCGGATGTCACATACCGCCCCCGGGGAATGCTGATTGGTGCTAGAGTGATTCATAGACACATAGTGCTCTAACGGCACGTACTCCGCCGGATGTGTCGT,1575,49.59,Drosophila melanogaster
SEQ_451451,GAGTAACCTCCGACGCTGGGGAGCACACCGGCACAATTGCACAGACAGTGCCACGGAGATCGTGAACGCAGCACACTAATCATTAGGAAACCGA,94,55.32,Mus musculus
SEQ_960119,TTCTTATTTGTGTTAATAGTCAGCGTCGTTACTTCTTAATTGCCGCGCCCATTATCTTAATTTGAGTAGGCGCAGATGTGTTATGTATTCACATTATCTCGTAGCGGGAAGCGACATAAGCCAGTGCGATGCAATTTCCCTGTGAAACAACTCGCCTCCCTGATGCGATCAGTTCTATGAGCTGCTAGACGGCGGGCGTGAGACTAAGGAGTTGCTATTAACCTACATGAGCCCATGGGCGCCAATTGTGGGATGTTAACCATCCACATGGGGACTCGGCACCACCCCAACCGCATAAATGCAGTACCGGCCGTATCAGAACTTCTTATACGCATCATCTCGCGCTTCTTAGGGGTCCGACGTTGTATATCTGTGATTCTTGCCCGATCCCCCCTGGAGACGAAACCGTACAGTAGGCGGGGGACGTCGACATAATAACCTCGCACTCCTTGCCTCGGCATACGAGAGATTATAAACTATACTTCAGGACATAAAGATGTCTTACCATATTGTCGCTGGAGCATA,525,48.57,Saccharomyces cerevisiae
SEQ_118372,CCACTTCCCGGCAAGTCCACAGTGGGGGTAAGCAAGAACGCATTTGTACTATACCTGGAATCTTAACTCGGGGAGATCGAAGTCTTCACTGCATCAGCAGCCATTAGGGCATGCCTGATAGTACAGATGGAGGCCTTTGCTAGATTACCTTTAGACTGCAGAACATAATTAGTAGTAGGTTGCACTTCGCGGGGACTAGGGGTCATCGCCCCGAGCCGCCAATCTGCGAAACGAGGTAGACTAGCCCACGGGGAGAATTCCGCGGGCACTACTCAACGCGGCCGCATCTCGCTGGACTAACGAGTTCACCTGTAGCTACTACCACACATGTGCGGGCACTCTTAACCAGCTCTCAGCAATTATTAAGCATAGTGGAGAACCAGGGGGGTTATCTAGAGAATGCCTTTCTGCCAGGGCCAGCAACGCGAACTTCACGAGTATGGGGAGGAGACAGGAGGCTGCAGAGGCTCTTGGGCATCATAGTACAGTGGCTTTGTGAAAGGTGCAGATGTAACTCGCGCGCGGAACTGTCTGGATCACGTGTCCAAGTGCCTGCGGAACTACTGTCCTGCCGGTACCTTGTCCATCTAGGCTGTGACT,600,53.67,Mus musculus
SEQ_274996,TCAGCGAGTTCGTCACTGACCCTTTGCTTTCAATCTAGACCGCAGGCTGGGGCCCGCGTTGCTCACAGCTGAGTCGTGGGATCTATCTTGGGCATGGTGGGCCTTCTGGACAGACTAGTGGCGTGGCGGGCTAATGATCCGATGGCCCCTGATCTTATTTGGTTTGACCTCACACCCGGGTTTATCGAATGCAGATGACTCGATCTGCATCGCGTTAAGCAAAGTTTGCCCTATGGTTGTATGCTACCAAACGAGAGTCGTCGGCTGGGCCGCACCGAAGTCCACGACAGTATAGAAGAAGATTTTCTCGGACTCCGTGCTGAATGACAGGGCAAGCGGCAGGTGTGTCCGAGAAGCGGGCGGTGCCTGCCGGTAAGTAGCGCAGTACAGCACCGTAAATCTCGGGGAAAATCAGCCACAAGCGAGGGCTGTCCGCTTCCCCGGGTTCACAGAATAAGACCACCTACAATGGACGATCCCCTAAGTAAGTATTTGAATCGGTTCCTACGGAAGGCGATGAGAAGAGTTTTGCCGGCGCCCGGACGGCTAGGAATGACCATTTCGTGACCGAAGATTCTCGGTCTTTAACGGACAGTCTAGCAGCCGCCGTGTCTCCGCATTCCTTTTGATTACAACATAA,640,54.22,Mus musculus
SEQ_268744,ATGTAATCACCGCCAAAAATGGAAGGGCGCCAGGGCCAGGCACTGGCAGTTAATTGCCGTTAAGGGGTCTGACGCCCGGTACGTGTCGGCATGGGAAATTAATAATACCGGCAGCCAGTTGTAATCTAGCTTTACTGCTATATTTCCTTTACATAAACAATGTCATGTTACGTCGGCCCTCGTCGTCGTATAACCTATCTCATGGGCCTCGAGGGGTATCACTTCCCCCGACTTGATATACGGTCCCAGGGAAGATCCCTTAATGGGCGGCAGTGATGACGGATGGGAAGAGGGGTTCCACTCTATAGCCTTCCCCTAGTGAATCAGACGCGGTGCGACAGACGCCTGACTACGTTCGTACGGAATTCTTAAATATTTGGCTTAGCAGCCTTGCCTGGCACGCTCCCCACACATAATTCTGCCCCCAGAAAAAAAGGGCAGTACAGTGCGGGATCGTTTATGGCCATGCGAAATAGAGAATATTAATTTGGCATCATGCATATATCGACCCCATTCAGACAGCTCTGTGAGACTTCTGACCCACCTGAATGACCTGCACGGGGTATCGATATGTG,575,50.26,Mus musculus
SEQ_670168,TCTGTACAGGTCGGCTTCACCAGATCGTGAAGCCCGTCGACTACAGATCAAAATCTCTTTTCGCGGGACTACGGACAGCACCATTTTAAGTATATCCATACGTGTTAGCCCAGTGAATAGGTCTAGCAAACCAACATCACCGCTCCAAATCGTAATTTAGCAAATATATGCCACAAAGGAGGCACCACCGGAGCAATTGCACCGATGGTGGCCTTCATGGCGACCTCCGCCTAGTCACAGTGATGAGTCGCGGCACTCTACAAACTCCACTATGATATGGTAAAATTTTCGAATGAGTCCTTCTTTCAAGCTTGGGTACCCTGCCCTGATAGTCTGCTGATCAGGCAAACAGCAAATAGCTACAGTCGAACCTTAAAGATACGCCTCACACTAGTTTTGTCTGCCGATTCCTGCGAGATAGATCCGAAATCAGGTCTACTATGGGACGACCGGTGTGGTCAAGACTTCTACACAATGCCCTTAAAATGGGAAGTTTCCTCTATAACGCTGCGTTTTCTTTGCCTCTCGCGTCTAAGAGATCAAACCGCCATGTTAGATTAACGCTCTGGGGCTAACCAACACTCGACCGATCACGACGAATGTGATGCCACTGCACCCCACTCCGACCAGTGAGTGACTGAAAGAGGGGGACCGGGGTAGCAAGTACACAACAATCTCCTTCTGACGGACCCTGTCACTACAGTTTTGCCCCCTCCCCGCCTCAGGAGTCTCGATGGGCTTCGGCGAATACAGCCGCTTATCCACTTCTATGCTGTTCGGATCGAGACAAGTAAAAATGCTACCAAGAATTGGCCGGAAGTGCACTGCATGACACCACAGGGTATTAGGCCGCTGATAGCCAGTACGCGTAAAAACTCTACGAGAAATTTGAACCTACCGAGCAACTTGGTAGCCACAGGGTGCTGAGTCGCAGAAATGGATAGTGGCCCGCCATTTGCTCATATTGACACGCCATGCCATGCAGACAAGCCCCTGACTGGCTGAAACATCCTACGGAGGCCGTGACTGCGCTCTACATAACGGCGCATGCAGAATTTTCTCAGCGAACAGGATGACAGAACTTATCGCTAGAAGGCCGGGCCTTATCTGCAGGCGAATGTAGTTATAGAGTTGAATACGGCCCAGATGGAAGTAACTCGGATGCCCGTTTGCCTTTGTCCCTAAGCGTGTAACCCGAATAAGGAAACCACATTAGTATTTCACCGTGCAATGTCTCTCGGATCTCGAGTCAATGCTTTGGGCCGCCACCAAGCGAACGCTAAGGATAGACTTTACACGAGACAAAGATGGTTGAACAGTGTAAGTAAGATAAGCCAGGCTACTGGTATCTGCAGATCGAGATGGACTATGCACCAAAATATGTCAGCTACTGGAAGACCAATACTATCGCCTGGAGTAACCTCGTGTTCTCAAAAAGTTTATCCGCATGTTCATAAGAGCAGCTCCTACGTGATCGGAGTGTCTTAAGTTCGAACCCTTACAAATAGGAGCACTAGTCAAACCTACACTTTAGGATAGATTATAAGCGTATTACACAACCACATCCAGTTCAAAAATCGACAGTAACTGTCGTGCTGGCTTAAATTTATTGAGCCGGCTCCAAAGACCCACGTCATTGTGAGGATTTTGTTACTATTAGCGTTCTGCTTCATACTCGCTATTTGAAATAGTGCATCGTTGGAGGGGAAGTAAGTATCAATAACGCAAATGGCCTCGTGTTACTTACCTGGAGCACCATACCAGTGGTAGTCGCGCTCGCTAGCGTTGCTTTTTGGTGTTAATAAGCATGATATCACCTTGCCATCATTGGCATTAGGCTAGGGAGGCTTACGTTATTACCTGCAT,1866,48.02,Mus musculus
SEQ_485726,AAACCGGTCGTTAGTTTCGGTCTCTTGGTCGCAGCTCTATAAATTACGTGACAACGTGCAGGCACCCTGATGTTTGTCAAATAGAACGATAGTACGGGAACCTCACGATCAGGCGTGCAGGCGGGGGTGTTCCTCTCGAGCAGCTCCCCCAGAGCCCATATCCACGCTAAACATTTCTGTCAATCTGAACTTCCCGGTGCCTATTAAGTTTACGGCTAAGAAAACTGGTTTGCACGTCTGGTCCTTACTTTCATCCAACCGACTATCTCGTGCCCACCGTTGACCCCCCATCAACCGCCCTTATGCACAGTGACAGAACCGGGTGTAGGATCAGCTAAGGAACTGATCAGATGGGCACAGAAAAGCCCGGCTTTAGGGGGTAACGGCTATTGCTCTAGGCCTTTGAAGAGGTCCACATTAGTGCGGATCAATATGGCACATGGAGGGAGTGCAAAATCTTTAAAACCGGTTATGCGCGCTACCTCGAGGATGCATTAGAGGATGCATTCCCGAGCTGGAGCTGTGACGCAGAGTCCGACTCGGTTCTCCCTCACCAGGGAGGCTATCTCAATCCTTTAGATTGACTGTGACGGGTATCCAGAACGTGCTGAAGTCCGCAGATGAGCCGGAGCCTGCTCGCATGAGAAATTTTTGTCTAGGGTAGAATCGACACGCTCCGACTATGGTTAGGCATTTCTAATATACTCGCCAGTGGGGCTGAAATTGCGACCTCCACTATCCGTTACGCTATATGCAAATAATATAGGTTGAGTTTATAGTAACAATTTAGTACACGTCTCTCACACTCCAGAACGACGAAACGCTACCCACGCTGGGAGCAGCTTTAATTAGGTCAACCGTCGTATCGAAAACAGCTTGGGTTCGCAGTAACCAATAATAGGTGTTATTTAAGATTGTTAATGGGGCAGATGATAGAAGAGATACCGGGCAGACACTCCCGCTGCCTCTCTATAATGAGACGGAGTAACGCGCCCGCGTAGTGGTGACTCTGAACGTCACGATCATAATCTTACATATGGCCCTTGAACCGCGAC,1055,49.76,Homo sapiens
SEQ_981230,TTCCATCGTTGGCCCATCTTCCCCACATCGATAAAAACAACCACCACCGCCGCTCGCGCCCCCAGTCTACCGAGCACTTGCCGGCTCTTCTCTAAGCCAACAGCGCCGGTAAGAGTTCCAGATCCACGCGAACTCCAGCCTAAGGTACCCGGGCCCGGGAGGAGGGGTTGAATTTGTGCATGGTGTGTGGAAGTGGAGTAAAATGGAGGGAAGCTGTTATCTAGGTATCATGCAACGCTACCGAAGGCTTTACCCCCTCTGAAGCGAACGGCTAATCTATCCGCGGGGCTCTCCTAACTTCATAAACAAATCGCCGAAGGTTAGGTCCCAC,331,55.29,Drosophila melanogaster
SEQ_769137,CAACTTAAATGAGCCCTTACCGGTCAAGAGTGTGCGGCACTTAAGGCCAGCCCAATGTAGTCATAATGAACGCAAACGGGTTTCTCGTTAAGCTTATCGATCCGGTCGGGTTAGTTCTTTCCTTAGTATGGGAACACATATGTCAGCGCCGGATAAAGAAAAGGTCGATCTACCCGTTTTTTTGACCTTTGTCCTTTTGGTATTCTTACTTACATTATCTAGGAGGTTAGTTAACCTAATGGAGCTACTGTCATGGTAATACCTGGGGAAAGATGGTGCACTCGTTTAATATGTATACGCCTCGGGCAGACTGCCTTTATAGTCAGCCCTTCCGGATTAAAGGGGCCCTAGCGCATTGTGTGAAAATACCCAATTGTTTTGGAGGATCCGCGAGCCTGGTCAGTCTGAAGGAGCCAATGTTTCATGATTACGGAAAGATCCAGGCGATGCAACGAGGAAGACTCGACAAGGGGATGACAATCTAGGCAGTATGTTTTGCATCCAGTCCGTAAATTCGCAGATCTCGGCGAGGAACGTGGCTTCAGCCTGCGGCCATATAACCGGGCGAGACTGACGTGGAATCCGCATGGGACCAAACCAATTACGTATTTCTAGGCGCCGGATACTTCGACCATGCCACAATAAAATGCGGGCTAGCGGTTCGGAAAATTGGCTCCACGCCACCCTAAGGAAGGCGCCGCAAGGTTACATAAGTCAGTCCGTCTCAGATTGGTCCCGCTAAGGTAACTCCACTCGGAGCAGCGAGCAAGCGTAGGAACAGGTCAGAATTAGTAGCGGGTAACAATATGGCCAAGGCAAAGGTGCCAACGGTTCACGTGTTGGTATGGTGATGCGACCAGGGCTACGAGCACACACCGATGAGGCTGCGGTAGTAGAGTTCGAGGCGGGACGACCTCCAATTCCCAGGGAACTACGACATGATGGAGCCAATCCTCCAAGTTGGGGAGATAGCTGGGGACAAGACTCATAACCCTAAGTCACGGGTCCTTCCACGACCGGTCGACCCACACGAGCCCACGTTACTCCGTTCCGGTCAGAGTGCTGCGCACATCTACTCCATTTCCGCGCGGAGAGACATTTTAACCCCCCTTTTCTTCTGATGCCGACTATCTAACGCTATAAACACCGGACTAAGACTCACGTCGTCCACGTAAGTCACCTTTGTCCCACACCGCTCGCAGACGGACAATTAGGAACGAGTAACCGAGAAAGGCACGAAACGTCTGATCTGGAGGATGTCATCGTTGCTAAAAGTGCTCGAGTGAGATATGCCACGGACGAACTCGGACACTAGCAGCATGTGATTGAGGGCACACAACTGACGCTAGGGGCTAATCCGGCCCTGCTATTAAGACGATTTGGCGGGCTACCCGGTTATCAGCGACCGTATCTTAAGAGTTTTCATGTTCAACTTTGGCTGGTCCCAAAATGCCATGAGTATTCATACGAGCGGGGTTGAAATACCCACGACATTCAATCCTCCTAGGGTCGCCTCAGCTCGCCATAATGGTTTTTATCTTTCAGCTCTATGAAAACTGTGTTGCTGAAACTCTCTTGGGCCACGTTCACCATAGAGAGAGGTGAGTGGTAACTGGCCAACCCTCAGCCATGTCGATAGTTCGTAGTACCCACCACGGCTCTTTAGCCTTCAGGCTAGTACTTCAACCCGCCGCGCAATCCGTGCCGGCAGCGGGAGACCCAGGCACCCCTTCGTCT,1737,51.41,Saccharomyces cerevisiae
SEQ_297465,AATAAGATGGCACAAACCCTTGCGTGCGTTTCGCAGGGCCTGAGAGCATAAAGGTATGGTATCCGCATCAGGCTTGCTACAACCCTCGTACTCATTGAGTCTGGGAGTTGGACGGAGTCTTCAGTATTCAGATGTACGGGATTCCTTGTACACCTTTGACACCTGCTCGAGTACATTGGGTAAAAGCTCTTCCAAAGTAAGATGTAACTGGGCTCGTGCACTTGAATGGCGGGATTTACATCTCTGGCCGTTCCACGGTGGGCCTCGGGCTTGCTTTATATTTTGACGGTGGGAGCGCCTCGTAATTTATAAACAAGAGGCATTCATGTAAGGCTTGAACATTCCAATGTCAAACCTGGGCCTTATAGTCATTAAGTCGTATACTTGTACGACATAGCTCCTGCGCCCCAATCAACAATTTGTTGAACCGAGCCGTATCAGAGTCCGGCGGCGGAACCTGTTCCGGTCAGTTTTTGATAACCCTGGCGGACATCTGGTCTACGGCCAGTTTGTCTTTATTAACACTCACCTTCATTACCCTCCACGTACGCGCTAAGGGACACCGCTCCGTTATCCTCGCGATGAGAGGTATCCCTGACTTACTTTCGACGATATATCAACGCGACGGACTGCGACTAACAGCTCTTAAGAGAAACCGCGATTTTTAATTTTTCCCCGGGTGTCAACGACACGCGGAGTATGCGGATCGTTCGCCAGAACGTCAGATCATCCTCGAGACCACCCTCCCATCGGATATATCCGCTAATGCGAATCACCCAAGCCATGTGAAACATATGGTCAACTTCCGAATACTAAAAGTATGTGACGTTACTCCTAACTGGGAAGGGTTTCCTGTCAAAAAAGTAGCCATTTTCAGTATTCTTTACGCCAAGACACCTTATAAAGAAGCGTGAACCGAATGCCTGTGGTGATTGCTTACACATCATTTTATTGTCGCATATGGAGGAGACCAGCCTTACTAAGGGCACTAGCGACGTCAATAAAACGGTACTTAAACCCGTCAAATATTATGCGGGACCATTAGGATCGCCTTCTGCCTGAAACCAATTACGGACTCGATCATGGAAACAGCACAAAGTTATCTATGGTACTTTGGTTGTAGTCACACCCCCAGGAGCGGGGGGTGAACGCCCGTACATAGAGATCAGCCCTCACACTGACCCGATGTAGGGCCGACTAGTATCAAAACCGACAATGTGCCTCCCGTGTCACTAAATTCTGGAAACACCGGGACGAGCTCTGCTGTCAGGACGCGCAGGGATAATACTTCTTCGCGACGCTGGTATTATGGGAGCTGTCTGGTTGCGGCTTAAATGATCTTATGTGAGCCGGCCACCGAATGGTTGCGAACCTTCGATTCGCAATTCACGTGGGGCTCGCACTCGTAACGGTTGGAAGTATAGCAAATGTACGAAGCTCTACCTCCTGAAGTGTGAACATCCCGAAGCCACTCCATTATTAGGGACCCAATTTCGAGCTGCGGAGCATGTTCTATTAATATTCTTCCGGGTCGCAATAATCATAAACCTACATGCGTCGTAACTCTTTAGGACCCGAGACCTGAGATATAAATTCAGACGGTAAATCATTGTCTGTTAAAGGACGCGTCCGCCTCTTATGCGTCTACACTGGACGATGTCGAGCTGAAATCCTGCGCACGCACAGTTGAAAACATCCGCTGTGTGTTGCGAAAGTCGGCCGCCACCCTGGATGGTCGTGTCGTCATTTGAATAAGGCCGCCTCCAGTAAACCTCTAAGCGGAAAGGTACCGATGGGAGACAATTTAGATGCTCCGGAGAGGTCTAAACCAACGATCTACAAGGTCCTACTTTGGCACTATTGACTCTGCTAGCCTACTGACGTCGGCTATGTAGTGCCCGCATACGTGACCCTGCGTGACACTCTCTTGTCACGCCCCACGATTTGAGACTGTGCGCATGCGCATGCCCTTCCGCACGAATGTCG,1986,49.4,Saccharomyces cerevisiae
SEQ_984820,GAAGGTAGCTAGCCAAGCGGGAACCCTACGTCTCCCACTATTACACAACGTAGCATCGCTCCGTCCACAACTCTAGCTGCGCTCACCGTTTATGCTCTTTCTCTGCATAATCCCCGTCTGTAAGCATTACTAAATTCGGCGAAAGCGGGAGTTCTGGTGGCTGGAGTGCCTTATTGGGAGTGTCGTCATATATGCCGAAATACAAAAACAGATTACGGACCAAATTATCTACTGCTCGGTGAGTTGCCCTCGACATCTTATAAATCC,267,48.31,Arabidopsis thaliana
SEQ_847146,GATGTAAATCATTGGCCTTCATAATTAATGCCTTTCTCACTACGCAAGACCGCCACCATGTATTACTCCCCAGGGGATCTTTCACCGCCTGCACGACAACTGTCGGTTGGGTCTCATAGCCGATTCTACCGTGCGGATCACGGGTTTCCTTTTCATGACTGGATAACAACAAAAGCGAATCGCTATTAACCTTGCAAGTGCCCCTGGAGTAGTGCTCCTAGACTAGTTTCATCGGCACCTCTTCATAGAATATGTACGCTAGCACAGTAGCTTCATGCTTGCCGACCGCCCTCGGAGACATCTCGAGAGGCTCGGCTCACCAACCCTAGCCGGTATGGGCTGCATCTATCTATGAGCTTAGGCGGCTTACTTCGTGAAAAGACCCGGAGGGCAAATCCCAATCCCTAGCGCCGCGTGTAGTAAAGCCTTCGCGTTACTTAGCTCAAAGTTGTATCGATTTGAAGACCTGCAGGGAAGTGTATTCAAAGTAGTGCGCACCAAGACCTATTCGCACACGCTGCAACTCCGCGTTGCCGGCGTTAAAACCGAAGGGCGAGGGCTAGACACATCGAAAAATAGTAGTCCAATTCGTGTCGTAGCATTCCGGCCTGCAGAGATAGCTCGCCCACATCGTCTACAGCGGTGGCCAAGGGCCGCCTATCCAGGCCTGAGGTCGACGAAAGCCAACTGCTAATGGCAGCACTCTGGCACGGAGTCTCGAGATCTCGACAGCACCGTTGGGTGAGTGGGACCGCCATGTTCCGTTAGAGCAGGGTCATGTGAACTGATACTATGGGGGCAACGTACGGGCTGGTGGGCACGGCGAAGGATGACATGGGGGCACAGCTATATGCTCGGCGATGGTAAGTAGTCCCTAGGAGCAGGAAGGTGAACACGGGCCGCAGGTTAACGCGAGACGATACTGAGTGCATCGCCGCACCTGGATACGAGAATTGCTCAAGTGCTGTACGGGTAACGCAAGTGTCGCCCCTTGGAGGCTGTTTAATCCGGCTTTGGTCGTCTACCCCACCAACACGCTCAGGGTCAATGACGGGTCGTGGCCGCAATTCCTCCTAATACGTGCACTAGGCAAAGGTACAGGGCATCGATTGGACATCGAACAAATCTCCAATTCAAGGAGTTTCAAGCAAGGGGCCGTTGAGTCCCGTTATGACTGCAAGTGTCAGTCTTAACCCGACTATGAGCTTATTCGCTAAGACATTCGGAGTCGCTATGAACAACTGGCTATACTCTCAATCTAATTTCCATGGCCACAGCGGACACTTCAGGTTTGATCCAGTGATACCCACACCCCGACTAGAGGGCGAGACCTTACACGAATCCTATGTGGGGTCGACGTATATGGTGAATTACTCCCAAAACAACACGACCGTTTCGTGAT,1402,52.78,Homo sapiens
SEQ_259774,ATCGCAGTTCTAGCTTACTAAGAGCGACAGACGTGACTACATACCGTAGACCTCTAGTCGGCACAACACTCAGTTCATACCGTGCTTCCTCCACTATGACCGCCACGCAATCTTTACTATGGGTCATGTTGCTGGGACAGTATGAAGTAAACTGTCGTTGCACGCAAAAGGGCACGATAGGTTATGATACAAAGTAGATTGGATTTAATTCCAATCTATAACCCTAATTACATTTTCATTGAGCTAGGTGTACAGATCGCTTAAGTACACAGCACTAATTGGGTACTGATATACCCTGTCTGTGATCGGCGAAGAGTCCGTGCGAACCGCGTCATTCATAATGCAGAAGGCGACAATATGGGACGCACCGTTGAGTGATTTCGCCTCGTATTTTCGATCTGATTGAGGTTTTGGTCTTGGTCTCATTTGAACATACACACGGACCCTACAACTGATCACTTAACTTGTTTATAATTTTGCCAAATTGTGTAGCTTATGACTTGGTAGGTTAGGAGATGTGCTACCTTACTAATTCAATCTGGCAATTAGCAAGGACATGGCTAAAATAGAGAAATAGCGTGAAACGTTTATGTGAGCAGAAGAGTCAACACTCCGGAGTCCGGGGTGAGACGGAGTTCGCTCCGCTTTAGCGTTTACAGTATGTCGGGACACCTTTGCAACTTAGCACAGAAGTGTTCCTACGATCCGATGTTCGTTTATATCTCCGAGTGTTCGGAAACTCTAAATCGCTTATTCGTGCCTACTGACGTCTAAGTTTGTATGAACTGCCGGTCCCTATATGAGGATTCCCCCGCAAAACATCACACCTCACGGCCCTTTTACCTATCAACGAATATTTAGCGCGGATTCCATGGGTGTAGCCTGAGAAGTATCGGTTCGTACAGCCCGCGCAACTTCGTTGGCTTGACCGCTTGCTGCGATCCCGGATGCGAAGAGGAATTCGAAAAGGGAGGTTAAACCAATGTTCATAAAAGCAGCCATAGCGTTCATCGCTGCGAA,1020,45.69,Arabidopsis thaliana
SEQ_968396,TCTCACTTCGGGAGCGGCGCCATGATCTTCGAGCTGATCTCTCCAAGCATCACTCGGAATGGCCTCCATGACCAACTAGGGGTCCCGATGGTGTAAAGTCCCATAACTGCTATTTGGAGTCCCCTCGAGCCCTCGAGTTCAAGTGCGTAAGCAGTCCGCGGATCGGGGGCTAATTACATCGCTTCACTTATTCGGTTGGTTTAATCACCATACATCATCGACGGGGACGGTATAAGTGCCGCCTTCACGCGCAACAAAAATCGCCCTTTTATGTAATTTTTGTTTTTACTGCTCTGACTTACCCTAGGAGCTTCTGTTCTATCACTCACTGGCTGATCTCAGTCTCTCCAACCTATAGTACCTACTGTACACGATTAATAAAGGGGTGGGAGTTTACGGAACAATCTAGCGCTCCCCTATCAAATCCCAAGCACTACTAGTAAAAGCCGAGGCCTTGAGTTCATTGTTAATACCCGAACGCCAGACGAATACCTACGTTACCTCTCGGGGCCCCCACTCAAAAGCAGCGCGGTAGCAGATGTCAGGCTACGTAAGTACGCGGCTTCATCTTTCAGAGAGCACCCACTTAGTGACTTGAAGAGCACTCCTTCCCTCCCTCAAACAGTGCTCCGGCGCTTTTACGGACTTGCGCGGT,655,50.69,Saccharomyces cerevisiae
SEQ_862776,ACTCGGGAATTGTGACCGCGTGCTTACCAGTCGCTGTATTGGCACGGGACCGGTACGGGACTCGATGTACATAAAGTACATTCAGCCTATAAGTATGTCACGGCACTTGTGCAACAAAACTGTTGGTCTGGCGCGTGATACATGACTTAGATTTTAAGCGGAATCATTACTTTCCATGTGACGGTTCGAGGCCCTGAAGGCGGATCGCGGGAATTGTGGATACTCCTCGAGGGCCAGCGTCTAAAGCGCCGCTCTGATGTCAGGTAGGGGCTACTAATATCGTTCTCATACCCCGATTAGGCTAACTCTCGAACACCGCATTGATACATCGAAAGTAATCGGTTGGAACACGAGTGCCTACAACTTGAATGCATGGGGGCTTGCGGAAAATAGCTGTCTCTCAGACCAAATGTCAGCATACCGTCTTTGACTGGCTACGGTACGCATATTGTGTTGCAAAGATACCTACCACCATCGGAGCTAGAGAATGAGTCGCTACCTCCGTTAACTTAATGATGCGGCTTGTCGCGTACGCGGGTGGTACGGGTGCAGTTCCAGGCTCATAATAGCTTTGCAGTCACTCACATT,588,50.0,Caenorhabditis elegans
SEQ_718271,ATCAACATAACCCGTCACGCCTATGACATACAGTCGTCCTATTGGTGTATGCATCCATAAGTGTACCACTTAACCGTGACGTGGAGTGGTCGATATGGGTTCGTAAACAGTGTGCCTCACGCGCCCGAGGGAGTTCTAGTGGCTATCTGCTCTCCATTACGCCTGTAGGAATCGCCAATCTACGGGTGCTAGCAATATTCACTTTATGTTCCGAATCGTATCTGCTCATTTATATCCCTTGGGTCTGCCTACAGAGGGGGGTGCTGACTGACAAGGTAACCTGGTTTTCATAAGACACTATGTTTGGATGGCACACCGCCTTAGAACACTGCGCACTTTGCTGGGTAAAATTTCATTACTTAGCTTGAGGAAGTCAGAAGATATCTTTCAATAATTGACGGACAATGCACGTACAGACCGGATGGTAGACACTGATGTCCCGAAAAGCTCTCAAGGCCAACGGCGTCGCGCTTACCATCGGCCGGACATCCGTCCTCGCGCAAGAAACGAGGCTATTTCCCAGGTGCCAGGGACGGAGCTTTGCTGGTCTATGAACATGCCTCGCTCAAGGCACCCCAGCGTGCAACGTCCTATCCTTACCCGCCAATCGAGAATACACAGGTACGCGCCGTGCCGCGCATGTTCTTCCAATACATTCGCTGGGGCCTACGCCAGTCAGTCCGGCACCATGTGGTGTCAAAACGGGCGTCACTGAGCGACACGTCAAGAGGACCTCCAAATACGGTCCCGGAGGAGCATACGATCGAATCATTTAAATAGGTAGCACATGCTCTCGCGCTCATGATGTTTCCAATTGATGTTATACTCCTTTTCAGTGGTCCTAGAGTGAGCATGAGACTACACTGCTCCCATGAGGTGAATAGGATATCTACACCGGTCCACTCCAACCTGGCTAACCACGGCAACAGCGATGGGGAAATGATGTACGGCAGCGAAGTCGCAGAAATACTTACCAATATGAGGTCCTGCGGTGTGTCATCCGGATCAGTACGCACCAGTTCACAGGCATGCGCTGTTGAAAAGACGAACTTATCTCATTTCCCAGCTAGTCGCCGATCGAGGGAGCCTGACCCTCTACTTCTTCAGTATTGATTAGGGGAGCTACATTTGCGGACGATAAGGCATCCAAGACATGGCCACGACTAAGTGTAATCGTGAAGTGCGTGGTCTTCAGCGACGACCTGTCGGTGGGGCCGCATATGCCCTCTCTGACACGCATTAAGAGGTACGCAGTGATATAAGGTCCAATGAGGGCTGAATCTTTGACCTAGCACACTGACCTAGATGGCACCTATCCGTATAAAGCAGTGGTGCCTACTGCTCGACTACTTTGCCCTGAAGCCGCGCAATCACTTGAGGTACGTAACGGGACGTCCCCCCTGTTCGCGGAGATTGTGGTTAGCCTGGGAAACAAGCTCTCACAACTGGAAGTTCCTTTCCGTTAACCGAATTTCGGTTCCGATGCCCATTTGGGACACTAAGACCAGCCCGCTTGCTTGCGAGCAGACAAGGTAACCGTCTCTGCCCCCACGTCGCATTACCAGATAGGGCCGGACTTGCAATAGGATCGTCTGATGAACCGATCGGACGAGCGTAGCACGCGTGGCATTCGCCAGACACTGTAGCCTCTTAGTGACTACTTCGACACGGCAGTAGCGCGCTCAGTCTCCCTCACGCGAGCGGACGCCCCAACGAGACACACCGGGTAGAAGTTGAGCCTAACGTGCCTCAGTAGCAGATAGGGACGGGCTTTTCGGTCATCAAAGTGTTTTGGTGCCCCAGTTATTTACAGAGGTCCGTAGACATCTTGCTCTGACCCCAGA,1844,52.39,Drosophila melanogaster
SEQ_908133,AACCGTTCGACAATCGTCCTCTGAGCACCCCATACCGATCAATCTTGCCGTGAATTGTCAATCTACGCGATAAATAGACTGTCCGTTTCGTTCTTCAGGATGCTGCCGCTTAGTGGATCTTAGGTCGATATACCTTTCAAATTCTACCTTCTGGCCGGAAGGTCATGCACCCCCGTCAGGTTTCGATTAGTCGTTAATGGGAGACTTAACTCGATGTAAGTGTTACAATACCATGGATGGGAGCCACCTTACCAAAGCTTCTCAAAATGAGTCAAGCTTTGAATTCATCACAGGGAGAAGCGGCTC,306,46.73,Drosophila melanogaster
SEQ_232407,TAGCTGCATGGTCTGGCTGCTTACTGTCATGCCTAGTCTTCTCACGATCGTGACGTTCAGCTGTGCGTCAGCTTCCGGCCGGCCCGGTTCGTATGCCCTTGACCTGTCCAATAGTTACTCGATCTGAGGACTGGCATCTTTGGCTAGCCGTTGGCTTCATATATAAAGGGATCGGCAAAGTACGGGTTTGGTTATCAACCACCGCGCCCAGATCACATACATCATAAAGGACCAAATTGGGAGCGAAGGTGAGATTTAGCCATCCTTCCGCACACGCCGGTAAGTGTCGATTTTATAGGGGATAGTTATTACACTCGGAGAGCACGCGGATTCAACGTATGACCTAGAAATTAATTTCCTGGGCTGGCGCGAGCGGAGCTCTATGACGGAGGGCATACTCTTTATGACGTCCGTGTACTGTTACAACAGGGATTTACCCATTTGATGAGACTAGGTACACCGAGATGAACGGGAACATAAGTAAGGTTACATCGCCATCTGACCGACCTTGGTCCCCAAGCCGGATTTTTCTGTAGCTCATAACGCCATTTCAGCCGGGTAATTCGTCAATCGGGCGTATTTAGCTGCTACCAGAGGCGGAATGTGGCCCTGATTCGACACCAGCGGTCGAATGCCTACTTACGTGCGGCCCCGGATGCACTCCCGTTCTATCCATTTGACTGAGTCGTCAACCGTGCTGTTACTTTTCCGTCGTCAAGATTTCGGTCGAACGACTTGTCCACGAACCATATTTCGGCATGATCTATCAATTATGACGACCTGCATTCACGAAGATATGGTCGAGCCAGACCTCGGCGAAGGGAGCTCTACAGAAAGCGCTGCAATATTTTGTCCATGCACAACCAAATAGTGTCTACTCGAGGCCCAGAAATGCGTGCAGATCTCCTGTCGTCAGATGCATCCGAA,927,50.59,Escherichia coli
SEQ_407113,CGTGGCCCGCGTGCTTGTTGTCGGCGGGAAAACTTCTGGGGACGTTTCATGTAAACGGTGCACCTGGCGTCTAGCTGCATAGTAAATTCACGTGCAATAACTGTCAACGGATGCTAGCGATTAATACAGGTGATGTGCAAGATACATAAGACAGCACAACTGCGTGCTAGGCGTAGAGAGCAAGCGCTATGAGTGCCGCAAAGTCCAGGGATGTCTTTTCGCCCTAGCTTCTCCTGGTGGTGGTAATCCCGCCGCGAGATAATGACTTGAGATATAAAGATAGAAGAGTGCTCGTATTCGTAGGGACTTATCGTCCCAGTTCCGACATATGTCGGCACGAGGACATACCTCTGACGGGGACGCCCTGCGCAGCGCGTTCATACCAAAGGAGCCACCAAAGATGCTGCAGGCAATAGCGTTGCCTGTATTTTCATGGGCTAGTTGAGTTCTTGCCCACATCTCCGTGGTGCTTGTCTGAGAGGAGTGCGTGAGGGCCGGCACTCTACAGCCTCTTTGCGCTTCTCCGTAGCGTCGTTCGATTGTACAGGCTTTGGCGTGTAGTTATTAGAGGCTAGACCCTGTGCAACAGGAACGAGTTCGAGCTAGACAATTAAAACTACTCGTCCCCTAAAGGCTACGGAGCGGAATTCTGTCATGCCTAGTTCTATTGACTGCTCATTCGCGAAGGTGCTGTAAGGATTACCGCACGGACTGACGACGTTTCTTCCCTCCTAGGGATAGCAACGGGTGAGCTATTACGCAGATTTTACGAGTTCTCGAGAGTTATGTCGACTTCTGCGATGCCGGTGCGGAGGACTTGTGCTATCCGGGTGGCACCCAACAAGGATGCCGCTGGCAATGAATTCCCTCGTGCCGTTCAGACCGTACGGCAC,893,52.63,Saccharomyces cerevisiae
SEQ_641574,TATGTGCGCGGATGCAGGAACAGATAGGGAGCCAGTTGAGGACGCGTACATGTCGTCAACGCCAGGTAAATCGGTAAGGGGAGAGACGCATATACTATGACGACTACAGAATTGAGAGCAGGCGGGTCGGCTTAAAAACGTTGATTGCTGTGTTCATGCAGGGTGAAAGTGAAGGTAGGCGTGACCGATACCAGTGTCACGACCTAGCTCCTC,213,52.11,Drosophila melanogaster
SEQ_631307,GGCACGGCGCCTCACAACCCGTGTATAGGAATGTTATTCACGGACCCTTAAAACTACCGATTGATCGCAAACGCGCTGGAGCAGGCAGTAATCGCGTGCATGCGCTATGTCTCTGCGTCGACTAACGATGGAGGTCTAATCAATGCGGCTAGAGACGTATAGCAGAGCAGAGAGCGTTGTAATCATGCTACCGGGAGAAATACCGTTAGCGTAAAGCGCTGTCTTTGAATTCTAAGCTATGGGTTGGATTCTGCTTTTATGACGGGGAATGGAGGAAAGGCAAGTTACTGGCGAAAAGCATCTACACAACCTGAGGTCATCGCAGTGCGGTTTAGGAGAACACACCTGTTCATATCCCAAACCCACTCATTAGGACGTGGACTCTGCTTCACCGTCTTGCACAGTGCAACATGGACGCTAGACATGCGTTACAGTAACCCCATGTTTTCAAGTACGTGATTGCCCTCTACGCCTGCGCTTCGCTCGTGGTGGCATCCGGACGGTCGCATGTAGGGAAAAATTGGGGGAAGAGGAACGGACACCCAGGGGTTGCGTACGAGAAACATACCCGGCGTAATTCGGACGGGACCCCTGTACACTGCCATCCGTTCTCAGCTGGCCTTTGGTATCCTAGACTTGTCCTACAACACCTCCCTGGACAACCCAAATTTCGCCCTGAGCGTTTCGGCGCTTAGCTCCGCGGCATTCAGTAGAGGACTCACATTTGCAGTTAACAGCAAAATCGCAATGAGGTTAGTATACCGCACATTCGCTCTCACGTATTTAGATCGGCAGCACAGTGATAAGCATAGGCGACAAAACTACTGGTAGACGCTATGTGTGTCTGATGTAAATGCGCTACCACATTTTGCGTAATGAGCAATGGGTTTCGTCTGGCTATGTTCGTCCAGGCAGAAAACACGGTTTAGAGATAAGCCCCAATCCGTATACTCCTTTTTCGGAGCGGGGTGTTCCGGGTTGTGAGAGCGCCCACTCTGTGGCACCTGCGCATCTATTGGCCATGAGACTGCTCAGTATACTAGTCGAAGATTTTCCGTGCTATCGTGCCGTGGTTCCGATTGCCACAGTGTAATCAACCTACATCAGTCTAACAACTCTATATCGATCGGAGAAGGTGAGCTTCCTCGCTTGGTGCAAATTGCCGCAATGATGCTTACATTGGAAGACATCTTTATATACTCACCGAGCCGTTGGCAGAAGGGTGGGCTGTCTGGACGGAGTAGGGGTCAGGGGGGCATACGGTTCATTAGCAAACTGACGTGCCACGCTTGCTCCACCCGGCATAAGGTTTATATCTAGTGACGTTAGCATTAGCTCCAGCAGCCTCCAGTCCACTAGACGTCCGT,1367,51.06,Escherichia coli
SEQ_822079,TCCGGAAGATCCGGAAAGCAAACTACTATGTCGGGTGGGTGATAATGATCGACTTGCTCCCTTTATAGGAGTACTTCCTATCCAGGCTGTGATTACAATATACCACGACGCTACGTGTGGGTGTACCTACAATAACGTCCGCTCACCAGGGCGGCAGGAGCTTTTTTAACCTAGACGCACTTACCATTCAGTCGACGTTTGTCCACACTAAGTTATCGGTAGAATCGAAGGAGAAGGGCCGATAGCAGGGACGAATGGAGCTGCCGTAAGAGGCTTGCTCTACTGTGGCCAAGATAATAGCGCACGAACGTTTTGCGCGCCCTACATCCCCCCCTTTAAGGCCAAACTGGATCCCCGGCCGTCAACTGGGTTTAAGAAGCCGCTGGTTCACTGAGAACCGTAGCTTACCCGCGGTTGGTAACTACGTCGCTGGCCGGGCTCCGACACACGTAAATAATGCTTCCCGTTACGGCTCATAGGCTTTGAGCGGCGTGCACTCTACTGGGGGTAATGACGCGTTGGACTCGGGTAGTAACCTGCATGCTATGCCGCGACGATATGGGTCGGTATCCGAGCGCCCGACAGCACAACGGGATTGCGTATTGACAGATACCGGAGTCCTCATTATTCTTAGTTCCGAGGGTTTGCGATTCGTAACTTAAGGCAGACAGACAGGCCGACAGGAGTTAATCATACCACTATGATAAACCGGGGCTAGTTCTTATGCCAGATGAGCCAACTCATTGAGATAGCGCTGGAAGTGCTCTACATGCGGCCTCACAGAAACAGATCCGGTCATCGGCTCGACTATGCAGGTACTCAGCCCCCGCGTTAGAAGAGTACGCTTTTCACCCATCCCGGAAGGGCTTGCAAAAAAGCTCGCAATTTGACGCCCGCGAACGAAACAGCGCTTATCGGCAAGGATTCCTACTTCGGCGTTTTGCACAACGCCGCTAGCTTTGGCGGCTGAGTATGATGCGGCCGAGATGTGTACATCATGATTCCCAGTTGCTGGCGGTAAAGAAAACTGTGTGTACGCCCTACGAGAGCTTCCCACGCTACGTTCCCAAAGGCTAACAACACATAGAGCGGAATAGCATACGGCGCCCTAGTTTCTTTCATGAGCCGGACCGGTCCATCATGGCCTTTGACTTTGCAACCCCGATAGTAGCGCGCAACTATTCTTGTATTTGTTCGATCATCAAGAGTTGGGTGGTTCTGTGTTCTGTGTCGACGTCGAGAAGCGCGGCAAGCTACCGCAGAACTCAACGAAAAGAACCTCGCATGCTTGGTTAAGCTATATTGGTTAGGAATTGACTTTATGAGCCTGACTCGAGGGTACAACGTGCAATCCGCTATATCACTAGCCCGAACCCGTGTTGCAATTGGCCATGGTGTAGAGAGGCTGGATTAAGAGTACCAAGTCATGTGTTTGGCCGAACCACCGTAATAATGCTGCCGAATTAGCTGTTTGCCCCATCGTTTGCTCATACTCAGGACCCCTGAGAGAGGATAGCAATTTTATCGGTCGTGATTTACCGGCGGAGTTCACTGGACATGGTGTCTGACCCAATCCCATAAAGCCGAGACTGGGTCTGCTTATAGTTAGCACGCCAATTCTATATCGTGACGCGGGCGCGACCGACTGGAGATTCTCGAACCAACACGGCGAGACG,1676,51.97,Mus musculus
SEQ_907406,CGCTCGGATTAATGTACCCCTCCGGCCCTATACGTAGAATACTCCCCTTCGGACGGCTTACTATCTCGAGGTAGACTTGACGCCCGGGGTGCTGGTGCCCTTAACAATCAATGAGAAGCTACTCACTCGTACACGCATCACCGAGAAATACACTCGGGAGGCTTATAAGACAAGGATGCTTCTATTAGTTAACTGCAATCTCGTTCCTAATCCCTGTGGAGAGCGCGGGTGAGCGGAGATCTTAGCTTAACGGTTTATCGCGGTCAGGGCACCGAGGCCCAAACCAGGAAGTATTCTTGGGGCCTCCCCGCCGCACCAAATCTTAACCCCCGCAGTCGGGCCTTCAGCTGTATTGCTATTCCACCGTCTATAGTTGGTAGCGTCGTTCCTGAGTGTTTAGTTTGGACAGTGAGGAGAATGATGTGTGGTTTACCCCAACGAGTTATAAGCATCATAGAGCAAGCTGAAATGGAGTACCGTCGGATCCGGCATAAAGTCCCGTGACTTGATGGCGCCTGCAGTAGCGCTTTGGGGGCAGGCGCCGCAGAAGTTATGTGCGGTGAACCACAGCGAAAGGGGGACCGGCAGAGGCATGATCCATATGCACACCGGCGGTGGAAGACCACTTTCATATCGGCACACTGACTTTTTTATCGGTCGTGCTTTATCTCTGTCCGATATTCTTCCTTCGTCTCGAATCCTCCCCGAACCACCGTGACCCCGTCGGGGCGTGGATTCCTTGGCGAGCGAGCGGAGCTCTCCTCGGTCTAGCTTACCTAGTCCTGGACGTACCTTCCGGATGTGGCAAAACTTCTTAAAGGACAAGCTTGAGCATACGGTGCATGCCCTATGCGGGATGATAAATGCTCAGTCCCGGGTTCCAGGATTTCGACCATTCCGATATGTCTGTTAATCAGTCCAGACCGCCTAGTTTCCACCTGGGTGGTTAACCAGCTAGCCAAGTTATATCCCCCACCGAACCCATGAGTGTGGCCAGTAACACCGTGGAGGAGACATTTGAGTAGAAGTCTGTGAGGGTCCGGCTGGTCCTGCCATTGGCACTGGCGGAAAACGAAGGCACTTGAAAAATGTTGTGAAAATGTGGGGTAGCACAACCGATACCCCACACAAACTCCCGTCCCAATTAGTCTTTTTTAACCCGATTAAGTATTCCTACGTCAGTAACCAACCGGTCTGCTTGGTTTCCCTTGATGACTATCCTGTTATAGCTTCCCAAACTCCGCGTCCAGATGTCTCCACTCTCTTGAAGAGTCGCTCATTACA,1284,52.26,Drosophila melanogaster
SEQ_370436,CTGCAAAAAACCAGATAATGCTGATTCACCTCTGCTCCGACATAAGTACACCATATATGTGTCCGCAGGCTAATGGTATCAAGCCAGCACCCTAGGCAGGTAGGACAGCATTATACTGCGGTGCTTCGGACTCACAACACTACTCGTCCCTCTCATAGAACACGTTGTTATAATTGGGGCTAGGCTCGAGGATTGCCTGGGAAGCAATGGGTTATCTACATTTGCGACGCGAATATAAGTATAGTTGTATCATCGACCCGGGACGCCCATTTTAATTACTTGATTGGCATACTGTAGTTATAGCGATTTATGATAACGCTAGGTAATCTTCTTCCTCAACCATGACCGGCCGGTCGCATCCGCTGGGGAGGAAGACATTCATTCGCTACCCCCCACTCTTCTACGCAATTACCATGCGCTCAACGGCAGATACTCAAACAGTGGTGGATTCAATTGACTTCGGAAGGAGTACGGGCTGGACTCCCCATGCCAATTTGTGAATAATGAAAAAAATCTATTGGGGAACTGCATTGAGACAACAGTATCCCATTTGACCAAAGTGCAAAGGCCTCCCGTCATGTCCGGAATTGCATATGTTTTGCGGAATGGTCTACGCGTCCAGATTGTAGCGGAGAATCTTAAGAAACTCTCCTCGATAAGACTTACGTGGATAGAAGCGGGTGTCTCCACAACAACACATTGGTCAGATCAATGACTCGATCAACGTACATTTTCTCGAGATCGACGGTGGATGGTGATTTAGTTCCATCAACTACGATGTCCGCCTATCTTATACGCGTCTGCGTTGAGGGCCCCTCTCCAGGGCATGTTGTGCTGCAGATTCCACGTAAAACACGCGTATCCCGTTACGGTCGGTCGCCATAACCACGAAAGGAATACCCATCTTA,908,47.58,Escherichia coli
SEQ_418228,GCTTGCGTGGCAGACGTTGGAGTTCCTACACGAGTTGGGTCGCCGCCTTGCCCGCCAGCGTAGAAAGGTACAGAAGTAACCCCACCGAAATCCCTCTGGAGATAGGCACATATTCCGAAAACGAGTCACGATAGTGTAACGTTAGTTCTCTATTTTTGCCAGGGCTGGCGTGGGCCTTAATTCTAGACGGTGCCTGAGGATCATTATAGCCAGAGTTGTAACCGGCACTCTTGACGCACTCAAGGAGCTATACTTAGAAAGGGAGGTTCCATTCCCAACCTTAGGGCTGTAATTGTAGGTCCGATTGTTCAACGGCCGGATTCAAAGTGCCATCTCTCCGTCAAAAGGTATCTTTGTTAACGTGGCCAAGTTGGTCTTAAGTATCCGAGTAGTTAGATTTGGGGCTAGGAGTATTGCATCAAACGATGATCTCTAACCTATCGCTGAACGCCGTGCGAGGGTGCCAAAGATCATCCCCTGCACTCCTAGATTGGTGGCATCAGCGCAGATGCATTACACAGATATAGGATGCTCCAATGATGTCTTCAAACGGGCCTCTTAGCCTAGATAACCTCTGGGAGGAGCTCTTTCGATCGTACAGAGTCCTAGTGAGAAAGCGTACGATGGTGATATCCAGCGCAGCGGGACTTGGCGCACGGCTGCGAATATTTACAACACGGCTCCTAGCTTCCACGTCAGCTCCTGCGTATCTCGGCTTCAGGACACGACTCAGAGAATCATTAAGGTAGAGAGCGTAACACATGTAGCCACGATGAGATCCCCGGCGACCCAAGACTACGGCGAGTCGGTACGATCAAA,819,50.92,Saccharomyces cerevisiae
SEQ_952000,ACCGGAGGACTTCAATTGGAAGAAAACTGCAGTCAATCCCGCGGGAGCAACGAAGATGCAGTCGTGCACGGCGGTGTTCCGTTGCAGAGCTAGGTCCCGCGAGCCGCCGAACTGATGGGTCATCAAGGACGCGAGCTACAGGCACGAGCAACTCGGCCTACTGCTACAACATCAATGGCTGGTAGACCACGAGTTGAATGCGGAATTTCAATTACTTGAAGCACCCTCCGAATACGCGCGTGCGCCCACTACCGTTAGCTCCCGTGGAATCCCTGCATCAGGCTGGGCGGGGAAGGAGACCTGATCGCTCGTAATTTAATATCCTATCAGGCCAGTAATCACTCATGCCTCAATCTTGCCTTAACACCGACCTCCCTCCAAAATCCTACATATCAAAGCTAGGAATGTATGAAGGCAAAAGGTTCACCTATAGTTAAAGATTCAGTATTACCATCGAGGCTTATGATTGGACGAATACAGTTATTACTAGTGTGAAGCACCGGAGCCCAAGGACGCCTTTGGAGGCAGATTCTACCTCTAACGAGCAGAACGAAAGCACGCATCGCTTCCAAGTTCCGGAACGCAAGTTTTGATAGGTGGTTTGGCTGCGAGCCTCTGATTCAATTCAGGTCTCAGTACCATGTCAATCTACGGATTATTTCCTGCGCTGAAAACCGAGAGTTGGGGCAAATCCAAAGATTGGCGTTGGACGCTGAGCGATTGGAGGCACCTAAAGTGGCTCAACAACTGGGGGTTGTCTTACCGATGGCGTGCACTGCAAGTGTCTTCATCCGTCACGTACGCAGGCGGGTTATAGAGTACCGGCACCCTTTGCACGTTATCGCGCCGGCGAAACGAGTATTTGATCGGATCACCAAGCAGTGGATTTTGCTCACTGTTACAGTACCGCGTGCTAATGCGCAGAGTTGCTAGGGTACCCGGGCTAGCGCCGACCAAGCAGTCGTCCGGGGATTATGGGGATAGTCGGGTGGACTATCATCATTTGCCCAGTGTTATACTTAACCCAACGGAAGAAGACAGTTTGGGTAGCAGGCCCGTACGGCTACCACACCATTCCAAAGAGCAGAACTCTGTTTAGGACGGCACCGTCTTCTCAGTGTAGGGAGTTTGTTCTTTGCCGGTGTGAAAGCGAAGGAACCGAGGGGACCCGCGAAAGTCATAGATCTTGCAGAAGGGCGGGTTTCTAGTGACAGGAGCCGAGTCGACAGAAGTTCCACTCTGGCCTGTTTAGGAGTTATACGATATAGTGTTGCATGCTTCGGTCAAGTGTCACGCGTATAAACCTCGATCCCTGTCTCGGCGACAGTCATCCCCGAGCTCCCCGGGTATAGAGGGAGTCACGCTATGTTTGCTCCTGATCATTGGAGCAGGATGCCAGGGCGCTAGTGTGCGTGTATTAGGCCCACAACCGGGCAATCATAGATGATGACTCTCAACAGTCTCTCCAGTAATAAGTTATGAACCTCTGTTTGTTTCAGGTTAACGCGGGCGTATCTCCCTTTATGCCTCGTTGGAAGTATAAAATCGGTTGGCTAACGAGCCATCACACGGTCGAAACAAGGTGCAATCGCAAAAACACTACGCCCGGTGCCAAGAGTATGAACCCTTATACTCAGCACCTGTTGAGGTAGCTACTCCCAGTGCTAAGTTGGCGGGTGCCCTTATGAGTTGGCTTGGATGATTGTCAACCGGAAGAGAGTTTCGTGCCATCGACGGTATTTTGTCGCTATAGAACCGCCTGTCGAGATAACCAGACACATAAACGGGACGTCCTGGAACGTTAGAGAACTGAGCTCTCTCTTCGGACAGCTTAGGGTGTGAAAAGAGGGATGTATTGGACTGACGGCGTAATGACTTTGTTGTGGTGATATTGCCAGGGCCTC,1904,51.47,Drosophila melanogaster
SEQ_838880,CCAGACGCCATGCCAAGCCTCGGTAGTCGAAAATGCCTTCGTTTGATGCCAAACATAACCTTGTAGTGCAGCCACTCTCTACCGTTGGCGCACCAAGTAACAAGGTGGGATATGTCTCGGCGATCGCGTCCAGATTATTTCCACCAGGAAGATGCTTCGTTGATTGCTTCCATTGCGCGGTGTGTGTAACCAGAGGGATAGTCGTAACAACCTGATAGAGCCAACAGACTAATTTAGAGCGCTGATCGCTAAGTGACTTCAGGCAGCATCCCGCGTCTGAAGGTACGGTAGGATACCCGTGCTAGCTGATGGCATACTTGCCCGGTCCCCCTA,333,52.25,Mus musculus
SEQ_169393,GAGTCGGTTAGCTTGATCCGCAAGTTATTAGTGGCTATTAGAGGCAAGATTGCGAGGCGGTACTCACCGGAGGCAGTGAATGACTGCGGACACGTGAGATTTTTATCTCCAAAAATTAACTTCATTTGTCTTAGTAGGATGCTTGAGCCTGTCGTACCGTTCGGAACTTATGTTGTACACGCTACGTCTGTGAGCCGTGAGTTTTTCTAAGGGCTGGGCGTGCACCTGCTTTGCAATCACTTCTGGTCAGATCGACACGATAGTAGAGAAGTCCTGGTGTAGTACCGGTTTCGTACCGTGGAATAAGGGAGCAGGCGCTTCGACGTCAAAATCGGTTGATCGAGGGAAGACAATACCAACCCCCGCTCTTCGATTCCATTTGTCCTGACTACGGGCTCTAAAATTTTCAATGCTATCCAAGCCTGACGATGTTGCCCCAGAGGCGAAAAAATCACAGTGATATCGAATTAATGACGTAGTCCCCACGTCACGAGTCTCTCGGTTTTCGAAGCGAGCTCGGAGACTTCGACAAGGATATGTGTGATGGCACACGGGCCTTCCACTGCCGTTCGACTGGCTTTGTTCCCGGAACAGATAAGCATCATGTACATCCGCAAACAGGGGAGAGGTTATTAGTAACCTTATCATTCACACAGAGCTCGCGTGAGCGTGCCCAAGTTAGGGCGACGCGCCGCCACTTGGTACTAAACATTACGTCTCCACACTTACCCTTCTGTGTGGCTTGATCTCCATTTCTACACGTCACATTTAAGTCTGGCGCGGGTTCGACGGGCTAGAAGTGACCCTAGACTCCAGAAGTGCAATGAAAATATCAACCCAGGGGCTCACCTACGGCAATTCCACACGCCGGCATATTCTGCAATGCGCGCGGGAGGCTTTTCCCTGGGCAATAGG,915,50.49,Caenorhabditis elegans
SEQ_595254,GCAGCGATACGTTTGAGATGGGCATGAGTTGAACTCATCGGGCGGGGTCAGGGCCCAGAAGATGCGTCCTGGCTATGTAACACTAATATAGGATTGACTTCCCCGGGGCTGTTTTTTTATCAACACTGTCAGAGATGCGATTTACAGAGTCGCGACTCCACACCGCATACTTCAAGCACGTAAGATAAATTGAATGCGTGACGGGACTAATGGTTCTCCGCCTCCAACCTCACCAGTATGTGCAGTTATAACAACTCCCCATCAGCTCTGGGATCGCGAACGGAAACCGGGACAAAGACCGTAGTATTAGCATTTCTAGTGCGTGGATTCATGCATGGATACCCGGGCTGTGACGAGTTGATAACCTGCTATCGTAAACACAGAGCGCTCTTAGAGGTCACAGACTCGGCAGCGCCCGGGATGCTCGCACTGTGCGGTGGCATTGATGACTGTTGTAGTCCCACTTGCAACGACTTCGGTCCTGTTCTCATTTAACCCTTGCAAATAATACCCCGATGCAGAAGTTGTTTACGACTCAGGGGCGAGAAACCAAGCACGTGATGCTCTGGAGCGGGTTCTGCGAGAGGCCTTGCTTTCCTGGAAAAACAATATGCTGCCGAATCCTGTCGCACCTTAGCATACCGCAGTGCCGCGGGATTGTCCAGGGTCCGTCAAACAAGTCTTCCTGCGGACTGGACTGCCTGATTGTGGCTTTAGTATACAAGTATTGAGGGTACCGCCAAACACACCGTACCTCACGTGACTATAATATAACCACAGGGGCGCATGGGCTTCAATATCCCTGGCAAGTCTCTGGCCATCTACACCTCAACCAGTGAGAAGATCTTTCCGGTGCAACTGACTATGAAAGTCTGAGTGGGTCAAGTACCGTATGGTTTGTTTACCTTGTTGCCTTCTGAGAGGTCACTAAATCGCCTGACGCTGGACACGTTACAGCGACGACATCCCGGTCGGGGATGACACACACTAGGCACCACGTCTCCGCCGCAATTTCGCACCGCTTCTTGATTAGCTAGTGAAAGAGATTTGGGGGCATGTAATAAGCCGTAGTAGCGGACCATAGTGCCTGTTATAGGGGATATAAGCATCCCATCAACTCGCGTAACTCTGATAGGACGCTACCCCAGGCTGAGAATATGAGGTCGCTCGTGCAGGAGCACGTAGAACCATCATTCCCTGGACTTCACAGACCCCTGAAGAGCTAAAGATGCTTGAAGTGGCGCATAGAATGTCACAGCGTGTGGCCTGTCAGCTGCATCCCACGTCGTACGGATTCCCAGGCAGCTGAGTGGATATACGATCCCTTGGCGAGAAGAGCCTGAAGTCGGTCCCTATAAATGTGCATGTTAATTTTCACTCTTGCCGGAGCCGCCATCTCGACATCACGTCTGGAGGAACCCGACAACAGACAGTGGCCAATTTAACGCGTCACTATACTTACGCCATTCCCGATACGAT,1479,51.52,Drosophila melanogaster
SEQ_610010,TTCCATGTGCATTTACGCCTAAAGCTATTCGTACTGTATAAATCACAGTTAGTGATGATAGGTTAACACTCTGATAACTGTTCTCACGCCTGGAGGATGTTGTGAGCTCAATATATGTATCTTGTTCCCAAATGAACCGCCCGGTAACCTCCGCCGGGTATGACGCAGGTCTCGGGACTCCTAGTCCCTAACCATAATAGACTCAGTATATTAGATGCAAACGCCGTACGTCGGCTTGGGTGACAGCACGCCGCCACTGAGCGCGCTTCCTAATAGTGTGGTTCCCTGGGAACACTTATGAGTAGTATAATTTCGTGAAGAATAACCCTAAGCCACGGCGAAGACTAGCTGTGCGTAGCTCGACGCTACATAGACCTCAGAATCTGTCTAGGGAGGCGGCGACTGGTTTGTAACCAGCGCTAAGCAAAAGGAGCGGAACTTTCTGTGAGTAACTAGCTGAAACCCCGCCCGTAATGCACCACTTGCGCGCATGGTCGGGCCCTCACGGGCAACTGTAGAGACAACTGATTATGCACAGGTATTGCAAGTGGAATGTTCAAATAAGAGAATGATTACTTTGGGCGTCGGTTACTTGTGTATAGCAACGCCCACCTTGCCGGGTATTCTTCTTACTACGTGGGGGCGTAGCTTTCTAGCGCTCACGGATGGTA,671,49.48,Mus musculus
SEQ_370649,ACAACGCTGTGTCTCAGTCGGGACCGGGTATAAGAACTCTTTTTTTGTTCAACAAAGTACCCAGTCTTCAATTGTGGTGGTGTCTTGATTATTTTCTATAAGTCCAAGGGTCTAGGACAATAGTCGTGGGCTCGGTACGAATCATCATTATCCATACTCGTGTGAGGGTTGGTGCTGCGTACCAAATGATGGGGGGGAGAGTTGCGCAAATAGATGAGTAATCCACTTCATGCACTACAGCCCTACTGCGCTATGGCCTCCATGTAATTGATGGGCGCGTCATTACGCTAGGCACTTTCCTAGGATTTACTTCTCGGCTCTAGGATCGCAATTGCGCTGCGACAGGTGGTTTGTAACACATGTGATGGCCACAAACTACAAGTAGAAATTTTCAAGCCCATCCGCTACTTATTGACTAACTGATGCTGAACCACCCGTATTACGCTGCTGTGCGAGTATACTTCCGAGCTCCGAAGGTAGGCGACCGGGGCGTTCGGACATGATCCAGCCCACCAAGAACCGTGGGCGCGATTATGTGTTGGAATCCTAAGAGCACTCAGTTCAGAATCTATTGTTTCATGCTACAGTGCCACATCAGAGCGATCGGTCGGCCTCTAGTGTTGACGCTCACAACAAGTCGAACTGTAATAAACAGCATCAGTTCGGCATAGACGGGAACTGGGGATCGACATGGGATAGGAAAACGTCTAGGCTAATTACCTAGCGTGGTGATTTGAGTAAATGTCAGTACGTACGGAGTCCGCAACACAGGTCCGCAGACTTCTTGTAGACTATTGGTCCTCTCTGCTCACATACAAGGCATCAAAACTGTTGCCAAATGGGTAAACTTATCAGAAGCCCGAGAGCGCAGATAGCTCAGGCCTCTTTACATTGCCGCGGAAACAAATGCGCGGGTACCGCTTGACTTACGCCTATTAGATATGAGTGTCCTGTGACCGTTAGTTTGCGAGGAGGCCGAGAGCTATGCCGCCCGTAAAAATGTGTAATTTGGTTCGCGAGTATCATAAGCTTGCGCTATGTCAATCTTGATGTTGTGGTCATATCATCGTTGAAACTCGCATGGGTCGGGTGGACCGGTGTGCGGCTGCCACACCAAAGGTTCCGGCCCTTTGAGTTCTTGTTACGAGCCTGAAGCTTATGAAGGGGAACCCTCCCCTTGCGTTGATCTCCCTATTGGACTACTATACGCTCCTTCTTACAGGTCATGACCGGTAGCTACGTGGCAGGCCCCTGCAGGTTGATCGCAAAAATCAGAACTGTCCCTCTCTTTTAATCTTAAGCCTGCCGCTCACCCTTGTCTTTTGTGTCATCGGTCTACAAGCCTCGAGAAGAGGAAGAGAGAAGCCCTCTTTACTTAGAACACTGTGGCACTGAATTGAACGGGATGCTGGCTACACGCTACGTATATAACCCCATGCGCCTGGCCGCACTCCGTGATGTGAAGTTGCGGCAATGTGTCCCATTGGGCCATGTATAGTGCATGCTGGTAAGTTGATCTGTCTGTATCCGGTATCCCAAGCCCGACCTCTTGGTCCCCTTATTCATGTGACAGATCATCGTCTTCTCAAATTCAGCGAACAGCCCGAAGGTTGGCGTCGGTAGACCAACCATAGCCTCTGGTGCAAGGCGCGAGTCAGACCTGTTGGGCTTGGGTAATAGGAAACGTTACATTTGCCGCTCTCAATGATGGTTCTTTCCGTTACGGGTGTTGTCAAAGTTGTTGATTAAGGATAGCATTTGATGTTGGTGGGTCTTTTTAGGCGTTATAGGTACATATTGGCACTGCGCTGGAACGTGTCGCGAGACCCAAGACGATAAGAGATAACATCTATATCCGATGTACGACACGTTCGATGACATAGATTCTCTTCTAAGCTTAAGCGTACTTGTACTTCCCCCTATGTACCCGCCCCTGTGCGCCTCAAGCAGACCCACCTTATTGGTTGTTACG,1972,49.34,Saccharomyces cerevisiae
SEQ_889887,CAGGGCGTTTAACTCCTTATGTGCCCGGGGACACGGTTCTTACGGGTACCGTATCCTAATGGAGGTGAAGAAGGCTCACCGGGGATTTACCTCTCATGGTGGGCGTCCGCCTAACGTCGCGATATCAAAGCTATTTTCTCCGACTAGAAGGAAGGGCCATCAAAGATTGCTCCATTCACGGGCCGCATAAATTTCACGGGATTTCCAGCCATTAGGTGATTGGGGTAACCAATTGCCAGCGCTCGGTGCAGGAAATGATGCAGTTTAGGGTCCACCCGCAGTTAAGGATGCTCCCGCGGTAGCGGTAGCATTTGGCCCGACGCCTTTTACACACCGAGCTCGCCAGGTTTTACGCGCGTCGCGTTGTCCTTTGATGTGAGCTCCAAGATATAAATACTAAGTGAATTCTCGGGTGGAATGGCTGGAGAGCTACCCCCCTAGGGCTAGGATTGCAAGAACGCGATCGACATACGTCCTTGAGCAGACTCACATGCTAAGGTTAAATACCTAATCTCGTGGTATGGATCAGTAGACAAAACTAACATGATCCCTCCCTTGAGATATCAGATTCGGAGCAATAGGGCTTTAGCGCATTATTTGCTAGCGATGGAGTAGGCTAGTGATGTGGTACAATTTTTTGTAAAGCGTGATAGTTGGTTCATGCAGCCGGCCTGCTAGCCACAGAGTCGGTGACTTTGACCTGCGGTGCGTGGCCAGAATGTAACAGTGGCGCACTGTGATCATCAACCCAATAGCTAGCTGGATGAACTGGTCCGACAGTCGCGCTTAATATACTCGAATCCGATATTATCGGCTCACTTGATAGACGCCACAAATTTACCAGGGCGCGAGGCCTCGTCTGCCTACTTACCTTGGGTTAGCCTACTACAAGCCACTGATTAGTCTACTCCCGCGGGTTAAACCGGAACTTCACTGTGAGTGGACTATGCCCGCAGCCCGGTAGAGCCTTCCCTACTGAGTATCGAGCCATCACGT,996,51.31,Drosophila melanogaster
SEQ_927137,GTTGACATTGAAACTCGGAACAGAACTCGGTGATTATATTCGTAAGTTGGAGTATTGCGTGCGAGGACGGTTGCAGATTGGCCCGCGCCGGAAACTGACTCTAGGGGTACTACCAGAATCCAGAGCTTCTCGGGGAAACAGCCTATCGTACGATGCTCGCGGATTGAATGTTACGGGAAAATTGACAAGGGGTTTTAGAGAGTCAGACTAATAGTATGTCACAACCGAGCATATTAAATGGCGCGCAGCTCGCGAGTTGGGCCCGACCTGGAGACCGCGCGGGAATCTTGCCCCCCTACAAAGTTTACACTGTGATGGGACTTTCCCATGCGCAGGACAATTCGTGATCCCCAGACCTACAGGACCCGATAGTCCCCATCCGGGTATATGAGAGACCGGTCTTGACACTCCGTCGTGAGAGACTAAGGGGACTATGGACAAAGCGGACCGACGCCGCTGCCTCGATCTTATCGAAGGCGCCTCATTTAGTGCTTACGTTATGGGAAGCATACTTTGGGTTCTACTGTCCAAGTGATCGAAGGGGTGAGACAGAGCTCGTCCAGGTGCGCGAAACGGTATAGGTGAGAAGTCCACCTCCTACTCGAGGCTACTCACCATTTTGATACTCACAGTTGCACAGCTGCCAAACCTAGTCAATTCCGCCACAAGGACCACTGAACATTAATTCAGTACTAATTAGGTTACATATTATAGCTTGCGCATACCCCATCAGTCGGCCTGCCGAGACTTGGAGGGCCTAGCGCAATTACCGCCCGTTGTAAGTTGTATCGCAGTATAACATATACCTCATATCTGAATCGAAGCTTTTGAGTGTGGCGTCACACTAAATCTTAATCCCTCCCTTCGCGTGATCGAGTCTTTGTCACGTTAGACTCGGTTTAAAGGAAATCGGAAGGGTGGTTAGTGCTACCGCTGGACTAAAACCGCCCCGCCGCTAATACGACATTTGGTGCTGTCAGTACCGGCTAGAAGCTGGTCTATTAGTCCCGATGAGATCCGATGCTCACAGTACCAGGACATACAGGTGGGCGTCGATTCTGCGCAATTACGCGCGACATCAGTTAATTTTTGGGTGGCCATCCAGCTTATGAAAGACTAAAAGACGTACACTAAATAACTGTCCCTTGGTCGCACATGCTATCAATACCCATTAGCGTTTAAATTATGTTAGCAATTCC,1199,49.71,Arabidopsis thaliana
SEQ_209334,TGGCACCTGCGTTTTCGCGTGGAGAAGTCTTGTGAATGTTACCTCCGTACCTTTGTGTCGGAGTCACGACGCCTGAGGTCGCACAGGACGCATCTTAGTGTCTTAACGAAATATCGGCAATGTCCCGGTGATAGCCTAGATAGTATATGAGGGCATAGTATTCTATTAAGACCGAATCGATTTGACGCACCAACGTTCACTGGAGTGGCGACAGATGGTGAGAGAGCGGGCGTCCAAATTGGCCACACATGGTCAAGCTTACAGGCAAAAGCACCCTACCATTAATGACTGGCGCCGCTAGGCTGGAACTCCGCCGATAGGCGTCCTCCGTTTCGGAACAGGTCCGGTCCCTGATAGATGTGGCCAGTCGGTAAAGCGAAGCAAGCTGCAGGATAATCCCGACGTGCGTTTCCTATGAGCAACTCCCGCTTATAGCTCCTGCATCATCCGGGCCTCTCACTCCCGGGGTAAATTTATGTGAAACGGAATTCAGGTTATAGTGAAACTCCTGAGGGTGCATAATCTTAGCTTGCGAATATATAGTTCGTCCAAACCAGCTATTGCCCCCGATACGAACGCCTTAGTCCGAATCATGGA,597,51.26,Mus musculus
SEQ_192889,ACCTACATTTGCAGCAGCTATGGATGAATGTGTCAATATTATTTGCCTTGGATCTACCTAACACATTCATATAGTGTGTGGGGTGAAGTTGTCGCCCAGATCCCCATGCTACGAGCGGATGAATCGAGCGCAGCTAACCATGCTGGTTTCGCCTCAAGGCGTGCTTACAGTACCGTTCTCATGCGTTGCCGTGGTCATGAATCGCAGAGCATCCGGACCTAACGGGGCGTACACGTGAGGATGCGGCTACATGTGCACCTACCGTCTATATACCGTCAGACAGGAAGAGACCATCCCCTAGTGGAACCCCTCATACTAAACCATATCTCGTAAGATGCCGTCGAAAGCACGCACCGTCTAGGCGGGCATTAGCGCCTTGTAGAGTAAGTAACTACCAACGTTACTGCTTAAAGACGTTGATTTGTGACGAAGGCACTATTTCATTAAGGGCGCGTACTGCCCCGCATGCAGCCCCCAGAGCCCCGCCCCATGACAGAGAGCGCTGGTGGCTTTGCTACCCAAAGACGTTGTTGCGGACGCACATTCTTGAAACTAGGTCCCTTTAATGTTACCCAATACCCAGAGAGTAGACAACGACTGTCACAAGTGATCGTCCTTAGACGGTTAGTTCTATCACCAGGGGACCTTGGACTTATGTGGATAAGCTAATATGAATAGGTCTATTTGTCGACTCTCGCGGGTTCCGAGATGTTCTTCTGACATCCGACGATCCTAAGGACCCAAGATGGGCCTCCATTGTTTATGGTTGAAGCGTTTATGGCTGATAATAGCTTATCCCCTGGCAGGAAACGGTAGAATAGTAAGAGGTAGAAATATCCATCGCGCCTGCCACATTAGTGACGCTAGCAGGGTTAATACGAAGTTGATATCCGGCCGTCCTCCAGCTCTGGGCGAAACGCAACAGCCTCAAGGGATAATGGGGCGATCATTTTGACACTCCCACTATGGACGGTCACCCAACTCCGAATACAATAACAATCCGTGAGTAGCAGTGACAATGATGCTAGCAGCTATAGCATGAGGAGTCTGGTATTACGTTGTGACAAGTTTTTGACCGCGCCAAGTAGAGCGAAACCAGACTCGTAACCTGGGATACCGGAACCCGCTTGCCTAACCTCACGGATAAACTCATACCAGCCTGATCCGCGGTAGACGTGGTCTTATGCGCACGGTAGTGGAAGCCACGGGGAGTTGCTAGTGTGGCGCACCTATCCTATGCTTAGCAACCAATCCCAATGATACCACGTGGACACTCATTTATACCTGGTCCATGTTCCGCGGCTACCAACTAACTTGTGGTATCCAGTAGACAGAGTCCTAACTTTAGGTTGGCAGTCGGACACGAGAGATAACGGCGTACACCGCATGACCTTTTGCCAAGGGGTGTTACAGGAGATCATCAGCCCCATGCTGTCCCTCTCCATCCATATACTCTTTGTACAGCGAATTACTAGTTGCCTATCAGTAACACCACAATAGCCTTGAGCTTATGTGGGAACACGCATACGTTCTACTGATCTTGAAATTCATCGGTCTAGTGTAGAGGGTCCGTTAACCAGCACCGATGCCGGTTTAGCCTTCTGTTAGGTATCCTAGATTTCTGGTGATCGAGGGAGCTTTCTTCTTCTAGGGCTTAGCACGCACTCCTGCGGTTGGCGGTCTCTCCGCTTCCCAGACGGCGACAACGACCCCTG,1715,50.5,Homo sapiens
SEQ_561611,CTGATCAGCGCAGGAGGATGAGTCCCATCGACACTTATTTTGTCTAGTCACAGGTGGCAGCAGTTGGGGCTTGTACCTAGCTTCCATGGCATCTCCGTATTAGTGATGTTCTGGTCCTCGATAAACGCTTTCATGGCCTCAGAGACAGGGTCAATTGTTTAAAGCTCGATTGATAATCATAAGGACAGGTTTGGGACACAATTTGAGAACTTGTGCCTATGGTCGATACGGTTCAATAAAATATGCGCGCCGTGTGGATCTGCTCTTTGCATTTCGATGGTCAAACGAAACGTTAGGGGGGGCACCCCGTAAGACTATCGCCGACGTTCAGGTGATATGAAGGCTTATTCCTGGCGACGGACAGGCCGTTAACTGTTCGTATCGCGCGACGCGACAACTAAAGACGTGGTTTGTCGTACTTGCGACTGGAGAGATAACTCTACGGCGGTGCGGCCTCACGTAGGGACCGTTCGAATTACCAGATATATCATATAGAGTTGACATAATAGCAACAATATGGTTTCCCATATCCGTCGAAAAGAATCATAGAGGTAAGGATTGCGGGTTTCGAGAGCAGCCAATGACTGGGTGGCCGTCCCATCCAGGTGCCTATCAAACAAGACCGAGATGACGGGGTTTGTACTAAGGGTCCCAAGCTCATCGTCTGGCCGCTCATGACGGGTGAGAATAGGGGTATGTGCGACCTGTTAATGGTAGTAACTCGATTCCAAACTATTGCGGTAGTGGATGAGAGGCCTCACGGTTCTGAAGTGACAGACGGGTCGCAGGCGCGAATTGTCCTGTGACGTTACCGCGACTGAAAATTGTCAAAGTTTCAGATGTCGTCCTCTAGAGATATGTGCATTATCACTTGTGCCAAAGACGCGAGACCTACAGCCTCAATAGTCGATCGAGGGATTGCAGGGACGAAGCATACATCGGGCCTGATTGCAGCGCCTTTTCTAGCGGAACGCGACACTAGGTGTATTGCCAATCTAAGGGCCAGCAACTTGAGGGCTACCAGCAGCGAAATAAGCAGAAGGAGACAGTCACAGTTCAGGTGTCTTACCACAACGGGACCAGTACTTTGGCGTCATGCTCAATGGACGTTGTTACCAGCGTGCCATGTAGGGATATCTAGAGCTCGTCCATGAGAGCTTCGCTCCGATTAGTTATCTTCCAGAGCATTGTAGCCCCCTAGCTGAGAGGGATACATAGTTAGAGAGCTGCATTCGGCCGTATATTCCATTAGCCTCCTTGTTAAAGACACACGGTTAAAACACGTCTATCCGGCTTGGGAATTTCAAGCTAAAAAACATGGTTGGAGTCCCTTCAATAGGTCTGGAGATATATCCTTAGCTGAGGCCAGCGGTTACTGGCCATACTTGTCAGCATTGTTGTCTAATGGCCCGGATCCGCCTACGTTTTACTTAAGTACGGTCATTGGACTTTGTTGTCCTGGCGGCATGCTCAAACGGGTGAACGGCAATCGCACTGCAGTCCGCAACCCAAACACTTCTCACGTAGGCGCAAGTAAGAGCGATCTTACGATGGTCAAGAGGTCCCAGGCTCCAATTGGTCGTGACAGAAATCCGTCTCCACCGGACCCGCTAGAAAGAATATTGACCGTGACACACCAATGGTAGTCAACTCCCTCCAAATT,1663,49.73,Saccharomyces cerevisiae
SEQ_694202,AAAGTCGAAACGTCGAGCAACATAAAAAAGAGCTGTGTCGGTTAAGCGTACCAATCAGAATCACCCCAATTCTATCTGCGTCTTGACTACTTTTTCTTCGCGTCTGATAGGCGCAAAAAGGCGATAGTACGAGGAAGACTATTGATACGTACGAATGCTGAGAATGCCTTCGGGAATGGGTAGAATGGTCTACGAAAGTTGGTGAAGAAGAGCCCCAAGTAGAGCCCGGCAGCTACTTCTTGTATTAGCCCTCGTCTCGTGTAGTGATATCAAAACCGCCGATGCTACGCATTGTGAGCCATACGTGAAGCAACGTAAGCCACAAATTTCCCTTCCAGGTCACCCTAATGGAGCGAGGCCGACCTTCTGCAACACTAGGTGGGAAAAGCAGTGTGGTTTCGTCGGGTCATTGGGGCCAAGCTGTGTCCTCGGTAGTAAACTATTGATTATTACGCACATTCGATCCTGAACGGTGCTCACCGGCGCACGTCGGCCAAGTGGTGGTTACTGTCTGACTCCCCGGCCCATTAGGCCAAGAGTAATCTTCCGCCTCTAGAAAAAAGATTGACAACGATGCAGAGTATTATGAGTAAAGTTAAATCGTCTAACAAATTAATGTTTGGCGGTGAATGG,633,47.87,Caenorhabditis elegans
SEQ_708475,TGATCCGCAATCATACTCGAAATGGAACCTATGTCAAGATTTGCCTGTATGGCACGTTGGTTTGTACGAGCCAGTGGAGTATGCACCTTGGACGTATTAAAGCCGTGCATAAGAACACAATAAGCGGGTGCGTTTTCCCGACTCGTGGCAGCCGGGGTCTGGGTTTTCCTTAACTCGCTCGTTATCTCCGGAGAGGGCGTTAGCCAGGCAGGACCCTCCCCCTAAGTTTTGATAACCTAAAGCGTCGAAAGGGCTCATCATGCGTTCAACAGGTGATCGACTTGTTGTTTTCTCTGCTCTAGAACAGAAAATCACATTCCAGGCCCCCATGGCATACTTCACCAGCGCTCCTCATGGGACAGATGCGGGGTGGTTATAGACATAATTTGAAGATAAACATACAGTGTGACCACATCGTCCCGAGTTGAACTCCTACTCAAGACAAGAAACGAGACACCGTAACAAGGACCCACACGGAACATGGCAGGTAAAAGACTCTCTGTCAGGGCTCAAACGCTAGGGTTACTTCTCTCCTCGTAGGTCAAATCCAGACGCTTTTTTATTTTATAGTTTTTCATGTTTAGCCCTAGAAAGTGTATCTCTCGCACCAGACCGACTCACCACACGGTGGAACTTCGCCCGTAAGTGGGAGCAAGAAGTTGGCTCCCCCAGAGCGCATAAGCAGGTTGCGAAGGGCTTTGGGGATCTAATAACACATCTGTATGGTCCTCGATATCTTACCGGGAATCGAGTTGATATTTACGAGCTGGACGGGTAAGTTACGAGGCATTACTGCCCACAAACTACCCCGGTCACTACATGAGCCCGGAATGGTTGAGTGATCACATGGAAAGACGGAACTGTAGGCCTATTCGTGCCCTGTGGCCAGCTTTGTTATGTTTCCGTCTTTAGGTTCTAGCGACCGTTTACTGGATTACATGTGGTTATCTTAACGGTGCTTCACTCCAGCCCCAGGTTTTACGTTAAGACGCTCGGGTAGGTCTATCTCACTAGCGCTGCCTCAGTCCTCGTGCTGTCGCCGCGACTTTAATCCGTACCATGCAGCGAAAATGCATCAGA,1080,49.54,Mus musculus
SEQ_338276,CACAGGCTCCGGCATGCGCTTCTGAGAAAGGTATTCGGATTTGTAGTTGTCCATCATGCTTGCTAGTGTAGGCCTACGTAATTTTTTACCTCTCGCAACGGAAGTATCTTGCGTTCGCCACCACGCGTGCATGTACAAGCAACACCTTGCCCACAATGTATCGAAGGTGTTACAGACGGTGTCTACCTATTAAACACATATCACCACTAAAGTGGCACCCATCTGGGTAATGGACGTAGTTATGTGGCGAGGTCGCCACTGGGTAGTTCTGAAACGGAGGTTTTCACGGCTTGTCAATCCGCCCGGGTGTTGGCTGAGGGAGCTATCCCCTATAGGGGGTCAAGAGCAGGGCTGGTATAAATCATAAGTGGATATAGAAAAGTTCATTGTCTCTATGCGGCGCTATCGCCGGGAGTTTCCGCTTACAAGAGTGTAGGATTTTTACGCTAATTAATACTCCTAGCGTGGAAAAAGTATTGGGTTCCGACCCGTGCCTGTACGACGCGGGTAAGGGCCTGTATACAATCGGGAAGTCAGGAGCGCCTCCTCACACAGGACTAACGCTGACCTCATTCATTGGAGAACCTACCTAATTGCGTGCATGTTACTCTGCGTAAGTACAGACTTTGGGTGAAGGTGAAACGGTTTACAGATCGCCAAGCGGTCGCACATCATGCTTTAGGAAGACAATATGTGGGCTAGCTCCTCGGGCTCGCCATGTCAGAGACGCCGCCATGCGATATCTTGCCTCGTGCGAGCTGAGTTCGATTTTAGTCTAAAATACCGTAAGCGCCGCGACGCATAGCGGGATGTTCTGGCCAGAAAATTATGATGTCTAGGCGATTTTTCATCATAGGACCCTGGTAAATGATCATCTGATTTAACAGGCGATCAAGCATTCTTGCCCTGCCCCATCCGCTATGCAGGTCCATTGGAACCTGAGCGAATGGATTGTAGGAAATCCTTGTAGCATGCTCGTACCCGTTCCGTGACCAAATACCGATGCGCTGCCAGGCACCCCGCTGACTTACCACCGTTGGCTCGAGAAACACATGTCGCAGAGATTGTCAAAAGTCCTACGGTGTGCGGCAACTCTTAACGTTTAGCTCCCAGCGTGCTTCAAACCAAGGCGCTTCTGGACTCCGAAAGATAAGAAAGCTTCCGACGGGTGATTAGCCAACGCCTGTGATCCTCGATACAAACGGTTCCTCATATTCGCCCCTGCTTTGACGGGAGAAAGCGTAACTCTAGGTTCTGCAAATGGACTCGTTAACCTTGATCCCTCGGAACTATGTCACGAAGTCAACGAGCGAAAATTTATCAATAAGGGGGTCTATCCTCTTTGGTTGTGGGCCAGGCTGCTACGTTAGGTTGCAGGGCCTCAAATTGCTCTTGCACTGTGCAGTTGGGCGAAACGGCAAGGTGCGCGTGCTGTAGGGTAAACCAGGTACAGAATGTACCACCTAATGGTATGTGCTTCGCGTCGTTGAAGCCTATATCCAAGTTCTGCGCGGCAATCCCACGTCAAGTCAAGCTCTTAGACATGCGGATTCTCTTAAGATCACCTGTCGAACAATATAAGTGTTCACACGCGAAGTATATTGGAGGTG,1610,50.06,Saccharomyces cerevisiae
SEQ_836810,TTGGACAATTGCACAGCCAGAATATTAGTTTTTTTATAGAGAAAAATGCGAAACCCATACAGTGGTAATAATAACGCAGGTCTTTTCGTAACCGTAACAGAGCGGAGTTGTTGACGTACAAAGGCTACTGACCATGAGTAGGTGTAACAAATCCGTAATCACATCACTTACAGATCTTCGCACGTCCCACTACAATCCTATAAGGGACTCCTGCCTTACATAACGACACCCGTCCTTCAGTAACCCGTACAATCCGACAAC,261,42.91,Mus musculus
SEQ_835027,GACCCCAATGCTTTCACCGTTAATATCCACAACGGTGGACGCGATTGCGTTACTCAGACCTGTTTCGTGCTATCCCAACTCACATATATCCTATTGCCCGTCTATCACGCTCGCCTCCATTGGCTCAATGATAAGTTTCCGCACACCCGGTCGATAGGGCTACGACTACGGTACGATGGAAACTCGTAAGATCGTTCTCTTCTCAGGATGAAGGCCTGTTGCTAGACCCGGTGTTAGTAGGGTCAGTCTGTTTGCGGACTGCTCCCACTGGTACTAGCCACATTATCGATAACCTGGCGTAGCTCAATATATGCTTGGCTTATGTCCTCTCCGCGGATAGTATATTCTAGTAATTCTGGGCCGCTATCCGCAGGGGTGCATTTCTTTGGAATCACGCATTGGTAACAAAAACTACTGTTCGAGCATCATCAAGATTCAACACTAAGTGGCGCCTGCGCAATGCTCTCGCACTGGCCCCCTTGAGCCGCCATATCGTGCCGATATAGTTGGCTGGTTCACACCTCATTGTGGGGAAGTAAAAGTCTCACAATTTACATGTTTAATTTAGCTTAAGCGGCCCCCCCTGTTGCATGTTCGAGCATCCGGTCGTCGACGAGAGAAGGAACCCTTAACGCCGCGGGACGAACTCGATGACCGATATCATTGAAGGTTTGTACGCCGACTGGATCTGTGGAGATACTGCGTCGGTGTACGGGCGAGTCAAAGGTGTGACATTGTTAGGTAAGGACAGGATAGT,757,50.2,Escherichia coli
SEQ_653970,GTCCATTTGCTTCCATGTGTCATGCTAAAACCCTCCTCATCTTCGTGGATGGTTCGACGAGCGAGCGAAGGGATTGGGGATACGATGGTAGCTGGGTAGTCGAATGCACAAAGTATACTGAACCCCACACAAGAAATCGGATTCCTCTTCCCTATGGGTGCCGACGCTTAGTCTGTACCGGCTCAGATGTTAGTTGGGTTACTACCGTATGTCACGGTGAGATCGCCCCCAGTCGTTGCGACACGTGAAGACGTTTCTACTGGATCCATGCTCTCTGCTGTTCTCCTGCAATTCGCACCAGTCTCCCGGTAGGATGATATGTGACTAAACTCCGGACCAGGCGGCACCATTTATCATCGCGATTCCTTTGAATGCGTCGAGGAATTGTGGCCATAACGCAAGTGATTTCCTTACGTCACTACCCCCTATTGGACAAGTGCACTTATTCCAGGCGCGAGGATTCAGTGTCATGGTAAATCGTTCGTTATGAAACTTGTGGGGGTTTGTTAAGGACGCCGCGCAGTCGATTCACATTGTCTATAGTCGGGTCGCCCCGTGCGTGTTGCTGGGAACGGGTCGGTACTGCCAACTACGTACCGCTTTGGGCCGACTTTTGTGGATGTACGATAGTACCTCGATGATAAGATGGTCTTCAACGCCCAACCGAACACCCTTCGCAGAGATGAGGTTAGAAATTGCTTTGACTTTTTAGGCCGTCTGTGCCTTTGTACGCCAATCTTATGATTACGCTAACCTAAGGTCTTCGACATGTAACTCTGACTATCGGGAATGGGGCGAGCCTGGGGAGGGGCGGAGGGCCTCCCACGTGTTTATGACTTCGCTGCTTTTTTCCGAGTACGCACCCGAACTCGTCTTGCCGATGCAGAACGTGGACTTGCCAAGAGACCAGATTACGTTTGTAGGTAACAGGAAGGAATCACCATATTTGAAAAATGGTAGAGTGGAATGTATTAGGGTCCGAAGTTTGGAAACGTTTCCATCTGTCTCAGGAAAGGTGAG,1020,50.39,Mus musculus
SEQ_674574,TCAGCTAAGCGTGACTTCTCAGAGCAGCAGTTATTAATAATAAATGATTTAGTACGTCCAAGACAGCTATTGAGACTACAAGTCCAAGCAACACGCAATGCGAACTGGTTGTTTTTTCCTGGGCGGCGCATCATGGGTTCTCATTGCGAGTTCGAATGGCTTTAGGGAAGGGCCAGAAATCCATTCGACTTGGGCACCTCCCGCCAGACTAGTCGCCCATGTTAGGCTAGCTCACTGAGATTGTCTGATCCGCCGACATAACGGCCTTGCAAAGCTGATGCCCGCAATCCCCCGTTCATAGAATTAGTCCCGTACTGTTCGGTATGCGTTACAATGGTAATAAATCCCGATGCGAGGGTTTTATATTAGCAGAAAATCTCCCAAATGAGAACAATGGCACTATTTCAGATAACCACAGAGAAGGCTTAGCCCATCTATAGGTTCGAGACGGCGCTAACTCCTTGAGCCATTTCAACTATAATCAACCCCGGACATCTCTCGCAATTCCGCAACTGCTGTTGCTGCCCGGTCCAACTAAGAGTTGCTGGTGGCTCACGTTAGTAGAGAAAAGGGCGACGTGTTCTTCCTGTCGTTTAAAGGACAAGGCTAAGACGGGTTGCAGCGAACACCTGATTTAATTAGGCAAAGAAGACTGTGTTTCACGGACACGTTTCATTACTGCTAGCTCGCTTGATCGACAGCAATACCGCTCCCCGACGGCCAATGTCGAGTTACCAAGAGGCACAGTAGCTGCAGTATCATCTGAGGCTTGGTTTAATCCTCCTGTGGACGGGCGTATCAATTCTATCCCCTGAGGCACCTCGTTCAGATTGGTTCCAACGATAACCCACGATGGGAACAGCCGGAAACAGGGCCGCAAGAACGATGTCGCGCTTCACCTCGAGCTACTATAGTCAAGTAGCTTAATTCAGTGACGCTCTACACCGAAAGCTGGTAACACTATGAGACAGATGTAATGCCGCGCGTGGTAGGTGACAGCAATCTTTTATGTCCGAGAGGCAAGGCAGAGGTCGGTGCCTCTCTGGACATCTTTTTGTGCATGCCGAACGCTTAATGGCCTCAAAGAAGCCTCCGGAACATCGATTAGCGGCTTGCGGCCTTGCTGCGGTACGACATATACATACGTCCCTAAGCTTGCATGAGCGGCCGCTCATGGAAAAACTGGGAAGACAATCTCCTATAGCCAATCTCTGACTGGTTAGTTGATTCATAGGAGGAAATCT,1244,49.28,Escherichia coli
SEQ_641971,GACTCATGATCCGGATATAAAATCTTTCCTACTGTGATAGCGGTAGGGCGGCAGATTGCAGACGTACAGGAGTCTCCGTAGTGGACAGAGATACCACGTTGGTTAGTCATCTGATGTTCAATATGAAAACCGTTCTCCTGGCCCGAAGATGGGCGTGGCCCGGGAGGAACTGCCGGCGTGCGTCGATGCATACGAGGACGCGCCTTGGGCGTCTATTCATCAACGCCAACTCAGGAGTCCTGCTCGGTTTGCTTATTACCAGGCAACGTTGTGGATATGGCTCGACCACACGTCGCTCTGCTTTAACTTACTCATATTGTTCAGACCGGCACAATGAAACG,341,52.2,Mus musculus
SEQ_943816,GTGTATAATATCGTTTAGGTGGCAGTACGCCGACCGAGCTCGGGATTTTCCTCTACTTAAACCCCGATATAAACGGGCTAAGCTATTATCCCGTTCGCCAACCCCCGTGAGCGCAACACGTACGGTAAGCGCTCATGCCGCGGCGTTTGGACTCGCTATGAGAGGGGTCCTTCTTGCGAAGTTACCACGGGTCAGGGCTCGAAAGCATAACTGGGTTTAGAATAAACTGCATTCCACTAAGCTCTCACCACTAGAAAAGATTATACAGCTTTGGTCGTCAGTAAAGTTGCGAAGATCCATACCAGAAGAATTCGCTATGCGATAACTGAAGCCCACGTCCTCTCATTTGAGCAGGGAGGATGACGAGCTCTTTGAACCGCGTCTTAGCACTAGAGGCCTTAATTCTCCTGTATTACGACTGATATCGCCGTGAACGGCGACATGCAAAAGTGAGGGTCTTCGGCAGTAGAACCGAGACCGCTTGCGTCTACCCGAGACCTCATTTCTTTATTGCCGTGACGTCTCTGGGTGCACATCATATTGGCACTCTTGTACCGACCCGACTTGACGCCCAAGAGGTTCAGACGGCTGTACGACTTTTATATTTTGCGTTACAGGATCATTGCACTCGAGTTCCGATAGCGCAACAGGGCTGCGTGCGGATCATAGCCAAAGCTAAATGTCGCGAACCGGGTTAGACAGGCACACTCGCTCTATCATGCTTCGGCGCGGGAAGCCAAAGTTGACTGAGTGTACTAAAAAGGTGGTACTGCACCCGTGTTAAAAGGACGATGGACCCTCGCGTGTCATGTTTTTGAACTTCGATTTGTGACGTCAGTGACAAAATAATCGCTCCCGGTCCTCTGTCCAGATCTCACATTGTCCCCCGACAGTCTATAGATCCATGCGGGTGACCGTACGCAGCCTTCTAGCCTTCCCGTAAGCTTATAGGGGACGAAGACTTAGCTCAGAACCAAACAATCTGCCACTCTATGGGTGTTGTGTACAGACAACAGCCTGGGGTAGGCTTAAAGTGATGCCTCTGTCTGGGGGAATTTAAGCTGAACTAGGTGAATATTGTCCATGCAAAGACCAGCGCTCCTACAAGCTGACTGGAACATAGAAGAAACCACACGTAGCGGACGTCTGCAAATCTTATCCCTGCCATGCAACAGGACCGGCGCATACCCCGGTCTTTTTCCGAGACAAACTTTGCGCTACTAGGAACCAAGGTCCCTGCTTACTGTTGTATTGATCTTTTAGAAGAGCCGGCCTTACCGATCAAGTCCGAGTATGCACCCTCAGACGCTCCTGTAGTCTGCCAGTGAGGAGCTCTCTTCATACAGATCATCTTGTATGTACCCGTAGGAGGGGCTTGCTGGTTTTCCGAGAGAGCTAGGAATCGTCTCCCTGGCCGCCTTGGTAGGACCGCGTTATGGGGATAACACATCGATCTTAACGTGAGTTGCAAGTGCAGGCCAACCGCATGACATTTGTATGCATCCTCAGCCACAAGGGCTTTTCCTGGTGTTGAGAGACACCTTCATCACATGACCCGCCATCAAGTTCTGGCTAGCCGGGTGATTTGGGAGAGGGGAAGCTTACACCTAAGCATTCCCCTTGTTTTTAAGGTTGACTTTGTCATCCCGTTGCAGTGCGGAGATATTTCTGCGAGTCGCGACCAGAATTACAGTCTCCTCTTCTACCCACGTGTCGGCGGCATTGCTGGTCGATAAGCGATTTCTTAATACGGTAACGAGGATCGAAACTCCAGGTGCTTACACCGCGCTCATACAGACCGTCTATGTTGTTGTGCAGGCAGCTGGGAATATCAACGTAACCACTTCCGGCCATCCACGAACGTCCAGTCGTGTTTCAACTACGTGGTGTCGTTGCTGAGATCTGTGGCACCCACTCTGTCGTGTTCTTAAACACCTCCTCTAT,1944,50.77,Drosophila melanogaster
SEQ_343868,GAAGGATCATTAACCAGTACAACTTTGATTGACAAGACGAGCCATTAAATTGTCACCTTAGTCCTAGTAAGGAGTTTGCACGCGCCTGGGTCACGCCTCACACCACTCCGCAGATTCGAGTATCGTGGTGGCGCCTTCACCGTCTGCTGCCTCGCGCAACACTTTATCACGCCGCTTGAGCTCGCTTTGTCGCAAATTGTTTAAAATGCAGCGAACCTTAGCTGGAGCCTATAAAAAGAAGCAACGGAAGTTAATACTATAGTAAAGTGGTGGGGCGAGGTTTAGGTCTGAGACCTAACCACGCAAATCTCTAAGCCGAGACAGCTAACGAACACATGACTCTCACTATGCGCCAATCTTGCGAAAGGCATGATCTGACGAACAGATGGAAGCGTCGGTCAATGCGACAACTCCTAAGTGCAGCATCGACAAGCGCAAACGCTAGCCATTGTATACGCTGGTCACGGGCTTATGAGGATGTCCATTCGTCCGTGGAAGAGCAAGTGCCACGAGGTCCGCTAATGTTGTCCGAAGCTAAGTCTGTATTTTCTATTGCCTGTGGCAAGAAACTGGTCTAGGTTAGGCTATGGAAATCAAGTGTAGTCATGGGAATAAGAGCTCGGCCGAGTGGGTTCTGGTATGAGCCATACTTTGGAGAAATCAAGGTAAGTAGCCTTTAATTTGGTTTTTAACACATATAGTGGGTTCGCATGTGCATGTGCTTAGTACTGTCCCTCGATCGACCACTGCGACGACGAGGCGCTGTTGCTGCGAGGGCTACCACTGGCGGACTGGTAAGAGCCAGCTAACCTGATTCACGTAACTTAGCTTTCGAGAAGATTAAAATGGTTAGAGTTGTTTGGCCACTATTTCATTCTGCTTTATTGTCAGATACGCCGGATTGTGTAGCGGAAATGGACTCAGGTAGTATGTTTTAACTGTGCGGACAAACTTCGCCTTACACCATCCAGGCTAGTCACTGCGAAGTATCGCCCTGCAACATGGCGGTGCGCTGGACCATAAATCAACAAGATAAACCTGATGTAGGCAAAACTGTTTCCGTCGGCAAATCAGGGATCCGTACCGGACCAGCGCCTCGATTTCGTTCGCTCGACTCCGGCGGAGGAGGCTCCATTTCCCGCCATTACCTCTAAACTA,1158,49.05,Caenorhabditis elegans
SEQ_839826,GGGCAACAAAGCGCGTGGAAGGACGTATCGTGCACGAATCTAACTGAAAGTCCGCATCTTTAGATACTGATACTTTGTGTTTTAGTCCGGACTGGCACGCACTCACCACCCGGGATACTTTAGTTCGGACTCTCATCACGGATACTCTTTCCCACATGAAGTCTGATCTGTGCCCGTGCGGATAAACTTGACCGGATAGACGCCCTCGCCAGATTCCACATATTTCCGAGCAATTTTAGTACACCGTAAAACGACGTTCTTGTGTACAAGCGCCGGTGCAGCCATGACTCGACGTGGGTACCCGTCCCACACTGGGCCCCATGTGTATGATCACACTAGCTAGACCGGAGGACGCGGGAGGACACCTAACTGGATGGGCATCCAAAACGAGACGCTATACTCTCCAGATTAAGAGTCTCATGGCTTACCCTGGGCAAGAGCTATCTATACGTCGTACCCGGTGCTATCATATGCCTGGAGTATGTGTCGTGGTGAAGGATGGTTTCGAATCCCATGTGATGCGCCGTTTTATAATGGCAGCTCACGAACGTCCAAATATTTACACAGCGGTGTCCGTGGCGATGCATGAACGGTGATGGCTGGCAAGCCCTGATCAAGTCCTTCATTTATTTAAACGTGTGCAAACCGTCGGGTACTCATTCGGATTATAGTCCCAAGAATGGCCTTGAGCATCCTGAGCTTGCACCGTAGACCTAGAAACCCCCTAATCTGCATCGAGTTCGCTAATACGAAGCGCTACTACCATCGTCCGCTGTCTTTGGTGTCCAAAGAAGTGGCCTTGCGCGGTAATCGAGGTGTGGGGCAGTGTAGTTACCCTTTATCGTACTTTCTTCTGGTACACACCTGTAGGTCCGAGTAATTAATCGCTGGTACCCCGAAATGGCCGTTGAACATTTCTTACCTGAATCCGCGCAAAGTGAGAATCGCCTACCTTTTCA,959,50.47,Caenorhabditis elegans
SEQ_227662,CGACATAATTCCCCCCCTTTGTCTCACCAAACTACCCTTGATGGAGTGATACGTCCGACAAGTTCGACAGCACTAACAAGTGCTTAAGCACATACATTCGTGAGCGAAAGTGTTAGGGTTGTGGCTGCACGGAGAGATCCAGATGACATAGATTATGGATATTGTAGTGAGCCCTTAGTAATAGCCTAAAGAGCGCTGGGATTAATTGTTGTCTCTGCGCTCTAATAGTTATAGCTGCGCATCATACTCTATGTCAAAGCATGATATGCTAACACACTACACAACCGATCAATGTGCCCGAAAAAAGCCGCGCATATGGTACCCCCATTAGGAACCTCGAACACGCTCATGTTCGGGCAATTTTCCCAGAACTATCCGACTAGTTAAGAAAGAAAGTAATATCGCTCTGACCGCTTAAGACGAATTCAAAGCCACACGCAGT,442,45.25,Saccharomyces cerevisiae
SEQ_802075,ATTTATTCATTCTTACTGCCGATTAGCAGCTGAAACCTTATTTCTTGTCGCCGCGTGTCCGAACCTCTGGGTGTTCAAACCCCTCGGGGCACGATAGATGGTTCCCCATCCGATACAGATCACCAATTATGTATGAAACTAATCGGACAAGCATGCTGGTTCACAGACAATATTTTGATTATCCCGTGCCACAACCGACACATTTGTGGGAAATGTTGCTAGCTGCGAATGCCTGCTAAAAAGACTCCGTATCTATTGTGCCTCCCCGATATGAGGTTGGACTGGTATTCGCAAGAATGAGAGTGGGATCTACCCTCGAGGTAAGGTAGGCACTCACCCACTCAGCGGCCAGCCAGAAACGGGTTACATGGCTCGCCCGGATGAAGCTGCCTGTCAATCGGTCAAATCACGGCAATAGATCATAGCTGTGTAATTCTTTAGTCCGAGCGCCGGAACCACTGGTACTTGGCCAGGGTACGCATATCATTGGTCAAACGCTACCGGGGCAAATGGACGGTTGGACCGAAATTAGATTCTATACGGGCGGTAAGACTTTTGCCTCAAGCTCCTGTGAATGTTGATCGACTCGAGTGTACATGAGGCTACTCAAAAGGTCAGACCTGTATTAATGCCCCGGAATTACTGTGAATGATACCCTATGAGTCCCCACGTTCCTGTATCAGTCTTTTACTTGCACGCCTGTCTTCGTCTATGGCGGGTCAATAGACGGTCGTTCACTCGTGAGAAGTGGGTGTCACGTCTTTGTGCATTGTGGAAAAGTACTATGTGTGCGAGGCATAGACTCCGCCAATTTGGTATTTCTCTGGGGTCTGCACCGATTTACCTGGTATTGCGTTTTTTCCCCGACTTGCCATGTTACACAAGGGCAGGAGACGCCTCTGCTTGACCTTACCTATGCAATCACGACTCT,931,49.09,Homo sapiens
SEQ_817422,ATCCCTCAAGAACACACGGACCTAAGCTATGCCTAACGCCCTAGTATCATCGACCATAATAACGCCAATTTTTGAAATAGCCGTAAGAAGCACGCTGGTTGGCCACCCTACATAGTCTTATATAGCATATATGTACCCTTGTATATCGAAAGGAAGTTGCATGACGAAGTCCACTCTAAGGAACGTTAGGATCATTTGCACAGTGGCGATCATAAAGTATGATCAGTCTTTGCCCTTAGGTTTCATGATACCCACCTCCGTATTTCATAAAGAGAGATTTGGGTGAAGTGACCCCATCATCATAATACGGGATATACAACCGACGGCTTTACACCAACGGGACACAAACTTTGGACAGTCCTGTCAAACCACCTAGGACCGAATAATGTCTATCATTCGTTAATCCCATAATACCGGATGCGGACCGAAACGCGCACTTGAAGGGTGCAGAGGTGAATATTAGGAGGATCTTCTTACTACTGGCATGGGCATGCAGTATCACCCATAAGATGCTTAGATATGCGTGACGTTAATAGGAGCTTAGCAAAGCGCGGGCAGATTGGCACCGCCCTGTCTGTGTCGTCAAATTATTGCGTGTAATATTTGCCGATGTGGGGATAACTTATTAAGCGGGGAGAGCAATAGGTTCTTAAACCCACATATTCGCCCAAGGATCTGTAGCCTTTCCTGAATGCCCTTGGATGTGCAAATAAAGGTTGGGCTAAACAGCTAAACTGGACCACGCGCCGGGGACCTGGAGATTGGTGGGAGTGTTTAGCTTCTTACTCTGATTCCCTAGGAAAGAACCGGGCATAGAGACTGCTCTTGGACCTTAGAATGATGTTTTGTGCTGTATGACGCTTAAGCTCCACCGTCTCAGGGCGGTTGTGCTAGCTTATGCCTCGTCGTCATATATCAGTGTCACGAACCGTAGCATCGCGTGTCATAAACAATCTCGTGAGCACCCAGGTAGGAAACATTTTGTTGCGAGCACCACCATGAGGATAGCGACTCGGCTACTGTAACTGGTTACATCTTGATAGGTACAATCGGGCGACAACTATGCGGCTCCGACCATAGCATTATGGCTACCCGACATTCCCTACGGGTCTATTCAAAGTATCCCGTAGACGCCCCGCATATGTCCCTTCGTGAAGGCGGGACTTCGGTTGCCGGAACATAGGACTGTTATTAACGTGGAATGTGCTCAGCTAACCCGGACAGAATCCTGACCATTCACAGATGGACGTAGATCGGCATGATATCCGAATATTTTAGGCCACTATTCTCGACACCCGTGTTGAGCGAGGCTGCGACATGCAACAAAGAACAAATCGTGAGATGTTGGGGACGTCGATGGCCATTATGGTACGAAAGTAACGCCCTCAGATGTGATTCGCCTACATCCGTGTGGAAATAGCATAAG,1426,47.62,Escherichia coli
SEQ_342766,CCCGCCACTCATGGGAATAAACAAAAAGGGTCACTAACCGGTTAGTTGCGGGGGGTTCGCCCGAATTGGGTCGATGGCGAAGAGCTTGTCTTTCGCGAACCTGAACCCCACCCCGAACGATGAGTGGCGAGGGTGGGTGTGGCGTCGTAGCCTCGGTTTTCAACATGCACCCCTCGGCAGGCGACTGCGTTCTTAGGATCGGGAAGCTATTATCGACCTAGCGCGCCGTGCACGTGTGAGTGGAGACGATATCGGTTAGAATAGTTGGTCGTTACGGATTACACCGCTCTACCTCGGATCGCAGGCCTACCGGAGATGGTCGACGTGACAGTCTGTTTTACAGAGGGATAACCATAGAGATGGTAAAGTTTCCGTATAGTCGTAACTTCGTAATCTTCATCCTTTTCACACTAGCTGGTATAGAAGTTGCTACAACTAAGAGGTTCTCTAATCACATGGAATACTACACGCGCGGTCCTGGATGGAGTAATGACATCTACCTCGCAAGTCGACGCAAGCAACTCACGTGGTTGATTTATAAACTTCTAATTCGCCGCGTTTGTTGCCGGCGTTTGAGTAGGCGTTGGGAGGAGCGCTTCCCGCTGGCTACCCTATTAGCCGCTGCGATTTCCATATACCCCTCTAAAACCGCCTGAATGTTAAAATACATTCCAGAAGCCGCCCCCACCCCTGAATCATCAGAAAGTCCATGAAAATAGCGTGGTATTGTATCGATCCGATAGGGGGGGCCGCGGCCAGTCTATTGGGCAAAGACAGACAGACAGATATAAAGATTTTATTAACATGTCTGCCGCGTCTATCTTTTCGGGACGAACAAGGTTGGTACGTCTGGACCATTCTGTGCCTGCTGAATGCTGACTTTAGCTGGCAACTCTAGAATCAGGACATTGTGATATAAGAGTGCCAATACCAATGCATTTCATATGATAGAATAATTGTTAATATCCTAGGCCAGCGCTAACCATTACGTTTAGAATTTCGTCGACTTAGTAGATACGAACTAACGGTCCGAATAGCAACGAACACACTTTCTACCTTGTACTAACTGCCCCAGATCTGGGAAGATGCTTTCAGACTGGGGGAGATAAAGCACTTTCGGGGTTTACCCATTCAGCAATGCGTTTTAGAGTACGGGGAACGGGCGGGCAAAAGAGTAGCACTGTATTGGGGAACCACCTTTTGAATTGCAAACGTCTACGAAGTCCTTCAGCACGGCTCCATCGGAGTGTGGTTCCTACTGACTAGCTCCTGTCAGAGAACCGAGCCGACGTGAGAAACTACCCAGGGGGCCAGTAATGGTTATCATCCCGGGCATAGACTGAGGTAATGCCGCAGCCGCTCGGCCCCACTATGAGATGACAAGACCAAACATCGACTATATGCCCAAGTCATGGCCAGCTCTCGATTTGCACCGCGGCAAAATAGCTGCCCTGTCGCATTGCATTTAGTCCATTCAGTAGGATGGGGTCATGTTCTCGCGTCTAATATTACGGAGCTATTGGTATGAAGGCGCTGTTGAATTAACACCCCGCCGGGAGGGCTGTAAAATGTAGCTATGTAAGCAAAGAACGGCAAGTATGTATTGCCCACTTTTCGGGCGGCCAGCCTTACATTTGGGTTACAGTTCCACTGATCTTTGGTACACTGACGCACGGCTCGACGTCGATGTCCACACCGTTCCAAGCAGCCAGACTGACTCTACACTTACAAGCCCAATCCTCAGGTCGGTGGGGAATCTCACGTACTTGGTAAACTCCGATCGGTGGATTGGGGACTGCCCCCTAGATATGTCCCGCAAGTGGGGTCACCACGGCCGAACGGGTAGGAATGGCTACTACTACCCGCGGCTCGACAACGAGCCAGGAACTTCCTCAATACTGTACGGTTGTTTGTCTTTCGCTTCCGAGTTACAAATTCAGGGTTGCGCTCACTGAGATTTTAGATCTTTGAATAATGGCG,1980,50.25,Mus musculus
SEQ_412102,TCTCATCCTTATTCAGTAATGTAGATGGATGGTGGGTCCCGGGCAATGCCTCCGACCTTTAGACATGTTCATTGCTCAGCCGACACCACGCAGCGCTTGCGATCAACTCTACCACTTTTTTGAGTGGCGATGTCCGGTTTTGGAAGCCGTTAGACCGCCAAGTCGACGTGCTAGAACGGCAGCACATTCCCGGGCTATGAGAGGTTGTATTCCTACTTAACATACCGGACAGCGGTGAAACTAAATCAAGCCTCGCTGTTACTAACATCGCGCGCGGGAGTTCGTGCACGTATCTCAATTTAAGAAAGTCTCGCGCAGCCCAGCACCTTCGTGGTCATATTGGACTATGTCCTGGTCTTCAGACGCCGAGTCTGCTGTGCCGTTCCTAAGCACCTAACGTTGATGGATGGCACATTCCAAGATGGAAGGCTGATTTTTTGTGCCCGGTTGGTCTCGAGAGCAAACGCAGAGTGTGGGGCCTTGAGAAGCCGGCTGCTCTTTAGACGCTATGAAGAGGGGTTAAACTTCTTACTCTGCTACCATAGAGGGTATGCGGGCATACGGCCGCACGCTAATTGTTGCCCATTTACCGCTGGGAACCTTGGGTGATCCGAGCTAGCCATCGTAGAGTTAAAGGTCTTGGACGTTTTGTAAGCCCAAGACAGATGGCCGTTGAGAAAATGTGGGAAGGTTGCACTCCACGACAGAATTCTTGACGAGGCTTAAAAGGTTAAGAGCATCCTTCTAGCTTCGGGGCGTGGAGGAACTGTCTCCGATTTCCATTGCGCCCCTCTGGTCCTGTCTGTGACAAGATCAAGCAAGTAGAACATAGATATAAGCGGGCTGGCTGTGCACCTGGGTGTGAAGACCATCTGCGTTCCAGGATGGTAGGGAACTTAAGGGCTAACACACAGTGACCTCGGTATTCTCAAGCTTTACGGGCCACAACGTACATCTTGCTCTTACAAGCTATCTGACCCCGATTCCAAAACTCAAGTTACAAGTTTTATATTGTTCGGTCACTCGCACAATCCTCTCGTGTCAAACAAAAGCGCAACATGAGCCAAGTATACCAACTTGGCGATTGTCCATCTCGTGGTCCATGCGGCCGATTCCATGTTTGCCGTGGTACTTGCCGACGGTGGGCGGAGAGCGCACACCGTTCACCACCCATCAACGCTTGGGCCGAACTCCTACGTTCCACATCACGAGTTGCGCTTCAATGAACGACAATTTTTTACGAACCAACATGTTGGTCCTAGTCGCTTGATGGCTAAGTTGGCAGGTTCTTGGCAAACTGCCTATCGAGTGTGCGTGACACAGAAGCTGGTATGATTCAAAAGAGGGTCAG,1351,51.0,Caenorhabditis elegans
SEQ_369715,TTTTATTTAAGTCTCTACACCACTAGCGTTGGTATGGGCTATAAAAGGGGGATTGGTCATTCACTAACGCTCTCGCACAGGCCGTCCGTTTTTCCGTGCCTGCCGCTCTCGCTAGTTATCTGGATCCGTCCTCGAAACTTCTTTGCTTCCAGTAGCATATCCTCAACCATGATAAGTACGAGAATTCATCCCGCCAAAGCCACAAGACCGTGGACGCCCTTGGGTTGAAATGACCTTCTCTTATAATGGCGATATTGAAGCTACTACATTCTAACTTCACTACATACTTAAGGACATATAGGTGAGCACTGAAAACAACCGTGCTTGATACTGATAGGCGAGGCGTCCTATGTTGGTGCTGATAAGCTCCAGGTTTCACTCTCACCCCGGTTAAAGGGGTAATGCCGTGGTCGTGCCTACGGTGAGGGACAGAAACTCTTTTTTCGCGTGATACTATGGTGCCGACGTTTCGCAAATAAGACATCGAATTACTCCTCCGGTCCCACTGGGCAACGAAGCTAGGCGTCATTGAGACTACACGTCAACCTGCTACGTGGTCGTCATGAAGCCCCCGGCAGCAGTAGAAGATAACGGAAAATATGCGAATCACG,611,48.61,Caenorhabditis elegans
SEQ_104418,AACATATGTAACGGAATACGTGGATGAAATAACCGCGAGTACGTCTGTGCGAGGACATTAGGCACTTAGGATTACGAAAGGACCGCATTAGTTTTAATATAGCGGCCGCGTTCCTTTGAAGCACAAGTCCCACCCTGCTTCGATCTTGGGTGATAGCGTTTTAGGAGATTCCTGTTCTTATTACAGATACACGTTGTGCATAATTATAATGTTCGTAAGGATGAATGTGGAATGCGTGTCCTGCAACGCGACGCAAGGTTCTTGGGCCTCGCTCCTTATCGTGGCACTACTCGCAATAGAGCGGAGGGTTTCGAACGTTATACCGTAAGGATAATTATTATGGTATGTTTATGGCCTCGCCATTGATAGACCGCCCAAGGTTGCGCGTGCCTCGCGGTAAACCCCGTCGAGCACTGCTCATTGGGCCCAATTAAGATAGGTCAGTTAAGATTGCCTGTGTGACATTTTGTTGATTAAGTAGGTCGGTCCAATAGCAGCCAATAGGGCGGAGGATACAACTTTCAATAGTCGTAGGTCAAGTGTAGACCTCACAGGTACTGCCGTTTGCCTCTCAACAGACTATTTGCCCGGAGAAGTAAATTAGGCCTAGGGGCGTGTAAGTGTGCTTCATCGTAGCGGCTAGCTTAAATGCACCCAGAGTGCCCCTTCGTATTACGCAGTGTGCTGACTCACGAACCTGAGAGTGACTCACACTTCCCCGGGTTTCGCCGGCATCGAAACAGGCGGTGGAGAGCCGAACGCGTGTAATAGTAAGCACTCACCTGTTAGCGCGTGACTTGTTCGCGTGCGTCCGTCGGGAAATATACCCAGAGGTGTCTATCTTATGTATGACTCATTACCCCCTAGCAGCAATGTGGTAGTTCCATCAGAAGTAGGAGTTTCAGGTGTCATATCTTGTCATTCTTCAAAATTTTTCAGATAGGCGGTTGTGTGGAACTCAGAGTTAAGATTCATTTCAATGCCATCCCGTTGGTGTCCTTCTCTGTCTCCATGGGCTTAGATAATTCTTTAAGTGAGTGCTTCACCACATTAAACGCTGTCCTCCTATAGCACGACGGTCG,1082,47.97,Mus musculus
SEQ_561403,AATATATGTACTGAACAGCTATAAGACTCTCTGCAGCTACGAGTCATAGAGTTTCAAATTATTGTCTAAGCCGTGTAGTTGCGGGATGTACTCCGTCAGTGCTTATAGCACGGCGTTTATGTTAAGGGAGTTGTAATCTCGGACCACCATTGCCGCTCTTCCATGGCAGTGTCTCGGTAGTA,182,45.05,Homo sapiens
SEQ_107766,ACATTGTCCTTCTGAGTTACTTTAATGGCTGGGGTCAGGCGCTAGTCGTCGTAGGGTGTCAACTACTGGAAGGTCGAAGCGTACGGTAGACTGTACCCGCAGGTTGTTATTTAACCTTCAACAGTCCAGCGGACCATGTACTTGAATAAGCGGGAACAAGTCGTCTTGCACTTTATCGAGCTTTGGCCGGTTTACCTTGTACGCGAATGCAAGTTTGACATACAGTCTTGCATCCACTCAGATGCCATAGGACTAACAATACTAATTTTAGTGGCAAACCTATAGGCTCCGCGACCACAATGTGACCGCTGTCATGACGGGCCGTCACAATACCACTCATAGCTGAAGGCGAGGACTCGCCGACCAGGACGTAGAGTCTTTTAAGCGATGCGTAACCGTACCTATTTTCCTGAAGATCATAAATCCTGTCGAGGAGGAAACGCTTCGGGCACTGGCAGAATGTGGCTGACTTTCTATCCACACGTCATCAAGTCTCACCTCCGATCCAAGTTATGCTTTTAGCTCCTTAAGAACGTCTGTGTGTTCTACGACGTTGGTTACACTATCATGGTATCTGGTGGGAATAGTGTCGGCCTCATAGGTTAGGCGTATTGACCTCTAAAGCCCCTGGGTGACACGGCAGTTGTAACCCACAGACCCCAGCTCCACTCAAGATCGTTAGGTAGATACCTTCGGAAGTGATTTCCCAATACAGGATGTTTGCGAATGAGCTATGTTTAGCTAAGCATCTCACACCATGTGAGGAAACTCGCCACCTGTGCATAAACTTTCTGAGTGATTCGACAGACAACCTCTCTGTTCAAGGTGGACAACTTGGGCCCTTGACCCGAGGACGCCCTATCGTCAATTATCATCCCAACGCGGAACAGGGAGACCTACGGACATCGGGAATTAAGTGTACTTTCGGTTCTCTAACGCGCGCAACCTACATCCTGCGGGCGATAATAATGATATACGATTCGTTCTTAGCGTGGATCGTGTGTAGAAGCCTTAAAGGCCAAATTGCCCAGAAGCTCCTATCCAGATTGAAGGCATGCAACCGGCCGGGTACCGCCGCGAGACTGTACCAGGAATTGGGGGAACACTTACTGGCGAAAGTCATCACTTTGACAGCGCCAGTCTTCTTGGCTTGAGTCGAGGTGTGTAACTTTCAGACAAATGAGAGTTGCATATTCTTGAATGTCATCGATCATTAATCATGATCCCAAAATCCTCGGATGTACCTTGACACACCGAGCATAACTATGATATGATTTGAGTAGGTCAATCTCAGCATCCCCAGGCCCCATTGCCATTATTTTCTTATACAAGAGTACGGGGATAACGGCTCTACCGGCTCGCAGGAGGCCATAACAAGCTGACTGTGAGTTACCGTAAGCTGAGCTGATTGGTACTAAATGACCACGTCGCAATATAAGCGAAATTTAACCACTGATGAAGCAGTCCCTAGCAACTTGCGACATTAAAGGAATCTGCACCTTGACACTGTAATATTCACCGTAGTTTAGATCGGCCTTGCCGATCTGTATGTGTGTACGCGTTTCATTTGTTCGGATGTCATAGAGCTCCTAGGTAGGATACACCTATCCAGGTGCAACCTCCGCGACTAGTAAATTAACTCTGTCCTGAGAGGTATCCCCGTGTCTTTACACTAAAACAAATGTGTTGTGAGTGTCCCACCAGTCGACGGCCCTTTTAGACCGCCTTGATCAGAAGAAGCGCCTTA,1747,48.03,Saccharomyces cerevisiae
SEQ_856344,AACTTACGAGCTCCTTACTACGCCGCGTACTTCACCGGAAGAGCCAGTGCCTTATATCCTACGCAGGTTTTAAAATAAGTTAGAAGCGACATGATATAATCTACGTGTCCACAGCCTTGTGCCTCATCGAAGGGTCGCTGAGAATCGGAGATAGCGTGTCTTATACAACCATACGGCTCTTAGCTTACTGTTTAATAAAGGTGGGTAGTATACTAATTACAGGCGAAGGTGAGAGACTGGGATCTGAACTGGTAGGGCATAGTTCATCGATACAAGACGCATTCTCAGGGCAGCCGACCCGAACCAGGATCGTTAGGGTGAACCGACGTGCTAAGCTAATTTGCCGTTCTGCGTTCTACTTAGCAGACAGCACGCTACTAACCGGGTACCATCAGGATTATGGACATGTGTTATGCTACTCTTACCGTAACTCAGATTAACCGTACATTACAAGGGCTCGTGTAACAGTAACGCTTCTTATAACATGCGGCTAATAGTCAGTGCAGCCAAGTTGCGCTTTTCAGCACAAAGGATTGGCCTCACCGGCATTGGCAAGGTAAATTACTTTGCCCCACGTGAGAAAGGCTTAGTTGCATGGTGTGGTTTCTAACTTCTGCATGGTAATACATACTCCGGCTTGATATGCTGCACTAGAGTAGCGCCGCGCAGCGGGCTTTGCGCTTCATCCTACGCACGATCGTATCGGAACCTACTCTACGCGCAAAGGAGGGCATGAAAATCCACCTTGAGCATATGATCCTCGTCATAGTCCGCTAAGTAGAGGACAAGGATGCCCCGTAGGATGCGAGGCAATCTTGGCTGCTTGCTAGGAGA,834,48.56,Drosophila melanogaster
SEQ_434715,TCGGTGTTCCAGTGCGCGTCGGTTTTATTAGGAGGACTGTTTGGAGTTGATCGAAAGTAAGTGTGAATGGGCATCCACGGTCGCTGAAGTAGCTAGTGGATCCCGAAGCAAGTGTGGTTGCTCGCAGAAGTGTCTCCCATTAAAGGGAGACTACCACCACTACTTTTGCTACGCCTATCCCGAAAGTGGACGGCCGCCCGGGTGATCCCTCTAAATTGACATTGTTGGGGTACGGCGAACTTAAAGTGCGTCTCTAAGGTATCCTCTAACCCCAGTTCACGTAGCGTTCCGGGACGTCCAACAGCGTTGCTGCCCCGCGGCGAGTCGTGTCATCCGTAAGCGGCTGAGCCTCTATACCTCGGGGTTCGATGTACTACCTTCGTTACAGCCCTGCATACTTGTTGCTGTATGCTTGAGACCTAGACGGGCTAATCTACATAACCACGGGAGCTACTGCCCCCTATAAATGAAGGGGCGAGAGTATTCCCTTATCCACACCCACGCTAAGCGAAGTACCAAGAGCCGCTGATTCAGGATTTCTCTGGTCTCCGCCCAGGTCACGCTGCCGCATGGGTCACCTAATCTAACCGCAGCCCCCTAAGGGGGTATAATTGAATAGCACCGTACCGTCTGTCAGCGAGGACGAATGCAAATAGAAATTTATTCTGCGACCTATCTGAGGGTTCTCCCACCTTTCATCACCTAGGTTCGGGGTACCCCGTGTTTCAGGGTTTCCGGCAATATACTAAGGTTAGTGCATATTAGGCTTACGACCCAAGTATTCTGACTTAGCAACAAGCGAAATACCCGTTCTCTAAGGTCAGACCGCGGTAGATCACACGAGTCCCGTTCGATTGACCAACGCGCCTATTGGTGATTGAATTGGCGGAAAATAAGTTATCGGGAGCTTTTGAGGTCAGAAAGGCGTTTTCAAAGGGGATCTACACCTGGCAGCCTTACACCTACCAGCGCAACGGGTATCATAGACGATTACTGTAAGTGAACAAAAGGCTAGACGGCAACTGACCGCTCGAAGAGACTTGTGTCACGTGACAGATATTCACCAGTATCATATTACGTGTCCCAGGAAAGTATACCTTGTTAGAAAAGCCCCGTACTTAGTGCTCTCGAGCACCGCGTGCAGTGCACGTCTGGAGAGGTCGCTATGCGCACTTCCCTTGGGCCTTTGCCGCAA,1195,51.55,Drosophila melanogaster
SEQ_960942,AACAGAGTCTATCTGATGCTTCCGTGTGCTAACGAAATCAACGGGGTCGGAGGTCCTAGACAGTGTTCCGTATTAAAGGATGTTAGCTAGGCTAAACCCCTTGTAGCTCGGGTTTATGAATACCGAAAACAATTGCTGTCATAAATAGCTCTAACCACATGGTCTCTTAATAGGTCAGGATGTCGCCTAGCCTACAGCTGTTAACTGAGCGTCCTGGCCAAGGGCGTACCAATACGGGGGTCAAGGGTCGCGGAACACGTACTTAAGATACTATCACAGTTAACCCTGTCAAGACAGCAATAGCTGGGGCAAGCGCGGGTGGCGTTAGCCATTGCTATTCCCTCGCGAACACTGGGTAATTATGGTGATGGTGCACTGTGATCTGAATGCCATCAGTCTTCAACTTTAAGCACTTAAGTCTCC,423,48.23,Caenorhabditis elegans
SEQ_780958,TATGTAGCATCCCTCCTGGCTGTGGCCCGCGCCCCCCATGCGGGTCGCATAGCCGCGACCTTAGGCCCCAGACCATAACATGCCTGAACGTAGGACATGAGTTTTTCAGTTATCGGCCGGGCCAATCGGCATCAACGCGAGACTGGGTCTAACCTACTCGCCACGCCTGTTAGAGCTGCCCGAGGGACCCGTGTCTACAATGAAACACGGAGGATCCTTAATTAAGGGGTGAAATTTAGTGGTCCACGGCCAATGCGCAAGGTCCCTATCTTAGTCTCCCTGAGAAAGCGTCTCTTGCAGCGGTTAGTTACCAAGGCCATGGACGCACATGTCGCAACCGGGGGAGGTTATAGGTAGAGCATACGCACGGACACCTGCTAGTCTCAGCCAGCGGGCAAGTAGTCACTGGTAATCGAAAAGCGAATGCATTGCTGACGGTCTAAACGACGAAATCGCCACGTTTGGAGAACCGGTTTCAGAACGCTTTGTATGAGTTTTCCATGGTATACTGAAACAATCCTTATCTGAGTGACCACTCCAGTGGAAGCTCGGAAGGAAACCACCGTTGGCTTTCACAATGAGCGCCCCTGCCCAAAAGGTCTGGCATACACGAGTCTTGAGTCTGTCATCTAGGGGAACTGCTTCTCAATTGCGGGTGGTACCATCACGGACGAGTATCTAGACTGCGATCCGAGGACCGCTGCTCGGACCATGTGTTGGTACTTGGAGGACAGCCGACGTTACCTGGGTTTGACAAAATGGGCTTCCCGACCAGATTGTATTCCCGGAATCCTAAGTGTTTTCTGGGGTAATAAATCGACTTCCAGAGCGATCAGGACAGTCACGCATCGATACGAAATGGCAGTCAGGATTGCATGGAGCGGCCGCAATTCGATGTCCCAATCCTCAATAGTCATTGTGCAATGCCGCCATCAGCCCCTCATGACCCACCAGCCCGTTCAAAGCCGTACGACGGAAAAGTTGTTGTCCTATCGGTACACCCGGTCAGAAACCACAGCATAACTGAGTGTGGGCGCCCAGCAAGCAGGCTGATTAATTGGAGGCCCCTTCACCCCCCCCTCAAGTGAGCATCGACCTTATCCATATACACAATACCGATACCAATAAAGGATCAGTGATATGCGCAGTTCATTTAACGGCGCGTCGGAGAAGACGCGCAAGAACCCA,1188,53.11,Mus musculus
SEQ_186313,CCGAGTCGCGACCCGCGTCGTCCCGGCCTGCGTCTTTGCCTTTTGTACGGTGGCCGCGGGAAACGCTAGGTTTCGCGGTCACTCCACCGTTCTGAAAGCATTCAAGGTCGGGCGGGTGTGATCCTTCAATCCTACACGGCAATCGTGTTCCATGTGCAGGACACACCTAAACTCAAGAAGTCTCTCGTCCCTCTCGTAGATGACAGTCATACATTATTGTGGCTACACTTATATCGATCACCAGTCAACCAAGAACGTCATGTTAACACCCGTTCCCTAAGCGTCCGAGTTCACGTTGTTTATCACGTTACACCATCTTAAATGCTTTTTGAACCAATTTCGAGACTGTGGCTGCCGTTATTGGAAGCAAGACGGGCCTGATGCGACCTTGGAGGTGTATTGATGAGATAGGAGCCGATTTCACGATTTACGATGATCGATTGGATTCGCCGCCTGTCTACCCTATGGCCACAGCTTGCCGTGCCGAGGCCTATTAGTGCAAAGGAAGTTACCATTTGATTCGACCCAACCCAAGCAGGAGTCAGCAAGTCTAGGAGAAAAGCTCATCTCCACTGTACATCCAGCATGAAGATTGCTGCCGTCATGTAAAAGCGAGTTTCAGGTGGCAGTATCGATCAGCTTTAACCTCGATTCATAAGCGAATCTCACGTTCTGCACCCATAATGAATTATACGACCAGGGGAAGGATTCGCGAGGTGGGACTCACTTCCAGTGAGTCTTGCGTAAGTCAACCTCAAAAAATTAATTGATCTTTCAGAGATCACTCGACCCCTGACTGTGGAACAGTCTCATGGATGTGTCCGCTACCGCAGCTGGAGCCTCGTTCCGATTGAACACAATCGATTGTCCTTATACTTCTCAGAGTCTTTCGTTGATGGAACAATCTTACTCTAGCCTTGTACCCCTCCAGCATTGTGCCACGGCTTAAGTGGATGCAATTCAATGTTTATTATTGCTGGCTGGTCAAAACAGTCGCGACTTGGATATGGAACTGCCGTTGCGTCACTCTATCCGGTTAATGTTCATCTGTGCCGGTTGTTGTACAACGTCAATGTTCAGAAATGAAAAACTGGGCGGCGCCCGTGGTATCGGGACAGCCCTGGTAAGGTTCAGGTGCAGGTACAACGGGAAATCGTCAACCATGGTGTCTAGCACAGCACACCTGTGTGGTGCTACTCGGCCGCATAGCGGTTAGAATTGCGAACGTACCATTCAGACAAAATCGACGCATTAGTAGATGCTACAATGAGGACATATACCTAACCTTCCGGTCTCCGAATCCTCATCGAACTAGCGAATACGCTGGACGATATTAAGTGCAACGTGCCTCAGTTTACTAGACATCAATTTTGAAATTCAAAATTACTGTTTCTCCTGTTTGGAGTTTTCCATTGTAGTCTGCCAGCTAAGTGCAGCCAGGGCATAAGCCGGGGTCTCATCCGTACTCAGCAAACACCCGTCTGCGCTTGACAAGGCATTAAGTTAAGACGGGGAGTTACCCAGAGAAGCTCGGTTCTGTTACCCAACCTGTATGTTTGGAAGACAGCGAAACTTTTATGGACGGACAGCTCTTTTGCGCGGCTATCGCACACGAATTTGATTGCTACCCCAGCATTCTATGCCGTGCTTTTTAGGCACGAACGCAGCTAAGGTGGACAGCGATCCAAATCACTCGCGGTTCTTTGCAAGGCGATTCTCGCAATTTGCAGTCATACGCCCATCGGTCTTTTTCCAAGAATTCAAGCTATCCTGTAGCTTACCCCAGGGTTTCAAGGAAAGTGTCCTAGGTGGCGTGTAGGTTTTCAGCGATTTGCCCGGTT,1841,48.94,Arabidopsis thaliana
SEQ_797715,TCTTCTGCCGGAATTCTGAACTCGCCTATATAACACCACCAAACAAGGGTCCTAGAAATGAGCAGGTTGGCTGAGGCCTGTCCCTCACTTATGGCTCGAGCCAAGCGCATGAATGATGTCAGTTCGGTCTGCGCCTCAACAGCTCTAAAAAAATTCGGCACGTGTCTCCGTCAGCGGCCCACCGACTTGGCAGTAACGTGAGAAGTGTATTCATCACTCAAATGACACGAGCGATAATCCGGAAAAACTATATAGCTCTCGAAATGCAAAGGAACAGGAGTAGGGACAAGGGAGAAGCGAAATCAGTCCTTGCACGAACGCTACGAACGTCCTATGGCTGAGCACGTGTACAGCCTAGGATGATAGTCCAAGCCAGACGCGCCCCTATACTGTACTATCGTCAGACTTACTAGATGGGTATGTGGCGTCCGCTGATGTAGTGCTAAATCTCGTTTAAGCTGGCGGAACTCTCACAGTCGCCAGTAGTGCATTGCGCTCATTGCCCATATATCCCGTCCATACCACGGAAAACGATAATCGTGACCCAGTAGACCGTGTTACCAGGTATTGACGGTTTTCGCCTAGAGCTCCATCTCACCGACCATTATTGACTAGTCGTGTGATGAAAAATATTCTCCATTCCGCACAGTATTTGAGCTAACCCTTCTTGGGTAGAGGCAATCGTAGTTTAAAGCCTTTGTCAAGTCAGGCGACCTAGCATTCCGTAAACAAGTCTATGCCTACTGATGAATCGATTGGAATGGGCGTCACTGCGGTCAAGCACCAAGCAGCCTTTAAAATGGTCGACGAGGTCTGAAATCACGCAAGTATTACATTGACATAGCAGGGTTGGTTTATCTGGACTGTATTCCCCACACGGTAATCTGAGGAATATTCCAAAGACAAGGTTAGTCTCTCTGATGATAACCTTCCGCCGTCTGACCACGCGAGGTAGCAAGGTCTGTTTCTGTACTCTACGCTCAACCCCCCGAGAAGAGGACTTGCGGTGATGAGGGGGAGGCAGTGATCCCAAAGTTGCGTCGAGAGTGGTAAG,1054,49.24,Homo sapiens
SEQ_748788,CTTTCAAGGACACCATGAATTACCACTGGATACGAAAATCGCAAAATTGAGTTACCCGTCCCGGGGCTCACACTTTAGTTCGAAAGCCATAATGAGATGAGAGCTCTTCGTACAATGACCAACAGCTTACGTGAGACGGGGGTCAATCATGCGAAGTGCAGTAGTCTTATACACCAGGTTCCAAGGCTGTAACTTAGATGATAGATCGTCGAGTACCGAAATTTGTGATGCACCTATGCGTGGTTTCTTGGTAAAATGTCCTACACTCTATGTTCCTGAGTTAATTTGCTATAGTTTTACTGGCTCAACTTGTCAGGTGTAACAAAGTGACATAGAGATTCTGTTGCGCGGACTAGCTATTCTTCTGAACCTGTGCACGCCAGTCTTGCTGACTACGTCCATGACGCTTCCGAGTCTACGTGAGCAGAGATGCACTTTCCATCTCCGACGCAGCTGTATATTTTTGCAGTGGACCTATGCCAGTCATGGTCAGCAGATTCTTGGGCCCGTGATCTCGTCCACAGCGCAGGAAGACTTTTCCCCTGAGTAATCCAATAGAGATACAACCATGTGTTTCGGGCCGCTCATCAGGCACGCAGTGCTCCCATAATGAGAAGGATTTTCTACCGCATACAACGTATTCTGATCCAGCTCCCGGCCAACGGCAATGTTGTTTAGTTGAACCCAGAAACTAGTAGGCGTGGACTAATTCTGCGTTTAGTTTAATCACATGGACGATCGCCGTAACTGGTGCTATGTATCGACCGTGTATTTAATATCTGTCCGTTTGCTTTGGATCACTCTTTGGGTAGATAAGTGTCATCTCACGCCAAACTGGGGCGTAGAGGGTGACATATGCTAGCCGTCC,868,47.0,Homo sapiens
SEQ_304930,GGTGTTCCGCCTGTGACTTGCGGACGTAAATGCGGCCCAACCTTGGTGGCCTCCTACCTGCCTACCTTTCTCTTATATAGAAGAGGACCAGGCCATCGTATGCACTTTATCGAACGCAAACCGCCTAGTGTTGACCCTCGTTCACTAATTTCGCACAAAAACTCGCGAGACTTAGTAGGTGCCCAAAGTGCGAAAGGTGTATCCCGCAAGCTATACGGCGTTCGGCCCCAGGTAGTCGCCGATGAGGCACACCCTCGTTTGCGCCTTTAGGTATTCGAGGGCGCTATGCTACTCGAGGGGCTTCAAATATACTGCCAATTCCCTAGATGACCAAGGGTTAACACTATACCAATCCCAGCACGTATCTAGTCAGGGAACGACCCCTGGACTTCAAAACAGTGGCCTCGAAATCAACTCCCCATCCTCTTGTCAGCCTTTATACAAGTTTTAGCGCAGTCGACTTAGGGTGGACTAGGGCCTACTCACTGCACCCAGGCTCTTCTAATGAAACGCTTATCAGCGCCAGCGGGGGGTACTTGGTCTAGAGCTAACAACACTGAACCTCGGGAGC,571,52.54,Escherichia coli
SEQ_129861,TACAGATCGCGAACCGCTCTCGTATGTACGACGGAAGAAACCGCTTTACCGGGCGAAGGCCATACTCGATGGGTGACGCTTGCCACGGCTATGGCATCATTTTATGTTTCCAAAAGTTCCCGTGGCTCAAGTGTGACTTGGTGTCCACAACTCCATCGTCCCTGTAGTCCGGTCACGTCGGAAGATGAAAAGCAGCACAGATACAGGCTCCATTAGGGACAGGATAATTTTGCGGCCCCGGCCCATCCATGCTATGCAGAGCGGGTGCCAGTTGGTTGGCTTAGTCCACTGACATCGCACACCGGGGAATTGTTATACTTCCATGGCGTCCTAGTACATGCTCTAGCAAAGGCTTCGCGATCTGTACCCCACTAAGGTCCACAGCGATGGGGGCGCCGAGGCACGCTTTCAGCGTATGGCCACCAGCTCCTGAGCCCCACTAACCCGTGAGCGAGCATTATTCTGCTAAGCTGTGGCTAGTGACATTAACGCAATGATTGTGAGGAATCTCCAGGCTCGCCGGGGTATAGGTGACAATAACCTGTGGCCTGACCTTGTTCGGTCAGATAAGTCGAAGTAGCGATTGCATGGCTGCCCGCACAAGCATTACGGACTAGATCTTCGCTCCATATCACCATAGCACCTCCCTTACGACACGGTTTCCTAGGGAGTCGCTGCCGTAGTACATAGCTAAATCTACTAAGTCGATTTCCACAGATGCGTACTGTGAACCAGGAAGGAGAACTCTGGGCGCAGGCTAATACGCTAAGTGTAAATATTTTTAACCAAAAATATAAGACCGTTGGAACATGATCGGCTGCATATCTTGCTAATGGCAGGGGAAGGTGTCTTGAAATAGTCACAGGGCCTCTGGATTGTCCCTAACGTTTAGCGTATTCGCCGCGCGTTGGTGACAAGGCGATTCGGCATGATGGGGTGCGCAAGGTTGAGGACCGCCTAGCCAAATGAGTGAGCGTGGAAAAGAAAGTGGGCTGAAAATGACAAGCAGTTATGATTAAGTTCCTAATAAAGACCTAAGGCCGGGACTTGCGGGTGACAGCGTTGCAGCTATTTTACTTCAATGCCAGAATCGGTGCTATAGGATATCATTGCACTTCGAAGCCCTGATTAGATGAAAAATGTCTTCCGTTGCGAACCAGGACTGGGACCATGCAGCTTTGTCTGAGGAAAACCACCTAAGGTCGAGCTGCAACCGCAGGCCGTACTATCGCGTCAGGCATTAAGGCAAGGCATTCGAACTGCAAAACCAACGGCAGGT,1279,51.29,Arabidopsis thaliana
SEQ_936814,AGATGTATCCGTGGCAAACGCACCGTAGTGTGCCGCTGAATAACGCAGTTAATATTGCATTACTAGAGCCGGCAGGCGACCAAGCTCCCCAGGAATGCAACCTTTGCTTTTGACTCTCTACTGACCGCAAGTAGTGCGTTCTACCGTGCAGGTGGAGAGGGGTGGATTCTTTCAGACTCATCGGCTCATTGCGCTGTATTTCCAGCGAAGCAGGGCGACGGGACTTGACCTGCAACGACTCTACG,245,53.47,Arabidopsis thaliana
SEQ_257345,CTGGGATGATAATAGCACCCAGTCCCGTCTCTGACCGCCATTAATACCTATAGTCCGTCCATGTGGTCTAGTCAACCACGGTTTATTCAAGTTTTTCGCAATCGTAGAGGGAAGCTCCGCAGATGTGGTACCTCCGCCAGGGTGTAAGACCAATTCTCATGCGCTCAGGTTCGTGGTTCAGACGAGCATCCAGGATGATGTAACCTTTAGTCTCCATCCCTCTAGTTCCTTCGAAGCTATGGTACGAGTGTTGCTAAATGGGTCTTAGGGGACGTAGAACTATCTCTAGCCTAACCTAATTGCAACCGCTGGCATATATGTTCGGGGCAGAGCCTGTTCTACATCGTCTTTTCATACAGAACAAGTAGGACATAGAAGTCGCCACTGATCCACGAAAGGATTCCAGAACCGGACACCAACATCGGTGACTAAGTCGACCTAGCCAAGTCTAACACCGGAGAAAGGGGACCACCACCTTGGCTCTTCTTTGTATACAGGAGTCCAATACCTCCCGAAAGATCATCATATATCTGCCGGTACCCTAAACTAGAATGATCGTCATGGGGTCCGAATACGATCACACAGATCTCCCACCCGATGGCTTGTCGAGGCACAAGTGGCAGGGTAGTAAATACCTGGGCTTGTCCATGAGTGCGCCCACCTCTGTAGGGCAGCGCGGATGGGCAAAGCGCGGAGCAGAGGATCAAATTACCAGTTCTCGACTCGGACTCCTCGTACCGTCGCCGACATCGGAAGCCCTCAAAAATAGCCAGATCACGATCGGGTGGCCGCATTACCACTTTTGTTTATCCTTGTCTTCATTTCTTGCCTGACTTGTTGGCAGAAGAGAACGTTGACCCCGGGGGCGTAGGGCCGGCCCAGGGCAATCTAGTCCGACGTCAGTCCGTAGCACCACTAATTATTGGGGACCAACCTTGTAACGTTTGGAATGCACAAAGCTTTCTTTTCGTGGAAAAAACAGACAAATGTCCATGCGGTGATGGCCCTCGGAACGTCCAAGAATTGTGGGTGGCGCCGGCATTCCCACGGCAATATGAGTGGACTGGGAATGAATCTCTAACCCAGTGTGGAGCCACTCCTAAGGCTTGCCCAGGACTCAAATGAATTCCTACAGCACCCAATGTTTAGAAAGGCCCTTCACTCGGAAAGTCAGTAGGCACCGGCATGACAGCGGCATGTTGTGGAACGCTCAACCGGTGGTCCCTCATGCATGGTACCTTGGCTATTACGGTTTTCGTAACCCTCGTATGTTTTGGTATTATTGGGGTCCGATTGGTACAAGTGGATTTTACTGTTCTACCACATTCCCTATGAAGCAAACGTTAGCAATCTACTAAGCGAGCCTAAACCCGATCGGGAGAGGGGGGTTCTATGTATATCGTCCGCTGCTACCCAACCTAGTTTTAAAATGAAGCTCCTTGCGGAGCCAGAAGGAGGAGACACCTAACTATGTCTGACAAGCATACAACAAGATTAACAGAGGAGACGGATGGGCCACGTAGCTCTCCTCTTCGGTTTCTCCTCATGCGTGATTACAGCTGCCTCCATCTGATCCAGCCACTGCATTAGCATCGTTTCGTAAGGATATCTCCGCCTGTGGCGGTTTAGCCATGATGCT,1639,50.64,Arabidopsis thaliana
SEQ_616571,AATAGAGGGCAGCTTCAGCACCGCAACATGTGCAGGGGCAGAACTCGCGGATGAAGCTGCTCAAGACTACGTCGCCCCTAAACGCTAACTTCAGCTATCCATTCCCTCCACTTTGAGGAGAATGTACGGACTGTCTGTATATATGGCAGCTACT,154,51.3,Caenorhabditis elegans
SEQ_894738,CGGCCACATCTTGACAGAGAGATCGAAGTGTCCCCATCGAGAACGCATATTAACCATCCCCGGACTCATAGCACCTTATCCTCTTCCGACCACAATTAGATGTGTGTCTCTACATGGGCACCGCCCCGAGCAAGTCTTTATCCATCGAACTGAGCTGTGGGGGTCTGGAGCCCCTTAATCGTGTACCTTTTGCGTGAGCCTTTCTGACATAGGACTACGGCTCAGTCCGAGGTAAACTCTAAATTCATACACCTCATAGATGGCTTTCTATCCATAAAACGGCCATGACCGACCATCTGTTCGGTTAGCAGGTGGTCGTCCTATTGCTATTCTCTCACAGGTATATAGGTCCGTGCCAGCTCCCACTGTTTCTACTCCGTGGGCGCAACGTCTCCAAGTGCTAAACGGTAGGGTGCACCTGATGCACTCTTGCGTGTCATTCACCATAGGAGAAACTATTTCCGGGGGCCTTCTAGTTAATGAGGCTGCGTTGTCTCCCGGCCGCACGAAGGGTTCACCGTATCGGCCCACGCGTTTGTGTCCGAAAGGTAGGGCGCGATAGTCCTGACATAGTGCGACCCTCAACGACTTCAATCGGACCCTCGTACGGGGCGCCACAGATCCTGTTAATACACCCTGACATACTAATCCATGGTAAAGGAGGAGCACTCTACGCGGGAGCGTATCTGAGTGTAGTCTAACGTCCGAGAGAACCCTATGCCACCGAGATGAACCAGGGCCACAAGTGATAGTAGGTTGAAGACGGTCCAGCAAAACTTTGGATTCCGTACCCCAGTAGGGCAGGATACAATCAGTGTGGATAAATCGACAACCAAGATAAATCTCGTCAGGACGATGAGCATGGGCGGCGCCGCAACAAAGCAAGTCTCGTTGACTAAGTGGAATCCTAGCCGGAGGCACTCTGTGCGATAGTGTACAGTGACATCCTCTTGGTACAAGGGATATACAAACCACCACGACGCTGCACTTTAAAAAAATTGGTACGTACAAGGCATGATCCTCTTGTCATAAAGAAGGCATTTTCATATAATCCTCGAAACCTAAGTTACGGTTAGAGCGCACGTAGACTGGCCGGCAAACCGGCTTCATGTCACCTATGCTATTGGAAGAGAGGGTCACAGTATTTCAGCAAAGGCTCCGGGGCCTACTACGGGAGGCAGTTGCGTGGCCCCAAACGTGGGCAGAGTGGTGATGAGGTACACAGAACGTCCCTCGGTTGTTGATAAACGTAACACCAGAAGTCATCAAGCATAAGCCGGACTGAGGCTTCCCTCTTCTCCGGACTCCCGTGCTTCAGTAAAGTGCCAGGAGAGGGACGAGCGTAGTAACCCGGCACCCCCCCCCAGAAGTTAGCGCTGAGGTTATGTCACCGACTTTCCTTTGTCTTCAACAGGGCCCCCTGCCATGAGCCAAGTATGTACCTTCCCAGTAAGG,1455,52.03,Homo sapiens
SEQ_643160,TCACATTAGTCAGCGTTCTTGTTGTATCGAGCCAACAGTGACGAACTTGTTTGTGCAGTGAAGATATCGCGCAGCTCGACCGGACCTTCCCCTGAGGCGGTGCTCGAGGTTACAAATTCAATTATGCCGACTCACTTGGTAGTTGTCAGGCATCCATACAATACACATGTGGATGGAACAAGCATTTTTGAAAGCTTATTCCGACTTGATAGCTCTC,217,46.54,Mus musculus
SEQ_380198,AATAAGAGCATTCGTGAAGAATTTCTACAATAACACCGACCCTTCGGCACTGCTGGGACAGGTTCATTCGATATCTGTTGGGGTTCCTTGTGCTGATATACTCCACTTATCAACTGTTGTTTGCTTGCGTCGGTGGCCTAAATTCACATGGGCCTTGGGGCAACGCGTTCGTCGCTTTCTTTCATAGCAAGTCGTGCAGCCATGGTTAAAGGGTGTATGTCGGGTTAGTTTAGCTACAGTCCCGGGT,247,48.18,Homo sapiens
SEQ_331644,CACTCAATTGTTTTCCTAGTTGATAGGAGTCCCCGCGCTGGTAAGTTAACCTCAGCAGAAATCTGGTTTGCCCTATGTCCCTTCGCGAGCACTGACAAGCACGAGACGATTTCCGGGGGAAGAGTACCGATCAGAAGGCGAATAGGTCGCACGAAGGATGAATCGAAACTAATCGCTTTGACATCGGGCGCGGCGAAGCGCAGATTTAAGCCAGCATGTCACGCTATCACGGCATCGTGATTGCCGGTATTTCTAGGCGAGGGACTTTCCGGAAAACCACTCAAATCATGTAGTCGCGGTTGAATTTCGAAGTGTTATTATTCCACGCAAGATACTCGGTTATTATGACAACGAACTAGGACGTCCGGTACCAGTCTATATAACGATGTCGGCTTTAGGCCAGCGGTCGTCAGTTGGCTCGCCAGGTGCTTGCAGAGACTCGCATCGGTCTGGGGTTCCTGTGTTGGGATGGTTAGGTCATATCACTCTCTCTTCTAGGGGCCTGGACCACATCACACCGGAACTCAAGGCTACAGGACGAAGACGCAACCCGTTTAGTCGCCAGGACTCTCCAACCCAGCAGCTCTCTACTTCCATCCTGGTTAATCAGGCGGTGCGAATCAGTCGTGGTGAAGGCCCGTGCTGCGTTCAAAACTTATATCTTCTCACGGGGAATTGCCACAACAACCGCATAATCACTATGACATGTCACGGGATCGTTTTTCGATGCACGGTCAACTCCCTTATTAGCCCGGGGTTATCGGCAAGGGCTTATTGAGAGTAGCTGTCCAAAGGTATTGGAGCGTCTCACCTTAGCACTTTGGCACAGTACAGATTGTTTCCCACGACGTGGAGAAAAGCTCTATTTTATCGAGCATAGGTAATTTGGCGCGCCCCACGGGGCTGGTGTCTAACTATCACAAAAATGCTTTTGTTTTATATGCTGTACTTGTCAGGTAGTTATGTGGTTTACCTCACCGCCAGAGGCCGAACGTATATTCGTGCTAAACGCGAGCGTGCCACTTAAACACCCACCTACGGGAATTTAGGATGTCAATTTGCCGGAGCATTTCGTTCTACACGACACAGCCGCGCCCCTATACCCTTCTGAATCCACATTCCTCTCATCGACAGCTAACCCTGCCTACAATCGTAGCGATTTATTCACTCCGCGATGTTGCTTATTTTAACCTGTTAACCGATACTAGGTCGACATGCCGTGGACAGGAGAGGTAAGGCCGGACGAGTGATCCTAACCGCAACACTAATCACAGGATGGACGTCGACATCTCGCAGCCTTCAATTCATGGCGACCCAGCCGCGCCCGGAGGTAGCCAAGCAAAATACGAACTGAGCGGTACCGGCCAACGGAACTGTTATGCTAGGACTCCTGTGTGCCAAGGCAGTGACCAACGGCGCGCAGTATAATCCCTATCGTTAAAGC,1444,50.97,Arabidopsis thaliana
SEQ_494500,TATTATGAAGCCCTCATAACAGTGATTGTGCCTGGTTATAGGTCACTAATGGGTGTCGCGCGGTCGGCAACAAGGCTAGACCAGCTGGCGTGATGTGGGTTCCTTACAATTAGCCGCTGTAGGACGACTTCAGGTAGAGATGGAACCGCCATCCTCGTTATTGGTTCTTACTTATGGGCCGTCGTTCTAACATACCGCTACATTCAAAATAAATGGTTAGTATGCTTTACGTTTGTCTGAGAACGAGGCACACTCGCCCATCCAGTTAAGCATTGGTATCCGCTCGCGCCGAGGCAGGAAGCTCACGTAGGACGTTGTAAATCGTGTCAGATCGTTTTAGTGGTATGCCATGACGACGAGTTGCGGTGCATATTCCAGCGACGTAAAGCACCTACTTGTCGTAATTAAGGGCTGCATGAATCCTGGAAATGTGTTGCGTTTTCGCGATAGACGTCTATACTCGGAAGGTTCGAGTCGACGCTGTTGCGCATCGGTAAACGTGTGCTTCGACGCCCGGGCGCCAACGGTCAGCAGGACTAGTTGCCCACAATGCAGACACAACCGTGACTTATCCTCAAACTGCGTCCCTCCAGGCATTGTTGAGCAGTTTTTGCTACACGACCAGCTATGATGCAATACTCCCATTGGGAGGCTCGTAAGAGTCCTGATCGCAGATAGATACCTCTGTCACATCGAATTTCAATACGGCGTAACGGGATACTATCGTGCAAGCGAGATGCCTCTTTGACGCGATGGACTCAACGTCTTTGGGCCCGCTCAACGCACGTGACGTTTATGACCATACGCCAATCAGGATAGATTCGCAATTACCAATGGGCACGGAAGCGATTCCCTTTCTTTTTCTGTAGCGAGTTAAGGGCCAGCGAGTCTTCTTCCCGCTCAATGCGACAGCCTCTCTCGTGCTAATATTAACTTACCTCGGGACCGATGGTCCATCAAAAAGGGTAGTAGCGACAAGCCGTTGAGGACAGGCAGCGCCCTTGTAAGGCTCGCGAAGCGCAAGTTTACCTTCTCCCGGCCTTCTCCGTTCGGGACGCTGGCATTGGCTTACCATTACGCCCCAGTGGAAATTGCATTATATTCGCGTTATAGGAGAGCAAACCTAGATGCTCGAAACTCTTCGGCTGCATGCGAACATCTCAGGGGAACTTCCACTTTCGGGAAATCAACGTCCTATGGTGGATCGCCTGGGTAGTTTCGGAATGCGAGGAGTTCATAGCGTAATAACTTCAGTTTCGGGAATCGCTAATCACGTCGTGCTTAGTTGCCCTTTGAGCGACTAAAGGCATGTTGCGCGATGGCTGCAACCGACGCCTGGACAAACATCTAATGAGGGTGACTCCTCCATCAACCCCAACTTTCTTCCCCAGGTAGGTGAGTACATTCTGTGGCAACCTTGTCTCACGGATTTCTGCTCGCCCTGTCGTGGACGGAATTAGGTAACTAGACCCGTATAAGTAACCTCCGGGGTAACGCAAAACCCGGGAGCCCGATCCTGGGCCAAAAAGCGGTGCCGGTGGGGGCGTGATGGGCCGGAGATCGTAGAACGCTACTTACCCTCCGAACCAAGTTCTCTTGGGAAACGGACGGGCTCTGGGCCGGTGGATAGATGATGCCCGCGCACGATGAAACCGCTGCGGACGTACAATAACCGGAGGGCCCCGGAGCGGTCTCAGCCTTGATGGGGGCAAACCAGGATT,1721,52.41,Escherichia coli
SEQ_418344,TCGCGTGCTAGAACATTTTAACCTGTTACTGGCGTGCGAGGAACGACCATTTCTGTTCAGTTCTAGCGTGGCTGGTCAAACTACGTCGGCACATCCCGCGACTATGCCCGGCTCAACTTCAATTAGAGCTTATTGCTACCGGCGGCACGTTTAGCCAGCCATCTGCGTCGCCCTTCAGGAGTGTAAAACCGTCACAAGCACGGCGATGTTTTCGAGGCCCTGGAGTTCGCCTCGGCGCATCGGTATAACAACTTTAAAATCATATTACACCCGTCCAAGACCGGGCTTAAGCGTGGATTCGCGTTGATCGTTACCAGTGTGCGCGGAAAACGAGTGAACGTTCCAGGCTAATGATACTGCGAGCCCAAAGAAGATGTAAAACAGAACTTTGGCAGCTTGGTCGGAGCCAGGTTATAACCAACAATCTTATGGGGAATCGACTTTGATCAACTAGTAAATCACTCACGTTTGCGACAACGATGCACGCCAGCATTCATGAATCTTGGAGTGAGCAACAATGCTATGGAGTCTCCCAAATACTTTACCCACCTAGCCCAATGGCCCTACGACAGTGGAGTCTCAGAGCATTGCACCTATGTAATTTGTACCGCGAATCGATATAGGTGTGGACGGAGAGCGCTGACAACGTTCGCGCTAAATCGGATTCATTTAAGACCCGTTGGGTCCACAGGTGGTTAATTAGCAAGCCCGAGTGGACTTTTCCGGAAGACATTAACCACGTGCATAGTTCGCGATGACATTACATCTGGAAGGCAGGTATGCGCAATCCCCGTCTCACGCTTAACCCCGCTACAGATCTTTACCGCCAGTAGGTGTGCCAACCCTACTTGTCGGCCCTGGATTGTCGCAGTACTTATTAGTAACTATCGATTGCCACGGGCAACCCCGACTAAGTAATTACGCTTGAAAAACATCAGTCTAGAGCCGTGCTAGATGATAGCATGACTAGATAATCTTATACAATTTATACGCGGAACACACGTGAGATCGCCTAAGATCCTATGACGTGTAGACCCGGATCGATTAAACTACCAATAAGGAACTAGAGGTCGGAACTAACGTTGAGATTCTACTCGGTTTGACTTGCAACTCCCTAATTCATCCGGCATCACGTCATTCTACATCCAATTCCTCATATTATTGCCATTAGTCGGCAGAGCTGCATAATGTTCGAGAGTGGTTGCGGATTTCTAGCAGTAGAGCTACGCAAGCGCTTGAGCGGCGGGGGCACCACCTCGCGTCGGTGGCTAACTCATGGCAAGGCTG,1287,49.34,Caenorhabditis elegans
SEQ_211394,CCCGTTGCTTTGAACCTCCGAAAATCATAATAAGTCGACAAACGGTAATGGACAGTAGTCTGAATTTACCCTAATGCGGAGCAGGACCATCCAGGCCCCATAAGCTCCCTCCTGAGGTTGGCCACCGTTCCAGTGCTGGACTGAGCTCTCCCCGCTTGAACTGGAATGTACAGCGGGAGATGACAATCCGGCGAAGTTACCTAGTGCCCTTGTTAGACGGACACGTTGCAACGGCCATCATGCGGAACTTTGCGTTTACACAATAATTCGCGAGTCCCCCCTATGGTCAGAGCAACTTATCGGAGTGGGCAAGCCGTGGCCGCCATGTACGTCCGGTTAGTTGCGGACGGAACACCCGTATGTTTAAGAACCCCTACTATCATACCGAGTAATCCAACTTATGGACGGCATCCTGGAGTAATCCGCACGAGAAGATCACCAGGTTGACATTTGTTGAGACTCCTAAGCCAATCTGCAGAAAGCATGCCCGTGTCTCGATCCTGC,504,52.18,Homo sapiens
SEQ_657194,ATACGTCGCGATGTTAATCCACCGCTTTCGCGTAGTGATTGAGCTCAAGCCTCTACGTTACCCACTTTGCGGTGGGTGTTAAGAGTTAGTGAAGTTGGGACCGGTCGAGGGCTACTACCACGTCCGAATGGGCTTAAGTACAATGATTCAGGAAAACTTAGTTAAACGTTCAGGTGATTCGGGTCAGCACATGGCATATAGTGCCAAAGGCGAGTAGCTACAACCCGAACCCTGAAGACTGTTTTAGATCTAACCGTCCGACATGTTCTTCCTCTTCAAACTGGTAGGGCGCCTCTGGGGAGAATTTGTCGTTTCCCACCATCATAGCCCGCGGCCATACCGCCGGTTAAATGCTACACCGTCAAGACTGTTTATATCGCCCGGTTAAATGGGGAGGGGCGCGACCGTGTACGCTCCCTCGCCCTTACCGCCTCTAAACTACAAACATCCAGAACAACTAGCGGCGCGCCGGTCTTCGGAAAAGCCACAGGATCTAATCAATATATTGAGTGTGCGGTGAAGTCGCCCTTGTCCTTAAGCTCTCACCCATCGACCTCCGATTCCCTAGATGTCACTTTTAGCACGGCCAAAAGGGTTCCTCCATTCTTGCAGTAGGATCTCGCAAATATATTGCAGGACTTTCAAAAAGAGAACGTCAAGATTAGTCTTCGCTCGTATAGACGACTGGGCCGGCAAGGGAATTTTTATGTGGTTTCGAGTCCGCAGTGGAAACACATATGTCATCGTCCAGGCTGCGGACACTCACACAGGCAGCGCAGGGCGACGCACTGTTAGCAGTTGGTAGAGACAGTCACCTCGCTCTCTTTATTTGGTACAGCAGACACCTCCGAGTAAATTGAAGACGAGGGTCAAACATCGAAGCGAGCTTAACCCCACCGATTGCTATTTCAGGCAACCAACACCCCCGAAGCCCGGGGCCGTAGAGCGTATCAGAGGCCCGTCAACCCCTCGCTAACGCCAGCAGCCTGATAGAGGACTCGGGCGGGGGGAGGAGCACCCATTAATTATATTGTGCGTCCACTAATCACATCATTAAGTTTGAGCCAAGGTCCGTCGCCATTGTTCCGGAACCCATAAGCAACCTTATGCCTACTGAAATCGATCTCGTACAAACTCAGAACTGGCCCATGAGACTTGCACGAGTTCACCTACAGAAAGAAGTGTCCTTCCCATAAATGTCGCTCCTCCGTGCGAAACTGCAGTCAAACTCATGCGGGTATCCCGAGCGTAACCGCACCATCCTGACAGGGACGGATTGGCCAGGAAGCTCGGTTCGCCGTCCGGTTCGGTGAATTGTTGGTAAGTTCTATCGATGGATGAAGGCACCAGATATACAGGTAACAGACGCGTTACTGTCAGTAGGATCCTCTAGACATGGAAGCGTCTTTATGCAGCCACTATTTCTTGGAAACGGCACATGGTGGGTCCCTGTTGATCAGCCGTAGAAATCGTCCCCGCAGACCCAGACCAGTACGTTGACATCGGATAGCCAGAAGGTTGCAGGGACCTATTTTACCTATAGCTATAGTAAAGTAATCGATCTCAACGTTTGTGCCCGGCATTCCACCAGGCCACCGGAGTGCACGATAGTATATACATGTAGAGGTTTGTGACATAGTCCTTCGTTACCCTACGTCTGAAGAAGTGACCGATTAGATAACGATCGCTTTTGCTCGTTCCATTGCGATGTCAGCAATCCCTCGGGTGGATTCACCCTAGGCTGTCATCCTTTTGTGCCATCATATAGAGGATTA,1775,50.82,Arabidopsis thaliana
SEQ_358163,ATGAGCCCCGTATGGATGACTCCAGAGCACCCTGCACTTAAGACGGAGAGATCTTGTGACATTGCCTGATCATCATCTAAGTATTCATCCGTAGATTTACACGCATATTGTGATACCGTCATGGCGCACCTTATGAAGTACAGAGGCTTCTGGGACAACTTCCAACCTCCAGATACAGCAGGAAGCGCGTCATTGGCTAATGATTATAGTTTTCGAACCTTCCCGCCAGGTATATAGCGTCTTATAGAGGCGAGAACAGTCTCGAAGCGGACTGAGAAGGTATCTGACCAGAGCCTAATGTGGTGGGGCGCCGTGGAAATACACGCCTACTTAGCCCAGAGTTTATGTTCGGTGGTTACTGGTCATGCGTAGCCTGTAGACCACACACCAGATAACAATTAGGATCGAATGGCCAGCCTTTTCTGTCAGGGATACAGCCTCGACTGCATCGGCACTCCCTCTGTGTGCACGTTAGGCAAGGTATGCGAGACACAACAACGTATCAGCCAGCTTCTACTCACGGGTAATTAACGCATTCATTTTGACGCGCTATTACCGGTCAAGCGTAGGCTCTATGCTAGAGCCGGGCGTCTACGTGTATCGAAACACCTTCCTCGGGATACCTGCCCCGCTCCGAAAAACGTCCATGTGTGATGATCCTATTGTAAGTAGAACTCCAATGACTATGCCGGCAATTAGGAGCCTTGCATCCATAATCGAGCAGTGAGTCCGATCTGCCTCGGCGTACAATAAACCTGTACCCATGAGTTGCTACTCATGCAAAGATGCTTGGATTAGGATCTCGTGTAAGTAGTTAGGGGATTCCCTAGAGGACAGCTAACGGTGCTTTGCTGCTTACGACCCCACTGCTAGGACGATTCTAAGGGTGGTATACGTTGCTAGATGACATTGGTTGGAACTGTCAGCTTCTGAGGTGGCGGCAACCAGGATGTTGGAAAATGATAAGAATAGGGGACTATAGCAAGCTTTAACCCATGCCAGTAAGGAGCTTCTAGTCAAATGGATCCAAAACCGCAGTTGAGTGGACGAACTGCGACTGTGCCCGTGATCTACATAGGAGCTTCTGGCTCGACTCGCGGAGTTGAACACCGCTGATTCTAATTAAATCTCGCATGCTTCTAGCAATCAGATGCCGACCCCGAACATCTACCATCATCTCTATTAGCTGGGCGACGTATCTGCTAAAGTGCTTGAGTAGCTGTTCAAACCGTCGTCTTATCAGCTAAATGGCCCTGATGATTATCCCATCAAGATTACGCCAGTTCAACCATAGATTTCGTCGAGTAATTACGATTTCAGAGAACTTACAGCGATGTTTCTGCGGTGCAGGAACATACATATTGGACATATCCGCCGGGGACGCGCGCTTTGGGCAAACCCCTAACTGGTCGAGGCCTGGTGTTGGAGTTGGGCGGCTTGGTGTTGTAGACAAAGACAGGACCGTGGATAGTACTACAAAGATACTATTTCAGTAGCCCCGTATCCGGGGGCTAAGGCTGACAGCACGGGCGTACTTTGCGTCGCAATGCCCATACTACGTTCGTC,1566,49.49,Arabidopsis thaliana
SEQ_645530,TATGAAGGGTTCACTACGTCGTGGAACAAACCTTGTCAGTAGGTCGGACCGCGCGCTGTCAATCTAGTAGTCCTACCCTGCGATGATCAAACAGGGTTTTTGCGTGTCGATATAATGCGCCGTACCGATGTAAGGCATTGCCCTTATCATCCTATTCCCTCAGTGTGAGTTGCAGTGTCATTTTGACGGAGACCATAGTATTGGCCTCCAAAGTACTCTATATCGTGCCAACCCTAACCTGGTTGGCGATGCGGACGTCCCGTTGCTAGTGGTAGGCTCGGGGGGTAGCCTTTACCGGACGATTTGGGAACGGGCGGAGTCGGGGCACCTGATTAGCACCACGCGTGGACACAAAGGACATGCTGGAGGTTGCGACAAGTGTTTAAACGATGGGAATCAGTCATGGCCGACCCCTCTCCTCTGGTAACTCCTATATTTATACAGGTGAAACAGGGCCCCAGCGAGGGTAACCTGGCTCAGTTACCTCTATCCGTAATACGAATTGCCGAAAACAGAGGGACATCTCATCACATCTGTGGGTCGGGCTTACCATTTAATCTTATCCCGGAGCAGTCTCCCGTATGCTAATGGATAATCGGAAGGCGTTCACCGCGTCGGCCTCCCTGATGCTTTAGGATTTCGCTAAGCACAAGCTGTCGGGCCCCCGCCAGCAGCGAGGCTCAGGGTGCTGGTAGTAAGCCTCGCTTGGGCGAGGGCTACGTGTCAGTCGAAATCAAGCGGAGGTTCAGGGTAAGCCAAGGCGGCTGCGTTTCATGTCCATAGACCTATGCGCGGCATGAAGCGGAAAGTACGATAGACGAACTTTGGCGCCATACACAACTGAAATACGAAATTTGACGGGCTCTGGCCTTTAGAGTGGTATCCGTCCTATTCGCTGAGGTTTGACAAGAGTATGTCGTTAGTATGTTGTCCCTGAACGCACGTGACCAGTTTCTCGGTGTGACCACGGGCTTAGCCGACTACTTACCTTCACCACGCTTCCTCGGCTTTATGTGACCAAACGTTACACCATTAGAAAAGTAGACATCCCTGTCAGCCCTGGAGGGACTACACTGAAGCGAGTCCGACTCAGCGGGAAATCCACCTAACTGAAATCTTACCAAACGGTATGGGCCATCAATACTTCCAATTAAAGTACAGATGGCAGGCGGCGTTATTCTTAGTGATTGAACTATATACATTTTACACCGCAGCGTGATCGGGCAGACCGTGCTCCGCTATAGAAACGTACTGGCTGATCGCAACGCAAGAGGCACAACTTAAAGCAGACACGTCGGTTGTGTGACTAAGGATCAAGGATCCTCTAGATAATGGATGGCACTACTCAATGAAGTTGAGTCATGTGATCGGCCAACTTTGACA,1383,51.27,Caenorhabditis elegans
SEQ_773296,GGACAATAACATAGGTAGGTTTGAGTCGATGGATTAGAATCGGCGACCGTCTTCTGAAGGGTTTGTCGCACGAAAAGCGCGTCGTATTCTACCGCTAAACGGAAGCTCGCTGGCGGCGCCCGGCGTAGTTCTGGTGTTAGTCATCGGCGCGGTATACTAAATCCACGAAAGTGAGCAAGACCATGAAGCCTGGACCAGTTGCTTTAGCTGGGTAAACGTTAGACGCGACTACTTGGAGCGGGCGATTGAGATTCGGTATAAGATCGTGCCTCTAAAGTACGTTAAAATCTTACTACTGTGGCGGTAGCCAGTTCGATCGGAAACACTGCATTTCTTGGCGGCCACCGTTCGTGAATTACCTGGATCGCATGGTAACTCAATATCCTTTTGGTTTTTGCAGGGCAGCAATTCATTTTTTTTGTACTGGGGAGAAAAGCGCGCGGGACGCATACGGGTGGGTATGATATAGCACATGATCCGGATATGCGCCGCGCGGGTAACACGACGTGTCGTCCCGTAGTAGAAAGGAATTTTTTTGCAGTATTTGACTATTAGATGGCATTTCCGTGTAAGCATACTACGGACTCATACCAGGCAAGGGAAAGGACCTCCACGGGGACGACTATATGGGTAGCTGTTACGATACCATGACAGGGCCCGGCTATGTTAATAACCTCGATTTTGCTAAAATACCTCTCAAGGGGCTGATCATGTACTGTTAAAGTCTGCACAATGCCGGTCACCGCGAGACGCCAGGAGTTCCCGCTTCACGTCTTTACAATGAATGCCCATGTAAACACGGTACCACAGAGCCTGACCCCCCTTAAATGGTAAGGCCACCGTCCTCGTGAGAAGGTCAAAAGGTGCCCTTCTGATTAATCCCTCGTCACGTAGATCTCGTTGATGGGTTATCAGTTTT,919,49.51,Caenorhabditis elegans
SEQ_417839,ATAACTTGGCGCACCCATAGAGAAGTGCGTCCTTAAACGGCAAATAAAGCAGACTAGCTAAAAGACACCGCATCAGATCCGAAGTCGTGGCCCAATACATGGTGT,105,47.62,Homo sapiens
SEQ_419578,GTGTACATACCCACCGCTAAGAGTGTGGGGCCGGGGCCTATTCTAGTACGAGGACTGGCCGCCGAAGATGGATACCCAGACCGTTCAAAGCAAGACCGTCCTGGCCATATCACCACTTAGGACTTGACGACAGTACAACAGAGCTAGACCTGCGTGTGAGCGGTCAGTTGCCTGTAATATACGTTGGGTAATCGACCCGGCTAATACGTGCCCTTCGGGTATCAGTGAACATCGCTATAAGACATGGTGGGGTGTACCCGTACACGACCACCGACACATTGGCCCGATTCAACTCGATAGTATGGGACAACCTGGTAAACTTCTTAAGCTGACGACTTTGAGGTGTCAGTCCAAAAAACGGGATAATCACTTTCTAGTACGAGCACCAGACTGGGAATTTGACTCAACGGGCGCGGCCAAGGTGGTCTACTAGGTCGTCTCTATCGTAATAAGGTGTACCCGACGGAAGCTGTATCTTTCACTTCGGGGTCGAGCGACAGAACGGCCGTATACCTAATGCCTCGAAATTGGCGAATGTCTCACAGCCATAGCAGTTAAAAATGTCAGACTGCCTCACGTGCGTAAGCTCACTGCTACCGAAAGCCGACTGCGAGGCATCTAATGCGTGTAGTGGGCATAGTGGTGAGGGGAGCCCCGGACCCTTACAGTGCATCAAAGGAACTTCCCCTCATCAACACTCCTCCATTCCTGTACGGGTTTTGCATCTAATGTTGACATTCCTGGCGGCGATGCGGGGCATGCAGTGAAAGCGTCTGGTCCTGTGGAAATTACCATTCGGGTCGATAAACAATGCCCGAAGAGGGGAAGTCCCGACGAGGTCGCTCCGCACTCATTCCCTCAGAGGTACAAACCAGTCCCATCTCCCACTTTGATTCGAAGTCGATACAGCGGCAGTTGTTTCACCCGCATCGAGTTTTAATATCAGCTTTACGCAATTTACGGCAGGTACACCCGTTGTATAGTGCATTCACCCCGACCACTGGTTACGGAACCAACGCCTCGGCCGCCGTTACATGTTGTTAACCTGTCACTACGTTCTGTCGGGAGACAGAGAAACTTGAGCTCGGTTAGTTCTGCATATAGTCACGAGACAAACTCTCATGACCCGCAAACCTTACCTTACCCAATTCGGCCGACGATCGTGACAACATTAGGGAATGCGCCGAACGTATAAGGATCAGGCCGCTGGCGCGTCTCGTCCTCCACCGTGGGGAGTTGTCAGTGGAAGAGCGTGCAAGTGTCACTACCTCTCTAAACGTTGTCGACTATACTCATGCGTAATGCCATAATGAGTTGTTGATGATCTGATATCACGCAGGCCGGACAATATCTAATACGAGTCCACTCAGTCCAATTTCGTGCAAACTGTGACGACG,1397,51.68,Escherichia coli
SEQ_376817,AAGAGAAATACTTCAAATAGGGCAATATGTCAATCTGGATGGAGTTCTTTCACTCCCGCTCGTTGGCTGACACAAGAAACCCCTAGCTCTCGCATCTTTCATCGGACAGTGGGATTCCGATCGTAGTTTACAGTATCAGTCCTTCGGCAGAGAACACTTGCTTTGGCCCCGCACACTCGTGGAGGACAATTATTGTTCCCTAACAGATTGAGGCTGCTTGGGTCGCTATAAAACAGGTATTCGGCCAACTTCAGTGCCGTCACAGGCTGGTCTGATCAGGATCGTATCTGACACTAGATAAGGTAGTAATCGAGTCACTGCTAAACGTGTGACCTAAGAAGTTGCGCGTGCACGAGGATACCATCGTACACTCCTACCCGGTAGCTGGCAGCTTGTCATGGGAGATGGGCTTAACAGCAGCATTTGCCGATGAACTTACCTTATAGGTCTAAACTGGCATGTAGGGGATTCTAATTGGTCAAGCTGGTGAACTTCGAGGAAATCCGGATACCATCCAGATGTACTGCAAGGTAATGTCCCCGGCAAAAGCGAATACGTGGTTCTAAAGAAAACCGAGAAGTCTGCATCAGCCGGCTTCAGAACCCTCATCACGGAGAGCTCTTCAAGTTTCCAGGCGTGCGACCTTTAACGCTGTCGTTTAGTCGCTGTACTTACAGCTTTCGGTCCTAGTAACAGCGAACTTTTCAAGGGCGTCACTTCAGATGCCCTTATCTGATTGAAGATGAAATGAGATTGTTTCTACCCGCACCTCGTGTGAATAGCAACTCGGTTGAAGTCCCAGGAAAACGAACGTCATGCTAAGATTTAGATAAGGACAAGTCGTCCTCGCGGTGGCCTAGGCTTAAGTGCTCTTTAGCGTTAGTGAGAATTCTAATGGCATAGAGTATCTCGTGCAACTTCCCCGCGGAGCATCCAAACGAACTTATTCATCAGCCCGCACGGCTTTCGTCGAGCTGTGTACAGAACCCCCGCTTGTTGAACCGATGTCCTTCGGGACTCCAAATTCCTCCTATGGTTCGAAAGCGAGCCCGAGTACACTCATTGGGGATGCTGGGGGACAGCGTTGTGCATCGGGTTACTATTATTTCCCATCCTGAGGAGAGTGATGAATCAGAAAAATGGCTTCCGCGTAAAGGGCCAACTCCCAGGGTCGTGTTGAACTAAACTCGCTTCGATCCTTTCCACATATCCACGCAATTCCGCGAACTTATGCAGCATAACATGGCACTGACTTAAATGACGAGAAGGTTTACTGCGGAGCCTAAGTTGGCCTTTATGTGCTGCTGATGCGGACCTGGGATGGGAGCCACAGTTTCGCGGACTTTGGTAAGCCACGGCCAGTGCTCTTAAGCGATAGACATGCAGAACTGCTACCGGCCGCGGACTATAATGCCCGATCTCCGGACAAGTGGACAAACCGTGGGTATATAACTAATTGCATAAGCCTATGTTGGAAAGAACGTCGAGGCAGCGTTCACCAGGAGCTCAAAAGCACCGAGCGCCACCTGCGTCTCATTACTGGGCCCACTAGGCTCCACTAAGCAGGCGCACGACCACGGTCCCAGCGACTGCACCGATCAGATTCCAGTACTTGCGTCCAAAGTAGGTACATAACTTGCATCTGCAGAATACAGAAAACCACGAGTGAAGGAGTCAGAGCATATTATGAATCACCACCACAACGTTTTACAACCCTTGGGCCAGCTTGGCATATGTGCACTTGTGCGGTTGCTCACTCTGTCAGTGACCGTCCGCCAAGGGGAGTGCTCCCGCGTTGGTTGCGCCGAGGACGCCGATTATATTTCACTCTGATCGGAATCG,1842,50.33,Drosophila melanogaster
SEQ_572936,CGAACGGAGTACGGTAACTAACCGTGATTATTTGGCCTCATAATTCACGATTGGGTATGGGAAGGGCTACTTGTAGGTTAGTGCAATGGTGTAGCGGCTTTGGCGCTGCTAGTCACTCATGGGTTATATCAAAATTAGGTCTT,143,45.45,Saccharomyces cerevisiae
SEQ_121719,AAGTGCCCTTGCAGCACCGCAGGGCTGAAGCAGCCGAGTCCTTGTGCGGCGAGCTCTTCTGGCTTAGTAAGGGGCACGACACGCCGCACGCGACGCTAAGGATGTACGGTATCTACGGTGGCGCACTGCGTCGGAAATCTGTCACAAGATTAACTGGACACACGAGTAAAATTCATAACAATTCATTCTCCAAGGGAATGTCGGTCCGGAGCATATATAGCGGGATGAGCGAGAACAGCATACCGCCTGACGCAACTAGCTCTAGTCGTTATATGCGGGGCGGAGATAACCTGGGCATTCGCTCTGACAACATGCAGGGACCCTTCCGTATTTCTGGCTCTTGACTTTGGCGGCACTAGGACTTAAGCTCTCAAGATATGCCTGCACGTGAATACCACAGTCTAGAGGATGCATGTTACTCGGCACAAAGGGTCGACTCGTGGATCCATCGGGGTGCCCGCCTTCATTATTCCCCGCGTTGAGCTGGACAACCATTGCGAGTTCTACGCCGGCCGGCTAGTAGAGTAAATCAATCGACAGTGCCCTACGGTAGGAAAGGTCTCCGGTCTGGTTAACCAAGCGTTTTCTGCTTCTCTCTACATAAAACAA,609,53.04,Mus musculus
SEQ_696958,GGGTACGCGCATCGTACAGCCCCTAGCGGGACGCCAACCGTTTTTTCCGGAGCCCCTGAGGCCACAGCTCCCCGCGACGCCAGCATTTTCCTTGATAGGTGCATTCAGGTCAGTACGCGCTGTAGGTCAAGACACGAACACGTCATTGCCGCCGTACCTCAGCTGGGGCTTGGACCGCGCTGGTTACCGTTGTGTCCGTTACTGATCCGTGCGCTTCACGTTTACAACCGACCTAGGTGGTTATGCCGGGCAGTCGTTGAGGGACGTGACCCTCTGCAGTTCTAATAACACTCCGATCCGGAGAGATAATACAGCCACAGCGCCTACGATGAGAAAGGATTATTATGCTCATTTTCATGTCGAGGTCTCCCTTCCTCCAGATCTACGTGCAAGGCCCATCCCTTTAGAGAAGTCGCCACTCCGCGCCATGTAGGATGTACAATACCTCCAGGCACTGAGCGCCGTGGTGAAAGCTTCAGCGCTACCCTAGAAAATCATACCACACGCACCAAACTGGGTGCGTGGGGCGCTCAAGGGCCCTCGCGGTTTGTCCTATCTCCGTAGACTTAAGCATCAAGTCCCCATCATTCGGGTAACACCACTAATGACGCACGGTTCAGCTTCTACGGTTTCCTCCCTAAAAGGCAAGAAGTACGACCTAACCTACTAGCCATGGTTACCAGAGTCTGGGTTCCGTGTAGTATCTTAGAAAGTGTAGAGCACTAACGTCCATGTATTATTCCCGATTTGTAACTTCATGCAATAGCATATCGCGACAACAAGGACTTAAAAAGCGCAGACCAGATGCAAGCCCCCCTAGGCCGTGCGCATTATACCATTAACCCCCACCTTTCGCGACTGGCCCGGTAATCTGATATCCGTCCGCTCGACCCAGGTATGCCAAATTCGTGGACGCAAGCGCAGGTTGACGATAAAATGTCTAGCGAATAGCGCCGCGTCTCTCTCTGTAGAGTGGAGCTTGCTGGAAGACGCCGGGCAATTATTTAAAAGCCGGGATCGGTCTGGGGGCAATAGTACCCATAACACCTGTAGTGGACTAGAGCCCGGTAATCGAGAGGTATCGCCGGCTGCGTGGCTGACGAACTGAGTCAAGGAACGAGTTCTAGGTGTCTCCCTCGTTGTTGAGTACTAAGCTATTCTGATAGCATCTGACGAATGAAAGCTATTATCGATCCGAATCAAAGTTCATGCTATAGGGTAAAATTCTGCGGTCGA,1236,52.59,Mus musculus
SEQ_622221,GAACTGCACAGAAAAACTCCTGCTTAAGAACATTTAATGTTCGAATGGAAGCATTTCGAGAGTCTCGGTAGCTCCGTTCAGGCGGTGCAACTAATGCAATCTGGATACGGAACGTATCTACGTAATGTAGCCATATCCCTTTAAGACGCCAGGGGTTACCCGCTCACCCTCAGGTCGTCATCACGTACAACACTTTTCATCAATTAACCACCAAAAACATAAGTGTCCCTACCCGGTGCATGGGTAGATTGAACTAGCAAGACTTGACTGCGCAGAACCAGCTACACAACGCGGTATGCCAACTTGATGTAGAGGGCCTGCGCCAGAACTTCGACTTCGAGTTGCGGAGCTGCTTCCAAAGAGCTATGTCACGGTAGCGTATGTACTTTTTATTACTACCGTAACTTTTAAATAGGCCAAGGTGCTCCCGATCAGTCCTCTGTTGGATATTGAAACACAGGGACAAGAACGCCATTCAGGGTGCCTCTGCCGGATAGTAAGGATGGTGTGACCCTCTGCTACCGGGCATCAAGCCTATCGAACAGTGTGACTAATGCTTGTCGACGCATTCACGGAGGTTCTAAATCCTCAATAGGGCCTTGCTAAATGTTATAGACATCCCTACCGAAGGTTGTAGATTGTCGTTTCTCGCGAACTTTGGATTCTTAACGGACCACTGTAACCACGGAATTTGGGTTAAAGGGTAGAGTCAGGGGGACGTTGAGCCTCTACAGTGGGGTCTCCATGCCTTATGTAGGTGGTAAGGGGGCTGCCGGCGCGGAGAGCACTGCTCCCACTGGCCACCCGTCTGAGGACAGTGACTGGCAGTCTTTTTCCTTCATTGTGTGGTAACCCGTCAGCTTTACGAATCACCCAGATGGCACAGGAGTGACAATTGGCATCCTCAGATACGGCTTCAGTCTAGGGCGGACCCCTCATATCAGAGCTCGGCAAATCTGATGCCACGGAAAGGGATAGTTGGAGGTATCGGCGTCCCTGCGGGGCCTGGCTCTTAGGCACTAAGGCTTGTGCTGAAGTAAATGACAATCATTGTATCCCATTACGGTAACTGAGAAACTTAGGGCTGCACTTAGAGGCGGCAGCGATGGGCCAGCACGGTTACTGCGGAGCCGGCTATGCTACGCTCAATTTGAATAGACGACGCACCTGAGCTGTGTACGGTTGGGGGGTGGAAGTATAGTCTCCTTCTTCGTGCCTATCCAATAATCGCCGCCTGGCGCATGCGGAGCCTACTTGCTATGCATTGCTCTCATCGCGTGCTGGGGCGGGCCGTCTGTAATAGTTCCTTAGCTCCTACCTTCCTATCCGATAGTGACCGGCTTACCGATCCAGAGGGTGCCCCTCCCTCTACAGAACGGCC,1381,51.7,Escherichia coli
SEQ_495851,ATATTGTGGCTTACAGGCCATAATATGCTCCCTCATTTATCAAACCAGCCGAATGCTCAGATCACCTGATATTATACAACCGGTCAAGCCGACGCGACTTCGGGTCGGTTTGTAAGGGGCGAGAATACCGTAAGCATAGGGAAGCCCTTGCGTTCTGCTGTCTGTCGGGCTGTGACAAAGTTGTAGCTCCTGGCGCGCTTGTCAGGCTTCTGGCTCTGTCGTGAGGACTGTAACTTTTCCCTTCCCCGAAGAAGATAACTCGAAACTGTTCGAAGTCAGCGCCCCGAAGCGCGCGCCGATAGCCATCAGGTCTGCAAAAATCACATGTTCGCCACGGTGCCGTCGATATTCCTATTGAACGGACCTCTGCCGGGGTGGCAGTAAGATACATTTGCTTGTTAATCTCCCAGCAATACTCTGGTCGTGCTCCTCACTACTCTCATCCAATTTTCCGGGGTTTGCACATTCTTTCAAAAGGAGTCTCTAACCAGATATACCGACTAGGTTAGTCTAACCGGCGCGACGTCATGGGGAGACAAGTCAGTTGACGAGACGCCCTGCCTTTATCAACTAGCTATGTAGATCGCAATATAGCCTGCGGGATCAACCCCTTCCCAACTAGGAATTTAGGGTAACTGTACTCCAGCCTGGAGGTTGCGCCTCGAATCGGCCGGTGACGGCCGAAAGGCGAGGCATCATTCCAACTGGGCCCGGCATCGAACCTGCACACGAATTACGGAAGATTGACTCTTTGCAATAATGCTCCTTAGAACAGGGTTTGGCATGCCCAGCGCCGGCCAGTCGTTGTCATCTAAGCCCACTAATGGTGCGCTCACGCAAAGATGATTATTCCCCCAGCGAGCAGTCGTTTGGTCAGGATAGGATGTTAATTTTCAGAGGATATTGTAGGTTGGCACCTCACATACGGTGTGTATTTTGCCTGTCCAGACTCAGCGCTATCCGAATCTGTTAGCAGGGTGTGAGAACACTGGAGGAGCAAGATCCGGTCCGTCCTTTGCTGGGGGGCCAAAAACACTTACAGTCGACCGGACTACTCCTACCAATCACTGGAGTGCGGCTGCAGAATAGCAAGCGTCGTTTTATGCATGTATCAGGTACACGATCTGATGAGGTATGCCTGTTTTACGGGGGAACAACAAAGGAATCTAGGAACCCAGCTCGGTGTCTCGGGGTCGATTAAAATGTCCGAACTACAGGGGACTTTATTTCCGAAAGTACGGTGTACTCGTTGGGCGGCCAACCAATCTCGAGCTGCTGAGGCTCAAGGGGGCATTCCGCGATATTCATCACATCTCTCTAAAATTGCGCTAGAGACTCGAAAACGACCGACTCTGCCTGCCACACTTCGAGAATGCGTAATGGGGGAGCATCCCCAGTATTTATAC,1406,51.35,Drosophila melanogaster
SEQ_562172,AAAGGTCTCATAAACATTTTTCCCTTCATATGAACTTAAACGCGTAGAATGTGTACCATTAACCCCTCCCACGGCCGTTACTGTATGCCGATAAGGCGAAGGTAGACAATTCTGCCGATTAGTCCATGTGCTCTCACATACACACATCTTTGATTGCATATATGGGGTTTAATATCGGGAACGACAATTCGAAGTGCCGCTTTCCAGCATGTGCGATACCTAAACTTACGTTATGCATTTATCCACAACACCTAATATTTCTTCAAGTCAGTATGTGGGTCTGATACGAACATATATCGGCGGCATACCTTGATATTTCGGACACTTCAATGGCTCTTGCCCACTACAAGGTGTCTTACCCTTTCTTACGTGAGAGTGGGTCCCCCGGGATATTCCCGAGTCGTTTGCCGTGCTATAACGTCTCATCTAGTTTCCAGTGCAAGATTGCCAGGGATATTCACGATTAGAGTATAAACCTGAGCGAACACTGAGCAGTGAAGCAGTACGATTGCACGATGCTCTCAATCCCCTACCGCCCGGGTGCCATGCTCAGATGACACGAGATGGCCGTGGCGCCTCCCTTGTGGGGAATATGAGGTGAGAGTTTTTTGTGAGCTAGGCCCTGGCTGCTCTTTACGTAGCCGCGAACAACAGGGACCG,660,47.73,Arabidopsis thaliana
SEQ_130845,ACCTCCTGTCACGCGAGTTAAACAAGAGCAGAGGCACAAAGACACTGCGCATGCACCATAGATAAACGGCTGAGTTGGCCGTGCGGACTCCCTACCCCGCGACGAGCGCTGCCCGAGGAGGCCATGAGTCTACCTGTATCCTTGGGGTGTGCGACCTTACAGACGAGTGCCTATAACCAGAACCTTTACAAAATACCAAGTGCGGATAAGACCACAGCGTGGGGGCGGTAAAGTTTAACTTTCAACACGTTAGTTATGAGCAAAGAAGAGCAGTTAGGATGGACGCTTTGAAGAAAGTGATTGGGACTGCATAGACCCCAGGTTTAGATACGGAGCGGGGTACCTCTCCCGAACCTGGTTGACAGCTCTATGCTGATGATCCTCGAGGTTAGCACATTGTACGTGGATCGCTGTACCGTATCAGCAAGTTTAGTTTGTTAGAAGGTACCCGAGGTGGCAGAAAGATGTAGTGATAAAGCTAGCGTACCTGTTCGGCACTCTCACGGCGAAGATTTGAGAGTGCAATTAAACAACATTCTAGGCATTGAACTCCGCAATATAATTCCGAACGTGTAACGAGCGATAAACATTATGTGCAGTCGACTATGAAGCGGGTTAGACCCAATGTCGGCACTTCAACACTTCGCGCGACGGGACGAGGCGATTTAGACGAAGCCTTAATTTTTGCTATATAGGAAGGACGTCATTGCAGTGAAGGCGTGCTTCGCACACTACGGGTTACCGTGCAGTGTCGACGCTGCCAGACTTCCCCCCAGAACTGCGTCTCGAGTATGATGTTCTCCGAGAGGTAGACTTGCACCTGGCCGGGAGTTAGTCCGCGCCAGAACCTACTCGTTGGATTCCTCGGACAAACCTGATCACTAAGATAATGTCTACACGAATTTCAAGAACCCCCTCACAAAGGAGAATCGTCCATACACCACCGGGTGCCTGTATAAACCAGGCAGATACGGTACGCGCGTTCCACCTGACGTTGAGGAGGTCTGGGCACGCATTTTTTGTGGACCTTTAGTTAGCTCAGGGGTCCGGCCAGTTTTCCTCCAACTACAATCTGCCCCAAGTGTAACCGCCGCTAACCCTGAGTAGCCATTACCAACATGGAGTGATGTCCAAT,1135,50.93,Mus musculus
SEQ_756248,TTAGATTTGCCGCATTGTGACTCCACCGATAGGCATTTAGTGCATGTTATCCGTGCTGTCCGCGGAGACCGCCACAGTACCCCGGAGCCAGATGCCGATACCCCTTGCCACCGCCTATTCGAATGTGTCTATCTCCCAGTAGATCGTGGAACTTTCTGTGTGCCCCCACCGCTAAGCCATGCGCGCAATGCCAGGACCTCAGCTAAGTACAGAGGAGGCAAAGTAGCGACGTCTGGGCGCGCAATCACGAGACGTCGGTTATCGCTGTCGAGCTGGGGCGAGAACTCCGGGGTCTCGGTGT,301,57.81,Arabidopsis thaliana
SEQ_349701,GATTTTGGAAGCCCATACCTTTGTCTATAATTAGCCTATGGGACTAACCGGTAAAAATAATGGCTGGTCAACCTTGTCCCAATTGGGACCGATGCTTGACGCTCAGCGAGAGCATTCCCCACTGCGAGATATTGCGACCTTATCTATTGTTATAGCTATGCACAAGGTGGGTCGCTGCCAGCCCCCGCTCTCGCGTTAAGAACGAATTCCGAACTACACCTAACAGTGCGTATGAACTCCCGAGTTTGCTGTCTCGCCGCCTAGCGGATGTGTCACCGGTAGGCTCCGGTCAGTTTAAAAGAGGGGCTTGGGCTTGTCCGTTGAAGGAAGTGGCCAAACGGCCGCTTCAAAGTCTGTGCAAACCCAGACCCGGGAGAA,378,52.12,Saccharomyces cerevisiae
SEQ_917886,TAACCAAAACCCTTGTGCCGCTGATTCAATTACAATTTTTGAAGATCTTCGAAAGTAGAAAGCTAGCGGTCATGAGATTGTGGGCATTTAGGTGACTAGACGGTCTTGCGCTTGCAAGGAATGTCGATTGCAAGCGTGCGCGCTTGTTAGGAAACCGTTCGGGGGTCGGTATGCTGATTACAGACGCTAACCCGTGACAGTTGGAGAAGAGTCAAACAGGACTAGTCGTAAGGAATCGCGACGAGGTTCTTTTTCCCTCAGCTTTCTCGTCTAGGCCGTAGGCTCTGTCAACGTTGGCTCCGTGACCGAATCAGCCTACCCTTTGGCCCAGAGCTTGGCGAAAGCAGCCCATGAGCGTAAGCTTAATTACCACATCTCACAACGCCGATGGTGGTTGTATTTAGTGGTGCAAGTGGCCTGTTCTACGTCGCTGTTTCGGTGCCGCCGGGAGAAGATCACGTGAACACGGCCACCGTGCAGTGCCGGATGCACAGTATTACGCGCACGTGTTACCTGGGTTTGAAACTCGCTTGCGTGTGCCGGCACCAACAGTTCGTTGTTGCAGTGAGTCCTTCCAAGGTTTACTAGTGGCTCTTCCGCGGTGTCCACGTGCCACCCCTTGTTGAATGATCCATATTACCACTATTATGATATACACGTATTCCCAGTAGAGTGTAAGTCTACGATGTCCTGCGCCTAATTATCGGCCTATGACAATCTCTCAGAAATAGACCAACCACGTAGTCGACTGTAATCGGTTTGAGTTGGACTTCTAGCTCTGCTTCTATAGAGTGGAGACCTTGG,804,50.37,Mus musculus
SEQ_476322,CAGGCTGAGGTACCAGTAAGAGGTAGAACATGCAGTACGCCAAAATGTAACACCGCCGGCGGCTGCTCGCGTGCTATCGCACGTGTTTTGTCGTGGTAAAGGATTTAATGACGATCTCACTGGGTTCCGACCGCTAAAACTGCGCGAGATGGTGCTTAATCGACGCAACAGAGCATCGCGCCAGTTGCGTCTTTATCAGAAACAGAAGACAACAGCTCTATTGTCTCTGTGACTGGTGCCTCGGAGGTTCAACTAATCCTACGATGGATGCCCTGTGTCTGTGATACGCAATTAATCCGGCTCGGGCCGAGTTGGCGCTAGAGAACTTTCTGCCGAAGCCTCGTCCACTCGAGAACTTCTTAGATGCGTTCGCGATTACCAACTTAGGGACCCATTCGCGCACAGCCCAGCACTTAGAGTATGACATAGCAATCGATCGATTGTACCATTTACCAGTACGAGGTGTCCGGAGCAGTCACGAGGTAATGTCGGATTCTACCGACCGACCCTAGCGTGAGCGTTAATTCCCGAAGGAACGTAAGATACCCTCATTGCGGTACCCCACTTTCGTAATGATATTTACAAGGTTTACTGTCAACTTCTACATAGTTGCTACACCGGGGTAAAAAAAAGTGACTGAGAGGAGAACTTGGTTGTGTACGTCTTCCATCCGTAGGATCATCTCTAGGGGGTGGTGCCTTGCAAACGACGGACTATGCGCTGCATCTCGTTATCATTGTGACCGCTACGCCTGTTGCAGGTTCCATGCGCACTCTAATATCAAGTAGGATCACCTCGCCTCTCATTTAGGTGCCCTGCCGCCATTCGATTTCATGATTGGGTAGGTAAAACATTAGTCGAGGGTTGTTAAGCGTTCCATTGTGGTAATATCTAGTGCCTGATAAGTCTATTCATATTCCTAGCGTGTACTTATTAGGTTAACTCGGGTAGACCGACCCTTGTCTTACCATGCCCATTCGCTGACAGCGCAACGCACTCTAGTGCTATGAAGAGTCTCGTCCCGGTTCGGCCCTTTTTGGCTGGGAACTGGTAGGTCGAGGATATAGTCTTGGTGAGATACCTAGGCATCTTACACCATAATGCCGTTTAGAAGGGTAAGGTGAACTATATAACTAGCACCATGGGAATGTATCCAGGGATGTGAAGCCTACTTCGTGGACACCGTCCGTATTTCTTACTACGGGACCGCGGCACGCAACGCACAACGAGCTCCGGGACCTAGGCGGATTCAACTTGGTGTGAGATTGCACGATGACAAAACACCAGATTTCAAAAGCAGTATTACATGAGGTGAAATATACGTTATGCCGAGTAGTGCCCTGTCGGATCTCGCTTTGCTGGACACCGAGTCCCCCTGGCCAAAGAAGACAAAACTTACCCCCAAACACTTGATAAACAAACATGAGTTTTGCTCAGACCTGCGTGTGGTA,1451,49.35,Homo sapiens
SEQ_927890,GTGGAGAAACCCTGGCTGTCGAAACTAATAGCCCAATTTCGTATAGTCAGCATGGACAAAGTTACGTGAGCACAAAGCTAGAGTCACACGGAGACCAGCATTTTAGCTAAGCCGGCTGACTTAGTCCATCAGCGGTCTTATGGCAACCATAATAGAATAATCTCGTCCGGCCCAAAGGGGGGGGGCGGGGGTAAGTGGTCTCACGTGGCAACGAGAGCGAACTGGAACAAGTACTGATCAAGCGGCTTTAATTCGCTCCAACTTTAGCGTCAATGTGATTCCAGACATTCCTTGCGCGCGGTCTAACACAGAGAGGACTTTTGGAAATTCGTGTGGGGCTGTGTTGGTGACCTGCGGTCAAAACGTCTTTAGTCGACTTTTGGTTTGACTGGTAACTCGCGGGGCGGGGTATCCGCGAGAGGGTGCCTGCGTACTGGACAGCTCACTCGCTAACATAACTTCGAACTGCCCCGCGGACGCGTGCGGTCAGAGTTTCAACTATGCCATTGCGGACAGCAAGTGGGGTTCTTATGCGATTATTAAGGGTCCCCGAGGAATCACAGAGGATTTGCTCGAGTGTCAGTTCATTCCTTGGATTGGCAGATAGGGATTATAATGGCAGATCTCGCGGTTCTTTGAAGTACTTAGGTCATGGGGTCCCCCTTACAGTGATGCTTCCGAGACCAAGGAACCTTCAGGCCGTGCAAGGAGCAGCTCGACGCCCCCTTAGGCAAAACTAGGACGGACTCTCCGAACTGCTTCTTCAAAGACAGTAACCAACACCATTACTGCTCGTTCTTGAGAGTTTAATGGCGACCGACTTAGGCAACAGGTGCATACTCGCACAGATCCATAATAACAAGGGGCAAGTCTATAATATTTGGCAAGGGGTCGAGGCACTCATCGTCTGCGGTAATGCGTATTCCGAATCGACCAAGCGGTAGACCGAGGCTCATTGGCGGATATTGACTGGGTAGTCGGGAGGTGTTGTGATATGCAAGGCCTCGTCACCATTGTGATGAGGTTAATGTATTATTCTTGGTTGTCGATTGCTCTATATAGTCAAACAGGGAAATATGCGACGTCACTTGTCAAAATTGGGATAGAAATAGTGCACCCACCTCTCAACGGGTCAGCCTAAAGCCTTAGCGATGGATTTAGCAAAGCTCGGTTTTCCTTCGAAGTTCGAGAATACAATAATCCGAGGCGCGCTCTCTCCTCCGCAAGTTTGGCACTTAATTTGTCGGAGTGATGTATCCTTCCGTGAGGCGGCTGGTAGTAGCACATGATGCTGCACGATAGGTAACTTATCTCGATGTCCCCGACGGCTAGGTGTCCTATATTTTCTGTTTTGACGTACATGGCTTCAGGAGTACTGAGCTGCGTAGTGACGCCACCGGTCCAGCTGGATCGCTCGCCGTTGAGGGAGGACCCTTTATGCGCGTGTTTACCTGATTCCCGTGTGTCCCGTGGCCACCTATTCGTCAACTACGTCAAATACCCGACACTCTGGAAGGGGCTACTATCCAACCCGGACGCGCGGTAAATTACACATGTCCTGCTGAATGTACCGTAAAAGACTATTATGCCTCGCGATGTCAATCAGCTCCACGTATTAAAAATATTGGCGAAGGGTCGTAATGGCTGTATTGCTGTTGATGTTCATCTAGGCCGGTATGAACACCTCCCGGGTTTTAATGAATGACGAAAAAATCCATGCTATCACAATCTATCCAAACGTGAATTTCAGGCGGTCGGGGCTGATCTGCAGAACCGTGCGCATTGTGCGAGGTGACGGGTTTGCGCCATGCACTGCGCCTGTACGCTGCACAGGATTGACGAGCGCAACAACGTGTGACCATGTTTGGCACCCGGTCCCTGCATATCAAGCTATGATTGAGCGGTTACTATCATAACCTACTAAGATCTTCAGATGGGGATATCCGGGATGACCGTTGTTCGTCTATTACGGCTCA,1976,50.35,Mus musculus
SEQ_396745,TATAAATGACAGTCGGGATTTGTCCTCGCGCCAGGGTTATTAGCAACGCACGAACAGCTGAGGTCGGACGGCCGTTAGGACCACAGCTGAGATAATGGGTCCTTGCATGATGACGAGGAATCAACGGATCGACCGGCCTCTCAGGCGGTATTGATCCGGGGGCCCGGCACGGAACGCAGCACGTTCGCTCCCATGTCGCGTTTAATCTAATCCCTAGTCCGCCACTCGTTCTTGGGTGATCCGAGGCAATTGTGACAGCATAGCCGTGTATATAGCATGCCTCGTTCCCCGTTTATGCACGATATTGAAGATGTGAGGACCTATGGACGCGTTGCTGTGATTGATCCACGGGCGTCATCACGGGACTGCATCAATGCAATTGGCTTAACCCATAATTTGGCAACACACACGTCTATTTCTGTCTGTCACAACGACAATGATCAACCCTCATCGTCAGACGCGTTACTTGTTCCGCTGAGAGGAGCATTAAGGATCGGTAAGTGAGCAGAACCTTAGTCACAGTCGAGACACTTCTGAAGGGCGCTCCAAATGAAGTGCGTGCATGTATATCTATAGCAGGTCACCTGCCTCGGACGATCGTCTTTTGCCTGGATTAGGAAATAGATTAGAAGCCTTTAATTATGTGACGCCAGGCACCTATTAAGCGCCAACCCTAATCACAGTATTACCTTGAGCAAACCGTAAACAGAGAATTGATAGCAGTCGAGCGAATCCCTGGCCCTGTGAACGCAATTGTTGGGACCATAACGTCGCTGTTAGCGCGGCACACAGTATATCACATTTCCCTCAATCGCTAGGGCCGTCAAAAACAGCGCCGACTGCTACCAAAAGTTGAAGAAGAACATTCAATCCTAATCAGGCTGGTATCTCTAAACTCGACACTGTTTTGGCGCGTCTAGAGGCTGTCGATGTGTCTTTCACAACAGACGTCATTAGGAAAGGCCATGCGGTCCTTTCGCGCATCATTCGAGAAGTGCAGTGAAGTCGCAAGCATCGATGCTGGTCTTAACAATGGAGAGAATCGTAGCAGTTCTACGATAGCCGCTTCTTTAAGCGGCAAACGTGGGCAGACTATCCAAAGTCATACCATTCACATAACCATTGAATGTTGACCATCTATCCATGCAGTCATCAAGAAGGCTCCCTCGACTCCGTTCATTCCCTAACGTTGAGCGTCCTACATCCTTGGATATGGACAACTAAACTCATACACGGTCCTATCTCCGCCTCTAACATCATACAATTTCTCACTGGCCCGTTTCGTTATCGAACACCTGTAACCGAAGTATTCTCCAATGTGTGAAGGCCTATTTTATGGCTCTACCTTCCGAGTAGGGGGCCCATCTTGGCTCTTATATAGCTACCCCCGCGATAAACACTGGGGTAGAAGTGGTTAGAGACTCAAAGTTCAAACGTCACGGTGTACCTCAGTTCTATAATGCGTGAATCCCACGCCATCGCGAGTGCCGGAAAGGGACCATGTACCGTTCTGCTAATTGTTGATGTAGATATCTCGCGTTATACTCATT,1550,48.97,Mus musculus
SEQ_806413,AATTCGTGAAGGACGCACTACTGGATTACCAGTGTGGATCGGCCTATCTCGAAGCATGTGGTTATTTAAGCCCTTTGTGGGTGAAATAATTTACTCAAAACTCCTTAGTATCCTACGGTAAGCTCAGGATGGAATAACTCGGTTCTTCGCAACTGTCCACAGCTGCTATGAAGTGCTGAGGAAATACCCTACAACACTGCACGGACTAAAACTCAGGTTTATGTGGTTAAAACTATTCTAGGAGACTGTGAACCAGACGTTGTAACTACGGAAAAACGTTATAAATGGCCTTTACAACATCTTCTGTTTTCCATCGACGACCGCGAGAAATACCTCACGCTGCGAACCTCTACTCAGCTCTCTGCAGTTAAAGGGGCTGCCCTAATCAGAGGCCCCCCCACGCTCGACGAAAAAAATCCGAGAATACAAATCTCTCCCACGTCGTTAGAGCTTCTTACGTATTAATTAGCTCGCTGCGACCTCAACCATGCATTTTTATGCAGTTTGACACACATGCGTTTATATTAAGAAGCCGACCGGCAACTACATTCGCGTGGTGAAAAAGGTCTACCCGACTGCACCAGACGAGATACTATAGAGTTGTCATAACGAGAGGCCCGAGAACGATAGCGGCGAGAGACGATTGGGTGGGGTAAAGATGTCCCAATACGAGGGTGTCATAGGGTCGCACAGAGCCCCCTCTGTCTACTGTCATGCACCTTATTTTTGCGTAATGAACGTTCTGTGGACAGATACATGAGATAGGAATGAAGTGAAGATGTCGCTCTCCGACCTGCTCGCTGTGCTAACGCACACTATATATCGCAGCGAGGGAGATTATCTCTTGCTTTTCTTTTTCGAAATACTGTATAAACATACATCACGCGCGGAGACTGTATGATCAGCGAAGCCCCCGTCTTTGAATCCTAAATTATTACGGGATAGAGTTGCCTGGCTCCGCGCATGGACACGGGTATGGCCCTCTGTAGCCCCGTGTTTTTGTCGGACCTGCTGTCTTGATCTAAGTTATTACTGGCCTACTTGATAGGGGTTTTTTCAATCTACTCTCCCAGCTCGCAAATGGTTTGCCTGTTTGCACGTGAAGACGTGCCTCGCTTCGCCATTTTTCTCACGTCAGAGGATGACCAAATTCAGGAAGGCGCAGAGGACCTCACCTCCCACAGTTAGGTGCGCAGTTAAATTTATCTGGTTACTGAAGGAGCGATGGGGGATACGGCGTTGAGTCCGTAACCAGGCTCGATCAGCACTGTCGCAGTCCGTCTTGCGTTCTGTGCTCTGGAAGCAGGGGGGACCGAGGCTATTTACCGGCGTCTGTTTATCGAACGGGAGCTGGGGGTGTCCCTAGCCAACTACTCATCGCCGTTATATTATACTCAGCCAAAGTAATACAGCAAGGCCAAGAAAGATCGCATTGGCCCTTAAGGGGCAAGTAATGAGTTTGGCCCCCGACTCGCATCCCTTGTGTGGGGGAGCTCGGGTCCGGGGGAGTTGCTGTATGGTCTGAGCACAGTACTGGGATGTACTTACCCCCTCAAAGAACAGAAGCCTACTTAATACTACACCTGACACCTAACTAAATTTGTAACGCTTGGTGTCCCTGATAGGATTCAGCGCGATTACTCAGAGCGGCACAGTAGGTCATAATCATACGGTTGCGGCGGTGGACCTTTTGGAATTCTAAGGTAGTGTGAGCAACTCGTTGCAAACGGTTAGCAAGGATAGTCATTCTCGTGAGGCTTGTTGTGCGCATTACCTTCACTCGCAGCAAGAAATGGGAATTACAACGTCAATACGAGGACATCAGCGAGTGCACCCCTACTCGACCTAGGGGCACACGCGATTGGCGTAATGCTCCAAGGGGGGGGTGTACACGGGTAGGACTTGATAGGGAGATCGCTCTTAG,1924,49.27,Saccharomyces cerevisiae
SEQ_591448,TCTGGCACACCCACGTTGCTTCTCGCCACTGTAACCTTATTCCGTGAGCAAACTCGTAGAAGCCTTATATCGGGTAAACAACATGTGTCATCAAGGAGGTTATTAGTCGCCAAACGGTCTCCGCAAGTCATTGGATGGCAGCTAGTACGTTTTGATGTACGGAAACTGACTTTGACGCGGTAAGCTGCTTGATATTCCCCACCGGATCATGAAGGGAGGACGTCTTACAGGGAACCCTACTTTCCGTAGTGCGTGTGGATCTTAGCTGTGACGACCTCCATCAGTGGCTGTACAAATATGTGAATGCCCGCCGCCAAGTGCAAATGGATCATCACGGCGAGGACCAAGAATATGAATAGGAAGCATCGCATCCCAAATATCTGACTAGTCACATATCTCCCTTGCCGGAAGCGATGTGAACTATGAGCCGGATTGGACACTTCAGTGCCAGCAGTTGTGCCACCGGGCTGTCTGGTGAACTACCATCTTGTTTACTTCGGCCAAACCCAGGTACTTTCTGGCCCGTACTAATCTCAGTAACGGAGAACTAAATGTGTTTTGTTCTGGACTTCGCAAATCTTTCCTCCCAGGGTCTGGTTGGATGTACAGGTACCATTTATTACGCGGATATCGCACCCGGGGTAGGGCTTGAGTAGATGCATTTAGTTCCTGTGACTGATGGGTTACGGTCATTTGCTACAGATAGGAGATCATTTGGGCGTATTCTAGACTATCCGGTGATCCGGGCCAAATCGGACCAAGCTCATGTATGGTAATGGTGGAGGATTGTCCCAGTCGGGTACGCCGGTCGGTCTAGCTCGACTTTGCTTTGTGTGTCATTGGTACGTTTTTTAGGAGCAGATTCCTGTGTGTGTATCACACGATGCGCAAATCACAGAGCCAGGT,906,49.34,Arabidopsis thaliana
SEQ_970202,CTAAGGTACCAACCTTCTACAAGAGCGAGTCGTCGTCATTTTATTGCTCGCCGTTGTCGCTTAGTGCATCTTAGAACGGCATAATTCTGCCCATGTGCAAGGGCCGGCTCCATAGGTTAACCGAGTCGCGACCCAACGTACACCTCAGAGCGAACATTCCATGTGTATCCCGAGTCCGTCATCGAATACACAGCACAGTGCATATCGCCTGCCTTCCCCGACCACCTGAAATTGAACTTCGTCTCACTTATATCGTCTCAGTTGAGTCCTCACGTATACCTTGGTGTGAGTGCGGCGAACGGCATTTCTCGCAGCATACTCTACTCACATTGGTCAGGCAGTTGCCACCGAGACCGCCGCGGTTGTGGCTTGTACCGAATGGGGTGCACTACCCGGTTCATGACACTCGGGATGCCAACGGACTTGCAGGACCTACACTAAGCGGGATAGTAGAAGGTTCCGACATAGGGACAACCTTATCCGCTTTGCTTTACATCTTCTATTCCCGGGTAAAAGACACATGCATATACTCGGGTTTCAAGTCCGTGTCCACCGGGGCATAGTCGACAGTAGCGGGCTGCAAAGTTGTGCTGGCCCGCTGCTAGACAAGTATTTGATAATGTTATATGGGAATTGACGTGCCACTAATCCAGATAACGCGAAGGGCACTATGAGATAATTCGCTGCCTACGGCTTGTCCTACAGGAATTCACTGAGCAAAGACCTCTATAGATGGGGTCCCCCTTGGACAGCTCGAGTGGGCCGCCAAAGCAAGTGCAATGGTGCCAGCATCTGCTTGCATCAGGCATCTCCTTAATCTGACGGGGGGCGGTCAAGAGGACGGTCGCCGTCGATGATTGACGGTTGAAATATAGTAATCTCCCCTATGAAGGCCGCGCTTCGTCAGGCACCGTTTACCTGGCTAATGGAAACAAAGGCCCAAACCGCGGCCACGATAGCGGCTCCCGTCTTACTTAAACCTCCTAGCCGCTTCCAATCCGGCCTTTTGAGGGAGATTCTGCCGATCACCGAAGACCGTATCATGAACGGCTGTTGGTGTGGCGGACTGGGTATCTCTAAAAATCGATTAGCTAGCCGTACTTACATGTTGTCTCCTCACAAGCCTGGCTCGAGGAAGAGCGCTTAATCATTCCTCCGTAAGCATATTCACTTCTGGCTCTCAAAGCCAGGAGTGTGCCTCTGCCGCAGGGTTGCGATACTGCGACACTTGAACCCAGCCCCCATACTGGCCTTTTGCTGACCAGGTTTTTATTCATTGTAGCGGGGCTATAGTGGCCGCAGCGCCGGGAAATAATTTATATTACACGCCTTATAGTTGACGTCAGATCTGTTTCGGATGTGGGATCAGCGGTTAGTGGCCTGGTAT,1387,52.13,Mus musculus
SEQ_494968,CTTCTGTATGTGAATGGATTTCAGCCACGGCTTGCTACAAGCCGGTACGATTCAGCCTCATGACGTGACACACACGACACGCCGACACTAAGCCGGTGCCGGGCTACTAGTCGTCTGGGGAAGTGAGAGTGCATTTGACTAATCTCTTGACATTCCAAAATAGGGAGGTCGATACCCATCCCAATCACCATAGTCGCAGTTCGAAAGTTCGAAGGGGCCGGTAATTTGACTATGGTAGCCAAATTTACCGTATTTTCGGGATTGTCTGGGGCTGCAGGGAACTACCCACTCTGGCGTAGGATCGTGCCTGAAAACTACGCGACAGGTACGATCTTACTAACTCGCTTTTCGTGGAGTTTCTGTTCAGCTCTATACGAATACTTTTACGGGTCAGCCAGCGTTCAATCGCCCCGATTGACGGCCTGTTTAAGAAGTGGTTTCCTTCACCTAAAGCAGACACCACGAACTTTGTCCAGCTCGGAAAAGTCGTCACGGTTGAAATATCCCACTATGCGTAATGATTTAGCCATGTGATTCATCAAGTTCGGCGGTAGTCCGGCATAATAGAAAGAAGTAAGCCAGTTACGGCCCCACAGTTATCCAGAGTGCGGCGCAGGACATTGTAAACGTTGGTGGGCACACTTAGTTTTAGGGCAGAGCGATGCTTAACTGATAATCCTCCCAAGTGGCAGTCAACCCAATACGGAAATTATTGGGCAGATAACCTGAAAGGGTCGGTCTTGACCCCTTCGCTACGGTTATCTCAAATACGTTAGGTAGTGGTAATGACGGTCGCTTAACCAGCCGGTAATTGCGCATTTTCACCAGACATACAGACCACGTCAAGACAACCTTGGTCGATGTGTCCCGTATAAGAGGTCCTGATACCCCAGACCAGCTACTACCCGAGCGTAGACAATGTAA,924,49.13,Saccharomyces cerevisiae
SEQ_797781,TTTACACAAGGCACGACAACAACTTAAATTCTGCCTCTTCGGCTGTGGGTGTTCGTTCGCTTCCACGTCAATGGGGGTGCTGTAGGTGAATCTTCGAAACTGCGCCACTACAGTGAGATTGATGCGGTGACTAGCTTCATATACCTAGGCCTCACTCGGACCACTAGAGGACACGTCATCGAGTGAATTCCGATCGATTGAGGCCCCACTAATGGGTCTATTCTTCGGGCAAACTTGCGGCTTGACTACGCTAGTATAGATTCCGTAGCTGCCTGCTATACACGTTGCGTGCGGACAGGGAACTTTGGACTCGCCTCGGCGCAAGTAACACAAGATATGTAAGGGAGGCTGGGCTACATGCCTTACCTCTACGTATAAAGACGTGCTGCAAATACCCACATCGAATATTGGGGCCCCAACGCAAGAGCCGTGGTGCACCCAGAGTCTACCGTCGGCAGAAGTGTGCTATGGGGCCAAGAAAACTGCGTGGTGTAATAACC,500,51.8,Homo sapiens
SEQ_710668,TGCCCCGTTAGTCCCATTACAAAGCACTTGGCATGTCTCAACATGTACTTACAACGTAAGACAATCAAACATAAATGCAATCAATATGCCGCATGCGGCGGGCGACCTACTGCTTCGCAACTACTTTCGTATCCTAAGGAATAACACGAATGTGAGACACGGCAACGCTAGGGGGAGGGATCAGATACAGGACACCGAGGAACAACCAGGCTTCGGGCGAACTAGCACGATGATTTCGTATAGCAGCAGTAGAACCTGTCCTCGCAGTTTCGTTATGCGCGCAACCATAGATAATGGGAACAAGTAAGAAGTAATAGGCAAACCAATTCCTGGACGAAGAGTTGAGTAGTAGATCATCGGGCTTCTGTCCAAGAATCGAACGATTTGCACGTTACGCTCACGGTCCTCCACAAATCGCTAGTGCCTGTCGTTGGACTAGCTGACACTGACTGCCTAGTGGGTTGAAACACCAAGTTCCCTATTCATCCCCGCCTCTTGGCGATGCAGTTTACTCCATTTGCCAGCTAGGTGTGAAACGTGACATCCGATAAGAACATTTAGATATCGCACGCTCACCTGGCAGACCCGGTCGAGCTCCCCAACCAAAGCATGCGAAGGCCCGCAACCTACTATTGAGCCTACTAGATTCGACTGTTGGCGTGAAGTCCAGAGTTTAAGGGGCATGAAAACGGCTTTAGGTGGTCCTGGATATAGTCTTTTAAGATGGGGTGTATGGATCAGGTGGTTTAGCCGTTCAGCGGTGACGTATTGCCTGGCGG,779,49.68,Caenorhabditis elegans
SEQ_227085,ATCGCCGGCAAGGCGTAGCTATGCCGATGACGGTACCGCGGTGCTGTAGCAGCGCTGCCTTAAGAATGATAGCGTGAGGCTAGGCCAGGTAATGCGATAAGCATATAAAAGATCATGGGTACCCTAACACGTAGGTAGAATGGCTGAAGGACGAGAACAGCACGTTAAGGATCTTAATACTTTAGGCTTCCGAAGGAGCATTTTATCGAGAGGG,214,50.0,Drosophila melanogaster
SEQ_304030,AGACGCGCCACTACGGACACACGGTACACACTCACAGGAGGTTGGGCTCCACTTCTTATTTTTAGTTGTGGTCGTTGGTCCCGATCGGGCGGTGCGATCTATGGTTTGGCATGACGCTTGCAGTTCGTGTAGAGTAGGAATATAGAAGGACCAACAGGAGTACGAGGAGGTGTACGCGTAGCATACCCGCATTTCGACTCTACTAGAAAGTTCTCTTAAGGGCAGTTTTGCCCGATCTTTCTCGCACTGTTAGTGATCGTGATGCCCGCTATTGGTTAGTCGGATGTGAATTTCGGGG,298,51.01,Escherichia coli
SEQ_685263,AGTCCTGCATTGTATCCCTAGAATTACGCCGAATATTGGAGTCAATAGCTAATTTGGCCCCTCCCCGTATCACAAAATGAAACATTCAAACTGATACTCTTGAACACAGTTCCTTGCCAAAAGAAGGCTGGAACGAAACGTGACTTCGCGACGTATCTTAGTACAGACCATCAGCCCCAGAGCACTCTGCTGAAGATTAGCTTCCCAGCTTACCGGACGGAAAAGGTTTGGATCGCGTGCGGTCGTGACTTAATACCGGGAAGACCTCCTGAAGGTAAGGCGTGTGGGCTTGCTTGATAATGCTCGAGTACTCTGAGAAAGCGGAGGGAGCTAGCTGCAACGCTCCCACTACCTGATGCAGTCATCGCCTCCCTGCGTTCCTATACTGTCGCTTACAACCTGAGATGGCTGTTGTCGACTAACAAGACGACTTTGAGAGGCTGTTGGGTACTCGCTTCCCGCCTTTGTAAATAAACTTTTTGACAGGGGACTCTGCAAAGGGTTACTACGCGTGCTTTTGTTGATCTTGTCTGGGCATATGAACGCCAGCGACTCCTCAGCAGTAAGGTACCTGGACCTCCGGACTGCACTTTAACCTCAATGCACAAACTAAACCGGGCGCAGAAGCCATTGGGGAGATCCTTGACGTTACAATTCAAATGTCGGATGAAGAAGTGTGTAGTATTGCGCTGGGGAATATACGCGGTCGCCATCGCCCGGCTGGAATCGCCGCCAATGGAGGTGGTATCCCCTGAAGAGCACCTGATGGTTGGTTACACGGACTGCGTAGTCCTCCAGAGCCCCAAACATGTTGTTTTTGAGGAACATGCCCCTTTAACCATAGTCGCGTTCACCGATGGTTAGCTGCACATACCACAAAGCACGCTAAGATTTTAATACCTAGCTTAATATTAGTGAAAAGACCGCGTCTTGCTATTGCGGGAAAAATGAGTAAGAACGCGAGGTTCGGATGGCATGCTGGTATACACGGCATGGAATAGGTGCAGTCTAGCTGACATTTATCCCGATTCCTGATGCTACCTTCGCGGTGACTCAGTCTTTGTACTATATTTTCCTTCTTCCAGGGCCGAACGCCATTATACGAGGTGCTGACATCATGTTGAGGTGCCGGATAGGCCCTCCTGTTTTCGGTCTCGAAGGTCTACCCTCGTTGTAAGGCGTGGAGTACACAAACTCCTTAAACTCGGAAGTCGCGCTTGCGACGCACGTCGTTCGCCTAGATGCATGTTTGCCTCAAAACCACCCGATCAGCTTTAATGGTCCGGCGAGTTTTGGTACTGACCGGCACATATATCATAGATACTTGGGTAAGGGTCCTAATCTTAGTAGATGAGAAAAGGCGGTATCGAGATGCAGCGAGGTAGAAAGGCAGTGCTCACGATGAGGCAATCTAGTCCCACGTTTTCAACAAGTTCCACCTCATGGGAAGTA,1452,49.66,Caenorhabditis elegans
SEQ_340343,TCCTCGGCAGGCAGAGACCTCTTATTCAACGCTACAGAAGACCGACGGCCAGCGGGTGAGCACCATCGTTAGAGTAGACGATTAGAGAAAGTAAATCGATCCGCCCTTGGCCGGCTCTTGGATGGAAAAACTCACCACTCGACTTCCTCCCTCGGCCTGGGAGATTTACAGTATAATGCATACCCACCTGGAGACTACACGGTCTCGGACCTTCCATGGTTTTTTTTCACGGACGATTAGAGGGTCGGCTCGAGCCGTCCCGGCCTCTTCACGGTATCACTCTGGTGATGTAGGCTTGGCCTACGTCACGCGCTGGAATAGTCGCAACTCCCGAAGAGAATAAGCGACAACCCAGGGAAGCTCCGTCAGGACTCTCCAGATTAAATCACAGCTATTTGCGTATCCTGCGGCGGTCCGTAGAAACCGCGTATATCAGGGGCCTAACATAGGCGTCAGTTAGGTTACCACCACAGCCAAGCACCGCCAGGGATGGCTTCCGGCCTCGCTGCACTACTGACTCGTCATGTATATCAACCTCACCTTGGAGCCAACGTAACAAATCGGTATGAGATCACAGCACC,581,54.04,Arabidopsis thaliana
SEQ_468526,ATACTCTTATGGAGCAGAGTCATGATTCTCCCGGTAAGTGTTCGGTATTCTCGTTAGACCAGTCATAGCACTTTGGGCCCGTAGTAAATGTTTGGGGGGCGTGTAGGTGAAGTCAGGCTCGTGCAGACGTACGCGACCTATGTTATCAGGGGGTTGTGAAGTCGATATAGTGAACTCGAGGTCTCGTACCTTCTAGTGATACGTACTGGGAAATCTCCGCCGGCCTTTTACGCTTTTGCTCTAATCCGGGCACGGAGAATGACAGGTTTGTTGTGGCCCATTAACCTAGCGGAGGGTATGGAGGGAAGCGCTGGGTGGTTTCCATCCACAGCAACCTAGGCCGATTCGTGCGTCCAACAAGTTCAGGGCGACGATCTTGCTTGTTGTCGTCTAGTATGGAGTGTAAATACGCGGGACGGTTTGCGCGTACACCATATATCCGAAATGCTTCATGGTGTGAGTGGATTTTTATTGCGTATGATGCCACCAAGCTTGAGAAGTTCCATTCTAGGGTGCAAAGGTATTATCCTCTCCCCCGCTCAGATTACGGCCAAGGTGGGAAGAGCCCCGACTTCCCGGTCAATACGTGAGATAGTCGAGTTAAATGTCCATCGTCTGTTCACTCTTGCTCTGGTGCCTCTCGGTCACGTTAAATCCCTGACTTGGAAAAAGGCTGCCTGTCTCTAGTGATTTTTAAGGGGTCCGTACATAATTGCAACCAATTCCAAGTCTACCGTCATGTTGCAGCCCGGTCCATGGTACACGCTCGATATGACAACAAGATCTCAAACTTTTTGGTATAGTTCTAACCACCAACTGCGGCCAAGGGCTGACGGAGAGAAACGTTGGTGTGCCGTCATGACATCGTGGCATCTCAACTTTACCAGTCACCGGAATCAGGACTATTGAAATAAAACGAGTGAATCACGATACTGCGCGGCACACTGGGCTCCCATTCTTTTCAATAACTGTAACACTGTGTACTTTATGGATTATACCATTTCGTATTTATTTGTATCGATTAGTCTACGGAGTGCATACCCCACCCAGAATAGGTAGCACGCTGAGGTCGAGGCTCTGCCATACTACCCTCGGGCTGCTACAACCAAACTAACTGCGATTATTGGTAAGGGTAGGAAAAGGCCAGATCGCTCAATCAATAAGTGGGGTCCCTGAACGAGTGGGACGATCGCTGTGCGCTAACTAATCAGAAGTCCCCCGGGGACGTCTATGTGAGACCGACGAAAGGTCATTTAGGTGAATGCGAGGGGCTCCCATGTCCGGTTTTTAGCAAGCCATTGCTCTCACAGAGATGGGGATGACTACTTGATTAGTGATGTTGATACTGAGCGTGTACGTGAATGAGCGTATTCCCGACAATCATCCTAAGAACAATAGTATCCGCTTATCCCACAGGAGCCGATTGACAGGTACGCAGTCAAAAACGCTCTGAGAGCACGCCAAGCGGTGACGGTGCTATGGTACCGCGCCGCCCCCGGCGCCCGCACAGAAAGCGCGTCTGGTTGCAACTCGCGGAATGCAAGTCACATTGTATATTGCGACTATGGCGGCGGGCCCAACCAGATGCATTTCATCGGCCGAAAAATTGACTATTGTTCCCAACAAATC,1629,49.97,Arabidopsis thaliana
SEQ_681355,AAAGAACTATCGAAGTTCGATGAAGAATAGGCGATTGTAATAGTCCTTCGGCCGGAATTCGCGCCGGAGTGAGTGCACCTCAGTTTGGGGGTCGTCGCCTATCTATTCACTGTTGTGCCGATTGTCCTACCCCTTCGCGATGATTCTACCAGTTCCACACATTAACCCACTGGCGATGGAGTCTCTTTACACGAATCGGTCCCTTATGATCGGGACGGGAACTTTCCGGGAAGTCCTTGTCACCACATGCCACAAAACTCTCACAAAGCGCCATTCTTTGTCGCTGGCGAGCGTTCGCAGATACAACACTATGAGCCCTGAGTGCTCGCTGCAGCAGAAGAGTACTACCCACCACAAGACCAATACGTCATCCAGCAACCTGGGCCTGAACGCTCATAAGACATTACTCCTAGCTTTGATTGTGGAACACATCCTCCTTTCCTGATCTAGTTCGTACTCCTCGTGACGGTGCAAGAGCCCCGCGCCTTCAGAAGGATCCGAAGCTGGAAGGGTATTCATACTGACCACGGGCTACAATTAGTAGCACGCCGACTTTCACGCCTCAAGCAGTTTTGATCTCCGGGAGGGGTAGTACACGAGGCCCGAACATCCGACATGTCATGAATGGTGCCTATACGTACTCGGATGCGTGACGATGAGTTCTGGAGGTGTGGCCAACCGGTTTCCGCTACTGGGGTGTTTAGCCCGGGCATGTTGCGCGCATCTGTTTCTATCCCCCGGTGTTATACATTGCGGTTCTGCCTACCGTCCGTCGCTTAGGGATGTTTGCGGAGCTAGCGAGTTCGGGATCGATGGTAGTTTAGCTACTACCCTCGATAACGCGAATTACGTCACTTATACAATCACGATGGCTCTCTACAACTCCGTAGTAATCTGATGTCGAAGTACACGCGATTG,918,51.96,Homo sapiens
SEQ_431412,CTCGACCAAGTTCCGAATGCTATTCCGCAGGGATCATGCAGCTCTGACCGCTCATTATAGCACATCCTATACAGGCACGGATGCGTCAGGTGTGCGCTAAGCCATTGCGTTATCTGCTGTAGTAGAGAAGGGTAATCTATAAGGATAGCAGTTTGGGGCGAAGAGCGTATTTTGCGGCCCATCTGAAAGGACAGACCTTTTGCGGTAGCTCCTTAACGGTACATTATGGTAATCTAGAGCTGGCTACCTAAGCTGCCGGACAGCTTCAGACGATCATACGAATCGACGCAAGAGGTATTGCGGAACTGTTTTGACAGCTAGAGAAACAGCTATGCTTTTAAGCACAAGCATGATAGGGCCGTCTTGGACATTGTATTCCTACCGGTTATATGGCAGCGAAGTTTGCATACAACCGTCTCCGTCGAATAGGCAAGGCGTCCCTTGGTT,447,48.99,Saccharomyces cerevisiae
SEQ_570966,TTAGCCTAAGAGAGAAGTAGCTTTCCAGACGATCTTGCACATTTACGGCCACTGATCGGGTTCTAACCGATAGTAAGGGCCAAATCCGACACTCAGTCCGGGCGCGCCGGGGAGGTAATTGTTAAGCGAGTTCGTCAAAGGACGTTAATGTCACGTAGAGCCTCTTATCCGTCCGAAATTAAGTTGCGTCCCGCAGCGTGACCGATTTGACTGATGGGCTATTAATGTCTTGTTCAGGCTGTCCGGAGCTTCTATTAGAAGTTCCGGTTCTGAGCGTCTCATGCAAAAGGAGTGAGTAGACAGCAATTCTGGATGTGCACATTGCAGGTGGCAATACCAAGAAACGACATAGCCATATAAGAGCAACCGATGAACTATAAGGAAAACGGACGATGGTTATCATATATATGCCACGACTAGAATATGATTCAAATCTCTTAACGCTTAGAATTTAGAGTTTATACATGTATGGGGGCACCCCGTCTTTGGTAGATGCAGTGCTCTTGGCACAATCACTGCGCAGTTGTTAGGTTTGGCGTGGCTGGATTACCCCAATCACCGTAGTCTAATCCTTTTGTTCACATCTTTGTATGAACTCAGCGGTGTTTCTGAGGTTTCCACCACGACGAGGCATGTTTTCTTGGTTGCGTACGCGCAGTCAGTGGGAAGCTCTAACGTACCGCAGATCGCGTGGCAAGGATACCCCCGTTGCTAGGGTACTGTAGATAGTAGATTAGGTCATGCTCCGCTCCAACCTTGTCATGACTCGTCTGCTCTGATCCGGATTTGACAAAAGGAACCGGTTAAACCGTTTCCGTGGAATTTCTAAATTCGTAGAGCTATTCAGAAGAAGTGGATGCCAGCTACAATTACGGGTTATGGTGCTCTCTACATGCCAGGCGGAGTCTTCATAAGATAGGTTGCAGGCACTGCGCGCCTCAGACCAAACCGTGCGGGGTCGACGGAGACGCTACGGTGAGGGAACTAGGTCGGGGCCGTCGCAGCTGTTCGGCGTGGCTATATGCCGGCTCCACATTGCTCCATCAGAGTTTGAGATGAGATGATC,1066,49.25,Mus musculus
SEQ_942980,TAGGTCATGCTTGTGGCCCCATCGGCTCATAGTTCGTCCTAAGAGACCCACCCAACACAGGCTAACGGGCGTGTGGATCGAGAAATGACATTGGTCTCGACTATGAGGCGTACTTTGACCAGTTAGCCTGCATAACGCTTACATCTAGATTGGTATTCCCCATTAGGAACCACTCACCAGGTCGATGAATGAATAGGTGCTAGTCCCATGGAAGCTAGGTAATTGGCTAAGCGAGCCCCGCGGGT,245,51.43,Homo sapiens
SEQ_166552,CATAAGCGCACCTTACTCCGCACCTGCATCGCCCTAGGATGTCGCCAACTTACATGCGCGATTGCCAGATATTCTCCGTCGTATGCACACACGTCACTCTTCTCGCCGCTCGAAAAGAGCAGCTGAGTCCTATCTTGGAAGATGCTGTCATTTGAGGCTTCATTGTTAGCGACGGGGGATCTGT,184,52.72,Saccharomyces cerevisiae
SEQ_272684,CACAGTTCGGGCTAACTACCCCTCGATCGCACCAAGGTGCTATACAACAAATCAGGAAACGAGAAATAGATGCACTCGCGCACGAGAGCAAGCTCCTACGAGGAGAGTGTCGTCTAGAGTGATGTTCCCCATAATCGGGAGACATTGCTCTTTATAAGAGATAGTTCGGAGTGGCTGGGACGGACAGGGGTGTGAAATTCAAAACCACACCGCTAGAACATTGGAGTGATAGTCGAGTTTAGTTGGTGGATCATCTTATTCAGCGACCCCTTGCCGGGCGTGATACTCCT,290,50.0,Escherichia coli
SEQ_808481,TGTATCGCACATCGATGTAAAGACCTAATATACTCAAGTCCAATATTTTTACTACAGGCATATACATCTGATAATACTCTCATTCGTAAGGCCCAAGACGTCACCGCCCGCGAAAAACCTCATTGGATACCTTTCTACTAAACCCCGCCCTGCTCCCGTAGAGACTGTTAAGTACGGCACCCGATCTGGTCGATAAGGCAAGGGCGGACGAACAACTCCCGACCCGCTCGAACTGCCAGAGTCGTCGATGATCTTTGCGGGAACCTGTAGGCGATGTACCTAAGAGAACAGGTTACCCATCTTGACATTGTGATATGGATTATCCGAGCCGAAGAGGCCCTCCACTCGTCCCTCATCGAACGGACCACAACCGCCATCTGTCAGCTAAATTTCAAGCCTTCACGTGCAATTATCGGTAGTTCGGCTAGGGGTGCCTCAGCGTCCCGGACATCAGTATGGAGCCCGGACAAAATTCGTCAGCTACTCGGCCGGTAATCGGATACTGCTCCCTAGATTAATGGGACCACATCCCGCTGTGTGAAAGACAACTT,551,50.64,Mus musculus
SEQ_399961,GTGCTACCACATTGTTGGGTAATGGTAAATATTGCCGAGCCAGTGTACGTCCCAGCGGTGGTACCGTCTAACTTGTCGTTGTTGTGATTTGGGTTATTCTTATTCGGTGCTCGTGCCCAAGATATCCTATGGAAGTGCGCTACGATCGACTACCGTCTACAGTTAACACCTAAGGGTCAATCCATCTATAGGATCGCGAGAAGACCACTCACCGCGATGGCGATGCTACGTGGAAAAGAACGATGGGAAGAAACTTTGATAATACTCATAGTCGCGGAGTGACCGCACTCCTCGACTCCAGTGCTCAGCCAGGGTGAACCCACGAAGGGTGAGAACACCCCTTATCCACCCCGGGAAAGTTTTAAATTGACCTGATTATACTAGCATGTTACACCACCACGTAACCGGGCGAGAGCTGTTGCTGAGTGACTGGTTCTGTGACCTTTGTCGACAAGAGATGGTTAGTCGCCCACTATATGAGAAGGACAAGATCAGGGAAGCATATTTAATTTGCTCCGAACATAGCCACGTCGCCAAGTATCAGGGCCAACCTTGCTGCATCTGTATCCCCTTACCGCGCCTACACGAAATGCTAAAACGAAATCGCGCGTTCTGCTAGTCAAAGCAGTTTAACGATGACGCCGCTTTATCGTCAGGTCTTTTCGACACATAATAATCCAAGCCGAGGGGCGTGAACGGTTACCCATGGTACCGAAACTGCTTAGCCGGGGAGGACCCATCGTAACGTTCATTAATCAACGGCTACCGTCCCTTTTGACCACGTGTTTCGTAAGACGAACCGTTCCCTGACTTGGCATTCAATAGGCCGGTAAATACCCTGATGGATTGTTACGTGTTCAATCTGCCTACACTTTATCTAATGTCGAACTCGTGAAATCGGCAAGTCCCACTAGGGAGATGATCTAGCATTCGCGTTCTCATATTAGGATAGTAGGCTGCCGAGTTGTGGCACCTTGTGCATAACTGAGCGATATGGGAATTCGTGCGTCCGCATTGTCAGGCTTTTATGAGCTAGCAACAGTGTGGGTGAGCCCTTAACCCATAAGCTGCGTGAGGTAACTCTTGCACGGTGTTGCGTCCTCCTCTTACCTTGGGCAGAACTCCATTACTCGGCTGACGTGCTTCGCTCGATATAGATGGGGTTAACTCTTAAAAGGAAGGGTAATATCGACTTCGGAGCCTTTAAGTGATTGACATAACGAGAGGACCAAAATAATGGCTGGTATTATACAGAGACGCTCATCCGGCCTGGCGAATTCATTTCGCGCGATCGGCGAATACCGATATTTTTATTTCATCTTACGTCGATGGGACCGAGCGGCCCTGGTAGTTTGTTGGTAGATGACGACCCTCTTATCATTGTTATGTACGGTGGTCGCGCGATAGTGAATTCTGGTTGGGGAAAAGTCACAAACGCGTATTATTAATTCCCAGTATCATGACTGCGACCAGCCAAAAGAACTCGCTGTTTAGACGGCCGCTGTAAGGAGTTGTGTCGACTGCTCATTCGTCTCCGACCTGCCGGCTCACAACTAGCGAGTGACAAATACACGCTAGCATAGTGTGAAGTATGTCAGGCGGTGTGTCCGATTGAGGTCTACGTCTGTTCCGACGTGTACAATCTCATGTACGTTACCGGTGAGCATCCCTTCTTCGGGGTCGGAGCTTCGGATGGGTGAGTTCGAGGGAATCGGACCATCGGACCGCCTGATCGCAAACAAAGTCGGGCCTATAGCTGGGCTCCAACTCCACGCCATATACCGGGACCTATGCAAACGTATTTCTGAGGTCTATATTCCCAACCAGTAAGTCCAACGGAATT,1843,49.48,Homo sapiens
SEQ_557743,AAAAACTGAACCTCTGGGATTGGATCCATTGGAGGATTTAAAATTGCTTGGCAACCATGCAACTATTATAACTAAAACTGCACCGAAGAGATATACCTAATTCTGCGATGAATCGAAAGTATAAGTCCGACGGCTAAATAGAGGAGTCGAT,151,39.07,Mus musculus
SEQ_615865,AGTTGTGCACTCTCGTTAACTAAGCCGACCTGCTCTTGGTTCAGTAACATAGAATTCTTCACAACACTACAGCGTATAGTAATGACACATCATTAAAGCATAACCGTGAAGTCTCCGTCCTAGAAATTGTGGACACAACGTGCAGCACCGTGCTAATAAGAGGATGAACGGCGCCCCTTTCAGATAAGCCGACCAAGCATCGCATTATATCAGCGATGACTGTACACGTTAACTTCCCAAATCTCTTCCTAAGACATTTCAGGGCCGACGCAGAGTATCACGTCTCCCGTCGACTATCAGTCAGAGGAGGTTTAGGGCTAGGCTACTAACAGGAAGGGCAGATTTTTGTCCAGCGTGACCTACGAAAGAGTTTATGCCGCTATTGATAGAGTACACCCGTGTTGAATATGACATGAGAGGATGTAGCTAACTGGACAGTAGTGTTAACTCAAGCTCCTACACTGTCAACTTCTGAAGGCGGTACAGCTACCGTAACGATGAGGGCGCTTGGAAGGCACAGCGCCCGACCTTATTTATCGCGTTGGTGCAATATCTGTGCACCCGAGTGCTTTAGGTTGTCACCTCTCACAGGCGCCACCCGACTGGAGTTCGAAGGACAACTTCCTTTCGATGCTGCCGGGATTCGCCCCGATGGCAACTCTCTTAATGAACAGAACTTTGTGAATTAGGGATAAGACCACGCGGTCCACCCTCGAGTTGGTAATGCTCCAAGCCGCTCTGGCAAGCATCACGTGTATAAGCTTCGGGTCAAACCTTACGTGTACTATCCCCGGTCCTTTAGCCCTATAAGGGAAGTTTCTGGCCAATGTGCTAACCGATGTGCAGACCCCTCGAAAGGAGACGATCCGCCACCATAAAAAAGGTCGCCATCTGAGATGACTGGCCTGTGTGGGGTAGCCAATATTATTTAGCCATAATCAAGGAATGTCCGGAGTCTTCCTGGACTGCCTTCGTAAAACAATCGGACCCCTGTGGGGTCCTATATCATAGGAGAGTGTCAATAGAACCTCTCCCCGTATAGGAGGGACCGATAACCCGCGTCTCTGGCCAGTCAAGATTGATATACTCGGTCCCTTCCAATTTCTCAGGAGGGTAAAGCACCGCGCGGCCGGTATCAAAACTTTCGCGTTTTGCTGCCTGGTTTCCACAGACAAATAATACGAGGAGAACTCAGAAATTTTGAGTCTGCATAAGAGAACTGAACCCATTGCACGCTTAGATGGCTGCTAACAGAATTACTACATCGGCCCAGCATAGCAAAGTTGTTATACCGGGGGATCTACTTCAACCTAGACGCAGTGGGTCCGCGGTTCAATTCGGTCGGTCACCTGCCGCGTCATTCCCCTCAGTCGGAAATAGGCTGCCTTAAGGCGGATCTACACAGATAATATCCCCCATGTATTCATTTCCTATAAGTCAGAGTATCATCTATCAGGTAGTGTGCCTATAGGTCCAAGTACTGGGACGCCCCGTGCGCTTGTCCCAGACATCTTACTAGCGCCTATCAATGCGCCTTTAATCTCATGTCCTCGACACTCGTTGGACACCCAGCTCAACACCCACCTAAGGGATTGTGAAGCTCTTCTGATCACTACTACATGAGGCATTTGGGACGCCCTCGCAGGCGCAGTCGGCATAGTTGCATTCGTTTATTCGATATAGCCAATCTAATATGGGAAGATCTCATGGTTGCAGTATATTACCGGCCGGTTGCCGCCAGTCCAAATCGAAAGACGACACATTTTACTCTACTCTTTTGCGAAAAAAACTCATTGTGTCTCCTACGGGTCAGTGAGTCCGAACCCTACCGATCAGGTATTCTTCGACAAGGATGTTTTATAGTATTCGGTTTTTCGAACTTCATGCGTTATGCCGTAGGCAGGGTCATAACGAAGGCGGTCCTTCTAAACCGACCTCGACTGCGGACGAAGAGGATAC,1959,49.11,Homo sapiens
SEQ_712745,CTATCTCGGTCCAACTATACGGACCCCGCCAGGGTGTCTTCGTCGCCACAAACGTGAGAGAGCAAGCGAAATAATACGCCGTGGCGCAGCTAAGTCTCCCCCGATAACCTACTCTTAGATACGCGAGTTAGCTTCACACGACATCGCTGAATGTGGAGTACGAGCGATTCCCGCTCATTATAGCTAGCGCTGACTCGTGGCTTCCCCATGGGAATTTTCCATATAAGACTCAGCCCGGTAGTCAGCATTTTAACACAACTAATAGCCCGCAGACTGCCGAATTGTTAGTGCCCATGGTACCCGCTTCCTTGTGTTTTCAATGACGGGTCGTGAGCAGATTTCTTTATGCTCTTGGCAATGCTCGGTAGACTCAAGGTTTGGCTCATTGCGCTTATAAGCGTAAACGGTAGGCTCATTCGTCCTTGCATAACAGGTGACTGATTGTAGCACTTCGTCGGCGACCTAGAAACTGAACATATTCATACTGACAAGTAATCTCATTAGCAGGCAGGGGGTCTGGGCGTGCCTTTGGGCAGCTGAAGTACTCGATTGGCCAGCGTCCTAATAGGACTTAAGTCGATATATGTAAGGCGGTATCCTCAGCTTATTTTTTGTAATGATGTGGAAACCCAATACGCCACGCCTAACGTCAAACAGAACAACAGAAGACGGCCCGGCAGTTGAGCTGAGTACGACAGCTTGTGACGAGCCCTACTATCCATAGGTGCGGAGCGTCATTTTGCAAAGGCTCCCAAGAGCCTAAGTACGGCATAATTCTGCAATTGGAAATTCCGACCGTCACAGCCTTCTTGTGGTTATCCGTTAGGATATGTTGGTTGAAGCGCTACGATAGGTGATTAAGGAACATTCGTCGTCAGCGGCATAACTCTTGTCATCAGTGTGTTACCCGGATATATGGACAGCACACGCATGCGGAGACTCGCGCTTAGTGCTAGCGTAAACACCTTTTGCGCTATTAACGGGCAGGAAAACATAGGGGTACACCATTAGACACCGTACTGCTCGACGTCCCAACTAACCGCTATCGCAGCCGTAAATACAGAAAGCCACTGCAGACCCTGAGCATGTCGCACGAGTCGGTATGCCAACTACGAGCTCCGACATCGCACATAAGTCGCACACAATTCTATTGATAAGTTCCATATTCCACCCATTGCGGACCCACTAGCGGCATCTGTTTGTATCCTGCGCGCCGCTACCTCGTGTCGTAGGCCTCTTCTTAAGTAGCTGACAGTTTGTTCTTGAATCTCAGCGCACAACTTCTGCGTTAAAGAGCCCCCTAAGTCGTACGAAACCAATAGTACAGAACAACTTCATTGATCGCTTTTCCCAACGAAGCGGTTATTGTACTCGTTTCCAATATACGCCACGCTCCTGATGAAGCATAGTAACGTGCTAAATCCATGGGTTTCTTAGAAAAACAGAACTCTACTAAACTGGCTACCCCAGTGACTCGAGCCTATGAGCACCAAGACAGTAACGCTCAACAAAGGAGCCAACTTTTCGCGCATCACTTAGTCGCACTAATTGGAGGGCCGCCCCACCCATATTTGATGCGTGATTGGTTGAGTTGGAACTTCCCGTTACTTATCTACACCCAACGGTCTTCTTAATACTATGGATGAGAGTAGAATCATTGTCGCTGTTTTAA,1672,48.62,Caenorhabditis elegans
SEQ_939631,GTCTCGGAGTCCTCAGAACCGTAATAGCGCAACCCGGTGGTAACCTAGGGGACCCTTCCATGATTGGCGTACTGTGCCGCTCTAAAAACAGGAGTAGTGGCTTATCGGTAGGCTGTAACTTGTTCTTACTTGACGTTAAAAAAGTGTCTTCGTTTCGGTTTGGTGATGTCATGCGTTGATACTCCCACGGCCGCGGGTAGTGTCAGGTTCAAGGTCATTTTTATCATAGGGATGCTGAATAGAAGACAGTATCTTTCGACCCCAAGCCTCCTTATATGGCTAGTAAAAGGTAAAGCTACACACGCGATAGTACTAGAGCGCCCCTTTGGTTATATTAGCCGATAGGCACTTAACATAACACGTTACTTGGCCCAACAGTGCAAGGTGTCCTTCTATGTGTAGATCCTTCAGTACATTGTTTCGTGAGTATACAAGCCGGAGGGCATCAAAGCACAGTGCAGTTCTTAACACGTAAGAGGTTCCCAACGAGACTCTCGCGTACACATGCACGGATACGAAGTCTTCTGGGTCGGTGCACCTGCGAAAGCTACCATGCGACCCGAGCCCGACGTTAAGGTATACGATAAAATTGATAAGTCCTTGAGTCCTTGCCGGAACAGTCGGCCTCTAGAGTCGCAATCCTACTCCGAACGGTCGGGGAGAGCAGAAGACTGGTGACTTGCTGCAACCTGGAGGTGTGTGAACGTGTTCACCAACCGCTCCCATAAGTCCCTAGTGGTTTGCAGTGCAATTCTTTAATACGACGCTCAATGTAGCGAACGGCGCAAAGCAAATTGTTGCAGTGGTCCATGACGTATAAGGGAGGCCCTCCGGGGTTTCAGATAAAATGGTAGAAGTAGGCCTGCTAGCATTTTTGTTCCTCCTACGACGTTAATACCTACTCGCCCCTAGTTCTTCTTTATGCCTGTCTAGAGAATTGGGAACCATTTT,951,48.69,Homo sapiens
SEQ_275175,TGAATGGTATAGCGACACGCGCAGGGCAGGCATCAAAGGCCTTCGAACTCCCCCCATATGATAAATCTACTGGTGAACACGAGCGCCTAGCAAAGGTCGCCGTAGCGACGCCGGATTAAAACTGTTTATGACCCATGTCATGCCTCTTACAGAGCGTTGAGGATTAGGTTCCCGCCTGAACGGACCCCTGAGCTCTCTGTGCAAATACATCGTCTCTATGATGAAAGCCTCTCCCATGGTATATTAAGCAGGACGAGGGGGGATTCTCACTCCTTAAACACAAGAGGTAAGCCAGAAATTAGAGCGCACCATGTGCGACACTCACGTCACCTACAGCGACTGGCCCATAGGGTCAACTTGCTTCTGGTTTGCTGTTGAGTCCGTATGCTGCTCAGAGGTGTAAGCGCCTGGTCTTCCGCTCCTCAATGGGTTGGAGAGTAGTCTTAACTCCGACGCCGTTTTTCTGTAGCCCACCAGATCGATGAAATACGATGCTTGAGGGTCTCACGCACTCGCGGGTCGGGTAAATGCTTCTAGGTATTAGCAGCCCGTAATTAGAGATCTATGCCAATCGCCAGATCCGTTACTAGTTACGGGCTCAAGTGTCTGCCATAGCAAAGACCAAAAACCTTATATCTTGTCATAACGCTCGCTGGAATTTCAAATATTTGACATGAGCTTTCAAACCCACGTGACTCCAGCAGACTCTTCCATTACCTAACGGATTACACGCAAATACTGCTCAGTAGGGGACATGCGTTTCTCAAGCAGCGATATGGATCTGGCCCGCGACTTTCAATAGCGTCACAGCGCGGGCCGGGGATAGAGATGGATTATCAGGCAGTGATACAAACACCGAAGCACGTAACGCGGGCCCCTCATTGTTACAACCACATTCGGAACAGTCGGGTCAGAGCCTTCTCCAAAACCTCTAATTCTGTCCGAACTCGACGAGGAGAACGCGGTTGTGCTGCTGAAGATAGGAGTCGCCGCTTTAAGCGGAGCTCAAGGCGCGCTAGCCAACAGTGATAGGTTGACGGACCGTTTGTATGCATAGATGCCCTATGACGACTATACGAGGACCAATCAGCATCACGCACCCGCTGTTACCAGGGACGGGAAACCGTAACACTGTAAACGACCACCTTAACAGTGTCTACAGACGTGCGTGGTACGTTAATAGACAAAGCAATCTGCAGTCAGTAGTTGGTCATCCACTCAGCAAGCCGGGCTCCGTTGGACTATCTTCCGAGGACGCTGAACGAACTGAACGCGGCACTTTGTCTACCCCCATGGTCGGGCAGGGGGGGGAGGAGCTGTAAGTGCGTGCACCTATTATGCGGCTCCAATTAGAGTAGGCCGCCCTAGTCAGGCGCCTATTAGTGTTCCTATGGTCTCTAGACAGATACCAGATTCGTGCGTCAATACAGCACGCAGCCTATTACCACTAAGAATAGTAGAACTGAAAGATGTGACGAGCATTAAGACTCTTGTATTCATCCGAATATATATGCTTGAACTTCCGCGTGGTAACAACTTACCGCTGCTCTCTGATCTGGTGCTACTATGCAAGGGCGTTCGAGCATCGACTACTGTAAAGGCCCTTGCCAGGTCTTTAGTGTGAGTATCTGGTAATATGTGCCTGATTAATTGAGTTCCCCGTCATGGTCCCGTCATGCACCCTATGGATGGTTCAATGCACGTACCGCTAGTCGATAATCCGTATGCAAAGTAGAAGCAGCTTCTTACACCGATCTAGGTAACTCATCTTGCGGATTCCTAACGACATGGGCCGACTCGAACCGGGAGCCATGCGTATGTGGCGCACATTAAAACCTCAAGCCCTAATCTCGATGGATCTTGCGTCCCCCCTGAACCAAGCGGTCTCTCTAACTAGAGTCGAAAACCGTCAATGTAAATGCCCTCTCAGGTATCAAACCCCCGTTAATGG,1951,50.64,Mus musculus
SEQ_924686,AGACTCCTGCTAACGTGTCCACGGAACCGCGATTCGCTGACGGGTGCTTTGTACTAGAATAGTACCGCAGAGTGGAATCTTTTAGTATGCCGCCGTCTAATGGGAAGATACCTTGTAAAAATTTAATGTTATTCCCGAAGATTCGTAGAAAAGTTGGGTGCGCAGAGAGAGACTACGGTGCGAAAAACCGACGGCAATTAGCCAAAGATACGTTGGATCACGGCCTGACGGGGGCCCGGCCCGAACTCTTTAACCCGGTGTGGACTAATACAGGATCCTAAGGTGTGACTGCTCATCCGTAAAAAATCCGACCCGTCTTATGGAGAATATTGGCCCTTATCTAGTTGACTACACAAACGTTAACGAGTTAGTATTATTGTCAACCCGGCGGCTCTGCTCCATCATGAACAGGTCGAATAGGGTCCACACCGATATGCCAGACCAACCTTCGTTACATCGGTTCCGAACTCAAACCAATTAGTCGGACCAGCAGCCGTACCTTTAACATCATACTGCCCTTATGTGAAGGTTAAAAAACTTCATACGAGAATAGATCAACGGGGACCGTCCTTTATAATTGCCGGGATCATTTTACTCGCCGCAGTGTTAAGTCGGTTTGGAGGCACGAGCGAATCCGCGGCATTCAGGACGCGTGGCTGTCCATACATATGCTACTCACTGGAATACTTAATCCGTATTTTTCGATCCTGCGACCAAAGGAGCTTGCAACAGACAGGTGACTCCAAGCGTTCATTTGCGTTTTCTGGGGCACGAAAATACGAAGTTCCTAGCTTCCGGACCAAATATTGCAACTACCCAACAGTATTTGCTTAACTCGGCCGTGGTTGGTGGACATGGCCACGCTATCTGCAAACTGATTTCCCTAAGGCCGTTTACCTCTAGACCCCGTTGACGGTAAGGGAGCGAGCTTGTACACAATATTCTGTAAGCTTTTGACAGTT,962,48.02,Drosophila melanogaster
SEQ_336752,CCGCTGACGGACGCAGAAACAATTATCGTGCCCGGAGTTGACAAGTAACTTTGCCTTATAGGAGAACAGTCCAACTGCGTGCCGTTATTAATTCGGCTCAGGTAGGAGTCTGAC,114,50.0,Mus musculus
SEQ_568921,CCGACTAAGCATTTAGAGACGTTAGGATCGGAAGGTATCTTAGCACCCCCGGGCGCCGATTTAAACTCTGGAGCGTTAGGTTGCCCAGGACCCCGATAATAGTGCTGTCACACGAAAGGTCAAATCCTGACGGCCCCTAATCGTTTGTTAATTGGGCGGTTACTCAGCGTGTCCCTCATCCTTGCGACCGCTACTGGCTGCATTAGCCATAATTTGCAAAGGTCAGAAGCCTTCGTGATGAACGGGTTTCATCGGCCACGCGTCAACGGGGTGGAACGTATATTTGCAAAAGGGCTGCTTCGCTCGAAAGATGAGCAGAACAATTACTTGGCCCAGTGCGCACTTGAACTCCCGGTGCAGTTCGTAAATAGCTATATTGAAGGGATCAAAAGGACCAGATCCGGGTCTCGGGGCTCTTAAGAAGGCTAGTGTTCGGTGAAAACCTATTAGAGC,453,50.99,Drosophila melanogaster
SEQ_922178,TGACACTCACTGTAGTTCCAAGAACGGGTGTAGGCTAGGCCGGCGCGTCTCATATGATACGAGGTAACTGTGTGCATGGCCAGGACTCGGTGGGAACATATCCTCATGTGAGATGGCCAATGGGAGTTGGATTGCTAATGACTATTGGTCCACGGCGCCGCAGGTCTAGTTGCTTTGGCCCCCAGGTACATGCACCCCGAAGCAGGCCAAAGTGACTGTATATACTTCACTCGCTTATAATAGCGGAGTACTAAGGGTTTCATACCCCGAGAAGGAATCGCGGCTGGTGTGCCAACGCGTGAACTTCTTACTAATCCATCCGGCGCCGACCCGTGGATACTCCGAATAATGACGCATACGGTATAACTCCCGATGATACTGTCGCTGCAAGAGTACACCCACTTGAACAAGTATTGTATTGGCACTTGCGCACGATCCCTAGCGATTCTTTCCCCATTATTAGATGGTAGGAAACTTTGGTCAATATATCGACGCCCATTTGTCTCCGACGATGAAAAGGAAAAGCCCTCCACTGCCCTTTCGGTAATGACTCTAACTAGGCGATATGTCTCGGCAGCCTCTGTCAGATACCGGTAAGACAGACAACCTCAACCCAGAGTGCAGCGAGACGATACTGTACATATTTCATTATCAACTCCTCCCTAAATCCGTAAGTTCGTAACGGGACTAAATTGTTAACTCGCCGCCTCTCTGATCTCGTCAATGCTGTTAAGATCTGAATGCGTCTGTAAAAAGCACAACCGATTTGTGTTTCAAATGGGGGCCCTTACACCCCTATACATGAAGATCACGGTTGTCGATGACGCAAGCTGTTACGCCTAACGCGTCTTGAAAAACCTTGAGTGGGACTGTTGCTTGGGCTCGTATGG,890,49.33,Saccharomyces cerevisiae
SEQ_845644,CTGTTTATGGAATCTTACTCGGTGTGATTTTCATCGCAGCAACCAAGGGGACTTGGTTTCGACCATCTCTACCTTCCACGATAGACTAGTCCATGGCATACTTGACGTTATGACAAGAAAAAGGAGCCAACAACCCAACGAGAAGCCATTCAGTTGCTCCGGATCAAATGTGGCCATACGACCGTTTTATCGGACACCTCATTAAGCGATTAATATTTGAGGTTCCTGCAGCCGCCTCCTAAAGTTGTTCAGCGAGAACTTAGTGGTTCCCTGTGTAGTCCAACACGTGGATGGTCCGTTGCTCATCGGGCAGTGCCAGATCTCATTTACTGACAAGAAATTCGTCGAGGGTTTAGGTGCGTGTTAGGATCCCAACGAGTCACATCTGACCGTCGGGCGGAGACGGGAGGAAGTCCAAAACCGTTATAGTTGCCTAGGGAGCTTAGGGCTCCCATAAAGTAACGATTCGGCGTCGCGGAGGAGACCACGGGCTTTAAGGATGCCGGCTCGGCTAGTGCTAATCGAGAACTCTACTTAGCTGCTGCGGTATCACAGTAGGTCGGAATAGTCTGGGATCCTACAACGGGCGGGTAGGATTTAATTAACTGCGCCAGAACCCAGCACCACTGATGAGGCATGTCCCTGATAAGTTAAAGAATTATATTTACTCCCCTGCTAGCGCCCTGTGTGACTTCCACGGAGGACGGTGACCTGCGTTACGTGATGGGTGGTATGTTTGCCCAGGCTCTGCTGGGCCGACGCAGAGTATTGAAGCGATGCTGAGATGACCTTCGTCGGCAACCTGGGTAGTCTAATTTGCCTCGCGAGGATATATTCATCTGGCTTAAAATCGAAATCTATTAGAGCTTCCCTCTTCTGCAACTCCTTACTAGCGCCGTTTTAAGGGAAGGAGTGTAATATGGTTATGCCGCACTCACCTAGAGTAGCTCAGATCGACATTTTTGCGTACCAACGGCACTGGTTGCAGCAATACAGCGACAAGTAGTCCCAGTAAAGATGCGAGGCGTGCTAGATGGTCGAGATATCCCACAGCGTCTAATCTAGTTCGGGGTCTTGAAGTCCTTACCTTCTATATCGCATCATTCGAGTCACAATCTATTGACCAAAACTAAGGTTGGCAGGAAAGTTCAAGTCAATTGTTGGTTTTGTGTGCACGAGCAGAGTTGGGTGGATACCGAGTCTTGCTAATAGAGCAAAGAGAAGCGCCCCCAACTGCGAGTGCTTCCACAGTCAATTGATTCCCAAAACACGATGACGGGATAGCCACCAGCTAATAGTACAGGTATGTGCGACAAGACTTGTCACACCGGGAAGCGAACTTGTATCGGCTTAACCGGTACATATCCCAATGTGTCAACGTCGAGCGTCGCGTAGCCCGGACTACATTAATACGTCGTGTCACCCCTTGACGGTGAGCTGTGTAATGGTACTCGCGCCTTCACAATGTTTCTGCGCAACACCATACAGTCGCAGTGAACCGTATGCTTATTGCCAGGAAGAACGTGTGAAACGGAGGTCCTCGGAGGCTACCTCTCAGGCGAGAATGCTTTTTCCAGTTCGATCCGAGCGGCCGTCTATTCCGCGGCATCATCGTGCGATGGCCTGACGAAGCTGGGCTAGTGTCTCTTTGTTACTGGCGCTGCTATAGGTCGATCAATAC,1681,50.21,Escherichia coli
SEQ_450878,GTCTCTTTAGCGACAGGGTGTACACTTAACACGGGACTTGATCAGCGGTAACCCCTCCCCTCCAACGCTACAGGTGGATGGCTTCTCCTGAATTTGCCTGGGGTGGGTTTATGATAACGGCGTCTTATGTGCCCCAGGCGCAAATTGTTGTGAACTGTTGGCCTTCCGACAGACATGTCTCTGGTTACAAATAAGCTTCGCGTATGCTCGAAATGAAGGGATACAAGGTATACTTCTTATAGTACAAGCGTAAATCCTAGTCTCGACTTAACCTCATAGGCGACCCAGGTAGATTAACAGCGTGTAGTATGCAGTAGGGTGGATGTAAGACTCCAAAGGACTGGTCACATAGTACAGGTTTCGGGCCGACTTTCATAGAAATATGAGGGGCAGAACCGGGCGGGGATTTCCCAATAATGAATCTTGATAGAGGGACGCGCCAAACGAACCCGCATGACAATCATGCTTATAAACAAGAAGAATCCCATTTGGACAAGGAGGGAGATAGGAGACCCGAAGGCTGGAGATATGAAGTAGTGACGCACTGGACACACCACCAGCAGCCCACTGACGGAAACACATGATTTTTTGGATGAAAAGACAGCCCCGTCCGATACAAGTTTCTACCGGACGATTAGACAGATGGATTTCACCTAAGTGGATTTACATTGGGCACCTTATGACCTCGGCGCGCTAAGGCGGATACAAGTATTCCCATCACAGAGTATTACTTTGTTCACCTAAGTGCTTGAATACTTTCATGCAACTGGCAAGCCCAAGCTTCTATAATACTCCAGCAGCTCATTTAACGGGCAGCCGCTGCCGCCCATGCGAAAATTCACAGAATTATACCCACGGCTCGAAAATCTATAGTGTTGTCGGTGTAGCGGGCGCGCTGCTATCTTTACTATCCGACGCGTGCCATCTCCGCCCCTCCAATCGCAATAGTTTGATTTAGAGCGTCGGCAACTGTAGCTAATAGAGATGTCCGTGACCTACGATAGGAGAAGCATGACCTGCCCAGTAGAGTGAGTTGACGCTGTTGGGGGTCCCATGCACTGTTAAAGGCGTACGGGTGGGGTCTAGTGCTAAGAGAACAGGCCGCAAGTGTTGACTTGTGGGGCGAAGCTTCCACGGGGACTTCGAGTTATTGAATTTTCCGCAAACCCTTAAACAACCCCATTGTCGACTCTAGGAGCGGAGTATATACGAGTAATACTCCACGATAGTCCAAGCGGCTTTTTAAGATCCGACAGCTACGCGCGCAAAATCTACCGGGGTCGTAGGATAACGTTGCCGACGGCGTGCTGAAGTATATGTATAAAGGTTCCGGCGGAAATTGCGACCTCTCTCGGGCTCCAGGTAAAGCTAGCACCGGTTTCCCCTATTCGATCTAGAGCCGCTGTTATTACGACGCCCGGGCAGCAATAACCCGAGGGATTTACCATCGCGGTGCAGGCTGTGCTATACGGCCGAGTATCGAGAACGTTAATAGATTTCCCTCTTTATCGTCACTATTAAAAGATTCTGAGTTTTATTAGCACGCCCCGTTGCGTCCGGAGGGCACCTTGCTGTATACCGGGCCGGGCTTGCCCCTGATGTGCATCCGCTACACGATTCCAACTTAAACTACAGACACCGCACGTCATGCGATCTGCAGAATGGATATTAGCCCGCCGAGATCCTCTAGTAAGTGGTCTACCGGACGGCATAAGACGATCGGATCAGTCTAAGTCGCGGTAAAGGCCGGGTTAATAGCAACTACGGTACTTAAGGTTCATTGGCGAGCTAGCCG,1795,50.14,Saccharomyces cerevisiae
SEQ_261633,CGACAGCTTGCGGATTATAGGATTAGGAGGTGAGGAACTACCAGGTCTCTTTCATGGACACACATAGACTAACTCAACTGTATACCCGGTGTAGTGGAATCCAATCCATAGGCCCTAAGGAGCTAGATGCATGTGACTACAAATGATGTTTTCACTCCGGCTTCACGGAATGAACCTCCAAATCGCGGGCAATTACAGATCTGAGCTATGAGGGAGCTATCGTCAAGCTTAGTTGCTGTAAAAGCAGTCAAGAAGAAATTTCGTTTTTAAAATACAACCCCTCGGACATCCACGAGAAGCCTTTATAAGTACGAACTCCGGCGCGCACGTCTAAAGATTGGGTTCCTCACGTAAGCTTCCATTTAAGCCGCTGGAAACTCAATTAGTAGCGATCCGGTCCCCCGGGTTTGCGAGCTTTCGTAGCAACTTTTGCAATCAGGAATGGACCTTCCGCGCAATAGTTGGATTGCCGTCGTGCCACGTTAGACCGTCTTAAATAGAGGGGATCACGGCGAATGATATGCCGAACGGACCGGATATTGGTCTTCTCAGAGCAAGGGGAGTAATCATCGTTCTCGGCATCTGCTCCGGTTGAGTACTACTACTTACAGGCTAGTCATAAGAAACATCGAGACTCCCCGATGATGCACAATACTGCTCCTAGAGGAATGATGAGAACGTCTGCGTCTCTACCCCGAGGATGCGGTAATATCACGCTTAAGAGTTAGAGGCGAACATGTGTAAGACTTCGAAGGGGTGAATGTCCTACACCAACAGGGCACTAATGTTATCACCTCCGTATCGGCTGGGCGCACGAATCAGCGTGCTAAGTTCGTCCAGTACACATTACTTCCTATCGCAGTACATCACTTCGCGAGGGCTATCGTTTAACGGGTCGATCGGGGCATCGCAGGGGCTTCTAGGCCTATTGCTCGCGATGCAGACGTCAGGTAGAGCACTGTTTGATCCACGTGCGTTGTAAGTCCGTGCCGACAGAAAAAATGTGATTAGAATGGCACATTTTATATGAGGCGGTCCCTCAGCCGCGACACTCTGCCTCTACCGTATCCTCTAGGTCTTTATACTCCGAGTACCGTATCTAGCGTTGTAATAAGGTCACCGGCCTTACGCCGCATAATGAACAGAAGGTGACGCCGAAAGGATCTTATACGATAGGTGCAGGAACTACTACTAAGACACAGTTCACCGCGGGATGAGGAAATTGCATGCTGGGGGTCTGCAACTTCTCGACGGAATCTTCGGGCATCGACCGACCTCTTAGAACCAATCCCAGCTGAGCTATCAGTTGAAGAACCGAGCCCGGTCGATCGGAGAGTGGGGGCCGTCACAATCTATTTCAGAGCGCTGGGGTTGCGCCATGGATGAAATACGGGGGCGCTGTCGTGGGGTCACCTAATTACACTGGCGATAGACACCACTCACGGTTAGCGAAGTGCAGCGAACCTCTTACTATTGTCTACTCTGGATACCCTGAGAGGGTGGCGCGCTCAGTGGCACGGGCATCTAGAAACCGTCTGCCCTGTAGGAAACTTGAACTTCTTTCTCCCCAAAATATTTCTATAAACCGTTTTTTTTCCGGTCCCTTGAACCGAGTTCGGTAGTAGAATAAACCTCTGAAGGAATCCAACACACGGGGCCCATGATGATTAATGCTGGCATGGGGGTCCACAATCTCTCCCCCATGCGTTAATTTAGTTCTTAATGTGCAGAATCACTGGCCTCCTATCTTAAGCATAGAGCTACATGATTTGTTTCTGGGCCCTGATTTTAGCTAGGCCGGGCTGTATTAAACCCATCTAACCAAAACTTGGGGCTATCCTGATTGTCAACTTTCGGGCTGAGAAATGCCGTTATATCCAGCGCTGTCACCGGATAAACATCGACGCTTACCGCGTGGTCAG,1922,49.69,Caenorhabditis elegans
SEQ_623989,GCATCCCTCACCGGAAGGTCTATGTTTTCTGCGTCGTCCGAACTACCGCCACAATCGGTGTACGAGATGCTTTTAGTACCAATCCGCTTCAGGTTTGCGAGCGATTGCGTGGTCTATTATACCACCTAGTATTATCCAGGTATCGCACCATCGTATAGCGAAGCACAACGACCAATTGTGATGCATGTCCTCTCCGACTATACCCGACGCCGTGCGACTAGGTGCAACATCAAGAGAATTCGGCTTATTTTCGAAATCTACGGCACATAAGGAACTCGCCGCAGTGGAACTTACCAGTGAACGGATCTTACGTCCCTGATGATGGAACCGGCGTTGAATATCATTCTTATCTCGCGGTTTTCACGATACGTGTATCAACACTATTGAATCTGCGCCGGCAGAGTACTAGCCATGTTGGATAGTGAGTCTCGAGTTAGGACGCTACCAACTGGTACGATTGTCACCACAAACCAGTAGGCTCTTGGGTCACGCGAGGTAACACGTACCTCGAGACCCCCTTTTAGAATAGATCGGGATGTACGAGCACTCATCCAAAGAAAACCCAAAACGGATGCATCTCACAGAGCAGGCAGCGCGCCGACTGCCACTCGCTCACGCGCCCCATGGATTAGGCCTATGATGACAGCTCTTCTGACCTGTCGCTCAGACCCCGCTAGGATTCACACGAGCAGCTGTTTCAGACCATACCGACAATTGCATCGCCCTCGTTCAGCACATAATAATCTGTCCGTAGGTCCGTGTTTATAAGATCGTAACAACTCCGCCAACAGTAGGGTTGAGGGCTCTGCTGCGAATGCTGTTTGCACACTTTGTAAGAGTATCTCTCTTGCCGTATGAGTAATCGCTCCGCATAAAGTGGTGGTAACTTGCTATTGCCTGAGGAGACCGATGTAGAGATATTGCAGATACTCTGTAGTCGTGTCTAAGTTGCTCGGGCTCAAACTCGCCGTAAGCGGGAAAGCATCGGATTTTATGCGAAGATAGTTATATCTTAGAACTGTAGTATTGCAGGGAACATGCATGGTTGGCTCGCGCGGCATGCCCTACTCTGAGCTATAGGTCCAACTATTACTTAATATTTCCGGGAACTTACGGACATTTGCACTCCCATCCTACGGGTCCCGGGGCGAGGAGAACATTAATGATTGGTCTTAAAATATTGGGTTGGTCTACAGGCATACGACTGGGTTCAGCCAGGTATTTCCTTGAAGACACGCGATTATCGTCACTAGGGTACACGGGTTAATATCTTTCACAT,1279,49.1,Saccharomyces cerevisiae
SEQ_851993,GGTTTTACCTAGTGCACTATACGATGTGGTCTGTTCCAACAGATCGATTTCCCAGCCAGATTCACAGATAGACTGGTAGCCGTAGGGCTCCTTCTTGTCCCCACTTCTTCCAGCGGTAGCTGTACAGATTCGAGTCGGTCCTCGCCCAGACTAAAACCTTAAATGCTAAGATCTTAGCCTTGATCGTGGGCAGTACAGAATTCGTTGAGCCAACATTTTGGAAAAAGAATGACGGTAGAGTCAAGCTGTCAGTTGGAACCCAGCTGCCGGGAATCCTCGCACAGCTTAACAGGTAGGGGGACTCTTATGGGAGGTGATGCAAGTAATTTTGACTTGTGTTTGACGCCCGACTTCTCTCTGCCGGCGTAAACGACGAATGTGTCTTCACTGATTGACGCGTTCTAATAGTAATCGCTAATGAGCTTAGCGGGCA,433,48.73,Homo sapiens
SEQ_506470,CATTCGAGCGACTAACTTGTTGCATATGGCCCTTCTTACTCGGATTCTGCGGCACACCGTCGCTCGACATTCCTGGCTGGCGAGGTTGGAGTGCCTCTACCGCTGAGGGCAAGTATGCATCACCCCTAAACTGGCCTCAGCATTAGAAATCGGTCCGCGGCTTGCGGCTGAATCACCCTAGGCAGGTTCAAGCGCTGGTGTGAGGCGGCGCGACGGTACTTTATCCGTTTACGGGGGACACCAGCCTACAGGACCGACCCAGCTGTATCCAAAAATTGATGGTGTAGAATTTGGAAAAGGCAGTCACTCGAATCGGAATTGAC,323,54.8,Mus musculus
SEQ_617302,CGAACCGGCCTACTCGTGCTTTCATGACGCGGGACTGACGCCCCTTGGGCGGATACCTGGAGTGCAAAGAGGAATAAAGCTGCAAGATCCGAGTAAATCGTGTGAGCTCTTTCCATGTCCCAACCCGCGCGCGCGGTCGCTGCAATGATTAAGCGCCCCTATATCGAGCAGGCAAATGTGTGCTGGTAGCAAGGGCAGAAAGCTCTCTTAATTAAGACAATGCGGCCGACCCCTCGGAAATAAACGCGTTGTTCGTTCTGCTTAGAGACAATCCCGCGTAACGGGAATAGGGATTAAGTGAAGCAATTGTGTCATCAATGTCCAA,325,52.31,Mus musculus
SEQ_432746,ATTCGTATAGGAACTCAACCCGTGAAGCCAATGCTCTCATAGGCGCTTGAGCGAATAAACCCGCGTGTCAACGATCGTGGTGCTCATTTAGGGATCTGCATTCACGTATTTAAACTATCCAGACAAATCGGTATTGAGTCACTGCTTAGCTCAAGCCGTAGAAGGCTTATACAACGAGATCCGAACAAGAATTGCAATGATGGTAGATCATAGTTCGCACCATCGCCGCTCTCAAGTTTAAGAACTCTTCTGTAGGCAAAGCCTGGGCAGTGACCTACACTGTTCGAGAATTTGCCCAGCGAACTTGAAGGTGTCCAGGGATGTCTAGCTGACTGGTATTCAGGCCCCTCATCTTAACCATTAGACTAGAAAATCATCCGTATAGCTACCTCTGCGCCGCGCATTAAAGTTTCTCCGAAGCGTTAGTACAGTACCAATATGGTTAGTGAATCTGCGACGTTAATCTAGTTCCATTACGGAGTTCCCGGAGGCGCATATCATTATGCAATCGGTACTTTCTTGCTGCTTAAACACAGGTACTAGCTCTTGAAAGTGGGCAAGTGGAGCGTGTCCAGGTCCGGTAGCCTCGGTTTAACGCTTCATCGGGCCCTCTCACGAACACTGTAGGTCGTCGGGGTTGGGATCGCACAATTGCCATCAGTTGCATTTGTAGATAGCACCAGGAAATGGTAGACTAGTAGAGGCATTCCGCGTGCGAGGCCTCTCCCAGGCGCGCTGAGAAGTGCAAGACGTCGCCCCGGCTCCTCCATAGTAGAAT,778,49.23,Saccharomyces cerevisiae
SEQ_585639,GTGATCAGGTATCGACTAAGATGATGACGAATGTGGCCTTCATGGGTTACGCGAATCAAG,60,46.67,Caenorhabditis elegans
SEQ_739130,TGAAGGTGAAACCTTCTCAAATTCGTACCGTAACGTTATTGCCCCAACTGATAT,54,40.74,Mus musculus
SEQ_233018,CAGAGCGAAATTCATCCGACATCGAAGGGAATCTGCGAACGTGAGTGGCGGCGGCAGTAGAGTGGGCCGAGTCAAAAATTGATGCAAGTCCGAATGCGCCCCCCGTGCACGATAAAGCTAAAAATCCTTACCTGTCGCGAGTCATGTCGTAGATCAATGTAATCTAGTTCAGCCCTCCGTCACCATCACAGATGCACGGAACTAGAAACAAGGTACCTGATGAAGTGGTGCCCATAGCCGGTGTACAATCACGGTTGTCCCCACATGTATGACCTTGCTAAGCACGCCAGTAGGGCGGGGAGGGGCCTCCCCGTATGAATAACGCCCTTCCTAAGAGGCCGCTGTAGAAACATGGCACAGGTTTCTTTACCGAACGCTCTCCCACCTTGTTACCAGGACCTGATGCACAGTATACCTACCCGGCTTGATTGTTAGTACAGTTTCTGCCGCACGACTCATAGAATCACCGTCGGGATTTAAAAGACCGAGTCTGCAATGGGAAAGTATCCTCTTTAAACGAGTGCCATCTCGAGTAACGATTACTCCTCTCACGAGAGATGTTCGACCTCCAGCCAGGTAACTGTTCATGGTAACGTGTTAGAAATTTGAACCCTCTGGGCCTGAGTGTGTTAGAGGGGCCTGCACACTCGGTCACGATGCACTGTTTC,668,51.35,Mus musculus
SEQ_905775,CGACCTCTGCTTCCGGCTCACACTATCTGTGTGATACGGGAACAGCCCGTTCGTATAGAGCGATTAATCATGGATATGCGCAGAAGGAGTCCCGATACTGGGTCTAATAGCGGATAGGGCGGATCTGACCCCAAGACGTGTTGAAACTCCGGGATAATGGCCGAGCTTTAATTTTGGCCATTGGCCCCTTCGCCCGATCTGGGGAGTTCCGGATACGTTGGTCATGTAACCTGAGCGGTTCCCCCACCATCTGTCACTTAAATTTAAAGACAGACGCAGATTGAGGAGTAGTGGTTAATACCAAGTTCAACCCCCACACAAAAGGAATGAGACAAGATCACAAAACGTGAACAGTGAGTGTTGTAGGTTAAAGAAAAGGACTTACCTTAACGACTAGTCACAGGTAGGGTGGTAGTTAACTCCTTCGGGACCGATGAAAGTTACGGCGCAGGAGCCACCACGCCTCCCCATCGGGCCCATCCAGTGTGAGAGTATGACCGACGACGTTGCGTCCCGCTAAATCTCCGAAGGAGGGTCCATCCACAGGGTACGGTTTTACGGAGGTAATGAGCGAGCTCCTTTCTAGTTGGATTTGTGCCAGGTAGGATTGATGGATAGATGGCTACCGTGATTATAGCCACATGGCAAGTACCATTCAACAATACTCTTGGTCGATTGGCATGACACAGCTTAGACTTGGCGTTATAAGACTCTCCTACCTGCTGCCCCATTTTGCCATCACCGCTAAGCTTTCGTGAACGGCCTCAATGACCTTTTGGCGTATAATTCGATAGTTCCCGTCTGCTTAAGCTTATACTTCAAGAATTATAAGTGTTCTGCCGAGTAGTAAGGGCAATTGCAGTAGTTCAGTTACTGATGTCAGCACCTTTAAAGGTGACCGACACCTACCCCTATAGAAATGCGAGGTACATGACCATCGTATTGTATATGCAACGAGTCGATCATATGATGTGCAATAATGGCCACATAAGAACAGTCTTGACCGGCCCCCCTAGATACTAATCCGTCACTATTGGGAAGGTAGTGCGACGTAACAAAATTGCCCAAAATTTTATCAGGAAGCGACTAGATTCTCTTCAGTACCCGCACTTTAGCAGTCTTCAGATATCTTGGATCGTCCACAGTCAAACGATGGTCACATGGTTGGGGCGTCTTGGAAATCAGAAATAAAACTGGCGTGGGCAAACGAGGTATATTCCTCAAATCATGCTACCACGGACTATTCAGTCCCGAACCTATGGCATAGTTGCTCACCAACCCCCTGGGGCAATCCCGAGTGGCAATATAGGCCTAGGGATGGAGGGAGTGCGGTTCGATCAGGAGGTGATCAGCGAGAAAGTTTACGGCGGTATGTCCGAACAAGGTCGGCGGCTCTTGAGGTTGTCGTTTCTAATCCACTAACACGTAACCTCGGGTCCTCGGTCTACTGACTCCGAAGATCGGCGGGGCAGGCCGAGTCAATACCGAGGCTAAAAGATGTAGATCATAGCGTTAGTGTGGAACCCGAGAACTCAGGAGAGTGACAAACGCTCAGCGTGCAAATTGGACCCTAACGAGTAGCAAGAAAGCGAGTTTTACGAACTATGGCTTGGACCTGGTTAACCATTGAGTCCCTTTTTAAAAGAGCGAGTAACGTCGTATCTTCATGCTCTACAGCCCCTCTTGCTTTAACATCCGATAGGGTTATAGACACGCAATGTAACCGACCGGGGTTGATCCTGATGATGACCTTGCGTGAAGTATCTGCTTTAAGGCGAGAACTACTATCCAACGCCAATACTTCGCTGTCATTTGTTTGCATACCGGTC,1829,48.72,Escherichia coli
SEQ_555841,GACCCGCAAGTTTTACGCATTGTTGAGTCGCCCGTTATCGAGAAAGGTAGATTTGGGTTTCTAGGTGGAACGCGGCCATCCTGGACACGCCCCCGCGATGCCCTTTTATGAACATATATCCAACCGCGTTGTTAAGGTAGAGTGCCAATACTCGGTTGCACGTCACGCGTATTGCAAGCGCGCCAAACACCCTATGGATAGTGTAGGTGCGTGTAATTACAGTTGTGAACGCGAAAACCGGGACTCCCTACACTTTTGGGACACTCACTTGTCTCTCGAGATTGCCCTGGTGAACACTGTCGATAGAATACCACCCTTGATCAGCCTGGCTAATTGGCGCCGTTTTGCACGCAACTCCGCGTCTACCCCTCCGTCGGGCCCAAATAACCCCCGTCTTCTGTACCAGTGAAGTTCAAATAGAGATTGAGGCTGCATAAAGCCACCACAGCGGACAAATAGTGATAGAAATACTATGTAGGTTTGCGTAATAGGCTCACCGCTCGGAGATCTACTAGGATAGGAACCTTGCCGCATTCTTCGCACTGACCTTTACCTTTAAGACGCGTCGTTGAGATTGACCTTTAAGCCATGGAGAAGTTAAGAATGCCACGCAATTCCCTGGATCAGACTAAACGGATTATTATCCCAAGGGCCTGAATATCTGCGCAATTCAAATCCACAAAACGAAGGCCGCGTAGTTATACTGGTTACGTTGCTCGTAGTCGGACTTAACCGGCTCGCAAACCACTTCCATGTGTGGGATGGACTTGCCGGTGCACCTTAGCGAGATACCTGTTGGGACGCTAGCTATCACTACCTTAAGTGCCTGAAGTAAAGAATAAACCGCGCTGGTAAACATCAAATCCGCTCAAACTGCAGCAATCACACAATCAGATTGAGCTGTCGAGCCGTAACGTTGGATCTGGGCCAAAGATTTCCCACTCCCTATGCTATTAACGAGCTAGGACTTCTGTCGAAGGTTGACACCCCCTGTCTGTCTGCCGAGTGTTAGACTCCAAGCACCTGGGCCCCCGTGCATTAAACTTCCTACAATAGGACTATCGACGATAAATAACAGTAAAACCAACAGCCAAAGCCTTTTGATCAGTACAATGGCACCGTGCAAACACTTGAACGTTATCACATTGCTACTTATCCATGTGACTCCCGACAACTGTAACGTTAGGCTGAATAAGTCCTGCATCTGATAAAGCCTCGATGTACCGTTCTGATATACTCGACTAAAGCCCTCCCACGTCAGTCGTCGCCGTTTCGACGAGGAACCGTTGCATTCGGCCGTTTTATAGTCCTTCTGGAATAAGTGCACTTCTTATATCCAAACGCTTCCGCTCAATCCCAATTCCAAGCAGTCTATCCTGTACGATCTAGCTTACGAATCTCCAGGCCAGAAACACGGCTCCTATTTGGAGTTTGCTTGAATGAAGCCATTCTGAAGGGGGGTGGTCTGCCTAATTAGTACAGAGGGACGCGTGACAGATCGAGAGCTATTCGCAGGCCTGACCTCACGAGTGCAATTTCCAGCCTTAGCTCCCCGGATGCCTCAGCCTTGCGGACGCGGTATGACCACCCGGTGGCCCCCGAAATATGAGCAAATCCGGTCTACGACTAGTCCACCCGTTGAAACTTAGCAATATGATATTGTAGAGACACCCTTCAAAGCGTGCAGACCCATGCTTTAAATACGCCCAGATAAATATGGAGATAGAGATTTTCTGTTTCTCCGAAAATAAACATGACTGTTGAATTCGAGAAGGACGTATTCGGGGTTTCTCCGACTAACCGTAGTGCGAAATCGCGGGGGCTGGGGACGTCATATACAGTTTCGTGTTGACCCATATTGGATATAGTAAGGTATAATACCGGTGTAAGGGAGTCTGTCAGACGGAATATACGCTCAAAATTATGGCAGCGGCATCTAGAGTGTGACGTCG,1952,48.82,Caenorhabditis elegans
SEQ_998425,CTCGCCTTACCCCAACCCTGTATAGAGCCTGGCCAGGTCTTAAAAACGATTTTCACGGCTGTCCTCTGTCTAGGGTCTGTAACATAACAAAACATCGTCGGCCGGGGGGGCTCTCTGAGTACTTTTTGTGGTCCTGGTTTCCTTTTTTACGGCGGCGTCTCTAGATCGGGCCAGATGGCAGCCAACCCATCGCGACTGCAATCTTATGCACGCTGGGGGTGGGTAGGAGTCGTATGCTAGGTGGGGTGGTAGCTCTCTACAAGTAAAGTACCGTCCGTAGATTCCTAATCGAACCTGTCGTCCCGACCCTAGACATACTGAAAATAAGACTGGTAAATCCAAGAACGCAGTCTCGAGGGATGCCGAGGGCACGATAGCCTGAAGTAGTTAGACCGAGAACCTCCAGGTATATACGAGGAGCATCCGTTCCGTCGGCGATGCGAGACCCTGAAATGAATCCTTGGGCACAGCGTACTGTCACGTACTGGACACATACATACGGATCTATGCTATCAATGGCCTCTGATAATAGCGAACCTAGCCTAAAGTAACTATTCGTAGATGTTCAGTATCGGCGGGCGAGTCGTAAGATTTTTTGATTTTGCTCACTGAGATGTGAATGAACACCTAAAAGT,635,50.08,Saccharomyces cerevisiae
SEQ_858267,TGGAGACCGCCAAATCGGTAGTTAGGACCCTGGCAATATCGGTTTTGAAATAGTCTGGCAGCATATACTCCAATTGGGGCGGGAACAGAATGGAGATCATGGATTGACCAAGAGGATGCCCCTATGTTTTTAAACTTACAACTGACACAGACCATACAGATACCTGAACCATGAATCTTATCCAGATGTACTGCTTCTTTGATGTGCAATGTTGGTCGTCTTTAACCTAAACCCTCTTCCTTCACCAGGAGTACGTCAAATCCGGTGACTCTTAGTCGTGATTGGAGTAGTACTAAAAAACTTTAGCTGTTCCTCAACGATTATCGGAGGCAGCCGAGAAGAGGACCTACGATAAGCCGACCATACCTCGTTCGCAAGGATTGTACTTGCCTTGCAAGGCTCCGCAAGCTGTTACTAACAACGAGTGAGTTTGCCACTCCGGAGGCGCTAGTCTGCACTATCTGGTTGCTCCAGCGTACCCAGGCACACGACGAAGCTACCCTTTCGACAGAAGTGACGGCGTGTAGCGGTTTATGGATGGTTTACCTTGCCAGGGGTCTCTCTTGCTGAGGACCGATCCCTGGATCAAATTCCTGGTTCAGCTATTTAATTACTAGACATCCCGCACAACGACTCAGAGGCCTCGACGGGATGGAATCAAACTATTCTCGCGTGATCT,679,48.45,Saccharomyces cerevisiae
SEQ_321626,GATAAGATAGATTCCATTTCGGAGGTGATCGTAGGCCCGTTGCTTCATATGCTGCGAATCATTGTACCCGAGAGAAAGCGTTGTCACAATTCAAGGTCGATTTGCAGAGGAAATGTCCCGTTGTTGGGAGCGCAGGCAGATTGAAATTGACCGAAGAATGCTTGTCCGAAAAGAGACGGGGATGCTCGCAAGTGCCTGATCAGCTAATTGCACTAGGCTTTTAGTCGAGCGCATGGCTACCATACGCCTGTTATGTATATTCCGCCCCGGGCTTTTTGTCTGTGATGCTGAAGTCGAACAATGTGATTAAAATGTGTGAAAGTGTCCTCTCATTCGTGGTTTGCCTTGTCTTCCACAACACGTTCGTGTGATTTCTGTTTCAGGGAATACTCAACAGATCCCGCACTCGGCCGTAAACAGTGTGATAGCTACCGATTTCTCGGCATTATTAGGTTCAACCCACAACCCAACCTATTCATGTAGTTTCTCCGAATTTGCGAAGTTCACTATATGCAGGCTGACTTTTGTATTTCCAAATAGTCTAGCTGCCGTGAAATTATTCTTAACAACCCCGCCCTAGTAATCGGTCTAGCTCAGATGAGCCGACAGGCTTCGGCGGGTTTCATACTATGCCTTGCATGACAAATCTTGGAGATTAACTGAATTACGCAGGGAGCGCGACTAAAGTAACAGCACATTGTCTACAAGGACATGCGAATTTTGTGTCTCCGGAGGCCGAGATGCATGTGCAAGGTTTGCCCAGCACCCTCCCCCGACATTAAAGAGGCCTCACTTAACGAACCGGCTCTAGTGCGCTCTTTTCATCTATTCGTAGCTGTATTACGCCAAGAGTTAAGACAGGACTATGTTTTCGATGCTCCCCGGAGTTACTCCATGGTCTGGCTGATTTGTACGCAGCGCTGCGCCGTCAGCCCATATACAGAAAGAATAGTAGTTGGTGCGGCATTACTCTCAACAGAGTCCCACTTTGGACTCCACACCCATTAAAAAAAACCCTGTAAGATTAGCAACTAACGTCTTTCTGTTTAAAGGGAATGAGACGGGCGTTGTTATGTTCTCGTTCTGGAGAAGTCTCGCCTCGTTAAGATAAACTCATTAGGTTGTTTACCGATAGCCGTCGCGACTAT,1148,46.86,Caenorhabditis elegans
SEQ_913217,ATTCCTCGATACGGACTAAGCTCCATGTTCAGTGACGGTGTTATAGACAGATGTTATAGTTTGCTTCTTCTAGGAGATCGTATTCCCCCTCTTAACGTTCTACACATGCGAAGCCAATTGAGCATCGTGGGGCCTCGATTAGTGATTTCCACCGTGGTCACGGCCTCTATGCGACCCCCAAGACCTGCGACGACTGGCCCGCCTTGTATGACGTACGGTCTGGCCCGGGATACCTCCAATAATTAGTATATCATTTACCGAAGGTCCCAAAGCGGCGAATGTGAGCCTGGACTTCTCTAAGAATTCCAGTGCTCGAGGGGTCGGGTCGCTTGTTCAACATACGGTCGGCTCGTCATTAGGCCGGCATGCCTCGTCCTGGACCAACGATGTCACAGGGACACATGAGCCTCTCCATCCCAACCCTTCCGAGCGCGGGTGCTACTCTAAGCGAAGGTCGAGTCGTGGTATCACGGCTCAGTATAGCCGCGATAAAAGTACTTGGAAAGCCGAGAATAGAGGCATGTCAACACACACATATCGCACCAACAGGATTCGGGAACCCCGAGCGGGGGCATCTACTACCTCCCTTCCAAGAGGTAGTCCCGT,606,53.47,Homo sapiens
SEQ_380775,CATGTGCGCTCTCGGGCCACGATCCCCCGCATCGGGACGGCTATCCTAGGCAAGACTAGACGCTTAGAGTGTGCACCTCTAGCTCCAATCACAAGTATATGGGACAGCCGATAGAACGTCCTTATCTTACGCTAACTTTGCGCGATTTTGTGCGATCACTTCATTCGACGCATTCGACTTAGGGTAGTATCTGATATCCAAAGAAAATTATGCAGAGTCCAAACTTTCTTTCGGCTCTTCTCATAGATCAGCGCAAAAAGTATCGCTGTACTTTCGACTTTGGGCTGAACGAGGGTGCTCTATGAGCCCTGCATTTAACTGCACAATTGTGACAGAAGTTTCGTAGGGTATAAGCGACATATCTGAAAAATTATCACAAGATTTTACCCTGTCGGTCAAGAATCGGGTACGGTCGGTAGGAGA,423,46.81,Mus musculus
SEQ_435316,TCTAGGCTCCTCGCCCTATCTGCTTCAGACCAATACCAATGTAGCGGAGCAGAGCCCATCGCGGTACTCGCATGCGTCTTAGGATCGATCTCACCATGGTCCATGTAAGCCGGGGCTTCATAGCTTACCTGGTCACACGTCATGACGTCGGGTTGCATACGAACGCGGACGGGTTCTTGAGGGAAGGGAGGGGGGGATACCACATATTGGCTTGGTTGAATGCAGAGAAGCACCGTGATTCAAGTCGCCTAGCAGGTTGCTCAAAAAGAAGCTATCCGACTAACACAGGCTGTAAGGTTAGCTCGTCCTTAAGCACGCCCGGGCTGTCAAATTTCTCGGGTAGGCTACGTCCATAGCCGACGCCATTACGAGTAAGTTACTACTGGTGTGTAGTAGGGCAGCTAAGACCCCTGTACGACGGGGCTCTGTGCATGACTTGACCGACTAAAGTGTCCATGTCGTACATCTCGGGAAGTATACCAGCTACTCGGAGCTTTTACGTCGAGTCGAGCCAACAGTTTAGTAACCTTACCAGCGCGCACGTACGGCCCGCGTGTAACGACAAATCGCGGGCGCCAGGCTAACCTCGTTCGTTATTTCACTGTACCAGCAACTACGCCGATGCCTTTACACTCTATGTACGATAATGGTCTGCTCGCAAGGACTCAGTGAGGCCGTTTAGGCTGTGTATGTTGTCAACTTCCATCTTTTGTAGACCTGCCCGCGGCCGTCGCATTCCAAGCTCCGTCTTAAGGCAGGCCTGGTGAGCTGGTGCTCAACTTGTAGGGAATCCGTAAGTATAACATCGGCTGTCTCTCGACATCTGAGCACGATACCTGCTGCAGCTATGGGATCAAGCCAGCACCAAACAGCGTGAAAGAAATGCTCACCGCTACGGATATCCTCCCTGGCGTCAAACGGGTATACCCTAGCTGGAATTGGGCCCGTACGTTGCCGATTGCGTTTCATTCACTCGGATGAGTTTACCTTATATGTCCATTGGGTCCGACAGTATCCATGTTGGCTTGGCGACTCGCCCTCCAATTATCATAGGATATTCCCTTAGCTCCAGACTTGGGCTTCTCACTGTGGCTTGGAATACTAGTGGTTGCAGGAACTAAGACACTACGGCCCTTGAAGGCAGAAAGACTCTTACCACTTTAAAGGGGCGCTGCAG,1177,52.59,Saccharomyces cerevisiae
SEQ_441246,GGCTATTGTAAGACCTGTCCTGGACATTGGGGAGACCTCCTGGTAGTGTGACTCTAAAATGGATGCCGATAGACAGTTGACCATCGACAGTCGCGAGGGTCCCTTGCGACATAATCATATGAATGATCATTTGATGATCGTTGCCGGAAATAAAAACTTGAGGCTGCGCTGCAGCTATTGAACACCCGAATTCAGCGCGGTCCATTAAGACAGAACCGCAAACCGGGGCCTACAGACGGTGTAGCTCTCTAACAGGGATGTAGTGCAGCTCACAATACCAACGAAAACGCGCTCTGTGCTCCTATCCCGTCGAAGAGACGCACTGTCTGGATTAAGGTTAGACAACCCCTGGATAGGTGTCCATTTTGGAGGCGCTGACCCCGGGGTACTTGATGAGTGACGGATTACAGATAGAGGACCCTTGCTAGCAGCTCTGTGTCGAACTTGAGCAGAACCACCTTACCTTGAAGAATTTACTATTTTTTACCGCTTCACCTCCACCGGTATCATGATGAACTCTTGATGGTAGGACTACCTGGCATCTCAGTTCAGGAACTCGCCATCCAGACCCTGTGAGAAGTTGAGCTAACGCATGTGCTGTGTTTAAGACCTCGTGCTCAGACTGGATACGTCTTTCCGACCGATAGAAATCACGTTGTGTAGGGTTCGGGCGATG,676,50.0,Homo sapiens
SEQ_169486,AGTTGCCGCGGAATGCCCTGTCTGCACATGGCAAGGTCTAAATCAGATCATGTGACTCATCCTAACCAGGCAAGCCTCGCTCCAGTCTGCACGAGTGCTGCCGGTCCCTTGCACGCGCGCATCCCGCATAGTTGGACTGTTGATCGAGACTACACTTGAGGTGCAACGTGTGCTCATGTCTTGTTTGGCAGAAGCACCAGCCCGCATTAGAAAAGATATACTGCCGCTCCGATTACGAGCCCGAACGGGTCCCAAGGAATTTGTCGATGGGATCCGTCAACCCGCTCTGAATCATTCTAACATTTGCGCTGCCTATCCCTCGGAGGCAAGAGGTCCTATACCAATCATAGTAGCCGCACGACTCGATGCAATAATTTTTGGATGGGTGCAACCGGGTTGATGCGGTGGGACATGAGGAACATGGGAGGTATGCCCTCCTGACCATTTAGGCCAGGACAACCCCGAATTCACTTCACAGAACCGGTGAAAAATACGGCCTCATGCCAGCGCTTTGTGCGTAACTTGGCCTCCTCTGGGCGTTGCTAGTAACCTGCCAATACCCGATATACAAAGTGGGTGAAATCCCCATATGCCCTTGACCGAATTTGGAAGTAGCTGGTCTCATGTAGGCATTTTACGAGCACCAAGCCACGCGATTGCGTAGTTATACATAGCAAGCCAGCGTGGTGGATCTCGGAGAATATGATGTTAATTCTGAGCGCATGGTGCATCAGTCTGGAGCCGGATTGGTATGGTGGAGGGGCGGATCAGGTCCCGCGCGGCAGGGAGCATCTACTCTAGGGTCCCGAGGTATTGCATAGAGGATCTCGCGGTTTCCCACGTGATTGCTTTACTGAGAGGGCCGTCTCGCTCGGGGCAGTTCGCATATGACCCGCGTCTTTCCCTCGTACTCCCAAAGGCGCTTTCGGAACGTCACAATACAAACCATCAAGTTGTTAATTGCAAATGACCCGTTTCCATACACAGGGCGGGCACGATTTCAATTTGCCAATAGAGACGCTGCCGCGGTAATGAAATCCTCCTAAAGGTACCCCCCTCGCAATAACCCCATTCCTTGCGGCATGAACCCAGCATGTCATAAAAAACGAACTCATCGAAGCCGCCGATCCCCTCAGTAAACAGTGACATTGAGCGCAGTTTCATGCGGTCACGTGGCTCGTTCGTTGATTGGAAGGGCTCGTCCGGGGACCGTTGCGAGGAGGTTAAGTGAGCCTAGGACAGGGCACGTATGATTCCAGAACTTCTTCGGCTATTCATTGACTAGTGTTTGGAAAATTCCGCGCTAGCAACCGCTCAAGATACGCACCCGGGAATCGTTATGCTATCGTGTGTTCTCAACGTGTAGCATTGCTTTAAGGTGACGAAGACAGCTTGAAGGGGATGTGTGCACGTTACTGTGTCTGCATAGGCGAATACTAAACAACCAGTAAGGGGGGTGAGCAGTGTGGTTTAACCTCATCGAAA,1485,52.26,Homo sapiens
SEQ_712722,GCAACACACTGTCCGAACGCCACCGGGTCCAGTTTCGCAATACTAAATCTGATCTACCCCCTGACGCAAGGTGCTCGCGACCCTATCACCCACCCACATTTAGTCGCAATAGTCCACCAGCATGTGCGGTAGTGTCCCCTTGAGGGTACCGTACCACAGCGTTCGAGCACATTCGGTGTTAGTTGGCCGCTTAGGGCATTGACCCCAGCATAATGCAGAAGACTCTCGTCATACGACGAAACACCATGTTTCGTGGCAAACAGGCAATAGCTCAAGTCCATATTTCTGACGCTTTGAAAGACACCCGCAGTCTTATAGTCATATTGAAGTGCGACAGCTCGTCTAAACCATTACAGGCGCCCGAAGCCGTAAGGGCAGCGGAACAGCTCCA,391,52.69,Caenorhabditis elegans
SEQ_495775,CACAAGATTTGAAATAGGGGTAAACACGTCGGCACAGGAGTACCCATAACTGAGCCGATAAGTCTTTTTTATGTCATTCCTATAGGCCTGGTAATATGGGGAATTATTCAAGGGTGGGAAACCGGCAATGCGAAAAGAGGGCTCGGAGCCAATGCCACTGAGTTAAACATTCGACCGGATCATTTCCAAAGAACAGCCCAATAGTAGTAACGTTGACGATGTGTGACGGTCTACTGTGTATTAGAACGGGTTATTGCTCTCGATATGTGTAATGGAAAGACCTCGGCATGCTTCCCTTTCGAGTTTGGGTTGCAGCATAGATTCGCGTACTGTAATGGGGCTTCAATGTAATGAATATAGAACTGCGACCCCTGACACTTTATATTTTGGGCCAAGATTCTATTGTTTTCTATGTACAGGGTAAAGCCGCAGTGCATGACTATGGAATGAAAAATTCTGCTAAACATACGAGTTAGGCATAGGAAGATCCACGACAAGTGATGGAAGAGGGGAGGAGGAGTGTAACTAGATACTGCAGATTGCCCGTCTGCGCAGCGTAGCCCACTGCGTGCTAACTCTCGAATTGAGAATACTGACATGTTGTTTGTAATGACCGCCACTGAAACCAAACGCGCAATACTAATTATAGTGCACAAGACACCGATCATATCTTAGGAGACACTCGCGAGCAACGTGCGCGAGGTATGTGACTGCATAAAGCTAGCGTACGGGCAAGCCCTTCTTCGCAGCTTGTACGTTCCGCCGGTCGTTGAAGTTAAAAAGGCGTGTTACGCTCGAATTTCGTTAGTGGCTTTACACCACGGACGTACTCGCTATGAAGCATTTTAAGCTAATATAATATGCCCAAGGCTAGTCACCGATACCTTGCGTAACGGGTCTATGTTGTGCTCCCTGTATAATAGAGCGCGCCCTGAACTCGAGCGGGATTGGAGCTTGATCCTATTATCTCCGACACGATTAGGACATACGCGCCCCCGGTTGTCGCAACATACCTTGTGATCAAGCACATGTGGTTAACGGATTAAACGCTGACGCAAACAACTGGTGTCTCAGTTCGATGGACTATGACGTCCTGCCGAGCCACCTAAAACATCGTATTTTGCTACAGATGCATTTACGAATGGGTCGGCAGTAAATCCTGGGCGACCAGAGAGTAGAAACGCCCCTTGAACGGTCACTGTCCGAGAGTTAAGCGGTAACGATGTTACTCGTATGGAGAAGGGATACGCTATGGTGCAATACACTCAAGGTAGTCCAGATTTTGTCCTGGCCACTTAAATCTTAGTACGCGCCTCTCTGTTTAGTTGGGAACATGGCCACTCTTACCACGGGTGAAAAAGTACAGTCCCAGGCGGCCTTTCAGGGTGAATGCCTCTGGCCAGCACCCCGTTTATGCCCGCGGAGGCTTCGGTTAAGGGGCAAGTTGTACCATCTTGGGCTTTGCATGCGGCGGGGCGAACTAATGCGCTTCCGGTCAAACTCGTTGGCAGACGGTTTTCCGAGGCGTAAATGATCAGATAACGGAATCGATAGCTGTGACTACAATAGAACGAATAGGGTTGCCATATTGGTACTCACGACATTGCATGAGTCTTATGGCTACTGCCGGCATATAACTAACACCGAAGTTCACTACAGCGAAAACGTCACTCAGTTACCATTGAGAATTAATGGCCGTTGATCTAAGGCTCATTACTGCGCCCAGGTGTAGGTGGACAGGGATTCGACCTGATGTTCCAGCAGCTCCTAC,1771,48.11,Arabidopsis thaliana
SEQ_241500,CGGTAGCTTTAGTCTTCCTGCTAGTATGTACAACGCTGTACCGTGATCCTTTATCAAACCATACTCTCTTCTCATGGCATAACCTCCTTCGCCGCAACTGGCACTTCTTGCCTTCCGCTGGACGTGCGCTTCTCGCTAAGTTCTAGTGACAGATCACTGGTTCAATAATCTGGAGTAACCATAGTAAGCGCTGAGCGTCGCCAAGAATGTAAGCTCAAGTGAGACATTAGAAAAGCGACGGTACTTGCAGGAACGCGTACCACTTCACTGTAGTGGGAGTTTAGGAAGGCATTGTCACCTCAATAGTCTAGGACTATTACGGCCCGTCTGGCGGCATTTGCATTGTAAATCGTATCTCGTCCTTTAAAAACATCGGAGAGTAATCATATTATCACCTGAGTAGGGAGGATGTCTAAAACGTGGAGTTAGCCGTAATGGCCGTAGGGGTCGAGTATTCAATGCTCCTCTTTGTAAGTCTGTAGGGTCTGAGTAACAGGGACAATTGTAGGTGACCCGTAGGACGGCTCCACGTGTCCCGGAATGTCAATACCTACCTAAAAGGGCGCCGGTTATCTCCACCTTGACGTTCTGTTCAATATATGTGGACCTCAAATTCGTATTATGTATAAACCGAGAGCATTAGCTCAACAGAGTAGAAACCCTCCTCACGCTAACATAACCGTGATGATTCGATCAAAAATACTAAGCTAAAGAAATTTTAGGGAAAACCTCGTCCTTGATTTCTTTACTAAGTCTCCCCGTACACACGTGTTGGTGCGAATACCATGATTAAAGCACCCAAGGATAGAACTGGATCGCCTACGGAGTGCTTGACAGTGGCCTGTCTAGTACAGGCTAAATGGAACCTTCTGCGAGACTAGCTGAACTGTAGCTACCTAGGCAAAGGGGAGATGTTCTGGTAGGTAACTTACGTGGAAATGTAGTTCACAAGTTAACAGTGGGCCATTTCGCATTAGGTTATATAAAAAGGTGGTGATTTTGCATGGCGAGGTCGTGCTTACGGATAGGGGTTACTTACATGAAGGGTCCCAGGCGGTACTCCAGACCCCGTATTATGAAGCTGCGCCACCCAAGTTTTAGTTGGTGCAAACAGCCTTTGTCAGATCCCTCTCGTGGCAGCCGCTGTCGTCTGCTCACCACTGCATTCTGGATTGCTATCAATGCAGATAAGGCAGTATG,1200,46.92,Arabidopsis thaliana
SEQ_294996,AAGCGAGCCAATAACGCCATACAATTGTTCCTTCGCCGAGTTTCGCCTTCTGAGCTGCACATAGAAGTGGACCCGGGTCCCGCCAAGAGTTACAACGTTCACGATAACATCATACAATAAGCGTGCATGGTCTGCCTTTTTCAATGGTATGGGTCCCTCCCTTGGCAGATGCCCTATTGGAGTTCGCCGAAAATACCCGCACCAGTCCGAGTAGGGTACTTGCCGACCAAGCGGCACGGTCACTCTGGAGAGATTACGTAGTTGAGTTGGTTGCCAGCAGAACAGCACATCAAGTACATTAAAAGAAATCAGACATAACTACCGTGGTAATATTGATAGGCGATTCGTCGGGAGATGGGTGGTAGTACGTTGGGCGCAGGCTAGAAACCATTAACGGCAGCCCACGGTACCGCAACGGTGGCCTATCACCTCAATCATGTCCGGCGGCAATCAAATCTATCCACCCGACAAGCAAATTTTTGTGCCTCCAGCTGTCAGTCGTTTAATAGCCCGCGACTCCAGCACTACTGGGTTATATGCGAGAACTTTTATTTTTTTCCCGTTCGCGGTTCGGAGTTTCTCGACCGATCAATAACATGGAAACCGCGATCGTCGCTACAAATTTTCAAGCTTTCAACCTATCCCAAGTAAACTACGTATTACAACACGCTAAACAGTTTGTTCGGATAAACTCCTTTAACGCGTCACCGGGCGAGTAGAGCCTCACCTACACTTGGCTTCACTCGTAAGCTAAGATGCTTATTATCCTCATCGGGTCCCCGCGTCTTACCAGGTTCTTCAGGTTTGAGACATGACGTGCGCATGGAAAAAGCGATGTCAACATAGACCCCAGATTGGTATGTTATGCGGACATGCGTGACCCGAAAAGTATTCTACGTGCGCAGCGTAGCGCTATGTAACTCCGAAAGACATTATAGTCGTGACGATTTAGCGTCGAGGGAACACCCATCCTGATACGGCCGTCAACTCCAGAGGCGGAGTAATTCTCCCCGTCACGGATTTTCAATTGTACCGGTGGCATGAGTAGCCCGCTGCAAGCTGTATACTTGCGAGACTGCAATCGATGAGCTGAAATCGACTCGCGCGGTTTTATCACCCGGAATCAAAGTAGACAAAATGAGCAAAA,1147,49.26,Caenorhabditis elegans
SEQ_809635,GCCGACCCATTTCTCCTGTTCTTAACAGCGAGTGAGTTATCGTAAGAATGGACTAAGATCAGATTTGAGCCGGTACTATACAGCCCACGCGTTGTCATAAGTCTTTTCTGAAGACAGCGCTGTCACAACGCGTGCCGGGCGTGCACCGTATATGACATCACGACGTTAATTAGAAGTAGTGGTCGTCAGTACGGTCATCGAGGCCCTCCTTAAGCTGTTAGGGTATCAAGACGCAGATCTAGAGGGCGAAAGTAGA,256,49.22,Escherichia coli
SEQ_400227,GATCCGTATATAGCGAAGGCTCTACGCTCCAATTGTACTGCACGCGACATGATGGAGCATGTATCTTCTAGCCTCGCTCGTTTTAACCGTTCTTTGACGAAGACTTCAGATTGGATGGGCTCAGGACTATGGTGCTGATCGGGTTAACTGTGGTATGCCCTTAGTCACTGACGAGGATTCGATAGCCTCCTTCTGGGGTAGGTATGCGTTTTGGGCAACTGGGTCCACGGCTCACCTGCTAGATTTCAGGTGCTGTGGAGAATGTTGGGCCCGCCGTAGTAGTAAAGAAGGCCATGCCAGGCGTAGCACTGTCTGATCAATCGAGCGGGGCCAATCTCATGATAAACTGGCTTGCTCCCCTGGGCTCCTGCCAATGCGAACAATAGGGACGAATCTGAAACGAGTTGCACCCTGGTAACAGCTAACTCACATTAGCATCCTCGAGCTGGCTACTGATCAAGTCGGCTACAGGTAGTGCGCTTACGCATCGGTGGGGACACGAGAAGCATGGCGTGACCACATTTTATTTCGGAGTTACGCATTCTGTAAACACCAAGATATTTCGTACTATATCCAGCTCACGTGGGGTAATGAGGATCAGCCTGTTATCCTGTAACGGGTGTTGTGTCTTGGCTATTGTAGGATCGAACCTATAGTCTCTCTGCCAGAATTGTTCAAGAACCTGCCTGTTCTGATCACTGATACTCGTAAGAAAAGTCTCTTGTTGACTGCGAGGGTCCGAAATCTTCAGGGTGACGACAGACTACACGTGCATAGCATACTTGGTATTCGAGCTTGAGTACGCTAAATT,811,49.57,Caenorhabditis elegans
SEQ_597789,CGCCAGCATTAGTTGGTAACGTGCTCTGGAACACAGAATTCTATACTCATCTCAATTGCAAGTGCTAAACATTCCCGAGCTTGTAAAAGCTTAAATTCTACTCAGCCCGACGCCCAAATACGGGGAGATTTGCGAGAGCATACGCGGCGACTACAACCCTTAGCTCATCGTCAGGCCGTGGTAGTCGTATCGGCCTTTTTAAACAATCCCTCATTCTGGACATGTAGGGGCGGTTGGAACTCTATCAAGTGAAGCCTTGCTCTGAATGGATCTGCAGAAAACTTAATACATTTCGCTTTATCATCTGATACCAGGACGAGTATCCGGAGTGGGGTTAAGCGTCTTGAGCACGAGCAGTATTCAACGTAGCTCTCCGATAAAAACCATTGCAATTCTTGTCGGCCTCCCCTGAAGTAACCTTTTTGGACGGATCTGTGGCTGTGTAACAGAGGTCCTCGCTTTTGCTACACCGATAAAAGCAGGGATATAGGGGGACAACGTTTTGCTGGAACCTTTACGCCAGCATGGAGCGTGTAACACACGGACGCTGCCCCCCCCGGCAGAGTGTCTACGGGTTGAACTGATCCAGGAGTACTTGATAGTGACTGAGGCGATGAGACTTTTGGCGGTCGCATAGCTTGTTTCCACCTGTTCAATCACTGATGCGACCACCCGTCGAATGTTTTTGAGGTTGACAGTAAAGCACTATGCATTAATGCCGTCGCACCACTGATCAGTGGTCTGGAATGCTGTCAAGCCCGTAGCGAGAGCTATACTTGATAAAGCGCCGCATTATGAAAGTTTAACTGCCCCTGAGCTCACAGCAGAAAAGATCCGC,838,49.05,Arabidopsis thaliana
SEQ_556348,AGACCTCCGACTTCCCTTATTTTCTGGCGATCGTCACATGCGGAACCTTTAGCCTATGGTGTACACTGAGGCGTTGTCATGGCAGCGTATGGGGTTCCCTGTGCGGTAGTAATGTAGGTTCTGCTGCCGTCCCCCGTCTATATGAGTGAAAACGAAGGTTCAGACGTTCGAAGGCTGGTACTAAACGTAGGCGAGTCGACGGGAAGTTCGGTTATCGCAGTTCGCTACAGGTTTAAGAAATTCGCATATTTGGAGGCAGCATTATAGGCGGGCGCGAAGAGCCTTGAACAAGCTCGCCCGATGTTGCGCTCAGACTCTCTCCTTACCTCTTATGAGCTCAGTAACGAGGTCAGCAGCCGGACAGCCGGAGTGTACGTGTGTGTCTCTTCTGAGGACACCCAAGACCCCACACGCTCTGATTCCGCCCATAGTTGTCGTACCGTTACTATGGTGAACCATGGGGGTAAATAAGCTCATCGAGCTTGCTCCCGCAACGAGCTTTAAATTCTCTTGATCTCCGATAAGACTGGGTACAACCGCCAGACGTAATGCGTTTAACTTGGGTGAGTAAAGCGTAGAAAATAAATCGCAAAGCACGTGCTGCCAGACCATCGCGAGGTAATTAAACTCTGGTTAAGTGGCGCTTGCGTAATAAGCAACGATGTCAATTGGTGTACTACGTTAATTGCAGTTAGGAGGGCTTCGTTTGTTAATCTCGCTAGCCTGAGGAACATACATCAGTCGTATCGAATAGTACTACGGGCACATCCGGAGGTCGAATGTCGCTTCGCCGACACTATCCTTCGCAATGGTAATAGGCGAATCAGGTCGTTTCATGACCCAGCACGCGTGATGTGGAAATGACGAAACCAGAGAGCTAGCGTGAGAACACCGACCAGTTAAATCGATCACACTTCGCTACTTTCTTTTGTAGTGGTGGAGCAAGCTATGCACTAAAGAAGCGCGAAGAGGCGCCTT,978,50.1,Escherichia coli
SEQ_924310,CTACATAGAAGTTGCCCCTGTACCGAGATGCGGAACTAATCTATAACCGCCAAAAGGGGGCCAATGAATGAAGTCGACTCAAAACACCCCGCAATATCTAAGCCAGTGTTCGGCGGGGGGCTGTACCAAGATGGCAACAGACATTTATTTCATGTGGATCTGCGAGAGTGCAGCTGGAGACTGTCTATTTCACGCCACGGTACATCTTCCTGAGTAGGCTCATGAGTCTTCTCTTCGGGGTAGGTGATTCCTAAACGGTATTCTATTGCGTACTAGGTTCCCTATCGCCTGACGAGCGGAGAGGCTAAGGCCGAGCGTGCGTCTGCCTAAGATCACGTGTAGCTACGCCATGACTAGACGAAATTCGTCTGAGTCACTGTCCCCGAATTCATCTGATTCATGTCGGATGCTGCCAATATCACGGGACCCGTGTCAAGCTACGTTCTAGCCCACGACATATCCACCGTCCTCCTAACCATGAGGAATTCTAGTGTCTCCTCAAGGCCGTTTTGACGCCTCCCGAGCTGAACGTGCCGCTCGACGGTCAAAACGCGAATTTATAGTGGACGTATAGGTTCTCGTGAAGAAGGCGGGCTACCGAACGTTACTTTGGAGTATACAGATGTATACCTGAAGGCTTTGAGTTTTCAGCTGCCTGCTCCGTGGAAACAGTGATCTCTAAGAGGGACCAAGATAGGTTCGCGAGAGCCGACTTACGAACGGATGTGCTTGGGTGAATCCGTTGGCGAGTGCCGGGTCGGTGGACAGGCCAGCGATACGTGGTTCCGACATACCCGATGCTCCGCCTATCGGTAATGGATCAGCTCGCGCATAAGCAATGCGGCTGCTGAAGCGTGATCAAAGTATTTCGTATGGGAATACGGCGTTATAGTCATAGGAGCCTCCTCTTACCAGAATCAGGGGTGACCTAGACCGGTAACTTCCCAAACTGTTAGGCTGAACCTAAATAGTAACAGGGCCGCTCTCTTCCGTGGCCAGGTCAGAGACGACTCCTATTTGAGCAATTGTTGTAGGTGCAATGGCTGCAAGCGGTGGCGGGCATCTCTACGGTTATCCACAGTTCTGCGGTTAAATGCTGGCGGGCCAGCTCAGGTTCGGTTAAAAATCGGCACCCCAGTGTTTGAGATTCACCTAATGG,1159,51.94,Caenorhabditis elegans
SEQ_180550,TGCATTCTGTCACGTTCGCAAGGAACCCGAAGTTATCACGGTCGGACGCACGATGTTGACAGCTGCACTTGAATGTTGGCGCAGATTCACTTAACTAGCGCATCTGCTTTCCTTGTTGATATTGCACCCACGTGAGGCTGTGTGGACACGACCTTAAGAGATTTTACAAATCTTGAACGCTATTACGAGATCTCAGTCTTTATTCTTCTAAAACACTAATACGAGCTTATTAAAATGCTTGTGAGTGCTGCATACCCGAATGAGCACGGCTTCTACGGTGCAGCAAAGGCAATTTGCGTTCTATCCGTATACTGCTAAGATACCGTTGAACGTAAATTCTTTGGCTTGCGTTCCTTTGGCTAGCGGGAGGTGGCACCATCCGTAACCCTCGTTCCCCCGCAGACGCAGGAGCACCGGTGGTTCCTCTGATGCGCTGTTCACCGCTGCTTTAACGCCCCACGGTGTAAAGGGGATTGCTGCCCCACATGTCCCGAAACTCCATACCCAGCATCCACTCCAATCCGGGCAACCCTGGCCAAGAGATAGAATGTTGGCGAGCATAAATCCTGACTAGAATGGAGTCCGTGAACCCGTCTCTAAGGCGTCTCCGAAACGGCTCCGGTCATTGCTTTCAGCTGGGGATGCCTCGCAGCATATAGGACACTCAAAATCACGATTATCATACGGAAGCTGCAGCCGCCACCGAATAGGCTGCACGGCGACTTTACTGTCGGAGTCCGCCTCCGGTGGGCAAATCGAAACTAACAAGTGATCGAATGAAAGTGACGTCCGAGTTAGACAATCCTCGTCTCGCTCCCAGGCGGTATTGTTGTCACTAGTGCTAAAGACGTGTGAGCGCGGTTTAACGATAAAGACGGAGCCACTGTAACTCGTGATGGCCTCTTTTTTCGGCGTCACCTTATAACCGAGCTGAATTGGGAACCCAGGTAGCTGGGCCAAGACTTTGGCGCCGTGGAGTATTGCAATACGGTATCTAAAC,1000,51.0,Mus musculus
SEQ_213468,CTTCAACCTACCCAGTTGTACATGAGCAAATCGGGCCCGTTCGGTGGCACAAAGGTTGATCGATATCCCGGTGGTCACAGCGTGGAAGACTCGGTGATACAAGCCTCAGTGCCCATCAGAAGGTAAGCGAAAGCATTTTCGTAATAACACACAGGAAGGACCAAGGTATTGGCTTCGAGAAGCCACCGTAATAAAGGGGTACGCTTATTGAATATCGTGATCCGGTGCTCCTTAGCCTCACGCAGGGCACTGTCATGCGGGGTCGCGAGTGCGCTCCTCCTATGTTAAGTCTCAGGGTGCGTCAAAATCGCAACAGTGTTACGAATAAATCTGGGCTAACACTTCAAAGAACTCTCCATCCGTTCCTATCACAACAGCCAACTTGCAGACTAGATTCTACAAAAACGAACAAGCGCATTCGAGCAGGTACTTCCTCCACGTAAGGGGTTAAAGGTATGAAATCG,464,49.35,Drosophila melanogaster
SEQ_810058,ACGCCTCCTTGATTTAAGGACTTCGTTCACAGCCGTTATTTAGGACCGCATGACCCCCAATGTGAGTAACCTTGGAGAACCTACACATCTAGGGGAACAAGATGAAAACAGTTCCGTATCGTGGTACACGTCATGTGCTAAAGTGTGGTAGCAATGGTCTCAACGTGGTGTGCCTATAAATTTGCTCGATGCGTCGACGCTTTCATCCCTACGACGAACTTCGGACAGCTAGTGGTGGGACACCAGACCAGTGTAAACATAAGTTTAACTTACTGTGCTTGGCCGGCCTATTTGGCGGCGAGCTGGGATTGTTTCTTTGAAAAACCGACGAGGACATGCGATTTGCCCGCGGGGTTCGTACGACCGTCATGCCGTTGGATAGGCGATGCTAGTTCTAAGCGAGACCGCCTTGAGGCTCCGGATTCATCCGAGATTTATCCGTCCCTGTACGTGTGTGGGCACGAATACCCTGCCAACTCCAGCCACTACCTATGAAGATGGTTTCGACGTTCCTGATTTCGATCTTAACATGGTATCACAAGGAGGTTAAATGGCAGGCGGGAGACGGCAGCGGAAAGTCATAACCTTGGCATGTAGGATACTATCATAGGGAGACAATTTTCTAGGTTAGAGATATCAAAGAGGCATTTCTCCCCGGTTGTCGCCAAGGAATGCTAAGTT,681,49.49,Saccharomyces cerevisiae
SEQ_350466,ATATCTGGCATAGCCGCTAGTGCAGAGTATCAAAGTACATGATTAGCGGAGCAGGGCCCCGGAGAACCCCAACTTACCGTACCTGTACAGTGATTTGGCTAGGCACGCTCGTCTGCCCTACGTCGGGAGCACAAGTGATACCGTATGTACGAGAATTCTCTCAGGTGGAAACCTAAGCCTAACTGGCGGTACGAGATTAAAATATTCTATGATGGCACAAAAAGTCTGCTCATCCTAGATTGAATGAAGCTACACTACTCGCCCCATATCTATTTAAGCGTAACCGAGTGAGACGCCGTCATTCCACAGTGGGTGAGTCTCCGGGGACAATCACGTCGCCGGAGCTCGTCTAACCGAAAAAGGAACGTAATTATCGTAGCTAAGGACAATGGGCCCGGCAACCTCGGCTTCGCGCAGAGCGGTTACCCGTCTAGGCGGCCGTGAGCAGCTAGTGGGAGGACGTCGGTCGCTGAAGTCCACTCAAGAGATTGTCAGGTCCGTCACTTAACCTTCTAAACTTGCTTAGCTTACTGCCGACAGCCTATCGGTGATCTCATAGGCCGGGTGGGGTGCTCGATAGTTGCCTCGTGTGCTTTCCTGAATGAGCGCCCGTACTCCTAGAATTATACGACACTGGATCAGCATTCGGCTAAAGGCCATGCGTAGCGCAGCGGGCATGGAGATGCCTTCTATGAACTATAAAACGTCAAGATTAGATGGGATAGACCGTTAGCTCTTCTCGCCGTGAGTGCTCATACCGAACGTGCTCATAGAATTGACCACGTGAAAGCCTTGGAGAACCACAAGGCATGCGATCTTGACAGCGATACATATCGCAGATGGGCTACGTCGAACGGACGGGGGTCTCATTGTAGCGAAAGCAAACACGACGAAAAGGGGCAGTCCTCACCCTAATAAGTCCACTGGGAAGGCGATCCGTGCAAACATCTATGAGGCATCCCTACGCCGAACCATTTTAACGTGATCACCCCCCAACCGGACGAAGATAGGCCCCTAGAATAAGAAAATAGTATAATAGTCGCATACGGTAAATGGCTTCTCCCAACGAGGTTATGAGCATCAGCTGAGTCCGGAAAGGGTCGACGTAATTCTGCTCTAGGCAGATTAACTCGGGCGAGGCGCCATAAGTAATTTTCCCCTCGTAGACCATCCGAGCATCCAAGATTCTAATCCAACCTCCATATTTATGACCCGTGGACTATTGAGTATAATGACGAACCGTCCTGCTCACCTACTGAATTTAAATGGTGGATCGAAAATATGGGATGGGTAGAATACCCGGCGGTGACCCGTCACCGCTATCGCATACTAAAAACTGGATTCCCATCAAGGGTACATGCTGAAGGTTTAGAAAGACTCGGGTATGAAGAGCTTACGCATGGCCGTCGGCGAACAATCCTTTGGAACTGAGCGGCATTGCCCGTGGTGGCAAAAGGACCATATCTGTTTCGTTCACTGCACTGAAGGGCATACAACTCTAGTAGATCTCACGAATTTGTTCGTTTAGCCCTCCGCCCGTGTGAGGCGGGAGGTAAGCGGGATGTGAACAATCGGCCCGGAGTTCATCAATTGCGCAACCGTAGTAAAGCACCTGGATAGGTGTGGCCGATAATTTTAAGCGAAGACCCGGTTGAAGAACAAATGTAGGGGGTACGGGCAGAATGCACCGGCCCGCAACCAGTGAACAGTGCCTTCGTGCCACCTAATTTAGATGTAGGTTTCCTCCGATCGGGTTAGGGACCCTTCTGGTAACTAAACGGGTATACTCTCTCGAATCTTACCCTAGGCACTGGGGGTTGAGAAGAAGCCCCATCCTTGCTCACGCC,1847,51.06,Homo sapiens
SEQ_292315,GTAGCGAGGTTAAAAAGGACCCATCCTAACTCGATGTCAGGCAGAGTCAATGCACGGTTCCGATGCTTGGACCCTGCCTGGTGGCTATGTTGAAGCAGTAAGGCTGACACAGACGAGGACAGGGGAAGACACTATTCGTCTCAGGGAGTCGTCAGCAAGCGGGCGGTAGGCGTTGACACAACCATTGTAGAGATTAGGCCCCGCAGGGTTACGTATACGACGCTGATACACGCCCGAGGTTGCGTAGTCGAGTAGCCCCTCTAGTTGAAATTGGTGTTATTTAGTGTACCCCTACGCCGTGAATATCCCTTGCAAAGTGTAGGAATATGTTAAGTCGGTAGAGCGTTGGTGAAGATACAACAACTTTTCTCGCGGGGGACAACATGAATCTTCACAACTTTATCAATTCGCTTTACTACAAGTATCAAGGTAGCACTGTCCACAGAGTCTCTTTTATAGCCTTCATTCGACTCGTCATGTCAAGTCTATAAGATTTGAATGGCCAGACGGTCCCTCAAGCTGTGTCGGAAACAGGGTCCATCAAACCCATGGCAGCGCGTTGAAGACGATCCTCCGTATGACTCCCGGTCAGGTCCGTAAGCGACAAGGTCCTCGGCGGATGCGTATATACACGCAGTGTGCCGGAGCACCCCACATACCCGTTTCTGTACTTTCTAGGTGTTCGCAGCTTCGGGGGTTAGCACGGTCCGGGCGTCGGTGTGCCAGAAAGACCCGCGGGCGCGCTATTTGTGGGACTGGGAGTACGGCATATGGACAACCTCCTGAAAACTTCCTGGAATACTCCCGATTCGCTGGGTGAAGAGGGGTTATATTTAAGTTGGCAAGCTACTCTATGCCTTACTGTTCTAAGGCGATCTCTCCGCACCCTAAATTCTCTCATTATTTTAGTTGTGTTCCAGATGTTTAAAAGCGGTCGTCTATAGCTCATTATGGTATATTGTTGATTACTACCGTAGTAGCATTGCTCGATTTCTCTCACAGGCTCCTACACATCCTGCCGTCATCCCCGACAAGGCCCCTGTGGCCCTGAGGAGGGGAATAGATAATAAAAACCGTAATTTAGCCAGCGCATGCAAATCCCATGGAAGGACATGAGGATGGCGGGGCACACGTTTGCAGCTCGAGCAGCAGTCAAGGGGTGATGTGACGGTTGGAGTCGAAGTCGTACTCAACGGCGAGTACGGTTGCACGTTAAGAACACTTTCTTCATTTCGATTTACCTTAGTCTATATCACGCACCCGACGACCGCTCCAATTATGTATTGACGGATGTTATCCCTATAGATTACTAATCTGGGTCTCAGTTAGATGCATGTGCATGTTTTAAGTTCTTAGCGTTACCGTTACCGTCACCCCGAGGAGATCTGCCACGAGATCTCGACCTTAACTTTTTGTAGCCATGATTACAGACGCTGTAAAAATGTGGTGGCCGCTTTATACATCAGCTCTGAAGCCTCAGATTGCACCCTGTAACAGCGCACTAGCGTTGGGGGTGGGAGCTTTCTGAGCTCTCCGCGCGGGCAGGCAATTTATCAGTCCGCTTCAGGTCCCGGGACAATATAAAGCTACATCCTAGTCAGACAGCCTTTCGCTCCGGGCAGGCACTGAGTCAAGTGGGTCACCCTAGTTGGTTTCCTCTAAACGACCATCACCATCTCGCTGTTCGGGCCTCCTAATTACGCCGCGATCCACCAGTACGTGCGTGTCGTTTGTAATCAGTCTAGCGAACTATTTTA,1757,50.26,Homo sapiens
SEQ_802167,TGGGAGTGGAACCCTTTCCGTAATGTTAGGTCTAGTGCTCTCTCCCGGAATCGAACGCAGACCGCCGGGGCTTCCTACAACAACCGTATCTGCGCCGCCAATTATGACTCGAGCGGACATACCTGGGTTC,130,56.15,Escherichia coli
SEQ_267199,ACGGACCTGCTGAAGCCCGTTACCTGTTCTACAAGATTAAGACTTGTCGAGTTTTCTACATAGTCCCACCTCCCGTGTCCGGTCCGTGGAAAGGCAGGACGGGCTTCGTCACCACCGGCTCAGAGTTCGTATAACTCGAGGTTACTTTCTTCCACCCTATCATGACTAGACGTCGGACTGGTGATCGAAGTCTCAGCGATAGCATGGCAGGTTAGACTTAATGCCTCTTCTTCTTCTTGACTGGCTGCGCGGTGGGCTATGTAACTTGACCGGTTTGAAGACATTGAGTGGGCGTTGAACACGGTCTCAGACGTGAATTTCATCTTGTGAAGGTCCGGACATGATAGGCAGCGGACGCGGTTTGCTCGAGCAAGCATCTTATATCAGCCGGGCGACTTGATTTTATTAGGCGACTACTCTCTCTTCGGCTATCCGCTCTCAAACAAACTCTTTCAGCGTGTGAGTCTCGGCTAACTACGGGTTTTAGAACTAGCGAATTGGACTAGAGCTTCGTCCAGAATTCTCTGGAACTTTTCTCCCTGATCGGCCGACGATCGCACCCGGGATACCGTGGGCTGGAAGATATTGTAAGCGCATATGATTCTAGTTCAAACCGTAGCGCGCCGCCGCACTGGACACCGTTTCAACTAACGCAGCTCTTACAACTCAATATGACCGTCAACGATTACTATAGAACCTGAGTGGATGGGCGGAAGAGGGCCAGACGCGGGGTGTATTCTGCGTCAATCAAATGCGCCACTCCCACTCACGAGACCTGGTAGTTAATTATAGCAGCCGCTAACCGCCTCATTGCCGCACATTCTTGGTAAGGTTAGAGTCGTGTCAATGGACGCCCCATTTTCGCATTGAAAACCCATGACCAACCCCCGATTATGACTCGAACCTAAAGCGCTCGCCATTAGTGGTTTCGCTATCGTATGCGGCTGATCGTCGTCCGAGCAGAGGGGCGTTGTAAGGTGCTGTTCTCTTCGTGTGACTCCCACGGGACGCTATGGGTGCGGCCGCCCCATGCTAAAGCGCTATCAAAAATGACACCTTGCCATATGCGCAGACTCCTGGAGGAACCATTTCAGTTGAAGCTACAGCTCCTTAAGTCGCTCAGATTGAAGCCATTCTGTAAAATAGCTATCCACTTCAGATCACGATGCTTTTCGTGGCAGTTCATTTTCACAGTCGGGAAAAAAGCCACAACATGCGAAGATAAGCCGAATCCTATAATGAGAGTTTCACGCCTGAATGGCTTTGCTTAATACTATACGGAGTACCAGCCGATCGTAAGGGACAAAAACACTCTCCGGGGTAACTTTGTTCAATGTTCTGGTTTCATCCGAGACACGAATTGTCGGAACTACAAAATCAGCAATGCGCCGATCGGCGTCTGAAGTTATATACCATATGTCCGTAGAGGCGGACCGCTGGTATCTTCCGGTGGTCTTAGGGCGAAGGAACCCGTCGTCGCGAAAACTCTCGGAGCTATTTTGACCCGTTTATCTAGCGCTTTTGCAGGCGTCGGGAATCCTTCGGGAGACGGAGAACCAGTAGGCCATACAAAATGTTCGCCTCGCCATTCGTTGTTATTCACGGTGGCTCTCGTTAGTTGTGGCGGGGTGCAATCGAGGGGGTTGACCCGATTAGATCTCACATCAAAAGAAACAAATACTCCTAAGACTTTACGCTGTTC,1702,50.41,Drosophila melanogaster
SEQ_255950,GCGCGCGTGGACGTGGCTTACCTGATAGATTACACCACATGTTCTTCCGTGGCTAGGGGGCGGGTCCCCGGTTGAGACGCTGGCCCATTAAATGCCCCGAATCAGCAGGGGGATGGACCTATCAGTTGGCGTAGACCCCGGGGCGCTATCTTGCTACATGGCAGGATACCCGGCTCTCTATTGAATTGTCCTAACCAGCCTCAGGAGTGGGGAAGTGCTGGGTACTCGTTAGACCCAACCAACCGAGGACCAATCTCGTCATTTCAACTCTTCGAGCGTCGGTCAGGCAGCGTGATATATGACCTCTTACTCCGTTTACAGGAAAGTGATCAATCTCGTTCGCATTGCCCTGCCATTTTTAGGCCCCCCACTTTGTACGATCACATGATCTCTCTACGAAGTGCGCCCTCGCGGTTGATAGAGGCACTAGATGTAAGGATAGACCAAGTGGCTTTCTGATGATGCTTTAGCTCGCGACAGCGCCAGGGGGCATGCTCTTATGAGGCCGTTCTTGCGGCTGTTGCTCACGTGAGCCGTATACACTGCGACAACAGGAGGGAGTCTTGGGCCAAACATGGACGGAGGCCCCCCATTATAGAGTTACTGCCGACAACTCATTGGCATCCCTTGGTGGCTCTACTGGACTTTGGAGAGAAATCTCCTCCCTGGCAGGATGGAATCGTACCTATGTTGATGCATATCATATAGTGTATCGCCTAAGGGCGGTATTCTCTCGGCGACGGCCTCATTCTATAATATTGACCTGTAGGGGCGTACATGCGGGAAGAGCCAACCGAGTTTGTTCCCTGCCTACTACATATGTGCGCCTTTGGACTCGGAATGGTTTACTGGCTACAATGTCCTTAGGTTCGAGATATCTTACAGTCCGCGTCAGGAGGCGGTCCCACCCATATATCATCTCCCTCATCATACGCGAGAGTTTTAAACCCTTCAGCGCCCAGTCTCAACGGACAATAGTCCGCTCTGGGTCTTCGGCAGGAAGCAGAAAACAAGAAGCGCTGATTGGGTAACGGCCCATGGGTTAAGCATGACACAATGGAATTACCCGGTAGATAAGCCCTTCTTGTGGCGCTTATTGTTAGGGTTATTGTCAGGTTGATGGATGACTCATTGATGGTCGATCACCATATACCGTCGCAGCCGAGACATCCTATAAAGGACATCAACCCAAGCGGTGTGGGCACTGCTGCCGTAGAACCAGAATGGGCTGCGTAAAGTTCTGTAATTTCGAAGTACTCAGTCTGAGAGCGCGGCGAGCCCGAGTGGACCAACTCGTCCCTGGGGGGATAAGCGCTTCGGTGCGCAAAACCTGTCAGAGACGATATTACATTCATTCCATGCGAGCCCGCGGAGTTCTCCTCTACAGGCATCGGGAAGTCCTCTCGCTAGCCTTCCAAGTTTAAAGTTGGCCAATCATCGACCCCGAATACGTGCGACTTTGCCCAGGTTAAATCACTCTGGGGCCCGCCGTAATAGTGTGCAGGACAGTAATCAAGGACCGCCCTTGAACGGAGAAAGCCACAGAGCGTGGCCGTCACCCACCCCAACGCTTGTGTTGCACCCACCACGCGAGCTTACGATCTTGACACTATCGGAATGAAGGACAAGATGTGCCTTTCTTAATACCGTGGCGCGAAATCTCTTAATCCTGTAGGCGGCCACCTCAATACAGCATGAGTCAGCATTACCCACGCGGCTAGGGATAGGTCACTGCATCATCCCTGGAATTCCGCTGGTCGGGGGAC,1766,53.23,Mus musculus
SEQ_459681,TCGGCTACCTCCAACGAATCTAAACGTTCTTGGGCTACCAATCAGTTTATGAACGCAAACTCCTTAAGTTACAACTATTGAAGCTGGCAGTGGTACTAAGTCGTCCACTGATCGAACACCCTGCAATGTACGAGGTCCTATTTTCAAAATTAATCCCGCAACATTCCGAAGATTCCTTCCTTCGGACCAAATACGACAACTCTCTAAATGATTTTAACAGCACTAGCCTGTCGTCGGCGGCCCTTTGGCAGTTGTCTTCAAGCTCAGAGAGACCCCCCTCGATCTAGCAGTTAGTTCAGAAGTGTCCTGGAATATTTTTGGGGCTCCAGTCCCTCTTCCTTCTGGTGCCACGGATATTTTCCTAGCTTTGGGGGCCCTGGGGCTAGTTCGACGGGTGGCGCCCCAACAGCCTCGCAGGGAGTACGAGAAC,430,49.77,Escherichia coli
SEQ_223382,GGTCTTCCACGAGATGGGGGATATTACGGTCCGCGATTCCGTCGGCGTTGTGACATATGTCCAGTCGTATGGACCTGAAGTATTCGACGGACTTTCCCGTCCATGCGAGGCATTAATGGTGGTTGAGAGAACACCCTGGGCCTATCGGAACCTACGCCAATTCGCTTCATCTATCGCCCGTCTTGTTCCCAGCCCTCTTACCCTACATAGGATGTGGCTAGCACTTAGATGCATTCATTCATTACACCACTGTCATACCCACAGAGACGATAGGTCCTATTCGCTTTTGCAGAAGGTATTGGTTGGAAGCTGTCAACGCAAGTAAGCTCGTAAATAACGACGCTATCTCAAAAGATCGCAGAACTGGTGGCTAACAAATCGGGAGGCTCCTTGTCTGAAGGGTGACTTTATGGCTTCATGCGCAGACGTCGATTCTTCTTCGGGTTCGGAGCGTGTCATATGAGACCGCTGGATCTGTTTCCTATCGATGTTTGGCTGATTGGCACCTAACGAGCGTCTCCAACATTAGCGTGCAGGACATGACATAAGTCCGTAAGGGTGAGTAGCACCGAATCCGTATATTCCCCAGCTCTCGACAGCTTGGTATTATATCATCTAACGAAA,624,49.52,Drosophila melanogaster
SEQ_892452,CTGCCGGAGCGTCTACCTTCAGCTACTATGTTCAGTTAATGGCAAATCCGTTGGTCTAGCATAGCGGTGGTCATCTAGACATACACTAAAGCGAAACGATTAGGTACGGCGGTTATCCA,119,47.9,Homo sapiens
SEQ_525665,CAGATACGATGCGTTATCGGGATAGCTCCCGAAGCTCATTTCTTAAACCGACGACCTTGGCACCGCCGGACAGAACACGATATGCAGCTGCTGCTCAGGATACGAACATCCCTGTTTCTTCGAAAGTTCTGCCGCTACTCTGGATGGTCAGCCTGCACGTGACGCCGGTTAGTGGTTCGACAGGAAATTTCCAGCGCAATATACCCAAGGTTCCGTTACTTCCCCTGTCTCGGACTCTAGCACATAGTAGAGCCACAGCCTCCACACGCCCCCAATCCTCGTATCAGAGATATGCTGTCTGTTGACTCCTCTCGGTGAATATGCATTGCCAGGCGAAATACTTCATACCACCAGTCCGGCGCTTGACGACACAACGACGTATCACTGAATTCGTGGAAGAGTCGGATGCTTATCATTGGGCCCATCAGTGCTCCGTGCATATACTACCCATTGTCCTCTTCGTGACGGTATCGTAGCTACACATTCCACTGCAAATTGCGTTGCGCACGCACCATCTAATTATGAAGTACTAGAGCACGACGAGGGTCTTATGTTACTGTACACACGTCGTACGCCACGATGAGCGTTATTTTTTCAGGTTAACGGCGGTTTCCAGAATTCGTGGCAGTGACCCAGGTGGACGCAATTTGGAATCGTTGACCCCACAAATGGTGAGCCAGCCACACAGCGATTTCACATACCTTCCTCTGATGTTCGAAGAGGGTCTTCATCGCCTGAGCGATAAATGCAAAATTGCATTAGCGGTTCTGTCCGCAGGAACTTTAGCCACCTGGCACACGCGTGACCACAGGACGGGGGTTAACGGAGCTGGGGGAAGATTGTGCAGGCCTAAGGCCAATAGATAGTACGCGTAATAGCGCCGCGCATAAGGGTTGCCCATACGAGGTTAGAATACAGCCTATAGGTCGGTGCCCGTTGGCATCTACAAAGACAGTGGGTTCGTGTAGGCTCTTATTCCGTAGGCGGGGTCCAAAAATAACCGGCTTTTTTAGTATAATCCGCCTCAATGAACCCTGATGACGAGACTGTATTTCTTAAAGGCGTACGAACCCTGAGACCTCACCGAGGTGCATTTCAACTTCATAGACTCTTACCTTCCTGAATTCGAGAACCACGTGGCCAATGTAAAATTCAGTGCGCAGTCCGCTCCGTGCTAGGGTTCCTTCCGAAGGCTCCGTTGTGCAACGTTTTAAGCTGGACTCTGATAATAGCGGA,1236,50.89,Escherichia coli
SEQ_522536,TATTAGATAGCGGGCGATGACCACGACCATCTTGCCGCAGTTTTTTACCTCGTGGACTATGGTTCCGTGCCATGATACCGTACTCCCAACTTTCTCACGCTATATTGGGCTCGTGGCAATAGCGAAGATCGTATAAAAAATGACATCACGCTTGGTTTGAGTCGAGAGTGGGTCGCCGACACTACCATGGTTGGGCACGTCAGTCACTGGACAACATGGCAACCCGCATCCGGAATCCCGAGGCTGCCCTGGCAACGTTTTCGTACTATGACTATTGTCACCCTTTCACCGGGTGTTCACAGCTGGTTTCGGTAATCTACTCCCTTTCTTACTCTTCTGTTCATCCAGTGGTATCAGAGAGACCAAGCGACTTCTCGATTCGCCACTCAGAGCTTAGAATTTTGTTTGTCTACGGCGAACACATCTCACACAACTCCTCTTTGGGTCAGAAGACGGTTCGCAGGTAGCTCCATATTAATGCCCCAGAGATTTGGGTCCCGATTGTCATAACAGAAGTAGTTCAGGCGCCCTATTCCTCTAACCATGGCGTAAGATCTTGAGTAACTTGCCCATTGTAATAAGGCACTAACACATCCACTATGTGCTAGATCATTGACCATCTGACTATGTCATGGCGGCTGCTTTCGGAGTATCTTCCTCTCCCGTGTAGATGAGGGTGTTTCTCGTCATGACGCGGTGATCAGGTTTGCCAGCCGAGACGAGGATGGTCAACTAGGTAAGATTCAAGAACAGGATTGCTGAGCCCATGGGTGTTGCCCGTTGTGACTCGCCTGTCGAGGGCTTTGAAGTATTCAACATTTCGTGTGCCGTGCACGGAGCCTTGAGAGGGCAGTAGCAGCCGCGTACCAAAAGATCGCGTACGCCGAATCGTTTGGAAAGTCAATCAGTTGACAAACTGAGTTCTGCGGAGCTGTCTCAACAAAGTGGGGCTAATGACTGTAGGTATGTTTATAATTGTAGAATCACAATGATGAAACTAGTAGTTGTGTACCACTACGCTCATCGTAAATTTCTAAATCGATACTGAAAGCATAGTTGTCGCGTCATTGGTACTTTGGCCCTGCCAACAATCGATTCGGACGACGGTCCCGATAAACCTTGCATCTTATAACGTGTACAGACAAATCCTCAGGCTAGGTATTGCACTCATTCGTAAGGTTCGTTTGGCCTGAGTGGTGCACTGGGAAGATTCAACCTCTAACATTCCGACTAAAGGCACACGAGCAAGGTCTATATGGCTTGCTAAGATCTGGTTATCCGCATACCACAAGGTTAAGGTTAACGAGAATAGGGGATGCTGATGTTAGTTGGTCCGACTCCGGGGACTCGCGCATCTGCCTCGGGAGCCGGAGAATGTCTACACGGAGGGCACTAAAAACCTCCCTGAGTACGCTTACTTACTGAGAAGACACTCATGCCGCTTATCGCATCCTCTAGTAGACCTGCAATCCACAGATAAGGATGTTTCAAATTCGCTCCGCTGCCTCCAATATTCCACCAAACACGTCTGCTTTTCCTTTCGCCCGTTTTGCATGCTTATAGTTGTACAGCGACACCCCCGTCCGTTTTCCGGCGAAGTCGAATCATAAACTAAATCCTGCGTTGTAAAGCTTTGACCTACCGCCAGAAAGCTATAGCTCCACTCTCCCCTTTGTCAATGCTCCTTGGTTTCGTCTCCATTTTCAAGCTT,1711,48.57,Drosophila melanogaster
SEQ_321190,CTGAGCGCTGAGTATGGATAATGTAACCCCTGCCGGGCAGGTTGATATGCCAATCATATTGAGACCCGTCCATTGGGTTTCGTGCATTAGTTAGTTTGATGTAGAGCGAATGGACGTCTCGCAAGAAATGAGAATGCCGAACATCTGGCTGGTACCGAAGGGAGATTAGCCCGACGAAGAGGAAGATACTTAACCTAAACGTTACCAACTTACTCCTGGTACGCTTACTATATAGAGGGGATACCGGTGCCAATTGCGCTAACATATTCCGGCTGCCTCGTAGCGAATTAACTTCCGGGCCTGGCACTTCACATAGGGGCGCCTCGAATGGGAGTTTATGTTGGGTGCAACTCGGTTTTCTAAGGTACCCGATAACTCCCTAGCGGTTGGAGTATACCTGAACACGGTGATCTCCCCAACGACTGCAGCGAAACAATAATAACCTCTATTCTATAGCGTACATAGGTTGTGCCAATAACTGTAGTTGCTATTGCATGAACAATGATCATAGGATCGTTGGAAACGGAGGCTGTGAGAATCGGGGCCCCCGCCAACGTAACACCACCGGCCCCAATCGACCGACCACGGCCACTAAGAAATCTCCTTAAAGGACGCTTATACCTTC,625,49.28,Drosophila melanogaster
SEQ_781053,TAGCTTGAGAGTTACGTTCGGCAACGTGGGTCGACCACTCAAGCATTGCGTGTCATTGGCCCACAGTCACGAACGAGCGCCAGGCCAGGTAACACTTATCCCTCAGTCATCTTCTTAGCTAAAATCTGCTGTGTCAGCGCCAAACCGCAGTGATCGGAGCCAAACACGCGGCACGACGATGGACCCCAGACCTGCCTGCCTTGCCCTAAGGTTGTGATATAAAGCGAGACAGTCAAGCTATAATAATGGGACTTGCCCGAACTCTAGCGACCAGATAGGGCGCCCGTACAGAGACCTCATGAGCGGTCCTAGCAGGTGCATGTCCTTAAGCTTAGGTATGCTATTTGACTAGGTCGCTCTTCCACGTGAATACGGTTGCTAGTGCTGAAACCACGCTTTAGACGAACCATTATAATCGCAAGTAAATGGCCAGGGGCTACCGTCCGGGGTCAATCCATTAATATATAGGGGCAAATCGTCCGAATTTTATCTGCGCGCGTAAACTGTATCCCAGGAAGGCCATTG,525,51.62,Saccharomyces cerevisiae
SEQ_924284,ACGAGGATAATCTCCTAGGCCTCAAAATAGGCTAGATTGCCGGGAAACATGCAACGAGGCGGCAAAAGATACTTGTACAACAGGTCAGTCGCCGCCGTTTGAAAGCTCGTCAAAAGAAATTACTCATAATCCCGAATCTGTAAAATCAGTCAGGTCTATGATCTGATCGTGTACAATTGTACATGGTTCCATCTGAGGTCGCTCATAAACTTGGTAAACAGAACTTTCCATTGCTTCGCACCC,243,44.44,Drosophila melanogaster
SEQ_772408,AAGCCACTATTTGCCCAAGATCCTCGGTGCCTAATGGGTGTGAGCACCCACAGGTCAGCGTAACGTCGCCTAGAGAGTCCTCCTTGATTTCATCTATACTCTGTTCCTAAGAAGCATATGAAGTGAATGTCGCATGTATGGGACCCCCACCAAAGACCGGTAGCTTGCCGCTTAAAAAGACGGGGGGATAGCCCTGCGATGAACGTCAAGCAAGTGCTGCCGGCCCTAATGGACTGTGGCAGATCAAGCTCTATGGCTAGAAGCCATTTGCATGAGTTGATCAGTTCCACCTTTTGGGTCCCTCTGGAGGGTTTCGTTTGACCCGTAATCTGTTGCGTAAATCTTTTCTCATCATCATACCTATACCCATGGGACTACATCGCTGGCTTGAACGCCCAGAATGACTGAGAGTCTTGGTCGGGCGTTTGCTGTGTAATTAGTAGCGAATCCACCAGCTTCCAAAACACCTATAACGGGCTGTTAGTTCCATAGCCTGTTTCCGCGGTCGTCAACTTTTTCTGGCAACTGTGATTCCTCGGGTATGCTGTAAGGTCTTTCCTCTTGCTGGAGTTGTCTTTTGCTGCGGGACCCCCTCTGAGCTGGCCAGCCCGGTG,614,51.14,Mus musculus
SEQ_736901,TAAGTCAGGAGACCATTAAAAAGCTGCAGCGCCAAGAATTGGATGGTGTTCGCGGAAAGGAATTTTTTTACAGCGTTAGGCTAGGTGATTGGAGTGCTTACCTCAGCAGGTCACACCTTTCGGGATCACCGGCAAGTGCATTCAAGGGCGACAAGAATGCCCTAGGCTGGGACCCGGACTAAGGGTGGGGGCACGCTGGCATTTGAGGCCCTTCCGCAGTAAGCAGGGATTCAGCGCCCGCACAGAGAGGGAAAGGCCTTATTGTCCTGTTACCGCCGCTAGTCAAGGTTACAATGTACTTATAAACAGCGTGCGCATTTATCTCAGGTGCGCCTATGCTTAGCAACTCTTTCAATGAAAGCGTTCCAAGGAAGTGTTTCTTGAGAACAAGCTCGGGACGGCAATGGTAGCGCGAGCAGTGCGCGCAGGCTTCCGGGACCAGCTACTGTTGACTGGCCTGGTCGAGTTCACCCAGTATGTTCTGCACGAATCCCTTAGGTCTTATTCGAGTCTGGGGAAAGAATGTTCTCCGGAGGACAAGTCATGGATAAATGATTGCTCATTTGTCCACGGCTTACAGGAACTTTTGCCTTCTTAGGTGTTCGGTTTTGATTAAGAAGGAGGCGTAGAGGTCTGAAGTAATGATGCCGTGGCCTTTCTGACTTATTGGCGACTTTTAGATACCGTACAGGACAGTACGAGGAAGAGACTGTTACATCGTCCACTCAGTGGCCTCTAAGGTCATAAGGGGGGCGTGAGGTGACCGCGCCACACCAAATGTAAGGGGCTCTCCCTATATGAATGATAAAAAGACTGGCTATAGGCGGCCCCTAACACAAGTTTAAATATTACTCTCCGCCAGTTTAATACTATGATGCGTTATCGGGACACCAAAAACGTTGTGGACCGGCCCTGAGATAAGCTTCGCTATGATAGGCCGAGAGCACGTCTTGTTGGCACCTCCGCCAACAGATCAGTAAACATGTCCTATATTTATCACAGTGCTGCTGGTGGCCCTTTTGGTTCTAGACTGAGTTTGACACTGACCCATTTGCACTCTAGCAAAGCTCTACTGAGAGGTTGCAACTGTGTGCTAATGG,1100,49.91,Mus musculus
SEQ_165486,AGGTACGGTTAGCTCACATGAACTGTCATTGATGTTGTGAGGCTTAGACATTCTCTAAGAATTGCAACATTTTTCCATTACCTTTCTGGCCTAGTTGGCACCATACCGATGTCGTATCTCTGTTACGGCGAAAAAAACGAAAGGCCTAGCGGTTATATGAATCAACTCCAGTACGCGTGACTAGTCTCGCACCGGCTAAGCTCATCTGATTATGCCGAAATAATGAGAAATAGCACAGATATGAGGAACTGTTTCCACATCGTGAGTAAAGTGCCGATCGAGCAACGTACCCGTAGTTGTTAACGAGTAGGGTTACCGGTGAGAGATACAGCTAGAGTTTCTTACGCCGACCCCACAACGCCTTTCCGATCAACGATTCATAGCCCGTAGGCTTGAAAGTACCACTAGTCGAGTCATGGGAACTCCGTGGGCTTCTGCATATCGCCAGGGTTCACTATGGTAAAAACCGGTCCTTCCTCAGTTTGAAGTACTGTTTCCGGTCGCTGGCGCAAAACTTGTCCATGTTTCAAAGACCAGGTAAAGTTTAAGTCTATCATATCATTAGGGACGCTATGGCCAGAAAAGGTAACCTAGCTCAAATGCATAGGGATCAGGCTCATATACATCAATCAGGCGGGCCGCGGAATATTTAACAACAGACGCTTCTTTATCTCCAACCACGGACTTGAGTCGCTTCTAACTTCCCTGTAGCTTTGCTGGAGGGGGGAAGATTCAGGGCGCCAAATGTCTGCCGTGGAGCGAACCCACGTGGACGCCGCAGTAGTATGACGCGCACTAGGTCAAGACGAAACACCCGGTTAACATATTGTTACGTTGCCATGAGATTGTTGGATACGGGGCGGGTGCCGTCCTTCCTCGTGTAAGCCGCTCTTACGTCTAGAGGGCGTTGGTGCACGTTAGTCTGAGAGAATTGGAGCAGCCGTGGACCTTAACCGGACTGATCGCTCCCTGGATCGCGAGTCTTTCTCTCGCGGATTCCGTCTCACCCGCGTGTCATTCAAAATTCGAGGGATTCTGGCACGATTGAAACTAAAAATCACCCGGGGAAGAAGGCCTCAAACAGGTCAGGGTGGCAATGCCCGTAAGTCGGCGTTCAAATCCGGAGACTATTGCAAAGCTCCTACGGGCTCCCATATGACAGTAAGCTTCACGGTTGAAATCGATTTGGTTGTTCCCCGGCCGCTCGTCTTGTCGTGCCTCAAAGACGTTTGGACATTAATGTCTATCCGGTAAAGCCGTCGCCTGCCAATACGCTTTCGGAACATCCTACATGACCGCGCACCTCACAACTGGAGGGCGTCTGTCGTCAATGCGCCTTTACCAATGCGCTATTAACGTCCTAACGGCGATCCCTCCTCTTTCAAGATTTCCGAAAGGCTCGAGGGGG,1408,50.21,Mus musculus
SEQ_576735,TACGCTGATTACTGAAAAAAGCCATAGGTTACGTTAATAATCCCTTGGATGCATGGGTGTACGAATCGAGTATCCG,76,42.11,Saccharomyces cerevisiae
SEQ_948288,TATTGTCTGGGAGACAGAGAACGTAAAGGGGGAGGCGGAAGAACTGAGATCCAAAAAATAGAAGGTGTTGGTTTGTTGGTGGTGAATTGAGCGTGCGGAGTCTGTGCCGACTGACGTCTTTAGAAAAAGGCAAGTAAAGTATAAGTTGCGACTCCCCTGGTGCCGGATCAACGTGGCGTCGTAGCTTGTGGGTACCCTTGTTAATCACAAAACCCAAGCATGGTCGCGTGTACGATCGCCGCGTTTTTCTGGGACTCGGTATCTACTTCTCCACAGGGTGAGATGCTCTTGCACCTGTCGACGTAATGTATTTATTTGATAGCGGTAGTTGTTGGCAATCCCAACCCTCCGCTCAATTGACTGTGCGCGAACCGTTGAGTCCCTGACGGCAAAAGGAATAACCAATTTTTTCGAACCTGTCGTGATTTTACCATACTTATAGTCCCGTAACCCTGGTCGCTTCTAAACTGTAGGCGGCTCACGCACGCAGATTGCATGTCCATTGATGTAATGGCCAGGCCAACAGCTTTGTCCATTTCCGGGCAGCAACTTAACCAGCGTTTCCGTGGGCAATACTATGGGATGCTGAGTGTTCATTTCTAAGGTTCCCGTCTCTATATCTGCATATTATCAACTCCGAGCGTTCAGGTTATTCATCCGCGACGCGACCCTCCATAATTTCTTGCTCGTGAGACCTGATGTCAGGGCGAGCTCGATCCGAGGACGTAACCCGAGTTTCCCGTGCAGATCCACTGACGTCCTAGATCTGTTGGGTGAGGCGTCAGCTACAGTCCCTAGCCGGGGGGCCCTCGAGCGTCTTACCGCTCTCGTATACGAAGGTAAGACTCTCTGCACCTCGTTATGCGAACATACCGTAAAATAAGACGCTGTCCCGTAGAGGAGTATTGACCGCAGCTGATTCCAGTTAGCGGTTATCCTGGTTCAACGACTACCTTGCACGATGAGCTTCCTACCCTTCTTGTTGGTACTTCAACTTGCCCTATCGGTATAGAAGAATCGTCG,1023,50.34,Escherichia coli
SEQ_725044,TTAAGAAACCTAGGTGATCACTCCCACTGAGTATGACATATATGCTGTCACTCCTAAGGTAAATCTTGATAGCCATTTGTTGGGCAATAATTTCGAGTGCCGGTAGCAACAGATCCTTCATCATCGCTCACAGAACGAGCCGAGCGTGCGCACGACTGGTTTAGGGGGGTCCGGGATGTAATTCTGCACCGAAAGGGGATAAACCTTGCGATAATCGCCCCGACAGCAGATTTACGATTTTAGTACTCTAATACTGGATACATTTCTCGCGCGCATGATGGCGGGGGCGAACAAATGCAATAGACGTACCAAACTTTCTCCACAGGTAAGCACATCGCCAAAGAATGAATAAACTTGATAAAATACATTATTAGCAAGCTCGTTAACAGTCAATTCCCGCGTACAAGTTGGAAAGCCGTTTAGTATCGCGTGCGACGGGAACCAACCTCGCTGGCTCCAAGCATGGATCGCCCAGAAGC,479,47.39,Arabidopsis thaliana
SEQ_206698,TCCCCTTGGCAGCGTCATCCTCGGGCAAAACCTCATCGGACCACCCCGGAAACTGTGTTTTCGAATGCACGATCGCCATCTGAGTCCCTTTACCCTATGGCATATTAAGGTCTATAACGTAGCGGTGTCATCAACCTGGTCTCTTAAGTCCTCCCCTACGCGTCTGTTGCGGTTCA,176,52.84,Arabidopsis thaliana
SEQ_457683,CCAGGATCATCAGACCAACGGGTCGACCTTCGGGCTCGCGACAACGCTATTAACTTGACCTTCCATATCTCGCTGGATTAAAGTATTGCTAGGGTCTCTAAGCGCAGACCGTCTAACCTGTGAATAGGTGACTGGAGGCACGAAAGTAAGAACTTTCTTGAAGGAAGGGAGAATAACACATACTGTGGGTAAAAAACGCAGCCCAAATATATGTTTAAACGTCATCGGCTTTTGATCCAACAGCCCTCCACGATTTAGTCCGTACACTCGTATCTGGGCATCTAGGAGGTAGCGGAGCTTACCGTATATGGGGCACATAAAGTAGTTAAGGTGGGTAGACCTACCAAGGTCCGTTCGCAGACCGCAGTAAAGCGCATTAGACTGCTCAGTACATCGCCGAGAACGCAATAGCGGCCTGAATTGTTTAACCATATCTACCGGGGTGACTCGCCAGCTGTGATAACTGTCTTGATCAGACAGCATCTCTGTGGTGCACTGCCTACCGATATTAATTATATCTGTAGTTTCCATGTCTGTTCCCGGGAGCATCTATTGATATTGTGCGGTTGGATGAGACAACGTGGCCTAAACCCCAACCTCCTTCTGACGCGGTAGTCGTTAACTTAAACATTCCCTACGTTTTACTTTTGGGTTTTCAGGCGCGATTCAGCCCGGCGACTGCCGACTTCCTATAATTAGCATGCCGTAGCACTGGAATGGGCAGATACACTGCCAATAGTCCAAAGGTTACTCTGAACCCGAAACCCGGAGTCTGGTGCCTGCCTGGTGAGATGTTCAGATGCGTTCAATAGCTTCAACTCACCTCCTCCGTATAACCCCGGGTTTATGCGTTCGGCGCGTTTGCTCATATTGCGATTAGTCTCATCGCGTGAAATGCTTCCGCTGGAGTCGAAGGCGGATCCACGTTGAGAAACAACGCTAGGGAGTGCCTATAATTATCGAATCGCAGATCTTTTGTACGATCTTGGCCCGTGACGTGAGACGTAACTTCATAGCCGTACGAGTTCTATACAGTAATGGCCAGCCCCTCATAGGCGGTTATGCCTGGGGTTGGCAGCTACGCTGGCACATTGTGCAAGGGAGTATGCGTCACCGTTGGCTTGACTCTCATCTTTCAGCTTACCTAGCCGCGCCGTGCCACACATTGGACTACGTACTAAAAACGGCTGAGATTAAATTATTGCAACATGATTCCCTTCCTAACTTGCGTCCTTGATTAGGTGCATAGAAGGAGAGCATAGACTCTCCGGCGCCGTACGAGCTTGTAGTGTTAACGATAAAATGGTAGATGGTGGATGTATGGCACCATCGCACAACACCCGACCTTTACATTGTACGCCAGTAGCTTTCCCCTCTTAGAGTTCACACTGGCGTCCGTAATAGCGACCCGCCCGACTGACATTAAGTCCTGTGGGACCTGGCTCTTGTTGTCAATGTGTTGGGAACGAATAGGCTATCAGCCAGCGAACGCTTCCGTAACGATTATTACGATAATCACTATTTACGGGAGCTTATTAATGCTCGCTGATAGTACTTACTTGATCTCATTGGCGTTATAAGGCATCGAGCGCTGTGCGAGCGTGTTAGGAGACTTGGTCCCTCGGCTGAGTCTGTATCCCGGCCCCACCAAATACCTGGCACGATGTTTCCTGCATATATGCCGTGATCCACGCCACTTTATAGGATGGCGTCGCCCTAGGTGGACTAGGTGACCCTTGCATAGCGTCCGGTACTAGCGTACGTGGACCCGACCGGACGAAGTGCGTGGGCAATACGTCAGTTCGCCGTCGCGCGGAGAAATAACAGGCGTCGCACTAACTTAAGGGTTCTCGCGTCTTCCTAGGTTATTATTGGCTCATGCCGGTACAACAAAGCCTGATGGACTCAGTAGTGACAGGAGACTTGCGCATGCTCGTCATAGC,1943,50.18,Caenorhabditis elegans
SEQ_320370,TCCGAAATCCATCGCGACGTGAAGTCGATGCCGTCACCTAAACATCCCCAGTTTGGGCAACTAGCATCCATAACGGGTGGCATCCTACTGATCGGAAAAAAGCGAGACCGTTCTATCGCGTTGGTTGTGATACATACCGAAGGCAGACATGTCGGTGGAGTCATCTCAGCAGAAGTTATGATTCTGCCTGTGTAAACTATGTTTCTGGTTGGGTTACGAACTGAGCCGAAACGCGGGACCTCACTCGATGATGCGATCCCTCCACTTTGGGTAACGGCTGATGAAGGTCTACTCTGGGCATATACTTTGGGTCATCCTTTGTAGGGGTGATAGGAGCTTGGTGTAGTTGTAGATAGATCCGGATTGTGTCCCAATGAGGCCCCCAGTTTTCAGATAGATGATATGTGACGGTCGGGCTAAATGCTTGTCCTTATTTGAGGTTTTTAGTTCTCCAATGTCATCACCTTTCACTTTCGGGTGGCGCTCTAAGCACTCCAAACGTCCAGACAACACAATCAGGAGACAACCCCATTGAGGTCAAGTCATGGTAGTCTAGTAGGGAATTATGAGTGACATCTTACCTAGGGGGCGTCTTGAACCTGCCGCCGAACGAGCGAATGGGCACAATTCAGGACTCGGTGGTACAAATAAAGTGCTAAGCGTTGCGTCCACAGACAGCGTCTTGTCTGCATTCACACCACCTTCAACGCAGGCCAATGTGCTGTTTACGGGTTGTGTTCGTTCTTCCGATCTGCTATTTGGCTTTCTGAGGCGACTTAGGCCTCCGATTGTAGCCGAAGGTTCACGGCCGACATAGTGCCCCTGTTTCGTCTTTCACCGTGGTGGCCAGCAGCAGTGTTTAAAATACCCTATTTCCCGAGGATCCCTTTATTGTTGCATGGGAACACCAAGTCTCCGCCAGCACCCCAGGGCGAGACTCAGCTGCCGGCCGCAAGAGACAGTGCCTTAAACCGAGCGCGAGCTCCAGGTGATAATCATGAAGGGAGGTTATTTATCGGACCACCCTAAAATATCTGTTGCAGGGCCAAAAGGCTATGTTAGCACCTTATTCGCCGAAACTCGCGGTACTACCAGTGACGAGCGCTCCCTCTCATCATGGTGGGAGGCTACCTGCATGTCAGCGTGAGACCGCGTTCTAATAATTGTTTGTCTAGATATTTGCGGGCGAAGATGGCTG,1198,50.75,Saccharomyces cerevisiae
SEQ_563920,TACCGTTGCAGCACGGGAATTTATAAGTCCTTCTTGTAGCATTTAAAGTAGGAAATACCGGCAGGACCGGTGGCTTCCGCCCACCGTAACTAGGGGCTGGGGAGTCGTCATGGATAAAGGTCCCCTCAGAGCGCGCCCCCGTTCCACCAACTGTGTTCTAGTGGGTGCGGAGACCGTGGTATTTATAGTTCCAAGTATTTGCCGTACTTCCGCCGAGGACTTTTGAGGAGATTTAGACATGCGGGATACCACTCTTCATCAACTATCTGTCTTACCGTAGTTTGTAGTTGGGAGTGAACCGTTGAACCACCTGCTCTAACTGCAATGCAGATAACGTACCTTTTCCTAGCCAGCCAAGCCGCGTCTTGAATGCTGCTGCCCGCCAATTATAGTCGCACCTCGCCGCCCGGAGGGTATTCAAGCAGACATTTAGAGACGTTGTATGTCCTCTCGTTGTTGCTCACAGATTTCTATACGACCTCAGCAGCTAACCAACCCAACCCATCAGAAACGGGCGTACCTGTGAACGGTACAAATCCCAACAGGGCCTGTGACGGCCTCATGGCGTGAATCTGCGATAAGATAGAACACCGAACTGCCCGTCAGGGAATTAATGAGAGCTGGACTCGATCATTAACCGTGCAGAGGCGATGAAGATAACTTTGTACGCAACCTCGGTGGACGTATCGGCTAACAAAAAATATCCCTCCAGAGTAGAACCGCGTGCTGTAGCACGTCAGCGCGGCTATCTAGGCGGATGAACTTGCGCTAAATTAGGCTAGTTCCTTTGCCCTGCGCGGGCAGGCCAGTCAAGGACCTGTAAAAATGACGTTGTCGGCCCAACGCCCACTACCCGGCTCCACGGGACGGAATTACGTTACTTTAACCACGCTCCACGCACCTTGCTCACCGTAGATTGCTGAGTTTCAGAGAATTTCCCCCCGGGATTCGCATGTCCGATCTTCAGTTCCGGCGCATGCGATGTGCGACATATCATTATCTTGTCCATGTTGTTTGGTCTAAGCTACATGCGCGTGGGAACGGGCACTGCAACAGAGCCCATCGGTCTAATTAGGATTCCCAAATTCTCGGTGTGTACGGCATTAAGGTGGCTCCCAGCAGAAAGACAACCACAAGGGACGGGGCACGCATTAAAGTTCCGAATATTGCTGGGGGGACCTGTAGGATAGCTCTGACTACGGCAGTTGGCAGAGATCTCCCACAGTGGCCGGAATGCAGTATGTACACCTCGGCATACACATCGGGCGTGTGGTGCGCCCTATACCCCTCAAGGGGTTCGTAGATCCCGTCAGCCATACCTAGGCAATGTAATTTTGTCGACATACGATAAGAGCCGCCATTTCGCTGGTTTTAGGTCCTCCTTTGTGCCGTGTGGGATGTGTTGCAGTTCGAACATCGCTAGTTTTTAAGTTGGTGGTTCACACAAATACACGCGGTCTATTGAGGACCCCGGCTCGCTATAATACTCGATGTGGAATCAGGCACACCAAGCAAAGCACCATGACCAATAGAGGGGCCAAGTTGCGAAATAACAACGTGGACGTCTCCCCGATACTTTGCTATCTTCTCAATCCCTAGTTGATGTAGTTGGTGCTGCAAAAGATCAACCGCTATAACTTCCTGACAGCTGGACCGATAGACTAGCCACCACTGATGCTGCGCGAACCCTAGGATACTAACCACGTGTTGCCATAATTGAACTCCAGTCGTATCGCAGAATTTTCGCGCGACAGATTCGAAAAGGTCAAACGTTTTAGACGCCCCGGGGGGCATCTGCGAAGGTAGTGGGCCCGGCCGAGTCGGTCGCGTTTCAATTTGATATACGGGGGAGCGAACGGCCGGAACAGCGTGATCACGGCCAATTTCAGACCCCTG,1896,52.11,Escherichia coli
SEQ_108881,AGGGCTCTTCAAGCCGGACCAGTATAACGAAGATGTATTCATATTCAAGTGGCTTTGGAGAGTAACGTGGGTCTGTCTCTTGAATCAGGGCGCTTGCGCATACTGTTCTTGCACGACCAATATCCTCTCGGCGAAATTCCGCGGATCATCAACGAAGACTAGCTACACTTATGACGTCGAACCTTTAGGAGTGCCTTTGGGGCCGCTCGACGAAGGTTTCGAGGAAGGAAAGGTGCAAACCCTATACGCGAGACGTTGTATTGAAATCAAGAGTGCAAGATTGCTCCTATAATTTTTGAGTGTAGTCCGTTGGCAGTAGGACA,323,47.99,Homo sapiens
SEQ_195072,AGGGTCACGACGCAGGCTGAGGAATCTCCATTCTAGTGCGTTGGTCTTATTTGTAAATGTCCCCCATAGTGCGTCGATCCGTAGAGACGATCCAAGAGGTCGGGGAACCGTAGCTGTGTGGGTGTAAGCTGAGTGCTGCGGCCACTGTACACTTGATCGGAGAATAAGAATCGAGGCCGACTTCGCCGGGCCCTACACTGACATCGAAAGCAGGTTGCTCCGACCCTTACTATCATATCTACGCGCCCCCAACTCAACCGCCAACGCGAGCCGCCTAAACGGGGGGATAACGTCCTGACACCTTATACTGATGTGCTACATCAAAGCCAAGAGCTGCATCGGTTCTTAACATAACTATATCACACCCATCGTTCAAGACACGGGGGGGGTGCAACGCCATCTGCAGATGACGCAAGGTTGAGGCTATACAGCGATGTTTAACTGTAATTGAACGTGACGCGGCATCA,467,52.89,Escherichia coli
SEQ_313552,CCATATCAGAGATAATGTCGCCTTCCTCGTCGGGACCTAGCACGATACGACCGATCCCTTAGACGAGTGAGTCGACCAGCGAAAAGGAGTAGTCTACCTAAAATGAACGAGCAGACCCAACTACACCGGTTTACGCGTCGCCATCTTCTCAATGCTCAAGCTTTCTTCAGGAGCTGCTATTGCGGACGATCCAAACTAGAGGTTCTGGTAATCGTAGGCTCGTGCTGATCTGTGATCAATGACAAGAAGTGGTAACGACAGACAATAGCGGTCTGCCGCAGGCAGCGCTGAATCGTTACGCTTCCTAAGCGGATGATTGTCCGCACCTCACTAAGTTTCTAACCACAAGACGTGCGAAGGTTCCCCTGCGGTAAAGACTCGGCCATTGCTGTGTTTGCAGGAAACGATATTTGTAGGTTGAAGACTTGATTTGGAATCAGACCAGAATATCGCGCGATCTACGGGAGCCTTGACACGAGTGAGCAAAAGAAAAGAGCGTCTGCCTTGAAAACCCAAGGTTTTTCCATATGACAGACTGGGTCAGCACTCTTAGTGGCACCGCACAGAAGTGAGCTAAAGACTGCTTGAAATTGGCTCACTGTGCCCGCTAGTTACGGTTGCATGATTAAACCACC,635,49.61,Saccharomyces cerevisiae
SEQ_260438,AATTGGGAACTCTAAACTACATCTCTGGCATATTCGCAGCTTACGTTTATGCGTAATTGTTCTCTGGCATCTAACACGAGGACTGCTTCGAGACTTTGAAATACCACCACTTTCCAGCCGAACAATACTGACAGCTGAGTTATGCGGAGGTGCATGTGAAGCTCAGGGTCGAACTTTCGCTATCCTATCTCGAGAGAGCGGCGTCTAGCCAGGTAACTATGCTCGCCGGGTAAAGCGTCCACTGCAGGTCGAGCTTGTGTGTTCTATAATATGTTGCACGTATCTCCCCGTCGATAGGGACGGGCTTAAAGCTACACAAATAGACCCATAGTTGGCCCCTAAGGCAGTATCTTCAGCACAATCAGAACGCTGTTCGAGTGCGAAGAGGTGTAATTTTTTGTTGGGTCAATATGGGTCCTTTCGTAGAAGGTATGCATGGGTTGGTTATTTCATAGTTTCGGTGGAAACTTTAGAGAGTTCTACTTAGTGGCTTGACCGTACCTTCTTGTTAGGTGCTGACTATGGCATGGGTCGGTAGAGTAACCAAACATACAAATGAATGCATGAGTTGACGATTGGCCCAAGGTTCTAGGGAATCGGCTCCTCCTCGACAGTCGGTAAAATCCTAACGGCCGTCCTCTTCCGTAGAGCCGACTTCGGATTTCGTAACTGTTACGGATAAGTTGCCGGTGCGTCACTCTGCTCGTCAAGTCCCTTCGACAATCCCCGTCCTGGCTACCAGGACGTTTCGACATCACGTTACCTATGCTTCTGGCGGAGCCCCAAGTGCTGAGAATGTAATGTACCGGAGGATTGGCCACGCGCCTATATGGTACCAATTGAAGGAAGTGAGTTAAATGGCACACGTAGCAAGACGTATAGGCCGAAAGGTTTTGAGAAGCTCTACGGGTAACCCGGCGACGATTGGAAGGATGCGTTACTGGACTGCTGATTTTCAGCAATCACCAACCTAATAGTTCCCTCGTTAAGTGAAAGACTATGCCGAAGATCTTTGACCAGAGGATAATAAGCTTAGGTCGTTGGTCGCTCAGGGACTGCTGTTTGGAATCTCCGGGTAATCGAGTCGTTGCCCAGATTCGTCGGGATATGCAAGGGTCCCGTGGACAGTTGTCCTAAGCGCGTCAATGACGTGGAAACGGTGTGTAAAACCGTTGTCGTAACCTGACTGATCCAATGGTTTTGAGAGACGCCTTCTGAACCCTTGTCCGCCGAACCCCATAAGATGGGCCCTTCAGATTGCGAGGGGACGGTAACTACCCGACGGCTTAGATCTAGGTCACCCCCGTTAAGTTCGCCTTGTCCTTATCTCCACCTCTATCGTGGCGAGTAGAGCTGTGTGGCAATCCAAAGAGGCTCCTGACACGTGCTCTCAGCCCAGTCTACTGCACAGACAGATTCGACAATTAATATACCTGCTAATGGAACGCCGCACTATGGTCCGTACCGAGGTCCATCAAGCCCTAGAGGTGAACTCTGCAATCTCAGTTCATCGCTAAGGGGGAATATTGCAGAGTACTAGATTTTCCTTTTTCTGCGGCGCAACCTTAATATGACTGGTGAGGGATACCGGACTCAGTATAATAGACTAGCCGTTGGCACTTGGGCCTTGCGATTGGTCCCGTGCGCGAA,1650,49.82,Homo sapiens
SEQ_913298,GAGGAGCCGCTCGCTGAAAACTTAGTCCGGGAATAGCGCAGGCTCTACGACTGCAGTCTTTGCGCCCGACGACAACGGTCACGCAAAGACCTTACGCCCAATACTGGCGACGCATATAAGTATCCTGTACGTTCCGTAACTGGTGGGCACGGCGGAGAGATTCTTAAACAGACACAGGCATCCTTGCCTACAGCAAAAAGTATCCCTCGGATTATAGGCTAGGTGATGAGGGCAGCGCGGGGGATCTGAGCTAGCGCTCTCCCATCCTGATGGTTCGTCTGCGCCTTCTTCTCCCCTCTGCTTCGTCAAACCTCCCAACTGGCTTCCCATTTATTTATGACTTAAACAATTATTTGAGAAATTATTTTTAGAGTTGTAAGGTCTACCAGGAATACGAACATATATTGGAGTCACTTATCCAGGGGTGTCGTTAGTCGAACTTTATTTGTCGGAAAGTGTCAGCAGAGTATACAACATTTACTGGCCATGGATCAGAGGAGGCCTTCGCCCGACTCCGAACTTAGCATCTTTCAGACTGGTGCTTCTCATGAAGGACGATTGATTGGCTGGGAAATTGACTCCACTGCTAAGGATGATGGGCCGCGAGGCTGGCCTTTACATACGCTGCATCTCTGGCAACCGTACTCCCTTAAACAAAAGCAGTCGACGAATTAAGTCTGCAATCGGTGACAGAATACTGCAGGACGACTTTACCGCCCTAGCATTACGAGTAACTTCTGTGAAACTGCTATTCTACACACATCATGTCTGGCTTTCCAGAAGGTAAAACACGAATTTATGTAGCTCCGGTGGCTAGGTGGAGTATGGACAGACTATGTTGGGAGTTTGAGAGTCTAGGTTCCCCCAGATGCGATCAAATTGTAACTTCGCGCCCTCCAGCTCCTTATCCAGATGCTCCACAGCCAGCAAATAGCTTATATATGTTTGCCATGCTTGGTTACTATGACGAGCATCACTAGGGCTGGACGTCTAGTGTACGGTGTATGTTCACTATGGCGTCATCCTGCACTAAACGTAAGAATAACCAGCTCAGTCTGGTCGTATCTCCTTTCGAACTCCGTCCCAATTCCAGATCACGTAATACTGGACAGCGTCCACATTACTCCGTATGCTACGACAGTAGCTCACGTGCCAGACTAAATCTCCAATCTAGGTTGATGCTGCCGTGACTGCAGCTCCTAATTGGTTATTCGCTACCAATAGGAGGAGACGCTTGTACCACATCAGGGCTGAGCGTCGCATCCCCCCCCATAGTGGGTCCCACAGCCTAGAGAATTTGATTGCGAAAAAGGCTTTCTTCAGTCAACCCTATACTTTCTGAGAGACACTCTTACGTGTAAAACACGGTTCTCGCGTCGGAACGAAACGTAATCTGGCATTCAATTATCCATCAGATCTAACCTTCTTGTCCAATTTAGGGGGTCGACCGATCGGACATCCACGCAATGTGTAGTTGCGAATGCGCGTGTCTCCAAGCTGGAGCGGTTAGACACCTGACGGTACGTGCTCAGCCGAACGCACTGTTTTCAGTACATTGTGATCGTTGCCAGGAGAACCCACATGGTTTACATGTCAACCATCACGCTGACCATTTAGGCACACACCCATAGTCGGCACCTGAAGGTGCCCTCTAATAAGTTTACGCCGACTCTTCTATCCATCCGGTGACCAAGCGCGTGCCTGGTTCGTTCTCCCGGGCGTTGTCAGTTAAGCTTTTCAAGGCGATGACCATGAAAGAAATTCCGTAGTGGCAGTTGCCCCTAAAACAGCTAGCGCATTATTACGCCTGCCCCTAGGACAAGACTCAAATATGGATGGGACTAGAAGTAAGGGCCTACTCCTCCCTGTTACAACGGTCCATTCTGCTCGCGCTCAGGATATTCTATTAGAGACTGCCAAATATATTCGAACACACGCTGGCCGTTAGAGCCTCAACTGGAAATTGCGGCCTTC,1974,49.24,Drosophila melanogaster
SEQ_898161,ACGCGAGCTACAGTTCGCGCGGAGCGTAGGACTTCGCAAGCAGTTGCCTTGAGCATCTCTCACAGTGACCCATTCCAAAGTGGGTATTTAGCTCACCAATCGTCGAACACTGACCTCGGTAGAATAAACACCAGGGTAGGATGGCGAAAGGTTGCACCTACGGAATCGCGATCCGTCATTTGTTATCTACCATCTTATCTATACAGCTCTTAAAGTTCGATGCACTTCCAAAGCCATTAGTAGAGAGGATAGGCGCGTTACGCTGTAGACCCAGAAGAGCTACTCCCGTATATCACAACACTAAGCAAATCAAAAGAGTCCCCTGTCAGTAGGGAGGATCCGGACTCCCTCCCAAAACGCTAGTGTTCGTCATCATTGGCCTAATGACAGGTTTGGCGACGTGGAGGATTATCGACCCTGTCATTCATCCTCCCGACT,438,49.77,Arabidopsis thaliana
SEQ_834911,ATCGAGATCTCCAGGTCGAGTGTAGGCCACCTATGGCCCTCAAGACTCTCGAACAGACTTTTACTGGCCTGGACTTCATCCATACAAAAGAGGGATGCTCCTCGGATGCTCTAGTGGTTCGGTATCCGCGCTGACCGAGAACCTCCAGGGCTAACCTGACCCTTCTCAAGTGCATCTGTTATATTAGGGTCACAGGTGATCCAGCGTGTAGGCGGGCGACCTGCATATGGTCGCGCGCCATACAGAGTGGCGCAGGATCCTAGGAACCCTACGCGCCTTCCAGTCTTGAGTCAGGGGTAATTGAATTACTTTCTCTCCGGCGAGCTCCCACTTCTTTGGGTCTGCTCACATACAGTCGTACCGTACGTCGCTGGTCGGATACTTCGATATGTCGAATACGCGGTTTCGCCAGGTCGACAACTAGCACGTCAGCGTAATGCATCAATGAGTCATACAACGTGCTTACTGTCCCATCCTATATCTTGACGTGGTGAAGGCGATCGAATTAGGTATAGTCTCGCAGCGGCGATGCGTCAACGACAACTGCGTGATTTGCCCGCGTAGCATACAATCTGAACGGGAAGAAACCCCCCGCTGTCGGTATTTTCAGCAATCATCGCTCTAGAACGTCCGCCCAGAACAACGCATCCTGAATAAACTGTTTCGAGCATCCACTGTCAGCCTGAACCTCCTCACAGATACCGCAACATCGTTATCTACCCATTGTTTTAGCCCGCCATAGTTACTGCGTAGTATCTTGCGCTACCATGTAGTTTCCAAACACTTTATTTTCCTTGAAATGTGCAGCACACTAAAAATT,820,50.85,Caenorhabditis elegans
SEQ_200543,ACTTCATTCGATCTGATTTCTCGGTGATGCTTATTCCGTTGGGCTGCGTCCATCAACACTGGCGCCGATGTTTCATGCTGGTACAGCGCTGATGAAGCACAGTAACAGCGTGTGTAGACCTGTGACAATTTGTGAAAGGCTTAGCATTGGGAACTGCAACGTGGTAATGTACTGGCGAATTCTACTGGCCCGCGGAGAATTGATGGTCTGTAGTGTGTCCCTCTTGTCAAACGAATCCGTCCCTCGTCCCCGTTACCGTCGAATGTCACTTTACACCATCTTTACAGCGCAAGAAAGAACGCCAACCCACTCTAGCTTCCCTTCGAGTGTGGCGTCTTTACGGCGAATTTCTCACTGGTAGCCCGAATACTTAACGGAACTAACTACTTATTGTGGTTCACGACTAGCCGCCCCCTTGTACTTGTCTGTGTGCTCCACTTGTAAATAGTCTCGCCGCAATGCTGTTAAGATTATTCTATGGGGTATCCTCATTCTACTAATGTTTACGTCTTACAATCTGCCCTTGGCCAGCCGACGGCGTCTCGTTTTACCAGTGGAACGCCGAAGGACGCTCTGAAATGTCTTGCCATTAGTCTAAGTAGGCATGTAGTATGTGAAATGCGAAGGGAGTTATTTCGAGCATGATGTATCATATGCGATAAAAGAACATCGCCTATCGGAGTGGATTAGTTTTTCTCGAGTGACGTCGTACATGGGTCATAACGCGAATTATATGTTTACCGAGCTTCCCCTCACGCTATGTGCGCAGACTACTGCTTGAGTATATATAATGTGTCCATAAATATTACGTTGCGTCCCCTGACACACTTTCCTAGAAACCTCTTGAGCGGCTACAAGAGACGTAGATTTTAGGGCATCATGTCTAGCCCTCCTATCCGGCCACAGGGATTTATGGAGTAGGTATCGAAACCCTTTTGAAATTGCGCCAATCGTGTGTTCGATCAAGATGACAAAGCCATGGGAAGTATTGAGAAGCTTCGCCAAGGTACAGAATCCTATCGTCGGCGCCGTGTAACATGTCAGCTCTTTACTACTGAACGGTCGCTTCGAATTTCGTAGAAACTCGAGAACCACCTCGCCAAAACCGCCGGTGTCGTGGAGAATTTCATGGACCGTTTTGCTTGATTGTCGCCTGTGCCGTTCCAAGCGGCCCATATCCGTATCCGCGATGCTAGGGTCCA,1202,48.09,Escherichia coli
SEQ_256630,AATGCAGTTCGTCATTGTACACCTATATGTCGGTTTAGAGCAAAGGACGCTGTGACTAATGGGTTACAGCAGTTCCAAAACCATCAGTCCGTCTACTCTTACGCCCAGAAAGTCTTATTAATGGAGATTGAGGGGTATCACATAACGGCTAGGAGAGGCACTAGGGCCCAGCATGGTTGCATTGATTGCGGTTCTATCTAAAGGTTGCGCTGCTGTCTTGGAATAACTAGAACTTTAATGACGTGGACAAGTCATACCCTCAGCCCGTGACCGGGTTGACAACGCGCTTATGTGCTGTGATCACCATAAGCAACCCAGCGTACGCTGTATACGTAATAATACTGCACTTCGTCTAGAATGCAGAAACAAAAGTGTAAGCCGTGGAGACCCTTGTTACTGATCACTACGTTATGTTGTAGTTACATTGGGCTTCGAAGTCGGTATTAGTATGTGTTAAGGAACGTGTCTCTCGGAGGAGGAGAAATTCTGTAAGGTACGCCGGATGTCAAGCCAGTGTCTCAATATATATGTGTTTCGTACACCGGGCCAATCCCGGTAATCTACCGCGGCGCGGTCGTACACAAAGAAGCGTTCCGGCAAACCTGGTATGTCTGTACAAGGCCACTATACCGTACGTATTGGGTAGTGCAACGGAAGACCTCTGCGGGTCTTTGTGCACCACTTCTCCCTTATGAAGAGAAGTTTTTCCTGGAGATTAAGGGTTGAATTTGTCTTGAGATACGGTACGCAGGTCTCACACGGGGCGTATACATCCCCCTAATCTTGGCCTTGACATCCCGATTACTATCATCGAACCCTCCCACTTTAACATGATGAAATATTATTATACGTGGGGAAGGGAATGTCCCCTGGCTGGAGGCGCGAAGCTATTCGACGACCCCGGTTTACACTATAACGCGGGATTTTCATCCACAAGATGAGACGCCTACTAGGTTGCGACGGTTCGGTTCAAGACGTTTGCATATCTTTAGGTGGCACTCCTTGCGTTTTTGAGGACTGGCCGGCGGGGCTTTTTGGACTGATCAGACTTAAATGCAGCGGTACTTGGAATCTGCACTCTTTGTCGGGCGCCTAACCTTAAAAACGGCCAGGCTTGCTCGGTCCTCCTTATCTTGATCAGCGCGGCAACGTATGCACGAAGCAGGCTCTATCGCGACGATTGCACGGCTACGGCATTACCCCTCACCCCACTGATGGAAGCAAAGGCTGTCGTGTTCGTTCTATTGTACCGCGCAGTGCTGAATTGCCGAAATTCTGTGAATCAAGAGTGGTAATGGCCTGCGGGTTAAAGTATGAATAACTACGTTAGAGAAATATTCAACGAGCTGTGACGGCTACCCGCTTTAAGCAGTGAGGAGGTTAGTACGTTGGCATATCTAACGGCGATACGGGTCTAGGATGTGCGCATAGCAATGAATTGAGCCGGTTTGGCTTATAACTCAGCCGAGTGCGCTTCGCGCGCATGTGTGACAGGGGAATTAACGGAATCCACTCCACAGCCGGATATCCTATTAGCAAGGGTACATTA,1549,48.87,Arabidopsis thaliana
SEQ_313500,ATAGGCAATCTCCAGTATGGTTCTCTTCATGAGTGTTATACGGACGCAACGAAAGCCGAACTCTGCCGGCGGTGGGGATCGGACAGATTTGGCTGCGCCTAAAGGGCTTACTCTGGCACGTGTTTATATC,130,51.54,Saccharomyces cerevisiae
SEQ_890497,CAAACCTGGGTCCCTTAGTAGAACGGCGCTCTGCTTTTCAGTTATTAGCCTCTTAGTGTGACCAGGAGGTCGGGAGCATCACAGCGGGTGCAGTCCGGCTAATGACGAACAGTTTTTCAACAAAATTTACAAGCGGTCTATAAGACCACGAAGGGAGAAACAGGGGTCCTCGTTATGCAGGGTAAACGCTTATCATGTCTTGTGTCAGGAGCACCCACTTACCTGTCATACCGCAAGGTCACTAGTATGGTCCACTAAAAGTGGACGAGATTACGGCAAGAGGGTTTGGTGGGAAGCGGCTCCAGTCAAGACTGGTGAACCAATATGACCTATCTCTGCCTGTAGATTTTCCTTGAAAACGTTAGCCACTACAACACTAGGCACGAATGGTAAACCCGTTTAGCTGGAACGTACCGCGATATCAGTGTTGTTGGACGGTGCGGATTGACCGAACTAAGCAAATTGACTGATGTTTCGCCAAAGCAGGTGATTTTGACAGACATGATTGGGTAGCGAGCCTGTTGCGGTATTGAGTAGCAGGTCGATCAGGATGTACATACCGGCGCTTTTAGACTGCCCTGGCAGCCGTAGCAGAGGACCTAACATCGAGAGCCCAACGTTTCCGGAGCACGTACATCGCAATCGCGAGTTTTATAGCACTGCTACTCAAGCAGACACTAGCAGATCCGTAGTAGTCTCATCAGCTTCATCCTCGCATAAACTATAATACTGTCTCATGCGTCGGTACTGGCTAGATGTCCTTCCGTAGAACTTCTATCACAGCACGACGCGCTTAGACCATGAAGACCTGTACGGCAGCTTCATCCCTATACGCTCAAATTCCAACGTTAGCCGACATGTGTACATTGTTGGAGCAAGGTCGTACCGGAGATTTTCCAGACCCTGCGGAGTAAGGCCTCGTGTTCACGTCAGACTTCACCATTTATTGGAGGTCGGAGCTGACAATTTTGATGGG,976,49.39,Drosophila melanogaster
SEQ_525745,TCACTATTACATGATCAATCACCCGTCGATCATTACCGATCAAGATTTCGGAAATATCAAACATTGGAGAAACTGC,76,38.16,Caenorhabditis elegans
SEQ_362371,GATTACCGAACATGTAAACCATAGGCACTGCGCTCGGCATTAACAGCAGTGAAAACCTACCCACAAGCATAATCAAAGCGAGCAGTACCCTTGGGAGTCAACATGACCACTACGGAGACCGTGACGGGTGCGTCTGAGAGATTGCACGCGGCCTTTAGTGTAAGGTAGAGAAGAAGATACTCCGGTAAGGGGTCCCGTCTGCCGCTTCCGAGGATCCCTGGTTTGGCCTCTAAGGTAATGGGCCGAGAGCACCTTGGACACGCGACATAGAGACCGTTGACCTTAACACTTTCTTTTATCGCACAACCTCGGGGACCAGCATTCTTCATGTCCTTCAAGTATAAGTGTCACTGTATCAACTTCAATCTCAACTCCAACTCGCCGCGAATTAGAGCAGATCGCATCTGAAGGTACATAAATTCTACTAGGGTTGCTTATCGAACGGCGTTTCAGCGTGCCACGACAATGACCTAGTTGGGCTTACTTGTCCCGTGCTGCGAGGCGTATGCATTAGAGGAAAAGGGCCTTTAACTACTCCAAAACCTTCATCTGTAAAGAGATGTCAAAAACGTGGAACATATACATGAACCTTTTGTCTGGGGTACCACAAGTCGACATTCGACGAATCACACCTGTCGATGTGTTTAGTCCTCAACTGAGTCAGAATTAGGTCTTTTTTTCCCATGGAAACGTGCTCCTAGGACTACCCCTTCAACGAGTCTCCTTCAGCCTCCTCAGTTATCGCTTAGCACGCGACAGATGTGTTGCTCAATTAATCCTCCTCCTAAAGCACAGATAGCTCTGAATTTCACAGAGAAACGAGGGGAACCCCGCTCTGGGTCCTACCTAAGTCATGTAATGCTTTCAAAGTAGAAGTGCAGAGCGGTTTCCTGACGTGATTCAATGTACTCCTATCGGGGTAATACGCTAGTGACGGGTCAAATAGAAGGAGATACATGTCATTCTACTACCTCACCCGATCACTAGCGGGGGTATACCGGATTCAAAGAGGATACGCCATCTGCACCATGGACGCGCTATGCTGTGGTAGCTAGACGTACTAAGCGATGCTGGCGCAAGTTCTTCTAATGATCCTGGCTTGAGGGCGGGTTAGAAGGTTCTCCGGAAATCAATACCGTTACTTAGGGTATCGTCCCGACATGGGTTGTCCCAACGGGTTCGCCCTTGGCGGTGGGACGCCTACCCAATGCATTTTAGGCTCATCAACCCGGAGAAGACAGAAGGTGATTCACGGTATAGCGAGCTAAGGCAACAGAGGCGGGGAAATCATTTGTAGGTTTCTCCACGCCTTGTTTTTCATATCGGCAGTGAAAGGTTCCTAGGTTGTTGGGGGTTTCGTCAAAGAATTCACTTTTAAGTCAGAATGGGGGGATTCGCCGATTACACTCCGATAAGGTTACCAATATGATCAAATCTTTGGAGCATTGTTAACTGGCAAGCGATTTAGCCAATCATCGCTAACTCATCGCTAGGTGCAAGCCTCGTCTGAACGACTTCCGATCGCGGTACGGCCAAAAGGTGTTTTCGGGGTCGTAAGTGGAGGGTGGGTGACTGCCATTTATAGTACTAGAGGTAATCCTTCGACAGTCAGGGAAGGTCGAATCGACAGAGTCTGGGAGGTTCCTATAATTCGCTTGCGAGTTTAAACTCAGATAAACTCGGTTAGACAATTGTGTCTTGATGCGAATCCTGAGCATCGGAATGCTCGAGTAGCCCGTACGAGTAGTATCTCGCCGGAACACTCGGGCCGGTATTCTTCTATTGTG,1787,48.85,Escherichia coli
SEQ_319292,CTCGTACTAATTTAGTAAAATGCAGCAGGCGAGTGCTAGTTGACTGGTCTACAGTCTCTTGGCTCTATGAAAAACAGGACCCAGCAACAGTTGATTAGGGTGAAGTAGGCCCTGTCGCGAGTCCGACTGTTAGCATCATCGGGAGTACTTCCCGATGGATGAGTATGCTTCTGCGAGCTCGGGGCCCCGCGTAGATCCGTGCTCTCCGATAAAAATAAGGAAACAGACTATTGAGTGCCGGCATCTGGCACCTTGTTACACAAAAACGCCGCACATTATTAGTCCTCCCCTCGCACACGGATAGACTGCTAAGCCATGAACTCATCCCGTTCCATGCACAGTGTGATTGCCCTGAAGGTCTTGTACCCGGTACTATGGTGACCCCCGGAGTGCATCACCGTGTGTCCGAAGACGCAAATACATTGGCGCTGCACACGAGCGCCATTATTCTGAGAATATACGCCGTATAGATGCATCGAATGCCATCGATTAGCGACACAGTCACAAGACTACACAGTTAGGCGTGCGACGGGAGCTGTACTTAGCTAGCGTTCCCCACTTGCAATTGCTCGCAGCTAAGATCTGAGTATTTGGCGTGACCCACTATTATTCGGGAAGTGCCCGAGCTCAAAAACTGCGCCCTAAACGGCACTAAACTCGAAGACCAATGAGGATTTATGGAAAGCCTCGCCATTCCTATCCCCAGCAGGTGGGAAGGTAAGACGTAATTTGTGTTACCTGGGCGCCTACGGATCCGACCACTATTGACGCGGCGCCAACTGGGCATGAAGCTTTCGGTTACGGAGGTCTAGCAGCCGCCGCTAGAGTCCTAGAAGTCGCGCGAAATGACACCTTTATTTCCTAACGATATGGCTCACGTATGTTACCCATATTGGTGCATTGGGCCAACTGCTCAGTAACCATGGTACTCTGAATAGCTGACGGATTAGTATCACAAGGCCAGGGCTATAAAATTTTCTCCTTTCCGTTAGCCATTTGCTCAGCCCTCATTCTAAATGCAAGCGATACCTGTTTGAAACTCCAGTCTTGGGACGCTCGTCAGTATGGTCTCCACCAGTGACTAGAGGGTGGTGAGTGAAACCTCATCGATCAAGTGAAACTCAAACGCCTGGGATGCTGCTTAAGGGTTTGACCCCTGCTCGGTCTTAATGACCCAAGGAACCGGCCGCCGCTACCTCGGCTGATAAATCCGAATCCTTGCCTATACGCCCTGATCTTGGATCGGTTCAATGGCGTCAGGAGCGCGGTACATCGGCTACAGTGAGTGTAGAAACCCGACAGACAAAATAGCAAGTTTAGGTCTCGCAAATGTTCCTCATCGACGGCACAAAGCTACACTCCTCCGGTTTAACGGCCAGCACTAAAAGGTTTAGTGTAGTTAACCCAATACTGGGATCTACGACCGGACACGTTATACAATTCGAGACTATCGCAGGTCAGGGGGCTAAGGGACCGGACGTAACGAGGGAGGTACGGCCCGTGAGTCCCGCCAGAGTATACTCTTTGGTGCATTGTACAAACGGATATCCGTCCATCTAACGCTTTGTATCGGTATACGGGTTCTAAGACCCAGAGCCGAATTCCTGAGCGATGGAATGGCCGCAACTACTGACCGCTCCCGACAGGTCTCCCATATACTTAACCGGGTCGGCGGTGCCGGTAAGTGGAATTGGGCTGTGAGGTTCCGGAGTCTGTCATGCGATTCCAAGTCACCGGTCAGTCCGATGCTACCCTCCAGTCTTTTCACCCCATCGATCTGCTCTCACTCTGTTAGTCGTATTGGCATCATGTAGACCAAGCCGAGTCGAAAGCGACCCTCAAATCATCAAACGTGTAGTCCTGTCCTTCCCCGACGGCCCACTTCGCAGTTCCGCCCTGGCGATATGCCAAAGCGGTGTATGTGCGTGTGATAGCAGAGCTA,1942,51.75,Escherichia coli
SEQ_522118,GATTAAGTGGACTGCACACACAAGGGCTCGCTTACTACTAAAGCATGTACCCGGATTTTCACGATCGGATGACCTTTATGAGAGCCTGGTTAATCGGGTTGCGTCGTTCAAGGCTAAGGTGGGATTAATTACGCAAGGGGCCGCCTAACGGTCCTTAACCGGACTATCTCCGCTGTTTAGAGCTACCCGGCAAGATACCTCTTCCCAACGATAAACTTAGCGGAGATAGCTGGAGCACGGGTGAATGGTCGGAGCACTTGAGGCTAGGTGCGGATTCACGGGTCATCGTGGGTCGGGGAGGAACTTCACAAACTTGATACGATGACTTAGGTGGGAGGAAGTGTCGCGGTGGCCTGTTTGACGCATTGGCCGGCTTTTCGGTAACATGACGGTACCCGGAACGTAGAAGACACCACGGGTCCGAATGAAAGTAGCTAGGTCTCCAGTTTTTTGAACTAAACCCCATCCTTTCCCGGACACATGTAGGGGTCGTCTGCTCGCCATTGAGTTACATAGTTTCAGGCAACGAAAGGGAGTCACTCCTACCGACCTAAAAAAATTATACTCCCCCAGAAAACGGACATGGGGCACCTGAATAGGTCAATATCGGGTCCTGTAACAAAACTAGGATAACCTGCTAGTACTTGCAATCGCGCAGCGGGCCCGGACAGGCTACGAAACCCCTGCCCACGGCTCCACTAAGTGACGTTAATAATGAGCGGCGTGGCATCCTACTGAGTTCAGTCCCAATCCCGGCGGCCTGGAAAGGGTGCTTGTCTCACCGTCCATGGGGTCAGGATCGTCCTTGAAGCTTATATACCCTACACATCTCCCCGAAACGTAGGGCTATAGGAATTAACACACAAGCGTCTAGTCTCCGCGCAAACTCCCGTCTACATATGTGTCCCAAAAAGCACGTCTGGAGGATCCACGGTTTATAGTGCCAACCGCTCCCAAACCGGTTAAAGAGTCGCCCACATAACGAGCCGAGCGGAAGAAAACATCCACTCCAAGCGGTAAAAGGCTGTCCCCATTACGTATTTTTTCTGCGTGACACTGAAAGGTCGGGCTTAAAGCCCGTCATGCAAGTGTGTTGGAGGTATGAGG,1107,51.94,Caenorhabditis elegans
SEQ_230646,GGTCGCTTGGAGTCAATTAGGCACATTCTAGATGTGTCAATGTTGCCATCCCCATGTGCTACAGGACTACAGTTTCGTCTGTCGAGAGGGGACCCTGTTTCGGTAATGGTGCGAACAGTGGTGGCGGGAAACTTTCAGCTGCCTCAGCTGCTGCGAAGGATAGACCCCTGATGCGAGTGATGCATAACAACCTTGTGTAATTATGTTCATTCGCTACCGCCGGATCTTTTGAGTGTACTCATCGTTCCTTATCACCCTTTGCTGGAAATCTCTGCAGCTTTACCATACGTGAGACAGTCATGCTGGTCATCATTACGTTCGACTTATGTTAGACGTAATTTCCCGCCTTCCCAATCATGGGCGCCGATGCGCCGGGGTGAGAAATTGAAGAGCCTTTCTAGGGCGCTTCTAAATGGCAATACACACCTCCGCAAAACACATCCCTGATGAAGAAATGCCATGAATTGGCGCGTATGTATCATTAATGAACGAGGCACGTTGGCCTATGCCTCCAGAGTGCACGAGGCAAAATAAAACAGGAAAGGGGTTCCCATTAAACTAGTTGATGGGATCAAATACTGCCACGTTCTCGCTCGAGCTGTGGCTGAGTCTAGGCCTAAAACAGGCTTATAGGCAACTTTTTCCCCAATGTGTCGACGTGCTGCTGCTGGGTGGCGCGAGTTGACTCAAAACCTTACCCCTGAGCCGTTTACAACATTAATCACCGCCGTGTTTACTCGGTTTTGTGCAGTGACTAGAGGTAAAACCAGGATTCGCCAGCTGTATCGGTCTCAAGTGCTGCATATTAACCGCGGGACACGGCAGAATCGCATAGTTATGTTGGTGCTAGATTACACCCCGTGGTTGGTACGGGGGGAACACTTTTCATTGCAATTCTTAGGATTGCTTACAAGCCAACCAATCCCACTTCCCGGGTCCGAAGCAGGGAGGTGGTTCCGGGTGTACGCAGGAGTGACTTCCCTAAAGGATTAGTCTACTAATACATCTTAGCGTAAGGGAGCCAGACCGTGGAGGATCCGCGCTCACATTCCTTTCGGGTGTGTAAGGAACCGAGATTCTTTGACTGGGAATTACCAGCGACTTATAGAAGACATTTTGGGTACAATCCGCGAACACACGGCACATAGGCAAAGGGTGCTCGCGTATCATTAAATGCCATTAACTGAATCTATTCTTTAACTGCGGCGGACACCACGTAAGGCCCTCATTGTCTAGCTGCCGTTAGACGCAATGCAATGGGCACAGGGTTCAGCAAACTTCCGGTGCTCTTAATTGGACAACGCTTTCCGTTGCTGACTCGGAGTGTTAAGCTCAGGCTTATTGGTCTCGAGCGTCTTCACCGATGCT,1368,49.63,Escherichia coli
SEQ_986363,TTACTTGCCTTGTTAGGATAGTTTGTCATGTAACCATTCGGGCTGCGTCAAGCTGCCAGATTGACAAGTGCGATGGTGAGGTTAAGTACATGACCATTGTCGACTACCGGATGTGATGAATTAGCAGGGGACAATAAAGTATCCCACTGGCATGTCATGAATTCAGCCCGTCACGCCGTCGAAATTTAGATTGATACACTGCCGACGTGTCAGCGGGGCGCTGGCTACCCTTATACCTATAATCCTCGATTTCTAAGCCGAATATGTCAGTGTATGTGATAGTGACCTGTACACGTAACCTATATATTAGACCGGTGCCAGCGCGCAGGTTGGTTGTGACACGGATTTAGGCCTCCTCCGATTCAATGGCCAATCGCCGAGAA,383,48.3,Drosophila melanogaster
SEQ_711819,CGGTGCAGGGTTTAAAAGCGTCGCTATTGGGAGGTAAGAGAGCCCTCATCCCCGGGTCGTAGAGCTAGCAAGCATGCCGGGCGACCGCACCGTTTGACCAAAAGTTAGATGTCGAACGTTCCCTATATAAATCCTAGACGATGGCTACGGCGTACCGTAGGACATTCCTCTTTGACACCTTGCCTAGCACGACCGACGTGACACCGATAGACCCTAAACATCTTTTACGTTGGCTTGACGCCTGGGACCTGTTCCATGTCGAATGTAGTATCCGAGAGTTCCGACTATAATATTTTTGAATGCGGTGGTTGTGAAGTGTTCTAATCTTCTAGCCGTTAGACCTGTGACCTTGCTACACATGAATGTGATACTCGTACTTTGACGCCGCACAATAAAATTATTAGTTGGCTGGAGGGTTCTTCAACTAGTAACCTTGAGAGTAATCTGACTAGATGACACCGATAGATGGCCGGTTTCCACTCACGACGCAAAATCACGGGTTTGTAAGATCAGCATTGTTTGGTGCGACTGACTTCGGTACTTTCTAGTCCCTATCGTACGATACGGTGGCGCTGCGCGCCGATCGGAGCCCTAATATGTTGACTATCGTGTCTACCCACGGGTCCGTTCGGGCTAGAATGGAACGCTAGCCGCCGAATAGTATTATCGCATTCTCCTTAGTACGAGACCCCAATTTGCCCCCATTGAGGTCCCCTTATCCGGCCAAATTATCCCAAGCCTAAGTTCACCCCCGCCCTCCTCGACTCCTCCGCCAATCCAACGAGCTCAAGCCAGCTATGCCATAGAGTCCTGCAGGTTAAGCGCCCGAATAGGGTGAGTTGCGCAACTTGGTAGGGAGGCGAAAGGAAGTTGATAGACGACCGCGCGTTCGAGAACTTTACATAAAATCCGGTCAAGGGGACTCATTCGCATTGCGGTCATCTCCATGCCCAATCGAAAAATGCAAAAGGCAGGCAGTTGTCTACCCAATAACAGCTAGCTTAGGATGTCTCGCGATTATCCATCACCGGGCGCCCAACTCCTAGAGAATTATCCAGTTACAGATCACCGGTGTAAGTAGGCTCGCTAAATATTATACGCCCTGTACTTGGTCCAACCAGTCCGAGTACTAAACGGTCTCGTAAGACTAG,1151,50.22,Drosophila melanogaster
SEQ_927677,AACATGAAGTAGGAGTCCGGTGATTGTTGCACAGCCTCCTGGTGCATGTCAGCCGAGGGGCTTGGAACCTTGCGAGCACTACCAGTTGTAACTACGAATCTCGAGGGTCTTACCCTGCAGATAAGGGCGCGTTCAGATAGGAAACGCACCCCCGCTTTCTTTTGTATAAAATCGTTTAATAGGAACCGGTTAGACACGGCGGAAACAGCCATAGCTCTATGTTTCAAGTATAACCGGTGTGCTATTAATCCAAGTCGGTAGTAGAACGCGAATGGGCAACATTAACCGAGAGTAGTTGACAAACGGAGAGTGTATGCAGTCACGAAGGGGTTTGCTTGGGCCTATCTGAGTCAATACAGTTGATCTATCTGACCTGGTTCGCACGTTGCTATCCTTAGTGGCCCAATTTTGATTCGACGTCCATCCCGTCACGTAGCTCGCCGTAGGGCGCGTAGACTAGCTTGGCGTGCCGTCCCTGGCGCCTATCTTATGGCTCCTAGCACCCTGATTTAAGCTGGAACCTCCTATAGTACACTCAAACATTCTCGTGTGCATATAGGGCGTTTAATCATCCAAGATTCCGTTTGGGGACAATCATACCGGTAACAAGATGGTCGTGACATTCACTTATAGCACCGCCCTAAAACGTGTTGGGGTAGCTATT,664,49.25,Caenorhabditis elegans
SEQ_388542,GGGCGGGTGTCGGGGCTGGAGATCCGCCCCCACCTACGCAGCCCTCAGCTACGCGGGATTGCACCTGTTACCGTCCGTAAACCATAGCTCACAAGGCTGCCATTCCCACTACTTGGTACAACCTTCGACTCACATTGTCAAGTTCTGTTTCCTGTCGACACAATGACAAAAGCTCGTGATGCTACTCTTGTAGCACCACGTGAGCTTGTCTTGGATAATGTGAAGCTTTTGTGCCCCCACAAATATATATGCAAAGAGACAATCAGTGAATTTCGGGGTACGTGCGTGCTAGAAACGAAGAAGTCAACCAATGGCGGACTCGCGGTACCGGCTGTGCCGTTCCGTTGCATTGTGAAGTTTCCTTGGTTTCCCTTAATTTATCGTGGGACTCTACGTGATCTGGCAGGTAGGACTCAAACCTTCAACATAATAATTGACTGTGAAAATATCCTGGTGAGCAGATAGTGTTATTGACGGGCCTTTTCTCCCAGTCTGAGGGAGAGGGATAAATCGCGAAATAGAGTTTCATATTTTTAAAGCTCCGGAACATTAGTGTCGTTGTGACGCAAGTTGGTTAGAGTTGGCCTCATGAGCTGCCGTTCGGTAGCACACCAATCCACAAAGCGTTCGGGCCCGGGTC,640,49.69,Saccharomyces cerevisiae
SEQ_574474,TGAGCCACCCGTGTCTACACCGGTGTTTATAGCGGGCATCTTTCGTGTATACACCGCCGTACGCGATCGCTGGGATTGAATAAGATGAGTACGAGAGCCCGGGGGAGATCGGAGTGACTACAGAAGAAGACTCGAGTTTCAAAGGGCATCTATGTAACGAACGTCCGCTGGCAGGGCGGATACGGTGACAGCCTGGGTCATAGCTTTACGAGGGAGCAGACCGGGGCTACAAATGAACCTAGCTAACCGTAAAGTGAGCGCAGCTATGATAGTGTGACGCAGGACACGAGCAAAAGAACAAACCTTCAACCACCCATTGTGGGCTCGTGTTTTAGCTAAACAACAGAGCACTAGTCCTCCGGAGAGGCTTCCCCACTAGAGGGAAAGCAGGCCAATTTAGCGTTCGGAGTTGATCAACGCAGCGCGATTAATACGCGGGAAGGGACCGTGCCATCATTTTTATGCTGAGGGTAGTCAGAGGTCGACCACTACTTCTGTCATGGCTCTACCAATATCAATAAATTGTTATCTCCTATTAAGAGTCTCATATCCGTTAGCTTGAGTGTCGCTTACGTAGGCAGGGTTCGTGAGACTGTCCCAGCAAATGCGAGGCTCATGGCCACCATCTGCTATCGGATCTACGTAGCGACACAAAAACTGTTTAATGATTTTAATGGACTGTCTTGAACACCCAGCGATGCAAATTAATACCCAATACGGTCGGG,725,50.07,Caenorhabditis elegans
SEQ_129516,AAGGGATGACTGTGGGATTCGGTAAGGGAACGGTACGGACCAGAGAGCACGTTCGGTATGTTCCGATCATTCAGGCATACTGTGGCAGCCGGCCTGCCAATGATGCAAGCCTTAGCGAACGCTTATCGCCTGCAGGCAACCGGTAGCCGTCCCAGCCACGTAACAATGTTGTTGACGATTTAATGAATTCATTGCGGCAGGATGTATAGCGCTGAGAACCCGTATCGCTTTCCTTTTCAACCTTATCTGGTATACGTGGAGTTCATCCTTAAGAACCATCACAAATGTCACCCTATACTGAGAGAAATGACCAACCCCGTTCTGACGGCGAACTAGGTAAGAAGCTACCAGTAAGCTCTGCCAAAACGCAAGTGTCTCTACGGGTTGGCTTATCAGAATTCGGAGAAATCATGTAACTATTATCGTACCTCGTCGCGTGGGGAAAATTGCCCCAATGAGTCCCACCGCATCACTGTCTAAGCTTAGCTGCTAGCCTAATCCTTGCGTGTAACAACTAGTCGTTAATTGATTGCCGACGAGATACTTAGGAAATGTTCGGGGGAAGATCCTTGCTAACTCGTATCCACCGGTTGTTAACTAGGTGTGGTCGGGTGTGCATAAAGGTGTGGTAAGTGTGGACTAAGTCTTCAGTCCGTGTACCCCAGCACTGCGTCCTGCTTCAGTCGCACGATAACTCGATGTAATTGCCACTTTTTAATAAATAGATCTCGTATTACGTATACCACCGTGCCGTAACGTGCCACGTTCGTCGACAACGTTCAGACTAAGCCACGAATGGGCATGGGTGTCCTTTTGGCACTACCGGTGACATCTCATCGGTTCCGCTGAGTATTGTGCTTCTCGACTATAGCATAGTCTCACATCATGTCACATGTACATCTCAGAGGAGAAATGCCTGGCGGCACTCCTTCCCTCCATAGGCTAACCGGCGGGGAGTTGTAACAGTACTAACTAAAACCGTTCCTAGACTCTTAAGGAAGAGTGGTCCTAAGGCGAACTACCAAATCCATTATCGTTAAAGACGGAACCCTCACTAGGTGGGGTGCCTCAAACTAGCAGGGCGCTCTTATTGCTAT,1097,48.86,Escherichia coli
SEQ_594616,GGTTGTCGATAAGTTACCGCCAGATCTCCCGGCGGTGGCCTGAGGCCGGCATCAGCCAGTACGATAAGGAGACCCGCGTCTAAGCTCGTTCAAATCCGAAGGCAGTAAGTTACCGGACTCGTTCACCACAGCCCGGACATCGCTAGGTTAGCAAGGCCATAGAACTTCCGACCACGTGTCCCAACTCCATATCGGCTAGCGACTTAGCAAAAGGGCATATACGAGCTCCCGCTTAGTAGCTGATAGATTATGCGAAACTTATGCTAAAAGCTGGGATCCCAAGGTCAGGCTAATTGTGATTACATAGGAATATTCCATATCCTGGACTATGGGATACCTACGAAAAATCTCTACATGCTACACCGACTCTAAGAGGTAGGAGTGAATGCTGTATTTTGTGTTAAGGGTCCTTCTCGCGGGCCCTTTGCAATCATCGCTTGCTAACAATGTAGATCAACAGACCTGAACCACAGGTCGGCGGTCGAGTATCGTGAGTTGGTTTAAAGGCCATTGGAACCTTACCTCACAATCTTAGGTAAAGACCCGTGGGCTGTCCTACCCTTGAGGGCTGCGCGTTAACGACCCTAATATAGAAATCGTTTGGAAATATCTACGCGCTGACTATAGATAGTTGCCCGCGGTTTTCGGATCATTCAAGGCGAAGATTAGCAGCTTAGGTTGACATCTCACAAATCGCTGGCGCAACATGGTCCGTCCGCGAGCAGTTACAATTCACGACAGACACACTGGCTGGTTAATGCCCAGTGAAGGAGCACCCCCTTGGCGCGTTCCCTAGGTAGAGGCATCTCCCCCGTAGACGGTGGCGCCTGCGCGAGGAAAATTTGTCGACGGAGAGCATGG,861,51.1,Caenorhabditis elegans
SEQ_138552,ATTGGTTGTGAGCAACGCCCTGAGAGTGTCGCAGGGAGCGTGAGAACACAACAATAGTCCAATCCACTGGAGTAGTCTCCTCTGTCCCCCCGGGGTCGCGTTGCATAAGGGGAAAACGATTTGTTTGTGCTCTACAAGCCTATGTGCGCCATACGTTTCCAGGTTGATGATCCATGATTCCTACAAGGGCGGGTCCATGGGGGACGATCTGTAAAGACTGGGGCGTCCCCGCGCCTTATCACCAGTGGCCTCTTCACACCGTCGTATCCGTCGTCCCCAAGAAAGGCTTGTTACTTGCGGCGATTGTAACCTCATTCCTCCATGATCGTCGTCTACTGTGCACTAGTTGGGAACGTCCTCAGCAGTAACCCAGCGCGCTTGATTCGCATCTTATGGCAGAGCTATCTCATGGGTCTTCTCATATGTATAATCTTCTGGGGGTACGTGGGGGGTATCACGATGTAATATTTAGATGCTGTCGAGTTAATATACATAGTTGCACGTAGCAGATGGCCCTCGCTTTCGCGTTCCCGCTCGAAGAACTCCCCAAGCCTATAGAACGAGGAGGTCTATAATGCCAGCCCACCCGGACGCCACTGTAACGTCTTGCTGGCGACACCATTCGCAGTATAAGCAGGGATGCCACAAGCTCGCTACTGGGTCCTAGTCCGGTGCGAATAGGTATCGAAATCGTAGTAGTCCAGCAGGCCACATAGTTCGACCTACGAAACCTGTTCTACTTTCGAATACGGGGGCCAGGGCCTACGCCGTTAGGTTCCAGCTGAATGCGTCCGAACCACCCTAATTTGGAAACGGCAGCAATGCCCTGGTACCCGGAAGAGGTGAATCGAACGCCCGGAAGTGCGATCGGATCATCGTTAACGCGCGCAGATTCACGAATGCGCAGTGGAACTACATCTTAGGCGCAGAAACAACTTCGAGAACCTGCTGCAATTTGTGGTTTAAGGCCTGGCCGGGGTTCGGCCGAGCCCCGTTGAAGCTGTGTAGGAAGAAAATTACGGGCGAATTGGTAATTGTGCGGCGGAAAAGCAGCTGCTTTGGTCGTCTCCAGTTTCATTGGATCACCCATACGATTGCAAAACGCAGGTGTGTAAGACTAACGGGGCACGCCGGCCTCCGGCTGCAATAGCGGTTCCAATAAATGAATGTCGC,1173,53.2,Escherichia coli
SEQ_953629,GGCTTGAGTGTTGGAAGACGAAGAAAAAATTGCGGGAATGAAACGCGAAGTAGACGCGATACATTGAGAGCATCATATCTTTTCTAATCCCACCACGTGTGGTCAGGACTCACTAAGACCGCTACACCATCTGTTTAGCCTGACTATGAAAAGATTGGGTTACGGACGGAGTAACCCTGAATATTAC,187,44.92,Caenorhabditis elegans
SEQ_219593,GTCTCGACGAGAAGTGATACTACAGCGGTGTTGTACCGGACTAGTTCCCACGAATGATGAGCACCTAACTCAAGTAAATGTTCAGGACCTGGTGAACCAATGTATTGTGGCACATACAACCTTGTGTTTACGTTGCGCCACTTCACATGCTGGACCTTCCCAGGCTACACCGGGATAGCACTTATCATATATTTCATGTGTATAATGGTTCCCCGATACGCTACCAGATATGTACGTTAACCCCTGTCCACGATATAACGGACAGCTAGTCCCGAATCACAAAAAATCCTTGCACTGGTCAGCTTGGGGTACTTTGTTTTCCTAAACACACCCAGCCCATTGTTGAACCAGGCCCTATGCATAGGCTGCTAGTGACAGGAGTAAAGTGAAAAAGTTAGTATCAATCGAAATTGGGGGCGGTCTCACGATGCTGCTGCAATAGAGTGCTTTTGAGGTTTCGACCTTTAGCGGGGATTCTGCATACACGGCTGTAGTAGTAAGCACGCGCTTTTCGAGATCATACGAGCCGACAAGATTTCCTATGCAAGCCGTGATCAAAAGGGTCTTTGGGCCAAGATCTGGGTACTTGAAGCGATAGGCAGTGTTGATGGTTCAGTAGAGCGATCCCTCTAAGTTTTGCCCACCGAAAGTTTTTGGCTAGGCGCCCCGAGACCTTAGTCTACGCCGATTTGGGGCATGGTATCGCTAAGCGATGCTCCGGTCACCGAACGATTTCCTGTTGGGTAGGTGGCATAAGTGGTTTGACGAGGCTAAGTCGAGAGCCTCTATGAGAAGCAGCAAAACTGCATCTCGATGATAGATGTGCGCATCTGTAGGCGCTACTGATTGTATCTGAAAGATTAGCTACATGCTCCTCTCAAGAAAACAACTAGGTCCGTTGCTTCGGTCCAGCCAATAGACGAACAAGCATTA,933,48.12,Mus musculus
SEQ_915283,CTGTGTTCACTAGTGGACGCAGAATAAAGTCTCTATGAGTCTACGTCCAATTGGCAGGCGTTCGCTCATGCCGCAAGCTATACCGCTAGCTGGTTAACTCCAGATTCAACAGGCCAGTTCTGACAGAGGCCCCATACTCGGGGGAGGCCCTTTAAATCGGCACCACGTTATAACCACACTGGCCGCCAAAAGCCCGCCCCGAGGTGTTGTCTTTGCGTTCTGGCCCTCCAGGAAATGATAATTGCTCTATACGGATCTTCTCTGCCATCAACCTCTCAGCCGCCCACCGAATGAGACGGGTCCCCTGATTAGGACTCAGCCTATTATAGTCCGCAACCCTTGGTTTCATCGGGCCCACTCTATAGGATTTGTGTACCTAATGCCTGCAGGTCGATGTCAAGTGTCCGACAAGGTGACCCGTAGGCAAGTTTTCCCCTTACGCTAAGATGCTACCTTCGGCTTGTTAGGCTGTGCTCAACGGTTCGCTATACAACATTCGGTAGATACTACTGCTGCTATCACGCGCGGACTGTTCATGGACCCCGTGCAACAACGGATTCTGCTAATTCGTGGAGTCAATTAAGGCCGCTCATCTAGGAAGACGTCACTTCACATACTCACAAGGCAGATGGCCCGGTACATCTTACGCCATGTCAGAGTGGGTCGGTCAAACCCCATATATCAGGCACAGGGTCGGTGAAACACGTGGTCTATCATTTTTCCTAAGCCACACAGCGGTTGTAGCCAAAGGATGCTGCCATCAGCTATTGCGTCAACGCCAGGTCCTGAGCTGAAATTTATCTAGCCCGCGTGTACATCGAATCAATCTCTTATATTCCAGGTGCAGGCAAGCGGGGTCGTCGTTTAAGGATTTCAGTTGTCTTACGTTTGCAAAGCCCGGATCGTCCACACATAACATCTTGTACATGCGACTACTATTCATTCAAAGAAGCACTACAGCATCTGCGTTATGTTCTATACCATCGTGAATAACGCGTACCGCGCGCGAAC,1011,50.84,Drosophila melanogaster
SEQ_511617,TCTAACTTTGTAAAGTCGAATCTATATCGTGGTGCCTCCTAGCAGGAAAAATACACAGGAACCCTCGCAGATTAAGGTAGTGGTCGCGGGGAGTGCAATCGTTACCCTCTAATTTTGTGTATGAATACGTGGTATATATTGTGCTGGACAGTCTTTTATAAATGTATTCAAACTGGACGAGTTCCGGTGTTGTTCCCCTCCCGTACCACCAGGGGCGATATGTAGAATCTCTCTTGGGAAGCGAGATGGGAAAAGTACAATTAAATTGAGGGTGCCGATGACTACCGCTGGGATCGCGGAAATATATACCGACTAGAACGTTGGCAGGTGGACGTGGTCCGATGTCTACGCGCTATAACCCGGAATTGGTGAACCAATAACAGTCCACCCTTGCAATCGAAATTCCTTTGAGAAATACTCCTATTTGCTAAGTTGAGCATAAAAGAATGGGTAAATACATGCATTCCCACGGCTGCTGAGTCGTCCCTGTTATCTCAAACGATACGGACCTCAGGTAATAGAGCTTACTTGGATATACAAATAGCGTCAAACCGGCCAAGACGCGTTTCTTGCTTGCCTGATGTTTCACATGCTAGTCTGGATGCACGACTCTCGACCCTTAACGAATCGGATGAGCCCCACTTTGTCTTGCCGCCGTGGACGCCCAGCCTAAAGTCGACGCTGGGTTCTTTAGGGGACCCTTGGCCTGGAGACAAACAGCACAATCATAAGAATTCGGCGGGTGAGAGTAGGCTCAAGTCAGCTCTTGAGATTGCAGATACGCCGCGGCTCAATCTTGCATAATAGTCCCTGAGTTTCGGCG,823,48.0,Drosophila melanogaster
SEQ_466858,GCCAAAGTGTACACGGTACGCGGGACTAGTGCATAATTCGCGGTAGGCAGCGTTCGTCGGTGCCATTCCGTGGCTCTATTGCACGCCAGCCACGTTACAGTCCTATTTGCGAGGTACCTAAACACACACGAAAATGCCCTACATCGTCAGGAAGCTGAGGTTTAAGGGGTTAATAGCACGATGTCTTTGGGGGCGATCTTTAAACAGGTAGTCCTCCTGAGGTCCGTAGAAAGGGCAGGGACTTTAATACCAGGGCGCCACAGGATAAACGCTTGCGCAATAGCCAGACGCAAGATTTGCCGGAAACTTTATAGCCCAGCTTGAAGTACTAGGTTCTCCTTCAGAAACCAGGAACGCCATGAGTTTGCTACTGACGAGCCTTATGGAACCATCTTCACCAGACAAAGGAACTGGTTTCTTTGATGTAGTGGTACGGATTTAGCGAGGGATAGAAGACAATAATTGCGAGCTTCTCTACGCTTACATTATAGGGTTTGGAATTTTGATGAGGAATATACTGATCCCCAACAGGAGACACAGCTGGAAACTGTCGATATTTGTAATTGTTGCGCACCGACGAACGATGAGCATAGGCACAAAGACTGGTACTCTGCATCATTCTCGAAGCATAGTACGACCCCGTAACGAGCGTTCTATGACCCTATCTGTGAAATATTACGTAATTTAGGAAAGTCTTACCTTACGGTAGGCGGCGGCTGTGGTAAAGGTTAGGATAGACTGTAACTATCGCACTACTTTGCCGGCAACGCCGCACTTGCTGTCCAACGGGTCCAAGTCCATTGAGGAAGTAGTCCACACTATTGCCTCCGGGTAATGGGTCCTTGGCTACTATTACCAATGCTAAAAGGGAGTCTGACAAATTAAATATCAACGATCCTTCCGATCTACCCTGCATGAATATCGTAGTGCGGACGTATGTCCATGAATAATTTATAGACAGAAGATGCATTATAGACGATCTTCTGTGCGAGTCACGTTCGAAAAATCCATCAGGTTCATGACTGCTTGCTGTCACGTGGGCCATGAGAAGACCCTCGAGATACTACCGTAGGAGAATCGGTAGTCTGGACTACCTCGTCGGGCTGGACTTCTTGTTGTGCCTT,1124,47.69,Saccharomyces cerevisiae
SEQ_772071,TGCACTAAACTCACGCATAGCGAGTGTCGCGGCTCTACTGGACCAGCCAGCCGACTTCAAATGTTGTCGCTACCGTCTCTTGGACTTTACTTATGGCTCTACTGCCGGATAGTCAATGCAGCGCCGAGGTGCAAATCTATCGAACGGTCGTAGTTGTATCTGTTACCAAGCTCGATAATTGGAGGCGCCACTGATCTATGCTGGTTCATGGCTCGATTAGGACCGGGGTCAGCTAGATTTGGGGCATATCCCGGAGTCAAGCCATAGGCAGCGAGTACAAGAGCTAAGGCCACGTTGTTTAGCTACGATACTGCGCCAGCGACTCCGACAGTCTCTCCATTAAGGTGCTAGGACATAGAAGTGGGCTATGGAGGGCCGAAGTGTTCTGGTCGTTAAAACCTCGCACATAATAACTGTTTAACAAGCCGATTGCGTTAGTGCAAAAATGCTCCTCGTAAAAATACAGACTACTTATACTTAAAGCGTCTAACCCATCCGTAGTGACCTGGGAAAGCTAGTCCCCACATCACAAAGCATAGCTTATATGCCAAGAGCAACCCTTCGAAACTTGTGAACGTAGACGGTATAGTCCGAGTCAGGTCAGTAAACACCGTGCATTTACGTAAGTTTTGACGACTCAGCGCAAAGCTGACATAGTAAAATCCAGATGCTTGCTAAATGTAGTTAAGGGACATGGACAAGGAGGAAGTCCGTGAGTTGTGAGTCTTAAAGAGATCCAGGCCTATTTGTCGCACGACTGTGGGTCCTATGTGCATGAAGACTTAGCAGAGGTCATTAGTGGATACGACGGGATAACGAAGGTATGACAAATTCCACTGATGTTAACATCAACCAGCACGTCGACTAGGCACAGAGGATAGTACTCTAGCTACTAGAGCGCGATTCTTTAGATTCAGGAGTTAATCAAATAAAATATCATGCAAGGATCCTTGGGTTGAGAGTGCTCCAAAGTCCTTTAATGGGGCCCATTGTGGACTCTGGCCGGCCACCCGCGAAACTGAAAAAATGTCCCTCTCGTGACTAACGAATGCAAGGAACGGTGTGACGAACCCAGACTTACCCGGCCCGGACACACCACCAAGGGGACGTAAAATCGGAACTGCATTTGCTATCACGCAAGCTACGTGTAAACCTGCTGGGTGGCACTTGATATGAGTTTGCCTTCCCCTGAGAGTTATTGAATGAATCCTGCTACTTATGTGCATCCCCGAAGGGTGGCCGTCAGAAAGGGGCCTAGCGTAGTTAGCATGGGATGGCTCGCTATCGGCGTTCTGAAAAATCTATACGGAGAAAGTCGCGTCACCAGCACGCAGGGCAATGGAACCCCACCAT,1353,48.93,Escherichia coli
SEQ_266474,AGTACACGGAAGGCCATTAGTCAACCCCACTGCCAGGGTGTACCCGCAATTAAGAATATTTGCCCACCAAAGCGCGAGAGTAGGTACCGGATTACACATCAGTAACTCTTAGTCCTTACGGCCCTGCCTAGTTAAGGCTGTATGCGGGTATAGAGAGTCCTATAAACCCGGCCAAAAGCACAGGCTACCGATTATCCAATAGGGCACGCGTCCCACAGGAATGGGGCTCGCACAACTAGTGTAATGTACGCACTACATATTGTAAGAATTTTCAATCGGACTATTTATGGGAACTAAGAGGTGCAACCACAGCGCTTTGTCCCATTACCTATGTCTTGTAGTCAAAAACCGGCAACCATCATTAGAATAAGATACCTTGCCACACTGATTAATGAATTGCCAACGCAAAGTGGGCTTCTGCGCAACAATTTTGTACGTAATTTTGGACCCAAGGATTTTGTTAGTCACAAAGAGCCCCCATGGACGCCCAAAGCCCTCTCTACACATAACTCTCTGGGCCCTCATAATCGATGTACGTTCATCCCCGCTAGCGTCATAAGTAAACGCAGACAACCGGGCCCTCGGATGGGATCAGGAGTCCAGGGGGGCGGTAAAGCCACCGGGAGCTTCAAGCGGTCCGGAGGAAAGGTAGCGTGACCGCAGGTAAGACACAAGTCGAAGAAGGAGGCATGTCGCCAGATGGTCCTCCCGTAAGGTTGCAATACACAATCAGAGGATATATAACTGCCGTCGATTATTGCTTTGCTACCAGCTTCTATCATAGCAAGTCCCATAACTTGGTTAGTTCTACTGCACACCGGACAATGCATTGACTGTTGAAAGCGGCATAACATGTGTGGTCATAAGCGCACGCTCATAGGATTTACTAATTGCCGACCTAGTACAGGGCCTCAACACCCCAGTTGTTTGGTGCTAAACCTATGTTTCCGGATAAGATCAACCTTCGCCAGTTGCTCAAGCAAACCTAAC,990,48.59,Arabidopsis thaliana
SEQ_549259,TCCATGGTATTCCCGGAGAAACTCTACCCGGTGGGCCTCGTTGAAGTCACAGGTCTAAGCGATGTGCCTATTGGCTGACAGACCGGAAAATAAATGGGCATATATCTCCGAGACGAGTGAGACGCACCGGGGACCCATTATTTTGACCGGAAGGCGGGTCTCAACTCACGTGGTGGGCATTAGCGGACCCCGGGCAGCTGTAGCTCCGCCGGGGTCATCTGAACGGCTTGAATTATCTACGTGGCCGTGAGATTACCAGGAAGAGGAATGATATTGTAGGCTTTTGTTTGGTTGCCTGGACTGCAGTTGAAGTGCACTGCG,321,53.89,Homo sapiens
SEQ_482231,TCATAAACACCGAACCTCAGGCGCATGATTACGTCAAGATCTTGGCAAGGGCACGTTAGTGCACGAATGGGGGTACCGTATCAACGCGACTCACTCAAACCCATCTTTAGGACACTGAGTCGCCAGTTTTGAAATCCCGCTACACAATACGTACTCATACGACAATAAGTCATGAGGCGCTCATCGTGAGCGGGTCCGCGAGGAAGGAGATTCTCACTGGGAAAGCTTCCATGAGATTGACAGTACTTGAGAGCCATAGTAAAATGTCGCCCTTAGAACTGCTGTTAACCCTCCCCCCCCAAGCTTAGCGCCCTACAAACGATCCCCACCAAGCAGGAGGACCTCGGACTCATACGGTGTAGACCATGTCAGGGGAATGCTGGGCTAACCAGCCGCCAAGGCCAGGATGATCAAATATATGCACGAGTGGCACTTATTGATGAAGGATCACCAGTTAAGTTGCCCGAGTTATCAAGGCGGCCTCATCGGGAGGATAATTGCTAATAATTTGCGAAACGCATGAGAGGCAGCGTATCTCAGGCCCTTGATACCAGGAATTGTACAGAAGAAATACTCAAGTGTTGGGGTACGGTCGGTCCCTGGGGCCGTATTCGTTTATTCTGACTGCAAATAAGACAAATAATGCAGGTTCGAACGTACTCTTATAGCGACACCCCCTTCCTTTGTAAGCATCTTCGCGCCATGTCAGACTCTTAGCTGCAGTCCGAACAACACCATGCTCCGTAACCGTGTAAGCCTCAATAGATTTGGTGTATGAGGCTAAAACTAAGATGTAGGCTATACTCTCACGCCGCAGCACCACTGTTCCTTATGTTTTGAGGTTGCACCTAGAGTGCGCTATCTCCCGGTTGCGACGGGTTATGCAGCAGGCATCCAATAGACCCAATAATTTAGGAGGAAAGGGAGCGTCGGGAGTACAATGGCGGTGATCAAGCTTTGTCTCCTTATCCGCGCCGAGCGGGCGAATGACCTCCGATTTGCCCAGCATCGGGAGTAGTTATTCAACGGCGTAGCTTGGTCGGGGTAAGCTATCTCTAAAACCACTCTTACGTGCAGTACAGAAGACGTCCAGGCCCGAGTAGTACGGATACCGTGGCCACCTGTGATTAGGCCTCACGGTAGGATACATAAATACAGTGCGAATGAGAGTTAGTGGAAGAAGGGTCAGAGAAGTTATTCACCAGTCCCAGGCCCGGAATGGTTTAAGGCCGATTTTACGCTGTAACATCCAGGCTTCGATCTGATGTACGTCGAGGCTTACCGCTATATACATCAACACGGCGAGCGACTATGATGTCTCGTTCCGTCGACCTTATCTCTTCACCCGAGACAGGCACATTGCGGCGTGTTATCGACCACTGCCGGAACTACGCAGTACTAGAGCGAGTA,1410,50.57,Escherichia coli
SEQ_550494,GGTTGGCACGAACTGAGACTATTAGTCGAAGGTGACGTTACAGCTGACCCAAGGCGTGCAACACATGGGAACAGCCTTGGGTGGAGTGACTGACGGAGGTAACTTCGGTTTGTGCGCTATACTCACACAATAGCACAATGGGTTAACTATAGACTGCGTTTGCGGTGATGAGGAAGGAATAGTGCCCCTGCGGTCCCCTGTAGCTTTCCGTTGGCCACGGTGTGACCTGGCATGAAACGCGCATGTGCTGCTACACGGGCATCGTGATCATTGGAACGGCCTAATACTACCTTAATGGGCCGTACTGCGCTGCAACGGTTAGTGAATGCGGCAATTGGTGACTTACATAGATCCGGGCAATGAAGTTGGCGAGTGGCTGGGGAGCAGGCCCACTCACAATCCAGATGGAAATTGTCTGGGGCTACGATCCTCCGTTCACCGTATAGTAAGGCCGATGGACAGCTCGGTCCACGTGCGGGGGGTTCCGATTCATCTGGTCAGATTGGGCCAGCTCCCGCCCTGACCACTAGCGGCTCAAGATTCGACCGTGACCAGTTCTATGGGAACGCGTGTTACCTACCCACTCAACACCGCCGGGGTGATGAAACACTCGGGTGGAGCCTCATAATGTGCTAGAATCCTATCGGTCCATAGGTTGACCTGAATGACATGCTAAACTGATAGAGCTTCTTGCTTGCCCTGCTGGGAATGAGGAGGTGAGGGTTTTTTGGGTATGGGACCCATAAAGAGCGAACCGGGGTATCCCGATAGAGACGTGCGCGTACGTGAAGGTGAAAGAATATCTGAGTTCATCGCGCAGGCGATCATTACAGCTGATAGAGTCCTTCACGTGAGCAAGACTATAAACACACAATCTTCTATCGGGCTCCACTATCCGCGGGCAGCGTTTGAGGGCAACGATCGGAGGGTGCGACCCCACTACTATGGAATAGACATCTTTATGTGTCTCCAGACCGTGCACGGATGTCGAATTTCTACCTGCAACCGACAGTTGAGTTTATCACTAACTTGGTCGATAGGACGAGGAAGGATTCTTTCACAGGGTCCCCCTTGGACCCTGGAATTATTGCTGAGTGCGCATGGGGACCCAAAGAGTATCCAGCATTGCGCCTATATCGGTAGATCTATCAAACCGAACTCGCCCTAATGAACTTGTCATACGCAGTTATCTCTTGAAAACGTAGTCCTATCTCGACATCTTGGGTGGGATCCTGCTTTACCTTGATTTGAGTTTCTATAAACACACGATTTCGGACAAGAAATTCGTCAGCGAGGGTACGGATGCAGCAGCACCAAGCAGGCTAAGTCGTGGAATGATACCTAGCACTGGTTCCCAATCTTAGTAGCCCGATGCCAACGCTTTTTACGCGACAAGTATACGTTTGTATTCGTGACCCGCTAGGGGTTATTTGGATGGACGGTAGGGCGAAGTTTATCATCAAAACCTCAAATTAACATTCCACGCAGAGAGTTATCGACAAATACTGAAACCGCTTGACCATACACACTCTTGCACGCATGATAAACGTATTTAGAAAGGCCGGTGCCGTAGAAATGATTCGATTTGGCAGGCGTGCGACAAAGGAGGGGGACGGACGTACCCCGCCAACCCACTAGGTGAGTTCAAAGTCGTAGGGGTTGGCAGAAAAATTGCCACTACCCGGTTCTTAATCACACCCACACCAGAAAACAGCAGTGAGGATGGACCTGCACTGACATTGCGCAGCAGATTTACGGTTGACTAGTCCGCTGACGGAGCACCTCGACAACCGCCCCCATGTCCAT,1806,51.33,Saccharomyces cerevisiae
SEQ_143168,CGGCTTCATCTAATGAGCAACAAGTAGCCAAGCCTTAAGGGTTCGTGTAGTTCTATCTTAGGGAAGTTCCGGGGAATGCTTTAAGTGGATGTCAGTGTTCCCAGCAGACCGCCTGGTGACCGTGTGAGTAATTTCTTATGTGGGAACGGAATTCCATTAGTGTCTCCGACTTATAGTAATACCTAACCCAGGAGGCTCTCGAAAGGCTGGGACACCCGAGAAATGCCAAGACATGACAAGGTACCATCGAAACTTCTGGAAAAGGGTGTAGCATCGCACAATCAGTTACTGCCCTCCGAGATGACGTCCACGTGGAGAGTAGAGGTTTCTTGGTCTTCAGCAAGTCTGAGCATCCTCAATTGTTCAAGGTGACTAAACTGGCCGTCATAGAGGTATATTTAATGGATAGAATACGAATCATGGTTATGTGCTCAGTCAGGGGTTTAAACATATTTCGTTTTATTAAACAATAGATTTCCAGAGCCACTCTTGATTTCCCGATATGTATTAACTCCTGAATACTCCCACCGATGCACCGTTCGCCCAGTAGACATGGGTAACGGATAAGGCCGATATAATCACATAGCAGTCGCGTAAAACCGCCAACTCCAGACCCCGACTGGCTTATTAATAAAACCGCCGTGCAGCGCCCGGGGCCACGCACTACTGACTAATTAAGAGCAATATTATGGAACCTCGCACTTCGTACATTCGACACACAAACTACGGAATCCTCCGCTTCTTCACTGCCTGGGAGTCCTATAGGCTCTAAATCGGTGAACCCGGTAGGGTAAGCGTGCAACACGCCGTGTGGTCATCAGGTCGGGCTATGGGCCAACGAAGCGCTTAACAGCCGTCGTGTAAACTTCCCGGAAGCACGAGGCTGAAGCAACACGGCAGTAAACTTGTTCTGGTGCAGCCCCGTGATGTTACAGTACCACTCAAAACTGTTGAGACGATAAACTTCCGAAAACTGAAGGGATTGTCGGCTATCTAGGGATGTGGGAAATAACAGTAAACCCGTGACTCAGATAGCTCACGTAAAAACACTTACTGTCATAAACTATCATCAGATGTC,1078,47.59,Drosophila melanogaster
SEQ_899184,CGCCTCCACTTACCTCTAATGTAGCTTCATGCTTCACGGTCCGCCAGCGTGGCAGTACGGCGGCCCATCATCAAAGGCTAAGATCATTGTTCCCTATAATAAGTCCACGGGTTCGCCTGTTTAGTTTACTGAGAGCTCGGATCGCG,146,52.74,Homo sapiens
SEQ_850819,AGTAGGAGTAACACGGCAAGTTTCAATTGTCCCTGCCAAGACCGCTGTCCGTGTTGCTGCGCCTAAACACCGTTAGCGTGCAGAGTAGATTTTACCGGGGCCTGTGCTCCGGTAGCGCATGCAAGTTTTAGATGACGATTCGTAAACAGCAGCCAACCTCGTCATATCCCACATAATAGACTTACACCAGTTGCTAGCCGTGCACACTGCCAAGCGACCGTTCTACTACTTCAGAGTTGGCATCAGTTGAAGACAATAAGGAAAGCATCTGGGATACGCTTAACGGGAAACCCAGAAAAAACAGGTGAACAGCTCCTTAATATAGCGTACTTATAACATCCGGACTCTTGGATGCCAGTTTAAGCGCTCACGTTGTGTAGCCCCGTGAACCATTTGGACATTTGCCCAGCCTGTTATCAGCGTGCGCTGGGGCGTGAAGATGTTATGGAGCTGATCGGAAACAGTTGACGGGGCGAACACTCACAGCACGTGCATTGCTCCGGGCGGCGCCCTAGCGTTTGACAGCCAGTAAAGGAGATCATCCTGTCATCTCCCTTATTTGCAGTGGCCGCTTCCTGTGTCAGTATGTGCAGGAATTGCCCAAGGGACACGATTGTGGCCATGGGTACATCATGATTACATCAAGCATGAGATTCGGGCTGGGATGGGTTTCGTACGCACTATACGGAGAGAACGCAGCTTCGCTAACGTATACCCGACGTGCAGGGCATGCTGTGTGCTTGAGAGTTGGCTTCGAGTCACTTTTCGCTAGGGCGTTAGAATCTTGTGGTTGGAATGGTGGTTAGGTCAAGATCTGAGTCAATACGGATTGGAACCCAAAATAGCACGAACCCGATCTTCCACAATTTACCCTCATGACATTTAGCGAGTCTGGGACACGTGAGCTAAGACAACGAAGCGAAGTTAGTCTCGAAATAAACAGGTACACCTGGGGACGCAAAAAATGTAGTTGATTCGGTACCTTCCCACAACAAGGACTCGGGGCTGGACTT,1013,50.25,Arabidopsis thaliana
SEQ_324358,ATGACGACATCACCACTTGTGAAATCGAACGGGCCACAAGTTTTGAGGGGGGATGTTGGCTAACGGTGCCTTCAAGCCAACAATCTTAAGATTTACGGGCCCGACCTATGGAGCGCTTGGGACGTTCAGTTCAGAAAATACCTTTGCCAACGGTTCAGTTGTGTAATTTAGCCATGCTATACGGTCAAGGTACACCACCGTAGTGGCCGGGCAATTCCTTCAATAAGTGCATAGACAAACCTTGTAACGCTAATTCACTAGACGCAATCGAACTAGCGAGTGCCGTCGTCTAATCACCTAACCAAGGCGTTTCCAAAATCTAATTTACGACGGATGTTCCAACTACTACATGTACTTCTCGCTGTCTTTATACTAACTTGCCAAGCCGACTTGGCGGACTTGCTGACGAGCTGACAGGAAATTCAATAAAAGAGTTAGTAGGGGGTATTTCATCTCATACCGAGTAACAAGTCACTTGTCGCACGTAGCATGGTAAACCTGAGAGGTATCCGTGCAGGCTCTGGGTTGCTGTAAACTCCATGTCCTAGCAGGCCGGCGATAGATAGATAATCTTACTGGAACTCCCCGCAGGATTACTCTCAACCTCAAGATTCAGATATGCGAACCTTGGACAGGAAGACGAGGTTCATATTTTGTTTCTATAAAAATCCTATAAATCAGCGCAACTCCCAGCGAAGACCGGAGTTGGAGACTCGACGCTGGTCATAGTAGAAGTGATGCTCCGTCAAAGGGATAGCGCCTTAGTGGACGGAAATCATAAGATGAGGATTCCTTCGGTCACATATCGTCTCCCTCGAACTAATCTAGTAGCCAACTAGCCAGCCGAGTGGCAGTACCTTGATGGTAAATATGCGCTATTAGTGTAAGAATGCCTACGTTGCGAGAGCCCGATCAAAAGACGATGTGGGGCCTCTTTAGCTCCTGTTACCGGTGATGTCATAGCGGCAGATTAAGTTATACGGGTCGCGAATTTATACGAATCTCGCCATTTTGCAAAGTCTAGTTAAGTATAAGGCGTTAAGGACTGGTAAGCGCTTCGTGGCCTGTTTATTAAGGGCCCGGCCAGGACCACGTCGGGGAGTTCATAGTCTCAGGGCGGATGGTAGTTTTCTTCGGTATGATGCGGCGTATCTTGTGTTCGATTCATCTATCTATCTTGGGCGCGGTCATTGAAACGTAGGTAATCGCGATGTATTCAGATTATCGAGCGTGCCTTTTGCGACCGAAGCGCCCACAGCCGCGTGGGTAAGCATAAAAGTAGATACGAAAAGCCAGCTCTACTAGCCTCGAGTTAGGGGCAACCTGCCCAAAAGCGCCCGCACAATCATAATGGCCAAACTGATTACAGCGTCCACCAGTTAGCACCCCATGCCCGCGAGTATCATTCTCTTCCGTAATTAGTACTCCTCGACTGTCAGTGCAGGGGTTGATACGCCAAGCGTACCTGTGAGGGAGAGGGTCTTCCGGCGTCACTGCTGACCTAGAGCAGGTACGGAAGTAAAGTGACTGAACCGCTACTAATAGGACCTCTCAGCTGCAACTACCCCCTAAAGCAGGTAAGGAAAGGGCCCATGAGTTACCATATATTCGAAATAGAGGTTTCCTGACTCACAGTGAGATTAAACTTCCAAGCCAGGGGACCAGTGGTAGCCTCCTTAGAAAAGCCAGCCGATCACTCGTCAAATCCATCGTGCTATCTGTTATTTTTGTAGCCGGTTTCAGGACGCGGACTTGTAATACGCTTCCAATGTCGTTTTCATAGTTGAATGCTCTCCGTCTAATTCCAGCGTTCCAACGTCTATGCTAAGGTACCCGCGGATTCT,1844,48.37,Arabidopsis thaliana
SEQ_954433,AATACGTGGCCGTACTCTATCTATCTGATCGGGTGCACCGTACCTCGGTGTCGGTCATGCGAGCGGCATGCAACGGCACCGATAGCCCAGTTAAATGAACTATGAGAGCGATTGTCGTCCGTCGCCGGCTAGTGCAACTTACTCCTGGACAGGATGCACGTGTGGCACAGCGACGTTAATGTGGAGAAGCCGTTCAAATGGGAGCACTACATCGAGCGTTGAGTAAGCGGGTCATGCTATTTAAACATAACCTCCTACACACTAGTCACCGCAACCGTGCCTGGAACTACAGATGGGCTTGA,302,52.98,Arabidopsis thaliana
SEQ_233883,GGTGAAGTCTGGGGCTACCTCGGCTGCACTTTTCACATTAATCGGCGTAGTGGATATATGGTCCGCGGCGTCGTTCCGCTCTACAGGCTGCTAACCTGTTTTAATCGTCGGTAAATCGGCTGTGATTGTCAAGATTTGATCGCGGCTCACGCACGCGGAATGTGACTGTAGTCGACTAAAACTGCGTCACGAGGTTGTCGGCCCGGCGCGGATACAGTGAACAGGTCCAACCTGAATTTACGAGCATGTATCCTCTTCATACGCCTAGAGAGTGTAATGTTTATCTGTTGTTCAGCCTGGTCACATACGCTATAAAGTCTTCTCCACCTTTCCGGAGACGTGAAGGCAATTATATTCAAGTAACATCACTAGATAAGCAACCAGTGCTTAGGTCGCGGCAACGTAGGCGATGACGCGCGGTGCGCACTTGCGGGGTATGAACCGTTAGCAGATAATGCTCGTCCACGGAAATAGCGCACGAACCTAGACAATCCCAAAGCGGTTCTTCTCACGCCCCTTAACGCTCTCTAGTATTTCCTAATAAGTTGACATGTCCGTCGACCCTAGGAATACATCGGGCCAGGAACGCGCAGGCAATCCAGGATTGAGGACGTAAAGACGCACACCTTGCCTCCTCACAGAAGCGAAGTTAGACTGTTGGTAGACATCCTCCAGAGAGAGATTATTTCACGTTCCCTGAGCCAGCCGCCTCAGCGAGGCACAACTCCGGCCGATCGGAGTCGGTGCTGATGGTTAGCATAACTCAAGCGTGCACCTGATCCAGCAACCGCCTATCGAGTCACGGATCGGTAACCGATTGACCCGGCAATGACAGTACCATATCGCATCTAGTTGAAATTGACATGTACTACACCTGTTCTTGCCTATCAAAGGTAATATCCGATAAACCGGGCGTCCCGCCCACGAAAGTGGGCGATCGCAAAGCGTTTTATTACCGAACGTACTCATGA,971,51.18,Caenorhabditis elegans
SEQ_579361,GTGCCGCGCATCAGAGGCGGTCTCATTCCTATGTCTCTCTACAAGCGTCGCTCATAGGCAGACATAACGATATTGATAGTAACTTCTCGTCCATCTGTAGCTCTGCATATAGGTCCTATCAATCAGGAACGTAACAGCCGGTTTACGAAATGTATGGAAGTAGCTGCAAAGTAGTGTACAGCTCTTCTAGAGTCTCTCAACCTGTTGCACTCGTGTAGGTTGGTGACAATGGGCCCCCATGTTTATTAATTCGGACCTTCGCCCACTCTGTTCTTGCGCGCGCGCCACAAAGTTTCCGATAAGTTGTTCCGGTTCACCATCTAAATCCGTCCGTTGGCGAAAACTAGGCAGGTAGATCGTCATAGTATCTCCTAAAGTCGGAAGTTGGTAGGGAAATTTCTGTTCAGTTAGTTCCATGTGAGAGAGTCGGGTTGTGCTACGGGTTACATCGGCCATATGTAAACTCTTCTGACACGTTGTGATTGTAATGCTTCTAACAGAACTGGTGGTTCAGCGGTTCTCTGGCAGGGGAAGATTCGCGGCTCCAGCCCGCAGCCCGTAGATGACGGAGCGATTTCCTAATGCAAAACGTTCCCATACCAGGGGTTCGTATCATGCCCGGAGGAGAAAAGCACGCGGCGCATGGTTTCTATCAACTTTGTATGTGCCCCTTCAGACGGGACCGAGGATGACCTAATGTTTTGGGCTGCTACGACTCTCTTACTCGTAAAACGAGCAACTAAGCGTGGGAGCTATTTGTAGTTGCAACGGAGACCACCGGCACGCCGATCCACTGTGAAAAGTCCCTTCTATGCCGCTATCGACTGGGTCCTCTCGGACGTCCTTAACAAGTAATTAGCAAATCGCGTTTCGCCAAAGCTTAACGCTTCGTGCACGGGTATGCACGATGGGGTCCACTTACACTAGCCGGGAGCAGACCCGGGCTTTCGCCATTTGAAGTTCGACAAGTCTAGGGGCCCGATAGAGTAAACAGCCCCCAAGCGCTGCTCGTGGTTGTAGGTCTGAGACATTGCTCAGGGCCAGCATAACCCGCGGCATGCCCGAACCCGTGCGTCAGCACGTGAGTGCTAAGACTTGCGGCTTTGAGA,1109,51.49,Homo sapiens
SEQ_273379,GCGCAAGTACATCGGGCGACGCAAGACATCAGAGGGTCACCCCTTTACACGAACCAGTGGTACTCATACTAGGAATTTAAGGCGGCATATGTAGTCTAAACCACAAAAACCAATAGCGAATTTAACTGTACAAATTAACATGGTGGGAACCCCAAATCCCGTTTGTACCTGTGTGTATTTAAACCCGTGCAGAACCTTGATCTTGCACAGTTCAAGGAAAAGAACTATGCCGGCCAGAAGTGCAATTGTTGCTACCAACCGAACAAGGGGTGCGCTTGGTGTAACGAGCCCCATATATCTCCCGGTGCTTGGGCACCGGCTGTAAACTCCTACGGGGGCCGTATGACGCCACCTGTCATCGGCATCATTCATACGTTAAAAGAGACGAGAAGATCTAACTAGCATTGCATGAAGCCCCGTCATTTCACCCACGCATAATCCAGTCACACGTACCAGGAATGTCTGCCCAAGTTCTTCTCATAAGTCTCGCCTCCAGAATCTCCAAAATTGTTTACCATCTTGTTCTTGTTAATCGAAAGAGTTGTAGCGAGTCCTCAAAGTCTAAAAAAGTTTACTGACCGTTTTACGAATGACATAACTGTTAGCG,607,46.29,Escherichia coli
SEQ_560214,ATGTCTTATCGCGGGGTTGCTGCAAAGCCCAGGTAGGTTTGGCTGCCGTCATAAGATCGACTGGGTGAATATGGGCCGGGTCAGACTCCTTTTACTCTTGGCAAAAGATTCGGCACGCCGAAAAGCCGGAAGCGGTGCAGATGCCATCTGCATTGTCGACCTTTTTAGACCATTGACTCGCAACCTGTAAGTAACACGAAACTAGGTCTTGTGATGTTCGAATACTCGCCAAACCCCTAGCGATGCACCATGCCAGCCGAGGAACCGCTCTAGATCCGACGCTTAACTGTCTTGCCAACCACAGTCCTAATGCGCACCGACAGGTAATGGGGTCTCGTAACTACCGAACACGTTGGGGGCTGCAAGAATGCTTTTGACGAAATAGCCTCATACCTTCGACGGTGGGCCCCGGTATGAGCCAAACCTAGAAAATGGGATGGTTGAGGAGCCCGTTTCCTTCACATCGGTCACACATCGTCTGTCCGTAACAACTCCGGGTGTCCGATAACGACAGGGATCGGTGTATTAAAGTTTCATCGCTCGAGGAGTTGTCTAATACCTGGGACCAGCTTCTTAGTTCACATGCAGATGATTTAGCAATCAAGCATCAAGAGACGAATATTTGGATGTTAATGGGGTCTAATTCAACTTTGTAGTCGGCAAGACTGCTCACGCTCCGTCTGC,684,50.58,Homo sapiens
SEQ_932036,AGGTGTGGCGCGTCAAAACATCGCGGGCTATTTGGTACCCCCGTACTTCAGTCTGCGATTAGGGATCAATAGGTACGAATTGAGCCGTCTTTTCCGTAAGTCGAAGTCGGCGAGCGCAGTTAAGTTGCGCCACAAGCACAAAAGATGGAATAAGACCAGACTCCGTTAAAACAATTTTGGAACTCCGACAGCAAGGTTCATTCGATTGTCGAAACACTGCTTGCACCCCAGGGGGAGTCTGTGTAGCTGGCCGGTATATAGGTTCGATGAAGTAGCACACTGTCCTAGAGACCGCTTGTTGCCCACCGAAAATTGTCTAATCGGAAATCAAAGCGATGACTATACTAACCAGGGGTGGCGTTTAACAGCTTATTCTCATCAGCAATGAAGGGGTGCGCTATTGACACTGCAAACGACCGCCTGCTTGCACCCTTCAGAGATTATGTGAAATCCCCCCCATTCACTAATCATAGCGACCGACGGAGCAGTGATCCAGCCTTAACTGTTTGACCTACCTAACTCTTTATCGCTGTTAGGAGTGCTACCCCTTCACGGGTTTGACGCTTCGATGGTCAAAGATATGCGTGCT,589,49.24,Drosophila melanogaster
SEQ_952954,TGAACCAATTGTTGCCCCGGGCTAGAGTGCCTTTGAGAGGATGCATGGTTGCAGGGTTAGGCCAACCTACAGCTAAGACACCAAACGTTGACCGCAAGCTACGGATTCGCCTACCGTAAGTCATAGTGGAGTGGGCGCCTTACATATGTAGCCAGTCCACCCACGGTTAAGTATATCCAAAGCCCCAATAACCTGATAGGCTATTCTTGCGGATGCTCACCAGGCAAGCTGCGACCGATTCGCACGATACATGCCAGGCGACGTGGCTGGTACGGCTGTATCGGCAGAAACTTGCTTAGTATGCATCAGGTGATAGGACACATCTTTGTTTCAGTTATCTCTCGTGTGTTGAGTGGTTGATCCGACCGAGTCAGGGTAAGATCTCTACTTTAGATGTGTGGGTCGGTTAAAAATTCAACGCTTAAACACACAAGATTGGTTCCCTTAAGGCGCTCTAGCATAAATCCCACCCTCCTCGAGAAGTGGACACAATGGCGATTTTGCAGTTGCGTAAGCAGCCTGTATGTAGCCCCCTCGGCTTATGCTGGGTAGGCCACCCGTGGGGGATGACGAAGCGAGTTATCGAGTAAATGTAGGGGGTTTCCACTATCGGCTGCTGGTCTCAGGCTTGATGTCAGATAATAACCATTGCATAATTTAGTACTCACATGCAACGGCGCCAAATAGGGGTATCCTATGTGGTCCTCGGTGTCCAATGGGCAGAGACTCGCTCTAGCCCGTAAAGGGTAAATGACTTCTTAATCCGCTGACATCTGGCCGTTCCCAATACCCCGCCACAGTGATTGCGGTGGTGTATTGTTTTAGGTTGAATATATGAACACCAGGTACCTTAATGAACCGTGAGAAACGGGTTGAGTGATATCGACTTTTCGCGATAACTTCCTATGGCTGTACAGCTTGCCCGAGAGGAAAGTGAGGCTTCGTGCCAGCTTCTGCGATCGATCCCGACATTGTTCTGGAAGCAGTTGGTCTGGCCATGAGGCAAAACCTTGGAAAGCTCACAAC,1026,50.1,Saccharomyces cerevisiae
SEQ_491379,ATCGCCGAACGGGGAGGTATTCACTGTCCGGCCTTCAATGCCGGGTCCTCTTTAAGGCCCCTACTTCCAGAGTCCAGCCCTGACAACTTCAAGCTGACGTTGATCTGGTAGATTAAGCGGCCGCACAAGAGGGTTGCCAGACTTAATGGCAAACGAAGACATTCAACATCGACAATCGAAACAAGGCATGCGGTCGTCGCGCGGCCCGTTGGCCGGGGGCTAGGTCACTCTGCTTGAACGACGTAGACAGTGCCCCTTCACCCAATCCGGGATGAGGCGTCAGGGATTAGTGGCAATTAATTCGAGATGGTATGGAGATCTTGCACCTTTCCGATACTGGTGACCTAAGGTTTATAGACCATTCACTTCCTACTGCACCGCGTCCGTGTTCTAGGACACCGTGTTATTCTTTTCGAACGGAACAATTGGTGAACAACGAATTTTGCGCCCCAATGTCCGTTGTAACGGAGCGTAGAGGTTCGGTCACCGGAAAAACATATGTGACGTTTTTCCCGATCCTGTAAAGTCATTTGGCCTTCGCTACGCGGAATTGCGGGCCCCGCCGGCAACTAGCCTAGACTTCTATTTTGGCAAATTCCAAACGCATGAACACAGAATATTGGCACGGGTTGGGAGTCCTGATAACGGGGGGAGATGGCCAATTGCAACCGAGAGGGCTGCGACCGCCCCAGTGAATTACCGTAAGTATTCTGCGACTTTTACTGGAGCAATGTACGAAGGTCGTCCACTGTGCCATTGACTGTCTCGGTCCTAAGTATCAGTAGAACCTCAACCACGTAGTTGGGCGGGTTGTTATGCTTGGAGAGGATTAACATGATAGTCGGCCAGTTAGTATTAGTGACCGAGAGATCGTGTCGACACAATGCTTATTAACTTTCTCCACTAAACGCATACCACACACCATCGGACCGTTGCATCAAACAATAAGGGGATAACTATTCCGGTGGGTCACTTAGGAATCCTCGCTAGCTTACACTACATGGATTGGAAGAGAACGCCAGAAAAATCGGGCATAGTACGTCCACCGAGGACACTCGCTTATAGGGATATTGTTGGGGGGTACGTGCCCTACTCCAACTATGGAAGACCGCTGCGCTAGCTTCAGGTTTGAGAAGCTTAATGCCACTATTGGGTCATTACCCATGGATACGATTAACCGCGTCAGGGGGCACGATCCAAAAGAATATATTGCGGATTAGTAGTTACCGTATATAAACGCGCCCTACACGGCCGTAGCAGGAAAGGCCGTAACAATGATCGAATAACGTGCTTAGAGACTGTAATACCAGTGAGGTACCGAGATGGGGGGCCGACAATACCACGTTGATATTCCCGCC,1358,50.52,Mus musculus
SEQ_412801,AATTCACTGAGCAGAGTCGGAGTCCGACCTTAACTTGGTATGTGTGTGCATCCAACGTGATTGTGATCTTCGTCCAGGCGACGCCCCGTCTCATCCCTCCACCCCAATTCAGTACCCAGCGTCGACATTTCCGCTCCGACCTAGCAAATCATGAGCTACCACCCCAGTAGAGCCCACTGATGCAACGCCCCGGCTGAATGGACACGCCATCTGTAAAGAAGGGACTTGGTCCCCAATGGTGATCTGCTGTAGCTACTGGTAACATTCTTGAATACCCAGTTGGCTCCAGTTATGTACGAACGGCTATTGACGTCGTAACGTTGACGCCATCTCTTAGTATGTATTCTTCTCATTAGCATAGCTCACGTCGCCTGCTGCTGACTTATGCAATTAGGATTAGGACATGCGGAACACTCCAGGGCTCGGCGAAGGCATTTGTCTGGGTTAGATCGTTACTTGGCCTAAGTCCCGGACGGAGTTCCGCTGGATAAGACTTTTTATCGTTGTGACTATCGGAGCGTTCGCGAGTGCCAAAAAAAGGCTCGAACAGTCCGTCATTTTCGTTATACCCTACAAAGGCGTGTCACGTCTGTGGTCTATGAGACCTCAGGGTGTCACATCAGCCACCAGTCTCGGTTCCGCCCGCCCGTTGGCTCAGCTTCGCCGGTGCAGTCGGTGTGAATCTAGCAAGCCTGGTCCGCTGCGGACTCGGCTTGATCATCTACAATAAAGCTATCGCCTTTGAAAACCTTGACCCAGGAATGATCCTGTGCCATGGTTATAGGACTCCGTCGTGGTAAGATCGGGGGCCACGCGACATAGGACCACTCGCTGTTGGGAAAGAACGAACAGGGCAAGGGGCGTGGTGGGCCAATCAGAGGCAATCCCGCGCGTTATCCAGCTGGGGTGCAGAAGGTTCAATTACTTGCAACTATAGTACAGCAATCCAAAGAAAGCTGATCTAATAGACGTGGCGATACGTAGGTACAAGTGCCTATCCCAGAACCGCTGTCTGGCAGAGATGGAACCGCCAGTCTAGGCCGGTGCCCTATGTGCTAGGAGGTGCCTTTATCACCTGATGTTGGTACAGCATCATGCAGCACGCGGCACGCGT,1114,53.05,Escherichia coli
SEQ_659676,TACTTCACCTCATAAGTTTCTTGTCGTAGTAATAGTTGCCGATAATGTGTTCGTGATCTCAGTGGTATAACAACAGCATCTATCAATTGTGCACATTCAAAGCATGACTAATATGAAGTTATGTTGTTCGCAGTGCCAGAAGGAGCTTCTGGAGGACTCCCTTCGACGCTCCAAGTACACTGCCATGGGTGCACTATCGGCGCAGCTCAGGGACTGCGTGTACAAGAGTGCGGCTCTTAGCGTATTGCTAATACTTTTAGCTGTTGCTGGCTTCGGGTTCCACGAATCATTACAATATAACCATACGTTTCTAAAATTATGGGTGTGTACTTTTACTTACCGTTAGTATTCTGGGCGGCCGCATTAAGAATGTCCCGTTCCTTACACACTGTAGCCTCGGAAGAGGCTATTAGGCTCCCCCGTGGTCCT,429,45.92,Escherichia coli
SEQ_374402,GAATGTCCCAACAAGCTACAGAGGATCCACTGCGGAGGCAGGGGGACCAATGTCGCGCGTGGGACCTGCCACGTTATATGGTTTCAAGTCATGGC,95,56.84,Homo sapiens
SEQ_186402,CGGGAATGATGGTCGCGGAAAGGGGATTTACTCCTAGGCTTATCTGCCTACCGCCCCCGTCACATACTAGAGGGGCGGCACTAATGTT,88,55.68,Homo sapiens
SEQ_279566,GGAGTCCTCGCCTTAAGACTCTTGGTGAAAGCCACACGTACGCGCAGTCAATCTCAGCGCGAGATAAGTTTACTGAAAGATACTCTCGTTCAGTTATTCTCTCGCTGGACCGGAGGGGTGGCTCCTGTGCCTTGAACTCATTGTGGCCCCCGAAAGGAAACATCGGTGGCCTTATGTATTGCTAGTGAGTTATACACTATTCTAGCCACGGGGAGGTACCGTGCGGAGATGCGAAAAAGGTCTCGAATAGACTACGGCTTAGTCTACGAGATAGAGTTTTTCAGGTAGGATTGTAGCAGTCTCCTTAACTTACATGTTACGTTCTCTTACTAGTGAATATTCGGTTTATTACGCTCCAGTATAAACGTTTGATCTCACAACTAGTCACCTCGGTCCCTAAGTTTGCTTCCTGACACCCAGGCCCCCCAACTTACTATGCCTCGTCTTAGGTGTATATGCAGGAAAACGTACTGGCAATTGTATATATGGGATACTTGCACCGCATGATAAGCAGAATGAAAAGATAATTTCGTGGTATTACATCGGGTTGGTGAGAAAGCCTTCGTGAACGTTACCGAGTGGTGCTCCACTTCCCACACACTGACTGTTAACAACGATTTGCGGGCATTATCACGAGCATCAAGGAGATAAGGCGCAAATCCCGTAATTGAGGGTTCCAGGATAGGGAAGGAGCCGGGGGCGCGCGATACGGCCCACTACGAATTAATAACTGCTTCTCGTTGTACGGCTTCAGCATATCTCATGTTAATACCGAAGGCAAACCTTACCTAACATCAGTCGTCCACTATGCTTTCCTCCCCCCGCCTGCGGATCTAGGCACTGCACAGAATTCAGGTTACGGACGCGGAGCAGTATATGGCATTACCAACAACTCGCGGTATGGCAAGATCCACGGCGGGCTTTTTCAATCTCTATCGCACGCGTACGGAGATAGAACACTATTCAAGGGCCGATTACTCAGGCCTTACTAAAGCCTCGTATGAGTAATAATGGAGTAAGCGTCGACCTGACAAGTGCCACTGCGATCCACCATAGTGCGGATTAGCTCAGGTCTTCACAACGACAAGTGCTATATATCGTAAACTGCCGAGTCTATATCATAGCACAGTTGGATTCATCCACCCGGGACCTATGCCCAAACGTACCGCCAGTATGTACGCGTATTATTTCGACAAACCTGCATCAAGACGGTCCATTATTTGCTCTTGCGCGCGAAAGCCATGTATCTTTGCGAATGGAAGGGAAAAGATGCATAACTAGAGCTCACAAATGGG,1295,48.11,Mus musculus
SEQ_177770,CGCCCACGCGTATTAAACCGGACTACGGGCGGTTCGCTTACACCTAGCTACACGGGTCCACGATTCCAGTAGATTGCTGCATCCTATCGTAGCCATATGGCTCATACCAAGGAAGGCGCCATCGAACCAAGTTTTTTACGTGTCTGATAGCCTTCGAATCTCGTTAAGCACCGAAGGTCTGCGGTGCTCCGCTGGGTGACGCAAAAAGGAGGTTCGAGCAGTTAAGTCCGGAAAGTGAAAGCTTCGAGCCTAAATAACGACTGGCAACAAAGTACGGTTGACGCACGCTGCTGGATCGATCATTATGTAGTTCAGAACTAATGATCCTGTGGCTACCCCCGCACTCACCCCGATACCCCCCCAGAATTACCAATGTTACAGCATAACTGTGATAGTAGAACTATGGTAAAAACCTTCCATAACGTTACGTGCCGAATGTTTCATTGTCCTCTCGAAAATCATGATCCAATGTTGGTCAAGAAAGTGTAACGCGAGCTAGGTGCCGACCAAACGATGGCCGATGAAAGACCCGCATACGACCTTGCTACCAATTGGTCATGATGTTGCTCCAGGGTACCGGTAAAGGTTCCCCCGAGCTATATGTGCATAGCAGCGACGATCATAAATGCCATATTGTCGTAACTATTTTTCGTTCAGCATCGACCTGGCGCCATATGTGCTTGAGGGTATCCAGGAGCCCGTTGTTCCGGACTCCCCTATGCCCTGGTCCCTACGTCGGTGGTGGTGGTAGAACGTTTGGGCTCTCGACATACGGGACGAAGAGGACGCCGTCGCTTTCGAGTCCCCAAAAGAAGCGATAACCAGTCGCTTCCTCGGCGATAGACCCAAGTTCCGCGAGTGTACTATATCTCCCATGCAAGCTTTTTATGTGGTTCGGAGATTGCGGAAATTAATGGTAGTGGGTGACATCCCACTATGGGTCGCCCTAATGTGTTTGGCTGGTTAGAAAGCAACGTTAACTGTGTGATCGGCGGGTAGTACGAAGAGGTTAAGTTCCCTTCCAAACTCGGTCTATACGTGAGGCTCTACTAAATAAGTTTTTTGTGTACTTTAGTTCCCGCTTGATCTACGAGGAAACCTCGTCTTGAGGCGGGGTATCAGGCTGCCATACT,1133,50.04,Drosophila melanogaster
SEQ_576672,AGCTACTAGTGTTCCGGTTCAATAGGTGTCCTGTGGTAACTTTGTTAAATTATTTTCCTTAAACAGTTGCGTGAGCATAGGGCATTATAAGAACGTTGGGTGTCATGTGGAGATACGCAGGACGATGCGCTCACCTAACGGGCTGTAGGAGCCGAGGCCTTGCACTGGGAGTTTTGACTAATAACCCACGCGAAGTCGCTGAAACTGGGTGTACACACTTAAAAAGGAAGGGATCTTTTATCTCCGGACCATGGGTTTACATGCTTATCGTCCAGAGGATAGGGGTGGTAGCATCAAAGAAGATTTTCGCCGCCATGTACTTCATCATAGGCCCATCAGGTTACAGAACCACCTCCAGGGCTCAGAATGATTCCAGAAACAGCTCCACAGGACTGCCCGCAAGAAGATACCATGTACGGTTTCGCGTGGTTTCAGCATCCACATAGATTAGACTGAAGTCGCCCCTAGGGTCCGCCAATGGTAAGAGAAGCGATAATGCGAATCGCTAGTCCTACAATGAAGCCCCACATTATCATTGGGCTTGACGATGTTCGAAGTAGACCTCGAGCTGTATCCGCGGCTGTAGGCTCAATAATTCACTTTCGTCTTATTCAACGCGGGGTAAAGTCTCGTGTCCACACGCCTCGTTACGCGTCTGACCAGCCATTCGTCGCTTGCGACCCGCTCTCACTGCGACGTTCTGAAGTAGATCGAATACGCGCGCCCTTGCACGGGACCATAAGGGTCGAGAGTCGAGTATTACTAGGCATCGGGACATGCCCACTCCTACCCCTTCAGCATGGTACCGAGCAATCGGTGGTGAAGTAATCGTACTCTCGAGCTCGATTGTCTCGAACGGGTCCTGAAGGAGCGTACGCCGAGAAACCACTAGCCAACGCTGTGCGACCGATTTATTCTAGTAATACCCACGCCTGATCAGACCACCCGGACGCGACTTTAATTAAAAACGCATTACTATCCTAGAAAGCTGTGGAAGGACGTCTCTGACGGTACACAGATTTTGATGCGCTCGTCCCGAATCGCATCAGTACTGTAGGGGCACACCCAATGACGTGCGTTTGAGGGTAACCGCGGCAGTAATCGATTTCATAACAGTCACTCCCTCTATGATCCTCAACACGTCCCACTATCCGGATCTATTTCGACAGTTCTACGACTAGCGGCCATATCC,1192,50.59,Drosophila melanogaster
SEQ_397789,CAAAAGAGTTAGTGCGTGTCAAAACTAGGCCAACCTCGCGTGGAAAATGCCACCATTGGTCACGTATCTCCCGAGCCCTCATTTGCAAGCACAGGCACACGCGAATAAGATTTACTGAAAGCAAAAAACCCGGACGCGACCCTATGGTCGGAGTAACCCGTTCTAGCGATCTAAGCAGCACGGCCGGCTCGGGCAGCGATAACAGCAGCGACACGGTGCGAAGTTGAGTAACACTTAGTCGACAGGGGCCGTCTCAGGTTAGGCAGTCCCTAGGCGCGGGGTCAACAGCCAAGCCATCTTAGAGCTCTTCAAGGAGACGAATATTATTACTAGAAGCGAAAGGCTTCGGGGGCACGCTCTGCCCTGGCGATTGGAGAGTCTTTATACAGAGAGTTACTTTTCACCCCCCTTGAGAAATCGTCATTTCCTGATTTCGAGTACAAGAAGTCAGAACGGCAAGTCTGACGTGCCTCCTGAACAGGGTAGCAGATAAGTAGCAGTATGTGGTATAGGCGGATCACTAGCCCGCGTCGGCCTTTGTGTAA,545,52.29,Escherichia coli
SEQ_655604,ATATCTGAAGCCGCTAACAGCCCATGAATGCAGGCACCGTGCGAAGGCGCTAGACATATCAAAGATGCACCAACTTACCAACCTACCACGAAAAAGCGAGTTGAAAGGTAACCGGTCTAGTGGCCATTACAGAAACCAGTCTCATAGTTCACGCTCATGGGCCACCCGAAGTGTTCGGTCCATCGTCCTGTTCAATGTCTTTTAAGCGCGTTAGTCGAATGTTCGCATGAACCTTCCAGCCACAGGCCTTCTTGTATCATTTTGAATAACCATACCCGCGTGAAGGGGGTTCACCTGAGATCCTGTTTGTGTCCAGAGCGTACGCCTTCTGTTACTGAAAGTATTAGGGGGGCGTGGGATGGTATTTGTGTCTAAGTTTGCTAAATGGATTGAAATGGTAGACTAAGAGGGGTTCTGGTAGCCTCCGGCTATCGATGGGCCTAATGAAGCTATAACATTACGCGAACATCCCATTGGACACTGATGTAGCGACTGGACTTTTCATTGTAGTCCGCGTTGCGGCCCGTGGCTTCACCATCCGTTATATGACGCTGGAATCTGATCCCTTGCCCAAGTCGGCCAAACACAACAAGCGCGGATCTCACCCTATGAGGGCCGGGCTTTAAAAGGCCTCAAAACTGACTGTCACATAGCTAACGGCTCCTCGTCGGAAAATACAGCCCGGTCTGACTACCACTGGTGATCCTAGCTAGGTCCACCCAATAGTCTAGAGCAAACTACGGTTCTGACCCATTCGCGCGAGATGCCCTAATGCTCGTGGATCCTGGAAGACATAAAGTTATGAACCTTTATTCCTAGTCGGAGTTCACCTAGGTCAATTAATCTCGTTGTATTCTCTGGGAGATGAGCGGAGAATGGCTTTTTTGGTCCAGCACCGGAATCGCGTAAGTCGATGCCTGATTAACTAGGAATATTGACTCAATTACCTCGCTTGGACTGTTACGAACCCCTCCTAAGAGTTCGCCTTGCAGGAGATCGCCCCCGTGGGTTATACTAACAAGCTACAATGTAAATAGTGTTTTGTCCAGATCGAGTAAACCGCAAAAGACGCCCACCGATAAAATAACTAAGGTGACGCCAGCGAGATTTGTTGGCGTCATGTGGATGACTGTACTTCATGCCAGCGCACGAGGTGCACTAATCCAGCACAGGATCGAGCAAACACGGTTCCTGGCGGTAACAATGTTCATGAATGGAATCCGCGGATTTAGACTCCCGTCTGGCGAGGCGGCCGCCCGACTTTTCGAGGAATGGAATCTCAGTTGCCAACGTCCTGCGCTACTAAAGACCGGCAAGTGGACCAATTGTGGCTACCTGGCAAACGCAAAGGCATCCTAGTTACTTAACTTACAATTAGAGACACTAATGTAACAACGTCCTCCACAGCGGACTACTAGCAAATCCGATCCACGATGGACCCACCAACAGCCATAATTGGAAAGTGACG,1468,49.46,Escherichia coli
SEQ_512143,TTCCGTTGTCCTCCCTTGAAGGTCGGGAACCGGTTATCACCGTGCGTGCGCCCAGGGGCCCTACTCAGGTTGAAGTGAACAACGGTCGAGTGAACTATTCTCGCCATGCTCGATTACAGTTTCACGAATTTGTCTTACCGCAGCATCTCTACCAGGAGCTTGTGAGGACAATTTCTTCGGATGTCCCAGTAGTAGCTTCCTGGATTTGTCTACGAAGAAACCTGCGATCCAGGCTACTGGTGCCAATAGTTCTAATCAAAAGCAGTGCCAGTCACGCACGAATACCGGCATAGGCTAGGTATTTGGACTAGTTGATAGATTTGGATCGTCCCTCCATAAACCGAACGGTCCTAGGTCGGGGCGTCGTCACCCGGCATGGGGACGGTTCGCAAGCAGTGGCGTGGCATGGTGGCACACTTAGGATCCGCTCGAGTGCCGTGTACGAGGGAGGCGACACTGTAGGGCTATGTAAGGCTCGACTCATAGTCGGGACTTCGATAATAGTGTAGACGAAAAGCCATGGGAGCATTTTACGCTTCGAACTGCCGACCAGTTCACTTAAATTTC,567,52.38,Mus musculus
SEQ_447212,ACCTAGCGGTCGCTACGTCACCGAATTGGCAGGATTAAGGACATCCGGACTATCAACACATGGCTCAGCAATATCTCGCGGCTCAAAGTCACTCAGGAAGAAAGCCTGATGCGATGTCCTCGCGTGACACGGGCACTGCCATCAACGTGGTAATTCCCTCGAGCTCAAATGGGCGAAGCGAAATCGCCATGAGAAATTCAGGTCCCGCGGGAACGTGAACCGTGGTCCAAAAGCTCGCTAATATGGTATTCTTTGAAGACTAACATGTCTACGGACAGGGAGACCCACTCGGAGCCTAACATTTGAACACCGGTTGGAGACGATCATCCAGGTCCACGTGGCTAGCGTGCTTTATGACGGACAAAGAAGTCTCTCGCACATGTTTCGTCACTAGCCATTATTCTTCGCCGCAGTACGGGCATCATCCAATCTCAGCGTTGTAGCGAGCCAACGACTGGAACTAAATCTTCGCTACATATCACCAGTCGCCACGCACCAGCTCGTCACCTGGCAAGTACAAAACGTACTCACTGGTGGGAGACACCTTAGCCGCGGGTCTT,560,52.5,Mus musculus
SEQ_349153,AGGACCGTGGAGAGTTATTCTGAACAATTTTGGGTTGGAAACTATGGTCTGCATCTCGTATATTCGCTCTCCACCCTGTTTCTTAATCCGCCATCTCGGACGGTCATTACGTGCACCGACTGTAGTAAGGCCATTTTCCGCTAGGTTAGTTTAGGTGCGACACAGCGAGCGCGATCTAGACCCTAAGCGAACCTGCGCCTCGACACTTTGGATCGCATATT,221,49.77,Caenorhabditis elegans
SEQ_692363,AATCATACCATACTAATGTATCTCGGATCGATGGACTAGTGTACCTCAGTCAACGCGGAGAACATCCACGAATTTGCGCCCCTTCTGGAAAAGTCTTAGACTATGCCTCCGGAATCAAAATGACCAAATGGTCTGCTGTGGATTCCTAGGAGGGATCGTTAGTCGGGCTCGCGGTTCGAACGGCTCAAAAGATGCCGCTTGTCCTATTCAACCGATTTTATTCTGCGTCCTCAATGCTATGCGGCCGTTGAGAGAATCTAGCCACGCAACGCATCTGGCCAATAGTCACAGCCCACTACTGATTAGAACTAAAGAAATCAGTATGGCAAGGTAGTCTCCCGAGTGCTTGTCTATAGTAACTGCCCTATAAGATTGGCACAAGTGGCGGCTCAAATGAATTACACCGTCCGTTCGAGCGTGAGGTACCGACTCGGTAAATGGTCCTCACCGAGGGTGGTAGTTATACATGGGAGCTTCCCTATGCCGCTTAAGTTCAGATTAACGTGGAACGGAGTAGTTGGCTTTTGCTACTTGTAACGCGAGATACCGGGATTCGCCCCTTCACTTGGACCTCCTATGACAGCCTGTTATCTCTATCTTCGGACATATACAAGCACAACGATCAAGCATTACTGTTAAACTTGAGGGGAGATGACAAACTGATGTTTACTCCGGGTCGGCAGTATAATATTGAGCTCGGGGGGGGAGGTTTGATGCACTTGCCCGCTGACATTTCCAAGGAGGCCGCATGATTAGCTGGACTACTGCAGTTCTCAGGTGGGTCATATAGAACCGTTTCTGCAGCTGTGATGAAATTAAGGTACGTGAATTGTCTACTGGATTCCCCATCGTTCCCTAACTTCAGCGATAATATTGCTTCTGAGCCCATTATGTCGGGGACCCATATCTATCTCTCTGGATAAATCTAGGACGGTGATACAAGCACCAGCGCGGTAGTCAGAATCTCACATAACACGCCGGATATGTCCGGGCAGTTGCTTCTTGTATAACAACT,1015,48.08,Saccharomyces cerevisiae
SEQ_578616,TGGTTGGCGCAGTTACACACGGAGTGGCGCTCTATGTATTGTCTTTCGGGTTGGGTGATAGCCCAAGAGCCACTAGTCCGGGGAACAACCACCACAGCAATTAGAGAGGGATCAGGCCGCGCGGGCGTTATTAGGCGGCATGTTGTCCGGATGGAGTATATGGACATAATAGTAACCTGTTCGACAAGCGGGCGAGAGCATTTGATCTTCCTTCGTGAGAAGTAAGCACGCGATCTGTAGGTGCGTCTCCAAGGCGATTTCTGGCTGTACGTCCTCACGTATGCATTTATGTCGGAGGTAAAGCCTAGAAGTTGCAGCACATGGGGGAGCCCGCTCAGCGATGTGTGTAGTCGGCATGCGCCTATTAGTCGCTCTGCTTTCTCCAGAACATCAGAGTAGCCATCGGCATTCGATCTGTGACTTAACTTGATCGTTCCGGCACTCGGCCTTTCCATGGGACATACAGAATTAGTCTGACCACGGGCGGTCGTATTGCTCAGTAACATAAGTGATGTTGGGATGACTGGAGCCCAGGACAGACCTTTTCAACTATTTTCAAGATCGACTTTGTTGCCGCCCATGCAGGCCGATCGTGAAGTGGGCTCGGATGACCAAAGGAGGGTTGCACTCCATCACGAGATTGTGGAGTGATGTCCCTAGCGGGTAAGGTCGGGGAGCAATCAAACGCCCTATCTGACCTCCTAATTTACGCCGTACTGTTCCGCCGTCACGTCATACCCTGAGGCGTTGAGATGGCGTTGCGTAATGGGTCATCACCGTAACACTACAGAAGCATTGGCAGAGCGACGCCACAGGCATGTGCGTGTGA,829,53.08,Drosophila melanogaster
SEQ_666945,AAACAGGTCGACTCCCCCTACCGAATTGCCATGCGCAATAGCAACCAGCGAAGATCCTGTAGACCCCTCCTCAATTGGTGAGCGATGCGACGTGAGAGGATAAAGTAGGTGATCTCTCGGAAGCCCACCGTATTTGGGGTTGGTCTCCGCTACTTCGCGGGCCGGGTGAGTTGGAAAAGAAGTTGTCGTCCTCACATAGACCGGGATTTTCATCAGCGTTTTTGCCGAGATCCAAACCAGCGCCATCCTCGGTCTGAGGGTTGATTGGCGAAAAGTTCGATCTTTCCTTACTCACGCATAACAACGCAATCACCTCTAATCGAGATCTAATTGAGGGGCATTCTGGCAACCACGTGTACAGATGGATGGTTTTTATAAGGTTCAGGCACTGACAAAACGCGCTCGACAGAAGATTTCATCAGCGCAAGCGTAACGTTACGTATAGGCCACATAGAGCCCACCGTTGTCCCGATACTGCTATGGCTAGCATGTGCGACTCATGTAGATGGAGGCAGGGCTTGACATGGCTCGCCCTCACGACAGAATCTCGAGGTCACTCGGTTTTCCCGCATGTTGATTGCTCACATCTGTTGCGCAGCAAGCGTGTTCGTTGCTTGTGAACATGACGCCCCTGTACAATCGGCATGTACCCATCTTATGACAATCGTTCGACTCCCGCGGTAATACTTTGGGGCCACTGCGACGGTACCCACCCATCGAATATTAATGCGAGTTGTAGTACCCTTAGGCCTCTCCGGGATAACTCCTACGCTTGGTGATCATTGAGAACGACAGAGTATGCCCTGCTACTAGCGATCGCATGACGCAGGACTTCTGAGTCTCATCACCCGACCGCAACGTACCCCTGACGGCTACGCAGCAGCATCATGCGAGTAGGACGGTGCGATGGGATACGCAGGCGCATACACACTTATCCCGGCCTCCATAGCCCTCTCCCTTAGTGAGAGAAGAGCCGCTACCCGGAAGAGTACATCTAGGAATCCCATAGACTCGGGGACCTTTGATTACCCTCAGCATTACATATACCTTACAGAGGAGCCTACCCGGTCAGTCCCTGCCGGGGAGGCTGATGAAGCATTCCTCACGGGATGTCGAACTTTCTCCGCGGTGAAATGAGCGGGACCTTCTTATACCGGCGCCAAATCCCGCGCCGGGTCTCCTCAGGACAACCGGTGATACCTAAGTAAAGGTATTCACTGAGCCGACAAGGCGCCCTATTAGCTTTGAAAGCCTAGGGTTGAAGCATGTCATGACTATAACGCCTGTTAAGTTTGCCCGTATCTAGTCCCGTGGTCGACTAAAGTTAGGTGCTCCTTTTGGGATGCCAATTAGTCAGCCTGTTGAGCCGATGCGCGAGCTGACCACAGCTGGACCGTCCTAAGATCGCATTCGGATTTTGCTTCGAAGGAGTCGAGCGCTTCGATACGGGCCTCACAGGTGGACTACTTGACTTTGTGCATGCAGGCAGTAAGCAAAAGAGCCGTGCCCTCACGATCGAAGAGACCCGAGTTGTAACAACAGGCACGACCGCTCCTCCCACCGTGGTTGTCCAGAAAAGCAAATTGGGGGTTTGGTATCTGAAGAGACGGGAGATCTAGGGGGGGTCGCTGGCACTGGAATTTAAACGTGTGCGAT,1656,53.08,Saccharomyces cerevisiae
SEQ_428849,CCCACTTGTCGTGTACTAACTTATACGCGTATGCAGATAGATCCTGCTGCGGCGCATCCCAAGCTAGCCTCTCCGGCGCACTAGTAATTATCCTGAGGATTCACTCGCCGCGCAACGATTCTGTGTTGTCGTGAACTATGAGCTCTGTATGCCCCGATATGGAGCATCGCCTAAGCTTTGCTTGATGAACTGGCCTGGTAAGATACATTTGCTCCACACCTGATGCCGTTCTAGACAATCCATGCATTATTACGAAGAGAAGAAACTACTCCTCCTCAGTGGGGTTAATTGAAGAGCAAGAGTGCAGAGGTCATTACGTATAATATGCTTCGCCAGCTAATCGAATCAGAACTGCTTGCCGCAACACGCTGACGTGTCCCTCCACTGCCGCGCCGATAGAAGGGTGAGGGTCTTCATTCTATATAGGGTTGTAACATCCGCTTAGAAGTCCACAGTATATACACGGTGGTTCGAACCATTTAGTCCGTTAATTAAAAAGACTGTCGGATTGTAAAGAGTGTGACGCGGCACTTTCACGTTGCTTCCGACAATGTCCTATAGTCTCTTCTAGTAAGTAACCGGGTCAAGGCCTTTACGAGCCAAATACAATAACAGTCCCTAGTTCACAGCGTTGTTTCCTGTGACATTGGCTAGGTGCTTGCGCTCCAGGGTTCTACCCTTTGTCCCTGCCACTATTCAACAAATTCGATGGCTTCGTAGGCTCTCATGCACGAGTGATACAACGTAGCAAAACAGCGTAAATACTTCATAACCAAACTCTCTGCTATGACCTGCATTGTATAGACCGCCCACGCCATTAATGTGCGGACTCTTCGAGCGGCGAGCTGAGTTGCACAGCCTTTGCCGCCTTCGCTGAAGGGGAATGAACGACCTGTTGGGCATCAACCCTATGCGGTCGGCAGCATTTTTATCTATTAGGTACCCAGCAGCTGATGGGAAGGGGATTCCAGTAAGGTCCACTTTGGTCAATTAATCCTCCATTATACGCCTCGGACAACGAGTCTGTTAATAAGAGGTATATACAAGTACTGTGCAAATAGGGTTATTGAATTTGCCTCCCACTTGGTTCGGTGCCTT,1098,48.09,Arabidopsis thaliana
SEQ_337460,TAGCCAGCCGAGGTATCACTCAGCCAATGGGGGCTTGCAATGTTTAGAGCGCCCATGGTCACGGTGATAGCTACGCCGATCACCTGTCAAGCTTATCCGTACTCGTGTCTTTCAGCTAAGCTATACGTAAAAAACTCATAAAAATCGGGGCCGGAAGCAATAACAGAGAAAAGGGCTACGGGGTCGATAGGGCACGATGTATAGATTGTAGAGAAGGTGATGATGATGTCCTACTCGTCGTATTTGTCAGCTCAGCACGATGCCCACGCTCAGTGCGTTCCGATCGCGGCAGTCACAGCACGGTGGCCCACCTTACTTGGTCAGAAACTACAGTCCAGTCCCTCGATTATTAGATTTCGATGGTCTCTTCCAAAGTGGGTTAATAACGTATGCAGCCAATCGCCAATGCTTACGCAACGCAGATCATACGTAGCGATTCGCGATTACACTTCGAGAGAGGGGTCGACAGACGATAGTCGAAAAGTTTTCGGAGGCACCGTACCTACAGACTGAAGCACCGTAGGTCGCCAGGTAGCGGCACACGGACAGGTTCCTTGTCTGTTACTAGTAGCTGTCCAGCGCCTAGTCAGCCATTAGGCAAGGTGTCGTGTTCATCACCAGCGATATCCATTAGGTGTCTCGGCGACTGGTAGGTGTATTGAGGGTTGTCTAATATCGCCACGCGTGCTGGACATCTCACCGTCATTGTCTCAGCAACCATTGTCCGCAATGGAATAAGTACCGTGGAGAACACCTATCTGTAGCAAAATTTCCCGGCCTCTGGGTCATACTACCGCAAGGCTACGACTATTTTTACTATTCATTCATCATCCTACTGGCCCATAGGCGCCTCGCAACTGTGCGCACGCAATGAAGCGCGGTTGATTGTTGCGTCCCCAGGAATCCCTTCGATACAAAACATGTGCCGGTGCTGACTAGAACATGACACTCCTTATACCCGCACTGATCTGATACAACTGCAGTATCTAGGTTATTTCCCGATATGTCGGATTCAGACCACTCGTGGACGCGTTGTGCTCTCAAGGCTTTGCGTCAGCATAAGCAAAACGCAGCTGAAACCCTGGTTGAAAGGAGTCACTGAAATTTTTTGACTATAGACATGGTTACCCTAATCGTTGCCTGTATATAGCTCAAAGTGCCCGAGTAGGGGCTTCACGAGAATTTCGCATTGTGCATATAGATCGGACACCGTAGTTGAGTCGCCTGCGAACGCCGGAACCAATTTCTGAGAGTTATTATGGACAAACAGGGGGTTACCGGTATTATCTACCTAGAATGCCATAGTCTCCTAACCGAGAGGGGTAGTCAATTACGGTCGTAGGCGTCGATGACAGAGGTAGATTAACAACAAACTAAGTGGTGATTCTCGTATCAAGGTAGACCGGGGGTCAGACACATGGACGGTTCTGACATCCGGCCGTCGACGGACAACATACTAAATACCCGGTGCCAGAGCACACAACTGACACTCAGGGAGCATGAGTCGGTTGATCATCGGCCCTCTAGGATCCGCTTCTTACTTAATCATCTCACATAAGCAGCCGCGCTCCTCTGTATGTAATTCACTGGGGGCCCGAACTGGCTCTAAGCATTGAGAACAAGGTGTACAAATAGCCATCGACGTTATTATCTACAGACATCCCACGATGCATTCAGTAGGAGACAAGTGTACGAAGGCTGAAGTTAGCATTAAGCCTAATCGCAACCCAGTCGCAAGTGCCGAATTGCACCACGTCTGGCTTTACTCTGTAATCATTAGCTAACTACTCTAGGTGAAATATGGTGACTGCAACACCGTGGGAACAGGCAGGTATAGAGAGCTAAATCGTGCTGCCACCTATG,1863,49.49,Homo sapiens
SEQ_148533,CGAGCATGTCCATACTTAGACTCGTCATAAGCCTTTCTGGTGAGCCGCTCCCCTCAACGCGGTCAAACAGAGGGTGACCTAACCGTCGGGAGCCGTAAGCTTATGCATTAGGTGAGCTCGAGTCCGCTAGGCGGTGCCTAAGCGCGGGGCATTGCCTAAAATCCCAAAGCTTGCCCTCATATAATTCGGTATCGCAGGGATTGCTGCCAGCACTGTTTTTGTGTGGCATCCTGACCGTACGGCGATCACGTGTAAGTCAGTATTGAGGCTACTGATAGTTGCACACTTGTGTTTTACCGTGACACTTACCACCGCCGACAAGGGCTCCCGAATTAACACAATCTATACGTACCGGGCAATCGAAGCCAGCCTCTGGAGAGTAAAACCCCACCAGATAGGACTCGAGGCGAGTTAAGGGGCAATAGAAGGAATAACACGCAGGGTGTGCCAGCTATTCACGTCAGAGGGTTAAGCGTGCAAACGAAGGATAATACGTTACGAACCTTCTGCACGATTGGCGCAAATTGAACCTCACTATACGTGACGGAGAGGTCTCTCAAAGGAGTTGTGATAACAGCCACGTTGAAGGGTGATTCAACGATACATCCCACTGAATGCATGATATTTGGTACGTCTCCTAGCCTTCGGCTCTTATCTTCGTTTGTTTGCTTACTTATTGAAGCACACATCCGGATATTCTACTTAGGTTGTCCCAGACGCAAGAATCGGGTAACAGATGCGGTATCTTCACCATTAAATACTCTGCAGATGACTGACCCATTCGAGGGTCAATTGCACATAGTTGTCAGGTAAAAGATCGAACAGTAAGGTTAGAGCCGCTCTTCGGAAAAGGTGTTTGAAACTATTTCGTAAACAGTGTTCACAAGAAAGGTGTCCCTTCTCGTTCGGATCTCTGCAGCACCA,924,48.81,Drosophila melanogaster
SEQ_898408,CTGCTACGCTCGACCCCTGGAAAATTGGATCCGTAATTTTACAGTCCGACCAAGTGCATTTGTTGAGGCCTTCTGTCATTTCCAGATTGTATGATGTCTATTTGATACTGCTGGTTCAGACATCGGGACTCTATATCAAGTGAAAATTACCATTTGATGAGCATGACTGTCTGAACTAGATGATCGCTCAGTGTAGACGGGGCACTACTAGAGTTCAATCACTCACATGGCCCCCACAAGAAGCAATTCATCGAGCTATAAAGGACCATTTTAACACATGGACCCTCTGAGTATTCCGCATTTCGAGGCACGCCGTCCCCATACTGATAGGGCGGGGTATTCGACAGTCCAACGCATGAGATTATGACATAAAATCGAGTAAGTACTCCCGTGGGTCGCTATTAACGCACTATGTTTCTATTAGTCTAGCAAGATGGAGCTAACCGTCTTCGTGCGACCGCGAGAGGCCTAGTAATGTATACATGGTTCGGTGTCCGTTTATATCTTTCGTCTGGCAGCATTGCCCACGGACACATCTCAAGAAGCGCGGCTATTCCTCCACAGTGCCGGGAGGTGACGCAGGATAGTACATCAACTCTACAAGCTAGGAATATGCGTTTAACTATTGTTATCTTCTAACTGCTTTTTAGACCGAATTTTGCTGGCCCCAGCTTTATCCGGGCGACCGCTCGTGCCAGAAAGAGATATTCCGAGCATAATTAATTGTTTACCACTCAGTAAGCGAGACGCGCTGCATTTGGTCTGCGACGGTGCAGAACACAAGATACGTAAACCTTAAGACGCGTAAGCGGCTCGCACGCGTTCCTACTGCCCACTCCCGCGAACCATATCAAACAGATTTTTTTAACATGTACGCGGGCGTAATGAGGTCGTTGCTCGTGACGATATAAACCAGACCGTCGGATCACATTCCCGCTACAACTTCCGCTCGTGGTGTTGGTTCACTAGTGGCTAGTCGACAGTGAGGTATACCACTAGGCCGAAGTTGCCCATTACGTCCCGGTTAGGGGTAATGTCCGCCACATTTATGCGTCTTTGAATCACTCGTCGACTACTATTGCATGCTACGGTGTCTTAAGCAGTTTGGTTTGCTTGTCATGATCGAGGGGGTTATATAGATAAAGCTGCATGAGGTCGTCTTTTCCCTAAGAATTCCTGACAGTGTTAACGGCCGACGTCCTAGCGGTTAACGAATTGCCGAGTTTCGGAAGGGAACAGCTCATCGCTCAGATCTAGATGTTTGATGGAGCGTCAATCAGGTTAGTGCACTGGAGGTAGCTGTCAGAGGTTTACACGTGGCATTGTTGAGATCCGACGGTGCCCGTGTTACCTATTGTACTGTCTTAAACGTTAGCTGTTAGTTAGATAAGTTGATCGTCGGCTATCTTGATTGAGATTTCCTTAAGGCTTAGTCATAGCAGGGTTCCTTCCACTGTGTTAATACAAATTTGGTCAGATCGTGTCACAGTCCATCGGGTAGGAACGTAGCGCATAGAGTTGTAGAGCACATGGATCTGACACCACTGCCCTGTCGAAGCGGTTCTCGCGATGGGACCCGACATGGCCCAGCCAAGCGCTGGTCTAATAAGACTGCTGTCCCCGAACCGTACGTACGCGACGTCCTTGGCTCAGATTCAGAATGCGGCGAAAATAGAAGGCCCTGAGGACTACACAACGTACGGATGGAGAGGCTATCACCTCATATTGATACCCTCCGGTAGTGGCATCCTAAAGGCTAATTTGTTGTATCCCTCGTCAAGTCACTCGGTATAATCAGCCGTCTGCCTGGGCCGGGCTTTAGAC,1824,48.63,Drosophila melanogaster
SEQ_968944,TCGGGAAAAAGAGCCGGACCGAAGCGTTGGTTGAGTAATGGTGACTCTCGGAAGGAGTGTCGGTGTGGGTTCCGAAGGCTAGCCAGCACACGGCCTATATATTGTCACTGGCATCATAAATAATACGAGATTTCGTTGCAATCAAACGGAGTAGTAAAGGTTCGACTCTTAGCAACCAGACCACCGACCGGTACACCATTCGCCTAAATCTCCGCCCCCCGGGACCTTGATAATCTGCGTCCTAATACGGGCCCTCGTAGTTCCTACAATGTGTGTATCCTGATCGCCCGGATGCACCGGAAACCGTGTGGGAGGGTCTTCTCGGAATGATCATTAGTCCAATGGAATTAGATATATTTCCGCATTTATATAGAGTTCCCTCTTCTGGAAGTGCATCGCTCTGTACAGCGACCCGGTTCGTGGTCTGCAGTGAGACGTTGTGTAGCCGTTACTATCAACAGAACCCTGATTGTTATTTGCGGTGGGAAATTTGAGCGGGAGACAGTATGAAGTTCACTCCCGCATAGACCCATAATTTGCTCCCCTCGAGAGAGTACGACAGTCCCTGTTCCGAGCGTGCGCAATACAACGAGACTCATCCTTTTTGGGTACTGATGTACATGTGAAGGCGGATTGCGACCCCTCGTGTGGGAACACCTTGCTAAAACCCGATGACAGAACTCAGTTTTTAATTAGGCGCCGCAAACCCCAGATGACAATACATCCCTGGGAGAGTATGTAAGACGAGCGCCGAACACGGATCGTCGAGATAATGTGTAATTATAAACCCTTGGAGGTAGGCCGTCGGTGTCGTGAGTTTGAGAGCGCATTGTGAACGCAAGGGAGAATCGCTTAATCCACCGGTATGAGCCGAATCTGATTCTACGAGCCACGTCCTTCTTATCAAGCTTGAATCGATTGGTGAAAGGTTCCCCCCTGCTCCGAGAGGAAAGGCGTTTATAAACAACGGTCGGCCGCTATCCGAATGCCATCCTTGCGTCGAACACAATGCGAAGCTCGCCCAATGGTTATGAGTCGAGTTAAATTAGGCAGCTGGCAAGTTCCAAGGAAGGCCAATCTGACTCGAAACCCCTCGCGCTGCTCCGAGGTCTGCCTAGAAACCTCGTCAGAGGTGGTACCAGTAATCGAACCTCGAAA,1158,50.6,Caenorhabditis elegans
SEQ_582089,AATATAGACTCGGGAAGCTATACGGCCACCGGGTCACTCGCGTCGGGTTCGTTGACGGGAGGCGCCATACCTTTCGAACGAGTTCATGAACTCTAGTAGGGAGTAATCTCACCAGCGCCAGGGATAAACTTAATGACGTTCTTACCAGCCTTAAAGTGTCCGAGAAACAGTCGACACAACCTTAAAGTTATGATTACCCCATCTTCGTACTCCCTTTGAGTCAGCGCCCGACCGTATGGCCCATCGTAACACTAGGAAATAGACCTAGAAAAGTGCGTATTCTGATCCCGAACCAAGATACGGCGTTGCACAAGCAAGGGCGAGCTACGGTTGGGGGGGCCAGGGCCTCAACGGCGCTGTGTCGGAGATGGTCTAGAGGAGGGTGGCCCTAAGGGATAGATTATCTCGTTCAATCAGGTTATCCGATATGTGAAGTGTAGTTAGTTCCGGATCGCCGTAAAATATAGCGTTTCCTCCGAAATACGCGCCAGGACCACTTGTTCTGGTCCTGCTCCACGTACGCTCCTCATGGCACGGTGAATCAATATCGCACGCCTTTCGCCCTAGCGCCAATCCACGTTCCGTTAGGTTTATGGCCTGCGATCGAAGATAGTAGACGGTTGTCAAGAAAGCAATGATGAGAGAGGCCGTAGTCTGCAGACAATTTATAACCCCGGGAAAGTGATAGACGAACAAAAATGATATGTTTACTCGCCTTGCCCTAATAGACCTCTAAGGTAGATGCTACGTTACATCTGCGTACAGGAATGTAAGACTTGTGCGACACGTTACTCCCTTATCAAACCCTGGGTTTTGTCCTCTAGGAACATCGGTCGCAATACAATCCATTGCTTAGCGGGCCGAGCGATTACCCTGTATAGCGAATGTACTCCCTGGGCGGGATCTGTACTTGTGACGAGTAGACGCGGGGCTTGGTACGACGACCTAGCGGCTCTACGATACTATGTATCACAACAGAAGCAAATGCATCAGTCGAGTTGTGCACCGTACTCCTGAAGCGCCACCAACCCTTACCAACATTGAGTAGCTGTCGTCAGTGTCCAATAAGGCTGGAATACCTGGTAGCCGGGTCGCACAAGTAGAGCTGTAACCGAAGGTGGGTCCGGATACCTTCGAGTCCGATCGCCGAAGGCTGCGGGTATAGTCCGCAGTCCCTTAGTAGAGGCTAGCGCGGAGCCGCAAAGTCGGGAGGCCGGTGAAATCGGGAGGATAAAATAGACTCCTTGGTTTGCCAAAATTTGCTCGTTGTGCCCGCGTTATGTTAGCGGCGGGCGCGCCTCAGCTGAAAAAATGTTGGCTTAATTAGATCAGTACGCAATATCAGCACTACCACGTAAATTGATCTCGTGGGTTTCTTGCCCGAGAGTCTTTACTAATATGGTTAGATAGATCGTACGGCGTCGTAGCTAATAATTGCTGGAACAGTTCCCACACGACTATGTAAACAATACTATTGCTGCGAATCCGTGAGTACAAGGGACTAATAAAATTACTATTTGCAAGATTTAAGTAATGTGTTAGTGGCAGCAACTTCGTCGTAGCGTGATGCATAGATTTACCGTCGGCAAAATCCGTATCACTGTAAAAGCTGTTCATCGTGTCATAGTAT,1630,49.45,Escherichia coli
SEQ_875538,GCGCTAACACTACGAGTCCAAGACCCCTGTACAGGGTATGCAGTTATGGCGTCTAGGTATGTACCCAAGCAACCGCCAGCACAGGAATGATTCAGGCAGTTAAATGCATAAGACCCCTGATTTGCGGCGACGAGCTGAGCGCCTGCTTATGGTGTAACTGGGCATTTAACATTCCGGCAAAACGACTTACGGGTGGTCCATGACGGAGATGTTCCGGTATAAAGGGTTCGAGGAGTTGATTGACGCTTGGACCCTTATAGATCATCGCACCCAGCCCAGATAATGTGAGATGGTGATCTCATCAGGCGCATAACCCATGGAATAAGGACGCGGGGGGTAACCCATCAACAAGGTACCGTAACACGAGTACAGCCCCC,377,51.99,Mus musculus
SEQ_954156,AGCCGGCGACTGGCGCAATCATAGGCTCTGAGATCGTCCACAACGAACGACACCTACCAGAAAGGCCCAGTCGCTCTATAACCCAGGACAACTAGTAAGACCTCGGTCCGTTGCGAGCAGGACAGTTCTACACCGTGACCTAACCCTTACATTTATCACATTTGGGCCGGTAGGAGTTGGAAGTTTCCTAATAGGGGGCAGGCGCTTCACCGCATACGCTTCGCCTGCCAACCGAAGGGATGTGCTCGATCGACATAGTACGGGTTACACTCTAAGGAGTGGTTCACTCGTCCAAACGTGTACAGGACCAGCGGCGACGGATAGCCGTTATCGGGAATGGTAGCCCAAGGAAGCAGGTCCGTAAAGCGTCTGGAAGCGTGTAGCGCTGCCAAAGTTCGACAATCTCCGACCAAGCTTGTGGGTCTCACATTGGATAGGTTCCGGTGATGACCAAGTTGATTACGGAATTGACCTCAAGATTGGCGCCGGACTCTCTGAATAACTTCCGAGCAGTGGCTACGCATCCGGCTAACGTTGTATGACACGATCGGGCGTTTAACCTCTACCCATAGCTCGCAGAGCGGAGTTCGCTATAACATAGTACGAGACAAACGCGACTTGGTGCTGATAATCCGGTTTACCAAATCTAATAAGATTCGACAAAACCTTACTACTCACTACGTAAGAGGCTCCGATAATCAGCGAATTAGTCCCCCACACGCGGTTAACTCGTCCCCAGATTCCGGCTTGGTTAAAGTTTTACTCAAGTGGGTGTACATGGCTGAAATGAAAAGTACGCCGGTAGCGTAACCTAGAAGTCTGTATATGCCCTAAACGGTTGTGGGTGATCTGTCAGTCAAGGGTGAAGCTTAGTCTGTTTTGTAGGCCAGGCGGTTTCTCGAAGCGCTATAGGACCATGAGCAGACCCATAAGAGAATCCGAGACTTTATAACAGCGGTCAATGTTCAGCAATCCCCCAAACGGTACCTCCATTAATCTTACGTTGTTCCGAGTTTAACACATAGGTAGCAATAGAAGCGTTTGCTTGTGCACTTAGTTGCGTGGATGAGTGTACCAACCCTGCGGCAATATCGGGCAATGTCGAAGTGTGGGCGAGAACAGGAGGAAGTGCCCAATAACTTAAGGGAGACTCGCCTTGTTGTTAGATCTCTCAGCGCATGCGGCCAGTTTCATGTCGTTGTTTTGAAACTGCATACGGTGCGAGCACTATGCTGCACCGGTCACCATTTACTATACTTCGATGCCTTCGACTTATGGACAGACAGCGTTGTGAAACTGCACAGTGTTGATTTGCTGCGAGTAACTCGTGCATAAATAAATTCTCGCCAACGAACGCAGATTTTACATCATGGCACGTTTCTAGCTTCTAGTAGGTCGAATACTACAGTAAATTCGGACATGGCGACTAAAATAACATGCGGAATTTTTGCGCATACTTGAGGCCTGCGGACCGAGGTTAGTACGCGTTCGCGAGGCAGCGCTTTAGGGGGTATTTCCTGATCAAGCTTCTAGACCACCGAACTTATTTTCCCGAAACGGTGCTTGTTCCATAAAAAAAGAAGGGGTCTCCGAATACCTTGCCGCTATGCAAGGTCGGGCCACTAGGGATTGATGTATATTCTGAAGATAGTCGTCAACGCCGGTTGCGGTGCCACTGTCACTGCGTTGCTGTCAGGATATACGTTTTTCATAGGACGTTTGATCAATAGAAGTCACTAATCAACGTAACTAGC,1754,49.2,Homo sapiens
SEQ_589706,ATCTGTGTAACGAGAGAAATGGTTCCACCAATGTTTCTTCCTGGTAACAAACAAAGTCTAGTACCGTTGAGAGCGCAGTCCGGTATGCTAGGCGTAAGGATGAGTCGTGCGTCAACGGGCGTACCGGGTGGAGTAGGGTTACCGAAGCAGTAGGATCTCAATCGCTGCCAGCTGCGAACGCCTACAAGAGGAGCCATTACCTACTCATCCTGCGTGCAGCCATCAGTACAAACCTTATGAGGGCGCAAGTGGGCAGGGCCGCGATGGCCAGATCTAGGCACGCGCGTCCCCGTCCGAGGACATATGAACGCTACTTCTTCCGGGCGGCAGGAGATTTAACCGGCTTCGTACTCCTTTTGACCATCCGTATCCTACACTGCAAACGATTGCTCAATACTATACTTCCTCCAGGTGCCGAGTTAACTCATCGACTGGGCTTTAGAATGAGTGTCTTAGTTGAGCGATTTCTAAAGAGGTTATATACAAGCTACGGCAATTCAGAGATACCATGGTAAGCGCTGGCAACTGCCCATATACGAGCCGTGGCGCTTGACTGTGGGACTACTTTTCGACCTCCGTAAGCGCATACCGCCTTATCATTGACGACCACTCAAGACCTGTTTGCATTTACTACGCTAACAGCACCGGTGACAATATACGGGCTGCACGGTGTCAGCACTGTGTGTCTAGCCATTTTTTCAGCTGATACAAGTGAGGCTATAAGATAACAAGCCAGGGGTAGGGTTCCGAGCACCGGATCTGTCAGGGCTCGAGTTTGCGCGGAGCTCACTAAGTCCCCTGCGTAACGTTCATGCTAACGAGTGTGCTGACCTTCGCGACGCGCCAAATGTGCATAACTGAGCATAGCTGGGCGACTCTCATTTAGGATACCGAATAAGGTTGGTGGCCTGATCTTGAGGGGCAGACTTGGGACCACTGATAATCCCCCCGAATATGGAGCCGCCCATAACATAGCCAGACGTAACACTACTAAAAAAGATGCAGTCGTTGTATTTGCATACAGACCTTCGCATTTCGATGATCGCTAACGTGACAGACGAGACCCGTCAATCCATCCACACTCAGGAGTGTGGAGAGCGGGTATTGAGA,1110,51.44,Escherichia coli
SEQ_374806,CGGAACTCCTTTTAGGCTGACAGCGGAGCAGGTGTGTCACGCCGTCCCACACGCTCTCGTGTGACTTCAGTAAGACACAATAAGGCACGTTGACACAGGGAGAATAAGGTCACGTGTCTCTCTTAGCGGTTGAAGAGATTCCATGGCAAGACGGCGTAGCAGGACGATTGAGGTCTAGGTTCCTCAGAAGATGTGGTTCGCATTTATTTGTAGATTTAACAGGCCCATGATCACTTTGGGTAAATATAGAATTAATCCAAACTAGCACGCGGAGGCTCCGATGCGATAATTCACGGGGACTGAGGATCCGGCCTTGGATGCTCGTGAGGCTATATGACGGCTTCTTCTCTTTTTACAACACTGTCAAATCCGTTTACGAAAGAGTTTGCACTACGATCGGTGCATAGCTGGGAATGTGCCAAGCTAATAGGTATTAAGCTAGCTGTGCAATCGGCTTGGATATGGACCAGAGTGAGCTTTCAGTAAGCCCGTACCTTGCCTCGCGGCATATACCGTAAGCTAGCAGCGATAGAGTGAACGGAATAGCTCGTTCA,554,48.92,Escherichia coli
SEQ_826607,AACCTGCGATATGACGCAGTGGGAACTGGGGACGAAACGGGAGCATCCAGGATCCGGCCCGTGGGGCTAAGATCGGAGCTTCGAAACTTGGTGGCAACAATGGGTATGCGTAGACACCCGACAAGGCCATACCGCCGGGGAGCGCAGAAACTGCGCCCGTAATATCCAATTGTGAACACGTTGGAGTATGGACCGCCCCCAACATTCTCTTACAGGCCACGCCCAGATCCGCGCTAGCGGTGCGTTGCAATGACATTCGATCTTGGGCAGGATATGTAGATAATCTTTCGGTACATTAGTTACAGAGCAAGCGTCCACTCGTATACAAACCCAAGTCTATAATCCGGGTCGCACATGCCGACGTGGCTTAACCGACCAGTGGGGAACACGGGTGAACGTACGGCCGTGAACACCTCGTGTGTCGGCAGCAGGTGCAGATTTGAACTCCCAATCCCTAGAGGGTTCTCTTGGCGGCAGGGGACGCAGCTGCCGCCTTCCTGCGGCAAGATCTTATACCCCGAGGCGCGAGGAACGTTACGAAACGAGTCGTAGTACGACACTACAGAACGAAGAATTTGTGGTTAGCTGCTCGGGGGGCTTAATCGTAAGCACACGGTGGTCGTGTACTCTTCAAGTAATTGCCCCTATCCGCTCAGGCCCCAAGCCATAAGAGGGGTTGTTTCGAGCCACATAGGTAGGGCCAAAGGGGACACTCTTACCAAGACGACCGGTTCGATCAATACGGTCGATTTTTCAGCCACCGTATAACAATCATACACTGCGAGAATCCCTTACAGAACCCGTAGACCGTTGGAGGGTCTTGCCTCAGCGTGAAGTAATCATCCCAAGTCTCTGACTCGGACCGGCCTCATCTTATGTTAATAGCCGGTCGTCACCACAAAGTGGACTGAGCTGACGCATGCGATCTATCTATCGCTTTGTCCACTAACTGCATGTATCCGGATCGAAAAACTCGGTCGCATATAATCGCGTCACACACAGATGGGTGATCCACTCACCGCTCTGCATTAATTTCTAAGCCTGCAGGTCGGTGTATTCGCAATTTCACAACGATGAAATGTGGAATAATTACTGGGGATGGTTTTCAATACCCATGATAGAAACTCTCTATATCTTGGACGATGGCGTAGAACTTTGTAGTTA,1164,51.98,Homo sapiens
SEQ_595607,TTGCCTCCGCTATATATTAAACGCGTATAAACACCAATGCCTATGCGCTGAACCCCAG,58,46.55,Drosophila melanogaster
SEQ_903371,ATGCGGCTTTAGGGTTGGCTGTACTCAACTATTGCACTTGCCATTACAGGAAGTACCCCTGTTGTCGCTCCTGAACAACTGGAATCACCCGGGTTGTTTGAGGCACATATCTTTATGCATGTGACATAACCGAAAATCTACGGACTGTCGACCCCCTAAGTTGTCATTGGTACCCGGTGAATCGGAATACCTAA,194,47.42,Homo sapiens
SEQ_397312,GGTAGCTCTACTCGGCCACAGCAATGCAGTCCGCACCCTATTATTGGAATATGAAGCCTAGGTAGTCGCAGCTTCCTCTCGTGCTCCATGATCTCGCAAAGTTGTGGACGAATATTCATGTCGTCCCTCATTTGGACTACGTGTAGTGTACTAGGCCCGAAGCAATGCTAGTCTAATCACCATAACCAGTTCACTTCCCTTTTATACACTGGCACAGAACACAGCATTCGGAATTGGCCTTGTTCCACCGGGCGAACGCATAGCGCGGTGAGGGATGCTTTTTACAGGACTCTCAATTCGCATTCTCACAGTTCGCGCCCATATAAGTGTTGCTTCGCGGATGTGACCCTCTCTGAACTTTTGTCGTCAGCGAGACGAGAGTGGTATCCATCTTTAAGTTATGGCTCATAATTACATCAGACGCAGAGACCTGAGCATGCCATGAAGTAATCGACAGAGGCGAGATGGGACCCGTACGCATTTGTCATAAGCCTTCCCAGGTCGCGATGCTGTAAGCTTGCTTAGGTGCCATCGCGGCTCAGCCACGCTCCAAACGGCAGTGCGTACACTTCGCGCACAACGATAATCAGAAGCCTCTGGGACTCGTTCCGAGTAATATTGATATAGGTGCGTGTTTAACACTGGACAACAAAGCGATTGAGTCCTCTTGCATGCTGTCGGAACAGACTCTTCGATACAGAACAGAGGCGGGTCAAATGTGGGCAATCTTGGAGCACCTTCTAACATCGTAAACAGAAGTGTCGTTCCCTAGTGAGACTTAGCATTGCTGGTGCCT,796,49.87,Caenorhabditis elegans
SEQ_832041,ACATGACTTAGTGCTATCGTCATTTTTATCCGCATGACTAGATATGCGCGCTTGGACATTAGACCCTGGATCAGATAGAGTTAAGCCCTCCCACCATCGGCCCTACGACTTCTGGGAACAGGCCTTGCTGACTGTTGAAACAGTGGTAGTATTGCAAGGTTACCTAGTGTGGTCGCACTCGGGACGCCGTGTGGACCGCCCGTCTAGCATCAGCATCGTTAACGCGGCCTGCAACTTAATCAATTGACCAAGGGGGAAAACATTAGTCGTCGCGGTGACCGCTAATATCCGCGAGCACAGATATCGAAGGAAGGTGTCCAGACCCCCTCTCCCTCCTGAACACCCCACGTTTCTGAGGGATCACGCAGGCATACGAGCTAATATAAAGCCCTTGAAGATCGCTTGAATGTCCACACACACCATCTCAGGGTTTAGCATACAC,442,51.58,Arabidopsis thaliana
SEQ_609034,GTCGGTAGACCAGAGATTACTCAAGCCAGGGCGCAATTGGGGGTCCGGTCTCCCCACTGACATGCACGGATAGAGGCCACCTCCTCGATGAACCAAGATTTCATCCGGGATTGACAAAGGCTGATGCATATCCAGCTACCTACCAGTCAGCTTCGCCCTAGCGGTACCAAGCAGCTAAGCTAATTTCACAACCAGAATAGACAAACTGGATACAGTTCTGCCAGGTGTCCGCCCCGTCCGGGATGTGTCCAACGGCGCGTAACTGGTCGAGCATGCTATCTGTGATGTAGCTATTACTTATCTGATAACATGATTAGTCAATTAATAAGGCTCCTATTACGAATAGATAAACCTGGTATTGCACATGAAGGCTCTTGAGCGCATACTTGAGCGCACCGCCCATTTGTCCTTCAAGTAATTAGGGTGCGCTCGACGTCGTGTGCCCGTGTTCTAGGTATCTGTCCGCTCTCCTCAACTTAGTTAGCAATCGGGGGCCGAAACGTAATGAGGTGACGGCAAATCGTCGACTCTCAAGGGCTTGTCGGACGCTGACTAAGTCATAAATCCAGACATTACCTATATAGGGAGCTCAAGACTAGCGCACCGAGCCCTGACGGGGAATCTACACAATATCCCTCGAGTCGGGATTATCCGGTCCATTCGAGGTATGAGGCTTCGGGAGGGCAAAGTATGCATGCCAGTCTAGAACTTGAAGTTATAGTTGCCGTCTTTTCAGGATCTGCTGCGAGCCCCAATTGTAAGAAACTGACCCAAATATTGGGGCCGCACAGGACCTCTAAATCTTAGAGCAGTCTCTTTCCAATCCCTATATCTGCACTCTAAGCCTCTGGAGAAGCTGGGGCATGAGGCCGGTTCGGTAATACCGCCCATGGGGCACATCTACCCGGAACCCAAGCTGGGGGCAATATTCCATTGCTGCCCATCATTCATCTCCAAGCCCGTAAAGCAGGTGAAAGACTAGCCTTCTCTGCGATACGGGTCCCGTACGCCGCATAGTCTCCTGTTAAATAGAGAGCTACCCGAAAATGATGTAGTTATTAAATGGAACGGGAGCTACTTAGGACCCCAACTGCAGCATATGTCACTTAGACCTATTGACGTTGCGTTTCGTCAAAGGTGTTCCTTAGGGAGATACGACGTGCACAATTGTTAGCCCAGTCGCAACTAACTATCGCTGAGGTTAGTGTGTCAGTGAATCCCACGCGTATTGGGGTGGCGGGAATGTTGTTACACGCCACCCCGATAACCAGTACCAGCTTGATAAGCATTTAGACAATGAGTAGGCTTGAATGAAAGCTTAACTCGAGCACGGTCACGTAGAGTTCGACACCGGCCGTAAAAACGGTCTCTCTGCACCATATTTTTATGTTCTATGCAGACAAGTGCCAAAAGCTGCAACGTGTCTTAACCTAACCGCCCACTGATTAC,1449,49.9,Homo sapiens
SEQ_845159,GACATTTATATGAGAAGATCCTTGTAAGATCTGTATCGAGTATGATAGAAACTCTACTACAGTGGCCGAGCGTATAATAATGTCTCCCCCAAACACGACCGGGCGTGATGACTGTATTCGCCTTTCTAATGCGAATTTACGCGTACGACAGCCATGATGCGTCATCCGGATCGCAATTCGAAGAGCTACTATTTACCCATTGCTGGGAGGCGCAGGATAGAATTCGTGGTAGGCCGTTCGTAATGTAACTGCAGGCTCAGAGCGCCTCAGAAGAGTGGGGTCATGAGTTCCCAGACGGAACGACCCTGCGGCTTCGCTGTCCAGCTGGGCATGGGTCTATGTTGACCGTATTATATGAGCGGCGCCTTCCGGGAGATGGATCGGCCATAAACGTTTATTGTATCAGGGACGGAGCAGTATGGCCAGTGAGCAGGCATAGGGGAAAGATGATGCCATAAACGCACTGTGATTCGATGAACTACAAAAGGACTTCCACAACGCAATGAGCGCTGTTCCGTCGCACTTTGAAATCGACAAAGCTACAAATTAAGGAGATGGGAATATGGCAGAGCGGCCCAGGCTCGGTAAAAAATTTAACTACGGTAGAATGCCAGATTCCGTCGGTCATAACTTGTCACTGTATACATGTCGCACTTCGCAGCTCCGGATGTTGACTTGGGAGGACGCGGTTAATAACGCGGACGGCAAACTAAGATGCCACGCCCATCTCCTGGTGAGGATAAACCTTAAGCTGCCCGAAGCGTCCCAGCTTTACACCAGTTGTTTCACAAGCGTCCATCCGGGACCATGACAATGATAGCTTCCCGTACCCGAGGACTCTGATAGCGAAACTATGGAGTTAAATTCGGTAAGGATTCGAAAGTGAAGGAGGAAAAAATCCTCCCCCACCTAAAAATGCACGATAAGCAAGTATTGCCCCAAACTTTTAAGTGGCGAGCCCCTATGATAGAGTTAGTCGGCAAAGTATATGCGTGCACACGGTGGAATAGACTGCTTACACCACTGACGTACGCGCCTTTCTCCCATATACTACACCCCGATTAATTCTAGGATTTCGAAGCGTGTGGTGTACAATATAGAAAGACTTTTCTCAGTTTGAAAAAGCCGCCTAACTACAGGACCCGACAGTGCAAAAGGCCGAAACGCCCGTGGCCTTACCACTAGCTGAAGAGAACTGGACAATTCATATTTCCGAAATTTCCCCCAAGCTAAAGCCAC,1239,48.75,Mus musculus
SEQ_168396,CCAATTCCATTCGTCGGGAAGACCCAGATGCCTTCAGGACTAACGTCCGAGCTGCATTGCGGTTCGCCCAGCTAATACCAAAAAACACTTACACACACGGTTTTAGTCGTACGGCGCGATATGTGACTGGCGCATTAACAAACGGCAACTACACTCAAGAATCGTGCTCTTCCTCAGGCATCCCAAATCGATCAAATGTAACGGATGTAACGCTATCCCAGAAACATCGCTTTGCTCCGCGGAGTACGACATAGACCTATCCGGTACGTAAAAGCAACTTAGTGAAAGCCGGGCATTTGCGCCAATAATCAGCTATTATATTCGAGGTTAAACGCATTGGACCGGCAAAAGGTGGGCACTGCCTACCCTAGGCCTAAAAGGCACGGGCTCCATACCCTTAATATCATTAAATCGTACAACAATCGGGAATACGTAATGCGGCTTCCATGACGATGACCCAAGAACGGCCATCCACCCTCGCCCATGATCCTAGCGGCCTCCCTCTGTCCCAAGGGTAGAATCATCACTGGAACTCCGAATTCGACGCGCTGGGGTCTAAAATATGAGGTTGGACGTAGGGGACCGACCAGGATTCCGACGCTGGTGGGATGATCGACAATCATATGTCTAGTTTATTGCCACCGGGTTGTTGAGTCAGCCATCTAACTAAAACAGGATTGTAGAATGTTGTTCAAAGAACTTAAGCTTGAGTCGGTAGTAGAGCTGCGGCAGCAAATGGCACCATCAAGACACTTCGGAACAAAATTATATTCGATGCCTCGATAACGTTCCTGCACGCATGATAGCGATACACATCGTCACCCCAGAGCTATTACCAAGTCCCTGTGGCTCCGCGCTAGGGATCCGTAGCTGTTTTTCGCCCACGTAGCCTGTCGGACCGCAGCACAGACCTCAGTACCTCCGCGATACGGCGAAATGTCGAGACTTGTGATACCGAAATGTAATGGCGTCCCATCCTGTCACCGAAGTCGCGTCCGTTAAGACGCACAACGACGATGAGGGGTGTTCAGGAGCACAAAGGTTCCAAGAAAGGATTACTGATCTGATACCCCCGGGTATAAAGAAGTGAATCATGCGCGTCGCGAAATGCATAGCCATGTCTTGCAATAGGGAGGATTTTCTCCCCTTTTAAAACCCTTGTATGGCACGCCATGGAAACAACCCTACTCTTTGATAGCGAAATTTCAGGGTGGCTTCCTATCTCTATGCAAACTCTGTCAAGACAGCCACGTGGGTCGGTAAACCTGATGAATTAACGAGTTCTAGACCTACCCCCGCGAGTCTAAATCATGCGTGCCCCAGAGACACGGTCTCAGTATGAAACGGACCCCGAGGGTTTAGTATGCCTTGACATGAGTTCAGCGGTACAGCCCGCATAAACAACCGGGCTCAAGCACTGGTTTCAGCAAAGGAAAATGTCTGGGGTAGGCGGATTCGCAAGTGGTTTAAGCGCTCCCACGGAAAGGAGACTGTTGG,1497,50.23,Caenorhabditis elegans
SEQ_556089,ACTAAGTTCTTGCACCCCCCGTAGGACCATCATGCCCTCTAAATTAGTAAGGTAGCCAATACGACACAGTAACCGCACACCCGTCCAAAGGAAGTAGTACCTACTAGCGGGATTTATGTCCGCTTTCGGATGGTCATTTAACGTGCGCGCTCCGTCACCAGGTCTGGAATT,171,50.29,Caenorhabditis elegans
SEQ_149137,GGCACCTTATTAGTCTAGTACTTATGTTGAGTGAGTCCCTGGCTGTCGCACGATCTTTTCACATCCATTGGTAGAGCTGAGAGGCTTCGAGTGTGCAACGGATGCTAAATCAGGCGAGCCTAGCCATCTCGTGCTACCAGCGGTTGTGCTGTCCCCGCGGGCTAACGTCCAGGAGGGAGATAGGTAACACCTGCTCGCAGTCGAGGGTAGACGGGGGATCTTCCCAGGAGTCTGTAGATTGGTGCGCACTTATGTTAATACCGATCCCAAGCCCGCCACAGCTCAACAATACAACACGTCTCATGCGTAAAGACCTCATAAGACCGGTCAACTGATCTGAGAGGGGAGTCCGATACTCTCCCACAACCAACATACAAGAAGAGCAACCATCCCAATGAATGTCTTCAAAAAAGTACGTGCGGTCTAGGAGAATAAGCTCTTTATGACTACCCTAAACTTAGTTACGATGTGCACTTACGAGCAAGCAGACTAAGTGTTGGAGGGACGGCCTTCAGATTCGCTCGGAATCCCGAAGCAAGTCACTAATAAAAAACTATGAAGGTAGACGATGGATTCCGACAAGAGTCTTCATTCCGTAACACCAGAAATGGTCCGCACACTATGAGAAACCTTGCCTTGCGGGCAGATCGTTTCTACTCAATTTAACACTAAGTAACTGAAACACTCTCATAAACGTTGCTGTGTATGGGATCCGTCAGCGGAACGAATTGTGATTCATCGAGTTGCTTTGTAGGGCACGGATGAAGCCTGTGCTGCTATTTGGCCGCAGAATTTAACCACGTGTACCTGCTTAACCAGATCTACCCGAATAAAAGGAGAACTAGTCCCAGCTCCACGGATGGAGGACGCGAGGTCCTCTATATAGGTAGGGTAGTCGAAGCTAACTCTTGGAGACGTAATAATGTCATCCCGCTGGCTCATACGG,946,48.94,Homo sapiens
SEQ_631860,ATCTCAATCTAGCCGAAATCATTGGCGGACTTGGGAGTGGGATCTAGATAAAGCAAAGTAGTAGAGCGTTTTGTGCAAGTTGTAGGCTCGCAGGACCGATTTATACAGTACGCATCGAGGGAGAATAGTCAAGCATATGACTATTCGTCTTCCGATGCGTAGAAGACCGCATCCAGTACCAGGTCTAGGATGTTGCATACTATACCACGTTCAGGTCATCTGTAGAGGCACTTAGTAATCCAGTTTGACGGGCACCGGTGCTCATGTCACCGATTGGCCAGCTATAACCCCCGTCGTTCGTAAGGTGTGGTGGACAGACCAGCTAAGCTTGGAGGACGTGATAAAGTATGCAAACGGTGCACACGCTGGCAGTCCATCGCTACATCACAACGGTCGTACAATTCCCGGCGGTGAGTTAAGTCTTAGTCTACCCAAAACTCGTTATGAAGGTCTGTGACATCGGTCGATAGTATGGCGACTCGCCCTTGTATGGTTTCTTTCTTCAATAGCTTCTGTACCTCTAGTAAGGTATGGGTGATTGAACGGAGCACCAAAAGGTTACACGGGTCTTTGATCGTCCACCATTTTGAACCGAAAAGATGGAGGCGTAGAAGCTCCGCGACCCCACAACCGAAAACACATCACGGGATGACCGTGCGAAATTCCGCAGAGTTAGGGTCTTTCTTTTCCTTTGGCTGTTAAGATCTGCTGGCCAAGAGTTCAGAGCAGATGTCAACACGCCGTACCGGTGCAAGCTCATTAATGCAAGACCGGTCTACGCAGTGGATACCTAACTATGTTAATCCTTCTGGTCGGAGCTTGGAAGCGTTTCAGTCTTTTTGTAATGTGTGAGAACTGTAGGCGCAGTATGAGCAGGTCATTGGTTTCGCTACTGCTTCAAGGGCCGTTCAATTCGCAGGTAGGGTACCGTTGAATTCTCCGGTCCCGAGGTATATGCTACACAATGAGAAAAGGGATGGGCTTTGTTCGGAGCCAGATACTCGGACATCCAGGAGCATACGGTCCTTAAGCCACGAGGGTCAGCACCGGGTAATGGGGGTACTTCACTATACCTGTTTCGACTTTCTCGAGGTATGGTACCACGTGGGCGTAACATCGTGGAGCATGTTCAAAGTCGCCTAAGCTGCGTCCGCCCAACCGGACCATACATTTGATGGTCTGGGCATTGCTCTTGTTGGTAGTTTAGTGCTGGGCCGATACCGGGGGAGACGATGCGTGTAGAACGGTGTACCACAGCATCTACACCAATGAAAGGCCGTCGCCGCATCCAG,1292,50.31,Drosophila melanogaster
SEQ_696525,TAATTAGTATCGAATCTAGGACACTGCGTCCCGTATTGATACCTCGATGCTACCCGATCAACCAACAGGTGGATTGAAGGCTCTTGATAGCGTAATCCCGCCGATCGAAAGGCGCCACTTTATTCAGACATTCCACGGATCAATCCGTACTATCAGGATGTTCGGATACGTTTTGAAATGCGATGACTAGAACTATTTCAGAGCCACGCTTCTCATTCGCACCGACTATTGGCGTTCCCAAGCAACCGTGCGCTCGGAATGTAGTGGGGTGCATTTCCACCCACCATTTGACTTAACTGTCAACCTGAGCAAACTCTGCCGTACATTGGCCGTAAACCTTCCTAGGCGAGAGCAGTTGTGTCTTTGAATTGGACTACACAAGTAACAGGTACGCACTACCGGAAAATTTAAGCGTGTTGCCTTATTCTCCATGATACGACTATTTTTTCCACGGACTTGATCAAGTGAGAATACCATGCTGTTTATGTTC,490,46.33,Homo sapiens
SEQ_618391,ATGACGGTTTGGTCGGCTAGTCAGGATGAGTCGGCTATTGCACGAGCCATGGCATAACAGAGCAGAAGCAAAATGAGTGAACTCCTTGGTAGAGCTGTCAAAATGCATCGGCGGCTCGGATCGCACTAGCTAGGACTTCTGTAGATGCTCATGTTATACCTTTTCAAGACGTGGACATTCGCATAATCAGACTAAAATGCCTGGAATGCCCAAGGTTCACGATCGGATGCGGGCGCCACTCGAGTTAATTCGCTTGGTAACAGACTTCGTATGAAGGGCGGGAAGGGTGTTTCCAAATGTATAGGTGTAGCTCTACTTCTGAGGGGCCCGACCTCTCTAGAGCTAGCTACTGCACATACAAAATAACCGGTCTGCTAGAGCTCCACGGTGTCTAAGGGGACCCGAGGCAGAGCTCATCCACCTCATGAAGTGAGGAACCAATACAAATCCCGAGTGTTTGACTTCGGTCTCTCCATAGCACAGAACCAGCACGCATTTAATTCTTGTCCGCGCGTCTAACCAACTCGAAACGCCCGTCCAGTAAAACGAATAACATGCTAGCCTCACTACACCCTACCCACCGGGGTTCGACGCAATACAGATCCTTCAGATGTTTTGGTCTGCATCCACGAGCACAGGGCGCTATGTTGAGCTTTGCTCAATGTCCGCGTCTCGCTGATGTTTATCCCGCACTGTAACCAGCCAGCGGTCTATCGACAACCGCACTCCTTGGGATTTGGTTATTTGGTTTAACCATTACAACGGGTCTTCACCCTTAAATTGAGTGTCCTAATTATGCTTCGTACTACTACTCACTGATGTAAAGCTTGGACGAATCCCGGAGTTCTACAAGTCGCACCCTCTCTGTTCTCACCCGAACCTGTTCTGCATTCACTAGAACGGGTGCGGTGGACCAAAACTAGCAGTGTCAGCCTTGTAGTCGGTACCTCGCTGGTGCATAGTGCGAAACGGTTGAGCCCGCATCGGATGTATGCACAGAGATCAACCGTGTAGTGTCAAACGTTGAACCGAGTTCCTTTGTTTCTTTGAAGAACGCTCTCTATCTTAGTGACCAACGTCTCATTGACGAGTAGACCCACATTTCTTTTACCAGCCTGAAAACAAGTATCCAGATACAAAGGCCTACTAAGTGCCGTATGGCATGATCCAGACGCGCCATGCCCAAAGCACAGGCTCATTCTGGTTTTCAGGTGTGGTACCTCAACACATACAGGACC,1238,49.68,Caenorhabditis elegans
SEQ_313958,TAGTCGAAATCTTCAACCCGCTTTCGTTGCAACTCGACGAGGAGCGCTAAAACGGAGCCGAGTGGGTCGAACAGATTCAGGAGCAAAAGTTATGGGAATGTGCATGACTCCCGTCCTCAGTGACTTGAGCAGAATCCGCTCAAAATTGGCTTGATCTTATATCTAGGTCATTCCACATGATCTGGGTATTGTTAAGAGGTGGTGGGCCTGCTGCACAACTTTAGCATTTCGGCGGCGCGCAGCATTCACGCCTGTGCCAGTGCTCATCATTGTGCCCGTGAGGAGTGCCATACCCGTTTCTGTGCGACGTCCTAATAATAGAAACGTAATTTCACGTAAAAAGCACATCAATCGCTACTGGATGTAAAGAGGGGACGCAGGATAATTCGCGTTCTTGTCGAGCATCTACCGAGAAAGATGGTGCATCTGATTGCCGCTTAAACGAAAGTCACGTGTCATCATTGCCGTCTTGGTGTGCGCTACAAGAGAATGATTGCAATGGGTTATAGAGTTCACGCGGCTAGACAGACGGTTACTATCTAGCCACGATCTATAATTGTGGTTTCGAACAGTTTAAGTATGTTCCGTCGCTATAACCATATTATGGGTATACCAACTTAAGGAGGAACCTACGCAAGCTCGATCGCATTAGTCTGCTTGGTGCAACTCGGGAGGGATCCTATACAGCTAGGCCAGTACTCCCCCAGATCAAGTTGCAGGCATGGCAGAAATTTTTTTTATGGTCGGTTCGGGGGACCGATGACACCTTTCGTTTGCGTCAGCTCTCAAGCACCCGGAACTTCAAAACCCTTGAATTGGTAAGCCAGTCAACGCCGGCGGTCGACCGACGTCATTGGGTCCTTCCGTCCGCATACCAGAGTAATTTCGTGTTTGGCAGAGTCCCGTAGTCAAACCTGAGCATCACCTTTTGCATATCAACCTAAAGACGAGGGGAGGCAGCCTTTCGGTCAACTGGCGCCATTTCGTGCTCTCAGCTCTGGTTTATCGGATGTAGACCAAGTTCGAGTGATCCGGGCCCCATGATGTCCTCCAACGTGTGAAGCCTCGGAATCTATAGGACGGCCCGTGTTGTCAAGCCATTATTCCAATATGCTCGGTAGCAAGTCCCTTGGAATGGCGCTACTGAATGTTGGTTGACCTGGTCTGAGCTCGCCGAGACCGCACTTAGTCCATGTTAAGCGCAAGAACACCCCTATTCGTAACGGAGATTAGCGCTGACTGCACGACCGGGCTCATGGACGATGGTGAAACTGGT,1276,50.16,Arabidopsis thaliana
SEQ_165010,TTGAGGGGATGGTCTAAGAAGATATTCTTCTGGTCGTTATGACTATGTCACGCGTGGCTGATTTTCTTTACTATGTTCACTCGCGAGCCGCACGGGTAGGTTGGGAGGCAGACCACACGTAGGAATGATTGCGATCACCCGGGTAAAACCGTCCACGGAAACGCAAAGTGGACAGGGGGTGTACCACAGGCGTGACCGGACTTTAGCTGAAAATGTCCCGTCTCATCAAAACCTGTATTGCCGCGGGAACCCGAAAAGGATCCGGTTTCTAATTAGTACCGTCTTAAATCTTGCGTGGGTTGCAATCTCCTGCGGTAGAGGGGCCTAGAGAGAAAATCTACCATGTTGCAAAGCGTTCCCTGTTGCCTCCATCCCGACTAGTATGACATAAGAGTCTCTCACTCAAATAGTCTAAATTTCAGAGCTTACCGTAACGGTTGGACTACGGACCTCCCCCCAGGGAATCTATAGTTCCGCACTTTCAATCGTGATAGCGCGCGACAGTCCTATGCCCACCGGCTTACTGTGATGCACAGGGGCCCTTTTAAGTCGCTTGCCAAGGCACGAGCCCACACGGCTTCATCCGGGACAGCTAGAATTCAGGCATGCTACCATGTCTTTCCGGGTTGCGGAAGGCACCGGATAGCAGGACTGTTTTCACGAACCATTTCTCCAGCTTATTTCTGCAGAGCTGAACGAGGACACACGGTTTTGGAGCCCGCTCCTTCCCTTGCAAACCATCTCTCATCGGCACATTGTCACTAACTGTCTACTTCGAGCGCTTTTACCGCCACACAACAACTGGTAATGCGCGCAAAGGCAGCCAAGGATATCCCTATCTTCGGTGTGGTGCTCAACCCGGCTATCTCAACTTTCCCTAGTTGGCAGACCGGTCACTGTCCTCCGACATCATCCCGTAAGTATGTTGGTATTGGGTGCTTTACGACTTTTGAATC,956,51.36,Homo sapiens
SEQ_512356,GGACCTCGTGCTATCTTGGAGGAACTACATCGAGCGTGTCCTAACGGAAATTAAGATTTCTAGTAGATTTGAGCCACATAAAAACTCGGTTGAGCTGCAACCGAAGAACGCCCGCGATGATGGCAAAAGTACGCTTAGGTGCCGAGAGAAATCTGGAGAGCCGATGGATCCCCAGGAGAGTTCTATCGTGACGCTTCGCTAGTTTCTCCGCAAGCCCTTCGCATATTGGTTTTTCCAAACATGCATAGTTCTACTACCATACGCTTGGTGGAAATCAAAAGCTCAGGGATGTCTGCGATATAGCAATGGGTTTCGATTAGGACGTTGTAGGATGAAACGCCGCCATGGAGGGATGAGAGACAATTTAGCATGCGCCCGAGTAAATGACGTCCAGTCAAGAGAATGCGTTGTAGTTACATCAGGAATATATTCCCGGTCATGATAAACAAAAAATTTCGCCTAGGAAGACTGAAGCAAATATTGAACTGGCTCCCATGTGCGAAAAATTCTTCGTTTGGAACCCAGCGCCACCCCCTCCGACCACCGGTCCTCCACTGAATGGC,563,47.96,Caenorhabditis elegans
SEQ_247486,CGATCAAAGTTCAAGGATCTGATTGGCGAGGAGTACGATGAACAGCGACATACTCCGTCTTGTTGGTAGGTACGTAGCGAAGGAAACAACAGCTGTTCTAATGCCCTTGTCATTGATATCGAAAACGGTATACAGGTCTTCTCGGCCGAAGTTATATCCCACCCCTAGTTCGAGCAGTATTCAGCAACTTCGGGCAGTGAAATGACACCACGCACTCTTGATAGAGGCCGGTGGAGGTACCGGCGTGCACTCATCCGCACTTCAATGCTAGATAGAGTCCATTTTTTAGCAAGCGACTCTTCCTGGTGGAATATAGTTAGGTGGCACCCGTTTCACTATGGCTGTAAAAGAGTTGGGAAACAAAACGCTTCGAACAATAATGTGTTTATCTTTAAATGTGGGTGTGGCTGGTCAAATCCCCGTCAAGCCCCTTGATAGATCTTACCATCTTCTGTGTAGTGGACCAGCCCCTTGTTCCCGGGGTGTAACCTACGATTCCTGCCTTGGCAGGTGTGTCGGTATCTCCCACGCCCCCAGTTTAATAATTGCCTGGGGGCCTATGTAGAACCCGAGAGAGGTGTGTCCACAGCCTAAACAGTGGTCACAGGTTGAGATATATGCCTTACGACAGTCGCAGCGAGTGCAAGCAAAAGAAAACCTCGGGGTACCAAGGGTCGTGTCTCAAGGCACGTGTGGGGACGGTGGTGACTGGTTCAAATCGTTGCGTCAGGTACCAAAAATAGTCTCAGTCTGCAACTACGGAAAAACAATACTACTCCTCAATTCTCTCCTACGGCTTCTCAGAGCACGAACATCAGGTGTATCTCAGATCTAATGCGATTTTGATACCGGTCCATGCTTCCACGGCACCATCAAGCGCGCGCTATGGGATACGGGGGAGTAGGGGCTGTGGGCGCTTCGAGCAGCGTTGCTGCTAGCTGAATCGAGTTGCGTTCTCGTCGTATTTCCGTAACAAGGAGATGGCTCTGCTGTAGATTACAATATTCGTAGTTTGAATAGCCATCGGATGTTAGCCTGTACCGGGTCTGAATGGGCAGCACCTTGGCGTAATGGATATGCCAACTGATGACGGCGCCGAGTGGTGATATCGTATGCACACACACCGACACAAACGAAGCTCACGGAATCTGAGCACGAGGAG,1162,50.26,Saccharomyces cerevisiae
SEQ_247921,ATCCAATCAAAAGACGCGGACATCAGCAGAAACCTGCGCCGCTTGAAGTTTTCGAGCGGCGCGGCTAGAGAGTTTTCTCGTTATCATGACAGCAAGCGGTTCCGTTCCGTGACGCGAATTAGATCCTTCTCTATGACGCAAGGGTCCGCCCATCTGCCAGGTCGAGTTTACCCTTACCTGTTAGTGGACCCCTTCGGAGTGATACCTGTACGATATGTTATCGTTGCTCCG,231,52.38,Drosophila melanogaster
SEQ_325367,GTTCGGATCACGAAGGCGTTCCTCGGTTCTTTAGCGTAAGAGGACCATTTAGAGAGCTA,59,49.15,Mus musculus
SEQ_470698,AAACCTAGCGTCAACGGCTCGTATGTGAAGCTGCACCCACTTCGCCCTTTAGAGGTTGAGGCCCTACGGCGAATGCGTGTCTCCATCTATGGCGAGCATGCAGGTTCTGGAGTGACTGACAATTGTCGTCCAAATTCAATCGCAGTCATCTCAGTTCAGTCTACGCTGGCTGTCAGTTGGGATCGGCCCCAAGGCCCAATGAATCTGTCCGCCGTGCTAGGGCGTATGCCGTTTGGCGCATATGAGAGCCAGTCAAAATCCAGCCTGAAGTTAAATAAGCGCAATGCCAGTACCGTCTAGTAACGGAACGCAACCTGGTGTCTACGAGGGCTTGATCTAAGTACGGAATCCGGTGGGTGTAACACGAAATTGGCACCCCGCCTTTTCCGAATTGAGCCTGTAATACAGAGGGCTTCACGGCGACTGGCCATCAGCGTATCTTGGACGATAACCTCCTAGGATATGGAGTTCATCTAAAACAGTGTTAGACTCATTTCGGAAGTTGGATTATGACCCATACCGAGGCCCCGATGTGCACGAACACGTTACCAAAAATTCGGCTTGCTGAGGCCATCCCAAGTCGCGGACAGCCCTGAACTGGCCTGGCCAACTCTCGCCTATCTCGGCCGTCTGCCTGCGAATCACATTCTCCGGAAATCCCCATAGCATAGTGGAACAGGTCGATTAACTCCGTTGGCGCAGCATGCCAAACTACTTAGGTTAATACAATAAGAGGGTTGTGTCAATGACGACAATTTGTCGACCATGTATTATCCGTCCTTTGAGCGCATAATCGTTCTGGCACGTATAATCTCATCAGAGTTCAAGGATTCACTGAGTACGACCCGCGGCAAGACGGGCCGTGTTGGAGGCAACGATGCGGATCGAATTGATCATTTTGGGAGGGGAAGATGCTTAACTGCGGCTGCCAAAGGGCAGCAGATACGTCAGTTGGGGAAAAGCCCTAGTGCTAAAAATGGCCCGACCGGGCCAAGTCATCCGCTGATACATTGGATCGTGCTTACTGCGAAGACGACTTATGAAGAGTAAGCGTCGGAAGCTGCTTATTTTACAAAAACTATACCATACGCCACCAAATGGTCCTAATCCACTATGGATAGTTGGACGATTCGTTCCTTCACGAACTACCTACACGAGCAGGTACGTGGCTCATTCTGGGCTATCGTACTGGATCGGTTCTAGAAAACGCTACATATATTGTGTAGCCCAGCACGCATAGCGAGATGCCCTGGAGCTGGCTGCCCCAGTTGGTAACAGAACGCTATGGAGAAAACTGATCTTGTCCCCGGACAGCACTCACTAGCCCACGGGATCAAGGCAGTGTCTGACTTAATGGTGTGGCTTAAATCTCTACTTTGACGCACGACCTACCCTTTATGCTCAGTATGGAATCAAAACCGAGCAGATGAGACGCATCCCATGTCTGCTTACGTGGGCAGTAAAACGTTCCATGGTGTGGGAGCCCTCGTACGGCACCCCACGTCCTACTGGGCGTATAATGTGATATTGTACACCTCATGCGTTTCCAAGAAGCGGACCCGC,1563,51.18,Caenorhabditis elegans
SEQ_715483,CAGCTTTACAATGCAAAGAACGAACGTAGGCCAATATTCTTGAATATTCCCACTCATTCCCTTCAGACCCCAATCGGCTGGTACTATCCGCCCTATGGGATCTCCGTTCGTCATACATGGGCCAGAACCGAGAGAAGGAACTATTAACTTGGGATCTCTAGCAATGTCCATCTGGAAGATAGGGCCATCAGCATGGTAACATGGCTGTCAGAATCGTCTACAGCCGCTCGACGCGTCTGGTCCACGCAGCGATCGCCGAGCCTTCGCCTGCCTGCTCTCCACTCGAGGTGAAGTTAGTGCTGCCTCGTCTCAGTTCAATAAACTACTGGTTAATAGTTAGACCTACTGGCGTCGTTCGAAAGTCACACGATCAGTAAATTTGAGTGCGATATTTGTTAACACGAGATTCCAGACTCCCGATTCATACGCGCCTACGAAAAATTCCCGGGGCGCCTAGCGGCACACCTAGATGAGTTCGCATCGCAAGCACTGGTGGGGCACCCAGCATCCCGATTTCGGTCGCGGGCAACGGACCCAGGAGATTAACAATGAGCAGAAACGGGACCCGTGAAGTGGACACTGGATACCAGCGCCGAATGATTTCAACCTGGGCATCACTACTTATTTCCCCATCGGTCGTTATGGTAAGGCACGACCACTGTTTCGTCGTTATAGAGGCCGCTTCATCTCTGTATATATGTAATGAAACGTACAATATACTCCGGGACAGAATAAGTGTACACGAGTAGGCCTTATTCAGTGGAAGCTGCTGAGTACGCATATATCAATTCGTGACGAGCGGGAACTTTGGCCTCAACGTCAGCTCCTGATGACGCGTCGGATAACCCAGAAGGCGTGGCCGGACAATTCCTTTGCCTGTAAGTCAGCGAGTAAAGTTTAGCCTAACATTAATTAAGGGAGGGATAAAATTGACACCCTCCGATAAGCAAATAATCAAGGAGAACTAGGACTTGAGTAGCGAGACTAAGGCGAGTCTAGCATCGGGTCCAAGCAACACAAGTATAATAGAAAGAGTCGGCTGTGCTCAGAAAAAAGAACCAGACGGATGTATGAGAGGTAGCTCCGACATCTTGGCTGAGAGTTAATCACCCCTCGCAGACGAATCCGAGCTAGGTCTGGATGTCTGGTAAGTAACGATTTCCTCTTGCCTACCACCGCGGGTCTCATGGTCGGCAGTGCCTGTGGCTTTTCGACTAGGGGTCAGACAACTTCTCCCTGTAGACTTGATCATTCCACCTGCTGCCCGCGTGACGACTACCTGGTGGACATGTGGAACAGCCGCTACATCCCGTACGTTTACCGACCGGCAACTAATTTGGACCCACTAGTTTTGCAATTGCCTTGTACCATCATCGGGAAACGACCTACTCCATCGACGTAGGGCCATGTCTCGCCCTCCCCGCAGTAGGAAATCTAGTGCACTCAATTTTATGCGTAAGAGTATCTCGTAGCGCGAGGTGGAAACACGGAGCCAGATTGCCACTTCGTATGTCAAGACATTCTTAACTGTGCTACAACCGCACAGAGCCCCGAGGTAACGGGTGACCTAGTCCCTAAATATCCCTACCCCACGGGATGTGATTGGAACTACTGAGAGACGTAGATCCGGTCAACTTTCTGCCTAAAATCGCAGCCACGAATTGAACGCCAAGACCCTCATTGTTTGTGGAAGCATATAAGGTTACAATATGGGGTAAGTGAAGGTAGGTTCGACTTTACGACCACTTAATGGATCTTCAGGATAGGTCAGGTTGCACTCGTTTGGTGAAGGGACCCTCAACCGGTGGCAAGGTCTTTCAAAAAGACACGTCAGGATTAATAGTGCGGCAGCCTATCGGCGCCAGACCTGCCCGCGTGGGGC,1882,50.53,Drosophila melanogaster
SEQ_696418,TGAATCTGTATCTACCGCCATCTGGCAGTCCCGCTCGGCCCCCGTTGCCGTTCTGGCATCCTGTATAGAAAGGGGTCATACTAGCTTACCCGGGATAGACACGCAAGGTGCCGAAGAGTCAGTTTCTTACTTCGAAGCGCTGATGAGTCGCATCGGTGTATAGCTCGGGGTGCCCGCGAAAACCTGTACTATTGGTCTTAGAACCGCTTTAAGCAGCCAGAAACCCTCGAGCCGCAGGAATAAGAAGGCATCTTTCTGGAAACTGGCTAAATACTATAGGTTCCCATTGGCGGAGTAAGCAGTCCTCCTGAACAGTCCTCACTGTCACCTTTCTGTTCAATTATGAACGCTGAAGGGTAGGTAGTTTACCTAACGATAACATAACATCTCACATAGACAAACT,403,49.38,Homo sapiens
SEQ_749068,GGTTTAGTCTGATAGCATCCGCAAACACGTAGACAGGTTACCAATGCTAATATCTTTAGACCACGCACGGATATAGGAGGCCTGATATTGCAATCTATGCACAGACGATGGTAGCTTCAACGACCATATATCCGATTGCCCGCAGCTTCCAATTCAATTACGCGGCCTTGCCTAGTCAGCCTAACACACACACCAACCTACAGATGTCCAGACATGCTCGGTAGCGCAGCTAGTGGATAGTCCTTATCAACGGGGACAGGGTCTCTGGCTGTCGGGACGTACAATTTGTGAGACACAAGCTCGACGGCTGATCCGGGGGGGGACTGTCAATACTTGAAGACCCGTGTGAGGCAAGACTCAAAGGCGCTTGGGACGCAAGCATCAGGGATAGATTTCAAGCTGCTATCAGGATCTTACTCCGTCCAAGTCTGCACACGCAATACCTCACTAGCAGGACAGGGGGTGTGAGGAATGACCGTCCAATCAACTCAGTTTCTGTAACAGCGATACACTGAGTGTAGACCACGTGGGGGTGTCAATTAGGGTCGCTTCTGGGCACTATAAGGCTGTCTTTCAACTCCCGGGGATTATCCGAGTGCACAACTTCATATGGACAGAGGAGTAATTAATTCAGGAATCATTCCTCGTTAAACTCATTCGGCGTCAAGGGGGAACGTCGCATATTACAGGAATCTGGGACATATGCGTGTCAGTTAGCCCGTGGTGTCACCGGACTTACGAGTTCTTTTCCGGGGCCGCCGGCGTCCAAAACACGTCAGTAGAGGAGCTTCGTCGATACATCGGACAGCCTTCTTTTTATGGACCTTGACAGGGTGAACAACCTTCGGCAACATCAGCCTACTAGCCATCACTCGCGACAGGCGCGGATCCAGGTCTGTGACGTTCGATCTCGGTGAGCCTCCTCGGACGAGTAACTACTCAGGTGGTACGCACCCCCACTAACGATAAGTACCTCACCGCGAGCCTCCCGTGACCCTACGCTGGGAGGCATCTTTTTCAGCCATGAAATGCAACGCACTCGCGCATACTTCGCAAGTAGCGTGTAAGCATTATAGGCTCGGTAAGACTCAATGCGCCCATTTTACCGCTCACATTCTCGGCGAGATTGAGTGCATGTTATTGCCTGCCCTTACGTGCCTCTCGCCGCACGGCAAAAGAGGGCGCGATGAGCCGGTCTGATCCAAAGCATTACGTATGGACCACAACTAAGCCCCTGACAGCCGAACGTACTTGTTCCGCACGGTCTACTACCCGCAGCCGATGATCTTTGCTCTCATTTTATCCGTCAGGTGTAGCATTGACTGCCGGCCTTTACGTACAATCGGTAAGCAGATCGAATAGGCGGTACTAGTAAGGTACATAACCTCTCTCCGGCGTTCCAAGAACCCCGGCAGCAGCAAATCGATTACGCCAGGAGCGTCATCCAGGGCGCGTTCGTAAACCAAAGCTGGTGCCCTCCAGTCCGCGGAATGTGTCCGATATTGATACGTCGGCGACGAATAACAGAACAAAGACCCT,1539,52.44,Drosophila melanogaster
SEQ_448863,TAACTCTATAAGGATGTTCGATCGGAATCGGTATTCAATAATGCTAGCTAACGTTCAATGGTCTTATCGAGGTTAAGTGGTCTCAGCAGACACGATCCAGGGTTTACTATAACCCTCGAACCCCGATGTAGACTAATCTTCGCCAATACATTACCCTGTCCATAGACTAATTGCGCCTTGCGTGCCTTCACAGATCCGGAAGCCGCCTAGGACAACTGTCAAGATCTTAGTTGTCAGAGCTAAATTCAGAAACGAGGTCGACCGACGTTGGATCTACCAAAGATATGCTGTGCACGGGTATACAGTTAAGATACTAGTCTACCCTTGAGTTAACGCCTATAGTTCTGGCTACACCGAGCCCGTCCGACGTACACGCTCTACTACGTTTACCGCTGTCTAGAGGCTAGTGTCTGCCCATTTATGTCCTTCAAGCCCCACGCTAGGAGTATAGGGACCATTTTAATGCGTTGGTGAAGATTTTAAAGTGCAGGCCTCGGCAACGGAATTTGTCTTTCGACCCCGCCCATAAGTTTGACGAACTCCTCATCTGGTTCTTGCAACTGGCGCTAGTTCGCCGATTGGCCAGCTGTACCCGTCAACTAATTAGCTCAATCCTACTGCGTGGGTGAGGCTTTTCTGCTATGAGGGCGGTTATGGGGGACAAGAGGCTAACCTCGATTTCTATCTGATGTTACGCGATCCGTTAAGGTGCATGTTTTGTACATTATACCGCATTGATATGTACGCCTGGAGAATCTCATTTGTAATTCTAACTTGGGCACCCATGAAAAATAAGCGATCATACGCGCTGTCCGATGAACCCTGCGGCTCTGATTACTAACTTCACCTCAATTCAAGCGCGAGCAAACGTGAAACGTATTTCTCCACATGGTGTGCCCGCGCGTTAATCTTAAGACTCTTCGAGACCACCAGAATCGGAATCTATCGCCTATCATGGACGTCTAGGAGGTTTGTACCTCTGTACGTTATTGTCGGCCACGGGCGTTGTCTAACTAGGCCGAACATGAAATATCCCGCTAGTCATGTAGATGTATCGGAGACGTGCTTACATTAATTGGTCAGAGTGACTGATATGACGAGGTCGGAATCCTAATAACCGGGGCTACAATTTGCCTCGAAGGGTACCATTATAAGCCCCAGGAGAGCTTCCGACTGTAGAGCTAACTAAAACGGTTTGGAACGGCTATCTACTCTCCCTGATACCGTAAGTCGGAGGAAGAAACGTTCAGGGTCCGATACACAGGCGCTAACCCGCTCGGCTGTCGCGGCGACAAGAAAATTGATAGACAGCGGCATATTTCAGGCCCCAGGTACGGTGTCCGGCTCCACCGTTTAAGCCAGAGTAACGCGAGAGATAGTGAAGCCAAAATGGCTCAGTTGTATTAGCTTTACGTCCTCCCGCTGCGTAAAGATCGACATACCCTTTAATGTAATACCGGGAAACCAAGCCGGCAACGACTGCGCTGGGGAGATAAGCCAGCGGAAGCAATAAGCGCTATTATAGAAGCGGAAATGAGGTTTGAGGACTAGCTCAAAAAATAGACTCTAATTATTTGCGCGTGGAGTCCAATTAGGGGTAGCAGTCTTCAGTTAATTTATGTTGGTTATGGCGCCGCTGTGCCAGGCGACGACGAGCTCCCAGTGCTGCAACGAACGCAAAGAATCGGTCTGCCTCCGTATCTGCCTCGTTTAGGCCCACTTATCCGACTAGTTTGGGCGTCACCT,1746,48.74,Saccharomyces cerevisiae
SEQ_920070,TTAGCCCGTCACTGCCCAGGGCCGTCTGTTGTATAATGAGCCCGAGGACTCCTGTCTAGCGGAGAGCCCATCTGATGCAGGCTGAATTAACGCGTGACTAAGGATCTATGATTATGGCAGCTTAGTAGGGAGGAAGGGTCCTAGAAGCGAATCCGATGGCGGAACCTCGGGCAGAGAACATTAACACAACCCCCGTGGAGTTATCGCATCCGCAGACACCATGCATAGCCCCACCCGGAGTGGTGTCAAATAACTTCGTTTGCGCGGCCACGTGGGAGGTTTGAGTGCCAGCTACAATCGTAGGTAAGGTTAGGCCGGTGCCTTACCTTCCCCTCAGCCCACAGCCGTCGCCCACTATTTTTAACGTTCCATCCCTCGCTGGACAAGAGGACGACGAACATCCTAACTCAGACTATCCCACGATGCGTACCTTAGTCGGTGCATTTTGCTCTGAGGCATCAAGGACAGCTTAAAATGTCCTGCGTGCGGAATCCTTTAATTACGCAACTTCGCTTCGGATTGGCTGCACGTCTCCCTACATGTAGGGCCAGTGCGGGAGCGCAGTATTTGTCAGAGTTCAAAGAAAGCTTTCAGGCTATATAAGGAATAGTGGTCGGTGACTACTAGCTCCGATCTGCGTCTAGGTAGGTTTCGAGACGGGATCTCACAAACGCCATCCTGTTTTTGCGCGTGTCCGATTGCAATTGCGTATGGTACTTCATGTGCCACTAACATCACACCCAGTTTGTATCCTTCGGAAAGGAATGACCATTTGGTGAGTCGGAATGCATCGTTACGCATGGCCGTGCGACCCGGAACATCGACCGTAGCGGCCGGGTGTGATAGATACATTGGCCGAGGGTGGCCCTGGTGGCCTTGCGTGCCAACTTTGAAGCGATTTCTTCCACAACTATATGCCCATCCGGGGTGACGGGTGGGTACACAGCTTGTGTGTCGTTGGGCCGAAACTTCACGTAATGCTGGTAGTCGGAATAACAGTGACTAATGAATGCTCAAAACGCCGGATAGATGAGGCTGATAGCGTTTTGCAAGGCAGCTGTTTTTCTAGCTAGAAAATGGAACCTGGTGGGGTATCTCATTTTCTGGCGTCTTTCCGATACACGTACCGTCTTGCTCGGGGCAATTAGTGTAGACCAGGACCGGGAGGTTTCCTTCATACGACATACGGTACTCCATTTTACCCACTGAACGAGTCTAAATTTTCCGACATATTTTCATAGATGGATTGATGTACCGCCAACATCCACTCGCAGTATATTATTGTGTCAAGTCGTTAGGTGTCATTCAACCCAAGGCCGCGCCGTAGGGACGACACATGGTTTCGACTTACAACCTACTTTCGAATTCGGGATCAGAACCTTAAGCGCGCGACCTGGCGCGGACAGTCGCATTAGTGTTGTCAGCTGAGGTAACGCCCCTTTTAATGGGAAACTAGCCTTAGAGTAACGCAAGCGATTTACCCGGGGCAACCTCATGGTGCT,1502,51.46,Homo sapiens
SEQ_914265,AGCTAGGCTCCTGCTCCGATCATCGCACCCTACGCAGCTTTCTAGAGTTAATGCATTCAGTAGTCTTGCTAGCAGGGGCGCGACTTATATGTTACATAAGTACACGTTAGTTATGATTCTATTTATGCTCGTTCATTGATTCGATTATTCGCCTGACACACCCATGGAAATTGCACTACGGCCGTCGAGGCGCATCTGCCGAGTCTTCGCTGGTTCGTCTGTAGGTCAGCGAGAATGTAGCGGGCGATGGGCGGTGCATGCTTCCACGCTTTGTAGTAAACTTCCAACCTGCGCGGCTCCGCGTTACTCGAGTATGGGTGGACCCACCTGTTTTTAAATAGCATGTTCTAGATAAGAGTCGCACATGAGATATCTGTCTACGGATACAGTTGCTGCAAGGCACAGCAGTGTATAGCTGCTCCCGGACTAGCGAACTGTCCTGGTTGGGCGACTTTAGGTCTATACTACAACGACGTCCCCTTTCACCGATGGATTAGAGTAGAGTCGGTCTAAGGCGCGCCCTTTCCTCGTTGCTGGCTTATATCTGCGCCGCCTTCCCCTCGGTGTCATACAAGCTTGCGCCACTAGGGCGTTCGACTTTAGAATCAACTCGCGCTTATTTCTCGAACCTTGAGGAAGAGTTACAGCACCAGTTGTAGACAAGCGTAGGTCTCTATTAAAGAGTTAACCAGCCACCCAAAGGAGTAAACAAGCTAGACCGAGTCGATCGTGGACGCTACGATTGCATATACCGTGTAGGGAACACAATCGAGCGCTCAAGTGCTTGCATAACTGGAGGGCAGAGACGGAATTTCTAACTGGAGCATACCTTTTTG,836,50.12,Homo sapiens
SEQ_656024,CCAGCGTAGTGCCTCTTCTAATCCCAACGAATGCGTGAAGGTGCCGCGATGGAATCGAAGTCGGGTGCTCATATACGAATTGAACGGTGTGTACCAAAAGTAATAAATGCTATATTTCTTGGTCGCACCGGACGTATTCGGCGTCACTTTACGCCGGCTTCTCGTACGATAACGTGCCATGAGAAAATTGTCTATTGGTAGTATCTCACAGTCCGGTAGGAGGGTATTTGCAAGATCAGTGGCAAGCACTATTGCGTGTTTGTTGCGCCACCAGATCCGCGACGA,285,49.12,Drosophila melanogaster
SEQ_429308,TTATATACGAGATCACGTCGCCTCGGCTAGGCGCCTAATATATGTCCGCTGATGGGTAGTTTGGCTAGCTTGGTCCCTTGAGAGACTCTTGGCGGAAGAGAAATGGCAGTGAAGTGGGGCAGGTCTATACGGGGCCTAATACGAGCCTGGGAGACATGATCGACAGGGCCGTGATAAGCCCTGAGGGCGGCACAATTGCATGTTCCTATATGCACCTTACTGCCGTCAGCCTCCCCACTGGGATGGGGCTAGTATGAGTAAGGGTTATTGCTGCTGAGTGGAATTACACTGGTTTTTGAGCACCTCGGCCGAAGATTCGTATGACAAAGGATTAAGATCGGTAGCGCAGAGGCCTTAAGTTTTCTGACCATGAGTACCAGTCATAGGTCCGCTCAGGTTTAAGGAGGGAAAATTCTCCATTCATGCGAATAGCCCCCCTTCGGCTCTCTTTATTAAGCCGGCATGGTCTAGTGCCACCTAGCGACCCCCTGGACGAGAGTTGGTTGCTCCATTTACGGAAACAGCCACATAAAACGCAAACAAATCCCGATGTGGGGCAGCTCGAAGACGGTTGGGTAGAAATGGCGAAGTGGCATGCATGCGATTTCTTGTGTAGATTACGGGCAACTTTTAATCCAGACTGTCATGTGTGCCTTTCTAGGAAAGCGAGGACACGATATTAGTATACTAAGTTGGCAATTCGAACTCCCCGCACACACTGAACACGGGGTCAGCCTGCGCGCCGCGATTGAGTTATTATTCAATGCTCTTCCGTTGTTACCGCTGTTTTAAGGTTCTGTAGCCAAGTGGCTGTCCACAGCGTACATCCCCACAATACTTGCGTAATGAGGCCCGCAAAGGTCATAAGCAGGATCGGGGTACCGGGGATCGCTCAGCGACGCCCGGGCCATTTGCTCACTTTGTGGCGCGTTAAGAAATGGTTTGCTAGAGCTACCCTTAAATAGCAAGATAGAATGGTGACACAATGGACTAGTTAACCCGTAGCGGTTCACCTACCATACTTACCCGATCCTGGACAGCGATTTTATCCCGCACTGAATCATTGACTCGTTGAATCACTCGTGATAGGAAACAACAAAGGCCGGGGTCATCCGTCACTCACAAAGCCTTCCCAGAGGAAAGCGAATACCCCTGACGTGTCGGTCCTCTCATCACGCCGGAGGTTGGGATCAGTCAATATGGTGCAGGTAGTTGGGATATTAGTGCATGCGCATTATAGAGCGGAAAGGCGGTCTCTTGTTAACGTTCCCCAGGACGACCCTTGCACCGACAATGGAACCTATCACCCTTTCCATGCGTGAGATCAACCGTGTAGAACCTGTAGCGGCTTGACCAAAGTGTTTCAAGTAAGTTACCGATATAATATGCACCGGGCCGCCGTAGCCGGTATCGATTCCATAACTAGGCTATTTGAAACACG,1441,50.73,Saccharomyces cerevisiae
SEQ_515972,ACTCCAGGGCGTCCGGATGACCGTGCCCCCGTGTGTTTGATAGCAGTCGGTGGGGCCACATCAATAGCCCACACACGGAAGAGTCACGCGGTACAAACGCCGTTTAGGTTGTTAGTCACTAGTGCAAAAGGTGTCGCCCGGTAACTGGTAGTCACGAGTTAGGGTTCTGTTACACGCTTTTCGGTCAACCGGGAAAATAACCTCCTACGTTTAGGCTATTCTAATCATGATTTCACCTAGTTGTGTTTTCCACGAAAGTTTGGCTAAGAGCATCGATGCTCTGCGCCCAGGTTTACATAGCAGCCTCAACTGACGTGGTGACTGGCTAAAGTAACTCGGTTTAAGTCGCGCACGTCAGCTGTACACGACTCTGCGCGACCATGCCACTGTTACACCAGGCGGGTGCGAGCATATCCACTGTCCCCGAACTCCATACTATTTTATAACACCCACCATGACCCAAACGAGTAGCCCGGCTTTGTTCGGGCGGGTAGGTGTTAAGGGAGGTAGCATACCATTCTCTCCTAAGTCTCCAGGACTGCGATGGAGTTCTAAGTGGTGCGGCAGCTCCTACGCAAGAAGGCCGCATTAACGCTCGGATATATCAGCACTGCTTAGCATCCCCACGTGTGAAGTATCACAGAGGTAAGACCACACCTGAGAACTCTATCTTACCGCGCAGGACCATGTATCCGTGATGTCGTAGCGTCAGCAAGGAACGAGAGGGGTTCTTTGGAATCAAATAGATAAACGAGTGTAGCGCCTAGATCTCCGCGTCCACCCATGTGCCTGAGCGATTAGCTCAAGGATCAACAGTGGAAACGCACATACGAGGTTTCCCGATGTTTTTCTGGAATCGACTAAAAGTGACCCACTCGAACTGTCCTCCAAGATTGCTAGGAGCACGATATTTGCGGGTACATTCTACCCCTCGGGAAGCAACTGAAGTGGATGATGTTTCGTCATTCCGCTCTGCTGAGATTGGTAAGTGCGTAGCGATATCAGCAATTTCTGCCCCGTACCGGACGGCCAGAGCGTGGCCGGGCACACGTAGCTGACACGAAAGCCCGGTTTTTGGCTTTCGCCGTGGATGAATTCGGTAACACATGAGACACTGCGCCCAAATTTAGTCAGTCGCTCAGATTCAAGTGACGCTCGACCTAACAGACAGAACTTGCGCCGAACAGTCGATGGGAGCCTCACTCACGCGACTAA,1215,52.02,Escherichia coli
SEQ_156894,CTGCGTCCCGGTGTAACGTTATCCATCCCATGTGCGGAACGGGGGACGTGCTACCTTGCCGCCACCCATCGCGGCATGCCTCAAACCAGGCAATGGCTGGTACAAGCCGTAGTGTAGTGAAGTGTGAGCGGCCACTGAGTTTTGTAAGATGCCCGACATTATTTTCACAGCTTTGAAATCCGAATTCTACTCCATGCTGGTGGGATTGACTGCCACACCTTTCTATAGTAATGTGTGCGAAGCTTGGCTATAAATGCTCCCTCTAAGCTCAAGTTGCTTTTATCGGCAGAGGGTTTCTTTTTGGAGGGGATAGCATACTCAGCTTAACCCATCCGGGCGGCGGCGGCTGTGCCTAGGGCTCGAACAAAATAAGCGCTAGTGCTACCCCCCCACCGTACCCCTGAACTATAATAAATTGGTAGAGCGAATGTGTCCAGAGCTTAGGTAGTATTGTCATGTTGCCCATACACATAGCTGGGCGCAGTGTTCTCGAATCCCGTTTCTTCACCCAACCTCGCTGGGCCAGTCCAACAAAATCCTTTCACTACGGATATACCGTAGGAATAGTGGCGCATCCTTGCCGAGGTCCATCCCATTTACTTCTATCTGGCAGCATGTTTGCTGGGAAGGGCTGTCTAATCAACGTGTGTAAACGGACCTCAGGTTCCTACCATTTGATGAGTTTCGCCTTTCGGGAGGACCGCATACTAATACTGATTAATGCTGTTGGAACGATCATCTACGCGGTATGACCGCTTGCTCCGGAAGGTCTGGGCACAAGAATGGAACAGCATTGGAGTTGTGAGGGTCCTCCCTAAGGACTTCGAGGGAAAGTTTTAGCGTCCAGATAAGACACCCGACCACAATGCGCGGCATCTATGCTCTCGTGGAACTCAACCCTAAAACCACTATTAGCTGTTCTCAACTAGGCGCATAGAAACCCTTATAGAGCACTAAAGATTACTCCCTGATGGTTCAATCGCGGACGGTACCGTTCGCCGAGACACCTGGAGTATGGCTTCTAAGCATAGAAAGACGAGCTTGGCCGTCATTATGTGTGAATATTCGTTGTCGTACGCCTGTGCACACTAACATGCTATTGCTTAGGGCCACACTCTAGTCCAGGTCCCTTCGACAGAGCGGTTTGAGGCGTATAGGTCGCTAGCCTGTGCCCGGGCGGTTGAACAAGAAGCATGGTAAAAGGCGGTCGCCTGCAGGAGGTCAGACACCCAGCCCTGTCCTGACGTTGAGCCATCGCATTGCGTGGTCCTCTTGTGCGATTCCGCAAGTCTCAAATCAGAGGTGCGGCAACTCGAGGTACGCAAATACGCGAGACCGCCAAGCACAGCGAGTCTCGAAGGCCGAGCCAGGGGTTCTGTCATGTAGTATTCACTGAATAAGATTTTCCTATGTAAACGGTTCGTGGCTAATCATCTATACGGGCCGAACAAGCATGGAGCACGTCAGAGGGGTTACCGGATGGAGTTGTTATCAGCTCTCAATACGACCGTCTCGCTTGCTGCATTCAACGCTGGCTAGGTGGTGTCGCCTCTAGTGCTTTCAATCGCCGGCTACAACCTCCTCCTTGGTGCTGAGCGTTGTCTACGGAGTATAGATTGAAACCTACTGGTCTTAAACTAAATTACCGAAGGAGTACAACCACTGCTTCTCCACTCTAATGGTGAGCGGGTCCTGGGCGTTCGCGTTTAAGGGCATCGCCTAAGGTCCAAGTTCTTCGGTCAAATATTTGTGGACTCGGACGATGGACCCATAGGTACACCGAAAAGGACCTATAGCTAGAAGGCAGCATTGCGATCT,1818,51.38,Escherichia coli
SEQ_129196,TCTGCCAAACTGGTGTAGGCTATGGTGGAAGTGGCTCGATCCTCACCGTGGCGACCCTTGTCTCTCCCGTCATGTGCCTGAGCAAAACCTGAGCTAGGTGCTCATGTTGTCGGGAATTATACGATTGGAGTTCGTGACCCTGTGAAACATGAATTTGTGACCCTGTGGGAAACACTGAGCAATAATCAACCGCGATGGGAAAGCCGCGGTGCTCGCACCCTGGTTGTCGCATGGCATCCCCTAGTACGTCCTGCGAGCAAGCCCCTAGCGCAATTGGACGGGTATAACACTCAGCCATATCAGGGATCTGTTGTTCAGCCCTAGGATCCGTTGCGGCCCGACGTGGGCCATTATCCGGGCATGATCTTGTGGTCAGGATTGAAGTCCGCTCTCTAAGCAGGAAGCTTCGATCCCGCAATCTCATCGGGGTCTAGTCGATGTTAATCACGAGTCCCTGTGAACAGAATGGGCCCAGTTATGCGTAGATGGTATCGAAAACGCGACCTCTATGTGCCTCGCTAAAGGTGCGCGATATGGGTAGCCACCTGAATCCACATGTGCGCCCTATTCCGGTAATCGGGTTGCGTTAATTGATGGTTAACACAGCCAACTAAAGCAAGTCTGACGTTCAAAAGTGGTGCCGAGTGTCCACACGCCTCCGTGATCGTTCCCAGATAACTAGCTTATCCACCCCATGGGTGAGCGGGTATATTGGATGACCAAGATTGTCTTTAACTGACAAGGGTTTGTCACCTCAAGCAATACTCATCACTAGGATGATTGCATTCGTGGGACTCGGTTGACTACCGCATGCTTGTGCGGCCGCAAGAATGATTGGTTACGCTCATCGTCATGGGGCGGCTCCGCGAGGCCTATGTTGGTGAGCTAGTGTATCTGCCTTCGAAGAACGGACGCGCCTTGTGCATACAACATTGGTGCTAACACGAACGCAGGCTGAACGCGCATGTGCTACTCACATCGGTTCAACAAGCATCAATGGAACGCGTAAATGGAACGGCCAACTGTTATGCACGAGGAAACACATCCTCATGGTTAGTTGATCGGGTAAGCGTCCCAAACGAGAAGGACGTTCGGAGTGAGTTTTCTTCTTCTGCACCGTGTGACACGGAGCCTAAGTTAACCCGATCGTTGTCTTTAATGGTTAAGAACACTACTCCTCATTTGTTAACATTCTAACGCTAGTAACAAGTTTATCGCGCAGGTGGGGCGCAGTGAAAGGTCGCAGTTCAGCTGAACACGAGCGTGGTGACGCCGTGGAGGCACTTCGTATACCGTCATATTGAGAGTCAATCCGCGTGGGTGAGACGTCGATGGCCTTCGATCTGTTCATACCGTACGAGCGGCACTCCGCAGTCTTTGTCCGATACCTGCCTAGAAGGATCATCAACTCTGTCATCATATGATGGTGTATATCACGGCTGGGATGTACCTCAGAAAGACGCTGCTATAACTTCATGGGTTCAAAGCAACGCCACTATCCGGACAGGGGTGACCATTCTATTCGGCCCTCTCTCGTCCGCGTTCCCCCGACCGAGACGATCAAATTTTACATACCAAAACCACCCTGGGGCCCCGCGGTGCATTACAGTCGATGATAGTTACCGTTTACCTCAAGCATTCGCTCAGGATATGCGCGTGCACTTTGATGCAGCTGCCATCAACCTGATCTACGAGGATCCTGTTTCCTGCCTAATTAACTGGAGCATTAAGCTCGGCTACGGA,1743,51.81,Escherichia coli
SEQ_436645,ACTGGGCAACTCTGAGCCAAGATCCACTAGCACGGCTTGGATGATCCAGGTTGTAAGGTGTAGCAACTAGTGCGATAAAACCAGAACGCCACCAACCGATACATGAGATAGTAGTCCGCGATCGCTGCACTCCCGTGCGGACCTAAGTTTTCACGGCAGGGGTACTAGTATCATCCTAAGGTACCTACGCTGCTTTCGAAGAGCTTTAAGAGATAATACTTCTAGTTCCGGCCTGAAGCTTGGCAGAGGTCGCGATTAAATGAACCCTACTTGCATTCATCCCAAGAATTAACGACCCCCGTTGCAGTAAAACAGCATGTTTCCGACTAAATGGTGTTCACTTCGCGGTATTGCCAAACTCAACAGCCCCGCGAACATGGGAGTCCGTAATCTCGTACAAAAGGAGCAGCTAAATCACCGACGTTCCAGGAAGCCAACCGGCTGTTACATTAGAATAGCCGAGCTAACTTCTCTGTGGGCGGTGCCATTTGCAGTAGTCGGAACTAGGATCTGATGTGGCGCGATTACCGCAAGCTACGAGGCATCCAATTCTTGCTTAGGATGCGAGTGCACGAAAGTTCGCGAAAATCTTTGATGTTGAATTCTTGTGTTCGTATGTTCTACGGCGGTCTTCTTCCGATCTTCTGCCACGAGCGACCTGGTGCGATCAAGCTATGCTATTCCCCACGGAGGCCGAGGGATTGATTTGGCCATACTGTGGGTCCAATGTGTTGACTAGTTCAGTACGGTCCGGAAATCACACGACCATGAAGGGTTGAAGAGAGGCATTACCGGTTTGACTGAAAAAATTATTAGTGCTAACGCCCATTGGAATTTTTTCTGGGGTGTAACATTCAGAAGGGGAGACGTCTGTATTTGTACGTACCCGCAATGTCCGGTTACTACCAAGATGAACCTTCGCTTAAACGCGTGGATAGCTTACTGACGATCCAACTATCTGCTCGCTATCTTATACACCTCACCTTTCAATTATCGCTCATACCTTTGAAGGAAACAAAACCGATTGGGTGCTTGACCTTTCGGTAATTTGTCCGAGGGAACTGGTGCTGCCCTCAACCCCCCCGAGCACGCGCGGCATTGTAACTAGAGGCATATCCATAGGGCAAGAAGACCTTAGGAAGTCCTGTGAATTTTCTTGAAATCCCACTACAGTCACCGAGCGCGGCAGTATAAAAGAAGTATCGTGCGCAATCCCGTGCGGGTAATACTGGGGCCTGTGGGCCTGGAAGTGAATAAGGTGACCATGCTACTCGTTATGAGTAGTTGTGCTTTGCTCCTCCTTCGCGTAGGTGAATGCCCGTGATGTGAACGATTGAGGACCATGCTTCGAATGCCGGCCGATAAAGAGTGGAAGACTCGGATTTCCGAGATTTGCGCATTGAGGGACCAGCTAGAGAGTCTCCTGTAGACGTGCTATCTTAGTTCAATGTCTACCTCCAACGATTAATATTCAAGAGGCGTGGTGTCTTACCGTTCGGCACTTGGATTCCGGAGGACCCTCTCCAAATATACAAAATGGGAGTGCCGGAGCATTAAGAGAAAGCTTCAATACGACTGCAATGACCTGCAACAAGTATCTCGGCACAGCGGGTATCCGCGCGTTTACTTACATTCTACTTGGATAGGGACGGCCCTAGGGACTATAGACAATGTAGATCGACACGAACTTCGACTGAAACTCAAGGCCATAGGCAACCACTATGCAAGAGGTGAGCACATCCCAGAAGAGTTCTCTGTCCAA,1762,49.09,Escherichia coli
SEQ_852040,TGCTCACTACAGATGTCGGAGTGTATCAAGAGACCTGCTTGATCACGTCTCTATGCACTATAGACTAAACAGACATGGCTAGCGAAGGCATCCTAATATAAGAAACTCCCCGGATACTTGCCGATTCCCTTCAGTAGTAGACTACTCGCCTAAGTTCGGGACAGGCCTTGGACATGCACTGAACCGATTTTTCCGACTGGCCCCATTAATTATACAAGCTAGTGTTAGGTAACCACCTGATGTATTGACGATGACATTAAGGGCTCGCTGTGAAGGTCGAGATGCTCGACCCATCGCAATATACCTGAGGAGGTTATGGTGGTTTCATGGATTAAGATTCGCCTTCGCCTTTAGCTTTCCGTTGTCCCTTCCGTGTCCTAGAAGGGGCCCCTCATCAATATAGCTAACCCTTCTCTCCACAGACATGGAACGTGAACAGATTGGGTCACTATGTAGGCTAAGACCCAGCGATCATTAACCATATCCACTTTGGTTCGAAACGCCGATGACATTGACCAAGAGGCATGTTAATAGCCATGGAAAACTTTTTCGAAGCGCATCTAAACTAATGGAACATAGTCTGCTATAGCCTCCTCCCGCCTACGCACTCATTAAGATCGACCCGGAACCGGAGCCTAGTAGTCCGGCTTTTTGAATGTAAGATCAACGTGTGGCGTTGCGTACGCTCGACGATTGACTTCTAGAGATCAGACTATGAATTTAGGTAGCACGATAGTATGGGCCGCTGTCGCACGATCGACGAAGCTGAATCAGCCCTCCTGAGTAGAAAAATGAAGGGGATTCGGCTAATCGTGTACAACTGCGTTGTGGCGGCATGGCGAAACTCCAATTATTCTCCTGAGTGCTCGCAGGTTTGCCAGGTCTCCGCGGCTTGCCATGTATACCTAGTCCTCTCTCTATCCAGAACGACAATTCGACGAGATGCTCTGACAAGCGCATGTAGTCTCGTGAAGGGTAAGAACCAGACTAGCCTCAGGTTGGCACGATGCCTTACGAACTAATTGGAAAACCTTAAGGTTTTAAACCGCTCCTAGCAACAAGGCCCTGTTTAAGTAGGTTTTCCAGAGCCCACGGGATCCAAGGAGCAAAGATGCTCGTTAGCAACTCCAACTTTAATACAATCTGCTGGCGAATGCAACGAGACTACCCAGGATAGACGGCGAGTATAATTCTATCTTTAGGAAGATGTAGCGTATAATCTTCCTTCACTTCTCCAGGCCCCATTATGGACGTGAAGGGGCGAACCAATACGATTAGTAAACTCCGGAGGTGTCTTTTGGTGGAGCGCGCTAATAAACAAAGCTTGACCCGTACATCTAAAATGACTCCTCCAGACATTGAGTCCATACAATTCAGTCCCCAGGAAGCGTGGCGCGGGTCTGGTCACACTCATGTAAACGCCTATGTGGTGTCAAGAATTATCAGCTTTGAACGAAGGTCCTGCCTGTGTAGAATGCCCCAGTGGTCCCCATATACAATACTTCGCATCCTAAGGAGAGACTGCCAACTTAAGGGTGGCGGCGCACCGTGACTGATCAACACGTACCAGTAGGACTGTTGTCACTAAAAGCTTAAGATCAGGCCAACTATCTGAGGGTTCGGCCTTATGGGGGGCGGACTATAGGACGCCTAGATGGACAGGAATGGGGGACGTCTGGCGAAGTCGGACTGCATGAATCGCCTTTTGATTTT,1713,48.63,Homo sapiens
SEQ_106065,ACGAACGAGGCAGAGTGCGCCACTGTGCGCCTTTACACTCTCTCGTTTATAGTCAATCAAAGCAGACGTCAGGCAGCCGAGCCTAATGGAAGCTGCCGAGTAATTACACAATTTGACGGAATCTTTATTCTGGGTTACCACGCGCAGTGCTACTGATTGCCCCGGCATCGAGTGCCGTTTAGGTTCACTGACGGGTAAGAGAAGCGCATTGAAATGACCGGAGTTCCAAGTCGACGGATTTACTTCGCTGTCAAGACCCAACAGGTTTGTCCGTTAGCGATGCAGTTGAAAAGTTACCCTGATCAACCCTGACTGGGCAATGTGTCAAGTCAGAGACTGCGGTACAAGCGCAGCGCCAGACTAGAAGCATATCCCAACGTAAGTCTATACGCGTGTACTGTTCCTCAAAATACTGGCGGTATGTGGTTTACAAATATTCGCGAAGCATCTTAATGATTATATCGGCGCACGAAAAATACAGGGACTTTCACGCGAGATCTTTTTTAGGGCTACACGTGATGAACTGCCGGTGGTCCGCGTGACAATCTGGTGCAGTTGCACGTTCACGGGTTTGCGTTCGGAGGGTTACATGCTACCCCGCCGGGCGAATCAGGATTTTGAACATTGAGGCCTTAAGTCTAAATATTATCACGGATGTCCAGAGAAAACTCATGCGACCGCAACCTGCTGTTATAGTCTAAACGCTAAAGTCCAGGGTGAGACTAGCATATCCTCTTCAATAGTGTACGCCCAAGGGCGACCGCAACAACGAATGCTATGTACTTGATTTCTTGGCAGGGCTACACCTGGGCTGCTTCGTCGGTTTTCAGATGGTACCGCGTGCAGTGGCCTCCTTGGGGAGTCGGGCCTCAGCGAGCTGTCCAAGGAGGAAGTGACAGCTATGATGTAAAGTGGTCCGTATTATCGGCAGTGGAGACACGGCTGCACGAGGGCGCGTGAATTGATACCTCGCTAGATGAAGACAGCGAGAAATCAGAAAGCAATGTATCGAGAATGTCATCGACCAGTGGCTATCCGGCTCTGGAACGCATGTGACGCGTACGTCGTCCGACTTACGGCTTAGGTATGCCGTTCCCCCACTAACAAAATTGACGCGTGTTTTCAAACCTTTGCGAACTAGTGTATAGCCTGTAAGTAATCAATATACGCATCGAGTCTAATGTCTATCGGATTCTGGGCCACTCATTCATCTTCGTGGTCTGTGCAATTTGAGTAAAGGCGATCTCCTGCTCATAGCAGGACCAGGTGTCGACCGATCAATGACCCGCTCATCCAAGCGCGACATGTGGCTTGTGGTGATCGAATTTGACCGGGCGCCGACCACGAGGCCTAGAGGTAAAGGCAACACGAGGGTCTAGACTAGTTTTCCTTTGTAGCGTTTAAACCGGTCTGTAGCTAAGTGGCCGGTATGATCGACCCGTTACTGTGGCCTAGAATGCACTTTCTCTTTGATCTCGTCAGTTTATCCGCATTGTCCGGTTCGTCTCCTCAAGGGCTTTTAAGCCATACGCCTTACTGTGGTGGAGGGAATTAGGCTGCTGGCCCTAAAGGAGACCTCTAATCGTCGCTGTCCGGGTAACATTTCTAAAGTGGGTCGGCGATTCTACATCATAGTTGGAACTCCTGCGACGATGTATTATTGCCCTCCCCAGTTTCATCTTCAATACCAAAGCAGCGATGTCCATGCGAAATTGAGGTTAGTTACTATTTGCCCATAGCCTGGCTAATCTGGTTCCTTTCTGGAGGTTTATTACGAGGGAGCGCTAGAGCAAGGGAATATATCACCCACTTAGGAACAAGGTGTATCGCCCGTGTCTTTGGGAATGTACTTGAGATGACAGTCGATGCC,1870,49.89,Arabidopsis thaliana
SEQ_585885,ATGTATGGCTTATTTCTATCACCCCGCCAACATTTGCCCACAGTTTCCTGCTTTTTA,57,42.11,Drosophila melanogaster
SEQ_488830,TGAACTAAAACGCCCGCTCGTCTCAGCGTCGTCCTCAGTATCTCATAAGCGCCTTTGCCCAAGTAAACCCCGACATCTAAGAAATATTGCCATTTGTGAGGGAAACGATGTAATTATTCCACAAGGACCCTACCCGCTCTCCCATCGGGTCTATTTGATTAACAATCTCGCTTACACAGTCTCCTGTCTACGTACCACCGTATCCCGAATGGGCTTTCACACTGGT,226,48.23,Saccharomyces cerevisiae
SEQ_551308,GCCGCTAACCGTTATAAAAACGTACCGTCTCACGGAGAAATGCAGCATCCTGCTAAGGAATCTAGTTCCCCCCTTCAGTGCCGCAAATCAAGTACCTGAAGACCATACGGACCTTACTTTCCTAACTTCGAATCACAGGAACATCCCCTTTCTCATCCTCAAACCGAAGGCACTGCTAGCCTCATCTTCTTCAGTAGGGAGCGTACATGGCCTGTCGATAGCCGAAATTCGCGGGAAAACCGATAGCTGATTCGTCCAATACGTAAAGGCAGGCTCCAGTCAACCATGCCTAACGCACCAGATCCATATTCCCTTACCTAGGGGTGAGCTTGTGATGGGAGGAGTCTCGGAAGTTGCCTAGCGGCTTCGGTCCGGACATAATACAGCCGTGCTCTGAAATGTTTTACAGGACTTCTAGCCGGAAATTTGTAGCAAGAAATTGGAGTCTGTCTAGGTAGCGAGCGAGTAACTGTGTCGTCACTTTTCGAAGAACTACCACTATAGGGTGCGTTTGCCTCATTGGTAACGTGGGCCTTGGACGAAACCTGCGCCTGTTAACCACCTAAACAGTAAACTGAGACTGCTACAAATTGGGACCCCCGGGGAAAGTCGAACTTGTGTCCGCTAGAAGGAAGACCAGATCCTACGCTGATATCACCTAGGAAACTGTTAGTAGTGGCGGGAGGCGCTGCGGGTGCAATCTGATTCCAATATCAGCTCTATAG,725,49.93,Saccharomyces cerevisiae
SEQ_542353,CCTTATGACCCTACTGTACAGCCCGGTGCGAAAGCATGCTAACCGCTTACTAAGATAAGAGCCAGGCCGCCCAGTAATAACTTGGCGATTAGGCGAAAACACATAAAGGTTCTAAGCAGAAGGGGTGCCCAGCCGGACAGGTGTTGTTGCTTTTCACTGGCATCGTGCTGAATGGACATATTAATACCTCCGACACTGGTTGCGCTTACCCGGCGACGTTCTATCTAAGTATACAGCCTCCCTGAGGAATTAACCTGAATATGTTGTTCCCGCTCCGGCGGAATACGCGTTTACGCGTAGCCGTTTTGTTCGCCAAGTGATAGAACTAATGTAACGCCGGTGCATCTGCGTGAAGTCGTCGCCTTCGATACAGGAGCACTATGTGTTCCTGGGGAACTAACGCCGAGTCGGTGCGTCCTTTGGGCCGATCCATTTACCAAACAGCAGTCGTCGGCTTGTCTCTGACAGCGCGAGCACCAAAGGAGAACTGCGAATCGTGTATGCTAACCACGCAAGCCCACCTGCACTCATCTACTTCGACACGAGCCAAGAGTCTACATAAGTTACCACGGCCGTAATACTGTGAACGTCGGTTGGTTTAATGGCCGGATATGCACTCGGTTGAGCACGGGGAAGTGAGACGAGCGTCAGCTAACTCCATGTGTCAGGATCCGCCCTCACCTTATGCTACCGGTCCGGCACTAATGATTTTATCAGGGCTAACT,725,52.0,Drosophila melanogaster
SEQ_348295,ACAACGGACTTGTGGTAAGTGACAACTTTCTGCGGGCATATGGTTACATCCAATCTCATGCTCCTTGTGGTTGATGCCTGAGTCGAGAGGCACCAATAGGCAAATCCTGTTTGCTTTCATGACGTCAGAATTATCGTCAATAGGGGGCAAATGGTTGTGCTGGAATAAGGCCGGTAGCGGGTGAAACATTTCGTTGTACCGGTTTCGAAGAGCACGGCCCTTCGCCTTTCGTCCCTCAGCTCACACGAAGGTCTTACGCACTTTCCCAGGTGCATGTTACAATTTTTTGAATAGTCTCGAAAGGCCGTCGCCGACCTGAGCGAGGAGCGCGTTTCCTGCGCGTAGCCTGAATACTCCGCATATCCATCTACTAACAATAGGGCGGACCCACATATGACCAGAATTCTGCGGGAAGTCCAGAGAGAATTTGCTACGACGAACAGCGATCCGTGACTGGCACGTCTCCAGTAGGGTACTACACCGACCAAACCGAGACAATCGTCTCAGAACGGATTAGGGGTAGGGGGTTAAAGGCGTTAGTAGCCCCAATCGCGCGTGTAGCATCAATTGTTGGCGAAGCAGGGACGACCTTTTCTCAGTTACCCAACACCTACTTGGTACGTCGTCCTCATGTGGAGCTTGCAGCGCTCGTCTGCGATGTGGCCAGCGATCGGGACATAATATTTACCCAAGACTCGAAGACGCCACTGAATAATATTGTGTAAACAGAAGGCCATTTCGTGGCGGGAAGCCCCGGAGAGCTTCGCATTTTGTTACAGATGTTGCTCTCTAGGTTAACTTTGGCGTCCTTCGCCGTGGGCACGGCTCGCTGCAAATTGCATAAGTCTGCATTGGTGAAAGCCTGTCCTGAGCCGTAAGTGATCATATCTCGTGCAGTTTGTGCAACTAAACCGTAACGGAATTAGGCTAGGACCATAGGGGTTTATAAGGTATAATTCATCATGTTTTAGGTCGAATGAAGGCGCACCACTGTTCTCTGCTAACTAACTGTGCGACGAGGACCGGTGGTAGTAAAACCGTACACCACTCCACCTCTAGCAAACAGCAGCAGTTCTCGAGAGCTTTCGTAATTCGCTTGTTTTCGCCGATGGGATTTAACCGACCCCTAAGATTCAGAAGACCTGGGACCATGTTGATGGTTATTCACTTCCAGGACGAGTTCAGTGATTGAAGGCGGCCA,1201,50.29,Mus musculus
SEQ_955413,CTGCAAACGGCCTTCCTGGTGCCGAAAGACCTGTTTAGCCAGCGGCTAGCTGTGATAACCGTCTACTCTCAATCTTGCTTCTTGGTACATTGGTTCTGCGGACTAGCCACGGCTTAGCCGTGACAAGATAGACATTATCCTAGACTTTTCTAAGAAGTTTATCATCGGAGAAGGAGAGCATTCGAGCTCATATATACGTACGTTCTGCGCTCCAATGGACAACCCTTAAAACATTAAGTACAGTTTGTATTTCTGGCTGTCGATTTCGTTGCTAGTCCCACACCTTTTACGAGGAAAGAACAATCGAGGATCGCCGCTCCATGGTGGGTCTGCCTTGTTTTAACAGCTTGATACGCGACTCAAGGCGCTTCCCGCAGTGGCCCCGCTAATAATCTCTCAAGCTGATGGCGTCAGGTGGCGGTTGGCGCGAACGGCCGGACAAAATTCTCGATCTACTTAGCTTTCCGCGTCGATGAACATACCTGTGGCTGATCTCGTGGGTCCGTCGGATGAACTCCCAACCAAGAGCCTTGATCCCACCATTACCCTCGATAGCAGAACGAGGTGTCGAGTTAGCTGAAGGGCTTTCACACAGGACTAATACAATACTTGAAGAACGCCAGCCGATCGCCCGCACCCTCCGTAGCGAACATTGCCACCTCCGATCATTCCCAAAGTTACCACGGCCAGCGTCACGAAAGGTCTAGTCTGGTGCAATCCGGCCATTCTTGGGCCGGGCTCGGGCTGTTATTAAT,755,51.39,Escherichia coli
SEQ_173897,TTTGGACCAGTAAGGCGAGTAACCTTCTCCTCTCGAAGGACTGCCTTTACCTTTACTCAGGTGAAGGGTAGAGATTTGTAAAACCTTGCGTAGATCTTTTGCATAACCGTATATGACTTACCCATATCGCCAATGCTCTTCGACCTAGAGTGAGACATGTATACATCTTAACGATTTTGGGAATAATCATCGTTATACTCCGCCTGGACTAAATTCGTAGTCCGACTTCGTTGTGCCTGTCCGTGGGTTAGCTACGCTTCTGACGCCCTCATTTCCTCTACCATTGTTGCCACTTTTCCATACCTCGCAAAATCTAACCCGTGAACCGGCAACGGTGCACACTGTGACCAGGAATCCTAGTCGCCTCTTTCAGCTTATAGTCACTAGGTCCGTAGATAGCCAAAGCAATCGCGGAATAATCTAAAGAGGCACCGTGTCAGCCACAAACGCGGTCCGATTTTAAATAAAGAACACATAGGACACAACCAAACGAGATAATCAAGTAAACTTCGACAGCCACTCGAAGGCCGAGGTAGGAATCAGTGCCAAGCCTTAAGTTCATGGAGGTCGAACTCGGGAGTCGAGCACGCCTTAGCCTGCTGGGCGCCTTTAGCTGTAGGAAGTAGCTACAAGAGGCGTGGGTTCATGTGTTTCCATATCCGTCACGTTCTTCTTTCTTGACAATTGCATAACAATCCTATAAATCCACTGTGGTGATACGTCATTAACAGAGAGACGCGGCGCTCCGTCTTGTGCCGGCTTTCCTCTGTAGTACGCAAATTCCGGGACCCACTTGATAATGTTGGCGTTTGGAGCTAACAATATGTCCGATTTATAAGACGATTACAAGTTAATGGAGCACTATAAAGTGAAGCGACTAGTCAAATTGGTGGTAGTTAACGGCGAGTCGATCTGGCCCAATATTCGAACGACGCTTCATCTAGCAGCTCCGGATCGGCGCGGTTCAATTTATCACGGGTGCTTCACTACTGAACTATACAGGCCGGGCCGCCGGTGAGCTCCTTAGTGCCTCTTGTTCAGCAACGATTGCACCTGTGGTTTTGCGCCACGGACGACGACATCAATGATATACACGAAGCCTTGTGTCTATGATCTCCGGCAACACTGCGGTTCGAGCAATTGCACCTCAGTCCGTGCAGATTGGGCTGAATAAGAAACTCGCTGATACTATTTGTTGCTCGCTTAGCTGCAAGTATCCCACAGCGGACACACATTTGGGGGCTTACGAATATGCTACTCTTGCACTTCATATAGCAGCCTGGATGGGGCCCTTGTGGCGTTTTACACTCTCTTCACGACTCTCAAGTTTTTCACAGTCGCCGGTAGCAATATCTCTACTCACGGCATCCTCGAGAGCCTAGTTCACAGTGTAGTCACAAAAAACTCCTATAACCGCTTCATTTGGTCTGCGCTTTAACTCCTCGCGTAAAGTCTGCATCTGGATATATTGTTGGCCAATAATGCACGGG,1490,47.99,Arabidopsis thaliana
SEQ_907689,GTGAGGTTATCGTAATAGGCACCTGATGTTACGCACATCATCGACATGCTCTCCTTCCCTTGCTAGCGGGCCAGGGAAACGCTAATACACCCTTGCCTGTACTCCTCAAAGAAAGGCCGGCAGAGCGGCTTCAGGAGGCCCACTCGCTCCCCACCCAAACGTCCCAATAACGATCTATGGAATCGGGCACATTCGTCCATAAAAGGTAGACTTTCCCAATTATCTGCGGAACCACAACCGGTGGCAAAGATCGCTACATTGGTAAGAGCTGTACCTCCCTATCCATTTCCTCGAGTTTCTTACGAGTTTTTATAATAGTCCAAGGTGCGTAAGGTGTCTTTATAGAAAAATCGCGAGATCTGACCAAGGCACCGCACGAGGAGCACAGTTGTGGCCAAAAGGTACATCTAGTAGCCCTCACATTACCGATATTTGTGCGCGAGGAGCCTTTTTGTAGATACCCCCCAGGACGGTATGATTTAAGTCGCAATCCGATTAGATAACAAGAGGGCGGCTCTGCTCAATTTGCAATGACTAAATTAAAACATAAAGGGGTGTATCAATATATAATAGTACTACTATGACACTATGCTGATATCAGGAGTGAAGAATGTGGAATTTACCGCGGTTAGGGCTCCAGGCCAAGTCCTGAAATACTACGTACAGCCTTTAAGCGACATAATAATCTGGGGTCATAAATAATAATCTTTACGTTCAGAGTAGCGGACGTGTGCAGACCACATCACAGTCGTGAGAAATGTGTATCCAGCCTGGTTCTTTTAGAGTCCCACTCTAGTTGCAGAGATAGGTTTGCCGGCCCGTACGTGGAAGCGAACTTATAAAAGGACGCTGCTATCGGACTTTAATTTTTCGGAACAGGTCTCTTAGGTATAAACTTGTGTGCCGCACTCGGGAGGCACGTAAATTTGAATCACAGCCATTCAGCCCACATCACAGGGTGATTTCCTGGATGATGCAACGCCTAGGGTTTTTAGACGCCAAATTTCAGCGACCGCGCGACATTATAAACGGCTAATCGTCTGGTCGACCCCATCTGAGCTTACGAGTAATCACTAGGATGGCCACAAATGTGCGTTCGACTAAACAGTGGCGTGAACCACACGTCTCAAAGGTCTCTACCTACCACTCCGTAGCCGTTCACCCAGACGCATGATAGGCTATTCTTACTCGTAAAGCATACGATACTAGACTCCTAACCCGCTCCCGTGCTGCCAGACGAACCGGGCGACACGTTAAATCAGCGCCTTGAGAGACATTCAAGGAGGGCGGGCATCATGCGGTTGGCATACGAACAGCCCCCAGAATTCGGGCAAAACTTTGTCAGTGTGCTACAACTTAAACTGGTTTCAGCGAGAGCCGGGTACGAACAGGTGTTAGTTTTAGTGGGGGATAAATAATGGAGGACTAAATGTGGATCAACTATCGTATATGGGCGAGGGCAAATCTATGCCGGCCGTGTTTCTTATG,1488,47.98,Drosophila melanogaster
SEQ_859418,TGACCGGTGTAGATAGACATAATTAGTTTTGTAGGCACCGCCGGGTGGTCGACTACTAACAGAGACCTTCACAGGGGACCACTAAATCGGGTGCGGATAACGCACCCTGAGATGCCCCGACTGCGCGAACTGGGGCGTCTTAGGAGATCGAAAGTAAATGCTGCCGTGTCAACAGCCCCGCGCTTTAACTGCATTACGTTATTACGTGACCTCACACCGGAGCAAGAACGAATGGCTTCGTCTTTTTATTCAGACGCAGTTCGGCCGTGGAGGAGTTAGCTCACCTTGTAGCCATCGAGCAGCGGCAGGGGAAGCTGCGCCCGCCAGTCATGTAAGGTCAGCCGCTGATCGGGAGTTGTCGTCCTGATTTTGCCGGCTGGTGTAGCTTTTCCGGCTACCCCCGTCTTCCCGCAACTTCATACAAGGCTGTCGAGGGCAGCTATACCCAATTCTACATCCCATGGGAGTACGCAAGGGTAAAGTACGACCCACTTCACGGCCTGCAGTACCATACGAGTGCCTCCTATAGAGCGTTCATGGAGGGAATTTTCTAGGTAGCCCACCCAAGCGCTCACAACCCCTTACCCCCTCTATCGCCATAGGATCCGCGCTGAGTAAGGTCCAGGGAGTATATTTCCATTACTAACTTATCGAGGGAATGTGTTCGCTCAGCTGAATGAGGCCGCACACGCTCCAGTTTTGAAGGTTACAAGAAAGAATATCGACACTT,730,53.29,Caenorhabditis elegans
SEQ_242959,TAGTGGCTTTAGACTATCGCTTAGACCGCTATGATGAGGGTGCCCTGATTCCTAGGAACACCCTCTATAACGGACGG,77,50.65,Drosophila melanogaster
SEQ_692448,TCTTCGCCCGATGGGCGAGAGGTTATGAAAGAGCTACCCATAGGTCTTTCAAAGACTCAACATATGATGATTAGTAAAGCGTCATGGGGGATCGAGCGTCCATTGCGCCACGGCAATCACGCCCAAGGCCCGCCGTGGATCTAAACCAGCCTCCCATCTGGTCAGCCACCACAATGCCAAGCACCTAGCACCGTGAGTGCGGTTATGGCGAGAACGGGTCCATTAAGTTCGGGGACGCCGTGTATATCTGCAGAGACCTGCGATCTTATGCTTGTGGTAGCCGAACGGCCAAAAGTTAGACCAGCCATTGTTCTCCTCATGACGTGGGCGTGCGTAGACCTTGATTGTCGACGATGAGAAAGATTCTATAGTCCTGACATAATCGATTCCTCCGTGAAGCGTAGGTTATACCAAGAGCATATGTACCTTTGACCGTGCATCGCAAGTCACCGCCTAACTCTTTGAGACGGTCTGTTCGTAGTGAAGTCCTGACTGGAAAATAGCCCACTCTGCACCTCTTTGCGTCGGGACGTCGTTACTGTACGCGCCCTACTCCCGGGGTGTTGTATTGCGCCCAGTTGATTTAGCCACGCGCACCATGCTAGATGTCCCGCACTCTCGCTATTATGTACACTATCATACTATAATTGTGCCACAAGTCTATCTTTGTCTAGCACATACCCCACTGGTGAGTATAACGGAGTACCTGGAGAACTTTTGATATAGTCGATGGAGGCCGCTGGAGTCTCGCTCGGTTCAGCTAGGGAATTGTAAGGCAATATCCCCGGGCGCGACCGACTTGTGGGATGTTGATCGGGCCAACATAACCTCTCATTTCGGGGCAATCTCAAGTCGGAGGCACAGGGGTCTGAGGATGATAGGAGGGGGCCCAGCTTCGAGCACCCTCTTTATAGGAGCCTTTCGCACGGAAGTGCTCCCTAACTCGATAGTTCCACCGTAAAGACCACCGTCTTGTCTACCTACAATACATATACGGTTGTTATACTAGAGCTACTTCCATGGTTACATCAGAAATACGACTACAACATATCGTTCTATCAGTTGCTTTGTTAATGGGCCATTGGACCCCCCACTAATAGGCAGAAGGTTCGGTAGTGTCAGCCACTTCGCTTATGCAGCTATATGGGACAATAGCGCTTGCTCGTTATCGAACGTGAAGGCCTACTGCTCCCGACATACTTGGACGTTTTATCGTTCTGAGCGACCCGCATTTAGGCTCGCCAATAGAATCCGCCGACTTTTGTTCGGGTCTAATTGATTTAGAAGTGTATCTACCGCAGCGCAGGTCGTCCGGATGTTGTCTCGCCGTGCTGTTTGGTGAGTCAGTTGAAGGTGTCGTTGATATAATGTGCCTTCGAGAAAGCGTCTAACCCGGACAGCTGCACCACGGTCGATCGTAATCTCACCTAGTCCCAACGTCGTATGTGCTACGCTCGGACGTGGCCCCACGCCATTGAGAACGACGCTGCAGACTATTCATTGAAAAGCCTCTACGGAGATCGGTTCTCACAGTCTCTCATTATCATGAATTCG,1554,50.97,Mus musculus
SEQ_947503,TACGAACCCAAGCATGATAAACAACCGCTCCTTGAGACTGATCTGCCATCGGGGTGTTTGACAGTCACTCCGATACGAATTAGATTAGGTTCACTTCCAATACGTGCTATTATCTATTCTCCTAACGACTGTCACGAGGGTACAAACGGGCTATCCGGCACTAGATGCAGAACGCTGATAGCAGAAGGCTCCGGGGATTTAATAACTCGTTGTAAGGAAACTATTGGAAGAGGCGAGGATGCCACTTTTTTGGAGCCCAATCGGGGTTAGTACGAGACCCTGCTTTACTTTGGGATGGCCTCAACCCCTCCGGCTCTCCCGTTAGAGCTAAACTACATTAGACAGTCGGACGATATGTGCCGTACGGTACTTTCAGCCCCCCGTGCATTACTTTACGTACCTTCGACTTCATCTAGAATGCTAGCTCGAGGACCTCAGCGGTGGCACCAGTGACTTCCACTCGCTGCTTCGACATTTGGGAGACTTCTGTTGCGTTCCATAGCGCCCGGTGATGTTGGTTGTTTGCTGCGCTCGGTTTTTTTTACTGCTGGACGACGTTTCTGCTCTAACCCCCTGTTCTGGCAGTTGCCCATAGGGTATGATCGCGTGTAAATCGAAAGCTAGCACACAGCGGCTTGCAAACGCATTTTTTTTACCTCCATGAGGTGAACTACCTCTACCTATCGTACAAATCTGGGTATACCGTTTGGTGTAACTAATATTCGAACAGTATTCGTGAGTTTGGTCATGGAGTTCAGAGGTACAAT,767,48.63,Drosophila melanogaster
SEQ_451127,CACCCAACTCAGACTGAAGCATCAGCGAACCATGTTATAATTCTGCTGCCCTAGTTCTGGTTCTCACGAACTTACAGCGTGTTAGATGGCAGTATATCGTGTTCTTAACTAACCCTGAAATAACGGACTTCCAACCATTAAATTGCCGAAATTATGGATACGAGCCGAGGCGTACAAGTGAGCTGAGCGCCTAACGCTACAGCTGACAGATAGTGAAAATCATCGGATCCTGTGTCGTTTAACTACCCTGGGTACACCGAGAGATCTGCCATTTGTTGTGCTTTTACGATCTTCCGACACGCCTATGCCGACTTCCTGTCATGAGTCGGCCACGCGGTGTCAGTGATCTGACGTGACCCTTTGTGGAATTACAGTTGTCTCATCGACCCATATAATTTCTTAGTCTCGTCGGTATCAAGTACGGTTGGTCACCCCGATGCTTATCTTCGCTCCGAAGCTCGATTTGTTCACTTGATATGCCATTTTAGCGACGATAATAATTCATGACGCGTAAACAATGTACACCTCTAAGGCCGTCAGGTCTACTGTACATATGTTCGGCATGCTCGCCGAGTCTCCGATATGTGGCGCCTCCATGCTACATAGGGGTGGGAGTCTGTCGCGTGCTTGCGTCGTTGCAATTCTAAGACACATGAATGGTGCTTTACATAGATGGCTTCTCGTCGAACACACGCGTCTATCCCGCAATGCCTAATGTATTTAAAGTAAGCCTCGGCCCTATAGGACTTACATCGATATCCTTAGTAGGAGTTCTATACATGTCAATTGGATTGAGCTTGTTAGGAGATCTTCCAAGGATACCTCCAGGCCCGCGGTGATTTTAAGTCTTGCCCCAATGGTCTCCCACGCGTGCGCACGGTCATTGGGATATTGGACGGGACCTCGGTAATGACGAGCTCTCAGGACCTAGGATCTGAGCCTCTGTTATGGAAATGCGGGAACAGGTTACTGCTATGATGCGGGCCGTCGTAACAATACGCTATCTCGGTCCCTTTGGTTACCTTAATGGTCAGTGGTCGAAACTGCCAGGGGACATTTCCAAAGAATGAAGTTCTTTATAGCGGAGAGTCTACTTTGGCCGCATAAGTTCATATACCTCATGTCCAAAGACGGCAGATAGTAGAGTGTAACAAAAAAAGATGCGAAAGACTTTAGCCCACGAAGATCAGCCTACTAATCATCAGCTAGGGGTAACTTCGGTCCGGCTGGCGACGAAAAGGGGCGCCATGTCGTCAGCTCCCCGTATTCAGCTATATTACCTTACCGAACCTGTCATTTTAAGTTCGTTGAGCTGGAAAGTTGAGTATAGCATAAC,1336,47.75,Escherichia coli
SEQ_239814,ACTGACTAACAAGGTGTCTAGAGGTGGCTAGGTCTACTCGGGCGAGTTTCCAGGCTGGTTTGAGAGGTGGATCATCGGAGATGTTAGCTAACAGCCCAACTCGCGCGGCACAAATGTAACCGATGATATACGGCTAAGCGGAACACCATGTGGGCCTCCGGCGCGGCAGCGCGGCTGCGGTCTTTTAGCCTCACTTATCTTACACTACTTGCCCCAAGTAAGACTAGTTATCCCCTACACTTCGAAACCCAATTCAGCCCGGGATGGTAATCTGATTGCTATGTCTGCGGCATAGGACATGAGTGGTCCGTGTTCGCGAATGCTCAGTCCTCTTATAAATTGCAGTTTTGTAAAACGTTAACGGATGCTTCAGCAGTTGTGGATTGCCCGCGCGAAGTGCACTGGAGGTTGATATTCAGCTCTGTTTAGTCCTTCGAGCGAGCAAGAATGGTCATCCGGAGTACACATAACTTTGTTCCTAACCTAGACGCAACAACACCACATAAACAACGCTGACCCATTACCCGCTACCGGCTATTATTGCACGGTAATTGGAGTTTTTTTGCGCGCCGATGGTCACGCTTTGCTAAAATGCCTGGGCCCGTTGCATGTACATGATAATTCCGTTGGTAATCTAAGGTTCAGCTACAACCACCTTCGAGAGATATCGTCACATCTCAAACCCAAGGTTGGAAGAGGGTAAGGTGCCTTCACCTCGCATGACGAACGAACGAAGCCAAGTGTTTAGGAAATAGAGTGTAGAGTCGTGGAGGTCAAAAGACGCTTCCCCTCACCTGAGATAGTACGCATGTAGCACGTTGCAACGAACATTAGTAGTCAAGTCGGGAACCCTGTCGCAGCCCGTGCCTGTAAATGTCATTCCTTGTCAATGTGGCCAATATTCGCTGGGTTGTAGACAGTAATATTCCCCGCTTGGAACGCTGAAGCAATTTTCTACACAGGATGTGTACTAGTCAGCAATAGAGCTTCTGTCACTGCAGGGTCATTCACGAACCTCGTCGGAATGCCACGAAATTCACCCGAAAAGTAAGATTACTAGGCCCTTACTTCGGCCGCTACTTGTATATATCCGTACAGCGGGGCATCCCGGGCAGAATCCTATCGAGGCCACAGTGCCCTAGAAATAGAACCACGGGCATCAATAGTAGGGAAGCAGTGCGGAAGTTTTCAACTCTCATACCATCTCGCGGATCGTAACATAGTGCCGATTGATACTGTCCACACAATTAGATGAACACTAACACTAACTCAAGCTGGATTGCCTTATGTGTTGTGGGTAGGTGCACACTTAGTGCATATCAACCATAATCCTAGCCGCGTCTAGAGCTATGCGCGCGGCTTGCTAACACCGGTTATCCCTCTTCTGGTGGGCATGATCGAATGCAGCGTGAAAGTAACTAGCTTCAA,1428,49.16,Saccharomyces cerevisiae
SEQ_306320,CCCTGACGCTTAGATAACGGGCGAATCCAGCCGAGTGTTGGTTTGGTCTTTTCCTAGACTATCGGCGGGGTTACTGTCCCTAATGCAGATAGATCGGATCACGCTCTGATCGGCTATATCAATATTGATGGCCATGGTTAACCAGCGAAGGCTATTAAGAAGGCGATCCTGGTCTGCCACATATAACCACCGTGCAGAACAGATGCTTGAGATCGATCAAAAACTATGGATGGGGTCAGATTCTAGCAGCCCGTGTACTAATGACTGCCTGATCCCGAATACGCCTTTTTGTAGACCCTCGGCGCATGGCTCGCTCATGCCCACACGACGAGCGATTTGCCTGTATCTAGTTCTCCGTTGTTTTAATCATCCCGAGCTAAAGCTTGAAGCACTGTTAGCCGTCTCTACCATGCGAGACGACGGCAGGCAGGACGTTAGTGTTTGGAGAGGGAGGATCCGTGTAGACATGGTGCTTCGATTCATGCACTCAAAA,493,50.3,Arabidopsis thaliana
SEQ_631131,ACGTCACCTGCCGTATGACGCCGCGCTCTCCTTGCCTACCTCGCGTTATTGGCACGTGGTTAGCTACCGGCAACTAGAAGTCAGTCGCCAGGTCAGGCAACACGAAAGTTTCCTCCCAGTCATACAATTATCTCGTCGGTCACTGTCTAGACCGTGAGACATTGGCTCGATAG,173,54.34,Saccharomyces cerevisiae
SEQ_419999,GGGGTGGTGTAAGCATCCTATTAGGGGTGTGCGTCCCCGTCGAATGAAGATCCGCGAAGTTAGCACTCCCGTCGGGGGTACGAGTTTTTTCATAAACGGGTACCGGTTACCTCAAATGAAGCGAGCGCGGCATCCAGGGGTGCGGAATAGACGTTATGATGTTAACGACCGAACTAATCCACGTGAATGTCTGAATTAATATTTTTTTGTTCGAAACGCGACACGGCAGAATCTGATCCAAGATGAAGGAGGTGGCAGCTGTTAGTGAAATGCGCCAGGTGATACATTGATTTTCACGCCCGGTAAGGTACTGGGGGAACGGGTAGGAAATTAAATGGATACATTATATCAGCACTCAGTTCAGGG,366,48.63,Saccharomyces cerevisiae
SEQ_358701,TGGGGCTAGGTACGTACCCCGTTCTACCACCACCAAGGGTGCCGGTGACGTCTTAATCGGCAAAGGATATTCACAACGGGAAGGGCGTTGCCGCAGGATAGGATCGTGCGACGGAAGCAGCTCTCTAATAATGATACGTCTTCTAACTCAGAAGTTCGCAAACGCTTAGGTGTACCTGACTGCCCGTACATCGCAATGCTCCCTAGCTACGGATTAATCACGATTCTTCGTAGTGAATCGAATTCCGTCGGCTAAACCCATAACCGCTGACGGTGCCGAGTGAACACGGCGGCCCTTGGGGAACCTCCAGGCGCTGGGCTGAACTTTCTCCTTGAGGCTCGAAGTCATCTCATGGATCGGGCTATTGGGCCTGCCCAAGTGAGTTACCCTCTCTATACAGGGTATGTTGGCAAACATGAAGGTTTCAACCACATTATAAGCTAGGAGCTAGCTTGAACCCGGTTCTCCCGTCGTGATTTAGTAGTCATGTTCTGATTTTTTTACTTTTAGGAGGATAGTGGAAAGAGATTCTGAGCCTCTACTCTCTCATGGGAGCTAGCGCGCACAGGCGCACGTGGAACTCCGAGCATAGCCACCTTCAGACACGTTGCAAGGAGACAGCAAATCCCACTTCGGTCACGTGACTCCTAATGGGAATAACAAACGAATTATTGGACGCGCTGTGAAAGAGGCTATCCCTAAAAGCGAGTCGTCTATGGGACCAGTTCTGGTTAAACATTTGTGTTCAGACCCATTTGTCCTCGGCGGTTGGCCACTGTTGTATCCAGAACTTGACAATCGGAATTATCCGTTTTTATGACATTAGTCAAACAAGTGGTAAAGGGTGTTCTTTGTCGACCGGTGGATTAAGGCGACCCTATACGGTCCGAGCCCTGATCTCTGTTCGCAAAACTTATAGCCTGTCGGGGCACTTTGGAATGCCAACCTTGGATTAAAAGGTCTCCCTGGCTATCCGTGCATCATGCCATCAGTAAAACGCACCGGACGAGATTTTCGCCAATTCATGAGTCATTTGACCTGCTAGGACATCGACGAGTACTCATGAAAAGTAAATACGTCGGCTAATATTCGTTGGCGGTTACGGCTTAGCATCTGCCTTCGGCTGCGGAGACAAGTTGCGTATTGGCTCACGCGTGGCAATGGTGTAATTACATAACCTCGGTGGGATGAGCGCCACCGGTCGCGCAGGTTCGCACTCCCCACGCATAAGTGACCAAACGGTGTAAATTCGCCTTTGCGCGATGAGAGGTACTTGGGACCATACACACCTTGCAGTACATTGCAGAGTGCAGCCGAGGCAATTAAATAATATCGGTCGTCACTTGGAACGTAGCTGGGCCGCCGCTACATATGAGAGATAACGTCTGTCACACCCGCCCGAGAACGGGATCCAACGGCAGCGAATGTGGTTACTCTAATAGCCGGAAACTGCAAGGTAGCATCTGGAGAGTAGTATGCAATTCGACGGAGGGTCTCAGGGAATGCGTGGTGTCGCCTGACCTCTCGACGAGAGCGACAAAGGTTACACTCGCATCACATAATGTTTGCGCATTTAGTGCAAGGTCGACGAACGATTATCTGTTTTGCTCCCACAAAGAATCATCTAGGCGTATGTGATCGTAAGTGACTAGGTTCGCGATAGCGTCGCACTCAGAAACTGCGTGTACTAGGCACGCGTAGGGACAAAGCGAGTAAACGACACATATATCACCTACGCTGAATATCGATTCTGTTCAGGTTCCGTAAAGGCTATTGACCTGCGACACCCCAAAAGATTAGAGGGTTCACGTATGCCTTATTTAATCCAAGAGCATATCGAAGCCCTCTCCTAGGTCCACGTTACTGGGTATCGTGAGGTGCGGCTTTATACCCCTGGCCGCAGGAGCAATCCATTCAT,1918,50.31,Escherichia coli
SEQ_979476,CGACGCCCAGTAAAAAACTTGTGTTTTCTGGTATTGTTGTGCTGCTTGGTTCCAGGTTTGAATCAAAGCAGAATCCGACCGGGCCCGACTGCACACCGGTTCACCATTTAATGACCTCTCATGGTGCTATGTAACATAATCGGGGGAACCGTAATAGCTGACGTTGCAAAGCACTTAATTTCAAACGATACGACACGTAGGGCAGGACAGAATTTTTGCCTTGAGTCATCAGGACTTAGGTGACG,245,46.94,Drosophila melanogaster
SEQ_353855,TTCGCATTAATGCCGCACCCAGGTCTAAACAGACACACGGTGCGCTGGGTAGAGTGTACTCCGGACCCCCATCATATCAGAGGGGACAGTGATGCAACTGTCCCGTAAATTTGTTAACCCCCACTATATACTGTGTCGGACTGGGAAGGTTCATTGGGTTCATTACCATTGCTGCCAGACAGCGGCTGGTGACCGCAATTACGTTAATTGCTCTGGCGGAACGATCAATCACACACCCTTCTAATTGCATACTCCCTAATCAATGCGCTCAAAAAATAGCGGGATGATTAGAGGAATTAGACGGCGCGCATCAGGGGCACGCGGCAAGTACCCTTATTCTGACACTAAGCAAAGACCACCCCATGGGCTTTTGCACATCTGGGCAATAATGTCTCTTCGCCATTCGCTGCACTCACAATAAGTATACACCCTGTTTCCATGATTGGCCATAGAGGCGAATAATCAAAATGAACCCTCATAAATTGATGGCCTCCCGTTTTAATGGAGTTGGGCCATTTATTGTGTCAAGACATACACGTGGACCTGGCTTAGGTCTGACATACCGCGTAGCCTTCGATACAGGCCGTATTACGTGCTGGAGCAAGTTATGGTCGCGCCCCATTGAGACTTGCATGGCGTTGTGGTCAGGAATACTAGTGGTCTGCGTTGTATCATCTTGGGCTCGTTGACTAGCCCGCGGGTATTGAGTACCCGCTTTCCTAGTCAGAAATAGGTACCTAATCGGCCTGCGCTTTTATCCTCGCAGCGGAGTTTCCGCATGTTGAGGGGACGTTCTAGACAGGCGAACACCTCGAGTCTTCTTCTGATTTTGGTATTTAAAGACGCGTAATGCCCTAAGGGCTTACCACTGCGCGATATGATGTTGTTTAGTCGAAAAGCGCTTAGATTACTAACGGCAGACAGAGATTAGTATACCAGTGCTGAGCCAGTTAGCGGTGTCAGCTCTTAGGCTGCATATCATTGAGATGTGGTATGACATACGGTCCCCATGTAGATTCCCGGCGTACTTACCGAAAGTAGATATTATACTCTGTTACGGCGCGACCGTCTAATGGCGAGACATCCCAGTGCAAGGCGTAAATCGTTACTACACGAGAGATCGTTGCCTGCCAAGTGCATAATACGGACGTTAAACCTCTTGCCCTCTGGTAAAGTACCCGTAGGCCGGGGAGATGACGTAGGCCATTGTGCTCTTGCGAAATTAGTATGTGATTATATCGTATGATGAAAAGGTTTAGGATAACACTCGGTTGCACGAGCAGCGGGCGACACGCACAGATGAGGAAGATGCTCTACGGTCGCCCAGAAATTGCTTGGTCTCGGTCAATTTTCCCGGGGCACTCTATACCTGCCCGGGCGGCCCTGTTCCCCTTGGGTGGGGTTCACAGGCGAGATTAGGAAACTGGACCCGGACCCGGGTCGGTTGGAGCCATGGAGGCTTAAACATGTTACCTACGTCGGAGGTGGGAATCGTTCAAACTAAAACAGAAGCCTAGAGACTATGGTTGTAATGTACTCTGGGCTCCTCTGGTTTATCATGGTAAGAGGAGTTGTTCCAAAAGCTGCGCCGAGGACTCGGCGTCTTTAGGATACAACAGGGTGCTTCTCGATTTAGCGTCAAAGTGGACCCTGCAACTGACGCATCATAAGTCGATTGGCAGGTTCACGCTAAATCAGAGGACAGGAGCGCGGCATGTGATTAGAAGCGGCAACGTCACTCCGCCAATCCCTTAATGCGTCGGAAGCCTCGGGTGGCAGACGTACCCCGTACGGTTAAACGGACGCATCACCACGATCGGCACCTGTGCGGCCTTAACGTAAGCATTGACCGAGTTGCACGAGCTTCCACTTGCCGAGGGCTAGTTGCGGAAGACGGTCGAACACTCAGGCGAATGATTCGTGGATTTCTAACATTACTACGGCAAAGCTTTCCCTGGACGGAAGTTCGTAATGCTCCCTAGGTCACAGATCTCCACTG,1999,50.78,Caenorhabditis elegans
SEQ_477405,GATCTGAGCCTATGTATGTTCGCGTGGATGGTATGTCTAAACCTTTGTCGATGAGGCGAATGGAGTCTCGCTCCCTCATTCAGCCCAACACTTGAAAGTGGCGGGAGTCGTTTCGTATAATCTCGTGGAGGGTGGTCATTGAATGACCAGCCGCTATCATACGATCAATGCTCTGCTACATCCCAGGGGTGGCCTACCATGAGGTATGGGGCTGACGCGATGACCCAAAAAATTTCAGGAGATTCAGGTGTATGTGGTGCCGTACCACGACGTCCGACGTGGCACCTTCGGAAACGGTAGCCTAAGGCTTTGGCAGAGAGAAGCAGGAAGAGGCTCGATAGGAGTCCCTTCCTGAGCTTGGGCCCTAGGCGCAGCATCAATAAAACGACGAGATCCGACCACGATCGAGATAGTTCTCACCAGCCGAGTCCCCGCGCGCCTGCGACACGAACTTGCAGTCATAAAAAGGACCGAGGTCTCAGCGGTGACGGCGATTCCCTAATATCCAATGGCCGCTTTTCGACCCTTATACGTATTCGCAGTCGCTCGCAATGCGCGAGCGACCAAATTCATCGCTCTTCCATGGAGCGTATAAATCGCAGATGCTGAGGGTCGTTCCTTCAGCTCTAGTAAATCCCGCCCCTTTGGGACCTGCCATCCTTGCGGAACCTACGCTGAGGCCGCTATGAGGAGTGCGTACTTATAACTTGCATGAATGTACTTCGCCTGCCGGCATTGCCATTCGATGTCGTGCTGCGTGGCCTAAGGTAAATACAGGGTCTTGGTCATCTAGACTAGTTACCCGCAAAGTTTCACCAGGGCTATACCCCAGGACTAAGCGGCCCACAGATTACGAAGACCCTTGGTGTTTTTTGCATATCTCTATGCACCTGCGATTACGCGCGGGTAGAAGGACCAATGATTAGCGAGGCGCCGACTCCTTCTTGCCCGAAATCGCAGTTTTTGAGCGCAGAGTCCAAAAGCGTGGCCACGAGCCGTACATAGAGTATGGGACTTCCAAAATGTCATCAACCGAAGTACTCACGACACCACCCCATCATAGATCAAAGCATTTGGTGACTGCAATCACTATCAGCAACGCACGTACTCGTGTGCGTGTCCTATTCAGGAGTTTCTTATCTGCGCGACAGATGGCGCTCGTTTCTTGTCAGGCCATTCGCACTACGGTCCGAGCAATAAAAGGGAAGGGCACGCGATATTTGACACTAAGATTCGACGATGGGCTAGTGATCACATACCCACTGCGTTTAGTGATCACTGCCTTCGTGGATCAAGGTTCCGTGTCTGTGGGGCGTGCTCCGAATGATCGCGCGGTGCAAGCTGAGCAGCTGTC,1354,52.88,Homo sapiens
SEQ_199908,ACTCACTAGTTCCAGGCGTACATCACCCCGTGCGTGCGCGATGGTTGCCAACCAGCAACACGGTTAGCAGGAACATACGTACAACGGCCCCCTTGCCTCCCAGTGGTTAACGCGCGGAGGTGTGATTCTTAGGTGCCCACTTATAGAACTGCGCCGCCGGACGGCGCTAAGGCTAAGCGGGCGCTATCCTTATCTTGGGCGCTAACCGGGACGGCCGCGGGACTCATGAGCATTGGTCGGGTACACCGAAATCAGGGGTACCAGGGTTTGACACCGATTACTGCTTCTTCGAGAAACTGGGCTCCTGATGAGGCGGACGTAGCCCATGAGTACAATGCTTTTCAATGCATCGGGTTGAAAAGAGTATAAAGTTCGCGCGAGCCCGCATATGCAAATCCCAGAATCTACATCAATTGCTCCGATAGTCCAAATTGAAGAACACATCAAGGCTCCTTGACAGCCAATTTACCTCGCACGAAGGCACGGCAACGTCTGTTATAAGTGATTGCGCCAAGCTGGTCTCCTTAGAGGTTGAACCCCTGTCCAGAGGGGACGACGCCACGCTGCTTGTGGTAGGCTCCATACAGTACCTATAGGTCGCCTGACGGTTGACTCCGGATTAGATACAAAGACTGTTAAAATATGGACGTCTCGCTTAGGGATGGGAATTCACGTGTCACTGAGTTGCTATTGTGGCCCGCTTATTTTGTGTTTGATATGTCCTCGGATGCGCAATTTTAGCCACACTCAGTGACTCCGGGTTTAAAACTGGGTTCACCTCGTATCAGATCCTTCCTGTGCGTTGGCTTTTGCTTACGGTCGACACCGCTCAATCGGC,838,52.74,Escherichia coli
SEQ_617865,ACAACCTCGCCCAAGTGCACATACCACCACCGAACGGGCACTCTCCTGTCATCCACTATGGCTTTGCCAGGCTAACTTATTATGGCTTCCGCCAAACCAATATTGTCCAAACGTCTCTTGGTGAATCACTCGCTTAATCTCCGTTATTAACCATACTAAAATTAAAACTGCGCTTAGCCCCAATC,185,46.49,Homo sapiens
SEQ_361207,CCTTTATTAGTGCACTATAGTGTTAGATGACTATTAATCACTACAAATTGTAGGTCCCGGACTCCTCAGCATCCGCCGGTACCAACAACTCAAATTCTAGCCCGATTTGTGACCTCTTAACATAATGACTTTTGAACCGCTTCAGTGCATGTACAAGTGGCCTCTCCACGGGATTATCCGCTCAAGTGATGCGTCCGAATGGGGGTAGCAGCACGCAAAAATGACTAGGGCAGCCAAACACGTACACGACGCGACTTCAGTTAGTTTAGGTACCACTGGGGCATTGAGTATTTGTTGTCAATCCACCGATGCTTTTAACTGACATGGGTCTGAGATGCATTGTACACCAAAGCAACTCAGGGTGCGGCCACGGCACACGACCTTTTAGGCTCATGTTTCACCCCTGTACTGCTAATGGCGATACCAAACCCTCCCCTCATGGCTGAGTCGCTTCGGCCTATCGCACATATTCTTAGGAGGGCAAGACAAGAGAGGCCCCCCTTGACATCATCCGTCCTTTGACCGAAAAATAGTTCACATTACGAGAATAGAAGGTTTGATGACCACTGCATACAGAATCCCGAGTCCACCTCCTTCCAAACTTAGAAAAAAATCAAGCGCGTGCCGTAAGCGATTCATGGCGCTGGCATGAGGAGATTATAAAATAGTGGGATCGAAGCCGTGCATCAGCCCAATGTAT,700,48.14,Drosophila melanogaster
SEQ_658122,AATTATGTGGTGTAGCGACATACTTCATCCATTCCTTAGGGTCACTCATTACTACCTCTTATCGCGTTGTCATCGATACGTGTTAGCCTCAAGGATCGTACTTACGAACTGCCCAAAGTTGTCGTGCGTAAAACTTCCCGTCTTACTTTAAGGGAGAGTACCAGCTCACCCTAAGCCGGGATTACTGTACTTGACGAGGCCCAAGCAGAAAGCATACTGTCGCCACGGTAGCTCCTGCTGCGGGCTGTCGTGATGGACGGCAGACTCGAGGTACTCATTCGCCCTAAAGTACCCTTATGTGTCAACCACAAGACCGTCGCACTACTCACACGTTTGTCGGGGATTCAAACTGAAAGTCTTAACTAGGCCGTGCCGTGCTTGGCGCGTCAACGAAACAGACAAGGGTGTAGCCCTCAGGGGCCGCTGACCTGAGGATGCACTCTCGTTAGCAGCGTTGAAACCTAGGGTACGGGGGGTCGAAGTGAGAGACCATTCGCCTGTCGCAACTACTTCACATCGCCTCAGCGCAGCAATCACTGATTGATCTAATTCCGGCCGGACCAAGTGGTACACGTGATCGTTGCTCGCCACCAGGGGGTCTTCGTTATTCAGACATTGTCACTACTCGCGTTAATACATGACGCCGACTTCTAGTCGGCACCCCGCGTGCAAGAGAATGATAGACTCAACAGGGGCCTCAACTCTGAACAGTTTCGCAGCTTCTACTTCATAGCGCTGGTGCAGAAAAACACAGTTATCCGGGGTTAGCGCCGACGAGCCTTAAAAGACATGCCCCCGCGCTGCTGGATGCTAGCGACTTTTCACGGGGGGTCACGACCTGACATAGGTAACCAATTCTATGTAAGCCAGGTATGGGATTCCACAAGGCGCGCGCTTGCTGGTCTCTTTACACTAAGGTGCCTTGGCATGTGAACCTGGCTAACCTACCTCGGACCGGAGTTTCACCTACGGCACCTCTACTAGCGGCAGCCTCCTACAACGCGCCATCAACGTACTGTCTGTTGTCGGCACAAAATGTAAGATTGCCCGGCATTTGACGCTGTTTGCTCACATTTCGCAACCATCTTTGGAGCCGTTACTCAAACAGTTTCATTTATGCGTACACAAGTCTAGTAGAATTAGGCGGCGGGCCGGGACGTTCCCCACCGGACGCCTAATGCGTTTGGACGGCCTGTTAACAAAGTGCGCAATCGAGCAGCCCCCCTCAGCAATTCTCCGTCCTGAGGCTATACGTCGATTGTAGACTAGGGTGTATTATGACCTTCCTCCTGGATTTCTAGCAGGCAGCCCCAGAGTAGTAGTCATACGTGCGTTACTGGCAGCGGCGGTAGAGGTCGCAAATGTGATCTTCGGTTATCCATACCTGACCTTCGCCTTTCCGCGTAATCTCGGCTTAGTCCATTCATCAACACAGGGAGCCGCCAGCACTATTCGAAGATACTGACGCCCTAGGGACACTAGGAGACTTTCATTAGTTTAACCAATGAGGGGAGACCGTTCTCGCGGGGTCGTGGGATTTTAGAGGACATCTGGCTATGCAGAAACACCCGAACAGTAGCCAAGTAAAGCGATTGGCAAGATTCGGACCATAGTTAAAGCCAAACGCTTTTTAGTCCATTTTTGTGGATCGCGCTCCTCTGGGTTCCATACGGGCCCCTAGATAGCGACGCAAATATTTCGTATCATATCCGATATAATTGGATTTGTGGGCTACGTTCCTTCCCTTCAGTACCTAGTATTTACGGTCAGCAGTGAAGGAGATATGGACGCGCCAACTTCGGGACGCTTAGTGCAGTGGTATAAAACGCATAGGAGCGATACAAC,1845,51.71,Saccharomyces cerevisiae
SEQ_956757,GTGACTGGTAGCTGCTACCTAGTTTTTGGTAAACGTATTGGAGACATTGCCTCACGGAACTGCCGTAAGCTCTTATATCTGCTGGCTTAACACCTCTCTTTTTATGACGGCCAGTCTGTCGCCCCTTCAGGTCGGTCTACACGTTCCTGATTACCCGAGGACTGAGACGGATACTGTGGCTTATGATGTATCGGCTTACCCTTGCTTTTTGAACCTACGGATCATAAATCAGAATCGATCTAGTACTACACATGGTTCAATAATTAGCCAAACATTCCACCTGCTATTTTCCACAGATCAGGTATGCCTGGTCAATTAGGCGTACCATGTACATTAACCACTAGATTGCATCTGTTGTTAAGTTGCGGCGTGTTGCCGATTCCCGTAGCTAACTTACATGGTTACACGACGCTCTTGAATTTTGGTTCTTTGTGTGGACCCGATCAATGTTGGGGCAGAGGTAAATAGGGGGTTGATTACCGATAACTTGAAGTCGCGTTCTCAATTAGGAAGTCTCTTTTCCCTCAGTTTACGGGGTACAGGTAGAGAGAAACGCCATTCAGTAGCAGATCATAGGATCCCCGGGAACGAACCTACTCCTCAATTCGCTGTTGTCTCCGGGTTGTGCTTCTGTTATGGCTTTTGTTGACCCTTGTACTCGTTGCACTCAATTGATTGCTTTTCTCTTCGGAGTTTGCCAGTTAGTTCCTTACAGCTATTAGCGTTTCGATAACACCTCCTATCATTCGCTAGCTTCGGCTTTGATGGTTTTCTGGCCCAGTAGAACGTATGGCTAACGACAGGCTGAGCAACGTCTCCTGGCAAGCACGATGCTAAATATATGGTGTTGATGCTTTTCATTAGTGCTCTTTGCCTTCGAAGTCGCTTGCAAGGACCGGACCCTGTCCTGGCTTATAGGCTCATCCAAGCTGTGCTGTACTCGACCACCTACGCTCAAGAAGCATAGCACATCGACGCTGAATCCCTTCAAATGCATCTAAATGTCACGTGCGACTAGACCAAACCGTCTTTGGGGAGGGAATGGATCTGGGCGCGAGCCCTGTTCTAAAGTTGTGATCGGTTTTGCGGGTAGCATGCATGTCGCTGGCGGGGATTCCGTGAGCGTGATAGGCATTAGGATCGGACTCCGCACTACACCGATATAGAGTCGTCAAAGCGGACTTAGGAGCGAAATCTCTAACTCTAACGTTACTTGTTATTGTAGCAGTGGTACTGTGAAAGAGATACCGGAAACGATACTACTAAACGACACCCGGATCTGGGGCTTAGATTTCATGAGAAGCGTATTCGTTACCACGGCAGTTTGCTAAACATGACAGCTATTACGCGATTAGCAATGAACTCACTATCAACCGGCTGGGTTAACGGTAGTAATCCATATAAGTAGAC,1410,47.09,Escherichia coli
SEQ_811076,GAACCGCTTAGATTTTTCTACGGGCCCGTCAGACCGACATACTGCACCACCCTACCCGCCTCGCTTACCTCCGAGTTCGGAGCCCACTAAGGTCAACAGTCACTGGCTTCTTAACAGGCATTATTTCGGACGGTTTATGTAAAGCGCGGATTACGAGTGTCTGATGTTACATGTTCCGGCTCGCGAGCGTGAGATTAGGCGATTACGATCTGACAACAAACGGAGAGTCCCGAAGGATACGCACCCCATGCTTTGCGTTGCCGCTAATTGGGATCGGGTAATCCCCGGGATAAACCCACGAAAAGTCTTTTATGATTACCGGCATTCCACATATTAGTATCTTAGCGACGCCGTCCATACCAGCATTGCGGGTTTAGCCTCTACTAACATCAAGGATTCGTTTTAAGTACGAAATGCCGCGGCACTTCTTGACCTCATACATTCTGGCGGTGGAATTTGGAGCGGGATTCTCTTCAACTTTTTCTGACATACTCAAATCGAAGCCGCAACTCAATCAGATCTAGTGAGGCGGGGACATGATGTATTGGCTTGTTGTGCACGTCCGCATGATGGTAAACGTCTGTATAAGAACGGTCGAGGAACAATAACAGCTGCGCATTTCGTCTGATTGGCACCTTACGGCAATTGAGGCGCCGATTTTGTAGAGAGGCGACCGTGGCACTTTTCTGCTAGCTTACCGTGCACTCCATGATATACAGAGAGTCCTAGAAGTTTCTGTCCCCGCTTTTTAATGACCGTATGTGTATCGGTCACTATGGTAGAGGGGCCTAACTTTCAAGGGTACGTCTCCTTCCTGTTTCCCCCTAGTACACGATCGAGCATCCTGATTTTGCACAACAAAATCCAGCTTGCAGCACGGTAGTACCTCCTCGTGAGCGACAATTTCCGGATGTACTATCATCTATCCACGCCATGTCGGGTCGATCGAATGTGGCCGTCAGGGTAGGGCCGGGTATCCGTTGATTACGCGGTTTCCTGTGGAACGTATGATCTAATGACACAGAGTTAGCGTGGCTAGTATTCTGGTATGCCCTCTATGCTGGTCAAACAACTCTTCATTGTCCAGTAAGTTATTCCGCCGAGGCTCCCTCTTCCTGTTGGGGCCTCATGGCTATGCTAACATACAGGCTATACTCCCGCAGTGAATATTGATCCGGAAGGCACTATAGAACCCGCAGTTACCGGGTACAGAGGATTAATATTGTCATCGGCGTTAACTTCGCAGACAGATCTCAACAGCGCTCTTAGGGCCATGTGGGGGGGTTGCTAATAGATTGACCTCGGCGCCTAACAGCCCCTGTCGTTATCACTTGCGGAGCGCCAGATACTAGTTGAGGTGTGGGCTATGAGTAACTCGGAAGAATTAGCTAAGGTGGCAAAAGTTCAGGTAGTATCGTAAAGAGAACATTGAAGTGATGTCATGTACGTCGACTCCTCACGCGGTTACACAGAACTCGTGCACCCACACAGAAGTTCCCCTTGAAGTGCAGCCTCAGCAGCACTCCTAGATGTAATAGCTCACTCCCTGTCCACGCGTTTGTCAGAACTGTGAATGCTGGGGTACTTGACCATTCGGATCTACAGGGCTAAACAAGTCGGCCATTTCAGCCTTAAGGTCCGTGGCCATGACGGTGATTGTGTGCCGTCCACTCTAAACCGGCTGCCAAAGACCAGGCGCAGTGGAGGCAATACTGCCCTCAAGGAGCTAACGAATACCCGAGAGGCATTACCGCCGCCATTTCTGATCCTTACGTCGCCCACATTTCCCGCAGTAG,1796,50.45,Homo sapiens
SEQ_174314,GACTTCTTATGCAGCGATTTCAACCATATAGAAGACCAGCTGACACCAACGTGGGTCATATGGCAACAGACGCAACTGCTGGAACGGCGGTACGTAGGGTTATAGCCCTAAAGGGCGGCGTCTTCTTGAACTTGGTTCACATTCGACAGCCAGTTAGGACGGGTTTCCGTGGCATCGGCGACTAGGTGGTATACTTGATTCAGTTATACTGCGACTACAACAACTCTCCCCCTAGTGCAGCGTTGGATAGATCAACACGCAGGCTTGGGTTCACTTCACCCTGCCAAACCTTAGTTTTTTAAGTCAGAACTCCTACGAGAGTTAGGAACCTGATGAATTATTCGCATCAAAGTGTTGCGGCGTACGCCCACACGGAGGGCGATTCGAGGTTACCGCGGATGGTGCTGTGGCTAGGGGCTCTCGTCTGTCCTAGTTGGTGTTCCCCGAAAACTCTCACGGTTAGAGCAGAAGTCGCCTATTAACAGGCTGCGTGAGTTGGACGAACGTGTGGCTAAACCCGTGATAGGAGATTGGATTCATCTCTCGTCATTACAGACAAAACCACACTCGATAAAACCGGCTCAGTTAGAAGTCACGCCGGACCAGGTTTCCAGGTTATACTGCCCCGGTAAACGAACATTTAGTCAAGGCCCAGAGGATGGCCAGAGTTGGCCCAACAACGTATTAGTTACCCGGCAAGTCGCCACTAAGCTCGACGGACATAGTCTTTAGCCGGAGCTAAAAACACGCTCGGACGGTGTTTTTAAGTGGGTCCTGTAGACACGGGGAAGCAC,794,51.26,Escherichia coli
SEQ_771464,CCTCTCTTCGTAACCTTAGAGGTTGGCCTGCACATGCCTCTACTGCTCGAGAGAGTGTTTATCAGGCGCATTCTGGAATTAGTAATTACGACTAGGTTCGTATTAAGTCCCCCCACTGTCCGGAAGAGGTCTATCAATCATTATTCATTCTGTGTGGTGAAATATACTGCCGTATGGCATACACTCTCAAGACTTCATGCTGGACTCAGCCGCTAATACCACCCTGGTAGATTAACCACTGCGGGAAATCCACAACGCGGTCAACTAGTGGCAGCCAGGCACGTAAAGCCGGTGTCTGGTACCAACTTACGTAACTGTGTTCCTGCACAACTTTGAAGGAGCGGCCATTATCAGGGACGACCGTCTGCAAATCGCAATTAGCAGGATTGGAGGGCCAAACCTGGTGGTACCCGCACGGCGGCTTAATATGTATCTGACCGAAAGGCAATTCGTAAGCAGTCAAGTAACTCAAAGTCTAGCTACCCGGGCCGGCTGGTGGCTTACCATACAACTTCTATCATAAGCCGCTTGGACTTCTATGTACTGGGTTAGCCCAATCTACGTTAAAATGCACAACTACGATTTCCCCGTGGCCACGGATGGAGTGCATGTGACAATGATCAGAGAAGTTTACGTTGAGACGGAGACTGCCTCTACGGTCGAGCCAGTCCTGGAAAAGGCGAAGGGCTACGTATAACGGATGCGTCTGGACCAGCTCGCGGCTCCCTCAGGCGGTGATAACAACGCACACAATAGAACGTTCGGGTTCGGACTGTCGACTCGGGCCCCGGTCGACAGGACCGCGACCCTCGCCCGGAACGCCCGGCATTCGAGGAGCGGAACGCTTCTATATCGGCGTGCCTCCGGGAGTGCAGTATTGCAGATGTTCAGAAACGCCGACTGTGATGGCGTGAGAACCCGTCTCCAGCGCAAGATCTGATGTATCCGTGTTGAGTGCTATTACCAACAGACTCGGAAGAGAAGAAGAGATAATAGATGTAAAAATTATCAGGACTGTCTTTATGAGGACCAAGGTCATTTATACGTATACCACTTCTGAGATTTCTGCTGCCCAGTGCATTGAAGCCCGCAATATCGGTGCTGATAACGTTTCAGGAGTCAGCCGATTACACGAGCTCGTGAGCGCTTACCAAAGATGGATTGCTAGGAAATAAGCGGGTTTCTTGTCCCTGCATTATAGCACACTGGATTAAAGAGCGGGAAGGCATATAACGAACTGGCAGTTGGTGCCTAGCGAGGATTACGTTGAGTGCGAACAGTCTCTCGTAGGGCGGATACTTCGCAAGTAACCGCTAATCACACCAGGGCGCGCGCAAGACGCGATCAATGGGTAGATCGGGATAACATGTCGTGACACCTAGGCCCTACCAGGTAATAGCTGCCAGACATAACGCTGGGTTGCATTCGGTAAACTCCTCCCCAAGTATTCAGCAATTACATAACGGTGAATCATCAGAACTCTGGTGCGAATTCATCAAGGATACTAAAGACGGATTGTCCCAATGAAGCCTGAGACGTCGGCTTTTCCAATAGCAATCATCGCAATAATCAAGAGCGGTCGGATTTCTGAGTCTCCGACCCTTATCCAGAGGATGGTTAGGATTCTAGGAAAATGAATCATTCCCAAATTCACGATCGCGCCGGGCACCAGGTT,1675,50.45,Saccharomyces cerevisiae
SEQ_745953,TTTTACTGAAGGTGTTTGGTCCACGGGGCTCAGGTGACCGTGTATCAGCGGTTATGGCGTGTGGCTCTCTCCCCACGACCATGATATCGCCCCAAATATAGATGCTAGTACTACCTCCTTATATAAGTAGTGAAAGAGCGAGGAAACAGCTCTCTTTAGCTAGCTAGGGGCCATGTTCATGTAGAGTAACCAAGGGTAGTAAAGATGTGAACGTAAATCGACCAGTATGCATTTATCTCGGCACATAACCGCCTGGGTTTCACTACCAAGCCGATGGCCTATGACTTGTCTAGGATTATTGTGATGATGCGAGAGTGCCTTCGTCCGTTTTGGACACGAATTCGCCCAGGTAACCCGCGCATTAAATACGCTGGTGTAAGCATAGACTGTGTTAGATCAAGGCCAGTTGGGCAATGCGCCCAGGTCTGCCTGAGAAGGGGCATTGTGACCCCAGCGTGGGAGGCTTTACCGTTAAACCTTGTAATGGTTGAGCGTTTCTCGCGTGAGACGTTCCGAAAAACCATACTCGTCCGTTGGGTAAAGGTGGCAATTTAAGAACGTCTAGCCATCCATGATGCCTTCTCTGCGCTAGAGCATCCGTAGTCTAGAAATTAGAATGATTGTAGCCGGTGTACCCGGTGAGTCTTCGAAATGAAGCACATTAACATAGTGATACGACCAAGACCTAGCCACATTGCCGCGTTTGAGCTTCTCACTCTATTAGCGCAACCGCCTAGAGCGATTCGCCTCGGCACACCGCAGATATATTGCCCTCCACCCCTTATCCAATCATACGCACCTTGTGATTCGAGGGTAAGTTACACCGTATACCAGTTATGAGTGTGGTGCCGGGGGTTCTTGGTGGCCGAATGAGGGTCGTCCGGTCTCATCAAGATCTTATACTTTCCGGGCAACGCG,918,49.89,Saccharomyces cerevisiae
SEQ_242279,ATAAAAGGAGCTATCCTGAGCGAACTTATGTGTCATACTTAAGGGAGAACTCACGGCGATAGGAGTAACGCGCGCCATGCCAGCCGGCGGATTCCTAATGTACTGGGGAATCAAGAAAGGAAAGCGAGGTCCGGACCTTTTAGTCAGTATCAATGAGTTTCGGGGCCGCCCTGGAAGCTTATCAGAGAATACTATAAAAGCCGATTCATTGACATGTCCCGTAGTGGCTCTGCAGGCAGTGAGATAGGCTCGTTCCACTCTAGATGATTGTACTTCGACGTCGTCCACTTCACTTAGCTATCAATCTCGTTATTGTCATCCGCAATAAAGCAGAGGAAGCATCTGCATTCCACAGTGTGAATTCGCTAAATAAGTTTGGCCGTCCCATGTCCTCTAGGATGCCTCTGTCTAAGTTCAGGGCACGACAATTGAACCAGTGGGTCGGATGAGATTGCCCTGCCACCCGATCAACATGGGACGGTACGTAAGCATAGAACTAGACGCGCGATGGACGCTCAAAGCACAGGTGTACACTAGTATGATCAGTTCCGACGTTACTCCTATCGCTGGCCTTCAGAAGAGTGGAGTCTGAGCTCAACTGATAGCATATCTGTGCGTTCAGTTAATAACGATTACCTGCAGCACGATTAAGTCTTCCTCTGAGCTTACGAATCAATCTTAGTATAGACACACGCGCCGTAACATGCCCTTTGCCTGCACCGCGAACGGAGCCGCCACGCAAAGGTAAAAGAGGGCCCAGAGAGATGGGCGTACCCGTGTTATGTAGGCGTGCACCCCTTATAGGGTACCCCTAGTGCATCAGTTGGCGACGAGGTTTAATGCTATGGTGCATTGTCAGTACCTCTACAAGATGTAGGTAGCTATGATCTATCACGGTTGGCAGCCATTTTAAGCGTAGAGAGCCAACGCAAAGGCGTAATAAGTGAGGACACCGAGCATTTGCCGACGAGTATAACATCGTTTTGTATTGAGGGATGCCGGTACGACGCCCTCAGTGACCGTTCATGCGAGAGTAGAATATTGTCTTGCACACATCCGTAGCGCACGGGCGTGCTGTATGCAAATCGTGAATGGTCTGATCTTTGTTATGAATTAATTGTCTCCATAGAATCCACTAGTTCGCAGCTTCTGTATCTACAAAGATGATGATACGCATCACTTTTACCGTTGGCAGTTTCATAAGTGTGTCTCCCGCCGGACGTCGCTAACGGTGCTTTTTATTTTTACCGACATCCAGTTAGCCCGAATTTGCGCGTAAAGCGAGCCTTTGTCCATGAAGACCATCTACCTAGGATGTATTCTAATATACACGAACTTCAACACGCTATCATTTGGAGTGCCATTTCCGTGTGACAGTTGTCAAGTAGACCTATAGGCATCGTCTAGGCATGCATGGTCCTTGCTGGTACTCGCCTTCGCAATAGTAGATCTATAGTTGGGGTGACTCGGGTTGAATAAAACAAAGTGC,1489,48.15,Saccharomyces cerevisiae
SEQ_876791,GAAGTAGCCTGCTCGTATATGGGTAAAGTGTGTGCTAGCCCTTCACCACGATATGAAGGGGATGTGCCACAAACTTCATTGCCTTGCGAAATAATATACAGACGCCTGGAATTGTTGTTACTCGATAGTACTCGATATCTTGATTGCACCCCGCAGCGTTTGACTGTAACCCTGTGGCAAATGCTATCCCTAAGCTAGGTGGGTTATACTTGTGACTCCGTACGTCTTCCGGGGATGGCATATGCGACTGTCAGCACCGAAAGGGCCCGGCTCGTGATCGCTTATTCGGTTCTCCGGACTAGCACCAGTAGCCAGGGGGGCCCCCGTCGCATAATAATGGGCCGACCCACGGCGGCGCCTTACTATTTTGCTCGGTGTGTTTGAGATCCACACCTGATGAATAGGTTTCAACGTTACCAAGAATTTGATGAAAGTTCGCCTGGGACGGGCGTAGTGGATCTTGAGAATGATAACTGCGTTAAGTTTTGCAGCTAGGACTCCCCTTCAGCAACAAGCCGGCGTAATACAGTGCAACCCCGTTGTTCTATCTATATTCAGTTGTATTCAACGCTCCGAGAATAGTTGAGATGACGCAACTTGCTCACTGTAGCACGCATACAGGGGTACCCCTACGCGAGGGCAATCAGAGGACCTAGGAGAAAGCGACGGCTCCCCACGCGGCAACGGGCCCTTGATCCCTCAAGAATCCGACTTGCACTTACAGTTTAGCTGAGCTACAGACTAACTACTGGTGTCAGCTAGGGTACGTACCTTGTAGTGAGCTCTTGCTGTAACGCTGTATGAAACAGCGTCCGCCATTTATCCCCCCTCTAATCTTGCTGATCGGGGGATGAGCAGTAGTGTTATACAGGAATTGTGAGTATGTACCTCTAGACAGTAACCCTAATTTCGAAATTAACCCGGCTGTAATGGGTTGGAAGCTAGATACGGGTGCGACCAATGTGGTCCTGCACCGATGCAATACTATATCGTTAGACGCTAGGCCCGGCTGTATTGCGTATCAAGACCTCATTACTAACAAGGACGGACCAGACCCAGTTCGTCAATCCGATGTGGACAGGCTGCTACGCTTATTTTCGGAGAAAATACGGAATGGCCAGTTTAGGCGATTTACGTGCGCGGGACAGCGATATACGTGAGGTCATGAGATGAACTGAGTACCCTACGCTCAAAGCAATGGCTCGTTCC,1209,50.37,Arabidopsis thaliana
SEQ_433578,GTTAACCGTTTTATTGACCGGCCTCCCTAAGCCGGCGTGTTTTACCTTGCTTGATGCGCGATGCTACCGTGGCTATTACACTTAAGGTGACCTACATCCTCGGTTATAAAAGACGCGCTCCAAAGAACCAAGGAACCTTTTACTCGAGCGCTTCTTCTTTTCTATAATCCACCAGCGGCCCTGTCGAGTCGAAATCTTAGACAACTGATGCCACCGCGGAGTAACCACCACGTCGCTCCTACCTGTTTCAGCGTATCGGGTAGACTCATAGCCTCTTAGAACGTGTGTAATGGATCATCACCTGCACGAAGTGACGGCGGTTTAAAAGACCTATAGCTACATAGACCTTCCCAAACGTGGCGGGCCGCTAAGCACTCGGTGCTGTGCGCTTACAACACCGTCGATCGACCAACTTGATGTACGGGTCTCCCAGGCGGTACGCCGTGCCTCAATTCTAGACGCAGCTTTTGGAGACTTTCAATTATGAGGCCCATAGCGTCCGCCAGAGTCATCAATGACAGAGATAGAGTTAAGGTCAAGAGAATATCCCAGTGGGCGCTGGTATAGACTGTGCATAACGGAGTCAGTTGGACGTACAGATCGTGACGCATAAAGCCAGCCCGGGAGCTTTTTTTTGGGCCCGTTTTACACTGTGAGTAACAATATTGGTACCTAAGTTGGCTATAGTTCGCTCTCGTGAAAACCCATCTCTGAGAAATCATCTTAAAGACCCGCGCGGATGCGTAAGCTTGGCCTATCCGCTCCTATGTATGGGAGTGCGTTCCGGTACTCCAGTTCGCGACGTAAATCATTAAGATCTGAACTTGTTGTCATACCTAGCAGCTCCCCCCGTGAAACCTCATGTTAGCTACTAAACACAAAAGCGTCCTTGATCGAGCGCTCATCCAAAGGGATGTAATGGCCGCTTGGCTGGGTGGGCGCGATCGAGGACAGGTCGGACGACTTGAACCGATCCAGTACTTCCCCTTTAACGCGTCACAAATTTTTCCGAGTGACAACACTGGAAGGCGACCTAAACCCTACTGTCAGTGGTGTCCCGACGTAGAATAGCATAGAAATAATTAA,1086,50.09,Mus musculus
SEQ_808385,TTGTAAAGACCCTACAGATGTGTATGCATATGGAAATGAAGCTTTCATCGCAATCCAGATCAGATCGACCTCCCATCTACGCAGCGTCGGTGAAGAAACAGAATTCCGGGACCAGCACACTTTGCTCCGCGTTCAGTATAAGTGTATCACTCCCACTATGGTCTAGACCGTATCCAGATCCTGCGAACAAGAGGAGCGGGCTGGGGTCACGAGGAGATGTAATTTCGTATATATGAGTTCACTGTAGAGCTCACTCTGTGGACTTGCTGATAGGTAATGGCGTGCAATCGATGTTAGTGGTGCGCGTAATAATGATGTGGCGCTTGTCTCCGACGTCTTTACGAGATTATGTAGAGAAAAAGTAAGTAAGTGGCTTGCACACATTCGTCCCATTAGTCAACTCTTAGGAAGGTTACGGACGTATGATTCTGGCCCTCCGGCGCTTGCAGGGCGCTGTCAGCCGGCGTGGCAGCAAGGGACAGACAGCTGCCACTGGAAAGACATTGCGCGGTAAGTTTATCGGGTTAAGGAGATATCGGATTCAAGATCTTACGCGGTGAAATCCGAAACTTTTACGGGGATGTTAGTTTACGCTCCGGCGGAGGGATGAATCGCATCCCCTAGGGAGACACACGCATATAGGAGCCGCATCACTCCCATTTCAGCGAGCTACGGTAACACCATAAGAACTCCTACCAAATCTGGGTCCTTACGCTGTTTCCACCATGCCCAAACAAGTTTTGGATGGGACCCCGGCAGGGACCGCATCTTAGACATGCATCGCCACCTACCCGGCGGTCGAACGGGTACGCGAGCGGTTATTTCCGATTACTGCATCATTTGCTCAGTTAAAGCACACGGTTGTTCTGATCAATTAAAAACTCGGCCAGTGTGGTCTGAGATCCAACAGCACGCTTTACTCGCCAGAGGGGCACTAGAAGGCTTTGGCCGCCATAATTGTTCATCCCCCGGCAT,975,50.67,Drosophila melanogaster
SEQ_521636,ACTGTGACGGCCGGGCAAATCATACATTACAGAATTTTCTTCGCCGCCCTGGGGACCCATGTGATGTGTTCCTAATAGCTTCTAGCTCACCGATGGCACTTACGATCAATTGTCAGGGGAATCGAACGTTGAAGTGTTACAGCACGCTCCAGCCGCTCGATTCTAAGGACACTGGTACTCGCCAGCGGTAGTTGCGGGTGGGGATGCTATCCGTTGCGATAACCGATTTCCCCAATTACTCCGGCGCCCCGTAATGATTTATAGAACAGTCCCGGGGCATGGCAGCCGCATCCACTAAAAAGCAACGTTACACCCGCAACAGAGATAGACCGGGGAGCAGTGTAGTGACATTTCGCCGATATAAGCTACATTCTCGATAGCGCCCAGGTAACTTCCCCACCTTCAGGGTGGGTACGTTTACGTACATTACGATATTCGTAGAAACCCCTTCCTCAAGGCGCTGGTAGGAACCAGCTCCAGAGTGCCCCTAAATTTCACAGTAGCGAAAGTGTCGTACGCTTTGCTTGGAACTCCTAAGTGCCGATGATGGTAAGATCTTGTCATACGATCAAATTGACGTCGACGCCGGGTTGTTGAGAAAATAGCGGTTCGATACAAATGCTGGGGGCACCCGGGCGGGCACGCTAATCATACGATGGGATGGCTAGCGGGACCATGCTGAGCCGTTTTGGGCTCTCGATTCTTACGGTGAGTGAGGCCTGTCGCCTCTTTCTTCCAGCCCACACGATGAACACGCCCCTCATCTGAAAATAACCTATTCATTCAGGCGCTTAGATCAGGATCGTGCCTTGGACGTCCCCTGTATTTTGATATCCAACCGGCGTGCGTAGGGGAAAGCGGTCTCTATAAAACGAAGAAAGCGCCGGTCTAAATGTATAGCGTATAACAGACTCGCGCGATCTCGCACTGTAGTCTCGCGTCTCTGCTCTAATCGATCCGGTTGAGTTGCGTGTGCTCTCGCGGGAATTCGCCGGGGTAATCGACTCTCTTTCCCCTTGTGACTGAAGATGGCGAGGATAGGTTTTGTGTATGAAAAACCGTCAAATCATTGACGCTTACCGCCGATGCTCGAGGAGTGGATGTCCCCATTCATTCCCTCGGCGGTTTGGAGTACGCGCCTAGCTTGAGGCTATCACAAAAACAGAAGTAAGGGATAGACCAGTCTTAGCATCACCCCTTTCAACAGGTGCCAACAGCTAGAACAGCCTACCTCGCTGGCTCGGGGGCTCTTACCCCCCCCACCGCGTCCAATCCGGATGCACTGGTTCTAACGAAGATTATCGCGTCTCAGAGATGCAAGCAGGCAGCTGTTGTTAGGAACTAACCAGGGGCTCGGCACGGAGTATACGCTTCATAGCACAGTCAAGTTACATCGGAAGGCATACACCGTTTCATTCTGGTTGAACTCAACGTATCTAAATGACGTTTCTGCATGCCCATCTCCTCACTTTCGGCCCGGTAGTGGACTTCGTGCCATAGCATCCCCACAAAGTATTTACACGTGGATCTTCACATCGGTAAGCCAAGTACCTACCTACGTTAAGCAAACTCGTTACCAGATCAAACATAAGTCTTTTCCGACAGCATGCCCTGTATATATTGGGCGCAAGTTTTACGACTATCCTCGACCTGGGTCTAACAGTCGGAGACTAGATCAGTATAAGCTCTCACGGGCTTCATGCTTATTGTATTTACGAAACAAGCTGTAAGGACAATTAAACCGACAACATATCACGTGACAATGAGTGGGCGGTCGAGGTACTAAATCCCTGTAGAGCT,1800,50.83,Mus musculus
SEQ_257601,GCGTCGAGGTACGAAGAACTGATGGTTGTTCGGGCTTCCAATGTGGGAACGACGAAGATCTTGCCCGTGATGTGAATCGTCCTGGCACAACAGGCGGCATTCGCTTGACTAGAGGGTACCCGTGGTTAGCCGAAACCAAGAAGATTATCCCACCATTCGCTGTCCCCGCAATAATGATGCAGGAATTAGGTAAGGTATCTAGATTTTCTTACTGGTGATCTCAGCTGCTCACCTGATACACCTAACAGTTGTTCGTATCTCGGTTGATTGCGCTGTCAAGAAAGCAGCGCCTGGATTGCCCTGCGTAATCCCGGGGGTTTACCAGCGGGAGTCCGGCCTTCCAAAGAGCTAATAGCGTTATAATAAGTAGAGGCAACTTCATCTCGCCCTATGCGCGAAAGGATCTCCATTCGGTTTTTCGGTTGTGACGGCTGGATAACCATAAGGCTGTTAGTTCACATATGCAATGGGCCCTTGTCTCCTTGTTTGCAATCGTAGGGGACGGTCAAATCGCAGGCCTAATATGGGACTGCTATATAAGGCACTCTCTAACAGATCTGAAGAGAAACGCTATAAGGGGGGGAGTATTACTCATGAACGGTTCGAACACTCTTTGACGAGATCGTTACTTGACATACGATCAATCGCAGCATCGGCATGGTCGCTGTTTGATCGATCCTTAACCGCCTTCACCCACTCATTGTAGTTGCCTTACCCAACGGGCCGGAGATGTGGGATGACTCTGTATACGCCGTATGCTAGACGAGGGAGTATTGAAGCCAGACTTTTTGGCCAGGCTCCGTTATTTGAGACTGTCGTGGTGTACGACAGCTTACACGATAGAACTGAACTCCAGAGGTGTACGAAGGACAGAGTCGGCAAGAAACTCCCTATTTAATCGCGCCCCTTTTGTCGGTTGGATCCTATCAGCACCGCATTGACCAGGCGTTTCTAAACCGGTTTTAATAACATCAGCTGTGATCTCACGGGTAACAGTATCACTATCGTTTCTCGGGGGACGCATGCAGGTACCTGGCGGGCCAGAATCGTCTATATCTTTCCACACATTCTGTGACCTGAGGTTGCATGCTAACTCTCCTATGGACAGGTCCATATTACTTTTGGTCGGGGCCTCTGACAAAGGGCACTTTTTTCAACCCAATAAAAGCGAAATCTAAGGGGGGCTAGGAACACGAAAGGACTGTGATTAGACCACTTAGGCATCTTCGGACACTCACGTATTACTTTTAAGGCAACGGCCTTATTTATATCGATGGTGCGCGTTTGACTAATGGATTTTTTGCTTTCGGCGGTCGGCTACGTAGCAGTTGAGAATCTTTCTATGAGCGAGTCATCCTAGAGTCCGGCTGGACTGGCCGCCGATGATTGCCATTGTCCACGTAAGGAGTTACAAAGCTAAAGCGGACATACCGATTGTTCCCAAAGGCTTATCGCCTTATTTCTCACATGTGTAGATTACCGAAGCGGTCGGTCTATCGTCTATGCCTTATAAACCGCTAATCGGGGTGCATGTCCATGACCCCACTGTGCGAGATAGGAATCAGGTTCTGCTGCTACTCTGGCGTTGATACACAATAGACCCTTGCCGGACTAGCTCAAATTACACTGAAACTTGGGCGAGGTCGCACATATAACAAGAGGCTTATGCGGTATGGAATCATCGATCCATATGGGGAGTTACTGTGCTGTCTAACCGGGCGATGGAACAGCGTATAGGCGCTTGTTGAGGGTACCACG,1758,49.15,Mus musculus
SEQ_488910,CCTGAGCCAAACCAAGATTGCATAACCTTATCCTTATCTTTTTGGGCTTCCGTGCCTGCATGTTCCAGGTTCCCCCCGCGCGCAGGAGCTTCGTTGTTCGCCCTGTACCTTTAGGGTCACTTAATTGCCGGTAGGGCATTCGCAATCGAGAACAGCCGCCTAACGAGAGGTCAGAGAGAACGGCCTTCGCATAGAAACAATGCTCATACTGACTGTCCCGTTATGGATGAGTTCTATCCAACATTGCTAACTCATAACACCTGAGTTTTCGGACAGGCGGGCACGAAGATCACCCTGTCTTTCAGGTGAGTTTCCGCCCTTCCGTCGCACTCGCTAGACCGAAAGCTGGTACCACGCGGAATAGTAACTCCACGCCTCGTGCAGTAACGGC,391,52.94,Drosophila melanogaster
SEQ_959561,TCCTAATGCCACCTTATCCCGAAGCACCCGTATCGCGAGACTAACATGGAAGCACGGAGAGTGTTAAATTATTATGTTGATAATAATTTAGCTGGACAGTTTCCAGTCTTAGCATGCCGTCGGCATCGAATTCGACACGACCATCAAGCCTACCGGGCTGGGATGGGCTTAACTCGAAACGTAGTGTACAATTTTTCTCTTTAGAGCCATTGGCAATCCAGCGACGGGACACCAAACACGGTTTTCAAAGGTCACGTTCGAGCAGATCAAACCGTGGGTACGGGAAGTTTTAATATTTCACCATACTGCTTTGCGTGGCGTCAAGTGAAGAGAGGACGGTGAAAACATAGTCCCCTAGATCAGGCGGCGGGCTACACTCACTCAGGGCGTCTCCTTATACCTCTCTGTCCCCTATACGACGCGAACCTTTTTGCTGTTGATCGCAAGAGGGGAGCCGAATGTTTGGAGGTGCATCCCCTCAAATTCGTCCTCTCTATGAGAAGGGGCGCGCACAACGAGCATTTCGCTAAGCCACATCAAACACTCCGTCAGCACAAGTTCTGGGACAAGAGATGAGACTGGCAAATAATGGTCGCATGGATGAACGCTCGACGCGGCGTAGCACTTAAACGTTGTCGATATGGTCTTTTCTGATTGGAGTCGTTCACCGTATTATGTATGTTGATCTCGGGCGGCGAAAGTCACTGCTACCCAACCAGTAGCGGGCGGTGAGAGAGCGCGCAATAGAGGGCCAGACTGGACAGTCCGCGGACTGGCATTACGCTCCTGAGCAAAATATCGCGCCATCCCCTTCTACGCGGGCTCGGGCTGATTTGCGCGCCTGCTGGCCCAGTCAGATGCGGTAGTCCTGTACTGCATGGCTGATTCCAAGCACCGTCGCTAAGGCGTAGCAATTTAGAGAGCGCATCATGTAGATAACAACCGAAACATTAGCGTCCTCCCGCGAAATAGGGGGAGAGCCAGCACCGTCTAACGCCTAAATTACGTCTTCAGGCTTTTTCAAGGGCGCTCTAACTGTTAGGTACACGACATTTTGCCATAAATCCTGCTGTGCTACCAATGGACGGATAGTATAAAATGGCACCCCGGCATGTCGGTACCTTTATTTAAAAGGAGAAAGTATACCCAGGCCCGTCCTTGTTACATATCTTGGACCATACCCGTCCTCCAACATTTAGGGCCTAAGTAGCACCCGCAGCGGACTGACACATTTAAAATCTTTAAAATGGGTACCATGCCGAGTACAAGCCGCTTGGTCACTGATTGGGACGGGCATCGGCCTGTGGCGGTGCCCCGTTATGCGACGGGTGTATTTAGGGTCTCCAGCCCTACCGCTTGGACTCTAAACGGAGGTGAGTTCCGCGGGATGAGAATTCAGCCAACCGACGTGCATCCGTCCCTCCAGGGACAGCAGTGTCCAGTCTAAAACTGAGGACGTAGCTTATCCCCATTTCTCTACTACGCCGGTTGGAGGCCTGACTGTTCGCACTGTTGGAGAACCCCCCCCACCAGCGGCTGACACCTCAGCCCCGTATGATACCCCACCTGGAGTCCGCCACAAACCACGCGTGGAAGCATGCATATAAAGTGCCTAATTCGGTACTGTGCTCAAGACAGGCAGCAGGGTACATGTAAGCTGGCAACGCCGATTCAACAGTTTTAAAGCCATCCGTGACGCACATTCTTGGACGTGATACTTTGTAGCAAGTGACTGCATAGGGTTCTGGGAACTATATGTGATTGAACTGATGCTACGCGTATCGGAAGGAAAACAAACAGAGCGCTCCGTAGGAAATCGAACGTTCATATACCAGGACGTCGGG,1844,51.79,Mus musculus
SEQ_743470,CATTTCGACTAGCTGAGCTAATCAAGGCCCGGAGTGCGGTTACTACAATCGAGGTTGAAGCAGGCCTTGAATGGGATTTAACTTGAGGTCATAGGATTGCTTGACGTTATTCCATCCTAGTAGACACGCGGCTTGACCTAGACGTGACCGGGGGCGAGATCATGCTCAAACGTTAAGTGTCAGCTGCCCCCGTGCGGTGGCAGTTGATGGGCTCGGGGAACATAGATACTATGGTAACACCACGCGCGTATCCGATCCCCGGCTCTTCCTCGGGAGCTACTGTAGAAAGAACCTGCCCATTTCTTGCCATGACCGGTGAGAAGCTGGAAGCGGTTCGATGTCCTGGACTACTGGGGGATCCACAGTTCCAGGCGACCACCATGCCAATTGCTAAACATCCACCCGCCAAAGGTTGACGCTGCGGTGTTGAGGACAATTAGTCGCAATTAACAAATGCTAGACTAATCACTAATTTACCCCAGGGACATATATCTCGCACTAGCATTACGCAGGCACTTCACTGTAGCCGATCCGAGGGACGAGCATTCCCATAAAGCGGCTGACACCGAAGTATCTTCTAGAAGCCTTGGGCTTAACTCCCACAGAGCACTTTTCGCCACACCTGCTAAAGTCCGGAGCGGTCGAAAAGCAAGGTAGACGATAGATCACCTTGGCTTTACCGTCTGCGCTACGAGCGGACATTGAAGGCAACGCGTTATGAGACATCCGAGCTTGTACAGAAACTTATCGTCCTATCATATACCTTTAGGGGGAAGCTGTTGTAGATTGCGACAGTTAGCAATAGAACAGCAGTGGCCTCCTCTCGGCGTTTATGTCGATGTAAAAGCCCGCAACATCCAGGACCTTCCGCAATTGAGACCATCTCGCTACGGTAGTAGGAAAATATAGCGCCGATGATGGCATCCGAAGTAGAAGGGCCGACTCCTCTCACTGCATTGTTTCACCGTCCCACAAATGAGCTCAAATAAAAAAGGTAGCGGCCTGGGGACTACTCAGTTTAGTCTGCAGTAGATCAACAACTCGGTAATGTGAGCGTATGCTGAAACGCGATTTACGTATGCTCCGAGTGTCCCGCCCGCTGACCGGAATTATAAGGTTCCGCCCTTGCAGATCCTAGCACGTACCTTAACCGCTACTTTAAAAACGCCGGGACGAGCTAGGAATCCTAGAGGAGCAGAAATGTCCACGGGAAACCATCTACTAGAGTAGTATGCAGCGAGACGAAGCGAGAGTTAGATTGAACGGTGTCTGTGGAACCTTTAAACGCGATAAGCACAATTCACGCTCATTTGTGATGCGTGGAGGCTCGCAAACTAGATACCTCGCTGGTTCTATGTGAAACCTGGCCAGACAACTAACAATCTACCCCCGGACTTCTATCGGAAGGTCCCCGGTATCTTGAGGTCACGTCAGCAGGTCTCACTTGCTTCGTTATCATAAGAGTGCTAATTATTCGCCGTGCAATAGATAATGATGGATTAACGTCTCTATAGCGATTCCTACCCCCCGCCTGAGGCTGCTATACCTAAAAGGTGTACTGGTATTATAATAGGGAGTGGGAGTCCACGCACGCAGGAACACAGCGAATCTGCTAGAAGGTAGCTCACACTGTCAGCCCATCGTCAAGTTTGCCCGGCTGTCGAATGCATCGGTTCTCCGACGCATCATACAGAGGAAGGTCTGGCGGCCGACAATTCGGTGCCACTACCGTGGTCGTAACAACGCCGACCTGGACATCAATGAGTTGATCGGAGCATCCAACGCGTCGACCTACAGCTACATCCGAAGCTGATAGGTTGTCAGTCTTGCCCATTCATCTTG,1842,50.92,Escherichia coli
SEQ_848376,AAAGCGGACAAACAGACCAAGTATGATTCACGGAGGTTCAGCGAAACTAATTAGGGGCAAGGACAGGGAACCATGTTCGTTCGTGGCACAGTGGTAAGACTAGCCCATGGGCACCGCTCCTTATTTGGCATCTAGACTCCTCAAGGAGGGCCACAACACTGAATCGCAAACCTTTGGCTCGCGTGACCCCCAAGGGGTAAACCTTACTCACAACTGAAGCACGCCGATGCGATCCCCTACTGGAGGGATCCGAGATGCCCCTAGCACCGAACCCTTTAATAGTGGTAATGTAACAACGGGTTATGAGATTGGTGCACCGATATCTCATATGCTGCCGTGATGTCGAACTGCGTCTCCCAGCACGAGGGATTGCCAGATAATTGATGGCTAGGGTTCTGCACTGAAGTTTTATTCCCGTGATGGTCATCCTCTTACTATTTCCTCGCCGTATGATTTTAGTTCTCACTGCTCGTGCATCGCCATCACTATAGACCGTCCAAGGCGATGGCGCTACGTGTCTGTGGCGTAGAGCGCTCAGGATCTTGTTAGCTCACCAGGGCGTGAGTAGTGAGGGAATACAGTTACGAGCGGACGGGTGGAATCGCGCCTTAAACAGCCAGACACGAGCCCTTAACGTATAAAGTCTGCGTCGTCAGGTCCATATAGAATTGCCTAGCCATCGAACGGAAAGGTGCGCCGCAATTCCAATTAGAGACACAGTAGAATAGGTGCATGGACGAGTCTCCCGACCGATCCGCAGTTTTCAGACATACTAAGGCCACATCCTACGCGAAGTACTCGAAACCCTTCGACAATTCATGCCACTGCAACACCGCGACTGCGTTTAAACGTGAGGGTATATCAGTATTTGTTTCCGGCGCCCGGCCGTGAGTGTACATGGCGTACCACGTCGCCCCGTGCAGCGCGTTGCCAAGGCTCGCACTACTCGATTGTCGACTAGGGAGCACCCAGTAACCGTGTGTTGTCTAGGACTGGTTGACTTCTTGGGTACCACTCGGTTGTTCTAAATTAAAGTACTATGCACGTGCTGCGGACCTTGCAGACCGGGGCCGTAGGACACACGTGCTCAACGGAGATTAA,1101,52.41,Mus musculus
SEQ_225623,CCTAATGACAGTGCTATTACCTCCATTCTTGCATTAGTCCATACGGGCTCCCAGGAATACTGTCTGGTATGAGCGCTTGCAGCCTACAGTCGGACCCGCGAGGCACGGTCAAAATCCCGTTTATGTCTCAATCGACCCAGTGATGACCTTTAATAGAGCATAATCTACGACAACGTCCCTTACGGTAATAAGGACAGGACTCCGTCCGAGGATGGGCCTATTTCCGAACACATGCGGCAGGAAGGGTATTCTCTGCAGAATTGGATAGCGAGGCATATCTGCGCTTTCTCGTGAGATCTTGAAAACACCAAAGGGGTTATTATGTGAACATTGATGTAGTCGCTTGGAAACCCGCTTTCCCCGCAACAGGGCCGGGGTAAAATGACCATTTCTACCAGGAAGCTAAGAGAGCTGCACTTTATTGCACGCTCGGTTCCATTCGAGCACAGTGACATGTTATTCGATGCTCCGCCGGAGTGGAAAGACACAACCACTAATTTACCAATTGTATAAACTTACCACGGCGCCTAACCAATTACTAGCTTACGGCATGGCGATATAATCTCCACCAGTCTCCTGAACATATTGTAGGTGTAACTGCAATTATAATTACGCGAGCTCGGCAATCCTATATTCCTAGCTACTGGCCTAGAAAGCGTAGCCAAAACGGGGCGAAAGCAGCCATCATTCGCATCT,696,48.13,Drosophila melanogaster
SEQ_211531,TCGAAGAGACAACGTACTATTCCTAAGTGAGGATGGGTGAACCAGGACTGTCTCGCTCAGTTGTGCTTTTTGACTTTCACTGAATCACGTATCTTGCGAGGCGACTCTCAATCACGTCCAATGTCCCGCGTAGTTACACATTCGTCACGCTAGTATCATCTCATATATTCCTATCCTGCCAAGAGTCTTAGGACAGATATGTTACTGCCCGTTTCTTA,218,45.41,Mus musculus
SEQ_440226,CGGCAAAACTATCCTAGTAAAGGGATGCCCGATAACCACTACGATCTATAAGCATTGGTACTAACGAAATTTATCCTCGCCAATGAGTGGCCGGCGTTGGCACAGCTTGTTGCGATGGGACTGACGCCTGAACAGCTGTGGTCGGAACGAGACCTGTAATTTGAACGATCCCCCCACTCGTAGTTGTTCTTGCGAGGGCTTGGAAAGTACCCGTTCAGAGGCTACTGAGTTAGGTCTTAGAGCCA,245,50.61,Caenorhabditis elegans
SEQ_969909,TAGTGCCACTAATTACCCCTACTTACTGGACAAAAAATGCCACGAGTATCGTAGGTATCCCCTCGTGTTTTTCAACGCTAACCCGGCCCCCCTCCGGAAATGGGCTGACAGTCCTAGAATTATCTATACGTGAGTCGTGTTCCTTAATAACCGATTGAGTCCCAACTCCCCTCTTATTGGAGCCCTGTACCTAGAATTATCTGTTTGAGATCGCTGGAAAGCACTTACGATTGAGGGCCCTGATCAATTATGCGCAAGTACGAGTACCACTGAGTTCTAGGGGCGAGCATGGTTGCCGTAACCACTCTTACTATACGTATAAGCGATCAATGAGTAACACCTCTTTGCAGGCGGGCATTAGATACAAATACCGTGATGTGCTAAAAGGTGCCCTAGGAACATCCAATCACTGACCTATCATTAAAAATGTTCTCGGTCTTTCACCTGAAAAATGAACCAAGCCCTGTGAGACATCAACGTGGCTTGTCCCGCCAGAGCAACAACACGTTGCTTTAGGAGACCTCGACAGTCCGCCTACACCATACCATCTCATCCTTGCTAACGACTCCGCTGCCTCATTACGTTATGCAACTACCTATGGCCCGCATCTTCTGTGCAC,619,47.82,Mus musculus
SEQ_536799,TTACTCCTCTCGCCCAACTATGGAACTCCAGCGGGCTTCTGCGTCCCGCAGGATGAATAATTGTATGCCAGATGTGAGCTCCGTTCCACAGGAAACAATATAAAGCCAAAAGCAAAGGGAACCACACCACCATGTAAGTCGAATCCAAGCATCGTGCGACATCACGGCATTGAAACTTTATACCCCGTCTCGCAGTCCGGACTAATCACTGACCCATCTTGTCGCAACATCAGAAGCCGGTGATCGGTGAGGGAGCGTTAGTTTCTAGAGTTTGCTGAGGCCTGCGCTTAGGAACCGCCCGACATAAAGGACATAGCTCAATTGCAAGAGGGCCGATTTATACGGCTACGCGCCGCTCCAATATTGAGTTTTTTCCCGTTATTATAAACGGGAAGGATACGCCAAAAGGCCTAGCGACTGAGCCCATGCGAAGACAATCTCACAAAATGGCGGCGCGCGTGGGGCATTACCGTTTAGGTGTAAAACTGCTCCGACTCTTATTAGAGAAACCGTCCATGTACATCGGCCAGCCATATAGTCGCGCTGGATCTCGCAGGCTTGAAGTGACTGGATGTTGTACTTGACGGGAATTAAAGAGCCGGGCCGGCAGCTGCTCTTCAGACAGAAGGAGACTGCTTTTTACCCCTGTTTGAACGTAGTGAATGAGCCTGAGCCGATGGGCCTAGATGTTCGGTTTAATTCGTTTAATGGACATGTTGTGTTCAAGGATTTCAGCTCGCAAATAATTTGGGGCGAGGGTCATTAAACGGTAGACGAGGTTTAACCATGAAGCATAGCTACTTGACATACTAGTAGTCGTTGTTTGTGAGGCCAGGCTTACACCCTGACTAACTGAGGCCATCAAGTGTGTCCGTTCGACCTAGGTGTTACCGGCTCTAACGTATCTTGCACAGTGAAGTAGTTCGTTTTGCACGGTCGACCTACGCCCCGTGGGTATTCGTACGCTGATCAAATAAGAGATGGCTCGACTACCTCAAAAAACGTTAACAGCAATTGACGCTTCCTGGATAGAATGATGGAACACACATTCAGCATGCCCCGTCGCAATGTTCTGGTGCAAGTCTGACGCTTATTATCACAGTATTAGTCACGTTACTATTTCAATGCGCT,1131,48.89,Homo sapiens
SEQ_542953,TGTATGCTGCCAGCTACCAACGCTTACATCTTAGAGGGCGGGCATATGACGGTAAAGGTTTAACGCATCCGAGTGACGGTTAATAAGGCCAAGTGTATTGTAAGCTAAACTTACTTATGAGCGCTTGCCCGGCTTGTAGGCGTAGGCTCCGGACCAAGTCGTATGGGCTATAGAAGCATCCCTTCCCGTGCGCCATTAACATTGCGGCATTTAAGTATTACCTTTCGACAGGACGTCGAGTCGTATTATAATGGAGTTTTGATGCTGGATCAGCCTCTCGAGTGGAATGACGGAACGGCCACTAGCCGAAGCATCTCACATTCGATCGGATTCGTGGTCAGAGTTATTATTCGATCTACGATATACTCTTCCTAACGCCAGCTTTTTGCATCCTAACCGCCTGCTTTATTCAGGTCTCGAGGTACGCAAGGTCAACGTCGCCACCCGGGGACGTAGCGTAGCACTAATCTGAAGAGTTTTTAGCGAGAACTCGATTCATAATCCCCACCTACTGACAAGTCGTAAGGCATACTCTAGGCGGCTACAGGAGAGGGTACCCTAGACACAAGCCCGCCAGCACGTAATAAGCCCCCTGTTCTACCACATCGGCTATACCACACTGCGATACCCTGACCCTTAAGTGCTTGCAAAGAGTTCATCGGACATTGTCGTCCGGTTAAAGACTACTCGATTTAGCGTTTGATCCGGTTCACCTCGCGTCTTTCAGACGGCCATATTGGTAGCAGCTTTCCTGCGATTTTAGCAGTAGTTGGTGTAGAACGTTCTGGCTTGATGAATACCATGGCCAGTCTTAGACAGACGCTCCACGGCCAGGACATTCGGATCCAGTTTGTATCCGGAGTATCCTAGCTAAATCTACCCATATTGCTCGTTCTGGATTTGCAGTATGAGTAGTGATCA,921,49.08,Saccharomyces cerevisiae
SEQ_874188,TGATCCCCCAAACTCCCCTTGGTTACCGCTATGGTGTAATGCTTAATTGTATGAATCAGAAAAGACGCGCGTGTGATGTACCCGCGGGTGTCGACGTGGACTTACATCCCCGGCAAGCCGGTTTTGCAGTGACGTAGCACGTGGAGCCTGAGAGGCCCTTCGAACAAGGGTTTTTCGGTTGTGGATCCTCAGATACGTGAAATACATTGAAGTTCTCTACAATTGCAATGCGTTTCCTTAAAATTGATTGCTATGTCAAATCCCAGTAGAAATGTCGGTCTACCAGTAATCGTACATGTCCCATTCTGACGAGTTGGAGAGGTTATCTACGGACGAAAGTCCGCTCAGGTCGCGTATGAAGCTTCTACGAGATGCGGCCTGGGCGTCCTGATCCCCTGTATACTACGGTGTACTCATCTTCCCGCAAACTCATGGTCTTACACAGTACCGATGGGGGGGGGACAGATGAGTAAGAATATTACATAGTGTTCGCAGCCGCCCGGCTATAACACAAGTACAGACGGTATTACCATTGTTGCTCCCCGCATACTAAGTATCAAATCGGTGCGCATTACACTCTCATGGCTAAAATTGACGTTCAATTGGCTTCCGGAGCAAGCACCTATGGCGTAGTCCGTTAAGGGTTCTTCGCGTGACAGATTCTTGCAGGCAGCCACTGTGTAATAAAACGTGCTGCCCGGCTGTCAAGAAGCTCCTC,718,49.44,Saccharomyces cerevisiae
SEQ_904718,GCTGGCTCTATTTGTCGCGCAACGCTACGAATTAGGATCGGTGTCAGACGGTTGATTCAGACCAAGACCGCCACCTTCTCTCCCTGGTTAGGAAACTTGATCCCTCAAGTTTTGTACCCAACTGGACACGGTGCGAAAAGGCACCGCCTCTAATGACACAGTTCGAGATCCTCGACTGCCCCGAAGCCCTTGTTAATTGTCTCATCAGCGGGACCGACGTTTGAGCCGGGTTAAATTTCAGGCGTGTTCCGTGTAGCTTCTGTGACTTCTCAGGGAATTGATCTGTACAACAGCGCAACGGCTGGACGTAGCAGGTTGATATAGATAAATGCAGCTTAGTCGAACAAAAGGCGTCGGATTCGACTCACAATGCGTGACACTCTGCCCGGCTAACGCCGTCAATCCGTTGAAAGTTCAAAACCGGAATCTTCGCTTGATCGGCCATACTCGGGTGCCGACTTGAGGTTTACCCCTAGAACTAATTTGAATTTTAGCGATCAGGATAACTGATATAAGACGAACTTACCATTCACCGCTAGATATATTTAGCATTGGTGAAGCTTGGTTAACTGCATCTCCTAGCCCCAACCGATCATCTACTGTAAGGTACCGATCCCTATCCCGGGCGTCTTGGTTCGGTTGGACCTGCAAAATGGCAAGAAAATTACATAGGGCGTCATACTCGTGTCCGCGGCCATGTATCAAAGTCCCCCATTACCAAGCCTATTGTGTCTGCTTATCCGGGCTAACTGGAGCGTTAACAGAAGCGCAGTGAGGGACGGGTGCTAAGCGAGTTGACATTAGGTAAAAGCATTCTATGGTTACCTATACAAGCGTCTGACTGTCCCGAAT,852,49.3,Drosophila melanogaster
SEQ_952801,ACGCCCTCATGCCCGCTGTTCAGCGACACCAAGACAGTAAACTCAGAGATCTTCCCGCGAACCTCTACTGCTTTAACGGCGGTTGAGCGCGTTGCGGGAAAAGTCTACCCATATACCCCGAGTTATCGCATTATGATAGGGAAATTTATATGAGTAGACCATTGCTTCTATACTCTGCGCCTTAGGTGTGGCTCGACCTTGCATTTACCTTTTCGGTCATTTAAATTCCAAGGAATGCGGGATCGTCATAATAGAGGTCGTATCTCGGAGCTTGACTGCTAGAATCATGGTAAGAGGTCTGCGCTGTGAGTTCGTATTTGATGCACGCGACTAATGAAGATTCTTTTTTTATGAGGCCAACGTTCCTAGAGACCTATATATTCTGGTTATCGTCCGAATTGGCTTAAGCGTTCAAGAGAGATACTGAGGTCTCGTCTTTAACAAACGCTACGGTGCACAGCCCATTTGATCTACTACTGGGGTGCGGCTGTTACCGTCGTCTTGGCCCACCGGGCAGGCACGAACTCAACAAACGCCCTTAATGCTGGGAGCTGGTCCCACCGCTTCTTTTTACGACGCGCGCCAATACAGTGTACATTCCTACAGGGGCGGTCCAAGTTCTCATCAATGGCTATTACCATCGATGGCATAAAAGAGCTGCATGACGGGGGCATAGCCCACGCTCCCTGAACCTTTGACTGAATAAATGTCTAAGCGGGTCCGTAAACTTTGGGGTCCTGCCCTCTAAATGATTCGCAGTAGTCCACTCTTGAAAGAAAGTTGGCATTGAAGCTAAGAACAAGTAGTTTATGCGATGCCCCCACAATCCCATGGGGACCCTATTACAGCACTTCTGGAATTAAAATTGTGGCCTATGAGCAACAACGCACCTGTAATGTTGCAGACGATTGTTGTACATCTCTAGGCTTTCATAAATGGTAACGGTTTGCCAGAGTGCTGGCATAGTGGAGGATAGGCCCAGCTCCCGGTTTCGAGCGGAGCATCGGCCGCAGTGCACCAACTAGCCGTTTAGTACCAAGAAACTCTTTGGTTGTACCTCGGCACCGCCTCCTTGTAAGCTTCTTCTTCAACCCGAGAATCATCAGTCCAAGTAATGATGTGCGTTAAACTCACCTGACAATGTAACATTCTCATTACAATTAGGGCAGAACGTGCCGCGTATTACGTCGAATTCACCATCGGGCGGTTAGCAGCAATCAACGTTCTTGACAAAGGACGAATGCTAATCCGTTCGAGCGCCCGCTCGTCACCGTAGGACCCTATAGGATCTAGGTTCTGGGGCCGGTAGGCAACCCATTTGTCACCACTATTTGCTCGTGCTCACCCGGCAGGTTCTTTAGGGCGGAGGTCACGCCGTCAAGTGATTTGGCTGCCCGATGGCGTATCCCGCCCGTAACGACTGATCTGGTACTACGTCTTGAGTGACGGAGGCTTACAGGAGTATTTGCGTAATGACGTTTGCAGCCGCAGCTAAAATCCAACTCAGAGCCCATTATACGGCTTTGCTAGCAGGTTTATGGCGCTCGACCCGAGAAACACGAGCGAAAAACGCCGTTGGTGTTGTCAATACGGGGCAGCCTTTGTTCTCACGGACAGGGTAAATTTCTAAGCGACTGTTT,1640,49.76,Saccharomyces cerevisiae
SEQ_314025,ACGACATACCGACGCACGATCGATAAAAGATGGCGCACCGATATATATCTGTATAGCATTAAGGGAGCTATAATATGGATTGCCGGAAACTACTGAAACTTAATTGCCCTAGCGAGCCGACCGGATCCGCAGAAGCGTAATATCCCCCCTCGATGGATGGGGTACCGCGCTGCGTTTAAACATATCGTGCCCTAGCGTTTTTTTCGGGACACAGCTATATTGCCATGAAAGCAGGAGGGGACTACCCACCGATTTTGATTCATTAGCTCGTTGCTCTCTGCCATACTACTCCAAAGAGTAACGGTGGATGGGCCAGAACAAGAGCATTGCCTGTAGACATTAAACTCAAAGCCCTCAGAGAATGGGGCGCTTCCAGACAGTTGCCTTGTGGTGATAATCAGCAATAGCGACCTCAACTTGATTCCTTCGGTCTCTACAAGTAGAATTCCGCATTATCTTGCCCGTGCCTGCGTGCGCGCACCAACCCAAGTATGTGTCGGATCATTGACACTCTTCCCGGCGGGAAGAAGAGTACCTTGGAGTGAGGGCCACCCAATACTGAGCTCGCCGGGATTTATATAAAGCAAATCCGACACTCCCTATTTGCGACGCTTCTCAACAGTTAAGCTGACTCAGATGTTGGCATTCCAATATCCGTGGTCAGTGTGTAAGCTCTTCCGCTCGTCCGTATGGGCAGGACTAACGTCTCACGGCCCGCTCACGGTCTGCATACTTTTGGGTCGCGCCCCGCTAATAAAAGTGTGA,765,50.33,Homo sapiens
SEQ_363884,CTCTTCCCGCGAGTCGCGCGGCGGCTCCGCTTAAGCTCCGGCATGTCACATCTCCGTCCAGGTTCTAACCCGAAGCTCACGAATGGTCAGAAGTTCCAACGCCTGCCACAGCGTTTATTAAATAGTATTGCAGCTTACCTAGTCGAGTTACGGCCAGGCAGCAGATGGATCCGTTCGCTACACGTGTGCAACCAGTCTAAATAAGTTGTAGAACGACGATTGGAGAGGAAGTCTGTATAGGCGTTCTGAATTGCAGGACCTCCGCCTTCAATCGGTGAACACGGGGCGTTGCATCCGATGATACAAATATATGGCCTGCTCGCTCACGCGCGTGTACTCGACATAAGTAGTTGTTAGTCATCCCTCTTTCGTGGACATTTTACACCTGATTGGTAGCAACCTGTGCTATGGACGACATCTTAGTTGCGCCTTAAAAATAGTTAAGTCCACGCGGGTGGTAGCGGTGTTAGACTACAGTCACTTATCGTGTAATTACAGAGTGCCCGATAAAAGCGTGGACCTACCAAAGTGGAGCTAACTTTTTTCGACGGCCCGACGTAATGCGGAAAGTGCGCCTGAAGTAACCCGGAGTGAACCTCTCGATCATATGCATTGCAGGAGGACCCGCCGATGGCGCAGGGGTCTAACCATTGAGGTCTCGATCAAGCCTGCCGCTCAACCTGGACGGGCATACGCGAGTCAGCGCAGGTGACATGGACTAAACATTGCCCTGTAACTTAGATATTTGCCAAAGTATCACACTAATTGACCTTCGCGCTATAGAGAGTTCTGCTTGTGTCTAACATTTGCTGCAGTTAATGGCCTGACATTCCAGTCATATACGGTAGCTTGTTTCCGGTTGCACACGTACTAGAGGTCTCGCATTTGCAATTTGAACAATGCAAATAGGTGATAATCAGGTGAATTGGTGCACAATCGCCCAGCTGCAGAGCGACTAGGGAGTATCTACAGGGTGCTGGACGCAGGGTGTTATCCGAAGAGCTATTAGCGAGTACTTATTGTATTATTCTCGACCGGAACTGACCTGTTCGGACACATATTATGCTTACAAGGCGTATATGCTAAAAATAGCATATAGATTCCGCTATAGCCGCCATTTGAGACGCTTTGCCTGCGTTAGCGGTATTAAGAAGTTCTACTTATATGTGCCAGTCCATTGCGCCCGATCCGAGCTGCGCCACGATGCATCACCAAAATAGTCAAACTTGAAATGACATATTATCCTGGGCAACACGCCCACCTAAGCACCCGACTAAAATCGGTTGGGCTAAACCTTAGAGCAAAAATACGTTCGGCACTAGGCGGGTAATAATGCTTTGTATCGTGCCCTCATAATCACGCTCATCAACCATGTCATATGTGATCCATTAGA,1393,48.6,Mus musculus
SEQ_272287,GCCTTCAAGAGAACCGCAAGCGAGGGATAATATCGAATTCGGCTTCACTCCCCAACGGTACTCAGCGTACCTCAAAAGGCGCTATCAGGGATATCACAGTTTATTGTGGAATACACTACTGGGACCGTCTCGTGCCTTATGGAGCGGATGGCGGGATCCGCTAAAGCCGTTGAGCATACCGCCCGTAGGTCGACCCGACTTGGGGATAGGGATTGTATGTTAAACGATCTCACCTGGATACATCACAAGTTGCGGTGGCCTACGAAGCGGAGCCTTTAGTAGCCATACCGTATTGATATGAATGGCATCGACCGCCTATACGTCCTATCGAAGGAACAAGAACGTACACGCGGAACGGTGAGTTAAGTTAATCAGAGCCTGTGTCGCTGGAGGCTGACCTGAGAGAGCTCCTATGTCCCGAAAACGGCGCTATTGAGTAGCTTTGTTACATATGAGATGTAACATATTACTTTCACATTTAAAACCAACTACGGTCCTATATGAGTTCTCTCCGGCAACGATCTGATCGGTGCCGATTTACGCTACATCCTGTGGCCTAAATGTAGCATGGGAGCAGGTGCACACGAAATATCCTAGCTATAGGGGCGCGGATCCACCAGAATGCCCAAACATACCGAGTCGGGATACAGGTTCCGCAAAGGACGCGATAGGACAAAGAGTGAGCACACTGTGCGCCGTCAAAGGACTTATAGCCGGGCCTATACCAGCCGTCCGTAGGCGGACCAACTTTTGAGGGGGTCGGTCTGGTTGGCACAACGGGATGAACAGCTTCCGTTGTGGTCCGGGTTTACACCGAACATAGTGAATTCACTCGGTTTTCCTTCTGGGTGATATTTCTTAGCAATCCGGGGCGAAGTAAGTTAACAGCCTGGATGCCCGTTCTCCACCAAGGCCCCACACTTATCCTACCATTCGTCATGGGGGATCTGTGGATCCATAGCTTATAGCCTGAAGCCAGGGGCACATGCGCAAGTCTGCAGAACCCATTTTGTTGCAAACGACACGTATGGCTGTTGCTAAGTGCTGGCCGTCGTGCAATTACCTCTTACTCGTCGTATTCATTTGCTGTATTTAGTCGCGCGCTAAGGTATCTGCCCGACCGCACGTCCACTCGACGACCGGGCCATAAGCTAATAATCAGTTCCACATATCTACTTGTTACACCTCGGAGTCCCGATAACTGCCCTAACTAGTTTATACCTTGTGAAGCGTGATAGCCCCGGATCCAGGTGGAATTGGCAGAGTGTCCTGTTACCTGACGATACCTTAAGATGTCTAGAAGCTGGTGGGTTCAAGACACCGGGTCGCCGAGACTCAATTTCTGGTGAGCCCGCTATGAAACGTAACTAGTCCTAGGCGATTTCCTTTTCGATCGCCGTTTAATCCAGCGTCCCGTGTGGGCTGAAACTTAATGTGAAGCTCAATGCTCCGTAAGATAAACAGTCATCAAGGGGAGC,1478,50.81,Homo sapiens
SEQ_557469,CAACCAACAGTACAAGCGCTAAGACTCCCGCTCACCCCATCGTACCCGTTATCGGTCCCATGTGTGAGGCACGCCAGCTGCTTTACAGATTCCACCCTGGCTTAGAGTTGGTCATACCTGCACGTCAAAGGGCGTCTCCAGTCTTGTGTCATCCGAATACCGTAACGCGAACCACCTTCGGGTGATGTCGCCATTGAATGTCATCGAATTGTGTGGTTCTCAAGCCACAGTGATACTGTCCCTGTAAATTTCCTGCTGGTTCTTGTAGTAGATAGACAATTAGAGTCAGATCGTCATCCCCACTCTAGAACCTATCACCAACTAAAGGTCATCTACCTGCGTCACGATGCCTCGCTCATACAACTCGTCTTCCCGTCTTCGCGATCGCCCGGTAATGGACTTTACACTGGCTCCAAATAGACTACCTGCCTTGGGCGCAGCCGCTTATATCCAAACCAGAATTTCTGCCTGGGGACGCGTTACGAAAGCCCTTTCCTGCGGCTGGTAGAGCCGTATGTTTGGTATCTCGGTGTAGATTACTTGAAGTGGGACGTACGCCGCTGCTCGCCTAGGGCAGCGAATAAAGAGCAGCGAACGTCATATTTTGATTGGATGGCCATTTAGTCTGCGTGGTGCCACAAGCTAAAGTGTCGCGCTCGCGAGATCTCGATAAGCCGCACATCTCTAGGTGGACGTGCGTAGGTTCAATACGTAACCTATTCTGGGAGATAGTTTGGGTAGACCGGCACGGCATCGGTCCTAAATAGGGTGGGCGCTGCGTTCCAGAAGTGCTAAGATGAAAAGTAGTGTGGGGGAGAGATTCTGCACAAACTCGCTATTAAGTCGTTGCCGAGAGGCTTACGTTCCCCAAGTATGCCCGCGAGAGAGGGCGCTTGTAGCGCCGTACATTTACCTCTAACTCATACGAGTTTTGTTCCTATTTTTTCATTTCCTCAAGGTTAACACCACCCAGTTCGTGGGATCAGACCATGAGTTATACGCAGGCATCTACAGGACACGAACCTCCTGTTAGACCCGTGTCGACGTCTTCCTAAGCGGGTCGGAGGGTAAGTTAGGTTAATAATCCTATGAGTGCTGTGCATAAAACAATTAA,1114,50.63,Caenorhabditis elegans
SEQ_967184,GTCAATCCAAGTTATGCATCGTCTCACGGCAAGCATGGTTTATGTGTAAGGACTCCTGAACTACTGTCCGCAAACCCTGTTAGTTCTCTCGAGGTTTTCGCGACAACTGGCGTTGGCTTACGTTGACTGCGACGTGGAAGCGGTAGGGTTCCTAATGAAGTCGAATTCGTCGAAGCATTACTGCATCTACGTGGTGTTGCCCAGTACCTATTTTATACCGGAACGACGCAATCCGGAACACGTCTGATCATAACGTCGGCGTAGCAAAATTCTCCGATGACTAATCACTATGTTGCCCATTGTAGGTGACAATTCTTAACTCTCTGAAGATTGGCCAATACTATGCGTTATACGTAAATGATCTGAAATGGAATATGCTATCGTCTAGCAATGTGCGCTGTCAAAGCAAGCTGTGGACCCAATCTACTAAAAAACAGGCCAGTACCTTCCCGGAAGGTACACATACGACGTTGTATCGTCGGTTTCTTAGACTTCTCAGAGAAGCAAGCCCTAGGCCAGACGCGACATTTCAAAAGGGCGCGAAGGAGATACGCTGGTGTGACATGGTATGGACTTGGGGGCTGACCTCTTTACCGTGCTGCATCGGATCACAGGAGATCGTCATTCTACCTAACTCCACTGGACTGATCACTAATTCATCCAATGGTCGACGACGCATCAACTAAGAACACCGACTTCTTTGGACACTAAGTTCGCCTATCTTAGTAAACAAGGTGTAATGTAGTGTTGCATGGATGAAAATCCCGCGCGCGTTTACGGGGTTCTTGCTTGCGTGGTAACGTTCTGCCAGGCATATGGTCAGCTTGCAGCGGGGCCCACTTAGCTAAGTCGCTTTACCTTCGGATCGAGAATTACGGCGAGTACCATTCAGTGCACTGGGCGTTTAAATGGGTCCAGCGGTCATCCAAATGCGTAATAATACTAGGACCGGAAGATAGAGTACACCCATTCCACCATCCGGTCAATTCATCCGCTCGTGGTAGGGCAGGTTTATAGTAGGACAACCTAGACGGTCGAACAGTAGTCGAAGACAGGGGTAATCGGGGGATCGACCTGTTGACCTATGATCTTCTCGCACGGCTCTACCATAGAAAAGGCCCGCTGTAAATAGCATGGAACTAGAAATTAAGATGCTAGTC,1160,48.28,Arabidopsis thaliana
SEQ_454642,TTACGGTGCAAGCCGCGGTGCAAACCGATTTTCTCGACCCGGGTAGTGACGATATCCGAAAGCCGGAGGAAGTAACATCAATCATAAAGAAATAGGGGTCAGTATTCGGGTTGCCTCTAGGACACGGTTAAGGAGTGCCCTACACAGAGGTACGGTGGTATAGATCTGGATATTGAAAGGTCTACCACGGATAGACGGCTTTTATATAGCCCAGTCACCCCGCGGTAATCTAAGTCGAGAATGGTACAACCCCCGTCGTTTTTCGGTATGTGGTCGTCAATGGATCGCCAAGACATTTGAACGTTTGGCGGCATTTGGTGAGGCTAGCCCAATAAGGATTATGTCATAACGCTCCTAAGCGTGCGACCAATAGTAAGGCCTCTGGCCCCAGACTTCAAAATTGCACCCTGGATGTGACCATCACGTGGGGCCATAGAGCCTTCCACTGGGGAAA,454,50.44,Homo sapiens
SEQ_955888,CGAATTCCCTTTAATGACCGCAAACTGCATTTTCGCAACCCAAACGAGTACGCTGTACCCCGTATGAACACTTCAGAAACTAGACAAAATCGGGGAAATCCGGCTTCGTGGACTAGTGTGAAGGACTCCGATGCCGTCGTACAGACAGTACCCGAAAGGTAGCAACTCCCATGTTACTATTTGCATTATACTGCGCTGTCGACACAGCTAACGCAAGTGGTCTATCCTAATCGAACCCAGCTGCACTGAAATGCGTATGCCACACCGTTGCCATGTTAATCAGGTACGTTAAGAGCAAAGCGACATGATGGACGCAACGGACAGCCGTCCGAAGGAAAACTCTTCTTGGCTACGACCAGTGTTGGCTTACTCAGCGTAAACAATACCCTAGCATTGAGCGAATCGTATCCGCGGTGTTTGGGAGCAGCCCTTATCTGACACACTTCCGAAGGCGTGGCGGCACCGCTTCGCCTTTAATCGCCGCCCGCTTGGACAGATGTGTCACTACTTTTCAATACATCATCTCGAAAAAAAGACCTTGAATAGGTAAATTGAGGCATTCGGACGACCCGAAGGGGCTTAGGATGAACTGTAAGTGCCTGCTCTCAGGAGTCACATGCCATCTCCCGGCCCCACCTCAAATTCATGACTTGATCGATTGCAGAGCAGCGACGCAACCCCAAGGAGTTCCTGTTCACGTGCGTGGCGTTCTGGTTCCGTCAGACTAGGGAGGCCGGTTTTACGCCTTGGACCTCACAGGCATGGATATGAAACACGACCCGTTCGTGATTCACCAGGGCTGGCTACTGTTTGCTTATGGGCTGGATTCTCAGTTTGACGTACTGTAATCGTTATGGATTAAGTATAGGCAACCTTTCTAGGAAAGCTAACGTTACCCGACGAAGAGGCGTCACCTGAACGTCTTACGGAAAAGGATCGCACGGGGCGTTAGTGAAAACTTGGGCCCGTCAACGACACC,979,50.87,Caenorhabditis elegans
SEQ_398892,GGCTAGTTCTAGTAAAACTTAGTCTATAGCAAAACTAGAACTGACGGGAGGTAAAATCCTTTCGAAGTGCATACCATGTTACTGCTACTTGTGTTTCAGCTACCCACGAGTAATTTCCACTGGCTACGGAGGGCTCCTGAGACTACTCCTGGGCGCGGTTAAAGATAGGAGCTGATAAGGATGGCCAACAGTTAGCTAGGTCCCGTGATGAGTGCCAGTGCACACCAATACGTAGCGCCACTTGCAAAGCGATGGGGCAGGGTTCGTGAGCGTCAGATCGAATCCGAGGAAACATCTAGAGTTCCCTAGCACAATCAGCGCCCCGTCTCACGTCATATGTCCGCATTGTTGGCGTTTCTTCGTTACATACGACAGGGTCCCCTAGACTCCAACAGAGAGTGCGTCGATTATAGACCTATCTTTTGACCATGCACTCATTGGTCCTGAATGTCTCGCTACATCATTGCTGGCTTGAGCCCCATACGTTGCCCAGTCCTTTGTACTACACCAGGCTTCTGCCGGGCCAGTTCCACTGTGCCATGGGATGCTGCTTGTTATACAGATTAACGCGCTGCCCGAGGCCACCTGCCCATCGCGCTATCATCTCTTATTACTCATATACCAGCTGATCCAGATGTCAGTGCCAGCACGCCATGCTACAAGCTCCGTTCTAAACACGATGCTTATTTGTCGCCTTCCATACTACACGGCAGGACAGTTTGCGCTACCGATTGAATGAATAGATTTACGGTTACGACCCAGACATCTATGCCATCGAAGTGCGTCCGCTTCGTAGAGGACGGGATTTACAGATAGCTTCACTCACAAACAAGGACGGGGCATCAGAGGGCCATTAACCACGCCTATTC,869,50.52,Escherichia coli
SEQ_424175,TCTCAGTTTCCCCTGCTCGGTGACGCGATTGCGAACGGCTCGTGCTAGCGCTAGTGAAGCGGAAACCCCCCGTCAGGGTACGGTGCCTTTGGTAGCACCCCCTGAAACTCACAACGTGTCCCAAATTCACACAACCGCCGGCGCATTGCCTCAGTTGTTAGAGGCGTACGCTTGCAGCTGAAGGCATTCTGCATTCTATCTTATCGAATCTATCTGGCGATTGGAGTATCTATGACGCGGGGTGTGAAACGTACGGGGCAGCTCCGTTCGTAGTTGAAGGCTGCCTGCTCAGTATAAACGGGTGCCGACGCGTATAGGTCCTGGCAACACCCTGTGATTAGGGGCCTGCAGCGCGACCACTGTCCTTACTCCTCCTTACGAAAGCATTTAAGTGCCGTAAGATAGCAGTGGGGTGATGCAGGTACATACTACTTATCAGACTGAACTAGTATATGTATAGAAGAATCTTCAACTGAATCCCTGACGCTACATAGAATAGCTATTTGGAACGTCAACAGGGCCCGTAGGCCGGTTTTTCAACTCCTCAGCGCGAGTGTCCATATCAATGAGAGCCCAAACTTATTGACACTGATTCAAGTCGCCGCATGAAGCTCACGGTGCGAAGCGAGTATGTAGGCAGGATCAATTTGGTTTAATCCGCGGTGAAGGCAGGCGGACCAAAGCCCGACCCATGTAGACAGGCCCGCCGTGAAGGTGCTACTAGGGTATTAGTCGACCCCCTCCTTGAAGGGGCACTCGGCACTGGTTAAATCTCGCATAAGCGAATGGCAGGGGAGACTTCTTGGGTTGATGAGTACT,819,52.63,Caenorhabditis elegans
SEQ_921776,GTTTTATTTACACGATTCTAATAATAGACGCCCATCGGGGGCAAAAGAACTGACGCTGCGCGTTCGAGCAGAACGATAACAGATTGACGCCACATGATCTCTAGCCCTTCGCAGGGCGCTTCAACCAATGTCGGCACCTATACCTGTCCTATGCCTATTCCCCCAAGGTCGACGAATTTGGATGTTAACTTATTAATCATAGAGAAATGCCGCGTAGTCGTGAAAGGACATTTGTGTCTTCCTTCTGACTGTTAGCCAGGCTGGCGTCCGCGATATATAGTTCATCGGAATATTGACGAGTTCGCTGGCCGTTAGCTACGAAATTACTGCACTACCCCGAACAGGCAGCAATTGACAAAAGAATGGCTACGCCACCCTGTTGACGGCGTCAGGTCATACCAATTAAACGTCAAGTAGTTCAAGCGCACCTAGGTCATCCTCTAGTGAAAATCGCGTTCTCTAGTAAAGCGGCAGTTAAATGGGGGCTGCCTTGAGGAGCGGGGTTTGGTGCGGGCTCTGTGGGTATACAGGATAGGAATTTTGCCCCACCTATGCATCCGGGGCCGCTGTAAAGCTAGATTTGCGATTCGCGGCTACTCGACGCTTGCCTTGGGACCTGGAGAAACATTTGTGATAAAACCAACACGTCACTCCATTCTTCTTCTCGGCCGTGAGCTGCCCCACTAAGTGAGGCTTTGAAGCGGCCATGTATAACGCTCGTCCCGAACAAATTACAAGAATTTGATGACTAGAAAAGGAGACACTGGAACCTACGTATCCGTTTAATCAGCACAAGTAATATAAGGTTTCTTTCCCGGAGCGATAGCAATCAACGGATGTTAGAGGTAGAGAATGTGCAGGCTGGAGACTGCTTACTTAAATACAGTTTCGGGATCTAGGCTGGCACGATCATAGCGCAGAGAACCCTGTTATGACGCGAACCAAATGGGCCGCTAAGTCCCGGAGAGAAACGGCGTCAATTTTAGCCTAAAGGCCACATTACAAGAGTGCAACGACTCTCGGCCGAACGCACGTCTGATCCTGATGAGAATGGGGACTCGTTGGAGGCTAAGGGGGGATACAACTGCATCCGTTACGGTTGCGAAACCTTGGCCTAGTAGGACGCGGAGTGTTGGGCCGTAGTATTAGACCTTCTCCAATGCCACGCAAGAAAAAGAGCACCAGAGTAAGTTAGCCTTCGCTGGGGATCACCTCCGTCACTAGTCCCTCGTAGAATGTCAATCCAACTTGCAATCTTCAGTATGCCCGAGTCCCAAAAGCGGTAACATTGAGCTCGGTATGATAAAGACGAAACGGCATTGGGGACGATGAATACCGGCGTTTCGGGCGTGCTTTATATTAGGAATCGGACTTTCCCGACAATCCATCTAGAGTTAGGCCCAATTCGTGGAAAGCGAGGTTGAATACGAACGTGTATGCACGACCCGGTCGTAATCCTCAGGTCGACGTCTCCCGAGGGCCCGCGGTGTCAAGACAAAGATGGAGTTGAGTAGCACGCTAGCAGACAGTAACACGGTCATCCATTAATTCATAGGTTACGGATCATTTTCTAGTCAGGATTGGTGCCCGGATGTAACTTTAATTGTGAAACTAGTTGGAGTAAGTATGGTGCGCATTTAACATTGTAATCTGATCTTCAGGAGATTGACATTTCACCATCACCTGCAGGACCTGGTGCCGGAACAACAATGAATCTAGTAACCAAAAACGTGTACGATGATACTTCAGCGACGGAATACTCAGGAATGGAACCACCGTGGACCCACGTTGACAGTAAAGATGGGTATGATGCATCTTACCACTGCATGGTCTATAACCGTACGAAATCTGCCGTCGCCGTCAGAGACGCCGCGAGCAACGACAAAATGGTAACCGGCC,1899,49.24,Arabidopsis thaliana
SEQ_554750,AGACGTGCTTACCGGTCGAAAGGAGGGTGCGTTCCCATTTGCGTTCGTCCGCGACCTCCGCAAGAAAAGCGCCGGTCAAGTGCCATTGGACTACGGCTTTTCGTCCGAGGAGGGAGCCATACTCGTTAGTGTTATGCGGCGTAGAGTTCTCGCCGTCGGCCACAGTGACGTACCAAGTTCCTACGATGGTGCGACGGAGCAACCATGACGTGGAAGAGTCTTGGGCCGGTTATTACCTCGGGGCTCTATATTTGTTGACTGCTCCCCTAAAAAGTGGTGTAGGTCAGGCCAAATCGGGTGAGTGGGCGTACAGGAAGGAGCTCAATACCCCTATCCAACATCAGCTTTCGACGTCAGTTGAGGTAGGTGCGACCCCCCCTGTTATCGGTTCTAAGCTGAGCTCCAGTCGGTAGCCGTGTTGTCAGCATGCTATTGAATGTAACTCTGCCAAATTAAGTGGACCCTTGCTGACTGTCATGTTAACCAAACACTCTATCGAAACCCTCCTGTATCAAGGTCTAGGAGTGTCCAAGGAGCGATTCTTAGCTATTTGTGTTTTCGGCTCCGTTGGCACTACAGTCTTATAAGGATTTAGGAGTGGGGCGGTTCCGATCGGGTGCGAGTCAGCACTCGTCATGGATGTTGTCCCAGCTTAAGACCTTCGCGTAACCGCTCCTCACGGAGCTCAATGACACAAATTAAACAGAGTGTGATCTTTGGGAGGGAGTTAAGATACGGGGATCCCGTTACCTGACATACAAACTTATGGGTACGAAGATCGCCCGTGTGTAGACGCGTGGGTAAATACGACCATAGCACCTTGGTGCAAGTTCAGTTCCCAAAGTATATGCCGTTCCACGGAGATCAACGAAGCAGTGTCCACTCTCAGCAAACACTGGGGGGCGATCTAATCGTTGGGTGCTAGCACTTGCCAATCACACACAGTGTATCACGTCAGTTACAGAATAATTGGACATTATGTTCGACCTGCAAGCTGCGTCCGGTCGGGCCTGCATGCGACGGAGTCTATGGACACCCGGCTCGAGGACTGACTACTACGCAGAGTACCGCACCCCTCTCCGAAGAGGTAGTGTGGATCCACCCTTATCCGCCCATTCCCGAGATCTCCACACCCAACTAACGATTATTGCTCGAGCTGATGAGGAGTACGAACCATTCCGAATACCATATGGACCCAGCTATCTTTCACCGCTGCATTCCACTTATAACGGTGCCTCGGTAAGATCTCGATCTATCTCGATTGTATCTGTGATGACAGGGGGTAGAACACATTACGAGGTGTGCGGGACACGATGCGTGGTGTTTATGTGAGCGCGGAACAATTATTTTTATCATCCTCATAATTCCACCCGAGATCGCTTGTACTGGGAACTTCCTCATAGGGTCAGAAGAGCGGTCTCTGCGTGATTTATGCTCCTGTAACTCGGTGTGTTCTCTGCGCGCTGGGTAACGTGGTGCTCATCAAAACTCAAGGTCGGGAGGTAGAGAGCTGCTTTCTGCGATTCGGACACTACCTGCAGTACTGCGCAATTGTTGAATGTTCGGCGTTGTGACCAATACAGAGGAAAGATGTCAACTGAACCGTTCTGTATGCCTAGCTATGAACATAGGTGTCCGGAAAAGGATCACCCCTTTTCTGGCATAGAGGGAGACCGATAATCCGCTCAAGCGAGAAACTTCCATTTCTTCAAGCGTAGTACTAAATTTTGAAGCTGTCATCGCGATGTTTATCCGGACCCCTTCAGTCCGATGACCGAAAGCGGAAAACACAAACAAACCA,1801,50.92,Mus musculus
SEQ_458501,AGGCCCACGGCACTCGAGGTGCGTAAAGCAATTCTGTTACGGACTAGGGGATCTCCCACGCTTAGTGATAAGTGACCTTAATTCTTACATGAGTGATCAAAGAGCTTATACTAAAGAATAGCTGCCCTGATTGACAGGTGAAGCGGCGAGTAACGTCCGCTGGAATTCGCTATACCTTTCGCTAACGTACCCTGCGCTATCAAACCGGAGCTGGAATGGACCGTGTCTGTAACCCATTATTGGGAACATCCGATTGAATAGTCCGGCCATGCTCGTTTATGTCCGCCACTTCGTGTCTTAGGACGCGCTGGGAGTAGACGCGCTGAGATCGATTACCACAATCGGATATCTGTTGAGGCAGCCGTGTCATAAGCTGGACGTGGTTAGTAGATTCTTCAGTGCGGCTTACCGTTGTCCATCATACCGTCTACGGCGACCATGGGTCTACAGTATGCTTTGGGAAATGGTCCCTAACACTCCGACTTCAGGGTACCTATATCC,501,50.3,Saccharomyces cerevisiae
SEQ_530453,GGGCGGAATTAATTTCAGCTACCCTTGGCTCGTCTACCGTAGGCGCAAACCCGTCCTGAACCCGCTCCTATTGATCAACTCTGGGTCGGATCAGACTACGAACGCGGCGGTTTAAGCGGCCAAGGTATAGAAGCTCGAAGCCCGCTCAGGCTTTTACGTGGAGTGCTGACATCTGTTTAAGATGTATTGCGTGCCGAAAAAAATATCAAGATCTGGTATCTCAAGGCAGCATATCGATGCGAAGGCGTCACGAGGCCGAGGAGGCTGGTCCCTCTAGAGTCCGGCGCTGGCGAATCAATTGGATGCTGATCTTTGAAAGTAAGTCCCAGGATTCGGGTCCATATGGTTTGTTCAACAGTTGCTGGAAAAGAGGAGGGGGGCCAACTAAAAACTCATCCAGGAATAAAGTTCCTCTGCACACCGCGGTGGCTGCTACGAGGCGCACATGGTGGCACCTGTCTGATCGGACAGGGTGGCAAAAATGATGTGTTTCATTTCGAAGGCCAGGGTCCCCGGTGTGGAACTGCGAATTCTCTAGCCGGAGGGAACCATAGAGCTGAAGCCTATAGTTATTACCGGCATCAGTCGACTACCAAGCCGCTGGATCCTGTGCGCATGTACAGGTTGCCCCAAGGGTGGCCCCTGAATGTTGATGACGTAGATTGCATCTCAGGAACCCGGTTCGAACGTAATAACCGCGCGGGTCTACTCATCGTCATCACGCCCCGGGGCCTTTAGCATTCCGATAAATGATCGGGATCTCAG,765,53.2,Homo sapiens
SEQ_577661,TGCCCTGGGTCTCACTCGATAAAACTCCCGAGTTACAACGCTGCGATTGAGCTCGATAATTCCTGTAGTCCTTATTCAAGACGTTGCGTCGATGTCACGTACTCCCTGCGTAAAGTATTCAGCCTGCCCCCAAAGCGTAAGGCGGTAAGACAAGCATTGTGGGAAAGGATTTAGAACCGGGTGTCCGAGCGTCGCTAGGGACCACAGATCAATCCCTTTACGGACTGAGTACGTATGGC,239,51.46,Escherichia coli
SEQ_797931,CGTGTCCAGGTCTCCTTCCTGATCGACATCACAACGAAGAGCTGGCTTGCCTACTG,56,55.36,Escherichia coli
SEQ_130145,TAAGATAGTCCTACCGTACGTGCTGTCATGCGTCATAACTTGTTGGGCTATTCGCTAGACTGGCTTCGATGAAATTATACGGACGCCCCTTTCACACGGTGCGCTTAGTAGCCATCGGCCGCACGCATGTATCGTAGATCTGGTTGTAGCACTTAGCCCTACCTAGAATATGTTCGCGCGTAAGTCCTTGATTGCGCTGAGTCATGGACAAGGGGCTAATGCTTATTCTCGCCAATCAAGGTTCAACTATCACGCTTCACACTGAGCGAATAGCATATGTCAACGGAAAGGGAGGGATTTCATCAGCCATCTTCCAGAGACTTATTGTCTTAATCTGCGGGGAGTCTGTTTGTCGTGTCCCGGCTCCTGACACGAATTTCACAGACACAGCGGGCTGGCTTAAGGGTGAACACTACCCAACTTTTGCTTGCTGCCCGTGTAGTCGAAAATGTGTCCAACGATGGATTAGTACGATTGGGCTCGTCTCTTCGAGTTGAAGGATCTTCTACGGATCGCCATAATCTCGCCTAAACCGACAACAAGCCTCTTGGTTTATCACACGTGTGGCCGTTGAAGGCCATCCTTCACTGGGGACACAACTGCGAAGCTATTTTACGAAGTAACGTTAATTTCCGTTATTCTGGCGTATATACCAAGCGAGACCTGTGAGAGAGGCGGGGGCGTGGTAGTCAAATTTGTCTTACGGAGGAGGCGTCGAGTTGTTGTCGAGTTAAATCTACTCACGCAGGGTTTGTGCGCCTAGTCGCATAGTAAGTTAACAGCGTGTACCGTGCTAGAATGGTAGGAGCCCCTAGCTCGGTAGGCCAGGGCTGTGTAATGTTTACACAGACGGCTGGGTTCTGAAAGGCTAGATCAGTTCACCCAAATCTCGTCGGCATAAAATTTCGAGTGGTGTTGACTAATACTCGAAATATTTGAAGTATAGGGTTTCTCCGCGCAGCGTATCGCACATCGTCATTGATGACAGGGTATTATACTGCGTTCCTTCGCCCTCCATAATAGTTGCCGAGGCCTAAAAGCACCCTACGCTCTAGGCTCTCAACTCTATAATAAGGTGTATCCTGCGTCATTACAAAGTATCATATCGGTGTGCTCTATTGGATGGTCGGATTGTCCCCCGAGTCTGGGGCCGAACGTAATTGAATCTAGCGAACTGACACAAATGCGCCATCATGCCCTGGAACTGTTAACCAGAGAGACCATGGATAGGCTGGCGGGAGCCAGCGCCAGTTACAGAGACGAGCTCGCTAACTGGTATGCAAGTCCTTAATTTCCACCATCCCCCCGAGACGCCGATTGCAGTTGAAGGCGGAGAGAGCTATGCAGACCCTCAAATAGTAGTGTGGTTGTGTCGTCGTGTTTCACTAGCTTGACGTTAAGCAGGCATCACTAGCGGGTGGGCCCCGTTGCGTCCTTCAAACCAGTCATCTATCATTATTATGGGAGTCCCTTCGAACCACCCGCCCAGCGAACGTTTACTTACTTGCACACGTGCGAAACGTGGACGGGTCAAGTTGGTGACAGAGGTTAATGAACGGATGGTTAAGGGCCTCGCTCCCGTACTCAGGATCAATGCCTAGCGCACCTGCGCGAATAGCGTTCCACAGGGAGTGGACGCACCATGGCCTTACTAGCCTGCTGGGCCAGATCCGACCTCGGGGAAAGCGTGCAAATAGGTGACTCATGGACCCAGTCCCCAATCGCACCGTCAAGCGATACGAGCCACATAATTGTGCACGCTATAGGCCCTAGCCACATAGACTTCGCACACAGCCTAATATTGGTTTACAATTCTGTATCTCGTCG,1827,50.63,Drosophila melanogaster
SEQ_217153,TCAACGAAGTACAGTAGGAGAGAAGGTTGGGACCGCGATAATATCGCCAAGGTACTCCATGACCTAGGTTAATCCCCCCCGAGAACACCAACGTAACTAGGCGAACCGGTAATATGTACTTCGGGAAATGTGTATTAGGTGACATTGGCGTGGCTTGTATACCAACGCGAACATCTTCACTGAGACGCCCTACCGAAGAAGTTGATAACTAAATCATTAAAAGGTCGCACCCGAGAGCCTCGCAAACTCGGTATTACATCGGGAGAAACTTCGTACCGTCAAATGGACGACGGGTACTATTCCACCTCATCCCGAGTTGGCGACTAAGAAGACCGGAATTGGCCTTTCCAACCACTTGACGTGCCGACTAGCGGATAAGAGCATCCTTTGACTTGAGACAACCCCTAGGGGTATTGTCGCAATGGAACTGAAGGATTTGACGTAATTCGTCGCTTCCCTGTAGCATGGCCTCTCATCCTGAGGGAAAGCCGCACAGCCTGGCCTCTGATTCATTATGCAGTCATGACCTTTTTAGAATACGTGCTGAGTTCAAACGTTTGCCCGGGACCGCCACGCGTAGTCGCCCCCTATGTGTCTAGAGGATTTGAAGTAAGGCGTAAGCGCAGGTGGCACGGATACTAGCCCGCCGACCGCTTGACACTCCAATCTTTGCTCGGGCCTACGATCCGCTAAGGCAAGAGCTTGTCGCGTGTGTATAATGTCCAGGTTTCATCATCCTAAGGTGCGATGGTAAGAGCAGTTGTTTCGGGGACATTGTCATCCTCACTCACGCACCTTGAGTTGGGCCTAGCCGAGATGGAAAAGCATGCGTATGCCTCGGCAATCTAGCGCAGCATGCATCGGGCAGAACCCGCACACGGAAGGAATCGTGAGCGCATTTGGTGAGCGTTAACAATCCCTCTGTCACTAAACAAAATATTTAATATGTCGCACAGATTGAACCAACATGGAAGATCCTGACTGGTCGCACAACTTGGTCGCGATACCGGGTGTACGATCAGCGTACTTGGTGGGCGAAACACGATGGCGTACCGGAGAGTCGTCGATGCTTATAACGAAAGCACCCTCGATATCTAAGATACAAGGCGAGTATTCATGTTGGGATCATAGCTGGTATTGGGGAGTCGAACTGATCCACCTACAAAGGCACCGACCGAATTGA,1183,50.72,Mus musculus
SEQ_115410,CCATGCATTTAGACAGCGCTGAGACGTTTCCGGAGTGAAACAATGGCAGAATGCTGATGGAACGTGTAGACTTCGGTAAGTCCGTCCATATTGTTGCCTTCTTAGACGGATAACCTGGCCCGGGCGTGGGATAAGGTTCTCATGGGATATTCTTAGCTTCCCCGGCGGAACACGCCAAAGACCTGCCAGAACAGAAATATCAAGTCTCTACCCTTCCGGATCATTCGACGACACGGCGGAGAGCCGAGTTGAGTGGATACGGAGGGCTGAGGTATTACCGGGGCCTCGCGTCCGGGGATGCCGGACCACTCGCCACAACCTCCTGGTCGTCGATTCATCGTCGAGATAAATGCTACGGGGCACCCATATAGATCTGATATCCGACGGCTACGCACGTATAGTTCTCAGCTTGGAGTTATTAGGCGTATCGCAACTGATCTCCAAGACCCCAGGGAATGTTCGGGGGTAACTCACTCGTGGTCGCAAAAAAGACCACAATAAAGGGTTCACTGGAGCCGAGAAGGTACTTACTCCTAAGAACCTACGGAGGCCAGTAGTGGAAAGTCAGATAGCAAGCCGTATCCATATATACCTCTACTATGCGTCAATCTTCACAAGTCGAAGACAAATTTGATCGAATCGAGGATCCTCTATCTTTAGAGTCACATGGGGAGTGAGCTTATCGGCCAGTCTAGACATAGGGCCCTGCTATATTAGTTCAGAA,724,50.83,Caenorhabditis elegans
SEQ_858244,ACTGCCGGGGAGATGCAACTAGACCTCTCTTAAGTTTCTCAATATTCGCGGGTATGCTGTCAAGGAGCGGATCTCAACTCGAGGTTTTTTCTGCCGAGTATGCTAATCGCAGCACTTTGAACCCCTTGGGAAGTAGCGCAATCGCATTGGAAGGGGTACACCGCCTGGGTATTCGGTTGTACACGGCAAATTGACCTGTGCACGGATTATACCATGGAAGTAAGAAATAATCGTCATCAGCATAAATGGAGACACCACGAATAAACTCAGGGATGAATCAGATCCCGTGGTTTTCTTGCTAATCCGCATTAAGTAAGCTTTTTGTGCCTCGGCGCCTGTTGTCATCTGCAACAGTTCCAATAAGCCTCCACCATGGTGGAGGCTGGGATGCATTACGTTATCCTATCCACTAATATATCATAGGTATTGCCCAATTACAACGGCCGCAGAGGAACATAGAGCAAACAACGCGATAGTTTAGAGTAATAACAGGGTGCTCTCGGGATTCTTAAGGTAAAGTTGGTTTGTATTACTCGGGCTGAGTACCCACTACCCATACGATTGCCGAGGTCAGGTAGGCACGCCGCCGTGAGAACTCATTTATAGTGCTAACCTCAAGTTCATTGTTGGCATCAGAGTGCGCCCACGTAAGCCTGATTAGAGCTTACTATTTAGGCAACACGTTTATGTGGCAATTACTTTCGTGAGCTCAAGCGCCTTCCGTCCTTTACGCCGTCG,738,47.56,Drosophila melanogaster
SEQ_272391,TATAATGCCTGTAGGCATACGAGCGTCTCCAACTGTCAAGCCGCTCCCGTTCCTATCCTTACAGGGCCATTCTACGCAGTGATTGTAGCGTGTACCTGCTGATCCAATTCGCCTGCCCAGCTGCTCATAAAATCTATGGGCAACTTGTACGAAACCGATGGGACTAACCGTCTCGCTTGCTGAGGACCTTATAGTATTCGCAGCGGAAATACACCCGTGGCTTACAACTCCGGGGGCTGCGTCGCGCATAATGCGTTTAATCCCTCCAATTCGAGATGCAAAGGTGGCAACGGGCGCTGCCTCTATTTATGTAAGGGAGGTAATTGCATAGTGGGCGACAAGAAGACAACCAAGGTCTCCAGAAAGTGAAGAGCACCGCGACCTTGAAACTGAAAACTAAGTTTATTGTAGATCCGCCGGAACCCCCTCATAGCTAGTAGCCTGCTCACGAAAGTTCTTCCGTCCTCACATGCCAAGTATGAGCTTTATCTCTGGCCAATACCGTCGAACCGTGGTCCGCCGATCTCCAGACGTGCCTACCTCGCTCAGTTTGGTCGGAAGACCATCTCGGCGCCGAGGTCGGCACTAACTATGTCGCTTTCTGTGATCTGTCTGAACTGTTGGGCGACAGACCCGCCCGAAAGGCAATCTCCAGAGGGTCCAATATTAGACAGGATCTTCTTCAACCGGTTGATGCGACCCTGCCGGTGCATTATTCGGCTACAAGTGCTCATTTTGTTCATCGACATTTGGATTGTGAGCGCCCGACTAAGTGAAATGCCAGTCGCCCTAGATGGCGAGGGCTCGTTTTGATATACGGAGGTCGCGATTGTGACTGTCGATACCCTGATCACCAGGTGGGGAGTGTAACTTTACAGAGCGGTTGCTCTTGTGTGGGGTGTGGGGATTTAAGCTTGCACTCCTTCAGGGTCCTCCGAACGGTCACGCGTTAATTTATGCGAACCGGCCATACTGATACCTCCACGTCCTACTGCAATGTCAGCTATCGCAAATATCCGCGCTATGACTTACGAAACCAGATATATGCAGGTACGGCGGCCGGTGGGATCGTCTAGATATATGAGACGATTCATTCTCATATGAGATTCTTAGAGGTGTCGGGTAATGTCCAGGCGCTGCAGGCGATACCCAATTGCGAACCACGCTCGGGACCCACCATCACAGCATCTAAAAACCAGGTAACAGACCGGGTCGTGTCTCCGCTTTCGATCCTTGTATCATCGTGAAGGGAGAGCGATCTCGATACTAGTACGTACTACAAGTTTAAAGTTACTTGGCCACAACAAGCGTGATTCAGGACAATCGTACGACCTATTCCACCAGCTCTACGGAGGATTCCAGCGACGTTGTTCGCGGAACCTCGCAACGCGGATAGTGCTGGTCTAGCTGCACAACGGCGTCTAGCCATGGTCACCTAAGATCCTAGGCCTTCCTACTACTTGTGTGAATCCTGGGGAAATGTCAGAGCCTGATAATCCGTAGATTGGACAAAGAAGGCAACACAGGATAGTAAGCCTTGAACTCAATATCAAAGCTGTTATGCAGCCTTGTCCTTCAATCGCCTATGTGTTATCATTTT,1600,50.88,Drosophila melanogaster
SEQ_821896,CCCCTCTGTTGGGTTGACCATCTAAGCTTTCACATGGAGGGGGCTTTCTCCTGCGTGGTGAGTGCATATCGCCTTTAGGGACTTTTAGCCGCTTCAAATGGCTCAGCGTGGAGATCGGTGGACAATGTGCGAGGGCAAACTTAACTACAGTCCCCCCCTTTATCAATCCCGAGGGGGATGTAATCCCACAAGAAAGGTCCAGGCCATCGGCGGTTACTCTCCGCGCTGGATTTATTAACTCTCATTGAATAACCTTCAATACGAGGTTCTGAGTAGCAGGCTGGTCACATCTCTGGCGCTTGATGGAATTTACTCCCCCTGAGCGTGCCATTCCGGGACCTCGTAAAGATAGACCTCAAGCAGTAGAATATGCCCTGCACTTTGAAAAAGGAGTGTTAAGACATCGGAGGTGTTCGCAGGCGTTTTAAGGACGTCGGTCCCTCCAATCCTTTGGGCTGCCTCCACAATAGAGGTGGAATGGGGTACGGCACTCGTCATCTAAGAGTGCTGGTAGTTTATCCGGACCGACCCTGGAGCAGCTACCATAATGAGGAGTTTCATCCATGTTAAACGGAGACCTCTCCCACCAGGTCCATTAGAGACGATGGAAGAATGCGCGGATCGCGTACTGTAGAGTGTAATAAAGTGATCGAGTTGCAGAGGGAAGTGCAATGTGCCCCGGGATCCGGGGAGTTTTGTGACGAGAACGCTTTAACG,717,51.6,Homo sapiens
SEQ_431477,CTAGGTTAGAATGTGCTTTCCACTCTCAACATGCCCCCACGGTCACGGATTCCTGTATCGCGATTCTCTCCGGTACTAAAAAAACGGCTTTCGCTCAATGGGCTTTGGCATAAGCAAATGCTGTCGGCCTTACTGCATAGCAGAATCCCGTGACCTATACCAGTCACATCTGATATAACGGGCAATGCCCCCGAGGAGTGCCGAGGGGTGCGTTCCGTAGGATATAGGAGTTCTCCCACGTAAAGCAATCACTGACGTCGCTAATCAAAAGTCCAAACGGCCATATTAGTGATAGCGCCAGGTCGACACTATCTAAAGGTTCGCACACC,329,50.46,Caenorhabditis elegans
SEQ_104895,CGAGTTGTCGCATGGCAGCTGGACAAACTTATTTCACTTGACACGTCTCGTTCCGTAGACTGCCTATGGTAGGACGAACCTGCGGTAGACGCTCAGTGGAGTGACAATCCCTTCTAAATCTGTTGCGGCATTCTATCTGCTTGTTCAAGGTGACGCCGAATAATTCCGGGCCGTTATAAGAGGTTTGATGCCATGCGAGACAATCACTCGGCGGCCGATTACGTGTCCCTATAGCAAGAGGCTTCTAGGCGACAGAGGTGCCAAGTTAACTGAGGTGTGGTCGGTGTCAATGTAAAGGATATGCAGATGCAGTTTTATCTGCTCTCCGCTGTCGCCAGAAGGTAATCCTTCGACTATCTACGAATAGTTAGGAAAGTTTCTAAATTATCGGCAGGCAGAAAATACGTACGCCGGGTCGGTCTTTTGAAGTTGTGATTCTCCAGCGCCCGGTCAGGTGTCATCGCAAAATCAGGGGAAGCCTAACCCGCGTAACTCAAGGTTTATAATAATAAATGTGACAATGCCCTGCGTCGTTTCTGCACGGCTGTGAGAGGCGTGAGGTGATCACGGAAGATAATACTCGCGGGCTAACGGCGTGGTACATAAAGCATAGCAACGCCCACGATAATACTCATTCCAGTATTCTCTCAGTAAGCAGAATCGCCCGGCGGATCAAAGCATCTGCTATTCTATTCTGGCATGCTCCATCAGAAGATGGACGCGTGAGGACCCCTGATGCGGGACCTTCTACAGCGGACAGTGCTAAACTGGAGTCCGCTAGTCATCGCGGGAGAAGCCTGAGCTGGAGTCATAGACGGTCTCCGGTTTGTATCACTTCTTTTACAAACTGAAGCTACCCTGAGTGAGCGAGAGGAGTATATTGATTCGGCCCAACTATCATATGGCCGAGGTAGTCGGTAGCGACTCACGCGAGCCGTCTTGGGTCTTCCCGAGATAGTTGTAGCCTTGTCGATGGTCATATGCCTAGATTTTACAGACACCTGATTACGTATCCATCGCTGAGTAGCAAGGAACAAGGCAAGAGAAATACCTCTTAAGAAGCACTGTGACCTGATTGTGACGGGATCTAATCGTCCTCAATGTGGTTTATCAGTTTATTTTAGCAGTCGTACGTGCTTCCAACAAACAACATCTCCCATTAGCACTGGCTTTCCACTCGCGACAGATTGAGTCCTTTCCATGTCTTGTATACGAGAGTGACAGTTGCCGAAGATCGTGAAGTTGATTGCAAGCCTTTCCACGTTTTAGCGGCGGCGGTGGAGGAATTCTGATCGTCAGGCGCATGGGTGACATTTCGGTCACTAGGCTAGGCCTTAGTACCTTTCCGGACTGCTCTGTGATCGCGGACATTTTAACATGTTTGCAGTCACGGAGTTGACATTCTGAACCAGGTAAAACAGAAACACTTGTCTGGTTGCAATGAGGGGCGCATCGAGGGTCGTACGAGCAGTGTCCACGTATAAAAGTACCATCCGCGCTAGCCCAGAATCAGCTTCCAACATGTAGTGTATTCAGCTGCTCGAAATGCTGCCGAAGAACCGGTGGGCTGAGCGCGTATCGGCGAACCTGTGACGGAGTCCGCGCTATTCAATCAATGGGTCGTCCTCCACCGTCCAGTAGAG,1643,50.03,Homo sapiens
SEQ_376048,GGCCTTGAAATGCTCGAAATCGCGACCATATAGCTGCACCGAATAATACCTGGAAGCTAGTACTGCTATCTGATGCTTTACACCTCAAGAGTCGTCTCTGCGTTCGTCTCCTTATCAGCAATAGCCGTTTAAACGTCTGGTACGATAGCACTCCAAAACGTACGCCCAGTCCCCGCTACCCTCGATTCTTTTGCAGACTGAGCTGGGCTGCCACCGCAGACCCGCAGTGAGCTATCTGCCATTGGACACACTGGATTCCCGGGTAATTGGCTTACTGTGAAAAGGCTTCGATAGTTTACCCCCAA,305,50.82,Homo sapiens
SEQ_817550,AGGCAGTTACACGCTATTAATGTACCAGCACAGCGTGCGCAGGTACCTTAATGGCCAATGGGTCGTCCTCGCACATAGGCCGGAGATTCTAGCGAGAACCTTGCAGGACCCTGCCGATGGCGTCGATATGGGGCAGATGTGAGGCCTAATATGGGGTCCGCCAAATCTACGAAAACCGTATGCCATTAATCGGTGTCGTACATAAGACGCTCAGACCCGTCCAGTATACCTACCAAATCTGCGGCAAATTCGGACTCGCAGGATCACGCACCCTGTACCGAAAGCGGTTCACTTCCGATAGGCTTCCCGGTGGCCACCATGGCACGCGAAAACTCATCAATTGCCACACAGATCAATTGTATCTACCACTGGGGCAACGCTTAGGGCGAAGCAAGCTAGCCGGTCCTATACGCGGCGTCGTGGAATATTACGTAACGGAGCCGAGGAGTAGCAGCCCTTTCGTTTATCGCACGTCGTAGCCGAGAATGCGGTGCTTTAGTCGGACAGTCAAGTGGCTAAGTTTAGCCGACATTGGATGATGAAAATTAAAGCT,553,52.8,Arabidopsis thaliana
SEQ_399466,TCAAATCCCTCAGCCCAAAATCCTGGGGGTTAATCTCAACAGGAACCTTCGGCACAGGAAGACAGTGTGCCTCGGTAGCAGACAAGCTGGTTTAACGCGAATCACATGGCAAGCTTTTTGGAGACTCATTTCCGCCTCACGTTGCTAGACTCGTGCGATACATATAACCTTACTGGGATTGTGCACTAGTGGCCGTCTGATAGAAGCACATTATGGATCTGCTGCAGAACATATTGGGAAGCCCTATCGCAATCGTGAGAACCATTTCAACGTAACTTAAATTTAAGGGCACCGGGTCAACTGCGATAAAAGTACCCGGTCAACCAACCGGCCCAATCTTCACGTGGCCACCGACCTAAGCTAAGCGGGTTCCGAATATTGCAGTGTGGAACATAGTTCGGGGGATGGTTCATCCACGTGAGCTTAAGTAACGACTGTCACGAAAACCTGTGTCTTAAGCCATGGGTGTCCCAGATTTTTATCTCCAAGGAATTGTGGTTAGACAGTGTCTCGTCCGTGTTTTAAGTTGTACCGAGCTTTTGCGTTTCGCTATTAACCTGTAGTATGTGTGACTGAATACAGGCCTGCCAGGTGGGGCTCACTGATTGAACAGTTTATCAAGAGGAAATGCCCTCTAATAATCAGAAAGTGGTATCCATTAGTCCGAACTTAGTTTGGACAATTACGTGGTAGCCCGTTCGTAAAGTCTTGCCCGTTCTTACAAGTTCCTTTCCTCCGGGGTGAGTCCATCGGAGTTCCGCGGCAGCATTCCCTGCGAGAAATGGCGAGCTAGTTGCGAACTCATGATGGCCTCCCGAGGCGTTTGGCCCGCAATCTGCGAAACTGCAGATCATTTTTACTCGAGTCCATGAACTCCACCGAAGACTAAAATCAAATATCATTGACGGAATACCGGCAAGACAGGACAGTATACGTTGGACTTTATCGTCCCCGCAG,957,48.38,Arabidopsis thaliana
SEQ_806610,TCACGGCGCACTGGGTCATGTTGCACTTAATGAAATAGCCTCCCATCCCATATCGTATTTAGCTCCCAGACCCTTCGCTCACTCTGTATATCGATTTAGGTGAAATTCGCGCTGGATGGGTGGGTATCTATGCGGTTAAACAAGGATCATCATAACCAATGGCCAGTTACCTGACGACTCCTGTAACACGCTCGAGGCCGATTGTCATGCTCAGTTCTTTGTAGTAATCTTTAACAGAGACTACGCTAGTTTTCATAATTTTTGTTAGTGGACCAGACCAAAACTACTCCGACGCTGCGCAGGCCGATCCCTCTCTCTTATCGCAATTGGATTATGCTGGGAGCCTCCCGACGGTGGAGCATCCGTTCGTCGGGTGCCAGCAACGGATTTCACGACCACGCAAGAGGTATGCGCCGCGAAATCTCCCCTACCCAGGGGGTACGATTAGGGGATTACTAAACCCCATTTCGTGGGAGGTCCGTCTAGACAGATTTAGGGGAGACTTCAATATTTTTTCCTACACAGGACTATGGGACAGCATGATAATTTGTCATCTAGCGCGAAAGCCGAGTCTTGTCGGGACCGCCAGCATAGAAGTGCGAGCTAGAAGCACTAAGTGGACATAATGCAAACTACGACCGGGGCTAGCGAGATTATGCATGCCCGCCCTATTACGGGCGGTTGAATATGTCGACAACTGGGGAAAAATGATCTGCTATAACTCCGCCGTCGTGCATATGTAATGTTACACTCCGCCGCTCGAGATCATCCTTGCGCTCCCATATTTTACCGATGAAAGAGAACGCTAGCGGGCGATGTGGATGAGGTAGGCCAATAGTGGGACCGGAAGTGGCAGGGTTGAGAAATACGGAAATATTATTGACTCTCTACAGACCGGGACCTCGAACAGTGCACAATTTAAGTGAACTCACAGTGAATATCCAAAGCAGGCGGGTCAACCGTAGAAAAGACCCTATTTACCCGTAGACGGCGGTGTATGAGAGTATCAGGTTAGTCTTTTAGGCTTCATGCCGCTGTAAGCTCGGTGCGCCTACTGCCAAGGAAGCCCTCAACTGAGAGGGTTTCAGCCCTGTGTAGCACGCTAGGGGGTTCTTTCAGTAAGCGGAATATCTGTGTCGAATAACTCTATTCTGAGGA,1158,49.74,Homo sapiens
SEQ_687905,CATTCCGGTAACTATGACGGGGGGTGGCCCTCGCCATCGGTGAGATAGTCCCCCTAATTAACATACGAGAAACTATCATGTCACAAAACCACTTGTGCTTAAATCAGTACCATCACCTAACGTGTTGGAACACGGGCGCAGGAACGTGAACAATCACTCAGTGTTCGAAGAGATAACGCCTGAACCCAACCGATAATCGTTGGCTGGTGTGTCGTTAGGCCGTTGTTACCCATGTGCTAAGCCGGCCCAGTTGAGAGGATGCCATGCTGCCTTCACACTTGGTGACAACCAGTGTCTTACAGATTCTATGTCGTAATGCACCACGTTAAAGACCAAAGCAGGTTTGAACATCTACATAGGAAGCCCCATTGAGCTAAAAACCATAGGTTTTTGTCTTAAAGGGCCTAACTTACGCTCGCAAGTCGAGATACACAGGGGTTATAACTCACCAGGAATTGACCGCGGTACCGCAATACTATACCCGCCCCGTGGTCATACGACAACGTCATATCGTGGGATCAGCACTGCCATTGAGGCCTCTAGTCATCTATCTAAATTTAACATACCGGCCTCAATTGCCCCCCGTGTATAAATGTCCTTAGTGACACTTCTCCTATTGTGGAGATGAGGGCATTGAACTCGCCCATTTTGTGTCGACTCATTGATGATAAAGCCTGTTACTAGGTGTCGAGGCTCGCTCTTTTTCCCGCAATCTTCAAACGAGCCAAGAGGAACGAGGATTGTCACGTGGGTAACAGTAATCCCCGCTTATGTACGATATCTGTCCTGGGTCTAACCGGGCAATCCAACTGTACTGTCTTCAGTGTGCCACCGGGTATCACCTGGAACATCTGCCAGTCGTTATCGACTCCCGGCGATCGTAAGTGGAGAGTCCGGGGGTTATTTGCCTACTGACGACAGGAAGTCGTCCAGCCATTGACAAATTCGAGTCGGTGCTTGCGTGTTTGTGGAAAGGGTACCGGCCTCTAAATTAGCCAGGGGTGCGGTTTCGCTCAACTGAGACTTTAGATCGGGGACTTAAGGAGTCTTAGGTTTTTCCTCGTGCTGAGTGTGGGTCTTCGTATGCGTCAGGAATACAGCGGCAACGTAGGCGGCGTCAGGCCTAACGAGTGCCGACTCCTTCGGAACCCACCGCTACTTTGCACATCGCTTTACGGGTGCTCATACGCATGATGTCGAGGGGCACCGGGCGCCGGATGATGCGTTGGATCGCGAGAGCTTACCTGTTCTCGATTTGGCGAGCTCAAACGCTCGCAGAATCCGTCGCGTGCTTGATGACGACAATTTAATGTACGGCTGCACCGAGCTCTTGTGCGCGTTTGTGCGCTGTTTTAAGACCGGGATCGATTCTCCCTTAAGCTGAGGCGGACACTCTGTATCCGATCCATACACTCATAATGTGTACAATAAGCCTCTTCCTAAGGCCGACCCGTACAATTTATGAAACAAATCTACGTCCCGACGAGCTCATCGGCGGGTAGTCGGGGTTTATG,1514,50.86,Escherichia coli
SEQ_181472,TTAGTAATCCCCCGAGACTAAAGAATCGTAATAGTTTAGGACAGTGGCGTCGAATAAAAGGCCAATAGGTACTAAGTGTGTAAGCTCAGGAGTTCCGTGAGATCGGACGGGTGGGCCAGTTAGAGAGCGGCGTCCTAGTTAGCCCGGTAAAGCGCAGGCTACACCACAGTTGCAAGCCACCAGTGCGCGCTACCCTTACGGACCGCTCGATAACTTCTGATACATCCCTGACCCCGGTTCGTGCTGAGACCGTATCGCTTCCCCTCGGAATTGACGAACTCCCAAAAAGCCGGCTGATAGGTAAGTGAGCAAGAATGGGGGAGACCGAACAATTTACTTTTGTAATCGTAATGAAGAAGTTAAGAGCATCCGATCGTAGCGGTTGCGAGGCCCAATCAGCTAAACGGGGCTTACTAGCCGGTTAAGTACCCCTCTCAACGGAAGGGACGAGACACTTCGCCGGTCTTTGGAGCTTATGT,479,51.77,Mus musculus
SEQ_130588,ACAGCGTGAGAAACGTATCGGACAAAGAGCAGTATCAGTACCGGGGCGAAGATCACTGATTACATAGTAAACGCGTACCTCGGCCCACTATTTACCGAGAAAGTTGCTTCGAAGTATTAAACGACTACACTCCATTCGTTGGGAACGACTTCACTAAAGAGCTTACCTGGTAAAATCCGAGCTCTCCAGTCGCAGCGAGGTTGCGACCACGGATGGACTGTGAGTAAACCCAGTGTTTATAGTCCGACTTTCAGCTCATGTGGTATTTTAGTTTCTTGCCCT,282,47.16,Saccharomyces cerevisiae
SEQ_581287,CGTTCCACGCGGTGAGTAAATATAGACCGAGCTTTAGGATCGCATTAGGATATCATTATTCAACGCTAAGGGGCTATTTGCTCGCTGCTGTCGTGCTCGGCTGGCTTGTATTCGTCTTGGCGGTACCTGGGCGATATCAAAGAGATACTGACGGTTATTGGCCGTCCATATAAATGATTTGGCCAGTAATTAGCAGCTGGGACATTCCCTTTTATTTGGTTAGCACCTCCGAGACCAACGTGAGGATAAACGTGTATTTCGCGTTTCCGTTGAAGGAATTGTCGCGACGGGAGAGATTCAAGCAGGCTACCCTTAAAAGAGATAACAGGGGCGGCTTGTACGGCCAAGTATCTGTTAACACGAATTAATAACACGGCCCTATTGTGAGGGGCATTATACCCGCTCGAGGACGTTACCCCACATCTCATGGCTGACACCCTTAACTAATAGCTGTGGGGTTTACGTGGTACCTAACAAGAGAAGCGAATGCCAGCGGCGTTCTCCTTTGCAAGTATTGAAGTTATTGATCATTTTTTGGGATTTGCCTCCAAATTGATCGTTACAGAACCGGCCGTGGCGGCGTCGAACGCTTTACTCTATATTTTACATTAGGCCTAAATAGTCCCTGCGTATATTACTGAACAGGTTCCGTATCGTGACGCGGCCCGCACATAGACCTCCCAGTTGGTATCCAAGCTGGAGATTTATTGGTAGCATCCGCTTCTAGCCGAGTTGGTCACGCCGCTCGCAGCGCAGACTGCTGTGGATAGTAGGTGTGAGTAAGTGCGGAGGCACTCGATACGCGGGAGTAACCCCTACTCGATGAGACTAGGACCCCCCGCCGAATTGCATCAGCGTTTAACGCCAAGGGTTTGCTCCACATAAACCAGGGTGTGGGAAGGCTGAACGCGCAAATGGTTTTTCATTCACT,931,49.52,Homo sapiens
SEQ_173450,CGTTTCGGACTTTTTGCTGAATAGGTCACAAGGGGCAAGAACGCTGGCAATTATACCAAATCCGGGTGACTATTTTATCGCAAAACCGTCAGAGGAGGGTGGTTTATCTTCCAACAGCCTACGCGGGAGAAGAGGTCTCCGCGGCTAGTATTACCCACCACATTCTACATGAAAGCCTGAGATTTCGTACTACCCAAAGCCTGACGCGTTTACCATTCCCCTGTTCACCAATCTATTCGTGACGCTTCTACGCGGCGTCTATGCACCTAGGCCCTATATCGCCCTCAGCAATTTAAGGTTCGTGTACCATATTGAATCCGAATCGGCGAAGTGCCGAACACCATGAGCTCACTCCGTGGGGTATGGGAGCCCAATATCTTAAGCCCCGGCATCCGCCCCCGGCAAGCGCCGAGTATAATGCAGTGTGTCACAGCCGAGCGCGCACTAAATCATCTCACTTTTGGCCTCATTGATGGGCAATATACTTTGGGATCTAGGTTGCTTCCCGACCTCCACGCGGTCCTTCCCTGGCTTTGCTGTGTATCTGGTACTTCGAATGTCGAGTCTATTTCCGACCCTGTAAAAGAGGTCCTCGCGGTATTCTAGAGTAAGACAAGCGCTAACAGGCTCCAAACTGGGGGTCCGTCAAAAATTTGAATCTGCCCCGCTGCATGTAATACTGTCTGTTGAGAGACGCCAAAGCGCACGTCTGTATCTGTACCTGCCATAGGGGAGTTAGTTAATCTAAGTGTAGGATGCAGTCTTATCTCGGTGAGGTATATTTCAGACCTTTCTTAGTAAAACTCTTCCTTACGATAGAAACTTCGCAGGAGGATACCTCACCGGCA,848,50.0,Escherichia coli
SEQ_449338,CACGTTAGCTCCATATATGGGAGGTGCGTGTTAGACCGGGACTTTGTAGGTAGGACTACTTGGACGCAAGCATTCTGATAGACCTTCAAGCAGCTTCTCCCACTTTGAAAGTTGCAGCATGCAACTCATCAAGGACCACTGGAACCGCAGGACTAACTGCCCAGACTTAACCAAGGAGGGTAGGACGAACACTTGATGTTGAATCACTTACCCACATACCATTGCAATACGGCGGATTTGCAGACGGTAGGGTGGGACAAGGATGATACAGACGCCCTGGAAAAATTCCAGAAGCCTCACTTAAAGTCGTTACAGTTTAGATAAATTTGGACATTGTATCATATCCGTCCACCGCCCACACTCACCCAAGCGGTCAATAGCTTTGTCAGAACTAGGCGTTAAAGAGATGGAGGCCACATCAGTTCTGAGGAGTATTCAAAGTGGCATAGTCACAATTCAAGGTGGTGGATCGGGCTGCACCATAGCCAACCTGGGTTTGTCCTAGGTAAACGACTTATGGCGTGTTCCGAAAGACGTTGCTAACGTTACACAGCCCATAGCGACCTTACTACCGCGTGAATATCCGCTCGTATCTCTTAGGTGCTAAAGACAGCCGGTCTTATATAGCCCATGCGGGCACACTTTGTAATCCGGATAGGACTGGTTTAGATCAAGCCAGAGTAATGAGCTGGCTTCGCATCCCGCTCATAGTAGTGTTTTTGCTGACAGTATTAAGTCTGCCCTGAGGCCCGACGTAGCCGGTCGTGGCTGAATGTACTCGCGACGTCTGACCCTCCGATAAGATTAATGCACGCTCACAACTAGATGTTGGCTATAAGAAGTCCTTCGTAAGCCCTTCAAAACACCAATGCAGCTTTTGCTCGCAATTGGTACAGTAATAAGCAGCATAGGGGATAGGATCGAACCACCTGATCGGACCGCGCTAGGGCTCTTCCGGCCGAGGACTCACGATCATTGGTGCGCACTTCTTCGCTGATTAGACCAGTTGGCCATCGAAAATGGGCAAACTGTAGTGTTTTCCCCTTTTCAGGAAGTGGAACTCTGGGCCTTGAGTATCGTACGGCTCGCCTGACGAAGACTAGTTTACGTTCGAATAGATCCGGATCTGATATGTTTGCTTTTATTGTCATAGACCAACGCAGTTCCAATGCGCCATTGGGTCGAAATGCTAAGCGCGCCTACTTCAATGTCCATCGGAAGGGGCCCGCTCCTATTCCCACCTGGGCAATCTTGCACTCGGAACGCAGCCTGGGGACGAGACTAAGGAGCTGAGTGTGCTTCACAAGTTTAATGCAAGGGACAAGCCGTAACCCTGCATTGGTAAGGATAAATGGGATAGCCAACATCTTGCGTGTACGGGCTATATGTCTGGATGCTTGAGAGCAATCTGTGAGTTAACAACGCTGAGCAGTGGTGCTTAGCTACAACGATGAGACTCGACTGGCACGAGCGTTT,1476,49.59,Arabidopsis thaliana
SEQ_142008,TGGGTCATTCCCCGTACCAAAGGGTTATTCGAAGCAGCCTGCGGGATCGTTTACCAGATAATATTGCAAATCGGATCCGATTATTAGAGATGATCTAAAAGTGTTCATACACGCCAGGCTCGGTATAGAAGAGCCTCCAGTAACAATCAGACGCTGAACCCAAATCACCATCGGGAGTCAGGGGTACGGCGTCCAGGTACGAATATCATCTACTGTACCAAGCGACGGCAAATGGTATGCTAGAACACGGGAGAACTATTCATAGCAACGACTATGATATACGGCAAGGACCCTGTAGCGAGATACTTGCGTTAAAGACTTATTCCGAACGCATCATATCCTGCCCTCATTAATCACGTCTGACACTTACTCTGATTTCAGAAGTAGTTTTCATATGATGGGAAACGTCGGTCGCGTACGTGCAGTAGAGTCGCCCCAAGTATCACTCTATAGTGCACCCTCACATTCCACACGCCCTTCTTTAAGCTGGCGAACCTCTAGCCTGCGCCGACTAAGGCGCATAAAAACTCGGAAGTAATTAAAGCGAACCACTTTTGCAAAGCCGGGATCTTTCATCTACCAGGTCAAGCGTCGTCAGTGGATTACGGATGGTCTTCGACATGAAAACACTACACGCTACAGGAGATTCCTGGGTGTAAGTTCCGTGGCCTGTACCATCCTCTCAAGAGAGGAATCACCCCTAGCAGGGCCGAGTGCCTGGACTTCCCGAATGATTAGCTCTAAGTAAACTGTCACCTCGATCACCACACGCAACAGTGGCGACGCTAGCAAGCATGGACATCTAAGGTTGACCCCTCTATACTGTGTCCACAGGGGATGTACAGTGACGATCTAGAGAAGGCCCAGCGGTATGCTCTTTTGGGTTAGTGAACCAAATTCGGCGTTACATTTGCAGGCCGGACCGTAGAGCGGCCGCACACATCAGAACAAACGTTGCCGCGAGCATGACAGCTCGCCCAATTTACGGAGTGCACGGTAGGCATCTAGGGGCAATATAGCTTTGGAGCTACACAGTATTGAATACCAAAGCCCATCTGTAAATGGATTTGAAAGCATATTTAGCCTGCCCGAAA,1094,49.09,Caenorhabditis elegans
SEQ_722761,AATAAGACCCCTAAGTCGGGCTGGTCCTGTCCTTCACTCAAGATTCCCCGAGAAGGTCCTATATAGTACGGCTATGGGAACGAACCTATTTTCGGATAGCTATGGGTAGGCATTTGTGGGTTCTAAATTAAGGCAGTTTGCCTGTCGATAATTCGTATGAGCGCTGTGCGACCTTACTTACGGTGGGCAGTCGACGTAGCTAAAACTCGCAAATCCGAATCCAAGCAATCGTCAAGTCTCTCCCCTTGTTCCTCTGCAACTCCCCAGGGAGAGTCACTGTGATATGGCGAGCCCCGACCGTCGGTTCCTCACGTTATGAAATCAGCCTCGCGCATTATCACAGCGACGGCTCTAACTTCATACCGGTGTCATTGCGAAGCCCCTTAGGGCAGGCCCCTCTATTTGCGACAATTCTCTCACGTCCCCGCGGGCGCACCAGTCCGATAGCGAAGCGGTTGTGGGAATGCGTACCTTATTTTTTGTGTTGCCTAATGTCTCAAACTAAGTTTTACACTATGCGTCCATGAAAGATCCCTCCGCGGTGTGTACTACTTCGAGCGTCATCATTGGTAGAGCCCACTTGCACTTGTGGGTAGGC,598,51.34,Mus musculus
SEQ_358847,TAGTGCCCGCGAGTGAGTGCATACATTGCACGCGTTGAGCAGTCGTCAGCTTAAGAAATTTATGCTTCCGTTCCAGGCTCGGAGATACGTAAACTGGAGCGCGCAAGACTCGCAGTTGAACCCGCCCGCGTTATATCTTCTTAGGTAAATACACCACTTACCCTTTAACCATCAAGATAGTGCAAGCTTGAGTGTCCGCCGTCAAATTCGACCGTCCTTGCGCGGCCATTTGGATAAGAATGGACGAAACAGGCTTTAGTAGAAGAGTAGTCGCGCGCGCCATGTACTCGCCAACAGTCTAGCGCCTTTAAAGCTGGTCTCCACCCAATGCTTTCATCGTGTACGCGCCCGTTTTTAAAGACTGCATACTCTTAAAAGGACGGGATTCTAGCTTCCGAAGTTCCAGGGACCGGCCCACTCCGTAGACTATTTACCGAATCGTGTCAAAAACATAGTGTCGGCGCCTAACGAGTGTAGGACTGCTCACCGGCCAAGAGATCAGCGCGTGCGGTTCTCATGTCCGTAGACCAGCAAATCGGGCCAGGCAACTAACATCACTTCGATGCCGTCGTCTAGAACATACTCGCACATCCCACTTTTTGGAAGGCAAGGTGACGCTCCATGAACATTAGGGACAACAGGATTATGGGTCGGCTGTGTATGGCCCTAGCTTGCCATCCTTCGAGCTCTAGTTCCCGCTCTCAGCGTTAACCAGTGTATTGATCCGAATTGTCTAGTTAGCTCTGCAAGCGTAGAGTCATAGGGGCATCAGTCCAGCCAGTCTAGAACTTGGGAA,796,51.13,Escherichia coli
SEQ_726627,TAAACGCCCCGGTTGTAGCTGACTGCTGGTGAATCCTTAGCTTCACATCTCCCCTACTACGACGAGACATCTCTGGCCCCTGACCCTTAGCACTCCCCTGTTCTCACCGTATCAGATAATGCGGGTATCAAAACTTCTGTGGCATCGCGCAAAAATGGGTCAAACAACATGAAGGCTAAATTGAACAACAGCACTAACAGCCAGAACCCTTGCGAGACGTTATTGTCCGGAAGCGGAGTACTAGGCTCACCTCATGCTATAACTGGGCAACCCTCGGCCTCAATTTAGCACCGAGCTCAGAGTCGGTGATTCTCGGACCATCCATTCTCATAGGCATGCTAACGTAAGGACGTAGCATTGTATGGCCAGCTGGGATAATTGATATCATTTTGTCATAATCGATGCCGAGTGGCGAATGCTTAAAGTGCCGTAAGCGGTGAGAACACGATACCTGTTCGGTAACCAGCCCGGGCGCCCGTGCACCTAAGAGGTAACAGATTGTTTCTTTCTCTGGGCACGTTAATCGAATATAATCTCTAATGATAATTAGCACACGGCCGCAAGTGACTGGCCGGTGTTTTAGTGCGTCCGACTGGACCAAGGATACGACGCCCGCCCCCGGCAAATCTCCACGGATTTAGTTTTGATACTCCTCTTTGCGTGGGCGCATTTTCTGTTTAACCCCTGATCATGTCACCAGCATCTATTGACCACGCTTCCTTATCTGATCCACGCCAGTATAAGACCGGCTTGGCTCAGCAATTTCCCGGCAGGCTGATCCGTTCCATACGCATGTAATAATATCATTAACGTACGCGCTGATTCCCGTAACGTTTTAGGACGGACTCTTCGCGTTACGACTACCTAGGGGACCTCGCGAAATACATTATTAGACCGTGGAATTCACGTATCTCGAATGGAACCGTCGTTTATCCTCCGCAGAACAAACATCGGTTCAGGCAGAC,965,49.74,Arabidopsis thaliana
SEQ_305007,ACCTAATTGATACCATGGATACGCCTTACCCGGTGCGGGTGTCGGCGCTAGCAAACTGAATATACGTGCCATATCTGCCTCTCGAGGTGGATCAGCACGGGAATCTCTGCATTGGGACATTGCACGTAGAGAACATTTGTCAGCCCTATTAGAACTGGAGTGGGCGATACACGGTGTAGGAGCCCGAGATTTAGCTATACTCGAGAACCCTCATCGTCTTCTCGGTACATCCACTGTGCTCATTGACAGGAGCACTGCCAACCTATCGCTTCGAATGTTAATCTTGCTGTGGCGAAATAAGCCAATGTGAGTAACCCTCCATCGCGTCCTAAATAGCCAGGCAAGTCCTTGTAAAGGACGTCAAAGTGGGCGATTTTGTGGGTTAGGCTACAGAAGATAATCCTGGGTCTCGGCCCTTCAGACAGCG,427,50.59,Drosophila melanogaster
SEQ_571093,CGGCTATTATGAAGTAAGTACTACGTATACAGTAGTACAAAACTTCGGGCTATCTAGGAACTTAGGCTATTTTGACTTGGGTACGCATAAAGCGCTTCAAAAACAAGGATTAGGGCCTTGCACTACAATCGTATTCGATGAAGGAGTGTAGGCGGGGGACCTAGCCTATCTTCTCACTAGTTACTTACCTTCGCAAGAGGCATATACGTTATGTTGCACCGAGTCCGTTGTCGTCCAATCTGGTGCTAACATGAGCGCGAGCACAGAGAGTCGCCGCTTGTACGGTAACCGCACGTGGATCACATGCGTATATGGTCTTCATGTGTGCACTGCTGGAAGCCCCGTTCCCTCGTAACAAGCCCATTATCGGGGCACCGCTAATTTGCCTATTGAATCGGTCTTGACCCGGGCCCGTCTTTGCGATTATTGCAGCCCATAGTGGAATGTGGGGACCGAAGAGGGCGAAGCATGTACCGAAGCTGAAAGGGCAGGATCTTGCAGTTCTCCCCGTATTAGGGCGCAGACTCGAACTGTGCTCTTTTATCTTCCATTGCGCAGTCACCTACATCCTGTTTAGTAAGGATGCCTCTGTACGTAGGTCGGTCTGCATCGGAAGTGCCTGATAGAAACGCGCCACTAGTTCCACCACGTGATTTTTAGCTCACGATGGGTTCTTCAT,679,49.93,Mus musculus
SEQ_867367,ACTCTAAAAATTGTGCATCCGTTGTGTAAACCTCGACGTGATTGAGTTGCGATGGCATCAAACCATGCTCCATGTCAACAGAGATTCTAGGCAGACCACCTGTAACGTAGCTAGCAAATCGCTATCATGATCTTAAGCCCGGGCCCTTTGACATCGTACAACGACTTCACCCCGTCTATCCCGTCTGCGAGCTAAGGACATTTGGCTGAGGCAATGGGTAATTAAGGCCAATATGACCACCCTACGATGTAATCACCAACGTCATTGCAGTTTAGTGCTAAGCTGGTACAATGGAATTCCCTTGTGCGGACTTAGTTCGTAATTCGCCCAAGAAGGGCAAACGTTCAAATCCTTGGGTGTCGAAAATTGTTGAAGGCCCACGTTAGGACGCGTCGTGATTCAAAGGTTGGTCATTAGATCCAGGGCGTAGTGCTTGGGCCCGTGCGAAGCCCCACTACAGACCGCATTCAGTCATAAGGCGGCAAATTAAAGTTGCCGACTCGCAGTCTAATGTCAAACACACCGGATCGCAGAACTAACAGTTTGCTCTGTTTACTTACCTCAATAAAGTACCGCATGAAATATTACGGTGTGTGGAAATGTCCCCTTTCCTCCCTTATAGCCGCTCCCGATTGGCCATTTGGAGTGTTTGAGTTGTTAACTCCGTAAACCTTATAATCCTCGATCCGGCAGATTACGAGGGACCATGCCACCTAATGATCCGATATGCCTCGATATGGGCGCCCGAGACAGACCACCCTTTGCTCCGCCTTTTTCATGATGTGTAGTATTCGGGCGTCCATAGCACTGGGTTTGGCCCAGAATCCGTGGGTGCGGTGCTAACAGTTGCACAGCGCGGGGCGGCTGAACCCAGTAGAACACGAGATGGCGTGGACGTGGATAAGAACGCTACCAAGTCGGGGACCCTAGTGATACGTTCCACTAATCTTCGAACCATACGAAACCGTCAAGCAAGTAGGAAATATCTCTGATTCGGAGTAAATAATCTCTATACTACATCTTCACGTGCGGGTTCTGTTTCAATGGCTAGTCCTGAAGCTGAAATACTCGAACCGGTCTGCGGGCCCGGTTAAAAAAAATCGAAAATTGGGACTTTGCGTTTCGCGGCGGACCGGTCCCTCATCGAAGAGGGCTTCGACTGGACTGCGGGAGCTTGATAGGTCACATGGAGTTGATATCTTTTGATAACTAAAGGGTGGATTTTTAAGGGAGCTTAGAGCCTAAGGTTATTGTTCAGGTGGTGGTTGGTCCACAATTTGGTTTACTCGTACGCGGAATGAGGATACGATACCATTTTTCCCCCTCTCCGGTTCGCCCTTCCACTCAAGCCGGTGGGTGAAGGATACATACTTCACACGTCTAATTCCGGTTTCCTTTGGCGATTATATAATGGGGGGAACCGCAGACCTGCGAACTCGTACGCTAAATATGGATGGTACGCCGGTCCGCAACCCTTTGGAATTTAGCCAGCTAAGAACGGTAACGACACAAACGCGGAGCCAACTAGTACGCTGACCGCGAGTCCATATCTCGTTGCAGAAATTTAGACGCGCCTGATTACCCATGCCCTATAGGTGACTCAT,1604,49.31,Mus musculus
SEQ_483788,TCGCCTGAACAATGATACAACACAGTTACGACGGAGCTCACTCAAGCGATGACCCAATCTATCGGAGTCGGTCGTCTCCCTCGAAAACATAACGGTGCGCGGAAACTTCATTATGACATTGGGCAGTCTAATTCAACTCTTTATAGCAGATATGATGCAAGTGATGTCATCCGAGTTAGTCTGCGCGCATACATGGGTTTCTCCCCATATATTTGGCCGGCCGAGCACAAGGCCGTTTTCCGCATTACTCAACTACCCCCGTCCCCACAGGTATACCGAGGGCGACTGGCGAAGACCACCACTAATGAGTAAATCGGTATCGCGAATTCGCGGCCGCTGGCGGATTTCCA,350,51.14,Homo sapiens
SEQ_401815,TCCCTGTGATCACAATTACTGACTTTTTTCCCGGAAACAGCGGGAACCAGGACCTGCCTACTCAAGGGCAGAGAAGAGGGAGTCGGACAGCGTGGCTAGGGGATTTCAGAGTGTAGACGGACGAGTGGCGTGAGACCTTTATTCACTCAATCCTACGAGGTCGATTTAAAGAGCCGGAGGTCTAAAGATATTTTCACCTTGATGGAATACATTATGCGTTGTCAAGCCCGGTAAGAGCTGGAATAGAAGGTCAAATGTGCTTTGATAAGTACGCTGTGTCACTGCCATTACAGGAAGTTTGGCCGCTCGGTCTCACCCCCATCGGACAAGATCCGGGAGCTCTCCCTAATGGCTTAAAACTCATGCTGATCAACTGCTTAGCCCCTGAGCTAGCCACAAGTGACAGGTAGCTGTAATTTTCTAAACCAGCATGATGGCGCCGGTTTATGGGTGGAATCACGATTTCGGATTACCATACAAGCCGTTGTAGTACGGGGGTTTCCACGCCGTAACCCCAAGAAAGTATGTACA,531,49.34,Arabidopsis thaliana
SEQ_693353,TCACCACACGCTTAATAACAGCCTTGAAGGCTTTGATAACGACAATCCAGCCCCCAACCTCCCGTGGGACTGTTTTCCTTACACTCCACTATGCACAGCCCCAGTGTTATATCAGGAATCCCTTAATATGTCAACCTCTTATTAAATCCCCACGGGGAGATGGTAACGAGCCAAATGCATCTTTGACGCGACTAACTCAATCTCGATGGCGGCGGTGCAAGACTCCTAAGTCGCCGCGAGCTCCAGGCAAAGATCTGTTACCCCAATAGTCATTATTTTAGTGCGACTAACGACTCATCTTCGAAAGTAGGGTGAAATTGCCCATGTGAAAGGTTCGAGGGTAAACGAGAGCATGCTAGTATTATAGTCTCCTATAGACGTCAGACATGCACATTCTAGCATGCCCGCCTAGATGAGATTAACCTAGCCGAAACTATTAGTCAGCTCCAATCAGTGCGCACATAAAGACAAGCAACTGGCTAAGGGGTATAACAATATTCATCTTCGATTTACTAAGGATAATTAACGCTGCCGCCGAATGGCTGGGCGTGTGACTGTATACCCGCCTCCCGTACTGCGACTATAGGCAAACCCGACTCAAGAAATTATGTTTTGCAGGAGGGAGTTGTCACGGATTATGGCTTAGAAATGGGCAATATACCTGTGCTGTGCAGCAATTGCGGATAAGTAGAATACCTCCCGATGAGGCCCCTATTCCTGCTTTTTCCATGGGGCGTACCCGATATGCGGCTCCCCTGCGGATACTATGCTTTCTCGCCCTGGAAGCAAAATCAATACGCTGGTGGTGGTATTCTCTTTTCGGGAGCGGGCCCGGGTCTGACTGTGTGGCTGTGACTTCGCGTTGACCGACTTAACTAAATCCCTAAATATACGTGGAACTTATTGTTGTTGGCTAAAGGAACTCCGGCAAACGAGTGTCTCTGGCTATATGGTGGTCTTTGCCGAGCAATCAGGAGGACTCACAAGGGTTCCGACGGCATACATGTGCTACGAAAGCCGTGACTTAGTTGCTAGGACCGACTATCAATTTATTGGAGGTCTACGTAGTTCCCCGTAGTGAGAGTAAGGAGCATTAAGTTGTTAGGATCGGCCCTCGCATCACAGTCATCCTTTACGGCGGGATTACTTCCACTCAGGGCGGACATGTTGTCTGTGTAGGGAAACTGTTAGCCTAGAGGCTACGGGCCGCCTAAAAAGGCAACCGGGGAGGGTAATGGTGCGAGCAGGGCAGTGTCCTTTCCAATAGGGCAGTTCCT,1277,49.26,Saccharomyces cerevisiae
SEQ_328671,CCCTCCATCTAGTGACCGCACGTAGATGAGGCTTAGATATCAGGATACCATTAGTTTCATGCTCGCTTTCCCCGTCGAGTCCCTCACTTAGTAAGTCCGGCACCCCCAGACCGTGCGTACGCCATTTCTCCTAATTGTATGTTACATCCATAAATCCACCCCTGCGCACTGAACACTTCCTAGCGGTTCGTAAATTTCCCCGATTTGTATACGGCACATGCCCTGACGGGGCCCTACGGACGGCGCTGGCTTATAGACGCGTTCTGTCACAAGTATTGCCTTCTCAGTGCCGGTAACTCAAAAGAATCTCTGATGATCCTGGGAGTAACCTGCGGACGCTTTCCCAGAGCGACTGATCCGGAGAAAGCGGTTATCAAATCTGATCCTCGGACACCACCTCTGGCGC,406,52.71,Arabidopsis thaliana
SEQ_840637,ATAATGGGGGCTAAAAGCAGCCGCTGGCCTCAAGAACGGGTGGTAGCTACGAATCAATATCAGTCCTAATAACTCGATGGTTGCGTGTCACATATCTCCGATCTGTAGTCAAGCTCTACGCCTTGCGGAGGATCACGCAGATGGGCCGCGCACCGCAAAACTCACCGTTTATGGAAATCGTAAAAATTGCCACAAGTCCTGTTTTCAGGAAGGCCGGTGTCGTTCACGGCGCATCTGGTGCCATTCGCATCCTCGACCCTCCCCGTGACTCTTACCTTTCTTTTTGCGGTGCGAAAAGCAACACGTCTGTGTAAACGATATTGTTTTGTCCGAGGTGTCAAGGTAAGAGTGACCGAGTAGTTGGGCGCGTGTTAAACGGTCCCTTTGGCATATGTGGTTCATTCGTTTGCTTACGCTATTGTCAGTCTGAAACGCGAGATTTTTTCTAGGCTCTTAAGGGAATACGTTTGTAGTGTTGTTCGTCTCGAAAAAGAATAGCGTGTTCAAGTCCTACTCACTTAGGTGAACTAACGCCTGGCGTTATTGGCTCGGAGCAACACACAACAACAAGGTACTACACCTTGTCCTGCGCTGCTAAAAGTGAGTTGCTCGCTTCAAGCCATTCTTATGGTACTTAAGGCACTGTGTCTTAAACCGCGAAACAGACATAGAGGTGTTATCAGTCTAATGTTAGAGCACTTTTTCCGCTTGCAAGTGCTCGAGCATTACGTACACAAGAACAATATAAATACCGGACTTTTGTAGAGTGAGGCCGACCTGTGGTAGTGGAGGCAGAAGCCATGACACGAACAAAAAGGAGCGGGGGTGTCTTTTTTC,837,47.79,Drosophila melanogaster
SEQ_461844,ATAAAAGGACGTGGAAACCCTCGTACCTATGCGTCTTGCGAAAGCCCCCTTTAACGCCCACCCGTATAGATACGCACGTGAAGCCAGTTACCATTTGGATATTACGCGTATCGGGATGCAATCGCTGAGAAAGACAAATATGTAACTATAAACGTTTTCCCTCCATAGAATTGGTTTCTATGGCTGCGATTCTGCGCGGGTAGACGGAAAACGGTGCATCGTCTATATGGCTAAACTGCCAAAAGCGATCGGTTCTTCCTAGATCCGGGAGGCACAGGTAACAGGTCCTCAATCGAACTCCGTTCTTTGCAGCCTTTAGTATATCGACGAGGTCCTGACAGGTCGCAATACGGTCTCCCCGTGCCGCAACCGAGTGTGGCGGTGGTGACAGTACTACGATATGAACGTTCCGGACGCTTCTTAAACACGGGATCGCTATGAAGCCGGAACGGTTTACGTATAGATGTCCGACGTATGGGGGGTTCCTCCAAAGAATGACTGCCAGACTGTGGACGAAAGAGTCTACTCCGTGTGGACGAGAAGGGCGGTAGACCGGCACCTATATTCGCCGTAAACTGGTTAAGTCGAGCGCGGAATCCAACGGTTGCGCCGTTGTGGGCCCTGCTTGATATGCTGGAATAAGGCGCCCAAGTAGCGATAATATTTAGTAAGGCAGGTTACAGGCATAGACTGCGAAACTTTGCCTTTGTCTCGTAATACAGATGGTGAAACACCCGTCACGCACAGCAACTGAAGTATGTTTATGCGTAGGGGCCCTAAAATGGTATCCACAAGACAAGCGACAGTATACGCAATTTTGTTACCAACCGTTTAGGACAAGGTGC,845,49.94,Drosophila melanogaster
SEQ_715981,AGAATGTGTAGCCCCACAAAGTCGTCAAGTGAATGATGCAACCGTATTAGTTTTCACGCTTACCGGGGGCGCTTCATTATCGGACTGGAAAGTTGGCGACCTCTAATATTGTCCGGTAACATTTGTATGTCCGGGCAGTTCCACTCGACTAGCATCCACCCGACCGGAGTGAGTTAATATACTTGCGGGACTTGTTCTGTTCGTCTCGGCAAAGGAAGGGCTACAGTGTCTGTCAGACAACTGATTAGAGAGGCGCGTCTAGGATCGGGTATCGGGGGCCCACGCGGGTCCAAGGGGATAAAGTATCCCCTCAAGTTGCCCGCGGCCGGGCTCAACTATTGACATGCTGGACTGCTCCCGGGGATATGGTCCCCCCTCGTTATCAACAGTACATCGTCGACCGGAACGACGCACATTCTTGTGGCAGATGGGAGGCAACCTACACGGGTGATAGCGTGCTGGGTTGTCGGAACTTCGTCGCCAGAATGAAGAATCTCGTTGCTTCAGTTGCCTGATAGCGGCGATTCTTTACTTCCGGACCATACGTTGATGCGTCATGTAGTCCATGATGAACGACCAGAGTGAGATGAGCATTCGTCGGTTAGTGATCCCAGCTCCAGGGAGTAATTAGGGCTCAGTTTGGCGGTGTGAATAGCTGGATCA,663,52.79,Saccharomyces cerevisiae
SEQ_280505,TCATGAGATAATCGATTGTAGGAAAATATTAAGTGAACATCGCATTTTCGTATTACACCAGAGCAATTGTCGTATATGACTGTTACCTGCGAGTTACAGTTCTTCACCAACGACTCAAAAAACTGGCGCCGTATCTACGTTGGGTTTACTAAGTTGCTCGATCTGATTCACAAATTATATCTCAGCTCGGACTAAAAGGACACAGTTTGCTTGGTGACAAGGAGAATTAAGTAGACAATTGCTGCCCAAACAGATGAAATGTGTCCTGTTCATCCGATATGCACTCCTCCACGATCGACGTTGCCGCTAATACGTACCACGCAGCATTGCTTCCGTTCCGATGGCTGGTGCAGTTGTAGACAAATTAAACGAGATGGGCACTGGGGCCGGCTTTGTGTTACAGCCTTGGCCGTCAGTGTGGAACGTTTTGATGTAAATGTTTCTGAATGATAGTACCACATCGCGGGCTGGGAGTGTAATGACCCCTGTCGCTAGACTTTAGCCAGATATACTTCACTTTATAACACCGTAACATGACCAATCGCGCCTAGGTATCGGGCTGGGCTCCTTTTCTTAGTGTTAACTGCAGAGCGTTTCTACCGGACGTACTGCTAAAGAGGTAAAGCGTTCCATGGGACGGACCGCGTGGGGGGGCTGGCACGACGTACTTAATCAGGAAAAGTACAGACCAAGTATACTATCTCTGCGCGAGCTACGAATGCAAGCGACTCTGTGTAGAGACATCTGATTACCTACAGGGCTGCCTAACAGGAGATGGTATACGGACTTTCTGACGCGAAAACGCATCGCTAGCCCTCTAACTTTACGGGGAGTTTCGGCTTTTTCATTAGCGGTACCCCACTCAAAACGACACTGAGAGCATCCCGGTGATCGTGACGGATATCGGCCCCGGGTGACTACGTGTTATATGGTTTTCGCTTAGAGATACTCGCTTGGCAAAAGCCCTGGCAACAGTATCTAGGGTACGTAACTGTAAGCCTTTGAAGCGTTATTCAAAGGGTTGTGAGAAAATCTGTTGCAACGTTGTTCAATCATAGATCCGAGGTGCTGCAAATCCAATCTCAGGGATCCGGTACGTGTCATGTCGCGCTTCTGGAGGGGCTCGATTCCGTCTCTGTGGCTCGTCCTTGATCGGTTCAGCGGGACGGTTCAGCGAGGAAATCGACGTCAGCAAAGCCCCTTGCTCGTGCGGATTCCGTTTCGTTCCCGTTCTCGAGAGTGCGTCATTGCTGCCAGCATGTATTCCCCCACCCTCGCGGGCTGCGTCTCTTGGTGCGCAAAGAATTGCGGAGAGGAAAAGCTCGCACTTTGGGGCTGTACAGTCTTGGGCCGCTCTTGCGCGGTAGTGGAAGTGTCAAATGTAGGGTCTTGTCGACAGCTTCGGTTCGACAGTCGGTTAACTTGGTCTGAGGGGACGGGGTTGGTTATCGGCAAGTGATTGCGTAACTCCCACACCGAGCGAGAGTTAAGCACTATTCAGGAGGCTAGTATGCCGGTGCACCAGAGAGGGAGATGACCGAGTATATTCAGCGCTACACAAATTGTCCTTCTGTAACACTTCAAGTCTAGTCTGGA,1596,49.81,Saccharomyces cerevisiae
SEQ_182408,ATTTCAACTCTTTCGCATCAGCGAGAACCTTTTGTTGTCGGTGCTAGCTTTCAACTGATTCTCTCGCAGGCAATGAAAATCTCTACGACGACCGTAGATGCACAGGTCGGGATAATAGATCCAATTGAGTCATCATTACATAAGGTCGCCGATCGGAATCCTTGCAAACTTACTCTACCGGGTGATTGTCCGATATTAATCTCGTTCATGCAGATAGCAGCTCGATGGCCCAAACTGACCCACTCTCGTACAAGCAAAGGGGTCCGAATCGTGTGGCATCTGATCACTACGCAATCGCTATAGCAGAGGGTGAAGGGTAACCTATGGGCTCTTCTAGATGACTTGGCGTGGAACGAGAACGGGCAGACGTATCCTAAGGATTCATTGACTACGCTAGATTCACAGATGGCCTCGCTGGTTGGGATGCCGACTGTGAACTCATTGTTCTCGGACTTAGGGAATTTCAAGAATGGTGCTATCAAGGAGTCATGAGTCACTGGAGCGCTTAGAACTTACTGCAACCCGTATTTGACTGACAACAATGGGGTAAATGCGCTTCTATGATTCTGTCATAGGTACCTACCGTTCAGGATAGTTGCTTGAATCATGTCATCGATTCTCACGACGAGGCCTTCACGGTGATGGGAGCAGAAGGATTTCAGGGCCGACCTCAGGTGCCAGAGCTATCGTATCTACTTGTTGCATCACAACCGCTGTGATATGAGCTGAAAAGTTCTTGCGCTCTCCGTAGGGTATTTTATCCTCAACTCCTTTAGTATACGTGGATACTTGGAGTTCAAACAGCTCACCGGC,813,47.72,Caenorhabditis elegans
SEQ_809946,TTTGTGTAGGATGATATTAAGTCTACCCTCCGTCACGGGAAGACATGTTCCTTTCGTGCATGGTCGGGCCGCCGTCGCGTGTTGCATACAAATATGGTCGAAATAGTCCCAAGTTCCCAGAAGGCAGACCCGATAGTATAATTGGCAGGAGAATGAAATCTGCGCAACTGCTTAACTACCCGTATAAGAGGATTTCTTGACGCTAGCCCCGAACTGTATCCGATCATCTGGAGCTACCGGGCCCACCGCTCTCCAAGGAAGTGACTGTCCTGCGTTCCAAGCATACGCACGTCTTAAGTTGGGCTCGAGGTCACCCGTGCTCCAAGGATAAGCAGCTGCCGCTACGCCGCCACGCTAGCGAAGTGTCAACACCACCTTTTTTCAGAAGGATAGGTGCCGAACAACACAGTTACTGCGGCCCCGGTTACGGGAGCGGGAACGGCTCACTTGGTAAGCGCTCCGCCCTCCTGACTTGTCTCGGGCCCGACCACTAATCACAGCAACGAGCCTTTATTATGATTAATTACCCGGTTTGGGGAAGAAAACACAGAGTGGCAGGCAGAAGGTAATAATAAATAAGACGTCCTAAGTCGATAATCCAGGCCGGATGGTTGAAATCCCAATACCCCAGACACTCCATATCCTGGCCATCTCGCCAACTTTAGCACACTTCCTTTACCTGCGCACATATCTCCGCGACCGCGGCTTCGACCCTGTCAGCTAACTCCCCCAACCTGTCGACCTGTCGCACGTGGGTTGGCTACACGCGTTCTCTTCGCATGTGCGATCAACCCCTGTAAGCTCGCCCCATTAAGCGTTCACAGCCACCTTGTGTTACCCCCGAAGAGGTAGTTCTTGGGATGGTTCCTGTACTTGCTTGTACCGGCCTTGAGGTAGCAGGGCCAATATATTTATCACACTAGTCTTTCTGCGCGCGCAAGACCCTGAGGTATGTGAAGGTTACTCGTGGTATCGTAGGTGTGGCGTCCTCTACTCCCTCCACCGAAATGGGACTGGCAGAATGATATCCACTTCATCAGAGAGATACGGACGGGAGCCGCCCGAGGCAACCGTATGGTGTACGAAGTACAGGTTTCCAGTCCGTGAGACTATGAAGTTGGCAACTTACCAACGAATTCACAACTAGGCAACTCCGGCGATAAAGAAAAGGCATTTTGTACGCGGCCGGTCCAATTTATGCATAGATTGAACGGAGGGGCCCGGTTACTAAGACCCTCATTGAAGAGAAGTGACGGTCAAAATAGTGGCGTGTAAGCCACTGCAAGTTAGAATGATTGTGGCAGCAAAGACTAAAACACCGAGTCGGAGTATTGTACCAGCTATAGCATTACTGTTTTTCATAGTCGGTGAAGTACGGCGTCCTGAATGGAAGCACAAAAATGCTTATACGCGATCTGGTGCTGTTTACAAGCAAACTGCGGGCGCTACGTAGGGTCTGAGCTGTAGAGACGTTCTCGAACTTACAGTGAGGTCATACGTAAAGGGCAGGCCCACGCGTCAGTCTCTCAAACGGGCACGCTTCACCATCCGAGCTTCCCCAAACTCCCCTGATGTCTTATAAATGACGACCCGCTAGAGTGGAATCGGCGGGGGAAGTACAATACCCTCTCGGCAATTTTCCAAACGAATTGTCTGCTCGCCGGTTCAGAGAGAACACCACTAGGCTGCAAAGCACTCCATAGCAGGGTTGTGATAGTACGCTTCGTAGGCAATTTACAGAGACATGACTGAAGAAGCTTTCAGGAGGGTTTAAACACCTCAGTTATCTTCGTTTAAGAAACGAGTTCACTGTAGCACCC,1820,51.26,Arabidopsis thaliana
SEQ_457614,ACGAGGACACTTCAGCCTCTATTATTGTCTCACACTGAGAGGTTGCTAACCGAAGACGCAAGTTGTCCATAATAGGATTCCCAATAACGCCCGCGATTTTCTCTAACCCAGTTAGCCCTCTCTGGACCCCGGCATCAGGTGTGCGTGTGCAGTCATTAGGTCTCGAATACAGTAGAAGCTCAGGACGTCTCAGGAACTGTACTGACGTGGAAATTGAGAGCACATAGCGATAAGTCTCCCCCGAAGCGGGCCTGGGGGACGTTGGTCTTCAGGCGTTGTTCTATGCCGACCAGCCGAAAGTTGAAATCGATTGCACATGATTATTGTAGAAGATAATTCGAAGCTGTGCACACAGTTTGAGGACTGCAACATAAATACGCACAATTAACAGGTTAAAATCCGTCCACGGCTGTGGCCGACGAATGGGAGTTCGTTCAGGTATAACTGTCACAGCCCTCTTCTGCATTACAGTAAGCAACCTTCTTCGATGGTGGGAGACAGTAAAGGGAATATTTGAGATAAGCGCCACCGTAGGGCAGCAATTCACCGCGAGAGTGGCCGTCGAGGTCTTGGAGACGATCGAGAGACAGCGCACGACGCAACACTCCTTGCGTTTGACAGTAGAACTTGTGGCTCGTAATAGATGCCAAGAGATGTATCCTTGAGTCCTAGTGGTCAAGAAATAAATGGATTGAGCTCGCAGTCACTTCCTTCTTTCGGATGTCATTACGACAAACTCGAGGGCAATCGAACATAAGGGTCGATAATCGCTCCCACTGATGCAACGGAGACAGTTGCCTCCCCTTATCCCCCCCTCGCATGTGATGTGAGCTTCATTCTATCTGGACATCAGGGGTCCGAAAAAGCTTATTATCCGCGCCATCATAGGTGAATACGTATGGGGGAGCGTGCCCCTCGATGAGGCGCCGCATTGCATACCTTGATCTATCCATGACCGAACCAGGCAAGGACTATTGGCCTCCAACAAAAATCAAATGATGATGATTGCAATGTTCCTGTCTGCTAACTCAGTGCAAGAAATATGAACCGCGTCTCTACGTCGTAACCCCGCAGACACTCTTAAGTGTCTTACAGTTTTAATACTTTCTCCGAT,1114,48.92,Arabidopsis thaliana
SEQ_891932,GAGGTCAGTCCGCTGGTCGCCTCGACTTATTCTACCAATGTGCCACTCCGAAAACCCTCATAACAAGCCTCAAATCTGCCCTCCAGCATGACACAGCGCTTTCGCCTCAGGAGGACCTTACAATGGTACGGAGGGTCCCTTGTGGTCGCCCGCCTCTCACGTTGCGCAGAGTATTTCCGCTGTACCCTCAGCTGCGTACGGCGAAGCTGAATAGCTGATATGAGTCTAATCACATGAGTTCTCGTAATCGATAGTTTGAAACAGGAGCTGATCCGTTCGCGTCTGGCCTGGAAAGTACCTGTAACCAGTTGAGTCCCGCTATCCCGATTATCGACTCCAATTCGACAATATACACGGGGGCCAACTGGAGAACAACAGTCTTCCATTAGAGCATGCAGAATCATTTGAAATACACACCTAGCACACCGCTCATGAAGTTCTATGGAGAATCCCTCCCGCGGAGCTGGGAGGGTGCGGGAGAAGAGACTGGCATGGAAAAACATAAAGCTAAGGCCGGGCGAAATGTTCACTTCAAGTGACTACTCCCAGGTGCCTTTCGGCTATGACACAGTCGTCCTGCCAGAAAGATCGCCCTATGCGGTCATCTGACCTAGCGGGGACAGGAATACCGGGCAGCATTTTCCCTGCTGGATCCATATTCTAATTGC,668,52.1,Arabidopsis thaliana
SEQ_249870,CTGCGGGAAGATAAAGCCGGAACCTAGACAATTTTGTCACTACCGCCCAT,50,50.0,Mus musculus
SEQ_920700,CACGCTGTCGTTCTACCCTGGTCGGTCGTTGAACGCCGCTCTTTGACTGCGATATCGCAACTGCTTGGATAGTCGCGGTGTTATCGTTGGCTGGAGCACCCAATTCCTGGAGGGGAAAGCAGCAGGTATTGAAGTACTTTCTCGCCTCACTCACAGAGCGAGTCCAGACGATGTGCCTGGAATTCTGATGTCTCAGGTCCTAGCTCCGCGCTTGTGCAGTAGTCAAAGTAATTGGCTATGCAAGTTTCCACGTGAGGTCCATGCGGCTCACCCGGATACCCTGGGAATGTATCAATGTACACATATACTACGCCCAGTTGACAGAGCTTTGGTAGCGTTGGGATATAATGATGGATAGTACGAGCACGGCTACTGAACGAAAGAGTTGCTCGTTACGTCTAGTAATCCCAAGTACATTCTAATGATCGTCTTCATATCGCCAACCAGCACCAATTTTCACCACTATCTATAAAATGGGGCTTTCATTAAGCAGCTAAGGATTGCCGAGTGTTTTAAGAGAGTAAACTTCTCGAGCGTCCTGATAATTCCGTCCATCGGTTTTGTGAACCGGTAGGCTGGTATATAACGTGTGCTACAGCGGTGCCCGTCCCACGTGATGGCATTAGGCTCAGCAAGGGTTAGTGCGGCCCCGTGTAAGCGCCTACTAACGC,671,50.07,Drosophila melanogaster
SEQ_161989,CATTAAGTGTCACCTGTCTCAGCGCGGGAATGCTTCGAGTCGAGACCAAGGTCCAGTCAGACGAAGATGGTTGCTCGGAAAATCCGAAACAGCGGACATCCTCGGGGATCCCGTGACGGCCACCTTTCCTCCTCGAATTTAGTCGCTCATAGCAATTCCTTCCGCCGATGTTTCTGACCCCTCACGTTATATATCCTATAATATGCGCTTATTGGAA,217,50.69,Arabidopsis thaliana
SEQ_352593,CTTAGAGAAATTGAGGGCCCGTACAGTGCAATTTCCAGCCTCCATCTAATACTGTTTCAAAGGCGAGCTTTATCCGGCAGTAAAGAACGTTCAAAGGAGTGACCGGAAGAAGTGGCTTTACGGAAACCGATAGTGTATTCTAGAACTGATCTCGCTAGGAAGACTTCAGATCGAGGGCTGGGATCCCGCCACCTTCTCAGCGGTCCGAAGCACAACTGCACTTCTGACATAGGAGTAGATGGCCATTAGCAGCGAGACGGAGAGCGATTGAGCCTTAATATTAAAACATTGTGATACTATTCCGCAGCTAATTCTATGAATGGGGACCGCCCTCTCAGGGGAGCCACCCTGTCGTAAGGTTCCTCAACACGGGTCCTCGCCCATATACAACTCGGATAAGTGTGCTGATAACGCTACAGGGCCGCACTTGCGGGGTATAGTTTGTACGCACGCAATCTGGTTAGGTCACCGCTGACCAACCCCGCGAGAAGCCGATCTTCAGGACAGACGCGGGGGTAGACCGGAACGTCCGCCCGCCGTCACCTAATGCATGTTGGAGAGCTCCAAAGCAGAGTCCGATGCATGTGGAATCGGGACGAACCAATACGTTGTCATATGGCGAAGCAGCACCTGACATTTTTGCCGCTCCCTAAAATTGCTCATCTGAGGGACAACATATAGGGGGGGCAAAGATCAAGAGAACCATACTTACTTTCGCACGATCAGCCCTAGTAAGATGCCGAGTTCGCTTCTGCACGAATAATGAGACTAAGTTAACACAACCGACAATCTACCCTAAAGGCTACCACATAACAAGCGTACTCTTACATCGAAGCTACGCGTTTTCAGATCAAACAAAGGCGCGGAGTTCTGATATGAACTTCCCTTCCCCCAGATGCAGAGGCGATCACTCTTTAATTGATCTACATAACGTAGCGAGCGGGGGCACTATCATATTTGCAATTTTTGGCTGGTGTGGAATGTTGTTGCTGTCTTGCACAGCCTCGTGCCCACATTGTTTCGACGGATACATATTCGGGCCATAACTCTCGAGTCGTAGCATAAATTAGGACAGGCGCAATAGGCAGGTATCTCGTTAGTTGTCGACTTCGTCGCGTGCATTCGTCAATGAGTCGCACACATGTATCCGGAGGAACGCTCATAGCAATTGTCGCGAAAGTTTAACATCAAATTCCCCTGACTTGAAAAAAATAAGAACCCTTGTGAATTCGAACCGGTGGAAGATACGGAGTGCGCGCCGACGGAAACGCCTTGCGAGAGACAGACAAGCAAGAAGAAATCACGCCGGCAAATCCGG,1318,49.77,Caenorhabditis elegans
SEQ_610696,CCTCGCAGATTTATCCGCCCATGCATTCTGTTAAGCAGTATACTTCACGACGTCCCTGTAGCGAGCACGTAATAGGATACGGGACGAAACGAGATTTCGTCGAGAACTGCGGCCTAGTTCACGTGACAGGTGTTGTCTAGTGACACTCCTCCACCACGCCTGTGAGCCACTTACCAAAGTGAAAGCGTACGGAAAAGCGCGACTACGATCAGTCAGAATGTATCCCCGAGTAGGACGCCCTCCCAATCTTAACAGCATACACTGAAATGTTCTGGGCTCTTTGTACGCAGTTGACTCTAATTACGACCGCTAGCAGCATACTCTTAGAGTTCAAGGGCCTCAAGAAGACTACTAGGCATACATATGTACCTCAATTATGCCACATCGTATCCCGAGCCCTTACCATTAAGGTGCAGATTGTACGGGGCAATCACTGAGAGACCAATCCATAAAGCTGTAGGGCGTATCATGTCGTTGGGAAGTGTACATGTGTTCGAATTGCTTTTTTTCAGGCACCCCTTGGCCCCTTACTATGATGGCGAAATCTATGTCGGCCTACAAGATAATGGTTTTATCTACCCGGTGTGACGTCAATCACAAGAACATGGCGGTGGGAACGAGAACACAGCACTAGTCTGCATCTCATCTCTGCGATTACATTCGAGGCCCCCGCTGTCCTCCCTTTTTCCCAAACTTTTACTGCGCATCTAAATAGCCCGGTGTACTCCATACCTCTAAATGAGAAACCTTAACTAACATACTGAAGGGCTATTGCCATAGATCGCTTCATGAAATGCAGGTGGGCGAGATGAAAGCGATTCCACAGCCGTGCTTCGGCAGGACTCGGCGAACCATTATGACTGACTTGAGGATGGGTTACTGTGGTCTCTGCACCCTTTACCCTGAAAGTCGATGCTCAGCATGAGTCGCCGAACGACACTATGGTGACAGCTCATGTTTGCAGATGCTGATTTACTAAACTTTGCGCAGTTGTTAATATCGAAGCCCCAGTCCATGGGAACATAAGC,1028,48.54,Escherichia coli
SEQ_132042,AACTCGCTTATTCATCCGACGCGTTAACAACATTTCCCGCCCGTAGAAACGGCCCCTTTTGGATACATGTCCGCCCACTTGTTTAATAGAGACTGTACTGACAGATTTTAGCTTATACGGGTGAGTCCGGGCTGGTGCAGCAAAGTTCACGTGCAGAATGAAATAGAAACCACCTAACCACTGGTGCATCGGACGGTACCTACAGGGTATTTAGGCGAACTACTAAAGTCCACTAGTGACCTGTCCAATAATTGGAGGACGCAATTCTACGTTATGAACATTTCGACTGTGTATATCTACGTAAGCGTGACAACGCTCATCTTAGGGGGTGAGACCCTTGTGTGCAGTTGGTGACTACTCATGGGATGTTGATCGTATGTGAACATACCGAACGTGACACATATCATACGTAGAAGGAGTGTAAGACGTCTGCAGTCGCGTGGATTAACTTCCTTAGCATTGGATGGTGCACAATCGATGAAGAACATGTATTTACGTCGTGCACTGTTCCGGCTTTTCCAAGTCCA,527,46.49,Homo sapiens
SEQ_208759,TGTGAGTGAACCCTCACGTTCTCTGGAGCCTTTCGGTTTTCATTCGTAGATGATGGGTACCTCCGAGACTGCTTCACCAATGCACTAAGTGTGTGCGACCTGGATTCTACTTTGGGAAAGTCACCGGCTTACACGTTGTATCATTTACCACAAGTTAGTCGAAGTACGCATTCGCGACGTCGAGGCTAGAACTCCAAGGGAGACACGTGTGACTACTAACTCGTTCTTTTTGGCCTTCAGTACAGGGCGACACTCCTTCGATACAGCAGCGACAAGGGCTGGGCATGTAACGATCTTTATAGGCGACACCTGCCACCCCAGCTAGTATTGAT,332,50.0,Mus musculus
SEQ_653004,AGCAATAGCGGAGCCTAGCTGTGATGACAATAAGATTGTGCCAGTCGGAAACCTAGACGCAGTAAGCCAATTCCTATCAACGGGATATCCCGGGGTAAGCTCCGACCTACAAGGCGTCTGTAATCACGTCTCCCCGGGTTACGATAAGCACCGTGAGGCGTCTCCAACTGGAAAGTGCGTACTAGCCGGGGCGAGCCTCGATTACAAATCGTGGCCACACGCTTCCATCAGGTCGGCAAGAGTCTGAGTAACCTGTTAATAGTGAAAGGTGTTGTCAAAGCCGCTCCTCAAGCGTGCAGTAGGGCCGAACGGCAAAGGTATCGCGTGCAGGTATTCGCCTACAAACACAATCTATTGTGTTGAGGTGCGCTGCCACATTGGCACCCCAAGCCCCGATGCGATAGAACATACAGGCTCAGCTCCGTGGTGCAGCTTGGGAGGCGACTAAGCGAACACATCTCCGGCGTTAACAATTAAAGGATGATTCCCCGTATACCACGGGGATGATTTTCGAACTTTGGCGACAAGGCCAATCATATGTGGTTCAGCTAGGGGGACGCCACACATTCTTCGACAGCGGACCTCTACTGAGAGTATGCGCATTCACGATTTTACTCAATTAGAACAATTAAAAGGAATACATCGCTGACCCTAAGGAGTACGTAAGGACATGAGCAATGTATTAGTAGTAGGAAATCTCACAAAGGTGAAGCACTTATACTGTGTGGGGCGCGAGGGATACACCAGTCTGGTGTCGAGCACTTCTCGTCGCACCAGTTCGGAGGGAGGAAGCGGATTGTTCGAAGTTATACACAAGCACATGCGATCATACCGAAGAACGCCGATCTACTTGATACTGATATGGCTCCGATTCCTGCACTTTCCTCAGCCAGGAGCTGTCCGTGGGTTAGGCGGTTAATTCCTTCTATGTTCATTCCGCCCACCCCAGTCGTACAATTCTTCGGCATGCTCGCTATTCACGCCGGTCGGTGTTATCTAATTTTTTTATGTCACCGTCTCCAAAATAATTGCGCCTGGATACTCGCCTGATATCCGAGTCGGTTGTCGCTACCTCTGCGTAACTTCCGGTACGTAACGGTCCTATACCTGAAAGACAGACTTCGCTGCCTCAAATACAGTACTACTCATATTTTCTAGGGAAGTCTTTTTGCACAGGGCATTACCGAATTTAACTGATATAGTGTGTTCTAGCACCGACCCCCTGCTTCTGGACAACTCGCTTGAAGGTTAAATGCGTTTAGGTCTCGTTGGACCTTGTTTTGCGGTCAGTCGAGCTTTGATGCTTCAGTTCTGAAAACCGGCGCACTAGGACATCACGGCCGCCTCTCCTCAGTACCGCATTGGTAACGTATTCGTATGCACCCGACATGAGAAATGCTAAGCGGAGATTCCTGTCCTGTCGTCTGTCCTATAGCATCCGATAGTAAGGAGGACACACTGCACCGTGTCAACGACGACTTGAGTGTTGCACCAGACTCCCTAATGAGCTTCGAGTACAATGCCGATGGGCTCACAGTACAAACTTGAACTCTGCTGTTACTGATGAAGCTGTGTCATTTTACACTCATTCGCTGTCTATCGAAGTGCCACTCCTATCATAAACGATCATCTTAGTTCTCGTGACTCTGTGTGACAAGTTCATGTTATCCCGTACCCACCCGGCCCTGCTATGAACCGGTTTGCGATGCTCCACGATCTATCAGAGAGTGGGTAGCGTGGTTTATGTGGGTGACACATATAAAAAGGCAGGGCAGCCGGTCCAGGGTAGAGCTTATCTAAGCCTTTGTAAGCTGATCCGGGTTTAGAACCCCCGTGGCCCGGTCATGGCATTTTTGTCCAGGTTGCACATTACTGACTTCGGGGGGAAACGCAATTTACCATTTATCTCCTACCCGGAAGACGCGAAGGGTTATCGGCTTTGCTAAGGATCTACTATGGCATTAGGGACCATTATGGGATTGAT,1984,49.8,Homo sapiens
SEQ_684559,GAGATGCAGGCACGAGCGTATAGGCCTCTAGGTGTCGATCGTCTAGTCCTACCACCCGACGTGAAATTACCTATAGGGATTAGATACTTCCCGATCAAGGACGAAACCACGAATGTTGACATCGTCGTAGAGTATCGGCAATGCATAGGGAAGTCTAGATGCTTGTATTTCGAGAGCAGCCTTATAGTCTCTTACTCAACGGTGACTCAATACCGCCTTCCGTCTAACGCACGCTTCGACCAAAGAGGTAGGTCCTTTAGCACCGAAGTCTTATTAAATATAATGTGGCCAGAGGGCTCGTCACTCGCCGGTATGCCATGGTGGCTGCAAAGCCTGTGAGTGGGACTCCCGGGGGCCACTACTTCTCTCCAGATCCGTATGTCAATCCGGGAGAGCCGAACTACGATGCTTTCAGTTGTCCAGGGAAACGGGGGGCAAAAAACGCGCCGGTGAAGACGTTTATCGGGCTTAGACAACAATAGGATAGGAGGTACACTGAATCTATCCTTAGCAGATTAACGACTTCACGGGCGTCTTTAGCTTTGGCCGCTCATAGGCAGTTATCACGACCAAAGGATACTGGAACGTAGGCCAGCTCCCGGACTGCGGTCCAATACTTCCGCTCGGACAATGGCGCACTCAAAAGGAGCCAGGGCACCTATGCTGATTAAGTAACTTCGGAATTTCGTGCAGCAGTGGCCGACATAGATTCCTGGCAGGCGTAACGAAGGAGCGTAACTTAGAAATGGATATAAACTCACGTGACGTGTGGGCGCAGTCACAAATGTCCAGCTCATAGCTATACTCGAATGTACGCAGTCCCACAGGGCGACTGAGGAGTAGATTATACGTAGGAGCCGGACAGCCGGTCCTGGTACGAAGGCGGTACCTGTACAGAATAAAACGTTGGGGATTGCGCACTTGAGCTCATCAGCCCAACCAAAAGGTTTACAATCGACGCGCATAAGCGTGGACGTCGATTTCGCATTCATATTAGGTCCGAGTCGCCTGCTAATAGACTAGTGCGCGCCTTCGAACCCAGAAATCTGTGATGAGCCTTTCACTGCTTCTGTATGGGAACCCCGGGTGCCCCCTTCAGGACTCCTAAGACCCAAAGCAGCCTTGCGATCACGTCAGAGGGACCCTATTTTCCACAATGAGGTTTTTGCGCTAATAAACACTGGGTAGCCGCACGGATCCCGTGCGCTATCAATCGATGGCCGAAGGGTGACGACCAGCGCGAGCATCTTGGCAAATAGAGACGCTTCCAGACCAGCAGCACGTTCATCGTTCGACCCCTGAGCACGGGCGTGCCCCGATGACTTTATCACGTGGGCGTCCACAGGACGACCGGGTAAATAATCGGCGTACGACGAAAGGTTTCGTTCTGTACCTC,1396,52.44,Homo sapiens
SEQ_237015,CTTCCCTACACTCCAACCTTATTTCTACGCAGCTGCTCGTCAAACTGTTCGACTCGGTCGAACCCCAAGTCATAGTTGAGAGTGCCCTTCCGCACTTGACTCAGTACAAATGCGTCGCCCTTTAGCAGACGGAATGAATATGTTTCCGATGCAGTGTGGTCATCAGAAGGGGCGTTCAATATCGAAGTAAAACTGTGCTGGCCAATCGGATTCACTTATACCTGCTACCTGCGGTGGCATTGTTATCCGGGTGAGGGCGGGATATTAGTTTCAACCTCCCCTTGACCAAATGGCTAGGCCCCATAGCTGCTTGTTTGGCACTAGCAAGTAATTAGCCTCCCGCACCAGAGAACTACCTTTAGTAGCGCTAGGGCCCCTGCCAGACGCGAGTTGGCCGTCTTTGGAATATAAGACACTTGAGACTGACAGAACAAACCTGAAGTAGACCGTCGGCAATATACCTATAAGCGTAGCTACCACTCAGATAGCTGTATTAGGGTCGTTGTAGATAGTTTGGAACAACAACGCACTTCTGCGAATAATCTTTGAGTATATCACGGTGACTTCTTTAGGGCACTGCTCGATCCTTCCGGCTGAAAACTATACGGCCGGGACTACCGATAAAAGCTGTCAGCCTCAAATTATTAGCTCAGAGTCCTTGTAGTTATACCAATTAGCGCTAGAAGTTAAGGCGCACGAAATGGGATAGCAATCACGCTCATTAACCCGTCTATATCTGTGCGAGCCGACCGAAGTCGCCCGACTTCAGTAAGCCAAACTCAGGGGTCCTGTCGTAAGGCACGTATAAATTCAATCTATCCTGCAATGCCTTTAACACTTTATTTGTGCTGTCGCGGATCTGGTCACCTGGTCCTCAGCTAACCAAGCATACCCCTAGCCTAGACATACATAATTGCGGCATGGCGTTTCGTGCCTAAAGGCACAGCCATTAGTTGACTCGCCACCGGACCACTGATAAAATGGCGAAGTCGGCTTTAAGAGAAACCAGTGTGGGCGACTGCATCGCAGTACCTGTTCGTAAATTTCTTTTTGAGTTTGACATATTAGGATCGACACTTTTGGTTGGAGCAAGAGCCTAGAATCTCCTACGCTAGGTCGTGCCTCCAAGGGAATTGATGTTACTGAACATTTTCGCCACGAACGATAAGCAGGGCGGAGCACACGGGTAGATGCTTTCAATCACAAAACATGCTTCAGGAACTTTGGTTACGTTCATTGCGATGCTCTGGGCGGATAACAAAAGGCGTGACTGCTGATTTATATATCCGTGGGAATTCTCGCCCCCTCACATGGAGCAATCAACATTTGCTCGGTTCCCATCATAAGCAGACGGGAGCACATCACTCACCGAATGTGATCTACCGTTGACCTTCCTCTCAAAATCTGACTAATTATTTGCTTGTTAAGTTTCGTGAGTATCCGGCTTGCTGATCGTCCACTATTTGATTAATTAGGAACTCTGCAAATTCTCTTGTTGAACAATGTGATGTAACGGGGAGACATGTTCACACGGAGTTCCAGTCGTCCCGGCCATTTTCCGCACAGCCCAAAAGAAACGCAAACCTTTTTGCTAGATTAGTCATATCTTATTACGGTAGCCGTTAGCCCGAGGGGAAGTTCGAAAAACCAATGTCAGTTTACCGCCGGGAGCCGACCATTCGGGAGAATGATTGGAGTATTCTCCTGACACGTCTACTACCGAAGGTGCACTGC,1734,47.81,Mus musculus
SEQ_448277,TCCAAGGCTCGGCGTCCATGGGATACATTAAACGAAGCCCTCGGGAACTCCAGCCGCTGCCGGTAAATGAGCCTATTCCGTTGATGTATCCGGAGCCAAAAGGCCTTGGTCATTACGGCCCTGGTTTTTTTAAGATCGCACCTGGGTCATTGTCACCCCTGTCAGGGATATCCGCGGTGCTTAACTCCTAGCCGTCGCAGATGGCAAACACAAAATGAAACTGGGGGGCACACCACACCTACCTCGTGGACCATTCCATGAACCTCATAACTTTATCGAAGAGCTTCCCTATGATGTCACTTAAATGAGATCCGAACTAGTAGCTTCCCTGACACGAATAGGTGCTCCGGCCCATCACCTATACTTACCGCTGTCTAAGGGAGCTCACGGAGGATGCGACGAGGAAACGCGACATCGATTCATACCGCCGCTTGATGCTATTCTATTGGCAAGTTGCCCCAGAGAACCCTCGCCCGTCCCTTAGGCAGGAGTGTAGGTTCCCACTCCCAGTATGCTTGTATGAATGATGAATTTACGCCAAATGCTTATCGGCCCTCTAATAAGGGCCGGGGTAATGAGCCGGGGGGCTGGGGTGACAAAGCAGAGCAACTGTTGTTAGGCTATTAGAGTGCAAGTCTAGCCTTGTCCAACTCTGTTCTCATGAGAGTCCTTGCTGTATAGTCCTTTCGGTATGGGGGAAACCAGTGCTGCTCTATCTATTACTCATGAGGTCCCCCGTTACGTTGGGTATTAACGCCGATTTCAGCGTAGTTCTGCGTTCTGCGACGAGCTAAATTTGTCACCCTGCTGCCACGCTGCGCCCCCGACGAATACCGACCGCATGTATGGTAGGAATAGGGGCACTGAGGTGGCAAGGACCGCAGTGCCAGATACCGAACCAAACGTAGTCTAGGGTTTCTAGAACACATCCGTCGCGTGCCCGTCTGCAGTGAACGAGCGAGTAGTATGATACGAATCCGTAAGGGGAATGAGGCAAAGCTCGCGGGCTGAGTCGGCAGCCCAGGTCAGGCTAAGGTTCGACCAGGAAGATCCTGTAGGATTACGGTAGGGCCAATGTGACCGAACATGCCATGTTGGTTACGTATAGCTGATGAAAAATTGGAAATAGACAGGTCTATAAGAGACGAGTATGGGAACCGCCTGGCATGAACATGAGAGTCATGACCAAACTGGATTTCATTTACCCGTCATAGTTCTAATAGGTGTGGAGTGGGGGCGACTAGACTGCTGGAAACCGACTTTTTCCAAAATAAGTGAAGGCATAGGGCCTAAGTTGAATGCCGGGTATCCTCC,1314,51.67,Arabidopsis thaliana
SEQ_125510,TAAGGACAAAAGCTTGTATGAGCAACCAGGGTTACAACTGCGAACTACGCCCTACGGCCTGCTGACAAGTAGGCCCTTGGTCTGCCCTGCCCCATTTCTTTTTGTTCACTTCTAAGGCACCGGCGCTATTGGTGATACCCAACCGGGTATCAAGTCATTGACATGCGGAGAATAGACAAAGTTGTTCCCCCACGGTTATATCCCACTAAACCTCCAGGACTTACGGGTGCGCATAGCCAAGGCATGCAGAGTGGATAAGAGACGGTTATACGATGTAGAACCGCTAGGACGAACATAAGAAGGCGAATAGCACTACTACGCTGGAAGCCGGAGAAGGAGCTTAGTACACCCAGAAGCCTTAGTGTACTTCTACTACACTGACCTCTCACGGAATACGCACTCGGTGTACCTGTTCCTATCATTCAGTAGTCTACTGGAAGGAATTCTCTGATGTGCACCTGTGATAGCTCGATGATGGAAACGCCATAAAGGAAGCGCACA,501,49.5,Caenorhabditis elegans
SEQ_664476,CCGTGATTTTCCAGAAACTAGTGACAGTCTGTTAAACGCCGGCACACTCCCTGTGAACTCCATTTAAATTGGCAATAACCCAAGACCTTCCTTAAGTTTTCTCAGGGGTGGAATAACGATCAGTACGACAGCTTCCTCAGAGGATCGGCTCGAGTAGCTCGTAGCCATCGGGTCCATAGGCGTTATGGCGGAACCAAGCCAAGGACCAAAAGCAGTGATCTGAATCTCCGTAGCGCAGATACGCATAAATTGCGACTGTTCGCCGAAAATTCCTAGACGTTTTGGTGGATTGACGATGGAAGTCATATGTACACCTCAGGTTTTTGCAGTATCAAGTCTCACCCACGCTAATATGCGCTCCATGTGCACAACGCCTTAGCGAGCACGGATGAATCGGCGCTTTAGGACGGAACCGTCAAATGGGTTTAGGAACACCAGCGTAAGACTGGAGCATCACAGGTAGGTGCGCGTGACACGTCAATCCTGTTGCGACACGATTCTGGTCGGAATTGCTACTTTTTTATTTGGTTCTTTTATATATCCACTGGCGTTTATTGACAAGATTAATGAGCTACGAGGTGAAACTGCCTCCAACGGACTCAGGTTAGCGAGGCTTTTGTCCGTTCGCAACACACATCAGGAGCTCAACTATCTTGACGTTGGAAGTGATAACACCAATGCTAGTTCCCGAGCTGCTTTTACTTCTATTCTGACGAGTGGAGCAAGCTTATCATCCATGCAACGGGATCCGGGCACGTAAGATAGAACTTCTCCAAATTGATCGGAAAGGAAGACAAGGGAATCCGAAATAACACCAAGCTAAGCTAAGACAGCAGTGGCCATTCAGCTACCCACACAGCGCCAAGACCTAGTCCGCAGTAACATTTCTATCAAGTATCTTATAACCAAAAACCCATCACACGTGTAGAGGCCAATCATGATGTTACGGACCTGACCCGGACTCCAGTGTGCTAATTTGAGCGGGTTTGGACTAAGCGTTGGGATGCTAAGCACATACAAGATTCACGGCTAGGAGCGAGTAGCCAAATGTTCTATGGAAAATGACCTAACGCTCTACAGTAAAACTAGTTAATGTTGGAGCATGGAGTAGCCACAACGAAAGCGCTGTGCTGTGAAATATGCTGGGAAGAAACAGATCCTGCCGACTCGCTCGCCCTTCCTAATGACCCTATGGGTCTAATCCTTTCCGAAAATATTCTAAAGAAGTAGATTATTGTGGCGCCCATTAAGCCCAACGGGGTAACATTGCGTCGCTTATCTCATCAGGGTTATCCGGGCGCGTTATGTCATACGCAAGGGAGTTAAAGCCAAATTTCTAGCGGCGAGAAGAGACTGCACGTGCCATCCTCGTAATTGGTCCGGGCTACTATCTGCTTCGATGGT,1404,47.72,Mus musculus
SEQ_917223,CATAGCGGGGATATGAACCATAGGAAACATTCAGCGCCGCGTGCTGAATCTAAGCGAGCGCCTAGCGTCTCATAAAGTTTCCTACCCCTGCCTCCCCTAAACACGCGCGCAGATCTGGGTCAAAGGTGTGGTAT,134,53.73,Drosophila melanogaster
SEQ_619754,ATGCACGTGTCGGGGTTGGCCCTCACATACAGGACAGTTGGTCGTTCACGCACCCACCGCCAGCAATTCTATGGTAAGGGACACGCGCAGGGCGCTAGTCGTATTACAAATTTAAAATAGGAATAGTCAGTTGGGATATAAGCACTGGTCTTCAGTATTAGTCCGACTATCAGCAGCCGCTAAAACTTGTATCCTCCAGTGGGTCTCGAGCGCGACCTTCGCAGACCGGCTGGACGATCAAACGCCTCCGGGTTTAGGTACGAGTGACATGCTCCCACCGAGAGTGTCCAGAACACGCAACTACCGATTGCTGGCGAACTGTGATAGCAGTTCCAGTTCACCTGGTCGCGAGATTGAACCTCGTACTAATTACGTACGGGACTCGAAAATACACCGCTTGTCCCTAACCTAGGTGCGTCCCGGCTGGTATTACTCTCATGAACCGGGGGCGCATGCCAACGAGTCCCGTGCTCCTCATCAGAAATGCAAGCAGGCCAGAGCTCTCGCTGTCTGTGGGCGAAGAAGCTCTGTAAGTATCTCTGTAATCCAAAGGTTATATGCAGGTTCATGTCTACGCTTCCTGGATACGGTTCTCCGCATGCGACCTCGGAGTGGCTTGATGTCTGTTGAATGCGCTAGCTAGCCCAGACCAATTCCCCCTGACGCGATTTCCAGGCTAGTTGGCCAGGTCCTCTCGCCTTAATAGCCACGCATAGCTATCTGTACTAGCTTAGCATTTAAAAGTATGGGGATCTATAAAGCACTAATCTGCTGTTCCCTCTAGTTGCCCCCCTTCTGGTTCGATCGCCCTTGGCGACAATACTGGTGAGCGCAGTTGTGGCCTGCCTCCGCCAGAGCATGGCCTGGATATCTAGCAGGTCTAATATGACGTACTTATCATACTCTGATGGAGCCGTAGTAATTCACAGCTATCATCGACATACGCCGTTCTTAAGCTAGATGTACGAGATTGAGAGAATTGACTCCTAAGAGC,994,51.61,Arabidopsis thaliana
SEQ_261288,TGTTATCGTTAGACCGTCGCCAGTGCCTCGCGGTGTTCTGTCCTGACCTCTATTCAATCGACCGCTTTGAGCGGTCGGCCCTAGAAGAGTCGCCCGTGATGGTCACTCGAGGGAGAATATTTCGGCCAGACATAAATTGCTTGTAGCGGGGTTGTGCGTACTCAAAAGGAATAACTAAGGGCGTTATGCGATTCATTTTACTACAAATAGAAAGTAGGGTGTAATGAGGACGCTCTAAGCCCAACAACTTTCTAGCATGAATTTTGGAAACGGTCGCTTCCCAGCTCGGCGGCGCCCCTGAGTCCTAGTGAAAAGCACGTCACATGCTTTAACGACCAATTTTCGGGAAATATCTTAGCGTAGTGCACCTTTGATCAAGAGGTGACGTGGTGTTAGGGGAGGCGAACTTGAGGCATTGGGCGACCATTCCAAGTTAGCCACGTGTGCAGGGCCTGTAGTAATTGGCGATATGATCGGTTTTGCATGGTAAACATAAAGCCGTTGTTCACTCTCGTATTGAGGGAACTCTCACTTGTAGGCACCGGTGATGGGGTATTGGGGGTCGCTCTGAACCACTGTTTTTTTCCACTAGTATGATCCGCAAAGTAGCTACCAATAGCGCCCGCACGAGGTAGCTATGCCTGACAAAAGTGCAGCTGAAACCATAATAATCCCATTCCGCACGATTATACATATCCCACCGGCGTCGTGTGATACAGTGTCTAAATGCGTGAATGAGGTTTTTCCGCATGGAACGTGGTAATGGCACCAATACCCGCCGGCCAATGCGCCTAGAGCTTGAAGGGCTACCTTCTCAATGTAACTTCCTTCTGGAGCTGTCCTAATTTCGACCTGCAACTGATAACTGGACTATCGTACCGCAATACTCAAGCCTGAGTCTCAGATACAGACGTATATTCGGAAAGCACTAATCGCCTGACCCAAGTGGGGGGACCAAAATGTCGCTGTTATCTGATCCGCGCATTTTTCTTGTTTTTGCCTGTCTCCAGGACGCACGTCTACTTTGGGAATTGATCATATGGCCTTGATAACGGGGCTCGCAAATCGGAGGCAGTTACTTATGGTACGGACGGCATGGCGCCGCACTATACGGCAAATGACTACAGATGATCCTATACCGGTCAATCGGAGGCAAGTGTGACCCACCAGGTAATAGCCCCCACGCGCATTAGAAGCTTCAATACTAAGGCATAACTTCTTGTAACACTAAACCTTCCATTAATAGTTTGTTGCTCTGGTAGCACAGAGGCGCTAAGTTTAAGAAAGGCTATTCTACTAGTTTTCCTAGGGTGCATATGCGAGTGTGTAACATTCCCCTATAGTCCCAGCAGACATCACGGTGGTCTCTTTAAGCGATGTGTCTAAAGGACGAGTTCGTTATG,1403,48.54,Drosophila melanogaster
SEQ_937525,CCCCTAACAAAGTTCGGCTGTCTGAAGTGGGTTGGGTCAATGCACACTATAACCAGGTTAGAGGAACGAAGAGTTGCGAAGCATCATGAGGGCCTAGCGCATGTATTAGGTATATTATCCACCTAAGCCACTCGAAAGTAGCTGCCTTTACAAGGCGGTTGGTTAAGCTGCGTTAAAGCTTGACTCGGCCGATTGGGACTAGCTACCCCAAGCTACGTTCCGTTATGTATAGAGGCATCTGGTTGGTAATTCCAACAAAATCGGTGCCTAGTGGCAGCCGCCTGAACCCCACCGTGACCCAGAGTCTATTCCCACAAAGTACCCGAGCCGCACAAGTACGAAGCATGCTATATAACAGCACCTAAACCTTTGCGGATGTTTACGCCCAGTTAAGTACCATAGCCGGTTCAGGTTTCGATTCTGGCTTCAAGGGCCCTTTTGTGGTGGCACCTAATGGCCGAGGACCCTACCCCGCTATTCTCACACTCTCGTGCTGCCGTAAGAGGCGGAGCGAAGGACACCCCGATAGCATGGAGTGAGAGCTACGTTAAGGGTGGAATGTTTCGGTAAAGAATTAGAGCATGAAGTCAGACCATACTAGTAACATTTGTTTCCGACATGGGTAATCAGCAGGCCATAGGGTAGGGTTTACGGGACCGAATTCCCTGGAACGCAAGTTAAGCAACCGATTTTACCAAAGACGGTTGCGGACCAAGGTCACGCTAGTTGTCCATTGCATACTGCGTCACTCGAACCCTGCTAACG,765,50.59,Mus musculus
SEQ_654097,CCTGCTAAAGACCATCAGTATCCGGTCTCGTAGTATTCCGGAATGAGCCGAATGCGCACCTCGGCTTCCGATAGGTGGCACCTGGGCGGTGCTTATATTCAGGCCGATCACCGCGCACACTTGAATCACCCACGGAGACTCTCCGCATCCGGGGGAGTGCCAGCACCTTTTCCATCAGCCCGTCCCGCCAACGCCAGCATTGGCAAAGCGAATAGCAGTTGTCCATGCT,229,58.08,Escherichia coli
SEQ_325319,GTGTACGGAAGGGTGAAGCACTCAAGCGATCGTACCATCCTTTCACTGTGCCACGAACGAGCAATTACTTGGAGCTTGAAGCAGCGTTACCAGGCTATTTTACTTCCGTCGCCCGACACCATGCGAGCATGGCGCAGTGACAAGTACTATGGGAGTAAAGAAATAATCAGACCGGGCGCTGTCAGACATCTGCTCGACGTAAACGGCCAGTGAGTTGCATTGCCGTGTGCTTTGACATAAAGCGCCCGTTGTGGCATAGTTATGGAATCCGAATCATCTATTGCGAACTCCGTATGCAAAGTGTGTGGCAGGTATCGCCGGATTTCCCCAGTGCTGTCCCTACTTACCAGCTGATAAAAAATCTGGGACCAAACCCGGTTAATCTTTGGCACTGTGCACTTGACGAAACCCTTGGAAAAGGCAATTTACCAATCTTGTACCGATTACCGTTCCGTTAGAAAATCTTAATATGACCCTCTATACATCTGCCGATCAACCCATGCCACGACGAATGCGGGTCCCGGGGCCCACTCTGCGTACTTGTGAGTCGAACAATTTTTCCTTTGCCAACACTATTAGTTATTCAGGGACATGAGGTCCCGCCGTTTCCCGGGCCCACCCCACATATGCGGCCGGATCAGAGCTCCGTTGCCTTGTACAAAAGGAGATGCGGCGATTCGATCACTTGCCTGACTAATCGTTTCTGGTTGCCGTGTGAGGTCCTAAGCGTTAACCGAGATGAGGTATATGCTAATTACGGGTAATTAGGAAATCCCCAGTTCGGAGGCCTGCGATATAGCAAACGATTGCTACGGTCCCCTATTTTCAGGAACTCCCCTTGGGAGCTGTGGTAGTCCGCACATAGGGTTATCGCATAGAGTTATGGATAACGTGCATGGGCATCAAATATCCTTCGGTGCGTTCAAAGACCTGGACTACGCCGCAGTGTTAGTGACGCACGTTAAGAGTAAACGCGTACCGCTTCAGAACACCTGGACGCCTACTCTAGACT,1012,50.3,Escherichia coli
SEQ_436470,AGAGTTGGCAATATTATAGAAGATTAACTCCAGCACTGACTTAGACTACTTACTATTTTCATCACAACCGGTGGTGCCCAACTTGGTGTGAGTTGTTGCCCCGATGCGAGCTGTCGAGCGGACCACATGAGGGGTGCGCGACACTGCCTGTTGTCCTCTGCACAGCGGGACGTACTGGAAAAACGAATGTCTCCAGATTACGCCCACACTCTCACTATCTCAGCTTACTTGCCCAATATTTTAGTGAAAGAACTAGGTCCGCCATAAACGGAACAA,276,48.55,Arabidopsis thaliana
SEQ_129348,CCAGACATGAACCGGAGTAATCGTCATCCTCCGGTGGACCGGGACCATCGAGTTCCAGGTTCTTGCTTATAAGTCACAGCGGCTTGCCGCCACTGAGTCCCTCCCACGGCAACGCGTTGTACCGGGAGAATACCGAATTGGACAAAGATTATGCCAAAAGTCCGCATCCCGAACTTAAAGGATCCTGCGGTTTCCATGGTGTGCTACCCGCCTGAGCAAAATCTGGAAGGCGGCCGCGCAACGGAGGGCTGAGTTGCAACACTGCAATCAATACTTTGGAACCGGGCGGTGGTCGGATGCGCTCCCCGCGGCGATGACTGGACCCCAGCCACGATGGAGCTGGAAAGACCTTCTACACTTATCAACATGGACCGCATAGTGTTTAGATCGCGGGTATCAGAGGACCTGGAGTATATTCATGCATTAGCGTTGCTACGCGTAAGCTTGATCGGCCCGGAGGGATGGCATACTGGAGTCTCTTACTTCTCCAGTGTTAGCCGTCACGTCCGTTGAGTGTAGTTGACTCTCTGATTGGCGCAAAACGTTATTGGCTAGGGGGTTCAATTATGTAAAGGGTGTCGCCACGGGGCCTGCTGAGCTAGAATGGATAAGTACAGAAGCGGAAACTCCAAAAATTTAGTTCGCGCCTGTTAAAGTTTTATTTTTACCGGCGTCCCTTGTAGCGGGTTGTCAGGCTGCGTTTAAGTTTGATTAGCTGATCTATGCTGTTCATTACAACGAGTGTCACAATTGTTGGCTAAGGCACTGGTGGAGTGCATGTGCCGCTTCGTTTCCTCGGCCTGTAGGGAAATACAAAGGCACAGGGCTGACCCTACTATCAACGAGATACCCAGCCAATCGGATAAATAGACACCTTTTAGTGTACAGTGTGGCTTTAGGTATGTTAACAGGGGGGAAGCGTTCACCCTCGGTTCTAGTATTGTTGGTCCTTCGGAAAACGTACCTTTTCTTATCAACCTGGTCTGGTGATGTCGTGCCTACTGCTATAGACTCTTCGTTACCCCTATGCCGCAGGGTAATGGCGCTTCTATTTAGTAGAAAGACAGCATT,1071,50.89,Homo sapiens
SEQ_347028,TGTTCCCCCCAAAAACGCTCTACTGATAATGATGCGCAACGATCCTGAGGCAGCCAGGCTGAGTGGATGAATAATAAACGGCCTCATCAGGTTCCTGATGCCAGCATGGGACATTAGAATTATCTCGGCTGTATCAAAGCGGGCGGCGACACTCGCAGGTCGTGAGCATCTGGCTTAGCCTGGCTTAATAGCCGTACCCACTAGAAGGGATCAGCGTTGGAGATAAACCAATACGCTAAGTCACCATCTCGTAATTGCCTCTTCTCGCGGGGGGTCATGTCGACCTTACAAAGGTACCTGTTCTGTCGCTCGCGCCAGGTTCGGTGCCCTTGCCAGTATGCCTGTAGGTAGAGAAAAAGAAGAAGCACCACCTTGAAGAGCTGTAACCCGATACGTGAATCTGAAATGTTGACTTTCGGCGCGGACGACAAGAGTAATAATACCACTTATTGGTTTAAGCTGTAAAGCCAGGAAGCGAGCAGGGGTTGCGTGTGATTAATATTGGAAAGCAAGGACCAATCTACAGTCGACGCTCTCCCTGTTACACAGGGCGGTTCATCTAGTGGGAGCATTGGAAGGCAACTCATATAGCTTCTACCATGCGTCCACACTGAGTCCTTTAGTCTTCCTGATGCACGGGTATCGGGTTAGAGCAACTTGCCATGATCGCGTTACAAGGAACGGCACTTACGGCAAAGGCTCGCCCAGTGTACTTGGTATCGGTGGGGAAAACGCGGTAATGTAGCTCCCAGAGACCATACTCCAAGAAGCCACGCCAGCGTGGCTCTCTAAGCTCTAGGTTCAGAACGGTGTCTGTAGCCCGTAGCTCACGTCACATCAGCCGTGAGACCATAACGCCCATAAAGCTAATGGCCGTCATAAACGGATCAAAACACCGTATTGGCACGATATTGGAGCAGAGTCGTCCCTGCCTCAATATCGCAATTAAGACGGGAATATCCGTGCAGTTATACAGGAGTATACCCCTCTATGTGACTATGTTGCTCGTTGCACCCTCGCCATTTAGTGTCTGGGGTTACGATGATATCCCTCGCTTGTCATTACATACATGCACTCGGAGCTCCGGCAACTTCGAGGAGAGTAGGGGAGGTTGCTGATTTGGACATTCAGGTGAGGTAGTCTGTTCCCATACTTCGTTCTACGGGAAACGCCACCCCATACCAAGACCTGGGCGGCGGATTTCAACCCCGGGATAACGACGTTCTCTAGTCCGGTTCCCACCCACATGGCACGTATTGCGAAAACCATAGTCATACTGGTGCGGCAGCCGTGTGATAGATAGGGCGCTTTCGTCTATGTACCATAAGGCCACCCCTATGCCCGTCCAAGTGT,1353,51.44,Saccharomyces cerevisiae
SEQ_854447,GACTAACTGTTTAAAATTCTCCCTCCTAACAGGTTATGTCGGAAATAGGGCGACAGCCGAGTTCTTTTTGCTTATTTGAGTAAATGCGGTTAACTGGCTGTATCGTGCAAAATCATCAGATATCTGGATGGTGTTAATGGAATTAGGGAATCTTAGCTACCAAAGGTCGACTGGTCTATGACATCAACTGCACCGTGTTAAAGGTCTCTTTACGTTTACTGGCTTAATCCCCGCTATACGGTCAGCCGGAGGTTCTATCCTGCTCAGACCCTTTGATACCCACAAACAACTAAAAGAGGACGTTGAGAGCGATAGAGCTCTTACGCCGAACGCCGCTTTGTGCGCCGGTCGTGGGCGTCGCAGACTGTCAGGCGGCGTAGAGACAAGAAATCAACTATATACGGCGAAACTAGTCAGAGGCACTGAACTCTTGGAAATAATCCAATTCCCAGCAAAGACAAAATATCCAACGCAATAGCAGGTGCGCGTAGTAACCAACTTGATACACGATTGTAGTCACCTTTAGAACAATATGTGCGCAGCTATACTGGAAGTCGGTCCCTTGGGTCGGGCAAGGTTATCAGTCGAGGAATGCACAGCCATTGTATGTGCCTATCCCGCAAACGACAGGTCTCTATTTGTCCAGGCCCAACGACCGACTCTTTAGCGAAATGCCGTAGTGACACGTCCCCCATTCGTCCGGGACGCCGTTACAGATCTCACTGTTAGATCTGCGAGAGGCTAAGCCTGTTGGCTGCACGCCCAGCGAGGGCATTGTCTTATGTAGAATACCCGATGACAAGCAGAATAAGCTCTAAATAGGTGGAGAGTTGCTGCGGCACGCGGCGCACCATAACTGACCTAACTTGCCTTGCGCGCCTGGAACTTAAGAGAAGCAGAGTTTCGAGACAGAATCTAGCTGATCGTCACATAGAAGGAGCCTGAGTGCGCGGAGACTTGATCCAAGTCTTTGCAGACGGAGACCCCCAACTTTCGTAAAGATCGGAGGACGCAGTAGTCACCTCACTATTCCTAGCCGGTGGGGAACACTCGGCGCAAGGTCCGGTTCCCGCCGTATGTCGATTGTTAGGCTCTGATGTATCAATTCCACGACTGTTATCCCGACACAGTGTGAGGAACGGTGCAAACGTTCATTAGTAAGTTACGCGTGTAACGAACTTTCAGTACTAGTGATGACATTAACACCCCAGAATGCGTCCGTCTTGCTGGCTCCCGCCCACTCATGGCATGTAAGGCGCATTAGTTAAAGGCTTCTTTAAGATAAGTTCATGCCCGAATTCGTACTATCCATAAACTAACTTTATTCTTTCTGTCTCCAAGAAACTCCGCCGTAACGGTAGTTTGTCCAATATTCACTCGATATAGTATGTCATTCGACTGCATCGGCTGTCTGCCCACTTCCGCCCTGTGGTAGGGTAAATGTCAATGCCTCCCTGTCGAGTACCGTGAGTGCTTGATAGGCCTTAGCTACAGTGACTGTCGTCGGCTCAAGGACCAATTTCGTCCAATGTAGAACAGAAGACGTCCTCGTTTGCTCTGTTGTAGCCCCGGTCAATTAACATTTTCACCTCCCAAAGCGTTCTAGTCGTGGTCTGAGAGTGGGGTATTAAGGCCCCGGTAGCATGCATGGATTGTAGCGGTGGAGGTAGAGGTTATGCACCTACCCCACGCTTCCATAAAAGATCAAGTGCGAACATATTCAAGATCCACCGATATACTGTCTTCACAAAGTTATCTAAGTTGATATACGCACCCTCGCCGCCTTCGTGGGACTCCATGCCACGGAACGCGACCCCGTAGGGGGTTTCTCCACCCTTTAGTATGACTCACAGATGCGCCAATTGATGTCAGTTTCTTTACGTACAGCGGCCATGATCAAATAGCCTGCCGTCATC,1916,49.22,Saccharomyces cerevisiae
SEQ_665339,AAGGCAACGGCGTGCGTTCTGCTCCTTATGGCCCTTTGCCTAACCACGGGAACCTAATGCGGCGTAAATACACTGGTAACGGTTCTGTGCTACCGGAGGAGCTTATTAAGACGCGGATGACAGATGGAAGTCCGTACTCCGGGATTCGTAACCATGGACAATCAGCCCTGTAGTCTGCTTTTTAATGACTGGGTTTTCCGTTTCCATAGGGTGGAGCGTTCTACTATCCATGGGAGTTTACAATCAAATAACTCTTCGTGTCCTGAGACACTTGATTGCATCTGGATCCTGCACTCATAAGAAATGTCTGAGGGTATAAGAAGTTGGGAATCATACGATCTTCACTCTTAGCACAATTCGTTTACCTTTCATTCTTTGATCGCGCGGCGTACTTTCTGTATGTCTGGTCTCTATGGGATTTAACGCCTGGGCATTGCAGGGAGAGATCGAGAACATGGTGGCTACTTCGTTAGTAGGTAAAAAAACCGTAAGATCGTGTCCACTGCAAGTCCGCTAATTGCGGTTTTTAGGACCAGATTGCACGGCCACTAATACGCGGCGCGTGACAAGTTCAGTCGCTTTGTTGTCAAGGTCCGAATAGATACCAGCCTGAGACGGGACGCCAACGAAATCGAGGACTTTACGTAATCCTAAGGACGCAATATCGAGTACGAGATTCCGACCTTGGCGTGAAATATTAGTCCCTCAGTATCCGCCATCTTTGGTAGAAAGGTGATCAATGCATACCGGTATTGGGCTCCCTCGGTAAAGTAGACGGATCTATTCGGCCGTGAGTTAGCCTATCGAAGAAAAACTTTCATCGAATGTGAACGGGTTAGCCTCGAGCTTTACGGTATTCATAGGGGAGACCTAGTACGCAAATGCGCTGCAGAGTATCAGAGGAACGGTCTGTTCGAGGGTTAATCACGCACCCAGGCTGACCCCTTAATGGGCGCAAGACACTCATACCTGTGTCTTCTATGAAGCACACGCCTCACCGT,1001,48.45,Mus musculus
SEQ_489144,ATTCAGTCGATTGTAAGATGGTTACACATAGACTCCGGCAGACTCTGCCCGCCCGTGTCTCCTCATCGGGTTGACGCGCTCGTCTCCCGCTTATGAAGTCCGTATCATCCTCAATCCTCGGTTCAGCGCCTTCTCATGGCACAGCATTTTGCCGTAGGTCCCAGTTCTATAAGCGGCCTCCCAGTACAACTGAGGTTAGATGCTTTAGGTAGCACCAACTACGATCTACCGGGTTTCACTATAGAACAGTGATATCTGGTGAGGTCTTCTTAACTTCTCAACGAAGCAATGAAATCACGACGAGGTCTAGCCCGAGGAAGTTAGGTGCATTAGTTACACCTCACTACGCGAACGCCGTGAATTGGCTTATGGCGTCCCCTTCCCAAGGTCGATCCTCGTTTACGTCCGGGTAAGGGGTGTTTGATGAGCAGCTAGTGTCTAGCGGCCTCACGGTTAGGGGGAACCAGGCTCTTACGATCGGAGTGCTAGGATACCCCTGGGCTCATAACGTCCCGCGCCGGTCGCAACGCTTACCACGTCGGATTTAAAAATTACTGCTACTCTGACGGTACAGAACCCTTCTTTACGTGCGGAGAAAGTGCTAGCTGGATGCTATGGCTGGCGACTTCGTCGCGCTGTAAGTGTAAAAGGCGCTAAGATAGTGCTAAGCTCGCTCCACAGGTCATCCACAATCTAGTATCATTGCATTTTGAGGTGCCTTCTGGACAGGATCCGAATAATTTCTAACAAGTGTCGTCAAAAAGGAGTTCGAGGTTCTTAACGACGCATTGTTGTGCTACTATACTTCATACTCCGCGTACATGAAAAATCTATGAAATATGCGCTTTAGCATACTTACTCGGGCCTTGACACACGCTGAACGCGTGCGCCACGCTAACACTCACCTATCGTGCATACGCTCTTCGCAGTCATTCGGAACAATGCCGGATCGTTATTTCATACCGAGATAGCGGGTCAATGGTGCGTACGAATGTGGACCTTGCCAGTCCCCGAATCGAAATTAGGTATATTATCTATCACGAACAAGTTGAAGAAAGTTCCGGTTGTCATGCAGTAGGGAGTCTCAACACGCAGCTTAAAAGATAGAGGGTTCCACTGTGGCCCTCACGGCGGTCCGGCTCAGCGACCCCCCCAGGGTTAAGTGTTCCGTGCGGAACTCTCGATGAATGCAAGGGCAGTCCTACACCCGGCCGGAAGCTTACCGCATGATGAGGCATTAAACCGATCTCCATCCGGGGGTGACTCTACCTCAGTTGTTATTACCTACCGGAACGCGCACGACACTTGCGATGTTTATCAAAGTGATGGCG,1331,50.94,Escherichia coli
SEQ_210480,TTGGACTAGATACCGAGGATGGGCCGGTATCCTCATTCCCGCCCTACCTCCCAGCCCCAGATTAGAGAACAGGTGGGGCATGCCTGGGCGAAGAATGCAGTGACAGAAGAAATGATGTAGAATCCGCTAGGCGAACGGGCACTACACATTGCATTCCGCATTTTCGGTGACGGGGGTACTGGGAATAGCTCCCAATTATCGACAGCAGCTTTTAAGCCATCCAGACA,227,53.3,Escherichia coli
SEQ_181058,GGACCGGCGATTGAAATGAAGTGTGGCGCTTTTATGCCCTAACACTTAGCGCGTATTGGATTCGTAAAAAGGAGAGATGGGCTTTCGTAGGATCAGCCCTCGTCCTATTCGCACTATCCAAGACCCCCCTTATCCCGGGTGTTTAGTATGCTCTACTCTGGATTACAAATTTGAGTGTGTAATTATGCTTAGCATGCCAGGGCTAGTTTGTCCCCCTCTCCCGCAAGGGAGTGCGAAGCGGGGTGGTCCATGCCGACCGCCTGTGAATATACTAATCCGGCACAACCGGAGTGCAATGCCTTCCCCGTATGAACTCTTTCGCCCCAAAGTGACTATAGCAAAATCGCATTGACATTCCCCAAAGGTATACGTCGGAGCTTATGCTACACACATCGTGGTCCTCGAACAATGCTCGGTGTTCTAGTGGCAGCGCGTGTTAACGACGACTTCGTTGTTTAACCATGATTGTTGGGTAAACACAGCTGCATGCCTACTGCCTATTCATCAAAGAAATCGTGTGAAAAAGCGGCGTTAGACAACGGAAAGTGAATTCCTCTTTAGGTCCGCACCCAGGTGCATATTTACATCGAACTCTGGGGACCGCTAGCCGAAACGGGAGCGTTACTACCCCTACTCATTTTGTCACGTGGAGAGGATTCGTGGGGAGGATTGCGGGAGAATCAAGGATCACGCGATGGGCTTTCCGTCAACAATAGAGATCGTGCGTATTCCAGTGGGCTACCCTTCCGTTTTGTCAACAGCTCCACCGACGCTTGCATCAGCAAATTAGATAAGTAAGGCAGTCTTGTAGTAAAATCGCTAGATTGTGATTATACAGTAAGCTCGTGGCTAATTTTGTAAGTAAGTCCCCGGAACTAAATAACCTTTGTGACGACCGGGGTACCTCTGAACACAATTCACCTCGCCCCTTGATTTTAAGTGCGTACCAGGACAAGTACACGCAGAGAGTATGTCACAGCATGATCTTAGCGCCGCGTTGTATACGTCCCGGTGAGCCAAAATTTGGCCGCCGTTGGTTACCGTGTTAAAGGAGAGAACAAAAACAGTAAAACCTCGGACGACCTGGGACCTTCCAAATTCGTACGTACACAATTCCAAAACAATCCCAAGTAAAATCAATATACGCGACTTCTGATAAATTAGTTTGCTCTTGCGTGGTCCCATCAGTATCAAAAACAAAATGTGAGTTGGCTTGATAGCGGTAGTATTAGAGATTCACAATTAACGCCGACCTGCCGAAATTTGATTTGCATATCGACGCAGTGACTC,1290,47.67,Escherichia coli
SEQ_949943,GACCCAATAGATGCACACGTCGCGTACCCATTACCCTTGCCACGACAGCGTGTCTAGAGCAGGATGGGGGTCTCTTTTGAGGGCACAGGGGCGGGACCGTTTACGAAATACAAAAGATGGACAGGGAAGTCTAATTCGCCTGATAAATCCCTGGCGCGGGATCGTCGCGCTACGAAAAGTACGGTGATACATCTGTGGCTGCCGTGTCGGTGTGCCACCACAAGGAGTCACTCTATCAGGTTCATGCGTCGAGTACAGACACGCTCCACATCTATGGGCTTCAAATTCTCTCTTCATTCCTACTCTATGTGGGACGCCACCTATGCCTGTTTTAAACGAAACCTAAAAGCGCGCACAGTTGTTCGCAGACCAAAATTTTGCCAAGGGCAACATCTATCGAATGACTACTCGCTAATACTTTTATCTCTGAGCCGGCCATGGGTAAGTGCGTCTCCATCGTGACTCGATGTCCTTAACTGACTATGTCCCTTTTACCTATAGATCCGACGTTTGCATCTGCGTTTTAAGTACGCTCTCAGATGTTCTTCATGTGACAGCGATTTACATCCTCCCTTTAATGTTTTAATCGGTCAGTCAGCACCGCGGATATGATTTCTTCTGTTCAAATGGCAACCCGCGGCAGGTTGGCCGCCCACCGCAGGTCAGGACCTATGTCTGATGCCGGACGCGCGTCCTTGAGCATATCTGGGATCAGAGTCCAGCAGAGACGCATACAGGCCCGTAGCCTCCTGTGTGTAAGACGTTTATATAAACACGACGCGACAATCTAACGTTGCGGGGGCCAAATCGGCCATCCAGTACTAACCACACGTGCGAGTCTGTCTCGGGCGAGGCAGCCAGTATAATCTTTATTGCATGTCGGCAACTACCCAAAAGCCTAAAGAGGTCGAGGTCGCCGGCCGGAGCTTTGGTTGCGGCGAGAGAAGGCATAGCCCACGCCTGGTGGACGAGGTGTGGGGGTGAGGTTGATATATCATTTGACAGCACTAGATAACGCCCCAGTGCTAAGGAACTTAGGGGCTGCGCCCTGACTAAACCGCTCTGCCAAGCAAAATCCTGCAATCATACGTTTGGACACACAGACATCGGGACATTGTTGCCAGGTAGACAAACGTAAGCGTAGCTATAGCGTCGTGACTTGTAGCGTCCACCATGTGCCCTCGTGCAAATTATCTAAAAGCTGCGGGGTTCAAAACTAGCGCGCAAATTCAGGCCCAGAAA,1242,51.61,Homo sapiens
SEQ_321796,CATAGGCGTTCCTCTCCGGCGTTTAGGGGGCACGCAGTTCCGGATGTATCCCGGACAGAGAGGACGTTGAAGTTTAGTCAATTGCATCTTCAGGTGGTGGAAGGCGAAGAATACTAGAGTCCCGCAGGTCTGCACGCTGCTTGTTGCCTCGAAGCATCTGAAACTACTGGTAGAGCTGCAGAAGTGGCACCAGGGTCCGTATTTTTTGGGCTCCCCATGGCACGTAGATTAACTGGAGAAACGCCCCGTCCCGTATATAGTAGCAGACTTA,271,53.14,Escherichia coli
SEQ_827332,GACTGTACGTGGCTCGCGGAGGCGGATCACTCCCCCTGTCTTCAAATGGTGGGTCACTCATCTCTAACCTATAAAGGAATCAACCCTCGAACATGGAAACAACAGAGCGTATAGGTAACGCCTGGGCGCTG,131,53.44,Drosophila melanogaster
SEQ_770448,TGGCACAACCCGCCGACTACACACCCCTGTCTTAAGAATAGAGCACTCAGGCTATCTATAACACCCCATTCACCCGGCACGACAAGCTTATAGACGATCAACACAGATAAATAACATTGGCTGCACTTACAATACCCCACGGCGCAGGGATGCTAACCGAACGGTCCAGTGGGGACTTGCGACTTATTCGAACGAAAAACGGTCGTTCTATACCCCGGATCTAACGAGCGGAAGACCTGAAGCGTGTGCAATCCGCGGACTCGATCACTTTTGAACAGTCGATCTAGGGGTTT,293,50.85,Mus musculus
SEQ_344415,GTTAAATAGCTAGCCTTTCGTGTGCCTCAATCAATCATAGAGCCCCAAGAGCTCGACAGACTACTGAAACGCATACCAGAACATTTATGCAGAGACGGGTCTCGCTAGCCTGCTCTTATTTTGTGGAATAGAATATTCCTGCATCCCTGTAGCCTCACCTCAACCTAAACCGAGGTACCGCTGCCGCATTTATAGTCTGCTGCGGGTCTTTTAAACAAGGGTTGCCGCCTCGTAATCTACCAGGGCTGAGCCGAAGTTTTGGTTAACGATATCTGATAGACATCAGCCGAGGTCGTAGTGGTGCCTAACGCCGTCAAGAGGTAGTTAATATTGTGGGGTGGCCGAAATTACTGTCCCCAGACTCCAAGTTCGCCGTGGCCTGTCTGAGATGGCCAGCCCCGATTGACGACGTGAGTCAAGCGGTAAGACCGCGAACTGTCCCGCAACGGTGGCAGTCGTGGCATAACATATCTATCTGGTCGCCAAAATTTCACCGTCCCATTTAGACTAATAGGACGCTACCCACACATCCTCAGTTCATAGTAATTACGCTAGTATTAATCGGCTCCATTCCAACTGCTAGACGAAATATTATGGAAGATAATATATATACACTAGGGTCAAATTTAGCCACGTACAGTACTAATTCCCCATGCGGTGGATCTATCCACCCTTCGTGGCAGAAGCAGGCAACGTCATGAATCAGAATAGACTTCGGTATTGGATTGCTCATTCGCAACCGAAGGGAGACCCTGCCTGGTCCCAAGTTGCCAAAAGAAAAACACAGCCGTGCCATGTAATAGGTACGACACGCGAATACAGGGGTTTTGCGAAAGTACCCGGTTCAATTATGCTCTTTTCTTCACATCGCCGTACAGATAATGGGGAGCTCCCACGTTTTATCGGCTCATCCGTCCTCATCGTTAACCCCAGTGGGGTATTTACCAATAATTTGACAATCTGAACTTTTGCTTAATGCTACTGATACACTTTCTGTTTTACCTAGGCCTCACCAGCGCCATCGCGGCCACAACTCAACTCCGGAATCTCATGCGGCGTAGCACGAACGCCTCCTTGGACTTTTTGTGCCCGCGCACACTACCGTGTCATACCTCTATCAAAAGTCATTGTGAAAGGCCGCTCTTCTCCGCACTGGCTCTGCTCATACACAAAAAGGGGACACACGTCACGCTTGGGTCACCCTTATCTCCTGTGTATTTCTATGTGACTCAAAATAGCCCGAGGTGGGTGGCTAGTAACGGTTGGTCTACGTCTCATGTGGCGTTCGAGTTGCCGTCTCCTCGCTGCAAGTATAGATCTCTAACTTCCATACTAGAACGGTAGTCGTTAGAATGAGGAGAAATTCAAACTGTTAAGGCATGTTCCGAGTCGAAAAGCGCGGGGCAACTAATGACAGCACATATACAGTAGATGCCTTGTTGATTGATGTGCGACATTCAGTTCAGCGGACCAAAGGTGCACAACCCAGCTAGCTGTAAGATATCTATAAAGTAACTAGCATCGTATCGGCGGATTCGGGGTTCGTAGCCAGCTATTCACCGGGCGTAGGAGGGACAATTCTATACCAGATCCTAAAATTTGCTCTCGCGCCGGCTAATTCGAGTTCAACGCCCAAATGGTTTCAAGCCCCTCAGGCTCCAATCGCCAGAGCTTGGATGGACTCCCCACAGGCAATAATTAATACTCCAGTTGATTCCCATCAACTAGTATCCCGTCGGTTGTGCTCGACTTAACCTCCAAGTCTTCTGCTCACATCTAGGAGCAATATATGTCACCCGGCTACCTTAATCGATGCGATTGACCGTTGGCGTAAGTCGCTAGAGAGGGCACAGGATTGTTACGACTGAAATATCGTATCCGTATTATTCCTTATGTCACAAGTTGAGCGTGCTATTATCGTACTAGTGGGAGAATGACACCCCTGTGAACTTGATGCTCCTAACCAAAGCACCGATC,1977,48.41,Saccharomyces cerevisiae
SEQ_944417,TGATCATAACGTCCATAAAGGAAAGGTCCAAAATTTTATTAGCTGAGGGTCGTCGGTGACTCCGAAGCACACACCTCGTGTCGAGTGTGCGGACGCCCCACGTTTCGTTTGCTAGCACAACTCATGTAGTTCGGCACAAAGTCATAACTACGCCACCTCCCGGCGTTTCCTAAGATCTGAGACGATGCATTATAACGTTGATTCTTTCCTAACACGTTTACTTCAAGTCGCGAGCGATGCTGTCTTCTTTGCTAAATTGGAGTTGGCCGTTGGCCGGTCCTAAT,284,48.24,Mus musculus
SEQ_498741,TTTGAACCATAAGGGGAAATGACCGGTCTTCCACTGTATAGTTGCCGATGGCATGTCAGACCGTGTGATGTATGATGATCGCGCCCGACTCCCGTGCTAATCGAAGGTACCATTAGAGTGAAGCCCGCACGACAATTCGTCGGGTATGTATCCGGCCTGTACACTCTAACTCACTTATTCACCGCACAACCTACGTTCGTTCATAAACCACCTGAGATTATCTGTCCGACTTCTAAGGTTTTCATATGTGGAGATGGATAGCAGTCGTCGGGATCCGTAGTCAATGTACACAGAGGACTAAGCAGGAATACCCTGCAATACGAGTAACCTACATCGTCAAGGCCAGTGGGTAGGGGTTATACCCAGTCCGATCCCTTTACTTAACACTTTAAGTGCTCGTCAAATCGTCCTGTCGAGTCGCCCCCTGCCGTCCGATGGGAGTGTACAGTACACACCCCCGATCGTTTCCGATTCTCCCTTTCATCCTATTCTTGAAACTGGCCCATAAGCCCTAAAGCCGGCGATATTTCTTGGCGGTACGAGCTACCTATGTAGTATCCAGCCGTATTGGACGCTAAATGGGTCCTGCAAATATCACGGGGCACTCTGCGATACCTGCGCATACTAGGATAAGTGGTTGTTCAGCATACAAAACACTGCCTGGGGCTGTAGCTCATATGGGAATATTAGGACGTTTGGGCGCGCTCGTACTCTAACATTATCGTTGTTGCAGTGTAGTATCCACTCATAGGTCTGTGCCCCACTCGCTATTTTGTATCGCGTCCCGCGCGCCGGTCAAATGTGGCGTCAGGTTGCCTACTTTTATTGGTAAGCGGTTAATGGATTAGCAGCGGTGTAATAATGTATTCCGTCTCGTACGGAGGGTCAAGATGGTATTATGGCTGAATTCCTTGGGTAAAGAAGGTAGACGTAGAGCTAGGTAAATTTTGCTTGAGACCTCTTGCGTTGAACTAACGTCAGCTTCAACCCCTTTCACGGAATGCCAAGGTCGAGTACCCGGCGTTATCACCGGAGCCTCGCCTACATCATAAGTTTGCCGAGGTGTCTGTTCGGCCATACGGTCTGTGACAACTTGATGGAGAAGACTTGTTTAGAAGGGATGTTTGCGACACGCCTGCGGGCCGATATCTCCTGGTGCGGTCGCTTGAGCCGGCTAAATACTCATCATAAAAGATATCCTCGTGCTACGACTCTTCTAGCCACTGCCCTAAACGACGCCGAAAGTCCTTGTCATTTGGCCTCCGAACATTGAGATTCCAACCCAGTGCTACATGAGCCTCCCACGCTCAGGATCAGAAAGTATCTGGGGTGCTCTATGCTTAATGAAACGTAAGTACACGAGGACAGTCGGCTTAATGCACCAGACCTGATGCGGCCCTTAATTCAAAAGACCTATCTCACCCTTTACTCTGTGGTTCTTTAAACGGACTACTCGTCAGGCATTAACGGACGATCTTCATC,1482,49.46,Mus musculus
SEQ_888436,CGATTTCTTTGGAAGAAACCAATGTGACCCCGCTCTATTGTTTATGCGGCTTGTCTAGCCCTTACTACAAATCACAAATAACACGCAATGAACGATTCCCACCCCACGACACGATATCTCGTGGACATGAGTCTGGCTTAAAGGAATGCAGTTTTGGTGGGGTATCCAGACTGCATCGATCTATTCGCGTTTAGGGCGTTGTGACTAGTTCAATAATGCAAGCGCGCGCGGCTCGGACGGAGCACTCGCGAATTTCATTCCGGTTTAACCATGTATTCGTAAGAAAACAATCACCCCGGTGGCAGTTGTAGATCGGCCATATATCGACCAACGGTAGACGCAAACACTTAGACATCACCCTCGGGGGTTGCCCACGTCAAACCAACGCTCCTAAGTGCACTCTCAGTAGTTCGATCAGACACTACTGAAGTTCGCGACGTCGGCCTGAGGGGCGGGTAGTGCTTGGGGCAAGCGCATGGGTAGTACTAAATCAGTCGTCCCTAAGAGCGTTAGAAATTGCTAAATATCTGAAAACCGCGAGCGGAAAGCACACTAGTCGATGGATGTGTCGCTAATTCCTCCAAGACGTGAGGGGGGGTGACTTGTTT,608,50.0,Mus musculus
SEQ_410818,CAGCGTACGCATTTAAATTGCCGCAAGGATGACCCGACTGGAATGGCCAGAAGCTGTAATTACCCGCCCATTCCATAAGGCGATGGTTCAGCACAGCATTGTGCACACAATCTCACATTCGGTTAAGTACTCTTTGGGCACTCACACCACGAGGTCCGGATTGAGCGACTTGCAATTACTGGTAAGAGCCACGATAGGATATTATAGGGATCAGGGAAAAGGGTTCCAAGTAACACTACGTCCTATTAGGACCTACGCCCGGTGAGTGGGTTCGATAGGTCGCGTTGCTAAGATTCGCGGGCTGATATGTTTAGCTGCTGAGCCAGCGGCAACACATAATCGATTCTCTAAGAAATCGGCTAACGACCAGCGCCTGTCAGCGCTCACTAAGTGCTCATGGTAAGAAAAGAAGGTATTACTTGGGCGCAGTACGACCGTTGGGCCGACAGCTGGAATTTAAATGTTCCAGTACGTTAGACCCCGCATACAGTTTGGTACGGCCCTGCTTGGTGCGGCGATCAGTCCTAAGGCTGGCGTGAACGAGGTAGTAGTACCTTCGTAACAGACATGTAGCGCCCCGTACCCGTTGTAGCCTACAGTTAGATCGTACTGCAGAGCATCCGATTAGATTGCGTAGACCTGGCCCCCAGGTCAGATGTTTCTGGACTGATCCAGTATCAGTCCAACTTGCAATTACTGACGAACAACTTGATCAGAGCCGAAATGGACTGACGCTTTTAGCACGCCTCAGATGGCTTCCATTCAGATCTCTGCCCGGTGATTTTTCGACCCCGTTCGACCTTGGACGTTACAGAGTTAAGACTATCGCGGCGTTGGTGCGCTGTAGGGTGGG,853,51.23,Drosophila melanogaster
SEQ_612095,AGGGCATTGGCCTCCGCCCGTCTTGTAACGCGAAGTACGGCGAAATCAGGACCTACACACTACAGAGTAACGAAGAAAGGTCGAACTAAGGATATAATTTGGTCTACAAGTTATACACCCGCCCATACTGATTGCAGTGCCGGTAGTATGAGGTTGAAAAAGATCTAAGTACAGTCTATGCGGGAGAGCACCGCCCATATACGCGCACTTTAAGTGGTTTCGGACTAATGGGATTCACTCAAAAAACGAGATTTGGGCATTACGTCTGTAATATAATAAAACAAGTAAGAAACGTCGTTACAGGCACTGTTCGATCACGTGGAGTTACGCGCCTCGATGGAGGGGGCCTTCGGGCACTCAAGGACTAAAGGTGTCGCCCGCACAACCCCTACTGGAATGAGAGAGGCGACAAACACGCCCTTGCGCCTAAAGTGGAGGACCATGCTGGGCCCGTCGGTACGAGGGGTGCAGACCGCAATTAGCACTTTTCGCCTAAAATGGTGTAAAAAGCTACGTTCTAAATGGAAGTAGACGGCGATGTGTCTTTAGAGATAGGAATAGCCAAGCAGAACATCTCGGCCCCATATTGACTGGTGTTATAATCCCCGCGCCAAGCCTATGGGTCATGACTGACGGATCCAACAAGTCGTACCAGTGCCAAATATAGTTACTTACTCCTAACATGCGGGCGAAGACCTATATGTACCCCGGTCCTATCCAAAACCAGGGGCATTCGCTCATTGGTGGTAACCAGCACCCAAGATTGGTTTAGTCAGCGAGCTACCCTTGGTGCAACCCAAGCCTTAGTAGAGCGTGTTTTTGTATCTCGCCCAAACGATGATCTTGTACAAGGACAAGCCGCCTTCCTCCGAACTGTTACATGGGAGCAAAACTAGGAATGGACTCATCTCTGACAAAATCAGCCTACAAGCTTCGATTATGCCAGACAGTGTACACGACCGCCCTACCAGGAACTCAGATTTTCTGGATCCCAGCGTTTCAAAAATTTTCTATCTCGGCGTAATGGCGTCCTGTCGGTGCAATTCGAGGCGTCTGGCTTTCTAGGCGGCATTACAATAGTTATGACGTTCGACGTTACTCTTAGCTGGGTAGGTCGCGTAAGTAACGCTCATGCGCAGCAACTCTCCGAGACTACTACTGATATAACACTAAGCACAGAGCGGTCTGCACTCACCTAGGATTCTCAGCCTTGTGCTTCTGGGCACCCCGGTCCGTTTGACACGATCGTCATCCTTCCCCGGTTTAGACTGCAACACGTGCAAGTCGAGCTTCCCCTTGATTCTCATAGAGCGCCCAAACTTCACCCTCTTCTTTAGACCTGGCGGGGTTTCCCACCGTAATCGCAAGCAACGTACGCATCCACCTGACCGGGTAGCCGGAACTGGACTCTTAACAACTGCCGCACATGCCACTGTGACTCGCGACTTACCGCCGAGCGAATGGATTGCATAGTAAGTGGCGATAAAATTCGCACGATCTCTGAGTTGAGAGCCTACACGAGAAATTCAGAGGCAATAGGTAACCTCGGACCAATAAGAACGCATTACTCACAAATTGGTCGTACGCTACGGTTTAACTGAACATCCGCGGATATTGGGGTTTGAATAATTACGGTCATATTTACCAATATAATTTCGTCGAACTGGCTGTGTCTATAGACTCTGCAAGACCCACTTATTTCGTAGTTTTGATCCAGGACAAAGGTAGTGCTGTTGGAGCTGCATCTTCAAGGCGCTGTGCTAGCAGGTTTGCCACATCATCCGTCACAGATGGTAACTTGTGACCTTTGAGGGTAACTGGGCACCAGTGTAGTTTGTGTGTTGCTACTTGTAAGAGCACAAGTCCTCAGTACATTAGATAGGGGCCAACGAAGGTCGATCAGGTATCAGCGCGGTTAGCGGGTCTGGGGTTCACAGAAGTGGGAGAGTT,1950,49.49,Mus musculus
SEQ_526336,GCTCATTGACGTGGGTTGGACTTCAAAGCGTGGAGAATTCTACAAACACATCCATAATGTGAGCTGTGGCTTAGGCTAATACGTGTGATTTACGTGTAAAGATATGTGTAATTTTTATAAATTAGGTGCATCCGGATTG,139,39.57,Caenorhabditis elegans
SEQ_891830,GGATGCCTTATTTAAGTGCCTGCTGCAAGAAAGTGGTGATCCGAGCTCGGGTTAATGCCGTGGTTCGTTATCAACCAGCGGTTTGTTGCGATCAGCGTATGGGGGGATCAGGTAATCCAATACTCCCGATTTCCTACATGTGTGCTGATTTGGCCGATCTAACACCTTATAACGCGGGCAGGACATGAACGGTGAGGAGAAGGCGAAGTCCAATTTAATAATACGTCTACCAATCAGCCTTCTAACGGCCAAGATTAATGGGAGCCGCGGTCCAGTCCTACAAATCAAACCTGACTGGCCCGGGTAACCGATGTTTAATTTATGTTGCACGGGAAGATGATGACAATGATCGCGCAAAGCCTATGTAAGTGTTGGATGGGAACAGTACACGTGAGACAAGGTGTTCCACCGTGTAGAAATAGGTAAAGGAGAAGTAAAATCTAAACCATGCTGTCGAGAGAATAGGCGTGTGGCGGGGCAGAGCTCACCTTAGCGACTTATCGACAGGTTGCAGGGACGGAATTGACATTTCGCTCAGACAAGACCACACTTCAGGGCTATCAAAGTACTGCTGTGCTACTCATTTCAACGCGCCCCATGCTGACCCCCGTCTTCGGAAGCCATGTTGCGTGATGATGCTAGGGCGCAAACTAACTCGACCTATGGAAGACGTAGGAATTTGACGTGTTAGAGAGTCACGATGTTTCCTAGGTTTTATCCTTTCTTAAAACAGTCTTTGTTAGTCCCACCTGCTTGGAAGGGGTGCCAATTAACTGGATAGAGCCTACGCACGAATCTCAGGACGCCTGGAGACCTCTGTCAGTTCCTATTCACAGGCCCGCGGCAAGGAGAAGACTGTGGAGTGTTAGCAGATCGAGCACTATTTAGAGGAGCTGAAGTACGCTTCATGGATACTAGCCTGGCATTACTACCGTGGTCTCAGAAACATTTACTGCCGGAATGAACAAAGGTCTGACAATAGGCGAGAATACGTTGAAACAAAAGTCTCTGGTAATCGCAGTTCATCGAAGCTCGTCTCCACACTGTAAATATGTTCTGAATAGCTATAGAATCATTCGCTAGGCCAGTGTATCTCGCGACAGCTGTAATAAACGCGTCGTTCCGTAAGATACTTTCTTACAACTTTCTTTCTTTCTAAGGTACCTTGGGTAAATCC,1177,47.58,Saccharomyces cerevisiae
SEQ_957464,TACGTCCGAATGTTGCATCACGTACCGCATAGCCGCCGCCATCATGTAGCACCTCGGCGATCCAATCTGTACTCACCGGGCTGTAACCACACAGGTCTTAGACTTGGCACCCCGAACTAGAAATTCCACACCAATCGAAGAGTGAGCAGCATTGGGAAATGCATGTCTGTCGGAGTTATTGCTACTACATCTGCAGTCAAGTCCGAATTAATACCGGCCTTATGGTGGGTCGTTATGCCTAGACTGGTGAATTGGGTCCCGAAGATGGGTCACCCCTTAAAGCAGACTACGATGGAAAGGAGATACCGAGGCTAACATGTACGACGACTACGTTGTGAGGGACTAGGCTGAGTTCACTGGAGCCGGCTATCCAACGCTCAACCGCGGGGTGCCCTTAACCGAAAAATCGCGGCTGGATACAGAGGTCTCACCTGCAAGCGCCGCACCCCCATATATTGCCGGCATCGCTGCGATACGATCCTATGCTTCCTTCGACTCTAT,501,52.89,Homo sapiens
SEQ_836294,ATGCTTTGCCGCACATGTTACTGTGTTCAACCCGCCTTTCGAAGGAGACAGCGCTCTGTACCAAGCGGGTTATTTGCATAGACTAGTGTGTGGAAGAAATAAAAACATTGTAGGGGACCAAGAGATATACAGTATGCGAGCCGGTCTTATTCCGGAAAAAGAACTTGATGCCAACCCTATGTCTTCAGAGTGGCGAAAGTTCGCTGCCTTAGTAGTAGTGCACCATGTAGCGTCTACCTTACAGTGCACATGCTACGCTGGCACAAGGCGTGATACTCTAGTATAATAAAAGCGATTGATTAGGGTCCACATTCTGTCCTGTGGCCCCAGTATGATGGGGAA,342,47.08,Arabidopsis thaliana
SEQ_773340,ATTACCAGATCAATGGTAGTGGACTGTTATATTACCCGGGTCGTTCAATCGGTGCTGGCTCTCAGAGACACAGTCGACATGACTGGGTCCCAGCGCTGGTTAATGGTGTTGCCTCAGACCCCTCCCTGTGTCTTCCGAGATGGTCATTGGTACGAAGGCGTTCACAACGATTGCAATCTCCGGTTAACGCACACGAGGAGTATCAGTGCACTCACGTAGCCGGAGGCTCTGCGCGATAATCCCCAAGCCTCTCGAGCGGGGCTCCCAAGTCTTGTGGACGTATAGGGCGTGCGTCTCGTTAGTGTACCTACATACCAACTTCCAGTCTTGATCAATCGGCCTATAAAGAGAGATCACGTTCTCGCTGTATGTAAGGCGTCCAGTATTTGGATTCATCTTTACTGGCCGTTTCGTGAATCTACTCAGGTCGGGTTATACGTGTGATTTTTCAATATAGGCGCTACTTTGACCGCAGCGAAAGGGGCGCTATTCGGGATGGACTGGGATAAGATTGATCTAAAATGATTTCGGAGCAGACTTCTCGGACTACGCTGCCAGACGTTCTGCTCACTGTGCTGAACCCAACTCTCTGGAGTCCTGCGAACTACTATCTCAGTATAGGGGGTGAAAATTCTAACTGGACGTTCCAGACAGAGTTAACCGCATACAGGCCAGAGGCTCTTGTAGCTTGGTAATAGTGGAGGCTGATGCTACACAAAGCTAAATCTGTTATGGAAATAAGCGAACTGCGAAACCAGATTACGCGCGGAAAGGGTAGGTAGCAGAGTTCATGACGTCAGTGCTCGCAGGGATAGAGGACGTGCGAAGATAGCGATCGTCCCCCACGCCCACTGTAAAGTAGTTCAGACGGGGACGGGTTGCGAGTTTTCCATGATACAGCCGTACGCATCGCTCTCGAGGAAGGTGCTAAAAGGAGAACGGACCGCCTGCATCGGGCAAGTCGCGGGAGACTTGCTTTTTGGCGAACACTCGGAAAGTACGCAATACTGATGTCGGTGAGTACCCGTAGCCATCACTGAATCGCTGTATATCACGCTCGCCCCATGAACGCTTGGCGCTCGAGGCGTCTTCGTGGTCCGACTACACAGAGTGTCGCCACCTGAAACCAGACGCCGTAAGGTTGTATATACATAAGTGGAAAATATCATGCTGGAAGCTCTTCTTATGACCTCAACTCTTCTAATACCTTGGACGTACATCAATCTGAACCTAAAGATGTGAGACAACTCAACGACATAAGCACTAATTGGAATGTTATCCAGGGGCACTAG,1292,50.46,Mus musculus
SEQ_706221,TTGCAGCCACTATACTAGGTGACACCTCATCGCTGGAGCACCCTGAGGCAGAATGGAGGAAAGCGGAACGCGAAGCCCGTGAAATAAGTAGGCGGGCCGTTAGCACGGGTAGGCTTTTCTCCAGTAGGCACCATGTAAGATTCGTAGGCTGCAAGCGGGGAGTTAGGGCACGCGGTTCTAGTTATCTACCGTCATCCATGCCTATATGCATGTGGCAAAGAACATTTGCTACGGCAGGCGAAAGGGACTCTCAAAGGGCGCTTTGGCCTATCGCGCTCATCTCAAGCCTCGTTCAGAAGGCTACAGCTCGCGGGATTCTCTTGTTAGAACAGCGTTACTAATCATAATATGCTAGCTCCTAGGTGCCATAACCCATGACCCCTGAGCTGCTGCTGATGACAGGATTGTGCTAATCTCAGAGCCTTAACGTAAAAGAAACGAGTTTTGCGTTTTATGATGCTTCGATCCTTACTTGTAACAGACTCGAGCCGGGTGCTCAAGGTGCCTTCATAATATCGGCCAACTAATGATTGCGGGCGCGTGGTCGTTCTCAAATCAAATACAAGCGCCAGGACCTTTAGTGCAAACAATGATTCGATTTACAGCAAGACACAGATACGACTCCCCGATCCAGGCGTCCTAGCTGATGGAGCTGACCGTATCAAGGGCAGGAGTTTATCTGGTTGAATCTACGCGTAAAAACGAGCTAAGTGCCGTGTTGTACTAGTTCCTAGCTCCGTACATCCCCACTGAGTAGGTTACCGGCAACAGGGTCGGCTGGCGGCAGTCGTGTCCGCCCTTACAGGCAATTCCCCGAAAGACGTCTTGCTAAATCTGCACGAGCGCTGCTCGGGCCTGATAAGCGCGGTGGCCAATGTCAAATCTGGTCAAGGAAATGATCGACGCCATTAGCCACCGGGCTTTGATTACCGTCCATCTATTTCGGGAAGATCGTCCCGCCTGGGGTCAAGAGATTAGTAAAACCTTCAAACTAGTGTTTGATGAGCCCGGTCCACTGGAAGGAAATCGAACGGTTATCGCAAAGGTTATATCGATCGTGCCGCTTCCATCATTTAAAGGGCACGGGAGCTCCTCCGGAATCAGATGGGATGAGCAATTTGTTGTGGAATGGAATCTCGAGTGTGAATCTCACGTGGTAAGAAGGAGCGCCCTAATTAATGTCGTACTATCTGCGAGTTTGAACAGCGGCCGATATATGCATAGACACACCACTCTCACAGAAAAATCGGGTAAGTTTTGACGTCTCCCGAATGATGATCCATTTTGACGGCACATATTTACAGCTACACAGTCATAACGTGTTTGCCTCCGATCCTGCGTAACAGGAGATAATGGCCGCTAGTCCGTGGCGCAGATGTGGCTTTGCTGAAGTTGTGGGGGACGAAAATCCCTCAGAACTGTGTACCACCGGTTGCGCGCGCAGGAAGCGCATGCCCTACCTAAGATGCTCCGTAGCGTGTACACTCACTGCAATGTGATCTGATCGGAATCATTTACTCCATACA,1526,50.59,Caenorhabditis elegans
SEQ_553018,TTTCACAAACACGCGGGGTGGAACATTAAGATTTCTGATGTGCCACGCCCTGAAACATATTTTAGGAGCAATCGAGAGTTCGATAATAATATGGAATTGATGCGAAGGTCGCGGTCAAAGCCGCGCCTGTCACGTGTGCCCGGTAAGGTACGGGCCGGAGTGGTTTTGCTCGACAGACGGAGCTTATGAGAAGGGCTAGAATAGAACCACTGTTAGGCGCGCGTAGTTTCCCGCGGTGCATATGCACTACGTCTGCTACGCAGGCTGCAGGGTGTCTCGTCCTTAGAAAATCAACGCTTAGATTACCCGCCTCGGGTGTGGTAGGAGACCAAGGATTTCTTAATCTAAGACGGGTCAGTGACTAGGCCTAATCGTCTACGACCTTGCGCAGGGGTCTCTTGTCATGTACGTATGGCCTTATAGATTACGATCTTGCTTCTAGTCCTTAGGGGTTAGAATTGCGGTAGCCTACTCTATAACTCCATTAGTGGTGGGGCCACGATTGAGCGCTGGCGCACCTAGCACGTCGTGATACCGAATAAAAGCTGAAGCTGCTAGCATCTCTGACCAAGTAGACTCAATCTCCACTGCGACCAAGAGGTGTGTCCGAGCCAGTTCTGAGTAAACAGCGT,632,50.95,Homo sapiens
SEQ_444690,TTCCTGGTCCATCAGGGTTGTGCTCTGCACCCCGCATGCCTACCCGCTATACCAGTGATCTCGGCATGATACATTTCCACACGCCGCTAATGACAGAACGCATTCGGGTATGAGCAGACGGCTTACGCAGCAGACGACATACGGTTAGGACTCTCGTCATCCTACCACAAGCATAGGGGTGGGTTGCGTATCGATGGCACGCTGCATGTTGTAACCACCCCGGGTGCGAGTGTAGTCCGAGTCGACAGGGCTGATGGTTCAAACGGATCCAGATATGCAGGGCCAGGTACTGCCAGCAATGCTAGGTTACCTACCCAAAGCCAACCTAGAGTAAAGTGGCACCGATTATTATTCGGTATTGAATATCAACCTGCGTGCAGGCTAAACCTCTATAGAAGGTTTGTGATGACTTTGACCTGAACAGCAGCAGCAGGTTGTGGATATTTCCACAGACGGGACCTGTAATTATGACTAGGGCCCA,481,51.98,Mus musculus
SEQ_832259,CAATTGACTGAACCAAATTATTGCACGCTGGGCACGATCAGTATTGTGGCACTAAATAGTCGAAAAAGGGGCGGCATCAGACGACAACGGGGCGTGGACGGTGAAAGCGGACAGAGACAGAGGCACGGTTAGGAAGCTCTGTCCCGAGTCGCCAAGATATTTCCGTGTTGTTACTTGTGTCCTGCATTATGTGTTGATTGGCTCTTCACAATTTACTTTCAAGACAGCTCACCATTAAAGATGACGCCTTCCACCCGCTAAGGACCCGTATATACGGTGAAGGCTGCCTGGATTCGTTAGAGCAATCGCTAACATACGGGTCCCATTAACAGTACAGTGAGTTCGTCGTTTGTAACAAAGCCATTCGATCGGCAACTCTCTACAAGTCTGGAGGGTTCATTACGTGGTTGCCTACCGGGGGTCATGGCGTGGTTACTAAAGGTGAGAAATTCAATCCAGTAATTGAAACGCTTGGATGTAGATGCGTCCAGGCACTCCCGACTTACTGTTTCAACGTTACCCGATGCGATAAACGTGGGGACCCCTCTCCCCGTGGATAGGCCGATGTGTTGTGTATACAGTACGCGATGGCTCACTAACGTGTACGAATCTACAGTTACTTCACAAGCCGAGTAAATCGGCGGCTGTAAGCCTACATGCGTCGATTTACGTTCGGCTGATGCGAATACAGGTTATAGCAAATAACGTACACACCTTTGGGACCGCCGTGGATACCCGTTCCGCTTTTGGATGCAGCGGATTACGCGCCGATAAGGGTCGGGATGAACATGATTCGGCTGTCTATCGTTTGCAATATCAAGCGTAATGTTAGCTGGTCTTCAACTTGATAGAAGTCTGTCTGTATTTGACAGTTTTTAAAGATACACCAACACAAAGCGGCGGTCGGGGCGCTTCTTTACTCGGGGTAGTTCTAATACCAAAGTATAAAAACGCCCTAATTTCGGCCGTACATTCTAACAGACACGACACCGGGGAAAGAGGGTCGGTTATGTCACGCTCGGTTGAAGAGGGTAAGGGGCCTAGGCACGTGATGTAACAAAGATATCTAGAGTGCTTGGTTGACACAAATTGCGTGTTGCGAGGCCCTCCCAGCCAATTTAGGTTGCATCATTCTAGTTCATGGCCGCATTATCCAGGAGCCGGAGCTCAAATGACTCGCGACTATGTGAGAGCCTAGAGTGGTGATGGAGCGCCCTGTAGCTGCGCTTCCGAGTTACTAGTTGAGATTGCAAGAGATTTTCGTCAACAACAATCATAGATGAGCTCGATCAGATTGTCAGTATTGCTCTAGCCGTGACGGTATGAGGTTTTTTCTACTTTGATGAGCCCCGCCATACCCTATACTGAAGAACCGCGACTGCCGCAGGCGTCCTGCAAAAGACAACTCAACCAATGAGCGTCGGGGAGTAGCCCACTGTGTCCCCGCTCCGTTTAGCTCAGGTTTAGCTGTCATCCATATA,1481,49.22,Escherichia coli
SEQ_918515,CTGATAGAAGATCTTTAGGCGTCGTATCAGCAGCTCCTGGGATATATGGCGCCTTGTGAGGCATGCCGAGATGCTGCCTGGGTGCTATATTTAAAAAATTTCTGATCACAACGGGATAGGATTAACAGGGTAGAGGGGATTAAACGTTGTTCCTCGTACTTTGACGGAGAGATTACGCTAGAAATCACTCTGTCGTCGCAGCCGCATTCTTCTTAGCCCAGGACAAGTGAGTGAACTAGTTTCAGTGGTTTATGTGCAGCGTTAGTCTACGTAACCATGGGACAAACTATCGTTGCCGCTCATAGCTTAACGCCACTTCACTCACAGGTTGGAGTTGCAGGTTACTATATCGTTGTGTCCAGCAGACTGGCTGTTATAATAGGAAGGGGCAATGCGTCAAGCAACCTCGACAATATGAGGGGCCCTAGAGATTGTGGGTACAATAGCGGGCTGAACTAGGAGTTTAATAGTCAGTTCAATGTGCGGACCTGTGTTAATTGTGAGAAGGCTCAGAGTGGTCAGAGTCTAGCAAATATACGCCTCCGGGCTACTGATCTCTAAGGTGTCCAGTTATGGTGTTTAAAAGATCGAATGAAGAGGCTGGGCGTTATATACCAGGCTCCGCCTACGAATGCCCCTAGCCGTAAGACGCGGACATGTGGATTCGTGGAACTATGCCTCAGCGCCTGTAGAGATCGAACATCTGCAACTCACGCACCGCGATGTCGAAGCAGCGGCTGTAAATCGGTCAGCCCGTTAGAATCGGGACTTGCTCAGGATTTTACGCTAGATTGCGAATCATAGGGCCCACCCCTATTACGCCGTGCGTACTCGGGTCGAGCAGCTCAGAACCTCGATTGTTGGCGGATCTTATTCAAGATACGGGGCTCAGTGTCGATTCTGGGCACTGCGTCCTACCCCGGGACTGGTTGGCGGCGTATATCGGCATTGGAGAACTCACTCAAGAAGTGACATGTGATAATTAGACAGGGGGGTATGTGACTCAAAAAACTCGGAATTCATTTGGGTGCGTTGAGCATACGGAAGCAAGAACTCGTAACTGTCACTCGAACTTATGATGTCGCAACTTCTGACCTACGCGGAACGATGTTTGAGGAACCCCCTGATAAACTACCCTTGCAACGCGCCCGGACTAAGTGCCTTATGCCGGGTGGACATAAGCAGGATAACGCGAGTTTGCCTGGAACTTATGTCAGGTGGAAGCAATCGTATGCGGTCGGGTGCTAAAGTGCAAGACAGGTTACTTGACTTATCACCGGGTACTGATGACCCTTATCATCGGCGGACTTTTCTTCAGTGTGTTTGTGTAACGAGTGATGAGTGCGAGGGCGTTAACA,1358,49.71,Arabidopsis thaliana
SEQ_228108,GTCTACGTTCTAGCTTCGCGGCCGGACAGCGCTCTTTCCGTCGGGACGACTTACGACCACTCCCGCCATGACGGGCAAGCAATGACAGCCGGATACGCGAGCTCGCAACTGGTAAAATGGTCTGAGGACACAAGGGTTGACACGTAGTAATGGACCAGATTCAGGGCTTTAGACGTACGGTTTCCACATGTCCAGTAAAAATGTCGGACAACAAACCAACGAGATATATGTAATCTTCAATTTTACAAACTCATACGGGGCCGATAGGACTGGTGTCGATGTTCAGAGGTGTGTCATGGATTGGTTCTAACCGAGGAAGGACGAGGCATAGACGTAGGAACGTTCGGCGAAATGGGCTTTGGGCAGTCTTGTGATTTTACTAGTCATGAAAATCGTCGCCAAAACAAGGGGGCCGAAGATAAACCGAGATAAGGACGTAAAGTTGTGCTCTCGTCGCTTGGGTTGACTAAGAGCCTAACTGCGTTTGACCTTAGATTGATTCTGGATCTCCTCCGAATACTGTAGCGTCGCCCCACTTACCGATGTCCACAACGTTAGAAGACGGTGGAGTACGAAGCGTTGAGGCTCAGGAGTCCTGGAACTAAGCGGAGGCACTCGAGACTGTAATTTATCACTCGACCCTGGCGTATGAAAAAGAGTCGCCTGGCTTAGTTGTTTTAACCATCGGTCGAGGAAAAGTTCGTCCACCCTCACGTGTGACACTTGCTGTTCGTGGGCACCCAAGGCGACCCACTGGTGTGCGCCGGGACACTACACGGTTTGAAAGATTGATCCAGGCGCATAAATAGTATAAACCAATACGCGGCTCAGGCAAGCGTTCGGGCTAGTCAGTAAACCGAGTCCGAGACGAAGCAATTCACTTGGTACATTAAGGCCTAACGACCGCAACCGGTATGCCTGTCCACGTTGGGCCTAGTCACTCCGTAAACTCGTTCAATGTCTTCCTGTCAAGCCGTTGGCAATCCCGTAAAACGTCACGCAATGGACTTACCTTTTGATAATGCCGAGTCCTCGGACTAGAATACCTCGACTAACGTCTTACTCGAAAGTGCATCCACTCTTTCACATAGTGGCCTCGGAGTCGCCTGCACAGACCGGGTACCGCAATGCGGCCGCAATGGGGGGGGATCAGGGGCTCTCGCTTGTCAGGCAAGGCGTGATTCTGCGCCGATCAACGTTTCGATGAGCGTCAAGTTCAAACCAATTATAGCATTCTGCGCCTACGCCGTGTCTTGCTGTCCCGGCATGGTGGCTACATGTCAGAAACAGGTTTTTTAGGCGACGCGATAGTCTTATGAAAGGGCTTCTGATCAAGTGGAATCCACCCACCTAATACTGAGGGATGAGACACGGTGCCCCTCACCTGAAATTGTATCACTTCTTAGCGTAATGGGTGGTAGTTGGATCT,1429,51.22,Escherichia coli
SEQ_790590,CGCGTCGCAGCGCTTTTGACAGATAAGGTTCTGCCTGGCGATCCTGAAAAGCATACGGAGCACTAACTTGCAGAGTCTTTCCGCAGGCTAATTGGTGAGAGCTTTAATAAGTCTCCGAGAAGCTATACCCGTGATAGCTCCGCAGTCGCTCCTTAGAGATCCGGCCTGAACCAAGTTTCATAATTAGACTGTTTCTAGTGTTATCAGTATCCTCTAGGTTTGACTCGACCGAATCTCTTACTGAATTGCATTCGCGGGCTTGGACAAAGCGAGCATTAATTCTGATACCATTTATACCTCTTCCCGCACGGACCTTATCTTGGGCGCGTATTGCGGAGATCGTCGACAACCGTTCACAGGCTTTATAAGCGTTACGCGCAACGAGGCCGTGCTCAACATCGGGTGCCTAAGGGCAGCTATTGTGCGCGGTGTGCCATCGCAAGACGCAATTACCCACGTGGGGAGTAGCCACAGGGCAGAATATTGTATACGCAGGAGTAGCTGGCTCTCAAAGCAGTCTAGCATTCTGGTTTCTTTAAGTATTTCTCCCCATTCCGTGCTCGCATTAGTAGCTGGAAATAGATGCTTTCAACCCCACGGATTGTTGGCAGTCTGGAAATCCTGAAAAAGGGCGGTCACAATCGTTTAGATGCATAGTACCTGAATTCTTTCTGTGGGTCCCAAATAGCGAACATAAACTATAATAAGTGACTAGAGGTTCATCCCCTCTGCCTGCTTGGAAGCAAGGATTCCCCAGAGAACGCCAACAGAAAACGAGTCGTGATCGTCTGGTAGGCACGGTAGCCCATGACTCGTCATGACTTTTAAACATCGTTGGAATGTAATGTCGCCGCACTAGAGGGACTAGTATCATTAGCCCTGGACCTTACTACCCGACGATGAAAATACTCCACGCATGTAAGTCGATCTGTAAATAGCATAATTTAACCCATCAATGTCTGGCTGCATCGCCTAAGTTATCCCGCGCAGGTGCTGGTCATCTCGTTCAGCTCGACTCATATATATCCGCCTACCTACACCGTGATATCTTAGTCCATAAAATCGTAGCCTCCCAACAAGGCAACTGCATTGTAGCAGATATGGCCGAAGGCGTTCGTTTGTCACAAGCC,1130,48.41,Caenorhabditis elegans
SEQ_310713,TAGGTACCGCGTGTCTAGCATGTTAAAAGCCCACATTAACTAATGGGTAATCGTGAGGTAAAGTGCATGCGGGGAACAGTGTTCTCACCACGCGGGTCCATTGTATCCACCAATCCGCCCCTGAATAACTAGGTACTCTCAGAATCACTATCTCGACTGTCGATAAGGCTCTATAAAAGTCTGGTCGCGTGGACACGCGTTCGTGTGTGATATATATTCCAGATAGTTCAGTGGCGCAGTACGGCGGAAAATAGCGGGGCTCGCATGCTTTAAGCAGATTTACATATGGCCTAATGTAGACCTCTGTCACGTCCTTGCGCAGTTCGTAACAATAGGGTCAACACTTGAGCACAATCGGTCCGCCAAGTCATTTTCAGGCTCTTCCCTAGGTGTCTACTAACACTCAACCCAGACACGGAGAAGCCTCAGGACCTCGGAATAACCGCTACGTTACTGATTCGCGCCCTAGTTGCATTCCATGGGCCTAATGGTGTAGTTAATCTAATGGGACTTCGCTTTGAACTAGCGGATAATTTAGGGCGCTATTAATTCAATTAAGGGCCACCATATCTCTGCGATAATAATTGCATCCTAGTATTCTTAGTTATGATAAGTTTAGAGTAGAGGGTCG,631,46.75,Homo sapiens
SEQ_879979,CACCTCTTGGAGTGCTTGTGGCACACAGCCGTTTTCCGAGTATTTTAGTCCCATCAAACCACGCG,65,52.31,Drosophila melanogaster
SEQ_123196,TAAAGTACAGACCGGTTTTGGAGCCGGTCTTTGTGCTTGTATTATAGTAACATGAAGCTGTAACAGAGCTCGTACGGCTTTCAAGTCAAAGCAAGAGTCTCAGGTCTTCCAACGCAGTTTATGGAATCGAAGCAGCCCGGGTAGGACCAAAGTTCAAATGGGCTGGATCCTATTGGTCCGTAGCTAACCGCTAACGTCGGTCACTTATGACCTCACGACTGGATTTCACAATATCGTCACGTCCCAATGTTGGCCCACCTGGACTAGCGCTCAACGCACCCGGTTGGATTGGCCCACGAGTTCAGGAGTTCCATGACCTCAATTCGATGATAGTGTGGGGATCCCCAACACAATACAGGGTCCTAGTATCCGGACCTGAGGATTTAGATCATGCATCGAGACCGGTGAGTTGTTACGCCCAAAACGGGCCATTCGCTGCGGTTAACTAAATTATTTGAGAAGTGCGTTTCCAGCGATTAGGGACAGCGTCGCATAGCACTTGTAGACAGTGCGCGATAGGGCCCCTGGATGCGCGCTTTGAGCTCCCGACTATAAAGGATTCGGTAATATTAGAAGACTGGATACTCTAGGTACGCATTCTATAATCTATAAGAGTCCCTAGTGGTAATGGTTCTTACCCGGGCCATTAAGTGCCCGATACGGTTTATGACTGCAAGCCCCTGACGGAGAGTGCACTAGAT,701,49.5,Caenorhabditis elegans
SEQ_614302,TGACCCCGTGCAGTGTTAGAGTACTAGTAGGAAGCCTAATGCCAGTGCTCTCGCAGTACATATGGTCCTAAGCGCAGCAATGTCGTTACGCTTTGCTGGAAGTCCGTTTAAATCGTGGGGTCAACTGGGGCCGCCTCAAGCTCACCATATTTCCTATATGGGGCAGGGCGCCCATTGCCTGTCTCCGATGGGACATACTCCGTATAGATCGACGTTCCCTTACTCTCACTAATGTCAGACATCTACATGTTTTAGCTCCCTACTTTTCGAAGTAACAGCAGCGTCATACCCGTTGGTTAATCAGTACTGCCATAGCGGGATGCTAGGCGCCACCCCATCGGTCCGGAGTTCGGCACAATTCGGCGGCAGATTAAAAAGGGTTTATGACTGGTC,393,51.4,Arabidopsis thaliana
SEQ_764253,CATCTCTTTCGTTAGGTTCCACGTCGATGTAGGTCACCCCCCCCGCAGGTGCTACGTCGTTTGGGAGCGTCTCTCGGGCGGGACGTCACGGCTCCAGCGCAATCGTAAGATGGCTCATCTAACACATAAAGAGCTATAAAACAATGGACGATTTGTGTTCCCTAAAGCCCCGACCGTTTGGATCTCGTGCTGCACCCTGGGTAGGGGTTTGACTCACCAATTCTTACGCCTCACTATGAACCGTAAGTCAACGGTGACTTTGCTTGGTCAAGCTGTCGGGACCTCCTGAAAGCGCATGTCAGAAAAGGTGTATGCTCCGATTGAGTCAGATGAGGTCTTCCTTACCAGCTGCTCAGCGAACGGCCTACGGCCGTTGTGGGTGGTGTCCGAGAACACAGTTATCTATCTCACGCATCTTAGGGGAAGCATCGGCCGCAAAAGGGGCACCCTTGGATATGTAGCTATTGACCCGCCTCTGGGATAATTCTCGACGAGTGCGAAACGCTCTAAACTGCTCGACCCGCTAATGTTCCCAGTATCTGTGGCTGAGAGAAAAAGGGGCAATTAAGCTGGCTACCAGTTAATAGCGCTAAGCCATGGGTATAGGTGAATTGTATTTCCCTTTCCACCGGGTCGTTCCCCTAAGTGGGCTACACGCAGCAATGTACTGCTCAGTACTACAGTTTAAAGTAATTAAATGCCGCCCCCGATAGGCCCTATGGTATGGCGA,730,52.05,Mus musculus
SEQ_363923,AGCCTTCCTGAGGACAATCTTCAGGCTATTACCGAGTACTTTTATAAGCAAATCTACAAGAGGGACTCCTCAGTTGGAGCACAGGGCACGTGGCTGGCGTAGTGCTTCATGGCTAATTCGACCATCTGGGCCCATAGCTTGAATGAGCATAGTCTTTTTAGTCCCTATCTCCACGTGGTGCCTCCATCCAGCAGAGAAAGTAGCGCTAACGAAGCTATCGAGAAGGTAGTAGACAGTTGAACCCGAGAATTTTTTGTACGATTGTTGAACTTTCACAAAACGAGTGTTGGATATTGCCACAGGGAGTACTGACTTCATTAATCCATATGATTGTATGTGTCTACAAATGCAAAAATCGAGGGTAGTCGGTTACTGCATGAAGGATACGTACCCCATGGCGCAATCTGGCTTGATATTAGTATTCCCTGGATGGTCACCGGCTGATTGATGTAATGTTAGACTGTCTGACCTACTCAGGTGATTCTCCGATGGACTGTTCTTTGGCCCTTTGTAGACGCGAGTATGCGGCGTACGGCGGAAAACTCGTGCGTCTGGGTTTACAGCCACAGTGCGGGCACTAACGCCGAATACCGGCTTAGCGGGAGTAGGGCGTGACGTACTATTTTCCGATAATGTCTTGCTTATGGCCCTTTTTGTCGGAGTGAGGGACGTTTTCATGGTTATGTAACTGTCGGACAGTGGTCTTAATTCACCCATGGTTGTCTTCTTGGGAGACAGCGCGAAGGCTGATGAATTGAGCCTATACAGAGAGGCCGCCATGCTATCCTTCTAGGCTACAGCAAAGTTAACGAGACGGCGCGGTGGTTAGTGAGGGCCCCAGTCATTATGGGTTTTGGCGCTCCTATTCGTTCTCTCAAACCGTACAAAACTTGGTGCGTACTAATGCGATACAAGATTCATCGCAATGATGACCAACTCGCTCGGTAGATTAGATAAATGAGACCCCTCCGCTTGAGGCTGCGTCCGAACGTCACTCTGATTCCACGTTTCCTCTTTTCCGCCGAATTAATTTCTGCAGACCTGACACGAGTTCTTTGAAATCGACTTAATGAATGCACCGCATCTCATCAATGGTTGGAATAAATGAAATCCGGACCCTGGGGCCAGTCTTGCCGTCACCAAACAACGATCACA,1155,48.14,Saccharomyces cerevisiae
SEQ_896994,AATAGCTAGGCTTTTGAGAAACGATGGGTCGGGTATTAACGATTATGCGGGGGCGTTTCTCCCACTCAAGGACCGATAATTCGTCAGCGGCCTTAGCTGTTCATGCCCGAATACCCTTAACCAATGGCCGTTCTTTCGCAAACTACGCCCCCGAACTTCACACCGAGTTCCATTCGCCGGCTTAAGCCTACGATCATTCGTACAATCGGGTATCCCGACGTTGTGAACCGATCCTCCACCTCTGAAGTTCCAACAAAAGTTGAAGCACCTTTGTAAGCATTATCGGAAAGGTAGTGGGCGTCGTTATGCCCTTACTCTCCACATCATGTAGCCCAGTGCCGCCTCTGAGGGATCCAGTCAAGGAGTAACGCTTATGTGCGTGACCGCCAAATCCAGACGGGTCTCTACAAGCGAACCGACGTGCTGAGTTGCATGGGCCTACTGACATGCCCCTTTACTGGACCGCTACCTTAAGAGCGCGCGCGTAATGCAGCGCGGACGATGCTATGTCACAGTGACAAGACTACCGCATCTTTTCAGTTGATCCTCTCCATACAGGCCATGTATACCACGCACTAAGAGAGTATCCCATTAAAAGATAACATACGCGAGGCCGCCACAATAACACTTCAAGAATACTGTTAAGTCTACAACGAATCCGGTCTGTGGGAGAATTGAGACTTTACTCCACCCCTAAGCACTACCGTCACCCTTGTACTGGTCGCTTACATGATATGACACGCTTACAGCCAGAGCGAAACATGGAAGAACGATATTATCGTCGAATGTGAAGCAAAATGTTGGGTTGCAGGGTCAAACTTAGACTGAGTATAGTCACCCTATTAGAGTGCCGACGTCCCGCTTGCTAGCCGCGCCCAATCCGTTTGGTGGCAGCCTTTAAAAGATTGTCGGCAACCGCCAGGGAGACATCAATCGGCATTACAT,945,50.26,Mus musculus
SEQ_110274,GGCATTAGGTCAACTACTTTTCCCGATGGGAATTGGTAGGGAGCCGAAAGTATCCGACTGGTAATAAGTTACTCAAGAACAATTGACTCGCGGACGCTCCACGCGTCGTCACTGGCAAATCTTGTCCCAGAATAACCTCCATACCAGAAAGTTAATACGTTCGTAGGCGGAAGGCTGTTCAGCTTTGCCGTCAGCGTGCACTGAGAGACCCTCTTTTTAGCGGAGGCGCCGGGAGTTATCAATCCCCACTCACTACTTCCCGTGGGGGGTACATCGGGAGAGATAAGCACTGAGTCCGGTGGATGGTACGTCCCTGGTACCGCTTCAGGTGGTTGAGCTGATAATGCCTAGGCCTTACAGTCAACTAATCGATCCATTGGCTGGTTGGTGGTCCGCGCATTACGATACAAGATATACAATACGGGGTAACGACACGTTAAACG,443,51.24,Mus musculus
SEQ_896092,CTGCCGACACAGACTTGGACTTAGACGCGACGTTCTCGACAAGCCCCATGACGCTTTACACAAGGAGAGAATTCAAGAAGCTCATTCCTTTGAGTTACTATTAACGCAGAACCATGCCGATATTGACACACTATACTGTGGTGACGATATTTCGACTACGAACTAAACCATTGGGTAACGCGAGTTGCCCGATTTCTATTTGGCTGGGAGTATGTTCTCGTGCCTAGGAAATCTCTACGGAGTATTTTGTCCTACGATGAGTGATACGCATGACCAAATGTAATCCAGATGTTAGGCAGCTTGCGGAAACGAACATATGCCACTCACCGG,330,46.36,Mus musculus
SEQ_989797,AACTACTGCGCTGCCCGGCCGCAATCACCTGTGATTTAAACTTTTTGCCGACTCTGTGATAGTACGCATGAGCACGCGCGACTTGTTTAATTCTAACCTCGAGGTGTTGCCTTGTTATATATCATTTGGAATTTGCGGACAGGAGGAGTTGCGCATTTCTAAAGAGCTGGGCTATACCATCATCAATGACAGAGTGTAAACGAGGCCGTCTTGGTTCCATGCTGTGCCTACCTCGCACCTAAATATGTCCCGTATCTATTTTCATAATCAGGGGCCGGTCAGTGACTTGCTCTAAGGTCAAGATTGAACTTTGGAGCTGCTTAATGTCCATGTTTTGGGGGGGTTGGCTATCCAGCCGATCGAACCAAATACCGCAGATGCCAGAGTAGCGGGGACAGGCGCCTCAACATAACTCCCGGCCGCCGATGAGGTCGTGAGTCGCATAGCCCCCTTTTTCATTGAAGAAAGGATTCAACAAAATCATTCGTTTCTATGTCATGGATCGGCGGGACTAAGTATACGAGAGTCTACGTATTCTTTGATCACTGGTCAGCACCACAGCCGGGAGCTCCGGGACTAGACGAGGATGGCTCCTAGGGGAGCGGTGACGCGGAGTTGCCAGGTATCTCGTAGCACTTATAGGGTTGATAGTGCGCACGCGCAGCACTGATCTTTCTCACAGGGCACTGGCGACTCGTTACGCGGGCCTTCATGCGCTCACGCTACCAAAGTAGTCGGGACACCGTATTCTAAAAGGAGAGACGCTCTCCCAACGGACCCAAGCTGAACACTGCTTCGTACTGGAGGCCCGATGTCACCCGCTCGGTCATCGTACTACCGATAGGGAGTAAGAAGAATGATGCTAGAGTCCGGTTGTTTTCGCAGGTATACCATGCTGGCGTTGTGGTCTGAATGGGTGTTAACCTGGAACTTTGAATAGAAAAGGAGGTATGCTTTAATATACGAAGCTGGCATATCCGTGACGCGGTCAAGCATATCGACTTCATTCTTGCCCTGTTTACTACAAAGACGCCAAATAATACACGACACCAAAGTGGTTGCTGAAGCCCATCCCCCCCAATCTAGATTCTAACGTGTTACGACGGTAGGTAAGCAGAGCC,1121,50.49,Saccharomyces cerevisiae
SEQ_634071,CGTGGAGAACTGGCGCGTTCCCACCCGATATCTCGAAGTATTGAAGTACGTAGAACGCAGGGGGTCTGCGTGATTTGTGATTCAATTATCCGGGTAAACCCCTGCTTTAGATGGCGCGAACATGAAATCCTCTTGTCTTAGGTAATATACCTGCTGATCGTACCCAGATCTACAAGCCTAGTTACGGAAGTTGGAACGAATTGCAATCTTTAAACAACAAGAAAGTCGAAGACGCGAACGTGATATCCATGATGTCCAGAATGGCTTCTATAGTGGCATATGAGCTAGCGGTCAGCCCGCGGCTCAACCGGCCGCACGGTCCTTCGGAAGGCACGTTGCCGTGACAGCTCTTTAGCCCAATGTCGTTGGCGTACCTATCGCATATGTCTTAGCCGCTTTTTGGCTCTAAAACCTATGCAACAGGACCGCAGATTCAGAGATGCTGCATAAAAAACAGTTTTCACTGTGCACACTGACGCGTTAAAAAGGACCATACAAACTGAGTTCACCCCATTAAATAAAGCAATAC,529,47.64,Saccharomyces cerevisiae
SEQ_474247,ATGGACGCTTTCCCTTAAGCGGGAAGCCCGACCGGGCGTGTAAGTGTAGCGCGCGTGAACTCCTGTTCTGTTCCAATTACCGGACTAAAGTAAGCGAGTGTATTTCCGCTTGAGGGCCTAT,121,53.72,Homo sapiens
SEQ_522408,CACCTTCGTTCCGTCACGACTCGTTTGGCTGCTCTCTTGTGCGTAACCGAGCATTGTAAGGCTGCGAAGCACACCGGCTCTTACTCAAGGGCTGAGCCACCATGAGAGCACTCAAATGTATAGAAATCAAGCGAGGCGATTGTAAATAATAATGGGTTACTAACGTCTTATTCCAACTTGCAATCTGAAGCCAAGACAGAATGCATTTAGTAGCGATGACATGAATGAGTAAACGAGACCGACAAACGTTGACCTGCTTATCAATACTCGAGAAATAGCCCGTCACTCATCCTCGGGCACCAATGTAAGTGCACGCCGGGCGGGACTTGTAATTAACTATAGCCAGACGGACTCTCAAGATAAAGCCGTGCCATTTGTTACGGTTATAGTGGTAAACATCGTTCTGCGACCACGAAACTGCATCCGCATAACTAGAGTTGAGGATCGAAGACTCGCTAGTAAGACCCCACGTTTCACAGCTAATTGACCAACAGGCCGTGCCGGAATCTTGAAATGTCCAATAGCGATCGTTCTAGGCACACAATTCATGTCCGGTTTGCACAGG,565,47.61,Escherichia coli
SEQ_913620,AACCTCTTTATTCCCGCAAATGTCCGGTTAATATTGAGTTTAAACTTTTCTCAGTCTGTGAGCGTACACTCTCAGACACACAAACCTTAGACGCCGAAATTGCGGGTTCGCTTGACGGGTTCCAACGCGCAGGTCAAAACGTCGCTTTATGCCAGTGAGGTAGCAGGTCGAATGCACGGCTACCGCAC,188,49.47,Saccharomyces cerevisiae
SEQ_708811,GAATGTACGAACTTCAGGTTTTAACTACGTGAACTAGCTAAAATCTGTAGGGTCGCCGTGCGAATTCTCCTGTGCCGTTGAATTCCTGGTATGTATTTTGGGCAATTTCCCTGCTGATATCCAGTTGGTTGCCGCAGGCGTGGCGCTTATAATTAGTTCTACGCTGGGAGTTCCACCTCGCCTCGATAAGAGCCGTCACGTGCATGCCGGGTTCAGGGGTAATATAGAGTACCGAGTCACATTACATTCGATCGACGTACCAATCGTTGAGGTTCCGACTATAGGTGTCTCCCTTTCGCTATCCCTATGTACCATGAGTCTAATAAAAACATGGATCCATTCCTGTACACTTGCCGCCGGGTTTCCAGCAGCCTTCACGTGCGTCCAAGACAACCCATAACAACGCTTATTAATAGGAAGCGCGGACGTGGCGGCTTCGCACTAGAGTCACAAAATTTTGTAATAGGGGGCGCAGGTCAAGGTAGTGTTAAGCAGGTCATGATTAAATCTAGTCCGCCATCGTGTAGGGTCGGCGTACCGATAGGCCACTACTTTAAACTAGCTCCCACTAATATCGCGCGCTCGCTATTCTGCTAGGGCCGGCGATGCGGCCGCCCTCAGTCAGTATATGTGAGCCGGGAGACATCCGCCTGTTAGGCTGTGTCTTATCACAGTTATTCTTACATACGT,690,49.86,Escherichia coli
SEQ_928033,GGAGTCGAAAGTGACATCCTAAGTGGAGATTTTCTTCCTTACCCCACTCCCGAAGCGGTGTTACCCGCGGTTTCGTCGCCAGGGAACTGAATAAGCTTGAGCTATAAACACGCGATCTATGCATCGGACGGGACCAGTTGAACTGTGCAGGTTATCGTTCTCTTACCATGGATGTTATCCACGTCGGCCGTAATTCGATCCGGGTATAATAGATGACAGACTACTTCATCTCGGTTCTTCTAAATCTCGAGAAGTTGATATAGGCAATCGCGGAGGCCAATCGCCACCAGAAATGCACGCTCTAGCGGGTACGATACTCACTAATATTATCAAGGCAAATCCCACAATACCCATCAAGTTCTCCACGATGTGTGTCAGACCAGCTATCCGCCATAATTTGAGTGACTTGCTGGAAATTCGCCAACGATCGCGATGCCCATATCCCTTTACTTTCCATTCCGTCCGAAGAACTACGCCTCGGTACTACTCTTAACAAGACGTGGAGTAGCAACCAACCTCTTTTCTCGTATACCGTTACTATGAAAAAGACTCTCAGTAGTGAGTTAGTAGGGTCCCGTCAATGACTCTAGGTCGAAACGTTTCACAGAGCATATTGTCTGCTTGTGTATATCCGAACTTCACATCGTCCAATAAGCGAGGTGTGCCGCAGACAGCGGGACCGTTTCTCCCATAGCCACGGAACGAATCGTGGTTTCAGTACAATAAAGAGCATGCCATATGCTTCTTCCGAATGACATGTATGACAACAGGGCCCGAAGTAAATACGCGTATTTTGGGCTTGGAGTCCTGGGGCGCACTCCCAGCAGAACCCGGGAGTGATGGTGGCGATACAGATATGTACTGCTATAACGAATGGTTATGCGCGAGACACTTTGATACATCACTTTTTCGCGGAGACCTAAACGTCTGTACAGACCGGAAAGAATAAGCAAATCTCTCAGAGGCAAAATCCGAGGCTGCAATTCGAGGCCCCGGTAACTCAAGTCCTCCACCTCTCACCAGATCCGGACTGAAGGGGGACCGGCTTTCCCCTTGATCTGTCTAGCGTCGCGTCCTCGTCTCTATGATCGAGTATAGTGACGTGTCCTTTCCCGGGCTAGTTTGTCACGGAGCTTCCTATTATTCTCTATATGATCGACGGGGTGGGCTCTGTGTCCCAGAAGCAGGCAATATGTCCCTGATAACAACGGACTATAGGTACGCAGGGCTTGCCGCGATATGATCTCGCAATTTTCGTGGGCCGAATGAATCGCCACTGGTACTATAATGCCACGAATCATGAATGAGACTTTCGTCTGACTGGCAGGGTGAATGTTACG,1340,49.1,Caenorhabditis elegans
SEQ_170122,GTGGCAGGGGCCTGACAGCAGTGACGCCACTTTAAGCGTCTGGTGAGGTATCTAGCGGACCGTAATTCCACTCTCGTTGGTTACACCTCCCCTGCCGGGGCATTCGCATATTCTCGTGTAAGTCGTTTGCCGCGGATGCAGAAGGAGCAAGGTATAACTGGTTAATTCTCAACCTAGCGCCCTTATGAGGGTGAGGGATGGGGCGAGTTTGTCCCATGTCTACTGTAGTATTAATGGGGCGTAAAGGGGCATCCGAGTCTTAGTTGCTCCCTTTTATCGATGCTGAGAAAAGTAGATTGAGTGCTAACATTAGAGTTGCACGTCTCCAAGCAGATCTCGCTTATTGGCTACTGAGACGATTAAAATAAAGGAGATGCGGACGAAAGGCCTATTTCAAGTGGCATTAGGAAACGGCTATTTGACCTAC,427,49.41,Caenorhabditis elegans
SEQ_352963,CACGCTTCGGCGACAGCGGTGCCCGATATGCATGTCATTGCGGACATTTTGAACCGACTAGTGACTGTGGAGGCGTTCGTTGTGCGCGCGTGGTGGACTCTTCGTCAATAAAGCCCAAGAATTATAGCCCTTGCTAGTTACTCGCCCCGACGTAACCATCCCCGGTCCCCCTAGGCCTAGGCAAACCTATAGGAGAAACCCTATTCGTCTAGGCGTCTTATACCACTGGCGGGGAGTCCATTGTTTGTAGTATGGTTAATGTATCGGATCGCCCCCATGACGCCGGCGCTACTAGGGACGAGGGACCTGACCTGGATATAATTGAATCCCTCGTGCTATATATTTATACACATTATAGCCGATCACCCTGACGGAGAAGAATTACCTATCCAATGTCACTGCCATCAATGATCACCCTTAATCTTGCAACGACTAAACGACGGGCGTGGAACTCCTGAACAACCTGAATTGATGACGTGGCACTTCTATACCGCTCTCTTGGCTATTATCGCAGAAACAGCTGTACATATGTAGTTACCGGGGACGTGAGGACGTTCAGGGGACGAGTAAAATATCAAAGAATTGGTCTACCGTGTATCGGAACATGACCGGTCTGGTGCTAGGGTCTTAACGTGGGCATGCGCACTGCTTTTACCACATTTCTTTGGGTTGCGCATCTATATGCTCAGACTTCATGGTGTGTATGCCGTTTTCAGTTGTAGGGGCTCGTTTAAATTCATAGCAATAGCATAGGAGGAGCGATTAAGGAGTTCGCTGCTACAATGGTTGGTACCTCGCACTTCCAGTAAGTGGGATGGGCCCGGTCCCCGATGCTATGCCGCGAATGCGGCCCTACACAGAAGGCGGACTCAGTCAATCTTGAAAGCACGTGTAATCTTCCACGTCGGCGCTCGTGTGGAGGAACTAACCATTGAGGACACCATGCTGTCACTCACACAGATGCCCGGTGGCTTTTAAGGGTCCCATACTTCCGGCTCGTGTACATAGTGCCCACATGCCACACTTCTTATGGAATTGTGCGCCGACAAATTCATTTTCTTAACGGATGGGTTCATTCATACATCATCCCGAATTACGTACTCCAAGTATCAGTTAGAGAGTAGAGGCCCGGGATATCCTGATTGCTCCATCATGACGTGAGACTTGTTCGGTTTATGATATTCTTTCGTCCGAGTTGCGGCCCCCCGGGATCAGAATCGGTGTCGCATCCGGTAGTACCAGTTACACCTGTATGCTC,1258,50.24,Arabidopsis thaliana
SEQ_754782,CCTCTAGAGAGTCCATTCACAGGCGCATTGCATCTATCGATCACTTAGTTAGGTACCTACGGCTATTCCCCGTCGTTCCCATTACTATCTACCATGTTAAGATGATAAAGATGCACACACTGAAACAAAAGAATGGATGTGGTTTCGAAGGGATGCCCGTTTCTTTATAAGAGGATGAGAAAGACTCAGCTTGGAGACTAGCTGCTAACGCCGATACACTAGTCCACCCCTGCGAAGTGTCGGAGCTAATTAGAGAAGTACCGAAAGACCCCACATGGATGCGGCCGACGTGAATATCGTAGTTGGCAGCACTCCAGCTGTTGGCTTGTGCCGTTTGACGGTAACTCGCGTGCGTTCGGGTACAGGAAGAACCTATACCCAGATATTGCCGCCGGCCCAGTAAATTCACAAACGCGTATTCTTCTGATCATAGGGGCCGATCAGAACCCCTTGAAATAGTGCCTAAAAACTCATAGCGGGAAGCGGTGTCTTGTGTGGTGGTGTTACAGATCCGTTTGTCGCGGCTGGATACGCTCTCGCTATATGTGTCCTATCGTATGCAGCATCCCACCGCACGACGCAGAAGTGAGTACGCCGCCTGGAACGCCAGCGCGTTTTGTATCGAGTGAAAATGATTCCACCTCTTCTTTCTGTTCGCTTGCCTTTACAAGCCGATCCTGGATACCGTGAACTCTTTTTGTGCGGTTCATTGTCAGGGAATGGGCTTCGTCGCGGCACGATCTATACTGTGGTTTCTTAAGCCCGGCTACCGCTACACGATTCTTAATACAAGAGTTATTCCGAATGAGCTTGAGGCGGCGCGATTTTGCTGGCCTTGACGGTTGGATTGCCCGGTTGCGCAGGTCCCACATTAGCAAGAGACAGAATGGCAGGTTGAGACTATGCTCGCCTTGATACTGGTATCAGGATCAAACAGGTGCGGATGTAATCGCCACGCGCTCCATTAACCGCTGTGGCTGGTGACTGTAGGGCGTACCATAGAGGGATAGCCGCAAATGTCCAGAGAACATTAAAATTCTTTAACTAGTGCGCGCCGTTGACAGTCGCAGGTAAGCCATGGGCGTCGAGGAGTCGGTCGGCAGGGTGAGTTTCGAAGCGTGGTGCAAATAACACCTGATAAATGGCACGGACATTACTTTCCGCATATGTACAC,1174,50.6,Homo sapiens
SEQ_546442,ACACTTTACCGGGTTGCGCCGCCCCCGCCGCGCGCTTCAGCTTAGAGCAGCATACAAGGAAGTTACAGTTGGGATGAAGTACCGTGAAGGGCCGGCAGTTGCACAACTCTGAACTCGGATGCGTACTTCCGCTCCGGACAAGGAGCATGACAAACAGATGGGGGGGTAGGACCTCATTCTCCCCGCCTGCTGGGAATTAATTCTTTATAACACGCCTCGTGAGTACTCGAAGAAATCTGTGGATTGTCTGAACGTTAATCGCTGGACGGAAAGTCTGGAATGTCCGAACTGTGCATAGTGTGGCAGCGGACAATGGGCACAGCACTTTGATACCCGGGCTAATGCGTTTCTGCCAATGTTCTTAGCAATTAGCACTCGAGTCCTAGACGCCTGGCCAATGGGCAGGATGATGCCCTCCCGTCCAATCGTGGCTTTAGATCGTATACAAGCACAAGAGTTATTAAATCTTCGAAAGTGACAAAGCGTTATGCGCAGATCTAGGCCATCAGTA,511,51.66,Saccharomyces cerevisiae
SEQ_769624,ACCCCTCAGCCGGTGGCTTTGCGTCAGTGTTTCAACAATCCCTACGATTCGCTTAAACCTGTCTGGAGTTACAAGATTCTCAAACGGAAGTACTTGTGTAAAAGCGCGTATCGGGTGGTTACCGGGGCTCTTCCTGAGAACCCCTTGAGCGTGGGTGTAACACGAGGGTATTTCGTGTGTATACTATGGAGGTGGCAGTTGTTTTCTGTCCGCGCAGCAATCAAGGACCCAATTTCGAACGGTGGAGGCGGAGATTAACCATGGCTTATCACTCCCAGGGAGCGACACGGCGTATTTCTACACCAGTAGATGTTACGTATACACACCCTAACCACAGCGGCCTACTGCCACCCACCGAGCCATCGGAGTACAGAGGATCTTTTTAAGGACTAGGAGAAGCCTGGTTTCCACAGTAATACCAAAGTCAAGCTGGGCGCCCCATAACAGTTACAGCCGATAAAGCTATAACTCCGGCATGACTATCTACCCAGCCACCACTATCTCGAGTCTGAGAAGAATCGAGAACAAACGCTAGGATTACCTTTCCCGTGATGAGACACCTTACAGGAAGTCGTGACGGCGCACCGTAGCTGTCAGCGTGGCCCGGGCCAACCGACGGTAAGAACGGCTTCGCTTGATGCGAAGTATAGATCCAGTCATGGCGACCATTATGCACTAGTCTTGGGTGGTATAATCGCGCTAGCGCCGTCCCGCGGCGTAAGATAGGCCAGGAGACTTGCCCACCCTTCACTCGGGCTACGGGAGGATAATAACGTACCTATAAGACCATCATTATATTCAACGAGACAGGGTTGGAATTTGCAGAGGTCGACGGAATCTGTCGCCCACCCATTACATGTCTCATATCTTTCACCGAGAGCGGCGGACCCGGTATAAGCTGGAAGTAGATAGCTCTGAGAGTGAACGATGGACAAACACAGACGGAATGCGGAAGCTGTCCCTATTGGGTGACCAGCGCTTTCCCATAATGATGGACTTGTTGCTTACTGCGAAGCAAGGTTAATTAAATAACTCATTCGGTTCGACCAATTCCATGCTAAGATATGAGGGTATATACCCTAAATGCCCTACCACTAATCTAAAGCTGTAACCGCATCTATTTTGAGCTTGTACACGGGCACTCCCGGTAGCCGGGTTTACTTGGGCGTGCTAAAGAATGCCACCGACGCGCGGTGCATGAGATTGTGCCCACCATAAGGAAAACTGCATTTTACTTCTATATTTCGTGTTTCGACCACCGGTAGGGCATAGTGCCGCGGTTAAACGGGCATCGCGGGCGCCGACCTATATGAGTACCTTCATTCGAACTACCTACAATGCCATAGGAACGATTCGTAGAAGGGTCGAGTCTATTCGATAATTAGGGACCATCTCACCCAGTCTGCTCGGATTAACCCATA,1421,50.53,Arabidopsis thaliana
SEQ_754160,CTAATACACAATGGCCCTCGTGGCAGAGGCCTACAATTTCTCACTACACAGAATCTAGACACCAGGAACTTGAGAGAGTTAATGCGTTGTGATAGAACCTCGGGGTAAAGCTCCACCTCTCGGTGCTCCGAACCGTTAGTTATGGCATAGCATGCATGGCTTGTATCAGGGTTGGTGAAGTGGCCGTGTTGCGCGCGCCGTGTACTAATCCTAATGCTCGCATTGGCCACACCATACTCTACTTGGGAGGGCTGGTGCGCCAGCGAAACAGTCGGTCCTAGGCCATCATTTGCTATACTGGGTCAGACGACAGCTACGCGCGAGCCTAAGGATTTATCACTGCTCGC,347,52.74,Homo sapiens
SEQ_233068,TCGACCGGCGAAGGCCGGCCTCGTTGGAAGCCTCTTACTTGAAGCGGCCTTGCCCTGGGTCTCTCTGTACGACTTCCTTGATGATTTCAAGACCATGCAGCATTACGGCAATATGGCTGGGTCGTAATCATGACCTCGAGTCCGTTGGGCCACGCAAGGCCAAGAGGGACCTTCTCGCGAGGA,183,57.38,Drosophila melanogaster
SEQ_985018,AGCCGGCACGGGTACGTGTAGTATACGAACTCAGGAACATGGACATTCCAGAGCTATGACGGCCTCATCGGGTTAGGCGGTTAAGAAACAGAGTACCTCTGTACCGTCCTGACATTGTGGACTGCCGCAAGTTGCTACTGCATGTGGAGACCCGACGCGTTAGTAAGTATCCCTATGGGACACGCGGCTCAAGGAACTTGTCGAATTGTCCCCGTGACAGCTTTCTAAGAGAGTGTTCTCACTGGTATACGGCTACTCAGATCCAAACCGCGAGTCTACACCAATCGACACTTGCCCTGCACCAAGGAGATGCTCCTACTAGACTGTTTGATTGGAGCAAGCCGCATTGTTACAAACTATGGGCATGACTGGCACACGAGTTCCGACTATCCCGGAACCAAGTCTGCGGGGGTACCGTTCGTCCGGTCGGGGCGTGTTGACGCATCGTTGTCCATCAGACCCCTCGCGCAAAAAGCTATACCACAGCCACGAATAACGGGCGAATCGATGCTCCGTTTCCGGGGGCTTCATTATAATATCCCGCTAACGCAATGTTTGCTGTATAGTGTGCCTTTAGATACCCGGCTACATGCTCCTAAACGTGTACCTTTAGCGTTAGAAAGGCGGGTACTAGCTCGAGTGGGTAATGGTTATCTTTGCAGCAGGAGGAAAATTCCTAGCCGGCCGAAAGACAGTTTCCCGTCTGTGCGGAGTTGTAAGCACGGAGCGGGTGCTTTAACGTTGTGAGTATCATGCCCACAAGTGCCTCGTTCGCTAAAGTATCTTATTCCTAGGCTCCCCCCGCCCGCTTCAGCCTCGTGTTCTCAGAACAGCTCGCCCTTACTTGAGGGCAGGCCAGGTCGAACCGTGCTACTGGAACTACACCAGTCTCCTCATACTATGCTTGGGCGATAATGCCGCAATCACCGTAACATGCCCTTTTCGGGCATTCCTCAATGTCACGCCAGGCGTTTCTAGGGAACGCTTTGTTATTGGGTTAACTACTTAGCAAACAATTCAGAGTCTTTCGTACATTCGAGTTCATCTCCCAGGATGGCGTGCTCAGCTCCTGGATTTGAACTACGCGCCGACTACATCGCGGACAATATTTAATCATCTGCTGTTTTTTCGTGAAGAGCTCCGCGGCGCGGTAAAATACTGCCGGATTGATCGTAAAG,1178,51.78,Saccharomyces cerevisiae
SEQ_279442,TTCCAAATACGTGTTAAGCTCTCTTGGTCGCCTCTAGCACGACGGGCCACGCAACATTATAGTGGACCGCTCGAAACACGACGATCACAACCATGATTCGAAGGCGCAACTTTCTCAGGGGCACCACTCAATTCCTAGCCGGGGGGGCCTTTCTGGAACTAAAAAAAGTGAACTGGAACTCCAATTGGACAAATACCAGCAATGTACCTTGCCTATGAAAGGATACTCAATATGAGCAGGTACGGGAGGCCGGTCGAGATGAAATTAGATCATCTGTCCCCGTATATTAAATAGGGGTTGGCCGTTTACAGGCAATCGCCCGGTGGTTGACGTTCAGATTAAAATTGTGGACTTTTATACCCACGCACCGGGGTAAACTTCCTCAGTATCCCAGTTACAGCATTGGATTTAGTCACGAAGCAATTTCATAGTCCGAGCCTGCACCCGACTGGTAAGTAGTGTACGTGTGCGTGCGTTGTCCAGCTTGACCTTGGCAGTCATGTTGACTCGCGTGATCGGATCACCCTGGTACAGACATGTTCAACGGGCTGGTCTGAAACTGAGGCAGGCGACATCACCGCACCGAAGAATATGAGCCGTGCGATTACAGTTACTTATTCTACCCTAACTAGACGTGGTCGAGCATCCGAACCCCACTGAACTATCGAATATCTCAATGAGCGATGTACTTATCAAAACTGCGCGGCGTAACATACCCATGTTGGCGCGTAGCCTTTGCGCAAACGCCCGAGCAGATCCCAATCTTTTCAGAGGCGTGACCTTTAATTTGTGTGCGTCGCGCGCTGTAGCGAGATCTCCTCTTTAGGCTCAAATACAGTTACTGGTTTGACCAAATTATAATGGAGGTCTGCACTTAGCCAGGACACAGTATGAGCTCCCCTCCCTGTTAGCCTCGGTCCATTGCCAGGGCCTCCGCCATTACCGTCGCAGCTGTTGTGGATTTGGTATCCAGTGGTCGATTAACCGATACGAGATTTAATGAGATTCTCTATATTAAAGTAATCCGCTTAATCTATTTACTAGGCTTAGTATCGAGAATGGAGGAGGCATGCTCGAGGTTTCAAAGCCCGGGGTTTCGTTCACACAATGGGCAATATGGCACTTCCATTCCGAGGGAATGATCTTCACCTGTTTAATGGGGCACGAAATCGAGGAATGTATAGATTTCACTGATATTCTGCAACGTCACACGGCGCCTAGGATTTGTTCATGAGACAGGCGCGCTTTTATTGTATTAGTGCCAGTCGCGAGACGAGAGTATCATGTGGATCTGCCATGCAAATCGCACAAAGCCATTCGGAGAAAGCTCTAGAGGAACGGGAGGGTAGACAATACACCACGATATCAGTAGCAAAGGTTTCAATCTCCGGGTCGCGTTTGACAGTAGATCTCATTCGTTAACAACCAGACAAAGAAGCT,1440,48.47,Escherichia coli
SEQ_730429,CTTCTCGGCTATCTCTGGCACTTCAGACTCCATGCCTTAGGAGGTTGTGAAATTAGCATCAGGAAAGCAGAAGGTCGTCCCGCACCTTTGTTTGTGAGAGACGGGGCCGATTTATTGAGTGATGTTCAGTTAACTATCGGGCGCCGCGTCTTCCGGCGTATCATACTCTTCCGTCCGTCGCCAAGATTGGCCAGAAACAGCGTCATCAGCGGACCCTAATTATTCTTTATCCTTTGTTTTCATCACATAGTAGCCAACTCCGAGCGAACAGCGGCCCATCATGCAATATATCGGCTAAAGCGATTCCATGTTCTCAGCGTACCGTCATAGAGAGTCCAGTTTCCTTCTCATCCTTTAGCAGTGTGGGTTGATCCATTAGGGGTCTCCCAATGTTCATTCTAGTTTCTTAAGCGCTACAAGTTAAGCAAGTTAGCCATAAAGCCCAGCTACTTCTAGAGGGCGATCATCCCAGGCCCCTCTCCGAACCAGACCCCACTCCGCCGTCGACATAAAGTCATGCTAACCGACTTTTGCTGCATGACCCCGCGTTTCGTTAGGGACCACGGGATACCGTGAACAGCGTGCCGTCAGGCGACAATGTTCCGGGGGCAAGTCCCGCAGTGAGTCCCTTCGGAGGAGTTTGTAAGATGTTAATCCTCCCCCAAATTGGTCAGAATATTCACTAATATCAGGATGACGCATACCACTAAACCTATGTGGTGGTAGTGCAGTTGTTGGGCGAATTTGGAGTAGGAGAATTGTTTTAAACATGAAAGGTCCGTTACCCCCGCTAGTGGAGTCCTGCTACTGACGGTTTAGCAAATCGCTATGCCACTTATCAGGGAGTGGTGATCATGTGCACTCTGCGAGAATCCTCTAGAGGCATAGGACGTTGGAGTTCTTGTAGATTTTGGGGTTATTATTAGATCGGGAGCCTTTCCCAGGTGAAAGCCGTGCTCAAGGAATAATTCGTGGCCTTCGGACAACGGAGGCAGATTCGGTTAATCGATAGAGGCGGACTTTTTCGTGTACGGGCGCAATGCAATGCGCGTGTGGGGACCTGATCATGCAAAACACTTTTGCAAGCGATTTGGACGAGTTAGGACCTGGGTGAACCTGATCCCGCACAAACCAGGTAACCACCAGTTGACCTTTTCCAACTCATTTGCTACCCGGATTCTAGTAGGTTAACAATATTCTCTTTATGTCGTACAGATATTTTTTCGTCATTTTTCTCGCGCACGAATCGTTGTTAGTGGAAAGCAAGCAATGTACGTGTACGTTACCACTCAGTGCGCTCTGATTGAACTCCGTCTCAACCAGTTTGCTCGGGAGTCTTATCGTCTATTTTCGCACTGAGCTTCCATTGACGCTAGCTCTAGCGGTTCTGATCCTAGATCGGCAGGTCAGTGGCATTACGACAACCAATTTAGAAGCGTGAGACATTTGAAGGAAGGTTTAGCCGCCAATCGGGTGTCACTTCTTATGACCGCTGCGGACAACGTCAGCGCGTGCCAAGTAAGAAGTAAGCTTAACTTCCAGTCTCTACTCGTTGGGATTTACACTGGTAGAGCCCGGATCGTACCCCTATCCCCGTAAAGTGAATATGCACGGGGCGTCTGAAAGTATTTAGGGCGGGCAATGACAGACCTAGGGTGGCACCAAACCCTCATTCCCGGAACAAGGACTAATTCCGTCGCACCGACTC,1708,49.47,Arabidopsis thaliana
SEQ_539491,CATGACATGCGAAACTACAGCGGCCTCATAAATGTAGTAGAACTGCAGCTGCCATCCAGGAACTACCTTTTGAACGCGCTCGCTGAGCACGCTCTCTCTCGTGGCATGGTTTACGCCTCACCCTGTTGCTGCGTATCGTTATCGACGATCCCAGGCTTGCAAGTGTTGGCGAGTACTCGTTCTCGCCCAGGAAGCGGGGTCTAAATCGGGAGCGAGAGGGCTCCACCTCCGTCACTTAATCGGGCCCAGCTGTCAGTCGCACATAATTAAAGCCTTTAGCACATCGGGTTTGCTTACGATTTCGCATAAGGCAAAAGCCCTCGGCCGGTCCATTTGAAGGAAAGTGCTATGTCTTGCCAAGTTTTCGGGACAGGCGATTTTGGATAGCATCGGTACAAATAACCCCCTAGGGTAACTTGTTTCTGATTAAGAGAACCACGGTTCGGCGAAGGCGCACGCAGTTGCAATATAGTCGAGCTCATGCGGGACTGACTTGCTACGGCGGGCGCGGATTCGACTCGCTGGCCTCCCTGGTATTAAAGGCACTAATCACCGCGAACTAATTATAGTCCCCTACTGGGGCTATTGCATCTTTGGGGGGCCAACATCCTTGGTCCAGAGTATGAGTCACCATTGGATAAACGCGTCGTTCCGCGCCCAACGTCTTATCCCGGTGTGCAGACCGTCTATGAATACAAGTTCAGCACTCGCTCTAGCACTCCCGCAAGTTAAGTTTCACGCCTTGCCAAGGGGCACGAAGTGTAGCTTAGTTTTCGAGGAAAATCCTTCGCGTATGGTTCCGGTTGTTCCCAACACTTAAGCAGAACGGGGGTGTATCCTGGGAAGTATGGCGCTTAAAACTGATAG,867,52.36,Mus musculus
SEQ_409906,GCGTACTATAGCCGGCTACGACTCCTTGCCCGGAGATGTAGAATTTGTGCGACAGAAGCGCTATCATAGTATAAGCTGCAGACTCCCGTAACGAGCGTTGCTTCACTTCGGAAACGGGGTAGTGTTGGTTAATATTGAGAAACTTTCTCGTCCTTTAGGTATGGAATGTCGGCCTTGATCTAGAAGTTGCGCTTTCCTCCAGGAATTTTTTGACACATAACCATGGGTTCACAGAGGAGGCTAGGCGCCAAACCCTTCCGGACAGAGGTGGTCCTTTGGAATCTCAGCGGGTATAAATTCATAGGGCTGGCGAGCGGGCTTACCCGTGCCGAGGGGCCCTCTGTCCCTCCCTTGATTCGTGTGACGGATAATCAGAGCCTGTTGGTGTGCCGATCATTCGAGTCTTGAAGTAGGGTGACCGAAAAAACATGGGAATCTCAACAAGACAAACCGCTGCCACGGAATTTAAACCTCCCCGGCATCATTCTCTGCATGTTTGACGTAAGGGCTCACCGCACGACTATCATGGTCACCGCTCGGGTATACCACCACCCCTGCCTGCATAGGGTCGGATAATCCCAGACGGGCTCAGCCCCGTGACCACTTGCTTCAGTATAACCGAATACGCCATACTGCCGCTTTACATTATGTCCCCTGCAAACACCTACGGATGGAATATCGTCGCTACGTGACAGACGTCCCGAGGTTTTGCACTTTGGCCCCAATTCATTCAGGCTCCCTATGACTCCATTGGGGCGTCACGATCTAGTTCAGTGGTCCGACTACGTGTTCGATAAACAAACTCACACAGATGAAGAATCACCTGTACATATCCATGTCTTAAGTGATGTATAGCGATGGATCCCCCAGTTTTTCATGAGCTGCCGACTTCATTATGCATCAACCCATCTCATTTCGTACCGCAAGATACGAGTACGGAGGTCGGATGAGTGCCGGGCAACGCACAGCTTCGGCAGGGGCCAAACCTCCGTGGGACCGACGGTGTTCCTGCAATCAATAGCTTAGATCGAGGTGTTGTGTATAGTACCGCGATCGGCATAGGTATAGGGCGCGAAGGCAATGAACTCGGCCCAGGCAGTCGGGGGGCGCGATGATTCACCTAGGTCCTGGGGAAGCCCAACGTTGCCATCCCTTTTACAGATGGGGATTGCGAATACAGCTCATTGGATCATCGAACGGGAGGCGGGGCATCATGGGGGGTTCGCACGTGATTGGAAACGGTTAACGGACATGGAGGAGAAAATCCGTGGGCGCACAGGTGTTGACAGAAGGGCTTGTCCGGCTTTCTTAGCAGTTGAACCTGCGACCATTGGACGTTGGTAACAGGCTTCCTCTCAATCGGGCCGACCATATTAAGGATAGATACCAGGGACGGGTTCACGCTTGAATTGTGGTGCGTCATTCGGGATACGTAGCCACGTCCCTACTATTTTGGCAATTAGCCGGTAGCTAATCACCTCGACGTTGAGAGGTGCTGCTGCGAATGGACGCGGATCAGCCTTG,1524,52.62,Drosophila melanogaster
SEQ_303179,CTACGCACTAGGGCGCTTCGCCGCTGCGATAACGGTGGCAATATCGCTTCCCCGCTTGAGGGACATACATATCGCCCGCGGCATGGCTCTCGAGTAGGTATTCTCACCTAAAAATGGTTTAAATCGCATGGGATCAAAGAATTATCTAATTTCACCCAACTAATAGAGACGTCAGTCTTTTGCAATAACCCACTACAAATGGACAAAATGCGCCAGCGTGCATCATGGCCTTTTGATGACCCTTTTGGTAACTGCCGTTCTCACGTAAGTGTTGATGTAACGTGCCCTTTACGTAGTTCACATCGGACGAAGAGTAAACGGATGAATTGGATAAGTCCCACACAGACGCCGCGTTACCCGATATGTCGGTCCCAGAAACAATGCGCCCTAGTATCAAATGGATCAACGGTCGTTCTGGGTAGGATGCAGAGAACATTCAGTTTATACCAGTAAGTTCTCTGTGGTTTTTAGGCTAAAGATCTCGTAGCACTAGCATATTTCCGATGATTCACCGTTTAGATACGGTTATTCCGCGCTGGGAGCGAATCCCCACGGCGAGGGTCTCCAGGACGTGTATTGGCAACGAGAAGACGGAGAGACTATACACCCCGTGCAGGTGTTAGAAGGTCCTCGTTATCTCGGCGAATATGGTCTGCAGTGATGACCCCCTATCGCGGCCAGGAGGGTCATACACTTTCTGTTACCGAAGCCGGGGCGCGCCAATTTCTGGCTGATTCTTTGATCTTGACGGCTATATTATTCGCGACTCCCCGAAATGGTCATATGGCCATGCTCTCCTAGGATACTAGCCCTAGAACGATAGAAAGGAGATCCCGATAGAGCGCGCCTTCTGATGTATTTGACTACGTCACCCTATAGTGAGGTTGTCACTGCGTACGGTCACCCAGGTTGGGTGTCCCAACCAGGTTCAGCGGCGCCATGTATCAACATGCTATATTCCCGATCATGCGACCGCGAATAACTGGATATTGCATCTTGATTGAATTACGTTATAGACAAGGTATAATTTAAGGCCCACCCCTCGTTTTCGGCTGGATATACCCCAGCAAACGTCATCTGGTTATTTATTAGGGCGCCTAAGGAGCTCTCGCGCCGCTTATGACCTAGAAATCCTTAGCTGTCTCGTAGATGCACTAAGGATACAGCGGGGAGAAAGTTGCCCTGTATCCAGTAACGACCTCTACTATCGATATGAGGATGTTTTTCTTAATGTGCAAATATTTCTGTCCCAGACGGTCCTAACTTCACTCGAACCCCCCTGCGCTCATTTCTGACTTCGGGTCCGGAGCCTGCCTTTGGACTTCCAAACTGTGTAAACAATCCCGGCATCAAGACTTCGTTTTGGAAGGTATGGCCGCGTGCCCCGCTTTTACGACGTGAAGGACATTTAGGTTACGTTTGCTGAAAGCTGTCTACCCCTAGCACAGTGTCTCAGGAGACGGCTTATTACGGGAGTAGGCTAAGAGATGTGGCGC,1496,49.33,Escherichia coli
SEQ_719354,AAGCGGTAAGACCTGGATGGTTGGAACACATTAGTGTGCTATGGTGCGAATATGTTTGTTGTGAAAACCGGTTACGAGGCTTCCCAAAAAAGTAAGCATTTATTTTGTAGATGCAGTGATATGTCGCTTTGCTGGACATGCCGTTTCGTACTGACAGCTTTCCGATTCAGATTTGAATCGGCCACCGACCGGGAGTGACCGCGCTATTAGTAACGGAGAGTCGAGGCGCGTCGGGGTCTGTAACGAGACTTATAGTTTGATCTCATATCTCAACAAAGACCCGAATGTTACTACTCCTGGCCCAAAAGATGAAATTACAGTTTACGCATGGTGGCTTATAGTGTGCATTCCGCAGTACATCCGAACTTAACTGCAGCTCAGAATATGAGAAATTAAGATAGATAGAAAGGCACTATGACGTCCAACCCTGCTTCATGATAGTGACTACCTAGCACCTAAAGCACTCATTATCAGCCTACAGTTAACCTGACCATGACGGTCCGTATGCTTTTCGACCAAGCAAATAAAGAATGTTTCACGTTTAAATGCCCAGTTACGCGATTGCACGGTCGCTAAAGGGGTTGAGTGCGACGCGGATCCGATCCCTGCTTTTAGGCAAGCGCAGCTCCAAGGGCTGGCTGATCCGCCCCAACTCGGGGGTGATAAGGCCAAGTGGCCTGTCCAAGGGATTTACGCCCTCACGTTCCTGGGCTAGCACAGGTTGATTGCCCAGTTGGGGGGGGCGAGCATTCCCTTCCTCATTTGACAATTCCCTGGGTCCATCAAGTCACACGCGACACTTCAGCTAATCACAGAGAGCCTATCATCATTAGTGGTCTATCTTTTAGGGGATAGCTTGGTGCGAAAATTTGCATAATCCCCTTATCTGTAACAAACAGCCCGCGCCCCGGAATCGCCGCACTTGGCGCCCTTCCTGGAAGAAATTCGTAGCCGAAGAATGCACGAACTAAATTCGCCCGTTTAAACGCTGTCAAGTTGTTGCATGTATGTCGTGATGTACTTACCAATGTCCACCCACAGTCCGACTGCCGCGGTAACGCCGTTCCGAGCCCGTGTGATTACTCTTGAGCGGTTGCGCCGTCCATTAACGCTTGCCCGATAGACTTATAGATTGATATGCCCCATCACGCGCGCTTTCTACACAATCACCAGCAAATAAGGCAGCACCTTCGATAGAAGTCTCGGTTCAGGCTCAAAGTGAATCAGAACCCTCACGGCTCTTATTGTAACGGTAGGACTCTGTAACAGTACGCGAAGGGG,1281,49.34,Mus musculus
SEQ_928522,ATGAAAACTCCTGACATGTGCTCAGATTAACGAAGCTGTAGCTAAGCTGATGGTGTGAATGTCGGCAGGACCAAGCGTGACCAATGGGCGAAGAGTTCGGTAGGGGCTTAGCTTGGGGAAATTAATATGACGTTGGTTACCCGAATATTGTGATGAACGTCCGATTTT,168,46.43,Caenorhabditis elegans
SEQ_501183,ACAAATTAGGCTGTGCCAAGGGCTCAGAGAAAACTGAACGCTGGCGGCAATAACAACGCACTAGGAAGCTTACTGGAAGATTACGGACTTGTTCCAGTCCTCCCTAACTACAAGCAGACTTGAGGCGACTGCCAGGTCCGGACTAAATCTCAGGCACACTACTCTTGTTCGGCGGAGGCTGGG,183,52.46,Arabidopsis thaliana
SEQ_379803,GGTCCTGGCACGGGTGACGTACTCATAACAGCAGAAAATTACAGCCCTATCTGAAGGATTCACCACGAACAGACTCGCAAGGCAACAGGCACGGACACTACACCTCATCAGGTCTTACGACCCGTTTAACGGGTCCTATCCTGTACTACATTATTCGAAGTTCAGTTACTGACTCATGACAGCTTCGTGGCAGCCCCGGTTTCACTACTTCAAGTGACTTCTCCGACGATTTCGGGGATTTTGGCCCCTAACGAGCCTCCACTGATGGATGAATAC,276,50.36,Mus musculus
SEQ_826375,TGTTCTTCATCTTGGGCTACGTTCTCTAACGACAAATGGCCTGAGGTTGATATGGACTCGCGGAGCTTGCGGAACTCTAGGAGACCCACCCGAGATTAAGTTTTGCCCAAATTGACGGGATCTGTGTATTATTCCAGTAAACCACCGTGGTCAGAAGGCCTTACGGACTGGGTAACTTATAAGCTCAACGAGGTTGGTAGCGCCGGCCCCCTATCTCTTTCAGGGCCTGCGACGACAGGTCTCTGATTTCTGTCCGGATGAAAGCCTGATGAGCGCACCGGCTTCAGTGGATGTGAGGCAGCATCGGCCTGACTAGCCCCAGCAGCTTGCACGCGCCGAAGATTTTAATGTCGAGGAGCTGAGTGATGATACTAAGTGGCTCGTCACGGACGGGCACGGGTATGAGTGCGTGTACTGTAGTACAGTTTCGATTCTGGTCCTGGGTAGTTCCGCATATATAGTTGCTCAAACCTTTGCGTTACTTCGGGGAGAGTCGGCTAGTCTCGCGCTAATAAGCTGGAAAAAACCGGTCATTGTGCGTTAATCTTCGATCGCGCGGTGACTCCTTCCTGAAAACTCATTAGGATTGTAGAGGCACCAACACATTCTAAGGCCGACGTCGGCGAGTTCCCATTCTCAATGCTACTAATTACAATGCGAAGCCGATCGATTTTTAGTTGTGAGAGGCTCACTCGTTATAAGAACAGTG,709,50.78,Homo sapiens
SEQ_971099,TTCTAGTCCATGCTGTTGGCAAGTCGTGCGAAAAGCGATCTGGCCAAGCAAGGCTCCTCTTTATGGTAATCGCTCCGGGATAAGTATGTTTGGAAGAACGAAACGTAAGACATTCAAACTCTTGAAGCCCCGTCCGTTTTTGCAGGTGATCACCCAAATTACTAGATTTTCAGGAGCCAGGCTTAACTAAGTATCCAGTAAGGTTGCTCGAGCTATTTCACTTAGGAAAGCATCCAAAAGGCTTCCGTGATTACGAGCTACCCCTCCCCTCGCATGTGGCCCTGCTTAAGGAGCGAACTCGTTCAGTCCGCTTCAGTTTTCGGTTTCTCGAAATTGCAGACCCGTCGTTATATACTGCTTATGTGAAAAAGCTACCTTCATATTCATATCTCAAGTTTAGGTAGTGCTTCTGTTTAGGGCCGGCAGAAGTCTTCACCCATGTCTAGCGCCCCAATGACATTAGCTAGTTCCAGCGCCCAACAGTGAGTACGAGGCCACAAATACTATCGACCTAGACGCTTTGGTAATGATTATTCTATGCGCTCGCCCGCGTGGAGCATGAAAATATATTACATGATTCGGCACTATCGAGTATAGCTCCTATCACGCGTTGTTATGGTTTCAGTGCTCGTACCCAAGACGTCTAATCCACCACCGTTTTCTGCGACTAGATCGCTGTGCCTTCACTTTGCTTACACGCCAGCTCCAAGGTGTGGCGGAACACTGCACGGGATCTGGTCAGGGTAAATCCCATTCATTTCGCAGTTTCCGGATTGGCTGTCACACCAATGAGGCAGTTCGACGATACTCGGGCGACTTAGTCCGTATAGGTAGTGGGGCTGAGATTGACTGAATTGACGGGCCTACCTGCGCAATTTTTGGTATGTTAAAGCCATTCGGTGAGACACAACGACGCAGTAAGCTAAAACTGTTGTACTT,939,47.92,Saccharomyces cerevisiae
SEQ_542523,AGCAGAGCACCCATTAACCTTGGATGCTCGGAACTTCGGTACGGAGCCCTGTATCCTAACTTGCCAGCTGTATACCATAGGCACAGTTGACACCCCCGGCCCGGTTCGCAATTACTTGCTGCTCCCAATGTACTACTCGTTGGAACTACATGCCACCTCATCGACGAGTGTTCAGGGAGGAGACGTTATTGATTCCAGGTTCCCCCCCCTAAGATGCGTCACGGGCGGGTTCTGTATGAACTACTGGCCACGTGTTACCCGCACTACTATAGCTTGGATGCCATTTACACAGAGTCAAGGCGCAGAAGTCTGATAGATTGTAAACCATTCTTAGCTTCTTCCCCCCGCGGCCGTGAGGCACTGCGCAATGGCCAGGAATCTATCTATAATATTGCTGACGCATGTAGACGTACAGTCAACATATCTGCTGTGTGAAAAGATGTGATCGTTGGTGCTTCGACCATCACCAGGTGTAAGGTCACCCTACTCTAGGGCATCTCCACCTGTACCGGAGAACCACGAGCATGCTTAATGGAATGGCGTATCGTGAGGGTCAGCACCTACCTCGGGACTCACCCTACCCAGCACCCTCGCGAAATTCCAGTACGCTTGGTTTGCCGGCGCCGCGTCTCCACGCCGAATATAGTTATGAGATTTGCCACTTGCACTTTCACCAAGTAGTCACAATATAACGACACTCGTGTCTGCGGTCTGCCGAGCTCATCCAAACTGACGTCGCAAGCAGCTCGTTCGTCGTTCGCCTACTCAAGCTACTTTGATAGGAGGGTCATGGTGAAGTATTGTCCCTGGGGCTACTTTGTTCACTCCGAGTTTAGATCCACCAGGTACCTAATGATGGAGGATAAGCAACGACGATGGACTTGATTATAGTACAGAAGCTAGCACAACCCTGACACGGCAGTGCTCAGCCCTAGATCATCTCTGTAGCGCTTGGGCCATCGCTAGTTTGTGCACCCACAATAGAAAGGCGTAATCACGCCGGTGTATCGTTAGCCTTCAAGACGTCTGCAACATCCCGTAGCGCGTCTCTATGATCGTGACAAGTTCCGCTCACCAGATTTTAGACAACGTCCTATTTTAAGCCAGAATATACGTTTGCCGGCGAGAACGTGGGCTGCGCCACCGCGGGAACGGAGCGAGCTGGATTGCATCGGGCGTCTTGGGATTTTAATTTCGTTCCTTGCCGGTGAGGTGGACGTCAGCCAAACCCGCTAACTGAGGCGTCGAATAAGACGGGCCGTGGCAAGACGGACGCCGTAACGTTTGTGTTAGGAGAGCTGCCCCAAGCCCTCAATGGATGTTGGCGCGGAACACATGGCTCTATCCTCGTGCGAACTTTTTCGCCTCGCCTATACAATGCATACGTAGAATGGCCACTGCAGGTGCTACTGGATTCACGCTCTCATCACTGCAAATACCAGACCCGCTGTGATGAGACATACACCGGGGGTATTCGATACTTGGAATGGACATGCGATACCTATAATAGGCTGTCCGCTGGGGGATTGGTCTATCGTGTGTAAAACTACGGGAATCATGTAACATACAATCACCCTACGTCCTAGGGTCTATTCATCATAGCTTACAACGCCATCCGCGAAGCTACAAGTATGTTGTCGTTGCGAAACTGTCTCTCTCGGATCGCTTCTCTAGAGACCCAAAGACAATCTCCAGGTGTGCGTTGAGGACACTTAAGGAGAGGTATTGGGGAGGGGCGATGCCGCCAGCTGACGAATTGCCACAGCGATCTGCAATGGTCGTAGTATTAAGTCAATGGCGGTCCACTTGAGGACGCGACTAAGCCATAGAGTGATGTAAACCCTATCGGGGTAACTAGTTAATT,1864,51.72,Mus musculus
SEQ_910072,TACCTAGGGGAGGGCCTATAATAAGTGCTCACTCTATTGTGAGAACCCAGCCAGACACCCGGGCACCTATGAAAAGTACTCGGGTTAGGACAGGAGTGATCATTCCCGCTGATGTAAACTATCTTCATAAATATTCCTTAAAGCGGAGGCATGGCGCAAGCGACACCCGCGAAAAATTGGGGTGCCCTGGGCGACGGCGAGCACGGTAACACTTATCATTTCAGCCCCCTATGAATTCTAGAGTCACCGACCGTGCGTACAAAGAGATAGTACTTCCCTGGTGTCCCACTTCCGTTCCTGCACGAATTGGATAGCAAGTATATCTTAAACAACGATCCTACAGCAATGCTTGGGTGACAGCATCAGATTCTTGAAGCCTGCTCTCCTAGGGGTGTTTCCCGTACCTATTGCAGTGGTAGGACGTGCTACATGATGCCGTGCTCACCGGTACCACACGGGGTGATTTTACGAACCAAAACCTAGCCTCTGACCCCGCCCGAGAAAAGCCCGGAGAGACTAAAAGCGACGGCAAACCTGACTATCGTTATGGTGCTCTAACCCCCTCCGAGAGACCCGTACCACAGCCCCAGAAGAATTGGGAATACGGTAATTTTCGTCTGGGAGAGTTCATGTAGCCAGTTTTGGAAGAGAACGCATCCTCTAATGCCGGTTACCTGGTTCGAAGCGATTGCCAAGCTCATGGGTAAGACTAAAAGTGTGGCTCTAAAGGTTGCGATCGCGAAGGCAGTATATCCACTCTTAATCTCGGACCGCCGTTGAGGGTGGAGCCTGATGCTGATCGACCGATACATATTACTTTAATGATGGTGAATGCTCTTTAACTGTTGAGGCAGGGTGGGTTTCCGTACCGCTTAATTGGCACCGCGGGTACCATGTCTATTTAAGGACGCTCTTAACCCCCTAGAATAGAATATTTCCTCAGACCTATTTTGAGCAATCTTATTAAGTCCAACAGCTTGTATCTTCGGATATTTCCATGGCATGCCGTGTGGAGCGAGATCATTACGCTTATGCGGGCGACTCCGAATATGCATGAGAAGCCGGTCACATCTCGATGCGTGGGCACCATCAGGGCTCTGGTAAAAGAAGACGGTCCAAATATACCGTGTGTGCGTTGGAATGTGAGGCTCCCGAGCCCGAGCGGGTGTTCGGGATTCTTGGGACTTAAATTAGTGCAGCCTGTACCAGGAGCCCCCTAGTTTATACGGCGAAAATTCGCTCTTTTGGACGAACGTAAGTAGGGTCCATAAAAAGGCCCAGGCTCGAATCACGGGATTAAAGCGGATACACACAGTAACATCGACCAGGGATTATAAGTGTACCAGTTTACCGAGCTTACCGGATCATACTTCTCGATTCCCTGTGCAGAAAGGCACGGGTACTGTGGGGCTATCTACAAAACTAATCAAACCTTTCAGCATTCAGTTTTACGGCAATCATTAATACAACTAGGTCTCAGCTTTCCACATGACAAGCTCGCATATGCGTATAGTTTGTTTCGTCCAGCCGTATAATGGGACCCGCTATAAGACATACACAGAGCTGCCTGCCCGCCGCGAGAGCGCCAAATCGGATCGCGAATGGTGTAATGATATCCGTCCGAGCCATCGAGCTCGGAGAATCTTGTTTGACCGGGTGGTACTAAAGAACGTGATTTCCGGTTACCGAACATTGGCATGCCACTTTAAGACCTGGTCTATGATACTAAATCCAGCACCTAGACTTTCGCTAGGGGCGCGCCCTGCGGACCCTCTTACTCGGGGTGCCCCATCCATC,1797,50.03,Arabidopsis thaliana
SEQ_494315,AAAAGGTTGTCTAATCTGGAGACTGGCTTTAGGGAAGGGAACTCACGTATATTAGTCTTTGGTCACACGTTCGGTCCTCGACTACCGCCAATAACGCATCCCCACGAAACATGCACAATCAAGTCACTCGCATTGCGAATCTCAACACCTGGGGACTCTCATATATGAGCTGGCGAGAATGTATGTCTAGATGTACACAAGGGGCCAATTGTCTGCGAGGCTCTCTATAGCAGCTATGAAAAAAGATCGCGCGTATCGGCGTTGATTCCGCGTTCGTCGTTACATTGGGCACTTGACTCTGCACGCCCGTTAGGGCACAGACTCCATAGCGTTTGAACGATGCGGCCTAAGGTACGCGTCCTTTCGGAACGGCTTAAAACTGCGATTGCAGTAATCGGGGGCGTAGTCTGCGCATTGGAATGCACCTTACGGGGTAGACGGGACAGTGGTCACGCACGGAGTAAAGGAGTTATGTGTAGATACAATGCTGTAACCCGCCAGTCGCTCAGCCAGAGGTAACGCGCTTGCTTGCTTGCACGAGTCATAACAGGACGCTACATCTCCGTGTGATTATCTGCTACCTGATTGAGACGTCTTTCTCTCCCCTGTTCGAATAAACGCCGGGAACAAGCGAGTTGGTGGAGTCATGCCGCATTCTTGGGCGATCGCGCTCTCCGTAGCGTCTTGATATGGGAAGTAATACGTCATAAGTTCGTAGTGGGGCGGACCTTCATCGCCATAATGAGGGTATGGAAGCCCGCGGTATGTAGTTAGTCAAAAAGGTACGGCTTATTAACGTCTGGGCCACATGGGTCCCATTTTCATCATGGGAGGGAAAGCGAGTCGCGATATCGGATCAAGCCCAGTTGGAACACGGCGGTGCCACTTGCGAATCACTGTCCTTAACTAACCTAATTACTCACAATCTCCCACGGGGATTCGCGAGGTCCCCTGCCAATCGTTTAACCATTTTTGGCCTAGAAAACCCAAGTTGGCTAGCTATCGCCCGGAAGCGACTATATGAGGGACCAGACCAGTCCACACGTTACATCCTCGTGATAACGGTATTCTTCGGTGATGACTCCCCCTGATAAACACCCAACAAACTACAGGAGCTAAGTCCTTACATATTCTTTAATTACATATCGTAGAATTTATGCACGTGCATATATGTTAAACGACATGAGAGATGTCCCTTACGACGACCTTTAGGTCTACCGCAGCAATAAGGGAAAACTTTCGACAAGTGGCGCAGAGCGCGCGGAAACCGAGATGAGCGGAGCCTGACCAGTTCTGCCTTCACTTAAACGCACCAAACCCACGGACTGACCGACGGTCAAGCCGAACATTGGCGCGGTATGATGCCGCAGCTTAGGTGTTGTACGATATGGGTGTACAAGGATTTTTCACGTTGAGTGAATTCAGTATGGTACGGACGAGCGCTTATACGTAAACCGAGGACCAGGTAGAAACCCGTCCCGTGGAAGCGTATTTACTTCTACAGTTATCTTAAGCCTCGATGACGTGAATTCACAAGAGCGAGCGAGCAAAACGCCGATCGGAGATACAAAGCCGCTTATACTTATGTTGCCTACTTGTAAGACAAAAGAGAACTCTCTGCTACCTTTCATGAACTTTAGCCTCACGGTTAAATCCCAAATAAACAGAGGCCGCGAGGGAGACATTAGTGATCGAAGTTCCGTCCCTGCTGTAGCGCTCTCGTAATTGCACTACTAGTCCCTCTGTTTGGTGAGATCGCATTACGGACAGCAAGAAAAGGTAACTGCGTTCGGCCTCAATAAAAATGTGGACGGTGGCGCCCCACAGTTCTTTTCCATCCGATTTTTATCCAATTGA,1857,49.54,Drosophila melanogaster
SEQ_134453,CTATACCTCGAGTTTGGCCACAATCTGTTCTCCTACAAAGTAGCTCCCTAAACATTCTCAGGCTACGGCCTGGCAGACCCTGCGATTCCCGTCCCGATCGAGAGCAATAAGCACTCGCCGGAGCTTAATATACACGAGTCCGGCTTAGACGGTGATCCTTCGGTTGTGAGCCGTGTGTCTGTGTGTCCGTCCGTGACGATCAAAAGATTCGTGAAGTGCTATATTTGTACGGCCTAAAGTAGACTAAGCTCCCAAGCCTCCTCGTAAGTAACTTGACAACCACAACATACTGATTACATTTATCAGGCATTAGCTGCGTGCAGCCCGCCGTTATCCTAGTTAACGCGGTAGGTCAGTAGTCTGGTTGTAGCCGCCCCGTACTGGTTGTCACCTCTAGTGTTGACGCTGTATAGCAACAACATGTGACAGTCAACAGACCTCCCGGAACCGGCTGGGAAGAGTGGCAACCGCGGTGAGGTAGCGCACCATGGCCGTGCCCAAACTATGGCAAAGAACATCAAGATTGCAAGAACGCTGCTCCGATACGTACCGCCGAGCAGACTCTGGACATCGATGTAGTGTGGTCAGATCTAAAGGTAACTAGGTTAGTCACTTCTTCAACATACATTCACACTGGCGCCAGCGTATGTGATTCAAGTCGGTACAGCGTAAGTGATCCGACCTCCAATAACATAATCATGACAATAGCCTATAGAAAAAGTATTCGTGGGTTTGGCAGCGTTCTGTGACAGTCCTGGTTCTAGATTGGCTCGCGGAATCCTTCGGTCTGCACACCGTGGTCGGGCTTATGACCTCACACACCTCACGTGACAGTTGGATACGGAATATTCTTTATCACTGCTCCCGCTATCCAACGG,878,50.57,Drosophila melanogaster
SEQ_750803,TGGCTGCACAAGACACATACGTGTTCTGCAACTCTGGGTTCCACAGGTGGTAACGGTAAAAAGCTCCGGGTTCTAATGACGAAAGGAAGGATTGCCGTCCATATGCTTCAACTATTCCTTAGCGGTAGTAGAATTCCACATGGCGTGTACCCGAGTTGGCGTACAAAGAATACACTCGCGAATTGCCGTACTATCCATACGACGCGCCGCTCTCTCGAGCGGCCTCTCCAACATAACACCCCTCTCAAACTTCAGGTC,258,50.78,Caenorhabditis elegans
SEQ_444122,TCAACGCATTCGGGACGGGAACTGATATGTCTTAATCAGCCAGCTCAATGCTGGTTGTTACGAGACTAAAATTGGCGACGGCGCACAGGATGCAAGGATTCAACATTCGCGCATTTGCGCTTTTCACATCAACACAAGTGCTCTTAGCCTTTGCTATATCCGGTGCCAGCGAGAAGTCAACGAACTAATACATCACGAATTAAACGCCTGCAACGATCCTCTACCTAGCCCGCTACCGGAGGGTTCTCGAACGGACGTGGTACTCTAAAGAGCGGCCCCATCACCCAGTGCCTTTTTGTGGCAGCTCGCGCCGCGAGGCACCACGAGGCGATTCATAATGTTGACGATTAAGGCTGGTAAAACTCTTCTTCTCGCCGAATCAACTGTGGCAGCCAGAACAGGATTGCGAGCCCTACTCGGTTAATTCAAAGGGAGTCTTTGCCTTACGCTGGGCGTAACCTCGAGTGCAACGCAATACAACGCAAACTCATGTCCAGCGTACTCATGCTATGTGAAGATGGTATTGTCATTGTGGTTAAACTAAGGCGTGCGTTCGCCCGCCACCGCAGTTTCGTGGTCTCGCGCCCATGCTAGCAGGAGCCGCAGATCTATTACATCTGACAGTGCACATTAGCCCTATCGAAGGAGATGAAGACACGCAATCTACAAGAGCAAGGGACCGAAGGGAGGCTGATCCCTGGACAATTCCAGCCTATTAACTTAGCCTCGTGGTGGTAGGTTTAAAAGGGGTTGGACCACCGGTGATTAGATGCCGTTACTTAAGTGCACTCAACCAGCTCCCGCGGTTGCCGGTTGAGCCCTTAGGTGAACATCGCTCAACGCTGATCGAGGAGCCACCGCAGGGATACAGCTATGGATAGAGTTTTGTTCCCTATTGGGTGTTCGTCCAATAGGTGGCTGATCGCACAAAGACGTTGCTTCATGCTCTGGAAGAGTTCGCCCCGCAAATACTCCCAAGGTAATCGACATTCCACTTCCCCGAATCCGGGTAGTGTGGCATTCTGTTCTGAAAATTCAAAAGCGTCCCCGCGTGCAGTATCAAACCGAATAGATGCAGTAATGAACTCGGGCCATCATTTTGGGATCATTCGAACGCTAACAAGTAGCCGGCCTTTCACGCTGCTAGACTTTGGAACGCTAACGCGGTCGCGGCGTTTCGCTAGG,1185,51.65,Drosophila melanogaster
SEQ_534285,GCCAAGATGCTCAGTAAATTTAAAAGGACAAAAAGTAATGATTCGAGTGTGACGTACGATAAATCGGAATCTGATCACACTTGGAGTCGTTGGCGGAGCTTCCGAGATGCCCTCATTGCTATCAGTGACAATATACCACTCGTACTGGTAATATCCGCGCAGCTCCAGGCCAGCTGGCCCAATGCAGGTGCGGCAGCTAATCCATATAAAGATGCCACACACCCTCCGGTGCGCTTATACGATTGATCTTCGCCAAACTGGGATGTAATAGACCGTTTAGTTTGCAGACCCGGATAGCTCCGGGGCACCCCGCAGGTCTTCGAACTACTCATGGAAAACAGGTCGAATGCAACACATTAAGTGACCCCCTGATGGTATTGCACAAGCCACCGTCCTGCTAGTAAGAGGCAGATAATTCTCCATATCCCCCGATGTGGGTGATTTGGATCTTGGAAGAGGTTGCGGACCATAGTTCGGTGCTTGTTCCCCTTGCGGGAGCAGTCGGTACAGATGGGTCGGCGGTTTTCGCCGCGTATCCCTGCCCGCGAAGCTTTCTGTCTATACACTTAGTCCTGGAGGCGGTAGGAGTCTCAACAGTACCTGTGCGATTCGGC,614,51.63,Drosophila melanogaster
SEQ_622902,GCTCCCCGTTTGATCATGTAGCGTCGATTCGCGCTCGATATACAATGGCAGGCCGTAGGAATCAAACTAGATAGGATAAATTGGCTCTACCTACGCACCCCGACCCAGGGCGAGCCTGCATTCTAAGGAGAGAGTATTCTGGAGCCGGCAGAATGGACTTAGGGGACACAGGACCTGCACCTGGCTACTTTATCGGTAGCGTTTCGGGCCTAAGAGCTCGGGATAATGGGAGTGTGAAGTCAGCAGGCTGAACCATACAGCTCGCTCTTGGTTGTGACCCTGGGTCCGTCACGTCGCGATACTTACGTTGTAACGACTTAGTGACGACAAATACGTTGTAAACTTAAACTGGTGTGCTTCACATCTACCGTTCGACTTGCGTCTACCACTGACTATTACGGGGAGTGATAGTCACATTGTGAAGAATGAATACTAGGCCTGACTTACTTTTGATGTATCTGGGCCAGGATTAGCTTTCACTTAACTTTTGGCAGCGGAGTCCACCGAGCAGCGGAGAATCCGGTCGGGAAACCACCGGAACCTTGTACATCGAGCCGGTCGCCTAAGTTTATGCCCCGACGCGATGGACTTTCCCACCTGAGCACCCGGGAGAGACGGAACACGCAAAAGTCCTGTTCGGATGGTGAAAGTGGTTCCCCTGCCCCAGCTCCCGGAAAACTGTTTGGTGCAAGCTTCGAGATGTGTGGTACACTATAGGCCGGTCTGGTCGTCCGCATCACGGGTACCGGCATTGTTCTGAGGTTTGGGATCGCCCAATGAGGTAGATCTGCGGTTTGGGGTACCAGGTATGCGTCCCTCCCATCTTCTGTTCCTCCTCTTGCCCATTTAACAAGGGACGGCCTAAGGGTCTTAATTCATGCGCCGGATCGTCCAGCTTTGCCAAGGAAGTGAATATATTTCTGCCTTCACGAACGCCCCGACTGTCCGGTGGCGATAACATCCTGCTGCGCAGAGTCTTTATTAAATTTCTGATGGTCTGACGATTGCATTTACGATCTCATCTTAGGGAGTACCTGCACGTGGCACAGTGCTAACCAATTGCGGCCGACAGACGATAGACCTGAACAGGCGACGTGTCCCTACTCCCTAGCCAACTAGCGAAGGCAAGTGATGTAAGCAAATCTGGGGCGCTAACTGCTCGTCTAGGCCGAGCCGTAGCACGTACGTCGTGAACGCTAGGTGTGGTCCGTGATAGAAAAAATAACGATCGCTCATCCCGTCCCTTTGGACAGCGGATAGAACCCGGGGTTGGGCCGCTACAGGAGGCCCTCGTGTTGAGTCAGCACCCTAGCCTTGCTCCGCAGCCAGCACCATTAAATCGATCACGCCAGGAATGGTATTAGATAGAGGCGCCGCCTTTGCGCGTAGCAGATCCTGATACGTTGGATAAAAATGAGTGCTCCAAATTCGGAAGTCTCCAAGACAAGGCTTTACAGTGCGACGAGTGGGGAACCGAATCATCGTGGCGGACAATGGCATAGGACCGCTCAACCTGGTGGCATGAGCCCTCCCTTCGCCACGTATGTGCCTTAATTGATATGTTGCCTCTTAGGGGGTGTACTTCGTAAGTGTGCGACCAGGTTCCTATTGTCTTCGGGAGTTGTGTCACTGACTAAGTTGCGCCGAAGCAGCGTTATCCGGGTATTCGAGGGGGATAAATCGCTGTATCCGGCGCAGATCCCGGGGCGTATCTGTCAAGAGTTATGGGCTGACTGTGGTCCACGTTAATTATGGTAAGGAATTAGGATTTGCATCATCAGTTTCACCTCCCCTATAGGCACGAAACCATATCACCTGCTTCCACCATTCCAGTCCATCCCGGCTGCAATGTAACCTAGGCAATATATGCGATTTAGGCCCGCAAGAGGTGAAGGTCATATTTCCAATCGACATGGACAATCTCTTACGAGAGTGGAATTTCCGTATCGAGCGTATCTT,1959,52.27,Homo sapiens
SEQ_887854,TTGGCGCTCGAGACCGTAATCGGTCGTGTGTATGGAAATGAAAGAATTTCGTAATTAGACCAATTAGAACAGCGAGTCAGTCTCGAGCAGTCGGCGACACAATCTACCCATCCGACTCACGCTGGTCAGATATCGGAGGCCTCCATCCAACATACCTTGTATAGGTAGGCATAATACGGCCATACTACTAGACAGTAACCCATAAAAGAGTGTAGCAGAGGATGAACCCTAGGAATGTTCCCATCGTCCGGGTGCACGGACCCTTCTAACAAGGTACACGAAATAGATTCCTCTGAATTCAGTGCTCGGCGTGTGGTCAACCTGTCCACGAGATAGCACCAGGGTGGTCAGAGGAATTGGAGTGCCGAACAGGGGACCAGCTGTTTTTTCCTGGACGTGTAGAGCATGAACGTAAGGTAGGTGGAGTTCGCCGACTCAGTTCTTATAGGCCTAGCAGGTTCATATACGCCTCTTTTAAGAGAAGCTTCTTGGCTCTGGCTAGAAGAGCAGGAAAGCAAGTCCTCGCCATGAGCCGTGCATACGTTTAGCATAGAGTCGTCTCTGATGGATATCTACTTGGTATGGCGGTAACCAGACGTTCTTTTTTTGGCTACCGGACCACAGACTCCTCTGCTAAAGGTCGCCCGGGCGCATCAGGATATAATAAGGCCCTCCGTGTATAGAATTGTATGAAGAAGAAGTAGCGTGCTGTAAGGAGCGGCCAGCATTGCTCTAAGTCGGCAGGTCGAAGTTCACACATCGAGCGATGTTAGGTGCCGCATAACTTTGGCACGGCAATCCAATTTTGCCAGCGGAATTGAGCCCTTTCGCGTCGCATCAATTTAAAGGCTGGCTAAATAGGGCAATGTGCGTCCACATGAGATCGTCCACACATGTCGCTCCGGCGATGAGCCCTCGGTCCGTGGAACGTTACCTGCGGTTATCCCCGTCTTGGAAGAATTAAGCCAGTCAAGTAAGCTTCGTGGGGCGTTCAGATGCTTTCTACAGGGTTAGAGCTAACTCTATTCGGATAATGGGTCGTCCCTGGCTCGAATTTAGTCGGCTAAAGATCAAGTGTTGCCCGCTCATCAATTCGAGGTTTGCAGTGTTAGTGATGTGCAGAGAGTACGCGTGATGCTCGCTACGAATGCGTATACGGAAACACGTACAAAATATCCGATAAGACTGGCCGTGAGACCCACCACAGTACTGTCTAACCCTTGACAGTTACATTTTTTTAATTGCTAAGACGACGTGCATTGAGCAAGACCGAAATGGCCCCCATCAACTACGTGCGTACGTTTGAGCGCTTTGCCAGCATGAGTGCCAATTAACCGTGGCCCAAGAATTGATCTCTCCCCAGGAAAATTCCCATACCGCGTACCCTACTTTCTATACTAAATCCCGGTGAGCCAAGGGTCAGCGTTCCCCACGCAGGGCTAACAGGCCGGAACACCCAAATTCTTCTGTCGTACCAGGCTTAAGGAAGAAGTCCGTTCTCCCCCGTATGAGCGTAATAGCCTTGCGCCTAGACCCCCTGCCAAGACCAGCTACGTGCTCGTTTCACTCGGGTTAACTCAGCAAAAACCAGGAGCTCTCCCTAAAATGCGAGCTGTTAATATCTACATTTTTCAGTGGGCATAGACCAGTTTTTATATGCTTGGTAAAGATTACATTAACGCCATCGTAACGGATGAAATGTCCTGACATACAGACCCAAAGCAGCGATTGTTGCGCGAGTGTGACCTGTTTTCCTCTTGCGTCTTCATTGACCACTTCTCCATTAGTTAATTGGCCGAGCCAGCGTCCCTCTCCGTCTTCCCCATCGTCATACCTCAAGTA,1842,49.73,Mus musculus
SEQ_726770,TGTAACAGGTACGGTTTTGAGAGACCTAGCCGTACCCTTTTTGTCTGGATGCGAATTCCATCCGAAGTACGGCTGCGCTGTCGCTCCCTTCTACGAAAGCCTTCTCGCAACCATCGACAGGACCTACGAGACTCCAGGAGGCTTGTTGTGGTGTTTCGATAATTGTGCTCCTTAGCTCTAGGCTATGAGGTCTCTGACCCGCATGTGTTAGCTCAAAGGTTCTGAGACATCTAACTTCAGTGTGAGAGTTCAGCTGTCCGCACCCGATAGGGTATTCTGGCGTGCTTGAGAGAGCAACTGAGCAGATTCAGAAGAACATATCCATTGCTTGTTCTCGGCAGCACAGAGGAGCGATATGCGGGTTAGATCACAGTGTTTAATTGATTCGTAGATTAGATGTGACCCATACCCCCCCATGAGTTTGTCGATTTGCTATTCAGTCTGGGGTGTCGTGGAAGCTCCTATCCTTGTGGTGTGGGGCGCAGCCGTGTTGTAAGGGAGGGATTATGTATTTACATTGACAGCAAGGTACCAGTGCCAAGAAGACGTGATCATCTCAGTTATGTCTGCGTCCCAGGCAAACCCGTCCGTTTACTCCGGCCAACATGACTCTGGCTTCTGTCCAGCTATCTCATGCCTGGGATTGGCTTGCCAGGAGGAGTGATTTAAAGCCGTTCTATTGAGCAGCGGCGGTGCGGGCGAGTTAAAAGTGGAGCATATTTACAATACTGTATGATAGCAATCAGGTATAAGTCGCCAGCATGTGCTTAAGCATTTTCTGAACGATAGCACCAACACCAGCAATGTCCATGACAACCCCCCCGTCCGGCTAAACTGGGGCGCATGCTCCGCATTCATCGCGGCATTCCCGGCTGGCTTATTACTACCTATCTGGTCATTCAAAAGAAAAATAGTTCCCGAGAAAGTGGA,930,49.89,Escherichia coli
SEQ_772896,AAGGGACTAGTTTTTCACTATTTTATTAGTTTGCTCCCCTATAGATTAAACCGAACGCTCCCTGAGCTTCTTTTACGGATGGACGGCATGCAGGACTGGATGGAAGATCTCTAAGTTAAAAGTCCCTGTAGTTCAAACGGTATAGAGCGCTGAACTTCATATACGGCGAACAGTCCATGTGGACCCAATTTTCAGTTGTCCGACCCAATAACCAACGGTCTCTCGGATTCCCACCAACACAGAGATCCGTATTTCTATGTTTGCTCCGCTTGATCCCTCCATACCCTGGACTTACGGCTCCTTAGTCGACGTATACCGATGGATGTCGAGACGTGCATCGACGCCGTAAACAAGCCAAAGACAGCCCTTTGCCCCTGGCTTAAATGTTTAGGAAACCAATGAGCTCTAGGGTAGCCACATCATATCTTGTTTTGGAGGTCTCGCTGGGACGAGGTCGTCGCCAGCCGCATAATTCTCACGCTAAAAACGGACTACCAGAGTAAAGATGATTGTTAAACAACTTCAAATTAGGTCGAGTACATCGTACCCGACCCGTCAGTCGTTTACGGATAGAGAGTATATCCAACGAGTGTAACCGCAGGGAAACTGCACTTGTGGGTCGACAATCTTCGGATGACCCTGCGTCAGCAAAGTCACAGCGCTAGTACGATCACACCCTCCGCTATGCCACCATGGAGCGAATGACACTCTTGTTAACCCGGGATTATAGAGTTTGATGTAGGCACTCTTTTGTTGCCGCGGTCATCCAACTCCGAAACACCCTGGGTAGCGCTTCCCCCATCGAAATATGCGGTTACTGGTGGTGACGATTTATGCGCATCTCTTATAAACAAAAATACCGTAGGCGCTACCCTTCACGAGATCGGCACTTCCGGGCTGACGCACGTATATTGCGCTGTGTCGAATATTCGGTGGGACGGTGCGCTCAAGTACACGTTGTTGGCGATATCTAATCTTTGAATGTGTCTGGTAAGTCATTCATAGCGTGGGGCGCCGTTGTGTTAGTAGGATGATGTATTTAACTACATGATATGCGTCATAGCAATTTCCTGAGGGAGACGAGCAGATTTACGGGTTGAGATACACTCTCATGAGTCCACGATACCAGACGACGGACCCGTCAGTTCTTGAGCATGGACGATTAATATGCGCCATTAACCCGGTTGGATGTGAGACCAATCCGCGTATCCGGCCTCCTGTC,1222,48.77,Caenorhabditis elegans
SEQ_253103,ATGCAGTTCCTGGGTTAGAAGCCGTCCCACTGCGTGACGTGTCACAGTACAGATGCTTGCGATAAGCCTCCCTCCCTTACGCCTTGTTGTCATCCCTCTCTTCGTGTCTGGCTCTGATCGTATACGTATAGTGACTTAAAAACACGAACTAGCAACCATCTAGCCACGGAACGCACCTTAGGGACAGATGACTGGAATGTCGGCGAGATCACTGGCTAGGACCGGGTTCCGCAGTGGGCAACCGTCGAAAGATGCGTCGCTGGCGTCAGTAGCCGGATCTAAGCAGAGTCCACACGATAGACGAAAAAGTGATTCCATGGTATGACGCAAACTGAGCCGACTGAATATTTTCGCCACCAACCGTCAGTCGCCGAGGTACTTCCCAAACTCGCACGACGCTACTTGAGAGGGCTGTCCGGGTCTCGCACTAAAAGGTCCCTACTATCCACCTCATTCGGGGTTTTCAGTCATACGGGGGCCTCCTATAGTCATGGTATCGGCAAAGACCGCCGGGAGGCGGGCCCGCTTCGCTAATGTATTGCCGTGTTCGGGATGGGTAAATGTCTCGCCGTCATAGCAATGGTGCCGCGCCCGCGCCTCGCCGTCATCTAAAATACGTTCAAGATGCTGCCAAGCTGCGTACTCTTTATATTGTTGTCAGCTGTATACACTTTGCATGTCTTTACGAAATTACAATTCAGCTATACGCACCATGGGGTACTGCTCGACTCTGCCTCTAGAACCCCATAGCCGGTGGAAATTTCCAGTTGGTGCGACGTTGTTGTTGCCTTTCTTGACAGACTTCTATATGGAAGGTCACTTGCTGAACCCCTCGACCAGGTATCAAGCTCGTGTCACAGCCTAAGGGTCTATCTCCAACTTGAAGGCCTAAGAATCCCAGTCTACGGCAATACCAGATACAGCGCCGCCCTTAGTTGCATACTTAAGTCGTCTAAGAACGACAATTCCCCATTGACAAACCTACTGGGTACTCTAACCGCTTGGCTGACGCAACGAATGTGGCTGCTGTGCTGGCATCATATCGCCCGCTGGCCTGTGATTAATTCTATACACTGTTAGGAGTAACTATGTTATATGCGTTTGGCTAGAATTGAGTCCTAGGGGTGAATCGCGGCTAAGTATAGGGGGTTCGCCACCCTAAGAGGCCGGTTCCCGGGGGAGCTCCGGAGCAATGTTGCCGCGTGACTACCCCGTGGGCCGTTTGTTTGCCTACACTAAGGCCAGAAGTATCCCCTCTTCAATTTGTCAGAGATAATCTGTGGTCGGGGCGCCCATACTTGTCCACGCCTAAGGCATCCGACAGTCTCGAGCGGACTTATTTTTGAAAATTATGGGACACCCTTCCCATAGTCTACCCATTTTTACCCGTAGCATGTAATGGGGCGATGACACAAAAGACAAAGCGGAGTTGACCAACCCTAAGATAGCAGCCTAGCGGATTAACGGTACGGCC,1474,51.9,Homo sapiens
SEQ_220020,GGTGGCACGTGCTAATACTGCCGATGTGGCCCAAGTCAAGCCCAACTTAAAGCTGAATGCTTTAAGCGTTTCACCTCGTAGTCTTCACGATCGTATTCCGTGAGAGCATCGAATTGTGACGAAGTATCGTGAAACATCGGATTGGCGGGTAGTGTCCCAAACAACCTCCACCAGAACCGGCAAGACGGATATATTGAAGCCGCATTCGATCGCCCACAACGTTACCAAGTATA,233,49.36,Drosophila melanogaster
SEQ_545406,GAGATTCGAACGGGCGAACAATAAGGATTTCGGTAATTACCTAGTGTTGCAGCGCAAGCTAAGCGTTGCCAGATTAACATTAACTCTTGGAGAGTGGAAGTAGCCTAGAAAATAGGTTTATTAGTTCGATCCACTTGGGAGGGCACGCCCGTCAATCAAATCTCCGCCTGGGATGAAAGTTTAAAGATGATCACAGATCTTCACTTAGCTCTGAAAAAAAAATATAGAGCTAAAACCCTCACCGGACGTACTCCTTGCACTCCCGGGAGCGCTAAATCGTATGTCTCACCGCAGCAACCCACTAATACGACAATAGGCCCTTACATTGCCAAACGTACTTAAGTCCCGCGTGCTTTTTATCGAACGTCGGCCCCTCCAGTTGGCACTTTCCAGGATCAGATTTGCTCGAGAAAGACAACGTATCACTGCACGCTCAGCGGTACCGGTTCCGCCATGCCTTGCATATCTGAATTAACCACCCGACATGAGTCAGTATGCCGGTAGATGCGTTAATCGCCGCTTGAAAGACCCAGGTGGGGCTTCTTTATCACAATCTGTAGCGGCGTCGTTCGCCCAAAGTGCAAGGTGCCTTGTCTTCGGCCCTTGGAGATGCCTAAGGGCTAGCTCCCGAAATCAGCCTATGAAAAGCCAACGTCCGAGACCCCAGGGAGGTAAGTAGTCCCTGACATACCTTACCCACGGACCGTTCCGCAGATGATGACTAATAGGCTCTCAGACGTGTCAACTTTTGGAATCGAACAGTCATCCCGACGTAGGCACAGGCCCCGCACCGTTAGGAATTTCGGCTTCCGAGACCTCTCCCTTAATTAGTCTTTGAAACATCCTGTTGATACGTGTCCTCAAGCGGAAATGTCTACCGTAGTGGAGTCAACGTACTAGAGAGAGGTCCGTGTTCCATAGGTTGCAGCCACGCTCCGCCTAGTATGTATCCATCCCGGTGATCTGCACCAATGGTGTTCGCCGCAAGCTGTGCAGATGGCTATCGTTAGATGATGAAAGCGGGTAGAAATCTCACATCGATAACGGCCCGGGGTAGTGGCTAAAGATTCATTATGCGTTGAACCTAGCTCTCTTTACTTGAACGCCTGTTCGGGGTCAAGTCACGGAAATAAACCCATATAAGTCGGGCTCCAACGCAAGCTGTCGAAATACAATGTCCGCTTTTCGAGGTCACGAGAGCTGGGGTGCGCTTTGTCAAGTCACCGAAACAGCCCGCCGGGAAGAAGACATTCCTTCCTAGGCGGCCACATAAATAGGAGGACAGGGCTACTCAAGTAGGAATGTTA,1307,50.27,Homo sapiens
SEQ_595459,GATTTTATTTCGGGCCGTGGATTGTCAGGCCTGCCCGTTGAAGCTCGAGGACGCCTTCCCAAGATACAAACTGGACCGGCATAACATCACCCGGGATTCCCCTCGATTATAATACTCCCTTTTCAAAAATCCCATCTGCTCTAGTTGCTTGGCCCACGGCCGATGCCAACTATTGAGCGGGTGTTTGGCGCTCGGCTGCTCAGCACATGGCATAGCCACGGAGGGCTTCCCTACGTGCGAGGTAAGTATTTGTGGCGACCTGGGTCCTTAACCTGATTGCAAACTCGGCTGCCATGCTACTAGTAGGTTACGAGTCCTGGACAATTCAACCAGAGGTTAAAAATGAAGGTTATGCGTTCCACTGTAATTCGCTATAGCGCAAATAGCAA,389,51.16,Homo sapiens
SEQ_728386,CTCAAGTCCCGGCACAAATCGAGGGGGTTTTGGATCGGCAAAGTAGCTAGTACTGGCCCGACACGAACGCTAATAACGACTGCTGCCTAAGTTGAGGACCTTCCCTGGGATACTCTACTTTCAACGATTGCCGTGCCCCTTCGGCGTCAGAGACCCGCACCGACAAGCCGGCCCCGGGGACCGCGCAGACCTGCCATAGCGGGGTCAAGTTTTCTTGCGTGCTCTCGTAGAGTTGTTGCGCTCAGTGTCGGTTCCAAAATGGAAACTTAATACAATGTAGGCTTAGTCCGGGAAATGGGGCACGGCTGTGGTTCGGCGGGTCCGGTGAGAAAAGAGTGAGGTTAGCCAGCTACATGAGTTCGTCCAGCCCGCGTCAATTGCGTACGGGACGGATTTCCATCTGAGCATTTCCCGCCTCGTTTATCGAGCAGCCTACGCACTTCGATGGGGATTGTATCGGCCGTTAGTGGAGTGGAATTGTTTCTGTTCTATCGTAGTACGGAGATCGTGGACCCCAGCTTGATGTCATGAC,532,55.08,Saccharomyces cerevisiae
SEQ_116123,CCGATGGACACTTAACGCGGTTCCAAGAGCTCGGCCAAAAACTACGCACTTTGATGTCGAGGCCTTACTAGGCTTACGTACGATCCCTGAGGTCCGTACGCAACGATTATGATATGACGCTATGGACCGACACGTGCGTAGGAGCCCTCACCCGATTTAAAGGCAAGTCAGTGATAAATTACTGAAACTCTACTCAGGCATAAACCTTATCAGTGGTCCTGGGAAACCGTTCAAGGTCATGCAACTAGCGGATGGAGTTTTGTAAAAGCATCTAGCCTGGTCCTTAGGGCTTTAAGTTTAGTGTGCTTACTGTACGGATTGATTCACACATTGTTGCCTCACGTTCCTTAGGCCTGCTGGGGCTCAACGAACCGGCCACTCTATGTGGCGTAAAGGTACTAAATACAGGGGTCACCATCCATTCGATCGCGCATCGGCCCAGCTGAAATTAGTGCTGTATTGGGACCGACAGTGGAGAGACACGACGACCGATCACGATCATCCTATCGCATTTGCTGCCGAGTTTCGAGCGAGAACTTTAAAGCGAAAGAGCGACCTCACGCGCATAAGCCTTAGAAGATATTCTCATTATCCTTGAGCAACAACATATAAGCTAAACGCCTAGCCGCTTCGTGCTCCGTTACGGCGCCCTGTAAAGGTGAGACTGTATTTGCAGTTCCCTCTCGTTTTTGCACGGTGACCGAAAAGTTAGTCCGTGTCTATGCTTTATTTGATTGAGGTGATGTTGCGGGGGGCCCCTGTTCAAAAATCTTGAACCCTCGCCGGACGACAAATGGTTGTTCTCGGCTAATAGAAAGTTAGTCGTTGTCTGCCTCGTAGACCGGTAAACACGAATCGCGGGATCGCCGTTGACGTGCAAACGTGATACAGTTCATGTCTCCGTCTCTACGCATGGCTTCATCGTGGGGGGCGCTAATCGGAGTACGATTGTCAGTATATTGGGACGTTACAGACACAGATAACATACTTCCAATGGTGAGCGCTTTGACACGCTGCCAAGTTACAACTAGAGGTGCTCCCTGTGTTATAAACAGACTACTTCTCTCTCTTTCTGCCCCCCTAGACTGCTAAAATGAGGGCCTATCTGATACGAACTGCTAAGCCTGGCGTCTTTCTCACAAGGCCGCGAACACTAAATAATAGACCATCCACTTGGCGACTAACTGGACGACGATATATCCGTTATTCACTCTTCAGTGCCTCCGTGCTATAGGCAGTAAGCACTGATTGTCCCTACGGTGCCCGGAGATCACATTGAAGAAGAGATTTCTGATAGCACAGTATAGTACGAGTAAGAGTGTCGACTATCCCGCCCGCGTCGTGACACTGGCATGGTACCGCTTCGTTCCCTCCTACCCCAACGTGTTTTTTCGTATATCCCTAAGTAGAGCGTCAAGTGCGCCTTGGACCCAAGTACGTGTGTACTGTTGTTCTTTGCATCGAATAAAACTCTACTATGCCTGTATAGTCGAAACTAAGTGTCGGAGATTTCGCATAGACGCAGTGTGGCCCACTCCTGCGAGACGGGCCAGCTTGCAGCCACCGCCCCCACGGTTCGTTCCTGTCAGTACGGGTTCGGTAAGTTTTGCTTCATAGAGCCTCAGACTGCTAGCTGGATGTGCTTGGGGAGTCAGTCCCGACGTCTTGCAAGGCTTCGGTGCGGGAAGGGTTGAAAGGTTCCCGGTTCTAGAACGAATACACAATGTTATCTAGCGTCCTAACTTGGAACCCTCGTGATTCCCCCTAGGAATGAGAGTAACATGTGAATGGGCCGCCATATTAGAGTTGTCAGAGTCATGTGCTTTTTACAGGAGAGGCCTTGGGTGTGGCATGATTCTGACATATAATCACTAGAACCCACGACAGGGCATGAAGATGAGTGTAAAGATTTACACATAGGCACGTATATAGGGGAAGTCAAAGCGGCAATTATAGCCGGA,1961,49.46,Caenorhabditis elegans
SEQ_324325,TCACACAGTGCTTTATTCTATTAAGCTTCGAAACCACAGCAAATTATCGCCTGCGTAATGAAATGAGCTTTTGACTTACGGCCGCCACGAGGGCGAGGCGACGACCGACCGTTTAGAGTTCGCGGCCACAAAAGACAATGTAAACTTACTCTAATCCCGATCCTGCAAGTGAATCTTCCAATGGCACTGACGACGATAAGTAGCCCCCGCTATATACTTGAGTTGTACTATTTTCCGGTGGCCACAAAAGGTCAGGAGGCATACGACTGAGTCTCCAAGGTGGTCCTGCGTTTCCCGCAGCATGGCTTGTACCGGCATTTCGCGGAGGGTCGGCCGGATACTGTCCACCTTATACTGATAACCGCATAAAGATCTCGCGAGCGTCCTGCGGGTGGCATCCCGACTGGAACAGTATCCCGACGGGATTATATCATTGGGTCGAAACTTGCATACTTAAGTAAAGATTTGATTTAACAACCGTGAAGGGGGAACGTACAGAGGTCCGGGGGAAGATTCGTTCCGTTGTGAGAATATCTCAGCGAGGACCCATGCTATAACCAGGCGAGCTCTGGTCATCTTCTCACTGGTCAACGTTGCGTAGTGTTTACTGGGTCCCTGCATACTCATTAGACCCGTTCCTACGCATGGGTTGCCTCCACACTGACCCATCCAGAGCCTCCTATCCTGGTGGTAATGGACACGTTACTAACGGACGCAGATGGCGCTCGCCCTACCCGACCGATCGTGTAGTCGACCAGGCAGCACACGCTTAATAACATTCAATCTATCGTTTGTGAGCCAAGGTTCTGAGAGACCACGATGT,823,51.15,Arabidopsis thaliana
SEQ_601337,GCTCGTTAAAACGAGATGCATAGGCGCGGCGGAGCTCACGAGATTGTAGCTGGCAAGACTCATCATCCCATGCGTCAACACTGTCCTGTTTTTAACGGAGTTTAATGGCAACAGCCACCTATCCCACTCCCATAAGCAGCCAAGGACCCGATGATATCATATTTTGCATGGGTTCTCCCCATCCTTAGTGGCTCTACCGTGCGGTGAAAGTAAAACCTACTTTCTCGCACCCCAGTCCGTGCTTACCTCGACCAGAGTATATGCAGGGGTAGCTCTTGTCATCGTAGGTTACCGCTCATTTAGGACGTCACGACCTGCTTTGTATTAGCGACGCTACTTCTCATAAGGACCCAACCGAGGTATGTCCAGAGCTAACACGTAGTCGTCAGGACTGAAATAGAATGAATACTGGTATTTAGGGTCAGTACGGCAGGCGACAGTCTAATAGCGTGCTAATTCGCCATTATCATCAAATTGGTAAAACTGCGGCTACGGTTGGACGTGCGTCGGTCTTTTAGCCTAAGATACATCCTACTTAGCGGTGTTCTATGCCGCCCTCGATAGGAGATGAGCCCCAACACTAGGAACTCGAACTATGCAATCCGAGTCATCATTGATCTGAC,623,49.12,Saccharomyces cerevisiae
SEQ_863034,GACAGATTTATGGCCACATTAGCATAGTGGTGAACCTAGAGTCTTAACAGAGTCCCGGGCACTCCATCGTAAGTTAATTGTAAAGGAGAGGTGCTTGGTTTACTGTCGTCTCACAGCTGGGATATACCGTAACCGGATCCTCATCTTTACTGCAGACCGACATCTTAGCTGCGGATAAAGAAGTCCGGTAGTTTATGTGTCCAATCTAGATTTTAAAATATGAGCAGGTCCATGCTGGTGACTATAGCGCACGCCTGGCTCATAGGAAAAAGGCGTTAGCGATCGACATCCCGCCCCCCGCGGTGTCTTATAATGCAAGGTAGATCGCCAACCCGGTCTCCGTAAACTTTATGCAATATTCCCAGTGTACATATTGTGGGGACCGCAGGCTCTGAGCGAACTATTCCTAAAGTTTACCGCGGCTCCTTCGCCCCACCTGCCGGCTCGTCGATCATGCGTGAAGCCAATCGCAGCTGTGAGCCGTGCACTTGCGTGAAAGGTTTTTTTTGTATCAGAGTGCAGTCTCTGGTCCGTACCATGAGGAATCGACAAAGGGAAATGTCGCACGGAGCGCTTGGGGACCTGAGATCCCCCGTGGGTGGCCTTCAGCAACTTTCGACGTTGAGCATGGGTGGCGTGGGAGTATTGGTATCCTACAAACTCTCGCCTCTCGAGCTCGTGAACCGTGGATACCGTAGAATGGTCGAGGTAGTGCATAGATACGTGCCAAATGCTTTAGGGCATGACAACCAGCGATCGTAACACACGCCGCGATGTCCAGTTAGTGTTAAGGGTAACTTGCGCTACGAGCGAGAGGGGATTAGTCCTTTCCATGCTAATAGGCCACACAGCAATACATCGTCAGTGCGTTACGCCCGCATTGAAACGACACGTTTGGACCCGCTTCTGTGGGTTTAACGTGACATACGACATGCGGATGGAACGATCTTGATCTTGCTTGTCATGGTCATAGTTAGGGTTCAGTGTACACGACACAGAGAGCGGCGCACTCCGAACACTGACACACCGATCTCGGATCGCCCCCACAAACCGGCCCAGGGAAACGGCACGCGCGTACGCGGCGCACGAAGTGGATTTCGGAGCAGCTCGTTCTAGCGAGCTCGGCTATAGGCTTATGGTTGGCGAGTGACTCCGTGCATGAATCACCTTACAGCCTAGGTGCGCAAATTTACGATGCACTGGGCTCTACTCCACTGTACAGGCGGCCAGCGGAGGACGCTGTCCAAATTATCGGAGAGATGGATCTGGAGAGACTGCCCTTCAAAGTTTCAGCTATAAAAGCTAATATCCCTTTCTAACCACACCCGACGTTACCGAAGCGAGGACGTGTGCTGTGATCAGCCGATCATGAATGTAAATGGAAGTGAGCGATGAGCGGGAGACGCGTGCAGAAAAGTCATGGATTCTCTAGCGAGGATGC,1441,52.19,Caenorhabditis elegans
SEQ_637377,AATCAGTGTTTCATAAAAGACCACACAGATTCTGTCACGTGGATTAGCCAAATCGAGTCGCCTTCTTGTTGCCATCGATGGCTTAAGAGGTGGAAGTTCTAAGATGTTTGGCCTGTAGCGTCTCTAGTAAGCATCGGCTCGACAGGGCGAGTACTTAACCCTGCGGGCGCGATCTGGGACAGCGATACGCCGTGAGAATGAAGATTAAGTCGGGTATCTCTCATTCCGCATCATATCAATGCACAGCCAGTTGAGTGCGTACGCGACATGCTACTCTACCGCCTTCGCAGGAGCCCGATGTTTACATCGTTGGCCTAGGTGCCTGTCTTCGCGTTGGGTA,340,51.18,Escherichia coli
SEQ_683899,GTCATTCCGGTAACATCCCTGCTATTGGCTGCCCGGGATATTATTCCATAGTGTTACTCATGGTCGCGATATTGAATGCTTCGGGGAGAATACGAGTGACTCACCGCCCGGGAGGGCCTCGGTATTACTCGTTTGACCAGCTACAATACCATGCTGCCAATCGCGATTCCCGCAGCCGCTCGTGTCACTCTATGGGGCGAATTGTATCTGGAATTCAACGATCAGACGTAGACTCTTACAGGCCGTCCAGACGGGATCTAACGTTCAGTAAATAGAGGTATCTGACAGACTCCGGTAAATAGCACGGTCAAGGTCAGGAGATACTGTCAGTTTCGTCCTTTAGTGCAAAGCCGCCACCCAAGACATTGAGACACCTACACTCCAAGGTATGCATAGTGCGTTTGGGGTCCCGAAACACGAGACTCCAACGCTTTGAGCATACCAGCCTACGTATATTGGTCGACCGTTCACTTCTGGGGAGGCATTCTTACCCCAGGGAGGATGTCATCAGTGCTTAGCGCTAACCGAGCGAGGACGGCGTTATCCTACCAACACACAATAGGAGGCCTCGACTATTGGAATTGCATTTCGACTGAGGACAGTAAT,606,50.99,Caenorhabditis elegans
SEQ_314294,GAGTGCCACACTTTACTGTCAGTGAAGGTGCATGTAAACGGAATACGAGCCCTAATGGCCTGATCTACACAAAATACAATGGAGACACGGAGGGGGATCGGAGTACCGACACGTGCGTGAGGTTCGGAGTGTGCATATGTCGCTTCAGGCTATTTACATGGCCATCTTGGACCGCACAACGAGCAGTTTGCCTCGATAGGATCATCACCCGCCTGCTTTATGCAAGGTACATTTTGTACGATTCACGTATAGACGAAGATTCATCCCGAGGGAGCTTAGGCGTGCTCGTCCCGCTATTTGTCTGGTAGTTGTCTTAGTGCGATCAGGTTCATGTTTGAAAGATGCGCAGGGGCTAGGAGACACCGGTAATGAACCAGGTAACATACCATTTTGGCAACATTACGAGTTACTATGGTCGACCGGATGTGAACCACAGGAAGCACGATTGTGTAGGCAATAATCCTCATACATGCATACCAAAGCCAAACGCGAGTGGAAAGGTCGTTGGGACCCTCGAAGGGACTGATCGTGTGATTGTCTGGCTGCAGACCCGCTGCCAGTACATCCCTTGGATCCGGGACTTCATGCAGCGCACAAAAGACATAGTTCTCACAATCCCTACGGTAACATCCACCGACTGAGAACTCTGCGCCATCAGCCACGGCTATATCGTGCATACGACGCCGCACGGGGTCTCCAAGGCGCTTATCACATTACAGTATTTCAGACGGATGTCGCATTTTACAGTGTTGACGGGCCGACACCGCAACCTTCCCAGTCCGGGCCAACCTAACTATCACCGATGAAAGGTGAGGATCGGGCGGAGCATTTGTCTGTACTAGTATACGACTTGGGCGGACGTCACATCGCGCGGCCCCCCTAACACATCTGCTGATTTGGGAGAAGTAGGGTAAGCGAACCCACGTCGAATAAAGGTGTATAAGACAGCCACTGTTTATCTATCTCGGTGGCCCCAATGCAGGTAAACCGCAGTGTCCCCTAGTGTAGGCGATCGAGTTTACGCTTTGACTAAATCGGCGGGTCCATCCCTCTATGGACGACCATTGATAACAGTTTCCTGTCTGTTCGCGAAAAGTCCACCCGGTAGCCCGGCTATATGGAAGTCCTCAAACCTACGTTAGACTCCAAGGTTGATATCCGGTAGATCCGTGTCAGGGCGATAATCCTAAGTCGGTAAAATCCCAGCAGCCGAGGGGGGGATAGTTATGCTACCCAGTTGCTTATGACCTTCAGTCCTAACGCACCTAAAAGAGCATACAGGCGGAGCCTGTAATAGGGTCGGGGCACTCGGCCAAGATGTTGGATTCCCGCTAGTTGCATCTACAGCATTCATGGGCCAGACAAATAGTACATTAATCATAAAAGGTGTAATCAAAATGCCACGGAAGCCCCTTCACTAATCGACGTGTGAAAGCTGTCGGTTCATGTCAGATCAGAGACTAGCTCCGCGAATGCCGTGAGTAGCCCAAGCTTGTTAGAATCTAATGGTACCTAAACTGGTTGACTGGCCGAGCCCGTCTAAATGCGATACTCGCGGTTATACAGGACTGATAATAGTAAAGAGCCACGTTACCTCAGTAAGGAGAAGTAGACATCGGCCACCATCGCTCCGAGTACGCACCTACGGCACCACCGCTCATATCAAAGCATTTCTTCAGGAGATGGAGATTTTATGATGTCTGAATCGGAATGCCTCCGACGCAGATCATGAGCACTCTCATGTTCCAAACGAGAACTGCCGACTAACTACGGAACTTGTTGACCAGAGCTACTATGGAGCGTCCGGCCGGCTACCCTGTCAAGCAATTCTTGTATCTTGTTTCCTCAAAGATTCGTCGCAAACCGA,1867,50.56,Escherichia coli
SEQ_223556,TGCGTAAAGCGTCTAAATGCATTCACCTAGCGCAGGAGGCCATTGGTTTTTTCTCTCGGCTATGAGACTTCTGTGTGCCGAGTCAAGGGTCTAACGAGCCTTACCTGACTGCCGCGACAGGACTTCCTGTGACATCTGGTATAAGTGCCAAGGTAATAACTCTAGTGAGGACAACTTGACTCGGAAACACTTGACCAAGTAATAACCTTCAAAAATCAACCTTAATATATACCATAGCGGTTTACTCAGGAACCTCTCTTGGCCGTGTAAGTACGTTGCCATTACCCGACTCTGGTACCAGCCCCGTTAAAGAAGATCCGCACCTGGGAAGATAAAGACGCATCCTGCGCAAATTCAAGCTACGGGGGGGGGGGGAGGCTGGCGGTGGACATCTCTGGATTGAAGGCCCAATTCAGCCATGGTCCCGAACTACGCGGTAAACTTTATGTAGAAAAGACAACGGATCCTATGAACTCTTGTCCAACAAGGAGCCTTTATATCAGGTTTTGGGAAAGAAGTCTGTAACGGTCGTGCTAGGCGTGTTGCCACGATCGTCCATGCCCTATGGACCTCCTAGGCTTCTCGACGTTCTCCATATATACCCACCTTTGGGCAGCGCTTCAATGGGGGATTCTTCGCATCTCTTCAGCTCACTGATTCAGGATAGAAATCGTACGGATAAGGTTCAGAGTGGCATTCGAATCTCGAGGTCGTGCCGTTCCGGGTGAAGCTACCGCGTCTAAACATTCGTGGAGACCACTTTTCCCGACTACCACTTTTCGGCGGGTGCTATTTAAGCGTGTACGACCCAGACACGTTACCCCCTCAAAC,831,50.06,Caenorhabditis elegans
SEQ_460081,CTCCAGCATGGGCCCTGCTCCTCGCGTGTGATTGATTAGGTTGAGGCCGCCACAGAATAGGGAGACTAAACTATAACAAGGCGAAATTATAATTATAAGGTGATCCAATCACGACTCTGGACTCCGCGCTTGCGGCCATCTATCCTTCCGCAGATTGATCGCTCCGCCAGAACCACTATTTACATATGATGGATCCTGCCTTCAACAGCTGTGGTAGTGCGGGTTGTCGCGTAAGCTACGAACACTCCCTATGGTCCACCGCTTCGACGGCGGGAAGAGAGCAAACCGCGCCTGGTTGCACCATAGCCTCGACGAGGGACATAACAGTCAACGAATGTTGATACGATTTGTTGTCCTAGGTTAAGAGGGCTCGCTGGGCTATTTACCCCAGGCGACGTGTGTGTGCCTTCTTTATGGTCCCTATTGATGCGAACGAACGCGCCTCCGTGGTCCGACGGTTTAGGTCTCTTTGGTCCGGCAGAGCCCGAATTGAAATAGTTAACTATTCGTGAACCCGCTACAGACGGGACGGAGCCCCTTCAGTGAATACCGGTGGTAAGCGGCACGGTTAAGTAGCGAGTGAATGTGGCGCGTAAGCACATTAAGGTTGGCAACTCCAACGTGTATAGCCGCGGCTTCCAATGTGAGCTGCCCATAATTTTTCAGTTATAGCGTTGCAGATCCAACAACCGCCTAGTATGTCCATTGTCGGACCACTGGGATTGTATCTATTACGTACCGGTGTTTACCAATGAGTCTGCATGAGATCTCGGGTATCTTAGCGATGAGCAATTGGAGGTTGAAAGAGCTGAACGCCCAGAAGCGGGGTTCCCGTGCAGCCGAATTAGTATTCTGGTAATCGCCGGTAACTTTAAACCCGCTGAAACCAACTACAGGGCGTAGCGCATGAGGTAGTCGACGACTCCGTTGGGTATTTCTTTAAATCCTCATAATGAACCCTAGCCGAGTCGCAACGAGTTACAGCGTTGGGTCAAGGCATGTACAATGACCCCCCATATGATGCGCACATCCGGAGGGACCATGGTTCTTTTTGAAACGCTTTTGAAGACTAGCCAAAACCGATTTTACTGGTTGCATTTGTCGCGCCCCAGACGGCAATAGCAAACCGATCCGCTTTATGGCATAATTTGCACGTTTGAGAGCGTTATCGTTCTGAACTTTTTCCGGTAGTCTAAGCGGTTAAACTGTACTCGCTACGGAATATTCCAAGGCCGGACTGTCGCGCCAGTAATTCGAAAAACAAATACTTCAGGATTGTACGGTTGAAATGCCAGACCCAAGTTTTTGAGGACAAAGCTTCTGGGTGACACTTGTAGAATGCTATTTAA,1349,49.81,Escherichia coli
SEQ_450043,GCCCTGGTCCATGAGGACGTATTGGGTTTTAAGGGGCGAGTCATGGATGTATCCTACTTATTTGCAGTGGTGGAGCTTATCATGTGAGAACAGACGTTGATCGGACCAGGAACAAACGCAGTGCGTTGTCAACCAGGGCGTCGATAGTGAAACCATTCCAGGATTAAACACCACACAATTTACGAATGCGCGAAAGTTACAATGCATCGGCACGCATATACTTGGTTGAGCAGTGGTTACGGCCCCGCGACGGCCAGCCACCTTCATAAATATGTGGCATTCTAACGGAAGAGTCCGTAATAATGTCCTGGTAGGAAGATTCACAGTGCCAGAGGTTGCTCGGTTGCACGGCTTATTTAGGGCGATTGATACTGCCTCAAGCGTTATACTTTAGGATAGCGCAGGGCTCTGGAATGCGGCCTCATGACTGAAGGATCATTACAATCGCTGTGAATTATGCGCAACCCGATTACTTGATGGGAAATTCGGCCTAGCCTTCCACACCGGGAGACACTTTACTCAACGGGCAGATGCGGTAGTAATTCAATCACGGCCGAAATCACCAGACACCTGTCCAAACGGGCCATCTCTTTCCACGGTCATAGGGGTTAATGGGCATGGGTGCTCAGCAGAAAACTGATATATTGTCCTTAGGAAAGCTCGAAAAAAGTTCTACGGTTTAGCGATAGTTAATTGTATGTTTCGGCCCCCTCCAGTTTAAGGTATTTAAACCTCGTAGTGTACAAGGCGAGTTGTTACATTCGCCAGCGATGCGTCTAGCTCAACTTGGTATTTTAAGCTCGGGCCGTTCTCGTGTAACAATCCGCATTCTGCCTAAACGTTCTGGAGAAACACGGTTCGGAAGACGGTCTAAATTTCATCACCCCGGCCGACCGGATCCGGGTTCTGTGCTAAAAGATGGACTACGTCCAGATAATATTCGCGCCAAGCGTTAGGTACTTCTAGGTGTCCCTGGGGGTTATTGGAAATCTTTCGCCAACCATCTACTACCCTATACTCAAAACGCACGCCGC,1034,48.84,Homo sapiens
SEQ_693379,TAAGACCTCCAAACCGCATATCGCTACCATACTCCAGACTGAGTCTACACGATCCTGGCATTACGTCAGCGACGTATATAGCCCTACTGGACTTCATATGACCAAGCCACGATAGATCGAAGGACAAAAGGCCTGCCCGTCCGCCTTGGAGCGGTAAGGTCCAAACGATAGGGTAACTATATACCCAAAAAGCATGCTGTCTCAGCCACCTTAGCATTTTAGGATCGACCGTTCATGCGCACATCCTAACCGGGACTTCAGTGAGAGAGCCATACGCAGCGGGGGCCGCTCGGTGACTCCGAAAGCTGCCTATCATGAATCAACGCAAGAGAGTTTATCCCACCCATAGGCTGTTCTTGAGATGCTGTTAAGTCGTGATCGTGGAACTCAAGCATTGGGCTGTCCACCCCTATTTGTATCGTCAATGAATTGCATGGTATATCGTATAAATATTTTCGGAGTTCGGAAGCCGTACTTAAAAGGTAGCGGCATAACCGTATAGTATCCCTGCCGCATTATTCTTCTTTCCGAAATTATCCATTAATAGAGAGATAGGCGTTCGTCGGGGACACTTAGCGACTAGTTCGTCCCCAGGCGATTGGGCGGAACGTGAGACTCCTGTTGCACCTTATAACCCAGTCTAAGTGTGCAACGCCCTTCTGACATGTTCCCTCTCTTTGGCCCTAACCAACGACTGATCCTAATTACCAATCCGACCTCTCCAGAACCCTTTACTGATTGAGCGGGACTTTTTAGACTGTGGTGACAAGGTCCAGATAAAGGACGTGAGGACTGCTCCAATAAAGCACCAGGCCAATGTAGGCCATATCAAAAGAAACGAGGCGTAGATCCTAGTTTATATCTACGCATCAAATCAGTTAACTACAAGGGATTTGGAACGCTGGCGAGTGAACGGACTTAGGTATCAAAAAAGTTAGCACGATCGACTACTCCGACTTCACTGTTCCTTAGATGTGGCTAGCTATTGCGTTTGTGGACGGGGGGCTCATCCCAAGACAAGAGAAGGGCGCTGGTGATTACGCCTATGGGGGTGCCGCCCACTTGCATTGCTCCAGTACCTCCAGGTCCGGGCGAGGCACATTACTAAGCCGACATCAGAGCAACGATCGGTACTGTAGTAGGCCGCACTTGCACACTCTATCGAGCGACAAAACCCGTGACAGCGGTTCTGCATGGGAATACGATTTGGCATAAGCTGTCGAAGTTCCCGGGATTTAGGTCAAACGAAAGGGATGAACCTATGTCTTATTGGTATAGCAAAACGGGTTTTCCCGGTTAGATGCGATGGTATTGCATGCGAATACGAATGTGACGTTAACGATAAGTAAAGCACCGGCCGACTGTCGTGCGAAGTGTCATTTCGTACGAGGCCCTTCATGCCAATTCGGGACATGCCAGCAAGGTAGAGTGTTTCTTGAATCCTTGTAGGCTGTAGACCGAGCTGCCACACCGCTAGATCATTGAAGGGATTATTGGCTTCGTAATTCGGTCTCATTGCTGGTCGCCTTAGGGAATGGTGTGCGAACGCAGAATGCAAACTTGCATAGACAATTTCGGCTGGTTAAACCATTGGAATAGGGGCTTATTTGGTGCTGACGAGGCAGAAGTATCGGACTCGTAAAATAGCGTCCTTTGTCCAATGGCTCACCTCTACACCGCAGGGGGTATCTAGGTTCCAGATTGGCGAAGGTAAAACACGCACACGTCGTGAGTGGATTGCTTTAGCACAATAATTGGGACACCCACCTGAAAGGACGCCTCTTTATTGGAGGTTT,1796,49.16,Mus musculus
SEQ_949552,AAGTTTTGGCAAGGGCTGGACGTGCATCCTGAAGTCTGTGACGAGTGCTACGCTAGGCTTCGGCAAAATTGATACTAACGTGACGCGTCAAGCCGGTGCCATGGCTACGGATCCGATCTGTAAAGCTATGAGCAATATATAAGCGAATCTCCGGTAGGTAACATAACACCGTTGTAAGTCTCGAACGTAACGCATGATGTCATTGCACATGGCAAAACATGGCGATAAGTGGCGGTTGACCAAAAGAAATTACAGCCTAGACCGGGCTTGCGGGAGGAGGAACCTTAAGCGTGCGACGTTGTAGCGCCCTTTAGCGCGTAACT,323,50.15,Caenorhabditis elegans
SEQ_319195,ATAAAACGCATAAATATTCCCCAATTCCCCCCGGTACCCATCCATCTGCCTCATAGACCTATTCCCAGCATAGTAATTTAACCTAGGTATACGACCTGGCCGACACATTGGGATGTGATGCGCATCGAGCAGCCGAAAGCGCTACTCAATCGCTGTTACAGCCGCTCTCTTGCTAGAACTTTCAAGGAACTCCTGCAACCGTCGCTTTTCCGCGGCATCAGGTCAGCTCTGCTTGGGATGGCAGCGAATCGTACCCCGATAGCGTATTTCTGAAGCTGGGTGCATCTACGCTGATGGCTTCTATGCGGCCCCCGGACAATTTCCACACGATCTCCTCCTCGTACTACTTATCACGGGCGGGGAATGCCCTTGCACTACGGCTACGTGCATACTATCAGTGGCAATGCGCCGCAACTAGCTAACGCCGCCTCCTCGCGGGTGGAAGGGAGCAATCGAGGTGTTGTCTGCTGAAGGTTTCCCACAACGTAACATTTGCAAGGGCAATTTTTAGACGCTTCCTCACTATCCTTAGAATCCCCGTATGGGATCACATATAGCAAAAAGTCGGAATACATCCCTTGCCTTTAGACGAAGGTGCGATTGCTGCAACCCCGGGAACCTCACGCTACATCCAATAGTGGCACAGATGCGCGGAGCCAATGTACTACGACTCACCTCGGGGACTACATACTCAGCATACAAGATCCCACGGTTGATAATTATAGACAACGCTAACCCTTAAAGCCTTTGCCGCGCGGTGTGAACCGTGCCTCTGACTACAAATCCAATCGGAGCAGGATTACGTAGATGTTCATACACCCGGTAGGATCCGCCACTTATGCGGGGGCATGCCATCAAACAACCGCGAGCACCGACACTAACTGGCCACTTATTAATAATGCAGTTGGATGTTACCATGACTAGGGCTCTATTGTGGGGCTCCTTGTCAGTTACTGTAGATGGCCAATTGTCTTGATAAAATTATGTCGCCTATCATCAAGAAACGTAAAGGCCAAAGGGTGTATCGTGGTTCCTCCTCTGGTTCCGAGTTTATCCAACGCAGTTTAACATGTCCCGTCTTTCTACCTACGGTGGTCTGTTCCATTAGAAGCCAAGAGATTCTATTCAA,1129,50.22,Escherichia coli
SEQ_648331,GCCCTACATTTCGCCAAAGTGTTCACATCCTGCCGGCACTCTGGGCCCATCCTGAGTGATTATTGACCCCCACCGCGCGCGACACTCTTACTGGGCATGGGGTTGCCAACACTAATAAGTTACGAGGAAACATCCATCATCATAAGTCGTTACACTCAAATTAAGCGTCTACAAACTCTTGAGAGTACGAACACTCTGATCACTTCGCACTACAATGTACCTACCACAATAGGTGAGCATTGCTTACTAGTTAATACGTATGTGTTTATCCAGCAAAAACTTGTCAAACAATACGTATGTAAACACTATCGGCTTTGGTTGACTCATTTAGCGCATACTATGCAGGGTCTCATGCTACCGTTATTTCCGGCAAATTCCCGCAGAATTGGCATACATTGCGCCAAGGTCTCTCTCTTACTTGCATGGGACAATAAAGAGAGCGTCTTCAAACCATACTAACTTCTAATCCTCGAATACGTGGGGCCCGAGCGGCAATGGTAGGTTACAATTCCCCTGCGCGGACATTCACATATCTCCAGATTATTTCGTCCCACTGTGCGTATCTCAGCCGCTCGACTTAAACCCGTTCACTTACGCGTGTTACTTTCTTGACACTGCTATATCACGTGTATACGACACATAAGCTACCCCGTAAAAT,658,45.9,Caenorhabditis elegans
SEQ_673327,GAAAGACAACCAGGTCATTTAGTTAGTTTCCGTGTGATGTACCGAGACCGAACTGCTTTTCTTGTAACAGAAAATAGCGATGACGATAGCTAGAATAATGGCTGCTAGCGGGAGGTCGTTCGCTAAAACGGACAGCAGGATACGGTTCAAGCGTCGGACATTTGCGTTCTGAAAACGAGGCGGTGGAAAATACTCTGTATGAGGGATTTGTGGCACTCAGGAGTTGATGGGGTAACTTATGGGGGAGATTTCAAAGTTTCTCCGACTGAGATGTTATACACTGTATTGAGTTTGCAAGTTTCCGGCTCTAGCGACACTCCTTGCTTTCGATTTATTCGGAGGCGACTGGTTGACGTGACCTCTGGAGGGCCCACAAGTTGCTCTTGGACACCTAGCCTAGCTTGCCATCACTACCCTACGCTTCATTCTGTATGAGCAGCGTGTATAGGGGGAGATCAAGTACGGCGCCAATGAGGAGTAGAGAACTGCTACTATTCCGTCACGCAGGCGGCGGTATTATCTATCAGTGGACCATGGATTAAGGACCGATTCAGGGAGGTATCTAAACAGTGTAGCTTCAACTATAATAGTGTTGTTTGGTTGCGCACGCCGGCTAGGGAGGGCGTTAACGATCATCGGTGTAAGTTTAATTACGTATTGTTCGTTAAGGCGCGGCATCCTGTGGGATGACCAAAGGGTATACGTGTTTTACGCACAGCCAATGGAAGAAAGTTGCATAATCTTGAATTAATTTGGGAAGTCGTTCGGCAATGGACAGGGGCTCCGTATGCATGTAGTGTAGGTTTTACGTCATATGACTCCAAGGTATATGACGGTGGTCAGTAAAAACCTCGCTCAAAATCAGACCAAATCCCCGTTCTAATTACCCCTCCCCGACACCAGCAACGGTAGCTTGTTTTCAGGATAGAGTGCCTGGGTGCGTTCGAGGCCAGTCGGAACCCCGTGAATCACCACTCGTGATATCTATGAGCGGTACTGTGGTCTGCGGATGAGACTATCGAAACGGACTCCAGGTCCAGGGGTCTCTCGCTTCTGCTCTTCCCGACTCCCCCAAGGGAGAGATGGTGGACCACGACCGCGTGAAGTCTAGCGGCATCTAAACTTTCGGCAACAACACATTCTAGTGGAAACCGAACGGAATCGTTCCTCCTGTTTCGAGGAGGGTGCTAGACGCCCCGTATACGGTCT,1209,49.63,Arabidopsis thaliana
SEQ_946271,GGGGTCTCAGAAACCTCTAAAGGCGAGGCCTGCATCTAAAACTATCGCCCAAGAATGACCAGGTTCCTTGGCACCACTCTAATTACCCGCGAACTGTTGGGCGGCTTTAACAACCTCGTTTTCGTCTTCCAGAACGGGCGATAACCTTCCTTGCTCTAACATATTCAGATTAGAATGGCAGCTATTTCCATTTTATATACATCGAGCCGAATTCCACCACATAATCCTGGCGCGTCATCACCCTGGATGATGGCAGCGGCCGAACGGTTAGTAAGCCTGTGGATCGGCCTTACGTGACGTTCTAAGTATAGCCCGCCCCGGGCCATAGGTTCGCGGGCTTATCGCATTCAGCTGCAGCGTGTGTTAGGAGTTAAAAGAGTCGTAGTGGCGTTGCACTGTCCTCGAAACGCTTACCTAAAATTTGTCCTTTGTTGTGGCTATGCTTATGTTTTGAACTACAATAAGGCGAGTACGCCAACCCCGTCACTTGTGTAGAGCTGGTTGATCCTGGTCGCGCGTTCGGAAGTAATATGACAGAAATCCCATAAAGAATTTATGTCCTCACGAAAGCCTTGTGGTTCTTCGGAGGAGCACGATATAAAATACCGACTTCAACTTGTGTTCGAGATGTGGGAGTCGGAAACTTATGACGCTTGGTAGAGCCCGAAATAGAAGCTGAGACTAATTTAAGAGCGCTCAAACCAGTGTCCCTCTGTTGAGGGGTGACTCCAAAAGCTCCCCGAAACAGACTACAGCTTTCACCCTGTCCCTGGAGAGATAGCGGACATATAGCCAGCTACCGTGCGCAAATGAAGCTGAAGAACATCCATAGTATCGGGTTCATACTGGGATTCCGTGGATCTTCGGCGTCGAGCACGATCACCGAATTATGTAGTCACGCTGCGCGGTATATCTGATTACGCTTACTGACTATCCTTATTCAGTCTTAAAGTCCTCTGCGACATGGGTACATTACTTACGTAAAGGGCACCAAATTAAATGCCCCCAATCGGACTTATCTAAAGTCGGACCCGTGGCGATGAAAGTACGAATTCGGCATTCGAGAGCCAACAAGCATTAATGTAACCAGTTACGGGTCCGTCAGTATCGAGGACCGACTGGTGTGCGACCCCACGTTCCGATGATACTTAATGTAGCGGACGCTATAGGTCCCAAACCGAAAAGAAGTGAGTCAGTTGACACGTCTAGCCATCCACATCGCTCACGCTTTCAAGCTCTAGCCTCAAACCCTAATCTTTGATTTGG,1266,48.66,Drosophila melanogaster
SEQ_957446,ATGGATGGCCAGAGTATCTAACTCCCTGGTGAGGGAGACCCATCCATCCAAAGTGGGTCGAGTATTTAGACCCGGTCGCTACCTAGAAAAGCCCAGCATTGGCCAGTATAATGTTGCAGCCAAGACACGTAAAGATAAGGCCGTCTCTCCCAGCGGTGACTCGGTGTGGCTCCGAGATCTGAAATGTCCGTTAGAGAGGGCGTACGGAGATGAGAAGGGTATGCTTAAGCTCGCGTGTAGCCACAGGTTGTGTTCACAAGGGACGCCAACCCCTGATGAATAGATTACCCGGCGGTAAATTCCGGGAGCGCTCTATGTACTGAGTTGCTTTTATGGCAGGCTCCGGAACCCTGACACCGCATGTGCGTGACCTCACGGCACGGTCAGAGTAACGATACACTGTGTAGGAAGCGCCAAATATTCGTTGAACCGGTGTACTACTTTACGTCACCCCCTCATTGCATCGGCGTTCTTGAATACTTAAGTAAAGTGGAGCTTTTTCCGTTGCTCATAACGGGACTGCGCTTTCGCTGATCCTTCAGTACTTCAACCCCCGTATTGGTTCCCCAAGGAAAATCATAACTCTTTAACTGCTACGGAGCGTTGGGTTTAGTTCATAGCGGGTTGTAGGACAGGCTATCCCAGCCTCAGATGACATAATCAGATCTCGTTTCAAGTCCCCTCCTCAGGTCCACCCTTGAGCACTACACTATGAGCCACCG,722,51.39,Homo sapiens
SEQ_611391,CCTGCGGCGTTGTTACGGGTTCGAGGTCCGCGCTGTGGTGGTCAAACTACTAGTGCAGTGACATAGTGAAACAGGAGGGAGTTTGAGGGCTCATTGAACTCTTATCTTAACCCTTCGGTGTATTGAGTCCAAATTCATGGTACGGAGTGTCACGGTTAATCCTCCCGGAATCTCGTGGCGAGTGGGCCCGCGAGACTTGGTATGCCCTCGCATTGGAGTCCTACTCCACAAACGCATCAAAAGAAGAACGTTTTAGAGTCTGTGCCCATGGTGCTTCGCTCTCGCCATGATGCCCGTAACGGGAGCCGATTCAAGCGAGTCACTATCGGTCAGAATCCCCTTCCTAGTCATTTCACCCGCACCCGAACGCCTGCCCTCGACTTGTCCACGCGCTAATCCGAGCGTGTACCTTCGAAGGCTGCTAGTTGTGTTCTTCATAATTACACCCATAGGTACTCTTGCAATACGGACCGGCTGTGCGGATCCGTCTCACAGCTCAAGTACTATTATCCCTTCTCTCGTGTCTCTCGTAATGGACTTCGTTGCCTTACAAGAGTCACACCAAGCGTTTGGATTGGATATTTGCTCTAGAAGGATCGTGCATTTTTCCGGGGCCATTCCCGGGCCTCGTACGATCCCCGGGGCATGCAGTACAGTATCTTCTTACAAGAAAGGCACATACCGCGTGCAGCGGCAGAGGCCCAGTTTATTATGTTCCATAAGGGAGCCCTTTCGCTGCGGGGCACTTGGAGTCTCGTCAGACACTTAGTGAATAGACCGAAGTCTTTAATTGCGTTCTAGGCCTAATCTCATCGGGTTGAATGCCGCAACAGCGCATCCGCTCATAACGGGAAGCCGCGCGCTCGTCTAGGGGGACTCATGAGTCACCCGAACGCGATAGACGTGATGAACTTTGCTGATTTTAGTGGACCAATGGATCAATGACAATCGTAACGTTCAAGTCTATCGGAACTATTGCTAAGTCTCATGGTTGGTAGCGCTGATACCAGCAGGTAAGCAGGCAAGCGAGGATTGGATTTGGACCATAATGCCTCCTTA,1059,51.75,Homo sapiens
SEQ_444107,CCAGGAGCCCGGTGTTCGACTCCTCTAGATTCGTCAATGTCAATTGTACTGATAAAGTACAATTGTCGCGTGGTGTGCCGTCTGACCTACTATTTGCTCGGTCTTTGAGGTTGGAATGTTGGTAGGCCCCCTTACGGGCACTGCTGTCGACGGCGCACTGCGTCCTAGCAAATATTCCGGAAGGCGATCTGGCGCGCCCTACGGTGCAAA,210,54.29,Homo sapiens
SEQ_558694,TCGTTTTACTAACTCACCGCATCTGGGCATTATTGAGCCAGCACCTCCTAGAGCGGTACGCAGGACTCCGCCGTGCTCCCGTCCCATTTTGTAGAATGTTAGCTATCAGCAGGGACCGCATCTGCCGGCTATTCATCCCGCAAAAAGCCCGTATTCCAGCGGCTAGACTTCAGTGTGGAGTCCACCTCGCGGCAGCTAGCTTCTCCATACTCGTGCTTAGGACCCGCGAGCAGCCTATGATTTTCACGTACAGGATCGC,259,55.21,Caenorhabditis elegans
SEQ_763015,TGAGAATGCTCCGGAGATAGTGTCGAGGTCTAATAGTTAAGCCCGAGGAGATAGGCCCCGGCTAAAGATCAACCAGGGCGAACCGGCGGCGCCTTGCCGAAGAACGAATTGGCAAATGACCTCATCGGTGCCCGTATCCCTTTTTAAGACTACAGTATGCCTACAGATGCAACTCAGCATCAGACAGTCTTCCAATTAAATCAGATCTATTTTAGGACTGCGCGATCGGTCAAACTTTTACAACCGATGACTTCGTGTGT,260,48.85,Caenorhabditis elegans
SEQ_502988,CGTAGGCTAGGAGTCCAGCGGTTAAAATTTGAGTACGGATTTGGCCTAAGACTAGTTGAATGCCTTCCTCATGCCACCTGAGTGAGCCATGAACTTACGACAATTTCCCGTAGTAAGCAAAGGTAAGAATATATAGCCACGTGTAATCAACACTAGTCGCGAGACGGCGTTCATGTAATGCAAACGGCTGCTCAACCCCCCACGTGGCCAAACGCAGGAGGTAGTGACCATCGCTAAATAAAGGCCTTAAAGGGAGTATGAAATATCCGCTCTATGTCATGAGAAAGTACCCTAATTTCCAGCGACTTTACCCGTCGCAAAAGCTAGTGGAGAACGCCGTTGGTTCACAATGGATCTAGAGGACCAGCGTTCGAATATTCTCCATCTGACGCAGCGTCATAATCAATAGCCTCCGAAGAGGTCTGCTTATAGGGCTACGCTGCTGTATGCACGGTATCTTAATAAAGTGGCTACGAGAAGAGTATGGTAATCGATCCGTGTCGACCTTCCGCGTAAAACCCCGTTCGGATGCTTTCAGCAACGATCCACGCTCGCTTAGGAAACAGTATCTTACACTCTACTCTAGTACGCCGGTGCACCCCGTAGTATCTTAACTTAGATCTGCAGGTCACGTGTGTTAGGAATAGGGGTCTGCTGGCACTAGGGAAGTAGACGTATTTACCGACCGTTGTTAGGGCACGATGGGGCGGGATGGGGCAAGTGGCTTCGCTTTCGCAGCCAGCGCCTCAAGAAAGTGGCAAGCGCTTTGGGAGGGAGAAATCTATTGATATGGTTGGCCGTCTGGTATCGCTCTAGTTGCAATCATCATCGGAAACTATTTTCAAGACGGACCAGTAGCCACGAGACCGAGGGAGGGTGGAATCACCCTTGTCAACTATTGGGCGAGACGCAATGAACTACAAGTGGAAACCTACTGGGGGCACGAAGAGTCCGACCTCGCTCAGGCTGTTCCGAGGCTGCCGGATCTCAACGATAATCTTCTTAATGGTAGTATGACACAACGGCGACGGCAGAAGAAACAACTGAGCCCTTCAAAGGCGGTGATTACATCCCTCATATACACCAAAACACATGCCTCCTATGAACAGCTTAAAGATGCCCGAGGTGGAACCAAAAGGTAACGCAATTCAGTGAGACCTGAATCCTGATATTGTATAAGCAGTCCGTTGTGGCAGTGTTCCAGGAGTCATTGCGAGAGGATGCCCACTTAAGGTTAGCCACGCAAAAACGCTCGCGATATGTATGTGGGCGCGACTTGCCCTGGACGAAGATTGTAGGCAGAGGACCGGCCGCCTGGTCACTGTCAGGATTTTTCAGCGTATAGGAGTGATCTTATATCCCGTTCCTTCCGCTGGATAACATAGAAAACCGAATGCATCCAAATAAAAAGAAACTGTTGCAGCTTTATGTGCCAAAAGGTCAACCCCATCGTGAAACGTATAATCCGTAAGCTGTGGCATAGGTGAATGCCTGGATGTA,1500,49.27,Drosophila melanogaster
SEQ_580301,TACTGTCTGGCACACGAAGGTCTGATGGAATGAGCGAATGCCACTTGCCTTGCGACTCTTTTAATGTTTCTGAAGCCTAATAACTGCTCGCGGGTCGTCTAGCAAACGGTAGCACGCTGAATCACCTGTTTGTCTTAAGATTAGCATGGCAAATTCGAGCGGCGCCTTCACGCGCTTGGATCCATGGATCAGCTTCAATGTTGGACAACTCCCGGCTAACCACGGCCAGGGGATAGTAGGCATAGACCGATGTTGGCCTAGGCTATTTCTCGACGCGGGCCGTCCGTAGGATACGATTTCAGACGAGTATTATAATTTGCACCTCACGACAATCACGAGACACGCTTCTCTTGCGAAACTCATCGAACTCATGCGCACCGATGCGCTTGTAACTTGTTTAGGGACTTCATTAGTAGCACCTGCGCAGAGCGACCCGCTGGATCTAAATGGGCGCTACAATGTGTAGGAACTCGACCGCACATAATTATGGTGTAATTGCCGGGTCCGTCCTTCTGGACGCAGAAATTAAACTCGCGATGGTGTCAAACCTCTGTACCCCCGTAATAAACGAAGAACCGTATAACCCGATGAGTGCATCGGAACTATCAGTTAGGTATGAGGTGCACTGTAACAATATGATCCAGGACGCGTCATGAAGTAGCGTGCGCAAGAGGGACTGGTGCTAGACCTAGGAAGATTTGAGTCAATGGCAACCCCAAACGCATGCCCTCGATAGTTGAGTCTGCGGATGCAGCGTTTATATCACACTCATCTCACAGTAACCAGGCGCGCAATCTGGCCCTAACGCATATTGACCCTTCGTCTGTAAGTGTAGGAACAGCTCCGCCGGAGGAAATAGCGGTACAACCTGCCTTATGATCAGCGAGCCATGGAGACCAACAGAACCAATTCAGCACTGGATACTGCCATACGGCAAGCAGCTACTAAAGCTCACCAAAATGCCACCCGCGGCCACATCGCTATTGAGAATGTAAGCTCTCCGCACTGGGGGTCGAACCTGGCTTCTAAGAGTTGATCCTCAGGCCTGTGACAGTCTAGGCAGGAGAGTAGATGCCGGTATCCAGGCGATTGTACGCCTGAGCCACAGCCGCTTTCACGTTCAGCTCAAATCTAATCCCGTCCGGCTGTGTGGAGAGACATCGCTTTTGCGATCTAACACGCCCGGTAC,1189,51.47,Mus musculus
SEQ_247077,AACCTTGACCCTTCAACAATTCGTATTTCTATTGTCTTAAAGTAGCAGAGTTACCTCTCCCTATATTACTCGAGCGCATTCGGCAGGTTCATTTGTCTGATCACATAAGTTTGCGGCGCAGGCATGGTTTTAGACGCCTTCCTGCCTCTTCAATCCGCTATCAAATCCCCTGTGGAAGAAGCTACCTCCCGACGAAAGTGTCAGTGCCGTCGGGTATTCTTGCGGATCTGGAGATACGATACGACAAGTGCAGAATGCAGCTTATACCGGGACAGCACGCGCAAAGTCCTCAGTCACTCCATCCCGGTCAGAGCTCGGAAAGACTCACCGCGTATGATCAATATCGGCCCGCTTGAATACTCTTGTTGAGCTGGCAACGCGGGCACCGTTCCGTAAGGAATCCTGACAGTGCTGGTTATCCGCTACCATGACTAAGATTGTCGATCCGCCGAGTCCAATTCTATAACTCTCGACGGTGTATGGCCGTACGGTAGGTGAACGTTCTCTTACATGTGGTCTATACCGCGGTGCGGTGCAGAACTGACGCACCCTTTCTCTGGGCGATGCCCAGGCCCTAACTGGAAACTCGAAAGGTGTGTGGAATACGTTCTCTTTAAACGGAGGGACGAGAGGAGACCTGTTTGACTACGGGAGTTCCTAGGTAAGGTGCTCCAGGGACCAGCATTTCCACTCCTGCGAATTAGAGTTCGATTATGTTATATTACTAGGGCATTTGATTAAACGCAACTTTACACATATAAAGATCGTCTTTTGGAGAAGACGTGACAGAAAAGGGGTAATCGCTGTACCTTATTAAATCGCATGCTGGGTATTGCGGGTACAGTCGGTCCTTGCAAATGTCTGCCATGGGGATCTCCCAATCAGGAGGCTACAGAATCCCGTCATCAGAACGTTCAGTCAGGCCGAGGCCCTGCAGAGGGCTCCTCGTCAGCCGGGAACTGCGTCTGCAGACCATTATATACTCTGATGAACCAAATTGCTTTAGTCTAAAAACTGCGCATTCTCGCTCGGTGGTCTCTAATCCCGAGAGAGACACGGGTGTCAGCTATTAAATACTCTCTAGAGTGCGTGTCTTCTATACATCGGGGAATGAGCAGCCGTTAATATAAGGGCGCTGAACCGATCGGGGCAAAGACGTCCCCTTCGTGATCACCACGTTTACACGAGGTAGTAGACTTCGAAAGGGTGCGCGATGCAGCCCACGCACCTAAGGAGCTAGCATACTTATTCACGCTATGAACACAAGATGGGCCCTTCTGTGGAATCCACCTTGTGCTCGAAGCAATTCGCTCAGCAAT,1319,50.19,Caenorhabditis elegans
SEQ_174626,CACCGGCCTAGAAACAAATTGAATCGGATGTCCAATTGCGTTACCGCCTTTATCCCAAGCTCCATGTCCGTGTCGTCATGAGCTTGTATGCGGGAACTCGGGATTACCCTCATATAATTTACCGCAGTAGGTGGTCTATTAAGGCCTTGCCCCCCACTCTGTCTCTTACTGCACATTTCGATTAAGGAAAAGACTCAACCGGACAATTACTTTTAGACCGTTCACTAAGCCTCAGTTCTTGGTGGAGCACTCCGTCACACGGTGGATATCGAAGCTCCATACTCGACCGTGAAGTAACTAATCGACGCGAGGTGCTCCGTGACAGAACAGTTAGACTAACGCGTCGATATGAAATCTTATCATCTAGCGTACACAATAAAGGACACTTGCTTACGCTCATCGAACCGGCCGGATGCACGTGGTGCGCCCTGAAAGTTGTCGATACTTAGGGATTCGGCGCTATCTCTGCATCCTGCTCTTAAGTCGATTAATTGGATTGCCTTTCAAGATCTACGCTGACACCTCGATGTCAACATGTACCTATCATCTATCACTTATAAGTGTGACTGTTTGTATTGTGAAAAGACGGAATCTAAGTCGACGATGGGCTTCAAAGGCGGGATTCCACCTGTATTAGTCGGATTCGGTAAAGTAAACTGTTTTTAGGTATCAACGTGCCAGCCCGCAAACCGACGTCCATCATGGCCCTCAAGGAACGCAAAGGTGCGTCATATTGAACCTCTAGGCAACCTTTGCAGCGCTGCCCTAGTAATGAACCCGCCAGAGCACTTCTGACATACAAAGGACATCGTGCGTTATTTGTAAACTTTTGGGCTCCACCTCCATCGGACCAACGCAAGTCGATCCACCCAAACACGGCATACTCTGATAACTCAAACAATAAGAGGAGTCCGTAGCCACCCCAACTCTCATATAATTACTGCGTCTGACTCTGAATTTGGGGCCAAGACCAAGTCAGCCTGCAAGGATTTAGCCAACAAAGGTGCGGGCAACTAAAAGGGACAAGGCGTCATTTGTCCCAGAGTTTGTCGCCGCATAAGAAGCCTCCATCGCACGACGAGGACCCCCGCGTGCGCCAAGCGGGCCCCTCTCCTAAATGCTTTCCAGGAGTTCAGTATAGGGCCTTTTTTAAGAGGGAGCAAGACTCTCTATCGTTCAGAGGTCGGATTCTCAGAAATGTTGTAAACTCTCGGGTATAGGCCGTGTAGTACTCTGGGCCACGAAAGAGCGAACGCATCCTCGGTCCGTGACTTGTAAAACACGCAGACGGGGGACACTGACTCAAGCTATGTTGATTCCCGCATCACCTTCACGTCCTCCCTAACCCGATGCACGGGCAGTTTTGGCAGCCCTAATTCTTTAGCCGTTTTTTTGTTTACTGGACCGAAAAGTGGTTTTGACTTGCAGAGTCTTAGTAGGCGCATAATGGGCACAAGTATACGGTTATCCTCGGACATTAGGTAGGGAA,1489,49.03,Drosophila melanogaster
SEQ_408213,ATCAATCTGAAAGTGGGCGTGGATCCCCTCATTTTCCGTCGCAGCGCGCGACGCCCGATAAGGAATGCCGAGGGTAGTATCGTCCAAGTTCGCTTGACCCCGGTAGGACGTCTCTTTGGAGAAAGAGTTGCGCAGATAAGCAGTCCGGTAGATATGCGGCCTCGGTATCAAGTCCTGGCCAGCCTCATGTCTCTGATTTAGTTACTACACCTCACATCTTCAGCAGACTAGGGCAAGGTTGCTAACCAAGGATTTGGTGGTGGACTCTGGTCCGAGATGGCTTCTTCCAACGGTGGGCAAACATTATCGATGCAATACACTATGCTTCCCCGAATGGCTATGCCCATGCGAACACGGAGTCCATTTTTGTGTACAATAGCACCACATCTCGAGTGTCTCTAAACGCCTTGTCTGCGGTCGACCTAAGCCTGCTGCTCAGCTGTCGCGTTGTTAACAGATCCGTCTTTGAAAGTTTCTCAGAAGCCCACGAGTGAGATGGATCATATTCTAAGTGGCCCCTTATCAATTTGGACATGTAACGTGAACCCGAGGGTGCCACCACCGTAGTGAGCGGCATATACGTGCCAATTTGTGTTCCGCCAGCCGACCCTACCGGTACAATAACAATCTGACCACACTCAAACATATCGAACGCACTTGACTAACTTATAATTTTAGTAGCCAGGTCTTCCAAAACCGCTGGTACCTACGATCTAGCAGGGTGCTGTCAATGTTATGTGAATTAGAGCTGACAGACTTATGTGTGCATTTGCGTGTTTGACAGCTCATTCTAACCGAAAATGCCCGGCACTCCAGCGCAATAGTTAACATGTTTGGGTATGTCATTAAAAATGTTTATCTGATTCATCGGTAGGTTGATCGTGCGATGTATGGAGGTGATAGGCTCGTGAGTTGTGCCGCAACGCTGTTTAAGCGGTAACTATGAGTCGAGCGACTACCATGTTCTCATGAAAACGGATATTAAAGAAGGGCTACGTCGACGATCTTTTAGACTCGGGCGGGTTGATTCTACCTGTAATTAACTCCCGTAATTTCCCCCCAAG,1064,48.59,Escherichia coli
SEQ_267483,GGCCATTTGGACCGACTACCAAGTGACACTAGCACTACGGAGGCTCAGGCTCGTTGTGACGTGAACCAAGCCCACCGAAACAATCAACTTCTCCCAGATGCGCGAGGAGGCGCCTCATCATGACTGCTCCCATCCAACTCCACAAGCGTGGAAAATACTAGGTATTTATGTAAATATACTTTAAGCCGGTCCCCCTGAGCAGATCCCACGGCAGGTTGTACATTTGCGTAGATGCAGGAGGACGGGAACCTGCAAAGGGAACTAGGTAACCATGACGGTGGTCTAGACCGCATTTTCGTGACAACCAGGGACACCACGATTGCAATTACTCTTTAACCTTGGTCGGTTTATTTTTGAGTCTCGCCTCAAAGGTAATGCCGCTTCAGTGCCTCTCTAGGTCTCGCTCTCCATAGAGCATCTTGTCGCCTTGGCCCGATGGGTGTGTCTCTCCGGGAAACGGCGTCGACGCGTTCTGGAACTAAACGGCGCGCACCACCGTAGGGATTTGGGGGTCATGTCGCTTGACAAAGGCTAACCTTATAACCGTATTAGGACTAATCCACCTCTAACGCCGGAATGAGGAAACGCCAAAGTTGAGTGACCGTGAAAAACTAGGTCTTCATCAAGGGTCAGATCCAATGTCGCTGACCTCGCTTGGATACATGCACCGCGCCATTTGGTGCATACCTACCGATACGGCCCAATCCTTATGTAGAGCTCAGGAAGGGATGCGGTCTTCCGAATTGTTTGCCCGCTACGCGACAAAGGATGTATGACTTTTTCAAGCTGTGATCGTCGTGGCCTATCTAGGTATTGAGTACTCAGCACCAATCTCCCCTGTGAGGAGTCTCAACATACTCATGATAGATGCCTAGTCGGAGCTGAGGATAGGAACGCATTGTGAGTTACGCTCCAATGCGTCTCGTCGTGGATGGCATCACCTCGATTGCTAACATCACCTGGTGGGCGTTACCCCTAGACTTTACCCCTCATCCTGTTCCGTTTAGACCGTCCTTGAGAGGAGGAGCTTCTCCGTACGGAAGCTGAGTAGCACTCAACGCCCGAACGATACGGAATCATGTCTAGCTTGAGATTTGATTATAGAGCTCCACTGCTTCCCATGCTTCTGTCAGTATACTCATGCAGCTCAAACGACTATTGGTAAGGTCTCGAACTCACGTGGCCATCTGCGCATCCCAGGGCGGATCACTACGTTGTATACCGGT,1226,51.47,Mus musculus
SEQ_336139,GAAAGACTCTGGCTTGTGTCTGCCGGGAGTGATACGAACACGTTGGTTCCCCTAGAAGGTCCCTCTCACAATTCCCAGGCCCGGAACCTTGTTATGAGCCCATAATCACTACGGCGTCAACGACGTATCTGTGAACTTACAATTCAGACGCGTATGCAAACGACGGGTCGATCCTTTAAGGAAAACAACAGGTAATTATTAAAAACCCTCAAAACGGGGTTGAACCAACAATTCCGGGCAATCTTTCTCTTTGGCCACGAACTATCCGGGAGAATGAGCACGGGAGCTCCACAGCTCCGCTATTGTAAGGGTTTCCACCGTGTGAAACAGTGTAATTACTCTATGTGAACTTACAATGAGCCAGTGGCTACCCCATCCAGTCCAAGTGCATGAGTACCTGTTAATTCACGTGCACAACATACTCTTAATAGATCCTCGCTTGCGAGTGTATTCCCAAAAGTCCGGCTGGCCTCATTGAGAATGCCGCCCCAATTCTACATGAAGGAAGACCACTCTGTGCCGAGTGCTCCACCTACTAAAAGGTGAGTGCAAAACGTCAAGCCGCCAGGCATACTAAAGGAATGTATAACATGCTCGATGCACTGCCAACGCGCAACGGGCGGATTATGCAACGGGTCTAGCTCTCTGGCGGAAAACAAACTTTACGGCTATGTGGCTTCCACGACGTCCTCGTGGCAGGGGTGTAACCGATCATTTCTCCTGAACTCGCGCACACGCCGCAAATTCAGTGGTCATCGCTGATTAGTCGCTTAGGGAAGCATGGTATCAGGAGAACTTGGGACTGGGAAGGAGGTTAAGGGTTCCAGCGAACGTTAATGCATCCTCTTTGTACACACACAATTGGTCGGTAATGGCTACTGTCGCCCCGCGTCTTTGATATATACACGGTGGTTACGCGCGTCGCTAACGCTTCTACCAAGGATCAGTTTAACTTAGCGATTTTCGGAACAACGGTTAACGTGACTAGAGACGATAATGTGTAACGGGATACCTGCGAGCCACGAGCTTCGGATATATAAGGCTCATGAAACGACGTAGATCCCACACAGATGGGAGGGACACCTAGGGACAAGGCAGGCTATGGGTAGTCCGTTGATTGTGCAGACCATTGGGTTGCAACCTTTGTGAGTAAGGCCCCGCGTCCGACTAACATAATCGACTACTCCCTACGTCAATCCCCGGACGTGTTCCACGAAACGCTGGTAGAGATTAGCTTCGCCTGGTCATTCGGCCGATATGCCACGGGTGCCGCCGGATTGGACCGCACTGCAACCGCGAGCGTCGCCCCTTATAGGAACCATTCGTTGTTTCTCTGGCCTCTACTGCCAGGAGGCACAGATAAACGGAATGTTCCTGTCTCTTATATCTTTTCAATGGGTCGGATAGAGGGAGTATCCGCAAAATGCTTGCTGAGGTCGGAGAAGTTAGGTCCTCGTAAAGGGATGATACTAAACTAAGACCTGGTGTGGACCGGCGTTCACCAAGGACGAAATCGAACTGGATCCAACCAGTTAAGATTAGTTTGTGGCATTGATGCCTCCTGACCCAAAGCGTATACAACTAGCCATCTGGCTGACGGGAACCAGATCCCTAGGTTGGCCATGCATTGTAATTGCATGGAGTGTGTGCAAAATTGTCCTGCACCTATTCTGGCAAAAAGAACCAAAAGCTAGTCCGACGTTATAAAACCCGCGGCGCTTTTTGTGTCAGGGAGGGGGGGTCTTGTCTCAAGGCGCGCC,1760,50.57,Homo sapiens
SEQ_987043,GAGTCACCGAATTCTAGCGATCTCAGATACCGCAGATTACAGTTACTAGCTTATTCGACATTACACCCTCTTACTTGGCCTGATTCATGACGGTCTGTCCTTTTTCGTTGTAAGCCGGAAACCGCGATCTGTAATAGTCTCTAGTTACTCGACTCCTTTTGGAGGAGAAGCCCAAGGCGTGCTTATGTGTTCTGGCCACATTTAACCTACGCGACGCTCGCTAACATGTGGGCATGTGATTGTTATCATGTTTCGCGCCTGCTGGGTCGATGTGGTACGATTACAGGATGACGCGTCGTTATGTGTATGCATCATCCTGTTCCGAATACATTGAGTTCCGGGGACCAATCGGATGCCGCGAGATAGGTTCAACTGTACTCTATACCCTTCATCACCACCAGGAGTAGTCCGAACCTTGCCGTGGAGGTGGATCCGCAAGAAGTGCTCCTCAATGTATGAGCAGAGGAGGCCTTGGGAAGCTCCTGCCAGGATATCGACCTGTGCATCATTCATCATCCCGAACGGCGCCACCGTTTCCTATTTATTATTCGGAAATTGTCTTCTGACCCTATGCTACGCGTTTTATCGATAAGGACAGCGACAT,604,49.17,Caenorhabditis elegans
SEQ_207843,TTTCCAAGCGGTTATAGTAATTTCGGGGTTCGGCCGTTTCTGGCCGCTTTCAGCTCTCTAGCTCCGGGGTTCGTAAAATGAGGCAGCAAACTCACTCCGCACAGTGCCGCCGCGGGAGAATAAAACTACCCCCCTTTCAAGCCTCCTAATACGACCGATCGAGCCAGCTTTAGAAGATTAGACCTGCACGACTGCCATCATGAGAACGTTTCGAGATAAACGTATTTCTTAGGCACCCGTATAGTTGTGAATCGGGATACGACATGGCATCAGTTCCGTGACAAGCCGTTTATAGTTGATTATAATGTCATAAAGCCCTACCCGAAACGACAGGCACCTTGTGCCCGGCTCGGCCCCTGGCTAAGTACCGATCGGATACGTCTCGTTTCGCCCTCGATTCTCTGGTTGTGGACCCGCATAATTAGAGCCATATTGACCTCTTCGTACTGTCGTGATTGGTGATATACGCGCAGGTACGCTGATCCTCACGAGATCCGACGTGAAAGAGGATTAAAAAGATCATCCTTCCTAGCTGCCTTCATATGTACACAAAGTAGGAAGGCCACATAGTTCCCCTTTACGCGATGCCTTAGAACAAATTTCAAGGATGTAGGATACCACGGACAATTAAGTAAGCATGAGGCCAGTTAGTATTTGCGATTGTGGATTTGGGGTCTGGGACTCTCCCGACCACCATCCTCGCAGGATTCCATGAGAATACCTGCGGACTAATACTAAGAAGCTTTGGATGTAAGTTAGTAAATAAGAACACTCTATCCTGGCAACTGTCGACCAGGCACTAACCAGGGAGGTACTCTGAATCGTACGCGGTACTTTGTGTTCACGTATCTTGCACATGTAACCATGGAGCCCGCAACTAAGGGCTGATTTGAGATATCTGACCCGCAGTGGAAGTCGTTGGAAGACGTCACAGTCATAGCACATAGTTTTGTATAAACTTCACAGGGTATTTCATACGTAAACTCACAAGGAGTTCCCGAGTTTCGCATCCCTCCGGAGTCGTCTATCGTGAGCTACTCAGTATAGAAGCACAACTAAACGCCGCAATTCCGTCAAAATGGCTTCGGCCTTGGGTGCCCTCAACTATCTGCAATCACCTAGGCGCGCGAACTAAACTGCGAGAAGCAGCCGGCTATTAGCAACCGACGCGGAGTCGGAATAGATTCCGGTCACGTATAAATCGCTCAGTCATAGTCGGCACTAAAATCGGGATGAGAGGACGCGCTTCCTCTTACAGATATGCCGCAACCTGTTAACCACACGACCTAGAAACATGCTCCTAAACCGCCTGCGACCACGACACCTAGCTTTGTCGATGAGGCTCTCACAACACTGGGTGAACTGTCTCGACTGCCCCACGAAACACTGAGTACATCAGTCGTGGGACTCTCGTTGAGGCTATTATGTTTGTTGTACGGTATTGAACTCGCATATCGGCACAGGTATA,1468,49.11,Arabidopsis thaliana
SEQ_653358,CAGTTCGTATTGGTATAACTCGGAGCCGAACGTTCAGGCGTAGAGCATACTATTTACATTGTCTAACCATGTCTAGCTAGGACGTATGAAAGTTACGACGCGGCGCGGCACACCATAGCAACCGGAACTTAGTTTCTCCCGGTGATTACCCCGAGATCCCGTGCACAAACGAACGTGCGAAAGCCCGTTAACGAACACCCAGTGCGCGCGGGCGTATGAGATATGTGATGGTTATCCTGGATTGGTGATGAGCATGTAACCTAGGGGCTATACGGGTACCGGGATTAAATCACAAAACTATACCCCGACTGGTGGTTTTTGTTCAGGCATACGGGACCCTAGTAAGTAGTAGTCATACCACAGGTGCGATCTACTAAGGCCATGCGGGTTAGCGCGCCTTGCAATTACCAATCTCCACGTCCAGTTGAACAATGTGAGGGGCCAGCAAAAATAGGCGTCGCCCGCGATCCAATATTTTTGTCGAGATTGTCGAGGTCTTCAATTCTCACCTGTTCAGCTTCTGAGGGGCGTCAATCTCCGTCTCTTTATGTACACGCAGATTGTGCCTGGTCAATAAGTGACCTTCGTTCGCGAAAGTTTCCGTTCGTATTAACTATAATCTTTCAAAAGCCACATCATTGTATTGCACGACTTATTCCACGATGTTTTAGTCACCCGTGAAAAACGACAGTAATGCTAACCCTACCGTCGAGTCGTCAGGTGAATAAACTACCAACCCTCACTTGTCTGATATTGGTTAGCGAAGATTTACGATTTTAGCCGCCGCTTGACGTGAGACGTGACGTTAGGGTGCCGTGAGCAGCCAGCAAGGCCCGCTGCCCCTCAAAAGCCATACAATATCGCATGTATCTGAGCCACGTTAACGGTGACCGTCGTCCTCCCACCAGTGTTGGTACCAGCTACGAAACCAAGGATTTTTCTACTTGTTCCCGAATGTTCGATGTCCAAATCAGTCCTACTGGTCCTCAGCCGTTTTCCTTACCAGTGCCGGAGGGAAGTTGACCTGGCCTGGAAATGGCTATGACAAGCGTCTACTCATTCAGTCGGGCACATCCCTATCTATCTCTTAATGAAATTGAGTCCCCCCATCTATATATTGGCGAGCTCATATGGATTCCCCTGTATTGATCGGCCACGGGACCGCTGTGTTCTACCAGGTTTCGACCAACACGGCCACCGACCCTTCTGGCCCGCAGGAGAGTCCCATAACAACACTGCGGGTGTCCTAGCGTTACTCATGAACGCCTCTGTGATACGCGGTCGCAATTTTTCAATGACGATTCACTTTGCGGCTCCGTGATCCGTCTCCATGCTATTCCCTTGGTGACTCTCTCGTGAGGACCCCCCGTCAGCAGCTTTGCAATAAGTTGCGTGGCCATTACTTTACCCATATGACAGGCGTTTGAAAGAGCTTTATTTAGAGGTTGAAGCTAGTTAGGTCGGTGACGGCCTCGTTCACTATCGACAGATCCGTTATGTCGGGAATGACCCCTCCTAGTTCGTATCCAGAGCGACCCTCCACTATATGCGCTGGCCGCTTAAGGCAGAGTTCCCGAACCGAAGCCTTTCGGTTGCAATTAAATTTCTTGCGCTAGTCTAGTAAACACGAAAGTCGCTGTTATAACTGAGCCAAGGTTGTCCCTTCCCGCCCATGCAACGCCTCGGGGCCACAAATCTCTTCATAAACCTCCCTTTTTGAGGGTAGAAAAAGTCTCCATTGAGTAATCCTGCGCATCACACGTGCGGCCCTCCGTTCCTTGGGGAGTGACGACAGTGCCAGCTCCCGCTGCTTGCAGACGATTACGGGTCAGAACTGCAGCACCTTAGCGGGAACG,1856,50.59,Homo sapiens
SEQ_677555,TCTCACCGCGTGAGAGTGCAAAGTTTTTGCAGTGGGCTTGCGATCCGGATCGGGTCCCGTTCGCAAGGGCCATGGTTCTCCCCAAAAAGTTGGAAGCAGAGCGTAGGAAAGCCCATCAGTCAGATGTGGGCCGGCCTTTTCTAATCGACCGCGTCTCGCTTAATTACCTGCCTAACAAGATGAACCTCCTGAGCTCCACCACTGAGTAGTGCCCTGATCTCTCAACTCTTTAACCAAGCACAGCCAATACACTAGACTGTAAAGGTATGCGTTAAAGATTAACTCAGATCTCTCCTCTTAAATTCGGTTTTTGCAAAACTAGATTGCAGCGCAGCCCCCATCAGTGAATGATTAACCTCTGAGATCACCCACATGGTATTAGGGCCCGACCCGTGGACAGTAATACGCTGGCAATAGAAGGCAACGAAATTCTTGGATTTAATACCGACCCTGATTCCCATGTCTCATCTGCTCGGATTGTACGGGAGCTACGAGAACCATCCGGTATAGGATCCACAGAGCGCATGAACATCTCACTCGTGGTGCTTCCTGTGAGGGTAGTTGCCGACGGCTGCCCGGTATCCAACTGCAAACTACCAACTTAGTCGGATAAGAATTGCGGTAGAAGCGCTGAACCTGTCTATGATACCTAGGTAACTCTCTCCTAGTCTATTGGCATAATAAATTACGAATGCTAGGATCACAACTTCCTACCTGTGTGAGGTCAATTCATAGCTTGCGATCAAAAGCCGGCTCGCCATTTAGAGTCGGGCCGGTTGGAGTGTTCTCCCGTGACATCTAGCAGGTCCGCGTTCCTCCAAACTTTTCCGTTTCCACCCGTACGTTTAGCTCTACCAGTGCCTGTTTGTCTCCTTCACCTTTAGTGCGTCATAACGGTGACATGGCGGGAGCCCCAACAAATCCAGACTCCGATATCTGGACCGGGTGACTTGGGTTATTAGGGTAGTTAACGTACTTCGCAATGCAGCAGAATCACAATGCACTCGTTTGCAATGGCGGGAGCCCTCACTATCTAATAGCCCCCGCTAATTCCGTTTAAATTCAAAGCGCTGCGCGAGCACAACGCTTCTCTCCCGCAAGTTTCGAACGAGATTAAACCAAGTCTCATAACACTGCATTTGCCTGACAAGGCGAGTCTATGGCCTCCGGTTTGGAGATATAGTTGAATAATTGATTGTGAGATCAACTACTACTTACTATAACGCCGTGTATTGCGTGGTAATCCCCAATGTGACTAAGCCATGCTGCAGGGAAACTTAGAACTCAAAACCTTAGCTTTTGTGTTCGAAATTGATCCCCATTGGTGAGTCATGATTAGAAGGGTTGGCATTGTAAGCTTCTAGCGCAGTGTCCAATCTGGCTGTTCAGAGTGCCTTTAATGGTGAGTAGCTATTACGCGAGCAGCGATAACAGCTTGCGG,1441,48.65,Caenorhabditis elegans
SEQ_935526,GGTTCGTGCGTACCGGAAAGAGGCGGACTGTGTGACCAACACATTTGTCTGGTTCGGTATCGTCTGCGGACTTACAGGACGCTCGCGTTCTACTGTCGGCCCATACAAGGCGGAAGCCTGCCTAGGTTGAATGAGTCCGCTAGAATATCAGGTGCCATGGTTCCAACTAAAATGTAAAAACAAATTGTCGCCCAGTTCCGGGAAGATGCACTAGCGCTATGTTCTCATGTTGACCGCAATCAATGTATACTGTTGCTACGGGCTAAGGTTGACTAAAAGCCCTGATTTTTGTTGGCTTTCGGCGCATATCAGCACTAAGGTAATTCTTGGGATTATAGAAA,341,48.09,Mus musculus
SEQ_893672,TATGGATTTCATAAAGCTCCCTCCAGGTTATCAGATATGCCAAGACAGAGAGGTCTTCAGGTGTACAGATTCGAACAGGAGATTTCCCTCTTCACGGCGGCTCGCTTGAGTCACTAACTATTTTAACCACAGACAGCAGTAAAAGCCATACAAAACCTTGAACACTTTGCACAGACCTTGGGGCTTTCCGGTAATGGATTGAGTAAAGTTTTCTTATACGCGACCGTTTACGGAAAGGAGTGGACTATAATGCTGTCTCCCGGGTGGCAAAATCTGACCAGACTGACCGTCTTCCCCTGTCGTACGACACCGGCCGCCACCCCACCATTCTTAGGCACGAGATAAGATGCGCTAATGTTACGCTCGCTCAAATTCGGCAGGTTTCCGGATGCATTCCAGTCATAGAAGAATTTCCGCGGGCTCAAGGGGTACACCACCTATCTTCTATTTATTATGTCACGGGGTTCGTCGGGGAGTTTTCCT,483,48.45,Homo sapiens
SEQ_190789,AAGGATGAAACCTAAATGGAGTGGTACCGACGATCCCTACAAGTGACGTATTATATTTTTTATGACGATACCAAGGAATTAGAATTTAGTTATCTAGGAGATGGAGACAACGGTACGGAGCTCGCCGCATTCCCTTCATATGATGAGTGTTTTACATGCGTCACCCTTTGCCTAGATGATTCGCTCCAGCTCGCAGACAAGCTGCTCCGCGCTCGACTGACGGCGATAGGATAGTAAGATGGAAGGTATTTGTCGAACCCGCTCGTTTCAGATAACCAACGGAACTGTTTCTCCCTAATGCGCAACCCAATTTATGGTAAATTCTGGATGGATCGAGTGAGACCCAGTGGACCCCTCATCCCGTTAACGAGGTCCCGGCCTCCCGTTTATCCCAGTGCCCTGACAAAATCTCTCCACGGCTTCCAATGCCGGTTCCCGTGATGGACAGTAGGTGTAGTACTGCTGCCTGAGAGCGCAGTGTACCGTGGTTAGCGGGAGCGATCACGGATTAGCGCCCGTCGTAGAGGTAACCTTCTGGAACGAATTTTATATCCGCTAAGTTTAAGTGTT,570,49.3,Homo sapiens
SEQ_683016,AACTTGTAACGAGCGTGATCTTCACGATAATTGTTGCGGATCAGTCGATCTGCCACACCGGAGGAGGTCCCAGGCGACACGTCTTCCTAAACGCTCCACGTTACCGGGGCACCCGCGTACAACGATATGTCTGAAGTTCGCTTTCGTCATCCGGAGGTCGTAGCTCGGTGCTGAGTCTCGCCATTGGGTGTTACAATTCCCCCGGCGCTCGAAGGTAACTTCCGTACCAAGTACCAACGAGTGATTTGGGGGATTAGGCCCCTTGTTCATTGCCCGCTCTAAAAGGGAGCGGTCGTGATTGCCCTATCCCCTGCACCCGAAGTGCGAGGACTCGAGGTATAAATCCTGAGCATCGGATCATGACAGGGTTTTGTCGTCCCGCCTTACCGTTTAATACTATGCACGACTCGGAGTCTTGCTTGTCTAATCAAGCAGATCTAGGACTTGGTAATAGCGTCGTTACTGAGGGCCAGTCTTGACAGGCCACATCCCATAACTCAGACGAGCGAAGCAAGCGAGAATCACACATCCTTACGGGGCAAGTATGGTCGAGCTTCCTTAACTTAAGACCCCTGGAGACCGAACGGTTTTTGGCGAATCTAGGTATGATCGAGATCACAGACTGAGCGATAGGCCATATTCAAACAGGAGGCAGAAAGAATGAAACGGATTTCGTTACACGCAAATACAGCTTTCGTAGGCATTGCTGCCGTCGAGTGCTCCAGATCCACGTAGTTGAGTTACTTATAGTGTTACAATACATTCCACACGTAGCGCACAGCAACTGCTAAATGGATGGAATCAACTATCTTAGGATCTCTTTAAGCATGGTCCAGAAGTTTTTGTGTAACCATGGAAATTCAACCCTTAGAGGATGAAAAGTTCTTAATGCACGGGGCAGACACGGGGACACCTGTCCTAAATCCAGCGGAGT,934,50.0,Arabidopsis thaliana
SEQ_525768,ATAATCGTCCAGGGTCTTCTACTTGGTCAACCGAGGGCTGAGTAGTTTCAAAGAAACTACCAGACGTCCATGCCATCGTACTTAACCTGAGCTTTGCCAGATCTGGTTGTTATGATTGAGTCCGCAACTCATACGTGGATACACCACGCTTAGAGGCAGTGCTATCGAATCAAAGGTATACCGACCTTGGATGACTGGACCCCGCTATGCAACCGAGCTTATGAGGAGGTCGCGGGTATAGCACCACACGTACCTCCCTCGTGCGGGCCAGGCAATGGTAATGCACAGCCAAGCGACTAAGGGCGAACCGAAGACAGTATGCATGGCTAACGGATCTTTTCATGTGTGATGTCAAGGTGGGACATCATTACCCTGCAGAGGACATGGGGTGATATCCCAATGGCGAGTTCGCTGATAGAAATCTCCGGACTGCTCTCTTTACTATTTGGAATTGAGTGACGATGACTGTAGACCGTGAGTTCTGTGCCGCTTATCGAGCAATTGCCGTGAGTATACGTCCGTTCTTGGCATAACATTTCGCGGGAGCAACGTGTAGTAGAAACGGCGTGCATGAACCATTCTACTATCCTAGCAGCAGAACACGCATACGCTACGACCGAGCCAATATGGCGTTTACCCAGCTGGTGCCTGGTAACGCCGCTAGGGTTTATCTTATCGATACATGAGAATTGCCACGTATCGAGGCGTTCAATGAGCTGCTGGAGCTCAGGGTCACTATCCAGACCCTCATAGCTTGTCCTTGTTTTCAAAACAGCGCAAGATTAAATGTGTCAACTCCATTAATCGCTGAGGTCGCATTTCCCGCGAGCACCTGGGCGCATTACGATAGCTCATCTGCAATCTAGAAAAGATCCCCAAATTGGGGGACAACCGCCCAAGTCAGAAAAAGTGGATACCTGACAGCTGCTCTAGTACGTTGTTTCTGTCCGCGCCAAGTCCGAGTATGGTCTGCCACTGGTGGGGGGCATCGTAAAGAATCGAAAACAGTCGTCTAAGAGAACGCTAATCGACTTATCAGTGGCAGAGACTGAGTCATGTCTCGGCTCGAGCTTGGAAACTGTATATAGGCGTGGGGTTGTAGTCCCCTGTTAAAAGAAGTCATGGATAGTACGGAGTACCAGTAAAGCAGCTATAGAAATGACGGATAGTCTAGGAATAGGAGGAATTCTTTCCCATCACATTAACAAAAAGGACAAGATGTTGGACTTACGTTCGTGAACACTGAGTTTTGCGACAAGAGATCTTCTTCGCAGAGCTGTGTGGCGAAAAACTAGTAGATGCAAAAAACCGCTTACAGATGCTCGAGCGGTGATGGGGTGAACGTCCAGGATGTTAAGTTTTGCCGGTTTGAAGCCTTAGTAATGCAGCGAAAGTAACAGTGCGCACTTACCGCAGCAGCTGCACCTATTTCGGGATGTGGTGTCATTGTAGCCTTGTGGGTAGAATTCGGTACATGACTCAATTTCAGATCACTCTGCTGTCCGGGTGAGTAGCATACACCTCTAAAAGTCATCGATGCAGTTCCTCTTGGATACCGAGTAGACAGGTGCGACTACGCCCCGGGACGGTCGGAGCGAATAACGATCAAAGACTTATCGGATGTGCGGGTGAGCGCTGATCGCAACAAGTAGGAGTGTTTCTCAAGCACTCAACAACACTCGCCCTGGTGGGAGATCCCAGTCCAACACCCCTCTCCGCAGCGAATTCACAGATCATACGTGGTACTTACCGTACCACTGCTGCTGTTAAGGGTTGCGCTCCAATTTGGCGGAGTCCTGGCCCCGGTGCGCCCTAGGTGGCACAAAAGTTGAGGCGCCTGTGATTGACCGATGGCAATACAACGCTGACCACT,1873,50.08,Saccharomyces cerevisiae
SEQ_829240,GCCTAGTGCTCAAGCTACGAAGTGAGCGGGAGGGCACTTCTATGAGCCTCACGAGATCTTCTTCGGGTGACACGTATGAAGCCATGACGGTTGTTCCAGTGAAGAAGGGCAGTTGGGTATCTAACTATTAATATCCCGGCTTTTCTTCGACCTTACACCAACGATTCCTTGGGGTGTGGCGCATCTAGGTTCGGTGCGCCAGCCTAGGGGTTTCAAGCAAGGAAAAGCGTGCGGACAGTCGTGATGTTTTGCTTAACTAGCATCGGAAGCATCGGGGGCGAGAACATTCGTCGAGAAACGTCAAACGGTGATACAGTTGATCGTCGCAGACCGTGAATGGGTATCAGCACTCTCGGGGCGGAACTCGCATACGGGGACTCCGCCGTACATGCGACCGTGTGCATCATTCGTGTCTGTACGACGTGTAAGTTACACGGATTAGTTGGCCGGGTTCTACGTACAAATTTGAAGACGTTCTCACTAGGCACACATATGCTGTTGTTAACTTACAGAGTCCCCCGAGCCTTTAACATGAGATTACGGAGCAGGAGTACATGCATCTGCGCACCAAGATGGCTCCTTAATAATCCAGGTGATTCCTGCGAAAGAGTTGCCTTCCCCATTACAAAGCGCGATTAATTAAGGAATAAGTACATATCTTCTAATGGGGATGGGCCTCGTGCCATATAGATCAACGGGCGTGTAGGTAGATGCTCAAGCCTATGGTTCTCCAACTAGGACTTGCAACTAAATAATAGACCCCCTATCGCGTTGCTGCTGCACGTCCTAGTTGTGGAGCATGTATAATCTATGATAACACAGATCTTGACTATTGATCCCACAGGCTACCACCAGCACGGCGCTGTCAGTCTGAACGTGGGATACGTCGCCCGCGATTGAAGGAAATAACACTCGTCGGACGAGTCTAGCTTGCCCGATCCGCGCGCTTTCCTCACGCTACACCTGAATGCGTCAATGCGGAGCGGTGAATTACGACTGCACGAAGAATATCCGGCTATCGACTGTTATCAATAAGATCAGGTTCGTGGCCCTGTTTGAAGTAGCGAGATACGCTTCACTTATCTTCCTGTTAAACGTGCAGTAGTTATTGCCGGCCAAGTTAGGAAGTGCTAGCCGCCCGGCGATGCTACGACGAGGTGGCGCCTGCCTCGACGCGTGTCTCTTGTTCCCGAATACTTACATTAGAACGGAGCTGGCTAGTACGGGCAGGTTCGGTCTGGAGTAATTCAGACCAGCCACCTCCCGACGCTTCTCCATTTGGGCCCGAGATAGCAATCCCACCAATTAATGAAAGTTATGTTGCACAGGAATTTTGGAGGCCCCCCGCTTGCCTCTATCTTTCGAAGATTGCGAGACTGCAGAAGAGGACGATGTCAGACGTCGTCCATCCATCAACGAAACTACCTTTATACGACTGTAGGCCCGTGATTATCGCGCCTCATGGTGATGAGAACTCATACCCACATATGCGGGGAGCCTTAGTCCTATACCTACCGGTGATAGTCCCCTTAGTGCCACTTGCCGCCTTCTCAATGCGGGATAACCCTCATATGGGTAGGGCGTCATAGGTGGCACCTTCCCAGTAGGCGCTTTGAGCCCTTGACTTGGGGTACGATTCGCTTAGTGCAATGGAAAAGTCGTTTACTCCTTCACCACAGGGTTGTAATCTCGTGATGGCCCAAGGCCTTCCCGAGTTTCTTGCAAGACCCCAAATCATTAGGTAAAGTCTGGATTTCGGCGAAGGTACGTGCTGATTTTACATTGGAGAACGGTTGGGTACTTCGCGAAA,1810,50.94,Escherichia coli
SEQ_562922,TCAGTTAGGCATCATGAGTCGGATTTAGCCAAAGGCAGCGAGGGGTGAATGCTAGCATGCAATTTAACACTTGCCGTGACATGCCTCATAGCATGGATGTTGTTCATCAGACATCGTAATTTGTCCTCCACACCATCCCTTATCCTCTCCTTCGACTCGATTAACTACGCTATTTGCTTTTTAACTAAACACGAATGACATAGTTTCTCCCTCATCTGTGTGACGATACCTCGGTCAGCTGTAAGTGATCCTAAACTACTCCACACAGGAAAAAGGTGTTAATATCTCGGAATCATCCATTTAGCAGAGGATCTCGTTGTCGACACGTTACGGACAGGTCGTTAGATAACCGTTTCACTGCAAGCTTGACGAGATGGTAGAGTGCCTAGTCTCTTGGGAAGGTCATTATGTTTGGTTATCGTGACACGATGTAGGCTTTCATGGAGGTACTATCCCTGCGGTCCTAGTCAAGGTCGATAAGAAACGCAGACACTACGGCACAGCCCGCTTATTGCGCGCGGGCAGTCGGGTTGCCAACTGCACCGGTACCACGTACATAAGGGGTATGCCCTGAGTCAGAGCTGGGCCGAGTTGTCCTGAACATAATACGACTAATGGCGTAGACTATACCCCCCATCATATCAAGATTGGCGTCGGCCGCCTCTCAATTGTAACAGGCCTTTGAGAGGTTCGTCCTGTAAGGATGTAACTCCCGGGAACCATGATGCATTTAAGAAAGAAACGATAGTGGTGCACGGCTCCTGGAAGTGCGGCTCAATAGATTCGTTAATCCTTGACAGAGTTTCTTTGTAAAGTATACAATCACAGGCCGTGAGATAGCCAGGACATCGTCCGTTTATGTTGTGAAGCAGCCATCTAGGATGCCCTAGGCACCTATCCCCGTATAATAAGTTATCTTCAAGTGAACCTCTGAATGTAAAACATAGACACTTCGAAACCCAGTCCAAGGAGCATTGGCTACGGCCAAGCCAAGGAACTCATTTCGCTACGTGGGGGCTGCCGAGGGGTGTATGTACTATGTTAGTGACGAATTAACCCCGGGGTAAACATGTTGGGTAAGGGAAAAGGAAAGTGCTACACCTGGTGCAAATACGGCCCAGAACTATCAAACTATAATTTGCGACGACAATTTCGCCTAGTGGATGGGATCGTCGTAGCTGTGTGGGGTTTCAGGAGCTCGCATAACCGTCGGACCGGTGGGTTCCTTTGCGGTGGCACATCGTATGTCCAGAGGTCTCCTCCAGACTCCTTTGTACAAGGATCTTTAGCGGAACGGTAGGTCCGTCGACGGGACAGACAGTGCACACGGTCCCGACCCCAGGGCAGGTCCGGAGCTAATCAGGTGCGTAATGCAAAAGAGGCAGAGAAAGAGCTCGATCCACAATGTTATTTGGACATTTTCCACAGATGTAACAACGAACGCGCACGTTCTTCCCCCGTGTCGATGTATCTGTATTATTGTGGATGGGCTTGCAATCGTCCGATTGATTCATGAATCGAGGGCAATAAACGTACAAATCACAGACTGACACCATGTGATGGGGCGGCATAGTTCTGACCAGTAAAGATAGGGCAGTTTCACAATTGACGCCGCAGAGTGTTAATGTGGTAGGCTGGATAAGGGTTCTGCCCGACGTCCGACTCTCACAGTAGCCTCTCGAATTTGCACGATGTTAAGTATGCGCAGCGCAGCCATGATGAGCGTAAAAAAGGTATAGAAAGGTTTTTGGATGATAATGCACGAGCCACCCACCCCGAAAGAATATAGCGGTCTCTGACAAGCATAGGCAACCCTGATGGCTACAAACATTTCTCCCGCTTCATTGGAGCGAGATAGCACCACCGCTCCCCATTTTCGC,1880,48.99,Saccharomyces cerevisiae
SEQ_851065,CCCACCGGGTTAGTGCGAGAAGAGTCACGGGCCGAGTCAGGTTCAGGTCTCAACAAAACTCTTGTTGTGGTGGCGCTGAATTTTAGGCTGCTATAGTTGAAAAAAGTCACAGGTGCGCTGACTCGAGCCTCCGACTTCAAAAGGTTGGTCTTGTAGGATGGAACAGTTGCATCGACCGATTAGGTAGATAGCTCCCCTCACGCTTCATACGCTCGGAATTCCTACATGTCCGGGG,235,51.91,Saccharomyces cerevisiae
SEQ_286070,GTCAGGATTTCAGCATCAAGGGTTACCGGGACGCCAGTGGTTCAAAATTGTTGACAGCGGCGGCGTCATAGTCGCCGGTACTAGTATAAAGGGGTGGTCCTTGCCGATTGATTTATTGAGCTCTGTTCAACAGTGCGCACGGGCCGCGGGCTCAAGCACCGAAAAGAGGCACGGAGGCAGCTCTAAGCGAAAATGTCAGGTCGTCTGCGCCGCAGTGGCGGTTGCAACTGACACCGTTACTATATGTATATGTTTTCGCAGTCCTTAGGGCGCGATTTAATTTCCGGAATAGAAGGGATAGTTTCTTCCGAGAAGGCTGAACACCTCGTCGCCCGGGGCCCTTTTTAAACAGTTCTAGAGGAGCATGCTGCGTTATTTCAAGATATGACAGATTTTCGAGTCTAACATTGGTCGAAGGGGGATGTGCGATCACCAGCGATAGAAGGTCAACATGTGGGGCAGAGCTATATCACGCTTCCAATCGCGGGCATACTGGGATAGTGTGATCGAGCCGGTTACTTGGGCTTTTGCTCCCACGCTTGTACATCGAGGAGCTGGCCCGGTGCATCGAATTACCTCAGGCGTAGATGCGGAGCTTCGAGACTCGAGCAATCTGGGGCGTTAACAAATAGCTCCCTATACTTTGAGTTTCACACCTGGTCCAGTGAGAGCCTTACTAAGTTCGCGATAAGCGGGTACGCACTAACGTCGGTGTAATTAAGTTGACACATTTGATTCGCGTATATCGGACTTATAATCACCTTGTGATCAAAATCTATTAGGAGAGAGGCGGAGTTAAGCCAATAAGTATATGCGAACCCCCGAGTGTAACCACGCCCAACTGAGCATGCGCAGCGGGTTTGCTGCGTTGACTTCTTTCCGGCCGAAGCCCTCCGGACTGCCTAATGAAACGTCTTCAAGTACGCTCGCGAAGGGGTATATCAGGAGAAATAGGGTCAGGGGGTGGTTACCACAGACGCGGCAGACTCATACTTGCCGCATAGTCGGAGGCGTGACTTGTTCAGTTACTATCTGCGAAAAGCAATAGTGGTTCTTGGGAGGATTTGAAGATGTAAACGATACTGATCCAGATAACACGGTGCAGTAAAGGTACTCAACAGTCATCGGGTCGAACGCCTACCAGACGAGGGGAAATCCTGCTCCGTAATGGCCGGGCGGTACCCACCGTTAGAACTACAGGAGTTCTTGGCGCTGCAAGCATTGTACTCTGTGATACACCGTGCTTCGTATTCGGGTCCCAACACGGAAACAGTTTCAAATCTGAGACGAAGGATGATATAGACACTCGAA,1311,50.8,Arabidopsis thaliana
SEQ_755778,TACGGAACGACTCCCCGGTAAGTCCTAGTGTTGGGCATGGGTTAACCACCGCGTGCTACTGGGCGCACGTCACACTGCGGACACTTACGTAATGTTCCGCTCGCCCTAGCTAGAGAGGCTAAAGGCTGGGACAGATAAGCCTTGGGAAGAGCTTGTCCCACTTTGTGTCAACCGCTAACGTGACTAGAACGTCCCGCCATTGGTTCTCAGCAGTATTACTAGCTACGATAAGCCAAACGGAGCTCGTTATG,251,53.78,Drosophila melanogaster
SEQ_149397,GATGATCATCGTTCCAATCGGGATAGACGGTAGCAGGTTGCGCATAGGACTCTACCACCTATATAAACCTCAGACACGATGCATATTAGGAGTGAGATCGGTACTGAACGACCGCCCCACCGAAATCCGTTCCAAACAGACCTGGCGCACACTTCGTCCAGCGTGGAACATTGGGTGGTCTTTAGAATTCGCTTTCATGATGTACCCAGCTGGTGGTCGAATGAAGTTAATAAACGCCCTACGAAGTCCTTTCGATGATCCGTCACGCTTCTGGGGGATGCCCGGCCTGGCGTCTTGGGGAGGGGCACCGGTTCATTCTTGGGTAAACCTCTTCTGGATTTTTGTTGACACTCGCACCATGATATGATCACGTTAACCTTTTGAGATTCAGTGCGGCTGATAAAGCCGATTCTGCTTTCCTGGATAACTCAGAACATAGGATCTGGAGACTTGCTCTCCTTTAGGCCAGCCGATTGTCAGATGGGAATTAGTAGTTTGCCGGTCAAACTGTGGGAATTCTATGGATTCCCGCTCTGATATATAACCGCTTTTACTCCAGCTTGGTGGGCAGATAAGCATGTTACTGAATGCTGCCTTGTTGAATTTTGATATGGTGTAACGCGGGGAAGCACTCCCGGGTGATTCGATCGACCGCATTGAGTCATTGAGCCCCTCGCATCACTTCATCTATCTTGGAGCGACGGCGTAAAGCCAGTCGAGACAGTAATGGGCCACGTGAGATACCAGTCTCTGGGACAAAGTCGCAATAGACAGGGATAACAGGTGAAGAAGAAAGACCTCAAGTGCCTTCAGCCACGACCCAAGCGGTAAATTAGCTGATGACAATGGGAGCTCTCACACAAGCCTTATCCAGAAGAGAACGCTCTTGACAGGCGCCCAAAAGTTCGATCATCTGGGTACGAGTAGTTTACACGCCACAGGTGATCACCCTTTGGGTCTGACCGGTTGGCTTGAGCGGGTCCTGGGCTGCCAGGGGTACTCCGGACACTCCCTAAAATCTTAGTATGAAGCTGGCTGATATGCAAGAATAGAATGGGCCAGCGGGCATGGTGGAACTTCCCAATAGACCCTCCACAGTTCGTAGTCCATTGTTCAAACGTTGATTCACCTTATACCATCCACTGGCTTGCAACACTCTACCTTGCTGAATACTTTCCGCAATCCCGAAGGCGCCCTGTAAGTCTGAACCGATGGGTTACTCATTACACGGCATAATACTCTTCTCGCATTGCTATGTATAGTAAACGCTACCAACAAGGACTCACGCCTCCTGAATTAGTTGTAGGGAAGTTTTTCTCGAGGCTCGGAACTCCAACGGGAAGCGGTACTTCGGCGGTAGATTCATTTAAAAACCCAACATGTAGTCCCCATGTTCACAAGGGAGAGCGGATTCCAAAGGCACCGCGTGCACGCGGGAACGACTCGTGACATATTCATGTCGCATCCAGGTGCCGGATTAAAATTAAATTGTGTTCAAACCCGCCAGTTGAAGCCGAGCAAATCACGTTGCTGGCAGCTTTTGACGCGAGGCAATGAGCGCGGGCTTTAGCTTTACGTGTCATCAGCTCAATCACAACGGTAGGCACCCCTAGGTTGCATCTCACGCGCATAAGGTCGGTGTCATCTCGGGCATGAAATTCTTAATTTTAGAATGAGGACAATAAACGCCCTGGGTGGGAAGACCCTGCGCATCGCGCAGCGGAGCAGCCCTCCTTTACGCAGTCAGACGCACGTAGGTTATTCCGCCTGCCAATACGGCGCGGTATTTATTACTAGTCGATTTGCGGCTAGGCTTCTTAGTGGAATCATGACCGGCGCAGAGACGACGAGACATTCAGCGGGTTGCTGCATCCGTTGTGAGCATCCTCCTGCTCCGAGGGGCCTATAGTCTGTTCATCTGTTACGAGCTGACA,1934,50.67,Arabidopsis thaliana
SEQ_880638,TTCTAACCCCATCCCACTCTTCAAAGCTCGGCTACGAAGAAGGTAACGTAAGGGCCGCGCCTGTATTCAGGCTCTGCTTAATAAAGAATTGCGCCACGAGCTTCTTATGGCTCGACTGGTGTCGACCGTCAAGTGAGTGTTAACTAATGTGGTAAAGCATAATTGATGACACTATCCTGGAGAGCAACACGGTAAGGATCCCAACATGACGTATTGAATGGGTGAACGCTCCTATTAAAACACCTAATTTTTGGTGTTTCTAGCACACTTGTTAATTGTCTTGTGGAACTGAGTCGAGAGACGTTCTCCCGGAGTCTGGAGTTTGGTTACTATGTACGCGAAACCAAAGCCAGACATCTACTCGTCTGAGATTAGTAAACTTATCGCCCTGCCTCGTGGCTCGTGTACGCCACGCAGACTGCGCTTCACCGAAAAGTGTACATCTGTTAGATCTATGACGCCGCGGCGCGGAACTTGTGGCGTTATCAGAGGGGGTGTCTGGGCCCGAGATTTGAGGGCGTACATCTTGTTTCGATTAGTGCGGGGTGTCATGCAACGATCAGTAGTAACTTACTATAAGTCGTACCGTAGGCGGGCACTCCAGATGTTTATGCTCCAAGCATGGGCGTGAGGAGGACGCCATCGTAGGGTCTCTGATTACTATTTAGCACGGCGATTAAAGACCCCGTACCTACGGCTTATGCACTGAGACTTTTCACAGAGCAGTATTGCAAAGATATACCCACCCCACTGCTGTCTGAACTCAACGTTATTTTGGTGGTGTTGCGTCTCTTACGCTTTTACTGAGCCCCGCCCCAGCCAAGCCGTATGCGAATTGTCGCTCAGGCAATACTGGTCCAGACACATCACTGTTGCAAGTATAGCCCACTGGGTAAATCCTGCCGCGTCGTAGGTTTAAGCCCAAAGGAATTACTAAGCGATGCTGTAGGCGGAAACAGTCTGTCCATATCTAGAACACCCCCCACCATCTGCTCACATAGTGTAATCGTGAGGAGGGCGGTGAGGACGCAATCGGATCAAATGCTACGGAAACGCTCTTCTGACTTCCGACAAACCTTCTTAACTTCAGTGACTGCGCGGTCAGCCACTACTACCACAATACCACATGTCGCGATCTCAGGATGCTCCTTAGTACGGGAGCTGCCCTACACCATGCGCCTATGGATAACTTTATAGGATATGCCCTAACGCACCCAGAACGTTCTCTCTTGGCTGCGGGGACGAAGGCACTTGTGGCGATCACAAATATACCATTAAATAATTCGCATAATTGTGGTACTAAGAGCCCCTGTGTGGCCCTTGAATACGAGTTATCTGGGTCCGTGATGCGCATGACTTAGCCCTCGCTTATGCCGGGTCCATTCGTAAACGAAGACGAACACGGAAACCCACAGCACGCTATCCCCTGTTTTCACCGATAGGACAACTCTACACCATCCACAGGGGTATGGTATTTCCTACTCTCTTCCTGTAGTTTTGGTATGGAACCAGGTACTTGGACCCCGTGTGATTATCAAAGCGTACTAATTAGGATACTATTGGCATCCGCTAAGTCCGGGAAACCAGGCCCTGGGAAGTGAAATACCACACTTTTACTGCAATATCGACGGATAGCGTTCACTAGTGCGATAAACGGGGGTTGTGATGCCGGTACCAGAGCCAAAGTGCCCATCGAGGCGTAGAGCGAGCCCTCGCCCTAGGAGGCATAGTAAGTCGCCTTGGACTGATTACCAGAAATTTGCT,1764,49.83,Arabidopsis thaliana
SEQ_778117,AGGGAGCTGGACAGTAAAGCCGATATAAAGACCCTTAACAGTCTTCCTACGAGAGAACTAATGTCAACTCTTCAAGTTCCCGCCGAAGTGAATACCGTCTGTCACCATGCCACTTCAACAGCGTACACTGTCATAAGCGCTCCGTTGCGGGAGACAAGGGGATCGCAAACACTGCTCAATGGAAACGACGACGAGGTCGTGCCCCCGGCAAATCAAGCACCCCCTATAGTAAGAGTATGTCCTACGGAATCTAATCGTGAAAAAGAGATGGGCCCCACCGTTACCCCGAAAGAAAGTACAACGCTCCTTGCAGGGTAACTCCTAATGCAAGTGCCTCCCGAGCCTGACCATTCTGAAACAATCCGCCTCGCTGCGGATCCTATAAGGTTCAATGGCAGGAACGTATATTTGTCACTTTCACCACTCGGTGGTTCAAGATAAGGCTACGACGCTGCCCGTCCCCTTATTCGCTGATCAGGAAATGAGGGCCGCCCGTTCAGCACAAACCACTCGGAAGTTGGATGATGGATCTTCACACGAACCTGGGCCATTCAAGAACATTCGGCTAGTTAACCATAAATGCGGCACTCTCTGTTGCACCTCAGCCCCTAGCTGCGATGTTCAGTTAACGGTAAAGGCGCTTGAATTTAAAGGGGGCCAAGGTTCGGTTCACAACCTTGTCGGGAGGCTTCATATCTGTCTCGAGAACTCCCTACCAGAAAATTCAGGCTGATTGAATAGACAAATCTCACCGACAGAAGGCGTAGCTGTTCGTAAGGTGTTAAGACACCGCCCTATAGTGCAGGTACATCCCGTATAGCCCCACCAAAAGTGTAGACGAAATTAGGCAGGGGTACGACATACGTTCAAGGGTACTACTCCTTGGCTAACAGGCCCACAATCTCAGGCAGTGGCCCATACACAAACACGCCAGGCCTACGTGTCGCGGATTGAGTGCGGTAGTGCGGGTCGGCGCTCACCGATGGTCATCGTAGGCCAATTGCTCCTGTATATAGAGAACGCGCGGTATTTTATAACTGTCTTACGGACTCGCACTAGCTGAGCTTGATTGGCTGGACTTTGAAGGCCTCACACCGAAACTGGACTAGCTGCTTCGATGGTTGACGGAATCACGACGGAGAGGCTTGGCTGTAAATGACTCTTTCTTGGGAACTACAAGAACTTTAATTTGAAAAGCGGATCATAAGATAGGAACTCACTCTCCGAGCCATTGGATATAGTACACTGACCCTTTCGACCTCCTCTGTTTAATATTGCTACCGACGCCGCGTTGTTAGTAATCTGAAATTACACGGCGCAGAGGCCTCCCTTTTTTTGAACTTGGAGGCGTGGTCACTAGTGTTTTGGTTCGGGTCCGTTTGGACGCATAAAGGTATTACCGGACATATACCCCTTTTCCCATATAGGATACGCAACGCACCTCAATGGTTGTGAAATCTGCAAACCCTACTAAACGCTGTTGCCAATCTAGCATGCCTTCGGCATTTATTGGTCTTAAGAAAGGCGAGGCGATTGGGGTTAAGGAGCAAGCTTTGCATGTGACTAATTCTCGGGAGTCAGAGAAAATTGCCATGGAGCCCAACAATCCATACCACAGGCCAAAATGATAGACGAGCGAGCTCGGTCAGCCGCTATAATGGTTGCAGGT,1669,49.79,Caenorhabditis elegans
SEQ_863213,AGATGAAACTGATTGCGGGTTCACAGTGTGAAAAGTTACCTGCATGACCACTGGTCATTATGCTTCGCCTAGCTGAGCCATGCCGTCTGGCTCGGTGGGCCGGCTAATACCTTTTCCGCGAGTTCCGTAAGGACTTACAATTCATTCCATATCTAATACTCGACCGGACATTGCACATACCTATGTGCACTTTCTCGACGAGCTGGAAAAAGACACTACCAGTATGCTCTAACTGTGTGAGGCAGAGTCGGCTAAGAACCCCCTGCTTCAGTAGGACCTTGACGTGATCAGACGGCAGTTCAAGTGTATGCCTTCATACGGTATTTCCAGAATCGTTAATTCTTTACCTGCGGTTGGATAAAAACGGTCCGCGCAACAATGCAGGCTATATCTTGGTGTAAGTGAACGTTGCTGTGTCTAGGGTTAGACTTATACCATCTTCGATTGTTCCTAACCCTCAAATAGTATAGTAGGGGCTCGGGAGACGCCGGCAATGTACCGCGTTGGTGCACGCTGTGCGGGGGGGGTCACCAGCGATTATAGAGTAAGTTGCGCGCGTCATTTGTAGCCGTCCATCCATAGATGTCGAAATAGCATCACAGTCAGGTCGAACTCGCGTCTTTACCGGCAGCTCCAGCTTAAGCCCTATCACAAGGATTATGTCTACGAAGCCTCCCCTATTCTGGGCATTAAACATCAGCGACCGCTTTCGCAAAGAATACGCCCAGCGAGGCGTCTGATCGTGCCAGTACTTTCCGTTAGGACTTTCGATTATACTGGATACTACCCACTTTGGTATTTATAACACTAGTGGTTTTCCCCAGATGGGCGAAACCTTACTCCTTAGCACAGACTTAGCCACTCGTACACTGTAGTTAGATCCTGGCACACTGGCATTCAAGACAAAAAAGTGCGCGAGGTTAGCTTGCACAATCGTCACACTTCGGGAGTGTCTAGGCAATGAACAGAGGAGCTCTTTATTGTACTGCCCTCCGTTTTAAACACCTGGGCGGCTCACCCCGTTCATGACTCGTTGCGGACACATAAAGCTATTTCGAGCCGTGACGTCGACTCCATGTACGTATCTCAGGCGATCCTCGCGTTCCTGTTTCCTTACCCCGGTCCTAGTGGTAGCATCTGTTTGACCGCTTGGTTGTCTATACAACGCCAATTCACGAGGGTGTTAAACAAGAAATGGATTAGTGCCAGCTAGTCATACCTTAGTTGCAGAAAATATCGAAGGGACTCCACAGGTTGTTTCCCATTGCGACTCGTAAGCGCTCTCTGCAGCGTCTGGTCATACTAGTTGGATGGTAGTGATAATGCAAGTTGAGCTTTGTGGCATACTTGGCTTAGTGCCCGCTATGTGCGTTTTCTGGGCCCGCGTTCCCGTCTTGACAGCCTGATATGTAGAACATTTCGGCAGAGAGCGTTCCAGCGTTGCCACGCAATCATGTTTGACGGACATCGGTGCATGGTATCTTTCACACCCCTTCCTTATACAAGCGGCTTACCCATCCGACGCTCATCTTGTGTGCAGTAGGCGACCCGTTCGACGCCGAGTCACTTTTTCTAATAACGAATC,1585,49.53,Caenorhabditis elegans
SEQ_149489,AGGCTACGTCACAAGATCACTATCATACACGGGCGGTGCTATCAGCTTAACGAAGTAGTCAATTGAAGGCAGGTGAGAAATTCGAGCCAGCACCCGTAAAACTACGTAGTGACGCGGGGCCACCCCGAATTCGGTAGTCGCGCCCCTGCTTAGAAGTGCCTGTTGCGTACCGAAAAAGTGCACGGAACTGGCTGCCATGAGTAAAGCAGCGAGCTAGCACCGCCACGGTACTCATTAGCATGAATCACCGCGACCGCCCTGTTCGTCTCCAGGCCTATCTGCTATTTTCAGTAATTCTGGCTTTGAGCTGATCGTTACACCGTCTAAAGCCGATACGGTCATCGATCGAC,350,52.86,Saccharomyces cerevisiae
SEQ_444044,CGTGGCGCGTAAGTCCCTCTCTTGCGGGTGCTTCTGCTCTCGCAGCTATCGCAGGGGCTTGATGTGTTTACACGTGGGACGATCCCCACGCGGTATTCTCTATGAACACGCTTGACCTTGAGTTTGCCGGAGAGTCTTCGTTGGATGCGCAGCTTTTAAAACTTGAGGTTTGGAGGTGGGCGGACGTTACACGCCCCGTAAAAACTGCCGGGCACGGTAGAGGGGGCTGACCTATGATAATCTTAACTATCACCGCTAAAGACGACCGCCGCTACCCCCGCTCCAAGCTGAAGCAAGCGTTTTCGACGGAAGATAGGGAGCGTCGCTGCTCCTATTAGATTTTGGTGTCGCGGTTGCTATACAGGCTCACAATCGCGTAAAAATCTGTGGCCGTCTAGATCATGAGGTGCCAGCCAAAAAACTTTCTCCCTTTCACTTTACATCTTAAGTCCCGACACTGGCCAATAGTGGGT,473,53.07,Escherichia coli
SEQ_814189,GATAGCGCTGACGACGGCTGCCTACCTTGCGCCATCTGGAAACCACAACCGAACGTGGACTTAAAGTATGATATGGAGCCGGGTTTGATGCAGTTACAGGTGCGTCCGAGGTATAAAGGTATAACGAAGGTTTTATCTATCTTGCCGATGCGGACAGCGACCGCTAGCCTAGTTTAAGCGTAAACCCCTCCCCCTGTAGTAGATTTAGCCGGACCAGTTTTATATTGCAACGGGTTAGTATGCTTACTGCGAGCTTTTGAGCACAGGGGAATGAACTAAGGTATGCTGCTAAGCTGGTAAAGCTTATTGGGTAGGTCCTGGATTTCCTAATCATAAGGGTCGAAGCGCCCTCTCGACGATTGCGAATTTTCCATGGCGTCGGTGACTGCGGTTCCATCCGCGTTGCGCAGCAATGGATCGCAGTTGTTACTCATTTCTATCATAGCGATTAGCGTTCTGACGGTCGGCGGAGACCCCCCCCGGGAACCTGTATTGCCCTGAGGCTAACATGCTGGGCTAAGATACTGTGGACAAGCATCCCCATACCGATCTAACATTATGCCCATCTCGTACTAATCCCCGAACTACCATCGCCTCTCCGTAAAGCCACGTGGGCATCGTAAGAGCCCCCGCGAATCTCTAAGTTCTCGGTCGATCGGAGAGCACACCAGCGCTTCCGATATATGGCGCTAGCAAACGCTACCCCCGGGCTTTGCCATGTCCTCCCAGTCAACTGGCAACTTTTCTAAAGCAAGTGAAGTAAATCAGCCCGCGACAAAATAGAGAATGTTAGCCTAACCGGTCAGGTAAAGCGTCCTGCAAGAGTGTCGTAGCGGCCCACTCATGGGTCATTTTCATTTACCATATGACCCCAGCTTTGCCTATTGGACTATTGAGTCCCTGTAATATCCGTACTGGAGTCCTCCTCCGAGATCTTCCAGGAAGCGGATATTTCGGGCCCAAACCAAGCGCCAAATCTCGCCGCCTACGGCTTAAATCTTCTCTGACCCTCTTGCTCCCCTATACCTCGACCACGACCTACGAGTGACATAGAGGGACGGGATGCAATGTAGAAACCAATGGGCTCGCGATGCTGAGATAAGACTAAACGTAACGTTGCTCTCGGATGCGTCAGAATCAACATTCGCATGCAGCCAGACCATTCTCACAATGGCGACGACTGCATGGTTGTAGAAATATCCTCAGCATACCCGTCGACAAAAAGGTTTATAAGAAGTTACGTGATCCAAAAGGGTTTCGTATTACCTAAGCACTGTATTCTTCAGTCGTGGAACGTCAGGACGTGTCTAAAGGCCATAGGAGTCATTGGAATAGCTGTAGTGCCTGTACGGTCAGTTGTATTATGGTCGCAAATCTCGGCGGAGTTTTATCGCACATACTTTAGTTCGAAGCATACGATTAGTACGGTTGGCAAGCTGGATGAACCCACGTGCCCATTCTTAATGATTGGTCTGCTTAGAAACCCACTGCCAAGTTACTCAGTTCTGATCTTTCCATTAAATGTCTTTACGGCGTAAGCAATGCCAGTCCTCCATATAGCCCTATATCGTGATCTTGCCGGTGTACCGACATTTGCACTTCGGAGATGATCTTTCAGTTCGGTTGCATGGCAATGTCATTAGTGGTGGAAGTGGATTC,1659,49.49,Escherichia coli
SEQ_171897,TAAACCGTAGTAACAGGTCGCTTTTCAGCCAATAATAGCAAAGGAGCAATTCTATCAGGGAACCCAAATAACTCACTGTCCATTTCGGTATATAGCGTGTATCTCTTCGGTTCGTAATGGACATTTCGGGCGCCATCTATGCAACAAATCCAAGGTTCCTTCGCAAGGCGCGGGACTAATAGACGCACCCCCCGAAGTACTTGCCCGTCACCGTTTTTGATCTTATGGGTCCATCCACAATACCGCACTCGCAGATGGGTCGTCTTGCCCATTGTGAGTTATTTCTCATCTTTGCCCAGTGTCTCCTCCGTTCATCATCTAGTTGCAGAGCCCGTAGGTATCATTCCCATACTACCTACAGCTACTTATGGTGGCTGCTCCGTCTCTAGCTCACCTTAACCTTCGAACAACATCTATCGATAACATTGGAATCTGGGCGTTGGTATCGCCCCTTCCTGGCTCATGCCACCAGAATGTAACCGGATCAAATTATTTACCATTCTCTTTCGGGCCTTAGCAGAGGTCCGAAGCTTTCAGAGAGGCAATGGAAGGCGCTAAACTAGTTACCCAGTCGCCTAACGACCCGCCACACAAGACCCGCGCGGACATGCAAGAAGATAGTCTCTCTCTGAATCATCGCTCTCTTGCAGTATGGAGGTTCCACAGGGCCTATTGAGTCGCTTTCCTCGCGACATCGGACCTCTTTTCTGCCCTGTCCCATTCGTTGTGTACTAGTGACAATGGACGTAGCCTTCAACTGGTTCTACCAAATGTCTCAACGACATTGCAGCGGGATCCCTCTTAAATGAACTTCCTAGGTTGTGCTGGTCGGAAGTTCGTTCCTCCTGTCAAAGTCAGGGACGCGGCGCAGCCTACTCTAGGTAGGTCACTAGCGAAGGGTCGCTACCGAGAAGTTTCGTTCAGTTGTACGACCGAGCGGATGCATGTTTTGGGCATTCCCCGCAACACTCACCGTTCTGCCGACAGCCAGTTGGGTGCCAGGCTCGCGAGGTCACTCAGTACATGGGTTGATATCGTGCTCTCGGAAACCCTTGCGAGGTATAGGCATCATCCCAAGTGGTTTCGTGTCCTTATACCACGGCTCTCGTCCGTCGCCTGATTGTGACGGTGTGTGCGCGATGTGCTCACTCGCCGTCATCAAATAGGGGGAGCACCAGTGACCCGTAAACACTGACTCCGTTCGATGTCCCCAAAGTCATCAGGGCGGATCGACACAACTCAAACCCCAGCGTGTTCCGTTTGGTATCTCTTTACCCGCTTAAAGCTAA,1289,51.44,Saccharomyces cerevisiae
SEQ_298438,GGTTGCCCAGGACCCAGCAATTTCTTCTTATAGCTGGTAGAGCACGATACTTTGTATATCCAATGTAATCCCGGCCGGCGAATGACGGAGCGTAACCAATTTTTGGACACACGCGAGAGAGTATAGATTGACACAATATTCCGGGTCTTTTGGATATATCATCTCAGCCTGCAATATTTTACCCGAGAAATTCTTAGAATGCCGAACAGTTATGTACTAAGCCATGCAATACCGAGTGTATCCGATTTGTGGCCCGGGATGGTGTGTCTCTCACGGCAGTTCAGGACTATTTAAGCCTACAGAAAACTTGGAATAGGGGCTAAGCTCCAAATCCTAGGAAACGTCCAGGGTCTGTGATCTGCAAAGGCACGGCTCATTCGCTGTTAGTTTCCGATCGACCAACGGGCCTTGCGACAGATCCAGGGCCGACCAACAATCGTCGATTAACGTTAGTGGGCGGAATCGAGCTACACTCCAACTAGTCACATATTATCCTGTAGAGTCGAGAATTTACAGTAATGGCCGCGACAACGTCAGTAAGAGAAATGATCCCCGTGTTGTTTCACCTTCTATTGATACTTAGAGAAATGGATTGCAGAGCAAAAACACCTACTGTAGGTGCACCCCCTAGGCAACAAAGTCCATGAATATGGCCTACCCAGGACGTGAGGCTTACCTGAGCTATGGCGCGAAAAGCACATATCCCGGGCAAAACTAAGCGACATGACCTCAGCTGGGCCTCGTTTACTATATAAGGCCAACTGTCGAGAGACGAACCACGTTGGTCCCTCGATCGTATCTTCACCGAACTGAAGCACAATACAAGGCAGTGGAAGTTCGATCTCCGGGGATCTCTTTTCATTGGCCCGGCCGGCCAGTAGTGAATTGCATAGAAAGACTTGCGCGCAGAATCCTAGGAACACGAAGAGTCGCTTCTTCCGCTCTGGGCAGGCAGTGTTCCCGCCCGTGGTGTGCGGATAAGACTTTAGAGC,992,49.19,Caenorhabditis elegans
SEQ_127896,GGTACCGGCAAGACAAATCGAGGGGTTGGCTCTTTTCCTCTGACAGTTAGGCTCACACGGTTCTGAGTGCCACCGCTGTGTTCCCATGTACCTCGTCTGCATCTAGCGAGGGCATTAATTACTCTTTATGACCATTCCTTAGAATTATAACCCAAGACTTGGCTCCCCCCGTGACAGCTGCAAAAATTCAACCAGACACTCACCTGGAGTGTGATGAAGTCACGTATGATGCTGGAATCGTTCTTGCATAGGTGGCGGTGCAAGGGCGTTGAGCCCTTGATCTAAAACGTGGTGGACAGCCCTTTCATGGCCATCCCGGCTCGAGGCGACAGTACAGCGAACTAAGCCCAGCTCTTGTACAAAGCGATTTTCGCCGGTAACTGCGCACCCTAATGGCTTAGCTGAAAAATCTCAACTGCGTGGAAAAGTCAGTGTTGCCTTAACAAGATATGTATAAGAGGCATCTGAATAGAATGTACCATGTTATCCAAGTCACACTTGCCCGCCATGGACAGTCCCTTCGCGTGACACACTAATAGGTCAACCGACCATGTAATAGTTCCCGTTCCGCACCAGTCTTTGATCCATGTGCCCTCATCTCTTGGGAACACCTCAAAGAGCGCCGACAGCCTCAACGCTCTAATGACTCAGGGTTCCGCGCGTGTATGCTTGAAACACCGAGGTGACACACGACAACGAACAACGCCGGATGCATGGCCATCTTCCTGCTCCAGCGAAGACGGACGGAGTCGTTCGTCACTCGGTTAACGAGTGTAGGGTCCCGAGTTGGGCATATGGTAGGTGTTAGCTTAC,813,51.41,Drosophila melanogaster
SEQ_186755,GATTCAACATACGTTGCCCTCGCCCACATTAGAGATTATCGGCACTTCGAGATTAAATATGGGAGTTATATATAGGTCCCGTTACATTAATTAATGGGGTCGAGCTCCCCGGATAGTGAACGCTGCTCCCGATGTGCCAGTTTCACGTGAACCCGCTGGCATCGGGAAGCTAACAATACATCGGCATCTTACCCTCTAGAGAGGCTAGTGTTGTTTAGCGGCATTTAGCCAGCAGGCATGCCCTTAATGTTTTTTTCTGGAGAAGCTGTGACATTTATCCCTGGTGGAGACGATCCCCCCTCGGGGGGCCGTACATGGCGAAAAATCCATAACTCAGGACTCTTATCCAAAGAAAGGGGAAAAACTATCGATTGCGCACACCGACCGCAACTATGCTTACAGGACATTCGTCTCCGATACACGCTGTGCCCGAATTGCTTGAGTCTTTTATCTCTAGGTCTGACTCTATCATGGGCTCATGTAGCTCGGTGACGCATTCTTTCCTCCCGCACATAGCTGTCTGCGGACCTAGGGACTACCCTGTTTGCTGAAATCAATCGCGTTCTGCAAGCAGGGCCGCCTACGGCTCTACAAAATAGGCTTGCGGCGTGACGCATGATCTCCAGCCGCCAGTGCTAATCCAACCCGCCGGCGGCACGTGGAAGATCTGTCACTCATGGAGCCCCCAGAGCCGGCCGTACTCCCAACCGACCATAACATGCCGCGTGGTGATCCATTAAGAGTCACTTTACCACAAAGTGCCTAAGGTGAGTCTGCAAAGCAACCGAACCGATTCTGATTAGTCGGAAGCTCATGAGTCTATGCATCTGTGGAATGAAGCTACAAATGCGAGGCGTACGGCGTTAAAGCATCGGGCCCACAATGATTCACTGCGACCTTGCCTAGTTGTCAATCTCTGCAGCAAGGTATTTTAAAGCAACCCAGATATGTTGAGCGATCATTCCAGAAGCATAGCCCTCACCGGACCTACAGTATGAGTCAGCTAACCGCTGTGCTGGGCAGCAAACGTACATTGGCCTTCGGGAGGCTAAACCAGCTGTGGTGGACACTACACTGGCCCAATAAAAACTCAATCACACGAACGGGGGTCTACAAGTGGCCTATACACTACCGATGATGAACCAGCTATTAGTCTCGACTAGGCCATGGTCCGTTGGTGTGACACTTGACCGCGCAAACTCCCGCTAATAGCACCATCCGCCTGGGCGATTCACTCTTGTGTCACAGCCGTACTAGACTGTGCGTACATGGAAAGGATTGTTATGTTACGACCGGGCGCGGGCGAGACTGCGGTAATCAAGAAACCTGCCCACCGTGATCCAGCTCCATCGCACTCCATCGGTAGGAAGGTCATCAGTACCAACTGGTTTGGCCACCGTCACTTGCAATAGCTGGACCACCGCAGGATCGGGCTTCCTACCGACGCGGTGAACGTAAACATAGCGAGTCATCGCCCACCACACCTGTGCACGAACGTAGTGCTTGGCCACTGCTTATAAATGTCCCACCACTGCTACGATAGGGTGAATAGAGAGTCTTCATCGTGT,1568,52.04,Arabidopsis thaliana
SEQ_495155,TATACATTATTTGACGTCAACACACCCGCGCCACCAACATTCATTTACTCGGTGCGGCGATCGCCGGCCACAGAGACCGATGATGAGGGTTTAGGGCGGTTCCATGCAAGTGGCCACTTTTGCATGATCGGTACGAATAGTGCCATACAGGTTCGAGAGACCGGGACGCATCCCCCAAACCACACAGTGCCTCCGTCGTCGGCCCAAATTTTTACAAGACACTCTCGGGTGTCGCGAATGCAAAACTCGGTTCGATTTTATACCCCTCTCCAACTGGCACGGGCCTACCTCACAACCCCCTATGCCCTTCTGACCGAGTACCCAAAATTGGTTGCCAGCTCAGGCGGATAGCCCTTGGTCTGGATTCATCGCACCACCTAGTGAAATTTTGATCAGACCGCTTCGACCTGCGCGCATTTTTATATTTTCTTAAATGATCTACTCGAGACAGAAAATTCGAGCTCTAGGAGTTGGGGCGACAACGACGGCGCCTGCAGCAGGGGATCCCGTGTTTAGTCACTTACTTCGTTAGTAGCATATGGGTTGCTGATATCTGCATTCATATACCCTGCGGATAAAGTTTCCCTGGCCAAGTCAGTCCGCACGGGATCGTGCGTCCTCAGTTTGAGGCTCGACCTTCATTCATATCTCGTGAAACTCTTGATTGTCCGGCATCATAATCATACTTTTTTGACTATTATATCTTGGTGGCCGAAAGAAGCCCTGTTGCTGAGTAGTCATTTAGCATTAAACCCTCGGGAAATCTGAGGCGTTGGGGGCGAGCCAACAAGATACGGTGCGAGCGGTGGCGGGTTCCACATCCCCTAAAGTAGTCCTTTCCCTCAGGCACTACCAACAACAAGGAACTCCTGCTTACGCCACGGTTTCCACTGCCTCAACGACCTGTTCAACGACTTCTGGGACAGGTATCGTCCACAAATCCTAAATTTACTGTACGTGTACTATCGCACGAAAT,976,50.61,Saccharomyces cerevisiae
SEQ_448481,CTACTTGAGGGTGTTCCGTGGCTACCAGACTCATTACGCACCGGCCAGCGATAAGTTACTCATGGGTAATATTGCAGACGTAAACCGGGATGCGACAGGGGGGTCGAATGAGCGTCGTCACCCGCTCGTATGTTCGTTACAATGGGCTCTGCATTAACGTCAAGTGCGTGTTCAGGCTGACAGTCGCTTGAGAATAGAGAGCACTAGACGAATTGACGGAGGAAGTAGATACTATGTCCCAGAGGCACCTTCTCAACCCGCCAGATATGTTTGGTGCCAGACGTATAATCCGTAGAGCTGAGTCTTCTTGCCTTTTAGTGTGTCAACTTTGAGTCCGGTTGATACCCGAGAACATGCTTCCGTACAGAGACAAGGCCGTTATGTGTCTTAGGACGAATTCAGTTCCTACGTACCCGCTGAAGATCGTCTTGAGGACCTGTCGA,443,50.56,Mus musculus
SEQ_500337,GCAGAGTAGTGGTCGGTCAGTAACCGTTTTCTTCAACACCCACCCGAGACGTGGTTAAGACTAGATTAGAGATACCATTCTAGTTTGGAATCCGATCAAGTCTAACGCGTCAGAACTTATCCGAAATAGAAGCATCAGATCATCCTATTTATCTGAAGACGCTCGATCGCCGTCATCATAGCGCTACCCTCAGTTAGCATACCATGCAGCGCCGAGAAAATGTCTGGTACGGCGAGTAACCGAAGGGCCTCCTAGAGCTCCCTCACCAGAGCTCGGGGACACAACACGTTTATAATAAAAATGCAATCGTCTCATTGGAAACCGGGAGTGGTCGACGTGCCAGATTAGACTATAAACGGCATACCGTATTGGCTGTAGCGTAATTGCCGATGCCACGATCGCTGTTGCTCCGGCGCAGAACAACATTTTCAGCGAAACGGTGCCCCATACTTACTGATCTTTCCGAGCGACTATCTATGTCGCATGAGATTGGTTTGCTTCCTACCATTGATATATACAACGAAAAACCCTGGTGAAACCCGATTATAATAAGTAGCGGGAGCAGCCTTCTAAAGTCCGCGCACCTGACTAATGTATTTTCGTACGCCTCGGCGGGGCTGTCCCACCCGATCTATAGAGAACTGACCTTAGGTCTGACATTGTGCCCAACCTCGCTCACGCTAACACCCAATAACTGCTATTTATGTTTGCATCATACCTCCTGAGGAGATAGCCTTAAGGACTTCTACACGTTGGAATACCTAATGCATCACCCCAGTCCTCTTTGGTTGGTTCCCCTGTGGTGTCTAAGAAGCTCGAGGTAAGATACCCTATATGTCGGTAATGCCAATGGACGCAGTCGAAGCGGCATCGGAATTAAGCCCTGGGAGTTACCTACGAGACCATTAGCATACCTCATTTGCGTATTTGTAGTTGCGCCCACGCTGTCTCAACGTAATGCTTTCCCTAGTG,972,48.46,Saccharomyces cerevisiae
SEQ_485606,CTCGGTCGGGCCGCTTCCTCTGATATGCGTTATATTTTCCTCTTCAGGACTTTTCGTGACCTTAAAGGCTACGAGCTGGGCGGTAATGGACCCATGAACAACGCGTAGACTGTGCAATATTTATCCCTCAAATGGTACTAGTCCCCGCACATGAGACAGCTTCAGGCCATAACCTGCGCCTACTTGCGATCATTCGGGCTCTGGATAAAAGGCTTTCTCAACGCTGGCCTTCTCAGTGCCGTTGACGTAGACTCTTAAATCTCGGTAAGTGTCGGCAAGTCTATGACAATCCATTTGTATATGTAGGGTGATACTCCCATAGAGGATTGAGAAGAACCTACAGGATATGATGGCAAGCGCGTTGATCTTAGTCTGAGCTCCTCATACGCCACAACGCTGAGACCCTCCTTGGCGGTCTGGTGACTACAATTCAAGGTACTATGCGGTAGACCAACCCTTCCGTCGCATTGGGGAGAGTATTAACCTCGTGATCAAGAAACCGGATGACAGCCATGTCGGGCTCCGCTGCTCCCGCTCGAAGCCCTCCTAAAACTTTTTAACCAGAGACATTACCAAGGCAGGTGCATCCGGTACGGAGTAGCTTTGTGCATTTAGTCTGGCTCTGCTTACACTGGGGGTAATAGTGACGTCAGTATACTTACTATAGTGGGCGCGACACTTATGATTTAACAAGATACAACCGAAATAGTTACGAGGACCAAATTAACGTTAGTGCTAACTTGCTCAATGTCGGATGTATACGTTCGCCTGTACACCGATCCCCCCCTGAGGACTTGGAGGTGGGACGTACGAAAATGTCACCAAGGTCCGGGGTGCGATTGTCGGTCCTGTTAGCCAAATCCCAGATTAGGGAGATACTCGTGTGCTTCCCAACCGCATAGCGAATGTCAACCCCGGTTTTGGTACTACCCGCCCATATATTTAGCGTGCATACCCTATTTTATGCTGCCAGAACCGACAAGTATATACGAACTCGATACACGAGATAGCTGTACAGAGGTATGCCGGCCAAAGGAAGGACACACCTCTTGGCAATCAGAGTACGATCACCAATCCGAGGACACCTGTGGGTGGCTCAGCAGCCGATACATAAGCCGGCGCTCTTTATTAATTCAGATAGTATTTCAAATCCCAGAATATCCTCGACCATTTTTGTTCTCGAGATTTCCGTTATGAGTGAATCCGGTGCTATACTAAGCTCGAAGAGCCTTCGTCATTTCGGGTGTTATATTGCAAAAGCGATCCGTCGATACTGCTTCCCTTACCCTGAGAGGCTGTGATCCCCCGGGGCTAGGACAGGAGTACTTAGTAACGAGCTCTCCGAAGGGAGTGACGGAAGTAAGTAGTAGTATCTACATGTTTGGGAGGAGCCGATCTAGGCAACTCGGTCCGTCGCCATTCGCCTATAGTTTGGGCACTTATTTGATAAAAGGATCACAAAGTCCTGAATCAGGAGGCAATGGTAGCCATGACGCAGATAAAGGGAGTTTGTGGGAGCTAGGGTTATTTAACGT,1535,48.93,Caenorhabditis elegans
SEQ_329592,GCGTCCCAAGTCGGTATAGGAAAGAACTTCCTGTCCGATGTCTAGTAAATCCGGTTCCATAGCGAACTAAGGTGAACCTTTGCGGATATACCCTAAGGGTCAGGTACGTTAGTTCGTACGAGCTCAAGGGCCACGATAACTGGTAAGATTCAAGAGGCTTGGATTTAAGAGGCGTTTCACCTACCCTTGTACAGCGCACGAAGCACGTCAGGGGTGATGTTGACTAAGGATTGTGGGTCGAGCGGATGCGAGCAAAGAGAGTGGTTGATCGGGAAGGGATATCATGGATCCTATAGTAGGCTCTCGGAACAACGTGTGTCTCCCTGCCAAGAATACCAGGCACGAACTTGGGTAAAGTCGTAATTTTTTGCCAGATTTGCTTCTGTACTACCAACGCCTTAGAACGCCCGTGTTTGCGTGAAATTGCGACGCCATGCGCTCCTCGCTGCCGATCCCCCTTTCGATTGCTTAGCATTCCTCAACGCCGCAATCAGAGGAGTCCGACCCTCGCCATGCATCTAAGTTAGAGTAACAGGTACACCTCGGCGAATCAGCATTCAGTCACATAGACCGTTTTCTGGACAACTTCTCTAGCGACTTGCAAGCACTTGCGGGCCTCGTTCACCTGCCTCACCACGCTATCGCATTCACAGTCGGGTGATGATTTTATCCGGTCTTAACTGGCAGTACATATGCTGCCCGAACACAAACCAATACGCATATTTTTGGTAGGTATCAACGCCACAATGACCCCCTACAACGACGTGGAATTTCGGCATAGCAGCTGCCTCTGTTATAGCTGGTCAAAACACCGAAAGCATAAACTACGGGACAGGACTTAGACTAAGAGGGGTGGAACCTCGCCTAACATCGCTTTATATTTGTGACTGTGAGGGCTGTAGATAAAGGGGCCAAATCAAGATGCCGGAGCACTGTACGCTGTCAAGAGTCCGAAGTCAGTGGGCAGATCAGTCTTTTAACCACTTAGTGGACAATATCAGGAGTTTTGATCAGGTGACAACTGAATGCCGAACGTCCGCCGTAGACGATGACGCTGTCAATTCTTGACTGAGTGGCGACTTGTCTCTAATCATGGATACTGCTGCAGAGAACGCCTTACAGTCCCTCGTTTATAATAAGGTGAGGACCCAAAACCACAGGACAAAGCTGATGCATACCCACGCCACTTCACATGCCCTATTACAGCTGAGGTTATTCAATTGCGCGGACTGAACGACGCCAGGGCAAACTGTGGTTAGAAGAGGCTGCCTCACAACAAACTTTGTGCGGGTGGGGACCCTTAGCTGGGCACGTAAGCTAGTTCAATTCTTGAACCACTGGAAGAACGACCTCCGTGGAGTTTGTACATACAGTTCCTGCCGGTATGCTATGGCGTAAAGGCGTCACCACTTGGGGGATCGGTGAAGCGTTACATACGACACCGAAAGCGTCCATCTGAATCATAAAGCATCGCCCGGAGAATCGGTCTCGTTAGAATAGGTGATTGGTGACGGCTGTATGCGTAAAGGTGTTTTACTCAGCGATAGTCCGTCCCTTTAGACAGAGAACCTCGGCTGGCACTCCATCAGACCAGGTAGACACGACGCCGGTCCCCTATCGCTAACAGTCGACTTGCGTCGGTTACGGCTTGCAACGTAGCACCATGAATTAAATTGCCGACTATGGAGTACTCATTAAGGTGCACAGGGCGGTTGCCACCACCCATGTCCTCATCGGAAGTCAACTGCGTTGACTAAGGGAGCTAACATTTATGTCGTCATGCGCTGCAGGGTAGTCCCTTCTCATGGCTACGGCAGGCATTCG,1824,50.55,Mus musculus
SEQ_542750,GCAACATAAAACCCGGGACCTACCAGCCTCACAGAATCCCGGGGAATGGTGAACGTGCCAACGCTGTCTTTCGGTATGAGCGGCTAATCAAGTAAGTCAGTAAGTCATCTCCCCAGAACCCATGGTCTCGTCCCTGCGTATCTGGCTCGGCAAGTCTTGTCTTCTAGTTATCAAGCCACCCGAGACTACACCGCGCAATGACGTCGCGGGTATGCGGGTGCGGACATTCGCCATGAGGTTATGTCAATGTGAAGGCTTCGTAATGCGACCTTAAACTAACAAGCTGGACAAGCCGCAATGTAATAAGAACCCGCCGCCTCCAAATCAGAGTGAGATAAGTACCGACGCCTTTGATATATTACGTATCTCTCTGTATGTATCACGGTTTGCATTGACGATGGACGGAAAGCTACCCACGCTAAAGCAAGCCTACCATGTACCTTAATTTGCCACCAATTTTACGTGGTATCAGGTCAGCGCGCTTCGGCGCAGTAAACAATTAAGCAGAAGCTCGTGAACTGGCTTTCCCCCGGTTCCATTGAAAGCTTTTTACGGGCCCATTCGCCAACCATTTGAAAGCAAGTTCCAGAGGACAGTATCTTACGGTTTGGCCGAGCGCAGCGTATATAGTTGAAGTACCGGGACCTATGCTCGTGGCTAGGCACAACTAAGGATATGAACTCCAAGCGACTGAGGCTAGTACGGGACGTGGGCACATGCACTTTTGATCTTAATGTATGGCCTCTGGCACGGATCTCTAGGTCCTGTCTGACCGTTCTAGCATGGAGGCCTCGTAACATCCGAAGTAGGAGGAGTTCCTGCGATTCTCCTTCTAACGCGACAAATCTGTCCAGGATGTTTGTAGCACGGCTGCTACTTCGGTGCAGAAATTACCTTACGTGGGATTTCGTTGGAGCGAGGAGCTGGTCCAGCAAAACAAGACGGACCAGCGTCGAAACTCGACAAAGAAGCTATAGTTGCTTCGGCGAGACACCCGGGCAATATCAACCGCAAGTCGCTACTTTAGGGTTAAAATCCCTCCTGGCGTCTGCATTGAGAGGTTAGCTGACGATTGTCATGTCGGTCCATTTGAAACATCCATTTTACATACAGCGGTCGAACGCATTCATGCGTCTCGACGAATATAGCCGGTCCGACGTCTTCTGGCCCTTAATAAAGGTCTGCTAAACAGACGATCATGGCCCGTAGCTGCGCAA,1217,50.53,Homo sapiens
SEQ_657170,CAACTGGGCCTACGAGGATCCGTGAGGCGCTTGAAAGGCGCTCGCATAGACCCCACAGCGGGGAGACTCGTATGCTAGTGACGCGTGCTTGCTATATACAACTATGTGTGAGAGCCGCCGACCTACCTGAGTTCTACTGCTACA,144,56.25,Drosophila melanogaster
SEQ_988046,ACCAGAGTTAGACTGTGGCCTTAGCTCTGTCGTGGGGACAAACAGACGCGCTGGAGCAGAGGTAAATTAGGTTTGAAAGTTGTATGCTAGTCGAAACTTAGCGGCGGTCGGAGGGAAACACGAGTCATGTACCCCAGACCGAATTTAATGCCTGTTGAGAGAAGTCCGAGTGTACTGCATGCGATAAGTGGAGCGCACACAAGGGCTAAAGCTAGGCGGGCGATCATATCTAAGCAATTCGCATCGATCAGCTCAGGAGTGTTTGACAGACCCGGAATCCTGCGTGCAAAGCTTTTATGAACTACAAAAACTTCTGGTGCCGCATTTTTCTTCTCACCAAGGCCGTGATGCTGGAGTCACTACCGTACGTATCTTACGTTTGTTTCTTCGTGGATACTGGAAGCTGCCTACTCCCAGTATCAAAGCGACTAAGATAGTGGCGCCTATGTACACCGCAGCAGCGACGTTGGGAGAAATGTAGGGGCAATTAGTGCGAGTCCTCAACAAGCCGAAAGAGCTTGAGCCGTTCGAACTAGGTCAATTTGTTCCATAGAGCAATACGACTCCGCGGGGAACTTTGCTTTCCCCATTTATCCCTATACTTCTAGCTAACCAATTACTCATCTGAAGCAATTTACTTGTGTCATCGTGATTCCGCGCATTTCAGGGGAAGTCAACTAGGATAGTGCCATCGACCGAGAGATGGCATTCCGCTCTCGTCTAAGCATTGATTAAGGTAGTAAAGACCTAATCCTTCTTTCCGATGGACAGGGGGAACATTGTACGCGGGGCGATATGCGGTCACTTTGCGAAGTCATTTGTCGGAGAGATCTTTAATTGAGCCCCAAATTTTGAATTGAATAGACGATATGAAAGACACTTGGATGAAAATTGTAGCTCTTCTTTATGTAAGAAAAAGACTAAAAACTCGTTCCTATGAGGCAGGGAGTCCCATTGGCGCGGTCAGAGCTTCTGCCAGTAACAGCCAGCATGACGCTTCCGGGTCGAACCAACTCTTGCTTTATGTTCGACAACCTACACCCCACCACCTCGCCGGTTGCGGTTGTTTAAAATCACGTGCCAAGAGCCCTAATTGTCGTTGTGGGGAGAGTCTTAGGTTTTTTTTACAGAGCAAAGCAGACCGACCTAACACAATATACGGTAAGCACTTGCTCTGTGCATTACCTTAGTATGTCGTCGTAAGACGTGCGCAGGCAAAAAAAACCATCCTGTGGTGTCGTGTTCTCTGTTCGATTTCATGATGGAAAGAACGGCCTGCCGCAGCGATTTCCCTTGTGGTATATGATAACGAGGCCCCGAACCGCGAATCGATGCTGTTCGGTAGGTTCATCTGCAATACGCCGCTGTTCATAAGCATTCTTGTCACAGGCCGAGGTGATGTGACCCCGCTGACCTGCATCGAAGCTCGTACGGGATTACGGATTTGAGACCTCACGATTAATACACAGCGGGTCGCGGGATCGG,1485,48.62,Homo sapiens
SEQ_954106,TCAACAGCGGGAACCCTCAATGGATATCGCCGGAGTCTTGCTAGTGCAAACGACGTAAAAATGTTCTTCATAGTAATGGAAGGCTTATCGGCGACTTTGGGTGCATGCAACTTAGGCGCTTTGGACTGAGCCTACCTACTATCGTCCAGTGAATATTGCCGTCCGACGTGGAAAAACGCAGTTGTCCGGCTACCGGCTCCTCCCGAACATCATCGTCTTAGTCGGACTTCAGGCCCGTACAGGACGCGACTAGTCTTGCCCTTATTAGTCACTTTTGTCGAAGAACTTTATTCCACCGCAACATACGCCCGTGACGCCAGGTTATTCTTATTATGAGAGACTTGGGGTAAAAACCTCAGGACGGTTACTATTCGCGTCTGACCGAAATGTAAACAGCAAGCCTCGCGCTACGTGCACGCCGGAGGAATGCCTCCAAGCGTTACGTAGTCCACATATCACAGCTCCCAGGGGATTTCATGTTAGGCGGGAGTTGTCAGGTTTCTCTAGCCCCCCCGGGTTGTCGTATGAATCCTAATCTACACGCTCTCGATCGGCTCACTATTGGGGCTCTATGCGTGCTTCTCGGTGATTGATGAGAGTTTCATCACATCTAATCTTACTCCTAGACCCGTCGAACCAACCCGACCGGCTATCCTTGCACATTTGGCACACTACGTTGAGACTCGGAGGCGAGCACCCTAGCTACT,707,51.34,Escherichia coli
SEQ_418465,CTTGATCGTCATATAGGTGTATATGTTTTACAATAGGCGCAAGTTACCACGATCATCACTTGCGATCCGTTGAACGCTTTGATTATCCTAATCGGTGTTCATATGGCACAAGGGCCTAATGAGCGCTCCCGCTCATCCGGGGACGTGAGTAGTAGTACAATACCGTCAACCGTCACGCCGAGTGCAGGTGATTCCGAGTATGTGAAGCGCAACGACGATGGTACGATTATAACGGTGACGACCAGGTGTGAAGGGTTATTCCGCCAGCCGGCTGGTTGTGTCGTCGTCGCCGGAGGTTCCACTTCACACCTAGAATATTCATGACGCCATGTCCTCTTCGGTAGTGTTCCTCGGTTCTTTCACTAGAAGACCGGGAGGAGGGCCAGACTATCAGACTAGTCACGGTTAGCTTTGCAACAAGAACGAATGCTGGTTTTCGGCAGATATTAGCCGCCCTGCCGCGCACCGTCAAGCCCCCACGTTCGTGA,488,52.05,Caenorhabditis elegans
SEQ_857433,TGCTCTTATTGAACTACACAAATGATCCAATCCGCGCGGTGGTTTGGCTCTAGAGTAGGCGAAGTAAGCAAGGGGAATTTCTGGATCCACTTTTATGCCAGATACCATCCCACATAGACGTGGCAAATAAGTACCACTGCAAGAGGTAGCGTATACCCGCTGAACTTATTTAACCAGAGGTCTCACAATTCATGAGAGCAAGAGATAATTACTTTGAGGATGCAGGCTTATCTGTAAGCGACAGCTGTATATGACGAGGGGTCATAATGCACGGGTCAGTCCGTCCGGAATGGAACAAGGTACGACATCAAGCTATACACATTGTAGTATCGACTGTCCGTCCAAAAGAATACTTTTAGTGCGAAACGGTGTCGCAACAGGGGCGTATTAATCGCCAGCTTGTGATAAACCCGCACCCAGACATTCTCGCTACAGAGGGGCTACACCGCGTTGTTACCGACACAAGTCTATTACCAGCAGGGTACTAGACCAAACGAGGTGTGGCGTAAACCCCAATACGCCAATGGAAAGCGGCACATCGTGTCAAACGCCACCGGAGGGTGCAAGTACATGTTGATCTCACAGATTTTACTCGAACGCTCTCGTATCCCCTAACAATTTACAGATCTGCAAGGTTCAAACGTGAAGAAGTGCTGACCGTATGGCTATTAAAGCTTCCATGGCCCGTGAGTTTGTGAAACAGTCAGGGACTAGACAGGATCAAGATCGCGTCGTTCTTGGACCCGACCGGTTTTCTAAGAAACGAGGTGCGAAGTCTTCAGGGTGGAAGCATG,794,48.11,Escherichia coli
SEQ_150050,CAGCTGGCCGATCTGACTGTTACAGCATCTGGACGCTATGCATATGGTGTGTAATCCATAGTTCCGAGTTACCGCCATTCCCCCACAAATTGTCCAGAGCTGAACGGGCCTTCTCTCGTTCCCGACCAAAAAATACATCAGGAATTCTTGAAGAGTATCCCTATGGTTCATCTTACAAAGCTCTTATGGCTTATGTTTTACATTCACACTAAGTCATCCCGTTCCAGACGCGTATATGTCATTCGTCTCGGGAGTAGATTGGTCTCTGGCGAGCCAACAGTGACCGTGCCATGGTCCCATGTGGACTCAAGCATCGGTGGGTTTCTGCAAGGTGTGCCAGACCGGCTCCATAAGTAATTGCTTACCGCGGTCATCGATTTGTTCGGCCAAACTCGGAGACGGCGGCTCGTCTTGCGACGACAAAGTACAGCGGGACGCACCCGGGACGGGAACGAGAATTTTTTACAATCTTCGGTCACATTAGAATACTACTAGTTCCGGTACTTGCCAATAACAAATTCACCACCGGTAGCGCGTTGATGCGAGCTTATGCCCTCGATTTAGTCTATCCCAATGGAGAAAAGGTACTTGGTCTTCGGGTCTCGTGGGGGTTTCGTAAGACAGTAAGGACGATGAAGTAGTAACGGGCTCTTTGGAGCTCAATTGTCCGCGCGGACGG,679,50.22,Escherichia coli
SEQ_868015,GCGAAACTAACTTGCCTCGGGCCAATCTTTAAGGTACCCTAGGGCACTAATGTGTCTATAAACTCTCCGGAAATCTCTGCACGTTAAGACCCAGTCGGGGAAAGTACTTGATTGCTCTCCTACAGAGTGGACCGCCGGCTCCTGCTTCTACTCGG,155,51.61,Drosophila melanogaster
SEQ_916372,TTATGTCGTTTGCTATCTTCTTACCTGTTATGCTAGGGGTAGATAGTGTACACACTCACGGTCACGGTCTTTTCTCACTAACTTAGACGGACGCACAGTGGATGCACGTAAATCACTGTCCGTTGCTCTGCCCGAAGCTTGCAGGCCTTCTTGTATGATAGCCCCAACGTATTGATGAAATGAGCCTACTTGCCTTAATGACTTGAGGAGTTTCCGTAGCATCTGTCTATAAGTGGTGAAATCGCCTATCGGCGCTGCTCGTGGCTTCCCAGATTGATTGGGGAGGATACTGATTCCACAGGGTGTTCGCATTGCAAGAGGCGTCCTGTCAGGGGGCATGTGCCGCTGGGGCCACAGATAACCTGACAATACTATACTAGTGGGCCTTGATATGTCCTTCGGGCAGTCATAATTCGTGCGGTATGTAGTAGACGAGGGTTCCTGTTATACCCCCCTTACGATATAGGGTTATCTACCGTGTACAACTAACGGCAGTAAATCTGTTGACCGAACGCCTATCTGATGTCGTCGGTACTGCCAGCAATGGTGCATGACAGTAACATGCGCCAGCGTCCTAGTTTAATCAAACTCTGTCCAGGTATTCTGCGGCGTTTTATACGGAAGTGCAGAATCGTCAGGAGAAATATCCCATGACCCTCAACACGAGCTGCATCCGGCGCCCCCGGTTTGCATTCTATGCAATGTATCATACCTCCGGGTAGTCCTCAGACCACTTTGCAGTCCGAGACAGCACCAAACGATCACACAACACAATGTGATTGTAGGCAGGCTTTGGAAAGTCATTCATGGGGGAAAATTCATAGTGCATTGCCTATCCTTCGTGTACCCCACACTTCCTTTGCGCGAGACACACTTGAGTTGAAACGAAATTGCCTGCCGTGACCCCCGGAACGTTTCTTGATTGAAGTACTACGGAATTCATAGATAGAAAGGCCCGGCGAGAATAGAGGCCCACTTGGTTGGCAGCGTCGCGGTGCGCCTGCCGTGATC,1011,50.05,Drosophila melanogaster
SEQ_651827,ATAGGGTTTGCGATCAATGAGAGACCGCAATTAATTCTGCATGTCGTCCAGACCCTAAAATACTTCTGCTAGTGCGCATCTGTGTTCGCCCTGAACCGGCAGATCTCCTCGAAAATTAGCGTACCCAACGTCCGGTTGTAAACGCGCGTTATGCCCGCTTGTCTCAACTAAATGGCAATACCAGAAGCCCACTTTCCAGCTCTCAGTAAACGGTCCTTACCGGTTTCCCTGACGAATTGTGGCGAGGCTTTGCACGTCCAGAACGCTAGCATCAAATTACTAAGATCTTTAGATCGCCTTCCGCTCGATACAGTGGCATAGGTGCCTGGGCTTGCGCTGGTCATACAGACCGCCATAAGAAGCCGCCCGTGAATATTAATTGCTGTACACGGGCGTGGTGTCTTTACGAGCCATGCTTTCAATCCTTCTCGAGGCTCTGACTGTGCAATTCCCGGTGGTCGTTCAATTAGTTCATGCGCTCTCCGCTCCTCACCTCCCCGAGATCCTTTTGGATACCACGCCTAACTCGTCAATCACATTTTCAAAGTCACACCAATCTACTTCCTGATTTGTGTTCTACATGTAGGCGATCAGCTAGTGCGCCAAGATGTTCTCGAATATGGCGCGCGCAGTAGACGCTGGTTTGATGCGTAAAGCAACCCGCTGAGCCATGATCACGTAGTGT,685,50.36,Arabidopsis thaliana
SEQ_814411,TGTGCGATTGGCTGTCAAGCTATACGGGGCACGCCGGGGGTTCCCTATGACCTCCATTCAGATTTTGAAAAGGCAAGCATGATGGGACTGCTTAGGTGTGTCTCGCTAGTGACATCGGATCTTCGGACCTAGCAACTGGTAGGCCCGTGTCACTGGCTACCAGGAGGTCCTAAGTTTTGGCGAGGTCAAGTCTGTATTGTGGGGAGTCTTGTTCACTTCAGGGATAGTGTTGTTGTGCTACGCAGGAGGGTAAATGTAATTCATTACCACGCCCGTAAACGTAGCCCGCATTGGTAACTCCTCGCTGCCTAAAATATAATTGCTTAGGCCTTCGCGTCGCCGTGTTTGTGGACGTGGTGGTAACAATCACTAAGGGATCTCCCGGAGGTTCCTTCCGCACCGCCATGTTCCACCTCTGATAGGCACTTCCGGACGGCTAACAATCCTCTTTAGCAACACATGTGACTGGTAGCCCTCTACAGTCCGTCAGGAGCCCGCAAGCTACCGACCCTGAATCCTTGTAACTTCCCGCTCACGAGACGCAGAGCTTACGGAGTGAGATTGAGCTCGCAGCTCTGCAAATTGACGAGATTCGTCTATCGTGTGACGGTGCTGGGTCCTGCTCCACCTTTATGTGAATGAGATTCAGCGATCTCTTGCGGGGCTATTGCATCCGGAGCTGAACAGCGTGTTGTTGACAACCTAGGTTGAAAGTGCCTAGATTGACATCCAAGGCTTTCCAGGGGTTACTATTCCGAGTGGGGAGTAGTGACTCAGAGGTTGCGTCTCGGCAACAATCATGCCTGTGCCGCATAACACATTGAAGCTCGCGCGACCTCTTTAGTTACAGCTTACTACGCACAAGACCGTTTTTTGGCCATTTACACCTGGTTGCAGGAGTAATCTAAACAATTCAGCGCTTAGCTGTCCCCTTTGGCCAACCTGCTCCTACGCAGTACCGCGCGGGCAGGGTGCGCCGTAAACCAGGACCTAATTTGTTAGTTCGCGACTGAGGATTCGCGATGGGCGTGTCGTAACACCGCGTTTCCGTCACAACCATGGGCGGTCTAACCGCCGGTGGGTGTAGTAGCACCCTATTCACTTAGGCGGATATAGAAGGCTCTAGCTATATGGGTGTATACTTATTTACACAGCTTTTGACCGCAAGCGGCTGTCGAGATAAACTGCATCTCGTCAGAGGGTTGGACCATCAAAAGTTGTTGTTCTGCAAAACCTACCGGCCATGCCTTCTTGGGCTCATGCAGGTCACGTATCAGCATCTCAACTTCATGGTGGAAGGCTACAGTTCACCCGTGGATCCATAGGCTATGAAACTCATCAGGATCAAAAGCAAGTTCTTCCTGCATCGATCATCCTCTTCATATGAGAGTCCCGTATAGGATGACGTTTTGGAACATCGGCGCAGAGACCCATTAGGGCCCCAATTTTATCCGGCAAGCCTGCTATCTGGCAGGGTTACGTAACGCCACCATTGCACGCGACTTAGTTTTCCGTGACTAACCATCAGCTGAGT,1534,51.63,Drosophila melanogaster
SEQ_975916,GAAACAGGGATCTAGAGTAAGGAACAGAACGTATCATTTCTGAGCCACCAGCAGAATCTGACTCTTTCGAAATGTTGTCTTTATTCGAACGAGTCTTTATATGAATTACCTAAAACGGCGATATGTCGAAGATTAAGCTTAAATCGTTCACTGTAATGACCGTCCGCCCAATACGCCTCGTAACTTGTTTGAGATAAGCTGGATAGAGGGATAATTGTTGATTCAAAAGTACTGAGCGAGCCGTACAAATAACTACGCCCGACTGTGCTCTTGTGACAGGACGGGTGATTCGGAGTCCGCTTTTACCTCATCGGATTCATCCTAACGGTCTTGACCTTGAGGTGTACCCGGAGGACCAAGATTAGGGATGGGGATTTACATCGTTGGTGATCCCCGCACGGGTCCCCGGCCAAAGGCCCAATGGGGCGGTCTAATATTGCAGATTGTACGTGTTA,455,46.59,Mus musculus
SEQ_781940,CGACCGAAATTGCTGTACCGAACTTCGTGGGGGGGCTGAACATGATTATTGTGAGGCGGTCCTACGTATATCGGCTCAGCTTTTCGACACCGGATATGATTGCACCCTTGTGGAGAGTACTGCCCTTGTTGTTAGGGTTAAGTTAAGCCGCGGATATGTCGTGCATCTATTAACGGGGGCGGGTGGCCAGTGCTACGGAGCACAAAGCGAAAACACCGTAAGTCTCCGAAGTATTGCGAGATAAGCCAGATCGACGGCCTCCCGGCAGATCGTTCGATCTTTTTCACATATATTAGGTAGTTAACAGTGAAAAAGAGGTTCCGACAGCTTCCGATTTAACAGAGAACTTTGTAGACACACAGGCTGGTACTCATATTTCGTTCCTCTTCATGCGCAGACATGCATTATTGGGCTGGCGTGGGGAACGTGCTGACGCCGAATTCTGCTCCCCTGGGGCCTCAAAGGTAGCCACATATGATCGCACTCAGTCTTGAGGACTCCTCCTTAGCAGCATACAGGTTGACAGGCTTCGGTTGCGATGAACCCTACACGCACGGTATCATGCCTCGTTGGCATCCTAAACATAAGGCACAGCTAGACCAACCGACAAGGGTGGTCAACTACGGACAGCACTGATGAAACGAACACAGCTCGGCCGTCGTCGCATAGGACAGATATTAAGTGCTTTATTTAAGCGTATTATCCGGAGGGAGGTGTCTTGAACATCCGGCCCGGCTAGGTGGTGACAGTGAAAGGTAGTTTGCATGTCTACTATAGAGAGCAAACGAACCTAGGATCAAGTGGCGTTAATAGCCCGCACCACTTGCGAACTTCTAGTCTGTCTTCGCGGAGGCCCTTAGCGTCGTGGATCATGCGCTAACGTCTCCGCCGGGCCCCCTGTGAGTCACTAAAGTGGCGCCCTCTCTTCAGTACGCGAATTCGTACGTGGTCGGAATAAAAAGTTTTAGTCTAAGAACACCTGGGGCAAACATAATCAAGTCCAGACTTGCCTACGGATATGACGTCGTTAGAATGGGCTGCAGTCCCCAGTTCTTAGAAGCCGCTATGTCGTCCCAAGAGTATCTAAGGGAGTGATCGGACAGTTGCCGTTCACTGATCACGGACTATGCTTGGTACCTCAAGGCTCCTCATGCAGCCGGAAATAATGCCAGGATTCAACCGTATTGCGAAATGCAAACCGACGTTCGTCACAAGGGTGCAAAGGGATCACGGTTGCCTGCCCCAGTATTCAGCTATATGCCCGCGTCTAACAACCGAAGCTATGGAGGGTTAGTTTATGAAATTATATGCATTGCTCGAGACTGCCCATCTGTCACTGAGAGTTAAGGTGCTGTTATGTAACCAGGCCCCTGTACATTCTAGGTGGTGTTGAAGAGGGGGCCGCTACAGTACAAGGGCTATGCATAGTCCGCTTCAACGGGACCTCCGATTGCGCCATCTCGTCAGGCGCAACGAAGTCATGTAATGTAACTCTTGATAAAGTATTTCTAGGGTAGAGTAAGGCATTAAAACGTGCTAAGAAGTGGGCCCATCTGGTTCCATTAGCTGCGGAACGCGCTATGTGTACGTGTGCCCGATGCAGTGGGGAGTAGTCTCCACTTTTCAGTGGCTGTGCTGGCCTTATAATACTACCCTTATAGTGTACGCAGGGGTTGACCCTAGGTCGTGTCACCCAGACCTTGCTGAAATAGTTCTGTAGTTGTTTGTAAGAGTGGAGGTAACGACAGATAGTGCGGTTGGCACATAGCGGGTAGCGTTCATCGTTTGCGAGTCGGGTCACGAAAGGTTACCAGGGCCCAGATGAAAGTACGAGACTAGACACTACACGAAGCACGCCAGCGACAATGTTGCTTCGGTATTTCAAGCCGGGAGGGATGTACGACCGGTTCTTTGGT,1916,50.78,Homo sapiens
SEQ_275081,GTTACATACGACTAACGTGTGTTTCGCTCAAAAGTATAGTTAAAATAGCCCAGTACGAG,59,38.98,Caenorhabditis elegans
SEQ_642344,CCCCCATAGAACAAGGTGTGAATACGACGCCGATAAACCCGTCCGAACCGAAACCTTCCTAGGCATCTTACCTAGGAAGCGGTTGGTCTAGATCATTTGGAGATATACTACCCACGTATCAGCGCCTGCCGGAGGGCGATTTTTCTGGCCTGGTTGGACGGTATTACATCAAGGAGTAGTCAACTATGTCTGTACCTATCACGACAATAAGGCGGCAATAAGGCAGCTTGTTTTGGCAGCATCTCGGAAAGGCAAAACCATCACCTTCAATAGTTTAGCGCACAATGAATGAAGACTTTGTACGCATTGCTTATGCGAATGTTCACGACCAGCGGAAATATGTTTTCTCCCGTACGGAGCTAGCGGTCGGCACTAGACTCGTTGCCAAACTACCTCCGTCTTGTTTGTTCGGTCGCGCAGTTACGTTATCGTAACAGTGCGGATATACTGTGTACTGGCCAACTGACGATCATCTGTCCAACCACCCGAAACCCACTGGCCGGTGATAGAGCCAGGCGCACACGTGGACGGATCCCGAACTATCAGGCCACGCGTTTATTGACCGAGCCTACCTTTTTCACCTGCTAACGAAAGGCAACCCATAGGGAAACTCTAAGTGGTTTTCGGCGCAGGTGCCAACCCCTCGCGTAGAAATGGGGGGGGATCC,667,51.27,Escherichia coli
SEQ_996771,GCAACGAGATTAACTGGCACGCACGGGGCGGGGGGAAGTGCTGCAGGGGGGAGCTTGGTCGAACTTGAGCTTCACGTGCCTACCCGATCTCAAGCTCCGGTCCAAGGGTCGGTTTTTTCGCCTTTGCTCGGTCGAACCGATTCCTCACAGCTAGAAGCATGACGGGCGGAATATGGCTATAGCGACAGGGGTCATCATTGAGCATCTCATAAGGTTATGACTATCCTTAAATGGGACTACGCCTTGATATAAAGGTAATGGGCACACTACGACGTAATACTCTCCCTAGGGAACCTCGGACTAGTAACCCGAATTAAAGCCGGTTAGAATACGACTCTTTTCTGGACATGCAGCCCGCTTTACTTGTTACGTCTTAACGTCCGGCGTCTGCTGAGATTTCGAAAGCAATACTCTACGCAGACTTCTAGAACATAGACAACGCCGACCCTTAATATACCAACAGAGCCCGCCACTCCGGACCTCTAGGGCTGAGATGCAGGATTGACGACAAATCCCTTACATCAAAGTAATGTTAAATCGCCCTTATTTATACCTAAACCGAGTCTTTACCGACCGACACACTCTCAATTTCCGGCCCTTGGGGTCTCCCGGACGATTCTGGATCTTGTATTCGCTTGGAATGAGGAATGCCTTACCTTTATCCGCGCCGCAATCAAGTCGGACGAGACACCCAGCTAGGTCCGGCTTTATGCGGCTAAGGTGGCGCCCTTCTTAGATTAACTGCAGCACCTAAAAAGTTAATCTTAGGTAACGCCCCTATTTCGTGGGAGGGGCCATCGGCAACACAGCGGCAGCGTTAGTTTTCTGGCTCATGACCATCCTGCCTGGACCTGCTGATCTAGACGGCGTTTACCTGGCTGCAATACACTCTCTGTCACAAAGGACATAACTGCTGCCTTATCGACCCTGTAAGTTCGTTTAACCGTCCGTCATGGAAATCACTTTTTTCTCTTTTCCCTGATTTTCCAAATAAAATAACTAAGGGCCGAAAGGTGACCTTCGTAATTGTGGACCTACCTATCAGTTGAGTTCGATGTGATTCTTTGTATTGGTCGTGTAGGACCCCTGATTAATCCAGCTGTACGTCCTCCTTTCCGATGACTCTATCGAATAGACATTAATGTAGGATATCGCCTGCTTCTCTTAGGTAAACGCCGATCGCTTACCCGTAAATATTAAATCAGAGCCCGCGGCACTTCAAGAGCTTCTCTGGTGGGTGCTGCTGATCTACTAATAGATCCTCAGCGTGGGTAGTGCGGCGTAACGTTGTCCTGCTACGGTTTTAGTTGCCCAAGGATTACGTCTAGCTTCGGTCGGGTACTAGAC,1347,49.37,Mus musculus
SEQ_713665,TCCGTGGCCGCGGATTCTCAATAGGGTAGGTTTCTGGGACGGTGGCTAGGGTAACCTGCGTTTTTACCGATTGATGAATTTTAATATTCGTAAGTGTCTGACAGACTCTAAGACTTCACAGGAAGCTCTGTCACGCATCCGTAAGGACGGGTAAAACGGAAAACGAGGATTCTAGGCGCGAACTGCGTTAGGGAAGTTGCGCGTGTAACAATAACCAGAGGACGATATACTTACGTATGCCGAGGATTAGGTCATCGCCGTATGCTACATCGATAGCATTGGTGCCGACATCTTTCTCATAGACACGCTCAAACGTCCGACTAATAAAATGATGGTGGAGGTATGCTCACCTTGGTACGGTCGGTCGTGCAATCGCAATGTGGGCTCGAAAAAGGATAAGCGAGACAGAACACACCCTGCTATAGATTTGACTGGACACATAATAGTCAACTACTTGGGCGAGTACTTGGCGCTGCTCAATAAGACATTGTAGTGTACGGCTCATAAGGAAATCCGCGGCGGACCAGTTGCGATCCTAGGGTGTCTTGATGCAGACGCCGCGAAGCTCGTCTGCAGGCAAACACCTGGTCGGGTCCTATGTATACGTGATTCGGAACCTCAGGTAATCGCAGGTCGTTCACACGGAATGTGTAAGCACCCCTTAAGACTGTTAACCCGTCGACTATATTACATAGCTAGAAGTTATCTCGGAGCAAGGACTACAGTCAGCACTTAACGGAGTTGATGCCCTTACAAATACTGTCCTTCATCGCTCGTACTGAACCAGGCCTGGTAAGCGTGACATAAATTAATTGGTATTTCGTTGGACTTAGGGGTTAGAGTTACACTCGCCACAGCCCTCACAAGCCTCCCGAAGCACCTCACTAGATTACGTCTAAGCGAACGGTGCGGGGAGTTGTGGAAAGGAACGAGTGACTCACGCCGGCGTCGCTTCCCGACCAGAGGAGCAATCACTGGCGGTGCCGCTACCGCCGTCATTCAGACGTGATAATATATAAATG,1022,49.71,Caenorhabditis elegans
SEQ_859502,GCTGTCGCATTCTCCACCTGGGCCGTCAAGTATTATTTAATCTCCTCGCATAAGGTCGCCTGTATATAGAGAACCA,76,47.37,Arabidopsis thaliana
SEQ_650065,AATCGTGTTGCCTGGGGTAACAGGAGACTTGGACGAACGCCATCATCGAGGAAGCCAGTTTGCCTTCGTGGCAAGCGACTTAATTGACGGTCGTTTGAAAGGATTACTACCTGGTAAGTACCAGTGGCGGGGTCTGCGTAGGCAGATCGTAAGGAGGGTCGTCCTAGCATTTCTGTATACACGTCCTAGCCATCATGAGCTCGCAAGCCCTGAGCATACGTTGGAGCCCCTCAGCCATTATCGATCAGTGGGCAGCCCGTAGCGCTTGATATATACCAGTGGAGTACTTCTAACTCGATCTTGGTTATAAGTTTGCGCTAAGCGCAGGTACGCGCCGGCCCAGTCCCGTGCCTAAAATTTTGTGAACTAGCCTGTGTGGGGTTTTGAGGCAAACCCGCAACAGCGCAACAAATGATAGAAGCGGACTGTACGTATGGAGGGTGTTTTGTTCAGCCACAGGGACCGCTGACGGCCTGCGCCAGAGGGTGGGTCAACCTGAGAGTCTTGCACGACTGAAGACATTGAGAAGGTCACGAGCGAGCAGGAAGCGTAATGACTACATTGGGTGGCTAAGCTCAAGCAGGCGGTTGGGGCGCGTCGAATGGATCAAAATATACTATTGCCGTAAAGCGCAACTTGGCCTAGTACAAGAAAAGTGGTATCCGGCCGGTGAATCAGTCACACAATGTGAGAAAGATTAGCTCGGTCCTTGTGCTATCACCGGACACGCAATACCTGCTAGTTTACCACTCTTCTTATAGCGAATGGTAAGTAGTTTTTCCATCCACGCGAGAATTAATGTCACGCTTAGAAGCACCGCTTAGAATCTTTGAGCCCCTCCGTGCGACTCGGCATCGAATTGACACCACTAGGGTAGGCTTCGATTTAAATTAGGGTCTGGAGTAGGATTCGTGAAGCGACCGCGGGGAGCGTCCGATTCTCGCGTGCGTATTAACTCGGAGGCTTTCGCATAACATTTCCCACGATTGGAGTGTTCTGCCATTCGAGTCCTCAGACTGCGGCGAATGCTAGGCCCGCCGACATTCTATGCCTCTTTAATCCCTCACCTACTGTTCCCTTGAAAACCACTACTGCGCTTGCTACCAAGGCAAATCAAACTTGTAGTCATACCGTCTCGTGAAGCAGACTTATCTAATAGTGTTGGCATAGTATTCCTCTTAGCTCATTGTACTTGCTACAGAACAGGGCGTAGCGTGTGACGGAAAGAGGGAAGGGTAGCTTCCCGAATTGCTACCAACCGCCCTCCAATAAGGGTGAGTGGAGTCGTTCCACTACGAATATTGGCCATGCTGATTGAGCGCGCGTTAGCTGTGGTGGCTCCCTGTGCGGATC,1353,51.44,Arabidopsis thaliana
SEQ_146299,CTTACGCAACTCCCGCTAAGCAGCTTGGCCACACTTGCGGGAACAGTACAATGGCCTCACGCAGAGATTCTTTCTGGAATTCGGCGCCTTTCCCGGCGGAGCAGGTCAGAATTTATAGCAGGACGTGCAAGGGGCGGCCCCCCCCATATTCAAGGGCGTCTGGACCCCTACTGCGTGGGTACGCAACGGTTTAAAACCCCCGAGGTAGCTCGTTACACTTGATTA,225,56.44,Mus musculus
SEQ_476577,CCGGCGCTAAGGCGAGGTGTTTGCAGACATACCCGGCTCTCGCAGATGATATGGAGCCATGCTCTGAGAAGTTTATCAAGTTGCCATGCGCTGCTTGGCGGCGCTGACACGTTGGGGGAAGCAACCTGTACCTAGCTATGAGCCTCAGGGCCACTGCAGAACCGTCCGCGAGTCCAGCTGGATCAGATATCCCTCCGAGAGAGCCAGTCGGCTCTAGCCGGCGCGGCCAACACCGCGGACGTAGTGGTATAGGCATCTGCAAGCAGAAGAGCCCCCCAAATTCACTTGCCCGGATAATCGCCTGAAGCGCCTTAATCAGCGGAATGAAGGAAACGTGGAACGCCGCGCCCCTTCAAGAATACGACCTACCCAATGTTACTCGCACTAGGGGATGGTGACTGACAGTACGCGCGCATGCTCCTACACCCGTAGTATTTGGTTACCCCCAACTTCCAAGGGCCGATGGCGGATGTGGGCAAATGCTGCACTCTGTCGGGTCTGTACTCGCATATCCCTGAAATGTGGGCCTGTGCACTTGCGAAGTTTGAGCAGGTAACCGCTCCATACTAGGATATAGCAC,580,56.72,Homo sapiens
SEQ_112662,TCCCTTAACACAATAGAAGAGGCATAGGTTACCCGGGCTTTGGATGTCTGTAGACCGTCTAGCATTTTTTGCTCTCATAGGCCCGGGCA,89,49.44,Escherichia coli
SEQ_553572,CTGCCTCAGCGTTGGGCTGTCACGTCTCCCCGTTCCAACGATAATCGCGTGCAGACATTCACTAAGTTGGGTGATCAGGTGGGCCATTACCCTTAGCCGCTGTTTGGACTATACTAGGATGCGCGGGAATACGTCAGCAAAAATGCGTAGAACGTCTGTCTTTCCAGAGGTCCATGAGTGCACGTGCGATCACCTGAGAACCCTTTTAGGACAACCTCCACCTCTTGCTCGCGACCTCAGAACCTTCCCTTTGGCCCTGCCTGGCTAGGAGAGTTCCCTCCACATTCTTGTTTGATGTCTCGAACCGATACAGAGTAGAACCTCTCTAAAAGTTTGGTCTCGGAATTCGGTCTGGAGTCGAAGCAATAGGACATGGAGAGGAAGCTTCGGGCTGTCCCTATGCTGTCTGTGCGAGCATGAACCCGCACCTCCTAGCCGTGGTGAAGAGTGGTAACAAGAGAACGAAGAAGCTTCGTACGCCGTACACATCGGATCGCCATGCACGACGCTCTATACATCAGCAAAAATCGCAGGCGAGGTCCGAATTACCGGAAGACCACTCAAGGCTAGCCGCATTTACCGCTGCTCACCAAGGCCTTAGCGTATCGGTTTCAGCACCCTACGGCGTATCAAGTGGCCCGCTTCGGAAAGAAAGGATGAAGATCCACCCCGTTCCAGACAGTACAATGCGCTTGGAGACTATGGTAGGGTGCCAGCGCAGACACCCGTGCCATTCGGTACCCCCTTCCCACGATCGTTGCGCATTGGTATGCGCGATATCAGAGCCGCGTGAGGGCACTTATGGTATATGTGTCCATACCGAGCAGCTTATAGTCTGCTGTCCGTTGTTCTTGGATTGAGGAAACGTCTTCTATTATCAGGGAGAGCAGGGTACTCATACTAGTGCCCCAATCTTGGTAAAGGTATTTACTTATATCGATTCGTGAGACCAGGTCTACTGGGTTGGTAAGCGTTAAAAGTTTATGTATCACCCATAGCATGCTGTCAGCCGCTGTTCGGGGATGCCAGAGTACGTGCGACTACAGGCACCTTGACAGGGAATTGGAATGCTAGTAGAATGATTGGCTGGCCGACAATACACTCGCCAAACCTTTGAACTCCCTAAACCGCGGACAGTCCTATTGAACGTACAGA,1155,52.03,Drosophila melanogaster
SEQ_208179,GTTCCGTCTCAGTACCGATTAAATAAAGTTCCTACGCTCAGAGCCTCGTTAAGTCCATGCGGGGACGACGAGAAAATTCTACAAGGAGGACCCACGTTCCTTCGGGAACTTTGCCTTTAAAGCTCAAATGGCTTACTTATGAGGAGCATCTTTTACGCGGATTTCGTGACCTTCCGGCTCATCTTGGTATGTCATATTAGACTATGTAGCTGAGGCTTAACTCTGCTAGGCATCCAGGCACCGGTACACTCATTTATAGCCCGGACCTGCTTCAACCCTGTCTTATTTGCAAAGTTCAAAGGAATAGCTTGCTCAGACTCCTGCAAGGAGAGATCTCTTGACTAATATTATTAATATGTCCTCATAGGTGAATTGGGACGGCTTGTTAGTGACACTATATGTCCCAACGCCAAGTTTTGCCACGGAGAACATTGAACTAGCCGTAGAAACGGACCCCATAGCGTCGTGATTAGGTTGAGATTATGTGGAAGTTCGACGATGGACCTCGGGCATTCACACTCAAATTTGGAGAAGCCACTAGCACTGAGCGGTTTTCCTTACAGATCACCGATGGATTTGACAACCCGCTCCCTAGGCAGCTCAACATGGGAAGTTGTGCCGACACTTAATATCCGTTGAGACTTGGTTAATGGCCTATGTCAAAACCTCCTTTCGGGGCAGCTTGTAGACTGGCCGATCGTCGAATATGTGGCAGATACCTGCAAGATACGTACAAGAGTACTCTGAGCAAACCCGAGTCTGTCTGCTTCGCCATCTGGTGCGGTCAACTCTGTTAGAACACCAATTTTCCGGTCGATCAAGCGTGTGTTACCATAAAAAAGTTCAAGGGCCAGCGCTCCTCCCCGCCCCCATCTTGGGCGCGGGACTCCGCGGGTAGTAGACAAGCGACGATCAACTCGGATGCAAATGTCTCCAGTTACGGGACGTTGTCATGGACGAATTCGCACGATAGCCGCAAGTCCGGGGTACACGCTTCTCAGTTTGCCACCTCCAGCGTACCCTTTTCCACTTGCTTAGCCCCCATATCGCTTTTAGCGTCCAATTGATTTCACGGATGGCTCTCAGGCTATTATCCACCACGAGAGGGGGGTTCTGAAGTTCAAGAAAAACACACTCTTTAGGAGATCAGTTAAAAACCGTTTGGGGGCTCGCACCAGTATTAGGGAAGTAACATTAGGCGGATACACTATGCACGTAAACAGCAACCAAGGTCATCTACGTCTGGCCAAGTGATCATATGCGCTCCTCATCGATGTTGAGAAACGATTTCCTCCGAAAGTATTTACGTACAATAAATCCGTTGTAGTTCTAATTTGATAAATGTATAGTGAACCTTAAACAACAGCCGCTGGCAATTCTCGTAAGGGGGTCCAGTGCGGTGGAGATCCATTCGACGGAACCAGGTCTTCGAACGCATATACTGTGTATCATGTCCATCTGCATCCGTAAAAGTTGACTGGCTAGAGCGCAGCTGCTGACGCTTGACTACCATTGACTCTTTCGTCACAACCATGGCTGCGATTTTCATTGTGTTTAACTATGCCTGGTAGGTCAGTGCATACAACACTGTATGCACTCGC,1601,48.16,Arabidopsis thaliana
SEQ_957944,AGAGTGCTCGAGATGCCATAATTGGCTTACGTCTGGTGACTTGAGCTCATGTGTTCGAGTCAGCGAGTTTTCGCTTTGTGTAACGAGAGCAAATGTTCGCATTATTAGAATTGCAAGTCGAGTGTAGCAAAGCTCAGCTGTAACGTTAGATCCATGCAAGGGGAGTCGGATTCGACTTCCGTGTGAACTTCGGACGATGTTCTCCAGGAAACATGGGCACTAGCCTCTTGGACACCCCTGTTGACCTATTTGTAAGATTATGCTCCCGTCGACGATGTCACGCAGGCCCTATACATGAACTTCAAAGCCTTCAAAATTACCGAGCAATCCAATTTATCGCATTCCGTCCGCGATAGGGCTCAACAGTGATTAGGTATCACTAGGCCACTTTTTTCAGAACGAGGGCCTTAAACGCTTTATCTACGTTTCGTCTACTCTATGTATGAGGGCAGAAAAGTAAATAATGTGTGCTAGTCGTGGTATGGTAGCGTCGTTTGCGCGCTTTCCAGTATTTCTCAAGTCCGAGTTATAATCTAGCTAGCGGCAAGGTTGAGGACATTCACCAAGACTGGCTATTCCGACCATCGTCTCATTGCCCACAACTCAGCCATCGCGTTTAACTCCGGGGGGCCAAAGGGTCTGCCCCATGCCAATGGATCGATATCGTCCTTTCTGAACATGTGAAAGCTAAGGGAGTACAGGGCACGGTGTCTACCTTGATTATGTTGGGGTTTTCGGGCTGGACTCCTGCTTAGGTGCAACAAGGCTAAAGTAGTGTAAGATATAGAGCAGCTAGGGGCTACGCTGTTAATTCACG,817,47.86,Drosophila melanogaster
SEQ_963751,CATTCGGCTTTGGCTCCGCGGCTTCAGCAACCCCTATCCCGAATATTGCCTACACCGTCCCTCCCCTTCAAACCATTTATAAGCCTATAACTATACATCTTGGGTGTTTCC,111,49.55,Caenorhabditis elegans
SEQ_410765,CTGAGGAAACACCTGTAAGCCAAGGCCCGGTGCAGAAGCTGAATGTGGCGGGCCCTGTAAGAAATACTAAGATGAAGCCTAGTGATGTGGTTGTAGCTGTCTAAAATTATATCCATGGTGACCCAACTCCGCATGTAAAGATATACACCGCAGTGAGTAGGATGCACAGCCTGGGCTCCATATTGTGTAGGTTTGATGCCTAGCCCCGTATTCACGCGTAATCCCCTCTAGATATAGAGCTAGTCGTCTGTTCCCAAACTCTACCTGGTGATAGGAGTGTGACAAGCCCAGATAAAGGCAACGACCAGCATTCGTCATATTGATCAGCCGTCGGAGTAAGCGACTCGACTTCCTACGAGACTAGTTTATGCTGGAGCGCCGTATCGTCGAGGGCGCAAGTATGCAGGCCGTGCTTTTCAAGAGTGCTGCACCGAAATGGCCTGTCTCACTGAGTCTCTGGCGCTCTGGATACACGGGCTCCGACTCAAAAACAACTGCGTTTCTGGTACCAACGTCAACCTAGTCATGACAATCTATCCCGACAAGTCAAAAATAAATGCGGTTGTCCGTGCCTTGGCTCTACTAACCAGGTCCATTGCGGGTTAGCCGAACCTACAAATTGCCACGAACATGCCGAGAGGCCGTTGACGACTTGCACTATGCAACACCTGAGTTCGAAGCGATTGACTAACCCGAGCTTACCGCGCGCACCCCATAAGACGCCAGCTTGGTGGACGTCGCGAGTTCGGCAAACTCCTCTTCCCTGAGAGCATGCACGTCCGCGTAGGTATTTCGCTGAATTCACAACGGTGCAAAGAACTACTGAGATAGCCCCACTATGAGAAGAATGATCAGCCCTACTGCCCTTCCCGCATGATAAAAGCATATTTGAGGAACTGGTCAGGCGAACACCACTCGCAAACCCTATCGAGGCGG,936,51.5,Homo sapiens
SEQ_115956,CGCGAGCCCATAGTCTATTGCAAACAATGTACACGGTCTGAACATGATCAAGTCGACCCGTCTACGATACGGATGCCCAACGCACGTGGATCCAGGTCTAGCTGAATTCACCTGTGGAGTCAAGTAATAGATAGTAATTCATTATGTGCGACGCTTTCCTCGCCCAAGCCATTTCCGCGTCATAACATGACGACCGCGTCGGTCAGACCCTCGGAGCGGATAGTTCAGTACGATTTCATGCGCTCTCCATGTGGTTTCTGCGTAAGTTTACGGTTCTATGACCAACGTCGCGAGGTTGCCTAACCCTGAGTGAGGAATTATTTATATCGCGACCTTTCTCCGGAACAGGCCAAAGAACAGGGAGGAATCATTATCTAATTTGTAAACTTATCCCGTCACCTACGTTGGTTCATGTCCGGTGTTATGGGGTCGTAACATAGTACACCTCACATGCTACGTGAAAGCGTGCCTACAGCCTCCAATGTATGGGTCGCTGTCTTAGCTGAATCCGGGGGCCTAGTTGCGATCTGAAATCATCAGTGGAGAAGGGCTCCACTGGGATAGTCACCATCGGTTACGAGGACATTACCAGTAAACCCCATTCATTATTGCCTAGGATGCTTGTAATATAGTCTAAGTCGGCCGAAATGATAGTGACTTGCGCATGAGTTGTGGTAAGTGCAACGCGAGGCCGGTCAGTCTACGAAGAGATAGTCTTTACGAAAGTCCAGAGTTGCAGAGTTTCCTCACGTCTCGGCATATGGGTAAGGACATACTCAGATATCCCCTGCCTCATAGAGCGTCAGTTCAGCGGAAAGGTCTCTAAGACCAGCGATTCGTACTTAAATCAATCCATTAAACCCCGCTTCCTTCGCGATTAGCTGCGCTTAAGGCAACAACGCGAGGGGCCCCTTCTAGCGCTACCAGCCCGATCGGGACGCGTGAGATTGTTTAGTGCCAAACACAGGTCACATAGCTTAAGTTCCGCCTGCTCAACAAACTTCTCCTCGGAGTACCAGCGGCATGCAGGCAGACGTAGGCCTAATACGTAGCATCTAGATAGGTGAAGTTTGCTGCCGCCATGCCCAGGGTATATGGGCCAGGGGCGGCGGTTTACCTGATCTCGGTAGATACTTTACAATGTCTACGCCGTAG,1155,50.22,Drosophila melanogaster
SEQ_365208,CTGAATTCCACCAAACCTGATCGCTTCGGCAGAGTGCTCTAACGATTTGTTGCCTTAGAACGGGCCGTTAGCGCTAGACGAAGGATGTGCGACAGTAGACGCAGGAGCTGTTAGGTTATACCTTAGCATTAAACATGCAAAAGACACAAGGCGTCGGATGCCTGCCCAAGTTACGGCAGAGCGGGTACGTAAATAAGTACAAAGGGCACCATTTATCGCAAGAAGTTCATAGAGGAATTTCTAGCCTTGAGGTAAAGCAACCCTAAACTGGGAATCTTAGCCTACGGCATTGATACCAGGATTAATCGTCGAATGAATAGATATGCCGCCCTAACTGCCACGAATTGATCATTGACCGTACTGGAGGATAAACGTATTCTAACATATCTTCTTTCAGGTGAAATACAACGTTCAGCACAGGATGTAATAGTTCACGATGGTTTCATTCACCAGCGCAATGCATAATCTTAAGAAACCAGCGGGCGCCGAGAGAAACCGCGAAGATCGACATTATGCAGTTGAGCTGGATCACCTACGAGAGAACAATAGCTGTCCGCAT,559,46.15,Saccharomyces cerevisiae
SEQ_125679,GATTAGTACACAACGCTAGCTCACATTAGAGCCTCCTATCAACGAGGCATGAAATCGCCAGCAGGATTATATCATCAGTAACTCATGTCCAGTAGCGTAATCGTCAAACAGGCGCTCGTTGGACATTGATCTATACGACGGCAGGCTAGCCGGTGTATAATTCGAAAGGGGTTAGAGAAGT,181,46.41,Arabidopsis thaliana
SEQ_110048,CAGCGTTCTAAAATTCCGTATCGACACTTTTGCGTCCCAACTTACTCTCCTGTGGCCTCTGCCCAAAGGCTCTATTTGAACTATAACAGTGAAACTGAAACGCTAGGGTAATATGGTCATCGGTTTACATCGCCAAGCCTGATCCCCTCAGCCGCAACCCGACTAGACTTGAGGCCGACTCAGACTACATATGTAGTTTCTGTAGACTCGCATGGATGCGTAAGCGGCTGAGCCGGGCTAGGTAAGCATGTAAGCCAATAAACGCCAAGTAGAGGTACCCTCCTCTTGTACAGAATTACTACTAGGATTGCTATTATAAGCTTTGAAGCGATTAATCTGCGCTTCCAAACGCGTGATAATGCATAGCGTTCCCTTTTTAACACTAGCCACTCTAATACCGTAGACGATCCGCCAGACCTAAATGTGGTAACGCTTCTTCCTCCGGAAGGAGACGGTTTCATACGGGCCTAGTCCCAGGAGCTGTCGGTCGGTAGTAAGCCTGCACTGTGGCGTCCATCCACGGAGGAAGACAAAGGCGCGTTAACGAATACATGGCGGCTGAAATGGTTCTCAGGCTCGGTTCTTCTGGTGATCTCGGAGGGCCGCCTATTGTCCACTTCGATCCGGGGCCATATGTCCGAATGGCACATGCATCTCCGCGCTAAGGACGACCTAAAGACTGGAAGTGCGGCCTATGGTCTGAGGACTAGCGTACTGGTGTCTCTCCCCATATCGGTGTTTGTCATTTTTTAAGCTTTTTTCTATTTGAACTGTTCTGGTTGCGTAAGCTTCATGCGAGTTCGGGAAGAAGCTCTTGATTGTCAATAATAAACGGAGCCCGGCTCTGCGTATAAGCGATTCCTTCATAACGCCGATGCCTAGAGGCGTTAAGCAATCCGGGTTATTATAAATCCACGTTGTTTTTTCCTAGCCGCATTAAAGATCGACCTAAACGAAACCGCACACCACTTTCATGGTTTCGCTCGTAGGTCTCCACGTTCGAAATAGAGAGCAGGGGGAGATCGGCACTTTATGGGAGAACCGGCGCTCCTCATAGTAGTCGACGAATACTGACCGCTTAGCCAGATCCCTTATAAAGCG,1101,49.41,Mus musculus
SEQ_968418,GACTATTTCCTAGCCGACGTTCATCTTACAGGACCTGGTAGCCGGGAGCGTCGTATAGTCCAGTGAGTTAATTAGGCTACCGCAATGCGTCTCGAGACCGCGGATCGCGGTATCCCGATTCTGGTACGGACGTCTGAGAATATAGCGCGTAGCCGGATAAACCTTGCTCCTGATAATGCAGATTCACGTTTCAGCGAACGTAGTAATTA,209,50.72,Escherichia coli
SEQ_730919,CTGAGAGCGATACTCTGCCGCAGTGTAGATATTCAGTCGATTGTTCTCGTCAACGCGCATAGAGAAGCGGGGACCAATCTGAGACGAGTTAGAATGAAACCTTTACTTTTAAGCTCCGCCGTCACGCTAGTAGCGTGAGAGAAACTCATTCTACACTTAGTACTGGTTCTCCGGTCGGCTTCCGCGGGCCACGTTAGCGCTCAGGTCGTCGCCTATAGATCCCCTCGTGGGTTGTGTTGACGATCAGCTTACCTTGTGCCTACGCTGCCCCCTGCCAGAACCTGCAGACATCTACACGATTCTTGATGCCAAGGCAATATACTCGACTTTGACTGGGTTTCAATCCTCCAATTAGTAAGAGGAGTGCCCATCGCTAGTGCGGCTTCCGTGAATTGTCAGAAAAATCCGTGTATCAGATGGTCAGACCGAAATTAACTCGAGTCAGCTAACTAGATCGGTTTACGCCCCTCATTATAGGACGCACAACGTGGACCTAGGCAGATTAGTCTAACATCATGATCACATGGCAATGGTAGTTCTCAGGAGGGGCTTCAATAGAATTGTGGTAAGATTTCCCCTATACTTAAACCATGGCAGCGATGTCCGAGACGAAGTCGCTTAGGGTCGTCCCTGCGTTAGGCCCGCCGACCGGCGGCTACTTCTGCGGTTGGGGGAGACCGCCCGCAGTGTACACAAAAATATGTATCCATATAGTGTTTGGACAAGATGTCCATTTGGATTATAGTTTAGGGCCTGTTTGCGCTGGTAACTTCCACCGCCAACCCCTCTGTTTTAATACGAAAGCACGATAAACGCCTACGTGCTGAGGCTACTAAACTGGAATTTTTGGGGTAATAATCTCAGTCGCGGGCTAAGACTGCCGTGCGATCCACTTGTCTGACATTATTGGGGGTCTTCAGTCTACTCCTTCACACGACCACGGCGAAAGTCGGACAAATCGCTGTCCTTGTGTCTCTTCGAACTTAAATCAATTTATGCAAGAGTCTAGCTACCACGCGTTCTTTGAGTCCATTGCCATTGCAAAAACATATCTGTCGCTCACGCAGTCTTTCCCGATGAATAATCCAGCCCCACCTGCATTTTGAACAACGCAGGCTCTCATGGCCCTTCTTCCGTATGAAACCTCTTACTGCGCGAGTAGGACTCACCAGAGACAATTTGCCGTTTTATACCATTAGATCAAAATGCCGAGTCTAAAAGGAAATACTCCCCGGAGGCGGTATTCGATCAAAAAAGAGCGAGATACTGGGCGAGGGCGGAACGATCCCGGTGCAAGGAGAGGATCGTCCTCCGCAAACATCGCTAGTAGGAACGAGATTCACCGATATGGCTACGCACCTTTAGCGGCCTGTCAGTGGGCAGTAATTCCCAACGTGCCTGCGCGCACGCCTGATGCCTAAGTAATATCCTACTTCCTCGTTGCAAAGTTAAGACGAGGTCCATGGACACCAAGCAGTATTAGATCGTCGTTATCACCGTTTAGACCACTTATTCGGGAATGA,1523,49.57,Mus musculus
SEQ_909428,GGATCAGTATTCCTCAGGACGCCCAAAGCTTAGGAGTAAGACATCTAAGGCAAAAATGAGAGGTTGTTCTAATCGCTCCCTTGCAGCCTTCTAGCTCAGTTGCTTCGGTAACCGGCAATGGATGACCCGAGAAGATACAAGCTTCATCGGCGCCATACGTGGTGGTGATTACAGAAAACTTCCCCAACCTAATTCCGACCGGGAGAGGGGTCCCTGATGAACAACAGTGCAAATAAAGTGGCGTTTAACATTCCACTGTTTCGGTACTTAGACCACTTGTAACACTTCAGTTGATCTGGGAAAAGTATAACCTTATCATAGGAGAAGAGGGCGACTCCGTGATCTGCTTACTCGAACGTGCTGCTCAGGCATAGTACAAGTCTTTCAGCGTAACTGCTGGGAATCCACGCCGTATCATGGGTGACGGACTTTTCTAAGTGATGGCGCAGTTGCGCCAATAGGAGGGATACCTTGGGTACGTGTCCGTCACACGGCTCTCATCCGGTAGAATCGACCTTACCTGGAAGATAGGCATTCTGGGATCTAAATGCGAACAATCACAGGCTAAAATTCCACACTGATACTTCTCGTCATCGATCGTTGGGAGGGATAATTCCTACACAGGGATGTGATGGACAAGGTCAGCAAGACTCAATAGGGCATAGAGGGAGCGAGGTCGCAGAGAATGGCGAAGAATATTTGCAATGTAAACAAAGGCGTGGACTATGGGACATGAGAACCTGGTGGGTGATCCATGGCCGTCAATGTGGGCCGCGGGTTGTGAGCTCTCCGACTCCATAATGGCTGCTTCTGCTGCGAGATCACGGATAGCGTAGCTTTCCCTCCATTCATACTGGGGTGTTTGGGCCTGCTTGTATCCGAACGGTAACCCTGTTTTAACAGGGAGGTCGGTACGATGTGTCGTAGGGACCGGAGCGAATAATTAGCAAATCACGGCCATTAGCAGGCAATTCCCAGACATAGAGATGGAAGCCGATCTTTGTTCGTACCTAGTAACTCCTACATGTGTTCTCACAGGGGCTCAGTTTTCTCTCTGGCAAACTGTGATACGTGCGTGAGTCTAGGTTCAGACTTGGTGCTTCCGAAGTCGCTGGACAACCCCACTCCAAGAGCAGGGGGCTACTGTGTTCGGTGCGGGCGAC,1163,50.39,Saccharomyces cerevisiae
SEQ_543375,ACACTGAAAATCATGGTAATTCGCAAGCCATTCGCTTGTAATCAGAGGTGTTAAGGCCCCACTTGTAGTGCAGCACCAACTCAGCATTCTCCCAATAGTGTCCACACCGTTTTTTACCGTGGCTAAGCACCTATCCATAGTCACAAGACCGGGATATGGATGCAAGCCCTAATGATACATTTAGCAGTAATGGTGTAGGCGGCTTCACCGAGACGGAAGCCACGGAATGCAGAGAAATCGTGGCAATTGCTTGTACTTTGTGAACCCAAATCTACCACCAAGTGACTTCTCGAGGGCCCACCTGGGGGACATGTCCACACGATAGTAACCGTGTGTACGTCACAGCTGATGAGAGAAACGCGGCGTTATTACGTCACGGCCGTGTAAAGTTATGAATCGCCGGTCAGGTTTAAGATAAGATTCCTTCGTATATACTCATGGTAAGGTCACGACGTGAATCCCATACCGCCACTCTATGGTGATTGCGGATCCGCATTTGGCCCTTTAAATCCAGGCGTAATGTGTAGAGTAGCTGCGGGTCTAACACAATTTGCGTCTTCCTCATTTTTGGAGCTCTATATGAGTATGGGGGTTGCAACTTCGTAAGGCCGGTTCAACTTCCATTCATCCCCCTGCTGCAGCAGGCGAATGGGTTAGGTTCCAGACAGAGCAAAGGGGCAAGTGACAGGCTAACGGACCCGGTGGAGAGATCTTTCCCATACACGTGGCTCTTTGTCAAGAGAACGAGGTCTTCTTGCTAATACGTAGGATAATCCAGGAGATGGAACCGCTTGCC,796,49.25,Drosophila melanogaster
SEQ_587717,GGAGATAGTAGATGTCGTAGTGGTGGAAGCATTTGTCGTCGCCGAGGGCATCTCGAATACAGCTTGACACCTGGGCGCACTCGTCACCTCGGAGAACAGGTCGCGCGTCACCTGTGAAACCTAGTGCTCAAGTCGGGAAAAACCGGCGTGAGGTTGTTCATAGAGCCTAGCGGATGTTTCAGAACCTGTTACGTGATGGGGTTACAATCTGATTAGGACCCGGTGTATGCCATACTAAGGGGCCTACCGGTCTTATGCATAGGATGTCAACTGACGTATAGGAATTGTCCTTCGACGAAAGCGCGACCTCAGCTAGCTCGTGTGCGACAGGGGAACACCGTGGCTGCTAAGGAACTTTCTATTCATTTGTAAGCCCTGGAGTCTACCGTGTCCCTGCCTCATGCAACCATATTGGTCGCACCGCGGGTCAATAATTACGTTCCGCTCGGCAAGATTCCAAACCTACCTGCGCCCCGCAAGCCTCTACCATACGCTGCCTACCACACGCTGTGGCACTGACCTTTGACATTTACTTGGTGAGTTGCCCTCCTTGATGACTTTCCCTGAGCGATTAATGCGCACCACAAATGCCGAGGTGTCCGTTTCTCCTACAAGCCCTGCGATCTGGACTAGATAGTAGTTTTAAGAAGGGCGCTGTACCTTTGTTGATATGCTGGCTAAGTGGGCATGGCTTGCTGCACCTACAGGCCCTACGTTAGC,720,52.78,Mus musculus
SEQ_410189,GACGCATCAATTGTGCATCGCGCTAAGCTTTAGGTCAAATCCGGTGAACCGTCTAACCAACCTATATCAAAGCGCCACCTACTGAACTTCAGCTGAGATCTCAACTAATACCTTACTGCGGACAGGGCCACAGTGTATTCGATTCCGAAGGTGTCCCTTTTCGTTCTACCCCTAGAGTTAGGAGCCTTTCTGAG,194,48.45,Escherichia coli
SEQ_791203,GAGATGCATGGAAATGGCCCTCTCAACGGGGGAGGAACTATCTAATGTTGCTAATGGAGAATCGTGTCAGGGTTGGAATGAGGCATCTGAGAATGGCTTTGCGTGAAATCAAGAAAGGGTACCTGGACTTATAAATGAGTACCCAACGCAGGGAGAAGGGGGCGAATTGAACCCGGTCGACATTAGTACTCTTAAGTCGATCGCGGCCACGTGTAGCGCGAAACCGGTGGACCTGGTCCGTTGTCATTTACCCTCAAT,258,50.39,Mus musculus
SEQ_810245,TGGGAATTCCACCTCTAATCGAGACTTGGTTAGGCATCGGGAGGTAGAGAGCTCATATCGCTTCTTAAACTACAGTGCCTTAATTCAGAAGGGCGTTCTCTTTCGAGAAAACCTCGTTCGTCTGGGAAGTAGTTACTACGCAGATGCTATACGTGCTCAATTATAGCGCATGGACACACGCATATGCATACTCGCGAAAAGTTTCATTCGCGTATCTAGTTCACTTCCATTGAACCAAGGGGGTACAAGGCCCATATTCGTTGCTAATCGATTTAAGGTTACGGCTGTCAACTCGTAACTTTCCGAGGTGTGGCGACGTAACTTTCGGTACGTCACAACATCCGAGGGGTACGACAACGGACTACAGAATGAGCGAACCATGGTAATTGACGAAGGGCAGGGTTAACAAACAGGCTGTTATTCATCGCCCCTACGCCCGTGAGAATGCTCGCAACCCCAATACCATTATAGAGGTCCGCCGTCTGAGTACTACCGTCCTGAGCGATTTTTGTCTCCTCACCTCCGCCGGGTCTGTACGATCAGTCTTAACGCGATTTTCTATGAGCCGACTCCGACTAGGTAGCTTTCATTAGGGAACAAGGCGCTCCACATTTTGTTCTACGCCCGTATAGCCTAACAACATGTAAACTATCCTCATGGTCAGGCTGGGTCATATGTGGCGCACGGTGCGTGTTAATGAGCGTTAAAAAATGTGTTCCTTTTCTAGCGCACTTGTACCGTGTCCTGTCGCCCAAACCCATGCGCTCGGGAACAGGCTCAGAGCGGATTAGGTGTCCCTGTTGGTACCCTACACGCATTTGAGGCATGTCTGCGCCTGAATTTACAGTTTGGAGAAGAAACAAAGACATGCTTTGGAGTACCGCGACTGTATGTGACGAATTTTTCATCATTTGCGTCAGGGACAACCTTCTGTACCAGTACACCGAAAGCGCCCCATACGCAATGCGTAGATACAACAACTCTGAATGTTGTCATGCGGTTCCCTGT,1008,48.81,Homo sapiens
SEQ_431096,CGCGCTCAGTCTCACATCAATAACTACTCAGATAGGTGCAGCTCTCTGGCCTATGAGCCAAGTTCAAGCTCGCGGGATCAGATACGCTGCTGATACAAGAACCATGATAGCCGCCATTCTGTAGCTGGCGATATTCATAGAAGAGAGGGGCCCGGCGCGTGCGGGCGCACTAATTTCCAGGGTTAAAGGACAGTCGTTGACTCAACTCAGTTTACCGATTCCACAGCGCATGTTCTTGGCCAACACAAAGTGGTAGGTGACTTGAACGTTCCAACTCTAGTCCCTAGCGGATCATAGCTGTCTTTGCTGTGATTATGTTAACTGATCGCAATAGAGGCATGAACTAACTGTAGTGCCGCTGAGCGTGTGTGCTCCTCTCCGCCGATTATAGCAGTGCGGTATAAAGCCAGTAATATGCGATGCAGCGTGAATCTGTACAGCGCAGTGACCCTTCAGGTGGTTGTAGCAATACTAGCTTTTGAGTCAATATGTCCTCTCACTATATCCCAAAGTCTCACGCAAGACCCGCTACATAAACGATACCACTATCATCTATACTTGACTAAAGGTCTCCGATGTACGTTTGCCCCTCATTTCGACTACTCAACTCGCGACATGCCTAGAATGGGTTATATCCATGCAATACAGAATAGAATTGGACTGTGGAATTGCCCGGGCGGATGTACTGCGATGTGGGGATTTACAAAAGTAAGCCTCGTTGTATTACAACAGATAGCGTTTACGTCCTCCTGAAAGTTGTATTAAATAAACTTCCCTGTGTGGAGGATCTGTCGAAGGCGTCGAATGACTTAGCCCTCAGCTGCCTGAGGCGCACGTTGACCTCTGTGTCGGTGACCGTAGTAAGGCGTGGAATTAGTGTAGGCTCATTGCATATTGCCTACGGGTTAAATTGTTATTGGAAGGACTCTGAACTCATCTCCAGGACAAGGAGTGTCCCTCTAAGGCCGTGAGTGCCCGAATC,982,48.47,Caenorhabditis elegans
SEQ_579446,CCCAGTTCAGTGGGACCAACGAATCGACCTTGAATGTCTCGGAACGTCGCAATAGAGTTGCCGTGCCGTAATAAGGCTCACCGCCTCCCAGGTCGGACTGGCGGGACAGGTGGGGACCCGGCTAACTGTGCGATAATGTGAGACGAGTGACATCAGCAATTCTTTGAATAATTTTGGCCCGGTCCGTAACCGTGCATAATTGGACCAGACGTTTGCAAGCCCAGCTACGCTATCTAAGATCTGGCCATATCACATTATCGATGTTATTGGAGTTTACCTTCATATTTATGCTAAGCCAACCCCTCTCCGCCCTGGTAGCGGTAGATTAGATTGGTGCGACAATTAATTGGTTGTTCCTTCTAGCACAATTGGGCCGACAAAGCGACAGCATACTTATGAGCCCGTGTACTTGATGTAAACTCAGTACGCGGTCCCGAGTAGCTTTGCTAAGGATTGCCACAACTGACTCTACATCCATTTCTGTAGGCCTGTGTATGAATCTGCTATGGTGATCTCTCTTTTTAGTCATGGAGACCTCTAGGCGGCACAAATACGCCTCTAGGGTAGGTACTCGTCATCTTAAGCCGCGATCCGGGCTAGGCGTCTTGGCTCGTCTGTTGCAATTGCCAGGTGGATACTTAGAGAGATTTAAAAGTACGGCATCTTTCCTGAGTAACGTCACCAGGCTTGGGATACCAGAGGTTATACAATTCCGACTGATAATAGTCTTCAGGGAAAGTCATCTTCAGTTAGAGATCCTAGCATATATGCGTTGATTAAGAAGACGGCGCGCGTTTCTGTACTGGCGTGAATGACTACGGGCCTTTAACCGAATCTGAAGCAGGTCGCGGCGATACCGGTGCGGGTCTAGGTCCGTATTCACGGCATCGGGCTTCCCTTGATTACCTGCACACCGTCAAACGAGCTTACGTAGGGATCACTTCTTGGTGTAGATGTTTAACCATACATCTTGGGTCACACCATGCAGCCGCGGTGCGGGTCTGAGCGATTCTGTCGCATTGGATCGAGTTAAATGCGAGCATAGAGGTACACATCTCCAATGCCTTTTCTTGGGTCTTACTTGTTGTTATTTAAAATCCACCTGAAAAGTGGAAAACCGGCAGAAGACCAGTTCGTAATTATAGAGGCAACCGACGGACGTTTTGCCCTTGCCGAGAGTGTGCGTCATCTGTATAGTTCCGAAATCTCTAAACCAAACTCGGCGTCAAACCTCATACCGGACAGAATTTCGTAACAGGTCGCGAAATTGGTGTCTCATCTGAATCTCGGCCGCATTCGCTCCTCCCCTGGGTTTATAGTACGAATCCTTGGTTGAAATCCGTACCGCTAAGTTCGTCGTAGCAGATCGGCGGTGGATTTTATTATTGGAGCGAATGGGAGGACCGTGTATATTCCGCGCAAATCCGAGTACGACAACGAGATTATACAAAATCTCCGCCAGATCTTCGAGCATAGATCCTTCAAGCAGAATCCTCTGAGTTTGAATGCGGAAGATA,1517,48.65,Homo sapiens
SEQ_699061,CCGTAGCGTTCTGTCATACTACGTGGCCACGATCATTGCTAGGGCGAGCCATAGATGAGCTGCTAGGAAAAGTAATTTGTTAGTGGGTTGACATCTTGTCTCACGTATGGTGCTCGAGGTTACACCTAACAGAGTTACACGTCTATCTTCTCGGCGACGATACGAAATATACAATTGATAGTTCCGCCGGCACGGACGTGTCTCCGGTAGCGGGCATTAGGACCAGCCCACTAAAGAGCAGCACATAGCGTAGACCCATGCGAGTAACTACGTCGACGCGACCACCGAAGACTACTCTGGCCGCTATCACGATAACTGCTCCGCAGACATAGTCACTCGTCCCGTCTGACCGTAAGACCCAGAACCCTCGATCCAATGGCGACTCCTTGGCAATAAATCGCTCCGGGGTAAGCCCACGGATAGAGTTTGCCGATAGGCCATAGACCTTCCTCCTCTGCCTATCGATTAGACTACGCGGTCCTGCAGATAACAATAGTAATCGTTAATAATCTATTAGGCTGTACTTGGCGTCGTTGTAAGGGGTGCGCGACTTAGTCCTACAACACGTGCTTTTTTGGTCTTCTTGTGCGGACGATTGTGAGTGGGACTAGACATAGACCGGCCGCTTCAATTAAGTGTATCAGGCGTTAACGAGTCTTGAAACGGACCTCACTCTGGTGT,681,50.81,Arabidopsis thaliana
SEQ_551675,GGATGATAGCCACACTACTGAGCCCTGGGGCAGGGTTCACAAACTGTTCAGGCCCGGACATTAGAACGCGGTGTTGCGCTAGGCCTCCTTTCACGAGTCTACCATCTCCTGCTCGTCTCCTGGGCCACCGTTTGGTAAGGTCATGGCGTACGTCCGCCT,159,58.49,Homo sapiens
SEQ_679532,GCAATACTAGGGATAAATATATAACACGCTGTCTTCCCAAGGCCGCCGACATACTTGTCGAATCGATTTCTATCAGACACATCCTCAATCGGTGGCTCAGCGCGCCGAACGTTTTCTGTATAGTCTGTGCAACCTGATAGGCAACGTAGATAATCTCATCCTAGATTGCCCAAGTACGACTAGCGGATGATCGATACCAGTCAGGTGCATTCGTTACACTAGTACTGCTTTGCCCTTACCCGCGGATCGATCTCCGCCACCAGCGCGCGCCTACAACCCGTAGATCGCTAAGTTGGTACTTC,302,50.0,Saccharomyces cerevisiae
SEQ_307378,AACGGAAGTTTTGAGGTAAGGTAGGGATCCGTAGACACCGAAGCTACTTAACTTCTTATGACACACATAGGCCTTATCGCGCGCTCTACTGTATGGGGTTCTTGTCCCACCCCCTGGAGTGGATCCTGAATGTTTAGATAGGCACATTAAGCAAGACTCCCCTGAACATAGCGTCCCCTCCCCCTAAACCGCCTGCGATACAACGCCGAGAGCGATTGGATAGCCTATGGGTGTTTAGCTACCGCATACTGCGGTCATTCTAACCATGCCACGGGTGCCCCGTAGAGGGGATTGGCCCGTCACCGACCGATGTTGCGTGAGGAATCCCAGGCAGCGGAACATCCGCCACTGATGCCGGCTGTAAATAGACTATC,374,53.74,Arabidopsis thaliana
SEQ_297258,CCTCAGGTTCGGTCCTGATTAGATTGGCTCGGATAGTTTAATCCAAACTGCAAGCCTCTGAATCTTGCCGGCTCGTTTATCCGGCAATCGCCATACTATAAGGGCCATATCCCACTGTGAGACATTATCGCTGCTAATTATCGGGCGACCTGCTGGGGAGAACCCAACAGAAACCCTCACGCGGCAACCAACCACGTGTTGCACTTTGTGGTGAGCAGCTACCACGATACTGCGATTATATGGGTGACTAAGTCCGTCGGACGGAGAGAGCGACCACGTTGTGCATAGCAATGAATCTCCACGTGTCTGATCCCTCGACACCTTTGGACGGACGTCCTTGTGCGTTACTTATGGTCCTTTACTTTCGTAGTAAAGGAGGCGGTCTTTACAAGATCACGCCTCTTCGTTACCGTGTTTCCCTCATCAAATGCGCACTCGCCTTCTCGTTCGGTGGCCACTAAGGACAACCATCCTACCGGGACAGAGCAACCCTCGACGAACCTTGACTTTCTCCCCAGATAGATTCCTGGACTGATTCATCCGCAGATGGTATGGATTGTTTCCCTAAGAAGCATTATTCAGTTTTACTCGGTGTATACCCTAATTCGGGGATTTAATGTGAACTCTAGAGTAAGTGGTAGAACAAAC,648,49.54,Arabidopsis thaliana
SEQ_244635,GTTTATCAGGTGGTTTAATGGGTAGTAGTAAGTTTAGTCCTAGATAGCGAGACTGGGACGACCCCTAACACCTTACCGAACTGCTTAAGGCTGACTATCGTTGGGGGGGATTGGAAAATGAGAGCAGTGTTTATCCAGCCCGGAATCCATGTCTTTAAGCTTACAGTACCGCCTGGATACCACGAGGCATGGGTGTCCTCGCAGAATGGAAGATACTTGACTGGGGCCCCCAGTAGGAGTGTACTACTTACTTAGACGAACCGACAGTGTCACGTATTTCCGCAATTACCTGAAACCCCTCGAGAGCGTGGCCGCGAGCCATCTAGCCGCGCATCCATCTAATTACCATAACTAAGAGGCCGTTGCAGCAGTTATGCTAATTTGTGGATTTATACTAATGTGTAAGGGAGCGATCCTTGATGATAGCCAAATGAGAATAATACGGAGATAAAGCGTACCCCCCCAGGTATGAACTGTGATACGAAACCGCCTCGAACAGAGGCAGAAAACGCTATATAGGGAAGCTTCTGCAGATTGGGACTGGCATCGGCACTATGCGTCTACTTCGGAACCATGCCCAGCTCATCCCGAAGTCCTGTTAAAGCTCTCTAGAACTCGGATAAAGACATACTAAAATCAGTCCTATAAAGGAGCAGGCACGCGTGCGTAGGTACCTTTCGTCCAAATCACTACTCGGTGGAAAGTGCGCGTACGGCTACTGTAGATCTTGTGAAGATGACGATAATAGTGGTGCTTAGTGTGCTAGTACGTCCAGTCAGATACGTCAATTAAAGCTTGTAACGAATTGCGCAGTACCCGTGTAACCCGAGTTTAGGCACTGGCCTCCTCGGCAAAATCCGAACCGATTCCCCTGTCCATCCTCGTCGGAGTACTATGATTCTGTCACCCACGAACGATGTCAAGCCAGCACTTAAAGATACAGTTGTGTATTTGGAGTCTGTAGGGTGGCCCAGGCTACACAGGACCACAGTGCTGCCCAATAGAAGAGATTAATAGGCTTGGCCGAAGTGGCATTCCCTCCTCAATCTAGGTTCAGGACGTGCATGAGCCCTATTCTCAGCCGCATAAGGCGATACTCCATCCGAATGTTCCAACCATAAAACGACTTCTGTGATACTCTATGGTCCAACTAGTCCCATATAAGAATGTAGGCGACCAACTTCTCGACTAAGGATAGTCTTG,1203,48.55,Homo sapiens
SEQ_773133,GACTGTAGACCCTTCCTTTTATGTCACGCTCGCTTCCAAGGACCCCAGACTACTTAACCACGAATCAGAATGTCGCCGGAGAGAGTCTTCCACCTGTCTGGGTGGGCACAGTCTAAAGTGAAGTGCCAAACCGATAAGATCGCCCCAGTATCACCACCCCCCGCTTACCCATCCATCGCTGTGATCTGCTCGGAGAAGTAGTTCATACGATGTTAAAAGGCAAATGCCACTTGCCAATATAGCGGCACTGGAATCAGTTATACCTTCCTCTTTGTATTGTGGGCTAACTCGTTCGGCCTTTCACCTACGTCTAGGTTAGCGGGCTGCGATGGAACTATGGGGCGTCCCCACGTCGCGATGAGGGACTTAAATACGGGTTGCCGATAACAGACCGCCCGGGGATGGTTAGTCCGGGGACGTTCTTCCAACTAAGTTGCAGACACGGGACGTTGCTTCCGAAAGCCGCTCTAGCCTTCAATTCCTCACCTTCCGCGCGAGGCGAGTTTATTGATGAGGAGCTAGTCACCTTATAATGGATCATTGATTCGTTGCACAGATAGTTTGTTGAATTTCAGGATCACCCGGAATCCATCGCGTCAACCGTCCGCAGATTGCTCGGATGAAACCGAGTGAAGAAAAGGTCGCTATGCCGCGGGCATGTAAATCCCTACGGGCTTGAAAGTCCCTGGACGATCACAAGCGATATCACCACTACTGAGGGGCGACTCGCCCGTGGTCTTGCCAATAGGTGTAGGGATGGAGCCTTTAAATACTCTTTACGTGTGGTTGGTTAGGTACCCGTGCATGTCTATACGCTAAGATATTTTGCTGTTGACAGTCCGGTCCCCAGCGGCTGCTTCGCAAGTCATGCAATCATGCCGATGAGGCCCAAGCTACCTGGG,902,52.22,Escherichia coli
SEQ_857090,ACTTGGTCGTGCATCTTTCGCGCTGCTCATAGAAGGTTCTCTAATGGGTTAGATTGTAGAGTAAGATACGTGGAGCGACACTAACTCAGTCTACGGCGCGGACACTCAAGGGAGAATAGAACCCCATCGATCAAGCACCGATTTATTTACCTGCTATGCTAAAAACATCAAATACGCAAAAGAATGACATGGATACCTACTATGAGCTTCTCAGGGCAGGCACCGTCTTCTTGAGGTGGACAAATTGCTAGATCATACTAACGCAGATACATAGACTGCACGCCAATTGACCGGTCGAGATGAAGTCCCATCAGGGCGGCCTGTTTGTTCGAGGGTCGGAGAATCGGGCCAGCGCCACAACCTCGGAGGGCTCCCACAGAAGACGGCCTTAAAACACGACAATATGCGGCGGTTGGAGGATGTCATAGTGTCAATTGCCCTCTGGATATGGTTGTGCATCCCTGGGACGCGGTCAGCGAAATTCTTGTGTCGTGAACTAAAAAGATTGCAGACATAGTATAAACTCATGAATTAGACACACTTCGGTAGTCATAGAAAAATGAATCCGTAGTCCAGCAAGCGGGGAGGTTATCGACCTCCCAATAAACTATTCAACTAGGGCGTAGGGCCGCCAAACTGGTTTCCCTTGTGTATGCCGTCATGTAGACATCGGTAGTATGGTGATCGTGCTAATGACCGATTAAGTACTTAGATTTCGGCCGTAACTGCGTTCCAGAAGCAGTCTAGCTGGGTACCATCTTGGATTTGGTTGGACATTGTTAACCGATATTCGCAAACGTAACCACCCGGAGCTGAGGGTTGGAAGCGTAGGACGAATCGATTTGGAGCCTGTGCTCATCCACAATATGGTCTAGTTTCAACCGTTATAGTGAGTTTCCTCACATCCTAACCTATATCGGCTAAAGTCCATATGCCCTCTCAGAAGGAAACGTGGAATCCACTCGTGGCAGGGTATAGGAAGGTGGAACCGTGAAAGTGCCTCCGAATCTACGGAGTCAACCCGTCCGCCGTTTCCCCCAAGCGAGTAAGACGTGAGCATGTTTACACCAGTAATAGGCCGGGTTTGCTATGAATCGTCAGATTATGTCCGCGGTCAAGGCCAACCGGGGCCGAATATCTCGGGGCGTGTGAACATTCTAAAAGGACAAGCATGGTTGATGTGTCATTTACTTAGGGGCACCTGCTGTTCTTCGTTCTAAATAAGCAGGCACCGTGTATCTTAACGCAGCTAAAGCTATTTGGGCAACACCCGGCTAAGAATGGCGACACTGATCGGATGCAGTAAGGGATTGGGCGACTAGAATTAGAGCGAGTACGTGGATCGATGCAACTCCCCCCATACTAGTTGTCGAAAGGCCGTCTCTAGTAGATGGAAAAAGGGAGCTGGTGCTCCGCATTCTTGTGTAAGCTGAGTCCCGCTCCTCTGCTTGTTTTCGCGATGAACTGACGTCCAGCCAAAGGGCCATTTCATCCGGACGTATGTAGCTTCATGTAATTTTCTAGGTTCCGTAACGAGTCTACAAACACGCGGAACAATTTCCCTGGCTGTTGCCAGCGTGGGCATTTCTGCTTCGGACAGTTGACATTTACTGTACTTCTCCATGGCGATCCGTGTATCACACGAGACGATATAGATTCCGCACATAGTTAAGACTTACATGCAAAAGTCCGTATATCAAAGGAGTGCGTGTACAACCACTGATTCGGTTACCGATTCAAAAGTGTTGCCAATAGTGCTCTACCCGGCCACATGCATCTGCATCCATGGGATACTTCCCTTGAAGGATCACTGTAGGCATACGATTCGAGTCATGTTATTCTAGGGTATCACTGCCCCACGGTTAAAACATGGTACGACGAAATCCTCCATTTCACCACCTATGTGC,1907,48.61,Drosophila melanogaster
SEQ_344483,CTGGACAACAGTTTGGAGTCCATCCCTTCTCATGCGGATTGACATTCTGGGCGACCAATGATCACCGCGCCGTTATATGCGATCCGTGAGAATAGGGGTGGGCTCCAACTGTTCTCCTATGATGTGTCGTGACACAATGTAGATATAGCGATTCCGACTCCCGGGCTGTCAAACAGAGTAACGTCAAACGAAATCCCGCTCAGTGAGTAGGAGAACCCACCTGTTTGCGATGGGTTTGTATACTATTGTCCGCCCGGTAAGCCACTTTCGAGTGACTAGTTCACCATCGACGGTAGGCTTTTCAGTGGGCGCGTGCGCCCAGTTGGTGCCCGGTGGCCCGCCACAAGTCGTTCCGAGACACCAACATTTTGGGATGGGAGTCAAGACAGCGGTTGCCCGCTGTCGACCACTGCGCTCGGAGTCTACGACACTACCGTAGCTCTAAGTAAACCTGTACCTCAGTGACTGTAGTTGTGAGGCAGAGATGAATTTAACCGACCTGTGTGAGCGCGATTCACCACTAACGATGTTGCCTAGCTGATCAGACGTGCCAGCCCTTGCTCTACGAGGTCTGCCTGGTTGCACTCCGCCGATGTCTCGCTGTCCTCGAGTTCCTCATTTGATGCACTGTGGGGCCCATATATACGACTAGCCGCAAAGCAACCATTAGTTACAAGGTTGGGGCGCTTCCGGCGCATTGCTATTCATCCTCGTCCCCGTCGAATTCGACAGGGAGTTAAGTCACACCGAATTTTGTATGCGCAACCGCTAGCTATCACAGGAGACGGCGCTTTACCTAGTAACAGATGCTGTCGGCTGGCATAAAACTCACTACAGTGCTTGTTTAGACGGTTGTAAGACGCAACCAAATGATAGTTCACGTAGATCACACCAGAGGTATCTCTTGAGCGCCAATTATATATGAAGGCGACTGCGGCTCCTAAGGTTGTAAGACGGGGCTTATGTCATATGAGCCTAACGGGGTAGTGCTTGTACAACGCAACGTTAGTGTGCACGGCTTTCCCGTCGGCTCTATT,1037,52.27,Saccharomyces cerevisiae
SEQ_117668,ATCGCGCTGACAGCCCGGCGATTCCACAAATAGACTAGGGCTAGCCATCTTGTCCTCATGGGTATGATCGAGTTTGCATGAGTATCGCCCATGAGCACAGCGGTTACGGCGGTTCTGTACGGGGGAGCTTTTGGAATACAATGCATACCCGTAAGGCAAAGACGGCTAAATTTAGAACATATTAAAAGTGGCATCATCACTGCGCTCATTCTCAATTCCACCGCCGGGGATTCTTACGGTGCCACTCCGTTAAAGGTGGGGAGGTCGTGAGGCCGTCTGGATCATGCCGGGGTAGTATGATGCCCCGTTTATTTGGATTAGCTGCCAGACGAAAATGCATTATCATCGAACACCAACAACAGCCAGCTACGGAACCTTTGATCCATATAAGTTGCAATTTAGTCACACATACAATAACCACCCGACTTCTAAGGGTCGTTAACGAACTGCGACCATGAATGCAAGCCCTCATGATTCTCCAAAGTGGAACGTTCCGTTTCTGCGGACGTCAGTCGCACTCCGGGTGGGGCAATCCGAATTAAAAAAGAGGCCCGACGAAGTACAACGCCAGCAGTGGCACCAGTCGGTGTTAGTTGACAGTTCGCACGGACTATATTACCCTAAGGCGTCCCAACAGGTATCGGTCTAGTTTTATTCTAAGAGGACCAACAATTACCACCATCGTAATAAGGCTGAAAATCAACGTCATTAGACTCGCGCACTTGCCCACGTAACAGCAGTTAAACGTGTCCGAGACCCGCATTTGGATTACGATGAAGTCCTCGGGTAGATGCAACAGTCGAACTGTAATGGGGACACGTCCGTGCTCCGCGATAGAGGAGTGGATAATACGACGTGTGATCGCATCTCAAACCAGTCAGTTTGGCTCTGAACGCTTGAAGGATGCTCCCCCTCGGGAGGGGGAACGTGCTCCACCTTGTGTAAAGGCAGGTCGCCCGGCCG,963,50.88,Arabidopsis thaliana
SEQ_728236,CCAGACTCTCAAGCCCCGTCCCGTCCACGGCACGAATTAGTTCTGGTGACTCACCACGGCGACCTTTAGTGTTTGATCAGAATTATTCAGAGCTTCAACCTTAAAACAAGTGCGATTCTACCTGTATGTGGTTCCGCAAGGATTATGCGTTAACACTAGAAACAGCAGCTACGTGCCCGTCTCGATTCCTAGTGCACTCGAAAGTAGTGGCAATTAGCATTACGTTGCCTACACTCCGGTGTGGGGGCGAACTGCTCAGGTCTGAATGTTAGACACGCTGATGTCGAGACCCGGTTTTGTGCAGCACCCTGGTGATCGGAACAATCCCACAATTGCTCAAGTACCTGTCGAATCCACTATAATTCTCTAGAATACTCATATCAACCCAACTTGACAGCACCAGATTCGAAACGGTCCATGAGGGCACTCAACTCCAGGACTCGCCACGGCGCCTAAGCGCCATCGCTGGACGCCTACGTCACTCTCTCGACGAATCCGCTGGTCATTTGCCACCAGAATACACGCGTAATGGAACACAATTACGGCTACGGCCTCGCGTGTAACGGTTGCATCTAGAGTCACATCCTGAGTGGCTCGGAAGTGATGGGTGTAGCACTTACGTGGGCTAGACAAAGTTCTGATTCATTCGATGTCCTCGAATTTCAGTACACTTCGATGGTGGTTACGGCATGTACGCGTAAGGGCGACCTCTTTCGCGTTTGGGTCCCTAAGAAGCCTCTCCGACAGCTCTCCACAAACTAAGAGTTCAATTACCGCCCAATACGGTGTGCGATACGTATAACTCCGGCTGACCTTAATTTTAATTAAGGTCCTCGTCGGCCGGGTTGGGTGGCCCGAAAAGTGGACAACATACCGTGTCGGGCAATATGGCGCCCTGAGGGTCCCCGTTCGTGGTGACAACATGATCGTGACGGGCTATGAGTGTGAATATCCAGAGACTATCTACTCCTGATCGAGGGCTCAGGTGTGTATGATGTCTGAGTAATCTAGTTTCGGACTCGAACTGAGCCCCGCTATCCCAGCAGTTAACGATTATGCTGATAACCAGGCTCTTGTAGCGGACGAGCGGACGTGCGCGTTCCGAGGGTTGGTAGTGTTGTCTGTGAGTCCTGGTGAAAGTACGTAACTTCCTGAGACTACTAAATTCCCCGACGTACCTGGGATTGTGGTGATAGGGAACCGCGAATAATACTTGTCGGCCCATCGACCGGTTAAGCTCACGGATGCGTAGTCGACACTTCGCACA,1267,51.54,Homo sapiens
SEQ_637909,AGTACGTCCTGCGAACACGCATTTCTAGTAATAGAGCTCTCATCCTGTCCAGCGGTCTCGCGGGTTACACATGATGACTGAAAGAATTCATTTGGAATTGGGATCCTAGATACAAATCGTCTCCGACCTGTGAATCTAATGCGCGCGTGGACATATGCATTGGAAGGTTTTCGGCACTTTCACTCTCTATGAACTGGGCACCATAAAGAAGGTCTACCCCAAATATGGTGCCCCAAGGGATATTCACCGACTTTGCACAGGCATTGAAGCAACTATACCTAAGTGTAAGTGAGACGTATGATGCATTCACTCCCGCTCTGGTACGCCTTACAACCTTGGACTCCGCAGATAATCGCCCAGATGATCCAAGGTAGTTAATGTGTAGAAAACAGGAATGGCGCTATGGCAGTGCCAAAACCAAGCGCTCGCTAATTTCGTACGAATCAACATCGACCCTTGACAAAAAGATAAGCTGGTCATATTAATACAAATTCAAGTTGCCAGACAGCT,510,45.88,Mus musculus
SEQ_792478,AGTTAATTCATAGGTTCTAAAGACGAAGTATAGCAGAATCGGGTCTCCATGATGCCCCCCGAGAGTGCCACTTCATACACTCGAGCGCGCGCTTGTTTACAATTGAGGACCGGCCCCTGGGAGTGATTCTGAGCAATAGTTTTAAGCCTCTTTAGCTATGATGATTTTAATGCTAAGTCAGTGTCGGCAAGGACGCGTGGTGTAAGATAAGCAGACGTGAAAGCAATCACTTTCTCACTGGGACACATCCATTAAGTGAACGGGCGAGATTGCGTCCCCTAACTGAACGTCTGGAGTGGTGCCTCGAACTCCCGGAAACATTAAAGTATCTACCGGACACGCGCAGAAGCACTAAATAGACT,362,48.07,Homo sapiens
SEQ_151480,TCCTCAATCTATGGTATCAAGGGAGGTAGCGTCAAATCTAACGCGCTAAGCGAGTATTGATTGCACATATCCTGCACAGTAGAACCACCACGCGGGCCTATGTTCCTATTGGCTCGACGTTTAAGTAACTCGGTGTACACAGAACAAACCGTAGTGCAGCGCATCTAATCTCGGTATATTCGCGTCAGCGACACGGGGTGAGTGGGGGTTTATTTCACCGTATGAGTCGGTTACACGTCTCCTAAAGGATAGCGGGGGCCAGCCTGAGTTAATCAAGCCACCACAGCCAGAAGGGTGTCCATTCGATAAATGGGATCCACGACAGACCATCTCTCCCCGAATATAATCAATGACCCGCATCAGTAGTCCGTGTCGCTGCAGGACGCGGTTAACAATGCTTTGGATGTGGCTGACGATAGCAAATACAACTCACAGGGAGAGCCGCGAGCTGCACTGGCTGGTCCGCTCCATTCGTACGGCACATGCAACATCTCCTTATCGCTAGCGGCTCCCACTTCCGGCGGTACTTAAGCGACTGTAGTACGGACCCTTAGAAGTACGCACTGGCTTGAGGTCCAGCGCGGGCGGCTTACCTCAGAGTCTGGCACGCAGTCAGGTCCAGGGAAGACCCGGGTCAAAGGTGAGTGATTTGTAGACCCCACAATCACATGCGCAACACACTTGCAACCCGTGGCCAGATTTGTCGATTTTGGTCTACTCCGGTTCGGATTCTCTTGACGCACCACAGCTCATGCGCCGCCCTCTAGAGTCATGCTACACTATACGCCGATGCTGAGTCCGTCTCAACCCGACGTTTATCACGGCTCTCTGAAGTGATTCCGACCAATATTCACGCGGATACGATAATAAAGGAATAACTTGCACGTAGTGCTTTCACACGTACCCGTCATCATGATGTCTTTGCAGCCTTCGTGTTCAAAGTCATGGGAGCCTGTTTAGGGCGAACTCGTGTCTAACAGTGATCAGGGGCAAGGAGCGTACTCCGCCCTATACGCTGTACGCGACGGGAGACAAGCGAACTACGGAACACCCTAAGTAGGAATCTTACGCCAGGACATCTGAACCCGGCCCCTCACTTGGCGCTTCACGGTAAAGTATATAATCTGCACCAACGGATCCATCCCCACAGGTCACCCGTGGAGTGTAGTGCCTCAGGGTCAACAACACAACCAGCCAAACTGCAGATCTAGCAGAACTGCCCGTAGATCCGGTCAGCTCCCTCATAATCGCGTTGGTACCAACCTGAATATGGTCGGTTTACAAGCTCCTAGACTAGATAGGGGGGACATGTCTCAAGCAACGTACCGGATCATGATCAACCGGTTGCCAGGCGAGAGATACCTCGACTTGCTAGCAGATCATCCGCTTTCGACAATGAACACTTAGGTTCTGAAGGGCCGAT,1423,52.64,Drosophila melanogaster
SEQ_731685,ATGCAATCGCATAGTTTTAGCCGAGTCCCGGGCGCCTAATGCGCTGCCGGTCTGTCCGAGGCTTTTTTGGACAGAAAGTATATGTCCGGGCACAGAAATTCACTGCCCACGAGCGCATTTTAGGGGACTGGAGGACGAAAAGCCAGCTACTCGATTACACGGGGAAGTTAATTGATCCTTTCTCTCCCCGATGCATATAGTCTCATGTTCAAGTCTGAGGAGTTGTGCTGGTGTCCGCTGGGCTATCATGACGGGCTGAGGGCCCCGACCTGAAAGCTGCAGATAGACCCCAGGGAATCAAAGAGAGCTCGTGGAAGTTAGCCGATTCCGGATGGTGCGTTAAATCACCACCCCTGGGTTCTCCTGGTCCCGAGATACGTGACAGCTTTTTGGGGCGTTGGTACCTCTAAACTTCAAACCCAAACACGTACCAAGGCGGTAAAGTTGGAATCGATTTGCCTGTTATCGAAGAAATCCAAGATGCGATATTCCACATGACAAAAACCAGTCCACCGCTGGTCAAAAGAATGGTACAAATCGATCCTACCAATCCGGGCCGTGGCAGCGAGTCCTGAATCAGTTCAAGTTCACGACGTGTTCTTACAGACGTATGGAGACGCCATTAATCCTTGTCAACCATTAATTGCGATGGGGCCAGCCGAGGAGGGGGGCCCACCTGTCCACCGAAAAAAATAGCATCGTAAAGTACAGGCCGCATCACCTCGGCACGGGCGTCAACACAACAAGTAGCGTCCATCGCGCCGTAATCTAGGTATCTCCGCTCTTAAGGCATAGAGACGTTTCGCAGTCTCTCCGTCTACCCAATGATTGGGTAGCCTGAGTCTCGAACTGCGTGCAGCCACATATGAACAGCACAAACCAAAACTGAGTTATCTATTACATAGAGGTGGGTTTAACCGCGACGCTCTCAATAGATAACGGGGCAAGAAGACTCAACCACGAATTTATCGGGCGGTCACACACGATGGGCGTAGAGGCCCTCCCTGCGCGCATGTTATCTTTGAGCACTCTTACCTGATCCGGCCACTAACGCCCGTGGTCGGGCATATCAGTAGGCAAATGATCTGAACACCGTTGTGTTGCGTTTAGTCCCAGGTTTTATTCTGCGATGGTTCAAGGAGCTGCCAGCCGCCATTACCACTCTAATTTAACACGCATGTGTCTTGCTCGTACTTGTGAATTCAAAATAATGTCGAAGGCCTACGCTAGCAAAAGGTATTAGCTACGAAGTACCGACCCCCCCCATAAGTGTACTCAAATGACAGAATCTCGTACTTGCTAGCGGGGAGGTCATTGCCTCAGAAACTATCGAGTTATTGGACCTCTGTTCATTCGTTCCGTAAGCTGAACGAGTCGACAGCTTGTGCACTGCATCCAGCGTATCCCTCGTACGTTTGATGACTTTCCTAGTTGGTAAGTGGGGAGACGCGACATAACTCGTTGGGATGACTACATGCGTCCCATACTCGTCTGGAATCCTGGATCACAGATACCAAAATATCGACGGCGCAGAGGGCATCCACCCTTGCGTAGAAACTGTGATTCATGGCGAGGTCGAGACGAGCCAGCGACCGTCATTCTCTCCTCGCGAACGG,1616,51.11,Homo sapiens
SEQ_270230,AATAATGTAGGTCTGTCAGCGTTCCGGTGACCGAGCGATAGACAGTTTATCACTGCGATATGGCGACAAAAAGTAGATAATTGTGAACCGATACCGAGAGGTCGAGCGGTGCAGTTCCCGTGATTTTGAGGCCCGCCTGCTCCAGCATTAGGACGGAGCTCTGATGACACACCTCGACATCGTACATAACCAATGAGTGTATTGGTCGGTAGGCTAACAGGGAGGTACGCCGGGGTGTTGTAGTACCCGTTTGTGAGGCCTGGCTGCGATGGGCGAGCCTGGAAGCACTATCGTTGATTATCACCCAGTTTATATGTGCGGCCGTTAGTTCTCCGGGCGTACGAAGAACCCTCAACAGAAGCCGTCTAGAGACACGGCAGCATTGTACCGAGGAACCTTCAGAGAAAAGTATCAAGGCATCGCCCAAGAGTAGAGCTTAGTGTAGATTAAAAGAAGAATACGGGCGTGATGCAGCTCTCCAAGGTCAGTCCTTGTACCGGATGCATGGTCGAACGCACTTAGGGGGATGGCAGAGGGCACGCTAGTGCATGAGAGGCAACCGCTCCAGGAAAACTCCAGGGGCCTGCCTTTGAACTGCAGTAGGAAGTTATTGCGTCCAGGATCCGAAGTGCACGGGTGAGCTTGGATCCCCCGATCCTGGTCAGGTTAAACATATGGAAGTTCTGACACAAATTTGCCCAGTGCCCGTTATCTCGAGAAACAGTGATCTACTGCGATCGTCAGATCGAGTACGCCGTAATTCGTAAATCTGGGACCTGGCTGTCGACCGCGCCTTGTGGAACTAGGATCGATACGTTTGCGCTCAATCAGACGATCCGTTCGTCACACAGTACACCAATATTCCCGTACGCAAGTCGGTGTACTTGCGTATCTAATACGAAGCCCACCTTTATATCATTTCCTGTCCCCCGTCAGCTAACTTCACGTGGGCGCAAAAGCACGCTCCAGGCATTGATCCTACCTTGCCAGAAGCATCGAGAATCACCGTAAGTCATAGAGTACCAAACGGTCTCTTCTGTATAAGTTACGCCCGG,1055,51.75,Escherichia coli
SEQ_253904,CTAGAAAAACGTGGAGTAACGGACATGGCATGAGACGCTAACCTCCTGTTAAATTAGGTCGACCAGCATGCGGACAAGTCAGGTGTCTGAATGAGTGTACTCTCCATGGTTAAGTAAGGCCGAACGGCCGAGCCTCGCTACAGCGAATGGAACGTCGGACTTGACCGGTGGCAGCTTCTAGCTGAAAAGGGTGTCATAACTTACGCAGCTTTCGGAACGCAGGTTTTCGTTGCTTTCGGCGTGCGAGAGGACACTGGCGTGGGAGCCGCCAATCGGCGGGTTTTTTGGAGGTCCGGCGAGAGTGAAACTTATCCATCAGGCCTGTGGTTGTCCGAAGGGAGTTAGTTAAATCATCGGTGTTGCCGCTAGTGGTTCCGTCGTGACGGACTTCCACTCAACTACCTTTGCCCATAGTCCAGCAGGCCGGTCGGATAACATGAATATAGACAGCACAAGCTTCAGCGAAGCTAAGGGGTCTAATTCCCGGAGATCCCGTTAATCCTTGAACGCCTGGGACAGTTGCTGCACGTAGTTTCCACGACGCGTTAACGGCACCGTTTGGTATGACACAGACGCAGGCGGCGCGGGAAGCACTGCTTTCTGCTACCACCATATTGTAAAGTGATTCGAGGGCGTCCTAATGATAGACGCACTAAAGTGGTCAGTCTCTCTGGGTCAAAGATTCGCTTCAGACGGCAATGTAGAAACGAACGGCAAACTAGGTTCGGCGGACGCAGATGGAGCGACCCGCGAAATGTTTATGTAACGCCCGAGTTTA,778,52.83,Escherichia coli
SEQ_413172,GTCTACCCGTCTCCCTCCGAAGTGTCAGCGATGCGCGGAGCTACTCGGCGTTTGGTATGGCAATCGCTGATGCTGCGAGTCATCCGTTCAGTTCGATGTCTAGTACATCGGGGGCAGAGTAAGGAGGCCCTGGTGAAACCGCCATAGAGTAACTATGGAGTCCCGAGTGCCTCGAGTTACTTTGTCCCCTGGATACTTGCGGCGAGCTGTCCAAAGGTACGGTTAACACACCAGGGCACACTTCAAAATATAGGCGGTCTATACCGGGCCGTTTACGCTACACCTTTGTGCCCGTTGGGGCGATACTGAAGCAATGGGTAGTTTTAAGGTAGCCATCGTCTCCGGCACAAAAGCAGACGTACATATGGTCCCTACGGTAGCTGTTGACCGCGAGTTCCTAAGCCGTGGGATTCTAGATAGCGTTAACTTGCGGGTCACATTCGAAACACGATAACCCCGCGCTCATGTGTAGGTTGCCACTCAGTTAATGCAGGAGGCGCACTGACAGGAGTCCATGCCCAATTAGTCACAGTGCTCCCACCCTTAGCATTGATATTGATTGACGGCAGTTCACTTAAGGTCTATAGGTAAGTTTCCGGCAGGCCCGTATGCTTCTGGGCACACCTGTGTCTTTATGTCTACCGACGGAAAACCAGCTGGTGAGGGTGCGGTCGAATTACAAACCGTGACTGCAGCCCCAGGATACAAATTGGTCGCCCGCTCTCTAACCAAAAATCCTCTTCCTCATACGGAGCCCGGGCGGCCCATCGCACACTGCAACAGTTTCAAGCTTTTTACGCCGACGCTGAAAACATGGTCGTAGCTTTATAGACGCTACGGAAGGTGTGTATAGTGCAGGGCATGACTGGTCACGCTAGTCTGAGCCCGGGGTTCTCGAGGGTCGCGGCGTATTACACACGGAGAATCAGAGGTAAATCCATTCGGTGTAGCCTGCAATCCGTTTGTCTCACGAACCCTGAACCCACAGCGGCTCACCTACCATGCACCTGATGAAGTCACGACATTTCAACTTTTATAGTATCCGTTATGCAAAAGGTAATTCCTGGACAGCGTGCGAAGACCATTAGACGCTGGGCGCAAGCAGTTTACGCCTCTACATTCCAATATCGGGGGGGCATACTGTATCTCGCTTGTAAAGATAACCTTAGGGGTGCCTACTCGATAGGCCAGCATGCACAGCGTTACATACAGGAATCCCGGCGATGGCTCGGCCCCCTCAA,1241,52.86,Mus musculus
SEQ_832209,CGTCGACTTCGCCAGTGGACTTTTTCTGTAACAGCAGTATCTTAGCAAAGACTCATTATCGCGAATTTTTGCATCCCAGACTCTCTATATCCTGATGCTCGCTCACTACAAACGTGCTATACGCAGGTACCCGTGACGCCGCAGCAAAGCACTATTCTATGCCATCCAAATTGACGGCGTAACCCGAAAGAAAAGTGCATTCGCCTAAGGCGTGCTCAGGCTTGAATCTGGTTAATACGGTGAGTCTCACTATGTCCTATATTCTAAAAGTCTTGTGGTCCATTCTGCACCGAATGTCAGATAAACAAGTTGAAGAAAGCAGTCGGAGGAAGTGCCTTTACGCTGGGGCCGCCCAGTGCTGATTTAACGATCATCTATGTAGGTGTCAGGTCCGACGGTCAAAAGCATACCCCCAAAGGCCTAAAGTGAACTTAGCGTTATATCATACCCAGAGTGAGTCCGCTCACTACAGTCCACCCCCAGCACTTCCCCTTGGTTGGGCTTCCCTCTTTCAGAGGAATTGGGTGGAAATCACTTGTTTCCGTAGCATCGGATCACAATCAATATCCGTTGCACAAAAATATGCCCACTGCCGAAAATCGAATTTCAGCGGTTATGACGTAGGTCGGGGACTTGGCGCGTCACTCGGGCGTCAGCAACAGGTGCAGTCCTGTATCTTGGTCACTTGGCATATTGCTTTCAAGTCCATTGTGTAGTGAGATCATGAGGTAGAGTTGCTGCTCGAGTTTCTTTCCAGGCAAAGTCTGGCAGAGCATCGTTTCTCACAACTAATCGGCGAGAGCTCTAGATTCTCATCCTCCCCGGGCTACATCGTAGCTACACAGTGTCTAATAAGTTCGTGACTATATAATGTTCCCCG,880,48.3,Homo sapiens
SEQ_829907,ACTTATCTAGCCCCCTGTACCCTAAACCAGATTTGAGCCATGAAGTATATTGTCCCTTTTCAAGACGGCGCTAAGCGAATTGTTAGGGCAATGCCTCGTTACGGGACAGTTCTTTGCACTCACTGTGTGACGGAGGACGCAGTGCGTCACAACTAGTGCGGTGCGTTATCATTCCGATCAAGGTCTATAGGCGGCAGATATTGCCATGGACGGTTCTGGCAATGGTTCGGTTCGCGACCTGCGGGCCGTGCCTAGAGCGCTGCAACTTTCACCCTAAAACTCAAGTAGCGGGGGTCAAGTGTGATTGCCTACGCGGAAAGTTGCAGCACGGACTTCATGATCCTTGGATGCACCACCGTTACCGACCAGAAGGGCGTGCGCTCAATCTTAGGCCCGATTGAACCGATAATATCATCCGAATCCGCTGCAATTGGCATGGTAATTCGGAATGAAATAACTAAACGAAGCAGAAAGATTAGTCCATTAACCGCTCTCTAGGGAATCACGGGTTCATGTGCTATGACTGATCGATGAGCGCCTGGGATCTCGATGTGGCAATCCCAAGTTGCCGGAACACGGGAAGCCGTCTCTTCAGGCTGTAATACCGGAGAGTGTATCGGTGTTATTGCATCCACACGATCGTTCTACTGTACTCGACTTAGTATCTCCAGAGGTATAGCCCACCTTTGGTTGTTGCAAAAGAGATACCCACGATAATTGGGTAATAGGAAAGTAAATTGCCCCCTGACCAAGCGGATTCCCGCAGCCGTACAGCAATGATGGAACTACTGCCACCGCAGCTGCCAATACCAGTAGAAAACTTAGCGTATCCTTAGCCCCAGCTGAGCGATCGTCTTCCTCCATTTAAGTGCACGGGCTAGCGGGCCGCGCTCGTTGGGCGTGACACACCGAATTGTATGTCAATAAGAGTGTGTAGGGCTGTTGCGTGCTTCACGGCTGATTGCGGATTCTAGTGTAGGCGTACCAGAGGCGGACGGATGAACCATGCAGCTGATTCGACATAG,1025,51.32,Homo sapiens
SEQ_273685,ATGACGCACTCGGCTCATCCAGGCACCCTGTATCCAATTCTGACAATGACCGGTTGGAGGTTCTGTAATTTACTGTGTCGGTACCGCATGGATATCAGATATTTACTTTCGTTTGCGCGGGGATAATGGGCATTAGCGGTTACGTAGAGAACGCGGAGCGGACTCCACCCTATCCCGGAGGTAAATTGGAACATATACATTATTACCGATACTGACGTATCATGTAACGACTACCGCGCAGCCGCGGTTGGACTTGTCAGTTCTAGGGAATATACTGAGTGTCCTAGGGCGGATTATTGCTTGGCTTTTCATCGGACTGGGAGGCCAATCTACGCAGGTTCAAAACCTATGCCCGCTCGTTGTGCCGCACCGAGGGAGTAGTGGCGTGCTGACGCAATTTCGGTCAAACCTTAGCGTCGTGCGGGTGTAGACCTTGTAACGAACTCGAGCGTGAGGCCATTCCTATCTCACGGGCCGTCGGGGATAAAGGATGTGGAGTGTTTTGTGCACTAATGTACTGTCAGGAGTGGATGCGGTAAGTCATCGCTCGACGAACGATCCTTGTGGCGCCTGTGTCTGTGATCTTGGCGGTATCGCCATCTGTCCTATGATTTGGCTGAGGTAAACAACAAAATGCCCATAGGGACCGGATGTACCCCTGTAGCGTCTTTTTTCACGTGGCATAGCTAGACCTTCCATCGAAACTTAGCTCCGGAGTTGCCAGTGCTCCTAAAGCATACAGTACTGGCCACCCCTGGGCGACACGGATGCCTTAGCAATAGACAAGCGGCGAAATCACTTCTGTGGTCCATAATGTCCAACCAGTCGTTGACAAATAACCAACACAGTGAGCATCCATGTAGCGGATGGTCAGACAAGGCGTGAGATGTAAATAGCTATCTTTTCGATGTTGAATCTCATGTTAAATACGGACCTAGTAGCAAAAAGCGTTATCCTTCATAATTCGAACGACTAGACGTCATTAATCCTATCACGCAGTCGGAGGCTTATGCTTAGACTATTCCGCATTGTCTACTATCCATATACCGGTCGGCTTGGGGATAGAAGGCTGCCAACCTCCGCTAACGACATGCAACTCAGACCAAACGTGAAAAATGGCTTTATGGGTCATCCTTATAGAGGCAATCCTGTCGGTAACTAGTCTGTTCTATTATGCTTGGGACGAGTCGAACTAAACCAGTGCTCATCTGGCTACATCGGGAAGACTGAATTCGTGAGATTGGATATGTGAGCCTATTTTCCCCGTGGTTGGTGATGCCCGTTTGATCTCGATATACGACTTGAGAGCATTTAAAACGGAATCTAGGTTACCCATTGGGAGCGACCGCGTCCAACGCTATTTATTTCGAGGCGGTGAGTGTAACGACGGACGAGGCACCAGGGCCTTATTAGTCTTAACTTTTACAGCGTAACGTTCACCCAGAACCTCTAATTTGATTCAGGACAGCGCGAACATGGTGTGCTACGAACAACCTCGGATGTAGGATCAACGGGATTCCGCCCTACAACCCAAATAAGCATATTTCCTGAACTAGGTTAATTTGCTATTAAGGGATC,1578,48.73,Arabidopsis thaliana
SEQ_903645,TTAAGATTCAAGTCGCATTGACGTACCATCACTGCGTTCTTGGGGCTTTAGTTGGGCGGGGCTGCCCGCCGTCGTCTTTTCTACAACGACCTGTGCTTTTAGACGTGCAGGACTTATAAGCCCCTACAGCCTCCAAGCGCCTCAGAGTGGGACAAACCCTCATTCTATCAACGTGGGAGTGCTAATATAGGGAGA,195,51.79,Mus musculus
SEQ_281648,GAGACTTCTCAAATTCCGGTTGCTTGCTTTCCGGTTCAAACCCTAGACAAGGGAATCCGGGAGCGACGAAGGCATTCTCGCTGGTATGCTTCCGACAGGCGCAGTCATGTCAGGTTCGTGTGCATGCTTGGTCCGTATCCTCACCATCCTACTAAGGCAACTAGTACTAGCATAAGTGGCCTCTTAGGAGATCCTGTCTTGCCTAACTATAATATAATACCCCTGCCTGCATGGTCTTGGCGTTAATGACTATTTTGCAGAACCGTGAGAATAGAGTTGGTCGCACTAGAGAGTCCCAGTTGGCCACGCGACAAGAACCACAACGGGTAAATCAGCCCTTTGCGTCCGCTATCTACCTCTTTCACTCCCGTACAACAGGCCATGAAATGGGGTCCTAGATGCCCTTATAGCTATGTAGGGCCGGAACCGTGTGGGATAGCTGGAGTGCGTTGCTGGCAGCGAACGTTGCCGAGTTGGTACGCTTCTGGGCATTTACCGTTGGTATAAACGACCCTGTGTAGGCGCACTATTTTCCTACTAAGGGTAACGCCACCTGACGTGCAGGACCACTAATATGAATCAATGGGTTCATTATCGAGTCCCTATCTATACTCCTGTCCCGGCTTCGTCCAGGAGGTCTCCATTGTCTTGCCCGGCTAACGCGTGACTGTCACGGCCCACGCACTTGATGAAACATGTACAATTGCCATTAGTTTAGTAATCATCGACGGCCACATATACTTAGGTCGCCGAGGCCTAGGTCGCTACAAGACAGAGCAAGTAGACTATGTCCTCAACGACATACAAATGGATCTCGTAGGGCGGAAGTCGACACCATCACATGGCGCGGTTGACTATTGGAAGGCTACCCTGTATGCTGTGAACACTGCGGACTTTTAGACTTAGGGATGCATAAAGACCCTACAGCAAAATAAAGCTGAAGCGCAGATTTTCATGATCTCGGACCCGGATCCTACTTTTGAACGTATTAACTCGCATTCTCTCAGCCGAGACACCATTCGACAGAAGCCGTGTATAAGGCAGAAGACGCCTAACCTAAGAGGAATCCAGAGTGCTGCCTGCGCAGGCACTGAGCACGGAATGACGTTAATCTACCGAACCGGTTCGCTAGATTCTGTTGGCACGTCCTCATACTCGGTTTACAACCTCTCAAACGGTGGACCATCGCTTTTATCATGGGCTCTACCTGCACATGCCTCCCGGATATGCCCTTAGTCGCGGGACGGTAAGATAGATTTGAGAGCCGTACTCGTACTAATTGTACGTTACGCAGACTATCTTTGGTGGGTAAATACGATCCTCGGGGTCACTCCGTAACATTCCTGCTCCCTTGGCAGTCGGCGAGCGAATAGCAATATGTCACCCCCCTCAACTTTTACCTCATATGATGGATAAAACTTCTAGGATCGATTAATTAGACGTAGCCTGGAGTCCATTGAGGGCTACGCCCATAAATAATCCGACCACGAATCGGTATCGTGCTCTTTACTAAAGGTTATTGCTCGCTGTAATCCCAGCCAGATACTAAATTGGGAAGTGTTTGACCGCTGGGGCTATCTTATTACAAATCCATGTCCGCTATTTCCTCGAGCTTCGGAGACTGTGCTAAGAGCGCCGAAGATACGCCATGTGTTGCGCAATGTTTTTGGGGAGGCGGCTGCAGAACGGCCCTCTCACGGAAATTTAAAACACAGGGGTCTACGCACTATACGGTATAAGTATGTACCATCTGAGGCGAAAACAACGATTAGTCCTCCGATCCCTACACGTGAGCATTGAATTTAGCTCCGACCCAAGGTAAAACGTACTTGGTGCATTTTGGACCGCCTGTGGGACGCGGAAATGTATTATTAGAAGGGCAATTGGGAGGGGGTTTCTTACTA,1904,49.58,Saccharomyces cerevisiae
SEQ_876062,AGACTAAAGAAGATTACTCGATTCAAGTGAAAGAATCGAGTAGCTCTCTGTTTGGGCAAGTATTACGTCATTGATGCTGGGCCGTAACTACCGGCGTCATC,101,44.55,Homo sapiens
SEQ_668888,CACAACTAACAGCAGCCATCTCTCTCTTGTCTTCAGTATTTGAATGAGGACGTCTACGCATAACAACATCAATCTGAGAGTTCTCTGGCGGCACCCGAGCAGTCATCCTCTGAGGTTCTGGTGCGCTAGAATAGATCGCACTCCTGCTGAAGACACTGTGGGGTAACCCTGTGCCCATAGCTACCGACTTCCTAGTGACTCTGAGGGCGCGTGTCAGTTGCTAACGCCACTGGTTTTCTCTCTCCCTTTCGAAGGCGCAGTTTATCATCATCAATCGCTCAGCAGACCTGATTTCCGATTAAGCTTATTGCACAAGTAGCAAAGTGCTAAATTTGTGAGCATAAGCACCTTTATTTCCCACAACGCTCGCGGTAAGAGGGCCGCTTCACCGCGTAGAGGATCGTCACCGACGTCCATAGAAGTCCCTAAATTTTATGTCAGCAGCGGGCGATGGGAAGGCAACGGCTCGCTTCTCCGGCTCTGGTTCTGAAAGCTGCCAATGCTTCCATCATATACTACAACTAAGCGGCTCTCCGATAATCCTCGAAACACCACCGCCGTAGTAGTAATACTTTAGGTGATGAGTCGAGGTCTGCGCATGCACTCTCGTTAAACTGTTAAGGAAGCTCAACGTGTGGATCCTTCCCGTTGACCTAGGTTTAGGGAACTCACAAAGCAGAACTTGTTGTCTACAGACAGCTACCGCTGGGGAATACGATTCCTCCCCAATTCTCGTGAGGTTTACCTGCTCGAAATGGTAACTGATCGTTGTTAGAAGAGTGACACTAGAATCAGGAGGCGAAGAGACATCAGGCCTTCTTCCAGCTTTGCCGGAAAGATGTCGACCGTGTTTTGCATTGCATGATCTACAGTCCCAACTTCAAAGACAAGTGGCGGTAATTGTAGGCACTCAGTAGTATGACTTATCATATCCCCCTCCAGTCTTGTTAGCTGGTTAGGGCCGCATCTACCCCGCTCGAGGGTCTTCCGTCCGACGCATAAGTGCCTCCCTTGGCAGAGCCGCGGCTGTATCACATGTATGTACGATCCTCGCGGGTACTAGAGTGCTACATACAATTAAGCCCCGCCAGAAAACATGGTGTAATTTCAAAGTCCATAGTTCGGAAGCACTACTATGAACTTAATAGAGGGGTGATAAGCCAACCTTTAACGCGACAGTTAACCAACAACCTGGGTAACTCCCTCACAACCTACGGCGCACCGGATACAGTAACGTTCGCAGTGAGTAAGCGAAACCATTTCCGCTTGTCATAAAATGGCCGGGTAGGCCCAACGGGCAGGACCACTCTATGTGTTGATCGCATAATTGATCACCTAGCCGGCTCTCAAGCGCAAGGACTACGTAGACCCTAGTCAAGGTCCAGCCTCCTCTCTGTTGAGCCCGATGACGTGGGGCCACTTGACAGACCAAAAGTACGAAAACACTTATTTGTTGTTTGGACTCCGAGCGGTACTAATGACATACTGGCCGCCGACGGGATGCTGTTGTGATTGGATAGCCGGGGTCTGATCTCAATCTGGGATAGGTAGGGCTTACAAGCTTTCATAGTAAGAGGCGAGGGTACAGAAGCCGTGAGCTAAAACCCTGCACGTGTTGAAATAGAAGTAGGTTCCACAGGAC,1642,50.06,Escherichia coli
SEQ_645524,GACGATCATTGGCAATTTAAACGCGCTCTAGGCGGCAGGCTAAGCGCAACAATCCCGAAATGTGGCCAGGTCTTCTGATCTAACAACTTCGTGTCGGTACACATGAACCGGCTATACACCTTAGTATTTGTAAGACGGTATATTGGTGTCTCACTGTCCCTCAAGCGCAGTTATTTATGGTCTCGAGTAGAGCGGACATAACGGACCATCAGGAAATAGAGTTCTTGGGAGGTTACAGTTCACAGGGACTGCGAGTAATCCGCGTTCGGAGCGCTTGTTCCTAAATATCAGTGAACTGGGTTTTTCGCCGGATATAACGCACTCAAACTCAACCTCTGTCTATAGGTGCACTTCTCTTTTAACGAAGTCCTCTTAGTCTTCGGCGTCTTCCCTGAGCCGTGGGAGCTAGGAACATGCGGGAGGCTTGCACGATATCATGAATGATATCCTTATACTAAGTGCACATTGACAAATATGCTTACGCGATGTCTCCGGCAAGTAGCAGAATGCGGATTCATATGACGTTACTATAGTGACTCCCTATACGGACCTACAGTGTGCCCCCATATCACGAATATTGAAATCGGTCGAAGGCTGACTGATGAATTATTTCATACAGTAATGATAGTATGAGAGCCGCACCTACAGGAGAGTTGCAAGAGTTATATTTAGCGTGCGGTTTGCTTCGAGGCAATGTTATCACACCCGGTTTCTTGTTCTTTAGTTCCCAGTTGGCTATACCATATTTGGCCTTTTGTATCCAAGAGTGTCAGCCGTACAGGTCATCGACCGTACATTTTGGCGTTTTCTGATGTCCCGGTACTAAATTCCTGGATCTATGAACTCGGATATCCCCGTATAGACCCAGGTGCAGTCCGGAGTACGGCCAGTATGATTTTTTTCTAGATCATTTACCTACTGAAAAACCGCTGACGCGCGAGGCGGTATCGCATTTTAGGAAGTACCTCAGTTAGAGGTACCTACGCCCTACCGAGAAAATGCTGTAGTCAGGTGTTCAAGAATCGACGCCACGGGGTGTATCCCTCTACTCAAACGGGAGGAAAGCGGCTTTATCTGTAGTCGCGTTAAGGCCAGGATTGTTAAAAATGGGGAGCTGACTAAGGTGCAGTCGGAACACAAGGTGGTCTGAGCTTCAGGCGCTATCATCGGCCCCAATTCTGGCGTGGCATTTTAG,1195,47.45,Saccharomyces cerevisiae
SEQ_455259,TATCCTGAGCTCCTTTTCTAACGTGAACGGGTAAACGCAGAGTCAACAGTCATCGTGCCAACACCAGTGACCGTCTCTCAATTTCTCAAGTCATTAATGTCCAAAACCTTGTGAACCCGCAATGACGATTTGCAGACCGGAGAAATGTCGTGTGAATCATGACCATGTGAGTACGTTGCCCTCCTTGCTACTATGGCGTGAGGCAGAGGATCATCTCCTGTGGAAGATCTGATGGGCTGTAAAGGACGTTAACCTTTGGGTATAGTGCCAGCCACTATCTGCATGACCAACACACTAACCGCCTTATAATTCCAATCTTGATGGGCATTCGCTCGGAGGACATCGATGTGCGTCGCCCAGCACATATTTCAATAATAACTGTAATATTGTGAAGACGTGTGCTGAGTCGGGAAGGCTTTTTAGGAACGTAAGTGGGCGAATCTCAGACCCTATTGGTTTAGCGCGCCTTGTATAGGGATGACTTCGTGAGTTTTAGAGAAGAGAATTCAGAAAAATCGGCCACCTTTAGACGGCGTATCCCGCACTACACGACCTTTCGGAAACGTTTTCTTAGTTTCACTAGACGGACATAACGTGGCTCCTAATGAACCCAGACACACTCTTAGAGTTTTCGTAATTTTCGCATATATCTGTCTCTCACCATCTATTCCTCCGCGTCCCTGCGGTTGACTATACACGGAAACTAACAAGTGTAGTGAAGGCCTCTACTAGTGACCGGTGGTGCCCACAGTGCCCCCGGCGTTGACGAAGTAGGACTGCCCCCTGCCTCGACACACGAAGGCACATTCACGACTTAGCAGGCAATAACTGGTCGTTCTGAGTCCCTTGTATTAATACATGGTAATCCGTAATGGCGTTTTGTGTCCGACTATACCAACGGTAAGAGCGGATAGGTGTGTGCAGCACGATCCCCTTTAAAGCGTCTCATGAGCTTTGTGGGCACTTATATCGGCTTGACTCAGTCAGTAAAAGTTTGTGGAGTAACTGCGATGATCACATAGATCTCGGCAATTCTGTACAGGAAGCTGTGCCGTAGGCCTACGCGCTCGCGCCCGGTACATGAAAAAAACAGCACGCGGTTAACTGTGGATTAATGCGAGCTGGGTCCTAATCACTTGTATTTATCAGGACGCTCATTGCCATATGGTTTGTGTCAAGTGACACCTACTGTTTTGTAGGCGGACACTCTGTAGTGGTTGGGGAATTTTCAGTGTAGACCGTAGCTGGGAGAGAAGGCGCAATTTCAATTTTCGTCTGCGATCTTTAAGAGTACTGGCAAAATCGCAAAAGATC,1314,47.72,Saccharomyces cerevisiae
SEQ_571323,TACCGTGTTGTATTTTAAAGGAGGCGAGTCGCTCCTTTTCAGGCGGTTCAGCGGGACGGAGTATGTAGCATCAAGTAAGCCTGATAAGAGCGACCAGTTGATACTTACCCTAGTGCGAACATAAAGGTCAATCTCAATGAGGATGTGACTATGATGTGAATACGGTCCAGTGTCTATGTAATGCATGGACTTAATATCCCACCATGCGATTTAAGTATCCTACCGGGCTCCGGAAGTGGCTAGTTACTTTGGCGCTGCCATCGCGGCTTGAGCAGGACCAAGTCTTGCTCTCTACCCAACAAGCAGGTACACTGGGCTTCGCGTGCACACAACGGTACCAGCTGTGTGAAGTCCACTGTCTAGCGGGCTCGTAAGCCGTCCTTCTCAGAGCTACGCTTCTTTATGCGTCGCCACTTGTGTCCTCATGATGTATCCTCAGACTTGATCGCGACGAAGATATCAAACTTTCCCGTTATCAATAGGGCATCCACTGTCGTCGTAGCTTCTATCGTTCTCTCCTTTCCCTCCGTGACACTCGCATCCCTTAGTGACTTCAGACTATTGAAGGGCCCCTCGTTTAGTTGTCCGAACGAACGTAGGTATCGTGACGTTGCATTAAGGGCGGTCTGCATAATACCTCACTGCGAGCTGAAGGAGACCCCAATCTTGGCTAAGACGGGATTACGGGCTTTAGCGATGTGAGCGTGGCAGATCCAATCAGAGGCGGCTTAGCAATCGGTCATTGGCTTAGAGCTACGT,759,50.46,Caenorhabditis elegans
SEQ_650167,GCCCTAAGCGTTAGCTCTGTTCGAAGTCTAAGTCACGCTCGGGGAGCTGACTATACACTCTTACCTCGTCAATTCCTCCATACTAGTGATTACTGTCACAACTAGGTCAATTACGGCCTCCAGACCAAATCCATCTTACCCCCTGATCTCAGTCAAAGGTAGGGGATTATTCATCAGCACTCCGTCGTATCGGGGTCATTGGCAACTTAATGGCGTCTAGGGACTCCATTTACAGGCAGTTAAGGAGCTACCTAGGAAACTCAGACAAAGCTCATCCAGTCCAAACTCTGTAATGCGGGTAATACAGAAATAGGAAGCATGACGTTTCATTAGTCATGCGGCCACAATGGTACTATCTTTGTGCTGCCCGGTCAGTGGCGGGGCAGGTTCCGGGGGGTGTCCTCCTAGTATCATAGGGGGGGGAGCAATTGCTTTTAATGCGGCCTCTCAGATGGCACGCCACGCAACTTGACATTGCATGCGCACAGTCACGACGTGTCAACTCTAGAACGAGAGTTGCGTAACCTTCATCATCGACTGAAGTACTTGATCCGGGAGAGCGGACATACATGCTTCCGCAAAGTACTCCCCCGCAGAAGCTCAAAACAACCGGGCCCCTGCGATTCCTACACGCGACATCCATCTCTGGGGTGGTCAAGGCGACACAGGTTTGGAATCGTTACGTGCATAAATAAACGGGGTCGCTTGCGGGCTAAGGGGTGCAGGACCCGCAGCGCATCGGGCGGCGGACACTTCAGTACAGCCAAGTTGTCGATGCGGCACCCTCACCCGATACCAGTCTCGGGACAGGAAACTATCTGCCTTCAAAGTTTACAGATCTATTACGATCAGGGCCATGTGGACCTGAATGCTGGAGCGTAATGGTGACTCTCGTCGTATGGGTAGCGGGCGCATATCATAGGAGTAAACTTGCAGCTATGCTGTCGTTGATACCGTTAGGGTGAGCGGATCAAACGCGTGCCTAATCAGGGACCTACACCCTGCGGGGCACCGACATGATTGGTGACAAGTTAAACATGCATCAACGGTCGTAGGATCTCGCCCCCCATGTTGCGCGTCTGCGTCAACATGCGTAGTCCGTTGCGTCTTATGGGGTTCGTTCAATTTTTAGGGATCAACAAAAATAAAGTATTTGGGCGGCGAAGTTAATCCGGAACAGCGCCAACAAGGCTTAGCAAGCGAAAGGACTTTCTCTGTTGCACTCGGCCCATCAGCTCCTGGGCACCGATATTACACCTCTCACCTAACTTTACCACCTACGGGGTTTATATCGGCCATACCTAGGCATGACAAGGCGACGAGCGAGTCTTCAACCCTGAATAGTCTGCTCGACTGAACCAGGCCGGCTTTCCACGCGTCTCAATGGGGCCCTGACGAGACACGTCCTATGTCAACCTCGTACGTTCCCCCATAAGTTATTATTCCGCTGCTTTCGATTGGTTATTTCATTACTGTTGAAAATAACCTAGTCCTATTTCGATTGGATAATACGTAAGAGTTCATTTCAAGAACGGTCTCTATCAACTTCGGCCTCGCAAGAGTAACGCCAGCCAGCAGCGTGGTTTTCGCACCATTACTTAGCGCCGATGCGAACGGTTACGACGGAGGTACACGAAATGCGTAGTGGTATGATGGAGCTACTGGATGATGACTGGCAAGTGAGCAATGGGCTCACAAAACCCGTCGCACGAAAGTTGTCAGCATAGGCATTCTATTTGGTACGTATCAATCTCCTACTGTTAGTGGCGAATAACAGCGTTGTCCAACTCCTGTGATCCTCGCCGACGGACAACACGACCATTCGACCACGCCTATGATCCTTTTTGAAACACCGCCGATAAAAGTGTTATGTTACTCTTATGCCTGTTAATCCTAGGACTTCACCAGTCTAGGTGATTATAGGATTATTT,1931,50.54,Escherichia coli
SEQ_455264,CAAATTACCGTAGAGTAGTGCATCGTGGCTCGGGTTCCATTAGCACTGTTTGTATCGCCGGATAGGCATGTTGTTGATTAGGGCGTATTAGTCGGCCCGAACAACATGTTTTCTTGAGTGGATGCCACCGAAGTCGTTACTTCACGCGTGGTTTGATCAGTAGCCAGCCAAGTTAGAACTAGCGAAGAACGGACCAACCCGCAGCAACTTCTAACCCGGGGCCATACCATTGAAGTATGAATGCCCTCAATGAAGCCAGTGTACCCTCAGAAGTCGCTCAACTTCTTATGTAGGTTCGTTTAAACGGAGATGATTAAATCACCTTAACGATTGCTGATTAGCGACCACTAAAGTGCAATCGTAACGACTGCGGGTTAACGCTTGCCTGTATCGAGACTGGGAGAGGGGACTTGAGTGACAACATTATACAAAACAAATACTCTTAGGGATTTACTCAGCAAGATGGTAGGTTGGTGCTTAATCGCGGAACAAAGTTCTCTGCGGACAATACCGATTTTTGAACCCCAACAAGAGGGCTTTCTGGCTTCGGGTTTTAGTTGTGCGATCACACATGTCGTCTCCGTGACTTAAGATTGTCTTCCCCATGATTGAGTGATAGTTACTGATGACATATTCTGCTGGCCCCAGTAATCCAGTTGAATGCTGTTAGGTGGCCATCGAGAAACTGGGGTCGTCGGACTACGATAACTCAGGGTAACTTCTATCCGCTGTATGAGGACCAGGAATGCAACTCAGCGGGCAGAAGTCTTTGGAAGGTCATGGCGACCACTGCGCACATTCCTAAGATTAGACATCAAGCTGTTATCGACCTCGAATACGCAATTGGAAACGCGTACTTACTCCGTACGGCAGGTGGAGTATCTTGCACAATTGTTCGCCAGCCACAGTAGCTTACGTCCCCCGTATTTTCATAATATTCTCTACTCTCCTACTTGTTTGACCCGGCAGCCGGCCGCCAGGGGCTAAAAAGCCATATTAATGCGCGCTTCCGCAGTGCAAATCCATTTGGGTTTTGGCGGGCATTAGAACGTTGTCCCGCGTAGCAGCGCCGCCCGCATCATGTTAGACCTAGTCGTAAAGTTTTGAAGTGACTGGGTTCGATCCGCGGCCCACCATATCTCGCATGAATGCTGCGTGAGGCCGTATATTCTCGCGCCACCCGTAGGATAAACGACATTGCTTAAGCGTTATTCTTTACAAAGAATTAGGACATACTCATTACTGTGCAAGGCTGTAACCTAACAGGGCATTTTACCGGCTTACGAGGACGATTGGAGTTCATCCCGGTCACTTTCTACGTCTCTTTGGCAAGCTTGCATGGTAGAATCCGAGGTAGTGGACTTTGTGCCGCCCTTATTCTCTCCTACCTATCAGATA,1398,48.35,Escherichia coli
SEQ_679728,TAGCGCTCCTACCAGGCAAACCCCGTCTAGCTATCAATTAAAGACACCGCCTGCTCCACAACCGAAGAACATGGATATCGCTCCTTGTCCTCGTTGAAGATCATACGCGAGTTGCCATTGTAAGGTTAAATGAGGAGGTACCAAGTTCGTGTGACGAAGGTCTTGCATGGCAAACATTCTACATGCAACTCATAATGCTATCGGGTTGAGTAACCACGTGCTGGCAGACTCCATCAGCCTCTCCCGCTTAACGTGACTCCCCCTTAGACATAAGCACGAGGTCAACGATTTCTGCGGTCTTACCAATAATAATACACCCCGGTCCTGTACAAGGTCGGTGCAGCTCACACTAACACTCAATGCCTAAATACCCATTTTTCGACCCGGAGACAGCGGTTAACCCCCTTTATCCGGGCGGTTAGTGCTCTCTAGATTAAGTCACGCGGTGTTTGGAAGAGTCCTGTAGGATAGTCCGCGGATATTTCCTAGAACTAGAAACGGAGCGCATATAGCTCACTACCTAAAACGGCCAGTAATCCGGTTCTTTCATAGTTAACGATTCGACCGCTCTTTAGGTCGTCGAAGCCCATATGTGTTATCATAACTGTCATGTATTTCAAGCATGAAATCGGGCGTATAACTTGAAGGAAAACATCCGGCAAATCCCCCTGATAGCCTTACTGTGTTCCGTTCGTTAGCGTGTAGTGACTAACATGCTGGCCTGCGGGATATACTGGGACTGAGGGAATGTGGTCGAATTCCTGATCTCATCGAGCGACATTGGGTAACATCAGGGTAAAGTAATGACAGTCCCGTAAGTGGACGCTCTTCATCGCGGCGTTTTCTATATGGCCCCGGTATAGGTGAGACTTCGTTACTCGCACTCCTAAGAAGTAATATTATACACTTCTACTAGCCCAACAGGCACATGGCTTGTGTTTTTAGTGGAGTCGAATCTTCGTGCAATACGTTGTGAGGTCGAAAACTAGACCGATAGAAGCCACCCAGTAGGTATGGCTGGAAACCACCAACCAAGACACGTCGAGGAAGCGTCGAAGTGTAACAGCGTGACGTGCACTTACTCTGACTGTAATATGCCACGCTATAAGCATAGAAACACAGATTCACCGCCGTACACAGAATATCCTTATTCTCTTAATGACACTGAGATGATAAATCAAGGCGTTTCCCCTTCTGGCTTGCTACCCCAAATGTCGCGTTTTCGATTATTTTCTAGATTGTCAAGTATTGCGTTCTAAAGCCAAGTAGTCTGCGCTCGACACCATTCCCTTCGCGTTTGGTCGCCCGCCCTCTCAGTACCCGGAGTAATCAGCAATTCGTGAGATGAGAAAGGGCGGGTTTCGCGGTCCCAGCTTACGGCTTTCTTCGAAACCTAGCAGCTGAGAACAGAGCACCCCATTTCTGATACTACTAGGCTTTAATTTACGCAAATGAGGTCGTATGATTGTTCTAGCCCCATCTGTTATTGCTTAGATGGAGGTTGCAAATTTGCAGCGTGAAAATGACATCATTAGCCTAACTAGGTGAAAGTTTATGTAAAGTCGCGCCCGGCTTAAGCTGAAAAGTTTCACCCATTGGAGCCTCGCGACACATTT,1616,47.4,Saccharomyces cerevisiae
SEQ_220279,CGCCCTTGTTTAGTGCGCATGTTAAACCCGCTTTTGACTGACGTTTTAAAACCCCTAGCAGCTTCTCTCCCGCTGCATATGTAGCCATCCATAGCTATCTCCACTCTCGGCTCTCAGACATAATACGGGTCGATAACACTATACCATGACACATACCAGATTCGGTCTAAATCTTCCGGCCCCCTATGTGCCCAGCGTTTCACCTTTACCGGCGTCCACATCTTCCTATGGGGTCACGATAAATAGACAAGATCGATGGCGTTGAAATGGTAAAGGCGACCGCGAAGAGGCTCTACACCCCCGTCCGAGCCTATCTCTTCGGCAGTATCTTATCAGGCTCGTACCGCGTTTGAGGATCAACGCTCCGTAATTGCCTTCCCGAGGGGGCCACGGCGGTTACTAGCATAGCAACGGTTTATCTGTGCGCGAATACGGTTGGGGCGCGTTTCTAAGGGGTGGGCTATTGATCTAATCTCCAGAAGTCAAGATAGGGGGTAGGCAGTGGAAGATTCCATGCTATGTCGGTTCTCAACTTCATAGTCCTATAAGGCCCATATACTTTCGCCCACTACCGGTAAGATCTGTAGTTCTTAGCAGTCGGTACCAATCCGGCGGCGGTCCGCCATCTTCTTCTTCTCGGCCCTATGTACGCAGGTTAGTCGAAGACAATATGGTTGGCGTCTCTGTCGGAAGCTCGACTTCAAATGTTCCCAATTGCAAGGGCCACCCGATCGTCTAGGAGCCAAGCTGCTGACGTCGTACACAAATTATCAGGTGATCCCCTTCCACGAGATAAACAGTCGGGGGAGAGCCCGTATCACAGTGAACCTGTTAATTAACATGGTCACGAACCAGGA,857,51.34,Homo sapiens
SEQ_964702,ACTACTGGCTCACAAAAAGATTTCGACGTGAGTGGGTTTTCTGGGGCAATACCCCTATGACCTCAGAATGATTACAACTGTGACTGTGTACCTGATCCATTCCATCGTACTTTGGCCGCTCTGGCGACGCCTACGTGGAGCGGTGATTCGAAGTGTGTGCACGTCAGGTGACCAGATCCCTCCCCGTCAGGGAGTTGACCAAAAAATGTTAGTGGAAGTTCTATGGCAAGAACCTCGGTGCCATTAATATTGGGAATTAATCGATAATCTCGAGTGCGCCGCCCGCTATACCAATAAGAACATATTTCGGTCCTGAAACATGATTTCGTGAATGTAAAGTGTCAGCATCAGATGGGTCCGACCACAACAGTCACAAGGAAGTCATTTGTGTGGTAGTCAAACCTTGTGCACAACCCTCCTCTTACTCAGTACAACCGTGAAGCACCGGGGCCCCAAATGTATACCGGATTCATAATGCTCTTCTTCGCTAACCGGAGCGTGTTAGGCGTAAAGTTTAAGAACCACTTGTCAGAGGCAACCAATGATGCGGAGCGTGATTTAGCGCGCAGTTGGGTGTCATCTCGCTAATAACAAGCCCACGACTCCTATTTCATTGCCAGCGATGCAGCACTCGAAATGTCGTGGAATGGGCTGACGGTGACTGGACACGCTACATCCTTGAGGAGTCACCTACCCTAGCTCGTCAGACACCTCCCGTCAGAACAACTGACCTTCCTGCTGGCCATAAAGCTGAAGGTCCGGTATATAGTATCAGGAGGAGCTCGGACTACCGATTCCGCTATCTCATAGGTACGACCGGCCTGCCGATCGGCACATAGAGTGAAACCGGAAGACAGCTCATTATTACCCCCTGATAACGAGCTGACCACGGGGGGCCACGAAGGATAGCCTTCCTCGAGAACGTGCGCACATGTAGACAGGCAGGTATATGTTCGTAACACTTTGATAAAGCGGAGCGGAGCGAGTATATACTAGCATACGAGGGGTGGCAGAGGCGCTGTCTGAGACGCCCACGTAGTCCTGTGACTTAACAGTCACTTCTAAGACGCCGGCAACAATGTTCCCATGTGTTAAGAACATTCCTGTAGTACGCCGGTTCGCGCCACACATCGCCAAAGGTCACCGAGATACTACGTGATTGCCGAACTCCAGGCAAAGTGTTACAGCGTGCCGACCCACGTACGCGACCAATTCTTTAATTCCATAAGGAGCCGCGCCTGGGTGTATTGCCGTAGCTCACTACTCTTGCTAGATGAGGATCGTAAGGGTAAGAAAATACGATTTGAAAAACTGGACGATTTGTAAGTACCTGGGATCCGATGCCGACGTATGTGCGATCCCACGTAGCATTTGGCCGGTAATGTGAATGTCGACGTATGCCCGAATCTGGAATCACATTTGCCAGGTCTTGGGCTATAGGACAGTGTCGCCGGACGTTATAAATGACCAGAAACTCTCCGTTGCTGCAACAAGCGTGTGTCCTTAATAGTCAGAGTGGTGGGTAGTTACCCTACGGTGCGGACTCACGAAGCTGCGTGTGCGGGCCTATTCATCAGACGGTTTCATTCTCTGAACGTCCACGGTACATATATATACAGGACGAGAGGACCTGACCGGCCACTGTATTTGGCCCCTCTCCGCGTTATAGCTTAGCTTTAATAGCCCAACGCCAGGGACGAGTAGCGGTTCCAGAACCTAACAGATCACTAGACGTCTATCGTGTTGAGTATGTTCGGGACAGTGCTGTGAACAAATCCAGTTTGTTGGAAAACACCAAACACG,1803,50.53,Arabidopsis thaliana
SEQ_505266,GTTGCTTAAGGGACCCAAATCATCACGATCGGAATATGCTTGACGATCGTTGTATAGTATAGATCGCAGACCGCCTGGGATTACCTAGTGTGGAGAGTAGTGCCTGCAGCAGTCGTACCTGAATGGCTACCACTGTATTCCTTGAGAAGTAGGACTGTACGCGTGTCACCCAGGGGGCACGCACGATTCAATGGCGCGACGCTGTCTCGCAATCCTATTTGGCCCCTAGATATGGAGGCTGGCTAAACCCTTTGCCGGTTGTGCAGCATCTCACGGCGGCGGATGCGACCCCTGGAGACGGCCGCCCCAAGCTGGAGATACGTCGATATTCTTGCAACGGCGAATTTATCTAATGTGCATACCAGCCCAAACTCCCGCTTTCGACCTTGTGACCCCCGCTATCAATAAACATGTGCCCCGGCAGCAACGACACCCTCCGTAGTTTGCTTCACACTAAGGGAGAGGCCAAGTACCTAGTAACTAACGCCTCTGGAGGCGGGCCGTTAACCCGGAAATCGGTATGATCATAGCCATCTGATAATCAGTACGCGGAGAAATGTGCTTTTTGGTCTGCATGCCAACGAGGGATATAGGCATACACATTAATGACTCGTAATGGCAACCCGAGGGCCTGGTAGCAGTTAACCGAACCAGACTGCGACACGGAGGTAAAAAGGGTGGTAGCGTACTACACCCCCAGTTTGAATTCTTCTTAGTGCCGATGGCCTCGCGCGGCTTCTACATGTTATTGTTCGACTCTCTCTTTAGCCGTGTTACGCAGCTAACGGTCGCGCTACGGCATCATACCGTCTAATCAACCGCGGGTACTTACGCATTCCCTTGGAAGAGGAGGGACAACCCGCGCGCGGTCATGGGTTTTTGCTAACCACCAGATCATCTCCCAATAGACA,911,52.91,Saccharomyces cerevisiae
SEQ_954356,CGAATCAGCTGTCCGGGGAAAGATAAAGGCTTGAATGTATAATGAGTGCCAACGCACAGGAGGGTGACTTTAAGCTAACGAGCTCATGCAGGGAAGATGTTTTCTCGCGGGGCATGATAAAAGGGGATCCGATTGTACTGCTGTAGCCCGGCGCACAGTATCTGCACCAAAGTAGAGACACACACCGAGCCACCTGATGAGAAGGACGCGCCAGTGCTTACTTTCCCATAGGTAACATTGCGTTGAAACGCCTCAATAGTCCGGGCCGCGCCTCTATTCCGCGTTCGCACATCAGCCCCCTCTCCGAGGTCTTCCCGTTACACACGAAGCAATGGTTATATCGACAGTTACTCTGCACGTATCAAGGGGAGGTGCCTCAAACTATCTATAGCCTCGGTTTCCAAGTGCAACTATTAGCCACCTCCTATAAAACACCATTTAATTCCCTCGGCCTTACAGCGGTTGTCAATTGTAACAGACCATCACTATCCCTACCGACAAATTTTTGTAAGGTACAGCACATATGGCACACTCCCGACTTCGTAAACTGATCAGGTGCAACATAAGAGCACGCTGTTCTGGGGAAGAGCTTATGTCCTACGTGATGCCGTGCATGAGGTACGTGGACGGTGCATGGATCGGACAAACATAAACCTGGATAACAGGAAGCCGCGCCGGGGTAATGGTCCATGCGGGACATCTCTCATATCGTCTTGCATATAGGGGGCTTGGGGAGCAGTCAATATAAACGACAAGAACAATTCATGGCCCGACGAGATCCTGTTCCGCAATGTTCGTATAATCAGGAGCTAACCGAGATCCCTTTAACTGCAACCGTCCCTTATCACGGGTATTCGTTGTTCTTTTAAGCACGAATTCGCCGCCATCCGATCCGGTAGTAAAAACTTTTTCCATTTACTTACGAGTATCGGATATTACAACCGGCTGATCATACCGCATTTAGTGTCATAACATAGGAGAGAACCTACTATCAATATCCCGCCACCGACTCGCTGGCGTGCTGCAGAGCTCCACTGGATTCAATGGCTCTCTATGGTCGGATTACTGCTGTTCGAAGCTCAGCACTACGCATTCTGCTTGCGTTCCGCGCAAACGGCGAGGAGTCGTGACGCACGA,1137,49.96,Mus musculus
SEQ_693174,GAAGGATGCTCTGTGAAGGCATGTAATATTTAAGCTGGCTACGACATGCTGTTGTGCATTTACGCCCTCTGTGAGCGACACTTCTACTACATAGTTAGTACTACTCTTGGTGGGTTATATAGTCTGGTCTACTCCTATTAATAACCAATCGTCCTTGACCAGACGGATATAATAGCTTCTTTTCTCGTTCCGAAGTTATTCCCTAACGCGACGACGACCCGGTGAACCCCCTTACCGTAACCAGTGTGGGTTAGTCTGTGTTAGAGCTCGGTGATTCATCGAAAGATCTTGAAAGGGTACCGCGGCGCCTTCACCATAGTCATTGTGTTAACTGACCGCAAGATATATGGACTGGGTCCTCAATCCAGAGATGACTAGCCTAACCGTTGCAGGATGA,397,46.6,Drosophila melanogaster
SEQ_401776,TAGTCGAGGGCGCTGCACCGGGCTGTAAGGACTTCCTCTCCTTGATTCCCCGTAGAGCGGTTGTTTTTAGGGCATCGTTGGGATCTAACTACGAAAGACGGTCCAGCGACGGGACCCGCCGCGTCAAATTCAGCTCGATTTTTTTCGGCCTATATCAGTGTCGTGTTCACCCTCGCAGCAAGATGCACGCCGTAGAATGTCAGTTAAGCTCAAAGGGTAGTATCGCCCGGTCCTCCGTCCACGGCACCCCTTCACATTGCCTAAATGTCATTTCTCGTGGTTCACGCCAGGCATTTGTAGCTCGACGTTACAGTGGCGGATGTATGACTGGTATAATCCTCATCTATGAGAGAATAACGGTCCCATCACCTTTCAAGGCATAACCAGTCACTCAATATTCCCAAGACTGGTAACTCGTCACCTATTGGCGGGACGCGATTGCCGTATTGTTCTCTTGCTAGTCGCAAATCTCTCTGTTAAGATACTTAATGCGATGCATCGAAAGCCCTGTCGCGGAGATTCTGTTGAGCCCTCCTGCAATCACATCAACGAAGTATTATTTGAGGAGCGCAAGCAGGGCTTTAAGCCATCATAAAATTGCGCTGATGAAGTATTTACGGTCCCACCGACTATCCGGCAGGCTTATATGTCCAGCACAGTAAAGAGTGAGCTGGACTAGTGCTAAAAGCACTTTAATCATACGCCGGCTCGTCGATAGATGGAAACCCCGAGCGACGCTGATGGCATTTTGTCAACATTGCTCTCCAAACACACAATCTGTAACTTGGTGGCGTTGGTCCGTTTTCCCGAAAATAATACGTAATGCGCCAGAAATGTCTTAGCGACGGTCTCCTGAAAGGACCCTATCACCCCTTGCCCGGGTGCGTTCATCCCCCGCGATACGAGAATCTGGAAGATAATATCCTAGTAAGCATACTTATGTGAAGAATAGAACTCGGGCTCTAGCCTAACCTGTTCAGATGAAGTATCGGGGACAAGTTTAATCTTTGCTTGTTACACGGCTTATTGCTAACATATTGGGGCCACGGACACGAAGAATGCCACTTGTGATGGCACGTGGGCGACACTCAGTGGATTTATCTCGCTATCTTGCTTTAACCGTTGTATTTTACCTGTCGGTAATAACATTTTCTGGCGCTTATAGCGCAAATTCCGCTTCTGGAGATTGATAGCGTAATTCAGGTTGAACCGGATAGTAACTTTACCCCTGCTTAACGATCTCTAAGAATCCGCTCTGGTGGTTGAAACCCGAGACGTAAGCGATACCAGGCATTCGATTATGATTCAATCGGAGCGAGCCGGTAAACCCGTAC,1334,48.5,Caenorhabditis elegans
SEQ_258777,TACATTCGTAGTTTAGAAGACTCGCACAGTCGAAAGATTGCCGCAAGACGGAGACGGGGGGCAAGACTTCTGGTCCAAGTTATAATTGCGCAACATGAAGCTGGTGTTCGAATCGGAATGATGGGGGCGTCCGTTGGGACTTCATGCCCATGACGCTACTTAGCAGGCCTTCACCACCTCATGTTGGGTATCAGGAACATATGGGATGCGGATGCTCGCTCGTGCCATTGAGTAGGACGAGTGGTCGCGGGGTTCGGTAGCCCTTCGACCGCTTACGACGTGGATACATCGATGTATTTTCTAGGGGCCGAAGGCATTGACCATTCCATGAATCTTTTTTAAACGTAAAACTT,353,50.71,Escherichia coli
SEQ_167207,TTTCCTCAACCGGGAAGCTGTCATGCGCTGATAGAGCGGAGACGGCCGAGCTGAAGAATGAAAGGATACCTACCTATCCCTGCTTCGATCTGCGCGAGTTGTCAGTTCGCTCCCAGTAATAAAACACAAGTAGCTAACCAGAAGACAGAATTTGATTCCTTATGCTATTGGTTTAATTGGCTCCAATTGGTGTGTTTTAGGGACGACCGACTAGGTTCCGACATAATAAAGGTCTGCGCCGGGCTATTGAATAACGCCAAAAAACTAAAACTAGGACGGCGTATTGGTCATTGTCTAGTGTTCAACCCCTACACTGTAGGGATACTGTCCCATTGTCTCTGCACCTCAATCTTCCAGGACTGTCGTCAGTGCTTGTTAACTGCGATGCCCCAGGCTCTACCCTCACTGAGTTAATGTGCCTCGACACGCAAGACTGGGCGTTTGTCCCGCCTAACCGAGATGTCAAACCATGGTCCTCAAGCGTAGTCCGGATAGCAGGCTGAAATATCACAACTAGCATAATGACAGACCGCGCGCCCGAATATAGTGCGGTTACGTCTACTGCATTCACCTATCATTTACCTAACCGCTGTGAGCCGCGAGAAGGCATCCGGTCGCCCGCTCTCCATATTTCACGCAAAAGGGACATCTAATCAAGCATCAACCGGAAGCACACCACCCACGCGACCGCTCTTATAGCTTACAATCGCGAAACGCTGTTAGCTGGTCCTTCTGCATTTCCGCCGTCT,749,50.07,Arabidopsis thaliana
SEQ_930446,GTGTCAAGTGTAGCCGACCAGGCCGCTTGGCTCGTCTAATTAACCCTCAGGCGAAACACACGGGCTCGTAGATATCGCCGTGATGTTCGAGGCGATTGGGCACGAAGTTCGAGGAAATCGCTGAGGCAAAGTCCGCGTTATCTCCTGTACCAATAGGCCCATTGGCCTCGCATTAGAGTACAGAGGTAAACACACCAGGCTGACTTGAGACTCCGTATAAGATTGGTTGACCGAAGGGCGCTGCTACGTTAGCAACATTATGCGAGTCCCGGTTGTTCGGGGATACATTGAAAAATCTACCGCCGTAATTGTTGGTGTAACCCTAGCGTGGCACGTTAGTAGGTGTTTTCAAAGTCAAACATGAGAGCCCTCCCTGCCTCGATACTCAGGCGATCTTGGTCCGAGATATTTAACCGCGGTGCGGGGAACAGGGTTGACCAGTGCCTTGTGTTCAGTAACGCGTCCTGCGGTTAGATCGTTATTGGTGCAGTTGGGGTGACCGCTACCTTGCGAGGTATGAAGTCTGGCCACATTGTAGGATGTAAGGAGGTCTAGAACTGTATGCAAAATAGGCATACCTAGACGAGCTCCGTCGATTCTAACTATTTGGGTCGCTCACTGACCGTCACATGTGTACCTGCTTCAGAACTCTTATCAATCGTTTGTGGGCTTCCCAGAGTCTATTGATGCAGGATTTCCCGATGTCTTGTATCGGACTGCGTATTTTCCCGGGCGTTATAACCCGTGTTATATTGAGTCAGGCTAAAGCCCACGGATTGTTCGTATAAGTTGACCTACGTACTTTCCACCTGGGTAACGGCATCGCTCTGATCGTAGCCAGCAGGGAATTGAGCCGCGATTAGGAATACGGGCCTTTCGGATAGCCTTTATGGGTCTCTGAAAAGTCACTGATCTGGGGCGCTCCCATTTTGCGTTTCCTGTAGGGCGAGTCAGTGAACTCCGTTGTTCTGCGCGTCACGCTGGAACTCAGAAATGTGTCACATTAGCATTCAATGGGGTGATCTTATCAACCACGCACAGCCCCCGGTATAACGTCAAAGGTTGCAGTAAGCGCTGCAATTACAGAGTCTCTATCGACGTTGCCGAAAGTAACCGATGCCCGCATGACAATGTGGGGATCCGGCCTCATGGCGGCGAGGAGGCACGAATAGGGAAACGGTCTTGGAGACTACCGCCAGACCGCACTGTCTCCAGCAGAGGGCTGACTACCCAGGAAGGTGGCTTCTACCGCCTTTATGAGGTTTAGGTACACTTCGGGTTTGCTAACGGAATGGACTACCATCTCTCCGACAAATG,1317,51.56,Escherichia coli
SEQ_544708,ATAGTTATGGAGTCAGTACCGGGCAGCAAATATACTCGTCGGGTCAGGAGAATCGCGCCTATGAGGAATCACCCTCACAACTTACCGACTCATGATCAGCTACCCACTGTCCACATTCATGGGCCGACACATAGCATGCCAATAGTAACCCAGGTCCCTAAACGTTTCGCTAGACTTTCAACTTCATAGGGCTCATGATCACATGGGCGACCAGTCATGAGAATGGAACGTTCGTTCAGTCCGTCATAATCCAAATGCGCACGATCCTGACGGCGTGTCTGCCGGTGGGTCTCACTGCTGCCGAGGGAACGTATTTACGGCTAGACCCGTCATTCGTCAGCGCAAGTATTCCAGTCATTGTTGTGTCGTGGTTATCCGATGACTCCCTAACAGGAAGCTAGGGTATGATGGCCCACGGTTTGCTAAGAGTACACATAAGTGCCGGCGACAAGTAGAAGTACCACACTTTGTTTGGAGAGTCTTCATTTGCGGGGTTATTTATACAGCCGCACATACTCCTCGGATGGTAGTGTATTAGTACACCGTAATACGCACATTAACTGTACAATAAACGGCATCTGTTCCATTACCCAGGAGCTGGGTAGAGCGTACTACGCTAGTAGAGATGTATGTGACTCTATGTCTAGCTGTTACTCTGAGACCTACGAGGCCCGTTCTATCCGTTGTTATGAGTAGGGGCCTTACAAACCTGCTTCTTAAGGTTCGTTCAGGATCACGAAATATTTAGACTTCACAAATTGGGCCTCCATCCTCATCAGGGAGGTAGGGGACCTCTAATCTGGTCAAGAGCGCTTTTCCGGCCGCATGTATTCGCGACGTCGACCGGAAGAGAGTATTTAGTCGTATGGGGAATTTCTGATGGGGGGTAGCTTCATTAAGCTGCACGTGTATCAGGAAGCCAATACGTACGCACCAGGGGCGAGCCGCATCTTAGCAAATTCGATCGTCGCGTGTTGTCGCATGGCAGTTCGGCTTGACCGATTTTTCCCGTTTGCCGCTGTCAGCCCCATCGAGTCAGGTATAACAGAGAAAGGTTTTGACTAACACGTTATAAGGAGACAGCTGTAATTCGGAGCCCAGGAAGAATTCAGACCTTTATCTTAATCCATAAACTCCGCATTTGCTTAGCCGCCAGGTGTACTCAGCAGAACATTTTCACCCGTCGAACCCCCAATAGTTTTCAAACAAGGCTGCTAATGCATTTTCTATATATCTAAGGCCGAGCTATATACCGATCCTGATTACATCCCTTAACGCGTAAATCTGCGCAGTGGCAGGTTTTTGAAGACCGGTTTCTCTAGTTACAGGTTACGACAATCTATTCATACTAAAACTTCGGAAGCCTTGTTCTGCGCGATCCCGCCTTAGTTGGTTTAAGGCGATCTTACTTATGCGGTCTTCTCTCATGAGGAGATTTCATCTTGTTCGAAATAAATCACGCCGAATGAGAACATTCCCGGGGACGCAAGATAACCCCACACTATCTGAACGC,1513,48.12,Homo sapiens
SEQ_640039,TACTTTGCATGCTGCTACTCAGATCTCGATCTTTGGGAGAAGTTATCTTCTCTTGGTGGGCCCGTGACCGCGTCCTCAATCGTGCAAGTGACGGCCCGCTGCGTCAACCATGCTGTTTCGTGTCCCGATTAGATGAGATGTCGTGATTCTTCCCTTTATCCCTTCCCTGTGTTGTAACAGAGATGTCAAATAATGCTTCCTTAAATCAACCCTGATGGCTTACGGGGGTTAAAGCCTACACTGGCCAACCCCTTGCACGGCAGACGATCCACGAATTCTGGACATATGCAGCGCGAGTACCATTTTAATGAGCAGTGCGATTCAACTGTCTTGCAGGAACCGCATTGCCTTAAGCCCTCCGCTCAATGCGACCTTATCGTTCCCGCGCTCATCCCATAAGCATGATAGATTTTTCCCCAGGTGAGTCGCCTGTGTCTGAACCTCGGTTAGATCGTAGTTTGGGGTCTAATTCAGAAGCCGGCGTACCAGTAACTTCCACATGCTGCCGTGACCGCACTTGG,521,51.06,Drosophila melanogaster
SEQ_350006,GGGGCGGGAGGATTTCGTCCTCGTGGTAAAAGCCGCGGATATAGGTTTCGCGGTTTTTTCATAGGTGGCGTGTCATAAAGCAATACTTAGGGTTGTCTATCAATCAGACAATTGCTTAGAATTTGGCACTTGCTTGGCTGTCAAAACTATCAGGGTCGTGTCCCAGAAATAAGAGATCTCTTGCCACTTCGAAGCACG,198,46.97,Escherichia coli
SEQ_554486,TGGAGTTATAGCCGAAAACGTGGGGGAATACGAACGACGATGAGAATGATCGTTCCGTTAAAAATGCTGGTCTGCTAACGACTTATGCTACGTGCTACCGTCAGACGGCTGGATTGGTCGCGGGCTCAAAGCGTCTCAGCACCCCGCCCCTCGAGAACCCCATTGTTCTTAGAGACCCTCATGTGCTTCGATTACTAATGATGGGCACGATGATATTCCTTGATCTTGTTGAACAGGGCAGAAGCGGCTGATGTGAGCAAATTGTTATGACGGTTGAACCCAGGAATTGAATAGCTAAGTCCCCCACGACCAAGGCTCCAGGATCCTGGAGCCTACCAGTTCGGTCAGGCGCAAGCTGAACTACCGCCACGTGACACAGACGACAAGGACGAGAGGGACACGTTAACCCTTGATATAACCTACAAAGGTGGGGATACGGTTCATGTAATCGGACCCTTGGTTGATCAACCTCGACCAAAATGAGGAGTGCCCGGGTGATACACATTGTATGAAAGGACTTTCGCCGCTACTAGCGCCAATTCAAGTTCAGACGGAATACACCGTGAGGCCGTCCATGTTCCCGGACATATACCCAACTCTTCTCGTAGCCCGGAGGGTTGCCTACCTGAATGTTCGGTCGGCTCAGCCTAACGTCCATACAGATCACTGCGTGTCGTTTTGACCAATGGGAGAGACGCGTCCAGGTCTCTGGTTTTTTGTACACCGCGGTCAAAACAAATCGCGGGAGCCGTGTATACTACCATCGTGTAGCACATCGATCCCCAAGGCTCCCGCTATCAGATGTGACGTACCAAGCGTTGTTGCTGCCGACCTAATTCAGTCTAAGTTAATAGTCGAGCTAACTAGTCCGCCATAGGCTTTTTGACATTCAGCGTGCGATAGCACATTCCGTTTTTACAGATTTTGGAGAAGTCGCGTACCCATATGCCATTGGGAGAGATCCAAAGCCCGGCGAGGATTCTGCTACCGTGGACACGCTTCGATGAGTGCCTTATGGGAAAGTACCTCATGCGCCGCTGTGAAGAGATCGCCAAACGCTCATCTGTTGACCCTTATGCACTCTGCCACAGATCGAGGTAAATCCTGTAACTTTCCGCAACACCATATACTATTCGTCACCGCGGACCATATTCACCACAAGCTTGTAGAAGCTTAGCTACACCTGTATGTACTATATTGCACCCAAAGTGCAAAATCCTACCGTCTACGCCTCGGCGCCCCTAACAGGAGAATTTAGCCATTGGATTTCCCAAAAGGGGGGCCACCATAAACACGGGCATTTTTCAGCTAAACGACCAGATGCAGGCTTCCCAATCCCAGGCCCATGCTAGTTAGACGCGAATCTAGTAGGGTGGGGCTGGGGCGGGAGTATTTACTACTCCCGGGGTCAGAGAGACTCGAGGGTCGGTTTCGCAGAACCGCGTTACGCCCTAATGCAATCATAGGATAGATTAAACAAGCAGTTTCTGCTCGTGTAGCCATCAAGAATTGGTAAGCTTGCTAGTGGCCTTCAATCCTTATGCTGTCCAACTAGTACCGTTTCAGGTAACCCGAGACTTGGATATCCCCTCATGCTGACCCTTAAGGGAGCAGCGACTTAGGGTCGAGTGGCGCGGGCCACTTGAAGTACCCGTTTGTACTTGGCCCTAAAAAGACCTCTACAATCTTTGAGTCCTCGCAGTCCCTGTTTCGAAACCAAGGTCAGGCTACAGGTAAGCGGCTCGAACGGTCGTCTCCCACCGCTAGGCATTCGGGTGAGTATTTACGAATGAGTAAGTGTGGGCAGATTTGTATCTGAGTGTTCTCAATCTAGTAGAGCGACTTAAAGTGCGGGAAAAGTGGCCCAGTCCAGGGAGGCATAGCTATGACACTGAATCCACTGGGTTTCACCTCCATATAAATTGAGATTAATTGAGAACCTGAAGATAAGTGCGCGCGAAATATCT,1967,50.58,Saccharomyces cerevisiae
SEQ_116645,CTCGGTCAGTTATTCTTAATTAGCGTGCAAAGGTGGATCCGGACTGCCAGCATGAATCACCGGGTTCCGGTGCGCCTGTATGATCAAGGGTGACTTGCTCAAGAAGTCAT,110,50.91,Homo sapiens
SEQ_260021,AACAGCAAACCGTGATCAAGGTGTACGTCCGTGCCAGTGATTCCAGGAACGTGTATTTGATAGCAT,66,46.97,Caenorhabditis elegans
SEQ_838534,TCTGCCTGCTGGGACGTTTTGTCTTTCCTGAGAGTACACTGTGTACAGTGAGCTGCAGAGCTGGTTCTGATTGTTCAGTTTGGCTCCGACGTAACTCGAGAGGACTGTCCTCGCAACTGGGATCGGCGACATTCGCCCCGTTTGGGATCTATTGGGTCGCCGTTGCTCCCCGGCGCATGGGCCCAGCTGTAGATCTGTTTTCCGGCTTGCAGCCTGGTATATGAGAAACAAGAGTGCGACCCCCTACCTCACCTGCAACCACTCTAACGGTTTAACACGATCAACTTGTAGTGTTATAGACCTGGGAGGGAAGGTTACCGCCTTTGCATCATTATCCCCAAATTTGGAATAAGCATCAATAAACCGGGGGACACCCGGGCCGCTCGCTTCGGGAGTCGCGCGAAGTTTTTATGTGGTTCATTAACCCAATTACAGTACATTCGTTGAACACTTCGCATACTTAGTACCTGGGGAATACCAGGAGAGTTGCCTTTTGTCAATCACAGGTAACGGCCTCCTCGCCCTCTGTGGTGTAAGAACCCAAAATGTACGACAAGCCGAGGTTATAGGCGTTCTCGCACTATGCAAGTCAGGAACCTATAGTCAATTCAGATAAATGAGGCCTCGTATGAGCATATTGCTAGTAACTTCTAGGCAGACTTACGAATACAATTCTTTCATACGTATATCAACCCTCGCTTTTAACGTGTGGGGGCTCAGGTTGCGAAGCTAACATGTCTACCATTGACAACTTTTTCGTTTAGCGGGCTTCGCGGGACCGATCTGCTTCATAACAGGCGGCAAGACATTCCCTTGCATCTAAGGTTGGAGGTGGGCAGACGGCGTCCGAGGGTATTTTGGCCTACTTCGTAGAGGCTCTGTTCATGTGTAAATGATTGCCCCAGTCCGGTGTCTCCGGCAGGGAGGCCGACCCCTTTCAATAAGCCCGTGGATCTTCATGGGCTCGAGAGGTGGGTGGCTAGTTCCGCAGGAGTTCTAATAACAACATGAGGCAGATACAGACTATGCA,1030,50.68,Saccharomyces cerevisiae
SEQ_491052,GGACCCTATACGTGCGAGCCATGACATCTAGGAGTTAATATGTTTGACAAATTTGAGCGAATTATATTCCGTCAACTTTCAATCCACTCAGCAACCTACTCTCCAACCAGGTGCCGTGAGCACCGTAATTTGGCACTTTGCTATTGTATTCGGAAGTTTTCAAGGTCCTACTAGCGCTGGCTCTGTTTACATTATACGTTACACGGCCTTGGTCCCAGTACCCGTATAGAGTTAATAAGAAAGGTTCCATGGAGTGGAGTCCAGCTATACTTAAGTCATGCGCTCTTCTTTGTCCTTAACAAATTCCGAGATCTGTGCGCTATCATCTGTTTTATAAGTCAGGGGTCGAACATGACCTCTGTCCTACGCGGGTGGGTCTAGTAACACAGTAACCTTCCGTTCTTGAACCGCCCGCCGATCATTGCCGGCCATAAGGCAAAAAGGTGGGACGACACGGTGGTGAGGACGCCGGGTAATAGTGGCGGGTGTGCGCCCCTTCTACCGATTTCAGGAACTCGGCAAGGATAAAATTTCTCTATAAGTCACCAAGTACCATGCACTAAGACTAACCGATGCACGCTATGCCCAGACCCTCACTAGCTGCGAGACGGTACGAGTGAGATCACAGCGGTATCTATTGATTGATATTTAGACCGTTTGTTACACGATGCATTTATTATGAACCATAGGACGACGCCAAGTCAATCAACGTTCCTCTAGTCGTTGTGCTAGTTGCATAAATCCGGGAGTGGGATCGGTATTCGCACGAATATCTCGTTGCTTTTGCATT,790,47.22,Mus musculus
SEQ_978504,TGCTACAGGTGTTAGCAGCTCCTAATTACCAAGTATGAGATACGAGTGCGTCGGATATTTCAACTTAACTTTCGTTGCGTTTAGAACGCTCTCCCCGGTACTGAGCTAATACGTCAATTGCCTCCTCGGCTTGAATTGCTCTAGAAATCTTATGTGAGCGAATTCTACCCACGATTGACGGCCTATCCCCACGCCGTCGTACTGGGCTTACACGCTAGCCGGGGCGCAGCCGCACCACGGCCCTGTTTCAGCAAGTTTTGAATTGGGTGGAGGGCGGCACGTGCCCGCTCCTAAGAAACGGAGACAAATTCCAGCCAAAGTAGATC,326,51.84,Mus musculus
SEQ_149067,GGCCTACTGATATTTAAGCGCGCTTATTTATAGCAAGTGGTGTCAAGTCAGGCTAGCTGCGAGGACTGTCTGTGTGCACCGCCCGTACACCCCGCCGTAGCACCGGTTGCCACGCCACGCGCAGCGATCCGTGTGCTCAAGACTCACACCTACATCCATGATTCTACTTCTGCCCTTTGAGGTAAGCCCGAACGAGTCATGCGTGCCAATAAAGCATGCTGAGATGTCGAATGAAAGGATAGTCTGGTTGGAAGAAATACAGTATAATTTCAACCATGGTGATGGACACGGTACCAGCTGGCGAGAGTGGTGTGCGGAGATTAATGTAGAAGGCTAGAGTAGCGTAGTGTCCACGCAGTGGCGATGCTTTCGAACACTTCGCCATTTTTAATGTGTCAATGTCTGCATTCACGCGGCCGCGCCTATCGCAAATGGAGCCAGTACCAATCATATGCTCTACGCTAATCTTCAGCGTTAAATTACGGGGCAGGATAGACCGATATCTTGTTCCTGTCGGAAGGGCGAATTATATGATCGAACTTAGGCGAGGAGTGTTAATGCGTAAGCAACTTGGCGTACCGGAGCACGTCGGAGATTTCGCGCTCCAACTAGACTTTTTGGCCGGGTGGACTATCTGGGTAATACTGTCTCTTTATTTCTGGTCCATGAACGTGTCGTAATTGAGTAAGATGTCGGCGGGGGTTGGGATGTTGACACTATCTCTAAATGTGAATAGGCGCCAGGAAGAGTCATACCCCTAAGTGGACCGAAATTGAAGAAGTGAAAGCGCAACAACTGACGTCAGAGCTGGAAATAGACGTTACGTTTCCTTTAATATATCCCATCTATTGCCGGGCTACTTATCCTATGTCGTAGACCTTACGTGTATTAGTCATATACTAAAACTCGTGGGCCGTCGGACTGCGCGTTTTCTAGTCACCACTTCGTAAACGCGATTTACCCCAGAGCTCGGCGTTAAATTGTCTTAACAACTAGGCTGCACGTGGTTTAGTGTCACCTAGGACCGGCCAGGCCACGCGCAGCGCGCAAAATGCTGCAAACCCAAAAAACGATACTCGTCAAGTCAACATGTCCGACGCGAACTCGTCCGCGCTTCCCATGGTGGATCGTAGGCAGATGCTATTCTTTCACTCATTGCGGGCATTTCCACACCGTGCACCCTACAAATGCCGGAGACGTATTCGTTATCGCCGTGATCGAAGCGCAGCTTTATGTTTGATGACGACGGTCTTGCATCGCTCTATCAGGGATCAGCGAAACACGGGCAACTGTTAACTAATATATCCATAACCGTCGTAATTAGGTCAACTGTGATGGCGATAATGATTTCAGAGTAAGTTCGTGCCTCTGACACGAATGAAAGAAATCCTCAAAAAGCCTGACTAACAGTCATGGCCGAGACAGCGATGGTCGGAACCGGGGCTCGTGGTCGGCAAGAGGTGCCCTAAAACCGATAGAGGCATCATGGGGAGCTTCAGGCGCAACAAAAGGATTTTATGAGCTCGCCCGCGACTGGGCATATCCATCTCCATCACCAACCGGAGTCAAACTTTCGCCTTCAGTAGCGTATAGGTAAACCTGCTGTGTATTCCGCGCTTTAATTCTAAATTTTTGCCTTTGCTTTCCGTTCCAAGAAGATAGAATAATTCGTATAGCGATACGCTTTATCATGAGTCTCAAAAATGCTCACTAGGGCAAGTTCGATCTGGGGAGATATCC,1740,48.97,Caenorhabditis elegans
SEQ_924411,TGCGTACTATAATTCTTCCGTGGACCCTTTAGCGAGCTTCGTGGAGTGTCGTGCTGACGGTGCCCGCGGGGAATCCGCCGCACATATTAGGGGTTGGGCCACGAATCCCAGATCAACGCCTCTAACGCCTAGACCAACCCTTAGAACACACCAGCAGCCACGCCTGCTCTATAGATGGGGCCATTGCTGGAGTCTGGGCAGGTAAGTTGACTAGGAAACAAGTGCCCAAATCCCTGCCATGTCTACGCATTAAATCCGGCACTAGCCTGTGAAGCTATGTTTAGCGACGGATTTGGACTGGTAGTTCTTTCACTACCCAGCTGGTCGGTAAGTCAGTGCAAGGCCGCGTCACCTCGTTCGGTTTTATAGCAGGGGGCAACCTGAGCCGCTTCAAAGGAACCAGCTGAAGGTGTAAGGGAAATTCACACGCGTGTGGTCCTGTATAAGGTAGGTGGCAAAAGAAAGAAACCGGTCGCGGAGCACTTGGCTCTGCGAGCAGTGCCCACCCCCTGAAACCAACCTTTCCTTGAGAGTCAGTGGCCAGATGTATCTATCGTCATATTTAGTGGCCTCACGACGTACCGCCTGTTAGATAAGGCAACATGGGTAAGGTACGTAGATGCCACATCATGCCCCTTTCTACATTGTCTAACTCTGGTTTGATACGGAGATCCTGGGTGCGAGAGAAGGACAACATCCAATAATCACCTGAAAGCGGAGGCTCTTACTGAAGCCTATACGCGCGTTACGAATGAAAAGCGCTAGCTTGAATGCATTGTACTTCGCCAGGCGCATGGGCCGTAGTAGGTCCCGTGTAGCTCCCCGGAGTCCCTCATGCATTAGAGACACGAAACTGCTCGCAGCGCATTCCAGTCCTCGACCATGCGTGAAGTAGCCCGGGGCGGTTGACACATCTCTCGCCTTGTGCAGCGATGTTCGATATATTTATGTGAACTTACGACAGCTTGGAGGCAGTTAGCCATATTTTCTGTTCTTCAGGCAAGGCGGTTAGACCTGGCAGTGTCGGTCGGGGGCGTTAAGTCGAAACCTTATGGTAGGGAAGGCCGCACGCTTTTGGAAGAGCAGGATACGATCAACTATGTGATCCAAATTTTATTTCAAAGGGTCTATAGTCCTCATAGCATAGGCCTAAATAAGCGAGGCACAGACGTTACCTAACATAGGCAGGTCCGTCAACTAGATGAGCCGCTCCTGGGGTCTACTGGAATGGCAGTCCGATAAGCTAGATAAAAAGAATGCAACTTTACACTGCGATGAATTATAACGTAACATTCAAGCCGATCTCTAGATGTAATGCAGATCGGGTATATTCAATTGTATGGCGTACGTACGGTCAGTGTGGTCGTAGGATCATCACCTAAGTTACAATACATGGTCCACCGCAGTTCAAAGATGGCGAGCTTGAGGCTCGCCATGCTGCGGGCCCGACAAAAGGCGATGTCTCTCGCGGTCAGCGGGGAGCATAGCTTGTCCTAGCCAACCAGAACACCGTCTCGAGGCTAGCGATCCGACCAAACGCCCTCAACGGCTCCCGGAACTCAGTGGCGCGGCAAGATGGTCAGGAAGTAAAACGAAGGCCGCAAGCGGTTACCGTTAGAGCCCGATCAACATTCTGATATGTTTTACGT,1649,51.79,Escherichia coli
SEQ_799388,TTGCCGTTGACTACGCCACCTTGGCCATCGTGCATCTAATGAAAGCGCGAGAGCGCTTCCATGGTTGTGGCTCTTTATCGCCTCGTGCTTATGCCAGTCCGTCGACCCCGACGCCCGCATAGTAATCAAGGCACGCCCTGCCACCCCGGTAGATCCCCCCCGTTAGCTAATATCGGGGAAGGAGACACCCTGTTCAGTTTTGTCCAAATTTTTTGACTCCATTGGAGGCGCCCG,234,56.41,Homo sapiens
SEQ_935048,GGGAATTCCGGCAAGGCCTTGCACGAGCGACGCTCTTAAATAAGAATTATAGCATTTGAAAACCGACCTGAAAAAATAAAGAACTGAGAAGATGGGTTTCAAAGATTATCTGCTGCCCCGGGTAAGATCCAACCCCACACGGTTTGACGCTTGCTTAGGACGTCCCAACACGTATGTTAGAAACCCGAGATTCCTTAACGCCCCGATCTGTGCAACACAAATTCAATTTATTTTGCCACCACTGTGTGTGGTAACTGTTTACTCACTAACGGTCACAGTGGTCTGAATTTAAAGACTCCGGGCCACTGGGGGGCGAGTCCAAGGCTCAGCGATAACGAGGCCTCCAGACTTATCGGGCCCCGCTTATCACCCATGGGTCTGGGCCAGAATTCACTCTTGGCGGTCTTTATTATGTGTGGAGTACTATGTTAATGGTAGGTGCAATAATTAAGATCATCTTGAATGCACAGGGATCATTGTCCGCCTCTAGGCAAAACTATCGGGTAAGCTAAGCCGGCTTTCGGAGACCTTCAGTACATTTGGAATCTGACGTTCACACGACTCATTTGAGGGTAAATGGCAGGCACTGGTTCTGCACGAGCATTAAATAGACGAAAAACTCCAGGCCCGCTGCCTTCAATTGATTGTTACGATCAGCACCTTTCCCAATTGGGAGCCACCATGAGCATGCTACTTATGGCCAAATATACATATACGATGTATGTCTTCCCGAGGACTGCGAGTAGGGTAATTAAATCTTGTGCTGCGAATCAGTGTACTAAGTCAGGTACCACAACACTTGGCGTGACCCAAATGCGCACTGCTGCTCACGAGAATCTGTACATACTTCGGCTCCATGGTTTCCCACGTTGGGAGCCGCGTGTCCAGGGTGGGAATCCTTACGTACCTATTACTTCCGCTGTCCTGTGGGTATAGGGTCTCGAGTCTGATACAAAATACGGCTTACTAATAACGGCTTCATGTCGGATACCTGCCTGTGGTTGATCTACATCTAAGTTGACCTTCAAGTTGCACGGCCTGGCGAATCAAAGCTAGAATTTTAGTACGCTCTCCGTAATCTTTAAGAACCACTTATCCACCGGGACGATCGTAGGCTAATCTCTCGCCTGTTGATACGGCCCCACTTGCGAAGGTAGTACTGATCATCCTAACCTCGTTGTTCGGATCCGAGCCCAGTTCAGGATCTATGCCATGCCACGCTACCCGTGGTGGCATGTCAGCTGAGCGAAAGTTGCGGTGCCGCGCCTGACGTTATCAGGAACCAAGCAAGGCACGCTTTAGCTGGTTCTAATCATGTCGATGCTCGTTGGTCGGGCAATAATTGGAGGCGAGTAGCGCCAGGTGGAACCCCCGATGCACTGGAAGAATGCGGCGGTAGTCGCATATCAAATCCGTGTGGGGAGGATTGACAGTGACCGTAATGGCCTGTCATGTTGTTTGACACCCACATGGTCGTTCGCATAGTTAACGGGCGTTCAGTCTATCTATGTTAGTTTCAAAGTTGTAGGTTTTGTTTTAGCCGGCGAAACCACATAGAGTGACGACTATGCACAGCCAATCCATGGATTGGCTA,1594,49.06,Homo sapiens
SEQ_163623,CATTTCCCTGTTATGTGAGCACTCGTCATGAACACTTCCCGGATGGTGGAGTTCTCTAGTATCGTTGTTAGACTAATTCGGGTGGCCTTTGGTAGTCTCTCAAAAAGACTGAGCTATACGATATATCCCTAAAATTTATCCGGAGTTCGCCATCGCACTCACGGAACACTGTACTTTTGGTCGCAAGCCTTGTGAGACACTGTTGCAAATTGCAACGAACTGCTTTCGTACACCCTCTCCCAACTTACGTTATATCGTTTGCCTACCCGTAATTCGTATGCTAAAAACTCACGCGCAAGACTACCAAAAGGACATAAACGTTCAACGGAAAGCCTATGGGTAATTTGGTCGCGGCTTACACTGAAATCAGTGCGCGGAAGGGGCTATGGGGCGAATACCCACCATCTCTACGCCACCTTTTAGTCGCTGGCGCTTCTAACGCCGAGAGTGTCTTACCCAGATAGCGACCGGTGCAGTACGCTGCGGTATCTCGAATAGTATGTCATGACGGAACGTCCGCTGTTACAATACCGCGTCTAACATAATAGCCAGTAAATGAGTCTCTCCGTGAGT,573,47.99,Mus musculus
SEQ_889102,CATTACACACCCCAACGTAAGGCAATTCACCAAGCAACTCCCTGCGTGAATGGAAGGGAGCATATGGGGGTGAGGTGGCTAATTATAACTTTTCTGAAGGCGGCAATAGGCGTTACTCAAACTCATTGCATTCCACGTTCAGGCGAGTTTAAGGAACCCACGTGCTTAAAGTGGAGTCTTAGAGTAAGGCTAGTTCCCCTCTCCCGGTGCTGAACCGGCACGAACCTTTCGAATAATCACTTCCGTTCGGCAGCCCTCCCCTGGTGGAATTCCGATCCGTAGTTGCAAGACGCGATACTAACGCTGTGGGCCGCACCTCGATGGTGGCTGCTGAAGCAGGACGCCCCTGGCCGCTCACCTAACACGCGTACAAGATACGCCCCAGTCTAGCTAGCGTATGTTATAAGGCATGGAAGGGTCTGTGAAGTGGCGAGTGGAAACGCTTGATCAACTATCAGATGTTGCGAAGAAGCTTCCTTTCCCCATCTCGCGCTCTCCGCTCGCCAATGTAGCATAGCGCGCAAACTCGAGACACGAGTGTTTGCTGGTGAATCACTAAGATGGACAAGACAGCTGATCAACTGCCTGGTCTATCCTGGCGTGAAAAGCTTAATACCAGCTTACAGACCGTCCGCGAAGCCGTGGTTACAACCGAACGTGGTCC,664,52.86,Arabidopsis thaliana
SEQ_932673,CTTCACTTCACTGGACGTTAACCCCTATCCCCGCGGAACATCGCGGCGTTTTTAATTCCAAAACGATATTTGGCTTATGATACGACGCTTGCTACGAACTGTCTGCGTTCCAATTAAAGTGAATACACCCTAGAATAGTGCATACTCCCTAGTTGTCTTACATAAAATTGTACCGCTATAGGCTGACTCTGCATGTAGACTCGCAGTCGAGCCCGCATGCTCAGGTTAAGGCGTCTACTAGCGTTGATGCGTGCCGCGTTATATTCGGGCGCCCGGAGGGTCTATATATGGTACGATGGCCATCATAGCCTGAGCAGCAGAACAATTTAATTACTTTGAAATAGGGTTCGCTAACGCAAACTGACCCCGTCGTGACACGAACCTCCCGGGAACCCAAAATTCGATAATCGTGCACGTATTTCGTCCCAAAACCGCCCTCAGCACTATAAAGGGCAGAACAGTTACGAGGCGGGCGCTTTCCGATAGCCTCGTGGGGGAAGAAAGTCATACCATAACAGTTACCAGTGGGGTGGATACGGGTGAACCTACTCGTGTGATCCGCGAGTGTGACTGACGCCGCGGTAGGCTGCTTCAATAACTCGACGTGATCGGCGGACTAAATTGGGAGAGGCAGCCGCTTATTACGTGTTGAACCACGGCTGGTGCCCGGTGTGTAAAGGGAGATACATCGATGTTTACTTCCCCTCACATTGACACATACCTAATCGCGTCATGGTACATGCGCCCGTAGTCTTGCCCAAAGCTATGTGTTGCATCCCATGTACTAAGCACAGCGGACCAGCTGAAGATTGCGACGTGGAAGAGGCAAGGCGACCGGATAGATATCCTGAGTATGTGGCTTCTCTATGATCTCTACTACAAAAACGGGTACTAGAGCTACCCGAGTGGATTACAGGCCCCTCGCAGACTATAGAATGGACGCTCCCCTCGCTGAGGCTCGCGCGACACGCTAACTGCTGCTGCTTACCTCGTGCTCGATCTCGGCTTATGAAGCTTGGCGGCCGAGAGTTTAAGTAGGCGCGAAAGGTACGCGGGGGAGAGCTTAAGCCCGCAAGGACCTCCTAGGCTCACCACAGCCCCTAATCACACGCAAACGACCTGGATCTGCTCGCTTCACAAGCTCCTAACAAACCATTGAGATGTTGGAGCGTTCCAGGACTGCACCAACAAGCAAGGATTTAAGTCGTACGCATTAGAACTAAGTCCCCCAACTTACAGCCCACTCGTGCCCCGATACCGCTATTACTCTCCTGATCCCAGAGTATCTATGCTC,1294,51.78,Escherichia coli
SEQ_231647,GTGCTTTACATACTGGGCTGAGCCTTTGTCGGCGTGTTGCTCGCCTGGCTGGTAAGCGCCGCAACCAGCACTGCCCGTGGCTGAGACAGCTCCGGTGAAACACATCTCCGCCAAAGAGATTGGCTGGGTCAACAAAGCCGTTCAGAGACCCGGTGTTTCTCTTGTTCCTATCGACAATTAATCGGAGAGTAGGGACAAGGACTTGGGCTGCTGTCTCTGCATTAGGTGGCAATTATCTTCATTCCGAAACATAGGACGCTATAACCTTGTCAATAAAACCAAATGGACTACCTGAGGCGTGCGCAAGATGTTCAGTATTACACGAGTGTAGAGTTAAGCATTGTAAATGAGCAGACACGGCCGCGGATAATTGAGCATATACAGCCGTATGAACAGCTAGACAGTTGAGACGTCCCCGGCGGTCGCATTGCACCGTCTCAAAACCACGGCCCGGCCTTCATTTGGCCACAGCAACGCCCTTATCGCGCTCTCTTGCGTATTCACTTTAAGCAACGGACTATCCCGAGGCAGTAAGCGAGTAATTCGCTCATGCAAATTGACCGGCGGGTGGGCGTCGTCACGGAAAGTTGTCGTTAGCATACCGCACAATCAGCATAACGCCTTTGTCGTTCTGATATCCGGGGGCACTTTCTAAGATTCCTCCTGGTGCTGACAGTATCGTTCCCAGGACCATACGGCAGCTTCTTTACGCTTAATGGAGACTCGTAGTGAGATAGTTCGTAGGGACCCCAGACCCCGTAAAGCTACAAGTCATTACTTGCCTCGACCCTACCGCGGGCGTACTGCAGAAGTGTTTTCTTAATGGGTGCGGTAGCTGGACAGACCGATAGTACACGCGTCACCTAGAGTGGAGAGACTATGATCCGGGCTTTTTCTGCAGCAGATACCAACGAAACTAGTGATACTATCCAGGCCTCCATTCCGTTAGAACGGGGAAGACAACCAGCTTCCCTACGCCGTCAGCCAGATAGTTAAAAGGGCGGAACGGTTTCGGCATATCCAAACGAATTACTAGGATTGTCGATATGTCGCTCCGGATTCCGTAAGAGGACACGATGACTCTCCGCGAACCGTACCACGGATTTCATATCAAGCCGTCTACAACTCAAGGTCCCTCCTGCGTCTCAACCGCGTTCCTAACCTGCAGTTGCAGGGATGTACATACAGTAGACCTGAATGCAGTGTAGCTTATGGTGGGTACTGCCTACATTGTCTGTTTTGCAACGAGCCCGATCCCCAGAGTTGTACCGCTTTGGTACAAACGAGATCTAATTTGACTCATATGCTGGCTGACAGTGAGATTTTTGTTATAAAGCATCCGATGAGAAGTAATTGTCACCTGAGTCCGATGAACTTGTCATTCGGAAGCTTTTTTATCAAAGGGAGGGCACGCCTATGTAAGCCGACGGTCTAACAAGTGCCACGTAGGGATTCAGACAAAATTGATGAGACGGACATTGTCCGTTAATAAAAGACATTAACTAGGGAAATGTGATCGGAACGGATTAGACCTATCCGAGCTTTACCCCAAAGCCAAGTATATAATAAATTTAACGCCTCGCGTGTCAAAACAAACAAGGCACCGCCCGCTGCAGATGCCTCACA,1626,49.82,Drosophila melanogaster
SEQ_103744,ACGCTTCGTATAGCGCAGCCGATGGGCAGAAGCGGACAAACCGGTCGCATTCGGGGGCGAATTAGTTTTATGGGGATAGGATAAGGGAAACCCACATTGATGGTAAATTTCCACCCGATCCGGCTGCCTGCAAAACCTCCCGCACCTCCCTGTGCTTTTACTCGGTGGAAGCCGGGATCATGCATATCAGCACCGGGCCTTTGGCAAATTGTTCCGGCCGTGCGTAGGCAAAGTCCCTGATGGACTTCAATTCGCAACTTGTGGACTGATCCCAGAGGGTTGAAAAGTCCCAAGAGCAATAGGCTGACTCACCAGTTACTTGATAAGGAACTAGAACGTGTCTCGTATGACCAGAAGCGGTACATGATCGTTTGTAGCACGGCTTACGATCTGACCTTCCGATACAGTTAAGGATCCTGTGCCTTAGGATACATACGGGATCTGGTACGGGAATGACTCTATTCAGCCTCAGTATCTTCGCGTGGTCCTGCTTCGCCATGCTCGCAAGAGACAGCGTTTCAGAGGGGCGAAAGTGCGTGTCGCCAAAAACGAGGCAAAAGGTCTGTTGGTCGACAGGACTCGAAACGCACAGAGCTCCAGAAGTTTTTAATTGGTGCCCACGTAGGCACCGTCACACGCGGCTGGAAGGAGGGTTCGCGCAAGTAACACCAGCCCAAGGATCTGTGCTCCTGCCACAGCTAGTTAGCCCGGTACTTTTGGATAAGTAAAAAACTCTTGATCGGAGTTATAAAAATGGAGTGGCTGGGGTTATGTTTTATGGGCAAAAAGTTTACTATCCTTGATATTTGTCTATGGCACCATCTGGCGAACAGTGTGGTTTTCCCGACTGAATGAACAAGTCAAGATTCTTGGAGTTCACGCGTACAGTGTCATTCCGGACTGCGACATAAACGAAACGACC,922,50.54,Homo sapiens
SEQ_353523,AGAATGCAATCCTCGAGACGGAACAAGGATCACAGATTAATCCGACCCACAAGACACTACCAGTTAGGCCTTCCTAGACGCGCTATCTTGTCTTCACTCAGGGGGACCCTATCTCACGGCCACGCGTGCTGGCGATTACCTCGCACGGAAGACTACCCTAAGCCGCCCCTGATATTCTCTAGGCACAGTGGCATGCGCTCTGTCGATACTAATCTGACGCAAGTTCTAGAGCTAAGAGTCGCCGGAGGTCTCGGAGGTTTACGGGCGATGTGCGTGGGAGCTAGCAGCCTCGCGGCCAGGGATGCAGAGTTGAAATCAGCAAGGCCCCACGTGTCATATGCCTAGCTACCATCTGATATGCAGAGATGGGGATGGTATTCAAAGTGACCAGTTGATCAATAGCCGACCCGCCAGATGGCGAATCCGCTTGGTGCAACGATTGAGAGCGGGAGATTACTGGGTTCTGTTATGTGACCACACTCTATTTAGAATAACAGTTCATACGCATGCTAGAAGATTCCGGATCGTCTCAGGCTCAGCCGGGTTTAAAATGCATGGCGATTCTCAACTCACGACGCACGGTATGCTTAACACTAGGCATCATCTCGGGCTTTAAGTAAAGGCCCGGGTGGAGCGAATTGTCATCGAGACTACCTCCAGTCGACCAAGCAGTTCAGCAACGGGCCAGAGCGTCTCCGCCTTCTATTCTATGCCTAGCATACGAACGCATGTGGGGTTCAGGGCACCCGCAGTGGGCCTAAGAAGACAGCGTAGTTAGGTATGAACGTCAGATTCACCCGGAGCATCCGGGCTTCCTCAGGGCGAATTCACCTTATGAGCATGTCCAGACCGTCATAACGCGTTCGCGTAGATGTGCTGTATCCTTTACCGCACTTGCGCAACGATAAATTTAATTTGTGACCAACACCATAGATGGCAAAGGTGTATTTTCCACATGCACGATTATCACTAAGCGGTACTCTATTATATTA,992,51.51,Homo sapiens
SEQ_364553,CTTTCTCAGCGATCGCGAACTTCCGATCGCGGTTAGCTCGTGTAGGTGCTGTAAAATTTAGTTACGTGAAGTTTAGCTGTCACCGGCCGTTACAGTCCGGCACCATACCACTCTGGGAGCCGTGAACTTAAGCAGCCTCCAAAGCGAAGCAATCGTGTGGGAATCCATCGCGGATAGGGTCTCAGATGGGACGTTGCTGCTCTCGAACAAGGACATGTTAAGCATTATCTCTTTCCGACCTATTAGACCTTTTTCTGGGCTGATGAGGTTATAGTTAAGACGGGATACCAGTCGCGGCAGTAGAGGGACATTGGTCGCGTAGTATCAGTTAAGGCTGGTAGGGTTCAGATAAATAAGGACAATCTCGTGGACGGACATTCACCTCGACGGGGTCATAGTAGGCGATAGGGATGGAGTACTTGTGTATGGCTCCTCTAGCAACGTAATCTCCCGTGCTCCAACAAAAATTCCTGAATCGAAGGCCGGGTACTCGCTGCCCTCCGTTTCTTTTGGAAGATTGAGATTTTGCTAAAGCCTCGAATTAATTTGTCTAAAGGTGGCCCCTTTACAATTCCGCCAATCGCGGCCTATTCCTTCTGCCTGCTTGCTCAAGAAGTCAGAGATAATCCCAGTTTTTCACGATTTAGTGTCCAGGGGGGGTCGTTGGTATAATGGGGTGCGGACTGTTTCCGGTGAGCAATGCCCGGAGGGATCATTAAAGTGTCGCGTGTACAGCGGCCCGTGTCCCACAAGAGATCTAGTAGCTCTATGGCCGATTTTCATAGCTTTTTTGTCTTGCGGGCCGAATATGTCACGCGGGATGCATCCATTCCGCCGCCCTTTACGTGAACTCTTCCAAGTAGAAAGCTCACTAGATTGCGAAAGAATTTACACACCATTCGTGTCTAAGATGTATTCATCTCTTCTGGATGAGTTGGAACCCTAGGTGTTTAATAGCCTCTCGATCAGTCACTATGTCTTATGGTTAGATTAGATCGATTGTCTAAGAGGGATAAGTTACGGGTCACGGGTGCATTCGGGCTACATCTTAAAGCCACTGCCCGCCACTCTCCTACACCCCGCCTTTATCGCCGCCATCAGCTCTTCCATGGCGGAATAAGTTTGCGGACGAGGAACTCATCGGTATGGAGGTAGCTGCGTGCGGAACTCGGGAGAATTTGTTGCTCACCTTCTCCGTTCCGAAAAGGCGGTTGAGTAACGGTATAACCGTCCCTTTTAAGTCATGGACGGTGAGATCTGTAAAGGTTACTCAGCTTATATCCAACCCCAATATAG,1296,49.23,Arabidopsis thaliana
SEQ_217092,ATTTTTTATCTATTAATTAGCACGCCGCTAACTACTTAGCCCCACCAGCTAAACTCGTCACAAGGAGGAAGTATTCATTCACTAGCCTCATTTGCAGGATCCTTGTGGGTGTTACATTGCTTAACGTACTGCTTCCCCGTCGCACTCTATAGTATGACGTGGCTTGCTACTTAGACAAGTGGGAAACGGACCCCTTCGACAGCTGATGAGTGCAGACGCAAACGACTTCCTACAAAATGGAGCGCTTCAAATAAGATCCCTCAGGAAAGCAGTTCAAGTGTCATCTAAGTTCCCTTAGACAGCGGGCAAACTGACATTTGTTACGCTGTGACGTCACGTATATTCGACAGATGGCTGTACCGTCCAAGAAATGCCTATGCGCGCACCTGTCCGAAGCCCACATTCGGTGGATCGTCATTGTTTAGTGACCGTAATCTCGCGCCTCGAGGGATATAGAAAATAAGGGCGTGGCCGGAGTAATCCAGTATGGTGACCATAAGTACAAAATTCATGTAAAGTGAGTCAGGATCATCCTTTTTCATCGCCGAATAGGCATAGTACGTATCTCGATTAACAGTGTCCAATGAACCGCCTTCCCTCTGAAGATTCATGAAACCATGGCACACACTTCGCCGGCGCCTACAATACTGGCTGTATCGGGTCCTGCGTTAACACTCTTAGAGTCTACTTAGCTCGACCCCCGACTCCCCCTTTTGCATGCGGCTCCACCGACCTAATTGTACCGTTTGTACCGGAGAAAGGTCCCGACCAGTCTTCATTTCTTGCCATGTAAGCTGCTTATGTCCACTCGAATGCTCGTAAGTTGATGACAGTGAGCTAGCCTCAGGATCGTGGACCCTTCATAAAACCGTA,873,48.11,Drosophila melanogaster
SEQ_174948,GGGGTCGGTGGTCGTCTGTAGGCTAGCGAGAATCGTGCGGTTCGTGTCTTCTGGGACCGCTCCATATATCTCATATAGAAGACGACTCAGTATCACTGAGTGTTACATTTGGCAGCGACGGACAATCTCCCTCTAGCGTGACCTATACGTCGCTTCCTCCCTGCCCCCAGCGCTAGCTTATGGTGCCCAAGGCATTCCCATTACGAGAATATGATCAACCAGTGCCTATGACTTACTCGCCATTTGCCTGAATAAAAGCCATACTTCCCTGCGCATGTCATAGTGAGCTCGGAGTTTCATCACTAATATCCAGCCTTATGTCCGACGCATCCATAGATCAGTACCCCGCAGCTGAGTACCCGGTTGAATTCCTATCGTTAAGCCGTCTACCCCAAAAGATAGCACTATTACGTAAATGAATCAACCAACGG,431,49.88,Escherichia coli
SEQ_158502,TGCCAGCACATCGCCACTGGGCGCACAGCGGCCGCGACGCCGGGCTTAGCCAGATAGACGTTGGCATCTTACAAGAGATCGAAGCCGAGCGCACTTTCGCTATCAACGGGACCTCCGGTGAATATATTTGCTTTGAAGCAAGGGTACTAAGATCATCCTCCGCAGCCGAGTTTGAGTATCGTAAATAGAACCCCAATACTCTAATTTTGCAGGTCGTGCCGCTGGTCCAAGGAATTTGAAGCTCTCACGCGTTAGCCGCTAAGCTCGTCTGTTAGGTAGGGAGATCAGTCCGGGTATCGTTAAGGGCGAAATAGCTTTACAGCACGCTAGGAAATATGAGGCAACTCGATACCATTGAAGCACGCGGGATCCGTTAGTTTTGCCAAGTTTTTGTATCAGATTGTGACACCGGAACTAGAGCCCACAGTGGCCAGGTGTAGTGATACCGCGTCTTGTCTAAACTCCTAGTCATGGAGACTGGCCTACATTCCTATCTTGATGCATCCGGCTCTAGTCATCACTTCACAGTTCGACATGATCCATCATTAGGATCCCAGCGTCAGTTCAGAGCAGCCGGTCTGTCAACACTGTTAACCGCTTCTTACAGGATCCTACCTATAGTCGGTTCCACACCCACTCTGGGCTGACTGGTGCCGCAGGCATACGTATCACAAACTGGCCTAATGTGCTTGGCGTCATTCTACTTGGTGAAGCCGTCCGTTGCGAATATCCAAAAGACGTCAAGCTCTGTTAATAGTGCTGCAAGCACCTGGAGTCTCGGGCATTTTGTTCGTTAAGAACTTGGCTTTATCTGATAGAACCACACTTCTGCTCGCGCCGATTATTATTGACTGGTGCTCGGGAATGGACACAGGCCAATTATCTCATTGAATCGGCCAAGACAGGACTGAGATAGCTCAGTCGTCCCCAAGATAGTATAAATGACGACCAACTTGGAAGATCCACCGATTAGCGCCAGCGCCTCTGACATCCCGATATTCCCGGTTCGCAGGTCAATGAAACGGCCGAACCCCCTTAACATGCTGAAGGTTTTCACGATGTTAATAGCCGTGTAATTTACGAGGGCAATTCCAACGTAGACAAACTGTCCACTTGGCCGCCAATTCCCTTCGGCGGGGCGTTATATTGTACTATTGAGGATACCTACCCGTTACCGTTCCAGCACTCGACAGGAGGGAGGCCGATGTAAGCGGAGACTGCGGTGGGTCCACAAAACACGCACTAACCGGATGCTAGATGATCCTAAGACAGTTCATAAATAATCAGCTTATCATTCCCTCGGTTTGTAGTGACTTTCAACTAGAAGATTAATTCAACGTCGTTACATTGACCTATCTGACTATTATGGATTCGATTTCCATCACTTTGGCGCACAAACTACCTGAATTACGCCAAATTACATATGCACCACTACGGTACCCCAAGTACCGATCTCGCTTGGAAATTGGCCTAAAAGAGGCGTATCCGTCTCCCCCGTGGGTCGGTAGCATGGAACAGTTATTCGCAGGGCTCGCCGTTAAGTCGTGATAAAGACGAGGCGTTGGTTTCCTCTTTTCCTATGGCTGAGAGATCAAGGGGGTGGGTTGTAAACAGTAAGTCGGTTTCCAAACCATAAAAACTGGGATGATAGGTAACTGCCTGCCGGCTTTGCTCGTATTTGCGGATGACCACTGTTCCATGTACAAACAGGATAGTATTACCGGAGCTCATCTAACACAAGCAAAGACTCGACGCAGCCC,1760,49.32,Arabidopsis thaliana
SEQ_607499,CAAACAACCGACCCAATTTCCTGAACTAGTGCATTGATACATAACCAATAGACTTTTCCAACAATATAAGCACCGACACAGCTCCGTATTGGGTGTTACCAGAAGTATACCGACGCCTAGGCGCCGTTCAGTGGGTGCACGGTCGAGACAGTATCGGCGAACTGATCGGGGTACGATATCAGGGCGAAGGGCGGGGCCCATATAGTCGGAATGACCTCTTGAATCGCAGGGTGGAGGGTGAACTTAGTTGCTCGCCACATACTCATAGTGCAACATGAGAGCAAAGCCGCCATAACGTCCAAAATATCCCGGGCAGTGGGATCCGGGGAATACCGCTGGATCTTTTAGAAACACTTTAGCAGGGTCTCACATACTGTCCAACCGTCTCTCACATGACTGGATAGCACCATCTTTGAGCCGTACAATCCCGAAGAACGCCGTAGACAGACCGACCTCCATGGACAATAACGACCTACGGCTTTCGGGAACTCTTGATCAGGGTCAGACAAAAGGCATCGTAATACAAG,527,50.66,Escherichia coli
SEQ_575562,CGTCATCTGACGAGCTATGCCCGCTCTAGTATAGCTCGGAATCACTCAGATGAGGCCACATCAGGTACGAAACCACGAATGTGCTAAGGAACCAGCCTCGGGCTGGTCCAGGGGATGAAAGTGGTGTGCACAGGGTCTGAGTTAATCTACTGTTTTACTGAACCGCCACACTTTGATACTACGTGACAGGCGTGTATTGGCAAACCGACACCCCCAGGGTGCGGTTAGGTAGTAGGACTCCAGGAGACCCGACTTGAGGGATTTACACCCCTATTGATAGAGATCCAGACGTCTTTCGGAGCCGTGTTTGCATTTCAACCAGCAACGCACTTGGACGACCGGGGCCTACGATGGCCGGCGATGAAATATCTCATGAAGGAAGTTTTCGAGTATGCCGGAGACTAAAATATGTCGGCACGAGACAAACATCTCATACTCCCACACGATCCTCTAAAGTCAGAGCACCGATGAGGCGATGTTCACGTGTGCACTCCCGGTAACCGCTCAACACTAACTCCTGACCCATGAGATCGAGTGTCTAGACATTTGTTGGCTAAGTCAGTCGAAGGTACTCCCTATCCAATGTTGACCCAATGTTGCTCGCAGGCGATGGTCGAGTACCGATACGAACAACTACGCGGGAGCTAAGCATCGTATCAATTACTGAGAGTAAGACAGTAACATCTGCGAGGGACCAGTCACTGGACGCGACCTGGCCGATCATTCAACGTCTTGAGTCTCGCGCGATTGGCACGTTGACACACGCTCAGAATCATTGCTAAATCGCGGGTTACATACTTGACAAGCTCCGCAATGTGGTAGTAGAAAGATAACGAAACTGAACCAGACTTACTACTGCATCTCGACCACCAGTCATCAGTCCAAAGACTCGTCACCAGCCGTGACAATTGAGCTTTATGCGGCATGGGGTTCCAAAGAGTTTACGGCGCAAGCAGGTCCACTGAGTAGTGGTCACCAATTGAGTAGAACGCCTATACGCACGAGCCCGCCAGGTAACTGATCGCGTAGAGGCTCGGTCTCACATGCCTTCCGCGGGGGACCATACAGACGCTCTTCAGTCGCAGCTTTTCAATAGACAAGGTAATGCCTGTTACTTACAATCCGACCACAATGCGAAGCGCATTTTTATACCTCATGAGGTCGGTGAGTTCCCAGACTCATGAGTTCTACGCCACGCCCGCACGGAGAGCTGTTTACATAGCGTCCTCCACCCGAGAATTCAGTACGATGACCCAATGTGGAGGGCACTCTCCATCTGCCCGAAGGTCTTCAAGATTGTGAGTTTATTCAAGATTATGGAGTGCGCCAGTCTTAGTCAGGCCTAATGTGCAGGTTGAGTCCAGTGTAGTATTAAGCACAAGATCCTGGTCCGACACTGAGAATGATAATTGGTCCATTAGGTCGGACCCAAGCTAAATCCCAACAGTTGTCTGCGCCTGGCCTGCCCTACAAAGCCTACCTCGGGTAATTAGCGAGAAGTCCTGCCAAGCTATATTCTGCGAATAAAGTGCGATCGCCCGAGGATGCGGCGGGCGGGTTGCCTCGCAATATGAAGAAGAAGTAAACTGTCTAACCGATCCATTGGCCAGCATAATCCCCCCGATGGAGTACTGCGCACGGACGGCTTTGTGTGTATGCAGATTCCGGCACGCCGCGGATGGGTCTGTCCTCCTCATGATTCTGCAACGTATCTAGGGGAGAGAAACTATAGCACTACACAAGTCCTCTCCATGCGGACTGACAGTTGACGATGACCAACAACTTTTCGCTTAATA,1796,51.28,Arabidopsis thaliana
SEQ_633223,GTAGCTAAAGATGTGGATGCGGCGTAGCTAAAGGGATAATTCAGAGAGGAGCGAGAATAAGAGTCTTAAGAATGTTAGTTCCTATGCCACGAGGCGATAGTAAGGCTATCGGTGATCTGAGAGCTTGTGGGGCTTGTGCAACGTTGCCAACTCTCTTACGTGGGGGCTTATTATGAGTGCCCCTAGACACGCGTAAACGTAGATTACATGATTATCTAGGAAGCCTGACTGTGTGCGGACCTCTGTGCCATTTGCGAAAATGATCCGGTGAAAAGTTCTTGCTTACCAGCTAATTAGAATAGACGCGTCCCGAAAATCATACAATGCACAGCTCTTCAGTTCGTGGCATCACCTCGTCCAAGCCCAGCGTGCGCGGATTCGATGGGCTGGTAGGAGGGACACTTTCTCAAAGTGGAAGTAGATCGCACAGACTCAAGGTCGACCCTCCAGAGACAAGGTGCCCTAGTCTTGCACGTCACTGATCACTCATAAATAGTGCCTTTCGTGTCAGTGGGTGCGCCAACTTCGCCGGCGAGCTGTGAATCTCCTACGAGGCGTTGACAGTGGCACTAGTCGCCAGAGCGCCAGTACGGTTAGGCGTGAGCACCCTAGCAAGCTGCTCGGCCTAGAAGTTCCCTCGAAAA,644,51.4,Drosophila melanogaster
SEQ_414630,TTGAATGACCCTTAACCGCGAGGGAGCCTCTTGTGGGCCGAAATAGAGCTAGAAAATCAAGCGTATAGTATCACGAGTAGTGTTCATAATTCGAATTCAGAGGGAATCTCTTACCACTTTATCCTTCTCAGTATATGAGCACTTCTCAGTTACGCAGTAAGAACATCATAAGTTAAGTAATCTGAATCGACCCAGGGTAAGGACAGCATGCGCTCCTCATCCTGACGTCCGGATATCTTGACAGCTACCGACAAGCTCTCACTTATACGTAGTATTAACTTACCAGCGCCGCACCTTCAACTGCTCGAAAGGACTGGGTCGACTGCACGCAGACGGGCTTCGCGCTGCGATCGCGATCGGACGGGACGTAGGAATACCGTCCCCTGCTCTTGTGCGCTACATTACGCGCCTCTGATCAAGCGGCGAGTACCTTTTGAGTGTTATAGTAAAGTTTCCTCCTTTCTTAAATTTCGTCATCGCAGGTGCGCGTCTAGGGTGATATTGTTACACTCTATTTGCCGAGCTCCACCGTCGCTAGTGTGCAACTTCCGGCGACCCCGGTCAAGGATATCTTGATAGAGCAGACTGGTGATCCTCCGATTGAGCCGTGAAAAGTAAGGTTAAGTGGCGTACATACTATTCTGCGACTGTCTCTCCGATTACGAAGTAATGAGCTATTGCAGCACATTGAATATCTCCGTCACGTCGTCACTCGAGCCGAAATCGAGTGTCTATATCGACAGTAGCGAGACACTCGCCACTTGACGAGAGAGTTCGTACGGCACCTCTGTTCTCAAAGCTCCTATCTCTATAAGTTAAGAGACTTTAAGCGGACCAGCCCGGCGCCCCAGAAAGCGGTTAAATTACCGCGTGGTACATCGTAGTCACTCCTCGGGCACCGACCGTTCACCTGCCTACAAACGGTTGGTACGCTGTGTAACCAACTAAAAAAAAAGAAACTAATGACCTGTGCACAGATGGCGGCACGAAACGTTTAAGATGTCAGCACACAGACGCTGTGTGCGATTGGAAGTGGCCAATGTCGTCTCGGTTCGCGGATTTTGGAGACCGCCCAGGAAGGTATTTGTTCAGATAAGAGCTCTCATGCCCCCACGCCGGCAAGTACAGCCGGGCCATATGGAGCTAACTAGGCTTGCGTGTAGCCATCATTAGACATTCTAAACACAAATGTAATGTCATAGCGTCCCCAATGCACTGCTTCGGGTCCCAAATTAGGTCAGACCACGCTCGCTGATCCAGGCGTCGACAAGCATCTAGGCCCACACATCTACTTCCTACAACATAAACGAGTATAAGGCTCATGAAATAAGCAATTAAGGAAAGTACGAAGCAATATAACCGTCGAAGCAGAGAAGTGAGAAGGGGACATCGCGGATTGTAAAGTGTTTTGAATTGAGCTGCTACCGACGTTTCGTCTTTACCGTTGTTCCTCGAATCTGCAACCCCCAGGCCGGCGGGGCCTTGTTTAATCAAGAACAGGACTTTTCGTACCCCACCAGTACATGATGCTACATCCCAGTTAATCCCTGCCTCTACAGGCAGTGCTGCCTGGGTGTGTTAGAAGACACGTTAGCTAAGGACCGCAACAACAGAGCATCATAGAAATGGAGATGCCACTAGCATGCGTCTATAGAGAGCACGGAAGCCGATGACAACCCAGGTAGTGGCGCCTGAGGTCATTGCTGACCTGTATGAGAGAAGAGATCCGCCATAAATGCAATTTTCTATCCGACCGCAAGATTGTTTT,1768,49.32,Arabidopsis thaliana
SEQ_706061,CGTCATGGTCATGCTCTGGGCGATGCAACATAGTTAGCCTGAAGATCGGTTGATACGAAAGCACTCCTCTTCTTTGAGCGGGACCCTAATTGAACCCCTAGTCGATGAAACCACGTACAGTTTCGCCCGAGACTAACTCCGAGTTTGTTTCGAAGGCCGTCAATCGAAGAGACAAGCCCTAGGCCGCACATCACGTGGGCAGGCTCCTTGGTGCTTCATAGGTACACGTTCTTCGGAAATTGCTGACTTGTAGGACAGCCAAATGAGCGAAGTTATCTGAGACTAATTTGCTTCCCTGCGGTTGAGCGAGTCGACCGTCGAATATATTCAGTTTTGTTTAGGCTGTCTTCCCCCTAGTGGCAGGACACGACAGCAGCAATAAGAATAACCGGGTATCCTAGAACCATTAGTAATTGATACCACCCTTTCAGCGTACTTCGAGCAGTAACAGACCCTACAATGCATTATCTCAATGGTCTAACCGCGCCCTTACGGGTCTGGACATCCATTACGAGGTGTAGATTAGCCTTCGTGTGTATGTGCGGCTTATTGGATCACGCGCGATAAGTCTATCATTCTAACCAGCTATGCATATGAAAAATACCTTAAAGGTGGAACTACACGCCTTATTTGCGGCCAACTATCTCGTTAAAACGGCCGATGTCCAACCCTCATGCAGTTAGGGTAATAAAAGGCTCACGCAGCCCCGGCATCGAGCTCCACCCACGTCGTGGGACTAGGATACCTAACATCCGCCTACGGGCGCCAGGCGACACCTGCACTTAAGACGAATCTGTTCAATACAATGTAAGGCCTTGACCCCAGCAATGCGCGCTGTCTACACTGGACGATACCGCTCATAGGGCGGCCTAATACAATGTAAAGGCCTTCGGACACCCTTGCTCAAGCCTGAAGCCCACCAATGTCCTGTCCCAGGTCTAGCGCTCGGGAGTAAATTAACGTCCGCGTCGGGCCGGCGCCCTCTCATTCTTTGCACGAGCCCGTTTAGGTTATCTGCCCGTAATTTTAACACCCATGTCTACGCGTAACACTTCGTCCTAGAAATGACGTCTACTATAACCCCGTCTAGTGTCTGGTTAACGGTAAACGTTGTCGGAGGATTCTAGGCCGATGGTCTGCGCTTATCACTCCCAAATGGGCACTGCCGTATGAGCTTCAGCCGGTCACCTACAAGTTTGAAAGGTGTAGGTACAACCAATGCCCTCTCGCCGGAGTTTCCTCGGTACGCGAGATGTATCGATTTGCCGTCCCTCGCCCGTCGCTAGGGAGACTTCACAGGATTTTCTGACACCAATCCTTTGCTTCACGTGGCCCTATAGGTACAGCGGAGATCAGAGTGCAATAGGGGTTGTGGTAGACAATCCGCATTTGACTGAGCTGGCAGAACATGCACTAAGCGCATTGGAAAATGGTCTTTTGCAGCCAGAGGGTCTGGACGAAAAGTACCACAAAGGGTATTCTTACCTAACTTGCACTCGGCGATTGAAAACACACAAAATTCGCTCCGAGTGTTCGTCTGTAGAGGCCAACAGTGCTGTGCTTGCTTCGACAAGGGGGCATGGGTAGCAGTACAACGCTGATCTTTTTAACGGTGGGGGGGTATGTATTATAATAATGCGCGCATGGCGCACAGAATCGGCAGGCAACACCCTCATATCAGCCGGGTCCCTCAAAGTAACAGGTTATAGTTGCTGTCATAGGAAAGGATATCCGGAGGACTAATGACACAGGAATCTCGATTCCCTAGAAGTATGTATGAAGCTATAATATCCGATCAGAGCG,1803,50.31,Arabidopsis thaliana
SEQ_451239,ATAAGTGTCACAAACTGCTTATTTGGGGCCTCGTAGTGATTGCGTTCGGTGCGTTAAAAGAACGGGGCAAGATAACTTCGAAAAACTGAGAGCCGAAGGGACATATCAATCTGATCCGAGGCGGGACATTATTAGTGCGGTGTGCTAATAGAGTAGAACGTGTGTGTAACCGACCGTGAAGCCGCCGGGAATTGGTTGCACTGCATTATACTCGAAACATCTCACCGGAGCGGGTGAACGCAAATGGCGAGCCAAATTCGTCGCGGATCCACGCAAAGTTCCGAACCTAGTGCTTTACTGTCAGCTCATATCAGAGGATCAAGATCGTTAAAGCGTTGCCCTTTTCGCTGATAGGGATATATTAGCCGACGTCATCGGCGGTGCAGGCAGCAAGTAAGACCGTGCGCTCAATCGTCCACAAGCGAGGTGTGTATCAAATGTGTAGCTGGTCCGTGTTAACAGCGATTAGCTTCGCAACTGTGTACTCCTTTCCGATCGCTTTACAGTTGTCTTACGAAACCGCGGAGTGGTCCCTACATAACAATTCCGTGCTGTGGCGTTTAGGCCGCAGGGAGTACTGTGAGAACGGATATACCGGCTAAAGTAGAACGTGTTTGGGATGTCGATAGTCTTAGGGGGACCATTTGGGCATTGATCTGCCCAGTCCGTCGTAACAGGCAACACATAAAGACCGCGAGGACCAGGCGTAATCAACTGTATTCGACCACATAAAACCGTAGAAACTGGACTAGGCGTACGATAGTCCGACAAGCGGCTGTTTTTGAATGCATCAAATTGCGGACCATGACTCGCCAGTTGTTATTACGACCGTAAAAACTCGACATAGCTGGGGACTGTAGACCGATAATGGAGATGGGCGCCTTAACGGTCTGAACCCGTTACTTAGGTTGATACATGGCGATGTGAGTATAAAGATCGGACTGTGACGATCTTCACTCTCTCCGGTTAACGGGGGTCAAAGTACACCAGCGCCAAGGGATATTCTACTCAATCAAAGACTGACTAGGCCTAGATCAGATAATAGTTAAAGGGGGGTTTACTCAGGCAAGATTACATTAATATTGAGAAGACGGTTAGCACAGTGGGCTGACAGCCGCGGGCTTCCATGCCCAGCTGTCGATTGCGAGAATAGTGACTATTGGGTGTTTAGGAATATCACACGCGATAACTTCCTTCCCCAAGAAACGCC,1210,49.01,Homo sapiens
SEQ_729540,CTGGTTACTTAAACCTTCCTGGGTGGCCCTCACCAACAATTAGCCCCTTGATATTCGCGATGTTCGGCAGGACTTGAATCCGTGATTTCCGGCTATCATCTAGTTAGAACGTAATTGATATCCACCTTCTATAGACCTTTGCGCCATGGATTCAGGCGGGCTGTGATCTTTCACAGCGACCAAGTAAACCATAAAACCACGTTTTACGAAATCACGTGGGTCGATAATGTGGGGTGGAATACTTACCGTCAGCCAGCCTGTGCAGACTGGACAGGCTTGCATTCAGAAAAAGTACTTGGCGCTAGCGAACGCGAATGCGGGGACAGTGCAAAAACTGAACAGTCGTTGGCCCGCCGAAATAGACGCGGGCACTCGGCTTGCCGTGATCTCAAGTCTTACCCAACTCAGCGGTTCGTATGACGCCCTCAAGCCGGCGACATACCGATCGCTCTCGCGGGTATACACCTGGACGTCAACTGGCTCGGTTAGCACCCTTTCTAATTAAGCCTCAGAGACTACAGTACTCACTATCAGACCATTGGGCTGGGTCTAGAAATCAACCGATGCTTTAGAACGCGGGTATCCCCCTCTGGATATGGTAAATAGAAGTTACTAGCTTACATGCGACGACGATTATACCTATTGGCACCGGAACCGTTAGAGACTGCCCATAATATCACGGACGGCCTCGCCGGGCGCACATCTAGTGACTTATTAGGCTCTCTCTGGTGGAGTTCACAACGCCTGCCGATCCTATCCTGTTGGGCGACCCGGGGCATGCTAAAGAGGCCGTTACATATGCGCCGGTACTTTTGTATACCCTTCATCCTCTTTATGGTGCTTATTATCATGTCTTGATATATAATCCTCATGAGATTAGTGGTAAGCGTGTCCAAAAAACCTGTGACAGCAGGCGGGAAAGGGAATATGTTCTAAACCGCGTACTTGGGGAACTAGGGAAGTCGTGCATCATTGCGATATTGAGACTTGCTCTTATTGGGTAAGCGGTTCGGCAGGATGGGAGACACGCACTTCTATTTGCTCAGTCGCCTCTCCATTTTCAAATGTCCTCTCGTCAATTGAAGTGGCGCCAAAAAGGTCCCATGTACGAAAAGCTTGAAATTGTATCGATATTCTGACGTGTGTGTTTAGCGGGACTCGTCTACTGGATGGGGGGTCTCCTAAAGAGCGCAGCTCCGGGGACGGTGCACAAGTAAGACCTCTGTAGCAAGTATCCCTCGCTTCGCACGCTGTATGCGCACTAGAGGTTTCAGGACTCGTGACCCCTAGCTAG,1294,50.31,Escherichia coli
SEQ_581651,GTACCCAGTCGAGCTATACTCACGCCGATCCGGAAGCTCGCCTACATCAACTGAGCGACCTCTGCGCATATATCGAAGTCCGCGCAAGGTCTGTTCAGCAGAGTCCGAGGCTCCGGAGGGGCAGGGGCTGCACGAGTTTACGCTGAGTCTATAGGAGTCTCAGATTCTTTCCATTTAGAGCGGGACTCGATCCAAACTTGTCCACTACACCTGGCCAAGTACGAACAAGCTACCCACCTTCAGTGGACATACGTCCCCAGGTGGCGGAGTGGGACTTCGAAGCCCGAAAAGATAAGGTGCTTAAGACCCTGTCAGCCTTTTCTAGGATACACAGGTGTTACGTGGAACATCGGTCCACTGATAATGATAACCCTCCCTTCTTATTTCAATATGTGATGGCGCTAAATTCCAGTGGCCCGGTCAACAGAGAAGAGTAACCGCACCGGTTTCAATTGTAGGTCTGTATAGCCGAGGTACGACAATTTCGCTCCTTACACTACGTAGATGAATTTCCTGTAGTATGGCAAATTTGGCAAATATCGGCGGCGGCCGACATGCGCCGCTCGACAGCATGTACGGCGTGTGTTATTTCTATAGAATAAATCCCGCGCCTCCGCAGCGCCAGATCTTTTCAGACCACTCACCAGGACGAACGATGCTCCTAGCAGACGATGTGATCCGGGCTATCGTGAAGAAGGTACCAATGGCAAGATGTGGTTTACGGAGGCGTGGTCGAATAACGCAGGAGCACTGCCGTTCGTTCATAGCGTCCTAATGTGCTTCTTTAAAGGCTAAGCACCCCATAGGCGAGAGGTCACGGGGGATGTTAGTTAACGTTTTTGCCTATTACAAGTCACCGCTTACGTCGGGCACCCCATTTAGTCTTAAATCTGTCGCTTATTGGTTTACCGGGACGGTGGGTCCGGAACAGGCTGATGAGCTGTTTCTCGGCGTAGATTCTCACACATTTCGGTGAGAGAGTGATCAGGAAATTTCTTTCTAAACCCAGGCAACGGTATGTAACGCGTAACACCGCTGCAGAATGCGCGGGTAAGACGATTTCGATGGGTATTTCAGATATTTGTATAACTTTATGAAATGAGGGTGTACTCAATCAAATATGACGCTAGAGCACAGAGTTCAGACGAGAGTGTACGACATTTTGTGCTGTGTGCAATTCTCGCATAACAAAAAAGTTAGCAATAGGGGGTTACGATGCGAGCAAGAATGGGATGATAGATGTCCCGATGCCGAGCCGGTACGAAGACGTGCAAGTACTCGTACGTAAGCTCACCCTTTAAGCTGACGTCCTATAATTCGCCTAAAGCTGAGATCTCATGGCTATAGCTGCAATAAGGAACGGGGTTCGGGTATTTTGGGTTCTCAACTCTAAACTTTTATCAAATTATATAATCACACAAACTCTACTAAGGACGGGCTGTTCTGCCGAAAGTTTGCACAGCACAATTATCCTTCAAGTGCCGCAGTACAGCCCGACCTGGTCCGAATACCGTCCCTCACGCTCAGTGTGGCTCGCTAGGGAGCTCGTGCCAGGTAACTTTCTTTCGCAATTCACGCCGTCAGAGTGCTTGAAGATTAGATAATACGCAGATTCTTTGCTCTTCTTTGCACAGTAGTTGCAGTCGACGTCCATGGTGCGCCAAACAAGCCAGGTTGAGTAGTCTAGTTTAACGCGGTGTAAACAATAACCCCAATATATACTGTGTTTCAGAGCCCCTCGGCGCATCTACGGTGTCTAAATCGAGAGTTGTCGACATGTAAGAACGGTGTCCGACACTAGAGCTCAGGCGTAATGGGCCCTTTATACCTCATCATGGACGACTTTTAGAATACAGACTGGATTAATACCAAAGGAA,1877,48.85,Arabidopsis thaliana
SEQ_986860,CGTCGGACCCGGAACTTATGGAAACACGGGAATCCTATTTAACATAGGAAATCCTTAGCCATGATATACGGTATTACTAGATGTACCCGTGTTAAAAATGTGAAATAGTCAGGAAACATAGCGGGAAAGCCTCTTGTTGAAGCCCTCGAGCCCAAAAATCGGTGTCGTGTCCGGCACGCGCGGGGCACGGCGTTTGTATTATATCATGGGAGTATTACCGTCTCTTTTTCATCGCAAAGAACATTACAAAACCATCGTATCCGGTTCCCGCGCCGTCCTAACCTATCGAACAAGGGCAGCCTCAGGAGCCATTCTACTCTGAACGAACCACCTACAGATTTGTATTGAGTAGAAGACCTGGACCCGTGGACCCTAGTAACTCAAGTTAATCGTGAGAGACGTTGACGGCAGCCTTGACTCTAACTGCTTGCTATGGGCCTCACCTAGCACTCGGCATGCAACCGACACTCTCTATTGCTTCCC,483,48.86,Saccharomyces cerevisiae
SEQ_324500,ATTGCGTATCACTCAACAGTCGAAAATGATGCAGCATCTGATCATTTGCCGCCTTACACGTGAAGTTGGTGTTCTCCTCAAGCTGGCAGACTTTATATGACCCTGAGGGGCGCTAACTCGAACGAACAGGCGATTTTCATCCTTTGGGCCGTCAACCACGGAACTGCACAACTATAACTGCTGGACAACATTCTTCGTTCTCTCCGCCATCTCGCACTCCTCGCCTGGCCAGGATTTTCGTAATGTCCAGCCGCAGGCTACGGCATGGGTCTGGGAGGACCAGTGAACGGGGCGTCTCTTAGACCGATATAGGTCTGCAAAACGGCTAACGGGTAATTGACGGAGCCAGTTCTGGTGCGCCTATCGGCTTGCTACGGGCCTATTCTATGTTGGGGGGGCCGACCCGAACGTAATCTGTACGATTTTCATATCCTCTCCAATTCTTCCCCTGGGAGAGAAGCATGCGCGATCGGCAGGCAATTATGAACCGGGTAGATATTGATGAGCTACTGGTTCATCCGCCGCCTCAATGGGTGCGGTAGAGAAACGGAAGAATGTCTCCGTTTGGATCATTGAGGAAAAGTGGGGGCTGTTAATGCCAAGTCAAATTTTGAGCTTAGTAAGGTCTACTTTAAGCAAAGGTCTGTACACTGGTCGCGTATGCCTGGTTGCTAAAAGCTTTCTATACTGTTCACGATTAGAACCGCGGATACAGTAGAAGATAGCTCCTGGTGGAGTGAGCGATCCCCGACTGGCAGGGTTGCTGAAGATAAATCCCAACCAGTGGTGCCGCCTGACCGGCCTACATAGACTGGCGATAGTAGATGTAATAGGCAGCCAGAACCGCTTGGGGTGGAGGGGGCGAATACTGTGAAGTTAGGCATCTTACTCCCCTTACGTTCTATAATCGACGCGATTTCGACATGCCTGCGAGACGCATAGCTAATCTACGTAGGTCCCGCCAGGCTAACCCAATTTCTTAGTACCCGAAGATCGCGAGATCTAGCTACGTGAAGATGGCAGTCGTCTCACCAAGATGACGGGTAAACCAGGGTACACACAACGGTATACTGTCTGAGGAAGGCTAGAGAGCGCTCTGTCACAGCAAGAGCGCTCACCACCTCTATTGCCGATAGTGTGATTCACCACAAAGCCATATGAGGTCTTATGCGAAATGTGTTACTAACCCGCTAGTTGTGGTACGGTTTAGAGATTGGGCGGGTGATCCATACCTGTAGGATTCATCATAGTAACCATTTTGCGACGCCCATTGCCGCAGAAGTCTCATAGGAGTCCGGCGCTCATTTAACCACGTGGGAGCTTTTTACACATCGTCGTCATGCTTATGACAACCTAAAGTTAACTAGCCTAGTTGTAATCACTATGCCCATTTAATTCGCGTAATGAATCCCCGTTAGCCTGCGCCGACAGAATCAAGTAAAGCATCGAGTAGAACTTCATCACCGGGCGAAGACACCTAGGTCAGCCTGGCCCATCATCAGATGGCTCCGACCTATCTACGCGCCGCGTGCATCGAGTACCAAGAAGGACGAGTTGATAACCGAACCCAGAAATTTATCATGAATTGAGGATTTCCACGTTTATGGCTCTACGACGTTACTGGCGAGGGTATAGTTAATTACTCTTAGCCTATTACATCTACTGTCCTCTATAGGTCGCCCTATAACGGCCAACATTCGCTATCACGGTAACGACGTTATCTTAAGGACCATGACGGGGCACTGTCGCTTTAGTCTTCCTGAGAGGGGGCGTTTCTAATCCCCCTGTGCAGCGAGATTGCGGTCGCTGATTCCA,1815,50.25,Saccharomyces cerevisiae
SEQ_880905,CTACGTACTGTGCTGGAAAATTTCCACACGTACGTGGGCCGGGAAAAAATCACCGCAGTCAGCCTTTGGTGGGACGAAACCGAAGGCAGACCGGGCTGGTTACGACACACCCGGTTGGCCGCCCTGCGGAGTGCGGTCGATTTTATCCCAAGGCAGAAACAGCTGCCGCGTACCCGCGCGATATGGTTCTACTAACATGACCTCTTTCAA,210,56.19,Saccharomyces cerevisiae
SEQ_959667,GCAAAGGCCCACGGCTACACTTGCGAGCTTTGAGGGGTTGTCTCCCGTGTCGTCTGGATCCCTCGCCTTTAGTTCGAGCTCACAAAACGCGTGCCTCGCAAGTGGCGCCGAAACTAGATATGTGTACCAGTCAGACGGACGAGGCGGGTTAAGTCTGGGGGCCGAACGGTGTCTTCGACTAGATTTACCGGAGCGCCGAGATATATTTTACAAACGACAATAGCGATAAAGAGTAGAAGTGGAAGCCTTACGACCAAAGGTCACCGGTCATGGGATTCTTAAGATCGTACTCTATGGGCTCGACGAAAGCTCCTCCGCGGCATGCCCCTTCACCTATTCCCTGCGAAGGCTCAGAGAGCCCTTCTTCCGGGAGGGAAAACGCGTGTGC,388,54.9,Homo sapiens
SEQ_840096,ACCTGGATGATAGAATTCACCTTTTGCGCGAGTGAGATAACGATCTCTAACCGTGGTTAACTATATCGAGTGATAAATAGAGAATGCTGTCTCTATTTGGAATGATGTTTTCAACCGGAAGTGGGGACTATTCAAAAAGCCTTCGGTCGTAGTCCGTTGGACGGGCATTTGTTCGTAGGGGCTAGGAATATCACCCCACTCAACAGTTCACGCTTGAAGTGAAAAACCCTGGCACGTCGTACTAAGGATCTAACGTTATGATGCCCGCCAAATCCCACGCGGGGCCTGTCCAAATTAAGGCAACGCCGTTTGGGAAGATACACTATACTCGACAAGACGATAGGCATCTAATCGAGATTATGGATATATGGCTACGCATTGCGCCTGCAGACTTCGGCCGATTCACCTTGTGTAAGGTGCTCGGGGTGTAGAGTTGTCGTTGCGCTTATAAATACGCACCCAATTGTCCGATAACCTCAGGGACTCGTTAACCGTGTTGCGAAGTCACTGTTTGTTAATTCGCTCGACGTCGTCCTTTAGCACACAGTCCCATGCTATCACTCAATCTAAGAAAGACTGCGTTGCGGCGTACCGATGTGCACTAGCAATCGGTCTCGAAAGCATCCGAAGTTTCGCACAGAATCAACGTTTCGATGGTTATGGCGCTGGCGGTTGGTGTGAATGACCGTCTCCGAAACAGCATCACGACGACCACTACTACCGGGCGTTTGTAAAGTCGATCCCTGCCGGTAAGACTGGGCTATATATAACGACTCTTACGACTCGCGAATCGTTGCTCGCAAAGGCGGCTTAATTGTCTCACGATCCGGTCCGATCCTCGCGTCTCCTTATAGGCCTACAACTAGATCGAGATGTATCGCTGCGGCTTCCCTCTAATCTAGTAGTGTGCACTATAGAGAGTGACGGTCAAACGTCCGTGATTCCGATACTCCATTATCGTAACCAGAGTCGTATGCCAACCCGACTCGCCTACACCACTCTGTGTCCCCCGGCAATCATTGCGCTCTCAAAGACCTAGACTGGGTGACACAACGCACTACGCCTTAAAAAAAGGCCACCCGTGCGATGACACGTAGCCCCTAGAACCAGTCACGACGGAGCGGAGTTGATAGGAGGCGAACGACCTAAACTAGGAACGGCCTGTAGACAAGAATGGTAGGGCTGTTGTAGGGAGGTGCCGTTCTAGAGGCTCCCAGACAGTTCGCGCTATCTCATCTCACAGACCAACAAGTGACAGACTACTGTTTCTAACTCCGCGTTATACTCCAGTGACTAAGGTCGACCTCCTCTATAGTTATACCTCAGGCCCCCGGGAGATGGAACAGGCAATATGCAACAAGCGCTGCCCATCCGAGCGCTATTACGTATGCGTCTGCTACTTCATCGGACAACGATATTTTAAGGGCATGAGGATCGCCTCGGTTTTGCTCGTGCTACAGGACCTGTTCGATAAGCTTCGAAATTTAGAACTTGTTCATCTAAGAAAGTGACCCGGGTT,1519,49.97,Arabidopsis thaliana
SEQ_636900,TGAGCGGAGAGCCACGCAGTCGCGCAAATTAAGGCGTAGGATGGGACTTGTTCCCGCGGGCAAATGTAACACAAAGCGTTCAGGGTAAGGTTCTTGAAAGGGAATCTTGTAAGTAGGCGATTG,123,51.22,Saccharomyces cerevisiae
SEQ_102803,AACCGCTGTCGCAATCGCGGTTTTTACGGGCCGCACGGTATGTAACCTTGACGCAGTTGTGGTCCGGTGCTCAGTATGGGGCACGGGCCAGACAACATAAACTTAACGTCTTGGTCGTGCCGACATCGCTCGGGCTCTATAGTCGTCCCGGCTACTAGTAACTAAAAGCACCATGCATGGAAACCTTGCATCGCGCAGCTTGACCGCTAGGAAAGCTGTCTCCTATAGCGCGGTAAAAGAAGTTATTAAAACTGCAGTCAGTAGGTACCGGATGGGGGATACACGTCGGTATGCGTAGGACGAGTAACAGAATGAACTGCTTAATGGAGACCGCAGGTAGGGCTTGAAAGCAACTTCAGAGCCATATATATAATGGATAGATGGCTTCGGTGACCTTTTGCAATGATTGGGTCGTCTCGTGACGTAGGCAGAGGTAAGTGTTCTGAAAATCAAACGCGTCTTAGCGCTTATGTGATCGACTTACGAAAGCCGAGCGCGGCCAGGTCAAGACTATCACCGCGAGAGGTGACCAGGGCTGCTCGTGGTCACAAAGACTAATGTCGAGAATCCGAGTATGTGAGGAAAGTCATTCCGCTAGGCGGGAAAAGCGTACGATCGGTCAATAAATTGCGCGACAAATGCGGCTGGTGAACGAGTCAAGCCTGCGACCAGTCGGTCTCCAATATCAGTCTATGCCCCATGCTGATGCGGCACACTGAGTAACCATTAGTGAGGGGAGCTCAATCATATGCTCGCGGACGGATAAGTATGAAGTAGGGCCTCTGGAGAGTAACGCGTCTTTAGGCTTATGACTTCGGCAGTTTGATCACGTCATGATCCGATGCGAGCCGGGTCTAAGATCCATGAGTATGCTCATGCTTCGCGAACACTTAAGTCGGAGTACGTAATGAACTATAAAGTAAGTGGAGTCCCTAGTACAAAACACTTGCTCTCGCAAGACCTGGAAGTGGGCTGCCGCTTGTGTCTCAAAGCCCTCTGTATTCTCCCGGTGAATGTTACTCAAAGGCGCCTCATACGATACATATTTGCGTTATGTGGGAGAAAATTGAAATATAGTGGACATCCAGGTGATCGTCTCGCATCTGTTCGGTATGAGGGTTTAAGACCCGTACGGTTAAGACCCAGACACTGGCGGGGTTCAGTGGAGAAATCATACACGACGCCCCTATGTAATGGCCAGCTATCGATGCGTAACTGCAAGTTCCGGTAATGACAACATGCAAGATTCGCACGCCGCACCGTTACTTTGCAGTGATGAGCCAACCCCGCCGGAATGGGGCCTATGGCTGTGCGTAGACTCGCTACGCCGACCAGACAACGGCCTAAACGGCATATACAGCGCCTCCCACAGCCGTTTTGTAACATTAGTATCCGACTAGATCTGGGACTTGTCGAAGTAAAGCGGCGCATTAAAAG,1437,50.8,Escherichia coli
SEQ_444711,TTGCCCTCGAGTAGCGTAGACGTTGAAACCGACGGGTCGTCTACCTCGTAAAGTGGGCCGGGAAGGAAACTGGACCGTGCTAAACCGGTTGGGCTTGAAATGAGGGGACTCTTCTGGACATCGAGAGCTCACCGGAATGCGATCGACATTTGATATACCATAATCGTGCGTTTTTCGATGTCATGAGTTACGTGTGACCAGAATAATCAGGTGAGCAGTACAAACGTATTGGGGCATTTTCCTCGACGTAACCTACGAGGATTCTGGTCTCGACAGCGTACCTGCACCTCAAACCGATCCTGTCATACCGCAAAGGAGCCAAGATGCGTAACCCTCTAAGTGCCAGTCTATTCAGCGATGCCGATTGAACCATCATACCTACTAGCGTGTCCGCTGTAGACGCGCGTTCCCTTGAACGTACATTGTAAACTTGCAATGTTACTCCTCTTTAAAAGACGCTTGAGTCCCTCTATCATGTCACTCTACTGCGATCCACTGGGAGGCCAGAACCAACTGACGATTCCTGAAGCGACCCTGTGGACTAGACCACCTGCATCTTGCCGCAAGAACGGAGAGGCCGTCGATAGCGACTCACATGTCAAGTCGCTACGGTAGCCTGAACGAATTACGGAGCATGGGTTGCTCCTGTTTAGTATTTAGTTCCACTGCGTTCGCGCCTACTCGTGGGTTCGCCCTTATGGGTAGAGTCGTGATAATCGCAAGACGGAGAATAACTCAAAGCTTTTCGACCAGCCCGCTCTAGTTGCTCTACCAGGTCCCTGAAACATGGTCTTTTACGAGCGAAGGCCATTGAGGATCGACGCTATCAGCTGACACGTTTGTAGCCTCTGGTTTCCGGCAGTAAGAGAGCCTTTTATGATAAGCTCTAGGTAGAACTTCGCGTGTAAATCCTCCATTTCAACCCAAGAAGTTGTCGTGAGGGGCTCCTAATGTGTTGTCTTATTCCGAACGCAGTCCCAACGCATCCGCCTGTGGCAGAGTGACATGTCCGCTTCTTCAGACATAGCCCAATCGCCGCATGAGGGTGGGACGATGTTGCGTTAAAGGATTGTCTAATCTGACACCCATGTGTGGGCACGATTGTTCATCTCTCTCTTCCACTTTCTTCCGTATCGGCAGTATATAGCTCTGCCGGCCGGAGGACCTTCCGTCGGTCGCGGATGATATTTATCGGGGACCTTAACCGCTGTACCTACATATT,1222,50.9,Drosophila melanogaster
SEQ_872178,ATTACCCCGTCTAACTCGTCCTGTCCTATCGGCCACTGACTACTCCTAAACCTATGAACACTAAGGCAGGTCAAGTGCCCCATGACGATACGGAGACGGTTAACCTCCATGGTGATTCGTTAGCTGCTGGATTTGGTTACTTAGCCGCCCGCTTAGCCATTTTTCCCTCGCTCTGTCCGCGGGAAGATTCCCTTCCAATGCATGCACCATGGTTGTTTGCAGGTTCCGTAACGAGACGTGTAGGACTTCGTGTTGATTAGTGATATCCAGCGTTAATGGGCTCACATGCAGATTTCCACGAGGCTTATAAACCGGCATATTGCGTTCGTCGCGCGCGAACAATGACGCTTGTGGCCTGAAGTCCCGTATGTTGGGGCGATCCATCTCGGCCTAAGTTTATCTAGTGCAGACTAATTAATTGTAAGAGGCCACTATTCTGGGACTCACTTTTCCGGAAAAACCCATCTTCGTCGCCGGAGAGTTCTGATCTGTTGCAGGCGCCACTCAGTGAACATTCAACGTAGCTCACCGCCACGTGGGGTTTTACAAGGTGGCCCTACGTATCTTCATGCGGTGTCCGTGCAACTGCATCGGAGGAATAATGTGTGTTTAAACCGTAGCAAACAAGGGAGCCAACCCCTCCCGGTCGGTGGTAGGACTCTATACGCCTATTGGTTCAAGTAACAAGTAGCACCATAACACGCATTTCGGATGGTTGAAGCGGAGCCCTCACTGGCGCGTACTCTTCTAACTTGATTTGTATGAGGAAGCCCCGGCGAGTTAGTGGAACGCAACCAGCATAGCTTGCAGGCTTGCTCGACACCATTCTTAGCCTACACAATCCAGTGGTACAGTATTTGTGATATCATCAGATGAACAGACATCTTCAACGTGAATACCCTTAATCTGGCCTGCCCTCCAGTTGGAGTCCGGTACCTAATCGCGAGCGACGCCGTACCCCCGTATACGACATGCGGATACAGTAGA,987,50.86,Arabidopsis thaliana
SEQ_912001,CATCTACGCCCCGCATACTACTATACCCGCGATTGCGCGTAGCGGGGTATGAGTATTCCGTGTCAAAATCCGACCACTTTACCATTCAATCCATGAGCTGCTAAGGACGTAATGAAGTGGCTGGTAACGAATGGCGTCGATGTCGGGCCTTTACTCACTCAGTCGAAGCCGGCTCGGCTTGAATTTTGCCGATTAAAGCTAAATACCATTGAATGTAGGCGCCTGCTCCTCTTCAATCCGACTTATCAAAGGGGCCCGGAGAGTGTACCACGACGAACATGAAGGTGGCTGTTGAGTTCGAAGGCGAGAAGGTAGTAAGAAAAGCGCCACGTGATCTCTGCATAAAAACAGATAACGCCCGATTACATACTAATTGTTCGCATCGTTTGATAAGTTGTTAGGCCAGTGGATACG,414,48.79,Caenorhabditis elegans
SEQ_660712,AATGAGTGTAGCCGATCAAGTCGCTGCACATATGATACAATCTGCTGGGTGGATCAGGATACGCGACACTTCGATAAGGGTCACGTCAAAGATACGTATAGAGTTGTTCTGGTGCATGATTTAGCCAAGATAATAGTGCAAATACCTAAATCGTGCTGATGCCGGATCGGACCCCATGAGGACTTGACACACTTTGCGACACGTCGGTCGGGAAGGGCGGTTTCGCCTTGAGCGGCCACAAGGAGAGCTGGATCTACCCGTTTAGAACACGTTAGAACGATAGGTGTCCCCGTTTCAGCTCCCATCACTAGTACGTGTCACCTGGCCTAGCCAACGACAACGCTGTAGTAAGACGGGCCATAAAAGCACGATTACTCCAGCCCTACCATTCGCGGACCGATCCCGGTTGCTCGTCGTATGCCTGTCTTTGCATGGACCCTGAATTTTATACAAATGTGTATACGATTGTCCAAGTCTAAGTGGAAACCGGGGACACTCCAGAGTGAGGTTCGAACAGTATTCCTCTGTGCCGTACCGCATATATGACTATGCTTCAGTTGTCTACCTGCTACAGTTCTTCCAGCGCGGATCCAGTCTCACTGCTACAATTCTAAAGACGTCATTGACAGAATTGACTAGCCTAGACGCATGCATCATTTGCCACTTCTAACAGTCCCCACACAAGTGATCTGAGCTGTGATTTCGTAGAAGTTAAGGGTTTTGCAGTAAAAATTGGAGGTTTCACTGGGATTGCGAGAATGTAGAGAGGCACTGTGCCACTCGAAATGTTATGTCTAACTGGTCGGAGGGGACGCCGATGAGAGATACAGCGATATTCAGTCTGGTAGGCAAATCTGTGCTGGCTTAGGTTTGCTAGTAACAGAGTCGATTGACATAACGTGCTAGAACTTCGCCGATAAGTGCTGACACTTTAGTTAGAAGAACGCGCAATTCCTGACGTGATTGCTCGCGATTGGCTTCGGTGTTTGGAGCAACGATTCCTACAACCGTTGACCTGCGGGTTCCCAACGTCTGCCGTTGGGAGGCTGGTGGTGCGCTTTGGCACTGCCCGTCCGGTCGAGGGAGATATCATTTCGAAAGCATAGATAGGCTTTAACCCCGGTATCAAGACACGAATTAGTGCCCCACTGCCGTAGAAGAAATCTTCTTGTCGTAGAAACACACAAAATCAAGTCGGTCGGGGATTAGCAAGTGCTCTCCACTAATAGCCGAACAATCGATGGCTCCAACAGCCTTATTATATGAGGCCCTCCCCTATCAGGCAACGACCCTCATTCACCGTTGATATACGCTAACACTTTGAACACTAGCGCCCCCAAAGTCGATAAAGCCTACATGATACGTGCGGCGCTCGATCTCAGCAATTTTACTATTCATGGGACACCGATCGTCCGATGGGTATGCACCATCGTGGCGAACCGCGTTCAACCCTGCACCTTTTAAAGACGCAGTACGACCAAGCAAGGGCCCTGACCTAGCGCACTAGAGGAGTTGTTGCCACGGGTAGGCAGCTGCCAACATATAATACATCAGGCTCATGGGACTTAGTTGTCTATTTTCGTAGGCACGGCCGGCCCGAATTCACGATGGAAT,1614,49.75,Saccharomyces cerevisiae
SEQ_989104,ATGGACCAATTTTACTGTGTACCAAAACAGTCTGGACTTTAGGGATTCAATCAACTCACCGCCATCTTAAACTGCCGCAAAACTAAGGGACCCTGCGCCCTCCATGAGGTGTGTACATCGACAAAACTGCTTTTCAAGTATTTGGGGCATTAATTGGATGAGCTAATTAAAAAGTCGGTGGGGGCCTGGAAGAGAATGTTAAAGCATAACCGGCATTACTAGTCCGTGGGTCTATATAGAATGTTTGAGCTAAGTTGGAGCGAATCAGTAATTAGCATCTATAACATCGCAAAATGTCGTGAACTTCCTGACTAATCATAAAAAAATTATGCTTACCTTTCACTGTTCTTATGCAAGATAATGCTACCTAAAAGTTCGTCTCTGACCTATAAGTTGCTCTATCTAAGGTGGGAAACAGCAACCCTAGAATGAGAGTTGGTCAGCTCCCCGCATACCAGAGTCAGTAACTAGAGCGTCCGTGAGGTAGGGTCTAAACTTTACGTTCGTGATATGCTCATACGGGGCTTGAAGCCCTGTAAGAATACTGAAAGACAGAGAGACTACGAGGTGCACAGCTACGGTCCTCGCATGTTCGATAACGGGACCCCGCTTATAAAGCCGTGCGTAAAGAAAGTGCGACTAGTTGGAGACGACATAGCCCACCACTTGTATCACCGAGGGGCTCCCACGATGACGTTCCAGCCGGGTGCGCCCTCTGCGTGTTAAGTAAACATGGACTGGCGATCTACAATGCCTGATTCCACGAGAGTAGAACCTGTACGGCCTGTTTTCGACCTAATAGAACGAAACATCCCGGTAGTCAACCGCGCTACCGACAGTTACTGTAAGGTTTCAGGGCAGACGAATCCGCGCGGCTTCCGTACGGCTGTAAGCGTAATGCGTTTAATGACCTGTGGCAAGATCGACAGGGGCTGCAGGTGGCCATTTGACGAAACCGAAAGTGGGTAAAGAGTTCTTAAAAGTCACCCGGGTTGGGGGGAGGGCTCACCGACGCAAGTTACCCGGTACATAGACGACAATGACGAGGGTAATTCGTCTCCGTACTACGCGTTTTTATAGTCCCAGGGGACAATGGCTGGCTATCAAGTCTTATACAGCTCACTTCTGGAGAAACGTATGAGCCAGAGGGTCTCGTAAAAGACCATGGTCCTGGGGTTCCGGTCTTTGAAATTCGCTTAACGTCGGCCATAAGTGATACCAGTCTTTTCGGTATTGGTGTGGCAGTTGCAGAACCTATTACTACTCCCGATGAAATCCGGGTGGCGGCATTCTTCGGACACTTGGTACAGTATAGAACAGA,1321,48.07,Drosophila melanogaster
SEQ_248122,GTAGCCTGACAATAAGGGAGACGGCGGAAACTTGAAAGTTCTTCAGGAGACACGGTCATGAGGCCGCTAAGTTCGGACGCATGAAGGATTGCCACAATACTAGCCATGGCCTTCCAATTAGTTGACCGGCGCTTAAAGTTTCGAGTATTGCGTTCATTCCTACGTATGTGAACTGATCCCATGCCGAGCACCCCCACTGACTCTACTTTACTCGGGATAGTCCGGTCACCATTACGGCTGCTAAACGTCGCCCACGACACGAGTCTCAGACGATCGCCCGGCGTCACGTTGATATTGAACAACCTCTTGACTCCGGTGCAGCAGAAGGAACGGGACTACGGATTCCGTGGTGTAACTGATATAGACATCAGGCGCGGTACCAGAAGCATGTAGGTGTGACGTAATTGGATCCCTCCGCTCGTCCGGTCGGCAGAGATCGCTATTACCCAGGGACGCCGGCTAGCGGCACCGTGGGCTACGGACCTAGCCAGCACAGCACTATCTGTCATGGGTGTGCCCTCCAACGATATGCCAACGTCGGAAAGCTCGCAATAAGACCGGGCGACGACGGGGTGTAAGCATATTGATGAGGCTATCTTAAAGTAACACCGGTATCTTCTGTCTAAATTCTGTGTGCTGTCCCGAACTATTGATCCTCAAAAGAGATTAGAACCATTTGCGAGGTTGGAGTGGCGCGTAGCCAAGTTTGCCGCTATACATTTATATGACTAGCACGCTCCCTGCCTGGTTTAGGCTAAGTGATAGATTTCTGATAATCACATCTGTCAGAGTATCTCTTTCGGATAGGAGGTTAGATAACCCGCATCGAGGATTTCCCCGCCTAAGTCGTGATATGAATCAACTACAACGAGTTGAGTTCGGCACTGTTCGATCGGCTGATATAATGAAGTCTTAGCTCAACGTCAGGGGTCACCCCGTTTCGAGGTTTATCTTTAGATCCCATGACGACGCTAGGGCTATCCGGAGCATGCTACAAGAGAGGTGAAACTACTGTTGGTACCCGTCTGTTTGTCACCTGCTTTCCTGGCTAGGGGCAGGTGATGTGGCCTACATTTTGGCCGGTGCCGCAACGCCCTCCAATACCATGTGCCGGCTCGTGTTATTACCATGGGTTGAGGGGTACCCATAAATAGCGCTATATGACACGAGTCGGCCTAAGTGATTTCTGGACGTTGTTGCGCGTTCACCCGAAGCCAAACAGCGGAAGTCCCGCCGATCGCAGCTTCTATGCGGGCTCTTACATCGAAAGCTTTTGGTGCGCTGTCGCCTAAGCCGGGGCGCTGCGGGAAGCGGGCGCTGTCGCGAAGGCACTAAATCCGATGCTGCTATACATTTACGAAAAAGTAGATCCGAACGGATCTACGCTTCATTATGATGGTTAACGCCGTAAGGATTAAATCAGCCCGTCCTTAGCTTGTACGACCACATGTTTCGCACCCTAGCGCGCATATAGGTAAATCCATCCGGGTCGTATGCAAATTTTACAGAGCACGGAATATGGATAAGATACGAACATTTCGTTGCATTGCTGCGCACCCCGCAGCGTGACGGGGCTTCTTTGTTAAGAGTGGTAGG,1596,51.57,Homo sapiens
SEQ_763283,CACCATCCGCAACCATGCGGGTTTAGGCGAACAATGATTTGAAGCGAGTCAGAGGTGGCTTACTCAATCCCACATTACTATGATCTCACACGCCCGGAAATAGTGTACGGCTGTGCACAGGTTGGTAATCCGCCTACAAATTGAATAAGAATAGTTTAATCTCCTAAAGATTTGCTTTGAACGGTGTCAATCTCCGCCAAGCCAAGACGAGCATACATCTGTATCCCGGCTGAAATAATATCATTGGTAGCTACATTGGGTTAGGCCTGTTAATAGTAACAGATTGGTGGTACTCGTCCCCTTAGCAACGCTCGCTAACTCTCGTTTAGTCGTTGGTATGATAAATCCACGATTTCTGGTCGACATTGCATACTTACCTGTCTTTTTAAGACGATGCTTCAAGCCTGGCGAATTTTTCAACGGGATTAATCCTCCAGTGTCAGTAAATCCTCTCATTACGAGAAGTCGTGACCAACACATCGAACACAATTTGATGCGCATGCTGATCCTATGTTGCCACCGATAGCAACGGCAGACAAGAGGAACTTTTCCCAGGTTTGCACAGAGCCCGAGGAGCTACTTATGTTACCACCATGTCCGTACGTCCGACCTGTTCACCAATCCATTGCGACCAGTGTGACTCGGTTAGCCCGTTGAAGTTCCGTTATAACCGCTTGCATTTCATGCATTATGGAAGCTTCGATGAAATGAGCACAAAGCCATACATCCACAAAAACTCTCACGAACCGATTGCCGGCGTCCCCACAAACTAGATACTGAATCGGTGACCGCACTTCTTTGAGGGTTGAGCTCGACAAGAGATCGTGCACCCTAGTCAACTCAGACCGTTCGTTCTAGCGAATGATTGAATTCACCGCATTTTCTTCCTACTGTAGAATAGAAGTGAAAGGCTCCGTGAGTCGTAGGATGTTGAAGAAGCTCATAGGCAATGACCCCATTATGTCATTACTCGTGCCATTGCCCAAATAATGCCAAGTCTTAGCGTACAGCGTAAAGCATCACCTAGTACTCATTACACTGTCAAGCACAGAGGGAATGTAACAACGCAGTTATTTGGGTTTGACCATCTGCAGCCCATAGTACCCAGGCCAGGCTAATTCGCTTAGATGTCTAGTAAAGTTAGTGCTTATCCGGAAGTGAGCTAGCGAGGAGGGTCTAGTTTCTGGAGGAACCCACGAATTGGGCAGACCCCGTGCCATTGCCACACTAATGTCATATCTACAAAATGGCCCTGGGTGATGTCAACTCCTTCCACCGCGCAGAGTTTCGTTTGAGACAATCCTTAACAGTGTGGACCCGCTGCGAGTTATCGTATCAATAGTCTTTCCTTCCGTACCGTGCGTCGTAGTTAGCATTGATACGGCATCAGATGCTGGAGGGCGATAAGAGGCAGGCACGAGACAGTTACCACTAGCACGTGCCTATGTGACGCCTTCCCCTCCCTTACACGTATGACTTGAAAGGTCGGAGAACGAAAT,1499,47.36,Mus musculus
SEQ_392891,TATGTCTTAGCGTATGAAATTGTCACACAATAAGGTTATTCAGGATCACTGTGATGCTAAATCGTAGGCTGTGAATACCTGTAAAACCCGGGTCTTCGGCTAGCAGAGACCGAGATGATATTACACTGAACTTGCGGTCCGGAGTAGCCAATTCACCGTATTGGGCGGGTACATCGTTGAAATAAAGCGTGTATGTCAAGGATATGGTAAATTGAAAGTAGTACAAGGCAATCACCGATATCAGTGCTACGTGCCACTTGCGCTCACACAATGACCTGGGCTTCGGCTGTACTGTTAGTGTCGTTCCTCAGACCATATACTGTCCTCAATGAGTGTTCACAACCCATTGCGCCTACGGTTACGAATGGTGCGTGCCATTATTGAGGCCGCAAAGGGTACCAATTTACTATGATTGGCGCTCATGTATCGAGTTAGCATGGCCAGACTAACATTTCGCAACCTGTGTATGTTCGCGCGTCCCATGCGTCTAGCCTAAATAACATACTAATTAATACTTAAGACTATGGCGTAACCCATGCCCCAGTCTCAAATCCGTGTTATTGCCATCACTCTCGGCGTTTCATGTACATTACCTTTATCAGACGTTGGACCCTAGCCAAACTTGCGCCGAAGTGGATAGAAGGAAAATTACTCACAGTGCCAAGTACTTTACGACAGCTGAAAAACATACAACTGCCCTGTTGAATGGCAGAGGATTTCCCGATCTAGAGATCATGTATTGGGTAATTTAAATCCCGGGAATAGTTCTGGTTAGACAGCGATAGGGGCGGTTTTTAACTAGCCGGGAACCTCCGTGGATTTAATTACAAGGTCGGTCCCGGTACCGGGCCTAACTCTACTCCTTCTTTGGGCTTAGAGGTGCAGTCTTTACGCCCAAACTAAAGCTGTTTTTGGGACTTTCACACGGGTATTTCACTTACCCGGATAAGCTCCAGACGAAGGGGAGGTTAAACCATTGCATCCGCGTTTGGCCGGCTAAGTCAATTGAGCCTCATCCGACTGAAGAGCTTCCCGTGTTCACCCGAGCTGGTCTCTTGGTACTCATAACGCATTCTTACTACAACTCCGGGACGAGCACGTTTAAACTCTCATAAAGCAATTGGCTTACAAGCGTAGTGCCGTCTCTGCAGATCGTAAAGCTTTGATACCCAACGCCGCCGTCGCGTGGTCAACGTGGGATGACGTGAGAGTCCACGGGGCGCGAGCAATTTTGGCTGTGCAGATCTTTATCTCCACGACGCCAACTCCGCTAAGCGTCGGGCGGTTAGATTTTAACTTTGCAGAACCTGGTTCTTTGATCCATCCTTCAAATGAGTACCCTTGCGTGGCCCTCGTCATGCCGGTCAGCACGGGATTAGTAACCATCAGGCGAATCCGCATAGGCGACAAATGATTTGTCGATCCTCTGCAAACGTCCATCAGTAGACAGAGTCCGGGAAGGTAAGTGGTAAGAAGGAGACCATGATTCAGCTTCCCTAATGACGTAGTCACGCAATGCGGGCCGCTTTTGATCAACGATCATCGACTCATCCAATGATGCGATATTAGGTCCACGCGTTCACACGCGGCGGTCTCTGTACAGAAGCTCTGAGCCCGCGGAGATAGGCATCGTCTCGAGAATTATATTATAGGATATGGCTCGTTTACTTCCCCTCAACCGGGATTACTAATGAGCCCGAAGATCGTAAATTGCTAGTTACACCGGTGACGGTCTTCATTAAGCTCACTTTCTGTCCGTTCTAGAGCATAGTTATGCACAAGTGGTGGAGAAGGGATAGTCTTCCCAACTTAGAGGAGGTGTAAACCGCCTTTGTTGCGGGCATCTAACTGATCATATTCTACTTGTCC,1869,48.15,Drosophila melanogaster
SEQ_392514,ATGTTCGCGCTTAGACCTTCCGACAACTAGCAGAGGTCGGCCATCTATCGACTAGGCAATCTTGTGCGCCACATCCCGGTGCATAAACTTGCCCATGGCCTAAAGGTTGTGAAAACTAGATAATTCTGCGAAAGAGACTACTGCAAACCGATGGCGACATTACGTCTGGGGTACGAACTTGAGTTATCCAGCGTTCCCAGGTCGCACTCCGGAAGGACGGTCACGTGCAACCTGGAACAAGTGTCGGACTCTTTTGGGGACAACGCGATAAACAACGGTTCTACGTCCCGTCCGGCCACAATGTCGTGTTCGTTCATATTTGTGCAGGGCCGACCGTGTGCATTATCGTATC,352,51.99,Escherichia coli
SEQ_799994,CAGCTCTGAATTTCTAATTCTAAATTGGTGCGCCATCTTTAACGCCCGTAGACGAAAGAAAGGAGGGAAACGATTTAGTTGTATGATGGTTCCTTGGCAAACGGGCGTGCGCCTGTTCAAGTAATAGCTGTCCCGGAGCATGGCATCGAATGCATGTAGCAGTGGGGGGACCCTCGGGCGAACCAGCGCCACTTGAGCATAATTATTCTGCGCAGGTTGTGTGAACCTTTACCGTGTAGCCCCCCACTTTAACTTTTGGAACGTAGTGATCGCTGTCGCGCACCGGTCTTTCCATCATCCTTACTAGTTTGGGTTTTGGAATGATTGAGAGCGGGTTGCCTAGCTCCGTTGTTGTCCTGGTTGGACAGGGACCTGAAAATCCTTCCCGACCAACGTCAATCCAACTTACCGCGCCGTTAACAGCCGCGCGAACCGGCTTAGATTGGGCAAGGTTGATGGGTCACTTGGGTAATGGGTACGTGTGCAATAGTGGGCTCAAGGGGGAACAGTCGCCAAAGGTTTGGAGACATCATCGCGCTAGGACCCCTTCCCCAATCCCCACAAAGGTGTGACAAGAGGGTAGTGACCCGGAAACTCCAACACCAACCAGCTCGAACGTCAGCCGTTTTTGTTGTTGCGCGTCCTTCTATTCACGCTGTCGGACCGGCAAGCGGCGTCGGCGCGAATGCCAGCTCGTGAGACTTCAGATCCTCCCGACGACCCCGATGTGGCCGCACCTTGACGCGTAGGGGATCTAACAGTCGCAGCAATTCCTACAGCAAGGGACAGGATCCTCGCGTAATGTAGGATAGCCGGATGGACGTGAGATCCTTCTAGCGAAAATCGCACATTCTCCTGCCCATCCGCCCGTATTGGACTTTGCCCTCTTATCTGAACTGCCTTAAAACGGTTCCGCTTGGTCTACCGCTCTGCGGTTGATCCCTGATCGACGGTATTAATCAATCCGAGTAGCTCAACAGTAATGTAGGCTTGTTAATAAAAAAGACCGAT,1011,52.82,Arabidopsis thaliana
SEQ_614721,GTCCATCGATGAATCGTCGAGGTTGCTAAATTGGTTACAATCAATGATCGGCAGAACGAGAGTCTTGGAACCCCGTCCATGCAAACTTGGGAGCCATAAACCCTCGTTAACCTCCGGGGCCCATCAGCCGCACATCCCGGCCACTTATCCGTTGATGGTTTGGGATCGCAATTTGACCTGAGCGTAAAACAGCCCTAGGTGTCCCCATTAAAGTTGAGAAATTTAGCCAGAGATTTTCGCTCTGCGGTCGACACACTGAATTGATATCACACTCAAGTAGCCCCCAGTCCCCCCTCTCCTAGTCAGGGTCCGTACAACTTAATAACTCTTAGGCCTAACGTGTTCCTTAGAGAAGATTGTTGGACATAATAGAACTGAGCAGAGCGCATTGCCCTGGGTGGTACGAAAAAACCTCAATGGGCATGATCGCTGTCGTGCACGCTACGCGAAGGGCAGTAGAGCTGGTTAAACAATGACTAGTGTACAATAGGTCAGGGGCTTGGCGTCTCACGTAACGCTTTCAGTGCGATCTAAGTCCATCCACATAGCCATTAATATATCCGAGCTCTGTAGACAGCTCGGCTCAGGGAGGCCTTTGGAAATCATGACAACATAGTAATGACGGTGTCAAATGTACTTTCCTAAAACAGGCGTCGACTTTTGTCAGTATAAGAACACGGTACCCAGAGCATAAATGGGCGGCGACTAACACTATGTTTGGCGTCATCTTGCTGCACATGTAACTAGCATCCTGGACAAAAACGCACTACCGAAACCAGGTTTAGAAAAGCCGGGACCCATGGGCGGCAGTGGTAGGGGGACGATCCTGACGACTACGCACGTCTGTCACTGGTCTAACCTCCTGGTCACGTAAAACGAAGTCACGACGGGGCTGATCTCGTGTGTGTTGTTGGCAGTGATCCGATTCCAATTGCGCCAGCAAACAGAGGGACTTAACGCCTCTGCTATTATTCTGATTGCATACCGCTGCCCAGCTTATGTTTTGTTAAGAGGAAGTGCCTTTAAGTGCTTACGGCAGGGCGCTCAGCCAGGAGTGCAAATTCGATTTCCCCCCCAGGGTGGCTAAAAGGTAAATGCACTTGAGGAATAAAAGCAATTCACAGCCTATGGTACTGAAAACGTCAATAGCCGCGGTGGGTGACACCCTTTGGTTTTAGAGTGTAAATTACATTGTAAAAGCGACGATATCAACAGAGGACATACGAGAGTCGGTCTAGTGCGGCTCTCTATTCAGTACCTTTACACTCTCCTGCGTCCTCCTTCATCCAGGAGGCCCCGTGAGTAAAACGTGCTGGACTAGAATGTCAGTACGCGAAGTTAAAACTATCCAAGCAGTAGCCGTGTGGGTACTATCCTGGCCGTATTTGAGGGCAAGGTTGGGACTCAGCATGTATAAGAGAACTTGAGAGTAGCCGGGCTGGTTGGTGAAACCACGCCGTCCGAATCCTTCGTAAATAAGTGACACATCTGCCCAGACTCGCATGGAGCCCTCGTCGGGCAGTTTAAAGTGAACCTCGTCAGAATTTTGAGGGACCATACTCTGCGCCCCATGTCATTCAGATAGTTACTTTAGTGGTTCCCGCGATCTCAAAAAGTCCTGTCTGCAACCAACTACTGGGAAATCGGCTCAGTTACCTACATATGTCCGTATTTGAGAAAAGAATGTGCGACCGTTAAGTATACGACGTCATTTTGCAGGGGATGAATCACCAGCCCACTCTTCTAGTGTCAACTTGAGGACAACGCCTGAAAAGAGCCTAAGAGCGACTGTAGCACCGTATTCCAGCAACTCGAACCGGT,1821,49.26,Escherichia coli
SEQ_756263,TTTCAAATCCAAACGGCAAATTTCCTCGGTTTGACACTTATAGATCTTATGTGATCCAGACACAGCGTCAATCACCCGGAATCACAACTTGCTGTACCCCCGACCGATAGCTTACACTTCACCTGCCGATACAAGATAGCCAGAACGAAGTAGTGAAATCCTTAATCGAACATGACGTGCGTTTTCTAACTATATCCGGGAAGTGATAGTCATGACACTAAACAAAAGTAGAGCCCTGACCTGTTCCAGTTTTCTATCTAGCCATGGCTACGGTGCAACGGCCGCTTAATCACTCTCTGTCGTGAGCTCGCGAGGGAGATAGCACACGAAACTGCTTCGATTACGTGGCTCTTCCTTTTGAATCCTTGCGAATGTTAGTCGCGTTACGCGTGTTCTCATGGGCGGGTTCAGTATCAGGCCTACTAGTGCCAGCTCGTCTGGAGTTGCACAATCTTCAGTGCCTTTAAGACCATGTGAGACTGATAGGTCGAACGCCTCCTAGTATCATGGTTCCTACATGAAGTATGATAAACGGCCGCCACCCAACTTATGTTTGTTCATGGACTACCCTTGGGTTTGATTACTTTCGCCGAGAGATGTAGCGGCGCTATACCAGGCTAGTACTACAGCACACACAGGTGTTCAAAGGGGGTTTAAAGGTCAGATCAGCACGTCTACGTGAAATACCGGCATGGTAATAATAGGAGCGGCACTAAATTACACGGTGCTGCGACATGGCCCCTAGACACGGGAGAAGGTACAGTGTCGAGCCGCTTCTATGCGGCTTAACCGCATCTAGACTCTTGGAGTATCGATGAAGGCGCCTTTAGTAGAATCACTTGTTAACTATTTGGACGCAACCCAAGAGTCATTATCGGCCGGGTGGTAGGCGGAGGTGACAGACAGTGCATCGGTCTCCGGATGGATAGCCCCTTTCCTCAACTCATCGACTCCCCGGTTTTCAGGTAGAAAAGTGATGGTTCGCTGCGCTCAGGTGACTTCTGCCTTACACCGTCGAAATTCTACTGAAAGCAACATAAATATATGCCTGATTGCGCACAGTAACTTAAGTACTGTTCTACCTTTGGAATCTTGATCAGACGTGAGCGACTGCGAGGACACACAGGGCTGAATTGGGACCGAACGCTGGCTACTGCCACTTGGTCGGAGGATCGATCGTAATAAGGATAGGTCATGGATGACTAAGACGACATCCAACACAATGTGATGTTACTGCGTTTAGTAGTGGGAAGTCTGCACCGTCCCTCAGAGAAAAGTTGCCACTCATACCCACGACACCTGTTCGCCGAACGACCTGCCTTGCCACCCGGTTTCTGATTGGAAAGAATTCTGACCACAAGCCTAGCCATAGCTAGAATGCAATGCTTACACAAAGAGAGCTCACGTAGTGCGCAAGATAGTAGAATGTGTTGTTCTTGCAGGCGCGTCAAGCCTGCAATCCCTAGCATAGCCAAAATTCCAGCATCGGCTGCCGGTTTGAAGTCAGAGACGGTGTAATTAGATGGATCCAACGACCGTCATGAGTAGGGTAGTTGCCTTAAAATTTGCACACTCTGGGTAACCAGCTTTAGATGAAGACAGCGTGAGCACCCTCGTCTAAGAGATACTGCGATGATAGTCACACGTTTGCGGGAACATCTAGGCTACTAAACAGTTTAAAAAAAGGGACCTACAACAAGTATTGGTGTACACGTGCACGTGTGCGGGATCTGATGGGCAGTTGGAGGTCTACTGGATCCTTTTATAGAAACTTATTACCCAGGCTCAAAGGTCCTGCTAAGTCGCATCCACTTGGTGCGACGTCACCCCGAAAGCTAAACTGTCCTTCTGCGTACGTGAGCATCACCCTATGAC,1875,48.69,Mus musculus
SEQ_146221,TTCGTGTCATCCAGTTGAGTTCGCTCGTGTACCGGCTCATCTGCTGGATAGGCCGCATGATTACTCCAACCATACCTTCTTAACGAGCCGTAATTGCGGAAGAGCTTCCACTACTTCTGTGACAAAGCGGCATTGGAGTATGGCTCATATGACGTACCGGACGAGCATCTGGCGTTGTCGCATCGTTGCCGCTTCGTTTTAGGACCGTTACGCCTTCAATGACGTCCCGGGCTGCTCTAACTGTCGGACGCGCGGCTAAGGACACGACACAGAACTTGTTAGTGATTCCCCCTTACCCTCAAAGATGAACTTTAATACCAACCACTCTCTGGACAATGCACACGGTCCTTCCTGCCTTTTTGCGATCCAATCTCCCACGTCGACCCTGAATTATATGACTATAGAAGACCGTTCGCCAGGGCGCTCACGGACATGGCGGTGGGTCATAGTCAAGTGAGGGTAAGGTTAAAGTATGCGTGAAACATGTCCCTCTGGAACGGAGATTTCAAATGTAAAATACCTTAACTTGTATTGGCTTGGGTAGGCAAGAAAACTCGATCTCCTCAAGCTATGAGACTCGATCGGGGTTTTGCGTTTTAAAGTTAAGAGTA,611,49.26,Caenorhabditis elegans
SEQ_794552,GTGCCTCAACGATCCTTCCCTGTGGTTGCATGTCGGTTCGCAGCTTACTGATACTGTTAGAAGGTGCTTAAGGCAGCCCTCGCTTGGTCCTACAGGGGGTCAGTAATACGAGAAACGTATAGTTCAACTGTATAGATACGAAGCTACCCTAGGGACTTGTTCATCTGATGCCCCCGCCTTACTGTGCATAACCCAACGGGAAAGTCCTTCGGGTAGCGACATAAGTAGGCCATCTCTACACTAGCAGGCGGCTGCGTCCCACAGCAGGAGGCTGCAACACGTAGTGCGTAAGACGCATTACGTTCCTGCATGGCTACAGATCGTTTTAATCCTGAAGTGTGGCTAGCTAAAGGCATAATACCCGCGACTGTACAATCGAACGCCTTTGATCCGAGCCTAGAAAGTCGGACACAACTCATCTGATGATCCTAAAGTTCGTAACCCCCGGTGAACCAGAAGGACCCTGGAAGGTCCCAAGCCCACGGTAAGGAACGCGTCAGGCGGGAACTCGTAACTGCCCTCCGTGACCTCAGCAATAGCCATGGTGAGATAGGCGCTGTATACTTAGGCACCTGACTCATACAGCGAAGTAAGCACGTACCAGTACAGCCTAGAGAGAAGTCTTTAGGAAGTAAGTTGCGTTGGCACACGCGCGGGGGCTATGATTTAAGTACCACAGGGTCCGCAGGTGAGGACGAAGGACAGGTGCCTAAGACAGGCGGTGGGGCGACTAAGGGAAAACCAGAAATGTTTCGCAGTGTGGTGCACAACCCGTTGGTTTAAGTCAGCGTCGAAATTGCACCTGGTTTTGGCAGAAACTTTATTTCTATGGGTTGACATACACCTGTAACACTCATTTGGGCGTGTGCAATAAAGACTGAATGTGAGATTGCTAACGGCAGTTCTCTGTGATGATGACGCGTTTAAATGATGCTAGACATTATGTCCGCTGA,953,50.79,Mus musculus
SEQ_205664,ACGGCAGGGGAGCATAAGTTAAGTTAACTGCATTCGTCGCGAATAACTGTGCACTTTCGTAGAGACCGATCTTACATGTCATGCGGCCTGCGTGGGCCAACCTAACGTACGGAGCTCATGGTCTCTAAAGTCAGAACGGGCAAGTATCTCCCAAGCACTTAGCTTAGAGCCGGATCGGGCGTTTAACGTACTATTCAGACACCACCGAGGTTGTGGTCTACCAAAATTAGATTGGCTTTCATCTCTGGCAACCTGACTCAGCAAACGCCAGTGACAATTCCACTTCGAAGTCATATATATCGTGTTCAGTGATTGGTGCGTGTTGTATGAGACGCACACGACCTATATGGCGCATACCTGCTCCTTAATTTATCGATGCGTACCCTAATTCTGTCACGAGTCGATAATATAAGATCCCAACCAGCGATTCCTCTATCAAGTTGTAAGCCAACCTGGCGATGATCAACCTCACTTGGTGCAGCTCAACACAGACTTCAGGCGTCGTTTGACGTTCTACTTTTCATAGGGCTACGATCAGGATCACCCAAAGAATCGCGGCGACCGCCCGCGACGCGCCTCATCGCAGCCTATTGCTGTAAGCATGCCGGGCATATTCGGCTCCGCGGGGAAATCGAGTATAAATTTTAGCGAGGCATCCGGAGATGATGTTTCCATGCCTCCACTACTACTCGCCACCCAAAGCGGCGAGTGAAAATCCATAGAGGTAGGGGCCTACTCACTCTGCTTATATACCGCGCGGGCCTAGTCCATGATGAGAAGTTTGAAAATCGCTATGGTTACCGTCACACTAGTTGTAAAGCTTCAGGAGCCTATGGCTTCTTCCCTCAAGAACTGTACGTAACTGTGCCCCGAGCACACATCTGAATAATGACACATCCGGTCCAACGGTTCCAACTGCCGTCTTCCAAATTTTAATAAGGCTGGGAGCACAGCGATATTAGCACAGCATTAGAATACTACGGGGCTAAACGCATCAGTTGCCTACGCAAGGTATTGATAGTTGATCAATCTAATCGAGTTTTCAGAGACGATTCGGCTAGGTGCGGTACGTCCCCTTGGTCTTAGTAAGGGCTAGGGGTCGCAGGCTCGTGTTCGCTACCCTGGTGTTCATAGGTCAGATCGTTCGAAAAGAGAGCACAATACGCTCTTTCTTGGACTTCGTGCGGACGTCACCCCTGTGCTCCGCTCTATATAGTAGGTCCTTGAACAATGATGTGATGACAATATCTCGTAACAGCAATCCGTGTGTTTAAGTCGTGTATTGTTATCCTCTCGAATAGCGGCCCTCGAAGATTAGGCGTACTTCTTTCGTGGGACTTGGCCGGAACAGGCGAGCTAACGTCGTGCTCTGATTAAGATCGCGGTGTTTTCTCTCTCCTCCACCGTTTTCTCGTCAACTGGCACGAGTGGCGAGCGCTGGGTAGTTCGTGGCAACATATTCCGGCCTGTCGCCGCAGTTGCCGTAGCGGCTATATGCTCTTGAAGTAGTCGGAATTAACCCTGAGTGAAACTTGGGGAGCTGGAGGAGTCTTGGGTAGGCACTGCGCATAACGCCTTTCAGCCCCCGCTGATGAGCGAACGGTAATTCAACGTTCACGACCGGATTAACGCATTAATAATTCGTCCAGAGGTTGTAAAAAGGA,1664,49.94,Saccharomyces cerevisiae
SEQ_498026,TTACCCGGTCGGGACCCGATCAATTCCCGATATCAGTGCAAACTAAGGACAAAGGGAGCTCGTATTTGAGGAGTGCGTCTTGTAAGGAAGGGTTGCCGGCAATGGCGCGGTAGAATAAAAAACTTTGGGACTGAGGGCCGATCACTTAAGAACGGTTGCAACAAGTGGACAGCATGTCACATTGACTCCAGCGCCGACCTTTGGTTTGGCCTAGCATACACAAAACCAACGTTCCGTCGGACGTACTCAGTCCCTGTTAAACTGTTGTACTTAGACGGGATACCGGCTTCACTTCGCGTGATAGCCAGATCTTATCGGTTCGGCCGGCAGTGAGGATACCGTAGGTAGTAAATGATTTGTGCTTCTTATCGCAGGTTCAGCATGCCCCATTGATTCCCCTCCGCGGTTTGATATGAGCACGTGCCAGTGTTTTCGATCCAGACGCTACACACCGTAAATGCGGAGTGGTTCCGGGCGGTATTTGTGATACGATTCGAGTGCGTAAGGTAGAGCCCGCAGGCATTTGCTCAAAGCAACCCGAGCAATGTTACTCAGCACCAATCTCCTGTCTACTCTAATTACGCTGTTCAAGGAAGGGCAGGCTTTTGCATCCGACTTCTCAGAGTGTAACCCTTACTTCATGTCGCACTAGAGCTCAGGAACTCCTACTTCGCGCCTACATAACCCTTATCGTGGGTATATGAGGTCTTGGAAATTTGTTCCACGATTAGTTGCCCTTACGGGAGAATTTTTGAAGCTGTATTACGTTACTGCGGAATACACTCGGTATATTTCGCCAGGCATAAAACCAGCGGGCCGCTCCAGTAACTATGTGTCGGCGGAAGGTCCCGAATAGTCCTCATGTCTATCTAATGATGCAGGGTAAACGGTTGCAAAAAGAAGACGCTGTCTTGCGAACCGAATAATAGAGCGGATTCTAGGCTTGCGCGGGTGCTTCGATTTACAAACTCGTGGATTTTGATTATGACCAAACCCTCGCTATTACGATATTATGATTACGTCTGAGTAGTAGGGTGTTGAAAGTTGGTAATAATGAACGCCTTCTGGCGGCGTCACGGTAGCTGGGTAGGTTCCATATACCTGCTACGGGCGCCAGCCTACTGGACCTGAAGCCGTCGGACTCTACAGCCGTAGCCTACTACCAAACCACGTTCGAACTAGAAGCAGTCAACGCGCTACTTAGTGAATCATACGTTAAGAACCGACTTACTAGTGCAGTAAACGCTTGCTTTGGGCATTGTATAAATGAACTCCTGCAGTATGCACTTGAAGGCCCCTCGTACATCAATGGGTGAATGACGCGTTAAAGCCTCCTGCTGCAGTGGCCCGCGCGTGCTCAACGCGTTAATTAAAATGTGATCCTCGTCAACTATAATCTTGACGAGGCGCGGAATTTTTTAGGAGAAACGAACGCATCTTACCTGATTGTGTTAGTCAACGGAATACGCGTCACTGATGTCGCTCGTCTGGACGACGCTTACCCTTCACACTTGCCGAAGCCTTAATATAGGCTCAATTCCGTATTAGATCTTCACTTATCACCAGAGGCCTCTAAAAAAGTACCGAATCGCTCGCTGATACTTAACCGGGACGTCCTGAATAATTGTAGCCAAACAACCCACCATAACTCGGACCGACTCTGGGACGGAACTAGTGTGGACGGATGACCGCTATTCACTTTCCAGATCGACATCGCGCAACACTGG,1727,49.04,Saccharomyces cerevisiae
SEQ_476133,GGGTGCCACAGATCTGGGCACGCCTCCTAGCACCTGCACTCTCGGACCCGTAGTTTGCGTGCTGATCCAGCCGTTGATATAGCGCTCCCTTTGCCGCAGGGCATATGGTTCGGAGCCCAGGCCATCCTAATGGCCTAACTGTCGAAGGTCGCAGGAGTAGAAACATTGATGTCATTGAAGGGTAGATGGATTTTCGACATCTGAATAGAAATCCTCGGGACGTACGCCGACCACCGGTCACACTGCCCCGGAAATAGATTTCGTAGAGTATTGGAACGGTGGGTAGCAGACTCCTTCGGCCAGCTCGTCCGAAGGCTACTGACTGGTTTTAGTTACGTTAGGATGTCTACTCCGCGGCAGTCCGGCAGGTTTTCATAGGGTAAGAAAATGGCGAAGCAATGAATGTAACTATTCCCTCACCACAAGCCAGTCGTCACGTACCAGCGATATTCCGGTACCCCAACTCGTAAATGGAGTATGAGACCTTGGCGAAGAGGTGAAACTAGCGTTATAACCAGATCAATGGGGATATCTGTGGCAGCTTAGTCTAAACAATTAGTATTTCAAACCCAAAAGCTCTACACTTCGCGTGCTCAGATGACAGTAACATAATAACGAGAACCGTTAGCTCTAGAGCATGAAATTCTCTATGCGACTAGACAGACTCCGCCGGACGGAGAGCCTAGAGATCTGCTCCTTGAAGAGACGATCTGTTGTATTTCGTCGAATCTAATCCTTAAGAGTAACAAGGTGAAACCTTACCGGTTCCCCGCACACCATTCTCCTGTATGATTGCGTTGACGGTTTAGTTTATCTCTGGAATCTCTTGCAATCATCCCACTACACAGGATCCTCTGCTGCTTCAAAAACAAGGTGCCCCAGGGTACCTCTTTAGTTACCACAAATCAGATATCAGAGTATTGACGTACCGTACTTCTCCTTATGATGTTCGCTCAATAACTCGGATGAGACGAAAATCAATAGCAACAGTTTACTCCTGAACTATTGAGGGACAAATCAGATAAGGGCCTATTCGTGCCAAGGTACTGGATGGAGGCTCCTGCAGATAGGAGTTATAGGCAAGGCATCAGTGACCTGAGTTTATACAACTGTGTCACCAACCGGAAGAGGGTAGCGTCTAGCCGCTCCGTCAAGCATGTCCGCGTTGGTCTAAGGTTGCTGTACTTCGGACCTAGTTCATAGCTCTGGTGCCCCACCATAGACTGCATCCGTCTGAAAGCCGACGCGCTTCAACCACACAGAGTACTGGCTGGCCCGCTGTCCACCCTCTAATTTCGGGGCCCGCACGAAGTGGATCTGATGGATCAGTCCGGGAAACAGAAAGGATTTCCATGACCGACCTCTATGTATACAACGGCAAGTCTGTTTGTGGCCGACAACAAAAGCAGGGTGCCGGCTCCCAGGAGAGCCGGCGTATTCCTGATGAATCCATTGGATTCGGATCCCTTTGACGTATGGGCCGGGTCCGCATGCTCCAGGGATTGCCGGCTTAGAGCGAATAAACGCCCATCCGACTAAAGTTACATGACAGGGGGCGATAAGACTAACGAGATATGGTAGAGACTACGGCCAACACAATCACTGTATTATACCTCGTGGATAACGCAGAGGTCAT,1636,50.0,Escherichia coli
SEQ_122750,CCTTGCCCGTTAATATGGTGGTGCCTCAAATATGCGGTGCAAGTGAAGATCTCATGACCAGGTCGTGTGTGATACGGACATGGAGAACAGTTGCTCGTGTATCACTTGAGCGGTATCTCGCGGGCTGAGACGGGTCGCACGCCCCCGATTCACATCATCACCGAATGGTATATGGCACGAATCCCCGTCGTACCAGGTGACTCAGATAGTTTGGCCGACCAGTGAAATATCCAGCGGCTCACAAATACGTCCTATTGAACCCTTTTGGCGTGCATAAAATATGGATCTCAGTTCTCATTAGTTACGTGATTGTAATACCAGTCACACGGCCATCTCGTGCGCGCGAGTAAGACCGTTGTTACGCGCCCGATGTAGAAGCCTCGAATACCGGTAACTGCCACCTCGAGCTAGCGTGTGTTCCACTGCCTCACCAGCGCGATAACCTTCCTTCGAAGCTGAACCCAGTGTGAACAATCAAGGGTAGACGAGTGCAGACCATAGGGTCGGTCCACACAAGTTCTCCCGTGATCTCCACGGTGGCAATGATCGACCTTGAGAGCGCACCACAAGCTGATCAATGTGCCGACGGCCGGAAGCTACTTCCCTGACGCATTAATCTAGTCACATACATCTTAGAAGGCCTCTTAAGTTTTAAAGGAGCGTAACGCACGAGCCCAATCCACCCCCCGATCGGAAGGCTGCCCCGGGTCGATTTTAGTGCTAATTCACGATTCGTCGAGTGATAAGCCCGATATACCAGTAATGGAGTGTCGAGGTATGACCGTTAGTCATATTCACCGCGGAAGTTATTACAATCGACGAAACCATATAAATGTTGGTCGTCAAATGTTCCAAATCCTTGACCGACCAGAACATATATTTTTATTCCGGGCTCACAGTCGCCCAGTTTGGTGGCTCGTACTACCAAATTAACCTTGGTCCCTTGGCACGGCTGTTGTGTGATGGCCTGGCAAGTCGATCTGTTGCGTTGAGGGCAGGATCAGCAAATTTGACTTTGCCCTACC,1025,50.83,Homo sapiens
SEQ_444397,ATTTAGAAAGCCAGAAGCGTACCGTCTTGACCACAGCTCCATGTGAGCAGACGTAACAGATAACCATATTTTCAGCTGTCCGGTAAGGAATCAAGCATATCATGAAGTCAGGAAGTTGAAGAATGATGCGGTGGAGACGTATGTACGACGGTGTGCTATCCAGTCCTTGAATTCTTAAAACCATCTTTCGGAAAAAGTCATACATAGTGCGTGGAAGGACTGACAAGACCCACTGATTGAACGACATGATTATTAGGCCGTGTTGATCGTATGATAGGATCCTCGTGTAAAAGGTGCATGTGTGAAGCG,309,44.34,Caenorhabditis elegans
SEQ_812948,AAGAGGTTCTCATGTGTATCCCACCCGCGGGAGGAACGTAGCTTGACGTTTCTGGGCAGATAGCTAACATCAAAGAAAAAACAACTAGGCACTTTTTTGCGCTGATACAGCTGAGCGTAATGATGGGGGGAAAGCCGCACCCCAGCCCACAGTGTTCTAGACCCCTTAGCGCCACAGCGAGTCCTTTCTAAAGCTCGGATAACCCTTTGGGCACGATCACGGTGTCGGCCACTGCTTCTGGCACAGGAGGCGTCTGGTATATTTAGAACATGCACCTCGGCTTTGAAATCTCTCAGATGAAGATGGGGTCCTTATTGGTACGTGGTCCGAGGATTATTACAGTTCGTCGTTCCCGGGCTCACTAGCTCGACAAGTTTGAGTCCACGGTGACACCAACATCCCCAATCTGGGTGTGGCATTCGTCAATGGCGCCGACCCGCTGCCCTCAGTTGTCCGTCCCCCGTAGTGCGGCAGTGACGGGTCGGTAGGACCATAACCAGCTCCATAACTGGATAGCTAGTACCCTGTCGATTAAAGGGTATAGGAAACTCTCTCGAGTCTCCTTCGGGAATACGTACACCGACGATCTGCGCTTCTATAGTAAACCTAACACATGAGTTAAAAGATGGATGATCTCTGGATCCCGAATCAAGAGATAAGTGAAGTAGTCGTCTTCCGGGAAGAAGCATAGGGCAGCCTTATTGACTGCTTTGACACGCGCACATGGGTTACCCCTCAAATCGAGGGCCGAATCCGTTCCAGTCATGATATCCTACTCATGTTTAAAGGGAGACATGTAACCCTCCCGACGGCAGACCTCGGGTAAATGCTTTGCCACAGCTTGATCTAAGACCCCGGTGTTACGGCTATCATATACGGCCTAGTGATACATATTGCAAGTTTAGAGGTCATATTTCCTCTGACGAACGGTCTTTAATTTGCAGAGTTTCTGGCCCTAGCGTCCGATACGTCATCGAGTGCGGCTGGATCTTCAGCGGTGCGACCGTAGAACGACCCACCCCGATCTGAGGCTTTAGAATTGGCCTCCCTAACTTCATATGTGATCCTTTAAAACATAAACAGTGCTTGGAACAGAACTATCGCGAAAAGCCGCTCCAGACCAATCCAGTCATAACGGTCCAACACTAACAAGGCTAAGTACACATAGATTGGACCAAACAGGCTGAGTGGGAAGGCAATCGTGTCGACGTAATTAATCTCCACACACGCTCATGAGCGGTTCGCGGCCGGTCCTCCCGGTTAAACACGGAAGGTGAGCTCATGGGACCCATTATTGCGCAAATTGGTTATATCGGATGCTACAGTAGTAAATAATTGAATATGAAGCTCCCGACTTGGAACGTCACTCCCGTTGTTATGCGGGCGCCGGAATATAGGGGTTAAGGGCGTACCCTATACGTGGCAATTACTGCAACATAATTCACATACCAGTGCCCAAGAGCTAGCGCGACCATGCATGTCGCGACTTTGCGTGTCTGAAGGGTGGAAACTAAAAACCCGTCGAGTAGGTAGAT,1535,50.36,Saccharomyces cerevisiae
SEQ_941695,TCTGGAGAGTGTTACTATGTAACTCAAAGGCCTACTCTGCTACGCCTTCGGCCGTGGTATGAGTCTAGCTACAACCTCCGCCTCTCAGGAACGCCATCTGCCTAACGAATCACGTGTCGTCCTCGGATACGGCCAACTGACGGCGCAGTGATCTCGATAACGCTGACCAAACATTTCGTCGTCTCAACTATGATGGAAGGTTGTGTGGCACACCCTAAGTGTCGTCTTCCTCGCGGCGACCTCGGGTGTGACTGTTCATATTGTGAATGTCTTTCCTCCGCCCTTAGTAGGCGAGCGGTCCAAACCCCCCGATTGAACTAAATGCGCCGAGGGGGGGGCTGGGATGCCTCTTCCCTGGTAGTAAGTACACCAGATGTTGGAACGGACCAATGGTAAGATATGTGTAACCGTTCACTGTAGTTA,423,52.96,Mus musculus
SEQ_571137,GCTCGACTCGAGCATAAGCATAGTAAAGCGGGCACAGTTAAGATCTGGCGCATCATGATGGATTATTTCCGTAACATTACTTTTGTGAAAAACACGAACCTAGGAGTCTGAACCCGCGTTCTACTAAACATGTTTATGGTTCTTAGGTCTCTCACATGGGCGACGAGGTCGCTTTGGAGGCCGCCCAAACTAATTCAGTCGGCTCTTCACTCGTTTCATGGGCGCCCGGTTCGGGGGCGGGTGTTCCGGGGCTTAGCGATCGTATTTTGGGTTCTATCCGCGATGAGTATATCCGGCATCCGGGCTGCGCCTGCAGCGCGGTCGGATACCGCTGCACTGTGAATAGCCTAGGCTATTAGAGGTGTACTATGCTAGCATCTGCTTTGCCGTCGCGCTATCAGTTGAACGTCTGCGCCCTACAAAAAACAGTGTGTCGGCGCCCTGGGATCCCGCGGATGTACTTAACTGAGTCTCTAAGTCTTATGAACACTTCTCCTCGGATATACAAAAACTAGTCCCAACACAACGAGACCGTAGAGAGCTTAAGGTGAGTTATGATATAATGGATCCTCTATAACGTACGGCGCTCGAGCATCTGGGTGCGGTCACCATATAGCAGCCCAAGGCGTAACATATAGTTCCACTCGCTTAAGTATCCAGCAAGATGCCTTCAACAAAATTAAATTGCGTGCATGAAGTG,700,50.0,Arabidopsis thaliana
SEQ_884260,CCGATTACGGCTTGCAAGTTGCGTTGTGTAAAAAGTAGCCGCACGCTAATTTCCAATTGTTCCTATATCCCTTTCCGGTTTGGACGAAGAAATTGTAATAATACTTCATCCAAAAAGGACCTAGATTCGGGACACGGTCGTGATCCGGTGTGCAAACGGGAGAAGTATGTGATATAATGCTACCCCTTTCCTTTGACAGAAGAGAGTCGAGGACCTTTAGCGGAATACTGAAGTCCGTGGCCTATTCACGCTCGAATGGTGTTGGCCGAATTTCGCTACGATAGCGATGTCCATTGAGCTTAATCTTTGAAACAGCTACCGTCTGGCCCTCATAATTACCTATTCATCTGCACATAATGGACCTTAGTTAACGCGCCGGGGAATGGAAACAAACTGTCTTATGCAGGGTTCACCTTTCCGTACGAATTAGGCGAAATCTCCAATAGAACCGCGTAATAATACGCTCAGCCTGTCGCTAGACGCCTGAAAGAGGTGATCGTCAGCCGCGAACACTCATTCAACGGGGCATGCCGCTGGACAGAGACCCCGTCCATTCTCGCTAGCCAATTACCCCATCCTAGGTGATGCTACACACCGCCGCGACGTTTATTAGCCTGACAGGTCGTTGAACCAATCACTGCATGGTGCCTAGGCGAGACAATAGCATCAGTGACAGTCTGGGGGACTATACCCGCTCAATATCTAACCTTAGCGCTCGGAAGTGTTACGTACATGCCAGAGTGCGGAATAGTGGAGCGGCCCAGAATCATGTTCAATCGCGGAGACGTAGGGCGCCATCTTGGGAGCCGGAACAAGCCGCGCGTTACATAGCAAATTTCCTCTCACCAACTAAGCGTTTGCTAAGTCGTATCAGGTAATCTCGCTAGTGCGAGCATATTCCCCGGTCGGGTTCGAGGTAGATGGATGTATGGCGGCGTACATCACACTTGGTAGTACGAAGCGTCCCGGTTGGGCCTTCGATCGAGGGTCGATTCCTTCCATCACCGTACAGCAAATGTGGTGTCTATCCCAGGGTGACTAGATAAATTGGGAAGCCAGACTTTCCTCCACTGCTTGATTTAGCGATACTTGTCGGGGAGTATCACCCACGGGCAGGAGCTTGTCAACTGTGTATTTTCGGACGACACAACAAATAGAGTGAGCTTCTCAGGAACTCATGTACTGAATCGATATACCGCGTACATCCTCATTCCCCCCAAAACAGAACATTAAACAACAATCTGAGTTCCCTCACACGTAAGTCGGATGCAAAAAGACAAACGCGTAAACAAGATTGCCACGGCTGGTTTCTCAAATTAATGAGGGGGTGCCGAGGAAAGTCATTCCGTTATCAACTCTTTAAAGCTTGGAATAAATTCGTTGTATACGTGCAGCACGTCGGACGGATAGGAAAGCCTAATGTGAGAAGACCGCCAGCTGCGAGTGGGTAGTCTTCTTTTGTATCGTATACGGGGTCCTGGGAATTGGTAAGGAGATTTATTTAGCGACCT,1511,48.91,Caenorhabditis elegans
SEQ_641743,CTTTGGTTGCGCTCTAGTGAAAAGTCCGGCTTTGCGAAGACTCTTTTACTGTCAGGCTGGACTTCAGCGTCCGAATAGGCTTGACGCGTCGTTCGCTTGGCCAGTTTGAGGGGTCAAATTAGAACTGGCGGAGGATGAGCACAGTATCGCGGACAACCAATAACAGGCGGCGTTATGATGCGGACGTACGAGAAAAGACGAGAAGAGCGCAATGGAGGAAGATTCGTATATGAGAATTGTTACAATCTTAGATTCAGCGCACCTTTCCAAGGAAGGGCCGCTCAGGGATGACGTGTTTGGTAGCAATCAAAACTGCGTACTCTGTGGAGAGGGAGACCTGAGCGACGACCTCGGTGTGTGAGGCCCGCACAAGTGAACCGCTACGGTCTTTTTTTCCCAAACGGGTTCTTCGCTTGAATTCTACGGGGAATCACATAGGGATAACGTCCGCTTGTGCAATGTATTCCGGAAAAAGTCGAAACCCCGAGTCGCATCTTCATCGGATTATGAGGTGAAATATCTTGGACAAAACTATCAATCGTCTGTGATTTTTAATATGAGCCTGTGCTTGGCGTACGTGTAGACGTGGTGAATCATATGCGCCTCTGCAGGTATACCACTGTTACCGTTACCTCGGGTCCGGCCCATCCGCACGAGCACGGCGACAGTGAGGACTTTTGCCATGTGAGTTTGTTTAGCTGGATATCGCGTCTTAACAATTTCCAGGGCAATAGCCGGGGCTAACGGGAAATTTCTGTTATAATCTAGCATCCCCCTGCGCCGCCGAGGATCAAACGGGGAGATACATACGAACCGCGTCTCGACATCGGCAGTGTTTGGATGCCTGAAAGCAGGCCAACGCAAATGCGTCCGTTCCCTTTATCACAATTAACTGAATCGTCTAGCATTATCTTCGGGCCACCGAAGTTAACCGCGAGGTGCGATGTTCTGGTTAGATGGTATGTCTCGTCAAGACGCAAAGACCTAGGGTGACTAAGGTCTCTATACACCTAACTAAGACATAAATAGGATTTCGAAAAC,1041,49.57,Arabidopsis thaliana
SEQ_135864,AGGTCTCCGTTCGAAACGAGACTCATATCGGGATTTCAAAGAGTATAGAACGTCCAAGCGGTCTCCCAATGTCCGTGTAGTCCGCCGGCAAGCGGCTAGATATACGCCCAGCACGATGCATTCTTCCATCAGACCTGCAGATGGATACCGGGAAGATTAACCTGGTTTTCGTTTTGGGGTGTATGATCGGAATTTTGTGACGTAGTTCGGTTGTTACTTTGCCGCCGATACCACCAAGAGTTATTCATGCGATCACCTGCGGTTTACTGGTGGTGTATCAGCCGATCTTGGACGCCGGCTACTAGTTACTAATTACGGGCCTGCTATGCGAGTACCCACCCGATAGCCTACATGTGTCCTTCATTGCCAGACGCCCGTTTAGAACATGCCCCGGGGCTAACGGCACCTTTAAGGCGCCAGGATGCTCCGAAGGTGCTACACCTATCGATTGGATTTCACCAGGCGAGCGCGCTAGAGCGCTACTCGTTGTAAATATCCGAAGCCATGCACGCGTCTCAGCTTAGGGCGCGCATGGACAGTGCGCGAGCCACCCGTTCGCTGCCTTATTGCCTGGGACTTGCGAAAGGCGGAGTATATCTGAGGCATTAGGTTCTACTAGATTGTACGAGGTGTGCACCGCCGGGGCAGGACGTTAGATACTTAACAAGAGCGACTAATGGCGCGTTATACATGCCGCTAGTCTCCCAGTACTGCAGATTCCAGCCAGTCTTGTAGCTTAAGGCATTGTGAGGTAGTTTAACAGTTTCAGAATGCTGTAGAAACGTTCACTCCCGTTGCGGAAGCTAATTTCGCGGGGGGTCGCGTGGTCTCACACAACAAGAGGGGCCGGTGGCTGAGCACTATCACGCCAGGCATCTCCGTGGTACCTCACGTGAGGTCTCCCGAATCGCGAGGACTTGAATAGAACGGAGCGCGTAGGATCAAATGTCTAGCCGAAGGAATGTTAGCGAGAGGAGGCCGGGGTTTCATCGCGTTCGGCCTTATCAGGCCGGAGAAAACTGTGCGGAGTGCAAGATTCACGCACAAAGGATCCTACGTCGCTCAAAGCCATGCTTTGTAATATCCCTTCCAGGAACTTAGCTGTACCGCGATTTCCGAGCCTGTGCCACCAGATGGCAACTACCCAGAGGGTTTTGGGCTCGCCTTACCCTCGCCGTTTATCGCTTCGCTTTACAATGCCGCTGCCCTTGGGCAGTCAGATCTGTATTCGGCTGCTCGATGAGGCAAAATTTAAAGCCCCTCAGTGGGTAGCTGATACTGCCCACCTCTGTTAGGCGGGTGTGAGGATCGCTCCAGGACTGGTTCTCTCTGGTTGAAACATCTAGTCGAGTATCCTTCACGTGGGTAAGCGCGTGCAGTTACGTTGCTAAATGGAACTCCGGAGAATCCGCTCCGTCTAACTAGATACCCTTCTGTCTTAATAACCCGACCCTAATTGCATATGTTATGGCGAAACCCCAGATAACGCGCGGTTCGGGAAGTCAGAAAGTGATTTCGTCAAGCTGAGAAGAAAGACCAAAACGGTTAACTAGAAAATACGACACCGTTACTTTTCTTCAAGCGCCGTCCTTGCTCAGATGATTGCACCTCTCCTGTGCCGCGGGCCTTGCAATTGACTACGAATTCAGCAACCCTAACTCTCGGCTGTGAAAGTAGTAATGTTGTTGTGCTAAGGAAGTTGATGATATATACCAAGTCCCACATGATCGTTCGTTACAAGAGTACATTAGAAACATCGGTGGATACAAAAAAACTCAGATCCATTTCCAATACCCTCCGGTTAAGAGGCTGATGCAAGTCGGG,1824,51.54,Saccharomyces cerevisiae
SEQ_471718,TCAACGCGCAGCACTTTCCCCACTTTATGTTGCGAATTCCCCTTAGACCATATAGAGTGACGGAGTCAATGAACCGGACGATTATTGAGTCCACGTCTGTGTGGGACATTAAGCGAGAGGGCGATTTTCTTGAAACAAGCGTTCTGTTCGCAGCACACCCTATATAAGCTATACTCACCTAAATACACACTATCTTCACTGTACCCCTAGGGTCGATAGTGCAACCCTACACTCAGGATACTTCTCGAACACTGCAGCAAGAGATCCACTGATAAGGGATAACATCAAGTACAAAGAACCGATTGTAAAATACCAAACTCCTAGCATTTGAATCTTTTCATTAGGAGATCAAACACCCAGAGAAACGTGGGCTCTAGTCGGTGGCTATACCACACATGCATACAATCTCCCTTAAACTAGATCGGGTGGCCCAAACAGCGGATTGGTATTGAGGACGTAGCTATTCGAGGTTCGTGGCTGCAGGGTCTGGCCTCGCCATTAACTATGTTAAGCCAGAATAATGGGCCGCGGCCATCTAACTGGTAGCACGGGACAAAGCCTTCGCACTCGTACAAGACTTTGTATCTAATCTGGCTGGCTAGAGGAGATGCACCATAATTTAAAGACCGGCAATCACATCATAATAACAAGCGGTTGTCCAGGCCCTGGCCATAACATGCGCTCACTTGTAGACTAAGGATGCAGGACTGCCGTTATACAACGTCACGGATACGATCCCACATAAAACTCCAGGAATACTCGTACAGCGAGCTAACCTGTTGGTGCCGCCGTATCGTATATACTGAGAGACCGGTCGCAATACTAAGATTCGTTTCGCTACTGGTTGGACGAAGATCACGCGGTCATATTTTTAACCTACCAGCAAATGACCGAAATCGAAGTCTGGAACGAACTTCCTCTATACAGGACGCCGCACACGGAATCTATAAGAATCCTGCCTCAGTCCCAGTATGGTTTCCTAAGAGTTTGAACGCGCTGTAGGGCCGCCATATGGTAGGATTGTGACCATTATGTTTTAGCACTACCGGCCTTCATTGAGAGCCACTAGATGATTGTTCAAGCGTGGCTAAAGAATATGACAGATTGCGGGAGGTTGGGTCCAGCAATATTTCGCTAAGATCCAAAAATAGGTATAGCGGCGGGAACCGTCTCTTGTGCCTAAAAACGAAATACTTTACTAATTCATGTCTTCGCGTGATTCTCTATGAGAACTTCTGGAGTCTCACTACCTTGGTGCGGCCAATGTTGGTTTTTGAGCCATCCGTCAAATCGGGAAGTTCCATACCCATACGTTCAGTCCATGGCTGGCCGAGTTTTTGTAACGAGATTCAGTGGCATGCTCCTGTTATAGGGTAGTGGAACTTGAGGTTCATGAGTCCATGGTCACACTCCGTGAATCACCCCACGCAGATCGGTAAACCGCAAGCTCCCTCAGCAATGCGGGGCTCAGATGGTAAAAATAACGAATCAGCCTCCAGGCATCTATTCTAACATGTCCCACTATCCAGTAACTGACCGGTTGATCATGTTCCGGAGCCCTCTAACCAAAGTCATCGCCGCCACGGCAATCTCAATACCATTTCGACTTTTGCATCTCTTCAGGCATCGTCTCATCGGGTCAGCGGGGAGTGAAATACACCCCCTCTGAGCATGTAGGAACAGACGATTCGGACGTGCCAACGCCACTTACATTCTTAGGCAGCCAATAGGGTTCGCTGGGTAACCTCCGGGAACGACGTTTCTTATTTTAGGATGGTGCTAGCCGTCCGTTATGCAGGACTCGCGGTAGCGCGTCCCTCGAACGCCCCTGATCCGGAATTTCAAAGCTTATCGCCACCAGATATTCGGGTCGTCTTTTCAAAATAGCGG,1890,48.31,Saccharomyces cerevisiae
SEQ_902005,GCATAGAGATAGTGAATCATAAGATAGTCTGGTGACCGGTGTTCCATGTTGGGACTCCGGACTTTAAGTGTTGTGAGGTGCGGTAGATATGCTCCGAAGGAAACCTCTATGGCCCTGGAGACATCACATTGTGGATCGGAGATTCTGTGCCGTGCCAAGTAGTGGTCCCCCTCAGCAACCCGTGGTCCGCTTCGAGACAACGTGGTCGTCCCGTTATCTCCCTCGCGACAGGCATTTAAGAAACTGGTTATGTCGCTCGGGGAACCAGGACTATTTTTGCCGCCGGAAATTCACGAGAGGCGTCCCGCCTCTATGTCATTCAAATCAGAAATGTGTGCTTTGCCACTGCTCATGTACGGTGGACCGAACCATCCATATATAT,382,51.31,Escherichia coli
SEQ_527237,GAGGCCGATTGCCTGCCGCTGGGGAACTACAACGACACGATGGGTCCTGGCTCTGATCGTGAAGTAGAAGTAACATATTGACTGTCATAGCTCACGGCATTCTTGAGGCATGAGACACCGCATCTAATGGAACGATCGGCAGCCTTCAGTATGTTCTTAACTCTTGGCGACCCAGCCAATACCTATCCAGCTGTTGCGAGCGACTCCCCCCTCGCTTTTGTGCGTTCTGAAATTCACCTATTGAAACTGTTATGACTTCATCACCTTCACCCGATCGTGACAGCTGGGCGTCGGTCCGAGGCGTACCTAAATTGTAATGTACCAAGCAAATCTTGCTGCGTTTTGTTCGTGGCATGTGGAGCATGTTCATCAACGTGTTACTTAACCCTCATGTACAAGTTGAGTTATCAGGCGTAGCGCTGATAACAGATGGCCCTTCCAGTACCCACCGGCGGCCTCTACTATGGCATTCTCTATTACCTTCATTGGTTCCGACCACTCTTCATCACGTTTGGTCCTTCCACTGCACTTTGCATCAACTATTGTTAGGACGAATCGCTGCAGGGAATTTCACAATCCACTTCGCCATAGACCGAGCGCCCGTTCGCAACTGCCGCTCGGTGTAGAGTTGGAAGATGCGACTCCTGGTCGTCCATGAAGTTGAGGGCGGTCCTTGCCCCCGGGCTTAGCCTCCTAACCCAGTAGGCACATGGAGGATGCTATGGAGTATGCGTGTGGCTCGCTGAAGTTTTGGACTCGTCCCGACTAGCCTTCAAAGCCCGAGTACGTCTTTGATCTTATAGTTTTTCACAGTGCTTGCCACTCGGTGTTGTTCGCTCTGCCGATGTAGTAGGCAGAAATGAGAACTGAACCTTCGAACCGATGGGTAATCAAGAGGCGCTCCCGAATTTGGTTATCCAAGCCGGATCAATGGCTGATTAATCGTGAGAGCCGTGAACTTTCATCTCGATG,972,51.03,Saccharomyces cerevisiae
SEQ_718457,AGACCGATTGTCGCGGTTGAATCTAACTTAGTAAAAGAAGATTTCATAGCGCGGTACAGGTTGCACGCGTACGGTGCGTATCATCGTCCCGAAAATGGTGAATACCAATCTCTTGGAGAGGAACTGGCGTCGTCTGGTGGTAGGGAACTCTAAGAGTATCCATGGGACCCAGTAAGCCGCGCGATAGACACGTTGTGACAGTCGCGCTCGTGAATTATTCTCAGTACCAAAACCGTTGTAAGACCGTCTGTGAGTGGGCAAATAGCACTAGCCCAATTCGCCCCAGATGGGAATGACTGAACGCTCGTGAGTGCGAGGGCTCGCCAGTTGTAATTAATGCGTCAGCCGCATTGTAGGCTGGACACCCACGCCTATGAAATTCGTAGTACGTCCATTTCAAGAGAGATCCTTATCAAGGTCCGAGCCAAACAGATCCCGAACTATACGGTGTGACTCAGTGACGGCAAGTCTCCTTCAGCCGTGACAAAGGTGTCGGCGGTGATCGCACTAACGGCAACTCCCTTCTTACTACCCTTTGACACGGCATTTCTATTACAGCTGAATGGAAATCAATGGCGTCCCAGAACGAGCCCTGCAGCGCGCCGCTACCTAGGAACAACAGCATCAATCGTCATGTTCAACCTCGCCGGCGATCGTCTCAAATAAGATAACCTCACTTCGCACTCGGTCCTGCGACATGCCCCCCCAAGTAAGTGAGTATACGGTTAGATCCATCTGTGTCCTCCACCCTAAGCCTTGACGCGCTGCAGCTTTACTTCTTTTGTCCCAATCAGCGGAAGGCATACTGTGTGAAAACTCGGGCGTCACAAATAAGAAGCCGGAATATGCCGCCGATACCTGACGCGAGCCTTTCAAGCGGCCCTAAGGACTGGCTCAACATTACCGAGGCTTGAAACCATATGTGCGAAGGGGTCTTCAACTGAAGAACATGCCCGATGCCGACGTTGCGTAGACGATTCAAATAAGACCGAGTTTTAACCAGAATGAGACACTACTTTAATCGGCCGGTCTTTTAAACTGACTTAATCCTCGGCACGATGTGCGAAAACACCTATAAAACTGGACCCTAGTTGTCCCCTTCCGGTAATAATGAGGGTCTCTTATACGTTATATAGCATATGAAAGCCTACGAATCACACGTTCGGCACTTCCATCGCAAGTGGGGGGTCGATGCATGGTGCCACGTTCACCAATCCCGCGGGACGAATATGTGGAATCTGACGTCCTGAGGTGCACGCAAAGCCAATCTTACGGGCCGCGAAAATGAAGTGCATAGAACTAGGGCGCCTCCCCGTATCGTAAAGCACGACTTGGGCTTCGGGCAGGCCCAACTCTAGTAGATCCAACACCCTTTTTTTCGCGGAATCGAACGTAGTACGGAGGTTTGTACTTCTGCACACGGATCTATTGAATTAGCGCCTTCGCATCTCTCATGATTTTAAAAATACCGAACCGACAGGCCATATTTTCTTTTTCAATACCAAGTGCCGCGATACCGTTAGTGGTGCGTCCTCTGTCACGTCATTGTAATTATATTGCCAACGTCCCCCCCTAGTGCATAAACGTCAACTCACCCTACTTCCATTAGCAAATTTCCAATGGACAAATTAAAGACTAGACAGAGGCCTGTGGTTACGCACTGGTAACCGCATGTGGCTTATGCGGGCCATTTATTAACTCGAGAATGAACGGACAACTGTACACTAGTAGAGCCCGGGTAGGGATATTTCGATTTGCTAAGATAGGCACGTCTCTTGAAAGAGCACAACTGGTCGAAGTCCATAACT,1808,49.61,Arabidopsis thaliana
SEQ_891134,CACGGTTAGCGCCATCATGAGTTGGGATTTCGTGAGCAGTTAATTTGACCTTTATTAAGTTTGACACGTTACTGCGCGGTTATCTAGATATCCTTGCCGATACAATGAGCATAGCATAAGGCCCGAGATAAATACCCTGGATGATTACTTCCGTTCCTATCGCCGCCTGATTGCCTTCAAGAGGCCTTTGTGGTTATTTAATAGACGATCATGCCGCTCTGAAAATCTCGTCAGGCCGCTATTAGCAGAGTTGGGCGTGTTGCTACTTTAGTAAGTTGAGCCGCCTCTTGGAACGTAGGGGGCAACCTGGTAGTCTAGAACCCCCCTCTATCGGTTTGGCCCTTCTACCTTGGATCAAGCTAGAATTTTATTCTAGCGGTCTGGGAACGAGGGTCGCACCAACACTTGATATCTGAGAGACAGCAATCAGTGTAAATTCATGACACTCACGGATGTGATTATGTGAAGAACCCTGACCCACACGCCTCGGGTGTACGGGGCTCCCCGGTGATATCAAAGACGATGGGAATAATGCAGTTGTTCCGCCATGAGAGCAACATGCCTTTATAATCTAAGAAAGCGGGACACAAAACTTCTCGTGATTGCCGCACCGGCCCATATGCGGCTTCCATACTGAGCCGCTTTGCGTCTCCCCGGTATTTGATCTGTTACCAGCGCGTAGTATACTGATCTTGCTGTTCCATCTGTAGACATTTAGTTTGCGTGCCCGTACGTTGTTCATACTTAAAGATCCTTTGCCATGCATGGGATACCTCAGTGGCCGGCGCTATTTGGGTGTTATGTATTTATAAAACGGTATGCCTTGGGTGCTGCCAAGGAGAATTAGATTTCCCCCATACCTTGAGACGCCTATGGGTACTGTGGCGTAGCATTCGCCGAATTGTGAGCTTACCACGACGATTCACACGAAACTCAACAAAAACTCCGAACAGTCGTACGATTGCCCCAAGCTTGTAAGGTTCTCTTTACATGCGACGAGTAACATAGGGTTCATTGTCGTAATAGCACTGGATCGGCAATTACCTGGTACGGCTTCTAGCTCCAGTAATGGCCACAAGGAATTGCCAATTGAACACTCGACATTGATCACTAACATCCAACAAAAAGCATACTTATCGTCGTTGCGGTAGGGCGGGAACCGTGATACGATTGAGTTACAT,1181,47.67,Caenorhabditis elegans
SEQ_842854,TGATAACCAACGCGTATGAACAGTTCCCAGGCTAAATCGCGATCTGCAGGCTGTCCACTTTTTGGGTGCGCGTCTGACTGGGTTAGTCAAGCCGTCCAGTTTGTATCCCATGTGGGTAAACTTAGTCTTGCAAAATGCTCTGAGCCCCAATGGGCGAAGACTCGGACATAGTAAGTCGCCCAGGATGCTGGGCTATTTTAGCGATGTCGTAGCTGTTCAGTCGTGAAATAAATAAAGAAGTAGTCGCTGCAAGGGCTTACAATGAACTTAGGCTTCTCTTTAAGTATTAGATAGAAAAGACTTGCTTTGGCTAACAATGAAAGAGGGAGCGCCTTTTAATTCTGATAACATGATAGAGGCTCACCTAGGGTCTTGCACGACTGGTAACCTTATTATAGGGCGGCGTTTGGTACCTCTCGACAAGCCCTTCGTGATCAGCAATAAGCGTAAATGGGGGGTCCGATATCGGTATGATGCGCGTGGTAGCTCGTGCAAGTTTGCTGAAGTAACGGATGATGAGCTAGCATAGAGAGACGTTGCGGAGGAAATGCCTTCCATTCACTGCTAAGGTTGCAAGTAGGG,582,47.59,Homo sapiens
SEQ_650301,TAACAAGACGAAATGGCCCCTGCTGGCAGCAGATAGCCTCCTATTCCATCGGAACGAGTCTAGGGGTGGATTTTCCTGGCATCCGATAATACTTGCGGATTGCACGAGTCCCAGCTGGAGCCTCCCGTGTCATGCGAGATTGATCGTGAAGACATCGGTTCGGTATCTTCATCGCCCGGGCGTGTCAAAACGCGCGACGAAAATTCGGTGCACTCTTAGTGGTCGCGTAGACGATGGGGTCATCTGTTACCGCTAAACGATAGTCTGTTCAAGTGAGATGAAATTCATCACGTCGACCGGTCAAGCCTCTTCAGACATCGTTGCCTAGGTAGTCAGCCTACGTGGAATACAGCGGCATCCATCACATGATAACGTGGCAAGCTCACTATCTACGACATAGACCAAACCGGTCAGCTGACAATACGAGTTATGATCCTTTTGACGCACGCGACTGCGCCCGCCTGAGGTAAGGCAAGCCGTGTATACAGTCAGCGCCCGAACTGGATATGGCAGGCTACAAGGGGTAACT,529,52.55,Drosophila melanogaster
SEQ_679565,GTAGCTGAAAATTTGAATCCTACTGCGTAGAGGAGTAATCCCAAATCGAAGAAGGGGCCCTAACGGCTCTTACCTACGACAGTTCGATCTATGATGTGCCCATCTTGATAAATTAGGAATTTATACACTGCTGGCATATAACGTCGGTGCAGTCAGTAGGTAGATTGCGAAATTCTTCGATTAGCCTGTTTGGCTGTCCACATAATGCTATCGAATCAGTGGAGTCCAGATCCTCGTGTCACCTTGCCTGCGTGTGGTAGAAGGACGGCCGGGCATGGCCCCTCGTAAAGTTTGATGGGACTCTAAGCTGCCGCAGCGGGACAAGATCCCTGAGTGGATAAAGACTACGGAGCGAGTGATAGGCCACTAATACCCAGGCGTTTCGAGGCGATAGTTGGTAGGTCCAAATGAACCTGTGACTTCAGTGAATTCTAATTAGGAAATCATCATGAAGAACTACACGTATCCGCTCAGGCTACTTTGAGGGACTAATTCTGCCACCCCACAATATCCTTGGTAGACCTAATTTCTAATATCCTTGGAACCGGAGGGAGACCAGTAGAGCCTGCTACTATCCGGAGCGAAGATACAGGTTGTCGATCAAAAGCGGCATCGGCTAAAAAGCTTGATATTGGCATGCCTCAACAAAACTCCCGACGAGGGTGGGACGGGCACGAGTGAGCATGTCCGACTAAGAGTGCTCTGGTTAGCACCAGCTCAAAGCATTAGGCCTGAGAAAACCGCTCCAGCCCAAGTGGTTGCATCTGACGACATGAAATATCAGACCAAGGCGCACGGGTTGGATTTGTGATACACTGACGAAGATGACCTGAAGGCTGGGAACCTAGGAGAAGCGCGCATGCGCACACTTTTGACCT,878,49.43,Caenorhabditis elegans
SEQ_969283,GCCGAATAAGACGCCACGCTTCTTTAGTATAGGATAGTCGTCACTCGTAGGAAAGGAGTGTGCCACTGATGATTCCTTGGCACAAGCCGCCAGGCGAATTGACGAGAAATTCCCATACATTTGGCGATATTAAGGTACCCCCTCGCATGAACGAATAGAGAAAGGTGGGGTCCGGGTAGGATTGAAGGGTGTGCGGACATACCCATTGTCCAGCCTTATTTGCTCCACCTCTCAGCATACGCATTATTTGCCCGAACACAGACCGAGCCTTATTCTTCCTTATCTGAAGTACGCGTTCTTGAGATATTCTATCACGACTCTATCCTGGATTCGCGACACCCGGACGAACTATTTGTTAACCGCTGTCCTTTGTCAACTCGGACAGCCGAGCAGTGGGTCTCCACCCCCTGCACCGGAATACAGGCCGAAGGACCCCTAGGCGAGTGTGAACAGAGCTATAAGGGGGCGCTTGTGTGGAAAGTACGATGCAACACACAAGCATGTGCTTTAGTTCCTAACCCCAATTGTCCTCAGGACGTCGGGGGCACTACGCACGTCAGTGTACTGTATAGAGGACCGGTCCAGAATGAGTAACCCATGTAAGCATCCTTGTTATAATCACCTGAATCCCGTCGGGTGTTTGCAAACGAGACATCCAATTTCGCATACGTTTGTCCAGTAAGGGGCAAGGGTAGAATCTCCATAGCTCTGACACCACTTGACCCCTCGGCGACTAACAACGTTCGGAAAACCAATAGAGGCGCTCATAAATTCAATATAAGGAAGCGACGTGTTTTGCTCCAGCCAGGTATGTCGAACGATCGTGTTTATTACCACCGCGTGGTTTGAGCTTAAACCAGCGCGGGCGTAGCTCAAGTCTTGCCGTACGTCATACGATGTGGGAAAAGATGATAGGTTGTGCATGTTTTTACGATGGTAATTCTCAGGTAGCATGACACAATCTAGTGTCCGTTACTTGTCGAGTGTAGCGACTTCCTGGCCACACTAGCCCTCGTGTATGAGGTATACGATCATCCATATGTGGGTAGAGGGTCCATCTAGCGAACTGCCCACCTATAAGGGATCACATTGCCGCATGCTAAATGGTCCTTGTCACTCTAGTAGTCCCGGCGGACCTGCTGGCTATCTTTCGGTTCTGAGTGATTCTGAGGATATACCGTATATGTATCTACGCGGCCCTAATTATTCCGGTGTCAACTATATTACAAACCGGTGCGCGTTCTGACGTCTATGCCCATGGCGTTGGTCTCGACCTCCGTTGATAAGAGTCTCTCCCGACACCCTCAGTCCGAAATCCGATGGCTAAGCATGACAGCTTTCTAGTCGTGTGACTTGTTAATACGGCTA,1368,49.85,Escherichia coli
SEQ_850548,TGCTAGGCTCCGTCAATTTTCATTAGGAGGTCGTCACTAGGGGAGCTGAGAAGCGAGGAAGTGAACTTGATCACATTTCCGCACTAGCGAGTACGGACGTCAGTTGCAGTGAATAAGTAGAATTGATACACCTTCAGAGGGGTCCGTCTTACCCGCTCAATTTTCCGCTCAGAACTTGACTGCGAGTTCCGTGACTCCTCTAAACCGTGGTGCAGTGCCCAGCTCAACAGGGGAGGCGTATGCAAAGTCAAATGATAGCACGTGCATTGGGCGCAGAGAGTTGAGGTAACCTATATAATTAGGTGATAGGTCACCCATATACGACGCTCCTTGGTCTTATTAGCAGCGTAAGCGAGCGGATCTCCTTCTTAGGGTCTCGTTTAGCGCGCAGGGCGACGTCATAAGACCAATCTGATACAAACAGTAACTTTCGGCTTATCGTTGCCCAGACGGACGGATCACGCTGCCGGACAACTGGCCCTGCGCAAGTTATGAGAGGCCTAATGTTCTGGAAATGGGATGGCTTTTCAAGGATAATCTTCTACGAGGGACATAGGTTTGTACCCTCATCAGTAGGAAGTCCTAAATTCTAAGAAAATCACGAGAGCATGAAGTTCGCTAGCTCTACCCAATGGAAACGCCACAGCTCAATCGCCCGCCGTTGCACTGAAGTTCAGCTAAAAGGTGAGAGTAACATTGAACAGTTTTGAGACGAGTTCCCGGCGGAATCCCCTAATGCAGGGGGGTCGTTGATGTCGTTATCTGTCACGGGTCGATGGGACTTAGTGAAAACAGTTATACACTAAAGCAAATCTTGTAGCAAGCCAGACTGAGGCTTGATGGGCTACCCACAGATCTTATAATGATCTATCGCCAGCACGTCCAATATCCCACAACCGAATGACTGCACCGTGGTGCGATTCGTTGGCAGGTAGACATGTGGTTTACACCAATATTCCTGCATAGAAACAATGGAAAGCCTACACCCACTCACCGGTGCTCGTTTTGCGTCTTAGAGTCCTCTGCACCTTTCTCGAGGTATATTAAGACGCTCTTCGCACCTCCGACTATAGCTAGGCCTTGGTGCGTCAGATCGTTTACAAGACTAGTCCTGGTTCGGCCTAAACAGTCATTTGACGCACTAGTTAAAGATAACGGCAATGGCGTACCCGAAACGTTAAAGCAAGCCGGCCGATGATAATCACCTAGCGCCCGTAGGCACCTAGTTCATGTATGTCCGCCACTCAGTATATTCTCGGCTATAGGGAACACATTTTGCCCCAGAGCAACCGGGTTATATCACTCCATCAAGTGAGCTGTGTGTAAGCTTACGCCAAGCTATTGCTGTGGCTATCTATTAGCTTCTTATTTAAGATGATCGTAAACAGGAGCGTCGCTAGTGCGAGCAACCTTTGGAGGGATATCCGCGCCACGCATGGGGGTTTACGTGATGCAACATGCACTTGACGTCCCACGCAGTGCGAAAAT,1488,49.19,Arabidopsis thaliana
SEQ_559921,GCCCATCGCCACATAGAAGTCTGTTTGGTATGTGAGACAAACCTGGCGGGTTTCAGCGAGAAATTCAATCTGAAGCTAGTCTGAACATACAGAGCTGGGGACTAGGTACTTTTACTGGACTCATTAGCCGCCAATGCTGCGAGACCTGAAGGTTTCCTGCAACACGTGTACTCAATTTGAAAACAGCAGTCCACCTCGGTGTAGCACTCATATTTCAAAACCCAAGCGAGGTTCTTGCAACGTACCCACTAAGAAACGACGGTTGCTCAGGTATGAACATCCCAGGCTGGATACTTCGTATGATATTTCGCTCTTGCAGGTTGAAAATAATTCGAGATCGCTTGTGCATCACCTCTTGACGACTTCACCCTCAACGCGGAACTTCGATGCAGCCCAAGCAGAACGCGTGGTCTGCCGGAATCTCTAAGCACCACAGTTTCATCAACTGTTATATGGAGGTGGTTAGACGGCCGTAGCTGTAAGGACGTTACGAGGGAGCTCGGAGATCCGCGTGTCAACAATATACTCAGGCGATCAAATACGAGCTCGCGATTCACCAAAAATCGCTGATTATGTAGTTGTTATCAGGTATTAATCACACAATTTGTGAGTAGGACGTGCGGCTGGGTGGTCAGAGCTCGAAGATAGTGCAACAGAGGTGGGATGGCTGCCGTTCACCATCAAAAGAACGCACAGCGGCGTCGAGGGCGACGATTTCCCGACTAGACTGAAGTCGATAACTTTCAGCGCAAATGTGAATTGAATATAGTTCCGGGCGGGCAATTCAATCTAATCGACGAAAGTCCGGAAACGCCGACAGACAGCTGCTGACGCCCCCATGAAGGTCCCGTTGGACGCCGGCAGATCGGCAAAGCGATCCAGTGTCTTGGTCTATGAACCCACGTAGGGGGGAAGTGACATTTCTTCCGCTTCTCGGGCGAGTCGCCTATGCAAAGTCTCATTCATCAGACATACTGTAGGGTTCAGCCAAGAGAGCCCTTTAAACTGCTGACTATAAAACACAATCTTGATGACTAACTCAACTTAAACGTGGTTCTGTTGAACTATTAAGTCCTATGTTCCCTACCCGGTCGAGAAGCCAGCTCTGCACTTTGTCACCGCCGGGAGGGTGATCGCCCGCAAAGTCAGCTCGTATCACCCACCCTGACTAGAAGTACGAGCAAGTGACGCGTGGCCCGTGGGCGAGAATGGATTCCCTTTATTAGTTTAAAAGACCTCTAGTGACCCCCCTCCATACGGGAGAGAATCGCCAAACGCGTAGAATCAGCCGACGTATAGAAGTAGAAAGCACTAGTTCTCGACAGACGGAATGTGAGTGCGCGACATCAGCCTTCTATCTAGCTTGCTTCGGGCAATCCTGGAGGGATATTAGGAACATTATCCAAGAAATCAGTCTGAACTTACGTTTGCTTGGTGGACTTGATCTAGAGGGGGGACAAGTCTCTGCCTCAAAAGGTGATTTAACGGGAATGCTCTTTTTCCGTTCACAC,1511,49.57,Arabidopsis thaliana
SEQ_932020,ATCTTACCCCACGTAAACCCAGTGACCGCACACGATGGAGTCGGCCGTGCTAAAGGGTAGCTGGCACGCACCAAAAGGACATCTCAAGCCGAGGGCCCTCAGACCACGTACGTCCCCGTATAATGCGTTGACACACAGTGCCACAGGAGATACGCCGTACCGGTGAAGCCCTCAGTTACGCGCTCGCGCTCAGCAGCCTTGCCGGAATCGTCTTTCAGTACTTGTTAGGTCGTAGAGCGGCTGCTGTACAAGTCTGAACGTTCCTGTTCTCACAATGCTAATACTCACGTTTAACAAGTGAGCGACCTCCCAAGGGACTGTGGTTACATGAAGATCCCGAGCCTCTACCTTCCTGAAACGACTATCCGTTCGCCAGCGCCTTCTGAACCGCAGTCATGTGGGCCCTCGGTCGATCAAGCGACAATGAAGTGTGGAGGGAAGAACTAATGCGTTTAGGTGTATCCGGCTCTTCGCAGATGATGATCGCTGTGCGAAACTCAGCAACGGGAGTGTCCACTTCATAACCGGCACCACGACTGTTCCTCCGTATCTGTGCATCGTGCTTGCATTGACCTAAGCTACGTCGCGTGATGATGGCTAGAGTGAACTCACATACCTAGAAGCGTCTTTATAGCCGGACGACTAGGATAGAAGCCACTCGATGCCCTATTTCTCGTTATCCGCCAACTCCTTGGTAGGAGAGGGTTTCAACTGGGCTGCAGTTTCGTACCGCCGAGCCAGGTCCCACCTCTGAGTATTAGGGGTATTGATAATTATGCAGAGCATCCCAAGTGTAGACATTCGAGACAACATCCTGATTTGGATCGATCTTGCTGCTCCTATTCGCATGCATCG,855,52.87,Arabidopsis thaliana
SEQ_626695,TAGACGCCTACGCGATGTATTCCGCAGGGCTACCTATCAAAGCTCAGCTTTCATTACGATCAACGAAAGTGCGATACGCGGACAATGACGTCCTTTCCGTGATAATCCCCATAGTTACGCTCTTGTAAGTTGCGCCCCTTGCCATTACATAGTCACTGCCAAGAGTCTTAGGTACCAGTTCACACGGCAAGACCAGTACGAGTAGCGAGGAACAATGTTACCGCTCACATGTGGGCCCTCCCTTGGAGTCGTTACGGCCTTAGCAAACACACAGGACTAGCCCAGTTTGTTTGTCACGAAGGCCGATACACCCCCGTGAGTAGTTAGTTACATTTTGCACTTGAGAGCGACTACGTCCACTTCTAAGCTAGAAGGGATGAGGTGAGATTCATTCAGCCGCACTAGAGGTATGAGAACTCTAGCTGTCAGTTGTAATCACTGACTTACTTAGCATGTACCCTCGAATCGGCCTAATTTAGCAGGATAGGATAATTTGTTCACCTATTGACCAGTTGCTTACATTATCGGGCGTACCTAGCGTGCATCAAGATTAGGGTAACGCTCTCCCACCAAGACGTACCAATACGCACGATAGCTAACGAGTGTGGACTTTGAGTCCCGTAGTGATTGTGGATATTTATCCCACCATACGCATACCCATTTGATAAAGTTCATCACGAACGATAGAGAATCAGCAAGACTAAGGTGGTTCTGCTACGCTCCACTTAGTGAGTCGACTGTGGCGTTACTGGACCCGCGATTCAGCTCCTTAACAGTCTACTGTTAATGGGCGTATTAGATGCCAGCCATAAGATTGAACTGTTAGATTGCAAAGACCGAACATGCGTCCGGACTGACCGGTCTTGCCTATGCGACAGGCTTAGGGAGATGTAGCGGCCAAGTTCTTGGCCGTATAATGCCCGAGGGCTTGTTTCAGACCCAACGCTAGACAGCGCTTTCTGGGGCGAAAGGTATTTCAACACCGGCCGTTGTACACGAACAGTTTCCTGGGAGCGTGGACGCATACCGGTGCAAGAATTTTATTTCAACATATAAGAGGGTTTGGCCACGCAGGAAGAAACCCCACTTTCCACTCCGGGACAATCGACTTTAGCCGTCTCGCCTCTCATCGCTCTCGGTCGCAAGACACCTCATGCTCGG,1161,49.44,Homo sapiens
SEQ_341786,AGTTTTACGCGACGGGGCTTGGTATCCAATAGTGTCGGGACACTAAAGCCAAATCGGTATGCTTCATGGTGCTTAAAATAAACTCAAAAGTGTGTGGGCCAGGTCCACATGAGCACTTTTAGACGCGAATTGGGACAAGGATTTACAGACTCAC,154,46.1,Saccharomyces cerevisiae
SEQ_705884,CATCAATCAGTTCAGTGGTTGCCTCTGATCTGCTTGCGTGGTGCACGTCCAGTTAGAGCGCGCTTCTACCAAGTTCCAGCGAGTGGTGTGGGAGACATGTACAATTTAATTCGTCTCTTTGGGGCCTTCTATCCGTTTGTAGTATGTTTAGTGAGTAGAACGGTTGCTGGTCAATTCAAAAGCCCGTCGTTGATAATATCCCTAATAACAGGGACGCTGGACGGTCCGTGCATAATCGGTTCATAACTACTTACTTTTTTCCGCTTGGCCCGTTTGTCACGTCCAGGTCACGATGCCGAGCCTATTCCGGCACTGTAGCAATTCCTTCACCTTGGAACGCAGGTAGATTCAGGAAATTCTAACCAA,366,48.09,Saccharomyces cerevisiae
SEQ_667272,CCCCTTACGTGCCGTGCACATCAGCCATCTCCGTGAGGGTTCTTGTGTATAAAAAGCAT,59,50.85,Drosophila melanogaster
SEQ_617634,ATAGGCGAATGAAAATAGTTTGTCCAAGTCCACGTCAGGAAATGTGGCTTCAATCAATCAATCGAAATCGTGCATGGGCATCGGTTGTGCGCACCTAATCGTATTTCTGACTATGTTTGTGCTACCTTCGAACCCGATGAGAATGAATGATCAAGAACCTAGCCTCTCTTTCCGTGCGTCTCAAAGGAATAGTGAAATTTACTTAGTAATCGCAATGCACTTTGCAAATAAGGTAATAATCAGGCGAAGCTTAACACTTTAACTGCCCTTCATCTCCAAGTGCGATTTTATATCCCGCACTCACTGATAACAAGACTGATTCACTTCCTCTTCACAACTTTTTATTCTCCCTACTGCACAGGCAATACCGCCGATCTCACTCCATCTACTTTGAATCGCTTAAGCCTGCCGTCCGCCAACCTGTGTTGGTCCGCGTTTCGTCAGGTACGCTTATGTATGCCAAGAGTATCGTAGTGACGTACACGACTTCAAGAGTGGATAAAAGTCCCGCATATCCCCAACATACAGACAAGTTAACGATACTCAATGAGATATGAAACCGTCGAGGCTTGTCCATAACGTAATAAGTCTTACCGTCAGTATAGGCGCTCCTAAGAATTCCGACAACCCACCGGCGAGTTATGTGAGGGGGAATGATCCTTGGCTACGCGGTAACCTCAAAACCTTGTTAGCCACCACGTCACTAGTTTGAAGACCATCCAGCATTTCACTTTACCTGCTGCGTAGTTACCGTTGTGAACTTTCCTACGTTATGCGCCATAGTACATTAGGCCGTATCAATTTAGTAGCTCGGGGTGACCTGTGAGTTGAACCCGATT,839,45.17,Arabidopsis thaliana
SEQ_537023,GGACTGTCCCTCGCCTGCCCGAATTAGTCTAAGTGTATCTTCACCTGTTTTACCTAGACTGAGATTCTCTACGCTAACCATACGTATCGATCCATCGAAATAACGAAGCCTAAAGCAAGGCGAGATAGTTGATAATTGAATGCGGTATTGGTGGGATTGTGTAGATAGGTAAGTAGCCGCATAGATCCACTGATTAGGCAGGATGCCAAGCGGCGTGCGATAGCTCAGTTCCGAGATAATTGCAGCGGATACCGGAGTAAGCCCGCACCGGACGTATATACCGGTCGTGTCATAACCGTAACATCTAGGTACCTTAACCTGGTACACGCTAGTAAGTCTTCGGATGGCTCACAAATACTACCAGATCTTCCTCACCTGATCGATGTAGGTGCACGTAACTGAAGTTCCAGGCGGATATAGGGCAGTGATGAGTGTCAGGTGGAGAGAGGGCCGAACCATTTTGTATTTATATACTTAGGACCGGAAAAACGAGGAAACACTGACTCGACGTTCAGCCCGTATCCGGGCCCGTGATGAGCCCGATTGCCATTAAAGATTGGTTAAAAACCTCATACTTGAAAGCATATAGTTTGGGCCGCTCTTCGTCTCTCTCTTATCACACAGATATCCTTGGGACCAGTTCGCGCGCAGAGCTCAGGGGAAACCTCT,669,48.43,Arabidopsis thaliana
SEQ_311423,AATCACTTAGAGGTCCCACTTCGGAACGCTGCTGGCATCCGTTGACCATATTGCGTTCTCTTTCCAATGATGTGGAGCCAAATGGGGCCGAGGGGCGAAGCTCCCGCATGGTACATTGTGGGTGCATGCAGTGGCATTAGACCTCTCTTCAAAGTTCGACTCGCTCCGGGTTGTTAGATCTACCTCAATTAAGATCGACGTGGAGGGTGAGACCGGTCTTTAATTAGCTTCTCAAGTGGAAACAATTCAAGCCCATCCCTAATGTCTTACTACGCGAAGGATATGAGTCGATTGCTTTCTAGTCCCCAGCTCGACCTATCCCATAAC,327,49.85,Saccharomyces cerevisiae
SEQ_357155,CACCGTAATTAGTGGCGCCCGCCCCGTACTCTATCATCTTCAGAGCTAGCCTTTCCCTCAACGGACCCCCTAGTACGTAAGCGTAGCGGCGTAAAAAACATACCAACACAGCAAAGGGTGGATATCACCGGCATTTGTTGCAGATAGTCAAGGTCGTAGAACCACTCCATACTTTACCCTTAAGTCCCCGGAGGTACACGTAGGACTAGTAGCTCTCATATTTGACCTGGACATCGACGAAGTCGTCCTAATTCATAACGCCTAACTCTGGATAACCAGCGGGCCGGATGGGTGTGGTTGATTCTCCGCTAATAATGGCGGAACAGCGATGATATTGCGTCTCAAGGCGTTAATCAGGTTAACGGCTGCGAGAACACGCCATCGCACCGGAGTCACATGGGAAGCACCATCAATTTATAGGTTATAGAACAATACATACATTTAGATGAGCCCTGCTAAGGTCCCTCACTGTTGGGGGGGAAGGGAGGCATAATCGTCCAAAATCGTGAGACTTCACTTACGTACTTTGAAGACGACTGGTCTATTTGCACACTCGATAATGGCGATGACAGGACCCCTCTGCTGCGACAGGTTATAAGTTGGTGTGAGCCAAAATCCTAAATGGCCGTTTTCCGCATAGGTTACATAGTCGGTGATACTTAATCGGCCGGCGCCGACGAACAGGAGACGGGTACTCCCAGTGACGACATCTTGGGTCCCGCTAGTCTTGGATGTGCGTGGCAAATCAGCCCTTACCCTGATGGGCCAACAGGTTCACGAGAATTTACAACAGGGGTGTTAATCCTTGCCCACCCTGACTTCGCGCGAACCCGCCGAGGTAGTAACCGTGTGACGACGCTCGACTAATGCGTAACGAATACCACAATTCGCAGAGTTACGGGTGTTATAAGGCTGGATACAACCGACATCCCAGAGTCTCTCGGTGACCGTCCGAAGGCTTTTTACGCAGAACCTCGACAAAGTGCGCACGAACCTGAGTGAGCTTTAGGATGCGGCGGACATGATGATAGTGAGCGTTGTGTTGCAACTATGTATCAACTATCCTCAAACTAATGCCCCGGATTTGCATTGCGAATCGGACTTTATTTGGCATGACGAGTTCCCACTGACGATATGGTTGTTCGCTGTAACCGTTAGATGCACGCAAGTCCGCCGAGCGCATGGGAGCTGAGCAATCGATGCCTTCTGCACATGGAGGACGTCGTGCGCCCCTGGGAGACCAGTATCAGTGCCTTTCAATTGTCGGTGTGGGGCGCTCTAATGGATTAACAGAAAAAAAAATGGTTGTTTATCGACACGGAAAGGCACGTACTCCATATAGCTGTCGCCGCAATCCCTGCTGTGTAGATGAAGTTGTAAGTGACACTCGAACGCTCGCATCCCCCGAGCGGATACCTCCTGCACAACTGAACAAGTTGGGGACGAAATCAGGCTAGTGACA,1462,50.89,Drosophila melanogaster
SEQ_898343,TCTTCTTTAGACAAGCTGGTTCTATTCATGAAGGCTAGCCCCGGTCGAGTAAGCAGCGATTGCTGTATCGTGTCTATGGGCATCTAGGAACGCTTCCTCCGGAGTGAGGAGCAGCAGTAACGTGCGTCGGAGCGCTTATCTCTACAAACGTTCATTACACGCGTGTCCGGTGACGTAAGCCGGTTTCTCACATCCAGCTCGTAGATCTCGTGAGTTCCCATTGGTAATCTCATGACCATACTCAATGCGCTAGAGTCTAAGGCACCCCATTTACTGTTCGAACCAGCTCCCGAATGGTCTCTCGGAGGGTCCATCGTTAGACTTTCGTAGGTCGAGTACCAACGGCAGATCGTGGAGTAATGCGGCAAAAGATCTATTGGTAGTGTTATAGGTAGTGGTTGTAATCGTCGAGAGGGGACTCCCACACCGATGACAGTGACATTCTAGGCTTACCAGGAGACTCACTCAGGCTTCAATGAGAACCTCTGGGTCAGATGCTCAGTCACATGTCCCGTTGAATAGCAGTCTGACGCTAAATAAATCAGGGAACAAATCCATCATGAACTCCCTCCCGCTGAGGTCGTGACTTCCCGAGAATACGTTAGAAGTAGGTCCAAGTTTACGCCACGACTCCTGAGCTTCTACCCAAAAACGTCGATTGTCTCGAGCTGCGTATGTGTGTTCAATGTCGCACTCCCGGCCTAACGCGGTAGGAGGAGCATTTGGTCCACTCATCTCTATAGAGGTACGTCCCGTTTCACCGACATGTATTAGAGCATAACGAGCCGGCATAATACATCTGCAATATATTGTTGACAGCCGGAGATACGGAGACCACCGCTCGATTTTGGAGACACGGTCCGAATTCCTGGTTTTCCGGGTAATTGTGAAAGCCAGTCCTGGAAGGCGACTAATCTGGTCGCAATTGCGCTAGTCCAGATTGTACGATGATACTAGCGTGAGAAAAGGCCGCACTAGCGGCTCCGACTGATAGTTCCTCGGACCCGTGTAACGCGTCACGCCGTTTGCTTCGCCGACCCCGCCCAGGTGTAGGCATTCGAATGTTGGAATCACAAAACATGACCGCATCAACTTTACCGGTTATTCCACTGAGTTGACCGATCATCACCCTTTGCAAGAACATACGAGATATCAAACTAGAAGACCTTAGGAACGCCCGTAAACTTCCCGGTCCCTAGCCTCAGAGGGAAGCAGGACCGGCAGTAGTGCGTTTAGAGACTGCGCGAACTTGTGTCGCCTATGGGTGGATCGGCCACTCAATGGAGACGCCCTCGCTATCCATTCGAATTGGGTCCTGCCCCGGAACAGCGTGGCCTAAGACCAAGAAAATCCCTCTGTCGGTCCGCAGCGATAACTCGAGACCGTCTGTAATCTGTGTTCCGCAGTTATCAAATGCTTCCGCGGCTTCTTCGACTTCCGGTCGTGCTTACTACCTTGAATAGCACGTAATTCGTTGTTCGCCCCGCGACTAGTAGCGCCTGCGGTCTCAATCGATGTCGTGAGGTCGGATCTTAGAGACATAATGTGGTGAGTAGGCGTTGGTCTCCCGTTTAGGAAGTGGATTTTACGGCGGTAGGGATATGTAAGGACATGCCAAATGGCAAAGATCATGAGGA,1637,51.31,Arabidopsis thaliana
SEQ_578359,TGACGTTGTGACATTTACTTTGGGTAACGGGTCCTGCCCTACCCATCTCGAGACAGTAGGCCCACATCCCACAGGAGGACTGAGGCTGATATTGCGGCGATAGGACCCTGAGAGCGTTGTGTTTCCTCGCACCGCCAGAGTAGGTCCGACGTAATAAAAAGACGTAGCGAGCTACTGACTTCGCAGGCGTCTTAAACTAGTGGTCTTAGCATTAAGGTCTCGCGCCCCCTCCTCTCTGGGGGGACCTAGAGCGGCGCAGGCCCCGCGTTCTAGTCACCGCAGCGTACGTTCGGCCACACGAATTGAAATCGCCACGAGAGGAGACACCGGGGCATCCCATGAGCAGCGTAAAGCGCATGGCTTACTGACGTAGGAAGGCCAACTCTTCAACAAGGCGTAGTTTAGGTGGGACCGGCAGTAAAGGACTGGGTACATCAGCAAATGAGATATCTGGTCGGTGACAGGAGCATTGTAATCCTTTAGCTCCCGTCCAGAGAGTGTACCCAGACAAAACTACGGAGAAACACACAGGCCTAAACTGTAGATCCATTCAGGGTAGGCCCCCTCCGCGCATGTAACATGGAGGGCTAGGACTTATTGTGAGTATTGGCGGTCTACGATATAGAATTTACCTAATGATCTTCCTGTTACCTGTGAAGAAGCAAACTCCGCCAACAATGGACATAAGCGTTACGCCGTACTACTTTGGCAGGGTCTGAGTGTCTTTTTGGAAAAGGTGCCCTCGAATGTAAATACTAGGCTTTCTCAAGTCCTAACGCTGATCGGGATTCCATGTTTCGGGCTCCACTAAAGGAAAACCGTTTGTCGTCCAACGATGATTATGATCAGCGCCGGTCGACTGCGATCTATAGGTGGATCCTAGGTACCTTCTAAGGTCGCCCCAAGGGAGGTAACCAATCCATCACACTTTTGAAGTCAGATCTGTCTATGCACGATAACTCCTATGCCAGCCGTCACTTTACTCG,986,51.62,Arabidopsis thaliana
SEQ_791960,CCGGAAAGCATTCTTCCATGCGTCCAATAACAGCAAATAATTGCGCGATCTAAAACACGACGCGAGCATTTTCTACCGGTCGTTAGGAAACCCTTAAGGTGTATATTGACTCGCCCATCTTCAACGAGTGGCTGGAGGCCGCCAGGCGAGGGTGGCACGACCGAAGTTAGCAAGTGCTCATATGTTGCATTTAAACTCTCCCGGTAAGGTGTCTGTTCGCTCATATTCTGTCCCTTTAAATCAAATACCTTCGGACCTATCTGACGGTAATGCGAGTATATTATCGGCTTAGTAAGCTCGCCACGCCCAACGTATGTGGACGAAGTCCGCGATTGTGCGTTTAAACGCCTAACCTCCAACGACAGGCAGATCAGTTCATGAGATCGGGCGGTGTCCCGGGAGTGCAACGATGTTTCCCCGCCACGAAAAACGAGTATCTACCGTCGCGGGACGTGTGCTCAACGTATAAATCAAGTTTGGGAGAATTCAGGGGCGCTGTTAATCCAAATGTCTATGTCGGTGCGCGCCCCCTGTTGGGCCTCCGCCCGGTTCTTCGACCTATCAGCCACTGGAGCGTGGCAAACAGGATCCAGAACACCATATTCTCTTATTCGATGTGAACGCTCTATCGAACTTGTGATATCAGCTGAACGTCGTGCCTAGATAAAGCGGCCTGATTGATTGACTAGCTGTAGATACGCACGGGCAGGTATTAGCACCTTAGACGTTGAATCTCCCCGAGGATCGTGTGTGTCCATTCCCCGATTCTGTATTGTTTTGCCGCGAGTGGAATGGACTAGTATGCCTCCCAGTCTTTCCAAGGGTAAGGGAGTAGCTAGTTTTCCAAGGCGTAATTTTAGGAGAAGGAGTGTCGTTAGCCGGATGCTCTTCGTTCTAAGTTGCCGAGCAGTAGGGGTAGGGGTGCACGTCGGAGGAAACATAACTTTCAAAACTCCCGTTTGCATGCTAAGACTCTATGTCACGATACTCCGGAAGTTTCTGACAGGGCTATGACTGGTTAAGTCGTGGTCGCCTCTGAGGGAATGGAGAGGGGGAGGTGAGCACGGGGGTTACGTATGCCCATTTCGGCACTGATCGGTTCCAACTGAGTCGGTATGGTTTCAACAGGCGTATCTATTGGTTCAAGGATTTGCTGTCCCAAACGTCTCCAACTCAAGCTTGACGACTCTAATCATTCTGCCGTAGATTCCTCGAGAAAGTGTCAAAGCAGTGGCCGAGTAAACACGATCCCACAAGGGTGATAACCATCTACGTCCGAAATGAAACATTTCGTCCCCACTTAAACCGGGATGCTCCAAGTTCATCTGACATGAGACGGACGAGTAGTCGGGGTGTACTTGAGGCCACACATAGTAACCCCGCTCACCCACACAGCGGTACGCTAAATACTTTAACCTACATGATGAGACCAGAGCGGCAGTACTCAATTTCATCCACAGCATTTTTAATTATCTGCGAAACCAAACGGATCCGAACCTTCTACATCGTGCTTTTCTCAAATAGACGTTCATTAGCTGTTATAATACATCGACAATTAACCTCGGGGAGGTCTCTGGGCCATCTCGTCCGATCCCCGGTTTGTACACCACGAACGTACTAACTATGTGATCGGACCCGTCTACAGTCTGACGTGAAAGGGCCTACTTATTGTGTATTTAGCAGGCTATCTGAGACTCTATCAAGTCCCGGCTCAGTCCTATATCACAATATTATATACCCAGTTGCCAGCCTCAATGGTGCGCGGTAATCGATCGTTATTAAGTTATGGCGCTTATATTGCGGGATTTACCTCCCCGGACGGTCGTGTAGAGCCGGCTCCATCTTCCGGAGAAAGCGTGTGCGGACGGTGTTCCCCATAGATGTGGGGGATTAAGGTTGAGGGTGCCCGTCGCCGCATATCGTACCCCACTACACGCGGCCTCTATCGGCAAGCGTGCGAGTCTTAAGTCTAGGAGCTACGCCTCACGAAT,1991,50.23,Escherichia coli
SEQ_868857,CATGTTTGTGACCGCGGGTAGCAACCTTCTGTCCGAGACTGCGTCCCTTCAAGATAACAATGATATATACATGGCATTAGTATAGCTGTATATCTGAAGGCACAGCCATAGTGATGACATTATAAAAATAAGCGTAAGTACCTCACCCTAGGATTTTAAGAGTATTGACTGGGGCGCGGTTAACCCGTCAGCCCCTCTCATTAACGAATGTTTCCTAATCTTAGAATTTATCTGAGCACACCCCTTAAAGCCGGGCCTTGTATTGCGTTTTCGCTTCGCACGCTCTCCGCTCCCCAAGATGAACATGTGGACGCCCACCCGCAGAGACACTGAGACTGCGGTAGGGGAATAGCCTTTATCCGAGGTTATCTAGATGGAAGTGTTAGGTCACACTAAAACACTATTATGTGGGTACCAGTAGGGTCCCTTTGCATTCATAGTACGTATTACTAGGCCACGCTGACCTAGCCCGAGTCAGTACCAGATGTACCCCAAAACGCGTCAAATATGCCGCTAATTTCAGCGAACACCTGTTGACTGAGAGTGCAAGAGGGCATGCCATCCGTGGAGGCTCGAGTAAGTTCCTGAATTCGTTCTCGCGATACGATTCAGCGGGCGTGGTTCAGCCGAGTGGATACTGACTAAAGTTACGTACACCCGAATGCACTGGAGGTCAACCTACCATAACGGACTACAGGGTAGTGCGACATAGCCTCGTCCAAACACCAATAAACAACGTTGAGCGCGTCTAAGTAACGGTCCCACCTTTATGTGATCGACAACCAAAGTGTCGGAGGATAGCGCAAAAGGCGGTAATATTGCATTTTTATGTGCCATGTGAGCCAGGTGAAGTGGCTCGTCACGTACGATAGTCGCAACCTCCTGATCACTTAGATTTTTGACCACCCTTATTATCTTCGTGCATTGTCATGACCTTCCTCCCTAACGATTCCTCTGCGAGAGATTCCTAGCGGGGGGCCTGTAGTGTGGGAAGTTTTCATATCGACCCCGGGGTTCCGCGAGGCCATAGCCCTTCAGCAAGGTGATAAGGACGGAGTGCGCATAAACGATCAGTGCCTAGGTGAATATATTATCATCGGTAGACATATAGCAGGTGTAATATGACCTCTCGTGGGTCAAGATTCTGTCATAGAGTCCCTAGTTACGCTCACAACTCACGTACAACGTCGGACTGCGTGATTGCGATCAAAAGGGCAGTGGAGTTAGACCGTCGGCCAGGTAAATCATATTTCGTCCGTGCATAACGTTGTGGGTAACCGATTTCTCTCCACAACAGTGCGTTAGTTCCATCCGCCGGTTCCTCATTGAACGCTGAGCGTGGACGATACCGCTGTAATGGTCAGCCTTCTACGGTGTATTAAAGGTAGTGGTCAAGGCTAAGGTATGGGGATACCAAGAATTACTATTAATCGAGATAGTACGTGCGGCGGGCGTGTTGACTTGCGTCATGTACTGCGCCATAAGGTCTGTATAGTTTCCTCAGTACCAGTGTTTTTGGGCTAAGCCCTGACTGAATAACCGGATCGCCGGCGGGCGTAGCAGTTGTTGGGAGACCGTTAATTTCGCATTGATCCGCACACAGTGTTGCACCCGAGTCTAGAGTTATCGATTGACCCCCAACGGCGAAATGATCGAACGTATGAGGACCTTGCGCGCATGACCACGGTACGCCGTCCACGGGACAGTAACATTACACGGCCACCATAGCCAAATCAACTAATTAGACTTATGTTGCCGTGAATAGTGTTCTCTTTACTAGTTGGTCCCAAGCTTGCACTCAAACTCTTCGCGGTATATGACCGCAAACTTAGAAGCGCT,1839,49.1,Mus musculus
SEQ_868207,TCTGAGGAAGAAGGGCCCACCCGCTTCTAGGGACTTATCCACGTTACTGCACAGACGTCTGGACTTAATGTAGCTGACACCTCGGGAACAACCCCGTAGTTCCGAGCGTATTTCTTATAACTGGCAGAAAAACTCGTTGCCTACGGGTCGAGTTCAATTCATGAGTAGTCACAATTAACGAAACGCCTCTTACCTAGCAATCTAAGCGTCGCACTATGCACTCGTCTAACGATCGTAAAATATGGTCCTCTGTTTG,256,47.66,Homo sapiens
SEQ_943114,AAACTCACCGTTGCGTGGTAATCGTTGGTGAGACCCAAACACGGCGGATAACCGCAGCCTTAACTAGCTTTCTGCGCGATGATTCTGATTTCATGGGCCCCACTCGACAAGTGATCAGGTGCTCGACGACG,131,53.44,Mus musculus
SEQ_248414,CGCCTAGTCACGTCCGCCGTGTTCCGAACACTTACAAAAAGGACCGTATACTCGTGAAGTGTGGTCCGGTGCTTGTAACGGCGCATCTGCAAGAAGACCTCGGTGGCTCCAGTCAAAGATAGTATGTCTTAGTCTCTTAAAGATCAGTAGCTCGCTACGGGAGGAATGGGCGAGCCCGCAGTTATCGAGTAAGAACGGGGTGATTGTTGCGTCGTGATACTATCACTTTTAGCCACGTGGATCCAACTAAAACGTTACATGTTCGCGCTCTGACGGTGTTCGTGAAATAGCCTAATACTTAGTTCTCGCTTGACTTGGCAACTAACGTCAACGTTTCAGCTAGTTCCACCTGTGCCAACTACAGCAATGCACCCCTATAAAGACGGCTACTCTGGATCCTTTCGTCACTGGCCTCATGACGCGCAGCAGGCTACAAACAAGTCTTCTTGGTTCCCTGTTCGATAGGGAGGAAAGTCCAATCTCCAAAAAGGCTTCAGTAATTTTGCGTTAAACTCAGCAGTACGAAAAGGGATACATGCGCTAAGCCCGGATCTTGGCTTGTTTGGAAGTTGCCTCGCAACCTCGAACACAATCTCAACGACGACAGTCAGAATGATCTCCCGACCGGAACAATAGCAGCGACCGTGATTAAAAGTTTCGGCTAACAATCACACGCACTTTCCTCGGGCTACAAGCGATATCTTCGACTATTGTAACCTGCGCGCCAGCATCCCGACGAGACATTCAACGGTGGATGCCCAAGTCCACCGCAGGTCAGCCTGCCAGACAGATAACGAGTATGGGGTAATAGTAGAAACGGGAACCCGAAGCGGCACGTATATTTTCAATTATACGATAATCGATGTCTAAAGGGGCTGACGCTCCGTTTAAGTCGACCGTGTACTTGTTGCCGGTGTTGCTTCGCACGAGCAGTAACAATCTAATCGTCTGCGATAGCAGAAAAATTGGAGGATAGAAGCCTCATAACGGAGAGCCTTTTGGCGAACCTCTACGATTTAATACACGATGAATGAATGCGTGATTAGAGTACTATCGAGCCAGATTGCTCCAACTCCATGAGATGCGACTCCATCGGGAGGGACAAGAAAGGATTGTTCGACCCCCTTAATTTCGGCTAGGCCAAACATAACGCCTGGCCTGCATGGACAAAATCATGCTTCTATCGCACCAGCTCGACTATTCAGTATTACATCAGCCCGTCAGACAGCCATACCTATTTGTGTAACAGTCCAACTTCTAGCCTTTCGTCGAAACTGGAGAGTAGGCTCACGAAAGGTCTGAATTTTCCCAGTTCCCCGGAGGCGGCAGCTCCACGTCCCCGACGATGTCAACGCTTGTTCCTAATATAGGCAACTGCTAAAACATGGCTGGCGTGCGTCCACTCACGCGTATACAGCGTCAGGGGAGTCTCGATCGGTTTACACGTTTGAAGCCCCGTATGGGCGTACATCCGCGGACGTTGGACATGCAAGACCCCGTTGATTCCCTTACTCCTGTGTCTGCACCCTCGAGGGATGCAGTATATTACGGTCCGCACCAACTAGATCTGAGTTCAGTGGGCTATGATCCGTCGCATCGTACCCCACAAAATGGCCAGCGGACTACTCCCCATACTTCTAACAACTCCCTAGTCGTGCCGTGCCAGAGCCTAGCACTTACGCCTTCGAGTCCCGCGAAATTCCTCACCAGC,1711,50.5,Drosophila melanogaster
SEQ_210119,GTCTGCACCACCGGGCGCACCGTGCCTGTAGAACATGCTGCTCACGAACTTATCTCTACGGGCTATGCGTATTGGCATGACACTTATGAGTAGCCTTTATTTTGGCGTTGTTACTCTACTTAATACATTACACCATCCATCACTCTCCAAATGAGCGTTCACTATCTGGCAGGCCTGTATTCACATCCTAAACGGAACACGTCCATCACCCACTCTGGAAAGTTTTCACAAATGGGAAGTTCTTAGATGAAGGTTTGGAAGTCCTTTCTCAAGACCCTGTGCAGCCCGTAGGGAAGAGTTGGATGTACTTCTGCTCGCTCGGTCTAGTGGAGATTAGTTAGCGAGGGTTTTTGGTTTCTGCACCCTGGGCGACCGCTTCCAGAAATACTACGTGGGCTAAGTGCCTAGCCTTGATCATCGTAAGCCAGCCCAGCGGGGGAGCATCTCATCGTGCACTTGGATGAGAACTAGCATCCTAACTTAGGCTTTGCCGTTCATGGGCCATGGTGATATCGGTGCGCATCCTGGGGCTGAGGCAGATCGAAGATCATTCAACGAAATCACTGGGTCGCGTCAAGGATAGGCGGAAACCAGGGTTGGAGACGTATCTCGCCTGGGGACAACTCGTGACGTTTGGTCCAACCAGTTTTTTTATCAACACGAGACTTTGGGGAGGGTCCTCCCGTGTCACGCACGGGTACCGCATACGGATCGTGAGGATGCCCTAGTTAGGACTGGCGGTAACGTTGAATCTCACCAAATTATAGAATGCAATGCGAGCAATTCAGACCGCGGTCATAACTGGTAGACGAAGTGGCGTTACAGGCAAGGCGGCTCGCACATCGAAGGCGGCGTAATAGCGTCCGCCGAAGATCTCATTCGAACTCGTCCGGCCTACGTTCCTGCAGTGTCGTCTCATCACGACCCGAGAGTATGGATTAACTAAAAAGCAGACGTGCCCGGTGTCGTGTTACCGAGCGGAAAGAGACATATCTAAGTCCGTAGGCGTTCAGCATCTATTGAACCGTGGTTCGCGGCTAATAACGTCTCAAGTTTCCAGACCGTTGCCTGCGTGATCTGCTGCAAAATAGAGGCAGCAGGAGTACTTCAGGTTGAGAATTGTGCATCAAACTGGCACCACCGCGATCTCGTACGGTGGAGGCAAGCGGCTAGGAAAGGCAACTTGTGAGCCAGGTTTGATTCCATTAGGCAGTCAAGTCTTAACATCACGGCCATTTACCGCGTAAAACGTCGCAATTC,1260,51.43,Escherichia coli
SEQ_333712,GGGACGTAGTGACGGGCCCATATCAAAGCCCGGATGTCCATGGGGTTTCTTCTAGAGCAGCACCAGCAGCCCGTATGAAAGATGTTGGTGCCCTGAACTTACTCGGCATGAGGCGGTCATTATCCAAGGCATATTTCGGGTGGACTACTGCTAGCGTCCCTTGCAAGTAGCATCAAATCCTGTATGGCAGAGACGATCGGACCCTGCCCGTTCCACAAGCATGTCATAACAGGGGATACAGCATTTTCCGCTCGTCGTGGCGAAAGTTAGCGTCATCCCATTAATCCACTCCCATACGTGTCCATCTAGTTAACAAGCGATCATCCCTCTAATTCGACAGGTAAAGATTCTTGAGATCCCAGACCCTATGGTCTGTGTCTACCCTAGACCATAACCGTAATAAACAACCTGGGCGCGACGCCTATGATATTCTGATGAGCGCTGTTTACCGTGTCCCCAACGAATTTCTTAAACGGGGGGCTAGATTTCCTACTGTGCGACCCGATCAATGAAACCGTTTTACTTCGACAGAATCTCACGTAGCGTTGATGATATACTGTTGCTGACTAGGATGTTTAACAGGCACCGGTCTGCTCGTCATGCAAAGGAATCTCATCCAAAAGACCGGTGGCACAACGCTCAGAGACCTTGCGAATATAACCATGGAGAGCAGCCCTTCATATGCTGTGGGCTAGTCTACGCCCGTAGCCTCAGGACATCCACTGGGAATTCCCCGCACTCAGACCGAAATTCTGCCCGACCACCCTCTGCGAGTGGGATTGAATCGCGCTAACCCAAATCGATTAAGCTGAGCGGGCTAGTTTGTGGCTATGAGCACGAACTCAGCGGTGCTCAAATTGTAACGTTAATATATTTTAGATGAGCGTACTCCCGAACTTGGCGCGTAATACAGACCCCCGCGGAAGAATACATCGTTAAGGCGCCTCAACGTACTTTCGGACTCGGTTGTTGAGCTTCCGCGGCGGTGCGTGGGGGCGGATGGACGTGGCATCGGCGTCATCGCTCTGGGTGCATCCCCGGAATCCTCGGGCAAAGCTACCCCACCACCATACCCTCCAAATCCCGCACTGTAAGGGCCAGGAAGATATTCTCGTAGCAGACCATTGGCTAAGCATCGCGCCAAGCGCCACAAGAACAGGTCTAGGACACGTGCCATTGAAGGCACATTTATAAAACACGGCCTCGGTATTCGGGAGATTCCGCTCCGATACCGTTCCAGCTCAATAAAGCTCTCAAGTTCTTACGCCCCCCAAGCGCACTCGACGAGACTGCATACGCTCCTAGAGTACACACTTCCGCGATGATCTTATTGCTACTATCTACACCCCCCAAGGTCGTGATATCCTGGCTGATCCCGACACAAATTAGCGTATCAAAAAGCGCAATAAAATCGCCGCTAGTTATAGTGGCCCAGATTTTCGCGTGAGCTGGAAGAGAGTGTAGCTTAGAGTCTAAGCAACCTAATGTTTACAGAACGAGTCGGGGCCCTAGGGTAGGGCGGAAATCAGAAGTTACACTCTTGATTGGCGGAGCTTGATAGACCAGAGCGCTCCCATGAACTTCTATGCTCGTACGTATTCGTCCTCCCTCGGTTCCGATGTCGTATGCGGCAAAC,1636,51.71,Mus musculus
SEQ_373259,TACATGATTTACGAATGACGCCTTTGGCTTAGCTGGTTAGGATTCAATGCGTGAGACGGCCGTCATCACCGCCCCTCGTGGAATCAGGGCCTCTATCGAATAATGATCATTCAGCAGCAGATTAAGCGGTGGATAAGTAAGGGCGACTAATCATATTCGGATGAAACCCTGCCATTGCCCGCACTCTCCCCAGGAAGCCGTTATAGTAAGTTGCACCCACTCGATGGTCTGCTAGGTGCGTAGTAGCCGGTGGATCGTAGTTGGCGAGGCAAGACCGTTGCGGACAGGTTTGACTATACCTCCCGCATGTTGCGTCCGGTAACGTGGACCGCAATTAGGGAAATCATAATCTCCAAGTCCTGTCAGGCAGGACGGCCACATCTGACGCCCCCCGGATGGCGGATGGTCCATCAAGCGTTAGTCGCAATAGTGAGCAAGAGCCTCGGGGCACACATTTCCCTCATTGCTTACTACAGTGCTACCATTTTCTGCTAGATTAAGGGCTGTCCACCTCATGTTACGGCAGTTAAGAACCGTTATTTGTCAGCGATACCAGTCGCTTGTAATCCCTCAGTTAACCTGTCAGCGTAAGGGCGGGGGCATTTGGCCCACTTTGATTAGAAGGTTGAGTTCCTACAGTCACTCTTATCGGGACATCTCCCACGGCCCGGCTAGCTGTAGGCTTTCGACCGTCCAAACTGCTCGTCGAGCGGAGTAGTCGGAGACCCATACATAAAAGGACTAGCTGTGTCAGGAGAGCGCTTTAGTCAGAGGCTAGTGAATGTAGTCCCACCACCGGAAACGTATAGTGCTATGCCCCCCTAGCGTTGTTCAGTATGGACACCTTCGACCTTTAGAGACACCCCACACATACGAGCCAACATAGATGCTTCCAAAATTTGACGAGTTTAAAACTCTGCGGTTTAATGGGGATGGTATACTTTGCGATCATCCCACCCACCTTTGTCTCAAGGCTCGGAGTACCAGTTCGATTCTCCGCGGCCGGTCCATGCCTCCGCAGAGGCTATCCGCGGTTCATGTCCTGTTCATCATTCGGATTGTTAACCCGTGGGCGGCATCGGGTTAGCGTGGGTGGTCCTACGTAGTCTCATCGCAGTCGCCTTAACAATCGGGCTCCGCCCTCAATGGACGACGATTTTGGACTCACATCCAGAGTCGTACTCTCACTCGGGGTAGGTGCGAAGACAAGAGACAAATGGAAAGGCAGCCAGCCAAGTGCGGAAAGATGATATGGGAATAACTCCAAAGCTTCCCCCTCAAGTACATAGCTTAGTGGATTTCGTTGCATTCTTATTCGAAGCTCCCACCGCTGACAATGAGTTGACGGCCAGGATTTATAGATACTCCTGCCCCGGACATGCCAGTTGCATTCTTTGCCCCGAATACCTCGCGCTTTCTGTAGGGCGGATAGCGCGCTGTGGCCCGCTGAAGCCCTAAGCACTGGTCGACCCACACCGGGGTACAACGCAGTCTGTGCGCGCCGGGTCAACCGAGATGGCCTTTGCTCACCTGAATGAAAGCGGCTTTTCGCAGGTGGTGGAGACATTGAAACCGCAATTGGGGATAGGCACGGCTGCTGGCATTTACCCACCCGCGTCGCGTCTATAATGATCCACCGGCTTATGGCTCCTGCTCA,1657,53.23,Saccharomyces cerevisiae
SEQ_863650,TGCCTTGCCTGGGTTAATGATTTCCGAGAGAAATGCTGGTGAAGAGCGCCGGACGCCAATCTGTCCCGGTTCCACGTGCTGGTACCTGAACGTCTATTGTAGTTTAACCCTTTTTATTGGCTCGACTTACGTGCGTATTGCTAGATGTAAGTAAGACTATGTATGGAATTCACATAAAA,179,45.25,Escherichia coli
SEQ_606794,ACATCCCGATACGTCTCAAATTCATTAGGCGATATCTAGGGAGGATCCTTCACAACCACCACGTAAAACATAGGACCTTCACATTGCCGTTCAAGATCCTGTTTTGACCTGTGGAACAGATGTTTACTAGTTCAAAACCACATTATATGTCCGGGAGTGCGACCCCCAAATGCCTATGAACCTCGACCCCTTAGGCCATGTAGTATTCTGTTCATCTGGGAAGTAACCTTCTAGGAGACAACAGGCAGATCAATATCTGTCGTCGTATCATACAGTAAAGACTAGGATTCGACCTACCTGTACCAGTAGTCTCGGGGTGTATACGTGTGGGTTGATCGGCATTGCGCCCACACGTATTTACTAAAAAGCAGGTCTGCACGGCAATGTTGATGCCGGTGTATCTCTTCGGTCAATTTACTGGTGACCAAGATCTACGTCAACGTTTGCTTACCAGCACAAAAGCCCGGTGTACCCGGAACTGCGAAAGCGCCCCTGATAACCAAAATAAATTTTTCACCTCGTTCGAGCTGTACGGATCGTGATTAGGCGACATGTGGAGGACCTGTCATGAGCTAATGAATTTTGTTACAGCAAATCCGTCAGCAGAGTGCCGTCTAAAACCTAGCCCTAGAAATTACTCGCGATAATGTGATGGCGTAGAGTCGTGCCTCTAGTGTGGCTAAGCAATACATATTAGCCTAGTTGCATACTGTAAAAGCGTTTGAACAGAACATATGGATGTATATACATTCTAGTAGTTGGTGAGAGAGGCCTTACTACAGGGATATCTTGTCCATGCCAGAACCATTTGAGGAGTTGCCTATGAGTACGCCTGCTAGAGGCCATCACG,850,46.12,Homo sapiens
SEQ_824317,TTCGAGGTTCATATCAGACCAGCCTTTAATTGTCGTACATTGTCAAGGATAGAATCAGATCCAGGCCGTGACAAGTGGGAGTTGGCGGACGCGAACTTTCATTAGCAAGAACAGGATCCGTGTTCTCTAAATCAGGCTCTAGTCCGATTGAAAAGTCCTGCGGAATTCCCGCAGCGTCAACCTCAACAATTGCGTGAGAGTCTCTTGCGACCCAGGTTGACCCCGTACATTCGTCCCTATCTCGTATTGACCGTAGGTCGCTTCTATCCCAGAGAGGGGTTTGGCCGCGCTATTTCTTTTATAGCCGGGAGGCGATGGGGACTTCAGTTTCGGAAGCTGATCCGAGGGGAACTAGTTCCACCGTTGCGTGTTTAGTCTAGGTGCTAGTCTGACGTTAGTGAATATCCTACCGGAGTCCCTCCGAAGGGTAGCGCTCACGCCGTAAGCTGTCCGCCGTCTATCTGCTAGATTACAAGCGTGGTGGGGATGTGTGTTCTCCATAAGCCTAGTCCATCATCTGTGTGTCTTATCTCATCCTCAGCGGGGTGGACGTTCTCCGGTAATAACTGTTTGCATTGAGTTAAAAGTTTTCTCGTGTTCATAGGCCCGTCAGCAAGCCCTTTCACGTCGGCGTCGAGAAGGTAACGTTCTCTGAGGCGTTTAGAAAACACCTCCCTCCACCTACCCACGCCGCTACCTCGGGCTGACAGATAGTGCTGCCGGTCCCACCGGGAGGATTGAGGGCTTACGCGACACCTCCACTTTTACGGACCACTGACAACACTTGACGGTGCCACCCTATAAATTGGGAGGTAATATAGTTCGGTCCGGTGCCAGGCAAGACTGGATCCAACAGCAAGCGGGCGCCATATCTTACTTTCCTCAAATGATGTCGAAACAAGCGGTCGTTCACTAGATTCGACTAACTCTAGCCCTAAATCAT,943,51.64,Drosophila melanogaster
SEQ_700472,TACATACGAGTGCAACCGATACTCCTCCCGATGCGTCTAGCTGAACATATGGCCATCATAAACTAGCCAAATATGCCGTGGACTCGCTATCCAAGCCAGCACCTATGGACACATTGGATGACATATTATATCATTTGGTTGTATCGAGGGCGTGGTCACGATCCGTTTTTCATTAGCCAACACAGAGGAGCTCCGCATCATAATACATGCGGATCTAGAAATGTCTTCGAACTCCAAGAATCTTCCCAAGTTTGTATCTAGTGAGCCGAGCCTCCTCTCAGGGGTCGCAGCTTCCCTCGATCCCGGCCGTCCCCTCTGCCTTCCCTACTTCAATGCCGCAAAAGACTACAAGAGCCATTAAGGATTGCATTGCAACAGAGCAGCGTACATCGAATCCCCTCACACCGAATGTGGCTTCTCACAGCAATAGTTAGACCCACCTATTATGTCGTCGACTGGGCGCAGGCCCACTCAGATAGGATCTTCAAACTCGTGGATCTGCTCAGGTGTGGCTTGGCTTCGTCGCATCGGCTTAGTCTTCTCCCGTGTTCATCTATTGAGTAGCCGTGTATTTTCCAGCGGTGATCCTGCTAAGGACGATTTGTCTCATGGGATAACACTAGGTGGCGTGGTACCCGTTTTGATGCGGCAAAGGTCTCATTGGGCTAGGGAATTGTTCCAGTGCTGCTGCCTCACAGACTGACAACTCTTGTGTACGATACACTACACGCCTGCAGAAAGCTGCAAGGAACTGCTCT,758,50.26,Caenorhabditis elegans
SEQ_657373,TTGGAACCGCTCAGCGTAGACATGGCAGCAGCAACGCGGAAGCCTAGGTCCTGAGACATCATGTTTACATAGGGACTGTCCTAGAAGGAACGCTCACTAGTCTACTGTTTAAGAGGGATTGGCCTCATATTCACTAGAGCCATCGCAGAGTGCGATGTTAAATTGCGGATGATTATAACCCTCTACATCGTGTCGGGATGTTAGTCACCGAGGCCTGACCTTCAGATGGAATGACTCGAGACTTCTGATGCCCAAAGAGTGTACTTGTACCACTCGTATAAATCTCAGGTATTGGCTTTCAAAGGGGTTCCCCCGACGACGCAAAGGCGGGCTCCCTCGTCAATGCTTATCCACCGCGACTTTTTGCGTTGCATTATCGGCGTACCTGAGGGATACGGCCGCGTTGTTGACCTTCAGAGCTTCTTCGGCAAATGACCAGGGGGACATAACTTAATCTTATTCGCAGTCGGCACGGGGATGTCTCAGCGCGCACCTCGAA,499,51.3,Caenorhabditis elegans
SEQ_692679,GCACCTGCCAGATAGAAGTAAGAATAGGGACTGAGCATTGGACCCAAAGTCGTGGTAAAGTACGGCGTGTCGACCGACATAGAGGGTATCGCTATGTGATGGTAGCACCTTACATAACCACTCATCTAAGCTGACCCACGATCGCCTAATCGTTATTCTAGCCCTAACAACGCACACTAGCGGGTGTTACAAAAAGACTGTACCTCCACATACAGGTACCTCCGAGCCTTTCGATCTAGACTTCTCACAATAGTCCAGTACCTAAAGGCATGCGTGGCTGACGGAGTGCCTAGGAGGCGTCTAAAATAGGTTTTGGAAGGTTCATGCCACGCGCTTACGTCGCTGAGGCCTAGTAAAGACGAATATGAGGGCAGTTATAACCAGTGCAGCGCATCGATCTCGACTCAAGCTGACTAACGTTCTCAGGTCCCAGTTGCCCCGCCAAAAACTCTGTAGGCCGGACTTGAGGACAGGACAACATCTCCAAAACATCAAGGCAGGTTAAAGAAGTGACGACTGGTTACAGGGTCGCTCCAGGTCTAATGAATAATCTGTCTGCAAGGCTCCACGTGTAGTGTAACTACGAGCCTCGTAGGTCCCTAGACGTTTAAGGACATGGTTCGTAAACTTTCGAATAAATCACCGTCGCTCGCAGTAGTAGGGCGACACCGCCCTAGGTCAGGATGTAGGAATCACTGCGAGGCGTATGACCATCGGCCGGGCTAGACCAGAGCCGATCACCACTTGACAACACTCTGATGCCTTTGGGTGGCCCCTAGCTTGCCAGAATGTTTATATCCTTTGGCGAACCGGGCGGATTGCTGCTATTTCATCCTATGTCGACAGACATTCACTTACGAGCGAAAGGTCCGTCTTATGCTTGAATTCCGATGCACTCTCGATCGTTGGCTTTGCCTTCGTACTGAGTTATAAGAGGGGAATGACACCACACCTGATACTCCCTCTTTGCCATGGATGACGAGGCCGCAAGCTGGTTTTTCGGCATGTTGGTCGTTGATAGAGCACCATTAGAATCTAAATTGAGTAGACAAGGCGCAAGTGGCGTACATCTTGCCATGACTGGGCGAGAGGACCTGTCGTTGGTCGGTCGGCGCAACGAGAAGTCGACGTGATCCAACCTCAAAGAACATTAGCTTACAGTCATCGGCACGACCCAGGGTTCCGCAAGGGCAGCAGGGTAATTTACCTAATAGCCGGCGCGCGAATAGCGGTTTGGCTATTCGTCACCTATCATTGCGAGGTAGCCGTATGCGGGTTCTATTGTCGGCTCACAACGTTGATGCCTAGGTCGAAGGAGATTTACCCCCGGCAAAAGAGCAACGCGTCCGACTTTTACTATTCTGGCTTCGCCTTAACAGACTGGGAATCTACCGAAGCACCTATCAACTTCAGCACAAGAACCTACCGTGGGCTCCCTGCAGTGACCGGCTACGCAATCTGCGCAAGTGCGCTTATCGTTCTACTTATACAGCCTTTCAAATAAGTGTGACCGGTAAGTACCACGTATTTGGTGTAGGCTACCAGTTACCCCATACACCCAACGATTATCGACGACATCCTTAGTACAACTACTCTCAAGCTTTACGGCCAGCAGTCTTGTATGCGCCACCTAAACGGCCATCCGTCACTGATTGTAAGAGCACTTACTTTGCCCATTAGCTCAGTCGACATCTGAACACAA,1702,50.59,Caenorhabditis elegans
SEQ_727666,TAGTGGATGGGTCTTAGGCGGGTAAAGAGGCAAAGGGGTCTAAAGAAGACGAGGGACGTCAGGCTCCGCCACCTCGCTCTCTTTAGTCTTTCTATCTCACAGCAATTAAAACCCCGCAGGTACCGCTAGACACCTCGAAAGGCCTTCTCTGTCTAGCGCATGGAGCTGCTTGCCTAGGGCACTAATACACTTAAACTAACCATTCCCGACTCTAAATAACCATGACACCGACACTGTACGTAATTGTACTGGCCACCTAACTGCGCCTGGCTGGCTACACGAGCGCATCTGGCGAAAACTTAATATCGAGCTCGTTTAGAAATGCAACGCTGAATCTAGAACGTCAGCGCCTGCCTACCTATTCAAGCGGTTTCTAACCCTCCGAGATCAACCTTACCCGATAATGATTATGTCTGCCCTGAAGTGTTCTTGAGTCTGTGAGCCCAAGGCTGCTCTAGGGGCCGGTCTTTGTTACGTACATGATGTCGATAGGTGCATCAAGTACATATGGCTGTGCGCATTGTAAACGGCGGGTGCAATCAATAATAACCTGCATACATGTGCGCAGTTACACCCCGCTGGAGATCCCAGCTCCCCTGACTCAGAACTTGAGCTGCCTAGGAGATCAACTCCGATGACATTCAAACAGAAGTCTGGCGCTAATTAGCGCTTGTATTTAACACACACCTAGAATTTCCGGGTAAGCAGTGTCGACGGGTTCCGATC,726,50.0,Mus musculus
SEQ_504663,ATCACGTAGCTTCTTGTTATATTCAGTGCTACATCGTCAGGTTGAAATAACCTAGCTAAGACGATGGGCTGGGAAATCAAGGCCAAGATTCTCATTTGCAGTTGGCGCAGCAAGTTTCTCACCCTGGCTTGGCAAGACTAAAACTATTTGTGAAAAGAGCTTCTAAAAGGTGGATGGTCCGATCTCCTACCACATTTTACCGCGAGATAGCCAGGTAAGGCAGGCGAAACCGTTATACGTCTATGCTCGCGTGAATTCAGATGAATCGAAGCGTTAGGCGCCACGCAAGGGGACCTCGAGTGCGGTCAGAGCAGGGAGCATATGAATGGAATGTGACTGTTTATAGTCGGTGGAAGGTGTTCCACACGTTAAGGCAAAATCTATTACATTTTAGCTATCATAGCGTGACAATCAGGCAGAGAGTCTATTCCCCGCGGCGAACACATCTGAAACCCAAAAATTCGACTCTAGTGATTTTTTGAGAGAACTGCAACGCTACTCCGAAAGGTCTTCAGGCCGGGCGAATCATCTACGAGGAGCTTGCACGTCGCCGTGACTTTGACCGTAAGTATCCCGGTTGTATGTTTGACCGGAATCATCTGGGGTGGACTCATGGTTAGGCATCTACCTTTGTGTGACGACGTTGTGTCACGTCGCCCTGTAGTCAGTTGTTAAAAGGAAGGCCGCACAATTGCGAGGGTGATATTGCTGTTGAATGGCACTGGTTATGGGCGGGTCACACCACAGTCCCGCTGTTTGACAGTGCAAGTTCAGAGGTCTAGCCACTTATTGCCTCGCTAACAACGCAACGGGCTCGCGGAGTCAAAAAATGTCCTTTCGCTGGATTACGCCTCCGGTCCTTCTTGCCAGTTTGAGCTTTGATGCCAAGGTGTCTTGCAATAATGTACCCTTGGCAGAAAACTAGATGCTACTATCGTACCCCCGCGTCTGCGCACGGTTGGGCGCCAAGAGGATACACGCTGTACCTTAATGCGATGTCAACTCCTTGCCGTCGTCATACTAACTTGAAGACACTCCAGTGCGGGGCGATAAGGTTAATCGCGGAATGTTGCGGATATTTCACTTAGGGACAGTCATGCGGGATATCTCGATCCCTTAAAATCTGGCAGTCTCCTGCTTCTGGACTTCACCGCAGGTGCCGTTGTAGCATCTCCATAGGATTACGAAGAGGGACTGAGGATGCTGGCTAGGGTGTAGGGTATGGTATCGAAGCATCTGGAGTATGCCAGGGACCATTATACATGGATAAATCTGCTTACCTCTTAGAGAAGGAGCCAAATATGCTGTTGCCATTCAGGTAGAACTTTACTCGACTGGTTGCGTGA,1346,49.18,Escherichia coli
SEQ_873784,CGAAACAGCGGAACGTGGTAGCCGATCACCGTCGAGAGCCTATAAGGGGCTTACGCCCACATATATTACGTCGGTCTCACCGAACCCGGACGACCTTGTATACCCACTTAAATAAACGCCCAAGCGCAACGAAGCACTGCGATGTGGGGAAGCGATTTTGATTAAGCGGGGAGATCATTCCCAACTTTTCCCGAATGTGTAGTCAGACTTTAAAGCTGTACCTGTGCAATTAGCAATGTGATAAGCAAGCTATTATGTTACTTGTAGTAAGCCCTTGTTGTCGACTTTTATGTTGAGACGCTCGGTCAAGCATGGGTACAGTGCGCCACTACCCAAAATCGCGAACTGTATATAGAAAATGATGGTCAGCTAACCATAGTGTTTACGTAACAGCAGTCACTTTGTCACCGCAAACTCCCCAATGTGCGCTTGATACAAAGCAAAACCTTCACTGCAGTTCGTTTATCACGACAGCACCTCCGGGCCTGTCAACGAGAAAGAATAATGATCACAGCTCTGGGTCGGAGTCGTACTCCGCCAGAGTTCCAACG,551,48.09,Saccharomyces cerevisiae
SEQ_785331,ACATTCCGGGGAAGGTTTATTCGGTAACTCCTGTGATCACTGTGATGTCGAAGATACTTCGGTCAAACGGTTGACAGGTATCCTGAGGGGATTCCGATGTCCTGTGGCAGGGGTCTTAAGTGCCATGGTACAGATTCCAGGGTGACAGGTGTTCAGCAGCTAGTATGCTCTCTACCGTTGGACTCGAGGGACATATATTCCAGTCCGCCGAACCCCTTAGATGTTACCCCCTGTCCGGGCGGCGCTAAATACATGATAAGCATTTTGAATGGATTGGTACAGAGATGTGCCCTTTCTTAATAGTCTCTCGCATGCAATAGGACTCTATAGGGAGATGTTGAGATCGATTCCGCGAGGCCGATATAACTAGATTGGCCAAAAAGCCCCGATCGGGCCCTCAAGTTTAGCTTGGCCAAGCGGAAAGATACTCTCATTTGAATTACTTTTCGGGTCCCTCGAACTGCTAGACGAGGCTCAGAAATGAATGATTATTCTGTTATAATATGACTTTCAGGTCATTCTCCGTTAGAGCACAACTCAGGTAGCGTCGATCACCAGCACCAAAAATGCCCCTGTTATCTAAAGAGCGTCAAGCGGCCTCGATCCGTCTCGCAGACCAGTAAAGTGGCCCGAGACGATTCGTCGCCGTTAACGAGTGCCTTAACCGATACCCGCACCATTACCCGCCCACCTACGGATACCGTAAATTGCCATCTCGTCTACCGAGGCAAGTACCCTCGTCGGCTTACACACATCAGACTTCATTATAGATCCGGGAGTGATCCAATGCGGGGATGCCGCGTGGAGGATTGAGCCGCATAATCACCGGATCATGACACCCTCTCACCAGGCTCGTTCGCGTCCGTCGCCGCACACTAACCTAAGGATGTTTGGATTCTGATAAACTGCGCCATTCACAAAATTCCTCTTCGTGGCTCTAGTTCGTGAGAGAACGGGTATGGTAAACGATCGATTAGCCACGAGTAAAAGTTTACATACTTAGAGGTGTCTTCAACCCGTACTAACGGCACATGAAGTACTCTGGTGCAATGCCGTTGGTACCAGGGCTTGCTTGTGTATGTAACGATACAAAACGATCTGCTCGGAAGTAGATCTAATGGAATACAAGGCGCCCGAATCGTACGATCGTGGTTCGAGGTTAGGTCGCCAAATGAATGTAAGGGAGGGGGCGACGGCGGACCGGTAGATTCGTCGATAATAACATCCTCGTGTAGCTCTATGGAGAGTACTTTTTCCGAGGTGGGCGACTGTAACGGGCCCGGGGATACGGAGCTCATGTTCCATAATTCAGGAGCCCACTATTCAGAAACACCTTTTCCCTGTTATAGAGTTCTTGGGGCACACGTGTACTTCACTCACTGAGTGCTGGTCGGCGGGTGCCGAAAAGTACGACTAGGAACCTCAAGCTGGGCCGCTCCTGGTGCGCCCAATGTGTTATGATAAGTCGCAGCCCTTGCTATTACGCATCCATGAGTTGTCTACCTTAGTGGGACGTTTTGATCGCTCAACCGTTCGGTAAACAATTATTCTTACCGGACTATATTGCAATGGTCAAATTCTATACCGGTATGGCTAATTTTAGTGTAGAGGCACGTGTTAGAGACCTTCGAACTGCAAGTGGGGCATTTGACTCACATGTCGCTTTCATCACGGCGTCACATCCTTTACTTGGCGGCTGTTGATGAGCATGAAGCAGTGCTGAGTTGCGTTATTTCGCTTATGCCCTGACCTCTGACTACTGGGCGTGTTATAATCGCACACCTGGTAAGCATGACGTAGCTTGTTCGCCCACGGCTTCGCTATGTGCCGCCAGTTCCAGGAAGTTACTGTGGCTGAGAGGCATAATATATCGAAGACCCGTCTTCGTGTTTAG,1894,49.84,Arabidopsis thaliana
SEQ_222328,CGAGTGACATCCCCTTAAGGAACAAACAACAGGAACTGCGGGATATGATGCCGTGCCCGTGGCCCCCCAGTACTATACATGGCCCCCTTTTCGAGGATACTCTCATTAACATCCCACAAGTGGCGACGCTTCACGATGGGAACTGCGAAGCATCCATCTATATATCATTGGAGGTGCCTGAGGAAAGCACGCCTCCATGTGTGCCGTCGTATTTGCCAATTAGCGTACTCACCGACTGACTCTGGAGACCTTCGAAATGTGGGTGATCGAAGTCCATCTACTTAATCCTAGAACGCTGCATAATTTTCGAAGAGATCCATTCAGATCTCCGGGGGGGCAAACACCAGGCAATCTCCCTGAGAGTTATTTACGCGAAAAACAAGGAACCACCTTTTCCATCATGAACCGATCTGCCGGACGATTATTTGCCGCATTACTCTAGGTCGCCAACATGTATATTAGCTTCGTCCCATAGCACGGACGCAATAGCGTCCCAAGGTTGTGTCACCAATAATCGAACACACAAGCGCTACTTCTCTTTAATGCCCAGCCGTCTGGCTCCGGTAATCACACCGTAACCGGTCACCGTTCCTTAAAATTTAAACAGGCCGGCATACAACTCGGTGAAGTCCTCCAACGGGAACTACCAATCAAAGTGTCATTATCAACAAACTTCTGCGTTAGCCACGATAGGCGGCACTCTTAGCTCAGCACCTAGATGGTCGTTATTAAAGCGACGTATGAAGGCGAAACCTTAATGACCCCGGCGACTGGAAGCTCCTATCATGGGGAGTTATGATGAAAAGTTTATACTAATCGTGTTCGTCACACTGGTTCAAAGTGAGTCCTAGTGTAATAGTATTATTAATATTCACTATTAGGGCACGATCCTCGGTCGCATCCTCTGCAGCTCCCGGTTAAGGTGCGCAAGGTAAAACGCCAGAGAATACGGCTGAATTCGTGAGAGAGAGAGCTACTTAGAGGACTTATATCTCGAGGATCCTCACCCGAAGAGGCTTGCTTTTGACCTTTTACCCTGCTCTTATAAGCGGTTCAGAATGCAATTTAAGCAAACTCCACGGCAGAATCACCTCATCGCTTCTGATACCTTCTGTGCGACACGGGTTATTGTGTGGCGTGAGTTACGAGTGGTATCCGGGTGAAATTAGGCTCATCATAATCGATAGTCAGACGAAGGTAAGGACTTGGTAGGGAACACAAAAGGCCACATGTTGGGAATAGCGAAACTTACGGGTGTAAACCCACGATTAAGGTCGCCTTATCGCTGAGGCCATTCGTGGCCGTTTAGTAGTCGTTTAGCGGGCAATATTACACAACACTGCTTAAAGCATCAGTCACATGTTCAAGCTATGTCCAAAGCGCTTAAAATGTCGACTTTGAAAAAGCTAGATCTAACAGGCGTCAAGACACGTGTGAGAGCAAATGGATCTACCCGCTGGTTGTGTACCTGTGTTCATCTTATGTAAGAAGCACTAGTACACCCTTCACAGAACACTGCATAAATACAGTCGCCACTTCTCCCGCCATTATCCTAGGTCCAGTGAGTAGTAATGGCCTGCTATTAATAGTGTATACTGGGCAGCTACTTCTGACTTGGTAAAGTCCGGTTAGCCAACAAGCTGCCCTAACAACTTAATTGGGAGGTGCTGAAACCACACCACGATCCGAGTGTGGCCGCGCGTCGGAAGGATGAAGTACGGCTAGGCCTTCTTAATGTTACCGGCGGTAGACCAGTCGCCGAAATGTAGGACG,1773,48.05,Caenorhabditis elegans
SEQ_409377,GCGGCGCTGGTAGGTTTCATAACAAGCATCGCCGCAAGGCTTTTGAACGATAACAGTG,58,51.72,Caenorhabditis elegans
SEQ_732900,AGCAATTCGGCGCAGTACCGAGCCCGAGCCCCACTGGCTGACGTTGCTTACTAGGGTACTCTGTAAGCTGAAGTCCACGTCGCAAGAGCCGGAGCGGCAGACCGTACACATACGCTTTTGTGTGTGATTAGAATAAAGGGATGGGCGCCCTCCATTCCGGCTCATCGTGATAAATCCGCGACGAGGATGCCGTGTACAACTCTGACCTGGTGGGGTCCTTAGTACTAAGGCGAAAAGACTCGCATCGCCGTCGAAGCGCGCCGTCCCCCGCAAGTCAACGTGGTGGGACGATGCCAATCAATATCAACTTGTTCGATGCCGGGGTACCGTGCAGCTTCTTCAGAAGAAAGTCCATAATGATTGACGAAGGAGGTAATTTAGCTGCTTGGAACTCACTTGAGTACAACAGTACCGATTGCTTATTTGAAAATATAGGTACAGCGAAAGAACGGAGTGGTGGGCGCCCTCGCGTCAAGCGTAGTCCGACTTGGGAAGCTTCACTTTCGGCTCGTGGGCAGACTCTTATCTGGCCCTACTCTGGCTTGCGCTCTGCCATCGAGATTCGTTAAGAGGTACAACATTTATTTGGCGAGCATCTCGGAAGCCAGGACGGCAATGCACGCGAATACTGAAAGCTCTCATCTGCAGCTAACATCTTTTTAGTCGGCAGGATATATTTAATTTGATTACATCCAAGATGCGTATTTATCGCGAAGGGGACATGTCTGAGTCCCTATGTTCAGTACTACAAAAGATACTGTAAGGGCTTTAGAACCGTCCGCACTATTGACCGCACGCTGTGACCAGCCAGTATTAGGGGCATTGAGCTCCCCGGGTGTAACTAGGACAATCCTTATGAAGTCCGGTGGAAGTGGTTGGGCATTGCCGGCACCCTGCGGATTGTGGCCCGCGCTCGATGTTCGTACTCGATTCCCCGGTGGTAATGATCTGTGAGGGGCCGTGGTTGCTATGCCCGTGCTTTTGCTGTTCAGTATGAATTCAGAATACATACCGGGATACCTAGGAATAGTTCCTATAAAGGAGAATCCCTCTTTATCCTGTAGACGCGAGAGTTAATGGTCATAAATAGAGGCATCGACACTATATCGAAACCGTGGCGCGTCTGTAGCCCGCAGCCGCTCCTAGCCCGCCACTAACTGACGATTGAACTAGCTGCCTTTGGTATACAGGCACCTATAGTGCAGTTGTCCAACAATTCTAGCTTATCGCGGGTGTCTAGCCTGATTGGGGTCATCAGTCTGTGCATCCCTTCAGCTGAACCTTTTCACTTTCAGAGCCCAACAAACTGTCTAGGTTAGGAGGTACACTTGACGATCCCTTGAGCTCCATTCGGGCGTGTATGTATAGTGTTCGGGTGCCCTATGAAGAGCTAAGAACTAAGGGTATATACCGTAAAAAGATGCCGAGCGTTTGATATTATAGACCGACTGAGTAAAGTATCTGGACAGCATCGAACGTGACCGCGAGTGGCCTTGTCCTGGTCTTGACTCGTGTCATAGCAATAAAGGCCCGGCTAAAAGAGCGTTTTTTGATTTATCAATGCTTGCATGCGTATTAGTTGGATTTACGTGACGCGTTCTTTAGTTGCAATCTCCGAGCGTTATGACCTAGGCGGTAGTTATTGATCTTGACAGCAACAGGGCCCCCTGATCGTCCTAGTAAATCCCTGCTGAACTCCTGTGCTCCGATAGCGCATAAAACCTGTTCCACGTTTGGCGGCAGAAGACCCAACTTAAAAAACATTCGGGACATATAGACGGCGGTAAGCTTATGGAGGCATAGTGGCACTTTCTGCGCGATGCCGTTGTATATGTGATAGAATGTCTCTACACCCCGTCCAGGGACTGGCCATTGTGGAGAGCCAACCTTAGTCTGCCTACATCCGATTC,1910,50.16,Escherichia coli
SEQ_855059,CAAGACCTAACCAGCTCCGATCATGAACATATACGCCGTTCACTCTGTGGGCATGCTACATCCGTAAAAATGTGATTGCATCGATGACGATTTGCACAAAATAGCCCTCTCCTATAATTGCGAACTTACACCTCTATGCGAGTGATTATCCAGCAGGGGATGGAAGATATATTGCCACACACTTCGAAGGTATAAAGAAATAACAATGGTCAACTACTGCGCATCATGAGAACCCATTCAGCACACGGTAGGTGGTTATGGATGTAGCACGTGTCGCAGACATGCAGATATCTACACTCCGACTAAACTCATGGGGCTGGAAGTTCGGCCCTTAATTAAGGAAATGTCTCGATCTGCCAAACGTGATTACAAATGTATATCAACGACGGACTGTAAAACACCTTGACCAGTTACTGAGCCGAGGCTCGTGCCCTACCTAAGATGGCGATATGGTTGGTCATTCCAGTGCCCACTTAGCTAACCGACCGTTGGATGTGCGTAGCATACCAATTTAGCGCCAAAGCAAGGACACAAATACCATCTTCAGATCCGGTATTCATAGCCCCTAACCCAGTTGACAAGTTTCTAAATGTGACGTTTAGCAAGCTGGGTGGCGATGGCGATAACACGCCAAAGCCTTATGTGAACGACTGCTGCGGATTAGATCACCATCGATACACATCGGAGTAACAGGCCGCGTATACCTGAGCGGATATCTTGTGCCACTCGCGTGCCCACCAGAAATATGACCGGGGCTCACACGTGGTCTTGGATCGAAAACCCACGACGTCGCTCCTCGGGCCCCACCCAGTTAACTGGTAACCTGATTATACAAGCGTGCTCCCGTGCGTGCAGAATATAACATTTCTGCTAGCTTAATCTTCTAAGTGTCCCTTAACATTTCAGACTGCGCAATACGCAAAGGGACCGAAAGAATACGTACGCGTTATTACTACCGCGGCATATTCGGCGTGATACCACTATGCTACAACGGGCGCAAGTGGAGGGGTCCATAATGACTATCAAGAGTGTTGCTCGAACCGACACTGAACTCTACGGAGCGGATTGGGCGCCCCTGGCTTTGCGATACCCACAAACTGGGTATTTCGACGAAGATAAATCCCGATCCTCAATGTGCTGAATCTGTCTTATAAAAAGCGGCGGGTACTAATTACATAGAACTCTCGTTGCGCACTGTGTAGATTTTGACTATGCTCGCCCTCTGGCGTTGTTAGAAATAGCGTTTCGCGACCGACGCGAGGTGCGCTGGACTGCTCGCCTTAAAACAAGATCGAGCAACCGTCTCCACCGATCTAACGACCGTATTTACCTAACGGATCAGGTACTTCGGGTCAGGAGTGCTTTTGTAAGTAGTGATATGTCCGCTGATGATCATCTTCTGTGTGCCACAGATGACGTCGTCGGCACGTGGTAGACACGGTGAGTCAGATTGCTC,1456,48.83,Caenorhabditis elegans
SEQ_638221,AAAAGGGATACTAGAACCAGCTCATTGGCAGGAGCGCTAACGAGGGGTATTAACGATGTTTCTTAGAATGTTCACGTACTAGTAGTCCTTAGTCCGTGATTGTTCCCTACGATTGTAGGAAGAGTCACTCTCATTACCGCTACCCAATTAAAGGTTCCTTCCAACTATCGCCCCTAAGGATCCAGAGAGATGCTGTCGCAATGAAAACGATAGCACCGCGCACATTCCACTCACCGGGTAGTAGGTGTCTATGTTAACAGGGTGGTGGGGTGTGTCCGGTTCAAATACTCGGATAGCTCTCGCATTGGTACTGTCAGACACTGGCCTCACGCAGCAGGTGTTTGCAAATTGAGCTTACGCCTGACGGTTGCTATACACTTTACTTATGACCCTGGTGGTGGTGTCCCCCCGGCCTGGTGTGCCGAATGCTGAAGTTTTTCTCGGTTTTGGAGGGCTGTATGCCGGCAACTAACCTACCTTTCATGTATTATTGCCCCACACCTTCGAAAGCAACCGAATTAAGATTCATTACCCGACCAAACTGGCAAGACTCGCGACTTGATGCGCCATATTGGTCTGAACTCTGTTAATGTACAACTCCAAAGTAAGATTCACACCCACTGCGGATAGAACGTTGTCAGCTTAATGATAGCGTCCCGACATTAGCGTTTAAAATGTATGTGCGGGCGACATCGCTCTAGTCTTTTCCAAAAGTCATGAGTGAATAACATGAAAACACATGTAACCAAAAACCCCGTGCAGAGGATTGTTGGGTGAAGATGTTCGGGTACAGTCACTCACCGTGAAGGAGGTCCTGTTGAGATCTCTTTACTACCAGCAGCAGTCGATGGACGGATTGCAAGCCGAGATATCTCAATGTAAAGCATGCTGACGAGTGGCCTTCTTATTTGTAACCAAGTCACCACATCTTATGATGGCCTTGTAACAGTCCAATGCACTCGAGACCCCAACGACTCAGTGTCAGTTTACTGGCCCGCAAGGTCGCCTTTTACTAAAGAGGACTTGGAGACGTCGGAACTTTCTCTCTGACACCCGGCATTCGAAAGTTTTGTCGGGAACCCGGGGTTTACAACTAACTGCGCTTCTACGACTGCGAAGCTTGTTCTTATCCTTACACAGCCCATCAACCCCATCAGAGCTTTGGAAGAGGGTCACACAAGCCAAGGCGCTGGGTACGATAAGAGGGGACAAGATATAACTCAATACGAGTCAAGAGCGGTTGCGCCTCGAAGTTTGGGAGTTTATGGGGAACATATTTCTTAGCGCACTCACCTGAGACAACTCAGAAAAGCACAATCGTCAGGGGGCCTCAGCCGACCTGTAAGGTGCGTAGGAGATCGTGCTATCCTACAGCGTTTTATTCTCCGCGACTAACTCAGACTCACCTTCGAAGAACATTACCTATGTTTCCGAAATAAGCTCTAATGGGGCCGCTTGATGTACTCCGAGCGTTAAACTATAGCAAGTACATCGGACGGATGCCGCTAATCGGCACAGGTGCACCGATCCATTTCAGCATAGTGCAAACGTGTACTCCGATCGTCTGCCCCCCACAGTCTTATGGTGTCGGAACCCAGTTACAATTGTTGGCAAGTCCCTTCGTCCTCGCGTACAACTCACGAAAGAGATGTGGCATACTCAACGGTAAGCATGCCAGGGTGATCACAAAAGCGCAC,1697,48.85,Homo sapiens
SEQ_136536,TGGCATGAAATTCCTCATGCCCCGCGCGCCTGGGTCTCTCAGGATCCCTAGGTACGGCAAAAAAAGTGGCTTGAAGCAATCCAACCCGGTAAGGCTATTCTCATGCCGTTATTCCGGCGAGAGTTCTCTCGCCACCGCCGTCACCTGAGTGGCGGTTGGACGTCGTTCGCTAGCCGTGTCGATCTCATCTTCTGTCCAGCGACTAGGGAACGGTGTTAACCCGGTATGTGCCTGGACTTGCCACTAGATCGAGCTAGGGGAGATGCCAAGCTCTTAAAAACCAGAATGGGGGTACGGTCAACACTATTTAAATCGAGGGCGTCCCGGAAACCAAACTCCCGTACCTATAGGTAGCCAGTATCGTGATTTTGGGCTACCTTGGGTCAGTACGTCGGGGCGTCATGTTACATGGGGCCGGGATTTATAAGGGATTACCATCCGACACGGACACCCCTATCCAATCAGTCCAGGGCGCCCACATCCCGTGGCGCATAGGGTGGAAGGTGCGAGCTAAATCTACCGCGCCTTATGTAACATGGAACCGAGTGGGGCTAAAGTCGTGTGTTATCTGCAATTTGTTCCTTCCACCACATTCTTCGGCTAAGCCGGTGCGGGTCGCACCCTGTGTCTTGCCGTGCTCTGCTCTGTTGTTCGATATAGCGTTGTTGACGGCACGTCAAGTTGCTTCGAGCGCGTCCTTCAAAAACGTGAACCGAAGCCTCAATAGAATTAGCTTTCTCCAAAGGGTACGTAACGTTGGTAGTGCGATTATCCTGCCAAGTACTTTCCCCAACGCACGTATTTCGGCGGCGACCGTCGCCGCGGGAAGTTACTTCTATAGAAAGGCTTCACAAAGCTGTTAGCGGCCTATTCAGAGGTAACTACGCCGTATAGAGCATGTCGTCAACGACTTGGAAGTTATGTTGCATAGGATCTGGAAATCAGGGACCTGCCGTCCACGCCAACAATGGGGGCTAGCGTTCGTGTACATAGATTACAGCTTTAACAGGGACTCTTCACGAAATAATCTCAAAACGAATCCTCTCAAACAGACGGCCACATCTTCGCGTCTGTTGCATGACGGCCTGGGTTGGAAAGTTATTGATTTCTAGCCATGACCCGCTTTTCGAATCGGTCATGAGCAGTACCTGATATGATTTAGAACGTTCGGAGTCAGCTGGGAACGGTTATGTGATGATCATACTTGAACACTTACCGGGTTACACCTATCTTGCGATGAGGTAGACACTCTGCTATGCTGCTTTTAGTAATGCTCGGTTCAGATTAACCCGCCTAATTGCCGAACCTACCAGTTAGGCACGCATCACTACAGGTGG,1337,51.46,Homo sapiens
SEQ_733224,AGTCAAGTGCAAGTATCATTACATTCAACAAAGCTGGAGAATGGCGGGGGTAAGCGTAACGGACCCGCCAAGTCCAACTCGTCGCACGTGTGCGCCCGGAAGGGGTTTTACGGGATCCAGTGCATTAAAGCGACCTTGGTCAGGCCCCGTAAGCACGCTACCGCTCTAAGCGCTCCTGTAGGATTGTCACAGCGATTGTTAGGGTTTCCCTCTATAGATGATGATGGCCTGCTGTCACGGATCCTGGTGTTTCAGTCCTGGATAATGGCATGATCAAGTTGGTCACTAGCCCCTCGGCTCCTCGGTTTGCGAGTCGCTGAAGCTTTCAAGCTGCGAGAGTCTATTCTCACGATGGCAGTACCCATAATTGCTCTTTATGAGTTTTAGACTTTAGTTATCGCAAATATAGATTCTATGATGCGTACTGGAGCGCCCGTCTACATCGGCCACTGCTGGGCTGGGGTCACTCTGTCATGTGGGCCAAGTGCCTCTATGACAACTACACCTAAGACATACCATCACTACACATGCCGAAATAAGGGGATGCGGGTCATTCGAGGTTGCAGCTCTCCGTTCAGATGTAAGTTCCCTATATTACTGACATTGTGCTCGGAGAGCGACCGTATTCCTAGATGGTGGGTTTCTCTAGTAACGTGAGCTGTCGTCGGCACGCCATGTCAATTCTCATCATGTGGGAAGGAGCCATGTGCCACTGTCACCGGGTGTCCTCGTTTGGAATCTGTGAAGTTCTACACTACGAGCTTTCCGCTCTTATCGGAGTGTGTGTTATATCTCGGCTCGTCGCTATTATAGCCGCATTCTCTTTTGTGACCGGAACACTTGTTGCAACTAAGTAGTTGCAAACGCCGGTGGTTGTGTGGCAGCGCTGAAACCGCGCCACCGCGCCTTCGTGCGCATGGGGATCGACCACCTCCGACCGGATGCCGAGTTGGATTACTCCCGCATCTGGGAAAGGATGCCACAACTTTGAGAGTGCATCATATGAGTTGGCGAGCCGCTAAGGTGAACAAAGGGGGCACTTCGGTGCGTCATGGCACAAGCGCTTAGTAGACCGTCGATGAGAAACGCAAAAGCCTATATGAACCGCCTCAATGCACCAGGCCTCGAGTCGGTTTTACCTTCTATACTGCGAGTGCTTGTGCAGCAACCGCTGACTCCGAACTGTAAATGACTCTAATCCGTGGGCAAATCCTTTGAACACGGTATAGGGCGACTGACATAGGAGGATAGGTTTAGGTACATCCAGGGCAG,1272,51.89,Mus musculus
SEQ_721583,CGAATAACTTTGCACATTGTAGAGAAGCTTGACAACGGTTAAAAAATAGACAAAATGGCCGCGCATGCCGGCAATATATCGAAGATTATATTTAACGACAGTTTGTACGCTATGACACCAGCAACCATGAACAGGTTGTCCCGATAATGGGAGTAGGTATTCTTCCGCATGCCTTCAAAGTTATCACGAGCCGAACTGAAATGGAAGCCTACTTTCGGAACTCTCTATAGTGAGCGGCATAACCGAAAGTATTTGTTAGAAAGAAAAATCGACTGGCACTGCTGACTGGTAGTGATCGACCCTGACAGACAACATGTACCTCTTGTAATCTTTCGAAAATATATCACGTTATACTACATCCCAGGGCTACCATGCGGGAATGCTTTTTAAGTACGTAGCCACCAAACTCGTCGATCTTTCACGAAAAAACTTACGCTACAAAGCCTTGAGCGACCCAGAAAATATATCCATCCTAGCCGATCTTGGCGTTTTACCTTGTTATTACCGCCTGGCGTCTCATGCCACAAATATCGCGGCTGCACCCGAAGAGCTTGGTGGCCACTGTCGTGAAGCTGGAG,578,44.98,Drosophila melanogaster
SEQ_441147,GTCGGTCAACAATTGATGAGAAAGCTAACATTTCGTATCTAAGTCAAGGCGACCGATCGAGCCTGCGGCCATATTTATCCCTAAGGGTTGTCCCATTCGGGCAAATCAACTGAAAGTGTTGTGCCATTTACGTCGAATCGACGGCGATGACTTCAGTGTCCCTTCTATGAGCGGCGTGTAGCGCTACGCATTAGTACGCGCTAGCGGCCACTCTCAATCTCCCTGTGTCCCAAAGACCCTATAAACCTCATTCCGGCATCGTCCACATGCTGCAGGGTTCATCCTGCTGACGGAATGTTTGTACGGCCTCATTGCAAGCGTAAAACGTCGCATTGACCACATTCAACGCTGAATTTTACCACAAGGCTTCCTAAAAGTCAGATGGAACCCATTGGACGAGTTCCAGCCGGATTCTTGACATTTAGTCATGCCAGACCACGGTCGGAGGTAATTTATGTAGAGCGGTCATTGTCCTGCACACAAGCATTACGCCACGCCTGGGCACTATAATCGTGTGGTGATCGTGGGATATAAAGAGGTTATTGA,546,49.27,Drosophila melanogaster
SEQ_167091,CCCCGGCGCCCAGTTGGTACGGAGAATCTGAATAGGGGCTAGCTTCGACAGTATACAAGACTTGAGCCTCGTGGTTTAAAGCTATATAAGTAAGTTGTCCAGGCTCGCTACAA,113,49.56,Drosophila melanogaster
SEQ_374040,AGCCCCAAAAGGTAATCGGTAGTGCGGCAGTGGTTGCCTGATCTATACCTACGCGTTGGCATGTGCGTAACTTGATCATAGAAGACATGCATGGGTGGTGTTTGGCCTCGCTACCGTTTAGACCTAAGATAATAGGTACCGAAGTCTGAGTCCCCAACGTCAATCTAGATATACAATTCACATGCCCGTTCACTTTGTGCTCTCTTGTGTGTAATTTGCAGGATTCGGTAGCCGTATCACGAGAGGCTGCGGTCAACTTTGCCTGTATAACCGAAGAAGACAGTGCGGCCGGCTGAACTCGCCCCGGGTGTCACCGTTTCGTATCCACGTCAACCGTTTAAGAGTGCCTGGTTGGGCTAAACAGGACCCCTAGTGCGTTCGATCTTACCTCCAGGCCACTGCAGACCGTTTGGTCAACGTGAGCTTGCTCGTGAGGACCTGAGTGGAGGCATACTGTACGATATTGTTGCCGGCGACGGTGCGATCCACCCAGAGCCAAGAATCATGCAGACGGTCAAAAGTTGTTGCTTGTCAGGGTTCCTTGACGGGCCCTGAGCTGCTGTGCGGCTATCGGATAAAAGAGTGTAACGTTCCCTAGTGACTAAACGTTCGCCTGTTTTCTGTCGTGCCTCCCAGGATCAACCAATGCTGTCGTCATTTTCATACTATCGAGGTTCTATCTTCCCTCTAGTGAGCCATTCCCCTGGAATCTCGCACGCACTCACAGCCTGCTTGCCAACTCAAGGATGAGTTTGGCATCACTGATTGTCCTAGCTAACAGAGGGACGCAGCTACCGGCCCCGAAGGGTCAACTAGCCGCAAATCGGCCTCCGCTCAGCCGAGCAAGGGGGGACTAGTTGACCCGGGCCTTCTTGGAGCGCGAAGTCGTGCGTAACGGCGGTCCTACTGCCCCTTTCACGGGGGAACGAGTGCAACTGCTTCGCATACTAGGAAACAAGCGGAGACACCTGTATGATCAGTTTCCCGCTCAGTTAGTGAAGAAATAACCAGCTCATGGACACGAGCTCGATCTTTTAAACCGCGGTACGTACTCGATACAGTGTTTGTCGCTTTAAGGTTCTCGGACGTAACGCGCTGCAGCGTACGTCTCAAGGCGCCGCGCCAATATGGCAGCGTATTAATTGCGGGAGTTTCGCTACGCCTCTTAGTTCGAATGAGTAGAGGTGTACCGTAGATTATAAGTATAACCACAACCCTTTTCTCAGACTTAGACACGTTGCTTACAGAAATCTAAAGCAGCGGCTTGATCGAGAGTAAGACCCGTAGACCCAAAGCACCATTTCGCAAAGCGTGCGACCTGTGGGTTTGCCTCCACCAACTGGTAAGATTACCCAAAAGAAGCCCATGTTGCGTGAATTCTATTATGACCATGAGTAGTGCCTTACATTTGTCCGTCAAAATTACTACCCCGACTGTGTACGTCTGCAGCTTTACAGTTAGATCCGTGGAATAATGCCTACTTTTGAGGCAAGAAATCACTGATGTGTGCCACCGTCGTAGGGACTTCCCTC,1532,51.44,Caenorhabditis elegans
SEQ_596418,CCCTTACTACGCGTCTTCAGCCGCAGCTCAGCGAAAAACGTATCGCTCTCCGTGTGGACACGTACTGTCGGCGAAGAACCTCCCCAACTAATTCCGGTGAGGATTCTACTCGGTGGTTGAAGCTTGGCAAGAAAATAGACAATTATGAGGGTTTCTAACATTTGGGTTTTAAGGTATGCGACAATATTTCCGCTACGCTTTGCGCGCATTTGGGAAAAACGGTGGGCCAGATAGGTAATGGGAACCATGGGGCCTGAGCGTCGGCGGTCGTGGTTCGGTTGTAAACCCCGACGCCCGTTTCAGATTTCATGGTCTCTCCCTGCATCCCTCAGTGTTCAGTTTGAACGCCGTCTTCCGACTGAAAGCGGCGTTTTTGCCACCTCGTCAGTTTGCGTGCAAGGTACCGCCAAGAAGAGTGCCGACCCAGTTCCTTATGGAGTCCGCGTGATAAGATTTCGTGAGTACGCATAGTATGTGCGTTCCTACTGGATTAATATTTACCTCTCTATTCCCCTGTAAACTTTGTACTTTGGAGGCAGGAAGTATGTGGCATGAACCTTTAACATGTATTCTTTGATAGATATCTTCCTATTGGGTCTTGCGAGTGTGGAACGATACCAATCCTACTTCCACACATCCTTGCATCCCGAAGGAGTGGGGACTGACATCATCAGTCCAGCTACTGATAGTCGTCTTAACTCTCAGCGGTTCCGCTGAGTCTGGGCGCTTATGGTGTGCAGAGTGCTTTCGTCACAACGGTACTTAAGTCCCCCTTCGATTATCCAAGCGCGCCAGCTACCGTCAGCCTCCCAAACAAGGAGTACGGGACCGTGGTCGTGGAGATCTATACCGGCGAGGTAGCTGCGCGTCTTACACTTCCACCGGAGGTGAGCATGTAACTTTATTGGATTAGATTGACTTTGAATGAACACTGGGTGAGACCCTGCTTGTGCGCGTCCGAATAGCGATCCTACCGCTGGTTAAGGTACGGTTGCTATGAGGACGCGTG,1009,50.84,Caenorhabditis elegans
SEQ_119096,CGTCCTACCGGGCTCATACCACACGTTACTACGTAACCTGGTGCTTAACAAAGAAAGGATCCCAGGGAAAATGCCGCATGACACCGTGATGCCTAAAAAGGCCGATGTGGGATTCGCATTTGTGTAGACACAGTAATCCATCCGTCTAGGCCAGAGTAACCCCACTAAAATAGGTGTTTCGGGCCGCGGTCTTGTTTTGTCCGTCTCTAAAATGACGGTGTAGCCGTTCTATCGGGTCATACATTAGGGAAGGTGACCACGTCGCTTTCTTTTCAATGTGCAGTCCAAGGTGGGCCGACATTTTTGTCCATTCTCATAGGCTATGGCAGTGACCCAAACCTTGGGACGCCCAAACTTCCGGTGGCTGGAGTGCCGACTTGAATTCGAGCTTTAGGCATCTTGCCGAACTACTGCCGGTTTACATACGTCTCTAATCGGCGGCTCGAGCTGTGTAGCCGGCTCTTAACCCCGCTCTCACTCAAATACACGTGTCACTCCTTGGATCCGCCGCATATTGAATTCCTCGCCATTTTCAAGCGTATAATAGTCAGCTTGCCATTGTATGACAGATAGGTCCTTTCCTGGTCAAATGTGAGTCTAGAACGATAAGTAGGCCGCCGCTCAACCCAAATCTGACCGCTGTTAGATTTATCCTATAAACCGTGATCATGCATTTTAGCCGGGTACACACTCTACTGCAAATCAGTTCCAGCGTGCTACTTGCTTTGACAGGGGACTATGGATTCTTAGGGTAATGGGAAGCGCGCCCCGTAATGGTGACGCGCTGAATTTAAATAACAGAATAGTCGTTAGCTATCTCCCAATCGAAAGCGAGCACCTCTCATTAGAGAATTCAGTAGGGGTGCTGACCAGTCCCTCCAGGTCCTAGCTACGTGGCTGCATAGCTGCACAGAATAATAATCCTGTTGGCAAAATCGGTTGCCATACGAGAGCAGCCCGGCCCCTATCCGATGAGGCGGCTTCGCGTGCCAACTCCCTGAGCAAGCGAATTCTGTGAGAAACGGGTGTACCCGTCCATCTGACAGCGGTCCAGGGGTTAGATATAGGCGATAGGATCTTGTTAGAAAAATATGACCGTCGTGTGAACGGAAGATCATTCTAGTATAGTTCCTCAGACGGGCCACCCGTCCGAAGCGAAGGTCGCCAATGACCACCATATTTCAGCTCACATGTTTCAGAGTATTCCGGTACTCTGCACCGGCAAGCCGGCCGAAGGTGCGCTACTACATCAGTTCATTCCGACCGTCCCCCCGTCTTCGCACGAGTGAAAAAACGGCTAAAGTAGCTTCGCTTGCGGGAGTTTAGATTGCAGTTCCGGATTGGGCCGGAGATGGGCTGTAAATTCTATCCAACAGCAATGCTGGTTGGGCCTACACATTCACCCTGGAGTTCGCAATAACAGTGTAACGTCCTTCCACTATGCGGCTCGTATTCCCGAGTTAAACAGTGTATATATCACAAGGCGGTCAAGTTTGGGGCACTTAGCTGGTTGTGTTCTGTTGTTTCAATGGTAAGGGGTTCATATTAGTCAGCGCACACCCCTGACAGCACGCCGTCTGACACCGACAAGACCGTAAATCCTGCCTACGCAAATCGCCATGCGCGCGAGAGTTGTGACGGATGAGATTAACCAGACACAGGTAGTCCCTTAACCTAGATGTCTATGACATGACACACTCGAACAGCAGAAGTCGGCCTTAACGCAGACAGGCTTCCTTGGATGATCGCGCTACCCGTTCACCTTTCGCTAGTCGTGTACTCTGTTGGTACACCAGTTTCATCATTCGTAGCCTATGGCCGGTCTCAGAATT,1832,50.55,Saccharomyces cerevisiae
SEQ_336051,ATCAGCGAACAACACGCGTTGTGAGGTTCAAGAGTCCCACGATTCAACAAGGCTTTGCCCACGAGTGAGGATAAACCAACAAGTTTCAATGGTCAGAGAAAAACGGGAGAGGATGCGCGGCGCATGGTCAACGCGCGTGTACGTCACGGCTTTGGAAGCGCGAGTGGTCACGACATCGTGACTAGGCTCCAATCCTTACCCGAGCTCATTCACATCCTCCTAGCGGTTAACACGGTGCGTACGTCCTGCATTAGTCATTCGTGGACTCTCCTCGGTCCCTCCAACAACTCTTTGCGTCTTGCGTACAGAGAAAGTGTTATATTAGTCGCCTACCCAGGGCATAAGTAGCCCGATAAAGGAGCAGCTCGGCATTTGAGGTCCTAGTGGGGGATTTAGTGCTTCGCAAATTCCTAGAGGGTCTGGGGAATAGAACAACTAAGCCGTAAAAACAAGGGGTCTGCTTAGAGTAGAAGTATTCAAGAGTAGTTTAAGGAAGGAGCAGTGATCTGAGTCGCGGGGCTGAAATCTAATAATTGGTGAAGTTTCGGTGTCATTTCCGGTTTCCTCATTGGTGGTGGAGGCTAGACTATGAAAGCGAATATATGCGATAAACATGTGGGGGCAATGATCTGTGATTGAGCTATAAGTAGGTGCTTGTGTGGCAGGTGTCCCCCACCGCTCACGGTCCAGGTCGCCTTGTGTACAATTATTAAGTTTCTGAGGCCCATGGGTTGAGCCTTGAGAAAAATACGGCTCATTCGACCGTTAGGAGCGCATGAGGGTCGGCTCTAATAGGCGCAACTGACGCGGAGACCTGACTAAAATGAGGTTCGCGCTCGCGATGAATTCCAGTACCGCAAGGAGAACCCTGGAGGAAGAAGCACTTTCCTTCGCGCCTACTTCAGGCTGACAACAAAAGTGTAGATCTATGCCCACTTTACTCTCTAACGCTGTGCGGATTTCTTCCTGCTCAATAGAGTTTATACCACGCGGTAAATCGATGCCCCACCATTAGGTCCTCACTGCCCGAGAGGACTTTAAGATGAAAGCGGAACGTTTGGTCCGCACTTTAGTTTTAATATTAAGCCTGGGCATATTTGAAAGATGGGTAAGCACCTCCAGTCAAGATCCAGAGTTTGAGGAGTCGTAGATGACAGATAATGGGGAAGGTATAAACCATCTGGTAAATGCATGCGCCTGAGAGCTGCCGAAATACAGTGAAGGCAATGCACCGGGGGTTTTCCGCTGGAAGTTTAGACAATCCCGACGTTCCCGCACAGGCGTCCTGGGTTCGCTGCACATTCCTCAGCCCGGAGCCTTGTCCTGTTTACCTTCCCAAAGTCCTCGTCGGTCGCAAGCTTATAATATCCATTCGATCCGGATTCTGGAACCAGAAATCGTCCCTATTCAACTGGGTTATATGTTTATTGGTAGGACCAACATTCCTATCACCTTATATACCTAGGACGGGAAACTTGAGCTTGTCACAGCGATGGACTAATTCCTCAGGATCTAAGCACACACCGCTATTA,1532,49.35,Mus musculus
SEQ_488793,AATGCGTGTTCAACGGTGAACTACGGACGTACTCGGTACTACTCAAAAGTGGACGAGCCCTTCTCTTCGGGGCATTCTAGTTGCCGAAAGGGGGTCGGGCAATAGTGCTGACACCCTCAGACATGCCAAGAATACATGGATGCAAGTTCTCGTTCCGTATTAGCGCGACCCCTCCTGCGCCCTTCGTGTAGCATGCTCACAGTGCTTTCACTGAAGTTGTCGTTGGGGGCGCCGGGTAATATTACGCCCAGAGGAGTAGGGCCGATGTTGTCAAGCCCTCTCAACGAAAAGTGGAACCGATGGGTGGGGGGAGTTCAACTGTTGGTCTTAGTGCGCTGAGTGACTATCGTCGTTGCACTTGCAAATTACAGAATAGTCTCGTAGGTACTTCACGTATATTCATGGTAAGGCCCGTAAGGATAGTTGTTGCGAGTCGTTCAGTTACTGGTGTTATTAGCGGGACTAACACCACCTGTTTGCCATCACAGAGCACGGAATCGATTCCAGTTGGCGTCACGGTGTCATTTGGCAATCGCGGTGGAGCGGTTGTTGGTACCGGGGGGGCGGATCATAGAGCGATTGATGTCACTCGATGATATAATTTGCATGGGGCAAATTAAGCCCTCCTCCCCGAGACGGATTCCGCCGCTCTGATTCCGCACCTGTGGCTCCTTCTGCTTTACTGACAGTCGGCAAGTGGATCTTGCCGGAGTGCCTCTAGGTCGGAGGCAAGTCAATCGGTAGTCGGGGCTATAAAGATAGCGACCCGTGCTGTTAGGAGTAGTTGTATTGCACGGTAAAGAGCTACCAACTGTGTAACACAATTGAGGCGATGTGATCCTGAGCGCGCTCCGGCTGACGAATGAGACTTTATGCAGAGGGCGTCTTCATATGGAACCTCTGCCTCACATTACTTACATTACGGCGGGAATGGGCAAGCGAATTCAGTTGAACCCCGAAAGGGGCGTGTACGGGGACCGGAAGTTCACTAAACACGCCGGTACCCTTTTTAGGAACGTTTACCCTATCTAGACGGTCGAGCCGCGAGGATTCCGGAAACGCAGGGGTATGATGATGTTTGGGTCGAGTTCCACATCATCACGAGGACGCGAAACAAGGACAATTGTTTCCGATTCCTGGTTTACGGGAGAAGGGGTCCTGGTCGCCACGTAAACTGTGCAAGGAATGTAATGTCGAGGGAAAAACGGCTCCACTCGTTCCCAATTCCCTAGAGCAAAGAGATGCGGCCACTCATGGAGCTAGCTGGCGAGAGTCTAGTCGTACTTCGGCTTCATTCAAATCTGCTACCGCGCCGGACGAACCAGCTGGTGCGCTCGTATTTATGCGGCCCATGATTTTGACAGCGTGATTTCTCATTGCGCGCTGAATCGCCCTACAGACTCGTGGGGAACGTTTGAGTTAGCTGTTAGCACTCTGG,1438,52.64,Mus musculus
SEQ_545639,CTGGCCGCGACAAACTCAATAACACAAAAAGTATAGACTACGAAGTTCCATTGTGATGTAGCTCTTTAGAAACAGGTGCCTTGAGGGCAATTCAAACAAGGTTCGCCTGTCGGTACTTTTGTCTACGATCCTTAAACGCTGCTTCAGAGTATTGAACCTGACCACGGATCCGCTCCATTAGGCGCACTTTAGGACCTACCCTATTGACCTCGAAAAGTAGACAGTTGTCATAAATCCGGGCGGTCTGATAGGCTTAAGCTTTGGCAGCGATAGAGCGTGAAAACAAGAGGGCCCCCCTAACGCACCACGGCGCCCTAGCCCTGACGCAAGGACACGTATTTCAAATCTAGAGCGCCCCGTGGCTGCCATGGGGTCGCAGAGAATCCCCCGGAAGATCGCTCCGGCTGCAGGTTGGCCGTGAGCCTTTCGGAGGGACCTCCACGCGTGGCATCGCGTTCTGATAGAGGGAATACATAGTATACTACTTTCTAATAAAAGCACACTAAAGTTACCGTGATACAGTCTCGTCCTGAGAAGTTAGGGGATGAGTCCTCCCGAGATTCGAGCTTACTTGAGGTCTCGCGTCTTGTACCGCATGAGAGCCTGAGTGACAGCTACGGCCCGCCAATGACGAACATCTCCGCTGTGCAACCCAAGAACCAATAGACACTTCCTAACGTATACTAGTCGGAGGCAGGGTCCGGACCAAGTGGGATTAGCGCTCTTTCTACTGTGTTGGCTGTGTAAGTCAATTCATCCCACGACGACCGTATACCGCATTGGTCTTGTCATTACCCCTGTTTTTGCACGAAGCTGCTGAGCTAACCCTTTGAACACGCAAAACCTGCAGTCCGATGTTATCCTGCTGGTGTCGAGAAACTCAGCTAACGGGCCTTCTGATGTCGGAATGAATAAGGCAAGGGGTCGACCTAGTAATGACCCGCGTTAATATAGACATCGCGATTAATCCGCTGGTTTGGGCACGAATGTAAGGTCACGGGTGCTCTGGCCATCGAAAATGAGATTGCTCAAGGCTACGGACTATGTTCCTTCGTTACACTCGTGGTGACCGGGTTCTGTGGTGGTACCCGGGCATTAATCAGCATTGCGAGAAATTGTCTTTTAACAACAATTAGTGACACGGCGATGCCCATGAAGTGCTGGCAAATCACCCGCCCTCCGTCCAGGGGT,1191,51.3,Caenorhabditis elegans
SEQ_669291,CATAGCATCCTAAAGAGACGATGCCTCTTTCGCTGGAAATGATAGACACCTGTACAGCCCTTTGAGATTTATAGACTCCTTCGTACAATTTGCTCATGCACTCTGCAACCTTAGCGGAACTTGGAGGATTCGAAAACTTTCCATACAATCTACGTTAGAAATTTCCTAAGTTTAAATAAGATCGCCCATACCGTACTTACCCACGAAATCGTGCATCGGGGCCCGCTGGCGCGCCCCTCGGGAGCTAGGGTGGCAGGGAACAGCGTGCAATCGGTTAACAGGGCCGCCACCGGGAGATCGTCCCAACCCTTATCGCATCATTGAAAGTAACAGCAACACATTTCCAGAGGGTCTCCATATTAGTACCCCCACTAAAGGGGCACCAAGGAGTTGTGCGCGTGCAATGGGCCTTGGACATTATTGGCCCACTGAACCAATCGGGACGCGTCTTTTCTATTGCCCATTGGCCAGCCGTGCATTCTACGGAAAGTCGTTGTTTTCAGTGGTTCTGGGTAGAAAGCATGACAGCCGAGCTTGGGAGAGAATATCAGTGTCAGGCGTGTGGGAACCCCTTGTTCAGCGGGTTGATGCCTTGCCGGGCAGTATGTAAAAGGTGTCTGAAAACAGGTGCCGTGACCCGGTTATC,646,51.08,Arabidopsis thaliana
SEQ_114445,CTGTGGAGTCTGAGGATGAGTTACACTTTATATGCCCGAGATCTTTTGCGATCAGCTTGGCTTCATCGTATGGGAGCACTTCGTCGAGGAGTCTGTACCCTAACAATATTCAAGGAAATCCGACTAAGCAGTCCTATAGGTATAAGAGTTGAGTCGCGTCGTCATCATGTATATGATAGACAGGTCAATAAAATGTCAGCTCCCAATCGCCTTTGTCCGGGGGTAAAAATTGCAGACGTATAGTCGAAACTTGCGGCCACGCGACTACTCACCATTACGAATGCTTGCCAGTACGCAAGTCAGTTCACTCTCTGACAATCAGTTGTTCGGAACTTGTGAATACGCATAATGCGACTAGCATACTGGCCGAGATACTTACTTGGGACATTGTTACGAAGTTATAGCGACCAGTATTTAAACTCTACAATGACCAACTGTGCTGATAATCGTAGTTCCATGGAGATCATCCAAGCTTCAAATCCGCGGCGAGGAGGCACGACTCACCAGATCAAAATCGCAAAAGTCCGTTGAACACCGCGGTGAATGTTCTTGGACGACCAAAAGTGTTCCTTAACATTGTCCGGGCGTCCGCAGCTGGATGCCCTTGACGCTCCGCAACGTTCAAGCGCGTTAAACGGTGCTTTAGATATTGTTCAGTCAACGTGTATGAAAGAGTTGGATTTATAGCAGGTGCGGTTGTCAGTGAAGGTCCTTTCCATATCGGATGGTTCCCGACTTTAGCCCGTATCAAGAAATTGGCGACCAACGAGACAGAAAGGGTTAGCGGTAAAACGGATCGAAGTGTTAGAAAGTGCCTTTTGCATGCCCTTATAGGCACACGCTACCCTTCTTTGGTCTAAATTTTCCAGCATACAAGGTGGCCCTCCAGTGTATG,895,46.82,Mus musculus
SEQ_458438,TCTCCACATTAAGCGGCCCGCATCTGCATCCCATGACCTCTACCAACCTGATTGCGCTCGTAAAGGGTGTGAGGTCCGCGTAAGACCATCCTAAAGACTACTCTTATTTGAGATTGCTAGGGTCAGCGCTTGTTGGGTCAAGACCATGCCGCCATGAAGACGTGGTCTCCTGAGTGAGACGGCTAAACCACATCTTCATTTCACTGATCTTACAGTGACACGTACCAGGCATCGGCGCACGACCAACTCAGCATTGAGTCTAGGCAAGCTATCCAATGCTAACGCGGAGCACGCATATTGTTTCCCAATTGGCATCGGCGATCGCAATGATACCCCATCGTGAGAGCATGGAGACATAAACGGGACCCCCTCCAGACCGGTACGTCTTATACCCTCTGTATTACCTCCAGTCCGATTCGAGCGGAGATGCCAGTCTACCATATTTAGTGCTCGTGAATGCTAAGTTCAGCTGTCGAGATAAGGGATCCCCTACACGGAATTTAACGGATCACGGTCGCCAGGTTTGCGGTTAGAAGACTAACTACAATTTAATTACCCCGTCCATCCATTACATGGCATCTAGAGGAGGTGATGAGAGTCATTGACTTAAAGTGAACTCCATAATTCCCGCGCTCTCCGTGCGAATCCCACTGTCAGGCTATTACCGGCAAGACAGTCTGATACTATCGTGACCCCGACGCTATTCTATTAGCGGGAATTATAACGATAGGTAACCAGCTGCCGCTGCGGTGTTTGACTTTCAACGGAGGCATACCTGATTACCTGACCACTTACAATGGCACGTAGCGCTTTAGGACCCGTGGCGAGGCTTCCTCACAGCCTCCAGCGTGTTTCTACATGGTTTACCATCAATTGGTATCAACGTCCTCAAATGTGATAAATGAATGCCAATCCTACATACAAGTCGCGCATGGGAAGCGGCAACCGGAGTGACAACCTATTAACAACTGTCCGGGAACACGAGGCTCTAGGTGAGATCCCCTAATTTGCCTGGGTCAGTTACGCCAGTGCAGCGGTGCATGGATGTTGTGTTCTAATGAACGTCCAAGTTAAGTTTCCTTCTGGCGGGACGCCGGCGTCGCTGCCTAGCCTGTCACGAGTATAGAGGGCAAGCATTCGTAGACCTCGCCGTCAGTGCGCGGGCGCCGTCCATATCGTACTACACGATCTTGCGCCGTACTTGGGACTATGTAGTGCGTAGGAGTAACCCATACAGTTTCCAACGCAGCAGGGACACGTCTGACAATAATTATCCCAGCCATGGTATTCTGGGCTTTCCGACGGAATACTCCATGTGCCTTTGTCTTCATAATATAAAACACCAGCAGAGGTGTTGGCCAGAGTTACCAGTAGTATTTTGCCGGAAGAAAAGTGAAGAATAGTAACCCTAACCGCGGGAAAACCTGTCCTACTCGTATCTTGCGTCCCAACTCTGGGTGGTTTTAACAAGGCAAAAAGGTGGATTACTAGTCTGCAAGCGCGCAGCCGGAAGTCTTTGCACCCTGGACCCCGATGGAAATTTCTGCTAAATTATAGAGCTTAAAAAAAGAGGGGCGTGTTCCAAAGCATACCATGATGGTACAGTGGTCAACTAATATTCAAGCTCGAAGACGAACCCCATACCGGAC,1649,50.03,Mus musculus
SEQ_124078,ACTAGTAGGTCCAACTCTGGGTCTTTTCTGGATTTCCCTTTGACCAGGGTGTCAATTTCTAGCGCCAAAAAATCTACGAAGAGAGTATAACTGGATCCGAAAAGGTTTAGCACCCTTGAGATATCGCAAACGTTAGCTAACGCTAGGAGGTCGTGCGGTAGTTACTCCCCTAATTTTTTGCTCTAACGCAGCTGAAACGCATCGACAGTGCCGGCACCGCGAATACACATTGCTGGACACCACTACGGTATTTTGCGATTACGAAACCGTCGGGCAGGAGCCAGGGTTCGCGGAGTCTCCCTATACATTCGGCCTGAGGGTTCTCTGCGACGGGAGTGCCTGTGCAATTGGTGAGCGGTATGGACCATAGGGATAGGGACACGTTTCGTTGAGTGAACTCAGTCTTGTATCAGAGGGTACTTGCTCTACCTGCGGCGCGCGCAAGGGGTTAATGCGACGCCAGTTTGGAACTGACTTTGAGTGGTCCATAATCCTTTGGCGGCGAGATCTTGAATAAACGTAGGCCGGCGCTCGAATAATTGTCTTGAAGGTTGCTACATGAATACGATAGCCGTTGGGGGCCAAAAACGAGTAATAACTCTTGTAATCGACCCTAGTCAGAAGCCATAAACGTCGGAAAACTCCTATTTCGGAGGGGCTTGGCAAAACGGGTTGTCGCTGTCCCTAAATAAGGTCAGAAGGTACGTTGCGTGGAACTGTTCATGGCGTTCGACCCGGTGCTGTTGAGCAATCGCGCTCACCTGTCTTAGTTAGCATAAGGTACTCGCTTTTCCTGGTGGTCGTCAACGCCAGGGGTAGCACCAATATGACCGTAACCCGTGTGCGAGGGACTGGAGTTGCTCTCGACTTGGCATAGCTGCCGACTCAATAGTAAGGTGCCTGTCGTGCTTTCCCATGTTGAGTACTCTTGATGTTCATAGCGAGCGCCTGCTTCACTAGCTCTAGGAAACCCCACGAATGGACTACTTACTTGCAAGAGTCCCTCAGAGGATGGCTTCTCGCTAATCTTCTACGCACAAGCTTCTTCACCACAACACGAGCATAGCCGCCGAACGCGTACCCGAACCCAGTTCCGTTACAGTGCACGCAGTTCTGTTTCCTACCTCCGTGATAGCTGAAGATTTGGTCAGCGACAAAACTCGACTATTGGCCTCCAACTCCTAAATCATTAGGGATGAGATCTGAAAGAGCAAGTGGGGAATTCGACGCACACGGCCGACATCAGAAATCTGACGTTTGTCAGCAGAGAGTCCCGCTACCCTTCAAGAAATAACCGTATACCCAAACTAAGCCGGACCATGCGCGTAGAACTGTCACGAGCCGGTACTCGACTGAACTTCCGAGGTCGTTTGTACTTATTGTGATTAACCTGGGGCGCGAGCCCTTACCAACACCAATAACCACCCTAAATTCATGGTTATGACTGTTGGAGGTATCCCCCTACAGCGAAGAAATGTTCGATCCAATATCAGGTTACTAAGGACGTGGGCTGAATTCGACAGCTACCCGATGAGACTTTCGTCTGTCTGGTGATCAATCCGCCGGAGAATTCAGGGACGTACACTTTAATGTGGTTAGACGATAGACGCGTATCTCGTCTACAGCGTTGAGAAGAGTACCTCCTGGTACGACGGTATCTCCGATTGCGGTCTAACCACACGACCTTTCTCTTTTTGTCTCGATGCACGCGACTGGCTAGAGCTATGTTACCAGGCTGCGAGTCCAATACTGACAAATGCCTCCAAAACGACACAGGAAACGTACTCGCGTAGTCCTTTACACATCGGCTC,1811,50.52,Arabidopsis thaliana
SEQ_715285,GTTAAGTTCTAGCCGCCTCGTGAGGTTTTTCGATCGCATCCCCCGCTCCTTGTGGTGGCTGCGTACTTTACCGGCCCTTAATGAGAGTCGAGAGAGGGCCTCGGGTTTTAACGTACGTTATGGTTTAGCGTATGCGGGACTGGCCTAGAAGGCTCAAAGGGTAGGGGAAAAGGACACTCCAATAAGAGTTTCGTTGGGAAATCCCCCCCGGGTGCATGTAGCTACGGTATCGTGCACCGGCAGCCACGCCTCGTGATCTCGTGCTCGTCAGAAGGTATGTTTCTCTTCGCAGTCTCAGCATATGCTTCTCTCCGTAGGCGCAGCTCGGAATCTCTGCTTGCAACAAGATAGCACCGTCATGGTTGTATACGCTTTTTGGACAGACTGAAGTACTCGACCGTTTGTCAAGCTCGTATGTTTTACTTACATAACGCAATCCCACGAATACTGATGGGCAGCAGTACGTCCGCGTTCGTTTGACCTTCAACTGGCTGGGGGTTTTTTAGACAACCGTTGGGGGCAGTTTAAGCCAGGCACAACTTGGCTAGGTGACGGCTTAGGCATCCACGACGATCAGCGTTACATCTTGCGTCATTTTTGCGGCTCCCTCTATAACCATAATACAGTTGTAAACCTTGTCCTAGACTAACTCATGTCACTGAGATGGGCGAACACAAGGGGCTCTGCACACATCTTTAGCGTGATAGTTACGGTTGAGTCCAACGCTGACCCACCTAGCCACCTTGTCCAGAACGAGATTACCCGAATACCAACTGATAGGGCCTCGGAAGCCACAGTCTCGGTTCTACTCGGTTATGTAGCCCCGTCTAGTTTCATCGCGTACAGCTGTATAATCGGCCCTAGCCGGTTAAGAAATTCGTATTCCCTCGCGCACGTCATATTCCTCCCATTCTCGTTAATCCTCGCTTCTTTATGCGAGGCTGAACTTAGCGCTTGAAATTGTGCGACAAAAGCGTCCAACACTAGCCAAACCACGGCTGCCTACGTATCAATGCCAGCGATGCATGTACGTAACCTTAAGAGAGTGAGCTCGTGTTGGCCAATCGTTCCCTAGGAGATCCTAGACACTACTGGTGCATTAGGCAGGAAGACCTGATCCAGTAAGTCCCAACTACCATTAAAAAGGGATCCTGCACAGTGCACTCACGCCCCTACCGCCCTAGCATTTCTCTCGTTGATTTGTTCCTCAGCCAGGGACGAATATACAGCTCTGTGGAGGACGATGAGTGTTTCCGAAGTCATCGGTACTTGGAGGATCCCATCCTTTTACTCCGCTTGTCCTGCTGACGGTGCCCGGTGACAAGAAACTCGATTACTCCGTTTTCCCGCCTATGATCACGCGGCCCACCAGTGCTATCAACCCGAGACCCATGAGCCGCCTACCTTCTTCAGTTCACGTGCCGCAGATCACCCCTAGGATATGGGGTTAGGTAGAACAATCACCGCATGCCTAAAGCAATCACGATAATGTCGGCTCTCCCAGTGCGAAAGTGGGGTTAAACGGCTGGATCTGCCCACACTGTCTGTGTATCCCCGCCGCTCGCGGTCTATAAAGCAGAGCCCCAAGGGCGCAATCACCATTTCCGGTCAAAGTCGCACAAAAGATTGCTCATTCGGCCTACTAATAAAAGCCTTCCTGCCTACACCACTTCTTAGGGCACTCGTGCTCCGGTTCATCTCCTTTGACGTCAAGCTAGAGTAATTGGTCATAGCCCATTTAATATGCGACATTCATGCGCCAGGCCGGAACTTGGAAATTGGTCCAGTCAGGATCCGTTCAGACCAGG,1808,51.6,Saccharomyces cerevisiae
SEQ_418077,GGATTGTTCAATCTTGTTCAGTCAAATCAATCGCTGCTTCCCGAAGGAGGTGACGCGCCCATTGTCTCTCTGATTCGTCTTGACTAAGATCAAGAACTGCCCGCAGTAAATACTGAATATTGATGAACAACCAAGCATGCGTCGGAGGAACATATAAGCGCACTCCTAGGGTTTGTTTTATCAATAAGCCGGCTCCTACTACGTTCTCCCATGTTTAGCCCATATCCACGGCACCATGCTACGGTTGGACGGCCAGCTCGGGACCTGCATGACCGACTGAAGCATCCTCGAATAATTCGGATGTATCCCACCGGGCGCCAAGAGGCATGAATACCCGGCATCCTAAGAACGAACACGCACGATGCTTATATTAATCCAATTAAACCTATACTAGTTAACCATGAGTGTGACCTACGCGACCGTGAACAAATGCAACTGGAGTTGCGACCAGTCCGTACTTTGTGGTGTGAAGGATTATCATTGAGCACCAGAAACTAGTAATAAGCAAAATGCGGCACAATAGCATCGGTGAATTAAGTCTGGTCCCACATCCTGGCCAGCATTATCTCGATCCCGTCTTGGCCTGTATCCAGCGTCGCGAGATCAGTCGTGACTGATTTGCTCGAGGGAGAAGACGCGACAGGCCTTAGATTACTCGGTGCCAGGGGTTGACGTAAGGTGGTTACGTATAATCGTCGTATATCTTGCTCAGGAGCCCAGGGCATGGACACTCAAACGGCTGTAAAAGGTCGCCACCGATTTTTACACGCCTGGCGCTGAGTAAAAGAAGTTGGCAATTCCTCTGTCTGATGCGCGTTTTGCTGATTCCACCTCACCCTATACCGCCAGCCACACGGAACGGGAGGCACCGGTACTTTAAGCGTAAAAAAGAGTTCTCTGTAGGGCTATCATTCAGACACGACCTTGTCGATAACAGACCGGAGATGCACCTCGTAGTGACTTTGGTTCGTCGGTATGAGCTTTCTTGCCGCGCGAGCGTACACACATATTGGCTAATATCGGCAGGGCAAAACTCGGTAAATCCCACGGATAAGCTTTCAGTGCCAGTCCTACCGGACGCAATTATAAACAAATTCAGGTTTCTTGGCGCTAGTGAGCATTGACCTAGATCGATAATCGTCGGTTTTACCGGGTCAACCTACTGTGTCGGTCCTGTAAAACAACGGCAACACCGGTCTCCGTTGTAGGACTTGACCATAAGCTCGTTTGGGAGTTATACCGACATATGCTGCCCCTCTGTTCCAGGGTCCTCTGACGTAAAGGTTACAGGCTCACCGGCCTTCTCAAGTCTGTAAGATACAGTAATGGATCCAAATGGACCACTTCCCCACTGGCCCAGAAACAGTGCGCCATTACGCCACGTAATGAACTGGCGAGCGTTGCACGCCGGTCCTTAAGGATTATAGTCACGCGGCGCAACAACCAAGGCCGTTCTGGAGCTCATCGGCTGTCGGCGTACATGGTGCCCTTTCAGCATTCTCTAGCGTATGCAATCAGGCTCTGCAAATGAGCCGTCCAGGTGTCCATGGTTCTTGGAGTCTTGCCAGGGCAAACTTCGACACCGGTCACTCTGCCGGATACTGTATACAA,1611,50.47,Saccharomyces cerevisiae
SEQ_583322,CATCGGCCAGGGGATAGGTGTGAGTCTCTCTTCTTCTGTTCATAATAAAGATTCAAAATGGGAGGAAGTCGGCTCCCCAAAAATCACTGTGGCACGAAAGCAGAGTGCTAGACCTGAGTTTCGCGAGTTTAACTCGTTCGGCACGCATCTGGCAAACCCCTCGGGTGTGTATTAGGACCCGTCTTCTCGGTATTGGGTAGAATCAATCAAACAAGATGATCCGCATCAGCGAGACCATCTGGGGTAGTCATCTCAGACAGGAACTAGTCCCTAGCTTAACGAACGCCGCTTAATCTTCTCGTTCTTCGTCCTCCATGGAGCAGACGCTTGCGTTTTCGATGCAACTGTGAGACTCCACGTGCACTCAACTTGAACACGTTGGGACTTCCCCGGGGAGATTTCTTATCTCAGCGGATTGTCTCTGCAGACGTGTGCCCCGTTCTCTAGGTGATCAAATACTCCAGTCGTCTGATAGGCGGGAGAGCCATCTCCCCGCCGTCTTTACTTACGGTTGAAGACTCGTTTACCAAGGCACGGCCATTCGGGGTTATTGCTATTAAAATATCGCATCGAACCCGTAAGGCCGAATAACGATGAGGTTCGTTGCCCACACGCCAGCTTTCGCGAGGCTGAACGGCGACTGCCGAGGTCCCTGTGGGTGATAGCCTCGAAGTTTTCGGACGCTGTGCTAGAACCCATGCGGTGGCAACCACTGATTACTAGTAGCACGGTTAAAGGGACTTGGATGATTGAGAGTCTCGAAAGGAGACAGGATACCTCCCTGGGGATAATCTGCGCATTCTGGCGCAAACTCGAATTCCTAATGCCGATTGCTGGGAGCGCCCTGCCTTGGACCCACTCAATCTGCATCACGTGC,877,52.22,Drosophila melanogaster
SEQ_803792,GTATACGTCTAGCCAAGATCCTCTTGAACCTGCCGGAGTCCTTATAAACAAGGGCCCTGAGTACATCACCCGCAATGCAATGTAAAAGGTAGAAGGAGCGTTGCCGACGTACGAGTAAGCAGTGGTCGCAATGAAGCCTGCCTGGGTCGGCGTTACTTGGCGGTAAGGGTGGCTTGTGTGACTCTGTCGGAGTTTGCAGAACCACTTGCTCGCAACATGGTCCCCACTTCATTTTTTGCAGCCACGGTTTACCATGGACCCGACGTAAGGCATTGGTGAGGAGCAAGGGTGAGAAAAGGGGGTGTAAATCTAGTGGCGAAATTTCTGTGGGTTTACACGACCATGTAAAGCTGTTGGACGGGCCGTGATTACGCGAAGGGGCTGAACGTACCGAATGATATAAATCTACGCGCATGAAATTAGAGCCCCAACGCACGGCTTGCGAGCGGGCAATTATCTTATGGATCTAGCGAAGAGAGAACTGCATAGGACAAGGAGTAGACGTTTCCGGCTCAGTGATATGAGCACAGACAGCGTAACGTGGCAGCTCTTGATACCGAATTAGTTTTTTCATCCACGAGGAGAGACGCACTTTGTAAAATGTCGGCGCGCTGCGAGCGGCAACTCCACATCGTAGGGTATCACCAACCTTTATGATGTAAGCCTGATCGTGTAAACCATGTGGCGTACCTGCCGGCACATTGATTATACCAGGGGGTAGACTGCCGTAGTCTTGCGCTGACTGGATCCTAAGTTGTTCATACTTGAGCTTCTCTACAACGATCACTCTACGCCATCCAGGACGGAGATAGCCCGTCTAATTCCCTCTTCCTTGCAGAGGATTTACGAGCTCTACTAATTACTCTTTGCTCTCCGAGAGTGCCCGCGTGTGTAGTAACGAGAAAAGATCGTAGTGGCCCCATATGCCCTAAAATAGCCTCTATTCAAGACGTTCGTATACGGCGCCGCATAGGCTTCAGAAGTCAGCAATCTTTATTAAGATGCGAGCGAGTGTGATGTGTGTAGAAGCCGGGATAATTAGCTGCTTTCACGCGTACATCAGCGTCGACTCAAAATTACCCGGACATAATGCCTTAGTCGCTGATAGCCTGCAGTAGCCTAGTATACATGAACAGTTGGCCGACGACTCGCGCCGGAATTAGGTATGGAGGCTTTCAGTCCATAGCCGGCCGGCTACGGTTTTATTACAGGGGTGCGTCCTACTAAGCCTGGCTTTTGCACATGATCTCCATGTGACTACGAGCCTGTGGTCGACCCTATCGAGTATGGCCTAAACTAAATCCTAAATAAGAGTGCGGTATACACATTGAAAAGCTCCTAATCTGACGAATGTCTCGCAGCCTCAACCGAAAGTTACATCCCCTATAGACCTTGTCATACGAAATCGCAGATATCTCCGCGGGAGACGCGCAAAATGCCGGATCCTTAGGAAAGCGATGCCAGCATTTGCCCTATCGTCAATTCCCGCGGCTTGGTGGAACCCATCCGCCGTGGTTTGGGACCCCATTCCTA,1533,50.42,Saccharomyces cerevisiae
SEQ_144746,GCTGTAATATCTTCTTTCGGTAAGCAATCCCCGGCGTCCTCGAGAATTATTCCTCTCTCATCCGGCATTTGTGCCAAGTGGGAGGACTCAGGGAGGGGATGTTGCGGTTTTGTAAACGTATCATGCGCGGTGTCTGTGTCCGCCTAAACCTAGGCCAGTATCATGCTCACAGCCTTGTAGCGTTGGCCGATAAAGATCATCGCAAGGCGGAAGAAATGAGGTAACGAGAAGCGGTATTTTACAGTGAGACTCAATCGTAGTGCGTTATTCGTTGTAGCCGACGGAATCCACCATCGTGTTGCCAAGCCATCCACTCGATATAGCTTTCGGCTCATTAATATCGCCGCTCCCGAGGTCGGTTGGCAGAACTGCTTTCTATACATTCGTCTCCTGACGTCTGTATCATCTAACAACTATGTTTTGCTCACAATGGACGTCAAATTACCTCATTGAAGGTGCGAGCTCGTCGCAAGTCAATAACTTCAAGCTTTAGAGAAACGTGTACCGCACGTTTGAGTCTATTCGGCAATACTATATTGAAGATGGTTGAAATCCAGACTGACTTAATATGTAGAGCTAATATATGGCCATGATACTACCCCCGGTAGCACATGCACATAACCTCATAATTGGAACTCGCCTGCGCTACGAAGCCCAGTAATTATCGGGCTCTGCAAGCAAATTCGCAGCACGGACACTTTCTAGATTCTTCAGAACGAATTGCGGCAGCAATCATGAACGTTTGGGTTCATAGCCCGACTTAATAGCGAGGTGTGGGAGAGGCTCACCTTCTAGAGTAACGAAGCGTCGAAACCTCACTTACCCGTTTTTTCTCATCAGTACTAAGCACTCCACGTCAGTAAGTATAAAACGACTGTACCGCGTAAATGCCAGACGTTCGTGACGACATACCAGGTACCGAGTATTTTCTCACACCAGTCCCCCACGAATCTAAAATAGTAGTGTACTCGGCTCAAACACCGAAACCAATGTGCCGGTGATTCGAGAAGGGGTAATCAGCTCATGTTCTAGATCGATCGTTGAGCGAGCTTACCTGAGGATGGCAGACCTTCTTTATGAGAGTTATCCGTATTATCATCGAGGAAGCAAGTCCGTCCGGTAGTCTGCATTTTACGATCCTACTCTCTCGGATTACAGAGTTCGGCATCTAACTCGTGGCCGTCTAGCCTATCATTGTGCGTTCGATGTTGACGATGACTATAGTGCACTCGGCTCAATTATGGACCGATCGGCGCTATTTAGTAAAATAGCTGTCACGAGGGAATGCGACTAAACAAAGCGTGTACGATGGCACATGTTAATGCAGTATTCTTTAGTGCTTAAAATCAGAGTTACCCTTGTGTTAACATGTAGCCTAAATTGCCAAGCAGGTCTAAGCTGGATTGGCAGTGTTCCGCACCATGCGAATTACCTGCCTGGGCTAGATAAAAGAAGGCATTGTAATCGTGAGTACCATAGCAGGCGAACTGTCTCATACCTTACATT,1506,46.75,Drosophila melanogaster
SEQ_470152,TTGATACCGACAAGTGCATCGATTTCCTGTGGAGTTGAGCAATCGAGGCAGAGGCGGCGGAACGCCCTTCGTGAACTTCTAAACCGGGACAACACTCATCACTTCATACATTCATCATGATAGGCCGGTTCCATAGGTGAAGTTCTAAAATCCACACATCAGGTTCGGTAGATCCATTTTCCTGGGCATATGTTAGTCTATATTACGGGCCATATAGCACCAATTCGCTCCGCCGCAAGGCATAGTGCCCAATGGACCTGGGTTGCTTATCCGTTCATGCCCTTGTCCAGAAACATACCTAGACTTTCTTTTGGTGAGTTAAATTCCCAGACGCCGCGTCCTAAAAGCAACGGAACACGGGCGTTAATTTACAAGAGTCCCTGTGAGTTTCGCGATTTCAGTCGCACAATTAGGTATTCATAATAAATCGGTTCTTCGTGCAGTAAGGAATCTCTATGATAGCCGGGCTATCCTATTGGATTTACTGGTTTATGCCAAAAGGGGTACCCAAGCGGTTAAATTGGAGCGTGTGACGTATATACTCACGTCGCTAGCGGGTCTCACGGATCTCCATCACTCTGGACAATGGGTCTTGCTGATCAAATTTGCAGAGGTAGCGTCCCGCTGACGCCCAGTGTTGTACGAGGCCTATACCGCAAGAATTAGCTAAACTCCGGTAGCCCCCGAGCCGCCCCCTAAACATTGAGAAAGACTAATAACAAGACCTAGCATTATAGCAAATACCTTCAGGCGCCCGCGGGGTTGCGTGCATAGCCCGCACGAGGAGCCGACTATATAACTTGTCAAGCCGACGCGCCTCCTCTGATATGAGAATGAAAAAAGAAGGAGGCCACGATTAGAGGGATGGGATGTTCAAGGATAAAGGGGATTGCCCAAGTATTTGCGTGGACAGGGTTCGCAATTTCCGTCTAACCGCAACACCAAAGTGATTAGATGTGGGATCCGTTGTACCCAGTCTGTAGGGGCATCGACAGGGCGATCTCCGTTACTCGATAGACTCTGGGTGCTACCTTAAACCACTTCTTCCACTACCAAGTTGCAAAACCATTATTGAGCCATAGTATGTGAGTAATAAGTTGCTCGCAAAAATTTACATACCTTCAAATTGAAAGAGATTCCTGCTCAAAACGTCGGGTGATGAAGCTACAGGTAATCCTGCATATAGAGCTAAACCGATATGCTAGTCCTAGTCACTCGTTTGACGCTCCGAGGAGATGTTAATCTAAGATCTGACCTAGACATTGGGGTAACCGAATCGATAT,1283,47.54,Saccharomyces cerevisiae
SEQ_383262,CCACACCTGTACACCTCGATGTGGATGGCCAAATATACCCTTGTGTACGATGCGCCATTAATAAGGGCAGGTGAATCAGCGTTACGTTTAAAGGAGCCCCAAGTATGTATGACAAAGAGGGATTACGGGCGCATTTTCTTCGGATCATGCTTACCCGTATGCTCAATGTTGCGGTGTTAGGATTCAGACAAGTGGTGAGCGTGGATTGTGGCAACCAAGCTTGTTTACAACGTGAGTCTCGCGGGGAGATAATAGAATTGCATTACGTAGTGCTCGGTGATGCGAGCACTTGTCAAATTTTCAATCTGCCGATATGAAGGATTCCATTTCGCCGCTGATATGGGCGATTTGCAAGGCATCGATCTCACGCTTAATCCCGGCACTATAGTTTGCGACACTGGGTCGGTGTCAATTTTCCGATAAGGTTATTAATTTAGCCATCGGGCACACATACCGGCTGTGCTAACTGCACGTGTCTGCTGTGTCGGACCATTCTTACGAAAATATTTTCACTGCAGCCCCAAACACAGCATTGGAGATGCGGCGGTCGAGTGAGTATATGCGATGGTAGGCAGTAGCGATACTAAAGAATGTTGTCAGTGACGGACGTAGCTGCGTGCTTTCAATGGTTAGGCCCATTAATCAGAGCCCGACCTGTTCCAGAACGGTAACGTAGGGCCCAAGGCCCTGACAGAATTGATCGGGGGCTGATATAAATAACTCGCTTACTCATAACCAAAAACCTGAGAAAATGCCGTTAACCAACCCTCTCGCGTATACGCAACGCCACTAGAAATCTTATAATTAAACAGGTCCAGATGCCGGCGGGCTGAAGAGCACCAGACCCGCAGTTTGCCCGTTGTTTGACCTGCGCCACGTCGACAACCGCCTAATGAATGCCCCGAAATAGGAATTCAGACAATTTGGTGAGTTTTTTTCTCTAAGATACGAAAAGTTCCTCAGCCGCCTGCCTCTGTTTTTTAGAGAATCCTAATAACGAATCTACTGTGACTGGGGATGTGCGTCTATGGGGTGAGATAACCGAGATAGGGGAGTACTTTGAGCGACAATCGGGTAT,1078,48.05,Drosophila melanogaster
SEQ_354741,GCTCGACCAAGTCAGCCGACGCGAACAGACGCACAGAGGGGTGCGACCTCGTGGCTGTCATAACCCGTGACCCCCATAGTCCCAGACCAGTATTGCGATTCATGATTTATGCGAGTGTCCGCAGCCGCCGGGCTGTCATCTCACAGATCTTTCGGTACATGAGATGAGCAGAGCCTGCCCAGGAGTATAATACGGCGGCAGTGCAATCGTTGCGGTCCCATTGAGACCTTCTGAGAGCCAAAGATAGCGCTCCATCACGGGTGTTCATAAGCAGATTAGGGGTGATACGTCGCACTAAACGTGGTCGTGCACGTCTCATCATGTGCCAAGAAGGTAAAGTAATAACACATAGGAAGGTTAACCGGAGTCATCTGTGGGATTTACCTAACTCCCACTTAATCCTACCAATTAGGTCACCGACGCAAAGTACTGCTGCTACGCGGGTTTAATTCAACCCGAGTACAGGACCGCGAAGTAGGGGCGAGGAGATTTTTAGGTCACGTTCTGTGTAAAACGAATGGATGCCTAGTTAGGGGCCGACCTAGTTGTATGCGGATGCGATGCTGAGTAGGTACACCCTAGAAAAGTGTCGATTGTCTTGGGAGATGTGAGCCGCTGAGTATAGTATAGGCGTAACAGATTGGACCCATACCAAAACCATGCACACAGCTCCTGGATGTAAGTTTTAGGGATACGCAATATAGTACGTCGTGTGTTAAAATCGTATTCGGCAAGATAAACTCACCGACCGTTTACTGGGATTCGACGCGTACGGGCTGAATTTAATTCCACGGTAAGATGCGTTGTTCCAGAGCTATTTTCAGTTCCTACATCACGTTGTTGTCCTTGTGAATCGCTTGAAACGTGCTGGGTTGGAACTATAGGGAGCCTTCCATCATGGATGAAGAGTGGAACAGAACGTTAGAAGATGTGGACCTAAGGTGGTAGCAGAGTCGGTCAACCGTATGATTTCGCCGAGCGGTCGGTGTCAAGTGCTCGATCTCTAAATAACTGCGTGATTGCACACGCACATTTCACCGATAAGCACGTGCGCCGACGTCCGGTATTTCCGGAAGCGAAGAAGACGATGTAGGTGTGCTGAGCTGCTGCTAGAGATTCAGCCCAATCGCTGCCTAACCAGAATACAGTGCTGTTTGGTGGTTGGTTGGGATAACTGTTGTGGAGAGGGTCCGAACGATGCTTATATGGCCAAAAATGTGTTGTCGTGGGTGACCCGGTGGCCTCACAACGTAATAGAACAAAGGTAGTGGTTACCAGCCTGCACGGCTAACCAATAATACTGAGCCAGCAGCGGAGGGAAGCCAGCGAAGCGGCCTTCATGATGCATTGCCACGAGCTCCTTGCCTTAAGCGAGGTGAAGCATGGAGACAGAATATGGCGCGGCCGCAGGCCTGTAAGTATTCTGATAGTAACTTTCACAGGCCTCTCGTGGGAGGAGTAATATTAGCGTCACTTCTACGAGCCTTGTCTCTCCTTGTCTTCGGGCACAGCCAT,1515,50.69,Drosophila melanogaster
SEQ_376192,GACACAATGTCGAATTGTAAGTTGTCTAAGTTGACCCTTGCATTTGTTTGTTAGTCGATGCGGGACAATCTATCCATTTCTGATTATCTCGCCCGCGTGATGGGTGGTTACTATAGCACGATTTAGCCGGAAGCATTCACTTCCCACAAATGAATTGTCAGTGAAATCCTCCATGTCGAGTTAGTCGTGTCATCTGCTATCACGAGCGGGTTATCGTTCACGGCCAATGTCTAGCGTGTTGTGACGTCCAGTTTGACGACAGAAATGATTAGAAATAACATCCTCACGTCAGGGCGGCCATTGAGTACCTCACGGCGGCTCTCCAATAGCCTTTTTGGCCGAATGGACTAGATCCCTATTTAGTCCGAATCCTCAGAACTGATATACAAGCTTCCCGGCCACTCGCACGGCTCGAGATGTGCGACGCCACCACTTGACCGTAATTTCAGCCGTTGCGTTACTCGGTGCACCTGCGCGTACGATCTCTCGGACCTGCGGCACTCCTGCCTTATGCTAGAGGACCATTGGGAAACCAGATAGCCAACCGTACCAGCGACCAATTACCCTTCAAGAACCGGCTCCATGCGTGCAAAGGCCGCACCGTGTTAAATATCAAGCGCGGATACCAGTCCATGATATCTAGTGTCGGCAGGGATGTTGTTTCCGAAGGACTCTCGCGCGCTGCAGATGCATAATCCAGGTCGAATCTATTCACTTTATTTTTCAGACGCAGGGGAGCTGTCACTGTAATGCGATTGGGATTACCGTACCGACGGCGTCACCTGACATTTAATTGTAGCTGCTGTAAGTGGTCTTGCTCAGCGTATTCATTACAAATCATTTTATGAAGATCGAAGCCTTGGCATGAGCCTTCGGGGCTCAGCCCGAAAGGTAATGCCCTCTACTAAATTGCAGACACTGAATCTAGTGGCAAGAGGTTTTATCCCCACGATCGAATCTCGCTCTGCTGCTGACGAGTGACTGTACCGAAGCGTTATCCACTTCATCTTGTTACCTAATGTCAGATCAGAATCCGTTCTACGGTCAATGCCTGGATGAAAGCCGCTAGAGGCATGTGGCTAAATGCCACCCGGCTGGGGCCTCTATGAAGTATACTACGTTTGGCTATGAAGCAACGCTCAATTAGATTCTTTGAGCCGGTGATATTTAAATTACGGTCGCGGGCTCTTACGCCGTAAGACTTCTTACACTAGATAAGACTAGGTAGTCGTATTCTTTTACCAGTTTCAGATGTATAGCAGTCATGCCTCTTATTTATGGTGCAGCGGATCGCGGGACTGTGAGTGAGGGAGGGAGGGGCGGAATCTATAATGAACATACGGCCGCCAGACATAAGATTGCTTGTACTCCTGACGTATGGGTGAGACTTACAGGGTACCCATACATTACCCGCCCCCTCCACTCGCGCGGTCACCCTAGGTGCGGTCGGTCATCCATCCTATGCGTCCCGTTATTATGATCACTGTGAAAGTTCGACCCCTAGCACCTTCATGCGTACTAAGTGGTCTGCATGAGCATTGGCGGATTTAACGCTTAATGGAGCGGGGAATACCCGCCGTGCTATTACATCAATGAGGAAAAACGGGGGGCGGCAAAGCCCTTTTCAGAATCGATGTTCTGCTGCATTGAATCTAATGGACACACGGTGGTGAGGT,1676,49.58,Escherichia coli
SEQ_482055,TAACTATGACTATCCCGGTCTATAGAGTTCTCCTCACATGCTCACATATATACGATCGAGCTAGACAAATCAGTCGCTAACCGTGCTTCCCCGAGTCCGTTTTCCTCATGCTTCGATTCTGACTTTGTCAACGGGACTGGTGGTCGACAACAGGGTAAGGTGGCGTGAAGCCGAAATCTGTATCTAAGGCCGCCGATACACAAACCTAGTCATCATCAAATCGTTGCCGTGCTTAGCCCACCCGGGCCCCCCTGTGAACGCGCTATGTATTACTCATGGGCTCACACCGAATAAGTAGCAGTCGCTAGGAAATGGGGTGAACCCTAGATTCAATGATCCCCGTACGAGCCGGTACTCGCAAGAAAAGTGGCTTCAATCTGCGCTCGAACCGGTTGAGTGAAACCCCAACGTCATTGCGGCGGCGGAGGCTTTCATGGGTGTTGAGGCTGGGAACGCTAACCGCCGACCACGAGACGACGGAAGAGCCGAATGGAAGCCCTAAATAGCGGGCTT,513,53.02,Homo sapiens
SEQ_413184,AATTAAAGACCGGAACCCAGCTAGGCACTTTCATTGTGATTCTCGAACACGTTAGGATCGTCCAAACCACCAGTTCCACTCAGTCCGCGTATTGCAATTTGCTCCCACGGGAAATGTCCGCACACAATCAACAAAACCAATAACAGGTCAGGAATTTCTCCGTACACCAGTGGCCCCACTACTTGTTCAGAGCGGAATTAATATGCGACCCAGCCTAGCTACTTTTCTTATTCCCATGAGGAGATCAATCGGAGGACAACGTACTGGAAGCGCCTGTGCATAAGGCCCGCGAATGACGACGAGGGGCAGAAATTATCTTGATGGTCAGCTGAAACATGTGTGGTAATGACTAGTCGGGAGGCACACAGCTGGGACAGGGAAGCGTTATAAGAAACTGAACTCAAGCAAGATCGTTATTATGCACTGACCTCACCCGGAACCATCTTACTGAGTCTAGAGCAGTACATGCGCCTGCCAGTCACGCTCGGTACCGACAGATGTTGAAATTCATTTACGTTTCCCTGGGTTTGGCAATGCTCCGAAGCCTAACGGCGTCGAGGAATAGGGTATCTAGGCTGGCTCACTTGGGGGTCGAATTACTTGTAGGATAGGGTATGGATAAACTGAATTTAAAGCAAACCTGTTTGACGTCTATGCACGATTTGACGATGTATACCCTCGCGTCGTTACACCACACTTAATTGGTAAGGGGCTTTGTGCACAGGCTAGATAAGCATAAGTTGACTAGGCTAATCTATCAGTCTCAGTTATCTCCTGTAGATTGTTCGCGCTTT,794,47.61,Arabidopsis thaliana
SEQ_499881,GGTATAAATCGCGAGTTTGCTCTCTACACGAGTCCCTATCCGGCGCCTCAGCTGAACCATGCAAGCGGATTGAGATCGGCGCCGTGCTTTCCCATGCTGCGTGCGAAGACAAACATTTTCAGTTACGGGGAAGGGGTATGGTAGTGAAAAGCATCTTCTCGGGCTAATTTCCAGTTTTTTATGTCCCAATCAGGCCTAGTGGTAGGTCGCAAAGCACAGGTAACCAAAGTATTTGCTGTAACCGGACATGATTACCCCCTATCTGGTGAGCTTCTCAACTAATTATGGCTGCGCAAACTGGAAGAGCTGCCACAAAGACCCTAACCAAGCCCAACAATCCTGCATACCATTTCTACTCCGGCTGTGATGGAAGCGTAGATGCGGACGGATGGGGCTGTCAGGTATAAACTGTCGGGATGTGATAGATCCGTGGAAATCCTATAGGCGGATGTGTGGTCATACGTGAGTGGCCTGAGTTCGCGCGGATCGCTCCGTCTCTCAAATCCTGCTTGTGTTAGTAGATACGCGGCGAATGGAGACTCAGTACACCGCATGCAGTATCCTGGCATGAGATT,575,50.78,Escherichia coli
SEQ_111520,GTACTTGATGATTGCGATAGTATCCAAACATCGTGGACATCAGACTCAATTCGTAGCACTTTCGGATTAGCGAGCGAGGCTTGTTCAGTTTACGGATGTAGCACCTGAGGGGTCACACTCAGCACCTGATTTTGGCGTGGGTACTCTGGT,150,48.67,Caenorhabditis elegans
SEQ_465795,AATAACGATAAATCTCCTACATCGAGAAAATAATATTGTCCGATGGGCATGGATCCGTAACCAAGGATGAGGCGCCGTCCTGAAAAGTTACTGTTCCTAGGGTACAGCGGACATCTGTATATATATCGGTCAGCATCCGCCCACGCCTGGTGTTTACATCTGTCGGGTATGACATGGATTGCCTTGATGCTCTGAAGGCACGCACCCCTGGGAGTGTGTCCGGGTCGGCCTCCCAATGATGACAGTTTGTGTCGTAATAGCACTGTTCAACACTCCTCCACCGGTTTGAGACTGCAGAACTAACCAATAACGAACTGGCTATACTGGTATACGCGGCGAGCTACAAGCCTTAAATACTCAGAGAATGTCCCAACATCACGTACTATTTTCCAACATCCGGGTGTGACTATCTGAGCTCTAAATGATTCGTACTCGACGCAGATTCCAGGAATTTGTACTCAACGCATTTTACCCTCGGCCCCAGTTTGCTGACTGACACGTATTCCGCGGCGGTCACTGCCCTGTACAGTTGCTAGACGGTATTCGCTTTCCGAAATGACGAATGGTTAACGCGCCAAAAAGTTCACCGCTCCTCGCGTGTGATCAGTTGCCGTGGTTCGGACGAGATTTACCATGGTATCGGACAAACATTTGCTTCCAGAATAAATTATGCTACATTGCTGTCAGTGACTCATTGG,698,48.42,Homo sapiens
SEQ_270725,GATTGGAGTTTTTCTACGGCCAGGTTGCAGACCGTCGTACCCAACGGAGTTCACGTACGCAACTTGTTTTTGTGCAACATAATAGGCCGCTGATCGAATTAGACTAGAACTTTTCTCATATTAGCACAGGCTGAAATTAGTGGCCAAATCGATAACAGATAGCCAGTGTCCACCAGGAGATAGAAGCGTCTTCACATCATACTGAGATCAAGAGTTGGTGAAGTATCCCACGAGGTATGCCACTCTCACCTACGGTACGCAACTGCTACTCAGAGAGAGCGATGCAATGAATCGTCTTTAAAAAGGCTCTAGAGCCGCTGGTCTAGCGTAGTTCCCACTCGGACCATAAATGCCCTAGAGTAGCTCTGTAAACCAGCCAGTATTAACTAATGGCTACGCCGAGGAAGTATACAACATGGCGTCCGCGTTCTTCCTTAGGTCCCAGCTTGAGCAGCCAGTCAGACCCATTAAACCAATGTACACGACGTTACCGCATGATAATGTAGAGTAGTCGGCGCCCTCCTAGTCGTTTTCGTCATCAACAGCCATACCCGGTGCTTATCCTCGAACTCACCGGGCTTTGAATATTGCACGTTTAACGGCAGTATACAGCAACGCAGCCCCGACTGGCATCACCGAATTCCGGCCGTGTGTGGGACCACACACAACACTGAACCGGCCCGAGACACGAAAGTGCGACGTAACGTCATGTGTGAGTAGACAGCAGAGAGGGACCTTCTCCCCGAGCTGGGCCAATCGACGGTAGAGATGAATACCTTGAGCACTAACAGTGCGTACGTTTCTTCCACGAGGGAATTTGGTTCCGCAAGGGGCTCCTGATCTACGCGCCAACGTTGTCCTCGGACCTGCCCATCGATCTGCAGATTTAAACAGTAGACAGTGAAGTTGTCGTAGAATTCTTGGGGATTTCAGCCCCCCCCCGACGCACGTGGCAAGCAAGATACATGGGTAATGGGTAATCCTCACAACCACAGCGCGCAGACCTTCAATCGTAATGATCTGTCACCTGAAAAGATCCAATCCATCTCTTGCTGGCACCCGGT,1064,50.75,Homo sapiens
SEQ_452461,GGAAGGTCGATTCGTTCCTTTTTTCTTAATACACCCCCATGGGACTCACTCTACCGAGCTATACCGACGGCACGACAACAACGTCCCCGGATACACGTCACCCAAGTTAGACTAAATGACCATCTTATGATTGAAGTGATGGTGCTTACCATCTAAAGTTACTATCGCGGTTAGTCGCCTAGGCTGTAAATTGAAAGAGTCCATGACAATTTCTTAGGGCACTGCACAGGTGGCTGACGAGCCGCTTCGTAGAGGTGGCCGTATGAAAAACCAGCTACCGCAGTCTCTGTACTTCCGGCATGTATGCAAGGCTCTCCGGTACAACACAGACGAGCGCTAATTGCGCGCGCCTATTGTCCTTCCACCCGAAGTGTCGGGCCCCAGCGTGTGGATATTTTTACGTGCAGGCTCACGACTATCCTTCAAATTACATAGGGAACCAGTAGGGTTCACCGAGCGGCTCTATTGCTTTCGACAAAATCCCCCAGGAGAATGAGCGCCACGAGGCAAATCAATCCATTCCACCTAAATGAATTGTTTATATAACTGAGATACAGCTCCGCAACGTTTAACGCGTTTGGGGGTCCTGAAAAGAATCGTTATCACATCTTAGGAAATACACGGATTAAGGGCACGGAACAACACCCGATACCCGCACTAAAATCACACAATCCCCTGCTTGGCGATATAATTAGAAGATAACACAACTACGGTATTCGCATGTTTGACCCCTACTGTCATTAAACTGTGGAAAACTTGTTCCGTTATACATATGATTCCATTCTCTTGTGACTTACGTAGCCAAGCTATTGGGTACGGAGAAAAGGTGCTAACATGTGTTTGTGGAAACCACGAGGGCGGTCTAAACGACAGTCGCTTATCTCTTACCTGCACTAAAGTGTAACCATAAGAGTGATTCTCTGAAGGATTGGATGACTGGGTGACAGCATGCCACGATACGGAATACGAGCGGACGTGAGACGAGTAGTTCCCGTCCGATGTAGCGGAGGATGGCAAACCCGGCCTTATGCGGGGAGAGGTATCTCACTTAGGTCATTATTTGCTGACGCTCAGTAGCCGTTCATGCGGGCCATGCACGTCCGTCCTATCTAACATGACGAGTCGGCCCTGTCGCGGGAGTGGCTCATGCGTGACACATTCTCTGCTGAGATTGTCAGACCTAGGTGAGCATATCCGTTGGCGGGGTCATAGTCTCAGCTTAGTCGCACGGTTGTACATTAGATGAGTTCGGGGTGGCAGTTTCCAGTGAGGTACGCCAGTACAGACATGTTTGAACTAGCTTACGTCCATTTGTAACGTCTGGCCATTCGATACCGACCTGTGCGATTGATTTGGTTTTCCAAGCCGTACAGAAGCGCCCGGGAAGGAGGACTCGGGGTGTCAAGGGGACTCATATTCCACCGGTATGAAGATTTAGACGCAGCGGAGTTCCAGGAGTTGAGTCGCGATCAGTTGCGAAATCTCTTAATCGACGAGGACAGGATTCAAGATACTACGAAACTTGCAGATACGACGGTCGGCTACTGCGGTTTGCACGCAGACTGCCGAATTCATTTGGACCTAAGCAATACTTAAGACTCGCATGCTGTTTCACATACCCGAGCGCCGGTGCCTCAAGCCGTGATGCCTGTTTAAACCAAGACTGTTTCTCCGGACCCATGTTTGGGGCACTTCGTCTAAGCTGGGGATTCCCTGGGCTCCGTCCTATGCAACAAGATGTACCCTTCGCTCCCTGGGCGACGAACAGGACGGTGAGGAAAGATTCCCCAAAGT,1794,50.0,Arabidopsis thaliana
SEQ_955928,GACAACACTATACTTGTGTCACTTAACCATGATGATATCCAAAGTGCATACCATCCCGAGGCCTCAGCTGCTTATCCCTTGCGTGTGTAGTCCGTCGCTCGGTGCGCCTATTTCGAGTTCGGGAAGGGTACACCGGCCCATTCGACGTCCAACGGGCCCGCCCCCGGTGCAGGCCGCTAATCGCAAAGGGGGCCCCATTTGATACTTGTCAGTTAACTCAGAATATCCAACAGGATGATGTATGCATAGTCCAAACTTAGGCCGCCAACTGCATGGTAACAAGATAAACAAAAATGTAATACGGTGGCACCCACACCATTCAGAGTCCTTGCTACGTTGCCGGTATATCCTATGCGCGTGAACGAGGCGTCCCCCTTTCGTATGCTTCGAGGTTAATTCTAAGAGAACTGTGGTTATTAGAACGGTATAGACGCGGGCGATGTAACGCGAGTGCCGCCAATCGCTGTCGCATAGCAAGGCCTGTGGAAGCAGGAATCTTCATAGTTCTTACTTGATCGACAGCCCGACCGGATTGGTCTTGTACCGATGGGTCCGCGCCGGGCCTTCTGTGGGCCCTAGCAGTTCTCTGCGACTGTATGATATCGCAAACTTTTCGAGTCAACGCGACACCGGATCGATTCCTCTAGGCCTAGTCTAGGTATACAGGTGTTGTGAGAATGACGAGCACGCATCACTTCATAGCTGCCAGGAGTGGTGCCCTGCGACTTAGCAACGTAACTTATCGACGGTTCTCCATACTCGGCCACAAATCCGACAATATTCTGCGACGTTGACGACCGAATTTGTACGGATAAGCCAACTCTGGCGGAGGCTGTTGGTGTGCAGAGCGGCATAGTGCCCGAATGAAAGTCCCGCCCCTGCCATACTTGAGGGCTTTATCAGCCTCCACGTTCGCACGAGTACTAACGTCCTTGTATTGCACCTACCCGATACAAATTTCGGGGTTATTAGGGTCTCATAGGGCTTAGTGACCCAACATTGAGTACTTGTATATTTGAGTTCAAATTGGGAGCGCACAACCTTTTATGCACTAACCATCTTTTCAAGAAGTAACCCCGGAATGTCCGTTGACACCTCTGACGATGGTTTTCTCGGGGGTGTAAACGGGCGAGGACCCCGCTTATTGCAAAAGAAAACATGGGAAAGGGGCGTTAATGGGGCTAACCACTTCGCTTGTCGCTTTTATCTCTCAACATCCTGGTAAACGGGAAGCGTATTCCATTATTTTTGAACAGCCCACGCCGACGTCCGCTGTCGCTTGAGTGGCCCTATACCTGAGAACGACGACCGGGACATCGAGCTTCCAAAGTGTACACTACGTCTTAAGCCCGCAACGACAGGCAATTCTCCTGTTTCCATAAACCGCGAACCTCAACCCCAGAGATAATTTGCTGTGCGGCCGCCATGCCTACGAGTTGATAACTCGGCTTTATGGTATCCAAACCCTGTTCACTTATAGTACGGCAGGGTCGCGCCCTAACAATCCATCACCTAGTCGGGGGAGTAGGGCCCGGATTTTCTCGGAGACGATGACGAACGGTCAGGACTCAGGTTTTACCGCACCGTTCGCGTGGTATGGTTGAGGGCAGCCTAACTACCAAGCAGTGGGAGGGTGCTACCTTAGGGCGACCGGTTGAACATATACGAACGGCCAACGATGCTTCTGATGGCGGGAAGGGGTTCGCATCTCAGGGCCCAGGACCGACAACGGACAATTTTACAAATGCCAAGCCTAAAGAGTCGATGCGAAGTAAAGCCTGTTCCTTGTCCGACGTCGGTTCTCACAGGGTGCATGGCCCTTCATTAAACTCAACCGGGGTGCATATTTTTCCCTGGCCCGACCGAATTACACGTTCACATCTGCGACATTAGGATGCCAGCAGGATGCCGTAGAAGATCCCGCGTATCTGGGACTTGGAGTTTTGCCCCATCAAGTGCCCAGACTGCACAGCCTGC,1977,52.2,Escherichia coli
SEQ_944512,AGCACTTATCTGTACGTCCTGCATCGGCCGCGACTTGATCATGATGGTAGAAGCGTGCCGCATGCTGGTCCTTATGCAACGGATATCCGAAAGCCGTACCCCACTGTTATAAGAATCAAACTGGGAAGCTCTAGAAGTGGTATCGGACGTATACCCGGTTCTCCCTCCTATCCCATCGGGTGGGCAAACCCCGGGCTGATGTTAAGCATGTGGAGTTACTGTAATCCGTCCTGCACTGCACCAGTTCGAGAGATCCCAGTTGTCAGCGAATACTATTCTCGTAGCCGGGACGCCGATTGGTCTCCACTGGAATTAGAAATCTTCAACTCAGTTCAGCCTCCTCTGAATCACTGCGTGTATCTCTACATCCCGGTATTCGTGGACGGTCACCATATCTCGGGATGGAGACTTCCGGTTCCCCTCCTCGACAGTCACCACGATTCACCTGATGTGTGATATGACTAAGAAGGGTATTTAAAAACTCAGCCAGCAATGCACAGTGAGGTTGCACAATTGTGGTGCTATACTACGTGTTCGGGATGCATGGTTATGTGTTACGTAACTCCGCTTACGATTCCTAGGGACCTTCCCGTATACCACTCTAGCTTTAGGAAGTGAGTGTGATGCCGAGGCAACAGGCAAGGAGTCCCTAAAGTGTCGCCTACTATTCGCCGTTGGCGTCCGGCGTTATAACCTAAATCCCAAACCATGCTAGTAGATGGAACTGGGGGACGCGCGATTCGAACAGCGAGAGGACACCATCCCATGGTGTGTCTCACGGATAAAATATTAGCACCCACCCATCTCTGCGCGGCCGACAGACACTACCATTCAACCGGATGCACGTATTTGACCCAAACTTATAAGGCTCGATCATATCGAACCGTAACACGTCTGCCTCACCACCGGTGCTTTTGAGTAGAATGTCACGCCACCGTTCGGATAGCGGTTGGCTTATTCGATGATGTGCAGCTGATGTGGACTGCGGAAGGGATAGCTATTCCTACTGATGGGTGCTCTTGAAGCATAACGCGACCCCTATAAAGTCGGTTCAGCGGCATGCGCGGCAGCACAGGAGTGATCTCGCCTGTTCTGTAGTAGGGGTTGCAGCTCCGTCGCCCGTAACTCCAGTCGGCTAGGCGGATCTGCGACAGCCCAATCATCGCGAAGTGGCGTCGATCTGTAAGTCAAAGAGCGGGCTATTTGTACTCAGGATTCCCGAGCGGGGCATATGGCGCACCCCTTCCTTTGTCCTATGCGCTCGATTACTTACGCTAACCCCGCACTTGTTACCAGGGCACGGGTCAGAGGCCATGGTTCACTATCATTTGAGACTTAACAACTTTCGGTAGCCGCATGGATCCCTTAGAAGAAGTGAGCCGAAAATGGCTTACCCCTCCGACCTGCCAAGTGATGCCGCGAACCAGCTATTTGGAGTCAACTCACGCAAGCATAGCATTTTACAAAGGAGTGCCGACGAGCATGGCTTCCCCAATTCGCGGTTTCGAGGCATCCGCGGCTCCTGGGTAACGTCAAACCATTCCTACTATGGGCTCGGATGCCTTTTGTATGGGACATAACAGAATCTCGATAATGAATCCACCTAATCTAAGCATATGTATCATACAGTGCATTCCCTAATGATTGCCACGGGGATCAGACCCTAGCCTTTCCGATGTCACATAAACGCAATGTGAGGACACACATGGCATGATCCAAATGGTGACCGC,1730,51.68,Homo sapiens
SEQ_660313,CCGTCTAGGAGCTATGCAGTGTCTTCGGACGAGGTGCTTCAATCAGACCAGTTCAAAGATCTTTTGCGTAGCAACTGAAGGTTATTGTCAGAAGAACTTTCTGTCATGACAGCGCTGTGAGGTCACGACAGAAAAAGTAGCCTTTGGCCTAATACCGTCCCCGGACGTTGAATAATAGGTTGGACTGGCACAGTTAATCCCTAGCGCGGATCCTTGAGACTAGTGCCAAGGCGTGGCATCTAAAAGTATATATATGAAAACCTGAACGTTCCCGTGGTGGGGATGTTTCACGGACCGCCACAACTAAGTGTGTAAACGACGAGAAGTTGGGACCTCTTGCCTGCAAGTCGGAGTTCCGTAGTAAAATTTGGAAAAGCGGTGGGGTGTGAGCACCCTCAGACACGAATCGTTATAGACGCCGGAAATCGTGCTAATCCGTCACCCCCCGCACTTTATCTAACTGGACCATTTCGTGTACGACGTGCTCGGCCATCGGGCCTTGGAGCATCCGCAGCCCTTCCCCCGGGACTGCTACTCATGTGTAGCATTAGCAAACGTCAGTCCAGTGAGGGCCGCACAAATGACTTCGAATGTTCGGCAATACAACAACGGCCATTCACGCAGTGGCCGAAAATCCGCTTTCCGCAATTGTTTTTTATTCCCCAATAGTTCGATAAATATCTGCCTCGTGCTTCAGCAGGCGCATGGTCGATCGCCCATTACGTGGTCAAGGGAAGGAATAAAGTGTGCAGGAGTGCTTATTTACTTATAGGTTGTCTTAGGTCTCACACCGCAAGGGCGGGAGGGTTGCCCCGCAGTGTGGCTCAACCTTGGTAAGAATTGATCGATTGCTCCCAATAACGCATGTTCTATTGGTTGTTAACCAGTTGCATCGGGGTGTGCGCACTCTTTTCAAAGGTAGTGGAACAGTATTCCTAGCATATGACGGCTGTTCAACTAAGCTGGAATCCCATTAGCATCACCGATACGCCGTGTAAAAACACCTAGGAGAATCAAATTGTTGCTTATGGTGGCCGCCCCTTACCAACTGGGTGAATGGCACAATTAGGTAAGGAAGATTAGCACCCAAAAACTGCGGCGATCAACATCGCCAATTGTGAAGTACCTTCACTGTACAAGGCGCCAAATAGCGCCCTAATAACTAGCCGAGCAGGGAATTTGCGAGGAAGTCGTAACCTTAAACTAAATATATATAAGAAGGATTATAATACTCTCTGTTATGAGAGGAACTTTGTCGACCTTCGTCTCGTATCCTAGAACTCGTTGGAGATCGCGAAGAAGGCGTGGGTACCTTTCAACAACACAGATCGCCAGCCGATCGCATACCATTTTCGTAGAGGTCCACGTAGCCACTAACAGTTAGATATGATAGCAGGTCATAGTATT,1407,48.4,Arabidopsis thaliana
SEQ_249717,ATAAGCATGCCGGGAGAGTAGGCATAACATTCCGCTTAAGTGTTAACGCCTAACGCGGATCGATCCCCATTTTGTGCACCAAAGTCACTACGATTGTGTTAACTTCACAGCACAAGATAAATTTAACTAGGGTAAGGACTTAAATAACGATACTAAGGTACACCGCTTACGGCAATGCTCTTAGTGTAATGGTCTATCTCTACGATTCCTAGTTTATATTATGCGCACCCATTCAGCAGAAACTACTGGGCGCTAGCAATAGACGCACTCGTCAAACTATTTAAGAGACCTCCCAGCTTCCTTACGGCAAGGCATCGAAGCAACCCCCTTCTGCTCCGTTGTGATCCCTCGCCTACGGAAGTCCCCCGCATGGCCGCTATCCGTGCGTGCCCGATAATCACATATTACCGGCAGGCAACAATCACCAGTAAGTTATTGTGTATATAGACACGGGTCACTGCGCTCCGGCCCGCCAGGCATGCGCCTACTCTAGTATAGGGCGCGCCCGATGAGACGGTATATTGCTCCTCTTCATCAGGTAGAATCCCACAGAATATGTGCGACCTGGAGGGCTCAGTCAGGTGACCCGTTAAGCGTCTAATCTACACTACACGCCCGAAGGGAACGGGGCGTGAGACCCCACCTTGAGCGGAATACGAGGTACGTCGTTGGCCTCCCCAAAATAATCTCGCATGTAGAAGTCTGAGAATATGCCTGCGGAAGAACTATTCCTAGAATGATCTGACGGTAAGCATTACGCGATCCCCATACTACTCGGGTGCGACGAAATTATCGTATCAGAACTCGGCTTAGAGTCTAATCCACATTTAACAGCCGTCAAACTATTCTATCCTCTTTGTACGTCGAGTCAGGGGACCCACCAGTCGCCAGAGTAACGGCTCCATTTATATATTTAACAGACGTGTATCGATCAGCGTCTTAGTTGTTTATGGACCGCGTCTTTCAGTCAGCCGGTAGGAGGAGTTAATTTTATTGTGGACCGGGCGGCCTCATGCTCTCTACTAAGTACGGATGGATGATCTACGAATGACGTTGATTGCAGCCTAGGGGATTGCTACATTATGAGATCGGTTAATCGTGTGACATAGCTTACGACGAAGGTCTATACGGAACGTATAGTAATATCTATGATAAGCAATACTTGCTCATCGCGTCTTCGGCAGCGGGACTCTGACGTTCGTTTAACTATAACGCTGAAAGGACATACGTCTATTGGATTTTGTGTGATCTGACGCTAGCTATGCGTCCATGACACACTCCAGGCTAGCGGTAAGCGTAGGAACTACCGTAAATGCTCCGGAAAGCCTCACACCGTATGCGAGTGGAGGCCTGCATGTAACATAATCCCACTGATCGCACAGATGTGTGGGGTTGCCTATCATTTTACGTATAACCGATTTGCGCCAGGGAGTCGGACCTGAGACTGGCGGGGGGGTTGTGATCTAGCATCAGGCGTAATTTACCCCCCAACCGGCTTGTCGTAGAGACGTGTGATTGTGAGGCTAAGTTATCGTATTCGTGTAGCGATTGCGCCTGCGAGGA,1563,49.2,Mus musculus
SEQ_558024,AGCTTGTCTCCAGGCCATGGCTTCCCCCGTGGTATGCGCGCATTTACACCGGGTCCACTTTCACCATACGCGTTCTACCTTCCATGTTGATCTCCGACCGATTTCACCGTGCGGGGCTGTTGAAGGACTACATAGGAGTTGGCACGAGCATATGGGAACTCCTTATGATCTGCCGATGGGAACGTAGGCTTACGGAGCAGGTCGGGTTCCCTTACTATAGTGCGGGCCTACTTCGGGCACGAAAGGTAGCCTCTCGGAAATATTGATGACTTAGCTAAGGATTATGCCACTCTATCGTCAAGATTTTTGGGTGCCAAGAGGAGATATACTAGTGCTTCGTGTAACTGGTTTTAACCAAGAGGGATCGGTAGGTCCACGCCCGGATGATGAATTATCCGGCTACAGGGCCGACTTCTTCCTCTTACGCAAGTGCACTATATCCTCATTAGGGCTTGGATGGCCCAAACGACTACGAGTAAATGGCTTCGCCTGACACCGAGTCAGCTACTGCGTCATCGATCATTCAAGGACTGCATACTCGCCCCTGGTCTTTGTACGGTCAAACCCGACAGATTCAGATTTTACTGATCTGCTTCACGTGCAGCTCGCTGTTGTTTTGAAACGGGACAGCTCCTACCGATAGGGAGAGTTAGGCCACGCTTGCGAGCCCCAACGTACAACACCTTCTGTTCGCTTTCTTGCCTTCTTAGAAAACACCTCGATGTCTTACCGGATTCCTCTTCGACCCAGAGCAGGATATTACACCCGCGGAATTGGGTATAGTTCCTAAGGTTCGCGCTAACCTAGGAACCATCAGTGACCGAATCGATTTCGCAAAGAAGTTTAGAACCGCGTCTGAATTCAGCTACTTGACCCAAGTACATGGTTTAAGGTCCTGATACTCACTACGCAATGTGAACCTAGCTACGCGGACTGCGCACACAGTAAGCGCTCTTCATGTCTTTGGTAGGGGGTTATAGAGGTTCTACCGTATAGGGCATCTGCTTTTGTAGAGGACCCACTCTGTGACATTATACGGGAGCTTGTTAAGCGGCATAGGAGCTGATAATATCGTTGCCGGTCTCGCATACACATGTTAGGGGTTCACGTGAACTACGCTGTAGGAACCCTTGGCGGACCTCATGGATGGGTCGCCCGTCTAACAGACCGTCTGGGCGTTTGCGTTACGCGCACGGGACGCACTTAAGCTTCGGGAACGTACAACTCAGATTCACACAATAACGCGATGCACGGGGAGCAAACATCAACGGGAGAATGTATCAAATTTCCGTACACGCTGCTCTAGCCGTGTCTCGCGCACGGCCTACGTCTGCTGATCGATAACCTATTCATCGCAGCGTATGGCCATAGAAATTACAGTGCCCTTTAGAAGACGACACGTGAGGCATCTACGAGAACGCGTCGTGATGTGGAAAGTTTGGAAAATCACGCGTATTAGAGGCGTGGTGACGG,1473,51.05,Caenorhabditis elegans
SEQ_919624,TAAGGCATGACGACACAGGTAACCAGGTCTATAGTTACTTTCGGTTTGTCATTAGCCATTGAAATTTTGATTCGTTTAGGTCATCAGCTGGGAGCATCTCGGTGTCACAGGTAGAATAACGGTCCTGGTGGGGGACACGACAAGCTGCAAGTCATTTTCTAGATTGCCGCGTAATAAGACGCGCTTCTACCGAGGACTTAATAGCTCTAATCACTCGCAGGTCCATGGAGGTGACCATGAAAGCGTCCGGCTTTGCCCGACTAGACCACCCATGAGTTCGGGTAGCCTCTCCATGGGAAGACGAAGCAAGTCTCAATATGGTAGCTCGCCGGGCC,335,50.45,Caenorhabditis elegans
SEQ_240402,GCGTGGCGTATAACAAAGTGGAGTATTAATGTCCTGTCTAGACAATTTGTCTGAACGACCTCAGTTTACCAAGGCGTTTGAGACTGCGACTTCGTA,96,44.79,Arabidopsis thaliana
SEQ_671465,TAGGGTGAGAGGTAAATCCTCATATATACAGACGAAAATGAGTACCGATGGCTACAGAATTAAACGTACAAGTAGTTTTCAAGGACTTCTTCCACCCTATTCGCTGCCGTTTAGAATGTCAATGGCGTTATACTGGAAGAGGTGTACCCTACTAGACTATCGCGGCGGGGCGCCGACTGTTAACAACGGTTGGTCTGGGGAGATACTACCACCGGCTCGTACCCGCATGTGTCTTTCTCCTACTCACGCTCATTTACAAAACAGACATCCCGGTGTCAGCAAAGCCAGGATCCACCGGTCACATAAACGCGGAAACTCAGACTAAGTGTTAAGCTCAGCGAGATTCGGGCGTCGGTCGGCCTCCATCGTGTAAGGTAACTATTCAACATCCTTAGCCTGGTCTTACGTTGACGCACTAACCCCCGCCGCGCGCACGCCTTCTTTGCCGCTGCCGTCAGAGAAACTCGTTCTCGTTCGGGTCTAATTGAGTCGCTGATGTCCACATGATCTAGGGCTTAGTGTCACTGACTCAAAGTACTTGATCGTCGTGCTGGGAATGTGGATATGTACTTTCTCTATCAAGGCAGGCAGAAGGCGCGCATCGGAAGTTTGACTTACCGTCCTATCGTTCGCTCGAGTGCATGCAGGACCTCCTGAGAGAATACTGAACACGGGGATACACTAGATTATTATTCTCACAAAACCTGCAGAATCGGTGTCCTCCGGAGAGGCGGTTCCCCGCTCGCATAGCTCTTCGCTGACACATTGTCGGTTCACGCGATAGTTAGGACTCATTGGGCGCTATACTATCTGTACGCTAACGGCTGACCACCGGGGGTTAACTTGAGGACGATCTAGCGTGTAAAGATCGCCTGCGGCTGTTCAGCCTGACTATTTCACTTTGTTGTGCGGATTGTGGATTTTCTTTTCTTCGCACGCATCTTCGTTAGGGCCCTTTTATTTTGCCTTTGGAGTCCTCGTCTTCCAAGCGAATCTAAACCATTCCCCTGCCGTCAAGTAATCTGCTGATCGTACGCCTAGTTGGTAACGAGTAGGTGACGTGCTGTTTCCGGTGGCCAGGCAGACAAGATCGACCGGCAATAGTCCATTTCGAATAAGTATCATAGTCGAGCCGCATGGCCTATCGTTAAACCATGGGGGCGGAATTAGAAACCTGGTGGTGTTTCCTTTTTGAGGTCAAATTCCGATAGTAGCCAATAAGTCACGGAACCCGCCAACTACATTATCGTCGGGCCTTGACGTGGTTCTCCTGTAATATCCTAATAACTCGAAGTTCCAGTCAAATTCATACAGGTTCTGCCGATGGAGAATTAATGTCCTCCCATCTACTACGTTCATACCACTTGACCCCCAGACAGAATCGGGTGTGGGCAATATCTGAAGCTCCGACCGTGAACCATAACGCAACGTATGACGGGGTCCCATTCACTTACTCCCAGGAGATAGCATGTCTCGATTATAGTCAGGAACAAACGGATGAGGCTGAGAGTCATCTTTAACTATCATGGCCAACGCTTTCTAGTCCAGGGAGCTGCCCCTTCTAGGCGGTCACATCTGGTCGCAAACTTTATGCAAGTAGCACGACATAGTCTTCGCATGACCAAAAGAGAGGACACCGTCCGCTCAGGTCTTACCCACCGGAGGACTTCTGGTAACGTCGCTTGGGATCGTAGATAGAAAGG,1703,49.97,Mus musculus
SEQ_890013,ATAAGGATCTCTCGATCATAATACTATACGCCTAGGTGTTGATCGGCGTGAGAACATCCAACTGCAGGCCAGCTGATACTAGGACTTACTCTTAACCGGCTATCGTCTTTCGCAAGCAGTATCGGACTGATATGCGCGTATAAAGTAACTGGCACGACTTAGCAGCATTAAATGTTGCTTGATGTACTGGTGCTCCGGCCGGGAGCAATGGTGCGATCACTCCATCTCCCCATCGGCCGTGCGTACCCTCAAAAGCAATCACCACGACGACCACCGATTGCCTGCGCACCAAGTATACGACAGACTCTCACAGCGGGTTCTCCTGAAGCATCCTAGATGGCGACTCCTGTTCGTGATAGGCTAGGCTTACAAACTGAACACCGACCCAGTGGGCCAGAGTAATACGTCTCGCGACAGAGTAACTCCTGTGCATTTGAGCAATCGTAGCTTTGAAATGCCTCTACTCGTAATAATATAATCCACTAATTTAGACAGACCCAAAGATGAGTAACGAGGATTAACACAGATGCCGTAGCACGTAGGACAGTGGTACTTTTAAAACTGGCCCCAACTCATACCATCGCAGTGGATCGAAATGGGTGACATAGAACCGTAGTTCCCACTGATGGTCGCTCTTTTGTAGGAAGACGCATCATGTCCCGCAAGGGCCGCCTCGTCGCGCTGGCGAGTGCGGCCGCTGACCATCCCGTCCGTATAGGGGTGCAACTGCAGTGATACATATCTATTAGTAGGCTCTCT,759,50.46,Drosophila melanogaster
SEQ_563770,TTATCGCTCTCTGATTACTGTGGCGGGCCGAGTCGTCGTCAAGCCTCGAGTTTCCGAGCCTGTATATCCACTCGCAGCTAGCTCTCTTAGTAGTGCTCTGAATGCTGGAGCCGTTTTTCGCTTCACCCTTTCTTCAACCGGGGTGCAAGGTTTGGTCTTAGAGGTAAAGCTCTGCCTGAGAGGATGTGACCCGCGGCGGAGCATGACCACAAAGTGGGAGTATGGCCCCAGATACTATACTGGGCAAACTTCAACGATCGAGCTTATGGCGGTGAGCGATGGCAGAAATTTGTGGGTCACTTCACCGACTCGTCCGTTTATATATCTATCACGACAACCCCAGCACGCGCGCCCAGGTGTGAACCGTTGGCAAACTTCAACAAAGTTATGGGCGGATGGTCCATTACGGATGCCCCAGTGGAGTTGCAGAAGTGTGTTCGGCCCGTGCCGCCAAGCACGAGGCGACAGACGCTAATCCACCTGGTTAGTCCGAACTTTGAACTAGTTCACAAGAGGCAATTCTCGCGGGACGGCACATGACTTTAAACTGGGGTGCCTTTAAGGGCGTTCGTTCTCGCCGCAGGTACCGCGCAATTAAACGAAGTTTATATGCCACTTTACAGCAACGGTCTGAATTGTAGTCCAGATCTGACCGTATAATACATCCGTTCGTCTAAAAAGAGCCATCCTCGGGGCTTTCCCCATCAGCCCGTTGCCACTCCCTATATAGACACACTGGTCAGGCTAGATCGGTTTTCGATGGAGGGGCTAGGGAAATCGTTCTGG,786,52.67,Homo sapiens
SEQ_688880,GCAGATACTAAGTCGCCGCGCGTACCAAACTGGGTTGCAAGCGATGTCTGGGGGAGAGCCTACGATACTGCGTCGTACTATAAGGTGATTCATTGATTTCGAGATTACGGGTGTCGTGTTAGTACACGGCGCTCTAACTGGAAATGTATTTTTAGATCACAAGTCCAGGATGTTCAACGAGGATTGGTGACGCTTCGGCGTCGACGTAGGTACGCGGTTTAGGCCCAGGACTGGTTGGAAATCCTAATCGGGGCTGAGTGACCTGAGCCAGGATGCCGTCCTGCACTGCACATGGTCGCTGAAATCACCCGCCTGCGGCCACTTCTAAGATCTACAACATAGTTCATATTCCCAGAGGCCACACTAATCTCTGTCAGAGGTTACGCCGGGCTGTGACATTGCAGATGCACCCGAGTCCCCTCTCAGC,427,52.93,Saccharomyces cerevisiae
SEQ_496084,TAGAGGACTGTACGTTGACCTGTGAGCATAAGCTTGTGTTATCCGTGGAATAGTATAGGGTTAAGCCGGGAATAGCCCCAGCACCCCTAGCTTTTGAATGCCTGCCACACTTGACGCGCGTCAAATTCGGGCCCTACTTCCTCGATCGCTCCAAAATGTGGATAGCGCTCCAGGTCCATATCCTACAAATGCTCATCTCCCACGCATTGGAAGCAGTCCTATCCATATTTGACTGTGCCGTCACAACACAATTCGTTTCGCCTCTAACCTCGACACGGCTCAGCTCGCTCGCGTAGAGAGTCAAGAATTGCTAAGATTTAAGCAGACTTGAACGGGATTACTGTGGGAACAGCCCTCCGTTTTCGTCCCAACTGTATGTCTGATGTGAGGGGGAGCTAATAGGCGACAAGAGACGCGTTTTTTGCCCGATCATTAATTTGACTATCATAGCAATACAAGAGTTCATGCATCGTCTGATCATATCTATACACACCGTACCCACCGCGTTTTGCTGAAGATGGGCTATTAACCCAATGTGCACGCGGACGATTTCGCGTAACGGCCGCCATATACGAGATAACAATCGAGATCAATCTTATGGTCACCTGAAGGAGCCGTAGTCCCTGGTCTGCTCTGGCAGATAAAGGGAGGTTACTAAGTCATGAAAGGAGGTGCCTTATTCCGAGCTATCGTAGCCCAATGGGGGTTCGATTCTAACGATTATGTTATTGTCTTGACCGCATGCACGTGATGTTCCCTCGCGGATAATGTCCATATATGAGTTATATCGTGGCTATGGCGCATTTAGGAGCTACCCTCTCTGAACCTTAAATGTCCCCAAGGCGCGCCGCCACAATCGAACAATAACTTATCGTTGTACGCTAATGATTCTTATGTACACGGCACAAACTGGCGTCGCGCG,922,48.7,Drosophila melanogaster
SEQ_918325,TTTCCGCCGGGAAAGTAGCCCAGTGTATCATCTTATTATTTAGTGCTGGATAACGCGAGGACCGCCCAATCATAGAGCTTCAGTACAGCCGATAGACTAAACCTGTGATCAAATGGGAAAGCTACCTCCCCCGTCCTGTAGACGCACGCCCGCGCATCGGCGCTAACACGTACGCATATTCGGGGTTGGAATCCCACGTGGACTTATCTGGCTTAAGGGCATAGGCCAGACCAGAGACCGCTGAAAAATAGCGCATCTGTGATCGCGGGCGCGCCTGCTTTCGGAACCTTTGTACCGAGTCACGTTTGAACCTGAGTTCTGAGATTGGGGTCGCCATTGCTTTACGTTTTAACCATCGTTGGTCGCTATGTGCATATCGCAAACATGCTCTATTAAGCCCATTAGTGTGTCAGGATGTTGCTTAACCACAAATTCAATGCGCTGGCTAGTCTACTTTGTTAAGGCCTTCGGTTGGCCGATGCAGATAACCTCAGGTCCATGGGAAGTCACGTTTCCCACGCTTCGACTACCGCAGCCATGTCGTCCAGTAATGGACTTGGATGTCGTAAGGATTAATGCTACGGGGACACTTCGTCGATTAGCCTGCCCGATGACGAAGTCCACCCGGCGGCCTTATGATACTGCAGTATGACTGGGCGGAGGGAATGATCATATCACGGCTCGCCATGCACCCTAAAGCGGTGCCACCATCATCTACGACGACCAATAGGGATCTTCGCCGATCTAAAGTGATGGGTGCGCACCGACCTGTTGGCCTGCGAAATCCCTCGACGTAGGTTGGTTAATTTAGAGTTATCTGCCAATGGGCATACAGACGGCTTCTCCCAAACCCTTCCAGCAGCTTTTATTTATTCGTACAGGCTTTGCGAAGCGACCTCCTGACATTACGAGAGTATGCATCCATTCTAAGACGCCGCATTGCAAGTGCACATCCCTGGAGTTTGAATTTTTAGTGTAACACAGGTCCTCCTTCATTGCTTAATGGTGTCAGCGAGGACGTCGCGCATGTGTGCACACGACTCAGCCAGATTGAGATGCCCCGCTAGGGCAAGCTACACATCAACTCTACACGAGGGGGCAGCACCTCCGTGCAGCGCGGAACAATTCCATATACTTAGCGAAGAACACCTAGAAGCCACTGAGCTCTCCCGTAGTTATGGAGCCCAAAATGAAAAGTCGTAAGGTAATCACTGGGATGTCACCTTGGTCCAATAGGAGCAACTGCTCTCATCATTACGGGCTAGCGTCCCGCACTGTGGATCTATACCCGAATTGGCGTTGAAAACCCCTTGCGTGGTATTTTTTGAAGCCCGGGGCAGCGAGAGAACATCAAGTTGGGGCCTAAAAGTCGGGTAAGCTTCAATCTTAGACTAATCGGAGTCCGTACGAACGGAGCTCCCTCCTTCAGCCGCGCGTGGTACGCATCTCTTCGGGAGGCGCCCTTCACTGCGGGCGCGTGGGGAAGCCCACTATGGAATTAGACGTACCTTGGAGATTGCGGGGGTGGAACGTGATAATGAATCGCCCGGACGCCTCACCACAAAACGCCGCGTTCTCGCGGCAGGTCTTGGCGGTTCCTAACTTTTGTCGGTATAACCGGTCAAACATGCCTCTGGTGTTCACCTACATGATGATAAATCCATGTCAATATTGATCCAGTAGCAGCATCCTATCTTCTACAAGAGAACCTAAAATCATAGGAAGGTCCGAGCATTCCCGGGCTTATTGCCATAGATAAGTGCCTATCGTGTATCGGTTCCCTGATGTATCTG,1793,51.59,Homo sapiens
SEQ_570888,GACCTAGTGGGATCTACAACGGGTCAGCTGGACCGACATCCTGTAAGCACCACCCAAGTCGGTAGCCTGTAGGCCGCTCTAAGACGTAAACATCACGCTCCCCTATACACACCTATTAAACCTCGGATAAAAGACGTAGTTGCTGTATGCGAAATCGCGTGCACGAGTTGCTCGGCTGCAACCCCAGCAGGGATAACTCATCCGACTAGAAACGTCCGATGCCAACGCCGAGCGTTTCTCTATAGCAAGACGGAACTTCCTGCCGAGGCGCTCCCCACTAATTCTTTTAAGGACGCGTATTCTACGGCCAGGTTGAGTTCTTCTCAATGCTACATGATCGCAAGTATAACCTATCGTCATGTTAAGACCAACATTCCTCACACCATGACACACCTGGATCTGTGCGTACTTGCACAGAGAACTCCCCTACTAACTGTGTGGGGTAGGTCGGACGTGTACTGGTAATCTCTATCCACGCCCCCTTATTCACAGATAGATGTATTGTGGTCTTAGGGCCCAGTTGTGAAGCAACTAACCGTAACAACAGGCATCTCGATGGCAAGGGGTGGATGGGCTAGAGTTGGATGGTTGGTACTGAAATAAGTGACGGATTCCGCGCGCGCACGCATTGTCCGGGTTGTAGCCGCGGCCCTTAAGTCCACCAACCGAAGTTAGCTAAGGTGTTGCCGTGGGCCGTCTCTGGATTAGCAAC,712,51.97,Mus musculus
SEQ_939181,GGATGCAGATGAAACCTAGGCATACTCGTAATATGTGCTATGTTAATTTGCTCCGGTCGAAAGTAAATGGGTGCTAGCCCTGCAACTCTTAAACAGATTGTGGCCCGACAAACCATTCATAGGAATTAGCGGCAAAAATCTACTGCGAGGGTCCGTCGTATAGAACGTCGTCACTCTCCGTTGGAACTTCAATGCGCCGTTGGAGGACTTGCAACCTGTTCCAAGGTGGTCAGCAACCGTTACCCGTTAGCGTTGCCATAGGGTGCGACTGGATCCCATACGACACTAGTCTTGGCATGGAAACCCCCTAATGCCGAGGGACGCCTATTTCCGTAAGGCTGATCACAGTACATTTTCTTGGTGACGCCGACACTAAGCTGTGGATGTCGAGTCCTGCTTTGCTAACTCATTCGACGTAGGACTCAGCTCAAATCTTACGTGTCTAGCGAGGTCCATAGTGAAGTATGGCAGTGTGGCGTGTCCACCACTTAGGACATCCTGTCTAGGGTACAGCACGTACAAGCCTTTACTCTCCTATCCAGTACCACGCCTGACAGAGAATCAGTAAATCTAAGCATATCGCTGCAATTCTGACATAGCGGTCATCCGAACAGATGGTTCCATCATGTAGATCAAGAGAACCGCACTTGCTGGTCCGTAGGCTGCTCTGTCGGAAGGGACAATCGCCAGGACTCACACCACTTTCAGAAATTACGAGGATACAGGGTCGGTTCTTCCTGCAAGGTTTAGCTACACGGCGCATCCTAAATTACCAGCTCGCAGCCGTACATCGCACACATCTGATAACTCCCAGATATGACTTCTGATAGATAACTAGTTAACATGAATCACATTGAGAGGAGAGCAACTGGTCAATTGGCGAGTCGTCTCATCGAATTACTGACGGTTCAACTCACACATAAAGTTAATGCCACCTGTGCTACAGCACTATACTAAGTATT,962,48.34,Arabidopsis thaliana
SEQ_703489,ATTGAGAGGTCTACCTCATGTGTGGCTGCTATCAAACCGTGGTGGTTTTCTTGGGTACCCGACGTGTGGCGTGTTCCGTGGAGGTCACTGGTTCGCTTCAAGGCAACGGAGCTTAATTTTTGAATAGTTGGTGCAATTTCAGGGTCCGCGCACGTAGGCGCACTACACAGCGGCTGTACCGTCTTCATAATACGGCCTTATTGAGAGCTTATACGGCTAAACCCAGCCCTCGGCTGCACGGTTGGTGAGTAGTGGCTTTAGCTGCCCTCAGTCCCCTTTTAACCCGGCGAGTATGTGTCATTCACCTCCCAACTTTTTACAGCAACGTGTCGCAGGGAGCGGCCAAGACACGTATAGCTTCAACGTGCGCTGGGCGCCCGTTTCTCCGATTCTACCGGGTTCCTTCTGTAGCAATAGAATTTGGTAGCGCAGCATCGGATTACTTTAGGGTCTGACGAAGAGAATGGAACATAGCAGTTTGTATCTTAGAGTGTACGAGGCTCCCATCATCGACGGAGTCAACCAGCGCCCATGGTGTCTGCTGTATGACATCGACACACGGTCCTGCTGTGCGTACCAATTTGTCACTTGCGCTGAAATTTCCGATGCTCCCGAGAACCCCTTCCCCGGTTACGAAAACTCGATACTGGCATACTTAAAATGGGCCAAGATCAGACCACCGTCGAAGACTAGCGTTAAGGTTGACTGCGTTTCAATCGATTCTCGCATAATTGTTAGGTATCGATTTAATAAGAAACTAAACTCGTAGTTGGTCACGGAAGCTAGGGACAATGCCGTACAATTTTGGAGGCCTTGCGGCCTGATCCACATTGTATACGTCAGTCCGGTCAGCAGGCTACGTTAAGTGGAGAGACCGCCCGAGTGCCCTACGCGTCCCTGAGACCTGCCGGGCGTGCGAGGAACTCCCGTAAAAAGCTTCCTTGG,945,51.85,Caenorhabditis elegans
SEQ_364167,CCGCGCGTTTGGATCTCGCACCTGCATACGGGATCGCGATAATGAGGAAACAAGAAAGGCACGCAGCTCCTCCCTCCCAACAGCAACTGCACAGTGTGGATGACAACGCCACCTCGCACGGCAAGCCGTAGGAAACGTGAGCGCTCCGTTCATGGGAAGTCGGTATCGATGAACCATAGTGCCGATAAGAGTTGGTAGAGACTGTCATAGAAGTTCCCCTACTCCACGTCGCCATTATGTGGACCATTAGGTGATTCCTAGGGGATCCCTCACTATGCTGAAACCCATAACAGTATAGCTCAGATACGTATGCCTGATCTTAGGACTATTTAAAACATCAACCTTTTACCACCAGATGTCGGATGAACCAGCAAGAGTCGTAAGTAGGCGTACGGTTCCCTCAACTCAGTACGCAACGACCACGTCTTCAATTTGCGTCTAGCTTATCAGTGAGCTTACTACGGGTAATATCGTTCAGGAAACAGACAGTCGCTGGGATGAATCGGGTGCGGCGGCACGTATGAAGCG,528,50.95,Drosophila melanogaster
SEQ_519520,TCGTGAGAGCACGAGGGTTGGGCTTCGTAACTTTAAGCCGCGTAGTTTCCGAGACGCAAGCCATTGAAAACCTTCGACATCTCGGTTATCAACTGAGCACGTATTCATAGTTATCGAGTGGCGAGGTCTGATTCTACCGATAGGAAGACCCAGAGTGGTGAAGCAGTCTGGAAATATAGCGCCAGCACTTGACCCATTTCTAGCTTTACTCACGGCTAGACTATCTACGTCATGCTTCCGTCACTACGAACGTAACAGATCTGCTCACCAGGAGGAACAACATGAGCGCAGCTCTAGCCCCTTTAAACGCGACCCCTATCAGGAGTGGGCAAGTATCATTGTTGATGTTACTGTCACTTTAATCGATTAAACCATGGGGCCAGAGACAGGATATATTACTGGGGGGAACGACATGTGCCGGATGCGTCCAAGATGAGGATAGGTTGATGGTACAAATCCGCCAATCGATTGGAGTGCCGGTGGACTTCAGCCCAAGGTTTCGGTAACAACCACGTGGGATTCACTCAGGTACACCTCGCATATTGGCGATTAGGCCACTTGACTGCGAGTTGGCTTCATGTGGTTATGTTCCCGCATGCAGCGTGGGCTCGAGCTCCAGCCCACCTACTTCCTCGTATTCTTCTCGCCCCGTCCTACCAGGCGGGTACGCGCGCGGAATGCAGTTTCATAATACACACCTGGCGGATGCACGCTCGTCACTTAGCGCCCAGTGGGCTTTTAGTATTAACTGGTTTAATGTTCGCAGAGTGGCCGTTATCAAGCATGCAGTGTGCCCCTAGATGATGGGAATGTAATGGCTAGGGCGTGGAGATAGGGAGCGACACACAAAAATAAAGTTGAAGCTAATAGTAACAGCAGTGCTATGTACAAACAAGAAGATAGCTTCCAGGTACCCGAATTGTAACCAACTGCCAGATTTTTAGTCACGGCCTCACCACGCGCCCTCTATCTATCCGAACGGGCAGTT,988,50.51,Drosophila melanogaster
SEQ_994975,GGAATTCTGGATCTAGGATGAGTATACCACGTAGCCAGGTCAAGTAATAAGACTTCCATCCCATCCCTACCATTAGAAAGTACAGTGCGAGAAGGAATTCGGGTGATACCTCTCGCGTGCCTGATCGGTTCGTCTGGAAGTTTTTAGGGCGGAACTTGGTGCTTTCCCTCACCAGGCCTGGTTCTATAATCAATGGCGCTGTCGTCCGTCATATTCATATGCCATGCGCGCACGCGTACTATAGGCTCCGGAACTATCACGTGTACAACTTCGTCGGTGCTTGGCCGGGAGACCTACTGTTTTCCCGAATCAAACAACCTTTTCAGAACCGTTCGCCGTGGTTTGAGTACTAGGTGTACCCTCTGTCCTGCCAGGTCCGGTCCAATATGGCTATAACTTGTGCGCAAATAGGTCCTGGACTTGAGTGGTCGATTACACGTAAAATCATTTGGTAGTATCGAAAACTCGCAGTTGGTGAGGCTATAACGGATCTGGCAGAAGTGAGCCGTCCCGAGTTTCTTTACGCGAAACGGAGCGCCCTAAATGACTTTGGTAGTCCAAAGTCACGCTTCCGGGGCATAACCCGAACTCGGGGGCGGAATTGTTAAACTGTAGTTCCTCTCCTTTTAATGTTTACGGTTGGCATCCCTAAGCTAGGCGTCGTGTACACAATCATCTACATTGGTTTCTCGGTGTAGGCCAGATACAGTCATGGCAAAAGCACACGGT,729,49.66,Mus musculus
SEQ_604938,AAGCTCTAGCCTCCGCCAGGTTGGGTGCCCGACCACTTACCAGGTAGCTGGGAGCTGAGGTTACTTGGATCGTCTCAGTTTTTGCAATTGCATCCGAGCAGATATGTTTACGACTGACCACCACGTCATCAGTAACTTTACTTCCTATATACTTAGAATACACTAATAATTGAGAGAGATCGCTTTCTACACCAACACCAGCGAGTCATCAAAGCCAACGAGGTTTAGGAAGACTTATCGCGCAATGGTGCCTAGTCGTGACGGTCTGCCCCTATGAATAGGTTAAATACTGTTGTCTCAAAGTTAGATGTGCATTGCTATAAATAGTAGCGCCCTCATTACACAAGTGCGCCGGCCCTTTTTCTTACTCGTCTGCATAAACTAAATTATCCAGCGACTAAAAGCACACGAGCGGGGGTGCGAACCGCCCCTCAGGTCGGCGGACTAAGCTGGCTGACCATCTCGGATCTCGCACAAAGTCAAGTCGGTCGAGGTAGTGTGCCACGTTAAGGGTCTTGCTTGCTTTAAAGCGCGATCCCACGCCGATCCTCCTAACAGTGGTCGTACAGCGTGGCACGGTAGCACTTGCGGACTGCAGGCGTCCAAACGCTCCGCACGGGGCAACGTCGATCAACTGACACTTGGCTCTCGCCTTTCGTGGCCCACATTCCCCACAGACAGTACGAAGTGCTTTGATCTGTATTAAAAACGTGCGAGGAGGTGATGTTGACGAGGGCGTGTATTCCTGTCAATAACTGGACGTCCAGAAATCGGCCATATCTTAGATCTTTTAACCTAGAAACAGGCATAGATTCTAGTCACGGTGTACTTACCGATATCTCGAATTTAGCAAGAGTCCATTTTATGCAGATAAATTTAGTCTTACGCAGGCACGAAGTATCGCACACAGACTTATGAATACGAGGCGCACCAAAGTCAGAATTATTACTGCACTGAGAGAGAACACGCACGCCAAGCCGTTGCCCAAACCAATAATCACTAGTGCAATCTATTGCGCGCAAAAGCAGACTGCACCGGGGCTACATATCTAGCTGTTAGTCACGTACTAGCTTGATCGGTTGACTGCCTCCATGTCACACTGTTCTTTGACCTATCCAGGTTTGATATTGCAAATGCGAGGCTGATCACCGGTGATGAATTGCGTAAGGTAGACAGTGGAAAAACCATCGCGCTGGAGTGTCTGCTCAAAAGGCATTAAGGAGCGAGTTTGTATGGAATGTAACTAGCATAGGAAGTGGTAACCCGATTATTGTCTCTTAACCCAACCAAGTCTTCTTAAGCGTTATAAACCCTCGCACCGATGGCACGGCGACAGTCGCGTCGTTGGCGGCTTATCAGTATGTATCTAGAAGGTGGAGCTGTTTTCCGTTGGTTGGGTCCATCTGCAGGCAGAACTATGATTAGCCTGACGAATGGAAGGAACACGAACGAGTTTTTCTAGCGGGTTCTAGGTCTAGA,1479,48.55,Caenorhabditis elegans
SEQ_787211,TCTGTAGCGAGCCACTGGCCTATACGAACATCTCGGGCATGCTGGGTTATTGACTGGATACGTAGCATGCACACTCGCTCGAGGAAGTTACGGACCGCTCAGGGTCTCGACCATTCTAGTTACATGCCTTGTGCGAGCGGTATGACACCAACAATACACAAAACCACATTACAACCCCGTCATCAAGTGTGCTAAGCAGAAGTTTAGGACTAACTAGTACGACGTCACTTTGAACTGAATCAAACGGTCCGGCGGTCGAAAACCGCGGAAAATGGGAAGCGCCGCCATTGCCTACTCGGATCACGGGTTGGTCTGGCATCGAAATCAGTCTTGCAGACTCGGTCCCGTGACGGCGTCGAGCACGACCTTTGTCAAGATTCTATCATG,387,51.94,Caenorhabditis elegans
SEQ_648397,CTAAACGCAGACATCTTCTTCTTTATAAGGACTTTGCACTGGTATATGGACCCGCGAACCGTTACATAGAGGCGCGTGTGGATATGCCCAATCGAACTTATGACGGATACCGTCGAATTACTTCATTCCGCCGCATACGTTTGGCCGAAATGGTACCTAATCTCCGCATCTACATGATCTTCGAGGGTTGGGAGTCCTTAGCAATTGAGATATAAGGTATAGAACGTGACCGGCCCGCCCCTCACAACTCTACACCAGTGCACAGAATCTCATCTCAACAGTCTAATAACATGAGCGTGTTTATAGGGCTGGTAATCCTCAGTACAAGAGAAACGGCTTGCCTCTATATACGTTTACGCGGGGGAGCGAGGTATGTTCAGACTCCGACAGTCTTAACTAGAACAACGGCTCGGAACAACTCTTAACGAAGCGATGATCAAGTGCAATACCTAGTCTAATGGCCCAATATGCCACAGTGCAGCGTGGAATCCCCAGTCGGAAAGCGACACTTACCAAACCCTTTTGAGAGAAATTGGGATCGGCCTTTGAGTGCAAGAAAGGCGTGAACGTCCGAATCAGGTATGGTAGCGGCTGCTGTGCGCAGCAGCCTCTGTACTAAGTAAGTTTGTGGCGATTGCATCTTCATCTACACCTGTATAGTATCGATGTCATTTTAAACCCCGATAAGGCGGTACACTTCAATCGTTGTCCTGCTGGCCCCGCTTTATGTCAGAAACCCAACTTCTCGGTATAATAGCAGGACCTAACCGCAGATATTAAAATATGGAACTACTCGGACGAGCCCCTTAAATGGATGGCCAGGTCCGATAGTTTGCGGTTCTTTACACAGCGAGAGGGAAGCCCGCGAGGCACCTTTCTACTGTAGCGTTCCGCTGATCGAGGTTCGTATGGATAAGCGGCCCTCAACCCAGCTTCTGTTAAGATAAGTCACTGCCATCATCTCGACAGTACCTGAACGCATTCCAAAATCCGAGTCCGCTATGTTCGCGGGCGTCGTAACGGCCTACGTTGCTCCCCCCTGAGTGAACAGGGTCGTGCTAGCATCGAAGTATTATCATTCTGTGGCGTCATCTAGTCGCACATACACAACGATTTGTACATTCCTGCAATGGAATTCGGTTGTTGCCGGCTCCCTAATGCGCTGCGCTTCGGAACGACAACCTCGTTAGACAAGGCTCCCCCGCATGCGTTAGAGCACTAAAAATACACAGAAAGTCAGTCTCTTACTATGCTAGAAGTAGTTTGCGATGACACGGTGGAAAACGGTGACATCACTGGGCATCCACTCGCTTCTAGCCAAGCTAGGGTAATTCAGAACTTATGCCACAGTCCGGAAATCAACACGTATGTACTGCTATAGCTCCCAGCGTCAATTAAATTGGTCAACCATAAGCACGAGCTTGATAGACGCCCCATGCGATTTCCCGTGTCGCCCAGCAAGCGGTAAAACCAATTCGAAAGGAGCTAGGAATTCCCGTGATGCCCCGAGTTGCACAGTCCGACGACAGTCACTTGACTTTGACAGGACTGATTGACGGATTTTTTCCCTTACTCTCTATTCGAAGCTGGAGGTAGGTGAGTGCTCCCAATCTATCATTACTGTTGCGTTTGTGCCCAACGAGTCTTTCCGTCGACTTACCATACTATTGA,1671,48.95,Arabidopsis thaliana
SEQ_829599,TGCAATGGGCCGTAATAAGGCTCTGAAATGCGTGAGACCCGATTCGGAGTACCGCTCCTATAGTTCTCAGTAGGAGATGACTTGTTTGTCCTCTCAGTGAACGC,104,50.0,Homo sapiens
SEQ_219798,TAACACCGTAAACCTCCGCCTCGAGGACGTTCTCCATACGGTACACATGAGCGGCATGATCCCGCGTGGACTATTTGCGGAATTTGGGAGCTTGGATTCTTGAGTTTCAAGACGAACGGCAGGGGAACGTTCTTGGTACGCTATTTTCCCGACTGGAATGAAGTTGGGTTCCGGCCTACATCTGCAAAGGCACGGAGACTACGCTTGACGTTCTTCCGTATTGCGCTAAGTATGTTTACTGCCAGATACCGCAATCGTAAATCATAGTATGCATCCTCTTGAGAGTCGACACCGGGGTGTTCATTATAGAAAAGAAAATTTAATTCACAACCGCTCTCCACTATTAGACTGTCCGGTCAAAGGAGAGTATCTACCTAATTCAGTCCTTATCCAAGAGTCACTATTATTACCAGTGGTCGAGAACAGTTATGAGCCAGGCCTAATGTCACCTCCCGAGAATGTCGACATCAGCAAACCGCTATCCTCTGTTATTTTTGATCAATATCAGCGTTTTATCCCTTTGCCGACAGTAGCTAACACCGGGTTAGCAAACGACACATATTCGAGCTTTGTACATCCTGCCGGTTTGAGCTACGCGGTTAACTCGCCGACTAGTCGACAGTAGTCATCGCGGATAACCTGCCTAACACATATAACTCGGTAGGAGGCAGTTAAGCACAGAGGGGATAGATAGGTGAGCACCGTGGGCCCGGTTACGACTTAGCGTACAAGGCAGCGAATTACTTTGCACGATCGATGGCGTGTACTTAAGATAGAAAGATTCAGAGGACTTAGTTTTGCATCTTGGACTCGGTCCCTGAATCTCCCTGATCAATAAAAGTGTCTGGTCTTATGACTACGACCTTCTTATGTTCCTCCTAGTAGGGCTTCCTCTCGTACTTGACTCTAAACACAAGACGCATCTACAGGGCGTTGCTCCACCGATGTGTCCCCACGTATCTGCCGGCCTTGGATTAGCTAGATCTTCGGTCGGTCGTTAATCGTACCGAATTCAGTTGTCTGGCAGAACTGGCTAGGCTTGATGTGCGGTCGAACAGCGGAACTCGAAAACGACCGACCAGTTGGTAACCATTTGTTTAAGGTTGTGTGAGTCTTCCCACAGGTCGTCGTGTAATTGCCCGGCATTCTAGATACGTACCGCGTAGAAAGCGGCTCTGCCTCATACAATTCACCGCCTGTCATTAAGTGAACGAGCGCAGGTAATAAAGCAAGAATGATCTAATGTAGAAGACCAATCCATTCTGACTTACGTTTGCCACTTAACTATATGGATAATCCCTAGACTATCACAGTGTGTAGACGGTACTGTTAACCGTGTCGTACTAACAGAAATCATTGAAGATATGGAGAAGTATCTTAATAATTTAGCGTGTACCAGCACTCCAGTACATAAATACTACAGATTAATATTCTCACGAAGTCTAAAGGCCCTTTCTGTACGTAGCGAGGGTGGATTGCCGGCGCACTTCATATCACAATAGTGAGTTGCTAGGGTAGATCCTGACTCGTGTAGCGAAAGAGTCTTCTCTACGCCCA,1557,46.82,Caenorhabditis elegans
SEQ_223705,TTCAACCCGCGGGGGATGGAATACCCGGACTCCGGCCAATGCAGCGACGCCTGGGGTCCCAGAGTAGGGCGCATATGGCGCACAGTAAACTGCCACGATAGTTTCGGTGTCGTATGGCCTCTTGACGAAATTGAGGCCTCTTTAGACCTAGGCCCTCAGATACGTATCCGCTTTATACCCTCTCCTTCCATCTCTAGTGCGCGTGCACGTCGCCCAGCGGAGACCTGAAAGGTACCAGCGTGAGGTGCGTGGTGGCCCAATACAGATATAACTGCCCTGGTTGATTATTCTCTTATGGTTGGCGACGTGCAAGTCGATACAAGAACCTAGCACCATTAGGCCCACCCTACGGTAGGGAAAACCTATTGGCCATGGGGGTGGGCGCTTATCCGGAGAGCGGAGCTCAGTGTCACGTACCACAACTATCTAGATATTGGACCCCTTCATAGCTTCCTTCGGAGACGAGTAGGCGATATAAAGATCACTTAGCATCGTTACGCAAACTATCACCAGACGTGCACGTACTGAGGACGAGAGAGTGCCAGACTGCTGGTTAGTGAGCTCATTACCGGGCCATATGACGCCTGGTGCGTGCTCTCTGTCTCGTGTCGTCGGCCATAGCCTATATAGCGCTTTCTGCATGCATCAAGTGGAAACAACACGATGTGAATTCTTCAACTGCTCCTGCAGGGCGGTGCACGAGGATGCCGTCTCCTCTCATCGAGTGCCGGCGTGGATTTCTGCAGGAGGCGTCAACGTCACGAAAAGATCTACGAGCGCGTGGCTGAGTGCCACGTCGGTTACGCTTTAATGGCCGGACCGCGCCTCCGTTAGTATAGCAGCGTCCAGGGACGAGCAAATTCTTGCCCCACACCACCCCCGCCGAATGATGCAATCCGGGATAGGACGGGCATCCTTGCTGGGATGATCCCCGCGCATTTTAAGGGAATGGATACCCTACCCAGAGTCGCGCATTCGCAGCGTCAGACTAGAACGGGCGGAGTTGCTAAGGTAGATGAAGGCTTCATATGCCCTCCGGACTATTTTCGTAAACGCAGCAGCAATGGCTGGTACGTTACATACCTAGCTGTCCGCTGTTGTAACATCTTTCTCCCGGCGCTATTAGATTTTAGAGCGGTGGGTGTTCGTCCTCAATAAAGATTCTCACGCTGATTCGCACGAATTCGAAATGGCAGATTCTAACTCACCTGGCTTTAGTACCTGGCTATATCAATTGCTTAAACACCGCGTACGGCCGTCTTATCGACCCACCTCAGTCGCCCTTGATCAGGTGCTGGGTACAGTTTCACATAAGGGCTCTGTGGAGAGATCAAACTCTTTGATTTTACTGACACAACAAGGTGTCGACCTCGAGCGTTTTTCTCGCTAAATCTGGAGCGCGCTTTGAACTACAATCATATGGGAGTTTAGTAAAAATTTTCATAGATTTGGTAGGTGCCCAGACTCCCCGCTGTGCCCTCGTCGTGCGGCCGGGGGGCTAAGACTCAGAGATATACACCTCATCGTCAACATAGGAGACCGTCACGGCAGTTTCAGGCGTATAGTCACAAACGGAAAGACATTCTAATACCGCGAACGTGCCGGTTTTCACTATAACTGTTTTCAGCACGGAATGACTGGTTT,1644,52.55,Mus musculus
SEQ_796057,CCACTAGGGCAGGGGCATTTTTACTCTACGTTACGACCGTATAGAGGTAAGAAAAGGATAGTGCGTGCCCAAGTTCATCGCAATTAGAATCTTGGCTAGATTATTGCCGCAACCAGCTCATATTGTCCATGCCGCGGTTAGTAAGCATGTCCTTAGAGGAGAGGTGACTGAACTGCCTCTCCCTATGTGCTTCAATCCAGAATTACTCTGCAACACGTCAGCGACTGTGAGAACACGCCAGAGGTATATGCCGCAACGGGGCACGACATAATAGGCTTCCAAGACTCTGCCACTCATTCTAGATTTCAGATATTTCAAGGGGTGTGGTCTCGTAGCTCTGCACCTCATTATACGCAGAAGGGTAATAGTTTCCCAGTTGACAAGCTTACTCCAATATACGAGTATAGAGTGCAGCTGATGAAAAATTCCCGACGCTGCGAGATCTCATAGGGTTAGCAGCGACTCGTGAACGCATGCAAAAGCACGGTCAATAGGCTCGGACGTCCACGTATGGGCCACGAAAAGACGATTGGTACAACCAGCTGGGAGTATTATGTACCCCGCTTGCAACTCGAAAAACAAGTTGGCAGTCGCCCCGGGACTCCCATCATTAGGGATGTTACTTATGCGATGCTTACGACTAAGCCGTAAGTTCGGAACTGTTAGTATTTAAGGTAATAAACGAGGGTCTTTATGTGAGCCTACTAAGGGCCGAATACCTTTCGGCACAGGAACACATGGTGGTTCTCCAATAGGGCGGCAAGCATACGAGGTTCGACCAAATTCGCCCCCAGGCGTATGTCATAGTTGTACCACCGCCACCGCCTTTGATACGCCCCTAGACCGATCCGAGCAAGGCCGGTTTGGAGTAATGTTGTACGCCTCGTTTACCCCATAGAGGGAAGCGGACACCTCTCCTAGCGGGCTACGACTGTACCGGGGAGCAGGGTGGATGCGTTCCTAACGTGCATAACGCATCCAGTAAAGCAATTCATATTCACCGGACTACTCCCGTGAGGTTTAGTACAAGTGTGGAATAACAACAGTCTCCGTCGCGTCCAGACAACGAAGTGACGTAAACTCGAAGAGATGCTTGCGACTGTGAGGTAGATACCGGATCCAATCATCTGGGGACTTTGAGCGTGTGTTACACAGTATTGATTTGGAGGAACTAAACCGATTCCAAGCTTTATAGTAGAGAACTGTGAGTATGATGCACATAACCTAATTGTTCCACGCCGTACTCATATAACTTGTATCACGGCCCTGTATGTACTTAGACACGGGCCGGGGGTGCTAAACATTCCACGACCTAAAGCCCTTCAGCTAGACGATGCCCTGCTCACGTACAAAAGGCCCTAGGATATGTCTCTAACCCCGAACTAATAAGTCTTTATTTCTTTCAGTCAAAAATCGAATAACTAATGAGTGAAGGCTCCACAAGGACTACGCTCTATTTAAAGAAGACTACATGGAGGCCCTGACGCTCGCCTTCCAACCCGGCCGAGGAATCGGTGGGGTATCGCAGCGGCTTTTGCTGCGCCACACCGCTGTTTACGGTTCATTCTGCTCGTTATTTGGACTCCTCGACTTTAAAAGCGTATTGCTGGATTAACTGCATGTCGCTGTAATTCTAGAAAACCCATTTCGTGATCCGGCGCCTATATTAGGAAGTTGCCCGGCGCCATGGTCGACTCCGCGGCGTGCAGTTTCGCTTAAACGGCGATGATTGGGAGCTATCTCGCTGAGCCTATGCCATACGGCCA,1766,49.49,Caenorhabditis elegans
SEQ_495418,TGTGTTAGTTCTCGTGTTTCAACAGCGATCAAACGTCCTGCCGGGCCACTCCAGCCATTGCAATCGTATAGCTTAACGAGTTTTAAGAAGCACGATAGGTTTAAAGGCATTATGCACTTGTAAAGGCAAAGGCACGTAACCAACTCCAACATCGTCAAGTCTTATTGCCTGTTAGCTAGAGGCTTAAACAATACAGACGGCGCATCGCCACCCAGTCCGCTAAGGGCGTGACGCCAAAAAAGGCTCCGAGTAAGCAGGACACCTTATCCCCATCTATCGAGCCCACTGAATCCCCACCAATCCCGGAAGGCTAGAACAACCGGCAATAGAGACCGAAATATGCCTATAGTAGTAGCCATTCCTTACGTACGAAGCGACGCTTAAGCCGCTGGGTCGACCACGGCCCAAGAAAACATCTGTGAATCAATTCGTCAGATGACGGGTGCGCACCGATTGATATCCTTTTAACTTATCGCCATATTGCATCTCGTCTCGGGCCAGCTTGCCACTCTCCGATTACTTCGGATGTACGGCTGTCGGCTCAGAGCGAGGTTACATTATATAGTAATGCTCGCCCGGCGCTAGCGGGGTGTTTACGTGGGATATTAAAGCTCTCGCTCGGGCACACCCCATGGTGCGCGGCGCAGTAGTGATGTAGCGCCGTCTCACGCATTGAACTTGTTCCCCCACTCTCGGAAAGGACCAGCTATTGACGAAGACACTAACGCCAAAGCTCAGAAGAACGTCAGCGTTGTGGTCATAAACATATACATACATCCTAACGGATGTGGTGCCAAGTAGCCGCAGCAAAACTAGTATGACTCGAGCGCGGTATTGAGTTCGCGTTAGGACGTGAGATCTACTTGGATAGATAATACGGATGTAGTGCGCAAACCCCCGTGCTGAGCCACGGAATTCCCCCGTCAGTGGTGGGCTCTACAGACACAAGCGTAGTCGGTAGACCCCCTGAGCACTTTAAAGTCGCTTTTACGGGGGCCCTAGACCGTCACGGACTCCGTATCATGTGAATGCGAACTGAGACACTTCCCCGAGGGTCGGCTCAGCGGATATGAAATTAGCACGGTTACTACAGTGGGGTTAGATTACGCTGAGCTGCCCACTATGTACTGAGATGGACTTAGGAGGGTTGAACAGTGCGAGCGGTAGCTGACAAAAGTACATATGCCCCTGGGCTCCGATACTAAGCGTG,1210,51.57,Mus musculus
SEQ_768941,TCTATACCGCGGAGTCCGATCTAGGCGATCTGAACCCATTGTGCTTGCTTGCGTCTCCCCCGCAACTATGGGATTACTATTATGGTGTGGTAGTCGGAAGTTTCACAATCCCTGAGTTGCACAGCGCTAGCCTGGCGAAAAGTGATCCTGGCATATAGGGCACCGGTCGGGCATTGCCTACGATAATATTGGTCGGACGGCAATGGCCACAGCGGCTAAGTCGAGCGGTGCCGTCTTTCAGAACCTTCGCGGTACAGAACTTTTGGCCCCTAGCAGTCCAAACTGATATAAACAAATTTCGGAGCAATGCAGGGTGTGACTGCATTGAGAAACTCGGTGGGATTTTCGCTCCCAGTACCCCGGATGAATCACTCGGAGACCACAATGGGTCATACCACCATCGGCCATTTTGGCTGTGACCATGCTAGTGTAATATGGCAATCGTAGCCGCGCCTCAAAATACGGTAGCCACATATAAGCCAGTTTAGATGGTAGCACGTAGGATCTAGGGTTCCGCAGCTCTCCGCCTCTATGGCCATCTCGCAGGAAGTCGTTTAACTGCGGGGGTTCCTCAGAGGCGGCGGGGGGTTTGACGTCCAAAAGTCTAGGATATACGTGGGCTTAGTTTAAATGATAGGCTTCGTTGTGGAAGTGCAACCGAAATTGTTCGGGAACCGAGTACTGCTACGCACCGTAACAGCCGTTACTGATACACATGATCTTTAGGCGAGACAAATTCTATGCACCCTCTTCGGACCGCAGTGCGCGGAGCTACAGACCGCTAAAATTAGGGGCTCTGAAGTGAGTGCGCTTAGCGAGCTACCTCCGCGTACAGTAGCCCGTGGAACCGGTTGTACTCTTAATGCCTAGCGCCCGACACGTGAGATTGTGGCACCCCTTGACAATTTCCAGATGGGTCGGTTGAACATCGTTTCACATTATAGACTGTCGAGTGAGCTTTATAGACGTGAAAGATTCGATCCATGTCTACTTCGGCCCTATGCGTATACGCGCGCGCGCAGGAGCATCCTTATTTTATACGTCATTGGCCCGGATGATACAAGTTAAAATTATTCAACAAATATTCTTGTCGTTAAGTGAGCTAGAGGACGGCAAGAGGACCTACACATAGCTAGTCATGGCTTTGGATAAACGATTCTTGCTATTCATAAAACCATGGACCACGACCTTCAGATTTCTATCTCTCTGTAGTGGTCGTAGTCAGCCCTACCCTGCCTTCCCAGTGAAGGTGTTTAACATTTTAGTGTGACATCATGTACGTGGGCTCCTTGCAGCGAATTCAAACGCCTTTCCTAACCCACGCTGGCTACCGTAGTACCCGGACGCGAGGGGGAGTATGCGTATATAATAGCTCTGAGGCAGTTTAACGTTCAGGCTTGCGTCGCGGGACAATAGCGTAGGACAAGTACAATCATATCACGGGCTAGCAAAGTATAAGAACTACCCCGACATCGTAGATTGCTATCGGCGTGATAACTTGAATAGGCTGTTCGTTACCAGGTCAGACCGTTGTTCAGAGCTTGTCTACGAAAATTCACATTCGTCTTTCAGGTAACTTAAGTACTCACGATCCTAAGTAAGAAGATGGAAGTGCACTTATGAGTATAAATGTCACTACGAACATGATAAGTTCGAGTGCTCCTTATACCGTTGTACCGGTGCGATACGGACACGAGCGTCTAATTCCCCGGCCTTTTCGAATATAAGGCTATACCCGAAGTTTACCGACGATTCGAGAATCGTGGGCAGTTGAGACCAAATGGTTTCGGTGCCACTTCCATGCACGAACCAGTTTATGTAACTGACTGCGCGCTGTTTACTAGTGACAGCCGGGCCTC,1859,49.44,Homo sapiens
SEQ_734049,GGTGTAGTTAATAGTTGTCGGTCACCTACTTAAAGGTTCTAAACTCGCTCTTAATGCACACCAGCATTCATGTAGGTTGAGGCAGAGATAGAACCTGAGTAATGTCAATGGCTCCATCGAGCCCAGCGTCATGGACTAGAAGGACTTCTGGCCGTAATAGCTTAGCATCAATTGACTATCCCAGTTCTAATATTTTAAGAAATCGGTGCACCTATTTCATAGTCTATACCTACAGTGCTTCAAGTTGACTCGTGGTTAATAACCGGTGGGTTACGATGTAATACTAGCTGGTAATTCGGAGGATGAATCCATTAAAGTAAGTTAGATGTATGAGTGCCGCGAGGGCCTGGACCACAGTGAGGGAATAAACCCGCGTCTGACTGCGCAAAGAAGGAAGTACGGTCCCGGCTTATTAGGTGAACTGACGTAACATGTTATCACTCTATATATCTGTTGCCGACCGACTTTTACTGGCGATGTCTACTCCCTGGTTAGACCACCCGGGATTCTGTGGAGAATTTTAAAGAGGCGTCGCCCACAGAGGGTCAACCGCGGATTGTGGGACAGAGCCCGTCATATAACAGGGATCAGCCTCAAAAAGTGATGCCTGCGAGTTAAGTCTACACTCAGCACTTTCAAACTCTTGAACGACGCGGACCGCCTGTGGGGCATACGGCTGCACCTTCACTTGGCTGTTTTATCGTACTTTAGGTGACATGCGTAATTTTAGCCTACAGTCCGAGGTAGCGGATGGAGTATGTACGATTCGTGGGCCGGGGGCCTGGATGATAGGGCTTCAATACCAGTATGACTTCAGTGTACGCGTTTACTTGCCTTAGAAGGTTCAATGCTGGGTGATGTGGCTGTCAGTACCACAACATGGGACAAAAGGGTAGTATAGTGACGTCTCTTGCGTCACCAGTGAGTGTAGGTCTCGTTGACTGTTTTCGCTCGCACTCTTTGCACCCCGCGCCAACCGACTGGAGTTACTAGGATAGGAGATTCTCCTACTAGCCTCCAGCGAATCTAGTCAACACGGACCAGAAATGCAGCAACGGTGGAATAAGGCGTGCACCCGGGAACCCCCTAGTTATCACCCTCTGTGCTTCGGGTTATGTACGACTACCGCTTAGCGAAGGCTCACGGAGTTTTCTATCGGCCAGACCCGTATCTGGACGCGCAATCCAACGAGAGGGGTCCAGTCATAATCGATAGAATGTATCGAGAGCAGTTACTCTGTTTTGAAGCGATGGGGGCGCAGATGCATCTGATTTGCGGGCACCGGGTATCATCTGAACGGGCTTACTGTATAGGTTCAGGGTGCTACACCAGGGGCAAAAGGTATACGGTGTCGCAGGATTACATAATATCGAATAATCTCGACATATATCCTGATTTATATTTGGCGTCTTAGGTGTCGGGGTTAGCTGGTGCAAATGGCGGTGATCTCGTCGCCCAGAAATGGTAACACCACGAACCTTGATCACTCATACTGCGAGGGACAATTTCACTTCATACAAAGCTCTTGCGGAGGAGAGGTACCTGTAGGGTACTAGTATGTCACCCGCGTATACAAGCGGATCATTAGAAGTTCGATACCGGACGCTGGGCTTGTCGAGACTTCCGTGGGAAGGGTCATCAGCGCCAAAAAACCACGTGCAAGTACGCGCCGTCGTGATCTTGAAAACTTGTCACACAGGAAGTGCGCTGGTCACAGGCGGACTTGGTATCTTGCTACGAGGTTGTCCGAGTGCCATCGTCTGGGGCTAAGCGATTTATACGCTTGTAAATC,1792,49.5,Drosophila melanogaster
SEQ_758046,TAAGCTATTTGGTACTACGTTGAAGCAGCCTCGCGTTCTCGGTGCGTGGCCTCCTAGCAGCATTGTTGTTGTCGCTCGTAGGTACGAGTTGATGGAATTGCGCGCGGCGTAGCTTATGGAAGTCCCCGGAGTCAAAAGGGGCGCCAATAAGAGTTAGCAGATTGTACCGGCCCCACAAAGTAGAGTCCACCCCATAGGACCATAATAATTATCTGGAGCTGCCTCAGAACAATTTATACGTCTCCACTCTGTACTAGCTGGGTCGAGCGTTCGGATTCCATTGATCAGGGAATCTGACGTCAATGTCACTGTGTTGGAGTAATGGTTCACCTGGCTCTTAATTACGCGGCCCATAGCGACAACCCGAGCTTGTGAGTATCACCTCAGAAAGCTGTATTGCATAAACGTGATAGAGGGGCCGTTAAGAGTATACCTACTCGTCCAGACCAGTGAGCTAAGGATGCAGAATGAGACCAGATTAAGAGTATACGAAAATGCATATTGTCGCGATACACGGCGCCGAAAGAGGAGAAATGTTGTGCAATCTCGAGGGCTTTGCCAGGAGCCGCCATCGCAAGAATGACGTGTGAGTCCGGGACTGCCTCGGCCCGAGCCCTGAAATGCTTGAGCTCTTGAGGGGAAGCTTCCGGACGTCAATCAATTGCATTTCCGGAACGAAGGCCTGAAAAAGTAGACAGGGCCCCGTCGTCAGATAAGCTACCACAAGATTCGGCGAGTGGGAGGTGGCAACCAGCCCACGATGGAAGGCAGATGAGACCCTCGGTCGCACATCCCACTCTTACTATTAAATAAACCACAAATGTACCCGGGTTACGACCTTTCCATAGACCAATGGCAACAACTATGCTAAGAAAAAGTCTAGCCTGTACGGGGTGGGTTTAATTTTCGGGGAGGTTGTGAACGGTGGCGAGTGTT,936,50.85,Homo sapiens
SEQ_473207,GCAACGGGTAATAGCAGTATTAAAGCCGAGGAGACGGACCTCAACTAATGCGAGGCAGCTGAGGGGGTGGGCTCTCTTCGAGTTATCGATTTCGTATGGTCCGCTCTATTATGGAGAGTTACATCGACCCCTGCGCGCTCCTCGACTCACGTTTGAACTTAATCCCATTGATCGTATCCCACATGTTCCTAAGCAAAGGATCCCCAAAATAACACTGTATGGTGTGAGATCGTAAAAAAGGGTTTATATAAACTTACGAGGCGATGATGCGGGGCAGAGAATAGACTTATCTAATCGAGAATTCTAGACTCCGTCTCCTTCTCCCGCAGGCGCGTTGCGTCTGCGTCGTGTACGACCACCCGTGTTAGTTGCACCCGACTTCCAATTATTCACTACTGTAAGCCCCTTTATAAATCCTAAAGGCCCTCGCGAAGCGGGCCCCTAGGCCAAGGTCGGATTTCGCCAGATTCATAGATAATCTTCAGTATTGGTGGGTTTCATTAAGTCCCCGTACCGACAAACGCTGTCCTCACGTGACTTCGCAGATACTAGAGCAAGGAACCTGCGGTCGAATCTGCTGAACTGAGAAGGTACGTACGAATCCAATGAGCGAGGCCTCAGGGTCCCTGTCGGAGGAGTGGGCGCCGAAAGGCGGACTGCCCAATTTATCGAGCCTAAGCGACTTTAATGCTGGCTTGTGCAAAGCGTCCGAGCTAGCGTTGTTCGATTAGAGTCCCTCTTGCACTAACCCCGGGCTTTAACTCCCAAGTCGGCGGATGCAGCTAACAAAATAATCACAGCCCAAGTCCGTTCTAAGCATGTACTTTGTTCCACACATATATTACAAGCAACGAGAATTGCGCGCAGATCGTGTGGCGACCAGAATCCAGAGATCGCTTTCAGAGAGGGAGTGTCTTCTATGTCGATGGGTTTTATTTCCCGGGATCGG,949,50.37,Saccharomyces cerevisiae
SEQ_389811,TAAAGCATAGTAAGCTGTTAACTTTCGCGACCCTATTTGATCGATTCCCTGATGGCCCTCTAGGCCGTAAACGTACTGAGGTCATAACGGGGCAACAGGCAAGAACCCACAGTGCACGATTAGAGTTGAAGTAGGTGTTGTAAACGTGGTAGTGACAGGTGACAGAATGTGTCCTTTCCGGACTCCTGCCTCAATTCAGGGTTATGTATGAGGTTCCTGATCTGATTGTATGCCTCCGATTGACAAAAACTAAGGTAGTCATGAGCTTGCTGCGTATAAGGGGGGAGTTCTCACTGCCTGTGGAAGTGGTAATTTGAAAGAGGAGCTCATCCTGTAAAGCAGCTTAAATCCAACTCTTTGGGCGAACGAGTAATCCCTTGCCCACTTGACTAAGATTTCACCACCTGACTCCCCTTAGGGTCTGACCTGTTGGTGGCAAAGGTATAATTGCTTTCAGTAACTAGCTCGGGTTACTCCTACTGTGGAGGTAGCATGTGGGGAACTAACCAACACTCAGCACGTGGTGGTTTCAAGATGGGTATGCTTAGAAATAATTATACTGCCTTCCCGGATTCGTAAACGTGGGTACCTCGAGAATGATAGTCCTGGGTTAATACCATCTTAGGGCCGTGAAATTTAGTCAAGTCTAAACTGTTTATAGTTTGCTCTACTCGTCCGTATAACATATTTAGTGAGTTCCTTGCAGGTAATGTACGGTAGGGAATACGTAACTCTTCAAAGGCGCGTCGCAGGGAACTATTCAAGCATGCTGCAGAAAAAGATGCCTCACTCAGGCAGTCATTCCTTGTACGTGTTAACCTAGCCCACTCCCCAATCTCTCGGTGAAGCGTCTGCCCATTGCTGTGCCGAGATCTTTTGTCGCTCAATAAGTCCTTTTTGTTCCTCGCTCCGTTCGCCCGAGGACCTCAACACAAAGATGCTGGTCTATGTTCTAGCATTGTCCGCATCACATGGGCCGTAGAGGCGTCAAGCTGTATCCTTCATAACCCCAATATTGGGGACCCAGTTTGGGGTGGGTGCTATGACCGCAAAATAAGGAGTGTCAGACTAAATCCCGGCCAGCTCCCCTTAGCAGCTATAGTCGTGTAAAGACAAGCGATACCGTTCGGGGTCTCAGGCACTAAGCACCGGAACATAACGTACTCTGATATAATAGTCTGTGTCGGATGTTTCGAGTTTCCTGAATATTAGAGAAGCATACGTTTAAGCCATAACAGTGAGCAGGCAGGATAATGAACCCTTTCAGAAACCTCCTTCTATCCCTGGGGACGCGGTCACTAGGAGTCAAGACTACGCTCCGAACCTGACAGACGAGATGCGGTGCGAGTCCGCGTGCTACCGAGATGGCAAGTTAGGTGTCCTTACGACAATTATGCGTGGCTAAGAGCCCAGGAGTCAAACTAATGGATCGCTAAAGACTATTCCGCGATCCCGCG,1457,48.18,Arabidopsis thaliana
SEQ_349010,TAGGTCACCATGAAACACCGTGATAGTTTTTTGAACGTACTAGAGCGCTAGCGAAGCCCGATGGACTGGGCGGGATTCTGGTCTGGTCTAGGGGACG,97,53.61,Escherichia coli
SEQ_587639,CCCTAGATTTATCGGAGTATATTGCTATATATGTTAACCTCAGATCTTAGTATGAATCTAGGCACTTCGTTTCAATCCACATGATTTCGCATTTTGCTTGTCGTTGGATAATCGGACCCGTTGCGGTTGCGCGGCTCTTTTAACCCGACACATGTTGTCCTAAAGTAGGGTGCGCCCCAGTTGAGATAGCCAATGCCGTTAAGCCCCCAGGGGGGCCTAACGTGTGAGAAGACTTGCAGCAGTCCCACCGTTCCGTGGGCGGGGCGCCATAGACCACAACGGCATAGCTCCATGCTTGTTTCCTTGTGAAAAATAACCTGAGTTCTGGACAATTAGCAACGACATTACGCATTACTTGGTAACTTCCCGGGTAACACATAGGTCTTGCCGGTACTGCCTCGCAGCGCACCTATAGGGATGCCGTGAGCTGTGCTTAATAGTATGGCGCTGTATCGGGAACAGAAAAGAAATCACGTCGGCGCGGTGCGGGTTCTGTACCGACGGCATGCTTCACGCCTACCTGGGGGGGTATTCGCGCACTTCACCCAAGGTACACCAAGCCCATGTTCGTTACTTTCGCGCCAGACAAAAACGGTGATCTCGCTGCTGCCTATTAATTTGGAGAGAACTATAGTACTGGCCTGTCCGTTCACGGAAGCTTAGGATTTGGTTTGATACAATCATGGAATCCAGGTTGAGCGGCTCACAAGTAAATTCGAGATCCAGGCACTATCCTACACTCTGGTATGGAAGAGCCATGTTGTTGCAGTCCGTACCCCTGCCAATTGCTGCAACTCTCTAATAAGACCCATCCCAATAACAAGCTAACTTATGCAAAGATAGAACTCATCACCTAGGCTTCACCAAGGAGTCGAGGTATCAAGTATAGGTCTAGGGTGGTGAATATATGTCCCGTGCAAGACCCCTTCCCAACTTCCGCCCCGAGGTCTCAAACTGACCGGGGCCCTAACTGGTAAAGGTATGTTAGTCAGACCAGATCCTCGAGGTCTTCCAGTCGGGTGAAGAGGCTTGAAATGCCATGGCGAACACCTCGCCGCTCCTCTAAGTTGGATTAGCGTCCATGAAAGAACCCGCCAAGGAAGTCGACCAGGGGATAATCACGAACCAACCGGAATGAGTGCTAGATAATCGGGTATAACGGGGTCGAGTATTATTCTCGCGATGCCGCTAGACCAAATGGGGTTCCTGTCACAGCATATACACTCACTTGGCGTCTTCAATTAGTTTCAGCTGGAAAGCTC,1262,50.24,Mus musculus
SEQ_615199,ATGAGCAGAGAGTAGGCCCTACCCACTCAACCAAGGCACATGGGGCAACGCTTACCGGCCGGTCCGAGTTTTCTAACACGGAGTCCCCCTCTTAGATCTCACATCATGTCGTTTGCTCACACGTGTTAGCTGAGCAGAGCTAGCTACACCCCGTTGCAACACGGAGAAGCATGTAGAGTTATCTGCGCAAACACTCAAGGACCCTAGAATGGTACGTCAACCATGCAGTATCAAAACAGAAGAGGTCTGGACGCTTATTTGCCGGGTGCTTACTAGCGGTGCAAAATGGTGTGAATTGCCTACCGCAGGATGGTTTTTTCAGTACAGTGGAACTTTGCTCGGCCCAACAGCGCTCTTTGCTGTTATGTGACGACTACGTACA,382,51.05,Homo sapiens
SEQ_330805,TGCGTAACGACTGCTCCTCTCTCTCTGAGATAAAAGGGGGCTCGCACGGATGCTTATTATCACGAGTCGCACTTAAAGGTTGAAGTGAAGCTAGAGGAGTGCACAGTGATTCACAGGTTAAGGACAATCACTAAGCAGTCTCGTGTAACATAGTAGACGGAATTTCATACTCCGTCCTCTTATAGGCTTTCCATTTGTCCAAACGAGTTATCGTATGAACTCCGGGGACTCGTCCGTAAAAGAGACGAGGCACCTGGATCTGGACTGAAGCTACCCATTATTGCGCCAGTGTAACTTGACGTGAACCATGTAACATACCCGTAGCTTCAGAATGGCCACCGACGTCCAAGTTAGCGCAGTCGATTGCCTGGTCAATGGGCTATATCTATGGGATAGGGAGGAGCAGCGATTCGACGCGTCATGACA,426,48.83,Arabidopsis thaliana
SEQ_117122,TGGCCCCTGTTTGCTCCAAGGCAAACTTAGTAGTCAGATGCGGATTTTTAAGGCATACAGCAGCCTGGGCCAATTGTACGTCTGATGGCGATTACGGATACGGTGCATGAGTGCAAGCTAAAGAATGCATACAAGGGGACGCACAACAGCCCTTATACCCTGCGCGTTAAGGGAACTGGTGAGGCATGGTTTTGTTTTATGTAAACATGCAGCTGGCGGCTGCTCAGAGAGGACGGGGAAAGGGCCCCGTCATGTTCACAGCAATACCAAATTTCGAGGCGAGAAAACAGCTGAGGGCGTGCCGGGCCTAATGCCGCATTGTCAGCGTAGTAAGAGATTACCGTGGCTTCGGTACCCTTACGCGATTATGGACGCCCAGTTCGCCCCGTACCCTGGGCTTGAGTGGTCTTCTAATTAAGAGACTGTGCATTGCTAACGGGTTGTAGATGTAATCTATACAAATCGGATCCTTTTCCCCGATTCCGGATACACCGGGTAGTCCTCCATCCTATTCACCATGTTAAGAATCAAGGTAAATGTTTGTATAATTCTTCTACGCACGGTAATATCCAATACGGTGGCTCTGCGCAGATCAAACTTAACTTGAAACCTATGTTCCTGCTGTCAGTTCTCGTACCCAAGTGAGCCACAAGCTGGCTGGTATTTAAGTCCTATCTCCACATAGAAGTGATTACACCTTATAACCGTAGTGATAGCACGAATTATACGACAGTTCTGAAATGCTCTTCAACACAGGCTACACTTGCGTTGTTTTTCGATAGTCGTGAGGCCTCCCTAGGTTAGCGGCAGCTGAAAGCCCAATTCGCTCATGAGCTTTCACGTAGAATTAATTCACGGGGAGTGGTTCATTCTCCGCAGTGCAACTCCAGATGAATAAGTCAGAAATTCGCACTCGTTATGTCAATCAGACCGGGAACCTGTGTGAGTGAGGAACCAGCAGTCCCACATCCCCCTATGTTTGCCACAAACGTCTGGGTGAAAGGTGAAGAGAAGTCACCGACGTGCTCCGGGCATCGCAGGTCACAGAGCGGGGCCGAGAATCGGGAGAGGAGCACTTGTCATCAGCGATATGAAGTGCGGATTACTTCATACGCTGTGTCAACAATTGCACTTTTCAACAGCGTGACCAGTGATTA,1157,49.01,Caenorhabditis elegans
SEQ_652908,CCCAGGCTAAGGCAGGGGGTTGTGCGTCACCAAGGCAGATTATATACATGCAGCGCGTCCGAACGGCGGATATGCTCGAAGGTCTTAAGGAATACTTGACGTCTTGCTAACGACATTGGCTCACACGACCGTACGGGCGGTTTTTGGGTTGAGAGATATGTCGATGTTGCTGTGTTGGCACTACATGGTATACATCGGGTGGCGGCCTAACCGATCCAAAGTGCCATGACCAACATTTTGCAAATTGCGAAGACCACCATTAGGGGGCTTGCTGTACAGAGCCTAAGCAGAGCGAGCGGGCGGCAGAAGAGAGTCGGATTAGGTATCCGTCCTTTTCACCAGCAACATGCCTAAATATCCCTTGCACTGCGGCGCAATATCGCCGCGGCTGTCGTACGGATAGTATAGATACTAGTTAAGTCCTCTTCCGGCGTTATTTGCGTCGCCGGGGAGTCAGAAGCGCTCGATGTGACCAATATCAATCGTGCCGAACCACGGATCGTCGGGTGTCTGGGGTCATACGCACATCGTGGCCAAGTTTCGACTGAAGCCGATGATGTGATATACTAGAGGATGGAAGGAACGCGCAAAGGCACTACGGCTCCTCCTTAAGAGAGCAGCAGTTTCTGTCCAACCTTAAAGAATTGGCCCCACATTTTGGGCCTATAAGCCGGCCGCAATCAAGTCGACGGCGACGCTACAGTAGTGCACTCTTACCGTTTCGGGACTTGACGCTACTTATAAA,745,52.48,Arabidopsis thaliana
SEQ_528696,GAAGGCCGTCCGGGCGCTGTAGCCAGTAGTGAGCGGGGGTGACTCAGTAACTTCTCGCCACCCCCACTCTAGATATGCATAGCCAATTTATGCCCGAGCGGGTACTCCTATCAATTAGATAATCCAGATTTAACTCTCCTTCCGCGCGAAGCGGTCTGTCGTCCTGCGTGTCATTAGAGCACGTAGTAGATGACCGCCGAATCCACTCAGCAGACTCGGTAAGGGAGATAGAGGTCTCCGAAGCATTAAGGTCAAACAAAGCAGCACCCAGCGCAAGCCATGCGTTTGAATAAATGGACTTCTCTACAGTACCGACATAAACAGATGGGTTAGCATCCGGGTATTTGCACAATCTTAAACCATGCGGTTACCATTGGTGCTCAGCGTCAAGCTGTGGACCACCACCGTTTGAGTCCCAAGCGCGTTCAACGCGACTGAATGCTGACGGAACTTTACTTTGATAGACACGGGATACTTGAAGTTGCTTAGCCGCACACCCGAATCTTTCGTTCATGAAGGCGGGTAAACAACTTAACCTATAGAGGGAGTCACGATGTGGCGGTAGTATCAGTCGTTCGGGCTCTTGCACCAGGTCGGGTACCGTCCCAGATAGGTAGGGAAAAGTACACGTTTGCAGATTAATCCGGTATTGTACTTTTCTCTGACCTGGTGCGCGTGCACTCAAGGGTACATCCGGGTGCACTGTCACTTAAATCCATTGCAGAACCGCAGGGAATCATCTCTTATAAGGTACGTGCCGTCGCAAATCATTTCCGTGGCGCGAGAAATAACCAGCCCGTAAAATTGGGTCGACTCTACTGACTTCCGCCAGCGTGCTCTCCCCGTATGCGCGCGGACGCAGAATAAAGAATATCTTAGGAAGTCGCTTGGGGAGACTTCTTTGCCGCTGGGGAAAGTCTTCGCCCCACGCCATCGGACCGGCCGACTGCAATGCCCATAGCTATCCAGTTACGGGACCGGGGACTTAGTGTTTATTCACGCACTAATCCTTACACAGATATTTGGACCAGAGCGTTACCGCTTTATGGGCCTAAGGCTAGAGTCTTTTCCAGTGGATCGTGTTTGAGCCCTGATCGAGTTAGACTCCCGCGGGCGGCGGGAGAGTCATGTGGCACCCTATAGCGCAACGTGACCGATTTATTCATGTGGGTCTCTTACAATTAAACCAGCTGTTGACTCCGGGCCAGCGCGTGTCAGAGGCACCGATGAATCCTGAGTCGGCTCCACCCTACATGCGTCGATGAAGCACTTCGTGACTTACTGTACTGTCTTCCGATTTCGCAGAATCCAAGTTACACCTCTTTTGACTGCTCTAGTAAGCGGACCTCTCGCGGCGTGGGTCCCTAACCCGTTATACGTCTTCACAATACCAGCGTTACTTTGTGACGGTTGTGGTCTTTACCGTTCAGCCGTGCCTCTGCGAGCAGTAGCCCTTGCCTCACTGAATCGCGCAGATCCAATGCTTTTCGTGTCATAATATGCCCACAGGTTGTCTATCCCATCCCGGAGTCCGGCCCTGTTGAATCGTGAGTCGCTTCACAACGCCAAGCAGCGCTCGCACG,1583,52.43,Drosophila melanogaster
SEQ_331798,CCCAACTTCGCCGGACGAAACTAGTTCGGGAAGATCGGGAGCACACTGGCATTCGTGCGC,60,60.0,Homo sapiens
SEQ_378205,GTGTTCTCCTTTGACGGCCCATCAAACCGACTGGGCGTAATACAGGCACGCTGGGTGTGCTTCGGTGTCGGGGGAGAACCCATCGATGGCACATGTCCATCGTGTATGCTAGTTAGTCTATTCACTAGCGAAGGGGGATAGTCTAGTCTCGACCAACAGGCGTCGAACCGGCCTAGGTTACGGTGCCCACAGGACATGTCTGCTATTCATTAGACGCTAGCACAACAGCAGCGGTTATGCCGGTCGTCTCGGCTGAGCGGAAGGATCACTCCAAGATCGGGGCATCAGGTGACTCGGCACTACTCGAGTCGCTTACCGCTCGTTTAAAGCTGCTGTACACATTGATCAGTGTACAAGCTCGCTTGGTCACGGGGGCACTGGCAATCTTAACTTCCGGCTTCGCGTCGTTGTCCCATTTTCGCCCGTGGTCTGCCCGCCAATCGAATCCGGGGACGGCTACGGGCGATATTTCCGATCCTTATGGCGCGTAGCGTTGAAGTCACACCTGGGGGTCTAGCCCGCGACTGTGGTTGCGTTGATTGGTTTGGTTAGGTGAGTACCCGCGAGGCTATCTTACAAAACACTAGACCTGTGCACGCTCACACCGTGTGTTTCCTTCATAGGTGGAAGCCTCGAAGGCGGATCCTGCATTTGCGCCCCTAGAGGCGGACGTATATAAATCTCGAGCGCCACCGGTATGTTATCGAAAACGATCATAGGCTATTGCATTCCAAATGCAATCTTAGACTAGATTCTGACTGTCCCACTGTGCTGCATTCTCTCTGTATTATCCAAGTCTGCAACATATCAACACACCTTCCAAAGCACGAGGTAATCACACCGGTTCGAAACATTTTTCCCTAGAACGTTGAGGGCACTTTTAGCGATTTAGGTTTATCACCTCGGGACAAATCTTGAGAAAACATTCAAAGCTCAAACAAGAAACATTGAGGTCTTTCCAATTGCAATGAATTCGCGATTCCTGTGTTCAGTGGGGAGGGACACTTCCCAAGTATAGTGCTGCCAGAATGGCTACGCCAGATAGTTCCTCTAAAACCTATAAGTCTACCTTAGTACACACAAAGGTGGTTTACAAAAAATGACCAGATAGCTGTGGGGGTGTCAGTATGTGAGCCCGAAGCGTGGATACCACGCAGAGTAGACTCGGCGGTGTTGCACGGTACGAGGTGGCAACGCCTGATATCTCCCTAGCGTCGGGTACTTTCAGGCAATCCACAGGTCCTAACAGCCATCGATCGCGATAAACCTGTCGGTATAGGTATTAGTGTTAAAGGATTCTTCTCTCGGATAGTAGAGAGGCCCACTCGTGCCACCTGTCGACTGCAGTGCATCCGGGCCTACTCAGGTAGCGCGGCCTCCTGGAGCAACCGCCGCTGCGGCGTTATGGGTCTTATTGGTGCCGGGATTCGGCGGCTTTGACCCTTGTTGGAGATAGCCCGTACCATCGATCATGGAATGAGAGTGGCTGCAATCGTAGTCAGGCAGTCCCAATAAGCT,1518,52.11,Saccharomyces cerevisiae
SEQ_549051,GGCTCCGCGATTCTGGCGTGAACTGCAAAGTAACTGAGCTCGAGAAACTGTCAGTATGTCTGCCTATATGCAGTGTGGATTCGAATGTAAATATAAACCGGCCAGGAGAAATCGATAAAGCCATAATCTTAGCTATTAGCAAAACAACCTAGTGGGGTCGTAGTGTTGTGCCCGGAGCTATGCCTTAAACCTTCAGTTCCTAATGCACGAATTATCCTCGTTGACACGTGCGCCTTTCCAAGTCTAGTTAACCAACCGTTCGCTGGTTTTCAACAACACGCGGATCGTCTAGACCTCAGCACCTACTACCTGTATAAACGACCTTGCACTGACAATCGGAATCATCCGGAACTGACTCCTTGGCAGGTTCCATCGTTTCCTCGCTGCGTTCAGCGCCTCAAAGAGTGCTCAGCTATTCTCCATAGCCAGTTGACGCTAATCCTGAACGACGGGGTAGTCCAGAGAGCCCCAAAACGAATCTGGGACGACCAGGCCAGGCTAGGCAGGCTGCTGAATCTGCGGTAACAATCGGGATGATAGAGACTAGACGTAACATTCTTTTTTACATGGATCCTCATTAAAGCACCAGCGCCCGAGTTGATCGACGCACTCGCCCAATAAGTGTGAGCATCACGTATCCTTCTCAACCATCCGGTGAATCGTCGCTAGGCTCCAAGCAGGCGATAAGTTCGGAGCCCCGGGATCCCCCAAATAGCTAAGTGAATGCGGCAGGAATGACATCGCAGGGTCCATAGCGATTGGCGTCATGTAGATTGGAGGTAGTCCTTCGACGGACTCCCCCGATACACGTCGCAAGAGGGGGGCCTAGGTTTCTGGCCCTATTGCTCAGGGCAAAAAAAGTAGATCGACGCGTACTTTCCGCCGTCTTCTTTGTCCGCAGTACAACATGTTCGCCCCCGCTAATTGAGAACATCACATGAGCAGTCCAGCTTGCACCGCGCGTCACAATGTGCCCAGCCTCGGGGTAACCGACTCCGCGCACGGGACTCATATAGTCTGGTAAGCCAGCGGGCGGGAAAACAAGCATATCTGTTGATCAGGTTGGTGTCTACCACGGACACTCTGCTAACGTAACCTTCTAGCGATAGGAGATAGGGCCCTGAAATAATGCCCACCGATAGCGATTCTTGGTATCGAGACCGCTCGAATGTATTCTTAAAAATCTCTTACACCGTTGGAGTCATCTAATACAGTTTCGACCCGGTCAATGGGCGGTGCGGAAGACGCTAGGAATCAACGCAGGTGAATCTCATCTTGTGAACAGAGACCGTATCGGGTAAAAGACTGCTACGAACCCCCACACGGTAGGATGGAGATACGCCGACTTGGTTGCCCTACGTACCGGGAATACGTCCCCAAAAGCTTCAAGCCCCGTGCATGTAATCGAGGCCCAACCGAGATCCTAAATCATCCATGTCCGGAATCGCGTTTAATTTCGCCATTGGCTAGATCAGTCTCGATGACTCGGGTTCCTGGCATCGAACTTCTTCTCTAGCCCAGCCACGAAGAGAATCCCTAAATTCAAGGGCGGAAAAACGAATCAGTGGTTGGTTTTCTACATTAAGACTTGGGAGACTGCCTGCAGCGGCATTCACGAGAGATCATCCTTGAGGATGTGGCGACACTGATCATTCAAATGTCCACCATTGAAGAAACCGGAAGTCGCGTGGCATCGAGAGTCTGTTATCACTCGCGTATTACACACTCCAAGCATGCGCCATACATGTACCTAGGCCTCGGAGACCCCGTAACCACCGCTGCTAATGCGTAGCATAGGCGCGGTCTAATGCTTACGGTCTGCGGAGTCAAAGTGTGGTTCGTAGTCGCGGCCGGTGAGTTCTAAGAGTCACGGGAACAGTACAAGTAGTCACGACGCTCGGTTTGTATTCCTTGGTATACTGTGTGCAATGACTCCACCACCCGTTATGCCACCAAAGCACCGGGGTAAAATCTTAGAGGGACGGAGATACTGGACT,1997,51.38,Escherichia coli
SEQ_982511,GCAATAGGGTGCTAGTGTAATTGTTAAGATCGAAACAAGTGTAAACGAAGATCTCTACCGACTGATGGGCAAGGTAAAGTGGGCTCTTAATGGAATGGTAAGGCAAGTACTAATCACGAATCTACGGTAAGCGAGTCTCAAGCCCCCCGTGATAGCCCTTCAGCGCTTCACTACCAGGATTGCCATGTCTTGTATATTGTAGGTTCACGGCATAAACTGGTGCCGCTGCGTAGGAACCTCTTGTGAATAACATTGCCCCGGGTCTAGCGCGTCCAAGAAGGGTAGTGAGTGCTTGAACATCTATCTCCCATAGACATTTTGTGGCCTTAGGTTTTGCCTGGTCAGGACCGAACCTTTTACGCCGGCGAGGACAGAGACTGGGAAGGAAGTAATTGCACATCATGTCCCTGCCGTCTCTTGTGGGCAATTTTAGCGGACGAGCGCTCTGGAAAAGAGGATTTTACTATGTGCGGATTGCTGCCAACGGTCTATGGATTCGGGCACGATATTTACTCGGGTGCTCAAGCGGCACGGGGTACATCAACCTCGGGTTGACGGACGAGCTTGACAGACAAGCTTCTACCGGGCTAGCCAGATGCCGACATTGCTGTGCTAGGGGGCAAAACTGGAATAATGGGTCGCAGTAGGCTCTCCACGTGACAAATTTGCCTAACCTTTTACATCACTTTATGTGCGGAGCTCACTAATTAGCACGTACCCCTTACCCACCGTCGTAGCTTATCTGATGACATTATGTAAAGCGTATTCTTCAGGTAAAGAGGCAGCCTATTATGATTATGATTTAGGAAAGAGTGTTCCATTGCAGAGGGCTTAGACGCTTAAGGTTATACCAAGATGTAGACATGCGGCGGAACTCTCTAGATATGGACCCGCGTATATCCCACCATCGTCACCTACTTCACCGAGAGCGCCATGTGAAACTACAGAAGAAGCTAGTATAGGCGCGAAGTCAATAATACAATAGCGCCACCCCCGCTAACTCGGGAACACCATATACCTAGAGGCTTCACACCACCCATGTAATTATTCCAGCGCGGTAGCGTCGTTGCAAGGTAATACGCGACGAGCAGAAAGTTACGCATAACTTTCCCGACTCCGGTGCCTCATGGCAAAAGGTTCCCTGATCCAAATACTACCCCTGCAACCGTGCATCCGGCTTAAATTGGCAACTTGTGTCCTCCAGAGTGGTCACATACACTACAGTGTAAGACATTATGTGACAACATTCCACCATACCAATCTCTTACTTGCGGCCTTGGCCACACATCTGCGTCATCTTTTTGCTTCCAAATACACCGTTAGACAGGCACTACATCTAGTGCACGGAAGCTAAGTTTTAATACCCGCGTGTGATTTTGCGAAGGTGGGTTAATACTGGAGAACCAGAGGTCCAAGTTGGGCGTCACGAGGGCCGTTACTACCAGCAGAGTCCTCTAACCACGGCTCACTTGTGGTTACAATCGGAGGGCCACGATCAGTGAAAAGAAAGGAGCTCGGCCGAAGTTTATACACACGTACGAAAACAGAGCATTATAACATAAGCGGGTGATCGTTTGCGTTAGGTAGTTTCCAAGACGGAAAGAAATGGTGCTATACTGGATAGGTACGGCGGGATTAGCTACGCAAGGACCATAATGTTGCAGCGGCATGTCAATGATTGTTTCTAGACTTCAGCTGGAGTGGACACGAGCCACGGTCAAGATGGAAGGTGATGAAGCCGAGAGACTTGTCGACGTTCGGATTCTCGACTCTCAGGAGATGATTACATTTAGACTTCGACACTTGAAGCCTTTCTCCAGTCTTGCCCTTTTGGGCGGTTGTGCGTTCTCACCCGCATTTATAACCGATCGAGTTGTACGTCTAGGGCCCTACTT,1895,48.92,Homo sapiens
SEQ_923779,GCGTAGCATGCACTGGCACAGGCTAATACGCCCTCAGAATACACGTCGTAATCGTAGAGACTACGGCAAAAGGGCAAGCTCCCCGCGTATCCTAACTTAGTAAGACGCCTTCCCGATTGTTTGCGCCTCCTTTGTGAGTGTCATCTACATCTCCCACCGATTTTAATCTAAAACTCACATAGAAGTAGTGGAGAATAGCCACTAGCTGCCTTGGGCACAAGGCTTACACTAAGCGGATTATCACCTCGCTTAATTATCTATGTGACATCGGTGATCTATTATGATTAGTGCAGTGCAGTAGGCCTACATGACCCAATGTCGACTGGGAAGTCTGGTAATACATGCCGTCCACACCTTAAGGTGCGCTCGTAGGCCAGGAAAAGGATGGTGCGTCGACCAACTTTGGGGTTGATTTTACGGTTGGTCTTACCGCAGTGCGAAACACTGCCCGTGACCAACCGAACGTTTAGGGCAGGGACCCGATCACCACGTCAGTCGTACTGGCGATTCGGTATTTTCCTGGGGCAGCCACTCAAAACAACAACAAAAGGGATGGACCATAGATCGTTGCACGAGCTGCGGGAATAGGTCCCAGGGATCAGCCTGATGGAGTAAGCAACAAATACATTGCCGAGGGGATGTGATATAGATGTAGGCCAACGGGATAGCACGGCGCGTAACACGGCTAACTAGCTGGAATAGGGCAGCCTCAACCGATCTGATTCCTAGCCTATCAAAAAGGTAAAACTGAGTCGTTGTTAACCTTAACCTACGTTCGGATGAATAAGAAGATGACACCTAGATGAGCGAGCTCACGCTAGCCCATGCAATCTGTGACATTAAATAGGGTGGCTGGAGAGTAGTCTATACTCGAAAAGACTAATGCGAGGGCGTCTGACAACTCGAGCGCGTGCGAGTAGGACAATTATGGGGACTTGGCACATCCCCATCCCATCCAGTTGGAGGATATGCACTGTGTGCATTCACGTTGAGCCATCATGCTTTTTCTTTGACTCCGAGTTCGATCACTTAAATACTAACGGATCGTTATGCCCAGGGGCTTCAATATGGAGGCTCTGGTGCGTTGGGGGACTCGCAGCTGGGAGGGAGATTGTTATCGTATCCGACGAATTTAAGGTCCATTTTTCCACCGTCTCTTAAGACTTCCGGTGGAAGTCGGGGACCACTCATCCAAGCGGCAGCGAGCGGCCAAGACATCCACTAAGCCGAGGTCGTTACGTTGTATCCCCAAGTTCGGTTTTACACATGGCCGCTCTGGATGATCAAGCGCGGTCCGAAAGCCCGCGTATCCAGATTGCTTCTCTGGTTTTGCGGGAAAGACGGGAGGCGTGATTATGTAACCTGACGTGCTACATCACAGCTGGCCACTAGTAGGAGACTGTTGCTTGCCGCTTAATATTCAGGCAGGTAGTCTCA,1437,50.52,Mus musculus
SEQ_904873,TGAATAGAAGTGGCTTGGGAAGGAGCTGTCAGCTCGTGAACTAGTGATATTACCGGTCTAAGCGTGTAAGCCGACTAACACCGTCATGTGACTCTACTGAAGGATTTTGGACGAGGCGGCGAAGAAACCGCTTAGGTGGCCAACAATTGTCTCCCTGACGACAAATGATCGATCGTCGGTTGTCGTAGAATCGGCGCGATCTCTGTAGCATAGTATTCGAGAGCGGCACCTGGGACAGCTATACTAATTAAATCGGGGATGACGCTAGCTAGAGCGCAGGATCTCACTTTAGGTGTTCACATTATGCCATTGCTACGCCGGTCTAAGGTCCCGTTAAGCGTACAAGGCGTCTCTGTAAACCAAAGGCTTCATGCGATGATAACTATGCAACAGCTTTAATGTGTTCAGTGGCAGTTGTCAGCATCGCAGACACCCCTCATCTCGAGTCCTAACTCTAGGTTAGACAGTCACTTAACCACTGTGCTGGAGTTCGGTAGGCTCAGTGAGCAAGACCATACTATCCCAAAGCTGTCTATTTGATAAAGGCCTGGACGAGAACTTAACGTAAGCGGATAGTTGATCTTCCTCGGTGAGGTTACGCCCGGCCGAGCCGTCATGTTAGCTCAAATAAGTGTCCCCCGACCGCAATGGCACTCTTGTCTAAAGCGGCGAGGATACAACAAATGTGAGGCTCAAAACCTGAACAGCACAGGTCTAGTTCATTTTCGGATTTATTAGTGGTCCACATCATGGGGGGAAACGTTATCTTCACCATGGTTGCCGTAACGTCGTATATAGATCTTGTAGCTACAGCGATCTGACGGCAAACCAGACGATACCCGGCGCCTGCTCATGCGAAATACGCTGCAAAAGTCCGTAAACCGATGAGGGGACCCCCGAATCGACTAGTTGGTGCCCTACGCTTGTCACATGCCGCT,938,49.89,Drosophila melanogaster
SEQ_793690,TCGTTCGATGGAATCTTAAACCGGTGCAAAGGAGCGTGATTGACATTCTCCTAGAAGGTATAGGTATTTGATGTGTTTCCTAGATATTCGCCCGGTAACGGCTGATTAAGGAGTGTCATGGTCGTGGGACAGAAAGGACTCGTGCATGGTCCAACGCGCGCGCTCTCGATTGTCTACTGGAAGCAGAAAAAATCTGGATAGCCGGATATACGCGTAAGTTAGGTCTCGGCGCACAGCAGTTATGAACAAATGGCGCTCACTCCACTTGGAGTGAAACTAAGAACGCTTCGCCGGACATTACCTTCTAAGGACAAAGGCGACCGTCCTGGAACATGTGACTGCTCGATGAAGATGCATATCCGGAGCAGAGATTGACTCATAGACTATAAGGGGTTTCACTTCCACCTAATCGCCACTTTAAGTTTAGTGCGAAGTTGTTTTGGCTCCTGTTCTAGGAGTCAGGAGCGCAGCTACATAATGCACCCTTAACCCAGTGGAACAGAATCACCACGATGGCTGTATTGCGTCCTACAAGGTATGGTCGCGAGTAAGAATACGGCTTATACCATTCGCTGGCCTGGCCAAAGTACGTCTTTGAGAGGGATCCCTTGACAAGTAGGGGATTTGAATGGAGGGGATATTATTGATGAAAAGGACTTTCTTCAAGTTTGCCCTGGATGCACGGACAGCGCCTGCCGGATAGGCAGATGCGATGGTGGGCACAGATGCGCTACGCATTGCGAAGTTAATCTAAAACATAATCCTTATGTGACTCAGATAGTTCCTTTCAGCCGCTCACATAGCTCATGCCAAGGTTAGTCCATCGCGGAGTATTCTCCCTTCGTTCCGGCGTGCACTATAAGTAATCAGTATGTCCCTCTGCACATGCTGAGGCTTATTGAAATCATGACAGATACCGTAGATTCGAGTCGTCTAGTGTGGTGATCAAGAATTAGGGGTAGGATCCTAATTTAATACAGTCTCCGATCGCCCTGTCGATCTTGGGCTCATATCGATGTTTTCGAGCGGCATCCCCGTCCGCTTAAAAACCCGGAAAGAGGGTCTACGTAGATTAAACCCTTGTTGATTCCCGCCCATTCTTCAGGGAAGAGTGATTCTTCAGTTGCTTCGGATTCCGAGCCTGACACAACGAGCACTACTCTTAGGGTTGACGGGTCTTCTCAACTCCAATTTTTTCCATGAGTCGGCTGCACTAAGTGGTTTAGCCGTTACATCCGACGCCGTCAGAGATCTGATCCGTATGAATGAATCCCCGCTGGTAAAAGTAGCTGTATGGCTGGCAGGAACAAGCACCTGCCGCGTAGCATTAACGCACGGACTCTGACTCTGCTTTTTCATTTTCGTCCGCAGTCGACTTAATTCAGCCTATATTGGATCGAGCCGGCTTATATTACGCGGAATACCCGACATACCTCGTTCCCAACATTTGAGACTGATTGGGTCACTCGCGAGCTGTCGTAATAGGAGCAACCGCTTGCGAGCGCGGAGGTCCATATCTCTCCCTACAGCGGACGATTCGCTCTCAGCGGCCGGGTGTACGCCGCACCCTCTTACTTTCGATTTGGCTATTGGAAAGTTGGGAGAAGGCGCCCCAGCTCAACGGCGACGCTTCTTGCCCATCGTG,1645,49.73,Escherichia coli
SEQ_711673,GTCCTAGGGTCATACTGAATCACCAAGCCACATCCGCAGCTGATGGCAAGGACACTCGTTAAAAACAATTCAACCGAGTGAGCAACCCGAAGGCCGGGTCTTGGCACAATCTTTGCGAGTCTAAGAAAACGTGTTAATTTTTGCTTTGTGTAGGTGCCCACGAATTGACTATCGCAATTTATGGGTTAAGAAATTAAAAAGATTTCGGGAATTATCGAGTTATCTCCCATCCCTTTCGGAGAACACACTATTTTTGCGCCTGTCCCTAGTTCATTGCCCCTGGGTCTCTTATAACGGCTGGTCGACTCCCCTGTATTTGCATCGGTCGGGCCCATGGGAGTAAGTACTCCCTCCCCGGCTTTCAGTGAGGGTGCCATTTAGCGCAAGTCTGGAACTAGCTCTTGCTTCTAGAGCAAGCTATTACCCCGGGCGGGCTAATGAAGATGACGTAACGGTAATAGTCAAGTGCTGCGATGGGAAAATGGGTAAGGAGCGCATTCGTCAATCTCACATCGATTAACAAGGCAGTTCAGTCGAGGGAAGTAGCTACTTACAGTCTGCCGCGCCGGTATAGCTGCAAGTGAGCGTACATACTACGTCCAGTTACCTAACGAGTCCCGGGACACGCCCAGTTGTACGGTAGCGCTAATGAGCTCTTGCTTTCCCGTCTTAACTACAAACGTGGGCTATCGGGGGTAGAAGTTACCAGAGTCTGCGCCGCCGTTCCCATCCGACTGACATTGGAT,746,50.0,Caenorhabditis elegans
SEQ_982908,TTGAGCATAGTTCGGAAATACTTCGAGACCCCCTTACCGCCGCAATGCGGAGAGCTCGTGACCGGTACTGGATAATAAGCTGAAGCGAGATCTCTTTATAAGGGTCACCAAAAATAGGGTTCTCCAGGA,129,48.84,Arabidopsis thaliana
SEQ_383890,GTCGCTGGTATCGCTATTTTTAAGATTACTTCCTGGTAGATTCCCAGTAGACTTGCTTGCGTCCACCACCGGGATTCGTTCGACATCCGGCATTCGTCACAGATGAACTGGTACGCATCGTTTATTCCTCGCTACACGTTAAGACCTGTCGGTTTAAGCGTTGAGCTCGAGACTGTTCCCGCTGGTGAGATGCGCACACTACACAATCAAAGTAGCTTCGAATGGTCTTGGAAAACCGCAAAAGATCTCTGGTTTGCTACGTGATTTGCGCTTAGAATATTGGGCTACTACCCATGTGTGGTGCTTTCCTGTAATTAGTGTCGGATAGATATGACCTTGACGCTAATATTGAATTTGACGCATCCTAGATGCCCTCGTGGGACCGCGTCAAGACCAGTAATACCTAGACATGCTACGTCATTAGATACATTGAATGTCAAAACAATGATGCGGTATTCTTTTAGTAACACGTGCTTATAGTTGTAGATAGAGAGGCCCTCTTTGTAGTTGACATGATTAACAATCCGCAGCTACCGGCTTCAAAAATCTAAGTACCGGGTAGCCTCCCCAACAACCGGATCATGTTTAGTTCAGACTACAGATTATGGTTGTGGCATGCCTGCGAACTGCGCCCTACGTAGGAGTCGGATCTATGAGGCGCGTCGTCAATGACACTGTCCCGTTACTGTACCGTCCCATGCTGCTGCTGCCTGACCCGGCCTCCGATTAAACCAGAGGGCACCGTTACTGGTCGGTGTGTGGGAGCGTTACTCCATGAAACCTATCCTTGATTAAATGACAGAAGTTTGGCCTATCGGCGCTGCTGAATAGCGCAGCTGCACTAACTTTTACTCTCGCTCCCACGTCCCGGCCTGCAGTTCTCCCTCGGGGGGTCTCTTTTCAACCGGGATTCGAAGTGGATTAATGTCCTGTTGGGGGTTGATACCCCTTCGGAGAGGTACTGCACGTAAATGACCACGTAAGATAATGCGAATCTCACTCAATAGCGAACATCTACGCGACTTAGGCAACGACAGTACTAATGGAGAAAGACGTATTACCGGATGATGTAAGTACTCAGTTAGGTCAGTACGTTTCGTACATGGCCTTATCTGGTATCGGAGTCACTGCTCGAGAGCCGTAAGGCTATGTACGGCTACTGTCGGACGCTAACCTGCCTGCTCTATGTGCACGCACCCCTGGCTCCTATTTCGGACAACGCGGGCCTAAGATGTGGAGGTACTTCCAAATACTGTCGCACCCGGTAGATATCGCTCAAAGTGGCACAGCCAGTGATGGAATCTCAGCCTGAGTCAAACTATCTCGGACTCAATTCTCCCGGCAGCGGCCTATGCTGAAAACTTGGGTCACTCAAGCGAGTGGAATCTTTGAAATAGGAAACCAGTAGGAGCACCCACGATGCGGCACAGCCAGACATTTCGGATGACTAACTAATTGATGGTTGGCGGTTATGCATAGCGCCGCAGTCACTGTGAGTCTGGGTTCCCTAATACGCGGTTTTGGAC,1526,49.54,Mus musculus
SEQ_605024,CAGGCATGAAAAAATCGTTTTTACACATAATTACTCTCAATGTTCGTGGGTGCTGCTCTCGACCACAATGAACGACGGGGCACATTGAGGGCAAATAACTTAGACTAGCGTTTGTCTCCAAATTAACGTGAGAACA,136,42.65,Saccharomyces cerevisiae
SEQ_340037,ACCACGACGGTCTATCTGGTACTAACAGAAGTGACTGTGTACCGCACGCAAGGT,54,51.85,Arabidopsis thaliana
SEQ_841582,ACTGCCTCTCGGAGGAATCAGCTCCTCAATGCGTTTGACCGACTTATGATCACACTGCACTACCAACGCTTGCCCCCTAGGTTAGGCGTCTTTTTGTTACATCTGCAGAGTAGTGACATTTTGGCACATCGTCCGCGTTGAGTCTGCACTTAGACGACCAGTAACCTCATACCCCCATATCTGGAATGGAAGGATTCAGTCGGGCATGCCTCCGAGTGCCTACTCCTAGCATGCCCGCTAAGCAGCCTCAAGCCTAACCTAACGTACTTTTCATTACAGGTAGGACCCATCCGTGCGTTCGATTGAGATAGTTTAACATTTTCACCGACCATGTGTCGTACCTAACCAAAACCTATGAAAAATTCAATATCCAATACCGCGTACCTGCTCTCCGCGATCCGAAGGCCATCCCTTCCGCTGAGGTCCAACCAAGGATATTGTAATGAACAAAAGAACTACTAATTTTGATTTATGCCATGTTGTACACCCATATTAGAATACAACCCCGCTGCCAGCTGTGGACGCTCACAGCTAACGTCTGATTGATCCCTGACTTACGCTATAACGTCAAGTATTAGACACTGAAAATGGATTAATACGTTGCAGACATACCAGCTTTCTGAGCCCAGCCAAACAAGCCAGGATGAGGGTGACCGCAGGAACGCGGTCCGAGTAAAGAGCCGTTTCCACCGGCGGATACTCAAGAAACAGTTAATC,717,48.12,Drosophila melanogaster
SEQ_172727,ATGGTCGCTACGGTCTTCCTTCGGGGTTTTGGTTCCTTGTGGCGTGGTTGGGTTGTTCTAAAGCGGCGTAAAAAATACAACTTTGCGAGTTAACACTCGCGCAGAACTTGGACCTCTTGAACGCGTTACTGGCTCGAGAAAACCCGGATTCCCTTGCCAAACCGACGGAGTGCGATACCAATATATTTTGAGCGGCCCAACGCTCACGGCGCATACTGTTTGATATTGACATTGGCTAAACCGCATTGCCATGGTGCCTACTGCGATAGATTCTTATTGCGGCATACGGGATCGACCTGTCGTCTTAGTACAAATTAGTCGCGCATTCATAGCGGGAGCTCTCGATGTATCGCCCATCGGAACACTAAGAGGATAGCCAGTTTCGTCAGGAACTGTTATGAGTTCTCTGGTCAATAGAGCAGGCTCCCGTCGAGACTTCATCCTTCTCTAGGTAGACAACCTCCTTGTGAGTTGTGCTCACACGGATTCACGGTTTTCTGTAATAACATACATCCCAGCTGCATCAGATCGAGGGACCTTATAGGGCTACCATAGAGACCCGCAACATGTGGGCACAGGCCACCAAAACATCCCTTTACGAGTAAACCCCTCGATCGGGAACTGAAGCTTATCACTACTAAGCGTACTATGAGGCTAACGAATATCGAGCCACGCAGGGACACTATCGGGTGTCATTCTCGCGTTTTACGGAAGCTACGTCGAATTACTGGCCGATATGGTCACCGTAGGGGGAACGTCGTACGGATAAGGATTGCCCGCTTTTCGGAGGATTTTGTCTAATTAGCAGTTGAGAGCGGCAAATACTTTATAATAAAAGTCTTTGGTAAGAGCGCGGATCAGAGACTCATTTGGTTGGTTCTGTCTCGCGACCATATATTCAACGGTTCCGTTGTGTTGTGAAACAACGGCGGTCCGTAGTAGTACCCAACTCTAACAAATCAATTCCCTCGGTACTCTGACTCAATGACTAAAGCGGGCAAAACGCCTTGACCGATCCCGTGCTGTTGGAGCGGCTCTCCAACGTTGAGTTCTCCCAAGCTTGGACTGCTGATTTGTGGAGTGTGTTCTCGCCTGCTTATTCAAAGTAATCAAAACCAACGAGACTGGCTTGGCAGTATCAAGAACGGTATAGAAACTGTGCGTAGTCGGTCTATGTTCGCGTGTATCATGGTTCAGGCGAGTCCCCACCCCCAGGTCACAGCAACGTGCAAACCGTTCTTGGAAGTCTTCACTGTACTTACATTAACTAGTGCTGCGGGTGGTGATGATTGACTTTAGCC,1301,49.12,Drosophila melanogaster
SEQ_719622,TTATACTCTTAATTCAACAAAGCGTAGCTGTGGATGGAACCGACGACGTCTACCCACCCAGTGTGCATGAAATTTAGAGCTAGCTCGAAACCGATCGTCCTGTTAAGGGCGGACTCTTGCGATTGCTTCTTGACAACTCATGTTATTCCGGTCTTCTTGGACGATCCACCAGAGCATCTGCTTTGCCAGGTACCTGAAAAGTGCCTGGAAGTCCAGCTAAGAGTTTTCAATGCCCAGCTTAAATCGGATCTAAGTATCGTCCCTGTGGCGTTATACAAGATCCGTGTCCTGTACTCGGGGAATTGTACGATGACTAGTCTCACATCGTCCGGTACCCCTCTCGAGAAACTATCGCGAAGGGGGGTAACACTAAATACGCTGCGCTAAGGGCAGTTTGCATTTGCATGTGATGACCATCTAGTTCCAAGCGTGAATCCACTACGCATGCCAGCTTGCACAACGTATTCCTACAAAATGAAGTTCAATGTTGGCCAGTATCAACATGCAAGGCCGGGGAGTGAATTCTGCGAACCAAGTCGTATAACAGAACTTAGCGCTCTTCGGGGTTGTTTAATAACTTAGTTACTTGGTGGCATAAACTAGCTTAACATACTGGGCCGGGCCTCTTCTCCGGTGTGCAGGGGCCGGAATCTGAGGGAAAACCACAAGTTGATTGATCACCCTCTGGCGAACCTAGAACCACGCCTTAGCCTGATTTTTTCATGCCAGGTTCATGCCCTGCAGATCGGTAGAAACGCTGCCTAAGCCCTTTACGCGCCCAACGCTCAGTCACCCATTGATCCTGTCTGGCAATGACCGCCTGGCCTGTGTCATTCTACCCGCAGGCTCCGCAGCCCACCTTCCATCCTTAGACCTAAAGATCTGTGAGCAAGAGCGGAGCTGACTGTGGCCATATTCGTCTGATGGTATC,931,50.05,Saccharomyces cerevisiae
SEQ_723158,GTTGTATATCAGCGCTTACAGGACTTCACCGGCTCACTCAGGAACTTCAGCTGTGCGGAAAGATCCCGCCGCATCGTGGATATTAATGCAGTCTGTACGAGGAGTGCGTGATTGTACCAGATGTGCCCTAGCCGATTTATAGATTAATGTCTCTCACGACTTTAACCTTAGGGGTAGGGTAAATCAAGTGGATCGTCCATGTGTATTCTCCCTGCGACTAAGAGGACTTCCATTACGGATATACCTCAATCCTGAAAAACGTGCTGTCTGCGAGTTACCTAGTACAGGGGTAACG,295,47.8,Escherichia coli
SEQ_900707,CAAGGAGTGCTAGGGCCAATGATCCGTCTTATGTTCCTAACGTCATGCTAAAGGCAAATAACGTTGTTAGTTCGCTCACCACTCGAATGGAACACCACCTGCACGAATATCCCGTCGTGCTTCTCCCAACACGTTTTCGCAGAATGATAGCCCCGTCGCTTAGTTTGCCTAGAGATTTCCCGATGGTAGCCCATATGCCTTAGTCAGGCGCCCAGCCTTTAACTTCTTGGCCAACTACAACAATAATTTAAGAACCTTCTTTCGATTTCGTTTCATATGGGTCCGGCTAGGATGGCGGCGATGGGTTAACCACTTTTATCCCTGCAACAGATCTATGTAGTGGAGCAGGCCCAATTGTCTTTAACTGGCCCAGGATGAGTTGCTATCTAGAAGACGACGGTCGTGGAAACTGTTTTCATTGAAGCCAATTCTATGATAGTCACATTTATTGTCGCCTCCTGTCTACTTCAGAGCCGTTTTATTAGTGGCTGCGATCACTCTGGGACGATGAGTGGCGTGGTTGTGTGTAACAACGCGTGTTCGAATGTACCGATGGCATGAATTTCTCAATGCATATCTCCGACAATTGCCGCACTGCCAACGGGCACAGCACCGATTTATCATCAAAATAAGATATACGGTGGCGGGCTGGGTAAATTGCTAAACTTGACTATCTATGGCACTCGCTAGACCACTTTTTAACTGATTAGAAGGGTTCGCAGGTACATCAGAACACTGGATTGGAAACCTCAGTCAGCTGCGCAACCGATCTGAAAAAAATCAGTTTGCTAACGAGTAAGACCCCGCCGGAACGCTCACCGTCAACTACGCAGAAAATGTGTAGACTCTAAGGGGCCCGAGGTTGGAGATCCGATTACAAGTCCACCTGGCTCAATGTGCTATGCCTATACTTTTAGCTTCCCCCTTCTATTTCCATTCGAGTCCTGCCTGCCCTGCTATCTAGGTAAGCGGGCATT,977,47.7,Caenorhabditis elegans
SEQ_495511,AAATGAAAAAGACCCGTCGACTTTATTAGCCCCCCGAACCTAACGCTAGACCGATCGATTCGTGTAGGTCCCCGCTCCGCTATTGTGAACCGGTACGCTGAGAGACCTCCGTGTTCCGGCCTGGTAACATAGACTAGTGAACCCTAGGTCTTGAATGGACCTCCCGTTGTGTGTTACCTGGCACGACGCCCGGATAAGGACACTTCCGTTAGACCGTTGTGGCTTTAGGTCTTCCCAAACGGATGTCACCTCTTGACTGTCATGGGGAGGTTTATGAGACACAGAAATGAACGGACCCTTTATGGGCGCTAAGAGATGACAAGTGCACCACAAATTTAACCTGCCTTTGCTTATTGTCAGACGTTTGGCGAATATAAGGGTGCACCGTACTTGCCCGATGCAATGAACGGTAGACACTACGAATTCACCCCATTAGGATGTTTTATTTGAGAACGAGTATGGGGGGATACCTAGGTGGTCGCGATCCACATATGGCATTTGGAAGGGTGAGACTTTGTGTTATTCCCAATTCATTTGGAGACGCATATGTCGTGTCTTACCGCTTACGGTTGAGCGTTGATACACCACGGTCACAACGCCTCTTGTGTCTGTACTGGCGCATAGACGAGCTACCGGGGTTACGTTAGGTGCTCCTCCCGTCATGTGTTCCTAACAATCGCTGCGTGACGTCTCGGCAAATAGCACCACATTAGCTGGGTGGTTGTACGTATCAATTAGCGCTTCCGCCTACAGATGTATCTCAGCTACATTATGGCCCCTGCAAAAAACGTGGCACTGAGGACGATTCCACGCGGGATCACAAGCCTGCCCATGCTGGTACCGATCGTGATGGTTAGAGTTGGT,864,50.58,Caenorhabditis elegans
SEQ_670967,TGGGGTACCATTAGTCGGAAAAACCCAATTGAGGGGGCGCAAGACGAACTACGGGTTCCGTACTTCTAGTAGGGGTGCTACGGCTAGTATCTAGTCGTGGCTCGAGATCTAGACCTTCCCCCATCAATGCGCACATACGGAACGATCAAGGTATTGCTCCACTGACACGATGTGGCGTTCTGACGATAGTGGCACGGACGTGTATTTTTGGTCCAAAATGCTATCCGTGTGTCTTCAATATGATCGGTGTTTATAGCTGCCTGCATATTTCGGATACCAAGAAATGCTTTTTACGCATTATGCGGTCGACGTTAGAGGCCCATCCCCGAGTGCCCGGTAAGTGAAATGCTCACCCAGTGAGACGGCCCAACCTTATGGTGGACTCGTGGCCCCATGGCGGGCGATCAAAGATTAAATGCGACCTGGAGGCCAGGAGACTGAGCC,444,52.03,Drosophila melanogaster
SEQ_312463,ACGTCAAGCGTATGGCGCGCATGAGGCGCTGTCGAGATAGACTTATCACTAAGTATGAATGCAGTTGGCGGCAGCGGTTACGATCCAGCAGCCCGTTTCGGGGACTCGTAGCCAGCGCAAAAAATTGAAACTGCTAACAAGGAGGATTCAGACGGCTTGAACCGTCTCGTAGCCACGGGAGACTGTATTGGTTATTGGATTTACCCATCGGTTGGCAAACCTGGTCCCCACCGTTTGATGGCCATAAGAATCGTCGGGCCCACTAAATGCCCCCTTCATACGTTGGTACTATGTGACTATCTCACAAATGGACCGGTGACCAGAGTGCGCGGGCATACGCACGATCTTACCAACTCATGTCGCGGTCAAGTGCAATCTGAGAGGTATCCGGACGCTGGTGAGCGGAACAGGGGTAGTGGCCATGGGAGATCTCGGGATAAGTGCAGTTCGAGGAGCTCCACGCTCAGACCAGCTATTAAACACCCTGGGTCATTGACTGGATTAAATTTGTGAGAAGATTGATTCACTATCACAACTGTGTAGACGATTGCTGTGCTGGTGGCTTACAGATGGCACGCCGAACCTTAATAGAGATCGTCGTGATACACAGTTGTCTGTGCCCTCGGCGATTGTCATTTCGCTCTACGTGGTACGCCAGCCTTGTTGGAGAGCAGACACTCATCATCACACTTCATAAGATGGGCCTTGATCTAGGCATGGCAGCTTCCCGGACCACGTTGTGCGGACCTTAGATAGGGTAGCTTGAGTTAATGAGATGCTAGTACAACGTTACATTTATCCAGTGGTTGCAAACAGCTGGATTCGTCCTCGCGCGTTTGATGGATCAGATTAAGCGGAATTCAGCACTATGCTCGATCCAACGCACATGCCAGTAGATCCCATGACCAGTCTTTCGTTGGCGATCAGCGCTTTACTGAGAAGGATATGATGAGAAGTGCCCCCACGACGAGTAGTAGAAAGTAATTTTCGGTGTGAGACGATAGACAAATCTTTCTGAGCAAGTAGGTGGCCATTAGGAAACCACTTAAGGCGCGCATATCGGCCATTGTGCTATAGCGCTACAGTAATCTGGGATGTAGCCGTTGCGTGGAATCCCTTGTGGGATTGCTTCCATAAGTCATAGCTCCCTATTAAAGATTCCACTGATTATCTACCACAAGGGCTTGCGAAAAGCTATAGAATTCAGCCTAAGTCCATAGTAGCCTGAAAAAAAAAAGAGTGACCCATTTATACCCCGCCACGGTGATCTGAAGCCAAATAGTGCATGAGCCTCAGCACACAAATTTATATTCGGGTCCTAATAAGACAGTGGACTGCCATACTTCGGTCATGTGCAACCCCCTCATCACGTCGTGGGACACGTCGAGCGGCGCCGTCCCTACCGTCAGGCCCAAGGTGGTAGTAGCCTTAGTGTGATTTTGTGGAGGGCAAACGGTTACATGTAGTAGGTCGCGTCCTGGAAGAACTTTGTAAGGTTAACGACTACAAAAAGGCTGGTACGTAAGAATAGGATACTCAATATAGTGCCGGTCGCACGCTTAGGTTGTCAGCGCGATCATCGGGAGAACCAAACCGATAAGGGGTAGTTTAGCCGAGGGTTGATCGTTCGGACCATATGGCCGTAATCCGAGTTGAAATACAACTTTTGTATAGTTTGTTTACTAAAGGTGTGGTAAAGTTGCAGCTTGCTCAAGCACACTCGAGAGATACCATAATATTGAGTCCGAAACTATTACCTAAAAGACGTCCGTTGTGACTCGCAGTAGCGGTGACGCGGGCATCAGACTCAAAAAGAGACAATTAAAACATGTAACCCGCCTCCACGGTAGTAACCGATATGCGCAATAGGAGTTGAATTGGACCTC,1886,48.99,Saccharomyces cerevisiae
SEQ_595176,CCGTGTGTCCTCATATAATACTCCTGTCCTTTCCTATGCAACCATATAGTTGTT,54,40.74,Arabidopsis thaliana
SEQ_225350,GGAACGGTAAAACGACGTCAGCTTGCGACATTTTAGGGCTCAACGTCCTTGTGCCACGGTCGTCAGCCGGCGACACCTCGCACTAGACAGCCTACGTTACTCGAACCCCTTAAAGACCCACATGGCTATTCCCCCGCATGGAGAGAATGTTTTCAACGACGACTTGTTAGATCCCGCGGCCTGAAGTGCAATACGGTGAAAGCTGATTGTACACTAGCAGAAGGTTGGGTAACTACCCAGGCGGTACAACTCACTTAGAGTATACGAGAATCCATTCCTATGGATGACTTGTGTGGAAACTGATGATCGTCTTGTTACACGCCTTCGGACCGGGGACCAGGTTGTACACTTCTTTTGCCCGTTGGAGAGATTGCTCCCACGGCGAGTTTTATTCCCTATATACTTGTGCAGCTATAATGCCACTCTTTTCCTAGTGTTTGGGGGGTCTAATAGGGAGTGTATATGAAATTTATCTGGACTATGCAATTATTGAGGCCGCGCCCCCCTCAGTGGCTCCCGGACATACATAGCGCGTTTCAACGATTATCACTGCTTACGTAATACCCATCCCTGCCGTCTTCACTGCCCACAAATTTATTCAGCTCGGGGTGCATTGAAGGAAGTAACGTCATGAGCCAATACGAGGCGCTTCTCTCGGGACGGGTCAGTTGCGACAGACTCCGGTTCGGTTTAGGCGTAGATTCCGGTCGGCGCGAGGATTTCAACACACACGATATGGAACCTGTACCACCTCGTGTGGCGACCCGTCCCCACCCCTCCTCATGGGGAATCCATGTAGCCCAGCAGGTGTGAGTGCCGCATAGAGTATCTAATACGGACGTCAGCTTTACTCCAACTGAAGTGGCCATTATGAGGATGTGGGTAATTGATTTACAATGCTTCTCTGGTTCTTCTTT,917,50.71,Mus musculus
SEQ_532002,CGTACCTTAAGTGCGCCGTTTGGCAAACAGAGGTAATGCAGAGCCTAGATCCGCTCATATCAGACATGACGGGAGGAAGGGGCTTTGTCGGTATGGAGAGAGAGCGATCTTAGCCACGTGGAAGCAATGTTATTCGTTCTGCACCACTACAAACGAAAGAGGTACTTTGCGACATTCTACTATAGGACTGAATTGCCATGGTTTGTCGTCGATCTTGGGTCGGATCAAAAACTGCAACGAGTGGTTTACGTAAGCACATTTCCACGGTGCTAAGTACGCTCCTTTCACTCTCATTACGCTTACGCCTATCTTACACAGTTTTTACATCGTCTGGCAACGCGACTGTAGACAGCGGCATCCCGGGAAGACAGTAATCCAGTTTATGGCTAAAGAGATGACAGAGACTGCTATCGAGATCGGTTGATCTATCTCACACTTATTGTCTCGTCGCATTTACCAAATTTTGCTATTATATCTAACGGCTAACAGAAAATGGCCGTGCGCAAGTGTTCTTAAGTACGCAGAGCGAACTCTGGCACTCCAGGGAAAATGTGCACATCAGCTCTCCTAACGAAAAAAGCCGTCCCCATTGGCTACGAAACCCCAGAGCTTTGAGCCAATAGAAGCAAAATAAGACCAGGGTGCCGTGATAGGGATAGATGTAACACTCGTTTCGATGTAAGCATCTCCTCAGGCCTGGACAAACCGAGTAACCAGTGTTTTGCTCCGAGACCTCCCGCGCGTTGACACGAAACATGATTGGTTATGTGAACCTGCTGAACTGGTACGTGCTAAGCAGCTGACGCTACACTTTGTCTATCATAAGCCGATGTCACGCGGCAACAATGGTGCATCTTGATCTCAGGCGCGATGGATGGTCACGAACTTTCGTGGAGGGAACGTGAATATACGAAGACAATAGGCCAGGGCACCAGGCGTCGTCAACTAAACATGGTGTCGAGAATAGGTCGACGGACTGGGTTCAGGTTCAGCGCTGCCCATGTATCCGATGTCCACAATAGAACCCCGTCCTAATCGTATAGCTATACTCGAGGGCGTACTCCATGAGAGAAATGTTCACCACCAGAAACTTATTTACATTTGAGAAAACCGCGCCCTAGTCCAATAGGCCTAAACTCTCTGCGGGTTTAACCGATACGCACTGACGGTCAATCCCATTTACTCTGTGCAGCTACTCCATTTTGAAAAACCACCTCGCTAGCCTAGTTCTGTACGCTCTAGAAGCACCGAACCACTATCGCTTTGGA,1268,48.34,Escherichia coli
SEQ_318541,ACGCTTCGTAGCTGTCGAAAGCGTACAGTATCAGACTGATTGATCCTCGATGTAGGATTTGAGTGCCGTACGCACTCATACAGTTCAGAGATGGGGCTTCATATTAGAGCGCGTCCGTAGAAGGATATGCAACCCCTTCTTAAGCGTTCCAAGTCATTCAGTGAATACGGAGACATCCCTAACACGGCGTGATATTAGTAGTGGGATCCGGGAATCGGGTGGTTCCATCCCGACGGAAATTACTGTATGCTCCCGGTTTTACAAAATTGCGAGTTCGGCAATACGGTGCCCCACATACTAAACATCCCATCAGGGATACGATCTCTAGGATGGTTTGCACTATTGTGTATGCTTATCAGAAGTGGGCCAGGCGTGCACGACTTTTGGTCGGCTTGTGCAGATATCGTCACTGAAACGTTGCGGTAGGGCTTCGAGCCATTGCAATATAAAGGAGATTCGGAAATTTGAGGACTTCAACAATGTGGGACTGGTTTTACGGCATCGCGATCGACCGTAGACATGCGTTAGCACCCTATTCGAAACCGCCCGAAAATGCCGCTTGCCTACAGCTTCTTGGCATCCTCAGGGCCTTCAGGACCTCTTAGGGGGAGTTGCCTACTTCTTATTTAAAAAGGTGGCAGAGGAACTCTTCGGGGGCGTTCCTGTCGGGTCCTTCCGATATAACTGGGCTGGTCATTTCCTGAAGGCTGGACGGCAGAAGACCACCACGAATGCACTGCCTTAGCTATTCAAACGCACGAACTGGACGGGCATACAGAGGGGAAAATGTTTGCTGTTATCCCTAGCTCACACTTCATAGGGGGATTTATCTACTAAGTTCAAGGAAAGATACATGCCGCGGGCGACGTCCCTTGTGGTTCTTCAAAGGAAGGGAACCTAGATATACCCACGCAATAGGTTGCTATATTTCCGTAGCGCGACATCGGCTCAGAAACTTGCACATATGCGAGAACACTCATAGATCCGGCCCCTATTCGAAGGGAGGATCGAGAGCTACGCGGTTAGAGCTTTAACTTAGAGATCACGCGACATGAGTGGGTAGGCGGATACCCCACACAATCCAATGATTTATTTCGCAACATTCGTCGGTTAATTTCTGGATCGTTCTCCTCTGACATGCTAAGGTGCGCCGCCGGGAAAGGTCTCGAACACTTTCAGCTTCACGCTTCTCACGTACATTGTTGGGAGTTAGTGGAGCATATACTCGGGTGTTGAACGCTGTATACGAGTCAGTCCGGCTATCACACTGGAAACAGAACTGCCGGTAGGAGATCGCCAGGCTCCGGACCCATGTGTAAGACTCAAAGTAAATCCTACAATGCTGGTTGTTGCAGACGTGCGCCAGAAAATTAAGCCCTGAAGGGGTAGTCATAGCTAGCTATAGAGGTAATAGACACGCGTAGACAAGTGACGAATGGCCGCTTCAGCGTCATCCCCAATTCCGTTTGACTTTAAGACCCCCACGGGTCAGTTGAAA,1498,49.73,Caenorhabditis elegans
SEQ_979398,ATCATTGTTATGTTCAGCATACAGATTCCAATACAGCGACGTCTCCTGTTCGAGGATATCTATGGCAAGAACACCCAGGCCGGCTATAATAGGCGAATCTGAGACAGATGAAACTGATTTGAAAACTACTGTCGAGCGCTG,141,44.68,Homo sapiens
SEQ_830456,TGCGTCAAAGATGGAAATATGTACATAGACCAGTACCTCTCCCCTCTGGCTAGAGCGAATTACCCACCGACTAACGCCCCTGATTAAGCGTAGGTTAAGACCCCTGTTACACCGATATCCGGAGGCGTGTGTACCGACCTAGAAAGGTAATTCCACCAGCGAGTGCGGCTGGGCTATCTTTCTATCCATTGCCACTGTGAATTGACCCCTAGATCCAGAGTTAGTAACCGTGTAAGCCTAGTACTCATTCTCCACCATTCTCCCTCCCAAATAATCACGCCCACGGCAAGACCCGTAGCCATTTCAGTGCACTGTGTACGCCAGCTTTGCTGCGACGAAGTCATGAGACGAATTATCACGGACCCACGAAGAGACATATACCTACCCGACACTTCCGTGAGTCGTAGTTGAGAAGACCAAGCCCCACGCGGAAGTATCTCAGAGCCCTGTTTTGTGAACGAAGTTACTGGGGGTTACAGGCACGCCTAGACGCATCGCTTCCTGTTCGTTACGTGCACCGGGAGCGTGTGGTTCATATTATCTTGTTAAGAGAAGAAGGGTATACGCAAAGACCACCGTCATAAAGTTGGAATTTTATGGGTCTATATGCGGCGCTTATCCAAACCCCGACCCGCCAACCAAGCATTCGTCGATATGCCAATCCCAGCCTTCGCATGATGTTTCCCCTTATCCACGAATCCCACTGAGACTTTCTTAATACCCTACGCTACGAATTGATTGGGCGTCAATTATCGCCCTGGAAACGCCAAACCGAGGGGGCCCCCTCACACCGAATCTTTAGGAACAACATATTCGGCGGTTAGCAACAATAGAGACAGACAACCGCGGAGAGGCGGTGACTGTCTCCACTTTCCGACAGATCTGTGAGTGGTACTTTAAGATGACGCCGCATGATCATTCACACTATTAACCTTGAACAAACGGACAACGTTCAAAGTAATACGTCGCGACCTCCGATACAACTCTTGTATAGGTCATTGTACCCAGGTCTGCTAGGTAACTCGTGACACGACAGCTAAGCCTGGGGCCGTTAAATGATCACGTTGGGTTCCCTCCCCTGTGAAAACGTCGGCGACCCCTCAAATTCTCCAGAATCCGGTGTTTATCTCTACGTC,1136,50.26,Mus musculus
SEQ_463496,GGTCCGGGTGTTGTCCTGCCTTAATTCCATTTATCTTCGACGACTTCCGCTTAGTACCTCCGTCGAAGCGTCCGTTGTCCCGGAGTGGCGAGAGTAGCATTGGGCGGCTTACTGCTTCTATCCGATTGCGGGGCGGCGGACTTGGTAAGCCACCATAGAAGGTTACTTACGGACGAGTTAAGATCTAATGACGAAATGTCTGGGCGTAAGAGGATAAGCGCTAAGCGGGGTTTGGTGTCTCCTAGTGGCTCATCTAGGTCGATACGCCATAGCAGTGTCGGAAATTGATATGGGCATCCTCCTTAGTTTCTGCACTCCTAAAGAGCTGAAGGAGCTTAGCAGCTCTTGCCAAATCACGACCGCGTTTAGAGGGGGTGCACTCAATCCGGCGGCTTGAATAAGTCCACATAACAGTCGAGGCGATGTATTTGACGCTACTTACCTACATTATATCCACGTCCCTCGCGGATGCCTATCCGCCCATCCGGGCAAACTTCACGTTTTTACCCTTAGGCGACCCCTCCAATGTGCATATGCGGCAATCCGAACCGCCATAAAGCTAATAATGAAATTCCAAACCCTGCCTACGTATACGCTCTGGCCCAGTCTTAAAATGCAAATATAACCAGTACCTCAGCCGTCGCATGAGATTGGACCGTCGGTTCGGGGTCGGGCGTAATCGTAATTCCACCCCACGTGCATGGATATATGGTGTCGGATCGTTACGTCGCACTAATTTAAAGCTTTCGTGGAACTGCAACTCTCACGGTCTCCCTGAGACGGCAGCGTTATAGATTAGCTGAACGGTACATATAATCGCCGAGTAGCACCATTAGTGTCCCTTCGCTCGAAGCGACCAGCAAGCACCGGCTTTGATCGAGGTGCAACCCAGAATGATCCACAAACGTTATGCTTTCGCTTGTGACGCTCGGCTTAATGCAAGCTCTAGATCGTTATTACGCCAAAATCTGTTCCG,976,50.92,Mus musculus
SEQ_663201,TGGAAAGCCTCTGACGGACCGGCTTTTTTACTACCAGCGTCGAGCCTATACGTTATACTCCACTACCCTCTCGTAATCAAGTCGGAGAGAACTCGGTCTGCAGTGGACTAGGCTACATAGAAGATCTTAACCTAACTGCGGCTATAACACTTAAGCCGCAATGCAAGCCTATTCTTTATATACGCCCATGTTGGAATTAACTCCGATGTCCCCTAACCCATTGCGCGTATCGTGGACTGCGGGATCCCAGTTGCGGGGCCCTGGAATATTTTCCTTTCCAGAACCTCTAGGGGCCTGAGACCGCGCTCAGGCCGTCCCCCTTGCAGGACCTGAATCTGCCCAGTCTTAAACAATGGGACCTCGGTCATCAGGACCGCAACGCGCTAAGCGTGAGGAATCACTGGCCACGACGACTGGCAGGCGGGCCAACGTAGGGGACCTGAGTGAAACGTGTTACTCAGCTAGGAGGCTGAAGGAGATCCTGCACGTGTTGCAGGCGAGTTTATTTGCGGACCAAGACTACCTGCGATCCCTCTGCCCAACCAGGCTCGAAAAGCGTAGACCGGTATCCCAGACTATGACCTTGGGAATATCGATAGCTTGTCCTTCATAGTGAGCGTAATCTAGTACTCGGTCGTATAACCACTCAAGGTGCTCCACAGAAGGAGTAGAGACTAGGTCTCTACCGTATTCGACCCCGTATTCGTTGCCATACGCCTGTACGGCGCGCCGATTTCGGCTAAGCGCACATCTCTCATAAAGCGAATTTCCAAAACCTATCATTGCCGCTTTCCTGTGAGTCCTAGATGGTTTACACGCCAACCATGCTTTCTTACATTTGGACTTCGATTCGTCATACTTCAGAAGGGACATCTAGCTACTCAGCCCGACTCACTCACTACACGAACGAACCAATAGTTAGCTGCCCAGACTTTGTCCTTCTGTTACACATCCACTGGCCCCATCCATTTAAGAAGGAGACGTCGACACCGCTTCCATTATTTATACAGGAGACAGGTGCTGATGACTGTTCGCGCCATCCAGGAGCCCAGTAGGGGGGTCAGACCTTCTAACCCCAGCTCGGGCCCTTAACTATATGAAGATCCGCACGATCCCAGCCGGAATGGTGATTCTCCTAACTTAACCCCAGGTTCAAAAGACGAAGCAACGATCCTATTCCTTGAGGAACGCTAGGACTTTCTTGGTGTCGACAACGAGCATAATTACGTAACCAATATATGGAGGATGTGGGATATGCAACCGGGGTGATGTCTCCGGTAGCAATCGTACGAGAGAGAGATTGGCGCGTCTGCCGCGCACCTCAATCACGTAAGCGCTCGGGATTCGGGTCCTCGCGTGAAGGGTCGAAGACGAATGCTCATAAAAGTGCCAATACGGCATCTATCCTTCTGGAGGTCATCAATTAAATCGGGCAGGCTTAACGTAAGACCAACCTAACACATTCACCTCTAGCTCTATTGCCTAGCCCTTCGTCAAATGAGGTATCCAACATGGCGTTCCGAGCGGTTGGGGTACGAACTTTCGACCAGCTTACATAGGCGGATAAGATCCTTAGGACTCTGGGGGTGATGGCCATCATGTAAACCGTCTAGTTGTGAAATTATACAATTTTGTCCAAGAGATAAGTTCTGTTTTAGTCGAATTTGACCTATGAGTTATCGGCAGCTTGACTTCCCTATATCAATACCCACTCTTCTGGAGATCACAGTTTGTTCCTTGGTGTGTGACCACACTTAGATGCTCCGGCGGCGAGAAATTAGTACCCTAACCAACTTTCGAAGGGGGGCAATTCGAGTGAAC,1821,50.47,Saccharomyces cerevisiae
SEQ_197933,CGTCGGAGGATTTACAACCATGGGTAATTACCCTCCATCAGAACTAGCCAGTATTCACCATATGCAGTCATTCGTTCCGCGTTAGGTACTCCGCGTAAGGCAGAAATCTATGACGGATGTACTTAAATAAAGATGTGAAGGAGACTCTACCCGAAGGAGCCCTTGCCAGATTGATTAGTCGCTGGAATTCAAACTCATAGCCCAGGAACGGGTATAACTGCGACACAAGGCCTGCTAGGCCCGTCTCGGGCGATATACAGTTAGGTGCTTCGACTTCGTAGATATCCTAAGTTGATCATTCAGCCAGGTCTGGGGAATGTACATACGGCTAGTGACGTAGCCTCACAAGTAATTGATCTCTACTTGTATGCATGGTATGAACCGACGAGACCACATCTCTTAGGGTATGCCAGCTTTAATCAGCGACGCCCCTAACCAGCCGATCCTCAGCACTAGCGATATGAAAAACAAGTTTCGGGTATGATCTCTGCACCCCTTTAGAGCAGCGCATTGTGATTAAGGTTACTACTCTCCCGGAAACTAATGTCGTGGCCGCGTGTAACGCAGTTTCTGCTACGTCTTGCATGGTGCTAACCTTTCCACTCTACTTGACCTCGACCTGGCCCTGGAACGCTTCTTGTAGATGACTGCCAAGAGATTACTGATAGCCACCTACTGTCAAGGATACCGAGACGACTGCAGAAGACGTCACCCAAATCGTTTAGCGAGAGCGCTATCCCTCTGATGTTCTATCGGGGTCGTCAGGATTGGTACAGATGTTAATGAACAATCCCAACGGATGTGACTCGAGCTGAACACGGTAAATATCTGAGACACGGCAACGCAGGTCGTGTGAGGCCTCGCTATCCAGCAAGATTAAAGCTCCCGTTGCCAACCTTACAGCACTCTCATGCCTATCTCCAGCGGCTAATAACGCAGAAGTTTGGTTTACGAAATATTCTATGAATAGCTCATCTTGCCACGGTCGAGCATATCGTCAATACATAACTTTATGGCCGTTCAATTCGAACCGTCTACTGCACGGTTTATACCATAAGTAGAAGGTACGATTGGGAAGTACGCAGTTGGGGCACGAACGACGTTTCACCCAACCGTACAGACACGATGAATGTTGTTAACGGGATCCAAGGTCGATGTCAATTAGATTTTTTCGCCCGTGTCAATCACTACCGCCCTAGAACCCAGGAATGAACTCTATTGAAAGGTCACTAAGGCTTTTACAACAAACCGGGACAGGCGGAGAGGGTTTTGTGCGTCTTCATCACCTGTTGATTTCCGGTAGTTTAGAACTACGACCTCGCAAAGGCACGGCCGTTGGAGATAGCAGTGACTTTTCTAGCGCGAACTGACCGCTACTGCTTGCCCTGAACGATCCAGTTTATACCGTTTGTTGTATCTGTTCATAATCCCACGGTCCACTGTGAATTGACCCAATTAGCAACCGAACGACATTTCAGCCGGGTAGGTAATCTGTATCTCGAAATGACCCAGACCGCTTAAACGAACACTGTGTAGTATTATACCAGACTCACATAGACATTAGTTTAAAATCTTTTCTCTCGCTATAATCACGGGGGCCTGACCACATTATGAATAGGAGAATTAACTAAGCGCCATAATCTTAGCAGTGCATCCTACCCGTTCTGCTGAGACCTCATTGTCAATAGGGTGAAACATAAATCAACGCGTTCGGCCCGACGCTGAGAACACGTTCGTGACGATCCTAGAAGCTACCTAGTTAATAATCTTACCAAATTATAGAAGCTCCTTCGGTTCTAGCATTAACTGCCTTCTATATAACTGCACCATAGTCCTTATCAAGTTGCCCTCTTCTAATATGCCACACCGAAAGTTCTGCTGTTCTACCATTATCTGCT,1898,46.89,Mus musculus
SEQ_986018,GTGTACTGGTGACATATAAAAGATCTATCTTAACGCAGCCTAGCTGCATTCTGGATTCTCGACCCATCGGTTGAACTTATTCTTGCAGCAATGTCGTAGCAACGAGTGAGGTCAGCACGCATTCACGAGTGACGCAAGATGTACGGTGATCTTGTAAGTCAGTCAGGGAACCGTAGCAAACGCTCCGTTAACTGGGATTGTACATTGCGGTAAGACGGTACGGGTAAGATCATACTAGTCCGACCAGGCTCGTTTTAGAGTGCGACTCATGGGCAATTGGTAGCAAGATAGGCATGATCCTCGTTACGTAAATACCTTTCCCTTGACTAGGTCCGTCATCTCTGTGATGTGAAACGATGGACACTGCAGGTGGTCTTTTCCATCCTCCATTCCTCCTATCCACTTAGACCCATGTCTAGGTGGAACTCCAGTACTGCCGAATATAAGATCGGCTGGCGGGCAGACGTCCTCTCTTGGTCCTAGGCGCAACGTGTCACTCCTTTATGACCCATTTGTGACGTCGGCGTCCCAGGCAGGTCCATAAGCGTATGCGAGAAGTCGGTGTCTGCTCTATAATACCCTGTTAGGAGCGCGTGCTGGAGGACCGTTTAGTCTGAACTTGCGTCAAACGTTTAGCATATCTTAGGAGAAGTAAGTCTCGCAGTACCACTGTTCCTCCATAAGTGTGTGAAACATCATACAGAATCCCCATTGCGCTTCACCCTCTTTGTCTCTGTGCTGAAACAAGAAACCGTGACTGGACGGGCTTTAATCACTTAGCTCCGTTTCTAGGCGACTAAGCTACCCTGAATGGCAACAGCTCGACTCCACTATCTGAGAACCGCCAGACTCAACGACATGACTTGACTGTATCAGCCAGACCCCTACCCCTTGAAGAACATACAATAGCGTAGTTGCCTATGTGCAGGAACACATACTGCGCCCATACCAGCATGCGTGACTATCCTCTCATTGACCCCCTTTTACGGCCTGCGATTGTCATATCCAACTTCCGGTAGATGGAGCCGCTCTGGAGCATGGGTGCTCAATGCTCGGTGGAAATCCCCCCAGACTCGCGTTGCCTTGACTTGCAGCTCGTCAGAAATGGCCATGACGAGGGTACTAAGATGGTGTGCTACCTTGCCTAGAGCTTACCCTGAATCATGGACAGGCACACGATCACTTGTAATGTTCTGCTTAGGCTCATACACCATGTTGGCTACGGGAGCACAGGAGGCACGCAAGCTCTCTAAGCTTAGCATCTTGAATTTATCTTATAGTATTCGGCGGGCACTTTAGGTGCCTTGGCGCTGGCTTTGAGCATAGAATTAGTGCGCTTTCGTCAGCCCACATGCCGCCTGGCGCGCCTCCGTACGAATGTGTTCCGCCGTAGTTTGTCTGGTGCCCTCAAGCTCATTGTGCGAGTTATGCCGGGGGTATCTAGACCAAACTCTCGACGCGAGCCATATAAGTACCACGTCAACGATAATGTACAGCGAACTCGAATTATCTGGCCTTCCAGTGTTCGAGGCGGGGTATACGGGGTCAGGCTCCCT,1556,50.84,Caenorhabditis elegans
SEQ_696627,GTGTGATATAGAGTTGCTGAAAACGAAGGAACGACTCCCATGCGAAGATTACGTGCGATTTTATCGACCGGACTTATTGCTAGGCCGAGGAACAGCGTAAGTTGTATAGACGAGCCCATGTGAGATCGATAAGTCCCCGCGGATCCAACGCCAATCCGTAGTGTTTTCTGGATTACAAATGAGTACCGGCATATTCTGGTGAGAACGCGCGGCGACTCGGGAGGCAACGTCCAAAAACTGGGCCACATTTCTTCGGGTGCTGAGCCTTAAGGCAGCCTCAGGGCGCGGCCGACGAATATGCACAAATGGACTCACTATAGCACTACTGGGGGGCTACTTTTAACAGTTCTCACATGCCATTCCGACGCTCCTGTGAGTACTTACGATATAAGGGGTATATGGAGTGATTCAACTGGTCCCCGCACAAGCCTCCTTACGATCAAGCATCCCATGGGGTAAGAGTCAGATTTGCAACGGCTGATGTCGATAGGCTTAAATCACGACCTAAGCGGGATAAGGTGTTTGTTGGTCGGACAAATGCGGGCGCTTTCGCAGGGTAGATCATGTGAAGAGGGGCTGGAATTTTCTTCCCGGTCAGTCTGAGGCACCAATCTGCCCGGTGATATGGACCAGAAATCAAGACGGCAGGGTAACAGTCTGCGGGAACCCGTAGAATGGATGTATACTCAATCTGCCCATAGTAATTTGTATCAGGCCTTGTATCTCAGGAACTTCCTAGATCGCCATCTTGGTTATAATAGCCTGACTGCAATCGAGGATCGCCTAGGAGGCAGGTAATGGTGTCCTATGACGAAAAGGCTCTACTCGAGGTTTAATAAAGTGGCGTACTTCCTAGTGCCAACTTCG,867,50.06,Escherichia coli
SEQ_328561,CAGATACGACAAAGGACCCGGACGCGCACCATGACGAGTTGGATCGCCTGGAGAGTACATCACGATCAGCTTCTAATGAAGCGTAAGAGGAAGGAG,96,53.12,Caenorhabditis elegans
SEQ_866501,CGGTCGTTGAAATAAACAGAATGATTTAACACGCGATACGCCAGATGCATTCACCACACAATCTGAATGAACGAGAAAACCTCTAGCGAGGTGAGCCAGCACCACTGTATATTTTGCGAGTATAAGAGTACTCAGGTGGGCGCTATCAAAAGGGCGCCTTGACCGGTGGCATACAACCTGCGACGGCCTGGGACAGCAGCGTGGGTGGATTATGATGCGCTGTCCAAAACACCTGGGTAGAACAGTCACAAACCCCCGCTCCATACTATCTTTAGTGCACTTCGGGATAATCCTTTGCCGAAAGCCACTTCTGATAAGTCCGGGTTGTTGGATGAGGTTGGAAGGACAACGGCTTACCCTAGTTCGAATTGTAGCTTATAACTCAAGCATCGTGAAGAAAAAGCAGCCGGCGAAGCGTCAGCTGCGCTTCAAGGAGCCTGTAATAACCCGCGTCTCCAAACACTGCCAGGAACTGTATCCTCGGCCAATCATGCCTGTGTTGGTGCACGCGTTGACCGAAATGCCCCTCCTGCCAGAAGAAGACTGTACTGCGAGTACGCGGCGGAGAAGACTATTACGCGGAATAGCAGCACCCCTGGTCGTCGGTGCCTACCCAAAAGCGAATTGCCGCTATCTCAGGAAGCACTACCCACTTACAGTGCTGAGTGATTATCACCCTCGAGACATACGCTCATCGTCTCATGCCCGGGCGGTATATTTGTTATTATAAGCGGGGCTCGTGGTTAGGATCACTCGCGTCGAC,763,51.9,Drosophila melanogaster
SEQ_855998,ACCTTAACTGGGGATAGTACAAACTTGAGCGCACTTTAGGCAGAGCTGAGCTTATAAATTAATCGAGACTATGTGTAATGGTATCAACAGACTTTCGCTACAGTCAGTGTGGGTCTATCTCTGGCAACCACTTCTCACGCTTATAGACCCTATAATCAGCATTGTGCGGTATATCGCCCTAACTCGACATACAACAATACTGCCCGAGTACATTAATGTAGAAAACTCCACCAGAACGTATTCACAACACAATACGTTACTAAATGCGTCTTGAACATGGGACATTCTCGAACGCGTCCGGCAGAAGAAGATGCATCTGGAGAAGGAGTCTCACTTTCTTAAATCCCAAGCTGGTTTCTGTTTCTGCTGACACGGTTACTGGAACGGATTCACACCCCCGGTCTACAGGCAGCTGGCCCTAGTGGAGATTATTGTACTAGGGGGGTAGACGAGGATTTCACATATGCAACGCGCAATCCTACGCAGAAGATAATTACCGTAATTTAAGTGACGGGATATACAACTTCTGCAGTAGATCAGGTACTTATCGGTTGAAAAGTTTTCGACATGTCGACAACTAGAGTCATCAGTCCTCTATAGCGCATTGAGTCTCGGAAGGGCCGAAGCCCTGGCACGTAGCGGCGTTGCCTAAGGCACGCTGCATTACTGCCGAGCCGAGAAAGGCATCATACCAGCCTCGTCGTAGGTTAGCGCATATTCGAGCGTTTCTCGCCTTTAGTATTAATTACAGTATATCGCACTTTCCACAGTCTTTCTAAGCCCCCATCCGGAAAGGCTAATGTGTGGTCCCTGTATTCTGGACTAGTGCAGAGCAAATTATTCTCGTCAGACTCAGGCCATAGTAAAAGTACATTGCTTCTCGAATCGATGCTTTTTTTGTCGCTAAAAGTTGAACCATGCTAAACGGAGTCGACCCCGGGGTATAGCGGTATCTTTGACGGACCGTCCTCCGTATATCATTATGAGCGCGGCGTGAGACGAAACCCGGATGTTGCTAGAGATTGCTGGCCTAAAACTTTGAGGCCGATTGTCCTAGTGGGAATCCACTTACCCTCACGAATTGATGGAGGGGGTCGTCATCTTTC,1106,47.11,Drosophila melanogaster
SEQ_835529,GGGGACCAATGAATTGAAATAACTTACAGGCAATACTTACCAGTAGGCCTAATTGTTTTAACGCTGTTCTGATCCATGATGGCGGCGAGACAGGGTCGAAAAAGACACCACGAATTCGATGCCAGTTTCGACTAGCTAAGTATGGCATTACTATGCGATTTCCACCACTGGGTACACGCATTACTAAAGGTAGCGAATGGTGAGGGGGCCGTCCACTGTACAGGTTCCCCCGGAGTGCACCCCAGATGTTCA,252,48.81,Saccharomyces cerevisiae
SEQ_266878,GCCACTCACCAAGGCGGGTTGCCTTAGGTGCTAGGTAATAAGTAGAAATCGCGGGTAGCAGCGACTTGCGAGGACGGCCGGTGTAATAAATGCCCCTCTAACGGACAATGGCGGAACGGGTATCTCGTGTCGAGGCATCCGCGGTTGTTGTGCTACGTATTCGGGCCGTGTCCGCGATATGTTTGCCCCAAAAAGGTTCCTTAACTGGACTACCTACCCTTTCTGTCAAGGCAAGGTCCCTCATTAAGGAGAGAGTTGGTCTCTCCTTATTCACGCTCTCTTGATGATTACCGGTACTTGGAGCGGTCCTCTGCCAGTCTATAGGGACGAGGTACGTTCACACCTAAATCTGATTTTCGGAAGGCGGATCTGGCTCAGCCGCATCTAGGTACTCGCCTGATATTGAATTACGCCCAGGGTATGGATGATGTTATTGAATTGTAAGAGGTAATCATACAGAGGCTAGGGCTAAGTCGGTATGATATTCGTCGCAAAACAGAGATAGCTCAGTTCGATGTAAAATAGCGAGGAGCAAGCCCCGGGCAATTAATCCAGGTTGGCCGTGGGGACAATCAGTACACATATAACCACGTTCTGTGCTAAGTTACAATCCATCGATCTAATCCGTCGGTTAGTCCCTTTGTGTTCGGACTGAAGGCATAAGTTAGCAAGAATACATTTAGGGCGAAAAATGGGACAACCCTGCAAGGACTTCTTCTAGCCCGATCCTTTGCCTTTAAAACAGGACCTGTCTATTATAGAAGGCTAATATTGTCACAGTGTCCAAGACGTCCGGTGGCTAGTCTTCTATCCCCCTACAGTTGGGAAGCAATTTAGGGAGCTGTAGAGCTTATAAAGTCGATACTTAAGAAATTCAATTCAGAGGTCAGAGTCACGCCTTGACGACGTAAGTGTTTTGATGAAGACGGCGGGAATATAAGATGCTTATATCTTGAGTTGGCCACCATGTGAAGGCGGTACTCAACTTGAAGTGCAGCTGTCGGGTTGTCTGATGGTAAGGCGGTGGGAACTACCACAGAGAGCATTACAGTGTGGATTGGCGACACGCAATAGCCAGCGGTGATCCAGATCGCGACCAACGTTGACTGGGTAAGTGAGAAAGGGATCTCCCTGACCCTAAGCGACTAAAAGTAAAAGATCTGCGTGACCCCCGAGGTTTGCTCTACAAATTCTGACTAAGAGGCGAACGTTCAAAAATTAAGCTGTGAATTGGCGTCACCGAAGAGACAATCATTGACCATGTAGATCGAAATGGGAACCACTGCCACACGATCTGAGAGAGGC,1305,48.43,Escherichia coli
SEQ_668629,TAAGTTACGCACGACTGCTCACTTAGCAGGATGCTAGCCGAGTCCGAAAAAGCTGTATTCCGCGGCCCTAGTCTGGAGATTCCCTAGTTTCAGAAAGGTTACCGTACAGCTAACGTTGGGTTCGGTAAATCGATCTGGGCACTTTCGGACGGATAGCCCGGGGTAACAATTTGGGTTTAGATAGGGAGGCATTTCATAATCAGGTGTAACATTTGTCGTTTGTTATTTAGGATGGCACCGCGCCAAGGCTGGGCTAACAGCAGACGCATATGCGGAGGATTGATAAGCATAACACTTACAAAAGAGGTTACAACTTGCTGAAGTTGGACTTTACGGCCATGCCCCTGCCATAATCGGTACTTTGGGCCGCAGGTGACTTTTTCAACGGGCCG,392,49.23,Drosophila melanogaster
SEQ_318747,CTGCAGTAGCAATCTACGGACCATGTTGCAGGACTATCCGTCCAGTAAGGTGTATGTCTTCGTCGAACTCTCACCTTGTTATAGGTAGGGCGAGATGGCACGGCACGTTGGCACCGTATTCCCGGACATCAGCGTGCAATCCGCGAGCGGGATGATCCGGCCAGGGGTTCCAGGGTATAGTAACGGCTTGACAATATTCTGAAATCACACTGAAAGAATTCACTCTGAGCGTCCAAGTCTCTTCGCCAAGACTTTACGGCCTCGAATACGTGGCATCTGGACGCTAAAAGTAGTGCCAGGTATTGGATGAGTACTCATGATCAGTCAGTACATGTCGTGAACGGGTGCGAGTAACACTCTGTGCACGAGTGCCATTTCTTGATGCACTGGTCGACGCTTACCATGCGTGAGAAGGGGTATTCGCGCTTCGGCTATCGAGTGGGTAGGACGCGGGTGGCTATCCACCGCAAGGTTAGCTTATTGTTTCGTCCTTCGACGGCCTACTGCTTGGGAGACAACGAGCCGAATACCCTAAAGTGGGTATAAAAAAAACGAACGTGAACAGAACTCTAACTTGGGGAGAAGAAGCCCCCGGGCAGCTGGCCCTTACGCCACAGACTCAGATTGACCGCTGTTATTTTGAGTTGACCGCAGTCAGGCTAGTAAGGATTAGCGCACGAAAGGATTCTAACCCGACAATCATGCGATAGCGCGTCATTAGCTACAATGCTCGAACGGTCGGCTTAGCCAGCGCTCGTACTGATTCCGGCTGCGTCGTAGACGGGATGTCCCTTCAACTTTATCATGCGTTCCTAGGCTTGTTGCTGGTTCGGTCCCACCCAGTATTCGTACAAACGGCGTAGCGCGCTCTGCTGCTTCACCTCAGGCATCATATTTAAGGGCGCGAACGCGTGGGCAGTCAGGATACTGCTCGACTGGTGCGCATCGAGTGCTAGCTACCCCTCAGGACGAGACGGTTTGGTGTCTATAAAGCGCTATACGCCGACTCGTGCACAGGCCGATTGGGACCGGGATCAGATGCAACCAC,1048,53.34,Saccharomyces cerevisiae
SEQ_776412,CGGGTGTAATGGCAGTGCCCCCGCCGCACCTTGGTCTGGAATCTTTCCCTGTTCCCAAGAGCATATGGCGCGATCGCTAAAGTGGAAGGTGATAGGTACTAGCCCGACGTAACCACACTGACGCGCTCAATTTCGGAACCAAGGTCAGTCTTCAGTGCCTTAGGATCACAAGACAAGCCTCATACATGGGTTAGCTGTGTACAGGCACGGCGATCTACGGTAACCCCCCGAATAGAATGAGCTGCTTAGCAGACCTACAAATTAGGACGAACGCGATTCAGTTTATGCTCATGAAAGTAACTGAACCGACGTGGAATATCGCTACGAAGAGAAAGTACCACTGCATACCGGAGAACTATTAATCGTTTCCGGTAGAATGGGATATTCCAAAGCTGCTCAGCGCCCTGCCCTTTACGTAGTCTGAACCTCCTGGTCATTCCCTTAGCGCCAGCTTACATTGTCGATCACGTACGTCGGTCTAAACCGCTTTGGGGGAAGTAATAATGGAATCTTACTCGTACTGCCGAATTCCATAGTCGGGGATATAAAAGCACTGGCTTGCAACTCTCTGTCAACCCACCGGTCCGCCAGATAGTTA,598,50.17,Homo sapiens
SEQ_607159,CTTGAACCCCCAATAGAAGATTGCAAACCGGGAGCAGTAGCATCACACCGATTGGACAACCATCTCTGTGCATTTAGTTGAAAGAGGCCCCTCCCGAGCTCAAGTGAGAACCGTTATTTCTCGAGATGAACGAGCCCGTTCAGACTTTTCAATAATTTCCGCGTGACGTGAGCTGGACTCACACCGTTTCCTTAATTCAGCAGACCCGGACTTGTCCGTCAACGAAATCAGATGCTCTAATCTAGACCCCGACCGTGTACCCAGCCACGTATAGTCTAGCGGTCTCTTAGCTGGGATTAACACCGTCCGGGAACCATGACATACGAGCTTGGGATAGAGTGGACTGAGTGTGTCCCCTAGTTTGAGGGATATAATGTGATCAGATCTTGTGTCATCATGGAATAGACGTAGTACCTTCAGCACTCCCCCGAATATGACAGCCCAAGTAGCTTGGGCGCTCGACCGTTAGTTCCATTCAAAGGCATCCCGATTCCATGTGCTCCAGCTTCCTGTATACTGAAGGCCGTTGCCATCATGTGTGTTTGACTTACTCCGTATCGATGAAGCGGACGCTTCGGTGTCGGATGCAGATTGCCAGTTGCGTCGCTACTGCGAGAAGGGTTTAGATGTCTTACACGCCCGGCGTACCGAGCCACAAAAATTCTAAGATGGTGGACGTAACGTAAGGAAACTTGGAGACCTACCTCACCAGCCTGGCGGACCACAAGAGGTATGAGTTACAAGCCAGCTTCGCCAGAGTGATTGCCCGCTAACAGCGTATCTTTTACTTCCAATATCGTGGGAACCACTCACATTTATGGCTCGAAGCGCCTCAAGTTAACTAGGTTTAATCCAATAGAAGTTACTGAGCTGAAAAGTTTCTAACCCCTACTGGCGTCAGGATTCTAGCGTTCTATGAACGAATCGGGTAAATACACGCTCTAATGCCACGATCAGGCTTCTAAACCCGAGTCATAATCAATGTACACACGTAGGGTCACCACAAGCACAGTGGAAGGAGCAAACCGCCCTAAGTCCCTCTGCTGAGAAAATGAGTGGCTACTCCTTATTATGGCCACTTAAATGCTGGGGTCTGGACTAAGCCGAGCGAAGAGCCCCAGCCTCGAGCGCGCCACATTCCCGTAGCTAGCAGTAAGT,1158,50.0,Escherichia coli
SEQ_497274,TTACCCCAAAACCACTTGCTCGACGGCCCTGGAGCGGATAACAGTGCTCTAAGCTGACATGCTAACTGTCTCCTGTCACATAGTAGTATCGCATAGCGTAGTTATTGCGTGCTATCTAATTGATACATCGCGAGTATGCACCCACGCGAAGTACTCACGCTATTATGTTATCGAGGTCCCGCGCCTGCCAAGCTCTCCGTACCAGCGTATCGGCGATTTCGATGAGTATAGACACCTCGCTCCGACGGATTCGCATATCTCGCCGTTCCCCCAAAATCATCGCTACTTCTTAGCCGTTCTCAGCAGTAGGGATATCGGTCGCCCTACACTCAGGCCTCCACTTCAAACGAGACGTCGGGCAGTGTGACCCTTAAGGTATTATATTCGTCACAGAGAATTATACTGTAGTGGACACTAATGGCTGTTCCTACTTACTGCCCGGGTCAAATGCTGCCGCCGAAACGGTAACCTCCCCACCCGGCTATCCGGATCTATTAGTGCATGGGAAGATTCGTACTACTTTTTCATACCTTTGCAGAAGCCCCGGTACCCAACCCGGAGTGATGTATAATGCGCATACGTGCGGTTCTATCCTTAGGAACCAACCGATATAACCCCTCCATGGGGGACGGCCCATTATTCCTTTACAGATGTGTTGGTTGGTTTGTCGCTCGCAATTCTACGTAACTCACGTAGGATACAGGATCGAGCCTAACCACAAGTACCTAGGCTCGACGTTGATAGCTACATCTGTACATACAATGTGGCAGGGACCAGTTTTAAGCAAGTGTCCTGGAAGCGGACGCCACTCTACTCCAGTTTGGCGTAGGTGTGAAGACAGCCCAGTTTGATCCGCAGTATTCCGTAAGGGACGTGACTCGGCAATGCTAGATATGGTGAGAATTCAGGCAACGTACACCCTGCGGCCTCGGTGTTAACCTCAGCGGCTGGCCGTGTGCGTTACAGCGCCACTTATAGGGAGCTAGATGTAAACA,995,51.06,Mus musculus
SEQ_645159,CAATTTCAGGAGAAATTTCAAAGGACGGGGCGAGCGTAGTGCCCCCCAGTTTGGGACTCCGCACGCACTAAGACTTGGGCCACGCGAGCCGCATTTGTGGACAGAGCCCACGGATGGGGTACAGCATCACTTAGGCCTCCTCTTCCGACCCGCGTACCATACTTGTCAACATAACTTACTCACCTGATAAGTGAGCATATCGAACATCAATATGTCCACTGCTCGACCGACAGTGGTACTGCTCGATGTCGACTGATTTATATTGTGTGTCGGGTAGTTTGTAGGCAAAGCTGCAAGGGTTAACTATCCACTGTATTATGGGGGCGTCCGGATATGAGGTATCTAAGGTTTGGGGTTCTCGCCGGACCATAGTAGTCCAAACGATCCTTTTTTGCAAGATGGGTGGATCAAGACGTGTATGGTAACAACTTGAGATTCTCGTGATTCACATATACTTGTAAACACACAATGTTGTACTCTCTACACAAGTGTAGTCTTTGGCGCCCAACGGGTATGAGACGCAAACGAACTTTGCTCACAAATGACAGGAGCGGTTGTCGAGTAGTGTGCGACGAAGTTACGGCTACCCCATACCACCCGCCATTGGCGGTTGGCCATTCGTCGACCCCGTCCAATGTTCAGAATCCCGTGTCGCAGGGGAGGCGTGCGACAGAACGTCGCTCCAGTGACCTGACACTGTCCTCCGCTCCAGTTCACATAGCCGATTAACGCTTAAGATAGACACGTGGTCATACCCGATCGTACACTGCTATGAGTACCGCTACGATGTTCTCAGTGCGGAGCTACAAAGTTAAATTTAAATGCCCAAGACGCTGCGCGAAATATACATGGGGGAGCATAACGTCTGTCGAGAAAAGGTTAGTTACAAAATCGATAGATGAGTAGTGACGTAAACACGTGGATCCTGGCCATTAAACAGAC,942,49.79,Mus musculus
SEQ_413916,TCAGAGCGACATTCGAGGGCCAATGTTTCGTTCTCCCAAATCACCACGATCAGTGACTAGTTCGCGATGCCAAGAATCATCGATCGTGCAGCCCTAACCGTCGCACCACGCTTGTAGGACGCGGCAGCCCCAGCACATCATGTGCTAAGTAGATGAATTACTTGCGACCGGGCAAGTAAACGCTACCGTTGCGAAACGACAGATACCCATAACGCGCAGTTCTCGTAACATAAGAGTGCCTCGCTAAACCTTGACCCCCCTAACATGCAAATATAGGCCGTATGAGCTGTTACGGCATTGTTGCGTCTCGGTAGGCGAATGCTCTAATTATAGCCTTCCTGGATGGTTGTAAGTTCGAGTAGACGTATCGATTCCAGGAACGTAGAGAGAATTCACCCAATGGCGCTCAGTTTCCATGTCCGTTCTACCCAGTCAAACAGCAAAATAGATAGTCCGCAGCGTACCTTATTGTCTGAGGCCCGCTCGATCGGTGGAACCATGGTCTGCACCATAGTCTCGGAAGGTCCGTGGCGGAGGTTGTACCCGGACAGATGTACTTGCCATCGACATGGTTTACGCCCTCCGGCATTGTTATAAACTGGCTGTACTCCTGACATGTGGGGCGCCGGGAATTTCATTTCCATGTCATAGATGAAGCGGGAGTTGTCTGTGGTGGATGTCATGACTAGGAGCTACCGGATTAAATGTATTCCATATTGTCACCCGCAAACCCGTGGCCCAACCTTGTCGGGACATGGCGCATTGTAGTGGAGGTCGCTTTCTCGGAATGTTGATATATGTTCGACGATAATGGTCTAGTACCTGAGCACCTGACATTTCGGAGCTGTACGCATGTTTCATGCATGGAAGTTATAAATTCAATACGCTATACACGCTAGCATGTTGGCACTACAGGCCGTTCGGAGTCCCTGAGGTCTAGGGGTTAAACGACTGAACTGGGCTCGTGACGAAGATGTTTTCGACCAAAGACCGCCTATTGATTCAGCACAGCAATACCACGCCTGACTCCTTTGGACACTGCTCATGAGCGATAACCGTACCCAGTGCGTAGTCTTTTATGGCAATGCTGGTGAGCGAATGAAAGCCCTTCGGCCACCGACGACACTTCATGGACGGGCTGACCACACAGACGGTGTTTGACGGCTGCACCAGCTGATCCCGCTATGACGACCATATCCTGACACGCTGTCAGATTACCCAACGTATCACTAGGCGGCACCGATTGGACTCCGCAGTCCCAAGGTCAGCGAACACTACGACGATTATGTGTAGCGTAAGAGTGGAACTCTCTAACTCGACCGTAAGT,1327,51.17,Homo sapiens
SEQ_457913,ATCGATTAACTCGTTCACAGGTACAGTTGTCGTAACAGTATGCCAATAACAGGACCAATTCTCTGAGCAGAAAAGACGTTAGACGCTACCCTGCCGCCGGGTAAGAGGAAATAAAATCATACGCAGCAATCGACTTTCCTCGGCTGTCATGTTGTCAATCTTGACATTGGCGATTCCGAGACCCTCATGTCTTCAGTCCGTGTACCATTGCCTGGAGAAACGTGTCTACTACGTGACCAGAAGGCAGTAATCCGCGGCGCTGCATGGTTCAAATTATCCAAAGTATCTAGCGCTATCCCAATCGACAAGAGTACCTCCGCGGGGTGGTCTACCATAACGGCGTGAGATGGACAGAGCTCATCGCCAATGATTCTTGGGTTAGGGTGTCCTTCGATACTGGATTTTAAAATCGATCTTGCAACTTAATGAACCATGATTCCCG,442,47.74,Drosophila melanogaster
SEQ_959392,CTGTTCTGTCATTGGGGGACTTTTTCAATGTCACTACTAGCTTACAGGTCGTTTTGAAACAATTCCTAGCCTATTGGCTGCCTGGGTGTTTTGGTTTTAAACATGTGACTAAGTCAAGACTCAGTAGAAGAAAACATGCCTTCTCAGAGCATAGTGTTAGACTGTTTTCGCGGTATATTAATGCTTACGTTTCCCCTCAGGACATATGGCTCTTCTTATGTGTGATTTGGGTCTCTGTGCTTACGTGAGGAGGTAAGTCGCGCGCGCTCCTGTGCCCGTAAACGATTGTGCCCCCGCACCGTAAAGCG,308,46.43,Drosophila melanogaster
SEQ_570550,TGACTTCGGTATCGGAACCCGGAGGCGCCCAGAGCGTGGTCTGACGGAATACCCTATTGTGCAACAGGCGACCAATCGATACCGAGCATCTATTCTACCAATCTGACCAGCTACGCTGAAACAGACTCCCGAGCTGAACATTAACAATTTCAAAGAAAGGGATCCCGCAGTATAGGTACACGAGGGTTACGTTTTTAGCGTTGCGAACTTAGCTCACACCCCTCCACAGCCGAGTGCATCGTTGCGCGTACTGACCATTTACGCGGTCTTGCCTTTTTAACAGCTTGATGGCGCATTTCAGGGATACTAGTAGCTGACTGCCGCGTTACGAGCAGAGTTGTGACCCCAGGTTTCATTCGCTTCTCGTGAGTCGTCAGAACAAAAGGATCGTTCATTCAAAAGGCACTGAGATAGAAAGGTTAACCTCGGACGTTTAACAGGACTAGCGTTACGCGGACTTGTGGGATGGCCCTCTTCTTGATACACTGACGTTACCCCGCTGGCCCAAGACTAGCAAGGGCGAGTTCAGCAACGTGGGAATAGGTAGTCAGGGTAGCCCATAACTGTAGTACGTCTCCAGGTGCCGCGCGTGTGAAGCCGGGGACGCACTCTCCGTCGGGGCGTCTTAGCCAGATTCCTCCACTGAAAGTGCTTTGCTGATGTATCTGCGAGGAGGAAAATAATACCCTACGTCCTAAGAATTGCTGCCGAGGCCCCATCGCACGCATTGGGAGCGAATGCCCGGGGGCGCCGGGAGCTTTTGAGACCGGCGCGCGACGTGCGTGACGAGAAGACCTCTGCATATCATATTTCATAGCTGACAAGGCTTGATATTCCGGATCTGACTAACGGCAGTTTGCGCAAGTAGCACTAAATCTGGATATCTGGTCTTACGTGCCACCACGTCGATGAAGATGTTACTCAAAGCTCAAGTGCAGCGACAGGGCGTCGTACCTTCCCCGATTTAATGATATACATGGTCAGACAATAGGTATGTATGCGAATGTACCAGTAGCTATGCTGGCTACACGAAGGCACTGATGCAGGAGGAAGGCACGAAAAAAGATGGGTAAGTAATAGTCGTTACCTCTAAGAATGCGGCTGCGACGGGGGAAGACATGATTCTATGTGACAATGATAGCCAAACAGTGTGAAGAGTTTCGCCAACCGAATAAGCAAGAGACCAGAGATGCTCCGC,1198,51.5,Drosophila melanogaster
SEQ_903773,CAAGTTTACCAGTACTTCAAGATTCCAAGTCAAGTTAGTAAAACGCATGGCGACGACAAAGCGTAAAACATAGACTGTTTCTCATTGGACGCGATTATAGGTGTGTGTTTTACTCCGCGACGCTGACGACTCGTTCTATATGATAATGGTCCGGTGATATAACATATAGAATACGTGATGTCCCCTCCGGCGGAACCCCCGTCAGGCACCTCTACCGTGAGATATCCACGGCCTGCCTCAGTGTCTTAGGTGCAAAGGTCTGATGGATATCTTTCACAAGTCGACTACCCGCTAGGAAAAA,301,46.84,Caenorhabditis elegans
SEQ_226867,CGGGTCGACCGCAAGAAACCACTGCTCCCGTTTATTCCGCCCCCATAATCGGCCAAGTACTACACGCCTGGCTAAGAACTCACGTAACGGGTCGAGAGCTTCTGATTAGCCGACAGCCAGTCTTCTACATCGGGCCCAAACATGTATCCGAGGCTGTTAGTAGTATTATTTCCGATTTAAAAGTGCAGTGTCCAACTATGGGATCAGTCTTTTAGTAGCCGATGGGGGATGACATCCAAGCCGGAGGTTTCGAGACTGGGCCACAATCATACTGGTCTGTTCAACGGGCCCATTGACCCATATGGAGTACGTTATTGTCGCGCTCTATAATAATTATTAATCTGTTTACATCGGTGAGCGTCGCCCAGCTTCAATGCCCGCGTCGCTAGGCATTGTATGTGGGTTACACGGCCCTTCCAATAGGTCGCTTCTAGAAACGACCCCACATATAAACGCCATAGCGGTCAAAAATAATGGCCACGTTTGACAACTGCAAAATTTTGGGACGCAATGTTGTTATCCGTCCCAACTATCTCTCAGTAGTAACAGCGTTAGAACGAAGTTTTTGCCCGCCGCAGCAGGCGCGGTTATTT,593,49.24,Arabidopsis thaliana
SEQ_484152,CTGGTGGCTCAACCCTCGACGCACAGGGGAGAACAGGGAGAGCCACATTACTCGCTAGGAGTCATGTCGCCCCCTCACCGGATCTTAAACAACCATCGTCTATAGGAAAAATGCCCGGATTAATCGCGCTTTTGACCTGAGGCGATTTAAACCGTATATTCCCTTATGTGCACCATGGGCGCTGGATAGTTTCTTAGTGCGGCGGTCGACGATCACAGCATATAACCTTGGCATTAATAAGGCCCCAGCTTATCGCGGCACTGCAAAATACAAAAAATCGGCCACTGTTGCGGCAGGTTTCGGCATAAAAGGTAGACTTATCTATTGACTTCCCGTTTCCCAGATGTCGACAGTGGGAATGGCTTCTGTACTCCCCACCCGTCTCAGTCCAGTCCATAGAGAAGCTCTTGCCCCGCTGCAAGATGGAAATCGGGAGATAAACGTTGATTCCTTTGTGCTCAACCCCGGATAGGCTTAGGAGAAGGGCATGATTTCTGTTTCACCCATTTCTCATGCAGGACATTTGCTGAGACAGCCGGCTCCCAGGGGGGGTTATTAGAACCAGCGCGTACGCGCTAACACGGAAATAGGTGGATGGCGATGCGTTTCAGGCGTAGGACCACTATGGCACTCGGACTGCCGAGGGGTCGCAGGCTAATAGTTGTGTAGACCTTGAAATATACGTAACGACCTAACGTCCATGGGGTCAATTCGTTACTATACACCGGCGCGGCTGACGTTCTGATGACATTGTAACTCCTCTTGAGTACAAAAATAATGTCCACACAGCTCCGCACAGCTAACTTGAACGTAAGACCTTCTTCCGATTGGTTCTAGCCAATTAAAAGTACTATAGCCGTTACAGTAGCATCGAGGCAGATTTTAAGTACAGTTGGAAACTTTGCTTAACGACCAACGCCAGAAAGTATTGACACGGGAGAGCGAGCGAGCTGTGAACCGGCGAGCATAGGGACTCGGGGATACTCTCGCCCTCGCGGTGGTGTAACTTGACAGGTAGTTCAATAACATCGAGGATGTAGTCGGGCTTATAATGCGATTCGAGGAGTCTCGTCACGGCATATGGACTGTGGGGATACGATGCGGTCAATGGATTTTGCTCGGACCCTAACCAGGAACCGAAATAACCATTCGATGATTGGAACATACATAAGGGATACACCAAAGCCTTCTCGTCACCAGCCCTACGGAGCAGTTTAGGCAAGGAAAGTTCTACTAATTCCATTTCTCTGTGTTGTCTTTGGAGTGCGTTCACGACTTGTCCAAAGTCCGATCTGTGATGAATTACGGAATTTTCGTGAGTATCAACCAGTACTCTACACTAACACCGTCCATGCCCTCCAGACGCGGACACTCGGACGTACCTTGAAGTATGAATGGACACAGATTGTAGGCTCCCGGACGCT,1424,49.79,Homo sapiens
SEQ_457619,ACAATGCACACAGATCTGCTTTATACCGTCTTAGCCGTAATAGCGTACCGGATTCCGGAACAGCATTAGATCGCAGGTCAAAGAGCGTAGCCATGTGCGACCAGTCGAGTCCCCTCGCTTGTCTACGGACACTA,134,51.49,Arabidopsis thaliana
SEQ_124787,GCACAACCTAGAAGTCCCTGAGGGCATGAAAGGAAGGTCGCATATGCACCTCTCCGTTTGGTCCCTTAGTAGCCTCTCTGCTCAGGAAAACAAAGGCAAACTGCGAGTGTGACCCCCCCTACTTCAGTCAAGGGTTATGCCCAGGACTGCGGGTGGGCCGACCAGGCGGACGTTACCGATTCGCCCACACACTCATCGCGACAAAAGGTGAAACCTATACTCCTGAGCCGTGTCCAGGACCAAAAACTCTCCACCGAAACAGAACGTGTCCGCGGCGGAGCGCCAGGGGAGCGCCATGGGATCTGAGAGGACTAGATGAATATTTTGTACACGGACCGCGCTTAAGATAGTAGTATCACTCGAAGGATCACTACCTTGGAGCCGCTCGTCCTTAGTCCAGTACTACCAGTAGGGGACGCAGTGGTAGTTTGAAAACGCGTAGACGGGAATCACGATTCGCGTAAGCCAAAAGTGGGATGGCTGCCCCGTACCCACTTGCGAACGGTTTCGCTGCGTAATCGCTTTTGCAGTTTAACATATACGACTCGACATGGATCGCGTCCTTGATACGGCGCCAGAACCAGGTTAGTCGCGTATATCTTTGCAGAGGCTTCATGAAAGCAAGTGCCGATAGATGGGCGCAGCGAAAATACGTAATTTGGACCTTTGCTGATCCTGTACTTGCCTGAAAGTTTGGCGACAACCGCAAGTGAGTGTTTGCGGTACGTGAGGCCAGTTCCCCTTAAAATTGATATACCAGTAATCGATTTAAGAGGTTTGGGATTCGACCGCAGTATTAGCGGATGCAACCCCCGGAACAGTAAGGAGGAAACGATTTAATCCCTCGGTATCACTGAGCTGACACACTCCTGGCGTTTTTATATATTATACCGCAGTCTCCAGCTAGTGCGGGGTGATGGCATGAAACGGGACCTTAGTCTATAAGGCGTATTCGCGGCGGTCTTGCGTGAAGGGGAGTACCATGAGGGCTGCGTTCTATTTTTTGGAGTCGGAGTGGCACCGTTGACTAGTCCCTTATTATAGTGTTCTGGCTATAAAGCGCAAATGGTACCTGTCCTACTGATCGGAGACTTGAGCGCCTGCGTCTT,1109,51.76,Arabidopsis thaliana
SEQ_827455,TTAGCTGTGTGAGAGTCTACGCCCGTCGAAAGTGATCTCTGAAAGGCCGTTTAACTGAGAGTTCTGACGCCAACGCCCGGCCTAGTCGGGTTCGATGCCCAGGTCCCGGCCCTGCTTGCCCCTCGTTGAGCCCCCTGGTATACATTCCCAACTAAGTTAAGATACGATCACCCCGACCTCTCTCTACTACTTCAACGTCAGAAAAAGTTGACCGGCGAATCCATTCCGTTAAGGGCAACATTCTTATAGTACCATGTGTTTCACATCGTTCGAAGAGTATTTATTGCCGGAATGCCAGGGGTATTTAAGCAGCCCTGATTCTCCCCGCCATAGCTCTACCCTTAATTGGCAGCAATCTTATCTGAGACGAGTATCAGGGAGAATGGTCAGGCGCATCCTAAGGCAAGATTATCTGAGTGTGAGCGACTCGCTCGGCGTAGCTAACACACCAACATCGCTCCGATTCAGGTGAGTGTGCTGCTCAGACCGGGATGTGATTATCGGGCAACTACTGAACGGGCCCCAAAAATTCGTCGTTATGCAGCTACATTGCAGGCGGCGTGAACCCAACTCGTATGCCACCATATCTGAGTTAGGGATCGCGATCGAGCATCGACGCGCCATAGTCGTTGAAATGCGCTATGCGACCACATACCGTGCTCGTGCCAGACTGGCGACTCAGAGAGACGTTCTGGCAACGCCAGCTCGCCGAATCACCCCATGACGAAAATGAACTGTGGATTTCCCTAGCTTGTTACTAAATAGGTCAAATGCATCACGGCCTTTTCCGCTCCCCCGGGGGGGTCAGTGAAGCGCTATGGAGGTTAAGGGTTTCCCGTACAGGACCAGGAGAGTGGACAGTGGAACCCGCTCAACACCCCGGGGAAACCGCACGTGGGTTTCTTCAGTTGACTGGGGGTCACAATCGCGGAACCTCACCAGTGATTAGCCCATGTAGCCGGTGATAGAAGGATGCGTTATGGTCTTTCTGGACCAACGTTATTAAGAGAGCCAATGGTCCTCTCGCCGTAGACCAAGCCGACACCACACTTCATAGCCAAAAACCAAGTAAACGGATGATCGATAACTAGGGTCGTGCTGATAAGCGTAGTCGGCCTGCTCGCTCTATAGAGCCCAAAGTATTTGGGATTGCTGAATGGAGACTCTACGAGAGCAGACGGGAGGCTCATGGGCTCTAAACTACGCCTAGGGGACGAGAGCCCGGAGCCGTGCTAGATCGGTAGAAACACTCGAGCGAATAACCACGGGAAGCACGAGATTTTGTATTTGGATGGACCTCACGCGCCAAGACGCGACCCAGAAAATGTGCGAAGGCGCACCAAACAATTCCTGTCGACTGCAATGCAGCACCCGGCTCCAGTTCGGATTGACTGCAACTAGCAAGTACATCGTCGGATCTTGACATTATTTTCAGATACTTCTTATTCCTCATCGATTTACATTCTGCAATAGGGCTTGAATGTTCTATTCAAGCGCGAC,1500,52.07,Escherichia coli
SEQ_209031,CATTGACTGGCCATTGCGTCGCACTTCAAGCCGGGACTCCACAATGTGTGGACATGGGACTTCCAAATCGGGGCCGTTTTCCGCACGGCAAGATGGCCCTATTGTACACAAGCGTCTGCACAGGTTCGTTACCTTGACCAGTGTGCCCCCTATAGGTTACTCTTCCACCGGGGCCATATATCTACGGTCATTACTAGCCAAGTCGGTGCTCGAGTAGCTATTGGATGGGAATGTCCCCTGAGTCTCCTCGCCAGGTACGCATGACTGTCAATGCACACGCAACACCTCCGCATCTTGCTGCGAGACCTCGTAGGTGCGTGGCACAGGGCTCCATCAAGACATTTAGCCGTAACCGTATCGAGTCCTCGTCCATCCCCCAGGTCCTATATAGTGGGACAATTACCAACCGATGGTATGGGCTTGGAGATTGTCAATGTCATGAGTATCACGCTCAGAGCGACGGACTCGTGTCACACGAAAGGCAGAAGGCCCATGTGTCCCGTCATACTCTGCAAAACAACAGGACCTGTCATGACAACGTAAGCATTGACCTCTAGCCGCTGATTCCTAGAATCAAACCGTACCGGCGGAGAGCCCCTGTACTATAGCCGGCTCTCTGGTAGCACATTAGCCAAGACTCCGAGGGCAGATGTTCGACAGATGATGTCAGTCGCATTGGGGAGCGAAGAGCTTCCACCGGGATAGGTTGTATCACGACACCCTTTGCCCTTACCGCCTGCGCACTTATTAGAGAGACTAGATGCATTAGGAGCGTGCCAGCGGGCTCGTATTTACCTACGAGTCTAATAACCGTAGAAAGCGTGCCCACTTGGACTTATTTGGCACCCCTGTGTCAATTGGCGCTTAGTTGTAGTCATAACATAGTCCCGAACTGCCTCCATTTTCATTAAAGTCTTCCGCAAAGGCATATTGATATCCGCGAAGCACTTATATGTAGCCACTTACGGAGCTTTTTGCTCTCGCATTCAAAGTTATATATGCGCCACCGACCTCCAATACCGCCGCCTGAAGGGAGATGCTGATGACACGTGATAGGAGATGAGACAGCTGCATATCGATGCTAATGTCCTCCGATTCCTGCTTCAGAGGTTGCACTTTGGTTATCAACGTTCACCGTTCTTGGGTAAGACCTAAAGTAGTCATTGCGTGTGCGGAAGCTACATGTCACGCCGTCCCGATGCAAATGGCAGGAGTCTCGGAGTCGAGCCTTTATCGGAGATGAAGAAGGAAGTAGATCCTGACGACCAGTTCTATTAGTATACGTGTCCCGCTTCCAGTATGCGCTGAAGTATAATCCAAAGCGGGCATCGTTGAGAACACGTGTGCGTGGGTCTTAACATGCTCCCTGATGAATAATTACTGGAGTGTCGTTGTGATCTGCGCCGCTCCGGACGAACCCATGCCTACTAACTGGAGATACCACCGGCCACTGTAAACGCCCTTCCCTACGCTGGACTATAACATTGGAAGCCCTTACCCCGTAGCTTCTCGCATCGCCAAAGGGCCCATCAACCGTGTCGCCCACCTAGGCAGTACTCCTACGGCGCTACGTCTCTAATAGAGATCGTTAACGTATGTCTGCATTGCCACGTAGGGTCCATCGCAAAGACCAGCGTCTAATCGAATTCTCGATTTAAATGACGAAGATCGGGCTTCATATGTATCCTTACAAAGCAGAATCCGCCTGCTTGAGCCCATAGTTCAGAGAGTGACAGGAGCCGACTGACAGACATTTGGTGGTTAACAATTTAGCGTCAACTCGCTGACGTGCAAGGCATGTGTCCACCGCATCAGGGTCGCTTTAACAGTTACCTTTACACACGCTACCTAAGCGTAAGCAAGTTTGCAGACCTAGCGCGTTGAATGGGAACATTTGGCAGGTAAATCATGGTACGAACGCTATTGTGCTGAACCTGGAGTATATTCCATCCCGTGATG,1959,51.15,Caenorhabditis elegans
SEQ_141241,ACGGGAGTATATACATATGTTTACCAACGTCGTTAGACTCATAAAGAGAAGAGTAAGGCCGCGGTGTATATGATATCGTGTTAGCGGAATTGGGAATTCGGCTAAGTTCAAGATAGGTAAGAGCCCATTAACAGCGCCTTGTGAAGCACGATGCCTGTTCATGGTACATTCTTGGCAAACTGAACACAAGTTTCCAAGGCACCAACACACGCCCGATGAAGGAGGGCTTTTGGAATCAGCCTGCTTACTGGCTTCCCGGTATGCAACGGAAAACGCGATCTGATCGCGACGCATTGGGCCGACCACAACCTGTGAGCCCCAATCGATTGTATATAGTGGCATAGGTCATGTTCATAACGGTTTCACGCTCCTTACAGTGCTGCCGCCGTCTAAACTAATACCTCGGTACTAGTTTCTTGAGGGATGATAGACGAGGACGAACAGATCGAATAGGCCTAGGGCGACAAACCATATGACATGTTCGACGTGTGCAGCAGGCCTGGAGACGGGAGGTAGTTGCGAATAAAATTTGATAGGACGCTGGTCACGATTGAAACGATACCACCGGGGATCGCGTCGACCGGAGCCACGGTTAGGCGGTTGCGTTAGTGTACAAGGGAGTCCGGTTCGCTTCACACCTCCTAG,645,50.23,Homo sapiens
SEQ_628402,CCTACGTCCGTTCCCGCGGGTACTTAGCCACATACGCTAGCCAATTAGCAGGGTACTCCGTGCTGACGAGCCCCTCCTCCGCATGCCCAATAGGTCAGACCGAGGACAGCGTGTAG,116,60.34,Escherichia coli
SEQ_333382,GTCCACGTTCTCTTAAGGCTGCTCCATTTACCCAAATTTAGTATACGTCGTCCAGATTGATGGGTAGTGGTCTATATAGTTTGACGGTGGTCTCATTCTATTTTCCCGCCGCGTCATCGATGAGAAGATCGGACCTTGCAGAGCGCCCTTTGGATCTACATGTTACCGAGTCCGCTGACCGTGTCCGATTCTATAAGTGGGTGTTTGCTGGCAGTTACCGACGTACGACCCGTATTCTATTCAAATCGTATGCGACAGTACCGGTGGCCATTGATCTCGAGTAACGCGACTGTTTTCCTTGCTGAATGGGTTCGACCTTCGTGCCGGTGGCGATTATGCGGGCCCCTCATTATAATTGATATTAGTGTGTGCCTGGGTGTCCAAATTTGGAGGCTTGGCTTATATACCCATCCTTATATTTGTTATATCAATTATCTATAGCCAACTATATTCAAGACGACTGAGTTTCTAGGGCGACTCCAAAGAGCTGGGATAGTCCAGGAGTACTCATCTAGTATGATGCCTTCTATGTCATCCCGCGAAGACGGATTTGACTCCGACAAGCGTTTAGGCCAGGATTCTCTCGCGACTTGACAGATCACTGTCGCCGAATACGTCCCATTATTTAACCGTTTCATTAGCTCGCT,647,47.3,Saccharomyces cerevisiae
SEQ_518393,CCGCTCCCACGAGTGGCTTGCCGATATTCGATCCACACTTCGAGCACTCTTAAGGTCACAATACCACGTCTGCCGTCGTGCCCGAAGAGGGTCCGACGTCGGCCCTTGGTACTTTCGACGCCAGGAAGCCTTCC,134,59.7,Caenorhabditis elegans
SEQ_145545,GAATTCACTAGCCTTTAAGACGCCACTATGTGAACGCTTTTGGAATCCACCTCAGCTAATTCTCGAGATCGGTGATGGGCAAGACTCGCGAGTCCTGTTCGGGTCCTTAAAGGTGCCCTCATAGGAAAATCTCGAGATGATTTGCCGGTAACGTGACGCTTCTCATCAGTGAGAACATTCTTATGTAGCATATATGGCTGAAGCAGTCATCTATTTTCATAGATGCGACCTGGTTAGAAGTTTCCTGGCCGGTGGGCATAAGCCACCGCCTACTCCCCACGATCCCAGTTACTTCAAGCATGTCGGCGCCGACGGAGTCCGGCCGGGCCTGTTTCTTTGGACGGTGACTCGGTGTCTATTTCCACCAGTCCCGTTGAAGGCGCGGTTTGACAAATGGCCTTGCTTATACGTATATGATACATTAATGCCAATTAGGGAACGCGTGTCAACTAAACCGTAGATGAAGAAACGATTAGGGGAAGAAGTTGAATATACCAGCAGTCATTTAGCGTGACAGCTATCAGGATCGTCATCTGTTACAAGGACAGCGCAGAAAACTGTCTACGGATGCTGCCTCGAACCAGGGATCTTTTATACATGACGCAACCAGTCCAATCAAGTCACATCACCCCCTGCAACTTACAATTAGTGCTTTTCGCGCGACTATCATGCTTATCAACAGAATGCGCTCCCCGATAGTCTATCTATAAAAAGTAGTACAGTAACATGTTACGCGGCCGTCCCATTAGTATATGCCATGCTAGACAATCAAAGACCTCGTGGAGGCATCACCGCGCTTCAGCGATTCAGATACTTAGGATACATGGGTGTTAGCACCGGGAGTACAGGCTGGAGGGTAAGTCATGCTAGGTAAACTATACAAGTCGTTGTAAAGTTGCCCCTGATTTCTCTGCCAGAGTGATGATGTGTTATCGTAGAGTAACGCTTACCCTATTCTTACGAGAGCTCGTTCTATAAACACGACGCACTCGCTAAGTCGCTCAACGTAATCGGCCCATCTACCAGGCTGGCAACCCGAGTTGTGACGTTACGGCTAGCCGACCGATGCAGTTGAGAAAGTTTTGATCGCGTCTTAGCAAGTGAATTTCCCAAGCGCGTATGCAGGACCGACACCACGTTCCTAGGACGAAGGACAGAACTGAGGTGGAGGAATGCCGTGACCTTACCAGGTTGTTTACCGATGGCTCGATCTTGACATTCACCACCGTACTGTTGTCCACCATCAAGGGGACCGTAAGCGCCACGCCTTCCATGACAAACGGCAATACGTAACGAGCATGCGCCGGGCGTAATTAAGAATGTGGTCGCATTGGTGCCTAGAACCTGCTTGTAAGAACCGACCCGCCCTGCGCATGTCTTTATGATTTACCATGCGGTGCCGAGTAAGAAGTAGCATTGGGGCGCGTGCCACTGTCTGGTTTTCTCCAGGCCTAGGGATCTGGACATTAATGCACTTAACGTCAAGATCACCCTGTAAATTCGATGTTAGGAATTACCTATCGATCCGAATGCATCATACTGAGCGTTAAGCATCTTACTTCACTTATGGTTGCGTCGACCCTGCGTTGGGACGATTTAAGACGGCTACTGTCTATATCCTAAGGTATCCCTAGAATAACGGCGATGGAGTGGAACTAGGGGTGAGCCGGCAGAGGCTAAAAAAGCGATATTAGCACCATCCGTATGCGAAAGCGACTGGTCTTTGTTGGATTCATGGAAATTA,1744,48.85,Drosophila melanogaster
SEQ_357620,CCGCGTAACTCGGCAACTGTGGCCACCCGGGACTTGCTACACAGGGCAGATCTAGCGCAGCAAATAACTTCAC,73,57.53,Escherichia coli
SEQ_464270,TGCCCTTGCAGAATGGTCCCCCATACGCTGTGGCGGCTCACGGGCCAGCTATAGAATGCCCG,62,62.9,Escherichia coli
SEQ_536815,CGGAGGGGCGAGACAGCTTCTTCCGCACACTTTTCGGATAGATGATATGAGGCCTGATAACCAGGTATGGAAGTGGGAT,79,51.9,Saccharomyces cerevisiae
SEQ_742171,AGGACTGTGCAGAAAATGCGACAATATTCAGTGAGTATGTGGTCAGGAACTCGTTATATATAGCACGTCTATGAGGTCGTCGAGTGTTAGACACTTCTGATGGCTCGAGCCCCTAGACCTCAAGCATTCTACAAGCAGCAGAGAGTCAGGATCGATTATAGTTTCAGAATAATTTGAGAAGATATACCCCCGGCCGCCTCCGACAGATCGGGTCTTTAGTGGAAGGTGTATCTCACCGCTCGAGTAGAAGGTATACTGATGTATCTCATTGGGGTCATGGTTATTTACAGATAACCCATCGTCAAGATGCCCGGAGCATAGGAACCCAATGACCGGATTCGCAGGCTAGTCAACGACAGGCTCCATGTTGTAAGGAGACAAGAACTCCGTCTAATTTCACTGTTTAATGACGGGCCTATACGGCGCTGACTGGTTTTATGTACGGACCACTTCCTACACTAGGTATGGGTAGATTGGGCGACTATCACATCTCAGTAGCTCGAAAACTATTAGGCCATGGAACGATAGTGCTCCGAGGCTAGGACGGGTATGAAACGGTACTATCGCCGTTGGAATCACCTTCGAGTTTGGAGGATGGGTAATAGGAGATCGCTTAGCCTATGTCTGGGTATCAGGGTTACTCCGAACGCTATCGCTTTTCCACTTCTATATTTCGCAGAATGAAACACGTACTAAATTAATGATTACCCATTAGGGGCATTCAATAACGTCCCCCAAGTGTTTTGCCTCAAAGTCAAGGCTGCTGGGGTTATTTAGCGTTGGACCGAAATTTCCAAAGGTTATTTCATTTTCAAGAATGACTATACCGACGGCTCGTGGTTGTGCATCAGCGTTTTGTCTGTGGTGCTGCACCTACCAATCTAGGGTGGTCAGCGAGCATTATCGGCTCCGCGTCGCCTCTTGCCCCCCGACCACCGTTTCTGTAACACACCTATATTGATGACGTTGACCTTTTTTGCCCCTTGTTCACCATTCCTAGAAACCCAAGGCGCACCGATTTAGGATGTCCACGCTTATAGAGAGCTATGTGTGTGTGACTGGCAACAGTCCAAGGTTACCTAGGAGCTCCGACGACACAGACCTGCACACGAGTGTGCCATATAACCTCGGACACTAAGAATGCACATATGGGAAAGACTTAGTTGATACTGCCTACAAAACTCCGTTTTTCCTCTGTGTGGGGGCTGTATATACAGCGCACGCAGCAGCGCCTAAAACTGATGTGTCTCGGTTCCGGACCATTCCTCCCCGTGAAAATGTCTGATACGGAGTCGTTCGACAAGAATTCCGGCTGACCGTCTAACGCCGTGTTATCAGAACCATAGAGTCCACTGGACCGCTGAATGGGGGTTAAGATTGGTGCCCGGACCGGCTTAT,1398,48.5,Arabidopsis thaliana
SEQ_641324,GTGCCTCGCGAATGTCACTTAGTTCGGATGGAGGTTAGACGGACGAGTAGTACCTTAGGAAGCACTTCATATCGCCGTGGATGTTAAAGTGATCTCCTACCTTTGGGGGTAGCACTATCACATGCACAATAGCCTGAATGTCGTCAACCTTGCCCAGAGCAAGGATACGGAAATCGGTTGCCCCATGTGGACGTTTGAGAAGTGAAATTTGCGATATGTAGGACCAAACGTAGGAACGAGCTAAAGCGGCTTCTAGGACTTGAGTGATGGCTACCATAGCAGAGTGGTTATGTTACAGGTGACGAGCAATAGGCTTACCACAGTAAGTAGCTACGTGCCAGATGCACGTAACGATACCTCACGTAAGGGAACTGAGGTAAGAGCAAGTTCTTGTAGGGATCTCTTTGGCGTAGTCAGGCAGTAATGCGAGAAGGACGCGCCACAGCCATCAGCACGTACGACAGCTCGATTAGCACGCAACTGTCGCGCCCCCCATACCAAGGTGGGCTCTCACCCATTTTAGCGACGCGGGACTTCAATAAATTGCAGTGTATTATCTGACGTAAGGGCCGCTTTTGCTAATCGAGCTACACTAATTTGCGGGTATTGCTGCGCCGCCGGCCAAGTCTACCCCACCCCGGCAGGGTTAAGCTACCAGAGATGTACGCAATCATAGGGGAGAAGCTGATGCGCCATACGGTCGCTTACGGCCTACTTTGTTACAAGACGACGCAAGTCCAGGTTATGCATCACGTAGACTGGGACGGAACACCTAAACTCTATAGGGCGCAAGTGCCGGGTTGATTAAAGCGAGTCATTTGCGAGGTTAGCGGCCATCAAAAGCGCGTAACGTGTTCGGAATGCTTAAGCATTCCTGTTCTAGGCAAGAACAAAGCGGCGAGCATTGAGGCGGCCCCAAATTTATTCAGAAACGGGATCGATTACAGCGTCAGGTTCTCAATAACCATCGCGAGGCCAAACCACCGTTCGAAACAAGCACTCGTTTCATAGGTTCATCGCCGAGGTCGGAGCGCTCGA,1038,51.25,Arabidopsis thaliana
SEQ_376424,AACGTTCTGTGCTGAAATGATTCACGAGCGGTCGAGCACCCAACCCGCCCAGTTGATATACAGACGCATCGCGCCGTCCTGCCGAGTAGTTTCTTATCTGCCAAAACCGATAGAGTTCTTTAATTCAAGCTCGGAC,136,50.74,Homo sapiens
SEQ_318912,CGTCATTTGAGCGTGTCGGTCGTGCGAATAATACTTAATCGTAGGTCACTCGTAAATTCCTCTTCCCAGCATACGGCATTTGGCACGGAACACAGATGCTGGCAGCCTCATAGTTCTCGTCGTAAAGTACACCAATCCATTCGGGCGCAGGGAACTAGCGACAGCCGCTCCGTCTCGATTATAGTTATAGCGAACCTATGCAACTTGGTCGCTTCGGAGACCCGATGGACTATTGTCTGTCCTGGGCATGCCTTACGATAAAATGATTTTTCGCGAATCTCTCAAGTGACGCATAGGAAGCATCCTTAAAAGCGCATCTTCGTGCCAGTGAACCCACATCCCCGGGAATAAGATACCATGCCGAGTGGCCCAGCCATCCCAGGGCCTAGAGTTGTATTGACGCATACGCTGCTCGAAGAAAGCAGGTCTCCGTGCGGAGGCGGACAATGACTAATTGAGCTCGCCTAAATGGACATGGGGGAGTAGTTGGTCTATCTGGTAGCAAGGGCGCGTCTAAGAAGTGCCCTCCAGTGCTCACTAAGTAGGCAGGAGGTGAGAGCAGACTGTCTGTTTGTCAATTACTAACACCGTCCATCCATTCATGGGTCTGCGATGGTAATTCGCAATTAATTTTAGAATTGAAATTTCGTTATCAGTTCCGCCTACACTTGACAGATGCTTGACTAACGTAGTTGAGGCCTATTTCCTAAATAGCCACCATCTTACCACGCGTGTCTTGCGTCTGCTCAGAGTCGTTACCGAGGAAGGCCTCTACCATCAGATGAGCGATTAGGAAACCTAAAAAAAGTACATGCCTTCACTGGTGGGTTAATTTACGCACGACATCAATAGCCACCTCCGAACCTTGTACGCCTTTTCTATGGTGACGCTAACTGCGTTGCATCTCGAAAAGAGTCAAGTCCTCCTCCCGTAGATTACACAGGGTGTACAGATCCGGCAATCGCTACGGGCGTGGTCGAACGTGTGTCAATCCAACCCGATGTGTCGAACAATCTATTGACCATGCGGTCAGCCCCGTCACATCGTACATCTTTTTCGGAATTCAAAGAGCGTAATGAGACTTCACGGCATTTCGTATAAACCGCCGCCCACCTATTACATCCAGAATTCGTATTGGTTCGTAAAAAATTGAACGGCTACCATACAGCCAAGACAGTAATCGCTCACTCGTTGAAGTATAGCTTGCGTTCAGGGAGGAGAGATCTCCTTGTTACACAGGCTCCGAATTCGGCTGTTCGAGTGGCTTCAATCGACTACAATGACAGGTAGTGCCACCAGATACTAAACTGAAGACCTCGTTACCCGTGATCTAGAAGTGTGAGTATCAAAAAGAAATTCAGCACAATGCCATCATATTATTTCTACCTATCGAGCGACGCAAAGCCCCGGAAACGGCATGGCGCACTACCGGGGGCTTACCGTTCATGATGCTCTACACATTGCGGTCATCATGTCCCTGACACACCCTTATCCCACTCGGGGACACGTAAAGCCCGCAATGATAAAAGATGCCCGTTCTGGGTGACCGTCCGGCTCAATCACGTAATGAAGTGGTTGTTACTGCCTTCACGGTTCCTAAGTCACGGCTTGTAATCCGGTATAAGCTGTCGCGGTAAGAATATTACACTGAGTCCCGCCGTGGCGTATGTTACGAAACGCGTTCTAGTCCTAAAATTCTCCACGTTTGAACGGTGGTGAGCAGTTATTCGTCGGAGAGGTACGCAGCGAGCTCCTGGCTTCTCTATTGACTTACTTCTACAGATGCGCGACTTTCCTAGGGGCGTCAGGAAGGATAGCGTTTGCGGGCAAACCCATGCCGCTGGTAGAGTATCATTGACTCCAGATGGCTCACTCATCACGATGGGAGGTTGCGCGCAGACAAAACTACAGCGGCGGCTATAGGCAGAC,1929,49.66,Escherichia coli
SEQ_691314,ACCGGGGGTTGGGAACAGAGTCGTCTTTTTTGAGCCTGGGAGTCGAGTTTTTTTACTGTGGAATCAGGACTGAACACCAGGTAAATACAGGTGCAGCTAGCGGAGCGCATCTACGCGTAAGCCTATTTCGTCCAGGCGCGCTGATCGCACGATGTATACGACCGACTCGCATGACCCTGAATCGATTATTGACATCATTCTGACATCATGATTACTCGTCAGCACGGGAAGGTACTACCTAACACACAGTAAGAGGGGCTAACCTTTAGGCGGTTGAAACCAACGGTTTTGTAGCCGACACAAAACGCCAATGGAGTTCGGGGTAAACAGGTATATCAGTGCCCTAATTGCTTTTGGGCTGCCCTCTCGATATATTTCAATAGCGGGCGGAACTTACCCCCATTACGTGTAGTCGGGATGATGCTGTGCGCTTGCAAGAGTATGTGTCATAGCTTGATGGTGGTAATAGTATATCTGGGACGACGTTATCTAACAATAGTGGCCCTGCTGTCGCAGGCCAGGTGAGCTCATTTGTTGCAAGTTCCTACGACTCATCCAAGAGGACACTAGCTAGTCTCGTCTGAATACCGTGTGTAGAGGTTCCTAGAGTACTAACAGCTTGCACAAGAAATTGAGCGCGCCGCTCCGACATCAACTGGCGACGAAGTGTTAACCGCGCCGAATTTCCGCGATACTATCAAGTATGCGGCACTGCCCGAAACTACATCCGGTATCTTAGTGGGTGTACTGATGGTCAGACAGCTTGCGACCGTTTATTACATGAAGTCGCGTGGGTTCACTCATACGACGGGGGCCCAACATCCGGCGTTTCATTGTCCCAAGTCAGAGTTCGGGCACAGGGCTTACCCCACCCACTTGAGAGTGTTACAGACCCAGAGGACAAGGATTGCTAAGAAGCAACGGGCATGAAAGGGTGGCATGTCGTGCGGCGACTTCGTTTCCAGCATCTCCCGATTCACAGTGAGGAAAACATGAAGATGCAAAGCTTCTATAGGGGGCATTGGCTTGAGGGAGAATAGCACACATTTCAATTGCAAGTTATCGGTGGAGTTGAATGGGCTTACGTACACCCAGGGAATTCTCAGGTCGGGCCACCGTTGCGCCAGCGAACTACGCACGTTTCCGATTTGGAAGGTTCAGAATGTATTTATTATGAGTCTGCTTGTGGATTGATGCATATCTCTTATCCCCGTTTCTGACCACCGGTGCTTCATGCCAACCTCGCGAGCATAGCCAACTTTGCAGAGCATGCACAATGATTTCCAGTTGGTTAGGCACTTGTCATCTTGACGGTTCGATGGTGGCTCACGGCATCTCCCCTTTTGGACTGCGCCGGTAGGAACTTTATGGGTGAAGGGCCCAATGCAATATGTACTACGCATATATCCGAAGTGCTCCCGAGCCGGACGTACATTCTGCTGGGTTGGAGCCCAGTCAGTCATCAAGGCACTCAATTGGAAATTTTTTATGAATTAAAGGGTTCCTGTCCGTAGGCACTTCGGTAGGAGCCTCCCACCTCGAAATAGTGACAGGCCAAAATGAGCCCCAATTGGGCGACACAGGAGCTAGAGATAGTTAGATTCGCCCACTTCTGGTCGAGAAACTCGTCTCCAGAATCCTCCGCTGCTGAACCCTTATTCGACCATATAGGTCACACATGTGCGCTGCAACCATAAGACAAACCCATAGGCTCCGCCCCCCGTCGCCTCGATCTGGGAGGACGGAACGAAGATATCCTCACGGGCCGGAGAATCTTAGACTTGATACTGTGGCCATTAGGACACGTTGTAATCCCTACACCCTAGCTCTACTGCCGACGGTGGGGAGCCAAGACCACTTCCTTGCGAAATGACCCCCTTTCGTAAGTTTCAGGAAGCAGTTTACTCGTCAGGTGTGATGGGGGAGAAGAGTGAGTGCGGCATCACGAGGGACGGAATAC,1960,51.02,Mus musculus
SEQ_778688,TCGATTCGCTTAACATTCGAGCGTTTGTTTTGTCGACTTTGTCCCCGTAGGTGCCAGCGTTACCATCTTGTAGTCAGATAGGATGTAGATGAGGTCGCGGGCCCGATTGACTTCGTCGGTCGGCGGCTCAGATTCCTGGATTTTCTCCAGAGCCTAAAAATGGTTGTCTGATCTTCGCTGAAGAGTCGAGCTGTGCACCCGTCAATCATTGGGACTAGCGCCTCTTCCTTAGATGGTACCCACAGGCTGGATGAATAGAACAAAAGATCGCGTTTAGAACAAAACGTTACACCCCGTCACGCGTCTTGTAACGTCATCTATATGGCTGCAGTCGGTCAGACGACGTGCTGTCTTGTTCAGTCCATAATTTTCCGTAATCCTAAGCCTCTTGGTGAATGTCGGTACCATGTTAACTTTCTCACCGTAAT,428,48.6,Arabidopsis thaliana
SEQ_367737,TTATAAGAGACTCAGTGTGACGGATAGATCCCGTAACCACCCGATGGCTAACAGAACGGCATAACTCGTCACCCAATGTATTCGGTCAACTAAGGAAACACGGAGGCTCAATGCGCCCGTTCGAGTAGGATACAAGGAATCTCCATGGTATTGTCTGAGTTCAAACAATCCCTAGTAAGGAGAAATGAATGGAAACATCTTCGCTAGACACAGTTCTCGCTCGTGTGTTCGGTAGGACCAAAGGATCCTCGATCGAGGAACTTGCCTCTATGAGCCCCCCAAGTTTTTCGGCATGACTCCTCCCACTCATTCACCGCACCAGCGCGGTAATCGAGGTTTCATCACACGTTAATACAGTGTCCTAATCACGGTATTTTCGACCCCCTTGTTTTATGCACGACAGGACTCAGAAGATTAGTATATAGGCGAACCCCAACCTCCATGCGTGGACAGGCCATCACCTGTCGGCGATCTGATTTCACTGTAGGCAACTAACCTAAGTTGTCGCGTGTGATGTCATGTACTCGTGTCTGTTTTTACATCCTAAGAAGTGCTATGACGCCCTCCATCGTGAGGCAGTGCCGTTTGCGGGCGGTGATAGGAACGATACAGAACAACTGGTGTCCGCGAGCTGAATCGGTACGACTGGTGTGATAACTGATATAACGCTAGTTTTTCCTCTTTCCAGGTCCCCACTAACGTAGGGACGAGCTGCAATTGTGTCGTAGGGGTACTTGCTCGGAGACTACTTAATCAACCTAGCTAGCGTATTATAGTACGACGCTAGAGGGAACATTCCACTACGGGAAATTGTTTTCCGGCGAACACCCACTGCGCATAATCTCCTACAACTTTGTCAATTTGGCGGCGTGCGATAATTTTTTTGTTTTTTGTGTATGATAATGGTATCATCAAAAACACTGAGAGCAGTACGGCCCATTACATGGCGAGTCATACTGTGCGCTTGTGACGCCCGAGAGGTTTTACTGTGCGCACGGACATTGTCGCCCCGTCCGGTAAACCATATGAGTCCTTAAGGTGGTATGGGCAATCTTCCTGGCGGCGTTATTTGTCTATGCGACCACACCATATAATACGTTTTCACAGTTGTTTAAGACGTCTAACTGCTCGCATTGAAGCGAACTACTCTTTGCATACCGCAGCTTAATTAGGGGTCGCTGCGACGTTCAAAATGTTCCGTTGCAGGGACGAGAGAGGAACTTAACATGGCTGTCAAAAGGTTTTAAATTGAAACTGTTACTTGTCGGCCCTTTCCCGACATGATAGTGTATCAGAAGACAGTACTTGTCACGTTACCATAAACTTTCTCTCCTTATAGGTACGGGACGTACGTAGAACGTAACTCGCGCACGATGAAGTTTGCTCCATATGTCAGGCGCAATCGAATCCGGCAATCTCCGGATCACCGGCCGACGGTGAGCAAGGTTAACGGGAAGTCTTCGGTGATTGCCTGTGATTACAAAGGTAACCTGAACGGTCGGTTGCTTTCGGCAACCCGCAAAGGACGGAGCTATGCCAGGCTTTGCACAGAGGATTTTGGTCACTTGAAGGCTCTTACGCACTAGTCCACTAATACTGGACCGGCATACGTGCACTCCGGAAGACATCTCCGACTTGAGCCATGCTCCGCGCCGCCCATTGGAGGCAATTGCCGTGAAAATCCTTTCCTGCGCCTGGCCACTTTCTCAAATCTTCTATCACAAACTAGAAGGAGAGTTACCGGTCTTAGCCTATCTCCCGAATAAACGCATGGCATGACTCATCACAGATCCTCGAATAAATGAGAAGCATTATCAAAGCGGTAGAAGTGGTCTTTGCTCACTCGTAGAAATTCCGCAGTAGGCGCTTGTCCGCATTCTTCGTGAGCATTAAGTAGGGGGCCGTCCCAGTAGGGCGGGTCAGGGTCCAATCGGCTAAGGAACTGGCCTAAGCCTCACGA,1960,49.03,Homo sapiens
SEQ_284843,GCTTGAATATGCCCAGAGGAATAAGGACCTATCAACGAGCTGCGAAAAGACCGAATATAAAGGTGAAACCGATCCTGGTGTTAGATACTAGGATATGGATAAAGGGCTTGAGGGATAGCATGTTGCATGAGCAGTATGGTTGGGGTCAATCTGAAGATGCGCGTGTTCCGAGCTTGGGCCTTGCGAAAAGCCATCCTGGGGATTCACCCGCAACCTCCTAATGGTAGGCCCTCGCAATGGCACTGAATCGGTAGTGGGAGTGTATGGAAAAGCGATTATTTTTCACGCGGGTGGCCTTCGATCGTGACCCATTCGATTGATGTCTGAGCCTTGTGCCTTTGGCTGAACCTGGCCTTCATTTGGTCGGGTACGAAAAACATAGATGTTCTTGGCTGATGCGGTAATTACAGATCTATTGCAAAGAAAATTGGAATACTACAGTGTTCCATTCATTTTAACCCCTAATGGTTAAAACC,476,46.85,Arabidopsis thaliana
SEQ_958240,CTTCTGAGACCATATAGGTCCCGCTCTTTTGGTGAGGCAGTGATCAAGTAGACCGAGTATCGACCGTCGGAAAACCGGCGTCTCATATTGTATGCGCGAAGATAAGCGAGCAATCGATGATAGTGATCTAATCCATTTTTTGAGACTATGTTCGCTATCCACAATCCCATCCTGAGTGACGGAAACATGTCCGGCCAAGTAATTGACACACAGATGCTTTCCAGACTGGAGGTTTCGGCCCGGTGTTGGGGTAATGAATTGACCGGGTGACATAAAATACTTCTGAGCACGCGGGGATGTTATACTCTCTCATTTCGCTGGTTCTGGTTAATAACGCTTGTAGTAAACTCCGCGTAGTGATTCTTGAAGCTCTGCCCGTTCCATTTTGCATGGCCTGGATGTTCCGTGAGCAGTACGTTTTGCGTCTTAGGGGTCTCGCTAAGTGAACAAAGGGGGAGTCCATGTGTAGATGGCCCTGCCTCTTCACCACGATTAGCCCCTATGTGTTGGCGGATCCTATCCCAAAAACCCGGGGCGTCTCTCCGCGCAACCTAGTGTCAGATCTTACGGCGGGGTTCCGCGCGGGCGCAGTGGTGTTTATGCGTCGATGTACTATAATAGGATGATGCAAGTGAGCTTGACGTGCCTTGCTGGGACATAGTCGGCATTTCACCCCTTTCTAAGTATCATCTCGTGACCCAACTTCTGCACTTGACGAGATTTGATTTGCAAGCTCCGTTTGAGCGGGAATGCAGCGTTCGGAGAACCAGGGATCTCGGTTTCAGGGCTGTCAGTGATGAGTCTTCGAAATGATGAGGGGCGTGCTAGACATACACATCTATAATAAGCAGGCTCTGTGAGCCTAATTCCATCGTGAGTGGCCGGCCCCCCGTATTCGGATAGGGCACCCTCCGTATCTTGGTCACAAACGAGGCGGCAAAACCTGATTGTTCTCCAAAGTGCGGCGGCGCGAGCTCCACAATTGTAAAATGGGGTTGGTTAGTAAAACGAACATCTGGCCAAGTTCGGACGAGGAAACTCCAGACTTGTACTAGGGTACCCGTCTGACTATGTTCGGAGTGGTGCAGACAACGTCGGTTCCGAGGACTATCTGTCTTCACGTCCAATGCCTCGGGAGCCTCGTGTACGGCCGTTCGGGCCGCAAGGGGGACGCCGACAAACTGAATGTATACCGGGTCGCCAATAGAGCGGCGTGCAAGTGCGCCACCCTGCTGGCCACGCGGCTATGAAAACTATACAGGATCTACATGCTCTGGTACTCGCCGTCGTAACTGGCCATTATCTGAAACGAATCCTCATTATGGTTGCGTCGCCAAGTGGCTCCCGTACCAGGATCGCGGTGGCATAAATGCAGAGAGCAAGTCGATTGCTGTTGCACGCCGAAACTTAACAGAAATGATACGGGGATTTTACTAGCGGTTAGCCAGTGGCAGGAAGCAGTCTTCATCTACCTTTGGACGGCCGCGTGGGGTCAAGTGCAAGTCGTGTGCCACAAAGTATGAAGAGAACCTACGATTTGTCTGACTCCGCGCGCCTCGACACACTCCGGCCAAGCGTCGGACAGGATGGGGTACACGCGATAAAGTAATCTTATCAGATTTCCCAGCCAAGTTATTTTCTTATTGTACTGAAACTGGGATCACAGCCTAGTACATATATACAAGTGTGCCCGAGCTAGAA,1701,51.62,Saccharomyces cerevisiae
SEQ_243047,TGGAGGGATCGACGATAGTTAAGTTGGAAACGGAGCATTCCCCTGTCGGATTCTGCTCTAGACGTAAACATTTATTCTGATGCGGAGGAAAGGACCCGTGCTAGAGCTCTTTATTATCAGGGTGCATGGCATCGTACTGATTACAGTAGAAACTTGTCAGTTCAGTCTACTCCTAACTCTGAATCGCATCGCCCTAGAAGCGCATTTGTTCGGAGGTGAGTGAAGTATACGGACTACATCCTTGGCACCCGTATGAGCTGGCCTCAAAAAAGATGAGGTGAGGGGGAGCTAGTCGCCTTAAATCTAAATTCCTGATCAGCCGATAAGATGCAACGTTACAAACTGAAATGGGTGTAACCAGTGTCCTTGCGTTATGGACTTCACTTGCATGTCTCTGGCGGGTCTAACGCCATATTGGATAAGGTTTGATACGGGCGCTACACAATTAACTGTGTAGGAGTAGGGATGATTTAACTATTGCAGGGAAATTGTGTAGTTCGATCCCGCAAATTTATTGACTAGGCTGCCTCTCCCGCATTACGTAGGCGGGTACAAAGGTTCACGAGCAGCCACACAGGCAGATTCCGATGCTGTTATCGGTTGATGGATGGACCTGATGGGTATATGTTAGAATCCAATTGGTGCCGGCGACTAACACAGATTTTGGCTTATTGGAATGCAGTGGGACCACCCCCCTTAGCATTGAAGCTAATGAGTAGGTCTCGGGGCCAGGTCAGATCATCCAGTGGATCTCGAGTACTTTACCGTCTCAAAAGGTTTATTGCCAGTACCAGAGCACGCCTGACGTCATTGGATTGGCTTGGTTGGGGAAGATGCTTTCGCTTTCGCCGTAACCCACTCTCTGCTTCAAAGACACCACTAGCAAGAAAATTTAAAGGTATCGGGCACCGTACGGGTATCCTCGTTCTCTTGTGTGACAGTACGGCGGTTTCGTCGCTGGGGGCAAAGACGATTAGAAGGTACTTCTACTCCGCGTGGCAGTGGGTCGATCCCAAGCTACCTGAGATAAAAGCTTGGAGCTCACTAGCGGTTGAGCACCCTAAAGCTTTACTGGTCCGCTGAGTCCAGTTACGTTCCTGTGCTGTGCTAAAGATCCTCCGTGTAACACAGCCGCTGCTTAATTCATAATGATTCTCAATAGACCGATACGGTGCGTACTGATGTTTTGGAATGGCCTCCAGGCCCTTAAAGGCGAGTCGTTTCTCATCAACACTCGTACCTGGTTGCTCAGCATAATATCATAAAGTTCTATCCGCAATACTGTATGCAGGCTCTTGCTAATTCGGGGGCCGAAGGCAGGCACGTGGATGATAGTCTTAAAGCTGGCACGAGTCCGGATCAATACTCTAGTTGCAACCTATTCGCCGAAGATGCCAAGTACTCAATCAACTTCCGACCCTTTGCAATCCATATACACTCGCCTCGACTGTACATTTTGGATCGTCAACCTGTTAGCCTCCTCACATAATTATATATCTAGATAGTGAAACTCAACATTAGCGCACCCCCCTACGTGTTGAGTACTGCTTCACTTCGTTCGACGGAGGTGCATCGCTCCGTAGAGGCTTTAATCAGAGGTAACACAGGCTCTGAATTGCACTTCCTGAATCCCCCCGGGTTCTACAGTTACCTACAAGCGATTAAATGCGCTGCTGCAGGAATACACGTTTGAGTTGCAATATCGCGGGCGCGTCGGCACCCGTTACTGTCTCACGGAAGACTAGGACAAGCGGACGACGCCATTAATTGGAGGCGCCGCCTTACCCTCTACCGGCAGGGAACCAAGTCTCTTCCGCTGCTTGGCGAGTTGTGCCGAGAGCCATCGAGTCGAAGGTCGTGA,1861,49.33,Arabidopsis thaliana
SEQ_475283,GCGGCAAGGAGACTACGCAATGGTTGACCCGGGGTAGCAATTCTTTCGAGTCGTCCGGTGTGACTCCAAGTGTGCCATCCTACCTCTGACCACTTGTTACAGGCGCAACTCTATTCCGGTGCCTCTCCAGCTATAGCCCTGCCTCCTTCAGGTTCAAATACAGGAACTCAGTATAGTGTATTCCACACACTTCCAGTGCTATTGACTGATAGGGTGTCCGATGCCACCGGTGCCCTATTGACCACGTCACCCGATCCTTTTTCCTATCGAGCATCTGGATCGTAAGTTAGAACGATGCTTGCCGTTGATCTTTTCGCTCCCGTCCATGTCACTACGGCCTTCTATGCTGCAGCAAGGCATAAGCGATTACGGTCACTGACCCCTGTTTTAAGTAGTTGAAGCGCTAGATAATTTGCTTGTTTTTTTCTAATAGCCTGTAATCAGACAATCTAAAACGCCAGAAGGTCATAGTGCCAGGTGGACAAGTACCAAATTGATTTTCCTATAGCTTCGTGTGGTATGGGCCAGACCGCTGGTAGGGAGGTATAATCCAGGCAATCCAGTTTAGAGAACATTACACGGAGAAAGTTTAGACTAATTAATAACTGAAGCCGTTCGGCCCGGACCCAATGGTGATGGGCACCAACTGACTGGCGGCTGCGACCTACCGTGCCGGCCATATGAGCCCCTCTAAATCGCCACGGAGAGGTGAGAGCGCAATTCAGGTACTCACGTGCTTGATAAGCGGTATGGTGCGGTTCTTGCTCTAATCGGTTGTTGATGCCCTGCGGTCTCACGCCCACGGCGCGCTTCTGTCCGGTTCCCAAGGAACGACGGGACATCGCTACACGAGGATGGGGTGTTCGCTCGATGAGTCGACGGGGCCACGCC,891,52.08,Mus musculus
SEQ_514149,GTTGGCAGCCTAGTTTGGGGTATGTGAACCCCGGAAAAGATAACCTATCCATCTCCTGGTATTTATAACTGTACGTGTGGTAAGATGAGTCTCGCGGAGGCCTGGTAGGGCTTTTAGTGGTTACCCACCCGCTTTTGGGCCACTCTGCATAGAGCGGTATTCTAACCATGGACCTTAACGCGCCTCTATCATCACTGTCTAGGCGTGACGTAACTTTATTCAAGACGCTAGGTGGGGCGTATGGCTGATTGATTTGAGAACAAGTGGTTCTTTTATGTTAGCATCTTTGCCGCTATCGTTGAGCACATGATGAGAAACCGCGGGCGTTTGAACCATCCAACTAAGACGCCTTCCCTCATTTAGCCCCTGCAAGGGCCCGACAGAGGGTATGGTTCACCATACTAGTGGTTTACATCACGAACCTCTGCAACCAACAGGATTTCTCCTCGCACGGATTCCGATTCACGCCTCATGTTTCAGCGGTCGATTCTCTCGTGCGCCCTTCGGAACATGTATTGTCAGGGTCGAGGTAGACTATTGTCAATTCACCAATACTTCTAAGATAACCGCTCCCATGGAGTCTGGATCTAACTCCTTAGTATGGCCTGAGGCAATTGCGTTGTTTAGAAATCCGGTGTAGGTCTAATGAAGGGTTGAAGCTTCGCCGCGCTATATATTAACCATGGTGGCACAAGGTGGAGCGTTGTTATAGAGCCGATGCACAAATGCTCAAACGTTCGCGAGTGCACGCCCGCTCAACGAGTCGTATGGCTCTCTTTCAGCACAAATGGACGCCAGTTTCAATCTGAACTGGTCAAAGCAGGTGTAGTCTTAACCTCATAGTGGGAGAAGGGTTACTTGCCGTAATCCAAGTAGGTGTGCTTTCTTCGTTATGGACGATGACGAATGTACGGGATAGTTCGATCAGCCAAGGTGACAACTAGAAAATGATCACACAACATAGGACAATCGGAAGTAAATCCATGGCGTACACATTTGCTGTCCACCTAACTCTCGGGCGGATAAAAAATGGGGAATGTTTGATGGGAGATAATGGAGTGGGCCCAGTCACTTATCCATTAGGACGAGCGCACCGGAGAGAAGTTAGCGAACTTTTGGGAGGCCCATTTGTTGTAGGTCTATGTTATATTACTGGCCCCAACAGTCCCGCCCAGGCCACGACGACTTGATCCGGACTTTATTACAGCTCTAGGATAGCCTCCGTCGCAAC,1231,48.9,Mus musculus
SEQ_657503,AGATGTGCGTCTCTACGGAGCTCCGTTAGACTAACAACCTGCGACTCAGCAAC,53,52.83,Caenorhabditis elegans
SEQ_898462,ATCGTCACTGTAATGGACGCCTGTCCCTAAAAGGGGAACGCCCTGTGGTGAGTGCGCCCCTAAGTCCTAAGTTAGGCAAGATCAGCAAACTACCAAAGGTGTTGGCTAGTCAGGGAGCCTGGTCGCATCTATCGGATCAACAATCATAACGGTGATCTGCACGTAATATATTGAACGTTTGTTACGCTTACATAAGCTTCGAGGTGACAGACGCGGAAAGAAGACCTTAGAGCGGGGCGTATGTTTAACCACGAGTTGTTTGTACGTTTTCTACTTCGCTCTCGAGATGAATGTCCCGACCCCAGACACAGCGTACGCAAGGATTGAAACAAGCGATCGGAATTCTAGCCTCCAATCCCGACTTTTGCGGTTAGGGAAGTCGATCCGACGTCAAATAATGCGACCCTCCCGCTCTACGCTCGCTGCCTTAGAGTTACAATGCAATTCGTAAAGCTGAAATCAAGATTGATAGTAAAAATCTCTATTACACGTTCGACGTACTGAAACAGCAACGTGACTTCTCTATCTGAGATCTCTGCATAAAAAGTCAGGGCTAACATGGCAACTTCAAGTGCTAACGCCGCGCGGTTAGATCGCGTCAGCCCACCCAACCATATGCGTTTATTAAAAGAAACTGTCGTTCTCCTGCTGCCCC,655,48.09,Arabidopsis thaliana
SEQ_416090,CGTTAGGTCTTGCAGGGCGCTATATTTCTGGGTGCATACTAGGCTCGGCTGCCCGCATCAAGTGTGGCGTGCCGTCATTGGAACGGCATTCCGCCCAACGAGACTGAACTATGAGCATCGAGTAACATATCACGGACATACGTTTGCCGAGAGTAACCTACGAATTCTATAAAGTGCCCGCTTATACTGAATCTCGGGCATTCACAACCATCGAGCCTTTCTTGACTACCACTCGAATTCTACCAGCCGGCGAGACATGGAGCAGCTCACTACGTGCAAATGGCCGACCATCTTCCCCCAGTTGGTACTGACCGCATAATTGTTGCCATTAAATACCGACCGTAGTAGTCCAGGTGTACATGTCGTAACGAGCGGCGGTAGCCTCGGACCGACGAATGACCTACCTTGCAGGCGGCCTAAGCCGCCTACCGGTTCAGCTGGAGGCCCTTGTCTCACATTGTCAGTGCTCCCGTCGGATACTGCACGTCGAGCGGCGCTCATTCAT,505,54.06,Saccharomyces cerevisiae
SEQ_395196,AGGGGCTGATCCCTGAATCTGTATCATCTCTGTAAACCCTGGGACCGGACGGTGCCCCGCGACTC,65,60.0,Mus musculus
SEQ_832511,TAGGCTTGTCAAGTACCACATACAGTCGCTTTATTCTTTTGACCTAGTAGAACCCCATTATTGCCACTTGTCCGAGTAACTGGATCGTAGGTAGATTGTCCCCTGAGCCTCACTTAATTTGTGATTTTCACCGTGCGCTTTCGACTTTATGTGTATTCCGTGCAGAGTAATTTTTTTTACATCGTGTTGGCCTGCAAACTCGACGTTGAAGGCTAAGATCATCCGATCTCGGTCATCATTAAGACGTGTAACATATGGTCTTTTTCGTCAGCATGTACTGAGTCCGTACTTTCCTCTTCAGAACATACCATACCCGATGCACTCGTGGATTCGAGCGTCAGAGTTGGTGTGATCCACTATTTTGGTTCAGCCTCTTCCTCTGGCTTTTTCAACAAGTCATTACCGCAATTGTTGACTATAATCACAGCGATTGTCACCTCGAACGGCCGTGAGCGAATCGCGGGACTTTGGGCGTACGCAACCCGGTTGGAACCCAGAGAACCGGAGAGATAACCCCGAGGCACCGATGCACCCGTCACGTTGCCCCTAACCCCGACAGTGACGGAGAGTGCACCTGCTGTATCGGCGCCCAAAAATCCGTGATCAGAAGAAGTGTTTCGACGTATGTGCGGGGGATGCACGTCCTGACTACAACGGTCGGGTTCCGTTGAATGCGAATGTGCCGATGTGGGCGAATCCAGGGAGTACCAGCATGCATATAAATTCTGTATGCTCAACGTTCTTATAGCGATAAGTATTATCCCATCACAATCGTCCCCTCGCTAGCTGGACCGCTAGACCCGTTGTTTTAGCGTTTAAGGCTGCCATTGTACGTAGTATACCGGCCCGTAGCATGGAGGAGCTTCCTATAAACTATCGGGACGATATTGCGCCACGCGACCGGCTGGGGCCGACATCCGGCAATACCAGCTGTGCTAAGCTGCCCCAACACGGCCTACACGGGTGACCCACGTTCAGCACGGCGCAAATATTCAGGGCAGTTGTGATGTGACGGTACTTGCCAGGCAGTCAGCGTTTGCTGGGCCGTTTAAAGCGGTCCTCCAGCACTCCTGAGAGACTGGCCAACGTATAATGTGTCCTCCTCATGTTTCAGGATTCACTCACCCTCCATGGTTGGGTGGACAGGTTCGGTCTGTTAATCATCCCGAAAGAATTGCAGCTACAGACCTTAATTGATGAGGACCACTGCAGCATTGCCGACTCCGTCGAATATGAAGCGTGCATGGCAACGGCCAGCCCGTCTTGCTTTCCTGAAACGCAGGAAACATATGAGCAGCGCTTGAATACCTTGCCTATATAAAGAGTTCGCATACCACGAAGCTTCGGTCTACATAGGCCTTATGTGACAGA,1371,50.69,Saccharomyces cerevisiae
SEQ_970063,AGACCGCTCCCTATCCCAGCAAATTGTGGCGAGAGATACGACAACCAGGGAGGCATCCACGGAGTGGTGGTCTAGGCCAACGCCCGTCAGTCTCCGATGTACCCGACCATATATGAACTTGGCAGATCTGGGAACTACCATAAGAATGTTGGTGCCATAAGCCTTGCGCTAATACAGGCTACAGTGTTCTCTCGGACCACTAGACGCTTGGTATCATCCGAGGCTTGCGCCCACTAAGCAAACCCTACCGCTACCATAACCAT,263,53.23,Mus musculus
SEQ_163459,CTCGGTCTCCATTTGATTTAAACATCAGCCATCAGCCGAATGATCCAGGGACGAGATTTCTTTTCGGAATCATCGGGCCCGGGGGCTGCAAACTAAAACGTCGGCGCTCGAGTTCCGTCTGTACCAATTATTCAGAAACTTGCGTTGTCTTGGTGGAAGGCGTTTATTGCAGAGACCGACCGGGGCTCAAGCGTAGTAGCTTGCACGCATACAGATATTCATGCGGATCCTCTGTGACATAACTAACCCATGTGAATGTAACACTGAGTTGAGCATGCTAGCTAGGAGATTTGCTTAGCGACCCTAGCTTGCCAGACGTGCGGATCCGCCCCGGGCGGGCGGTCGTCAGATTGGAGATTGTGGAAGTCAAGTAGAAATATCGGACACTGCGGAGGCGTTAAGGTTAATTACCATAGTGATATAGTACTGGAATGTATTAAACGGGCCACACCCGCTTGCGTACACGAGGTTCCATAGCTACTCCCGTGCTACTTGGGTGTTCCGCAGCTTGGTCTATGGTCGTTCTGTGCAAGACTCAATTGCTTGACCTATTTTCACCTGGATCCTGCTACGTAGTGCCAGGAAGATGTCGCACAGGAACTTCATTCACCCTTCTGCTTGGCTACTCGCTCTCGATTGATCGTTTTGGGTGAGATTAACCTAATATAACTGTCGCCATACACGGGCACCGGAGTGGCTTAGTACATGGTGTTGAGTTCCCTGGCAGACATTACTACAGCTTCTCAAAGCCGTTGAGGCCTTTAGTGAGTTAGTCTTTAAGAGGAGCGGCAACGAAAGACGACCCTTTACAGAACAGTGGACGGCGGCTTCCTAGGAAGTACCCCGTTGCTCACAATATTGGTTAGTATCTTAAATGTCGCGCGTATCGTCAAGTGAGGTAAAAAATGTCATTTATTATGGTTCGACACTGCATGTCGAACACTATGCCTCGTTCCATTCAAACCGTATGCGCATAGGAGGGGGATCCTCTTGAAGATGATTATAGTCAAGAATACGAGCGGAACTGTGTTCCTTTTTCGGAAAGCTTCACAGGTCATGCCATGCACATAAAACAGAGGTAGGCTGAGACCCGTGTATAGATAAGTTCCTTGTTAAGCGAGGACTCGTAAAGCACGAACTCATGATGCTCATACATCGGTAATACTGTTTGCCCCAAGTCCATACGGTGTCTGCTGTTCGTGCCACAAGTAGTCCCGGTCGGTGAGGCCATAGGCGGAGCTATAACCAACCGCCAAGCAAGGATTATGAGAGGGCGTTGGGAGAGGTCCTGTGGTGAAGTGCAGGTCATTGTGCCCTCCCCGCGGCCAACCAAATAGGCGGCTCTTATCCTCGCTTATTTAGAACACGCTCCGGTATGAAGCCTGAATATAGGTGCTGTTTTACTGTCGCATCTGCGCTACTTCGTCCGTATCGTTCGTGCCTGAGGGGCACCCTGGAGTCTTACTGAAACCCAACGTGACAAAAACGCAAGAGCATAGGAGCTACGCACGCCGGATGAACTTCATCGGTTGTAGTGAAGAGATCGCTGCGTCTGGGGCTGCTGTTAGCCGTTTAAACCTTTTGGGTTTTCGATTCCCCCAGGTGAGCGCCCCGAGGGAGTTAGAAGGCAAACTCAGGGTAATCTATACTAGACCAATCTGGTGGGACGATAGAGGTGACATTAGGTCAATACCCCGCCCGAGACCTGCAATGTATATATATATGGCTTGTTCGCGACAAACATAGTTCAGAACACCGTAATTAATAAAAGACTTGGGAGTTAGGGAGAACTTCATGGCCTACTAAGT,1808,49.39,Saccharomyces cerevisiae
SEQ_900887,TAGATCTGCCTTAGCAGTGTTCATAAAGTGCATCCATCAGAGGGGCAACAAACATCCCCGGGATCTGCGTCTAGAGGAGCTAGAACGAAACCGATATGCAGTGTGAAACCTCTAAAAGAACTACGTTGCGGGGGTACACCCGAGTTGAATGCCTCCTCGGATCGCTACGCGGGACTTGGATGTAGGTCGCGGGCATTCGTACACTAACAGGAGGTTGTGCACCTCAGAACCTTCTCTCCTCGGTACTCACTGTGGTCGTGTATACCGGCACAAAACCCTATCAGCACAGCAAAAAAAGGATATCTAATATTGTTGCTTGTTAATCGCGTGGCGACAGGATGCAAACTGGTACTGATGCGCCCTCTCGGATTCTAATCCTAGAATGATCTCATATTTTTGGCCTAAATTACGCAGCATTTAATGCATTAAGGAACTTGAGTTATAATCGGGCAGTTCTGTCATAGACAGCGACATTCGCACTGAGTGAAAACGGAGTTTCCCTACCTTGGCCTCCCCTGATTAAGGGCTCTGCAGTGGCCTAACACCTAACTGCTTTGGGTTTCAACTGCAAGCCTATTGTCGCTCAGCGCGCGCCCGCAGTCACATAATGACCCCGAACTTCCGGTCCCAAATACATCAGTGTGTTACTTCCTGCAGGTGCTCGGCTGGCCTGCTGACCATTCATGCTATAGTGCCCGATGGTGCAGCGAGGATAGAAAGCGGGTCACAGGAAAGATTAGGCTCTTACCAGATCTAATCTTGTTTGATGTGCCCCTCGCAGGTATCGATGTTCTCAGAGTCTTAACCGCAACGGGGGGACAAGTAGTAGAGTATGTGTTGTGGCTTCGCTCCAAATGATAATTGCAATAATGACCTCTGAGAGATATGGAGTTCCGTGCACACTAGCTCACGCCGGCCAAGAAGCATTATGCTCTTAGCATGGAGCGAAGAATCCAGAATAAAAGTGCAGCGGCGGAGCCTAGTTCGCTGGATGGGGTCGAAGCGATTTGGCTACTGTCCAGCCACTTCCGCCAAGAAGTCCATCGTCTTAGCGCACTTTAATCGGACAGGTCGATCTAGTACCCAAAAGGCCTTACCCCGGGCCACGTCTTCCATGACACTGACAGTGCGAACGCCGTTCGTATGGTGGGCCCCCGAACCGCCCCTCTACCACCCCGCCTACGGTTAGGGGGCCAAAACTCCGCTTTCGTTCCCAATCGGCTCATGAGATCCAACGCAGTTCTGGGGTGACGACAGCTTAGTCTACTTGAATAAGATCTGGCTTGGATGGATTGTCCGATAGGCGAAAAATCTCGGGGGATCGACGAGTCTATAGTGCAAGCATGGGTTGGGCTGAACGTTTTTGTAACGTGGTCGGCCGACCTCCGGCACAGTAACAACTCTACAACCGGACAAACGGAAGAGTTCCTTAGCCACATAGGCGACACTCTTGCAGGTGTCATCGGAAGCGAAGGAGTTAATCACATGCCCTAACCATTACACCCTACCGACTGCCATCAATTGTGTATATATTCCACAACTTGACTCTCGACTCGGGAGCCATTTATGTCGGATAGAGGGCTGCCGGCCCCCTTGATCGGCGCGATTAACAGGCGCCTAGACAATAGTCGTGCTGATAAGTACGTCTATCCAGCGCCAAACCTTCTAATTTAAAAACCTGTAGGTAACGCTGTCGTATAACGGGGCCCCCTATCTCGTCGGACCAGGCGAAATTCAAATTTTGCCAAGATCACCCGCCCTAAACACGTGTTTCAGCTGCACGCTAATCGATGGCACGTGGCCATGAAATAAATCATGGAGGATACATTATGTGCCCGCCAACCGTTGATGGTCATTACTTTCCTACTCTCGTCATGTGGGCGTCTCGCAGATTAGTGAGCTGGCCGTGGTCGTTACATG,1920,50.99,Homo sapiens
SEQ_767787,GAGAGCGATGAATGCTACCCTAACCCGCATCCATGCTCCCCTACCTCTATTAACTAGAAAAACTCCTCCCCATTGGCCCTACTGCTAGTCCGGCTA,96,52.08,Arabidopsis thaliana
SEQ_716016,GGGGGTCGACGCCGAGTCCCATCTCTGCGCCATTTAGCCGTAACAAGCCTAATCCTCCGTGCAACGTATTCCCGGCAGCTCCTAAATGCTTTGGCTGTGGCTCACCACTTAGGTCCGGCGAACGGGAGATGAAGGCCAGGACGCGGTAGAATCGGCCCAAAGAGCGTTACACGGTGTCTAGCCCACATCTTCTACAGGGTACGAACAGCGTTCTGAACCCAAGTGCACTGGATTCTATCAGCTACGGCATTTATAACGACGAGATCGAGGTAGACCAAACCCCCGTGCCAGGACGAGGGCCGAAGGTCTACTACAGAATCATCGCGAGAGCATAGGCCACCCAAACAGTTCACTAAACTAAAAGTCACCTACTTATGAACCTCTTAACGCGTACTGTGACTATCACATATTCATGAGATGATGCGTACAGGTAGTAAAGATTTCTCCCAATAGTGTAAGGCTGCACTCAAGTCGACCCACCCGCACGGGATGCGTCCCCCCGAGACAGCCAAGACAGCACGTGCATCTTTCTTCAATGTACCTCATAACTCCGCCACGGTCCGCTATACTGGCTGACACAGGCCCTCTGACCGACGTAGCTTATCCCCGCGCGGCCATCCTGGGGAGCTCCAGAACAACGTATTCGGTAAACGTTCGTCTTGTTTTGATTTCGCACATCCGCGCACGTCGAAAAGAGAATCTATAAGCAGGAAGTCCTCTGGGATGTGAGAAAGGCCAAGTCTAACAGAGATCTTCCCTATAGAGCGGCGCCGCAATCTATTGGTTGAAACACTCCCACAACAAGGTCGTCTTGTCCGGCACACATTGACCTGGATCAGACCCCGAGTCTAGTACAATGCACTCAAGCATGCGCGAACTCGCCACAGGTAACAGTTTAAGGGGACTGGAGTCAGTCACGTTGAAAGCAGAGACCGGAAGGATTGTGACCTGTCCGATGGATCAGAGTCTACCACACTTCGGCAGCGTGCATCTCTCATTGGGCAGTGAGCCTTAAAGACACTTAACGTCCGCGTTAAGAGGACGGTGCCCCTTGCTTGCAATTAAACCTTGAGCGGTGGACCAGGCTGAGTGGCGTTAAAAGTCTACCACAACCACTACTACGCAGTCCACGGGTGAAGTAATCCTCCCGGCGTAGCCAGATTCGAGCTAGTATGTTTTGGACACCCTTCGAAGTGGTCCCTAATGCTCGCGGTAATCCCAGCCACACAATTAATAACGGAACAACGGACTTTACTCAGAGCCCGCCAGGCCGTGGAGTGCTAGGGAGCATGCAACCTAAGTTAGAAATAAATACGCACGTAATAGACGAGCTATGTGCAGTTGCCAGCTGCCCGTTGTACATAAAACAGTATTTAGAGATCCAGAAGCGCGGTCTACATGGAGTCTCTCAAGAGCTAACTCGTTCTAGAAGTTGTCCGCGACTTGGCATCATCCCGTGTCAACGCGCCCCACTACCGCCCAGTAAATCAGTAGTGGTAGGCCGGAAAGCCCGCTGGAGGGAATACAAGGTTTTCGCCGTTAGTCGGAGGATTCCAAAGTATTCTCACATAACGATCCCAATGGGCGCAGGCCAATGCCGACCTAGTTTACTCTCTGCAGTTTTGAGCCATTTTTAACGGGTATTAAGTGTAGACGAGCACCGTGAGGGGTTGCATAGACACGTATCACCCTCGCGTTGCCCCGTCCAATACCTAAGCTCATCACTGACGGGACACGCGCCAAAGAATGCGGCATTTGTTAAGC,1764,52.21,Escherichia coli
SEQ_229613,TTTTGCTCCAAACAATCATCAACCGGACCCGCCATTTTATTTGTCGGTTCTAATTGTGGACCCTTGAACTCTTCGGGAGGCCGGGAAGGAGAGTGAGGGAGGTCATACTGACGTCTATAAGAATCAGGGAACCTAAGCCCATCTCCACTTTTCGTTCTTACGTGGTGATCGAGCAGGGGCGCACTCAGGCCACGTCCAGGTGTCTATTGACCCACAACCCGTAATCTCAAGATGGAAGATTAATTGACAAATCATGTGATAGGGCAATTGGGTCAGCCCTTGCCCGACTGATTGGTCACCTATCTTCCAATGTGTAAGCATAGCGACGGTTCAGAGTTCCAACTTACGAAAACAGGTAATGGGCTGGCGCTGTCCTATGAAGTATATGCTTCTCCGTTAATTAATGCTATCCTTCATCCGATCTCATTGCCGAACGGCGATAGTCGCGCAGTCATCTGACAGAATACGAGGCCTACATGAAGGCTCCAGCGCTAGTTCCTCTTTCTGCGACGATTTAGTTAATCAGATTGGCCTGTGGTCCTCATATTAGGTAATTCGTGACCTTTGTTGAGCTCACAGCTTACGATGGGCTCAAGGCGGCTCACGCTACTATAAGGTCTTACATTTTCCGAATCGTGCCTACGCAATTGCAGGGCCGTGCTCCTCTAAAAAAGGGTCGTGGACTCATTCCCAGCAGTTTGAGACCCCTAATGTCAGACCCCGCTAAAAGGATATATATGCATCTCCTCTGTTTCTGAACGCGGAGACACCAATTTACTTTCCTCCCCCCAGACGCTGGGATAACGTACGTTGGTACCAAATTCTAGTTTCACCGCCCTACGACTAATCCGTCCGTGCGAACGCGTTACCACCTTATGCACGCCGTAAGCCTTGACTTGATACCTCTGCGCGACTTCCAAAATGATACCATATACAGCGTTATATCTCGCTATGACTCCTCCTCTTAGCCCATTCGCCGGGTTCGACGTTTCGGTAAACTGCATAAAGAGAACAGTCAGCGAGGCCCTTTCTCAATCATAAGGGAGGCGCAGCATAGCCTCTACTA,1066,49.06,Escherichia coli
SEQ_382931,AAACCAATGTACGAGTCCCTCGGCCCCGTTTGTTGCCTAGTGTTGATTACAGGGACGATCCCTTCAAACAACGAGCAGCTAGGAGGCAGCAAGTAGGATCAGAAGTGAACGGTGATAAAAGGCTTAACGGACGGTGTGGAACCTGATTGGCCTCATCCATAACTACACTCCCGCGGTTAATAAGTCCTAGATCCGGTATCACGAAGCCTAGTGCTCAGTAAATACGGGGTATTACATTGACCTGCGAGGTGGCGTGGCACTATGGCGACCAAGCGTTTGATCGTAGCGGGAATACCTACTAATCATTGCAGTTCGGCCATTGCGGTTGGGTACGGAGCTAGTAAAGCTGGACGAAACAGGTGACACCAGATCAATGATTGAATAGAACATCAACCCCATTATGTAGGATGTTGATTATCTAGGGTAGATATATAAATGGATGGTAATTCCTGTGGCATCTTGTGTTTATGACCGCGGAATCATAAGACCCGACAAAGGTTCTTTGAGTAGATGCCGTTTATGAAACTCGAACATATTTTATATTGTCCCCATTATCGATGGCCATAGTTGGTTAAAAGTTCGGGTGGCACATGACTTACGCAAGACGTACTTATCTCTGACACTCCTTGTCGCCGCCGGCTCGTATTTGCGATGCAGACAGCAAAGGAGATTTCTCTATATGTCGTAACTTTCGTTGAGAAGGGGTCGGAAGTTTATCAGCGAATATTTTACTTTCATGCTGGATCCGAGGAAGATATATCGGTTATCTCCCGGGGGGGACAGTCCACATAGAGATCGGCCTTGGCCGGACGCTCACTTCAGTAGTGCGATTTACACCGACGGGAGGGCCCGACACGGTTCAGGGATAAGGGGTCATGAACGTCACAGCCGGCACAAGGTCTGCCGGTGCCCCGACAGGCCCATTGTAAGCAATTTTTATCTAAGAAGCGGATAATGGGCCATAACAGTGACCGGCATGTTACTAAGTCTGTAGATAGGTGTGGCCAATTGCAAGGTCGGTTCACACCAAGATGATGGTACTGGCGTTGCATAGGCGAAGTAAATGCAACGTACGTCGCGAGTTACAACATATTCCTATGGTCCTCTTCCCTTAATTTCTTTCACGGGTTGCGTCAAATTTGCCCAGTGAAGGCCGGGTCCACGACTCTCAGGTATGTGGCGTATGATGCCTTTCTCTGGTGAGACAATGATCGGAGTATGCAAGCCCACATAATGCGCATGGAACACGATGTCCGATCCCTGAACCCGCAAACCGCAAAGTACTGGTGGATTGAGTCTCCTTCTGAAATAGGGCGTACCTCAGCCGAGCGGACCCCTCCACAGTAGGGAGGTCGCACCCATACAGCCCGAGTGAGTCACGAACACGAGTGCGTATG,1397,49.39,Saccharomyces cerevisiae
SEQ_867967,CACATAAATCGCAAATCTCGGACTATTAGCGTTAAATCGTTCACCCTAACACTAAGTGGGGCCGTCTAAGTACAAGCTGGATACAACGCACGCTTGACAACGGCCGCCGAGCTCTCTTAATTACATCCGCGGGAGATTTTGCGCAGAGATCTTGATCATACGTTTCTATTGCCGCGCGCGGTTCGGGCGGGTTATAGGGGTTGGATGTTTACTCTTCTGTTGTTTGTGTCTCGACGATAACAAGCGAGACCCCAGGGAACCTTTTTAGCCAACCAGTTATTATAGCCATTTTCGCGCGAACCATCGTTTTGTTTCCTTGGCCGCTAACCAGCGACACATGGCTCTGCAGGAAAATGTCTATACAGCCCGTGTCCTGTCTGCGTCTTGATCATCACTGGTGATGCTACAGCCCGACGTGGGTGCATCAGTCCGCGTGCAAGGTTGGTCTGGTGTGTAACTTGGAAGTTTGTCAGGAGCGATTAAAGAAAAATGACTTGCACAACCATAACTAGCCTGGGATCGGGTGATATCCCTCACCGCCAGACGTGGTAGGCGCACGAACTGGCCTTCTTCAAAACCACGGATCATAACAGTTCCCGAGGTCGAGATGTAAAGTCTGACTAACCCTCCCTCAGCCCCCACACCAGGTGCGGAGAGGGCTTGTGGCCGTCAGATCCCAACGCCCGAAGACGCAGACACACTTGTTCTCTGGAATGCTTAGGGCGTCAGCCCTACAAGTCAGCCCGAACTGCAACAGTTTGACGTCGCATATCCCGCATTAACACTTCGATACACAAAGCGCTGTGTCATGAATTAAGCAACGCGTCGGTCTCGACTTGGCTGGTGTACAGCGTATGTTATCCAGTAACGGCAGGAAGTAGAGCTCCATTGAACATAGGGGCTATACGAAGAATTGGAAGTAAATATGCCAAACAGGGCTAAGCCGAGCCTTAAAACGATTCCCTAGGAAAGGCGGACACCCGTCCTTCCTGAACCTTGGGTTTAAAGACTAAAGGACTTTATGGGGTTCGTTATGTGCCTCGTACAGATACCTTCATAATATTTTCTTGTTCGGCGAACACATCAGTTTTGGGGTAACACATAGTTAGGCTCAACCACTTCCGGACTATTAGTTTTCCCTTCCGGTGACCAGATTTTTTCTCGCTTAGTGACATGCCAACTATTTTCTGAGCAGTTTATTCCATCCAGCACAGAATGTTCCACTAGTAGCAATGTACAGGTTCTGTTGGTTGAAAGTAAGCGCGCCGCAACTGTGGGACCTTCGCGTACGCACATGATTCACACTTCCTGGATGACTGAGGCACACCTGACTTTCTTTTAAGTAATAACCTTGGTGCCGGCTCGGATAATGAATCTGACATACTTGGGCTGTTCTATCATAAGGATCTAATATTAACAGCACTCCTTGTCCCAGGGAGCCCATAGGCACGCCACCCTAGGTTTTGTGACTGATTTAAGCTTAGCACAACCTAATTCATGCCTTAAAAGTCTCGATAATACAAGCATGAGACCGAACGCACGGATGCCCTAGGTCGTTAGTCACGGGGTAGGGATCAAGTAATTGGAGAACGGTCCCTTGTGTGGCAAGTCCGCCGACTTTTGG,1624,49.08,Arabidopsis thaliana
SEQ_272670,CGGTGAACAGTCCACGTTGTAGGTCCTATATTTCCCGCAAACACGAGTGCACCACCCTCAATCGTACGAAATTAGATTTATGGAGGGAGGCTTAGATAATTATGGGAAGTCTCGGTGCCCTCGAAGGTTTCAGCTATAAAGTCCATCTGTGCAGTTTGTCCCAAGAATTGGAACTCCTACAGGAGCGGCAGCCGTTCCGGTTCGAAGGCTTCAATAAATGAAGACTGTCCAATGGTCCTTCATGTTAATAATTCCGCTAGCTTAATTAGCAGATACCTGCCTGCCGCCTGACGTCGGGAGCCACATACGGCGAGAGTGAGAGTATCTTCTTATGTAAGCCTCAGTTCCAACGTACGCCCCTGTAAAGCTGTCTCCGTGCTGTGTGCCACGTACAATGATCCTTGTAACCTAACTCCATTTCTCACAGATGCCTAATGGAAGGTTTTCCCTAGCATACAATGCTTTTGGGTATAAGCCCTTTATGGTCCATCTCTATCCTCTCACTTTGACCCCTCGTTAGGTGTACCCACATGGTGGGTTGCCCGGCCGCCGGGCGAAACCTACAATTGATCGGTAATGATCCGAGGTAAGATGGAATCCTGAAAGTGATGGCATGCGAATTCGCGGTAGTGTATTTGCATGTAGTTGTGTCGGGATGTAGCAAGTGAGTATTTGTCCTCGACTTACCCTAAACCTCTCGAACTCCCTGCCATTGTCGATTCCCTTAAGAGGTTGAGCCGGAAACTGATGAAACCCCTGAGCCCGCAAAAAGCAATCTCTAAGGCCCAAGATGCCAGCTGCTCGTCCTAATTGACCACCATGATCCCAAGCGCGGCTCAGGGCTTCCAACTATGTAGCCCTGTCGCATGGTCTCCCTCCCTTGTCATTGATACCCCTCATCCCCCATACTTTAATCCGATTAATAGAAGTTTCCGTGGATCTTTGTACCTCTCAGTTACACCCACGAGGAGCCTAATCCCTACTCTGAGGCTTCGCTGCACAAGCAACAAGGCTCGGTCCATCCCAATTAAGGAAGGTTAACCACGAATAGCCTGGTGTGACGACTGTCGAACGTCTCTTCAACGCACAATAGGTCCTCGAGCCCCACGCATGCCAGTCAGGCGCCCGAATCGAAATACCCTGACCCAGCTAGTTTCATGAACCGGAAAGCATCCAACAGGTGCCTTGAGTTATCGGACTCAGTAGATGAGCAATTCACATCATGAACACAAAAGCCCGACGTTTATCACTGAGGTGTGTTTGCGCGCCATAGACCCAAGTATACCGTGCTGACCCACGATCCTCCACGATCATTGAGGGTGGCAATACAGATGTTCTGGAGGGAAACATTCCCGGCACCGTCTCAACATCCACTCACATCTTTAGCATCCTCTCGGGTTTCTTCTGCGAATGTTAGTTACTCGCCCCACTCGGATGTC,1439,50.03,Caenorhabditis elegans
SEQ_124568,CTACACACTACCCTGTCGACTGTAGAGCGTTGGTGACCGAGAGAATCGAAGGCCATCCAGTATCCCCAAGTCCACACTGGTACATACTAGATTTTTGCCCGTTGGTTGCGGCACATATTGCTGGAGGGCACCCATAGACTCGGCGTGCATCTCCTTCTCCTGTCAAAAACGTATGCGATTTTGCAGCTGGAGTCCAAATTGCGTCTAATGGTGTTCGCACCTACCCTTCGTATTATTCGTAACGTGAGCTTGTCGACCATAATACTAAACCGGGTTATACGTACTATTGGTCAACCCACACGTTTCGCCGAAGATCCATAACAGCTGCTGGCATAAGGCGTGATCAGGCGTAGCCCGGCACATTGGTCCCTCTTAGTTAACTGTTCGCTACACATTAGCTACGAATCCTTAAAGAAAGAACGGTTATAACTTTTTCGTGGCATTTTGCCCCCGACTGTAGCTCGGAGACAGGCAAATCAATAGTTAAAGGGTCGCGTAGCAAAGCAACACCTCTACTAGTCTAGAGTCTTTGCCCACTCCCAACAGGAGTTCTAATGTATGTTGCTTTATCATACAGGCGATCCGCCAGCCTTGTCATTTGCAAAAGCGTTTCAGAGGACGCACGGCGAGTCATTGAACGGCGGATGATGTGGGCCGACTAAGCCTTCCTGTCCGCTGACCGTCAACCAGGAATGCCCCACCATCTCCGATATCTCAAGCCAGGCTGATAGATGTTGTGGGTTTTCCGCTTGGCCGAATCTTATGGAGTATCATTCGTTCTAATCAGCAGCAGAAACGGTCGCTGAATCGAGTCCGCACGTTATAACTACGACCGACAATGAGCAGATTCTAAAAATCTTAACGCCAGGTTTGGTTAGGTGTGGATGTACAGCCATGGATCTGAACGAAGATGCGAGCTAAGCGTGAGTATCTTTCTATCTTTGCGTGGCCAACTGTAGCACATGCAGGAAAATGCAACTAGCTCACTTTCCTCGGCTGCCTGCCCGTTGGTTAAGTCTTGCTTTGTAAACAGCGGCATAGGATGGTTGTAACGGCTTTGAGCCACTCCAAAACTTTGAATCAACACCAAGATTGATAAGGCACTTCTGCCTGGAACTGAAGACCACGTTTGCGTTCCACATGACTTTGCATGGGGGGTAACATTACTCGAAACCGGACGCACGAGCCGTAGCGAGTATTGTTGAAATGCGATAGGGTGATTAACACCGGAGAGCGCCGCTTTTATCAAACTGTTCCCCGACCGTTTCTCACAGTCGGTGATCTTAGGGACTGGACTGGTCCAGGTGAGCGGGCGAGAGCACCGGACGCTGAAACTGTTATCAAATTGGCCAAAATATATTAGTAGTCTACACCCTCTTGGATGGGCTGGCTTCAACGATTGATATCGGCATAAGTAGGGCCACTT,1426,49.09,Mus musculus
SEQ_912688,TTATCAAGGGCAAAAGACTGACACATTACGTCAACGGGGATCCTTACGTTCGGGACGGGTTAGGATAACCCCGAGGCACGCTCCCCGATAACATACCGACACTTATGTAGCAGTTGCCGCTTCCGTCATTAGCGAGACCGTGCGAAGACGAGAGGGGGCAAGTGCAAATGGAAACCCAAGAGGACTGAAGAACTCCGCAACCCCCCCAGCATAACCCGGCTAACGAGGGCAAAGTGGCCTTTACACATTTTCTTGTGACGTATTGGCTTCACGAGCCGGAATGCGTTGCTACGGTCACAAGCATTGGGTCAGATAAACAATGATCAAGACAGGGCGTGGTCAGGGAGCACGAGCATCGGCAATTAGCGTCGAACCCATTCCCCGATGTACGGGACAATGACTACGCCGCCGGTACTCATGTAGTTCGCGCTAACTGTCTTCATTG,445,53.26,Saccharomyces cerevisiae
SEQ_581131,TACGCAAGAACTAGTCACGAGTTGCAGGTCCCGCGGTTAGTTCGTAGTGACTTGGCGTCGATAGTAAACGTAGAAGCCTACATGATGGAAAAAAGCTTGTTTTTCACTGATACTTACCCCTTTGCATTGACCGTCTCAATACTCACTCTCTGAACTGGTAGAATCAAATTGATGTCGGATTATAGACAGTGGATCATTTTAGCAAACACTATCTCATCTTCTATTTTTCTTGCAAGATTTTAGGGTCCATGGATCAGCGAGGAAATGGTCCCATAGGACCTTTAGTGAACGAAGATCTGGGGCGACTAACCCTGCGGCAGCGTGACCGAATCACGCATACTTGTCTCTATTGAACTTTAATGGCGTGGCAAGAATTTAAGCTAAGGGGGCCGGGTCGATGATGAGTTAGGGGTTTGGAGTCTCTAAATTAAAGGTAAGTTATCAACATACCCTAAGCAGCATCTCATCGAGATATACTTAGCTCTTCTGCTTAATCCTCCTTAAGCCGGGCAGGGAGGGCTAACCCATACGCAACCAGATAGTGCACGGAAAGCGAACTTTCCAGCATCTGAAGCTGTCTGCGACGGCTACGGCTTCATGGAATTAGATGGCGAGACAGATTCACCGTGGGCGATGTATCGCACACTCGTGCAAATGAAGAGACATACGTGTTCAGGCATCCAATGACGAGAGGTTTCGACGCGGGGACTACTCGCATTTCCTGGAAGGGCTACGTGCAAGAGATATCAATTCCACTTAGAATGGACGCATTACACTTTTTCTCAAATGGGGAACACCCCTCGTGTCACCCGGGTCACGAGTCAACCGGTAAAGTTCTAGTAGAAACAACTTCACCTCGATCGTTCGTGACGGTCATCAGAACCGAGGGTAGCTACCCGTATAATTGGTAAAGCCGATACGGGAATTGCGTACTCTCTCAGAAGCGGCTCCGAGTTACCTAGCAACTTACGCAGGTAACTTAAAGAGACAGGGTATTGTTTTGTGGATATAGATTCTGTTTGATTCCAGGGCCAGGTCTCTGGCATCCTTAGCGATTGTTCGGACCCGTACTGCTGGAATGAGGATGCTGGCCGCAATTTGCTTTCCCTCGAGCGCTGCATTAGAGCATGAAATGATTACCTGGGTCTTTAACAGCGTGCTCGGTTTGAGCGCCGACACCGCTGATTGAACGCAACGGGACCGCGCACCTACTCGTTTCGTCCTGTAAATCGGGGACCTTGAGGTCTTCCTGGTGTAAGCTATGCGGAATAATGGTATCTGTGGACGTCTAGCTAGCTTGGGCATCTCAGGTCCGCGTGTTTGGCGTGGGTCTGTCATGTGAGAGCTACCTGACTTCGGGTAACGAGTTCTTCCGTGGCTAATGGGGTCGGCTGAAAAAAATGGTAACACTCATAGAGCTGCGCCTTTTAGGGGTCACATGTTTTAGTGATATAGATTTATGATCTTTAACCCTGCTGACGTCTACATTTCCACACCTACTCTCAACTCAACTAAGATGTAACCAAATACTGAAGTTACATCGTGGGAA,1549,47.84,Drosophila melanogaster
SEQ_242063,AAACCTGGGTGAACGAATGCACAATTACTGCCCTCCCCTAATAAATGATTACTATGTGTTGACTGCTTTTCGCCGAACAGCAACCCTATCTAAGCGAGCACGCAACCCCAGGTGGTAGACAAAGACCGACACTTAGAGGTAGCATCGGTAGCAGTCAATAGACGTGTGGATTTCGACGGTAGCTGACGCTCTAGTAATATTGCTCGGACGGCGAGGACCGATAGTAAGAACATAGGGGGTTGCGGTGCTCTCGAGTGAGCTACGTCTAGATCCGCACGTGTGAATGCACACCAGCTGTTCTCTGAAAATGCTAGCGGTACATTGCGGCGGCTTACGAGCGGAGCGGCTCCGGTCACTACAGATGTCCATCCTCATGTATGTTAAGAATTGTTGCTGCCCTTGACGTAACATTAAAGAGAGTGAAGCCCCAGCTTT,435,50.34,Arabidopsis thaliana
SEQ_833304,CACCCCGATATTCCCTGTGAAAACAGCTCGGTACGCTCTAATTGCCCGATCTCTCCGTTAGACTGGTGGTGTGTACAAACGCCCGTAGATCGGGCCAGATGAAAGCCTGGAACCTCAGCCTGGTTTACGAAAACGTTGTGGTTCCAACAGTTCGTTTATACGCCCCTATAATCTGTGCTGAAAGCAACGAAGCCGGCACGCACCAGCAGAATTCCGTGCAGCGGGCACAGTTTTCCGTCAGTTACGCACAGTCTCCGTGAAGGCGCCATCGAGCGTGGGGGCAGTGCAGGACAATACTCTCATGTCGCAGCAAGTATCTTACTCTCAGATTATGAGCGTACCTTAGTCACGACCCCGCGCACTGATCACTGTGCTTCATCAATCGAATCGGCGTTGTGGGAACCTTTGGGAACCCTCGGGGGAACTTCACATTCCAAAATAGACTCATATGCTCTGTATGCCTGAGACCTCGCAGGGCGAGAAATAATCGCAATGTAAGTGAGATTGTACGACACTCCGCAAAACGTGCAATCGAGTTCCAGTGTTGTTATGAATAGGCTGTGTCGGGTCTGCCCCAGACGGTGCCCAAGGTGGCCAAACCCACAACGAGTCACCTGCTTCGATATAACCCTGCGCTTTATGCGAGTCCGCCCCGAGAAAGCGGCATATACACCCACCAGTCGAACGTCGGGTGCTGAGAAGCCAATTTGGTCTGCCGCCCACCAGGTTATGAGCCAAACGATCCGGTTAACTGCACCTGCACCGCGATGCGCTTACATTAACTCCAAACACAGCAATTAGACTTAAGTGCCCGTCCCTCACAATCGCCCCTGTATTCAGGGGGGTCCAGGGATAAGCAAACGGTGGACATGCTAGACGTGTAGAGCATAGTACGTTGTAACGGGGGCTCTACAAGATCAGAGATCTAATAGAATTAGAGTCTGTAAGTGGTAAAATGGAATTTCTGCTCAGGCGTGCACGACTGAAGGACTGATGAGACTATAAAAAACAATTAACCATAGTCCCCGATCGAATGAAGCTTCGATAGCGTCAAGCATGATGCAAAAACCTGCAGCACTCCCCCGTTGAC,1090,51.47,Drosophila melanogaster
SEQ_242400,CTATCAGTTGGTATCGTACATGTTACTAGAGCAACAAAACAGAGAGATCTGCACGGGCAAGACAGCCTCCCCGGACACAACCTCAGCCATGTTACAGGCGAGCAACGAGGCTTTTTCGAGTGCCGGATCCATTTGGATCACAAACGATAATTAACGCCGCGGAACAATCATGTATGGGACCCGCTATGGTGACCGCCAAGGTATCTAGTGACGCGACAAGCAATCTTCACTGGAGACCACCGTGTCATCGAACGCAAGCCTCGCGCCATTGAGAGGCCGAACACTCACCCTACGTTGTGCATCATGCCGCCATCCTCGTAGTATGAAGCTCCCGTCAGCCGCGTCCAAATTGTCTGTAAGATCGGCATGTGTTGAAGGAATGCATTACGGATGTACTGATTTAGAATGCATAGAAAATCCAATTTTGGGAATACCGATAGTTCTTGTAAGGTCCTGACGGGTTTCGCCGCTTGAAGTAACCGTCCTAGATCGACACCGGGGTGTCTGAGACCTCTCTGGTAACTAGCGA,529,50.66,Drosophila melanogaster
SEQ_209149,GCAAGCTGCCAGCGAATCGTCAAGCGATACAGCATAGTTTTGGCCGCTGCCTGTGTAGACAGACATCATTGGCATCTTGGTCAATTACGCTATTCGTGAAGGACTGCGTTGCCGCGCTCAGTTCGATTCGTGATCCGAATGGTCCTGGTTAGCACCGCCTCATGGGTATCGGCGCCTTAGTAGAGTTATTAATGCAAGCGTTATGCGTAGCAGAGGCAATAAGTTAGTAAGACAGGTTCCCCGAAAGTTAGAGCTGCGACAAGTGCCTGAATTAAAGCTGTCTGAGCCGGAGAGTGCACCCCGCAATAAAACTTATAATCTTCAGGATACGTTAGACCTGAGGGTCCCAAGCTCTAGAGCTCTCACAGGCATTACCGGGGAAATCCGCGGGCCCTGCTTTTAACATTTTGCATCTCTGTGGGTTCCGCGGCGGGCAACTCGGCCTGGTTCCGTCGGATAGATTACTCGGTGAGTGGGGATAGAAGCATTTACGGCTTAGCAGGATTGGTTCTCCGGGGGCTCACCATCCGGACCGCAGAATGATAGTGGAGGACTTCGTTGATGAATGGATAATTGATACCGAACATGGCGGGTCGCACGAGCGGTAATTTACACTTCCATTCTCGCGACTTTCCCTCTTGATCGTCCCTCCACTGGGCGCGCCCCTTTTTTGCCCTGTGAACAATACCAGGAAGCAATTTGATGCTGAGCCCGGACCTTGGAGTACACTGGGGGGATATAATTTCGGGAGCGGGGGACAGGCGTCAAATTAAAAGACGCGCAGCATCCTCTGTCCAAATCCTCTACTATCAGTGATCGATAAAACCATTTCAGGGGGGGGGTTCTCGCGGCGACTCCAGGGACAGATGGTGTAGGCTGACGGTGACTCAGTGAGAGTGGTGTCGGATACTACCAACGTCTTCTTGCCGGATTACTACTACACTATGGTACTTTTGTACATTAAATCCGTCTAGGAACCCACTGCGAAGAACAGGTCCCAAAAGGGTGTTCTCCAATTTTAGGTTTAGGATTCATCCGAAGAGCTTATTGAACACAGAAAACGCGTAACTTAATGCAGCGAGATGCAGCTTCAGGTACTATTAGCGAGCGGAGGAAGAAACGAAGTGAGGGAGAACTGTCGCTGCTGAACCTTAACTTCCCTGACATTACACAATATACAGTGCGGGGGGTTGTTAGTCGGTACGACTAAGGGCTGCATTCCTTCCGGACCACTGGCTGGAGGGACACCTGAAGCGAACGTTGTCTTTGGTGTGGTAACGCCGTCAGGGGTCTACGTGCGTCCACAGGATCAATCTGGTGAAAACACGGCCATAGCGTCAGCACGTTGAACACAATTAGCAAGTTTGGGAAGACATTTTAAGACCGGGAGACTAGCTAGCCACCAGTCGGTGCTGTACGAGACACCTGACTACATGGTCGAGCGTGAAACCTGGGTTAGACCGAATCCAGCAAAGCACGAACCTTTCGCCTGGTGTTATACTCCCATTGGAGGCTTAGTATTGGTCAAGACGTCACAGGAGGTAGACGGCGCCTTTCTTCCAAACACTTCTATCAGTAGGTGTCCCCAATCTCACCCTTTAACTGCCGGCCCGTTTGCGAACACCGCGTAGTAGAAAATTGAAGGATCACACCTCTGGGATCAGTATGCTCCAAATGATGCGCTAGTGTGGAAGCTCGGCCTAACATACATATCGAGAAACTTGTAAGCTTGATTCTTAATCGCGACACACTCCTACTGTCCCCTGCTCGCCACGGAATTCACGCCTCCCCCTTTATGAGTAATTTTAGCGCATGCCCCGAGCGATGTCCGAGCATCAAGCCAGAGTACCTGCAGGCAAG,1860,51.18,Drosophila melanogaster
SEQ_585085,CGTTTGGACCACGTAACAACGTACAGTCGTGTGAAGAACCCCCTCGTAGCTACGCTGCCCCAAGCGGACATCGTTTCCTAAACCGACTCGTGGGATAGGGCCCCATCCAGTGAGGTGCCATGCAGCTGTATCTTCTGCTAGAGGTCAGTCAATGAATCACAATAAAAAATCCCCCTACCCCTGCCCCATTCGCATTCATGCAATACCCGAAGTTATCTCTAGCCAGGAACGTTAAACTACGAGGGCCTAAACTTCTCGACATGTTTACGAATTTAGGGGGGCGGGAGGGTCTGTAAGACTCGACCGGATGGGCATCATAACACAACCACCGAGATTGTTGGGGACTGGTACTGGGAGAAATCCAACCTGTCGCCTGGGCGCTCCCCTAACCCCGACCGAGGTGATACCGCGCTTAAGACCCAGGTCAGGATGAGGTCGTGGAATTATCGCTGAGGTGCCTCATGGAAGAACGGAGGGAGTCTCCTGTTAGAGCTAGTCTCGTGATGCTCGAGAGCACATCTTGACACAGATGAAAAAGACCCATCCATGTTCGCATCACCCCCCGTGACTAAGCTAGGACTAAAAGCCTGGGTCAATACTATTTTTTCGAATCAAATGGTCGTAGCGGGAAATTGGTTAGTCCAGGTGATCGACACGGCTGACGAGTGGAAGTGACCAAACTCGGATACTTTACTGCCCTACCGAGAAATCCGCCCGATATTAAGATA,728,51.65,Mus musculus
SEQ_546171,CACAGAATCCCTTTGTCTCATTAAAGATAACATGCTCCCATTTTTTTGCATAACTGCTACTTTAAATGAGTAGCAATTTGCCGTGGGTGCAGTACCTAATATCTCTAGGTGACGGGGAAGGGAATGACGACTGTCGGTCGGGGCTCGGAAAGAGGTCCCATCCCCGAAGGGAGACTGGAAGAGGGTAGGGACTGGAACACCAACACCAGGTGCATACTGAACGAACAGATAGACAAGGTTCCCACTGGAATACTCGTCAGCAAGTGCAAGCCTTTGCCGCCATACGTAGCCTTGCTTTGGATACTAAAACAGATAACCCTTGTATCCAATATCCATGACTCAGTAGCGCTTCGACAAGGACCGGTATGGCTAAAGCGATTCCTGAGCATCCTCAAAGATCGTGAACCATCCACCCACGTGGCGCAAAGGGCTTCCGACAATGCGTGAGTTTCCGCAATTGAGGCCACAGTTGCTTGACTGTTTTTGACCGCTTTAGTGCTTCTAGGTGGCGATCATGCGCACTGGCACGGCGCACGGGGGATCACTAGCCTACGCCCGCGGGGCCAGGTCTGGGTCAATTGCGGTCTTATGTTAGTACAGTTGATACGGATGAAGACGCGACCTGTATCACGCGAGCACGGGCCAGTAAATCCTTCCTTTGCCACAACGGAAAGACGCCGTCAACTTACAACCGGGCTGATGGTGTCTATATGACATTCGTGGAAAGCCATAGCCAGAAGGACTATCTCGCAGGGCTAATCGGATTAGTTTTAGTAATGTGCGCGGCTGAGTCATCCCGTAGAAGAGTCGCCCGCAACGGTAACATAGGCAACATCGTAAGAAGTTGTGGTTCGAGGGCATCTCTTGGAACTCTACATCTCGGAGGTGCGACGTTACCGATAAGCGTGGCGCGCGCGTAGGCTTTACCCCTAGGTGCATAGCTGCGTGGTAACAGCCGGCGTGGTATGCT,970,52.06,Mus musculus
SEQ_860170,GGAAGTCAGATTTGGGCTTAGTTCCGATAGCCCTTGTGCGGATGGAAAGCCTGCGATGCATTAATGTGTATTTTGTCCTATCAACCCACGCAAAAACGACGTCATAATTTTTTTCCTGTTTAGATC,126,42.86,Escherichia coli
SEQ_769643,AAATACTGAGATAACGTAGCCTTATACCCTCGAGGGATACGAACGCTCTCGGGGATCAATGGTTTTCCTTCCTCAGTTTTTTTAAACGCTTGACGTGATTATTATCGAATGAGAGGCGTCGCGGAGACGAGGCACATGGTGCCAAATCTATTGCAGTTTCGAGCTCAAAGATTACTGGTTAAAGCGCAGCTATTCAGTCCATGATATGTAGTCAGGCACCGACAAGCGGTTCCACCGACTACGATTCTTTCGCGTACGAATGTAATTTTATACTATCTCTACCTTCGCTGGCCAGAATGATTGATCATTGCCCGGCTATGTTAAGAGTGCTGACGTGGAGGGTGCCATAGCTGCGGATGCCTTACCCTAGTGCGTCTTACACCACATGTTTGATGCAACTTCGTTCGGACAACGCTGATTAAGGCAGGTCCCGGTAGGTCTTCGACCGAATACGCTCATTGGCATATACATTTTGTGACTCCGAATGCTTGCCGTGCACCTAGCAACCTACGAGTGAGAGGCACTCGTCCGTCCCCAATTCGCGCACGAAGCCAGGGATTGCCATGTTGTTATCGGGTGGGACACAGCCGCACTTACCTAGACGAGTCATACCCGGTTGCGCGACCTCGGGAATGTGAAAGTTCTAGCTCAAAATGGCGCCTAAGAAATAATAGTGTTGGGGTCTCCGCAGTCCTCGGAGACCGACTGAGTTTACCCACTATCACCTCGGGCACTCCATAGTGTCCAAGGGTCTCATAGCTCTTGGATCTGTAAGACCCTAGCTGTTACTCAATCCACTGTGCGGTCCAATTCTAGGAACCGATTAGAATAATTCTCCTAACATTGACAGATAACTCATTGGTGAGAAGGGATTACGTCATTTTCAAAGGAAGTTGCACAACTATCCATACATACCACACCCTGTCAAAAAATATACCAAAAGTCACACATCCAATTATCGCGGCCCAGACTCCTTGGAAGCAAAGTAAGCTTAGAAGGCCAGCAACATTCTATTGCGGGGCAACTCAAATCAGAGTCCCCTCCTATCCCTTGGGGTTCCAGAGGGAACACAAACCGTGTATATCCGGTGATGACTGGAGCCCAGTTACGTCGTACGAACACGATTTGCTGCCCCTACGGACAGATGACGCGGCAAGCTATTTAACGGCATAAGTAGCAAACAACCTCTATAACCGGAACGATCACTGACGATCGGCACACTAGCTGGCAGTTACAATTAGGCTGTAGCAAAGATACCTGGTTACAACAGAAATCAAAGAGCAAAAA,1287,48.17,Escherichia coli
SEQ_400132,TTTTACGTGAACACAACAGAGTCACGCATTTCGTCAAGGTTGTGGGCATTAGGAATCAAAGCGTCGTTTCCCGCTGGCGGGTATGCGCACTTGCCTTTTATATCACGCACGAGCGCTTGCTAACTAGACGGACTGGATCCTCTGGCGACCTGTTTTCACCCTAAATGTTTACGCGCTAGTATTTCCCCTGTGTTACTAGGGGCAATATTACCTACAGAAAGGAGATCACACTCATTATTAAAACTTACGCGTATCGGGATTTCTTGGGACAGGCGCTGAAGCTCTGCATTAAAGTTCGTGTACCCCGTATTAATTTCAGAGCTAGGTGGTCGTTGACTTGGAAACTCGTAGCACCGTCTGTAACTCCTCGCCGAGAACCGTGGTGAAGAGCGAGTGCGCTTGGCCGCCGCCGGCGGCTAAGCACAGTCCTCAGGTGCACCTGCCGACATAAGAGTGCATTCGCTTCGTAGGCCCCGGCCATCCATCCCGATCTAAATATGGTCTCCTGATTTCTTACACAAGCCCGACGGACTATAACGGCAAAAACGGGCTACAACATCTACCAATAACTGAGCATGCCGGACATGTTGGGGTCTTCCCTTTAAGAAGGACAATAGCGTCCCTGTAGGCACATTTAGACCACTGAGGTCACACCATACCTCATGATCAGCCTATACGTACGCCCTCCTCAATCCCAGCCTGAGATTACGCTTGCAGTCGTTAACGAAATAAGCCGGAAATAGCCTACGGCTTTTTAACAATGTCTAAAAGAGAGATTCACACTTCAATTCTTGATGCATGTCGAATGGTGCACAAAGCTGCTCTCGCAAGCATACATCTACCGGGGGAGAGGTATCGGGTGGAAACGACTGAGCGGTGGTGGATGAACCGCACGTCACATGTCTTGTATAGGTGGCTCATCGTGTGCAGACATCTTCTACTGATCAGCAAGCACGCGTACGGTGAGCAATTATTTTAGAGATCGTGATCCAAACATAAAACCATGCATTCTCAACCACAAAAGCACTTAACTTTCATCAGGTATGGTGCCTCCGATCGGCCACTGCGGATTAAGTAAAAAATCGTGTCAGTTTGGTAAGGGCACGCGAGGCTGTCCTGACGATGCACCATACCATGATCCAAGTTCGGCTTCCCCCGAAAGTTGCACGAGTAGCATGACCTACGAGACTGACTAATCGCCAATCTAGAACCTTGAGGTCTCCTGGCCCTCTCGAACAGTGGAGCGCCAGTGATGCAATAAGACCTTTGGTGTAACTCGGCAGGGCAATCGGAGATGATGTGGGACGCTGCGTGTGACACTTCTCAACTCGAATCTAATAGTCCGTACTGCCGTATTTTGGGGGTGCTTGTAAACTGACGTAACAAGCTAACATTATTCTGGAGGATAATGGCATGTATTGGTTGGGCAGTAAACATGTTCTTTCCGCTATTGACTTGCCTGAGATGCCCGGTTTAGGGTCAAAACAGGTGACTGAGCTATTCCTGCATGAGAGGACGAAATTGGCCTTAATCAGT,1536,49.15,Saccharomyces cerevisiae
SEQ_605467,GTACCGCATAATCGCCTGGAGCATACGATGAGGTATATCGAAGTGAGGTCGTCGCTCGAGTCGAACAGTATACTTAATGCAAGCCACAAGATCACTAGGGGGGCGCGAACTTTGGCAGAATCGGAGATATGCTACCTCTATATCTGGGGCGCCCACGTTGCCGCTGTGATGCTCATCCGGTAACGTTCCACGTTCATGTTCGAGCCAGAAGTCCATTGGTTTGCAGGAACCACGTCACTAGTAGATACCTCCTCTAACCTGACGCATACAGTGAGATGCATCAATGACTTCATTATGATCCGTGGGTCGCGTCGAATCGAACTCATGAAATAATTTTCGACCTGACAATATTACTCGCGAACTTCCATTTATAATCAGATATGAGTAACGTTTTTGCTCACCGGCCCCCCTAATAGGCCCTCGCGTACAGTAAGTCTGCGTTGTTTTTGCGTCTTTGGTCAGAAGACCTGACTGGCCCGGTCTTCACAATGTATACTCTAATCGATGAACAAGTCCACGTGCCGTGTATAGCTGAAGTATTTACAGGGGGTTTACAGGTTCGTTCGGGACGTCTGTGCCTGCAAGACCTCACACAGTGACTCCTACTGTAGTGTGACTAAGCCTTAGCGGGAGTCACAGGCATACGCCGCCGGAGACAAACGGCATTAAAGATGGAACTGATTGGTCTGTGCGTTTCTGTGTCAGTTCCCCGGTTGAACGTTCGCGCGTATCGTAAATACAGTGCGGAATCCATCAGTCTCCTTGACGTCTGAATGCTCGCCACGTCTGAAGGTGGTCAGTGCGCTAATTCTGCATCTACAGCAAAACTGAAGTGGAGATGCGCCGTGCCGAGTTGATCGGT,862,49.88,Homo sapiens
SEQ_645124,TGTCGCATCCATCTTTCACTAGTTGAGCGACTACATGATTTCTGTTCTATAGCCCGCATTTTCTTGCCATCTAGTCTCCCCCGTTTCCACGGTCAGGCATCCAGCATGAGCAACACCACACTTAAATGGGAGGGTCAGGCCGTCGGTGGGTGATCCCACGGTTTTTCCTTCTAAGATGACTCGACCCGATATATGGGTTGTCTCCCAGGATATTGGGGTGTTGCTGATCAACAATCTAATGCTGCGATCAGTCTCAACACCTGTAATCCCTCCTGGAGTCTGTCTCATACCCCATCGTACTCCACCAGTTGGATGACCTCGTGTTTATCTGATACTGTATTTGATGGCACAGTGTCAAGAAGTTTCATCACCCACAACTCCTGGGCGGGATGTCTTCCCGGAGCATGCAAGATATGTCCGTTTATAGGGTTACTTCTCCGAAGGTGAGAAAATGAACCCACTGGACAGGTAGTTTGCGTAAAACTTCCGTTCGCTCCTCACGCCAATAGGGAAATGAGCTAGGTGCTGTTCGCTGGTAGGGTCGGTATGTTGTGACTGAGGCCCTGTAGAAATTAGTTAGCAATCGTCGCGCTTAGGCACCGGGAACTAGACCACACCGAGTCGGACCATTATGTTCGTTGTAGGCAATACCCATTCGGCACGTTACTTGGATAGGGTCGGGTTCCTGCGCTATTGCCGGTTTACAAGATGAGACCATTACGACTTCGGGCGAGGATCGAATCTGCTTGCATTTGTCAAGTGGAATGCTACATAGCGTACCGGTTCATTTATGCTGCCCCTTTGTTTAATAAGTCTCTAAAAGCTGGCGGAGGCATGTCTCCCTGTACATTGAATTTGAAATGGTTAATGCGCTCCTACGCGGTAGCCGTATTAATGTTGGAGGGTTGGTCTACTCATCAATGGTACTATCGGAGCAACGCCGCCCCAGAGGGGATCACTATTGCCACGATGTCATTCCTGTGTGTCGCCGTCGACTCGACGAAGAGTTTGTGCTCCTG,1019,49.75,Mus musculus
SEQ_555493,CCTGGGGAGTTGATGTGGCAGAACTAGATCCATCGAGGTCTGGTTAGCGATGAACTGTAGGACCGGGTCGACCCGTAGTAGTCGTGACGCGACCGATAGCTCCGGAAACCAACTAGAGCTACTATAAAACCGGTTTTGAATGTGGCATACGTATTTAGTATCTGTAACACGCGCCTTCTGTGGAGCTAACAACACACTGTAGCACTCTTTCTAATGACAGTAATAGCGCCCTTCATCGGGACAGAATGCTAACGTGCCATGTCACGCCTGTAAATATTGAAGCCTGCATCCCGCAACCCAAGTGTCGACTCGAGATGTTACAATTAGTGGGCCGCCTGCCGGCACGTTTCGGGAGCGTAGAAATATTCGAACACCGTGAGAATAAGGTAGACCCATTCTTCCAGTGCACTGAATACTCGGCCGATATTTATCATTTAAGCAACAAAGCTCATGCCTATCATAGGCTTGGAACTCACTTCCAAATGCCCTACGCGCTATATCTATCTATCCAAAGATCGTAAAGAAGTCCCGGGGCATATAGGGCTGCATTTTCAGCGCCCTGGGCGGTCTTGCTGAAATGTCTAGCGTTGTGATATGATGATAGCGTGTGACTTATGGCCTGCCGTCGCTCGAAGAGAGGCGACGCGAATGTCTACAGGAGGCCACTGTAGATCGGTACTCATCCACGACCCTTTATCTACTTAGAAGCCTTGCGTTGTAGTATTTACATTATATGACTGGGCCGGGTTCTGTTGTAGCCTGACTCTGGAACTAAAGTCACTAATGGACTTGAGTCAAAACCTGAGATGGGTTGCCTAGTTCAAGGCGGAGGACGAGCCGTGGTTTTGGGACCCTGGTGGCGATAGCGATTAGTTGCGTATTCAGGTACGAGGCGTCAGTTCAGTCCTGGTCGACGACCACCCTATGGGCTATGTACGGCTCTATCGTGAACCGACTGTTGGGTCCAGGCCTACTGTCTCGCGTCACACTCCAGAAAGTCCGCGGAATCGCAGGATTCGGCCTATGGGTGTCTGACTATCAGCCGTGGTATAGCCAATCCCTAGGAGTGAATAGATGGCTATAAGCTCTGATAGAGTGCTGTCGAGA,1107,50.32,Escherichia coli
SEQ_795510,GTTGCAGGGTGACAACAACACCAGAGTGGCGTCATGCTGGTTATGAAGGCGCGGTCGGCCCCTCATCGCAGTGCGTTTCCCCATTGAGAAAGAGAAGACGGGATAGCAACCGAAACCCCGGGTGCTCTGGTGGTTGCGGAGTCCCCTTGCAAGCAGCATGAAGCTAACACCGTTGAAAACATTAGAACAACGCACCGGACTCTACCCGGTGGCCAGACTCCTCGCGCCACCTGATTTGGATGGTAGGTGCTTGCGGGGGAATACCCAATCTCTGCCCTGGTATTGCGCAATATGTTACTGTTGTATTACGCCAGCCTCGTTCTTGTACTGTAGTCGAAGCCATATTTCCTCGTTGGCAGGATCTCCATCGGGATGCTATGATACAAAAGGGCGAGAAGCTTTTGTCCGGACACCTGTCCGATGGTAATTGCAACTAAAGGG,441,53.51,Escherichia coli
SEQ_153610,CCGATTGACCAAGCAATGGAGAAATGCTCTGATGAATGAGCTAAATACTTTGTCATCAATTAGCGTGGCTGTGAAGTCTGTCTCGTTGTGTTTTTTCGCGCATTGCTAGGCTGAAGCACCTGCTATGGCCGGTGTTTCCTGAGTCAACCGTGTAGGGTTGCACTCCCATAACAGACAAGATGGGGCCTAGAATACAGGTCCAACTGCTGATTTGCAGTGCTGGCAGTCAGTTGCTTACCTGGCATTGTGGCGAGGCACATCTTTGAGCGAAGTAATTCTACGCATGGAGCAGAGGGTCTGCCTCGTGCGTGCGCAAGGGCATGCAGCGGGCTGACCGCTAGTGATTCACCAACAAAGTCGCTCAAACGTGACCCAGATGCTATAGAACCCGACTGATAGTGAAGGCTCTATTCATTGGGTAGGAGCATCCTGCGTCGATGACTGTCGTCGACCCACCTCTAAACTTAAGAGCTACATTAGCCTATACGCGGTTTAAGGGTTTACTGTTCATTGCTCGTATGAGACAAAGCCGATCGAATCGATTCACGTGTTCGAGTGAATGGGAAAAATTGTAGAAGGGCGAGACCCGGTTAGAACGATCGGAGGCCGGACGGACTTAGTATAGGTACTGACCCTCTGTGAATCTGGTATCGGTAAAATTCTCGGGTAGTTAGATGATTGTCGTGAGCACGAGCACACACGTCATCAACAGGTTGTAACAAGAAACGACGGAGTCCAATTCTCCGGGTTTGCAGGAGTTGGCGTGTGGTAAGACTAACGTATGCTCCCGCTCGACTAAGCCTAAGGTTCGGCTTCTTCTCATAAACTACGTCTGGTAGGAAGAGCTAACGATTAGCGACCACGCTTCTGAGTCTTAGCTCAATCGTCCGGTCCGTTTTTAAGCAGTACCCAACCAATTGCTTCTAGCGATAACGGTATTCTAGGCAGACGATAGTAGCGGCCCGCCCAACCGCTGAGCGAATACGTTGTTGGAGCATGCAACAATGGACGGCTTTCCACAATCGTGCGCACAGGAAGACAAGCACGACTGTACTGGGCGAGCTAACCGAAGTTTCAAGTACAACTCGTATTCATCATGCGCGGTCCAAATATACACAAATAGCGCTAGCACATATACAGATAGTCGCGCGTGGGCTCAAATGAAATCTGATTAGGAAGCTAACTGCCAGATACAGGGAGTCAATGCGAATCTACAGGGCCCGCGCATTGCTTGCAATAATTCATAGCTCAGGAAACTTCTTTACGTCCTAACATTTCTTCACTTTTTAGGAGCGTATGGATGGAGGCGATAGTAAACCGACGAGCCCACACTTCCAGACGGTGTGACACTGAGAATGTTCACATTGTATTCCTAGTCGGGCTCCTGATCAGAACAATGCCCCGAAGGGTGAAGGGTCCGCGCACAGCCAATAGCTCTGCTCCTATCTTTAAGCTGGAGTTACGGCTCTTTGCGAGACTATATTGTATCGACGTTAGCTGAATAAATGTTACGCGTCC,1518,49.21,Arabidopsis thaliana
SEQ_126951,CCTCACCGTCACGAACGTTTGTTCGGCACGTTCGGTTAAGACGCGCAACGCAGGTCAAGCGTGGTCGGACGTTATGCAGTACTTCTCAGAGTAGAATCTACAGTGCACGTATCGCCCTGGTCACTTGGCTCTTAAATTCAGCCCAGATAGCGCCTGGTAGAAGGAATCACCGTTGTACCAAGCATTTCCGCTCCTGCTCACAAGTGCAAGAATCATGGCGAGAGCCGCTAACTGGAGTACGAGTGGAATTGTTATTATCTTCGCAATTCTTTCCTTATTGTTGGTGGACAACCGAATGTACGCTACACGTAGTCAAAGTATCGTCTGCGGCCCGAGCCTCAACTTAAAATGAAACTTATAGAGCACGTATATAAAGTGCATAGGTTAACGTATACTATACATGAAAATGGTTACCCACGTTAAATAGTCAGGTACCCCCCAAACGTGTATGCAGCTTTGGAGAGGCGTGCTTGATGGACCTCGTGCAATCGTGCACCTATCGTCGGCGGGTTAGAGACCATGGTGGTAAGACTTAGGACACCTAACACGCAAAGGGTCTTGTCCGGCACCTATAAACCGCAGTTAATAAATTGAACTCGCTATGGGGGGAGTGGGAAGGCCAATAACGTTACCCGGGGCCTGAGACGGCGTCGTGCGATATTGCTACACGGTGATAGCCAACAATTTTTCTCAATAACATGTCAGGTAATTATGTTGTGGCGAACACATGTATAAGAAACTAACCTCCACCGTCACGGAAGTTCGAGCCCTCGAGGTCCCCCAAGCTAAGGCGATATGCAGGAGTCCACAGCATGTACTGACGTTACTGTTTTTCTATTGCGATGCTGCCGAGGAATGGAGTCATCGGAGTTTCGAACGTCTACCGGCTTTACGACTTTTCCACTGGAAGGACTCCTGGTGATGTCCTAAGATACCGAGAAGCCGCGCTGTGTCAACATAAACACGGTCAATCGAGATGGGGCAGGGATTCTATCCTGGTGCCACGCGCCGCGGGCGATCGTTTACCTTCGCAAGGTAGCTACGTGAATTCTCAGGCACAGCGAATCATGTCTTGGATTATAGGTGGTTAGGAATTGGTATGGGCAAAGTACCCAAGGCGGAACTTAATTGATATCTGAAGGTAGAGGTAGCAATCTATCGGTAGTGTAAGGTCAGGTGTTTATTCTTCTTCTTCTTGGAAGCTTATACTGGTTCCTCAGCTAAAGCCGAGTGGTGAATGGGCGCAGGAAGGGTTCGTTCACTCATAACCGCGGACAACCCGATCAGGCGTGACTCTGATGTTAGACATTATCTCGATAGGGTAGAGACGACTATGACAAGTGTGACCTCGCTGGGTCCCGGTACGCGTGGTACTTGATTCGCATGAAGTCGAGCTTCTCAAGACGTTGTTCCCCAGAAGATATGAAGCTGAACTGATAGGGGTAGTCCTTCGCACGTTGTAAAGCAACCGGAGATACCGCTTTGCCGCTAAGAAAGCGATCGAGTAACATATTAAAGCTAGGGGCCGCCGCCCCGTCGCACTAAGTCGTGTTACTCCGATGCCACACTCGTGCGGATCCTTATAAGGAGATTCTATCATCATCACCGGCCTTGGCATTGTTGCAAGAACTCGCAGGCCGCCGCCTACTTACAGGATATCCGCCGGTTTAGTTAGTATTGATACGCCTAGCGATGATAACTATCTCCACTGTTGTTAGCGAAATGGTCTATGCGCTTCGAGTGAGAGCTACTGCATCATCCCGATCCTCATATGGGAGTATCCGCAAGACCATGGCGCCTTAATTAGAAAGCCTTGGGTATAGAGTGATCCTAGTGTTCCGCTCCGCTAATCCATTGCAATGCGTTGGAATCTCATATCGTGGAACTAGAAAAAATGGCATTGCCGCAAGAGGAAGCTAATTTCGGAGGGAAATCTCTGAAGGTGGACAAATCTAAAGACATGTGAAAGTACTCTGTTAAGGTTCATCCTTGTGGGTC,1998,48.95,Caenorhabditis elegans
SEQ_933634,GAGACCTGCTATAAATTCGCCGACTCATTGGCGCACGAGGTGATTCCAGGGGCTTTGGGATTGTTTAGATTAACCTTGCATGGGCCCCGGGTAAGAGGAATGCACGTGAGAGCCCAAACTAGTACATT,128,50.78,Saccharomyces cerevisiae
SEQ_447995,TGCAGCAAGAGAGGGTTGCGGGTCCTCGAGGCCCTCGCCCCATAGATCTAAACTGTTATATAGTATCCAGCGTGTACTTCAAATGACCCTTATAGGTGTTGGACGACTAGTGATATAGCAGAGAGGAGAGGTGAGATAGTCTCACGAAAGCTCTATCTAGGCCTCTAAGGGAATTGTAGAAAAGGTATGTCCCGTCCTTAACAGATTCCCGTAATCTGGAGCACCGTAGGGAACATGCTTAATTAGGCCTAGCCTGGTAACTATATACTCGGAGGTCAATGGGTAGGTGTCTATGGGATCATCTATAGCCTCTCTGAAGCAAGTTCTGAGAAGGTTAGTTCCGAGAACCGTAATCAGAATATAGCTGGGGAGCTTCCGGTGTTGTATGTCTCTTGCTCGGAAGAGTGGTGATTAGTGAATTAGGTTTTCCTGGAACTTCTGCGTTATCGCCACTGTTGTTGACGATGGAAACAAGGGTATGAATAAGGATTAGTAAGGGGAGAAGATAGTCCAGGCCTTATCCCAAAAAGTTAGCGGCCAAAGGAAGGTGCCTGGCAGCCAATGCCTCCTATCTCGATTTACTGGCGCACCCCACGGCTCCAACAACTCCCGCATCTAGTACCGAAACAGTCCAAGGTCTGACTCAAAGGCCCACCGGTTCCGAAGTTTTAACCGGCCAGACATGACAGACCTGAATATCTGAGCTCATATAGGGGAAGTGGACCCTGACGCGACACCAACAACGCTATGTTAATAAGAGCTTCTCTGCGTCTTCATGGTTTCCTATCCTACGGAACGATACCACAGAAGTTCATCCAAGCGAAGGCCCACCTCACTGAGACAGGCCCATATAGGGTGGATGTAAATGGAAACTCAAAAAGCCACGAGCCACAGTTGGTTTGAGCTTCATGCGGACAGACGATAGAGATTCCCCCGAGAGAAACGTCTCTTCTGTACGATTGCTGGCGCCATCTCTGACCTTTCTACGGATCAAGACGATAGCGAAAGTGCAGGTAACCTTCTACATATAATCTAGTTACTCCCAGACGACGACGCATGTCTCCACCGGGCGCTTAACCGGATTCTTTATGTCCCGCACGCTGCATTGGAAATCCCTATAAGGCTCACCAAGGAACAGTTCGAATGATTGGTATTCCTAAACATTTTCATGTGCGGTATGCCCGAGTCTTCAGTAATTTGGTGTTGAGGAATAAAGTCTACGAGGATGTAGCATGAGTAGATATAACTTGCGACAATCTAGGACGATCGTCGTCGTTATTACTTGAAGCAGGGATAGACTGGCTGGTTTAGGTAATCTCGCCGCCTGGCCTCATACAGCCGTAAATACCGGTTAATCTCGCGTCAAGGATATTGGCAGCGCAGTCTATAGACCCAATAGGACGCAACTTATCCTTGAAAGATGTTTATGGGCTTGTACACTTCCGCTCCCATCTCTGCCACCTACGGACCTATGACACCACCAAACGACTACCCGCGTCTTATCAGGCACTCCGTCGTGATTGGAATAACTTCAACGATAGTCGAGCCCTGAGGGACCAGTCTGGACTGCGGAATATTAGGCAGCTAACATGAGGCGACGCCTGACTGGACAGACGAAGTCGCTGGGAGGTGTCGTAATGGGCGC,1645,48.94,Mus musculus
SEQ_425446,GTCGTGATCGTCGGAGCAAATCCGAATATACGGGACTCTAGCCATCATGAAATCATACACTAAACCGTGCGAAGCAGTTCAACAGTTTGAAAGCTCAACGAGGTGGCTTAGGCATATCAGTCGCACTTATATTGTCTTTGCTGATAATACATTCTCCATATCATTTTGATCAAATAGAAGAATACCAAACGCCGCCCCTTATATTATAGCTCGTAGATAGGGCGCACTACTCATCTAGGAGAGTTAGCCAGTATGTCTCCGATGAGATGGCTCAGAACGTCCCTGATGCGTTCGACTGATTGGTTCGACCTCGGGTACACGCCCCCACTGGGAACCCACCTTTGTGCTTAATCCGAGCGGGCCTGACCGCCCGCGTTATCCTGACTAAGACCCTACGCGATACCCAGTTAGCCATTCTCAATGATAAGACGTATTGCAGACCTATAGATACTAAATTGTTTGTAGCGGCCTGCGCCGGTTTTTAGCGTTTGATATATATCGTCCCTTATAGCTCGTTGCTCCTCCGTGTACCTGTCCGTAGACGATAGAAGCATGGAGGCGCTCGTAAAGTACAACTTGCATTTCACGAGAGGGGGGCCAAGCGAGGGAGGTATGATGGTCAAGTAAATTGGAACAATTTCGTCCTATGACCATTGGGATTTACACGCACTTCCACTAACCAAGTCGCAGTATGGTCTAGCTCTTCTCCTCCCCCCGTCCAGACTGAAGTCCAGGAATCCTTGGAAATGCGCGACGCCTAATTGTGACCCCGCCATGAAGTCCATTTGAACAAACGAGATCGCATATGGTGCTCCTGGTTAAATCACAGTTTCCTTTTGTTTACACCATTGGCAATTAGCACATGGCCACCAGTTGTAAAGGACATAGTCAGTCAAGGCTCATTGAAAGAGAATTGGAAGCGATTGCCATGGTTTAGTTCAGTGGCAGTTCAACTTGCACGGCCCGTAGTATGGGTCGCTACGCTCTCCGCTAGCTAGAAGAAAGTTGGGGGCAACTATAGAGCAATGCATTCCACTGCAAACATTCTTAACAAAAACGTTTAGGTACTATAGTTCCGTCAATGGAC,1087,47.47,Homo sapiens
SEQ_746045,GGCTAGACTGCATAGTCCTTCTGGTTGTTTGACCGGCCTCACAAGTTTCCATCTGGGCTTAGGAGAACGAGCCATACAGAGACTTCTTATCGGGCTGGTTGTGAGTACTCCATGCAATGGAAACCTGGAGTGTGGCCCACGCATCTCTAACAAAACAGTAAAATCAGCACTAAGGCAATAAATGACCAAAGTGGGCGACATGCCGATACAGCACTAAACCAAATTGAATCCGGGCCAGAGATACCCTTGTAAAACGCTCTGTTTAAATGGAAAGTCTATCCGATGAGGTACCGTCTATACATCTGAATGGATAGACTAGGTTTCCCCATTCTTTTCGTACATCACTCACGATGTCTGTTCCATCTAAGGCCTCGTAATACGAACCTCCGGGACATCGTTGTCAACCGCTTCGGCGGCACTCTAAGTCCCTAGTATAGCAAGCCATGCCCCGTGGGACTCGCTGTTGACCCTACGGGGACGTCATGCTCAGTGCGTAGGCTTCGGTCAGTGCACCTTTGCGGCAATGCCAGTTTCCGAGAGGCTTAAGGACCTGGTTGCTTGTCATGTCCGCAAGCGCAAATGGTGCGGTGCTCGTATAGCGACTACAGCTTAAACCGGCGACGGCAGTGCACCGAAGACCCTCCATCTCTTAACACTGACTGAACAAGGACTAGCCAACCATCGTATTACCTACTCCCGTAAAACCCCTTCACGTCGTGCTGATAGGAATGCAGCAGGGTCAGTAAGGCGTGGAATTATATGCTGTCGGGCGTACCCCGGACCTAGACGCTCGGGTGTATGACGGGCATGGGACAAAACTGATGGCTAGCTCTGCAGTGCGGCTGACAACTCCGCTCGGGCGGTCATATAGGGGCACATGTTCCGCTGTTGTAAAATTCCGAGGGATTGCTTTCTGGTGACTACGTGCAGCATTCGGTGTGTACAGGTTGTACTTACCTGGGATGTATACCACAGTCCCAACGGTGGGTCGATGAGAGCAAGCTGCTGAACCCAATTGCGAGGAGTTAAATGGCGCAGTTTGCCCAACTGAGCACTCTAGCCATCAGCCCTCTTTGATCTGCTAAAATCTCAACGTACGATACCCATCTTCCCTGTCATAAGGGTCCCAGCTTAAATGACTAGTCGGGATGGAAGACGGGGGCCGTAGGATGCAACGCGAATTCGTCTCTTATCTGTATTCAGTTCGGAAAAACGTCCTACCCTTGCAGGCTCTCCTGCAAGTACTTTGAAATGTTGGCTAGCCGGCCCGCCACTTCCGAGCGTAGCGAGTCCAAATGCGTGTCGACAAGTGTAGTTAAGCCATACGTGAGCGGCCCAACACCGCAGCGAGCCGAACGCTGGCGCAGGCGAGTGTCCTATTACAATATTTCTGAAGGAGTCGTGAGAAATAGCCCTTGCATCGTTCTACTGAAACTTTGGTTGTAATCGAACACTAGAGACATAACCTTCCCAGCCCGTCTCCTGAGACCGACTACCTCGGGCTTCTCCTTCATAGCTGTTGGAGAAACAGATGAATCGTGGCAGTAATATGGTACGTTTAGCTAGGGCATTCAGAGAACTTGAGACGGCAATGAGGACTGCCAATTGAGCGGAATACACGAACTGGCGCGATCATAGTTCGCGTTGTGTGCTGTGGCCAACCTGGCGTTCAGACTGTCCGGGTGCTGCAACTGCACCGATGTGTGGAGGTATTAAACTGATTTCCCTGACTCTCAGTTTTCAAACGGGTCCTAGTTCCCAACCCAGGGAGGAAAGACTGTGGCGCGATCAAAGAGATAACAAGAATGTAAATATTGATAGCATAAACCGCTCTGTTCCGGATAGCTTTCAAATGTTAAGGGTTAGTAGAAGATCAAGCGCTTCCTGCAGGAGCACACG,1899,51.03,Caenorhabditis elegans
SEQ_232836,ATGCCGTTCGGTTCGCAGTCGACACAGGGACCTCTGTACAGGCTTAGCCGTGCCTGCGTCGTGTTCATAAGCTACCCTACCTGCCCCCTGCTGTTGAGACTCCCATTAATGCTATTCAGCCCCAGTTAGTGGATTCTGCAAGCGGTAGCGGGAGTTGCCATCGCAGCCCAACGATGAACGGCGCTCATAATGTGTAAATCGTGTAAATGCATCAGACGATTCCTTGGTTACGACGTCGCACGCCTACCGATTCTAAGCCCGTACCTCTACGTGGATGTTTCATGAATCGTCCCGCGTATCGTTATTAAGACACGCATATACCCAAGGTTTATTCTGTAACGCCTTGGACTCGGGGTCCTAGCACACCAGAGTTCTTAGTCTTACTTCGTTTCGCAATAGCCGCTTAATGCCTTTTAGGGCTCGTTGCGGTACACCTCAGTTCGCGGCAACTAGATTCAGTAGGACAGAGCCGACCGTCAAACCTACCGCATCTTCTTCGTGCCACCGTATCGCTGAGGGGAGGATCCAACCAATCTAGTCTGGCAAACATCCCTTAATCTATCCTGACCACAGTCACACTAGATCAGGACACAAGCCAGATCCTGACATAGCTGGCTACAAATCTAAGAGCAACTACTTACTTGTTATTGTCGAAGACCCTCTTCGGGTAGCGCTTTTTCTTATTCGGGGCAGTTCCAGCGTCCCCGCAAAGTTGCGGTCCCTTCTCCCATTACATAGCCCTCACACCTAAGGACACAGATGAATTCTTTTGCAATGTACTACCGGGTCCGCTTAAAGACCCCTTACACGAGACCTTGTTTTGTCACCCACTTGTATGGGTACGC,845,50.77,Caenorhabditis elegans
SEQ_243588,AGTAGTGATATACGTAGTCCCGAGGGCAGACTGTCTTTAGAAGCGTGACTCATGGGAACGCCAGCTCTGAATACTATGGTCGTGGGGTGGTTTACCCAAGGAACCACTAGTAGCCCCACAATGCTTTTGTTCAGTCGTGAACTCTCCGTTCTTTAGGGATCCGGGAGCGTACGGGGCTTTGCACGGGCGGCTGGGCCGAGCTTCGATCGAACCAGCCGTCACTTCCCATCTATGGGTCCTGCCGGCTTGTTCCCCCAGTTTAGGGCTCTTTACGGTTTAGTTGGAGATAGTCGGCCGGTATCCCTTGAAGGAAGCACAGTTTGCATTCTGTGCACCCGACGGAGTAAGATTGACTATGAATTGTGTCAACGAGAGTCGCCGACGGTCCAGGGGTAACCGTAGGACAGTAACCGTTGCGTCTTAGGCGATGTCATCCCCGGGGCTCACCCCGAGAAAGATCTGCCAAACCAAGAATGCGACCGGGCCCACTGGCTAGTCGCCACGCTTTACTGTTCTGTGACGTCTATGGTTTGCCGATTCTGGGTAATAGACCTCCTCTCTTGATTGCCCCGCCCTCATATGTATCTTGCTTACGTCGTGCCGCAGACCGCGGCGCGTCTTAGACGTCGCCGGGGCCGGAGTGGAAAGTAATTGTTGTCCCCTATGAATTCTTCAGCAAGAAATGTAAGAGAA,693,54.26,Homo sapiens
SEQ_718309,GCCTGAACAGCGTGTTTATGCTGCCGTCGATAGCAAAGGACGGTGAGTGGTGTTGTGGGCCTTTAATCACGTTCAAGAGTAGAGAGATCGTTGTAGACGTAAAATCTACAGTATTTCAATTGCCCGGCTCTGCTTGACACCATTTTCTACCTCGTATATCGAGATTGTGATTTTCAAATCACACTCCAAATGAGGACCCTTGACCAGTATGTCAGGATTGCGGACTCAGAAGTTCGACCACCGATCAACGTGCCGAAGTTTGGGGTGCGGAAATCTGGCACAATATGTGCGACCCGTGGACACAAGGATCCGCCGGTGCCCGAGGCGCGCCTATTTTCCTATCAAGTCATACTGAGTTCTCTAAATATGATCTTTCAACTACCCCCCACAGATTATGAGGACGCCTCGGGTTCTTAGTTTTGTTAGTTAGCAAACGATGGATAGGAGGTTTACTCTAACACTCCCTATCGTTGTGATGTTGCTCTAACAATACGTCAACGGTCCCTCTGTTAAAGAGGGACAGGCTATTGGCAACCTTCGACTCCGATATAGGGGCCTACGTCGGGAAAGATTTCTTGCTGTGCCTTAGGTCTACGGATGAAAAGCGCGTTCCACCCCTGTCGATGTCGCCGACAAGGATAAACATCCAATCACAAAACTATATGTTCGGGCTAGCAGTAGCAAACTTAAACAGACTGCGGCCAAAGTTGGCACGAACCCTCATATACGTTGTCGCTTTGGCGGTGCCCAAGCAACCCGTGAAAGCGGCACATGTCGAAGCTAGGCCAAGCGTATTGCAAATAATTTCAGGCTCTTCCGTTAGCGGGCTCAGTGTTCGACGGCTACTCGCTACGCCCAGAAGTTCACGCACCCGCACGTCCCAGCCAAATCTAGGTCTTGCACCGTTCACTGATCGTGGCTTTATGCGGAAGCTGAGACGACGGTTAAGCCAGGCCGAAACTATCCATGCTGTCCGAATCTTACGGGCGATGCCCCACTAGCGTGTTATGTTCGCACGAAGCATATGTCAGGCACGTGCAAAACACCACAAAAGTTCCGTACTCCTCGGAGGGAAACTAACAGTAACACTACGTGTAGAGAAACGTGAGGTCGATTAGCACCCTGACCAAAGATTATTAACGGAAAAGACCCCCTGGACCAATGAATCGACTGGAGTATAAAGGCCCCATAAAGTGCCATAGCCGGAGAGACTGGAGTAAATATATAGAAGATTCACCATGTTTTCTCGCGTTACTTAGTGGATCACCTGAGGGCTACTACGAATCAAGTCACATTAAGCACATCTTTTAGTACAAGTCCGGATTAGAGCAAACGGGGCCCAGTCACAAGTAGGGAACAATTTTATAGTCGGATGTTCTGATACGGCTGCTACCTCGGCTTCGCGCGTTT,1410,49.01,Caenorhabditis elegans
SEQ_657755,CGACCACTCGATTTGTGATAGTGGTTAGTTACGCGATTAGAGAACATGGTGCGCGCCTCTTAGTTACCCCCTCTAGCTTCCCCCGTATGGACGCCGAACTCACAGTTCGAGCATAACCGACAACTGGACCAACACTACTAGGGATAAAGTGTAGACCCGTCCGAACGGGGGCCCATTTGCCGGCCCTTAGGCTCGTTCGATCGGTTATGCAGTAGACCGTGCGCGTCGATAACGGTTATGACAATGAACCACCAGGGGATGCTAATTACAATCGACCCGGGGTAGTCAATCGTCGTCTAGACCACAATGGCGTATATCGCAACAGAGTAGTTAGCCGGGCGCTAAAGGCACTTGGGCAATAGGTACTCAGCCGAAATAACACACAGGCGTTCTATATCTACGTCGAGCAGGCCGACGAGGCTCAGGCCGCACGCCGATCTTAACAAGTCGCATTCCGCCCGTTACGCATAGCTTCTGCTACCAATCTGCACCTTGTATGAGGTATGCCGCGGAGTCAGTAGCTTTTTTAAGTCGACCCGGAGCTCTAGACTATACAAAGCACGTGAACAGCACACTTAGATTGCGGAGAAATACATGCTTACGCTTTCCTCCATACCCCACGCCTTTTAGTTAGCTCGGTCGTGGGACAATCTACTCATAGGACACCCCCGTAACTACGTTTTAACCGTATGTACAATTTTAACCCCCTTCTTTTTGGACGCTCGCTGCGACGTGCCCTATCCGGTTGTCAGCAAGCACTTGTTGTCCGACACCGAAGGATCGAAGATTAGAACGACGATGGCGGCGGCGACTAGGCTGTTTGCTATTCAGTATGGGGAGCGCAGTATTAATTTAAAGTTCTCGCTCTCCAAAGATCTTCGCCATACTTACCATTCAGGCCTCCAGATAAGGAAACCACCCTCTGTATTGTCATTATGGGAGTTGTCGCGTCGGTTGTCCCAGCCCCATAGTGTACTATCACCTTGTGAGAAGGAGCATACATATGCGGTCACCAGCAACGTCCGGGTGTGACATAAAGTGTCACCTAGTCGACAAAGTACCTCTTGCTCGCGCTCACGCTC,1082,51.39,Arabidopsis thaliana
SEQ_609760,CCGTCAACTACAGGGTGATTGCGTCCGTTCAACGCGACCCCATCCTGTATACTGTGGGTCCGGCAACGCATGGGAGACGTTACTCATAGAGTCGTGTGACAATTCAATTTCTCATAAGATCTTTCCCGTATTTATGTTCACGCGTCCGGTAAAGGGTGCGGCGAACGCTGAGGCGCGCCGATGACTAGATTAGATACGCAGCTACTTTCCAGGTTTCGTCGTTGTGTCGTTAAGGTCTGTCCCCGGGGCGGTCCTATTGATTCGCAAGGGATGTTTATTCCGTTATATCACGTGAGGTTACAGCCTGGACTTGACGCATGCCTTGCGATCTTGAGGAAACTACATACGAAGTAGTACCTCTTCCGGGAAGTAGGCCCGCTCGAGAGTAGCCTATCATTGGATGTCCCAGGTTCGAAGGATCAACCTAAGAAGAACTATCTGGTATCCCGATTAAGACCCGCGCGACTACGACTGTGCCAAAGCGACGGTTTGAATCAATTTGGGATCTACACCGTTGCGTAGCGCGTCAATTCGGTCCCGGATAAATTTAGCTGGGCAGTGAAGGCACCTCTCTCGAATGAAGGGAACGAAGCCTGAGGACGCTGAGAGGCCGCCTGCCATACGAACTCTTGAAACCCCGCATGCCTTAGGAGACTTAACACAACGTGCGCCCTACTCAGCTCTCTACCGGCAACGTCGCCTAACTCGAATACCACGATCTTGTGTGCTAGGCAGCCACCACGCGACACCTCAATGGGTCTGCCGATTCTGGGGCGAGCAATTTTTGAACCTTCATTTGGTAAGAAGGAACATCTGTAATACATAAGTCATCTGGGTAGCCGAGTGCCACCCTCTTTAAACAACAATCACATTCCTTGTAAATGATCGCCTCTAGTAACCAGATCCTTACAGGAAACTCTCGAGCTAAACCCTTGGTCGATCTACCTGCAATACTGACGTCCGGTTGATTATCTGTGGTTCTAGGCCCACGTAATGTTAAGCGTGCCACAATAGCATGGACAATAGAGGGTATACGATGTTACTCCTGTTTTTGCAAGCAACTCTCGAATGCGAGAGATCGCCCTAGCAGGATAGGTGCGCCATTGGGCCAGCCAACTACACCTTGGCTGTCCCCGTTACATTCTACGATATGGAACGTATCTTTTCACTACGACCTGCCAGTCCAAGAAGGACGAGTTAACAATAGTTGCGTGGCCAACGAACCGATTTCCGCCGTTTAGCCGGTTTCTTTGCCTCTGGGACATCAATGAGTGTTTACTGGGTGTATCCAGGCAAGGGATTCGAGCCTGGGCTGACTCGGCGACTCGCCTATTTCGCGCAGACACAGACGGGGGGTCGCAGGAAACGCATGAGACGCACCCTTACATTCCCAAATTAAGTACCGTGACAACGTCCTAGGTTGCAGGACGCATCAAGAGGGGGTTCTCGTGACTATGGGACAACGTCGACGAAAAGAGAATAGATATGGACAGCGTCCCTCTGTCAAACGCCACCAATTGTACTCGGATCGCTTTTGGTTCGACTAATGTTGATATGTTAAGGTTTAGCTTTAGTTGGAAGCCGCTAAATTCGTATGAATCATGAGC,1607,50.47,Drosophila melanogaster
SEQ_893678,TAAGTGGTGGCCCGACATCAGTTACGGCCCTTATGCATTTCAAGAGGAAGCTACCGTTCTCTGACGCTGTCAGTACAACGGAGACAGCTGCTTCATTGGCCACTTGGGCTGAGTAGCGGCGGCCATTCAGGCTGCTTCACTCCTTAAACGGCGCGGTTAATAGGAAGTCCTAGAGCCAGAAGACGAACTAGACGTTCAAATGCCTATCACTTGCGTACGCGGATACTCGGTAGAATAGCTGCTTCTTAGACTAATTGTGGTGAGCCTACTGGTTCACAATTTAACTTCTACCAGGGACGGTCTACCATTCCGATAAATCTTTCAATTGAGAGGGAACCCGGCACGTTTAGTCATTCATTGCTCAGGGAAGAGGTTCGTCTCAGGCTTATCCCAAACGAGTAGATTGGCATTAAGACCATCTGAAC,425,48.94,Caenorhabditis elegans
SEQ_825501,CTTTCATTACGTGGCCGTATCGTGCTGATGGTAAGTACGCAGGAGCTTGCCCGGTCCTTACTTTGCAGGGTACAGTTCAATTTTGCCCTACGTCGGCTAAGGTACATAGATCAATGGGCGAACTCTTGAAATGCTGCTGGACGGCAACTCAGCCCGTGGACAAGTTAGCGTCATTGCGCAAGCCAAGGAAAAGGACGGCATAACCTAAACTACTGAGTGGGGCGGTCACGTCCCCACAAGCCCGACAAAGGCACCACGTTTCCGTAAATTGCCACGGCGCCACATGACGGTGGTAAGAATTTCACTTGATGTGGATTGGAGTAACCACCGATTGTGTGTTGATTATGCGAGGACCACCCTTGAGGCTTAAACATGACGCAACCCATCCTCTCTCCGCGTGCTTAGGGGGCGCTGCTTCTGGTAATTGTACCGTTTAAAGACATCTGGCGTCAGCTGTAGTAGCGTCGGGACAACATCTGACTCTGGCGCGGCATAACATTTACATCCGTGAACCCTGCGAACAGGAAATTATGGTCCCTAATTCAGCGCGCCAGTCGTTGAAGGTGCGGGTATGATGTGGCAGATTAATTTAAAATCCGGCGCCCAATTCACCTAGAAACGGTATAATAAAGTTGGCAACTTTCTTTGTTGAGCTTTTACCTTCCGTGTGGCTGACCTGTGCATCCGTAGGGAGTGGGCCACTTCCCCTACAGGCCCTCAGGGCTACGTGTGGAATCCTAAGGGCGACGCTCTGCATTGTAGAATTACGTTGAAATAGACAATAATAGGTCATTTGATTTTGTGTCGATGCAGCGTATCCAACATGCAAGCCGCATAACAAGATGAGACACCTCCCCTGGGCGGTCCCGCTCTGTCGCTAAAGCTGAAGCATAGAGCTCCTTGACCAATGGGCCTTAGGAAAGTAGAAACTCCACTGCAGTGACCCTTTGAGTCGAACTCTATCATGGTTTACTGGACCGAATTAGCTGGAAAGATACCGTGTAAGGTATAGTTACTTAGTTATCTGATTCCTCTAACGTAATAACAGAAGAGGCCAGCAGAGAGTACCTAGTCAGATACAACGGTATGATCTAGGGCAACTGCAAGCTGGTCAGATGCAGCGGCATAGTCGTGACCAAAAATGAGGGAATTATCACGTCAAGAATGCTACGAGTTTTATCTCGTCGACCGACTTGCTAATCTCATACGTTAGCGACATTAAACTGCTATTCTAATTATCGTATCTTTCAACATATATGGTTAGACCTGAGGCACAAGCCATACCCGTACGTGGCCTAGTTGCGTAGGGGACAAATTCCGTAACCTATCAAAGGCGGTCCGTGGCTCATTATTCAAATGAGTTTGTGAGTCGGTAGACTTGACAACTTGCGGGGGCTATACCCGCGACGGCTCGGTACCCCGATGAGAGCTCGTGTCTTGACCTACAAAAACCTCTGATGTCATTCCTCGACGCAGGTCGGGACGACATAGCGGTGTTCTTCCGCTTAGGTTGTCTCAATCAGTTCATACTCAATGAGTCGGAGAGTATACCCATCGCTACTAGACTCGATAAAGCTACAATTACCATTTTCAAGGGCATCCCTGGTTACCATACGGATTGTGGTCGAAATGTACAGCTATCCTATTGAACGTGTTGATATGTTATCTACAGAAATTGACGAGTCGTATTAGGGAGATGCGTCGATAAGGGCAGCTCACGCACGACCGGATGTTCTTCGAAGGACGCCTGACCCATTTAGCTAGCAGATTGGAACGGCGCCCATGGCTCGGACAAGGAGAACTCTCTTGGCCCGCCTTGAGAGGTGTAAAG,1831,49.04,Homo sapiens
SEQ_846058,TAGTACGTATAGATACAACAAACATAACACATGGTGGCTTAACGGGTACATCCGCGACATAAACCGTTGACAACTAAATAGGGGGGGTCGACAGCAAATCCTGCCAACAAGGTTGTTGGTCGCGCCCCTACTTTGAAAATGTAAATGATGCCGCCGCCGAATTTTGGGCTGTATTACAGTTTTAGCTCAGGGAACGAGGATACGTGAAAGAAAAATGAAACATTGTATACGATTTTGCGGCAAGTGTATCATCTATTAATTATATGACATAGGTAATTTGCAGGCGTATACCCAATCCCAAGCATCCCCAGGGCATACATGCCACGGTCGATTTGGCCATCTAGAATCTTAACGAGTCTCGTTCATTGCTGCATGGGGACAGAATTTACGAGATTCCTACTTGGGAAGAAAGGTTCTGAGATTAATCTGCTTTTTCCAGGTCGCTCACGCCCGCCCTAGTCACAAAATTGTGAGTCTCCTGCGTTGACGAGACAAGCGTTATCGGAATGGCGTATTATAAATACTCTGAGCTTGCGTTACATGAGTTGGTATACAACGAGAGCGGCAGACTCCAACAGGTATGGGTCCGGGGTGTTCTAAAGATACAAGAAATGCGCGTTTCGTGCGCTCAGTCAAACGCTCTAAACGGGAACGCTAAACTCATTATCTCCCCCGCGCTCGACCGCCTAGAGATGGGGTTACTATATTGAAATGGGTAACATTCAAGGGAGAGCACTAACCGGCATTTAACCATAGGCGGTGCCGACTTCGTCGAATGTAATGTATCCCACGAGTGTCGACCCGGGAGTCGCCTTGTATCCATGACGTAGCTTCCGTCCTTCCCCTGGTAAAAGGACGAGGGAGTATTTACGGCCAAAAAGGCGGATTGTGTCATCCGACGTAGATATCCACACAATGCAATTCACTCTGCACCTACTAGATAATGCCCGCTCTGTATAGACACTGTGTGGCCAGATCGCGGCGAGTCGGGCCCGTCGTTACTCGTTGGGAGTACTCTTTCTCATGTCGCTGGGAACCGCGAAGGACTATGCGGTACGTTCGCCCCGGTTACTTACGTAACCTCTACTGAGATTATTTCTACTCGAAACACCTTTCCTGAGACTCGCGTGGAACTGGTCTAGTTGGGTCGTCGGCCTTCTGACACATCTCAAATAGTGGGCGCCTGCGATATCATTTACTGTCGGCTAATCTGACGCACGAAGAAGACCACTTCGTCGTCACGCGGCTCAAGAAGCAGCTCTGAGGTTACAGTATATGAAAC,1282,48.52,Mus musculus
SEQ_391742,GAAGCCGGCCCGCGCTCCAAGATTCAGAGGGGAATGGGGTGGAGATCGGGCTGCCGTCAAGCCACCTCGAACTCTTCCCAATGGCACCTATGTGCATCTACCCTAAATGTCATGACTGAGGGTCCAACCGCTTCTCATCGCTGAGATGGACTGCTTCGCGTGCAAGAGAGAAGCAAAGCTCGGCGTGCGTTTATATCCTTGGTCAGGACCCCAATCCATTCGTTGGAGTATCCGGAAGCTCTCATAAATCCGTGGGCCAGAAAGGCTCGCGAATAGAGGCCAGGAAGATGATCCGGTCAATTGTTCCAGCATACAAGATTGGTCACAGTTTAATAGTGCTGCTGTCCGGAAGATGCTGTTAACTGTCGTTGAACGTTCTGTATGTATCGATACTCACAAAAAGGGTACCTGGCGCTTACCACTTAATCTGGTGTAAGGCAAGTTTGATTGCCATCGGCAGGTGTGATTAAAAAAATAGGTCCGCTTGCTGGGGACACTCGTGGGTACCGCTTATACTGGGACAAGTACAATCGGAGTTGGCAAAGATAGACCTTTACCGAAGGACTGAAGGAATGTAATAATTCGACCTGCACGTCAGTGTAAATTATGCATCTCAATGGAGTTAGTGATAATGGCAGTACTACGAGTTCCACCGCCTCCTTCTTGGATTTATAGATTTATCACAGGCTGTACCCCGGAAATGGATCAATATGCACCACAAGCTTCGCTACCTCTCGTTCTCTGCCTCCTCTCTGAACAAAAACCTAGTTTACTTTTTCACATGCCATCCAGGTTACCTCCTGGAGGGGCACAACGTCGTAGGCAAACTTTTATGGATCTACACGTCAAGTATTAAGATGCCTCATCAGACGCTAACGTCATCCCGAATCATACCGGGGCGACGTTCGTTGGGTTCGGGGTATGGTCTTCTTCGTGCGGATCCGTGGTATGGTTGAGCCCGGCGAATCATCGATTTCCATAGATCCCTAGTAACTACCCATGGACGTTCCGGACTGTGAACGACTCTGGCTACCCAGGTAACCCAATGCCTAGTCTATTTTCAGGTTCTGCGTGAGTACCGTAGGAGTCGCGACTCATAGTGGTTACCACATGCAGCGCGAAGATTTTCTGTCCTACTATCACAGAGCTTTCATACTCAAAACAGGCGACTTTAGGCGTCTCCTCCAGAATTGTGCCATTTTCGCTTGGCAGTTTGACTTAC,1222,49.18,Saccharomyces cerevisiae
SEQ_349338,GGTGTCGATGGATTTGTTAGTGAAGGTGCGGACTAGATAGATGGTCTTTCTGCCAAGTGATGTATTCAGACCCCTAATACGACCACCGGTGCTTACCGGCTTAGATCCAGAAGCGACGAGCTTTGAGTCGGAGATCCCTGAGTGAGTCCGGACTGCAGCTTGCTTCGCGGGACAGATAATCTATTCGGGCATTACTAGCTCGCCCCGCTTAAAGATATCTACTACAGGCTTCGATTACCCGATATGACCGCTGTTGGCGCTTGATGAAGCCTCCTAGGGACACACTATCTATAAGGTTCTTTGCCTGATAGAGTGACTATGGTTAACTCACCTCAGATCGTATGACAATCATTAAGAACGTTCTAATTCGGTCTCATCATCCTAAGTGCATTGCAGGGTACTGTCTCCTGAACTGCTCCCGCGTGTCTTGTGTTGTCTAAGACCGTACTGCCTTGGGCGGAAAGTCGCTTCGACTAGCTCGGCGGGAGTAAGCTCTGCCAGCTATACGCAATAGGAGGTATAGTTTCCTTGGTCCACCAGACAGCGCGGAAGGACAATCGACATCCATAGACAGGCTCCAAGCACCAACTATCGGGGTCATGACTATAGCCGAAAGAGTTGGCCTGATAGGAAGAGAACAATGGCGAGATATACACGGGGAAGAGCGTCTCGATTCCCTCCACATGCGAAGTTGAAACACGGGTGCGCCCACCTCCCGAGGAATGGTCCTGGTTGTGACTCATTGTCCTGTGGTGTGCTGAGTGTTCATGGAGTTGAAGTATATAAACGTATGCCGAAGTAGAGCCTTGATCTGGCACAGCTCTTACAAGATCGAGGCCTGCAAACTTTTCGGACGCGGCCCATCGTAAATCTCCGGGTCACTTGTACTGGCGGGAATTATTGAACGACAGTCAGGCGCCCGAGAATTTCGGGGTAAATGCATTATGTGCCACGTACCTGTTGGTGAATCCACTTTGTAAGGGACAACGGCATTCGACCGGCAATCGATGTTGAATTGCCCCATAGACACCCGTTCCCAAACTCTGCGTTTGGTCTCCGTACGGTGCGCTTTCTGGCTCTCTGGCCCTCGGGGGTCGAGTTTCCTCAGTGACGCTACGCACAGGCTAACGCCCGCAGTCATACTCAAACAATACGGATAGTTCTGCC,1167,51.41,Homo sapiens
SEQ_614041,ATAAAAAGTAGTAGCTCCTTACCTTCTACGGATGCTCCTAACAAGTATTGAGTTGCCGAAGCCCTCGCTTCGCCGTATTCACCCGACCCTGTCGGAACAGGAGATTCTTTGTAATAGTACTCGAGCTTAGCGGAGAGACAGTGAACAGAGCTGATGACTTTAGGTCAGTGACACACCAGGTTTAGTTGAAAAATTGCGGCGGCCTATAGATTGAATATATGAGAAAATAATCCAAATAATGTCCAAAGGGGGTGTACAGAAGACGCTAGGTACAGAATTTCTCGGAGGCGCCCGCTCCCGTGTGCCCCAAAGACAGCCGCTTCGCTAGTCGAGATCCGTCGTGGAATACATCTGCCAATCAACTTCCTGGGCTCTTAAAGGTTAATCGATTTCACTGAGCGCACGTTTCAAAAGCACCCAGCCAATGTTTCTCAAATGTGGGCTCTGACTTGCTGCTCGGCACTCAGCACAGCTGCCATACTCGAATGTGGTCATGCCAGTCAGCTCATCATGTGCATCCGTGAGAACACGCAGTGTAGCTGTAGAGGAAGCAGTTTGCCTCTTATGGGGTGGAGAGAATCCGCATGGACATATTACTAACCCCGTACCCTATTTCTTAAAGAACTGAAGGAGTCCGCTAAGCGTAGATTCAATGACGTAATGCGGGGAGAGCGGCACAGTCGTAGTGAAGATTCTTGGTCTGTCACTCTTTCGTGGCGTATCCGTTGCCTGCTCCCGCTGCAGCTGGTCTTAAACCGGAAAGGAGAAATATGAACGGAAACGCTAATAACAACCTTTGGAACCAATTTGGGATACTCCGAGGATGACCGAGACAGAAGTACGATGGACCTATGAAAGTGTTACGGCCATACACATTCACGCCAGATCGATTAGTTCTCTTATCGAGACTTCCTTTCCCAACTCATTATGTGTTAAAAAATTGATCGGTGTTAGCGAGTGTTTTGCTTCAGCACCCAACACGAACGGCCTAATTTATGGACTTATGGGTGTCTAACCTGCACCTAGTGAGAGATGCTGACTCCCTTCCTTCACTATAATTGCGGATCTATGGGAATGCCTTACGCAATAGTAACCAATGGCAAAAGGGGGTAAGAACCCGACAATTGCAAAGCGCTAGTGTAAACATACTGGCCGGATAGGAAATGCCACGACTCCGAACCTTAAACATCAGTTAAAAAAGGCACCGTTCACGCGTTTCGCTCCGCGATACCGGAATCACTCTTCTTTCCATACGTAGAAGGCGCTGCTTCTTACACACAAGAGGTATCCGTGTGGGGGACAGCGCTCAGGATTTTTTAACCCCCTAACAGCTAGGGACAGTGGTCAGCCCTATTGCGCCCCAGACTAATGGGCCGATAAGTAGCTACACGTTCTATGAGAGACAAAGTGAGGCGGTCACATGACTATATCGAATGCTCTCGCAAGAGGCCGAAACATCGTCTCGCG,1467,48.33,Arabidopsis thaliana
SEQ_642174,GACTAATGTGCGTTGTATCACAGAGTATCGAATGATGCTCGCGTGTAGGAATCGGGCATTAGAGTTTGTACACTGGTATCCCAATGAATATATCCCGTGTCGATGTGGATAGCCCAATGAATGTGGGAGCAAGAGGGTCAGGGTACTGGGAGCATTGCGATAAGTTGAGCTAGCTATACTACCTCGGGACGCAGTGAACATTCTCGATTGGGCCCCTTTGAGTCCGCCTCAGACTGTACCTGGGACC,247,50.2,Saccharomyces cerevisiae
SEQ_807535,CTTAATCCAGTTTTACTGCTTGTGCACCGACTTGTGACATCCGTATGTTACAACGCGGGAGGGAATATATATCAAGCGGGCACCGATATTACGAGCCGAAAGCGTCTCGAACTCGTGTAGCAGCACTCCATAATATTGTCACAATCGACGAGCAGCGGTACGCCACCCACGAATTCGAACTGGTCAAAGCTAAATGTTGGACCCTCCTTTACCGATTGCCGCTCAGTCCTGACCCTTTTGACTGCGTTAACAAACATGATATCTGCCGATGGCGAGCACGCCAGAGGCCGAGGGGATTCATGCGTTCGGACTAGCTACATAGTTTCAGTTATAGCTGCTAATTTGTCGCACTGTCGCGGGTGTTAGCTCCGGGAGTTTTCTCGAAGGACATGCTGTTGCTAACTAGTATTGTGGGATCGAAGTATTTTTCATGTTGAGAGACTCAACTTGGCGGCAGGATGTACAATAACTCCCAAAACGGCGTACCGTAGCAGACCGACCAGGCGTGCTCTAGGAACTAAAGTTCAGTTTAACCGAATGCGCCCATTTTAGTATAATAATTGTAAAAGGCTCATGGGATAACAGTCATTCTACATATACAGGGTATTTGGTAGTGGGTTCTGTGGATGGGTGTTCCACCGGAAGAACCCGAGCAGGAATATGACGAAAGAGAAGGTTGTTGTGCATGTTAGCTTACATCCGTGCTACTCTAACCAATAGAGAATGTTCTCATAATGCGCCCATTCATCTGATGTCCATTTAGACGTGTTCATAGGTTGTCCAAATACTAAAGGCCTTATACCCGCAGGGGGCTGCAGCACCTGTGTCGCCCACAACTGTGTCAGCCCTCTTCTTCTACCCTGTACCGACTAGGGGTAAAGACACGCGCACGAAGTACGGGCGCGATGGCGTTGGTACCTTAACAATCCGCGGTCCAGAGAAGCAGAGGGCATGGCACCTGTGAGGAGATAAATTACAGGACCGTAGCGCTACGCTAGTTTCTCCTCCGGTACCACTCTAACTTCGGAGGGTCCCGTTCCGCTGTTCAGTGATGAGCTCATGGACATGCACTTCAACCTGCTTAAGCCTCTTTTGCGTGTTATTGGTGCCCGTGTACTACCCGGCGCGAATGTTTCTTAGTTTTTTTGGTAGCAAGTCGCCCCATTCGAGAAATGTAACCCAAGGTTAAATTCGAGTAGGTTGTGCTTCGATGTTGCTGTTTGGCCGGATGTTGCAGTATTGAGTTTATTATCTGATTAGCATGCGAAAGACGTAAAGCAAAAAATACGGCCTTATAAGCTAAGTAATACGACTTACGGTCCGCATGTAAACGCACAGTTCGGGCAATAAGTCTACTGCGTGAGCAGCCGCTCTGGATACTCCTGACTCGGTATGCAGTCATGACAAGAAGAGGTCAGTTAATGATGGGTCATCTCCCATTTATCGTAGGTGGAGGATCTGACCGCGCAGCCAACCCGTCACGAGTTGCAACTGAAGACTTCGAGATCCATCAATAATAGCGTCTCGGGAGGCGCTTACACGCCCATGGTCACCTGCGTAAGCCATCCCGACTCGCCAGCCAGATATCAGGGTGTCAGGCGTAGTCTACTCTGCCGAGATATTAATCTACTATCGAATATAATGTCGGCCAGCAGTAGATCCGTAGAAAGAGAGACCGCTGATCTGAGTACCCTACGGTCCACAATCTTAAAGTAACATCTTGTGTGATATGCCAGGCCCAGCGCAGGAAAATTATGTCAAGTAGGTGCCTGACGACTAATACTGAAGGACCCCATGGTAAGTATAGCCGCCTACACTTCAAGCCATATCTTTGCTTCCAGCGGGCGTTAGCTTGGCTTTTGGGACCTGACGTCTACTGATAGCCGCCAGAATGGAAAAACCAATGATATATGCGAAGGACCCCGGATAGCCAGACTGGTGTAACTGACATAGCGATTTGGCGGAACTGTGTGGTAACCTAGG,1983,48.92,Drosophila melanogaster
SEQ_795896,GTGCCTCATTACGTTACGGTCTTGCGTCAGGGTGTAAATCGGGGACGCGCTCTTTCTGGATTGAGGGAATCTTTATCGGTAGTTTCCTTAGACTCCGAGTTCGATTCCCTGTTGACGTGCCGTGGGGGCGCAATCCTGTGCTCTCTGCACCCTTCGGGTGCTTTATGACTAGTAACGATAGAATTTTGGACGGGGATGTGTGAGTTTGTTGGCTCACTGGGTGCAATGCGATTCCCCCTCACCCAAATCTGATCCTACTGCATTAATGCAAAGCTTGTCGTATAGATGTGTCGATCTTTCTTGACGGCAAATAGTCCCCTATCTCTAGTACGTGGAACTCGATGGTGGCTCGGAGATACTGGCTAACTACGTGTAACCGCGTTACTATAAGAATACTAAGTCCGAGGTGCCGCGGGCTTGATGTTCCCTGCTCATTTGGCATTTCAATGTTTCTTTCGGACACGCGTTCAATAGCAGCGAATACGCACACGGGAGCCGGGGTATGGTTGCCGCTTACCGGCGGTCAACCGAGTGTTCCGCGCTTTAACAATCGACTGTGGTCTGGAGTGGTTAATTCTCGCTCAGTTTAAAAACAATCTTCACTCTTTATGCGTACTATGAGTGTACGATGTTAATCGGTGAAGTCCCTCGGGCGTAATCCATTTGAGACGTCCTGAAGGGACGTTACGCGTGCGTGTGAAACGTGCAACACATTTCCGGTCCTCTACTCGT,732,50.0,Arabidopsis thaliana
SEQ_132218,TGGGCCGGCAGGAATTGGGTCCAATAACGTAATAGACGAGTCGGTTCCTCGCCGGTTTCGTCCTAGGATAAGCCAAGGCACTTCAGGAACATATGTGTTAGTCTACCTTGCAGAACAAATCCTGCGAACCGGTTGCGTCTTAGAAAGAAACTGCGCATATGATAAGCATGCTTTTATATAGTAAGATGGCGGACGCCACCAATCGAGACATCCGCGATCAATATTACCGTATGTGGCAGCAGAAACCACCCGTTCCAGCAACCAACTGGGTGGAGTCTCAAGGCCTGGACATATAGGGAGTTTGCCGCGGATCAATCGCGCCCATTATTAGAGGTTCTCTATTACCCCTTGATTTGATTGCAACGCCGGGCATTGACTAGTAGGTGTATTATACTGCTTTGCCTGATAGAACTTATCTGCGGGTATCTATCGACTTGATCATGGGGCGAAAGTCATCCGAAAGTGGGCAAGGGTGAGTTTCACAAAGCCATGCTATGGTAGCAAATTCTTATCGAGGTTAGGGCGTTGAATAGTGCAATTCCTTCAGTACTTTTCTACTCCAGGGGAAAAGATCTCGTTTGGCGAGCAACACGCGAGAGGAATGAGAGTGAGCGTTCAAATGAGAACGCCATGTGAAAATACGGCCGCAGGTACGACCGCCGAGAAATTAACCCGCCTCCAACGATTGATTACGCAGATTTCGGCGGACTGCAACCACGTCGCATCCGAGATAGTGGTTGATTTGGGACTAAGCCATCCAGCTCGACGCCCGCGAGAACACACGGGAACACAGAGTTTATTCCGAATTATAGTTAGATCGCACTCTTATACGCACTCTTCCCGTTTGTACAAAATAGGAAATACCAAGTGACCTGCGAATTTCTCTACACTTACTATTTCCTTTCGCGGCGCCAGCCCGTAGTTAATTCCCCACCTGCATTCAGCCCCAGGACCCAAGCACAGCCGAGCTCAGAGTAACAACCGTTAATTGATCGCAGAAAGCAGTCGGGAATATCA,1017,48.77,Caenorhabditis elegans
SEQ_226585,CGCGCTCCCTAAGTAATGCTTTCTTGGCTTTCACTCACGATCTTCAGCCCGGGATTACGGTATAGAATACAGGAACTATTAATTCGATTTTACACTGGACACGAGCGGCAACAAGCGTAGCTTTAAGTGTTGAGTAGCTATAGGGCAAAACACAAGTGTTTGGTGACCCTTTGTCCCTAGACATGTCAGCACGGAGTATATGTAGAGATTACCCTAGATCGATCCTTTCTCAGTTGCATAGGAGTGACTGGTGCCGCATTTGCGTAAAACATCATAGATCTGGGTAGTGCGCGTGACCGCGCTTAT,306,46.41,Drosophila melanogaster
SEQ_398873,GCCGCCATCCGCGCCGCCAATGACTAATGCTTGATTTGGTTCTTACCAGCATTGTGAAATGTGACGTCCGCTGGGTCCGGACAGGTGTGTGGCGGGGATTAATGCGTCAGGCAGGGTACCCGGCGCCTACTGCAGGCCGTGGGAACCCGTGTCATCCACTCGAAATAGGCCACGTGCTCATGAGACGCCTGAACTACGAGATAGATGTCCTAATGGGTTCGGAAGACTGTGTAATCTACTCACAGTAGGCGGCACAGCTCCCTAAACCCACAGCTATAACGACTATTTCCCAAAAAGCATTAAAGGGACGTCACTTTAAGGTCCGTCAGATGCACGAAATGGTGGTGTCTCTTTCTATGTAGGTAGGAACCACAGTTCGTGCTAAGGCCACCCTCTACTCGACGTTCGCGCGGTCCCCACTTATATTAGTATGCCTTCAAAACGCTAGCCGTTCGTTCTACACGCTTTTGCCTCTTCCCATAGAAGACAGTCTGTAATGCAGGTTGGATCTTTACCTGGTTCTTTGGGTCAATAGAATCCCTAGGAAGCGGTCCCCATTATCTCTCTCAGGGAAGCCCTCAGACACGTCGGATAGATGACCCCCGACGGCTGGATGTGTACTTTTAGGCGAATCTGTTTCGCGGACAGCGATGTCAGAGATGACCGCGTGTGCAAGGTACGCTAGAACCAACGGTACGGTGCACCTTGTAAGAATAAGAACCTCCGTCGTATAAGGCATAGGCAAAACTTAGATTTCGATGGGTCACGTTGTCCAACCTAGCAACCCGGTGGACGTGAAATGAGGCATCACCATCCCCGTTTATGATCGGAATACCTGTCACCAAAAAGGTAGCCTATTATGCTGTTTGTAAAATCGGTTTTCACAGTCACTACTGTCGGGTTGTAAAATTTATTAGCAAGAACATGATCAACGCGATACTTGTCTCGGATTGGCTACGCGCAACGAGCTCATCTATCTTTCGTCGTCATAAATCCAAGAGAGCAAATATGTAATACTTTCTGATAACTCAGTCCTCCCGCAGGGTTCTCGCTTTCCAGCCGAACGACATAAAACATTGATGCATTGATCAAATGAAGGGCAGAGTGTCACTGCAACGAAAATAGGCCTTAGGTAACGCGAAATAATACCGGGTGAATGGGTACCTCCCGTTATGTAATGCCCACACGCCTTGCTTAGGATTCATCCGTATTGGCAAAATAAAATCGCGGCATTTCTTCATACCCAAAAAAGAGTTATCACCTCGCGAAAAGTACCTATGTTTAATTAAACGCTGAGTGGTACCCGCCAGGGTGAGATACGCTTATGCAACAGGTACCCGGCGCCATCTATGAATTTAAAGACGGGTCTACACGGCTGGGGCTCTGCTGCCACGAGCGGAAAAAGCTCCCTTCTATGATACTTGTAGACAACCGTCCCTTTAGCAAGATAGGAAGAATATTACTGATGCTGAATGACCCAGGTGTCATACGCAGTGGACGATATCGTTGAGCATTTGAATCGCGCTTACATGCCCTCGCAGAAAAGTCA,1549,48.61,Mus musculus
SEQ_312082,CTTAACCGGGCCTTAAACGTGTTCCAACGCCGAGCAGAAATTTACCTTATTCTCACACCTCGTTGACCACGGCGGAGTCTTTAATCAGCTCTATAGGTGCGTAATGCGGTACTGGTTTATGACTCCCATCAAAGGGGATAGGGGTTGGGAGCCAGCAGGTGTTGACATTCTCGTAGCCAGCCCGACTCGGGCAATACCTGCATGCTGCAAGATCCCGCCTACAAGATCATTGGGTGTGCGCGCCCCCTTTCGATACTCAGGTCCTATAACTCGCGGATCTGTGCCGGCTAACCTGAAACGAAGCTCATTACTTACGCTCTTCTTGTCTTGAGTAGCAAGTATACTGTATCTGGTCATAACATGGAATCACAAGACAAGAATGAAGTTGTGGTATGGATATACTCCTAATGTACGGGGACTCTATCAAACCACTGGATACTGACTGAGCGTGGGTCACACAAAAATCCTCTGCTTTGGGCTCTGAAACCTATCCGGATAATTGCAATGTGGTCGCAGAATCAAGATACAGTTTATTCCTCGGATAACGCCAAGTGCTGCCCCAGAGCGAAAATGCGCTCGTTAGGAGTGCGAAGTTAGTGGTATAAGGTCAACTCGACGATGCATACAAAGCATGATTGACTGGGGCCCACGATCGTAGGCCTGCTCCCTTGTTTGCTATAAACACAGGAGGCTCCCAAGTCTGGTCTTTTGCAAAATGAAGTGTCATCCCGTGAGGGTCAGTCCATGCGGTAGTAGCGAGGATCGTCAAGTGTCTAGGCATTAATTTCAGAGCGTTCTAGTCACCATGAAACCTCGAAAGATTCGGGTGGAAGCGTAATCATGTATAGAAAATACGCGGGAGCGTCATTCGTTTTCGTGAATCAACCAGTACGTAACTCGGGCATGGGGCGCGGGTTTGATGAGCCCCCCACAACGATCACATTAGTTGCCAACATAGCGCTATGAATGGCCTAAACTCCAAAGCAGACAAGGACCAGCACTAGCAGGCCAGTTATTAATTAATTGTGGTTTTCCCAGATCGCCACCGCATAAGCTTTGTCGGGAGGGGGAGCGCCGTGCAGGGTGATTATATCTTTCTTCTGACCCCTGGGTATCTTCCCTAGCAGAATAAGTAGGGTCTTGATGCTTCGGCTGGCAAAGTGCGCGAAAGACCTCGCTGTTTAGTGCTGTAGGTGTTTTGACTCGACGACGCCATAAAGTGATACACCCAAAAATGATTAAATAACGATCGCGGGACAGAGAAGGCAGGGAAGTTAACGTGACGGCTGCGGGTTTCCTGCTGTACCTTATCACTGTACTATACGCGTCTTGTCCGTACCTCCTGATCTCCGCTTGCGGTATCACGTCTCATTATGGGCGAAATGCGCAACGACAAAAGTCCAGTGGTTAGCGTATTAGGGGATTAACGTATAGTGCCTATGAACCGGGTCGCACTAGACCGATGCCAGGGAAGTCAGAAGAGTCGTATGGGAGATGAGTAGTCTCTTCCCTTGCTATCAATGGCAAATTTGGAATAAGAATAAATATTTACATAGAATTCTTTGAGCTACTGGGGTGGCTTTTTTCTCTCCATTCAGAACATTTCCATAATACAGGCATTCTCAACCGATCTCCTCTTATGTCAGATTCTGTAGTTCTGTCGGCACGTACGTTGATACGTGCTTACGATCGTTATGGAGTCATCCGCAGGGTGGGAAAAATATAATGGCGCTCCATCGCTTGTATTGCCAAGGTACGATGATCCTACGGTAATACCTAAGTTGGTTTCTATATACCAGGAGTAGTAGTTATTTATTTGGTTCTTATTGTGGACTCGTAAGGTCATCCATTTCCATCGTTCTCGCGGGACATAACGTATGGGCGGAGGCGACATACCTTTGTCTAAAGGAGTATCAATATATATACTTTTGGTTCGGGCAGCGGCATATACCGGGCGATTAATTCGACATCCTGTGGCTCTATACA,1986,47.63,Escherichia coli
SEQ_840628,GCTTTCTTCACGGCCACACATGTGGCTTATTCGATGGCTCCCGGTTAGCCAACAAGGATCCCAAATTACTGTAGGTGATCCCTACCCAGGGAGCATTTAGAGCGCGTGATACCTTACAACCTGGGCATGTTACGTCTTGTAAAATTCAGCACTCGTCCCCTGGATCTCAGTAATGCACGAGGTTTCCTTGCGACTGGATCACCAGCTGGATGCAGTCCCAGGCTCGACAAACGGAATGGCCTATACGTTTGCACCTGTTCAGAGGGTTCCGATCATGTAACGACATGATGCCGCAGGCTGGTACGACAACGTTTCTAGAGAGTGTTATCCGTTCTACCTATAGCTATGCTGCCTTATGCTCTAGGTATCAGATAACCAGGAAGGTCGCTTAGAAATGATTTTCCGCCGTTCATAATAGCATGCAACCTATTAGGTATCTACTGAAATCTGCGTCTGGACAGCTATCCGAGGCACATTTCTGTCGCCGGACGTGCTTACGATAATTAGCAAATACATCTTTGTACACCTGATTGCGTCGTTCTTAAGCGCGATTCAGAGTATCGAGCGTTGCCGGGTGTTATGCCACCTCACCGGATCATTGCAGAGTGTGTCTGGGGCTGCCCACTTCCCAGCGGTGTGAACGAGTCTGCCGCTTAACTGATATTAGCCTGTCCCTTATGATCGTCGGACCTCCGGCTTCCTTCGACTCGGTAGGGCGTGGATAAAAAAAACCCGGCTATCTAAGTTCTCGTGACTCTGGGAAGGGGTCCGCTTTAGTCAGAGATAGAATGTACGGACCAAACCTCTCTCACATGGGGCCCCCCAGTTGACTGGTTGTGTTGCACAGCTTCCACGTCTTACGAGAGATGGAGAAGAATGACGGGATCCCCCCGTTGTGCCTCGATGACACCTATCAGTTACCCGGCTAGACTTAAAGCGGGGACATCGCTGAATCTGCACGCAGCGTTTCAAATGAACAAATACGCTATTCCGTCGACGTGCACTCTTGCGGCGTAAGTGATACTGGGAGGAAAACCCTGGTAGCCCTCCTTCGTCTCGATCAAGCCGCGCTTGAAAAGACATTGGCGGATGTCGATCAAGACAATCTTCACTTTTTAGACGGGTTTGTCAAAATTGAGTTAGTGACTCGACTTCTGAGGACCCTTTGGCTCCGCCAGAAGAGAATTCCCCCCGTGGCTAACTAGAACACCGCTATGTACCAAGACCCTGTGCATTGGCCCATCCGGGTTCGCGTCAGCCAGCTTGCCAGCGATTATGAGTTAGTTAAAACAGTAAGGGCTATACCGTCCACTCATAAAGCCTACGAGATGGGGCACGAATCTTGTCCCACGAGAACGTAGTCCGCTGTCAATGGGCTGTAGCATTCTAAACAGAACACCGGGAGATGACATCACCACGTCCCCCTGGTCGCTCATCATAACCGGTAACTTTACCCCGCTAATAAAATTAACGACCGTTCATGATCTTAAGACGCGGGTTATAGACAGCCCTCCCCGGTTGTTTATGCTAGGGCCTTTCGCCAGAGGACTACGTCAGTCGCGCTCGAGACGGCTAGTCCCCACTTCTACTCACAAGCATACGTTGACCATTCACCTCCCACTATGGACGTGCGATAGCTTTATTCCTTTCAGAAATTTGGTAAGTCTTCTTAGTTCGACTACTATCCAGCATTCGCGGGCATAATAGCAGGGCTGACGTGCCACGAAGCCCTAGGGCGATCATTGTAATCTAGAACCAAAGTAGTTCGCAACAGTAATCACAAAAACTACATGTCACGTAGCTCTCCGGATACAGTTGGGATCCAA,1826,50.38,Caenorhabditis elegans
SEQ_479821,GGCAGCGGGATTTTTAGGGCAAAGGGTTGTTACCCCAGTGTTGGTTATTAAAATTGTTAACGAAGCGACTTAGGTAACCCCGTGGCTCACCCGCACTTAAGAATAGGCTAAACCTACCGCTAGCGCGAGTTGGGCCTATGAGAGGGCGCTTAATTGTAGTCTCCGCCTCGTACCGGCACACGGTTGAGTAGACGGGCGTTTAGACATTCATCACTAGACTAGCCCCTCGAACTTATTTGGGTTGATCATCCAATAAGGAAGAACCCTCCAAGGTCCGAGATTGCAACAGTCTGAAGCCTACGGGCTCGTGGTGGCGCGAGGTCGCCTTACATCGTTGGGCGCCTGGGGGTTGTGCGCCCTTACCCGATTGGATACGCTCGTAAGTTTGTATCTCGGCCCACTGAGCGCTTGTGCGAAGAGGGAGTGGCGCCTAGGTAACTGGGCTTGCAAGCTTCTGCCGCTTCACATTCGCTA,474,54.01,Homo sapiens
SEQ_333819,AATTTTGGCTGACGATTTCGAAGTAGCTTGAACGTCCCACTCTCGCCTGACAATGATGTTCTTGGAAGCAAAGTCGTACGCTATAATGATTTGGAGTTGCGGTCTCGCGACACAGGATTCCCGCAATGGTAGCAAGCGGAAAAACATTGTGGCATTACTCCGCTTCAGTGTAGCTATGGCTATGGTGGCTCGGAGTCTACACGTGCTGATAGCGGCTAAACCCCTGTGTTATGCTCCACAACAATTGGCTAGATCATAGATTTGTAATGTCTTTTCTTGAAGGGATCTCGTGACCTCGAGTCATCTGGCACCTAACGCATCTCCATAGCCAGGCCCTAACCGAGAGAAACAGCTGGGTTAGTGCGCCTCGGGATGCCTAGAGGAACATCGAGCAACGATTTCGTCTCCATAGGTCCGACACTTGGAAGTCCAAGTCGCCCACGGTACGCGTATAACTACGAGCGCAGCTTTTGACCGTGCGGGAGATTGTATCTAAGAATTGCCTGTTGCCATATGGAACCTGTTCGCGTGCCCCGGCAAAAACGCCCGGCGGCACTATACTAGCCAGCCGCCTCCCCCGAGCATCGTTAACACATAAAGAAGGTGCGAAGATGACAAGCGGCCGGGGACTGTTTTCCGTGTATATCCTGTGTTCATTTGGAAGTGAACATTTTCTGGGGTGCGGGTAAATCCTACGCGTTTATAGGCCACACTGCCCTGTCTGTCACGCCTAATAGTGACATAGACAGGTACGGCGCGTCTTTTAGACGGATGCACTAGTGAGAAGTTTTCACGGATCTCGGATGAGTAGATAGTATACGATTGCCGATTGTGAGAACGACTCTTGGGCGGCCGAGCTGCACAACCATGGAGGCTCAGATTGTTGGGGAGTCAAGGCAGTAACCTAGTGGTCCGGTGTCACGGGGGTGTGTCTAAAGGCGATGATATCGCAACATGAGTACAGATGTCAGATGTATTGGCACGGCGCCAATTGTTGTGTTGTACCACGGGCTGTTGAGCACCAACTCGGAGATCAGTCAAAGTTCTTCTCAGCCCTTCTTCACTGATATTAAAATTAGAGAGACGATTAAATATTCCTGTTTACACTTTATGTCCGAAATCGTTCCCAACGTATGCCGAATTAGTGGGCACTGGGCCAATAAGCTATGGAGTTAGTGCGTAAGTAAATCAGAAGACTATCCCCACTTGCTCCGTGTAGCGATGCGTGTATTCTCGACGGGGGATACACCGGTGACCCCAGCGCCACGGGGCTGCCTATCTAGCTGATGGCGGCGTTGAAGTAGATCTTCGACTGGGGCTACCGTACTTGCCCGACGCCAGGAGGGCTGCGCGCAGATCCGATGGCCGTGTCCAAACTACTGAAAGTCTAACGTAACTGTTCAATTAACCAGCGTAGCTGTGGACTGGAAAACAGGATAACCCCCCACACCATATATCGTTCTATTGGTGGCAGTCGGGGACGGGTTCAGTAGCAGAACCCCAGCTTCTCTCCAAGCGGCCTCTCGAGTTATGTGGGGTTCACGGGGTATAGTCAAGGCATGCACATCGCCTCGTGTATCCCAATCGGGAGAATAGCCAAGATTACATTGCGGTCATAAGAAATTAAAAAAGAAACCTCCTACGTTCAGCGAAATGGAATGGAAGTAGCAGATCAGTTATCGGTTCCCCAGAGTCTGATAAATGCGGAGGTTCAGCATAAGGCCGTGTACAACAGCCGATACTTAATGGCTCGGCCCGAGAAATCGTTTTGGAACTTGAACATCCTAAAAACAATAAGTTTCACAAATTTAAAAGGGGGCACCAGGAGATAAGCGACTTAGTGCGACAAAGCAGCATATTGTAGCGGTCCACCTCCATCTTGAGGAAAACGACG,1894,50.16,Arabidopsis thaliana
SEQ_108690,GCGTATAGTCGACAATCCGTCGTCCATTGAGGTGGACTGCGAGAATTGCATGGAAGACCGTGACGTTATGTTTTCGCCTCCCCCCTTATCCTCCTTATAAACGCGGACTTGCCGCCTTTGTGCTCCCTTCAAGTGTCGTTCCGGACGGCTGATAATCCTACCTTCAAATGCCCACCAGGGAACGGACCGTTAGATACGTCAAATTTAAGGTAGTCACGTTGGGGACCCCGAGTAATCATGAAAGTTACCAGTTTGATACCAAGGGCGTTTCACCAGACGGTGTACCTTAGGAATCCCGTGTTGGGATCAGGAGCGTTGTCACAATTCCTTTGGAATCCATTGCAACGTAATTGTACCGTGCCGCTGCGGGCGCGATATCCTGGGGCCGTCTACCCCAGCGGGCCCGACGTTATCAGGCTTCTTAGCCAGGAGTAGACCTTAAAGCTAATCAAGAAGCGTTGATGCTATTTAACGAGAACGCCCTTCCCGATTGTAACAGACGTTTATATTGATAGTGGCGTGTCCGCGTTTTAGGGTGGCGGCTAATCCTGGCGAGACTACGGTACGTGAAATTATCGAGCCGCAATGCGACGTAACAATTTGGTTTTTTCCGAGAAAGACTACGAGACATGTC,634,50.63,Caenorhabditis elegans
SEQ_149804,CTGGCAAGCTCCGCGCAGACGCAGGACCTGTTTTAACGACTCCGGTATACCAGGGCTGTCGTGCCGTTATCACTTAAGTCAGACATTGGCGTGCGGCCAACCGTACATCAGCAGATGATAATAGGCCTTATAGTCTATAAGGTCGGGCTGGCTGGCCCCTGTCAGGGATCCATTACGGATATCCTATGAGCCTCTTCCAAACGCGAGCAATAGCTGTACCGAGTAGCAGCCAATGAGCCGCCGCGCCCGTAGAACTAGACGGACTGACCCCCTGACCCGCGGTATCCGGGATAAGTAACGACAACGTTTTAACATGCTTCGCTGTCAAAAGTTAACATCTCGGGAGCCAGTTGAAGGTTCTAGCGTACGAGTGGCGTCTAGACGCCGCGTGGACTAGGGTTATGCACGAATTGTTATGCACGGAAGCGTGTCGGGAGTCAGTATCCCGAAGACAAGGGGCCTCGATGTATTTCAGGTTTGCAGTTAGCCGCTTTCCGAGACTCGGCTTGTACACATGGAATATGCCCAGTATAACTAATAAACTAGGGTGGCCGGATACCCCTCGAAGATCTGGCACGCTGGATAATATAGAACTGGAAACGTTACAGTTTTTGGACAGAGGCGTCCTCTCTCTAAGACAGCTATATAATATCGAGTTCCGAGGTCTCGCGAAGTGTAACTCGCCTGTTGGAGACCCGGTAATGCCGTCTCTACGCATAATGCTAGATGATGGCGATATGTACGCCTAGGGTATGATG,758,51.85,Escherichia coli
SEQ_396802,GAGTGACAATTTGGACCGGCCGTCGTTCGGGCTTTGAGGCGAGAGACCATGAGCATGGGGTAAGCGATGGTGGAGATGCACGGAGTCGAATTGTCTCGGGAGGTCTTATAACTATTCTTTTGCCGATTTAAACATCGTATTTGCATGGTGGGGGGATTGAATCCGGCAGTTCATTGGCACGACATGTTATATCAACTCACTTAGTCTAGCACACCAGCATAAGCTCGAAACTTCAAGATCTGCTGACTCCAATGAGATTTAGAGTATCGGTGCACATTTCTGGGCGTGCCTCATCACGGTCGAAAGCGAACTGGAGCACGCGCAGCCCGCGAGGGTACGGGGCTAGCCCACCCCGCTGATTCAACGATGAAGTAGGCATCACGAAGGCACCCGGGCTTTGTACCGTTGGAGGGTGCGTAGCAATGTTTGTAACGTCTGTAATGGAGGCGACGGTGTCCTTAATTCACACAGCATGGCGAATCCACATCTCCAGAGCCCTCCCGACCGGCTAAGCTCACTGATGATCGTGTACGACGGAGTCTGTTTTTCGCAACCGGTCTGGTTCATCCACTATGTAGTGGCACGGCGGTGCGCCGCGTCCGTTAGAACTATATCTAGCTAGCCGCTATCCCAGAACTCCGATTGCTCTACATTCTCTTATCATTTCGGTATCTCTGACACTCGATAGTGGGTACGGTCCATGCTCGGACGTTTAATGTCAATCCGTTGTTCATTATCCGACGGTCAAGCATTGAGGCGGTTCCTAGATCTTAGATCTACCACAGTGAAATAGCGCCACTTTCCCGGATGGCTCTGTTGCTAGGCATAGCAAAGCTGATGTCGCACACCGCTGTCGTTAGAGGAGGCCAGTTGTCGGCATGGCGTTTTACACTTCATCATGTAGACCCCATTTTCCAGCAATGAAATGACAGGGTACATGCCGGCCTGGAAGCGCTATAGCGAGTGCTCTTCTGGATGGCGCAATTGATAATGTACCCGGCGACATGATGTGCTTGGGGCCAACGCGGATCCAACCCGCAAGGGTGTTATAAAGGCCAATTTGCTCCCCAAAGCCGACCGGACACATAAGGTGACGAGGCGTCCATTATCCTCAGCGATTTCAAGGAATGAACGACGTAGAATG,1144,51.92,Caenorhabditis elegans
SEQ_647280,ATTCAATAGATGTAGCCACAGTTCGAGCGAGGCTACGTTAAACGTAGTATCTATAGAGAGCTACCTGGCACTCTGCCACACCACCGCGTAAGATTAGCCATAACACGCTAAGCATGCGATTAGTAGTTGGAGATCATTGCGTATCCGCAATGAAGCTCAATGTTTTGCTTCTTAATTAGCCCAGTATCACGATCCGCAACACCTTATATAACATTACGAAGGTACATTCAGGATTGCTTTAGTACCCAACCAGGGTAGCATTCGTCCCGTTCGCTCTGTGGAGCTGTATGCTCTCCCTCGCGCAGGTCATAGGAGCCTTCTTCGACTGTTATGTTGCAGGTGGCACGCGGTGGGGCGGTGCCCAGTGGTGGTGGCTCGGTAGATCCGGCCGAGC,394,50.76,Homo sapiens
SEQ_215083,CACGAGGCTCACTTGGTTACCGGCGATCGGTTTTGCCCGTCAAGCGGACATAGCACGCTTCCTAAATGATTCGGTCGTAGCTTCTTAGCTGACGCATGAAACGGGGCGTAGCGTTACTGGAGTCCCACTTTGTTCGATAGTTGCTTGGTAGTCAACGCTCGAATTAGCCACAGCGCACTACCCGGCGCTCGGAGATTGCGCGAAAGGCTGTGTTAACTCCAGCGCGAGTACGGTATTTCTACTGACTTTAGTGGATGCATGAGCAAGGGAGGGACGACGTCCCCTGCTTGTAGCGTTTCCAGGGCGCGGGAACATTGGGTACCGGAGAGAATATGGCTCGTTGTTTTTATATAATTCCGGAATGTTTCTGTCTAGCCGCGGTGGCAGCCGCTGAGCTTTCTTGGTAGGGCTAGGTTCGAGGCACGGCATTCACAACTAACAAGAG,445,53.48,Escherichia coli
SEQ_380855,AGTCAAGCACGCTGCAGGTATACAAGATAGGTCTCTGCCCTCCTTAGAACAACGCTAAGGGTTTAGGCCGCCAACATAAATAAGTTGGGGCTGGCTCCATAGGGGAGTCACGCAAGGCGCAAGAATTACAGTTCTTCGTACGGACAAAAGAATGGTCTTAAACCCGGTCCGTTGGCAACATTTGCCTGGGTCAAATGAACTTACGGAAACACTAGTGACACTTGACCAAGTGGACCCACTGAAGACCCTACTGATGCTTAGGATAGGCGCTATTAAGCAGCACGCTTACGCATCCTGAAGGACGGAGTTGAGTTGGGTAATGGGTGTTACTTTGGTGAGCTACCCTCAAGACCGTATTTGGTAAAACATTCTCATGGCGTCTTAATGTTGAGTTGCTTTAGACGATTAGCTGGGTCCGTTAACTTGCAACATAGTGAGGGCCTCACGTCTACGGGATTACATTCGCCGGGTCGTAGTACTGATAGAAACAGTAGCTCGGCCATTCCCGCAGAGGCTTGTAGCGAGCGGGATGGCGACACTGGAAACACAGCACACCGTACCTGGCGACGAAATAAACACAACTATTATCCGGGCAATAACATTTTTATACCGGAAATGCAATTCCTAGTAGCGCTATTGCTCAAGCTGCTACCTAATTCCCGCCTACAGTAAAATTAGGTGCTGTAATTGAATCGAGGTGAGCGAGGATTTCCAATTAACTTCCGCACCGGATTCGCCATATTTATTGATCATCCTTCGGGCTCCTTGTTAGAGCGGCTGATGCATCGCTGTAGCATCCGTCCCGCTTCTAGGATGAGGGGTTTGTGGAAGAAATCCCGTATGGCGGTACACAGTAGGGACAGTACATAACCGAAGTTTCGAGGCAAAAGCTTCTGCATTTAGCGTATCAACCATAGTAAGATCGTCCGAATTCTCTGTAAGCTACTTTACGTGTTTCGATCGACGCCTGTCCACTATGGTCACTACAACGCGACAGACGCGGCACTGAGGGCTAGCACTGAGACGTGAATTGTCTTCAGATTAGACGCTAATGGACACGCACACCATTCGCTACCAGTCTTCAGGAGTTTTCCTTGGCAGCCTGCCTCGTCACACGTTATATTATAGCCCTGCTAGTACATGCTTGTTTGACTTCCGAGTCGACAACCAGTCTAGTGGTTCCTAATCTGGACGGACAGCCACGAATCTAAACGATAGTACAGTGTCCATTTGGTCGTGTAGCCATCCGCACGTGGTGTTAAAATAG,1267,48.46,Caenorhabditis elegans
SEQ_209676,TGCGAAAACGCGTCCAATAAACTTGCGACCATTCTATCCTCCAGACAGTATGGAGCACAGGAACCTACCTAGCAGAACAAGTAGCTACCCGGCCAAGTTCGGAGTTAGATGAAGGCAGAGCCTTGCAAGCATATATCCGCAGTTCCGCATTTATCCACA,159,49.06,Drosophila melanogaster
SEQ_470148,CCAGGTCGCGGTCCTAAGTCCTAACCCATCTTTACAGTGAGGTTTTAGCGGCAATGCTCTATTAGACCGGTAAGTTTCTCGGTATATGACATCTGCAAATTTCACGGCCTTCATATACATTGCTAAATCCGGTTTTCGTACTTAAGTATGTTAACCGCGGGATGTTACAGCCCGCATAATCTTTTGGGATTAACAACTCCTAAAACCCCGGATACCGTTTTCGAATGTGCTAGCTCGAATCCGGCAGTCACGCAATGCGTTATCAGCCTGCTAGGATGAGCGGCGATTCCGCTGGTCCGCTTTTCTCTAATTACTAGCAAGGCGCCGCAGCAAGTCATAGGCTGGAGTGCGATTTCTTCTCAGCGGATCTCCGAGCCGTTTCTACATTTAGGGTGAGTTATTATGTATGATTCACCAGGGTCGTTTTTCTTCTTCTGGGTGGCAGTAAGGTCCTCCACAAGGGACAAGCAGAACTGTGCTAATGGGTCCTCCGGTTCCATACAATGTTCTGAAGGCTTCATGTACCATGGAGGCGCTTGGCGACACCTGTGCTTAAGCTCATAGGAGCGATTCACATTGTGAATGTTTCAAGTAGATACTCTATGTCCGAAAATATGAACAATAGAGAAGGCAATACTGTGACTCTTCCCACCATTCGAGAGGTGTGTACGCTCCTGAACAACATTGGATAAGTGCTTGCCCATCGGAATAACCTCGGGCGACGCGCCAGACTGGTAATTGATGTCGGACACAGGTATATGCCACTCCGGCACTATTTTCCGAACAATCAAGGTGATGGGGCCATTCGGACGCATCCTAGAGATACATTCTGGACAGTTTAGGGAGAAGACTTTATTTATGATTCCCGCGGGATAATTATCTATCCATAGTATACTGGCGCTCTGTCGGACGGGAGCTTCAACATTTAACAAGGGTGGGTACCCAACCCTATTAGCCCGTCTTTACTATGTAAGCATCGACTCACTCTCCAGCCAGTTTGATATACAACGTACGCCGAAGCACCCTTCAAGCCAGAATGCAGGAGCTCTTATTAGCGTCCTACATGATGCTCCTACCAGGTGAACAACGCGTTAAGACCGTTATCTGGAGCCAATCCGGAATACCGACCGTCTATATTTTTACCGGGGTAAAATTAGGGGGATTTCCTCCTTGATAGCGGGCG,1183,47.84,Mus musculus
SEQ_469504,GATCGATCACCTAACGGAGTGGGGTCCTTTAAGGGAGGTCGCTCGAATCGCAGTCCTATGATTCTCTTGCAATGAACGTGGTGTGTCGGTCGAGCGCTAAGGCCTTGCCGTATCGTAGTAAAAGGCCAACTGAAATGAGCTAAGATGTCCGGGTGTATCACTGAACGTCACCGAGAAAAAACTCGACACCGCAGTATGTGGTTAACACGGACGCGAGTAAGAGAACGCTTGCGTGCTTCGTTGTACTGAGTATGCGGCAACCATGTATCTTGTCATTTTAGAACCAGCCGTCTCACCTTTACGACTTCCATTTTTCTACGGTGATATGAGAACAATTGTTCCCGCAACTATGATGATGGCTGAATCCCACAGTGTATGTAGTCCAAAGCCCACATTGTATGCTAGCGCCAAACTGAATCCCTTCCGTAAATTGGTGGGCTCGCGAATGCGCACCCATAGTGGATAATCGAGGTATGGCACCAGAGTGTTCATATACGGTTCCCTCTTTGCGACAGACGCTCGCGCGTAATCTGTGCATCTTTCCTCTTGGGATTCCTCATCATCATAAACTGTCGTCTTTTCCTGCGCGCGAAGATATCATGATTTGTCATCCGTACGATACAGCATCGCGCAGAGGGTATTTCGATCACCAGAGAGTGGCCCAGCGGGTTTGTGCACAACTCTCGAGTAGACGCTAGCACTCTCAAACCGACGATAGCGACCGATTTTCCTCGTGTCATGGCCTCCGACTGAATCGAAACGCGAACGATATGAGTCCGAACTACTGGCTATGCACGCTTTTCACACAACCCTCGTACACAGCTCCCTGCTATCGCGTATGCCTCGCAATCGACCAGATCTCTCGAACCACGGTCCCCATGATATCGGCGTTCACCCGACTAGAACCGAGTTCTCCGATGCAGCGGAAGGGATAGCAACGGTGGCATTTGATTAGGAGGGCATCCAGTGACGTAGCCTGCTAATTGTTTCTTCGTACCTTATGTCCGAATGTCACCATGCACCTTCACCTGCGAACACGCGGCACCGCATGAAGGCCGCCCTAATTGGAATTACCTAGGACGGAACCCGACCTGCCGTAGCGTCGTAAACAATCCACACAATCCCAGACTCGCCTCACGATCTCCTTGTAATCGGCAACGAAGCCTGGAAAATGTTGTGCGAC,1183,51.14,Saccharomyces cerevisiae
SEQ_542231,TATAATTATTAGATAATCTGTTGTGCTTGCAGATACCGTCCGATGCTTACCTGTGGGCATGTACCCATGACATGGCCCATAGGATAGCTGTAGGAATTCGATAAGATTCTATGTATGACCATCTCAAGAACGTACGACCGTTCAAGTCACAACACCCCTGATCGTACTAGCTAAACAGGTGCCGGTGTTCCGTAATCACGACGAAGGACTCCTATGGCTTACGAGCCAGTGACAGAGGTATGATAGTTGAATCACGACTGGCTAGCTCAGACGCTGCAAGGCTGTAGGACCGTCACCGTGATTAGCTCTATCGACACGTAGACCAACGCCAATCCGTTATAGTATGCACTTCATTGTTCCACAGTGTCGACATTGACTAGCCGCGGTTTGCAGAGATGTACATGGGTAAACAATTCGAGGTTAGAAGTGCTGGGGGTCTCTGGATATTAATCGCCCATACAAACGAACCATGTTCTCTTCATTTCGGGGTATGGCGCCCAAATGCAGAGGCTACTGCTAGCGTGGTCACAAGACTACGCTGGCTTTTAAGACCAAACCGACACAAGATCTAGGCGGCTTGTCGGGTTGGTAGGCGCGACGAGGATGCGCCTGTTGCCTATCGAATCGGCTCAGAGAAAAGATGCTCCAGTGCCGTCATGTAGCGAAGCTTTGTGTATAACAATTTTCGAAACTCCCTATGGGGAGAGTGGAAAACTCGATAGCTCCACACTTGCAAAACCACCCCGTGATACAACTGATATCATACGGAGCCTAGCCGCTCAGTATAGCACCCCAGCAGATTGAACCTTTAGTTATGCGACCCACGTATGCGTGGCAGCCCTCTTACTTTGATTTCATTGTCCGCCGCTAACGTGGG,877,49.14,Homo sapiens
SEQ_154518,CTCCCCGTCAGGCTGTACCTTGAATTAGACCATACCAGGGCAAGCTGGAAAGATCTGTATAGCTCGTTTGGTGCTTCGGGAGAGGGGCGCACGTATTAATCTACTTCTGTAACTGAAGCCAAGCCACTTCCTTAGTGGATCTGCCGAGATGGCATCAGCAACTGGCATGTATAGTGACTCACTTCGGGTAGCTGAAAGAGTGTCGACTAAGTGCGCCTGGGGCCGCGTTTTATGTCTCTATGTCAAGGCTATATGCAAGGACTTCCAAAATTTTGGTAAACGGCCATCATTGATATTGGTTTGACTCTAAGTGTGCCCCCCCATAGACCGCCCAGGTGCCCGCGGGAGAGTACCTGGCGTCATCCCAACCCTAGATGCGGCAGCAAGAGCCTCGAGAGACAGTATAATTTATAGGGCACCTCCCTTACGATTCAGCCGCTAACTTTGCCAATGTCATGTAAATAATCTTTTTTGCTACCACTGCAACTACGCGAGATACCATCTCCTTGTAGTTGCTGGAGGGGCTCTCATTCCGTCAAACGATATACCGTTCTTGGTGAAAAAACGCCGGGAAAATCTTTGGTCTACGGTATTGTGGCAAGTTATCAGGAAGTTAACCGTACTTTACTACGCCGCCCCCTCGGAACCTGGTTACAGTTGGCTTTGATCGCTACGGGACAACATGTAGCAACCATATGTGAAGGCTTGGCCTTCACAAATCATATCCCAAATAGGAGTATAAGGCGACTTCTCCGCCGGGTATACCTGTTTTCTGAGTGTTGGAACTTCAACGCTAGATTATTAGCTAACCTCCGCGACATCAGGTCGAGCAACTGGGCCCGTTGGGAGTTAGTTATATCGATTTCGACCCAGTGCGAAAGTTTCCCGACGACGGGAATGCGGCGTGACCCGAGAGCCTACGGTACTTACCGCCTCTTACTCGGGGTTTAACGTGATGGTAATGACGTCTGTTAATTAAACTCATTGATGGAGTAGCTCACCAAGGCAACGGTCATGACGGGTATCGTAATGCGAGAACTTTTCAATACCATGGTGAAGCCTCGCCGGTAAAGATCCCTTCACGTTCCCAAACGTTTGGCATTCGCCAATCATCGAGCCACAAATACATCGAAGGAACACAGATGTGATCAGAACATAGGAGAGTCCTCACACGTGAGGTGTCCGGTTGCTAAAAGACGCGCCCTGTGTAGATACCGAACTCAAATTTTGGTGCTTGGTGTGTCGGACGCCTCCCCCATGCGGAGTTTTACTCATATTAATCCGACGCGGGGTTTGTGCTAACCACCTTAACTCCGTCATTATGCAAGATGAGTATGCGCTTACTGCCCCCTAGTGTGTCCGACTGGCCAGCATTAACAGCTGTTGTAAGGTTAGTCGATTTGTCAGCCACAGGCAAAGGTGGGGGGTTATTTACGGATTTTTTCGGGTCCGAGTGCAAGCGCTTCAGTCGTATACATTTAGCTACGTGGGAGTCATTCTTGGCACACGAGGATCAAGGAAACTGGTTCAAGAACATAGGGAGGTTACCTAGCAAAGGTAACACCTAAGAAATCATGGGGAACGTACCCTAAAAGAGACGAAGTACGGCGCCATCTTAGAGAACTAATTCAGATAGTTCTGCCGCTTACTGAATACTCTCTGTTATTTGAACCCGTTACCAACCTGAAACGATTTCTGTAATACGTGTCCACTTATAATGGAGCAAATCATAGCAAAGATGATCTCCT,1748,48.4,Caenorhabditis elegans
SEQ_494423,ATCGTGCTTAGTAGCAGTACTTAGTCCATCGGGATCATCTGAAGGAGGGTTTGACCTACCCGTGGTAAAGCCCAGGCGCACGACTTTGTGGCGGTTCCTCGAGTCACGCTCACCTGTCCGCGCTGAGCAGATAATGCCGGTTGTATCTAGTGCTCGTTCGACAGTTGGAAAGTGTGACGAATCATGCAGAGTTTGAAGGGTGCATGCATCGATTTGGGAAAATGGGACGTC,231,52.38,Homo sapiens
SEQ_709823,CGACGACAACCTAAGTGGCTACCGATAAACAATGAGGTTTCTCAGAGATTCCGATGAGGACCTTGATCGAATACGCCATAGCGTCCATCGATTTTGAATACAATAGTCAACTCTATTTACTCAATGTGCGAATGGGGCACCGAAGGAGATGTACCAGTGGACCTGATAGAGTATGTGACCCGCTCTGTATCGTATTGACTTGATACTTGTAAGTCGATGGGAAATTTCTCACCAGCTGTCCTGGTTCGTCATGTTCATCTCTTCTAAACGGTTCCGGTACACGGAGATGTCGTCTAAAGGTTACCGGCTCTTTGCCTCCCCTACTATACTTCTCTTCGGTCCCCTGAGCGAATCAACTGGACTTCGGGGAATCGCTCCTAATATTTATCATAAAGCCGCTCTACATTAGCTCTTATACTTTCGTAAGGCCAGGTGTGTGCACTCGTGCGTTCTCGGATGTGTGTTGAATTCATTTAGTGACCGAGAATATTTCCGCTCATTCCTGGCGTTCAGGCGAATGACGAAGCCCCAGACGTCCGATGACTGGCGGGGGCTGCCCTCACCGAGAACTATTATAACCGGGGTGCTAGATGGAGTTTCGTCCCGATTATCGACGGAAACTCGTACTCCGGTCATGCGGCCCTTGTCACCAATTCAGACATCTCCCTTATTGGCTAATCGCTAAGTCCACTAGGAGTGCACCCGCTTTTCCCTCTATAGGCCTCACAAGGACAGCGACATATGGTAGCGCGGGAAGTTCATGGCCTTATCGTAAGGCTCGTGGACCAAGTGTGAGGCATCCACCGAGTGGACGCATAGAGGTCAACAATTCGTGCACTCGGGAATGATGACGCCATATTCCGACCTTGGACTTTAAGAAAAGACGTCCGCTGGCTGTGTGCACACGGCGCTTCTTGTACGTAGCAGTGTAAGTTTCTCAAACCGGTCCTCGTCCTGGGGCGGCTAATTGACGGTGCTCCAGAATCCCTTTTAAGGTGCGCTTTGGCTAGCTGGTATCAACCGTCATCCGTTTCAGACAAAATGTGCATCCTTCCAATGGTTAAGTTTATTAAGGTCGGCACAGTTCTCGCGGTTTATCGAGTCTTTAGGAATACCACTTACTATAGCTTACTCCCTTAGGGCGCGACCCGGGCCCCCGCGACCTGCTAATAATTCTGGAAATCTGAATCGCCGATGCCCAACCCGTCAAATCGTAATGCCCCAAAGTGTAACCAACAATAGATCCGTCCGAGACCCCTCATATACGGTTCGGACTCGGCCGAGCTGACGCGTCCCTAGAAGAGCACTCATGTCACTCCGTCCGCATTCATGTAACGATGAGCCGGGACGACCCTGAATGCCAACTATGATTGGGTTAAAGCGTAGTTTCAAAGCCGTTCCCTCCTTCCGTGTCGGGACACGCTCTTGAACCCGGGACCTGCTCAGAAGCAGAGCAAAGCACAGTTTCCTGCACGATCCGGGGGCCTGTCTAGCCCATATAGCCACCTAGTCTATTTACTACATTAGACCCAGAAATTCCGGTGACGGGGGAACACTCGATATCTGTCACGAAGGATAAGGGTGATTGTCGCGAGTCGGGGAGGTGTACAGCTTCGTCCCACGTTGCACGCTGGAGGGCCATAGAGGGACCGTAGAAAACGAGAAAATGGATGAGCGAGCCCTGTGCGCTTAAAACTACGATCTCGCAAGAAGGAAGGTTTTTCTACTGAACATCCGTCCAAGGAAAATAAAATCTACCGGATGTCGCTAAGCTTACATCAGTTGTCTCTGACTTGGACTGAAGGTGAAGCATGTCATCATCTATGAAATAAATCCAGCAAATTCGGGGACAGGAGCCCGGGTTATTGATTACGCAGCCCATGGGCCGTGCTCG,1894,50.63,Escherichia coli
SEQ_985455,CTCTGGTGTAAAGTGATCTGACTCTGTCCACACTCCCCGGAGGCCTAAAATGCGCAGTAACACGCCCGACCGCATTTCTTGGAATGTGAAAAGCTGTCACCGTGGAGTGACCACGATGGGAAGGAACGCCTAGGTGAAGAGCTACCTTCACATTGCTATGGCGTCGCTTTATTTGTCGGCCGGAACCGTGGCATGCCGCACGAGGACTCTACTCGGTGAATGCCGATGCATTTGCTTCGGCTTAACGTGTGGATGCTCAGATCTATACTCACAGGGTACGCCTACGGACTCGGGCGGCTTTTATGCTTTGGTGTCGTGCCTGTTGTTTCTGTGGCCTGCTGGATGCGCATCCGCAGGAACTCATCCAATTAGGTAACAGAGATAACGTCGTCATCCAGAAACGCGTGATGGACGGAACTCAATTTGCTTACATAGACGTAGCCTCACGCACGGGATAATGCAGGAAGTGTGACTCCAAAGCTTTCACACAACGTATCGGGGCACTATGGGATATCTAGTAGTGCACCCCGAATAGAAGCTAGTCATAGTTCCAATGGTCTTCAACCTAGTAATTACAAAGCTTCATTCCCATCTTAAATGGCTCAGGACGTTGGCCTCCTGGTACTTGACGCGTTATTGGCTCCTACTCATTGCGAAGCATCTTGATATCAAGCGGTGACACGCTCAAGGAACGGTCATCCATAAGATTCCGCGTGCAGTTCGGCTTTCTGATAGTCAGGTCATCCACCACGAAGTGATCGTTGGCGTTGTTTTGAGTTTACACCCCCTGCTGCGCAATCCGGCTTCGCGCCGATATATAACAGCATTCCAGACTCGAAGTCCTCTTTCCTCACCATATCTTCCAAAATGCGAGATTGAATACTCGCGAAGGAATCAACGAAGACTGACCTGACAGGTCGTGAGGCATGGTTGAGAGGGGCAGTGTGGCATACCACCACCAGCTCCGCTGCCAATCACGGAAAGCTTTAGTCCTGTCGTTACACACACTACATAGTTTGGCGTTGCATTCATCACTACCGGGTATCGCCGGAGCGCTTTCACGGAGTTAAAAGCGCGAGGCGATAGTTTCATTTCGGAAGTGCCGTGCCTTATGGCTGTTTCGATCAAATCTACGGGGTTCGGCAGGTGTCTTTCGTGGGATATTCGAGAGGGAATATAACCGCCCGGGATGGGCTGTTACTCCCCATAGAGGGCCCCGCTAGCCAGCATGCGCGTCACCTACGAGGCGGGAGTGATGGTCTTTAGGCTCAGCTGTTAGTGGTGCGTAGCAATGTATATACTGTAGTTAAGCATTCTAGTCGCTACTTCTGACCCAGGGTCCCCCCATATATCCCCAGTTGGTCGTAGGTGGGATCTGATTTAACGCAGCTGCGTACGACGAGATCCAAACTGGCTCCGTCGGCGAGCACTTAGTTGACTCTCTCGACCATTTATCGAGTTTTATGTTGTAGAGGAGATGCGCACTCACAACAGGCGCCACTTGTCCGCGAGGTCCCCATACTCCATCACTACGGGCAAATCTTTTAGCGTCGAGTTTCGCATATCACGGGCGGCCCCAGAATAGGGGGCCATGATTTATGTAACTCGTGAATCCGCCGTGTCCTTGTTCAGCACCTGGGCCCCATGTGAGGTCTACTCGAGGGGTGAGGAGTATTCTTATATATGGACTCATGCCATATATTTAGCCTATATCAGTTTGCAAGGAGTGAGGTTCCAATCGGCTGCACATCGTAGGCTATTATCCTGCCGCCCCTGACCTGTCCTTAAGTCCAAATACTCGGAGAACCACATCCCGATGGCACAGAGAGCGA,1832,51.58,Caenorhabditis elegans
SEQ_572646,TTCGTAATCACCCGAGCCGATTTCCACTGTGTTATGTCCCCCACAAGGGCCTTTTATACTATAGGATAGAATCTGCTTCTTTCACTAACGGCCTTTCACCCACAAAGATACGTACTCCGCGAATTGGCTAGCTCGTCTTGGGCATCCAAGAGATTCACAGAACAGCGCTAATTCGCACCCGCCCGTCGTCCGCGTGTCTACAGGTGGCATTTTGAATCCATCATTCCCGTGAGCTCTTGATAGAGTACCAAAGGGCCCGGCCGGCCGACACGGCATACGGATTTAAGCTCTGTCCGTTTCGGGCGTACACCTCATCCGTGATACGTTGGCGACGTGAAGGGCCAGGCATTGGAAGTAACGTAATCTCTGGAGGTTGCACTCACCTCAACTTGATGTTACCAAAATTCTACTAGCTAAGGTTGTGATGGTTGTCACTCCGCCTGTCGGCATAAGTACGCAAGCAGACTTAATTTTAGCTAATAAGGACGTAACAAGCGGAGGGCGGGCGAAATCCTAATACAGCCGGCGGCATCGACTTTTACAGGGGAATGCTTGCTAGGACAAC,565,50.8,Caenorhabditis elegans
SEQ_480849,CGTAGAAAAACATAAGCTTGGCTTGATCGTGACATGCTATCACGCCTCACCAGTGATTCGGGGGCGCCTGGTCAATCGTATCATTGTTCGCGCGGGTTAGTGTACGGAAATCTCCACGACTTAAGTCATCTCTCAGGCCTACCATTCGAGATGTGCCGGGGTGCACTTGCTTAATGATTCGAGAAGATGTTTTGAAGGACGCCTTGATCTTGTGAGACATGCCCCTGGATATAACTAGCTGAACTAGCCGGCGAGGACAATGATATTGTCGTGGACTAGTAACTCTTCGAGGTGGAACAGTATGTTTACATGCAGAAACATGGTAGGTAAGTCATGACGCAAGCCGTGAGTGCACTATTGATCAACACCGAGCCACCACGGTCTCTTAAACACCGGGCAAAGGATTCCAGGCTGTATCAACCCTCTTATCTCCGCTACACTGTCCAGCGTGATTCCGACCGATGCTTCGTGGACGCCTAGTGTAATACTCTCCTGAACAAGTGGCTCACCATCGGTCGTTCTTGTTGGGATCGTTTGTTGGATCTCCATCCCTAACGTGATATGCGACCTAAATGTTGTCAGAGGAATACATTCTGGTGTCATTCCCCGCCCCTGACGATTCTCAATAAAGTTATGCTGCAGTTAATCTTACCATTGTGGCACATATAAGACAAATTAGGCTGAAATTGAGAGAGAGAATGGAGTCC,707,47.95,Saccharomyces cerevisiae
SEQ_699703,TACACGTCTGTCCGTAGGGCATAATCTCCAGCCAGATTGTGTTAGAATAGCTGTTCGGATGGTGACCGGGCATTATCCGCGAATCTCAGTTGAAAACTCCTGCGGCACAGGATCTAGAGACTAAATCTCTGCTAACAGACTCGCTGATGATAAATGAGCTCTGGTCGAAGTGGGCCTCGTACCGATAAGTCGGACGATAGGGAGGACGTCTTGCGTGCCTACCCGCCGACGTGGGGACGCGTCGACAAAATCCTGCAGAGCCTATCTCCGTACCTCCAGTGATCGCAGGAAAATCGAGGAGTCGCGTAGAATCGATCTACAAACGCATCCCGCCATCATTCTCGTACTCGGCACACAATGACCTCTAAGACAGGTATGTTGGCCCTCACAGCGTCCCAGATTTGCAAGATGTTCGCTTTTAAATAACAACGGGCCGGATCTCTCACAGCCCCGGATTGGGGCATGTTTGGCGCCGCAACGTAATGTTTTCCTATGCACATCCCTCTCGAGCCCCCGATAGGTTAGGTCATATGTTGTCATCAAGGGGCTTGCGGAACAAGCGATATTCCCGTTAATTCTTTCCCGAGGAAGCCAGTCATGTCATCGGAGCGTGATACAGATTTTTGACTCGGCGCCACTATGTGCAGCGTAGCGTTGCTGACGGGATTTTCCCGGGACGAGGTACAATACGCTCCGCATTTTAGGTGGCTATCGCTGTTCAAGCTCTGTTGTAGAGCGTTACGTTAAGATAAGCGTAATCTCCAAGGACAATAATATGGAACATGCCTCGAAGCCGCGACTATAGATGCGGAGGGAGAATGGGGTATTTTTTGCGAATCTCGCAGACAACAAACCGAGTCTTGAAAACTTGGATGCCTTCCAAATCCGCGACCGAATGCCGAGATGAAAAGCTGTCGAATCTCGTGAAGCCATCTCGCACGCGTTTCCGAGTGACAATGTTTTACTGCCTCTTAGCGCTGAATTGACTTTGCAGGAGGCCATGCGACAGCGTAGGTGGCTCAAGGACGCCAGCGCGTACTCTGCCTCCCCCTCCAAACATCTGGCCATACCGGACGTCTTTAATGAAACGACCAACGGCCCAGAAGTCCATAGACTATTTGTTATACTCAGGGTAGTTTGAAATTTCCAGCTGGGCAAGGGGAATCGATCGTTTGTATCAATCGTGCCAATTGTCATGCTGTGGACGCGCAACAGACGACGCCGAAGATGTATGTGTCCACTTTCGGCGGAATCAAATCAAATTGTGGACGGGGACAGAGTTACCGAGCGCAGAAACCTCCGACGGAGCGTTCTTGGGCCCTGTCCCTCGCTTGAGTCACTCACGTCTACCGGCGGCTTGCTGAGTATAAGTGATCCCAATCGGTGTCCGGCCACCGTGCCTTGCGGGTACTTCAGTGCCAATAGCTTAAGCCCGCGTACTGCCCCATACAATGGAGTAAAATACCTTCATGGTGGCCGCCGGAAGGGCAAACCCATCGGAATCCGAACTTGAATTTGAGCTGCGTCCGATATTTGAACTACTTATACCCGTTTCAGCAGTGCGGAAAGGGCCGCCCCTTCCCTCCCCCCGATGGGCGGCAATATCCTTCAGTACCTTCGTAAATGAAAACTTGGCTAAATGCGCAGTTAGACCAAATGGTTTTCGTAACTACGTTTGTATTAACGCACTTACTTCACCTCCTTATCTACAGTTTTTTACCACCTCGACTAAGCTTCTGACATATGTCCCCCTGCACATGGACTCAGGCACCGTGCAAATTTTTCGAGCATGTCGCTTAACTCTGGGGTACAACAAGTTATAGTCCTTTG,1830,51.09,Saccharomyces cerevisiae
SEQ_261071,ACCTATGACCCACCGGAGACGGGATCATCAAAAACGCTTTTCGATCAAAAGCCTGAATCGTCTGCCTGTACACTGACGACAAGGATTCGGGCGCACCGACGCGCCATTATAGGTCACTCTACCGTCGCAGAACCCTCCCTTGTCAGCATACCGTCGAAACATTCGAATTCCTCATATAACATCACAAGGCGAGCTGCAAACTCAATGCGAATGAAAAGGATGGTCTATAAACCCCATCTCTGGCTACTTATTGTCGAGCTTGGAGATCCTAAACGGCCTTGGTGTATCCCGTGATCTTGGTGGTTAGCGGTTTCATCCGTGGGAGGCGGGAGACATTGTCTAAGGCGCCACTTGCCCGTCGGAGCGCATTCTTGAGATGGCAGCCCTCCTGCTCACCTGAGCGACCGCATCAGACTATATCGGCCTCCTTCTAACACAAGAGCCTCGATAGACCTTCCGGCCCTTCGCGGATGTCAAATAATCCAGTCTCAGTAGCAAATCCAAAACCACCACTTTGCATAGAAAAGTATGGTACATCAAACTCGTTGGATCCTTAGGGTCGCGTAAAACCGCGTATATCCGTTCTGAGGAACCTTGCAGGGGGTACCTTCCGCAGTCTTACGACGTCATGGGTCTAATATTCGCTCACACAGTGGATTAGTGAATTTCTCTAGTCCACCCTACCTGATAATCTCTCGACCGAGTCACTTCACAATTATCTCACCGTATTTGCTCGAAATCTTTTCAACAGGAGAATAAGGGCCGGCTCCTGAATTTTAACTAATGGGTGGTATCTTTGAAGGCCCGCTCCCCCCATCGTCAATGACGCAGCTTACTAGAGACCCCACGTGTCCGCACGCCATTACACATCTATCAACTGCCATTTTGTGCGTCTCGAGGTGAAGTCTTGCCACTAGGATAACGTACTTACCAGAATGTTATCATCACGTAGCGGAAGTACCTTGTATGCTTCTTCCCACCCATTTTCAAAGAAAATTTCAAACACATCGTCCGCCTACAATAGTTGAACTTCGACCGACCATTCGGATTGCTTAAGCAGAATTTCAGTGGGGGTCAACACTGAGTCGGTATCGTGCAAATTCCTTAGCATAGGAGCTCGTATGCGTGGATCCCCCTAATGATAACCCAGGAGGAAACTTGGCGAGCCGGTGAAGGCTGCTTCGATACTATGCCATAGTTATCTAGCCTTAACTTCGAGCTGCCCGATCTTATGCGCTGTATCGTTGTCAAGCTTCTCTTGGCAACGTGACTTGTTGGGGTGGGCAATAGTAGTCTCCCTCTTATGTACATCGGCCCTAAATTACTACTCAGATCCGTTACCTGGGCGCCTCCTGCACTATTTAACCGGTACACCGGGACACAGTCCCCTCCATTCTGAAGCACCTCTGTTAAGGCTACAACTGAGATATGATTCGGCATTATCGGCGTGTCCACTCGCTAGTGGGCGGCGGATGTCAAGCCAGGTGTTAGATGGGCCGTCGATGGATCGATTCACCCCGAGTGTGGCACAGCAGTGGTGGTGATATACTGTGACTGCTGACCGATCTGCAGAGATCTGTTGACTATACTGAAGCGGTCGTGTTTGACATGCATTTCGCTTTGCCGAGTACAAGCCGTCTGCACAAGCCCAGAACCAATAGAGTACGCTTGAATAACTTGGCCGTGTCGTTCCGGTAGGGCGTACGAACCTTTTGGGAGGCCCACAGTTTCTGGGTGCGCCCGGAATCGCAGCCCCT,1757,50.43,Caenorhabditis elegans
SEQ_824191,AGATTGCCAAAGGGAACCGACGTATACCACCTAATGGCAAGACATAGCGTTCTACCGCCTTAAATCCGGTATTGTCGCTCCAACAGGGCTAACTGTGAGGGAGTATTAACTAACGTCTCGGAATTGTTCACCGGAAGAATGGCTGGCACAAAGGATCTGTCGCATGGCTCGCTGTCAGGCTGTAACCATAGGGGAGACCGATCTCAAGCGAGTACGCTGAGGGATCAATATACCCTCTATTCGCCTTGCGCCTTGAACGGGCCTCGAGCACCTCGGTTGGACATTTTTCACGTAGGAGATGGGCGCGTCGATGCCATTTCTTATTAAGAGCTTCGACGGGAAACCTAGATACGGCCGCCTATTATCGGGATGTTAGTGTTACTTGCAGTTCGGGGTGTCATGCGGGTGGGCTAATCAGTCTATAATATTACCCGGAACCCCCCCCCATGGGTCTCACTAAAAGTCGGCACGTATGAGTTACGTTCGACGTGGTACAATAGGAGAGCATCTGGAGTTAGAGAATAAGGGCCTCTAGAACCGTTTGTTCGCATCGCCGGGAAAACTAGCTGGCTGCTGTCGCCTAAAACCCGGGTTCTTGTACCGTCCGAACAGGAACAGAAGTTCAAAATGCGCTCCTTCATATAAAGCAGTAAAACGCCTACTCACCTCTTGCGAGCATACTCCTCATGTTACCGATGCGAGAATTCTGATATTCAGGGCTGGTTG,726,50.55,Mus musculus
SEQ_545398,TCAGAGCGAATTCAGGGCGTATCTTAGTTCCTACGATTTTTTGAGAATTGGGTCACGGTCAACCCCTCCGATCCTATTGAGTACACACCCGAGTCCTGCGTCTCTTCTGGGCGGGAGCTAATCAAGAACAATGGCCACAACCATATTGAGCGGTTACCCTAGGTCAGCGGAGCCGGGATTAATCTTAAGCTTACTTAATACCTGACTTAGACCATCACTTATGGATTGCAAGGCTGTCGGCTCCCGCCGGAAAAGAGGCCGGAAAGGCTAGTGATATGTGTCGGTACTAAAGCAGTTGAGTATCGCATTCCATCTATTTCCGGTACGGACCGTCGCTAATCTTTACGTGCGGGTCCTTCACTAGTACGATTTTAAGGGGCTGACATAATCACCGGGACTAACCCACCGGGACAGCAAACCCCGAGCCGCGATGTACGCGGTCATCTTGGGCTTGTTGATGAGCCTAGCGATCTTACGGTTGGTCGTATCAATCGTGGCCGGTCACAAGACTCGAGAATACCACTTAGGCTGCGTCGGGAAGCTACCTCTAGCATAAGGGTCATTCGGGTGACAAGCAGGCAAGTCTGCCTGCAGCACGAATATGGAGTAGGCGTAGGTAAACTACTCTAGTGGGAATAATTCGACCAAGAGTTGTTACATTAGTCTACGCTTCCCCTCGCGTCCATTGAAGACGGATACAGGTCTATAGGACTACGGGCATCACATCGGACTGGCGATCAGTCTGATCACATTAATTAGATCGCCTTCTTTAAATCATATTCACTCGGAACACTTATTGTGTCTTCTAAGTCAAACGTTAGTTTATCTAACAACCGGGACGCTGGTGCTCCCAAAATACAGAGTCGTCCTTGTGGTTTGGAGCGTAACCGAACCGCTTTGCACTGAGTGCAGCTATAAACAAGGACGATAATAAGGTCCGAGGCAACTATCCTCTCTAGAGCGAATAACGCGTTGCGACAAAGGCTGAGGTTTATCGCTCTCAAAGTCTGTCTGTCATGTCTCTCCCTATGTCTTGTAGCAGGGCACCTATGCGTTGGATTGTAGGAACCGCACATGGAGATAAATCAGGGCTTTCACGGTCGGCAAAACCGCACGACTACAGAGAGGTGATTATTGTTAACCCCCGATTTAACGCAATTATGTTTAATTCTTGAGGTCAATACACATTAGACGTCCGGCTCGCATTTGTTAGGGTAGAGATGTCTACAGGTGGCTAATGGGACCATGACAATGTCTACACTATCGAATTATAAAAGCGTCAATACCTCCACGAGACACTTACTCGCCTGGATTAGTCATCTTCTAATCTTGTCGCTTCCACCGGGTCTTAATGTTCTCGTTCTAGATAGCTGCGGACCACCGACCACCCGGTTGGCCGTTGTGGTATGCGCTAAGCAATGCCTCTCGCCTTAATATCAGTGTGAGCCAGCAAATCGCACGAGGCTTGTAGTGTGTTATCCATCGGTGATGAAGGGGAGTAGATCGACAGGTGGAAATCCTCCTCAGATCAGGGATTCTGTCCGCGGCCCATCAAAGTGTTGTTTGAATAATAATCCAGCTTCCCCCTGTATGGTTCGGATCGCTAACGGCGGATTTACACACGGTGGAGTCCGTTTACTGGCAACCAAGGCCCTCGTTTACCCCCAGTTGTGCCACGTTTCCACCTTCGGCATTGGTAATCCGATGACTTTCCTGCACGCAGAATAATAGTCATACTTAATGGACCGAGCGACTACTCATGCTGAGCCAATTTGCATGCGACACACTAGTGCAGCTTTAGGTACTACTAAGACAGCTTCAAATTTCGCGTTGAACCAAAGCTCTCAGCCGCAT,1854,48.87,Mus musculus
SEQ_899858,GTATATCAACACAAACGGTTGGCAACGCGCTGCAGTGTAGTCAAGAGTGTCAACGTGGCGTTTTGACACCAGTACAACTCTTTCGGCTGGGCCGGAGTCGAAAGATCGGTGGAGTTATAATGGAACGTCTCGTAACACCGGCCGGAAACTATACCAGTTCACGCCCATGTCTGTTCTTTGAGTTTGTACAAACAATGGAATAATTTAACCGGTGCCAAAATCTGCCCATACGCATGTTGATCAGTTCGTTGCATCACCTTCGATTGCACGGAAAAAGAGCGCGTGATAGCTCGGTGGAGCTACCACGGGTTTAGAACGCGGGTGATTTGGGCACGAAAACGGGAGGATACCGGTCTCCTAATGCGCTTACAATCGGTACATCATGTAGGTACGAGGACCAGTCCACCCATACTATGCACGTCGCTTGCCGCCTGAGTCGTTGGTCCCGGGTGCGTCCAGTAGCTACATTTTAAAGAATAGCCCTGGCTTTGATTAATATCTGTTCGCGCGGATCTTGTGCAAGTCTTAGTGGTCCGGCCCATAAAGCCGGCCTCTGCTCATGGACGTTTGGCTTGAGAGTTGTGATGTTTTCTCTTAGTATTACGTCAATTAATTACGGAGTTAGAGAAGCGGAAGTACTCTGTACCACAGAAAAGGGCTTCAATTATAGTAGAGTCAGCTATGTACTGTCTATGTTTTTCAAAATAGGTAGCACGAGTGTCGATTGAAAGAGATCCGACTCCCGTCGCGGACCCTTAAAGAGTGTATAGACTCAGGTTCGTGAGTAGCTTTAATGGTGAGGGGTGTGTTTACTCACTATGCTGGTCTGAGTGATTACGCCGACTCCGGGGACACCATGCAATAGCTAAGTGAGACCGCATGTCGTGTGGGCTGTTGACTACGTAAGTCGGCTCCAGCAACCAATACAGGTCAGATGATGGCTAAACAAAATAGATGACTTACCCCACACACGCAAATTCATTCATTCTAAGTCCATGTCTGCAATTATTTCATTTGAAGGAGTGGCGTATGGAGTCATTACGATGCGGTGATCATTCGGATAATTTTACGTGGTCGTCAAGAAGGGACAATCTATATTTATAGCATCTAAACGAAAGTACTATCCAATTGTGAAGTCTTTTACCAGCAAGCAAGGATCTGTTACAGTGGGGCTCCAAAAGGTCTTCGATCCGTTCCAGGTAGGGAGAAAAGTTGATCCGGTCACGTCCGTGGGCACTCATGTCGAACTACATTAGATCATTGATGTCGAGCACAAGGTGATGCCCGCGCAGTAGGCCTGGCAGGATCCAATAAGCGCACATCAGAAAACTATCGGTGTGCTCGAAATATAGGTGCGGAAGAGCACCGGTAGCAAACAAAAGCTAGCTACGTTCCGTTGTCTGATAGGCCCCAACTTACACAGGTGTTTGGACAAGAGAATCTTAACCCGATCTATGGGACGGCCTTTTATGATGTTTCTTCATGGGGCTTCGGTCACCAGCA,1503,47.57,Drosophila melanogaster
SEQ_917026,CGGGTTTTATCAGTGTATTATTTAACATAATCCCTCAGGGCTCTTCGCGTAGTATATTACTTGTTCTATTGTAGACTACCTAACTCGGCGACAGTGAGACTCAAGCCAGCCCGGAGTAATAACCGTCCTCAGCTTCCGACCCGGCACCTCCAGCGACCAATCAGCGGGAAGTTTGCGAGGTGAGAAGGCGCTAGCCGTTCTCATTCCCTGCAAAACGCACGGGTAAGGGGGCCACGCCCGGCTACCGCGTTTAGAGACAACTTAGGATATGCCTGGCACAGCCATGATGACTAGTAGGGTGAGTTACACCACAAGTACTTGCGACTCATGCCGCGTTTGCAATAAGTTTCTCCATCTATCCATGAACCTGTGTATGAAATGATCCATGTTGGACACGCATGATCCAGGAGAGGCGGGCGTTAGATCTAATCACGAAGGTCCTGTCGTACCGCTTTTCCGGGGGTCAAATCATCATTTCCCGATGCCACAGTCTGTTGCGTTCTAAGGGCTTAGAATGGACTCGGCCCGA,529,51.42,Escherichia coli
SEQ_771762,CGATCTTGTGAATACTAGCGTCCAAATTGATGCATATTTAGATGACAACTAGGCGTTCTGCTTCGTGCTATTTTTTACCAAGGGGCAGGTATAGCCGTCGAACAAGGACGCCAAGTAGCACTTGGACCCCTACCTAAATAGATATGGGCGGACAGTAGCCCAGTCCTACCGCCAGCATCTGACTTGATTCCGAGGTAACCTACATTGCGCAATCATGTAAGAACCTAGGTTGTCCCTCTGAATTGTAGGTTCCTCGATGCAAGTACAATACTTGTGATAGACTGAGCACCTAGATGCAAAGACAGGGCCTCATTTGTCCAGACAGTAAGGGGAGAAATCAGCCCTTCATGATGGTAGCTTATTAGTAGTGACCGGAGGCCTATAAAATGTTTACGCAGGACAGCGTCATGCTATTCCAGGAGATACGGACGTAGTTGGGGAAAAGATGCGCTCGCCGATTAGTTTGCTTTCGACGCGGGTTTCTCGCTTAGAAGGTATAGTTTGGCGCGACTTGGAATCTTCCGCACTCCAACTACTAGTCACCAATCTCTTGCCGTTTGAGCGAGGTGCTGGATTGAACCTGGACCAAATTTAATTGGCTCGTGGGGCAAGACGGATGGGTCATTCGATCGTGGTTAATAGATCCCAGTGAGTTATCGGTAATGCTCGGAACATTAACGATCGACCTGAGGTTGGGGAGGGGAGTGCAAAACGTCTGGCATGCGTGCCTGTGGACCCCACCGTGGTACTTGGAAAGATGTATTTTTATCCAGCATAGCCGGTTGGGTTGACTCCCCTGACATGGTACGGGAGGAGCAGCGAATCGTTGACCCGATCAATACACTCGCCACGGAAAAGCATTCGGATTTGTGTACGCCTGGTGGAGCGATACTCACGTTGTTCATAAGCCCGGATCAGCCGAGAGTTGGCCCATCACCTAGCCGTTACGGTATCGTCTATATCTTAATGATAAAATCTCGACTCTCATTACCCAATGCCGTCTGTGAGCTTCGGTAGACTGGTGTGTTCTGACCCGGCCGCGGGGCTCCGAGCGTGCCTAGGGCGATCGTGGGTAAAGAGATATTAGTTGATCAGGGCTTACGCATCCTGCTCCGTCCTAGACCTGGAGTGGTGATAACTGCCAGCGAGCTAAGAGTTAGCGAGATCTTGGCTTCATTCAAATCGTCGAATAGGTCCCTAATTATCGTCTTTCTTACTGAGTAGTCAACTCGTGTCCTACGACGTTCCATTTCTGAACGCAAACCTATTACATGAATATAGTCCAGACTGATTGACGAGGTTTAACCCCCAGGCGGCTATCAGTACGGCAGTGTTCCATTAAGCTTGTGATCAGCGACCACAACGCGTTCATTCTTTGATCTAGCTCACGAATGTGCGTTTCATATACTCACGGTCCCTCGATCCCCAGTGGAGATG,1437,49.48,Escherichia coli
SEQ_728857,GATCCTAGGTCCCTCCTGCGTTCGTCGAAGCGGGCAAAGGCAGAGTCGCTCATTTATCAGCTGTTTTCGGGTCGGATGACTTACTGGGCCCAACTCAAATGCCTACTAATACGTCTACCATCGCCCATCACATCTAGTCGCGCGCTCTTTACTCTTAGCCGGCTTTCAGAACCCAAGCCTGTATCACAACTTAATTCGGCGGACACCCTACTGGCCCTTATAGTTTCTAAGAGGAAAACTCTGCCTCAGGCCGAGACCTTTGTCAACTAGGCATAGCTCTTGACTGCAGAAACTGTGGGTTTGCCCCAAGTTGGATCCTGCGGTCTGTTTTGGTAGGAGTCGAATACTTCTAATACCCTTACATCCCCTATACGAGACCTAATGCCTGCGCGGGGTTCCGACTCAGGTGTACTTAGCCGGACTTCGTTTGCCAACTACCGTCTGAAGAAAAATAGAATGAGTCCATTCTGGGTCCGGGGACAACTGTCCTGGTATTACAAAGGCCTCACCATCCACCGCAGTCCTTTGCAGCCAGTTAACGGCACGGCACGGAGCGATATTAAAGATTACCGAGCGTGGGGTACTCGTCTTGCCACGTTATTTATGTTCGAAGACAGGTACGCACGCCGCACCCAGCCGGACATGCCTATGAGGCCGTACACGTCTCTAAATGTCACGATGAGATTACCTCCTCCATCTGAGCGTTTTGGTCGACGAGGTGAAATTAGACAGTAGTGCATGTCCGCGTAAACCACGTTAGCGTGTGTGGAGATCGGGCGACAACACGTTGCGGCTTTTGAGTACTGCACCGGCCGAAGAAGCATAGTCCTTAAATCGTTACCGGCCGCATAGGTTGTCAAAAAGACTAACAAAACTTCCGGCGGATGTAGTGATGATCATTTCTGCCTTCCTGCCCCCCATAAGGGGTAGTTACCGACCCGCACTTGACTCCACTCGGTCTGAGACTAGAACTGCTTGCTAAACCCCTCATGCCTGAATGGTGGGCCAATGGGAATCTGAGACTACGCATTCGACACCACCATCCGGTGCTAAGGTTTAGCCGGACAATTACAGGGTATAGGGGGTGGCGACTGTACAATACATTTACACACGCTGAGCAGATTCATCTACAGGCTTCCCGGGGGAGTAACGTGGGCGCGGTCCAAGTCCTTACGTACCCGTACAGAATCATCCCTGGACTTTCCGGTGGTCAAACCATAGTCCAATCGAAACACAAGTCCGCTAAGCGTGTCATTAACGGGCATTCTGCCGAGTAAAGTTCCTCAGGTTGCTATTTG,1298,51.62,Mus musculus
SEQ_928137,CGTAATGAGATTGAGTACGGACAGACGTGACGCAGGAATCCAAGTATAAGCAGACACATAGGCCCGCTCGAGTATCGCTGACTCGCAACCTATTCGGCAACATTTCTAAAGTCGTTTTTTGATCCTCAATGTCTGGAGACGCAGCTTCCGCGCGCCCCTTCCCAGGGTATCGTCATATCACCACCGAATACCGCTTGAGTACATGCACTTATTGGACATCCCCTCTATATCTATCTAGCTTTTGCTGCTTATTACTATGAGGCGGAAGCGCCGGTATATTAAACTCTCAATCTGCCCATATCAATCTCGAGAACTCCGACTTATGGGAAGCGTAGTTTATAGATTAAGGAGTCATCCAGGCTTTTTGGCGATAGCTGTAGAGTGGACCAAAAACCTGCGAACCTCGAAATCCACCGTGGCTGGACTAACGGAAGCGATGTGTAGTGTGAGAATCCTCCTTTCGTCAAAGTCGTCCGCGACGTCACGGACGTAATCCTTAGAGCCCGGTAGTCGCTAGCTGTCTTCTAGGCGGTAGAAAGCTGCCCTCATTTCGCTTATGCTGTCGATAATACCGTAAATAGTCTTCTCAGGGGCGACGGAATAGCGACGACACAAGAAACTTCCCCGTTTAATAACGTCGTACAAGATGTGTTCAGGATGTCGCCAGGCCATAGGAGAGTCTATGGAATCTAAGTTAGACAAAGAATGCGTCTTACGGTACCGCCCTTCAGGACTCACCCTGCAGCGGTCAGTTCTATAGAAATCGCTTTGCCATACGGACTATTATTATGTTGGACATGAGCGTGATCCACCCGGACCCAGGCCGGTTCTTACCTCCGTGGTGGCTAGGGTAGCATGATTAGGCGCGACACCTTTCACTGCAGTTTTACACAGGCTTGAGCGTGTAACCTTAGAATGGCACAAAAGCTAAGAACTTAGAACACACTAAATACGGCAGTCTAAATCATCAATTGTATCATAATGACTGTCAGACGGACCTCACCTCGCAGCGTGCCACAAGTACCAGGCAATCAGCCATAAGCGTCCCTTTCAGCGAGCGCCCGAGGAGGTTATTACTACTCTTCAACCATCAGAGAAATAAACGAACAGTTAACAAGGGTTTGGACGGCCTCGAACAATCGATAGCTGTGACTTCGGGTTAGGGTAATTGAAAAGCCGGGTTGAACAACTATCCTCGAGCTATCAACGATTGACGATCTCTTATGGAATCTGTGGACAAAGCTATCGATGGCGAGTAGTGGTCCCTTAGAACACGCCACGTGGGCTTGAGAGCCTCTAGCGAATCCACCGCCGTAATAGGCGCATTACCCGGATCTCGAGGGTCAAAGGAAACACATCAGCGACTTCACAATAAAGTACTCTGTCACAGCTCGACGACTAATTCGACGACTGGCGTGTTCCAATGTCGCTCGTAAGTATCATAACTCTCCTACGACCTTAGATGAGCTCGAGTCGACGTTATTTTGTACAATGTCATCTTGAGCCGTATTAATCAAGTCCTTTCCTCCTCTTAGCTTGTTCGTCGTCGGTCGTTGTCAGACGCGGTGCGTCCGAGTTACACATGTACTAGGCGCAAGTGTTCACCTCGAAAGCTCAGGTGGGACAGTGCTGTTCGAGCCGAACGAAGCTTATAGTTCTGGCTCTGTTCAGTACAGGAG,1679,48.84,Saccharomyces cerevisiae
SEQ_816167,AGACCAGCACAACACGGTTCAACACATAGGACTAAGGTCCGATGATGGCTCGCTAGTGTATCTTCAAACGCTTGTAATGCTACAGTGTGTGGATCCTCGAAATTTTACTTGAGCACCTTCAAGTCATTATTCGCAATACCAACAGGTAGTTGCTTCTTTTCCGGGATTTTTGGTGAAGCGTAAGCCCAACGCCCTGGCCTTAGCATGCTGCTGATTCCGAGTCGAGTTATACAGTTATACTTCAGGTCTACATGCACATAGGACATCGCGGGCTACGTAGTGTTAGCAAGATCCGCTCGCATTGCCGCCTAACCGAGTGGACCTCGTTCCAAGCCGGCACGTCATTGCAAAAGTACTGGTTATTAACACTGATAGGTTCCTTGCCTGAATAGACCGAGTATTTGGTCCGAGTATTTATTGGGCCCATTTTCTGAGCTCTCCTCAGTTGGATCAAAATCAGACTACATTTCGCCTACTACTAGCGCGGTGTCCGGTGACCGAAAACTGTCTGATTTTGCGACTATCCCCTAGGTAATAAGAGACATCCACGAGCACCGGGTGTCGTCTGCCTCAAGCACACATAATCGAGAGGGGCGGCCATATTTCGAACACGAGGAACAGCTTAGATTGTTTGGAGATCGGCCAGCCAGGTATTAGCTTGGTCATTGCATATCCCACCACCGTATCAGCGACATCATAATTGCGGCACAGTCATTTCTGATTGCGCACATTACCCGACCGACCGCCCTGTTCTAGGGTGTGTGGAATGGCTTGAACGCTGACTGTCAGTGCTAAGGTTGCAAGAGTACGCTCTCTGAGCCAACTGTGCTAACAGCCACCATTAGCGTTAGTCCCTCTCTGAGTCAAGGGATAAGGGGGATAGCCGATGCGTAAGCTTGGTAGTTCGGTAACCAGACATTCAATCGTCACGATTTCTTGTCTGACAATCCCAGTCCGAATGCAATACGTCCGACAGGGACTGCAGATTCAGTGCGCAGTGATTCGGGTTACGTAAAGGGCGTTGAGGTCGCGTGGGGATCTACATGTCTTCGGCCAACAAAAGCCGGCTGAGAGCATGAGCGATATCGAGTCCGTAACTCAGTCCAGTTAAAAGCGTTATTCGTCGCCCCATACGGAAACTCTCCGCCACGGGATCTTTTCCAAATAGTTTCGCAACGTATGGGGTTACGGCGGCCTTTGCCTCCCTCCAACGAGGATTGATAGTCCTAGTCCTTGCTTCGCTTTCTTCCTACGTGACGTCATGGCTTCTTTCTCCTCATGCTACATTTGATTTACCGCTTTACACGCGTTAGG,1314,49.77,Mus musculus
SEQ_724041,CGACTAGAGATTTGCGGTGAGGGTGGGTAACCCAAAAGATTTGTCACGCACAGCTTATGGGGCAATGCCTCGCAGAATGGGCGACATATGAGCATGATATAATCTCTATGGGCTCGAGAATACGGAATATTCTTGTAATCGGTAACCAATTGGCAGTACTGTATGATATAGGCTATGATCATTAAAAAGTGTTGCATCTCATACCCCGGAGTGAATGGCGCGATACCAAATGTTAGTTTTGTTAGTTGCATCGTAGCACTTTTGCTTTCCTACGGGTCAATACTTTCTGCAGCGGAAGGATCCAGGCCTGACAGCCTCGACGCACAATGGCGATCGGAATTCTTTTTAGGCGAGTCATTAGGTGGAGCGGCCGCAAGAACTGGGCCTGTAGTTGCGTTGTCTTCAATCCTCCGAACACCGTTGCATACACGGGCGGAAAACCACCCCTTGGATAGATGCGTCATGTTACTTTTAGTCCTCACAAGCCAACCCTCCCACTGCGTGAATTTCTCCAGCCAGGCCTCCAAATGGACTCTGCATTCAGGGATATGCTGAACGATGGGCTGCAGGCACACAATGCATTCCTACAATCAAACCATCTTGTTTACCTGGGCGGTCTGTGTTTTCCGGGATACAGAACTCTAGCGCGAGGTGGGAGCAGCCTGTAGTGAAAATGATAGATAAAGCAGTTTCTCATGACTCGGCTTATAGAGAATGACGAACGCCGCTCTTCTTGCCAGTAAGGGGCAGACCGGAACAACGTGCCACGTCCAGAAACTGCTCAGATCGGTAAGAACCTGACATTCCTTATGAAAAAGCACTGAGCTCCAACAGTACCGACGTAGGGCTCGAGACGACAAGTTGACAATTAAGTCCCGTAAGGACGGGTATTTCTACAACGATCAGAGCCTTGCTGTCAGAGCCCCCTGCTGTACTATTAGTGCTAGTTCTCCTGAGCGAGACATCGGTATGTCCTGTTGTTCCGAGGTGCGAGTTCGTCCCGGTGCAACGGCCGCCAACCCACCTCCGGTACGTCCAACCTGGAACGAGCGATCAGCATGTCTCGCCCGTAAAAAACGAGGTACCTGGAGACCGCGCAACGGTAGCTGCGCTCAAGCTCCCGTGACCCTGTCACATCTAAAATGGGTAGCAGAATGGTTAATATAAGCAACACTTCAGGGAGTCGATATAGGGCCGCGCGGCTGGTCAGACGCGTTGTATTCCGCTGTTCCCCACACGTAACAATACTAAAAAATACGGGCGATAGTGAGTTCATTATCTTTCACGTGGCAGCCGAAGTATTGACCGTCTCGGCCTGGTCGATAACCCGTGCGAAGCTGGTTATTAACTAATCTCCTCAGGAAGCTGTTTTGCCAAGAGAAGCTAACCAAGGCGATAGCAAAGAACACCACAGTTAGGGGGCGC,1425,50.46,Homo sapiens
SEQ_763622,GGCACTCAGGTAAGCATAATAAGAAAGGGATAACTGACACATGTATTTCCAACATTACATCGCGTCATAACATTCACACACTGACGGGGTCTTACTACCGTAAACGGTATTTACTACACACACGCACGAAATCTTTGGAAACTAAGATGAGGGCGTTAACACCTCTACTAGTGCGGTGAAGGGCTGTTAGCTGGAGGAATTCTCTACCCTCGTAAGTCCGATCAGCTGGCCGCCTCACGATGTACTCTTTCCCGAAAAGACGTGACAAGGACCGTGTCACGCCAACTATCGCACACGTTTAGTTACTGACTACCGCGCTTACTTGACTTATGGCGGTGTGGATCTAGTCAGCTTGCCTGAGGTGGAGCCAACGTGGGCGGTCCCAGGCTTTAAACCCATGACTACCAGGATGAAGAC,417,49.16,Saccharomyces cerevisiae
SEQ_133874,AGACGCGCGATAATCCTTCAGACTTTTTGCTTGAGCGTTCCCATAAGGTGGTGCCACGATGGTGTCACGCCGATGAACCAAGAGGCACCAGGACAAACCTGTAAGCTGTTAGCACTCAAATTTGCTGGCTTGTGGTGCGGTCAACGAAATTCATTCTTGTGAGATCATGTTACGAAAAAAGCGTACACATACCCCTCCCCGACGGACCTTGCTACATTATAAAGTGTTAATATGGGAGCACCATTGGCCTGTCATCGTGCTCAGCTCAAGTTATATATCAGGCAATTGGCGTTCCAATTGCAAGCAAAAAACAACCTGACGACTCGCGACTAGTCTCCCCTGACGGTTATACGTTCGACTGAGCTTTGGACTGATGAATACGACTACGGGAAACGGATGAGTGGAGCTTATTGATAATGCTATCGTTTGTGGCCAGTGACTTGTGAGGTGCCGGTCGAGGCTGGCCTGATTAGTGGCAATGTCTGCACCTAAATAATCTGTCGGAAGAGATGGGAATACGATAAAGCGATTATCAACCTCAAGGTGGAAACAAATGTGACTTGAGACCGGCGATATAAATCCAACTCTTCACTATGCGTAAAATGGGATGTAACTACCTCGGGAAAAACTATCATAACGCTTGCAGATCATTCCATCGAGCACCCACCCTCCCACCGCTACACCCGTAGGCCATAGTAGCCGCCATATGGGATTTTGGAAACCGATGACCCGTGTGTTGACAATCGCACTACCTATCTGCCGAGTCGATGTTCTAGACGTCATTAGTCTAAAATTGATCGGTTGCGGGAACCTGACGCCCGTTCGTTTGGTCCTACGCGCGCATTGGAGG,850,48.35,Arabidopsis thaliana
SEQ_189547,TAGTCGCCGGTTAGACCGTTCTTTCTCTGTTGCCTGCCGGATCCGCCAGAAGAGTGAGGGTCGATGCTAGTTGCTCATGTAGGCTCGCTTATCACATGCCAGTTCGCTTGAGAAGGCTCTGCCGGATAACGCCAGACTTAGACAGACCCACTTGCTGAGTTGTTCTCAAGAGCGAGAATTATCATACATATGTCTGGCACATGTCTGTTATCAGAGCAGCGATTAAATTTACCGATGGCAAGCGAGTTGGGCATCTCGATTATAAACTCTAACAGGCGCCAGCTAGCAGTAGTCCTTACGACCGTTCCATTCATAGTTAAATTGGCGTCTGTGCTCTGGGCAAGGCGCCGGCCTATTAGCTTAAGGCTTATGTGCATGACGAATTTCTGAGGCTGTTAGAGTGTTACCAATAGGGTACGACGGGTCATATGCTGATGACAAGAATATCTGGCCTAGTGACA,461,48.81,Drosophila melanogaster
SEQ_871774,TGGCCTGCCTAACAACCCTTCTTTACTCTCATCTGAGGTTAGTGAGATGTAGGTTGGCTGCTAGTAGTCGCCGTCCTAAGACATCAAGATTAGAATTGCGATCGCGCTCAGCCGCGTCGAGCCGCATGAGAAAATTGTATAGTTTGGGTCTGAGTCGGGATCTCTTTCATCGTAGTGCGTGTGGTGCTTCAAGGCGTGAACGTGGTTCTTGACCGTAGGGATCATTCGTTCAGTCGCTAGGAGGATCTCATAAATGTGTTTTCAGGACGATCGAACAACGGCATCCCGAAAAGATTAAAATTGAGGCGCGGTCCCTCGAATCCCTCTTTTAATCACTTGGCATGACCGCGAGCGTATTTACAGCCCCCGGCGCAGAGTCGAAAGTTCTCGGAGAGAGAGGCCAATCGAGAGAACCTAGCAGACCGAGTCCTGCTGCCGGTCGCACTAAAAAGCCGTCATCGAGACGGTGATAGCCCGTACAGCACCGCAGTATTCGCGGTTAACCGGGTGGCGTCAGTCCCGCCTAAGAACCTGATTATGCCCAAAACCACACGCTACCTTACACTATTAATTTGGCTCTAATCAGGTTCGACTGGGGGCGGTAGTCTACGTGCTATTACCAAACCGCCCACATGTGTGCCATAAGCACCTTCGAGACTAAACCCAAAGTATTGTTACATGGTGAAGGGTATGCAAGCAGTCCCCACTGCCCATTCTGCTATGATAACATAATGCTTACTGTTACTTACTGTTGCGCCAAGATCGATATCGTTCCTTTCTTGGTGATGGTGGAATTCCGTTTTCATGAGCAACTGATTTGCAGTGATTTCATAACTAAGTGCGCATTTAGATGGGACCGAACCCACCGGCCTAATTCAAAAAACGTTCAA,890,49.33,Caenorhabditis elegans
SEQ_986635,AACCGAAGAAGTAGCGACATGGAACAACGGGCATATAGACTCCACGTGTCCTTCTTGGTCGGTTAGAAGATTTACCGGCATTCTGAGCTCACCCACGGCTTTGTTATCTACTGCCCCAGTGCCAGTACGAATTTATTACGAACCCAACTTAAAGGACGACGAAGACAGTCAACCTGATTCGATTTCGCACCCGCTAAGATTCAGGTTAAACCGTTGCTAGAT,222,47.3,Arabidopsis thaliana
SEQ_762124,CTGAGATTATGAAGTATGAGCAGGTACTCGGTTAGAAGATCCCTCCGTGCGGGATACATGCCCCAGTCCAGAATCTCATGAGTAGGCAATCCGTTAATGGCCGTTTCGAGTTTCCATCGCTTTTGCATCATGGGAGTCGAAGGTTTTTGCGATAATCGCCGTTCCCGGGTTTAAGCCTATCATAGGACGTGGGAAGGCTTTGGGGCTATGCGCCGAGTCATGTAGCGCGTCCTCTCATCTACCAGAGCAGACTTTGCTCCGCAATGACGAATCTCTCCGCTATCAGTCAGGGAGTGTTGAAGGATCTTATATGGAATACCCTATTAAAAGGAACACACCGGTTACTCTAAAGATCAGATCACGCCCAGTCTTGGCTGGTATAATTCAACCGTCCAATCGTCAGCCGGCGCCGCGTACTCAAACAGGGCTACTGCGGCCGATTTGACTCCTGACTCTGGTGTTTGTCCTGTTGGACTGGGGGAGCAACTAACAGAGGTATCAGCCCGGATCATTTTCTACCCCCAGGGTAGGCATCGACGTGTCTCAGAAGATGCCCCCACGGGTATATGACGGTAGACGGGCAGCTGGACAACTAGTAGTGTCACTAATTTCAACCACATCCTTAGGAATTAAAAAAAACCCAATCCGTCTAGCCTCAGTTACATCTGGTTGGTAGC,677,50.37,Drosophila melanogaster
SEQ_439730,CAGGACTTTACTGACTTTGTAGCCGGGGAAGCCCTCACAGTTTCCAGTAAGTGAGGGGACCCAAGAAGCGCCCGATAAGCGTAGTCCGTACAGTAAGTTGCTGCGAAGTACCAAGGTCAGGAAGAAGCCGGCTTCCGGAGATAGTATGGAAGCCGGTGAAACCTCTTTACAAAAAGACCACTCGCGAAGACAGCCTACAGAAACGATAATGCATATCTGGAATTAAAATCGTTATTAATGGACCATGTTTGCTAGATAACTCGGCGTTCCCCTCCGTCCCTTACGTGCAGTCCACGACAAAGCCCATATCGTGCAGCTGATGGATGGTATACACCATTCGGTCGCATAATGTCACTGGTCGTTGAGGAAAGTGGTGGAACGAAGAAGGAAAGCGTCAGCATGCCCGAACTTATCGATCACCCGAGTATGGTGCAGATTGCTATATACCGTTGCACGGTTCATGCGATCTCCTAAGAATGGGGTGACCGCGTGCCGCGCGGTGTTCTAGGCGGCAATCCGCAGTGCAACAGACTCGATTGCCAACTCGCGGTTCTGCCCATTTGCGCGCCAACAAACATGTGGCTCGTAGGAATCGGAATTGGCTCATATCGCATGTGAAGTGGTACTGAGGGCAATAGTTCTGGATGGAACGCGGGGGACTAATAGTTAGAACATCAACTGCAGAGGGTCGCGACTAATCGCACCTGTTCCGCCGGGTCATCAGAACGCGGCTGAAGACTACACGTTGGGTGCTCATCCGGTTAGCTTTTCCAGACTGTGTCTCCAGTTTACAGCATGAAACCAATCAAAAAAGACTGAGGGTTTACAGGCTCATGTCGGCCTGGTCCGGCACTGGCGCAGTCTTGCCGGAACCGACATGAGGATCCTAAGTGTGGCCTGCCTGCCCCGATGTGCATAGGTAGTGTAAACAAAATCGGGATGACATCTATAGTTGCGTACTAGCATAGAGGGGCCGTCCAAATATCTTCCCTGCGTCCCAAATGCTGTTTGAATGTATCTCCCTACTATACAGCCTCACCATCGAGATCGCCCTAAGTGCTTTATCGAAAACCCAGACGGTGAGCCAGAATGCATACCTGGCGGCTCAGCTGCGTCAGAGCGCGACACCTCTCGCTATAACATGATGTCACGTCTAAGTTAAAGCC,1166,51.54,Drosophila melanogaster
SEQ_912710,GGATAGGCAAATCCGCACGGGTAACGCAATGCGGAGGGGTTCGCTCGGTCGGTGTTTGACGCCGAGACAGCGAATATTTGGGCCTTTAGCTTCACCTTAACTCGGCACGAAAGTTTCACAGAGCACGAAGTCGCTCTACTTCTGCGATTGGTGGATGTGTCAAAAGAAGGAACTATCGCTTGCCCAAGCACCCCAGCTATATGACCACCTTGAGTACCTAATGTCCGCTACGGCATTGCTCTACGTTGGGAATACAGGTGTAACTATGGGACACAAACCACTCGGCGAGGCAATAGCAAATTTCTACTATGTGAGCCTTCAACTACGAGGGGCGGGCCTTGACAGGTTACTAGCCCGCTCCCGGCGGTGGTCCGTCTGACATGTCTTCGCTTGAAGCGCATGACGAATGCCTCGCTTCTCCAACTTGTTTCAACAGCCCCATCAACTTACTGGTCAGTACCTGACACATTCTCTTTTCACGGAATCTTTGCGGGTTGGCCAGACTCTATGAATAACTGCTAGTTGTTAACCCCTCCTCTTAATCTTAATTAGGGCCAAAGCGAGGAACTGTTATGGTCCGTATTGCATTCAATGATTAAAGGGTATCAGGAGTGGGGCTTGTGTTTACACGCGGACACGTTTATCTATGCCACT,654,50.15,Arabidopsis thaliana
SEQ_408026,TCCGCTCCCTTCAGCTTGATAAGGGTTTTCAAGTGTAGGGCACAAGGTGGGGTTAAAGGGCGAGATAGATATATAGCACGCGAGCATATAAGAGGATTGAAAATTAATGCCAGTTACCGTTCGTCCTGGAAAAAGATCATCTCTTATACCCATATTCCAGCCTGCTAAATGCCGAGGTAAGATGGTTACAACAAAGTGTCCACTTTAAGGCGTTTATGGTTCGGTATGCCTGCTAGAGTAACCACACGCATCCAGTTGACCGTCTAGATGACATTAGGAGATACATTATGCATGTCGGCCGCTCGCATTACGAATCGTGGGTAGATACCACAATTAGGAACAGTCTAAGTTATAGGCCAAAAGTGATTGCAGCGTAGCCGTGAGCCCGCGGATTAGGATTCTGTAACCGCTGTCTTTGTGGCGAGTATGTATGCGCTGAGAGCCTATCAGGCCGAACTAACGGCAAACCATCTGGAGTAATGAGTGGAAGAAATGATCGGAATCACCTTCGATCCGTAAGCCCTTGGTAGATTTCGCAATGGCAGTAGACCGTCTTGGTTGCCGCCCCTTACCCAAATTTAGGAAACCTATCGCTCCATGTGCTCGGTTCGCTATAGCTGGTCGCGGT,628,47.77,Saccharomyces cerevisiae
SEQ_279510,TTTATGGCCACCCTGTCAGATGCATTGGGTTATTCAACACTGGGAGGCTAGTGTGGGGATTCTCCGCGCCGGACCAATGTCCGAGTCGACCGGCCTTGTTCAATTGGTTACCAGCTTGGTTACAAGTTCAAGATTTTGTCTGATGGTTACTCAACTCAAATGCTACTCTCCCTTTAGATTGTCGTCCCAGGCTCTGAATTATAGCGGGGGAAAAACCTTCAGTCAAGGTCTGAACTGCATTGTTAGGCGGGCACTTTACGCACCTGCCCTAGTCCGTACCTGCGGCATCCCGGAGTTTCAAGACCCATTTCCAGGGAACGCTCGCTCAGTCGGTTTGCAGGGCAGTAAGTCACGTCAGAGTAAATACAGATAAAGGGCCCGCTGTATACTTGAGACTAAAGGCCAGGCTCAGGTTAGAGCGGGTTTAAGACACTATGCACAGCAGATCACAGTGGGCCGGATCTCGTACGGCTAGCCCTGACCTGGCCCCGCGCAAATACAGTAAATGTTGAATCCTATCCAACGGAGCGACCGAAGCAAACAGAGAAACTGCGCTACGGGATTCGTGTCCAAGTAATGGCAAGCTTTTGTGCACTTTAGCCAATTGCTCTGCGCAATGTGCCCTATGCGCTCGAGCCTTTCCGGAGTCCGTGCGGCAAACCGCTTACTAAGATACCTGCGGCCCGCATGCGCGTCAGCTAACACGGAGTATCATCAAATGCTTGTATCTATATGCGTCGTCAAAATATAGCGAGACCTTACAATACTGGCCGCTAAATGTGGTGAGCCACCGGCATCTAACGATATGGGAGGTGAGGCTTATGTAGACGCGCCAGTCACTAGATGCAGTGTGCTTTCAGCTTGAAAAAAACGGGCGAGCAGCTGCAGACATTTTCAGCCTCAGTGGTCAGGGCCTAGCCTTCGTTTCTAGCTTAAAGCAGAATGTACCCCAGTA,955,51.31,Mus musculus
SEQ_247857,CCTCCTCTTCACGCTGCGGTCAGAAATCCTCCAAACTCTTTACCGGAGACGACCGGGGAGCAGAGGTACTCCTATGAAAGAAATAGAAAGGCTTTAAGGCCTTAGCCACAAGATCCTCTTAGAGACATGCACGTGACGCCTATCAGATTGGACAGACAAGAGGCCTAGTGCGGTCCGCCTGCCTTTAATGACCGACATTGCGAAGTCGTGTCTTGATTATGACGATATCATGTCCGAATAGTCGCCCTCTGATATGCACCTAGAGTTAGCTTCTCGACCCAGCTCGTGTACGCACGGTGGTCAATAACGGACCCATCTAAACGAGCGGAGAGGAGTGGGTTCTGACGTCAGGTCAAAACGATATCCGACACAGCCACTGTGGGATGCCTGCAACAAGGTGACCGTACTTATCCCTTGCGCAACTATAACCCACGACAAGTGATCGTGAATAACAGCTTAACTGTAGTTGCGGAGCCACCGGCTACCACAGCTTGAACTCTGCTTTTTTTTACTCATTCTAGCCAAGCTGACAAAGTAAGAGCATCTCAGCGGGCCCGTAAATGGACTGCGAGCCTACAACTAGCTGCCCTTCCTGCGTGACGTTACTACGACGTTCGAGTATCACAATGTGCTACCTGCTATCAAGGTAAACTATTCAGCGACACGGGAAAGAGTAGGCACTCGGCATACGCGCTTTTCATCGCAGGACTCTATGCCTTGGATGATCGGAGGCATGCTGATAATTCCTATACTCCCCGGCGAGAATACATGAGACCCTACAGCCTTCAAATTGTCCCTTAAGATCTCGGCGTACGAGTAGTCTAGATCAGGTGTAGCCGGGGCTGGTGTTGGCTTGTGTTCTTAGGGAAATCCGACGCCCCTTCCACAAAATGTGTTTCGCGAGTAACCTGATATATCCAATGCTCCTTCCTATTCATGTCCTCACCGGATGCTTGCCAGCCGAAGAGGAGTTGGCCGGTAGT,983,50.76,Mus musculus
SEQ_699946,GATCGCGGGAACTCCTGATAAGCAATACTGCGGACACGCGATTACTAACACGGCTGTGTCCGTAGGGACGACAGATGAGAAATAGGGACGTGAGAAGGGTTTTCCTCAAGCCGTTGAGGTAAGCGATGTGGACCCCGTTTTACTAATAGCTTTAGATCAAAGAACATGTCTAGCGTCCGGTGTTCAAGTTGTTTCTTCGTAGGGAACTGATTGGGAAGACTGTCTTAATTTCGAAAAGTGCAGGCGGCGCCAGAGGTAATAAGTAACTGTTGCCCTTCAGTCGTCAAATGGAATTCTCGAGCAAAGGCGGTAATTGCAATAATTGAACCCCTATGCATACAGGCCTCTTCGTTTGACACAAACACGACGCGTAGGCGGACGGGCGCATTCACCACATAGCCCTTGAGGGTTTATAGCCCTGTCTGACACAAAAGACCGAGGTTAAGTTAAAAAGCCGGATATAAAAGATCATTGAATCCCCCGCGGATCTAAATAACAGTGAGACCCAATTACCCACTCCTGAAGCTGGAGAACGGCCACTCAGTCCAATTTCAGTACCGTAAGCCCCGTGTCTGATCTCGGCATATGATTAGATGTCAAATTATGCAGTTAGGCAGGTTGTCCCTTTTTTTACACTAGTCTTCTAGCTGCTCCATGATCCACAGTGCTATCTAGTATCCTGCCGTGCAAGACGCCTCAGCTATAATCACTCTCGATTTAGGATCATGTGGCTGAAAGGACGTGGGTCCACTGCCTTCGCTTCGACATGGTTGGATCGTGGGCCGACTGTGGCACAGGGTCAAAGGTCAATAGGCTTCTATGAAATGAAGTGAAATCGCCTCGCTGCACTCGGCACAACTCATACTATTCAAATTTTCTCTTATGATAATGACTGTTTTTATATAAGCCTGTAAACATGACCGAACTGTCGTCTCATGAAAGAGTCCGTGACACCACGTACACCGGGAATGGTATTTGAAGAATGTAAGCTGGCAGTATTGATGCTCCGGTATCGTCCCGTCTCTTGTAACGCACCCACTCGATCGACGCTGCCACTTCGTAGCTTCCTTCAGTTCCAGGTTGCACTCGCCTAGAACACTGTTGGGCCCTCGCGGCAGACAAGACGGGTGCTTCTTCCCGGAGACGGCGTTGTTATGTGTGGAGCTGATCCTTAATAAACTCTTGGGCCCAGTACATGAGTCGCTAGGGACCATCTCTGGACCCCTGGCCCGTGCGTAATGACCCCGACTCTAGTAGTAGTCTCGATTCGATCGGACTAACACGCAAAGTTAACCTTACGAATGGACTCTTTAGTAACAGGGGTGGAGTCTTAGTTTAGGCACCGCCAGATTGTCGTTAGGAAGGGGCTCAGCAGGGAATCGCAGAATAGTCGTAGTTATGACCGTGAAAAGAGAAGTCTAGC,1423,48.77,Arabidopsis thaliana
SEQ_969274,CCCACAATGGCGAATCCACCCAGTTCGAGTAAGCTAGTGTTCTAGACCCCGGAGTTAGGCGTTTACTAATCGATTAATGATTCCAGGATTCGATGATTGCGCGTCCGCGGCCACCCTTTCTATCAAGGTAATTGATCTCACCGGCCTCCGGGATGGGACTCGGGCTCGTCAGTTCGAACAGGGCTTGTGTACGCGCAGACCTACATGAAGAGCAACGTACGAACTGCCCCATCAATCGAACAAACCGCGAGATGTCTCTGTGGCCAGCATTCACCTGAAGTGACATAATAGTCCCACACCGAATGTGGGCTACCTCCCGCTCAGGAGACTGCTTACACCTAGTCGCAACAACACCAGTCGAGGATGCTGTGTGCGCACTACTTACAGGAGGTGTGCGTGTATCTTACGAAGCCATTGTAGTG,422,52.84,Arabidopsis thaliana
SEQ_985424,CTTACTATACAGACGGACGATTCGGAAGGTGATGAGACGCGTATCCTCTAGGGAGAGTTGATGACTCACGCGTACCCTACGCGGCCGAAATTCTGCGCTGAAGGGCCCCTAGGGTAATGCCGCAGGCTTTTAACATGGGCGGGACCTAGCTGCCTACGCACTCGGTCTACAACCTAGAGCGGATTTAAGCCTCATGAGGAGTACCGAGTACTCCAGGCGACTTCGCTGACATCAGTTTCCGGTTCGGCCGCGGAAAGCCATTTCCACGAGGCCCCCAGATCTCTTCCCCCCTTTAATGTGTCTATAGCGGGTTATCTATTTTAGTCGTTAGTCCCCTGTCCCTTCTTGGGCTAGTGGAATGTACATTTCAGGCCGTATTCGCCCGTTTGTGCGGGCCTAGGTGCATTCCAGCGTTACGACCGCGGAGTCGAAATCCTGGTCCTCCTTGATCCCAATCCCCTTGTGTGGGGTTCATGTGATATCCATAGACCGTTAAAAAGTTACGGGACTCTTATGGCCGCACCGCAGTGGATCGATCGCTCCAGGTTTTGGTCGTATATATCATTACGATCACTGGCGCATTAGACTTATGGATCACCTCTGCAAATGTCCGTTCCGGCGGGCAACATGGGACAGGTCGGTCTCCATAATGGGTCAAGCGTTGGGACTAGGATCAGTCCATTAAAAAAAGTCGCTACCATGCACGTTGAGGGAGCTCCGGACCATGTTAGCCAGTCGAAAACGAATGGCTCCAAAATCTTGTCAATTCTTAACGCCAGTGAGTAACATCGCAGGGTCTCAGGCGCGCATAGGTCAGCTAGGTGGACTCTATGCAAACAGGCTATCGCGTAAGGTATTACGTGCACCAGCCATAAGCCATTGACCGCCGGCGAAAAACATACCATTATTACGACTTTCCCTTAGAATTAAAACTTCTCGTGGTTTACCTACATGTTACTAAACCTTGTGTAATAAGACTCATCGTTTATGCAAGCTAAATGGGATTCCCTTCTCAGGTGAGGCCCAGACATGTCTCTGGTCCGGAAGGGAACTAGCACATACCCATTGCGCACCTCCCCATACGCACGCCCCTAGGTATCTGATGTAAAGTACTCTTTCGTTCTCTCGGTGGCGACAACTGGTGTCTCATAAAAACTCTTTGGGCCTATCCACTATATACACCCTTGCAAGTGTGACGCACGAAGATTCAGTCGTTATAGCTGAGAGGCTTCCCGCGATCAATTATGTGGTCCAAGTATGCGTGAGCTGAAACTGACCATCAGGTTACGTACATATTGGAGGTTTACCGCGTCTCTAAGAGCGTACTTCGCTTTCAGGGTCCAAGAGACGGCAGTTACAAATACAACAGCGAGGCGTGACACCACTCGTAGGTAGAGTACGCTAACTGACCGGTTGTATGCATTATGCGGGCAGTTGGAAGGAGATCAGTTCTGATGGAGGCGTTTAGGGCGAAGCAGCCAGGCGCCCTTTCTATCCGTCTGGCGCCGAGGGTGGACTCATGATATGAGTTTTCCCCAGTGCGGAGAGTACGGATAAACGAAGTGCATATAGAGTTTCTCCGAACTCGAAACCAAGGCCTCGACAAACACTCAGAGTTGAGGTCATAATTCACGGTTAATTAGA,1644,50.55,Caenorhabditis elegans
SEQ_241192,TATGGATGACGTGGTACGGAACTACCTCTATCGAACTTGTGAAGATGTAGGGCATCAGTCTGGTGTGTACGATGCGCTTGAGCCCAATTAGCACGGATACCGCCATCGCCGGAATTGATTTTAAACCTTTAATTTCCGCACATGGCGCCGGCATGAAAGTTAGCCGTGGTGGCGAACAGCCACTTCACGTATCCTCGATGTAGTCTGGGGGACGGGCACCGAGTTCAACACCTACCAGTCGGATGTTTTAACTGTAAGCTGGCCACCGATGTTCCGTAACGTTTGCCGAAAGGCACGCAGCGGTGGCATCGATGTCGATCTATGGCCGGGTCAAACCACATCGTCGGGCTTCAGCCTGGGCAGTTTACGGCGTGGAGGCTAGAAAATCCGAGAGCGTTGCTGCGTTCAGCAGGCATTATTCATATTCAGATTTAGTGTTACCTACAAACCTCGAATCTGCGGCCCTCGTTAAAGCTGGCCCCGTGGGGCTTCGTCTATGGACTGGTGTGCTGGAGGGATACGATACTCTGTAATCAACCTGAACTACAG,549,52.46,Arabidopsis thaliana
SEQ_968473,TAACTAGGATGGTTGGAAGTACAAATCAGGTTAATGCGATGATGGCGCCACTCGATTGGTGGATGAGCAGTCAGAATTTACCGGTTTTTGGTGCTCTAGGGCCAATGAGCCGGTCTTTGAGCCTTCCCTTCTCCGTTACAGTATGTACAGCCTGGGTACGCGTTGGGGTCTGTTCAATCTTCTGTGAGCATGGGCAGTCCAATATTGGATCGACTAATGCAGCAGGCGTGCTGTCCGGTATTCGCCAAGCAAGACCGATTAGCTCACGTAAAGTTTCATGTAGGGTTCCCCAAGACATGAATTCCGTAGTTATACGACGACTATGCGAATCGCCTCCACGTGCGGACCAGTAAGAAAGTAAGCAGAACATTCGTCAGAGTACGGGTGGTTTATCAGTCCGAAATCGCTAGGCAGTAACAGCTATTACAAGTGATTATAGGATAAATCATCGTAAGGTTACGCTGCAAAGGGTATTGTTTCAGCGAGGCCTCCAAAGCAAAAGAACACTTACATTCAACATTGGGACAAAATGAGTGGGGTGCGACAGTCACCTAACAAGGGAGAACCTAGCACGGTAGTCCGTTGGGCTGTGTACTCATTGGGAATCCCCCTGTAAAATATAGGAAGAATGAGCTCCTCCTACCCCATAGATTTAATTTAGTACCCCCTTACATCCTTACGAGATGTACCTGGCATCAGTCCTTTAGTGTATACGAGCAGTGTAAACCTACAGGAGAGAGAGATTGTACCCGGCCTATACGTCGCAGGACACTAATGCGTACCTCAGCCACTCGCCGCACTAGAGGACGTTCCTTGAAAGGGCGTTATGTTAGGACAACCCAAGCCGCGAAGAACACAATTAAAATGGGCCTCGTCATCTTGATCTTGAAATACATCCCGATTAGTCAACTTTAGTGGGCTCGTTAGGCAACAGCGCATCGGATCAATTACTATACTCATGTTAAACCTTCAGCAACATCAAGGGGTTTTCTACGTTGGCTACTCAACTACACTCTAATATAAAGAATCTTTTGTTGGCAGCAACTAATTCCAACCCCTGATTATAAACTGATGATTTCCGTCTTTCGACAGGGACGATCGAGGTAACACACTACATTGTGAGTCCCAATACCCCGGGCTCGGATAAGCCATATGACAAAATATACAATGCTATGAGCAAAACTTTGGCATACCGTAATAAGTGGACCCCATTTGTCCTCTATAGCTCCTTCGACAGGACCTAAGGTCACTATGCCGCCGCGGCCCGTTCCCAACGCTCGATCAAGCAAAGCTAACCTCTTGCTTGAGTCGGCTAGCGTCCTTCGAGTAACACCAGAAGGCGCCG,1345,47.29,Drosophila melanogaster
SEQ_652792,GAGGAGACAACTATCTACGTATCAACTTGAAAGAATGAGTCGACACTTTCCGGACTTGTTCGCTGGTGAATTTCTTTGGAACACTTATTATCGGTTCGGGTGCAATGCTCCTCGAAGCGAGAATTAACGTTACTCTTACTGGCGATTCAGGTCAGCCCTGCCCTATTTGGAGGAGTTCGGTGCGATGCCGCCCTATTTTTTAGTCATGGCGAAAAAGAGCGCGGTCCATTTCGTATGCCCCGCATGCGCGGTCCAGAAAGATACACCTGCAACTTCTCTGGACTCATTTGTGTCTAAATGGTACAACTTCACCGTTAACGGGAGCGGATGGGGACGGTGAAACAATTTTCAGCATACTCGCTATAATTCGCGTACTCGCTCGCGCTTTCTATACGCGACGCCTAGTATCACTGACACATTTGCACACATAGCGCCGCGAATGCGCGGATGTTTGAGACGCAATGACAACTCTCTACGGTGGTGGCTAGAAGTCTATGTTCATTGTCCTGACAGCATTGGCCCACTTCCTCCTACGCACTCGATAGCAGCCAGGGTTGGAGCTAGGCGAGTTGACTGATAACAGCTGAGGTTGAGTTCCTTCCCCGATTAAGCATGATTGCGAATCCCATACAGAGTTATAAACGCGGGCCTGACTGACCGTTACACTCAGCGACTTTTATTTCAAAAAGTCCATTCCAGATTTTTAAAACCCGACACCCAAGCGCCGGCCCGACGGGCCCATAGACATCACGGTCGTGTGCT,762,49.87,Saccharomyces cerevisiae
SEQ_487353,GCACTACTGGGGCAGCTTGAACTTGAAGCTTCTCCATCGGACAACTTTGTCCTTCTGCCTGGAGCTGGGATTCACATTCTCGAGATACAACCAGATCGTATATTCAAGTACGGTAGCAAATTAGGAAGTGATCGTGATC,139,46.76,Saccharomyces cerevisiae
SEQ_347081,TAGGTATTCGGTCAAGCGGACCAGGAACCAGCATTTACCAGAGGTACGCAAGACTCAAACTGATTAACTTCGTTCTTAGTAGGTATCCTAGCGCCATGTGATTCGAACCCCGGACGGTGCGTCTTTGATAAGCGGTTGAGGGGACAGGCCCAGCGGTCAGAACGCATACGCGAAGATATGTTTCTTGCAGAGCAATTAATAAGAGCCTAAGTGGTGATTTGTTATATCGGGTAGCAATAACTCAGGTTGCCCGAGACCTGTGTGGGAGCGTGTAAACCGTCACAGGTCTTATCCGATGCCAGGGTGGCCGTAGTTTGGTGCGTCTAGGTGTGAATTCGCGATCCTTAATTGGAAGCCTTTCTGTCCGCGCGAACGTTAAACAATCTCGTGTGTATTCAAGAGGGTGCTGGTTGAATCTCGATTGAACACTATAGACGTACTGGCATTCTAGGATCATAAATTAATCTAGCCACTGGACCTATGCGGTTTCTCTGACTCACCTCATATTTTTACTCCATGAAGAAGATAGACTAGCTGGTCCGATAGGCCTTCAAGCGCCTCAGGACCCGGTACAACTATTTGGTACGTTGAGTAATGTCATGCGGCCTTCTACTTGTTTTATCCTTACCTATACATATAGCCCACCGGGTAGACTAATAAATCATGGGGGGCAGCGCGTTCCACTTGATACTTACAACGCCAGGTGATATTTAACCCTTAATGAGGTACAAACCGCAAGCTTTGCAGTAAGCCTACGATGCAGGGTCTAATTGACGCAAATAACCGCATCTGGCTTCTATCTTCCCTTGAGCTTAAGAGGTACCTCTAGATGGCCCTAACTTTATTTGCTGAGATAGGCACTCACCGAGCCCGGATAAGAGTTCAAATCACGTGGCCCATCTTCCAGCTTGCAGGCAAACCCCTTCATACGTTCTACTTCCTTCCTCGCAACTTGCATTCTTATTCCCGAATACATATTGAACGTTGTCGTCAGGAGCCGAGCCTCGCCTCAAAAGCTGGGGTCGATAGCACCTGACTGTTGACGCGACCTTCAGTCCCCGATGTCTCGTGCTAGAAATCGCTCTAGACGCGGGTGTTGTGCTAAATCTGGACCCGGCCTTGGTTATAGGGTTTGGGGAATATTCTTCGGTTGTCCACAAGCTTCACTACATACTACTACGGTGCATCACTGCGATAAAGACAGCAGGGCGCAGTCCTAGGAATGTTACTTATACTGTGAACTGGGATGTTTCGCCTTGTTTGGCCAACAGCTGCCCTAGTGGGCCTTGATTCGCTGTCTCCTGTGACGACGCGGCTCAGCATAACTGTGGACAAAATTGGATGATGTGCCATGTACGCAAGGTTGCTTGTTCGTCCGCCTCTCCTCCGCTGGCTTTAATTACCTGGCGCTGTCTGTATTCGTGCCACTATTGAACTTACCTGGAGCTGGTTGGGCGCAGCTTGCGTGTTCAGCGTGATTATGTACCTTGCAAAGTGGCGTATGTACCAAACGATCTACCGTTGGTGTAAAGCGAGTAAGCGAACCCACTAATCGTATTACGTTGTAGTCGCCGTGGCCTCGAACAGACGGAATGGCCACCATATGTCGCCGCTCCATGATTCACGACCCGAACGTAGAAAGAACTTCGGCGCAATGCCTTTTATCTACTCGAGACACAGAACTAAACCAGGGAGCCGCCCCTTATCTGAGGCGCGTCCTACGGAGCCCGACTCGTAACTAGTGAAAGGATCTCATACCTCTTCAATGATGTATTGGGTCAATAAACTATAGAGTTGTGAAAGTATACAACACTACTTC,1819,48.93,Caenorhabditis elegans
SEQ_907282,CCAAGCCATCGTCTCGTGCTATACTTTAGTGAACGGATAGAAAGTGTTCATCCTCCGGGGTTTTGTACATTTCGCATATCCACTAAAGACAAAGGCAAGACTCCGACAGCGATAAGTCACGAGCTTAGAAAGGATAGACCAGGATGAGTTCTCGATAAGGTTTTAACGTTCGTAACAGTTTACCCCCGTGCTCGATTCGTCGGAGAATGTGTTGCGGCTGTCGATCAGGCAAAGGAAACCCATTTTGCCTTTGCATGGTGCTTGATTCCATAGGATCTAGGCGCGTCTCGTCACCGATATGGGATGGCATGTGTTAACTCAATGCTCTGGACGCCTGTTCATTACACCCAAATTTGCTCGCAAGCATTTGGTTGCACTGCCAGAGCAGGAACCCCTGGCGAACCACATCGAAACTTGACGATGGCACAGCTGTATGCGAATCTCTTTGTTTGTCGACCGGGAGTGACAATCAAACGCCGTGAGCAAGACGAGATGATCGGAAAAGCGAAGTAGTAGCGAACGGGAGTCTATCTTGTCAACTATTGAGTAAGCTAAGTGACGAACTCAACACGCTTTATAGTCCCGCATACTTTTGTAAGGCTTAGGTAACGCGTAATAGAATGGCTTGGTTTTCCTTGAACCGGTGCTGGTGAACAATCGACTACCGAATCTGTCCGATCCGCGCGCCGTCTACTTCCAACTGAAATCCACATCATGTGAGCCTTGGGAACACAACTTGTCTTCCTGACGGACACTTGATTGATTCCCAAGGGACCAGGACCGCTGTCAGTACTTAGCTGTATACACCACATTTGCTATGAGATAGTTGCAACCGACACCTATGGGATGACTACGGCGAACAGACCGACGATTCTCGCAGAGAGTCGTCATATAGCCAGTGCGTCATAACGAGGATCGCTCGTTTTGACTAACGATCTGCACACAGCAACAAGCGGTGTCAGGGTGCAAAGTTACAATCACGTCACTAGCACGATATTAGCGATTATATTCTGCGTGTGTACCCTATAGTGGGAGCAAATCGTCGTGACTTCGCCAAGATGAAACCCGTCGGTGAAGACTCAGGATGCATTAAACCCATGCTAGGCGATATTCGGCGTACTCGACCAGATGCTGAAAAATGCTGCGCTAAAAATGATTAGGGGATCAACCTCGAGCCATTCATTACGCACCAAGCTAGATCCTGGCGCTACCTTGAAGTCACTCAGTTGACCGAAGAAGGAGAGCGTTTCGGGCTAGAAGAGGATATATGGCGGTGGATCCCATCGGCGTGACCATCGGCGAGATACGGGCCCTTCATCTAGTAGCAAATGTTGTGTTCACCGAC,1345,48.92,Drosophila melanogaster
SEQ_780114,CGAAATCGATACTGACACCTTTAGTGTTCACGAGCGTCTTGGAGAGTTCTTGCTCTTCACTGATTAGAACAGAACCTAGAGCTTGCTGCTGTAACGAAAATGTTAACGTTTCTTCCATGGGGGGCGCCGACATGAATAACGCATTTCAGACGATCAAGGGCTGGTGACACGGATACTGTACCACGTGAATTCGCAGTTATTATCGTCTTCCTGGAGTGACCTCCACTGCGGGATTAGGCCCTCGGCTTAGATAAAGACTCTTGTATCGACACCTTGTTGCCCATCCTTTGGTCGTGCACTCCGAGACGCCATTCAATTGACACGAGTTGAATTGTGGTAGTTGGGGATGCTCACCGATTATCGCCGGTGTTAACAAAAGAATCACCAAAGATTGAAACGCGGAGCCGAATCCTAGTCAGTGCCTATACCTTTACCAATTACGGAAAAGGAAGTGCACCATATCCCAGTATCAGCCGGGAGATTCCCACTCGCATTATCCAAAGTAAGACGCACCCCCGAAACATCAAAGGGTCCTTTCTAAGCCCGCAGTCGTATCTAAACGTTATAATGCGCTGCAACGTAATCCGAGAATAAGGCACTCAGCCTGTGCCACTCACAGCCTGAGATACATAGCTGAGCGTCTGGGCTATGTCTTAGAGGGGGTCTGGATATTGTCTGCAAAAAGTGGTATGACGTCCGATACTATATGCACCCACTAGGGGACGTGGCGCTACGGCTTCGCACTCGTAAAAAATGCTTAGGCAGTAAT,769,48.5,Homo sapiens
SEQ_388569,CAGTTCGTCAGACGAAGACAGCTTTACCGCTCAAACCCGCAACCTTTAATCTCCCAACGCGGCCTGTCATAAGAACTCCCCCTGGCAACTTGCGTATGTCTCCATTTTGTGTGAACCTGACACTCGTCATTACGACCATGCTAGCACGACGTGCATTACCAGGGATGCTGTCTGGCTCACCAGGGAAAAAGTGAGGACGCGTTGACGCTCCGAGATTGTGGACTGTGCTCATTGTGTGTTTGCGGTCTACGTAGTGGTCTTCGCCTATCACTACGAAAGTGACTCATTCAATGAATCACGGGAGAAGGGGAGTAACTCTCTGTATAGCTTTCCGGTCCTCTCGACAACGAAGACCTATCCTACTTATTCGTTATCTAAGGGTTTAGAGACAGGTGTTCGAGTCCTCTCATGTGATGAGCAGGTCAGGCACGGAAAGATGGGGCACAATCCGGGTAGAATCGATACCAAATTGCCCCCGCGTTAGGATTTCCCATTAATATGATGGAAGAGGACGCTCTGGTACCCTCCAGTAATCTACGCTCATTGGGTAGTTCTAAGTTTATAGCTCCACCTTAGAGCCCGACGCACCAGGCAGTCAGGGAGTAATGCAAACGGCTTCTGGCATATTTCCGATCCCGCTGTCCGAGTGTCACGGTGCAGGACTGTCTATGTTCTTGGCATAGCCCTAATGTATGCCGCAGTCCACAGCTCATTGTGATTCGCGTGTGGGCCATCGCCGAAGGAGCTCAAGCGGGAGCCTACCGGCACCGGCGCCAATCATGACTTACTCGCTTGTACGTACGCCTCGATACAGCCTCTCCCGCTTGCACCGCGCGTGGGCTGATCCCTAACACTATAAAATATGGACGCCCTGTACGGAAATATACGAGGAATACCCGCTAATCGATCGGCCAAAATAAGTGGATATCACAGTGACGACTAAGCTCTACTGGCACCACAGTCTCAAGTCACGGTTCTCCGGTGTTAGTGAAGCGCCTTTAGGTGGTGGGTCCGTTAACTAGCGCCAGATCACACTACACTACGAACCCTAGCCCCGCCCTAGGGATAACGGGTCGGGGACGATTACGCAAACAACTTTCTTGAGTG,1107,52.03,Mus musculus
SEQ_677110,CTCCGAGTGTCTGTTTCGCATTGATACGGTGGATACATAACCCAGGCGGCAGTCATGGTCTATTATACGGGAGTTAGTGAGTCTACTGCTAGTCTTCGATTAAAAAAATCTCGAACCATAAAGAACTTATTACCCGTCCTCGAAACGACACCAGTACGGGCGAACCGGAGCTTGAACCAAACCTGGTCCTGGGGTGGGAGAAAATCGATATAGGCAAACCACCGAAGCCATTCGGCATAAAAATACCTTCGGCGTGTATGTAGTATGATAGTGTTTAATTCTGAGAAGCCAGCCGTTAAAGGTGAATAGATCCAGGTTGTTTGATAAGGAATCTTAGGGACAATCAATGCCTTGAAACCCGCTCATCTCACGAACAACTCAACGCGCATACTCCACTTAAACTCATTGAACTCAAAAGGAGCTGATAGACGTGCACGCATAGGTCTCGGAGCGGGATGGTAGCATGCATCCTCCAATCTGACTGCACCGAAGAGTGGCTTTCTTTTAAGAAGATGGCTACAGCCTTGCACGTATCCTGAGGCCACAGATTCACCACCGTTAGTGATCGAAAGTGCGGACAACGTAGCAGTCCGCAAGGTGCCCATGAGCTGCAAACCTACTGTAACGTGACTGAGGGATGACGTTTCACCTGCAGTGGAGGAGCCAAAAGGATCTACGACTAAAGGCAGACCGGTGGAATGCGAGCTTCTCACGATCCAGTGCGCGGGACTAACTCAAGCGGGCCCTGGCAAAGCGGTGTTAGTTAAAATCAGTGATTAGTAATCTTTTTAACTTCGGAGTGGTAGACCCCTGGATTTTAGCTTAAACGCTTTGTACGATGAGCTGGGCTAGTTGCCTGGGACACGTACAGGTGGAGCTCCGGGCTAAATCGTTGATGGAGACGCGGTAGGCCTGTAAATAGCTTCCCTGTATTTTGGATTAATGTCAGCGTTCCGTCTAAGGCTAGATCATCTCCCGTACTATTCTTATCATCCTGCTATGAAGCGATGTCCACCAAGAAGAACCAATGTCTCGGAGTGCCCTTTGTGACATAATACACGCTTTGGCTGCACCGTGTTGTCTGCCTCGCGTGTACGCAGAGAGGCAAGCGACTTATAGGATACAGCGCCCAAGGCAGGGTGAAATTCCCAGTTTAGTAAGCGAGGAATTTTGGCGGCCGTCCGGGTGGTCATCTCGAAGAGACTGGCGGAAACTCCTGGTGAGACGGACCCATGCGTGCGTTCTAAACAAAATTCAGCGCAAACGGGCCACAACAGGCTCACATGGTATCTCCCGTAGACGTAACATGAAGGGCCTGCGATGGGGAACTTTGCGCCAAATCGGGAGGGGGGCCATTTCTGAGATCTAGCGTAAGAAGCCCAACCAGGATAATGCTATCTGTAAGAAGGTGACTGAGTGCTATGTATAACGGTTGCGAAAGGTCAATTAAAAGTTATTGCCGTGAGTAAATGTCCATGCCGCCACCCGATCTTTGGACTGACTTGAGTCTAACTACATGTCTATACCCCCGGTATGAATCTCTCACAACTGGTTTGGACGTTAGGTCTACAAATGATCTAACCCAATCGAATCATCCGCGCAATCGCGGGGAGGGCGGGGACAGAACCGAACACTTCAACCGTATGAGCGTCATGTAGGTCTAAGGCTCATTGTCGTATAGTCGTCCGGACAGCAGCTTGTCGGTAGTACCTTTATTTTACGAGCTGGCCTCGCCAAACTAAACCCCCATAAACGCAGTTGAATCAAGATACCGGGACTG,1780,49.44,Drosophila melanogaster
SEQ_452414,ATTCATCGAAAACGAGGTCCCTTAATACATCGAAGGCCACGTAGACTTGGTGCGAAAAACGGTTAATTGCTGCACTCGTTTCCGGTGAGATCAGAACCTTAGTAGACAGGGTCTCATCCGAACGTAATGACGCCTGTACGGAAATTTGCAAAGCATCAAACCGACCGCCGAATGCGGCTGGACTGGTACTACTATCGTGGAGCAGCGGCCTTGCTTCGCCCCATTAGCTATGGCGCGTATAATTTGAGTGTTGACTGACACGACGCATGTTATGGAATCTTGTAAAGTCAGAACAGTAAAATTAACGGAATCACCATAGGTAGCGTAAAGTAGTGTCAATATTTCTAGCGGCACTCATGGTTAGGTGAATGTCCCCATGAGTAAGTCCGTGGGGGAGTTCCACGGCGACGCTGATCTATCATGTCATTAAATGGCGGCACCTGCTCGACTAGGTCAGTCGCAATACCCAAAATCGTGGCGATTTCCGCTAAAGGACTCGCGAGGATAGGTAGTATAGATGCTCCTCTGGCATCATTACCATACAAGCCAGTTTAGTCAGTGGGTAGTCGCATGCGGAGCTCCAGGTCGTGGGACAGCAATCTTGGTAGACGCAGTCATCTAGTCGCAGATGATCCGACGAGAACAAAGGACGTTTATATAGTAACCACTCTCCGGTGGTACACTGCCGTCCGTCTGGGGGAACGGTTTCGTGTTCTAGGCGGCCTGCATGAAGCCGTGGCGGAACGTAGAAGAGGGGACTTGGGAGGAACGGAGAAAGCACTCCACTCTGTACGTTGCCTGGGTTGCCTAGCGTTGCCGTTCGAGAGCGCTCACAACATCAGTCTCACGAGTTCCTTGGGCGCTGCTCAGTCTCCGAATACAGCGTAGGTTAAGGATTGCCTGGGACTTCCGGTCCTGGGCGCATACGCCGGTTGGCAATGCCTACACTCCCACCGTTCAATGAGCCATATATCGTCAACGGATTTTGGCTTAATTAGAGCGAAACTCAACCCCGTCAACATGTGATAAAGATACGCCGAACGGCTCCATAGGCGGTCACAGGAGTTCATGACCGATTAACGCGCGTCGTCGTGACAGCAGTCAAGGCTCGGAGGCTACGGTTAGCTCTGTACACATTCGGTTCGGCATCAACACGCCTGCGGGACCACACGCGCGCATAGAGCCTACGTTATCCCGCTGATACCCGAGCTACGTCCAAGGTTCCATTCGGTAGATTAATATAGACATCGTCCGAGTAGTTCCATTGATTATTATTCAGAAGCCCAACGGACTCATACAGGGAGAAATGGTTAATATCAGGGTGACATGAGGCATTTCAAATGACGTGAATAACTACTTGAATGGTCCCACACTACCACAGGTTCTTGAGCCTCAGCCTCCTTCCCTATGCTAGTTTCACATAAAGGATCGCGGCAACTGTCCATAGCATCTAAGAGGTCATTTCCAGCCAGCATTTGGAACTTCCACCCCCCCAATTCGGTATGCTGGCGGTTGGCGTATAAGACATTTACCTACGGCGT,1541,50.94,Escherichia coli
SEQ_807407,CCCGGCGACTCTCTCGTTCGGGTGTAGACCCTCTCGCCATGATGAAGGAACTTCAGCACGCTCTGGGAGGTCAGCAGAAAATCCCTAGGTCATCCCTCTCATTCGTGTCAAGGAGGAGTAAAGCGTGGGAGACCCGAGACGTCAGGAGAGATCAGACCCTGCTCCTCGACGCGTGTTAGTCGCCTCGACGCACCTATTTGGTGACGATGCGCGCCAGAAAATCTGGGTCTTTACAGTCTTTTTGAGAGTCGCGAGGCCGGCGGCATCTTCGTGAGGTGACAGTATGCTTAACCGGCGGCAACTATTCGCTATGCAGTAGCGTGATTCTGCGCAAGGACTTCGGAGAATCGGGCGACAGTGGCTAAAAATAAGATATTAATTTGTTCTAGATCATTCTGACGCCCTCCTAGGCGCTATGCGCGAGGATTTCCTGGGAAGTGGTAAACCGCGTGGTGGGCATATGGGCTGCAATGATAAGTGATCATCAACAATAAGTACCCGGGAAATAAGTAACCTTGTCCCCTGACTTCTTTTCACATGCAACATGAGTACACAGAAGGGAGAGTACAGCGTATAAGGTCGTCGCTATGAGCTTCTAAGTTTAAAGGCAGTGTAACTCGCGATAGGACTAGTGGTTGACCGGCTACCATTCATAGATCCGAAATTGGATGCGCTGGTATAGTGGGATGCAGATCCGAGCCAGTCAGTGCCATAGTTGTGAATGACGAAGAGTTATCTGACCACCCCCATAGTATATTAGGGGATCACTTCCACGGTCACCAACCTAAGCGAAGAAATGCCAGATCAATAATGTGGATGGTTTTAGACGCAAGTGATAATTCTTTTTACCGGCTGTCCCACGCAAGGAATTGGTAAGATAGACCTTATACAACCGACCGACCGGAAGAACCCTGTCGAGACTGCCACGGGTCAGGTACCATATGCTACATGCTGAAAGTAAGGCAAAACTTCCAGATGCGACGCTGTAACCTCGGGAACCGAATAACATGATTCTCATTCCTGCGCGGGACTTCTGACCAGTGCAACTAAACGGATATTGTGATAGTAGGGCGATCTGCCCAGAGTACTTCGGCTAAAACACTGGACGATGGGCCGTGTGACAAAAGTCATCACATTGTCAAACGCTCAGCAAAACTTTTCGTTGGACCATTTGGTGGTAACGCCAGAGAAGAATGTGGGCTGGACTGGCGCATTCGCTATTTGAGATTTAATTAAGTATTTGCAATAGACCTTACCGCCGTCACTTAGAAGTGTACTTCCTTCGATCATGCAC,1294,49.3,Mus musculus
SEQ_797730,AGACTTGGAAAGCACTCTCGTGCTGTCATAGGCTTTTACTGCCAAGAATGCGATACAGCCGGTTTCGCCGCGCGGTATTCGCAGTAGGTAATATTGTATCAAGACATCCGGGTGATGGCTGTG,123,50.41,Saccharomyces cerevisiae
SEQ_140422,TAGCTCGCACCTCTTAACGATCAGCAGAGATATATGTATTGACGTGTGATTGAGTAATCTAATAACATGCTTCATGCTGTAATTTTCGAATGAGAAAGGGCATGTACTAGACGCTGCGTGGAAGGAGTACATCGGAGTGGGTATCATTTGACAACTTGGTGTTTAGTTTATGTGCATTCTCGAGTTATACGGCTGGTACGCTCTTCTACAAATTGGGAACATCAATCATGGAGTCGCCGGTCGAACATACTAGTAGCGTCAGCCAGCGGACTGATCCCGCCTACCTCGTCCTTCCTCAGCGCATGTTAACTACTGCACTGCACCGCAGAAGGCAACGAAATGGAACCCGGAGATTTATTAAATGTCGCCTCAGGTACGTAACTACCTAGTGAGGATGCCATGGCCCCCGCGCTGGCGAGGCGGCCCGACTTTTGGTTAGATGAAATATCACCGTACACGGGCCCCACCAGTTCTCCGGAGAGAGCAGCGCGCAACTGATGAATTATTGTCGATGGCCTACCCCCGCTTTCATTCAGTATAGTACCCACTGCCCCATCGACGCAGCGAAGGTGCCGACGCACGTTAGGTAACGAGTTTGAGTACAATTATATTGATGCAGCGTGAGAAGAGGCAAACAGCGCCCAATCAAATCATATATGGAGATAGACACGGAGCGTGGCGCCGGGCGTGGTCAAAGCGAGAACCTATAGACGATTGACAGGTTGGAGTGATGATCAGGATGGGTAATTCGACAATAATCCACCCGAACCGTACGCCGGAGTAGAAGTTAGAAATATTTATGTTTACTGCCCAGGTCCTCTGGGCTATAGGTGCCGAGGCAGCCATTGTACTTTACACAACTTTCCTCAACCCGATCGGCACTTCTGATCAGGTAACGTGTCTGGAGCTACAGTGTGTGTATATTGAGACGGAGTTTGCCCCCAATATACAGCGGAGCGGGAGCGATTACTTACGAGTGCAGTAAGCACCTCAATCTTTAGGTTAAAGCCGGTGACGC,1018,49.71,Homo sapiens
SEQ_733165,CGTGGTGGTGAGTGCGGGGCATGGCTATCGGGGTAACCCGACGAGTCATTCCTGCACGGCGATGGATACATGCAAGCAGCGCATTTTTTGAAAAGCCAGTCATGATGTCGTTGTGGTACTCAAGCACTCAGCAATCGCGCCGAACATTCCTCATGCAGTCAGGGATGTTTGCACGGCCTATACATGTGTATTTTACAGACTCTGGAACAGAATGCGGCGAAGAAAAGAGAACCCTAACCCAGGTCCTGACAGCTTAGCGAGTCTATCCTCGGCGGACCACATTGACATTGATCATAACTTCCAGAAGAAGGCCCTCCATTATTCGACTGCTCAAGGGCAAATTTAGAAGGACCAGTAGCGAATTAAGAATCGGATGCAAATCATCGTGCTAAGTACACACCAGAGCGCTTAGGCTAGCGATTCCCGGGTCATGTAATTTACAGTACTTCGGTGTGCGAAAGGGGAATGTTCATCTTGTGAATGGCAGTCAGGTCATCCAGAAACAGGACACGGAGTTCGACATCGTGTACTGCCTAAGTCCTGTCCGGACTGTGACATAACTAAACCTTTGCCAATTACCCCTCAAGGTTGCTCACCTACGCTGGATTAACAGACCCCTACACATCTAACTTGAGTGTTTTGGCAGGACTTGATGCCGTTAACGAGCAGCCGCCGGTAGTAGGTAGGCACTCGCCCCCAGTCAGAACTCGCGACGACACCTCTATTCTGGCCGTTTCGGTACTATGAGTTTATTCCTCAGGCGCCCAATTGATTGACCTCGGGACAGCTCCCATAGGCTATTTTCTTCTGCTTCCACGAGTCACCTAACATTGGGAGGTACAGGCCAGAATGAGTCAAACTAAGCGTGTGGCTATTCATGACCGAGGAAGCAGGTTATACCGTGCACGTAGTTTCACCCCCCTTCGGTCCCGTCTTCACCATTTGCCCGTAGACAGGCCATATTTAACTCGCATTCCCAAGGGGATACCCTTGATGACGGTCTACCCCCGGATATGGTAGCCTAATTATCTGACGTCGCATATAGCCCCAATCGGCACGTCTGTTACGAGCAGGCGTGGGGTTTGTAATCGTAGAGACAGTAAATTTTGGTAAAAGTCAGTTTCAAGCAACAGGTGACCATCAATAACATGGCGCATAGTACCTGTGTTCACCGACGGTAGATTGCACTGTCTACTACCCACACTAGCATTCCACCCGTGAGTCGCATATTGTGCGTAATATCGTGCTACTGATTCAACCTTAAGTCAACATCCGGACA,1279,49.8,Drosophila melanogaster
SEQ_208520,GAGAAGGCCGATTACCATGGGAGTCTCGGTTATGTTGATTGTATTTTCACTGTTAAACTTCCTCAAGGGGGCAGCCAGGCTAGAATCACCGTCTCGCGGAAGAATCTCTCAAATAGTGCACCTTGATACTTCTTATCAAATCTGCAGAGCTGTCAAAGTCTCGGGGCTGTAGCTGACGGTTGTAGAGGAACCAACACCAATACTAGATTGTCGCCTCGTATTTCATATACATTATGCACAAGACGTAATGATCAGGTACCACTCGGAGGCGTTGAATGGTGAAAAATCCTATCATAACCATTCACCTCGGGTAAATTGCCCATGTGCAAAGCTTTCACTAGGTTACTCAGTCATTTAACCAGTGCCCAATCGTCGCATGTTCCCTAGTGTCGCTAGGGTGAATATCTACGATCACTGCCTTGCACTGGGCAGGTGCTTTTCAAAGCCCTAGCGTAATAGAGCCCCGCGCTCGTCGGGCATTGGCGCCAGTCCCTTTTATGTCGTTCACAGAGCTGCGGGTAACTGTCTTGGCCGGGGAACCGATTGGACGTGTCGAATTAAATTAATCAAGATCGACTAAAACGAAGCGGCCTTCAGGTGGGCCGTAGAGATTCCTGGCCCTGTGGTCGCTTGTGCCTAAAGCTCGCCCGGTGGTATGGCGAAGTAGTAAGAATTTCCACTCTCTAAAACCGTAGTTTGAGATCATCCGCGC,712,49.02,Caenorhabditis elegans
SEQ_850466,CGGAGTCTTAGGGCTGCTTTGGATAACTTGACTCCACAGACTGGCCAGAAACCTACTACAGAAACTACAAGTTTCGCACTTGGTCCACAGTAGATCGCGGGCGTCTGGTGCCTTGTCGTCGGGGGCGGGTGGGAGGAGTTTTCGTTTCGGACTCAAACATTAAGCGCTATGTGACATAATTAATACATGATCCTTATCGCTCCTACGGAGCCGGAGACGCCTTTTGAGTTGGCAGTTCCCCTCCCAATCTGGCGTGGGTAAACCGTCCATGGTGTTTCCAAACA,284,51.76,Escherichia coli
SEQ_450985,ACGGCACGTGTTAAAACTTGAAGGTCCTGGACTTACGCCCCATTGGAAATTGACGGTAATCTAGCCGTAATTCGTCTTTCAGAAAATTCTCATACACCTTGTATCACGGAGAGCTCCGGGGCATGGAGACCATTAGACCTACTTACGGGATGTACGTACGACACGACCCCATTTTCTCCTCAACTACTCTAGCATTCGGACGATGACCCTACTCCCTATCCTACTCGGGAACTCTTGTTGTAGGTTCATGACTACTTGCGCTGGGCCAAGAGCACCTGAGAGTCGTTCACATAAGGTAGGCTTACGCCATTAGCGCCGGGCCCAACTCGCGCACACTCCCTTGCTCCTCAACATACTGCCGGGGCCAAACAGAGGGCATCCGTCTGATCGTCTCTTGCGTTGATTCAACAAGGATAGCACCGCCCACTCTTGTTCTTAGTAAATTATAAGGATAGAACAGGCGTTGGAACTACTACTACCAGTGATGCAATGACTGAAGCTTCGGGGCCACAATAGCCCGGATTAAAACATACGCTCATTACCGAAAACTTTGGAGAGGACCATTTGAGGTACAGGAGTAAAGTTGTACTTACTCTAGGCCGAACCTCGTGTCCAGAGTTCAGGGGTTATTCGAACAGCCCATGCGCGTGAATTTCACCTAGGGGAAGAAGTGCTAGTACTGACTAGATTAGTGTATTCTAGTTGCATACACTGTCCTCAGCTGCTGTCAGAGCAGAGCAGATATGCGGCTCACGGCGCGGGTTTGGTTCCTGATCATCTCTGTATATTCTTGCATCAATAGCGCAGCGCTGCAGGGCAAACAGCACTCGCTGCTAAGCCCATATGCCCGGACGTTGCGACGGTAGCGGGTAGCTAATTCCTCATGTATGGCGAAAGAGCCGTCCTAGTGAGGCTGGGGAAAAGATCTCAGGATGGTCTGACGGGGTTAGCCCTTGA,957,50.57,Drosophila melanogaster
SEQ_135279,GTGCGACACACGGAATGCCATCGTTAGCCCTTATCCTTAATTCATCGGGCCACCACGGGCCATTGGGATGCCTCGTTGCTCAATAAATAGGCCACTGGGTTAAAGCACGTGAGTTTGCTCATCGCGCCTGTGCGGGACGCTACATATTGGAGTATTACGCCTCCAAAGGGCGAACGAAATCTTCCGAGAGCTGCGGATTGGCCAGCAATGTTCGCCCGCGTGTGCTAACATTATACAAACTTCAAGCGCAAATAGGCGATCAGCTCTACCACGCCCGCCAAGTGACAGGATAAGGGATCCCTTGTAACCTCCCACATTATAGCCTAACGGCGTATTTGCCACTTCTGTCAAGGCCGGATCAGAACTGAGGCTAAGCAAAGACAGTAATTTTGATTGTAGCAGACTAAGCCCGTGCCCGACGATTCGGGCGATAGGCACGCCTAGCATGCATGTACATTTTAGGCTGCGGGCCCAGTAGTACCATTTCGCAGGTCAATCTTCAACCGTTGACAGTGCGCTCGCGGTTCCGCCTGTGAATTATTAAGCCGGTAGTCACACCGAGTCGCACCTTACATAACGAAATCCATCAACGCCTAGATGGTGTAGTATCTGATAGCGGGGCCTCACCTTATATATTAGCAAGCATTTTCCTTTTTGGTCAACGTCTAGTGCTAGCGTATCGATGTCAAATGAATCATAAGCGGACTCATACAGTTTCCCACTTATTGATGTCTAATGGCTGCAACGTCTCCATATGAATCCGTTTTCTGTAGTGCCGTAACGGTCCCTTCTGTGGTTCTGCCCCGTGTACACCTATCTAGCTTTCCCATGAATCGTGAGGTCTGGTTAACCCGAACAAGGATCGCTAGTGTACTCGGAGGGTAGGGTAACTTGCTAGGTTGTTGTTAGTCGAAGAATGGAGAGAACGCCTCGGACTGAGTGTAGCCGCAAAAGCTAAAGCCATCATGACTCAGAGGCCAATTAAGCCATAGACTTGTAGCAGGTCCTTTACACCCTCATCGCCCTGCCCTCATCAGCCTTGATGAAAATCATCGCTAATTAAATGCCCATATATGGTTGGAGACCGTGCCGCCGACGAGGCTTACAAAGCGAGATAACTCGTGACATAGTTAGCGAGACAACGGACGTAATTTATCCCGCTCTTATGTTAACATACAACGAAAAACCCAATCAAAAAGTCACCTGCCCCCCAAGCAACACAGGGGCAATTGCTCCGATATGTCCGAATCGAAAACCCGTGCCGCTCCACCACAAAGGGAAGAGATCGTCCTCTTATGGTGGACCTCTAAATCAATTTGCTGCTTTGTTCTATTATGATGGTCT,1344,49.18,Mus musculus
SEQ_956148,TTAACATCTGTAGTACCTTTTCGTGTTCGCTTTCAACCACGTACGGTACCAACGTGGAGCCCCACCCGCTGCCAGTAGGAGGGAGTGCCAATGTGCGGCACCATGGGCCAATGCACTTGAACATTCCGCAATTCCAGCAAGTTTATTGACCCAGTAAGGCGGGATCGAAATTCTATGGATTGAGTTTAGATCGTTGTAGAATTGACAGCTGAGACATTCACAATTAACTCTTGTAACTTGATAGAGTACCAGTGCAGGTGCCTCATCAACATCTTTGGAGAGATTGATTGTCTTCTCGAGTTTGACGCGTAACCTAACTCATGCTAGATGATAAGCAATGTGTATTGGATTTGCCCTGCAGTCAGCGGCCTCATAAACTTCAAAAAGCGCGAGTTACTAGGTGAAGACTACCTAACGGATACCGTTCATACTGGGGGAGGTCTGTGTGCTCGTTTTTACCCGAAATCTAGAAGTCAGATTTCTAGGGCAGGGGGTACGTCCCGCCTTTCTCTGGTGTGGGCAGCGACGCGAGAGCGGGTAGTTACTATATCATTGTAGGTAGTCGATTCCTCCTCGTGGTCACTGGGGTGCGGATACCCCCCACGCACCCTTAATGACGGCGGGAATTCCAGTTGGTAATAGCCGCAAGTGACTCACGTACCAACCCTTACTCTTCTATTCCCCATCCAGCCTCAACGGCATTAATTGGCAGAACATGCAAGAAAGGAAGGAGGAGAGGATTCTGGTACGACCCACGGCGACTGGAAAAACCGATACTTAAATTGTCAATCATGCACGGAAATGACTAGACGTCGGAAGCAACTTTTCAATTCGGCATAAAAT,843,48.28,Mus musculus
SEQ_637104,AACGTGGACTTATACGCTCACGTAGCTTACCTCACGTGACTTACCACGTACGGTGAGAAAAGAGCGACGTGCACTACGGAGGTGTGCGATCAGAACTCCCCACCAGCTATCCTGAATCTCTCGGGGAGCGCCACTGTTCGGCTATGAAAGGTGCATGTTCAGCGCCATGCTTTGAACCGTTAACACATACAGACTCTCTATCAGTTTAGGGCCTTTGTGTAAAGACTGTGAACAGCTCGTGAGGTTGGTTTTACCATGCACTACGGCGACGCGTCAGGAACCGCTTCTGCAAATATGGAAATTCGGCTAGGTGCAAGAAGTCGAGGTCGTGTTTGTGACTAGGAATCCACATTATCCTGGAAATGATCGTTAACGTCTTAATGTAACTTAA,391,48.59,Caenorhabditis elegans
SEQ_949179,ATCTGATGTCCCTTTCTAAGTTCAGGTCATTATAAATACCAAATGACCACATTGATAGCGAAAGTTTGTAGCCTACCGCGCGAGTACCTGGCCTTCTCCTCCCTTGTATGGTGTCAGAGCTCATTTACCTTGGGGCTTGCTCCCCCGCCAGGACGCGCGGCTAAAGTGTTTAACATCAGGGCGATACTCGGTTACCACAGCGCGTCTGACGTGCGTTTTAGATACTCGTACGCTCGAAGCCTACGAAACTGCAAATCAATTCTGTGTTAAGCAAATAATGCCTCTGGCGCCTCTTCATACGTATCTTAATCTAGACATCGAAATGTTAAATCAGCCCGGTCACAGTCCCTTTTAACGGGGCGACTCATATTTGTTAAGATCGACTTTGACGCCTAGGGCTGCTCTCTTGACATGGCCCGAACAATCCCTTGGAGACTTGCTTACACTTGGAGTAGCAAGTAAAGCCGTACCGTCAATCTTCGTACCGGTAGCCGAGGTCGCTGGCCGTCAGGTGGTCATTTGAAACTCGCTTGTAATGCTGTCTTAGTTGAGGTCGAATCCGCTATCACCACTGGCGTGGGACCGAATTCGCCGCGTGTCGGTGCCGCGTTTTCTCGGCCGTCGCCAGGTAACGAGAAGCACAGTGACCGAGTTCTATTCTGTGGAGGGTAAAGCAGCTATAACCGATTAGGGCATATCGTTCGGTTCGGAATACTTCGCGACGCGCTAGCTGAGCTGCCCTCGGCTGAGTTTCTCAATTTATAAGATGGCCACGAAGGTTTTGGTTGCAATATCCGAGACCGAGAAGGCGGCGGGCTAGGCCACGACTGTGCAGGAGTATGCGAGTCAATCACATAGGGCAGACTCTACTTTTAGCCCGGCCATTGATCAAGTCAAGATACCTTGGCCAACGGCACATCCTCACGGACTGCTCGGGTTGTCCTATAATAACCGGTTCTTGTCATTGATAGCCTACTTCGGCCTTTTGGACTTACTCAGCATCGGTGTATGACTAAGTACACGCACCCGACTTAAATCCTGTTAAATACACATTCCTGTGAGCCGGTGTGCATAGTTTTGCGGTCAAGGGGGTTGGACCTCTGTGAGAATAGAGTTGGCTGGTAGTGACGACGCGACTCGACCACCATGAAACATTGCACTAGGCGGACACGAAGCGACGAGAGGGTCCGCTATTAGCCCCGGTCGCAAGTGCCATGGGACGTTCCATCTCGGGGGTGAAGATCGAACTAGCGACTGTTCGAAGGTTAAATCCTAAACCCTGTAGAATAAAAGGTTTTTGGG,1302,50.92,Drosophila melanogaster
SEQ_920134,AGGTTTTCGATTAATCTGAATATGTCGTCTGCAGTGATAGATTACATGCATGCATGGTCCGTCACCTCCGCGAATAGGGGAACGAAATGCAATTGCTGGCTGTATGACCCATTGATAGGCGGCCACAGACTCGACATAAACCGGGATGTATCATGCCCAACGTATCTCGCTACTAACTGGGGCCCCCTAGCCGAGACCATGAAGTCCCCAATAAGCGTGGATTCACAAGGGACTAAACCGGCGATCGACAAAGTTTCCGCAGCCAGGAAGTGGTGGGAGACCACTTTATGGAATCACAAGCCGTTTAAGTTCGAAGCCGACACAAGTAGCGCCCAGAGACATGACCAACGCGCTGTATATCCCGCCAGAGTCGTTACGATCCTTCCCCTTTCGTTTTGCTATTGCAGTGTGGGCGCTTCCCGCTCTGGGGAGCATAAGCGCACCGTGGTAGCCACAAGAGAAGAATGTGGCAAGATTAACATCGACGCTATCGGCCGGTGAAGGAGGCCACTCAAAGCTTTACACATCTTCCTATAGTGACACAGGCTCGGCATGTCCGGCTCATTTAGGTTGGATGCTGCCACCTCCAGTTCACGCTGGCGATACTTACGCAGTGTGTGCGGTCACACTGCAGGGGTGAACTCCCAGTAGAGGCACGGCCTTAGCGGTGGCCATTCTAGACAGCGGCGCAACCTTTAGATTATGAACGCGCACCGCTGACGGCAAGCCTAAGCGTGATATCCGCTAGGCTACGCTACCGCCTGATTGTGTTCAGGGCTTTTTTTCACAGGACAGGAATACAGGGGATAGACCGCATTTTCGTGTGAAATTAGTTGTCCAGGTACCTATGGCTTGTAAGGTTTTCAAACATATAGGGACGGATTGAGTCACGGCGTAGCCGCATAAGAAGGCTCATGAGTTGAACAAGGCTCCGTTCGGTCCCATACAGTTAGTTACGGTTAAATATTTTAGTCAACCTTCATTGGTAGGTTGCGTGCAGGAACAGCACTAGATAGACCACTAGGTATTCCTTAGGAACTTCGTATGAGTCCTTCCTAAACCGTATCACGCATCTTGCATCAGGTGGCTGGAAAAGCCTTTCTAGGTACAAACATATTAACTGCCATGACGGCAGCGATGCTACCTAGATTATTAACGAGTCTGTGGAGCTTACTGGTTGGCAGTTTTAAAACTCCTCAGCTTCGAATTGGCCTGAAGGAAGCGGTCAGCGACCGATCGTTGACTAGAAGGACTTACGAGAGAACAATCACGCGCTAGGACTTTGTTACCAGGACTCTACGTGTAAATGGGCATTGCGTTTGCCGAAGTCTTGTATTCATATGTAGCTGTCTAGCGGTCCCGCACTTAATCACTAAACGCGTAGGCTTTCCCTCTAAATGTAGCATTTCTGGATAACTAAATTCGCGACCGTGGAGAACCGATAGAACCACTGAGTTCATCACGCACACGGAT,1473,49.9,Saccharomyces cerevisiae
SEQ_610108,ATTCCAGTAACAATACCGCCATACAGTCAGTCCAACGTTTCAATAGAAGCCAGGCACTGGTCCTAAATGCAGCAGAACATCCTGTGACACTTTGGGACGACCCCGGTTACCCGCTAACAACCATTCGAAGGA,132,49.24,Escherichia coli
SEQ_344296,TGCTATGTCGTTAAGGGTGAGGAAAGTGGCACGGTTCCTACATGGTCATGACGAAACCCTAGAACAGACAATGACTTACACTTCTTTAACGATCCTTAGTTAAACTAGGCTGCAAAGGCCCCCAAAATGCCGTCAGAACTTCGAACGGCTGCTCATACTTATGGGATTTGCCTCGGTCCTGTCCATACTTGTGAGGTCGAACCCAAGTAGTGCGTCAGCCATTTGACTGAGGCCCGTGCGGAACTACTTTAGCTACGATGCGTTGGCTGGATTAGAGTACCCTACCAACTAGAATCTAGTACTCCGTAACCCGGGTCAGTGAGACTCTAAGCGAAACTCTCCTGAAACGAAAAACCTTTACAAATACGTATGCAAAGGGCTCATAGATACCCTAAGAGACAGGATCCTGCGAATTAAAAAAACCTTGGGTCCAATTATACGGCGCCTTCTCTGCCCGTGCTCTATGTAGTATAAGGTTTGCGCTTACGATTACTAAACGCGCCATCTGGTGATCGAGGCGCAGCAGAGATAGACTATGTTGCGGAAGGCTCTCTCGACAATTCGTCAAGAGCGAATGGCCTGTTGATGAGAGCGTTCTTCGGTTCGGTCAACACTGCTCTTCACTTTTTTTAGTTGTCTTTATCTAGAAGCTGCCTTAGCTTTCGTGGATAGACCATGAACGCCGAGCACGTGGTCT,697,47.78,Homo sapiens
SEQ_368616,TAATCGCGGTCATGTCTTGGCCAAATACATGTGAGATGACGTAGTGTTATTAGAAATGTGTCAAAGCTGAAGCGCTTTCGAATTAGGC,88,42.05,Mus musculus
SEQ_863095,CAGTGGGACACGCTTTTAAGTACATGTTCATAATATTACCGCCGCATGTTATGTGTAAGCTACAGCTTCATCAGTATGTTGAAGAGTGACAGTAAACATTATGATGACTCTCACTATATCTTGGTCCATATAGAATCCCATAGTCGGCGACGACTTTGCTCACCCACTCAAATACTGGTCAGCAACTTTCGTTACGGATACTCGCGATCACAAAGTTATACGTCCGCATCTGTCCCTAGCGTCAAGGGTTACTGAGCTTCCAGCGAGTCTGGTAAGTACAGTTCCTCTATGGTGCGCCGCCGCAAGCACGTGTCAGCGTCTGAGTGCACGTATCAACTAGGTAATTATTCGCTTCACCAAAAATCCTGTGGTTCGAGCATTTCTAGCTTCTCCCAGCGTCTAAGGTTAGTCTACCGAGAAGTCCCGGGGGATAACTCGGTGGGTCAAGGCAATTGTACTTGCAGCCCAAGATACATGGGCAAGGGGAAAGCGCCGCGGAGGGCATTACGAGCTCTATGCCTTTGCAGTAGTTTATCAGGGCTTGGACGCAGGCCCTTTAAACGTGTAAACTTCTGTTAACTACAAGTTGGGCGCCGTTTAGCGTGGCCGAATAGCTTTGCGGTCTACCTCTGGTTGAATGACTAGAGCTGATCAGGCTGAGGCGCTTGAGCCAATCATGATCAATGGACGCCCTGTAGGATAGCATCCTTAAGCACGCGGCTAACCCGCTCCGTTCGTCATACCCCCTATTTTGTTACCGCTAACTGAATTTGTCTTCGTGAAGTGCAACAAGCAGACGATGTTGGGGCCGTGCAGAGATCATTGGGTACCCACTGCTGGGTATTTCACAGCCCCTCACGGAAATCTTGAGTCAGATCGAAAGTTGATCAGGGTGTAGCCCTAGATATTGTCTTGCACGAACACTGTCGGGGCTACAATTGTTGTTGGTGTACTGACGGCGATGTCAATGCGAGGTCGTTTCTCAAATAATTATGACCAGTCTCGC,1006,49.11,Arabidopsis thaliana
SEQ_610568,CAGACCGAATATGTCCTGGTAGGCTCTATCTTGCGCTCAAAGAGAATTGTCAAGATTCCCACCCCGGCCCCACATTTGCGATATGCTCTGTCTTTCCACACCCGACGTTTTGTCGCCAATGTAGAAGTGGTTGAGCGCGAGTAGGACTAATACCAAGTGCATATCCACAGTGAAATGACGTGAACATTCCATTCTTAGACTTTAGAAAAGGACGGACGCTCACCGGCATGCGGATGTCGGGTATTACTCTGCTAAATCGATTGTCGGAAGGCAATCCCCAAAGCCCTGCTTATAACTGGTCGAGCAGACTTTAATGCGAATCCAGTTTCATGATCGGCCCAGCATGATTGAAAATGCGTGATTCATCGCGAGAACGTACATCTCGCGCCTGATCGCGTCCAGGAATGGTGTAACCTACATCGTAGACGTGAGGTTTCCATAGGAGGATGGGGGAATCAAGCAATGCGCGCTCTGGCCGCCGGATGTGCACATGAAGAGATCATAAGCCATATGGTAACGGAACGTCTCTCTGCACTAGTAGTCAAACGGTAGACCCACCTTCCTCCTACTGTCACATGCCGGCCTATTCGATTGAAAGATTAAATGAGGCACTTCAGAAAAAAAAATTCAGTCACCATGATACTCACCGAGCTTGAAAGCGTACGGCTTTTCACTGTGAATATTCATCCCAGTATGCTCACGATGAGACATTATACTGGTGCTGTGTCAGAATTTAGTAACCGGCGCGGGGGGCTCTGGAGAGATTGTTTACTACTCGTTAATTCGGCCCCTGGCGTAATCGGGCAAGAAAGATGTGAGATGATGCCCCAAGATAACCGTAGAGGTACATACGATCCTGCTCTCAGAGGAACGGGGCCCGCCATTGCTGGGCAGGGATTAGTATGCTCGGTTCTCGCTGCGCCCTAACGGATTGCTCTGTAGGCCAAGCGACCCACTGGGACATGGCGTGAACCGGGCAACGGAGCATCTCACGGGGCCGGTGTAGTAGTACGACAAGCATGCGGCACCTGGGCGTGTTCTGAATCATATCAAACCGGTCGAGAAACGCCAAAATGCAAGTGATTCCGCGGGTAACGAACTCTT,1104,50.63,Homo sapiens
SEQ_528026,GTAGTAATCCGGTTACCCTCACATAAAGTTGTGCTCACCCAAACCGACATCTCGATAGTCAACGGGGGCGTGCTCAGTTCGGTGACAAATGTGCTCCAGCCGATAGATAGGCTGTCCAGGACTTAAGTTTAAGCACAAGAATCTCAGTTGCCAAAGAAGTTAGAAACGACTTGTTAATGTATGGAGGATCGAGAACTTGGCAGCTAGAGTACTCGGCTAAAAGTCGCAGAGCTTCGACCTAGCGGAGATAGACCACCTCCGATGTGAAGAGGGTCGAATACGCAGTTGAGCACAGAGATGTGCGCCCATGAAACGGGATTACACAGTCGTTTTTCGCTAGTCCGCTATCTAGACTTCCTGTGGGATTCAACCAATCAGTTCTCATCGTGGTACTATCTGCTTCCATCCAGCTCCTTTATAATCCCGTGTTTGGGTCTTCAGACCCCTTCCCATGAGCCTCGATTTCGATTCACACTCTGTTTCAACCAAAACGAAAGTTTTTAACAAGCAGTAGTAGCACTCATAAGTGATTACACGGCGATAGGAGCTAAGATATTACTGGAGGGCCTTACGTAAAAAGGTAGAGACCGTGCAGATGGTTGATTTGAGGCCGGCCAGGCCTATCTTTTCGGCCATCATTCCGCGACTAGCACTGATGCGCTATGCCGAAGACGATTGACCTGGCGTAGTGGATCCATTAACCTACACTCGAGAGACGCAATTCAACCTAATCGGTAGACCCCAGTCACCTTCCAGATCGATCAAAATACAAAGACGGGCGGGCAGCGAACCATTTGCACAAGGGAAGATGCTTAATAGGTCCCATGTGCATGAATCATTCGACTCC,847,48.29,Mus musculus
SEQ_553285,GGTGACATAACTCTCTGACTCCCTATTCTTACATGTGACGTAGGTACTTGGGCCATTTCCGGCACAGCTGGAGACAGTCGCGTGATTACATCCGGTAATCCAACGAATCCAGCAGAGGTTTGTAACTAGGCGTGAGATCCGCCTACGGTTTTAGGAGGGCAGGAGTATATCGTACCTTAGTCGCTATCAGGATCACCTGTCGCGGGATAGTACGGAGCTAGAGACGTGCAAAGTACAGATAGCTAATTCAGGAGGTCGTCCAGGACGTCCTAAATTGTAAGGCATGCACCCTCTTAGACGTTGGCGTAACTATAGCATATACGCCGAAGATGCAATAGCTGCGAAGATGCTTGAGCGCTCACCTAGATATGGGCTTTGAACACATGATTTCTTCAACCGTTCTGAGCTCTCTCTAACTATGGGTTTAACTTGGGGATTCCTTATTGGGTGCATTTATTCGGGATTCCTGCATAACAGAAAGTCAAAATTGTCAGGTATTGCGCCAGCATTCTACCGCCGTTGACACTTGAAGGTTGCAGTCCTTCACCCCGCGGTGTCAAAGGCGCACACCTGGGTCCGCATTCACTTTATGAGGTGTCTCACAAGAGCAAATATCGAAACACGAGGGATGCCTACCTGCGTTTAACAAACAGTTTGGGTCGCGGAAAGAACTGAATACGTCGTCGTCTAGTGATATAATACCAAACTCAAGTCTCTCGGTGCTGTCATTCCGTGCGTTGGCAGTACCGGATAGTGAACCCGGCTCATGTAACCGGTGCTCCTAGTTTCATGATTTCCATAAGCAGACACCATAGTGAGAAACCACAATTGCGAAATTCGCGTTTCTTATGGTTTCCCTGCGATCTCAAGAGTTACTAGACGTATGCAGTTGATGGCGTATTGGAGACAGCGGGTGGCCGAACCCGAAGGCTCCTCTGGACCCATGGAACTATGAACCTGTTGTACTTGACCACGCTCTAACTCAAGCACGGCGAATGACAGTTACTCTTTCACCATTGATGTTGAGGGCTTAGTACTAAACAAACGGCTGATTTCTGTCATAGAGGGCGTGCCTTCTGTCGGATCACATTTGACGTCATTTCTACCCTAGAGAGGGCACAGCAGTACGCCATTCACTTTGCCCGAGGCACGCGGCCCGGGATTCCTAATAGTCTCCCAGCAGATCTATACGTTGTTTTTCTTAACCTCGGTTTCAAGAACGAAGTAGAAGCTAATAGGGCGCCTTCTAACCGTCAGAACGGCTTTATATCCAAGGCTTAAGTAGGGATACGCGTTGATGTTGACTTAGCAGACGAACAAACCACGTTTGCCTGAGTTACTTGTTCTACCTAAAGAGATGCGTCTGACCTAAGTTGGGGTTAAAAGACCAGTTCATATATCGTTCTGCCTCCGGTGAGGCAGTTCTATCGATCTACCTGTCGTTTTAGGGGATTTCTTACGACAATCTGTGACCCTTTGCCCTCGTATATGCAGTGTAAGAGGGGTCCCATATGAAGAGCATGCAAGCGAGCTGAGCCGGGTAACATAAGGGAAACAATCCTATGCATCTGACTCTTCATGCGGGAATGACAAATGATTGGCAGACCTGGCTAGTTAACGCAAATGCATCGGCCAGACCAGGTGACACGCTCCCGCATTAGGAGGGGTTA,1670,48.44,Arabidopsis thaliana
SEQ_226965,GTGGCTACCTGTGATTACGCTAAATCAGGACGGTTTTCAAGTAATGGACTTGCTGACTGTGGCCTAGGAGCACGTCTCAGCCGCGGGGTGTGCATTCACATATAATTCTCGTATGG,116,50.0,Escherichia coli
SEQ_727670,TGGGTTGGTTACTGAAGAACGTTCTCTGTTACCCATGTCTCAACATAAATGCGGTATGCATATAATCCTTGAGCCTTTTAAACCAACCAGGCAAGTACGCACGGATATAATCACAGCCACGGGCCGTCAGATTGGCCTCGGGCTGCCTACGTTCGAGATTCCGTACTGGCACGAACTGCCCTGGTGTATCGTGAGTAGTTGCATCTAAAAGCCAATGAACAACAGCGCCGTTTGTCGGGGGGAAGTGACGACCGGGAACCTGGCTAGATTGAAATCGGTCGGTTGATTGTTCGCCGCGCCAATTCGATACCGTAGCGCTACATTCTACAGTAAGGTTAGGCATAGTGACTAAAGTATACCCTTCGTAAGTCTGGGCCATGGCCATTCCAAAATCCTCGAAGTGCCTGCCTCTCTACACACTGATGTAGAATTAGATGATAGGCGCCTTCTCTTGCAGCCAGCATTCAAGCGTGGTTCATAGGATCGAGGCCCACAGTCAGTCAGAGAGCCTCAAAACAGCGACCGGATGTCGTTGTATATGCTGAACGGTTATAACCACTCTAGTATTGCTAAAGTGTCTATCATCTAAAAGGCGAGGTATGTTATCATATCGAACCACTGGCAATGAGGAGACTTGCTCACGGATAGAATCGGTGTGTCTACCCTCTAGCGACTTTATAATCGGCGATTCCTTCAGCGACTTTGACTCATTAAGAAATATCTGGTTTCCTGCGCGAGAATCCATGAAGTTGCGTGGATCGATCATCTATCGTAACCTCGCTTCCCTTCTGATAATCTCCTCGTTGCGGTCATGGAACAGCGGACAACGCGGTAGTTTCCGCGCAATAGGACCTTGAAGAACGACGCCTCTGACCAACAGTTGCA,885,48.81,Caenorhabditis elegans
SEQ_186499,TGTGTGATGTCTGCCAGCGGCTCGCAGCGTTCCCAAGAATGGTAAAACAAAGGCCCTAATTGGTTGAGATACAAGCTTGTCATATAGGGTGCGTCATAGTCTCATTCTACAAATGTAATTTATCACACCTTCTGTTTACTACAATATATTTGGGCCTGTGTACTACCGCCTGAGCTATCTGAGTAGCATGGACCCCTGATCCCGTGTCGCATTAAGATTGTGAGTACATGATTACGGGACCATCCGCGCGCCTCGGAACTTCTCATTGCAACGGCGTGTACGCGGTTGATAAACCATGCACTCTAATGTGATTCGAAGATGCACAAATCCATTTAGGCTCATCTGGAAGTCCCATGCCACGTCCCACTGGATATGTCGGCACTTTATTTCCTAGCAGCATCAGCCGTCTAAGGTCCACGCTGTTAGAGCGTCCTCGACCATTATGACTAATGGAATCTTGCAGCGAAAGGGTGGCGGGTCCTGATTCCAAGCCAAATCTCCGCATGGCCCTAAATGACTCCCCGTTACTCACGCCATTCATTAAAATTTACCGATGTGGGAACGTTGCCTGTGTTCGGAACCCAAGGTCCTTTAGCCGTACTGGGGCTGATCACGGCGTTTATCCGACCGCCGTTTTAGACACCCGTTTAATCAATGGGAACGACGCCGTGTCTCCATCGTCAACTGTCAGTCTCTGTCGCAACCGGCCGCAG,713,49.93,Homo sapiens
SEQ_988487,TGCGTATGTAGCGTATGGGGACTTAATGGAAATATAGCACTTTGGGATCGGGCCTACAGCCGAACGTGTGCAACTGTCCAAACCCCATCGGAAATGCTAGTTCGCAGCGTAATATGGGGCATCGTGCAAATTAGTAAGGTCTTAGTAAAATGGATGACACATGTTTGTCAGCCTAAGGCGAGTAGGAGTTCAAAAAAACCATTTCCTATAAATTGGTCATAATAGGTTCGGACCGAAGACTAATCCTGTGAGCTAATCTGTCCGTAAGGTCCTCTCGCTGGGTAACTCATCGGGTACTCTAGC,303,45.87,Saccharomyces cerevisiae
SEQ_759448,CAACGTGCTGCTCACCTAACCTTTTTTGATCATAGTGACGGATGAGTGCGGGGCTGAAGGTGGTGTGAATAGACCCGTCAGTGGCGCTGAGAGAACCAGAGGTACGTGGCGCATCGAGAACCAACCGGTGGGTAGACCGACAAGGGGCTCTGAGCCTGCAAGTAGTTGCAGCCGCTACAATTGTCTGCGCGTGATCGGGAAAATCGCGGTGTGTAAAGATTGCATAGTGGTCGATAATCTTCTGATGTTAATCCCCGACAAATCTGCTGTACCAATGCAAATTTAAGTTGCCGGGCGTAATGCGCAGACAGACAGCGTATAAGGTAAACGAGATTAATTCGCGACCTATCCTGCGCGGCGATGGCCTACGGACCCTCAAGCATGGGGAGCATAGGAAGAATGGTACTTCGCTGTTCTCCTGAAGCTTAGAGAGTCGTGAGGCCAGACTCATAGTTTGTTTCGGCCGTAGTAGACCTGAATTGTTTGCATTCAGTGCTTGCGGAATGAGTGGCCGCGTGTGGTTGGGTGGTTCACCAGGTATCTGGTGCTGAAGTATCCGGACGAAGTAATACTTCAATCTTGCCGTTATCCGCCGGTAAGGCTAGGTCCTCTCGGGCCGGGCGAGACCGACCACCCTAGTTATCGGGGGATCTTTTCCTCGCCTATCGAACTGTGCTCGCTTGCAAGAGGACCAGTAGAGCTCGGGGAAGTCATAAGAAAGCTCAGAGTCCGTGAAGTGCAGATCGAGACCCGACCAGAGCGACTATCCGAACATTCCTATGGCACCATACCCGCCTACAGTGATGCCGCTAAAACACTTATAGGCATCGCTAAATGATACCTGGAGTCGAGATGGAGTAACCTCAATAGCAAATTCCGGGGGAAAAATAAGTCGGCGAGCTCCTCATTACGGTTATGCGTCTGACTACGGTATGATGAACATCTATCGCTGTGCCTCTTTGAGTTTCGGGCTGCGCTAGATCCCTTAAGGGAACACACCTTATTGTCGTGTTTCGCCCCGATTGTTAAGGGTGTATACCGCACAGCAAGTCTATACGCCCCACGACGAGAGGGTCGAGGGGTTGGCATTTTGCAGATACCAAAACGCAGATTTTCGGCCCTAGCCAATCATAATTAGACCCAGGGTAAGTGGGGACAGGATGACACGTCGCACGCCGCACTCCGACAAGAAGATGCCCCTTTCAGGGAAGGCTCAGCCGGGGCTCTACTTCCAGGTCGGGGCGTCTAGTGCAGGCATCTGATCAGACAGAGGTCGTTCGTTAGCCTTAAAGTCCGAACGTTAGTCCCGCCGTGTGCACAATCACACATTAGCCGCTCCGGACTTTAGCCCTCATGGGCGACGCCAAAGATACACTTTATTCTAAGGCCGTCCC,1394,52.73,Mus musculus
SEQ_977363,TGATAATTACCCTAAGGAGGCCTATTAGTAAGCTCTCAAACGCGTGATGATTTCCCGAAGGGATCCGTGACTCAGCTGAAATTAAGATAGTTAGCCACGAGTGTAGCCAAAGGACCTTCCCCCCCCAGGGAGCCGGCTTGAAGCATGAAACCGAGTATTTATTACTTACGCCGATCTTACCTGCCCCATGCCACTCTCTTAGTAATCGACGGGGATGGAAGGTTACAACTCCCTAACGTGTTGTGGATCAGATCCAGAGCCCAGCCATTTTCATCACCGACACTCCTAGGTGTGGTTCGTGTCTGAGCACCTGGCAAATTTGACTTTACGATAGTACCTGGGATACTGAGCGGTCTCGATAGCGAATCTCCGAACATACTCCAAATTTTATGTGCGTTCCGTCCCCGTGGGTGTTGTGTAACGGATTCTACACTTTGGTAGGATAAGACTTGACCCCGCCGAATTTACGCTAACCCCCTCCGGAGGAGTGTCATCAACGTAACTGCGCGTGGCGTTTCACTCACAATCGTAAGCATTGCCATGGCCTTCAGGTATGGCACTTGTAAAGATGTTTTAGTCTCGCTTCTAATACCTCTATGTCTTAGTAGGCTGATGACCGAGTCGTATATACTCCAGCCCGCCGGCACGCGGCTAGGCCCACGGCGTGCATGGGTTATAATCAATTTGGACACTAGACACCACCATGCTATGCCAGCCCCGTAGTGCTCTGGCTCTCTAGCGCTTAGCGAACGAATCGGGCTGACTTCTCGTATTCAAGCCGTGGTTTGAGAAGCTGCACGAGCCCTCAGACCTTGCTGAAACAAGGGGTACTGAACACCTCGGTCGAGCGGGGCATCAAAGAAACTGAAGTTTTAATGGAGGCCGCGATGCACTTTTGTATTCCTGGCGCCGTTACTACCCTCGATACCGGGAATGTGCGGGGGCCAACGAGATTGTTCGATAACCCCTAACTCTTTTTGGTACGACCGAGCATCCAGCATGACCCTCTCTGGGACTGTCATCTTACCACTCGTGGCAAGAAAAGCCGCGCTCGCCGCTTTACGAGAACGTGCTAAATATCGCTTACCGGGGTCCTGTAAAGCTTTTTAGCAAAGTGCCGTACTACCCAGGTTTGCGATGTTCGGTAATTCAAAAGTAGATTCGAATTAACCTTCAATATTGCCCTCGATGGTTGAACAAAATTCCGAGCGTTTATAGGCCGTCTTGGAGACGTCATATGCTTGCTCAATCACGACATTAGCGCATGGGGTTTTTCGTCATTCCTAGAGTGGATTCACTATTTTTCAGGAGTCAACTACGTTCTACCTGAAACGCCGAAGCTATGTGTTCAAAAATCGACGCGCATTTAGGTATACAGCATAGCTTCGCCCGTTGCGAACTAAGCAGAGCTTTAGCTTTTTAAATTGCGCGCGCATTTACTCGCCGTTCTTTATGTAATATTGCGCAGTAGCTAACCATGCAGAGGGCCAAACCCCTTAAATTGCTAACTCAAGCGATTCACGAGCCTACCCCTCCAATACACGAGTCTGGCACCGGGACGCGTATCTGGAGCATGACGATTGGGCCCTCTTCTTCGGCCGGCTAGTGTAAAATAGCCCATCACAATTGCTTGTACACTTTTGCAAGACCCAGGTTCGTAGACGTGCTTGCTTGTGATCTAGTTGCACCGGGCCGCATGTGAGCTGAGCAGTGGCGGAGACGGCGGTGCAAGGTACGTCGTCGCATGCCGTACCTCCGACTACCAGGGGATCGCGGAGCATGGCACGCCTTTATTACCGTGCATGTTTTAATGAGTAGCGCGCAAAGCCAGTTAACGCTGAACGTAAAC,1849,50.41,Caenorhabditis elegans
SEQ_515346,GCGATTTTACCGGCTGGCTGTCTATGGCGCGTGGACTCCCTATTGCAGCAACTGAAGTATAGAACGACGAGTGGAAGCTTCGCCAGCTTTTTATAGAACCTTTGACCTTTTTCGACCTAAATTTTAATCTACGTCATGCCATCCCCGCCAGCGACACATCTTTAAGAGCGGTCTCCGGTGCGTGTAAGCGCCTTCGCGAACTCGCCTGACCGTGGTTCTTGGCGCGTATATGCAGGGATTTAGTCAATTCGATCCTTCAATGATGTGAAGAAATCCAAATCTCGCCCACTGTCCTCATACTATCATAACGCTTGGCCTAGGTTTCGGATAATCACGTATGCTGATTTATGGATGAGAAGGGATGGCACCTCGCCAAGCTGCTTAAGTGAGATCTCCTCGAAGTAAGACTGCATACCGTAGGGATTAGACGGAATGACCCCAACTATTTGCGTCAGCGAAACATCTAGCGCCCACACACTATTTGACGTTACTAAAGTATTCTCACTCCCTGTATCCTTTTAGAACGGGTCTTTATTCCTTAGAGACGATCAACCATACAATCCGTCGATACCTTTATGGAGACAGCGATCTCCATACCACCCTGGGAGGCAGATGCTACGGTGGTTTGTTCGCTAATGCCAGCCGACATGTGCATGTATTCTGTGGAACGCATCATGACAACGGAGACGAAATGTGTCACCAAAGACACAATTGACACACTATCGGGGCTCATGAAGAGGGAAGAGCCAATGCTCAAGATGCATCAGGGCGTTCTAGCTACAGTTACCTTACGGCCATCGGCCTACTCACCGCCATGGCGTTCTTGTATGATGTTTCCCCCTTATTGGATCTACCCACCGCGTAATCTCGTCCTAAAGTAGCAACAGCCCCACCTATGACTTACTTCGGGACGGCACGGTAGTCGTCAGGACCCTGATAGTACGTTAACAACCTGAGTGGCGAAGCTTTGTTGGATAAGTGTTCCCAGTATGTTCGATGCAGAAGATTGTAAAACGGCAATCTGACGTCTCATCCCGCTTTAGTCGCTAGAGTTTGGACTGTCAACATGGCAGTTCAATATAACCAAGCAGGAATCTTTTCCCTCGTTTCGCGCTGGCACGCACCTACTGCGTGTCCTAGCAGCGGCTCGGGAGCCCTCGAAGCAGCCGCTGTGGTAGGAAGCCGTCATATTTAAGAGCCGCTGGCGTCCAAACGGGGGAAATCACGTGACTAGTGAGACAGCTGAGAACAATAGTCTGTTTTGAAC,1267,49.49,Caenorhabditis elegans
SEQ_442737,AGGTGACACTCAAGCACAGAGAGGTTTACAGCACGACATTTGATACTGAAGGATGTATGTTGGGGTTCGCGGTCTGGTAACGATTATCAACTGATAGGAAGCAATGTGACTTGGATATTAATCCTCTTGGTGGGGTGTCCCATATCCAGGTCTCCGGATTAAGGTGGCATGTGTTCTGCACGCATAAAGGATTTCAGATACGGGCGGCCCAACGTCGTCATCAGCTTACCATCCCTCCAGAACGCTTAGAGGCACTGTAGGTGATTTTGGACTCTCAGCATTTATGAAATTGGGAAATGAGGCTAACAGAACGCGTCCCGATTTTATCGAACGTTGTCGTTTCTACCCTACCTCCTCAAATGCTACCCGATATCTGTCAGAATTTAAAAGCAACATCCATAATATCAAATCTCAGACGCCTGTCTGTCGCACAGATGAGGGACCCTAACTAGGCATGACATTGAGCCGGGTATCATGCAGTTGCAGATATATCAAAGGGACTGATG,506,46.44,Caenorhabditis elegans
SEQ_211503,TCTTAACGTGTTACATACACCTTACGCCCGTGAGTTATAGGTCACCCCGCACCTTGGGCTGAGATCCTCCCTTTATCTACACATTCCAATAAAGCGGATCGCAACTCTCAATTCGCATAGATAGGCCATAGTTGTAGTTCCGAGCGTTCACATTGGATGAAAGCAAGAGATGCCCCGTGCAGGGCAAAAACCTTTATCGTTCATCTAACGAAGCGCGGATGTTCGGTACCAATCCGTATCTTGCTGCTTCAAGGAGTACCAAGCCTATTCCCCTTGCCGGACAAAGTCTTTATTTAAGTATGTTCGCACAAAGTGATGGA,320,46.88,Escherichia coli
SEQ_667101,TCGTGAATGACATAATGAACCGAGCCTAAAAAGGAGTAATCACCCCGGCATAAAACTACAAGAGCTGGCCAGAGCTCTAGA,81,45.68,Arabidopsis thaliana
SEQ_728184,GTTGATATACTCCGAAAGCCTCGTAGTTCGCCCCTTGTAGCGGGCAGTTCGGGACTAGTGCGAATGGGCCGTAAAGGAGACCTAACCCCACCGATCGATCGTCGATGTGCCTCGAGAGACGGTACGCGTACCCCCACAGTGTTACATCAACGGGTTACGCGTACATAGCCGGACTAGGTAAATTAGCGCCACCACACGTGGGCAACCTCCTACTTGGCCTTCCTATTGGGCTC,233,56.22,Escherichia coli
SEQ_171391,TTCCCCCGAAGACGGGATACATCGTCTTGACTCGTCCGATGCACAGCGCCCATTGCTGACGGCAAACCTTCTGATTGCTACAGTTGAGAACGCTCCCGCCAGGTGGAGGAAGCCGTAACCGCACACATGTAAATCAGGTCCACACTCGAAGTCACAAACCTGACTATAAAACCCAGTCCCTGGATCTGCTGCGCGGTAAAGGGAATCCGACGATATACGCATTAACGACGTCGAATAAGTGGTGTTAAATGATCTCGTTTTTGACGGCAGTATGCGCGAGTCGGGTAATCTACGCCCAAATGCGTAAGCTTCAGATCCCGTATGACACCCCCCCACACTACTACCGTTCAATTCCCAAATTGTTTATTTCTTAAGTCGCTCCTGTCGTGAGAGGTCGTTCCTACATCATCAAATCCATAGTCATGAGGAAATGCCAACATTCCAGTCAAACTTGTTGCTCGTGCCAGTCGCGTGCATTCCCATTCGTGAGATAATGTACTCTTGACATAATTGGTGTTCCAACGTTGACACATCAGAGCTCGATATGGCTTAACGCGTGGCTATGACGACTTGATCTCTTTCGAGCCGATGATTAAAGGACGTAGCACCACTAAATCAAACCTGCGGCTTAGCCAGTTTGCGCTATTGGCGCAGACTGCATTCCTCTTGCAATCGAGCGGTCTTCCCTATTACCAATTGAGTGCTGATTGGGTTTGCTAGGCGCATGTGCTCCTGTAGATGAGCAGATAAATCGACTCATGAGAAGACTTCATTTTAAAGATAGACCCCGCCATTGTCGTGTGGACAAGGCTTCTCC,817,48.71,Homo sapiens
SEQ_212640,TGGACAACGCCGGAACGGCTAATACCTCAAGGTTTGATATACTCACATTAAGAGGGTACGCCCATGATCCGAGAGAGTCCACGCACATCACCAATCAATAATATCCTTTCTGTATAACGAAAGACGGAGCGCTTTATCCTGTTGAACAACCGCAACCTTCAAACGACTAACGCTGCTAACTGTGCTGGGGGGGAGTGGTTTCGATTGAATCGGGGACGTGCGCTATCGTTTCGTTAGCTGCGGGCGTTAAGCAACGGGGCTGTACATCCGCTACCCTGTGAAGGCTTGCATAAACCAACGTTCAATGCTGCCTGGAGTCTGTGGTTTGAGTACGCCGCTTCATCCTTAGTCCGATAGTTTTCTAGTCAGCCAGTGCTCTCAGCTGTACCGCGTTATGGATAGGAAGCAATTGAGCGTCAGAAATAGTGATTTGGACTGTAGGACAGGAGAGGAAATATCTCTACAAAGGAGCCTTTGTCTGTAACAGAACGAGACAGGCGAAGTGAACCCTTTAATAGGTCTAGATGCCACTAACCCCGGGTTGGAATTAGAACGCTAAAGCTAGTGAGTAGTCGGGAATTAGACGATTCTCAAAAGGACCTGGTGTCGCGATATCTTCGCCAGGATATGATGTAGTTAAGAGAGGACTGCTAGTTATACGGCGAACTCGATCAGAAAAACTAAGCGGACCAAATACGCCATCTAGGTGACGAACCCCTACTGACCGTCCCCATAAGATCGACTGTGGCCTTAGGGACTCTAGTTGAGAGTGGATGGTGTGCCGGATGATAATCAGCCGATGGAATACGGCACAGCACTACATAACTTACCTGTTAATTCACCGGTAGACCCGAAGTTGTAGAGCGCACCAGATCGAACCGAAAAGACCACCGGCCTCGCTATCTATAGAAGATTTATGACACGCCGATACAACACACTGCGGGTGGGCTTATGGTCGCGTGTGGTCGAATCTGCAGTTTCGGAACGTGTTACTTAAGAGTACGGGTCGGTTTTGCGCTAGGATTCCGGGCGATGTGTCCCCTGGCGCCGTAACACATTCAGACCACAGTTGATTGCCGCGAGTCGTTGTGGACTCCCTTCATACGGCTCCCGTTGAAAAGGTCACTCAACACATCCAACCTTTAATAAATACCAAGTGATATGCTCCGCCCACTAGACCTGCTCCGATTCAGGACGCGGCCGAGCACAGGGCGCATCCCAAACCTTACGCGCCGCAAAACGCTACTCTATCTTCGGTTGGCACATGGACGATGGATGCCACTCCTAGAAGTAAAGCATAAAGTGATTGAACTTATATCAAGTCCTTCAAGACTCCATTGTCACTGGGATCATAGGGCTCGTTTGAACCCAGTGAAGTAAGGGGTTCGAATCCACTGGGATGGCTATAATATTTGCGAGGCCGCACAGGCGCGACAGTGATAAGAGCTAGATGTTCGTTTATCGCGTACGGACATGAAACCGACTTGGTGTCTTAAATCATCTCCTTGGAGCAGTTGGCGACACTCGTGAGCCAGCATGTCTGAGGCGCGTGCAGCGCACGGGATTATATCGCAGTGGACGTTAATTACATGCGCAAGCCCCACATCAAAATAATCCCGGCGGTCTTTCATGGATGCATCTAGATGAAGACCGTAGAGTTCCCGCC,1666,50.0,Saccharomyces cerevisiae
SEQ_456929,CTCGCAGCAATTAATATAGAGCGTGTATGACTACGATGTCGCTAGTACGGGGTAATGTGATGAGTCCTTTTTGGATTCGCTGCAGAAACGCTAATGGAGTACATCAAATGGCCCCGAATGACGCAGCCACCGTGGGCGGACTTAACCCATCATCAGCCGTTCGAACGCATCGTGGGGTCCCGGGCCACTGGCTGGTTGTCGCCCCTACGCTAACAGTTGTTTCGAACGCTCCCAGCCTGTGAGCGCCAGTGTGGATGGTAGAGCGCCCGAGGCTTCTCATACGTATGGTCGGGGCCTGCAGGAATTGACGGGTTGACGAGGACAGAAGATTTAGTTCATACCCTTTAAACGACGTACG,358,54.19,Escherichia coli
SEQ_378410,AACACACTGGAGCCTTAACGATATCGGGCGGGGTGTGCATAATGCCCGTAACAGGCACCGGCAGACATCATTCCCATGAGAACGACTCGTTGTGAGTAGGCAACAGCCGGAGATCGATTAGCACGCGGAACTTCTCTCAGCAAACACGGGCTGTCCTGTTCAATTCCTTCGTGCAGTGCTTCGCTAACCAGCCGCGTGCGAAGCCTCCAAAACTCCAGTTATAACCGTTGGCTCTAGCTAATTGGGTCTTTTGGGTGTTGGTGCTCTACTCGCCAGAGTTTTGACAGGTACCGAAGGAGGCTGCCTGGGTGGCAATTATGCGCTCCTACTTCTAGAGAGCACGTAAAGCCCGTTACGCCGTCCCCGGGATAACAAGCTTACAATGGACTGTACGTTTAAGGCCTGGTTACGGAGGAACACAAGCGGATCACGTTAGCCGTTACGGCAATATCTTAATTCATGTTCCTGCTATGCGTGTGCAAGCAGCGGAGACGGGGCGGGTTGACTCTAACAGATCCGTTTCGAAGATCTAAGGCGCTATGAAGTTGCTAGGCA,555,52.61,Caenorhabditis elegans
SEQ_889874,CTGCTACCGATTTATTATCTACCTGAGAGTTGTGTTTCAACCGTATGCACTCATCTAATATCGCAGAATTTTGTTCAACTCCTGAGTTCCATTAAAAAAGGATGTGAGGACCTGAGCGTAATGAGTTGCCGGTCATCGATCGCCAAATATCCTCAGGTGCGACAGGTTGATGGGATTGAAGAGAGCTCTGCGGGCCGTAAGGCTGAACTGGTATGAGATGAGTGCCATCCCGGGCTTTTACAGCATCGCTAAGGATACATTGGTAAGCTTGTAAATCCTGGGTTGATTTACTGTATCGGGTTACTGGAGTTATTACCGGTCGCCATGATCCGGATTGACGAAACTAGCTAACGCCGTAGCGTATCGTGCTGACGTCGGTGACATCGAAAGACCTGAGTATGCTGGGGGGACTACCACGAGTTTGCCGAGGTCATAACTTACTTATCCATTGACAATCGGCCCTGGATACATACCTTTTGTACATTTGTAATTCTCTTCGACCCTTACCGGCTTCCCAACTTAGAGGTATTGCATTTTGTGTTAATAGGGTATAGCGGTCTGATAGGTCTCCGGAAGAGTTAGAACATGGTGTCCTATTACTATCCGAGGCGATCCTCCGCATGAGCTCTGCGGGTGTTTAATACACTCCATCGCACTCTTCGGGTTTGATCTGCGGGCCAGCGGATGAGTGACCAACTGCCCACATTTAACTGAGACCCCCTCACCGCCACGGGAGAATCGCACTATACTATCAATTGGAAGCCCAGCCCGCCTGTGTGTCAATAATGTGACGCTGGCATGGTATCACCATGTCTCAG,818,48.53,Caenorhabditis elegans
SEQ_664344,TAAAGATTAACCTCAAGATGAGGATACACACGGCAATTAACACGAGACGTGTACAATGCCAAGGACGGGGTATTGTCGACTTGGGGACGGCCCGACTGAATAACATACGCCAGTTCACATCTGGCAACTTAGACCTACGGTTCTTGATCCATGGGCCACGGTACGCTACGAGGTAAACAGGCAGGGAGTCCATTTAGGGATGCCTCAGTTGTGGGTGTAATGCATCCCCTTTCAGGGAGTTTGCAAATAATCATACAGAACACCCCCGGTACGAGAGGGCATGCGATCGTGAGTGATTTCCCGATAGAGTACTGCAGCAGAAGTCGACTCAAAGTATCGCGCTACCCAATTACGACTGGCGGACTGCCGGCAATTTAATCGTCGGTAATGTCTCACGGGCATGTATGGTCATTCAGGCCTGGGTGGCATGATCCCGTAGGAATGCCATGTGAATGACATGAAGGGAGAAATAATCCGTGAGGCAGGCTATATATTAAAAATCACGGATTTGCCGTCGAAGTCAAGTGTACTCAAATATATGTATTCACTGTAGCATAGTAGAAGCCGGAAGTAGCATGACAGTAGACCCGAGTCCTCGATGTAACACAGTGGGGTCCGTCCTTCAGCCTCGGTACTTTCTTATTCGTCCTTGTATCGGGGCTAGTGATGCACAAGGATTCACTCAGGTCATCAATCCACAGTTAATTCTAGCATATTCGCAAAAGTGACCGTTTCGCTGTAGTTACTGCACCAAAGACGCATCTACAGATCGCGATTATTAGAGGTGATCGAAATGAACGTGCAAACCAGGTTACCCGACGGGTTCGGTGGCGGTCCGGTGCCTACCTTGATTACTTCTTGTTCACTTGGCCGTGGGCTTACACCGCCGCTGTATAATTTCTATGCCTTGTGAGCGTTGCTCTCGTCGCCTTGCGCGTTCAAAATTATGAAGGTGGACTTCATTTAAAAATGGAGGCGCTAACTAAGATGCCTCCAGATCACGCTCCGAGCGTGCCACTCATATTATGCCGTGGATGTGGATTGTGATAGCATCAGATTTAATACTGAATAACAGCGTACCTATCTGATATAGTCTGTATTTCTAGCACAATACGACTTTGGGCCCTCTTTCTGGGTTTCCGAAGATCGTGAGCGTTGTTTGTGTCAACATGTATCGAATTAGATCTTAAGTATCATATTTTAAGCACAATCGCCAGCCTACCACTTTGATGACACTGCAAGTTGTCTGTTCTGATTACGAATACGGTCATCCCTAACCACAAACCCAGCACGCGTCGGGCATCTCCCGCCGTAAGGCGAGCGCTATGTCCACGCGCCGGCGACGCAACCTGTCAACTTCTAATGCAGTCTTAGCGGCCCATCAGCCGACCTTATGGCAAATAGTTCTAACTGCTGGAAGCGCAGCGGAGTAGACATGCAGTAAACTAGGCGGCCCATGGTCTATCGTCACTAATCTCCGTACCATATGGACAGCGGCAGCCTCTGAGTATACCAGTTCTCCGCTCTTCACGCCAGACCATGCGTACTAGTGTATCCCAACATATCGTCTGGGATCTCGTAAAATGGGTTCTGTCTTAGGGTGGTGCGCGACAAACCACCTGCGTATAACATCCTCGGTCATGTACACCCTGGTCTCCTCTACCATGTTTTGTGATTCGGTGCCGATTGGCAGTCTGGAGAGATGCAGAGCGACACTCGTTTGACCTCCCCCGACGCGGCAAGAGGCAGGTTATGCCGGACATATACGTGCACCGAATGCCTGTTCAGAGCGTAACCCGGAATTAGGGTGCTGCACCTGCGTCCACTCGTGCTGCGTCGAACCTCGCCGCGCCAAGGTAACGGCATAGGCATCACATACTTACCCTCGGATCTGAATCCTCGCGTGGAATTCAAGCTGTGTAGTTTTCTTCTAGATTTAGATATTACC,1948,49.64,Drosophila melanogaster
SEQ_822880,CTGAGGGCAACTTCCGTAAGAGCCTTTTAAGAAGACACGGAGGCTCGAGTAACGTGGTGTAGGTTTTATC,70,48.57,Homo sapiens
SEQ_287138,TGACTTTCACTCAAAGCGCAACATTCCCGGGACCATATTATGCCACCCATCCCGCACTACAAAAAGTTGATCTCGGAGCGGGCTATTGCTTACATCAACCACGAATCGAGACGTCTAGCGCGTCTACATTTGTACTTTGAGTCGCGGGCCTGCTATACATGTTCGGGACAGCATGCCCTGGGCAACCTATGCTTTAAGCCAATTGCCTTATAGCGCATCACTATGTCATTAGCGGGCGCCGATGAGTTCCTCTGCCCCCTTAGGAACCCTTCGTCCAGGTCTACCGAGGGCGTGGCTCCCGAACAAGACACCGGTATCGACTCGAGCTAGAGAAGCCTGTTAAGGTAGAACCCGGTATAGGGGCACACCGGGCAGTTGAAGGGCGCACTGTCTAAAATTTCGCACTACTTATTAAATCAGAAAGGATCTTGCTAAAATCGAATTCACCGGTTTTAAACTACCAATCATGTAAGAAACAGAATGCCCGGTCTCTAAAAAGGGAATGGATGCTAGACTGATGCGCTCGTAGGCGATGGGTAATCGGTCCGTTGTTCCCTAAGCAATTCGGGCACTGTCGAAACCCACCTCACTTCAATTGGCATGCCCGTGCGCGGACTAAAGCGCCGCTTTTCCTATGAACAGATGATAGAAGCTGCCCCACAGTTGGAAGGCTACAGCGTACCATGTAGAGAACAAATCGGTTGATAGTAAGACCACTCGCCCCTGCTGTCTCTCTAGACGGTATCTTAAAAGAGCCTACCCCGAGTGGTTAAGTGTGGATGGGATAAAGAATATTGTCAGGACTAACCCGTCTCCAAC,819,50.18,Drosophila melanogaster
SEQ_201158,TTATTCATTCGTCTGGGCTTAGTAGCATGGAACCGGTAGATGATGTTGACCCGCCATAGTGGGTAGCAACGCTTGTTACGCTAGTGGCTTTGATGAGAAATCCGCATGTTAAAACTTTAATCGATTCCGCACTGCCAGGTTGTGAAACACGGGGTAACAGTGCACGTTTTCACTATAACCCATGGTGGACGTTTTCGCAGGCTAGTTGTGGATACAGGTCGTCGGCTGCAATCCGAGGGGGCGATAGCTTATATTAAATATTGGCCTCCGTTGTGTATGAAAGTGAACTCGTGGTATTCGTCGTTCTGAACGCAAATGAATCCCGTCACGGGTTTAATAATGGTCCCGGACGCAGCGGGTTATCCGCACCCCCTTGAAGCAAAATTAATAGCGCCGCAATACACTGGTGGTACCTGCGAGAATAAACCCTACAGTGCGGTCTAGAACGGACTTGAATGACGGAATAAATGTGGATCAGATCTGCGCCAATGCGAATCTAATTTAGCATAGCTCAAAGTATCTCATCTAGGCAGTCCTGGCTCATTTGCAATAATCGCGTACGACTCTGATTTATCCCAGCCGAGATTGAGGAGTTGTTTCTGATATGGGGGGTATGGACCCGCAACCAAAAAGAGACTGGCCCTTATTTTCGTCAGTCTCGGTGTGACTGGAGAAGTGTAGGCAGCCAATGTGCGCGCTCTATCTATTTTTTTATTGACTCGAAATAAAAGTGAGACTCTTCAAGATCCGGGGCTTTAAGTAAAAATAGTATGACATTTCAATTCCCCATGCAGGCGCCACAACGTTGCCCTGGATCATTGAGAAGCAACCCCCATCCACATATACGTGTACCTGTCGTAGATTGCAGATACGCACTCATATGGTCGTTCGAATAGCTAAGCTGGGATTGCAGTATGTTGCATGCACTGTCTCCGCTATTATGCACCACTACCAGGTTCGGGTTAGTGAGCGGATTGACACTCCCAATTTGTCAGATGACTTGCCGGAACCGCGTTTCAATGTAACGGAAACACACTGAGTAATACCAACTGCAGGCGAAGTTGGAGGTCGCTTCCAAAAGCTGATGTAGTAAATTCCACTTACTGAGAGATTTTCATCCGACCAATTGTATGTACCCTCGTATGAGGCATGTTTAGCTTTTGCGCTAGTTACGACGGACGTCGCCAGCCGTAGGCATTGAAACCGCAAAGAGCTCGTTACAACGGCCCTGGCGATTATCCTCCTTAACCACCAGAAAACGGCTTTACCCCCTTGGTGGCACTATGTATCGGTGAACTCCTCCCTCAGTATCAGCGTCCTTACAGCGGCACCCGCAAGAAGTAATAACATAGAAGTAGCAGTTTAAACGTCTAAGAGGCGGACGATGGCAGAGTGTGCACACTGCGTTCTAGCCCTGCTAGCAGCGGGTGTTTATGTGACTTCTGGTTCTGCTAAATGGTGCATGCTGTCTCATGAGGCCACAGAACCAGCGGTGCAGTCTCCCGTCTTGT,1511,48.18,Escherichia coli
SEQ_266780,ATAGGACCCTCTTACGCGAATCGATAGTCGCCTAATTGTGCGGAAGCACTGCGCCCGCTCGATCCTGAACCAGTGCAAGTGCCAATCTACCGAGACAGGAGCGAACCTCTCTGGACCCCAATGAGTAGTCTCAGCATTTGCACATGGGGGGCATGCGGCTTGGCAGCTCACTAATAAGTTCTAAAAATGTGCGTACCCATGCGAAGTGCCTAGATGCTGTCCGTATAGTTAGTATTCCCGCTGTACGTGTAATCTGTTATCCATATTACATGCCGGACGCCGTTAGTTCGGCCCGGCGATCACTCGAGGGTACGATTGAAAGCTTCACCGGTGCGTTGAGGTTACTAATCTACATCAATGGCTAAGCGACTTGCGGGTCGAAATATAAGATAAGGCCTTTGACCGTCTGACATCAAAGCGTGGGGTGTCTTATTAACCGATAATCGCCTAGTCCAACGCGTAGGTCCAACCTGAAAGTGACCTGTGTACTATCACTGGTGCGAAAGTAATCGTATAGATCCTAATGGGCGCCTCGCCGTCAGGTCGTAGCAGAAGCCTAGGGACCATTGTAAGAAGCGACAACAGCAATCACTCAGCGAGCGTCTAGGGCTTTAAGAATAATAAGGTAGGAGCGATTGGTGTACGTGAAACTATGCTGAGGACCCCTATGCCTTGTAGTCATCCCTCGAGAACGCGCCCGGCGCTTCCCGTGCCATTCCGTTAGCGGTTAAGTGCTCTCTTGCGGCGGACCACCAGCTCGCCAAGAACGCCTACGCTCCCGTTAGACAAGCAGGTCAAAAAGCGTAGAGACTGTTGTCAAAAGCGGGCGGAACCCAGTGTATTTGTTGCCTGGACTCTAGTACTAAGCCAGTCAACTAGAGAGAGGATATGATCGTCAAAGGCTCCACATGTTTCAGTCGTCCGGGCAATAGTAGATTGGGATCTATGCCAACTGGATACGAGAGGAGGGCTGTCGAGCTACGAACTCTGTCTCCGATTTACCTGTGTAGAGGGGTTCAAATTGGCTGCTCCAACGGATGTACAAATTATCCGTGTCAGAACGGATAACGGACTGAGTAGACACGTATGCTCCATGATAAGGATTGGTGAACCTTGGGGAAGAATAACATGACCCTGGCCGATAACTGGTCGAGCGGGGCATCTCGTCAGCGGGCCACCTAACTATGCCGGCATAACCAAAGATCGCACGACAACCTCAATGCCCTGTCCCGATTCTGCGCGTCACATTTTCCTCGTTTCATCATTTGAACTTATTGAATCGCAATTCATCCGTGGCATCGAACGCCTTACCGGTGACTCAACCCGGCGAGTAGAGTAGAACACTTCCGTACAGCAAGTCGGCCCAGAAGTTAGCTCGGGGATTCTTCACCCTTAGAAGTCCAG,1404,51.28,Escherichia coli
SEQ_897510,CTTGGCCCGCCAACCTCCGAACTCTGCTGGTCTCTATACACCCTGATTCATTATACGTAAGGATGAGAACCATGATCTGACGGATTTTCAGTACGATGCAGCGTGCCGACTCTTGGCGAGACTCTCTGTGTGCCATGACATCCCCAATCACGAATAGCTTTGCGTACATCCCTCGAGAAATGGTACACATTAACAGAAAACTCCGTCCACAAGGTGTCTTAGGTTGTCGCAGATCGCCATAAGTTATATGGGTCATCCGAGATTGCGCAGCAGCATGTGGGGACGCGCCTTAAACGGAAGGGGACGCTTACCAGTTACCAGATGTCTAGGAACAGACCAACTGCACGTTAAGGCAAGTGGCCTTTGTATAAAGTGCTATCACTGAATAACTCATTAGCCAGATGCGAGGGACCGCGCGGGTGGAATCTAGCTTTCTCTATCGCTGATCGACAAGTTCAATCGATCGAATAACCTGACGGTATTCTTAATCAGTCCCCAAGGCGGAGGACACATGCGTCCTAGGTTCGGACCATTCACGGACTGTATAGCCATCTAGCAATTAGCTTTGACCTTAACCATAGGTCACGGTGCCGGTATACAACCGACGTGCGGTAGGCCTTCGTGGTACCTAAAGGGCCAGCACAATATGCGACCTACTGAAGTCTGTCCACGAAGCACGACCCAAAAGAACACACATCATTACCCTCTATTAGATAAATATGGTGGCGCCCGAATGCCTAGACGGCGTTGCTGACATACCGTAGCGAGAGAATCACACAAGGGGTGCCTCCGTACGCGCCGAAGGGCAAAAGGTCGTATATCTCGGGAGACGCATATTCGGGAAGGGGCGAGCGTTTAGTCTTAACCTCTCCGGCGTGACCGGGCCATACTATAAACTTAGTCATAGGAACGCACTTATCCGCTTTGCTGAACCCCTTAAGAGCGTACCGATTGGATGCAACCAGGGATTTGGTGGGAGCATTCTGGCTGCGCGAACCAAGCGAGGGGTACCGAATCAACGATTACGATTCGCAGCAGTCGTAAAAGTCTCGGCCCGAATTACATCCTCAAGGTCTTATCTATATAGGTGAGTATCAATTAGTCGATTGCTCCCGTGGTCTAGTACATGGGCTGTCCGTTAAGCTAGTACTACTAATACCCAGCTGCCTCGACGGCTATTACCTACCTACGGTATTAGTTGGTAGAACCAGAGCAGCTGGA,1221,50.45,Arabidopsis thaliana
SEQ_551465,GGGATCTCTCGGTCGACGACTATTTGTACCACATGCAGATGGGGTGATCCCGCGAACCCCTTTTTCTTCTCATCTTAGTCCCCGGTACGCTAGGGGGCGAGAAGTAAGACCCCGCGCTCTGAGTTAGAATCTAAGCTCACTGAAGATGGAGGTTTTTAAGAAAGGGGTGTGATAGCGTCTGCTGTGTCGTCTATTTTAATACTTTTTAGTTGGCTTGCAATATGGGGGTATAACATATCCCGGTCACCAAGTGCGTCAAGATTCCAGTTCTCATTTACGTGAGCGACCTATTCTGACGCTTGTTCAGACTCGTGTAACTAGTGGGATAGACGTTTCCCAGTAGTTTCCTCAACACCAGGACACTTCAGCCCGACGATATTTGCGCACCGAATAGAATTAGACGTGGAGGACCCGAGTCGTCGTCGAGCGTTCAGTCACGCGAGCAACATTACATATTATATAGATCGCTGCGCTGGAATTTTCGCAACGCAACGCATACAAAATAATGCTAACCTCTTGTGCACCTACCGGGATACAATGCCTGAAATGTTCTGGCCGCCTTGGCGACTAGAACTACAGTAGTGGCTTAGCTTATAGAGAAAAAACACATCATCCCAGGTAAATCAATTCGAATGGACTTAGTCAAAGATAACCTGGGACACCGTATCTACGGCTCAGACTATTTTACTTGTTGGTGAGGTAGGAAGACAGAGATAACGTAAAAGGGGAGCTCACGATGTGCTGAGATCACGTTTGCGTCTGATCCACTTTTAGTGGAATTGCTTTCTCTAAGGCACAGCTCAGGGCGTACAAAGCGGGACAGCATAGTCGGAGATGCGTGGCTGTGCGTGAGGACTCGCATTTGACTTTTGATTACCGAAAACTCCTCCTAATCCTGAAGCCGGTAGCTGTAGCAGACGACCTACCATTCATAGTCCCGGGCAGGAGA,949,48.05,Arabidopsis thaliana
SEQ_833864,ACGTGCCGTCTAAGAACTGTACGGAGTGCCATAGGTTTAGAGGCTGGATACTGGGCCCTAAAAAGGGCGATAGTCCCTCCGACGCATAGACTCAGCTGCCGTTGTGGATATGCGTTAGGTAATATCTAGTAAATTACAGTGGGCCTTTGACCAGTGGCTGCGGCCTGGAAATCGGGCCAAAAGTCTCGTTGTGATATAAATTCCACTTTTCCTGAATTCTGGTTGGCTGCAAGCTGTATCGGGGTCGGAAGGCATGACACAATCGGTTCCCCGCCAGGCGTGAGCGTTACGATCTGGCCGAGGGGGCTCAATGTGACAGATACCTATGCTGTTAACTAACTGCCCGTTCCGGTGCAACCAAGGGTGCTTAAGGCATAGCCTCATGTGGCACCGTGCAAGACAGGACAAAAGCTAGTCGCTTACACTTCTGCATTATCCCCAATGCTCAGAAGTGATTGAAATGCTGGTAAATTGTCCTTAAGGAACTAACTTTAGCGGAG,500,50.4,Homo sapiens
SEQ_391841,TCCGGACTACAATCACATTCGCGCTTCCGTGTGCTAACAGCGCATCACCCCCTACGCTTACGGTAGCTGGGCTCCCACTGGTATCCGAACCCTTAGATAAACACGAGCGTTAGCCAGGGGGACCCCGCGAGCTTAAAGATCATCTGCTAACGGACAACCTATATATAGCGGTTAGCAATACCATCATACGGCGTTGCTATGACTCTCTACTGAGGCCGACCCCGGAGTTCAGCCAACTTGCCGTGCTGGTATCTCTAGCTCTGGTATAGGCTTCCCGGCGCTCCTAAGACTCTGAGGGAAGAATTGGGTTGAGCGTCCATTGAACCCCCCTGCATCCGAGACCCTGACCAATGGAATACAGGCACGAGCCTCGAGTAGTGGATATCACACAGACTATAAGAGTACGATCTTAGCTAACCGTATACAGGGCCTGCACGACAATACACGCATACGACGCATCTCCAAGTTCTGCCAAAAAAACTATAAGTCGCTCAGATAGGTCGGTCGGGTAGTAAACGGGTCTCGGCCGTAGAACATTTTGGCAAATGTGTCCTGTTTGTAGAGTAGAATGATTCGGGCGATGGCTATATGTAGATAGATAAGGTTGTTTCGGTCACTATACCGGATGGCCTAATGGCGGTGCAGGAATTGCGCCTATGGAACCAGTACTGAGCCAGGCCACGTCATGAAACTGCCAAACCTGGTCCCTCTATACAACGGGTGTTTCTGAGTGCTTGTAGCGGCCTCGCGGATGACAATTCTTCTACCTCCAACTACGATAGTCCTCGTCCATCCATGACTAGCTGAGAACACGCGCCCGAGGACTTTAGGAGTATCGAGAAGAAGCCAATAAGCCTACGTTTGGAACGGAGTATCGTGGAATTAGCGGATAGGCTGTCTAGCTATGGCCTTGAGCCCTGACATGTCAGGATTGAACGACGGTAAGGATCCCACAGTCCACAACCCCTGTTCCTTAGATCGTGTAGTATCCTGTAGCTGGACTCAGTGTTGCAACTTTATAATGTGAGGATACTCTTTACGAAGTACAGCAATTAAAGGAAGGTGTAAACCTTGTTGGTTAGATGAGTTAGCGCGTTAAGCGTTAAGCGAACATTTAGAGACCCACCCGTGGGCGGATAGTTTTCAGGCGTAAGCTGACTCACTTGGGGCGAGAGAGCCGTCCTCAATCCCCCCTCTGGACATGCGGGTACACATACAGGTACTACGCCGGGCATATTCTCAAGGACTACTTGTAATTAGACCCGATACGCTCTAATGCTTGAGTTAAATGGGGTTTCTGACGGGTACAGACGTCACCGCTAGCCATCTCCCTATAAAGATTGTGGCGTGTGCGCCTCGGGCGGGGAAACGTTATTCCAGATGATTGGTTCGGCCGGACACAACTCGACGGTTGCCGCTTAGGCAGTTCGTCGGAGAAAAGGGCATTTCGGCGATGTTGGTTATAAGGGGCACAAGTACCTTTCTAGAACAGAAAGAGCTAATCAATATTGTTTCAGCGCTCCAGTCATTGTGCGGCCTCGGTACTGTCTGAGTATCTTAGAGTCCGTACCTTTGAATAGCTGCGTCCACAGAGACTCTATGACTACGGGTGAGATCGACGCGCAGTGATT,1631,50.64,Caenorhabditis elegans
SEQ_699820,CCCCCTTTTGTAGATCCAGTTACCAGCGTGCTCAGAGCTGGGCTCTTGCCGAGCAAAATTAGGGTAAAGTCCAAAGTTACCCGCATATCATCAAGCTTCTTACGATACGGGATGTGGATAAGTACCTCACTACTGAACGTTTATAGATCAATTCCGCAGTCTCTTTATGTGAACTTTCACGCCAACGATATGCTTGGAACATCACGCTACCTACACGATTGATGGCAAGACAAGGGACGGAGGCGCTACCATAAAACTTTCGTTCGATTTTCCGTTATTCACTTTATAGAGCCTCGTATCACGGCGCGGCTTAAATCTTGGAACCGTCTTCACGGCACTTCACAGCAAGCAGGCTAGGGCGCAGGTATTACACACTCGTCCGGGTTACGCATGTGTTCAGTTGTCAGATGGTCACATGAGTCCTGAGCGTATTGCCTTTTACATTTGACTTTATCCGAATTCGATTGATATCTGCCTAAACACGGTATATAGAAGATTTCTTACGCTGAAGCGGCCTTATATGTAACCAATCTTTATGAATCTTAATCGCGCCCCATGGTCATGGTGTTATGCGTCGAATTCTTGCGTCTAGCGAAAAGCATTCGATGCGATTGTTCCTAGACGGTCGCGCGCAA,635,46.3,Drosophila melanogaster
SEQ_298345,TACTATCTCAAGACATCTCCTGTTTGGGCATTACTTGCGTTAAATTAGGTTGTTAAGGTACTCTAATAAGGTAACTCATGCGGGCATCATCGCAGTCTCTAAACCCGGAGGCGTCATTATGGTCCAGCGAGGATTGAACCTGTGTCATGACGGTGCTTTGACCTAGCCGTACCGCATTATGTTATAGCCATCACATCGTGGCCATGCTCAGTGGGACTAAACGCGGGGTTCATCCCCGTTGCCGGCTTCTCATGAATGTCCTAGCGCTATTCAGGATTCGGTGCAGACCTAAATATCTCCATCTAGACCTTCCCCCTCGGCAAAGATGACCAGGCACAGAAAGCACACAATATGGATACGATTAGATATCGCCGGTCGTGAAGCGGTTTCAATACGTGATAGCGAGAATCTCTCGAAAGGAACGAAAAAGGTCGTGAGGGTTGAAATGAAAGTGGAGAGCGGTGATATAGGGTCAGGAAGTACACTGAGATGCCAACAGGGCTTACATGCTTGCGTTGGCGCGTCTCCTGTATGACCTTTATAGCGATTGAAAATTTCAGAGCAAAGCTTGTGAATTAGTGAATTTTCCCTCTAGCTTAGCCAAGACATATCCTAGGCTTCGAATCAGCGGAATCGCCACCGATTTCCAATATACTATGGTTAATACTCCATGGAGTTCATTAATCCGTGTTGTTGTTATTGTATCAATAGTAAGCGACAATCATTAGGGAATC,734,45.91,Mus musculus
SEQ_405292,CTTCACCGCTGAACCCTCAATGTAGGTACCACTCAGTATCCGGACACCTTCAGTTACGATTCCTACGGGGTGACCACCCGCCCAGGGATAGGAGTTGCCCCTCCAAGATCTTTGGTAGTCTGCATAACCCCAATGGCACTGTAAGGATTGGCTTTCGTCGGTATAGAACACAGGGAGGGACTAGACCTGGAGCGCTGTCCCTAATGGAAACGCGAAAGACGTTACAGTGCAACCAAAGGGCAAGTATCATGCACACATGATTGCGGAGGAGCACTCCGAAATGTTTGCATGTCCATCAATAAGCATGTACCGGGCCGTACTCTGACTAA,329,51.67,Saccharomyces cerevisiae
SEQ_504613,CTGGCCAGAGGATTCCAAACACGTCGTGCGAAAGATCTCGAAGACAATCATTTGAGTGCCAATCCTCCGGTTATCGTGAGGGTTTAAGTCGGTCGTTATCACATAGTCGGGAACTACTCATGATCAACACCATCTTCGGCTTGTGCAGCCTCGGTCTGTGAGTTCTGCTCCTTAGCGGCAAAATGTTAGCGAGGATCGACTTACCGGCCGATACAGACACGAACCCACCGATATGTACCTCAGCCCCCAAGCTTTAAGCTCCTAACGCCTAACCTAAAGTTATGTGTTCCGGCATCTCTCACGTGGACTGAGCTGGTGCTTCCTCGTTCGGTATAGCGATACCGTTAAAATCGTGCCCTGCGGGTAAGGCAACATTCTTATTACCTCTGAACTAGTGCGGCTGCTATTGGTCAGCCTTATCGCAGGTCAAATGTGTTAGCCACAACAGTAGTGCTATCTCGGTACGGAGTATTCCACAGTTAGCTATTGTAATTTACGGTCGAAGGCTATAGGGGTAAACTTAAAAAAAAACACTTTCTAATATCATATTTGTAATTGATCATCTAATTAAAGAACAAATCGCTTTCATTTTATCGATCGTCGATGGAGCACTAGCCGTCAGATACATGATGGGATTGGGACACTAGTCGTGTCCATATCCCAGGTCTTCAACTACTAATTCGTCCGCACGATACCGGGTTAGGGTCCAGAGATTATTATTCTATTCGCTGGTAAGCAGTAAGTGATCGACTGATGCACACCATGACGCGCGCGTATGCACCTATCTACGCCTCGTCGGATTCGAACAATTCGCTCAGTAGTCATGAGGGGTGGGTTGAGACGTACAGACTCTCTACGTGGCCCCGAATTGAGCGAACTGCTACTCCGATAAGAGACCGCTACACGTGATGATCATATTATGGTAACTCCTTGGACGGCGAACCTTAGTTAATAACT,957,47.02,Drosophila melanogaster
SEQ_332149,TATTGATATAATAGCGGGGTCTAGGAACTAACGAGAGATGAGATTTCTTAACAGCCTTAGGGTTGACCATATATATAACCGGCTTGAATCTTCCCTTCGCATAGACCGCACATAGCGGCTGTAGGCGAGAGATGGACGGATGACTAAATAAAAATTACATACACCTACTCCAACGTAGTGATTTATCTGATTGTACCTGCGAAAATTTTTCGGCTGCACACTGCCATTTTCTCCCGTAACAAATAGCTGATCCTCCTGGAACGGAAAAAGATCACAGTAGTGATACGTTTGCTATTTGGAACGGCTCGTCTAAATGCACCAGGGTACACTACGGGTTCCGGGCATGGAATTGTCCAAGACTTTTCAGAAATTTGGCCAGAACCCCCACGACACAATGTTCGAACTGGTCAGATAACCGGTGTATCTAACCCTGTGGCTATTTGCATAACCGAATTCAGAGTTACGCTGTACAATCAACTTCTACGTGATTTATTCAGGGATAGGTACAGAGTCTTAGGATAGTTATCGAGTTACGACGCCAGAAGGATACTTTGGTAATATGTAGCAGCATTGTTGGTCGACTAGGCCCACTGTACTTTAGGTGGGTGGACCCACGGTCGGAGTATCCCGTTAACTGGTGAGATACAGGACCTTCCTCCGCCACACTCCCCGAATGTAACACAACTCTCGGGACTCTAGTAGTGTAACCACAACCTCACTTCCGGTGAAGCTCTTTTCTCTTCGGTTGAAGTATCCACGGTTACACAAATGCGGGCAGGGTAGATATAACATCCGACACCAGGTTGAGGGACCTACAGCCTTGTCTTACACTTGGTAAATTCCAAATAACGGTTGCGTAGATGGGCTGCACTATAGGCTAAGATACCCACCGTCTTGGATCCAATCTCGGCGTGAGTAGTTCATGTTCGTCTGTTCCAGTGGCGCCACGTCATCTTAGTAATGAGCGGCTCTCTGGATGTACTAATTCACCCGTCATCTTGAGAATACAGATCTGTCTAGACTTGCCCGCACCCAAGTGAGCAGGGGTCAACAAATCTTTATCACATTGGGGCGGCTGATAGGAAAACATCTCGTTACTTCTTGGATGAAGCACGAGTATGCAGTCTCGACGTCCGTGATGGCGGCATGGAATCGCTCTGTCATCCCACTGGCACACTACCAAACATTTGGTAACACGCCCGGCGTCAGGGTTTTCCTCCCGAGACAAGCACTTCCACTTTGTACAGGTCGAATTAAAACTGGGTACGAGGTCCCTTTAGGGTCTAAAGGCAATAGCTCGTTGGATATACGGATTAACTAAGTAGGTAACGGGTAAGAATAAAAAAAATTGGAGACAGCAGTTGGGGTAGGTTAATCTGAGTACGTCTATTGACACGAAGAGTTGTTCACTTCGCAGAAGGTAGGTACAGCTATGTGTATCACGCTTCTCCCGAGGGCTGGATTCAAGACACATGACGTTTAGGACAAAACTGTTGTCTCAAGGAGAGAGAAGCCCCCCAACGGATCCCTCGGGCAAAGGGGACGCTCCCAGATTAAGAGCTTGACAAGCTTATGTACAAGATTCAATAGGCTTGAGATGTACGGGATGCTTCGTCGTGCCTGTCTGAGCTAGCTCATAC,1640,47.2,Drosophila melanogaster
SEQ_721724,CATAAAAGTGTATAACAAGCGCTCCAAATTTGTCTCTAAAGTAGCCGTTCCCGTACTGCGGTAACGCTTCAACACTATCTGAAGACACCATCCGCGAAGACTGGGAAATTATACAAGCCAGTACCTCAGCGCGCGTACTCGAGATTCCGTTCGTGGGTCAAATCTACATCCCTGAGCGCGAAGGGTATGTATCCTACGACCCCTCTGCTGATAACGGTGGCAAGCCGCAGTTGTATTAAACCTGGCGAATCTAGACTGAGGGCTGTTTATAGACTGAACCGTTAAGGAGAAGATCCACGGTGAGCATACTCAATCTAGGCGCCGAACCGGTAGTATGCAAAATCGCGAGGTCTCAAATAAACTGGATGTCAAGCCTGGAGGAAGGAAGGCCATCTCTTATGACACACAAAGGATTCCGGCCTATAGGTAGGCGTAACATTTGTGTCGCGGTGCGTATAACATTCACTGCCGTTTATTATTCTCGAAATATAGCTAGAGACCGTGAAAACCATCGGTCGGAGATGAAGTCATAAAAGAAGTAAAGACCATCGTCGACCCATCGCTTGAACATCTCGACTCTGGAGGGATCGAGACCAATTTCGTACCGCGGTCTTATATCCGCCTTAACACCCAAGGCTTGCATATACTGTTGTGATCAGACATGAGCGATTTACGACACCCGCTTATAAATAGTTGTCTGCCTTCGCGGTTAGACGTTATGCCTAACACGTTCGATTACTTGTGGTTAACGCTTCTAATCGCGTACAGTCCATCTCCCTTATTAGGTAGTCGTATGGTTCTTTGGATGCCAGGGCCCGTGAGCCTAGCCTTCTGCGTCACCCAGTCGCATGGATCCGCGACCCCTACGGCAACGCAATATATAATTCTCGTTTGGCTCCCGACTGAATCGCAAACTTAGGACAACATAAATTCGGGTCTCTGCTGTCGACATCCCTCGGGGTGTCAGAAATGACACAGGGGTCTGTCCAGGCATACGGGTTTCGAGATGATGTCTAGTCTTGTGC,1025,48.68,Homo sapiens
SEQ_698256,GATTTGATGTTCTACGCAAGTCCGGAAACGTTTTTTACCCGACCAAATTAACACAACGCTTTGCGATGGGCGTGGCGTTTGGTACAATGAGGTTGAACGACTTTAGGGGGATTCTGTACTCTTGGGCTTAAAGCTAGGTGGAAAACTGCTCCAAGATTTACCTAAGCACGCATTAACTGGCGAAGCTGTGAGATGCTCTTAATCTCCGAATCTGCTACTGATCGGATATTTGTAATTACCTTCTAGTGCCGCGCCACCACTGCCCATGCAGCAGCAAGGACCTAGCGAGTATTCCTTTCCTTAGAAGAAAAACAAGCCACTTGATGAAGAGGGGTTGCAGAAATCTACGTCTAAGTAAGCAACGTCGATAACCATTCGTTGCTTTTTGCTAAGAACCAGCGATATGTGGTCAAGGAGACCTGCGCGAAACCGCTACTAAAGTTGGACCACATTCGAGTATAGCCGTACCGCAGAAATCAATCGATAGGTTCGGCTCAATATGTTCTAGTTTTAGACGCACAACGTTACCATAGCCGAGAATGGGCTACGTTTCTGGGCCAACACTCATTAAATGCTAAGGCCTCGGCTAAACGCTTAATGCAAGAAACTAGG,612,46.08,Escherichia coli
SEQ_914817,TGGACCTCATTCCCATGTACTTCGATACGTCATCGACCCCAGCCATGTCTCACTTCCAAATATCCCATCCGCCCCATGGACAACGCTCAGGCCCTGAGTTAGGTACCAAACTGTTCAAGACATCGTCCAAAGTTGCAGCTTCTCTAGTGTGCGTAACCAGCCCCTGGACTAACCGGAATTCCTGTATCTATCAAAAATTCAGCCTTGACGATCCAGGTTATACCCCCTAAGGTTTGTTGATTAGATACTTATGCATACGTCATTGCCATCGCCCCGCCGAGTGAGACAGTTCCCCTTATGGTTGCATCTCATGCTAGTCGGCAGCGCAGTTTAACGCAGCTCAATTATATGGCTCAGGCTGAACCCGGGGACGCTGCTCGCCACGGCGATCGTAGAAGTTTATGGCTACCTGGTGCAAATACCGGTCCTGTCCTTGATCACCACACCCATACCGGCCGCCCGCGCTTCACTCGCGCCGACCCACTTTATTAGAAGTCTCGGGCCGTACAGGTCTGTCTCAGCAGCCAGTTATCTACACGTTTATTTTTAGGCGTGTTAGGACGACAGTGTGCAAGTAGCTCAGGTGGCAAGGGAAAGTTACGGGCCGACACTGTGGCTGACGCAGTCGGTCTTTTAATCCCGGCAGATCAGTCCTAC,657,52.51,Arabidopsis thaliana
SEQ_243078,TCTTTACATGACCTGACATCTGCATGTACAATCCCATTCTCTCTAAGCCGCGCTTACGAAGGTATATAAAATGCATTGCTGTCCCTAGTAGTAAGAGGGTCCTGTTAATTCATCGGAATAAGCTACGGCGAGCCGAAGACGCCCCAGTGGGCATGCGGAATGGTGGTGGAGTCAATGGCGAGGCGACCAGGGCTTCGGATCGAATTCTGGGTGGAAGGCTTAATCTCTCAGTCGACCCTTAGTAATATACATTACTTAGCAGCCCATTCACGGTTTTCCCGTGTGCGAAACAGAACTTATAAAGACCTGGTGAGAATTAACCGCCGGAGAAGCGTTCTGTCTATATGTATGCCATCCGCAGCGCGGACGAACACAACCAATACGTGATCTTAAGCTTGTCTCAAAAGCTCTAAGGTGGTGGCCTTACATCATGTGCCTACGCATAGCCACGGAATCATAGACCCTATTAAATCTAAAATTATGGCGATTCGATAGCATGCCTCCAAAATGTACAGAGCTCCTCGCTTGTGGAAATTTCCTACTAGGTTCTTGCCTTACACGCATCCTTACAAGTTCTTTCAAGGAATCGCTGTTGCGGGTTGGCTTTTTTATTAGGTTGTAGTTAATATAGCATCGAACACTTCCACATTCTAGCTGTGACGCGCTTAAGCGCATTCTCATTGGGGGGCGATAAAGTGTTAAGGATTATAGAGTCATATAAGTATATAGTAATAGCTTGACATGAAGGGGCAGTTTCCTGTATCCCGCCGGGCGCCCTGCTTGTGCTCTCAGTTAGTACCCTTGATGGGGTACACTGAACTTGCATTGAATTTGAAATTTAAGATAAGTACACTCTGCCCATTACGCACCACCAGATCGTAAGGAGCTCGTCTGGTACATTAGTTACATGGTGACCGATGGGGGGGACTGCTAGCTAGCGCGCTATGGCTCGATCGTCAAGCATGACGCATGCGTAGTTTGAGCACGTAGAGGTTGGCCCTTTAATAATTAAGGCCCTTACCCGAGAACTTTCCAATCCAAGTGCACGTC,1050,46.95,Escherichia coli
SEQ_590051,CTATTCCGCGTTAAGGTATCAGAGCGAGCCTGACTGCCCCGGCGGGTAACTTGTCCATCCCTGCTTAGTTGGTCCTGTTACTGACTCCGGCGAGACATACTTGAACGTTTTTTACGCGCGAAGAGCGCGTACGCATTGTCGTGAAGTCGGAGGTGGCCAGGATTAGTATCCACAAGCCGGAGCTAACAGATTACGCTCGCGGGACGTGTAGAGTGTCATCAGTCGGCTGCTATCGTAGCTAGTATTGCCGACGAGCTACTATCGCGCGTCCGGCCGCAGTACCTAGGGATGCCACTATGGATTAAACTTAAGTGCAACACGCGAACTTACTCAACGTAATAATTTCCAAACAGGCCCGCTGATTTGTTGTCTCATCGCCGGTTGGCACCAATCTAATTGAGCCGAATATAACATTCTCCTGACAAATTTCATACCCAACGTGTTTGACGGCCCACTAAAAAGTAATTCGCATTCAGACGAGTGCGTGGCGTAATAAAATGCAATAATGGTCGCATTCGACACGCGTATAGTCTGCATATTACCACGTGCGCTGGGCTCACTGAAACTGCCGGGTTGATGCTTAGAGGCGATTCTCCATATTGACGCTCGGGGCCAGCGGTACTTGCAGGAGCATTTCCGTAAAAGTGTCTAGATAATCCCGAAGGGAGGCCCCG,674,51.04,Mus musculus
SEQ_428447,AGTTAAGTCCCTAGGTCCACTCTAACGATCACGATCCTTAGTGTTACTTACTCACTGGAGGAATTATTAAAGCTAATCATCCGGGAGACGAAATCTGTAAATCAGTTATAGTACGTACCAACATTGATAATGAAGCGAAGTCCAAGTTTTATGCCACGAAGGACTTTAAATGTGTATGTGCTTGATGGAGAAGTATACCAGCGCCGACCTGGTCTCAAGCAGTCTATCGCCATGACTGCTCTGATCAGCGTGCGTGCAACACCCCAAACGAGACGCAAAATATCATCAATGTGAATGGAAGGCATCCCACACCCGTGTCCGAACATCGAACAACGATCAAGCCTTGTTTTGGCCACCCGTGTGGGCTCTAGATTCGTGTATCAGAGGCTGAGGAGTTCTGCTGTACACCCGTCAGCCGATCAAGTCTGACCCCCTAACTTGGAAACCGAACTACCGGCTCCTAATATGTACTAAATACATTTTCAGTGGAGCGTCCTAATTCATAGAATGTCGACGAGTGCA,522,46.36,Homo sapiens
SEQ_506497,CGAAAGAGACCGCGTTCTTTGTGGTGAAACTACTCCATAGTATATCGCCGAGCTGAGATCAGCACAGACCGTTATCCTATAGCATGCTCCGCACAATATTTGCTTCGTGGTCAGGGAGTGCTAGACTTAGGTGGCGGGGAGCTAATAGGGGAACCAAGAAACCGTCCCCCCTGAATCGCACTTAAGTCTGCCCATACAGGCATAAGGTAAAGGCTCTCAGCTGCTCCGGAGAGATCTGACTTCTACGAGAGGAACATACTGCGGCGTTTAACATTCACTTCGATGACATTGGGAATATACCGCTGGATTTTTCACGTATGCGGCTAGATAGAGAGAAAAAGCTACCGTCTTCCCGTCCGCCACGGGCTGATTGCGTTCTAGCACGCCCTCCATTGAACCAGAATATATATTCCCCCTTGATACGAAGATTTACAATGTTGAATAGCCCACACTTAACCGTCGGACTCTGCCCCGCACATTAATCTCTTAGTGATCCTTTCCCCCTTACCTGTTAGGGCCCACCAGGGCGGAAAGCGGGCGGGACCCCCAATTAAAACCCTGAAACCAGCGCATACGTGATCAGTTGCCGTGGATTTAGTCGTGAGAGAACTCCAGAACACGGTATGGAGCGTCTGATTCGTTCAGCCCTTATGATATCATTCGCACCGGCAATGCAAAAGAAGGACGTATTACCGGACCCCGGCTACCTTCAGAGGGCCCGAATATACTGATAGACTTAGCTTACTATGCTCAGCAGGAGGCACCTTGTGAGCTAAAGCGCTCAGTTCCCTAAGATTGCAAAACCTCGTCTGAACCGCGAGTCCCGTTTTCCATAACGAAGCTCGCACCAGCAGCCAGAGACGACTTTCTCTCCCAGGGCGGCTCTAGTTAACCACGACTGAGAGCACGTTCATAGGGGGCGCATGGGACTTGTCTGATAGTCAAGTTGTGCTTTTGCACACTGATTATGGGAAAATGTGTATCGTAAACTCCTCTTCTAGGGGATCCCTTCCCCGCGGGGAAACTAATCGGTCGTGGCAGCTAACGGTGAATCGAATAAAATTGAGGTGCCCAAATCAATGGAATCTGGGCTTAGCAGGATCCCCTGGAGGGTGTGGTTCTCTTATGCCGAGATAACGAGGCCTTAGGTCTTCCCATGAAGATGGGCGGCACATAAGCGTAAACTTAGATTTCGTATCAAACCCTGCTTTCTGTAGGTTCTTTAATAGTATTCTGCACCCGGGTGAAATAGGACCAGCGGAATGCCCAGCGAGGACTTCGTCCTGTCCAGACTTTGACTAGCCAACGGCTACAAGTACATTGAGGGGTAGGTTGCGTGACTGCTCGCGACACGTGTAAGGGGACGCCAAAGTAGCTGGCAGGCGAAATCTATATTGTCCATCTCGCCACGTTCACTGAATGGGGTCGCTTATTTATAGGTACCGCGTCGCAGGAACCCAGAGGAGAGTACTCCCTCGGTTATCCTGCCTGCCCTT,1496,51.0,Homo sapiens
SEQ_892252,ATCCTCACCCTACGGCCATAGGGGGTTGCCGGATTGGCACGTCCATAATGATTTTCGCTACCTCGAACACACGGCTGGCCCCTGTCCCATGAAAGGGGTGGTTCTCTATGCGGTTAGACATAATTTTGAAGTGGCAGAGGTATTCAGACACCCACCAATCCCCGCTGAAATTTAAGTCTATGGACTGTTTTCCCTGGCTCAATTACATGGAGTTTGCATTCCCAGTTTACTACTTAATGCCATGGGGGTAATAACACGAACCCCAGTGTTAAGTGCCGTAGTTATCGTTAGATTTGCTCGGACGTTGCGGGACCCCGTACAGAGGGACTAGAATACACGGTATCTCAGGTCAAGCGACCATGCTTCAAAGGTGTATCTTCAAGTAACTGACCCCATAAATTTCAGTTTGGGAGTGACCGTTCCGGTAGAAACGCGCTCACAGACTTTATCGCCCTCCATATCCATCCTGTTATGGACTGCCACGGTTGCCGTGGAGAATGCCAGGCCTAAGAAACGATGCACCCGCAACACTGCACGTCGGAAAGGTAGACCCGAACTATGCAGAGACTAATTGCCAAAGTCTTGGCCGATTCATCAGTGAGGCGAGTGTGGACGTCCGGTGCTCACCCTGCCAAATCGCCATTTGCGAGAATGCGGCAACGCGTAAAGGCGACGTTAAGCCTTTTAAGCGCTCCTGATTGC,702,50.85,Drosophila melanogaster
SEQ_710946,TCCCCTACGTAAACCGGGTCCCGCAACCCCTTAGCTTCGGATCGCTCATGGGGACTGGTCCAACCCTGCGGCATTCCCACGTGCACGAGGAGTAGATGCGCCTTCCATTTGAGTCTATCACTAGGAAACAGCCGCAATCCCGTTTCTGGATTGAGCCGCATCCCCAAAAATCATTCAAAGAAAGTGGTGTGTCATTCAGGGTTCTCGGCTTAGGTTAAGGTCTACCCGAAGGTGCTCACCGCGGAAATCGCTATGATTTAGGGCACCCCCGAGTTCATATTCGACAGCAGATCCGATTAGAAACGGGCATCTTAGTCCCGATCACCTCCGACTAACAATCATAAGCGCAAGCAAGGGCAGCTCAGCATACAACGTAATTCTGCTCTGGCTAGAAGACGAATTTATAAGGAGTTGCGGATGTGTTTTGCGCTTCGGTATAATATTGCAATGGTAGGCATTTGTTTATTATAGTAACACACTAGCAACGGCTCAAGGCCGTGCTATTCTGATATGAAAATTCATCTAGCAGCTAGCATCGGGCTCTGTGTTATTTGTTTCCTCACTCTGTCGACGCATTACGCTTACCTGGACAAGTAGATAAGACTAAGTTTCGCTTGGCAAACGCAAGGATCTATCGCCTAAACGGGTTCATACCCTTGCCGGCCTCGACATTCGATCGTGTAGGCGGGAGACTGTGCCCCTGCGCGCTAAAGAATTGACCATCCCTGAACTTCTACGCTTACTTTCTGATATTTGCGACACAGGATCTCTTGTATATTTAGGAACCTAGATGGTAGCTAGTCCAGATATGCATTTTGTCCGCCGGCTTCGTCTACCTCCCGGAAATGATGTGTTTCGCGGAACCACTTCATCCCTTAAACGTAAGTGATCTGTGGGTGATGACCAAGAGACATAAATTTCTTACTGAACGCTCTGCCGCTTCGTGGCGAAGAACCTTCCGCTATCCTCATTGCCCCGTGTTAGAATGGGACGTCTCTACCACCCGACGGCGCCTCTGACCAGTTTCCGATGGCGAGTGAAGATTCTTCTGGGTACGTGTACCACCTTGGCAATCAGTATGAACCACTTCATCGGAAGCAAAGGACTCCCCAACATTGACGGGACCCTATTTTGTTCATCACCACGTGATATGAATACTAAGGGGGTCTACTCAGACAACTCCCGGCTTAACTCCACACGGCAATGGGGTTCATGCATCCTACGCTTAACACCGAGAAGTCTATGGGTGGTGGTTCTGAGGCACTCGCGCGATTGATGAAACATGAGGCAACTGGTCGAAGCCCGATTACTACCATGTTCGCGTGGGTCGCCACGAATTGAACCACTCCAGTTTTGCGCGAAGCAGGTAACCTGGTTGTTCGGTCTGTCGGATTTGACACCCTACAAGATTAACCCTGCCCATCTTGAACTCTTCTGACATGTGGGAGAAGGGCCCATCGCGAGCAGTTGGATAGCTTGAACTTATACTGGTGTTAAAATCAGTTGTTGAGTAGCAGCCGACTGCGGGTGGTTTCGATCCATGTCCTAACTGCATCCACGCGACTAACAGTATAGCGGTTGTCACTATGTGTCGTCGTAAAGCTACACGCAGCTCGAGGGGAATGGCATATCTTCATCTGACGGTAGTCAGGGCTGGCAACTAACCTGAGTGTCTTCATCCAGTCTGAGCGTATTGTGAAAGTCGTTGATGACCGCCCTGGTCCAGATACCTCTAACACAAG,1742,49.83,Escherichia coli
SEQ_491554,TCCGTCAAGACTAGCACAACTTTATTGGCAAAACTGAATTTCCTCGCAGTAGTGTGCTGGCTAAATCGAGTGGCGTCGTAGGGGGGTACGTGCTCCATTAAATATGGTAGACCGTAGGTCGTGCTATATTGGCGCACCTTGAGGTTATCTGCATATGTTTCGCTCCCGAAGCTCAAGAAACATAGGATAGTATTTTCAAAAGAAAATGCACCATAGTGGCTTAGCACGACTCCTCTGTACCAATTAAATCTACAGTATGTAGTGGAAAACATCGTCGCGTGGTGCGCGCAGCCCTGCGAGTATTATGCGGTAGTCGGTCAATCCCGACCGCGATTAACTGACGTGAGAGTAGTACGGCATCGAAGCCGCGGAGAAATGTCGAGGGTAGACACTAGTGCAAGTGCCCACCGCTAGATGTTAAGCACGAAACCCATCAGGCAGCGGGATCTTTAAGGAAAATTCATCGGGTATGATGCCATAGGAGGTCGTCTATAACAATGTAACCGAGTTGGAGAGGATGTCGGGACATAAAGTCCGCCTACCCGCTCCTATATAATGTGACGGGTCCCTACAAACTGTTAAAACCCAATGTCCAGTCTAGATTCCTTATGGCTTTGCGGACCGCCTCTACGAAAGACACTGTCACGATTTGGCCATTTCTCGAATTCAAGTGGCCCTCGAATGGGCCGTGAAATTCGTGTTGCCTGACCCCAACAGCTAATACCATGAACGATACCCTTATTGTTCCGGGCGCCCTGTCGCTTATAGGCCAGTTGTCGTGGATTCCTAAAACGAATTCGATACGCGTTCAAAAGGGCCGGCACGCTGCACTTTCCAAGCCTCCGCGGGGAATGCGTCACGGTGTTCTGGACGGCACGACTCTAAAAGCGCGAATAGCGGACCGTGGACGTCACGTGAAACAGGGGTGCGCCCAAAGGCTCGCCCGTGTCGCACATGGCCGTGTAAGTATGTGTTAGCGCGTTACCTGCGTGGGGGGTCTTAACAGGAGCTCTTCGCGGGCTCTCGTACCCATTTCTCGTCACACGACTCGGGAGCTTGGAGCCCTAGCGCGTCCGACGATCACCGAGAACCAAGGGTGAGTCTATAACCACTGATTTCAATGCTGTAGCGTGCGGCATTAACTCGGGCCCTACCACCGTAGATTGCCATTTACGTCGCGTTTCACTGATAAGCGGTCGCACGCCCGAAACCTGCCGAAATGTCCTAATGAGACTCCTCTAATACGGACGGATGAGTGAAGTATCCCAGGTCTCGGGGCCTTTGTAAACGCCGCACGCGTCGCTCTTCTTATAATAGTCAACACTACTGCGATTACGCGTACGATAGCGGGTCGACTTGTTTAGGTTTATACTGCAGTTGATTCTTACGTGATTAACGGGACGGAAGACCAAACTACTTGTTGACGCTAACCCTTCGGGAGTAAGCCAAGACTTCCAGCGCTGCACTGTTCCGATGATAAATGAAGATACTGGGTGCTATATACTTTTCTGGCGTTTAGCAGAGCGCTGTCCCAATGAGCGGAA,1544,51.23,Drosophila melanogaster
SEQ_780073,TGATCAAGATGTAATTTTGCGTTCAAGAAAGAATATAGGTCTGAGGGCTAACTTAAACCCTACATGGCCATAATAGACATATATAATTGGAACCCAGGTCCCCCCAACCTTGAGTGACTCCCATTCGTGACCACCCAAAGATTACGCACCATCGAGAGCAAAGCCGTAACGATGCAGAAACTCGTGGACTATTTGAGCGGGCTTTTTATCTAGCTATGGATGACTTGTAACGAGGCATCATAGCTGTCAAAAGAATTTCATTGATGACCAGGGCGTAACAGTTAAGAGGTGTGAAGGAAGCATAGAGCGGCGATCCGTCCCCGTATGTTCCCGGATATTGTCTTGTCACCACATTGGAGTGCGGGATGAGAACCCTCTAAAGCCGCTCTATTAACATGTCGTAAGCGTTGCTACCCACAGCGCTGCAGACGGTTTATACTCCGCCAGAAAGACTTTGGACCCATCAATTTACGCATTCTGTCGTTCACAAAATGTTCGGGCTAAG,505,46.34,Mus musculus
SEQ_383490,CAAATTGTGCACTTCGATGAGATCATTTCTCACGTAAGACGATCGACATGATGGCTTACAATCGACCTTGTCTCGCAATACCGTTCCATCATAAGGCACCAGAGGGAGCATGTACACTATTGTAATGCCAGACATCTGTCCCGCAGGAACTCGACCTCGTCAACCAGTCGACAACTTGCCGTCACATTGGCTGAACGACTGAACTGCCTGCGAAGTCTTGCTTTGCCGCCGGGACCCTCGGGCCGGCGATAATAGATGTGGTTGCATGATCCTCGTTGTTGACATTACTTGAGGAATCTTCGCGTATATACCGGTGTAAAAATGAAATAGAAAGGTGTGAACAGTAACTAGGCCCGC,357,49.02,Caenorhabditis elegans
SEQ_422474,CAAAAGCCGCTTACACCCCCTCTAGTAACCCGAAAATTGATAGGTGCTGCGACGCCATTCCTGACCAACCTGAGCCCCTTAACGTAGTTTGAACTTACGTGGGAGCAACTCCTGGCGAACACCCAGACAATTACTCTTTTGCATCCGTGAATGACGTTCGGCTACGCAAACTACCCCACTTGTCGGAGCATATCCATGGCAGGATGACATGTTTGTGACATTTGCGTCGACGATGTGACACACACTCAGCCGATGGCATGATTAAATTTTGCACGCACCAGGTTGAGGTCATCGCTAGTCATCTTTTGATATGGAAACCGGGCGACTATTGGCCTGAGCTTCTTACCCGGGAACTCAGATCACTTTTTGATAGGCTCGGCTGCTCGAAAATCCGTGGGCTCCGAATAGGGACGCCCGAAAAGGGACGAGAGCCTAGTTAGCTCATGGGCTAGTACGTGCTGGCCTAAGCTGGCAGGAAATGCATCTTGTTTCCCGTGTGCATCGTTAGTACTCTGGAAATAAAAAAGACGTGGACTAAAGATACAAAGCTCCCAACGTTCTATTATCTTCGGGAGGTTAGCATTTGATTTAAGCAGCCAAGCGTTAGTCGAGGCTTCACAAAGCTTGCCCAATATCGTTAAGCGGACTGCACTGCTTCCATAGCTGGTATACTCTTAGCCTCGAGTAAAGGATCTATCA,699,48.93,Arabidopsis thaliana
SEQ_189259,TTCTTCACCAGAGGGTCTCTCTACCGAAAATAGCGCATAAATGCTTTAAACATACCATAATTCTTTCCGTGATCACCACAATTTTGGAATTCCTGTACTATTGACCCCCGTGTCACGTTAGGCCTCACCCGAGTTGAACAAACATATTAAGACAATATTTACGCAGCACGTGTCGCACAGGCTACGTCTTGAGGCTCATACCTGCGTCCCGCTCACACGCACGCATTATGGCACAAATAACTTACGATCCTGCCGCATAAGACACACAGGATACTCGGTCACAACATCAACAGAGTGAATAAAAGAGACAAGGGACCTGGTAAGAAGGTGGGACAATCACCGAGGCCCGAGATTCCTACCACCGCTCAAAACTAAGTGCACGAAGACATTCGGCAAAATTTCATGTAGAAATGAGGCGAATGACACACAGCGAGAACGAGCGATTGCTTAAGTACCGCCTGATCCTTACTTCGGAAATCCGTCCGCTACAATACGACCTCTGGGCGATCCGGTGCTGTCCCCGTACAGCGACTCTCGCGTACAAATTTGTCTGACCGTTGGCACATCGGATTTAAAAAAGCCGCTAACCTCATTTCACTCATTGATTTAGGCATTGTTTCCTTGCCGTAAACCGCGATCTATCGATGCGATTGGGACAGGTGTATAACCCTCAAAAACTGCATACCAGCTCGCGTGAGGAGTGGTGAAGTGTGGCCGGTGGCTATGAATCTGAAACTGGTTGTGCTGCCCCGCAAGTCGGTGTATTCGACATACCATTCCACTCGACTTACCTCAAACCGGACTATCAGACCTTTCGCCCGACCATCCTCTTGTAGGTCAAGGCGCGTACTGCATTGGTGGAGGTAAGGGTAGACCGCCGAACATTCGGGTAGCGTCTAAAACTCCTCTCAGCATATTACAAACAACGTGGGTTTACCGTATGCAGCTGGTTCCGTAGTACCCCTCATTTGAGGTGTTCCTCCTGTGGATTTGCACAGGGGCAACTACACGTATAACGAGTGCAGATACGCCCCTGCTTAGGTCATTCCATCGCATTCCATAACGGGTATGATCGCTCATGTGGTCAGAAAACACTATAACACATACAAAACGATGCACCGAGTCAGCACTGTAAGAGCGGGGCAGGTGAAGGCTATCTCCCTTCTGTCAACCACTCAGACGCAATCCTACAATTACCTTGCCATTATGTCGGGGTTCAGGTCAGTTGTTTGAACCTTCTGACTTAAATGAGCGTCGTCCTCGAGTCGAATTCACTATTGATCCTTCCGAAGCGTGACAGTCAGAGCCCCCCCTCAAGCCAAAATCCACAATAAGATAAGCTCGTTAGCTGTGCATTACTCAGCGCTAGGCCTCACCTGCGATTAGATCGCGACGGGCGTTTACCGGTGCCTGCGGCCCCTATCGTATTAAGGAGCTCCTTCCAGAAAAGCAGGATCTAATCGGCACCGTCGAGTTGTGTATGGAGTAGGACCACGCGGAGTATTCCCGTCAACCCGATCGAGGGCATGTAACGTGCAGCTTAAGTTCGATATGTTCCTTGTAATCCCTCACGAAGATATGGTCTAGTGCAGCCTGGTAGGTGCGAAACAGGCCAGAGGGTTCACCACGATCTACGGGTACAGCCTTTAAAGATCCGAATTATTCCCGGACTTCATCCGTTCGCGCAGCTAGACAATTCC,1700,49.71,Saccharomyces cerevisiae
SEQ_600242,CCAACCAGGGAATAAACCCATCTGTGAGGCGCCGTACTCCCCCGACTGACCAAGGCAGCCGTTTCAATGCACTTAACGAAGACTATTTGTCCACACTGCATGGTATTTTGTGTGTGTCACTCCATGTGGCCCCAATTAGGAACAGTAGGGACCGGTAATTTCGGATCCGTTTTGGGACAGAGAAGTGGCACCGCTTGATAATTGCGGGTGGAATATACCTGAGTTTTTCGGGAATGTGGCTCCGCAGCTGCTTATATGTGCTGCCTAATCATGCTATGCTTAAACGCGCGACCTGCGTCTTTGCGGTCTAATCCGGCGGTATCTGGGTGGACCCCATTGAGTTCGGAAGACGGACTCCGACAGTTCTGGAGATCATTTTCGCCCGTATTGTGTGGTCAGGAACGCTGCTTTATTCTTATGAGTGTGCTTAACTTATACCCTGTCTGCACATACGTGGGCATTACGTACTATAGACCGGACTTTCCTAGACACATTACCCTGAGATTCTGAGATGTGTCGGAACCTAGTCCTCATTCCAAAATTTGATTAACTGCATCCTCCGTGCGCCAGGTCTACAGGCAATCTGGACAGCTATCTATAAGGTGCCGTCTACTGAAACCAAGGGTACCATGTCATGGCCAGGTATGTTGGAACTATGCCCTAATCCTGTGCACAGCAGCATCCCGGGCCCGTTCACGCTCTATTATCGTGAACGTATGCATTCGAGATTAGGACTGACGAAAGGTTCGATGCCCCATCGAAGCGGACAAGCCACTGAGCCCATGAGATGATGTTGCTTCGCAGTGGAACCCGGGGGCCGCTGGCAAGATTAGTCTAGTGCTTTTGCTAAGCATTCCAGTCGATCTATTGCCCCGGCTACGAGGTCCAATTGCTATAGGACATAAAATGACTGAGCTCTACTGCATCATCCGCATTCCCCGGAGTGGGGCCTAGCTGTGGCGTTCCGAATCCACTTATGACCCAATGTATTGGGGGGCGGCTCGCAGAGGTCCACTGAGATTATTAAGACGGCTCGATGCATGGTGATTTGAGATCCCCAAATTCTTACAACTACCGACAGAGGTGTAACAGGTCGCAGCGCAATCCCTTCCGCGGTGGGTGGTAGTCCACGATTCGCCTACGTCATCTACACACGGCCTCTCTTGTTAGCTATGAGTGAAGACCCTTGAGGCAGGATAAATGCATAGTTGACGCGACCTATGTTCTGGACAGTATGTGTTTATGATACTATACACATCGTTCAGTCTATCCTAAGTTGGAGGCTGGTACAAACGGACTC,1300,50.46,Homo sapiens
SEQ_599428,TTATCCCCTAGCTCGGACGCTTCCCTCGTCGAAACATCGTAGCCAAATCTTGACAGGGCTGTAGGAATTAAGAATTAAGCGTTATGACTCGAGCAAAACACTCCACGTGGGAAGAAGTGGGAAACATGGCTCGCGAGGTGAGGACCGGGCCGCTAATACGTAAGGGAAGAGTCCCGAATTTAATCACGGTGGAATCGCCCCACGGGGAAGAGATTCTTAGTTAGGAGCCGGCCGCCAAACAACTACCCGATATGCAGAATATCGAACAGAGCCCGGTTGCTAAGCATGTCCTATTACCCAATTTTCAACGGAACCACCCTGAAGAACCGGTGGCACGTCCGATGTGCTGACGCCTCGCCCGGAATCTATTGAGGTTCAAGAGTTGGTCCGAGCGTGTGTGCTATCCACGTTTCACTCGTCGACCAGTCGTAGA,433,52.42,Caenorhabditis elegans
SEQ_896678,AGGGCGCCATGAACCACCCGCGACGTGGTTAATATCTATTACCTACGAATACTCGATGAATTGTCTGTACGCGATACACTCTGGGGACCTTCAAGCGTAGAGTCTCTCCAGAGAACGGTACCCCATGTCTGTGGTCTCAATGACCTAGTTCTGGGCGTCGAGCCCCCCGCCTCGCGGAGAAACATCGGGCGCGTGCATATGTCAGTCGTTCAAACAATCGCGTCTGTCTTGGATAGTCGCCGAGTGTAAGCATTACGCGCGGCTTCTTTCTATGACTCGTTTGACACGTCCTGATCCCGTTATTGGCTGGGTTCCGGTTGGAATTACTTTGGTCTCTGGCCAACGCCTGTGTGAAGATTAGACACTTGTCCACCTAGTACCAGGATAACCTCGCGAGAGTCCAATTACACGACGCTGTCGCCTATGGTGTCTTTCGCGCAATAACGTGCTCGGTCAGAGGTACTTAAAAAATATGGCCAATAGTCGTAGCACATTTTCGTGACCCCCCCGTGCAAGTTTCTTACATGTGTTGTGGGAGATACCTCAACTAATCTATATGCTTCAATACGCATTTCCGCTGAGGCCGAATACCTTTCGTGGCATACACAAGTACCCAACCAACTGCAAATTATATCATACTGATGAATGCCGCCGAATTCCGCCTAGAGCCAGTCTGTATCAGATTACTGGGTGCCGACCCAAAGGCTTAAAGCTCGCGACTCCTTTCCTTTCAGCTTTAGGCAAATCTCTGGGCCAACGGACAGAAATGTGCGCACATTAAAGGGCGGAAGAGGGAGCTCCTCAAGGCTCAGCCCTCACGCATATTCGACGAGATCGCATCAGTTAGAGACGGCAATCCCTAATTCTCGCAATGCGCCTGATGCGATTCCCACCGAACAATACCCTTAGAGCAGGTGCTAAAGGTCGCTCAGGGTAACACGGGCACGGGCCGGGTATTCCCAAGGTCTGGAGTAGGAATTTGAGCACTGGCCATAGTTGTGCTCCTAGTTACAGTAGCAAGTGAATACCAAAGGGGACCCCATCGAGGGAATCTCGCAAGGACCATCGTTGGTCCTTCTGAAGCCGAGCCTACATGCGCCAGGCTGCCATACGACCCACGCCGTTAGCCTCCGGTCTGAACGGGTCGTTTCTCACGTCCCAGTTATACGGTACCAGCGGCCGGTTAAGGTCAGGCTGGATATTGATATCAACTCCCAACCTCCCAGATTTGCCACTCCTGGCTGGTAAAAGCTGCTTCGCCCAGTTTATGCTAATGTATGACCATCTGACTTTGGTGATGGCGGTCAGCTCACTGCGCAATTGGAGTCAAACCGCACGGTATGACAACTGGTACCTGCAGCTGCACCACTGGCGGGCGGGACTCTGGAGGTAACATGCCCTTAGTCCGAGTTGTCCCACATGCACAACGTATTGTAGCCTATACCATGGGAATCAGGACTACGGCGCGCCACGGATACGGAGAATGTGCGTCCATCATACGTAATCCGACTACTAGTGTGAGGTGAGCTTCCTTGTTGCAAGCCGGCGCACCCACGGGCGTCTATACGCTCAAACGCCGCGTTCAATGTTGATAAAGACGATCCTCGAGATGATTGATCTGCTTCCCCGGATGGAATCATACGGTAGCAGTTGTGACGAAGGCGTTAAAACTCTGGGTCAAGCAAGCTACTTTCTATATCAGTGGGAGCACGTTTAAATTGAGTCGGATGTGTAGGAATGTTTCGTACTAAGAACAACGGCGGGTTGGGGGCGATAAATAGTCGAACCCGAAAAGTAACAAGCTTTCAGCGCTCGTTGTAATCACCACCGGAACGATTTGTCTATCGGCTCTTGCCGAAACCCTCCGTTGACCGCTGCCCCACGCAGAGTTA,1892,51.96,Drosophila melanogaster
SEQ_164313,CAATTCTTGGTTAGGGATATAAACGGTCTCGTTTTTAGATCTTTTGCAGACGAGCGTGCTACCAGCTGACCACGTGTCATGTGGGACTTAAGCTCGTCTGCCGATACGAACCTACGACAAACTCGGTCCAACGTAACTCCAAAGCGCACGACCTGCGTTGATACCCTGTCTGCCTGC,177,50.85,Mus musculus
SEQ_417114,TTGGTGCACACATCAACTCCGCCTACGTCCGATCCGAAAGGATTCACGCTTATAAATGTCACTAATGCGATCCTTGATTTTCCCGTTAGTAT,92,44.57,Caenorhabditis elegans
SEQ_458199,ATAATTCGCAACGCCCTTGGTGTTATTGGTGTATGGCTTGTGCTTTGCCGACCCTTGAAGTCCGCTAAACTTTTTCTCATGCGTACCTTCCGCCG,95,49.47,Arabidopsis thaliana
SEQ_189289,ATCCCGTTGATCAAGCACAGAGAGACACACGTCGAAAAATATCTACAAATTAGCTCGTCCGCTACGGCTCCCACACCAAGAGGCTCGTAGCACGTAGAGATCAAAGACCCTAAGGTCGGACCCGAGGGAATCAAAGGTCTACTGTTGACTGCCTGAACGTGTACACTCACCACGCAGACCTTTTGACAGAGGAATTACTGTTATGAAATCTCGTAGTCATTATCTGCAGAAATCGACGTAGAAGGATGGGGGCTACCACAGCCGGCCTACATATGGCGATAATGTCCTTGGTCATCTGTACGCTCCCCCGTTAATATACTAGTAACGGCTAGACAAATATCATGTCTCAATAGAGTCCTAATGAGAAACAGTGTCGTTATTTACTTCCCGTCCCTTGTGTAGTAATCTTGCGGACTTTGCTAGACCGCGTATTAACTCTAGATTG,445,46.52,Saccharomyces cerevisiae
SEQ_677223,ATTCTACGAAGGCGTTGCCCTTCGCTGGTCCGCGGCCCGGAAGTAGACTGCCTCCAATCGTCCCTGGAAATCTGACGGGGAAAACGTTGAAGGCCCCAAGCTTTCAGTCGTGCTTCCATTACATTAGCAGATACTGCCGCCGCCTTGGACTTCAAGCGGGATAGCGCGTCAATTGTGAACATGCCACCACCTAATGTTTCGGACCGGATCTAGGCAGGCATTGCACATTATAGGATCAGGTCATAAGCATGTTAGGTCCCCCACGAAGAGATCGCTGCAGCAACCGGCCACGCAGCTACTATGGTCTTCACACGGTGGATCATGCGTATCTGTCTAATAGCTGAGGCGCGCTCAACATGCACGCGTCGATTGGCGGTAAGCGTAAGATTAGGATCTTGGAAATAAAAAACTCTAATGACTTGCGGGTTCGTTGGAACCTGCGGCATGGCTGAAATGTATGATTAGACAAGAGCCTAACATAAGGGTGTCCACAGTTAAACCTCAAGAGGAGAACGGGCCAAGCGGCGCGGCTGTCAAGCCGGGTTAGCAAGGACTGTCAGAGAGAGGATTTTAAACCGCGGCCTACTGAGGAGGATCGGGAATCATTCGGCAACTTCCCGGGATGTCTGGTCGGAGTTAGCCTCCTCGAGTAAGGCGGTACTGTCGAAGGTCGACGTATCTGCGTATTGTTTGATGTGGGGATTGTTCGCAGCCTCGCGAATTCTAGTTCTGTAAAAGTAATTAACACTATCTGATCGTGCACACAGTATGGTGCCCTAAGGGTAAGGCCCCCTCCCTCTCGCGCTATATGGGTAATTAGGTCCAGAAAGTGGTAAGTGGTGTTAGGACCACGGGACTGTCCGCGCAAGTCATCTCTTTACGTGGGTCGGAAGACTAGCCACCGCGCTAGTGATTATCCGGGGTCAATGAATTGAGTCGTACTCGAGGTCCTGCAGCTACCGATACGCTCTTTGCTGATGCGTCATCGTCCGACAAAATTTACCTACTGGATCAGGATGGACTAGGTTCGCGGAAGATTTTACAAAGAAGCAAGACCAAATCCCGACTCCGGGGGGGGATAGACAGAGCCATAGGTATCACTCAAGGCCAAGTCCTCCCACCATTAGAGGTAAACTCCCTCAGAGGATTGACCTTGGTATTACAATTCGACAGGTTGCCTGATGCATTCCGCGCTCGGACGTTTGTTAGTCCCCAGCTCGGTGTGCTGTTCGTGTCCCCCCTCCGTTCCGAGCCTGGCTAGGGCTCATTACGATGGGCCAGGGTGAT,1287,52.6,Escherichia coli
SEQ_940670,TACCTTCATACCTTATGCCGACGATTAGTGAATAGGTTTTGCGATGGTTCCGCTGTGACGGGCCTCTAAAACCGCCAATTGATGCCAAGTACATGCATGGGTGAATACATTTGTCCAGCGTCCAGGCTGGTACACGTAATAAGCCCGGCATTAAGCTATCCTCTGCGGACACTTTTTCTCTAACTGTCAATGCATTGTAATGGCCATCGTGATCGACATCGTGAACAGCCAGTCCGACCTATACGATAGGAATGTCATACCCCGCCCTTGAGCTGCCAGAGCTACGGGCTAGTAGTCAGACACGTTTGCGCAGTCCGCTCGATCAGCAGGAATGACTAAATGGCGTATGGCGGCGGCGAGTAAATTAAGTCATACTTAGATCTGTGATAACTATGCCAGGCTTATCTGTACTGGGTACAGGTCGTTCGCTGAGCAGGGCCCATTATATGGTTCCGGCAAACACACAGAGCGGAGTAGATATACAATTACTTGATGGATAATCATGACTATTCTCGTCAGGCGAGACGCGCGAGCATTATATACAACGTTCTTTGTCATATCCCCGACTATCATCAGGGGCGCATGGAAGTAGACGAAGAATTGTCTGGGACTGTCTGCATACCGTGCCTGGACGACGAAGCCAACCAATTAAGCGTAGACCTGCGGAGGAAAGTGGGCGTGATGCAAAACTGACCCCTTCACTGGTAGGCCCATCTTGAGAAGACTTCTGCATAGAATGCCAGAGTCCCACTGGGGAGGTTTCCGTGGGTAGACAGTGCACGCGATGCAGCCCTACCCCTCGAGTTACTAAGGCGGCCCACCCGTGCGATCAGTTTCTCAACGTAACCTCGTAACCTGCTGAAGTGTCGATTATCTCCAGTACCAATTGGGCATTTCCCCGCAGCATTGGAATAGTAACGCCAGTTGTGAGGACATGCTCCTTTGAAACTTGGGCACAAAATTGGATGTAGAGCTATTTGGCAGGTGAGTGTAAAAAACCGTATCGGTCGGGATCCGACGACAAGCATTGATCCCACAAAAGGGCGGTAGCTAGGCGAATAACCCGACGTTCACGCGTCCAGCGCACTGCGGATCTGAATCAAGCCTGTTGTTGTCACAAAAAGTACTTGTAGGGTCCCGGCGCAAGACTCTCTGTTTATTCAATTACTCTACCAAGTTGCGGTGGTCAAGAAGTGATACATCGGGTAAGTCTAGCAAGTCGGAAAGGTGACGGGCACGTCGTATGAGGGGTAGGGCCTTCACCCTATCGTTTCAATTTGTGCGCTGACAGCATATCTTGAGAATTACACAGAGGCACGAGGGTTAGCCAAAGATAGTAGACCTCGGTATGGCCCAAAGGACCGGTCCGCGTGTCGAGCATGATCGCGCCGCTGGGAGACTTTGGCTACCCTTTGACGGGAAGGTGACACTAAGCGCCGAGGCTTACTCTACTGCCTCCTATCCA,1465,50.92,Caenorhabditis elegans
SEQ_161878,AAAGTATCGAAAGTATGGCGCACGACTCACGCTCTCTGACGAAATAGCTAGGAGTCACTAAGAAGTAGCATCTTGTTTGCAAGTTCAAGATGGAGCGCCCACGTACCTTGGAATTTTGTAATCGACTAGGGGGACAAGATTGTGCTGTTTCGTGTAACGAGCTAAACTGTGCTATACCCACGGTACTTTCTACATGAGGTTGGAGTAGGGCGGCAACGCTGAAATCTTATGAAGGGTAACGCGAGGAAGATTGAATGCTGTAATGCCAGCTGTTGCATTCTTGGCACACCGGGGAAATATTCTTTGGAGTTGGTTCCTAAGTGTGCGGAGCGAAGCTTTATGCTTCTTATCACGGCTCTTATTAAACGATACGGACATTTGGGAACGACAGCATAGACCCTCTCTACGTTCTGGGGCCGGTATAGTCATTCTCCACGTGATCAGGATTAGTGTAATTTGTTTGTCCAACCTCCTGCCGTAAATCCCTAAGGTCTGTTGTTAAAATATCTGATTAATGCCCAAGGCTGTAAAATAGCATTTGAAAGATGGCTCAAGTGGAACTACGGCGGCGACCATATAGATATCATAACACTTTATATCCTACAGTTACCTCAACCCGGTGTCGGGTGCTGGAGGGTCTATAGCTGTGAGATTGAGTAGTCTGCAGACACCTAAACACACTCAGGGAGCGAAGTATGTGCTAGACGCACGGTGCGGACTCAAAGGTCTGCGCTAGAAAGTAGCTGCTTACTCGCTATCATAAGCTCTATGGCGGGGCACGCTTATTTTCTTAAAGGGAGGTGTCACTCGTCTCCCAATTAGACCTCTGCACACCTTGGCGTTCCCGAAACAGTCAGGACTCCTGGCCACCGTAAAGAAATCTTTCTATGATGAAACGTTGGTGCTTTTTTTGGACGGACGGAAGGATGTTTTTCTTCATACAAACCTCTTCTAGAACCTCCTGAGCGACCCGTGAGCTGGTTAGCTGTATAACGCACCTCGGGGCGCTACTTAAGGGCAGAATCGT,1027,47.22,Caenorhabditis elegans
SEQ_655437,CTTTACTCGGAGAAGACGTGCGTCTCGCACTGTTCTACACGCCCCACGTCAACGTAAACCGTTAACCTTTGGATGCCAATAGCCCCTGTCGCTAGATGTCTGAACTGCCTTTGACACATAGTAGTCCGGCACTGTATAAGTGACGTTCCATTGTATGTCAAGGATATCGAGTAGTGAACCATGCACCCGTACGTCGTATGTACACTTGCGGGCCATACGTTAAAATTGCCGCAGTAGGAGACTCATGGCTAGGAAATGTGTGCCGGGGCCAACACGAGATCGCTTCCATGACCGACCTCGTGCCAACTGCCATGGGTTGCAGTGTCGCAGTTGGAGGAGACGCGTATGCGACCTATCTGAGCAGTCGGTCCATTACCAATCACACGGCCGACACCGATCTGATGGAATTAATGAACCCGTGCTCGTCTTCGTAGCGGGATGGATACTTCGCCTAAGCAGTACAATAACACTAAGGGGGCCCACTTGCGGATGTTGCATTCCTGAAAGGACACAGTAAATTGACCAGATCGAGATCCGATTATTTACCTGCTCGGGACCCCGTGGCCCGTATTCGAGGGTGTGCAAATAGTGCGACGCATTAGAGCCTAGGATGGGACAACAATACCTAGTACTGGGGTACGAGGCCACAATTTTCGCTGGAACTGTGCCACAAACACTAGATTTAATGCTGAGATACATGTAGTTAACGGCCTTATATTAACTGACCTCCGTGGATGGGAGTTGCTTGAAGCTGATGTTTCAGTGCAGGAATAGCAAGACGCGCGCGATGAGGTAGGTTCGAGTTTGTATGAAGGTAAGCATACGTATTGTCTGTTGAGCTTTCCACATCACGCGTGGGGCCATGTTTCCCAGGCAGAGCATCACCGTGCTGAGGATCCCGATTGCCCCGATATGCCCCATAATAAAGTACTTCAACCCTGTGCTTCCCAGGGTGACGTTCAGTCTATCGGGTGGGAGGAAGTCTATATCAGACCTCACGATTGAAGACCACCACATGTTTCCACGACGAGTCCGCAAAACAGGACCCTGTCAACGACTTTACCCGCCGCAAGAAGCGGTATCCGGAAACGGGCCGTCATTGGCAAGGAATACTGGGAAGACGGAATGTAACGTTTGATATTACTGGCTAGTTCCTGTATCGGGTCAAGTCAACCTTCATTCCCGCCTATACGAAAGAGTCGACCAACGTCGCCGCTTCGGTAGGAATGGTCTGATTTGGGTGTGAGTTGAACTCCGTGCACTATTAAAAAGTGCTGAATCGCAATCCAGCTCAAAGCTGTAGCTCTGCTTTTGGAGGCGATTGTAGAAGACCTCGCCCGCAGATAGTCCCATGGGACCCAGATTTGCAAGGAAAGTCGGGGTTATTTTCCTGAGCGGCGCACATCCTTAGTTGACCGTCAAATCTGCCAAATAGTGGCGAGTACCTGTGGTGGTTG,1457,50.93,Saccharomyces cerevisiae
SEQ_827954,AGGCCACGCTATCATGCAGCGGCGTCATTCGAGTTGTGTCACGCTTGCCGGAGACATACCTGAGTAATGAAATATCCTAGCGCAGGACACCCTTTCTTTTACCACATCCCGGGATGTTCCCACCGTGGGATTTACGGTGGGGGCCAAGGCAAACTTTGTACTTACCACCGAAGTAAAGTCATTTGCGGTTCGAGAATTACCATGCGGATACCTTTCCATCCGTAGCTGACGTGATGTTCCGAATGCTGGCACCGTTGAAAACCCGAGAGCCGAATACCAATGAGAGTTTCCACCCGAGCGTGCGTTTTTTTGGTCGGCATAGCAAAATTATATTTCTCCGTACCATTGTCTTTAGGTGCACAGAGCGACAGTCTGTAGCAATTGCAAAAATGTCGGAGGATATACCATCTGAGGCACTTGAGTTAATCTCCCTCAAAAAACTCAAAGCGTAAGGACAGCGTATGGGCCTGGTACACGGATAGTATTCGCGTGGTACTAACATCAAATCCAACACAGCATGCCCTCCGGGGAACCGTTCGTTAAGTTTCCCAAGCCATGGACCTGCAAGCGCGTAGGGAGAGTCTTAGATGTCCGGTGTACGTGGTTCTACCACACTAAGAAGAGCACCTCCCCCAGTGGAGTATACGAGATCTTGGAGTCGTGCTCGAATCCATAGTTTTTAGCTCTCGACGCTGTCTAGTGTACCCGCAGTGTGGGTACAACATAAGCGCCCGGATAGATCATAGATGGCGTTTAGCATCACATAGACAAGCGAATCATTTGCAACGATAATGGTGGACTTCACTGTCGAGCCGGACATCTCCCCACAATGGGATATTTACCATTCATCGGAGTATTGAGTCTGACACCACCTCATCTCCCACAGGAACTTATGCGAAGGCCTCTTACGTTCTGACATCTAATAAGGAAGGTTTAGTCGTTCTACCGTTAGTATTGGTCCCTTCTTCGGATTACGAGTATCCGTCAATGATTGTAATCCTTAGTAATCGGCATCTTTGC,1020,48.43,Drosophila melanogaster
SEQ_563079,TGGGTGTCTCCGAACCAAGCAAGAAGTGCGGGGCACGCCCCAGTACACGGGTGGAGTTATAGAACTGTCAGCGGGCATATATTGAGAGCCACGGGGCAGCCTTGACGGCGATAAGCTTTCGATTGTGAGTCAAAATGAGTCAACGGACCAAATACCTATCTCCTACTGGTCTCCCGACCATGACGTCGATCCTCATAGCATGTCACAAAGGGCAACTGTGTGTCAGTGCTCAGGTTTTGGCTGCGCGCGATCGTCTGCTTTCAAAGGCGGGGGATACCAACATTAGATAGTCATGATTGTGTTCATACGATTAGAATAAACCATAAGACCTATGAAGTAGTCCTTGCGGTCAAACGACAGCGCCTGAGCGACTGCCGAGTTCGGGCTGATCCCGTTGTTAGCAGGGAGCAGGCCTGGACCCCCACCCGGTTTGGCGGTACGGGTCCCACTGAAAAACACAGAGCGCGTTGTAGGTCCCAATAAAAGTGGACGTGGTTCCTCCCACTCGTGACCAGGTTGACATCTATAGACGATGCTCTATCAAGTACGAGCAGCGTGAAAGGAAGTCATTCGGACCTCGTACTCTCCAACCGTGCTCTAGATGACTTGCGGACCCTGGGAAACTGGTTATATCCGTTTCAAGTCAGAGGCATGGAAGTTACGTGACTCAAGAAAAGGTCACATCCAGTTAGGAACTGTACTAGAGTAAGGCACAACTCCGATCGGAAGACTCCTCGGAACCTCCCAATCCCCACTAATCACGAGTCTGACAAAAATATAATATGACATAGCCCGTCTAACCCAGAGTTCGAACCTACCGTTGCCGAGACCTTTGTAGCCCTCAATTCGTGGGACCCGACCAGACCTCTGGGCGTTGCACTACGTGTTAGTAGCTGCTCGTGTGACACTCGCTTCAAACAGAATGTTAAACGTGTTACTCTATAAGGGGTTCCAATTCCTCTGTAGCCCTTTGGTTGACCCATTTTAGTCCTGACCCCCTTAACTATCAAAGGATACGTCGTCTACACCAGCGGGCCTGCGAAGGAGACTCTGAGAAGGTATAGCTATGGGTTTTCCTGTGAGGGAGCTGCAGCTAAAGAAAATTCGGCACACTAGTGAACACTGACATGGCCTGCGCAAAGTAACGTCCAGTACCCCAACGGTCAACGGTCTGACGAGGTTACGAAGATAATGATTAGTGCCTCCCTATAGTACCCAACAATAGTCGAAACTTGTGTGGCGTGGTACGGCACAAAGGTTTATGTTGATCTCTCACTAAGCATTCACGGGTACAGGCCTTGCTTGGGTTAAATGGGACCTTCCAGTCTAATGGCCAGTTCCGTAGAGACTCACTCACTTCGCTGCGAGCAAGTCAAATACATTTGACATTTCGTTACACTCGGGTCTAGCGTCTGTTGCGAGGCGCTAAGTCTGTGTGCCGTCGCGTTCCGATCCGGCTTGTCGGTTATCACCATTCGATTGACCAGGCACGCGCTTTACGAGCCCATA,1509,50.89,Caenorhabditis elegans
SEQ_710459,TCTGTTCATATGTTCCAGGGGTCGCCTAATTTAGGAGCAGAGCTTAGAGGAGCCATTATGTACAGTCGGCCCTGTGCCAGCGCACCTTAATCGAGTTCCTAAGTCAACCCTAGAATTGAACAGGCCGTGATCCATATCAATCTAAGGCTGACACAAGATTACTAAGCCAGATCCGCGCGATGTCTGTCTACTGACGCGCGTGCTCAGTCCATGTTTGGGTTTTCTGACGTGCCCCCTAAGAGAGACGTAATAGATTGGTCGGTAAATGGTTAGAGAAGTAGCTTCCTCTTGCATAGAACGGCGAACGTTATGGTG,315,48.89,Caenorhabditis elegans
SEQ_493847,TTTTTTCTGCTTCTAAGCTCGGCAACTCTATGAAGACTGAGCCCGTCTAACCGTCATTTAGCGCGGAGACTCGTGCTAGCGCCGAAGCTATCACCAGCGTACTCGCGTCGCATTCGAGTTTGCCCTTTAATAACAAGACAGTCCGGTACGATAGAGCTCTGGTCATAAAAGCGAGGGGATCGACCTCAGAAGCGGGCTTATAGCCACAAAAGCGCACACTGATCACGACGACCACTGGAATGCTTGAATTTACTAAATGGGTAGACTGTTTTCTGATGCATCATCAACTGCAAGCGTTAACAACGACGGAGCGCTATTCTAGGAAGCCTTCCGGACCGAGGCTGCTGCAGCTAGGAAAGCTGAGGGTGTCGCAGGTGGTGTTATATGGCTTCTTGCTCAACGTGGGGCCTCACACCCGAGCTATCGGCACCGTAGTATTTGCTATTTCATCATGTCATATACATAGTTGACCACAAGTATTTACGTCTTATAAGTCTCAAGGTTAGGGTGAACAGTAGTAGTGTCCAGGGTCCGGTCTACTTCGGGTTTGTAAGCCTTGTCATAGTGCTGCACTAAACGTCTTTTAGGTCTGTGGAACCCCTCCGGGTCCTACACGTTGATAGTTCTCAGTCCTAGTCTAATCGCGCGCAGATCTATACACTGAGATACTTATTGACTGTTCTAGAACGTCTCACCCGCATCCCGGCTGACGTAGGAAACAGAGCCCACTCGTTCAAAGACTATGTCCGATTTCCAAAAGAACACGGTGTGTAAATGAGACGCCATGGTGAACCCGGTCGCCCAGTAATGTTTAATTCGTGTCTAAATTTGAGGTACGTCGAGACATGTGTACACGATCGTACCTACACCCCGTAAGAATAGCCAGGATTGCTGCGCAACGCTCGGCCGGCAGGTACCGATCCCGTAGACAATGGCCGATTGAATGGTGTACCCTGAGATCCGCCTTAGGCCGAAGCGCAACCTAAGCACCCGAATCGCCGGTTCGGGGATCTGGGGCCTCCACGGGCAGATTGACAGCTCATAGTTGCAATTAATGGGTTCTGCTCTTATATGCTTTCGCGGACTCACTCAATAGCTCAGCGTGGCAACAAGATAACACGCATGGGCACGGGACCAACGAAAATCATACTAATTCTATTTGGCCAATTAAGTGGGTAGTAAATGACTCCGAGTAACAATGGCTTAGACAGGCCCCAGAAATAGAAACTAACTTCATCCTGAGAAGTGTTCCATAGCACCGTTGTGGACCGAAAGCGCCTGGCCCTAGAATGATACGTTGGCGATTCGGAGTGTTAGCGGATTTAGTTGCCATGGCCTAGCTCCCCTAAGACATATACCCAGCTGCGTCGCTAGCCCGATCCCAGGCAATGGTCCGGATGTCTCAACACTTTAAAAGTATGATACGTTATTACACACAGCAGGGCCGAGAGGCGGGACTACTGGCAGCAATAACCGACGACTTGCCACGGACTGAGTGTATATTCATGGGGAAGCACCTAGGGGGCCGCATTATGAGTGTATCTGTAAATACCACTGTCAAAACCGATAATCGCTCTCGTAATCCCTTCGTCTAGTGCACCCGAAGTCATGGAGGCGGGGGACGTGTGTGCAGCGGGTCAGCTAACATTATAACGCTCGGCAAGTAAGCGGGCGGAACTTACTATATATCATTTCAAATGTTTCACAATGCATCAACGATAGCTGGCATGAAACAGCTCTGTACTCTAAAAGAGTCTATTGGCCCGATGGCGGATTTCGACCTTCGAGCGTATTTTATACATCAATTAGAATGCTTGACGTTGGGTCTTTTATGCTGGCGTCGTACGCTACGTTCGTGTTCTGCCAACGATACG,1874,49.57,Saccharomyces cerevisiae
SEQ_381311,ATCAGAGTTGCAGGTCGATCGTTTCCGCCTGTAACACGCTATCCCCAATAACATGCGCGCCCGTAAACGTGCGTGATCTAGTGTGTAAGGGCTGACTTATTCGAGTACACGTCGATCATATCCGATCTCCATGGCGTTACGGCAAAAACTTTCATCCCCGGGCTAATAGTCACAGTCAAGTCTTGATGATCCAGAATTCGGAGCACACGGGTTTAAACTTTGTGGTACCACCCACAAAGGACCCGTGCGTATGCACAGAAGAGGGTAAGGGAGGCTCGCGCTGCAAAGAGTCGCCTAGATCGATATCTGAGGACCCCAATGTCTCACGTGCGTGGCTATACGCAAGAGATGAGTAGTGGTGTGACCAAACGAGAAGTCTACCGACTAACGCGGTAGTGCCCTGAGCGCATAATACAACGGTGGAACCTCCACGTTCGGTCTTGCTCAATGCAACGACATGGGGTGATCTAGCTGGCCACGCACGGGAAGCGGGCGTCAGAC,501,52.89,Escherichia coli
SEQ_229095,AGTAATTCCTTGTTCAATTATTGTATCCTAGTATCTGTAAAGCAGTAGACAAGACCTTTACAATATCCCCAACCCATGCATACGGCACCCCAAGGAAGCGAAACGTTGGATAAATGCACGAGAGGAGAAGTAAGTGTGTGGGATGGAGCTCCGAAGTGGCTCCAGCGGAGCGGGCTCAGGGGGAAATACAATTTAACCCCGTGTTTGACCGCTCTAGCTTGTGCAACGCTGATCAGCTCCTGAGGGAAGGGGCCTTAGAATAGATATTCTGCAAGCGGGCCTTCCCTCATCCCGGACGGGACTAAGACACAGGAATGTGAGAGAAGTTACGATTAGCTAGATGCGGCCACCTCTGGGTCTTTACGATTAAATGCATGGCGTTGGAACGAGAGACCCCTCGGGACGAGGAGTGCTAGACTTTATTTACCTTTATAACGCGCTGAAATGTTTACTACACTTGGTGGCGCCACTAATTTCTCTAATGTTTCGCCGCCGGGGCATGGAGGACGCCCAGTCCAAGGGATCACAGACCGACCAAGCATGACTAGCCGGCCCATATAGGTGCATCGGTGATCCTTACGCTTTAATGCCCGCAGAAGCCGCTCCACTAAGTGAAGTATAGCCACAAGCGCTTTCGGGTGTTGTTCGTGTTGGCATCACGTTACCATACAATCGTAAACACTTATACCGCCCTTTCCAGTCGCGGTTAGTTACCTTACGTTAACGCTGCACTGTTACGTTTGCCCTATCCTATTAAAATGGTGTAGGACTTACGAGTTCTACACGCCGGATGTCCGACTAATACTGCGCAGCATTAGCAACCCGTATAATTCCAGCGATCAGGTACCGCAAGCCTTTCACCTCAGCGGATGACAGGGGCGGCCCGATTGTTTGTGCTGGGCTATGCTGCAGAATGATCATAGTCGCCAACGGTGAAATGAATATCGATTAACTAAACCCCAAGTTATTGTGTATACGGAATGGAGAGTCTACGTTCCTCCTCTAAGGAAGCTTTATGGTAAGCAATAACGGATCCTGCGGTCGCCGTTTCTAGGTCTCCGCCTTTGTCCAATCTCATTTATACACAGTGCTGGTGATCGACACTCCAGACGACCAGGTACTTATCCCAGATTAAACTACTTCCCGGCGAGTAGACCACGTAGCAAAGTTCTTCTGCAAATTGGCATGGGAAGTTAATACGGACTAAGTGCTAATGTTACGGAGAAAGCTTTTTCGTGTGTTACAAACGACAATAAGTCGGGTATGCACTTTAAAGCATTTCCCCGCCTTTTGGTCTGAAAATCTCCGAAAGTGCTGTTTCGCCACCATCGTCGAGTCTCATCCGCCGGGATAGTTGTTTGTAGTCATATCCAAACTGTTATCGGGATACAAACTCATCTAGAAATAGTTTCTGATACATCACCTG,1426,48.25,Mus musculus
SEQ_561877,AGCCAAAACGCGGCCACCGATTGTTAGCAGGTCTATTCTAAGATCTAAGGCGTTTGAGCCATATGAAAGAGTGACGATCGCGCGGTCGTCCGGGTTTCTGCCCGCTAGTCTATTGCAGTGTTGTTGATCACCATTTTCTTGAGCGAGCAAGCTAGGGAACACTCTCGTAGTAGATGGTAAGTGCCCTAGCGTCCCTTGCACAAGGGGAAGCGCGCGACAACGACTGTGCTCTATAGGCAGTACGGTGTTACATAAGATTCCCTTGGGGGCCGGTCACGGTGTCAAGCTGGCGCTTACGCGGTAGGGAATGGGGTCTTCCAAGTTCAGTTCCTAATCGGGTAATTCGTCTCCAACATACTTAGTCTATTGCCTGCCCGGGGATCACCCCAAGCCATTATTTTTGTTTTGTATGAAGGTCGTACACGAGCAAATGCTGCGTAAGCGACCCATAAGCATCTTCGAATTAACCAATGGGCACAATGATTCCTTTAAACTTGCCCCTGGTCTGGCAAAGGAAATCGCAAATAGCTAAAACAGAGTCGCCAATTACTTATTTAAAAACTGCGTTCGATAGGTCGGTACTACTACAGTGTTTAAGCCGCCCAAGAGGCAGTCTGATCAACCCGCTCGTCCGACTAGGAGTCAACTATCGTATAATCCAAAACTTAGTACTACTCGGCCCGTTCTTCTGTATTCCATACGCTCACGAGGTACGTTAAATCCCGTGGTAGGAACTCCGCAGAAATCGCGGGATTATTAAGGAATGTTACCGACTAAGTGTATAATGATATACGCACTTGAAGGTTCTCTTACAGTCCTAATTGAACTGTAAGGTCCGGTCATCGTACACTTAGTGGGCCCTCAGTAAGAGTCCGGCCAGGGCTGTAGAGTGGGACGTTTTACGATGGTCCATGGACTATAGAAAACTTAGATGACTAGGAGAGCACTAGTTTGTCTCCGATTCACTTCACTGAGCAAATTCTGAAGCTCGGGTTGAAGCTCGGGCAACGTCAATGGGATGTAGCCTAATCGCAGGTTTTGGAGGCCGTTCCAGAAATATGCCCTAGCTGCTTCCGACTTTAACGCCACGATACGAGTGGCAGGCCCTGATACGTATAGTGTCCATCGAATCCAAAGTTGAGCTTACGAGTGTATCCATTGCTCCAAGTTAGGTCTGAAAAAAGAAAGCCATGGTATCTCCAGTCTGTGGGTATGATGTCGTATGATTGGACCGAGTACAAATTCGCTCAGGACGCGATCCGATACGAATCGTCCACGTGTCTGCACTAATCTCACTATTAGCAGAATGGGGTTTATGTTATTATCATATGGAAGGTAGGCTGGCATCGGAAAATGAAAGTGCGCGACGGAGCAGAAATCCCGACCTACTAACAACGTTATAATCACTGACATACTAGGGAGAAAGTTGTTGCGAAAAGGCTGGGAGGGATAGATCCTGTTATTGCGTCCACATCAATCGAAACTTTCCCTATGGTAGGGTTGAATGAGAATAACGGGGGCTGGTCCACCGTCTGTTGCTTTTAGCAGCCCTTCAGATTTACTCTGTTCATGTAAAAGACA,1581,47.56,Caenorhabditis elegans
SEQ_241198,TAATCCCGTCTTGCGCACGTTAGCGGTCAAATTGGTAACGCAAGCCCGACACTGAGTGCTTCCCACGACGTAATATGACAGCACTGTGTTTGCCGTCGTATCCTTCCAGAGAACGAGCAGCTCCCGGAGTACTACGGTTGAGGGCGTGTAAGCATAGAGCTCTCTTATCGTTTACGCAAAGATGTTGACCGGCTAAATAGTCCAACTGACAAACTCCCACGACGGGGGCTCATTCTTTTTCCCAGTTTAAAATATCCATTCGATGATCGTTGTCCTGATCCCCGCGCTTCACGTATAGTTTCATCCCCAGAAATACCAATGCGATGCCCGATGTCGGGATGCGGGCGCCCATGGTTGCCCGAGCGCTGCTTTCCTGTCATACGTCGCGCCGAAATGAATTCACATCCACGAAATTTTACTCACGTCCCGTCTTTGGGAAGATATAGGTGTAGAGGGAGGATGCGGAGTTTGGAGATCCGTAACGAGTATGTTAACCTTCGAAGCCGTGACCATTGGCTCTTATGGACCATTCCTATTCCGGACCACACATGAACAAATATGCCAACGCACTGGTACTTCAGTCCTTACATCTATATCCGCGCTATTACCTTAGTGGTATTCATTGGCAGCTTTTATGAGGACTAGACAGGTGGAGGTGCCTCACTAACGTTGCGTGACGGTCTTACCCACGATATAGCCTTTTGTCTTATTTCCCTAAAATAACCGCATTCAACGCGCTTTCCTGGTCGACGCAGGCCAGCCAGCAGTCCAGCAGCACCGGCCTTCCATCCTGCTAATGG,800,50.38,Arabidopsis thaliana
SEQ_398373,ATGTACATGGGGTTGCCTGCAACGTTCACCGCGTATCGCTTTGGTAGTGAGCGACGAACCGTTCTAAACCTCGCTTTTCAAGGTCACACACTCGCATGATCCAGTTATTTGATCTTCGTTATTAACCTCCGGATACTACTAGGTGCGCACAACTCTCAACAACAACGTCTGGTTGTTATATCCGCTGGGCTGATAGTTGCTGCCTGCGCCTGTTGTGGTATTATAGGTCATGACGGACTGCTGATGTACAGGAGAACGCTAGCGCGTGGTCTTTCGTCAAGCGTTTAGACGGCCCTTCCAGGCTGCTATGTGCTTAGCCGGTCGTATCAACCACTATGGCAGTGCCTCTATAGCTTTTTTAAGGTTCGGGTGTCACTGGCGCTTGGAGAAGATAAAGATACGGGAATCCACTATTTTAGAAGGCTATTAGTCGTGGAAACGCGCCTAGGCCTCGCCGTGGAGAATAGTCTGAGTGCCTCAAAGATTTGAATTGGACGAACGCCTCGTTCCGCCGCACACTCCCAGACTAGCAGGCACAGTTCCCGCGAAAGCCGCCCGGTGTTGCGTACCCCCGCAAGTACGCTGCATAAGCTAACCCCAGCCAGCCTGATAGAGCGCCACGCTGCGTGCGTATACCATGCCATGCAGTAATCGGGATTTGCTCGCGCCTCAGTCACCTAGGCTTGGATAACCAAATCCTAGGGGAGAGTCACGTCGCCATGCTGTGACCTTTGGCAGTTGTGAAAGGACTGCGGGAAGGATCAATTCCCTTAAGTGGACTATAGATGCCAAACATGGACGACGCGTTGAAATCTTAGTACACGCTATAGGGGTACAGAGGTGCTGGGGCAATATCTGTGAAGAAGCATCGCAGCCGGACCTCCGCCGGACGCGTCTAAACGGTAGGATGCTGTATCGCCTCGCTAACATTTGCACATACTCGGAAATACCGTGCGGTCTGTAGACTCAGGACAATGGTATTTGAATTCTGCTCACTCTAAAGGTATTCGCGGCCGAGAATTATGAGTCGAACTAATTGCCAGTTACGTTTATTCGATTGTATTACAGCGTGGCATTGGGCGGATATTGGTGACGAGGGATCCGTGATTCCGCTTAGCTAAAGACAACTAGAGAAAGGGTCAACACCAGAGGAGCTGCCCTCGCTACTGCGTAAACCGTGCAGACATCGCTATAACAAGCGAGATATATTGCTTGTACCGCGGGATGAGTATGGCGTAACTCGCCACCTTCCAGGCTGTGCGCCAGATGTCAAGATTACAAACCGTAACCTGGCGAAAGATGTGGGGGAGGATTCCACGTGCACTTATATATGTATTTTAAAAATTAAAGTTCCTGTCCTCCCGCCGTCGACGAACAGGGCACTCCGCTGTCCCAACTTCAGTCCCAAAATATGGTGAATGCTAAAGGCTTTTCGGAGTCCCTCCTCGACGAGTCGATGGGACTCAGGCCCTCCCCAGATAGTGTCTTCACTCAGCGGGTGTAAGGGTGAGACTTAACAGTGAGCCCAACCCCATACGACTAGCTCGTCTCCATGGCACGAAAGAGTAATGATACTGTCTCAACGGCAGACACCTGACAACACTCCCTACCCGTACTGATTTCTGGTTATTCAAATCTACATGTAGCATAGACTCATCAACTAGGGCTGCTGTTTAAGCCGTCTTATGGCAAGAGGAGACTCGCCCATCTAGTTTCGGACTGCTCCTTAGGTCGCGTAGTGCGTTATTGTAGATACGTATTCTTTCCCAGTATAGTCCATATCCGGCCTAGCCGAAGAAGATCCGTTCCATATGTCATGAGAGGAAAAGCGGGGGTACAAATACGCTTGGTTGAACGCCTATCCGATGGTACAGGGGATAAAGACCTCAAAAGACTGCCTTTTGCCGGTAGTCGAGCATCAAGCTCAACAGATCATATACCTAGGGGTCAGCTCTAGGA,1959,50.64,Escherichia coli
SEQ_873585,TCATCGCGGCTAGCCCATCTGTTGTTATTGCTCAATTTTAACTAGATCATTCATAAGTTTAAATAATTAGTAAAAGCGTTGGGTCTGGAACACAGATACCACGGGGACATGCATTTGTATGCGTGAGAGCTGCTTAGCGTCCGCCGGGAACCCAAGCGTCGCGTTTAGTTAAGAGCATGCGAGGGAATACGACAATGCACATGTAGGACCAGTGACCCTTCGTGCGACATGTAGGTGGTCATTGGTGCGTTCCCCCGGAATGTTCACTCCCCATCATTCAGCTGACTCTCTGGCAAGGGGAGTGATCCCGGTCTGCGAGCTGAACCATATATTCCTATGGCCTCAAGGTGACCTTAGGGATGGCGTGGGTCAAGCCTTCAGAGAGAGCCCAATGGATTCCGTCACCAATGGGGCGTCGTTGCCTTCGCTTGCGAAATGTTTATTTACATCTACTGGATCCATAGACAGGTAGTAGCGCAGGAATGGTTACCCAAGTCTAGGG,502,50.2,Saccharomyces cerevisiae
SEQ_778973,GTAATACAGGAACTAGAAAGTCTTCCCGTAACCGAGCCAGTTAGTACGGGGCGCCCGGCCTTATTTCCACCAGCCCTTTCTGCTAAGACGATCCGAGGCCTAGCTAGGTACTGGGTATCGCTAATCGTCGCAATAAACCATCTAGGGCGAATCTCCGATAGTGCATGACCCCAACTACGCACTTTTGCCTGGAAACATCGAATCGCTCTGTCTGCTTAGTTCGTAACGGTGAGC,234,51.71,Homo sapiens
SEQ_520071,TGCTAGAGAGAATGCGAATCGTGTCTTTCTTCCTTACCTTGAAGGTGACTCAAGAAGAGGAGATTATGGCGGGATCGTTGCATGACACCCCCTCCTCACAGCTAATCGGAAGAAGAACAGGTTCACGCAACAGGGGAGACCGCGGTATAATTGGTCTGCTTTTGCGGGCCATACTGTACCTGACAATCGTCGTGTCTTTACTGATCCGCCCGATCTCGCAGAAGGTAACCATCTCCCCCCCAATACGGGATATATCTGGAGAATTCCTCCAAACGCCCAGGTCTACAATAAAACTTAATCGTTGGTATGGTACCCTGATAATTCAAGCTGCAATGAACTAAACGTCAGGGTTTGTACTTGTACTGTGTCAGCTGGCGAACTCACGATGTCTGCGCGGTTTATCAGTATTGTCAAGATATAACAGTCTCTGCCGAGCCTGTTCGGCCTCCCGCAATTTTTTCGCGGGACGATGCCCTGCCTCCAATGCGCCAAGAATATGCCGTTCAGCGGTAACAAAGAGCTGTGGCTACACTGCCAACTGTCTTATATGCGACGAGGCTCCAACCGACATCGCGACATATTATAACTACAAGCTATCTGTGGTGGTCAACCGTCGCCGCGATCGATGAAACTACTCGATTGCCCGCGGCCTTCATTTGTACTGTGGAGAAACTGTGCGTGTGTCTACTAAGGATTTACCCGTGCTGGTAAGACAGACTGTAAGGCACCTTAACCGTGATAAGGGCTGTGAATAAATGGGTGATTGATCACGTTCACACCACTAGCAGCGTTGTGTCCAGTCCCTACCTGTACGAACGTGGGCATGATCACGGATGCATCGGTAGACTATTACAACGAGACTTTATCCAAAAATGCGTCGGATGCGACACTGTATACTTACAGTGCCCTACTCTTAGCTGGCTTCTTGACCATACCGGGATTCTTCGGTGGACAAGAACTAAAGCCGGTGTAGCCTTACAATCCTAATCGTGGGTTCCTGACTTAAATGCTGTGGTCGGCGCCCTTACCTTGCAGACTGATTCACACTGTGGGCTCTTAACTTGTGGCGGTACCCCCTAGAAGGACCCTGACTTCGGATAAGCGCTATGGAGCCTTGAAATGGTTGAACTAAAGCTAAAAGAAACAGACGGGAAAGTTGTACAGGCTTATAGCGTTCTATCGACAGAGTACC,1192,49.16,Escherichia coli
SEQ_495403,TTTAAATCGAAGTTTTTGTTTAGTCCCAACGACGCGTAGAGGGATATGACACCCGCTACGTGAGTTTCTCGAGTAGTGAAATAAGATGAAGATAACTACGATTGCAGGAGGGATATAATGGATGGATAATTTATTTAAGAGGTCTTATCGGTTCAAATGATTAAATCATGAGTTAATAGGACAGTCCCTCTACATAGAGACGCCTTGATCATATTTGCTCCGGAGACATAGATGCAATGACCCTGGGTGCGACAAGCGGGCGGGCGGGCCACCTCTACTGGCGACATACAGGAGCTGATCTCTTCCTTCCGGAGGGTTCCCCAGTAAACCGACGCGAAGACGGGCATTAGATCCGCAAACCGTCAAATAGTTTATTTTTCCGGCACGCGGCTTTCTACTACTATGGAAACGCGAAGCGCGTAGTTAAACGGCGCGGAGCGCCCTACTCTGAATGGTCCTCAGATGACAGCTCATCAAGGGATTTTGCACTATACTACCCCTCATATTGAGCATCGGCCCATGCCTGTATTGTTGGCGGTCACACTCTGCAATCCACCTCATTCTTCTTAAAAGAGCAGCTTAGTGGTAAATAAAACATCGGGACTATGTCATCTGAGTTTAAGGAAATGTGGGCGCCTGCACGGGAGCCTGCGGCCGCGGCCTTACTGAGAAGTCCTAACCAACCTAGAGACTAGACGCGGGAGCCACCTTTGTACTCATATGTAACTCATGCCGCGCTTGTAGCTGGTCGCAAATATACTTACCCGAGCGCTACATCGTGGGTCGGTGAGCCTCTTATACTTTGTCTCCATCTTGAGGATTCCGCCGACCAGCTGTGACTTACTCGTTAATGTGCAACGATGTGCTAGGTACCCTACAAGTGGAATATACATCTCTGGTAGTCATGACGGTATAGCTCAAGCATCACACTCAAATCCAGATCCCTGGGTCCAGACCGTTACTAGGAAGTTGCGTATGAGGACGTAACAATTTACAGCGAAGTGTGCACGCAGTATCAGTAAGGGTGGATCTCCTGGCGGGTTCCCCCACCGTACGAAATCCGCTTAAGCCCCGCAGAAGCTAACACCTACAGGCAATGCTGAAAGGCGCTGGAGTTCTACGCTGTCAACTTCAGTACTTACCCGACGGAGCTAGCCTGAATCCGTTGACAGCCGGCACAAACTATATGACTGGCCGACTCACGGCTATGGACGGACGTAGAGGTCTAAAGGATATAAAGAGAGGGTGCCCCTGTACTTTTGCCCTAAGACTCCATTTTCCTCTGTTCTACGAGATGCCTGCTGAATTGGACTACCTAACTATGTTCATGGCTTGAAT,1338,49.18,Mus musculus
SEQ_975264,TACCGGGCATGCGATAACAGCGTACGGGTTTTCTGAGCCAGTTGCCGATTTGTCCTTAGTGAGGTTTGTAACGGTAGTAGTCTCCATAAGGTTAACGGTGAAAGATTTACTACTTACCTTTTAGATTGCTCAGTACTCCCTATACGTCGGAGAACTGGCGTCAACTCCACATGCCTCTGTTTCTTTGGAAGATAGTGAGTACAGCTGTTATGCGAATAAGACGGCCTCCGGGGCAGTCTTGCACGTTAAGAATATCCTAGGACATCGTAGAACGGGACCTCTCTGGTCCTCTTGTAGCGCTCCTTCAAAACACGACTAACTACAACGGGATTCGTCGGTCGGACTCTCCCGTAGGGTCAACCCCGAAGCCTACACAAACAAAGCGTCTTCCTGTGCTCTACCAGTAAGCGATCTTTGTGACCCTAAGAACCTCTAGCCTATCGCCATTGATACCCGATCTCGTTGCGGGGGTACTCAGACCCAATGAGGGAAGGCTGTCGTATGGAAACCAAGAGGACGTTTCAAGGTTACCTGCCTAGCAAGTGGGCTACTGGCTCGATGTAAACGCATCGTTTATCGCGGGGTTGCTTATAGACACCATAGCCGTCTACGGGCTCGCACCAAATTCGAGCATACAAGAGCGAGTTAACCGCCTCCCTCTCGAGCTAATCACTGGGTGTTGGCGGCATGTGCAACTTCGCAGCCTTCCTGAGAATAGACTAAAAACTCACTCCGATATATCTCCTGACTGCGCATTCCCTACAACCAGACCACCGAGGTAAGGGGAGCAGTATCCCGACGTCGATGGTCCATGCAATCCGCCAGGTTGACGCGAACTATGCTGACGGAGTGAATTAAAAATTGATGCTATATCAGGGATGGAAACGCGAAGGGTGTACGAGGACCTCTATACTTTGCCAAAATTTAACGGAATATGCCTAAATTGTGCAACGACAAAGGCCACATCCTGCGGAGGAGCAAGGTCTAATTTCAGATCCGCACGAAAGTGCGTTTGGATGCAGCTGTAACCGTCAAAGATATACATCAGGTAACGACGACATTCATTGTCAAGTGCAATTGAGACTGGTAATAATTTAGCATGTGTGGAACCGTCGAAGCTATGTAGTCCCGATCAGACGAGAAGAATCCCAAGCTCAGTTAAGGACTCGGACCGAGGCAATGGCTGCATTGTGAGCCGGCACTAGGACGTACGTTCCTTGAGGGAACTTTAATTGGGCGCGGAGTCCGTAGAGGAAAGACGAATTCGATTGAATAAGGTCCTAGATAAGAGATTAGACCCGAGGCCATGCCGAGTGATAATGGTTTTCGCTGTGACAGCCCTTATGTCGGGGTGCACTGTTAGGTATGCACACGTGGTCATATAACCTGGATCTCCCGGCGACTAAAGTTTCGACCCATCATGAGGTCATACCCTTGAATCTCACATCTGCCGACGGGACCGGTGGTCCTAGTAACTGCCAGGCAGCCGGCCTCCTCTGGTACATCGCGTCCATACATAATTTACCGAACGCCGCCTACCAAAGGACTCCTCGTCACCCTGTCCGGAGTGGAGGCAGGCAAGTTTAGCCCCGTCCTCAGATTAAAGTTGCTCGAGTATCGAGGTTCACCCATTGCAGCTTCATGCCCGGGTAGCAGGTAAATCTATTGGGACAAGAGAACTCG,1683,50.39,Mus musculus
SEQ_834014,GCCAACTAACGGACGACTTGTGGACCTGCTCCAAATCCATATTAGTTACACCAGTCTCTTACTCTAGCACGCTCTAGGTTGTCCAGGGTGGACGTAAGAATTGCCCAGGTTGCTTTCGGTACCATAGTGCTCTCCGTGTCTCCTGTGCCAGTTATTTCTCAGGATTACGCGTACTGTGATGGCGGTCCGGAGTTGCCGGGACAGCGCCCCCCATAGGTGTATTCAAGGTCGCTAGGAGTAGTTAAAATCATGTGCACGCTGCTCCTATCGGGGGGTGGCCGCACGCACGAGAAGTAGCGGTTTACGTGGTTCAACACACACGACTCCTAGCCTATCCAAAAGCCCGTCCTTAGGGCATCCCGAATTATTCTGGAAAGGGACTGTGATTCCGGAATATCTCAAACAAGGT,409,52.32,Saccharomyces cerevisiae
SEQ_209823,GTTACGGGGCAATATCAGTGGTCATACTATTCCACTGTCTCTCGTGTTCTTATAATATCCTCTAATAGATAAGACCCTTTAATATCATGAAGATTATGGGTGAGGCTGGGAGTTCATCCAAGTCAACTCCGTGACTCCCTAGGGGTCACAACCC,154,44.16,Saccharomyces cerevisiae
SEQ_453739,TCCGTTATTTTGGCAGAGAGGAGCTCGTCATTATTCCTAATTTATCGCATCATGAGTTTCCAGGAGGCGTTAGACCTCAAAGCAGAACGTTCAATGACAAAGGCATAAATGGATCGATTACCACCTCTAATGTTTTATGGGCAGGCCAACATGTCTGTGCACCCATGTTCAATATATTGCAATCAGGCGTGTTCCATCGTCACTAGTCCTCCCTTGAGCCCGCCGTTAAGTGGAGTGCCGGTTTAGTATTGAATGAGCAAGATAGACAAATGTAGCAAATTGAGCGATGAACCGTCCAGACCATGCGGGCCTGACGGACAGTCGTCTTCGCCTTTAGCAGGGGTGAAGCGGAGATGCGTAACGGATTAATGTGATCAATCGTCGTGTCATCCATAGTAAGGAAACTCAACAGAAAACCAACAGTTAGGGTGCGGTTGCACTACACTGCTAACATACGAGTGCTGTGCATACTCGTCTATATACTCGGTCTCCGAAGGTTTCCTACTGACTACATGCTCGTTTACCTTAGGGCCCACCGATGAAATGAACGAGGATCGGCAGGCGATCTCTCCAATCGTGGAAAGTGCATAACGTCGATGGGCCTAGTGGCCTGCACCTGTACGTTCTTGCAGTTAACGTAAGGCGTCGGCACTGACAAGTACCTACAAGAGATCGACGGCGCCACGCGAGACTCAGCTGTTTTTAATCCATAAGCCGCCGTTCGGGGAAGCGCCACGAGCAAGACAGGAAATACTATCCGTGTTACCTACTTTGCTTCGCCCAGAGGGGCTAAATGTTTGCAACCGCGCGCGAAAGTATCAACCAACATGTACTCCCGTGACTAGGTAACTGTTACATAAAATGTTGGGTTTTTGTTATATGCGTGCGGAAGATAATTCATTCCCGATTTGCCCCCGGCTTGTCCTCGTGGATCCAGAGGAGCGTTACCACGAGCGCTGCACCCTCACCACAGCGCGAATGGCACGGCGTTCAAAGGAGTTTCATTTCATGGGCGCGCCAGGCGTTTGTAGATTGGGATTGCAATACGAACTATGCACCTGGCCTGAAAGTGCGGCCGGAGACTACGGAACGTACGGTATTGAGCGTCCCCAACACTAGAAGACTTTATGTGGCGCCGGCTAGCCATTTGCTTATTCTGACACGAATTGTAGCATCGTTGACTACCGAGTTGCCTGAGTACATTTCGAAACCGAGTAAGGACTGTGAGACCCGATACTATAGAGCGTCATGCGGCTCCGGTCCCTTTGACCTATCTCGCGTTAAATGCGTTAATGTACATGCACTTCGGCACATGTCATGCCAAGAACTTTGGCGCCTATAATCGTACGAAAGCTTTGTGATGGCATACGAGTAGCCGCAACGACACGCTTATGGGTGAGTCGCCTGAATGGTCCTGATAAGGTGTCAGCCCTGCCGAAACCTACCTAGACAGA,1454,50.0,Homo sapiens
SEQ_890109,CTAGCAGAATTCTAAGGGCTGGACCATTCTCGCGTGAACTCTCTGTTGGGAGGATAACGTCCACTGATATCGGTCGCCGGTCGGTGTGGATCGTCTAGTCGTTCTGGAAAATTCGTCGCTCGATCCATAAGTGCCGCGATTGGGACAACGTCGAGACCTACTAAGGTGTGACGGCCTAAAGGTAGC,186,53.23,Homo sapiens
SEQ_733219,AAAACTACTACGAATTCCTCTATAGACCATGACACATGCCCCCGGGGGAGGAGACTGTTGAACGGAGGGTGTGCGGACAGCGGCACGGAGGTGTTCCAGGTCTCCTCTCCTAACTAGCCGTGGACACTAGACGTTCTGAGTCACAGCTACTACCTGGCAGGGGAATACTTGATCATCTGGGCCTTCACCGAGAAGTCATACTAGAGCAAGAGACCATATGCAAGCGCGCTCGGGGACCAGGTGCGAAATAAGGGTACGTCTTTTCAAGCGTTTTGGCCGGTGTGTCGCAACCCGATATGAACATTGAAGATGACTGTCCATCTGATCCCCAAACCCACCCTATGCGGCTGGTGCGTCGTCTAACTAGGCCTATTCAACGTCGCATCTGCCTCAGTCCGCGAATACTAAG,409,53.55,Caenorhabditis elegans
SEQ_460786,TATTGTGGCGCCACATTCGGAATCAAATTGCGTGCATCCGGCTCCCCCCTCTTTTGAGGATCATCCCATCCCGCAAACCTATAAATTGAAGCGCTTTTATGTTCTGTCCGAAGGCACTCTGATACGCGTAGCCTTAGCCAATCCGGGTAGAA,152,50.0,Escherichia coli
SEQ_929363,AATGAGGTGATGTACCTCATCGTGCCCGTAGGATGCGATCGCATCATGCCTCTCACCAGTTCGAAAGCACCAGGGGCGCTTCATTACTCCAATGCGTCTTGGCCCGGTTTCCAGTTGTGCCTCG,124,55.65,Mus musculus
SEQ_896637,CAGATCTGGCAAACACGAGCTCCGAGGCGACTCAATCAATTAACGTAATACGCCACTGAACTCGCGAGTTCACAGCCCCAATCGTCTGGGCATGGAGGGTACAGAATTCCGAATTGGGAACTGCTAACTTTCTGAAATTTACGTCGATTCGTCTCCGCATGTACCATCAGAATAATACATCCTATACCGAGGCTTAGCTCTCCATGCGTATACACAGAGCAGTCCGCTAGGCTGGTTGGTTCCACCTATCCGCCATACGTTTCATCATCACCATTTAATGATCCCTCAAAGGTTAGTAAGCGCGCCCGGCTGGCCCTATGAGTCCGATACACCCAAACGCGGTCGTTCCTTACTGTCTCACATCCCAACGCACATGTGAACATCAGCAGCCGCTCCGAAGCGGATGTCATCGCCTAGCCTCAAGTTCTTGGAAAGCGTTCACTTACCGTGCGTCGGCATGGGGCAGCTTGGGACGTGTGAAACACGGCGTAATAAGCCAAAACATGACTCTAGTTGGTTTCATATCCGGAAATCCCAACGTATCGGCCGCGATGTGTGCGACTGAGAATAGTATAACTCAATTCACCTGCGGGAGATAGGAGAGACGGCATTGACAGGGTCTCTAAAAAATCCGCAGTTAGGAATCAGGCAGTGCTGCCTCTCGGATTAACCTTCGCATGTACCCGGGTTTAGTGAGTCCCGACTTGGACTCAACACACCCACATCCGAGAGATGCTTCGTCTCGCTATTCCGACGACTCGCGAATCCTCAGGCTTTAAAGTTACGGTACAAGAGCCTCCATTTAACGGAGTCAGAGCGATTTAGGAGCCTACTCACGGGAAACCTGTACAGAGAATTAACATTAATGTTACCTGGGAACACTTGTAGAAGGCACGAGAAGAACACACTCCAAGCGGCGAAAGGCCGCTTACTAAAATCTCTACGTAGTCTCCTTTTTCCGGGAAGGATAGACTCGGCTGAGGGATGCATTGCAGCCCCCTGGAGAACTTCTAGTACTCGAATGCACGAGTTCGCTATGTAAGCGTCCCTGCTCTTGTTCACCACGTGATGCGCCGAGTACATGGTTCACAAGCATACGACCGCAGGCCAGTATTATCCGCGTATGGTAGCCGGATGACATACTTGACCCCACTGTCTCGACCAAGACGGTTAACACATTTAGAGTGTTACTCCTCCCCTGTTATCAAGCGTACGTGTGCTCTTTTCGACGACACCATCTCATCCCGCTTGAGCACCCGA,1260,50.79,Saccharomyces cerevisiae
SEQ_487217,GAGGCTCTTGCTCGGGGTAAGTAACGTCAGCAGTGCAGCAGGATTGTGACAGTGAAAATCCATATGGAGTCCCGTAAAAGGAAGCTGAGCGTTGTGGCCTATAGATGAAACACGACACAATGATCCTGTCTTCTTAAGTATTAGTATGCCTATTATCCGGCGAGGTTCACACTGCTGTGACTAGCAAGGGGTGACCGAACTCAGTTTCGCGATCCACATAGCAGCTCCCGAAGAAGCATGTATAGTCCATGCTCCGTGAAAACGCCTACCAACTACTGAGAGTGTTATTATGAACGGCAACATACATGGGCTCAAGGCATCCATAACCAAGTGAGATGAACACGACTACGCTGAGCATAGCAGTCTCTATGGACTTTCACGAGGGTAGTCGATTCAAAACGTGTTCTAGACAGCAGCGACAGGGAATGATTCCGTCGGCGTGGGAACGCCTGGGGACAAGCTCAGATGTTGAAGTGAGACTGGACCATTACTCGTGGACCTGACGGGTGTAACGAGCGCGACCCTAAAATGGTCCCGTCGTACTGGCACATAGACTTATCACAGAGCCCTTGAACGACAGAAATTGTTTTGCCATTTCAACTCAGCGTACATAGGAGCTGTATCAGGCACCCAAATCTCGGGTGGACTACCCTCGGCTGGTTCGCCGATGCATGTAGCCAAAGGAAGGATCTGCAAGGGAGCAGAGCTGGGCAAGGCTTCAGTCGAGCA,729,50.62,Saccharomyces cerevisiae
SEQ_175944,CGAGCGCATACCAGTACACGTTTCAACCTGTCTAAATCAGGAGGGTGCGCTATTACCATAAAAACTGGTAGAAGCTTAGAGATAGCTCTGGGTGGCTACTCACCCCTATTAATGGTTCTCGAAGGGAGTGTCAACTGACAGTCAAGGACCCAGCAAGATGCCCTCCAAGACAACGAAGATTGCCCATCAGATCACGGGTCCCGGTATATTTTGGAATGGTCCGTCGATCTTCAGAATGCTTGACGTCCCCAGGGGACACGGTCGTTTGCCCCCCGCGGCTCGGCGCCGATTCTCAGACGATCGAGCTAGGCCGCTTCCGGATTCTTGGTTATGACCAGATATAGCAGGTGGCTCGTTAGATGTGTAAGCCACAATGGGTCTTAATAGATGGCGAGGTGCCTCGTCGCGTTAGAGCAGGGTGAATTTAGCGCTAATAGCTATGTAATGCCTTCTCCTATCTCACCGAAACTATTATTTAACCCACAGAATTGTTGCCTTTCCAGTTCGCGACGGATCGACTAACCCATAATCGAATATAATTACTCGTGGATGGTGTGATCGAGTCCCGAGACGTATATGCGCGGTCTACCCTTCGGTGGCCCTGCTACCCGGGTAGAACTTCGTATGCGGTGGGGACGGTCGATGTCAGTAACGTCAATTCACGGGGTCCGACCCAGGAGCAGAACCTTGTTAGGCTCATAGTCCATAACCGTTACGCCCCCTGAGGGAACTGAAAAGTGACTAGTTTGCGTAACTATTACAAAAGCCCGGCAGCATGGGTGGGTGCCGACCGTCACTGAAGAATGGCCGTGCCACAATTCGTGTCATGCCCCGGCACATTGGCCGATATCTGCGTCCCCAACATCCAAATTTTTGTATCATCAATCTCGCATTGCACCAGAAACATGAGACCATCCTTAGTTTGTAAGAGGGGGCAGAGTGATAGCACGGTCCCTCCAGTAGAATAACTAGAGTAGTCCTGCCACCTGTAGACGGAGAGAGACGAGGAAGGTTCGGTATCAAAATACTTAGTCAAAAGTGATAACGTTACATTATATTTTGCGAACATCGCTATGATATAAGTTATAAGCTCTATGCACAGAATGCCCCCCGACCGTCTTGCAGGGTGACCCCTAAACCGCACCGTCTCCAGTGTACAATTGCAATTAGTCGGCAGAAGTGTAAGGGAGAGATCATCTCATTTTGGCAAGGGGTAGAGAGTCACAAAGACCCGGTACGAATTATAGTTTGCCTCCGATACCGTCGATGTTCTTTTCTTTTTCAAGGCTATGAGCTGTTTCAAGTGCATGTAGATCCCGCATATTCTGTGCAGGGTCGGAAGGCTGATGTTGTCTATACGGTTGACTCATTAACTTACTATTAGGACGGCACGGCCTGGTCTCCATTTTTTCGACGCTTGCCCCATGACGAGTCATATAAGCAAGGCGGTGTGTTTCGCGGCCGAACTTGACGCCATAATCTTTTACAAGCGCGAACGGCCTACGTTACAAAAGCAAGTTGTGCGACCCCATCGTCTAGAGGGTTCGGTGACCGCGAACCAGCGTATTGGACTTGGTGCCAAGAAGCCAAACCATATCATTGAATGGACAAATCGAAAGAGGACTTACACGAACAGCGCATACTCGGAAGCCATGCCACGCCACGCGATTCAACACGGGATAGATCTATGAATCCGAGAAAGACCCTCCGCCAAGTGTTTGGTAGTATTAACTTCCATAGTTATCGTCATCGCAGATCCGAATGCATGTCGGCTACCGTGCTGGTGCGGCTCTGCCGGCCTTTTGATGCTAACAATAACGTCCTGATGCGTGTTAACAGGTCGAT,1845,49.81,Drosophila melanogaster
SEQ_212445,ATTGTACTCTGTCCTGGGATCACCGGTAACTCAATATATGCGTTGTCATTTTCAGACCTGACCAGTATATCAAGTATGCACTAGACCGCGACCGCCACAATTGCAGATACCATGGGATGGGCTTGAGCTTTCCCATCATCGGCCCGTTCCCGCGGAAGAAGTCTCTATCAAGGTTCATGATGTTAACTGAACGGATCCGGTATACATTGATTT,213,46.95,Arabidopsis thaliana
SEQ_597208,AACGGAGTAGGGTGCTGGGCCTATAACCGAGAGGTGTTATAAACATACCCTGACGACACCCAGCCACAGTCGCTGCTGGATTGACGGGATCCTAGGATGAACCGGATACCTATTTACTATGACTTGTGCCGACAATGTCAACGGAGGAAAGGATGGGCTAGTAGATCAGCTTGGGTGGTCTTGGGGCATGTGCTAGTATACTGTCGCGATTGGCGCACGTAAGTTGGACTCGAAGCATCTTAGGAAGCGTGTCAAACCTGGATCAAAAGTGTAGCAGTTTGGGGCTGCTAGCTGCGATGTTCTCTGAGTCCCATGAGACACGGTATGGATTCCGTACCGAGTGCTCACCAAAACGCTGAATCCGTTTCCTCATTGGCCCGTGCTTCCATCTTTCCTTTAATCTGGTTACACAAACTGAGCAAATAATACATCGGCTTACTGATGCGCGGTAACTCTGTCATGTGATAGCTACCCATAAGAAAGTCTAATGGACAATAAGCATTATTTAGGAGATACAGGTTTTCGAAGAGGCCTCCTTGAGCGTTTCATTCAGGCTGCGTCACTCCAGCATCCCGCGGCCTTAGATGTTGTAACGATGAACGGTCTTGGTCTCGGTGTTGCCTGATTCTCCCGCCAGCGAATTCCGCATCCAATCAAATAACCTCTTAGTGTAAATTTTTGTTTTAGTTTGGCCCTGACAGTATTAGAGTCGTTATCGGCGTAACAATGCCGTGTGCAGCAGTAATGTCTTAGTATACTCCGTCGGACAAGAAGGAAGGTGCCATCATGTTACCCTTGTTAGCAGCAGTCCTATAGCTTGCCGGTTTTTGCCCAGTCCTAGAGACTCTCTGGCCGTCATCATCGATGGAAATCCTTTCTTGCAAGAAATACCCGTTCAGGGATGTTCAACAACACGGACTCCGTATGTAATCGGGATGAATAAGTAAGCCACAGACCAAAAAATTCTCAAAGTCAGACTTACGTGGGAAAGGTGTGGGTGTATTTTTGATGATTTCGGGCGCCGGCTGCTAATGCAGCAGGGGTGGGAGCGTCAAATGTGCTTAAGTGCAGTAGTGTCACCGACAATCGCCAAACTGGGTGTATAAATCTACACTTCTTCCTCCAGACTCACTATCATAAGGCTAGGGACAACGAGGGACTGTTGTGGGGGTGACGCTCTGTCAACGCCATTCTTGACCTAAAGTTGTCGAACAATGTGTCTGGAACTTGAGCTCTTGACTCCGCCGTAGAAGCAGGTATTCGAGCGGCTGTTGGTATTCAGTGTACCCAGGTCAACACGTGGATCCCCTCTCGCGCGAGAACTCCTTACAATAATCGTGTGTCAGGAGTTTACTTGGTGGGTACGTCGGTTGAGTGGCAGACACCGTCGCTGCTAAGTTGACAGAGGCTTCCCCGATGAAACAGTGATATTAAGAGCATGAGCGAACGGGGGAACGCGGTGATAGTTTTAGGGAAGTGGTCTGGTCATCGTGGCTAGCGATATCACAAAATTCCGCCCTTCCGGAAAAGTTTCCAGACCGCCCACGTTGACTCACAAGGATGGATATCACCACAGCGCTTTATCTTGTGTGGCCGTTTGCCGGAACTATAGTACGTTTCTAGCAGCTTCTAACACAGAAGGTACTTTCGTCCATTCCAGCGTTGTAGTTGTTGACAACATTACTAAGAGCACGCTTGAAGATTGCAGAGACTACTCAAGACCGACGCAGATGTACCGTGATAGGCTCCCTGAGGCGAGACGCCATCGGGGCTGCTTGATACGGGGCACACAGTGGCCGAGTCGACAACGCGCTGATCACATTAAGGGTACAGACTTTGTGTCAGTCCCTGGCCTCTTCCCCGGTGTTAAGTACAATTTCAGATATAGCGCATAAGTCGGGGGCTGGTTTCGACCTCTGCGAATAATGCCAGCTTAGAGTAGGACAGCGCCTCGTCGTGAGTTAAACAGACATAAGATTACTGAGACCCTCGCTCAGCT,1999,49.42,Arabidopsis thaliana
SEQ_999658,CTTTAGAAGGCGACCGTCTTTTAGTATGGCATAAATCGGAAGCAATGCCGCGACCGCATGGATTATACCCGGCCTGATACGTCGGCAAAGCGTAAGCTC,99,51.52,Homo sapiens
SEQ_346970,CGGCGACGCTACCTTGGTCCTAACGACCGCGGTGTAGTTTTCCGCGGTGTATTCCGCGACCTGAACGACCACAGGGGGTGTGCTAATCTCGCTTAGATCAGCCGTGCAGATATGTAACGGTGACGTACGCCACTAGAGGAAATTCGACAAAGTCATAGTCTCGATACTCCGTGACAGACCTCGCGCGATTTCCACCTAAAGTGGGGTATTTTGCAGAAAGATGAGGAAGTAGCAAAAGACCACGAGGTAGGTCCGCTCAGTGATGCTGTGTGAAGGCTAACACATAATGAGATGTACACATTCGTGTAACAGCATGGCGGTGTAGACTCTCCGCATAAAGTCTAACCCGCTGGAAGAGCGATCTGCGCGTGCATATTAGTATAGCAGTTCCCTCCCTTTACCTCGTATTCAAGTCGACGAGGTTTATTTTGAGGCGCAATCTGATGGGCCATGGGATGTGAGGAGACCCTCAGTTGGTATCAGACATCCGCGACAAAACAGTGGCGCAGTTCCGGAACGTCGGCGAGCCTGGCGCTACAATTCTTCATAATTCTGACGGCAGGCCACAGCAAGTTTTCGGTCGATCAAGACTGAGGTCATGTCGGATAGATTGCGTTATTTTGGAGCAATAGAACCAGCACCCCCTTCGTCGCTATCCATGGCAACAGCAGTGCCAAACTTCCTAGGCAGGACGGTCACTGATAGATCATAGCTCATTCTTATTAGCAGGACAGCATCATATTCACACGGGAGCATAGCGCCCGACTACCCAACGGCCGTATTTGTTAGGCTTATAACGATTGCAATACGTGTCCGTACAACCAGAGAAGACACAGTGCTTGAGTCTGTGATAGCCAAATACTGAGGCTCTTTCAGATTTGTTGACCAGTGACAATGTGCAGGCTCGTCGTCTACAATCCTACAGTCGACTGAGGTTTCGTCGGCTAATCGCTTGAGCTTACCGGCCGGCTCTGTAATGTTAGCCACACGGGCCTTATACAGAAAATCTTTTCCTTGACTGCATGCACGGCGGGAGCTGAGGCTTACACTCAGAAAATCTTCGTCGTGGAGACGTCCTGGGTATCGCCCGCCACAGACTCGCGCTGACGTGGGAGCATTATTAGGTTTCTCAGAATTCGTCTACTCTAGAGGGTTGACGTCCAGAAGGCGTGACCGGCGCAGCTTTCGGCCTTCCTCTGAGACAACGTTATGAAATTGTCAAATCTTTCGTGCTGCCGTGACCATGCGGCCGGTCAAGTCCCCTGAAACATGTGACTTCCTCCAGGTGTGATGCGTATAACTCAGCGCAAATTCGTGGTACTGAACCGTGAGAACCCAATGCTAAAACTCTTGCCCATAGCCTTATGAAGCATACTACTAACATACGAACGCTTGTCCTACCGTAGCTAAACATGTAGGGCATGTCGCGCTTATTTCGACGTTGTCGATTAGTAGCCGGACAGGATCCCTACCGCCTGAGCTGATTTAGGGGATTCGAGTTGCTTCCTCGCAAACCAACCAGCGTACACCTGAGTTTGGGCCGAGCTCGCATGGCCAACTAATCCTAAGCGCAACTTCATGGAACGTCTTACTTGGAGCTCCTCATCACTACAGAAAGCGTCAGAACGTGCTGATATTTGTGGCTCGGATTCGATTAGGGCTCGCCTCAGCGAATTTAGAAACTTGCACCGAGTTCTTGTACTAGCTAAAGTTTACCTGTCTGTCATTTACAAGCCGAAAGGGGCTCAGCATAGGAAAGAGAATTATCAATCTGG,1775,50.31,Escherichia coli
SEQ_863553,GCAAAGATAACCCCGAGGAGACTCTTCGGTGTATCCATCACAGGAGTCCTCGCGAGGGTCCTCGCATCCTTCCTACGGGAGTGAGTGCTGCAAGCTCGTCGCTGGCGCTCTGCCGGTCGAAGAGAACCACGCCAATAGCCAGTCATCGCCTCCGAGGCCAGATTGTGCTAGCTTAGGGCGGGAGCGCCCTGGCAGCCGTGTCATCTGTCACATTAATGCGATTAACAAGCCGTAGACACCTATCTCCTGCAAGACTCTGAAGAAAATCTGCAGAAGCACGACGATAAATGTACGGGGGGTCGGCCACGCTCATTTTGTGACGAATCACAACCGAGAATGGGAGAGAAAAAAACTTGTTTTGTAGGGTTGGGAACGATTAGATCGTTTATATGGCCATTTGCTATTAGAATGGCAGTAAAAACATGGGTGGTGATTTCCAGGCCGTGTTAACTATAAGAGGTTGTAAGCCGAAAGCTCAGGGTTATAAGGTAAGCCTTCGAGAGTGTCGCGTGATGCCTGGTGATGCACAGCTTTGATATTTCAACATGGAACAACGGGGTTTGAAGGAGCACAGCGGGAGCCTTGTTCTTTTGACACGTGGTAGCTTCTTAAAAAAAACAGTGCGAAATGTTGCTACTTTATTGGACTAACCACGGGTTAACTAAGGGTATCATACGTTATAAACGGGTGGCTCAAACACACTGTCCTTTGGACAAAGAGGTGAGAGGGTAGTACAAATTTTGGCAAATAACTTATACCGAAGCACGCAGGTATACAAACATATCCGATCGCGTAAGGATGTAGTCGCAGTCTTACGCAGTGCGAGGAAGGGGTTGATTCACGATTTGCACGCCTGAACTCTTATATGGTCCCATAATATCGCCTAACGCAAAGGGCACGGGACGGCATCGTCGTTTAGTGTTCGAGTTTATATCATCTGGCAGTTAGGAATGTGTAGTTTATTGATTTTTGGCATAGAAGACTATTCCCGATTACGTTTAAGCCCTGCTCCGTCTCTGCGTAATGCATCCAGCGGTGGACGTGCGCCAGCAAAGCCATTCTTCCATCTATGAATCACAACTTATTGTGACTATCGACCTTCACGCATAACGTTCCGCAGTTCTGAGTTAAGCTTAAGGCCACTGCTATGTTGGATTCAGCACAACCGTTTACACGCGCAGCGTTAGAAACGCCCCCTCAGCGTAGTCGACTATAGGATATCCTCTCAGGGTGAATGCCTGATCACGGCCATCGCAGCCAGGCTATCGTCTCGCATAGTACGGTAACCGGGAGGGGTCAAGCACCTGTAGAGGGCCACAAAAGAAGTCCGTTGATCTCCGCCATGGTCGGACGGCTCACTTTGTACGGTACTATTCTAAGCGCAACCGGGTAGCCACTTGTAACGCCCAATGAACCTTGTCCTCTCAGTCCTAGCCCTTTGACCAGTCTCTAAGCGTCCTCACCCAAATTATTAAAGCCATTAGTCTGTAGTGGTGGAGTGACCAGGCCTTTCACATTTAGCCACAGATGCCAGGACCGCTCCTATGATATCCCAGGTTCTTAGTGGCGCCAGGGCCCAGCCAACAGCTTCAGGACATTCTAGTAGTATGTCATCTAGCAATTTGAGCAGAGTAGGGGCGCCTAATACCATCAGATGTAGTTGAACGGGCCGAGAGGAGCCGGGGATCCGGCGATAATTAGTTACCACTTCGCCATCGAACTTTGCCCTAAAGATCCGTAGCTAGGGTCAATTCGGATGCATGGGGCACCGCGGTTATCAGGTCTAT,1787,49.69,Saccharomyces cerevisiae
SEQ_377481,AGTGGCTGTATGCCGGCAGTGGCCACACCGACATACACAGTGATCAGATGGCCGGCTTGTCGCTGGCAGTGACGTACGAATAAACGCTTTACGGAATAAAGACAGGAACCATTGTACTAAATTCTATTCCGGACGCTCAATTATTAAACGGGGTTCGTATAGTTTGATGATCAAACGCCTCACTAAATGATTCTTAGTTGGACCGTCACTCATAGGCTTGACCACAAAGTCGTAACACTTTAGATAGTGGGGACCGTGCGGAGTCACGCAAAAGAAAGAACCTTTTCCTCCTCTCCTACAAGACATTGTAAAAAGGACGTCTTTCTTTTGCTTTACACTGAGGGCCTGCAATCATTCGCACGGTAGTCTCGATGGAAACGCGTTGCTACCAAGCTAGGGTTAGAAATAAAGCCCAAAGATCACCAACTAGGGTCTTACCACGTGTTTCTTAAAGCCGTAACTCTATTGCAGGAGCTTTTAAAAAACAATCAGTATGACAATAGCAGGTGTTTCCCGGGGAGCCAGGTGGGACTCGCGCCAAGAAAAGTATATTACGCAGTGCACACTAGCACTCCTCGGGCGTCGGGTAAAGACGCCCCGCTGGTTATACATTCGGCCATATAATAACATGTCTGCCATATCTTTGCCTCTAGCCCTTGTTTTATGGAATCGTCAGAAGTTTCCAGGTCACACGCTCTCGTTCAGTTAAAACCCTTTATGACCACGGTCAGTCTATTTGCCCTAGCATCGTACGCAGCTTAGTACCCTGAAATTGACCTGACTGCTAGTTTCGATGTGAAGGCAGGCGTCGTTCCGGCTGAAGGCCATACTCGACGCAAATAGCGGAGCAAACAGCACCCTCTCAGGAAGGAATACGTTGTAGATCCGACTAGGTAAGAACGTTGGATATGACGCTCGCCGTGATGATTTTCAAGACGATCGAATCCCTAGTAGACATAATGAGCCTGACTGCGCATTTAAAACCAATCCAGATACACCCCTGCTGCACCAAGTCAAA,1018,47.25,Homo sapiens
SEQ_986690,AGGAGTATTAGGTGGTCGTGAATGATAAGGACATCTCCTCCACCAACTCGGTTGTATCGTATACTGGGTATATGATGGAGCCAGCACATATAACGGGTTCTCTAGATAAACTTGGGCACGTACTGGTGGAATGTCACACTATGATGTACCCAATCCTAAGAAGTGGGGCGGGGGGCCGAGCAGTCATTGCTTATAGGTCGAGCCAGGATCCGAGACAATTAAGAGGAGTGCATCACCGGGCTCAGTTCTCGGGGACCAACGCGGCCGAAGCATCGAACTGACGTCTAGACGGTCTCGGGTCGTAGAAGGGGGCATGGGTTATAATCCACGGGAGCGGACCCCCACTTTCCTACTCAACCCGGCTTGGTGGCAGTGGGACTGCTCCCTCACGCGTAAGCGATCTAGTCGTTCGGGCCTGGCCAGACTAATATAGGCCGCATAGATCACGGCCGACGAAGCACGTACGGCACGTGTAGCACCGTCAGACTTTGAGAAATAATTCGTAGCATAGAGGACTGAGTTCCATCCGGGGGTCGGACGGGCACTCATGCGCCTGTCACCCAAGCCTGACAAAACCTTTTCCGGTATAGGGAATC,596,54.36,Escherichia coli
SEQ_497768,TCCGACCCCACTTTTTTAGATGCAGTGAGCTCGAAAATACAGAGGGAGTTTCGTCAGTCGTCGCCACAATCTTGACACACAACCTGGCCTGAACTCCCGTGGCGGTAAGTGCGGCTAGCAGCTTGAGTATGACGATTATTCATCTTCATTATAGTGATGGCACAGAGAGTTCATAAATTTATCCCTCACGTGAGAGTACATTTGGACTCGGCCGAGTTTGGGTATCGTCCCATTGGTATATAGTCTGTTAAATAGTGTCTGGCTCCGGAAAACGGGTCCATCTTCTAAATCCCGTCCGGTCCTCCGGTAATCTAGGACCAAAGGCCGGGAAAGGACATGGTATATACCCCTTGTGTGATTAAGGCGATTTGTGGCTGTGGCCTACTTCAGATTGTCTTTCACCCTCGGGTCGTCTACTACCCCAAGTGGTATCGACCCGTCACGTGCGCACCTCCGTTTACTGGGGATGAGAAACCGAATCAGCTTAGCGGGAATGGACTCCTAACAAGGTTAGTCCGACAAGTTAGATTAAAAAGCTGCTCGTGGAATTCGATCTGCCTCCGAAAATCTTTGCCACACCGGGCGTCCGCGTATAGGTTGCCTGGAGTTGTTGTATTTCTCGTCGGTTATGGGTAATGACAACCTCATAAGGAAATTGCACAAGTCCATAGAACACTTATTACTCAAGAATGACTGATATGCAGTACGAATCTCCTTCCTACGCTAGGCGTCGCATCGGTACTAAGCTACATCTGTGCTGAGCGGCCCACGGCTTGGTGTGGCGCTGTGCCTCAAGAACTCTCTTATACAATAGTTAAAGAGAGGGAGGCTCATGGGAGCAAGCCTCACGATTCAGGCCCTCCCAGTCTCACGCGGGTACGAGGTGTCTCTGTGGGCGAGCAACGTACAGTCATGTACGGCTCGCTGAGGCCCAGTGCCTTTTGGTGTGGGAGCTGGGCTACACCTGGTAGCTCTATCAAAGTTTCCTTGCGAATGGGTGTTGGTGTTGTGCTGTTAGCCCGTCGCTATCACTTTTCGTACTAAGTGCCCCACCCCGACGATACGTGCAATAACCGTTTCGCAAACTCTCGGGGCTTCGTGTCGTGACTGTATATTCGATTTGGAGTACCGCTGAGTGCGTTATGGGTGCGCGCCGATGCTGAGTAAAAACCAACATGGTGAGCTTAATGGGTGGTATCTAAGGGTGTTTTCAGACGCTTGCAATGCATTGTAACCACACGTAATGCTCCGTGAACAGTAAACTCTACAACAGGTTCGCTCTTAGAGGATGCTAGTGTCATAGTGGTCACTCGCGAAGCCCCCCGCATGGTACAGGAAAGCGGGAGCATAATTTGTGCAGCGGGGTCTAGGGTGAGGATCGTCGCGACATTAACAGCGTAGTTGCGGAAGCTGGTCCTGGTGCTCGAAATGAT,1433,50.73,Saccharomyces cerevisiae
SEQ_370782,AGTAGGCTCTATGCCCTCTTCTCAAATTGACATCTTATCCGTTCCTCTTTGCAGGAAGTTGTTTCTGCTTCGGGCGTAGCTGTGTCCTCGGGGACCAACATCTCTCTAGATAAAGAACGAGTTGCTTACGTTACATTAAAACAAACGATAAGAGATCCC,159,44.65,Arabidopsis thaliana
SEQ_372864,ACTGCTGGTGATAAGCTCGGTTTAATCCCCCTAGGCACGGACTCCGATAACAGGGCCGTGGCCTGCACCAGTCAAATGAAAATGCCATAAGGTCCCGAACTCCG,104,54.81,Homo sapiens
SEQ_896173,TGCATTGGTACAGGTGCATACAAAAAAACCCGCACACTATTAGAACTCAGAAGTCATCTACAAGTTTATGCGGAGATAATAAAAGTGAGGAGAACTTAGACACAATCGCTTTAGCTTGGTGCGGCGGAACCTTAACTAATCCAAACTCCTTCAAGGGAGCCACTATAAAGTTTTCGAGTGGCAAGAAAATACGTTGCTAATGTCAAAAAGGCGTCTCGCACGCGGGGCCACGATTGTATCCCGGTAGATAGGGTCGAGCCCCACCGTATCGCGTTTGATGAAGCCTATACGCAAAAACATTGTGTCGATAGACACTACACGGTGGCGAGGTGTGGCACCTGTACTCCTGCGTAACATATGGCTCACATACACAGGGAAGAATTACTGGTTGTGTATTCCATGTATCTCACCATGTGTGGACGGAAGAATCGGACGACCGACACCTGCGTCCTTTAGTCATAGATCAGTACCGAGTAGTGTGCGCGTTTCGGCCCCGTCTTGGTCAAGCTGACAAAGTGCAACTTATAGAGTCGCATCGAGAAACCGAGTCGTCAAACGAAGCCCGCAGGTCACGGGGGCCTGCGGGGGTGCCGTTCCTTATACAACCGCTTTACGGCCAAATTGCGGAGGGGCAGAATACCCCACGCCTAAGAATTCAACGGAGTGTTCCTGTGCAACGAGATTACGTTGCGACGCTATATCCTACGAGGGCATGCGATCCACCTTGCTATATCTCCAAAGGGGAAGTAGGGGGTCACTAAAATCGTGGTACCATGATGCACCTGGGGAGCTATAACCCTCGGTCTTATTGGGTATGAGCCCTCTGCTGTCGCAGACTCCGGAATCTTAGCCCACTACCTTAACAAGGCATGTCAAATCCTTAGTACAAACGAATTTACGCCGGACAGTAGACATTTAGGTCGCGTCAACGGTCACATAAGTTTGGTG,948,49.68,Arabidopsis thaliana
SEQ_521127,TGGTGTGCAGTGAAGAGGGCGACACGCACGACCCTGGGCTGAGGGCACATCGGCGTAATCAGCTACACACCTATACA,77,58.44,Homo sapiens
SEQ_368415,CTGGCTACAGGTTCTAAGTATAACCACGTTGAAGGTTTGAGCTAACCTTCTACCTTCCCCTTACCAATCGGGCCAGGCGGATTAGTACGGGGGAGCATGGGAGGGTTAAACCTGCCCTATTTAGCGCGGCTGACGCAAGACTATATTTCTTAACTAAGCGTAATTCATTAGACGCGTGGGAGTTAGAGATGTGTTATTTTTTACGGGTCTGATGACGTTGGTAGTCGTCATAATGGATTTCCTCTACACGGACAAGTCACGAGATTTGAGGGAATTAGTAGTGAAGGCTCCGGGTTTCAGTTCACACATGTGCCCCCGTTGCTAGGCCTATACATACTCCCGATTGTAAAGGCGATACGTAGAGCAGTTCGTTGAGCAGTCCGGACCCTGAAATGCCCACAGACACTGGCCCAACGCCCATCGAATAACTAAATTGGTGGGAACTGATTGCAGTCTGCGTGCTATCTCTCATAATGTATCTGCGTATTACAAGCTACACATTGAGCACGGTGCCAGAGTGCATCAAGTATGCCTCGAGGCGTAGGAGGGAGGATGATACGGCACGAGTCTTATAACACTTCTGGGCCTTAAAGTTATGCAAGATGACTATAGCTGACTCGTGCTATCTCATATGGGCGTGTTAACCCAAGCTCAAGCATAGCCCGGCTTCATAGCGCTCGGGAGGGAACTTAAGCGACGTTTCATAAGAAATATTTC,717,48.12,Homo sapiens
SEQ_859965,TTGACTCGGGTGTCAAGCCTGATTTCTGATTAATTATGGAAGCCAGCGGCATTATCTGGCGGCTTAGTCACAATAATATGCACCGGGTATCAATGCGGATTTGAGCGTGAGGTAACATTCGAGGACGGGGTGTGCCGCCAGTAGCCATTCAAGTCGAAAAATTCAACCGTTTTATTACGAAGAAGGTACATCTGCGAGAAACGATACCCGATATACTTTTTTCTATATGGTGTAACTTTTTAGTCCATGAGCAAGGACCGGGAGCTTAGTATCATGACGGGGCTTCCCCATTACTGCCTCTGTTGCTAGCCCCAAACCTTTTATCAACATTCGTTTTGACAGATACAATACCCGGGGCATCGTGGTTGCATTATCTGTTCCCAGCACGTTTGACAGCTCGTCCAAAGTCCAGGGAATCACAGATGGCTGGCGCATTACGCTAGCCCGACGTGAGACCGACCCGGGGTGCCATACACATGTAGGCCCGGGCCCGATACGAATTGTACCCGAATACTCTAATTGAGGCCCTTAACGGTTCGTCATCAACCCTATTAAGTGTGCGGTAGCGAGACAGAAGAATTACACGGAGCGTCTCTAAAACTGCTGGTTACAGCGAGTGGTATCACTTGAACCACTATAATGCCGTAAGGCTAATACCGGTTACGTGAGTTAATCCCCTCGATCCTACAAACCCGGAAATGCTAAGGCAGCTTGTTTTGTTATATATTAACAATGCCGGTGCGTGCTCATCTTCGCTTGTTACCGCGTCCCCGGACGAGGCAACTCCCAATGAAGCATGTTTCCGCCGAAAGACTATAATAGGACCGACAAGGTTCCTAGCTACGCGATTCGGATAGGGTAAGTCTGTCTTAATTTCGCTATTTATTGACGAGCGTCACCGTACGCAAGCTGCCTTGTTCAATGCCTCCCCTCCTCTAGCGTCACAACAAATATCCCTCGGGGTCACTTAGTCTCGGGTAGTCTGCAGCTGGCTTACCGGCGGGGTTCGATGACTTGGGCCCGGAACTGTCCTGCCTGTACCACTCTTCGATTCGTAAGCTGTGGACACACTCTGATATATAGCTCCACAAATTACTAGCACGTCAGCTATTAGCTTTGACGTGCCCCGAAGGTAGGTCTGTAAGTCATCCGTTTTAAGGGTCGTGGCTATCGATGCTAGGTGTAGGGCAAGGGTAGAATGTTAGCTGTAGGAGCGTCAGCGCAGATCTATGCGCACGTACGCGGCTCTAAGTCGTGTTGGTAGCCCGTGTTTAACAGGGTTATATCCGCAAACTAAAGTGTTATCTTCGCTGCTGCATAGAACTGAATTCTTGCGTGAACCGCATGGATTTGTGGGCCCTTGCGCCATGATCCATATCCATTCAAAAGACTGTGTTTCTCGAGTGCCTCACTTCCAAGACGAGTCCTTTAGGGTTCGGGCGGTCGGTAGGGCGGTAAGTTTGCTCTCGACCCGGCACCTTCTTTGGCTAAGGAATGGCTTTACAAAAGATCACCGTGACCCTGAGGCCACCCAGCGGTGCAGTCAGTCCTA,1552,49.94,Homo sapiens
SEQ_497948,GACAATCCCCAAGGTTCGAAGGACGAAACCACGCCATGATCTGGAGGGGACCGGCTCTTGATAATTTGGGAATTCCGCCACGCCACGGTATGAACGAATTGTTGGACTCTATCGAATACTAGAAAGTAATTGGAAGCATTAGCCGCGGAGGACGTCGGTGACTAGTCGGTTACCCACAACTGAAGGCCCTCGCCTACTTATAAGCGGTCGCAGGTTTTACCTGAAGATTGATCCAGAACTGCATCAAGTCTAGGAATCTGAGGAGTGTAATGTCTCTCCAGCACTAACATTTACCCGACGCCAAGTATGTACCTCGACCACGGCTGCAGACAACAGGCAAGTCGATCTTCCGGAAGACTGGTATCCAATTTAAGAGGCATAGTCAGGACTAGGTGCCCCACATTATACCGTAGGCTCCTAGAGTTGTAACTAATTCGCACTCCAGCCACTGGGGGTCCGCGCTACAAGTGCTTACCGGGCGATCCGGATATGTGCACGAGGCGCTTGTGCTCGAATGCCGTGATCACGATGCCGTTACTACGTCGGGTTCCGCATGATGCCTTTTCGTAGTTTAGCGTGTTTGCTCATTATGTTTAGCCAGTTAGGGCACAATATGTGTTAAGGGAGAAGCAGTAATTTTGATCGACTACCCCGCACCATTGATACATCGTGCCAAAGCTAATTGAAGACGCCGGAAATACTTGTGCATATGGCTCTGCGCGGTCAGCCGACAGACTTATTGGTACATCATGCGTCGTGTGGTTAAGTACGAGGTTCGCCGGTAATGTTCAGTTCCCTATTAGGGTTAGGACCGCAGATCGCGAAGTCGGACACGTAGCGTCTATGCCAAGCTTGAGATGTGGCTTATACGCGCTATGCTAAACGAGTGAGCAGGTTCACTGCACGCGCCCCAGATTTAGTTATGTTGAGGATCGTCAGGTGGTTAGTTAGCCTATTTAAGACATCTCGCTCGGTAAGTAATATGGGCAGTCTGTGCATCACATTCTTTTTCGGACCTCCGCGTATGTCTGGAATACCTGCCGGGGGGAACGCGTCGAGCCGAGTCGATTATTGTAGGGCGTGGTGATCGAGTCAGAATCAGTTTTAGTACGCTGCAAGAAGGCCATAGAATCGGCCACGGGTTAGATAGCAAGGAGTACCGGGCCGGGGAGTAGCATGGCATCTGATGCGGTCAATCGGATCACGAGTAAGGGGGGTCCGTACATTGAGCCTGCTAAGTCCTGATGGTCATAATGACCGTATGGTTCGCTGCGGGCGTGGAGTGAGAGGTACTTCGGCTGCTAGGCTCGATTTCACTCAAAAGTTTTGAGAGCCTTCTCAGCTACCGTGCAGACATCCTATGGGAATGTGCATGACGCTTCGCCGCCTTCCGGTCCGAGCTTCCTAGATTCTGGGCCC,1419,51.52,Homo sapiens
SEQ_757257,AGTACCTTTCGAACCTTGTCATCAGTAGACGTAGACGTCGTACCATTCGCTCCAGAGTTTGCTGGGAGAAGAGCTTGGGATCCGTCACCGTCGAAACAACCTGGCGTGGCCGAAGTGGTATTTTGCCAATGACGAGCGGTGTTTGTTTAAGCCTCAAAAAATCTCCACGGCGACTTCAGGTATGGTTAACTATATCGGAATCTAATGGTAGACCCCCTCCTTTTAGCCGTCTGGTCCCCGCTATGTTATCACTGCGAGAGCCGCGCCCCCACCCTGGTAAATCACACTCGGCGCCAGAACGCTTACGTTTAGCAGTCCTCCAGTGTCCGATATACATTGACCGTTGGCACCACTTGAATTAGGACGGGCACGAACCAAAGTAATCGATTCTGGGTGATCTGCCGATCCTTTTAGCCTTCACCTACGGGGGACAGTTCCAGAAGTCCCGGGTTCCTGCGTTCAGCTAAGTCATATTATCATGAGCATCGTTGTCCTTTTTTATTACGCGAAGTCTCTCATATGTTAGATTCCCCTTTGTCTTTTCTGGACTAACTAAGAGGGCCTGCCCGTGTATGAAATTAATCATTTATATGGCCTTCAAGGATATCCCCTGAGTTAAATTTGACGAGTGACGCCTCCAATCCGGGTAATATCATTAGGAATCTTGGCGCCTTTGAGCACGCGGAAACGATTGCAGTACAGACTTCCGCCTACACAGTTTAACCGGTGGCTATGGGAATACTTGTACCGGCTTTAGATTTCAGGGGTAGGGGGCCCGGGCGTCCGATCCATCAACGTACTCTAATTGGCGCGCTCCCAGCAGGACTGAGAATGAAGACTGTCTTATCGGGTACAGGTTCAACAACGCCCATGATTTTCCCGTATCAGTCACGTT,895,49.61,Drosophila melanogaster
SEQ_474445,ACGCTGCCTAGTTACTACGCCCCCGTACCCCGAGCTCTCCCCTTAGGCCCGGTGTCCGATAGCGCCCACCAGCGGGTCAATGCACCGATTCCATCCGCTGCATAGTGTCTGTCAGAATTTCTTTCGTTCCTATCTTGGGTACCAGATTACCCAGGTCCGAGGTCGGGTTAAGGGGGGAGGTCATGTCCGGGTTGGTGAGAAGTCCCTGGCAAGTAAGGCGGGGCCAGAATGGGGCGGTCTACTGGTGAGTAGGGACAAGGCCGCCCCGCTAGCTGTCTGATACGACCTCCACTAAAATTCCCACAAGTAAAGTCGTCGTTAAAAACTCAGTCTATCTCCGTCAGCTCGCTCTCAAAATCTCGATCGCTCGCTAAACGTATCTGCCGCACCACATGAGCTGAGACAGGATTGACGATGAAAATAGTGTTCAAAGGGAGACGTGATTCACCACAAGGAAATGACGATGAACCCAAATCAACCCAGTTACTTGGATGCTGGTTCTTCCCTCCATCTCTGGTTTAGAGCTAGGCAGTGCGCCACCGCGGTGGCACCTGTCTCCTGGATAGACTCAAAAGTGTCCAAGGCACTAGGCCTGCGGGGTGACGACAATTGGACTAATCCCTTGTTCCGTCAATGACACATGCTTAGGAGTTTCTCATGAGGGGGCTGAACGAAATGTATAATGCCTCACCTAGGTCTACTATGTTCAAGCCTGATTGTATTTTTTTGGAAAGGAAAAAAGTTTCGTTCCTTAAATAGCATTCCCACAGGTTATTGACCTCAGGGCATGTTGGGGTGTACCCTGCTAGACGGATGCACCGGGGCCATGGCCGTTATCACATTATCCGATGAAGATATAAATTAACCCTCTTGTCGCCGATCTACAAAATGGTCGGAACGCATAATGTCACTTTGTCTAGTGTGTTTCTGGTGGTAGCGTCGTCTATTTGGCAGCACGCCCTATCATAGCTGTGAGACGATCATGAGCTTGGACCCTCACGATGCACAACGACGTAGACACACGC,1025,51.22,Drosophila melanogaster
SEQ_194617,AGGAGCAGTCTTTCACCGAGGAAATGATATTTAAACGCAGGTCCCGTTCGAACGCTTAACGTAAACCTGGACCACGCCTATTCTGTGGAACCACAAGTTATTCCACTGAAAGGGCTAATGATCCGGCAAGCATAATCGGATTGGTACAGCTGCTCAGGCGTTCCTCAACGACATCTCGCCAGCCAGAGATACAAGTGTTAAGTGGTCAAAGCAAT,215,47.91,Caenorhabditis elegans
SEQ_604715,CGACATGAATCGGCATGTAAGTAAGTCCACTGCCTGTTTTAGTTCAAGCAGACCCCAAGCAGTGCCTGGGGCGTAATCCCGGGTAAACGAGTACTCAGTTTCGATCGGCCGTCGCGGGAACGACACCCCATCATCGGTACATACAGCGGCCTGTTGTCAGTTAGATTCATTTGCCGCTGGAAAACGCATTAGCCAAAAACTAACATACGCACATAGTTTAGAGTATTAGTCTTGCTAACCTACCGAGCAAGGCGACACGGATAACTAAAATATCTCAGAACGGCCTAAATGCTCCCGCAACCGACACGCCTGCATCGTGATGAAACAACTTGTTTTATTGTATCGCTGAGTGCTTAATCTCCGTCGTGATACCGGTCGGTCTAGTAGGTAACGCCCTGAATGGGACAGGTCCACAGCCCACCTCAATAAGTAAGGGTGCTAAAACAGGACAACAGATGGGAAAACTAGTGGCCCGTCACGATATATGCCACCCACTGCTCGGTCGTACAGTCATCGCCCGTTAGTACCCCTTGTTGAAGCCAGGCGGATTAAACTTACCAACCAAGCGAGATCCACTCTAGAAGGAACGTCAACGCCGCGCATTTACGACTGGAAGAACGATACTCCCCCGGCATATCTGAGTGATCCTGCGGTAGGGGAGCACTCATTTGTCCTTCGACCAGCCGGTTTAAGAACCTAGCCAGTGCAGTAGTACTTGTTAGGCTTTTTCGGATTCAGTGCCAGACACGCTTAAGAGATGTTTAGCGTCTACCTCTGGGTTTTCGAGAAAGGTATCTCAGAGACGGGTGTATATATTTCGCGAGTCGTCCAACGCAACTGACAAGTGGTATAGAAGCGTTAACGGACCATTAATTACTTGAACAATCGATCAAAGTCCTTGGGGTTTGGCTTATATTTAGACGCCGTACTCGTACGACTCAATCTTTTAATCGGATGGGACTGCGGGCCCTGACGCGTTTCGCTTCCACTTGCATCGCGTTCGCTTCACTTTCCGCCGGGAGGCAGAGGACTCAACCTTAGCGCCTTCTACCCTTCTGGTTCCTTTCAGTTCTGTGATAGCGTTTCTACCGAAATGTCAGCCTAACGCTCTATTCGTGTAAGTAACAAAACGAGCGGCAGGATTAACTCTATCATTTTGAATAGGCCCTACCGGCCTTTAGGCGCAGGGCCAAAGCTCATACAGCTAAGTAGTAATTTGAACCGACTGCGATCAAGCCAAAGCGTATAATGACCTTATAGTTTGCGCGGTTAATATTTATCTAGCTTAACGTCTGTGACGTTGTTGCGCTGCACTATCATGACTGAAACAGCCGGCCACATTTCCTTGAGGACCCTACTCCGGGAAATGACTATCCAGTACGGTTGTGTCCCAGTTTGCTCACGCGGTCGTAATGCATATAGGACTATGTCCCTGAATTCTCGACTTGCACGACGGAGAAACACTCAGGAAATAACCCTATTAATAGCAGGTATGGCGGTGGAAAGACTCCCTACCTATATAAGCCACTTTGTATTCTAACGGCACATCAACTCCAGCTCACCCGAGTCCCCCGCTTCTCACGCTCCGTGTGGTCTTTAATTCCGAGGTTTGTCCCAAGACCTTAATGTATGAAGGGGAGTGCCGTGTAAAGGTATGTCCACAGTACCCCT,1671,49.01,Mus musculus
SEQ_303237,GCTAGAGATACCCATCGTTCATAACCATCTACTGGCATCCGGTCCTCAGCCGCACGTCGTGGCAGGGGGTGTAAACGACGGTGGACGCGTCACGTCAATGTCAACGTACTTCACGCAACATCATTGCCGAGCAACCCGTAGACGCGTTGAAGCGATAGTGCAGATTTCAGGGAATTCTTTATCAACTAGTCCCGTAGTCTTAATTGGCTCGATTTCGGGGAAGGCAATCGAAGCGAGCGTGCCCAGCACTATTACGTGCTCGTCCGGGATGTTGCAACAAATGAGACCCAGAAGGTTATGTATGTTTGAACGCGGTAACAGTAAACTGTCTAAATGCCCACTCCGCCATGACATTCCGCTCTACCATTTGGAGCCTATTACATGTATTCCCGGAATTTGCCCATAATCGACCAGTGGGGGCCCAACTCAATTGTCCTGAGCGATACCATTACAGGCGACGTTGCGGGAGTGCGGATGAGTTGATCGCTGACCTACGGAAGCAGAATCTGTTGGGGCTCAAGCAGCGCGACTAAATCTTGCTCGCAGCGTCACTTGCTTCCCAAACGTCCTTTCTCTTGACGACCTTCATAGCATCTCACACACGGCGCCGACTCAAACGCAATGTAAGGTCTTTTGTCATTTCAATCTGCCGTCCTTAATAATTCGTGTCCCCACGGTGCCGACTAGTTAT,691,51.09,Caenorhabditis elegans
SEQ_707818,ATAGCCTTTGGTATGAAAAAACCGAGTTGGGGGTGGAAAGCCATTTTACGGAGTGGCATTGAGGGTATCTGTGACGTCGAACATCGGGCGTATAAGGAGCTGAGGTTCGCGAGCAACAGGACAGGCAGTCTCCTATTCTTCAAACGACTTCCTTGAGAACAACACGTTTAATATCAACCCAGGGAATGGAGTAACGGCAGATGGCTTCGCAATAGCATGAGTTTCTAAACTTTTTAGTCGGATGATCAGCAG,252,46.83,Homo sapiens
SEQ_554426,GCTCTGAAGAATCACGGACGTCCACCTTCGGGCTCCGTCTACGCCCTCACAGCAAGCGGGTTGTGGGGTCGTCGTCCAAGAGCTTCATTGCTTGAAAGTCAGACCGCGTGGGTGGGGAAGGATATTTACTCCAGGACTACAACCGTATTGATTCCAACTACAGAGGATGAAATAGTCGGTACTCTGTCCCACCGTAGCAGGTCACGAGAAGGCGAGTGCAAAAAATCCTGGACTGATATAGCTTAAATATAGGTCGCGCAGTCTGCCGTGGTCCTGCATTCTGGTTGGAGCTCCTTGGGGTATTATTAGCCATAAAGATGGTGCGCAGATGACTTTCCCGTAGGCTGGTGGAGTTTTTACTATAAGTTCTGAGCGAAGCCTATAGGGAATAGGTTTCCGCACCGAGCGCACTTCTGACTCATGCATAATATAAACAACAATCCCTAGACTCGGGAAGTGAGTTGGAAAGTAGCTCGCCTTCCCGACCGAAAATTGCCTAGATCCTTGCGTCTGAAGCCCTGCTACCCATATCGAAAG,537,50.47,Homo sapiens
SEQ_487992,CCTCCAGTGGCGCCAAGGACGTAGACGGCACTTGGCTAGCTCGGAACTCGTGGGGCGTGCTACACCATCCTTCAAAGCAGCTCTGTCCCTCACGCGTCATGTAGCCTCCCCGACACGCCGGACACCGTGAGACGTAAGCCTTACAGTCACCTTTGAGGAGTATTCGGGGTAAACTAGATAGAGATACTAGGATATGGGACACTATAACGTTCACCTCCCAGAGCAATCAAAAAAGGTAAAGGGTCCCACGGTCCGAATGTAGCTCAACGTGAGGTGATACCGCCAAGTAGCTCTGAGATGATAATCCGTGCGATTGTCTGCCCTGAAACGTGCGTATTGGAATTTAATCCAATCATAGTGTGAATCTAGCAGCTGAGGGCAGGGTGGTATGCCTTCTCTCGCAGACGCATGGCAGGCTAGAGAAGGCCTTCACCAGTGTTTAGGAACTTCGTCCAGAAAGGCGTTGCGCTGTTCGGAATACCTTCGTCTGAGAGGGTTGATAGTCTTGTCTACTTGAATGGTTACCATATCGTTCTTAGACCCATCGCGTCCGTTCGAACCAGCACAGAACAACCGCGGCCGTATGGTCCGAGTAGTGGCGCCGGTTCGATTGATCATGTTATAGGGATAAAGGTGCTTCAGCTCATTAGGCCAGTATCGCTCATGATAGCGGTAAGGAAACGCTATCTTGCAGCTAGTCGCCACCCCCCAGAATCTACAAGACTGGAAGGTATTAATCTTTTGTACCTGACAGCCGATGTTCCTTGACAAAAAGCATTACTAGTGGATTGAGCCGAATAGGTTCAGCAAGCAATTAAGAACCCCTTTGAAACGGCATCGAGCTTATGAAAGAGGTACTAATTGAATTATAGTCTTGTATCTGGAAAATGGGGGTAAACAATAGCGAGTCAGAATTTAGTCCGTCGGTAGTGAATGCTCCTGTCAACTCACACCGGTTACGATACTCCTTGTCAATCCGCAGATGGTGCGGGAGTCAGTTGGGTATATAGTCCCGCGGTTAGGTACATAGTCCTTGAAGCATGCGTAGCAGGAGCGCACCGTCAGCCTTGAAAAACAGAAGAGAAGGCCTGCCAACAGATAGCGCGCGCAACGGTCGTCAGGCGACTTTCGCACCGATCTCTAGTGCGTTAACGATCTCAACTGAGTCAATGTTAGCCTTCCCACGCCTATCGGTATCGACG,1202,50.25,Escherichia coli
SEQ_856537,TTAGCGTTGGAAGAGATGCCGTTCTTGCGTGGCTATTTCCTTGGCCACTCGTTATACGCTAGTGACACGGGCCTACCGGATATCCACACGACCGGGTAGCTGGTGACATGTCTGACTACGTCGACGGCATACTTAGTCGCGCTATTCAGACCGCACGGCACCCGCAACGTAACGCGTTTCTGACGTTCATCAAGTCCATAGCGGTAACGTGATTATTCCTAACTGAGGAGGGGGAGTTTACTGGGATGTTGCCCCCCGCGGCCCAAGTCGTGCACTACCTCTTTACCTTCGGCCAACAATTTGCGAGAGCTAAATGTGGGATAGAGGGATCAGATTTGGGCTGACAGTGGCGTGTCTCGGCCGTATGGCGTGAGAGGCGCCTGGAATGAATTGCTTCTCTGAGTTTCGGTACCCCTTTTGATCATATAACTTAGGCCCTTCTATGCGACCCCACCACAAAAGACACCGGTAGATTTGAGTCGTTACCAGCGTCTATAGGAACCTGG,506,52.96,Escherichia coli
SEQ_766129,ACTTTGGCCGAGAAATTGTGTCTAAAGCTCCATAATTGACTAAGACCTCGCGGAAGGAGTGAGATGTTCATAATCGATGGATCTGCGTAATTAGTCTAGTAGCATAGCTGCCACCAAGGGCGATGAACAGCTTCGGGCCACGAAGGGTCATGTGTCGGGAGGTCTCGTAT,170,48.82,Mus musculus
SEQ_786634,ATGCGAGCTGGGCGATCGACGATTTTCCGGTAACAGCATTCTATGCCGATCCTCTCATTTGCTACGAGGCCACGAACATCTGTTTTGACGTAATTCTGTTATCGATCCCAAGAAACTCAGTAGAGAATTGCGGTAGTAGCACAGCGCGAACGGCACGATTACACCGGGACACGCTAAGACGTCCGCAGGCATCGTTTTTGCACACCACTGTGGCCCGCCCCGCTACGAAAGGGGGGCGCCGAGCCGCACCTCATGACACATTGTGGGCAAGCTGTTGCCTCAGCCAGACTTCATTAGGCGGTGAGTCTAATCTTTCGCATTTCGAACGAAGAAAGGCTGCAAGTCTTCGATGCCGGGTGGCTGTCCGTCCTAAGAGGATTGTGG,384,54.17,Escherichia coli
SEQ_450318,GTCGTGCTTAGGACACTCATCTCGTAGTTCTTATCCGTTGCCAGCTTTATCTAATTTTAGCTGTCGCCATCAAAGTAAGAGCTTGCGAACGGGATAAATCAACGAGGTCCACTTCAGCCTTAGTGCTCTGACTGCATAAATTTCAGTGACCAGTGCCAGACGTGAAGTGACCTCCCGGCTCTGACACACGACGGCCGACCTTATCACCCTCAACAGTTACATATTTGCGAAAAAGTGTTTGTTAACTCTCTCATTCTTCGTGGTTATGTACCCCTGAACATCCATTGAAGAGGTGTGAACCCTACCGCAAGAACAGCCACCACTCTCGTAACACTTAGAAGCGAAATTCAGTATCACCAGACGTTATTTGTGGTATATCAATCCTACTGGAGCTTGCTCCCCATAGCGTGTAGATCTAGCTCCTCCGAGCTGCTTCCTGTGTAAATCCCGCCGCGTAATTAAAATAGACTAATACCCAGTTGCCCAGTACGGCGGGTCCAAGTGTACTACGCTCGCCATATTCTTCCCATCAACCATCTGGGCGCTTCTGGCTGTTGATCCCACGAACCAATTCACAACCCCCTATAATAAAAGCGGCTAGACTATGCATGGA,613,47.63,Drosophila melanogaster
SEQ_562386,TAGCCACTGATGGGAGCTCTCCTAGCTTTATAGGATGTTTTGGGTTCGTAATGTACTCCTGTAGGAGTTCAGGAATGGCCGTGATTGTGGAGCAAGATTGAGCATCCAAATGCGGGAAATATAAGTAAAATTCCCTGACTAGCGGTCGTAATCTCGCCTTTGAGGCGCATCATCTAGCTCGGCTTTTAGAAAACTGTTTGTCATTGTTCGTGAGCGATGCTCCGTCGGGTGCAAAGCTGATCGGAGAGGTGCGGGGCGGTATACATTCGTGATAGGAGCTCTTCGACCCGGAGACTACAGAATCTACTGCTTGAGAACTTCATGGCCCTGAGTGGTAAGATTTCTCTAGCAAGCGAGCCTACGAGCAACCGCAGGAATAATTTCCATCTAAACGTTAGTGTGTGGTTGGAACTGCGCTCGGAAGTACGATGGCTTACGTTACTAGCCGCCCGTCAAGCTTGTCTTGGGTCCGCGGTGGCAAAGGGGACGCATCGTCCGCCACTTGCAGTATACTGAGCCGTAGCCAGTTCTGTTTAGATTAGATCGCATATGGTCACACGAAATAATATGACCGGGGCTTTATGAGTCTGATCCCCTAAAGTTTACACACGTTATGGTTGTGAGTGAGATTCGCTTTACACGGCAATCGAACCGATGTGGCGATGCCTTTCTTATGAACCATAGGTGGATCCAGTGCAGGGGAAAGAGTTGAGGACTGTGCTTATTTACGTTCGTGGCGTACCGTGTGAATTAGGGGCCGTAGACGTACAATGGCAATTGTTGAATTTTCTAAATAAACCAATGGCAACGGGAGTGAGGTAATTGGCGTGTCGTAGACTTGTAGGGGAAGAGCATTCTCCCATTCGTAATGTTCATATCGTCGGAGTATTAATAAATGAGAATCACCACCAGTCCTCATGAACCCAAAGCTACGTGAGGAGGGATAGTTTTTTATGTAATCGTCGGGAATGGTGAGAATTTATTCCCCCGGTAGGTCCTAGCATTGTTAGCAGCCATTCGTAAAATCAGTCCCCATCCCAATTATAGATCCACAAGGATCATGTCACGTCTTTGGGTCCTTATTCCATCAGGCGCGGGTGTACCAGTTTATGGAAAGACCGGGTCGAAGAGTTGAAAAACTGCGTGCGCGACACGCACGGACTTGCGAATCGATATCCATATGTCGCCAATCGTGCACCGGGCTTTAGGTTTTACTCCGACCCCAGTTCAACAAAATGAGTTGGGGCTAGGGTGTCTTTCAGCCGTAAAAGCCTAAGCCAAGGTACATATGTCAGGACGGGTTTGTCATGGAAACCACATTAATACCGAGTTGGAGTATTCCACGTGGATATTGGTCAGCTAGCAGATGTTGCTCGACCTCGTCCTGCTCAAAAAATAATAAATGACTACGAAACTCATAAGCGTATGTATAGCATAACTAAGTCCCGGTTTCCCGAGCTGCCCAGCATCATTGAGGGGTTCATAGGCGTCGTGGTCTCCTCGATAGTCCCATTGATGGTAGCTTAGTGGCCTGGAGTCATTATGGCACTCAGCCGATCACTGGCGACCGCCGTCCACTACACCGGTGTCGCAGTGCGTTCAATTATTTAACGTTATCCCGCTGTGCAAAAAGTACACGGATCCATCTTAACATGCCGCCCAGAATGTGAAGGAGGCATCCCTTTAATCCGCCGATTCTGGTCCCGGCACTTCGATGGCGTCTGGAGAGCGTATATGTCTCTGCTCTGATACTGGGGAGCCGTCAGAGAGGGATGTTCATTGTTAATTGCGTCACCGCATTCCCCAGGCGTGGTGTGCCAATTAGTCAACTGAATTTGGATAACATGAGGCACGCGCTTTATCCAGTTGATACCCTGCAAAATGATGTTCGCAGCAGTTACAGTCATCTCCAACACGCTTCGTATGTTTGTGCGTATAGGCGTAGCATTTGCCGGTTCGATAGGAAATATCCCGAATAC,1979,48.51,Escherichia coli
SEQ_183165,AAGAAGCTTCGTGCGAAGACACGACCAAACACCTTGATCTAAAGAATTTTTGTTCATGGCGCGGCAGAGTACTTCCCTAGGGTCCCACTTGATATTAAGTCCAAACGACTAGAAATAATAAACCTAGTTTTGAT,134,41.04,Arabidopsis thaliana
SEQ_924752,GAATCGCTAAGTTCGCACCAAAGTCGTCGTTAAAGCAGAGAGAGTTATTTTGACGGCTCGA,61,45.9,Caenorhabditis elegans
SEQ_614512,CGGGCGGCACTATTAAGGATCGTTCACTACTTACATTGCCAAGTTCTTGAGCCGGATGAGCAGGCTCCAAGATGAGGTGGCTCGGTTAACATACCGCCAAGTCTAGAGTGGTCCTCAGAAGGTCTGATTATTCACCGGCGCTTGTTACTTACGGGGGGGGGGGCTAACCACGATCCAATGACTAGTCTTAGAACAACCTTCGACCAGCGGTTCATATGTGACTCGCAATAATAGGGAAACGCAACGCAAGCGGAGGCCGGGCTCTCCCCATCCAGGGGCACTTTTTTTGTGCAATCGTGCTGGTTACTCCCTGCATACTAGATGATCAATGGACGGACTACAGGCAAGCTGTCTATGGGTCTACGGGTTGCATCAGCGCCGGAGAGCACCGTGTGTCAAGAAAAGATATTACTACCAGTTACACATAATCGTGGATGTCGGCGAAAGAGATACGTTCCAAAACAGCTAATAACGTCTCTAGTGGAGTATTAAATCTTTAGACCATACTGCCCAAACATGAATTAGACATGAACAACAACTTATCTTGGTTGACGCTTATATTGGCCTCATCTAGCCAATAGCTCTCATTTGGCCAAGTACCCTAACGCGAGGTCAATGACACCGTTGGCAGGTCGGTTAAAAGTGGAAAACTAAAGTCATTTTTAGTACAGTATGCTTTATTGCCTAGAGACCGGTAACGGGCTCATCCTTTGTCAGGCACTTGGGCCCTAGGACGAAAGAATGATGTGCGGATGATGTAACCCGCTAACTTCCATAGTTCCCCAAATCATGTTTTTTCCGATCTGCTGGAATTAGCAAGGATGTATATGGACCTTATACACAATGTGCGGCTTTTGCAGGAGCAGTTACGCACATGGGGGATGGTACAATGTTCCAGACGCGAGATAGAACATCTTATGATTTAGGAGGTTTTGCCTTTCCCAAGGAAAGTATGGCAACGCAGTCGTCCTCGGTTCGTCTTGGCGCATTGTGTCTGAAAAAGGGTTTAGTGGGAATAGACCCTGTATCCCGGACATGTAACACTTATCGATGAGACGAAGTTGCAGCCGGGTCTCTGACGATGGAAAACGGACTTAAGGCTTCACCCCCAAAGCAACGTTATCTCTTATCTTGCGTTCATACTCGAACAGTACATAGTCATACTCTTGAACTTCCCACCACAAGGGTAGTTGTTAGAATTGGGCTGCCCTAGCATCGCATCTCCCGAAGCTGGGGTATCGTGGACGGTATAAAGATCGCGACCGAGTTCCGTTCCAAGCAGGTTAAACAGCACTAACAACGGTTGATTACTTACGAAAACTAGACAGCTCAGAAACTGCAGCTGCATTTCTCACCGGACGGTCCTGAAGAACGATGGCGCACTACCGCCTCCGCCCACCGTCTGGCTATCCGAAGGTAGACGCTCGTAGCCAGGGATGTGCTTCCGGCA,1450,48.69,Arabidopsis thaliana
SEQ_973029,GTTGAACGCGGTACTTAGTAAATGTTGACGTCTGCCGATGCGGAGATTGCGTACCACCTATCCGGGCCTAGCTAGCATGCTAATATATCCCGCGGTTGGACGATACCAGCCAGAAAACTCCAGCCTCAGAAGGGCGTTTGTGTATTTGGCGAATGCGTGGGACGCTTGACTGGGGAGCTGTCAGTCAGGTGTTGGTTTTTGACTAACTTCGAATTCAATAAGGGGGACAGAGAGTTTACTGATTTCGTGAGGATCGTTCCAGGGGTCGCGTAAGCTCCAGGATGCGCTGCCGTACAAGTTATAGTATCGGTCCATAACACTACGGTGCTCGACTAAGCTAGCAGGAGTCTTCGAAGTCCATGGTAACCACTGAGGCATTGTCGTATGCACTATTTTGTCTAGAGACCAACGACGATCAGGTTGTGTCAAGTCGACTCAGATGACAGATACGGGACACTGGAGTCACTTAATCCGTCACTTTATCTAGTCCCGCAGCAAGTACGACTTGGGGGGACCTTCTGTGAAATACATTGCTGCTGAAACGTCGCTTAAAATCGCTACTATTGCCATGCGTCCGAAGGAAGCGACTAGCAGGCCTCTCGTCACCAATGTCGACCATTTGGTCTTCTTTTTTGTTCTGGTGAACCTTTACCATTTGATCGTTGCCCGGCGTAACGGCAGGCTTAATTTCGTAATCTGTCGCCTGGGTTATGCTGGCATGTCCTAAATCGCCAATTCGACGCGCGGCCGGCAGGGGTCTTGTCTTGAGAACTTGCCGTGCCGGTGACGACTAACAAATATCCCCCCCCATTGCATGCACAC,822,50.73,Caenorhabditis elegans
SEQ_646852,CCGATCATGCATTGTCCAGCAATTGTTTTCGCAATTAGGTGAAAAGCAAACATTCAATTCGACGGGCCGATGCCAAACCTGCCGGAAGTTGCCTGTAGGCCTCTTGCCATTCCAGGGCTGCATGAGAAGAGTGGGTTCCTTTCTTCTGAGATCCGAAATGAATGGTGGGGCCCCGTGGTTAGTGCCGCTCACAACCCATATTAGGGTTGGAGCTCTCTAACGGCAAAACGGGGCAAATGGTCAGTACTGGCAGACCCTTCACGAGAGTTGCTCGCTACTTCAGTTCAAGCTGGGCTGTAGCTAGGCGTAAATTTGCGTACAGAGAGGTAACCCTCCCCAAGGAGTAAGAATTAATCATTTCCCTTACTACGTTTTAAGGTCCGAACGGGCGTCCTTCACTTTTACCTCATACGCTGTTACACAATCGCTCTTCTACGAGGCCTATGCGAAACTGGGTACAATCAAGCGCACTCTGAGTTTTGCAGAGATCCTGTACCCCCGCGAAATGTGGTAGCTTCAACCGTTATACATAAAAGGAATACCAAGGTGATAGGTACTGGATGGGACTGCTGGAAAACAGGACGGTCGAGCCCTCTTTTAAGAGTGCAAAAGACGGGACTCTCCGCAGCCGATTCCTCACTGGCGTAAAAGTTTCACAGCGATGATCCGTATATATCTCCGCTCTATTACTCCATTTAGCGGGGCAATTAAAGGGGGCTTTTACAAATTTCATCGGCCCGACCATGTGGGGGCCTTTAGCGATGAGCCCAAGTACAGGTTGGGCCCTCATATGGTTGGGGCGATATGCAGGCAGGATTGTCTTGTTGTGGACCCTCGTTCATTACCACTCCCCATCATCTCAGGGTCCTCTAGTTCGGGATCACCACCGGGCTATCCCCGACACCTGCAAGTATACTTGAGAGTAGCATAGAGCAATGCGAAGTGCCGGCGGTAAACTATTTATTATAGACCGAACTTGCTGAGAGTGATCTGCGCGGATAGATTCATACGTGCCATCGTGACTGCAGTTTGAGGTTACCTGACACTCGTCTCTGATCACGGACCAGAATTTTTCATGAGCCAGGACGCCTGCGCTCATGCGAGTTCGATTCACGTCGAGTTTACAGAACACTCGTGACGTCCCCGTTCCTCGATTACGGCTTTGAGTAAGGGCAGTTAGAGCATGGCTGCGTTCCCGTCGG,1202,50.67,Caenorhabditis elegans
SEQ_689264,GCACTGCACTTCAGGGCCTAGTCTGGTTGAAACGGATCAAGCAGGTAGCTAATTTGCAGATCAACGGACCCACTCAAGCCGTGCCTATTCGCGACTGAGGGAATTCCGGCTCCTCGAACGACGGGTCACACGCTACAGTGTTCGATGCTTATTGCTTTCTCCTTGCTCCGTCTTGAGAGAAGGTCGGCCATTGCTTGGGGTATGTGATGTGTAGCAGCGACCAGGGTAAAGTGGAGCTAGCATCACGGTACGGGTTTAACCCGAAGAGGATTACACCGATGCCCATGTATGTCAACAAGCGAAACTACACGACGGCGTATTATTGTTAAACTTCCGTAGGCGTATGGGCTCACTAGCACGCGTCCCCTTACTCAGGATGGTCGGTATCTAACACTCTTATACTAGTATGTTGATCATGATAGCTGGTTACCGGGTAGAGTCGACACTTGGTATATGATGACCAGATTATGCCACATTTCTTAGATCGTTTTAGAGATCAGTAGAGACTCACTCCACCGCGGGATTTAACCGAGAAGGTGTACTAGTTCGTTGTGAGGCACCATGCTCCTCCCCGCCGTGAAATCCCGGAAAGCGTTCGACTCCAGATGTTCTAGCTCTGCAGGTTAGATATTCCTCGCGGCAGCTACACAAGCACGGGCCTGGATTTCTGGATCCACCTACGACGCAGTGAATTGAAAGATGAGCAAGCCGAGGTAAGTTTGTCGATTCATTCTTGATGGAACACGGAATCCACACGTGAAAAAATTTGCGCTGCGCAGCTTCTTGCCTGAGTGTCTGCGCAGGACGTTTGATTGATCGCGCCCCCATTGTCTATTGGTTCTCCAGGTAAATATTTGAAACGGGATTTTAAGAAAGGCGGGAAACCCTCTAACATCTCGACAGGCAGAAGACGCATAGGGGTCAACAACACTACAACTATATTTTATCTAAACTGTGTTGCCAACTACACGAGGGCACAAGCCACTAGAGGGTACGTAGGCACGATTTGGACCCTGGAATACTTATCTTCCCAGCATATGACCGCTTCGGCGCGTGCGTACTGCGCGTACCTGAGAGCTCCCCTCCAATGCTTTAGGTAATCGTCATCCCAGTCTCTCATTCACACGAGCGCAGAAGTGGCCAGTTCTCGGCCGGGCAGCCATTGTTCCGCGCTCTAGATCTGAAGCGTCCTTTTGAGACACCCGACAACACACCTTTTCAGTGGTTGCCCGGGTCCTAACCGGACGAAATCACTGCTTGGCATCTATCTTTGGAGTAAGACTTCTTCGTGAATATCATTTCTAGGGATAGTCAACTAAGGCGCCACATAGCACCCAACATCAAGCGTCGAAGTGGTTAACGACTGTCTGGGGGCATCCAAAGACTTGATTAGGGATTATATCAGGGGTCAGTTGGTGCGCAATAACGAGAAAGCCCGTAAGGGCCAATTGATAATGCGACACCAGTTCATGCATCTACGTTTAGAGCCCGAGACTGATTGTATTTTTCGGCACGAAAGTTTGCTTCGCGTTCAATTAAATACACGGAATGAAGGTGAGATGTCTTTTGGAGGGTGTATTAAACCCCAATTGACCATTGTGTATATTGTGTGTTCATATGGCGCAACTGAAGCCGCTTTTGCCCGGTCGCGAGGAAGACAGAGAGCTCCCAGTAACATTCAGGTGGCGTCGGGTCCTATCGCATTGCATCAGTACCAATCCGGTGACGTAATCTCACATACTACCGGGGAAGAAGTCGGCTATCTTACCTAATGGTGCAAATCCGAGAGTGCAATGTGTACTAGCTAAGATCTATATTAAAATCTCCTGGTGAAGGCCCAGAGTACCCCCTGAGAGAAA,1859,49.33,Homo sapiens
SEQ_378875,TAGCCTGCGGCTGGAGCGTTTCTTCCTGTAGCACAGAGCACCCTACCGGACCATTCCTGCCCTGCTGCTAGCATAATTCAATCCGAGCCGCCACATAGTTTGCACTCTGCAACTGTTTTCGGTTTCATCTCACGCAGCAGACTCGACTGATCGCGCAATCTTGATTCTGTAACCTCATATGTCTCCATAATTATATCGCGCTGCCATATGAGGTGACCCTATTACGTCACCAACCGCTGAACTCAGGCTCAGTTAGAACCCACCGCTTACCTCCGTTCGACTCATAATACATCAAGCCCCAAACATCCATATATTGCTTTGTCGATATTCCGAAGCGGTCGGAAAGTGGTTAGGCTGACATTATAGGCTATAGGCGAAAGGGAGCTGTGTGGACAGTACGGGCAGCATCAGTAGTCAGCGTTAGGCCCGCTCTGGAATGATGCACCATTACAGGTAACGCTCGTATCGGCCGATAAGAAATTTCATGGACAAAAATACTTTCCAGAGTACGCAGCTCGTTGACCGCTCTTCCGGGGCCCGCACTTTGTGACGACGATAAGACTAGCGCGTTCATACTAGCTCTACTAAAGTGGCATCGCTTGGATGAAGGCAGATTCGGCATGGCAACAGGCTCGTCCCAGTTGCCGCACGGTGCGTGACTGCCCGATCGACAGGATGCACGAGCTTTTCAAGCTGCGTACTGAGAATGGCGGTCATACCCAACCACCAGGGTCTTAAATTTTGGGCCGTCCATACGTTTTTATATATCGCTTTAAGCTCTCCCCGAAGACTTCTAAGTATCCTCCGCAAGTGCGGCGAGTTAATCCCTCGGCGCCACCTAACACCCGAAGCACTACCTTTTGACATCGCCTTTGCACTCAGCGTGCGACGAGCATTGATGTCGGATACTACATGCCAAAGTGACAGTTATGCCATTAGTTCTGTACTATGGAGAGATTCACATCCTATTCCGGCATTCGAAGGATCAACCTAATAGAGCGTTCTCAGCCAAAGTCCAATTATAGTGGGTCCTGGCATTAAAGGGTACCGCAATGAAGCGCGCGGTGTATGCTAAGAATCATATGCATTTCGTCGCTGCAGCTCGCTGATCCCTAAGTGTCCAGGGACATCGTAAGGGAATGGGCCCAAGCAAGACTGCGTCCTCCGTCATTATGCCGATTGGGGTTCGCTCTGCTAGGCAAAGGCCTTCATACGATCTAGCTTAAACTGCTTTACCAGTGAGCGAAGATGGGTACGTGCCCAGTGAAAGATGTATGTTAGAAACCGGCCTCTAACCGTGGCGCGAGTAAGTGTGTCGAATTGGGCGCCTTCATTACTCTGAATACTTGACACAAGGGCACACTAAAGCA,1370,50.51,Saccharomyces cerevisiae
SEQ_660875,CTCACATACCTCTTACCTTACTGAAGCACCAGGACGCCTGATTGCTGTGTGATTGTGAGGCCCTGCACATCTGAGTAGCAGGTCCCTAAGCTTAAAGCTTGGCCGCGGCGAGCTAGCCAGGCTGGACAACTACGGTCAGGTCCTGATAGTACACCCTTAGAATCGTTGGGTAACACGCTTCATAACGAGATAACACATCTGCCCTAGAGACGCACCTGCCGCTTCGGTTCACGGACACCATGCAACTGTTTATCCGTTACGTTGAACTCTCTTAGCAGCAGGCGTAAGCCGCCTTTTCGTCAATTCGTATGGCCAAATAGTACATGGACAACTATTTTGGCTGCGTGGGCAGCTTGTATAGCTCTTCATTATTAG,375,50.4,Saccharomyces cerevisiae
SEQ_503975,TAGAGTTCCATGTCTCCGAGAGTCGCATAGCCCAAGAGGCCATGGGGGTTTTGAGTCTACACATGTAATTTATCCAGATCAGGGCTTGCATTACGCATGTGTCAGGGAAGTACGGTTGTTAAACCACCACCCTGACTATGGGTCTGCCACGGGATGTCATTTAAGTTAATCATACATTACGCAGTGCGGCGACTTAACTGCTCACTCCCAGCTGGAGAAGTGAAGTACGTTAAACTTGTATAGGGTCGTGCGTCTTTTGATGTTAGTGCTCATCGAGGAGTGGATGTTGCTGCGCAGTACACAATGTCGAATGAGCATTGCAGACCCTATCTTGATAACGTGCCCCCGCAAGTTGTCCTAAATATCTCTCGGGTACGATTGAAGTCCGCCAACCTTGTTTCGGCGACCGCCTCTTACACCGGGTAGGATTTACTCTAACATTTTAAACCCGATTCAGGAGCGGGCGTTTCATGTGATCCAGACTCTGTACAAATTGTCCAGATGAGGTCATTCTGTTTTCACAATGCCTTAGCCCTCCGATGAGTTTAGGTGACACAGTGCCGTAACTGCTGTAGATAAGTCGCCCTCATCCATCAGGCGCCTGCGCGTCCTTTATACGTGGGAAGCCGAAGGCTGTGGACTCGCCTATCGCTGATGCTGATTCTGCAAAACGAGACCCATGTTGGCATGACCAGGCCACGTTGTTCGGATGTAGAGGCAGGAAGATCAAAACGACTCTCGTCGTCTATGGAAGTCTAATTTTATGTACCCTGGTGGTAGGCTGCCTACCTGACGTAAAGGCCGGCGGTTCCCATTTTCTTGCGCCCACTTAATGGATTCCCAGACAATGAATCTGCCACAATGACCGAGAACCGATCCGCAGTCCTTGTTGTGCCTGTAGTTCAGAGAACGCGCA,916,49.89,Drosophila melanogaster
SEQ_608573,CCATACTCGGGCCTTCCTTTAACGTTTGAGTCGCGTCTGTTCTGTCGTGAGAAGCGCCGCCGGGGTCTGGGCGGTTGGCGAAGTGGATCCTGGGT,95,61.05,Caenorhabditis elegans
SEQ_338770,CGACTAAGAGACACTACAAACCAATTTGTTTCGACAGCCCCCGGACATCAAAGGCCTGCACCAACAATATTTGCCGACGTTGATC,85,48.24,Arabidopsis thaliana
SEQ_637646,CCCCATGGCACGGATGTACGGACGCAGCCTCTAAACTATAAAAGTTGGCCTAGATAGAGTGCTACGCCCACTATTCCCGATTTACGAGAGCTAGCGTCTTTGATGCTTAATTAGATGTCTTCTCTAGCGGTGCAACTAATAAAGGGGCCGTTTGGCGCAGGCCCCCTGGAGTCTTTTAAATTAGATCTTTATGTTGCTAGTCGGCACCCTTGACCTTTCACCCTTAGCTCATCGGCAACTCGCTAGATAAAATCGCGATCGTCAAATTTCTCGAAGCCGGCAGGAACGATGACGCTAATCATAGCACTAGAACGAGCTACAACTTAGGCCCTCGCTCTCGGGTCTCTAAGTACCTGACAGAGGAACAGCAGAAAAGCGGGTTCAGGCTCGTTAGCGTGTAGTAGGTAGCCTAACGAGGCGTTCCTGTCTACCGGGGCTTAGTGCCGTCGCCGGGTAATTATGCAAGATCGTTCCTAAGTAACTCCCGATGTGGAGTATCGATGACTGTGCCACACCCTTGAACACCTGCTTGGAACAGCTAATAGCATGCGGTCCCATTATCCCGAACGAGTTTCCCGATTTGTCAAATGGACGGTAGACTATACAAGTGACCAAGCGGGCTAACAAACCTCGGCTTAAGACTCTCTCACCTGATGGGATACACCGATCCACTATGCATGCCAAACGTCTTATAACCGTAATCGTCCTCGCGCGGCATTCGCTAGCCGACGTATTCATATTTAAACCACCAGGATCGGTAAATGCTCGCTTTATCCGGAATTTCAGTACGCAAGGCCCGAGTGACTTAAGGTAGGGCATACCTTCAAGAATACCACTATCGCAAAACGAGAGTCAAATACTAGTAAGTCCCGCAAATTTTTTGCTAATCCCCTAATAAGGCGAGTACTTGCTCCCCAAGTGTTATTTGCCATGACGCACAATTTTGCCAGGCCACAGGAAGAACCGCCTATCTTGTAGCCGTCAGTGACAGGATTTCAGTCAAATATATTGGATACGATCCGAGGATACGGCTTACTGCATGAACTACTTGTGGCTGTTTAATTCTCTAACGGTAAGTAACATCTACCTGTGATGGTCCGATCGACAGTTAAGTTAACGTTTACATCGGTTTGGAGTGGTATATTCCCATGGGTTGTGCCGGCCTTCTTGTTGTCCACCAAGCCCGCAACGCATCCCGGCGTTCCGCGAAGTCAGCACCGCTTTTATAGCACCCCGTCAGCGTGGCGAAGATTTCCCACACTGACTAATTATCAAAGGCACGGATCTGCCAATGTGAACCCGCCTAGCTGCCCACAGAGCATTGCAAAGGGCCACATCGAGCGTTCGATCTAGTGATACTAGATGGGCCCGTGAAACGTTTATGCTCTTCTGCATTGTGCATGGTTCTTGTCACGAGGACCCCGAGAGTGAAGGACTTTTTTTAGAATGGGACGGTTAGGCATGGTACGGAACTTAGAATCAGCTGAATCATGCGCTCGGTCCTAACCTAGCGGGTGAGCGGGGTTACCTAAGGTTCTCCGGCAATAAGCATAAGCCCCAAAGTCCCCTCCATTATAGTAGTGCATAACACATTGACCCTTAAGCGGTCATGCAACTCCGACTGAGCTATTCACGGGATTACTTATCATGTCACCTATTTCCATCAATCATCGTAAGTGCGCCATACCCGCCATCACTAGCCCGTAGCGATTGGCGTCCGCGAGCACGTACCATGTATTCAGCGGCTCTCTGAAGCGTTGAAACTCTCGAATTTTTGTTCGCTCGATATCCCCGGCTGTGGATATCGTCATATATGGCGGAAGCGTCTTTCATGCCGACAGGTGATTAGCCCTATCAGTTTCGCACACCCGATGGCAGTCTAGCACAGCCCTTTCTCCAAGTCTGTTGTTAGCGCGTCATAGACAGCCGTCGAA,1934,49.59,Drosophila melanogaster
SEQ_237238,AGATTCGACTTAGATGCACCGACTGCGTAGGCGTGGGATAGCTTTACTGTCCTCCACGCCAAGGCTCTAGTTCCCACGCCCCGGAAGTATACCTAGTTTGGTGTGGATCCTCGCCGATATTTATTGCCCGTGTAACTCCGGTACCCGGCCTGCGTACACGGTAATTCTAATGCCAACTGACCTGCCCGAGAAACAGCGTAGCACGTTACTGAACTCATCCCAGAGCAGCCTCCGGCCGACTTGGAACAGTTACCAGGGATCTATGTGTTTGCGACCACATTTCGTGTTGATTACAGTTCCCGCCGAAATTTCGTACCGGAGATTACTCGCCCATTCCTCTCTCCCGCACGGGTATGTTAAAGCGAGTCAGTCCGTTAAATCATCTACCGCGCTCTCTTTCGACCGGGCTTCTTGTTACGAGATCTTTCTCGTGTGTCATGAGGGCGCAAGCTGATTCGGCCGCACGTGTGTGCTAGGCCACATGAGGAACACTAGGCTTCTGTTTGAAAGGTACGTGCTTGCTCCAAAAAGCAGGCCCGGAAGCTCTCCGCACATTTCAGGGTTCTGGCTCTGTAATTGAAGAAGATTGGGAGATAATCACTTGCTACCGGTCAACACGGACGGTCTGTGACAACAGTGTACTGATGCCTACGCCTGCCGCATGTCAACGACAACTCAAAAAAGGCGCGCCCTCGGATGAATGGGAGAGTTCTTAAGAACTGCGT,725,52.55,Escherichia coli
SEQ_117041,GAAGTGCAGATCTCTAGGAGCCTACCGTGGCTCGAAAACAACTAAACGATATTGATGGGTTGGTGGGAACTCGGTCTCTCAGTCAGAGCAGGTATGTGGCTTAGAAGTGGGTCGATTGTCCTACCGTACAATTTACAGCCGTCCAAACAACGGTCCTCCTTGGACGTTCTTTCACCTGCTTACTAATTGCACATCTTATAAACTTCATCCAGGGATTCACTTTGTAGCACCTGGCCGCGAAAGAATGATTC,251,47.41,Arabidopsis thaliana
SEQ_925452,ATTACGTTCTAGAGGAGGCCAAGGTATCCGACACGTGGATTTGCACCGTTATCTGAAAGTGACAAGAAGCTGTGCCGTTAAATCGAGTTAGTATTAGCAACCGTCTATTGCAGAGTCGCATGAAGCGATGTAAGGGATGCTTCCTGGGGTATGAATATGTGTTCTGGGTGGCGTACCTGGCATAACCGTAATGCGGGAAACCTCCTTTTGCCTAAGGGGCGGAATCTCAGGCGGAGGCGCACGTAGGGTCCTGGGTGCACGACCGCCCATTCCTTGCTTATAGTGTTCCGCCCGTTAATTTATGTGCTCGTATATACTGATCACCCTTCGGCAGCGCAGAAAGGTACTTATTAGTACACCTGACAGAACCGATGGCCCTCGACAGAAACACGCCAATTACGCGTGACGCATTGATCCGGTGCCCGTTACCACCCGCCTAGGGGGCTTGCGCCGGAGTTCCGCCCATTTCTCTAGTGACTTCGTGTATGGACCAGAAGAATAAGCACATCTGCTCGCCTTCGATATTATGCATCGTCAGCTGGGGGTCGCACATGACAAGTAGCAATTGACCCATGGGCACGCCGTGCAGACTGTTAGCGCACACGTCGCGGCCTTAGTGGTCAACAGTAGGTGTGCCCTACGCTGTTCACTTTGT,655,52.82,Drosophila melanogaster
SEQ_787645,TCATGTGTGTAACCTTACGCTTTCCACGAGCACTGCCTTTCGCTCCCCTTTCCGCTCACAGAGATGTTGCTACAACAAGCCCGAATCAGTTCCCCATTTGTCAGGCGACGTCCATAACGGCCTTCAACATCAGTTCAACAAGTCACACGTGACCGGGCGGGGGCATTCGCCGCAGCTGCATGTAGGCACCAACGTCTCATTTGCAGCAGACGGACGCCTTACCATTCGTTAACGATGATCGCTGATTGGCCCTCTGCGAATCCCAGTTGTCACTGGTTTATTCTCTGTTTGGTACCAAGAGTCAATCTGCCTTCAAGCTTCTTTCTACCCCGTCTTGTCGTCAGAGATCCTCGAGTAGAACCCTCCGATTTGATGCAATACACGGCACAACCTCCCATCCAGGCCCCTGGGACGGTTTCTGCACTATGCCTCGCGCAAAACACGCGCCATCCCGCTTATATCGGTTTTCCATCGCGGTTGGCACGATCTATGCGGGCAGTAATGGAGGTGTCCCACCCCAGTAGCTGCTGAGGGTAACCCAGTAGAACCGGGCGCAAAACTCCCAAAACCCGGTGCCGAATGATACGAGCAGGCGATCTAGTCGCGTAACTTCAACTTTTCCGATCATAGACAAGTTCCAGAATACTGCTTTAAACCCCTTCATCTTAAATAACTGAAGACTTCAGCCCCTGTGTTTCAGCCATTCCTCGGGGCATAGTCTGCTTTTACGAGGAGACCAGAGGTTTAGGTACTGCAAGAGATTAGGGTTGGTCAATGTTGATGTAGATGGGACCGACTGCGTGACCACGTGGCGCGCCTAGCTGTAGTTGGGTCCTCTTGTACAAAACCGACTCACGCTTACACAAGTCTGACCGGCGAGCTAAATCGCACGCTCGTCCCTGTGCCGGCGTCGACCCCTTTATAGTAGCACGCTTGGCGACGATGTGTAGCTCTCTGTTAGTGTGCTTCATAATTCTGTCAAGGCCCTAGCTCGCAAATTCCGACTCGGCCATTGCGTATCCAACCCTAAATCTCATTACACAAGAACGTACACTCTACAGCTAGACAAAAATGTGACGCCACGATTTCGGCTTACCCTGTTACCTGGCGCGATGTTAGGGTCTGCAGTGTGCTACACGCTTTAAGTTCAGGCCATTGCTCGGTCTGGCGTGAGGGCATGCATTCATCCTTGTCATTTGTCCTGCGTCGGCGAACACCAGGGGTGTTACCGCC,1233,52.55,Caenorhabditis elegans
SEQ_980985,TCGCGCTGCGTACGACAAAGTCCTGCCTAGATAGCTCGGGACGAATCGGACGGTCGAAGTGGCGAACACGCCGAAAGGCAAATCTGCGTGGATTTAGGCAGACGGACTGGCGTGCGTTTTAGTCCTAATTATGACCATCTCTTAGACTACGTGCGGAGAAAGACCTCCGTTCCCAACTACAATCATCGGCCGTGCTTTGTTGGGTCTCCTACTGTCTCATAACCTCTTACTGGGCATCCGATTACGGCTCTTCTAGGCGTGGGCGTGTGGGCTTATTGGCCGGGAAGACAAAGCAATTGAATAACGAGAGATCAGACTTTCAGTACGCGATGCTCAATGGTTACACCATGTGCTAACCTTCGTCCAGTTGCGCCTCAGGTCTACTGAGCAAGAGTGTAGAAACTATAAGGGTAAACATCATAAGTCTCATCGCATATATCAAGGGCGGACAAAGGTATCTCCAGTGCCAAGGGGCGAATCGAAGCGACCCAAACGCAATCGGGCTCGGCAATTGCAAAGGAGCCACCACCGTTTAGCTATCACGACCTGTGTCCCTTACGGGATCCTCAGGGACCCAATCTGTAGACTATTCACTACATATTAGCTAATATAAGTTATCAGTAATCCCCCCCCGTAGCGTCCGGCTCTTGTGGCTATGTGCTAGCACCCGGTCCTTGTTTCCTTTTTGCTCCCGCGGCCCCACCAAAGTTCCTAGCCGAGAATCGTATACTCTTTGAGGATTCCTTGGATGCGAAGTTCATCTCTGTATCATAGATACGGGGAGTGATAACATTCAGAAGGCCTCTACGTCGCGCCTCACACAGGGGTCTTGTCAGCACCCCGAGAGGACGAGGGCGTAGTAAGGCCCGTGCAAACTAGTTAGCTTCTCGTGTCAGTAGCGAAATTCCCATAGGGGGGGCAACATAACGAATCGGGTGGGTCTTACCAGATTCAGAACGGGAAATCGATGCGCCGCGATTCCGATGAAAG,990,51.62,Caenorhabditis elegans
SEQ_704157,CAATGGGTTTGCACAGTCAGTTCCGAGGCGGGGCGAACTATGCCTATCGGGCACTAAGAGTGCGGTCCGAGTATCAATGTATGAGTGTAGGTGAGAATCCGATAGCCCGCTGATCGTGTCCACCTCGCATGATAACATGTGAGGATGAAACCAGTTGGAGCCAAAGGCTCCGAGAATGGTGCTACGGACACTTTCTGAGTATTCCCCTTGCATTAATAAAGGGCGCCAATGACGATAGTTACATTCCTTCGTTTGTACACGGCGTCTAGATTTAACATTCCGCCAAACCCATAAAAGGAACACTCCATTCCATGTCCAAACTTCTATACTCTTTGGACGTCCATGGAAGAAGAGGGGCTTGGCCTAAAAAACCTACACAGAATCATAGGCACCAGAGCCCCCCGAGTTAAGGATATTTACCGCCAATGCTGTATCGGTGATATTTTAAGAAAGATCCTGGTGCCCCATAAGCAACATTCTAGGAGACGAGGGACGTCTGTATCGGTGCAATTGCTGCGCGTAGTTCCAGCATTTTGCCGTAGCTTCTACGCGGAAAAGGCACGCTCTGTTTAATGCGGTAAGTGT,585,48.55,Drosophila melanogaster
SEQ_189662,TCCCTCTTCTACGCGATAATATTCTGTTCTGGAATTACACACCTATCCCTTGGCTTCTGCGTAGACGATCCTGATAGAGGAGCTGTTAGTTGCGCGGGTACTGTGGTGGCTACCGCACACTACAGGACCATCATGCGCATAGAAGACAGCTGAGGTCGTACACTAGTGTCCAATTGAACTAGCTGTTCGAATCGAAGTATAATGCACCATTTGACACAAACAATAGCGAAGGGGAGCGTCTAAGTGAATCACTGTACCCAGTGCCGAACGCCTGAAGAACTGCCAGCCAAAGTCTGACGCCACAGTAGTTAGACTATACCTCTAGTGGTTTTGATCTCTAGCCAACTCCTTCGGGCTTTGCACTAAGGAGTGTCTGCAAAAGAAGAATCCCCAATCGTCTAGTCATCGACACTAGATATACTTTACTAGGACGGCTAGTACGAATTCAGTATTATGCTCGTAGGGGGAATACGCCACTGAAATTTGACGTCCTGGTGTGGCAGACTATGACTTGTAAAGCTATGCGTAAA,530,46.98,Arabidopsis thaliana
SEQ_730543,TCCTTCGATTTTCCGACCCGCTGCGCTGTCAGGAGCAAATTGCTGTCGTAACTCGGAAGGTTGGTGAAGTTAAAGCTTGAACTGGTAATAAGCCGGATCACCTACTCTTCAACATCCGGGAGACAATCAATAGAGATCAGGTTATCATCAGTAATGCGCCGTTATACCTTGGTTCTTGTTGTGACTGCGGGTAAATTCTTTGCTCCGTGCCGTGGTAGGGTAAATAGTTACCCCCAACTACGCGACCACTTCCTACTAGCATACCAAAAGCCGTAACACCATAACGGATCAGATAGTTGACATGCCCGTTATTTTGCACCGCATGCAATAAGTTCTGACGTTGTGGGGCGTACTTTTGGGACCAGGTCTGCGACGCGTGTTTCTCCCTAATAGTTATCCTGAGTTTAGTGTCTAACGCAGTGTCCCATGAAGTTATCCTGCATATGTCCGCCGCGGGATCCGCTAGTCTACACATGAGCCGCGTTGTTTCAAGGGTGGCGGTTTCAAATTTTTACCGGAAGAGAAGACTTTTGTTCTGTTACGTCGAGACGGTACGTATCCCTTCCACGCCCACGAATTGTACAGCGTCCGACTCTTTCCTGAAGGCGCCGGAGCAGTAGCATGAAATAATTTTATCTCAATCTCAAACTAGAATGGTGGCCGGATGTAAAATAGTGGGCGGGGTGAATCATCGTTGCGAATCGAACGCGGGTGGCATCGCTCGGTTACAGTCGGATAAAGAGCGAGACCTGATAGTGGTACATATTGGATTCGGATCTGCCCCTAGATACACCAAACGTGCAGCATCCGACTATGGTCGATCGTACAAGTCTGTTTGTAGAAGTATTAAATACAGAGGTCAGCGTGTCTAGGGTTTGGAGGAGAGACTTAGACCTCCACCCACCTTCCACACAGTCGTGGTGCAATGGATCCTGGTTCAGCAGGACATCGGCTGATCCCCGGGAGTTACTTCCTAACGATAGTCCGACCGACAATCAAACTCTCCATACGATCCCGGTGAAGCATACTGTGGCATGCGAGACTCTGGGTTTTGACGTTCGGTGACGTGCAGGAGCAATAGCGGGCATTTCGGTGGATGGAGTTGGATTCGGGAAGGTTCGACAGGGTGCCTTGGAGGAATGAGTCTCGACTTAGATCCACAGTAGGGCTTCTGTGAGTTGTTAGGTGGATCTGATGATACGATTACCTAACACAAGTGGTATCGGAAGCTTACGGACCTTAAGCGTTGAATTTCGCTTGTCGCTTTTGATCAAACTAACAACCTAGCCAGTTCTTGCCCTTGATATCCATCATAACAGTCGGAACATTATCTAGTATGTGGCGTGGATAGCTTATGATAAACGTTTCCCCCACACGGGTATCAAAGTAAAGTCGTTGATCGGGAGGTGTTGTCCTTCTCTAGTAGATAAGATGTTCCCATGCATGGGAAGCACTTAGAGTCCCCCGCTCCTGCTAGGTCGCTGGTTAAGTACTCAGGGGGGTAACTATGTCGATTACGTCAGACTAGGAATCCACCCAAAATGGGTCATACGCAAGCACTCCACCATCACGGATGATAATATTTCCGACAATCAGGGCTCTCCTGAATACATCTGGCGGGTAAGCGGATTGTCTCACACCCTGTCAGTTCCAAAGCAGTCAGAA,1665,48.83,Drosophila melanogaster
SEQ_953027,AACTAATAAGCAAAAAGACATAATATGAGCCAACCCGCTGGAGCGAGCTAACGGATAGCAGGCCTATGAAAGAGAGGTTTTGTGCTTATAGAGGCTTCTTATATCGCTGAACTTCAGTGACTCAACGCGGCTCCTCACAGACGTTCTCTGGCGACTAGCACAGTATATATATGTAGTCCTGTCATCGATTAGGGGGGGTGTTTCTGTGTATGTTTCTCGTTACGGATTACGACAGTAGTATCAGGTCGGAGGGCGGGGATCTTTATTCGGCGGAGTATTGGAGATTTGGGCTCAGAGTGCTCCCCCAGGGGGACCGCGCGTCATCATGCATTACTACAAAAGCACAAAACTAGGGCCCTTCCGTCACGCAATAACATAGGTATGGTCTGTGGCGTTATTGGGTAACACACGAGCTTTAAGTGACAAGGTGACACGAAGAAGCGGCCAATTTCAAGAAACGGCACCCAGGGCCTCGAAACTATGGAAGACGGCGTCGTAGGCCCCAGGGAGCTCGGTGGCAAAGCCAAGCGTCCCTCGGGTGACTGGGCTGTCAATTTCCTCCTTACGGTAACTTTCTTCACTTCAACGCCAATTGACTCATGGAACCGGGGAAACGAGATTCTTGAGAGTCATGCCTATAAGCTTCCTAAGAAAACGGTGGAGAACTTGAAGTAAAAGACCGACATGTCTGAATTAACTTGCCCAAGATCTGCAGCCACATTCTTGTGCGGATATATTATATCAAAAGATTGTCGACGAAAAGAGATCATTCCATGGTGTATGCTTTAGAGTATATTAAGTATCGCGCGGGGAGTGCGTTCCTAGTCGGATCCAAAAAGTTCTAGCCCAGGGTGTCTATGTCGGCGTCCCTTCCTGGTCACTGACGTGAAAAACGCCCTGGTGGGCATGGTCTCCTTGGGTTTG,924,49.03,Escherichia coli
