sequence_id,sequence,length,gc_content,source_organism
SEQ_613781,ATCATGACTGGAACTAGGTCTTGCATCAAATCGATAATGATCTCACTCGTCCGAATTAGTTGATTCTGTCATCGGCTATTGGTCGCGACGTGGCAGCGGGAAGGAGGCGAGAGGTAACATAAACGACGCTTGTGTCTTGTGGAGATTTATGGAAAGACCGCGAAGGCTCCCCCGGTAGCGCTTTGGAGCAGCAGTGCCCCATCATACCCGACCACTCGACTAGACAGAGGATGTTCTGGAGGTAAGTACGGTCAATGTCTTGGCATTGAGCTCAAAACAATGATCCATGCCTAGAATACGGATGTTAAGTCGCAATTCGGTTGCTGGTAGCTGAGTACGTATGGCACACCGTGACAATATCGAATAAGTTAACTAGATCCGTACGCAACCAAATCGCGCAACTATACGAAAGGCCGTGGGGCGATTAAGAAAGTGCAGAGGGCTAATGGCCACATCCAACCGGCGCTCCAGAGCAACGAGGACAACCGAGCTACAATTACCTCATACGTAACATGGCACGCTTTCATGAGGCGTGCCGCTGTAGCTGCCGATTTATTGGTCGGGATGGACTTATTCGAAAAGCACTCTTCAACCCCTGTCGGCGACGCGGCCCGTTTCAGAGTATCAGCTCGCATCATCTGCATCTCAGTACGGGGGTTTAAGGTAACCTGACGGGCCTGAATGATTCCCTGAGCATCGCTACTCCGAGTTATCATAGAGTGAATTAGACGGG,733,50.75,Saccharomyces cerevisiae
SEQ_557630,GTCCCATCCGTAGTTAGGAGTTGGGTACACAGGTTCGCCTGAGAGAGAGATAGCCTTGATCGTCACATGGCCGCCATGTGCACGTGCTGAATTCGCCTGCTAACGCAAGATTTGGCCCGAGCAGTGGGTCTCCCAATGGCTTGGTTCGAAGTCCTTTGTATCCTTCACTTTCAGGCACGCGCCGGGCGGCAAGAATCATCGTTGATGGATCGCGCCCTCTACGCTGTGTTCTTGTGGTCACTAGTGCGCGGAAACTTTTCCTGGCGCACTCCCAAACTTTAGCAAAGCTTTGCAGGCATTTCCACACGACGCGGCGACAATAATGTCGTGGGGCTTTCTCCTTTCTTCGACTATAAAATGAGTAGTTAACAACTGCAGTATGCCGCGTCCAGGGTGAGACACACAGATGCTAAAAGATGCTCCGCGCCCCGCGTAGCGGTGTGGCAGGGTTCCAGGGTGAGCCTTAGCATGCCTAACGGCAGGAAAACAACTAGTTCTTACAGCGACCACGGGCTCTAAGCGATTTAGTAGTCCTTCGTGTGACATAAGTAACGAAACTTGACGGCCCGAAACGAGTTAGTAACAATGTATTGCAGTTTGCGTACAACCACTATATCTTACAGCTTTAGCTGAACTGTTTATCTGGTTTTAATTCATAAAGCGCCCACCGATCTCCCGGGTAGACTATTAGGCTTGATGACGGGTAGCGCAATGAATTCTTGGTCATGGATCAGGTTCCGATAGCCAGCGCACAGTGCAACAGTGCGGTTCCTGATTGTACGTCGCTTGGCATCGTTCGGATGGAACATGTTGTGACCCCGTACTGATTCCTTTCATAACCGATCTCTCTGCTCCCCACCTGATGCAGCGGGCTTACTTTCGTCGGGTACACGCGGCACGCATGTTGTCTCAACAAGTATCCCACTTCAGAGCTTCCCTCGTCGACGGGCTGGGGTTACGACTACAAAGTGTAAAACACGTTCGCCACCCAAATTCCAATGAGTGATTCGAATGCAGGGACACTTAAGGCAATATAAACGTTGTGAAGATGCCTATAAATTCAGACGATGCCTATAACCGCATACGTAGCTAACACCTGTGGGTGTAAGAAGCGATTGCTCGTTCGCCCTCCGGGTACCGGCCCCGCTCATAGTAGTCCATATTGTCCGTGATGGGATTCGATTGCAACGTATAGAAGTTAGTTGGATCCCACACAGACGGCTGGGACGGTATCGTCTGAGGAGGGAGAAGATGTCCAGGTGAGTTTAAAAATCAGCTGTGCGGATATTATACCCCTAATTTATTCAATCATTAAGCATCCATGCACAATAGGACTTGGCGAGCAGTATTCATGGCGGCGTTCGCCTCCGCGTAAAGAAGTGGAGAACCTGACCGTATGCCACTGCGCTTTTTCTTTCGGGAACGGGTTGAACGGAAGCGCATAAAGGCCATGCGAAATCTGGTCC,1466,50.68,Caenorhabditis elegans
SEQ_962600,AGTACAGGTTAGGTCGCCATGACTGGCTGATCTAAGAGCTGGCATTATACACTGCCTATCCACGCGTATAATCTGGGCGGAAAATGAGAGAAAGGATGCAGCACACGGCGTACATCGTGACAAAAGGTCGAGGTTCTATCTTCTCCGTGCTCAGGTTTACGTTAACTATCGACTCCTGATCTGTGAGCGTTGGAAATTCATTATAGTGTCCAAGCGTGTGCGACGAAACCGTAATATTGTCCCGCTGGGCGTTCACGCCGCAGAACATCCTCACACGCGGTGCAAAAATTCTGACAGCCTCAGGTTTGAGGAGCGTCGGTTCCTTAGATCAACTGCAGCGGCTCCTGTTTAATAAAAAAATTTCTTGACGAGCCCGGTCTCGAGCTGACGCCTACTGACCTTAGAGAAAATCGGTGAAATCTCTGTATAAACGATTATCTCCCATGCACCGTAGCCTGGTCGGAGATGTCCATCCACACACTGTCGGTTTTGGTAAGGGTCAAATTTCCTAAGATCATCAGAACCTAATTTGAAAAGTTCCTCGTACTATGGCTGTGGTACTAATCCAGCTTTTCGCCCCCATCGATATACGGTGACTTCGCAGTGCTATCTCTGGTACTTCCCCTAACATTTAGGCGATGGACCAATCCTCGACAGCCGGAGGCGCGAAAATTTTGCGTCCTCGAGGGACGAGGATTTATGAATAATGGGACAGGATGGAAATAGAGTATGCCTTTGGCCCTCGGACTTAAAAAAAATTGTTAGATAGGGGAAATTGAGATTCGCTATAGATGCCTCTACACTAATTATTCACGCTAGGTACACAGCAACGCACTGTCTGTTCCCTTTCAACATGGGGGCAGACATTTCTATGAAGCCCCAAGAGTTAAGGTCCCCTATCTTCGGATGCTAACTGGTTCTAGAAGAATCGTGTCTTCGGTAAGCGTGTGGAAGAAACGGAACTTTTGGGAGTACAGGAGTTTTATACATGGTATACGTATACGCTCCTCTCAGACGCTCAACAGAAAAATCACGAACAACATTAGATGGAACGGAGATTAGCAGCGACACGGCTGCTGG,1080,47.22,Escherichia coli
SEQ_316562,AGGTATTATTGCCTGAGGACACGATTTCTGTCAATGTCCCCTTAGCACCGTGGATACTGAGGAAGCATGCGTGGAGGAACGGAAGACATTGTCCAGTGGCTCAGAGTGAACGAGAGGCTATGTCACGTGCGCGTTAAAGCTAGTTATACACCCGGGCCATGCCGCGATTTTCAAAATACAATTTTACATCTGTTGGCGTGCAGCGGCGTCCGTAGCTGTCTTACGGGGCGCTCCGAGGGCATTACGGCGATCCCATATTGTCACACAGTAGCGGACAAGGGCCGCGAAGGGTTAAATTGCAGAAGGATGGTTACCGCTTATTTACCCAACTGCGACAGTAACGGTACTGCGGAAGTCTGAGGTGTCTATGCGCCCGCGCTTGTAATCTAAACTGGGTTTATTGAGTGTATCCTCAACCTTGTGAATCGATAATCCCTATACCACGGTGTCCCATGGAGGATGTGGATGTGTTAGGGTGACGCGCCATTAATGTAGCCCGAAGGAACTGTGCGTTTAGAAGCCAGATATGACCAATATTGTTATTAGAAGGCCGTTTTCGCGCTAAGAAAACACATCCTTCTCCCAAGCAGTACGCGGCCGGTCCGCACTTTT,612,50.49,Drosophila melanogaster
SEQ_633761,ACCACCTGGGTAACACCTTTTCCGCGTGTAGGTATCTACCCCATCTTAGATACTCCGGGGTCAAACGAATGAGATGGAAACGTCTAATCGTAGTTAGTCCCGGCGCCTGGGATAGAACTCACAACTTGAGATTAACATGTCGGATATTCCATTCGCCCGGGTTGGTAAACCCAACCTTCGGGGAAGATGGTGCATCCGCTCTCATCTGATCCTCACCGGTTCCACCTGGTTACAATTGGCACGTCATTGCAGGTTATCCCATCAAGAGCCTGCTGGCCGAGGACTGCACGGTCGTATGTTGGTTGTTACGCCGTTGCCCAGAGTGTGTTTAATGGATAGGGTGTTAATCCTTGCGTTCCCTGCTGGCGTGGAAAAAACATACCTACGCATGCCTTACAGTTAAGAAAAACGGCCACTAGTGTCTTTCTAGGCGACAGGCGTTAGAGCAGGACTGGCGCACACGCGACCTGAATGCAACGTACCGCAAAGTAGACCCGACTAACGCCCAGCAGCCGCCTATTGAATGGAGGCTGCATGCTGTGTTCGGCGCCCGGTTGGAGGTTTGGAGGAGTTTTGGCCTTCCTCGCATTCTAGTTAGTTGCTTGCTTCTGCGGTATAATCACATATACGACCAAGCCTCAGAGGCTGCTGTGTCTCGGGATTCATAAAGACTGTGCTGACCTGAAGTACGTAAAGGCGTCGTTGTGGACCGTTAAGGGCATTGCAACGGCCGAGTGGTACACGTAGTAGAGTACGCATACCATTAAATAACGACTGCCTATAAGCGGGATCCTACTCTTGCGAATGTTTTAGTCTCTCAGACGATTAACCCGAACGAAGACTACCCTACATACTAGCTCCGCACTGTAAACGCCCAGGAGGGAGATCTCAGAACCTAAGATCGCCGTGAATTACCAAGGCAATTTCTTGCCCAGGAATCCGGACATTCAGCTTAGAGTTCTACCCGTTGATACTAGCTTCTCGCCTATCGAAGAACGTACGGTCCTCGGCTCAGTGAACGCCCAGGTCTACCTCAGTCGATTGCAACGGCGAGTGCTACCGCAGTGGTGAATGTAGCATTGAGTAGCGTATTCCTCGCTCACTAACAAGACGGACGACAACGCATGGTCAACTTTCGCAAAAGAATTCTGTATTCAGACCCCTCGTACTTCCGACGCCCGAGGATACTAAAGATCCCGCTTCGACATACCGCCCCCTTGTAAGTGGTTTGCGTCAAACTTTCGGGGCATCCTTGTGTGTCAAGGTCCGAGTACTACAATCTCCGCATAAGGCTCACCTGCTCTAGATGGGTAGCGTGTTACGTAGTCTATCCAACGCTATATGACCGTGGAAATAGGGATCAGCTCGCTTAAGCGGAAGCGTCTACAATATCTGACTGAACATGACAGTTCCCCAAGTCTAATATAGTGCCGGCTGGTGATAATTAGCTTTGATACCTCTACGCAACGATGCTAGCAGGCTACTCTCATTCGGTCGATTTGGTGTGTCAGTACCTACTTCTTAATATATTGTAACGAGAGATTGAGGCAGCTCGTGGGAGGTTTAGAACATACTAGACATACTAAACTGCGCCCCTTCATCAGAGTGGGCTCGATTGCTCTGACCCGAAGTCTGAAAAGCTTGAACGCGAGCCCACGAACACCACCCGTGTTTCTTCGTAAAAGTAACTTACAGGAACCAAAGTTGCTTAACGGTACGGCGGACTTATGTGACTTGCATCTCTGACGGCATCCCTAAATTACACTAAGTCCAGGATGGCGCTGCCGATCCCTGT,1795,50.25,Drosophila melanogaster
SEQ_801894,TCACCTCGTTCGAACGTAAAGTCGCAGAGCACGGTCCGCCACTTCACATAATAGGTAAATCACTTATGCCGCCGTCCACGTAATTCAGGCGTACGTGCGCTTAAAGCATATTATGTACGAAGTCGGGAAACACCCCGATGAAGCGCATAGCCCCTACGCAGTTAGCTAATCCGCTGAAGTAGCTTGGGCTGCTGGCTCTTAGTAGCTCATTTTGTACCCTCATCGGGAGACCCTCTTGACCCGGATTGTATAAATACCAGCAACGAACGGCGTATCACCCCGCTACTGATGGCTTAAGTGTCGTCATGAGCTAACCACAATAATCATAGGGGTTTGTAGATCAAGCTACTCGTTCATTGAGAAGGCGATCTTTAAAGACTCGGACCCTCCACTTAGATAGCGCCTGAGTCGACCTGCGTGTCCTAGCGGTAGTCATTTAGGGTCGCGAGAATCTACAATTTATTGGCTACCGCGTCTAAGTGTCGCGGCACCATCTGGAGATGCGCAAG,509,50.29,Mus musculus
SEQ_196371,GTCACACACGTAACTTACATTAAACCTTAGCCCGATGAGCTGTTAACACTTCGGCCGATCGTGCTATGAGCCTGCCGGTGACAGATGCACATTGAACACCACCAAAGAGCTAAAAAGTCAAACACCATGAAAGTGGGCGCTCGATTTCGGATCAGTGCGCAAATTGCTCGAAAGCGGCGCACGTTCCGGAAGTTGCTCTCTTGATCAGACTGGTATAGATGCAGCGGCGTGAAGGTCCTGTTGAGAAAACTAGGTTCGCTCGCGTAAATATAAGTTCAGCCCCCTCTTCCGGGTTCTTGTAACCTCTCTATTTATCCGACTAGTCGCGGGGGCTCTGTTTTGATGCCCAGGTGCAACGTTCTGTTCAACGTGATTCGAATTTAACCACTATTCCTAGAGACTTGGTAGAAAGCGCGGGGTCAGCAATACCCCCTGTTACCGGGCCGGCTCAGCAGTTCGGGTGCGTACTAATGGACCTGTGCGGTCGCTGTAAAAGCCGCTTCCCATCGAACTCGGACATAACATGCTGACCTCCGCGGAGATGACGCGATAATGAATTAGAAGGACTTAGCTTAAGTCCATGCCAAATTCTTAGAGCTAACCGGCAGGCCTATGGTGTGGTTGCTTGACGAAATGGCATACGG,644,50.78,Homo sapiens
SEQ_995691,AGTCCGGAACTATGACGTCAGGGTCGTCTGAGAACGTGCTATGTTTGGCACGGCTAATTGAATCGCGGAAAACAGAGCTCATCAGTAGATCATTGGAGATGCACGGACGGATCCCAAGGATAATGAGGCGGGTCCCCCGGAGCATCACCTATTGGGACGATCGCCCCCGTGGATGGGTAAGACTGGTGAGGGAGTTCGAATAGTCTGTAAGAAACATTACTAATGAAACAGGGAACAACTAGTGGACAGTTCTACTATTCAATAATGTCATCGGCGGCAAAGAGCAAAGATCCGCGAACAACTGTGTTAAGATCTAGGGCTATTGGTCTCCGCATCCACTGACCCTCCAACACCGGTTTGAGGACTATAGGATCAAGTTACCGAGGTATTGGATTCAATCGCTCTACGGCAGAAGGAATGAATCGGTCACAATTAAACTCCGCCGAGCGCATCTTATCGCTCCTGATGAGTTAGCGGCCGCCAGTTGACTGCCATACCCTTTAGTTTGAGATAATCATGATGGTACTTCCCTTAAGGGGCCGCTGGCATTTATGGTCAGGTGTGCATAGCATGTGCAGTACAAGGTCGTAGTCCCACTAACTGCTTGTTCGGACAAACGCGGCTCCGCCTAATAGGATTACCTTATGTAAGAAGCCGCCTCGTGATCAGGTTAAGTTTCTGTGGTGGTATCATAATGAAGCTGACCCTACTTGTAAATTTGCGCTGACGCGACGCATTCTAAGGAGGCGTGCGTCACTTGTGCGCATCCTAGAGAAACCGCCGACAGGCTCGATTCGTCCACGGGACCGGAACCAAGATAAAGTGGTTACTGGAGCTCAGAGACTAGGTTAGGGCGCGAGATCAGCTCACCAACAGCAAAAACATACGTTAGGTTGGTCGTAGACTAAAGGCACTCAAACCGCAATCTACAATAACCTCGGCAGTAAGTAGGCCGAGGTCCGGCCGTTCAACAGGCGTTTATCTTCGAGCTTTGTTGGGTCATTGGAGTGGTTGGAGTTGGCTGTTCAGCCTGGGAGCTACACACCAGGCGCTACAGCAGATATGTGGTACGTGTGTCGTGAAAATCCTCGGTTGAGCGAGTCAAAATTAGAGTGTAGGTATGTAGCCTCGCTTCAGAAGACAGTTATTTGCGGTAAGATACATTCCGGAGTGACCAGTCTCCCGTGCTAAGGTGCCCTAAATCTAGATCTCGTTATGTAAGTAACTCCCTAAGAGCAAGTGTTCATCCTTTTCTTAGGCGTTATACCTGTGGACGTAGCCCCCCGTCGGCAAAGCTCGTCTAAAGTACAGTGAACTCTCGGTAACACGCTGGCGTGCCCAACAAGATTTTTAACGCGTTTGGTAATGGGTCGGGGTGAGCTTTACCCTGTGCTTTGTTTAATTCCGTTCCGCGGATGTCGGAGTACGATACACAGAAAACCCGTGTAGCCTCTAGAAACACATCCTCTGAAATAATCCGTGGCTTGCCGCCCTAGTAGAGTGACCAACTACCGCCCCAATACGGACTGTCCGGTTAGCTCAATTCACTTATTTTGAGACATAGGTTACTAGGGTCGTTTGTCGTCATTTCTCGTGTTATCCAACTTTATCTCTTGCATTTCCTCTCTATTAGCACCGTCAAACTAGCTGTGCCGTTACGGTAGCTGCTACGCTTGTTAAGTAACCGGTACGAAGATCAAACAACGGAAATGATCGAGCGGTCGCCGCGCTCATGCTCACGCGCAGAGATTCGTAGGCATCCATATTTACTCACGGGGCCTGAGTCATAGTGAGGATCAGATGTCGACTCTGATTAGGGCCTTCGCAGTATGAAAGGATCAGTATATGCACTGCTATTCCTTCAGTGTGGCAAGTGTTAACAGAGCCGTTGCACTTCCTCGTCCCGCCTGGGGAATCTGTTGGTCAGACT,1930,49.53,Drosophila melanogaster
SEQ_407251,AGTTGCTTGATAAAATCATTCCACTTTTCTATTGCCAGTCAAGTGGCCTACCTAAAGATAACGCCTTCCCAACATAATGTATAATACAATAAAGAAGGTCTGGTGGGCTTCTCAAGTCTTATCCGCAATTTAGAACGCACTAGGTCGTCCAGCTCCCCTGTGCTCAAGGAAAATTCATCTTGCACTCTACACATAGGCAGCTACAGAGCTGATCACGAAGTCGAGCAAGTATCACGAGGAGTGAATATGGTCGTCTTGATGGGGAATACCGAATCGTATAACCTGTTGACGGTTGTCTGAGTTAACAACCACTATTATCTGATCTTAACACTGTGATAACCCCTGGCAATAACCCATAGTAACTACGTGGTCACGCTCCATGATAGCCGCGTTCTAGTGATATCGTTCGAGCTGATCAACTAATGACCATCTCCGCTAGGAACCTCTAACATCCTCTTCGATCAAAAATTAAGGCCCCGTCGTCACACATAGCATGTGTAACACATAACTCTGGTCGACGACCGAGAAACTCGCGAATAGGAGCTACCACAGTACATTGGGTTAACCTCCGGGTTGTTAGCAACAACATCTTGAAACGCTCCACCCAGGGCCGATCTTCGTTGCTGCAGCGTAATGCTGGTAATACCGAACGTACCTTTTCATTCCGTTCAGATGCGCTGCTTGAAGCCCCGCCCGGCATTAGATATAGGATTCTTTACTTACTCTAATCGGGGCAGAACTGGAATGAGAGCGTCTATGGCTGTGCCCACCCCT,774,46.64,Caenorhabditis elegans
SEQ_905793,ACCCAAGGGAAAGAGAGATATTCCACCAAGTGGCATACAGCAATCCAGACACTCCTATGACTAGCGGTGGATAACCGTCGGGCCAGTAGTCAATTATCCCAATGAATGATTGAACTTGCTATTAGAACCAGAATAGTTCCGCGCACCATGACTTGATAACGAGTGTAGAGCCCAAAGTCGGGTAAAAAGCGCGCGTGCGCTGTCGAACCGAGTCACCTCTTCATGAAAGTGCGTTCCAGGGTAAACGGTTCTTCAGTAAAGAGTTCTGAGCTCCGGATTGGGATGGGACATCTAATTTATTGATCATGCTGAGGATAGAACTTTTAAGAATACCTATAGTTGGGGCTTAGGCTTGTCGGCGTGGGAAATACCGCCAGCTAAACACCTTCTTCTTGGCAAGCAGGGGATATACACCCGACCACAACACGAATCTTTGCACCGAAATACCTTTGGTGCCGGACTATGGAAGGTTTTAGGTCAACCTAGTCATTCATACCGCGCGTACCATACGCTTACTACCTCACAAGCTGGATACGCTGGGGCATGAGTTATGCGGACTCACAGCTCGTTCGTTACGATCCAAATAGGGGGGGCCGTAAGCAAGCCCTCGTGGAGGGGTGGGCGATGCGCGTTTGGGGATGAAGGAGCCGTCGTGAACCACCTAGACTCGGTGGCTCCGGTGCTTCTGAATCCGGAGGAAGGGTACGGAGATTCCGGGCCCATATAGCGGGCAGCCCCTCGAGCTCAGAAAGATAAGTATAACAATCAACTCATATTGCCAAAATCCTGAGCAGGCCAGTGAAGCCATAAAAATCAGTTAAAGCTAAACACGCCTTAGTTCCTGCCATTCTGTGCATGGTGGCAGCAAAATAGACGGTGAGCGATAGCTGCGGTGAGAGTCTTTACGCCATCTGATTTTGAGAAAACTGGCCTCCATGTTCCTACA,946,50.0,Escherichia coli
SEQ_809180,GCTTTGCTGTGCGATAGTTCTTGTTAGTTCCACCCTCCATTTTTCAACCAATCATAGACTTTATCATCGCGCCTTTAAGGCAGGCGAATTGGGGTGAGAATATCACTCGTTAACCGCAAACTCACCTTCAGCACAATCTCCTCTGATGACCACACGAGTTTAGCGTAATCATCTGGCGCTCGGTGGAGCGAGACTAGTAACGTACAAGACTGGGACGCATCTGAGTTAACGCCAAGAATACCAGGCACGTAGCAGCCTAAGCGAATGATTGAAGGACTTGTACCTGCGGCTCTTAGCAAGTTCGGATGGTGCACTGGCTCATTCAGGGCGAGAGTTTATAATGAGTGAGAGTCCTAGGGCACGTTACAGCGCATATTGTCCTTCGGCCGGACCCTGCGATCACCCGGAAGCAACTTAGTAGGCTAACATGGATGACGTGGAACATCAAGCGAAACCTGTTCTTTAAGTCACGCAGCCACTCGGAGGCGACCTTCCTATCTTGATAATGCGGAGGAGGTGCTGCGTTCCGTAACATGAAGCTTCCAAGCAGTCTCCATGCAATTGGTGAATAGCAATTTTGACCGCTGTGTCCTTTCGACGGCCAGTGCAGTTTCGGGCGGCTGACCGTGCTACTTTAAGGGCGCCGGCTTAATTGGCTGTTACTCTACGTGCGCCATTACCTCCTGCGGGACGAGCTGCTATGGTGCCAACCAGCATAAGAGAAAACGTAGGGGCAATTTATTGTCGTTAAGGCTACCGATGATGTTGTTAACCTATTCATGTCCGAGGGCCTCCTTCAGGTCGAAAGGTTCGTCGATAGCAATCATTTAGGTAGCCCCCATGGCGTGAAGTGCATGGGATTCCAGCACAGTTAACTAAGTCATTATTGACTCCTCCCTAAACGGGACACATTACCGAGGCATTGCCTAACCTGACTTTTATACTGCTTAGTGATGTAACTAAGGGT,967,49.74,Escherichia coli
SEQ_992832,GCGAATGTTGCTGCTATAATTTCAAAGGTATAGCAAGTCGCCTTCTGTTGCTCCAGCGTACAACCTTTAACCGGAGCGTAATAGAAAACACCAATCCTATCCACAAGGATCCTTACGAGTTAACAATAATCGAAGTCGCGTCTAGAATTAAAAGCTTGTAAATATCTCTGCTGTTTACATGATCATATCTAGGGGTTCGGGCAATGTCACCGTGCACTAATAAAGATCCCACAGCTGCCTAGGAAATGCTGGTTAGGACGGACCCCCTGGAGATCTGCTGTAGCTGACCTCCTTTGTGCCCGCACTCCCGCCGTTTCGGCTTCAAGACGATTGACACATTCCAAAACTGGAGATAGATTTGCCTCCTGTTCCATCACGAACATCTGTCTAACAACTGGGATGGGTAGGTGCTACAGAACAAACTATGCTTAAGACTCATATAAGGGCTTCTCCAGGACTTCCGCTTATCTGTGCAGTTAAACTATGACCTCTCAAAGATGGCGGATTTGATGCCTATTAGACTACCAATCCCGCTATGCGAAGAAGTAAGTTGTCGTCTTATTCCGTAGCCTTCTCACAGGGAAAATCTAGCACCCCTAATATTCTTACCGATCTTCAAGGTAGAAGAACCGCTCCAACTCAGTCGGGCTTCGGGGTGTAAGAAGGATCGACCGCGCATCAATCTAGCTCTAACTCAGGCGGTGCCGGGATACGTTAGCTTGGCAGCCGTGATACACCCTTTGAGCACCGCAGTCTCGTCATAAACAAGGAGCATCGCTCCAAACGCACTATCAGACAAATGGGAAGGTCGGTTTGTCTATGGCGTCCTATATGGCCACAGTATACTAACTGACCTATGCAGAAGCCGATACGAAGTGAGTGAATGCGAACTCTAGTACCAAAACCTCGGGCAGGGCTTCGGGCACGATCGTCCACGCTCGTTGAGGAGTAAGATGTGTTTCTTACGCCGGATGTATACGCGCGCGCAGGCCCTACTGTCTTCGGTGAACCTTCAACAAGACCAGCCGCAAGCACCGTACTGCGTAGCGTGGGTTGAGACAGCTATCTTTTACAAGTGTTCATAGCGGGTACCTGCGAGGCGATATACGAGTTTGATCACTCATTAACATGCTACAGTTCGGCGGCCTGGAAGCCCGAAGTTGACTAATGGACGCGAAAGAATTATTTCTAAAAAGGCGACAGACGCATCCCTAAACGCCGTGCTTTCCATGAAATCTTTGCGTTGCGGGGAGTGATAGTGTTAGCTCTT,1270,48.58,Homo sapiens
SEQ_557394,TGGGGCACTCAAGTTTCTAAAAGTTGTGAGTAAATGCCTACCTCTATCAGTCTCGCGGGCGGCCCAGCACCATTTGAGGGGTTTGTAGTGTACCCCCAGGCAACCGGCAGTAAGGCAATGCTACGTCTTGGTATCTGCCGCCTGCGACGGAATTTGAAATTAAACTTCGCGCTTTGCGTCGAGAAACCGGGAATCCGGAACTTGCACGCCTCTTTGACCTACATTGATGAATTCACAGTCGCAACATGCACCTCCCCGCTGGGATGGTAGTGCCATCGTCTCAGCGTGAAATTACACCGAAGCTCTTCCGTGACTATTGGAGTGCCCGACGTTGCTGGAAATATTGGTCGTCCCTTAACTAATTAGCGAATACTCTCGATTATAACCGACATATGCAGTGAAGAAAAATGTGCATAATCAAGATGTGCCCAGAAAACAGTTGTATTGGCTCCGATTTTTCGAAGGACCGGGCGAGGTGCACGCCGAGTGCCTCCGCGGAGACAGTTCTGGATCTCAAGTACGACTCTGTATCATTTGCACATCCGGTCTGTCTTACCGCCGCAGCAGACATGGGGAGCCGTGGAGAAGATATACGGCTGTCTTAAGACGAATTTTCGCTATTTCGTCTGTTATTACCACACTCTATTTAACTAATCGCGTCCAGATGTGAAACAACTAGCAGAGTGCTAAGTCTTTGAGAATGGAGAGGTGGGCGGCTGATCACGCGGCGCCCCTATACGCCGCATGCTGCCGTGAGCTTCGTTTCTCCATGCTGGGCTGGACGAACGATAGACATCAACCGCTACTAACTACGTGATACATCGCCCTGACTTGAGAGCTTCTAGCAGGAGCCGTTAAAAGCACTTAACCCTCGTTCTGTGTGGTATCTAACCCCACGACCTATCTACGATCTTGGGCGGACCATCCAGCCGGACTGACAGGCGAGGCATGGGGGTATTTCGTCCTTACGCAGTCGTCTGCCTTCTGCCTTCCCGCTTCGCGCGGGTTAAGTTCCCACCTAAAAGATGCATGGGGAGATAGAAG,1044,51.44,Drosophila melanogaster
SEQ_837338,TTATGATTTCACGTAAAGTTTCATGCCCTCTTTTCGAACGACAACGTTAAGTTCGTCGGCGCAGTCTTTTACCCGAATCAGGGCAACGATTCGTTCATAGCTAGGACGACTGTGCACTCACAACTAACGTTTTACGGCTACCTGCCTGCGGGCTCGATACTAACTAATTCTCCATTTCTCTACGGGGTACAAGCGATCTTGCCCGTTGTACTTATCTCTGAGGTCAATGCCTACAGCACCCCGGGACAAATTTGCACTGAGTGCTAGTATCTACAACCGCACGGTTGAGGGCCAAATATTCACGAAGACGTTTGCAGCCGGGTTACAAGCGTTGAATGTCCTGGATTCGCCAGCAGGCATCGATCCGGGTTGCTTGGAGAATTAATGAAGTCGTCGTAAGGTCACCTTATAACGTACACCGTTATTCCAACGTTACTGGTGCTAAAATATGCGCGTAGGCTACTGACGGACGAGATTATACAGACCCCCCGTCGTAGAACCAACAGCAAGCGGCTTATTGCGCGATCTTTCCCCGAAGACAATATTTCCTCTTACCTGCTCTTTGGAGGTGAAACCAGCCCTATTACGTCGTACGCCGGCCTAGGCAGCGAATCGCATCGCGTTAACGCGTAGCACGAGG,640,49.84,Mus musculus
SEQ_852242,TGCAAACGGCAATAATATCCTTGACAGCTCAATAGGACGGCGGGATAGGATGTCAGAGCTGTCAAATCTTCCTCAAAGGTGGCTGCGTGGTATCCCTTTGAACCTTCTACTTGACTCGGCAGGTAACGCATCGTACTAGCTATGAAAGTGCTGTCGTTCACCACACCTCTCGTATACTCAAGTCTCTTAGCCGGCCCGTAGATAGACCGTCACACGCAACGTGGGCTGAAAGCACTTGCGAACAGACATCTTTAAACGACAGATCGACGAGTAACAAGGGAAGCAACTTGGGGGTATGAGGGAGAACAGAGAGCATATAAGTGCTAACCGTTTTACCGAGCGGGCCGTGTCTAAGCAAGAGTTTAAGATATGCTAGGGGGCCCAAACTTCTTATTTAAAGTACCGTTGTGCCATTATGGACCAATTATGATTAGGATCGAGGGTGGCTAGATTCTTATAAGGGGGTTCAGTCCTAATTGCCTTATAACCGTGTAAGCCCTCGGTAGCGATATATAAATGTGCAGCTAAACGTGGCAGCACCCGCACTGGCAGCTGAGGGTCCGATTGTCTTGGACGGAAAACCGTACAAACAACATCTCCCCACTAATATGCAGTCAGTGTATACCATCGTCTAAGCACGGAAATTCAGCAGGGTACAGATTGCGGCCTGACAATCTTCCGACGGGCCTTTATCTAGCTGCCTTTTATGCAATGCTATGTTAGAAGCGCATAGGTATATCTGGGAATTATTGGAATCGGGCGAGCGGACACTCTTATTGACCCTGCTGTTACACATCGTGGTGATGTTCAAGTTCCGGGGCAACGGTTAGGTACAAACCTGAGTGCCACAAGCTGGGACCCTAATAACCGATAGGTGTGGAGGTAGCCTAAACATCTAGAGATTAGATCTTAGCACAATCGCGTAAACGGCCGAGAATAGAGCTACAATAATGCAACTCCCCTCGAGTCTGTTCCCCATGACCCTTGATCTTACAAGCACATATATTCATCTGTTCCTGCGTATAAATCACGCAGGTTAGGGACCGCGCGGAAATCCTCTATTTCGCCCACCCGAAAGCAGCGTTTTATTTCACCCTTTTACCCGAGGGCGAGTCCCCCTGACTGTTCTTATTCTTCAACGTCCCTTGAGGTTACTTAGGTCTGCCAGACTCTCAACCTTAAAATGCGTTAACGTCTCTAAAGACCGAGAATCCCGACGGCGTTCTTGATCACCTGAACAATATAGAAACCTTGTGATAAATACTCTCTGCTGAATGGATACACCTCCTACTCGCCCGCAACTTAAGCTGGGCTAAAGGCGTGTAAGTGTCCGAGGCAGAGGATCCCAGCACGTGGATAGATCCTCACATAAACCAGGTCTCCATTCGGACAACAGACTGCCAGTCACGTTAAACGCATATATATGTCATGAGATTAATGAGAGTACTACACGACGCAACTCGAGATGCGGACGGAATCAGAGGGACCCGGGCTAACATCATGCACCCCCAACAATCCGGTCCGATTTGGACTGAGCTCACCCCCATCAAGTCCGATGAGGGACCTTGCTGTCTGATACACTTTGCGTTGTAATTTTAAAAACGGCCATATCTCAAACTCTACGCGTAGAGTGAAAATATAACCCACTCAGGTTTGGGGGTCTCTTTCGACCTCTGTCGGGGTGGAGAGAAATCGTGAGTAGGTTCTCCCGTGACACTCTAGGTCTGACCAAAACTTACTGAAAGGC,1747,48.31,Saccharomyces cerevisiae
SEQ_647576,AAACTTCCCGCCATATCAATAATCTTCCTCGGCGCTTAATAATAGCTTATCGGGCCCGTGCCTTAGTTAAGCTGTTGTTTGTCTGATCAAGCCCATCTTCAGGGCGCCGTCGGCGGGTCGACTGACCCTATGAATAGGCCAGCAACTTGGGGCCAAGATACCCCTTTGCCTAGGCTAACCCGTGGCGCAACATCGAAGCTTACTTTCCATTTCCCCATAATCTGTTCGCGTGGCGGGACCCATGTTGTTTCTTGAGAATGCGTGCCCGAAGCTTTCATCAACGAAGCGCAGTCACGCTTTATTGCACGTCAGTCTCACTAAAATCCAATCCCTACGCGTGGATTCTTTGGCGTCTGGTACAGGGTCCTAGTCGTGCGTTCTACTCAGAGGCGGGACTCGGCTAGAAGTACAGTTGCGATCCGGACCTAAGCAATCAAACCGATCACATGAACCTCTGGTCAGAAATATTGACCCGCCTCTCATATCCTCGGTACAGAACCTAACGAAATACTCCGATCACGCTGTACTACCCGCTGTCGGCAGAATGTGAATCTCTTTGAAGCATCTTCATAGCTTGAAGTGCATAGACGGATATTCTCGTTGTATGTTGGTACAAGGGAACTGAGTTATCGAAGGCACAGTAACCCCTGCATTGCTTACTATTCCCCCCATATGGGGGTGAAACTTTAGGGTCCGAGGAGGCCATACAAACTGTTTTGACCATCGTCAGAGGAGAGACACATCTCGCGTAGCACCCAGAAAGGTCAAGGGGAGCGCTTTCATACTTAAACGGGAACCGTAGTAATGGTGTCCGCCTTAAACAGGTTAACTACGTGACTTTGTCTGGCCGCAATGTAGCACAAAGGGGCGAGTCCTTGTCTTAAATGAGGTATCCCATCTGCTATATTAGAGCATCAGCGTCCATCCGAGGAGCAGTGGGTTCGTATGATTAGTCTCGCGGCACAAACGGTAGACTTATTCCGATTCATCGAGGAGATAGGCGCTTCAATACCCTTCCTTTTTTTCAGCGCCCCCTCAGTGACGTAAGCTATAACCG,1057,49.86,Homo sapiens
SEQ_972188,ATTATACATTACATCCTATCGACGCACACGCGATGTCTGAGGGTGCTGTACGAGGACCCCTTGGGTCACGGGTGAGAGCGGTTATGGACTAGGGACGAAGCCGATAGGCCCAGAGGACGTATCCGTTCAGCGATTCCCCGAAGATTTCTAGTATGCGAAGGCTGTGAACGAACCAAATCTTCGGAGCTGTGCACCGGGCCCAGTTCCGAACCAGGACCCGACTAGTTTTAGGGACTGTAATACTCTTATATTCGACACAGATATTAATCATCCCTTACATGTCCGTCATGGGTGTCTTGTGGCAGAAGTCGTCGGCTATTCCCAGTTCCTCGGCTTCCTTGCGGAACAAGACGCGGGTAACAGCCTCAGTCGGTGGCGAGCGCCAGCGTATACCACACCTCATGTACAGCGATGCTCCCCCAACCTTCGGTGAATATGCCAAATAGACCAATGCACGGAATCGTTATAGTGCTCTAGGCGTATTCGAAGTGGTCATCGCGTGAAGGAGCCCGGGGCCACTCTCCCATGTGCAAGAGTTGGGGGGCTTCCGTTTAGTAGTTCAACCGCAGGCATCATTGGGGTCGCCTTAGAGGCCGTCTCCTCTCGTACATAGCCTGCTCGGCGCTTGTATAACGGTATATGGTCCTTTAATTTTCATGTGGCTTTCTAGCAGGAGATGGTCTAGCCATTAAGCTGGTCGCACTACACCAACCCGAAACCCTCAGACAAGGGCCGAGTGAAATTGTGGGACTTTCAACGACAATCTATTCAGATTTCAGCGCGTTTTGGGTTCGTGAATTATATTTTGGAAACCTTTCACATACAATTTTAAAACGATTGTAGCATTCTCTTGACAGCCATTTGAACCCGTCGTGGAATGTGGGTTCGGAACAACGGCATCATAAAGATGGCGGGCTTGTCCGCTCGCCACGAGCATGTGGAAAGAGAATACGCATATGCTGTCGCTTAATCCGTGGTATCTTGTTACAGGACTCCTTTTTCTCATGGTCCCAGGGCCTCTATAGCGTGTTGGGGGCATTAGGAAATGACTCAAACAGACGATGACCAGTTGAATCTATTAATCTATCTGAGGGGTATCGTCTCGCAGCAACACTAGCTAAGGGTACCCGGTTGACGCGGCCCCGGACAATATTACTAAGCCTGAGACACTCACGGGAGGAAAGACCTCAGCCGACATCGTACCTGAGTCTTAATCGGGCGGCCACAAGGCGCTACTAGAGCGGGGATTCCCGCCCCTCCCGGCCACATAAATTGTCAATACACATAGAGCCCTCTTATCGGCAAGGTTTAAAAATGAGTGTGGGGATTCCAAAAGGCAGATTCCCGGGTCACTGCCCACGATGGCCCCGTCCTCGCTTTACATCCGGAAATAGAAGTGACTCTTTACAACAAACAGACTCATACATGGGCTATAAAATTAATATGCATCCGAGTCGCCCATATTTGACT,1470,50.61,Escherichia coli
SEQ_936994,TGCTTATCCCTGGTGAGTTGACGAGTCGCCTTGGCAGCTACATGTATGCCTAGTTAGCCGTAGAGGTTAATCAGACACGGTACTTTTGTGGCGGTATCACCGGATTAGTTGATATGCCGCCAGGTAATAACGCCTCACCGGAGTGGAAATTGATTGGGGAAGGACACCAGACCGAACCGGTTAGATGGTTCAGCCCATCAGAGAGGTTATCTCCATGTCGGGCGAAGTAGTCACGATTGTACGGTTCGTGCGCTACACCTTGCTCGCATAAGACATTTATCAGACCTCGGGCAACCTCACTCCAGCCTCCATCAAAGCAGCTACCCTTTAAATCACGTGAGACTAGTTATCTCCTTGCACAGTGAAAAAGCCGAATCCTTCAACATCCTAATGTAGAGCGGAACCTGCGAATACGATCTAGCCATCGTTACCGGAGAGGACCCACTGACCACATCACAAATCTCACTATTATCGCCGCCGACGCCCCATGACAGTGGGGAGAACACCCTGTGACCGCCAACTCGCAAGAAGTAAAGGAGATAACGTCGGTATCCCGCGCAGCTGGCAAAGTTCGAGTGGCCACCGCCCCCAAAAACGCCGGACATCTCTCAGCCACTATCAGAGCCTTCGAAGGTCCCTGTAAGTACCGATGCGACTATCTTTAAATCTAGCCGGTAGCTGTTCGCTGAAAATTTCAAAGCATTAAGACAAGGGTCAGCAAGAACACCACAGCGGCTGGTAGGTCTTAGTTATTAACCACTGGAGTTACATCGCACAGCCGCAACTCCTGGTCGTGACGTGAAACGTCATTTAGTCCTGAATTCGACTCCTGCGCTTATATCATCCAGGGCAAGGGATAACGGGCTTAGCACAGGTCGTTAACAAAAGACTTACCATGACATGGGGACTGATGTTCATCGCCCCGTAGTTGTAGACGATGGATGCAATCGATCCGAATAAGTTGATGCAGAGCAAAACGGTCCAAAGGCCCTTAATCTGTAAACTATTACGATTCGTCAACTAGACGGGTGATCATCACTGCAAAGAGCGCGGTATCAATCATGATATGGAAACTCCACGTGTTTTCAATCATCAACAAATAATCGACGTGGGATGAGCTACTTGCCTCCAAGGATCAGTTAGAGATATTAGTACAAGCTGCGGCTTGAAATTATCCCCAACCAATAGAGTGAATCGAAAGTGACCTCTGTGTAACGACCACTACGGGCAAACACACGCGTGGACCCGGCCAGGACAAGTCATTTGATGACTGAACTTGATACCACGCAGCTAATTTACTGAGCATATGGTAGACATTTAGAGATCTAGTCTAGCGCCGATGGCCGCTTCCTATGTTTGCGGCATCACCGTCGACTTCGGATCACTCCGCACCTAGAGTTTAGTGCGCCGGCTTGATCATGCGTAGAGCAGTCGACTTGAGAAGCTCAGTAGTCGTAGAGGCAGAAATTTTAGGTTTGAGTGGTTCCGCCCTCCATTCGGGAGTCGTGTGTACAGCGTGTAGACGCAACTGAGGTCCGGTCTTGTCAACAGCGAACACGAAGAAATCGTGAGCAATAGGAACGTTTTGAGGGCCATACATGTTACAACCCGTAGCTGAGTTCCTGTAGTATAACTTCGTTGAGGTAGCAAGACCGGTGCTCCGTGTCTCACGGGACAAGGTTGCCAAGTCTGCATTTAGGGATAAATATTAACTTTGATTCGGTTAACGCCATGTTGTACATTATACCTTTAAGGCCAACGGTTCCCACAAGTCCAAAGGTACTGGCCATGATAAACGCTTTATTCGCATCCCGAGTGGGGCTATGCCGAGATGAGTTACCAGATCCGCTTCTTTACAAAGCAACGTATTCTTCCACTGACCTTGACTGAACAGGTTAGCTCTTATTAACCTCCTCCTGACTCATAACCCAGACAAAGCTTGAAAAGAATGCACGGTGTTGGATAGACTCTTCTCGCGTAGACTTGTCTCCTAGA,1995,48.77,Escherichia coli
SEQ_872334,TCAGTCTCCATCGTACGTGAGAAGTGTCCCCGTAATTACACCAGGTTACATCCCCAGCGTGAGGATGAGTACCGGAGATCATGCTGCGTTTAGATTTACTGGAACCCGCCGGTAGGAGATTATATTAGGATCTAGCGGCAGTCCAGCTGTACTCGAACTCAGCTTACCCTTGCGTGCTTGCGTAGATCATGCAAGTGGGTCGGCGTACCTCTAGCAGGGCTCACTTCGGTAAGCCTCTCAAGCAATCCGCACTCAGAACGCCCACGGGTAAATGATTAAGAACGGTTTCAGGACCCTTATGCAGTAGGCTCATGCACGTAGCCAATAGGTACGGGGGAAAGGAACAGGCAACCCTAAGAACTCGTTCTTGTTCGCAGCT,379,51.98,Arabidopsis thaliana
SEQ_243196,CCCGGATGACGAAGGCGAATTGTAACAACGATTCCACAGAACTAGGATTCTTGAGATGGTCGGCCCCCCAAAATAAAACCAGGGCAAATCACCGTGACAGATGACGTTTTCGACTCGCGAGCCAGCCTATCACGCTATCTCAGGACTCATTAGGCCTCTAATTAGGCTGGTAACCGGGGAAGGTAGGTTATATAGGGTCGTACTGCACTGGTTCGTGGGATTGATTCCTACGGAGATGTTAGCCTTTGAACGACCTGGCAAATTTAGAGCTAGGGTAGCCTTTTCGTCTGCAGTGGCTTCTGCAGACCGCAAGCGTATCCGCACAGCGCTATCCAACTGAGTCACCCAATGCTATGAAACGCCCTATGCACTTACGCTACAACCTCACTTTTCTTACTTAGAGCAGTAATTTGATCGAACGAGGATTGCATCCATGCGTTGTTTATCGCTATACGCATAAATTACAATCTGCAAGCATCCACGACAGTTAAACCAAGGAGGAAAGGAGAAGGCCTCCGCTACAAACTGACCTGCTGTGCGGGTGGGCTTTCACGACATTTAAGCCGCCCTAAAAAGTCGGAGCATGAGGACACTCGAGCGCTAGTCCGTGAGCTCAATGGGTGTCTCATGGGTCTTCCGTAGGAATGAATGTGGTCTACCCGAGTAGGAGTGTCCGTGGGCCAATACGTCATCGGCCCTTCAGAATACGACTTAACGTTCATCTCAGAGTTCACGAATTAGAGCCGGAGCGAGCCCAGGTGTGGACT,767,50.33,Mus musculus
SEQ_352485,AATCATCTCAATGAGTATTACCCGCTCCCTCTGCAAAATACCGGTAGTGTTGGCTGTATCGTGAATAGCTATGACACCGCTCCTATCTGTCCCTACGATCCACGGAGAAAGAGTATGGTCACCAACCAGCCTAATGGCGCCCCAAGACCGCAACTCTAGGAGCACTAGATCCAGCATGTAACGAAAAAGCTAGATCGTGGGAAAAGTCATTTTCCTTATCGAAGGTTGATATGTCGGATTCGCAAATAAGTCTAAACATTGCAACGTCTGTGACCCTTTCGTGTCCGCCAGTGGACCTTCCGGTCGTTACGGTTCCACAGCGAGTCGCAATTGTGGTAACCTCTGGCGGAACGTGGTAAGGGACCTCGGGGTTGCTGTTGAGATATGACGACATCTGCGGCATAGGTCGCGCACGGCGCGTTGCCGCTCTGTGGTCAGGCCGGTTTTCCCGCTAACGGGTTCGAAATACTGCCCATCTAGTAATAATCTAAGTTCAGCTCCACGGCCCTGTTTCCCAGAATTTAGATTACCCAGAGAACAGTACTGTGTCCTTTTAATAGAAAGTGACCTGGGCACAAGTCAACTATTACTTGACTGCATAACTTCAACATGGAAAGTCTATGTCTAAAGCTTTGTTCTGAGAAGTGACTGTCCGGTTCTGGAGTATCCGCTCCGTGGCCTACTACTTTTATGCCAAAATTCCATATTTGTTTGCAAGTCCCGAGGTTATCAGCGGAGGCTATTTTTATATGCGAGAAGATCAGGTAGGTGGTCAAAAAGATTGTCTGTATTGGGCGGGACAGATCGCATTACGAACCTGGTTGTGTCCCGGCTCAGAGGAGCTGCATCATTACATAGGTCCTCCGCTTCCGCGCCCAATGTTATACAGTTACGCCCCTTTCCGGGTCACTCCTGAGTGTCCTACCTAAGGTACCAAACACGGAATGCACCGCTTTCTGTAGAGCAGGGGAAAACTTCGGAACACAGACAGGCATCCACCGCAATTGTAAGCGAGTGCTGCTAGATCCCGGGGATGGACGCCGATACGTTAATTTTACTCTCATTAAATTCTGTTCCGGACGGTTGACGATCGAGGGCGTGATGGAGCATAGACGTTCATTGATAAAAGCAGAGCTCTGCCATCGCCCCGCAGGGACTTCTCGGGAAATGCGAACCCCAACGTAGATTTTCACACTTCGCGTCTCCTGTTACCTCCTGCCTTAAAACCGCCAAAGATGGGTGCAAATGTGTTTCTTGCCCACGAGGCGTTGCAC,1274,49.76,Mus musculus
SEQ_978056,CAATCAGTATTCGGATGAACGCTAAACAGTCACGCACGGATCCCTGTTGACGTCTACATAGGCGGCTGCGTGAATTAGGAGTAACGTCGCCCACTTGGTGCTCGGGTATTGCGTTTAGGCGAGACTAAAGGCCACTGATAAGCATGGCTAGTTATACACTTGGCAGTTACTTGGGAGCACGTGTACTTTGACACCACGACTCGACGTTTTGATCTCTGGATTTGGAAGCATGCTGACTATCTCCTACCCCTTCTTAGGCATGGTCCGCAGCTTTTCTCACAGCACAGCCCACTTAGCGTCAAGGTCCGCACATAGTAGGCCGAGGACAAAGCTGCTTCAGGACTTCGTTTACGTTGGATTTTGTCGTTTGTCGTTGTTGCGAAGAGGTCAACTTAACCCGTTCTTTCAGCTTATATTCGACGGATTAAATGCTACCACTACGCTTTACTACGCGGACCAAGTGACTGTTTCGACCAAGTCATCGTATGAGTGCTTGAGGAGGCGCCCCATGCTGACTTCAATCACAATTGGCGCTTAGGAATTATCCTTCGTTAGCATACTGCGAGGTACGAGCATTTTAGTCCCGGCCTTATTACGCGTGCGGTAATAAATCGAAGATGTTCTGCTTTACGCACTTATAGAGAATCTATAATCGTCATACGCTAATGGATGTTGACTGTCACCATGGCATTCGTTCAGGGGTATTCCAGTACGCCTGTAGTTACGTTATCTGGTGGATCGTAGGCCAATAATATGCTTGAAGCGTAGATTATTTTGTTCGCCTCCTTTGGTTACGGCTATTAGAGGATACCGAGTCGATATTTTTCAGAGCTTGTGAATAGCTTCATCACTCCCTCGACAAGTCGAAGGACGTTCCCCTCTTCTTGCGGCTAATGGGATAAAGCAGGTTTTCGGGGATTTTTGCGCTCGTATAAACACCCCACCATCACCTATGCCAGCTACCACCTGGTCCTGTACTCCTGAGGGTTGAATAAATGACAGTGATGTCTATCTGACGGGATGAAGCTTCTTGCACACTGTCCACTGTTATCCAGTTGAGCGATCCTACTGTTTTGTTTTTATAGACCAGGCCGAATACCAGAGC,1105,47.42,Drosophila melanogaster
SEQ_196670,TACTTAAATGTTTGGTGTGGGATGCCCGATGTGATCAGCCGCCCGCATGGCCTTAAACGTAATCGTAATAGAGCACATGACGTGATACTACTTGTGATCCTCAAAATGAGCGACATTGATCGACTAGGACTATCCGGTGGAACTTAGTCTGCGCCGCCTGGGGCGTACCCTTTTATCAGGCATTTTCAATTTGCACAAATGCGACAAAGGTGATCATTGCAACAGATGAGATGTAGACAGCGCAATCTACAGTAATTAAGACTACGGAGGCACGGCAACCCCGACTCGTAGCGCCGATCTTAGTGAGTAATGCTCGGCCGGACCACACTATTATGTCTCACCGTGTTTCATCACCATTTGTGCACCCGGTTTCGCTCCGACAAAGTATTGCCCCCAAATCCCGGAGGGACTGACGACTAACCGCCCCCTGGGTTTAATTTCATAGCGATCCGCATCAATTATCGGGGACAGCATCTTCAAGGCGCCGAAGCAACAAGCATCGCGATGTTCTATCTGGCGAGCGCCAGCAATTTGGTATCCGAGGGAATGCGGGTTAAACGGCTCCCTGACCAATTGACTTCAGTTTGTAACGTAGACACGACTCACTGCTTGAGTACACTGCGTTACAGGACTCCCGGTGCCGGCGGTAGCCCTGGCAGGGTGCTTTTTGTCGCTCACTATAAATGCTTGGAGCTCCCTCGTGCGGGGCCTCACTGATAGAAGACGCAACAGGGGATACAGCCCCGCCATCTATAGACATGAAACGTGTTGGGGCGACGTCATTCAAGGCTCGTTTAACATGAGTCTACGTAGAATGAGGTTGAGGATACAAGGATCTTTCCGCTAGTATTTCGGCCGTGGCTGTTCTAGGATCGTCTTAATAGCGTTGGTATACTCGTGCGTAGAATGGACTACCGCGACAGACGTATGCCATGTATAAGGCAGTGGCAGCGAACATAGTGGTCGTGACATGCATTGAGACCCTCTTCGCGACGTTGTAGGCCGAAGATCCTAATATGGGTACAAATGTCGGCGCATACGGGTCCATAGAATGTTAATCAATGTACTGACCTGAGCGCGGAAGGTAGGACTCGAACGGCTCCCACGCAAGAGTGCCTCATTGCACATTCTGGGTTTGCTCAACTTAACCTATGGGGACGCGACGTGTGCTGCTCGCTCGGCGCCGTAGCAATCTGAATCCATATGAAGATGTATGGGGTATTTGTTTCCCGGGTAGCCTCTTAGAGTACCGAGGGTACGCCGACATCTTCACAGGATATCGGTAACAAGCTCCAACGCATACCTGCGCCAATGATTATTACGGATAGGACTCCAAACATCTCACCTCGGAGACCGTCGTACATCCGAACCACGAGCAAGTCCCGGGAGTACTCATGGAGCTACAGAAGACGGCATTGTCATAAGCCCCCTGTAACTAGGTCGCTTGCCGGGATCTAGGCAGGCCCAGTTTATCTCCCTCTCTTTAGATAGGTTATTGCTTTAGAGACCAAATACGACGATGCCCGAGAGGAATTCTAAGAGGTCATAATGGCCGAGGGAGATCCCCTACAAGCAGCAAGTCCAATTCGCAGTTAAGCGGTTCTTGTCCCCAGAGAGAAACCCTCGCTACAGGGGATGCAGATTAAGCTAACGCGGATCTTCTGCACCTTATTAAATTAGAGACATCGTCTGGTCCGGCGCGTTTCAGTTACGGATATCTTGACGAATCTTATGTAAATTTTAAGGATATAACCCTGCATTGGGGGCATTGGGCAGCTATTACTGTCGTCGCCGTGCTGTGTGATCAAACCTGACATCCCACTCATGGAACTATAGATCAGTTAGCGTCAACGGAGTCGCGAACCTACAATACAACATCCCTATAGGTGGTAGACATCGTGTGCGGGAAATCGGTTCTGATAATCTGACTCTGATCACAAAATGGGTACACGTTTTAGGCAATTGGCCCGGTGGTTTCCTCG,1982,50.4,Arabidopsis thaliana
SEQ_937889,CGGAGCCCTATTCGTTGTCGATCTCCTTATTTACAAAACTGCGTTAGGTATGCATCTCGTTTTTAGCTAATGTTACAGTTGGGCAGAAGCCCTAACCTTCCAACGCCCTGCACGCCCTAAAGGTGTCGAACGGAACGTTTGAAGCGCAAGCAGTATGGTTGTAATCTTCGTTCATAGGCTTGGAGTCCGCCTAGCAATGCGCAATGTTTGGTTCAGTGCCAGCCTACTAGATAACATGTGGATGTGCCCTATGCCTTGGCGTGCCGGCCCCATGACCACTTGGCGTCTGGGGTGGTTCCCATGATCCGGTGATTCGAAAGCTCAAGCACAACACCAGCGGGATCATAAATAAGTAGCGTAGGACCGTCCCAGATCTCGGAGTCGTACGAAAGGTACGATTATAAACGGAGGAAATCTAGGCGACCTGAACTAGCTGCGGCAGATGGCTGTCAAAGCCATATAGTCGGCAATCCGCTGTCCGCCTGGAGTTCGGCGAGTCGCGAGACTACAAGTCAAACTCAGAAGTAACAGCTAACTTGATGGAGATCCGATTTGGGGTGCAAACTCTGTCGTTCTTTAGCTGCTACGAGCCCCGCATTTGCCCCACCCTGCTTTCCGTGTGTTTGTAAGTGCATTTGGCTGTGCGGGATCCGCGTTGTACATTTCTCGATGGCCTTAGCTACTGCTAGGAGGTATATCGGAATCGGCAATTACACGCGCAACGGGACCGAACCCAACTCTCATCGCGTAATTGCCCGTT,760,51.71,Arabidopsis thaliana
SEQ_182429,GGCCTAGTCCTTGATCAAGCGAAATGTAGGTCTTTCACAATCCTCTCCGAGTCCCGCCGTCTAAATCTGGCCTTGGAAACAAGAGCGCAACCTAGGGCTACAATATAGCAAACTTACTAGCCAATTCAATGACGAGTTCTGGATAATAACATCGCGGGATCTGGAGCTAGGAGCGTGCTAAGTAGGAATAACATCAGCGGAGAACATTATAGGAGTTAACAAGCTAACTCTGTCCACTAGAGGTAACGCCGCTTGTCTGGCCGGCTAGCGAGTATACAGCCGACAGCCAGTCTACCGGTTGCCTACCGGTCTTGGGCGTAAGTAACCTGACTTGCCCGCTTACGTGACCACAACAGAGGTTCTCATATCGATCGACAAGGGCCCACAGAGGGGGACTCGAGTCATCCGCTGTGCTAGCGTCGTAGCTCGATTGAAAGCAGGTGTTGGTGTTCTGTGAAGGACGCATATTCGCAGTAAAGGCGGTCTCCGCAGGGTTGAGACGTTTTCACTTTGGTGCTTCCGGTAACGGACAGGGGGCCTAAGGGATCCCAAAACACCTCGCCGCTACCAGTCATACTGTTTCAGCAACCCCCGATCGAGAATATGAGCCGTGTAGACATTGAAGACGGTATGGTGGCATGGTTACGGTGCGAGTGGCGGCCACTGTGGGCGATGTGTTGCCACGTAGTTATGATTCTTAGGTCATTGTCTACACGGGATAGCTCTTTAGTAAGGGTTGTCGAGATCACCCCCTTGTCATAAGCAACCCTTTTTATATGTTTTGATGACAGCGGGTCCAAGCGAACGCTACGTAAGAAACTGCCGCCCCTGCGAGCTCGCCTGCATAGACAGGTAGCGCCCATCTGGAGATGTCATAGAACTATCAGACCTTTGCCGGGAGGATGACCGGGTCCGAGTATATACTTCTCGACCGTATGATGTTCCTACATTCCGATCAACCACATAATAAAACTACACTGTGCAGTGGGTTCAAACGAGATTGGAATTGAGCCAGTTTCGCATCCGTGTCACCATGTCCAGGGCACGGATAATCAATACTTGCAGAACCACTAACCACATTTCACATCAGCTCGTCAACGCGCGGGTATCAGTCATATGTTAGCTGGGACCTAGGGTACTCCTCACAGACGAACTTGTCCTAGTGGTAGTCCATTTGCCAGTTTTATCGACGCCGCGAGGTCTTTGCTCAGAAGATCCCAGCTTAGAGCTTTATACTCACTTTCTAGCTGAGAACTATTATATTGTGGGGGGCTCGAACTGAAACACAATGGAACCCGGGAGTTAGTCTCCTGCACACAAGTATTATCCTGACGAGCAAGCATATATGAATGGGCATCGTGGCGGGGCTGGCCAGGGGACAGCTGAACTTGTTAATGAAGTCTGCACGGGTGAACTGCATTTTTCATTTGGGCATGCATATGCAAGGAGGAAGGTTAGAGTCCACTGTAATGTAGTTTGATTCATATCGAGGGACGTCCCGCGGTTGCTATATTCTT,1517,50.16,Homo sapiens
SEQ_208482,ATCCTACTACCAGCCGATGAACATACGCCTCGAGAGTGACCGGTCGGGAGGGACGGAATCCTGTCCCCACCGTCACGCTGTCTCAGGCAGTGACCGTGATAGTACATTCCGTAGGCAACAGCACCAGTTCTATCTGACGCATAGCCGTTCTCATTGCCCATACCTTCCTGGTGCTGTCCCATCTATACACGTAACTGTTTGTCCCTAAGATCAGGTGGCAGATTGTACCATAACCTAAGTACATTTTCATTGCTCTTCGTCTGCACGAGCTCTAGAATTAGACCCCTTACCAGTGTGTAAACTGAGTATGGGAAACCGGGGCAAACCAATAACGGGTGGGTCTCTTCACACATTCGTGGGACAGCGTTCCACTAAAAGGACCGAGGTGTCGAAAGCGAGCCAGAGATCGCCGTGTCGTTCATGGTAGCGGGTATCCCGTATTATGGTCTCTTACATCGCGCGATGGGGCGCGTCTGATTTGTATCCGTGCCGCGGTGATAGACGTCGGGATTCAAGTTCGATTAGGTAGACGCTGGGTCACTGTAATGGCCATGATCATCCTAAT,565,51.86,Caenorhabditis elegans
SEQ_289576,AGGTGGACCTAACCCCAGCCACTTGGCAGTTACTCAACCCCCTAATAATCGGCGAATTGGTCTTACACGGCTGTGGGCAATAAAGGCTGCTGCCGCAGATAATATTAGATGTATAGACCCAGTTTCAGACCATTGGCCCTCGCAGATTTTTAACGTTTTTCCGGGAATAACGCCTAATTTCGTTAAACTCAAGTCCGAACTCATAGTCTGCTATCTCAGCGTTAGTCCTTCGGACTCCCGTCTTTCTCCGTTGAAGTCTGTGTTAAGAACTTGACAGGTAGGGCTTAATTGTATTCTACCGACTAGGAATGTATTGCGTCTCGGGTACAACTAGCCAGCGTTTGGAAGGATGTGATTCGCCAACTGCCCGTACAGGACGGGGTAGATGAAATAGAACTTTAACTAATCGAGTGGCATACCTCCCGAATGGGACGCTCCCTCAGTGTTCGGCAGTTTGTTGTAGTTCCGCATTCCCCTGATGCTCCACATACGCGCGAGATGTGGAAATTCGACGGTGAATAATCGGTCCGCGGTAAGGGGCCCCACCCCTGTAGTTGAATCTGGGCATACGACACGCCACTTTTACGAACCTTTCACCCGCAAGTTGTCGTGTGCTGTCACGAAGCACTGATCTCCTATCCACAGTAGCGCACTCCTGATCGTATGCTGACACTTCCGTCACGGTGACTCGGGTTAAGAACCTGCGTCGAAAACACCTAGAACATCCGGGCCGCCCATTCATCCTCTGGCTCTCAGCTGGCACAAAACTGCCTCCCAGTTGGGGCAGCACCCTCGCCATCTGAGATAGGCAGTTATAACGTGAGATTATTAGCCCCCTCCGCGCCGTCCATGAATGTTACCAGCTGATCTGCCAAGTTCACTCGCTAGGATGGCCAAGCCACTGCCTTGTCGGATAGTTAAGCTTCTACTCCTCAATTCTACCCCCAACGTACGAGACTAGGGTGGCTCACTTGCTATTCTACGTCAGTCGCGCTTCATACTATCGAACAGACGCACACATGTTTCGGTGGCATCTTCTGCTCGTGGCGCAAGCTTTATTGTTACAGACCTATGTCGTCAGAGCAAAATCGATAACTTCCCAATAGTCCAAAGGGGCTCTTGCGATGTGATGAGTGTTAATCAGGCGTAAAGCATGGTTAATGCGGCCGTTAGGCCTGGCAGTTGCTCATTTCTGAGATGAATTTGTCCAGTAACATCTGTCGGTCCCATAAGGCGATAGACAAACTAGGTCCTGAAAGTTACCCCGTGTTGCTAGTCGCTCGTTCTGCTGCGGTTGGATAGGCGTCCCTCAAATCGTGCATTCTATCCGGCCCATATTTAGGAATTGACTAGATAGAGTGAAATACTAGAAATAACTCACATTGCAAGGCGTTCGCAGACGAGAGGCGGCAAAGACCGATGATGAAGGTTGGCAAGTGCGCGTTCCCGGCTAACTGATATCCCTAATATTTGGAACTAGGGGGATCTATTTGGGGAATGACATGCAAACCGATTTATTGTCCACGTTTCACGTTTCTCTTGTGACGTTGTGATCGGAAGAATAGGTTGAGCCTGGATAGTAGCCAAGTTTCGTATTTGTTGACGTGATCTTACAGGGCCCTACAGATACCATATAGAACGAAATATGATGCATCCCGGTTGTTCACGGTCGGCCCGGGGTTACAATCTCTCGATCGAGAGAAGGCTCCACGGTTTGAACTACTGCTGGTCTATAGTCCGAATCCAGCATTGAACACATAGGTGAAATGACGGACAGGCGCTAGCCTTGTACTGTTCTCCATCTCGCTCAGTGCCGTAATCACACTAGCGATGAGGAAATACACATAAGTATGCTCCTGCAAAACGTGGCCTGAACAAATTTATGTCCTCCATGAACCAGGGGATGGGTACGACTTTCTTGACTAAGGCCAA,1932,49.33,Mus musculus
SEQ_179122,GATCTGATCAGAATCAATGCGTACCTTATCAGGCCCATCCACTCCATAAAGCTCGGTTCAGTACACGGAGTGACTCAACCATTGTCTCTGCTACTCCCAACCCTGCCTATTAGTAAAGGTGACCATGTGGACTAGGACACAAGGCGGTTTATGGGAGCCTCCCAAAGGTGTAACGAATTATGGGCTATCCCTACAGACGAGCGACTGACAGTCCGCTGTTGGCCTATGCGATGTGAAGTTATAGACTGTCTGCGACACGCATAGCGGGGATAATCGTTGCTTTCCCTTGCTCATACCACTACGCAGATTGCCTGAGCGCCTCTCTTACTGGTGGGAACTGTCAGAGAGAGATCCACAGCAGCGCTCAGCATGCCACTTCCTATGGGAGAACACCGCCCGCGAAATCCGATAACGTGAGGATCTATCTACCTTTGAACAAAACAGGCAGAAATCCACCGCCTAAAAGCCGGGTCGAGAAGTGCGAGAGGTCCCCCTAATAGCGGGCGAAATGAGCACCGGTGCTATGTCAGGGTGAGTGCAGAACACGCGGGCCGTCGGATGGAAGATGATGTACAAGCGCGATTCACATATTAGGGTAGATGTCACAACGTAGGGGGCAAATATAGTGGCAGTCCTTTGTAGCGTATCGACATGCTGAATTCAAGTTTGCGAGAGCCGCAACTGCTGCGCTGGGCGACAATCAAACGCCCCAGCTCCCTACCCATATACTCGAGTTGGTCTCGTGCTGACCTGTCTATCAATTACGAAAGTGAAGTGAACTGCTGGCACCCTGGAAACGACCCCCCTAGAATGCACTAGAAGTTGGTACAGTCTTTACGCCCACAGTACGAGAAAGCAGGGACGTCAGAGACGGGCCCTTTGGTCGTTAGTGCATTTGTGGACGGTCTTCCAGGATCTTAACCTGCGGGAAGAGTAGGCCGCTACCAGAAGCTGGATACCTGGAGCCTTAGTCGGTAGCCGGTCGTGAGTTCCAGCTAGACGTAAGTCGGCCTGTGGGCAATTAAAGGCAGCCTACATTCCGTGCCGATCCAAACGCGAAGATGGCTCACGTGCCTATGGGTCTACCGCCTCCGAAGTATTGTGTGTCTCCACGTGACGCTCATCTGATACACCGTTAACCCGCTTGGTGAACCGCTATGCAAGTTTCAAGTAGTCTTCTGCGTACCAGGATGTGGCATCGGTTGTTAGTAGAAAGCCCACTCAGCGTCCATGACGTAGAGGACGTCCTCTCCCAAGGCGCGAGCTGACTCGTTTGTGTTTCCAGCAAGCAAGGACGTTCATCTATCCGCCCCCACAATCGATTTCCCGCATCCCGGGTCCTCGTGTTGATCGTTGCAGAGGTCGGGCTGGAGACAACAGCCATTTCAATTATCGCTCACACAATCTCGACTCTACTCAGTAGTATAGCGCTTCTTCCTTACGACCCCGTCTGTACCTGAGAATCCTAAGAATAGTGCTGTGCATAGCATGCGTCTGGGATTTGCCTTCATTTGGCAGATCTCGGGGGTTTAACCACGGTCCCCGCAGCTGCGGGAAAATCTTCGACTGTGTGCACATGGCCTAGCAGTACTTCTCCTGGACCC,1604,52.93,Arabidopsis thaliana
SEQ_219526,TAAGTTGCGATATTCCCCCAGCCATGCGGACCGAATGCCCAGACGAGAGTGCTGGCACTGTGCTCATATAATAAACCTAAGTGCGACAGGCCCCACAAGCATCACAAAAGACATCTGCGTCAGTGAGAGTCTCAGATCTACTAGACCTCTTGGTCCGGTCCCGTGCCTTCGTGAAAAGTATGCTCGCATTCCATCGTCACAACTACCCTGGAGATTTCGTCCAAGCCATTACATACGTCTCCAATTGCTCCGCGTCAAGGTCATGACGAACGTTCCGTTAGGCATCAGTTTACGGCTCCAACCGGTAGCCCCCACTGAGTGTTAAACCGTACCGGACCAGTATAACAGGTGGTCTTAGTCAACATTTTCGATGATCTGTTCACCTTAAAGTGAATCTAGTGCATTCTCAGAGCTTTTGAAGCGAACTGAGGGCTATGGTACTCAGCTATAGTAACGCATCGCGAGCAAAAACCAAAGACGACATAATGGTGCGTGTACTGGGAATGCAAGTAGGTTCTACCGACAGAACTAACACATGTAAATCCCCCCACGTACTGCGATCACCAAATCGCTCCGTTGGGCGCACAGTCCGAGTTCTGTAAAACTCGTCGACATCCTAGCGGGCCAAATCCACTTAGGCACCAGTGTCAGGATGACTCTTTTATCTCTAAAAGTGTCGGCTTATGGTTAAGATGACTCCCGCACACGATCAGAGTCATCTTCAAATGGGGGCTTCTCGCCACGTTTAGACCAGTGGTGGAAATGACCGTTTGCGCGGGGTTCCGGAGACTCTTTAATACCGCTGACCTCCAGAAGGTGCGTTTTCTGGGACCCGTCAGGTGAGATCCAATATGCAGCTTGTACATGCGAGAAATCACCTCGGGTCTCCAGGTTAGGTTTTGCTTGTTACATACATCCACTGTTAGCTGCTATACACTTATAACTCGGTGTCTTTGTTCATAGGCTGGATTCGGACGGGGGACTTCTTAGTTAGGGGGAACTATACTCGAGCGTGGGATTCTAGCCTGCAAGATGACGTCTACTCCACGATAAACCCCCTAGATAAGCCATAGAATCGCGCTCGAAAGAACGGAGCGTGTTGCTCCGAAACCTGAGGGGACTCAGTTAATTATTTTACGTTTGCATCTTTAGGGCCTGTATGCGAAGCAATCTAAAGCCGGTTGGCTTCCCGAGAAGTGGACGCGCGGCACGAACCTTCTTCAGGGTTGTTATAGTCGTCGTCCTATGCAGTCGGACCTCACTCCTAATGCTTATCAACGGCCAAAACAAGATAGCACGGACGTCCACCACAGGCATGCTCAGTCTAGTACGCATGAGCAGCTGCTATTTAAGTGTGGATCATGATACATGATTTTACGGTTAGAGCTTGACTACTCATAATACCTGTCCGAACGCGCGTTGCGCATAATAACTAACGCAGAATACGTCGAGCGTGGTCTAGAGTGACCGGTGAGCACTGCGTTGCAATACTTGGGGTTACAAGCACACTAGAGGGGACGCATGCAAGGCTCGGCTTTTGCGTACAGTGCGGTATGGATTCCCCTGAAGAGGAGGAGGCTCACGTGCTAGGAGATTCAATGTATACAAAATTTGCGTACCACAGTCGTACGCCTTTACTATTCCGTAACCTCCCCTCACAATGTAGCTTACGCCGGGAGGCCTGACACATCTGGGCCCTGATTTTGCGATTGGCTTGATCCGCTCCGCCGGGTGGCCCTCTGTGGCATTGACGGCACTCGGTATTGTATACTCAAAAGAGTGGATTTTTGCTAAGGCGATGTCTGTGGATTACAAGTCTAGTTTCTAAAAAACACAACTTGTCACAGCTATGTTCGCCTGCGGGTCCATACGCAGCCGAAGCAGATAGCGC,1891,49.92,Caenorhabditis elegans
SEQ_715012,GGGCTAACCCATGGGCAGTTACATCATGGGATACGGAGATTTCTCGACGCAAACAGCTTCGGGATGGTATTTCTTCCTTGGTCCGTCAGTTGTGCGGTGTTGCATACCTAATTGCGCGCGCATAGCGTGCCTGGATGCAATGACCATTTCCCTCACCCCAGACTTGTTAGCCGCTACATGGAGTGTGTTGTGCACTAAATACTACCAGCCGGTGTACTCGGCCCTGCAGACATTCAGCCCGCACTTCCATCACGAGGCCCCATGGTGGGGCTCTACTTCGATAATACGGATCGGTTTTCCTCGAGCATACATGATTCACCGGGTGCCGGCAGCCTTATCTCTCAACCAAGTCCGTTAATTCTACCGAAATAAAATATGTAAATAGAAAATCAGTGTGAAAGTTATCGGGTAGGGGGACCTCCCACCGTTACATAGGGTATGACTGCTAGCCTGCTTAGGCTGTTCGAAAATCTCTAAGTCTGTCGGTTCCCAGGGTTTACCCTCTGCATACCAGGCCGCTCACAGAAGCTTCATTGGACCAGAACCCTAGCCTCTTTACGTAAGTTGGTAAGAAGTTCATTTTGCATGCGGTGCCCTGCAAGTGCAGTCCTAACTAACGCAGGCTTGACCCATAAGCTATTTTAGCACCCTGGCAAGACTTAGCCGCTGCTAACTAGCAGGTTAACGTTTTATTCTCCGACCGTATAACTCGCACGCCGCGCCCGATCCGCAGGTAATGTGGGGCATCGTTATTAGTCAATCCTCGAAAAACCCGTACCCCATGGCTATTTGCGAGGAAGCTTGAGTCTTATGTTGCTCCCACATGTGTGTATAGTCATGTGAAACCCTGAACAACCCTATATCTTTGGGCCTGGGACTGTACCAGAGGTCCCCCCCTCCCAGGAAGCAATACTTCCCTCCAGGTTCCAGCTAAGGCTGGACGCGTTATGGCAACCCCCCGCGTCATGCCAGACCAGCAAATTTGGTTGCAGGGTTAGTCACCCATTTTGCAAATCTTATTCATAGAACT,1030,50.68,Arabidopsis thaliana
SEQ_890318,CATCCGGCTAAAGCGTCCGCTGCCAGGACATCACACGCTCCCGAACTGTCGAGCGGGACTTTTATGAATAACTGTGGCTTAATCTAAGTCCAGGCACGTCCGCAACTTACTTGTCATCCCAGGCCTATAACTGCCCATTAGATTCTCCAAGGTCAACCGGCTTGAGCCAGTGACAGCTGCGGGGTGGTCTGCACCGTTTCTGTGGTACACTGTTCCAGGTTCCGTTGAAGTCCGGATTTCGCTTACCACCCGGCCGGGAGACCGGCATATCTGCGCCCCTGGTTCGCCACAAAGACTTCCACGGCTGCACACTCTATTAACGCTGTTGTGTCAACTAAGTGGTGAGCGATGGTTGAGATCTCGAGGCATATCCAGATGACGCCATATGGAGAATGCTACACCCCGCTCTATCTTGGACCTAGTAGATACACCGGCGTAGTTGGAACAAAGATCCGTCTGCGGCATGTTTTGATGCAAAGATCCGGGAAATAGTCGTACGGTCGTAGCTAGAAAGTTCCTCGTGGGAGTGTATTAGGCAATAGTACGATAGCAGTTTGGGCGTGTTGTACCTACCACACTATTTAGGAGCCAGTCGCTTAGCAACTAGGCTCAT,613,52.2,Homo sapiens
SEQ_201166,TACTTATAGCTCCGGCACATGCGATCTCGAATGGTAGATTCTTAGAGGGTTCGTCAAGGGTCTCGAATTACATATCCTTCCCGCTTGGAAACGGTCCTCGCATTGTGTAGATGGTAAACAGGCCGGTTAGTACGGGCTGCTGCTGCAAGGTCTCAGAAATGGAACCCAATAATGAGTAGACCTTTTTGGATATCTTGCTCTGCTTACGCGCCATTTGAGTCGATGGTTGCGTCCAGATAACGATTCGCATCACTATAGAGGACTTTCGGCACGGCCGAACACATCCGCTCGCTTCATCTCACTCGAGAAACCATCTCCAACTTCTGAAATAACGTATCGGAATCTATGTCAGTTCGTAAGGGGACCTTACTTGCATACAACTCGCCCACCCCCTTCTCAAACGGTATCGACGACTGATGAATGTTTTCATAAATGCTTCACAATCGAGAACGATCGATCACAGTTCATGTGTACGCTAGCTAGAATTGAGCTTGCCTGCTCAAATGGCGTTTATTCCCACTACTGATAAGCAACTACTTAGCCCAGTGTAAAGATTGATCATGCCGTCCCGGCGCCCTAACTCCGTGGTTAGCAGTCGCGAGGGCTTGATCACCAGGAGTGTGCTCAAGTCTGTATCGGCGTTACGGTACCTGCAGTAAATGGAATCATTTGTCGAGTGCGCAAGCCCGTCCGGCGAAGTTAGACGTAAACCTGTGATCGCCTTTAGCGCACGGTTCACGTAGAGGATGACTCACTGTTGCCGATCATGGGCGCCACACGTCCGCCGAGAAGGGCCTACGGCTGTCGCAGCGCTCGACATAGGTTTTGAAATCCTAAGATAAACTTACCTGCCCCAACTCACACTACTGAAAGGACGTTCCCGCATGGGGCGGCCTCATTGCCCAGGGTACCATCGTCGGTTAGAACGCTCTTACCCCCTTTGGTTGTTCTGATTACAATGATGGCGGTTGGCAAGAAGGTGTGCGCCCCATGTGTTTCTGAGGTTGATGTAACGATTTAGACACTTTTAGGGTCTAGCGAGCGCTCTACTTCGACTCCCGTATGATAAGGGGCGAGCGCCACGGCTCAAAAAATACCGAACTGCCGGGGAGGACGTGTGGCGGTCAATTAACATAGTGCGGTGCGATGACAGGCCGAGGCCAGGTTAAAGGCAGCGGGACCATAGTAGGGCCGTTCTGGCGCAAGTTTTGTTTCTACTTACACAAAAAGCGTATGTACATAGAGAATTACGAATGTTGTGATGTCACAGGATGACCAAATTAAAAACAGTATTGCTTGGTTCGGGCGTACAGGTAGGTCTTTTACTAGTATAACGTCGCTAGACTAACCTCTAGGTTTCCATTACCAGGACGGCGTTAGGCTGACTGCTT,1391,49.96,Drosophila melanogaster
SEQ_795580,GTTCCAAGGATAAAACTGGTTATCGTGCTACTGTAGCGCGTACCTATCACGTGTATATCTTAACCGAATCTGAACAAAGGATTAAAGGGGACAAGAATAGGCTGACATAGTCAACGAGCGAGACCTTCCCAACGTTGATTTCCAATACAGGCGCGCCTTTGAACAGAACGCTGGGCCCGGCTAAACTCATGACCTTCGCAGGAACATAGGATACGTGAGCCCGCGCTCGATGAGCCTAACTGAGCGCCATCACGACAAAATATGACCTATGGCTCTGTCGCTCTACTAGCCTATTACAACGATACAGTCCTTGCCTTTCAAGCGCACCCTATGAAATCGAACGTAAACGGTGCTCATCAGTTAACTCGCCGAGCTCCTTAGGTTTGGGGGTTTACAGTATACAAAGAGAGTAGACATTGATGAAGAAATATTTGCGCCGCGTGTCTTACTGTCATATACGTTTCGACCATTGTCACACTACCGCATTACCTGCAAAGGCCTGCCAAGCCTTGCGGAACAAATTCCTCGATCAGCAACTAAAGACGAGAATGGAAGAGTCGAGATTGTTACCGACGTCATATACTGAGAGCGGAGAATCGCTCCCAAATCTGCGCGCGGCCGTGACGCCATAACACACCCGCCGTCTGTCCCCTGTGGGCACCCAAAAGCATGACTAATGCAGATACGGACCCATGAGGATCAGCGGGTAGAACTTTGTACACAGAGCGAACCATTATCCCCCCACCCCGGCTATCCCTGTCGATTTACAAGTTAACGAGCCTTGCCCCCTCAGCATCATGGGACTTGTAGTTCGGAAATCAGGAACTAATTGATTTAAATCTTGTAGCTGGTAAATCCGCCCGCTTATCCCTCGAGGGATACATACTTTATAATGAGGTCCCGCTCTGTGCGAAAGTACCAATCGAGATTCGTCAACGTGTAGCTAGCATTGAGGTACAGATTTAAATTGGGACCTATATCGGTACGTGTGCTTGGGCTGTCACCTACAGGGACCCAGATGGACTTAGATTTCCGTCCGGGTAGCTATTCAGCGTCCTGATAGTCCTGATCGTCACTGTGCTACGCCTCCCAACCAATGGGGTCCCTATTACATCATCAACGAACTTAGTTGCTAATAGGGAGGCAGCCCTCCTTGCAACGCATAATAGAGGAGATAGACTAGGGTCAAGGACAGTATTGGCGCGGCACAAGGCGAAAGAGAATGGGCTCACGAAGACCGGGCAGGGACAACGGTGCAATCCTCACAGACGTAAAGTGACCAGAGCGCTCACGAGCCATCTAGGAAGAGAGCGGGGGAACCAGATGTAGATAGTTAGCGGGTACATGTCGCAGCGTGTCCCTAGCTGTATGAGGGTAAGGGTCCAATCTAGCACTCTATGAGGTATAGCTCACGTACAGAGGTCTCGGGTTTCTGCAGGCGCCTTAGACTGATCCTGCTACGAAGATGGGATCAACCCTCTGCTAGACCTGTAATTGTGTTCTGAGTCACTTGTTGCATTTGACGACGGCGTCTCTACGTTAATCATGGTTTGTGACGAACGCGTGCATCTGACAAACCCTCGTGGCATTCCTCGTCTGAACGCTGTCTGGTGCGTCAATATAGTGTTACTGGAGAATATCAACAGGGGTGTGGCTGTACCATAGAGCAAGGCCCCTGCCGCCAGGACCAAGACGGCAAAGGGGGCCTGTGACGGGTGTATGAACTAAATTACGTGCGGGGATCGGCACACCATTGTAAATACTGCTCGAGTGGATTCAGGGCAAGCTAATCTTTGACGTATAGGTTGCTCGTGCTTCGACCGAAGGTATTAAGTGTTCGACATTCACCGCCAATTTATAAAGCGCGCTTGGATTTGCAACCT,1883,50.13,Mus musculus
SEQ_916114,TCGTCCACGGTAAACGCGAGTCCTCGCCGTGCTAAGCTTTGCGTAAATTACGCGTGACCATGAGACCGTGGCAATCCCCAAACACCAGTTGGAAATACGCGAAGTCGTCTACACCACAACTTTAACATCCAGAGCGACGTTTGCAGCCGCGAGCATCAACAAATTCACCCGCTTTAACGCCTCTAATCACGATTTACATCGGAAACTATAAACACATAACTGCTTCTACAGGGTGCCTGTATATAGTATGTCATAAGCGTCCTAAGCCATCCCGCGATTAACTTGGACCACGTTGTCGTTAGACACCACGTATCCGCCAATCGCTTGGCAAAACCGGGGATCTAGTTGTACCTCTCCATTTTTCCACCCCTCATCCTAGGTTTCAACCCTTCTCCCCCGTGCTGATCTTGAGCACGGAAGCGAATTGTCGTTTAATTGCATTATGCAAGGGGAATTGGTACGCCTAGCTGCTGTTAGGGATCTATCGCAGTACGTCGTGATACCCGCGCCACGGAGTAACTCTGACACATCCCCGAGTTGACACTTGTTGCTGGTCTGAGTGGTGGCTATTCCTCAAGTCTCTAAAAAAGACCTTTGTTGATATTCACTAGACTCCGGTAGCAAAATCACGGGGCAATAGGAGGATAGTCATCACGGCTCCTGCGCATCTTGCGTAAATGGAGATGAAGCCCGGTCAATCTCGGAGTTAGGTGAACACTCCTAGGCAACCAATACGAGCCTCACCCCCCTACGCATCCCGATTTTCTATCGCTGTTCGCTAGATCAGTCGCGCCTCCAATATGTGATAACGATTTTCGAATGTATAGGTTACTCTGCAGTAGAAAGCAGAAACCCGTCTATCATGTTACCGTGGGGAAGAACCATCGGGCCTGGTTGGTATCACAGCTGCAACTCTGATCCCAGTTGCTGGCAGTTCTGTCAACACGTCTTAGGTTGCTGATCCGAGACCACATGGTATTGGCCTCACCCGCGGGTTCGGTGAACAAGATATGCTCGAACGAGATGATATTTTCTGCGAGTTCGCCGGCAATGCTGACCAGTTACTCCATGGCCATATTACTGCGATAAATGCTACGACGAGAGGCATGACGGTTCGTGGCTGTCAGAGTGTAGTATCCGCTGTATTTGGATAATTTCATGTGCACGATTCTTCGACCCAACCGTTGCCTTAGACCTGCGAATACATTGTGTTGTCTCGTCCGCAGTGCTGGTTCACTACTTTAGCGTCAGTCGTAGTGAGAGTAAGCTCGCACGTAACGGACAGAGACACAGACTGAGAACCCGGTAGAAGTATGTTCCCCCCGAGGCCGAAGTCAGAATGGCA,1345,49.96,Caenorhabditis elegans
SEQ_276678,GCCACTGCTTGCTGCCCGCGTGAAAGCGCAAACTTATGAAGCTAGGGCAGTTTTGTTCCGGGAGCGCGCCATTCCTAGATAAAAACATGTCTCCGCCTTCAGAGTAGTGTCGCTACAAGCCGTTTGCTGGACTAAAGGTGTGCGGCTCTCCTTGCTCTCCATTCCGAGCTCTTCAAGGACAACTGACTACCTGAGCCCCGGATCTCTCCGAGGCCCCCGCCGTTGCATCACGACTCCTGTGCACGACTCAGCCCACGAGACCAATTCAGCAGGGGAAAGATGATCCAAGAAGACATTTCGACGAGCACTCGCGAGCAGTTTCGCCTTTAAATACTTCAGCGCAAACGATTACGAAGATTTTGGCGACACAACTCGAACGGGTCGGTGGGTGGATCTCACTAGTATAATGAATTTTTACACTGCGGCAACCTCAGACTGACCAATAATGCAGGGCATGTCCATGCCAGCCTGACGACCCGTGACCAAACCCTTGTCTTCAGGGGCTGGGATGGACCCGCGGGGGTAAGATGGATAGTTTACACTACCCGTTCTTAGTGCATGGGGAACGCTAGTGCCACCTGAACCCCTCAAGATCCTACTGCCACGCACCGTGCCTTCAAGGACACCAGTCCGTCCCTGGGTAAAACGACCCTGCTACTGCGCCAGCTGGAGCGCGTCGCGCGCAAAATCTTAATCCATGTCTGGCGAGTTCACATCAAACGTCTAGCAGCTAAAGAATTCACCAGACATGACACAAACAGGGCGCCTACTCTACTTACGATAACGTCAAAACGTGTAGCCCCTCGATAGACTCCAGTGTTGCGTGGGTTGTGGAGAGACTTTTCGAAAGACGTGCGTCGCATTTCGCGGCGGTGCAGGGATCGATTTGTCCGCGCTGGATGGTCTACTGGTGCCCCGTAGATATCCC,928,54.2,Escherichia coli
SEQ_797591,ACGGCAATTAAGGTTCATGTCCGGTTCCAATGAAATCTCAGCGTCTTGATCGCTGCGACCTTGGAAGCATCTCCAGACCCGCAGACGTGGGTTTCAAGGTGGTTTCATTATAGCCACGACACGAGAGATGTACTAGTGTCATATATTAAGTACTACCTATCGTACGATCCTTAGCGACGTAGACTCTCAATTCGCTGTTCCACGTTACACAAATCATGATCCGGACAAAAGACTGGCTCGGGCCATATGACCTTTATTATTATGAAGTACGGGAGTTAACATCGGATAGGGTAGGCTTACAGGCGGCGTTTCGCTGATGCG,321,47.35,Escherichia coli
SEQ_421905,CTCAACATTTGATGCCGGTTAAATTAGCAATTCAAATTCCGTCAGATTCTTGCTCCGTTCTAGTAAGGGTGTTAGCCAGGGCGATAGAGTCAGTTATCTACATAATGAGGTAATTTAGATATTTCTATAGCTTTCCAACAGGTTCTACCATGACCGCTGCACCGCGCAATGTGGCGCGAGGTGCGCTGCCGTGTCTTGCTATGGACACCCCTTAGAATACCGGTGGTGCCTCAATACCGATTGTTTCCGCATCTGAAAATTTGGATAAATTTCGACCTACAATATGCTGTCTCCATTCGTCGTTCTGTGTTACGATAGACATTCAACAATCTTACCTTGGACTGTGAAATATGGCTAATAGCAAATTGAGCTCCCAATAGGGCCCTATGTGCACTCCTTGCGTTTGCCGTAGCGTCGTAGGCTTAGACCATGGGTAAACTCATTCCCGGATCGCTCTAGGGCTATTACACATTGTGTGAGAGTGCGTTCCGTCCGCCCTTGGTGGGAACAGAGCAAATACCTTGGCCGAGTGGAGGATGTCCAGCCCCATGGGAGCCGCGAGCACTCGTTACTCACCCTACCTCACGGGTGTTCCACCAAAATACCTTCGGACTTCGACTGCCTGTTTATCGGGGGTGCAACGCCCTCTGGATGTTAAAAGTTCTGTCCACTGCGACAGCTAAGGTAAGCCCTGATCGCGCAATTCACTCCACCCCTCGCTTTATCCATCGTTCGCACTCCAAGCTGCAAACTCGTACCTGCACTTTGTGCAGCGGTGTTTCAGTACTGGAAGAACGGGCGCTGTTAGCGTACAGCTAGTCAAAGGTTTAACTGATGCATTAGATTACTAATGCGTCTTCTTACTCTGTAGCCGAGGCCAGGAGCTGGTAGGACAGGAGACAGGGCTATGCTGAGCACATGCTGATTACGCCTCACTGCATTTTATT,947,49.31,Drosophila melanogaster
SEQ_102628,TGAGATTTTTAATGGCTCACACGGCCGCGCCAGGTTCGGTCGTTTGAGTCCGGCACCGCCGACCCGTAGCTTCTCAGCAGAGATACTACGCGTTGGGGGGGGTTAATGACGTGGCAATTTCCTATCTCTGGCCACTTAGG,140,56.43,Homo sapiens
SEQ_626084,TTAGAGGCTGCTAGCCCTTACTCACCGATCACCCCAAATCTGTAGTCTAAATCCGCGTTGTCGAAAAAATGCTACAGGTTTAGTTTAACCTAAACGCGGACAATGCGTTCGCATGGCTGTATCAAGGCTGAATAGAGGATTAGCATGTTAAGAAACCATGAATCATACGATATCCAAAAGAAGGGTCCGCGGATGGGAGATAGCGCATCAACGTCCGATCCGTCATGGGGATAAGTACCGATTGAGTGCGCGCAGAAATTGCGTAGGACAGTCCTCATCTCGCAAGGCTTTCACACTAAATCGTATTGGAGGCTAGGGCCC,321,47.98,Homo sapiens
SEQ_417997,TGGGGGTGGTACCAGTGTCTGCGTCATGTTGAGGGCTACACACGCACCGCTTGTTGCAGCGTGAGAGACTATACGCATTCCAATTATTACGATCGACAAAACGATGTTGCCTAATTGGGGGAGAGAAGTGCATGCCACCCTTGCCGTGATTGCTGTGCGTACACAATTGGCCTGTGTGTCGAAAACACAGGGACTACCATCCTTGCAGCCACCGGGTGGTTACGATTCATCTTAGCGACCGACGAGTTACCGTAACTTAGCGCTCTGTGTCATCGACGTCCCATGAGTTAACTTAGCCTATTGGATCGGGGACGCCCGGTGATACCGGCGCCGACCCCTGACACGTCTCGCCAACATGCGATCTACATGACTGGCACCGTAACCTGGAATCATAGTACGTTAAACGTTAGTGCGAGACTAATTAGATCCTATGAGACTGCAGTAGCGCGGCAGCGGACAGGCGCATGTCTATCTCGGGTAGCCTGGAACTCATGCGGTGGTATGGATGGTTGACTATCGTGCAATAACGTGTCGCTTACCGCTTGGAATATGACGTAGCCGGGAATTGGACGTCTAGCCTGGGCGCTTCATTCTCCGTATTTATCTAGGAAAGCAGAACCCCGCACGTATCGCCCATCGATCTTGATACATAGTAACTACGGCCTGTTGCACCGGGGAGGACGAGCCGGCAATAGACATATGGCCACCGATAAGCGAATCGTTTTATGACAGTATATGGAAAGTGTGAACATTATAGACCATAAGCGTGACGTCCAGGAGGGCCGTTATGGCTACTGTTAGCCCTAACAAGCTTTCTTAAGTTTGACCGGGGACCCTGACCACTTTGACTACATATGGATCCCGCTTCAACCACGAGGGCTCCTGCTGATTACGGTTTGACACGGCGGTCCAGAGGAACGTGACAAATCACTGGGATATAAGACGAGCTTGAAGACCGCCCGTAACGCAAGCAGCGCTTCTGGACCCGCCAACGTCGTCTAAGGAAAACAGATTTAGCTAGGCACCCTACGATTCGTCGGTATCTGGCTAAGCACAGGAGCCAAAGCTGCTTGAATATTGCAACCAAGGCTCGGCTTCTTGGGCGTCCTAAGTGGCGCTAATCTAGGCCTTGTATAGCTCCTCCTTCCAATAGGTACCGCGCGGAGTAAACACGGGTCGAACTGTGTACTGCCGGGCCATAACTTTAGCAGAGACGCCACGAGATACATTGACTTTGGAAAGTCCTTTTTCGCGTCCACCTGGCACCTTAACAGGAGGTTTAGACTCATTAGTCTCAACAGGCGATAAAATACGCGCT,1318,51.82,Escherichia coli
SEQ_548139,CGTAAAGGTGCATGTGCGGCTAAGAACATCCCCTTTGGCGAGGGAAGGTGGGTTAAGAGAGTAAGGCCTGCGAAGCTTTTGATATTAACTGCACACGGGGATGCCTGCCGGATCGTATGTCGGAGCACCTCTGCGTGCCAACCAGTAGGCGCGCCTCACATATCAATCGCCCCCAAGCAGGGAATGGCAAATATCCGTTTGACCAAGTGACCGTCGTTTTCAGAACGGCTTTCAAGGTGATATTGAAGTCTGTTCGTTCGGGTGTGCAATACATTGGACAAATGTGTGCATCTAATAAAGTTAGTGAGAAGATAGAGGCGGAGGTCCGGCGGTCTGGTTCACACTCGGCGCAATCGGGTTGGAGCATCGTGGCAACGTCTAGACATAATAAGCAGACCAAAGCTGTAACGAGTACGTATGCACGTCTTGCCCTTGGCGACGCCGCAAGTGTCCAAAGGCAGGTGCGACAGCCAGTTGATACATTTTCAGTCAACTGCCTGCACCTAGATAGTCACACTCACGACCGACGTTAGAACGCATTGTCATTTGCTTGTATACGACACTTTGCCAGAATCATGCCCTGTAGAGTGGGAACTATATTAGCGGTCAGTATAGAGTTTACCCGCTAGGATGGATCTAATATTGAAAAGGTCAGTTCGATCTGCAGTTGGTAGGCGCTCCCTTCCGGTTACGATAAAAGGTACAGTGCTTGTTACCTCCAACATCAGTACGCTGACTGCTTCTGATACATGGGCCCCCGGTGGAAATGTCACACCTGTAAGAACACTCATTGGTACGTGGTTGCGGCATTAGAGTTGTCATATACTATCTAGTACGTCCAACAGGCCACCTGTTG,856,49.88,Caenorhabditis elegans
SEQ_863707,TGGGATGCAAAACCTGGGATAAACACGACGGAATGAGGCAACCACCGAGGTATCTGACAAGCTAGAGATTGGAAAACCTAGTGACTCGGTATTTTGGAGCCCGCGGAGAAAGAGTGGTTCGCTTACATAATACTCCAACGATGACCCTTCAAAGCGTGGAAAGGTTTATATCTGCTACACGTCCCTAAACTGAGGGCGCTCCCGTAAGGCCAACTGTGACGACGAATTCACCTTAGAGCTAAAATTGAGTCGATGGACAACATGAGTTTTAGTTAACGGGCTATGTTTGGCGTCCTTACGAGTATTATCGCCGTTAAAGAGCGACGCCGAATTTCACGGTGCCGCGCGCCGTCTAACATCCAACAGACGTCGGAAGTGCCGAATAGTAGATTTGAACCTACGTATATCTAGGAGCAACGGTTTTCTGAAGATCCTTAAACATGTGAGCAAGTGTTCTCACCATACCGGCTATCTTCGGCCGTTGGTAGTACTCCTGCCCCGGGGCGAAGGGGCGGGCTCAATCTTCTTGCCCGTTCTGGCGACGTTCCTACCCCCGCATTCTCTGCGGACATTGGAGCGCGTTACTCCCTCATTCTAGGCTTCTGCGGTATCCCGTAAATATTTGATCCGAGCGGAGAGGAGAAATGATTGTCTTCTCAATCATCCAACCACGC,674,50.3,Arabidopsis thaliana
SEQ_470666,CTCCAGTCGACCTTGTCTGGTAGTAAACCCCAATAAGCAGGGAACTGGATAGGTGTCCATCCAGGCGTTATTGTTTCGGTGCGGGGGCCAGCATAAATTACCGGCAAACCCCGACCACGTAGCGACGTTGGAGCTAATACTTGCGATAAAGGCTCAAATCAGCATTAATTAGGATGCCTTCGAAAGAGTAAATCTTGCTAACACTTGGCGGTCAGTGTAAATGAGCAGCTTGTCGATCGATTGGGCCAGGTGTTTGGCGTCAAGTCCGAGCCCGTGCAATGGATGTTATTAGCATTGTCTTCCTCAATATCTTACATACCTAATGTTTGCTGATGAGCCCGGTTCTGGCGTGCTTCTTACATTACGCACAGGCACGATGTGCAAGTTTGATGCTTCAGTCGGTGGTATGGGATCCGATCAGGCCACCGTCAGGGCCGTGGTTGAGTAGATCAGACACTGCAGTGACGCGGACGGCTATATGGATCACAGTATGGAGTTTGCAACTTGCATCATCCAGGGAAGACAGTCATGCAGTCAGAGACTAACTGGGTCTGTCAAGCAAGGAGCTGACAATGATCTTTGATTCCGAGACTAACCCCTCATGTTGTGAGAGAGCCGATTAGGTAGCACTGGCCAACCTGGCACGGTCGCCTGATAAGCGCCTCGTCAAAATTCGCCTACAATTGTGATAGATTACAACACTCGTCTAATTCCTACCTATCGAACCTGTCTCCGTTGCGTCCTAACACGAGAACCAAGACGACCTTTCTCAAAGCCGCGATACCCATACGACACTTTAAAGAGGTCCAAGGTCGCACTTTCAGGGGAGGGGCGAGGCTTTTTCAACCCCCTGGGTAAGCATCAGCTGTGGGGACTAGCTACACACTATCGTTGCATATCGTGAGAGCGAGCAGGTTATCCCGCGAACAAGGCAGACATAATAGCGCGGTGGACCATAGAGCTTTTAAGCAATACAGGCCAATACTCGCGTATGCCATGAAATGGCTCGTCGTTTGTGAACTAACTAGTTGGGAAGACCTGCCACCAAGAGTATAGGACACGTGCCGGTACGTGAGATATTAATAAGCGCATAAAGTATACATCCGGCACGCGCGATCCTTGTAAGGCATGGCGCAATGATCATCTGCGAGCTATGCAATAGCATAAACTAGCTACCGTCTACCCACATTACATCTGTCTTCTTGTTTGGCTGTTCCACTCAGCAAACAGCCTCTCTTATTCATGGTAGACTTCTATTATGGCATCTTAGCCTGCACATCGAGAACTGCCAATCCCCGGTAGCAGGGCCTTCCTCCACCTGACACACTCCAATCGTACTGTATGCGCTGTCCGGTTGCATTCCAAACCCTGTCTGCCATTTTAAAACGTGTGCGAGCAATCCATTAACCATAAATCCCTCATGGATAGCGTTGTAGGAGATCCCAACACAAGAGCCTTGCGCCAAGCCGCTAAATCGACCTTAGGTCGGCCTCGTCTCTCCAGCAACGACGCCCCAACGTCC,1522,50.07,Escherichia coli
SEQ_971380,TCATCCGGCCTCTCAAGGACCAAAGCGGCTTGCCCGCTCTAAAGAGAGCCCCCGTCCAACCCGGGTGTGGTTATGGGTTAGGGCTCCAATGATGCCGACACACAGCTAGGTCAACCGGACCAGAGCCAGACTCGATTCCAGGATCCGAATTGGGTGAGGTTCGGGAACCGGGAGAGGAATCATCTTCTAGTCGTCTGATTTTCCTAGCTCGACAAGAAAGCATGTGCTAGTATCTGTGGCCCTGGCTCTG,250,56.0,Escherichia coli
SEQ_329131,ATGGCGCTATGGGCAGCTCATGAACTCGCCGAGGAGTTGGTCGCGTAGAACATTATGGAAAAACATTGATTGTATCCATGCAAAGCAGCGGACCCACGTATTGGCGTGGGTCGACTCCCAATTACCAGAGCGTGATCACGTTGATACCTGTTTTCTGCCCTTGTGGTCTACAGGCCTCGGCACCGGAGGCCCCATATCGTCTCTGGTAACGCGTGCTCGTGGTTTTAAGTCTCAAGTGCCGAAAGACTGTGAAGCACGGACTAGTGAATCCTGCGGAAGTAGCGGGCGATTTCACGTCAAATACCCAAGTGTTCCCCCATCTCTGAGGTCCCTGACATGTCGCAGTCGACTAGACGCGGGCGGTTGGCTCGATCGCAAGAGAATGAAGGCTGGTATCGCGCACCCAAGTGGTCGACATAAGCATGTCACCGCATTAAACCAGGGATAGCCATCGGTTGTATATGATCGGTCCCGGTCTAAGTAATTCGGGGCAAAATCATGGAGTCACTTAGGTCTGTTTTAATGTAAAACCCCCAGAGGCATATCGCAGGCGAGTGAACCCCAGGCATTACGCTCCAAGGCATATAGTAGTCGCGCACGTTCGTAGTGCGAGCCGAGCGGCATCCAACTAAGCCTTAGGGGCTCATACACATTAGTCCTAATTGAGTGCACCTATGTCTGTCGGGTTGGGGAGTAGAAGACCAATCGCTGAAAGAGCCGGAACAAAGAGCGGACGCCCGGGGACCAAGTGGTATGGAGGCATAATATGGCCGCAATAGGCCGGGTGCTGAGATTCTTATGACGAAAAACCGCTCATAGATGCTATTTCTACCCCCCGCAACGCCTCGACATGCATAAATCTTCCACATTGAACACCGCGCTCGCTCTAACCTGTATTCGTGTTGACGGACAATGCTAACCTATACTTCGCAGAGATAGGATGTTTCCTTGGTCTCGTAGGCACAATCCCAATCCATGGCGCACCCCGCCGTGCTTCAAGCGACTCTAGCAAACGCTAACCCTAATATCCTCGGACTGGTGTATGAGAACGCCTATAGGTCCGGAACATTGTGCTAGCTCTACGCGTGGATAAGCCAGATCGCCTAGTGGCCAGTCCGTCAGTGAGCGCCTAATGGTCTGCAAAATAGTCGTCGTCCCGGATAATCAACCATAAGGAGAGCCACAACGGTGTCTTTATTCATATCGAAAGAGACCATGGTCATACGGACGCGGAGAGTTCTATTGTCGTGCGAGCTACTACTTTTCCCATATCCGTAAAAGCCCCCATCAGTCCAGCCGATTCTACCATGCACGCTAGAATGCTCTAGACTATTGCGGCTTCTTGATCACCTCTGAGAGGGTACAGTATGAGAGTTAACCCTCACTTAGCAATGGAAGAAACCTCGTAGTTGCTTCGAACAAGTATCCTTTTGCAGTAAGGTGTACGTGCAAGGTGAACCTGGTCAGCTGTGCCGTTTATCGCCGGATCCATCAACCATCCTCGAGCGCCTAATATTACCTTCGTCATTAAAAAGTGTGACGCTCAGGAAGCTTGCATAGAACCGCGTACAGCTTACAAGTCCTTGATTCATATTGGAGGTTAGCACAGCTTTAAGTAACTACGATCTTTAAGGTCGACCATAAACCTCCCTGTCGTTGGGGCTGCGTGTAGGGAAGGGGGCTGCTGAGGTTTTTAGGGGGCAGTTCTCGCCAAATAACATTTCTAGTAGCTCCATGGTGGAGGAGGTACCTTAACTGTTAAAATTCTCACATTCCCTACAGATGGACGAGAAACCTCTTTGCCATCATAGGTGCCTCCTGGCTCGATAGCTAGGTGTACAATAGAAAACTACTCTAGGCCCACGGGATGATCAGCAATAAGGAAAGAACGAATCGAGGTGTAAAAATAGGCGAAACCACATTCCGATCCTTGTTTCCGC,1940,50.41,Escherichia coli
SEQ_929132,TCGCGTGTGAACCATGTGCCATGAGATACCGCCCATAAGACGCACGTGAGGTGTGGATGCCTACTACCAACGGTTTTGCATGCAGCGAGATTCCGCCAGGGTAGCTCTGTGGGATGAGTTGCCAAGCAGTGGTCGACAATCAGTTGGAGTTTAACGAGAAATTTCTCCGAGAGAAGCAAATTAGCGACTCCTCGATGTTTACTTGCCTTCATCATACGCCGCGATTACACACATCTCCTCTAAGTTGGCCGACGTTATTACGTTGACTTTTGCGGCTTAACTCCACCCGCCAACTTACAGACGAAATATGTGGTGGCCATGGTCTAAAGTATTAGCGATAAATTAGAGTGCTCTCTTACGTCCCGCCCAGGCACTAATATGCGAACGGGTGACTCCGTTCGAACTTTAGCTCGGGTGACGAGCTAGGCCCTTCTGGACGCAAATCACGCCTTCGCGTCACGAGCTAACACGCAATGTTGACAGAACGCTGGCTTTAACAACGTATATTAGAGTACCCACCTCGATTCAAATGCTATGAGTGACACCGCAGTACATTTAGTTAGATATTGGAACCGGACCATCCGAGCTGGGCGTACTTTAATAACAAAGAGTCTCAGCATCCTTTGTACGTTGCCCTA,638,49.06,Mus musculus
SEQ_796998,GTTGGATTTTCGGTTAGGAGTAACCATCTAGGCACTAGAAGTTACGCCGCAGCGTTAAGTCTTCTACTAGAGTGACGTGGGTGGCCGTGTCATCAAGTGCATGTAGTAGCTTCTAAATATTGACTGTGGCCTCTTGCAACCGTATGGTTTTGTTTGGACGGTGCTCCCCTGTCTCAACCGTTCGCACTCTCAATACGGGTGGAAGGCGACTCCGAGGTTCCACGAAATACGGAAATGACACAAGGACGTCAGCTTCCTCTATGTCTCGCCCGTTGGGCGTAAAGTGTTCCAACATGTCGGCAGCTACTTGGCGGCCAGGATCATCAGTAGAGGTTTCGGCCGGTAACCTATTTGGTCGGATTCTAGCGACGTCCAACTGATTGAACTAGCGGGAGGTGGACCCGTTTCACAAGTCAGAAGCGGTGGTCAATGTGAAGCTCCCCTCGATGATAGTGCTACCGGACCAGACTCTTGACACTTAATCGCACTAACGAGCCAGCCTACAGGTGCCGCTAGAAAGTTCGCTCGAAGGCAACTTGGGCTCGCACCTGGTTATCGCCCCCCGTCGGACCAAAACATGAATATTCATAGGCGATGGCCTTAACCAAAACCCTTGTATGTGTACCTCCCTCGTCCGCATTACATCAGATCGATCACGATACAGGTTATTCCATTGACGCGGAATGAGTAATGCACGGGATAGGGCTATGAACGAGTGAAACTGACCAGGCTACGTTCTGTATTCTAACTGTCCGTGTCGCCGGACGTGCTTTCTATGTTCGCGGGCGCGTCTTTATCGGCATGGTGCACCACGAAATACGGCCGCTAGCGTCAACAAAGACGCCTTTAAGTTGTGAAGTCTACCGATGGGGGTGGGGTACCAAATGAACCTGCCCGACGGATTTCGACTCTTATAAACCTATCGGAAAAATAGCGGCCCTGTTACCTGGAATCGAAAAGCGCCTATACAACTGTATGCTACAGGTAGATCGGCCAATGTACAGTATCAAACTCTGATCCCTATATACTAAAATAAAGGGTGAGTCCTTAGTTACATAACACGAGAGTGTGAGGGTGGTCCGCAAAAGTTAATGACTGAATCGCGGTCCCAGTTAGCCTTTTTCTTTCGCGGTACTCGCTTCACGATATTAATCACAACGCACCTAGGGTACCTACCTTGGATCGTGCGAGGAGCCAAGAGGCTAGCGCCGTTGTCCGGGAAGGGAGATTTGGCATCGTAGACAGGTCATTAAGCCGCTATCTTGTTAACTTCCAGCCCCGACGGGGAGATGCCTCATTAGTGTTGGGTTAGGCTCTCCTCTGGTTCATTTCCTATCAAGCAGACGACAAAGTCTTTGACCAGGAGAACAGGGTATCGGTGTATCACTAGTATGATTCTATACGATGCAAAGGCCCGTTCGGTTGACCTACTATTAGAAAGCTGGTACTCACAGTAAGATAGTCCTTGTACTCGCCTAACAGTCTTGGGTTCAAGAGTCATTTAGTTTGTCATACGAACCTAAGGGTGAGCCTCACAATACGCTCCTTCATCATTCCATGCTTGATCGCGTTCCTTCATTGGTACTGCCTCTGTGTACCTGGGGGCCAATCCTACCACCGTTAAGAATGTTCGTTGTGATGGCAACCCTTCATACATCTGGAATTAAACTAATTTGGTAGGCGGCAATATAGGGCGGTCATATCAC,1706,49.53,Caenorhabditis elegans
SEQ_518615,TCGTAAGGGAGCGCGAAGGTATCTCACGTGGCAGAGGGTACATAACTGCGGCTCGGCCTTGACCAAAGTGGTCAAATCGCATGCATTTCGGGGTCTTGTATTTTGCATCACCTCTCAGTGCGGGGTGGCAAAATAGCTCCGCCAGTATAACTAATGAGCTAAGTCCAGCCTCCTCTGTAGGAGGTTGTTCCCAATTTCGCCAAGGTGGTCCCCTACTTATAAGGTAGACGTGACTAACGGCTTTTCCTAAATGGGATCATCGTTACTTTTTTGAAATGGTAAGTCTGCTATGCTCGCCACGCCCGAGAGGTCAAGGGTATACACTGCAAGCGTTATGGTACTCCCAGCTACCACCCCACGCGTCAATTTCAGTCCGCTTGTGCTTTAGAATTTGGGGGAACTACCCCATCGGCTCCGTGCCTGCAGCGTCGCAGGTGGCCCGCTCCCTAAACAATCCACGTTGCGTGATATGCTCTTGCAACTGTTGCGGCTGTAGCTCATTCTGAATATCCTTAATGCGAACCCGATTTGAGCTACGCTGTGCCACGTTAGATACACATTTCGAGCAAATCCGAGTTATGCTCGCGTCATTACTGGTCTTGGACGCGAATTGGAGTCCGGGGTGAATCCTAATGTCCAAGCGAATCCATGCAATATCCTCACGGCCGCGGGTTCACTTAAGCCTAGAGCGCGTTTCTGCAGACGGGCCGCAAGCCCTATCGCCAGGGGATCTACTTTTGGTCTCAAACTTAGTCCTTAGGGGACATGGACCATGGTTAGC,781,51.86,Caenorhabditis elegans
SEQ_819815,AGGACACAGGAGACAGACGGACCCCGTACCTTGGAACGCCATATCTAATCGCAGTAAATTAGTTGCTGTCGCCGTTTGGCCCTACGGTACTCTCATAGATAAAAGGGCTCTGTTCACTGAATTATGACCAATTATGTGGCAAGGGGCGC,149,49.66,Drosophila melanogaster
SEQ_138723,GGCGCCCTTGGTGAACAGAGGATATTCTATCCAAGGGAGGCCTCACCTGCAACGACCAAACGATGATACCCCGAGCCGTGGCCCCATCAGTGAATGTGAAGGGTCCGACGATTTTATAGAGATCCAGGGTAATGTGCTTGACTTGATTGACTCTGTGGCCTCTCCCACGCAGCAACTAGGAGATAACCGTAATTTGACCGGCGATTGGCCACTGCGGACCCCGTGCATAGGAGCCCCTATGATCAAAGTCGAGCATGCGGAGAGTTGTGTTCGAGTCACTAACTTTCGGGTGCACCCCTCGACCACGGCGCCCTAACACTCTGTCGACTGGAGCAGGCAGTGCGTGTCACAGACATTCTCAGTTACGATAGACAAAGAAAAGATGTTGAAGCACTAAATGACCACCACCTGTATGTTGATGGGAATCACGACCAGAACGTCTGAAGCAGCTGGTCATGTCCGACCCGGCAAGCCCGATAAGTCTATCTGTTTCTCTAGTCGAGTTAAGCCTTGTTCTACTCAGTTCACACGTTATGCATTGATTCATCGAAGACACCCGGATGTATGACCGTCTCTGGGCGAGACATCACTGTGTTCCCTGTTACCTTTTTCTCGCTGATTCGTAGGTGGTGTAGTCCCTAAAAAAAAGCTGACGAGTTGCTATATTTTTTGCTTGTCTTGTTAGAGTCGGCTTTCACCGACCTTTGTGCGTAAACACATTGGCACGCGGCACCCAATGCATAACCTGGGCGGAATAAGTAGGTGTGAATCATATCATCCCGTCCCGAGTGTCGCCCGTTGGAGCGTCAAGCACTGACCGGGTATGGATCTTATATTGTAGGGGTGCGGCGAGTGCACAAAGCACGGAATATGGGACGAGCAGAATGCGGAACGGGGGCTCCCATGTAGACGACGTCGCGTTTCGTGATGCCACATCAATTGTACCGTGGGGGCGACGCCTGCATAACAATGAGAATTTGCACGCCGTGTGGTTGTATACTTACCGAGAAGATTAGAAGAGCCTAGATTTCCATTATATCGATATGTGTCGGTATCGGTCGCCGATACCCCATGCGTGATCGAGTTTTGCGTTGCCAAGGTATTTGGCGCACGGCGACCGTAATGTTCACTAGGCAGAAACTAATGACTGGTTTTGGGACGATTGGTTATGTACAGTAAAGTTCTTACGAAGCGAGCAGA,1200,50.75,Escherichia coli
SEQ_372312,GTTTGGGATTCTCAATTTAAAAGTGGAGCACGTGAACTTTCTCGCAGTCTTTAACCCAACAGCCACACACTTGAAACCCCAACAAATGGGAAATTGAGCATGCAAAGGTTTGAGTAACTTGTCTTCCCAGCGGCGGGATGGGGGCTTTGACTGGCTACGCTCGAAGGATGAACCTCCAGCACGCATCGGGAAACCCGGGGCCCACCACACTTTCCGCCTCGCCATCCTCATCCGCTATGTTGACTAATTGTGCCGAAAAAGCGTCTTACCTAGGACCGGACTGCGTCCTTTTTGCCGGAACCGCGGCATATTGAGGAGTCTCCCTTGCCTAATTGCTCTATCTAATAAGAGGTTACGATTTGTTGGTATGGGCGTAGAGTTTGGACATGCACTCTGTACGTCACTACAGGATAACTGCTCGGACTTCCCATGCTGAACTCCTGGGCTACGTGACACCTGCGCTCGGTACACCCCGACAAGACGGCCTCAATCTCGGGATCGAGGACTTGCGCTTGTGCGACATATGCTTCGCAGCCGGGTTCGAACCTTCCCGGCTTAGGGTCCCCTTGGCTGTCGTTCCTAGGGATCGTCCCCATGTCCGACGCCATAGTGGACATCTAAAGGTCTATCGAATCACTCGACTATGCAATAACGGCATGATGGAGCATTCTCTTACACGTGGAATGTATTACGATGTGCTCCTGCTCACGTCGCATCCACCAGTAAGTATCAAGACGACATCAGCTTCGCCCATACATTTGCACAGGGGCGCCACATGCACGTGGGTGGTCTGACCGTCATCTGTAACTAAGATAATGGAGATAACCTTTACTCCCCTTTCGTTTTAGCCGCGCTTTTAACGCAAGGGGCAAGCTAAGAGACCATTCGGAGTTAATATGGTAAACAGAGTACACGTAGTCTGACAATTCGACGCTGCAAACGTCCTTTAGGTTCAGCATGTCCCGGAGTCATGTTAGGCTTACAAATTACCCTCACGACACCGAGTAAGCGACTGATCTGCACGTCTGAGGTGTTTCTTCACGACGGCACTGAGCCTTGCGTTCCTCAGCAGAGAGCTCTGAGCACAGTCCGCGCATAGAGGTACCCCCGAATCTACTCTGCACCGTGGGACCTGATCTCTGCTAG,1146,52.01,Drosophila melanogaster
SEQ_426732,GTTATGAAACAGCGCTTGTCTCTAGGAGGAACATCCGGGTAACGACTATTGATTAGGAACTACTTTGTCAAAGCTGAAAATTCACTCATCGTCCCCTTGCAGGGTTGAATATGGCTGCCGAGCCCACCACGAGAGCATCATCACGCGGTCTGGTGTGGGCTCCCTGAATGTGCAATTTTTCCATGTGTATTGCTTAATTGATTCTATGAGGACAAGGTCCGGTCATGATAAAGTACTTAATCTAGCCTTGATCATGCATTAGTGGCTGGAGCGACCTTCGGTAGTACTACATGCTGTAAATCACCCTGTGAATCAGCTGCATCACACTTGCCTTCTTGGACTCCTGTTTGGCGTGAGCGGAGGGCTAATAACCTGCTCTAATCACCGGGCCAGCCCGGCCCCTATCTGCCGAATGCCGGTGTTCTGGCCGCCTGGCATCATAGCTGGTACGGCAACGTAAATATGGCACTAAGATTATCACTATCCTTTCACCATGATATCTGCCCCCAGATGAGTCTAACCTGGTAGTACCGGCTCGCCGAGCGCTCAAAAGTTCGGTCCTCCTATGCGTATTCTCGGAGTCCCAGCTCGGCTGAGTCTGGTTGTAAAAATTGCCTGTGTTCAGCCACGTAGAGAGTCTCGGATTTTGTCACTCCTTGTTACAGTACGGCGATGCCAAGTTTTGCTCACCGTGGGAGAACTTCTAAAGAACTGGGATGCAGTCCGACATGGCGGCGTCATTCGGAGCGATGCTTGGATTCGTGCCTTCGATGGAAATTCTGTTGTGCTACAGCTTAATAGCATTGGGCACTTCCCACCACGCTGAGTCAAACGTGTGCCTACCTGCGACTCGTCGATTGACTTGCACTGTTTTCTGACTGAACATCCGTCCGCTGTCTGTATTACTAACCTAACTGGCCAACCGGGGATCACGAAATAATTGTAAGGCGCTCTG,955,50.26,Saccharomyces cerevisiae
SEQ_149042,CATACTTCGCGTATGAGGAGCTCTCTTACCGTGTGTCCCCGGGTCTCAGCTCCACTTAGGGCTTTAGCTTTGAAAGAGTCACTGATTTACCCTGCGCGTAATACCACGATCGCATATTCTAATAGTTGGTAAAACGGGATAAGTTATAGCGTGCTACCTCCATTTTCAGACAATGCGCGCATGGTACAACAGGTAGCAGGAAGCGATGTTTATATCGTTGATTACAGCCCGATTGCAGAAGTAGGAGTTTCAGGCGTACCAGACCTTATCCCGTTTCGGGGACCAAAGGTTTAGCGGCGACGCAATGTCATAGGGTCGGAGGTCTGACGAGCATAACCGTCATTCAAACCGGCACCCCAATGGATGACCATTAAGTCCGCGACGACGACAAGGGGCAACCTATTAGGAGGGTGCAAGTTCCCCTACGGGGAGCAGGCGGAGCTCTGCCAATGCGAATGCATTGTGTTTCCGCTTTGCCATAAATTAAACGTCCAAGAGGTCAGAACGGTGGCTAACGAGCGGTCGTCCCCGACCCTATACCAAAATCCGCAAACTTATGCACTCCCACATACCATTAGTGACTCTGCTTAACTCTGTCATCTACCGATTGAGACCGTAGCGGCGCCTGAATGGAGTGCACTTAGAAAAATGGTGTTTGCTCGTTGTTCAGGTAAGCCTCCTCGATGGGGACGAAACGCGCTAAATCACTGGCTATAGATTAAATAGACACGTGCGAAATGCACAGGCCGACCGGGATGAGCTTGTTTCGTTATACAAGGGGTCGGGTTTAACGCAAAGCTGCACT,805,50.31,Saccharomyces cerevisiae
SEQ_852174,CCAGAGGTCGGAGTATTGGACAATAAGCCATGCCCGCCCCACCTGGTGTTTCGTTGCAACGGCGTGAGGATAGTTCAAAGGCCTTAGCAGCTGCTATTATGCCTGGCTGAAGAAATCCTCTCTCAATTTTCTAAGGCTTCGAATCCCGTTCGCCGGCGACTCTCATATCGCGGGGGAAAAACACACTTCGTGCAAGCATCTGTCGCATGGGTTAGCGATACAGGATACGCCCCTCCGATTTAACTGTTGAAATTGACTTGGCTGAAGTTGATCGGGGGATCGCCGATTATCCCGCTGGCAATTTGCGCAGACGTCGCATGCGGTAAGTCCACACAACCTTGTGGTGCTCGGGTGCTTTTCAACACCAGTCCACCGTTAATTTAGCGGCGACTTGTGCGAGAGGGTCGGCTTCGGAGAGCACGGCAATGCGCGCATTAGCCTTGTGATGCACGGACTTGCGGTATAAGGTAAGCAACCACAGGTCCGCAATAACACTCTTGCGGTGTTTCTGAGAGTTATGTTGTGGGTAACCATGACTGCTTCACGCAGCTAAACTGCGAGTGGGGTCGGTATTTAGGACCAAAGACCCCCGTAACGTGAAGCGTCGCCTGTTTCTTAATCTTATGCGAGGAGCCAAGGTACCACCGAAACACGACATATCGTTAAGGTCCGGTAGAGTGAAGCCGTCGGCGACATTACAAAGTATCCTTCGTGCTATTTATTACAAGACCTGTGACTGTCACGTCTGAGAAGGCCTAGTCGAAATGCGCACTCCTTACCCGTTACGAGAATGAGTGATTTGCTTTATTTATTCTACTTAGCACGACGGGTGCAGTTATTTGCTGCCGGAAAGTTATAGATGAGCTTCGCCACCCGATCGTAAGCGGTGCCGGCACGGAACGCTGCTGGTGCAGTACCGTCCCTGCCAGGTGCCTTGGGGACTCACGGAC,950,52.32,Caenorhabditis elegans
SEQ_280008,TTTCGAGTGGGAAAAAAACCGACCTGCACCAAAGGTACTGACGAATGGGACAGTGTTCCTCGTGAATGCACTTCAATTCGTGGACTCCGTCCCCAGTCTTGTCAGACACCCTTAAAGGGCTGCCGTGACTGTAACTAGTACAGTTATCCTGTCCGTCCTTATCGATGGATCTTGGTGCGCAGTGACGGTATAGCTTCTGGAAACACCCGGACAAGCCGTTCATTACACTTTCCAAGAGCGCCCTCGACGTGTTTAGTCAGTGCTGTTTTATATGTTTACTATTCTCGCACTTCAGTCCGTCGGAAACCACCTCGTGGACTACGAAGCGGTAGGGGTGCTGGCGTCATTCGATCGAAGCTACCCATATTGGTCTTAGGTGAGGCTTCACGAAGTGTTGTCGGCTAACAGATACGGCACACTGTCGCTAGGCCATACCTTAAAAAACCACTCCCCAAGAGTTAACCCTGAGACGTCGAAGGAGGCAATCAAGACCGTTGCATTCTTAGCTACATCTCCTGGCGCATTTTGAAGTTCACGGCGCACAGTTATCCATACCTATAAGTTATATTCAGGGGATGCGTATCGCTATCGTGATCAAACCGGTGAGGTAATCGCTAGAAGATTTGGCGCGACTACCTTTCTTAGCGCAGGGATGCTGACGCAGCAGTGATTTATGTGGACTCCTTGGACCCCTTGTTTGCGTCTAATAATTAATGCATACTGTCTTCAACACAGCCTCAGGCTTGGCTTCGCAGAATTTGTCCCGTATAAAAATCCCAACACCTGCTTAAGTGTGCAATAAGCTCGGATTGAACTGGACACGCGCCTTTTCTGGTATAGTAATTGCGCTACCAGATTGATCAGACGTGAGCCTCTAACCTACTAGAGGTAGTATGTGAGGTGTTAAAGTAGATTCCAGCAATGATACAGGTCAGTGAAACTTAGCTGTAGTGGGCGGTTATCGCCGCCCCCGTACGAAGCGATGAATTATCTCAACGCCGCTAGAAGATAACCTACTCATGTTTCCACGTCTTCCAGTGAGAGGATAGATAGCAGGTGATAGATATACCGAGCCGCACCCCGTCATAAACGTAACTTGGCGACGGGCGTGCGGGGGTGGCCGGGCGCCTTTGACGGACCCAGGCACACGTACCTTTCGGTTAGCTCCGCGGGGTACCCAACT,1183,49.96,Homo sapiens
SEQ_237528,AGCGTCCGACGCAGGAGAGACGTAAGCTAGCAGATATAACTGTACGACCGTTGTCCAAGCGAGCTGCCATCATTTGCTCCTTACGTGTCGTACCTACGGATTTTTCTTAGCTGTAGATTCTCGGGCTGACGTCATAGTTATCGAACTAAGTTTTCGTCGGAAAGTCTCTTCATCCTGCCCCATGCGGCCCCCTAAATTGTGGTCTGCTCTGACATTACTTTGGAACGGCTTGCCCAACTCTTTTTTCTGTTCCGATGTTAGGTCATTACCTAAGTTTAACATGTCTCGGGTGAATGCCTACATCCGGAATTTCGACTATTGGGGGTAGGTGACTTGACATTGTGCGGTTGCGGGCGGAACCGTTTATCATATGCGTGGCTCCTTTAGAGTTTATTGCCTCCAAGTGAGCTAAGTCCATTGGAATTCTCTGTATTATCGCTGTGTCTTGTGAGTTTTACTATCCTCGGGGACTCTGACTATTGGCGCTGTGCCGGTAACTCGGCAAATTCTCAATTAAACAGATTCGTGGGCTGTTCCTGCGCATTAGTCGTCAAGGAGCTAGGTCAAGGAGGCTAGACAGAATCGGTCGCCGCGACTTAGCAACCGACAAATATCTCTGAACTAACATAAGCCCTTTAGGCCGAGACAATGTCTGAGCATGGCCGCTATTCGTTGGAAGCTATGAGGCCAGGCGCTCTAAGGGCACCTGCCGTTGGAACGTCTGGCGGTCCCACGCCTGGATAGTAGCTAGCTGGCCCGTGCACTTCAATGGTGTGAAAACTTTCTGTAATACGCCATTAGGCTATAATCTAGCCTATAATTGTGCAGCCTGGTGCCATCGAGATTCTTCCACGCGAGACGGTAGATACATGCCCTAGCCACAGGGATATAGAGGCATTGTTCCAATCGGGATGACGATGTCGCTTGGGACTGCAGCTTATATTCGATTTGTTTAACAAATAAAAAGTTGTTCGAACACCCGATAGTCATCGGTCCGATAGTGCTTAGGTCATCCTGACGACTAGTGCCGACCAATCCGGATTCGCACGAGCAACCGCTAACGTGCTTGACGAAGTACGATACATACACTAGACTATCCACTAACAAGCTCCGTCACCCGACCCCTGGTGCAGCTGTCGGTGGTTTCGCAAGAAACTTAGTCTGATCAGACCATCCGCTTGGAGCCCACCCTCTTCTTTCGGTGTTCCTAATAGACATACGTTTGCCTGATTATGCGAGTAGGACTAATAAAGGTAGTTATTACCAACGTTCCCTTCACATCGCAATCTCTTATACCACCACACCGATATTGAACCCAAAGTCTTTCCGACGATAAAATACATACACACACAGTGGATCCACCTAACGGCCGATAATGTGGACCAATGCATTGTAGTCTAGCCTCCGCAATCTAATGGCGACCTTTCCCCGTATTCTCGCGCGAATTTGACAGTCGCATAAGGCAACGGGACAATTACCCGAAAAAGACCTTAAGAAGGGGTAACACCTCCTTATCATTCTGCTGTAGTATTCATTCTAATAGCTATAGGGGGATCGTGATTAACCCGGACATTGATTGCCGACCTACTTCTAACGTATGCCCTAATTCGCAATCCAAACGTTACATTATGCGGTATATTGGTCTCTTCTAACGTTATTCGGTACTCAATTGTATCCATGCTAGTCCAGTCGGAGAGAATCACGGTGACCACGGATGTTGTTTATACGGAATGATAGAGGTTAATTGCAGCGTTGACGACGTGATGCCCCTTTCAATGTATAGAATA,1787,47.57,Caenorhabditis elegans
SEQ_743274,GGCAAGAAAGTGACGAGAACCTTCCGAACCCGGTTGATGACGAATATGGCACAGGTGGCTAATGATATAAAGTACCTTAAACACGAGTTAATTTTTTTGTTCGTAATATTTTGTAAAGGATCAAGCTGGCGAATCGGCGTATTACCATTAACTAGCAGTAAGCGGTAAGGTAGGGTACTACAACCCGCCAATAGAGCTGGCAGCGTGGACTAACCGTATATTAGTTCTGCTACCGATGCTTCCTGTCGAACTTAGTAACTCGTTTGGAAAGGGATGAGGGAGCTCTAATTCTCCCGTTCTGAAGCCCCTCAGAGATACTTGATTCATCGTAACTGATAAAAGGCCAAATTCCGAGGAGAAAGTTCGACCCTAGAAGTCAGGTTCAGAAGTAGTTTTGCTCCTCCTCACCCAGACGAACACTGATTCATTTTTAGCCCCCACCTTAGAGCCCTCAGGAGCGGTTGTATTTATAAGCTCCAGGCGCCTGTAACCACTTCGCGTGTCTACTTCATTGTCGTACGACTGCGAACATCGGGCCACCGCGGTCAAAGCCCGGTTGTCATCCATCCGGACCCATAGGAGGGAATCCGCATATAAGCTTCATCAATAGTATCTGAGTGGTCCACCAGAACGGGCAAGAGGCCGGATTCATCGGATACAGCTCTCTCTCCATGCATGAGGAGCCGGCGGCGTGTAGATAGTTGAAGAACAGTCGTGATAACATTACGACACGCCTTGCCTCACATATAATATCATCGATGGGAATCACCGATCCTCCACACACTTACAGACGCTTCGAACGCCGTCAGGCGAATACTGCAACTGTTCCATCCTCGAATGGCAGTGCTTGGTCCTCATTGAATCTCTCCCAATAGTAGGTGGGCCCCGTTGTATTCCGTAGATGATGTGCCAGACTAGACGGTGCCAACGTCCACTAGGTTTAACTAGTCACGCCCGCCTAGCCGACAAAGATCCTTTTGCAGCACTTAAAATTCGGTCTATACTCAGGGACATGACCAGCGTGTCAAGTTATCTGTACGCCGTTGCAGTAACATTGACATACCTAGTTTCCAGCTTTCTCTTAAGCGCTGTAGCCGCCTCGCTCCGAGTTCTTCAGAATTCCAAACTCTGGGATAGATCTCCTTTAAAGTTTGCCTAAGCGCAAAGAGGTAACAATGTAAGATGCGCAGTACAACAATAACGTTTGCAACCTTAAGGGACAAAATCACGTGAACCCGTCGTTATTTTCTACCGCGAGTTCACCTTCCCAGTGACGCCAACCTTGTCACAGGGGACTTGCTACTGTGTGGTGTCAAATTAAATACCAGTATGCCACCACCTCACTACAAACGGAGGATCGTAGTCATTCCAGAGTGGCTGCTTCGCATCGAGCCGCCCTTGGATAATCCATTCACACAAAGATGCCTGGGACACCGAACGGCTACAGAGAACGTAATCTGTCTAACTTGGAGGCTTTATTTCTTGTGACCCCAAGATGGTTATATCAGTTTCTATTCCAGCTGATAAAGCGTTTCTTTTCAGGTAAAAGGGTTTGGAGACTCGACTACAATCTCTCAGGCAATTTAGCAGCTATTTGGGTATGTAAAGCATAGGAAAAAGCGTTTAGTATCTGTGAAGGAACTATTGCTAGGGTAGCAGATAAGCTGGTTCCTAACTCCTATTCTTGGGAGACATCCAACCGTAGCCACGTACCATAACTCGACTAACACCGTTTGGACGCCGAGGACAGCTCCGGCCGTATTTTCGTGTTCACACCGGTTGGAAGGGCCGTTGTAACCAACCAAGAGACTTCCCCCCCCTTTATT,1826,47.81,Escherichia coli
SEQ_578367,TGCCATTCGAGACCCCTTCGGGTTGCGTTAAAAAGGAAACATATTCTCGGCGGCGCTCGAGAGTATTGTTAATCGTAACTGATTCTATAGGTACAGTTAATAAGCTACTTGATTCACTATCCATTTTATAGAGTGCGGGTCGCAGTAAATGTACGAAGACGACCGACGCTCAATGTAATCGCCTATATTATTCCGCAGAGGAGTACCATGTATTACTAGTAGCTTATAGAAAGATAATGGTTCGGTGCGATTAACCTGTTCAGCAGCTTAAGACTTAGCCAGCTGGCCTATACGTTGAAACCACAGTCCGCAGCGCATCCATCACTAGCCCACGCATGGATCGGCGTCTTCGGGTGAACAGGCTAGGATGGTTGAACGACTAACCGTCTTAGCCAGATTATTCGCCAAAACGACGGTGTCATGACTTCTGGGTTGGGGGCGTAACGGGCTTCGATGGATCACCCGCCTGAATCCTCGGGACAGTCATCAGGCGCCTGCTATAGTATTGGGCCGGACCCAGCGATGTATCCACCTTATATAATATGTGTACACTCGGCATTGAGTTTTAGCAAGACCTGCCTCCAACTCTGTCACAGAGGGGTACCTACGTCTCAAATACTTGTAGGGTTAAGAGTTTTAAAGGGGTCGCACATTCCCACCTATCGCTGATGGGCCCCGCGCACTTACTCGACTAATATGTTAATGCAGCGGCTATCCCATATGTCTTCTGGTTTGTATTCTTGGTTACTGACTGTGCATTTCCAGAACGAAAGGGCTGGTGTATCCTAGGCTTGGGACTCCCAGACGAGCGGCGACGATGCCTCCCGTAACTCCTTATTAGCGGCTTTTAAACTGAACATCCGTGGAGAATCAAGAGGTCCCTGGTTAGAGGCAAAATCAATAACGCTATTAGAAGCCCGCATGGGTTGGTGTATATCGGTTTTACTTAGTCCCCTTAGTGCTGGAAATCCAAAAGCCTACCCCCGTCGGTCTTCTTAGATACCACACTTTGGCCCACCAAAGCCCGTAATCATGGAATGACAGGCAGTTTAATAAGGAGCATCAGTCTATGGTGGTTGATAGAGATTGAAGAGCCGTCTGTTAGGGATTGCTGCAGTAGTGTTACAACTATCTACGGCGTTGCTCTAAAAGAAGCGCTCGTACAAAATGGTCTATTAAAAGTACCGATTTCCTTTAACGTCCCGCCAAGGGCCCGGCCGCCTACTACAGTTGGCCATGCACGTTAAAATCGGGGAATGGCCTTACAGAGTGGTGGTCTCGGGACATTTTCTGTAAGTGAATTGTCTCCGTTCCGCCGGACTGTATGGCGGACCTGTGAGGGTATCCCATTAATAGCGGCGCTCTTCCCATCGGCATTACTGAGAAGTTGACAAGGTCTGCTACGTGACGCTGTTAGTACGAT,1423,48.63,Caenorhabditis elegans
SEQ_557571,AACGAATCCTATGTTCACCTGCACAGGGGCGTTTCACGGTTGCCGAGTACAGTTGTACAACAGGTCACGTAGGGACAGTCTTTAGTCGTCGCCACTAGATACGCCCGTTACTGCGGTACCCTGTGTCTGCCCGGTCTTCTGAACCCGGGTATGCCCCGTTTTCATGAACCCAAGTAGTGGGAATCATATTGCCAGTCAATCTGGTGGGACACGTGTCGAATAAATCAATTTCCTTCCTGCGACTTACAAGACAAATTAACGGCGCTCTCACGGCGTGGAGTGGGTGACGCGCCACCGTGAAGCGAGATCGTCACACCAACAGAACCTTAACATACTTACTCCCGCCTAGAGTTGGATTCCCGACAACCACGCTGCAATCTTAGCTTGGGAGTACAGCTCATACGCAGAGTAATATCAGAGATGGCCGCGGGATCAATGTGACTTTCCGGTTTGGACGGTCCGATCGGTTTGGGGTAAACTCTGCGGATGATACCATAGCCTATTTGGAGGTGCGCCAGTGCAAAGTGTCGCTTACGCCGGTAGCTAGAAGAAGACGTTCCCGGGTCAATTTTATACGAGGGCCATGGTCGCAGTGGTCCCTGCGAGATTAACATAGGATCTGGCTATATCTTCAACGCGCATGCCCTAAGATTCTGGCTACGGTCCACTATTCTCAGAGTCCATACCACCTAATGAAATGGTACTCTGGAAGACTCAAGAACTTCCCAGGACTTAGCCACATCACATCGCAATATTTCGGGAGCTTCGTCATTCAACCTGCGCGCCCCCACTCCTCGCAAGGAGAACTGATCGTCTAAAAGAGAGACCGGCCGGCTATACGCAGGATAGAATCCCGTAGCTCCTATTGGATTGGTACAGCTCAAGGGATGAGCCCCCTCCCTTGAACCGGAGAATCGTATATCTCCAAGGCAGTCGCCGTCCAAATATAATGCTTTATCTGCTTTCTTAGCAGGTGCCCAAACTGGTAGGCGCCACAGACTCGGACTCCAGAAGTAGTTGCTGAAGACTTTAACTGCCGGGCACGGCCGTCTATAGATTACACAAAGTGATCAGCCCGCCCGACTACCGACATCCATTGGCTCGCCTAGATCTAATAAACCCACATGTTACGTGTCCCAATTAAGACAAACACGATAGATCGAGAGCGGTCGGTGTGGCCTGTTTCCAGAAACTAATGAGGTTCAAAACATTTTTGACAAGTGTCGATCGAGCGTCAGGTTCCAGGGTGTAAGTCGGAAACTTACCAGCAAGCGTAGAATATTGATCATAAAAAGATACACGCCAACTTTGATTACTTATGTGGAGATGTCCCCATTTTGTGGTTCAGTCCTACCGTCGACGCATGAAGAATATCACAGGACCTTATCTATGCGAGATAAAATAATCTAAGACCGGCCCCTATCGTACAGTTACTTAGGTCAGTTACCCGCATCAGTGATATCACTCACCCATATCATGTGGTTTGCTGCTGCAGCTGTTAATTCAGTCGATTCATAACTTACGCGCAAATGAGTGAGGATATTTTCCCTGAAGCTCCTGTAACATCCTTTT,1572,49.24,Arabidopsis thaliana
SEQ_776503,CGACTACGTGAGCCGTCAACACTCTTGATCTGACTACACTTAGGATCATTAATTGAACGGCGCTCTAGCATACACAAGGAGAAATAATTCGACATCCCCGAGTATTGTCTCAATGTT,117,43.59,Escherichia coli
SEQ_583722,GAGTAGCACGTACACGTGCATGCCTCGTGAGACATCATTAGCTTGTCCGCTCCTGTCTTAATGATCTCCCAAAGACAAAGACCAGTCAATTTCACGAGGCGTCTCGGAAGATACATAATCCCTGGAAATGGCCCAAGGATCCCTGAGACGGTGCTCCTCTACAAGGCCAGATAAAGAGCTCCCTGTGCATCGGGTGGGAGAATGGATTGTTTGCCTCCCGGGGAGTCGGCATTCGCTGGTATCATTACAACACATCGGACTCGGTGCGTCTAAACCTGACGCAGGGTGGTTATTAACCACTCTACTTGCAGAAAATCGCAGAACTTAATCAAGGCTTATGGGGACCAGCCTTCCCCTCGTCGCAGTCGATTAGATACGGGGAGTAGCAGTCGTTAGGTTCAAATGTACTGACCGCCATCCATGCATAGACCCTTCCCTATTAATCATAGGAGTTGCACTGGTCGCACTTAAGATACCGAAGCTTACCACTTTTAGCACTGCACCTCAACGCGCGTGGGTTGAGGGTCCAAATCTTTACCTTGATCCGTAATAACGACTACACCCACTATCTCCGGCTGCAGTTAAAGCCTCAAAAATCTAACTCCGGTTTTCGACAGGTCACACGAAGACCTCTTGCGGGCGATGTGTCCATACCGATGGAGGGACAATCAGACTTTGTGCCTCTAATGGAACTTTCGGATGGGGCTAAAACAGTCTGCCACGACGCTGATTTTAATATCTCTATTTAATCGG,753,49.54,Homo sapiens
SEQ_170261,CCTCGCTTCCATGATCGTTCGATTAGGGACAAAGGGCTCTCGGAAAAACCGTGGACGCCAAAAAGCAACCCGGAATGGAGGCTGTGTAGGATTTCACCCTGGGATTACTATGACCTCCGAACAACAGCCAATTGTGAGACTCAGTAGAGGGGACGTGCGAGATATGCACATTTATATCGTGTGGATCGACACGCTGCAGGGAAGTCTGCGTGT,213,51.64,Mus musculus
SEQ_333613,GATTGCCTAATCCCCTCCGTGTAGGGTATTGCCCGAAGTATTCGATAACCACCAGCAATCTGAACCACTGCTTGATACTGCCGGGATGGGACCACTTAAGCGGATCAAAAAAGGTTGTGATTTCCGAGACTCCCCCAAACTTGTCTTCACCTCTCGGGCAGTTACTTAATGTGAAATCGAGTGTGCGATGGTATGAAGACCCGAAGTTGCACCTTAAAGGGGGATATACGACTGTTCCGAAAGCCAATGGCTTTCTATGAGCGAGGGCCACCTGGGGATCATAAGTTTCAGATATACGTCCGTGTGCCCGTCAAAGTTAATACTTGCTCAAAAAGCCCGTGGTATAAGTCTGGACCCGAAGTAGCTCACTCGCGAGTGCATAATTAGGATTGAGGCGCATTCCGGGGCCCTTTTGCTACTAGGTTGATGATAACGCGGGATGAAACCTCCTCTTTCAATTGATGGCTCTGTCAACGTTCTATTGTAATGAGGCGCCGCTTCCCTATACCAGAAGGTGCTGGCCTTGGTAGGACGGACACGCCAGCCCTAAGGGAGCGTTAGTACTTGATCAGTACACAATGGCTCCATGGTCCCACAATATAGAATCCGGTTAACGACCTATCACTTAAACATCTGCTGTTGGTACACCGTCTGAGCCTGCCTACAGCGGGATTACTGAGTTCGAGGAGTCCACTAGATTATGAAGGCGTCGCTAATGTCATACCAGTACTCTTAGATACGGGGTCCTGATTAAACAGGTGGGGTTCTAAGAC,773,49.16,Arabidopsis thaliana
SEQ_191781,AGCGATAGGGAGAGCATTACCAGGTCGATCACCCACGTTAGCGACTGAACCGCGAATTCCGACTCTAAGTAGATCGGTCATGCATACTGCACTAGTTACATAGATAATGGCTAATTTGCTATAGCTGATATGAAGAATTCATGATGAAATAATATTCAGGAGCACCTTTCCATTCCGTCCGGAACTTGGAACAACTCGTTAAGTCCGGCTACTCTCTTCAGGTTAGACAGAGGGCGTCACACAATATTCGATGCCACCTAGGCGGTGTCCCCAGGATCCAAGACTAATCATCTCGGAAACCATGGATACACCTTATACTAATTGCATGAAATAGGAGTGAGCCGTGGTTATGAGATGTAGGGCCCAGCCAGGTGCATCAACACGATCTTGTTACCATATCACAATCGACGCCGAGTCCGTGTATGTTGCTACATGTGAGTTAATAACCATCGATGGGATAATTTTTCACGACATACCGGTCGGGCAGGGTTACGTGGCCAGCATAATCAGTTCCATTCGCCTAAGAACCAAGAACTCCTGTGCCCAGACGTATTCCCTGGTGAACAGTGCTCGAGGCAAATATAGCAAGCCTGTTTTAAAGAATGCTCCGGTTTGGTCCCAATTGTACCTGCATTACAAACCTGGTGACGTAGATAAAGCCAGCGTCGAGCTTCTTTCTTCGTCCGAAAACGAAATCGCCTATGTAGCCCCACCATCATTAATCCCGCCGGACAAGGTCACTTTCCAGGTTCGGTCCATCAAGTCGGGTTGTTTCTTATCGCAATCAATAGTTTATGGTCCAGCTAAGCGACGTGGAACAGATATAGGTAAATTTTTGTATGCTCCTCTCTGCTCTAGATTGGTGGATTACGCAGTTAGGATTCTGCCTCCAACGCTCTGGCTCACCGGTTCTTAGCTCCATCTAGGTCCTACCTGCCCGTCGAACTATATCCGCTTGCACGTGGTACGGGCAGCTAGGGGGGGAGACGTGTAGGACTAAGCTCGGACATGGGCACCCGCCACCCGAACGTGCGACTTCATCTATTGTGCAAAAATTGTTAGCGGATGACCCCCATAGTTTGCTATGGATCATTTGAGGTCACATAGCAAACCACAGATACGGAGGCCCGCCGTTTGAAGGCCGTATTTGGGGCTGTGATATGTGTTCAGGTCAGAAGACTATTCGCATACACTGAACACGCCACCACACTAGCACTATAAACAAGGATACTTAGGCCGAATACGAAAGGTATATCGCTACGCTGAGAAGTGTGACGATCCGATCCGGTTTTACCCCCATGGGGGCGAGCCTCCCC,1316,48.78,Arabidopsis thaliana
SEQ_955098,CATGATCGTATATGAACTCTAGGTGCATGACTGCTTCACATGACTAACGGATCTCCGTGGCAAACACCGGTCGCCGCCCCATTAGGTCAGCTGTATTATATCTCCTCTAGCATTGCCACGCCGTCGAGGCCCACGTCGTTAATGTACAAGAACGAACCCCGGGGGTCCTAGATGAGAGCCCCATAGTTGTGTTGCTTCGCTGTTTGGGAGAGTCTGTAGCGCCCCGCTTAACTATTTGCTTTAGCAGGCTGAGAATAGCTGGCTTTTATCTACGATGATCGATCAGACTTGAGGGTCCAGACGATACAAAATCGCCAAGCCTGCCCCGATAAAATATGTCTGTTACAACGCACAGAGAGCCAGGACCAGTAGGAAATGATTAAAATGGAATTGGGCCACTCTCGCGAGAGGACTTAAAACAGTCTATGGGCAAGCCTATAATTGGCGCCATGGCGAGTAATTACTTGGCCGACAACGGGGGTTTATGAGCTATCACCATGTTGGTAGCTGTCTATCCTTAACTAGTACTGATGAGCTCCGGAGAAGAGATTTGCAGAGCTGATCGTGAACAGTACTTGGAGTGGGACTAGCTTGCTGCGGGTCCGCCAGAGAGGAGAAGAAGAGTGATCTCGCCAGGCCTTTACGTTACATGA,653,49.92,Escherichia coli
SEQ_180565,CAACGCCAGATCACTTACCCTGACGACACGCCGGAATAGGATAACACAAGAGACAGCAAGATTACCCAAATAACAGCACCCTTATGGTCTACTACCCTCGGCTGAACAATTCTGGAGAGTATCCTATTTAGTTCACTACGGGCGTTGTACTATAGTGCGACTCTCCATGGATGCACGCATTGACGCGATCCAGATTGCTTCAATTTTGCCGGACATGGCGTGCGATAGGTTAGGTCGTGTGAAAGACTAAACCGATACCCTCGTAAGCTAGATGCCCAGATACCGTATCTTGACAAGCAATTAACAGGATTCGATCAGAGGGCCAATGCATGCTCGTTGACTAATCATTTTCTTCAAACTGGGATAGGTGGTGATCCCGGATTCCCACAAGGGCGTTACGGACTCTATGTTGAAAAATTTAGCTGGGAGGTATACTGAATCGCTAGCTGGAGTCCGAACGGAGCTCCAGCGATGAAGCTTGTGATTGCTGTATAGGACCCCCATGTGAACAACCACACGGAGTTAATCGATTCCTACAGCTCTGCACGTCCTATAGTCCTTGATAACCATCATCGCTTCCACACTTTCACCTTCAGATACTGCTGGTATCTCTTCAAGGGGCCCGCGGAGACCTCCCTACTAGGAAATAAAACTTGAAGAACATTCGCTGAGGAAGATAGTGGATGGCAGTCTCCATTCTCTCTCACGCAACGACCCTTGAATGTTTATGGCTAAACTCTTTACCTCACGACGCTTAGTCACACACCGACTTGCTCTATTCGATCACCCGATGACCCCAGTCTGTCGATTTAACATGCGGTCGCTGAAGTGGGTGCCCCGCAAATGAAGGCACCATGTGGGGAGAGCTTTTGGACGATTACCTCCTGTGATTGTGCGGCAGTTACCTTGAACGTAACGTCAAGACGGCGCGTTCTGAAAGTGACTTCGCCGGAGCGCATGAAAGCAAAGAATTCGCGTGGAGTAACGCGTTCGCACTGAAGAATGTCAAAATTGTTAAAGTTGCGCCTTCAGAGCCTAGGGCCCAACTGGTTCCATACTTTAATACACTCGTGGTTCGGGTCAGTGTAATAATACTGGTGAATTAGTTTGGCTTCCCAAGGAACTTAGGGTCACCAACACAGCCTCTAAATTTCTTGATACAGTCACTAATCATTTCAGGTCCTGATGGCTTTTGAGCCTGTGCTGGTGCCAATCAACGATATTACTTTGAACATGACCTGGGATTGCACACCTCAGCAGATCCTAAGTAGGAACCTCCTGAAACAGAAGAGTGGCTCGCGCCCAGTCAACATTTATCGTCGTCGACGCTACGCGAAAATCATTTCATTCGGAAGGTTTTTCTGTCCCACATGTTTGTCGGACCAGCCCTAGACCAATTGGAAGGAACTAATGTGTGACGTGTAGAATCCAAGCCTTAAAGGGGGCGTTATCTTTCATCGTTACATGAAATTATGGTCAAAAACCGCATTGGGACCTTTGTATTTC,1506,47.61,Caenorhabditis elegans
SEQ_858774,CACCTGACGATTACCGGTCTCTCGACTTATAAGCTCCTGCCGCGGTGCCCAGTCCTTGATTAATGAGGACGGGAGGCAGTTCGGTGGGAGTACGCTGTATCATCCCTTGAGCAGTGAAACGCCGGGACGTCAAGTACGGCGATGCGCCGGACAGGTACCCATACCATCGTCGCGATGCCCTTAACTAAAAAGGACTAAAACTTTTTCATGGTCCGTTAGATTTCATGAAGCACGATTCACGAATCTAAATACATCGAAACCACGCCTCCAACCCAACATGCTTGACGCGGATTTTCCCTATTACAGAGTGGAAAGTCAGCCAGCAACAATATGAAGAGCCTTTTCCCTCAGGAGTTATGGATAGTAATCCCATTACTGTGGTGACCAATATCACCCGCCCAAGCAAACCTCTCACATTCCTATGGACTGCGTTTTGCGCCGTTCGTTCGGATGGCGGGCTGTTAGGAACCGCTTACTGAAGGATGGCGCCAGCAGGAACCCGCTCGGTGGCCGGTGGAATCCGCGGCGTAGCGGGCT,537,52.89,Escherichia coli
SEQ_482928,GTGACAGCGCGCGTGGTTAAGAGTGCTGTCATACAGACACTTCGGAGGCGACCCATGTTCCAAGTACGTATATTGTGATCGCAACCTATGCAGGAGACTTAAGAGCGCCCCCGATAACGAGGTCTTGACAATTGTGTCCCACTCGATGCGATAGTGTCATATCTCAGGCACCGATCAGGGAGATAATGATTGAGCGATTCCCGTAGCTTGTTGCGACCGGACCAGTGCCCCCCCGGAGCTACAGTACCGAGTGATCCGCACTACGATGTGTTTGTAGCTCCCCCCAGAAAGGTAAACACCTATAGATGGCAAGTACTGTGGAGCTTGCGCGCCTCCCGGTACCGTCGAGACTAGATGTGACAGAATACAGGAAGTTTTGTAAAGCAAATAGGGCCTAATTGCTACCGTTAGACGAGTTGCGGAATCGAACCGGTGCTTTAGCTCGGTCGTGTCCGAGGAAGCACTAATTGGAAGAACGTCGCTCTTGACTTTATTAGATGGACTCCAATTCGCGATTTGCCGGTAGCGCCCAATCGAGTTGTCAACGCTCGCAGATAGAAGTCGTTCGCGATGGTATCTGGTGATCAACAGGCTCCCCGTAAGGGTACCACCGGGGTATATGTATAACCAAGGCGGTAGTACGGTGCCCTTCCTACGCTTCAGTACCCCTGGACATTTATCGTAGCACGCAGGGGTTATTGAACAATGGCAGGTTATTGGAGTGCCGCGCTGCGGCAGTCATGGGTCACGAGACTTACCCCTAATTTTACATACAACCAGGCGGGGTAAAAGAAGAACTAATGGGAATTGTTCTTCCGGGACGACCCGAAGTAGCAGAGAACCGTGGCATGTAGATCGGGCTAAACCGCTCAATCTCAATAGACGCGAAAAATTCTACGCCGTCAAGAAAACTTTTAGTTCCTTTGGAGGCACTAATCCGCCGCGTCTGACGCTAACCCGGAGCATGGGACCTTCGGTGAAGAGTAGATTACGTAATGGGTTGCACCTACGCTACGCCGACGATGTTCTAGTCGGAGTGCATACATCCCGGAATCTCTTACATTCCCACTCGCATGTATTATAGTCCTCGAGGGATCCCGGTCAACCCCCCGCTATGGACTGAAGTACTAACGCCAAATAGCCTCAAACCGGGATCTGTAAATAAAGGGATACAGAAGTTTTCGGCCTAGGTAACACGACCATATTGGACCAGACCTTAGCCAAGTGCGTGTCCTACGTCGGAGATCCCAA,1251,51.32,Caenorhabditis elegans
SEQ_453956,TTACAGGATACTTAGGCCGACAGGTGCCTCCCTAAAGTACGGGTCGCACATGTTTGCTAACCATCCTCTTAATGATAATCCTTACAATGGGATACTTGGGCAGGCCAGGGCCCTAAGGCGAGGCGGTTAACATTACTGTCCCAGTAGAGAATACTGGTTAGCGCTGCTAGTCGCCGACGGCTCGTTAGACCGGCAATGCTGAACATGGCAGGTTTCAAGACTGATCAAGAGGGAATTTATCAGGGCCTACCCGGCGCAAATAGAAGTGAGCCTCCTGACCCGCGATGTTTATAGCCCTTGCGGCCGAGTTGGCCTTTGCTCCTAAGTATGTATGCACGTCAGGCCCTCTAAACGTTCCAACTGATTCCCTGGTGGGTATAGAGGGTGCTCGGGCCACAATCTAGGACCTCATTAGGTGTGTGCGCTTCGCCATCTCGGCTGCCCCGCTGCAGTGACGTCTAAACT,465,53.33,Homo sapiens
SEQ_781154,CCTGTATATCCAGTCGTTCACGAGCTCGGCGATTTCGCTGCGAACTGGCCAATTAAGGCCCCAGCAGTCGTCAGTAACAGTGCTCGAACGTCAAATGCGTGTCTTTTTTATTCGGATCCTGGTTGATAGCCCGGTTGTATCAGGGGCGACGGATGATTCGGCCGCCCCAAACCCGACGAAATCCGGCTCGACCGAGGTTCCACTCCGTGCGTGATAATCTCATTGACTGACCTAGTGGGAGAAGGGCGAACCAGGGGTGCGTCTAGACCAGGTTGTAAACAGGCTTTCGCAACTGGAACATATTAAATTTATATTTTCCATATATGAAAAGGCGATCAGTACACTTTACCACTTAATTTACGCCGGGAGCTCGTCCTCATGGTTTATAACTTGATCCTCCCGGTTTGCTGTCATGTATGTTGGGGGCCGTCGTATATAATCAGCCAAAAAACAGTCACTCAGGGTAGATTTTACGCACGGGGCTCGGCCACTGAGGGTTCTACCCAACAGGGCGCGGCCAGCGGTCATATCTCTGGTGTAAATTTCAGTCAGACGGGGCAGGACCCCACCATTGACTTCCCACCGTATGATGTCGACGGTGACCAGGTAGAACCCGTTGTCTCCCCGCTCCCCTTCCTATTCTACTGCGGTAAGCAAGTATGTTGCCGGCCACTGCCCGATGACCCGTACTGCACAAAACAACTTCCGAATCGATCACCCAGTAGCAGGCCCCCACCGAAACTGCGTGCCCCCCGCATAATAGAAGCCACTGGGGAAAAAATT,783,52.49,Saccharomyces cerevisiae
SEQ_114267,CCTTGCATTAGCAGGTCATACAGAGCGACCGACTGTCACGTAGGTACTTTAAGGTGTACCTACTTTCGCCATCTCTGTGCAATTTCCCCGTCGGCTGACGCTGTTCAGATCTGACAAGTCCGGGGTACGCACAACACAGTGTATGATAGTGTTTCAGCGAGGCCGCACGACGTACCCTTGCCCGTTTGAAAATTGGGGTTCCCGCTGTAATAAGACATCATTTGATGTCCCTCCCTCTTCCGTAGGGTATTAACTAGCGTAAGATGAGACTTCGGAAAGTTAGTTCCCGGGGCCGTGCAGCGTCGACCTGGGCGGGTCGAGTCGCACACATCAGATTTGCCGAGCACTAAGACCTACTTACTTGTGGGGCCCACCTAGACCGGTCACCTAGCCACTCCCCAGCAGTTCCAGAAATTAACTTATGTGAACGGTACGCCCTCAACTCAGAATGCGACAATCAGGTACGCCGAGTTTAACCCCTGCCGGGGCGTCTCGTATCACAGCGTCATCATAAGATTAAGAATCGTTAGAACGGTTTGCGCTTCCGCATTACGGTTGTTCGTTCGGGTGGAATCTAGTCACGTATGCGTCTGACCTCAGGGGATATGATAACGAGCGATCAGCGATAAGTTACATGGAGAACCGGTTCGATTTTTGGTGCTCTCGCATATTTTGTTGGAAGATATGCCTGCACTAGTCACGGTTGGGTTTTTGCTCCCCGTCTGCCAATTGTCAAGTCCTACAACTACCACTGATATCTTAGAGAACACTGCGTATAAACCCAGTTATAATGGTCCTAGCGGTAGGCGTCTCCCTGACCGTTGCCGTGAATACATAACTTCGGGAGAGCTGGCAGGGACCTGATATAGGTCCATGGTTAGTACTCCGCGTGTCGTGTCGAAAATAGCCGGAGAATGAGATGTCGAGAACCACACCGACCCATCATAATATTGTACTATAAAAACCTGCGCTTTTGGGGCGAGTGGCAAACTGCAATTCTCCCGCTACTAGTCCCGCCGACTATTTTGTAGTACTACGTATTTGCCTATCGTTGAACTAGTTGTCTTTTTTCTTTG,1076,49.81,Caenorhabditis elegans
SEQ_364709,TCGTCAGGACGCCGTTTGAGAACGGGGTCGGCCACACTAAGGCCAGGAGGTACGTAACCTAACACAGTTATATAGAGTCGGATTTGCAGAACCTGATGTTTTGTAGAATTACGCCGCGGAGCGGGCCAGACTAGCCTGTAAGCATGGTCCTTCTACAAACGAGTACAGACGGTCCACTCCAGAATCGAAATCGTTCTTCTGTTAAGGAAGGGTATCCAAGGCGGATGAGGATTTCCCGAGCAATGCGCCCAAGAACAGTAGAATTGTCCCGGATTATTTCATCGGTCGTCACACCTTACGATCCCTTGAAAGAGTCCCCAGAATCTACGACCGTGCCTCAACTACTACATTACGCGGGCTCCAAGTCCACGGCTTATTGTCGTTGGCCGCGGCATAAGAAGTTGGACGGTCCCACACCCTAGGCGTCTTTTCACCCATGCACTATGCCAGCACCATCATAAGAAATATGATTAAACGTCACTCTCCTGTAAGTCCGAAATGGCTCTAGGATCAGGCCGTCATATTCCGGTAGTTGTTGTCTGAGAAATGGTGAGCACCCCGGAAGTGCATAGGGTGCTATATAATTTCTCCTGCTCTCTGAGGAGTTCAGCAACACCTCCCGGTAATGCGAAAGATCCCGTCCTATAAGGAGATCTAACCCAATCAACTCCAGTTTGAGCGATTCGCTTTAGTGCACGTTTCAGGTGGCTAGGGACTTGTTGTCAGAAGGGATGTGGGGTCTATTAGTTGCAGAGATAAAAGGTGGGAGGATATCGGGGGATCGCGAGGGTTAAACGAAAGTGACAAGGTATATGGCCGTCGGTACTATGCCAAGTATAACACGACTCTGTGCGAGCCAGAACCGATCGAAAATGCGGGGTATGACTTGCGAGTACTGACCTCGCGCTGTGTGGAGACGCCGGCGGGGGCAAAGTACTTTATGGTGGTAGTCTTCGCGGAGTTTTAGTCCGAACCTTCCCCACTGGCTACGATCTATTGATGCGTAAGCGAGGGGTCGGTTCCTGACGGGCCACCTGGGGGCGGCGCCATTCTAGGCAATGCAATGCCCCTAGAGTTTATGTGCCACGGGGTCTCTGCGCCCTGCCTATTGATAAAGTACTAGCCTGTTATTCATGCACAGACAGGATCACCATTGGTTCGATAGCGATCTATGGGCCAGCTGAAGGCCTACCCGACCCGCGAGTAAAGTTACTTTACTTTGAACGCTCGCACTTCCAGATGCCGTTGGCACCAGCGTGCTGCGGCACAGATGGGTAATCGAGAGCGTTTAACCGAGCCAGTGTCTAATTTTCTCGCGCAGGATTACCCTCAGCGGTTGTTCAGCACACAGATTGGGCTAGTGATGTCCTCGCATTTCATTTTCGGCCTGTTCACAATGACCGACTCGGACGGGGAGCGCGGGTTCGTTACGGTTAGTTACTGTAAATTGCGAATGCACATAGATTCTAGGCTGAACACCCTTTCGGTTAACCACCCCTTAATAAACACACGCAGCATAGGCAAGTATTTTCACACCTTTGGCTGTCCGATCTATTGATCTTGGCTTGACCATATATTGGAAATCTGCGGCGTCGACGTGTGACAGTGCCTTTGTCATTCCATAAAGGGTGAACGGGACCCGTACGTAAAAAACACCAGTTTAGGATCCATCGCCAGTTATTCAGCGAAGAACTAAAGAGGAGTTATCACTAAAATGGCGGAAGAAGACATATTGAGGCGGGCCATCCATCACATCCGACGGGGTCTTTCACTCTGGGCCAAGAGGCG,1788,51.01,Mus musculus
SEQ_757338,GCGAAAACTCAACAACGATTTATTTTTTAGACGGGATATGTTTCGACTACACGTGCTCCTCACCCACCTAAAGAATCTCTTTCCGTCGGGAGGTAACCCTCGTTGATCACGGGGCTTCTGACAAGCCCTTACCGACTACCGAGGCATGCGAAACTACTGTGCGTCCGTGAATCTGCTTCTCAAGTATGCTGTGCGCCATTGAGGCCATGAAATTATGGGCAAGGACACTGCCGTCGGGGTTTCGACCACGTCTCTCTACCGCGAACTGTGCACAAGCGCGGATTTATATCCACGAATTGAGCCTCAACCATGGGGAGCAACCGCTACGCATTACTGTGGTCACAGCACTACTGGTCAACCAAGAGTGTCCTTTGTGGAAAAAGCTTATAACCTACGTAAGAGAAGTCATTGGCGTGACGGTGCTCGTAG,429,50.58,Mus musculus
SEQ_898627,CATACTCTCGTGCATCCACTCCTGCTCCCATCTAGTACATCGAACCGGATTTTCTTCCATGCGTCTTGCGGTAGCAGTCAAATCGCATGCAGCCCGCCTGGAAATGATAAGTCTGATAAAAAAGCTGAAGGCCAAAAGTCATTAGCGATACTCCACCAAGAACCATGTAACTAACCGCGTGAGCAGAAACACAAGCAGAATGAAAAACGCGTGGGGTGCGCTGCGACCACACAATCAACGCTCTCTTGACAACTGTCAACGCGTCCTCACTGAGGCAACCGACGCTAATACACCTAACGTGTATCTCGGGGCTCTTGTCCTAACTTCGTCTCCCCTATGTGAATAACCTGTTCACCACCACGTCCCTTACCATCAGTATTCTGCCCTCTAGTAGTTGGGAACACGGGCGTATCACACTAGTAGTAGTGTTGTGATGCAACGCCTTGAGAGAATCAGAAAGCGAGGCGCTCGTGAATGCAGCTACTATCCAGTCTACAAACGGCATCGTCTCCAGGGGGTCAGCCCATTTGTGTGTACGACGAATTGCGGTTATGGGAATGACTCGATCTCCACCCTCCCATCGCTTCACTGGCGATCGGTGTGAAATATAGCGTGTTACTGTCCCCCCTATTTTAAACATTTAGGCTGGAACTAACTGCTTCCTGAGTACCGGGGTACCCCATTTGTGATCCGCCGAGAGATACGATATGCCGAATGGTCACCCTCTGATTCCTGAGTCGCTTGCTCTAAATCCCTGCACTAAAGTAGCGGAGCGCTACTCCGCCGCGAAAGATGTCGACTGCGTAATGTAGCGACA,817,50.67,Homo sapiens
SEQ_962492,AGGACTGTCGATCACTGGAAAATATACTAAATACACGTGGTCCGGGATCGGCTATGATCTTGCGGGTTGAGCGGAGGCCACCACGTAAAGATAGATCGCCGGCTTAAAAGCGGCTCTAATACCGACGAATTCATCTCTTCAATGAAGAAGTAGTGCCGTCAATGGAGTGGCAGAACCAGATTACACCTGGGTCCAAAGTACATTTGCCGTCAGACGGCACACCCGGGTTTTTACGCCGAAATGCGTGTCTCTGTTGCCATGTAAAAATGTCGGGGTCCAGCATCGCTACGTCAAAGGGAATATGCGATTCCGTTCGGGCGCTATATCCCAAGGACGCCAGCCCGGCGACGACCTTCAACATAGCTGACGACTACCGCAGCTGTCGGCATAACATTCAGCGATTCGGCCGCAGCCTAGGGTATCCATGTGGGGGCTTCCCCTAT,443,52.82,Mus musculus
SEQ_140204,ACTAAGGCAATTCCTCCACCCCGCAAGATACTAGTCGCGAATTTTGTGTGTCGTGAGAATAGATGGCCAGGGTCATAACTGATTTATGATCCGAGTACTATATCGGAGAGGCCCTATTGAGCATCTCGAATAGAGGGGATCATGCTGGCTTCGAGCCGCCTGACCTAGGTCGGCCTTGAGAGTTTTCTGAATAATCCGCGAACTGGCTTCAAATTCTGCCGCTTGGGTTAGCTCCGGGTACTCCCCGATAGTGCGAGAACGAATTTACGACAGGAGACACAATCTTCTGCGAAACCAAGCGTGTGGCTATGAACGTCTCGGAGACCGAGTCCCACGGGTCATAATGCCAGATAGGACTGTGCGTGAGAATATCGAAACCACCTAATACGACACA,394,50.25,Homo sapiens
SEQ_994646,GCGGATAAAGGGCCCATTTAACTTGATTTAGCTAGTATTGAAACTGCCACTTGGCTAAAGGTCCTTGGACAGCTTCCGCCCACGAGTCAATATGTAACAGCCGTGAGCTAAAGTAAGACCCTGGGCATGATCTCCTTGACAGGCCGAGTACCTAACAACGCTTCCTCTCACCCTCTGTGGTTGCTAAAGCGGGAACTTTTCAGTAGTAGGAATTTAGAGCTCGTGC,226,48.67,Saccharomyces cerevisiae
SEQ_630993,TGTGTAACCTCGTCCCCATGGATGGGTACGGACCTCCCGTGCCGCTGTATTCTGGGGTTATTGGTGCGAGTTTCGCCGGTCGGAGGCGGCCGGGGCTCCTGCCAACAGAAGCTTCCGTTAGTCGGCAGTACGTCTACAGCAGTTGTCGTAGAACTGGTCACATGCCAAAACTCGCTTGCCTGGGTCCGTGACCATATTTTCTGCCGTCGAGTTGAACGATAGATATCCGATGTTGTTTGCTATCGATTGTATCTTATCCCGCTAAGACCTCTTAACCCCGTGCGGTTTTATACGGATGTGTAG,303,53.47,Mus musculus
SEQ_957159,CTGCTGGATTCGCGAGCTCTGCGGAAGCGCACTGTCATCGCAGCTAAGCACCTTAACAAAACTGCGTGAGGAAAAACATGACAAATAAGCCGAAGATGGATTATGGTATACATCCATTACATCTCAAGACTTGAGGATACAATAAATTTCCCGCGCCCGAATGTGTGAGCCAAAGTCGTTGTCTCCATCTCATTCTGATCTGCCTAGCTCGTGGCTCCGAGAGGATTAAACTCCGAAAGTTCTACACACAGTTAAAAGCTACCCAGGAAATGGCGTTTGTGCCCTTGACACGCTCACGGCATAGCCCGCTAGTTTAGAGGATCAAACAGGTTTTTGATTTACATCCGTTTTGTGTATTGGACACTCGAACTGATCGTTGTCGGTCGACCCCAAGCCAATAGTATGGGAAACGATAATTTTTAGTAGGTAGGCTCTGACTGTACCTCGCCGCTAGGGATCCTTTTGACTAATGGGAGAGGTCAGGGATATCTTAACACAGCGCTTCTTAGTGCTCCTGAATGTCACGGTCAACCGAGTGAAAGCTGTCACACGAAACCTAAGATCTCGGTATTCAGATTACCATATCAACAGATCCCAGATTTGTACGTGCCTTTTGGACCTATATACGCTTAGAAATAATGAAGCCGTCGCAAGAAAACCGATATCTACACCGTCTGAATCCTGGCTTATTGTTAAATTCTACTGGTGAATCACACCATTCGACAGGTCATCTGCCAAGCTATGTCCGCATACTCCAAGTCGGCAGCGGAAACCCGTCTTTGCGTGGGTGATGTACCCCCCCGCAACGACCTGTCAAAGAAGCCCTCTAGGACATGGATTTTATGAGAGTGGTGCTAAGGGTAAATTTTTCTGTTTGCACATGCTGGCTATTTACCAGGACTTGC,905,46.63,Drosophila melanogaster
SEQ_359808,AACCACGGCCAGTTATCGACAGGACCCCAAAGAATGGCTTCTAGTCAAATTAGATACGCACCGCGCTATTCGGGCCACTTTAGGCCCAAAGGCACGTCAGAATCCCTTTGAGATTATAACTTTGTTGTTGGGACTATGAGTGAGGCATACTACCTCAATTTGGCGTCACAGGCACTCGAACTGCGGTGGTTACAGCATGCGAGTGGTGCACGCTCATTGCTCTACGCTGGCCCTCTGCCCTTAAGCGCTAAGAAGAAAAGCGAACGCATTGCCGGTTGTGGCACGCGTGACTCACGTAGCGAGCGTGTGGCGAGGGCGCTGCGTGTTGGGAAATGAGGACCTCGCCGCCTAACGATCGGAACGGGAGATAGTACTACTACTCTTTTAGTAAATTCATAGTGCACCATTAAGCCGTAGTTCGGCGGGCCGAGGACAGTCAAAGCACGCAAGCACGTTGTAAAAGAGGGGCAGTTCATCAGGGAACAGTATGCGAGAAAAAGTTACATGTCTACATGTGCTGGCCCTTGGGAGTGCGGCTCTTTTGTTGGACCCCCCACCTGATACGACACCCACAAATTCAGGTTTTATCATCCTGCGTGATTGTATGGTTTCTTCCTCATTACTTTCCCCCATCAGGTACAGATGTCGTTCGAGATTAACGCATAACGGAAGGTCTTCTATCGTTTTTTAGATGGTTCTGATCATTTATAGGTATAACTAGACGTAGGATAGCATTCTATCTGGGCCGCTACTTGCTATATGTTTGTTGTTGACTATCACGTACTTTCATCGATGCGTCGTCTTGATTTGTTTCGATTCCAGCGTAGGATGCGGACCGCTATCGAAGCCTCGCGTCTGAAGAACCCCAGTCTGGGGCATCAGCTCGTGTTGGAATCGTTCACGGTTTAGTTAACTTCAGGTCAACCCCGGTGGCCCAGGTGATGGGAATCGGGAGATTCTGCGCATTCGGCTCAATCGGCGAACATTACAGTGGACCAACAAACTATCTTAGTCCTTAGGGCAATGTGGGAAACCGAGGATTGTACTAATTAGCCGAACGATTTTACACTCCTCAAGCTGAGGCATCGGTATATGCCTTTTGTTTGTCTGTGCTACGATAACAAGACCTAGTAGCGCATCCCTTGTGGGACGGGCCGGTGAGCTATCTTAAGAGATTAGTCAATGCGGAGCATTTCGGACCAGAGGTGACGCTCACTCCTTTTTCCATATCCAGCGGGGTAAATTCACATGTCGATTTTTCGTCCAGCGGTGCATAACCTAGATCAACGCTCCCTTACGTCTCATAATGACATCCGACATGGCATAGAGTTACCCAGTCCGTATGAATAGTGCTAGGAAAGTGGGCTTAGGCTTGTCCCACCGCCGCATCCGGGCGGCTTCCAGAGAGAACTGGAAGGTCGCAGGCCGATCACATGATACCCAAACTCAATTGAGTGGTTGGATCGTAGGGGGCCCCGGGCCGGCTCGCACATTGGTGTTGGTATCCGAGAAAGGTATAAGCTGGTAAGGGGC,1533,50.42,Drosophila melanogaster
SEQ_378261,GCGAGACTATTTACGCGAACAGTCAACCTCCGTATATTAGGGTCTTCTCACGCGGCTTTGTCAGGGCCTGTGACCTTCGTCTGAAGCGCTACAGAAAGAAGTGGGCCGAGGGTGAGCCGAGGGACTCCCGCAGAGATACAGATTAACATTACTCGTTAAAACGAAAAGTTGCCCAGTGCCGGCAACAGAAGAGCCCCTTCTGTATATAAGGCCTTACCAGAGGGGTTTCAACGGACGTGGAATGCCCAGGGGGTGTCCCATGCAGGTTGTAGGTCAGTCATACTACTACGCACCCGAACACACAGTTCGGTTGCCCTCGGCGGAGTCAGCGCGGATCATAACACTCTTCAGTGGGGGGGGAACCCAATCATGCGTGGTACCCCTTTGTACATTGATGCTCGCCAAGACTGTTCGGAAATAAGGGGAGCGATTTGAACGC,439,53.76,Drosophila melanogaster
SEQ_197851,ACTTGAGTGAATACTTACCTTAATCTGTGGGGCCAAGTTGTGAGCCTGGAAACTAGTTTGCCCGGGGGCATACTCCAGGAGGGCGGCATTTCCTCATACAGTAATCGTGCAAATCACTGTCAGTGGCTAGAGTACGTGCAGTTAACCCGGGCATGGTTATCAGAGACGGCGACTGGGACGAGGACAACGGACGTACAAGCGCGAGCTGACTAAGGTAGCGGTCAGGATCTCGACAGGTCTACTAAGAAGAAAAATGTAAACCAGACGGACAGTATGTACGTGTACCACTGCCATGGGCAAGGAATGGGCTGGACACTTTCGCTGAAAAAATTCGCCTCACGAGGGATAGGGTCGGAGTTCCTCATGTAGCGTAAGAGTGGAGTCCAGACCGACGGCTTAAACGGATACATGAGATCCGATGCGTCCCCGGAATACGTCAGAGGATATCGATTAGGTTAGCCTGGCAAGATCATCGATTGTAAAATTCCATAGCTAGGGAGACAAAGCCGACAGGAAACTCCTGAGGGGTATAAAGGGTATATTCCTACTAACTTAACTAAGCTAGTACCTTAATGTCCGTATAGCGTCATTCGGAAATATACTGGGAGGGGAAGGATATGTGGATACAACCACAGTGGCTTGGCACTTGGTACTTCCACGAGCGATTATTTCAGACCCCGAATAACTTATGTCTAAGTGGTCCCTAAGAACGGTATTTTCCCGACCTAAGTGGCCCGTGGGAACGAGGTAAAAATGAGGTGCCAGAGGGTCCCGCAGCGTTTGCCGGTCCTTCGCAAAAAGTCATATTTTAGAGATGCCTGGCCCCGACACAGGCGCGTCTGTACACCCTTACTGAGCCTTAAGATGTGCAGTTCGCGAGCTCGTGAAGCACTTCATTAGAGTGTACCATATTGCTTGACAGCAGGACGGCATTGTGCAATCGGGTTTCATGGGGAAGCAGTTGTGTGTTAACGCGCAGCTGGACTTGTGATGCGAGGACTCTGTAAATCATAATTGTATGTCCTAACAGACCCCACACAACCACTGAGACGTCAGCTTAACACTTGCATTCATGACACTGAGTTAACCATGGTGCCCCCCTGTTATGCGCCTAGACGACGGGCTTACGCGGTGTTGACGAACTCCTTGGTTTGCCCTGGTATTTTTTCTAAGACAAAAGAGGCAGCGTGAAGTACATACATCTGTACGTGTCGTGAGGCAATGATAGTATGGGCATAGCAATGGCAGTGTTTAGGCTGACTCCCGGTTCCACCAAGGCAAATGTTCCTCATATGTCAAAAGCAAAGCATTATTCGTTAAGTCGAGTCAAGCCGAAGTCTAGTCGCCCTAGGTTACTTCGCAACCCTGTTAATGCGGACTAGCCGGGATCGGTAGTGGTGCATTCCCTAGGATATCCCGTGAGTACCGGGTGACGGCCCGCCTG,1444,49.93,Drosophila melanogaster
SEQ_120650,TATTGCTTGATATCTACAGTCTTAGTATACGAAAGGATATACGGCCGAAGCAATCTATCCATATAGCCGTAGCGAATGACCTGTCAGGGTGATGTTCTACAGTACTTTCATCTAGGTTCCGCCTGCGGAGGAGGTTCGACTTCTCAGGCCTCACAAGAGCCGTCAGCAACAAAGCACGTTTAGTCATGTAACGAACTGTGACTGGTCGCGCAGAGAGCTACGAGAGAGGGAATCTTTGCGACTCGTACTCTGATCGGGTCCGCTTTTGGCCGGCAAAGCTAACGTCCCACAGTAAGGGGACATCCCCGAGCCTACAGCATAAATACAAACTCGGAATCGGGGCAGCAGCAGTTGGACAGGAATTTGAGGAGATGTCAAGTTACGAACTATACACAACCGGTTACCTTACACGCGAAGCAACTATAGCAGTCAGAATTGAGGGGGGTCCGTACCCTAGCTATCTAGAGGGATGTTGCGTGAGAATAGATCTGCATACGCCCCGATCATCCGTGGTGCTGTAGCATCCTAGTCAGACAGTCAGATTAAGTTTATGGTGCCACGGCGATCAAACAGTTCTCCGACCTTCTTCAATTGCCCATCAACATGGGGGCATTGCAGCCGCTTTTACTTCGTATCAAGACAATAGGGAAATGCTATCTTGTCTGGGGACGTTCGACCCAAAGGTAGCGATAGTGAGCGAAACGGGAGGACGGTTATGAGTACCTATATGATCCAACGCCGCACAATTATGCCAAGCACCCCAGTAGCCCGTTTCCTAAATCGGGTTCGTAGTGGGTCGGTAGTGGATCGAGATCTGAATACAAAACCTTGTTCTAAGTAAATATGCTGGGTCAAGTTGGACTTAATTAGGAACCTGCTCAGGAACCTGAAGAGCCAGTAAGCCACCGGGTATAACCACCTAATTCGCTTTCGTATATAGTGGGTCTTCGCTGAGCCGTCTAGTACGCAGGTGGGCTTGCTGAAGTATGCCCACCCGAGATGCAGCGTGGATATAAGGCTACCCCGCTTGAGGCCTATCCAATTCCTTGGATGAAGTGGATATTGTGGGTGTGGCCGGAATTATCATGGTACGATCTCAGCTTCGTTGCGCCATGCCGGTAAGAATACCGAACACATGATCATTTACCAACCACGCCAACCAAATCCGTCAAAGAATTCTATGTGAAAGTGACCTTAAAATACTCGATGCTGCCCTCGATGTCCACCAAACGGGCGCATCCTCTTGGGTATCCAACTTAGACGGGACGGAGATCTCTAAATTGGTATTCACACACCTAAGTACGCAATAGGGCTACTACGCAAACGTGAGTCAGACAGCGCTTTAATAGGGCGGTTTCTCGCGCAGGTACCTAGGTAGTCTCTAAAATACCTCGATTAGGGGACCCGAGCACCCCTGACATCAGATGAAGGACGTTGAACTCATCTGTCCGTATCGTGATGCGCCGATCGCAGACTCAGCATGGACAAGACTCGGTAACTGCTCTGCCTACCCACTCACACACAAGAGTTTATATGCCCATTAGCGTTGTTAATATAATGTTAGCTTGACCAAAACTGGCATAGCTCGACTGAAACGTGCGTAACCTTACGCTCGCACGGGAAGAAAGTATGCTCAACGCGCCGAATGCCGTTTAAAGCCGAAGTGAGCAGGATTAGATCAGCAACGCTTTTCGGAGTGGCCAGATCAGCTCCCGTTTGCGTCAGTATTACGCAGTGGTCTAATACAATCCAGATCTTGTATCAAGCGTCGTAAGTCGGGGGCAAATAGAAGCCGTACGCGTACGTCCTATAGTCTTTC,1819,49.31,Arabidopsis thaliana
SEQ_542102,TGCCGTCTGGCGCGTGCCATGATCTTCAAGGATCAGTTCGCATAATAGTTCATGCTCGACCACGACGTGTAGATGAAAACTCCCGTTGAATTAAAAAAACCGTAAGCCGAATTCATTGAATTATGAAATTTCGGCAGCTGCGCCGAGTCAGGTGATGTCCGCTTGGTAGGAATTTTTGTAGTGGCAGCGCAGCGCTCATTAGCACCACCCGATCTGACCCTTCTAACTCCAAACCGCGAGCTGGTTCCGGTTTTGTTTCGAGGATTACACAAAAAAAGGCTACTGAGCAC,290,48.28,Mus musculus
SEQ_626504,CGGTACCTGTGGTGTTCGGGCGAGGAAACACGAGATAGGTAGCGTTGAGATTCTCACCAGTCATTCAGACCTTGTCACAGATGTGCACAAAC,92,51.09,Drosophila melanogaster
SEQ_199094,CTCTATCCATTTCTTCACAGCTCACAATCCATGCGTGCATAGTAAAGGGTACACAACCCGTTATGGGCAGGCAAGTTCTCCTATAATCAGCCAATTTACATCGAGACTGTCAGTGTTCCTGTACCACCTTTAATGAAGAAGGCGTCCCAACTCCCGGGGCGGACGTCGACTGGCCACGAATCTAATCGGTGCTGAGAGTATGCAACGACAGTGCAGCAAGCGTTCCGTAAAAGCTACAACTGTAGACTCGGGCATGTTTCTGAGAACCTCGGCGCCATTCTACAACGATCTGCTTTTCATTTAATATACAGAATAGTAACCAACATCCCAATTAGATCCCATGAAGCGAGGTACGCTATGCTCATCAATGAATGAAACCGCTTCCACACCTACCATCCTCAGGTAAGTGTAGTCTACGTTGGGGTCCCACTCCCTTTCTAGAGTGGCCGCACATAAACTCGCCAAACGATGAGTCCTACAAAGTTTGCCACACCGGACGGTCTGAACAACATCAACACCCTTACAACCCGTAGCGTTCTTCGATTTTCGCTCGAGAGTTCTTACGTATTGGGGACCCAATCACAAGTTTGATCCATGACTCGAGGTGTGGTCCTGACCTGAACATGTTGTAAAACACCTAATATTGATATATATCGAATCTCATTCCCCTTGTGTGACCAAGGCCAGAATGTGGATGCTATTGCGTGTCAAAATAATCCGACATCGTCCTGAAAGGCCGATAAGCGCCCAACCAGTTATAATGGTGGCCCACTACCTATTGTGGCCGGGTTGTGTTAGCCTCAACCCAGGTGAAGGGGTTAGCAGTATCTTTTTCCACTACGTTGGCCCGAGACTTCTCTTAGCCATTTGTTTCCGAAGTTGGCCGCCGGGCATAAATATATTGTCGAGTTCTTACTGCATGCAGCTTTGCTGATTTTTGTGCAGCGAAACTTTGAAGGCCTCCCGTCGAGCACTAGAAAGCGACCGTTGTTACTGAGCCAGATTCAACCGAAGTCTACTTGTCGCTTCTGGGCTACCGGTTAGGTCGAGAGTACGGTATTCCCCATACGTGTGGCTGTGCACACCTTCCAATATGGAAGATCACAAGGCCCCCGCGCCTTCTTTTTTCCAGTCGTCACTATGCCCAGGCTGGAGTGGAAGACCAAAGATCATAGTGTCAAACAGGCCACTTGGCGACAATAGTGCCCTGTTTACTTTTGCCTCTCGGGTTGCTGATGTAGCCACCTACGTCGTAGCACTATCGCATATCGCAGCGGGTATTGGAGAGACGCGTCAGCTCCCAACGATTGGGTGCACCTTGCGGCTCTACCCCCACCGCTCACACGTAAAATGTGGAGTGGTGACTCTAAATAAATTATAGATGGAAGGACCGCGTAAAAACTGTCCGTAACCAACTCCCCCCTCTTAACTCGGCGATCACGCTTATTGTCCAAGGGCGCATTATATCGATGACCTCGCCCAGTAAGCTAGAGGTTCGAAACTCTCAACTCCTATGATCCCCAGTACTACGACCAGATTGAGTTAGTCGAGCAACAG,1557,49.2,Arabidopsis thaliana
SEQ_223503,ACAAATACTTATATCTGATGTAATGCGGAACAGACGCAGGAGCGAAGATCACAATCAGTTCACCTACAGGTCCAGCCTGTGATTTTTCGAACTCGCCTTGCGTGTCTAGGCCATATGTAATCGACAGATGTTGATCGGAAGATACTTCACGTGAGGATCATGTTGCGGTCGACCGGCTGGCTTATCCCCCGCTGGTTAGTCCGGGCCCGTGTGAATACAATTGTAGAATCACATGGACCGGGTACGGGGCTCACTAATCGCCAGAAAGGAAAACCCCTGGTAGCATGGCCGTGTAATCGCGCGCTGCAGGCCACCCACTAAGATGCACTTAGATAGCTGGTCGGTTATGACTGGCTAAACGCCAGGTTGGGGTTATCGGATCCCTTCTTGCGCGCCGCGGTTCGTAACGCTCTTCTACTCCTTAATGTACCATGCTACAGTCTACACGCTCCTAAACCGCTTCCTCTACGGGAGACGGGTTCTGCCGGTGGATCATCATTAGTCCTGAAGATACATGTAAGGCCCCCGTCTTTGGGGCGCCACCCATGCAGAACTTACCATCTGACACGGAATATTCCGCTCAGACAGTAATTAAGAATAACCTCGTGGGGCTTGCCGATTACATGCATGCGGCAGGCGATCCGTTCCCTAGGAAGTGAGCTTGTAAAGTCCCGTGCAAACAGTTTTACCACTTGGTCACGTGCCTGACATATCAGTAGGACAGCAGTAAACTTCGTTCCGATTTGTTGTTAACCTCAAGTAGTTAACCTAATGAATTGAAGCGATTTCCTTTAGCGGCGCATAGCTTAGATGCAACATTACTGCGTCATACCCTATAAACCCAGTACGAATTCTACCAAATACACTAGGGGTATCTCGTCCTCGAGACCAAGGGCATACCTCTCAGAACCGGGATGCTACGACGCCCCGGTTCGGGGCGGCGGAAGGTATATTACTCGCAGCTCGCTTCCCCTCGTGTTATCACCCTCACCCATGTGCCGACTACTCTATGGGCTTTTCCTTAGGAAATAACTAGTCGTCCTTTGAAAGAGTCAGTGGGCTGACGTCTAGTCTTCCACGCCCAACGGTTGGTCCGACACCGACAAGATCAGAGGTCGATAGCAACTAGTCGGACACAGACCCGAACATATGTCTGGAGAAAACGATAGCGGCCACTCCTCAATCTTCAAACCAGCGAAAAATAACCAATCACCGGGCACGGATCGGACGAAAAGATACGGTCCGCTCCGCTCAGCAATTTACCCGCTATAAAATATCTATTGGGTCTCCTGCATGTCGACAACTGATCGGACCGATCCGGGCTCAAAGGTTTGGGTTTCGCGATTAATGACATATGTCTCAATTAAGAGTGTGGATGATGACCCCCGAACACCCCAATAGCTCCGACTGGGTGCATCACTATCTTGAGTAACATCTTCCAGGGCCAGACGCCCTATTAGAGTGCTGCGGCCCCACAAGCACATTATGATACTGCCCATACCTAGGAAGC,1510,50.79,Escherichia coli
SEQ_297528,CTGTGTAATACCAGGTTGACTAAACATCATGAGCGTCCTACCAATCCACGGGGGTAATCATCTGATTGAGCGGTAGACAGTCTGGCGCGTAGCAAAATAGGGGAATCTGAGATAAACGGTGGCTCGTGGGATAAGTATCGGTGGGTGGCATAAGGCGAAGACGAGTAGCGCTGGCGCTCATGTAACGACACCTCAAGTGCCAAAGTCTTAATCTATTTAACAGTTGCACAAGGCCATGTTCTGACCCATTCTTGGGACACTTCGCATTGGAGGCGAGTGAGACTCCGATGGTCGCCTTTTCGTTAACTCGGAAGCACGATCCCTGGTTG,329,50.46,Caenorhabditis elegans
SEQ_528952,GGCTGTTGTTCGCATGAGGGCCATGAATTCCCCAGGTGATGGATTTTCACTGGGTCTCCCAATGTATCATTTTCACCAGGGCGGTGCCGATCGATAAGGTCAAGGATTTCTGGATGCGTCCTATAACGCATACATATAGGGATTCCGAATTACACTAGACGTTATGTAATTTCTGAAACAGCATACAATCCCCCATGTGACATGAAGATTGTTGACCTATAAGACCCTTGGAGTGGCGGCCCCACAGGGAGCCCTGGATAAGCCTAGGGCGCGTTTTCGCAGGAGACGCAGAATGTGGGGTGCCCCCCTAGATGGGTTCGGAGTTATTCTACTACAGTATTCACTGTCAAAATCCGGTGAACTCACCAAATTGACCTTACTACAAGAAGCCGGCAGCTGTACTCTATAAGTCCGGCGGAATATGGTATGCAGGTACGAGCCTCGAGTGGAATACGGCTGGAGGACAAGAAATCGAGTTTGAGCATAAGTAATTGTATAGGACAGACCGTCGGATCACATTGGCGATAAGATCCCGTAGAACCTCGCTTACTCGTTGGGGTTTGTTGGAGTTGTACGCAACTTCCGTAGTAATCCAACTACGGCGCATTGGTCACGATGTTCGGTACACAAACAGGCCTTGCCAGGCGGTATATGAGGCCCCTTGACAAAGGACCAACATCACTCAGTTAAACACGCGGGAAAGCTCTTACGTATACTTCAACGCGAGGGGCAAAGAATGAGGCGAGTATGTGAGCTTGCGTTTCCTAACTAAGGTCAGGAAGTACTTGACAATTTGTATAATCGCTAGGAATCCCTCTCCGAATAGCCAAAGTTTCTAGCCGGTCCACGAAGCAACGGTCGCATTACCTCGTAGGCGTAGCCCCGCCCACGAAACTGGAGCCTAATATGGAAAATACAATCCATTGCAGCAGCGTCTGAAGGGTGCCCTCGGGTGCTTCGTAGTATTCGCTGCAATGGTACCCCAGCTTCATGGATACCCTCAAT,1005,49.55,Arabidopsis thaliana
SEQ_308991,CGTAATTGAGCTCCGGCCGGGGTCTTATGGGTAACACGAGAACCGGCGTAAACAGCCTTGCCTTCCCATCCGCGCCTTCTGGACGCGATATTTAACCGAGCTCAATTGTTGCCTAATCTGCCAAGC,126,54.76,Arabidopsis thaliana
SEQ_745554,AAAGGCTTAAACCAGGAGCCCACTTTAGAGCGCAACACCCGCCCTTGGCGCCTAGTGCCCCAATAATGCTCTTGACTCAATAAACTATAGAATGGTGTCTCCCACCCGTCCAAACGTGACTCGCTAATCCCTTCCGCGGGGAACGAGTAACACATCGGGACCGGTAACGGTCGGATTGATGTGGCCGGCCTAAACCATAGTCGAGTACACAACACCTTCCACTTTGTGCAGTCACAATAGAACCCACGTGAAGACTTAAACTTGGCCCTCTCTGTTGGAAGTCTATAGGATGTCTTCAGGGAGGGGGCGTATGCCGGTCCACCATGGTACCATCGTCGTGCGGGAGCCACCCGGCGCATGTGCCTTTGCACAAGCTGCCATTAGCCAGTCCTGCTCGCTAGGTTGTACAGATGGAAGTCGTGGTTGATATACAGCATAGAGGCTGGGAGCACTATGGGCCATCAACACTGAGTAGCTCCATCCTGACTACTGATTCCATCGTTCTATTCCCGATGACTGGCGTGCGGCTTGCAAGTTCTCACTCGAGGTGCAGGGAAACTGCCCACATCGCGGTAACCGTACCTGGAACCTTACCTGCCCGTAAGTGCGCCAAAAAGGTGACGGCCGACCCAGGATGAGGATAGTTAGGCGTAGCTTAAGTGACAAAAAGTTATGAGAGGATTTCGCTACCGGTGGGGGTACACAGAAATTGGTCAGGGTGATAGGCTCTCGGCCAGACGATAGAAGGGATGAGATGCCTCAGTTGTAGGTCCGACCTGTCTCATAGTGTATCGGACATATCCAATCTCAGGCAAACACCATCGAGTACCACCGAGAGGAATTTAAATGCTTCCGGTCCTGGGCGTAGCCATCACGTTAATCGCATCGGCGAATAAACCTGCGGAGCCGAGAAGCCATTGCCGATGCCGAGCGGGGCTCATAGTCATCCCACCATGAGACGCTATTGCCTAACACATTGGGTTAATCCGGCACTAAATGAATATTGTAATGAACGTAGTCATGGAGTGGCCGACTTGCGGTAACCGCGACTGGCGCCCGAGCCGGACCTTTATCGGTCAAACATTATGCGTCGCCGCAACTCCCCCCGTCTCGACGAGAGGCCCTTGGATCCCCGAGCAACAACCGCGTGAGGTCTATTTTCTGTACAGTTCGCTCTTGTCACAGATGAGACTTGGTTGAGTTTTAAACGTGTGAGCAAAAA,1222,53.03,Mus musculus
SEQ_930449,CTGCGGTGCTAACGACTCGAGTTCAGATATCTGATACATTGGTCGAGATTTGCGGCCAAGCTAAGAGGAGCGAACATCGTCTAGCTCGCAAGCTATGTATTGATAACATCTCTCCAGTTGTTGTGATTTTTTATTTCACGGGCGGCTTCATACTGGCGCGGCTTAATTCTTTCATGGAAAATCCCCGCGGATGTCTACAAACCGCTAGCATGAGAACTGGAACGGCGGGCATTGGCAACGGGGGCTTGATGAACATGTGGCCGAGCCCGCTTCATATATGGGTGATAAGAGCGATTTTGGATAGTATCACGATAGTCTTTTACAACGTTAGTGAGGATAGACGGAATTATGCGTGAAGTGCGGCTCGTGATCTCACAGCAACAGTGCCCCTCCTAGGAGCCATGCGCGTATCGCGACATCAATAAGGGACATCGATCCTCTCACGAATTGAAACTCCATCGTTCATTAGTCGCGACGCGTGACGCAAAATCAAGCCCGCCGCTAGGAACCCTCGTCCAATCTGCGGGGTAATGCGCCCTCCATGTGGAGATTCATCTTCTGGCCTCACTTATATATGGCAATGATGTCCTCCATCATGTAATAAAGCATCAATTGCTGGTCCATCAGCTGTCAGGCTCTGAGGTTACAATCTACCCATGAGGGGATGCTTGTATCTTATCTCCTCTGGTACCTCTATTGAAACTTTCTCCAAGGTGAGGGGTGCTCACAAAATCCCGCTTAGTGGGAGATTTCCCGGGCGCATTCAACCCGCAACTTGGAACCACCCTTTTTTTGGTTTGGGAGAGCCCCGCCAATCACTATTCGGCTTCGACGAGGTTGTAGTTAGACCCGAATCGCCTGGGGCAGTGTGCCTGCGTACGGTTGGATAAAATTAGGGCGTTAGGCTGACTTGCAGGCCCCGGCTGTTGCAATTTCTCGTAACTATCCCTTCTTATGATAAATTCCATCGGCCCAACGATGGACTAATAACTCTGAATATTGGCGTAAGGCCATATGTCAAACATACTCTCGTGCACTTTGACACCTGATTTCTTCAATTAGCCTTACAAGTCACGGACTGTTGCCAGGGATTACAACTAGTGGGCTCTGTTTGGCCGAATGCCGAACGTGTGCTATCGAGCATCTGGTGTCGACAACTTTATATCATGGTCACGAGCATGAGACAGGGAAC,1192,49.24,Homo sapiens
SEQ_631673,GCTCGAGCTTGCGAAGGCCACGAAAGGCTTAACAAACGACCATATAGGTTCAGTTCGACCACGGCCACCAATCTCACGGCATGGCTAACAAGCAAGTGGAAGGAATTGCCTTATTCCAGTGTCCACCTCTAGATGATGCCATGTCCTTCACGATCAAGAGATATTATACGATCAATTCGAGCCCCTCCCTCGCGGACAAACCTCCCCGCTGACGGGTGCTCAGAATGCTAATTCGCAGGAAAAGGATACTGCGCCCGCGTCGAAAAACAAGGTTAACCCCGCGAGGATGGTAATCAGGCAAGGCCGCGTAAGACCATGCTCGGCGTACACACAGGTTTGTTTTCTGTGTCGTTATCTCCTAGCTCAGGTCCTCAGATCGAATCACTGGCCGATGGCGGAGCATACCAGTAGTCGATGACCCCCGTCAGCATATAGAAGTTCGGACATTAGGTGCGCTTGAATGTACACCCCCCGACGTTAATCCCTCGAATGTCTAGTGATTGAATGTCACACAATCCCGACCGGTCGTTAGCTCATGGCTGCGACCTTGGACCCGGCGTCAACGGATATACCTATCCGTGAAACACCGGCCAATCGTGGAGCACCACCATTTCTACGATTCACTGGCCATGGAGACCTTGGAATCGCTCGCAAGAAGGTTATAACTCCCGCCTAAAGACACCCCCACTGCCGACATCACGGCAGTTACCCCTTTCGAGCGAACTTAGGGCGTCGCTTTACAATCCGCGATACAAATCTGAGCAGTGATCGTCAACGCTGTACGCTCTGCCATTTGCAATCTAAAAACGTCACATGCGCAGGTCACGGCCTTCCTATGCCTAAATGTATTACGATCGTCTAAGAAACCTGTTACTCTGTAAAAGCTATGAAATATTGGATTGTGAGCCATAACCCCTCACATCGGCACCCCAATCCACCAATAAGTTAATTTGTACACAGGACGCAGATACGGTCATGATCGACTACCGGAATGGCTTTCCCTGCCACGGCTGCCGTCCCAACTTATCCAGGAGGATATTAATGAACTGTGGGACACATCGTTAGAGACCCGGGTGAGAAATGACTAGAACTTAAGCCCGCGGACCATTGGAACTCTTTAAAGAGACGGGAAACCAATAAGTATGAGGCACTGTATCGATTCGTGATTCAGATTTCCCCGATATAGAAGCCCAGTAGTAGACGTTTGAAGTGGAGGTCTTGAAAGAACAGTTATGATATCAATGAATAGGTGAACTCTCTATTCTATTAGTTCCAAATAAACACGGTATGACGACGCGGTCTTTTAGGGGAGGGCCTAATGGCAAAAGGAACTTCGGCGGTAGAGGCTAAGAGTCACACATGTTGGGGTCACTCTCAGTACGCTCATGTTACGGAAAGTCAAGGTTTGACAAAAGTGTGCCAGCGATTTGACGCGGTCATCGTCCTATGTGCAGAGTAACATGGGGTGTGTTGCGAAGGGGAAGATCGATAGTTACATAACCTTGTAACGATGCGACCGTTTACCTTCTGGGTCCATGAATCTTTATAAACCTCCTACGCCGAGCGGAGCCGTTCGATTAACTCGTGTCAGTTACGAGGCACAAATACTAGACGTCGGGAAGGTGAATACCTATCTGCTACTTCGGCCGGTCCTATCACGGTTAGGCCGAGGACAGTTCGAAAGAAGGAACACAACGGACCGAAGTTTCCACAGCGGTTAACGCACATCTTCATAAGTGAGACATCTAAGCTCTCAGGTGTCAGAATGAATCCGCATAAGCATCCACGAGAATAGGGCCAAGAACCAACCCTGAGCAGTTGTATAACGCGACAAAGGCGCAGGGCTTTAGAGCAGAATACCAGGGTCAAGGGTTCTTTAGTTTATCCATCCGCGAAAGGGCTGGCAAATTTT,1912,49.42,Saccharomyces cerevisiae
SEQ_257623,TATGGAGAGTCAACTCATTTACCAAGATCACACTCCCCAACCTCTCAGCAGCCTAGTTTCCCGAAATCTACAGTATTTGTGGACTCGGCCTGTGCGAGTAACGACCTACTGGCCGTATGATCCTCCTCTGTCGGTTGAGGGTCTTTAGGCAGCCCGGACCCTTCTTGTATCAAATCTCAGCTTCCTTTGAGCACGGAGCTTATCACCGGTAAATAAACTTGATGGTGACTTTGCGTGGCTCGACGGCACGCATTCCCTGGTAACGCTAAAACCGCTATGAAAAGACTAGCCGCTTTAGGTGGTGATCTTGCAAATCACACTTATATCCACCTAGGCCTTTAGCGGGTCGGTGTTTTCCTTAACGTTGATCGATTGACACCCACCAGGCGCGGCTCAAAGGGGCCTTGGACCCTTGCTGTTGTGTGGCTTTGGGGTCCTGTGACAAAATACACCCTAGCTAAACTTCATGGGGTCCAATATCGACCACGTGGAACTGAAATTATTTAACCGTCCTAACCACAATCGGGCGGGAAACACGTGGGCCGATTAGCAGAGGTTGCGTTCCTAATACCTACTTACGTCCTTGCACAGGTTTCTGACGTGTACTACACCCCAGCCGTACCGGTCCGAGCGTTAGATGGGTCATTTCAGCGCCTTGACCGGTGGACAGGATACGCCCGTAACGCTGTTTCGCAACCTGTCTTTGGTCTTGTCTCCGCCAGCCCTGTACAAACAGGGCGAAAAACGAGCGTTAGACGGCTATAAGTCGGAATTTAACCCCTAACGGGCTCGAGCGAGTTATGTGACATCTAAAATTTATGGCCTTACTTGTTCAACGCTACGTTTACGCAGTGGGCAGGGGTACTTCGGACGTCCTCACGACACCGCGGGACGGATTGCAGGGGATAGATAGTTCAGATAGAGTCACACCAGAAACGACACGCAATACACCCGCTAGATAGGTGAGCTCTTTCGTAGAGTTATTTCAGAACAGTTAAGGATAAAAAGATAGTCGAATAGCGCACGTC,1028,50.49,Mus musculus
SEQ_959329,GGTCTCGTACTATGGTAGACGCTTTTGGACATAAAGGGAAGTTGTGGCGGCGGCTAATAGCTTACGGTGTCCCGTCGGACCCGGATCGCTCATTGCTTCAAAGCGAACTGGGTTGTCACCATCTCTATGAGCATGATTGCACTTGGGCTGCGCAAGGAGCGATCATGGCACATATTTCTTCGGATTAGTACGCTTTTCTCCAACCCACTGTGCCAACAGCTTGTCAGGCGCAACGATAATTGGCCGCGGTAAGGACCGGATATCCTGCCCCATAGAAGAAGTCGTTATAAGAGATGGTTATTTCGCGAGCATCTGGGGACTGATGTGTAGCGATGTGATGGACTCACAGTGGTTACTAAGGCCCGCTCCGGTTATGACCCACCAGCTGTGTCTAACAGCAGCGAAACGGGACGCAGGAATCAAGGTTTGCCGTTTCTAAGGCTTCGAGCCTCCTTGCGCAGCGACGTTAGACGGCATGGTTTCTCCCGGAGTCCCTGAATCATGGTCTTTTTACCTCGGTCATATACCCAGCTTCCTAGATCCTCGCGTGCTTGCCAAGTCCAGGTGACTGTTGACGGGTTATGAGTCGGGGTTGCAAGATATACTGAAAAATCACATTGACGCAGGCGGTAGGTAAGGCGAAACACCACCTGTTTTTGACGGTTGACCTGCAATGTTAAACGCTGAAGAACGCAGCTTTGTAGTGCGCATTTTGGTAAGGGAAGTATCCACCTTTGATGCACATACAAGGTGACTGATTAGCGTCGCGTCAGCGTTGTGTGCCATACTCAGTTGAAGAAAGACTGGATGCGTACGTGGGATTGCATAGACCTGATGACAGGGAACTTCAGCGGCGAAAAACCCTCCACCCATGGGTATAGGCTATCTGAAACGACATGTGTTCGCCCCTTAAGACGTCAAAATGATTTCATAACAGAATTGAGTGGCCGGTGTTGATAGGGGGCCGTTTGGCCGTCCATTCTTACTTGATAGCATGGCAGGTGGAAGGTTGGAGTAGTCACCATACATCCGTGCGGATGCATTACGAAAATGTGTCTCCGAACCTACTCTCGCACATCTCGCTCTGAAAACCGTACCCGACGGCTCTACTTCCCTCATCCCGCTTGAGGAACAGCGCGATTATTAGTCCGTGGAACGCTGAG,1163,51.07,Mus musculus
SEQ_541349,TGGTTTCAGAGACTATTGATTCCCCCAGAATGCGAAACCGAACGAGCGCCCCGCCGGATGCCTGCAATTCCGTCATACAACTAAATCCTTTCTGGAATTAGATGGAGAGGGACTGAAATTCGACCTGCGGGTTGACTTAAACTGTCTACTCGATGGGAACCTTGTCCCTGGACAACAGATTAGTCGTGTCACGACCTGGCATCGGTATCAAAATCCCCAAAGCTCGACCCTATTGCGCAAAGTCTGCAAGGAGTACAGCGGCGAGGTTACCGTATGCTAGTTATACGGCCCATCGCGACACACACCATCAACGTGCCAGCAAACAGAAGACTAAGCTACGACAGACCATCAGTTGCTATTTATTATGAGACTGCTTACCTTTTAAAACAAACCGGTGCTTCCGCTCTGCAGGTCCAGATTGGAACTATGGTTGAATGTCTGCAATAGTTTTGCCCGCACTCGGGTACATAGGGGAGGGTGAGCATCTGTACAAACGTGGGCCTTGCGACCTCTGGGACTGGTGGGGAGAGACTATCGAACGAGGCCATGTATTACGTACGGCTGATTACGCCCAATAAGTATGGGAGTGCCAACAAAAACCGACCCGGGACCGACATCCCATACAGACCTCTACTCCTGGGAACCGGTGGCCCGCGGGCCCGCATAAATCGGCGTCACGCGCATCGACTTAATTACCGTGTTGCCTGGTCGTGCAGCGTTCTCCGTGTGCCGCCCGACTTTGCGACTAAGCCGTATATGCCCCCGGTTCCCAGTGATTCCCGGAAGGATGTAGCTGATCAACGCCTGGATCCACGGTCCGCCATGCTCACACGGCTAGTAACTACGCGGGCCTTAGCGCACCCTTAGCTCTAAGGAACAGAGGGCTCATGGTGTGCACGTCGTAATCTAAATTGGGAAACAGAACGGATCCAGTGGCCCATGGGAGTCTAACTGTGCCTCCCACAGGCGTCGAAAGTCAATGGTTCTCTCGTTAAGCCCGTTCTGATACTAGGGGTGTAAGTACGATTTTGGAGTTCCCGTCTCGCTCGGATATCGTGTACATCGCTCGAACCCAATTTTTCAACTAGTTAGCCTCCGTGGGTGGACCGATGGGCTACCTCGTTGAGTTTAGACGTACTTCCGCGCACCCCAGATCATAGAAATCCTCGCCGTCTAAATCTCGCTGCCTAGTTGTATCAGTTCAATGCTGGGTCAGAACTTTCTCTGGTTGGGCGAGCGTCCTCGGCGGGGTTCCGTGTTGTCTTCAAAGCTTTATTGTTTTCGCGAGAAAGTTATTGTCGAGTCCGATACTCGATCCGAGAGAATTTCTAGCGATATTTCCGGACCACGCACCTTTTCGGGGTTGGAATGCCTTGATCCTTTACGAATTGTCAAGACGAAGCCAGGCGAAAGACTAACCAGTTGCAATTATTGAGGCCGTCGATTCTGTGACCCGGGTGTTGGATGTTTGCATAACTTAGTTCTTACGGTTTAGAGAAATAGATGTCAGAAATACAGTCCAGCTCACCTGTTAAGGCGCCTTGTAGGTAGCTGCTCATAAGCCCCACGTTTCGTTGGTCAGGATCTGAGTC,1592,51.63,Escherichia coli
SEQ_552305,GTCGGAAGAGATGTAGCGTGTCATAGACTTATCCACTGTTAGTGTAGACACCGATTTCAATTTGCCAATGGTACTATGAGACTCGGGACATTAAGCCAACGTCAGTGCGCCACCCTTTAAAAGCGATTTCATACAAGGCCTGGTGCCTTGAATATGTTTAATACTCCTAGGTATTACGGCGGAGTCCCGCTTCGGAGCCGGTGATCAGTACGGTATGTAACCGGAATTGAATTTTATCAAGGGAGTTTACGTCATTATGTGGGATTCGAGGTTTCTGTCGATTATAAATGGCATTGCGATCCATGTAGTGTTCTGTTTCAGATAGTTTAATGGTCTTAAAGCGGCCCACCCTCAGACCCGTAAACGGGATTGAGTCTTAGCATACGCGATTACGGCTCTGCGTCGTCAACAGCCGGGGCCACTAAGTAGCATGGCAGTCCGTTAGGAGGTGAACTCGTAGTAGA,464,46.98,Mus musculus
SEQ_229588,CTCGTGGCTACTATAGCTCGTAGCAGCGTGGTCTGACGTTGCCTTGATTGCTGAAGTCAGAACACGAACGCCAGTAATTCGCTTCGTTCTTCGATCGCAAAGCTAGCGGATCAAGAATTTCCCCCGCCGACCACTAACCCGTGGGTAACGGATGTAGGTTCTTCATCTGGACACGAATACAAGGTCCTCTGGGATAATGACCAGAGACGTATCTAGGTAAGAGGCGTCGGTGAGATCCGCCTCCTAAAATCAAGAGTGCAGCTGAATAAATAATACCACTTATGCACATAACTTGTTCCTGTAGGGCCCTGGTTCCGAATGTTATCTCGGACCAAGGCCTGTACGGACACAACCTTTGCGGAGCGCTGAAGGTAGCACGTATCAAACGTCCGAGCGCCCTCACGCGTGAGTGGGTAGAAACATTGGTTTACGGTGTAGGTCCGATACACCAGGGAATCTGAAAATTACACATAATTTAACTTTAATAAACCGCACACCTTTCTTGGCGCGGTTATTGCTCAGTAATTCGACGACGTCATGTACAGCTTAGTCCAAATTTTTGCCCAGCAAACTATTTTCCTGGAGTCGCTGAGTCGAATTTCCCGCCCTCATTATAGATCCGAAGCGCCTAATTTCGGGAATGACACCTAATGAAAACGCTCAGTTGTTTCGATTCGCAGTAGATCGATCCACAGATGGTTGTAGGGTTCGACTGCTAGGCTCTCGTAACGATTGCGTGGCGATTAAGATTTCGACATGAGAGGACCCTTGGTCAAATCGGAACGAGCTGCCAATTATCAGGGTCTTCTTAACCGGACGAATCTTAGATTTTAATCCCCACTCAGTCGTAAGGGCCGTACCATCTGTAAACATAATGAATAGGTAAATCTCACCTTCACCACGATTATCCTCTGAGAACTCGCACCGAAGGGGACACGCCCACCGGCATATGCGGATCCTAAGGATACTCCTCCGAATTCGCCTCTTACGTAGCCCATAACACAGCGCGCTCTGTGATTTGAGCCGGACGTTAAGTATCGCTCTGATAGATCCTACAAGAGCAACAACCGACAGTTCCGACGCTACTAGCGTTAGGATCCGTGCCCCAGATCATATACAGCCCGAGAGCACCGGTTCCCACAAGGGAAAGAAGTTCGCCCAGGACTTGGTTTCCATATGCACCACAGAGCGCCGAAAAGGGACTATTTCACACCTCTCAACGACGTCGTTTAAACCATCAGATAAAAGTTTTGTTACAACCGTCCAAAACGTGGCCGAAACAAGTTCCAGTGTGTAGCCTCAGTAGTCCGGGTCGTCATCACTAGCTCGTAATCAATGCAACGGGCTTGAGGAAACAACTCCCAAGCTCACGACTCAATGAATGTCCATGTAAGACCCCCACAGATTTAATAGCAACAGTAAGGCAACTACTGTGCAAGAGTAAGAATTACAGCATCGGCATTCGAAGAATCTCGCCATTTACGGCGACGAAACTGATGGTATCTGCTCTGACAGCAGGCGTGGATTGTCATGGAATAACGTGATGTGCGTTTCTTACATGTCCGGTGGACATTTCGACCCGCATCGATATAATCCGCAGGTTTAAATTCTACAGCTGGCCGCATGTCGATTTGACTACTCGTCTAACCCTTAGGGTAGTTACCCGCACTGCCGTATGAGTTTCTTTTGTCGTTATATTTTCTACCCTGTGTCTTATAAACTCACTGCATATTCAGGTAATATGTGGTCATATAATCGCGCACCCGGCTAATCCGGTCAGGTGCGAACAGCTTACCGGAAAGATTCCAAGTTTTAGC,1817,48.05,Saccharomyces cerevisiae
SEQ_842071,AGCTCTACGTGGGGTAAGATGTTGTGTTAAACCCATCGGCAGTGCCACACAGATAATTACTTTCGCATTACTAAGCCGACTAGACCAATGTGACACCAGTTAGCTTGAAGCTCTGGCGCAGCCCCATTCAGTTGATGTATCTACGGGCAACAACAGGGGTTTGTTCGTGGGAGTCCACTTGAGAATCGGGCGCGTTGATCAAAGTTCTACAAGATCACGTTACGGGTAAAGCCACCTATTCTTGCTATACGGAGTCTTCACGCGTTCCGCCGGCTAGCCCTGACTGACAAAATAAGAACAAGATCATTACGTTTCGACAGGGCCGCGTTTTATAGGAGTCAGAAAGAAGTAGGATAGTTAGCGAGAGGTTACTAATCAGTCAAGATGGTCTGATTAGCAACACTAATTAGTGAAAGATCACAGTCTATTCGCTAGTAG,438,46.35,Caenorhabditis elegans
SEQ_829601,TGCTACCACTAACCAATAGTGGTTCAGTTCGAAGACAAGGCAGTAGGACGGGAGTCCCATGTCGTCCGCCATGTAATCGAAGTGGGTTGAGTAATGCTCGCGAACGGGAGTTGCCTTGGAAGCTGGGCATGTATTAATCAAATTATCCTCACTACCGATACGACGGCGGTGGTGGGTGCTGACATGGCTTTTTGACCGGCTCTAGCCGTGCCTCGCTACGACTAGTCCTTTGTGGATCTATGTTACAGTTTACTCTTCTAAATGAATACGAATATATAGTGACTCTCTGGCTTTAACAGATCTAGCTCGGGCTTCGGTGTGGATTCAATGCCCCGTGCTACCATCGATGAACAGGCCTGTAACGCGTGTTCCCGCTCCCCAACCATGTAAGATTCCATATTGTAGGGGGCTACGCGCTGACTGGGCAGCCTCCTCATTTGTTGCACGACTGCCGAGCTGATGCCGAGTGGTACCTTACGCGATTGCTAGTTTCGGCCGCATTTGGTTGTATGCTCGCGAGGTCGGAGT,528,51.7,Drosophila melanogaster
SEQ_712054,GTCTTCCCCTATACCAGCCTACGTCCCACAATTAAGGCTTAAGGTGTCCAAGCGTAAGCCGCACCAGTAAAGTGGTCCTCCGCAAAATACACTGTGCTGTCTGACGTCTACAACCCTCCTAAAAGTTCAAGGACAGCCGGCGTGCCCGCTCCGAACGGTCAACGGACGGGCAAATATTGGGCATCGTATTAAACACTACTGAATTCCCTAGATCCATCGTGTTGTCGGCTGTCGAGGGAAGACTTGAACCGCTCCATTGTGTGATCACCACGCTCATAGATATATATGACATCAAATTCTGGCCTCACAGCAGGGTACAGGAATAGGAAAGAATCTTGAAAATCAAGATCAAGACCAATGGTCAAGTTTCTGAACACAGCCTGCGGTTGGAGAATTAGCGAGGCACCGATCAACGCTCCGCGGATAGTGAATTTACGAGCTGAATGAGAAGCCGTAGAGTCTTTCCTAGTTTCGCTACATTCTGCAGAGATCCTAGAGGTATAATGGTGTTTCTTGTTACACATCTGTAAGCCGTCGCCACCATGGCGTGAACGATCATCCTTTCCTTTGAACCGTCCTGACCGCCTACGTAATGTCCACTAAGCCTTTCCATATACTTAGTACGGTGGTCGAGGAGAGGAAATTATAATCATTATATAAGAGACCCTGACGGCA,675,47.85,Arabidopsis thaliana
SEQ_583075,ATCGTAACCCGCCAGGACCACCGCTACCGCTCGCGTTAGTCTCCGGATGTACGGTATTTGTATCAAGTATTAGCGGGCATGGGCCCCCAAGATGTCCGTACAAGGTGCACCAGGCGACTTACTATATTCACGCCTCGGTAATGGGGAAGCGTTGAAGAAAATTATAATCATGGGCCTGATGATTATCGTGAACCCCGGCATGCTCCATCCACATTATGACATTTGCACGGAATTAGTCGCGCTCACTCCTCAAGGCCCCTTAGTGCACGAACACACCATAGGCTCGCAGGAACCGACTCGAAGTTACAAGACTGGACAACTCAAGGCTTCTCATACTTCAGCGTGCTGCTTGAAATCGACCACATAGCTAATCTATAGATCCCCAACCGATCCTGTTCTTCAATTAACCGCACCCCGACATCAAACGCTCTATTGAAATATGTGATTATCAGGAGGCCTCATGCCTATTAATCGTCAACATCCACTGGCACCACGACAACGGCCACTAAGATTATGTTTACTTTGTACTACCCGTATCCTTCGCATTAGCTCTTTTCAATCGTCGCTGGAGTAGGCCGAATCTGCAATATTGATACGCCGCGCATCATCAAATGCTAGGCTTATTTAGTAATGTCGGAACGAACGCAATCTACAGCCTGCTAGACCGGGATGTTCTGGTCGAGTGTTTGCTCGGCCTAGTACTATATTGTGTATTTATAAGGCTTTGATCCCGACGCTCAGCTCATTCTCGTTACCGGCTTTTGTAGAGAGAACAACACGGAATGCTTGGATCAGACAGTGCTCTGCCCCCCTGCCGTTAAAACCCACGGGCGCATGTCGGGCATTGTACGCGGAATCCGACGGCTGGATCGGCCATCATTTCACGTCCAAAACGGATACGTTACTAAGCTCCTCATGATACAGCGCTGGTGTGCTGAAAAGCGTAGTTATGGAACTCGGGAAACTTCTGGACACGTTGAGCAGGTGATGCATCCCTCGAATAAATCAGTGGTGAATTTGGCGCACTGTGCCCTAGGGTTTTGATACTGACCTCTGCGCTCATCGTCATTATGGTGCAATTAAGTCGCCCAATCCGAGTCAGTGCCTCTGGAGTTACGGCGATTGAGTGTCGCACTTCAGTGATCCAAGAGCAGTTTCCATCGAATTTTCAGGTGTAGGACGTAATTAGTGTCAGGGAA,1199,49.21,Saccharomyces cerevisiae
SEQ_531248,GCTCACTCGGTGCTTAGCACCGGGTGTGTTTACTGACTGAATTGTTCACGCAATGCTGCCGGGGGAAAGCGTCAGACTTTAAGAATCATCACGAAAACTTAGACTGAAGGGGGTATAACTAATTGTTCTCTTTTTAATGACTGTTTCGGGACACGATAATAGGTAGACAGGTTTCGTAATATTGCCGATGCGCAGGGCTTAGGCTGGCGGGGAGAGATGCATGCAATGCTCCCCAAGGACCTTGGGGAACGGTGA,255,49.02,Escherichia coli
SEQ_443843,CCGTTGTAGGACCTATATCATACATATCTCTTGACTGCCACCGACTACCCTGATCTTCGTTGGCTGGTGGAAAGTACATTCCGTTGGGTGTACCGGCCAGCGTCTGTAAGAGTTTATGAAGCTATGAGCAGGGCGCCTCTGCAGTTTACTTCACAGTGTGACTGAGTCTTGCAAACCGTAAGCAATACGTCGCGCGCTGTTGTCTGAGCCTACAAAGGTCGGGGCCCCGACAAATACCACCAACTCTTCCCCCGAGCCTCAAAACAGGATATATCAGTGAGTCCAACATGAGTTTACTTGTGAACCCGCTGGCTAGGCTGCCCAACTACTGTTTGACTATACGATACTTTTCAGCTAGGGTCGCGCACCAGCACTCAGTAAGTCACCCAGCTCGGTTTCCTCTGGTGCCCTATAGGATGGGAATGTACAGTAAATGGATAGATGAGCCCTTAGATATCCCCATCCGTTCCACTAAGGAAAAGAGATTGCCGACCGAGTTTCGGCGCAGAGCTCACTATGAGCCCGGCGGGTAATTTGAGGCAACCCCGATTCTGGGGGGCCTCACCCGCACACACGTCCAACCTCTAAAAACGTGGCCGAGCAAGCCTTTGAGGGTGGCTAATGTACAAAGCGACCACGGGTCCTTGTTCCAGCGGTGGGGGGATACAAATACATCTTATCCAATGAACCTTACGTGTACAAGGTATAGCAGTGGTGGTCTCAAGGCGAAAAGCAGTGTTTCCGAGGAAACAGATCGCAATACTCGCCTAATATACGTTACAGTCGAGCTCCGCTATAGATGCCGAGCCAAAGTGACGAAGGGAGGGCTCCCTACAGACTTCTGCCTATAGATCCGCTCTAGGATCTCGGGCGATCTCTATGTAAAGTTCAGATTCTAGCGTTGGGACATATAACTGGCCAAGGCTCTCTAGCAATTCCTAGGGGGAGGAACATATGGAATAGTGACGCCAATTGCCAGTCTGCGATTAGCCATTAGCTGTGGTAGTAACATTGGCATTTATGCGGAACAACATGTCGGGATTGACGCTAAACCAACGGCTCCCCGGTTGCTGTAGGAAGTTTGGAATTTACCACAAGGGGAATGGTGCATACCGGACTCTCTTTCAGTCCATTTCGTGGGTTCGGGA,1148,50.87,Homo sapiens
SEQ_927621,TGGGGCCGAGGTTGCCAGTTTCGCAATGGGGCATAGCGGGGATGTACGAGTCTACGGAATCGTTCGTACTTATCTCAGTCGTCGTTTCTCTCACAACTATTAAGGAACCATTACGATTCCGATGATGCTTGGAGCCCTGGGAGCGATTCCCGAGGGGATGTGCCTGACCGAACGAGGTATCACAATGCCAGAAATCGAGGGTTTAGTAACGCTAACACACCCAGGGATGGTTGAATAGGCCAAGCCTGATGGCACTTGCGCTGGGCATGACCCGGCCGCCCTGAGGATTGCTAGAGGGACTCCGAACATTCAGTTATCTGACTAGAATTTCGGCTATAGCACGCTCTACTTTTCAGACGAGCTACACCATAGGACCGGAGTTAGCCTCCATTTTTTTGAGTAGTCTCCGAATCGGCCGAGTCAATTGTCCTGACTGAGTTTGTGTTTCTGTGACCTACGAGCCTATGATAAACCGAATTTATTCGCGTCTCCTCTATAGCGGACTGAAGGAGCGCGATCGTCGGGATAGCATGGTCCGGGAACACTGGTAGCCGGTGTCTTAAGACACACTCCACCCCAGCCTTGATACTTAAGGTAGCAGGGGGTCCAGTCCGGGGATGGGCGCTCTCGACCAAATGCCTGCCCTGAAATGCGACTCCCCTCCTTATGTACCAAGGAGATTAAGTATCGGAGTGCTTAGAGAGCCTAGATTTACTGGGTAGGCTTTAAGGAGCGACGCAGTGTGAATCCGGCTTAATGTACTTAAATACACGACACCTTCTACGGGACGAAATACGCTGTTCAAGGCCTCCGATACACTTATCGAGGACTGAAGGAGTTATAATCGCTGCCGGTGAGACTTTGATCAACAATATTCGACACTACGCACCGTGTAGACATCGCTATGGCGCACTAGTTCAACTGTTGGGTATGTCTCTAGACTATTGTTTCACCCACGTGTTCGGATTGCTGTACGCATCTTTTTCTGGGCATAAGGAGAATTCTAGCGTGTCCCGGACTCGGCTGCTTAAGCATCCCCCAGTGAAGAACAGGTGATAATAAGAGTAGAGAGCGCTGCCAGTGGGTCCGGGCGATCTGTCACATTGGGCCCTGGCCGACCTCAGGCGAACGGAGTAGTTCACTGGGGAGAACGATTCAGTTGACATAGGAAGCTCCACACAGAGCTAAGATTGAATTGTGTGCGGTTACCAGGATATACTTCGTGTGTTAGAGATCATGTTCTATATTAATTCCCAACATGCAGTCCACGCCGCATCTTAGTGTAGTACTTTAGTAACTACAGGGAAGCCGCCCAACATTCTTGGGCGGCGACTCCAACTGGCTTTGGGATATAACCCGCAGGTCGGACACGTTTGTACAACCTGTGATAACGGTCAGCTGGGAGGCACGCGAGCAGATGCGTGCGCTATAATTGAGTCTAGGCATACCGGCAAGAAGAACTACCTCGTGTCCCATCTGCACAGTGCTACCGATGAGACTGTAGCATACCGTACAACTTGTAGGCCTGACCTAGAAGCTTTCAACGAATCTAATGTTCTTTAGGTGATGCCGTATTATGAACCGGTTGTCTCTTGGTCGTTGAGGAGACGGTCTGTGACGTTAAGTGGAGACTCATCCTGGTTGCCAGAAGTACATGGCATACATACTAACACGCTTTAACATGTGGATCTCTTGATATTGGCGAACAGCGGCTTTCAGAAAGGGCCCTTCCACGTTGCAAAGCGGCACCTTAATTTGGTGAGATTATGCAAAAGGCTTCACAGATTATGATACTGTTCGCTAGTTGGCTTACCTATCATGTCGCAATACACTTGCTAGATACGTGCCTCCGTGCCGCT,1859,50.13,Escherichia coli
SEQ_712335,TCGAGGCGTCTCCGCTTACGCGGTGGTGACGAACCGAGTGCCTGGTGACGGGTATCTCAACACCCGGTCGCAATGATATCGCCTGTAAGGGCTATAGCGACGTATCGGTGTAAGGAAAACGCTATTTGACACAGTTTGGCATCACGCTTCCAACCCACGCGCTGACCAAGGGCCCCGTTCGAACTACAAAAGTTCACCAGGCTTGCTGCCATTGTAACGACCTAGAGAGTCTTATAAACTAACACTCAGTCGAGTCACGAGGATTAGACGGGGTGCGGGAAGGGCCATAATTGCAAGGGAGCCGGCTGAGATGCGCATCACCTAGCAAATGTAATCGATCGTAACAGCGAATAAGTGTTCGGTGAAGCTATCGCTAACTGTTGTCGTCGATGTTAAGAGTAATTGTGGACAGGGCATTCGTCTCCTGCTTGAGGGTGAAGGGATCTGAGGGACTGTGGCCCGCTGCCAATCAGTGTGGTCGCGACCAAGGTCATCTTTGAGACTATGACCAGAGCTTTTATCCGCTTAGTCTTGTGACAGATGATCGAAACTCCTGTCCTGATCTAATACCGCTATGACTCCAAAGAGCTCGTCAGTGGAATGACCCGGAATACTTGGTGGTGTGTCTGTAAGAAGTTGCGAGCACCAGGATGACACAATAGAAACCCTTTTTACTCTTGCGCCCGATAACGATAGCTACTCGCTGCATTATTCTACCCTCTTCAGATAGTACTACGCTCGGAGGATCGAAAGTGTTAGCCGCGAGGCTCTGTGTCTTTCTGATGGTGTCGGACTCTGGACTGAGCACCCCGTTGTTGGGCTCCGCCACACCTCGACACACTCTAGAATAAAAGTTGATTGCGATTTCTAGAGCATATGCCAATAGTGCATCATATCAAACAGCGTGAACCCTTTTTTTTTGTCGCGCCCACCCGACTGTGGAAAGGCATGGTCTGCCTCCGTCACGCTAGTAGCCCCTCAGCTTGGCACAGTGATAGCGTGAACTACATCAGCCACGCCCTAAGCGATAAGGAACCTCACATGCGAGTGATCCCTTACCTCAATGCCATGGACACACTGGAAATATTGGCGGCAGTCCGTAGGGGGAATCCACAACGTAAGGACCGGAGAACGGGGGGGTCGAGCTATAGCAGCCCACGGCCCTTAATGTCGCCATATGTTAGCGGATATACGAGTTATCCGTTTTTTTCGAGCATGACCACTAAGCTAAACTGCTACGCGGCAAATTTAAGATTCCATCTTCTGCACACAATACTGCAACTGTGTGATGTACGTAATCTTACGCCGGAGGCGCTAGATAGGGGTTCATTGATATTGTTTGCGACAGTCATAGACTGAGAGGCTCACATTTTGAACGGTTGAGGTTCAAGCAGATGACTGTCCCTAGGGCAGGCGACCTTTACTTGACAGGCTGCTCAAGCGGTACTGCTGAATACCGCTAATATGTTACCTGGTACCCTACCACCTTATCGTTTATGGCGACGGACTAGCTTCAGCTCGTAATGGACCATTCCTTGCTGAGTTGGTCCGTCTAGGGTGTCCCCGCTAATAACACGGGTGTGAGCTGTTCTTGTAAGTGGTCATCTGTGTTTCTATGATTAGATCTCTCATGTACGGTTTGAAACTCGCGATGACTTTACTCTTGCCGACCACTGGGTCGGCTGCTATACGCCGATCGTACCATTAAGAGAGAATGTCTGTACGACGACTTGAGACAATGTACAAATAAGATCTCGTTGGTATCAAGCTAAGGCTGTTCTATTCAACAACGCCGATCTGTAAATAAGAATAAAAAAATGTGTGAGACCTTAGTGCTCGTGCTTTACCTGCTTAGTCGCCAAGTGATCTAGAGTCAGCATTGTCGTTGGTAACGACTTCAGTTT,1904,49.42,Caenorhabditis elegans
SEQ_873127,GCTCTAGAGGGATTGCATTATGCGATCCGGGGAGCGATCTTACAGATCGGACACGCGTAGTAACAAGCGGCTCCGGGGGCGCGATAAGAGCAACGTACCCTGTTTTAAGCATCTCCGCGATCATTTAGTCTGATCCTTTGCGCAGGGCGTACAGCATTCCCGTTGATGTCTGCATGGATAAGTCGCCCTCCTTGAAGGTCTACCCCACAGAACGCAATAACCCCCACTATCTGCGTTTAGTAACCTTAAGTGCGGGCGAATCTAGATAATGAATGATCGCCCCGATTAAAATTTGTCACAAATATATCGCGGTTGTGTGATCGGTGGCTGCCAGAGGCACGATTCCAAAATTCTTATGCTTCTTATGCGAGGAAAATAGATCAAGGACAGGCGACAACGAGAATGTTATTATGTCCGCGCCTTTGTCTACTCGACTCCTAGCAAATATCTCCTT,454,48.68,Drosophila melanogaster
SEQ_100560,AAAAAGGCGACTGGGCAGGCCTACTGCCATTAGGAGTGATCTACGCTAGCTACACGCCCGTCCGGCCTATGATGACCCTGGTGACCATCTGCGCTGGGTTTGGGTTGGTTGCTGACCAGCAATAATACTGGGGTCTCTCGACCTCCTGGAAACCGACGCGGCTGGTACGCTTCATCTAAATAATGAGTCATATGAAGACTGTAATCAATCGATACTTTTAACTACTATACGGCAGTGACGGAGTAGCCCTACAGTTCTTCTAGAACTCCGTCCCCTATAAGCAACCTAAACTGTATTAGCGCGGCGAATGGAGGATGTTGTGGGAGCATGAAGCGGGGTAGTGCATACAGCACTAGGTTCATTTAATTAGTCCGTATGGTCGAAGGGGATACTTGCGTCGTACAAAGGTTCCAACTCCTGCCTAGTCCATCGCTAGGCCCCCGTGTTACTCGCGCACTGGAGCTGTCACGAGACTCACGTTAGTTGTCGCAGGAGCCCGTGGGGTATTATCTTCGGGTGGAAGCAAGTCGTAGTGACCTCCAGAAGAACTTAGCACGAAAGGTATATATGGTCTGAACCGCCCTGTGGCCACTCCCAACTATGGCGCCCTAATACTGAGCATGAGGAAGGTTCTCCCTAAGTCTTTCGCTCCCAAGAGGATCAAATCTTCAGCCGCTCACGGAGCACATTACAGATGCAAATTGCATTGACAGCACAAAGAAAGTCATAATAGTACAGCATGCTGCATAGTGATCCGAAGGGGAATGTCGAACCTTATTTAGATTAGTCTAGTACACGTGCGGGGTGGGTCAGGAGCGGACATTGCCCGAGTAGCAAGTGTCCGAGAGGGGAGGGCAGAACCTTGTGTATCCTCCGTATCCGGATTGCCCATCTGACTGGACAACGGGCAACTGCTCGTGTCAGAACTCTTCGGGTTCTTCCGATTTAAATAACCAACGGTGGCTCCGGCGTTCCTATTCTTAACTAAATCGCACATGCTGACATCAGAACGTCGCTTTGGTTCCAGGTGTGAAGCATAGGGGATTTTTGCCACAGATTGTGCTATGAAAAACTACTACGACTTGCTGGGGCGCTCCTTTATTGTTTATGTTTCAAATTCAGCAGAACAATACAACCATAATCATGGCCAGCAAGGGCCATTCCCTCGCCTGTCCTTACTCACTCACCAAGCGGGACCCACCCATCGGGGGAGCTGTGCGGACAGGCTCAAGTGCTCCGCAGAAGAGTTACAGTATATCGAGCTCGAGTCGTATACATGCGCCCTTTGTCTTCCTCTCCGTCCATGGACCAGGCAAGTTATAGCTTACGATACAACGTTTAGCGGCTTGGTTTAAGTAACGATGTAGAAGATTCTGTATGAGGTGCTCCGCCAATTTTGACTCCACTTGCACGATGTTTTAAGATCCTTTCCTCATGGAGAGTCCCGCAACCGCACACCTTCCTGGTCCGTATGTCACGAGCTATATGGTACCTCAACACGCCGACTATAGCGTAGAGTAACGGGGCTCGCAGCACTATATAATGATAAAATTTTAGGGAGAACTTGGGTGTGTCACTTACGGTTGGAGTTAGTGTCGGTTTGGCAAATGCAGTGGATTCCAGCAATGCAGTTATTCTGCTGGCGATTTTCCCTTACCCGACATAAGATCTTGAGGAGCCGGCAATTGC,1689,49.97,Arabidopsis thaliana
SEQ_223543,AACGTCCGGTGACCTTGATGTACAACTCACATGCGACAGCTATGCGGACCCAAGTTGCGTGAGGTGGATCTTGCGTAGGCACTATGCGGCTCACCGGTTGATGGTGATGCTCAAACCGTTTGCTGCTCCTCGTAGGAAATGACGGTTTGCAGAGTAACTACAACAATCGAA,171,51.46,Escherichia coli
SEQ_178476,TTATATCTGCATTCACGCCGGCGCTGATCACTCATCTAGCTTTCCTGCCCGTCTGGGAGCATCTAGTCTAAATACGGTAAAACTGGGCTTGAATTGATTCGGTGAGATATGAACCATCGTCATAGTTTAACCTGCGAAAATACACAGTGACCTCGTATTCCATTGGCGCATCTTAATACATACTCGAAGCGACTTATCAGTAGCTACCGTCCTCGTCAGATATATCTTTAACCCGATGCCGGCGCCTGGGATATAACGCCTCGAAATGGGGTAGTGGCCTGATCACAAACAATTTTCAGTAATACAAGCCTGGCCATCCCCTGAGGCCTAGCCTGGTACTTAGGGTCTAGATTGTACGAGGTTGCCATGGTCGCAAAGTCGCAATATGCATTAACGCACTGAATGGGTTTTACGTTTACTTGCGAACGCGCAGAAGCGGTAGGCTTAATATACCGGGCTTACACTGCCAGTCTACCTCGAGGGGACCGACGACATGAAATTGACGGACTACATAATGTTTAACTTAGGAAAAATCTGCAGCGCAGGGTGCGTCTGAAATCTAGTTCTTTGAGAGCCCAGAGCGTGTAGTCCCTTCGGACCTGCACTCTACGTGTTGTTCCCATGGTAGTGACGTCGACTTACAAGCGTCCGGAAAGGCACGGAGTTTGGCCTGGTCTTCGAGGGTTCACGATAAATGTTGTTTGTAGTATGCGTGCTCCAATGATGTAGGAATATAGATTTGGTTAAATTTAAATTTCCCGGTTCTTCGAATAGCTGTATGCATCGTCTTTATATAATATTCGTATACTTGCTGTGCCCAGATTAGGTCTGCCATTGTCTTTGGTCGCATTGCAATACTCTTCGGGTAACAGCCTACCATGCGATACGACAAAAACGCAATCGGGCAGTGCGGAGCCCATGTAAGCAAGCCAGTTCGTTACGCAAGCACCACGCAGCCGGTAGGCGGATCCTGATGATTTTATCAAGGACAGCAAGGCAGTTACTTATATCATCGGCAATAACCCGA,1027,47.32,Escherichia coli
SEQ_323573,GATGCTCTTAGATCACTACTGGCTCGCTTAATGAAAGGTTCCACCCAGCCGTACGCACACCATTTACCGACAGGGCCGAGTGAGTCCTTAACACTTCGGCTTGAGTCTCAATCGTGTCTCGCTTCCACCTAGAGGCAGATTAGTATCTTTTTCCCGCTCGAGAGATAGTCCCATTGTGGATATACGACCAACTACGGTAATGATGAACTTAAGAATTTTAGATCCAAGGCAGGGGGATTGGTACCTAGCGCAATCATGGCGTACATCGAGCAACCGCACTGGCCGTTGACCATCGTTAACGAACGACGTCTGATCTTTAGTTCTGCAGCACTTTCGCTCACTCCCAGTAATTGATGCAAACCGGGCATTGATTTGGAAGCATTACGAATCCATTGAGGTCTCCCGATCAGACGCACGCGTCGCAGGCCTACGGAACGTTACTCTCGCCCGCGAGAGAGATGAGAACCGCTAAAAATATATATCGAGGTGTTACTGGTTCTTTGCGTGGGCACGGTGCTATAACCGTCAATCACGGTCAAGAAATAACCCGACTCCGCAATGACTATAATGTGACGCAGATGACAAACCAAACGTGCCTTGGCTACTAAGGTCAATATAAAAGGTGTAGTCTCCAGCGGAGCCGAATCGCCTAATTATTATATTGGTGGCAGGAAATTTATTGACTGGTCACTCGTAAGTTTTGAACACTAAAGGAGAGAGTCTCCTAAGTAGTGCGACACTAAAGCGGATATCTATGTAGCGGCCGAAGACCCCACGAGCAAGTATTAAGCGGTAACGACGTGTGCATCTACTACACCCGCTGTGGATACCTGCGACCCTTAACGAACCCTCGGCGGCTAACGTTGCGAGCTCTAAGCTGGATCAGTAGGTATCCCGCGGTGATGCGTGGCATCCAGCAATAAATGACTCTCCATGCACGGATTTACTGCTGGTATGCTTTCTGCTCCCCTCATTGGCGATAACATATAACTCTACTCGATAAAAACTTAGCTAGTCGCAGCTG,1024,48.73,Saccharomyces cerevisiae
SEQ_240607,CACCACAAAGACATGGGCGGATGTTGCCCGTCGATACCAACTATGTAGTACCATACGATGTTCACTGGCATATGAGATGGAGTTTGAAGACCCGCACGTTGGAAAGTCCTCGAAGTCCGAGCTAAACATGTCTTGCGAACCCTTAAGTCGAACGGCGTAGATTCTCCTGTAGAAACCTCCCCATCCGACGTGTCACCGAATTCCGCTTTCCGGGGCATGCAAGCAGACCCGGAGCCTGGCCGTTGCCGCTAATGCGATTGTTCTATTAGGGTAGCCTTTAGACGCATTCCAGCGTCAATATAATCACTCGCCTGCTTCCAGTGAGGGATAACGGAGCAGATAAAGGATCCCAATAGGAATCCTTACTTGATCTCGTGCACCAATCGACCCATGTTCACATGGGCTCGTGTGAAGAATCATCACTCGATGCACATTTCGCCACGACGCTCGAATCGTGCACGGTGAGGCAATTGATGGGCTTGCTAACGTAGGTAGACAGGGACCTAATTGTTGCAGGATTGGCTTGCCTCACTGATCGGTGGTGGTACACCCAGCACGCTGAAAAGCTCCCTTCTGGTCTGTACGTAAATGAAACGTCTGTCGTCGCATTGGTATAAACACTAGATCACTGGTTCTCAACCGAGCAGTATGAGACGATAGTAGAATGTCCCCTTTGTCGATCTGACGGAACATGTTATTGCCTCCATAAAACGTAGAACACCCGCTGTTCCCGCTATTGCCTCTAACATCCTCTAATTGCACGTAGGCCCCAACGGAGGCGACCCACCCCACTCCCGAGGAGCGCACATCAAGACGTGGAGCAGCACGATGCCCCGATGGCGGTTGGTAAGCACATGGTTTCACGCTGCCACTGCTCTGATATGTTGAGGAACTGAGGAGTGGCATGTGCGTCAAGTTAGGTTCCCAGACCTGTGGTACGACACGGGGACACTAGTTGATTGATTGCGACTTGGTTTTTCATCAATGGGTATGTCGAATGAACGGATGGCTAACGCACGAATGTTTTTCAGAGGCTTCTGTGAGTGTCAAAGTAGACGTCGAAAGTGAATGGGCTTAGCGTCTCGTTCTTCTAGTTCTACTAACCGGAGTTGTAACACTGTCGACGT,1127,50.84,Escherichia coli
SEQ_318883,TGGCTAGCAGCCACGGGTTGCTCCGGAAACGGGTTCAAGGCCTCCCCAAGACCTGTATGCGCGTGATCCAGTCATGAGGAGCCCAGCCTGCCAAGTACATTGGTTCACTAGTTCTCTATTATCATGGTACATGTACGGTCCCGCGACGAGGTCTCTGAGACTGATGCCGTTCGGAGGGAGGCCTACGAATTCCCGGTCGAAGCAATCCATCCGCCTCCGCCGGCTACCACAGTGTGCATCACTTATAACAAGATATGGACCTCCGTGGAGAGGTCCATTCCACAGGGTGTGCGCGTAATCACACGGGGAGCGTGTCATTCTGGTTAACGCGGGTAGCAGAAACCCTCCCATTTTATGCCGGATGTCGAAGCTAATGTTTTTAGAACTTGTGGGAATTACGTTTACAAGGTATTCCGGTGACCTCCAGATGGACGCAACCACAAAGTCCAGCCTATAAAAAATGCCCCACAAGTCCTGTAGCGTGTACAGTTGAGCCACAGGCTTTCGATGGACAGCCTTTCATCACGCCCTGATCTCTCTCAACGATCGGCTAAGGCGCTAAAGAGGGGACCTACCAAGACGAGTTCACATGTGTGTCAAGCTTCCACTGTGACGAAGTCGAGCAGTAGGTCAAAAAACCATTTCCTACCGGCACAAAGGACATAATGTGGACGCAAGTAATGTGGAGACCGGGACCAGCAAACCTGTTCAGGGTCGGCCACCCTTAAACGCCACACAATT,741,52.63,Caenorhabditis elegans
SEQ_290981,GATGCGGACTAAATCATGATTAGTCGTAGCGAGGTGTGTCGCAGCTATTGGCCGCACCGCTCGAGAGCGTTTTCTCATTTGTTGCTCGGAAGACGGTGGGTCTGCCGCTGTTGTATGCCACGCGTGGTTTCCGGGTATTATAGCTGATCAGCCACATGCCGCGAAAATACACTAATAAGAAGATCAGGCTAGAACATAAAGCTAAGTTGTAGTTCGTGTACTGAACTCATTTGATAATGTACAAGCTACGGCTTACAGGATCTCTAGGCGCCGAATATGATGAAGCCGGTGGTATTAATCCGCACGAACTAGCAGCTAAGCAAATAAATCCCAACACAACGTGTATACAATTAATCCGGAATAAATCCAGTCGTCCGTACAGACTGGCCCGACCAATTTCAACGGCCGGGCCGTGACACACTTCCGAACCACATCGGCTGAACCGTCGTGGCGTACTTACATTTATCAGAATATCTATTTAGCTTCGTACACAGTGTACTAAGAGACGATGGGACACCTTGCAGGTCCATCTGGCCTTTACTTAAGTTGCAGAGGGGTTCAGGTCGATGGGCTTGTGGCGGGTACATAAAATGGCCCTATGTCTGGATCGGCTATCGAATTCGAGCTTGCAGAGGTGCCGACTTATTCAGCAGCATAATTTGATCATTCTGGGCTCGGCCGTGAAGGCAATAATTGGGCTTATAATGAAAACAGGCCAGGCTAGTAGAACCCGTTGGCCAATATACTTTCACCCACTTATTGTCCTCCATTGTCTTCAGTATGACCTACTTATGATGCTCATCTACAAACAACGAACAGCTATCACGTGCATAACGTCCTGCAACACCTCAACATACTTACCCGACATCCACCGTCTGTGGAACGTACTATCGCGCGGATTCATGGAATTGAATGGTTATGTTGAGAAATTAAGACGATAACTCTACCGTGTTATGTACATATTCACACGAGGCCAACTCCGTCATGCCGTTTTGCAGATTGCGTTACTAGAAAGTGAGATTCTTCCTATACACTGTCAGTGCCCTACGCATATTTGTTTTGCTCCAGGATGTAGTACACTATGCCTTACTCCCCCCAGGTATAATATACTTATGCCGGCTAACTCAGATGTGCATAGGAGGCGGTCTGTGTAGCGTGCCAGACGCCGCTATGGTGAAGTTCACCCTCAGACGGGTATGTAATCTTCCCGAAGCGTCGAGGTTTGCTACCGAACATCTCGAGCACCCCCCATAGAGGTTGTTGTCTCGGGCATCGGATGGTAACTCGTCTTCGTTCCTATGCGGGAATTGATGGTGCGAACCGCCCTATGATGTTTCCTCCTTTAACAGGGCTTTACCCGAAATGGTCTGGCGGGCCGGACCCATATAGCTATGCTAATTTCAATCTTGTATACAATAAACGCTTTGCTCGTAGATCAAAAGTCTTCTGCATCGGACTAGAGACATTAAGCTGAAGATCTGGC,1483,47.54,Drosophila melanogaster
SEQ_974595,TAACACGTCAGGGCCGGGTACGTATGCGTCCGCCATCGAGCCGCTACTGACGGCTCGTGTTGTTGTTCTAAGAGTATTTATCTGTCGCCCGGCGCTCGCCGCACGCCTAGCCATGGGCCTTACTCTCCATGCATCAAACGCTTAACGACGAGGACTAGCCGCGGCAATTCTTAAAACCGCAGTCAAGCTACGTGCACGTGTACAGTGAAACCTCCGACCTTGGACGTTTCGGAAAGCGAACTTGATACACATTTGTACTACGCGCGTGAGGGGATAGCGAATTGCACGTCCAACAGAGTTTGTGTTTGGATGCCTGTTGCTTTAGTTCCCGAAGTTTTCTTTACGTACACATCCCCGTCCAGGATGCGATAGCTTATGTAACCGGAGCTCAGGATTTTCTCTCTCGTTTGTGCGAAAAACGAAGTGGCAATGACGAGTGAGCTATCATTTGAAAGTCTGAGAACCCGGGCCGTGAGCAACTTGTTTCAAGTCAGACGGCCCGTTGGATGGTTATGAGTAGCACTCCCTACGGGGAGCACAGTTGGCCGTTAATACCAGGTTGACAGCAGTGCTCCCCCTGCCCGGGGCCCATAACTTGTTAACCTTTGAACGCCCGTGTATCGCAATGCCATTAGTCTCCTTAGTTGGCCGTTGAACCGAATTGTGGGTACACTTCTTAAGGAATTCTCTAAGTACTTCTACTCGGGTAGTCCATGCCGCGCTAAGTTATCTTTCCGAAGAATTCCAGTCGGATTTCCCTTAGCTAGATCGTGAGGCCTATAAATCAGTTTTGCCACATTAATACTTGATGCGCAGGTGCAGGATTGCGTGTAAGTGGCAAAATAAGGTAAGATCCTATATGGTTTAGAAGCGGCGTCTTATATATGATCTCTTACAACACGGGTTTGTCCACGCCAGACAGGGGAATATACGGTGGCGGACCCTGTGCGGTCTCAATATCCCTGATGACACAGATGCGGGCAACACGTATAGGTAAAATGTGGATACTTCCAAAGCCAGAGATCTACCAGAGGTAAAGCTGGATAGCGCTGGCTGTGAGCGCCCGTGCCATACCAGCATAAGGATACCGGTGTTAATTTTTAAGGTGTTGCATTAGGAGAATTATTCACAATGACTTTCCAGGATGAGTGCGTCCACGGTCCGGTTAAGCGTGCGGGCTGTCATCAAAGCAACTACGTGCATCTATGGCGTGGTATGCCAAACCCTGCGCTACGCGAAAACTGCCCTAACAACTAGTTCACCCATAGCCGAGATTACTACCACTATCGCGCTTGAACTGGGTCTTTACGCCACCTATCTCCCAGACACATCCAGTGTTTGTCCACATCAATTAATTTCGGAGTC,1365,49.82,Escherichia coli
SEQ_231518,CCCTACCTCCGTGGTAGGAGCTCCGGATCAGATACTAGGAACCAGACCCGCTTGATACAGAGGGGTTTACGTGTATACGTCAGATACGTATTATCAGCCCCGGGGAGACCGGGAGCTCTACTACTTGGCCGTCATTTGGACACACTCGGCGGTACACAAGCTTCCTTAGGGATTATGCTGCAAGCATGTTAATCTAATGAGTAGTGAAGCCGTTTCGGACCCTTCTGGCTCCGCAAGCTTCATATCCGAAACGCGTCGCTTGATCTAGTCTTAAGATGCCTAAACCTGATACTTGAGCCTGTATTCCAAATGACGGTTTCAACATTCCACGTAACCACCTTGATAATATAAAGCAGACGTACGTGCCCTTTTACAACTCCATACAATGTGGTTACGACAACTGTATCAAATGCTTTCAAAATTAAACTCGCCTTTGGGGTTAATGAGCACATCTCCTGAGATGATACTCTGGGTATGGACACAGGATGGACCCTGCTTTGCATGTGGGTATGCGAGGCTAGGGCTGATTATACGCATCAGGTTCACATAATGTTCAAGATTGGTCGGTTGGCCGTAGCTAGACAGTTACCCTGACTCGTCCCGAGGAGCTATTGTTGATGTTGTTCACAAAGGTTCAGGTCCCTTATCTTACATCTGACGTAACCGACGGCTCCTACAGGAGAGGATGCTAACCCACAGAGAGTGACACCTCCACTAATCATAATAATCCCATGTACGAGCAAAGAAGGGAAGTTAATAGACCGACAATCGGTGGGGTTTGCTGTGCCACTAGACGTCACCCGGTTGATAGTCATAAAGCGCAGCGTTGAATGAATATTGATCAAGCAGGTTCGAACGCCTGCATCCACATATGCTCCATGTCGGGAAGCCCCTCCACTAAACGTATGGAATCGCGCGACGAATTACTAGTTGCTGAGAGTACGAATCTTCGTGCCACCTGTGTACCCTGCTAAGGAGCAACGGTTTTTTGTCTGTGTTCTCTTCCGATGTTCCGGGGCCTTGAAACACTTGCCGCCAGGCTGTTCAATTTAAGTAGTTGCTCCCCTATTCATCCAATTTAGGGGCCCTGTGTCACCTGAGCGAAAGGCCACCTTCGCCGACGCTGTAAACAAGTCTGTATCTCAATTACTTTACCCTGCCTAAACTCGAGGAGAAAATGTGGCTGGGGCTTCAGCACTGCAATTCGCGGAGATCCCGAAGTTACAGACAAGGGCTTTTGTCGTTAAGTGCAACATTCCCCGTTCTCGGGCGGGTGCATACTCCTGACGCTCAAGCACAAAACTAACCAGCGACGAGACAGTGAGCCGTAAGCCCGTCTCTTGCGTGGGAATTACTGACCGCCCTTTCGGGGTCCTTCAGGCCGCTTAGGATTCAGCGCTCGCCCCATTTATTTTCGCATGTATCTTCTCTAGCGTCTAAAAGTTAGTATTTGCCAGTTCTACTATGCAGCCAATGGCCCAAACCCCCAGGATAAACTACCTCTTGGGTAAAGCAAAACGGGACTCATTCGCGCGGAGGATGTCCCTGCTACGTTGGGAACAAGTATGGCCCCCCCCATTGCTAATAAATTGTCATTATAATGATTGGCTTTTATCTACGAGACACTGAGCCAGAAAGCGCGGGGACAAAGCGACAATCAATGCCCTTGCACTGTTCAATACTCCCTACCAAGACACATCATTGACTGTGTGTTGGACTGTTTGTGTCTACGCTAGCCCGTGAAGTACGCACGCGGCCGCCGGTCGGCCGCGACAACTTTCCGGTACTTTCGGTTGATGTGAAAACCCTTGTCTTGTGCTACGTGAACCCTAGTGACACATCCCAGGAGATTATCC,1856,49.52,Mus musculus
SEQ_709930,TCTTTGTGGCTTTCGGTCCTCGCAGCGTATCTTGCTGATGCGGTAAATAGATCAAGGCATGTTGGTGTAGTATTTATCTCAGGATGAAACCACGACTATCGACCCAGGAACGCCCCGTTTGACTTATCGATCCCCCTCTCCCAGGTCTATTTTCCGAGACACATCAAGAGGAAAGGTGACTATATATCCTATGTAACACATGATTCCCCTGCTTCAAATTCGGCCCTACTTCCGCAGGTAGTAGCCGGCAACCGCAGACGTGTACTACTGAGGAAGAATTAGAGCAATTTATAACGTTCACAATAAATGCGTGTAGTATAGCACGAACGAATCTGTCGTGGGTGCTGAGTGTAACCTTGTGGGAAGACTGTCTGACAATACAAGTCACCTTGCTCGCGAGGGACAGGCATTTAGACGAAGGTCTTCAAAGGACGATCGCTAGGGCCAAAGTTTCTTCGTTGGTTCCGCACGATGGACATGCTAGTCTCCGCAGAGGGAGGTAGGCCGCTAGGTAAATGAAGCATATGCTTCCTAGGACGCGAATGCTCCTCCCGACTCCGTCTGATGGCTGATTTTTGCTCCTCTACAAAGGCGTATGAACGCGTGGAGTGGCCAAAGCTAAATGACCCAGGAACACGACTGATGGGCATCCCTAGCCCCTCTGGCTAACAGCCAACTCAGTACACAAAGGAGCTTATATAGGTTTAGTCCCGGCTCTTACTTAAACTATTCGAAGGAATTAGAATGTCCGGTTCCATGAACGTGAGGCAGCTTCCTGGGCTGCTGAGCATTCTTGCGGTCTACAGCGCTACGGTATCCTACAACCGGCACAATACTCTGCATGAGTAAAACGCAAATTTCTTACGGATACAATTATCGGTCACGGGTACCTAGTATGCTGATTTGATACAACTGCCCGAAATAGCTGCCGTTCTCCGACTAAGCGTAAGGGTGACCTACGTATCCTTGAATTCCTGCACCGACTTGCATTAGGCACGCCGTGCACTAGCCCAATCACAACGGTTACCTGTAACGGAAAACTTAGTGCGCCCGAAGGTCTCGAAAAGAGATATACTCGACTCGGTCGCTCTTCGAATTGCCATGCAAGCTACCTTTGTAAGTACGGGCAGGTGCATGGTATAATAGGCTTTGATCCTTATCCATAAAATAAACAGCCGCGTACCCCTAACAAAATTGAGGGCCTCCACGCATCGGCTCGTGTGCCCCGTGCAAGGTTACTCGAATCACGCCCTCGCTTGAGCATCGACTTTGGCCACTCACGAGTCGACGTATCTAGGCGGTATTGCACACAATGACGTATTTACTTCTACAGTCTTTTGCGCTCGAAACTATAAAGCGCGCTAACCCTGTCAAACTATCGTACAAAAAGATACAAACGGTGAATGAAGACCGGTAGCGTATATCCGCTTATAGGAGCATGTTAATCAAGCATGTCTCC,1459,48.73,Homo sapiens
SEQ_868710,GAGGATCTGTGCAGAAACCGCCATTACACCCCCTCGGCATCTCTCTCGGCCTTGGCCCGACTTGTGTACGTGGGCTGGAATGGCGGTAGCGAAGGAAATTTCCCCTAAGAGCGGTACCCAGTTAGACGGGATCTGTGCCATTACGGTTATGTCTTACGGTAGGGCAGAGCGCAGCTTGGGGGCTAAAAGGCATGCATGTAGTCCGATTGCCTTGAGTAAGACGCCAAAGTCCACGAAGGTAGCAACAATCATTTCCTTTATAAGTTATAACGACGGATGGCCCGTAGCAGCTAGTAAATGCCAAGGACCGGGTTTTTGTCGCGTGAGTGTTGGGAATCTTTGCGCGGGCATCTGTACTGTTACTGGCAGTTGACAAAAGGCGCTATCTTCAACGATCCTTTAGAACGTCTGTATTTCATTACTCACCTCTTCCCGTGTGCAGAATAAATGCTTGACGGCATACTCGCTAATGGACTACCTTGCTCCGAATTCTTTCATAAATGCCGTTACATACCACGAGTCCGCTTCCGCAGCTGCCAAACTGGGATCCACGTCGGCGAATAGCATGTAGACACGAGCTGAAACGACCTGGTGAAGCCGGTGATAGGCTCACGAAAGAATCTATTTGGTTGGGCTCCATGGATCATCCGGACCAGATCCCGATCTAGTCGGGTTAAACAAAGGCTCACTCCCATGTGCAAGTTCTCTATCACCTACTAAACTGGAGCTGTACTGTGTGATACTAGTTAATCCGTTTAGATGATCAATCCACCATCTCCCGCACCGCATAAGTCAGGAAGATTCCGCACCTGCTAAATGCCCGCTTTTCCCCCCTCATCGTAGTATAATGGTACGTGGAGAAGAGTGTTACACAACTCGATCGGAATTGTTGTCACTAAGACCATGTACGCCCCGGGGGAGAACGGTGTGCAACGGAGGTTTAGTTGTTGGATACTACAAATGTGACTCGGTAGACTTGACACGCCTACACCCCGTTCAATAGCGCAAATAGTGTCAGCACCTATGGCGGACTTACACTTCTATACAGAGAACCCTACCATAGAGGAAAGCCTTCTTGGCTCCTCGAACGCCCTCTCTGTTCGTCTTGCCAGTCTTAGGGAATTTATAATCTGATCCGTGGATTGGTTTACCCCTGAACCGATCGTAGTCGTGATTCTGAACGAGCCTGGTGGGGAACATCATCACGTCTGGCCGCCGAAATCGCAAGGCGATTGTGTTGCCAGCAAGATGGTCAGTCCTCCAGTAGTTCTGGGACCGTTTAGCAGGCTATAGAAGGTCACTGTGCTCGCCTCACTGTTTTCGAAGATTAAAACGCTTAGAGTTACAGTGGAGTCCCTAAAACCGTCGATCAGTTCAAAATATAAGTCGCATATGTCCAGGATTACAGATCAGTGCGTCAAGAGGTGGGACGGGGCTGTACACTCGCGATCTAATCGTGGATCTACATAACAGTACAAGTCGAGAGCACAAAACCTAGCTCTCAATTGGGCCATGGAATAAGGCCTCTAGGATGGATTGCGCGCATGCCAACGCGCCTCCTCATATCATTCGACCTTAGCCAGGCAAACGAATCTCACCGTAAAAAGGTCTTACAGCCTTTCTATAAATGACCTCTGTCGTCCCTGAGCGATTTACTACCCTATGAAAAACGGTGGTCTGCCGTGAAAAGACT,1693,49.56,Arabidopsis thaliana
SEQ_515983,CAGGCGCATTCTAAGAACCTATTCCCTCCGCATCTCTTTTGCCTTTTTGTCCCTATAATTCATACACGCTCTTCTCCTATGTACACTAGGCGAGTCAATCTGCGGTGGCATCTTTAGGCAACACCTGTTCTACCTTGCGGATTGCCTCTTAGGGAGGCACGCAGGCCAGCGAGTGCACCATCCGGACTCGGTAACACTTGTGAGCTAGTACGGCCCTGAAAGAACGTCTGGAGCGCTTAGCCTTATTGCGCATGTCCTTAAGCCACGTAATAGTTTTTAAAGAAAGCTTCTGTAAATGGCCGAGTGCACACATACTGATCACACCGCCGCCTCATGTATAGGCCCGAGGACCCTAGATATTCTTTGTGCAATCTGAGTGGAGCAATCATCTTATGCTCCTCTACGCTGTGTCAAGGCTTGTTTTTCATGCTCTTCCTACACGTAGTGCCTTCTGGCCAGGGCAGCATACTGTCATTGCATTGCAACGCACCGCGCTGAATGTTAATACAGCACCTCAGTATTATGAGCGTCCATGCATCTGTCCGACATTCCGGATTCCCGCTCGCCGACCTTAGTACGAAGACAGTGGGGCGATACACGTGCAGAGAATCGCACGTGACTCGTGTGGCTATGGGGTCTCCAAATTCGCGTTGACTCGAAGAACAAGCTCTGTTGTGAACCACTATCTGTCGTTACTTGAACTCTAGCGTGCCGGGGTTGATGCTCAGGCATCGTGTAGTTCTGTTAAGCGGGCACCTTCCAACCCATCCCTAGGGTGGTGCTCCGTGTGCGAGAGCTGGGAGAAGTTGAAACGATAATATAATAGGGAAGAGGGATGGCCGTGGCTTCATAACGGGCCAAGACAGACGAAGGATGTTGCGTTCGTACCCGTGATTTGGATGCTTTCACGATCGAACGATTTTTATGCGACACCGACCTCGAGGGGTACGACTTCGTGGTCGCCCTATGACTGCTAAGGAATACCCAACACCTAATATTGTGATAGGCACTGTAGAGTTGATATCACGTGCACAGCCACAATAGCGACGCGAGTTCGGATGTGATGTTGTGGTTCGTGCTAGCCACCTCAAGACTAACGCCGTGAGCAGCACTTTAGTGCATTTTAAGGTCCCGAGCAGTGATCTACGGGCGAATTTGTTCTACAAGCACACTACGTCGCAGCCCAAATTTAGTAGAGTTCCCTGTATAATCCCTTGGAAAAGTCCAAGCAATAATTCCATAAATTAGCTAATCACTGTTGAGGTGCGCGCCTAAATTCCCAAGTCGGTGCCAAGAATGAGCGAGTAAGTAACTTACCATATTTTCATTTCAACCTCAGTGTCTGTCCTGAGAATCCA,1358,49.56,Arabidopsis thaliana
SEQ_290616,TTAATGCATGCGGCGGAAATTTAAAAGTTTTCGAATGGATACAACCAGCGAGGGTATGCAGGGCACCCTAAAGCTTTTGGCGAGTCTGGAGCGGGCAGTCTTGACTCCAGCGTCCTTTAACGAGTTAGCAAGGGATCGATAGGTGATCCTTATTAAGTACTGGTCATGATCTTGGTAAACACAGATATCTAGCGCCCGGCCCTGCCTTCGACACCGCGCGATGTTAGGGGAAGGCTGCCGCGTGTCATCTGAGGCTTTCAAGGGACGTACAAGCTATTCGCGGGCACTTTCGCCCTGCCCATATGAGTCTAGAGTTGCTCTAGTATTTATAGATTTAAAATACGACCGTACGTGCCTACGATCTCAAATGATCCTGACTATACTATCAAACGAACCCTGCAACTCCCACGCTAGAAAGGCAGCAGGCGCTGGGTATGACGCTTTTCTTAAGGCGAGAGAGGAGCTAGTGTCAAGAGCTGATCGTTTCTTGGAAGCGGTAACATGTGTGGAGTAAAATCAATAATTATAAGCAGATTTATAATGGACGTGTACGCACCCACGTGGCATCTTCAAAGGTTGCTCGGCGGACCGCTCCGCCACGTTACTGACTAGAGGTCAGGTGAAGGAGCGAGTACATTCTGGAAGGGCGCCTCTGCCCGGAGCTGAATGCATGCAGGAAATGAGCTAAGGGAGGGAGCAGCAGAGATTGGCGGAATTAAAGTCATTTCTACTAGTTTCCGTGCAACCCCCCATCTCGCTGACTCAGCGATCACCCCTCTATTCCGTTCGTCTGCTATCGACCCGTGAGACCTATATGGTAAAGTCCATTTAAGGTTGTGTAGCGAACGCAAAACCGGTCCAACGATCAACGCAATGCTACAACGTCGTCCGCATGTGATGTATTATGTTTATAAGACAACCGTCATAAGGACAACACTGTTTCCCTAATAGGAGAGCTGCTCCGCGCGTGTCATTTAAGATCTTGGCAGCGGCGCAAATCACCACGAGTAGATATCAAGTGGGCGATCTGTACTACCCTCTTCACGATCCTGCGACGGACGTGCTTGGGTGATATATGAGTCAGTCGGGGAGGCGTAGAACCACTCCATTCGAGCTAAAATCATTCATGTCAATACAGCACTATGTACAAACTACTATAACGGCACTGTGCGAATACTACATTTACGTATCTGCGATGCGTGTATGCGGATGAGGCTACTAACTACCAGATCGTAGGCAGGAAACCGCAGTCTTGAGTAGCGAACTTACTGTCTAGCAATCGCCGTCAGAAGTCGACGGTCTGATGTCTGAAGCCAGGAGAGATCGGCACAACAGCGCGGAGACAATACACTTCCTGACGACCAGGAGTCTGCGCACGTTGAACAAATCAACGATCCCCCAAGAGCTAGGGCCTACGTGAAGATTGCCAAAGAAATGATGACTAACTACACATATGGTGCTTTGCAGCTGGATGGGCATCAGCGTTCCCGCAGGGGAGCGCCAGAGTAGTCTGGCATACCCTTTGCTTGTATAGTGACCGCCTAACACCGTGGACAACTGAGCGTCAAGGGGGCTGAGCAGTGACTAGAGTACATAGTATGCTGAAATAGGCTTATTGTGTGCACCCGGTGGACGAAGGATTGGCTTCTCATCTATCTAAGTAAGTTGCGAATATGAAATAGGGCAATATCT,1692,49.53,Arabidopsis thaliana
SEQ_271501,TCGATATCAGCACGATTGGTAAAAGCTCGCGTCTAACTGTAGGACAGGGGCGATCTCTCAAAGAAATATCTCGCTAAGCAATGCGCCCTGGATGAGCTG,99,49.49,Saccharomyces cerevisiae
SEQ_446822,GCTTCTTATTTGCTAACAGCCGGAGGGGCCCACGTATGAGCCTCAAAAATTAACACTGGGACCGACTCTGTGATAGTGTCATCCCCCCGGAGTGCAGCACACCTGCAATGTTCCCGGTACAATATACTTACAGGGGCAGGCCTGGTAACCCCCCTGTGAGCTTAACTCCTCGCGAACGAGCGCTGATGGTGTACACTAACCAGTCACTAACAATGATTCTAGGTTAGCTCAACGCGGTAGCACGGAAGCAGCCATTGGGTGAAAGGGGGAAACTGCTTGATCCGACAGGATATACAACGCCTATTCATCCCCACAGGCGTGACTAGAAAATGCGTCTTCGATATCCTGCTACCAAGGGGTGAGGCTTGGGCTTTGAGCGAGCGCAATAAGTCCTCGGATCGCCTTATCTCTCATTTAGACCTCGTCTTAGATTTCGTTTCTAAGAAGAACCATGCCGCTGCCCGCGGTACCACTACCACTGTCTGATAATCAACCCCACCGACAGGCAGTCTGCGTTCTCGCATCCTGGCCAATGGCGAAGTTCAACAGAATGAGTGGTGTGGGTAGGTCGAGTAATACTTAGGGTCGCTACGCCAACAGTGGAAAAAGACGATTGAGATCACGGAACGATTGTTGGCCTATACCACACATATCTCGCGTTAGCCAATGCCCACCCCGCTTCCAGCTCCGTACTAATCATTGAGAACCGTTTTCGTACCCACATGCCTGCGCGTAATGATGGAACGGGGCTGTGTGAACGGCTATGCTCCTGGTCAGCCAGCACCTGGATCGTTACTACAATTCAGTGAAACTCCGAGAAAGCCATGAAAGTGAAGGTTTTCGACCGACGGTCTCTGAAATCTGACGGACAACTCCGAAACGACAGACGTCCTAGGACGGACGCGATGTGAACACTTCATGCTAACACGTAAGTGGCTTTACAGTCAAGAGACGCCATGGTCAGTCAG,968,51.76,Saccharomyces cerevisiae
SEQ_288712,TTTACAAGAAACTACCCGTATAAGGCTCGATGCAGCTATCCCACGGGGTTTACTTCTGGGAACAGTTGTAATGAGTGGCTACAATCGCAGTCGACGGTATGTCGTGGGAAGACCCGCATTAGGGGGAAGCTATATGGGGACACCGAAGCACCTGCGGACGACCCGGTCTAAGAAGACGTAGAAGCTCTGAAGACTCTGCGCGTAAGAGGTCGGTACCGCCTCGAATGTCACTACACAGAAGCGCAATTAAGATTATGTCCCTATGAGGTGTCGCGCTGTTTCCACGAGTTAACTATATGCAGGCTACTAAAACTAGACCGAAGACAACAAATCGTAGAGTAGAACCGCTAGCCCACTGGGTACATGCGGCGATAGGTTCATATTCGGTGTTCCCCTAATTAAACTAAGTATTGGACCCCAGCCCTCAAAATCATTAATGCAGAAATCTGACCCTGCTCGCGCATGCTTGCCATACCGCGTCATGATGCGTCTTCCGCATGCTCTCATGGGTGGCTCGATCTGAAGAATTTGGCGTCATACCAGCAACGAAAGCCAATCCCCCCACCGCCGTCGCCCACGATATTCTTGATGTGACATGTGCGAACTACCTCGAAGTGTTAGCTTATATAGCTGGATCGAGGGAACCCTAACGCACTACGCTACCAGCAGCCAGGTGGTGGGATCTTTTAGTATGACTGAATTGCTCAATATAGAGTGGTCATAGAGGACCGATATACGTAATAATGTATGTTAACCACATGGTCCGAGATAAAGCTAACCCCATAAGCTCTGTGGGACATCGATGTATCTAGGCGGATTGCGGCGTAGCGGCTCATCCTTGCAACTTGGCAAGATGCCAGGTGCGCAATGATCGGTAAATCCACGAGCTGTGGTGTCAGATTAGACACAGCGTGCAGGTACCTTGTACTAGAGCTGGGGAAGGATGGAGGGCAGCAGCAAATGTCTGCACTAGGAGGGTAATTCAGAATCGAAAAAGTGCATTGCCCCAGGAATCTACTCCTAGGTGACCGATTACTGGAAATATCTGAACAAATTTTCTGAGAAGATAGTGTTCAAACCCAAAGAACGGGCGAATTGGACTTGCGGAGACCATCAGTGTACATTTCGAGGCGGTTAGGCTAGGATCTTGGGTCTGTAAGATCCCGTTGATAGGGCGCGTAGTAGTTTATTGACACTAACATCGTTAGGATAACAGTTGCCTAGAGAGGACCTGTAGTGGGAAATGACACGGAGTTAGTAACAGCTTTACTAGAGGAGGTGCGCACAGAAAATTGATAGTCCGTCTTTTTAGGTGCCACGGGAACATAGGCTCACCAGGCACGTGCCGACTAGCAGATTATACGACAAGTGTTGTACTGTTGTATTTAGGCACAGGATGCCAATCATTTTAGAGGTGCAGTAATTCCGAGCGTTATTTGCCTGACGATTACTTCCGCCATCCGCGCCCGATTGCGGGTCCTATGTGTCTGTTGGCGCCCAGCGAGCGCCGCGAACACTTAAGTTCACGAAACCGAGACGCTCTCTAGTATTGAGTCACCGAGTGTGTGTAGGCCTGGTGGCCCTCCAAACAACAAAAGTGACAGCACTACCATGATGACAAATTCACAAAGTCAGGGCTTGAGCCATTCCAAACCTATAATTCCCCGCCACACACTAACAGAGCGATGAAGTTTCTGCAGGTGCGAATCGTCGCGGGTTAAGTGCATTTGCTATTAGGTACACGTTTTACTGGAGGGTCTTTACACGATGTCTTATTCGTTATATTATTTTGTCGGTTAAG,1801,48.75,Arabidopsis thaliana
SEQ_215481,ATTACCCTGCGGTGGTTTTTGACCCATCGGCGAATCCGGGTTCGTAATAGACTCGCGAATATTGAGGCTCCCCTGGAGACAGTACTCGCCTCCACCTCCAACAGTCATGGCTGTAGTCCATTCTTTTTTTCACTAATAGTCGCCGGCAGCAAGGGGGACGGTAATAGGCAGAGATTCGGAAAGCGGCTCAACCATAGAGCACAGGACTTCTCTGTTTCTCGTTCGGACGGGGTTCTCCCCAGGACCATCGTAAATTTGCAAGCTGTTCGGACTTCGCAGTGCACTCGTTACCTTTCCCGGAACTCCGATTACGCAGGTTGAGGGACGTGCTCTTAGATGATGATAAGGGTTGACGGATGTATCAGCGGGGTATGAACGATAGCCGAATGATCCTGTTCTGTTTCTGATAACCAAGAAAATCTGCGTGAACATCGCCCTTACACCTGAGTGCGTGATTGGAAGGTGATCTTGGGAGCTCGCTCTCGTGACTTTGATTATCGAACTACATTCGTCTGTCAGCAACGTCGGATAACTCCGTTTTTTTGGATGCACTAATGTCTTACGCTAAGTCTCCGGCTAGCCGTTTTTCTGTCTGGATTAGTGCCGAAGAGCAGTAGACTGGTCCACCAACAAATCGCACTGCCATGCCCGGGCGCTATATGGCGAGTCATGGTACCTTACCAAGTGAGTCTTGAAACACGCTTCGGTACTTGGTTAAATTGATGTTGACGGATCTGGCGCAAGAGGAGAGGCGCTTTCGGCGTACATGAGTCTCATCCTAGCGTGCAGCTGCTTAGACCCCCGAAAGGGGCAACCAGCTTGTAATGTGTCCGCCTGGCATGGACATACCTCTCAACGTGGTCCATATGGGAGTGTAGTTTGATAAGAGAACACATCCAAGACGTTCGGACTCACTCTGCATATATTATACTAACATATCATCTGCTGACGCCGTTGGTGCTGCAAATCCTCTAACATGCCACATACGGCAGACTGGAGCTTGGCTGCGTCTAGAGCTCATTAGCGCATAAATACTGGTGTTGGCCTAGCTAGTAATATTAGGCTGGGACTTCATGGAGGACCTCCTGATGATTATATCTGAGTACCCTTCGAGGCAGTCAGAGCCTCTCTTGTGCGTTAAGATTGCGCCCGCCTCCTGCAGACCTCCGCCACTGATAGCCTTGTCCTCGAGGCTGCAGAAGCAGCAGCTCTCTCAGAAGTCAGAGTTAACTGAATACCGCAAAGAAATTGAGAAAACCGCAACTCTCGCAGCGGGGGAGAGCTACAAAACTAACCGGAGAGGCTAATAACGATGACGAAGCATAACATCTCTAGGAGTGTCCAGGATTAGTGATCTCATTACCTGCTGTTGGACCCCGTCCTAGAGTCAAGGCTGAAGAAAGATCGTTTCTCCGGTGTGGAGCTTGGGCTTAAGGACGTTATGCCATTCCCTATAGAAGAATAGGCAGTCTCGGGCAGTTGAGCCTCACTGGCCCCTCAGATATGTCAGGTGAATTCCTATCCTTATGCGCTGCGGCAAGAGTGCCGTGGTACGATCTTGTTGGCAACAGTGGTTCGGCAGGTTTCCTCTATATATGTACATAACTCGTTGAACCTCGGTCAGCGAGTCTATGCTTTAGAAGAGTCTGGTTTGAGTTCAGAGACATTTGGTCCATTACAGAAGTTTGTTTATATAAGCCTGCGTAATGCTAGTGCATGTTCCGAGGAACAGGTTGGTTGTCGTTCCGCGGCTTCCACGCCCATCATACTATACCGCATCGGACTCCCACAAGCTAGCACACTTCGCTGATTATGTGCCGTTCAGTCTGTCGATTCAAGCAAAGGGCCTTCAAAGCGTTGGTTAACGAGGGATGTTTTA,1879,49.92,Homo sapiens
SEQ_899341,TCACGGTCAATTCGTGGATCGCTGATGCCGCAACGCAAACCTGCAGCACACCATTCGGACCAACAGGTCTATAATGAGTGTATGTCAGACCTTAGCGTCTGAAAGTAGACCGTCTACGACAGCTCCTGCGCGTCTCACATCAAAGTAAGCAGTATTTAAGCCTGCCAAAGGTGTCCCACAGACTCAGTCACAAGTATGCCCCGCTATGACTTCTATAAAAGTTAATTCCCGCCCGATTATTACCAGGGCGACATCGGTGACGACGTGGAAAGTTGCTCTGTTATGTTCTATTCCGGGTTATACATCATATGACGTCTTACGAGCGGCAGGCTGACATGCGATCAGTACCACTTCGAACTTTCCCCCAGGAAAACAGCTTCCGCATGTGGCCAACGAACCTGTGGTCGGTTCGCTCAAGCGACTCACCGAGCGAGGTCCCTTTCTAATCACAGTGCACCCTACTAGGTGACCTAACTAGGCGACTTTACGTACAGTTAAGTTAGCCCCGGTTTTGGGATCTAAAGTCAAAATCGTAGACCGCAACGTTACCTCGTGCGGGATTCCCAACTAAATTCGTCGAATCAACCTTACCTTTAATACGGTTTCGCTCCAGATGGCTAAGGGCCCAGCGAGAGTGTCCAATCACTGTACCACGGGGCTCCGAAAATCTCGGCTGCTCTGTAAGTTTTAGGACTAGTGCGATACTTGTCCGAGACGGGAGCCTGGTTTTAAGCGCGAGCTGGAGACGAAACTCATTAGCGATAGGGGCTTGGTTAGTTGGGAAGTACCCTACACGCCATCAAACGCTCGGTCCAGCGGGTCTAATCAAGATTGAGCTCGTATAAACTTCTCTGAAATATTCGGCTCGTACGGCTAACGTGCGCCCTTTAGGCGCTCATATAGCCGTAGGATACAGCCGCTAGCTTCTTGCAAACCCGCATTACAGACTGGACCCAATCAGTAACACTGCTTCGTAGTGTCTTCAGTCGTGCGCGCCGCGGAGCGATGGTAATCAGGAGTTACCACGTTGATCCTGTTATCTGCGCATGTGCTCTCTTGGCCTCCGCTCTGGCGCTCGCGCTAAACAACCGTTGTTGCGGGGACGTCTTTACGTGAAAAACCATGCGTCGCGAACACCATCCCTTGTCTAGAGAACGGGAGGAAGGTTGGAGGTTTAGGTATTGGCCTGGTTCACGTAGTCGGGTAGTGGCAATCACGAGCAAAGGCACTAAGCTCATAGTATAAGCAATAGAGCGACGTCAGTTACCTCCGTCCACGCCGAGGTGTGCCGTGTTAAACGGTGTCGAGCATCTTTGAACAACCATGAAAGGGTACGTAGCTTCGGCGGTTTGTAAACCCGATACTCCACGCGGCCTCGT,1379,51.56,Homo sapiens
SEQ_417567,TTTCTAATGTAATCATTTGGTCTATTGTCCCGATCCGCTCCTCTCATTGAGTACACCCACGGGTGATGGTGGATGGTCCGAGCAGCACAACCGCATTACCGTGCGCGACGTAGCAATACACCGCACGGCAGATTCGGAGGGGGCGACATAGAACTCATGTTCGTGAATAAAAAATAGACCGAGCAAAGTGCCATTTCGCGCCCTATGCCGTCAATCATGTCTCGCAGGGCGATGTAAACCGTTCTGTCCTACTGTTCCAAGTACAGATAACTGGCTTGGTGTATACAGTAGGTCACCCTGCCTACCTTATTTCCAACGTCCCCTCTTTGGATGCTCTAAATGTTCTTGGACCTTCACAGCATCCTACTAAGAGTAAGTCGGCAGGAAGTCTGCAGATAGATAGTCGAGCCGAAATCATTCATTTACATCGTTTAGCTCGTTCTGGCACGAGGCTTTGGTATCAGAAGGTTCCGTGTATATCCGCTCGACCCGTGCTCAAAGATTTTCTAGCTGCCGGTGGGCTAAGCGTATCGGATAAGAGAAGTCAGAATGTCAGGCCACCAGAAGGTGCTGCACAATCAACATGAGCTAACTGTCACTCCCCTTTCTACCGCCGGGGGTACCGTCTCACACGCCACATTGCACGATTCCGCCTCAGGACATTGTCGCAGATCCATATATCGAGTCACTTTCCACTCCCATGGCGCCAATAATGCTACCTTAACCGTTGCTTCGGATGTGTTTAAAAGCGCGGCAGCGTTCAGTCTATACCCGTGTGTCGAGGTGTAAGTTACCGTCCTTCATATTCCGTGTAATCGTCTTTGGGTCTCCGAACGAGCTTTTCACTCTATTGCGGGGTCTCGATAATCAAACCCACGCACCCATCAGGTGACGTACTACGTTACAACTCCTTGGTAGAGGTGGATAGATCTAGAA,936,49.79,Homo sapiens
SEQ_744651,AGTCTAATACAAGATCGTCGGCTGGGAGCTTAGGAGGCAGGGCTGCGAAAGTTGGTACCGACCCTCTCGCGGGTCACGCATTATATTTGTCGTAGCGGCTCGGATAACGCTTACGCGGCATTCCCCTGGAGCCATTTCTTAACCAACGGAAACACACGACATTCCCCTGACAGGTCCATCCTCTAGTATATTTCGCACATGTTTAGGAGAAACACCGACGCCTAAGTTTTCCCACAGTCAGGCACAACGACCGTTTACGGCCTATCAAACTGGTGCGGCCGTATTGTTTGAGGTTGTCATTAAGCGTAACTCTAATACTCACGAGTGATGCAGTTCGCACTGTACGAGGGAGTGATCGGAGCTCATGAGCATCTCGCCTATTACAACAATTCAATAATTAAAGGGCCACACGGATATCTTAGCTAATCCGGCAGATCTAGCTGTGTGACCATGATTAGCTGACCGTTTATCACGAGACTCCGTGTGCCCAA,491,49.69,Drosophila melanogaster
SEQ_579305,GCAAGGGGACCAAGGTCGGCGGCACCTCTCTTTGCAATGTTCAGTATAGCGTGCCGACCGAGGTTCGCTCCCATTCTGGCCAACGTTTGGTATTAATATAGGGGTACGACAGGGCTTCTTCTAAATTTTGGGCAAGGCGTGGTTATGTTTAAAGTCAAGTACTGATATTTCCTAAAGGCTATACAGGCAGTTACATTGTTCAACTTATTCTAATACATAGGTGGTGCTTTGTTCTAGTGCAGTCCCCCAGTCAATTCCGACCTCAGCCTGCCAAGATTAGATGCCGTAAATAGACTGTCCTGACAGCAGATCCGTTTTTTATCTTCCGGTAAGTATTACATCACGCCAGTCATTTCTCGCTCCATCGATCCTACCATCAAAGAGCTCACGCTTAAGCGCTGGCGCAACTATTATAGACCTAATAGCACCTAACGCGTATAAGTACCACTTATGTAACGGTTGGATTGGCTTATCACTAGTCATGCTCACAAACCTGCGGGATAGTTTGTCTGATGGGTCGTAGGCACTTATGTCAAATACGTTCCACTTACACGAAAACGCACTCACCGTAGAGCATTGTTTAAAAGGAAGAAGTGGGGTTAGGCACCTAACAGGCTTTCGGTTACCCCGGAGTACGGAGGCCGGGGGGGAATTCGGTGTAGGAGCAACCTGAACTAGAACCTTCCGTAGAGTGTGATGCGTATCTTGCCTCAAGAATAATTAATTGGAGTAATTGAGGTGCACACAACACCAATCTAAGGCGCCCAATCCATCAACAGTAGCCGAGCATATTAAAATGAGAAGACGCTGAGGCCTATCTTTTGAAACTCCTATGTTAGAACCACACTAACTCATTCGCACACAATCGAGCATTGGTGGTACATTAGGTGGACTGCGCAGCTCTAACACCAAACGAAAAGTAATAGGATCTGGGCACGCATCGGTGCCCAATATTATTATGAGTACTCGAAGGTTCTGATGAAACGGTCTCATCTTCGCACGCCTACGAAGGTCAGTCCCCGGACATACTACATTGAGCGAAAATCAAAAAGATGAGCTTGTTATGCAAGATAACTCGAGTGTCCGTCACAATTTACTGTAGATGACAGTCGTAAACGGATACGAGTCTTCAATGCAGAGGCTGGCGTTGTAGCTGAACAGTAGTGA,1167,46.1,Saccharomyces cerevisiae
SEQ_710712,GGGTAGTTCAATGGGCGATAAGACACGAATTCTTCCACCAGGGTTGTCGGCCACGGCTAGCGTTAAGACATGACGAATCTTGTGTGTGCAGGATAAGCCATAGTGCGGTCGCAGGGTCATGCGTCCGCACCTAAGCCACGGCATGCTTAAAGTGACGTAAGCCCTATACCTGCGACACTACAGACGTCCCCCAACTTGATACTTTCTTTCTCGGTACGTACTAAACAATTCAAATCAATGGGGCATTTCACACCGGAGGCTCCTCACGGAGTAATGTTACCGGCCTTTTCGATTCCCCGCCGATAGTCGAGATGTGCTCTCTAAATCCCACCCTCCTTGAGGAATTGGCGGGATTGCTTTGTCCATAGAATTCCTCGGATCAACGTCCCCGGTATACTCCCGTGACCTTTCTTGTAAAGGTACGTTAGATTTGTGAATGTTTGTCGGCCTGGCTGAGCGACAGAATACGTATCCATCTGCCTCTCATTATGTGAGCTAACAGCGATGTGTTGTCTCATTGTACAGCTATTCGGAACCTAGATATCGGTTGAATCCTGAATTAATCACATTTTAAGGAAGACGCCGAACGGGCCTCTATCAGATGAAGCTATCCCCACTCAACACAGTATGACGGAGGTGTACTGCATGCGTATGTCGTCCCATACTACAAAGGACCGTCACCCTTCTAGCAACAACGGCGCACACGTATGTTTGTGTGAGGTGGCATCGTGATTCCTGGCACCACTCCGTTGGACACCGGAATCTGCCATAATTTTCGGATTCGTATAGCACCAGGACTATTCAGCTTGACCTTGAGATTGACTTCGAGTTCGCAGACTGACGTGCCGGGGCAGTACCAAACTTGTTAGGTAGCACGGCCCAAGCAAGGGACCTGTCCTACTTCTTGGAGTCCACTCTTATGGTACTGCAGGGCTAAGCGATCGTCGTTTCTGCCCAACATCGCATCGATTCGTGGGGCTCTACATCAAAACGGCAAGGGGCATGAAAACATTTGTACTGTTCTTCTACGTGCGTCGTGGGGACCGTCAAAACGCAGCATGCGAGACTCAGGGACGGAGGACAGCAGAGCTCAGTACAAAAACCTAAGAGCTTCTGCGATAGGATTCTATCAAACTACTCCCGTCTTCCAAGCGCGTAACAGCTACAGGTTTAGTGCATAGGAGCTTCAGTCTGACCGACGGCCACGGCTAGCTTTCGCACGTAGGGAAAAGTACACTTGTGGCTCGCGTGGTTGCGATAGAGACTCTTGTTGCTAGAATATACGAGAACAGGTGGGTACGTGCCAGGCAGCTAAGCTCGTCATGCTAGCCCGCTAGGATCCGACTCTTTGTCTGGGGTAAGACGCTGACAACTCGAAATCCTGTCCAGTCGAGCGCCTACATGGGGTGTCGGTTCAGATATTGATCCCTAGCGATGGTACATGAGTCCCTAGTTAGCTTAATGCCCGCGGATTGCCGATAGTACCGACGTGTGTTTTCTTGGTGGACACTAATCTTCCTTGATCATCACCGGTAAATTTGTCTATGCATATGGTTGCATCGTGCTTCGCATCGTGTTCCGTTATCGAGCTCTATCCACATATCGTCCTCATCATAATCCTTCCTTGGCCGCGAAAGATACTAGCCACATAGTGGTTTCAGCGAGAACAACAATGCACTGTCGTACGTAGGGCTTGGAAGCTCCTAATTATGTTAGGCCACTTTCATCTATTGCGGGCATATGGTTATATTGCGTCTGTGACCGAGTTGATCAATACACTAACGCAATTACGCACTCCCTC,1801,49.92,Saccharomyces cerevisiae
SEQ_936086,ACCTCATGCATACTGTCTATAATAATATGCTCTGCCGGAGGGACATACCGGCGTACGTCCCTGTGCTAAGATAAAGCACTGAGAGTACCAAGTCCCAGAACTTTCCCCCCCTCTCTCGAAAATACATTAACAGGCGTCCAGATCCGTCATCTGTATTTTTTATGTCTAAGCTGTCCCCTAGACACGGCTGTGCTTCGTGGTCATGTTATCCCATACGTACCGACAACCCAGCGTAGAAAAGCTTCGCGTACCTTTGTTCCCGTGCGTGCATTGCTATACTATCGCGTTTCCCGAGGAGCTGGTCCATACCTGATTGCGGTTCACCCCACTGGATCTAGCGAGCGCCACTTTACTTACCGAGCGGTTACTCTACAAAGATGGTTATCTCACGGAGAAATGTCAAAACCTCGATAGTGAATGGTCGAGCTGGATCTAACTAGCCTCGGATTCTCAGGTCGAGAACTCTTAGGGACTGGTCGTCCCGCTTCTCATCAGGACCTAGAGTGAATAAGTATCTTGATGTTTGGTGGCTGGCCACATCTTCAAACATGAACTTTGGGCATATTAGTTCGTCCGTTCGTGGTTGGCCACCATGAATCTTGACAGGATCATGCGCACCAGTGCCAGGCATTAAAACATGGACTGGATTTGTCTTGAATCGTCTGGTTTCAGTTGACTGAATAAAGTGGGGGGCTCGCGGCCCCCGGGGGACTCCGTGGAAGTACAAGAAGCTAGGTAACGTAACCAATTCACATTAGGGAAGATCATACCGTTGTCAATTTTGCTTGGCGCCCATGTCGAAGAAACGTAAACGATATGAGCTAAATGCTTTTGGACAGACGAAAAGCCTCGATTACACGTTCATGCAAAGATCCGTGAATGGACTTGGCGGAAAACATCCTACCGGAAACATCATCGCCTACGGGTTGTTTTCACCACCTGAAATTCGAGACCGCAGTCGTCAACCCGTCAGGCAAACACAGCTGGGATAAATGCAGAGTGCTTCAAGCGTACCGATTAGCCTATAAGGCTGTGACGCGTCCTCGTCTGGCTTGCACTCGATACACCCGCTTTGCCTCACATGAGCACTGGGCCTGGTAGACTCACAAGTTGTGGAGGGTCCTAAGAACTTTGCGAATCATTTTTGTACTTCATCAGTCGCAGTGGGCATCTTTAGAATCATATTAACCAAATGAAAGACTTAGTCAGCTAACATGCGATTCAGATCACTTTGGCCGGTGCAATGTCGGGTTCAATAGCCTCTCGGAATCACGTATTCTATGGGGGCAAGACAGCGGCTCTTACAAAATGTATGACGTTCTCATTTCAGGAGCCATTAGTATGGGCAGTTGGTTCAATCGATGATGGGCAAGTCGTACGCCGCCTATGGTTAGTCATATCTACGCACACAGTCCTAGGTCGCGGCCGCCGCACCGCCGCACATCAACACAGCTTCCGTTCGCTTAGGCTCAGAGACGCTACCTAGAACTTGTTCTGGCCAATACAGCTTGCTCGCGAAGTGTCCTAACTAAATCGGAAAAGGTAGCACCTGCTCCAATGCCTATGGTCTTGTTGGGGGCCGTCCTTCTCTATGCTTCGATATAGTAGGAAGTATAAAAACTGGGGGGCTGCGAGGGCATCAAACATGGTTCCCTAGTTATCGCCTTTCCCCAGTTTGCGGCTCAGAAGTCAGGTCTGAAACCTCCCTGTGGGTATAGTGCCAATTAATACTAGGGCGCATTAGGGTTGCAATGGCTAGCTAAGGCTCTGGTAAAGCAGATAGCC,1785,49.36,Arabidopsis thaliana
SEQ_622084,GTAGCACCGGGTTGGTTGCAAAGAGCACTGGGCGTCTCCCTGAACATGGACTTGAATCGTTTGGGCCTTGACCAGACAGTGGCTTCTTACACAGAAGCACTAGTACGTCGAATGGCTTAGTGCTTCCGGAGCCGAATCGACTCGCTAATATTGCGCATAGTAACATACGAAGCAGTAGTCCTAACACGAAGGAGCCCGTAGTAATGCATCCTCCACGGCACAGTGAAAGATAGGTATAAACAGGGCGAAGTTACACAAGCCCATTGTTGTGGGTCTCAACCTAGCACCAGTCCGTTAATCCTAGTTCACACGTGTCGCCTCCGTAAATTTGTGTAAGGGTGGCTCGACTGTCTTTGTTCCCCCAAGTGGATACCCGTAATCTTCCATGTGAGTTAGTACGCCCTCTTAGATAGCTCTATTCTGGCCTGCGCGCTCACTTTAGAAGACACTGCTATCGTGTTTGGGCGCATATTACTTGGCATCTACTCTCAGTCTGGTCTAGCTGATCATACAGTAACATAAGCAATTCTTGGACCAGCCCCCGAGGGAATCCAAGGGCGGGTACGTACCCCAGTGGGGCAGATCTATCTGTGCGTTTGAAGGCCACTGCGGGTCACGTACTATTCGCGTATACTGAGTCGAATTTCAAGAATTGTTGTGTAGCCAAGTGCCTAGACTAAACGGCGCGTAGATTGGGAGCTAATACCCAAGCTCCTGCACTGTTCGCGGGCATTGCAAGGATTTTCTAGACGCTTCACACGTTCTCTATTCGGTAAGATCTTATACAGAACGGTTAGCGATAGCTAGCATAATATCGTAGACGTTATACGCTGTCTGGGTCCCAGCCGGGCATACGAAGAGCAAACGACTTGCTGTGTCAGCCTGGTGCACGTGATTCAAAGCTCTCTCGGTATGTCGGGTCCTCCCTCCTCGACACAAGGAGCTGTTGATGAGCCCTACCACTCATAATATGTAACGAAGGCGCTGAATCTAGTCGATGTTAGATGGTCCGCGCAAAGTCACTAATTCCAGACCCAAAGGGTCAGTCGTTGTATCTTCTGTGACGAGGTTTTGATCGGTCACTCGGTTGGCTCGCCATTCTTCCGCTTCTGCGCGTGTGTGTTTTCTCATAAAGCCGTTAAGACTGTTTTGTCGTTTTGGCGATTTTAGACGATTCCTGCGGAGATTAGTAACTATAGACTGCGAGATTCTATATCTCGAGTCCCTCGATGCTAGGTTAAGAGTTATTCTGTGATCTTTACTTCGTTCAAGCGCGCGAGATTTTGGTATGTAGCCGTCCTCTGCGTCTGCAGTGGCTGCAGCATGCCTCGTGAGCATTTGAACTCCCGTTAAAAAGGCGGTCGTCTTGCTTTCGGTCCTAGAGGCAAGGTGGGTCATAGAGACATAAAGACTCTTCGATACTGGGCGATTATTAAATCACCTAACTCGGTTCGTGTCTATCCTAAAGGTCACGCCGTCACAGTGACGTCGACTATGAGTCATGTTGGCTGGGACTGGACTTTGTTTGTTGAGAGGCGTTCCTAACTTTACTTGTCGTAGAAATTTTCATTCAGTGTGCCGGACGTGTAGGTCTTATCTTAGCCGTCATAGTGGGGCTGGCTCCTGGGCCGCATCGCCTCACTAACTAGCTGCGCGCCTCTATATCTAAAGGCATTGATAACGGGAGGC,1689,49.5,Drosophila melanogaster
SEQ_205185,AGTGCCATATCTTCCGGGGAGATCACAGCGTGGTGGTGAGCCGCTATCCGCAACCCTCTGCATAATAAGGTGCGAAATATAAAAAAGCTCAATAGAAAATAATGAACGCGGTGGTTTTATTGTAACAATCCGCATCCGCTACTTACTAATAAACTCAATTCACTAGCGCACGGAGTATTTCGCTGTGTTGCCTGGCTGATCGCGTACCCACGACAGACACTGTTCTGGATACCGATGATCAACGAGTGTGTAAACGCGTCAACAATTGTCCTATCGTTCGGTTGACAAGTGCGTTAAAATAGAGTCCTGCCACGGTAACGGCCCAGTACAGTGATGCACCGTAGGCCGGCCCAGAGCGCGGTGCTGGGTTCTGTTTAGCAATCGCGGTGCCTTGGGTCTCCGGGACCATAAAGCTTGTCGGTACCGTTTGACCGTACGCAATCGAGTGATCGCCAATCCGTAGCAGTCTCATGCCACTGAAACTAACGTAGCCTCTGGCTATTGATCCGACCTGTAAATCCCGTTCACGCCTCCAATCTACGAGATGCTCATGAAAGCCGAGATACAACCCGCACCTCATCCTCATAACATTATGATGAATAATAGCAATATGCTCCGCAGGCTACTATACGGCGGACACCGGACTACGCAAACAGTTAACACCCGACGGATGCGTTTACGGCTGGCTCAATGCAAGTACTCAGAAGCCCGAGTAGTCAGCCCCGGATTATTTTCAAACTAATCCTCAAACCATACACTATAGTGCGTCTTCCCTATTTCCAGGGGCGGATGTATACTTCAGGTTCCGTTAGGGGCGACTGCAAACCGATACACGTTCTATTAGCGACCTATATCCAAACTCCCGTACTATGCGGAAACCCTGTTCACATCGTCTACCCTGAAGTATATACTATAGGTGAGTTCGAACACTTAGCTGTGTCTGGCCCACTAGGTGAAGTTGAAGCGGGGGTCGGAGGGTCGAGCAAGATTGGCTGCTTAGAACTTAGTAACTATCGTACCTCTAGTGAGCAAGTTACGTACCGCCCAGTCCAAGCACGCCAGGAATCAATCGAGTCAGTGGTGCTCCCTAGCTATGTACAGCGGCTCTAGGTAAAAGACATATAGTACAGTGTGTTTACCTGCTCTAACTCAATCGCCGAGTCATCGGTCTTAGTCTGGCAACTACCTACTATATTGTGAGGCATACTAAGGAAAGCACAACTGGCTTGGGTGTGACCGAATCTCACCTCCGAACTATCCGGAACGTCGCCCTACTATGTCTGGTGGAATCTTCCGTCCACGTCGTATTCGAGGCTGATCGTACAGGTTAGTCGGTTGTTGGCAGTTGTTTGCTGCGTGACAAAAGTGCATTGGGAATCCCTCTGTTACTACTCGAAAGAGGGACGCTATACTCCACTATTCCTATGGACAAGATATCTTTAGCTCCGTGTCAGGTCGCATACTTCGAGACGAACTTCGGGGAAATGTTGTTTCATATGACTGCGTTTGGCATCTGCAAGAACGCTCTGGTGGCTTCTACAGTTCTTAGTCTCTCTAGACGCACCTAGCTATCGGGCATCGACTAAAGTGTATCTGTCGCAACTATAGCCTGCTCACGCATGACTGAACA,1630,49.2,Homo sapiens
SEQ_481214,GACTTGGTATGATATAGGTGCCAACGATAACGTTGCTGGGTCGGTCTCAACATCGCGGGTAGTGCACCGGCCGGTGCCACGGCAATCAACAACAT,95,54.74,Arabidopsis thaliana
SEQ_970096,TTGTTACCGTAGCTCGTAAGCCCTTGAGCCCGCCAGAACTGGATAGGCGCGTTATAGTTCACACTGTCGAGAACTGCCAACGGGGCCGACGTGCCTCCACAAGGTGACCCGGGGCGGGTCGTAAAGCACTGGGCGATTCGAGAGAGCCAGACTTAAAACAGCGCCCAGATATGCTGTCGAGTTTCATTAGGCATGGGGATTCTTCGTATCCAAATACCAGGATTTCCATATTCGTTTAGGGCCAGACAGAATCTACATTATTCCTGCTCGTCCTATATCTCAGCATAACTTACTGGTCGTATTGGACACAACTGAGCCTGGGGAACCGATTAGTCCAACTCTCACACACACCTCTGACTTCCCGGCTAGTACTCTATTCTATCGTACTTTTGTTATTGGCAGATCGAAGCATTGGAGCTTAGGAATTTGCAATCGCCAGACCCTGCACAGTTAATGATAAGCTAGTGGTCATATATTTCGATACCCTTATGGCTATTAGATCTCGTAATCAGGCTGTTCATCCCTTAATGAGAGTGTGTTTGATTTCATATCGCTATCAGCCGATTCACCCTGCACAGTACATACGAAACTGACTGACGGTATAATCACGCGACCGCGAGCACGAATTATGTGACCACTCTCAGAGTTGCTGCGTGGAATTCGCCTCGGGACCCGTCGTTCATGCCCCTACATCCGCCGAACGTACCAACATCCCGATGGTTAGCGGACATAGTGATCGGCCCTAGACTGTGGAAACGGAGCACCCTATCTAGGGGCGCTATTTCACTAAATATGTTGCCCCGTCCGGCGTTACGAAGATTACTGATTAACTGTATTGTTAGCTATTAGTTTCCGACTCGGAAGGCGCTTATCGTTATAGCATTCCTCGACACTCAAATTTGGGTTAGGAATAAACCGCCTGGGCT,926,48.81,Saccharomyces cerevisiae
SEQ_416289,AACTCTTGATTCGGTGCACATGGCATGGAAGTGCCGATACTCCAGTGAAACATTAGGCGAAGGGGGTACACAGCCGCTTCGCGTGGAGTAATCCAGGTCGCTCCAGGTGGAAGGCTAGCGAGGGTCGATAGAGTCACTGGAACCAAG,147,55.1,Saccharomyces cerevisiae
SEQ_207018,AATTGTAGGGCCCACTTAATTTCTCCGACGCTATATGCAGTCGCTAGAACGTAATGGCGGATACCTGCGCGATTCGGCGTACGTTTCTTGTGGAGCTTCCAACCTCATTTCTACATAGTTTACCGCAAAGCAGCTTCTTGCGGAAGCCCACTATCTTGCCATTGACGAAAAGATCTCTATTCCAGGTAGAGGTGAAAGTGTAGCTAACCACTTTCTCGCGTTCTTGGTTCCCGCAAAGAGACGGGATATTTGACGGAGAGCTGCCGGGGAACTTCGAAACCGCTAGCATGACAATCGCCACACGCCTATCGCCGCAGGCTCACTGAAGGGAGTAGTACCTTGTGCCCGATGGGGCGGATGTGTCAAGAGTTCGTTTAACTGTTATCCCTGTAGGGGCAAGCCGCCGTACTAGCAATTCTGGGATTTTTACAATATGGAGTGGGTACCGGGAGTCAACTGATTTGGTAAGGTAGGGCGCCATTCCTCTTCTCAGACTTTGCATTTGATCCTCCCGGCATCTTACGCAACTTCAGTTAGACATTCAAATGCGTATGCATACTAGCAGAAGAGTATCGCGTATGCAAAGCCGGGGATTGCTGAAATGGAACACTAGTACAAGTTGTCTTCTGGGGCGAATACCAAGGACGTGATATGACTATCACTGCTACTATCGCCGGCTATAAGGTGCCTCTCCTAGTTGGTCAGGGCGCCGTTATGCATTTTGTGGAATCTTAGTCACCCCGATTATAGACGGGGATCACGGATTCTCAAATCTTCTCGCCCTTCATTGGGCTTTGCGAGATCTCCCATCTCTTCGGTCCTAGACATACAAGAACTGTTACACTCGTCTCAAAATATCACACCCGAAATCCTTACCCTAGCGCCTCTTGGCCAGCGGAATTTAAAACGCCCTAAGGGGTGTAGCGCGATTGAGCCGATTAAGCCCCTCCAACGCCAGGGAGACGTGGAATCGGCTCCTTGTTCTTATAACCGGGAGTATAGCCTTACAGGGAAGCGCGACTTAATCGCATTCGCCAACTGCGCCTGCCGCGTTATAGGAAGCATCAATCCACGATTCCCCAGGCCGACTCCAAGCGGAGTCACGGTACGAATTGGTTAATGTTGTAATTCCCCCTCGACACCCCACATACTACACACTGCTCGGTAAATAACCACACAAGGCAAGAGCAGGCGTGTTGTGCCCGGTAGCAAAGGAAGGACACAGAAGAGTTGTATTTCGAATGAGTTCATCGAGCACTCGACATAGCTCTGAATCGTGGCACAATCTCAATTACCAGATAATCTGCGCATA,1312,49.92,Saccharomyces cerevisiae
SEQ_163120,GCCCCGCATAACTGGGAAATTAGTCGCGACAGTGTCTCTTAGGTTGCACCAGGCCTCCCTGTTAGTCACGCGGAACGTGAAGAATTCTATCAAACGTTCACGCAGTAGCCTTAATGGAACACACAGTTCGGCCGTTCGGCGCGGGATACCAGGTACCTAATGAGGCATCCAAACCGCGATAGCCCGAGCTAGCGCAACCTTGTGGTAAATTAACAACACGAATTGAACGTGTGTCGCAACAAGTCGAACATAACACAGCTCTATGGCTGAACACATATCCCGAGAAAGAACCGTGTTCTGTTAAGCCTGCGTGGAGGCTGCCCGATGAGACTGTGTTCTTACACTTCGCCATGCGCGTTACTCTCAGAATCAAGCGTCCATAGAGCGCGTTGTATGCCTCAGGAATATTAAGGCTTCTTTACTTAGGACCACATTCTAAATTGTGGGTACCATCTTCTGAGTCTAGTGCTGCCCCCATCTGAATGTATCGTAAGACCTACGGCGGGCGGGGACTTGGAATAAGTGATGTAAGGAGAGTTCGACCTCCCACTTTGTCTGTGTTAGCATATCTGTATGCAACCTGCCGGGGTGGAAAAGCTCCTAGGGGTCCATTGATAGCCTCTCCAGAAACAACGTCCTTAATCTCTATTTGCTCGAAACCGACCGGTTAATCCATAACGGACCGCGTGTATTTTAAGAGCGCTCCCTGTCAATTCACCTGGTAGCCCGTGATGAACGCCACCCGCACCTCGAGCCGTGTCCATAAACTGAACGTGATTCTCTCCAGCATCCCTTGCAGCCGCTATCCGCCCGCAACTGCAGTCGACATAAAGGAAGTAGATCTGGACCAGAACCCTGCAGGATACGCAGT,871,50.98,Drosophila melanogaster
SEQ_246353,TCCGAATAGTCATCTCCCCCCTTTCAGTTGTTGTGTGCCCATGATACGCCTCTGGGCCTAACATATCAGGGCCGTTCCAAGTATTCTATCTGCTATAGACTTCGAGACCCCTACTCGAATAATCCCCAGCTTCCAGCGCGGGTTTTTTGGTCTGACCCTTGCTCGCCAGTCGCTAAGGAAAAAGTCCGCATATTGACCGTTCAGTACATCAATTAGCCCCGCTTCTTGTATTAGGGCGCACGGTGCCGGTTGAAGGTCGGCACAGTTTTTTTTCTCGACGTGGTACACAAGAGTAGTCCGAGCTCTTAGCTGGGTCGTAGGACTGGAATAGACCATGTCGCTCTAGGGTGTCGACTGGAGGGAGGAATTGCCGACCGGACCACGCTGCGTTCCAATCCTTTTCTAATTGTGGAATTCTGGACCGCAAAATCCTGAAAAGGGTAATATAGCACCTGTTTTCTCTAATATTTATGCATAGCTCCCCGGTATTGCACACTCGGGATTCTCGTCACTTTACCACCTCAGGGTCGTCTAAGAAGCGCACGTAGTACTGCGAAAGTCAATATAAGATCACGGCGTGGATGTCGGTTTGAAGGTGGGGGGGCTTCCGACGAGCAGGAGGACGGGCTACCGATTCTCTCTCCTTACCCCAACCTATGCTAACCGTATAAAGGTCATACGTATAGGGATGGTGTAAACAATTATACGCTTCCTGCAAGCCACAGTGATACCGTCTGGGTGTTCCGAGCGTGTTTTCTCACACACGCACCCACACACTATCGGTCAGGCCGAATTGTAGCAGCCCCTGTCTAAAACGGGTCTGGGGTTACCGGCCAGCTGTATAGCTACTATACCTACATCTATGTAGTCGACCACTAACCAACTGGGTGTCGATGCCCAGCACTGGCCAAGCCCCTAGATGTCTAGTGCCTTTCTGAAGTCATCCTATCCATTTATGAGCCGCACTGATCAGATACTCACAGTATAGAAAGGTCTAATTTGCCCTTACCGAAGGACTAATAATAGTTGTGTATAGCATCCCGTAAATCAGTACTCCTATCTCGACAGGTCTTACCCTGGATCGGCTGACGTGCGTTACGTGGACCAGTATTAATCGAGTCCACTTCTAGCGGCGAACTCAGCTGGATCAAGCTGACAGGTAGGCTGAGTTATTCCGAAGGGATATGATTCTTATGTCACATGACGAACTTTCGAGGAGCAAAACCCGATGAAAGGCAAACCAAAGCTATTCGGGGGACCCTT,1263,49.8,Escherichia coli
SEQ_325799,CTACTGGGCCGTTTGCGACTTAGTAGCTGTGGGAGCATTTAGGGTAATCTCCCTATCTACGGGCGTTTTCTGCTAGTGCTCACAGACGAGGGTATTGCAAAGGCCGACTTTTGAAATTCCACAGCTTCCAAGCATCCGCAGGGGCGCCCTGAACCGGGTCTACGCCGTTTGGAGATGGCCAGACCTGACGGCGTTGCTTTGGTACCTTCGAATAAGACTCGCAGTTAGAGAAATATACCTCCTTTCGCATCTTCCGTCTACAGCAGATCTCTTGCTCCGGAATCTCGAATCTTCCCGTCGGATGTGTATTGACATCCCAGGGATTAAGAGATCTACCCTTCCGCAGAAACTAGAGGAGTTTATGGGAACGCCCCCCCTAATGATTTACGTGATGGACGGGACTACGAGTCTAGTATATGTGGATTACGCACACATCAGACGGTAAGAGGAGGCTATGAGTTTCATTAGCCGTTCAGGTCCTTTTAACATGAATCTAGGAACGCGTCGGGGCTCAGCCCATCGACGGCATACAGGGGAGGTTGTAATCCGTGCAAGTCTCTGGCTTCCGGTCGGAGGGCTTAAATTAGCTTGGAATCCCTTAAACAGTTAAGCCTCTGACTCGCAGCCGCCTGAGCAATGTACTAGAATAGTCAAGGGCCACGAGGCGGGACTAAAATTCAGGAGTCGACAGTGAGCCATCGAAGCAGGAGAAATGAGCCTAGATGAAAACTATCAGCAACAGCAATTGAACAGGTCATAATATTTGCAGCATAGTAGGAAAATCACACCCCCTGAGAGATAACTGGACAATAGGAAACAGAGAACCTCATGTCCAGTAGCGATGGGTGAATGACGGTGATTCACCGAGCCAGACCAACTATGCTTGGCGAAACGTTCAGTATCCTATCGTCAGGGCACATTCTCGATTTGATTACCCGATGAAGATCGATGTATCAGCCCACGGCGCTAGAGAGCCTGTGTCTTGGTACCGAGCGTACAGACCTTGAATGCGGGAGATTTCGTACCCATTTGTGCATAACATCTATCCCCTCCCTTCCGTTCCTTAAACCTGACATAGAGGCGTGGAACCTAATCTATTTTCCTCGACATGCTATGGTTCGGAAACCCGGCTAAATCCGATGCGTTATCTGTAAGTGCTTCCTCAGTTTAGCCTGCCGCAGCCTCAAGGAGTGAATCCACCTGCGCCCTCTTGCCAGCACTGAATGCGGCCTACTATATTCGAGCACCTTGATCTACTGGAAGCGGGAATCCTGGAGTTCGTGTGATCATTTACCTCTCTGTGCAACC,1308,50.08,Drosophila melanogaster
SEQ_106075,ACGTGTATGAAATCTACGACACGCGTCTTATGCCACTAGAAATATTTTAGAGTAATTGAGGGGAGAGGAACTATTCATCGTCGCTATCGTTGTGCCGTGACAGGATCTCCAGTCAGCATGCATTGCGGGACAAGTGTGGTGAGTGTACGCCGTCGCCGAGTGCACCTTAATAAGGCTTGGTCCGGTCAGACTAGGACTCCGGATGAGATTATTGAGTGTCCAGGCGTATCGTGTACAGATGGGCTCCCCCGTAGGGAGAGTCGTGTTTGAAAGTAACACAGTTACAGCATCGACCGACGGAGGTGAGACTGTGTACAATTCCGCACCTGGGCTGAATCTCGCGGCACGCCTGCGGTACCCGATCATTAGGCACACGTTCTATGATCCGGACGTGATTGGAAAAAGGACCTCGCTACCTTCCAGTCATGATTCCGATTTAGGATGATTGGACGGCTTTTAAAAAGTTATCTAGATATACAGGACCCTGAGATTTCGAGCTCTGTTTGGGTGTGATCCTAATGACTAAAACCCTTGCGTCGGGGTTGGTATTTGCTACGGCTTCAGAGGCTCCTCTGGCGTAGGCTGTTAAGCGAGAGGGGATGGTCCCCGTGTAGCACTCCGCCGTAGGTTCAGAAAGCTTTAGGTACAAATTTCCAGCACGATCAAGTAACAATACGTTAGGATACTAAACAAGAGCACACACACAGATACTGTCCGTTCTCCAGGTGCGCGAGTATTCCCTAGTGCACCCACATCAAGCACGGTGTAAGGAAGTAGCTCCTACGGTCATAATGGGGGGGAGCTGTCATACACATGGCTCTACCTGACCGCTTCATACTGCGGCAGGCGGGGGCTCGAGTATTCGGTCAGCTCGACTAACTACGGTGGTCAAATCTGATATGACCATAATTAAACATCACAATCAGGATTGGGCGTTCTTCAACGAGTGTAGGCCGAGCTCTAATTCCATATCACACCAGGTGCAATGGACCCTAACCATCTATGTTCGTCTCGGAACTGCGCGAGGCGCTCGGATCTATGTGACCGCTATTATCGTTCTACGAAGGTCTCATCCCAAGTTACATCGCCGTCCGGAGGCGTGCAGATGTTGATCGTACCTGCGTCAGGCGTAAACTGCAGTGCGTCTGCTGAGTCTAAAATTTTGACAACTGTCGGGTCCCGCCAGCCGGGAGGTTTGTGAAGTGGCTCGTTAAACATGCGGTGGAGATATCTACCGAGTATGACATTCACAAGAGATCCTTGATTAAACACCGTACGCACAATGAATCCAGGTAAGGGATCCAGATTCCCATGAGAGGTACCGTCATAGTCGCAAATGTACCAGGCCGCACGACTCGGAATATCCATCTAGTTTCGCACTCCAGCCTCATTGGAAAGATTTGTAATAGGCCTGTCAGTTTGGGGTCTAATCTTCATACGTCTATGCTGAGCATTATCCCGACCGTCCTCTCCCTCTGTTCTGGTAATAATTCGTCCATCCGCGATATGCTCCGCCGATTCACATGCTCGCTTGACGACCGCTGCCATCAGAGTTCTGGATACCGTGACTCGTCAAGATTGGTGCCTGCCTCTACCCAAACACGAACGGTAAGTTTGCTCGACGCGACTCGCGATCCGGTCGCTGCCCTGATAAAATACGTTAACTTTGGACCAAGTAGCTGTAAAACCTCAGGCCCTCACCTTCATCAGAGCGCGTATGGCGGTTGTAATCATTAGAAGATCATTACGCATGACAAATTGCACTCCTTAACGGACATGCTTTGGTCGGGTAAGGCACAATGAAGCCATTGTAACAACGATATAATTTCGTTGCTAGCAACGTGTAACTCTAGAACGTGCAGTGTGTAGACCGACCACGTGCACCATATCGT,1892,50.05,Drosophila melanogaster
SEQ_899637,ATACTCATCGCTCCGAGTACGGCTTGTACGCGAGTCCAAGAAGCCACCCCATTAATGGCTTGGCACGGGAAGCATAGCTATTAGATTTATGTCCCGAAAGAGGGGGCAAAAGACATGCCCTGCTCTGTAACCGCGCATGCTGTATTCCCGAATGACAAACGTGAGTTACCTGACCGCGCAGTTCCCACAGCAAAAGAAGTTGTACAGCTCCGGTAGGAGGAGCGTACGTTAAAAATAGCTCGGACGCGTGGGCGGGCGTATTCGTAGGCCCGTCAGTCAACAGGCGTACGGTTGCCTCACATTTTGTACTAGAATCAATTAGGTTCGTGCTGTTGGTCTGCTTACAACGTCCCTCATCGGTCGCTACGTAGTCCTTGTGGTTGTAGCTGAAACGTTGTGTTTCTGGACGCTTATTCTTGGTTACGGTGTAATTGTAACCAGTTCGTGAGACAGCGAGTTCATAACTGGAATAGGGGGTAGGGCCGTCGCTCTCCGTGGAATGTTTGTTGTCGCCGGCAATATTGACCTCTACCCAGAAGCTCCAGCGCAAGGTGACAATCAATGTATGCTTCTCTACGGACAGGCATGTATACTGTTTTGGCCTCCCTCAGTTTAGGTACCGTTATCGGGATAAACTTTGTCCTATGATGCCAATCGCTATGGAAGCCAACTCGATTCCAGAATGTAAGCAGCTGCAGGTTGCCCGTTACAAGCAAATAATCACATGTCATGACTCCCTTTAAGAGGTAATTAGGTTTCGGAGAGATCTAGGTGGTCAGCGATTTAGATGGGCCCCTAACGTTAAGAGATCGTCCTACAACGTCGCAAAACTTTTTGCCACAAGAAGCCTTATAACGCATAGGATAGTGGTATTCGTCCCTCCAGTACCGGCGTCGCTTGATAACTGAAACACTTAATGACACTTGTCTGGGTGAGCAATGAACCTAAACAGTGGAGGGATCCCGGAAAAGTATCTGTTGAGATTGGACTCAGACACTACCCATTTCTTTGATACTAGCATCCGAGTATATTTGATTGTGTGGCCCGCAATCAGCACGCCGTGCACCGGGTAGCCACCCATTGCTGGCTTTGGGGAACCAAGTTCTTTAGCGTCACGGGGGCAAACCTTGACACAAAGGGCAGGTTGGCCTCGGAGATGCTTGGTCGGTACTGAGAGTTTGGCCACAATCC,1191,49.62,Mus musculus
SEQ_815364,GGGCTTGGAATGCATACCCCACGTTGTCTTGGGACGCGCCAATAAGTCTGGGTATCTGAACGTATGTAAGACTGCAACCAACCTCTCGCGAGTGAACGTGGCCGGAGCCAGATTTTTCAATTCGGTAACTTGGGCTCTGTAAGTGGAGACTCCGCTTTCTTGCCACATAGCGCCTAGGCTAGATTGATAATTCGTGTCCTTAGACCTAGATATCAGTCTGTAAGTTTGACCTCCCGTTTTAGAACTCTACGATCGCGTTCGCTAGTGTTAGCGTTGCGGCCAACCGTGTTCCCCCGTGTAACATACTCGCCGGTAGGCCGGAAGCACACGTAAGTGCCAGGGCTCCGACGTAGGCCAGTAGGTCGCACTGCAGCTTTACACTGTTGAAGCCCGATGGGCTATATGCGCTTCAAATCTGCGTTTCTTCTACCTTGTCACACCGGGTGTCAGCGTACCGCTACTGGGCGTGCCGTCAGTGAGATTCTCGGTGCCATCGCTGTCCATGTACGACATATGGGGATCTCCGACAGATAGAGTTGAAAATCACTCTGGTCTTCAACTCCTTGAGCCTCGTAATACTTACTTGTGGATATATATTTCAGGGCTTGCCATGCACTACTTTCAGACCTCGGTAAGCTAACGCACCTGCGGGTCGAGGTCGAATGTGGTAGATGATACTGTTTAAGCCCGTCTGATACGATAATGTTGCGGCCCGAGAACCGCACAAAAGCCTATGCTACCTGTATTGCGCCCTTGGCAAAGCGAGTGTCTTGCTCCGGACGACTTGGCTAATATCAGCAGCCACACCACTATTTATCAGGATTTCACAGACATTCCCTACGCTGGGATAGCAGGATCACACAGACTAAGGTATTCAGAATGACCGATAGCAGCTGTGAACGTTGATATCACGGTATTGCGGCTCGAGACATACTAAGACGTGTGATGGGGGGGCGTCGCAACTTTTTGTTTGTCTCGTGCTTTACCTCATCCGAGTTGACACGCGTTTTTGGTCTTGAGGTTGCTGAGCATTGCTGGAAGTTGCTGAGGCATCCTAGCACGAGAATAACTCCTTGCGATGGCGAGAAGTACGGCCTAATCTACGACGAGCTATGCGATGACCGGACAGGTCGTTGTGCGCCAGATACGGAAGGTTCTCTCGATATTCAGTCCAACCATGCTGGTGTCCTTTCCACGACGAATACCTAAGGCCACCAGAATAATCCTCCAAAGAAAACCATTTATCGAGCTTTGGAAAGACTTGTGCCACACCGGCGATGCATCGACACCCAGGATGCCCATTGATTCTGAGTGAGTTACCGCGCCATGGATTTCCTTCATCACAGAGTTACCACTTTCTGGGATGGCGCTCAAGTTAGACAGTCCACCCCAATGCCGCGGGTGCAACAACTCTCCGCGATACAATGATGAGATACTGGCCGGACGCTTTCACCCGCATGATGACTATGTTGAGTTTAGAAATGTGTCCTACTGCATGGGCCATATAGATAGTCTATCATTCGGTAAGGATGTCAGTTACATGAGTTGCCTGCTACCCTGGCAATTTTGCTCACAACGCCCCATAAGAAACCACTGCCTGGAATGTTCCGTTGCTGAAACTCACGCCTTTATGATGAAGTGTTTGTCAGCAGAAATCCTGGGGCACATACCTGCGTTCGGCCTAAAACAGCGCGCTG,1697,50.62,Saccharomyces cerevisiae
SEQ_906178,CTAGGCAAGGATGATACGGATTCCGAAAGTGTAGCAGCGTGCCTTCAGGCATTGACTTCTGGCTACTCCGTATCCTCATAGATGTTGTTAATATACTAATGGCCTGGAGCTTGTATTCCGGTGGCGCTCGAAATTGACACAGACTAGGGCGCCAACCTCAGTATGGTCTAATACATGTAAGGGTAGCCCCGGGGTATCAAGCGAGTGAGTCATGTACGTCCGCAAGAGGCGCACGCTAAGTAGAACCTCTGCGATCGCCAACCGCCACGCCTCTTATGAAGTCGAATCCTCCAACGTGTTACCCCGGTTAGCTACATGAATTAGAAGGCTAGATGGCAAGAAACATACCAGGTGATGGTCGAAGGCTTAAAAAGTTTCGAAATATAGACAACTGCGCGGGACTACGAGGTTTTTGCCGACGACAATGGCTACTAACAGGCCCGCAGGTCGGCGGAGCGCGGCAATGCTGTGGACACCGCACTGCACCCCTATATAACAGGCTATACTGGTGAAATAAGGAATGCAACCAAGTCATGACGCCGAAACGCATCCAGGTAAGAACGCACGCCAGGCTATGCGAATGTTTCATCAGTCATCTCTTAGCATTCACTGAACGTAGACAGTTCCAGTATACACTCCATGGCCGGGCCCCGGCAAAACGTCTCTCCGGGTACACATTCCTGCATCCATGATTTCACCACCACGGCACGGTCCTTTGCACGGTCTCAGATTACACCTATATGAGGCTAATTGCTGAGTATCGACGCGATTGCGCGTAAG,780,51.15,Escherichia coli
SEQ_123034,AGAAATTAGAAGGGGTCGTTTTCCCCCAGTGGATTGCTCGGCACAATGATCCGGTTCGCGCCCCATAAGGCCGTCACGCGGAAACAGGCGTTGAACTAGATAAACATTATGGCACATCCCCCCCCTGTTTATGAGGCGAAGCACACTGTGTTGGTTGTGACTACCCACCTTTATTAGCATCCGTGACTAACGAGCGTCCGATCATTACTGTGGAGGAGTCCCGATTATCTGACGTACCGGTACCCGCACTAATGATGTGAAATGGAATACCTGTATCTGAGGCAGTTTGGCTGTTCTAACATCTGGGCGGCCCGGCCTAAGCTTCAGCTGCCATTTGACTCCGTATCCTTAGGAGGGTCCGTGGATGTCTGGGTGGGTACTGACATGCACCGGCGCGTGTACTCCGTGGTCTCTAAAGGACACTCTCTTGTTGGGGTGATGCACGACCATTACGCCGATCAGTTTATCAGTTATTAGAAGGGCAATGTTCCGGCAATTGCTTCCAGTTAATCCCAACTGCCGGAGACTAAAATTAGAGCGGAGATGTTACGACACCCGTTTTTTCGGTGGCGGCCTCATTTGCTTACAGTGATTTGTGAGCATTCGGGGGGCTGATGGGTGAGTAAAGAGGTCACGCTCCGCCTCAATGTTTTAAAGGGCTTGTAGAAAGCAACAGGCCTATTGAAGACAGAGCAGATCTAGATGCAATGATCCGCAGACCGGGTGTCGGACATGATGAACCCAGGTTGGCGGGCTACACCATAGGTTAAAGCGTAACTCTGTCGGTACGGGCTGCACAGTAGAAAATTAGTAGAAGTGGAGTGTTTCGGCTTATTGATTGACTCAATATATAGATGACGGCTATCGGTCAAAGCTGGGTGCCATGATCAAATTCGTTACTCAAGCGTGAACAATGACCCAGCTAGCCGCCGTCGTAACTGAGACTCGATTTTAAGTTGTTTGGGTCTAGTGAATCCTAACCTATTGGGCCCGCCATAGGACGCTACAAGTTGGGGCGTAGTCGCAGCCATATGTCTATTCACGACTAGGCTAGCACGACGAAACTACGCGGTTGAGAC,1079,50.42,Homo sapiens
SEQ_642979,ATGCGAGAGATATTATATAGAGTTAGGCCCCTCGGAGACGCGTTATCTTTCTTCCAGAAAGACCACGGAGAACCCTAACCCAGAGAAGGTCAGTATGGGGGAGCAAGGACTGTGGGGGATTCCGATTGTGTCCCCAAGTTAGCTGCCCTAGACCAGCGGGCTCCACGCGCTAATTCGAATAACGGACAATCTGAAGTGGCTGCACTCCGGAGGTACGATCACCATGAACACTTCTTACTGACAATTCGCTATAAATGTGGCCAATCCAGGTACGGCGAAAACGATCGTTTATGCAAAAAGCATGGGAGGCCACATTGGCAGAGACGGTACGGTAGAGTGCACTCCATCCACGCGATATTGGGATCCTATTCAACGCGGTATGGGTAAATATCGTCAACATTTTTTAGCGCATGCAAGACTTCCTGAAGACAAGTCGGTAAGGCCAAGTCTGAGTGGCGTTAAAGTCATCCATCTGTCTTAACAAGAACTGCGTAGTGACGAGGGGAAGATGGACCGACCCCGGTGTCAGAGTTAGCGGTTGCCCACACCGCGGATACATCCTTGAGTCACAGGGCTATACGCGGTGAACTGTGTGTCCACTGGAGCTCGCAGCATAATGCGTATTAGCGCACATACCTCCGGTCGGCCAGGAGCTGCATAAATGGGTTCATCTTCTGTATTTTGTGATGCAACAAGGCTTACCCGAAAATAAATCCTGCCTTACTTATGCCTTTCCTGAACGCAAAGTCTCCGCTCAAGTTCCCTGTGGTGTGGTCACCCCTGGTCACTTGGACGCACTACGCATACTGGTAAAGAACGGATTCTTTAGCCCGAGACAAATACCCTCACTCTGAGCACGCCCGTCTTGCAGCAGTGGCCTTAGCACCCCCAAGTCGGATTGGGCTGTCCTGAATGTCATGTATCGAGTGTTGTGTCCTCCGTTCAAGGGAACGCGATCGACGCATTGCTTCGCTGGTTACCGGGGAACAGATGCACTTATCTTGATGTGCTTCCATTTTAATAGGCAAACGTGTAGATAATCAGGAGCGTTAGTAGTAGTACCGCTAACCGTATTACAGGCAGGTATCTGTATTCTCCATACCATCAGTTCCCATCTCCTAGGATAATGTTCGCTGTTCGACTCGTCCTGAATCACGTCCGCCCATTTCTCGCCCTCGATGGGAGCGCTAGGGGAAGTTACAGTCCCGATTAACACGAGAGGAGGCAAAGGGTAGATGGCCTGATACCGCTCAGCGTTGTTGAGTGCTATTGAACAGTTCTGGTAAAATGGGTCTTACCGGAGTCTTCACGGGTCAAACCAGGTATACAGTGGATGAAGGGCCAGCGGGAGGTTAGTATTTCAATCTGCTGTATAGAGTAATCAGGACTCAACCACTGTATTTTAAACCAGGCCGTCAGCGAGTTACGTTTTAGCACTAGGGAAGGGTCGAGTGTCACTCATGGTCGGGCGAGGATTGGAAGCGTATAGAGTTGAAAGAATGGACTGGAAACCACGATCATGAACATGTAGGTTGGGCGCGTGAGCGCGGCTTCACTATCTTCTACCTACTCTAGGTCATGTAATGTAGCATGGGCATCATGATGCCATAAAACCGCTGCCCTTCAATGGTAAGTTTAGCATCAGTGCCACACTAATCGCGTAACATTATGTCCAGCGGCATTGGAAAATGATCACGGGGCCTAGGGCTTATGTTGTCGCTCGTTGGTATCATACCCTATCGATGGGTGGTATTCTGGATGGTGCCAGAAAACAAACCCAAGGCTGGCCGCACGGGGTGTACTCTTCGATCTTCGCGGATTTCGCTGCTTTTTCGGGGCCAAGGCACCAAATCCTACACTCTAAATAACCGGCACTGGAAATAGGATGCAACCCGGGAACGTGTACGAGATCTAAGAACACATATCTTAGGGTGATATAATACCAAGGTAGATGCATAGGTGGC,1964,50.0,Drosophila melanogaster
SEQ_187394,TCGGTAGGTGGGTTGCAGTCTCGCCTTGAGCTCCAATAAACATTATCACATCGACACAGTCCTTGCTAATGTTCGCACCAGAGATAGGGTATTTAGGCAATGAGACACTAGAGTCGCGTGCAGCACGATTATAGCTCGACTTCTGCTGAAGGAATCAGGCTAGTTCCAATGCATAAAAGACACGTATGGCTGATGTAAAACACCCAATGCGCTACCTTCCAACCTAATCGTATTCTTGACTGTCCTGTGGCTGCCTGGTGTGTTAGGGTTCGCACTATTTCGAAATCAATAATGTTATGATGCCTCGGAGCTGAGAGATGGGACGCCTCGAAACCAGGCTAACGCGCACCTAGATGAACCAATCTATTGCATAGGTCCTCTATCAAACTGATTTGGCAACAATCCACGCAAGGCGACACCCTAGCCTTGTTAAATACACGAAACGGCCGCGTCGGAGGGGCAGCACAGAATGTTGCCGCAAGTAGATCGTGCTAAGCCCCACTCCACATGGCTGGCGTCAAATTATATATTCTAGGCCTTCTAAACCGCATCAAGCCTGTTGGCGAAGGAAGGAGCGTCGTATGTTTGGAGCGGCCTTCGGACAGGCTGATTAACGCAATTAGTAATTCGTCTGATCCAGGATACAGACGTTTTAGGTAACCGGCAGTGCGAGGTCAATCTGGTACTTGATCTGTACCTGATGGCG,706,49.01,Mus musculus
SEQ_625065,TTTAGATCCGTGACAGTAGTACGTTCCTGCGGGATCGCCTTTCGTGGTACCTTTCATTTTCGGCGTATCTGACGGGAGTGTACTCGAACCACCTGAAGCCCGACGAGAAAGCGGTAGTTAAACTCCGGATGCTTAAAAAACGTCCACTAGCCGGTTCGCAAGGCTGGAGCCGCACGCCGTCTAACGATTGGTGGACAACCGTTGTCCGTAGGAACCACAACGGAGCCTCAACATACATCATCCAGCTAAATAACGTTGCGGCAGCTAGTAAACCTACTAAAGCCAATTAGCTCATTCGTTTACGGCTCCATGTCATACCTATCCTATATGTGACACAACGTGCCGGCGATTTTCCTATTATGGGAACGACGTGGTCTACTGGAGTATACTTCGCCGGTGGAATTCCATATAACTTATCTAGAGCTTGCCAATGATGTAACCCAATTCTTCACTATCTTGGGTTAGATATCCCACTCGTCGAACTATACATTAGCGGAGCCGGTCGTCCCGTAAGATCCTCAGACTCTGCGGAATGGTAGATTGGGTAGTTAGGAGGGTTATACCATCGTGACGACCGTATTGCCAGAGCGACGCTGTTCTATTTACTCTGCTGCCAATTTAGGAACTTGTGGCTGGGTTCTTCGGAAACGTGCCATATGTGGAACGGTAATCGTAGTCGGGCTTCGAACATACAACCATGGTGATGTAGAGTCGCGTCTAGATGGCCTTGGGGGTATTCGTGATTCTATCCCTCCCTTGTTATAAGATGACTGTCGGGTTCAAAGTGGTGGCTTCACTTGCTTATGTATGACCGCACCGAATGTCATTCGAGTGACCAGCGGAACCGTTATTGCCAGAAGTTTTCGAATGGACCGACACAATGCCACTTATCCAGGCCCTCCTTTGGGACTCTCAAGAGTCGTTTCTGACCGAAGCCCGGTTCCGAACTGCGTCAGTGTGTTGCGTCCTCGGATTCTGAGCTAATTCGTCGCCGACACGGCTATCGGGATTGGAACGCTAACGGCTAAATTGACCGTATGAATAATTATCCCAGAGGCCGACTACGATGAACTCGGACGATTATTCACCTCTAGACTAACATGACCCCGAACGGTCACCGTATGTGACGATAGCGTCTACGGAAGGCTGAGCCTAACATTTCAAGCATCTTATATAGAGGGTTTATTTGGCCGGCCTTTTAACCTGGCCTATAATTATCGAGGCAATAACCCTCAGCAATGTCAAAAGACAATCCACATAGTGTCCACTATTTTACGTGATGGGCTCTTATGTCGCGGAGCTTTTAATTCATGGCGGGCCAGACTGAACTTCATGGTATCCGAAGGGCCCACGTAGAGCTGGCATTATCTTCAAGCCTTCCGCTTTTAGGAGAGTTAAATTTAGCTCACCCCGTATCGAAAGCGTGTGATTTCGTATGCAGGTGGGCATGGGTACATAGGTAGCGTCGAAATGCGTTACCCTGCTAA,1487,48.82,Caenorhabditis elegans
SEQ_723808,AGGGGCCTTTACAACTACGGAACTATTTCTAGATGATTCACCAGGCAAGATTCTCGTGGCATATCAACGGTTTAGTGGCGCAGAAATGACCACCCACGCATTTACTCCCAATTGTACCATTCCACTATGACTTGTAGAGACAACGGGAGCAGCTTGGTGACCAGGGCTCTTGAAGACAATTGCCTACGCATCTAATGGCAAACCACTAATTATTCTCAGCATCGGCGCACTCACTCAGCAGCCAGCCAGGAAATATGACTGGAAGCCCGTAGAGACCGTCTTCAGACAATGAAATTATAAATTTACTGGACTGGCGACAAAGTTTTTCAAGCTACGATACACTAGGGTTTCCTGCCCGCATGCTACTTGACTGGCCAGAATCTAGTCAGTTGTGATTTGAGTCAACCGACCACACTCACCTTGAGCTAACGGCGGAATCTAGGCCGGGACAAGGCCCGACAGAGATAGCTGGGAACTGAAACACACATTTGCTGAGTCAACGATGAGCGCACCCTTAGCCTAGCGAATCATATCACGCTAACCTTTTTGGTAGATTTTCTACTCGTGGTCTCCAGCAGCGGGTCAGCGTGTATAACGACGTTGACCGTATGCCTACAGAAGGTCTGCGTCTTGTGGGTCAAGGACGACGCCAATCACCAACCGATTAGCCATAGAGAACGGTCACGATAAGGGTTTTAGAGTTTCAGCTGTGAGGCCACCTACCGCTTTAATTCTCCTACAGAGGGGGGAGCAATGTTAGAGATTTTATAATGTTCCCAACCACTGACGAAGCTCCAGAGTAACCATCGTTGGACTATCCAGGCAACCTGTGTCGGCTACACCTCCACCCGTGTCGGTTTTCGGACCAAACATGAGGGCGCGATGACACAGTTTAGCCTTTAACCGTGTTAATGAACTAGGTCGTTGATCGAGAAACATCACGCGAATTTATTCGAGGAGAGTCTCGAGGTCACGTTTTTTGTGGAAACTAGCCCCGTATGGCCCCTTATTATTCTCTGCGAGCGATTCGATCTTGCTGCCTTATATTCACGCGAGCTCACTTCCGCTGGCGTCAGTAAGGTACATTCCCTCATTGCATATACAAAATGGTTAAAATCCGCCTACTGCGATATATTCAAGTAACAGGTCGCTAACAGCATGAGTACTGCGTCGTAGGTTGCACGTGACCGCCGGACCTTTCAAGCCTTGCTGTTAAAGATCGGCGTAGGCAATCGATCTATCATACTTGTTCGTAACTAGCAAAAAGGGAAGTCGAATAAGGTCCTCGGGACCCTTAGCTTGTGACCGCCCCGCCCCTATTATCCGACTACGTGAACCAGCGGGGTGGAATTGCGAGTGCGCATGGTATAGGGCATTTGCACCTCCACAAGCAGGGTTAACTAATTATGAAGATCGAAAGGAGCGTAACATTGCGATTCTGGCATTTGCCACTGATCATCAACCTTAAACCTATAATCGGATTATCATGCTGTCCGGCAGCATGCACACACCTAGCAGTGCATGGTCTGACAAGTGAGTATTATATCCCTAATGGGCACGACAAAAACCGTATCGACCAGCATAGAGGCAGAGAGGTCAACTAATTAAAAGTCTACCTCCCGGTAGCGAGTAACTGGTTAATTTATAGGAAAGCGGACATTGGGGCCGCCCCCTGGAAGCCGAACCATACAGTACGAAATCGTTCGTGAGACCCAAGCAACACCCGAACACCGTATACAACTTCTAAGT,1749,48.54,Escherichia coli
SEQ_586085,CATCACTTCAGAATTAACCCAGAACCCGCGAATTATTGCGTGATTCGGACGGTATGGGAGTGTAGGCACTGGTCAGTTAACGTGTCACAACTGGAGCGTGCAGCTAGGGTTTGCCAGGCTACGATGAGGATGGGAGGTAAAGTAGAGAATCCGCGTGACCGAAATATGAGTGAGAAGCCCGGACGCTATGTATACAGATAGGGGACTGGCATGTGCAAATCCAGTTAGGGATAGCACTCATAATTGTTATTCATACAGGTGGCTCCGTTTACTTCTACGGGTGCACCGGCATGGGGACAGGCCTCTAGAAGGTAGTTGCGCACTTTACCCGGGTCGCAATAAGGGTCCGGAATTTCTGGTCCCCCACGGCTCCGTGTTGCAATTGCGTAGGATGAGCTTATGTGCTTGCTAGATTGATTCGTTGTCGGACGGACCTCACTGCATCCCAGAGGGGTCGAGGTTCATCCTACGAGTCTCATTTAGGCCTGTTTTTTACGCTGGAGTGAATCAAAGTCAGATTGAGAATTGAATATCGTCTACCGAGAATGATCAGCGCGTTCTCGACAGCGTCTAACGTGCGATTATATACCATCAAACACGTTACCTAATTTAATAAGCATCGGTTTCCATATTCGTGTGCCTGCGATAGCGTAGGGCTGGACCCAGGGTGTGTGGGAAACCTAAGTCAGTTGGTGTCGTTCCCCTTGGTTGAAGCGTTATGTCCGTAGGTCCAGTGACCTGTGCATTTTGGCCTGCACAGCTTGTTGCCGAGGTAATCTCTGCCCGGTCTAATCTACAGAGGCGTTCGCGGGATTTTACAGGACCGTTACACGGAATAGATCACGCGCAATCGCACCTTGCCAGATCACGCGGTTACCTGTGGGTACAAAGGCACACTATAGGTAATCACTCCGATCTGTGGTAATCTACGCGGCAGTGTGTGTTGCCGTCAACGCTCGGGCCTCGAAATGCCGTTGAAGTCCTATCGCCTAAAATCATTCTAAGTGGTTTTTCCGGATGGATGAGGTTGAATAGTAACTTCTATCTGGGGGCGACCATAATTAGGACTTCGTTGTGGGAAGATCGTTAGGAGGACCCAAGCACAACATGTGGGTCTCCCCAAGGCTCGGCCGGTAATTCCATATTAGTTATCTCATCAGATGCCGCATTGAGTTTCTCGACTGCAGTCCGGCTGAAATAAACTCACGATCGAAGCAATGTCCCTGTTAGTCGCAGAATCCTAGTAAAGCTAGTGAAACGCCAGCATGTGACTCTCCCATGCTGGTGTTACGACTTGCTCAGCTCCGCATCTGGCAAGGTCGACGGTCAGCAACCCCGTGAAAATATTCTTAGTTTGACGTCAGACCACTTGAAATCAGTCTTCTCTTGCTATAAGAGACGTTGCAAAGATAGACAAAGGAAAAGGTTCGTAATAATTCGCCTAGGCCCTGTATTTTACGGGTCAGACGTGAGGATCGCGATGAACCGCGGCAGTAACGCCTTAAGCTAGCGTTCTGAACCTTCTACCGCTACAGGGCAGATTCGGCGTAAATTCGTCTTAGAAGGGACACCGGACAATTACATTTCACCTAAAAGTGTGGTCGGAATGATTCAAACTTCGTGCGCTCCCTTTTCTTCGCATCTAAATCGGGAAGCGGTGACCATCGCAAGAGTTGAGGATATGATGGGAGGCCATCTCCAGACATGAACCGCGCGGTGTGTAGATGGTCCACGGGGGTTACATATTTTCCTGGTTGCCGTTGCATGCTTACGAGAAGTTGAGGCCACCCCTTTATGGCTTCCTCAGATTCAGCTTCAGCCCGCCCGCTGGCTATCAACGCATAGAAGAACTATACTAAAGCTGAATCAGCGCCGAATACAGTATCTTTTTACGGAACAAATCCGATACTTTCAAGACATGGAGGTCGTAGGGC,1934,49.64,Mus musculus
SEQ_990581,GGCGACGGTAGTCCCACGAGTAAGAGAGGCCTGAACGCAAGGGCCCGCTCGCTCCGCGGACGAGAAGTTGAACCATCAGCAACATTCATATGCCAAGATCTTTCCGGAGATGTGTGCTACCCGTAATCGTTCGTTGTCATCGAACGGTGGCCTGTCATACGAGGGCACTAACTGATTCATACACGCGCGCACTAACTTCACGTCAAAGCAGCATCTGCAAAGCGGCGTTGTAACCAGTTGAGTACCAGGCTGTGAATAGGCATCCGCCTTACAAAGCTCCGAAGTCGGTTCAGGTTCCGGTCAAAGGTGGTCCTCTACATTCCCACCCGCCCCGAAGAACTATATTCGCCTTAGACGCGATGCTGTAATGGTCAAGTCCAGTTCGTCTTGTCTTATTTAACTCTAACCCCCACGACGCGAGGCTTAGTGATACAACCAACATATGACATACAGGGGTGTTTATATACCTCTGGGTCCAGAACGGAGTGGCCCAAAAAAGCACAGTATCTTGTGGCAAGGCGGCTGAACTCCGAATAATAGTACGTACGAGGGGTCTTCGTACTCTCAAGTATGAATCCAAGTTCGTCTCTCCCGAGTACGCGCTTAGATCGCATTATCGCTTCAATCGGGTTCACTTACAAGTGCACCGTATTCGGGTTGGGTGCCGTCTGGTATAAAGGCTGGCAAGTGCATGTTTTACCGATTACTAAAGTGGGATGGTTAGGACATCAAATAGCAGGATCGGGGTTGATGAATCAACCAACAAATATATCTACCCGATTGCTTGGCTAGGCGTCTCATACTAACGTAACCACTCGTACCGTATCATGTGTAAGTCCTAAACCGCGTTACAGGATCCGAAGCACGTCATCAAGAATGAGTTGACTAACTAGAAAGGTCGGTGATAATTAAGACCTATCGTCTATCCGGTCCAGGGGTAACCCAGCGCTGCTTCTCTCATCTCCCTGCGAGTAAGTGGTACGCGAACCACTTGATAAATGGTCCAGCATTAGTCCTTTGTGAGGGTAGCTAAGAAATTGCCTGCCCACCTCT,1053,49.67,Drosophila melanogaster
SEQ_734023,TATTACGGGATGCGTAATGATACGAAATCGCATGCGGTGCGGCTTCTATTATCTGGCCAAGAACAGCAACGATTGGGAACTGTTCCGTCTCACGTTGATCGAAGTCTCGGCCGTTGAAGATTGCCATTACCCAGTTTCTCAGCAAGTCACATATGCCCGAACCTGTTATCCCTCTAAAAAAGCTCGCCCTTCAACCTGACATGGTAGCGACTGGAGAGACGCTCCATACTGTAAGGCGTTAGAGGGATCCAGGAGCGTTCGGGGAAGAACCTGATGCGTGGGCATTCACCCCTTATAAAAGGCGCCCCTGCCTTGTATAGGTGCGTCAGTATACGTA,337,50.74,Mus musculus
SEQ_764725,GGTAACCTATTGTAGCTACCGTATTGTGAACGACGTCCCCGCGTAGATTGCGCTTTCTCGCTGATGCTGGCATACAAGACCCCAAAACCGACTGCTAACTTAGATGGATCTTCCTCCGTCATCCTTTGTGCGTGGTACGTGATCGTAATCCATGTGTGGAGCATCATTAACGCGACAAAGGCGTGAGGGAAATAATAAGGGATGGCGCGGCTTCCTGAAACTACGTGCTCTCCACATTAACCGCTTAGGAACAGCAACGCCGTTTCTGGATATATCTCGATGACACTTGTGTGCTCGCGACTTTGGTACAGAGAGAATCGTACTCAGGGATCGAAAATTATCTACAGCCGGGGGTCGACGGGGCTATGGGGAATTAATCTTGTTGCGCATCGCTCCACCGTCGGAATACCAGGAATGCAGAATATAATCTGCTTCTATCTTTGCGGCAGTTGTCGGGTGGAGATAGGATCCGACGCAGGCCGAGCGCCCTCAAGAATAAATCGATTACCGCCAGCTACCCTGTCGCGTATGGAGGTTACCTGTTAGGGTTGGGCAAGTCTAAGGGACGGGGCAACGCGCCTCCCATACCTACGCCGACCGTCGAATGACAGATACGAAGTATTATGCGAAGCGACAAGTACCCAACATACCCGGACACTCGGATAACGACCCGATGTCCGCCCCCTCGTGGATCGTAGAACTACTCATCTTCGCTATCAAGGATGCCAAAAAAAGTCTACTAGCCAAGCTCCTAGGGACCCAGGGTGGCTCATTCGTAGTGAAGCTTTGTATAGTTGCAAGGGAATATCTGATCGATAAGTAATTGCTGACATTGAAGCTGCCAGGCAGTCCAGTCGGGCGCCCCGACCCCCAAACAGGCGGGGCGGGAGGGGACTAGTTCGCATACCATTGCAGATGACGGACTCCACTAATGATGTGAGGGGCATAAAACTTGCCCTTGAAGTTGATACGACACCCCAACTCACGAGTCGTTCCTCGCCGTTTCTAGGTTAAAATGTAAGGCAGGGCTGGATCGCAAGTGTTACGGTGCCAGGCTGTCGCTTTACCCTCAGAGAATTTTGTGGATCTCAACATGGCTCTGATTTCAATGATCTAGAGTAAACGACCCCAATATGATCCCCACATAAGGGCGGGGGTCTAGGTGACGAGATCCTCAGCTCTCTTCATGGTTCTTGCTGAATACCGCAGGGCGCGAACCTGGGTACTCTGGCAACGCTCGCTCTCTAGATGTCCCGAATCATACATTTACACGACACAGGCGACATAGAGTTGGTGGAGGCGGCAGGTCACGCTGTCTGGCGCTGGTACAAGTGTTTTAAGCGGATAAGTAGGACACTTCTAACATCTGTGCGTAAAACCCCTTCCCGTGACATAAACGTAGTCTCTTACCTCGCACGACGAACCAGCAGCCTATGATTTTTACACATCGCCGCTTGGAAGGTTGTTTTAGGAGCGCTACGAGTGTAGTCAACGCTAATCGGCCTCTGTGACGTATAGAGCGCTTATGCGATCTATTACATACAACGCTTTAAGCCTCTCACCTCTCGCGGTATTAGGTATAAAACGAGAGACATTACTCATAGAGCTATACTTCGCTTCAGCGCATTGGACCGCTATGGACTACGCTTGCTATATCAGGGTTGCCCTGCGACCGTGCTCCAACGAATAAGTTGAATAGACACCGATTATACAGCCGAGTGGTGATAACACACCGGACTACT,1742,50.92,Saccharomyces cerevisiae
SEQ_528609,AAAGAAGCACGTGGAACACCTAATCAACGCTCACGCACTGTTGCGTCGACGAGAACATAAGCATCTTTAATACCGTAGATAGATTATCGGCTGCCGCCGACACTATCCTTAGAAAGGCGCCGAATCAACGGAATGCTTTCATCGAACACGATTGCTTCCCGATCTACTGACCTAGCATACAATCAGCAACTACCTCAGAGGCCGCATCTATCCAGCACATGGGGCCAGTAGTGTAGGTCGATATCCGCATGAAGGCATCTGCGTGCCTCCAGGATAAAAGCGCGGGGCGATCGGGCAGTCGTGGCATCAATCCATAACGAGTGCGCCCATATCTGACGGAGACACCTCCGTACTATTTAACTACCAAGGCATAAAAGGTGTATTGCAGACATTTGGCATAAGTTGGCGTGTACGGAACGAAGGGGATCCGTACAAAGCAGGACGATAGATATATTTCGTGACATGATCACTCCTTGGCCGCCGTAGCATTTCAGAATAGATTAGGGCCCTTGATTTGCAGCTATTCACGACTACGCGCTACGCATGATACGGCTCAGGAGACCCGTTGAGAAGTCGTCTCGGGAACGTAAGCAACTTGCACCAAGTCCGCGTAAGCGTACGTGCAACTCTGTCCACACTGTTGGGTTATCAGTTTCTACTGAACTATATGGCCATGAGCGACCAGGCAGGAGGCTTATACTTTCGGTATTATTCCACAATTGTCATAGATCCACTTCGATACACTGGAAGTCGGCAGTCATGGAAAGATAAATGACAGCACCACCTGTCGCAACCATACTACGTAACGATGTTGGTTCTATCTCTCTTGTAGCGATTGCCGCACATGCCGCGCCGTGTCCCGAACATCAACGTACCCAGCACCGTGCCTCAGGATCGTGGTCGCGCTGACTGAGACTCCGGAATCCTACGAAATACTTTCCCTTGTTACTGGCTATCGGATTAAGTTCGTCGTACCAACACTAACTGCACCTCTCTTTTTCTCACACCGTGCTTAAGACCCGGGAGCTCAGGGACTAATGGCACCAGGGGTTCCGGCCATCAGGTCCATATGGGTAATGGCCGGGATCCCCCAGACAAGTTCTGCCCGTGATTTCAGAATCCTCGTGTTGTCATTGTGGGCCAGGAGAGACGGCGAACGGAAATGCTAGACTAAATCACATGAGACACAAAGATTGCAACGGCGCTATTCCGCGCATGAACACATCGATGTTCCAAGTCCGTTAGAACCTTTAGCAACATCTTATGACAGAGGGAGATCCTACATCATATCATGACAATTTTGGAATTACCTTGAGAGGTCTCAAAGGACCTCAGCGTCGAGCGCCCACTAAGGTAACTATGGTCCCTTGCAACTCGGGGATCCAAATGGCAATCCCTACCTCTTTACTACAAGCCAAATAGACCGACTCACTCGCCGCTGGCGAGCAATCCGCTGTACCTACAGGTGTCCATTTACTG,1479,50.24,Mus musculus
SEQ_342532,CGGAGAGACTGTGTGAATTCACCAGCCTGTCTATGAGCGCCACGTACTCGTAAAACATGCCCTGAGCCCTCCGAGTGGGTGGCTGGCACCCGAAGTTGCTGGAAATCTTGCTCGGGTTCGAAATATATTCTGGTATATCGAATTTTGTGAGCAGTACGCGCATTCAACGCCTTCTCCATAATTCGGGCTTGCCAGATCATGCAGTGCAGATTCTAAACACTTGGCCTATATACCCACCTGTCAATCCATGGAGGCTACTAACTAAAATTTCGTCTTTAGAGTGGTGTAAAGCAAACGAGATATGTTCTTCTTTATTGCGAAGCGCACGTGGACGCGGGCCATTTTAATCAGGGTGTATACCTGGGCCGGTTGTCGTTTAGAGTACCAAAAAAATGCTAGACACAGCGCGAGCCGTCTAAAGCCGGCTCGTTGACCTGACGCAGTGAAGCAACTTGCAGCGGGTATTAGAACACTGAGAGTGGTCAATGAGCAGAACCAACCTAGGGAGAAAGCCGTGACTGTTCCCGCTTGAACAGGTCGAAACAAGTTGGAGCGGTTACTCGTGTCTTTCTTTTGTCTGCCAGACGCTAAGGGAATGAAGAAGAAACCGGGACCTTCGCAATTTGATGCGAACAGTACCTGCGACGATGGCGACCGAACATCAAAGTAAGTAGATTTTTTTTAACCCAACAACTGACCAGCCGGGACTATAACAATTCCGGCGATAGGGGCGATGCTTCGGTCCT,746,49.2,Caenorhabditis elegans
SEQ_368611,AGACTATCCCTTTAGTTAATACATCGTTCAGGGACCGTTTAGCGGATCGGTGTAAGACCCTTGTCCAATGGTCCATAAATCTGATGATAAAGACCCCCAGTCCGAGGTGGCCAAAAACCTGTCAAGCGCTTATACGTGCAAGTACCGGTGGAACAAGCGTGGTGCTGCCAAGAGGGTATACCTTCGCTCGTCGATTCACGAGGGCGTCGACGGTAATTAACAAATGATAGAAATTGGATGTACTATCTACAGAACGGTATCTCCTTTAGACCCCGGACCGTTTTTGTTAGATATTGGTACAACTATTGAGTTTGCAAGATTGCTCGCATGAGGCATATCAGGGACTCTTAAGATGGTAGCGACAATACTCATACACCAAATCCGAAAGTCAATCTAAATTGCTTTAGTGAAGCTATGGTCTGGGGGCAAGTGCTATGGGTATATGCTCCCCCCAAGAGAATGATGACTAGAGCAAGAATAAGCCTGGGTTATCGCTTTGGCTGTTGCCGCCGGCCTTAGGTAGGGTAAGTCTACGGCCTCTTTATAACAAAGGTGATAAGTGCGTGCAAAGGTAGTGTATATACGATGTTTCGTATGTGTGGGTCTCTCACTCCTAACTTTGCGATACTAGAGGTTACAGAGTAGGGGTATAGGGGTACAACGCTAACACACGGTATCAGAAAGTCAACTAGCTACCACGGCGTCTACGTGTTGATATTTCTAAACAAAACGTCTATTATGGGCATCATTCGTTGATCCGCCGATCACTAGGATAATCTTTATCTCACGTACACACCTGGCTGTAAGGTTAGACACGTCCCCTGAGGACCCGTGCCTAGAAGCGTGCGATAAGTCATCGCGGTAAGCGCATCACCGCTCGGCGATGCTGTGGGCGTTCTACTTGCAGAACCATGAGGTCAAGCCTTCAGACCCGCTAACCGCCAAACCAGGGATCACTCACTCCTCAAGGGAGTGCCAGGGCATGATGCTGGTCCTATCTTATTTAGTGTCGACAGTCTGGACAAGTGTCTTGCCGGCTGGACTACCATTGAATGTACTATGTCAGTAAACCCCCTGATTAAGACTGCGGCAGAGCACACATAGTAGTTTGGGTGTGCCCTACGATGCGCTAGACGACATAAGCCCAGGTGTCGCCGTTAGAATATGTGATTACCGGT,1178,48.13,Homo sapiens
SEQ_941600,AGATGATTATATCTGAGATTCCCCGCTAAAGCATTGACGAGTCCAACCCGAGCCCTGTAAAAAACTCTACTTATTGGTATCAGGTTACCTAAATAGCGATCAGCGTCGACTGTTTTGGAAAGATGCCCCGGGCCATTCTTATACGTCGACTTCTCTTTCAGAGACTGTCCTATCCGGGTTGGAAGTAGCAGTGGAAATCTGTGGCGGCGGTGAAGAAGCTGCCGTATTTAAAGGAACTTTTGATTACTTCATGTATCCCGTGTTACAAAGCCCATCTAGGACATGGAACGCGTCGTTTGCGACGCCATTTGAGTGTCTCGCAAATGTTCACAAGCGCACCAATCTTCGACAGTCCACGTACGAGACAATCCGTTATAATCTGGACCGGGCGCAGGTATATGGGCCCTCTACGGGAATTCGGAGGGTGCTGAACGCGAGCTCTGCAAGTGAACGCCACCATTAGCGCCCATTAGCGTCGTTGTTGCATCAGGTTTTTGCACCTTAAAAAGTATAAGGAGACCGCAACCACCTGCTGGATAAAACAAGTGTGTGACGCGCGGGTTCAAGACAAGTTATCGGCAGCCTTCCCGCACCGCATTACCTGAAGGGCACCATCATCTCCCCGAGCGTGTGTGTGGAGATTTCTCGTCTAACGCGGGAGAGCCCTTTAAGGAGAAGTTCGTTCCAGTACTGTGGCCCGTCGAGACTCTTCAAGAACCTACCGCGGGGGTTTAGCGAGCTGTTGCAACCCGATAGAGGTTATTGATCGCACCCTGGCAGGGTCTCAGACTTTGGTTCCTATACTTGAGTGTCCCGACTAACGCTTCCACTCAGAGAGGCAGTTGGCTCTATGGTGATTTAGCAATCAGGACTAGGCCCTCTTCAGCAGTCACAGCTCAGATGTCCATATGCGCATTTTGGCTTGTATAGATAGGTAACAATCCCGTGGTAGGACCAATATTACACTTAGAGTCCGTAAACCCAGGCATAGAAGGCACGGGTGTGGGGTGAAGAGTCTAGTTACGGTTAATTTTAGGGTACTTCAACGTTAATCTTTCTAAACTCGTCGAAGATAGGGCCTTGTGGAATTTGCTCTGGGTGGCTGGGTGTCGGATGCGGGAAAGCGGGTTCCTAAGTTCGCGATGCTACTTAAGGCACTGCGGCGGTCGCTTAAGAGATGGTATGCATTCCTTTTTAGGTCACCTTGTGACCTTACAATGACACTGCCGGTACCTAAATAATGCATCTTCAGGTTCATGGTTTAATACGACTAATCCCATGTTGAGAGATACGATGCTCGTCCCCATCGATGAATGCTCAGTCTGGATGGGCGGCCATCCCCACAAGGCATAGAGAATGGCGATGTACGGCAACGTACTCGTCACTCTGCTGTCAACTCCAATAGTGCGAATAGGAGATCGTTTTTAAGGGCAAAGGATAAGTAGATCCCCAGAGCTCCCCTACTGTAGACTTGGCTCAAGTACATA,1487,49.56,Mus musculus
SEQ_654356,AGCGATCGTGCGAAGAACTTACGATCTAGATATGTATAGCGCTAAAGACGATGGACACGAACCGACTTGAATGCGATTATACCGGGTGGGCACCTGTGATGCTTCCTGATCCAAGGATTCGGCAGTACTATCAGACAAAGATGCATTAGTCGGTCGCGTAAGAGGGATAGAAATCTCGCCCCGGGGTCCGAGTCATCGCTCTCGGCGAGAACCCGACCGACCATAGCGCTTGGCGAGGATCCTGTAAGTTTCCTTGCAACCAGCCCGTAGAAGGAGCTGATAGCTTACACAGACTTGATTCAGTTCGGCGGGGCATCAAGACTTTTTGAACGGCGGTGATATAGAAAGCTAGATTTAGGTTAGGCGTTCAGCGTTTACTTACGGCGGCAGAGCCTGGTGAGACACTGTGTGATGAATTGCACATGGACAAGCGGTATTAAACCCCGACGCACGCTCATCCTAGGTCACAGCGGGACGAACGTGAACAGTTGTATCGCTCGAGCGTGATACTATCGGTAACATATTCCAGACGTCTACCTCCAAGTGTTAAGAACGCTTAGGCGATGCTTGAATGTATTACCGCCGAATTATTATACTGTGGGATGGGTGACTATCCACTATAAGGTGGCAAGTTAATCCTCACCCACGGCTCCCAACTAAGATCTCAAATGTGACCACATTGTTAGATGACAGGCTTACCCTACGCTGCAACCCATAGACCCGTTAGAAGCCGAAAAGCAGGCTTGGACTTAATGAGCTGTCGCTTCTTCAGCGTTTGTGTTCTTCCGCGGAGTTAAGTGCGGCATGGATACGAACGCTGTAAGGGTTCTCCACACTACTTGGCTAGATACCTATGTACACGGGCCGACTATTCAACAAGATGGGTGTGGATCTTTTGAGCGAAACGGTCTTGGCGACCGACTGCGTTCCGCGGAACCGCGGTACAGTCCATTTAAGTCCCAGAGTTTCCGGCCTGTGCACGTTCAAAGAAACGTAAGCGCGCAGAAATTAACGTTAACACCAATCTTTAAATCAATGGATTAGCTTGTTGCACCGCCAATCGCTGAGGCGGTAAGACGGGTGGTGCCATAGTACCCAGTCTTGACGTTTAAAAGCATTTCCGATAGAGTCTCGAGGTGGTTTAACTTGATCCGCGCGTTCCAGCAACGTATGTGCCGGATGATCCTCGCTTGACAGACACCCTCAGATATCCATCGCCCATCAATGTGTCTCTCGCCATACCAGGCTATTCTGTGCTGCACTGAATAG,1269,50.12,Caenorhabditis elegans
SEQ_161869,ACTGAAGGGGTCTATAGAAGTCAATTATGACGAGCTAACACCACTGACGTCACAACCGGCTGCATCTTTGTATTGCGCGAATTAGCAGCCGCTGTGGGGTCTAACTGTCTCCAATCCCGAGTCGCCGGTTCTCGATTAACGACTATTCACAGAACTAATCATTAACAGCCGGGAACTGGATAGCTAAAACGAAGCTGTTGTGGAGTGCCGGCGAGTGATAAGGCTCATGCTCGGACGTCCTTCCACGAGCATCCTCTTGCATGCGAACAACATACTTTCTAGCAGAACGTGGACGCCGGGGGGATAACGGCTTTTCTCTCATGGTAGGATAGCCCACGTTCCTCGTCACATAGAGCCCTAGGTTGTATGTAGACTGGGTGAAGTATATAAATCACACCCCCTACCGTAGGCGTGAACCGCCCACCATGCACCGTGGCGCGTGTTGGCGTAGGAGCACACGTGGGCTTAGAAATGGATCTCCCGTGCATACCCGATCTGGATATGAGGCTCGCGAGTTAAAAGATACTGTAGTTGGATCAGTAGTACTGTGTCGCTCAATTCAGCTCACTACCCGTGGCTCAACTGTATAGTTTTGTAGGGATACGCAAAAATTCATGGTTTGTCATGGCTTTGACTGGCGTGTTACCTTGGGCCCGCCTTCCGTAGTTCAACCAATCAAAGTTTATCGCTCGAGTGACGAGCGTCAATAAATGTGTCGAATAGGCCTTATGTCCAAACAAATAGGCGGTAGGAGAAAATGCTGCGATGGTCGGCAGATCCCTGCGGTCAAACGCTGTTCTTGTGATTAGATACGACGCATATGAATGGGAGTTTGGTTTAACACCACCGGCCAGTCGTGTCGAGACTTGGCTGGTTGAGTACGGTCGTTAGAGCCCCTTTGGCCCTATAAAGAATTGGCAGTCAGGAGAATATTACGACAGAAGAGCCCCACAAAATACGAATTAATAGTCTGCAGTCCAGACCCGTCTTAGGTTTTCCGTACCAACCCGGATAACGGCCGTCTCATTCTTCGGCTGCAACCGTTCAGCCCGCTGTGCCCCACAAATTGCGATGTGTGACATACAACTTGCCCTACTTCTGGGCTCTTGGATCCGGATCCTATGAGGACTCGCCGGGCGGTTGGCTTGCAGAGAGAAGGTGAACCAGCTCACATGCAGATAACACAACGTCAAGGTGACGGCAGTGGCCAAAGTCTAAGGTCCAGAATGGGCCCGGCGATTTGCGATGACGGCTCATAGGCGCATAGACTCAGGACGTAAGCGCCCTCGGTTAGTATAAGGTCAGAGTTGGCAATAAAAAAGTTACTTCTGCCAGCCACGAGCAGCCCAACCCCTTGTCGAAAGTGCGCTGAAAGCCACGTTATGTTGGGCAGCTATTGCGTAATCAAGGCGTTTGGTGGCTACACTTCCGGAATTAGTGCAGCCATAGGAGACCGGATGGTGACTAACTGACGAAGGCCGAAGGAGCACCCGTTCTAGGTTCCTGTCGTGTTTGGGCTAAGGGCTATACATTTGTTGCGCGGTAGTTAGCAAAACGGCCCTCCTTGGGCATGAAGTAGAGGACCATCTTCCCTCAAGTCTGAGGCACGGGATCTGTTCAAAGTATTACTCCCAACTACTCAAACGGATAAAGCACCAATCATACTTTACGACTCTAAGGAGCTGTTAATGTCCTTATCATACACCCGTATACTCCTACCACTAGCCTAGGCACAAGTTACGCCGCTTTACCCTCTTATGATCGAGTGAGCAGCATACTAGACAGCAAGGCGAGCAATCGATCCTCGAGATTATACCCGCGCTATGAACGGGTATGTCTTGAGCGGTGACATGGATGGCCCAATTATCATGAGTAGCATGAATTACCCTTTGCGGAATGCAGTTCAGACTAGGCGCCGGGCCGAGTCCGGTAACAAACACCACAAAGCCATCA,1953,50.74,Escherichia coli
SEQ_753501,CGGGACGTTCTGTGCCGGACTTTTCGCACCATTGACTTCTTTGTCTTGAAATAGGACCGCTAATGTGTTCCTCCTTCCAGTCTCTTGTCTAAAGCTACAAAACCGCCAAGCCATCTCGAATAATCACCACTAACACCTATTCTCCAGTTTGCACTTAGGGAATACCACTCCCGCTTGACCGTCTAGAAAAGGGGGAGCGATGCGGGGACAGGAGCCTGTTGCATAAATCCCTGACTTACTACGGTCTCGCAAAGTCTAAGAACTAAAGAAAGTCGCTCACGGTCACGGGACCATGCTCGAGTGGTGTGTCCGTAGAGGGTATGGCCGGCTTGATCCCAGGCGTGGACTGATAATCAGGCAATTGCCCTCGCCTCCGACTATCCAAAACTCTCTTGTCGAGAAGCTGCTACACGGGGCACCGCCTTAGAGTGTGCATTGTGAATGTAGCTGCTACCATTCCTCGCGCAGTAAGTATGAGAGTCCCCTAGTTAGCGGTGTTATCATACAAGAAATTAGGCAAGACGAACCTAAAATCGATTGTTGAACAGAGACGTACTACTTTAGTCTGGTGACAGACGCAACAAACACTTTGAAGGATTCTGAGAACGGCTAGAATTGAAAGGACAGAACTTACCTTAAGGACTCCACAAGTATGTCATACAGAGAATGTGGCCTCCGGCTGCGAAACTCCGAGGCCCCCATACCCCGGATCTGACGTGTCAGAACAGAGAATGAAGCATGGCTGTTGTCATCCACAGGGAACATCTAACACCTATCCAGGCTAATTAGCTGTCTATCTGGCGCCCCTGATACAGGAATGCCAGTCTTTCATTAGTTTTGCCATAGAGCTTTTGACGGAGCGGCATTGGATGGGGATGCACCAATGGCGTGTGCCGCTTAATCTAGACATTAATGCTCAAGTAAATCATTTCCCCACGTAATTCCTTTGCGGTATTAAGGTTATTGCAATACGACAGCCGTGCGCCTCTGAGGCACTAATTCTTGCTGCGCCTCAGAAAGCGTTTGTCCCAAGATGTCTCCCTGAATGAGGTCGAGACGTACTTTGTCGAGCTTCTGCATTATCAT,1086,48.9,Saccharomyces cerevisiae
SEQ_525993,CACAGCCACCGCCACGTTTGTCGTTATCGCCACAAAAAAGTTCTTCCGGAGTCACCGATGAGACCCTCAGATAGAC,76,52.63,Homo sapiens
SEQ_373111,GTCTGCGACATCGTACACATAACGAGTCGCAGCTCAGTTTCGAGGACATATTCCTGAGGTCTCCGCTGTCCATGAAAAAATCCGGACCTATAGACCTGTAGAGTAATCTACCCTCAAACCTACACCACGACAGTTGCTATTCGCGGGCGGTTTGGAACCAGCCGGGCCACCAATCGTCTACTATGTATACAAAGCGATAGTCTATTAAATTCTATACTAGAGCCGAAGACTAAAACCGGTCGAAGCTCCTGCATCAACCCGGACTACGCAAGGAAACACTAACCCAGACTAGGGCATTGGAAGACCCCGGCCTTCTGGTATTCAGCTCGTGTTTTTTCACGAAGGTAGTTCCGGGACTAGAAAATAATGCTTTTGCATGAGACTCGCCTAGTGGGCTAAAGTGATAGGTCACATCTTGTCATGGGGTGTAACAGCGGACTTCATCGCGCGGTGAGAAGCACACAGCTAGTCCTTGTGGTGACGAAACGCGAGCAGTGGCGACCCTCAGATAAAATTAGGTG,521,49.52,Caenorhabditis elegans
SEQ_237633,TTCGGTGGACCTATTCTCTACCGGAAATCCTCCAAGTAAAGAATTAAAAATGTACCAGCGTGAGGCGGGTGGATAGGATAAAAGAGTAACTTTGAGCGTAACAGCAGTTAGCCGTAGGGATCTCCCAGACAGGTCCCCGATATAGTTTGACACACCTCACTACCGGTGGAAGGTGA,176,47.73,Drosophila melanogaster
SEQ_185867,CCGCCTAACACCGCGTAACACTTCGAGTTTAGCTAATCGGAGTTGCCGAGTTATTGAATCCGCGTTTAAGGACCGCGCTGTTTGGAGTAATTTAGCTGCAAGGCCACGTGCATAACGGTCTTACCTCGTTCGCACTCCCCACTGAACGAGGATAACTGGACTACATCAACTAGTGTTGGTTGTCGATGCCGCTGGACCCGGAGCTCTCGCCAACCTACGCATTAGATCGCGTGATTTTTCATCTTGCGTCCCATGGGATCTCCTCCCTTCTGGGGTGGCCACCCCACTTAGTCCAAATGCCCCACCTGGCGCGTCGGCATAAGTCTCGATCTGCGCTCCCCTCCACGTATGACTGTGGTAGGGAGACTTGGGGCAACTAAGAACTCAATTCCGCGCGATGAGGGTGGCGTGCCCAATCCTTACCCTCTTCCATACTCGGTCTTGGCCTGCTAACGAGTGCTCTGGCAAACATGTGATCTAAATGCCTTTAGAATGCTTGCCAAATGCCGCTGGATGTCATGCCACAGACTCACAACTGACACCTATCCGTGGTTTCGGCTTACCGATCTTGCTAACAAGCATGCCAGTAGACTGTACGGTTCATCGAAATTTAACGAGAAATTGGGGGGAGGACATAGAGTTATGTCCGTTGAGCGTTATTCGAGAAGTAATAGCACTGGTTCATTTCTCTCGTATAGGTGTACGCCCAATGTGTTAGGCCCAGTCCATGCCAACATGTTATCTGCGTTGCTTTCGGGGGCCATTGTCACTCTATGGGCGTCCCTAGGTTAGTGCTAAATGCGTCTATTGCAGCCGGGAAGGCATCATCAATTGACCTCTTAGGGATTAGGTTGTCCGCTCGATCAAGGGCTTACTCTCCATAGCGTTTGGAGGTTTCTAATAAGGTCGAGGTGGAACGGCAATACTTCACACTGGGATCTACCACCGTTTGAGGTTGACCTCGACGCTACTCGCTTGACCCTCACGCGACAACCACTGTACGCAATTTAGCTGCCGTAAGAGAAGCGTACAAATTAACTCAAGGGAGTACGTACTCGACAGGACTATTCCCCCTCCCGCGCGGATGAGTAACCCTTGCCCTATTAAATAAAGCGACATCGAGCCGTGCATCGGCGGGAGATTCGCCACTGTCATATGCTTAATTCCTACGCCTAAGCCTTCAATAGGTAATATGACAGCTT,1202,51.16,Homo sapiens
SEQ_314737,ATCATATACGCGTGCTTTGCCGAGTTTCAGGTTTGAATAGTCATGTTGCAGACAGTACATTTAGGCGCGTCAGAATGGCCACGTACAAGTCCTATCTAGCGGCGATAGAGCGATACCCAACCGCACCCATCGATGTGCCGGGAGCGTACATGTGGAGATGGGATGAGTCCCTATAACGTCGGTTGTGAACAATCGGGGTACAAGAACGCTATTCCTGGCCTCCGCCATAAGCGCAGGTGGACCCAAATTGATCCGAATTGTGCATCTCGGTACTTCGCACACTATGTTGCAGGATAGATGACTGTTCATACACATGTAAGTGGGAGTAGCCGCGTCATTTACCGGGAGTATCAGTTCTTGTCGGCCGCAGACGGTTTGGCTAGGGAATATTTTCCCCGGTTCTGATCCCGCCCAACAGGCACAAAGCATTACATGAATGCCCCGTACCCTCGTGCTTATCTTGGCACAAAATGGTAAATGCAGGCCGCCTGAAGAATCGATCAACTAACATTCCTTCCGGATGAAAATGCAGGGTCTCTAAAACCAAGCTCACGGATACAATACTGAGCAGCGCGAAAAGGCGCTATCCAGCATCTATCGGGGGGGTAGGGGAAGCATCCTCCGGGTGTCATCCGCCCCTAGTTTCTAGAGGGTGCGGGGTGTACCTGATGGCAAGTGCACAAGGGATTCCCGTTGCAGTACGTGTCCTTGGATACCCCGGCATCCCAAGACAGATTTTGCTCATTGCGATCTGCCTGCGTAAAGGACCCGTAGAATCGTCAGTTTGCCCATCCCCGAGCCGCCTGACACGCTAGAATGCCGGTCATTAAGTTATCTGCTGTGCGACCTAGTCGGCACGGGTGGTTAAGTGCAGTACCATTTAGTCGAAGTGCGTATTCTTAACAAACAGATCCGACCTCCCACGTACCTGACCGTTTGGAAATCTCGGTTCTAGCTAACACCTGCAAAAGCTGGAGGGCCTATAGTAACGGTATCCACAGTTCGGATCTTTGGGTTATATGTTTTACTACGTCTATTCCGCGTATATCGGAGACTATTGAGGGCCAGGATTACCCAGGTCGCCGTTGCTGACCGCGATTGGTAGCCGCTCCTTAACTCAGTAACTTTA,1129,51.37,Caenorhabditis elegans
SEQ_595476,TAACAAATGCGGGCGGTACTCTACGATAGAGCTCATAGTTCATTTAAGTCCAGTGGCAGTTTATAGGCGGTGTTTGTTATACTTTGCAGCCTTCAGCTAGTCGGTCCAACAATGTCAGCTATCATTTACTCAAGATCAACTTGTTATCTCAGTTCATTTGGATGCATGTACCATATTGCCAGGGGCTGCCGGACAACATCACTCAGTGGCAAATTGGATTGTTCCGCTGATTTAATAAATGGGCCAGCGTGCACGATTCTCATCCTTGCGGGCCCGGAGCACGGTCGCAAAACCGTCGGGGTGGGGAGGAGTTAGAAGGCACGATCCTGGGTCATAAC,338,48.52,Arabidopsis thaliana
SEQ_140905,AGCCATTTTGGAACGCAAACGCAATATTGGTGGCCTAGTCTCTTCAGCACCACGAGCTGAGCGG,64,53.12,Drosophila melanogaster
SEQ_468106,ATTGTCCGGAGCGCACAACCTGCGCTCTGATTCATGGCGCTAAAGGTTTAAACTCCTGTATAATACCACGCGGCTAGATGCCATTCGGGAAAGTTTTGGAAAGCTACTTTGTAGTGACCGGCGTCATAAAAGGCCGATGGCTGAAACCAGCCCCTCTTAGTTGGTACCTACATATACTATGGATGAAAACTCACCGAAGTTTAAATAAGAGAACCTCAGTAATATTCTGAGAAGTAAGTACTTTCACTTACCAGTCAACCGCTACTTAATCATATGGGGAAACGTTCAGCACCCGGCGTTCCCATCATTGGAGTCAGGGGTAACACCCGTTGTAAGTTGATCGCCACGACGTTATGACCCGAGGAAGACTTAAAATGACCTCACGGTAGCGAAAAAGATACTGCACATTGAGTAGGTGGCCAGTGGGACAAGAATCCGGTCATAATGGGCCCAGCGAATAAAAGAGACGTAGACGAAGCAGGCCCTTTACCGCGAGAGACACTTTCTCTAACGTGTAGGGTACTCGCAGACACGAGCGGTCGTATGTCTAGAGTATAATAGCGCTTACTTGGTGAGGGAACGGTAGGTCACTAGTTGGTATCCTCGCTAACCGAGACCACGTCAGTAACAGATGCTGCGTTCTCGGACGCTGTCATACGGAGCTCGCTCTCATGGCGTAGCTCACATCTGGGACAATTCATTTTTAATCGATACGGTATTAAGTTCTTTCCCGGTGGCTAGCTATTCAAGGGTTATTGTGTACAATTTACATAGGCAGCTGAGTAAAGGTATGCCGCTCCTGTACAGTCGGGGAAAGGGTATGACGCGCACAAAGTTGGTTAAGTTCTACACAAGTCGAGCCTCGTAGGTGCGGAACCGAGTGGACGAGGCAATCCAAAGCGTCCCTTCAGTCGATAATGGTCGTGATCACTCCGTTTGATCCCAGGCATCCCACGATTACCACCAATGTTCATAGAACCTCACAGAATTTTGTAGTTCTCAAATCTAGTCGACGCTCACCTCGTGGTGTTACGCGCGCCGACATTGGGTCTTAGTGGCCGCAAATCCCGTATCGTCAGCAATCAGCATATCTGTTATACGATCCAGTTTTGCCCAAATTAGTAGCAATACTATTCTAAGAGTAAACTAGTGTGAGATACACGGAGCATGCGCTGCAATTGCACACCTAAATGGAGCTAAGCAACTCTCCTCATACGGCCTAGTAAATCGGGGAAATCTTGGACGCTGTGGTGGCTAAGTCGATCAGTGTGAGCGATATATTTGCACCCGATTGTTCCTCGCCTTAGGTAGTCCATGCTGACATACTAAGACCTTCATCGGGGGCTGTCTTCATAGTCCAGTATTGTGGAGTGCAGGCAAGGTCTCTAGGACGACGGGAAGATCTTTGGAGTTAACGTTGACAAGCCAACTTCAAGAACTCTTCAAGCGGCACACTAAGCGAATTAGACCTGCACACCAGAACATTTTATGGCGGCTCTGACTCTTCTCTTGAGTGCACAGCAAATGTCTAAAGCTTATAAGCGAAGCGCTACCAATAAAGCTGGGCTGTTTTAGTACAAATGTTTACGCCTCGGGAAACCTAACAACAGCAATATGTCCAGGAGTTAATATGCCAGTTGGACGCAGCGATTGAGTTCTTGCCAGGTAATGGGCCTTCTGGCCTGCTCTGTGTATTAAGACCAATCTCCGACGGCAGTCAGACGACTGGACAAATGTTCAGCTATGCAAATACGGCAAACGCGGGCTATAAACCCGGCAAGCAATATCCAAACTCAGCCTTATTTATAGCGACTCACTACCCC,1823,47.83,Arabidopsis thaliana
SEQ_582753,CCATGCGGTTTGCATTCTGGTCATCCAGCGACATTGGTCAAAAATTTCATCTGAGTGCAAGGGACCCCAAAAATAGGATTTCTCTTGCGGCGTGTGAATAATGGCGCGTCGGCTTCGCGGAGAAATGTATTCCACACGTCATGTAAATTGACTTTTCAGGAGCCCT,166,47.59,Mus musculus
SEQ_261814,AACGTCGCATTACCAAACCATCTGCAGATGGGAGCCAACTTTAGGCAGCCCAGGGGCGGTACGCCACTTCAGTTCAAGAATTATCTCGCTAAGCTACCCATAACTTAAAGAGATCGTCTCGCACGGAAGTCGGCTACGTGTGCGTATCGGATTAATGAATATATTGCGGGGGGCCCATTAGGTAACCGTTTATTATAATCGCAACCGTTACCTCTAGAACATCCCCAAAGCTTTAATCCAGTCTTGTTAAGTTTAAGGATCCGCACAATCAAACCCAAAAACACCCTTAAGTAGTAAGTGCAAGTCCCTGTACAAGGCCCGTATGATAGGATCAAGCATGGGCAGTCTGCTCATCCCCCCCGGTCGGCACACCTTTGTGGATTTGGCGTGCTACAGCAAACCGTAATTCCCACGTAGAACTCCGTTGTGCACGGTCGATATACCGGGTTAATGGCCATATCTCTGAGCAATAAGCCCGGCAGTCGCTCGAAGGATTGGGAACGTTTACATTAACCTGGCGGCTCACACCCTGTCGCAGCGTCTGTACGATGGGTGCGGGTAAATTTAACCATGGAACAACACGTAGACGAAGGCGAACCATCCACAAAACGGACTTTGATGTTGAGCTTTAGCTCGAAACTCCGGCTAGGAGGGGCAAACGTACCGCTTATATCAAGGGGCAGGGGAACTGGCCCAGTAGGGTTGCGCCGTTCTCGACGGTTGGTAAGGTCGTAATCGAAGCAGTCTAGGTGTACCTTCTTCTTAATTTAGCGGATACCGCACGCAAAAGTCGCACGTAATGGCCATACACAGCCATTTAGTGACGGCGTAGTATGTGCCTAAGGGAGGGTATCAGACCCACGGCGGATTACTCTTCAGGTTGACTCGGCTCAGCTACATATATGAGGTACGCAACCGTACAAGCTTGGAGACGTTGTGCCTCCGAGAGGCAACAAGGACGTCGGCCGGGCGTAGAAATTATCGGGTGTATATAAGTATCCACAACCGTATCCGAGTAAGCCACGTTTCCTACCTAAAGGACAGCGATACTACACAAATCCCAGTATGATGGCTAAATTCGGACGCGCGGAGGCTTTGTGCATTGGCGAGCGCATCTGTCATTATTCGAGCTATGTTGGGTTAGCAAATCAGCCAAACTCTGATTCTTGCGTTATACAGCCATCACCCATGACAAATCCTTAACCTTGAATAAGAGCCTGAATTAGCTAGCAGAACCACACGTTGGAACAGGGGGCACCGTAAGGCGGGTGAGACAGATGGGGTGGCGCCCAACACGACCGAGGAGCGTCTACCGCCTTATAATGTTCACGAGCAGCGTCCTCGACTGGCTAGGCC,1356,50.81,Homo sapiens
SEQ_941282,TAAGGTGTCCGGGACATGTTTGTAGGAGGCGCCCAGTCTCAGTTCTACCTATGACTTTCTCACCTTAAGAGGTAGCGCACGCAAGTTTGCAGTAACGCTGTGGAGCGGCACGGTACCGCTCTCATCAATTCAAAGTAGCACAGCGAGGGGATTATCGTAGGTCGCGTTAACAATGAGACCTTACAGACCTATCCCCTACGTTATGAGCGGTCTACGGACGGTTTCGGATGCCCCAATCGAGAGAGCCGGTTCATAGGTCGATGCGACATCACCATCCGAGTCGTGTCCCTTAGTCTTGCATTTGTTGGCTTCTAGGCCGCCAGCGTAGCGCGAAACGGTTGCAGCACCCGTGGCTCCCGCGGTCGTTGTGGAGTGGACGGAACGACCAACTCGGTCGGATGGATTCCGCCCAGACCGATCGATGCGGTAGTTGGCGAGATGAAGCGGATTACTACATGCCGTGGGCTTTACATTAGAGTAGGTAAATTTGGGTGGTGCGTAACACCCTCTCGGAGCGAACACAGCCCTGGAGAATGATATCAACGCTACCTGTTCCAAGTATATAGTGGACGGGGGCCTGTTTCACTAGTTTTCTCTATTTACGCTACCGGCGAGCGGCAAGTCGTGGTGGGCGAGAACCAAGCCCGTGCCTTCAGTGGATCTTTACAGCCAAAGTTAGACCGTTTAATGATGGACCTATGCAACAATACGCTCTTCCCTGTTTCGTCGTTTGCGGAACTCGCAGTTAAAATTCCACTGTCAGCGTTCAGCGGCCAGTATAGAAGATTGGCGTGGACTGCTAGCAGTCCGCTTGCTGGATCATATTGAGATTCAGCAGGGAAAGGTCGCAGGCTGCCCGTGTAGAGTAGCTCACGGGAGGAATGGACATCCAGGTTATGTAATATAAGCGAAACGTGGATGTCTCCCTGGTATGAGATTGCGTCGAATTCAAGGCGAGATCCAGATCACTCCTACTTTATCTGATAGCACCCAATCAGTGACACCGCTAAAAACCGCCCCACCTAAAAGGAGATGAACATAATCGGTTGGGGTGCCTTATGCCCACGGCTTATTGTTAGTTTCCACACAGACGAGTCTACTCTGATGATGTGTGCAGGCGATCTATCTGCGTGTTGATGACTCAACTCTGTGCATCGGTCACTCCCGTATTCCATAATATATCATGGCCGTCCGCTGGCGAACAATTACTTGCGTTTTAAGGTCAGGCCGGTAAATCTAGTGGAGACGCCCAACCACGTCTACGCTTATAGCGGAATAGGCACTTACATCCCTTTGAAAGTAGTGCGCCGTAAGGATTTAGAAGATTTAACAATGCGCCTCGGAAGGAATCGCCAGTTGTCGACCAATATATACTGGAGCATAAAGACATTTGTGGACTCATACCGGTTCCGGTCCGGGTGTTGGAATGAGTCGACAAAAGCCCGGGTACAGGTGGTCGGCCTTCTAAACTCTACTTCTGGAGAACATCTGTTCATAATTTTACGCACGCATCAAACTGTTACCGAAACAGCGGTCGTGCTCCGTTATAAAGCGCCCCCCAGGTGTATTTTTTACAATGGCGCATCTTACTTGACGTGGCAGCCATGCATGACTATATCTCTGAGTATGTTAGCCGCGATCAAAAGCACCAAGCAATACATTCGGTATAGTGTGTAGATGATGAAATCGTACCCGACAGAGGGCCTGAATACCAAGCACACGCGCAAAAGCG,1732,50.58,Homo sapiens
SEQ_747505,GGGGAGACGCTCTCGTTGACCACCTGGACTCGAACAGGGTAACCACATTGCGTTGGCGTGGTACACAACTCAGGATCGCTATGTCAAAACCTGTATCTTGAGCGCTGTGCATGCACTGAAGCGCGGGGTGCGGCGAAACGCCACGTTCGGGCTATTTTAAGACAAAACAGGCTAGCTATCTTGGGTCTCGCACTAGTCTAAACGCGCTAAACCATGACCAGCGGTCGAATACACAATACAATCTGATCCGAAACCACGAGAGGTGAGGCAGGGCTGGTGTGACGGCAACCTGTCCCTAACAGGCATAGACGGCCTTCGCTAAGCATTTTATTTTCCGTACCAATTGACGAAACGTATCGTACTGGCCAACTCTAGATACCGGTTGCATGAAAGGTCCCTCCGGAATGCGCTATTTACAGCACGAGTGTTAACAGCATAAGGTAGAACAGAATGTCTGCGCTCACATCATTGGTGTTAAGTAAATATAGACCATGTCTGCGTTGGATTCGTAGAGGACCGTTCCAAGGCAAGCTGTGTTCGCCGCTCCTGTGGCCAACTACGCATAGAGTAGTTTAAGCATCCTGTTCCGGCATTCAATACCCAAGATGCGGTGGATACGATGCTTAATGTGCATCCCCAGTCTTATGCGCTAGCAATGTCGCCTTCTTTGGTGGAGATGCCGGTTACCACTTGGGAAAAGATCGTCATATGACGCATGTACCATAGTTTTCTGGCAACCGTTCACCGGTTCCGATCTCAACTTAGCAACGGTCATACCACAGGAAGTTAACATGGATCCTTACGGCAGGAGTAATGACGCGCGTACTGCTCGGACGCATCTGCTCGGCTGAGGCTTTTACTAGGAAACTTAGCAAGAAAATAGCATTACTGCATCTTTGGCTAAACGTGTCAACGTTGTATGTTTTACAACTCCTGCGCCAGCCCTGCGTGAGTTGGCTGGTCGAGTCTCGCCGAGCGATCCCGATCGAGAGCCGCGTCGTCGCAGCCTCTATATTTGATTGTTCATAAGACGAGCATAATTATAAGTAGTTGGGAGCGCCTTCTAAGCTTTCATGCCGCTTAAATAAGGGGCAATAAGAGCCCACAACCCTGCTAGAGAAAAGCTCAGCCCCTGCGAACAGTACGCCCCTCTTACTTCTATATATTGACACAGCGGTAATAGAGTCGGTAATCTCGGTCAACGCCGCCGGGGTGTCAACTTCCTTAGACCTATTATGCTAGAAAGATGGTTACACTGCTAACGATAAGAAGGACCGCTGGAGAGGCCGTTTAAGGGGCGTAGTCGCCGTTCTTTAAGTTTTGTCCCACACCGAGCTAGGATTGAGCTCTCGCGGCTCGAAGTGAGACATGGGCGTATCAGTGCCAGGCTATTCGGAGAACGCACAGCAGCGGAGCCTATAGTCCCCCTGGACCGGTCCCGCCCCAATGCGCGTAACTAGGTAAGGTTAGTAGCTGCGACCAGCGGGGGTCAGGTGATTGGCACGTCGTAGGCTTGCGTCCATTCAATCGTTGGAACAAGTAGTGCTGGCGGTTGATCGAAGGTTTCGTCAGGAATTGACGAGGACGAGCGAATTGTACCATACTTTCCTTTTAAATGTGTGTAGTCGTCCGGCTCAAGCGTACTTAAAAGACGTGTCCAACGACCCATTACAACTATAAAGTAACCCACGTGCCGAGTAGGAAGTAATTGATGACGACTACTTAGATCAACACGAAGTGCAGAGTTCATATCCGATGGCCAAATCCAGTCTACTACCCATAAAAGGAGTAGGCGCCCTGGCCACATACGCCAAGACAACAGCATCTTTACACCTTGGAACCAGCTATGGATATAAACAGCTCACACGATAAAGCTCTTCCTCGCGCTTTCTCACCGCGGTCGTCCATCATGTACTAATTGTAAAGGCGCAGCAACTACGG,1941,50.33,Mus musculus
SEQ_459766,GGCTGAAGGAAAACTATTACAACAACGGTGGCAGTCCCCCATGACGCTCTGGTTGAGTTCTCCTTGAAAACTGCCTTCCGATATCATCACGTGCATTGAACATTTCAGATAAGGTTATACAAGCTTCTGACCAATGCCGCGTCACCTTTGTTAATAGAGGTCTCTCGGCATGAGTCGGGAGGGCAGCTACCGGAAGACCAAAAGAAGAGTCCTGAGCACCGGGTTTTAACTATCGCTCATAGACTCCTCCTTTCAACGGAGGGTCGTGCCGCATCTCGGGT,281,50.18,Mus musculus
SEQ_749993,GCCACTAGTAGAACTGCTCTCACTTATCCCCACGACAGATACTCGATGGTTGAAGCGGTGTCGCTGCTGTGTGGGCAGGAAAACGTGACGTTCATCACAATCAAACTATTCCTGTTTATTGACGGCTTACCCGTCGGA,138,50.0,Drosophila melanogaster
SEQ_937994,ATTCCCAGCCCACTATGGTTAACGTGTGCCAGAGTCTGCCCTATGAGAAAGAAAAAGGGTGGGGGGCTAGGTCACCCACTGGAACAAGTCGTAAACATGTGTTCCAGTAAAATCTGCAGCGCGTCCATAAGGAATTTATCCTCCTCAGAGGTGTCCGTAGTTAATCAGCCGAGCGGAAGGGAGTTGGAATAAGAACTGCAGTCCGGGCCTCAGGCCGTTTTTTGGTACGAAAACTATACCGCATGCGAACTGTCCTTGCTGATCGCTTCTGTAGCTCGCCCGAGGTTGCCAGTGGATC,298,51.68,Arabidopsis thaliana
SEQ_220793,ATCGTAGTGGCGAAGGCAGAAGGACCCGTTGTCGTTCGAAGATTAGAGAGCGTATTCCCTAGAGGATTTGTGACCTTCGAGAACAATTACAACTTCCAGCTTATTATTTTCAGGCCCGTGAATGATCAATTTAGCGCAGGGACCGGTAAACCCCCAGGGCATGTAGGAGAAAATTATGTGTTGTTTATCGCTTAGGATCCGCCGCGGTAATCGAACCCGACATCCACCGCGAGTGCATGGTGCACTGTGTCAAGGTGTAGTTATCCTCGGGGAATACAACCGTGACGAAGGGTCTCCTACAGAGTGCTTGTCAAACGATTCACAACTGAACCGAAGTACGGCCAAATTCTAGCGTATATCTCTTCTTCTCGAGACTCTGCGCTAAACCAACGTCCCAGAGTGAATGATTGCAACCATGGGATAATCATTTGCTGT,435,48.05,Mus musculus
SEQ_275747,TCGAGGTCAGGGTCGGGAATCAGACTAAGGCCTGATTTCATTGAAGGCGAGTCCACCGAACTCGCCGTGCGGTGCAAGAAGGTAGTTGGTGGGCTGGGTTATTCCGCCATTCTGTCTGTAATTTGCTTCACAAATACGGGATTTTGGTTATCTCTCAGATAATATACGATGGGTGATGCAGTCATTGCATTGATCGGGCTGTTCCTTGCGCAAAGAGAT,219,48.86,Arabidopsis thaliana
SEQ_615312,ACCAGCCGGCCCGTGCGCCTAGGGCGTCCTACTTCTACTCTCCCAGTATTTACCAGGTGGTCTTGTTTCATGTAAGGACTAAGGGTGGAACTCTGGCGGGCACACTTACAACGCACTAATATTTTGTTAGGCGCCTCACCTCCAGTAAACTCCACGGTCCTAAAATCTCACGATTACGTATAAGTAAGGCTGAAGAAGTTAGCACCATCGAGATAGTGACCAGAAACAATAATAACGCTTTTATTATGCTCGCCACAAGAAGACCGTAAAATCGGAGCGTGGTTTCTAACCGTACGTCCCGGGGTGCTGGCTTTCACTGCACGGATTCTGTCTTTGACCCCTAGACTTTTGTGCGAAGAACCGCAACGCGAGAAGATCATAATTGCTTCATTGGGCCGGGGTGGGCGTAGAGGGACCACCGCGCGACGAACCACACTCACCGCGTAGGAAAGGTCAACCTCAATTCGATCAGAAGAGCTAATTACCAATTATGTATCACTCGTCAGAATCGTCAAGCTTGTGTGAATCGCCGAGCCCCAAGTCAAGTTTTTGTCTGACTCAGTGCTGGGGCGGATCAGAATATGGCGTACACGTGAAAATTAGGGCCTTCATAACGCGAGGA,622,49.84,Arabidopsis thaliana
SEQ_698384,TGGTTGTGTATATATCGGAGATTTTCTCCCATATCAGATTGTCGAGGTGGTTTCGCGACTATAAAATATTCGCGGCTGATGCCGGTCATATCCTCATTTGACCTGGGCGCAAACATCTATTTGACTCGTCGCGAGCTGCCTGAACCAAACAGGAAGAATCGGTACTCGCCAACAAGCTAGGCTGGCTACCACCACATTGCTCCAGTCCACATCGGGAGGTGTCGCGAAGCTACAAGGTACCTATTCTACCATTATTGATGGTTCATCTATGAGAACGTGTCAGCAACATACCCGCCAGTTGTACAGGCGCCGGGTCGCCGCCATCCTTGTATGGTCCGGACCAAGGTGTTTGAAATAGTCATAGACGTCATCGTTCGCCTTTTGATGTTAAACGCGTCCCAAGATGATTCAAAGCGACCTGATCCTATAGTCAGAGGATGGGTTGGCCTCATGTCGGTCATCTGCCGCTAGCACATTCCGCATTGCCTAAATGCCTCAAACCTTTATGGGGTGGTCACAGCCCCAGCCAACTATGGTGCGCGTCCAGTCGAACCAGCGTGAGCGTTGGAATACTAGGCTGATTTACCTGCATTACCTAGGGGTAGCTCTGCGTTGCAGTCGTACTGAAAAAAAACGAACGAAGCAGGGAAAGGTAATTCCTATCGAATCTGTTGTAAGGACTGTCGCCTTCCTGGGAAGCCCAGTATCAACCCGACAACGGCGACCAAGC,730,50.55,Drosophila melanogaster
SEQ_618818,CCAACTAATTTCCTAAGACCTTGAGCGAGGCCTCGGCTGGTACACCGTTACCCGGTGTCGGAGTTTCCACTTGAAGGCGCGACTCACTGCGTCGCTGCTCCTACAGGACGCCCCAATATAGACGTCTTAAAAATAAGATGTGTCCAATATCCGTACTCTTAAAATGCGGCCGAACTGCCGCACATAGTTTAAGGCTTAATATAAATTTAAGCTTGGGAATCTGTGTTTATACACTACGCTCTTGATGAATTGTCTGAGGGTGATAGATTACTAAGGGACAGTCCGGGATATTTATCCTATTCTATGGCAATAACAAAATGGTCCTGATGCGTGGATTTCATTTTCCATCGTCTCGCTGTCGACGACTACAGTTGTGCCAATACACTTTTGCAAACAGGGTAAACTTACAGCCCTGGATTATTCCTAGACTGGCGGGCGACTACCTGGGCACTAACGCAAGTGGGGGTCTCCTTGCAGGTGTGGACGTAGACGCTGACTTTTTTACGGAGGATTTACGGGCCCAGGTACGTCTAGAAACCATCACTAAGCCAAGTGAATTCGTGTGCCAGTACTAGAGAGAAGATAAAGGGAACTGATGTGCCACCGGTTGTTATAACTAGCGCGTCGCGGCATTTGAGATACGCCCAATACCTTACTGGCTGACGCACACGGAACGTAATTCCATGCTCGGTCGTGATATTGCGACTATATTATTACCCAGACATCATAGAAGACGAAGGTTGGTCCGGTCTACCCCCGCATTTGGTGACCGCGAGCTCACCTATCGGGACAGGCCGGATTAGTGGATGGGACACGGTGCAAGTGCCCACCTGCCAGTAGGTATGTGTACGCGCACATTAGGCCCGTAAAACATCAGTAATTGTGGAAGGTTACACCATTCCAGCGTGATTAGATCCAGCGAACTACCGCTTTAACGCTCGTACAGTCGGGGGGAATGCGTTTGCTCGGTACCTGCGGGTCACTCACATAGTTACTCTAAAATGCGGTCCTAAGGGAAAAGGGTTGCGCTCTAAGCGGCTATTGGACAGCCATCTAAAGGTGAGTACCACCGATATCGTATACCGCCTTGGACCGATTCCGCCTTGACGAGCTCGGTGGACGGT,1124,49.73,Mus musculus
SEQ_251918,CCCGACCGGGCGACATACAGGTTAGGGACCACCGGTTTTGAGACCCAGCGCAACATATAGATTTTTTAGCCCGCCTGATTGATTAACGTTGCGGCCCATCGCACGTTGCGATATTATGGGGCGTATCTGGCTTACGCCTGCGCCTGCACCTCCTTGCAGTATCCGCCTGGACTAGGCCCATTGCGTTGGGATTTTTTGCAGGTACCTCGGCTATTGCGCCGACATTTCTTCAACCATCCACTGATAGCTCTGAGAACAGGCCAGTTCGTGTAAGGAGTGACAAGTGCGGTCATCGCTTCCCGAGCCATTCGAGAACAATTGGGAAAGACGCTGTCTGCCATTGCTATACTGCTAAGTACACTGCCGGTCAGGAGCCCCCATGAATGTCTCCGCCCTGACCCGCACCTTGCATCTTCCAGCATATCTGCTTCCTAACCTGATTAAGTCCCAAGTAGGACCAATCCTCCTAACACAAGAGGCGCTAAGGACATTCTACCGGAATATACCTGGTCCCCTCCACCTCAAGGCCCCGGAGGGAGGGAAGCGCCACAGTACTACGTCCTAACGTGGCCTAAGAGACTTAGATTGACAGCCTCTCCCGAGTGACGACCAATACAGGACCGCTTAGTCAATAAAATCGAGAACGTTATTGTTTCCGGCGGACAGCCAACGAAGGTTACATGCTAGTGTTCACAGGGACTGGATGCATTGTTTTCTACAAAGTGGACGCATTAGCGAACCTTATAAATCTAGTTGACTTGCACGAAAGATGAACTCCACCTGGTCTGAGGCGGGAGTGTTATGACAACCGTTAAGATGTTAGTCAGACGTAGGCCCCGTTACGCCCGTTGTCCTATTCTTAGACTGTTAGAGTAGCATCGGATCTCTCAACACCATCTTCCATGCACCCATGTTGGAAACCTCCTCTCAGCTTAATAACATATCCTGCAGCCTGTCATACACTGGTTCAGATCTCCTAACGATGTATAAACTGCTACCAATGCGAGCGTTCGCCCGGAAGGTTCAACATTTTACTATGGTGAGCTGGAGCACCTCGACAGGATTTAAGCGGAGCTATCGAGGGGACCGCCCTCTTATACAAGCTCGACGGTACAATATGGTCTCGACGCCAATACGTGTGAACAATATGGAATTTCCCGTTAAAAGCACATTTGTTAGACGACCATGCCCCCGGTAATTACGGTAACCAAGGTGTTACTTATATGCGGATCCTACTAAGCAGGTGGTAGACTACCAGAATCGCATCCAAGGACACGATTTGTGGTAGTAGTAACATTGCGAGTAGTATGAGGGCCCAAACTTACCCGGAATCAAGTCGTGCCACATTATAGACGGGGTCTTTACTACGTCTCCATTTAGTTGGTGGAACTCCTGCTTTATGCGTCGGAGGGATCTTCCCCAATGGCTTCCGCTTCCTCTCGCGGCTCAGGGCAGTGCTGCGGTTGCCAGCTACTTTGTGTGCCTTTATCAACAGGTGAATCGGCATCAGCTTAAGTTACGGTCGATGAAGTGTACTTGGACATCTCACATTAGTGGTGATGGGACAACAGCATGGGAGTTTCGTGTAATGAGAATTCCCTACCTTTGACTACTTGACCTCGCTACGTCACGGACTCGTATCCCTGCTTCCACATTT,1657,50.21,Homo sapiens
SEQ_469623,GGTACGTACGGCTAGCACGTGGGGAATCCTCTAAGGTTTGAAGCTTTGCACTTACTTCGTTCGAAAGCCGCGAGGCCGTAGCCGCTGTTAGCCCTAGGTTGTTCAGGCACTCCTCAGCCTATTATTTCGAAGTTTTCGTGAATGTATTAGACGTTGCCCTGTTGTTTCTGGAATTTGTGCTTAGACTTAAGCATGGGACCCGACAATCGACTCCATATTCCCAACTGCCGAACCAGCGCCGCAGCCTACACTGTTACCAAGAGGATCGTAGGTTGAGACGGAAAGTCGCACCCGACTATACCTCATGTGCGTAAGTCTATGTCTCTTTGCTACCGTCAAGGATCTGGCTATGGCAGCGCCTAGTAAGTAGTCGAGAAATGATTCAAAGGTCTTTTCCTATACCAGTATTGCCCATTCGATCTATCAACGGGCATTTTTGCGGCAGCACCCTTAATCAACACAGTAGGGCTGGAGCACCAATCTTACCAAACGGAGTTGTCCGTGACTTTTCGAGATGATGCGAGAACCGCTGACGCCAGTCGCCTAAGGATTAATGGGGTTTTTTCTGGACGCGCTTGGAGAGCTGACCTATGTCATTACCCAGCTGCATATGCGGGAATTTGCTACTTCAAGTTGGTACCATTCT,646,49.23,Saccharomyces cerevisiae
SEQ_109593,CCCCCTCTAGAGCTCGCCGATGTACTATACAGTAAGGTACGTGCTTGAGTTCGACGGCGCCTGAAAACGCAGCAGCACAAGATCACACTGCATGATCAAACCTCCTAAAGTGCCCAGTGAACTGGAGGGCCCTTCGTGCAACGGTAGCCGCCTCCGGGCGCTCACACCGCGCCGAGCTCCTTTGAAGCAGCAGCAATGTCAAGAGTCGTCCGTGCAGTACTTACTCCGCTCTTGTTGCAGACATAACCAATCGATGACTCCTCAGATTAGTTTACCGGGCGGACAGTTAGTGAACGGTTAAGCAACCGGGATAAAAGCAACCTCATCCAAGATCAGCAATGCGCCCTTAGTGATCAAGGACGTACCAAACCAACCGCCCGTATTACCGGGAAGTTTAATCACACCCTGATACGATCCTTATATCGGCATAGCCTAATTCACGACGATAGGGGTCACAGTATTGGTTCTGTCATAATGTATTTCGTAGCTTTTTTGACCACTGATTGGTCCCAGCTATTGGATTCACCCAACCCCTCGACGGGGCTTTCATGACACTGCTTTAAGTGCGTTGCAAATCGATTAGAAGTGCGCGCGGCCCGACGGTACCACGACGAGTCCTGACGGAGCTTATAGTTGCCAGAAGTGTGCCAGCTTGAGCTCGACTGATGGCCAGTGCAGACCTGATAACGACCGACGAGGCCATCAGGATTCTGAGCCATTCCCCTACACATGGATAATTTCCGTGCTCGCGCGCATGTCGAATTGCCTGGGTCGAGG,777,52.64,Arabidopsis thaliana
SEQ_489476,GCAGACGTCACTTTGAGCACTTCCAAGACTCTAATTCCGTAATTCACGCGGACGCATTCTAACATGGCTTCAGTGTTTTCGCGGGCGTGCTTCGATCTCTATGAGAGGCGTGGACCCAGTGCCCGCACTAAGGGCAGGTCCCACAACACGGCATCGGTCCGGCACCTCCGATAGAGTGCCATCATAGGTGCCCTCGCGGATGCGGGCTTACCGCTCGTGATCCCGCCGCATCCGTAGCACTGACTGTAGTTAGATTCAATATAAGCATACAGGGGACCCTCCGGTACGGCATTCATAACCCATGTTCACCCTCATCTCGCCAAGTTGTCGTGAGCGCAAGAGTCGGGATCGAGTGATCAAGTCCAATGAGTAGGTGGGAGGGAAAAACACGCCATGCGAATTGGGTCAATATGCTTCAGGCATTTATTCCAATCCCGCATTGCCAAGATTCAACGCTTTAATTGTACGACCATCCGTCGCTTCGGGAGAATCTTGGTGAGAGCAGACTGTGTGCAGATGACATAAATTCAAACAGGGCACGGTGCCGTTTGTTGGCACTTCCAAGAGTTGGTTCGCTCAGGGCTTTTTACGCCAATCGGGCTTTTAGCGAATGTGTTCGACCAGCTCCAACAGGAATTACTTTCTAAGGAGAAGGAAAAGATTGAAGGCGGTGAGCTATCAAGTTGTCGCAAAGCGGGAGATTTTTTGCCCTATGTTTTTCTACTGGGCTTATAGCCAAGTCCTCCTAAGGAACCCCTATTTTTCTAGACATGAATCGTGGTCGTAAGAGCTCGACGTTTGCCCAAGCGAGCCTTAGGGGTAACTAGTCGCTCCAATCAATAGAGGTATTCACTCGTGTGCGAGAGAATGGGGTATGACATGTCCAGCCAGGGCAGTTATCTCCAGAGGCTGTGTTGCGAGCCCTGCCAATGAAATGATCGCGGAGCCCAGCCCCTTGAAAGGCAAGGAGCGATAGTTGTACCTCCCTGGTATTGGGATGCCATATTTCGAGTCACCGCCATTCGCAGACGAAGTTTCGCCGCATCCACACCAAGTGTCATTGTCAAGAGTGAGGTATAGCTGCGTACTTGGACCACACGTCGATATCCTGAATAGAAAATGAGGCCCAGCACCGTACGGAATCGATCCCGCTCATGACACCCACGGAATTGAGAACACGCCTTTGCTATTACTACAATTGAGTGCCTTGGCCGTGATAGCTCGGATGGGTAGACAGTCACAGTTAATATTGAATTAAAAGGAAAAGTGCCTGACCGTATAGAGAGGTCCATACTTCGTAGGGGCTTCACGCTCGAATCTGGAAATGCAAGAAGTAGATATGTGAGCTTATTCAGACTCCTAGTGAGATGAAGAATAGGATGTTTCAATGGAGTGTATACCCCTTCATGTATTAGGAACATGATGATGGCCACAAGATCTGACCCACTATGGATGATCCAACTGATTCACTAACGATTCCTGCAGATTCAGGTGTGATCGGAAGATGACCCGGAAATGGGCATGGAGGGTATCGGGAATGGCGGAAAACAGGGTCACGTACGAGTTAGGCGGTAAGCCGCTCTGAAGCTGACGTGTGCGCGTGATAGCCCAATGCTATCACAATACACGAGTTGTGATAGAACATAGGGCTAGTTACCGCATTCAGTTTCACGCACAAGTGAGTCTCAATTTCCCCGGTCCCGGACTTACCGTACACACGCGAACAGCTTGGCACGAACAACGGGCCATTATTTTTATTGGGTCACCCTACGTCATCTTCCCCGTACCAAGAAACAGCAGTGTGGAAGCCCCAGTGAGGGGAGTTTCCCCGTCTACGATACCTGGAC,1847,50.35,Escherichia coli
SEQ_285791,CCGATATCCAAAAGTTCTTGGACTAGTCATTGAGTGTTTGAAGTAAACTAATGGTGATTGAAGGGACCGTCTCCTCGAAGACAACTAACGTCGACACCAGGCAATTTGATTGATTATAAATCAACCCCACGGTGATAACCACCCGCCAATTATTCTAGAATGCCTGCGTGCACAGTGAAAACTTGTCCTTAGCTGCCCCTAGGCGTCCATTGTCGTCTAGTTAGATTAGGCTAGAATGAAAGAGAATGTACGCAATAATAGGTGATGTAACGACCCAGCCCAGGGCCCCATGTGAATGGGTTCTGTGCCATCCACCACCGACCTGCTTCACTGTACAGATCAATATATCCCTACACCGCAAGCACACAATTATGGTCTGCTCAGAAAAGGGTCGCCAGTCTAAAAGCTGACGTTTTCAGATGTTACCGTGCGGGAAGTTTGCAAAGACCCACCGTTTCGATGCGGAACACCAGCTGCCACAGGGAAAACACCTTTCCCTTCGGCGTGCAACCAGTTGTAGGTGTGATTCAGCTTCGTTGCCTCGCCTTAAGACAAGCAGCATGGACTCGTGTGACGAGCGTCTAAGCAGTAAGCACTTAGAAGTGACACGCGCTAGCGCCTTCTAGGCTCTCGTTTTATATCGCCTAATACCGGATTATGGGGCTTTGCCCCGTCTTTCGGCACTGGGTTTATTCAGAATGTTGTGCAAGAAGCACCCTGACTACTTTCGTGGGAGACCTGATACATGCTCGGAGGGGCGCCAGTTTGTAGATCCACTACCAGATTGGGCCTACGATGTAGCTCCTCAATCAAAGGTCTTTAAGGACTATCAGAACTTTACATACAACCACAAATATCCGTAAATCCCGAGAGGTTTTCCGAAAAAAGCCGGATCTGGTTCTAAAAACCGGAACCGACTTTGTGTTCGCAACGGTGAGACTATTCGAGGCATATGCTCCACCGGGATGCGTTTCAGTGAAGATATCAATACTCACGTGGGGTAGGATGACTAAACCACTGCGTGCGCGTACCCAGCAAGGATAAAAGCGGTATCCCGGTCAGCTTTCGCGATTCACACTTCTGAGAACAATACGACATCGCGGGGGCGGGGTCTCACCCGCCCGCGACACCGTCATAAACTGGTCGTAACCTTCACAGCTCTGCTAAAAACTCACTATTAGCTCAAGAACGCATCACGAGTCGGGACTGTAACCGGCCCCGAAGTGAAATCTTTATAGCTACCATGGTTTTCAAGCCTAATGCGTCTTCTCATCCCCAATCAGGCTAAACTAAGCAGCACTCGATGCTACAGGCTACTACCCGGACTTCCAATTACGAAATTAGAAGGCCAGCCTACTTCCGACATAACTTAACCCTCCGCTGAACAGTCGGCCTCGTTCTTAGACTGGGGTGGGGCTTATACTAACGTTTAGTAGGG,1438,49.17,Drosophila melanogaster
SEQ_927927,TACTAGCCCTGGAGAAACAACGTTATTAAAGAATCTTAGAAGCATGCACATCGGCAAGCGACACCAAAATGAGGGTTCGGTGAACACCCACCGTAAGTAACAGTACTTACCAGGTGCGGAGCAGGGAGTCAGGTACAGTCTGGTGCGTTTTGAGATGACACCGTAGATAGACCACAAGCCCATAAAGTTCGGAGTTCTTCCCCGCGGCAAGACATATAAATACAGGTACCGAAGCACTTTCCATCTCATCTCAACGAGCTGCCCAAACCATGTTACACGTTGTTGCTGAACATTTAGCCTCCAGCAACTGAGATCACTTGAACATTGATCGAAGGTTACAATCTCCACAAACAGAGGGTTGGTCAACGTGCGAGGAACCGACACAACCCGGTACAAACATCACATGGGCCCAAATACGTTTTAGTGTCCCGCTCCAAAAATCTGTACTTTCCAACTCACCGAGACGCTGTAGTGCTCATACGCAACCTGCCGCCCTACATGGTCATGCAAGACCAGTATTCATTCCAGCAGATGCCCTCTCCCGCCCCTAGTTCGTGTCGGTTTGGGCCAGACTGCTTTCCAGGAAAGGCGAAACTGTAGCAAATATCGCATCCCTCCCCTTCAACTCTGTCTTTATTGCACTAGGAGTTCGGTGGTTCTGCCGGCGTAGAGTGAGCGACTATGTCGAGCATCGACGTCATATTAAGAATGAATTGGTCCGCGGACTGCCCAGCCCGTAAGCTATCCTTTTCGACGTTCATGCGCCAGGACCCATTGCTAGGGAGCCGTTTTGCAAGCGCAAGCCTATAGGGTTCTACGTCCGCGTTCACAAACCTGTGTCTTGCAAGAACTTTATTAAGCGACACCGGAGCCTCTCATATTGCGTTCCTCTTTCAGGGGGTCCCGTGAAAGGGCCAAGGCCTGTGCCAGACACGCAGTAGTGTCACATTATGGGAAGCAGGAAAGGAACCTCAGATTTTAAGTAATAGCTTAGTCCGGAGGACTACATCAAGACAATAACTGCCTATCTTCTGGGAACATATTGTATGGCCTAGCTCCAGCGCTAGATGTCTTCATCGCCGTTCGGGACTTCCAGTTTTTGCCCCATTGACAGTTTCGCGACCCCTCCATCGATGCTACAAATTAATTCGGCCGGGTATTACTTCTCGGGTTGAGACAAAACGCAGATTATAAGCAGCAACTAAGGTGCCTAAGGGACCTTAAAGGGGAATTAACGTGGTATTCAATAATTAGCTGCGGAATCTATCATGATATCCGAGTACCCAATGGATCCTTCTGCCAAAATTTGTTGCCAATTACGGTGCAATGCGGGACGGAGGAAGAGGATAGCGGCATGCTCGGGGTAGGCAGCAGGGATAATACATAAAGTCTTCATCTAACTACATCACAGCAGGCGTAGAGAACCAATGCCCATCTTTCCCACCGAACACGTGATAAACAGACCCCGCTCCTAAGCAGGGTGTTCCAGTCTCATGAACGTACTTTAGGGCCGCATAGAGGGGAACTGGTTAGCCCTAAGTCGCGAGTTTCATTTTAGTAACAACGCCCCCATTGACGGCCGATACGCCTCCTACAGCGGCATTGTAGTTGACGGGAGAGGAGTTTCTGCCTCCATACTATCTAGGCGGACGCGAACGCTATAAGGAAGTAAAGGTGGAATCCACAACTTTAAACGCTTCTCTCGTGCTTGACCGGGCGTAACCGAGTATTCAAATGGTAGGAGCTCCACCTCGCTTTGAGTGCGGGACCTGCATGATGACAGATAAAGTTTATGGGTCATCGCCGTATTCCAGACATCATACCAGGTTAAGTGATAGGAGTTAAACTATCAAAGACTTCCTGGCCCGCCTGTAGTTACTGTCCTTGGGGCCACTAATGCTACCTTTTTACTAGGAGACCCCAGTGGAGGTTCACCGTTGCAAGAGTGTAAACGCCGACATATGCCCGGGTGCGTCCAATA,1981,49.62,Homo sapiens
SEQ_171197,GGACCGTTACTTCAGCGGTCGGCTAGATATGAACCACTAAGAGTGAAATAGGGCAAGGGCCACACTCGTTATCGATCGATGATGAACGCTACTGCGCAATTAGCGGGGGCTTTTGGAAGAAGTAATAAAATAAGTGGTAAAACCTTGCACTTTATTATTTAGATGGGACATCATCAGTTCAGTCGGCCGAAATAGTCCTAAGCTTAGCCGAAGTTATTTAGGGGAGTCTGCAATTGTAACGCGTAGCATTTCACGGACGCCGAAATCTCGGGGCCTTGGGCACTGGTAGCACATCTGAGACATGGATGTATGGAGGCAGTATGTAAATGAAAGGGATTGTTACACTCATTACATGGTGAGCTGTGCCTAATTGAGATGATCGCAGGGGATGATGCTTTCTCTGCCCTACGCCTCGTAGTAGCCAGGGGCTTCATGGGTACTGGGTCGTAGCAGAAAAGAGGAAGGGCGCGACAAACAACTCAAGTGAGCCCTAATGTACAAACGAAACCGGCAGAGAACCTGACCTTGGTTTGGTCCCCCACGTCAACTCGATTAGTATCTGCCAGGCATATCAACAGAGGCTAATCCAAGTTATAACACCGAAGTCAGCGCCCGTTAAAAGTACAGACCAATTTCGGGCGGT,643,48.21,Mus musculus
SEQ_985726,CGTAGACCCCCTCAATGGTAATCTGAAAACTGCCGTGCGCACTGCAAGAGTTATACGGATCTACAACAACTACGCCTTCAGCGTTGTGATCATATAAAGGCTCAGTCAAAGTCCTCATTCGCCACATTGCTAAGATGCTTTCATCTGCCACGACCTCGACGTCATCGTGATCATCAAGTTCGAAACTATGTCGCACGGATTAAGCGATGGACGTAGAATAAAGGTTGCCTGACCGCGCCCGCCGGTAGAGGGGCTGCACTGTCATCTGCATTGAGAACCCCGTAAGTTACATGCGCCTAATTTGGCAAAGCGATGAATTCTGGTGCATCCTTATGCCCTGACATCTCTAAACTACTGGCGGAAAGCGGAACAATAGACTGGATGTAAAAAAAATGGAGTAGACGGCGGCGGATCGATTACCATAGTTCGTAACTAAGCGATATTATCTGTAAAGTTCCCTAGCTGCTGCGCGGGGATCACTGGGGCGAGTATCTGATTCCTGCACTGGAGTAGCAATGGTCGCCAACGCCAGATCGGAGACTAACACTACTAATATCGTGGCTGGAATAGCTGATTCGAGATGCACCCACCCATGCGACAGACGTCTCATGCCCTGTTAGGCTTGGGCGTATACACAATGCTTTAACGCTAGCTGCTCTAACAGTAACGTCTCGTGCCGCATCTGGCTCTGTATCTCGCAGGCTATTCGGGGTCGAGGATTGACGCCAGCCCCCTGATTTCCATGACCGGGCCATTCTACCGTTTACGGCTTCTACTAGGTTATCTCGGGCGACCGAGGCCACATAAACACCGAACTACCCCTGGGTAGACTGCAGACGTTAGGGCGGGAGCGTCGAGCTACGTTGCCCAGCATGGGTCTCATGGTGGCCTAACTGTATTTAGCGCTCGTGTACTCCTTGCACTCAGTAGAAGTGTATTTAAACAATTAGTGAGTGAAACGTTAACACTTCCTATGGCTTCGCGTCTTCGCGTATACAATTACAATCAAACTTTTGGAGTACGCTAAAAAGCCATGTGCCGACGGGGCGGCAGACGCTGAGAGGCAAGCAGTGTACTGGCGAGTATTCCTTAAGCCTAACCGAGGGTGGCAAGTGATTCTAGACACAACGGGTGGAATACTCGTTCTAATTGCGAGAGCATGTACGAGGGCGCCCGGCAGGT,1182,50.93,Drosophila melanogaster
SEQ_533678,GGTCAGGAAAACTCATCTGAACCGAAGGCGAGAGATCCACAAAGTTATCCAACGTCCGCTATAGGGGGAGGGCAGGCACGCACTCATTCGCCAGTATGGAATCTTGATGTGCTTCCTACAATTACTACGTCGTCCACATCACTTTGCGCTTTGTGGCTCCATTTGCTCTCGGCTTCAACTGCCACCGTTGCCGCAGGATGGTAACCTTAACATTCAATCTACCAGTTCGACGCTTTCAAGGGATCTGGTATTCGGACTCATAGTGGGTCCAGGCTTGTCTGAGCGCTAAATGCCCTGCTGACGGTTAGCGCTCATTAGCTTCGCGAACCTTACCATCGCTTGCGCGGCCATGGGGGATAGATTCATACAGTTGAGATTAGCCAAACATGGGGCGCCTGAGTACGGTCATTACGGTAGGCTGTGGCAGCAGTCGGCACATACCGGGAGCTTTCAATAGGTCGACGTAAGGACTCAAGACCGGGTGGCACTACTTGTTGGCTTATTCACCGTACGTGCATATCCGTGCGTCTCGAAAAGGACACCATTCAAACGTAGGCGCCTTATGCCGTCGAAAACGCGTGTGGAGGGCTGAATAACGGAGGTTGGAAGTCTAAGTTACCGGTTAGCATATATTTGGAAAAGCTGTGTTCTCGCTACTTCTCACAATGAAGCCGAGAGCTACGCTTAATAATTTATGCGGGCAGACCCCAGTGGTCTAGAAAGTAAGAGATGTAATCGGGTTTTTGTACGTTGCGGTCGCTGACCAGAAGTGTCAGAAGCAAGACCCATGGCTAAACGCACCCCCAAACCGCGGATTCTCCTTTCTAGTTAAAACCTAATAACAGAATGTGAAATCGGAAAACCACTATCCCACGGAGGGAACGTGGCACCGCGCTATCCATACGCAAGTGCAACATCCCGAGAATTTAACGGCAGCCCTACCCTTGCATACTGCTGTCAAGTGTATGTCCACGTTTTATATGAACGCATGCACGTGTCATCTATAGACCACAGCACTAGTAAGAGCATATGGGATTCCCAGTTAATGAACAGCGCGAGCAAGGCCGAACAAATAGGGGCCGTTCCTTGGGTAGTCGTTAAGCGATTCCACGGCCAACTCCCATAACAGATTGGCCCAAACGAAATCATCGTAAGAGACGACGGCCCAGATGGGAGTGACGGGTGCTGAGAAAAGTCCGTGGACACTGTATTTTTCCGTAGCATCGTGGGCTATGCACTCGGCGACAGTTGCGTGCAAATATGAGACGTGTTACTGAATACTCGGGCCTGCAGCGAGACTTGTTCGATTTCTCCCGAGTTGTGTCTCAATGTTGTCAGTTCGCTGATGGCCGTATCACTCTGATATAATGCGATGGTTCTGGTTGGTTTCCCACGG,1396,50.5,Caenorhabditis elegans
SEQ_572298,GTCCTTCCTCAATACGTATAGCCTTCTACCGTTGGGATGGTTTAAGTGAGTGAAGAAACGAGTACGCAGCTGCCTCTAACACATCTGTGCCTCGCAAGTTGATACTGAGGCCTGACGAAAGTGCAATCAGGATTCTCCACATATGATGCGTCACAGAGGTCGATATGCTAAAGTAGCCTGGAAACGGATGGAATAGCATCAGTTGGGAACATCGTTAACATTTTCACCCCTAACGTTGACTACGCATTTTCTAGCGGGAAGGCCTAGTCTCGACGGGGTGGACCTGGTCCCAACAGCGGATGTTTCGGAGGTGGCTTAGAAACACTTAGGGGAGGCATTCCTCGAGCACGGCCGAATCGTGATTATCGCCTCTTCGACACGCCGATGGGTTGAGTACTAGTCACGGGGAGTAAGGAGTAGCGGCAATCATCCGTCCCGTGATGCTTTGTTAACCTGGGCAAACCTTCGATGCCGCGCGCCCCACTTTGATATGATATCATTTACCATTTTTGAGAAGGATCGAACCCACCGGATTGGTAAATTAATCAATAGGCTGATCTTACGTTTTTAGTGAGAAGTAGTGCTAGAGGAGCCACTTCACGCGGTAATAGACAGCCGGGCCAGGCGTGGAACATCATCTGACTCACCAAATTTGGATTCTACTCCGGACCCAAAGCCTGCTGGAACTTTATGCGCGATTTTTAGAGGGGTATTATACAGCCTGAGGTCTCGCGGAACCGAAGTCACTTTTTGTACCCGGTGATACCTAAGTATGGCGGAGACCCCTTTTTCAGGGACCCACATAGCTAGGTAAGGGTCGCCCCGAAGTGGAGAGAAGGGCTGAAGTGGACCAATAAAGTGATGTCCGCTTATTGCAAACGGAGCATGGTATAATCAACCGGTAATACGATCGCTCCACAGTGAATGGCCCAGAATGCACGGTCCCCGAAACACGCGTGATAGTGGTGGTCGTCTTCATAAGTTCTGAGTAAGAGTCACTGCATTCAAATTGATGAGCAAGCGATTGTCCAACCTGATGGTGTACATGCTTCAATGTACTCATACGGCTCGGTAAACGAGCAACTGACCGTATGCTATGTGAAATAGTCTGCAAAGAAAATTGGTTTCTAACATTATAGTGACGGCCCCAGTCTAGATTAACAAACAGCTACAGGTGGTTTCACCAAAGGTTTACCGAAGTCCTTGTATATTACCCTCATCCGAGGTGTCAGACTGTACAATTGACCAATTGTCGACTCCTTATCGGTCCAGATATAGCTGCCACGAGTAATTTTTCTAGGCCGTCCTTGAGCACGCGGCCAATAGAGGAAATGTAAAGCGCTACCCAATACAACCAAGTCCATGACACAGGGTTTTTAGACATTTAGAGCATAGTAGTCTGTGTGATAATTGCCAACCGCCAGCGAGACTGCGAACACACGGACCAATCTCCCGCGGGTGTAGTGATTCCAACGTAAGACAACGCTCACTCTACCTGCCAGCGGGAATTGTCGCATTTTCGGGGCTCAAGTACACTGATTTGACGTAGCATATTAACTAAGGGAGCGTTGTGCTAACAATCTTGATGCTTCTATCCCCGATCTCCAAAGTGCAACGTGGCGTCTGCGTCGGACACCGAACCATTATAATTCGGTTAATATCGCCCGCGGATAAATAAAATCCTACCTCCCCGTGGTCAATGCGGTGCCTTCCCCGTCGTTAGGAATGATGGCGATTCCCCTTTTGTTCCCTACCACAGGTGTTGGGTCATACACCTAACGTTAAGATCCTGAGCGGGTGAAAGAGGAGACGTTAGCTTGTTGTTAAGCCTAATAAAGGATGTCGGAAAGTTTCCAAAATCGATCAATGAGCAACTCGAGACATGACATGTCTGCTGTCAGCCCACACTTACAGAATTTATTATGAAAGATTCCTTGAATTAATTCTTGTATCCAAC,1957,47.88,Escherichia coli
SEQ_972807,AACAATAGGTGTATTGCTGTGTAAGCAGCGTCGACTCCCACGGAAGTGCAGGCCGTTCGTATCGCGAGGAAACCCTAATTTCCTTAACAAGTTTAACAGTCCACCTGGAACGGCATGCTTCCCATATTATCGTACCGTTCGCAAGGTATAGACCCGTCTGAGTCAACTAGCTGCAGCCTTCGTGCTAGCCGCTTGTCAGGATCCATAGAAGCGTGGCTGCGTTGGAGTGCTTCTGGTATTAAGGAGCTCCTTGCCATGTCGCCCTGGCTTAGCGTCACGCTCAGAACCTTAGAGAAGACGGGGACGTATATTCCACATCAGGCGAACCCGACAGGCGCTGCGGGGCTAGTAAGAGCACTAGTCGTACTAGGGTATCTGCTCCGTCAGATGAATGAGCGACAGCTACTTCGTGGGACCGGGCCCGCAAAAAAACACCTCGAAACTCACGGCCGTGCACGCGGACGGCCCAAAAGATGTGGATCACTAGGCCCGAGTAACCCAATTGGCGGCACGCTTCCAACCACAGACAAATACCATCAAGGCTTCGTGGTGACCCCTCTCTCCGAAATCAAACGAAAACTCCTGCCTATACGACCGGTCCTATCGTGAAATCAGCATGGCTACTTGCGTCTTGAGATGAGCATCACACTGCAACCCAGGATTGTCAGATCACTGACATCTTGATAACTCTGAGTTCATGTTTTCGCAGCTCGCAGCCTGCGGTTCACATATTATACATGTATGGTCACTCTAGGGGGATCTGACTTTGATTTACGCTCACCCACCCCGAGTAGTAGTGTTATTAGTGACAACCTGGTTCCCCCGACTCTCATTCTAAAGCGAGTTGGGTCCGTGAGTGATCGAGCGGGGTGCCAGACGGCTATACCAGACGGACAAGAACACCTGCTCTATGGTTGAAATTACTTGACCCAACGTCAAAACAACAACGATCCCTGTTAGTTATAGAGACAGTTGTTACAACTTTATTCGGCGGCAGTCGTTTACAAAAACGTGCAGCGCTCGCGTTCTGTCTGTGTTGTCTGAACAGTATCGGTCGCAGCATCGTTTGGGCCCCTCGTAAACGGACTTCGCGAATTCTCCACATCTATAAGCTAGGCCTCTCGCAAGGCCCCATCTTCAACCGTTACGCATCTGTCGTGCCTAACGTGGTCCGGTCAGGGACCAATGCAAAATTTCTTGCATATTCGGTGAGAGAAGGAAGGTGAGAGGGTGATGCCGTGCCCTGATGACACAGATCGGAGTGAAGGGCCTGCCTGCAGCTTCGATACCAGAGGCTCAGCCATTGTAGTTTTCAGTGCAGTCGAAAAACGGTCTCTGTTTCTATAGTGCAAGGGGTTGCAGCTGTCTTCGCGTTTGTCATCACATGTTACTAAGTACCTTGGGGCAACAGGCCAACCTAGACCTCATTTGATTGAATCTCTGTAGCCGACTGTATTCACGACCCGGGGTGCCTCGTGAAGACTTATGTTAAGATCGTGCACTGACTCCAACGTGTTCCCCACAGTTCTATACCGGGTTTCACTGCTACTGACTGGTCTACACCTGAGGGCGTCCTGACTCACCCTAATACACGTCTCTAGTACCCGCCGTGTGGACAGCCTAAACTGGCCGGCTCCCAGATCGGTCGGTGCCAGTTAATAAGGGGGATGGTCGTGCGTGTTTTTTGGGCGTATTGTGCTATCTGTATAGGAACATGATCTTGAGTCACCCCGAGCTGTCCTCGCCAGTCAAGGGGCTAGAATCTTTGAAGTACTCAGGCTAGTTTTTATCAGAGGTCAAGTGGCTCTCGTCAAGTCGTTACGCAGCGGCCATACGTCAAAGCCAAACTATCGACGTACCCTGTGGGTGGTCTACAATCGTTTAGTTGCTTAGGTCATACTAATGGGTCCGGATCCTTAATGATGCGGAGTGTATCGGGCCCGGGGAACAGCTCGTTTGCGCTATGGACGAGCCGTTTAACTGGAG,1986,51.66,Saccharomyces cerevisiae
SEQ_997240,CCCAAACAGTAGGTGCCTCCGAACCTGGTGTCCCTTATTCTAGGACGGGGAGGTCTGACTGGGGATCGACACATGGACTCAGAGATTCGTAAGTGAATGGGCCTCAGACCCATCAGCTTGGCCCTGCCCGGGTCCTTAGCGAAATAAACTTCGATACCGTGAGTACAAATAATCCGACATAGTCACTTCGATGGATTGAACAGAGGATCAACGCCCGCACAGTTGTGCGCCGTTTTCAGGAGCGAACCGCTTTTGCTCGAATAGATGCCTAGTTAACGGTGTGTCCGCCGTTTAAGGTACTTAGAGTCTCGACGTACTAGGTAACCTATGGCCTGATTCATCCCTACGGGCTCTTGATCTCCACACACGAATTCGAAGATGTTTATCAAGTTAATCGGAGGTGTAAACTGCGTGCACGGATATTTTCTAAGCAAGTCGGGTTGCTTAAGTGCGCAAACTTGGCCGCGACCCGTATTACCCGGGGGACCCGATTGGTGAAGTAATGTCGCGGCTTCTTGTTGCAGTTCTCTCACCCTCCACCTCGCTTTCGTCCTAGCAAGCATTACGTTACTAGCCCGAGATTCAAAGATGTTTCCGCTTAAAGCAGCCACTTGCTAAGTGAGAGTAATTAGTGCAAACTTGGCGAACGAACAGTAGTAGGTAATCTTCGAACTCGGTTTACCACGCGTTCTCGCCACGCGCGTATATGTTACGACCCTAACTCCAACCGAAACGCAATCTCAGATGATCAGTGTACTACGATAGGAGAGTCTGGGGATGGTGATGACTGCTCGGTCGGTCAAGGGACTAAAGGTGATATCGGTTAGATGGTTGTCGTACCGGCGAGCACCCTGACCACACTCACCGGGGGTTGCCACGGCGCTGCACGGGAACAACCTTGATGATTCCGTGTCCCGCTCTAATGACGATTTTACGAGACCGCCTTCGAGTGTCCAAATTTTAGCCTATTACTAAGGAGGAGGGACGGCGCAGACCCGTAGAACTATACTATACACCAAGTATTGTAGCTACCTCATGTGCCCTTAGGTGTGAACTGCAAGTGATCTGCCGCCCAGTGGGACGATAA,1087,50.97,Caenorhabditis elegans
SEQ_742755,GCGAACCAGAAAGCCTGAAACGAAATAACATCTGGAATAGATGATACAGGTTTCCACCCATTAGCTCGAAGAGGGCAACGGAAGACAAATTTGCAGTCAGCTTGGTTAGGGCTCGCCATCCAACAGGCAATGCCTGGTGGCATCATTCTGGACACTGAATGCGGAACAGTTGCTTAACGACTAATGTTCGGGTTTGGTCCCCTGGATCTGCCGCCCACACCGGCATGCCTTTATCAAGGGACTTTGGGATCTCGGCGCGTTGAGGGAATAAAACAGGTATCCAGGAGCCCATAACGGACGTCAGAAACTCAGAGCACAGGGCTACCCCAAGAGTAACGTTAACCGGCACTCTTCTAGTTCCCCAACCGACATCGTTTCCATCGATTAGAGCTGTTGATATAAGACCGACAACTGGGGGTGTCGCTAAAGGCCCACCTCAAGCCCCGGTTTCCCTAGGTAGGTAACAGGCACACTGGTTTAGGCGGTAAAGAAGTCAGCAATATCTGCGGTGCGGGATAACCCAAGTTCTGCTACTAACCCGCGCCCAGATCGGACGCGTACATCTCTTGGGTAGCTCACCAGCGAGTAAGTTCCAAATCGTCGATCGAAGTCGCCCCCGCGCTCTACCTACACACCTCGCGGATGCTGACCAGCCAGGATCGGCTTGGCCCTTCTCGCTGTCCGAGTTCTCTCAACACCTGGATCTTCTAGTTCACCTTAGCATTCTAGGCATCGGACGTCCGTAGATAGATATAGTACGTACTGCTGAGGTGGGACTAGACGCCGCAGGCACTTTTGTAAGCTGCGAATCCGGGCGGTTATATGTTGAAACCACCGCGATGTGTAGCCTTGTTTCCCACTCGATGTTAGGACTGTATCCAGCCACTACAATCGATATTTCGAAGGCGGCGCGGTATTATTCGAATATCTCCATTCTTTGCGCCCGACTAACCGCAAATCAATCCATCGGCGGTTGCAACACAGCGGCCTTGTCGACGCGTGAAGCGCGCGTCTCCGTCCGGACGCTCACGCCGGCGGGATTCAGACCCCTTACGAACAATTTTACTATTATTAGTCCTTGCAATGGCGAACAATACGCATGGTGCGGGCGCTAGTGATGCTCAAAGCCGAACCTCGCCGTTCTTGTATGCCGGGTTCTGGCCTGCATCGCTGCCGACGCGCTATGCAAATTAAGTGCCCATTATCTCATTGGCGATGACCGGCCATATAGACGAATGATTTCGAGGTCATTTAGTTGCACGGGTCTATGGAACCAGACGTCCGTGTCTCGTGGCAACAAGACTATCTTTCGTAGCATGACGTCATTCTATTAGGGGAATTGTCTCCGAGTTTACCTTTCCCCCTCTTGCCTGTTGCCTGAGCCGACCTCCCCAGATAGGTACCTCATCATTCGATGTGGATGGTGTAATCTCTTCATGATGCATATAGATCCGATCTGCTGCAAAACTAATTGCCCAAACTCGTATCTTAGATCGATCGGGGTTCTAGTGAAATGACGCCTAAGACAATGATGTAAGCATTATACCGAGTACGTCACTACACACTTTGTAGACCCATGACGTGGGG,1587,51.67,Mus musculus
SEQ_797415,CCATCTTACGTCCTAGTTATGACGGGGGCAAATCCCCTATAACTGGCATGAGATTTTTTACCGTAAGGAAATTAGCGGACTATAGCAGATATGTCCGGCTACCTAGCTCATTTGGGGCGTCTATTCCGGATATCGGAGCTCGGAGAGGAGAAGCGCCAGCGCTGAACCCGCAGTCCCGAGCTCCAGAGCCAACCTAGCTCGCAAGGACGCAGTGGTAAGAACATGTGTGGGTTTTGCGATCCAGTAGCCGTTTTACCGCTGCGTTATCTCAATACACCAATGAGACAAAAGGCACGTCGGTTTTTTATGAGTTCCTACAGTTCAGTCAACCTCATGATTGCCGAGCAGCCAATCGGCACCTAGCAAAATTCGGCAACAAGATATAAACGAACAGTAAGCTACCATAGTCTATCAACTCATGACGGGTGATGTCGCAAGCCAGATAAATGTGAGAGGCGGGTGGACAAAGGCCGCTTTAAATCTATGATACCCTGATAAGCGTCCTGCATGCGGCTTAGTGCGGCCTACCGGTGTTAGCGCGCGCTTATCGCACGCATAGGCTTGCCGGCGG,571,51.14,Mus musculus
SEQ_390418,TCGTTTTTCCAATCCCTAATACGGGGATGATCTAATAAGGCGTTGATCGGCATGGCTGCGCGCGACTATTTTGACTCGGTGGTTGCCACTTTTAGGCCACCATTCAGAATATAAGAGGGGGTACGGCCGAGTGTTTTCCGAAGCTATAATCGGCTATGAAGTATCACTAAGCCCTTCCGACGACTGCGTCTCCATCTTCTTGTAACGGTTGGTTGACGCGCACTCGCTGTGGGGTTTGTCGCCTTTTGATATGAAATAATTAGTGGGCTATTGAAAAATTAATCGTCCGGGTCTGGCGGCCCCTATGTGAGTTTTGAACCATCAAGCGCTACGCACCCTATATACTAGATCGCACTATCGCGTAACTTCGATACCTTATCTTCCAACCA,389,47.81,Arabidopsis thaliana
SEQ_892979,ATTGGTTGGCAGCATCCATCGGTCGATGAAACAGCGATAGAGCACTGTAGGCTTTACAGGCTTATTCCTTCATTGAGGTTGCATTGGCCGGCGACAGGGGCTATTGTTGCCATCAGGTACAGGAGGAGTATCCTGGACCTAATGATAACCACTGCGGGAAGATTTT,166,49.4,Mus musculus
SEQ_974093,TGGAACACGGACCCGTAGGGTGCGAGCAATGGTGGCGGGTTTTGATGGTGGATTCAGCGTGAGACCGACGTATGGTCCGCTCTTGCACATAGTGATTCCGATAACGGGTGGGTTCTCGACTTCGCGCTAACTCGGTTCCGCTCCGTAATACATCTACGGCTCAAGTGCAACGGCAAAAATCGAACAGGCAAGGGGATGTCTTGCCCTGACGAGCTCCAAACCGAGCGAAATTGAGCCAGGCAATCCTTTATACCCTGCGATTCCTGCCTTAGGCTGCCTGGGAATTGATCTGTAACATGAATTCACAAGCAGGCCGATCCGATCGGACGAGACGAAAGTGTTCTTAGTTCAAGGATCCGAATCGTTTCGCGACCCTATAATTACCCGCATAAGGGGGGCAGAAGGCTTCGCTGTCGGACTGCCGTAGTCGATCGGTATCTACTATCTCTAGCCTGTCTAACGTTGGGTCCCTCCAGCAACCATTGGCCAAGAGTCATAGTGTTAACACGGACACGGAAAATTCTTTGATTCAGGTTATAGAAACTTGAATGCACCACCGCATTAGGCCCAAAGGCACGGGGAAATGAGCGTCTCGTTGCAATCTGTTGAGCGTTGCATTGTATCCTCTCACGAGAGGGAGACTCCTTCTGGGAAGAGTGTCTACCCAAGCGCAGGCACGTATACTCGCCGGGTTTAACGAAATCATATGTAGAAGTGCGGCGAGTAGTTTCCCCATATAATCTCCTTATTTAGACACGAATGTGTACACCCGAGGTTACTAACACCTTCTCATCCCGGGCCCGTTTTACCGTTCCGGGGTGACATGAATCGCAGGAGTCAGGAGTTACTCAGTCTAGGTCCGCGCCCCACTAAGTAGTTGCGAGATCAGTATTCTCTCATAATCATCCTAAAAGCCAGTCCAGTCCGCTTCCGGAGTGGTTACAGCGTGTGCAATGATTTGAATCTCCGAGGAGTACAGAACCCCCTCGGAACTCACTAGGAGATGTTCTGCTCACGTGTCAAGTCCAAGCGGTGATGCAGGCCGGTACGCACATTTGAAATCGCCAATATAAATTAGACCTCCAAGCCTGCCCGATATATCCCGCAGGCATTGGCTCAACGCCCGGTACCATATGCTCTCTGCGCCACCGGATAAGTTCATCGATACTGCCATAGCCCTAGATTTTCTGCGAACGAGGTCTTACAGCACAGCCGCCAGACCGTTGAGAGGCGTGTAGGGTACACATTACTGATGTGAACGCGGCACAGGAGTCCTGTCGCTAATAAGACTGGACACGATCACACACCACACCGAATGCTTCGATTGGATATGAACACCACTTCAGGTCATACGCAACCTTCTTGCGGGTGCCATTTCCTTC,1382,51.52,Arabidopsis thaliana
SEQ_880268,AATTCATCATTGAGAGAGACTCAAGTTGCGCCAGTCTCGCACTGTAGTCGGGGTTTTAAGTGCCTTGGAATAAAAATATGCAGCACAGCCTGTTCGATTTTGCTTGGTGGCCGCTGACTTCGAGATTCCCAGAACCGTTTAGCCCCGTAAGTTGCGATCCGTACAATCCGGAGGACTTCCGCCCCCCCATAATACTACTAGCTATTAAGTCACCTGTCACGGCGCGCTGTCACACGTTATTTGGTATGATAGCTATCTGTTTGTAGAGTTGGAAATATTCTGTGTTAAAAGATGTGTGGGTGTACAGTGACTTCCATGGTGTATAAACATAGCCCATAGGTGCCCTCACAAAAGAGCGGTTCATGCTACCCCTATCAAACGCTCTATATCCCAATTCCTCCGGTAGGCGATAGCGTACAGGGGAGCAGGTTTAGTCGCCGAGTCAGTGGGTATTCATTTTTAGTAGCTACGGGCAAGCAACAACAGATGCTCCTACTAAGTAATTCCTCGGAACACGTTCTTCCGTCTACGTCTGTTCATCTAGTGCTGAATATACCAAGTATCGAGATCGCAGATTTCTTCGAGAGCAAGATTACACGCCGTGATACCAACGACTTTCTGCAACTTTCCGCTGCCGTATTATCACTACAAGAACCGGAGCGTAGAAGTCTATGGGAGTGATTCTTGCTGAAGCAGAATGTTAGGCTATGCCCCCCGATGCTAAAGAGCACGGTCGTGACGCGAGGGCATGCCCAAAAGACGCGGACATTTCCTGCGTAGGAGCTGTCAGCTGGCGTTCTTAGTCGGTAGCACTCCCGTCTAATTGCAAGGACACCCTTAGCGGGAGAATACTCCCAGTAAATGGGATCGCAAAAGGTTTCTGATAGCCTGCCAGGGGGTTTGCAAGTAATGGATGCAATAGGTAACGATTGTGCAAGGTGTATGCTATAACCTGGCTCGTGTTACCCGACCGCCTTTAGGGTGCGTCAAGACGCCTCTGGTGCTAAACACCCGGTACCTGGTATATAGAG,1031,48.98,Saccharomyces cerevisiae
SEQ_617265,ACTTCGAATGCATAGGCCGTAACTGATCTGCCTAAAAGAACACTATCTGACACCAATGAGCCGGCTCTGGATCATTAGAAGTCTAGCGACGGAAGCAGGATGGGTCTGATCTATAGTGACTTAGGCTACATAACTCGGACAATGTGTCCCGCAATTTCATCTGGACTTTGCCTTGCCAAACGCGGCGGAGAAGGTTAGTGGTCTCCAGTTCCACAATTCAGCTCGGCTATTTAGCATCTCGGTGGTCCCTAAGCGCTGTCACCGGTCGTACGAGATAGGATAATCGTGTTAATGCCACCTTCTAAGACACTGTGTGCGGCTTGGTGCTGTATTTGACAGTCTGGCCAGGAGCACCGCACCATCGAATTTATATTCATGCGGCGCATTCCCTTTCCTGCATGTTGAGTCGAGCTGTATATGGTATACTGGGGCTAGCTTTGGCATGCCGGGAACCAATTCTTACTAATGGGTAGGTAAGCCGTGGAGGAACAATCCTGTTGGCCTAACCAGGTAGAACCATGGATAGAAATTTATGCATCCGCAGCGCATGGACCATCCAACGTACGAAATATCAGAGGTC,580,49.31,Caenorhabditis elegans
SEQ_741186,CGACTCCGTAGCCGTAAAAGTTCTTATCCAGTTAACGTTGTCACGTACTCGAATATGCCGCGTTTTGCTAACCTGCACATGTTGTTTTCACCGAGATCTATCTTCCGGTGAGAGCGACTGGGAGCGACCCTGTATACGGGGACTCATGCTGACGGAAACGATACTCGGTGTAATCGACATGCTGGGCCGAACCTACCTCAGCCCCAATCGCGGGATCCAGTTCGAATCAGCGGGCAGACTATAAGCTGTACAGGCATTTCCGTCGTCGCGTATGGGGTTATGAGTTCGGAGTCTTTCGTATGCGGGTGCCCTCACATAACAAGTACGACTGAATCCTCTCCTCAACTTCATGGCGATAAGTATGGCCAAATCTCGTAAAGGCCTGCGCAGGTCGTGAAAGTGTGGGATACTGGACTATTTCGTCATCGTAGCGCCGAAGAGTGTCAACCTGTAGGGCCCACATGTAAGAAAGATGGTTCGTTCTGTAAGTTCAATCATCACGTACACCAGCCATAGGGAGACAAAAAGATCGCTAGGTCCGTGGTGCTCAAGTCGAACCCAAAAACTGAAGAAGGTCTAGTGCGCACGTACGCCCACAGGCAAGACCCGTATCCATTTTAGGCGAGAAACAACAAATGAGTCGCCGCGCATGTCCGGCATTCCCACACCACGAGTCGGGACTTGGCGGTTCCTTCATGCCTTTCATCAATAGCACGTACGATGTTTTGCCCAGATCTTTGGTGCCCTTTGTCTCAGCGAGAATTTGTGCTCATTCTGGTTTTATTTGGCGTGCCTTAAGAGTTTGACATACGCGCATTGTAGGCGATGGAACGGATAGGACCGCCGGCTCGTAACTCATAAATGGTGTGAGGCTCTATGGTGCTGATTCAGGGAAATATGAACCTGTCAGACTTCACCACATCGGCTCGCCTGCGTGCAGTCGTTCGCTACTATGATATACAAGTGATGTGCAGCTATCGAGGAGCCTAGAATGCCGTTGATGACGCGTGAAGGGGCCGGCAACCAGTGATTGACAGCCCAGACTAGGATATTAGTTTACCCTATACCTTCGATGTCTCCGACACCATGGGTGAGTTAGGGCGAGGTTCGCTTTGGGATGGTTGGCTGTTGGAGAGGTTTCATGAGCCCACAAACATCCGACGAACTCAGCAACTATTGTGGAGCTAGCGGGAGGATCGGCGCCCTCACCTCAGTATACTCGCCTCCCTCTAGGATACTATTACACGTAGAGTGGAATCGACCTCTCGGTATATGCCCGCTGCTGGTGCATGCACCCCGCATTGGTGTATTATTCATAAAAAATAATCTGATATGTACAAGTCCACTACGGGAAACCTACTGGGCGTTCGACGCGCAAGGATGCTCTTACTGTTGTCCTGTTGGATCCCGACGGATTAGAGGGTTCAATGAGCCAAACAGGTCAAGTTTGCCGGTACCTAGATCGGCGTCGGCGCAAGTCAGGTGGATGCGACGAGGGACCTAGTCGCACATCATGTCAATCACAGATTGCTCGAGATGACCTCCAATGTCTCATAGGCATAGTATGTCTTGACCCACTGCCAACATGCCGGCCAAGAAGCACTCAAATGATCGTAGACGCGGTTACTGATGGCACACCCTCATGAAAGCCTCTCCACGCAGGTTAGGATCCAGAAGGCTTTCCAGTGTATTTCCGTTTCAGAGTGCCATTTGAGCGTGCGGCGAGAGGGACGGCAAGCACATTTTACACCATGTATGTTTACGACGCCTCATTTAGAAGATTTTGTTAGCTCAGGAGCGGTCTGTGGCCTCTTTGGCAACACGGGACCGCTAAGAGGGAATTCTCCCTTTGGAGTCACCACCATAGCGGTCAGCAGCTCTTGGGATGGGCACTCTTCGGGCCCTCGGGCCTGGCCACTGTTGTTAGGATAAACATAAAGCCTCATTCTAGTCTCAGGCTCTACTTAAGTCTACTCTAAATAATTGGCG,1989,51.18,Arabidopsis thaliana
SEQ_832479,ACGTGATTACGAGGTGCAGAGCGTTAAGGCACCCATTCAACCGGGAGTCGGTGCTCGACATGAACCTTGACCGCCAAAGGACAACTAGAACCCTGACTCTGGCGTGAAGGTTCAATCGCTGCGCGTCAAGAGCTCAATCTCATCTAGTTCCGGCGACGCCACGATGATCGGCTTTCTAACCAGAGTACCCCCACAGGAGGTTATATCGTTGAGTCATTTACCTTAGTAATGGATGCATCGGGCGACCGAACCCTTCGCCTATGAAGACATATGGACGATATACAACGTACCACGATCTGCGACTGGGTATAACTTCCAGGTGGATGTTGCTTCCCTGCTCCTGGTATAGATGGTGGAGGCCTATTCCCCTCTCAATTTGGGAGTGAAGGGTCATACTTTTAGTAGGTCCTTGTCGGTTAAACGGCAGTTACTAGTCGAGGCGACAGTGTTGGGGTAATAGAACAAGAGCGCGTAGGGCCTAGCCCCCTACAACGTGGCACCAAAGTAGGCCTGGGGTCTCAAATGCAGGAAGAGTGATCTGTGCACACATTGGTACAACTACCATGTGAAAATAAGTCTGAGTATCGAAGTCGTAAGAGGGACATCGGTGCTTCCAAACTAGTCAAAGGTGGAAATGCTGATCTCATAGGCGAGCAGTGGAACGGTAC,668,50.75,Homo sapiens
SEQ_648557,GCGGCTTATCCTCCCGGCGATCAAGTCTACACGACTAGCACACGATACCGGCATGACGATGTAGCGTCGCGCCAATAAATCCCTGCATACCGGGAATGCCATAAACAGTTACTGCAGTAGAATGTTCCGCCGATTGATATCGTATTCGGTGGCAATTACACGTTACTAGATCCCAAGCAAGTCCCCAATCTCAGAAAAACGAGGTCTACACAGCAGTCATCACGTCCAAAGTACCACGGGGACAGAGCGGCATGTTTAAGGGAAATTCGTAGCAGGCCGGGAACGTTATGGGGGACAAGTCCGGCGAGGCTACGAGTCTACTTCCATTTTTGACCGGACACCTCACGGCCAAGCCCGTACCCGTATGAACTAGGAGTCCCCTGATTAGCTGACGTCATAAAAGAAGATAGAAGCAAACGACACTGGGCGTCCATCCCAATTCTCTGAACTATCATATTGTTGAGTCAGTCATGCACCGAGTTACGCCATTGTGTATAGTAGTTTCCTGGCCCTGTCGAGAGACAACGTGGATCCAAAGGCCCAAATGTTTGATTGGTGTCGGTGTTGTGGGAAGAGGGCAGTCCCTTACGACGAAATAAGACGAGAATTCCACGCCCCAGTACAAAACACGGCCAGGGAATGCGAACAACTTAGGACCCATAGAATGGGGTTTGGCCTAGCGGTTCCCTAGCCAAGGGTGGCAGGGCGACGCCCCGCGTGCAAACAAGAGACGTTGCCACAGAGGTTGCCGTCCTGATGAAAAGCAAGGAGAGCTTTCACGCGCAATCTAGGTACCATATCCTGGCCATCCGCCACGTTGAACCACCTCCGTACGTAGAGGACATCACTAAAATCAAAAATAGTTACTATTTGCACCCGCATGTACTCGCTCTCTGCGTCCGCAGCTCATTATAAAAGAAAGCTCTAATCATCACGAAGCGGGCTTTTCCTTCAGAACATAGGTGACCATTCTGTATTAACGGGCATGTCGCTCCACGACAGAGACCCTGTCACGGAGAAATAGACATAAGACCGGGTACGACTAGATTGGGAAGATCCAGACGCCCAGATCCATCCATTTGCCGTCCGTAAAAATGCGAATCGCCCGGGTCGCTAGAAAGGCGCCATCACGACCTTCCGGGAGGCCCTATCTGATTACTCCAGTCAATCAAGCAACTTTGGATGGGAGGCGTAAATTGTAAGTGATATCGGTATCATTACGTATGTGCGCTAAGATTTAAAGATTCAATTCGGCGCGAGTCAGTGACGCTGAAACCCCCGCTCGGTAGGAACAAGCAATGCCCTAACTTGTGCTTTCCATACTCAGCCACATGGGGTAA,1340,50.75,Caenorhabditis elegans
SEQ_788739,TTCCGTCAGCAAACGCTCCGTACACATAATCAGAAGTTTAGCGTTGGGCGAAGTAAATGTCGCAGTGATATTACATCATAGAGGGGTTCTATATTATAGGCTTAACAAACGACTTATGCGTACTTTTTCTCAGCACTATTCAGTCGGGACTGCGAACTTGGAATGCAGCCCGGGAGCGTCTTACCCAGATGTTTTCACTAAGGATGGATGCGGACGGTTGTCAAAGGGCGTTAAAATGGCCACCTAGCCACGGGCTATCTAGTGATGGGGAAACCTCGCAAATGCGGTTGGCAGAATGCGACTCGCGAGCGTCTACGGGTAGCAACTGGTGTGTGACTACTCGACCTATACCTATGAGCGAAACTAGTCGTAGACACCGCGGGATCGCCACCCCGGACTTGGGCTTGTACCACGGGGTGTTTATAGACGGGCAACAAATGGGGGTACTCCTCGGAGACGGTTGCAGTTTTCAACTTTGCAGGTATCTCTCGGCCTGCTGAGTATCTCCCTTGACGTGGCATACACAGGAGACAACTCTAGGCGCCGCTTATTCACTGTATTTTAGCTGCATTCTCGGCCTGAGCGAATGAAAGCCTCTCTCATCCGCAATTTTTCGCTCCTAAACGGATTCCCACCTCGCATGAACCCATAGCGTTGAATAGTAGTCCTACGGGGTAGTCTTGCGCTTTCTTCCTGTTAGTTGTTGAAACGCAGATGACGTACACATTGGTTCAGCTCGAACTTTCATGCTACCCCTTGTATGATGTTTCGCGAGAGTAGTATGCCTGGACACGCGCCTACACGCACATTATGACTACGGCGAAACTATACCACCGCAGATTGGACAGATAACGTAATTCCGGAAAACTGAATCGTAGCC,880,49.89,Arabidopsis thaliana
SEQ_695864,GCTTCCGATATAATGCGAAATTCCCTCATTCCACGTATCGACTCCTCGAAGCAATTCGCAGATCCCAGAAGCCTCGAGGGACTTGACGTTTTGTTTAGCATGATTGACACGTACGTCACGCTCCCGTCCGGAACGCCCGAGCATATTGAAGCCAGATAAATAGTTAAAAAATTGGAGCACTGCGAAACCATCTGCACTCACAAATAATACCGTGCATCCTAAGAGACCCGTTTAGTCACGCTGGTAATATGACATTAGACGTACTGGTCAATTCGGCTACTAGGTCATTTGTTGAGAGTGAGAGTTCATCCTATTAAGTGAAATGTAAGACAACCCAGACCCCTCGGTCCAATCTTGTTAGACACGGGGTTGCCCTTTTG,380,46.32,Escherichia coli
SEQ_899426,TGTTAATGGCCGCAATGGACGGAGTACTAATACCCTACTTTAGTCTAGAAGAAGGTACCACTACGTTAAGAAACGGCCGTTGTCTTTGAATAAACGCAAGGTTCATACGGTCGGTCCTCAAAAACAACAATGCTGCCTCGGGCGTGTACTTGTGAAAATCAATGCGGTGAAAGACAACCGTATACCCTTTTCACGACGGTCGTTTGGAAGTGCTGACTAGTCGCTTGCATAGTTGACTGTCCGGCCTTCTGCGCTCTATGCAAAGTTCCTGACCGAGAGATGTCTTCTTCTGGCGAGGCTGCGTTGCAGTGCTTTACAAGATTTCACCCATTTAAAGCTCCCAGTGCAGGGCGCTCGTTTAACCCCCAACGACTAAATGGTTGTAGCGATTAGATGCGTCAACCAGAAGCTAGTCCACTACAGGCAGGACGTCATTCGATCATTCTAGTTTCGCTTAAGCATCGCAATCCCGTGACTCT,479,48.23,Arabidopsis thaliana
SEQ_992490,AAAATCAGATGTGGCATATCTTCACGATTGAAGTACCGGCGTTTTGTTTGGTACTAGTAGATTGTCCCAGGGGCTTGGGACCCGATGCACCGCAGGGACCCGGAAGGCTAGAATAACTAGCTCTCAGAGGCGTGGTGACGTCCCATTCATAAAGAGAACACACCCGATTGTAATCGCTCAGCTGGCGCTTATTAGCTGTACGAAATTATCGCGGCCGTGTTCTGGTCACACCAAATCTTGCATTATTGAAACTCCTCCTAGAAGCTTTGATTAAGAGTGCAGTTTCCGAGATCCATTCCTCAAGATATCGAGGTGACTCAGTTTGTCTAGATCCCTGTTATGCGAGCGGCCCTGAAAAGAGAAGGACGTCGTGTTCGATATATTGACCTCGGGTTATACCGTTGTACGTTGATGAACCCATCGACTGGGCCCACGCGTACAGAACCGCCCTAGAACTCTGTGGACTTACGGAGTGAAGTAGTTTCACGGCGACGAAAAGCGCTTTGGGCGAGCTTAAGGCGGGTCCGTTTTTGAGCAAGGGGGATGCATCATCTATGCAACCTGATGTCCTGCACGCCTAGGGTCTGTGGTCGTCGCGCCCATCCCGGGATATTGCTTCACTTAAGTCTGAGCGCGTTATTTAGTCACGACAACAATTGCAGCTCTCTTGCACAGGTGGGACTACCTAAGCACGTCCGAAGCAGATACAAGTCAAAATCGGGTAGACACGGTGATGGTGTAACATCCGGGCCTCCTAGCTTATACGCGGACGGACGGTAAGTGCGTCCTCTCTCTTAATAGGGATCATACCGGGCCGCACGGGACTGTGAATGAATGCCGCCCCAAACGGCACAACGCACTTCGCGGTCTGTTAAGAATGTTCCCCTGAAAGTAGAAATTTCCAGAGCGGGGGGTTGAGGGCTCTCACTACCCATAAGCGCATCAGTCATACGACCGAGGCACCTGTACCAGTAAGCGACGGATCATAGTAGGTGGTTTCAGGGCGCAGAAATTAAGAATAAATAGCTGACATATTATAGCGCTCAGTATATTTTTTAACAGCATTCTAAAGTCCTGACTGGCCGCACGAGCGTCATTCTTCACCCTTCGCAGCGAAGAGAAATAACTTCCACGATGCGTCCCGTGAGCTACTGTTTATTACCCAGAATGCGAGGGTGCTCAACGGGCGCGATGACGAGCTTAGTAGGAGCAGAACTGCTCGTATTTAATTTTTTCTCGTAATGGCAGAATAAAGGCTATGCCGCACGATTACAGAACCGACCACTCTGAGTTAAACCCAGGCTAGGAGAACCCATACAGCACGCGCCAATAATGACTGAACAAATAGAGGACGAGCTTAGTTATGGTACCAGTTCCATTCCGTCAGGTGGTACGAAAACCCGGTTGGCAGATAGCAACGCGTTTTTCACCGGATTGGTATTAAATCGCTCGAGTGCGCAGGAATAGTGATAATTGTCGAATACACCTGCACGTTCCCTCATGGATCACGTGAAGAATAAAACACCGATATTAAGCCGCTGACAACTTAAAGTCTACCCTCGGGTATGGCGTTAGACGCTACTCACTCCAGACGCTGGGTTGCTTCCCAACCTAGCTAGAGAATCTCGCCAACTTTAGCAGGGTATACGAGAGTACCGATTGGTGTATGAGAGCTCCGTCGAGTAGCTAGCCGACCTTAATGACTTTTGTCCAGTGCGGTCCAATGATGGTGTGGTGACGCAGATCAGTCTGTAATCCCTTTTGCGCAACCCACATGCGCACCCCTCTCCTAGAGGACCAGTTTGACTTGTCCCCCCTATCAGATGAAAGCAAAATTGCTGGGTGACCTACCCATTTACTTTATTTCCTACGTGTAGG,1878,49.79,Mus musculus
SEQ_953125,ATCCACTACAACATTAGCCGGGGCGGGCCCCCGATCCCCATCTGTTTTAGCCAAGCCCTGCGTTGACCATCGAAGTTTCATTAAAGCTTGGCCCAACCCACCTGGGCGCCGTCCTTTCCACAGTGCTTGAAAATGTCCGTGTGCTGACATAATAAGAAACAAGAATAATATATACACTATCAAACCTATGTCCGTATAATAGATGATAGGATCCTTTAAGCGCTGATATTTTATTTATCACGACGTGACTTAGAAAACTGGCACTAAACTTGAGCCATGGAAGTGTCTTCGGTCGGAGGATTACCCTACATACAAGGTACTCATCTTTCGGTCGTCCAAAGCGAGTCCAAAAATAGCATTACAGTGACAGTGAGAAATGCGTTATAGTATCCTAACATCCATTAGCGCTTGGGCGTAAAACTAGCCCCCGCTTGGCAGTAAAGGAGTGTTAGTGGAAGGCACGTCCCAAATAGTGTGCCTTCCAAATTAATACGCAACATGATCTCGGCAGCAACCTAAGGCAAGACAGCCACGTCTATCTGGAGGATATCGACGCCCTAACTATCTGAAGGTATTCATGATAGTCTGACCAATCTTGGGATAAGTAATTGTCGTGAGGAATCAACCTCCACCAAACTTCTAGTGGGCGCTGACATGCATGGTCTCAGTGGTCCAAAAGTAGACGTCTGAGTTTGTGAGAACATGGATTGTACGGACTTTATAGAGAGATGATCGCCGTCCACAACATGGTCGTTTTTCTGAATACGACCAAGGTCAGAGATGCTACAGCGCAAGCGATTAGTCTGGTAACCGTGCTGAAGAGAAAGTCATACAAAACATAACGTACCCACGCATTCGGGCACTATGGGGTAACAAAGCCTCCTCGAGCAAGGGGGGAAGATTCTTGTGATAATGGCCTCTTTTCAAGAGTCCCGACGCGG,941,46.55,Drosophila melanogaster
SEQ_711393,AGGTAGGGAGATAGCACTTGACTACGATACTGTAGACGTTGAGCTTGACATACTGAGGTTCCGACACTGTCCGGTGCCATGATAGTTCATCGGTAAGACATCATTGGACACGATACCTTCTGGATACTCCGCAAACGGAGTAAATCTGTTGGATCCTTTGACTATAAAACCGGCTGAGTTACTTCTTAAAACTGCTTGATTTATTAATATAAACTAAGGCATACTAATGAGGTCGCACTTATCAGTCCTTATTGGAAAGAGCCGTTCGCGCGTCGAATGCTATTCCTGTAAGGCTGTGCAGAATATAGCCGTCTGGTGACGGAGCCTGGACGCGCTTCAACATGGCCAGGGCGAGTCTACGATTAAGGGTGTTTGGGATGACGATATGGAACTGAACTATAATCGCGAGCTGATGACGAGGGAATTTGGGCTATCTACTAGGGGGGGGTAGGTGAAACGTCTAGAGACAACCTATCAGTTGAGCGAAAATCGACTGCGTGGGCGAAGACAATTTATACCGGTTGATCTATAATCGGTCCTAGATGATGGACAGAACGTCGGATAGTACGGCATACGGTTTAATAGAGAGTATCATGTGGAGTCTCTTCTAATCGCAAGTCAGCGTTAGAACCTGTGCTTTCGCAACGCCCAAACACGCCCTCTTACTTTTCGGCGGGGTAACAGCTTGTCGTGACGCCGTATGAAGAGGGCCTGAACGCCGCACAATGGCATCATAAGCTATCGTCGCGTTTGTCCAAGCTTACCTGCAACTCCTATCTCAATTAAAATTAGATAAGGAGGCGACTCACTAGCACCACACTATCTTAGAGCGAGCTGCAGGACCTGCAAAGTAACCACCTCCCTAGAAGATGAGTCTGCAGCAGGGAGACGCATCTAATGATGCTTGTCCGCAACCGACTAGTCATCGATCCACAACGAGCGCCCTATCGTCGTGATCGGACTTAATTGATCAAGCATCAGATTCTGTCGAGGGGCTGAGAATTCTACGGAGTTCTCGCGAATCGGAGCGTCGCGATTAGTAAGGCTTAAACGTTGCGTTCCGTCACGATAGTGGTTGCTAAGAACGCTGGCCAGTCTTTCAGGCCCTCTGATGCGGATCCAAAGCTTTTCAAGGTAACCGACATTATATTGACCCGAAGCCACATCTGGTACTTATCACTGCTATAAGCGTACGTCTGTACTGGAACTCGTGGGTTCCATTCTTGAGTCACCCCCAATGGTTGGCGCGGGTCTATAGATCCTTGGTCAACCTGTCCGCGGCCCTGTCGGCCTCTCTCCTGCGGGGCGCCGTTAGTACCTTATTACTCTATAGTATAGCCGTCAATCATGAAAGGCGCATTTGCAGTTAGTTAAGTATGACGGTTTTAGCTCTACTAGATCCGCGGACCGCTCATGTTACCCTCTCACATCAATTAGCCCTAAGGACTGGAGTGAAAAATACCGTGGTTCGAATGGAAACCTACAGAAAGGTTCAGGTTAATCTATGAATTCTGTGGCGTTGGTTGGGGGTCCTCCTGAAACGCTATTCAATCACCCACGGGGACGAGGTAGGGTCTGTGATCCCTAGGTCCATGGGTGGGCCAGACCCATCAAAAGGATTGTCCATGCCATCACGGGTGCCTCGGTACTAGGAACCTTCGGCTGATTCTTCGCCAGGAGTTT,1683,49.2,Arabidopsis thaliana
SEQ_349669,ATATGCGTTCTTTGTAACGTATACGTCACGTTAGCCGGTTTCCCAGGACGCATCTGATCTACGTGAGCATTGATACGGCCTCCTACCTCGGTTGTTCTTTGAGCTCCGAACCCTGCCGGCAGCCCTAGGATAATGAAGAACCACCATGCCTTAGGGACATTTCTGACGCGATACAGTCTCTCAGCGATCTCCTGTTCGTGAACGATCTCCGCACCGCACGTATACCCAATCTAATAATGTCGGGGTGGTAAATAGAAAGTTGCTCTGATCTTAAACACACGTGCTCCGATATGTGCTGTTTGTATGGAATCTGTAGAGCGAAAAAAATGCTAGATCTCCCGATATCGGTCCACGCGCGCCTGTGCGAGAGAGGCATGTTACTGAACCGGGAGTAGACCGTTGGGCACACAGGTCCATCACTCGGTTACTTCTCTCCTTTGTGTGCAAAATACCGTTATAGGATGTTAGTTCGAGAACTTGACGTTCCCAACGTGGATCTGTCCCATGGCCAGGGTAACCGAATGTTAGCTCATATACTCAGGTTCTTCGGTGTGATACAAGCTTTTAAGGCGCTAAGGATTTCGCACCAGTGATCCCCGTACTCAATCTGCTCCCATCCAAAGCTTTTACCGACAATTGTCGATAGGATATCCCGAAGTAAAGTCGGGGGCGTAGTATCAGTATAATAAACGCCACACGAACAGCACTAGACGTGAAGGAAATACGCTCAGGTTGATGCCACGCAAACGGTCTAATCCAGGTATCGCCTCTTTCCGTGAGACGCGTCTCACGTGTTTTGTATATTTATGATCTTTTATTCAATATTGGCCAGTTCACCGTGGAGCTATTTCCGCCACAGTGGCGAGGCCGGGGTATCTCGCAGGTTTACTAGGTGGGCTGTCAGCAAAAATGACGGGTGAAACATCCCGAGGCCGGGCCTGTCCGTTAAAATCTCATATCTGTGCCAACCAATAGTAGGTAGCTCACGGAGACGTAGTACGTACTTGGAAAGTTGATCAACTTAACATAGATAGCTCCGATCTAGGTTGCAACGCACCAGAAATCCTCAATAGTAAAAATCTATAAGCACGGGAGCTTGACTCTTGCTGGCAGTAGGAGAGATGTAAGAAGTTATGGAGAATCTGGCGCGCCGCATTTATATGGGACAAGTCCTGTGGGGTGATAATGCCCATCGCAGGACCTACAAACTGTGATGACTCTAGGAGTCACATAAACGCGGCCTCTTCTAGTCACGCATATACATCCCCGCACAACTAACACATTCTAACACACACTATATCTTTAACGGCTGATTGCAGAACCGTCGCGTCTAACGCCCGACCGACAGTCTTGTTAAGCCTCAAAGAGAACACAATTCCTCAGACAGTACAGTAGCAGTAAGCAAACACAAGCGTTAGCGACAAAAGTCATCATTTCTTCGTAATCCAGTCTGGCGGTTATTTCTAGATAGCAGAGAGTGTGTCGGG,1487,48.02,Homo sapiens
SEQ_140337,AACCGGCTAATACCGCCGACTGTTACCGTAGCAAAACTGATTGGAACGCCCCTGACGGTACCTATAGCTCGTGGGTGGCCATTGCATAATTTAATCGGGAGCCGTTGTATCAAGTGCGACGGTAAGTTGATGCTTAGGATCACGTATTGTCAAATACTAACCCAGTGTGGGTGGTACCGGGAGCGGGTTGTATACCTAATACCGCTAGATAAGCACACTTCGTCTTGTAAAACCACTCCGGTGGTGAGAAACGACTCGGTCAGTATTTTTGGCCATGGATCCCATCCATAATAAGTAGGTAGCAGGACAGGTGCAACGTTATAACGGTCACTGCGGATCGCGCCTAAGCTTACCAACAGCAGCACTCGCGGCGAGCTACCTGTGTTGTGTGGCAGGGGTGGCCCGCGCCCCCGGATGGGCCCCCAGAAAAAGGTATGTGAATACCTCACCCAGCCCGTACAGCTCCGTGCTAGTAGTTACGCCCTCTACCAAAAAGCCGCAGAACGGTGTTTACTCTTTGAAACTTTAGGATTTGAAGTTCTCAGCTTACAGCCTAGATACCCAACATACACGCTGACGGCATTTAGAAGAAGTGACTTCGTACGGGTCGTATGCCAATGCACTCCCGCACTTGCTGTCGGAACAAGTTCGCCCTCAATCAAAGGCATGCAGTTCC,676,51.48,Arabidopsis thaliana
SEQ_670503,TGGCTAGACCGTGGGTGTTGTTCGTCTTCATTCTGACACAAGATTATCCTTGGTTTCCGGTCCTGTTGAGCATTATCCGGAGACGGCCCCCTTGTCTAGTCTTTGACCACTTTAGCCTGTTGGAGCCTATCATTGGATATCATTGCCGACGACAGGACGTTACAGGCTATGCCAGTGTCCTATCTGGGACTTACTTGATATGTAATTCGGGGAGGAGAAAGGAGAAGCAATGGTTCTGATGTCTGTAAGGGTATTAAGCATAGACCTAGAACCGATGTGTCTATCTATCCTCTATGATATACGTGACCAACGTGCAAGAGAGGCTATGAAGTAGTTGATAAACATACCCAATCAATATCACGACCGCCTATTGTTAGTCCGTCGCTCCCATTTGGCTTGGAGTACTAGACCGGGTCAAACCCCGCGAAAATACCATTGATTTGCGGTCTCCCCCTGGATGAGGGCGGGGGCTCATGGGGTGCAGCCTACGCGCATGCAGTGAACATATATATATTATCTAGTACTCCATAGTTGCGACAGAATAAAGACTATGAA,555,47.21,Mus musculus
SEQ_663225,ACTTCTCTAAATATATTTGAGCCGGGATGGCAGGACACAAAAACCCTAGGTACCTGTTTGTGGCAACCAGTTGTATGAGGACATATGTGTTGAACCAATAGTATCGACTTCTCTGGGGGGATAGGGAAGGTATGCATGTCAGCAAGTAAGTGATCCCGAGAGTCTTGGGACCGTAGTACTAGGCTTGTGTAATATCAACCTCATAGAGTGAAGGGGCTTCATTTTAACACCTCGAATTCTCGCCTGCACAGGTCATGATGATACATGCTCCTATCACGGTCTCTCTGGAAGAAGCCAGAGGATCAACTTACCGTGGGTGGAAAAGGATATCGGGAAACGCCTGTGACTAGGCTGTGATGTTGTGCATCCAAAGTCTATACCGGGCTGGGTCTTTAGAAGCCGTACATGGTGAGTTACGCATAAATAAGTTCCGTGTGTTAATGTGAAACATACTACTTCTCTGAAATGCGGGATATACCCAACCGAGTAGAAAACGCGCAGGAGTCCCACGCCCCGCTCTTCCAGTCCAAAAATCCTCTCCACTCTCCGGGGGTTGATTATTCTTGCCTATACTGGTGGTTAGCACGTGGAGGCAAGCGAAGGGTACTTCTTCTTACGATGCACGCGGGAGCATTACCAACCAGGCCACGATCGTAGGAGCAACTAAATACCAATGTCCCATGAGACTAGGCAGTTCGCTTCAGGGTCTTTAGTGGCTTTCAATAGTCTTAGAGTTTATTTGGCTCGCTCAATAGCGTGGGGCTGGGGGGTACACGAGGTTATCAAGTCAATATATTGGTATCGGTAGATTACTCTGCTGCCCCTTGGAGTCGCCGCAGAACAGCTAGAGCGCTTTGTGTCTACATGCAACCGATATGTAAACCGCAAACGTTACCCTCGGGAGTCCAGTAGTTGTGGCCATCGATCGCTCTTATGGTCGTCCCAAGCTTCATTAGTACCGATAAAGTGCAGTTGCAGTTATGGGGTATCGAACTCATGCGGTGGAGAGTAAGCCCGGCTATCAACGTTCTTCTATTTCTGGCGGAGCAAACGATTGCAGCAAGAAGCGTGTTTGTTTCATACTATAACCGTCCATGTCGAACTCTAGCTGTTCTCTATCAAAGGGCTCATCCTCCAAGTTGGGTTGGGCTTAAATGAGAGCTCCACATTTGGTGTCGGTAAGATCCC,1188,48.32,Homo sapiens
SEQ_400469,CTCGGAAAGAAGTTGATCTGGGTATTTGGGTACACGCATAACTTAAGATTGCATCCCAACCAAGACATGGCAATCGGCAATCTCTTTCCTCGTTTGTTTGTCAATGCTGACCGCTATGACCATGGCTAATGACGGTTTCACAAAATTATTTCCTAAAGACATGGCTTCGAGCACTAAAGGAGAGAAATATCGGGCTGACTGCCCAATCGCACTGGTCGCCCACGACCGTTGCCCTCGCCTTAGCGTAGTGCTCGATGGTCTTTTCCACTGGTTGGTTAGCATTTCGCATCGCAATATCTCATCTATCGATAAATCAATCCCTTAACTTTACTTTCGAACGGAAGCACTCCGGCGCAATTCGATGCAAACCCAAGCTGAGACCGATGGTCTGCGCTTAGTGCGATTTTCTCGGTACCGATTCTATAGGTCGTTCTTTCTAAGAAGCGAAACTAAACACCGAGTGGTGCTCATGCCCCAAGCCACGCGAATTAGAGAGAGTAGAGTCAATCCTTCAGTGTCGGGTCTATTGTTATCCATAGAGATGTGAAGATCTTTGGGTCGCACCTAGAAAGCCCGAAGCCTATTACGTGATTCGCAAAGACGTGTGCTATCCGATGATTGCTTGCTCCCATTTTCGAATCATAACCTCTTGCGCTGGCTATTGGACTGTGAGCCCTACACCTTGGGTTTGTATGTCACGATCTTTGCAGTGCTGTTCGATCGCGAGAGACTAGACGGAATGGGTGTCGCGCAACGTGCTATTGTGACGTGCTGGCGTTGGACTCAATCTCACTATACGGGGGGACGCTTCAGCCCCGATGGTCGTAGGGGATCAGGACCGAAGCATGCGTTTGGATCGGAAGTTGTACACTATTTTTCGCACGGAGGCGACGGCGCGGTGTTGTCTTGCGAGCGTCCATCCTTGTTGCCGGGGAGTCTACGCAAGCCCTCAACTCTGGATGGCGTGGCTATCCTACAACATGCCTATTACAAAAACGCAATGACGCTCCCACGGACGTGCAAACG,1026,50.1,Mus musculus
SEQ_637771,CAGTAGTGGCTCGCCTGTGTTGGATTGTTCGCCGCCTAAGTCGTATAGTCGGTCATGGCGCCAGGCCCCAAGCTAACGCTGTCCCTCCTGTTGCCCTAGGCCAGGCTTCGCAGTACAAAGTCTCATAATTAGCCACCCCTGTATTGACCCCATAACTCCTGTGTCCTTGCGTCTGTCCGGACATTTTGGGAACATGCGTCTTGCTTCGCTGTGGGTTGCTTAAGGAGGTGAGGACGGCACCGTACCAATCCACACCTTCTGTATGAAGCCTTTTTGGAGTCACTGCTACTGGCTTCTGGGGCCTGAAGGATTCAACGCAGCACAGTATGCCAGCTTGGAGAAGCCATCTGCGACGTAAAGTCACAAGATCCGATTCGTGACGCACGACGCTGTCCAGTTACGCTAAGTTCTCTGTCAGGGCATACCACTATAGCTCGATTCACAACTGGCGACGGCCCCTGTGAACCGTCCTCTAATGTTATTTAAATATGAAGGTGGTACCTTATGGCCTAATTTCGATGCGGAGCCTGCTATATCCCCCGAGCGGCCTTCAGTCGCGAGCGTGCACGGGATGATAGCGTACTTGGACCGGGCTTCGGGACACGAGGCAAGGTTCATGCCGCTT,625,54.24,Escherichia coli
SEQ_531523,GAGCGCAATAAGCTTCCCAATAGAATCCCGTGATTAAACGAAAGGGGATATGGGTAGACAAGGAACTGGGAGTAATTCTCACTGGCAGCGACATCGATATCTTCACGCATTGAAGCTGCAGCTCTCTAGGATACATACAGGCGATTGATACTTGATCTGATCCGGATAGGAAATTTTGGATCTGCGCCGGCATTATCTGCTCGGCAAGTGGTGTCAAGCAGACCATCGCATCTCGTGGTAATGGCTCGACCCGGGCATTGGTACACTCTTTGGTTGCACGTCCGAGAGAAGAACTAGATATTAATTACGGTATAGACCTCCTCGTCCGAGAGGCGGAGCTGATTGTGAACCGCGACAACCCAGGGAAAACCCTCACGGTATGGGACCGCTTCGTCTTTTCACTTTCCCACTCGTCCACACATCATGCAGCAACAGTGGTTCCAGAAGGGCATTAATATAGCCTCGTTTAACCACTCAGGTTTACCCCATGTCATAGACTCCAGAGGCATCCCGAGGTGCCCGCGTATCTTTGGAACAAAGTTGTCGCTTGAATCCTGGGACGCTAGCACACACGCACATAGCTTTCGGCATGTGTTGGAACTAAGCGCACTACCTATTAGAGGAGTTGTTTCTACCAGTACCTTCGATCAGGTCAGTATTAAATAGTTGTCTCTATCTAATGACGAAGGTCCTCGATTCCACTCATATAGGTCATAAGGACACTCAAGGAAATGCCTCAATCGCTGC,747,48.73,Saccharomyces cerevisiae
SEQ_813842,AAAAGGACTGAGTGAAGGTATTTAATGCGAGGCACTGCGCGTCTTATCATGTGGTATCGTTCTCTTTGCACTATTTCTGCATGGGCAATTTAGCTTCGTCTCTAGGCTTACGGCGACCAGTACCAGTGTTTGGTTCATCACGCTAACGCCGAATACGACTTGAACGAGACCGTCCGGGCCACATAACTAGAGCGGTTCATTTGAAACAGTGTAGATGTAGGGACTCATGTAAGCGCCTTCCTAGTTGCCACTTTTGCCAAATAACTTTGACGTAGCTAACGACTTACCCGCGTGAACGGTAAACTTGGCAAATAAAGCTCCAAAGGCGTTTACCGGTGGTACTCAAAAGTTCTAGCCATGCAACTCGACAGATCCTCTCCCATCATCCACCAGTTGAGACATCGATCTCGGACCTATCGCCAGCCTGTGCCGGAGTCAACGCACGCCACATGAGTGACCTATTTTAGCTATCTGGGAAGATTTTAACCAAAACCACCTATAATGTTGCACTTGTTGAAACTACCTGAGTCACCGGTGTCTTCGACCTGCACTGGCTTTACATCGGAGCGGTTTCGCTATGGTTCACTACACGTCTTTAATTATTTCTTCGTGCATATTACGTAACGGGTACTACAAAGATCATCACGGGATACATTGTCATCGTGATGGCCGTGAATTTTCTCTGGGGTAACACGATAACCTTGAAAATTCTAGGCTACCGGTTGGAGGGTTCTAACGGTGTATACTTTGATTTGACATAGGCGATGGTTAAGATCGACTAATTGATAGGTAGCAGGTGCCCAGATAACTCAGAGGACAGACACGGGTTATGTAGGGTTTCACAAAGTTCTTCTGCTGCCTCTATTTGGGTGTAGTAGACTAAAAGGCAACTTAGGAGCATGTTGCTACATGAATACCTATCAATTCCCTAGCGAGCGGATGAGACTTAAGTGACACAGAGCTCCGTCCCACGCAGGTGCCGGGCACGATTAAAGGTCGTCTGTCGTATTCTATTTGGATACTTGGTAACCAAGAAGTTGAGGGTCCAGTGCAGCGCAATCAGTTTATCCATTCCTCTTGATCTTGAATGCGAGATTGCGTTACGCCGGTTCGATCTCCAGAGCAGGTCTGGGCCGTTGTACAGTTGAGGCCTGTTTACGAGCCCCGG,1168,47.35,Saccharomyces cerevisiae
SEQ_293035,CGATTGTCGCAGCGCCCAACCCAATGTTAGAGACGGTAAGACTCTAGCGGGGAACGTATTGGTATTCCTGGCCTGAAAAAAATTATTCCTTAGTCCCTTTGCCCCCTTAACCCGTTCATTTGTGGACATATTAAGAAATGGATTCACTATACTTACTCCACACGTTGCCCGACTGAGTCATGCAATTCGGTGGTCACGGGCCCCGTGCTTCGTTTCTACCTGAGAACTGATTTTGGACGAGTCCTCTCCAGTCACGAGTTGCTCGCCACGCTCTAGTTCGCGCTGCAGAAACTGTTCGACTTACATATTCGGACGGCGGCCGTGTGGCATCGTTCCGTTAGCACCAGGTACAGTCATTTTCTAGACCATATAACAGAGGAGAGCTTATAACTCAACACGCTAGACGCTCTCGAAGTAAAGATAATTGCCGGGCTTAATTAATCCGAACTTGCTCCATCAAGGTCTGAATGATGCCTGGTTTAGGATGAATCCCAAAGTCCGTTTATGAGATGTTGGCTATATCGCCAGGCTTGGTAGGTAGGAGCGAGTTCGGACGCTACGGCGGTGAAGAGTTCGCTTGCGCATGCAAGTCTGACAGCTAATAAAGAATCAGTTCTCATATCCGACACGTCGTCTCGGAGCAATTTAACTTATACCTTATGACACGGCCTAGATAGCAAGGTGCACTGACAGACCCATTTACCACGACTCAAGGTGGTGCCAAGACTATAGGCGCAAGATGCTAGCAGCTAGTCAGCCTCCGTTCAATCACCGCTACCCCTTAGGCTGGGGACATGTCCGAGGCGGGAACACGATGAACCGTCGTAGAAGAATGGTCGAAACCTAGTAGTGGCCGTAATGGATTGTAGGGTACGGAAGGCAGGAATCGATTGAAGTACTAAGAACTCAAATAGCCGAGTTCCTTTGCAACGCGCATTTCGTTTGACAAGAAATGCTGTCTCTCGATTCAGTAGCTAAGTGCCAACGGCACCCGAATCTTTTATCTCTCACGTCTTTCCGATTCCTCTACGTACAACTTATGAGATTGCAGCCGCCGCGTTAAGTACCCATAGTGTTGCTACTGTCGCTCCGATCAGCTGCTGATCTCCGTTCTCGTGATTCGCCATTTTAACGGAGTTCACGGTGGGATCAACTCGATGGTTGACAGAGAGATTAGAGTGAATAACCGATGATTTTCGCAGCAAGAATTTTGCAACGCGAACTTCTCGTGAGGCTATTACATCAAACTTCTGCGTGAGCAATACGTACTAGTTTATTTGGTACCCTGAATGGCATCAGGGCCGAAGGAGCTCCGATCTTCGGATTTGCAAGACTAGGCAGTTGGCACTGATCTGTTCCAAGCCCCCGTTTTTGCGCGTTGCCGAGCATTTACACTAAGCCTAGTTTCGTATCTATATGCAGTTAGCAGTACCCTCCACCCTGTTAATAGATATCTCACTCCAGCAAACGGGGAACTCTGTTTAACAGAAAGTCCTGCACCATGAGACATTGAGATAGCGCGACGCAATAAGGCGGGGTCTCTTACGAATACAAAGTAACATTATCGTGTTGAGTAAAACCTGATCGTCGCCAGATCCAACGTATTGGGCATCGTAGCCGAAGAGCGTTAGCCATTTTATCTCTTGCGGGTTGGGCATCCTCGAACTGCGAGAAGTAACTCGTAGTACGAGACCTTGGAGGCTTATTGTAAGAGGAAACTTGTCGAACCAGCACTAAGATATCCTCAATCTTTAATCAGGATCGAGATGGTGCGCTGGATTCGATCCTAGTGTTCAGTAACCATGAACCGTTTCC,1815,48.15,Homo sapiens
SEQ_380332,GACTCATCACTGCTAGTGAGCTCACTCCAGCATCTTGTGACAAGGACATTAATGCATGCCTAAGTCCGGTAGGATAGAGTCTAAGGATATAAGTGACCATCGATCGACTAATACCGACCGCTAGCGTTCGGGAGGACTTATTAGCTTCGCCATTACGCCGATCAGGGGTCTTTAGTGAGAGCGTCACCCCTCTACATGCTAGATATCTAGATCTTCAGTCACTTCGTAACTTGTGCACAACCGTTTACCTTGTCCAGTAGTTAAGTCAGCGATTGCCTCGATTCTCCGCTACAGTTCTGTTTAAAACTGCGCTAACCCAAACATTGCCTTCGTTGCATATGTTCGCCCCTGTCATCCCCCGAACTAGGGGCGGCTCTATTAAGTTCTTTGCGATCAGTACCCTCGGTTTTTGGATCAGCACACCTAGCGCCTGGACACAAAAAAAGGATTTTTCTTGCCTAGGTGGTAGTAATAAGGTGGAGCACAGGCATCCCGATGCGTCTGGCTATGGGTCGGGCTTCTTATGCAGTCCGATCTAACATGGTACGAGGTTGACGCCACGCGGTGACAATGGGCTCAAGGTAATGATGGTTCTGCCCCCAATTGACAACAGTCTGGGAATTTTAGACCGTACGAATGTGGGCACCGGGTGTGGAGGAGATTGGCGGGAGCCCACGTGGCTCGAGTCATGACATTTCTCAACTACTACCGTAGCCAAATAGTACGACTGAAGGACACGCGTCCGCAATGAAACTATAGTTTAAGCGTTAGCACTTTGTGATTAAGTAGCTCAGACGCACATCAGCCGAGGTCGATCTGATCGTGGAATGGGAGTAGAGGTCAATAAACGTGTGGTGGGGACTACCCGCGGTCATAGTGCGTTTTCATTCTTGAATCCAAGCGACGCAGTCCGGTATAAAACACATGGGCGAG,933,49.73,Saccharomyces cerevisiae
SEQ_365166,TACTTCCACGCTAATTGGTCTGAATCCGCGCTAACAACGCACACTATGTTGACACATAATAAGGGAAATTCCATCACCGAGGAAGGTAATACACCCGTAAGAAGACTAGGACAAGCTCGCGAGACCAAACATCAAGAGCTAACGCACTAAATTGCATAAACCGCTGGCAAAAAGAGAAGTGCGAGTCATCAAATCATGATGTAGAAAACTCGAAGCATTACCTCAGCAAACACATAAGCACTTTTCGATGCCGGCATCCCGTCAAGCACGATGGCGCCAACTGTCACCTTTGGCCCAATTTACGTTAGGACGTAAGAGACCTTTCATAGCCACTTCGGTTCGACTCCTACTAGTCTGGAAGTGAGGCTGACCTCAGTCGGGTACGACGTCCCCTGGTGAAAAGTCGAAACTACGTACGCTCAGCCAGATGCCATCGGTCGAACTCAACGGCCACTAGCGGCTCAGCAGCGCTTAACGACGGTGTCTGTGGGAACGATAGTTGCCCGTGTCACTCAATACAGTGCTATGCTGAGCGGGATAGGTAGATGTAGCCCGATTCGTGGACATCAGGCATAGTTTTTCCCGCACAGGTCCGACCACTCGAGTGCTAACTGCTGAGGGTCCCCAGATCTGATCCCAATATATGTCGCTTATATCGTCGAACAGTAAGTCTCGCTACGCAGTGGCCCCTTAGTAGTTGGGAGACGATAGGGTGTGATCCCGTCAACTGTACTGCACGTTCCATGAGAGATAACAGGTAAAATAGTGTCGGGCCGCCCGCTATGCATATCCCCTCGAGGTTATACGAATCAAGTTCCCACCGATCAAGTTGACAGTCCACGTGCTGAAAGTTTTCTTGGGACCCCGTTCTCGTGTAGAGAGAATCCGACAGATCAGAGGCGCACGTATCCCCCAAACTAACTAATAGGAACTACGATCTGCGGGTGATCTCGTCCTTCCTCGCCAAGAACATGGTAGCTGGTGGGTGCGTTTCGCTAGCCATAAGTGCCGCCCTGTGACGGTAAGGGGCTTTCTTTGATTACCCACTTCGACTTCGACTATCCATACATCACCGCCCTATGCCAAATCTCCAATATAGCGTATCATGTCTTTCAGTCTTAAGCCGAGGGGGCTAACCACATTCGGTGCCCCGCGCCATTTTCCTGTTCGGATAAGCGGCTTGAAAGTGCACTTACTGGGTGAAACACATAAGATGGTTCTTCTATGTCAGCGCGTAGACAGGATTGGTAGTGACAGAGCGGTGAAAAATACCCCTTTTTTGTGAAATGGTACGGGTTGAACGCTGTACTTAAACGCGCAGGTTTCAACCGTTTCAGCTTTGGGGACCTGGGCTAAAAAACCGCATGGACCGTTTTCGCTGAGGATGTACCGTATTGCACACTCAATATATGGTCCTATCGCATCTAAAAGCACTGCTTATGCTAGGCCTGCGCCACAACAAGACTGGGCCTTACTGCTGTCGCTTCCATTAAGACCACTGGTGCGCCGTTCGGGGTGACCCTTCGGGGATCCTTTATTACTGTCAAGATCGGGCATCTGAAGCTAAGGAGCTCAGCTCCTTGCAGATGTAGCCTTAGGAACGGAAGACCCTAGGTGTTGTTGGCCCCTTTGGATAAAGGTACGGCACTCACGGACATGCAATCGGCCGATCCCTATGGGCCTGAGTAATGTCTAGCTCGTGGCGCTGGCAATCAAATCTCATAAACGAAAGGTGCTGCCTCGTAGTAACTTGCAAGATGCTCAACTCAACCCTTGCCCACTCTTCGTATAAAGACTGCAGCAAAGAGTATAGCAG,1816,50.39,Homo sapiens
SEQ_618575,TCGCCACTAGCCTCAAGCATCTTGAATATCCGGGGTAAGTTCGTCGAGCTTTATGCTGGTCCAGGAGGATCCTAAGGGATAGTTGCTCCAACAAACGGGTTAGCCCGTTATAGTCAGTTTAAAACTATCCCGCTTCAGTTTTCGCGACCTTGATTAAAAGTACCGTTTCGAGTGCCACGCTCTCACACGTGCCCTGCGAAGGTTCTATGTTAATATATGCCGCGGATCATCTTTGCAGCCATATGACACATGGTAGAAGCCTTATGTTTAAAGTCATAGCCGCAATGTAATATGAATTGATATTTATACGCGCCGGTAGTCTCTAAACCCCGCGTCGAATGATACCGCCCTGTGGTGAGGTCACTAGCTGGGCATTATCTGGCTTAACGGAGTAGCGACTTGGTTAACTGTAGTCTGTCGTCCGCCGAAAAATACATGTAGCCCTGCGATAGTTACCCCAACCATGGCGGTGTCATCTAGATATGCGCGAGTAAGGAGAAGGGACGTTTCAACGGGCGTGCGAGTGAAGCAAATGCGGTATCTCCGGAGAATGAATACTTCGCTAACGTGGCAACTTTTCGCGTACCTCTTTCTGTCCGATGTACCAGCTTGCGAGAATTGGGAGATAATGTACTCACCTTTCCAATGACCAACGGCCTGGACTCATGATAGAAGTTAATTCTGAGAAGTGTCCGGTCTCATTTATCACGAAAGCAGGGGACGGGGCGCTATTGACCGGAGAGTAGAGGAGGTTATTCGTTACCTTCATGCTCCTCCCAAGCAGGGTACCTGTCATCTTGCACCTCTTCAGCGAAAACC,819,48.72,Escherichia coli
SEQ_358819,CTATATTGATAGCGAAAGCAATGAGCCTTGAAAACGTCAGGTCGCGTTATGGCAAGCCGCACAACACGGCGGAGTAATCTTCAACTCGCATGGATGTCAGTATAATCGCATGGGTACATAGGGCGGTCTGGAAGTCATAACGGCGAGCTAAGCCACTAACCGCACAACCTAAAGGCCAAATTAAGTAAGAGCGCTGCTGGCCGGCACACCATTATTGGCATATATCTAACTACAAGCGTTGAAAGTGGGCCTAAGGATATCAGAGCTACGAATACGATGTGGGGGAGGGAGGCATAGGAAAGCTGGGCTCTAAGGGACACCTACAAAATTGTCCATGTTCGGAGTGCGAGTACAACCTAAGGCCCGTGCGTGACAAGCTGCACACAAATTTGATAATGATCCTTATTTTTCCGAGTAACCACTATCCCCGTCTACCGTAGGGGCTCTTCCTTTTCTAGAGCGAAACTTGCCCCTACTCCGATAATGTGAGAATTTGTCACGCATCACCTGCCCTCCGGGTCTTGCGAGCGTCCAGAGTTCACTGGAACCTGCACCGATATGCCTGCCTAGACTTGGTAAGAAATATTGCTCGGCAACACGATCATTCGTTTGGCAAGCCGAAAGTTGATAAATCTTCAAATGTATATAAATGTCGAACCTACCCAAGGCGCCGCGACTGAGTTAGTAGTACCGCCCCACACCCCCCCCCTAGCCTGTGAGTGGCCCCGCTGCTATGGTATAATGGTTTCTCTTGACTGTACGCCAACAGATAAATGATACTCTAAACGCTCAGTTCCCAACGGTCATATGAACTTAAGTTGCACCCAGGGGGGCATTTTGAATAAGGTCACGGCCAAGATAATCCCGGGGCCTATGTGTAGTGAATCCGAACGGTATTCCTTATTTACTTTAGTGTCTGTCATTGGGTTGGTAATAAACTTAAGTCGGTTGAATGACTCCGATCACGGCTGCCCGCCACTCCATAACTAGTACAATCGCCCCCGGCTAACCCATCGCGTTCTAGAACGCAGAAGCACGCCTTCATCACCAACTCGATAAACCCGGCGGAGAGCTTTGTAATTGTAGGGCATCTGTACGAAAGGCTTGCGGGGTCCTTTCGTAAGTGTTTACTCTCTGTAGTTTGCGGTGTTACATGTTGTATGGCCCCGTGACCAGATTGTAAGGTGTATAGGTACTAGGCTGGGGCGAATATCGACGGCTATCACGTTAGTCCTATAACTCCGCTCACACAAGAAAAGCAAAGCGGCATAAGCAATCAAAAATATTTCTTCAGGGTATCCAACCGGGTCCCATAACTAACTTGTCTCCACCTTCGGGTCTATGGGTTTCTGCGACAACCCCCTCTGATACACTTACATTATCGCTTACATCTAGCGGCCG,1401,48.89,Homo sapiens
SEQ_609523,AACACCCAGGTACTTGTTATAAACAGTTGTTTTGTGGGGAGGTATGTGCGCTCGGCAAGCTTTGGTGTGACATTTTACAACAGGGAGCTCCGACTAACTTACCTTCATTGAATGGTGTACGGCCTTCTACAGTTTCCAAGATAACTGTGCACTGGTGGGAAGGAGAGTTTTCAACATGACGCAGGAGGCCAGCTTCTGCAATTACCCTTCCGTAAGAATGTCGGTGGATATAGCATTGGTCCATTGTAGAGCCGGCGGAATTCTCTCATCTTTACCACCGAATGTTTTTCTTTCGCGG,298,46.98,Arabidopsis thaliana
SEQ_559985,ACGTGAAGATGAAAGCTATCGGGGCTAAATTACACCGATACCATACTGTTGTCACGGGTAGGGCACCGAATTCCCTAGTCCTTACCTCTCGAAGCTCTGCGGTTGCCAGGCTTGTTCTCAATGGGCCCTCAAGACCGTCTCAATCTAGCCATAAATGTTGTAACACCAGTAAAAGCAACTACCAAGGCCACACTTGTGCCATAGGGGGAAAGTCTTTTCTCACGCTGTTAAAGCTCGCTCCCAGGGGATCGGATCCCAATTTTTCAAAACTGGAACGTTCCGTACCTGTAAATAGTTTGATCAAACAAGCGCGGTCTGGACTCGGACCCGATAGGTCCTCTAGTTCTGTGCGACCACAGACCGAACGTTGTGGACTCATGGGATCCAACATGGACCCGTCTGCTCGTTCGCAGGCGACGTCTGAAGAGCACAATATGACTGCCCGAGATCTGATATTTCACCGACGCACAATTCACTACCCGACGTTCAGCGGTTGTAGTGACCAGTATATCCCGTGGTGCGTCATGACAGTAACCTCCTTTCATAATTATACTAGTAGCTTGGCAGGCAGATAATAGGATGTGTGGTCGCTTGCACTGGGAGCATGCGCCAAGAGTTCGGACCCTTAACCAGCCGTGATCTAGAACGGCACTCTCTGGGACCTGAGTGACCCGACTACTCCCGCACGAGCCCCAGTAAATTTTTTTTACCGGCATTCCACTCTTCTTTGCATCTGAGCCGTTAATACCAACTGGAAGAATCAGCTGCGGAAGCATCCATCGCTGTTGAGTTACGAAGGGAGCAGATCGACGTATCTCGATTTAAAAATGGGACGCGGGCTCTAATAACACGGTAGGGTCACTTCCAGGACGTGATAGCAATCCGCCAAAAGCGTGGGGCAATCATATATGAGTCGCTGCATGGGCCTGATTTGCAAGTGTAATGAGGAATGTGGTACTTACTTCAGCAAAAGTAGGCCATATCTCGCCACAACAAGGGGAAAAAAGCCGAGGTATCTTACAGATTTCTAAGATTCGGCCTTGAAAGGGCTAGGAGGTATGAGCTGTAGTACAGCCAGTACAGTTCACTCTACAACCGGGCTGTAACCCTTAATTATTGACCCCCATGGACATCGCATTGAAAGCGACGGCCTTGACGACTCTGATCTCTTTATTCGTGACTATCACTAGGATCCTTGGCCCACGTTCAAGGTGATTGCTTATGGTGACCCGGGAAGTCTTCAGGAACTGGATACAAGAGGCACTTTCCATATTCCGCACGAAACTAGACAGCGGTGACGTGGGGTCTATGTGGGACATGAGGTTCTCGGGAACAACCTCATCTCCTAGTGTAATCGCGCATCCGTATAAGTCAAGCGGACAGGTATACCGCCTACACAATGAGTATCCAAGGGCAGACCCAATTTCATAAAGTC,1435,49.62,Caenorhabditis elegans
SEQ_731361,ATTCTTTTCGAGTACTCGGCTGGTAAATGGCATCGGCCTATATAAAATCCTCGGCAAGTGCGATATGTTACGGAATGGCGTCTATCGCGATCGTGTCCCTATCCACATGGATCCGCTGAGGGAAGTGTTGCGTTCGATTTGGGATCAAAGTACTGACACTGGAGAGGATTGTCGCGTCTAGCGGACGTCTTACTCATTGAAGCTATCAGAGTGAGAGAGGCTAAGGCGGCGCACCATGTTATCTCGAGTGGGCGTTCAATAATGGAAAGGTCTTCCCCATCGATTAATCACCCGTTCACATAGCATCCAAAGTGACCACTAGCTGCACAACCTTCACACCCGCTCGTTCGCCTCTATCTCAAAACGTGAGCGCGCGTGTCTCACGACGTTTCGTCGTCTGTCGCAGAGGCGAGCTTCTTCCGATTAACCCGCGCGGTGGCCGGTGGTCTTATCCATTAGTATGACTAAATTGAGGCTCGTATATAGTCCTGCATCGGGAGCGGCGTCTGTTGCTAGTTCCCGAAGAGGTTAAGTGATTAGCTTGTTTTTAAGGCGCCAGGCAGGACTACTCGCCGGGGCATGGTTGCAAACGAACGAACTGGGGTGTATCAGGTACTTTCCCATCCCGACGCCTGTAATCAGTGTGGAGCAAGTTCAGCCACACATCCCTCTCACGGAGATACTCTGTCTATATTGAAGTACGCCTCGCAGGGCTTCCATGAGGTAGGAGTAATATTATCCTCTGTTCTAGGGTGTTGCGGGGGACCCGGGGCCGGAGTGAAAGCTATGTATCTAACAGGTATTCCAAATATTTGGCGCTTCTTTAGGTATCTTCCACACTGTGGCAATCTAAGGTTTGAACAATTGATAGGACGTCGTAGGTTGATCAGAGGTAGCCGATTTGTTCCGCTACACAAGTTAGAGCAATGTGGAAGTTTAGGCAACTTATTAGAGGGCACTAAATCCATGCGCACAATTACCTTGTAG,987,49.85,Mus musculus
SEQ_701533,TTTCCACGTGGCTGTCTCCAGCATCACCTACGCACACTTCTCCGAAAAGGAAAACGAATTATACGTTTAGCAACAGTAAACGATAGATACTCATTCACCCAGTAGCTAAGACCCGCCTAAACCCGGAGAGAAGGCAAGCATATAAGGTACTGTGGGCTGGGCTACTCCAGATGCCCATGACGACCACGTGCCCGTGATAATTTTACCACTTCCGGGCTCTCCTTTGTCGGGGAATAAGAATTATTGATCAAGTTGCCAGGATATTTCTAGCACGCGGAATATGTTTGGAAAAGCGGCGGGAGTACGGATCTGTACACTGACGACCTTCTCCGCCTAGCCTACAATTGGGGGACTGCAGTAATTCCGCAAAGGCAGACGCCGCGTAATGCCGAAAGGAAGTAAGACTCCCCCTGTCCAAACACTAGCAGTTATTCTCGAACCGACAATAGTCAGGAGTTTTCTTAGTCGCCGCATCCTACTATCTTCTGTTTCATCTCCCCCGCCAAGAGTGCCCTCCGAACCTCCAAAGTCGTGCCGCTCTGACTTCATACCAACCATCGGACCATGCCTGAACAACACTGCGACGAGACCCATGTCCATGACGCTGCCCGATTCAACGAAGCCTTCCCCCATTGATGCCCAACGAAGTGGCCGGCTGTTTGTTTTCGCTTCATAACGTGCGACGGTGAGTCGCCAAGGTGCCCCGTCACAAATTTGCGAGAAGTAGATACTGAAGGCGGCGCGGGGCCTTCGGTAGACCCAATGGTTACTCCAATTTTATTCTGCAATTATTGCTCACAACTAATGGATGTGACAACGCCTTCAAACATCGAAATTGCAAAACGAAACAATATATATTTTCACGCTAGTTAATTTATTCCCTATTCTCCTGTCGAATGGCCCGCCTGTCCATATGCAATCTGCAATATAACTAGTGATTTATTATCGGTTAATTGGTCAGGCTGGGAATCAGCCAGGTCCATACTCCCCCAATGGTGAAGGTGGTCGGCAATAGCCGCTAAGCGATACAGACACTGTCCCAAAGCATGACGGAGTGCGCAAACGGTACGTGCCTGGGCAGTAAGCCCTAATGAGTCTTGGGTGTAATTTCCCTGGGTCATAACCGCTACGCGAACAGTCGCCGTATAACCCCTTGAGGTATATGGACGCTCTAAGCCCAAATTAGGGTCTGTAACTGGGGTGTGGCTTATTTGCCGCTAGTACCGCCGAAACATGCCTCGTACCATCCTAGGAAGCTCCATGTAGGACACAATTCGGCACGTGCATACTCTGGGAAGGGTTTGAATAACTATGGGCTGTTTCGGACGCCAGTCAGTACACATGCAGGGTTTTTCTCCGCACTCGTCGGCCTCACCCATTAGCACCAGAGCATAACGTGTGTTAAAAATGCCGACTCCCCAATCTACTGTGAAGGGACGAATCTACGGCAGAAAAAGCGCAGGCCCTCGTGTCACCTTCGGCAA,1484,50.27,Homo sapiens
SEQ_187998,TTAGGCAGTATACGCATGTAACAGCGCCGAACCTGTCTGCTAGGCTGCTCTAAAGTCGTGCTCTGCCCATGGACAGCAATTATCGACTTACCGCCCGGACTGCTGCTGTGTAGGCGTGCTCTGCATAGGCTTACTAGCCGGGTCTAAACGTTATCAACAGAGTCGTAGCAGTTATGATGGCAACGCTTTCAGAATGTTCCTGGCAGATCTCGCGCCCGCAGTCGCGTAATGGAATTCACACACGCTGCTGTTGTTGATCTCACGCTCGCCGGTGAGTTCGACTAGTGCGCATATCTGTATACACCACTTCATTTTACGGGAACAGGTGAGTCTGACCCAGCGAGTTACGCGCCCGGTACGCACGATAGTCTCAATTTGTTAGCCCATTTAGGAACATGAACCCGACATGAGAATATAGGGACACAGGGGCCCAGCCTATATGTATGGCTGGCCCCCGTAGCATCTATAATGCACTAGAGCTTATAGACTTCCTTCCGTGGATAGCATGGTAGAGCACACCGCGCTTCGTATCACAGAGGAGAATACCTTAGCTTCGGTCCGGG,563,52.04,Homo sapiens
SEQ_264205,TGCCTTCCCATAGGGACTCCCATCCCGGTCGATGGAGACCGGACGATCGGTAAGAAGCAAGAGCTATATTAGGTGCCTTTCGCTCAAATACATTATCCTATACCGTGTTAGACTTATCCTCCGTAAACTGCCAACGAAACCCTTGCAATTGTGAGCCACACGCATTAGGATCGCAAAATCAACATTCATCCTATGTACTAGCGATCATTAGTCAGCTCCATTCAAAGTATCAACGGCGCATATGTCGCACAACCTGACGTTAGGAAAGGTAAATCCGCAATCGTGAGAATACAAAACAGGTACTGCCCATAGCCTAAGACTGAAGACAAACG,332,46.08,Arabidopsis thaliana
SEQ_290285,TACGCCGTTAGAACGAGGTGCTCCATGTATTAATTCACCGAGCATGGGCCTCCTCATGATAGATGAATTATTTACAACCTATTGCAGTCTATCAAACCATAACAGTTGGACACAGATTCATCCGCGGCGTGCACTGATATTGCATCCGAACCGGCAGCAGTAAACTATTTATCGCACCCGGAGCCGCCAAGATGTCTCCAAGACAGGCGGCTGACTAATCCAGAAATCCGGAGTGAGCCATGACCACAGCGAGTTAGTAGTTTAACCGACTCTCGGGACTTCGACACCCCATGGTCGCGTCTGGCTCGTTGTATGTTTCTGTTAGTGAGGTAAGGAAGAGCAACACGGTAAAGCTTCCTGTCTTCCTTGCTTTAGGCCCATAAATGTCGACAGCGTGTCGCTGTACCGGGCCTTGAATTGAAAATTGGTTGCAAGAGTGTTAGGGGGCCCGCTGTGCCTTCTAGAAAAGATCCATACCCTGCATCACCTTCGCTAAGGGCCATACATGAACCACTGACTCCGTAACTAATTAATACTGGAAAACGCTTGTCAGACGTACCATACCCTGAAATGTTAGTAATTCTGTACGTCTCCCGATTTCTACTATAATTCAGAATAGTATTCAGCCGCACAAGGATATAGTAATGCCCAGGAGAATGCATTGGCAGACAGGTAAATTCATATTTCGTACTAGTTTTTAGACACCCAAGGGAAACTTGCCTCCTATGGCTCTTCGACCCTGTAGAAGCTACGAGAATTGAGAGTACGGATCAGCGTAACTCGGATTTATTGCGGAGCTGGAGGAATATTGGCACAGAAGGTCACATGTAGGATAAGGATAACAACAACCCGGATGTCACTGCGCACTAGACCGGTATGTCCACGCTTCCATCAAAGGATTGTACTTAGTACGAATCATTATCATACTGTGACGGTGAACGATACCAACCGGCCTATTACACAAATCTTCGGACCCCTCAAGGGCGACGATGTAGATTGCTTCCAGGTTAGAGTAAGCTTCGCTGAGAAGGTCGTCCACAACAATTGGGTCCGCGCGGCTGCTCAATTCACAGTGCCTCCTGTGATGAAAACCTCTTTTCGCGGACCGTCCAGATTATGGTCAGGCACTGTCAATTGTGTAGGGGTATCATAAGGCGATGCAGAGCAGATGGTCTTGGCTCCCAGAACGTACTTTGGATGAGTATATGGAGAGCCGTTTTGCCACGTAGTCACCCCGCCCTTCGCTACACGAAGGTTAAGCAGGTCTAAACTCTTTCAGATCTCCCGACATACGCATGCCTGTACATTCAGGCCTCGAGGCGGCACCATCCACTGGGCAACCGTGGTGCTAGGCTTTGAGCTCCAGTTCAGGTCCGTGTTAACCTCCGACCTTGATTTGAAGAACACCCATGTGGAGCGAGCAAATAGCTGGTTTCACCATCGACAGAGTCGATCACCCTCTGAGTTTCGAGGTGTTATTCGAGTACTGTGTTTACTTCCCCTGAAACCTGTCGGCGGTTGATTTTCTCGCCGGTTAGGTCACATATCAGTGGAGCTATACTATTAATCGCCCGGTACGCATACGCTGCGCTAGATCGTTATTGATTATAGGCGAGCTACCACCGGGACTGGGCAGGCACTGTGTAGATTTCGGCCTTGCGATATCAAATAGGCACTCGGTACCAATAGGTCGAATTGCTCCGTACTCAATCACTTAATCACTTACACTAGGATGTTAGCTCCCTCATAAAGAGGTTGCGAGTCGGCTAACTTACCACTGCTCCTTCCCCCTTCTATAAAAGAACAACACGGTTA,1815,48.6,Caenorhabditis elegans
SEQ_921370,GGGATCGAAGATGACCTCGCCGCGTTATAGTGGACATGCCCAATGAGCAGACGAATATTCATAGCCCCCTCAATCGAAAGAGATTCAATAATTCGCGCGATGGACAAGCAGCCGGGGATGAGCAACCCTTTTGAACGAACTGTGCTCTTGAGATCGGAGAAAGGCCAGATATGTGGATAAGCGCTCCGTGTTGGAAGCCCGCCAATCCGGGCATGGGATTGCAGAACCCTAGATTCCAGGGTACTAAGACGTTAGGGTAAGTTAAAGCGATTCCGTCCGTAGTCTAGGATAGAATAAAATCATTTGCAACTTTCATAGATTGGTTCCTCTCATTTCAAGCGTTTAGCGCTGGGACGGCGGGACATCACTGCGTGCAAGCTCACGAATAATGAATCTAGTCTGACGTTAATTAAACAAGCAATATAGCTGCAAGCCACGTGTGAGATTATAACCTTGTTACTATCACCGAATCCAGGTGTATCAATGCAGACAAGCAGCTTAGAGTTCTATCGTATGCTCGTTTCTCATTATCGGGGCCATGGTTTCCTGGGGCGTACACCGTAAGTAGAGGGAACTAGCACGGGACTCAATCGTGCATCGTGCAATTGGCGGGTACCCCACCTAACCAGCTTATGCAAAACATGCGTTTACACCGAACCATAGGTATCGCTACACCCCGGAGGTTATAGCCACTAATTTAGATCGCCCCTTTCGCTGTGGACATTATCAAAGACCGCACCGCCGTGCCGGAGCCGCGCAACACGCGAAACACAAGCAGCCTCTCGAGATTATCTTTCCAAAGAACACTCAACTCCGAAAATTTAATATCATGCCACCCAACTTTATATACTGTCCTAGAATTACAGCAGCAACGGCCAACGTTCAGGACTACGGAGATTAGTATAACGTGTACTACTTGACTAATCAAAATACGGGGGCAGCTTCCGTATCACTCCGTGTGCAGTTTATGGGCAAGGCGCTCTAGCACTCCGTCCTTATGTGAGCACGACAACCACAACCCGGAGCCGGCGGATCCACGCAATTTGAAATGGACCAAGAGACGACTCCTTGAAGGGAAACGAATTTGCAAATCTTCGATAGCTTGCATAGGTTGTTATCCCACACTTACCTACCAGGAAGCGTACATCTAATCTACTAAAAGTTGCAAGAAGGGCTTACACCGCTCAGTACCGGATTCAAAAACTGCTATCAAATTATACGTTACACCAACGGTACGCGCTTGCGCTGGCCCCGGGATCCTGTGACCGAGGAGTCCCTCATATGGCTTTAGAAACCGCGACTTATAATAGCATGACCGACTCTGGTGCTAACATGCCCCAAGAATCCGTCTCAGCTCCTGAGTCCGGACACCCAAAGATCTTCACTTAGCAGTAGACCGCTCGTATGGGTGTCAATTGCATTCGCTATTGCGACCCCATTGAGAGTTCCCATAAGAGGCTCAACGTGACCGGCTGGTGCGAGGAAGTCGGTCTGATAGATTCTAGCTAAGACCAAAGGGTTCTACATACAGGCCTAGATCCCGGTGCTTAGGGGTTTCGAGGAGCCTCGGGTAATACAGGAGTGGAGGCAGAGACAGGATGTCGATGTAGATGATACTGGCTAAAGCACCAAACA,1635,49.05,Escherichia coli
SEQ_699663,TGTTCTTCAGTCATGTAGTCTCTGACGCACCCGCACGATGAGGGAAAGCTCCTCAGGCGCTGGACGCATACAGAGTTCATATTAGTCATCATTTGCTGGTTACAGAAGTGTGTAGCTATAACCGACTGTAGATGAATAGTATAACCTAGAAATGCAGAATATACGTGATAATCTTTCTGTGCAAGACCGCAAGTGGCTAGGCCTCCAGCCTGACGCTGAATTCATCGGCTGTTCTCCATCATGCCTTTCCGGCAATGCCCTTCGCAACTCATAGTACGGGCTATGTAATCGAACCCTCGGGGGCTTTGCTGTTTTTATGACGGGCTATAAAACCAGTGTAGCTCAGGGTATTACGCAACTGTCGCCTAACGACGTAGAGTAAATCACCCAGCATTTACAACCATCCTAGTTCTATAATGTGTTGCCTTCGAGTACTTGGAGCTTGTTGACGGTTGGTGGTCACATGTCGCTGATTCTTCGGATCTTGAAGTACTTCGACCAGTTGTAAGTATGGGTTTCGGCGTTTGAAAACCACAAATAGGTACTCGGGCCTAGACGGGAACAAACATTCGAAATAGTAGCACTCTATCTGACCGGTCGCACGGATTCTCGGTTCCGACCGTTCTCAGTGGGAGACTACAGCCGAGGGTTCCTCCCGGTCGCGGTGCCGCTAACTCTCTCAACAACGGGTAACCAAATAATTTCAAGGCGGCAGATCAAT,721,48.4,Drosophila melanogaster
SEQ_765200,ATCGTATAGCAAGACACCTCAAATAAGATAAGCAACGCTGCTACTATCCTCACGCGGCTTGGAACAAGGTGACAGCGCGTTATGCGATTAACCTACATTTCAGACGCTAGCTCAGGCGGCAGTGGCCGTGACGGCAAACAGGCATTTTTGCGGCGG,156,51.92,Drosophila melanogaster
SEQ_281371,TACTGTATGTTTGTTCCAAAGATATGATATTTGGATCCGAAGGGGCTTAGCGCCGGGACTCAA,63,44.44,Mus musculus
SEQ_124575,GGTCATCACTCGAATTCATGCCTTTAATCCGGGGAGTAGGCGCCCCACTCCGGGTTTCAAATTCGTGAGACGTCCGATCGACCCACCAGTTGGGCCTGTTAGGTATGTTACTTCCACTTTGATTACTTCCCCGCACTAGCGGTAAGTGAATCAATTCAGCGGAGCCCGGCGATACTCGCTACTCGTCCCCTGAACCCTATCGAAGAGACGAGGGGACTCTGCAATCATTGATGGCCGGAGCCTATGACTGACTCCGAGGGAATGCTGCGAGCTAACATTATTATAGTCACACCAGGATTCACACGTTTATCGTCGTGTGGTCTACTATCCCAAGCGCAGCCCCCGAACAGACCCACCGCTTATTCCAGCTACCTAGGTGTAGCGATCGAACGGGCCCGAAGGGTAAGACTTTATACTGAGGCCGTGGCAAGCTATGTCGCGCGAAGTCGTCATATTAAAACCGAGAAGGCCAGACGAGTTTTTGCGATACCGTTGGGCGTGTCTGCTGCGCTTGAGCGGTCGAGACCGAGGACAGTCGCCTTAGCAACCATCAGCTGGACCCCTACGGTCGACTTGATATGCTCTCAAAATGAACGCAACGAAACTGGCTGCCGCACCTTTGCACACACGCATAAAGTTGTAAGCCAGTGCACAAAGTCCTCAAAAGATCGGTTTTGTTAAGTGTTTAGTGTCGCATGCAACACTCAGTTGCTCCAGCTTAGCAATAGGAGCCAAGCGTTCAGTAAAAGCTAATATCCTCCAGAACACAACATGCAACTCCGTTTCACGCAATCTGGCAAAGTTATACTTGAGAGACTAGGAGAATGTTAATCGCCGGTGTTGAACCCTTCAAGTCGTGCTTGCTATAGGCCTCGCGGTTGAATTCCAAAATTGTGTGTGCTGGAATCTCCATGACCGGTAACTCGGACCACGTTAAGTGCCATGGCTGATTGTGACCCTGTTGCCGCCGATCTGGGATTCTCTTACGCGGAGACGAACTTTCGAGACCCCAGTGCGGGCTCCCCCTTCCTATTTGCGCGCGTCCGTTCCACTAATCCATCATGTGGCTATTGACTATTGAATCCGGATTTTGGACTCCAATAGGTTTTCTAATTTTGAGCCGGATTCTCCAGTTAGACGGAGTCC,1146,51.22,Escherichia coli
SEQ_688049,TCCATTTCTAAAAAAATAAAAGAAAATCAAACCTGCTTGCTAACAACATAGTGTAAGACAGAATTATTAATTATACATCACTCCCAAGGTTGCCGAATGCTTGGGTGCCCGCCCCTGCGCTTCATGAAACAGAGAGTAGAAGAACATGCGGGAATGAATGACTGCTTACGACGTACCTTAGCCCTCACCACTCGAATTCCAAAACATGGAATGTATTGTTACAGCCTTCGCATCTTGTCACCGATAGTAGTGAGGATAGCGGGGTGTGGTTAATAAGCGGGAAT,284,42.96,Arabidopsis thaliana
SEQ_549861,AGAGGAATTAGGGCTAGCTTTGTCAAGGGTGTTCCCACCTGCCGTCCAGGTAGGTACCTTTCAGCCCACTGCGTGCTTGGGCAACGCAGTCGCATATGACCTAATACCGTACATTCAAACCATTATGGTACAAGTATGACACGCTACGAATGTATTTCTGATAACGTTGGGTAGCTCGTCACACCACCTGGGCCGGCACCCTGACCTATTTCATAGGCAATAGGTGGTAATCGGGTTTTTACGCACACATAGTGGTGGACGCAAGGAGCGTTTTACGCTAGACACGCACATGAAAATTACACAAGACCGGCTGCGCATTTGCCGTCCACGTAAGGGCGTAGGTTTTGCCCATATGACGTCATATAAGCTCTTCGCTAGAATGATAGCGGTGTGTTGTCGGCTGAGTAGTTTATTAGACGGTCCATGATCTTGCATAGGGAGAATCCGGCTTCACCACGATCCACAACAATGTAAGGAATGACGATACGGGTTCCCAGTAGCAGGACGGACTGGTTGTACTTAATTCGGTACGCAGGTGGAACTCCCACGTTGACCAGAATCTGAACAGGCGCGACAATGCCCGTACCGTAATCGCTAGTCGTCATCTGTAGGCGGGCACGCGGACCAAGGACGTATAGGTCCCGTCGTGGAATCTTATCCTGTCATTAGCTCGGCTCACTTCCATGTCTATTGCAGGCGCAAACTAAAAGCGAACTAGAGCTCACCCGGAACATCGTAGACGCGAACCTTTTATGGACTAGGCCTGCGAACATG,774,50.78,Arabidopsis thaliana
SEQ_305744,ACAATTGCTTTTCACTGGACTTGCGCCCTTGACCTGGGCCACTCCGTACTACGTGCTTGATATACATTGGGGCTACGAGCAATTCAAGGTCTAACGATGAAGTTGATGGGTACGAATGCTATTTCTTGATTCTACAATATTGTAGCGGGCGCAGACGAGCCTGACTGGCTGTGGCTAATAGCCTTTCCGATCCTGGCCATTGAGTTTTATTCACTCCCTGTTTTCATAAAGATGAGTCCACAATGGCTAACATACACCTGCTACCGGTCCGGATGGATTTTTTTAAAATCAAAGTGTGCTGCGATGGGACAGCAATGCACGGGTCTTAAGATAAACCATGTGCGCAAGTACTCTGGCATTATACAGAGCAAATGCGTTTGGGTACGACACCGCATGCCTGCGGCAGTGTACTTTCTCATTTACTTGCCCCCAGTGCCCTGGCAGCTAATCTCCTGCCCCGCGGCCCTCAGGTTACTCGCTGAGGTTTAGACGGACTGTCCTGCCCCGAAGCTCACATTTTCCTCAATTACGGATGTCGCTGATGTTGCGTATTCGTCCCCGACCGCTAAACGCCCTGTGACAATTATTTCACCGGGGCGTTTGTAACGAGACCCTGGCCTCACGTAAAACTTGCAGTGCATTTAATGGTATGCTGTCAAAATCCCGGCCAATACGGGTAGACAGGTGTCGAGTAGACAGTCTCATAATTATCATATCAGAGTAACGGGATCGAAATCAACCTCCACTGGAGGCGCTAACACAACAGCAAGTTTAAACCGACACCGCTGGAAAGCTTGAATGGGAACAAGGGTTAGCCAGGATTTTCTGTAGGGTCTGATTATGATCAGTGGGTTTGTGGGTATTGCGCGCGGAGACCCGGCCGGGGTTGTGAGTTCCTGGCAATCTGGGCAAAGAAGAGGACTCCGGCGCACGCTCAAAGAGCGGCCTCACAAAATCTCCTGTCTGAGGATGAACAACAGTGTTTGTGCGATAGTACTCTCGTCCCTTCTCCCTGGTCAGTGTGACGCACCCGCTGCCAGTATTAGCGTCCTGATGCACTTATCACGACGGCCTGTGCCACTACCCCCTGAGTACTCCCGTAATGAAGCAAAGTCTTCTTCCGGCCACGTAGTGGTGCTCTGGGATGTGTTGATCGCTGATATAAGATCACGCGCTATGATTTACCTCAGTAAAGTGGTCCTCACGTCGTCGGTGTCCCACGAAAGATAGAATGAATTTTTAGAAGCTCCAGACCATTCATCTGAAGTCAATTACCATGTCGCGCGTTCCAAGCGCAACCGTAGCTCCCCTTACGCTTGGTACGTACTCTCGTATGGGGATGGCGCTAAACTGGCCGGACCTTTGACATAGGAATATCTATCGCCCCTAGATCAACCTAGTAGTAGATTTCAGGTGCAGTACGACATTTTATGCATTAGGGACATATTTGAGTGAGACTTCGCGGGTCAGAACACGGTCGTGTCATCTATGTTCTCCACGCACGCCGCCCTTGATCAGGTTCATTGGTACCAGGGTTGGTGTGAGCAGCACCCCGGCACCCAGCGGAGTTTATGTAGTCGTATGACTGCGGTTGAGCAGCGACACCGGTAGACATGGGACGAGGTGTCACGGGAAGACTACGCCCCAGTAAGGTCCACTGACCCGAAGCTGCCGAACACGTAGAACACTCGGTTTCCTCGCTCATAGTGATAGCGAATTCGACCCGCTAGCCTTCTTGTGTCTCATACAGGTCATGCTTAGCTGAGGGTGCCCGTCTATATCTCGGGAGTGTCTTGTCGCTTTGTGTACGCTTGCCGCGTCGACGCAGTCAATTCGTTGTGTCAATTTATCTGATGGCTTAAGCCGTATCCACGAACATTATGCAGATCTATCAAACCTTGTCTTGAATCAAGATGAGGTTTCAAGGACTGCATCATTGTTCGCCCTCCCGATAGCGCCCGCACTTAGAAAAAGGTATTCGGATGGCAATGT,1992,50.65,Drosophila melanogaster
SEQ_606250,TACTAACCTTACAGACGACACCCATCGGAAAGGCAATGCGCAGGTATGGGTTAGACAAAAAACAAGCGTCTTACTGAACGTTATGAACCACGTCTTACCCGGCTAAACCCCGACCTGTTTAAGTTCACACCTACGATGGGGATAGACACAAGAAAAAAGGGGAGCCGTTCTGAGTCGTCTTAATAGCCCTGGTATCCAGGTACATTGAGCCTGTCAAGGCTACGGATAGAACACTCTCCTATTCACTGCTGCGCCCGACAGATCTGCAAAAGCCCATCTGGTCGGCCGACCAGATTACGCTGTTCTGTTCTTTAAAA,317,48.58,Escherichia coli
SEQ_220782,CCGCTAATGGACCCTCACGTGCATCCTCTATCTATTGGCCCCCAGTTTTCAAGCTACTCACATAAATTATTCAAACCCACGCTACATCTCCATTTTGGTACACTAAGTCCACCGAAAATAGCTATTGCCAGTTCGGTATTCTTAGCTGTTTCATGAGATAACGCCGCATTTCGCAGTCCTTCACCCGGTTCAAGCTAAGTTTTAATGCTTTAGGCTTTGCCGTACATGGGAAGTCTACATCGCCGTTGGACTGATCTCGTTTGCTAATCGAACTGATTCCCCCGCAGGGGAGTCCTCTACTAGTTAAATGACAGCACCCGTTTCGGACCTCAATATCATACGGCAGTGCGTCAGCAACATAGCACGAGCATGCATAGGAGAGGCCGACAAAAGTGGGAACCCTGCCAGTCGAAGCCCAGTTCGATTTACTTTCATAGAATATAAAGCTTTGAATTCCATCCATCATGGCAGACTGAGGCAATGCTACACTCATTTGTGTATGCGCCTCACGCTTCTGCCTTCGCAGGGCTTGGTACTGTGTTATCCTGGGCAATGGGGGATTCAGGTCCAAAGATTGTTGTGCAATTTACCTCAGGATAACAGACACGTGCGCGTAATTTGCGGCATATAACCTACTTGGCTGATTGCGCCGACTACGTATCGTAAACATCACAGCGGGATCAGTCGGCCCCGTATTCCCACGGTGATCTGAGGTTTGAGTAAGAAGACTATCGCTTTAAAAAAAGTGAAAGATGAGAAATAACCGTGTGGCGGACAACCCATTGCGGGACTCATGCCTGCGGCTACTACTTCTTCAGAAAGCGAACATCTTGCCAATGCAATGGCAAGGGCGTAGGTCACCTCCTGGAGCTGAGCGGGTATTCGAGCATGTAAAGTCATTGGGCATATAGTAAAACCAATAGTACTGCGGACTGGAGATCTTATGTCTGGATTCGTGATCATGTGCACGACTCTGCAGCTCTGACGTTCAACCGCGGAAATCTCCACGGCTGAAAAAAGGTACACCTCTCGATGTCGATTCGACTACCTGTTCCCACATTGTTGAAGGCGCATCGCAGGCATTTCGACGTAAGACATTTGCCCTTGAAACGGTTGATATAGTTAGCGGCGAGCGCTACGCCATGCGCAATTAGGCGTGAGCATGATCCTTTCGCCCAGCATGCGCTTTAAGTAAAATCGCATATCTGGCGCTACTCTCAATTGGAGAACAGCGAAACCGCCCTAGTAGCGGTGCGGAGCAACCGAATCTAACTACCCCTGCCAAGAATCAACGATCTGTTGCGCTCAGCCATGTCCCCACTGAACATGATACGGCGAAACTTCTTTAGATTCGGGGG,1358,48.97,Escherichia coli
SEQ_693456,TCTCACAAGCGTGAGTAAGCAGTAGGAGCTCGGCTAACCCCATGCATTCCGGGTCTATAGCACCTCTGTGTTCCGCACCTGACCGAATAACAGTTACTGTTGCCTGCATTATAATTCCATGTCTGTGTCGAGGTGGCTTATGTGTTGCACCAGGATTGACAAGCGCCGCCTGTATCCGCAGGGGTCTATTCAATTACGAGCCTTCGTGCCTCTATCTCTCCCGACGTGATCTTGGCAGTCTCGTTCTTTAGAGCTACAAGACCACTCCGAGATGTGTCAACCCATGGTAGTCTTATATGCCCGAGCCGCGATCGTTCGTTGTATGCTGGTGCTTTACAGAGTGGGACCCATTGCCTGATTGGCGGTTGTTTGGCCGAGCATCTATGAAGTTATTCTGCACTTTACAAAATCGATATCCTAAGCCCGCTGGGACAAACGCCAATCATTTATGACTTGGCAC,460,50.22,Caenorhabditis elegans
SEQ_626849,CCCCGAACTCGAATTAAGAGTTATCACCAGGGGGCTTTAGGTTTTGAATAGTAACGTACATATGGGGTCAATCAGTAAGCTTTGATGGACCAACCCAGCTGGATTTCCCACAGGGAAAGGTACGTTCGTTAATAACCACAGTAAAATCTTCAGTCGGACCATGTTGGCAAGAACGTCGTTCTGTTCGGGAATTGTGTAGGTATCTACCGACTACTGTTCACGTAATGACAGTCAAGCGAATAAAAGACATAAGTATAACTTGGAACCCACTGACGGAGGTGGTTATGCCGTCCTTCTGATTGTCGGACGGCCAATGTGGCTCCCCGTGCCAGATATTGGGGCCCTACATACCCAAGTCAATCGACTTGGTCAAACGGAGGTGCCATTACACCGGGGGTATTAATTAGATGAAACAATACCACTGTCGAATACCCTGCACGTATGAATCATAAGCCGTCTAAAAACTCCGCAAGAGATGCACTGTGATCTTATCATCTCATTCTTCTTGTACATGACGCCAAATGTACCTCAATATTGTCCATTCGAAGATCACGTAGAATTTCGCGCCGTCAGTCATCGGAGCAAAACCATGATAGTTAAATATGTGTCCGGAAGCGCA,619,45.56,Arabidopsis thaliana
SEQ_129840,CAGTGTGTCTGGAGTATAATAATCTCGTCCGACTCCTCGTTCAGGATTTGGTAGTCCCTTCACGGTTATAACCTTTTAGATGTATGTGGTGTTGTTGGAATTTGTGATAACCTACGTTCTACATGCGATGTCTACTGGCATGTATTGTTATCGATCCGGATCCTTTATTTGCGTGGCATTTACCAATTTACGCATTGTCGCCAGAATTAAGTTACAACCGCACAGAACGCGGGGAAGTGTACGTTGCGGTATGTGTAGGGGTGCTCAATTTGTTCATATCATGCCTTCAGAGACAAGCGATGCTTAATGCTCCTTTATCTTAAGTGTGTTAAGCAGAGCGAGGACTCCCTTGAAGAGCAAAAAGACAGAGACCGCTCGCGTATCGGCCCCGACACCTAAGACAACACCGGCCAATCCCGGATGAGGTCACAGAAATTGTATAAGAAAACAGCCTTCTTTTTGCGGAATAATCATACATATGAATGCTTACCGAAGGCTGGCACAAGTCGAAGTCCTGGTCTTGCAGTCCAGGCCAGCTCAATGCCAGACTCAGTGCCGGCTACCTCAACCTTATTTCGGCTCCTTAGTTGCACTGTCACAGCCCGGTCGGCTCTGTGAGTTCCGGTACTATCCGTACTCCAGCCCGTCTGCGCTGCGCTCGGGTTCTCCGACTCTCGATACGCAGGCACGCCTCGGAGAACATTGCCGGATGTATCAGCTACTGACAACAGATTTTTATAAATTCCGTATACGATGAACCGTATTACGAGGAACTGTCAGGGGTATCTCTCCCCGTAACAATAGCTAGGTTTGCTGGACTTCGTACGCAGCGCGAGACAACGACATAATTTGGATCCAGCCGCGATGCCACCGAAGTTCGGACGGTCTACCCTCGTACAATACCTCACACTAACTCAATCTGCCGTGGGGTCGGCAGGCGACTGAGTTCCGGTTGACGATGCGGAATAGGACACATAAGATGACTCTCACCACTCAGGGATGCAATCTAAGCGTTTCGATCGAAGTAGGCCGTAACTACGTGGGCCCACCCATCCAACGGAGAGTTGGGCGTGTGTCGTAACGTTAAAGTGGAGGATTGGACATTTTTATGCTATCGCGCTAATAAGGCCGTTCTATCGGATTTGTGAAGATCCTTAGAGCAATATGCCGCCTGCAACCGCCAGATGCTGCCAATCTCAGGAACACCTACTGCTCGCAACTTACCATCAGAGAGGTTAGGTTAAGGACTGAGGCTAAGATGTTCCTAAACGGATATACGAAACGGAACGCGAGCCAGCTTCATATGGCAAGTTGATAGAGCGCCCTGCGTGTGTTATGGGATGAGCGCCGCGATCACCTCTCCATTTTAAGTTTAGCCTGTACTAAAGGTTGGCTAGCGTGAAGCGCGACGAGTGCCGAGTTATTACGGCTTTGAAGCCGCGACACGGCGTGGAAGGCGAAAAGCAGTCGTTATCT,1476,49.86,Saccharomyces cerevisiae
SEQ_136414,TTAACAATTGACAGAAGCTGGAAATGCGGGTTACACTCAGTGTTACGATACTCCCCCCCGTTGAACGTGATTTGCCCGAAGGAAAGAATAAGTAGTCCAAGAGTTCCACGTTGCAAAGCATACCGAGGATCACGCCCTGTGGAATGATGCTCGCTCGCTACGAGCATGTGATTACTTAACATTAATGTAGGGAAGAGCGACGAGCAAAGGCTCCATTACAAAATCCTCCTGACACCAACAAACGTCCTATACTGTACGCTTACGCTACTATGGCCTCGTTCGAGAGTTCCCCTTGCTAGGCTTTAAATACTTCGGAATGGGGTTGGCCCGAGAGACTAACTATCTGGGGCAACTAGTCTAGACAAGATGCCACAATACTGCAGGCCGGAGTAACCCGAGAACTAGAAGTGGACTCTACCAACGTGACGGGGACGACAATTAGTAATCGACCACTAGAACTGAAGTGTTCTGGCCGGCGCTAAGGCTTAGATCGGTTTAGTGACCTTCACCCGGGGCTACTTCACCATTCCCTACATACTGTCCCGAATTTACTTGAGGAATCTACCTCGGAAGTG,575,48.87,Drosophila melanogaster
SEQ_155605,GCAAACACGCATTCACGACAACGTGTCGCTTTTCACAGACAATTTTCCTCGCTACGTAGAACGATGACTTGTTACCTAAGTACGGTCCGGAATCTGAATAAAATTGCTTGGCTGTGGCCAGCATCTTTTAGGGACAACCTGTGCTATTTCCTGAACCTAAAAAATCATACGTATGTGGAATTTGCATTAGTGTTCGCGAGCAATTTTAAGTCGCGGGATTACCTGGACGTCGCAGCTGGCCATGTTTTCAACTGCGTTATCCGTGTCCTACCCGACTCGCTGTTACACAAACAAGGCTCTAGGGTCGACGCTACGTTTTGGGTAGGTCTTCACCGTCACCTGTGAAAGTAATAATCCTGGGGAGACCCTGTGGCTCGTCGCAGGGTGGTAGCAAACTCTCGAATTCAACGGAGGCCCCTAAGATTTGATTGGTGAAAAGGCGATCAAAGCTTTGCGGTGCTACCGCAATGCTCTGGACTCCAGTTTGGCTGCAAAGGTTAGCGTCAACGTTACAACCGTCGCCGAGAGGTGGAGTGGTAATGGGCGCACCGAGAGAATACCATCTTGGTGGGTAAGACGGAGGGCAGCATTACGTTGTGCGGTGTTTACTCACCCACGAAGACCCATACGTAACAAGCTTCTTTCTCCATGTGCCCTATTTTTGCGCGATAATTCAGGCAGCCATCTGTTAGCTCGCAGGATTTGCTTAGGATCTCTGGAGGGGCCCAGGAATGCAAAATAGGGTGTCTCCGCAGTCGGTTACAAATATCCACACTCTTTATCTCATGAAACGTGACTGTAGTCGTGTGGTGGACCTGTGGCTACGTTAAACTCCTTTCAGTTGTCTTCGACCTTCGTTAATGGTCATGGATTGAC,876,49.09,Homo sapiens
SEQ_613969,TTTCATCTACCCGCGAAAGTTGCTCTTCGTGGACACCCCAGCAGTTACATTACTGGGGACTATCGCATGTCCGAACGTGCTGCATATACGCGGTACGTAGCACGTATGCTAAACAACTCACACTGGGGGCGAGAAATGGACAGTACTACACACCTAGCCTAATCGAATAAGCATGCATATACTTCATCATAATAGCACATTTGGCATGGCACCAGCTCCCTTGCTAGCCTTTCCTGACTCCTCAGGCACCCTGTCGAAGTTATTCCCTAACCTATTGATTTTTAGCGCAGCATATCCGCTAGGACTCAGTCATCTACATCCGCTATCGAAATCTTGTTTTAGCCCACGGTCTTATCATAGACAGACCTTTTTCCACAGTTCCGAGCTATCTATGTCATTGCACGAGGTGCTCGGACAGTTACGCAGATGAAAAGCCTAACTCTGGACGAACATGCGCCGATTTGCCCGCTACTTGTATCGCCACCTCCAGTAC,493,48.48,Arabidopsis thaliana
SEQ_515600,AATCCTCATCGTCACACCCCCAAATATATTGGCCCCAAATCTGTAGCTCATGCATCGGGTGCCCAGAGTCCTTCTTAAGATTAACTAGGTGGGCTTCAATTCATTGTGTCCGAATTGATGTGCTGCTAAGCGATACTAGTCCAGACCTTGTTGTGATCTCAACCACGACTGGGTCCCCGACTTTGCCCGAGTAATAACACTCGTGATTACCCCCGGGATAGTGTAAGTGGTGAAAATCGCCCTGTGGCAGGCGGCATCCTGCTGGGGTCTCGAGGAGCCGCTTCCGTGTTATGCGGAAACTCCGTTCGTTCACGCTTCTTAGGAAATGAGGTATGTGGGGGTTGCCTAAGCGAGAACCGCCCTAGGTAACGCGTAAGTAATGCCTAAAGCACGCTAACGCACCAACTAAGCGTTCAGATCTCAGGCACAGAGTTGTTTGTGCCTATGTGCTCCCGTCGAACTTACGGTTATGTAGGATCTGGTGGACGTCAGGGGTTGCCCGCGAGTTCAAGAGTCATTATGATTGGT,528,51.33,Homo sapiens
SEQ_958130,AAACGGCTGGAACATTGCATGGTCCCATGGACTTAAACCGTGACTTAATACAGAATAAGTAGCCACACCGGGCGTATTCTCTGTTGAACCAACTTCTAATCACCAGAAATGGGCATACGCTGAATCCTCAGGAAACCCTTCCTTAACCCGGCCTAACTCGTATAATAAAGGTGACAGTATGGCAATAGCGCTCACTTAAAAGACCTCAAACGGACGTCTTGCTGGTAGTGGCTTACACTTGTGTGAGGAATATGAGACGCGACATTACTCCATTGCGCGTTCGACTACCCGTTTTATAATGAAGAGTACCACGGGCAAAGTTCACTGTGCACTCATGAGCCTGTGCTTCTCCATTCAGCGCTTACGGTGCTCGACGCTCACTTAACGCTAGAGAACTTCAGCGTTTCGGTCTAGTCTTTCAGTTCATGTTATAGGCAACTATCTTCGTAAGGGAAATAGGACAGTGAAGCTTAGTATAGAACTCTGCAGTAAGAAGCTCCCAACCGTTGTCATGACTCCACCTCGGCTGACTTATCCAGGGTGAACATATAAGCCCTAATTACCAATTATCGTACCAACATCAATACGTGTACGCACGGAGTGAACCCGGAGGAATACAGGCTTCCATTTTGTTAAAGGCTAAAGATTACGTGCAACGATTGATCAACATCCAACCGCGTGCGTCGAAGCGACAGAGAGGAAGAGTGAGTAGTTCAGTGGCTCATCCGTCTGCGTGCTTAGTGTCGAAAACAATTGACGCCTCAGGATGCGTGAAACGTTACTTTCAGGCGACAGCAGTACGACCATCCCGTCACTTGGTCTTCAACTTCGCTGCTTAGTTCACGCACCGCGGGATAAAGTATAAGCGCGTGAGTACAGAGAGTGATCCTCATCTTGTGCGCATTGTGATGAATGCAGCAACGCACCTTTGGACAGATGCCCCTACGACCTGACCGGTTCTAGGCGCCTCTCATGAGGTAACCATACACTAAAACAGGTGTGAGGATTGAGTCGGAAATACCTCGAAGTCGCACTTGCTAAGCGTAGCTGTACCAGGCCTACTTGGGTTTTAAACCCTGAGTCGCAGGACGAACGTTGGGAGATAGAATCCAGACTCCATTCCCGAGTACATGACAAGCATGGCTGAGACAGCTTTGTATTTGGGCCGTTCAGGGCTTACCATGGTGGGGGGCTGGTACCGTATGCGCTTCTATCTGCCCAAGACACGTAAAGTCTCTACACCGCCTAACTACGGACAGTCAGAGTGCTACCTAAACCTGTACCGTACAATTAACTTCCCCGTAAAAACACCGATTCGAGCGACCTGGAACATATAATAGGATAAGCATCATCAACCCCACTCGTCTCTAAGGTGGTCTGAGAGATGATCTGACTTTACCTCTTTACATGGGCCTACTCGTTGAATAGTAGATCTCTGTACTCGAATATCTTCCTAGAGGGTGTGGCCAGCGGTTTATGAAAAATTTGTAATCCGGCTCTCATGTGGCATGTACGCTTACCGTTCAGAACCAGAGTAAGAATAACTCTGCCGGGCAGGGCCATGGTCCTCTGCCTTCATCTGCCTTAACTGAACTTCCGCCATGTCATATGTGTAAAGGCGTCTAAGGGAACCACGGTAACATTCGTTGAAGGTAACTATGTACGACCCGCCACAATAGAAAATAAATTATCCAGACCGAAGGGACAGACCTCTCAGTCGTCGCGCGACGTCCAGTCGGGGTGGCCGTGTCTCCTAGGACGAGATTAGAGGTTGAACTGGAACAGCAAGAGGTCGATCAACCAATTCAGCATTATGGGCCTTGATTCGTCGGGTACTTAATAGTACTGTTATTCGGATCTCCGTAGCTCGGCGAAGGGTCCGATAGTGGGTGAAAATGAGATTTATCCTTACTATTTAATTTGCACGTGCCGGGACTT,1938,48.25,Homo sapiens
SEQ_473006,CGTATAGACCTATGAACGGGGAGGTGATGCCAAATAGGCCCCGTGGAGTGCGACCACGTCCGATCGCACGCTGAGCCACTACCCCTCCGTTGCGACTTCACTATTATGTTGCTCTCCATACTGACTGTAGAGAATGGGCCACGATGCTGGCCTGCCCCTTCACCACCGGCGGAGCGACTCCATGTGCTTGTCGTGATGACCACGCGCATCGGTTCACACCCTTAAAGAAATCTCATCCAGGTCGTAATTGGTTCAGTCACCTTTAGTCCCCTTTCTATCGAGCAGGATGTACAACAGACCGGGCAAATTGAGACGTTTCGATAGCACAATTTAAGATACGTAATCCCTCAGGGATGTTGATAGAGGCTGCGAAATAACGCCTCGGGTGGTCTAAGTGCCCTCTGGCAACTTGACACTCCATATCATGTCTATCTCAAGTCTCACGCCGCTCAATACCGCCCAAGCTGTCCTAGTGAGTGCCATTCCCGACCCGCCGTTCTGTTTCCTGGACTAGTTAGTGTAATGTCACGATGATATTAACGTCCTGAATCCGTGGTGAACTTTTTATTAGCGGGCGTAGCCGATTTTGGAACCGCACTAACATAATCAGTAGAACCAGACAGATCAAGATAGGAGAGCAGGTAAGGAAGCCCTACAACTGCGCCTCTTATTCGGTTGAATACTGTTAGAGGAGGAGACGCGAGCTAATAATGGCCCAGAAGGTAGGTCTATTCAGAAAAAGCGTAGAGCACACCCTTACGATAAAATGACCTGGTCCCTGATAGCATCTAATTTTGTTTGCAGAAACTGGCTCATTTCGGAGTTAACTAAACGCCAACCCTTAATACTCGAGGCATAAATTGCTCCGCATACACAGCGTTTCATCCGGCAATTTGTCCAGTATCAAGTCTCGGAGAGCCAACATATCTACAGAACCTCTGGAGTCGCTCAGTCACCATCATGCAGATTCATGATCATTGCGTTGCCCCTCTCATAACGATTCGCCTCATGTGGTATGCTTAGCTTCATAGTCAGGATTCCAGCTACGGGGCGAGCCGGGGACACCTGAGGAGTGGGTAACTTACAGGAGGCTCATAATATAGTTAAAAACAATGATGATTTTCTCAGAGTCCGATCAGTCCTAGAGGCCGCGAGTATCACATCAAAATAGGGCGTTGTTTTCGAATCGTTAAGGTATACACCCTGCGTAAGAGAGTGCGGCAACGAAGCGGGCCTTTAGATAAGATAACCGCTAGTAAACTGTTGAAGCGCCGGCGTCGTCCAGAACACTCGGTCATGAATTCCTATCTATTGAAACCATGCTCAAGTCTGGTTAGTGTGACGTCTGTCGAGCCGATTGGGCTCCTGAGTTCCTACGTCTCATGCACGTCAGTTTTTCTTGGCTCTCGCCAATCGGTTCATGCTTTACGGGCTGGAGCCTACCAAGGTTAATTTCTATAGGACAATGCTGTAACTACTTGGTAGCCAGCAGCAGGGGATCGAGGTGGTGCGGGAAGAGAGGCGTTATAAGAAGCCACGCTAGCTCCTACACCGC,1555,49.45,Drosophila melanogaster
SEQ_953338,CACGTGAGCTGAACACGACATGTACAGTTTATGTCTCAGTAACTGGTCCGCGCACTGGCCTTCGCCGTTTTAGATATTCCACTGGCTGGTCTGTAACTGTCAACTGATGGGATCTGAGCGTTTTTTTCCTTCCGTTCTGAGGCTCGCCCACATGTTCGGTCTATGCAACTCCGGAACAAGGTAGGCTCAGTTGCGCCAAGTTGCGAGCTA,210,51.43,Homo sapiens
SEQ_829126,AGTATTCGCTCGAAAATGGACCGCGTCCGTCAAGGTGGCCTCCAATTTTGCACGAACGTATTCAGACCGCGCCATCCTAAGGCCGTTTGTCCTTCCCAGACAAAATTTCGTAGTACGGGCAACGCAACTTGGGAGACAATTGGGGTGGGTGCTTAAAATTGTAGCTTATTTAGTCCGAACATGCTACGTTCTAAGAACAGAGTAGAAGTTGAACCATCATCACTAAATCATCCGTGAGGCCATACTTGTAGCCCTATTCTACTACTGCCCCGGGGTGCACTAGACCGTACCCGTTTGTGACATCAATTCGGCGGTAGAACAGCGTCACTCGAATCGTTTACCCGTCAAAGTTTTACTTCCCGGGGCGAATAAGGCCAGGGGGTAGGAGAGGACAACTTGCTAAACGATAGTGATAACAATTTCTCAACCGTTTGCGACAAGGGTTCGACCCAGAAGGGATACCTTCGACTTTGCGTGCAACCTGAATATTGCACGTAGCTATGCCCTCCGTAAAATCCTCGCATCTTTGTGTCGTGACCGTTTCCAGCGTTTCATGCCGGCCATGAACCTAGTCGCCGACGCGGCTGCCGCCGATTAAAGAAAACCCCTTAAGCAGACGGGGGGTGGCTGTGCCTACCTTGTTAAGTTTATTTGAGTAGATTTGCGATTGTCTTGACACACATAAGCACGAAGTGAATTGTCATAGTCGTGTCTCGACAGCCCGCATACGCGCTGATACCTTTATTGAAGTCAGTTAGGCCCGCTAATGCCAGCACGGATTGCAGGTTTTCGGGGGTTGGCTCGTGCTGAGTCCGACCCGGGGGTCAAGGTCCGAACAGTAGAATAGTCAAACGTGACACCACTCGCCCATTAATATTGCTAAGCCGTTCGGCACAACCTTAGCACCATACTTCCGGTTAGCTAGTCGCCTACATGATCCTTGGAGCATGCGTTCCGAGGCTGATAACTTCGTTAACGCTGGAAAACCCTGTGTAGCTGTACTTCGCTGTGGGATCTCCCCCGCGAATAAGCGGGATACTTTCGACGCGGGTTGTTTAGAGCACAAGTGCAGTGTTGTCCCGCTTCTGGCGTAGCTTTCTCGCGGGTAAGCCGACGGATGACTACGTCTGTGTCCAGTGATGCAGTGAGAAACGGCACTTCAGCTTCACAGACCCAATATAGCGATGCGCGGCTGTTCGCGTCAGGGAGGCGACTTCACTAGTTACGGAAGCGCGATAGCTTCCTGACGCGCTTTCTCTAACCACGATTTTCAATGCTGCTCTAATGAGGAACTATCAGGGTGGCTAGCGGCGCAAGGCCTCGAACTTTGTGGTAGGACAGGTTCGCCGGGATTGATTAGGCCCCAATACCTTCAAGTGCGTCTCGGTAGAACTCGCGGGGGATCCCCTCATGCACGTAATTAGGCTTTCGCGACCCGGCAATAAATAAGCCGGCGTCGCCTCCACTTCGAGACCAGGCGATTGTTATACACATCCGCTATACACAAACAGATCCAGAGCAAAGACGTAATAAGGGACTTTTTCGCATCTGTTGAGTTTGAGGTTCGTACGAGGTCTGAGCATAAAACCAGCGAAAGCACCACGGCCCGTACGGGACGTGACCTCCAACAGCGTACACAGTGCAACTAGAAAACCTGATGCGGGATGGACGCGTAAACTACGTATTATGGAGCGTGTATGAGGAAGTCTTGGGTATCGAGGAGTTACTAGGTCGATGGGTACCGCGTACTACACGCCCATAGCCTGACACTGTTTCTCGTGTGCGGCGACACATAAGCTGGGATGTTGGATGCTATTATCCTTCATAACACAAATAGTGGCCTCTAGGACTGTTCCCTAAACAGGACTAAAGCCGCAGGGTGCCACGCCTACTT,1894,51.48,Drosophila melanogaster
SEQ_576662,GCCACGACGATCAGAGATAGAATGTACTCGTCTGCCTACGCTCGGATTCAACCTTCAGTGACTGACCTGTGGAATTTAAATATTACATAAGTATACGAGTCGGTTATACACAGCGTCGGGATATTGTTTTGGACTGGGTGGACCTACAGGCAGACCTCGCGCCGTTTTGCATTCCACACGTATGTGTCCATAGAGTGCGTGTCTGGCTGTGCATACACGCCCCCACAGCAGGATGGCTATTTGGATTATCAGGAATGGTACACCGCACCGGGGTATAGGGTAAACCGGATGATGCCACCGACCCCCTAAGAATCTTCATAGGGCTCATATCGATAGGTCACATGTTTGGCGGACGGAGTCGGGGAGTGGTGCGCGTGACATAGACCTAAACTTCATCCTTAGCCGTTTGGCAAAGCTCACGGTATTATAGGAGGAAATACCTATCATTAGCTTAGTGGCCATGCTCATGAAGATGGTCAACGCTTGCAATGGGGTGACAGGTGAATTACTGCGTACGAAATGTTGCTCCCCAAGCAAAGCTGCCGCTTGAGGGCGCGAGAGGCTACAATGAGACCGAGTGGGAGCCCGTTAGCCGGCATGGGCTCTTACAGGGTGATTTAGGAGGAAAGTGATGGCGAACATTCTAAAATAAAATCAAGTGTTAAATTACACAAACGCTTCGTAGAAGGATAAAACGACAGATTAATGTCGTAATGCATGAAGATAGTTGTGGGACTCAACTACCTTTCCTTCCGGCGAAACTGATGAAGAACTGATAGCATGTAGGCGACATACCTCGTACACCAGAGTAGCCGGCTCATCACCGTTACCGGGCGTTAATGCTGCCTTGTTTCGGGCACTGCAACTTCAAAAAGAAAATAGCACTCTTGCAACACTTCCATGCGGTTAGAGCAGTATCAGAAGGTATATTTCCCCGGCTTCGCTAATGAAGACACTTTTGTCCCCCGTGGATAAGGCTACAAGAGTCTAGCTCTTGTTGCTATAAACGTCAACAAGAGACCTCCTCACGTATCATCCTCAGAGCCCCGGTTTACACTCGGGGTGCCACGGCCTAAACGGTAACCTATTGCCTTGCTAGGCTCGAGCACCTTGTCCAGGTAGATCACGTATCATGTATGAATGGCTGAACTCGACGGCTTAACGCCCGCCACTGGAACCCTCCTCATGGTGCGCGGACAACCAATATATGCAACACCTTTTTCATACCACCGGCGACTTAAGGTGCGCCGCCGGCACCCAGTCCTAGATGATCTCACTAAAACTAGTTTTAATCCGTTCGTTATAAATAAGGATACACATAACGGTGTTTATCATTCGTTCGAGCCGGGTTCTAACCACTTGTAGTTGGCTGCAGTATCTGAATTGATGAGCGACATTCCCAATGCATTGCACATTCTGAGAATAATCCCCAGCGGGCTGCCAGATATCTCACAGGCGCGGACTTTAGCGACGCACCAAACCCATGGCAGCCAGAGTACTCGCTGGAGTTTTCTTGGCACAAGTACTGTAAAGAAAAATGCTTTTGTGTGCCGCGTGATGCCGCCAAATACCAACGCTTGAGTATGGAGCCGGCGTAAGACACATCAACGGGAACTGCCGCAAAATTGTGTAAGGCGCCAGTACGAAAAATTGATCGAAGCAAAATGAGGGATCTTAGATGGAACGTGGATGGGGTCGTTGCCCATCAGCGTAGTTCTGGTCGCAGGTGGTAAACTATCTGTGTGGTCCGGCTGGATAGACACGTCTATCTCGCTCGTCTGAACCCTTAGGGGCGAC,1797,49.47,Escherichia coli
SEQ_899894,CAGACCCAAACGTGGAATAATTTTTTCAACTTGTGTTATATGTTCGGAGAAACTTCCTCGCGTAGATCCGCT,72,41.67,Escherichia coli
SEQ_191270,CACTAACTTATCTGTCGCCGTTACGGTTCAACAACGTTCATTCAGGGCAGGAGACTTGGGTCATAGTGAAAGCACCTAAACTTATAATCTCCGGTTCTAGGGGGGCGTAGGCTATGAGTGTTGGGGCAAACCTATACGGTCCATCGGCGCATAGCTATGAACAGGCAATTAGTTCCTGTCAATGAGCGCATTTGCATGCCTGTATTGGCATCCTTATCTCGCCAAAGCGCGCGAACCTTCGAGATTGCGCAAGTCGCACTTACTTCTGACGCGCCGAGGCCGTCACCCTTGAATATGCCGG,301,51.5,Arabidopsis thaliana
SEQ_497657,TTCTGCAGCCGCTACGTCTGGTTTAACAATCCCCAATCCCTTGGGCCTTATCCGTGTCATTACAGCACAAGGCGGAGAGATGGCAACCCAGCGGCACGGCAATTTATTATTCTTTGGCTCGCCAGCAAGAGATATGACGTAATTCACTGTGATTGAACTGGTGTGTTGACTCTCGGCCCATCCACTATTCGCGCTAATCAAAGCCAGCTAGACGCGGACGGGAAAGGTCTATCACTTAACGGTCTCTTCGTGAGCTTCATCATAAAGCGGTTTATAGTCCGCGCTCTCCAGGCTATTTCGTCAGCGCGCGAGTGAATATGATCGCCTTGACCACATAAGGCGATCTTCATACCGTCGATTATCACCCCACCGAAGACGATTCCCTAGAACAGTCCTACGCCCTCTTGCTCGCCTTGGGGATCCAGCCCGAGCAGATGTAACCGGGCCTGTAAATTAAAAGATATTGGGTACCTTCTGAGGCCTGTGACCGAATGGGGTGAAACTCAGTTACTACTGGGATTACCCTTGAGGGATTGTCAAGGTGGTACGTCACCCTAGACGATCCATCCTAGCTAACGTATACCGTTAAAAGTGAGGACGCCCGTATTAGCATCCGGTCTGAAAATTTTGCGAGATTTCGGCGTCCAATCTATGCAATACTACTTATTTCGCCTTACATGTGTAAGTAGATATCTTAGTACATAATCAATCCTTGTAGGGAGCCACTGACTCTCAAGCTCGACAAAAGGCTTCGGGAAGGAGATGTTAATTATCTCCTTTATCAAACTACATCGACTTGGTAGGGCTGACCCCGCCCGGCGTTGCTACGACCGACAAAAGCACTCGAGGCGGTACCTCGGCGATTTAGGAGCCCAGTGGATTCAAAATTCTTACCGGGCGGATGTGTTATAGCCCGCTTGTTTGTCTAATCCAACGCCTAGAATAGCCTCGTTACCGCGTACTTAGAACTTCGCATTTTAGAAGCTTGATCAGTATTGCGGGAATCATATGCAAGTGAGTTAACCCAAATCCAGAGCCGTAGGCGTTGCGGTCGTTCCTTACCGAATCTCCCACGTATACAGCCTTTTGGGTTTGCCAACTCTTTCATTTCTACTAATCCTCCCACAGTGGCAAGGAGTGTGCTAGCCACGGGACACCGTGAATATCAACGGGATAGTTCCAGTAATGAGGCATTCCCGTTTCAAGCCGGGGGTCCTGGTACGTCTTGTTACTCCACGGCCCTATCTCTACGAGCAGTCCGCATAACGTGCATTATAGCTCCCGTACTACTCTC,1294,49.46,Arabidopsis thaliana
SEQ_280242,ACGTAGACGGCGCGCGGCGAGCGCATCACAAGGGTCACGGCACGATCGTTTCCCTTACCGAGCCCCACTACCAAAGTGTGTTTCCTCGCGAATGGAAAAGCCGATGAGGAGATGTCTCTGTACAATACGCCTTGATTAGGTTAGGTCTGTCTGATGATTTCCGGTCCTCTTTATACAACACGGTCACGCCAATTCATACCCCATGGAAGGTAGATTCAAATCCGTTGAATTAAACTATTTGAGCTACGTACGACTACCCTATGCATAAGTGCCAGCATGCGGGCGATACCAACTAGAATACATCGGATACTTCTGTGCTACTATCATGTAGGGAGCCAAGCAATCGCTCGCGTGTAGTCTCGTAGCCCCAAGCATATAATATGTGCTACACGGAAGCGTGATGCAGACCCATATGATACCAAGCCAGAGTAATCGTGTGTATCCGAGGAATGTCTTAAAAACTTAATGCTCGATGAATGTCTGGCACCGTTTAGTCCGGGATAGGTAATTCTTTACACATCGTTGTGCCTCCTAAATTCAAGGGGGGTTGAAGGGTAGCAATGGCTGTGTGGAGGTTCCGGAACTTGAGTCCATCTACTCATACTCCAACGTTCACTTACTGTAAAGGATCTCATATCAGGCGTATGCGCTAAAGTGCTAATAGATTACGCGAGGCCAACGCTGTTCGTTGGCCTCACCGAGAGTCTGAGATTTTTTACCGATACGAATAATGTGTTGGAACATACTGGCCTGCCCCTAACAACCACCCCACCAGGATAAAAATTTGTCTACAGCAGACGTAAAAACGTCGATGTTAGGACCCACAAACGATTTTAAACCCGCTTTAGTGGTGTAGATTTGTGGGTTACAGAAGGTCGCGTGAGAGGATCCCTAGATTCGGCCGCCGGGATTGTTCCCTGGCTTTTACTTTAAGTTCCCCTCCCCCTTTGGTCTCAGGAATGTTCGGTTTAAAGCCAGTTAGAGAGATGACGACACGTCATCGTAGAGCTTTTTGCGCACCCCAGGCCTGGAAAGCGTATACGAGTACAGAAAAACCCTGTATTACTATCATGCTATGCCCCTCCTACGTCCCAGACTGTAAAAACTCCGGTAGTTTTTACCACTGTGTTGGTGGCTATCGATCAATTTAATCGGTAAAATCCGATGATCATACGGCTTCAAGGTCCAGG,1190,47.56,Escherichia coli
SEQ_669512,ATTAGCGGCTAATATATACTGTTTAGATGCGGCCCCTTCCAAGACTTTGCAGGGTAAAAAGTGGTATGTGACCCAGGGTAGAGACACTTTTTCGCGCAGGACGCCGGTGAGACTTAGACTGAATCCTGAAAGCCTTTTCTGTTGTAAATGTGTCAAAGTAGGTTGACCGAGCCGATGTGGGCCAGTCATCAGATAAGAGGCTAACCTTCGTACTTTTGTCTTCGCTCAACTCGAAGAGTGAGACCGTACATAGCCGCCACTGTGTATCTGTGGTAGATCTTGGTGCGAACCATCTTCATAGTTCCTGCGTTTCACGTAGCGACAGAGGGGGTCTCGCACATCGATCGGCCTGGTGATTGCTTCTACGCTAGGATCCCTGGCGAGATGGGCGACGTAAGGCAGTTTCTAAGAATAAATCGTAGAGCTAACGTCGGGTGCCTAGCAGGCGTGATCGTAGTCCATACAGGGACCCTTCAGTGTATGGAGTCTGATGAGAGCGTCCCAAGGATGCTTTAGGATGAAGGAATTGCTAAGCGTGATGTTTCAGGTGACGACCAAACGGATAACGAAAGAACTGAGAGGTCATCCCTTTAAGCGAACTAATCAGGCGTGAAGCCGGTAGGCGTCCCCCCCATCGCACCTTGGCGTAAAACATTGCGAGTTGAAAAGGCTAATACCACCCCTAATATTACCACTTCTATCTGGGCTTGAATTAAGCCACGAAATTCTGGCCCTAGGTGGGAGCCCGCCGTCAGATAGATAGAGTAGCATTAACCTCTGACAAATTCTCCGCCATTGAAAACTAACCTCGATGCCGAGTAAACCGAGCGTAGTGTGGCGCTTCTCCCTATTTCACAACGTACTCTTCTGTTAGGGACCGCGTGGCAAACGGTGCATGCAAATTTGGGAGCTTTATACGGTTAAGATAAACTATTGCTAATACGTTAGAGACGTTTTCGGAATACCAACGCCACGAGTAGTGAAAATCTACCACCATGGGGAGGAACTTTATGCCGTGCCGGACGGAGCTTGCCATCGCCGAGAAGTGAGATAGCCAAAGCGTAAGCGCTACTAGAGCCACCATACATGTAACGCAGGCCCAGGCGCAGCCTAGAAGCGACACGAGACGTCTCCCTCGGTGCAAGGATATGCAGTGGAGACCAGAACTGCACTCGCGCCACGGCCCGCCTAAGTGTATTTAACCTTGACTGCTCTCCTTGCCATCGCAGGTTATACGCTAGCGCGATTTTTAGAGCGCCCACGCGGTTTCAACAACAAAGTTTAACGGTACAGATACGGTTCTCCGCGGTTCTAACACCGAATCGCCGATTTGCGCGACGTATTAGCTACGTGATGAATCGTACTAGCGAAGGTCACCCGATAGGTTTAGGGAACGGAGGCTGCCAGTTTGTAGAAACTTGAGCTGAGGACGCCGCCACGCCAGACTCGCTCTCTCCGGTGTCCCTTCGGCCTACCGGTATGGTCGGGAGTCCGAGCCAACTGTTACTGGATCTGCCACACGTCTCTTCTCAGATTCCTCGACCCGTTCTAGCAAGGTATGTATTAGATAAGATTGTCGGCGTGATAAGTTGGAGTCAG,1599,50.97,Caenorhabditis elegans
SEQ_949936,TCGATCCTAGACCCGGGCCAGACTGATAGATTATTGTGGGCACGACGTCCGCCCAAGTAACTTACGTCGCGGCAATCATCTGGCTGAAGTCACGGTTACTATTCCAAGTTGCGGGAATTCTGGCACAGTTCTGTCCTTGAGATCCAGGTGGACCGAACGTCGCTAAATAGTTCCCAATTCATTAAAACTCGGAAACTCTATCATCTTTAGGCCTAACGCATAGATAAACGTACCCTATATTTGAAGTCACATTGTGCAACGAAGCGCCGCCCAAGCTTGCCCAGTAGGTCTAGTAGGTCCCGCCCCAAAAGAAGATACAAAGGAAATTGATTTGCTCTAGGAAATCCGAGGGACTGGCCGGGATGCCCGTACAAGTAAAAACTATTTTCATAATGAGTCCGACCCTCTAAACTAAAATTCGGCAAGCACCCAGGCGCTTGACTTGGCGTAATACGTTAAGACTCGAGGGTATTGTTGCTCAGATTGGTTGGGCTACTATAGTGGAGGTGAAACATAGTGGATCTTGATGAACGTTGTGGAGTCGTGTGTTGACACCAGGCCGAGAAGGGTCAGGCCCGTATTTGGATGTCAGCGGCGGAACTATACGCCCGGAACACTCAGCATGGTTAAAACGGCTTAGTTCGTCGTGAAAGTTCCCTTCCTACTATAGAGATGGCAGTGAATGGTGCCCCTCTAAAGATTGAACGTTCCGTATTCGCCTTGTTTCTGTACGTCCGTGGGGACACTTCTTACCTGTAATATTTGCCTTGTAATATCATCGTTTCGGTGCGAGGTGAGTCTCGCAAAAGACCCCCAGAAGAGCTGGCGTATTTGAAAGTAACTTCAGAGCTAGTTCAAGTGATGGACTGCACTTCCTCAGACTGCCAGGCATTGTAAGATCGTTACTGAGTTGTCCTGGGCTGTTGTAGGGCGTCAAGCCTCTTTTTGCCTTTGTAATACCGTTACGACTTTACGGACGGACTGGAACGGCTCTCAGCGCGTCTTTTGGAATGTTTACACCGGAGTCGCGGAGGCAGCGTTAGTTATATCGGAGGTGGGACTATCCACGCCCAGCGCGCGCTACACTTTGTAGCCGGATTATATATTAAAGCGAGCCCATCTTCTCCACTAGAAAAGAGCATGACTGTTAGAACTATATATAGAGTTGCTTCAACACCGACTGGAATAAGCCCGACTAT,1199,48.37,Homo sapiens
SEQ_217907,GACCTAACGCTATAGGAATAACCGAAACCCTCGACGCTTTTTGAATGCTCCCGTAAACGCCACATTACCAACGGAGTTCAAGCTTCGAGATCGTGGGCGTAGGCTTTCTGAACTTGATTCTCTCTGGACCTGATATTACTACGAACTTAGACGAGTTTGTTCTCACATCGAAGCTGTAAGTAATACTTTCTCGTCTTCAGAAAGGTGCAGACGTAGGCAAAGGCCGGCTTACGTTAATTTGGTTCCGAGTAGAATAAGTTCTATAAGGCTTCACCCGTAGCAACTCACCGAGCATCGGGTGAGTAAGAGCGTGAATCAAACGCATTCATTCACCACCCATATACTAAGCGCCTCCATCTCGACCCTAGACGATAGGGTTGATCAGGCTGCTCCACGCTTCAGCGACGCCTTAACCCCCCATACTTGGCAGTATCGCGACCTGGCTCCTGTACATTGAATTGCTGCCCCACTGACAACCGTTAAAATTTGGATTATAGACGCATAATCTTAATGGTTGTCCTGCACTCAGACGTCTGCTCTCACACCGACAAGATACCGTGCTGTAGAATGTGGACGTGATTCTGAGCGGACAAAGGCAATCCACTGCCATTGAGTCTAAGAAAGTCTTACGGCAAATCTGAATCTGGGCAAGTTCGTAATGCAGTTCATGCCCACTGGTAGACTTACCAGGAGTGCATTTCTGACTGCACTACTGAACTTAATTAACTATGAAACTTATCGCTGGTAGGGGGGAACTCTGTGCCGTCTGGCGTGTAAGGCTGAAACCTTGACGAGTCCTACACCGCGTTAGCGCCAGTGCTCAGATTTCCAACTCTTTCCGAGAAGCAAGTTGACGTAAGTCCTGGCAAGCAGAAGTATCATTAAAGCGCACGGTTCCCTAGGGTCGGCTGAGCACAATAGGTCTGTTCCTGGAAACCCTCTTGCCCCCCCTTGATGAACCTATCAGGCATGGAGCACGTGTCATACGTACCACAACGAAACCCCTGTTCTTCAAGCGTCAATCATAGAGTGTCGCATCAGGTTTCATGGGAAATTAGTTATTTCGTGACGAGCGACCATCCCGTTCTGACCATGCTGAGCTGACGAGTAAGCACGTTGCCGCCCTTGAGTTCTTTGTCTTTTGCGGCTGATTTGGACTTAACATGGGATCTGGGGGCTGCATAGACACGGTTGGGGCCTTGCCTCAGCGGGGCACTCACAGCACATTGATATCAGTGCCAAAATGTCGTAGGCTGCGCGGCGCACTATAACACCAGTGATGGCAATTCCCACATGCAGTTAACTTTTGTACGTTGGATGGATTGGGGCTGATTTGCAGGTCCGTGTCCTTTAATAAGAAGAAACTGACGCGGCAGTTGCTCCGGCAACGCGTAATGGGATAGTGGCTCGCCGTCCAGGCCGGTTTACCATAGCGTGAACTACCCTTACTCATAACCTGAGATTTGGGGGCATTAGTCAAGCCTAAGGACCAGTTTTCAGGTAATCCCGGTACGCTAACCCCGCGTGGCCCATTACTCAGGTCGAGGGTTATCTTGATGCGACGAATCATTATGAAATTCCCGGCTCCAATCGTTGCAGAACGAGCTGCTGCGCCGTTACGAATGACGGAAATTGGCCAGGTAGAACTTTGTAGATAATGTACACTCGGATAAATCTTCCACCCTCGTATCGACGCTTAAGGCCCCGACATCGACTAAAAAGACACAGCTAGCCGGTATCTTTTTTACTGAAGTTGCAGTCTGCGTCCAATAGCTCACTCCAGGGTACGTAGGTACCA,1798,49.56,Drosophila melanogaster
SEQ_759355,CAGCCAAACGATTCTATAATCACCACTCGGTTTAGATCTTCTAGCTCTGTGGCAACTAACATAGAAGTGTGCTTGTGGATGTGTGCGTTTACATTCTGGACAGCGTACACAATTCGCAGCCACCGCTATATTGGACCATCGGACTCGGTGCGATTAGAGTGGTTTTACAAAGTCATCGCGACGGTAGTACAGTGGGGCCGAGAATCCGAATTGAGCCTTAGGCCTCCATCCCACGCTTGAGCTGGTTTAACGGGGGAAAGTGAGTGCACCCATATACCGACCTTATGTTTAGGATGCTGCAAGGAGGTGCGCATCCACAAAACGAGAGTGCATACAGACCGTCCAATAGCCCGAATGGCAGCAAACGAGGTTACCTTGTTAACCTTGAGCTCAAGCCGTACGAAGATTCATCACTTCACAGATGTGCGCTTCACTGCTCGAATTGTCTCGTACACGTTCTTGAATGCACAGCATATTAGGCTCAAATAAGTCAGGCACTGGAAGCCGTACGACTCATTCCCCGATGTATATAGAGACATTGATGTCACGAAGAAACCCGTGTCCGTCTGGAGAGGGCCGAGTCCAAACGTCTTGAGTCACGAAAAGTCTTGTTCGCTACGAAGGTTGGCAATCTACGCTACCTTCGCCCTTGTCTTCCGGCTTCGGTTACCAATCCTCGACCCCAAGACGATTGATTCTGCATATAGACTGCAATAAACGGCCTGGTCATGATGGAATTCGCGGGAATCTGGCCAAACCCGATAAGGTGGATAAGCGCAACTAATTCCCCATTGCTTCCTCACATACTATAGTCTAAGTCCATATCCCCGGGATTGTTCGCTCTCGGGGGCAGTGCAAATTCGACAAATGCGTGCACGACTCTAGTCCTAACTTGTCGTCTTGTTGCCGTTTACGCGAGATCGACAGCACCGGTCAGCTTAGGACTCAGGCAGGACTGATACTGGGTTGAGTCCACTCTATAATGGATACCGGACCGTAACCTCATG,1007,49.75,Mus musculus
SEQ_314576,TGCGAGATTGAAACCATAACATCAGAAATCGATCAATGAATCTAGTGAAGGCCATAGTTGATTTTCAAACAAGCTTTCGAAAGCGTTTAGAACTATCCTCAAAGCACTGCATCGTGCAAGAGAGTGAACTAGGCTTGGGGGGCGTGCTACCGACGATAGGCTAACCAGACAGAAAGCGAATTGGTCGTACCAGGATCCAAGGCGATTTCGGGTACGAGGTACTCACGGAGATCAGTTCACCGTGAGACACTCCACATATGTTTTTAGTTTCCAAATCGAATACGTCCGGGCACTAAAGCTGATTTTTGTTTGTGCTGGATCAAGCTAAAGTCGTTTAGTAGGCGGATGTTGGCATAAAGATAGGGTTCGATATATCTAGACCCGATTGCTCGCCATTTAGCGGTGTAACGCTGCGCGCTTGCATTGTTTGCCTCATAATTAAAACTTCATTAACGTTTCATATGCCAAGGGATACAACGATCGCTCCACACGGAAAACACATTGTATTATCTCTTGCATCATGCCAGGCAGATACCGTTTGGCTCACGCCTGCGCGCTCGGCGCCATACAGCATCAAAAGCGTCCAGGTGGTAAAACGAGCTGATTAATTACAGTCGGCCAGACACGCACCCATACCCTGTTCGATTCTCCGACATACGGAGTGAGATTGCATAGTCTGAGAGCGTCTGCTCATAAACTCCCTCATCAGGTTGTATGGAATTAGCGGGGGCCCTCGCTGCCTCGCTTTCTGATTTCGGGGTCGGAAAACAACGAGAGAGAATGTCCGATCGTACGCCACTGGTCGGACCGTCCTGTAACCTTACCCTCATAACTACATTACCGACGATGGTGTTCTACTTTATATTTCCATGTAGTCACCAATAAAATCAGAACCACGACAGCCGCACGGCAGGAGTGATGCACAATTCTAGGGATTCCAAAGAATTGGGCGCTCGATTCCTTTAATAAATAGCAGAATCACCCCGGTGGTCTACGGGATTTCCACAGCCTGACGTGGGCGGACGGAGGGCTACGACATCCGTGCTTAGATATCCAATTTTACATCAGGAATGATTATTACCTCAGGCAGAAACAGCGCCGATGTCAATACATGTTTATGACGGCCAGCGTACACAGGACAACCCGTTAATAATATTAGGACTATGGAACAACGTACTAGGTATAAGCGAGCGCCCGGACTAGACCGAAGGACCACAGGTCAGGATATGGTAAGAAGAGCTGTGCTGCCTCCGAGGCATCCGGCTTTGTACAAATCATCGCAATATCCCTACGGAAAGGCCATGAACAGTAGGCTTGGCCAGAGGTTACCGCAAAACCCTCTCGCTAAGCTATAACATCGGGTCCGAAGCGTGGCGCTTAGATACCTGTGCGCGTTATTTAAAGGCCCGAAGGTCCACATGCAGCACTAGAGGATTCGGGGCTTGCGGTTAAGCAGTAGGCAGGCAAGGAATATACCCCTGTAAATGAATAAGCATTCACAGAGTGTCGAACCACATCAACGGTCCACGTGCAAACGTGGGACGGCGGAACAGAATGCATTGACCGCAAAAGCTGCCCCATTCTGACGCATCGCACAGCAGAATAGCATTGGGTCTGCGTGTGCTCCTGCATAACACATATAAGTAAC,1648,48.73,Saccharomyces cerevisiae
SEQ_186559,CTACGCCACAACTGCGGATCGTAGGGACGGCAGATTACTTCCGAGGACAGGGTGCCCCAACCTCTGCATCTTTGCCGTAGTGCAACTTGCCTTTCCTCTAAAGACCCGAAGGCTTGCCAAAGAACCTCCGAATGAAGCGCACGTATCCAGCACATGCGTCTCGACGGCGATTCATTTGGGATTGGCGAAGCAGTAGTTTACAGGCATAGGACTTCCAAGGTGGGAAAGGTCCATGGAGGGTGTTACCTCCGCTACATCCAGGCGTGTAGCGGCGATGTTTAACATTCAAGGAAGACCGGTTAAAGTTCGACAGCCTAATGCGGAGTGCGGATATCCCTCACCGACAATCTCAATAGCTCCCTCTTGTTTATTTTGCTTAATGGCACGCTTCAGTGTTAGCATACCGATATCGCAAGCGACCTTATTTAAGCAGGACATTAACTAACCAAACAAAGTTCCGAGCAGCACATAAGCGCGGCTGTATGCGGGGGATTCTGTCATCAAAACGACCACAGTATGTTAACAGGCTATATCATTTAATGGAGGCTGAAAGTCATCCTCACCTCTTAGGTGTTAAGTATTCGCCCGCGCCCAAATTCTATGGGGCAGTCTAGTGTTTCAATCGACTTATACCGCCTCGAATAAGAATATTAAACTTCGTATTGGATACAACACTCCATTCCCGGATAACGGAGTGCAGTTTGCAGAGATATCCGGAAGGCAAGACTAGTATCGTCGTTGGACCGCTCGCAGAGGCGTCCTGCCAGAAGGGGGCCCAATTACAGTTTACTTCAGATCTCCATCGTACACCGTGCAAAAAGCTGTGGATCTCAGTGGTGTCCACTGTAAAAATAGTTCAGGCGGTTGCTTAGCTACGGCCGAATTTGGTATATGTCTGTACACCCTTTGGACACTGCGGGCTCGTATCATACCAACACTGATGGGGGCTCAGTTCCCAACGATCTGCCGGAGTCTCGGGTGGCCGCCCTCTAAGCCAGTTTTGCCGTAAGCTCGGGTGGTCGGGTCCCCTGATATCGAGCCGAAGGTGGCTTTGATTATCCCAATGACTCCTGAGCCCGGGATACGTATGTTCCAAGACTTAGATAAGTGGATGTGTAATCCGTCCTCTGCTGTTTGTACCTTATCAAAAGCCCTAGCGGGTCAGCCTAAAGGCAAGTTACGTTACGAGAGATTGCCTCGCCGCGGCGATATCTAAGCCGCTGGTCTCACGATTCTTGATCCGTTGTCCCGCAACCCAACCCCAGTAGAAATTTCTATCGTATGCGGCGCAGATCAGTCCCTAAGGCCGTAAACGGACTGTTGTTGGCTGATGAATTTATCGGGCCGGAGATTGGATCGGCTCAGTCTGATTGCCTGCTCGTCCTGATCGGCCAGGTCAGTAATTATTGATCGTCTAGTGCAAGGACTCAGCTGATGCTTGCGCCTACACGTCCGCCGGCACATATCCACCACCTACTCGACCATAGCCCTGGTAGCAGTGCTTACAAGCAGCCTCGGGAAGACTGAATCCGGCGTTGGCTGCTATCAGTGTGTGTCGAGTTAATACATGTTTGCTAGTCACTTATAAAAACCCGGCCAACCCA,1604,50.87,Escherichia coli
SEQ_779002,ATACTACTCTCTAACGGGACTGACTTCACTGAGTCCCCTTGGCACTCGGTCGCGGGGCGTCGTGCTGCTCCGTCAAACCTGACTCGATACGCGGTGCTAATGAGCTAACATTTAAGACGTGGTCCCTGTCTAGGGAGTGCAACCGCCCGTAGTTGTGGTTTGGCGCGAATAATCTCAGGAACAGCTACGCTAACAGGGGGAAAACCCTGCACGGAGCATGTTGAAGTTTATAAAGTATGAATCTGGGTAGCGTGCGTCGGATGTTGGGGCCAGCAATTGATGATGCTGCACTCGTAGGACTAACCGATCGCAATGAGTAGTAGACCACGCGCTCTGCGCTACCTAGCGAAACGAGGGACGACGCACGGGCTGAAAGGACGCTTGTGCATCCTACAGAGGGTAAAGACGTGCGGTCATTACCGAGCATCCGCATCCCCTCTACCTTGCGAAATTCTTGAACTCCGCGTGGCTGATTCCTCCCGCGAGTTATAAGTCAAGAAAACCCATCTCTTTTGGTACTCTTAGTCGCGCATCCCACCCGATGTACGGATTTACGTCTTGTCCAAAAACTTTACCCCGTATCACTCACATGAGAGACTTGCATAGACAATGAGCACGGTGATCCCATTTAGTTCTTCCTTACGAGAGGATTTACCCCCCTACAGGGCAAGCGACGGGAGAACCCCCATGGCAGGTGCTAAAGATTTTACGGTTGGATTACCTCTAACTCTATGGACAATTGATGTGAACGCGACGGAGCACTTCTTGAATCGCGAGAGGCCGACACTAGCTTTTCAAAAAAAAAGAGAGAACCTAAGCTTACAAGCCT,829,51.15,Mus musculus
SEQ_940150,ACTCGATGGGCGGGAACACGGTCACGTGCTAGCGGAGACGCGTGGCGTGTCATGAACCTGGTGCAGCGGCCAGGGAGACTTTTCCCTGTTCGGCCTCGCGCGTGGAAGAAAGCTGAAGCGAATCGCGCCACCTCGGTGCAAAGCTTAAGTTTCACAAAGCCGTGTCTAAAGTATAACCAAACGAGCTCCCGGTAACCTGTGGGTATCCGGCTGTGACTAGGCGGGTCAAGTCTGGATAACTCAACTGGTTCGTGACTACCGCGGCATCCGCGGATAATTCGATTTTAACGTCTGTCATCGAGCTGCTACTGCGCCGAAGGGCTTTGTATTCAGCCCAGAAGCTGTGGGTAAAGAGAACGAGACGATGAGACTTGGCGTTCATCGTGAGCAGACACGGTCTCTCAAGAGCTGCGCGGTTCTACACTAATTATTAGCGGGCGGGATAATGCGGGTTGTGCATATGAATAGCCGTTGACCTTGGAAAAATCATTCCCTACTGTTACGAGCATAGACTACCGACACTCCTACGGAACCGCACACTAATGTTCTTTTTGGTACGCGGTGCTTAAATACAGCTTATCTTGTCTGTGGCGCGCGCGGGTTGCAACGTCCAACAGATCAGGAAATAAGGCTATCGCACGGGTATTGGTATTCCATGATGTTTTACTCATTCAGGGATCTCGATAGGGGCAACGAAGAATTGCCTACGCCGAATCTAGACGAAGCGCAAATACCTAGATCTCTCTAAAGGGCTAGCAATCTTCAATCCCCCATTATGCCTACCTTCCTCGGACGCCGAGGGTGGCCGAGCCAGGGGTATCGGAGCAGTATACTACTCTTTCTAGGCATATAAAATTCGATAAGTCCCGATCCGCACCGGGAGGACCCTCCACTTTGCTCTCAAAGAATAGGCTGCTCTAGGTGAGCAGTTTAGCGGTTGTAGACGACGGCCCCTCATCTGATAAACTAGTTGGACACGCCAGATACCAGGCCGCCAATTGGCTCTACAGTTAAAGCTCCTTACGACAGTGCAAGCAGGGTTCACATCTCGGACTCAATTGCTCCCCGGATAATACAATGTACACAA,1087,51.7,Homo sapiens
SEQ_188465,ACCTAAATCCTCTCACCGACCCGCCGGAATTCGTTAGAACCCCCGCGCCTACCACTCGTGACCCTTATGCTAAATGAGTGGCGAACTGGAAGGGTTCCGGTCGATTCCTTCCCTTACCGACGCCATCGTGGGGCGCCTAAGAAGCGGCTGCGAGTCCATTTTCTGTTCGAATGATCCGCATTATCGGAAACGCTAATGGCCAATTAGTGAGTAATAAATACACGCTTCAAGTCCCAAGAAGCGGTGACGCCACGTATCTTGCATGATAGAGGAATCTCCGGGCAAGATCGAATATACTAGTGCTGATCGCTGGACAGCAGACTTAGCCGCATAAACGTATTTTCGAGTTCCAGGGAGTAAATTATCGGCGCAACCTCTACTCTATGCGTAAACCCGTTTTTAAATCCATCAGCAAGAATGCTCTTTATTGCCAGGCCTGGATACACATCTCCTGGTGCCAAATGCGTCACCTCTAATTGCGCCCACACCGTTAACTATTGAGGTTACGGAACGGCGCTTGTACGGCTGATGAACCTTTCTAGCATGGCCATCAAAAGGCCAATGATGAGTTGGGCCTACACACTGACGGCAGCTGAGAACTTGGGTGAACCACCGACAGGAATCGAGGCTCCTGGGTCAATTAGCCTCTCTCGTGAAGGGATACCAGTGCTC,672,50.89,Saccharomyces cerevisiae
SEQ_566363,GAATTGGCCCTAAGGAACAGCACCTCGATTCGTTAGATTGGCACTAGTGCCGATCCGGAACTAGGAACTACGAATACACCGTGGGTACAAAGGCTGCCGTCTGTGCCGTCGCAGACCAGGAATAAGGGGCGATCGGCAACATCGGGTTTAAATGCATACAGGACGTAACAGTGACCACCAGACATGGGAGGATGAACCCGTCTATCTCCGTCCCCCGCATACAGGAACTTCAGGGAAACAATGAACCACCATTCCCATCCGTGTCGCCATTCGAAAGGGGGCTCCCAGATCATATTTTGCGGTCACCTCAAAGCCAGGTAGACCAGTTAGAAAATCTAGAGCAGACGCCACGTACCCAACACTTCGGAACATATTGCCATACAACCTAGAACACATCTGCTACCTGCCCCCATCAAGAGTTTTGTCTACTAATTGAATCATGATAAGGCGTCTCATTCGGTGCCGCGGTCCACGAGAATTTAGCACTCGTAACCGCTCCGTCATGACTCTTCACCTATTGCTGCTTTTCGTCTTGACCTAGCTAATCAGTCCATCACTATGTCCTGTCATCCGGGCTCGGACACGCGGGAAGGGTTCCCACTACTGAGAGACAGTATTTAGGGCATTTACTAAGAGC,637,50.86,Saccharomyces cerevisiae
SEQ_371673,AGTACATGAGATGCTCTCACATTCACCCACCACTGCACCATCATGTCTGTGGAACAGTAGATAGGAAGTAAAAGATGGCGAACTCCGTTGGAGTCTACCTCTGCCTGCTTGACGTGGCGCCTCTTGACAAAAATTTTGTCTAAGGTCCAGGCCCGCAAGATCGCCCTAAGTTTTAACGCGGATGAGGCAGAAGCGAGTCCAGTGCGTAATCCGCTCGCATCTTTGAAGGTGAGGCATTGCAGCTTCTGCTTAAGTGGTACTCGGGGAGTATGTTATGGCACATTAATCAATGATTTACCCTTGCCTGCTCTAGCGGAGTCGGTGGAGGTGTGAACCTACTCTGCATTGTTCTATTGGTTGTGCAGAGGGGCAATGCTGTACCACACTTAAGTGACCGCGCGAAACATTACGCCTACCAATACTATACTTGGCACGATTCGGGTAGGTCAGCACCATTCCCTGACAACACTGATTAGTACATTAGAGCCAGTAAGTGACATATTATACTACCGTCCCTTAAGTCCTGCGTTAAACATACCACCCAGGCAGTGGGGGGTTTTGCAGACGATCCTGGAGTTTTATCGCGGATACTGGGCATCAAGCTGCACCCACGGCAAATCGAAACTAATTCAGACAGTATTTACCAGAAACTAAATCCTGTGGTCACACTATCGACACCACCAGGAGAGTTTCACCGTCTCATTCACCACCGCGCCTAGGTGGTTGAGTTTTACGGTCTTCTTTGTTTTTTGTTACTAACCAGGACCGCCTCTAAGGAGTTGAGTGATCGAGCACTGACCAGGCCTAAATCACCACCCAAGAGGAATTCGACGGCCACGACCCCAAGTTGGATCCCGATTACTTAAATGCACCGATACTTGATTTTTTTTTCAGTCAGTGACCCACTGGCGAGGCAGCTGTATGTACGTCGTCCTAATGATTTTTACCACAATTATCCTCTATAGGATAATTGATAGTGTAATGTACACCGTATAGTCTGATCGCGCACCACCACTTAGTATAGCCATCGCTCCGCAATTTCCGTATCACTGGCAGGAGCTCAAGCGGGCGGAAGTGCCGGGCGTTACTCATGGCCGGTCCTGTTCTGGCTCCCGTTGTAGGTGATCAGCCGCTTTACTAAGCACGCCTAAGCAAATCCCCTCCAAGTGACGACACGTCACCACTATCCCGCTTTACAAAACATTTTTAGGATTAGTGGGCCTCTTGGGTACCGCCCAAACAGACATTGCACGACTAACGTTGACCGTAGATTGGCCTCTGGTATCGACGGGTGTTTTGTTTGCACTGGCAGGGAACCCGTCTCAGGTGGCATAGGTAGGGATGTGCGTGCGGACGGGTACGCACTGGTCGCAGAACCAAACCAGTATGCCTCGAAATCGTATTAGAGCGATTGGGAGACGAGTTTACTCGAACTAAAGGACCCGGTAACTATAAGAAAAGGGAGAGTCGGTCAATAAAACCATTAAGTCGAGCAACGCAACCGCTAATTTTTGAGGCCTTTATAGGGACCCGCGCAGATCGCCACGGTGCGATCAAGAGGCCGTCCCAGATTCCGAGCCCGCAATAGATTGATATGGCGTGATTGGAACCTTCAAATCCGTTACTCATCCAAAACTAAGTGGTGCTGACGGGTCCCTTCCACGACTCCAAGAACATGCCATCACATCAGTACACCGCATGCTAACCCATTGCCAATCTTGACAATATACGAAGGCTCAGACAAATTTACACCTGGGCACAGTTATGAGGCTG,1773,49.46,Escherichia coli
SEQ_275817,CCCTATCATAGGACTTGGATCTAACGTACACGGTTGGGTCGATACGGGCGCGTATAAGATTTCGGGCCCTACTGTTTGAAACCGGGAATGGGCTGTTAAACCTGCTAGCAGTGGATACACGTAGGGCGCGGTATGAGGCATCCTTGCATAACCTTAGTGAATTTTTAGTCTGCATCATACCAAAGTACTACCTTCACGGTTTCATCCATCGCTCCCTTCTACCGACTCTTGCCGGCTGGTTAAGCATGGTACGTCCGCGATTCTCCCTCGCACTGCGTCATTAGCATGGGAGGACTACTAGCCCTCTACCAGGATTCCTGTCTTGAGGACTGCTGCGATTTATAGGGGTGACCGTGTTTCCAACACCGTTGTGCGAGGCCCACTCAAACCTGAAAAAACGAATCTGTCGGCCCGGGAATTGGGACGAGATCGACCGGTAACTGTAGCGGAGAACAATCCTAAGCAGGAGGGGCTGCGATCGGGTCTGGCAAACCACCGCGCCCATCGCTCCTCTAAGGATGCGATGGTAAAATATATGTAAGCGTACTTGGCTATTACCACGTATGGTATTTCCCGTATGTTGCAAGGAGTCTAGCGGCGGCACCGTCGGGCATCTTTATGTGCTGCAGGCGTTGTTTGCAGTACCTTTTGATAATAGGGGCGGTATGTTGCGAATATGCAAACCCTCTAAATATTCAACCAGAAGAACTTTAGGTGCTTATCACGCTACATACCCTAATTGTTCGAAACCAGGTTTTGTCATAGATAAATAAAACAGGTCATCCCACTTGTTAGTGGGTACCGGGGTTCTTATGCGGCTGTCTAACAAAAACTTCGATCGCTCCCGGGGTGTTGACGTAGCATGCCATTGGGGTGCCGGCGACCCTAATAAAGCTCAATGATCTCTCAGAAGGCCGCAACGCAGTACATGTACAAGTGAGGCTAGTTGGTGCCGCATCCGCTATAGATATTGGAAAAGATGTTGATTTAATGGACACTCTGGTGAAAGGGTGATAAATAACCCTTTATTGTCCCGTCACTAGTATGGTGTAGTCATAATTCGCGATCAGGATTTCCACAAAACGAGTTATACGCCGCCTACAAAACGGCAAACGTTCCCCTATTGTGGAAATACCAATTTAGTTCCCGTACCTAAGAATAGGCATATGTAGCCTACGAACTGAACAAATCATCGAACTATGGCCCAAATTCGAGGCAGGTTGATATCAGAGGGAGGTTTGGGATGGCTGCGAATGCGAGAAAAAAAATATTGG,1274,48.27,Arabidopsis thaliana
SEQ_368174,ATCCTTTACTACTCCCGGTTAGAACTCGTAGTCGAAGTTAATTGACGGACTTTCGCCTTCGGTTCAGTACACATTAACAGTCAGATATTAATGTGCAGAGCAACTCTAGGGCCTAACAGCTGAGTAAACGGTCACGCTTTCTCAACTTCGCTATGTGTCAACATAACTGTTTTGTACACACGGGGTGCGAGACATGAGACCGACTGACACTTTTTTGAACTCCGGCATACTCATGCCGCGGCCATAATGGTCGATTGTCCAACGAGATTCTGTCTCTGTGAACGTA,286,46.15,Escherichia coli
SEQ_590532,GCAAAGGGTACTAAGACTTCCCGGGGTGCTGCGGTACAATCATGCAGGGTGCAAACTCTAAGCAATCGCACCACCACGCTAAATTCCACGAAGCGCAATTGTGTGGAGCAAATTTCACCCTGCCGAGAAATGATCCTATGTTTCCATTTTTGACTCGACTTTTGCTCAAGGTGATACCGTCAGCAGTACCGTGCTTCGCCCTCAGCATGGAATCGGCCGCTCTATTACGCGGCACCAACCCGCGAGTTTTTACTAGAGAGCTACCTAACCAGTGCATTTCCGCCTTTACTACACGTCCACGGCCTGGAGAAATTACTATACTAATAGAATAACGGTCATCGCATTCAGGGGACTATCACATACCTAGGTCGATGGCTATTGAACCAGGCTCTAACCCCTGCTCATTTCGTGGGCTGTGGATCGCTCGTGCTTAGGTGTGCACGACCTCTCTCATCTTTGAGTAAGTGCAACACTGCGACAGTGCTATCGTGGTTGACCATAGGTGCAAGACGTTGTAACGAATTCACTACGGTGCTCACACATATCCATAGTGCAAGTGAACCTTCACGTAGGATAACAATTCAAGCAACCAGTACGGAACGTGTTAAATGTCCGGTCCGCAAGTCTGTTGCCAACTTAAGCTCCTAAGACTGTCGTGGCGACAGGCTCCTCGATTGTCGGTTCTCATACGTCGCCTACATACCTTGATGGTATCCCCCGGCTGCCAACGGTGGAACCCCGTA,743,50.34,Saccharomyces cerevisiae
SEQ_685265,AGTAGGGATGCGTGCATCCCAGCAACTCTTTCCCATCTCTTCTAGGATGGAGGCTTAGGATACCCCAACAAGTCAGCACGGCAGGCAGATGTTGAGACTATTACATAAACAGTTCTGAGAGGTCACTGTGGCTGGGACAGAGTTACTTCGCATGCATCCAGGGTATTCCGTGTACGGCGAGCCTCATCCAAAGCGTTCAGTGAAACTCCGGCCATAATCCTTACCATTATCTGTTACGGGACGATCGCAAGTAGTTTCAATAACATTGCTCAACGGTAAGCCACTCTTCGTGATCAGCCAGACGTCCATTGGCCCTGACAACGTTGGGGTGGTCTGGATCTGCAGCTGTGCAGGCAATCCTTGACTCAAGATAGGGTCCTAACCCTCCGTGGTTTGGCTCTTCGTGAAGACCCGTGTTGGAACCGAATATTGTAGACTTAACAGCACACGCTATTCAATTATAAATTTGAACCGCAGTTACAGGCTAGCCGTGAGATAACACTCACGGTAGTTAGAGTACTAATTGACAGTTGGGCTGTATCGTTGATCGCGCCAATCGTAGGTGCATATGGTGAGTAGGGTATTTAGACTCCTAGGAATTTGAGGCCGTGCGCGGTGCTAAGGCACAGCGCACGGGAGGGTTATCTGACCCACCCTTCTACCCTAGTTTGCGGACCATACTTTAAGCACATGGCTCGTATTATATTGCACCCCGCACCCGGTTAGTCAAAAACGGATGCTCAGGGACGAGAGTTGGTTTAGCAGGAATTACTGTAATAATGCGGCATCCTCCCGGGGAAGATATCCCTTGTTAAAAGTTGTCTCAGAAGCCAGACATGCTTGACTTACCGTTATTCCAGTTCGAGAGTTCTGCAGTTTGTAATGATGTTATTGTTCATAGGCTTAGCACTAAGTGCCGGGACCTGTGCTAGGAACACCAGACGGTACAAAGGGTAATGAAGTCTACTATGTTTTTAAATAAGTTACGGTGCGACGTACCGGGCCGCGTGGGCGCGGGCGACGACCTTTTAAGGTTTGCGTTAATATTAGCACAGAACGCGGCGCATTTCTAATAAGTCCAGCCACCTTCGTTCCGCGGCTGTTTATGTCTTGACCAGGGATTCTAATTTTTTAATTGTAGATCGCACCTGGTTCCTGATGCCCAACGCGTTCGAACGTATGAAATTTGGGGCCCTGCCGGAGCGGCATCAGCTCTCTGGAATCAGATTCGCTCGCCGCTGTGAAGCGACTGAACGCACTTGGTCCTAATGAGGGAAGAGGAAAATGCTACAGATCCAATTATTTAATGCATTCTGACGGACAGATCAACTCTGGCGCATCTATGCACTCGGTCGACTTCCTAGACTAGCAGCATCGATTTATCGGTCCAAAAGTACGGCATTCACGGCATAGCCTAGGTGCGCTACGACAGAACAGCCGCCTCTAATTCATATGATGGGCGTACGTGAGGTTACTCAAGTCTGAAGGCCTGGTACTATGCTAACGTATTGCCTAACCCGCGGATCGCGGCTATTCTTGACGACGACCCAGTAACCTTGTTTCCGGTCGAGCTTACCAGTTGCTACACCGTCCCAGGGTTACCGCGCTTAGCTCCACGCGCTAGGAAGACGCTCGCGAAATCTATTCTATCAACACTCTATCATTCCAAACTACTGGACCGCCATCTTGTTGTGCACGCGTCTACACAGTCCTCTTGCCGACGTTTAAACAAATGACAATCGCAGGTAGCAGCGTCAAGAGAAACTCAGCGGCTGTACGC,1780,49.72,Saccharomyces cerevisiae
SEQ_913741,GTTGCAACATGGGGGTCCTGATACCGTAGACGTTCGAAGTCACTCCAAAAACTGTACAAACTTCTTCAGGGGGACGAGCGCGGTTACCCCTGTGTTGCCCCCACAGCGGGTCATTCAGGATACGTGCGCCAACCCGTTGCGTGAGGTCGTTGGGTCAAGCGATAATATCAACGGTTCTGAACCCCATAGCGGCTTACGTATGCAGGCCGAACTGATGCGCCAAGACTAGAGGAATAATGGTGCGGCAGGCGAATGCATCGCCCCCAAGAAAGACGGAGCAGCTTTAGAAGATGCTGGTTTTGAGCAACGCCGAGTACGGTAATCGGTGCAACGAAACCTTCCGAGGACCGGTTGTATGCGGATTGGAGAAGCTGAATTTCTTAACCCGTACCACATGGATTATATATTGAGTTGATACCCGGCACAACAGGGGCCACGGTTTATGTGCGCTTAATGCCTGCAGTCAGTCAGTCCACTTCCGCGCCGGTGTCATACAAAGGAGGGCCATAGTGTTCACTGAACTGCTTTAAACTGTCTTCGAGCGTCCTAAGTCTAAGAGGCAAACCTAGATCCCCAACAAGTCTCCGGCGGGGCATTGCGTGCTTTGTGCGAAAAGAAGGTAGGCCCAGTTCTACATGCGACGGTTGCCGCCAATCTGAGGAGACTTCCGGTAGACATCAGTAAATATACCGGGGGGTAGCGAACGACCTCCATACTGGAAGTTTAACTAACAGCAGCGAAGATTACGAAACCAGTCAGGGGGCAGCCCCGTCCGTAAGCGTATTTAATTTTGCACTCATATTAACTCCGTATGGCCACTTGCTGAAAGACTGCGTTGATAAAACCCTTGAACCGGGGGTCTAACCCCCCTAAGCGCCAGATCTTCGAGAACCTCGTAACTTGCCCAATACGACCCCCCTGTGTTGCTTGCCCGCCAAGGTCCAGAAGGCAATACGTGACTCTGTTGACCTGCTGTGCGAGGCCCGCTGACTTGATCTAGCTATTCGAGTCTAAGCTTCGATATTAGGACCTTCCTCATTGACCCTTGTGAGTTTGAGTCGTTCTCTGTATAAGCCTGTAAAACTCCGTTAAGAGTTTTGGACTAGGCGACTCGTAAGTTAGGATCACGAATGATCTGGTAGACCCACTAACGCGCACGTCGTTCAGTGTTCCGGCGTCGGTAGGGGTGAACTGCTCTCCGCATCACGTTGAGTGCAATCAGTGCGCTGTCGCAGCCTGTGATTAGTGCGTCCCACCTTACAAGAAAATAGGGGAAGTTTGCCCGCCAGAGGGTCGTGGTCATAAACGATTTTTAGGTAACAAGAGTTGATACGGGCTCAGACTTCGGCACCCTGGGTATCTTTTTATTATAGTTAACAGTTGGTGTAGAGGTGATTGAGATGACAGAAGCTTATACGGTTGACGCAAGTCCGAACCTAAGGGTACGACTGCGGCTTTTCAATTTCGCCGTCGTCGTGGAGCTTATAATTAGCGTCCAATGATCGGGTGTCGATTCAGGTGGGTAACGGTGAGGATGAATTTCAGAGTGGGACGTGGTAGCCTTAAGTCCAGGACTGCAAAATATACCGAACGGTTTGCGACACGCGGTGTAACCAAGAGAGGCTAGCC,1629,51.26,Saccharomyces cerevisiae
SEQ_121488,TATCGAGATTGCTAGATTCAAGACCCTAGCCTCTATGGGTACTGATTAGGCGCATCCGGGTAACGTAGGGCATTCCATTAGGCATAGGCGCGTCGCGTCCAATAGATCGTTGAATTTGCAAAAGCATTTAGTCTCAGTGCCCGAAGTTTATATAGACTCCTTTCGGTGCTTTTATCCTACTATAGGACCAACCGTACCATTTGCGGTTGCACCGGCCTTTTATCACGAATTGGCGACCCTCTTTATCTTCGACCGATACGTCGACTCCTAGTCAGTCTAGCGTGTACCGATTTTGGCTCGATATCGGGGCGGACACTTGAGCCGGATGCGATGGTTAGGTAAGTATACAGTGATTCGTTCGGTGATGGATCACATAACGCGAGAATTAGGGCACCTCCCCAGGACCGGGCGATTGCAAGAGACGCTCGCCCACTTACGTCAACAAGGTTCTTACCCGGGCGATGTGCACGTCAGGGCGAGACGCTAAATTCGTTCCGGCTTAGGGTGTCGGTCAATCTAACTGACGCACGCGAAATGCCCGAGTAGTCCGGTAACCCTCCTATCCTGCTTTAACGCACCTTTGACGACCCTATCCAAACACAGTTGTCGCAGACGCTGGGGCAAACCACAGGCGCAATGCACAAATTACATGCATTCCGACAGCGATCCCAATCAACACCTATGTCCCATTTGCAAACAAGTTTTAGGCGGCTTCCTTATTATTGTCGGCTCACGTAGATAGTATCCTAGGATTCCTTACGTGCGTCGATTGCTACTAGACATACGTGCTGCGCTGTTGAAGGAGGCCTATATAAGCCCAGTCGATGAACGTCCGTGCTGGAATCCCCTCAAACCGCACGGGGTATCGGCCCCTTTGAAGTGGTCCACGCGAAGGTCTAGCTCCCTAGGGACGTTTCAGCTCTGTCAGCTCTGCCGAGTGGTTGTAGGTAAAGAGATCGCGCTTTGGCTGATCGAAACACACTACAAGAAAATTGCCTATAACGAAGATAAGGGATTTTCGTACTGGACTAGAACCACTCCAATTCTTTCAGAGGCCCGCCCAATCAATGATAACCTCCCGAAGCAGGAACGACTGTGTGGTCCCTCGGTATACCTGGGTCTAATAAAGTTGTTTGAGATGAATTTCAGGTTAGAGGGGTACCCTCCCACTTAATCTGGCATCGCGGGCTGGTGGTCTCTCACGCGCGATGATTCTCGTGGCAGAAGTTGCCGACATCAGGAATGTGTTCCTTAGAGTCGTCGTAGGAGTCACAAGGGGACTAGCCTGGCTTCGCCGGTCCTATCGTTTGCTAGGCAATCAGAGGGTGAATAGTGGAAACGTATACAAGCCCGAGTCCTGAATTTTCAACGGTAACACGTGTCTCGATATATTGTGGAAGAAGTAGGTAACGCTGATCGTGGGCTAAGCCGCAGTCTTCAAGTGCAGCCTTATAAGTAGTGCCTTGGCGCCACACAAGTACTGGCCTGCTTCCAACGAAATAAGGATCGCAACGTTACCGAGCACATGGTAGCCGATAGCCCCGAATTTTCTGTTCGGGAGACTCCTTTAGCGGCGCTCCTAATGTTGATTAGCTTCCGATGAGGAGTACTTCGGTGCTCGCTGGCGGAGAGGACCTTCACGATGCCTTCCCTGGCTTGTCCCAATCCCGCCATTGTCATCCTTATGGAGAAGTCGTTAGCTAAGCTTCAGTGTTTTCGCTACCGGAATGACTTGCGTATGACTTAGGCGTTGCTAGGATGATAATTGAGCCCACAGGTTTTCGTCGTACCGCTGGCGCTTCTAAGCTGCCGTTAGATGGTGTATGAGA,1829,50.96,Caenorhabditis elegans
SEQ_956866,GAAGGGGTACAAATATGTAAAACCTAAGCGACATTCCACCCATTGAAATGCTGATGCAACCTAGTATCGCTCTTAAGTATACGTTCGCGTCGGAATTCACTGCTGTCACCCTCCAGATGCCCTACACCTTGGCCATAAAGAATACTGCTACCCCTCAGACTAGTGATTGATGGTTCCCCGAGATGGTTGAATACGTGAACCCCGATCGCTAGGCTGCCCCTCTAACCCTCAATCACGCAACCGAACCGTGCCATATAAGTGAGGGCGCATAAGGCATTCGAACGGCCCGAAAGACACTTCCTAAGCCAAACAGACATAAGGGCTGCCGATTTTGTAGGGAGGAGTAAGCATTTACCGACCGTGTGCTATTAGTCCCCGTGTAATACATATGATACCGGCGTTCGATTAGGAATCCTTTATTGCCTCGCCCAAGTACATGTCTTACCCCGAGACTCAGTGCATCAGCACCACCAGGGCAGAACTGTGTATTAGTCAAGTCTCCCCATGCCAACCTAATTAGAGCGGGAGGTTGGTATGACGTTTTCGAGAAAAACGGGGCCGCCGTCTCGCAATCTATAATGAACGAACCCTTACCTGAAGCGAGTAGCAGAGGCATTGTCTACATCCGAGATGAGCAGAACTTGAACAGCCCCCCTGATAATTTTCAGCGTTTTGAGCATAAATTGTATTTTAAATTTCTCATGCCACCGTCGTGCCTAACTATTGTAATCGCCGGCACCGCTCAAATACTTAACGAGCATGATGATCTAGTATCATCGCGAAGAGCGGCAATCGTAACTCCCGTGGCGAATGTTTCGACGCAGATTTAACGAGCGATAAATCTTAGCTAGATTAGATCCAATAATGGGACTACATCGCGCCGAGGCACCCTTACCACTACGAAGAGCACAAGACCAGGAACTTGAATACTGCATA,936,48.08,Arabidopsis thaliana
SEQ_626006,GCGAACAATCGTAGCTCCGTACAGTATTATAATATTAGTTCCGCTCGTGCCACTGCCTCACCTGATAGAGTACGAACAAAATACATCATCGGAAAACGCAACCAATGGTTGTCATTTTAAATCAATGGGTGAGGGACGCGGCATCAGTGCAAAGGACCCACTTTCGGTGGGCTGGAACAATGGCCATTTATGTACTTATACAGGTGAACGCCCGGCTTAGTCATCGTATCAGAATATCCTTCCGGGACGACCATAACCGCATTACTAGTGGGGATCCTACAGTGGTGGCCGAATCTAACCGCAAGAGACGGCGAAACGACCACCAGTGGCCCGGGATCCCCACCGGTAACAGAATTATGAATGCCGCTATGCGCTCTCGCGCAGGGTAACGACACCCCATGCCATAGGCAACGGCGACAGAACAACCAGGGTGCAGTGACCGAGCTAACGCGCGTTG,457,52.08,Arabidopsis thaliana
SEQ_927749,CCACATTTAATTCTACTAGTTTGAGTAGAGTTTACCGCAAGACCCCATCTAATCGGTAAAGTTTGTGCAACGTTCCGTCATCCGGGCCGA,90,45.56,Saccharomyces cerevisiae
SEQ_806694,GGTATTTCTCTTTTCCCCCATCTTAGCTTTAGTTTTGTTGGGGTTTCTAGTTGCCAGGAAAGAGCATGAGGCCTTGAAACACAACGTGGTACCATCAGACTAAAGCCTAGGGTAGCCATAGCGGTGCATCATAGCCTATCGAGGGGCGTTATAGGATATACCGTACGAGGTGAAAGGTTGGCGGGCGCTATCGTGCTTGTACGCTAATCGCAATTTAGGAAGATCAAACATCCGTCTAGGCTCTGGGGAAGGTGAAGGGCTCGGCCGTTTGCACCTACAACAGGCCCGCGCCCCTAGTACTCGTTGACTATACGAAGTGGCTTCGGGGGCCGCATGCAATGATATCGTCGTTAAGTTGTTCGGCTTAGGGGACGGCCCTGAATCCTTTTTCTCCTGGTACTGACTGGACATTCCGTACCACCCTAGGATAAAAGTCCATGCTGGCACGTTAACCTGAGGTTGAGTACGTGGACAAGTTTTTGGCAGCCCAAGCAGGGAGTGAACGAATAGATACTAGATTCAATAGCCCAGTCGGGGCGTCAAGCTCTTAACCCCGCAAGAGGATTCTCTAACTGCCACCTAGTCGGACCCACAATCTCCAACGACCACCGATTCTCGCTAGTTCGCCGACGCTTCGGTTCCCGGTCCCAACACTGAATACTATGACATGGGTAGCGAAATCTTATACTCTCTATGGGTCCCGCGGATCCAAGCCGCTCACTGCAATAGCCCGATGTGCTGTGAACCATCCGCTGAGGTCCTCTATACGTGAGGAATTTTAGGTGCGTCCTCCTACGCACTCCTCGCTTGGCTCGGCTCAGCCGGTTGACCGCTTCTATCGCAACGGATAGTTGAGACATCCGGCATTAGTGATGGATCCACACCAGCACGCTCTTAGTTAGCAGATCTCTCCATTTGGACGCAGAATTGCGTCCATAGCAACGTCCCCTGAGCGTCGTTGGGGGTTGCCCCGACGCGGAACCCGGCCATATACCAACGATTATGTTTCCGGTATTAGATATCCGGTAGAAATGTACGGAGTTGTGCTAGCTTTGTAAGATACAGCGAGAGCAAGCCTGACCGCCTCCTAAACGCATAAAAGGGGCGCAGTGGCCCGCTGTGACTATTTGGCGCCCGCGCTCTATGGCGATGAACAAGTTAGGAACCGGCCCTTCCCTCCGCTATTAAGCCGACAAAAAAATAATATCACTGTGTGTTCAATGCCCACCGTTCTGAATGTCCGCCAACCCAGGGCCCAACTCACGGCCCGAGAGATTTCTTGCAGGTACTTCTTTCCTGCTGATGGTAATAACGGGCCTTTCAAGAAAATTTCACATGCTGTTGGAGAGTTGTGTGCTGAACGATTATGTGTCGATGGATGGGAGGAATGGAGTCAATGCTCGGAAGAGAAATCTCCAGCGCATCACAGGATACAGGTATGTCTAAGGTCGTGTTATCTGAAGTCTAGACGTCCGGGTACAAGTGGTCCCTGTGATTCGGACTGTGTCCTCGAGAGGGAAGAATCCGTTCCGGCGACGTACCTCCGAGGTTTATGCCATAGTAGCCTCATAGGACAAGATATTCTGAAGTCAACCTCAACAG,1602,51.75,Homo sapiens
SEQ_706953,CGTGGTAGATATAAACGGCTTTGTGCCCATGGCGGAATCGAAGGTGATTCGGGGAGCTCCATAGGTAGGAGACGAATAAACGTCGCTTAGTATTTGACCACTGCGGGCATCGACTATGGTCGAGCTTCTGTGGTTCCACCCTCTCTCCTAGTGTCTAGTAGCGTAGACGTAATACCCATGCCCACAAGTCGGATGAAGCCGTGGCGACCCGGTATACCTGCAGTAGGACACGCAACCGGTCCATGGGCTCAGATGTCGCACGATATTCTGGTGAAACTGAAACTCAGCACTAGAGGGTAAGCAGTTTGACTCAACCCGTTGCCGATTACTTGATAAGATCAGCTGCATCCACCGAGGTCTAGTAGGACGTACTAACTAGACAGGCTCCGTAAATGGGACACCAACTGGGCGACCTCTAGAAAGGGGTACACAGCCTATGAGATTCGAACCGTTGTATCGCATGTGATGTAAGACCTGGCGGTGATTGGTTCTGCTTTGTGACGGGACTAGGGACATAGTACGAATAGAAGTTTTCTACAACCAACGAACAAAGTAATTCTCTATCTGATTCACAGACGTCGGAGAAGCGTACCTACTTCTCTTGTCCAGACGAGAAGTCTCGTTCTCATACTTGGGAACGAATCATCTCCAGCTGTCGTGTAGGTTAGGCTTAGGCTCAATCCAATTTTGGGAGCTCTTACCTAGAGGTGTACTTCTTGAATAGAGACACTACGTCTCGGCACCAACTTAGCTCACTCGTTGTATTACCAGCAGGTTATAACACATCATGTCATTGCAGCCCGCATCCATGTGGAGGCTGTGGGAGTCTGTAAATTGACTGAACGAGGAAATTTGTCCTATTGGAAAAGCAAAGACCCTAGGTGATCTCAT,891,48.71,Caenorhabditis elegans
SEQ_403212,AAGCGTGCTAACACCCGGTCGTATGCATGCATGCGACCTTCCTACAACCCACACCAGCGGAGTCCTACAACAACCATATTAGTTATTGTTTCGCAGTTTGTAGACCAACCTATGTGACCTGATGGGAATTGATTAATGAAGGTCCTCACCATAGGGGACTTAGGGGCAATTATTCGAGGTTGTTACAGCGGGCGGAGGCTGAAGAGTCGGTTCCGGTCGCAAACCGTAAGTATAAGAGGCGCAGAGGGGAAGAATATACATTATAGAGGTTCGGAGACCGCTAAACCTGTTTGACAGAAAGAGAAGTAAATGCTCGGCGAGGTCAAATAGCGTTATGTCTATGGGTGTACCGAATTAAACCTCCCAATTCAAATATAGAGACGACGTTTAGCCTGCAGGCGGAGGTAGACTCCCAGTCATCCCGTGGTAGGGCAAGTCGGCTCATTCCGCACGGGGTCCCTGACTGACTTCGAGTGTCATAACTGCCGCAGCGGCAGTAATACCGTTCGCCCGAAAGTAATCGGAGGCGTAACATCACTAAAAAGAGCGACGCCCCAGAAACCAATCGATGTCCACTAAATAAGCCTTAGCAGATGGGAAGATTCACGTACGATGTCGAGTCGCTAATTAGCTTCCACTTGAGGCGGCTTACGGTCAGCCA,661,49.92,Homo sapiens
SEQ_164936,CAGTCACTGACCAGACGGATTCAGTCTAGCCTGCGGGGGGCCCCCAGCCGACTGAGAGCAGGCTCTATAAATCCGCGCGGGTCCTCTAAGCGTCTGTCTATTGGTTCTTGTTCCTGAAGCGAACTTTCCCTATCGGCTCGCCTTTGGGATGTCTGCCCTGTGGGAAGGATAACTTTGAGATCGTGAAGGTACAAGGTCCTGTATCCAGCTCGGTAAACCCAACAGCGATACTTTCCTGACGGTTTCAGTCGCACTACCATTAAGCTGGGTAGGGGCTCCGTGAATGAGGTTTCAAGCGTTTAAAATGCTCATACAATCTAGTCATCTATGGTCGCAGAAACGATTCCATCAGGTGAATCGAACAGCAGACACAGGGTTTAACGCTGGTTTTGCACTTATGATTGCCTCGGCAGCGGGGTATCCAAAGACGGGCCAGAACGATGACTCCTAGGTTTCTACTGATCCGCCAAAGATTAATTTCCGGGGTAGAGGTTTGACAGTTTACGCGGCTGACTACCGACGGATAGGACCGAAATCACCTTAAGAACATTTGAAGATCTGCGCTTCCCATTAAACTCAACGAACGTGTGGGTCGGTGCGAATTAGAAGTCATTCAAACCCCTGTCGTTGTTTCGTGCTCTCCACCCGTCTTTTCAAAATCCACATCTGGAAGACAAGTTACACCTGAACACGATCAAACAACCTGTTCAATGCCGTAGTCTCGTGGCCTAAGACTCATACGGAAGTCGCCACCCAGGCGCCCTACTGACATTCGAAACCGGAGGCGGCGCTTGGGCGCTACCGGCTCGCCAACGAAGTTAGTTCTA,827,51.15,Escherichia coli
SEQ_788210,CGTACAATTCATCAGTGGGTGTTACAAGGATGACGCGTCATCGATGATTCCACATTTTGCTTTAAACTCCTTCCGCAATTTTTGCCCTCCACTGCTGGTATATGAACGGGAGAGAAAAGAGCCCGATATGTAGACTCGATCGGATGTTCCTAGCAACCTCTGGCTCTGCGCTAGGCCCGTTTTCGGATCCCGAATATTCGAGCACTGGCCTCGATTATTCCAAATAGTTAAGGCGCCCGAAGAGACATCCAAGGTTACCTACTAGATCAGCACCGAATCACCTGGCCACGCTGAAGTCAGAATAAATATCAACTTCCCCAACTTAGATCTAGGTCACCGCCATAACGTGCACCTTTGCACGTTTGCGCAAGTGCGTAAGGTTGCCCCTCTGACTCCCTACGATGAGACGGACATTTTCATGCAAACCGTGAAGATAGGTTCAGCAAGACTGAAATGGTCAGGAAACGCGTAGTGGAGCGACTCGAACGAAACTCCTAACATAGAAGGCCGATCAGAAGATGTCGTAGGTATATCATGCATATTATGAAAGGCTCTAGATGGTTCCTACTACAATGATATTCGACCCGTAAACTTAGATCGATCGTTAGCCTATTGGTGGGTACAAGTGGGGACCTAAAATTTTCTAAACCATGCAGTGGCACTAGTCTCTGGCGCCTCGGGCATATAGCCTGCCCGGATGGGCGATCTAACATTGTTAAGATAAAGGGAAATTCGGCCGAGAATCCGTCGCATTGCGTAGGCTCAGAACAAGTGCGTAGTTTGGAGCTTACCCGCCGGACTGATCAGAATGGAACGTATTATCTAGTTTGACTAGTCGTCTAAGGTCAGTAATATATCCAAGCAAGTGAGTGCGTAGTCTCCGAGAGATTATAACCTTTGTATCCCTAGTCCGCTAAAAAAGTCATATTTCTTATGCCTTCCTGCCGATCGCCCCTACATTTTCGCGACCCGCGTGCGCGATTAGCGCCTGCGACTCAATGACCGTAGTATCAAATCCTATGGGGGGACAGCAGCCAGGATTAGCTGGTCCAATGTTGGCATCGTAACGCACCCAGACGCGGTCGTACACGTCCGAACCGGGCAGGGTTCGGAGTGTTATGGAGGAAATCTCGGCGGGCGATTCTTGAGGTCTGGAAGACGCCTGACGCGATTAAACGTTCAGACGACGCCTACGATAGTGTTTCATAATGTCCTCTCCCGTCTGCACCAACTATCGGGGCTAGCACACGGTTGCGATTAGGACCCGTCGTTACATTATTTGGTCGAAACGCGTGACTAGGCCGGGGGATTGCCTAGGTTAGGCTGAACCTCGGCAAAGAGCTGCTCATCGGGCGTTAATCTCGCGGTCTGGTAGTTCGGCCACGACAACGGAATACGATTCGACACTGATTTCGTCAAGGGCGCGGAGGAGTTGCGTTTCTTCTCAATAACAGTAACGTATTGCCATCTGTTAACTCGGGTATTGGGCAGTGTGTCGAGAGAGTCCGTACTAGCTCTGGTATTAGAACCAAACGAGAATTTTATATGCATATGTAATTAACCATTTTCAACTGTCAAACTGAATAGCCGGCAGCTCGAAGGTATCAGATCCTCGCTGCGAAAGCGTTTTCGCCCATCAGTCCAACACTAAAGACTTGTCGGAGTTAGAAAAAACGCGGCGGATCCGGGCACTTCGCTGGCTGTGCAAGTAACTTTAACGCTCGAGCAGAAACTCACGTGTCGGGGATCCACTAACTGCAATTTTCTTGCTGGATATG,1778,49.27,Arabidopsis thaliana
SEQ_514569,TCATTGAGTAATACATTTGCGACGTCTAGTCCGAACACACTAAGCTGGTGTTACAAACGCATTGGCAATCGGTTCAGGTGGAACTCGGCTCTGGACGGTCCTAACTCTTCAACTGGCTTGCCCAGATCAGGACTATGAATATCAGCCCTCCTGCAGACCATACTACGAGCCGGATGTAATCCAAGGGCAAGGCCGCCTTAATTGAACCTCCGGTACCACTCGATACGCAGTCAACTGCGCGATGGGGCCGCAATTATGCGTGGGTCCTCTCTCTGAAGTAAAGAATTA,288,50.69,Escherichia coli
SEQ_887135,GCGCTAGACGCTAAGAAGAGGTGTAAAATCAATGTGCAAATAGCACGAGCAGATTTTGTGGGCCGGGGTGAATTAGCTGCGCCCTTAACGCGCCGAAGCGTAAGTCTAACGAACTCCGGTTACTTGGAGAACGGTGTGTCCATCGCTTGGAGTCTCAACATACGAACGACCTCAACACACAGCAGCATGTAGCCCCGGCTACACTATGCCTCCGGCAACGGTCCAGAACTATCCAATGGAGAAGACTGGGAGCCGCTAAGAACGTGTCCCCGCTTATAATATCATGGCATGCAGGTCCCGAGCACTTATAGTCGATGTACCAATGTACCGGTCGTTATTTGTGTAACAATAATACTAATGAATACCCCTGTCCGTAGGGTCATTGGCGCGACAACAGCTCCTGACAGGTTCTGCGCCTAACAGTATGGGGAGCGAAACACAGACCTACTACCTGGACGTGGAAACCGTGGCGGGAAAGTCCTCCAATACCTTATGTCGGAACGGACAACGGATGTTAGCTGACCAGGAACCATATAGTCAGCGGCGGTCTCTCCTATTTTGCTCCGGGCAGGAGCTTAACACAACGTCGCGCCCTTTCTGTGTGGGCCGCTATCGTTGCAAATCGTCTTGGGGCGTGCTGACGCCGGTGCTTTAGCAACGTCCAAACTCCAAGGTAGTCTTCGTCTATCGCGCCTTCCTTAGAACTCTGGATTCCCAAACAGATGAATGTGCAAATTGATCGGTGGCATCGAAGGCTCACCCAATTCATGTGTAGCAGCCTCGGAACTAACAGCGTAGGCCTCTATTGGGGAGTGTACCTACAAGGGATCCGACCTAACACTTGTGTTTGGCGATCATGGCCAAGCTAATGAGGTGATATACGGTGGTGTGAGATTCGGCAGTACTAATTATGCATGGGCTGCTTAGCCAACCACATTAGACGTAGTTAGAAACCCCCGCAATAACATCCATAACCACTTACGTCCTTACTGATGTTTAATGTTGCGTATCGTATCGAACATGAACTGTAATTGGGCCCACAATGCTTGTGGAGGAATATCGAAAGCGTCAGTATTACTCGCATTTATGCAGGATGCCGGCTGCAGCAGTAGAAGACTATGTCAACGAATTCCAAACTCGAGCATGTGGCCAGCATGTTAGATGGCACTGCCTAATCTTCGACAGATGAAATATACGTGGCTGCTACGATCAAGCAGCCAATACATAACCACAACCACCGGCCGAGCCGGATAGCTATGGAATAATCCAGCCCAAAGGAAATGGAGCCCAACCTTCACAGGGTTGAACCGGGAGTACTCGGGATCTGGTCTGCTGAGCTCGAGGATGGAATGATGATCTACATCCATTGTAAATTGTGACATACGTCCGTTTGGGCAGTAGGCTACGACACTCTCATTTCTTCGCAAACTCTTCAAAAGCTGTGTGAGGGTATACTCTCTTGTAAGCTTCAGGAGGACTGCCGCGCTGTGCCTACGCCTTGTGATATAAGTCAGCATAGATTTCGCATGAGGCATACGGGGATAAGGAAGCTCTCGGGGGAGTTACGTAGACTCGGGGGAAATCGGTTGAAACATCCTTGAGATATCTTATATGATCCATGTTCGAGTCGGAAGGGGATGGCGGGAGGGGCAGCCACGTTTAACTAGTAGGAAAAGCGAACGGTCAAATGTCTCAAGCCAAAGCTGTATTACCACCAATTGGATTCGTTGGAATCGGACTTCAACGGACCAATCCGGTTGTTCACTTGATGTGGATGTGTAGGTGCGCAAGAAAAGCTGATCACCTCATACAGCCCACTGTAGGTTAAGCATAGAGATTGAGGTTTTTTATAAACTGCATGGTAGGCGCGCCTAGCATTAGATGGGGCTCCCCCTCAATCAATGTAACGCATCACCCCCGCT,1922,49.74,Mus musculus
SEQ_595009,TAAGATTGGTGGGTATTAACACATTTGATCGGTAGGCGCTGCCTAAAATCAGCTAACAACAAAACATCGCCATATCAAGCATCCCTTCCCAAAAGCGTCTACTACAGAGCTCGAGTAGCGTGATTTGCTATCCGCGAAGAGGCAGGTTTCTGAGGCAGAGTTGCAGACCCCTGGCGTCCATCTATTTTGCTTGTTTGCCACTCCTAGTAAAACGTGCTCTGCGAGTCATCTGATGTTCTATAGGGGACGGATTTGAATGTGCCCATATGCTACGTAGAGGAGCGGGAACAGGCAACACGACGTACGTCTATGTATCTGCTAACGTAGCCAACGATGCGAAGCGTCTGCATGGGCAACGCGGTCCCGATGGTGGAGGTATGAGCGTCCTTCTTTTAAGCGTTAAGGCCAGATAGGAAGGCAGTTAATTGCAATTTAACTAGCAATTATCTACTGAACAGATCCACGATCCAGAGGCTTTCGCAAGGCAACAAGAATACTTTTTCGTCGGTTTCCCCGGTACTCTACAATTAATAATCCCCAAACGATATTACTAGATCTTCGGAGTCGAAATCCTCTAGTGTAAACTTCTAAGCTATGTGAGGGAGCCCTCCCGCAGCATATACGACTCACATTTCGTGTACCAGCGGATGCGGGCTGTTACCCTTATGACCAGAAACAGGTGCAAGCCAACCGTGGCCAGAATTACGGATTTATGGCCGCACAGATGACTAAGGCTGGCAGGCTGACCTAGCTCCAACTGTTATGCACTCAGAAGTTGTACTCACGGTTGCAGAAACACCTCACTCTACACACGGGGATCCTTGGGGGGTCGAGAAAGCTTGATACGCTAGATGCTGGGCACATCCAGTTGCATCACATCGGGCGTAAGACTATGGATGTTCACGACGTAATCACCGGCGCGCACCAATTCCAAACTAGAGGCGCCAGTTGAACGCTCTTTGTCTTCTCAGTATGGCCTAAATGCGCTGTTACCGCCTGATTGATGTGAAACGTCAACGTGGGACGAGTCCCAGGTAAGCACTTCAGCGTCCCTCCTGGAACGCACCACTCTGTTAGGGGGGGGTCGCGTAGCAATGAGGTTAATACGGCCTGGTTTTTTTGACTTCTTGTTGAGGGGACGCGTAAGGAAAAGTACCCGGCGGCACAGTGGCGTCACGGACTCCCTTCAACGTGCTAATAACATTTAGGAGATGCGTCCTGAGCACGTGGG,1231,50.2,Homo sapiens
SEQ_747520,TCTTTCCGGCCTCATATCATGTTTTGCGATGGGTGTCGGGTCGGGTGTAATCCAAGAATAACAGCTCACGGACATTCCGCGCACCTAGCGCGGAATAACAGTAGAGCCATGGCATAGTGACGCAAGCAGGCGCCGACGGGGTCGGACGAAATGTGCTGTATTCTGCGGTGTCAACGAAGGACTTGAGAGAAGATATGAGATAAAGAATCATATCAGGAATGCAGTCGGACCTTGGATAGTGGTTAGTGCGTCACGATACTCTTCCAAAGACAGCTAGAACGTCTTAGCAGGCATTCGTACAGGTGGAACGTTGCTTGAGGCTTCCAGTAATTGCCCTAGTTCAAGCAAACCATGTGACCCTGCGACGTTATAGAACATACGTACCAAGAGGCTACGCAACTCCCTAGCGGCCGAGTGGCTATGGTATAGACCTGGCACCGTCGGTTTCCGCCTTGACTTAACCCGTTAGGGAACATCGTCAAATGGCTGTTTGGACCCTTATTAGCTAGTAGTGCTGACCGGCCGTTTTTATAAACACAGTGCCGTTGTCTACCCTAACCCACCAATGGATGCGTCGCCCCTACTCAGCGCTCTGTTCTGACATCAACGAGGGATTCCGGCGGTCTTGCAACTTCCCAAAAAGGCTCCTGTAGATCAGCATCCAACAAGTGGGAACCTCGCCATCTATAACATAGTGTGCCGTCTTTTCTTTAAGCTCCTTCTTATTATTATCGTTAGGAACTGCGCGGAACAATCAACGGAGTCAGTGTTGGAAGGACTACATGAGACGTCCTACCAACTCTAAACTAGGGGGCTTCACAGCATCATTGGTCCCTAAACCCGGCGGCTTAATATTGCGAGTGGAGTAACCACATCGATTGCACATCGTTAAAGACTACGGGTGACACGTTAATGTAGACCGCTAGGTTACTCAAATCAATCCAGGCTCTTTGTCGTAATCGGGGCTATCCCCGGGTTTACTGGGGCCTGCTCGCAGGCGAGCGTGCGCCGCGTCTACATATCCCCATGGGTTAGATGGAGCCGGTAAGTAGGAGCGAACTCCCAGCGCTATATACCATCTCAGGAAAGCTTGTGGCTCGTCGTGTATTCTAACTCGACCGCCGATATAGAGAAAGACCCTCCCTCAGGAACAACGAGCGACACTCAACGCTAACGAATATATAGTGGATGCGGTTATCGCCATTTCTCGATAAATGGGAAGGGTGGGGTTGCATTTTCAGAATTATTGCCTGCCCTTCATGAGTCACCTGAGATTTCCTGAGGCACAGTCCACCAGGTGGTCAGGTCCTTCAAACATTCTGAATTTACCCTGCATAAGAGGAATTTAGGCTTTCAAGATGGGTCGGGCGAGTTTTGAATCACCGTGTAGGTTCCAGCCAAGAATCATACCGAGTGATCTCGGTTATCAATACTTGGCCCTTGGCGTCTAATAACAATGGGAGGCGGAGCTCCATCAGGCCGGTTGTCACATCGAATTATCAGTCGAATGTTCTATCGCCCCATGGGAATTTCAGCACAGTCGACTCGGCGGGGGACCCCCCTCCAGCGCAGGCGGAACAAGCGCTACAGATTCAACAGGCCCACATCAGTAAATGGCCCCACAAAGTCGTCCGCCACGGATCGGAATGTGATGCAACAACGTCAGACCCTTGCCCCTGCAGCTGGACTGTTCCTCGAGCTGTCAGTACCAGAACGATTACCACGTGTTAAGTAGGACTACCTTTTAACTGGGGAACCCATGCTTATTTGCGAGTGGTGAGCACCGTCCAAGGGACTCCCTGCGAGTGAGCTCTCATTGTCGTCAGGTAGCAATCCGTCTCACTTCTGAGGCCGTCTACCGTACGGGGCAC,1871,51.31,Escherichia coli
SEQ_431608,TAGCGTAGGCACAGTACTGACCTGTGTTAAGCGCTCCCTCTAAGTTGAGCTCAGACGTAGTAGCCTGGGCTGTTGTGTAAGCAAGAGGTGGCCTTAGTCTCTCATGAGTACCCAGCCTAGCATAAACTTTCATGTATTTTCGAGGGCTCGCCCATAAACCACATGACTAAGTTTGAATTATGGAAGTCCCACGACAGCCACCGTTTTCCCGAGACAGACCGACGTGCGCACTCATGCCGGGACTCGGATTACTTGGGTTGCCCATAATCGAGGACGCACTGGTCTGCCCCCTTTTCAGGCCTAACTATGAATGATGTATTCTGGGGGGGATTCGGACCAGGGCAAAGTCGGATTAGTTTGTAGGCTCCGATCGGTCTTCTGTATTCGGGCCTCCTAGATCG,401,51.87,Homo sapiens
SEQ_612248,CGCATGACCTCTGGATGCAAAATGACACTACGTCAAGAATTCAGGAAAGTACTCTCACGTCTTTACCTGGTGCCCGAACTTTCGTTATAGCTATTTATGCTTTACGTGCTAGGTTCAAAGTCCTAGTTGTCAATAACCTCCTGTAAATCCTACTCAAGCCGGCAGATGAAGATACACCCTGGCTCCAACTGAGGAACTGCGTCTTGCCGTGTCTATTGAAGAAGTTATTAGGCAGTTGGATTTATCCTTTCTGTATTGAGTCGAGGTATCCTAGCCCAGGATAGACTACCGCCTACTTATCCTTATTCCCGGTCAGTTGGTTTTGTTCTATACGACCTCTCTTGACTATCCTGCGGCGGCCAAGCGTAATCAATCCATATGGTCTCATTTCTCGCGGATTCTAAGCTTTATGCCTTTGGGTAGCAAGTTAATACCCACTATTACCGGGACGTGAGACCGCAGGCAATTGTCACCGGGATGTTTCTTTAAAGCGGGCCTAGGCGCGCACAGATTGCTCCGTACAAGATAGCTTGAAAGGGGTTAGCACGCCGATTCTCAAAGTGTTATCCGTGGCATGACTGCGTAGACCAAGCCCCCCCCCTACAATGATCTTTGCAATGCTGGAACTTCTGCATCGTCTTGAATTTGTCAGCTCACGTCACGGGCTCTGCCTCACGCGGAGATGTTATTGAATCCGTTCGAGACATGAAATCGATGGGTGCGTAGTTGTTGTAGGCAAAAGACACCAGCAAACTGCCCATTTCTCAAGCGTATGATCGTGGCACGGCTCCTATTAGAAAAAATGCGATGAGGGAAGACTGGGGCAATAGGAGCGTTGGGTAGTCGTGGCGGAGGTCACCTAAATGGCAAGTGAGGGTTCGCCATCCGACAGGCTTTACTTCTCGCCGTCGTTCAGCTCCCTCATGGCCTATTATACCCCGCTCCGTAAGACCTGACAAGCGGAACAAAAGCCCGACTCCTTGCCAATCTCACCGAGTACCGATCTATTTAACGAATGGACAGACGGTGTTGTTCGATCCGCGTATTATTCTTCCAGTAACGACGGCTGCTCGTATAGAACCCTCATCTGAGTCCTTGGAAGAAATG,1107,48.96,Caenorhabditis elegans
SEQ_532690,CACAGCGCAGTCTATGTCGAGAGCCGGGTGGGCTGACTGGACGGTGATGACTGATCTCTGCTTGGTTACGCACCCAGTCAGAGGAAGATATGTGGCGTTATGTAACATAGACGAGCTGCGGCCCTATTACAGTGGTAAGCAAAAGTCAACGACGCTGGCCCTTGAGTGCGAGGTTCTACCGTCGCTCAGTCACTGCTCGGTGTGGTTTGTCGATTTCGTGTGGTAGTCGTAGCATCCTTTTGCACACAACTGTGTCCAAAGAGAGCCGCTAGAGAGAACTGAACAAGACATGCTGCAATAATTTGAGTGCATTGGCGATCACG,323,52.01,Mus musculus
SEQ_565849,GGAACCGATTTCCCCGAAGCATTGTGGACATTGTGTTGAAATGTTCAATCCAGTGAGGAACGAACAATATTTGAGTCTCCGACTCTCTGAGATAACCAAGTTGTTGTGTAAAACACAGAGAGGGGACAAAAGACCACCTACACAGGCGTTATGAAAACCTCTGACGCCTGTACTTTAGGCGTGGCCGACACCGCACAGCTAACGGCGGACATGTCACTGTAACAACATTGACAATTCGTCCTCTAGTCCATTGATGATTGTGTTCCGTTTGGTCCGGTGGGGGAGATCTCCACCACCAGCGGATGACAACATGACCTATGAAAGCAGCCATTCCCCCGGCGAGTGTAAGTAGCGCGATCGTCAGTCAGTTGTCGAATAGGTCTAAGGTCGCGAAGTGGTTCCTGCTTATTATCATAAACATAACTGATAATCGCAGTGGTATCAATATCGCATCGTAACGTACCGCAAGTGGTTATGCTAGAGGGAATTACGGATGGTAAATCTGCTGCCTATGTGGTTACTGCATATGCCAGGTAATGAGGTGGATCTCGCTCTAAGCCTGACCTCAACGAAAGTCGAGACCGCCCAAACCATGCCGGCATCTGTGTAACGCTCTTTCGATTGAAGTCTAACGACCTTCAGTTCGCTTCAGGCGCTTCACTGCCCAATGAGCGGGGAAAGGGTAGAACCTCGTGCTTGACATACTGGAGGTACGTAGCAAGAGAACACCGAAAGTTTGTGTTTTGCGCTTATTTGCATTGATCGAAGGGGAGAGGTTAAGACTGGCGAGACGGGCTAATTACGCAGGAGGCTACTCCTGCGAAATATCATGATTCGTGACCCAGCCATCAAAGCCAAGCTTATCCAACCGAGCGTGAAGATGTGAAGAGCTTCATAAGCCCGACACTCAGTCGCCTGCCATTAATCCGACCGATACGTTGTTACACTGTGTTTTAATAGATGTAAGAACGAGCACGCACGCACTAACACGCCCTTAATATGGATCGTGGCGTAGGTGCGAAGTTGACGTTAGACGTGCCTGGGTCCGCTGTTATCATGTGAAGTTGGATCGGCACGCAAGACGGACGAAGTAGCACTTTCTAGGCGGGCACATACAGATGCTAGCCGCTCACATCGGAGATTCTTGACACTCGGGAGCTAGACCGTTGATCG,1173,49.53,Saccharomyces cerevisiae
SEQ_906645,CCTGTTGGCATATCTAGTATGCTGCACTCTATCCTAAACTGGTTAGTCCGGTATACTACCTTAAGAAATCACCAACGGGTTAGTTGATATGCGGCTTCAAGGACTCTATTGCATCTTATCTGATATTGTCCATGCTTGTTTGTCGGGCACAGCGATCCATCTACTCTAGCATCCCAGGGGCACGCTGCAGCCAGCGTACGTATTAGATGCTACCTCCCCGAGTCTGAGGTCGCCACGCGGTCTCGTGGCCAAGGTCCAGCGTTGGATTTACATATCTCATTCGTGGCGAGAAAAACCACTCATCTTTACAAACTGTACTCCCGCAGAAGTTTAGCTCTCAGTGAGACTATGGTTCCCTTTGCTTTTTAGTTTATGGTGTATATTTCGTACTACCTGTACACATATAATTCCCTCAGCAATTCCCATTGACTACACGTGGGTTATGTAGCTAGTTAATTGGCTGGTTCAAATAAATAGCGCCAATATGCTATACGCTCGCTAGTTATTAGTTAAGGCGTGTCGGACCACCACATCAACTGGACTTAGGTAAGTGTCAAGATTATATACCTGAGGAAAAGTCCCATTGCACCCCCAAGTCTGGAATGTACATGGTTAGAGCAGCCTGCGTTTATGAATCCGCGAGGCGCCCGCGCCCGGCCCGCCGTACTAGATACTAACGGTTATGGTGAGTCCACCCGCGGCTAATCAGCATTCGGTCCTTGGATAACGTACTGAGCGGTGCGTGTAATCTACTCGCACCTGCGGTCTTTCAGTGGTATGTCGCCACTGTTACAATATCGCGTAACTCTCCCCCGCATTCCGTCGCCTATGGCACTAGGTAATGGCACTTGGCTCCAATGGACTCTTATCAGAGGGCTTCTAGCTCGAGTATCCTACTCAGAATGTTTGGCTGGTCCAAAATGTGAAGTGAAGTCGACCCCTCAGTACCCTCGGGACCGACGACTTGATGCGCTAGGTGCATAACCTATCAATCTAAAGGTCTAGGGCTTCCTGCGTTTTCCGGGCATGCAACACTATAAAGAGCCCCCTAGAAATTAGCTATGGTGCCTTTCGACCGCGTCATTACTAGCTGAGTCCTTCTTGTATGGGCCATAAAGCATGCGTGGTGATATCTATAGCTAGCACGGAAGTATGCGTGGATTCTCCTGTATACTGCGACTGGCCTTTACTCGAGAAGTCATGGGGTTATCAAGAGATGACATCAGACTTCAAGGTTTCGGCCTGCTTTACACACGCCAATCCTGAGTGCAGCCCGCTCTATGCACAGACGGAAGTAGTATCCCATACTGATGCCAGCCAGCTAATGTAGGACGCGTGAGCTTCGTGATGAAAAGTGGACGTGGTTTCTGTTAAGATCACCCCGTCCCTATAAGGGGGGATAAGTCTTGCCGAAGGCACGGTTCACATTTGCTCAAGATCCATTGACTTACATAACCATAGTCCCAGTTGGGGACCCTGGCTACTCCGCTTTCCTCCGTAGGTTTCTGTTACGTCGAAGAAAAAATGTAGAGATCCTAGGTAGGAGATATCCCCGGGTTATAGTACAACTGGCATCAGCATAGTAGGACGGCCCGCGGAGGATTGGCTATGTTAATGTTCCCACGTTACACGAACCCATGGTGTTGCGATGCCCGGTGGAATGAGCCGCATGGGCTAGTTTGAAAGTCCTACAGTTGAGCCGTGACTGCACACAATCTGGCTGTTTCCGCTACTGGCTTGCGTTACCATAGATATACTTTCTTAGGCGCCAAACCAGTCGTTCCCGGGATACCGTACATCGCATCGTGCATACGTTTACTTCATAATTTATTTACTTCTCTCTGGTGTCCTAGGCGACGACCGCGTACCCTGGTTCTACACTAGAGTTTGTAGTTCTTTTGAATCCGCGAGAAGGTGAATCCCTCGTTCCTACTTTCCGCCTGCGCTCGATGGCCCCCTTCCTAACTCCCCAATTCTGATCTGCCATGAATTTAGCGGC,1999,49.32,Drosophila melanogaster
SEQ_805145,TATGTTATGTTTCTTCGTTAGGCTGTAGCTGCGACTGTTGGGAGCAGGACGGAGGGCTGTACAACCCATTTAGGGCGTCGATGGCGGGCAACTGCCGCTAGTTAAGCAATCCTGTCGCGCTTGTCAATATACACGAATGTACAGGTCATCACCCCCCGTACGCAACGTCTCACTCACGCTGTCCGATGGCCCAATTCTCACGCTATGTATCCGGGGGCATCCGAATTGTAAGCTTTGGGACCACCGATGTAGCCGCAAACGAGTAGACGCAAACGCAGCCAGTGGAGGATAATACATCGATTGGTATAATACACCACCTGTTAAACTTTGTTTTTGTGGGGATGTCAGCTGGTAGACACAGCTAAGCCTTGGTGCCTTATAAGGTTCAACAGCTAACTCTGCCCCTGTTATTTGCAACGACGTGATCCTTTTGCGGAACCTGTCTAGTATCTTCACACGTTGCGTTACC,469,50.32,Mus musculus
SEQ_108385,TAGGGCACCATTATTCGGCGTTCAACTGAGTTCATCGTAAGTGCGTGCGGAGGGGCTGCTCACCTGAAAAGACTCATGATGCCAACCTCCTTCCAAGTCGAAAATGCAGTCCTAGCGGGAGAATCTGTCATACCTCATAAGTAGGACAAACAAAAGAGGTTATCAAATTAACGTAGCTTCTTTGTAGATTAGTGCGGACAAGTGCGCGGTATGGCAATTCTATGCCAATTTAAGCTTAATTACATATGTAGTGGGTTATAATGCCGCGTCGTCGAATCTAAAGGAAAATATTTTTACGCGATGTAGTTGAGGGATGTTTAAGCGCAGGCGACACGTCAAGCCAAGCCGGAGTGCGGCAACCAAAACGATGAACCGTTTATGCCTCGAGTTGTCTCGGGTCCGCTGTGCACATCGGGTAGGTATGTCACGGACCAAGCACGAAATTGGCAAAAAAGGTTGTTAGTGAACGTACCAAGCAGTGTTGGCCCACATCTCTTTTACAATTACATCGGTTGTTCGTGTGATGGTTTACTCTACAAGTGTGACTCCCAAATCTAGACTTGATTAATGCCGAAGGAGGGCCGTTGCGGTCTCACAATGCATGTATGAGAGATCAAGCGTTTGGGTTTGGCCTGAACCAAGCAGTAGTGTGAATTCGATTTGAGTTTATGGTAGTTACAATTCCATATCGCAGGCTCGGTTGTGACATATACACACCCATAGCCGTATCCAGCTTGCTTTCGGCTACCTAAAAATCCCCTTGGGATTAGGATACACTAG,780,46.03,Drosophila melanogaster
SEQ_677552,AACCACCGTCTTTCGGAGCAGCTTGGCCTGCTAACTTCGGCTGTTCTGACAACGTATAGGTCCCAAGAGAATGCGTCATCGTGACTCCGAAAGGAAGCGCAGCGCGGAACCATAGTTAATGATCAGGGTGAAGGATCATTCCCCACGTCGGTTCGGAAATACTAACACGACGGCATAATCGCTTTCCAGTGCAGTAGTAAAGCCCAGATGCCAGAACTACCAAGAGTTTCAAAACGCCATTTAATTATCCTTATTACATTGTAATGCTGGCATAAGCCTGTCAACGATCCGCACGTCTAGT,301,48.17,Mus musculus
SEQ_534755,TGGGATTGAGAAGGGGGCACCCTTATCTCAACCCTTGATACACAGGGGGGCTGAAGTGGAAAGCGTGAGGAAAATCCGTTTGCTTTAACAGGGATTACCTTTGTACAGACGCACATGTTCTAAGAACATCTGCGAAGGACAGTACGTCTACTAGAAGATAGTTTCCGCTACCCTATGGGCCATGTAGCAGAAGTCCGCTATCAATAGAAATAACACTACGTCACCGGGAACGGGGGCCGATGTAGGTCCCGCAGCAATTGGCCGACCATACCGCACGGCTCGTTACCCGTGTGGGCAGGTGATATGTATAACGACCTGCCTACGTAGATCGCGTTTGGCTCAGTGCCAGCGAATTACCCTAGTTCAGTCTGACGTTTTCGTTGCAGCCGCACATTCTAAAACCTACTTATCACGCATCGCAGTGGCTCATAGAACGAGTCAGTGCATGTGTTAGCCAAACAGAACCTGTCAAAGCTCAGCAGTATGCTTGAGCTGACCGCATTTCTGCTGAACTATCTATGCGTTACTTGGTCGGGGGAGGCACCAGGTTAATGTCATCGCTCATGCGCTGATTTCCAATTCAGAGCGGAGTTGAAGAACACGTCCGGTTGGTTTGGCGTAAACGTTGTCTCAGTTCTTCCGGGAATAAACCCTTCCATTTTCCAAGATCCCTTCTTATTATCAAGGAATTCGGGAGACAGCACAGAGTTAAAGGTGCAATATAATAAGACGTCACAGAAGTTCGTATGATGCAACCTCACTGTTGAGTCATACGAAGGCGTGGTAGCCCAACAAGATAGCGATAATATCCCGCAGATGCTAATGATGTTAGTTAAAAGTCGTAAAAACACGCATGTGCGCGTTAGAAGTCGATTTGGAAGAGAAGGGGACAAGATCATCGGGGTTGTGACTACGGGTCACAGATCCTCAATCAAGAGGGGCTACCGTTCGCTGGATTTTGATACCCCACCATTAGAGGCCACTGCGAATAGCAGTGGGCTCACCAAAAGGAACTTTTTCGCCGTCTAGTGGCTGAATATGGATTTGAACTATAGATGTGGTGCTACAATTCCTTTTCGGGTCTTCATGTCGGGTCCCCCTAGTCCGTCAGGTACATCCCGAGTGATACTTACGAAGTTCATCTCGGCTACTCGAAATTGATGTGACCCTTGATGTTACCACGCAAAATGGAATAAGGGTAGAGAGTTTTTAAACGAACCGAAGGATCGTTACGGGGGCCATATGAAAGCATCACACGGCGTAAGGGACAGCACACTGCTCCGTTGGGTGAACCTGGACATCGTCCTTACTACGGCCCGCGGATACCTTGGGTTGCTAGAGGATTCTGCGGTACAAAAGAGGCAGGTGAGTCATAAGAAATGTGATGTGACTGCTCAGCACCTCATTTATCCACTGCTTGTTCGGCACTACGTCGAAGTGGTTCAGTGTTGCTGGACTACGGTGCCACTAACGTGGTCTCCCGATAAAGCGGTCTGTTAGTTGCGACAGTCTGCTGTCAGATTGAGTATTTCCTCTGTCCAAGGGGCAAGTTATCTTAGACCCACATACTAGGGATGCCCGCGTAAGGAGTCTAGGGATGGTAATGGCTCTTGGGGCAATGCTCAGGGCCCACGGCTACCTCTACCCCAACCTTAGGATGTGTACAACGTTAAACCCTGTTCATATTACCAAGCGTGTTTCTACCAGGCCTTCTGTATCCTCCAGACGCCAGCCCGTGTTGAGCACGGGTTAGGTCAAAATGAGTTCTCAAACCTTACATAATGTTAAGCGCCTTACTAATTACTGCCGGTCATCAGAATGTGAGTATACCCGCTGATCTTCAAACAAGCTGG,1853,48.95,Drosophila melanogaster
SEQ_440837,GATACTGCCCGCTGACGATACCACTCCCCTAATGGTGGCCCAGTAGGACATGACACGCACTGGAGGAAGCGGCGCCAAGAGTCCTAAGAATCCCAGTTTATCTTGCCGCTATCGGGTGTTCGACAGCGTAACGACAGCAAGGCCCCCTATGGAGGCGTCAGCCCCGTTCTAGACAATGTGAGGGAGACTAATCTGTCATGAAAATATCGCTCAGATAAAGTCATCTTATACTGCATTGAAAAGACGACGTAGTACGTTATGGGAATGACACTTCACTCGTGTGTCCAAACTCCGCTAGCGATTTTAAAGGAGAAGCGGTACATTTCGCAGCCAACTAGCATTGAATTGTAATGTGTGAAAGAACCTGCACCGTCGCATCGGGGGCCAAACCGCGAAGTCTTGGCCCCTCCACAGATGATGACTTCGCGGTCATGCGCATAGTGATCCCCACAGAAGTGCGCCTAAGAACAATGGGGATCGTGGCTGGGGATGACATGACGCGGTCAGGACGATGGGTCAGATTCGGTGAAGGGTACCGGTGTGCGTCTTCGTGTCATTGCCATATGCCGGCTGCACGTTCTTTCTAGTGATCAGCTCTCTAATACTCAAGTCCTCATGTTGCCGATACAGGAACAGAGGGGACCTATCGGAATTCGAGCTGACCATCTGGACATTAGCGACACTAACAAGGACGGGCCAAAGTATTATCTCCCATTGTTAACGCCCCGGCTGTACTTCATTTATAGTGACTGGAGATTCTGGTACAATCGCGAAACGACTTAGGCTTGCGCCCAGCAATCCTGAATTCCAAAAGACTGAGGAGGAGGACTAAGCCCCCACTCCCCCATATGCTCCTGGAATTAGATTCCGTTTACACCCTCGAAGTAGATCAGTCCAATATTCTGTGCGCACTGGATAGGTGCTATCTCACCAAGGTCTCAGTGGCGATAGCCCTGACATCCTCAACTTCACACTAAAGACGGGCAGGCCCCCATTGTCGGCCCATCGATATGTTAGTTTGGCACTCTACGTCCGTGATCGCACGCTGAAAATCGCGTCGCGAGGGACGCCAATAAACCCATTTAGGATCTCTGTACGCAGCCAAGACAAAACGCATTAACGCGAAACTAGCGCCGACTGCTCGCTGAGCTTTGTGCGACAACCCCCATGTCGTAGCATATGGATTGGCCCTCTATCATCGGCACGACCTGAACTGAAGCATTGAAAGGAGGGCAGGATTAACCGTGGGCTTGCCAGGCCGTGATGTGAGACTCATCTACGAGCATACAACGCAGTTTTGTACTGTAGACTCTGATGATTCATGTGACGCAAGACGCTATTATTCATATGAGAAAGGATGTGACTGATATAGTTAGACTTAGTACAACCCATGGAACACCTCAGACTGTAGTATTATGGCGTTGAGATGCTTCGATAATGCCCCCTCAGAACGACCGTCGCCAAATCGAACTGAAAGTGCTCTGCTCAGGATAAAGAGGCTAGGGAGTTTCCGTGTCTTAGGCGATATATGAATTCATGATTTATACGAAAAGAATTTGCGTCCATGTGACTTTAAGTCGAGAGGTAGTCGGACGCCGACCTACAGTTGTAAAGAACGTCCTTTATACTCCGTATACATCGGGTAGTTTAGACTATTTATGTACCATGTGGGACCCAAGAATTCACTAATCAGCTCTTGATCGTAACTGTGCGTTGACACCCCTTTATTGCACAGGTAGGAAACGACGACTCGGATGAACAAAGCAATGAAGCGAATCCG,1780,49.49,Drosophila melanogaster
SEQ_650266,GTTTTGGAAATCAATACTCGTGGGGCTAAACACTAAGGGTGATGACTGAAATTAGCGGGCTTCTGACATGAGCCCGGATGTAACTATTACCGGCCTTAGCGATAGGATGTATTGGGTGGCTCATCTGATTGATACCAGTACACCGAATGATCACACTCCTCGCGAGGTTAACTGGATCCAAAGAATTCCGGACCTGTTCCGGGTAGATCAGAATGCCCTATGGGTACGCAGGTTGTGCAAAGCACCTCTGTACGAGTGCGACAGCATTATTGGAAGATCCACGTCCGCGCGATCAACCTATCGTATGAATAACCTAGCGCTTCGCAAGGCGTTACCCTGGTCTATTGCATGTGGGTGGTATTGCATAGTTAAACGATAGGAGTACGTCTCGACGCGGTGATCTAATCTAGTGCCCATTGCCGTGAGGATTACTCGTACACACTGTTCTGACCGGTATGTGGTGCATAATTAGTGGATCATGCTTCTCGAGATGCGTTGTTTAAAGGCCAGCGGCTTCAATGTATGTAGTACGGCCGCGCCGACAATCTGACGTGATACTACCCGCAACCTCGTCAATAGTAGCTGGAGTACCTTTAGAAAGAAGAGATCTAAGCAAAACTCCGCTGAACATAGTACGAGCTGGAATTGGCGACAAACTTGGCGTGTCTATTAACGCCCCTCCTGCATAGTGTGTAATAAACAAACCTTACCTTGT,715,48.11,Caenorhabditis elegans
SEQ_810698,ACCCGAAAGGGCCCATCCCCGCAGGGTCCGCCAGCTAAGACATTCAGATCGCTAAGATCCACTATATCACTTTCGGACCACAGATACCATGGTCGTTAAAAAGGGGGAACATCGGATTTCGCCACTGGCTATCCGTATAACATCAGTCATATGATCGATACCTCCCCGATCATACATTGAGCAGTCGGTGACCAACGGTATCATCGGTTTGTTCCTTCAGTCTTCGCTGCTTCTCGGCCAAGGAAACCACTAGAGGTTTAGTATCGCTTAGAATGGTTAGGGAATATAGGGCGCTCGGAAAGCTCGTGCCTTGGGCGGACTCACATGCAATCACCAGGAGTGGTTGGGAGCCGAATCGAGGTATAAACGGCTGGCATCTCTGCCTTGGGGTTGATCCTACGATCTCTGATGGTGTACTTCCGAAAACGACCGACTGGCACCAGATGTGGACTAGTCGGCGTGCGAGCCTTATCAAGTACCTAAGGGACTCTCTGAAAACTAAATAACCCAACTTGGACATCGCAGAGGGGGTTCTGTAACGATACCGCAACCGATCCGTATTCCGAAGCATCTTGAGTAATCCTGAAAAGCGAAACTTCTCATCGTACACGACACAAAATGCGGCCCCGTCGCAGACAAAAAAGAAACGATAAACTACTTGGCAGCACTTGAAATCTAGGTTTCGATCTGCATTATTCATGCGTAAGATCGCGTTTAGTTGTTGCGTGAGGCTGTAGAAATACGTACGTGAGGGCCAATCGTAGTTATGAGCGAGGCTCTACCCCGCTAGGTTGGTTCAGTTGTTGTCGGTTCTTCCCAAGCCCGACAAGACTCAGCAATCGATATCAACGACCATTTAGCGATTCGGGGGAGCCTCAGCTGGTGCGGAACAACGTGCAGTTCATTGATGCCCATTGGCGTGCATATCCTAGATCTGCTCATGTGAGGGATTGAAAGGTCTATAACCAAGCACTTCATCTCATCCTTCCGCCCCGCGGCATGCAGAGCAGCCATCCCGGGCGTGTTCGCGAGGGCGGAAACCTGCGCCACAATCAGTGCACTTCCTCCGGAGAGTTGAGTCGTAGCGACCGGATGAAATTGCGTCCAAGCGGAGCCACGGGCTCGGGCAAATTTGGTCCCGTTAACCATTAGTACCCCATCGCAGATTGCTACTGGCGTAATTAGTATGGGGTTCGTCCAAACTCCTGCCATGAGTTGGGGGCTCTATGCCATAAAACAATAGTACCGCTGGGGGCGGCATTATGTCCACTGCGAAGAACCCCCGTCTTTACTGGTTCTAGAACGGTCCACGCCCGGATTGAGCTGCTACCAGGGAGAATTGACTGCAGGTTTACGTCTGGCTCTTTCGACTTTATTCCATCTATGGCG,1389,51.55,Arabidopsis thaliana
SEQ_926209,AATCGAAGTGGGGTACAGGCCTTCTCTATTCGAGGACGCCCCACCAGCCACCGAACGTAAATGCTTTGGATATAACGCTGCTGATCATTCGTGAGAGACAAATATATCACTATGCGGTAAAATTACTGTGGCACCTAGAAGTGCTATATTTGCATAATGTACTCCAGAAACCCAGTAGTCGCGAACAGCTGTGCGCCAGACAAGTGTAGTCCTGAACAACAGCGCTTAGGTGGACCGAGCTGTTCTTCGGCTCACTGATCGCGTATATTCGTACCAATCGGCGGATGACGGTCCTAAGAGATGCGGTGAAAGAAGAATGTGACCACAGCCATCCCAACGTTCGCTTACAACTAGGGGCATGGTGGACAATGTGAAAGCGGATGATTGCGGTTTCTAGGCATGGTAAATGTTCCTTACAAACCGTGCGGGTTCACTCAGTTACGGGATGCGATCCCAGTATGTTGGAATGCTGCGATTCCGGCTGAATAGACGTTGGTAGCATATCGGTTGATGGCTCTAGGAGTGCCTATTTTTATGTCCGACCTATGCCGCGACTAGGTTATTTACCCAACTTGTTAAGTGAACAGGCGGGGGTTCTCATACATTGATTCGGGAGTGTCCGGGCTAGTATATGGACAAGGTACGAAACCGACTAGCATGTTTCAAGCGGACGCGTACACATGAGATCGTTACCCGGGTCGACTAATCGCAACCTCGTACACTATAAGAGCTGTTGGCTACAGCGAATAGCTACCTCTTCCATTTGGACTTCGCCATTTACCGTCGCGACACGAACCCTTGTTAGGGTATATGAGTTTTGTCCGCATATTTGATTCGGACTGGCGTGCTATTAACTTTGTCAAATAACAAAAACAAACCGTATGCCATTCGGGATGTTTAACTGCTTAGCAATAAAATAGAGGTACGAATGCGATACAAACAGACTGATATCAGCTCCTGCCACTGGTTCCCCATCGATCGCCAATTTCCTCGGATCGAGCTGACCGCGATGAGACCTGGACCCTCTTAACCTCTTGGCCAATGTCTTGACCGTGATGGGATACTGCCAAACCTATTACTCATGAGCGACCCACAGTTCGCGACATCCCCGCTAATTTCATAACTCATCCCTTAAGGCACTTGGTAGTAACAGGAACTATGTGGCACATGACTCTGCTAGACTAGTACTGATAATGAAGCTGCCACACTCCTGCTTAGAGAACGATAGAAATAGAGCGGGCTCTCCACATATGCCAGTCTCCTTGTCCAGTGTTAAGGGCGCATCCAGGCCTGGCTCATGGTACAACTTAGAACCGAACGAATAAATTGAGCTGCAATAGTAGAATATCTAGACGCGTGACAGGAAAGAACCAGGAAGGGCCCACTCGGCACCATATTGGCATAATATGAATCTTTTCGCGGAGCAGGATAACACTCAGCACGCTGTGAAAAGTACAATGACCGCGTCGATTGTGCGTATTGAGCGGGCGCTCTAGAGTACAGGCTATTCCCAGGACCTTACGCGAAATACTGGCGACCCCAGGCATCTCTCCTCTTGTTTGTGATCGCTTATCCATATATTTGACCCGTCGAACAGAGTTTGGAGGCTATGTTCGTACGTGCGCTACACATCCCAGTGCTATTGTACCTCTCTAAGGCATTCTTATAAATTGCAGGGCGCCATGTCTTATTGCGGAGCAATTCGGTAAACACGGTCCATAATATAAAACGAGACCATCACTGCATAAGCGATAGAGGAGCTGGGGTCTTCAGTGTCTTGATGCTATTTATTAACTCTTTTTATTCTATAACAGACCGGCCTACTGGCTTGCGAGTTGGGGCCAACCCGGCAGTAAAGTCTGGACTGACCTTATGCGTCATGCGATGAA,1889,48.07,Caenorhabditis elegans
SEQ_877254,ATTTCTCCGGATACCTCAAACTGGTAACGCTCGGCCGAGTCACTCCTGGGACCAGGTCAGTTCATCCTGTGCAGTGCTGACACACGTACCGCGCACCGGTGTTCTTGTCAAGGTAGCTCCGAATCCTCTCCTGACAGCAAGGACGGTTCGGACACACCCCATAGGCATCATGGCAATACGGCACCCACGCACTTGCAGTAATCCCCCCTTCTGGCCGTGACGTGGGCAGGTTACCGTGAACAGAGCGGCCGTGCGGGGCACAATCGCAGGGAGATGCTGCATTGAGTACTGACCGCTTCTAATACCTTAGACCCATGTCGCGCCCAGTCGTTATCATCTGTACTCTGGTCCCTGTCACTGGGAAAAAGGGGTTCTTGCGGTCTATCCGACCTCTGACGACGGGGCGAACAGCATACGGTCGTTATAGGAGCCAGGTTTCGGTGAAAAGCCACGATCGACTCTCTCCCCGGCAACAAAGGGGCCCAAAGAATTTTCTTGCTGCGGTGTTCATCATCGTCATTTCTCATGGCGATG,534,55.99,Mus musculus
SEQ_371639,ATAAATCCTAAGTTCCGAGAAAGGGCCCATGCATTCTAGCTATCGGGCGATTTGCCTATTGGAGCAGTGTACGGTCGGCATTAAAACTCAGGTTAAGCGATTAACAACTTCGTTACCGGAAGCGGATTGGTGTATATGCGTCCCTGAGGGCACGCACAGCGCTAAGTTCATCTAAGAGAATACGACGCCACTGGCGCAACCCGCGTTTTATTATACAAGCTGTCCAATACTTGTGATTCCAAATTGAGTCAGAAGTGGACCTCACGATTGATGGCCGGTGTGCCCCACACGGATGCGCTCACGTCGCAACGGTCCAACTCCTTCAACTCCTCCAACCAGTCTCCAGCGAATTCTTGGCTGGATTAATTACTGAGGCTGTTAGATAGGTCGAGGAGTTGGCTCCGCCATCTATCTCAGCGGATGCTGAATAAAGTCTGATCTTTTAGGGACATCTGACAACAGACGGTGGCCGAGATGTGTAATCGAGACGTGTGGTTCTCCGCGCAATGGCAGAACGTAGCGGCGGACTTACAACTGACGGCGTTCGCTCTGTTTACGGTACTAAGGGGCGGAGAGCACCACGGATGTCAGGAGACGGACGATGTCCCTCTGCACGTGCTACCAGTTCGCGCTTCAACCCCACCCAACCGCTGCTAAGCGCACCATACCTTGTCCAACTTGTATCCCATCGCTCGTTAGGACCATCTACGCCTTCCTGTGCTCGACGTTAATCCGAGGAAACCCAATAGGAAATAGCTACTATAGGAACGACCGGCCGCACGCGCTAGGGTTTCGCGTTACATAATTCCGGATTCCACGGGAGTCATTCGAAACAATTACGCATTTAGTAGTGGGGTACGTAATTACAACATATGCAGTCATCTGGGCATAAGGCGTTCATGGAAGAAGCAGCGGC,916,51.53,Saccharomyces cerevisiae
SEQ_463745,CACGGTCTGTGGGTCAATATCATCGCCCATCTTCTGCAGCGCTGAACTGGAAAAGGCTAGTGGAGGTTGGGCAAGTTCTCGTAGCCTCATACAGAGGTATTATCACAGAACTCGGTCGCTTTACGCCAATGACTTGGGCGCGTAGATTGGCTCGGCATGGAAGCGCAGCTGTCTAGGGGTCAGATGCAAGACTACGGTGCTGTTCCTGTTATCCTTTCGTGTTTGCTAATCCATGCCGCCTCGGCACCAGTGTTCTGGCAGTCTTTACTTCCTTTCCATCATAGTTAACGAATGTATGAAATTGGGGTATATAAATGAGACTCGCCAGGCGGGGACTTATACCCGACAAAGCCCAGTTACACAGCTATTCGCGAGTATGCATCGAATTGGATACTATAAGGAGATCAGATAATGAAGCCGGAATTCCAAGTCGGAGGACCCAACAGAGCGTGACTGACTTTGCTAGGTTTTGACGCTACGATTCTGACTCGAAGCTAGTGGCCTAATGGTAACATCGCGTTCTCGGGATGGGTCTTCGTAAGTCTGCCGACATATGTTGTGAAAGTATTAGGACTTAGCACTGAGCAACCACCCAGAGACGGGCCTCAACAGCACATGTTCCCGGCAGAGGTTTGTCCTCTGCGAACGGACTTCTAAGGCGGTCACAGCAAGGCTGACTCCGTTCGCCCCTGTAAACGCCGTCCTACCAGGTGAGTCTCGGTAATACTACGCTTAACAAAAGTAATGGTCGGGCACCCACGGGTTTGAGTTGCGCCACAATCTCGGCTGCATGACCAAGAATGTCTCTCATGAGATGTCGCATAAGCCAGCACAAGGACCTTACAAGTCAGCTGGACTAATTACCTCGGAATGACCGGAGAGGAGATGATAGTGTATACTTAACGCGAAAGATTTACCCGATAGTTGACGCGCGAATGCGACCATCGGTTCAGGTCGCCTCACTATGGAGAACCAGAGAAACACCTTGTACCC,993,50.55,Drosophila melanogaster
SEQ_374297,GCATGCTGGCAGCTAACGCATTCACCCGGAAACAGGGCGACCTGCGAGGGATATTACTTGTGGCAGGCATGGGCCCCATGAGTATGCTTCTGATACTTTCAAGTGTCAGCCAGCACTGAAGTTGGCTCCGACACCCGGTCATTATAGCAGAAAGTAGCGTGTTTGTTCGATCGTTTTACTGGCGAGCTTGTGATCCGCTCGGCAATGTACGCGACCTGAGGTGTCGTCGGCTGAT,235,54.04,Arabidopsis thaliana
SEQ_309427,CGGTCTCCTGCTCGTTAGCTCCACGTAAGCTGGACCCTGTCGCATACGAGAGTAGGTATGTCTCCCTTAGAGAAGTCAGCGGACTTTGTTCGTGCAACACCGGATCGTTAAGTTCTACTAGACCTCATCCATTTGGCGCTCGTCGTGTTATCAGAGGTGACATCACGATGTAAGACTGGGTTCTACGTCATTCCTTCAAGCGCCTGTGCTTCTAGTCTTCAAGAAGTTGGAAGAGATACCGTGGCCGTATCACGCCATTGA,261,50.57,Drosophila melanogaster
SEQ_732661,GGGGTACCCTCCTTAATTTTGTGTGCATAATGGTGCAATCCTGTCTAACTTAGCATCAAGTACCAGTCAGAGCCTTTATCATTGTGCTTGACCTCGGGGATTTGACGTAAATTGCAATCATATATGGTGTCGTGATATTTGTGAGTGAAGGCTGCTTAGACGTGGCAATTAGCTGCCACGAGTCCCATCCCTGATACGCGCTTGGAGTTAGGCGAGAGTACGTCGCGGTTAGTTCCGCTCTAGTTATTTCG,251,47.01,Mus musculus
SEQ_303588,TGAATCGAGATAGAGGCGTCGTCAGCAGCTTTTTACTGACCCCGCTGGTCCATGCCTTCTCTGCTCCTCATTGTCACAAACCTGGGCGTACTAGATCTTAGCGGTATCGGACCGCAAATTGAGCCTTTGAAAGCGTTTTATTAGCGGCTTTTATTGTGAACGGACATGGCCAGTGCCAAGAGTAGTGGTTACAGCTACGGCTACACAGCAGCCTCCAAGCATTTCAAAAAAATGGCTCGATGTATCCAGGCTCCGTCACCGAGCCCTAAAGATCGTGAATACATTAAATGCGCCGAATCTGGTAAGTATACCTCGGCCTGACCCCGACGGCGGTCAGCTGCGCTCCCGTTGTCATGGTAAGGGTAGCGCCCTTGTTTACCTGCACTTCAAGGCTACCACGATGAGCGACGTTGAACATACCCTCTAAACAAGGGTGACTGATCAGACTCGTGTATGAATCCTACGTACGACTAATTTTGAGACGACCCATACAATTAAATACGGCGCTTGGTTTAGGCGTCTCCTAATCGTTCAAAATATTTAACCGACTAGACACTTTACGACGGGGTCGAGGCCAAATCTCGAGTTTCCAGGCCCTCTGGCACCTGCTCCAGGGGTTCCGCGTACCGGAGGAGAATTTCTTATGGTCATTAATTGGGACTTTTGTCGGGAGTTATGCCTACGCGCTTTCCGGTGTCTCACGCTCGAAGATGGTATCGCCGAGTTCCATTTTACAGTATCAATGGGGATCCCACGCTAAGCACTAGGCAGTGTGATAAACCGCTGAGTTGCGGCAGTATTACAAGGGTCATGATATTAAATTGCCTGAGTTCTTTACGAGGGACAGACCTTCGGGTTATTCCCGGAATTCGACATTATCTCAAATTATGGGCCCTTGAGTCCGCTTCTTAAGTCTATGGCCATATTTTTCACAACTTAAGCGCAGTCTCTAGCGACCCCCCTCCAAATAGATTTAAGAACGGTGTACTGATCAGACACTGTCTGTACTTCGTGCCGGGATGAGACACCTCCTACAAAAAAGTGTCCAGTACCGCACGGGACCCGGCACCCCCTTCTCTCTGCATGTTTGAGTATATTGCCTCTCTGTCTGTCCCTACAGATAACTGGTGTCTGCATAACTTCGAATTGGAAGATATACACGTGGCAATCTATCACTGGCCCCACTACCACTTGGGTATCATTTAAGACTTCTCACTGACTTCCAGGAGTATTCAGAGCAGGAAGTCGTGAGTCTAATACAGTGGATACGCCCTACCAGGATCGTGCCGAACGTGCTAGTGTGCCAACAGTCACATCCAAGCTTACAGCCCTGCGCGGTTGTCGACCTCGTCCGAACGCACATAAGATTGGGTCTCAATATCGACTTACCCGCAGCCCCTAACGTGGAACGACCGGTGTACCGTTCCACAAATAAGAATTGGTACTTTTTGCCGGGGGTGTCTCGCACATTTGAGACTTACCGCTTGACGCGGATATTCCGATACGGAGAATCTATCCAACCTATTCCCCAAGAGTTGGATAACGCGCATGCCATCGTAACCTTGGCAATCTGGCCTGAGGCCTTAAATTCCACTTGGTAAGAGATCCTACAGAAGCGCGAATTACACGACAGATCGGTAGCCCAGGAGTATGCAACAATCGGGGGGAAGCGAAGCTCAAGCCCGTCATAACTAGACTTCACCGGAATTCAGGTGGTGTGTGATCACTAG,1730,49.65,Drosophila melanogaster
SEQ_356196,GAGTTTATCAGGTATAACATATTACCATCATCAACATTAGCCCTTTTAAAGACCGGAGAGTCTGAGAGACTTGACTTATATTGGTTCA,88,36.36,Escherichia coli
SEQ_766133,CTCTTACATCGTACCTTGCATGGGGGTTCTTGCAAGAGGCAAAGCTCCTGGTGCCCATCCCGAGGAGGAGTAGGTCTCGGCCAAACGCGCGGGTTTCTTCCAACGGTTATGCCGACTCGCTCATCGGCTACAGGGCACTGAGCGGGAGGGTACGCGTGGCCATGGCTAAAACGCTCTTGTTTGTCTAGAGGCACGTGCATGGCCCCACCAGTATTGTGATGTGCCCAAGGCGAGGCTGTTTCTTTGTAAATCCGGTCAAGTTTGAAGGACGGCTATATGCATCCGC,286,56.29,Drosophila melanogaster
SEQ_296934,CATAGCTTTTTCCGGTTATCGGCTCGAGTTGGCTATCGACGAACCATTCGCCCTTACCTAGATATACATAACGAGCACTGAGAGCTTTTTACACTCAGTCCGAAACTTTCTATGAGAATTAGCCATAACGACGGCACTCCTTAAATGGCGGTCTCGAAGTTTGCTCCCAAGTAATGCCTGCATGGCGATGATGAACGTTGAGTCCGGGTATGGCCCCCAGAGCCTCCCAGAACCCGATCCTGCGAGAATTATCGGGGTGCCTAATTCGGGTTCCACTCGGCTGTTGCGAATCGGAATGCTACTATGACTACACGACCAGACGTTCTGATGGACGCTCGGAACGCCGGAGAATCGTAGAATTTGAAGGGATTGGCGTTTCGGCTCGGCACGTGTACGACCACAGGTTTCGAGCGACAACACCAAACCACACGTACTGACTCGTGCTGATGTTGACAAGCAACTTAAATCTCACCTTTCCCATCGATCCAAGTACGTTAGTTGGACGCGTAGAGGCCTAATCCTAGACCCCAGTGGTGCAGTGCCCTGACTCAGTGTGAACAGGGCGCTGCCGGGAGTACACCCCCCCTCCCAGGGGTGGCGACGCCTTGGGTTTCCCCTCCTTCCCGCGGTCACATTGATAGTCTTGTGCGATGAACAAAGCTAGCATGAGTGGGCTGTCATGTGAGGCATGAAGGCCGAAGTTGTATGACGTACCCGTAGGGCCAATAGTTCACGAGTTGCCCTACCGTGGATATAGCCTCGTATTTAATCAATCTTAGGCTGAAGGGATCATATACAGATCCTCTAAAAAATCGGTGGCACAACGAAGTTCGCAATATTTACTAACACAAGGTACCTGGGCAGTTCTGGCTTTAACATTTGCTTTCGGTCCTACTAAGTACGAAAGATCCTGCTCCCTTATCTCGGTTTTCGGTACGGAAGCCGCTGGTGGTACGGTCGTAGAGAGAACAGTCTACGGTGACCGGATATTAAACTTACTAGTACGTCCTACCCAACGGCGCCGGCTAGTCGCCCCAGAGTTGGTCGGATAGTATTGAGAACCTGTTGATCGGCCGGCCGGCTGCGGCTTTCGGGAACTACACTAAGGCAAGCCTGAACTACTCGGCTGATCCTTCCCGCCGTGCTGGGAGGGTTCGCGAGTATGTAAGCGTTTCTTTAGTGCGAATCCACAAAGATATTTGAGGTTGCAATATGGGATAAAGCAATTAGCTAACGGGACCAGCCACCAGGAACGTGCATGCTTTTTCAAGCAGAATAACAGTGAACCTAGTACTAGTCTAGGCCCTATCTGTAGCTATAGTTCAGATGAATGTCTTTGGAACATCCTCCGTGAAGAATGCCGAACTGTCCGTGTTCGTGCCATTTCTGGGATCAACCGGGCGGGAATTCGTGGCCCTTTCGCTTTGCCACGCCGTGCGATCCTAGCGCAACCGGCAACATGACAAGTCCACCTCGCTGAAGTTTTAATTTAACATTTATTCGGCCTTATGTTGCTGATCCCGAGGGGCCTGCGGTCTACTAGTCAGAGGGAGCCTGTCGCTTGCTCCCCTTGCGC,1576,51.65,Saccharomyces cerevisiae
SEQ_737453,AAAGCTTAAAATAGGTGATAACCGACTAATAGGCCCGACATTCGTCGATTCCTACGTGTTTAAGCAGCACTCGGTTTCTTCAACTCATTGAATCGCCCACGGCTTTGCTCATATCTACTCAGCCGTCTTCTCAGTGCATCATAGGGAGGTGCCAACCGCAAGTGAGGCAGAGCTTCTTATAGCCACTAGCACCTACAAAACTGTTAGGACCATGTCATTACCGCTTGCGTTGCAGCATCCTTGCAGCCACTTTCAATGGCGATCGGTTCATCCTCTAATCCTGTGTTCTCGCACTAGGCGGCTACGCTCTTACTCGTTCCTGTAGTCGGGGCATGACGAATTAGGTCGGCTACGTTAGCGAGCTCGAGGCAATCTTGTTCTTAGTGCTTCGCGCCCCAGTTCGCTCCACTCGCCGAGGGGTAAGGCGCTATACAGGGAATTTCATATACGGTAGCGATCCTGTGTCCCCACTCGCTTTAGGGCTAACCTGCACGATCTAGTATAACTCACAGCATCTAGCGCGCTATGATTCTACTTGCCTGCAGGAGAGGCCGATTGCCGGATATTTGCGTAGGCGGGGTTCACTTTAAGCCAATATGGAGGCGTGTCACGCAGCAATGCTCTCCACAACATTACTGGCTAGATGACCTATAGGTGCCTATGATGTGAAAGTCTAAGCCCAAACGCGTTAATTAAGAAATCAGGCAACACGAGGGAGTAAGTTACTTGCCACATCCCAGGGTTCCGTCGGAGTTCAGAGTGTTGGCAACGAAGAAGGGAGAATACCGATTTGGAGTAGCTGTTATTACACGTCGGGCTACGCAGCTGATAGATGCCACGCTACGCGCTGGCCCGGACCCCGGTTTCAGCCGCAAGGGGGCCCCAATTAGCAACTGCGTGGGCGCTATCGTTCACAAGCAAGGCTGCACTACGTCACGATCAGCGTGAGTTGCGCCTTTCTGACAGCCATCGCAACTAGTCTCATACATGGCCACGTTGGGCACAGAGTACGCGTCATCGAAGTTACACAACTTCCACGCTTTGGGTATTATAGTGGCCATCAGCCGTGTACTGCCCACTCGACACCCGCCCTAGAAACCTGCGGGATGCTGGCTCCATCATATCATCGTGGGATCACACGTGACCTTCATCAGCAGTTAGGGATGCGTATAGAGACCTTATCGCGGGTAATCACCTGTATTTCGCCGGAACCTAGTTAGGGCTGGGACCCCCTTGAGTGGCATAACCGGTCTCCTCAAGAGGAGGTGGATCCTTGAACTGCTTCTCTCTAACAGGGATTAAGGTCCTGTGGCGTTATTCCCCATTTGGGCCATTTGAGCGTCCAAATACAGTAAACTAGACCTCACACCGAAACACCAGCAGGTGTACCTTTTCGGCGTATGGTCGTATATCTATCTCAAATTACAACCGCTGTTCCGTCGATGTGGTCAGAAAACGACGTGAATCCCGATCCCAGGTTGAATCACTCCCGTGGTCAGGTGGCTTGCCCTTATTCTAACATACGCGAAGCGGGGCTGTACGTTTCAGCATGTTTAGATTGCTATTGCAGTATAAGCCCACAGTCACCAACGCCAGCCGATGTCACAAGCGCGGTGGCGATATCGCCCGATGCCTAGCCTGCCACGCAGTTTCTCGAGCGTACATCAGGGAATCGTCAAAACGGCAGTTCTACAGCACAGTAGAGAAACCCAAAGAACTACCATCTGTATACTACCATGGTGTAGTGACAGAGCAATGCCAAGAGCATTCACGCGCAATCCCCCTTAATGCCTCCTAAAGGCCGACAAGATGCAGAGGAAATATACAACGTGGCGTAGCATGTTCTGGGATAGGCCCTAGGCAAGGTTGAAAAGTGGACCAAAGAAT,1887,51.56,Arabidopsis thaliana
SEQ_470049,CATCGTCTAAAGCCTTTAGGTCTGTAGCGCGGAATAGTCTGTGAGTACTCCTGGCCAACACCGGGTCACAACGAAGGTCAGGAAGATTGCTCTTTCACGCATGACATCGCACACGCGCCACAGCACCACTCCCGAGCTGTTCAAATTGCTAAAGGGGACGCTGAGAAGAAGGATACTATGACAAACATCCTAAGTGATATCTTGCCTTTCCCGGAGCGCTGAAAAGACCGCAAATACAGACGGAAAATATTGAAGCGAGGAACTCTTTTTAGAAGCTAGGACTTTGCGCCTATGGTATTTATTTGGATCTACCAAGATAGTTGGCCTATATTGTTACACTCCATGATTAGCATCGTCCCGGCTGTGTGCAAATGTCGAAAACCCACGTTATTGATCATCTCAACGCTGGGCTTGGCTACCGCA,423,47.75,Mus musculus
SEQ_352648,ACTCTTCTTCCGCACACACAAGGCGGTTGGTTAACCAATAGGGAATACTCAAGTGACGCTACTCTTCAGCTACGCCGAAGAAAACATCCCGAATAAACCTTCAATGGCTGTGTTAAAGAAAAAATGAATGAACATCGCATTAGCAACGTGTGGTGCCATCTGGGTCGTGGACCCAAGGCCTGGGGTGGGGTTCGCTTTCGTAGAAAGAGTACCGACTACTTGCCCCTAGGTTGCCAGAGATTTTCAAAACGTGTTTGTTTGGACCACTACAGCAAGGAAGCCGTCCTGGGCGACCTAGATAATCGCGGCGAATTGCTGCCTCTGGAAAACCTGACAAAGGCATATGCGAAACCCAGCTCGGTAGATGCGGTCTTTGTACGTCAACCCAAGTCTTTTGTGATGAGCCGAAACTCGGAACAGAATAACTTGTTGGACATGCATGCCGATCCGTCAGTACAACCGCGCGACCCCGTACACTATATAAACTGGGTCCACGCCGGCAACCCTTCGTTTAGAGGGTGGACATTGACCTTTAATTGTTCTGCAATGAAAATTGCACCCTCGGGCCCCTGCAAAAGTAATACCTGACGCAACTTCGTGAATGAGTATGGGAAGCATTACTGAACCATAAAATCGTCGTAGACCTGAGAGGAGGCCGGGAGGCTGACGAAAGAGAGAAGGAAGTGTGCATTGCTATGAATACCTTGGTGGTAACTGCAGGTTTAATTCCCAGCTGCCAGTTGCGCGTCTCGAAGTGATTATTCTGTCTAGATAGGCAGTGAGACCGTAGGGCGTCACCATCGTGGAACGGTCAAGGTGCTCCGACCCGCCGCCTTGTCCAGAAGCTGGTAGTGTCAAAGTTTGCCGTAACACCCCCAAGGTTGGTGCCGAAACAGGCTAATAGCTTCATGATGCAAGAACAACGCTTATGTGCTTTGTCCAACCCATATGCCGATCGATCGTATCGTACCACATTACCAAACCGGTAAACGTGTTTTATCATCATACTCATCTGGAAACAACTATTTCCACGGTCACCGCGAACCCGTTCTTAAGGATCCGGACGTGAGCATCAGACCATAAAACCTTGGGATATCAAGCCGGCGAACATTGTGATGAGTTCAGGACACCCGACTTTTCTCGGCTAGTGCTTAATTCTTCAAGAGGCAGGGATGTTTAGCAGCATTCCAGAGGTTTTTAGAGAGACCGACTTATGTCAGTGACTTGACCTACAAGCGATCATGCTAGACATGATGTGTGCGGTCAGGGAGCTAACTAGTACCCAGCAAGACTGACGGGTCCCTAACGGCTAGCGTTTAAACAAAGGCGGGAGTTAGTGTTATGGACCGAACGCCCATATCAATGTTTAACGATGTATGAAATCTAAGTACTCACAGGTAAGCGATAACATCACCGTGCTTTCACAATAAGTATGTACGCGCGTCGACAATCTAGCATAAGTTCGAACTGCAGCCCCCCCAGAAACCCCCTCTCCACTTCAAACTAGGATACTCCAGTATTTAACGACATACACGAGCAATTCCTGGAGCACGCATACGCAGTACACCCGAGGCACCCTTCCCTCCAAGGTTTGATGACAATATTAACCTCTGGCCTAGCTTTGCGAAACATGAATCCGACATAGTGTTAGGTGGCGCTCAAATTGTACCCATCCATGACATAAGTATCGGGCACGCGTTCCAGCCTGGCCCATGGCTTAGCGCTGCCGGAGC,1733,49.28,Saccharomyces cerevisiae
SEQ_164854,AAACTTTTGACTCTGAGTCGATACGCTTTCAGCCCCCGGAGACCCGTCATTATAAAATCCGTGGCACTATAAAGATACAGATCCCACACGAGACTAACTTCCCCGCCAGTTAGAGCTTGTAAACTTC,127,46.46,Mus musculus
SEQ_192207,CTTTTTGTAGGATAACCTGCGATTCTCTTTATCTACGATTAGATCAGACATGGGGCTTGGTGTTGTTCGCGTGATACGATTTAAGTGCCACACCTACCATGGTGGGCCGCGCACTGGTTTCATTGTGGGCGTTATACCGTCGTCAACTGTAACTGATTTGTTGCCCCGTTTGTAGCATGCGGCTTCCCTCAAAGAATCTAGCGGGAGGCAAATGACGCCTTAGAAGAAGTGGTAGACCGAAGAGACTCTACTCCGCAGGAACTCAACACCGGTATGCCTTGTATAGTCGCCAGATGGGTACTCGTGCATGAGTTCTCTCTGGTGGGAGTTGGGGCGCCTTGTGCGCGCATACCCTACTCACGGATAAATTTCTAAGTCTACTGCAAGAATCCGCGCGCCAGGCCATCTGCATGCGCAGGACCTGATTACCGACTGGAGGTACGTACTCTAGATTCAGCCTGGCTAATCCCTGGTTTTCCGATTAGTGCGTCGAGTCAATTAGGCGGAGATAATCGCTTTAGTGAGGCGTACATTCGTATCCGCAAGAAGGTATAAAGGTCGGCAAACGCGGATGGCCTGATAGGTAGCGCAGGATGTCTAAGATGGTAGAAGATTCATTGGGGGGCTGATCCTGAAAGCGCCGATTAGAGAGAATATTTCGATGACTGACTTTGTGTCGGAACAATGTTCACTACCACTGTCTCACGGGGTCCAGTCGGCGGCATTCACTGGGCCCCCTCCAACTCGCACTGCCGGTTTGCGATGAGTCCCGGCTACTAGACACCGCACACGACTGGGACGCGTCCACAACAGTTGGATCACAAGTGTGGAATAATGAGAGCGCCTGCACCACAGAGATAAAGAGTCCGAGGTGAGGGTCAAGGGGTCTTTAGACGGACTGAAACAGTTGTACTGGTTTCGCCAAGGAGCCTGCCGAAGCTCAGTGGTACATCGGAACGTAAACCTCTCACGGTAGTGCATTATAAATCCAGACCCACGGGCTTTCGTAAGTTTGACAGATCTACGTGAAAACTTAACACACCTGCCTCGTTGTGGAAGATTCACTAGAGGTGTATGACCGCAAGTCCGTTAAGCTTGAATGGAGTGTTCATCAATGAGGCCGACCCGGTAGTCTCTGTAGTTCTTCGAGTAATTCCGTAAGAGCTGTGCTCTAGGATTGGCATTCCGATTGATCAGTCTTCGTGTACATCACCGCTTTTGAGACATCTGTACTACCTCTGAAGTGACTCATGTTCTTCCCATTGCCATCCCATTTTTCAATG,1283,50.43,Caenorhabditis elegans
SEQ_233929,TACAAGCCGGTGGGGGGGGCGCGGGCGGAGTCCACGATTTTCCAGTGAACATAGCCGGCGCCGTACGGACAGCGCTTATATACACGAACTTAGGAATCATGTAACATCTATGTCGTCTTCCAGTAAGTTTTACGAGGCATACTATTCGTCGGCGG,155,53.55,Caenorhabditis elegans
SEQ_143470,TGAAACCCACGCTTTTAAGTCTACAGAACAACAGCCAATGTTTCTCGATAACCTCTAGTACAACTCGTTTATAGCGGATCCCCCACCAAAAGAAGGGCCGCGTTGGCTGCACTCATAAGGTTCTGGATCAAGGGCTGCGACAACATTGGTATTCATTGAAAAACTATACGTACCTGACAATGAATAGCTCTTAGTGGAAGCGATAGCAAACTGACGAGACGCTACATCGAGTTATGGAGCACTTCGGTTGTTAGTACGTAAACGTCAGACGTGAGCACAACACCAGTCGTCGATCTATTCCTGACTTGGAGCGGGTCGCCCAATAGATTCGGTGTGAATGCGAATGACCGCTTTCCTTTCCATCGCAAATAATTCTACGCCATCTAAGGAAAGCTCGGGTATCCTCACCGTATCAGCAAGCCGGGTAAGCATGTATTTGCGACGTGATCTGTCACGACCAAGAGCTACATAGGATTCGAGCTCATGGAGTGGCACTTCCTGAATTCATATAGCCTTCCTCCGCCACTTAATTACTACAATTGTGTCCGCTACTTGGGCACATGAGCGATATTGAGTTCATTTGCGTTAGGCTAACGGGTTTGTCGAGCAGGCGGTACCCAGACGTAGCGTGGTTAACAATGACCCGAAACATATCAGGGAACTACGAGGGAGATTGGCCTGAAAACCCTAGCCACTGAGCGGCGGGGCACCAAACATTCTTGGTCTCCCAGGGCCTTGCTGTTAGCAATGACCGGTGACATCCGATGATGCGTATGCGCTGTAGACGTCGCTAACGCGGGTATAGGACCTTCAACAGGGGGAACCATATGCATGAGAGGGGATTACGCCAAGAATGCTCTCCGATGCTGCCGCCTGAGCCTCTGATAGGTTGTCCCTTCCAGGTAGGTGAAACAGCCCTATAAATCCTTCCCATTAATACCCCTTTAAAGTCACATTGAGGGGCTTGATTGCTAATCCTGGTCGCCTGACTCCTCTCCGTGGATAAATCTTACCAGGGGCATGCTGTCTGTAGATGAAGGCGAATCCCCGCGCGATCCGTCGTAAGGGATGCTCGTGGGCCTCTTCCCAGACGATATCTGCCAGGCAGTCTGCGCCTCCCATGTCTATTACTACACTCTAAGACACTTACCATAAAAAACACGTGAAACCGATTCACCAACAGCAGTTATTGATACAAGCTCGTGGTCTACACATTAGGCACGCTCTCAACCGAGACTTAAGATCGAGGCGAATAGGCTCGTCGTGTTTAGCATTTTTAGGTAGCTACTCCCTACCCTAATCGTATCGCTGCCTTTACCATTCTTCAAGTATATTTATCCGGTAGAGGAGGTTTACAAAGTCCACCACCCGGGATCCGCCTGTAGGCGGCTTACTGTCCGTCTTGAGTCTATTTCGCCAGAGTAAATGTAAGCGAGTCAGGTGTTAGAACGCAACCTGGTGGAGGGTCTGTATATGTAGAGTAGTTTCGAGAACTAGCCTACCGCCACCAGACATACGGCTACGCGAATCGACAACCAGCGACTGTAATCTAGGAAGGGAATTGAACGGTGCACGCGCGTCGGTGTGACAATAAAAGAACACACCGCGAAAGATCTCTGAGATGCTGCGCTCAGGTGACCACAAAGGTTACCCCTGTAACCTAACGGCCCACTGAATTGGGTTTCTTGTTTGTAAAATAGGGGCCCAGGGCAAAGCTGTAATCCCACGGAACACACAGCCAGTTTCACGTAGACATGGATTATCGGTTAGCGTATCGGACAACCTTGCTGAGCCGGCAGCCCCGTTACAACGTCCATCAACTATCCGCAGGCATCCCC,1838,50.0,Escherichia coli
SEQ_731073,AGGAAACCTGTACTAGAAGTAAAGGGACCATGGCCAAGGCTCCACCTAACGAGAAAGGCCCTCGCTGATCGCCGTGGTAGCCCCCAACAGTTCGCCGCTAAAGGGCCATTGGAACAGCCGCACTAATGCTTATACGAAAGGCTTTCCCGAGCGAGTGTCTTAATATTCCGGAGATGGCTGAATCAGGCCAGACTTCAACACTACGTTACAATAAGTCATGTAGGACGCATTATCCGACTCTAAGAGTTCCTCGCGAGGTTTGTAAGACAAGGCTTGTCCGCCAACGTCTTCTTCCGGACGGACTATTCGTGAAAGCATCGCATAGCGGAGGCCATACAGATCATACACCTTCTCATATTTGAAATCCTTACTTCCTATAAACATTCCCAAAGGGAAAGGTGGAAGTGCAGCCTAAGGTACTGACTAGATGCACACCACTCACGGTCTATCGTCAATATAGCTCAGCGCCCTCTCCGCTCCATCTCCCAAAAGCCATGGTTGTTTGGACGTGTTCGTTCCTGGGGCACGTCGCCCAGTGCACATTGCTAGCGCGCATTTATATCCAATCCGAACTGGCGCGGTCGGCGGGCTTGCGCCGGATCCTATGTCACGAAGGAGGACTTTGGAGACATGACTTGTAAATTCTCAGGTCCTTTTTCTGACCGGATACCACATGTCGCATAAATCTGCAAAGCAGTCGTACGTCTAAATAGATGTGGGCCGGAGAATTGGGATCTCAGGACGTTGAAAGCCGATCTAGTCTGAACATTCGGTCACCGGCTCTAAGATCCAAATGGTAGTACAACATGACTGTGTGACCCGGCCAGGCTCACCTACCTCAGGTACGGGATCTGAGGACATATCTACCTTTGGAGAAACACTCTCCGGACTACCAGTTCCGGCTCAGTTCATGCGGCCTATTTCGTCACTCCTACATTATCCAAGCATTCGAAGTCGGCCAGGAACGCTGATATCTTGATAGATCATGGAGCACTTCACAGTAGTCTTCAGCAGTGTTGTCGGTGAGTGACCAAATCATGAAGTCTAGAACCGGGGAAAGAAGTGGTTTATCTGTTTGAGGAACAGCAACCGCATTCTCAGTAATCACATGTACCGCCAAGTACGTGGCGCTACTAGCTCTACCTTAACACGGGAATATGCTGGAAGTGACTTACCCAAATACGTCGACCTACATACGTCTACGGAGCCTCGCGAAGCAGTAATAATGGCATTTAGGACCTAGTCGCGCCCTCATGAAAAACCTACATGTGATCTACGGATCTCCAGTTCTTGCGTCGGCCGGACATCTGCGAAGTGGTGCTTCCCGGACTTGGGCGATAACTTCGAGTGCAGCAACCATAAGTTCGGCCCGTTCCACGAGATCTACTAATA,1392,50.22,Caenorhabditis elegans
SEQ_517073,TCTGCCACTTATACCGGAGTCGCCGTTTAAACTCCCTAAGTCGGGTACAAACGCATGTATGTGATCGTCCGTTAGTAAAACGGGTATAAGATAAACAGAGCCGCACTGATGATGACTGTGCCCATCTATAACGCTTGTTGAAAATCATTAAAATTCCTAGGTAGCCGCTGCTTACCCTTAGATATTCGCCCCGCAACTCCCACGGCTAAAGCCTAATCGTTGCTTAAAAAGCACGTTTATGGCAACTTGCCTTTGTACATATACGGCTAATCGAATGTGGTCTGGAAAACAAACTGCATGTCTGACAAGCAACGGGCGCAGGAAGTAGAGGGCTGTATCCAGCTATGGATGGGTCCACTCCGTGGAGTATGATAAGCAGCGAATGCGCACCCCGGAGGGAAGTGTGGACCCACCGTTCCTCACCATTTCCGGCCTAACGGGTTCCCAAACAACAGTCCACTCTTCTCAACGGTAGTCCTCTCAGCATCGTTTTACTTTACCAGGGAGTATTGTGATAAAATCAATAGCTCATTGATACCCCTAAGTCTCCGGCCTGTCGTCTTGTCTAAAGCCACTCTGCTCGGTCCAATTAGGAGCTGATACCGTATCTGTCGTAACTCAACTCAGCTGTCGATGTTTCTGTTGATACCCTTCGCCATGGTTCTCCGATGCCCCACATACCGGATCGATCTTATTATGCTGTGGGATACATGTCAGTTGATACGGGAGGGTTCACCCATTTATACAATGCGAGACCTGACGGGTCCCTGCCGCGGTCTCCACAACTTATACGCAGTTACACGGGTTCTGTGGGTGACTACTACCGTTCGTACCATGTCAGCCATGACTTAAGAATCGGCAGGCTCATTGTTGCTTCCGCCCTGTGACGGATCTTTGTGCACCCAGGAAGTCTGGCGTATTTGTGGACCCTGCATCGTAGGCTACGCCAAATCTTCTCCGTAGCACACACGTACGTCCCGTTGATGTGGTACCGGCGTAGCTGCCTTGGTCCCACGGAACAGATGGAACCGAATGGGACAAGTTTAATGCTCAGATGCCTGTGGCAGAGTTTTACTTTCGTCTGTAATGCCCACCTTCGTGATTACGTACTCCTTCGACTACTTGGTGCAAGGGAAGCGGTAAAGTGAGGACTACTGTGCACTGCTCTTCCAGCCCGACGGCAGATGTGAATGGTACGTCGGGGGGCCCACCAGCACCAAGAAGGGGCATCGTCATTTCGTAACAACTCTTTAGATACGATGGTAGCACTGCCTCGATTCATTTTATGCCCTTGCAAGGGGGGTTTAGCGGCATATTTTGTTTGACGCTTGACGGGCGATACTGACCCTGTTGCCTCAGTGGTAGGATAAATATCGTTTATTGCTCCGCGCAATTGGCGCTCTAGCATGCAGCTAATACATGGTATTCAATGGGAAGTACGGCACTCTTCTCGTTCCCACCAGAAATAAGCTTACCTCCACTGGCTATCGAACGCGCCTTACCCGGTCAAGGCGAGGTCCACGCCATGCTTCCGTGCATAGAAGTGCTTTCTCGCGAAGAATAAGCAGGGTAGAGCATTGACTACCCGCAAAACGACAAGTTGGATGTGGACTCGGACAGTAAAAAACCCTGCCGGACAGGTGACTCCACTAGGTAATTCACCATCCCGGTATGTCGCCTAAGTGCGTGGCAGACGTGCGCGCCATGGACTTTTCCGCCATATTTTCCGTGGATGTCAAAACCCTCGCTCATTAGCCCATAAGCGGCCTACACCTATAATCACTAGTTGTTTCGAACGCACCAAAGGCATACATACATTTACTCATCACCTTCAGGATTTATAGGGGCTTGGATGCTAGTAACACCACATTGT,1873,50.13,Caenorhabditis elegans
SEQ_905040,GAATATGGGTGTATGCAGTTAGTACCACTCATCTATAGGTGAAACCTATCACCATCTCGTGGGCGCTTTTTGTGGCCCCCCATGTACAGGATGACCCCAAAATGTAAGCTCATTCCGCTTAGCCTAAAGTGAGGCCCGGAATGGCAAACTATGAGCGACATGAGTTGATGATAACGAGCCAGACGGAACGGGAACTTTCTTCAATGGCGCCAACGCAGTCCCGAAAAAGGGTGGTCAAAAGCACCTATTGGCGTATTGACGTTGTTTCCACGCGGAACGGGGTCATTATTTACTATGAAATGACGGTTAGTATGACCGCTGGCTACTGACATGACCTCACTCCAACTTCGATTCTACTTAATCACAACTAGGCTAACCGGGGATGTAGCGCGGCGCCATTAGCTCGCCAAGCCACGACTGGCTTCAAGATGATTATTGTCAAGGCGCTTCAACTCTCCCTCGTCGCACAATAATGATCTGGAATACGTCCCCGCCAGAACGAGCGTGGCCATGAGGGCGTTAGACCCGGTCACATTAGGTAGAAATGAGATCCTAGTTCATCGCTGGCACAGTCCCGGTATCTTCGTTACGTCGCGCTGTATAGTACCTAACAGTCAGATAGTATTAGAGTACCATTATATTGCCCGCCTAGATGCCGTACCCCGCTCAAAAAGAGCTGACTAGATCTGAAGACGTCTACGCATGTGTGCTAACTTTCGTAATAATGACAGGCGTACCACACAGCCCCAACTAGAGAGTGGAGTGTCGGGGCGCCAAAATGAGTGGTTGGGTACGATTAGCCTACATTTTATTGAGATAACTAGGTAACGTCCCAGGGTTTTCAGGCTGAAATTTCCGTGATACGCTTATTGCTCACATGGCTGTGTACGCCTCGAGCTACCTACGAGACGCACTTTCCCTGTCAGAACCTGGGAGTCCCTTGCATCTTAGCGGGCGGGGCCACAAGATCGGATGCTTGGCTTGTTACCTCTACGTAGCATCTGAATCGGTCCTTTGCCCTTGACTATAGACGGAGCCTGCACCGCCTTATCTAGCTTCACTTATTAGTTAGCCTTGCAGCTTGCACGGACCATCCAGGCAGCCCGCCAAGTTACCAACGTTCAAGCATATGTCCTGAGTCCGAATAGTTTGCACATGGTATCGGAGCGAGTCTTAGGG,1179,50.21,Escherichia coli
SEQ_668066,GTTCAAAAATCTTGTGTGCGTCGACAAGGCGATAGATAATCGGCATCCCAGAGTTCATTAAATCATTACTGCCCTTCCGTATATGAATCATATTCTACCTGCAGCGGCCTCACCGCCTCATTCGAGCGTATCTCAGATCGCCCCACACAATGGTTTAGTATAAACCTTCGTCGAGCTAGCCAAAAGTATCAATGTGTGGTTATTGGTTACCAACCGGTGTTGAGCTCCTACATCACCGCGCGAGATCTAATCAGTCGAGCGTAGAGCCGTTTACGGCTCGAGGACGAACATAAGTCTTTCATCCGCACGGGGTGATACAACCTGCTGCCAGTGTACTACTATGTATCGACCGAACCATGCTGCGCCCCACTCTCCTCAGCAATAACCTTGGCTTGAGCACCGACAGTTAGCCCAGCGAGATAGCTTCTCACTCATAAGGCATGTATTAGATCGCTCGGCTGCTTAAGAGTGGGGCCAGTACGCCACTTGGGCGTATTTCTATACGATAATACATCACCAATGGCTGAACGCCTTTTGATGTTAGCTCATAATCCGTCCTCAGGTGGGGTATCGTTCCTCCTCAGGGCTAGGCCACTAGTCACAGTGCGCAATAAGAAAGGAAGCATCTGAATGACGTGAGTCGATGATAAAAGAACCTCACACGTCCGGGAGATTGGAGGGCTCTACTATCAACTCGGTCGATTAGGGCATCTCCAGCCGCATTCCGGCCCGGAATTGTCGAAAGATTCTAAATCAAGTCCGACTTGCATACTGGTACACCCGAGACCCATGCGTTGGTAGGTCTGCAGGATGGGTCCCGAGTTGATAACGTTCGTCATTAGTTATCGTAATTATTCGAGGTGCACTTTTGTTTCGCGTAGTGAAAGTCGTCCGACGCGTATGTCGAAGCGATAGGGGAGTGAATCTACGGCCGCCGTAGAACACATTCAGGCTCCGCTGGAAACGCGTCCAATGTTGGTCCCACATTGCTGTTGAAATAGCATCACAGCGCGCTTTGGCTGCTGAATAGCGGAAGGCCAAGCAGGCTAGCGTGTCAAAGATCAACACCTTGGAAGACTTTTGACAGCAGAACGGGACGCTTTTCACCCCTAGTTCACGCGGTTCGGAAGACTCAGAGAGGCGAAAGAGACAGTGTGTACGTCAATCACGGGGGTGGCGTTCTAGCTGCTCCTCCGATAGCCCGGCGAAAAGCCGGTTGCACTGATTTGTAAGGCCGTACACAACTCCCTACTCTACATCACTTCAGACA,1270,50.71,Caenorhabditis elegans
SEQ_344373,TCGGGCACGGTAATCATTGCTACTCAATAGTTTGAAGGCGGCAGGGAAGCTAGAGCTTTTACCAGTACCGGATTTGGAAATTACCACTTCCAGCCCCGGATAGTGCAGTGCGCGCAAGCGTCGGCCATATGCTTACATCCTTCGAAGTTCACAGTGCGTGTTCTCTCACCTTTCGTCAATTTAGGAATCGGCCCGCATCGGTACTAAAAGATAACAGTCCCATGAGTTTTTGAGAGAACATCAAATATCGATTAGGATGGAATCTACCAGAGGTCAAAGACCAGCAATGCCGACGCTCAAGCGAACAAAATAAGGTTCGACTTATGACGGTAAATTATCAACGCAGGCATTCATCTCAATCGTACTGTGCATGGTTGGCGACTAATAAGGAACTGAAGTCTGCGAAAGCGCAATCGAAAATTACAAACTCCTATCTTGAAGGGAGTATCGCGCTGCACTATGGAGCAGTAGCTTCATGTTCGGCTAGTGCCTTCCCTTTGTAATCTTTTACGCGAAAACATAAGTATTTCCGCGACCTCAATATCATTAAGTTGTATTATGCTTTTCATAGTCATCCTGCAATAGGGGCTTTGGATAGATACGGCACGAGAATCAATATTACATTGGGCTCATATGCGATGGCCCTGTTTATCTGAGTGAGTAACCGGATAAGACGAGAAGTAGAACATGAATGACAGTAACAATATTTGTTGCCAGTACACCTCCAAAACATTGAGAGTTGACCTGAGCATAGGAGTGAGATCCGTTTGCAATCTAGATGTTAACAAAACGGAGGCTCTGTTCAGGTATGCGTCTATCTGTCGAGTCTGCCGTCTATTAGCCGTAAATCAGAAAACAGTCGGGGCTTGGGAAGCGCGTTCAATCACCTCCTTACTCATTGCACCACTTACTGGCGTGTCTTTGACCAGCCCTGGCCGGCCCCACTATCGCACCAGCTTATCGCGTTTGGCGTCTCGGGATCAGGGCGAGATGCCTGCATCCGGTCTTTTGATGATCCTAATCAACCCAGAGAAACTGCGAATCAGCGACTACTGCGCCTCGAAGTCGTAGATTTGCACTCTGCGTAGCGCTGGTACCCTCTTCTTTAAGTTCAGTTAGTGATCACCTCTAGGAAGATTGAATGGTCATCCGGCAATATCACGTTGAGTGGCATATTAGCATGTCCAATATATATCCAAAGCTGACTAACAGGACGCAGATCTATTTTGGAGCAGGTAGCTTCTATATACTCGATAATAGGCGTTGAGCATCAGATCCTACGCGATCGTCAGTTGCTCTCCAGCTTTATACCAAGGCCCGACCCCCTAATGCTTCAGCGGTAGAT,1345,46.54,Drosophila melanogaster
SEQ_539695,GTCCGAACTCGGTGCCAACTTTCCTGGAAACTGTGCTAGAACACCAGAACGAGGGAATCTTAATGGTGGAAAGCACGGCGAAGGGGCGTGTTGGCGTTAAGTGGACTTTACCTTAAGCTAGTTCACTTAGAGAACCCACACCACTAGGTCAAGTAATAGCTGGGGTATGCCATTCCTGTACAGATCCGTTAGACCTAGCTTTCAATCACGATGATCCATGCTGCCCCCCGTGGTCTACCGCTAAGGTGTGTGAATTAATTAAATGGCTATGCGTAGTCATAGCGGACGAAGCCGCATGCCCGACTGATCGGCCGGCAACTACTTCTGGGGAGTGGTCTGCCCGGCCATCATCAGCACTTCCGGAGCGGTAAGGCCGCTAGTACGCCATTTGCGGTCACGTCGGCGACCAGAGTGTGTGTTCCAGCAAAGCGGCAGAATACAACACTCATGAGCCCAATCGGCGCCATACACCTAGTGCTCGAGCTGATGCTGGGATAATATGACTCGCACCAGAGCTGTGGAAACACCATGCGACTTGGGTCGTGATACTCGAGCTAACGCGGCAAAGCCAATTCGAGCTCACGCAACCCTTCGGACCTACAAGACCTCGTTCACTGCCGGTCCTACTGCTTTCGCGACGGTTCAACCAAAGGTTAGGGCGCTCGGCGCAAATAGCCTATCGCACCCCACTCTTCTAAGTCTCAGGTACGATCCGATCGCAGGCGTAGGCTCCATAAACCCCTACACGTTCGCTAGTTCAGGATCATTATGCGCGTGCGCATCGGAAGTGCACCCAGAACGAACGATTTCAGTCCCTGCGATACCCGCCACGGTGAGAATATCACAGACCGCGCATCCACGTGATACAAGTATACGCGCCCATGGCTTGGTCCCATGTACGATCCAAACCGGTGGAAATAGTCCCGCTATATCAATGCACCGATGTCACGACGCCATCTCTTTGATACACCTCATGGAAAAAAGCGCTTTGGGGGCCTGTGTTTGACGGGGACGACTGCCAGATCCCGATGCAAAAGAACCACTCGATGGGTAGTAGACTTTGCATCAACTCATTAAGTGCAACTCTTTACATATAGACGTCGGCTGTAGTATGTTGCGCTTTGCTCGCCTCAACGGGGAGACCAAGGTACTCTCTATCGCTTTTGGTAACCGTGACCA,1179,53.18,Drosophila melanogaster
SEQ_666466,ACGTAATCTCGGGGCACAAGTACTATGTAATTCCAAGGGATAATCTAGATCGTCGGGCCCGCCAAGACCATGGCATTCCCGGTAGGCTATATGACCAGGATTGACGTCGGGTCATCGCCGGTCTACGTAATAGGGTCCCCGAGCTACTAGATGATAATCAGCCTGGCCGCTGCAAATTTGACGTGCGCGTCGTTCTACCACAACAACGGATCACTGTATCACGGTTTTAATTCCAAGCGTTTAGAATCCAGATACATCAGTGCCGCTCCGCTGTCATACCCCGGGAAGAGATGGATTCGACTGAGTGAAGAATGGTAAATTGGCCACCAGTGAACATAGCTTCTCCGCGCTCCCGACAAATAGCTGCCGGCAATTCTCAGGAGATTGTCTAGCGTGGGGTACGTAAAATGCCCCAGTGCAACCTATGGTTAGTCCATATTGCTCATAATCTTGCT,455,50.33,Escherichia coli
SEQ_262441,CTATAGTGTATGCTTGAGCAATCCTACGGAGGTTCGCCGGCCGTGTTGGGACACGTTCGCTCTGCTCAGGGTTCTTTCCACTCTTGCCAGTCGCGTGGATTTAGTAGCGGATCCACGATCTCGCTTAAACACACTTGGACACTCGCTGCTGCGAGTGGCTCTATCAGGGTGTATCCTTACTGCTTGAGACAACGCACCCGTATTTTAAACCCGACCGGTAAGGATCCCCTGATCGGTTCATATGGACGAGGTTCACAGAATTCGATCCTTATGTGAGCCTAAACCTACGGACGGAGGGCTGTAGATTAATCCTGGTTGTGTTTACAAAAGAGCTAACCCTTGTTAGGTTAACGCGGCCCTACATGCAGATATGTTCAACCTCACACGGCTAAAGACCATATCGGATCTAATAAACTAGACCATAACTCAGTTACGCGACGCCCCGGACGTTTTAATACTCCCTTCAGCGCTATAGTACAGCGTATCGAGCCATAGTCTAGGCGAGTGATCAAATACTCCGTTGATCGACAGGCAGCGCTCAATTCCTAATGTCTGAAGGTCAGCGGTTTGCGCTCGGCTGAATGTTCTCAACTTCAATTTATGACGTTTGGAGTTTGCAGATCGGACGCTATGTCCAGCTAGATACGGACGCCGGGTTGTCGCGCAGGGGGGCTTTCAATTCTTCACAGAGCGCATCTCGTTGTCATCAGGCTTATATACAAAGGACTGGATGGAGTCAGGTTTCCAGATCCAGCCAACTAGATACAAGTGGGTATCGATTCATTCGTAACTCCAACAAAATCAAGCCACAGCCCGGTTCATCCTCCTGAACGAATTTCGACTGTTAGGCGTAACTCTTGAGCTGCCTATGGGTCGGACGTAACTCGATGCTTCCGCGAAAATCTACTTCGCGCAGGCGTCAAGGAGTATATATCGGTTCGTATGGGGATCTCACAGTCCTATTACCCTTTTATGATAAACCTGCGGCTAGTGACCATCGTGTAAACGTCCATTCACTACAACTGGAATCATCCTGGATTTGGCACTCGTTGGTTTTACCTGTAGACGAAAGGATATGATTGCCCCCATATCTTTTACGTACGGTCTCAGGCCGCCTTTCGGAGGGTCTGCACTTGTAGTAGACATAGCCGGGGCGGTCCCAGCGACAAGCGGCAGACCATCTCAGACAGCAGTTATCCGTCGACAGTCGCATCATGTCTCGACAGTCTTCGACAAGAGTTCTTCGGCACTTACTTCTGGAGGATCATAACTACGACGACTGGGGACAAAGCAACTCCTCTAACCTGAGGAGCAAAATTAAACAAAGGACATATGAGTATATGTAAGAAACAGGTTTCTAGTGTAAGGCGCACGTTCATAGCGATCTTGCGTCCAAAATAACACAGCGTAATCTCGTCCATCGCAAACTGTTCTGAAGCATAGGGCCGAAGTAGCGAAAAAGTTCTTTCCAATGTCAATAAGCTCATGTCACGTAGTAAATCCATTGTCCACAGCGCCGACATGTTGGTGTTGTTATTGGGCCCTTGCACGCCGTCCAAGTATTAGACCCATTCTGTTTGGAAGCATAGCGGTGCTGGTTACAGCCAGGCACGACTTTTCCTTGGGGTATAAACTTAAAAGGCCCTGACGGACTCTTATCACCAATGAGGAAGATCTGCAGGCCGCCCAACCGAAATTCTATCCGGAACCGTCCGC,1716,49.01,Arabidopsis thaliana
SEQ_998539,TGCGTGCGTAATCACTTAGGGACCTCACTAATTCGCTCGTGCGAGGCTGAACGCCCCACGTAATGGCCATGCATTCTGACTTCGGTTGACGTCAGGAACCAGGCGGTTAAGCCATTGAACTCAACTTTGATCTGACAAAAACTGAACCTTGGTGGACTGATCTCCCAAGAGGATATTTGATGATGTCTTAGTACTCGAAACTGTACTTCCACAACTCCGTGCTACGGGTTTCTCGTGGCTTCAAGGGCGCTCTACTTGCTTTATGAGAACAACTGAGTGAGAAAGGATTTGACATCAGATCGTGGACTTTACACCCACAGAAGAGCTCTGCTTCATCTTCTGAAGGTGTGTTTGAGACTCAACGAACGCATCTGTTAGCGTGTTCTCTTAGGGGATTCGATAATGGAACGACGTCGAGGTCAGACATTTTCGCATACACTTACGCAACTCCTCACATAAGAGCGCCTTTAAAGAACCCAAGCGGTGGGTCTCCTTGCGACACAGTCCTTATAAACCCCGCCCCAGATGTTTCTATGTCCGCGTCTACAAGTTAAAAGCTTCCAAACTGCGGCGCGGCAAACATGGAGGTCCGCTACGAGCTCTGCTCATAGGCATACAGGCCTTGAAAAGCCCCACACTTGCAGACTCTGGAAATCATAGCGGAACCTGTTAAGATCGCTCGTTCTTAATAGTCGATAACGTCCCGAGCATGTGTGTTGATAGGCGACATGGGTACGGGTTACAAAGGTCTCGTAGTGGAGGCACGGATTCTTTATGGTTGATCCAATGCGAAAAAAGGTTAGGAGTTTGGTGGTTTGCGAGGGCTCGCGAGGTTTAGATTAAGGTGAATGTCTCCCACCCCACTACAAAGCATACAAGATTGTGCACAAGCTGGGGGGGCAGAGTTAGCGTTGCGTGTATGGACTTACCCTTCGACCCCTGGGGCAAGATGGACAGAGGGATGAACTCCCTGTCCGGCGGTTGTTTGCTTTCAACGGACGTGCGTAATGATAGTTTATAATCGCAACAACTAAGCCAGGGCCCGAGCCCCAGGCACAAGTCCTGGGCGTCGTTTTATGAGAGATCCCCCAAAGATAGAGCCACTACAGGATTGTTCGTAAATATAGGATATCAGCCCCAGCCGCCCAGTGTTGGCTGTGGGACTGCCTACTCCTATGACTTTGCGCCCAACTTTGTTCGATTTACCAAGACCAGAACGTCCGTGGTTCATCGTGACGGAACTTGAAAGAACTCTTTCCATAAGCCTTACCTTAGCAATGGTATACCTGGGGTTCGACGACAATTCCCCATACTGTCAATATTTTGAATACAACTAGGCGGGCAATTTGCTTAGAGAAAGTAGGAACACAGTATCCTCCCACGTCACGC,1389,49.32,Homo sapiens
SEQ_565242,CTAGATGTTCTACTACACTGTGCCATCTTCCTAGTTTGGTCAGTACCTATAAGGGAGACAGTCCATCCTGCAACGGAATGAATGAGGAAAAACAGCGGTTTTACGCCAAAGATTGGTTCTCTTGTTTTGTCACCTGTGGTGTTAGGCGCGGTTTGTCTAGATCACGAGATCGGAAGTGGTGGAGCGTGCCACGGTTGCTACTATCTCGTTACAGTGTTGAGACTTTCAAAGCCAGCAAGGAACAATAAGATCCCATAAACGAAGCTCCTAGCACATCCGCGACCGTCAGTTTTAAGTGCGATAGCGTGTTCGCCGATCGAAAAGCCTGTTCCCGGGAAGAGCGACTACTGCGGAGATTCACGTGGCGCGGACATAGGACATATAACCCCATCTGTGCGAACTGTGTTAGGGTCGCCCAATGATAAAGAACTCTATCCCCTGCCGCTAGATTAAAATCCGTTACAAAAATGAGGCACCGCTATATTATGTATCGGTGGGACACGGAAAAACTGCCCTCTGCGTACGACAGGCGCTCGGAACCGGCAACCAATGGTGCACTGCACAGATGTAGCGCCTTACATATCGCCGTGAATTCGGTATCGCTGTTTTTCAACTACCGGGCCGGACAGGTGGATACTAAGTTTTTATGCCGTGCAACTGGCGAGAGGTATGACAGGACGGTACAACCCACTCGCCCCCCCGTCCTTAGGCTTGTTCTGCGGCCATGCAAAGACTGTAATTTGAACTCTGCAGGCAAACAACGTCTCCCCTTAGTAGTACCAGGTTCAAACCAGTTCAGATTGCGCGTTA,810,50.12,Drosophila melanogaster
SEQ_648114,CAGAGCTTCTGCCCGTGCCAGCGAATATGCCAGCGAAGCGCCTACACTATCATATATTAAAAGACAGCCCAAATTCGATATTGGAAGGAGGTGCTTATTTTCACGCCGACGTAGAGATTTTGGCGCCGTAAGGGCTGTACATCGATATCCGCAGCACACGTCAAATCATCATGACCCAGGGCTCTTCCGCGTGATAACCTACGCTGCGTCGTAACATAATAAAAAGGTTCTGTCTGTGTTGAGCCGACCTCTTCGCAGATGGGATAACTTCCTACTCCTTGCAGCCATGAATAAGGTACTTTCACTGCGTCTGTAATGCACTCATTAATAAATGGGAAATCCGACATGTGTTGTAACACTTTCCAACATCCTTAACGTTGGCTTGTCCTGCCACTTCGATAGTCCTGCACCGGCCCCGTGGTCTCCACGGGACCCTGTGGGGCTTCTCGGGCCACTGGAGGGCGTTACGTAACTATGAAAATCCCACGTTCATGGGTATGGCTAAACAGGGAGTCTAGGGTATATCAGCCTTCTACGCAACCGGTTAACTACGGACTACATATTGCCGACATCACAGTACTCAGCCATTCCTGTTACAATGGAGACTAGCGTTCGGAGATCCGTGCTAAGCGTGGGGAGCACACTTTCTGCCGAATAGGCGGGGGCAGTATGTCGTGAGACGACAGCAGATTGGACTGCTCCAAGTCTCTTATTCTTTTATAGTGGTGGTATCAGGGGCCGTCTTCCACGATTTTCGCCCCTGAGGACTGGAGGGATACCTCGTCGTTCATCGCTCTATCGCTCTGGAACATGAGTAGCAATCCGTTTACGTAGGTAAAGGATGAAACGGTCTCTTGTTGGAAAAAAAAATTACATACGTGGGAGTCGAACCATCCTTGACCGAGTTAAATCTCTGGATAGGGAAATTACGCGAGCTCTGTGAGATAAGGACCGTTACTGCCAAAAGTTAGCTAGTCGGTATTTCTCTGTAATTAGCGTGCTTGCGCTAAGGCGTTAAAAGTACATTGTGGAATGTGAGTTCATAAAGGGAACCAATTATAGGCGTTTGACTCCCTGTTCTACTACGTACTCTATGGCCGGGATGCCTCAATCTTTCTACGCTTCAAACGACATGCGATACCTTACAGGGCCGGCGTGTGAATCTGGATTGCATAGTGATAATCCACATGGCGATCAGTGGCGGTAGTCTTACATCGCTTTCGCTTGTTCCCGGATTGATCATGATTCGCGGGGGACCCCGGGGACGCTGCACTGGCCAGGTGTTCTTTACACAAGCTTATGGCAGGGCGGGCGGGCGATAAGCTGCTTGCGGACCTCGTAATGTTAGTCTGATGGCCTGGACCACACAGGGGTTCTTTGTCAGCTTCATGGCACCGGGCTTAAAAGTATGTAATTGACAGAACTGGAAAAGACTACTTGGCTGGCAGGGAGTGTTGTCTCCGAATGACACCTGGGCCTCTGTGCTATTTTATAGAAACCCGCCAAGAGCAGGGATCTATTGTTCACGCGAAAATATCTGCAGGGTCATTGGCACGCTAAACACTTCTGGAGGAAGACTCCACTCCCGGAGCGACCAGGAAGCAATGATACTACCTTAAACAAGCCTGTGCGTACCAATTAGCAAACACCAGGCCAATAGATTCGTTAAAACTACTTCCCGGCCGCATGCATTATTTGGTTCTAGACCCTGAGTCGTTTGAAACTCCGAACGCTCGTCTTGCCCGGATCCGACTAATTTTCCTTCCTACTCGAAAAGCTGTAGCGTGGAGCGTGTACACGTCCGCCTCGTGTGCTGCTAGATAGGTAAATCACCTTCAGTCTAATCACCTACATAGTCCTTGTCGACTAAACTAATCCGAGTGTCAGTCTTGATTCCTATGTACGCGATTGGATCACAAGGTCCAGATGATACCCAACCCCCCGTTGACGGAGATCATTAGCTTAAACCTCTATTCTT,1978,49.19,Mus musculus
SEQ_503728,CCGCGTGACTGAAATACCCCCTTAGACGATCGGCTTGTAACCGTGTCATGTCGCATATGCCAAGCGGAAGTCTGACTGCAATCTGAGTGATATGCCCAAGGGGTGCTAGTTACGAAGAGGGTGGGGTGTCGGTGAATTACCCTCTATATACTATCGAATCTCCGTGTACGTGCCGTGGATCTCCGCCAGCAACGCCAGAATAATCTTAGCGCGCAGATCTCTTGGGTCCGTGCGGTGGTGTATCAGCTCTCAGATAAGTGACGAAATATTGCTATTCCCGTTACCCTGACGCGTATGGGAGCGGATAGCCCTTTTCGATCGCAGGACTTCGGTACCCTTATTTCCCTCTAAGGAGCACCAGCCGACATTAAGCCAGACATTTTTCAGACGAACATATTTCGCGTCGGATAACCGTTTTACGGTCATAGCAGATCTTGATGCAGAAGTACAAGCGTACGAACACATGATTTAAATATAGCCTGACTATAGGTAGAGCAGGTGCGCGTGCGATGGTCGCACGCGCAAGAAGCCTATGAATGATAGTGAAATCACGACTGTGAGATCCCCTCTTACTGCATAGTTGTCTCTCGCGAACTGTGACATTCACGTGCTTAGAATTTAACAGCCCGTCTTTCAAAGGAGGCAGCAATGGAGTAGCCGTCAGACTTAGTCATACCTTCTGCGTCGAGGCAGGTT,696,49.71,Caenorhabditis elegans
SEQ_941595,GCGGCGCACGAGAGACATGCTTAAGACAGCGTGTTGATCACTCAGACGTTCGCCACCTTGGAACACGCGAGGGAAAGCTTATGCGCACCAGTAGACCGGCCAATGATTGACTACCCTACAGATCGCAAACGGGCGCATCTCCCGTATCAAACTGAGTGTGCTCTTTGAGGATTGGATCTACTGGAAGCTTTGGGAGGACTATTGATCCATGAGTCTACATGTAGGGGCGCCAACTTCGCTACACCCAATCGAGAGGCGACCTTAAGCGTCGTAAGTCGGTCGGGTCAAAGGTATATTGATCTATGATTTAAAAAGTGCCCGAAGTCAAGTCAAGAAGAGCAAACTCACAGTGCGCGAATTTCACTCGCATTAGCCTCTGTTAACTGGCTTACGGCACTGAATCACGGTTTTGATCCCGCTTCCAGCCTAATAACACCATACGTATCAGGAACGTGAAGAACGCCCGGTAGGCTCAAACCACCGTTAGGTAATCAGGGCAATTCCAAGATGACGCTCGCGTACGAGAGCTCTGTTTCTCCGTTAGAGAGTACCGCAACCTAGATGGGACGCGATCACAGAAGGTTAAAAGAAGTTACTCCTACCTTACCCTCACCTTATGGTACTAAGCATCTCATGGGCTGGTCACCACCTCAGGTTGGACGATTGTGTTACACGTAATTAGTGAGGACTCGTTCGTGCCACAAACCTACGTTTCTCGACTTATGCAATCTCCGAGCAGTTTAGGACCCGGACAAGTATAGCAATCGTTAGCCGCAGCGCTGTCCTGGTTGACACTGGTAACAGTCATTTCGAATCAAGCGCTTTTCATTGTGCCAGCGTGTGCCCGCGCCTCTTGAGAATACCTTGACTGCAGAGCCTTGCATCGTCCCACGTTCGATTACATGTTTTGCGTTGGGGATACTAATTCTCCGCGGTACCTCGCGGCAAGGGGGGCAATCCTAGGGTATCACGGTCCGTTATTCCAGGAGGTCAGCTGAGAAACTTACCGCGATTGGGCCCAAAAGCTGGTAAGCAATGCAGGGCCCCTCAACATACCTTGCCAATTTGCAAGCCGCTACCCCTCATCTGGTGGGGCAGTTCGCTACGTAATTAAGCAATATCATGAGGATGAGTTAAGTGCACAAGCTACACCGAGAAAGTTGGCTTTACCAGTATCTGATTCTTTCCTGGTTGCTGCGGTCCGTGGAACAGATCAACACTATCTCAATATTTGCGGTCGTTCGATAATTATAGGCTACTGCGCCAGAGGTGTCCGCGAGCTGTAGGAAGTATGCTATTCCTCGGCAACAGTATGCTGCTTAGTACACATTTCATACAGATACACGGACGTCTGACATGTTTGGGCCGTATGCCGGCCTGGGAGGGCCTCAATTTCGTGCAATGATCATCGCGACCTCACGTGTGCCAAACCCTTGGCAACGGTCAGAGCATTTGCCTGGTGTAGTGGCGTTCAAAATAACAACACCGCTGAGTGGCTGATCTGTTATTCCTTCAGACTTACTATATGTAACGAATTCGGCAGAAATGCTCGTCTCACGCCTGCCATAAGTGAGACCCGTATTAATAACTTGGCTCCACCGGACGACAGGCAGAGAAACCCCATTTTTCGGAACACTTTATTATTCGTCCCCCGCGACATGCGTGATAATGTATCTAGTGATGCATCCTTAGACCATTAATCATTCCTGTTGATAGTTTACTCGCATGAAGGTCCAGGTCTACAAACCTGGGTACGCGGCTCGCATTTGGCGTTCCAGCCCGCATACCGTCCTGTATCACCCGGGCGGACACCACCGCCGGACTAAAACCGAAACCGCTTCGTTGGGCCCCGCACACAGGCGTGCCATTATACCGGTTGCGGAGCGGTGGTGACCCGGGAATTCACGGGAAGAATTGAATATGCCACTAGG,1931,50.8,Saccharomyces cerevisiae
SEQ_762523,CCGAGGAACCATTTATCTCCAGAACCGGTCGACCCACCGAGACAATCATGATAGACAAAACTGGGCCCGTGGGTGAATGCGAGGTGACGGGAGCGATAAACCGATTCTCGAACAAGTTGCCAGTCTTAATAAGTCCCAATCAAATTCTGGGAGTGGGGAGGTTACCTGCAGTAATCGATGCAAAAATCCTGGTTTCACGACGCCTTCGAACACAGACACCGTATCTATCAAGTGGTCGGTGCGTATTAAGGGACCTAGATTCAGTGACGCGCCGTGAGAACGCTTAACTCGCCACTCATTGACCGCAAGATCCGGACCAGACATCGGGACGTGGAGACAGACTTTACTACCCTTTGGCCGCGCCAGACTCTAACAGGCGGCGTGTATCAGCGGAACTCTCGCTAATTTGTGCCCTTACTCGGTTTTTATCTCGTCTCGAGAATAAAGTTATTAATCCGGACGCAAGAGCCCAGTCGAACAACCATCAATTCGTGATCTGGGGTACCGGATGCAAGATTAAGGTTTGGGAGTACTCTCGGGTATTTTGTGCATTCAGCGCACTTACGCTCCCATTAGCAACCCCAGTCCAGCTTACGGACCGCAAGATGGTACATCATGCGCGTATAGAAGTGCGACGTTGCCCCAAGGTTAGAGTGGTAAAACGACGTATATGATCCTCGACCCGGAACTGAACTGTGCG,700,51.0,Mus musculus
SEQ_975223,ACTCTTTTCGTCTGAGTTTGTGACTCACATTAGTCGCATTTTCTGTACACATCGCCAAGCGCCTAAGTATCCAGTTTTTGCGAACCATTTGCACTACCGTTGCCGTCGGGCGCCTCGATAGGGTCTATTCTCTCCGACAATGTGCCCTGGATTTGCGCAACCAGATCCTACTACTGAACCGGGCAATCCCGCCTTCGCCCAGTTGACGACCCCCCACATCCATGACACCACACCGAGTAATTTCCAGTTTTATATGCCATCGTTTACTCAGTCCTCCAATGTACCTGCGGCCTAGGGAAAGTGAAGCTTACGGGCTTATAGACACATAGGGCTTGAAGGACGGCGACCGCATTGAATGGGCATAATTTGCGCTACGGAGAGGGGGGAGCCCGACCACCTTCTCAAACCAACCCGCTCCCCTGCTTCTGGGCGGTTTCTACAAGTGGTTTCCTGCCCCGGGTCTTACCAGGGCCACTGCAACAGTGATAGTGTTTGACGGTTGATCCAACACAGGACTGCAGCTATTTCGACATGTGCTTGCTAATGACGGTTTGAAACCTTATTTCGAGCTACAGGGGGCACTCCGAACTCGCTAGGAGCGCCTAGGGGCCGTCGCATAGGGATATTATCGACCGTGACGGTAATGCCGTTAACAAAGCCGATGTGGAGTTCTCCCGCCAGCTTTAATGTTCAATCCTGCCCATGAATCCAAAATCAACACAGCTCCAGTAACTGCCGGCTGAATAAGGATCTGCGTTCATATATTCGCAGCTGCGGATTTAGGTATGGCATTTATTTCGCGTCTACATGGAGGAAATATATGTGGCGTTCCGGAGAGTCATCAAGGTCCGGTCCCAGGGGGTGGTTGCATACATGAAAGTCTTCTTTCGGCAGGTGAGATGCAATTAAACCGGAGTTTTCTGATTTGAGGCTAGCACTTCTTATTTCTAACCCGGGCACGACTACGATTATAGATCCGCAGTGGTATTCTTTATTCACTCTGCTTTCGTCTCTTATTGCCTAGATTAGCCGCGATCTACCGCCCGTCGGTAATCAAAAATCTAAAGCGGCGCTGTTTACTTCAACCTGGTCCTTACTGAGACAGAGACGGACGACAGAAAGACCTTGAAGGGCCCTTTAATAAGACACTGTTGAGGCGATTAGTGAGTCTTATCCTTCGTTGAATTTC,1189,49.96,Arabidopsis thaliana
SEQ_233173,CAGAGCCGACATCGACCTTAGGTGGGTCGTGACCTGGTTCGTGTTGTTTACGATAGCGCGATCAGTGAAAGGGACAAGGCAGTAGGCATATCCATGGTTGTCTGTTACGGAGTGTCTCGGCCGACTCGTCCAGTGACTTTCCTGAGCGCACAGAATACTTACCGCTTAATATATTAGCCTGTGGCTCGTTGGGGCTTCCCCATGTATCCAGTGTCCATAGATCTCTCCTACATCGTGTTCATCAGCGCAGTATAGTTACGTGCGATGAGCGCCTAGCCTAAGGAGCCATTACGCCTGCAGGACGGCCTAACTACCCTAACTGTCTCGGGACTTGATGAGCTTGGGGAGCTCGCAGGAGGACAGGTACGATCAGTGCGGCTACAAGATGCTACTAGTGTTATCCATAGCAATCTGCTGATGGGTTAGCAATTTATTTACCTCCGGGAGTTATCTTAAAATTACCTTTAGGCTGTCACTTCTCACCGACAACCAGTGCTAAACAAATTAGGACGCCCTATAGCATTGGTATAGATTGGTTTCTCGAGATCGGTGTGTCTTACTCTACCTATCTGGGTTTAGCGGCTCTACGGTCAAGTACAGACCTTGCCGATGGATCCTGTTCCGCCCACGGTCTATCGTGTTCAACAAAACCAAGACCAGCGCTCTAAGCATGAAGTCATTGCAGAGCATACTTAACGTAAAAATGCCCCTTTCAACTTCGTCCGCTTCATCACACACAGGTCCCAGTCGACAAAAACGCCCGCTCGGAAAAGGAGTTAGGGTTCACACCCTACGGTTGCAGGATGCGGGGACGAGATTCTGTAGCCTAAGGAGTGATGAGATAGAGTGGTACCAGATCGACGATCCTGCACCCTCGTTCAAGAAGAGCGTCGCTGGACATCATCCATTGCGATTCCCCCCGGGCCGATGTTCTTGTAACGTAGTAAGGATTGGTGATAGTCACATGAGCCGCAAGGTAACCTCACCCTGGGGACGCGCGGCTTGAACAAAAGTTAATTAGCTCCTGACCCATCTGCAC,1039,50.72,Drosophila melanogaster
SEQ_438980,AAGGATGACTGCACATTGGCGCCATTCATTGATTATATTTCAGGTGTGTCTCCGTTGACTTCCTTCGACAGTCCCACAGGTGTTTGACACGGGCCCTCGCTCATAGTCAAGCGTTGTTTTCTAGCAATCAGGACCCTCCTGTGTTGTGTATAGTAAACACCTTGTGAAGAGGACCTCACCTTAGCGTATCACCTGAAGTAGTGCTTGGACAGCCCTGTAGACGTACCTATGTGGAATAGCAGGATCGGATCAGGCTCCGTAGCGAACTGCACAGAAGTCTACGCTCCCCGAATAACGGACCTTCATGTGGCGAATAGTCAAATAGGGGACCTGCCCGGAGCATCCATCCCCCAAATGTATCCCGACGAACTACCTGTGTGTAAGTGATGAGCTTGTTTCTGTTTATTCGCGCGATACCACGTCATCCACGGAACAGAAACACCATGCGCCATCAAGCGTCCCTGCCTTAGATCAGTTGCCACGTCGAGCGCTTCTCCCCCCAGGTGGGAGCTGGGAAGCTGTAATCTCGTGATTTTCGTTCAGCATTTCAACAACAATAGGATTTTCCTCACCCCAAATAGTTTCTTTGTAGCAGCCACAGGAAGTTGAGAAATTGCCCCTCTAAAAGTATCGTACGCTTCGGTGAGAAACCAATCCCTTTGCACTCATTCGCTGCGTGAGCATTGACCAACAAGTCAGAATCTGGCGTTGATCACACGAAAGCAGAACAAAAAGATGGAGTCCACTTACCGGCTTACTGCTACACATCGACTGAGCTGAGTAATCGGTATCACATGCCACACTGGCCCCTCAGTGTAGATTACCCGACGCGTCCGATTATAAATCAAAGCCTGCACAAATGCTGCGATCTAATACCTACATCAGTCTCAGGCCTGTGCTCATAATGCGCGGGTTTTGAACGGAATTCTGGTAATCTTATAGGTCTCGACAGACAATCCCGTACTCACTATTCATTACCACGATCGACCGTTATACGACGTGTTAACGTAACGCCAAGCTACACGGCGGGCACCGTTTTCATCCTGTACCGCTCAAAGTGCTATCGCATGGTCCACTGAATCCTGGAAAGGTCCCAAAAGACGGACGCTTTACTGACACTATTCAGCATATCTGCGTGGGTTGGGAACGAAAGACTACGACAATTATATTCTGGATCATCGCAGCAGCCTCTTATTCTTAACTTGACACTTGCCTTATCATGGCAATCTCGAGTTCCGCATCCCCTAAAGGT,1252,48.8,Arabidopsis thaliana
SEQ_795958,TCCAGCATTACAAAAGCTGGTCGATGCTGGTATGAACACGTCTCTCGTACGTAACCAATGCGGTGATGGGACATTGTCGCGAACTTTAACCCGACATGAGTTACCGCCGTGTCAGTTCGTTTCCAGACCTCAGAAATTGGGGCGGATTTCGTTTCGTAAAGGACAAAGAACTTATTGATGCAAACCTCCTAGGAATCTCCATAACCGCATGCGGATTAACATGATGGACTCACAGCGCTCAGACCAGTGTTATTATGCGTACGGGTGTACTAACACGGGCTCTAGCGGTTATAATTCTATTCGTTAGAGTTTATAGACTGCCCACTTGTGAACAACCTTGATCTGTGTATTAACGGACCATTATAGGCAAAGACCCGTCGAACAGCACGTCCGAATTAGGTATGAACTGTTCGCGCCACTCCGTGAGTAACTCGGTGGAATGTCATACACACTAACCTCACCAGCACGGAAGATGACATTCTCTGAATTCAACAAATCTCTTATACTGGCGTGCCCACGGAAATATTCTTTGTGGTCCGTTCATTAAACAACCGTGTAAGTAGTGTACGCCTGGCGGCGATGAGCACTGAGTCTCCAGTATGATACGTCCGACTAGAGGGTTTTAGCGCGTACAGGAGTCCGTGGCATCCGTATTAGCACGATAACGGCAGGACGCGGACCAAAGAGATCTAGGTGTATGACTGGTAAGCTGCATCGCTGCCTGGTCATTAGAGAGCATCTAACTATCCGCTACTATTTTTGTGTAAACGTTTATTTGCGTTACACATCCATTAAGTCTGTGGTCAAGGCACAGGCGAAAAAACAACGTAGTCTAACAATTGATGTGTGTGTTGTATGCAATAAACAGATGCCGGATCTAGTCTAGCCTCACCCCTGCTTTCGCGATTATGGATGAGTCAGGACATTTCTGAACGGAGACTGTGCCGAGCGCAAAAACAAGCCCAGTTTATCCAATGAAACCCGACGAACGGTCGTATAGTCGATTCGTATGGCGTAATCCTAATCGCACGTTGACCTAAAACATATTTCCTCGCTAACATGATTCGGAGATAGCCGCTGCAAGTTATACTGGCATTATATATGAGTACGCCGGGTCGTACAGAACCAAGCACGGGATAATCCTTTCGTAGATCGAAGCACGATGCAGTTCATCTTGGCGCATGACAATCCAAGCGCCGTCCGTTAATTCTCAATATGTCTTCGAGAACGAAATCTTGGACGGCAAATACCTCACCGTGGGTCAAACAATGCTTCGGAAGTCAATGAG,1288,46.74,Drosophila melanogaster
SEQ_471387,CGGCTCGATCCAAGGTAAGTGATGCCGAACGCGCCGCCGGAAAGACCTTGTCCGTATGCATTACTAGACCGTCTTCCGCTTTTGTCATTATGCGAACACCGAGCAATAAGCGAGTTCCTCCATGGATTAAAGCCGGAAACTGCTTCGTTGATACATGGCGTCCAATATGGTCTTCGGCTGATCGTCAAGTGTATTTGCTCGTCAGGGTGCTAGGATTGCACCGTCAGCCTGATTACGCTTCGTAGCGTAGCGAGGTACGTTCGTATATAATGTTTACACTGCATCGGCCTGATTCGTTCGGCCACTTGACTCTTTGAGCGTGTATAAGGCAATAGATAGCCCCTATCCGTAACAGCTAGTAACATCTACGAACATAATCACGCTTTAACCGAACATTCAGGGTGCCATGTTAGGGTCGCGCTTTACCCTTATACGATAATACGAGCTGAGCAAGGTAGATATCCTCATGACATTGAAACAGCATTGAAGCAAACAAGCCTTCCCACGACGGCGAACCGTACGACGGTGCGTTTTCACGTCGGAGTATCCTGATAGACGCAAAATGCGGAACTCTACGTTAGCTACCGGGGTTCTCTGGCTTCAACAGTTAGCTGTGCGTCTTCCAGACGTATACCGCACTACGTATTCAGGGTATCCATCTGTAGGGCCTTACTTATTCCTAATTGCATGCCGATCATCAGAGCTTGTAATGAAGCTCTTTCTCAGGAATCCACTAGCCTTGGTGAATTTCTGGATGGGTATTCGGCCTCGTAAGACCGCAGATTAATTGTCTCAGAGGCCATTCCCGACTGCCGACGTGACACGCCTTATAAGGAAACTCCCCGCGCGTGCTGTAAAAGCTGT,864,49.19,Escherichia coli
SEQ_848840,CCATTCCTCTATCATCCTGGGGCTCGTCTCATGCTTATGCTCCTCCCTTTATTGCAGCTGCCATCGGAACAATTCTGCCCCTTTAGCAAGCACGTTACTGCTACACATAGCACTTGCCACATATAACTAATCAGCCAGCGTGCGGCCAGCCCAGGAACATGCCCGATATTGTTCATAAATATTTCGGTCTCCTAACAGAA,200,48.5,Escherichia coli
SEQ_131063,CTGCTAAGCATATCAACCAAATAGTTCATTATACGTGCCAGCTTCCACGGCCGTTATTACGCAAGGTCACCGTCTATAGTTGCGACAGGCTAAGTTATCTCACAGCACGGGATTATTCCCCTGGCAGCTTCCTGGCTTCCGTGACGGTGCCCCGTGGCGCACGAGCCATACACTTCTGACGACTATAGTCCTACATCGAGGACGTCGACGGATCGGCAATTCTTCGCTTTA,231,51.95,Mus musculus
SEQ_657138,AGTCCGGTTGCCTCGGTCTTCTCCACACTGCCCCGACCCCTACCAACGCAACCATCTGCA,60,61.67,Homo sapiens
SEQ_223396,CTTACGTCTGGACTTCATCGCTACCCTCCACGCATAATAGTCGGGTAAATCAGTATGTTAATATGCACGTGCAACCCCTAATGGCCGTTAAAACGTTACACAGCACGCGCTGAATCAACGGCAAGGGTTGACTGCTTTTAGAACCTTAGTAAATTTCAAAGCAGCCAAGTCACTAGGCCTTCCGTCGTGCCAAACGGAATTTAAAGATTTTGAGATCGAAGGTCTTTTTTGCACCTTTGTGCGAGGCGGTCATTATATTAAGATCAAACGTCTAGGCGATAGTACCCTACCTGAAGGTAACGTGCTCTAGTCGCTTCAGCTCATCCATCTTTGAACACGGGGTCTTAGTTTTTTAGCTGTGTACTATTCGTCGGACGCGGTGTCGCTATCCTTAGCGAAACGCTGGGCGACGTCGTGAATTCCAGTTCAGCATTCGGTATTCATTCCAGGGCTCATGATACTGCGATGTGCCACGTCGCTCGATTCCAGTGTTTCAATGGAAGACCCTATGCGTAACCGGAAGTGTACGGTCGACTAACCCTGTCCTATTTGCTCGCGCCCGATACACAGAGGGACTTTGGAAAGGCGTGTGCTATCGGCAGGCCCACCTCGACATATCCGGCACATGGCAACATCGTATAGACCCGCTTTTGATGACTACCAAAGCCGGGTTACCCCCGACAGACAATCCCTAGGACGTGCCCTCTGCTATTGGTACGAATGTGTGACAAGCCGACCAATACCATGAGTAACGAGATTGAAGACGGCATTAGGTGCCGCTGCGGCGCTTATATCTCTAATGTTGTTGGTAAAAGTACATAGGGTGTAGATAGAACAACCAATCTTACCACTACCAAGTTGTCGATGTAGGATCCTATAGGAAGAGTGGATAAAATACGGGGGAATTCTCAGACACGAGTAATAATTTTTTAGTTCGTTATGCTAGCAATAACTACGTTCTTTGTAAGTCGGTCCCATATTTAAAACAACTTGTCTGTTTGTTTGCGCGAAATGCATGATGACCTGCCTTTGACCCCATATCATCACCACAATCATGACAACATAACTGGGCCGTCTTAGTCAAGTAACATCCTATGCAATCCCGAGCTGAGAGGACGACCTTATCGGCGAGACTCATTACCAACAAGTAGAAACTTTCATTATACAGCACGTGTAACTCGTCCAAGCTTCCTAATGTCGTGCCGCTAATCCAAATGCCTTGCTGCATGATGACCTGAAGGAACAACTTCACAACATCCAAACGGATACTTTGACCATATTGGTGCACTCAATCGAGGCTGCTAGCGGTG,1310,46.87,Drosophila melanogaster
SEQ_137746,TACCAAATCCGGTATATGCACAAGCTTAGGGGGGGTAGATGACTGTCCTACGATCACAGGTAAGCTTCGTAAGATGTGATAGACTTTGCTGATAAGGGCCGGCGGGTCTTACAAACAAGCTGGTATTGAGTCGCTGGGAAAAAACTTCCAGTCGCTCTTGAAAAGGATTCTTCAGTACCAAAGGAGGGGCCAGGCCCTGCGCAGTTGGCTGCCTGGTGTACAAACGTTCGGCTCTGTTTAGTATGGAAGTCACCTAGATATAAACCAATTTGAGAGTACGCCTTCCGGATACCCGGTATGCCGGACAAATCTCGCGGCTTGAGGGTGGATCGAGCGACGAAGGGGCTCCGGCTCACACCTCAGATACGAAACGTGGTTCCGGCCGCTACGATCCCAATGACAGGTGCAATACGCGAACAGTTACCCTTGACGCCTTGATAGCAAGGGCTGACGGTCAGTGCGAGAACGGTCTCTACGGGTAAATCGGATGATGACTCAACAGAGGCAGGATTGCGGCTTCGTGCATTATGTCCCAGACGCTTTTACAGATTACAGCGTGACCGGTGCAGGAGTATCACGATGAATCTTCGCGAGCGTATCCCGAGTTCAGGATCGTCACCCGCCAAAATTATCATAGTCACCTCTATGGTTCTCGCGCAATGTGGCCTGGTGGGATATGACATTGATACTAAAGTCTTAGGAGGTACCGTTACCAGTGCTGTCACCTGACATACTACTGCTCCCCAACAAATAGCTTTTACGTGAGATATGGATAGCCGACAGTTCTATGACACTCCCTGTTAGAGAGACTCGGAAAACGGAGTTATGGTAGAAAAAAGCCGGTCGATGGTTTCCCATGATTCGCCGCCTGCTATTTGCCACCGGAATTTAAACCGCATTCAATTTCGCGTAGAAGTTGGTTAA,924,50.22,Mus musculus
SEQ_825120,AATACACCGCAAGCCAGGGTGAACTCTCTCCTGCCTGGCAATTGGTTGTCGAACACCGCAACAGTCGGCTAACCTCTTGCGAGTATTGCATGGGCACCCTGGCGGGACATCCGACTTCGCCGGCGCTAGACGTGATCATCACTTGTGCGGCCGCTGCGTGGGTGGGGAACCGAGACGAGGTTTCCGGTTCAATATGTACATGACCACAAGTGCTGCCTCTAATGGTCACGCCCCCGACCGTCCGCAGCTTTGTACGAAGTAATTGCCGTAGCGCTTAGCTGCGTATGCGGTGCCTGCGCACTTCGCTGATCCACGCCGGGTGATAATTCACCTTTGATCACAGAACCACGCCTCGTTAAACTAGTAGAGGCCCCGTTTGGTAGACCGTGAGTCCTTTACTCTGAGCTTCACTCTTAGGTAGCCCTCATATCGCGCGCGCATAACCGTCGAACCTTATGGTCCGGCTAGGACTCTCAGTGATCGCCGAGTTGAAGGCTAGGTTCCTAAAAACATAGATACGCCAATGAACTAATGGCGTCCACCTTTAGCAATTTTTCATGGAGGTCCTTATTGTCCCTTTAATTTCGATCGCACGGACAGGTCTAAAGTTGCCACCGGCAGTGTTAGAAACATAACCTTGTCCGGATCCCTAGGCCAATGAGCTCAAGATGGATGTTATGTAATCGGGAGACGCAGAAGGCTACAGGCCATTAACTCTATCTCGAGAACGTATTAAATACAAGCCGCTCAATGTTGAAATAAATAGAAACCATCTCCGTGTCCTAGCAACCACGGCCCATTACCCCCGCTTTCATGATGGAGCCTGGTAATGAGCGTAGGCCGTGCAGCCTAAGCCGGCCGAGCACCCATGTTTTCATAGCCGGGAGCCCTATTTATACGGAACCAATCCCGACACCGGAGATTTGATGCGCCTTAAATGTTGGAGCAGTTAACAACCTTTCCAAGAAAAGGTCCAGAAGGAGCCGGTGCGAGAGTAGTGATCGGGGTATCTGCTTCCCTCGTGTTCGACCTGCTGATCTCGCCATGTTTTACCGCATCGACGAAGCGGCTATTCCAACAAGGTTAATGGCCGTCAATTTTGCAGCGTAAAGTCCTCACGATCTTTGACAATTTAATGTCGCCTATGTTTTTGAAGGCGGCGCCTGGCGCGTACCCGGCGGGCTTTGTCCCACGCACGCAAATTCCCGAAAACATGCGTAACATGAATAGCCAGTCAGGATAGGACAGTGCTGCTGGGGAAATTTCGCGGCTCGGTAGTCATTTTAAATCAGAGGTAGTTGACTTATCCCGTCGGACCCGATACGCGCCAAAACGCCTTGTTCCAAATATTCGGCCCATAGACGCGATCCCGCAAAAGGGTCGCGTGGCAACGGTCGCATGCAACATCGAATAGGCTGTAGGATATGCCTTTCAACTGCCTGCTATGGCACGGTACTATGAGCAACGCAGGTCCCGTTTGTATTGACAAGTTTTTGTTAGCCAGGTCTTGAAAGCAGCGCCGACGCCACGGGTTTATTACTGCTCGTAAACGACTAG,1557,51.96,Drosophila melanogaster
SEQ_213579,TATTTATCCAGGTAAACGCCGGACGACGACTTTTTTGAATCGTGTCTACCAACCTGGACAGTAATTCTGGGTCCCATTGTATCAGCCGCCCTACCTGTTTTGTCAGGGGGATCACTGGGGCCGTACGGAAAATTGACACCTAGATGATGAGTTTCGAGGGCTCAAGCCAGTATGGAACTCCTTCGGCAAAAGACCACCAGCTCCGTGCGGTTTGCTGTAAAGGCCTCATCGCTATCACGACACGTCCATTGCCGCACAGTTACTTACGTTAGCCGCCTAGTCAGAAAAATTCGAAACAACACACCGAGTTGCAACTCAACTGACCTGATTATGTCCGCTCACCGGAACCGACGTTTTGTAAGGTATGAGGCCTTGTCGTTGGAAGAATAACTACAAGGTTCGCCCTTGACGTTCACTTCCACCTCGCAAGTATGTGCAGTCACGACGAGGACCTCCCTGTAACTAACAGATCGTGCCACCATTCGCAGACCCTTACGTGCTATCCCCCCATCCGTGCACATCGGTAATGCGGCAGCTGGACACATTTGAAGAACTCTCAGGAGATCGTTTATCCGCCATGTAACACTACAAGCAAAGAGCTTGGCGATTCTAAACCCGTCACCAGTTTTTAAGTAAGACGGTGTCAATTCCAACGTGACCCTAGTGGAGTGTAGCTTTAATGACCACCTGCTAAAATACTAATTACTTTGACAGTCTGAAGCATCCCGCTGTTCGACTACCAGTTCTAGAGAGCGCTCTTCATTGGACGTCCCAGAAAACTGGCCAAACGGGTAGTATAGTAGTGTTTCGTATCAAGGCTACTCAAGTCAAAACCTACCTTACCTCTCCCCCCGGATTAACTAGACGGCTCCGGTCGTTTCCTAGGTCGAGTTGCACCTGTTTGAGTTATCGGTGTATTATGCGTAGGATACAGTGGGACCTACGGCTGGGTGCGTGACCAGTCTATTTCTCCATTTACTCAGCGTCCGTACCTTCCGCAGTACGGCTGTCCGTTGTACGCCTCACTCATGGACGATAATGGTCTCCTGATTTTTGGCAACGTGGGTATGATATAGTGAGACGTAGTTTGTTGCAGAGGACATGAGATTTGTTAAGATGCTCATTGGGAACGGCGGGTGTTCCGCCCTGAGCTGGATCCTTGAGTAAGACGTTGAAAAATTACCACGCAGCCTTGATCGGTCATTGTTAATCTTTGGATAGGCGCTTTGGTTACGTTCTCATTGCACGCAGCCCTGAGAGCTCAGCCTTTCTTTAGATCCGCGTTAAGGGTTTTTACCTCCGAATAGCTGGTCCCGTCTGGGGGCCACTAACAAACTTACAGTCCAAAGTGTGCGCATTATTGCGGCACGATTATTACGAGGCCACAGCTTTCGGACGTTCCACGTTGGCTGGAGAAGGCGGAGTTCGCACCCTATTAATCCAAACTGATGAAGTTGCAAATCGTAAGAAGCATCTAAGCGGAGGTTAGCATTAATCGTGCGCTGATGGAGCTGATATGAAACGAAGAAATAAACGT,1537,48.99,Escherichia coli
SEQ_316920,ATTCAAACGTAAACTGTGGCGCTGAGTCGTCAGCTCTCTTTATGGCGGTGGGGGGTCGGGGTTGGCCTCCTTCGTGGAGAAAGACGCGAAGAACGATCCCTTCGGGGCATCCAGCCTATCCTCTCCTAGATTTAGTCCACAGTGCCTCGGGCTGGCACCAGGTGAGTAGCATAACCAATTAAAACTTGCAACTAGGTCTGTACCTTCATAGGACCAATTTGACGCTCTTGGAGGAATTAATGCGAAACAGATTTGAGCGTTACGGCAACCTAGTCCCACAGGGTTTGCACATCTGACTTCGAGCGATTGCAAGGCATTGGGAAGCACCTTCTTGGTGCGCAGGCATTAGCCAGAATAATACCTGTTTTGCTCTGCGGCCGTCGAGGGCTAGCGCCCCCTTGCAAGGCATATCGTACCGACCTAGTCGATAGCCACCGACCGCTTCGCTGCGCCTAATGGTCGTTACATAATTCAAGCACAAGATCCGGCTACATGTCCACCCTGCGTCTTTAGCCTCCCTAAGACGGACATCAAAACCCTATCAACCGAGATGGATATTAATGGTGCCTCTGGCCATGTCTATTGTCCTCGAGCCCGATCTCGAAACTTTACCCAGCGGCTCAAACTTCATGACGGACAGCCGCTTTATTTTATCTGCGACCCGCATAATACTACAGGCATGGGTACGCGTTTGGTTGGGAAGAGGGAGAAACTCGTCATGGCTTTCATGGCCACGAGTGTTCTGCATAGTCATTTAAGGATCTGGCTATGGCTGCACTCGAGCTCTCATTGTACGACAATATAGCCCAAAGGGTGGCAAGGCTACAATATAATCATATACGATTGAACACGGCCTTCGTGAGCACTCTTGCCTCGGACCTATAGATAGATGCTGTTAGTGCGTGGTTTATCAAGTCGTATCCTCTATTGTGCCGCTACTTTCGCGTAGCCCCCCGCATGAAACGCCTTCGGCTGGAAGCGGATGCGTGCTCGACTCATCTTTAGAGACGTGACTAATAGCTTTAAATTTACTAGATGGGAGCTTGGTAACTCGCTCTTGGATTATCACCCGTTGCTGAAAGCAGAGTCGGATAACATCGCCCGCAGGAAGGAACCAGTCGCCTGCAGTCTAATGCAATCTGGGAAACATCTTGGTGCCGTCAAGGATGGTGTAAAGAAGTTTGCTATAA,1190,50.5,Caenorhabditis elegans
SEQ_723587,TGTATCCTAACGATAATGCCTCTGCAAAGAGCAATATAACGGCGCGTGGACCGCAGATGTGGCCGGACGTCGCGTTTGATATTTAATCCTGCGCTCAGACGCAACATTGTCCGCGATTTACATAGGCTCCGGCCGGGTATATGACATATTATAATAGGCTGTTGTCGAACAGAGTTCTGCAGTTATACATACCGTTTAAAGATATTTAGCTCCGTTCCTAATCTCGCAGGAATACCGTACATGTCTAGCGACATGTAAAACTTGCAATAGGAAGATTGGTCGAGATAACCTCGTCTGGATGGGCATTCGACATCCATATCATCCTGGAAGTCATCAGCTGGGAAGTTGCCTTAGACGATGGCGACGTAGCCACCGCTAGGGGACGCTTCCGGTTTATACATACCTAACAGGTGTCGTTCAAAGGCCGTTCGTCGGTCGCAATACCCGAGCATTATACTAAGCTGCGTGGACAGAGGACACAGGGGACGGTTGCCAGGAGGGTTGTAGCTAAACATCCACA,520,48.85,Saccharomyces cerevisiae
SEQ_739126,GAGCGATCCGCAAAGGATCGTTAATACTCGAAACCGTCGTGACCTCCAATCAACCATACCAGCTCGTAACCGCCTTGGATCACCCAACGGGGAGGTCGAATAAGTTGAGTTCCTATTCTCGTTTGCTATCGCATTGTTCAATTTTTTCTCAAGATTGTATGTTGTGCAGTTTACCCGACAATGACGACCGTCAATCTTATCCCTATAACTCATCCGTGGTCATAAGTGGATTCACGAGCGAAATAGATAAGATTCCGCAACGACCCTAACCAGGTACTGTTAACCCCACCCACGCCACGCGGGGT,305,47.87,Drosophila melanogaster
SEQ_443257,GCGAACAGTACGAGCATATAGAACCTCGTCAGATTGGTGTACGAGTTTAGTGTTTGCTACTCGGTTCCATCGTTCCACTAATACTTCAGGCCAGCTAGGAGGAAGCATGGGGCTATTACGACGGCCTTCCCACAACCTAGTTGGTGTATGGGTGTCATGTGGTATGGGTGCATACCTTTGATAACCATCGGTCAAAGCCTAGCACGCGTCGTGGTTATAAGTGCGACCAGCCTTGTAACCGCTAAAAGGGACAATGGAGATACGTGAATTGGACTGCTGATGTTCCCACCGTGTATTCGCAGGAAACAGATGCTGCCTAGAGCGGCCGGACCAC,334,50.9,Arabidopsis thaliana
SEQ_342897,CCGGGTAATATAGTCAGGAGGTTTTCCTGACAGATTAGATTTGCCGTTCCAAGGGCCGGTCCTGCCCGGTATGGGCGCCTCAATTTCAAATATCCTCCATATCTGTTAGATTTTTCGAATCGTGAAATCCTGGCTAGCTATCATTTATCCGAGAGTAAGCGATACTGTTTATACCGCATATCTCGCAGCTAGATCACGCGGTTAACGGAGAACTACAGCTGTGCGATGCTAGTTGGGCCTGAATGAGTGCTCTCGTAGTGGTAACCGTCCATACTGCAGTGTACTTATCAGCCATCTATCTAGGTAAGCTCATCTTATCGGCACAGGATACTCGGAAGGCGGATCCGCTAGATGAAAAGAAGCCCTGAAACATTTTACGTAAGCATCTTTCGCGTTCGATCATGCTTGTGTGTCGACGCTGCGGCAGGCGGTTGGATAATTCACAGCCGCTGCTACCGATACGGTTAACTAACACGCGGGAGAGTTTTCCTACTAACTCATCGAGACACTACAATCTGACCATGTCATCTAGATCAACAGGTCATAGGTTTTAAGCCGGGAGAAAATATATCTCCTGACCCTTTAACTTTTCCTTCCCGCGTTGGTGAGCTAATCATTAAGGTTCAG,627,47.05,Homo sapiens
SEQ_609184,ACTTAACACCCTCTGGTGTGCTATATCGGAGCGAATGTCTGGGGTCGTAGCCTCAGACTCTGGCGTTAACAATTAACTTGCAGGTTAGTGGTCAGATCCTCCCAGAGCCAGAGTGCTTGTCACAGAACACCTACTTTTAACTACTGCTTTCCAGCACTCCTACCCGGCTCCGTACGAGTCGTGTCTCTCAGGCACAAACGTAGCTCGTTGGACCGCCTAGTATGGGGATTCCCTCCCGTAATAAGATACTTTGTAGGTTACACACGGCCAGGACAACTTCTGTCTTAAGAGATGAACAGTCTAAAGCACCGGCACCGCATTAATCGTAGAACAGGGATACTGATCCCGGGAGCATGTAAGCGCAGTAGCTATCCACCCTGCTACTGTCGGACTGCGTCGTCTAGCGCAGAGGACACTCGTCGCCTCGTCAGTTACAGATCCGCTTCATGGAGTACACTCATGTAGAGAGATGTATCACTCTACAGGCGCTAATCCAACTTGCACCGACTGGGCTGATCAACATGAGTGTGGAAGCTGCATGTTTAAGTTGCTTTCAGCTATTTTGGTAGTATTTTGACGCTAGGCCCGCAAAGAATTCTACAGTTGCCTCGCACGCGAGCACACGAACATCGAATAGAAGTACCCTGTCCGCGAGTTCGGACTGTTGCTGGCACAGAAAACCTCATCGATACGATTTCCGTGGACAAGGCAGAGCTCTGATATGGATAACAGTGGGGCCTGGATTAGTACCCTGTATAATACCCTCGTCGCTTCACTCGTAACAAGGTTTTTCCTTTTGCTTTGAGGACGGAGAGGACTTTACTGTAAACCAACCAGTGTTTGAACGGGAAATCCGAACTATCTTAGCTCTAGCAGACGCCTGTGGTACAAGTGCTCCCAACATGGGTCACGCTAACTAAGGGTGATGTGACCTTCAAACTACCTCAGGTTTCGCATTACTCTAGTGTGGGCGCCCCTGGAGAAAAAAAATTTCCATTTTGCCCCGGCTTACCTTCCTTTGCTGCTCAAGTTTAATAGTTCCTGCGGTGGAATCATGTTTAGGTAAATCGTTCCTTACGTCCCTTTTCGGTGCATGCGAGGGCGACGAGTTGAGTTTCTAATAACCCCTGAGTGTTCGGCTTTACATCGGTCTATAGGAGGCGTAACTGTCGGTAGAACTTATGACGTCATTAGGGTTCCGGTGCTCGGGAACACGTGAAATCTTTCGCAAGGTTTCTACGGCCACGGCACCGGGTAGCTCATGATAGACCAGTTCGCGTCAAATTGCCAGGTATCGCATCTAGTGTCAGTTCCCGCTGCAGCGTAGACTAATACTGCTACTAAGTCAGCGATTCGCCGTATGCAACCACAGGAGTGAGACGTGGTGCGGGAGAGTGTATCAGTGCCACAGCTCGCGACAGCCTCCTCACTCGCGCCGCATCGGTCGGGCACACTATAGTTACCCGCCAGCACTCCGTTTCTGGGTGGTCGTGTAGCGGCCTGCGCGTAGTCTGTTGAATGGTTTTGTACGCAAACAGGTTCAGTGTTACTAGCCACCTGCGATACTACTGACGCATCCATTCACACCAATCATGGTGACAGTAGTAGACTAGCTGACAAAAAGTCTTCCCGGGCGGAACCCGGGGAACTACTTGAGATAAGCTTACTCTAGCATAGAATCAATCACGTTTTTAATTGTGATCCCGGGACGCCCGGTCTCAGGCAAGTATACAGGCCTATCTATGATGAGTGTAGGCCCTCAGTCCTGCGGTTAAGTCCA,1780,50.51,Homo sapiens
SEQ_806028,ATTCGGTGGGGTGAGACTGAAGTTCCATTGAGGGGGTTGCTTACACGGGGGATGTAATGACAAGACCAGGTCTCAACATATGCATTGTCGTATAGGGGACTGGGACGGTACGGATTGGCTGGTACTTTGGACTAAACCCTTGACGACTTTGTCATTGCTTTTGAGATGCAGTTCTCCGGAGTGAAGGTTGAGGAGCTCCCACTGGTGACAGGGCTAAACGTCATCGAAGTCTCGGCGTTTTGTAATGTTAGAACTCGTGCAGAATACGATCGGCACGGCAAAAAGACGCATGTGTTCAGTACGGGATGCGAAGCTCTCATTAAGAGGATATCTTCGGCGAGTAAAGCTAATAGTAACTACAGCCACCAGACCCGATAAAGAATCAAGCAAGCTGGCTCAACTAGCTGACTGCTATAGACGAATGGCCATACCTTATCCCCGAAGTAAGACTGTTGGTACTGCATTATGAGTTCCCGATGGACGTATCAGTACCTGCAAGAGAGATAGGCAGATACAACACCTAATCGTGGACCAAGAAAGCTAGTATACTTTTCTTGTGGAAACCCACGAGAAGAATTGTCCCTACTAACCCAGTGCCTCTTATTTCGGGCCGAGTCACAGAGGAGCGGCTGCGGGCACCAATACATTTGGTCACGATAGCCGTAGCGATCCCAATGCTTTCAATTAATCTTCCCTCGGTATACGGACGACGGCCCCCATGCGGAAAAGCTACATAATACGTATCTATTGTGGATGCTGGAATAGCATTCGGTGCCGGAGTACCATCTGCACGCCCGCTAGGATTTCTCTGGAAACGTTTCTTGCATTGAAGTAAGACTACCACGTGTAACGTCCCCGCCCTACGTTACAAATGTGCGAATGGCCAGCTCATCTGATAAATTATCCCTTAACATTCTATGATCTTCTCGTTCCTCGTTCGACCGGTCGCCTTGTAGCCCAAGCTTTTCAATACTGCTGGCAGTGACCATCTACGAGGAGTTTATCCGCATTATATGATATCTAGGGACTTTTGTTGCGAAGATTAGCGGAGCGACTCCACGATCC,1065,48.36,Mus musculus
SEQ_590035,TGCGGTAGCCTGTAGAGCCATACAACAACTCACGGGCGAATAAGCTGGGGAAGCTATGTTAGTAGTGGACTGTCTTTAACCCCAGGTCTCCCCCAAGTAAGGGGCTAACGCGAACACATACATTCCAGGCCTCGGCCGTATAAAGGAATCGGACTATATCTGGAAAGGAACAACGCCAAAAAATAGGGGTACCTTCGACAGGTGGGGCTCTATAAGAACATGGAAAGCCGCAAAGAGATGTTACACTTCGTACAGTCGGCATGGAGGGCATAATGCGCTATGCCCGTGCACAGCAGTTTCGAAGGCCAAGAAACCAATGTGCTCGTCTGGAGAATGCTTAATTACCTGAACCACACGCGCGAGAAGCGTGTTTTTGTGAACCTGACCGATGTTACTCATTTCGTGGGAAATTCACGTATTCGCGAATGGCCGGGCTTATTTCGCCTGGTAGTTCAACGGGTGTGGAGAATCGGAGTTAAAGACAGCGCCCCGGCTTAAGAGTCGAAAGGCGCTTCACACATGGGCGCCTGCCGCAAAGTGCCCCAACATGAACAAAAGGAGGGCCCCCGGGCGCTAGCGTCATGTGCTTAAAGCCGGTCTGTAATGTTAGCGCGGTAATGCTGGACGCATAGCATTGGGGCCACGTTCGCGGAAGCCTACGTTCCGGTTTCAAACTGCACCGACACCCGACGTTGAACGTTGTTTCGGCAGCAATTGACGCGTGGCAGTCACCGGGGAGTTTAGATTAAAGGTGTGCCAGAATATTAACGCTAAACGCCGTTGGCATGGCCATTACATGGTGTAGGGTCATGCCTGCCAGTGCAGCTTAAGATACACGTGAGCGGTTGCGACCCGGGGTGTCCGTGCGATACATACCAGCGGCTGCTATCTACTACCGCTGACGAGGTATTACAGCTCTATCAGGTAGAGCGCACAATTCGATTTGTTCCTTATCATGTATGCGCTCCAAGACAAACACAGCCGATAGCGATTTCGCCTGGTTGCTGAGGCAAACCCATGGTAAGGAACTAACAGAAGCTATGTCTTGGGAAAGAGGTACGAGGGCCCTCGTGCAGCGTCACCTTCCTTGTGGGTGATGTATGACCCGTGGTTACTTAGTTCATGACGCATGTTATAATGCCGAAAAGGGTCGTTGCAGGCTGCAGATGAAGGTAAAATGACTACTCTGAATTGCGACACGCGTGTGGATGCCGAACAGAGAAACTCGAGTTCCACTGAGCAGTGAGAGGTTAAAACTGGATTGTTAAAAATCAATTGCCTTCTATATGATGCACAAGGGTGTCGCCAGATGGTATGATGACTTCAGGCTTTTAAAACAAACATGGCTCTGAACCATATCCGACTGCTCCGGAATCGTTGTCGACAACAATGCAGCATGCGAAAATCAGTCAGAGCTGTCTCGTCAGGGGTTAGTGATTGTTACCGGTTGTATGTGCCATCTTCCTTCACAAGCAGGTGGTGGTAGGGTACTCTAAACCAGAAGCTACCTGATGTATCTAGCGAAGGCATGCGATCGCAGCCTCTAAGTGAGAGCACTAACGTTGGAGGCTAGAGGGGTGCAGAAGCGTAGCTGCGCCCGATACGTGTGAACTGAAAGTCTCTTCACGTGAAAGATGCAGCTCACTAGGTATCCACTCAACTCTGATTTAGGCAATCTAGAGTCGTGAGGAGTTCTTCGTAGAGGCCTGCCCGTGTCTGTCATAAAAGTCATATGACCACACCCTTTCTCGGAAACACGTATACGTCCGACTAACCGGT,1779,50.7,Mus musculus
SEQ_350500,CGAGCACCCGGACCAGCTGAACAATTAACGGAGGCAGCTTTGAGCTCCTCTTCATAGCCTCATACTATATATGCCCGCAAGCTCAATCAGTCCCCCATATCAAAAAATGATAAGCCGCATTCTGGATCAGGGGATATCCGTGGTGTGCAGGGGCTAGGTAAAAGAACCACACGAACGGGTCTCAAGTACCGTTTTCTTCTGACCCCGAATTCCTTGTGGATAGCCCTGACCAAAGATCCACGAACGCGCTTGGTTGATGACGACCGAATTTAACTGAAAAAATGGGGGCACTGTTATTTCGCAACGGGACAATAGAAAACCGAGACGCCTACATTGCAGCATGCGCTGTTCGTGGCGCCTTCCATTTTTGAGGAGATGCATCGATGGGCCTGTGACGGAACACCCCTGGTCTGGGAAACTCTGTTTCTCGACCACATCTATGTAAGCATATAATGAACGCACGGAGTTGCTACATTGGCGGACATCGGTCATAATGTACCTTTCGGTACCTGTCCCGCTCGCTGGGGCATGGCAGGGTAAATTCCTCAGGGCTGTCTTGACACTCCGGCCTAAGCGCCACGCCCTGGTTGGGTGGAAATAAAGTGGAAGTTTACCACTCGTGAGGTCGTAGGGCACCACAGCTTTGAATCTCGGCTGACAATAGCTTATCTAGACCTTCGTTACCATGCGCGTACCGGGAAACCGATCGTGCCGTAAACAGCAGCCTGCGTGACGGCATCCGGGTGGCAGGAGCTGGACGTTCCGTCGCTCGCAGCAATCGGTCATATTCTTCCAAAGTAGTAGATGGTATAGTTATTGGTGGAACCGCGTTTTATTAATTAATGCTCATGCCAGTGCCTTCTTGTATGGCGAGTCAAGAGCGACGGTACGATGTGCTAACGTCGATATGGGGAGCCCGTTGCGTGGCTTGACTCGTTTGAATGGGACATAACAGGTTCGACTAAAGCTTACATTATTAAAGTGACCGCCAGTGGCGACGCGGATATTAATTTTAAAAAAATGCCAAAAATACCGTGGGCAAATCAATACTGAGCCGAGCAGTGTCGATTTCTTGAGTTTGCCACCGCAAAGTGACCAAGTAAACACACTTTCGTCCGTCCGCCCTGCGCTAAGACTGAGATTGCAAAACTAAAATAATTATCTGTGGAGCCGACCCATCAGGGTTGACATTCCATGTAATTTTTCACAATCGCGAGCGACGCACGTGGGCCTCCAGGAGCTAAATCGATTAAGCCTTGGAAGGCGTTGTCGACCTCCCAAGCCTACTCCTAGGTAAGCTTGAGCGCATTAGTGAAAAGGATATGCCGTTGGCTATCGTGAAACCAGAGTATATTAGAACTACGACGCGCAACCTCTGCAGTATCCAGCCTGAAGAACGCGGTTGAGGTCAAGTTCCGGGTTGATTAGTACCTCGAATCGCGAGCTACGCAGTTCGTGGATCTTCG,1466,50.2,Caenorhabditis elegans
SEQ_555796,GAAGGCAGCCACCAGCCAAGAGAAGACCCTCGGGTCGGAAGAGCGGCTCTGTAACAACCCGTTTGCGCAAAGTATTTTTGTGACTCCTCACAGTAGAAGAGCCGAAAGGATCTTTTGCGTAGTCCAAGTCTAGCGAGCCGTAATTGATAGGGTAGGGACTAGCTACCCGGTGAACGGAGGTAAACGTTATATTTCGAATGTCCAGTCTGAGCCCATTTTAGTGTGCAAAGCATACCTAGGACGTAATACGCCCAGACACTCAGTCGTACTCACTTGACAGTCCTCACATACAGCAGTGGGGCAAGAGGAAGCATCCCGTTAACCGTTGTACACAACCCTGGGTAAGATACCTCCGTATTGGTCACAGTGGGTAGCCTTCTCTTTCGTCGGTCACAATGACGAGTGACATCAGACGGAAAGACAGTATAAGCTATATTTGGCTTTATGCAACACTAGGGGCATCCTTCACGGCACCCGCTCGTCTTCCACCAAGCGGTCTGAATAATCCCGGGACGGGCGTCCGCCTGGTTCCACTAACGTCGGTACGTTCCGGACCTAACTACAGAACCCCTAATGGACTGGATGGTAAGCCCCCAAGCCCTGAATATCCTAGAAAACTTGGCGTCCGTCACCTGTGCAAACAGCATGGCGACATTGCGAATGCCTTATGACAGCCAGGTGCATCCTCTCCTACGGTATGTCCCAGCGCTTCCAAGTCGTGCAGAAAGACATCCACCGAACCTTCTCCTCATTTTTCTCACCCCCCTGTACTGGCCGGTTTGACCTCGATTGGTATATGTGAGCAACCGCAGGGCCAGATTGATCTACAGTTTCAACCCTAGTTTCTACCTCAGAGCGACGCCAAACTAGATCCGGCCGCTTGGTCAAACGTTCTAGTGGCGAAGACGTGCCTCTTCGGAGGGCCTAGCGAGTAAGAGCTGTCGAGCAGACAGCCCGGGCCACATAGTCCACGATTCCCAGATGTACGGGATCGTATTGCGCGGAATGTACCTATATTGCTCCTCAGTGCCTACAGCATTAGGAGCCGCAGCCCACTTGAAGGACGCTGTACCCGGTCCTCCATCCCCGACATTAAAAATGTGGACGAAGTATAGGACGCCAGTCCACAACAAACGGTGGGTCAAAGACACTACCTTGCATACAACCCATTCTGGGCAGAATGCCTGCCTACATCGCCCAGATGCACGCCGAACAAGAAACCCACTGTACCAAAGTGCTCTGCCCCAGATTGGTTGTCAACATTGCATGTATGAAGTATGCCTGAAAGGCTACCGGAGCAGCGCTCTTGAATAGGATGTTTTCACTCTGGAAAGCCAGTGCTAACAC,1347,52.26,Escherichia coli
SEQ_257629,CATAGACCCCTATAAAGTACGAAGGAATAAAGGCCTATAAAATCCTAGAGCTATCATACCCGGGCCAGTACTTGCTCGCGCTCTAAGGATTAGCGTGGTTATCCCACCAGATTTACCTTGCTCAATTACTATTGATGGGAGATTTCTTGCGTGCGAGCGACAACCTATCCCTCGGGGAAGTTTTTAAATGTGCTAGATTACAACGGCTTCAGAATGTGCTTGCCTATCGGGAAAATATCTGAGCCGGCCTAGGTTACGACTTCCTTGGAATTCGAAGACATCTGCTCCATGAGGCACTAACCACCAGAGCTGGTACGACAAGCCACTGAGAGTATCGCAGATCCCGACCCATAACGGGTGGTTTTCTTTGATATCAAGTACTGGCCTGATATATTTGCCGGGGTGAGTGCCACACCGAGCTGTGATCTGCTGCGATCTCCGCGCATCGCGTTGGGCCAACGTTGGCCTTACCGTGCGAATACACCGAGGCGCGGTGACTTACAGGAGCGCTCGCGGGTGCTCTCCCCCTTGCCGGAACTATCTATATTGTGTGTGCTACGCTCTGATGGGTAGTGCTGCGATTTCAGAATGTCTTTCGACTTCAAGCCCGAGTTGTGGTTATTGCACTACTAGGTATGTTGTGCGGAGTGGCTGGTAGTTCTACTTCGGTGAAAGCTTCCACTGGTACCAGCGTGGTGGGTCAGAGCACCCCGTCTAAGTGCTGTGGATCTAGATTCGGCCGGTCTCAACAACATGTGCGGCTTAGCACTCATCTCCAGGCAGCTCGAATCGCTCCCCACTGGGTCGGTCTTTTTTTACTGTATAACTTGTAGTCGCAATAACTCCACGCTATTCTGTGGTGACAGTGTACAGATGTGGATTTCGGAGATTAAATATCACGCCACAGCTTTAACGTCCTCCACATCTGACATAAGCATTTACAGCATCCAGAGAGACACATGAGGCGTGCTGTTGGCCCCTGTATGCTTTCATGTCGCACGTCACGTATGGGACTATGGACGACCACCCAAAGTGCACCATTACATTCCCAAAGTTGCTTATGGGGATTCCACAGAGACCGCCTACGGCACGCCGTGCATTGGTAGTCATATCGCTTGCAACGAAACCTGATGTACCTGAGACGATTAATCTTTCGTGATTGTGTGGTCATGCAGGTGGTAAAGTCCTTAAGCTGGGGATCTTCTCACACTTTTGTTACTGCTCCCATAGTTCTGTAGCATACTCTTTTCATGAAAATAAGACGCCTTAGGTTGACAGTACACTGAATTGTGGTGCGAGCAGATTTATGCGATTAGGGAACAACAATAATACCAAACACGCCCGGATGCATCCCAAATAGACATCTCAGGCGACCGCTAAACCGTTGTAGACTTTCACCATCCGCCACCTGTCGTCGGCGTCTCATCGGCAGAGACCCCCGGTGCCCCGATCTAAGGAGACCCATGCTAGAGCTAGCTGCCCACCGGCAAGAGAGCAGCCTTTTTCCTCAGGCGCGGGCCAATCTTCGTCAGGACAAACTTTCGGGAATGTTTGAATGGTAGACATACCGTGGTTGACATTATATTGGTGCGTCTGGACTAAACTTCTAGACGAGTGCAGTATCGCTAGAATTGGCCCCAGCACACAGTTCGGCGCGGCGACGGATACGCCCTTACAAGTGGATATGCACTTATGGGCCCCCAATTCAGATAGCTTCGTGTGCTCATCTCTAAAAGGAGGGCTCTCCATCATGTAGAGATTTTGACGGCTTCCCTGGATTCCGCATGTAGTCGCTGTGTTCCTCTAGTCTGATGAGCGTTCATGGGATGTACCGGTGCAAACCCGTGGGTTAGGCTTGGCATTCGAGGCTGCCTAATCGGCCGC,1884,50.74,Arabidopsis thaliana
SEQ_401566,CCCCTATGCCTCACTTATTCAGACTGTGACCGCTACGTCTCTGCATCGGTACTGTCTTAGGATCCACAATTCTCCGAGTCGGTGAACTTCGGCCCTGCTAGTAGCGACATTTGATTCTGAGTTCCAAGTGCCCGATGGGTGTATTTTTGGGACGTGATCGCTGGCAGGAACATCGGGCAGGAACTTTTCGCATCCGCTTAATCCCCAATCCAGCTACGCTACCACACCAAGGTATAACAATTGCCTAACTTCGAGTCTGACGACTACTAGCTGGTGGTAGTGGTCTTAGGCTATTAATCGAATTGTATGGTTTTAAATTCGCCCACGAACATTCATCTGCGACTGCCACGTTATCAGGTCAATGCATGCTGCTCCACTTTTAGGTCTTGAGGAGCGTCTGCCTTTCATTAGTCGCTGCATGCTACTATGTAAGTAGGCGAGAGGTGGCTCTCCTAAGGCACCAGGCGTATTAGTCACAGTAGTAGTCAAACTGTCGACTAGTAAAGTAAAAACACGACGCCAGTCCTACGTTCGCGGGCGAGCTCCTGTTTAACGTCCGGATGCTCCACAGGAAATGGGGGCTTT,585,49.74,Mus musculus
SEQ_182229,ATGACTTAGCGGGAATCCGGACTGTGATTCGAGGTGCCGTCTTATATGGACGGGCTAGGCTCACTACGGGTGTGATAGCCTCCCTAACCCACGCGAGGTTTAACCGTTTGAGATCTAAAACCTCGCGTTCTGGGTTGGACCCCCAGTGCCTCGACTGGATAACTGAGGGAGGTTAGGATTATGAGTACACGAGAATACACAGGAATTCCGTGATTTACGCATCGGGCTCCTATAGATGTGATCTGCGTCATAATGAACAGTGAGGCAGGAAGAATCGGGTTGGGTACCAGCCGTCACAATAGGTCTGTCGCGCATCAGGGTACTCTGATGGGACATATACCCACGTCGCGTCCGGGCGCTAGGATTGGAAATCACTTTTTACTTTGAGGCTAACTAAATATTATAGACTTGGTCTACGGACACTGCTCTTTGCAGTGGCCATAGTACCGAAATCACCGTACTAAGCGGTGGGAATCAGTTTTCCGCTGAACCTTTAGGAACAAGCAAGGCCTTCAGCTATTTATGCAGCGGCTTGTAACGATCACCGTTTCATCTATAACTCTACAGTTCTCGTTACAATCCCATCGGTCCTGCGGTAGCTGGTACCCACTGAGCCCCATACCCACCGGCGTTGGAATCGCGCCAAACCCCACCTTATATCGGCGACTCGGCAAAACTTATGAGTTACTTCTGGGAACTGACCAACCGTTCTCGTAGGTGACTCATAAAACATTACTGCGATCAACTACCCTTGTTGATTAGCCAGCCCAAGCGCGGAACGGGGGGGCGTGGGGTGGTTGGCGCTGACATCCGCCGGCTCTCCGTTTACTTGGACGCGACGTGCGAGCCTCGAACGACTGAAGAGTTAGTTCCAACACT,879,51.65,Caenorhabditis elegans
SEQ_334927,AGGAATCACGGTGTAAAGTCAGATCGTTTTATCCATTCTGTCCAGACACCTAGTTCGTGAAAACCCCCTGGCCCACCTTCGGAACAGAATTTTCTGTAATCAGCTCGCACCAAATACTGCTAGTAATCACTCGAGCTGCCCCTGCTGAAGCAAACCCAGATGTTCTACGTACAGGAAATCACCTCGAAAGAAATAGCGGTACGGAGACGCTGTAAGCAAACTTAGTAGCATCCCAAGATTCCCGTCCGACAACTAAGTCTGATTTCAGTCAGTTCACTCCTTAGCTACCATGAAGAAGTGGACGTACAAAAAACTATATTCTGGTCTTGTAAAGAAGGCAGCCTCTACCTCACGGAATTCATAGCCCCTTAAAATCACCGCAAATGCCCGCCAGTTACTGGAACAATGCGGCCAGCAAGCCTCTCAAAGCGCGGAAAAGTGACCCAAGTAATTAATATCATTACTAGTGGTTCTATGTATCTCAGGAGAGCCGTAGAAGCTCTTGAACGGCTCCGTCGTGTTCCCAGCGTGCGCTGATCGTGGGGTATGTTTGATTCGGATCACGATTTACTAGACATATAAAAGTTTATTGCCCAGCACGTGATCCAGTCTGCCTATAGGCGTTGACCACCCCGTCGGTACCACCCGAACACCTGGTGTTCCGCCGGCATTTCGTCCTAATAAATAGGGCGCGCATGGTAGAGCTCCATTAGTACGTACGAGTCACTCTTAAATTCGGTTATGATTCGCGCATTTCATCCTTGTATTGATTCTAAGCTACTGATCGAAGCTGATCTGTAGCGTCTCAGTGTGACCATACTAATGCAGAAATCATCTTATATCGAATATCAAAGAAAATCTTGTGAGGATCTACACAACACATCGTGGTTGAGTACTAGCAGTAGGCGCCGCGCACGAAGATCGCCAGTCTGCTCATGTATTAGTCTGCTCATCGACAAGACACACAGGATCACAGGCGGCATATTCTCGCCGAGTGATCCACCGCATTTGTTAATAGATTACGTTCACTTAATTACCGTGCTATATAATGCCTAGTACAACAGACCGCACGGAGCGGAGGTAGGCCTCCACGCAATTGAAGTTCGCTCCGCTCCATTCTCTGATGGCTTATTCAGCAACAACTGCTTAGCGTACTCATTAACTAACCGAACAGTAAGTAGGCGCATCTCAGTTATCGCGTGTAGGTATAGATTACA,1217,46.75,Caenorhabditis elegans
SEQ_712750,GGACCTAGTGAAAGGTTTAAAGAAACGGTTACCAAGTTAGTATATGATCTTCACAGCGAACAAACAAAGGTCTACGTCAAGAGCTGGCAGCGAGTGAAGCCCGTCAGGCAGCAAAGGTAGTCGGGCATCACCGCAGTAGAGTTTCTATTGACCAAATCTAGAGGTAATCGTACTTGTTCTTTCTCTCGGCGAGTTCGTCGCTGAGTCGGGCTCCACGTCGGGGAGGGGACTGGGCCTTCATAAACGTCTAGGTTTACAAGAAGTGACGTGACTTTCTGTCGTGTAATGATAGTGCTCTAGATTAACTACCGGCACCTATCCGCATTTTCGGCACTTCCATGTTCCCGATTCCGTCCTATATGAAGAGACTCAGACGACTTGCTAACGTTAATACTGGCCACGCTGAGATCCCAAACCTGCTTTGTAGTACGAACACACACAGGTGTCGTACGCTCTATCGGTTCTCCGCGCCATAAAGACCTTAGGGAATTTGCCAGAGTCCCACAAGGAGCTCCAAGCTAGTTAAGGTCATTAAAGTAGTTCAAGCTGTGCTATGACAGAGTGGATCGGAATCTGGGGATACGATTTCTATGCAGGACAACGGTAGTAGATTGAGTTGGTGGGATTCGAACTCTTTGCTATGCATTTACAAGAGCTCTCAGTTTGCCAGTATCGGTGGGGGTGAGTGCGTCTCCATCTTCTACCTTTTCGCTTTTTGTACTTGAACAGCGCAACCACAGGCCCCCGCTGCCTTACTCGAATAGTTGTCATAGACTTCGACATCACGTCTAGAGGCCTTAATCCTAAATCCATTTCTCTCCGCAATCCCACTACGTGGAGCCTTCGTTACTTACAACTTTGACGGCTTATACCAAGTCTACAGTCGGGGAATGTGCGACCCCCTGCGTAGCTGTGCGTTCCGTAGGGTACTGTCGGTTGTGTCCTGGCTCTTAGTCTCTAGCATAAGGTATTAAAAGGCGGGTGTTTGCACCATCTAC,998,48.7,Saccharomyces cerevisiae
SEQ_925735,TGCGCTCTAGGCAGACGGAACAATACTGGATGAGCGCAAAATATACGCCTGCTCTCCAGAGTGTTTAACTTACCTGTTGAATGTTGAGAGGTAGGAACAGCTTTCCGTCTACAGCACGCGTTTTCCGACAAGGCACGCTTTGTATATTAGTTTGTTGTGAACGTGGTGTAAAACACTATCGGTGTCATACGCAGACTTGCGTGAAGTTAGGGTAGGAATATCAAGCATACTTGGGTTATTCGCGGGCAGAGCGCTACGCCAACTGTGCAGAACTCTTGAGCAGTATGAGTGTCGAGATAGTAGTGCTAAACTCGGTGCACCCCTCGCCCGCCGGAGTTCAGTTTCTACGCAAATCGCACCATCCAGACACTATGTTGCACCCGGGGGTGGTACTTAGAGATCACTGGAAGTAGCAAGGCCAGACACTCTGCACCATACGCCGCTGGCCAGTGAGTCCGTTGGGGTGGCGCAAGTAACCTTGCCACTTGACCTGGTTGGGGTCGAAACTTGGCCCTCTGAAAGAGGGCTCCCTCATCTGGACACAATAGAAGAGCCCGATTTCCTGGCTGAATTCTATCGCAGGGGGACTAAAGTTAAACCTATGACATTTACTGTGTGAAACAAGTTCCGATCCCGACCAGGGCATGGCTCGTGAACCCTCCGTTCTGTATGTTCCCACCACAGCTACGCCTAGTGACCAGCTGCACGCTCACGCAATCATCCCGAACTAACCTTCCTCCTCGTGATAACGAAAGCTAGGAGGAACGATGCACTGCTATCCGATGTTGTTTCTATTTTACTTGGATGGTGCTTCGGTCTTACTTCACCATGTCACATTGTTGTTCCAAGGCAATGTATTGGATGCCCTAGTGAATAGGAGGCGTTGCGTGAATCGCGCAGCTTAGACTGCAATATATTCTCTTCAAATTTCAAGGCCTCTGTGGGTATTTAGCTTTCCACCAAGGGGGTAGTGTTTAACGGTGGGGCTGTTAGATGAGGATGATTGCGCAAGCCAGTGTGAACTACATGGACTAGGGGAGGTTCAGTGTCACCATCGTGTCCCTGTTCAGATTTCCTGCACCTAAATAGTTCCACACAAGGTGGTCCGGTATTAATTAACCTCTACCAGCGATGATTG,1138,49.82,Escherichia coli
SEQ_511035,TGAATTAATCACATAGCCGCCAGAACTGGCAGGGAGGTTCGGTGAAGCTGTCGTGATCCTCGGATATACGCAGATACGCGAAAACCTAATATCCGTTCCGTGTGTTACTACCCGCTTACTCCTTGACAGCGTGCATAGCAGATAATTTCCGCAAGAGATGACGCCCAGAAGGTTTGGACCACCCCGGGTGTACACTAATGGTCGCCCATCACGTCTTGTCGGCAGATTGTTCCATCAGCCATGTATAGGAACCGTTCACGCTCTCTCCATGACTTCTGGCCCTTATGTCGCTAGTCGACGGTATAGACATCGCGGAATTTGCGGTACAAGAGTGCCTTTGTTACTATATCTCACAGGTGACTTCATTATACCACCCGAATGAGTGCGAAACACCATGACGTCTCTACGAGATAAAGCGGGTGATGCTTGTCGTCTATTACCTGGGTATTGTAAAAGGATCTCAAGTTCATAAGCCTAATGGCCATGCGTCCCCGCAATCCGAAACAAGCGCGCAGTGGTCACGCCAGCTGTCTTAAAAGCAACACGACCAGCTTTAGAGGCAGGAGCTATACAACGAAGACTCGAACCGAAGCCCTGCACTCTTTCACGTAACAGTTCTCAACACCCATGCATTCGGGTTACCCCACTAACAAGTCCAAGTGGCGGGAGCCAGGAAGAGCTAATTTCGTTGCCACCCTAGCTCCACCAGCCCACGCGCAAAGTGGTGTGGATGTTCCAGCTCGACTCGCCACTGCATTACGGGGCTGCTAGTCTGCTCTAGGACGGACACTGGATGCCTCGAAGTACTCAAGGTTCGGTCTTCGGACGTCTACGCGCTACGTGCCGGTCCGCAATAGTCTAGTACGACAACACGAAGAATACTTCGCTGGGAGAAGCCCTACCACTCCATCGAGCGTATGGTAGAGTTCGCAATTAAAATACACGCTATGGGCATGCCCCTATCTTTAAGGATATGCCCGGTCGTGCGCGAACTTATAAGAACTCAACACCGAGGAACTTAAGTAAGGTCCCGAATGGGGACCGCCATCCCTGTCGACCAATCCATTTTAAGTTTAGCCGAAGCTCCGCTAGTAGCGGCGCCACTCCCGAGGGGGCCGTAGCCCTAGCATATGCAACTCACCACCGGAATAGGTCAAGCAGAGTAGTGTTGTCGTCATCCATACTTTCGCTGAGAGTACTGTTGTTGCACATATAGCGATCATGACAGTAGCTTTGATGGGCGCTTATCGCTAATGAGCACGGGCTCCACCAAAGATTCTTCGTTCTTGTTTGGGAAAAAGTCAGATGGCTATGGAACGCCCCCTCAACGCAAAGAGC,1338,51.49,Drosophila melanogaster
SEQ_245971,TAAACCATATAATCGGTAAAATAAAATTGTAAAACAGCCCCTATGCAATGGGCTAAGAGGTCTTCACCGAGCCCACAGCGGGTGTAACACGCAGAAGTCTTCCTTTAGGTTACCATGGCATG,122,44.26,Escherichia coli
SEQ_337694,TGGTCTATTGGGGGAGGTGAGCGTAGCCCGACTGAAATATAACGGACAAGTCGCAATAGATGTTTCGTACCTGCGCTTCTACCACCTACTGTAATAACACCCGTAGTATGGTCATACAAAGTTTAGGGCACATGTTATAAATTCATAACGTTCATATTCCGTTGATGGAGGGTGCAACTATCACGGCACCTCACGTACGTGTTCCTATCAGACTCGAGCGGTGCATTGACACGGATCGGAGGACTACCTTCATCGATAAAATACTTGCCCGCGAAGCGATAACGACTAGGGGGTATTTGTCAGATGCATGGGCGTAACAACTGCGGGAGCGCGACGTTATATTCCGCGCCTTGTGGCCCGCCTTGATATTGGTTCTTCAAGACATTGTTTTCGCGTTCACGGTGACCTTACCGTTGGTTCCGAGAAGGTCTTGGTAGCTTTGGGGTGTATAGTTCTGCCACATACTATAGCTTCACCGCTCTAGCGCCCGACCTCTCCTGTGAGGTCAATGACGATAGTGAAACCCGGGTTTTTAAACTGGCACTTCGATGCATAACCGTAGAGAGAAAGACCTGCGCGCCAAGCTTGATGTGAACCTGAATGCTTCTAGGGACACCCAGAGCTTTGAGGCGCGTCACAGAGTACATTGACCACTATATAGAGGTTAATGAAAGGCCGAGTGTGGATGCATTAAGCATGTTTCGCGTGTCGTTAATGTGGGCCTCTGTCCCGCTAGAGGATCTTCTCCACAGAAAAGTGGCGACTATCCTCTTCCAATCAACTTATGCAGGGGGAAGCTTGTAGTGGCGGTAACAACGATTTCTAGTGTTGGGTAATCGGGAAACAGCATCTCGGTTAGAAATAAGGTTAACTTT,875,48.57,Caenorhabditis elegans
SEQ_673414,GCATTCGCACGATTTGAGCGCCACACCTAGTGATCCAAGGGAATTCCTTTGACGTCTTTAGTCCACTGGCCTCGAGCCGCTAATCCATTACACGTCGACCATGGCATCGAGTACGAATTGGTAGGAGTTGTGCATGAACGGGGTCAGCCTTGAACCATTAGTATTTGTCTACTTGGACTGAATTGGAATTTGACGAGCTTCTGTATGTTAAACCAGGCGAATGTCGGGAGTTGTTCGAACTTTCACGTAGCACTGAAAATCGGACACTTAAGGAACGCAGCAAGGAGAACTTTCACCGCGGATCGTGATAATACCTGCTGTGCAATAGGTCTTGATACCTTAAGTGCCCTCTAACACCCGTAACGAGGTGGACCGTGGCCGATCCGTACCGCTTCTCGTCATTGTTATCACAGTCCTGCCGGGATTAGGTTCTTTCGGACCGCAAAATTTAACTCCCTTGATCCCCCCCGCCTACAAGCACTGGTAACGATTGCCCGGTGCTACCGCAGACGACTGCTTATAGACAATTGTCAGTATCGCATATCAAGAGGAGGGAACGACTGACCTCCGGTGTCCGCAACTATCTCGTCCCGAGCCACTCGTTGCCGCTACTTTATGGGTCGGAGCAGACAATAGGCTGATCTATAGGAAGGATAATCCAGGCACCCTCTAGCAAGGGCAATTATTTCTAGATTTTTAAATAATGTCCATCCCAATGTGTGGACTATGAACCGTACTCCCACTACTCAAGTCAGGATTGTAAGACTACAATTAATGAACACTAAACATATGTGGGAGAAGACAAACCTACCAGACCTCCGTATGTAACATTAAAAACCGAATATACAGCGATTCGCTAGGGCCCACGCTGGCATCGAGGTTTGCCTATGACGTTCCCGTGAGGCAACGGTAACTACGATCTTGTGGTTCTATCCATCCGTCCTGTAGAGGGGGCTATCTCTGGACAGGAGTAACGCCTTGATATGTTTGAGCGTGCTCTACTTGCCGTGGTTGATCGTTCATGTGCGTACGCTCTAAAGAGAACCGGAGGGCGGTTGGGAGGTAGAAGCCGGTCTCTTCATTAAATTCCAACGGTGAAATGGCTGCTTCGCCTCGAGTCGCAAGAGTCGGGGCGTTAAATGTTTTTCATACCTCTGGTGTCGACAGGGCGACTGATCACTGTCTATATTAGGATAACCGCTCGACGGTTATACTGAATTCCACTGTTTGGCATCCAGCAACTTGAAGCGAATTTTCGGGTGCTCATCCATCCTGTTCCATCTGGGCGGTTTCCTCCATGCTACCACATGCACGCATTACGTGTACCCGACAACATGGCTCGCTGTTAATTGACTATGGTGTAGAGAATCGTAAACTATGAATCAAAAGCTGTTAGCGTCGGCTTGCCTTACACCATACACGAGGTCGGGTGATCTAAGCCTCCAAACTGTCAATAGGTACTTAGGTCGATAATTCTCGACATCAATTCTTCCCGCCGGGGATACTGTACTCTTCTTTCCAGCTAGCCCACTGTGATTTCGGTGCGCATACTGAGCGAGATAGGGCGCCTCCAGACTTCATTGATTCGTGGCCAAAAAGCCTGATAGGCACGTGACGGGATCGATGATATGCCTCGCGGTGGTCTAAGCATATTCCCATATAAGCCTTGGTAATTTTGAGGTGCGACGAAAGTCCTCGGGTGGGGTGGGTGTGGAAGTAACATCCAATAGGAAATGGTCCCGGGCGAACAGGTTGCTGCTCAAGGAACACTTGAACGAATGAAAGGACACACGGGGGAAGAATAAACGTGTCAATCAGACACTCTGCAGTTATCTCGCCATGAAATCCGGGTCGTAAACCTTAGAAGGGGAACAACCCTCAGATTTAACGAGCGAACGAA,1900,49.11,Drosophila melanogaster
SEQ_258112,GAGGTCCGAACAGTCCCCTCCGACCTTGGTAGGAACCGACATATATGTTCATTAACAGGGCAAGGACCTTAAGGGTCCACCGGATGGAGAGGGTATGATGACCCTGAGCGCCGGCTTGACGACGGTCGCTTAATCGGTTGTTAAAGTTTTGCTACAATGTCAAACGTATATTACGCCTAGCATAGGTCCGCCGATAAATAAGGCCCCCCAGCAGTATTTGCGCTGCCCAACTGGAACCGTGTGCACCGTCCGGAAGTTGCAAGAAACTGATTAGCTAGTTGCATCGCCCCAAGTACCAAGACTAGCCCACTACCTCGTTTCGGACCTGCTGCTATGTGTCCGTTATCTACCAGCCGTGCTGAAACCTCTTGGGTTAACCGCTGGTCACAGAGGCTAGTAAGGGTCATTACCTAACATAACCTGGGATCGGGTACAATAGACAACTTCTTTCTCACAGAAGAAGCGCGTGGCGATAGGTGTCGGGAATATCAAGTTGAATCTAAACTATAATTAGCGCATGAATATGTATACCACTGCTTCTTGAAAGGGGTGACCTGATGCCTGCCCGCGCCCTGCATCACCTTGGCACTTACTTTGACGGGTTTGGGCGCGGTGCTTGGGAACCTTTGCACGGACGGCTCACACGATCCTCCGGCTCTATGAATATACCCGACAGGGGTTTGGAGTCCAAGACCTGCCCCACAACAAAGATCTTGTACTATTCGATGTCGTTTGGGCGGCCGTCTAATTAATTTTAGTGGAAAGCGTCGTTGTAGAACGTGTCGGACGTCCTTCCTGCCTGTCCGCCTTGTATTTGAGGCGTTAGAGATGCAAAGCGAGCCTCCCCCTGCGTAGTCTTGCTACTCCAACTTCAGCCCCTCTCTTGGAGTTAGGTCCGAGATTAAGTGGACGCAACATCCTCTACCACTCCGGATTACGCCTTTTAGTGTAACGTTCATCTAGAATGATGCACAGTGGGCTAGACTTAAAAATAGTACGGGTATGAAGCCTAGCAATATCTAGTTACATTTCACAAAAGTCGCGCCTACGCTAATATAGCCGTGCCCTCGAAGGCCCTACGAAGTATCTTAACCTGACGCTTCGAGGTTTATGCGCTGTGCCACTATTGGGTATGCCGGCTTGACTCCCAGTCAGACCGTAGAGGTGAGAAGGAGGTAATAAAACACCCGGTGGGTCCGTACCGGATCTAAATATCATCGCAGGGCAACGAGAACGGGGTGGGCTGAGCCTAAAGCTCAAGTCAGCACTTTGGCCGGGATAACCAGGGCCGGTCAGTTCCCGGAGTGAAAACGGGGGTTTTAATGCGCGTCCACCCCCGGCAATCCTTATCCTGGTTTGTAATGACCGTTCGTGTATTACGTTGGGCAGCTTCGTTTACTGGCTGCCACTTTATGATCGACTCTACAAGGGTCATACATTTCCACAACCTTTATGGAGTCCAATCTGGCGCTATCAGTGAGAGCCCGTCGCGCGTTGGCCTCTTTCATCGTGTTGCTGGGGCCGCGTGTCCCTGTATCACAAGGTGGGTACGACAAAAAAGGGGGTGGGTTTCTTTACAAACTGTCGCGATCGAGCTACAAGGACAGGGGAAATTCTTGGCCGAAACTAAACACACTTTTGATCTAGGGATACTCCAACTTGTACACGCATAACATAGCAAAACGAGCCTGACGTCCGATGTTAAGGCTCCCTGCCGGCGGGGAGAATCGACTAATGCTTCAAAGTGATGCGCTCAAGGAGTCTATGCTCCCACATGCCGGACTTCCCGATCTTATCGGACCACAGGCGCGGACTGAATGCGCCCTATTAGAAATGGTGAACGCCCGGTATTTCTC,1856,51.35,Saccharomyces cerevisiae
SEQ_981926,ACGATCATGCGTCGTCATATAGCCATATGAGGTATCCAACAGTTAGAGCCGCCTGTCATTGAGCGCTATGGACACACTAATGTGGTTAACATTTTGTGAGACCAGAGCGGACCTAGCGAGAGATGCTCTTACTCCTAATCGGTTTCTTAGATTGGTCCTCCCCTTGCATTACTGAGGGGCGAAAGGTCTACACTTCCAATTCAGGTGTAACGCTAGAAACACAGTACGTAGTGCAGGATGAGGACATGAGCTAGAATGTTGCCGTCAGCGGGCGTAGCTTACACTCTTGGGTGAAGCCATGGTGTGGGGGCCGGTGACGATGCCGCATTAGCTAACACTAACGTCCCGAAGTGCACAGATCTCTCCGCTTTGTGTTAACAGAGGGTCGGACTTCATCGTAAATTAGACCGCACCAGCTCCGCCACTAGCTCGTCTAGGCAGAAAGTATGCTACTCGGTATAATACAGTGATCAGAAGCACCGGTGTCTTGTCGAGGCTGAGCGGGGCTCGATTCCGAGCGCTCTAGATGGAACCGCGAGAAGTTTACACGTTCAAAACCCCACGCAAGGAGGGGCGATCGTTGTGAGTATGACAGACCCTATGATATTACGTAGTGTCGGTAGATTGCTGCGTGAAGAACTGAAGGCACGGGACAAGAAAGTGATCTCCGGGACGTATCAAGGAAAGCGAGCGCTCTGATTCTTCTCTACCTGTATGGCTTAGACGTTGGCTAACGATTGAGTTGCTCTCGGACAAATCCTCTCTCTTTTGTAGCGTTACACAAGCTCGGAAGCTGATGATAATTAGAACCGACGTTATAGTAAGACTGGAAGCTGCAGGGTACTATTCTTCTCTTGAAGGTGGGTTTCATCCGTCACGAAATGCAACCCAACTGTGCGTTATCCGCATCCCCGGCTATATGCCCCGGTGGTACTGCCTTTGTACTACTCGCCTCGGTGACCCCTGAGAAGACGGCCATCCAGGATTAGAGTCTTTCAAGTGCAAGCCTGCCTAACTGTACCTCTTAATCGTAAGCACGCAGCGCCAAACTCACATGTGGAGCCGAAGGGATCGAGCCCGCACTTAAACCCTTGTCGTTTTCATGCACTATTACGCTGATCTA,1123,50.49,Homo sapiens
SEQ_436857,AACTCCGTAAGCCACAATGTGCATTCGTCTGATAGTGGATAACGCATCTTAGATGTTTTAGGCCTAGGGTGTTTAGGACTCTCTTCAGCTATAACCCGAGCAAAAACTTACCGTCCGCAGCGGCCTCGTTTTCTTTCGTAAACACATGCGCTATTCTGCACGGACGGTTGTTGCTAGCTGTCCATTCCCGACGTACCATAGGATCGTTTCAGTTGTTCCTGGATGTTCCTGAGATGTCCGTCACGGAACAGCTGTACACTGACGCTCGATCTTGCGACCCTTGCCCGTAGACCTGTAACACTGTTTGGCGACTTAGAAAACCGGACGCCAGCTCACGGTCCCGACTTTGTACATAAAATGTGCGAATACAAAGCGTCCCGTTAAAGCGTCTATCACTTTTGGCTCTGAGTCTGGTCGTCCTACACGAGAAAGAGATAGGTATCTGGTGTATATCCACACTGCTGGGCCTTTCTTTTCGCAAAGTGCTACAAACGGCGTTGATCCTGCGAATTAAAATATGTAAGACCAAAAAGCATACAAACTATCTCTTGATGGAGGCACACATCGGGTACGTGCGAGGAGCAAGAGCCATACGTAACATCAGCATACTGAAATTTGGCTCTGGTATTTGGACAACTTTCGAATGACACGCACTCGGACTATAGTCCTACCGTTCTCTACTTCACCGGCCCGGCTCCTGTTCCTAGTTACGTCCCAGTGATAAAACGAACAAGATATAGACTTTCTACGACGCTGATATGGATGCACGCGTTTACTGAACTCCCGTGATACTTGAGCACGGCTGAATGAATGTTATACTAATGGATCAGCACGGAACTTCGAGAAATGTCGCGTTTAATGATCGATAGCACACCTTATCTGACAGTTTTAATGGGGACGTCGCATACTAGGGGAACCGAACGTCACCCTCCGTAGACGGCAACACGCAGGTCATATTGTACGCTCCGAGGACGTGCCGGCTAAGTTCTGCTACGGAACGTGATCTTCGCTAAGGTGCTGCCTGGTTAACGTCCTAGCCCTACTGGTCGCCCGTTGTGGGACATGCTATGTGACGCACATAGGATCTGTGATCCTGAGACAGTCATATTGCTACAGGCCTGCCGAATACATGCATAGGACGACGGAAATGAATTACTAAGCTGCTATCACCGCTGCCTGTGTGTTGCTTAAATGACGTCAACTATCGTCGACATCGAAACGACAACTGAAACGAACCCATGTTATTACTCTGTGGTTGGATCTGATGTGTCCGAGTCCTCACTGAATTTCTTCAAAACACGGCTTTCCTAACCTAGTTATTCAACGGGGAGAGTGTTGGCCCCCTTGCATTCCGTGACCTGCAACTCATTGAGACAACATCGACGGGGCTGAGATGGAAGACACGAACGGTAAGTTTTTTCCCATTATAAGACCGATGAGTTTGTATTCTTTAGACTACGCCCAAAATGCTAGAGAACAGCTTGGGAGACCGACGCGCGCGG,1502,48.4,Saccharomyces cerevisiae
SEQ_260436,TACGCGTTCGCCATGGGACGTCTGCCGATTATGACCCCCGGGCTGCACATTTAAGAGCCGTGGTTCTGTCAATAACTAGGAGTCAGGCAGGACCTAATGCTTACCCCTGTCTTACACTAGTCGGCAGTTACTTAATATGCAGCATCATTGCCGACGTCTCTGTAGGTGCAGTTTGTAGGGAATATGCTGCGACTAAAGCTGACTCATATAACATCGAACGGATTCGCATTTTACGTTTATCGTTTGCAGCTATTCTATGTCGGACCCGTTTATTAAATAAGGTCTCAGCCGTTCTTTCAAGGAGTCAATCCGGATGCGTAACTCTGGGTTGCACTTGAAGAAAGCCCCAGTTAGTAGACTAGAGGTTACTCAAACTGTCTATGCCGGCTGAGCCGCCGAACGGTATTAGCAAAGAAGAGAGGCCAATCCAAAAGCGCGAAGCCCCACCAGCACTTGCGGCTATCAGGGATCAGATAAGTACATTCGCCTTGATCCCTTGAGAATATCTGCGAAACCTCGCGAGCCAACGACAGTTGAGCCCGCCATCGATCACTAATTTATTAGCCCGACTAGCCGGGGGAGATACAGTTTCACTTGTCGACCCAACGCCGTATTGACGGCTAACAGGGTGACTGTAAGGATGCGTACAGACAGTCAGTTATCGTCGTATAGCCTACTAGGCCTTGAACAAATTTTCTATTGTTAGTATATATCCAGCCGTCCTAGAAGAACAGATTATAAGGGCCTTTATTACTGGTGCTCATCCGAATACTTGCAGAGAGGCCTTGGTGGCCTAGCGCATCACGACTAGGGCTACCGCTTCACGTCCTGCTTTCCCGCATTACGCGTTTGGGAGTGAGCGGCAGCTTAGCATTGTCAGGGAAAATTAACAACAAGAAGCATCTTAGGGACGTGTCCCCGTGGCGCTTTCGCCGGTGGGGGAATTCACTGCTATCTTATTCGGCTTCTGTCGGTGCCAATATTAAGGACTTCGATACAAATGATCAGCCCCGCACCTCACAAATGATGAAGTATAGGTAATTGTTTCAGCTTCAGAACCCTCAAATCTACTCCATGTGGGGTGATAGCCTCCTTCAGAGCGACCAGTAAACCGAGGGGCGCTATACCGACAGCTCGCATATCGTATCCCGCACGGCATCCCTCAATTCGCAGCCGTGCATAAGAAAGGATTGTATGATGACCTGCGGTTAAACACAGAACCGGTAGTCCTGTATTCGCCTACTAGTAGCCGCTGTGACCGAGGGGGTACAGTCCAGCCCCAAAGTAGCTTTTGCCATAAGGCCACATCCGGTGCAGGACTCGTTGAGGAAGTCCCGCAAGAATTCGACCTTGAGATTACCACATGAACGTTGTGTAGTCTGTGAGTTATGGCAGGTCACACAATACATGTCATTACATTGGCCGCCCCATTGCTTGCGCTCCTTATATTTCGGTGCTTCACCGTTCATCACAACTCGACCCAAGAGATACCCGTGGGCTGATCTGCATAGTTCGTACATTATATGTAAGGTGCCGACGTTCGCATCTCGACGGACTGGGGTCGTTTATGAATAAAGGCCCTGATCCTTCGCGCTATAAATCAAGCAAGCGACAGGAGCGTAACCGCTGAAATGTAATAGTTATTCTATTGGGATATTCCACTCAATTGCAAAGCACAATCAGAGGGCAAGTGTTATCCTTGCTTTCCCCTATGTATGGACAGGCCGTAGTCGAACGCGCGAATC,1745,49.28,Homo sapiens
SEQ_212061,TAACCATAGTGCGCGCTCTTAGGTTGAGACCGAGGTACGCGCTAAGCATCTACCCATGTAGGTGTGAAGCTATTCGAGCACTAGTGCTTATCGTAATGCCGTAACATCTAAATCAGTGTGGGAGACCCCGTACCTCAGCGGGTAAGGACGTGAGCTCTTGACACGC,166,51.81,Arabidopsis thaliana
SEQ_324181,ACGCGCAGCCAAGCCCGTGAAGCGTGCTTACTGTCGAGACCACCCTTCATTTACGCCTATCCTCGGAGTCTGGTGTGAGCATCTTACGCCCCAGCTCGCTGTAAGGTCTGTTTTGGGGGCCCGGAATAACGTGGGCTTACAATCCAAAGCAGGACCTTCATGAGTAGTGGAATTTCCCCATAATGTGGGGCTATCCGACAGAAGATCTCGCGCTCGACTATTACGTACTGGACCAAAACGTGGGCAGTCGCATAGGGCCTACACGCATGCGTGAGAGGTGAGGCGTATAGTGGGCTGATAGCAAGCGTATCCCACTCATTAGTGCCCTTTTTGGGAGCAGAGCAACTATCAGTATCGGGACGACTCTATCTAGTCCTACATGGACTAAAAACAGACTTGAGGTCATTCGTTGCACACTATGCCGGTTAGGGAAATAGGTAATTTATTTAGATTGGTGTTGATAACCAAATTGTCTGGACTCAAATAAGACGGCCACTTTTGATCGTTCTCTCGGTCCGCCGTGGGATTAGTCATCCTGTGTAAGAGTCACGCCGGACGAAGTCACCGATGTAACTGGCATTGCAGACTGACGTAATTTCGACTCTACACAGACAGGATCACCCGGCGGCAATTACTGAAGTTTAATACCAACACAGCAA,659,49.92,Escherichia coli
SEQ_223309,GATACGATCCACATCACGCCAATTAACTGCGATTATTCGCCATACGGGAGTGGGACCGCGCGGAAACGAACTGTGAGTCCAGCAAATAAGAGCGGGCGCTCGAAGTGCAAAATACGTCGGGGTCCATCACTGTTCACTTCTGGATCCGCAATGAACCCCTTACGCCAGTAAGGATGGGCACCGA,184,53.8,Drosophila melanogaster
SEQ_639460,GGTAACTTACGAACAGGTTATAACCTATGAGACGACACTACGCTATAATACATTAAGGTTATCCCTGATTATCTGCGCAACATACACAGTAGTGACGTACGGTGTAGTGGAATAGCCCTCCCCAATGTCCACTTCCAAGTGAAACCCAACTTTCATATTGGGCCGTGTACTTGGTGGGTGCCGAGAAGTCATGGTGGCCGTATGAACATAGGACGCATACTGAAATCTTGGTCCCTCTGCAACCCCAAGGCTTGCCTCAAACTTTTTAATAATGCATATATAGGAGTTCGGATGATGTCAAACGATGTACCGCCATGTCAATAGCGGTAGGCACTAAGCGGTTCCTTAAGGTGGTGCCGGCTGGATGGTATATCGCTTGCGAATTCAAGGCTTTCGACTGAAGCTGTGCCAGTGGGTGAAAATTGATGCAGACTCGAATATTACTTCTGCAACAGACGCTATGCCTCACTCGACGTTGATGCTAACATCCTCCTCCACAACAAATGTTAACCGCTCTGCGAAAGCCTTTCACAAGGAGCCCACGGAAAGAAAAAGCTCCCCTACGTAGTCCGTTGCTAGTTCCTCATGTGGGGGATCGACGTTTCCTGCTTAGCGGCACACTATCAACAGGCGTGGTTCAGTAAGTGATGTATCGGCGTGAGACACGCGGGCTGACCTAACTTCGAAGTGGATTGCATAAACGGGGCCCTTCATCGTCGGTGCATCAAAGTTGTTTGATGGAAGATAGATCCTTTATCAAATTGCCCCTTCCGCACCTTTAAGTGTGAGCCAGAATCAACCAAGGAACGATGTAGTCACGCATCTTAAGTATGGAACGGACTTATTTTGTGGTGCACTCAACCGATCTGGAGGTCCGGCGAGGTATAGCGCTACGGGAGCCAACTCAGCTACCCAGGCAACCATGAGGTGAACGGATGAACACGTTAGAGGTGTTCGCACTGACGAATATCTCGTCTACTGTCTAGTCAAGTGGGGTACCACGGATACGTGTGACATAGTCCGGTATACACAGCAATGCCGATAAGCCCTTCCCCCGGAACCCATCTTGAAATTCCCGTGGCATGAAATTGCTTAGTAACTGTGAGACGTTCCGCCACAAGCGGCGTGCTGGCTTCCCTACCAAGTCTTGGGTCTCGATCATTTTCAACCTCTCAGCTACCTACACTCCGGGTCTGCAGGTAAAAATCCAATTAGTACAGATTTCACCTTTTGATCATATAACTGCGGTACCCCAACGCCTCTGTATAACGCGCTCGCTATTGAAAAGTATGCGACCGGATTTCACCATAGGTTTTCTTTGTATTAGCCTCTCGAGTGGCGCAATGTATCGGTTCGCTGGTTCCAATTGTTATGTGAAATCACACACGCTAAGGCAACGGTGACAGAGGATTACCGATCGGCCATTTACCTTGTGTCTAAGATTGGCTGACTATTCTACTAGTGAGAACCCTATCCCTTGTTCGGTGGTCAGCTTAGTAAGAACATTTCCACTAACCCCCATTTCTAGTTTCCACCAATGCGTTTCCGCAGCCATATCGACTGTTCGGCAGTAAGTTCCACATCAATGCCCTTGAGATGCGCATCACTCATCATTTTAAAGACATGCTGCGTTAGTTGTGGCGTTTGAAGCCGAGGACCTGGGGACTTTTCTTAAAAATCGCTGAAGATGGGTTTGTGGAGAGATCTCACCTACAGCCTCCAGATTCGGGAGGGTT,1736,48.27,Mus musculus
SEQ_113065,TTAATCATATTGGTCGTACGGTAGTGCCTATCAAGATCTGCACTACCGAGGCCTCTAAATTAGAGGTGCCCAACGAAGTGTGCTTTGGGAATTTTGACAATACCTATCAACACATTACCGGCGATCGGAAAATAATGAGTGCCTGGACCAGTAAAATAGGCGTGCACGCGATAATCGCCACACTCGATTAGCGAGAAAACTTGGGCCTGCGCGCCGTGGGGCATCAATTTGGGCACCTTATGTAGTAAATATGCGATACCACAGCATCGGCTTTCTGTAATACTTTATGTCTCTCAGCTCGAAACTTACAAGGGTTGGACGGAATCTGAGATCTAGATTATTCAGTACAGGCAACGGCGCTGGACCGAGGTAACGGAGGATGGACTTATACAGTTGTGACGGCACGGACTATCACTACACGGGTCCTTGCCTGCTCCCTTCTTTAATCGGTGTTCTCAGGTTGAATCCATCTGCTATGACTGCGAACGCCGGAGACACGTTGTATACGATTTTGAAGGAGCCTCATAGCTCGGCCCGGGTTAAAGGCTCTAAAGTGAGTCTGCAGAGGAACGTCACATTGCTCGAAGTATGTTATCGCACCAATTGTGCTAAATCTAGAAAATGTAGTCGTGACCAACCTTAGATATTTTATAAGTCAAACTGGCACTAATTTGATGACCGAGAATCACTTTCAGTGTTCCTGGAGGACGTAGACGTAAGTCCGACCTTTGGAGGTATAGCCGCCAAAGTGTCCTTTAAGTACGTACTTTGGGCTAAGGGTTTTTTAGGCATATCGAAGGCTCAACTTGACTACTGGGTCGACACGGGAATTGGTGTGTTCACACTAGGTGAGTGCACATGGTCAGCAAGACTCAGCAATAGTTGACGGGACGATTTTTCGCTATGAGAATTCTCACGTTCCCACCAGCTGTTAGGACGAAGATCCAAACCGGCCGCAGGGCGGCAATCTAGGGCCTGATCGTCATCTTTGCGCCGCTCCAGTAAGGGCGTATGTGCTTTCGCGCTATCAGCAATACTATCATGGGAACTGATGACTTTCGGTAACGATGCCCATCATGTTGGCATTTTCGCGTAATATGCGTCAACTATCGATATGGATGTATATTCTCGGGTCTGGCCGCCGGCGAAGAAAGACAATATGTGCGGCCTCGCTTAGCCACCAGGGATGCCGGAATGATACGTTTTCTACTCTGACAGACATGGCTAAAATACGGAGCGGCACGACAGTGCCACCCAGAGATGCCTCAGGAGACGGCAGTGCCGCGCGAGTGCAATACGTGGGAGTTGT,1309,48.89,Saccharomyces cerevisiae
SEQ_996317,GAAGCCTCAGCATTGATATGTACTAGCTCTTGACTTTCTAAAAAGCTCCTGACGGACCTCATTTGTAAATTTACTCGCTCTACGTCATGTGTCTCTGATCTTTCTGACTCAGCCGACTGCTTGGCTTAACAATAATTTGGAGTGAGAATCCCGCC,155,43.87,Homo sapiens
SEQ_258154,ATTTCTCCCTTTTTTGAGGCTAACTACTAGACTGCACTAACTATTAGCATTAGCTGTATCTGCCCCTGTGGCACTTAGGTATGATACCGATTAGATGACGCGCTCGTCTGACTCCTCTGATATGCTGAGCGGTCTAATGGGTAAGCTCATTATCCAAGGGTTCACTCATCCAGCCCTAATGGCGCTCACTGTTGTTAAGCATTGGAAGTATTCTAAGTACCGTTGACTGGTTACCTCCGAAACGTGGTGGGGCAGAATTCATTCATAAGAAGATCTCTCCAGGCGTACACGTAGGACAGTGCCTACGTCAAGCAGGACCTTGCTTAGCCACACTTTGGAAGGGGGAGAAATATGAAAACTGCTTTACGTGCATACGCACTGGCGTTGCGTGACCATACTATACTGCACCATAAGGGAGTGGGACCTCCTCTGTTCGTTTGGTTTTGTCGACAAATCATAGACAGTTGCAGCCACAAGACAGTGATAGGGATCGCGTGATTTTAATCCGCGCAATTCTACCGTTGGGGTGGTGCGATCATAACATTCCTGACAATCCCAGAAAATTGTAGCATATACAGGCCGCCGCCATGGTTCCCAGGTGGTTAGATCCGTGCGGAGTGCCGCTACTGCATGGGCAGACCAACGCTTATGACCGTCCCTCGTCGATATCGATGAGCATAGTAACGGATGTGGCTCGATTAATTTTAGTAACCC,714,48.46,Escherichia coli
SEQ_444441,ATCGCACTGCATTCTTCCCCAGTGGTGAGTCGGGATCCTTTATCTTCGAGCTCAAGGGTCCCTGATGCAGCAGCCACTAAGTCGGGTAGAACGAGAAGCCGGTGTTGAAAACAAAAGTTCGTACACGAAGTACCATACGTCGAGGGTACTCGCGGATTCCCGTTGGCCGGAGCACCCGTTGATAATCAACCCCGATTAAATTGGCAAATCATGTGCCTTCCTGTCTCATTCCGGATGTGCGGATAAATATACCACTCCTATCGGGCGGACGTATATGGGCTAACGATGACCAACAAAGAACAAAGACTTCACCCCACTTGTAACCCGCCTTCCACTAATTATGATATAATCACCCTACGACTCCCAGGTTTTGTACCCTGTCTTATGTGATAACTTGCCGGGTTCACTACTCGCTGAG,418,49.52,Homo sapiens
SEQ_761226,TTTTAGGGGTACATGGGCCCCGAAACATCCTCGTTTGCCGTTATCAGTTCCACGATCTTGGGTCAGGCAGATAACCCAACTCAGAGGACCTCTCGGTAATAAGTTTGCGGGCTCACTGTAATCTAGTTTACCTGATACCTCCGAGGTTCTCGTCTAATTGGCGCCTATCGGCGTCCTTAACATCGGTGTGGGGCCGGCGTTTGGACAGTCATCTCATCATGTCCGAGCCCGGCAATGTCCCGCACACTGAAAATGATGATTAGACAAAATCTTGTGGAAGTCGATGATTTCGTAGAATGCTGGGTAAAGTCCCCGGGGTCGAGGTATTGGCGCGTTGCACCGGTCCATCGTTTTGCATGCTATAGAACTGTGCAAACTATAGTTCAGGTTGTAGACGTGCATTGGCAGTATATCCCTTAAGCGAGCCCGAGAGAATTAAAAGCACGTATCCGTATGAGACAAAGGCGGATTGGCTGTCTCGGTACGTGGTTCACTACGACTATAGACGCGTTGCTGGACCCTCGACTAGTAATCGCGTTAGGATATAGTCAAGTTGCGCCCCCCGCGAGGGTACGTGCGGTCTCCCAAGCATGACGGGAGGATGGTCTCGGGTACGCATACTTCCCTACTCGCACCGTGGCGCTCCAACCCGACACGATCGTGTCCATACACCAGGCGTGCTTTA,685,52.41,Drosophila melanogaster
SEQ_980751,CGCGGCGTAGGCCCCCGGAGCCCTAGACGTTACTGAATTGTTCCTTTCGTCGGGGACCTATGGAGCTATCCCGGCCAAACTGTAGACCTCGTTCCCGGATCATGTACTCCGCTTCGAGTGGCTGGTAAATCCGGCTGTATCTCTTGACACCGTTCAAGCGAATATCCCAGTAGCATGGAGAGCCTGCGGTGGGCTTCTCCAGCGTTAATATGGTCTTGTTGACCCCGGGACCGACACTGGGGGTCCAGGAAAAGCGTTATTTCTATGGCTCTTTTTTAAACTTATCCATAGTCGTCGATAGGTGCTGTCGGGGTGAAATTGGAAGACAGAGAGTGGTGCCTGGCAGCTACTGTCGGTCTTCCGGGGAAGATGGGCGTGCGTTGGAGGAATTTATAGACCGTTGGAATGTCGCAATAAGGGACTCCTAATCGCCAACTAGTAGCCCGGACATTCGCGGACGTGCCTGACCCCCTGAAAAAGTCCCGGCCTCATACGAAAGTGTGCTGGAATAAGTTGGTATGAAATCACTCAATCGTCCTTACATGGATACTGGAAAGAATGATTAGCCTAAGGGAAGGAGAGATATAGTACGTAGGCTTTGCGGATAATGAGCAGACTCTAAGCACCAAAAGCCAAACTCGGGTAAATACACGCACGAGAGTATGCACTGACGATTCAATTTGTTCCGTCATCAAGTCTCACCGTCCATAACATTCACTACTTGTACATATACGCAACGGAAGGAGTTGCACGCCCTGGACCCGATGACGTGCAATGTCCTAGGCGGCTAGATAACGGTATTCCAGGGGTCTCTCCAGCGGGACTCTGACTAAGACGCTTATGATCTTACCCATAGAAGGACCGATACTCAGAACTCAGCGGAGTGGGACGTTTATTCTTCCAATGTTAATTAGGGTCATCTGGTGGACTCATGAACTCACGTCACCGGATTTAAGGTCCCAGCGAGCCAAAGTTTTTTTTTGTCGATGAATTGTGATGACTCTGATTCTCGTTGCCCTAGACCGCACCTTCCGCACATGCCGTGATGCCTCACGTCGCTCTCAAAAACTACTAGCGGGTCGCTTCCGTGCGAGGGGGTGGTAACCTGCAACACCAAGTCACACCATACATAGGGTAGAGTGCGTGTCCTAAAACTGCCGTTCAACGGGTCGCCGAGGATTCTTTCAAGGCTTGACGGTCAGGTTTTTGCACCGTCAGACTGGGTTGCGCTCCACCTAAGGCTACGCTATACTAGTGGCGCTAGAAGACGGATGGGTACTGTCTTTTCGAAGGCCTATCTTTCGGCACGGAACGAGAACGGTCGATAGGAGAATACACATGAATCATCTTATGCACTGCCCTGATGTAGGGTCCCATCACTTACAGAATCTACTCCTGAGCCGATGTTATACCCTTGTATCACATCTCCGAAGGCAGGCGCTTGAGCCCTCGTATGAATTCAAGCGCAGTCAACAAGACTCAGTAACTATGCAGCGGAGTTATGGATAAACTTATTAGAGAAGGTCATAGCTCAACAGAAGAGAAAGTGAGGTTGATCGGTAGTTGAACATTTCAAACTATCCTGTGACGGCTAGGAACCGAGAAGTACCGAAATTCATGTTTGTAGGAACGAGAAAGTATGCTTAAGCTTTGATAGTTTTGCCCCCGCTGTAGATTATCACGACCGCGTGTAACTGTTTTGGCCTCCGCAACGGAGGAGCATGGGGAATTTGTTCGAAACTTTACTAATGGCTTAAATTAAAAAGTCTAGGGCACCCCCGTCACCGTAGCCCTCCTCTTTCATTAGAATGGGCAGTGACAGAGGAGTGGGGAGCACTTTCACCCACGTATGTCATTTATTCAGAAGTTGATAGCCTAAAGTCGGCTAGCAAAGCAGCCCAGTGATTGTACCATGCCCT,1919,49.61,Drosophila melanogaster
SEQ_647930,TCGTACCTGGACTCATACAAATACGTATGTTAAACAAACGCCCAGCGGCGGAAGGAATTTGCTAAAAGACTGCTAACCGCACCTCAGTGTGGTAAATTGCCATAAGTCAAACACGATAATACAAGTCGGTTCGGCATGGGAGTTATACAATTCCCAAGGCTACCGCGTCTATCGTCGCTTATGTCCGCCTTGTGATTAAAATACAAGTTTCACGCGCTTATATTTCAAACGTGAAATTTCTATCAGCTCAAGCCGGAGTAGCTAGTACCCCTTGGATTCCCTTAGCGCACTGCTACTCCAACAGACGAAATTTGGCACGAATGACTGAAAGGATTGGTTAAGTTATTCATGTTATACACGTCTATTGTAGTGAGCCCAAGGGGAAAGCGTCTGTGTAAGCCAATACGCCCCACGGCTATCCGTTGATACGGCGACGCTGGAATACAAGCACCGCAGGACACAGGTACTGCACTCGAACGAGCTCCAGACACTATGACAGCGGTGTTCGTATCCCATACATAATTCCAATGGCCTCTACCCAGGAACATGGGGTTGAAGCATATTGGTATCAATTTTAATTAACATCCGGGTCACGCCTAGGTTTGATGCTGACTTTAGTCGTGTGAACCCCACTCCTGAAACAGGTAGTGGAAGATCGGCTACCTACTTAACGGCAGTGTCTACAAACGAGGCATGTTGTCTCGAAAGAGGACACAAGCTACGTACGCGATTCAGTGCGGCCATTGGAGATTGAAGCGGAGAATCGCGTACAGTATGTGTTACGAACTTATTCTAGGTCCCACGTATCATAAGCTCAACAGCCACTATGTAGCACGCGTCTCAACGGACCCAGGGCTCAGTTCGGCACAGAATTACTCCGTGCTCTCCGAAAAGAAGTAATGGTGGGAATAGTTGGTAAAAGCCGTCCGGCGCAGAAAGAGTCTATCCCATGCGTGAAGAGTTATCGAGTATATGTCCCCCCAAGGCTATGTATG,995,47.64,Escherichia coli
SEQ_254696,ACACATGGTGGAAGTACCTCTGAGAATGCTTAAATCCCATGCAAAATCCCTTGATGGGTGGGGGTCATTTGACATGTCGAAGGGTTGATATTTGGCAGGCTAGGTGGCACGCCCTAGATGGTCAGGATTACAACGTAGCGTTCTGTTAAACGTGAACCGAGCTACAAGTCTCGTTAATCCCGAGGCTCTATTGATAAGCTATATCAATGGTAATGACGGCGTAGAGC,227,47.14,Saccharomyces cerevisiae
SEQ_217608,GGCGCGGACGGTCGTTTTGCGGAACCATGTTAGTTGATGTTTATATGACAGAATAGCAGAAACCTATTTCTGGTCTAATGTTGCCCCGGGTTCTTCTCATCCTAAAAACTTCCAGTTAGGCGTATTTGGCTAATAATTGCCGTCATTATGTTCGTTGAAGTTCACTGCGTCTTGGAATTATTCCCGATCTGTGTGGTTTGTGATGCCCTTTACTGGAATATGTCCTCTGACGATGCAAACGTATGGTTGTGCATTACACTATCAGACGATTCTTAGCGGCCAGGGTCCCCGCCGGAGTCAGACCGTGGCGTACACTCCGTAGATGCTGAGGACTTGCGAATAGTGGCTTTGCATGATCCAACGCAAATCTGGTTGATACGACCGGCCGCTCGCTGAAGGTCTCGAAGAAAGGGACGCGAGGTGTTGGGCAACTCCAACCACTTGATCGGTATCACCCTGCCCGTCTCATAACCGCATTCGGTCTTCTCCGGAACCCCAAAGTAGGGAAAAGTCATCACTGGACGCGATCCAAGGCAAATTCGGTGCGCTGGTAAGTACGCCTCTCCTCGGACAGGGAAGAGGAGACTATAGTCAAGACTGCATTGAGATTTTTTGCATGAATAGAATCCTAGATCCAAGCCGGAGTACGACGCCCAGTCTAAGCCAGTACAGGAGTCGTCCGGAGTATTATATACCACGAGGTTAGTAATCCCCACCCCAGTGCCGACTGGCGAGTTAGGGGGCTCGTTCTACATGGCCTGATTCCCCGGTCAAACTGGGAAATCTCTGGCCACCACCGATTTCCACTCTAGATACAGACGATCACGCCCTGTAGATGAGGATCCATCTTATGATTGATGGGACGTACGTGCAGTGTCATCCGTAAGTGACAGAATACCGGTTAAATGATGCGGCTATAACATTAAGGATAACGTCACAGGTAATCATCGCAGAACTGCTGCTCACCGTGAGCGCGGGTAACGTCCTCTTCGAGTGTGGCATTAACGCGCGGTGGTAGGGCCCGGCTCTTTGGCCCAGAATTTTACATCGGGAGGAGCTTCGCATCGATAATAATCTACCATGATCTGCGGTATTACATTGCTTCTTTTTATAGGCTGACAACG,1124,50.09,Drosophila melanogaster
SEQ_629605,GCGCTTTGCGGTCATTTATCAAGAGATATTGAGCCGGAAGCGATAAAAGGCGGGCGCGAACTGGGATTCATTGACTTGCGTCAAATTGACAGTGCGGATCCTCTAAGTGGCAGTTTTAGCATGCCAGTAAAGTTAATAAGCGGGAGGCACCCATATGAAGTCGGTCGAAACTAACTGGCATGTAGAATATGGCTAGTTAAGTAGTCAGGAGGCAACAACCCTTCG,225,47.56,Drosophila melanogaster
SEQ_291578,CGCGGATCACAGAGATTGCTGCCCGCCCTCCACCGGTGGCGAGTCACCTCATATAGTTATTGATCCATTTATCGGCTTATTAGTCTGCGTAGGAGGTTTAAGATGTTTTATTAGGACGTCTCTCACTCAACTCCTTACAATTCGTCGACTTTGGGACGGGTTAGCTAGTTACCGTATAGGGTTCCCGCCTATCCCTCAACTGTTAAAAGGAAGGTCCCCTGCTTGTCACGGCCTGGGGTAAAGCTCCCCTAAGCATATAAGGGTATCTTGATTTAGATGGTCACTAGTCCCGTATACTGCATTAGGAGTAGGACGTCGCGGAGAGATTGAACCTTACCCATGTCGTCAAAGCTCTCTAGTTGCTTACCCCCACCCTGGTGAGATCGCCGGTGTTGGGCGGTTCCGGATACCAGCGGCGACAAGAGTATCCAGTTATAGATTTATCTATTTCTAGTGAGCCAGGAATAAGTATAAGGTCTGCCCGCACTCAGCGTGATCGTACTAAGCCTGTCTGCAGGCTTAATTTGTTTGTAGGGATAGTATTACTAGAACGTTCCGGGAATATCTTCACG,572,48.6,Homo sapiens
SEQ_873724,ACCAACAGTCAGCCATTGCCCAGTTTTCGACTAGGTTGGCATTCTTACCACAGGTTGATTTTTTATATACGTGGTATGAGATCGGCATTTTTCGAGATCAAATGAGAACGGCAGCGTTTAGCGGGTTTGTCTCAACTCGCAGGAAAAATCGCGCGGCGTACCTAGCGTTAGCATCCCTGAAACGCCCAGCCTGTACGTTTCTCACAAGGTGCGTGAAGGTGTCATTGATGCTCCAATCGAACTGATCTTTAACGAATTGTTCCGTTTTCAAGTCCCCTAATTCCAGCTTTCCTGCCGATGGGGAGGGCCTCAGTGAAACACCTCACAACGATGTTCGCGAGCCAGCTTACCCCTCACAGGAGTGAGTCTCAACCGAGGGCAGTACCTTCGGTCCACGCATTGCCGGATCAACAGAGTACAAGAGAATAGTTTGGAGCCCTCTATCACAACAAGAATCCTCAACATACCGCACTGATTCTGGGTAATACGATATCTCTGTTACTCCTCCTGAATAAAGATCGTCTCGATGTAGCAATTCTATCGCCAATCCCAATCCGAGCCATAACTTGTCCAAATGGCGGATTCGAGGACCGCAGATCGCCATTGTTAATAACAGTCAGGTGTCGACTAAGCTCGGGCTGCTGCCCCGCCCATATCTCAGCCGGATGTAAGTCGGATTTTCTGGCCGCAGTAAGGGTCTTCCTCGGAACTGGTGGTCCCCAATTGAGTCTTTGGTACGCGGACTGGAGGATATAGTGCACTTCCTACGCACAGAGCCATTACCGTGAAAGCTAGGGGCCCAAGATGGGATGTTTCGCGTTGGGCGCCTAACATATAAGATCGGCCGCTCAGCACCGTAACAATCGAGGTGAGTTTAGGGGAAGAGCCAAGACCGGGTATTCCATCTGACGGACCATAACCCCGACTCTCCTACCAATGCGACCGGGAAGCCAGGCTCACATAATATTGGTGTGGGCCTCGGATACGTGACAGTCTGTTCCCACGGGTAAGGGCAACCTTCTATAATGTCGGAGTTAAGAATTGTCGAGTATCGGATTCTCTGCGCCAGGTGGGGAGGTGTCCTTTTTTGGAGATTACTACCTTTTGGCGTTGTACCAAGCATACCTTATTAGAATGGTCTCATGTTCTGGAACACGGCACACGCTTACCACAGTACCAAGAGTGGGGTCTAGACTGATACGGGTTGTGACTGAAAATTCTTAGGAGATGGTCGTGTGTATGTGGAATGGGGTTTCACGGCTCTGTCACGTCGCGCATCTTCCCCCGTACGCTAATACCTTCCTTATACTGCCTATGCCTGCCACATAACGCACCATCATATTCGTAAGGTCCTGGATGTGGTACAAGTTAACTGCCCCCGAGGGGGCGCTACGGTAAGGTAACGAGTAGTGCCCAAAACTTCTCGGTCTCCCATGCTGGAATAGAACTTAGAACGGTAAGCCTCGCAAGATGTCTTAGGTGCAGGTAGGTCAGAAACCAACGCTGCTTACGTGGCGTGGGACGCTTTGCGCGTCTACAGTTTAACCTTGCTGCGTAGATATTGGGCTTGTACTGGGATTCATAGTGGGGATCCGTCTCTTACTGTGTGGTTATACATGCAGAATACCTTTCACAAGTATGTATGAGGCTGACTCACCACGATTGTAGGACGCAGGGGAGAGAATGTAGGGCCTCGGGAAGTGTAAAGCGGGGAGACGTTTTTCTCGAGGAGTGCACCTTGCGCTCAAAAGAATGTTTGTTACCCAGCGCGTGGTAGCCGACGACTTTCTCGGGATTACTGGCCGCCGCCGCTAACTTACTTCAGTCCTGTAGCTCGTTTCTGAGTCACCCGGGAATCTTATGGAGTCTGTCGGTTACATAATGGTCCTCAAAGCCCTCACCCTGC,1906,50.84,Saccharomyces cerevisiae
SEQ_531462,CTAAAAAGGACACTCGGAGCAGGTCTACCGTGATACAGCGCGCCGCCGTGGACGTTTGGCAACAAGGAGTTTCGCTAGCCTGCCTAGTAACGGTACTGGCAGGTAACGAACATGGATGTCACCGGACATGGGCCTTTCGGCGCCTCGGCCCACTGAGTATAGGGCTCATAATCAAGTACAGGTTCGTAGCTAGTCGGCAAAAACCTTTTGCACCCCGGTGTTGACAAGAAAACGGGAGTAATAGTCTCTGAAGGTTGGCATATCGCACCCTGGGATTTGTATGTACAGGCCCACGCGCGCAAGATTACTAGCCGCTCATCCGACCGGCGTACCACGCCAATTCGAACCCTCTGAGTGAGTTGTAGGCGCGTTCTCATCAATCAGTATAACACAATTAGGTAGCAAATTCAATCCTGAGACTATTATGCTGGCCGTTGCAGTGGATACCAGACGCCTTTTAAGGTAGCCATTCACATATGGCGTACGTTCTAGGGTTTCCCAGGCTGCAAATCACGGCCGGCAAGAGACGGCCAAGTAGGCATTTTGTATCAAGGGTGTGACGGCTCCTAAAAACCTGAGTGTACCGGGTCAGCTGCGCCTCCAAGTCCCGGCAGCAGAGATGCCAAACCCCCGAGTTATGTTCCCTTACGGGCGGAGCCAATGGCAAATATGCGCGCTATTAGTGCGCTTCGCAAAGCTGTCCTCTGTGGTCTTTTATACACTATTTCCCATACCACAAGTGTTCGGCCAAAGCTGTGATTGGACAGCTTCCACAGGAGCCCCCCTCCAATAGTGCCATCCAGTCCCGGGGACCTAGGGGTACCGAGGACTGTAATCCCCACCACGGGAGGAAGAAGGTCAGCCCCAATGCAAGTAGTCGCGGGCTAAGAGTCGAGATCGGGCTAAAGGACCTCTTTTGGAGACGGTTGTCGCGCGTACTACGTCAGTATTGTGCGGATTAGAGGATGGTATGTAGGCTGAATGTGCGTCACTAAGGTGCCTGATACGCTTACGGTGTCGCATTAGATTAGCCCGTATCGTACAGACCAAATGATCATGATGACTTGGATAAGCGTAATGAATTGCGGAGCGTGAGGCCTGGAAACACTGCTTCGAGGAGATTCCTACCCAGGAAGAAAAACGTCTGAGTAGAATTTAGACCACCAATAAAGGACTCCATCAACTAGACATCCTGCCGCCACGACACCTCTTGGCTCTGGGACCTTGAATCAATCTGAACTAGAGGGGCTGTAGTACCCATTGAATACGCCACCTACATTGAGGACAAAACGCTGCCCTGTATGCCTCTAACCAATGTCTCGGGGAGAGTTGGTCGTACTTACGTAATGCCACCCGCCAGGGCTACGCACTGAAAGCTGTTAGGTCGTTCTGCTAGTCCGATCTTACCCTCGTAGGATACACACTACGGCCGTAGTCTTGGGATCAGTAGACGTATCCTTATAGTAACGATCTCGTGTGCTGTGCCGTCCTTGCGAACCTTTCGCAGAGACAGAGCACTAGTCCCGATATATACTTTTTCGAATCATTGGTGCACTGCGGTGGTATTGTACCGATGCGCCCCGCTCTCTAACACCAGAACCGGTAGTTCTGCT,1613,52.08,Drosophila melanogaster
SEQ_631057,CGGTGAGTGCACCCCCTATTGTCTCTGAGGGTGGGAAGGTTCGTGCTTTTAAACGCCCTCCGTGCTTGATCAGCGTCTGGTCGTAGTTTGCACCGAGAGCCGTTTTGGTTGGTATAGCCACAAATATCGCCCACAGCCCGATGCCCCCCCGAGCGAATAGCCGTTACCACATCACTAACTCCTCAGCTTGGTATCATCGAACTTACTCAGTCTGACAAGGCCTATGACTTCTTTGCTAGAGCACCTAGTTGGTTGAGAGAAGGGGCCTTCGAGGAATACATCGGGTTTTACTAACCCGACACAACCGCCGGCAATGTTATTAGCATATCGATCTACTGGCCAACTTGTAAAAATATGGCAAGGCGATACCCGATCAGAGGTGTGATGCCTTAGGGCATGTCGTTATCACTATGCACCAATAATGTTCCGACTTCCCGGATCAACTAGGTGTACCCCCCGCCCGGGGATGAGCCCATATATAAGGAACGTTTTTCCTCGCCCTACAAGGAAGACATAGACTAATGACCCACCCTTTGTGTCATAATGCGAACTCTTTTAGTGCTCCAAATGCAGTATCCTTCATTGCCACGAGTTGAGGCTGCCGACCGTGGATGTGTTACCATTGCAACACTTTCCCCCGCGGTACACCTCGACAGCCGTGACCCGCAGCATGTCCAAATTGGTTAAAGAAGAGCGGACCTCCTCGGATCTGTTGTGGTCTCGTGTGTACACGGCACAGATAGAACTACGTTAGGGGCTCACCTTCAATGATACCATTATCAAGCCCACTGTAAAGGGAGTTATTGGCTCAAATGGGTTGAGTCTTACAAGTTAAATTGCCATGCAAACCCAAAGATCTGACGGTATCGACCTCTGTCCACCCAGTGATTTGTCAAAACCCGAATCTGGGTGCAACAGAACCCAGCCTTAGAATTTGGGCAAATGTTTTGGTCTGTTGAATGTACAGAACTGACATTGAATCCCTGGTTCGTATATAAAAGGATATGACAGTTAGGGTACTACACCCGATCTGCGGTTCTTTCTCTGTATCGTTCTCAGTGCGATTAAAGCAAAAAGTTCTCTCGATCGCCGACGGACAAAGTAGCCACAGGGGGGGATATCTTCTCGATGGGTGAAAGCGACGCAAGGTGACGAAGACCGGCAACTGTGTTGGGCCGGGTAAGTTTAGCTAGTTGCCATGATGCACGCGGAGCAGTGAGTTCAACAATGGTGCAGCGGGTTGTAAGGAAGTCGGCCTCTTCAGAGGTTACCGTCGGCGGCAGGCCCAACAAGTGACTTCTTTCACAGACAACTTATACAGTTTTTTTAAGCTGGTAAGCGTGAACGCTATCACCTTAGTAGCAACCGGAAGAGCCGTGATTCACTAGAGTACGCATTCCCTTTCGTCCTGTAGGGCCGATGTTGCCCACATTGCAATCCCAACTAGGGATTCCGAAAGCACTGAACTCTTTACCGGGGTGTCCCAGAATATGCAACACCAGGGTGGACACGCATGTGTCGCGCAGTACATGCAGGCATAGGACTAGGATCATGTAGAAGTTATACCCTACTTTGCTTGCACGATCGCCAACCTAGGGGAGCTCTTGACATCGGTCCCACGACATTCGACTATGAACCCTCGTTTCGTCTAGATCTCCATGATGAGTGTTCCGGGTGGAATATGCTTGATGGAATATAGTCGGGCACTTTTGGTCGCGATGCGGACGTACAAGGAAAGTCGTACCAAACTGTTTCACGCCTAGCCCGCGTTGGTTCAGCTATCAGTGCGCAAAAGAGTAGAGGTCCTAAAAGTTTCTGCTACCAGCGAAATCGACTCTTGTTCTTCTGCTTGAAAAATCTCGCTGGAAGCCTAACCTAGCGCTATAAGCCGTATCGTAATAGGCCCACCTGGAGGTAATTCGTATCCAGCATCCTTCGCAAACCGTAATGGATCGCTCGCCGTCAATTTCCTGTGGTT,1978,49.75,Saccharomyces cerevisiae
SEQ_767217,AGGCAGTGTAGAAACACGGTCGGGAAACGTATCTCTTCTTTGCTACGTGCTAGCTGGTTCTAGGCTGGCCGATAGCAGCGGATCTCCATGTATCCTAGGATCCGTAGCTTGTCCTTAATGAAGTAAATGTCGCAACAATGTGCAAACAGTTTTGTGCTCATAAGAAGTGAAAAACTACGACCAGTGCCAACTCGTGTGTTGGGGCTGATGAACTCTTCGGTGCTTTTCCGGTCAGTATCAATGGAACCGTCAATTCTGTTCCCAAGGCCCGCGTGGAGAGGGATGGTTACCATGAATACATTAACCGGGGGTCCGCTCGACACTGTTTTCATATAGCGTAGGAACTCAGGAAACCTATCGGGAGGACAGCCGAGTTCCAATCAGCCCTAATATGCCGCGTGCTTCGCCATCCTGTTGGTCTACGGAGAGTCTGACCTTATCTTGCAAACGATAATACTCGTATTAGAAGGCGTTTCTGTAACCCTAAGGGCCTACGAGAGGCTGGAAGGTCAGCTAGA,518,49.42,Mus musculus
SEQ_987373,TCCCTATTACAGCGAATAGTCAAAAATCCATGACCTTCACGCTGGGACAAATCCAGGCAGGAGGTAACTTCCGACGACACATACCGTATCTTTTGGTATCGACCCTGTCCCTTGAGTCGCCGCTGTAGTCAGGTCGCGCTTGTAGTGAGCTACACATTCGCACCACGTTGTCAAATCCAGTATCAGTAGATTTCACGTACCCGACCCTACTCGCACAACCGCGATACGGATAATTTGATGAAGTCTAGAGAAGCTGTAACTTCGTGTCGCTCCCTACGCCCCCCACGTCATTATTCTGGAGAATACCTCTGAATGGGTGTATTCTCGTGGTGTCGCCGGCTAAATATCGGATAACTAATAAGGTATTAGTGAATGGACCTGAAAGCAAACATCATTACAAGGACCAGAGCCCACTATACACGCGTCGCCTTCAATTGTGTGAAAAGAAGGGTGATGAAAATATTTTAGCGTCTCCTCGGCGCGTTGCACGCAACGATGCGACGTCAACGTTTGCGACGTTCGTACCCCCAGGGGTAACATCGAGGGCGTGTCTTACCGGTGATCGGCAATACATTCTTTTATGACTTCGATTGGGGATTGAGGGTGCGTGAGGTACACAATATACGAGAGATCCGGTCTGAATCCGAGTACCGTGCTCAACGCTAGTATACCGGCAGCGATTCACCCCCTATGTGGTTGCTGCGACATGCGCATATCCTAGCGCGTCACAGAAAATCCGGTCAGGATACATTCCCGCCGCTCTTTGCGCCCTGTAGAAGCCGGAAAACGTGGGCGTAGTAATCCCGCCGTCTGTGACAGACGCCCAGACCGTTCATCGGTCGCGCAAACATTTTTGGCACCCCAGTGGATCCAATTACGGGTGCTCCGGCACTGTAACTGGAATCGCCCTTGAAAACCCTCCACGGGAGGAGGTGACAAGACCCTCATTGGTCTTTGTGCGCCTAATTGTAAGCCCTAGACGGCGTGTGTGGTCTGATACACAAGCGTGCGGGCCGTTAGTGAACTGAAGAACGATCGCGCCGGACCTGAGTAGCCCGAGCAAATTTTATTAACGCGCTTGTGTGCAGCCCTAGAAGCGCCTATGGGCGACGACTAAACTCTGTGGACCGTCCACACTATGACTCAACCGGAGCGTATACTATCCCGAGGACGGGTTGGGGTTGAGTAACAGCCCGGTGGAATACCTCCAATCTCAGCAACAGTCAGCAAGGGCCAGTCGGCCCGGATGACAAGTCCTACAAGCACGCGGGACATTATCCAACATCTCTCCTGCCCCTGCCTGAAGACAGCGCAAGTGTGTGGATTCTCTACATGAGCTGCTCGGGGTTAGGAGTAT,1357,52.54,Escherichia coli
SEQ_158810,CTTGATACACCTATGTGTTCAAATATGTTACGATCTTTAACGTAATCCCTACCTACAGGCAAGGCTGAGCCCCTATGTTGTCCGTAGCGCCTAAGGGCGTAAAATATACGTGGGCGTATCACCTGCCATTTCGGTGCGGCGGTTGAGAGCTTCTACGCAAGTCGCATGACGAGAGCAGTTCTCAACTTCACTTGACAATTTTCCATTACGCACGAAAGCTCAT,223,47.53,Escherichia coli
SEQ_849883,GTCATATTGTTCACTACGACCTCTGCCTCCGTATATATAACATACCCATCCACCAGTTCGTTATACGCCCTTTTTTCAAAAGATCAAAATGCCCGAGTTATGGTTGTTGTGTAAAAGCATATGCTTGTCTGCAACGATCGGTTTAACGCCAAAAAGGTAATAAGCCGCCGTGCAAGGGTACCGAGAACGCTAGAATGGCTCCAATGGTCACTCGCCAGCACATGAAAACAGACTGGCCAGTAATATGCGGAGTTCCTGCATTCTGCGATTTGGTGCACTGTCATAGGCCTTTTACTAGTAACTAAAGCCGACGGAGGAGGTAGTCATACACTGCAGAACCGTGGATTATGCCACCTAATCTTACCGATTCTCGACAGATTCCCCCAGTTATCGTTGGCTACATCCGACGTCCAGAAAGCGCAGAGCATGATGGCACCGCGACGATCTCGCAGATTTCTCCATGCGCCTAGGTCACTGAGCGTCACTGGCTGCCAGCTGGAGTGCCCCATGGATCTACACTAACTACGGTAGCATGCGGTTACCCGGGTCGTTTCAGCCAGTCCGACACTCTAGCAATTTCGTATGGGCTGAGAATTACGAGGCTCATGTTGGTCATTTTGCTACTTAACTTCGTCAGTGCTGAACCGAAATTGACAACTCGCATCCGGGGAATATTGAGTTTAGTATGTGGCTAATAGTGACCATACTATAATTCTGGGGGGTCACTTATGACACCTTTCTCTTTGATTGTCCGAACCATCTATTCCCTGAAGGGCGGCCGTACCCGGGAGTAAGACGACGGATATGCTGGATGGAGAACCGTGATACGTCGGGGGGTCCAACGTAAGTGGACGTTCCACCGCCTGTCCGTACACTCACCCTAGGAATGCCGGCCCGATGTAG,903,49.94,Caenorhabditis elegans
SEQ_633246,TGTTATTCGCGGAACGAGACCTGTAACGTTCTGACGCGTGAGTGAAATACCCTCCGGTCTCCATCAAGTTTTGTGGGGACGAGGCACCCCACCACCGGCATATCCCTTTTGAATCCACAGCGTGAATGTCGGCACACGCTATACCTACGCTCACGCTCATTTCGACCAACCAAGAGACAGAGCGGGTGCACCGGGCAGATCATGTGAGCGTATCTCCTGCAGACATGGTCTATTATACAATTAAGACAATAAGTCGTTCAGTTGCCCACTACGTCTCATGAAACGAATACGTCTCTACAGTGAAAGGGCATATTATACTATCAGCGAGTACTATTCGAGTCTAATGTCCTGACATGGATTTCTGATGGTTCCCCGAATCGGGTCATAAAAAACTTGTATTGTATGCATAAATGATCATTTTACGTCTCTTTTCGGCCCCATTAGGCCCGATTAGGACGTATCCCTCGCGTTTGCAAATGAAGTGTTTGTTACAACGTACAAGCCTCTCAAAACCCCCCCGTGTACCCGGTAGTACCATTGATTATACAATAAGTTCACAGTCCATCTTCCAGAGACACCGCTCATGAACCAAGATAGTAGAGTTCTGCTCGTAATGGATACGGTGTTGTCCTGCGTCCATGTGGAGAGGTTATACCAGCGTAGGTCTGGCTGACCCAACTGCAGAGTATTCATTATACGCCAATCATATAAAACGGAGATATTTTGGATACCACTTGGCTGTATCCAGAGTCTGGGTATAACCGCAACAGCTTCTGGACCCTAAATAAATCTCCGCATGTCGTGGCTCTCACGTAGCATCGGCGGACGGAAACCTGGGCGTTGTTGCGCTCTTTGTTACTGCCCCGATAATCGCAGCTACACCAAATAGACGCAAGCGAGGACTACTTTTATAGCGGTGGCCTATTGTAAGGTATTTCATGTCTAGTGTGCATTAGAACAGTTGCGCAATGATACTTGATGACGTACAGCGACTCCTCTCAAGGCGTGACAGTCCGAATTTACGCTATCATATCATATTTAGTCTCTAAACGTGGAGCAGTGCGCGCGATTGGCTA,1076,47.21,Mus musculus
SEQ_751604,AGCACAGAGCGGTAAGTAACGGAGGGCACGTCGATTAGTCGCCGACTACTGTAAAGTCGAACACGCGGGCAGGTCTCTTCCCCGTGCTCCACCATTTTCATTCCAATCTCGGGCAAACTTACGCCCGATCGGCATTTTCACCTGCTACTACCGTTAATACCTTATTGCAAAACAGCATCTCCTGAATTAAGACATTTATCTGCGCATCAGTTGCCAGAAAAACTGGGGGTTTTGGGGGTGATCACACTATTCAGCGATCCCCATGCGTGTCTTGATCGCGAGTAGGCGGAGTTCGCTTA,299,50.5,Saccharomyces cerevisiae
SEQ_947375,TCGTATAATCTATTGTGTTGTTCAGGGGGTGACAAGACCTGCATCCAACTATGGCGGACGCTTGGGGTTCCACATTTACGGGTTCACCCCCAAGCCCTAAAAACCTCCTCAGGTCGACGACCACTAGGTAGAGGCTAGAATCAATTTTGCTCCTAAGGCTCGTCACAATACGTATACCCACAGTTACCTCATTGAAGTATGTTACTCCATTAGCACTCAAGATATTTATGCATGCATACAGCGCTAAGGGTCCCAGCGTCGCCTATAAATATGCAAGCGATCTATGCCATTAAAAGATTCATCAGTATCCAGTGGATCAGTAACTCCCGGCCTTACTAATAGTGAAGTATGGAGAAACTTCACATTTGTCTTTCCTCGTTTAAGTACCGACAATTCCGTTCCATTCTCACCCATGTCTGGAAAGGACAAGTATTATGCGCTTGTCGAGCCGTATCCCACCTTCTGGTCTCACTCCTGTCCAACACAGTATCCGGGCGGAACAGGTTAAAGCGGAGAGGCGATAATCTCACAAGTGATACATTTTTCATACTGTGTGTACGAGATCAATCCCTCGCAAACCGTTGTGTGATTTGCTCCCAACCTCGTTCTAGTGTGGAATGCCCGCTAATAGCTAAGTACATAGCCCAGCCGCCATCATCACCGGACCGGCTTCGTTTAATCTCCGGAAATGCCTGTCGGAACTTTCATCGTCGAGCTCGCTGTAAAAATACACCTTCTCACCGTAGATTGACTAACGAATGTTTTCGAGATGGTTGGAAACTCTGCCCCACGTCTGTCCGTCTATATTCCTGTGGAGCGGGTAGCGGTAGAAGAGACCCCCCCTATCGAGGGGAGACCGTCCCCGGCCCGCTCGGATCTGAGAGGCATCGATCTCCCTGGCCGTCAAAATACTCACAGCGCGCCTCCTCGCCGGCCCAACCAGTGAGATGTCTTTCTTGTATCTGAT,967,49.22,Mus musculus
SEQ_555241,ACTTGTGCTAAGACTGTTATATGTACCTGGGTAAGGTAGGGCCCGTCGGTCTACTGATAATGTTACGCGTCGCTGTATCCTGATGTATACGGGGCTAAAGGACGGGGTCGGATGTTCCCTTAGGCACTCCAACAAGACGACATAAGGCAAAGCACTTAGTTTACAGGAGACAGGGCCACCCTTCAGGGTCAGTGCCGCAACCGGAGAAATCGCATCAACATACTGACTATTGGGTCCAGTACAGTTCGCAGACACAGACACTGCGCCGTCTCCCCAAGACCACGTCCTTGTTTACCGGAAGTCACATTTTCGAAATATTCTCCCTATAATCCAGCAGAAACAGCTAATTCATTGATGATGGGTCATCCAGCCAATCGAAATTACTCGTGACAAGGCGGCCTGGGTCAGTTAAAGTCTATATAAAGTAACGCAAGCCGGCTGCGGTACGTCTGGACACCTAAGCTGTATAAAGTGAAATTCATGGGCGCCCACGGCATATCCGAGAGTTGAATCAACCGTTAGATATTTGAGGCAGCAAACTGGAGACAGTATATCGATGGTCAGTTACCTCCATACATTTATCAGTCTACGCAAACCAATTGCGCATCCACGATAAAGACGGTTATTTAATTCGACGTTCAATGCAGCTACTCTTAACCATTTACTATGCACTTGGCTTGAGGTAAGAAGTCTTCGATTGCCTTTCCATCCAGCAACAAAAGAATTTATGCCAAGTCGGAGGCAAGTTGGCGAATGGGACTAGCCCCGCGGAGTGATCATGACGATGCCGGTACCAGGTGCGGTAAAGCCATGACCCGTCCGTGTATTAAACGATACTTCAGAAGTCCCCTCAATTAAGCACGACTTGATGACGGTGCGTTCTAACTGCTGGACGTGAACGATCCGCTTGGTGGTTCTTAATCTGAGTTAGCCGTCCTGAACAAAGAAATATCGGAGCTAAACCGTTGACCAGTAGAGTGTGCCTTACCGATCGTTCGATTTCCAGCCTACATAACGTAGAACACTCACTCCCCTCCCGGGTGCTTCGTACTGACAAGCCGTATGGTTTCTAACCGGTAGACTGTTGGATACGTGGTATCGAGGACCGAGATGGCGCCTGGGCAACAAGGTATCGGACGCGTGCAAGGTGCCTATAAATGGTAAGATACTAGGTGCCAGCATCAAATTTGGGGCGGAACGGGGTTCGCAGTTCGCTGTAAATCGTACAGTCAGAACATTGCGGCGCCCCAGCCACTGCGCCTGCCGCAAAGTAACATTCACGCAAAAGCCTATAACCCATCGAGTGTGCCTGCTAGTCGGAATTACGGTCGAATCACCTTCCAGGGAAGCGAGGGCCAAAGTATGCAATCACACGTGTTGTCAGTAAGATGATTGATCTGGTAAAGGACGTAG,1413,49.19,Drosophila melanogaster
SEQ_557922,AAGTGGCCCCACTCTCACGATTCGGTAAACTCTGAATGCTTGAGTATACTACGGATCCAAAGAGCTTTAGACATGTCTAAGTAAGTTCGTATCAGCAAGTGCGAGGTCAATAATAAGCAAGGATAATGATTAGATCAGCGCACGAAGCCTGATTCGGTCCATAGCGGGAACGGCTGCAATCTAGGTTGCAGCGTTGTACTGTGACAGCTTTACAGACAGATTCTAGACAGTACGCAGCCAATGAACCGATTTACAAGATCCGTCGGAACGACCACCACTGCGAGCGGTGTGGCGTTCCTTACGGGAGTTCTGCGGGGTCATTGGATTACGTGCACTTCTCCGAAGTTTATATGAGTTACGGCGACTTAATACAAAGGAGTGTCTTTCGAACGTAGCAATTTGCCTTTTCCATTAAATGGACCGGCTTTTCTTAACTTCATCTCCCGAGTGCAAGTCTAATGGCCAGAGTAGGGGTAACCCGTCTATTCATGCCGGCTAGAAGAGGAAGAGCGTACCATATTCTGGTCCTATAGAGCCCTATAGACTGATGAATGTTGGATTGAGAAGTACAGAGGCTTACGCGCCTCAAATTGACGGAAAGAGTAGAGCGCTATAGGTATTCACACTAGTACAAGGAAGAACATTTCTCTCCATATAATAGCCGGGTATTTTGGTAGGGGACATCCTGCCAGAGGTAATCATACCAAGAAAACACGATGTGAACCCTCCGGTGAGTTGATGCGAATCGTCTAATAACGCGCGAGATGGTGATCCGCCTACAACAAAATCACGTTTTACTATACTGATCAGCGGTAAGAATTGCTGCGAAGCATAACCTGCATGCGTAAGCCGACAGACAGCCTCCAACTGCGCATGGTGTGGACAGGCACTCTGGACTAATCTAACAGTGATCGTTCGAACCCTGCAAGGACTTGGTCGCCCAGTAACACTCGCACTAACTCGCGTGGGGGTAATGATAGACGGTATGCCCTCACCGAGCCGAGTAAAATCACACTCGGGACTGCATTAAGGTCGAGTAACTATCAAACCTGTTACACAAGATAACACACATCATCTACTGAGGGTTTTCCCAAGTGACTTTAGACTTATTCCTTCCTTAACCAAATGAGGGTAGACGTATCGCCCTCTTGCAACAGGGCACGACCCACAGCGTTTGTGTTATTTGTTCTTCATTATAAAAACATGCGGTGAATTCTTGATCCAAAGCTACAAAACATCCACTGCAGACTCCCTTTGCTAAAAGGCAGTACTCTCGTTCAACATGTAAGAGTTATCACGGACATGGCGATTAATTATTAACCACCCTGAGTTCTCAGTATTCGGTCGTTAGTTTAACGATGCGTATGTAATTCGACCCAAAAGCCTAGTAGAAGCAGGCCCAAAATACCGCGGGAGTACAGCTGATCCTCTTAACGCTTACTGTCTCATGTCGAATGCTCGGCGTACATTACACACACCTTTTCCATTAAGCTGAAAGTTATGTTGTTGATCTCTGGTATCATTGTTTGTGTCAGTTCTGATAACCGCCCACTGCTACATTGCATGGTCGAAGTATCGTATTGAGACGCTATCTTTCGTCCACCAACTATTCTAAATTCATGCTCGAATGCCGACCAGTCCCCTCAGGAACGGGTGGTCAGAAGTTACCTCTTAGTTTTTATCGTAAAAGAACGCTTGATTTCCGATACGGGACTAAAGTTAAAATGCAGATCCTGGTCTGCAACTCTGAATGAGGGAGCGCCGTAGGTAACCAACGTCTTCGGCTCGCTCATCGGCAAGTCTGACATTAGCGAGGCTGGGTGTTTGATCTTCAACACGGGACAGCCAATCACCAGACATTATCAGTGAACACAAAGCGATTGGCCATCTTGACTGTTATTGGAGAAGCATGTGCCCGCG,1920,46.46,Caenorhabditis elegans
SEQ_103875,AGTAGACGATACTCATCCAGCGAAGATAACACTGATGGGTTTCTCGCCCTAGCCAATATCCTGTAACAATACTTAGGAGATCTGTTAGAATAGGTAGTCTGCAATTCAGGTGACCTAGACGTATCCGAGAATTACTGTTACAGGCTGTCGATTCACCTTGGTGGCCACTATCGGTTCCCCTTGGGAGTTGCATTAAACCCATCTCCGCTAGGCCGAGCCACGTCAACCGTTCTACATTTCTACAGTTCCAACTACGAGTTGACAGTAGCACTGCTTGCACCGTCATGGATCTCAGTCTGGTTCTGAAATTCTGGTGTGGACACTCATCAGGATAGGGAATGATCCTGGCGAGTGTCCGTCCAGTTCACCCCTTCTAAGGGAAATTTAACGGGACAGTTTTTGAAGCGGATGATAACCAGGTATGAGGTTTCTGTGGCACAGATTAATGATTAGCCCGGGGGGTCGGTAATGGCCTGAAGCAGTATGGCGCTGGGAAACCAGTGATGATTGCGCAGCTAACTCCTCAGCTCTGGGTCCTGATTCATGATGCCATAAACTCTGGTAGGCATATAGTATGGGTTTCGTACGGCTCCTCCTGACATCAAAAGGGCCACGAGACGTCAATTTTGTGATTACATCGAGGACCATCTCGTCGACTCGCGTTTGAGGTCCGCGCTCCTTGTCAAACTGAGATAGATTGAAGACTCTTTG,711,48.66,Arabidopsis thaliana
SEQ_792008,CATAACCTCACGTGCGGTACGGATGACGCACAGCGTAAGCCGCATTCTCGCGGGATATACCATAGAGGTGCTGTACTGGGGCATCGAACCGCCGGGGCGCGCTGCACGATACAGTGCCACGGATTCTCCGCACTGTCATCTCGCATTAACATATATTGATTAGCGCCCCAATTCAGCCCTACCGGACGTAGTCCATTGATAGATGACTGGCAGCCCCGGGCGCTCGCTAAACCGACATCGAATAATAGCACTTGGAGCGTACGCACACAACTAGCCGGCAGG,282,56.38,Caenorhabditis elegans
SEQ_692284,GCTCAACGCACGACTAGCTCTATAGTGCAGTCCTATCGAAGGCTCTCAAAGATCTCATCGGATACCTAGGTAAGGATAGTTCTCTAAAACCAGTACCTGCGATAGAAGAGCGCCATCATCGAGCGCGTCGTCT,133,49.62,Saccharomyces cerevisiae
SEQ_294774,CCTCGACTCCAGTTGCCACTACCTTGTATGACCCCGACTTGCGGTCCCGAGGATGGTCTCCTACATTCGAAGTATAACCCATGTTCCGGTTGTACCGGTGCAGAGGATCCCAGCAAGGAAGATAACATAGTCGTATAAGTGGAATATCGTCCAGGGCCACCGAGGACCAAAAGCGAACCGGGCGGAATCATGTTAAAATGCTCATTTTTTAGCCACCAATTCCATTTTACGTTCCGCGATTGGATATTAACAAAAGGTGGCGCCTATGATCCTCGAGGGACTCGACATGTACGCCATCACATCGGCTGCATCTCGACGAGAGTTAGTAAGGGCTTCGTGAGCGATAGTATGGATTTTACGTTCTGCCGTCCCCGTAGGTAATCACTGGAATGCGTACGATGTGGACCGCTGTGCGCGATAAGAACATAGTATACCGTAACGCACTACTCTCCTGACTTACGTCACCTACCAGGGATGGAACGGCTGCGCAAGGACTGGTGATGACCGTGTGTGAGATTGACAGTATGGTGGTGACGGGCTACGTTCTATCTGTGTCTAGGTCGCGCAGGCTCCACGGTGGGATACCCAGAATCGCTTATTAGCGGTCCTATTAGCTGTACTACGAGTAAGACTATTTTCTAGTACGGATGCTGCAACTCTGAGACATGAACTGGAAAATAGCTTTAGCCCTGTATGCAATCGGGTCAATAGCATATCGGTACCATAAAAGCGAACCGCCCCGCCCTTTTTCCCGAGTCCGTGCCCGTCAATGTGCCGCCCCGAAGCGCGCCTGCCTGATTCAAGCGAATTCATAACTCCTGTGTACTTGACATGGCGGGAAACGGTCAAGTGATGATATACTGCTTTTGGCACCGTCCAGTTAGTGCATGGACTCCACACTAGGACTAATCTCCCTAACACGGTCCCTTGCACAGGCGGCATATCGTGTCGGCCGGGTGCCGGGCGGATAGAAACAGGCTTGCGTCCTCGACGCTGGGTTGGTGCTGTCCAGATCTTTTAACAGATGTCTCTGTATGATAAGGGGGGCGTGAGTCCGTCTACCACTCAGCACTGTCACAAGATCTGATGCTGAACTAAGGGGACCTACGTTAGTCCCGGGTGGTTCGCTTTACTCAGCTAGTTGCGCTTAGATAGCCTATACTCGTATGTTCGTTATTGGTCGATCGTCCTCGAAGCACGGTCTCAAGTTATGTCTTAACGCTAGGCGACACTTATTATGACCAGTTTAGTGTATTTTCCAAGCCATCTGCTTCGCTCCAAACCAGTGAGGCGGACTCTTTTACGGTCGACTGAGAACAGATGCAGTTAAGGCCAGTAGCGGGTATAAATCGACGCATACTAAGTTTATTCCGCTCTGACGTATAGATCTCAGACCGGACCCACCAATTTTATCAAGGATGCCCTCGCCTGACCTTGTATAGGTAGCGCATAGACAGTGATATCTTCATTTCGTGGGGAGTGTGTCGCCCGAGAGCTGAGATCCGCCTAACGTCGTAGTTCTTACATGTGTGTCGCATGGACCGTCTACTGGTACCATCACGAGAACACTGTGGCCAGGCCAGTTCTATGTCCAGCAAGTGGCGAAGCTCGATGCTGCCTGCCATTCCTACAGCTGCAACCTACTCCCGCCTTCAAGGGTACTTGCTTGGGGTGAGGCTAGAGCATGGTAGGCTGCCGTGTTGTGCTACATCCCCATCCACGTCGCTCTTCCGATGATGTGTGTTTGTGGGGGGGTGGTTCCTTAAGATGCTCATCGGATCCCACTTTTAAGTCGATAGCTGATTAAGAGTTAAACAGTGACTCCCGTTAACCCCTGACTACTGTTCGGCGAACGACAGCAACAGTTAAGCCGAGTTATGAATGAAACTGGACCTACATTAAATGGGCCCGTTAGGACGCCGCTAAGTAACCATTAGCCATGGATTCGAGGCGGTAGGACACCCCACATCGCAGTAACCTCGACTGGATC,1990,51.26,Mus musculus
SEQ_851411,AACGTTTTTGCGCTTACGGTGCGGGACTGTTCGGACCGTGAATGCAGTGTAGCCCAGTTGTCGGTGAGGCCATTAGTTTGAGGGTATCACAGGCCCATAATGTTGGGGCCACGACCTATTAGAGGGGTTATAGTTGCTTATCCATTAAGAGGCCAGCTAATACATAATGGAGGAAAGTTACCCAGGTTGACGCGGCTGTTTACATCCGCGCGATTGTGAGCTTAGTACGGCGCATT,236,50.42,Caenorhabditis elegans
SEQ_189724,AGAGGCCTTGCGAAGACCCCAGCTAGCAGGATCGGCTATGGCAGTTTTAATCCATTGCGGCCTATCCTATGAGCAGGTGTGGTTGTACAAGGGTCACTTCTATCAGGATCTTCAGAACGCTGCCTGTCCATCTGTGAAAAGGCGCGCAGCGGTGTCAGGTCTGTAAGTGAACGACCACGGTTACCGAGGCACCTTATTTGGCTGGCGTCCTTCCTCAAACCGATCAGTAGCTCTGTAGATTTCGTCCGGCGGACTCCTCGTTACAAGTTAGAATGCTGGTATTACCCAAGATTCAGCGAGTAACCTCTAGCACTCTGGCATTGGATGATCACCCTCATCCGTTCACTAAAATTACGACAGCACAGGAGACTTGGGTGCCCATCATTAAGGACGAATTGCGGTGACATGTGTCGATGGGTGACGGACTGCCGTTGAAGAAGGGCTGACAATCGTTGGGGCCGAATCTGGAGGCGCGTCATGCATGTTAGGCGGGATCCACGTTACCTTCGGGCCATGCTTGGTATCTGGAGGGCTTGTTGGAGGCTGGTTCTGGATGTATACGGTCGCCCCTCGCCTGATATTTTATAAATATGCGAAAGTAACTGATGAGATTACCATAGTCTGCAACTTGGGGGAAAAAATAGTTCTCTCGGTTATGAACTATGTAATATTAAATAATGTATGGGCCAGTGATCGCAAGTCGCTTCTTACCTCCACGTAGCTCATCTCCCGTAACCGAGCGGACCCGGTTGGGCATTTACCTGTGCTGACGTGGATCCGCGTGGGTGGGTTCAGCGTCTGTACTCAAATAGCACTTGGAAAGTTGACATTCGGGTTATGAATAGGTACGTTCGCTTGTAGAAGAAGTGATCCGGATACAGAGAACGCCTCATGACCCTCAGGATCACGACCGCTAGTGATCTGGAACATAATGAACTTGCGCCATATATAGGCGCATTGTGTCATTACTGAAATTATGGGACTGACCTGACAAACAACCCTGGACCACACGTGAAAAAACGCGTAAAGTCAGCGTATTAGAGCACTCACGCTCCGCAACGGTTTGAAGACTGTCATGCATGCGTACTTCGGATATCGCCAGTGTTGACTCGGGATCAGTAGGTCACGCCACGCTTGCAGGGATTATTCCGTTGTGTGGCACCGGGGACCGTAGCATGAGGACCTGGCTGTACCTGACTCCCGTAAACCCCACCAAGCTGAAAGCGTCAGATCAATATACATTGTTAACTAATCGTAGAATTCGATGTCCGTGTCGGGCGGTATTGATGGAAACTCGAGCCCTCGGGTGATCCTCGCATCGCCTGACAACCCCATACACACCGAAAGGCGGAGGCCGGGATATGGTCCTAAGATTAATTTGTCAGTCCAACGCTCGGCCATGGTGTCGATCACCATTGGGCGTTCCCCAAACAGAAGAAGTGAGGACCTTTTCCCATGCCCAGCGCGTCGTCCTGATCCCCATTCTTACGCAGTGTACAACTCACTATACAACCCTTAGGGTTCCAACTGTCGCCCGTAGATTCCCCGTATTATACGTAATGGGGCCTGACCCGTCGGGAATGCAGACTACAGGGTCAAAGTGATCCCGCCCGTCGAAGCCAGAGTACCATTCATCTATCCTTTAGCACCATGACAGCTTCGAGTTTATAGCACTTGAGCAAGTAGAACCATAGCTTCCAGTACAGGCTTCATGCGTAGAGGTTAAAAGATCCTACTAAACTGGATGGTGTCACTGGTGACGTCCAGCTCCATGTTATGGCCTGTAGGGCCTTGTGGGGGATGCCTTGAATAGCGTTAGCCGCGCGCGATCAGATTCCACAGAGCCTAATCGGGCCTTGACGCCGGTTCAAAATGAAAGTTGATGG,1886,51.01,Mus musculus
SEQ_681930,ATGCCGCAGTCCATGAGGAACCCGCGCACCACTCACCGAAAAACCCTTTATGGGTGCTTTGTAGCGTTCCATCGCGTCTTTCCGCAGCCATTCCCAGACCAGACCTCACTATTATTTCTTAATGCCCCGAGTCAGCCCGTGCGGCAGGGTATTACCTTACGAACCACAACAGCACTAACCGAGAATATAGGACGGGCAATCTGTGTTATTACATGTAGTGGCAGGTTGGCGCGGGTGGTCGACCCTATAGTTCTGAAATCCAAGGTTTCTTGTGCCCACCAACTCGGACTTGACGGGATTTAGCTTCCATTCCGTGCCAGTCAACTTCTTGGCTCAGCGGTCGTGTGTAGTACAAACTAACCTAGTTGTTAACTCCTACTGCAGAGCTCCTCAATAGTTGTAGTACTGCCTTATACCGGGGGGCCAATCGACGGTAACCAAACCCTTCAATGGACCCCACTGACTACTCTCCTAGTACACTTGCGACACAGTCAAATGGCCCCGCCTTAATTAAGTTTAGAGGTATTGATTGTTATAGAATCGGTTATACAGACGGAGGCTCTCCTTGCTCCAATGCAGGGCCTCTGATCCAGCATTGTGGTACTCCGTTTAGAACAAAATCTACACATCCGAGTAGGCGACTTCTCTCCAGCGGCCCCAACCTCATCTTTTGAAGGAAACTAAGGGCACCGCTGTTCGGGAATTCTTCCCTGTTATTACGCAGCAAGACTTAGTCATACAGAACCGCGTAAAGCTTAAGGGTCAATCCCTCCTAAACAATGAAGTCTATTTAGGACTCCGGTCTGTCCTGAAATTATTAAGCGCGCGGCAAAGATTTAAGAGTCACAGAGGCTCCGTGCACAACTGAGAGCGAAGGCCGAGGCATATAGTTGAGGGTGCTTGACGCAA,909,49.61,Escherichia coli
SEQ_143386,TTAATTACTGATGTCTCATTAGCATAGGGCATCCCCACCGCAGAAAGGAGGGACGTGGCCTACGATATATGGAGAACGACAGTAACTTGAGCCTCTCATATTTCGGGGTACTCACTGCCTAATTAAGTCCTGTAAGACATTGCCAGGACCTCGGACTTACATAATAAGCCAACGCCGTGTAGCGTCCATGCCGGTTCGAATGTTAGACTTGTGGTTACTCCTTTATAGACTCCCACTACATGCATATGACGAACGGTCTGGTCTATGTGGCCGTCATAATAGGTAAGGTGCGTAGGCTAAATGGAATTTGATAGAGCCTGTAAAGCATCTGTCCCCTCGGATGACCTCGGTCAGCGCATATGGTTAGTCCGCAAAAGCAGAGGTGACTTAAGCTGAATACGTGTCTGCTAGACGGGCGTCGCGGTACGCCCAAACCGACTGCGTCTGATGATATTTCTATGATGACTGTTGACCGTAACTCCCAGCCCTAGTCTAGCAATAACGGATGTTATGCACTACTCTATGGCACGGTTAATAGAGTAGCTCACTACTTATGGAGCAGTGTAGATCCGTCTCTACAGTTCGGCTCAGACCGCTGTTGGTTGTCTCCCATTGTTGTTCGTGAGTACTAAGCTCAGAGTAGTAGATCGCCATAAAAACACCCAATGCGCACACGTCGCTCCGGACCAAGTCCGGGGTGTACCGGCCCGGGGTTTGACATCCCGGGCGCACTCGAGAATAGCCTGATAACAAAATTGTTGAAACGGTGAGGTTGGTCGTAGACAGTCTTCAACACCTTCGCAGGGAAAGTCCAAACCGGCAGTTGAGAAAGCTGCTCTCGACAGGTCCGCACTGTCGGTTAGGTCTATTCTATCGTATGAACTAGGTGTTCTCTCCGGCTGCTTCGCCTCGGTGCGTCGCGTACATTGTTTATCTTCGCAAGTGAACATCGGGAAGAATCATCTTGAGTTTGCACAGCCAATGATGCCCCTTCCAGAATCGACAGTAATTAGAGTTAGGGGCGATTTACTTGATACTATCAAGGCTGAGCTGAACTGCTTGCTGACAAATGCGAAGTATGCTAACTAGTGGAAAAGTGATACTACATAAGTCCTGTATAGACGTGAGCACGAAAGATTCCCCGCTCTTGATGCTGCGCCAAGGCAACACCGTGAACGTGGCTTCTGCACGCGCTGTTTATCGCTATAATTAGCGACCATGTCTATCAGAATTCAAACAATTCCGTCTCGTAAACCAAGCCATCCAGGACACGTGCCTGGGACAAGAGGTATCTCGTTTACCTATGCTTTTCCTGGCCTCAAATTCTGTCCCAGTATGTATTTGAGTTTTGGTCTTCGGTAGCGAGGCCACCACACCGGCGAGTTCAGTGAGGAAAATCCTCCAGTAGTCGCAGAGGTGACTCTCTGTGCCCTGAGATGCGACCGTCAACATCACCATCGATAATGTGGAATCTGTCGAATAGACAACCTTCGGAGAATCCCTATGCACCTTGTAGGGATTCGAATTACCACACATCGGACACTGATCCACCACGGTGAAGGTGTGTGGATTGCCCCGACGAGAGCCCAGAGGGACGTGGACCTGGTGTTTACGTGGCCTAGCAGGTGATCACCCCTTAGGACTTATAGCTAGCCCCGGTGGTTCGTAGAATCAAATCAAACCTTGCATGTATGGAGTGATAGGCAGGACCGCGAAAAGGGCGATGTGTTAAGGGAACCAGCGCCCAAAGGAGCACAGTAACTCTATTAACAGGGAGATGCGACCTAAAGTGCTTGTCTGAATCTAGTAAATGTTTATATTTGAACGCTCAAGAACATGCTTATAAGCCCGTGGATTCGACATCCCGCGGCATGCCTGTGCCTCTCCGGCCTAGTTTCCAGTGAGTT,1907,49.5,Escherichia coli
SEQ_993983,CGTGCAACAGTAATATTGGACAGAAACTAACCGATTCGAGTTTTTGATACTTCTAATTTACTGCGAGACTCAAGTCCTGGCCGGTGTAGAGCCGACCTGATAAACGGCTAGGAGGGCCTATCTCAGAAGATCTGCATCCAGCAAGGATATGATTCCCGGCACTCCTTTGGTCTTCAATCTCTGGAGAAACTGCAACGGAGCTTGTAGGCGGTCAGGGCACGAACCGTTGAACGTTACGTCAACGGGAGAGTTCCCTTCTACTGACTTCACAGTGATGTCTACTAATGTGCTACAGTGAGGCCACTCGTCTCATCGCCGGGAAATCTGGAATATAATTTACAGGTTCCGGTTTTACATAATATACCTAGCCGGTCTTAAAAGCGCTATGTTGTGAGTTACTAGGACGCTTTCTCAACGTCACTCGTATTATAGCCGTGCATCAACTTGATTCAAACTGCCTACCAATCTTCGCCACAACCCGAA,483,47.0,Escherichia coli
SEQ_724580,ATAGGAGTCAGAAGCCCCGGGAGGTCCTAACCAGAGGATCTATCTATATCATTGTTTCCCAGGTAAGCCAATGGGTGGACGTGTCGCCCGGTCAACTTAGAACTCCCCATAGCGTGTCACTAGGAGAATATTCAACGCATACACTTGCTCAACATGACAGCTCACAATGCTCATACCTAGATAGCTGTTTCTGGTCTCCCGCACCGAGCATTTTCCCATGCGCGGACGGGGGTCAGACCTCCCATGTCGTCTAGTGTTGGAGGACCACTTTATATCGCCCGTAGGCTATACACATGCACGACAAACATCAACACACGGTGGATCGACTGTCGCGCCGCTAGAATAAATACTCAATTGCAACATTTTGTATACAAACCTCGAGCTGGAAAGTACTTATACATAAATGCTGGTCTCTTCTCCCATATAGGTGGAAAGCGTTCGAATACCCTGTGGCATCCCCTGCGCTATTTTGCGCGATGCTGCCCTTGAAAGTCCTGTCGCCCTGTCATAGCGTTAATTCGAAGTGAGTACTGCGGGCAGTTTCAAGGCAGGGACTCGCAATTCACACGCTATGCATTTTAGGTTGTTCTGGCACATATGTCAGC,605,49.42,Escherichia coli
SEQ_860642,CCCGGCCCGGATATAGTTGTTTTAAGACAATATACTACACTATGAACCGCATGACGGTTAGGTTATCATTGTCATCCCGGCAAAAATCGGGCAAAGAATCATACTCTAGAGGTAATAAATTTATCCTCTGTTGTATACCAAGCTTACATAGTCCAAACAACCCATTCTGATGGTCAACTGGGATACATGGACTGAGGCATTTAAGTCGCGGAGATCGGCTAACAACTCGTGAGTTGTCTACCGTAAACAACGAGGCTGCGAGGCAATTACTTTCAGAGTATGCAGTCTTTTGGGCTGGCCATGTCGCTCCGAGGTCAAACGGCGCTAGAAAAGTGGGTAAGTGATTCTGGGCGACGAGAGAAATCTAGCTAGCGACCGGCGGCCATCTGGAAGGGTGATATTCTAATTCCTACGTGTGGTGGTTCTATTACTCCGCTTTGAGCCACAGACCGCGGACTAATAATGAAAACAGGTTCCTAAAAGGACCCGACGATATATGCAGCTAAGAGCACTAATAATCACTCGCGACCATCCATCGGTAGATAATCGTGACCTTAATCAATATGCTAGGTAGCGTCCGGACATGGCTGCCATGGAAACCCGGTTCCTTTCTGGTTCTTTAGTAGGTTGGTTTCTGGGAGGTGAGCCTGCGCACTGGATCTAGACTGCACTTAACCTGTTCTTCTGCGCCGGCCTCTCCCAGTCTTTATTCCAAAAATGGGTACTTGGGGACCTTTCTAAGTAGGCAATGTAGTTAAATCACGGCCACTCAATTGGCTGCCCCCATTAGTACTTCTGAATGGATCGACCCGCCTAGTTACTCTATGTACGCGATGAAGGGGTGAGATACCCCGAACTTTGGTGCCCCTCCCTCACGGGTCCAGCGCTAGCTATCTCATATCAGCCATGATAGAATGGTGGATTCATCGATTTTGGTGAGTGTCCAGAGGGCGAGCTCGGCAGACCTAGGTGAGCAGTTAATGCAGGTATTGTGCAGCGAGACCAGGTTCAACTGTTTCCTTGTGAGAGCTGCAGGCTGTGAAGGATCCGCTCGTATCGGTTTTAAGACGACGCACCCGGCGCTCCATAGGTTGCGGTTCAACTCTTTGGCCGGATGCTATCGAAGTTAAATTCTGATGCCAAGTTACACTGCGCTACGCCGCGTGGGAACGGTATAGTATTACAACGATTTAAATCCGCCAAAGGGGACTGGTGATGGGAGCCCTCGGACCTTGGGTGACAAACCGCGAGATAAACTGTCTTAGATGCCGTCGAATCCTCCCTGTGCCAACTGGAAACGTTGTTCCGGCTGTAAAAACCACTAGTTTACGTAGACTGTTGAGCCGGGTGTTTTAAATTCGAATCTACAGAGAGACACAGAACTCGTACCAAGGGCTGTAGTACATTGAGTTCCACTGGGCGAGGGAACCGTTAGTTATATCTTGGAAAACAGTTTATGGACCGGGGGGTAATCCCTGCCTACATCCATTTGCAGAGTCTTTCACTTTTCTGAATTTCCCGCAGCCAACAAATTTTTGGCGCCGTAGGCAGAGACCCCGCACCTCCTCGCATTGGTCAACTGTGACATCCTTAGTTTACTGGCGCCCGACCTGTAAGCGAAGACCTGACGGCTTCCCACTATCAGTCATTATTGACCTATGGTCAGATTAGTATCATCCAAGAGCGCAGTGGAGACGTTCATAATCCTTCCGCATAGAACTCTAAGCGAACCATACGTAGGTAACCTCAGCAT,1753,49.0,Mus musculus
SEQ_823085,TCTGGACATAAGCCGCCATTTATCCCAACGCCGGCGCGCACGAGAAGCGGGGGGCGAATATTCGAAGCCGAGTTCAGATTCAGCGTCCATTAGTAGGGTCACAGGGCCGATCGGGGATCGCCGCGGCTCACCGCCCAGAAGGGCGCTGCTAGTCTCTTAGCGATAGGGAGCTGCTGGTTCTCTGTACGAGCGGAGATAGCGCCGCAAAGTACGGATCCTTAGCTACCACCTATCTTTCCGAGTCACCACCCAATCCAGAAACAATAGTGCGCTGAGGCGTCACCCTCGGAGAACATTAATCCGCTGAATCCCGAACGGGGACTGTACTGTTCCCGGGCTGTTCTTCAGGCAACATAGATAGTGCAGCTCGTTGGTCGCCAACCCCTACAAACAGGTAGAGGGCTCATCGTGGCGATACACTCTGGTTAGGCACGAAGGCGATACTCGAACTAATGTTGTAATTTC,465,55.7,Mus musculus
SEQ_572935,AGCCTTGAGTGATCGTTAGCTAATTATGATTGGCACTTCACCGCCTGGTTGTTCGCTTCATCCAATGTGACACTACGACTCCCGATTAATAACATAAACCACATCTTTTAGGTGCTGCTACGGAAAATAACTTACTCCCCTTATGTCTCACACCTGCCCATCAGAAAAGCTTGCGGGCGGCTTTGCCTAACTCAGCTGCACCTATATCATGAAAGGCTTAATCCATAATGACGCTCCTATGCATGGCACTAGATAGACTAAACGCTGCAAGTTGTCGTTATTACGCAAGCGCCAAAGTGCGATAAGTACCGAAATGGAGTAAGGTATCAATTCATAGCCTCCTGATCAGTAGGTTTGGACTCCCCGATCTGAGACATCTATTAAAATTGCATAATGTATCCGGTTAGTAGTCTGTTTACAGAGGTAGGAGAGGGTTCACCTTATGAATATTTTGGCCTCTTTTAACTTCCGTCCCCGTTTTGTCAGCCCGTTTCCTTGGATACTATTGGGCAGTCTCTTCTAATATTGAAAGCAACCCATACCTTAGATGTCCACGCTAATCCGATTCTCGCTAATGGGTCTAAGGCGACCTAGCGACGACCTTCGTCCTTCTGGAATTGATAACTAGCCTCGAGAAAATCACCTAGATAGAACTTACACTCCAACTATGACATCTCTCACCACGTCATTGACCTGGGTGTTGGAAGACGGCTGATGGGACACGGTGTGACGAGGAGATTGTGTCATCATGGCTGGGCTGTATTCTACGAAGTGGAGCCGCCACGTATGCGTTTCTTTCGGGTGTTGGGGTGTGTTTCCAGATATTCTGGTGCCGGATTTCTAAAAAATTGACCATTAAGTTGCGTCGACGAACACCAACCCGGAAACGTATTTGGGGGAACCGCGAGACAACAAGAGAGAGTGACTACAGTAGTAGCGTCTTGCCCTTATGTATTGTTTGGATGTAGTTTATTCTTTACGGTAATGCAGACCACATGAGATCTAACTTTGCCTGACTGGTTTAACGGGCATAGTTTCTCGATAGCTGGGATACAGCGGTTCGAAATGAAGCTCAATCCTAAAGGAAAAGCCATCGTTATATATTTCACATGGAGCTCTATGGCGCACAGGTGCGGTTCGCTTAAGTGTTACCGGGATAGATCCGCTTCGGAATCGCTCGGGCAGGTCGAGCATCCAGCTTAAATGCTTAAATTGAACGGGCTTGTCAGTCGGATCCTTTAAATGCTGTTAAGCCGTGCACCGGGAAGTCCGGTGCGTGACCCGGCTAAACAAAACCGGTACCATTATTCGGGTTCTAACTAGAGCTTTGGTGGCGACTAAAAGATATCCGATTAGAAGGTGAGTTAATCTGGCCGCCTAATGAGATACCCACTTGTGCTATGTACTGGGTTCACTCATGGTCTAAATTTCATGCCTCGGACCCTGCGATATTCAAAAGCAATAGGAAGGATAGGTTCGTAGTCCTGGACGGACATGAGGGGTCCCTTGCACTGTTTGACTTTCACAACTTGCCGGTAACATTAGAATCGCCACCCTCTAGGGGCACTATCCTTCTATTGTTGGA,1585,46.5,Mus musculus
SEQ_990350,AGCATTAGGTGGCTCTTGTGGTCAGTAAAGTCCCCCAAACTGCCTACGTAAGTGCAGCTAATAGTTACATTGGCCTACCCATCTTCCATTGAGTCTATTCACCGGTCTTTACTATGGGACGAGTGCCCGCTGACCCGGACGCCGCTACAGTCGCCCGGCTTGTTATTATAGTCCTCACGCGTAAATCCCATGCATGTAGTACGGTAAGTCGGTTGTTGAAGTTGCCGGAATAGCGGAGGTGGTTATGTAACTTAAATAGTCAGGCCGGCGCTCGTGACCGCGAGACATGTGCGCACAACACACTCGACCAAGTAACCATCCCGTAGCTGGAGCTGTATGGTAATCAGAGCGGTACATTATTCTGGAATCTGCTTTCAGGCACGGTCCCCATACGAGCATCCCTCATTCTTTACCTTAACTGCTATCAGTCTTTAGGTTCGACAGCTTAGGTGCAGGGAACTGCGTGTCAGGAGTATGTACGGGAATTGGCACCCAACACGTAGATCTCCTCGGAGACCAAAGTTTCCATAGTAGAAACACAGGCGTACACGTTTCCCCTTGCAGTACTTCAAACACTGAGATATGTCGTTCCGCACGACAGGTTCGGCTCGGGTATAGTACAAACCCATGGTATCAGCTAAACAAAATTTCAGGCAGGGCTGAAACATCGAAGGTTCAGAACTACCGCCAGGGTATCGTAGGCGGCATGGATTCAGCATAACTCCTGGGGACGAAACAGGGCCATCCATACCGCGTTATTGCGGAATAGGGTGCACGTGTTAGCGGCAGGCCCAGCTGCAGAAGTTGGGAAATGATGATAGGCCATGCCTGACACGAATCGTATGGGCTCGCGGAATGTCTAAATAACATCTGGTGGTCTGCTAGGTTGGTTCTGTCAACGGAATCCGGTCCCCGCGCATCCGCTAACCGTGGCGAGTTATATAAGTTCGGCTTCGGTAGAGGCCCATCATGCGGGGTGCTTGGCGGATTTTGTGTTGAGTCCATTTTTCGAGCTTCATCGAATTTCCGAAGGGTTGACGCTCAAGGGCGGGCACCAATCCGGTCGGACAGACGCCCTGATACAGAGAGATCGATGTCAGGGCACACCGTACTAACAACCGCTAGCAGGCCGAACCAGTGTAAAGCATCGTGGTAGGAATGCGCAACCATTATTAACTCGGAGCCACACTGTGAGGTTGGATGTTGCGGCCGACTGCGACGTCTTTAATACAAGGTTACATCTGAGTTCGGAAGTCAGTAATGAAATTGAGTTGCCCATCAACCGGTTACGATGTCCTATAGCACTGTAACCGGTCACTACTAAACTCTGTGGAAACTCAGCGCCTACTCGTGAACGCGGGACCCAGGAATTAATTTGTTATTCGGAGGTCCTCTCCCTCCTAAGTGGAGGTGAGGGTCTTCCTATTAGGGTCAGCCCGCGAAACACGGAAATCTCATATCTGTGCTTTCTGGTTGTTCTCCGCCGACAATAATATTGCGAGGCCGGCTCCCCCGCGCTTTTTATGGCATTAG,1533,51.34,Mus musculus
SEQ_770634,AAACAAACAATAGCCCCCGTATACTCACTAAGAGCGGGTAATATCAAATTGGTTCCCGCTGCACCTGGGACGTTGTGGGACATTGTGGAGTAGGGCGGACTCCAGCCGCGAGTCCAAAAAAACCTTGTCGGTCTATATACCGGAGGCTGTTATAGCCTCGCCGACAATCGTTAGCTCAAACCTTCTTGTTACAGGATCGGGCAACTAGCGTATACGCCTACACCGATTGTCATGCGTTGTACATGCTTAGAACAGTAAATTTGTTGCCCCGGCGGGTAGACGCGGGGAATATCGGGGCACCAACTATACAAATACCCGATTCTTAAAAGCTATGCTCTGGCGGCCTGAAAAGACTCTGAAGCTATCCACTCCCAAATACCAACCAAGGCTGGGGCGCGGCGCGCTAGTGGTGAAGTGTCGGTGTTGGCACACTTGTTATCTTTCCTAACTTGTATGTTACACCGGGCACTGGCGCGTGTACGAATATACAAACCCTACCTGCTTTCTGGGGAAAGGAAAAAATGGCCGTCGTCCTAGTACTCGTGACATACCGGGGGAATATGACCAAGCCTGAGTCTAGTAATCCACACGCGTTACGTCAATGGTAAAGAACCATATTCGACTCGGGCCGCGCACTCGGAAAAGCTATATGCTTCCCAGCGTTCGTCAACCATTCTTCCCGCAGGTACCCACAGAATTTTCTGACGCCCATCGATAGGAAAAACGGACAAGGGATGAGGTGGGGCAGCTGGCCTTCGTGTTGGAGTCCGACTCCCCAGTTGCCGCGAGCGATTAGTTCACAAGGCTCTCTGGCCCTACAAAGAAACGGGTCCGGTAGTACGTTCCAATACCCCCGTCATGGTAAATTGCGAGACGACTCCCCACGGGTCAGGCAGTCGATGTAATCACCCAATCCTCTGAGGGAAGGATAGATTACGTCCACTGTGGCTCCCTATTTTCCAGTTAGACTTGAGTCCATCGATGGGCTGCGGGTCCTTGGGTTTGACCGTTGTTCGCCCCGACACTAGGGCCTACATTTTGCGTCCACCCGTCCTAAAAGGGACTATCCGTGGCGACGCTAGCCGCGGCTTGTTTACATGCAGGAACGATAATTGACCTCTTAGACGGGCAGGGCTTACTAAATCCCCGATTGAGTTCAGTGAACCCATATCCGACGGTTGGGTGTGTATACATGTAATCTAGCCCCTGTAAAGCCGCTGTTTTGTATTTAGCGGTAGACCCGGGGCTACGACTCTTCATTCAAGTGCACCGAATCCTACAATTGGGACTCGCAGGTGTGGGGGGTATGATTGAGTACCCACTAAATAGCTGAAACGTCATTGAACGGTGCCACAAACTTACCTCACTCGCTCCCGCCACGGTCTAAGTCTCAACTAGAGGGGAGACACAAAGTTGGCGTCATGAAATAAGTAAATTCGGACTCCCGGTGACATAAGTTCCCGCTAGAGCTAGGGCCATACGACTGTTCCCGGACATGCGGAAGAACGAGAGATCACTTTGCACTGCGCGATGATAAAGATAAAGCTCCATTTGTCCAC,1559,51.57,Arabidopsis thaliana
SEQ_424184,ACCGAAACAAGTGTCTGTGGGTCCTATGCGACAGGTGATTAGTTTTTATGGCATAAAAAGCTTTGAGGGGCGAGTCTGGCTTCCAGGGATCCTGGCACCCTATTGTTGTCGTTTGGAGCAACGCTGTTAGACAAGTGATGTACTTACCGCGCGCTCTCCTGTTGTATCAGTGCTATGAGCGATTAATACGCACGGAGTCACGTACATAAAAGGAAATGGAAGTCGTTAAGAGGGGACTGAATAACTAGGCAAGTGGCAATCAATGACTAATCTTCGTTGTCACCACGGTGGTAAACTATCCACAATGCCTTACCGATTCAAGATCATCTCCAACGGGCAACACCATTAGGTTCACAGTGATTATTAGGTTCGCCAATACGGGTGGAATGATGTTGAGAAGATCGATAGAATTGATAGTATAAGGTTTGTTCTGAACACTATATCAGTGGTGCATCGCGCCTGACCAGCGCTCGGCGCCCCACTGGGATGTATGACCACACCCACCGCGAAATCAAGCTTCGCGGTATGGGTAATGCGCGCGAACCGCCGCTAGTCCGATCCGCTGCTCCT,570,48.95,Homo sapiens
SEQ_286797,AGCATTCGGAGCCTACGTCGTTCTGGTTGAGGGTTGGCGTCTCGTAATGAAGCCGCCGTGAGGATCCTCTTGTTAGTCAACCATCATCCGCCAACTCGAGCGGCGACTTTGATCGAGTCTGTTACAGTTAACTGGGAGAGACCGGTTTCAATTGAAGTCGCTACCGTTGCGGAGTTTCCCTCGCTCGCTCTCCTGGGAGTAATAATAAGACCGGTCAAACGATTGAACTATCGTACCTGGCCGTCGGTTGAGCATCTAAAGAGCAATCGACTGAATGCGTCACGTGCAAGCATCCTTGCCGAGAAGCGTTCATTAGACGTGGTCTTTTACAAGCAAGCACGGTCAGTTACAACCGGGGACCCTCGTTTTTATATTGTAGTATGAGGACGCTATCTGATTGCGTGTAGAATCATTGCTGTAGACACAGTAAACGCGAGAAGT,441,49.89,Arabidopsis thaliana
SEQ_465436,CCCTGGCTACAGATGGTCCCGCTCAGCTGCGGAAGACTAGGCACCTCAACCTATATCGGACACACCCGTCATTGCCATGGGGTGTAGGTAACGTGACGCGCAATAAGGCCGTCATCATCTGTAACGACCAATCGACTACCTGATGGTAGTGTGTGGGGATATCTTGCGAGCAACGGAACTTACACCGATACGCTTTCCAGAACCGGACCCCAGAGGCAGTCATACCATGCTAATCATTTTAAGATGTACCACCACCGTCTGAAATCCGTATATCAAATCCATGCTGAAGAGAATGGTGCAGTTTGCGGGACCTGCAATGTCGCTGCCCTGTGGACAAGCGAATTAGTAATAGCTCCCACCTCCTGTACACTGCTTGATCACAGGAGAACCAAGCCTGAAGGGCTCGTCGTGGGCCTGACAATAGCAGATTTTCGCACCCGACATAGGTAATGACCTTCCTTCGCTACTGTTGTAGTATGGCAATTACTGAGCGACATTGCAAACGACGGAGTAATAGCCGTCTATTATGACGCTGTGCTTAAGGACTTAAAACGAAGGCGGCTTCGTCACACCTACCCACCTTCAGGTGTTACAAAAGGCCGACCGCAGAGACAACGTTACCTAGGAAATGGGACATGGCACTCTGGCAAGGGGTTCCCGCCGCGTCACTTACTGTGTATTGATATGCATGGCGTAGTAATTATGTCTGCAAACCGGCGTGATCTGTTACTCCACACACCGTAGTGCTGCCACGCGTAAGTTCCTTGGGGCCCATGGAGACTGGGCTAGTTAAAACTTCGCCACCATTCCCTTGTTGTGTGCTCGTAGGCTACGAGTTATGCTTTTCCTTTGTCTCGCGGACGGCACCCCCGTGGACAGACCTATAGCCTTACCGTTCCTTCTGTCCCAATCGAGTGTGTTTTGCGGAACAAGCCTGGGAAGTCGGCGGTCCCCTGTCGTGCTACAGCAGATTTGAGCTAAAGACTAGCTTGGTCAGCTGTAAGGCTACACCAC,1014,51.87,Escherichia coli
SEQ_707445,GCAACGGGAAGTTGTTTCACCGACACTAAGACTTGCTTACTCCTTTGCGTCCGGTGGCGGTAAAAAATCCTGGAAACTTTTCCGAACACCAGTCGAGCATCGACAGTTCAAGGTAGATAGGACTCGGGGATAAAAAAAATTCCAGAGTGAAGCCATCAGTAACGATAGAGGTTTCCTATCAACGGTTGGAGACAGTTTTCTCTCCGGGCACCGTCATGAACCCGGCTTAAGTTTCCATGCATATTACCTGGATCTGAGCTAAAGTACACTACTGAGCCGTGATAATCTTTGAGCCTAGACTAGCAGGGTTTAAAAGGACGGCTCGAACGGATGGGATCCACATCTCATGTAGCTTTTGCTATTAGAAGTCAGTGAGTAACCGACAAATAATTTACGTCGCAACGCCGAATGGGGCGCGCCCCGATTGAGACAAAGGATAAAGATACTACCTAGTTAGTTACATGAGTCCTGCCAAAGGCTTTTTAATCTCTGGCTAACAACTTCGGAGATGTTACCGAATCTCCTACCTACGCCTCGGCAACAAAAAGACGCGAGCAATGGATGGCCTGGCGTCAGTAAAGAAGCGCGCGGGTGTTGTACGATTATCACCACGTGTCAGTGCGAGCTATTTTTGCCCAAGGAGGTACAACCGACTAGCTCCCATTGAACACCTTTAAGCAGTCACACACTTATTCTTGTTACATGAAGTGACTGAGGTAGAGGGATCGTGTCTGCCGCAACTAGCCTCCTGACCCTGCTTGGATCCTATTTACAAGGGAAGTATTAATCAACCGTCATCTGAAATCCGATGGTTTTTACGTTTGGTGCGGACTCGTTATCTCCAACCTTCCGTTCGTGGCCATATGAGGCTTCGGACTCGTTGCGAGTGGGCCTTAGGTCCAGAGAAAATCCTGAATTTTTATGGTCAGTCCTATAACCCTGCGTGCGCGGTAGGGGTAACGCCACCTATCGATTGGATGCCCCACATGATCATCGGGTGTCTCACAGTGTGCGCAACCGTCTTGGAAAGCCCTAGACACGTGGAAGGTCTGCTACTCAAGAATTCGACTGTCAGGCGATTAATATTTTTTGAATTCCTTCGTGCC,1106,48.1,Mus musculus
SEQ_792855,CCTGTTCGGGTGCACTGCTGTTTTCGTGAAGCCCGCCAGGCGGTGTGTAAGGACTCAGCGACCACCACCGGTCCCTGGTCACGTGTGGCACTTCGTGCATATGGATGATACGGGAGCTGATGGCTACAGGTATCGGTGCATCCCGTTGGCCGACATGAGAGACGTCGCCACGGTATCTATTGGACACCTATGGAATGGAGGGGTAACAGGCATTTTTTGCGGAGTCTGAGCGATCTTTAGACTAAAAAGTCTTCAGACCATTGCAGGTATAGCTGCTATCGGATCATCAAGCTTATCCTCTTTGGTGGTATCTGTTGAGTTAATTCTATTCACCTTAAGTCATTAGTGTTTTACCCGTCGAACTCGGCTCACGGAAAAAGGTGTTATTCACTAGTGGCCCATAGCCCTTACGCTTCGTCGCTGAGATGCCACACGTGTGCGGCGCATTAAGGCGATTTGGGGCAGTCACAGGCTTGGCACATCGCCGCATTCCAAGTACCTATGATCAATCTAGGGCCCCAGATAGGCACCGAGGGGTAAATTAATTCATAGATGCT,557,51.17,Saccharomyces cerevisiae
SEQ_709140,TGCGATGCACCTTGTGTCGCCATTCTAGAACCTACGATCGAAGCTTCTATAATCCACATTGGCTCTAAAGGCGTTAGTTTGGAACCCTAAGGACGATTTCTTAATTTCTCCTAGAAGTTGGCTACGTTTACTATGTTGTAGCGGTGAAGTGGTCGGCTCTTGCCTCTTCCTGCCCATCTTAAGATACAGGCGGTTACACCGCAAAAATAGCAATGGATCAGGGCGCCACGATTACTGTTGTGCACGTTTTGAGCTCATATCGGTAGATCTGCTTTAACGGTGAAACCGCCTTGCGTAAAATAATAATCGCGAGCTTTACGCTCCACGAGTCTGGCGGGAGCTTACTACATGCTGTGATGTATGTCTTTAAGAAATTGAGACGTCCGGAAGCTTTATAGACAGCTTCGGATACCCGAGTCACTTCGAGCGAGCGGATTAGTAAGATTTCTTAGACTATGGCTCTCGTATCACGGCAGAAGGTGCGTGGATCAAAAATTAGCCTGCGGTCAGCGCTATGGCTTATCCCAGCCACGGTGCCGCCATTCACGGTACCGGGTTTGCCATCGGCCACGCTCGGGCGGACACGATCAGATGATGACCGCGGCCGTAAGCGAAGTGCACTAATCAACTTTGCTTGTTTCCAGTGCTTGACAAGGACAGGTTACTCAAAATCAAAGTACCGATCTTTTCTATATTACATTTGTAGCTGATACCGGAGGGATCGTGTTCAGAATGACGCGTTCCGGTGGCGTGTGCCAGACGTTATACTCATTGTTTCCACGATTAGTGGAATGCTGTAGAAAGTCCTACCACACATATCGTGCCTACCTCGACTCTGAATTGCTGGATAATCGTATCTGAGTTATGCGTACGACCGTTCGCTTCCCTTCAACAAGACGCATGGCGCACAATGGCAGCACTCTGCTACACTCGTTCGGTCACACAACATGGACACGGAATTTGTAACTGTAGTGACAGGTTCTCCTAGGACGAATTCTAGTTCCGAAAGGATGGTCTTATGGATATAATAATAGAGTAGACACTCAGGTGGAGGAGAGGGGCGGAGTGACGTCACGGACATATGGGCGAGGAGTCTCGCAGCTTAGGATGCCAGCCGAGTGCCGCCAGGCTGCATCTGGATGGGCCTACACACCTTAGATAGCCCAGATGACATGGTCTGTGCACGCTACCGCTACCATCAGCTATAGAAATTGGGAAACCGGCTGCTCATGAGGGCGGGGACGTGAATTCCACACCGCGCGTCAAGCCGGTTGGAACGCCACGCACCTGGAGGTGGGGAAGTAGCGACACTTCCTGCCGGCTCTTTGGGTGTTTCGTCTCTGATATCCATATGGGTATTTCGCAGCAGCAACGCTTTAGTGTCTATCTGGACCCTTAGTCACAGAATCCAGAAACCACGCGCCGGACCCAATTGAGACGCCATTGGCACGCTACCAGGGAGGCGCTTGGGTGTAGGATGTTAAGTGGAGATATGGGCACCGACGACATAACAACCTGAGGGCGATGGCACGAAAATTGGAAGTACTATTGTCCTCGATTACCTGTCGTTACGAGTCTGTACGCACATT,1589,50.53,Escherichia coli
SEQ_226369,GGGACTGTATCGGCACCAATCTAGATTCTAATTAGGCGAACGATTTCGTCGTGATGTGAAACCGAGATATGTTGGGACACCTGCTCAACGTAGACTCCAGTAGTGCTTCTACGGATGGCTAATTATATGTGGAAGCAGAATCTGATGTGAACCAATACTCTTACGCATGCGAATAAGCGTAGGAAGTGAAGGTGGTTCTATCGTGCATATTTGCCGTCTGCCACGGTGATACCGATACTGGCTGACTACTATCTCACACCGCAGACAACATCTCCCCTGGTTTCAGTATTAGTCAGTCCGTATACGGGGATTATTAAGGCTGGCAGTACCGAAGCCTGTTGGGGATCGACGAACGCGGACACCAGAACAATACGACAGGGCGAGCCTCAAAAGCGGAGGGCTTAGGGGAGGAATTGTACCGGCAATCAATACCTGCACATGGCTATTAACAGATATCATTTCATGGTGCAGTACACAAGAGGGGCGAAAACTACGCTTAGGCCGCTAACTC,511,48.73,Caenorhabditis elegans
SEQ_839813,TCGGCGTCTATGGGATGTCTTAGCCACTTGGGCGGCCTATGATGGTGAGTGTCCAAAAACATGCGTCCATGCAACATCTTCCCGTGTTCCCTCATTCTGTGTATCCGACACTTCGTCCATTAGTTCGGTTGCGGGTAGTCATACGAACGCCGCCTACTTGCCAATTCCTCTCCTGGAGTACAACTTTTAGAGGAAGAGTGCAGTACTACCGGGCCAAATGACAGCTTACTCGAAAGTAGGGACAACAGCTTTACATCGTGGGTACTGAAAAAATTTTGACTGCGGGCCATCAAATGGCTTTTCGTTAATGTGCAGACTCGTCTGCGACTGTGCTGTTGTGGGCCTTGCATGTGCTCCAACGTTCCCCCCGTCTTGGCTGCAGAGGTGTTGCGGGCTCGGTGGGATGTGTGTGATTCAGGGTTCGCGTTCAAGGTATCGGGGCGGGTGGGCTCTGGTCGATGTTCGAGCTGGTGTTACAGATGGCAATTCCTGTAATATGAACCGGTTTCGGCGGTAAACCTCGAGATTGAGGTGACAGGTGACACACCGGATTCTCAGAATCGAGAAGTTGCTCGCGACTTCCTTCTTCACAAAATGGGGGGATCTTACTGTAAAAAAGTATGCTGACTGGGTCGCCGTTGAATTATGCATAAAGGCGGTATTTTACGACGGAGTGAACTATCATCAAAGGTATATGATTGCGACGAATTGGGAGCAGCATCTTGGCGTCTGGTACCTGATTGTATCGATAAACCAGTGTAGAGATATGAGGTCCTCAACAGACCATCCTGCCCTCCGGATTACTCACGTATAGCCATACGTCCGTCGAATGCTTTTCACGGGGTGGCAATCCTATGCCGAGAACAACTAGCCCACTTAAGTAAAATGATTCCTCTTCCGGTAGTTAATCTCGTGCCTAGGCGACTACGCTAAGCGGCTGTATTTTGCGTCGATACAAGTCAAGGAGACCGGTTGACGTGCCCGCGCTATCCGTCGACGATTCTCGCATGCTTCAGGCAGGCGTTGGGATCATGGATGCGGAGTAGACAACATTCCCAAGCTGACAGATTAATGAGGAGGCCCCCATTGAGTACGAGAAGTACTTCTAAAATCATAGGAAGCACAGGGACATTGTCTAGGCGAACGTGTTAGCAGCGAAGTGGGTGCGTTGAGAGACCCTAATGAGCGACGGGCCTGTCGTAAGAGAACCAGTCTCGGCTCGCATTACACTTAATCACATCGGACAGGAGCATTTCTCCCGCCATGTGGTCCAGCGCCATATGGAGTATCGCGAGAAGATGTCATCCCGAACACGCCATGGTTTGTCGGGTCAACCTGTCAACAAAGGTGCGTGTATGAAGTAACATGCATGAC,1374,50.73,Drosophila melanogaster
SEQ_289672,CCCTACAACGTATTGACGGATTGTGTTTAAATACTGCTAACCAGGTATTCATAAACTTAGGGGTCGTCTAGTGTCTAGGGCTGCGCGTCAAACCCTCGAGACTTTGTACGCTTTTCTACTCGACAGTGGATCTACCGGCGCGATCGCCAACCCCGCCTGCATGTGGAATGGGCGGCTTAAGAAATCCTTGCTGGCTGTAACGCGCCACTTGGACACCAACTTTAGCAGCACCTTCCTCTTGTAGTGTCTGAGGTAGGAGCTCAATAGCCCGGAGGCTCAAACACCCTGATCTACATTCTCTCACGGTAAGGTAGTGTTTAGAGCTCTCCATGGAGGTTAGTTGGGATAGAGTTAGCAACGAGTGCGACAAAGACCGACGTTATGCACGAGGTGGTCCGAATGCGGGGGCAAAAGTAGCACTTCTACGCGCTAGGTGTGATAGCGAAGGTTAGATCGTTGCATCCTCAAAGTGGTGTCTGTCGACCCCTATTGCGCATGCGTCCAATTTACATTTCTTGGGCATTAGTCTAGAGCGACTTCGCGGTGCCGATAAAGGCCAATGTCGGTATTTTATATTCGTTTTTACCTGTCCATAGGAGTAAATTACGTGTCTTCTACGGGGTTCGGCTAAGACTCGAGGAGCCGTGGCATTAGTTGAAAGCATAGGCCGGAGTTTACTGGCACCTTTGTCAGGTGAGCATTTTCGAGACTATCATCTGACACGCCTTGAACCTGCCGGGGACTGCTGCGCTTTAAAACATCCGTCCATTTACACCTCCAATCTGACGTGTACAAGAGTGGGTATTCGCGTTATGTTGATAAATATGAACTCCGGATA,838,49.4,Saccharomyces cerevisiae
SEQ_693252,CGTCGGAGACAGCTCACTAGCGGTTAGGGATTAAATTGTATTACGACCTCCGTCCGCTCTGTGCATCCATAGAAGGACGATAATCGACCCTCTCGACCACTCATTCCTCATACCATGGATAACTGACGAATCCGTGTCAAATTAAAGAGACTCTTCAGTGGATATCAAGCATAATGGAGTGTTTTGGAACTGGCTCGGGTCGTATACCTATCGCATAGGATCAAGAAGTTGAGAGCATGAACAATCATGCAGTACAGTTCCGCCCCATCTTTCTAGTTCAGGTGGTCTAGAGCTTGGTGTGGTCCTCACCGATACTTGTCACCTACCCCTGCAAGACAATCCTGAAAGCATTGTGTCCATTGTATAAATCTAGAGTCATGAACGCAACGCGTGATTGTTGCCTATGGGTGACGTGTGCCAACTCACTTGCCACTGCACCCCGGTAGATGTGGCGCTACATAGAGTGACAAGCAAGAAATGACGCCATGGTTCGCGCAAAACTATATTATGGTTGGGTTTGGAGAAAGGCGTCAATAGAAGCTCAAGGCGGAGCACCTTCGTATCTCCAGGCGTTGGAATTCTCGTCTTCGGAACAAGGTACTCAGCCTGGGGACCAACATGCCGAAATTGCTTGACAAGGATGTGCAGTGTTTAGCCTGCTGATGGTAGGATGTCCAGTGGTTGCTCCATGAACATCTTAACTAGGCGTCCTACACAGGTGTGGCGAAAGTTCCACCCAGTAAATAAGTGTCTCGTAAACGAAGGAGTCCTGCAGAAGGCCGCTACCCTATCTAGACGGGCGTGAATGGGACCTGACAAGCGTCAAAAAGGGCACTCGGTCTCTTTCGGTA,851,49.12,Caenorhabditis elegans
SEQ_958925,TCATGGGTTAATCACCACTCACATGGCCGGTAGGTTACGGCGCAACGGATTGGGCAGACGATATCACGAAATGCGCCTGGGCACTATTAGATACAAGTTATGCATCATCGATGATCCTAAAACATGAACTGGTGCCACTAAGGTCTTACGGCTAACGATGAGTTCCCCCAAGGCCCCCTAACGTGTGCATGGCTCGTGCCGCCGAGAGTTGCTGGCGCGACTAGGGTTAGTATGCATACAAAAGCGGCACATCGCCTTAGGTGGAAATGGGAGCCTATCGTAATCTAAATCGGCA,295,51.53,Mus musculus
SEQ_587325,AGATGGTCATGTTTCGTCTCAAGCTGCAAGAGGCCGACAGCGTGTCACTAGAAGCGTCGACGCAGGACTTACACCACTCCAGAGGGGGATGCGCCGCATTTTGAACAAGTGCCACTTCTTAAGCACGGCGCGAGCGTACGGCGGCGCTGACTGATGATCGATCCAACGAATCACCAGGCAAGTTTAACTTAGTCAAACGTAAGCGTACGGACTTATTCGGGTCGCACAAACGGTGTTAGGGGTCACAGTCCTGGTAAAAGAAGAACATACGTAGCAGTCCATCTGTTCAGATTCGCTAGATATTTAAGATCCCCCGGTTTACTGAGCAGCACTAAGGAAGCGCATCATGGGAAGGTAAATTCCGGCCCATACTCTT,376,51.06,Escherichia coli
SEQ_913654,CAACCCTTTGTACCGCTTCGACAGCGGTTTTGTCATTTCCGTAAGAAATACGGTGCGAAATACAGCGGTACCCTATTGTTGGGCGTGAGTTTCGTGGCGCTAGTACCAACTGCTGTTCTGGCTGTATTCGAATTCGAGATAGGCTTGGACCACAATGTATCACAGGTAATGGCGGTCGATTGAAGATAACACATCTGGACTGTGGTGTGCTGTCTCGCCTCCCGTTCGATCATCTCACTTGTAGATAGCCCTGTTCAGGTCAAGTTTGATTCGTGCTTCACCGTGTCATACTTCGGTGAGACCGCGTCATGGTATTGAGCGGACTGTTAATGCGATTGTGTCGATTCCCACGACGCTACAAATGCTAGGGGCCCGCCATAATTATACAATTCCGTACATTTAGCACTCAAGGAGTGGTTCGGTATTAGTAAATAGTAACCCCAAACAAAGATTGGAGTTAGTAGGCGTATTACTTCCAACGGCAGAGTAAACTTAAACGGCCCGGGGGACGCTGAGAAGCGCTTCGCGACCACGTGTGAAGCCGGTTAGCACCTCCCCATCACCTCAAAATCGTCGGTGGAGCTAAGCTCCCATTTGTTTACCAGGGCGTCGCTGACCTCAGACAAGGGACTACATAATTGGTAGGGAATAATATGACTAGGCCAGGTGCTCCGTCTACTGATTCCGAGCCGTTACTCAGAGTGCCTATGAGTGTGTTAACGATCGAACTATTCATGAGTCGCAAGCCTTTGATTCATAGATTGGACAACCTTGGCAGTGATGCTTCACGGGATGTAGTGGAACTCGCGCAACGTAAAGCGCTAGTGATCGGTACGCTATGACCCTCGTTCGGCCGTATGCGTCCTCAGCGAACGGTACGAACCTAGATCCCAGCTGTAGTACCCCATAGCTGGAACATATTAAACGGCGGGCACGAACTTACCATCGCGTGTCATTATAGCGGTCTCAGTGCAAGTAGTAAGTTCTCAGACTCGTTTAAAACGGCCGCCGGTTATACCGTTTGTGGCTCAAGTTATGACATGAAGGGACGCTTTTCGATCTCCTTAGAGCCCCTAATCGACAGCGGCGTAATACACAAAATACGGGAAGAAGGCGAGATTAGGACTACTAAAAGCTAATTCCGTCACGGGCTTTCTCAATGGAGTCCGATGTGCCATAAAGTACATAGGCTAAGAAGACATTTTTATGAGATAAAATGTTCCCCTCGCTCCATGGCTTATATGGTCTTATTTTCAACGCCCTAGGTGACGATGTAAATGTGGAGAGTACAAG,1293,48.49,Caenorhabditis elegans
SEQ_755727,AATAGCAATCTCGCAGTTACAAAGCGAGTATTGGCAACACCATTGGCTCTGATGCCTTCGTCAAATCGTCACAAGCAGGCCATAGTCAGCTATACTAACTACACCTACCAAGAGTTCTAGTGTTTGGCCTTCTACTTTTGGATAATGAAGGTCCGAGGTAGCGTTACGATCTAGCTTTGAATGATGGACTCAGATAAGCCGGTAAATGGGCAATCCCATGTCGCGTATCTGCGTTTACTCGACGAATGTCGGAATGCAGTGCTTACACTCTGGTCACGTCGGATTACACCTCGTGCGGCTGATTGTGAGGCACGCTCCCAGCTCTTGTTTCGCCAATGACAACGATGCGTTTCTCATCCCCATTTAACAGGTTGGCCTATTCGGCTCTTCAGGTTCTGAAACTATTACGAATTCATGACCTTTCTAGGTCTATTATATAGTATTCGATTGCTTAGCATATTTACTTCTGGCCGTCGGACACATTAGAATGGGGCACGGCCGATTGGTCCCCTGTGTGTCACTTTGCCGCTGGTGTAAATGCCCCATACGACAAAAGCAAAAGAAAGTTGTACATGCTGTCAAACCCTCTATGGAGCCGATGTCATACTCCAAATCGATTGTTTGATATAGAAGTTACCGGAGAACATATCTCTCTATACTTAGATAATTGTTGAGTCACAAGGACCTTAGGGTTGGATGTAACGTCAGCGGACTTCACTTGAGTATTGAGCTGAACATCTCGACTTGTTGCATCGAAAATTATCGCGGCTGGAAGTGAGCCCGGCTTCAGCGTATACAGCCCGATCAGGATGAACCTACGACCTACCGATAGAACGTTGCCGTTTACAATGATAAGTGTTTGAGTTAATGTCACACCAAATTGTGAATCGAAGTTCTAAGACATCCGATTAGTCGCTATAATCCCCCTCTGGTCGATTCCGTTATTTTTCGTGAAGATTACGTGAATCCTACTGGTGACTGACCGTTCGTCATAGAAGTCGTAGCTACTCGGAGCTTTTGAGAACTCCGCGCTAATATGCGGGAACCACTCGTTCAATATTTCTACCCTCGCGCTTGGTAGATAGAGCGTAGAACGATGTCGCACGTCTACACTGAGGGTGGCGTGGGCACGTCTGTTTGAAGTGGAACCAGTCTGTGGCATCGGTTCCGCCTGCCCTACGTCGCTCCACCCA,1193,47.02,Arabidopsis thaliana
SEQ_757450,GATCCCGGGTCCCTCTGGAAGCTCTTTGTCCACTATGCAGTCACGCAGCTCACCTTTGTTGGTCTCTGCTAACCCTATTTCAGCTTAGGTGGTGTACCACCGGAGGGAGGACAACCCTACGGCTCGGAGTATGAAGAGGCATATGGGGTCATCTTAATTAAGGAGATGGTTTCCGAGCTGACGAACGCTGGGAAGGACGGTTCCTATCCTAAGCTACAAGTCGTTGTCGAGGACCCCTGGACTTGGTGGAGCCAAACGGCGCCTCTCACTACCGCGAATCGCCGTTGGGTCAATTTCTTGACAGCCGCACCGTTTCCGGAGACCTGAAAAAATGATCGCGAGATTAACACATGCGGATTATGACGCACTCTAATAATGCTTAAGACTGCAGATGGCCGGTAAGCTCGATCGGTTGAGACCCGAAATCGAAGACTCAAGTACAAGGGTTGCCTACTAAATTGCTGCGGGCGTTAAAGCCGAAGCAGTTGCCGAGCTACATCCTGGGAAGGGGAGTCCAGTCATGTACCGGCGGGCTCACATATGACAATCTACACAATCGCTGAACGTTGAGCGTTCTCCCGGTCGGATACGGCCCCCTTCTTAGAGAAGGAGGTGGTGACCCTGAATACAGATACGCTTGATTTAAGTCAGTGGCGATACTGATCAGTCCGATCGAGTTTGTGTGTCAAAATCTAAAATGTCGGCCCTGTTGAGGCATAACAATGGTTTTAAACCCATGTGGTCGACCTAGGCTAAATTCGGGACCACAGACTTACGACGTCCTACGCGAATGGTATGCTTCGCCTCCATATTTGGGTTTTGCTTTACCGAATCATTTAGCGTGCTCCCATCCATGTCCGCCAGTCTGCGAAGCCATGATGTCACATGAAGGGGCGGACTGTGATCATTGGCCACCTTCGAGTATATGGGCTTGATTAGGGATAGGTGATCGGGGCCGAGCTGGACCAAGACTATCAAAAACACATATTAGATGCTCACGTCCCACCTCTTCCGTCATCCCTGTAACCTCGGGTTCGGGAGAGTCGAGTTCTTCGCTCGGCAGGGCTGACAGGGACCTAAAACGGGATGGTATTATGCAAAGCGACATCGATGGTGCTCCAGTTGGTACACTTCTGGCGATGCGGCTAGATAGTTCTAAACTGTTTGCGGGGTCCTGTACTTCGCTGACGTAAGGTTCTGGCTTGGAAATCTCACAATACGTAAATCTGACTGTACAACGTCGCGTTCAACTAGTTCACTACTATTGCTCCCCGCTAACCGCCGTGCCCGGTGCAGCTGGAAAGAACATAGACAATGGACGGACACTTTTCTCAGTCGCAATCCCCGGTTCGAGGATTGGCGAGTCGTAACAGCACCACAGCGGCATGTACCCGGCGCCCATCATATAGTTCCATTTAAAAGAGCCAATTCGCATTGACCTTGCGATCAGGGTACGGTAACTCATGACCTGGATGCGCCTA,1481,51.59,Mus musculus
SEQ_644190,TAGTCGTGACTCCCCGGATATCCAGCCCCACATCGCTATGCACTTAAGCTTCTCCTCGTCTGGTACTGTAACTAGCCAGCTGCGTGAGCTGAGACACACAATAAGTAAACAGCTGGCCACTGTCGGGGCATAGGTCGAGCTGAAGGAAGTTGCCATAGCCCAGTTTGTAGTCTAGTAGTGGAGGAGGACAGAGCACTGGAGGTAGTGAATGATAATTCGCGTCAGGCTGATTGTCACCGCCCACTGGGTCCATGCCGCGCAAACCCGGCTCGCTGGGGTGGTAAGTCCTCGACTCACTTCAGGGAGATGTGAATACTATCTCACCGCAATTCTTAAGACCATAACAGTGAGCTGGGGAGCGGGGCGCCGAAGCAGTGGGGTGCGAGATAATGCCCTCTTATTTTAAGTTCCTATTACGGTGACCGTTTCTCCGCACCTCCTAGTTTCTCTCGAAGAAAACATTCTACGGAGGCTGCTGCTCGATCTATAACGCACCAAGAAGCGAAG,507,52.86,Mus musculus
SEQ_569298,GAACTCCGTTAACCAAGGGCCGAACCGTAGCACTTGACGGTTGGTTCGACGTTACAATGTGGACTTGCGACCGCCCGTACGCCCGTTCAGCTCTTTCAGCATGATCAATGAAAAATCGGCCGTGTTATAGCCAATGTTATATATCAGCCAGGTGGACGTCTTAGTAAGGCGCCAAATCCCTTAAGCCGATACTTGTTCAGAAACTAGGGGCCTCAGGATGACGTGCAGCATGCTATTCGCGGGATGAGGTTCCCCAACAAGTAGCGAGGTACGCTACCGCGCTTTGTGCCATATTGGCAGAACCAAAAGTTTGGTCCGAAAGTTAACGCTGCCATGAATCGTCAGGTAGGTACCAGAACACCTATTCTCTCTTCAAGTAGGTTTGCACCCAGTGCGTTTGAGAGAAAAGAGAGCTAAAAGCAAGGCGAAGTAGATGGTTGAAGCCGAGTGCTAAGTTGTGCCTGTGAAGGGATGCTTATTGCGACCAGAATAGGAAAATCCACTTCGCGTCTCTGAGGGCCAGAACCAGGCGTTTTGAGGACTTCGTGCTGTGATTATCATATAGCGATCTGTGACCATAGACTCTGGCCCCAGTAATGAGCTTATCAGACATCCGTAAACGTATTTCTGGCGTAACGAACACCCGCTGTACTTGCTCGCACACCAAACGTTGTGCAGTATTCGAGTATCCTCCCTCCGCTACTACCACGGTGCGGGCTTGGGAGAGCGTACTACCAGGCTGCACAGC,748,50.67,Homo sapiens
SEQ_289003,TAAACAGTACGCCTTCGTGACAACCCAACGATCTAGAGAAAGTACAGGTCGATAGCTGGAACTTCACAGAGGGATCGACCCACTGTGATTCTTCATTAATGCGAGGGGTGTACCCTCGTTCACAGTAGACCCCCCACTCTGAGCCCGTACCATGCAATAGCAAAACCC,168,50.6,Caenorhabditis elegans
SEQ_546622,GCAGTAGGGAAGAGCCTTTTCTCTGGTAACCGTCCAGCTTCTCTCCCAATACATGGTACGTTGAGAGAAGTGCCCGAGTCCGTCGCGGCGATCTCATTATACTACGGTTTCCTACCTAGTTGTATGACAGCGAGGACTTAAGGAGCCAATGATGTCGCGATGTCGGTGCTGTCCGGCCCCAGAGACACAAATTGCACGCGCGCCTGTGACACGTGCGGTGCCACCAATGATAGGTGGACTCGTAGGAATTCTAGGTCGAATCAGCTATTACATCTTTGATTGTGCTATAAGAGGACGGGACACCAGGAGACCGTGGTTCGGGTACACTCATGTCGCCCGTTTCTAATGGTTGTGCCCTACACGTTGGATAAGGGCTCGGCCGCGACCACTGAGTTCGCGAATAACGTGCATCCATTGCTATGCGTGGACACAACCATACTTTCCCGTCGCACAGACGCCGCTAGAGTCTACTGGTTAGAGCAGGTAAACACGGATGTCCCACTTTGCCAGTTGGTAACACAACCGAGACTAAGAAGAACTACCCTCCACTCTCCTCGAGGCAAAGATCTTCGTGATCATCTGGGGCAAATTACCCTCGATCTGTAAGGGCATGGTATCTAATCTTTCCTGGATTAGCGACCTTAGACTCAGTCACGTCGAGACGCATCCGAGAATCAACGTGCATACCTGTTCCCCCAACGTGACGGACTCTTATTCGCTAGAGCAGAGCGTACACTTTTCCGTTCACCTAGGGGGGTGTTTGAGCGCAGAGTACCCGGATACATCCGCACCAAGGATCGCATGTAGTTAACCACACTTGTCCGGAATGTCCTTTGATGGGAACTTGTGCCGTGAAAATAATATTTTGAGGCCTGACGAGAGAGGGGTTGTTATACTATGGGGTTTGGTCGCGCGGACAGACACGTGTGTCGAATAATTTCGAATCAGGATTACTCGGACGCGTGCCGAACCGCGCCGAGTTGAGGTGACACACAGGGACCGGTCCTTCTTCGTGCATTACGCCTACGAAGAACAACCCCATAGATCGACGAGGCGCGGATGTGTTGTCTCAAAGTATGGCAGAGCCATTTCAGTTGGCAACCCGGTCATTTATAGATGCAGTCTCTACGTGCAATACGGATACGCCGCCGGTCAGCCCCAGTGCGCGCGGCTAGATACCCCCGCCGAATAGCTCCGCAGATGGGACATTTTCAATTGGTCTCTAAGAGGAGTTGG,1236,52.51,Drosophila melanogaster
SEQ_244437,ATATCACTCTATTTTTATTTAAATAACTTGGGCAAAACAGCCTGAAGAACTGCAAATGGCCCGCAACCTGTTGGTCTACTCAGCATTTATGGCGCGATCACAACCACGTTGGCGGTTCGTATTAATAAGGGTAGTCGAGCACAACGCAAATATTAGTTGTTAGGAGAGCTGCGCCCAACGACGTCGCAATCTTCAAATACCACTGTCAAAAAATTAGGCCATTAGGGCGAGATGAAGTGGACAGCGGAAGTTCGTACAATTGAGTGAAATCTTGTGAGCTTGGACCACAAAGGATCCAGAACGGAATAAGCAAATGTGGAATGTCCGTGATACACTTTACAGGCTAGAGACAGGAATGCGACCGACCTTCATGGACTTGTGCTGGTCAGACGATCCGGGGTAAAGCACTCCGTAAACCCGTGGAGTTGAAGTGTGTTGAATGGCTACCGTCGTATGCTGCTCCAGGCTGCGCTCAAACGCAACTTGGTCCCATTCTTTCGGGTAACCAAAAGAACACTTAAGTGTGCACATAAACTCCTGGCCCCCAGTCAGTACCGCCACCCCGCGATGAGGGCTACTTGAACAGAAAGGGAGCCGGTCAATATCTTGGCGAGGAGCTAGACTTAGTGTCTGTCAGGATTAAAAGCTAAAAGTTGCCATAATAGTTATTTTCTAGTTCGGGCCCCAGCTAGCTTGCGGATGGTCCGAGACCGTCTAAGATAGTGGGAGTGGTTTTTAGGCTTGTCAAGAAGTCGGATAGCATAATCATATTTCTGATGAGAGATTCGACCGGAATACTCGTGAATCATGTTCTTACCATCCCTGGAAGGAAGGTATGGGATGTCTTCTAACTATTGAATGACTTGGGTGCCCGCTAATAGACCACAAGTCCCGATCCTCCAGTGTCTATGATGGGCGGCATTTGTTACCTCGCGTAATCGTAAAGGCACGGATCGACGACAACTTATAATCCGCATAGAATCCAAATGTATAACGATTTCACATCTTAATGAGAAGGGGTATGGCCGCCCCCGGTGCTCTTCATTTTTCATCGAACTCCGACTAGTGGGGTAGAGAAGATATCGCTTTCCAATCCCGCGGGTGTTCATTTTGCTCAGGGCCAATTGATTCATGCCATTAGGCGAAACATCTGTGTGACAGGTGTCTAACCGTGTTGGTATGGCTATCTTGACAACCTGCCGGTCGCCACAGGCTACGTTTTGAGTGGTGTCTCATGCGCAATTTTGACTTCGGACGCGATACTTCCACGAACAGTTGATGACTCTAAGTCTGATGCATTTATTATGTCAGTCTGGGATATCAAGCCGACAAAGTTTTACTCGAGTCAGATGCCCGTCGGGATCTTCTCCTAGATATCGCAAGGGTGGCCCTTA,1394,47.42,Homo sapiens
SEQ_310071,TTCCGGGAAATCGTATCCTCGAGGATCAATGATGCTCCTCTCGCTACTGGTTCCTCATCTAAAGCGCTATTGGCGTGGCTTGACTAATAGGAGGCCCTTAACTGTCACAGGGTGTTCGTGCTTTCGCACCCATCTGACGTTTGTCATACTTTAGTCGGTTGAGAAAATATGCATATTTGGACGGAGCGTTACTAATATAGCTTACGTAAATCAGCATGTGGAATACATCGCTCTTCTTGCCTCTAAGTTCACTGCATGACCGTTCTCGCACAAGTCCTCGTACAGTTTCTGGGCGAGTTTTAGCATTCTCAAAGAGGACACGTTTGGGAGACAGCCCCTGAGTATTTGCCGCTAGCTTTCCAATACAACTCTGCGTGCATACTGGCGGTGAGGTCACGAAGAGGACCTCTGCATATAATAGATGCTCCTGTTGCGGTCGAAACGTAATAACGACTAGTGATTCGGCTCTCCTCCATAGACCGATACCTGGGCTATTAATACGATCCTAGGGAAACTAGGGGGTACGCTGCCCACCTCAACGGCTTACTTGTTGACCAATTGTTTCGCTCCCCCTATCAAACCGTGAACCACGAATAGGGGTCTTCTAACCAGATCTTCAACACAGGCCCTCACAGACGATTTTAAGCATTTGTGATGAACAAGAAGCTTGTGATCGGTCGCGTCTGTCAGGTATGAGGCCAATAATTAAAGCGACCCAAAAATGTCGGGTGGATCGACTAGTGTCCCTTGTGCAAGAGCACTCGCCTGCACCCGGATCTCAGCTTAATATTGTAACAAACTCGTGCAACTTAATCTTTATATGGATACACAACTATACAGGTAGGGATAGATTCCACTAATGCGGGGTATTTTACAGGGACAGGGGGGCCGCATCCCCTGCTAGATATCTTCACGAGACGTGGCATCTGGGCGGTGCGAAGTGCTTCGGTCCATATCGAACTGCCGAGCTACCCCAGCCTGGCACTCACAGTTAGGAGCCGAACCGAGACATACGGGGAGGTATATGCTTCATACCAAATACCTAGAGCACTATTCAAATGCCAGCAACAGCGAACCTTCCAAACATTCATGCAAAATCAGTCATCAAGGGAAAATGCGCTTGAGAGC,1128,48.4,Homo sapiens
SEQ_663478,AGTTACATGAGCCCACACTGGTAATAGGCGTGTTCGGCTGACAACATTACTTGGCTAACGGACACGACGTATAGGCCTAGACCTTTCGCTCACAGTAGAATCGGAAACTTGACGAAACTAGCTATCGTACAGCCGTGAGTTCCCCAGAGTCTCTCCAGTCTATTCCAAGATAATTCCAGATACCACTGCATTGAATGGGATAGGTGAGGGTAGAAATACGATGGTCTAGTCACCAACGGAACGGCCACAGTCATTTGCGAACATACGTGTGTGACCATCTGGCACACGCTCATATCGGATTTCTCCTGCATTATAGCGAAAGTGCCCCTCTCGAGACTGTGGTTACCGACCTTTGCCGATTCTTGGAGTCGCTGAAGCTGTTCCTTCCCATAATCATTCACATCGACTCTGCTATCCTCATTTTGAGGCGAGTTACAGGCTCGTACTCGCTGGGGCCTCACTGCGGCCATTGACAACATCCGTCTCGGACCAA,493,49.9,Homo sapiens
SEQ_642107,CTTCATTGTTATGAGGGAGGGCAAGGACTGCGCAGAAATAATCGCAGGCCAATTCACGAAGCCAATTTTGGGGCGTGGAGACCATAAACGTTATAGGTTAGTACCGTCGCATCATAGGCTGCAGTTTGTATCTCGTATCACGCTCTGAGGGCTCTCGGGGGAGCGCCATCACAAATGCCTGGGCGTAAGTGGTCTTGAACATGAGTTGGCCGCCATGCGATGACTAGGATGACCAGTTGGGGAAGTATGCTAACTAACCCCAACACCCAGAATTCGCCACGAAAGTCTAATTAGTTCGTAGGGCTACCGCTCAGACCTCCTCTGTTTACAAGCTGTATAAAATACGTTTACAGTGCAACGAACTGGCGGACGAAACGAGGCCGAGAAGGCCTCCCGATATAGGCTGGACCTGCAGACCCCCTAATGAACATGCTAATGCACCGTTGAGTTGAACACATCGTGCAGAAGTTCGTTCTCATTACGAGCCTATGATGTGCTAATACCTGTCGTGAAGCTAAACGCAGGAACATAATGGGCTTGCTTCACTGGCACCGCCGGAAGGGCTATTGAGGGCCCCAAACACAAACGTGATAGCTAGTAACTGCAATGTGAACATCACGAAGAGGATAGGTCATAGTTGTAAGCGATACGCCGTAGGGGACCGTCGCAGATATGGAATTCAGGGGCCGTCCCCCACTTACGCTAGGCGTGCACCCGGGAATCCAATTCTAAGTCTGTTATGGATCTCACGACGCTCGTCGTTGTTATGTAGCCAGCACGTAGAAGGGGCATCCACGATCTATCCTTGCAACAGGTGATTCAAGTAACGGACTCTAGGACATATACGCTCACCGAGAAGCCCTCAATTTATCCGTAATATTCCACTGAACGTTCTGGGAGAGTACCTTTTTCAAAGCTGCTTATAGGGTGAGTGCATTAAGTTCCGCATGAGTGCGAGTTGTACTCGACTTATTATGGCCCGG,983,50.05,Mus musculus
SEQ_999237,AGCAGACTTCGGGACGGCTACACGAAGTACTCTTGCAAGGTGGCACACGGGCGCTTATTGTGTATACTGATCTCTAAGACTAATTGACGGGCCGTGACGTTGAAGCTAAAGCATTTTTCTCCACCCGTTGGTGACCCGCGCAGGCGCCGCAGAAAGGTACTACAGCGCACTTGTGCTGGTGCCCTAACGCTGTATAGCCTCTCGGTATGTCGATAGTGTTACCCTTAGTCGTTGCCATCAAGACAGCCTGACCTGCCCTTTTCTCAGCGAAAA,273,52.75,Mus musculus
SEQ_584545,CAAGGTTAACGCGCCGGCCATAGTCGTTGCAGCAAGATCTCAGCAAGTTAGTTCGTGAGGCTGTCCCTGACAGCAACATTGTAATGGGCGATGCAGATGCTTTGCTGGGTTAGAATGTCGAAACTGGAATCTATCAGTAGGGTAAGGCTATACGTTAATCAGACAACCGCCATGTGTCGGCTTCATCAGGCTTTACCGTCTTAAGTACGCCACGTCCTGGGTCCCAGGCGAAATGGAAGGTCGGAGGCGGGTTCCTGCCTGATGTTTCCCATAATCGCCGATGGGATACCGGCATGAGCGTAAACTGACGCAAGCCCACCCACTGGCATGGACTCGTTCTATTGACGAAGCAGCGCCCATGCTTAGAGCCGCCAGGACCATCATGCCAGCACAAAATGCCACAACCCCCGGGCGCCGAAGGGGGAGATCAGTGTTGCCTCAGCTCCTTGGAGGTCCGGCCGTCGACCTTATAACAAGGCTCCGACTGATATGTAGACGAGCCGCGAACTGGAGCGTTTGCGAACATGCAGCCATACTAAGCCCGTAGTTGCAGGGCCGAAATGTGAGACTAGTCAATCTCACTCTAACTAGGACCAGCTGGGCAACCTTTATAAAATTCTCCCATGCAGACCCTGAATCATCAACAGGCTGCTGTCGCTGAGCTGTACACGAGGATGTTGCGCTAGCTGTCTCTGTAGGCCCTGTCCAAAGAAGATTCAGGCTACTTAGGTTGACCTTCGCGGCCAGACGTTGTCTGTAGAACGTCATCCCATCCTGTACGGCGAGTATCTCTCTTTGCGCCACCTGGTCTTGGTTATTATTGATCCCTCCATATGGGCGTTACGCTTACCTTCTGATTATCCCCTCTAGGGCCGAGTGATAACGGACACCATACTATTGTACGAACTGACGCAGCAACCGCTGAACCTGACAGCTGGAGTACGTTACTATTGAAAAAGCCCTGTTAACGCAAAAAGGGGACTGGAGCCCCAGCAGTACTCGTGCTTATCAATCCGGACGTGATACAGGTATGCTCCAGCCCAGCCTCTCAGTTAAGACCGAAACATCGCAACACTCCATCACGCTTAATTGGTTGAAACTATTAGGACCAGTACCACGAGCAACTTATACACGACAGAGGAGGATATGGACGACTGACCCCTACAGACCGGTTCATGCCTGCAATATTTACACAAATGACACGGAGTATTCGTTACTTATAAGTGGATGAAACGGCTGGTGCCTATGTTGCGGCTGCAGCCAACCTGTCGCCCCAATTAACGATCCGGATATCCGCTTGTTCCACGTTTGTCTACGGTCATGGACGTTCGATAGCAAGGGGATATTCACGAAACCTAGCTATATTATCACTAGAGCAAT,1380,51.45,Arabidopsis thaliana
SEQ_949184,GTAGAGAAATTCCTGTAATGTCCAAACCCCGTGGTCGTGAGAAGAGAATCGCCGAGCTGGACATCGTAATAAGTGGGATACCAAAATAATTCAAAAGGCCCAGAGATGGTACACTGATTGGTCCGCGTATAAGAGCACGAGCTACTATTCTTTTGCCTAATATTTGCACTTGGGGAGACGTGAAATTTCCCGCACCGGGTAAGAGTTAAGGAGGGTAGGCTGAAGATAGTCTTTGGGGGATGACTCATCGCTCAGACGGACCACGAGGTGTGAGGCTACGTTTTGACATTGGAGGTGTGTGTCTACGTCATAGCTCCATGTTGAGGTATCTGACATCTTTATGGGATCCCGTGACAAAGAATCAAATGTCAAATGCTGAAGCATGAGCGAGATAAAGGCTATCATTTCTACCAACATAAACCGCCAATCATACAGGTCAACCATCCTCCCGAAACCCAGGTGCAAGTGGATAAGGGCCCAAGTTAGATCATTCTTACGACTTTGTCGGTTTCGCCCATTCGGGAGAATAAGGAAATAAGGTAACTATCTCCGGAAACATCACCCTCGGTGTTATTGGACGGAGCCAATTCAGTTATATAGACTCTGTCAGGGACTCATGTTACCCCTAGATGTTGAACCATCGAGGAACCTTTAAGTTATTGGAGGTAATCTCTTTTGCCATTATTCTCGGCTAATCCGTGAGAGCGGTGGACAGGTCCGAGGTAGGATCCGCACACC,738,46.75,Arabidopsis thaliana
SEQ_438746,GTTTGTGAGTAGATGCTAAGATAGTAAACATTCGATGAACACAGACATAGAATTCTCAGTCCCGCATCCAGGCCAGTAACCGCTCTTTTTCCGACCACTGCACCACTTCCATTCGCTAACACGACCTCTCTCTTTATAGATAAGAGAAGCTTTAGCAGATAGGTTCCTCGGTTGTGTAACTTGCGTCAGGCAAGGTCAGGTTACCCTCGAGGTAATCGCTACGCGGAGATTTACTGGCTAGATTAGGCCTAGAATCCGTCCGTGTTGGTCATAGGTGTTATTGGTGCACGCTTATTCCATTTCGTAATGCTATGTGATTTAGTGTATCTACTCACCATCATCTGGGTTCAGCCCTTCCGCTAACGCCGGTCGTCCGTATAACTTGATGACTGTGGCCACGGCCATCGGCAGTGTTTAGGCCTTTTTCCGTCCTGCTCTTTTGGCATGGACCGTTATTCGGTACATGAACACGTATAATGAGACATCGACCCCGCGTGAATCACGACGCTTATGTATTGCTCCGAGCGAATCGGGGACGCTTTTGCTGGACAGATGGCGCATCAACCTTCGCTCTGGCACACCACGACGCGCCGATGGGTTT,601,49.58,Homo sapiens
SEQ_469780,GGTTAGACTCTAAGAAGAGATAAAGTGTGAGACGGCTTAGCAGCCGCCTATACGTGGCGTGCTTCGGGGGCGATGACTATGTATGTGTTCCTATCGGGTGTTACTCTCTGCGTAGCAACTATCTGCGACGCCCGCGGATTGTATCGCTGAACTGGCGAATGTCTCCTAGACTCGTAACGTGGGTCGCGGTATCCCCCGGGTCCGATAGCCAGGGGAAAAAGATGCGCTCTTGAATGAGAATTCGTCGTAACCGCCAGGCTAACTCGCTTGTCGAGCGAACGGCATGGCGTGAAGGGACGCGCCCCCGGACATTTTACCCACGATTGAACTTTCGATATTAAAGGGAATATGCAACCTGGGAATTTTCAGGTGAGATGATTGCACAACCCGGTGACGTACTGACGTAGACGTACATGTATGGATGATTATAGCACTCCCCATCAGCTGAATAATTGTGGGCCATCACTCTACATGGACTAGCTTTGAGAATTATCGATCTGGGAGCGTCGTGAATCCACTTATGCTGATATTCAACCTCCATGAGTTTCATGCCCACGATTTGCCGAGTTAGCCATCTTAGGTTCCCTGGAAGTAAACCCTCACGTCAACAAGCATGATAACTCTTAACTATACGTCGAGCGGGTCGGCCATATCTCAGCTACAAAAAGTTCTGTATAGAAGGGGCAAACATACGTTATTTCCCAGCACAGCGTAGCTGCCCAAGGATTTTGATGAATCAGCTTCTGAATATCCTAAGCCCGAGGATCTTTCCGGACGATCTTGCATGTGTTCTAAGGTTTAGGCACATTAAATGGA,816,48.9,Mus musculus
SEQ_809093,TGGCCAACCGGGCACTTGTCTCTTCGGTCCGTTTAGTCCCTGCCAGAATTGTATCTTGGTGGGGTATGCCCGATTCAGGACAAATTCATCGACTACGGTCGACGACACCCTTCTATTCGGAACCGGTCCCAGCACTCGTTCGTGAGCTCCATGCTACACGTGAGTTAGACAGTGAATGCTGCCTCCCATAACATGGGAGGGGAGAGCTGCTCAGTTATAGCCCGGTACCCGCATTCCTGCCCGCCGTTCTCTCGGAATCGCACCTACATTTCGTGTGAAGCCGAAGGCCCTTTTATCGCCAAGTTCGTCGACTTTGTCAATCGAGCCTCGGAGAGACCCCGGTTTGGTTTCCGTTGGTAGAGGATTGAGTGGTATTAACTTCTGGATACCGCCCCTGGCCGATACAACTTGCTAGTAGTTTAGCTGTATACGGTACTAACACGCCGCTCGGCTAGAAATAACGGTGCTAGTTACCCCTAGTCGTCTTTTGTGTTTGTGGAACGTTGGCGAGCTTCGCCCCGGTTGACAGCGGCGTAATGCGTGATAATTCCCAAACTATCGGACTACTCATAAGCTCGGTTTGGGGTAGAAGGTAGTCCCACAGGACCAGCCCATGTGCTATGCACGGCTAGGACTAAGCTAACGGAGCTACTACCTCTCTGGGATATCAACCCGAGCCGGCCAAATATTCTACGGCTCGAGCGTGGCCCCTCGCGAGTGCTGCGTTGAAACCGGTATTGGCCAAGTGTTTCTTCGCTCAAGCCAAGTTCTCACG,775,53.68,Caenorhabditis elegans
SEQ_961883,CTGGGCAAGGAACTATTATATTGCGTTCAGCACACTGCGTCACTGACACACAAGATGGTTTGCCAATCTGTAGTAGACCGTTACGATATCTCATGATAGGACTCAAGGTGATAAATGTTCTAGAATCTGGCCCCACATGTCCGGCGATAGGGTATACTAGGTCTATATGAGATTCTTTAGATGCCAACTAAGTGACGTACCTGACTACTTATGAACCTAAAACTTTCGACGCCATGTGCCCGCGTGACGGCAGATATCGGTGGGTGAGAACTGCCTTGCGGCTGTATCACTGGTGTACGTAGATCTGAGCCATGGGGATAAGTCTAGACCGTTCGACTAGACCCCGTTGCATGCTAGACGAGCCATGTAAATCTCGTCGCGCGATATATTTCCATGTAAAAGCGCTATTCTATTGTTGTGGTTCACCCAGGTGTCAAGGTGCATGCGATTCCCGAATGGGCCTTGTTTGCTTGTCGGGCCACTAGTAGGCCGGACGTAAATTAACTCGGTGGTTTGCCCCTTAAAACTCTTCCCCTGCTGACACCGAGCCCACTCGGGGGGGAAACCGTCACGCGGTAATAGAGGGCCCTGCGACATCCTGTATCTTCGCCGCGGGCTGACCGGTGGGCAGGGAAGCAGTGCAGCCTCGCGGTTCTATGATCGAGACCGAAATCTGTCTGTACCCGCAGCATTTCAAGAGTCCTAGCGCCATTGGGACCGGAAATACGGCTCCGACGACGAGACGCACGCCACGATGTTCTGTTTAAATAAAGCGAGTCCGCCGTCGGGCTTCGGCGCTCTTAGTTTATCCGTATATTGCAGGAT,825,51.88,Caenorhabditis elegans
SEQ_330159,TAGCCACCCCCCGACTTGAAGCAAGGGGTGCGACCCCCAGTTGGCCCGATCTTTGATGTTCGGTGAATTGTCTTCGTTCTCCGAGGGACAAAGTTAAAGGGCCTTGCCACTCTCGGCAATTTTAGTGTACCGTTAGTTACGAGCTTACAAAGACCGAGCAGGAATCGAGGAGTGTGTGGTTAGGATAGCTATTTGTAGAGCCGTTGCGGTAGAAAGTTATACGTGGTGCCCAAGACAGACCGTGTTTCGTTTCTATGTTTACGTAAGTCTGAAAACACTACTATGAACAGCCCCCGAGGTGAGCGGCATAACACCCCCCGACACCGCCTCACGTATGAACGTCACATAAATCGTGGCCGAGGACTGGGCGGGTACTGCCATAGAAGTAATGAGCGTTCCGATTGTGCATGTGAGGTTGCTAACAGACGAGCACAATTACAGTAGGGAAGACACCCAGCTTTTAGACAGGAGCAACAAGCCTACGAAATCCACCGGTCTGCAAGTGCCCGTCGCACCCAAGGTAACTGGAGGACCATTTGTTTTCCCTGCGCATACACGCTATATGCGATAAGCTTGATTTGCTCGCGATACGACGGTGGTTGTTCGAAAGTCCAGATGTCCGGACGGGCTTTTCCATGACTTGATCTTCCGGCTAATGGTGTCCACGACACCCGTTTCGATATCCACAACTTAATCGATAGGAGAATGATTGTATTGCACTTGTTTTTTCGTCTTGGTATGGGGGGATCCCCCCGCTCCCAGTCATCATGGAATCGATCAGCTCCAATCTCATGGACCGCCATGGTTGCCCTAATAGAAAATGCACGTCCGAATATGAGCAGGCTTCCTTTTTTTCGAGTATATATCTCAAGACTATAACAGCCGTAGCCCCGTGCGGTGGGTTCCAGGCGGGTCGGAATTCCGTTGGGCTCGCGGCACATATGCACGCGGTCTCTTATCTTTCACACTTCTAGCGCCCCAATCGCGGAAGATTCAATCTCTGGCCAGTGCTCACCTGAGCGAACCCCGGGGAACTGCCCGCCACATCAGATGTTCAAAAATGAACTGGGAAGGCCAGAAGTAAGTCTACGTTAAGCACGATGTATGCATATGGCAGGCATCAACGGCTATGACGATGTCGAGACAGTCGCTTAGTAAATTACGTTAGATTATCGCA,1177,50.72,Saccharomyces cerevisiae
SEQ_575334,TAACCTGCTTCAAGACAAGCCTGAGGTGCTGAATCAACGCTCACGACGGCCGATTCCTAGCGCTGATTTTCAGCAGCTCATCACCTTAAGAGCGAGCGACACGGTCGCTTTGCCTAGGGAAGCTAGCCTCGGATAGGTATAGCAATCACACAAGAAAACCGTCAACGTGGTTAAGAGAAGACCGGC,186,52.15,Escherichia coli
SEQ_187814,ACCTCTCTCACAGATAGTTCCGATGATATATTCACTCGGAGGGAGCGGAAGTTCAGCGAGCTCGTACATCCATACGACCCATAGGGACATTATTGCTAGTCATCTGGGGTTCGCACAGTTGGTTCACGGTCTTCACTAAAGACGGTCTTCAATAGACCGATGGGCCCTCACGCATCACGAACGCGACCGGGGCTAATTTCCAGCCATAATGTGGTGATTATGCCTCTGCGTCTCTGACTAACGGCTCCACCAGCTGCCACAAGAGCCTTGCGGTGCGCCAGATAGGCAGCGTCCTATTACGAAGCGAACCCGCGATCACTTCTCTTCTGTATGTTCTTCCACAATTCGTGATGTTCCATACCAACCGATAGCCATGCTAAAACCCCTGTAGAATAACCCAAATGCTGAGTAGGCGAGGTACGGACCGAATATCTAATCCTGTAACCTGCCGTGGTCTGGCCATTTTCTAGAGTGATCCCAACGCTTCCACGCAACCAAACTCGCCCAGTTCCCACCGCCAGGCCCTCAAAAACTAATTTGACTAACATCGTTTGCGTTATACTGCTCGAATGAGTGCCCGCTTCGGAATGGGAGCTCGGATGAA,604,51.32,Homo sapiens
SEQ_362652,CTCGGCACGCAGATTACATGCCTCGTGGCGACCGGTAACCGAAGCTGCTCGAGTAACGTAACTGCGTGATAGTTGAATTCGGATTCTTCGCACGAGTGATAATTCGGGACCTTCCACCCGTTCGTGATGTACCCTCGGGGGTAGGCGTTTATGAATGCTGTTGGAGACGGGTTGATAGGTATTCCCACTCAAGCCATGGGCCGACCCATCATACTACCCGTCCGCGAACGCTGGATAAGTCGCCCAGCGAGTGGATAAAGAAGCGTCGGCACGAGGCCCCCCGCTCTCAAGCGGTGTTAGTTGCGGAGTTGTGAAGCCAATCGCATGTGCTCAGCAGAGAGGTCTTTATTTTTACGCGCACAGCCTCTCTGCTATTCTTTCGCGTGTTCATTTATACCGCCCGGATCGACGTCGTTGATATGCCTGTCTAGAGCGAAAACATTTAATTTGTAGCAGAAATCCTCTGACCTTTTGATGCAGGCGAACTCACTACAATGGCGGACACTGCAACACTCCATGGGTTAGGTTTTGCACAGATGGCCGAGTTGATAAATGGCTCTGCCTGGAGCAATTTCGAATCGACGACGTTTCTCGTTGGATCCGTGGGCAGTTGACTCTTCTCGTACGTTGCTGAGGCCATAAGATCCTGCGTCCTTTGCGTGTGACTTATTTGTAACAATCCGCGCAAACAGGGAGCCGAAAGTCTCTCAATACATCGGGACGGTAGTATGGAGCTCGTCCAGAGACACCTTCCCACATCGGGAGGAGGTGGAAAGTATACGTCATGTATTCGAGTTGGGATGGGTTCTATCACGCCTGTTCGTTATCGCTGACGCGTAGTTTACGGCGGGTTTATATGCGAGGTTACTGTCGGAATAAGTAGACCAGCTTTAAGCCGATATGTCATTCC,910,51.43,Arabidopsis thaliana
SEQ_965147,TATGGGGAAGTATCGTGGAACGTGCCAAAGGCGATGTTCCGACATTGGTCTGTAACGCTTCGACACGCTCAACAAGGGGGGCACATACGCACTAAATCGGTTTAGCAAAGTCCAGGCTCACGGATCGGAGTCAGTTGCGCAAGTTACCCCGTTCCAAAGGATCTTCTCATGGTCCCAACCATGCCTACCTAGGAG,195,52.82,Drosophila melanogaster
SEQ_667335,AGACCCAACAGATCCTTTATACTATATCAATCCAACTTTCTCGTCTCCCAGGGTTTGTTGTCCAGGTAATGGGATTTACGCGATTCTACAAAAGTCTGTCATTTCCTGGGCAATGTTCACACGACCAGGCCCGTCAGGTGACGGTTTGCGGCATCAATTCCCTCAATTTGGTCTTATAGTATGCTGCCCGGGAGGTTCAAAGTGCCCTGGATGCCCGCTTCGTGGTTCAATGGTACTAGACGCAAATCGCCGTACTGGGTGTATGTA,267,48.69,Caenorhabditis elegans
SEQ_835030,CCGAGCCCTATGCCTATGTTTGAGCTGGAAAACAAGTACAGACCATTTTTTACGACTCGATGACAAGTGGCTCTGAGTACCTACGCATGCGTTGCATATAATGGCCAACACAATCCCAAACGGTGTTAAATAGAGCGCGGGGGTGCCGGCGCGGTCTCCTCCATTTCTACTAATTTAACAGATTCAAGATAATTACACTGTGGTGTGGTGTGCATGGGCGCTCTCACAGGGTGTCCTACAAAGAGAGTGTACGAAATCCTTCCCGAGTCAAGAAAGTAGACCACCCCAAGAATCGAATTGTAGGCCATACAATTAAAGGTGGCAGAGATTTTCGGTTCCGCGGCCCACTTCCGGGGCACGACATCAGCTAGGTTGTGCCGAAGCCATCGTTAGCCAGCAACTGGATACACCCCACGGTGTGTAATACCTTAAAGGCCAATAAAGTGCAGAGTGCTGTCCAAACACGCACCTCGCCGAATGAATGCGCGTCTATCTTTTCTC,501,49.7,Mus musculus
SEQ_826667,GGGACCGCGGACCACCCCGGAAAACTCAAAATTGATGTAGCTGCGCCAGAAATATGACCATGCGCGTTCCAAATGGGACGTCGATCTAGAAGGAATAGATGGCCTAGAAGCCCCAAGAGGGGTGCAAGCCAGATACCGATCTACGAGCAGGCTAGTCGGGCACCTATGTGAACGGCGTCGCGAACAACATGACAACTTTCTATCGTGTGACGTCTTCATCATGGTAGCCGGCCTCAGGGGCCTTTACAGTGTCACCTCTGTCCTGCCTTTGCTTTTACTAAAATACCTTCACTATGGGAGGACACCAGATTTTAACCCGGTTGGTTGTGCCAATGGATGTCCTCTTGACAGAGCATTCGGATGTTACGCTTGTTCACTTCTGCCCTTTAACGGATGCCCACGACCCCGAATATCACTTTCACAACGCGTCCCATACGATAAGATTTGAGCATATTGAGCGAACTAGATCTTAGTCAGCGATTAGACGCATGAATAGCCTGACATGTCCTTCACGGAACTAGCCTCCCTTCCCCGCGGCGGAACCCGGGTTTCGGCCTAGGGTGGAGGGCCATTATGAAGCGGGTTACCCCGGGCGGAGACATGTGATGGACTATACTGACATTCACGGATGGTTGTTTTAGTCCACATATCGTGGCTGGGCAACACGTCGTCATCACCGCCTAGTCGGCCACACAAGCAGTCCTATGGTATTCATGAACTAGCGAGGAATGGCCTTGGACTTTGGGGGTCTAGGAGAAAAAGGCGAACCGTGGCGATTCTTTTCAGGGTTCTTGTAGCTACGATTTAAGCCCCGCGAACCCAGGCTCCGTCAGTTGACAGATCCTTAATTGCGACGCCGGTCCCGGCTGAACAAATGCGAACTCGAGGAATCACTGTCTTTTCTCCGACGAGTGCACAGAAGAGCGGCCGACGCTACGCCCTGTAACCCGTGAGTTGATGACACGGAAGTGATAAATTGTACTTCAATTCCGGTATGGGTTCAAGGACCTAATAGCCTTAGTCTTGACGTGTTAAAACCTGCACAGACTGCGTAGTTACGAAGAGGCTTCAACTACAACCCCTCGGCCAAAAGCTTGTACTGAAGTTCCCCCTTTATATGCGGAAGGAGTGTACGATGATAAACGATTAGCGCTAGAGCCCCGCGAATTACCAGACGCTTATTCAAGGGGAGTAAGACTGCATTTAACGTTACGGCCGCTAAGCAACATGTTCACGTATTGAACCTGGTGATTGTAATATAGTTTACTAATCGGTTGACTGCCCCTTTATCGTGTGTGACCTACAGTAAGGTTAATTTCCGGACGTGGAGTCTGCAGTACGCAGATTCGAGGGTTACGGCAACCTGAAGCGATGCCACCTTATACTTGCTCGTTCTAAAGCTTGCAAGTGCATTCACGTACCTGGAGACTGGGAGCTTCCGCTTCGCCCGCCCCTCTGCATCGGTAATAATTGTAGGCATACAGTTGATACCGGGATCTCAAATATGAAACATGCAAGCCCTACCCAGGAGGGAATTTGTAGCGCCTGGCGGGGAGTCCCACGAAGCCAGAACACTATTTAGACTGCCCACGCGTCTGCCCGGCTCCCT,1609,51.21,Escherichia coli
SEQ_354458,TTCACTTCTTCAGTCACTTTAAGGGCACTTCGAGCCGAGGGCTGTAGGAGTCGCGACACATTTGGAATACGTTTCGTCTGTGGGCAGGCTGAGGATGCTTTAAAACACGGAGTCTGCTCCTATAAAGTTCGGTGTGCCCTTAAGGGCGACCCGATCCCTGTTCGTAAGGAGAATACATCAAACGGATACAAAACAAAGTTAAAGTACTGTATACGGTCGGATGCGTCGGCCGCTATATGGCGTACTTGTACGGTTGCGGAGCGCGCGCAGGTGTTTCGTGCACGTGCTTGATTCCCGTCTCAGAAAGTGTCCCCTGCGTAATACCAGGACCAATCACGTCAAGGCTGGTGGACTACCGTATAGTCGCCGCAATTGTTAACGTCGGGGCCATTAAAAGTGGTAACCCTGCTCAGAACACGGACCTCAGGAACTTTCGGGGCCCACTCCCAGCGTACGCTTCATGTTTAGCTGCAGAGGGCACAAAAGGGATATATTCGGCGAGCACGACCGAGTCGAAAAGCGAAGCCCAGTTATCGACCATTCCTTGATTATATAGAACGCCCACCCAACTCACCAGTATTCATGCGAATGCAAGGCACCTGGGCTGATGTAAACAGGGCTGACCACATACAATCGACGAGCTTTGACCTCAGTATTTGGGAGCCTCGTTTCAGTCTAGTCTGTTTTCGCAGGGTCCGACATTTCATGCTTTTTGCTATGATAGACAAGTTCACGCCCGACTCCAGGGGGCTAGGGCTACGAATCTCCGCGGCGAGAACCGACCCAGCGGACCCAAAAAGCCCCTGGTACAGCTGGGCAGGCCGACGTTGTTGTACTCGTGAGTAACATTCTACTCGCGTCATCGCAGTAGGCTCTAACAGTCAAACGGAGTGAAGCGAATTAATTACCTGGCCGATTCTGATCGAAGTCGTGGCCTCCTGGCTAGTGGTCGATTCGCTTATGATTGGCCTGAACCGATTAGGGTGTAGCCCTGCAACATAAACACGTCTTTGTCAGAACATGGGGTTTGACCCACCGCCCTAGATCCTGGTTTAACGCATATCGACTATTGCGGCAAGTTGTCACCCGCGTGAATCCAACAATGGTTAGCCTACCTGCCAGGACGTTCCAATTGTACCCTTAGAGCCACAAACGTAAAGACCCTTGGTCAATCCGACGATGCTCTACTGGTGCAGGCATACTCTTGGACCCCACTCCTAATATAGTGATGTCGTTAGCGATTTAACTTTTCGAACAGCCCAGAATAAGATGTTCCAAGTGAAGAGGGCGGACTCGGCATCTCAGCATAAATTACAACTTCACCTTGTGATCTTTGAATTGTCTCCAGGCACCGACAGCTGGTTAAGTGAAATCACGCTGCGCGCGAATTCCACCTCGTCTCGACCTGAGTGACAAAGAGGACACGTAAGGAGGCGTAGATCGTCTATAGGCTTACAGCGGAAGTAGCGCAAGAAGCAGGATTCAACAGGTGAATTAAAAGGGACCCCATCCTGCAGGCCGGATGGCTTCGGTTAGTCATATTTACCCAACGGATAAAAAGCTCTCAGGCACGCCTCGCTGTGGTTGAGATCTCCGCGATAGGGTTCCGCACTTCGTTTGTGTACCGACTTCTACATCGAGGAACGT,1647,51.24,Drosophila melanogaster
SEQ_553987,GTTAGCAAGGGTTAAGTCAGAGAATCCTCAGAGTGATATAATTACGGTCCCTAGAGCAGGATGACGAAAAATGAATCCTGTATTGCGTATTGTTGTCTGCTAAAGCGCCGAGTTGATTCCTATAATGCCATAGGCAGGTTTATCAAGTTAGCCGCGGAATGGCCCCTATTATTCGAAAGGCTTTTCCGATTATTAATTGAGAGTTTTTGTTAAGCCACGTACGCTCGTCCAGCTCGGTGAGCATATCGACTCTGTCTGCGAAAGATTACTGGACCCGTACAAGATTACTAATCGTCTCACGCACCGGCCAGTCAGCGC,318,45.91,Caenorhabditis elegans
SEQ_117118,TCAAATGTCCCCAAGGGAGCAGCTGCCCAAGGAGTACGACACCGTGAGAGATTGCTCATCCTTGCCCTTTATCCCTTTAGCCGATGTAACTCTGTGAGTACAGACTGCACTTTTACCACGTGGGGCTCGAATCCGAGGGGTAGTCGCAGTGGTCCCATCTCCCGCCTCGGGCATCGCTCTATTCGTAGTTTGGAATGAAACCTTAAAATTCGATGCGTTTACGCCTCAATGTCTATTGCTTCGCGTCGGTATGCAGTTACTATAGAAAGGTAGGTGATAAAACAATTACTCCCTGGGTCAACCGAGACCTTTCCCCCGGTTACTTTGTCCCACCCGGAGCAATCGCTGCTGCCTATTCGTGCGTACAGTTTCCTCATTTGGATGATACACCGCAGTATGATTGGGCACAGATTCCCGAAGTTCTGACCAAAATGCACAAATTGTCGCGTCGCTGAACACCTCCGGCGCGATGTCTTAAGGTATCGTATAGACTGGGTTGAAATCGGTGAGAACTAGTATATTGAATTAATCCAGCCCGATTTGATTCCTCGTCCGTCCGATCAGTGCGTCCAGTGAAATGATCCGACAGGGAACATATAACCTCCAGATCCAATCCTGAAATCCACAGTCCCGCATCACCCTCGGCTGAAGTATGGTTTTGGTTGTCGTGCGGGTAGCCTAAGTACGATCACAATACCGCTCGCTGCTGTGGCGGAAGGGATGCGAGGCAGCTCTTTTAGACATTAACTTTCGTATGCAGTTAGGCTGGATCCACTAATACAAGAGTCTGCGGCCCGTCGTCACTAACTATGTGGGGAGCTGCCCCACCTATGGGCATGCACGGGCCCCCACGCTTCCAGTTTAAGTGACGGCATTGTACATGGTAGTATCAGCTAAAATGCCCGAGCGCAACATCGTTAATCCGTACACCAGAGGAGGATCCGCGAGCGTCGGCACTTAAGATCCCCTTTCCCCATACACCAGTTACTGTCTCTTGAGAACTTCGGAAGCCCTGCGACAAATGGCAACCTGGATTTAACCCAAGCCGACACGGAGAGACATGGCTGACCACATGTGGCGGGCGCCCATTGGTATTCCAATTACGCCTGAATCACGAATTGGTGGCATCGAGGAATACCATCAGAGTCTCGGAAAACTCGGTGCGTACGCTCCAGCCATTGTCAAAACGGTATTTCGAGTTAATGGCAATGTTCCTTCTGAGTTCCCAGAGCCACTATGGGCGTTTTGATGGATCCAACTTCGAAGTAGTATGCGTAGTACGCGCTTGTTGGTAGGGAAACATCAATATTCTGCCATCCCTTGTATCAATGCGGGGCCAAACTTCGGCAAACGTTCATTCCTGTTTTGTGCCTTAGGGCTGTGTTACGTATGCAACGACTGCATCCACAAGCTCGCGCCAATTGAGATCTGCAAAGGTCTGCAATGAATGTTATAGTCGTGCAAGTTCCTAGTGGGTCAAGATTTGTTTGTCCGACCGATAGTTACAACACCATAAACAGCATGAGAAGATGTCTCTAAAACCGTCACGGTGGGTAGTTTGACGGTAAAATCGGGAATTGTGCAAGCTGATTGTGCTTTAACGAGGCGCGAAGGGACTTCCCACCGTGGCCCCATAGGTCAGTGAAGTAGCTGGCCCATGTTGAATCGCAACGGAAACGTAGTATGTAGTGCGCCGTGATAGGAATGGGTTCAATAATCAAAGAATCACAAACCAACACAGACTTATGGAACCCGGTTCCAATTCGTGAGACAGGCCGCCTAGACCGAGATCACATATATCAGTTATAAAAGCCATCGAAAAAGATACAACTCGCGCAGAACGACTAATTGCCCAAAAACTAATTCTTCCACGACGACAAGCCTAATTAGCAAGTTGGTTCCACAATATCAGG,1913,49.35,Drosophila melanogaster
SEQ_859014,GATATCCGCCCGCAGTATGGCTCGGGACTACGACAAGACCGCGTTGTTTCCCTTAGGACCAACGGGACACCGAGTTCCGTTATACCCGGCGGTATGTACGACAGCGTTACGACAATGCCCTCGGCCCGAAGGCGCCGCTATCAGGACTAGGGTCTTCCGAGGTGCCTCCCAGCGTTTGCGTTCAGACCAATGGAT,195,58.97,Homo sapiens
SEQ_994087,CTAAGACTTACAGAGCACGGGCACAATCTGATAAATGTTTATACCGAGGGGCCGAGCTGGCCGCATG,67,52.24,Escherichia coli
SEQ_358350,TATACGCATCTCGCTTCTACTAGAATCCAGCGACCTAACGAAGGAGAGTCACCGCAATGCAGTGTGTATTTCCTCAATTACACTGACAGTTTTGGGGAGATGTAGCGACGATGTCGTAGGCCAAGCGGCCCGACGTTATGGTCCATTGCTACTTCGCGAAACACGGGAGCTCAAGCGATGAGGACCGATGGCTATATAAGGCGCCACGTACTGGACTTTGCGAATCACGGTTCTTAGCATTACATCTGATAGTATACCCACAAGTTAATTGTATCTGGCGGTAGATTCCCATTATATGAGTTGCTCATCGTAATATCGGTCCAATACGGGTGACAACTGCGTAGAGCGAGCTTACGGCAGTTACCGGCGAGGTCCTTAGATTACTTCCTGCGGCTTGTCCGAGACTAATGCACTAATGACTATATGTATCGTATGCTCTCAAGAGAACTCCCATTCTCATGTTGTAGTTAGAGTAATTCGCGATTTCTACCGTACCTATCAATAACAAAATTACACTCCCCGGCACCTTGGTACGTAATGGGCCCCAAACAAGACACTGATAATTTTCTAAGCAGCCCGGGCGGCACGTATCATTTTGTGGTTCGCCGGAACCGGCAGATGGAACACCGAAACGCGCTCAAGTGCCTATAACACGTAACCCAAGTGCGGGCCTTTGCGAACTAGCCTCCTACGTTGTACGGTTACCCTCTCAAGGAGCAGGAAACCTACACCGGGGCCCTTTCGAAGATCCTGTGTAATGTTCAGGGCCGCAATCTACAGACAGTTTGCCCCTCTTCGTGGCTCTGCGAAATTATACCTGCCGTTAGAGGTCTAATGTACAGCCTAACGATCGGAGAAAACGGCCTGCCTAGCGGAGGCTCCTACATAGGGACGCTTTCGTGTGCCGCTCGACGAATAAGTCATTATGAGAGTTGACACTATGCCAACGCATTAGGGGGCAAGAAGCTACCATCCCTCAGTACATCGCGCCAGCCGCGGCGTCATCAGAATATCGGATCCGCCACTCAGATCACATATTTGGAGATGTAAAATGTTGGCCCAATCTAGGACGTATCTGGTCTGCGGAAACTGTAAGATTTCAGGTGCTATCGGGTTATTATGGCTGCGGGGATGTGTTTCAAATGACGGTTCCAGCTATTGTGACGTTCTACGTACGGGCCACTGTGTCGCTTCCCTCACCATACGTGAAAGTCGGCGAATTGTTGACGCGTGCCAGTTCAGTGTAGGTATGCTGTTCAGGTCTCGTTTTGGTTGAAAATAGCACCGTATGTAGTGTTGCGAATTACACCGTGGAATGTTTATCCTATGCTAGAAAGTTATCCGTA,1346,49.18,Caenorhabditis elegans
SEQ_586155,TATAGTGATACGATGTACTAGCGCAGCGAAACTTAATTGCGCGCGATTAATGTCATGTTATTCCGGACAAGTTCTTTGTAAGGCCTAGAACGGGTCAATCGTCTACGAAGCAGTGGGAAAGGCCGTCAACGCCCACTCTGAGCTCGACTGGGACAAACATTCGGTTCTCTGGCCTAAATATAACAGATGTTCATGTTACTGGTGTCGGTTGGGTTAATCGTGATTTACCCTACACCCAATGTCGTGACCACTGTCAGGCGGATCGGCTAAAAACTCCTCCCTAGGTTTGCTCGGTTATAACACTATAGGTATAAATGCACATACAGACAAGAGGATCTGATCAGGGAACTTTATTGCCGCCCGAAGATGTGGTTGCCGCTATGAGTCACCGTCCGATAAATATGTGCTTAGAGCTTGGTTTTTTCTCGTGTAGACCAAAATGGTATTGTTCATTGCTAGAAACTAGTACGCCGAGATCTATGTCTTTCCTGTTATTTGGGAAGGGTAAGCAGCTGTCCTGGGGTCCCTCTAGACTGAAATAACTCCCATGGCACGGTACCGTGGATTAATTGATTTTA,578,45.67,Mus musculus
SEQ_133054,TGTGTTCTGACCACGAGCTATGACCGTTTTATATTCGGACACAGACTATGCACTCTACCACTTATGTCTGGTATGCGTCAGTAAGTGTTACACTGGTGGTGAGAGCACGAATGCACGCCCAGATCGTGTCCCAACAAATCATATCCCAGATCTGTCCCAAACGTACGTTAACTACCTTTCCTCTACGACGTAACGAAGCATGAACGCCAATGATGCCGATACCAATGGCTTATGTAGTCCCCTTTTGAAAGAAGACCACGTGTTCTGGTGAAGAGCATTGCCACTATCCGTTCGGCTGGGATGCCCTCACTACGCAGTAAATGTAATGTCGAGGCTTGGTGGGGCGGCGCTTCTTGTAAGGGCTAATTATGTACTTCCTCGGTCTGGTTTTATGGTAGCCCGAACTTTATAGTAAGAAAAAACATTTTGCCGTAAATTAACCCGCCCAAATTCCCAAACAGAAAGAGGGGGCAAAACAAGGAACTGTAGGGGGTATATAGGGTAAATCCTCACAGCGTCGGTTCAGTGGGCTAGAGCTGACCCTGCGTCGATCCCTACTTCTCTGGTGTTAGAGGCTAGACCATCATTTAGAGCTGTTCGTTATTCGTTGAAACGGGATCAACCTCCCTTACTTGACTGGCGGAACATCCTGACTACAGGCGCGCCATAACCTTCGGTTCTAATAGAAGTGTGCGTGATACAATTAGCGGGTAAAAGCGGCGTGGCTAACCTTGGGGTTCTAG,743,48.18,Arabidopsis thaliana
SEQ_107670,GCTTGCAGCCGAAGGTCTCCACCCAACATCCGAGACGTACCTTGGATGACTCACAGTGCGGAAGCCGTTTTAAGGCCCGTGATGCGCTAAGCTAGGGCTGTACTAGGACTGGAGGCGTAGTTCGCTCTATTCAGCTCCCCAAAGGCACGTTGACCCCCCATGGAAAAGCGATAACTTGGCCCGCCTCCTTGTAAATCTTTTTCATGAGCCTCGCTTACGCACCGCTCGTCCACCAGTGGCTACAGTTGCCAAGGTACAGGCCAGCGATGGATTTGCCGCAAGTTCATGCCATACTTAAGATTTCATAAGACCCTTAACACACTTTTCAAACATCACCCGCCGAAGTAATATAGGTAGTACCTATAGTCGACGCCCCGGGGCGGCTCTGACACTCTCTGTAGTAAGCGGGGGAGGGGTAGGCGAAGCAGTGGGCTCTGAAGAGGCAAGATTGCATCTTATGTCTATTACGGAACCATATTTGGTTGACCTCACCAAATCTGCACCCCTCATTGGCGGGCCGGGGACTCCAATTCTATTCGCCGTTTCACATTTCGTTTACTGATGAGAGAACTTTGAAAGTTCCGCCGTGACCTACGATCTTAGGAAGGAGGATATGACTATAACAGGAGTATGAGCCCAAAATGTCGGTCGACTGGAATACACGTATGACCAATAGCGTTGTACAGCATCGATTCGTAAGCTTCGTTAAGTCACACATACCTATCATAGGATAAACCACCCACGTGAAAATTAGATCTACTACTACGACGTCGACGCAAGGGGATCATCGATAGATGTTTAATCCTGTGGTGTCTGCGACCTTTTCTGTGCTTACAGGGCCCCTAGTGTACGTCAGTCGGTTGACCTTACCCTTTTTAGCGGGGATGATCGACGCTGTAGAGCTTCAGACAAGACTTTCCCGCACGATTCCCTCAATTTTACCTGGACCCTCGAGTTTGGGTTAGAGCTAGCAGCTAGATGGGGTATTCACAATATACCCGCTGCTCGTACGTTATGGGTCGGTAAGCAACGATGAAGGTATTGATCAAGGATGCATCCATATAACAATGGAGTCGGACTTTCAAACGTAAGTAGAGCCTTCGTCTCTAATTGCTCTCA,1119,49.42,Caenorhabditis elegans
SEQ_702237,ATCTAAATAATCCTTCCGCTATGCTAGCTCCAGCCAACGCACATGTATGTGGAATTTCACATCCATCACGGTCCCAGGAGACCTCGTATCCCACCCCGTGTGCCCGGAAAGCTCTCCCTTTAGCGATGACCGGACGATTGTCGCTGGCAGGGGTTAATCCGCAAGCAGTCGAACGACCAGGCTGTAAAAGGAACGCCTGTGCAATGAGGGTGCGATTCGCCCCGACGGCTAACGTATATCGTTCACACATTGCTCGAATCCGCGAAGAGTAGGTATAAGGTGGGGATGAAGGTCCGCTATCGACGAGGATCTATGCTCCGTCCGTCCCACAGAGGAGTATCACCTGGCCTTAGATTAGACTTCTCTTTGTTGAGACGGGTCGGAGAATTGCACTCACAGCTCATAGATGGATGCGCGTAAAGCTGAAACATCTAGCTCAAAGATTTGGGACATTCCTGAGCATTAGGGATCATTCCTAAAGTACTCATAGAATGCGACGTCACGTGTACTGACGGGGACTGTCTCTTTTTCCTCTGGTCCAGTCACCCAGCGGCCTGTCTATGGAATTCACGTACCGAGAGTGCGAGCGACGGATAGCAATAGGTCGCGTGGGGTCCGAGTAGTAAGATAATGCGGTAGCGGCAGGTGTCGTCTCCAGGCGTTGCACAAGCGTGCAGGGTTCGTTCCT,688,52.91,Arabidopsis thaliana
SEQ_978938,AGGTTGTATCTTCCATGTCTCCACCGGAATGGTTAAAAGTTCTGGGGCGCTCAGTAAGACGTATACTTTCGCATCCTATCAATCAATAGACGAGGGATGCCCGAACCCTCTTCATGGTTCTTATGTGTCGCCGACCACTTAGCATGTAGAATTATCATCATCCAAGAGCTAGCAACAACCCTATTTCTTATCACTTACTCCACCGAGTCCCCTTAACCTCAAATTGGCCGCTTCAATCAACGCGACTTTCGCTTATGAAGTATCGTGACTACCATCTATGACTAGGAGATAAACGTATCATTCTGTTTCGGTAAAGAGTCTGACCTATCGTAAAATACCAGAAGGTTAGGATTCACTGTTTACACCTCTTCGTTTCTCCCACGCTATCCAGTCGTGCTATATTACTCTACAAACGTTCGATGAATATCGTAAAAATAATTATCAACCGAGAAAGCGTAGGCTCAATGCACTGGTATGGGGGAGTCAGAACTACGCAATACATCCGTTACCGCGTTTGCCACTGTGCCTGTTGGCATGTGTCAAACGTTTCCCAATCCATACAGAAG,566,44.17,Homo sapiens
SEQ_834088,GTCAGAGTCATACGTGCTGCGCAGCACCGCCGAGTGCTCAGGGACAGAGATTATCAAGTGATAGCCTGAGTCAATACGCTCTACTGGTGGCGTTGACCACACTCTCCCCCTGGATGGCAGGGGCGTGTTCCTCTCTACCCCAAGCTTAGAGTCGTTAAGTTTTAAGACTTCACGTTGATCGGTCTTTTCCCCACGCGAACCCCCCCCCCGGCATGACCGACGGAAGGACCTTTTCAATGCATATCCGGGAACAGAAGGGCATGTTTGGCCAACGTACGCCACTATCGCAACAACTATCGTGTTAACGACCTCGGCATCCGGATCAAACTGCACGGCCCTAGCGGCGCCAGGTGACGTTCTTCACCTTCTGTAAGGCGGCAGTGTAGCGGGGCATAGAACTCAAGCCCACAGCAACTGAAGTCGCCATCCAACTATCCTATAGGGTGGTCGACGACTACGCCTAGGTGGGATATAAACCATACGCTAAGCTGACTCATTCCTTAGGCGCTAGTGTCGTCTGCGCATAGTAAGATTTGTATCTAATGTTCTGCCCGCTGTGGGTGAGTCGATCATATTAGGCCGGGACTAAAGAGTGCTCAACACCTTTGCCTCTCAGGGGAATGTAGATGTGAGGCTTGAAAATGATTCTCCTGCGAGTGGATCCTATCGGCCAACCAATCCGACCGAATGCGCTTGAAATCGCGTCGGCGGCTTTCAACTAGCGCGGTCATCTAGCGTGGCGCCCCCCTACGCGTTTTGGGCAGATGCCATGGAGAGAGATTGTCTTTTGGAAAAGACTGTGAAGATATAAGCCAGCAGTCGTCTACTTGACGGAGGGGCTCTGGGTGCTTTCATCATCTAATCCTGCCGCATGGATATGCTACTAGGATGGAGCCTATCGTGGTAGCCCGTATCATGGTGCCCCTAAGTTAGCTAAGTCGACTATGGAGTGTAATTGTTCACCCTCGGACATAAGTCTTCGGTTTAGCGCTGGAATATGTCTTATTTGGGTCCCGGCCCACTTCGTGCGCTTGACCCAAGTGAGCTCAACCGCTGTTTGCAACCTCCAACTGTCTTCACCAGACTACCGGATTGTCGACAGGATTCGTTCGATGGTTAAGGGACCGCTGCTCTGTGTAAAAGAGTTTGACATGATAGTCAGAGGCTCAATCATCCATAGCTTTGCCTGCCTCTGCGAAAGCGTTGGACCAAACAACCATGTTGGCAGTTCGTCATGTGGCAATTAGTTGGGCAAGCTGTACGAATCATCTAATTCAGGTTCCTCCACGATGTAAAATGTCAATCTAGTGGTCTAACCTAGGGGTATCCTATGTGTTTCTATGGCGCT,1348,51.71,Caenorhabditis elegans
SEQ_913527,ACAAGAGTGGAGGGAAATACTAAGCACTTGGTTCAGTGGCGTAACTAGAGGCCCAGAGGACTCGATCTACCGAGATCAGCTGTATTGATCTTAGACATGTTTTCTGGACAAAATTATTACCGGCATTGGGTAACCAATAGGGGGATGGCTTTAACTCAATTTGACCAGGCAGCTTTTATCCGTTTACATAACAGATGGCCCCAGAGTCTCTTTCAATCGACCATGCGTCGTGGGTACCATTAATAATGTTGAGGTTGAAGCTTGAATACAGAGCGCATGTAGTATAATGATCGGGACGAAGTCTACAATAGGGGCGATTGCCCTAAGGTACCATAACCCTGCGTTACACCCTTCGGTTTAATCACTGGAGGGTGCATAGTATTAATACGATTAGTTCTCCCAACCGAGTTAACCGTTAACGGTGCAAAGGACTCAGATGCATCGGTGTAACAAATGCTAATTTGTCCAGTGTATCGAAGGTACTCTCGGAGCTCTAGTATAAATGCCGCGCTGTCATTGTCTGTTAAGATCCAGTTCATACATCTTGCCATACAGTTAGATCCTGAGTTGTCTTATACTATAACGGAATATGTCTCGGTTTCTTAATTTAACGTATATAAATGAGGGATTGGAGGTGTCAACAACCTTTTATTTCTTACGAATTACGCTGGTACATAGAAGACGG,685,42.92,Mus musculus
SEQ_411297,CAGGGAGGGGTCTAGTACTTGGGAGCTTGGCTGCTGCTCGCTTTGGACCGTGCGACACCAAATCCGTTCATAACCCGCCTTTTCAAATCGTCTTCATACGGAATCGTTCCAACCCCATACAAGGTCTGGATCCTGGACTTCAACAAGCACGGAATCGAGGATTGGCGCGTAAAATACCAACACAAACCCACGTGTACTTGAGAGCACCGCGGCAATCTATCCCACCGGTTGGGCTTCCATCAATAAGCACCGCTACAGGGGAGCAAGGGCGTGACCGCCAAGAGGCGCTACATAGGACAACCTCGGTCGGGCTAAGTTCAAGAACTCAAACCGTCGTACTGCTAGTTGTCGGCACTTGGTGCGCATTCAGTACGGAGTCCCTCCACCAGTCCGGGAAGCAAATGGCAAATTGAGCCCTCGCGCAACACTTCGATAGGAGACGTGGGCGGGGTCGCGCATCACAAGCCGACCATTTAAGGCGCCGGCTCCGTTCTCGAACGCGTATCAGTTGACGACACGTAAGGCAATGGAGAT,534,55.24,Escherichia coli
SEQ_385164,AACTACGCTCGGGATGCCCCTGAATGTGGGGGGCGCATCACACAAATTCCCAATTTCCCCTACGAGTGAATATAAAGAGTTTCAGAGTTGCGATCGGGCTACCGCGACGCTGAGGACCTTAGTTAAGTAAGTCGTCGTTCACAGATGACGTTCCAACTAGGCCCATCGCACTCGTAGCCAGCTGATTCACCAAGCCGACGCCAACGGGAAAGCAAATCTTGAGAAACCCTGGGCTTGCGTGCGTAACCTTGGAGAACGCATAACCCATTCCCTTACTTAGTCGAATGGGCTTAGCAATAGTAGTACTGGTATCGGGGACACCGGGCACATTACCCCTAGCAGAGTGGGTTAGGTGTACATACAAGCCCGGAGCTGGCTTGCGCGGTACAGGAATTTGAGGTTGGAATAGCAGCACACCGGAGAGTAGTCAGCGCTGTGGAAGCACCTGGCGAGAGCCTGCTAGTTCTGCGTTACATGCATTCAGCACCAGATGTCTCGGATTTTCAATTCCGGTCCCTTAGCGATTTCAGAACAAACCGAGCGCTGCTACACCGTTATGCCTATACTATCGTTGGGGACCAAACCCAGTTTGGTGCTAACGCTCTACAAGCCTTTGTGTACTGTAGTATCGGCGGCGCGAGCTCCCTCATTCTAGGCGCCTAGCCGCGCCTCGGTAACCATAGGAGGATTTAAGTGTTATCTGGGCTTTCGGGGGCGTTCTAGGCTACGGTTCGTACGGCGTACTCTGCCAAATGCACCCGATGTCAGCTGTGCCCTTAAAAGACATCCGCGATTCTGGGTCCGTTTTAGGCGATCGTCAGTCAGGAATACACCTCAAGCCCTAGGGGTTTGCGTACACTGCCCGATAATGACCTTTTGTTACCCCAACAAGATAGTGTACACTTAAGCACAGCGCATCGCGAACATATCCAGAGCCCAGCCTATTGTTTTAGCGGGGCAATGCTGAACTTCCGTCCAGGTGTTCTTCTTTTGTCACCTACGCGGCATAATGCCGAGTCTCAAAGGACGTCTTTCCCCCTGACACAAGCGGTCGCGTAACCGGTGGTTTAATCGGTCGGGGGTCACGGCAGCGGCCCTAGTTGCCTAACTCACATTAGCTCGATTCATCACGCTATTCCTTGTCGATTTACTTGGAACTGTGTGCGTTTGACCCGTATGTCCGTTCTGCATATCTCTGGCCGCGAAGTTCCTTTTAGCGCTGACGTGGCCCCGGAAGGCTGCTGTCAATTTATGCCTTACCAACGCGCCTGTGAACCTATCAGTGATGGGGACTAGTCCAGTCAATAATGGTAGTGCGCACGTATTGTCGACATAACAGTACACATTTCTATCGTATTGGCACAACATTCCGAATCAGTCACCTTGGTCACGATCTAGGTCCTGGTACCCAAGCGAGCTAGTGTCTTCTGGGTCTCTTGGATCGGGAGCCGGAGTGAATTGTCCTGAAGGAAAGGGCCAACAACAAAAGACTACTTTTACT,1501,52.03,Mus musculus
SEQ_870153,GGAGCAGTCCGTTAGAGTTTCATCATACTTTGTTATTTCTAGCCGTCATGTTGCCAATACCGTAGAGCGGTGGTTTCCTGCAACAGTGATCCGCCAGGGTACTTTAAGGATACAAGGTCATTTGGGCCTCATAGAATTTAGCTCGTTCTACAACCTTCTCGTATTTCCAGGGTAGTCTCCGTCTCCAGTGATATTAGGACCAGAATACTTACCCAGGCCCGTGCGTTGTTCTTGGTCAATGCGTATCTTTTAGGCATGGCGGTGCGCGTCTCAGCTGATTCCTCCCTTGTGTTATGTATACGTTGAAACTTTAATACCGGACCCGTTCAGCAGAATTTGCTATATACAGCCTCCTTGACCGTCTGACTTCAAGAGGTACTGGCATAAAGATGAAACATGTCAGAATTTTCGCGCAGCTCAATTTTTGGCAGAGCGATGTCTTCAGGTATCACTAGCCATACTGCCGAAGGCACTCCGGGGTCGGTCAAATGATGGACTCATAGCGGTATCAAGTTCAAGCCCCTGACCGAAAAAGAACGAGCAGCCTTCGGTAGCATCGATTCAAAACGTCTTACCTTCAGGGACGATTTCTAGGCTTAGCAGAATATAGGAGCTGAATAGGCCACGTATGCGGAGTATACTATAAAGATTACCTACCCTAATAATACTTCCTCTCTTATAGGCGGGCGTCCCATATACCAGGAGTTCAACAGAATGAATTAGGAGCGGGCTGCCAATTGCAACTCTGCGGTGAAAACAGATATCTCAAGGGCCCAGAATTGGACTTTCGGATGTCCAGCAAACCTGCTAAAACCCCCTCCCGCACAGTGATACTCCCATTTAACCATGCGCGCAAGCAGACTCCCAGTAGCAGAATTAGTGTTTAGGGCTTCAGACCTTTATGGCGTCAGGTGCCGTCCACAAGCTAAATGAAAGATGCAAGAGGCAGTATAGGAATTGATCGTACTCGACGGTCCTGTCTGGAGGTCCTCTGACTAAAAACGTGGAGAAGATTAAGCATCAGCATCATCTCCATGGTGTCTCGAAGGAGAATCATGCTTCCGCGGCAATATCCCCCTCTCTAAAAGTTAGACTTATAAAACCCGGGCTTAAGGGCCGGCGCCGGACTCGTATGCGACTCCATTCAACTAAGTA,1155,47.71,Caenorhabditis elegans
SEQ_939512,CGCTGAAATGAAAAAGACGCAGTTGCTCGTATACGCGAATGGATCGCAACGTATGCTTGAGTTCTAAAGACAATTGGATGTTGTACTCACAGTTCGCTGATGCCCAGACAACCGTAAGAGCACGCCAACGTCGGGTGATCTTCAGTCCGGCGGGCTCATCAACCCGCACCGAATTGACGCTGCTTTGCTTAGAGCGCAAGAGTGTGCCGTGTCCAAATAAGAATAAGTCGTACACTACCATGCACTGGTACTCGATAAACATCTTAGGCCTACCTAGGCTCAACAGGTACTGTGCAGGATCGTTGGGCACGATACCAGAGTAGCAGTGCTGCCTGGACAGTGCACTCGGAACAGGTGCTCCCTACCTATACACACTTGGCGGGTCTGATCTCAAATCCCAGGTGCTCCTATGAACGTGTCTCGCCAGGGATGAGAGAGGCGTAAATGCACTACGCATCTTGGTGTATCTATTGTTCCGGGGTACATCGAAAAGCTCGGGTCGTCCGGCCTCTTAGTTATAATAACCGGAACATAAATCCGGGAGTACTATTTTGGGCCTGCGCTGCTATCCGTACCCTTTTGTTCGCAGGGGCGCAGCCCTCATGAACTTAATATGCCGCATTGCGTGGTTGCGTCCCCAGTGAAAACACATCCCGTTTCGGTCTGGACAGGCCCCGCCATGATGGCGTACAGACGAGGATGGCTGTTCCAGTCGCGCTGACGCGCTCTACTGTCCAGCCCAGAGACAGCTTGAGTAGTTATAGGAGAAAATTCGACCTCTCCTACTTGATGATGGACGGTAAATTTCCCTATATAACGATCGGGGAGGTATTGGCTTATGAAGTCCATGTCAATATCATTGTCTTTGACCCCGCCCTTAATATCACTTTGAAGACCTCTACCATGGTACAGATTTAAGGTCACTTCCTATTGATGCGTTAAGCGCCGCCGGTATCTTTGGCATGGCAGTCCGGGCGATGCGTTCGCTCCTGATTCTGCTCATATATTAATCTGAGGTTGCGTACGTTCATCTAGCGACAGACTGCGTAAACATGCTTCCCGCTTAACGAATAAGCTCCGCGCACTAGTGAGGAACGTTACTTAACCCGGCATGGAATCGACCGAAGGTGCGCAGTAACTAGGGCAGAAGCATAGCAATAGTGGACAGGTGTTCTATATCTTCTTGCCCTCAACCCGCCACTGCCAACAACCCCCCGTTAAAAAAGAGGAGACTCTCACCGGACCAGATTAGTTACCCTCAGAGAGGCGGGGACTCCCCTCCCGAGTGCACTGATCCCGCACGCTGCTTGGCATGTGGGGTGCAGCTCGGAGCTTTGCGAAACACTGCCGTCGTGTTGAGTGGCGATCACGGTGCACTTACCTATTATTCTTAGGTCAGGAAAAACTGATTATCCGTCCCATAGCGACCACGTGCTAGGAACGTTT,1446,51.52,Escherichia coli
SEQ_636158,GGGCTGCTTGAGTCTGGATGCAGACGGCCACAAGCCAGGAATATTTATTAACTCTGAGTTGGGTGTACCGCATTGGACCTCACTCATGTAATTTGAGACGGCTATTAAACCAAGTGGAATTCCAGCAGCTTTTTAGTCTCTGCGAGAACGACTCGCCGCTAAGTACCTTTTGAACATGGTGTCTCGAGTCCAAAGAGTTTACCGGAGCCCGTAGGGTATGTACACTGCATTGTTATCAGGGTAACACTGAAATCAGTTTGATGTCTGTATAGCGCCCTTGCTAGTCTACCGCGCAAGGGCGCACTGCCTGAGGACTGATGGCTGAACAGGATGCCCCACTGGTTCAACTGTTTGAAGCTGAGCAACGAAAACACTCATGTCTCACGTAAGAACACGAATTGTTAGATTTGCCCTGGGTCTGGAGTCATTATTGCCCCATTTTGAAGCTAAAATCGTGCAAACGCCCTGGGGTTCGACAGGCTAAAGTGGATGTACGAGAAGAAAAGTCGAAAACTCCTGTCCCACTCGGTATATTGTCGGTTCAGGAGAACCACCCCCACTACCCGCAGTTCTTTTGTAAGGTAAGACCTGCTGATCACTACTGTCAGAGGACCCACTTGCCTTGCGACAACAGAAGCCGCCACGGGTTTAGACCTCGCGTCAGCTGAGGTATGGCATCCCCAAATGTGCCCCCAAGCCGCTGGTTCAGACCGTAGAATCGTTACTTACGAGTTACACGGGTAGACCCACTGCACATGATTATGTTTCCATCACTTGCGAATAAGCGACCTGGTAGAATTTGCACCAGATAGCATGATTTAATGTAAATGTATCCGTCACTTGACACCGGGTGTGATGACATACAAGAAATTGCATTCTCGTCAAGGACACACTCCCAAGTCCTACCAGGCGCTGGCTAAAAAGCGAACCGTCAGGGGCTGAAAATTAAGGAGTTGTTGCGTGTTACGAGCACAGAACTTGACGTTGCCCATTGTGGAAGTTGATGCGTACGATACAACGCCTAATGAGAGGATATAGGCGGTCGGTTGGGTCTTAAACAAAAGCTTCCTACCATTACGATGTGGATTCGTGTTGGCAGAGGGAGTGGCGCCTGACTTTACGCCTCAGTGTAATGGTCGCTAGGTTAGCAGGACTTATGGCTACTCGTGTGATTGCTCCGCATACCAGCTAAGAGGAAGATAGTCCAAGGGACGCATGCGAATAGCCATGATGTCAGCTGGGCGCACCAGTCCGTGCCGACTCAGTTCCACACAATGTGACTGGTTAAACACGCAAGGCACTCATTGTCAGCGCCCAAAACGTCGCCGTCCTACGTTGTTGTGTGTAACCATTTCGGACGATCGTCTACTCAGGCCCAAACCACCGCGTCAGCTAACGCAGAGAGCAAACCGGACAATGTCTACCTCGGTGTGTAGGTTACTTGAGTATTCGTAAGAGGAAGAAATAAACTTAGATGCCTGACTAGCCGAGAAGCTCCTAAACCCCGGACTTCACGATGAATCTCGCCTTCGAGCAGTCGGAGGCACAATACGTAAGTGGAACCGCTTTCTCACGAATTCGTTAAAACACAGATGGTACAGAACCTCTTCGCCGAGTGTTCTCCCGTTCACTA,1633,49.66,Homo sapiens
SEQ_244208,GTCGGTTTTATGGTGGCAGGCGGACGTTAGTTAACAGTCATCTGGGCTATTAATTCGCAGGTTGACACAGGGATTAACCCCCTTTTGTGTAGCTTTGCATGGCTTCTAACCGCTAATTCTGGCGCCCGCTACAGAAAGGCCCGATGACCAGTGATGCAAATACCGATCCACGCGTTGTTATGACATGTCTACGCGATCTGAGCATTCCAGCATCACCCCCGGGGCCGTATAGGGTAGTTCGACAGGCCAGACGGGCTCCTATTTTATAGATAAACCACGATCCAAGCAGCTAAGGTCAGAGTACGACGAATTTGCGTCGAGTAGGTCTCTGTCGGGACTTCGAGGCATTAAATTGTTTTTAGCGGGTTACTCTAAGGACCCACCGCATGCGAGGGGTAGCAATATATTGTCAAACGCTATCTCCCGATTCTTATGGTGCATTACATACGTTCGTACCCGTCTAGAGTAGAACCGCCCTTAAGCTCTACTCATGAGTAAATAATAGTTGGGGGACTGCTGGACGGGGGGCCTCACGGCCAGTCGAACTACTCGCTACATGTCAGATAAAAGACTGTCAGCGCTTTGACTGGTGACAAATGACATTTAGCGCCATGCGGCGGGCTGTGACCTTAGACTATACTAGAGCCGCATTCTTTTTAACGGGTTGGCACTAATACCTGTAAGGTTTCCAACGAGGGCGCAAAATGGGCAGAATATTCGGACTATGAGAGATAGGATTCGCTATGATCTGACTAGATATAATACACCTACCGTTTATTTACCATCCACTCCTAGTTGAATTTGTACAGGTGCCTCCAAGGATGGGGAACGGCTTTGTAAGCAATGAGGTAACATCATCTGTGAACAAACACCGGTGTGTATCCTAAGCCTACCTTCTTCGATGTCATTGGTTCTTCTACCCTACTCACACCCCGAGGGACGGTGCCTGGGGTGATACCCTTAAGCCTAGCTACCTTCACATGAGGGCCCGCTGTAGTCTCCCCACTCATCAGCAATTGGATCTAAGAAGAGCACATTTGACCCTGCGCTAGATGTCTTTACCCTGTGAATTTTTCTCATAAGGGTAAGCTCGCAGCTCCAGCCTTTATAATGAAATATAGCCATGTAGCTCGTGCATCCAGCGTAACTCAAACCACTTCTGTTAGTGGCTAGGAGGATTCAGCCGATCCCAACCTCTGGCGACTGGCTTTCAGGACCCAAAGCGATTGTTCCTCCGTAGCATGTAATTTAAGGCCTTACAGACTTCAGTGCATCTGTTCCCATCAGGTTGCAGGGAGCTGGTAGACAAGTGAGCGCATAAAAATTCGGTGAACGAACTCACAGAGACCCCCTTGCCTTAGAAGTTATAAACTAGAAGGGCAGGAACCGGTGA,1393,48.74,Caenorhabditis elegans
SEQ_527611,GAACACTCGAAGCAAAGCTGACCTCCTAAGAGAGACACACTTGCTAGAACCGGGTGCATTTCAGGGGCTAGTGTGTATGAGTCTGTAAGTAAACGGTCGCCAATGTGGTTGTGCGCGCGATGCTTGATTGCGACCGATTTACGGTGCGGAGCTGTATCGACCCGTTCGCGGGCCACAAGGTCGCCCGTCGCTGATGCTGCGGAACTACTAACCAAACATTCTTAGACACGACCAGTCAGCTGGCGAACTCTTATCCTAGGGCGTTGTGTGCAGGCAGGTCACAACGCAATAAGATTCACACTCTTAAAGTTTGTTTATGTCTTTCAGGCTATTCAAATGTGTTCATTGGCTTGCGCGTGCCATCAGAACGAGAAACGGGTCATGGTGATGGGCTCGCGTTCTCTTCGACCGCCGTTTGGCATGTTGTTGAGTAGAGCTTAGCCACACTTTGGGGTAACAGGATAGGTTGTCTTTACAAAATGACTCGACCTACGATGCCCTCAGTGTTTATGTCTAATGTTGATTGGCTATGAGTTTCCTAGACGCCTGATGCTGTCATAGATCTGACAGAATTTAGGCCAGAGCAAAACATGGGCTCCGCTAACCTCCCAAGGTACGAATGTTAACGCGCCGGAAGCGCTCCACGACCTTGAAGCCAGAGGAAGGAACAAACTTCCAGTCAATGGTTCGCCACAAATAAAGCATGAAACAATACGTTCTCCATGACCAACAGGTCATTTACTATCTAGAGAAGGTACATGATAGCGATCTAATAGAGTGCAATAAGTGTAAGGTCGGGGTAGCCGGCTCCGGGCCTAGGTCCGAAGTTGGTCAATTCGATCTACCGAAGGGGCTGAGCCTGGGTTCGTTTGAAATGTTCTCGCGCTTATATCTTATGAATTGTTTGGTAGCGATTCCCTGACGGAAAATACCTCGAACCATGGATGGTGTCCGGCGCACTGAGCGAGAATACATATGTTTGGACGGGAATGGATGAGCCATCTCCGACTGGATCGCCGGCAACGTAGGGTGGATTCGCGGCGTTAGACCGCATCGATTTAAGACCTTAACCATAACCTAGATGCTGTGTATACTAATCGCTGTAAAACCACACGCATTATCCCTTACATGCGTGCTTGCGGGTAGGAGGGGTTAGTTATGTCGAAAGCCGTACTCTTATTCTACAAACATTTACGATTTTGACCACGGGGCGCCTGGGCCTCTTTGACCGGCAGATGGTCAGCCTAACTTGAGGTAGTGCCCGCCAGCACGGGGCGGGTTTTCCTGTCTCAGTTCCATGGAGCCTGAGGTATG,1314,50.08,Drosophila melanogaster
SEQ_649688,AATGTTTTCACCCTGCGGCGAACGCATCGGAAGTTCGAGGCCAAATGTAATTCCGACGGCGGTTGTCGTTACCCACGCGTGCCGGTCGCCCTCTACAGGCCAATACTGAACCCGGCGGTACCCATATATCCCTCCGGTTATCGGTTTAAATAAACAACGGCTGTGATGTGCTTTCCGCAAGAAGAAACCAACGCAGATACAGTATGAAGGCCCTGTTGGGCAGTAACCGTTATGTCCCTTATTCCTGTATGTCTCGACTTTATTGATGAGGGAAGGTCATGCTTCCAGTGCATGCAGGGTCAATAGAATTTTGTAGAATGGCTCCTTAGCCTTATAGCTTATTAGCAGCGTCTCGCTGGTTTGCTGGAGGAACGATAGCGGAGGTTTAAATATAATTTGGTTGTAGACTATTGTGTCCAGTAGTGGACAGTTTGTGAGCGCCACCACCCACCGTGCCTATATGGTACTAAGAACGGTCAGTACAAGGAAGTTCGCCTAGCTGTTTCTACTTCTCATCTGAGTAACCAAAAGTGTTTGGGTAGACCGTCATAGGTCATAGCATTCTCAATGTAAGCGTGGAGGATGTCCACTGGGCCTTCTGTTAGATTTTGCGGAACCCAAGTCACCGAAGCATCCGACAGCGAACTTATTTTTCGCTCAGCCAGGTGTCGAGATGCTACGGCGAGACTGGGCCTTGCCGCTACTGCAGGGTAAGGAACGTGGTGCCACTGATCCCAATCATAACCGTATACCCAACCTAGAAGCACTGAGTAACGTGATGCTTTATAGGATTAACCGTAGGGTCATGCCAAGTGGTCGTCGAGCCGTGCACCCCGAGAATCCAGCCTCGCCTTAGCTGTCCTCGGGCATATTCAAGGACCATGAATGGGTAAAACTTCGAGCGAATACTGGCGTCAAATCGGGGCACTCGCTTTCCTTCAAAGAGAAGTAGCAGTACTAATCCCCTGGTATCTGGCACTTCTATTAGCCACAAACCTCGGTGCGGTTGATCCCGCGGTGGCACTATTTAGTGCTGCCTCTAAGGTTAATCTGTCGTATTTTAGCGCAGCGCTATGACGGACGACCCACTTGTTGGCGAACAATTTGCAGTATGGGGTCCTCCCATTATAAAGGGAGCAACCGGGATAAGAAGCACGTCTGGTGGAATATGGACATTGATTGATTCGCGAATAGTAGACAGGCACCAACCGCTACAGTTCCTAGTGTCCCCTAGTAACAGGTATTCGATTCTGAGAACTGGGACAAGGTCGGGGAAAAGCCGCAATCTCGTAAACAGCCTAAGTGGCTGGGTCTAGTAGAGCACCCACAATCAAGTTTTGGGTGCTGTATTACGGTACAATAGAGTACGCTAAGTCACAGGCGGCCCGGTCTTATTCTAAAGGAAGTTCATCTCCAC,1417,49.61,Mus musculus
SEQ_807595,CCTCTGTCGCTCCTGACATATAGTCGCGCTTAGAGCAAAATTCCGGTTGCGATAAGTGAGTTTGAGTGCGCAGATACCCATCATAGCAGCAATTATTCGTTCGCAATGTGAGTACATTCTTACGCACTCTGACCCGTAACATGGCGAACTAAGATGACGTCGGTAATAACCCGCAAAGCCGGTGCAATGTGA,192,47.92,Escherichia coli
SEQ_760694,GCATCGACACTCGCCTGCGAAGGGCAACACGTATAGCTTCATTTAAATATAGTCTTCCAATCACGTACAGGCGGGAAGCCGGAAACACAATCAACGCTCCCTAACTTGTGTACCCCATACAAGACAGGCCCCACTAGTGAGTGGGCGCGGTTCTGTGGACTACTTATACTAGCTTCATCTATCCTCGAAGAGGTAGACTGTATGAAGACGCCATGAAACGCCATGCTTAATGTTAGCATTACACCCCAACCTACGATCTTCTGTTGGAAGCATGGTGATCTATTTAGGCTACGGATTCGCTGAGCGTATTCCGGAATATCTAATAGAGAGGATTCTGCCTGGTGGGTATCTAAAGATCCACTGGTCGACGTGAACCTTCGGGCGATTCGTCATCGGTAATACGGCAAGCGCGGGCAGTTTCGACTTGGTAATCCGTGCATAATTCGAAACAAAGATAATCGAACCCACTCTAGACAGAACTAAGACTCGCAGAGTACGAACGTGTCATGGGGCGCACCTGCACGCGTAGGGAAAGCTAAATAGTGGAGAGCTCGGTCGGACATCTAATGATTAGGATTTCAGAACCCCACACCCAATCAATTGCACCGTATTGAATCATCCTCATATCCGACAAGACTTCTAGCTTCTTACACGGTTAGCACTTCCCAACATACCGGGGGGACGCTCGAGAGCGAATGGCTGTTCGACATCATGACGCAACGCTCACATCTGTAGGACTACATCATCACTATGCGAATTGTTGCTTTGGGCCTATCGTCTACAATCCTAAGCACACGTTGAGCCAAGGGTACAGAGATCAGTTTGCGTTATAACGCCTCTGTCTCGCGGCAACCGCAGGCCCTTTGGCATGCCGACTTGGCAGTGTCCCGCGTTGCCCTATATAGTGTACAAGCGTCGACGAAGTCCAACGCAGTCGTGGTTGGCGGGCAAGAGGTCACCGCACCCTATGATAAGGATGGCGACTGGTTTCGGCCCCTTCATAGACAGTCTTGGTTCCAGGCATGTGTTCCTAAATGAGCTGCCAAACCGTGGCGATAGTCCTATTAAGCTACTCCTTTTGAGACGCACAAAAGTGAGTCGGGTACGCCCCGGAGGGTCAGCGTTGTCAGATCTGGGCTCATCGGGAGGGCTAGCTTGGGTCCCTGTTTGGCTATTAAAGTGAGTGTATGGTGTTGAATGTCATAGTTCGCGCGAAAACGGCGCTAGCCCCGGTTCGTGAAAGCGCCCGGATAATGACTGCACTTCTCGATTAAAGCAGTGCGCACGCGAGCACCCAGGAGGTCGATCCCTTATGAAGGGTGGCATACCTATTGTTTGCCCCGATCCTGCCTCACTGGAGTTTGCCTTATGGACGAATGTAACTCTATTTGTATTGTTTAGCGGATCTAAGAGCTATTAAGGTACGTTAAACTAAACCCGCATCCTTCTGGTTGTTAAAACTAGGCTAAGGAAGAGCTGGTGAAGTGGCACATAAGATTCTCCAATGTCATAGGAGTCAAGCGGCCTAAACTGCCTGGGTCTAGAATTTCAGATCTCCCTAGCTAAGTGCAAATAATACGTTCGTCGAAGTTCATTGCATGGGATCTCACTAGCTCTAGGGCATCAGTCAGCTGTACAGCGTTTAGGCTGTTCGGTGCAGGTTTTGGGGGACCGCCTGGCGATCTTATGATCGAAGATTAGGGGAACTTCAGTTCGTAGAGTCATCAATTTTTTTAAGTTCTTACCGATATGATCCTCAGCGCGCACCCATGTTCATGCCTAACACTAGG,1790,49.72,Mus musculus
SEQ_843878,GAGGCAACGAATTTATAAAAGGCTCCTGATGCTCTCTATTCTTGTTCCCGGCCCC,55,49.09,Drosophila melanogaster
SEQ_778036,TATGCGCGCGGGGTTTCACTGTCAATATCTTACTCGTCCTGGCGCTACGCGGCCGTTACCAACCCGCTGCAGAGAACCCACCAGTAGCCGGCGATACGACCAGCCCTCCAAATAACCGAGGATGGCTACATCGACTGACATTCGGGAACTTCCCCTCGAGTCAATACTACCGTGTCAACGATCGGCCCGGTAAGTCGTTCCTTACTCATAATGTAACAAACGGGAATTTAGTGTTACACAATAAGCCGATTAATGGCCGTCCTGGGCTCGCTCAGAAACACGTTGCTTCCACTTCGCCCGGGACATTCGTCGACAATCTCAAGCATGTATTCCTACCAGATCGTATGTTGTAAACGAAAATGATCACGCCATCTTAGTGAGGACGTTTTCAGAAGTCACAAGTGTAGGAAAAAAGTACAAAGATAAGATTCTCTTCCACAGCCCGAGTTCTTGAGCCGCCATCAATAGACATCAACGTTCGTGACAGTGTCTGCTCATCATTTCGAGAGTAGAAAATTAATTTCGGTGGAAACCTGTCGTCCCGCCTGTCCGCCAGGAAAACTGGACGATCGGCACAGATGAGCAATATCCGCAGACGAGTCACCCTGGGAACTCCCTTTTGGTGGGGGATGGAACGCCGTTCTGGTAGAGCCGCTGTCCTGCCAATTCCGAGCCAATTACCAGACTGGTGATATGTGGACCTGCAGATTCGTGCTGCACTGGGGGCCAATCTCTACAGGTACGGCACACTCCCCGAGGCATTGCGATGAGGGTTTTTACACCTAGAAACAATGTGGCAGGCATTAACCGTCTCGATCCGGCGTTATTTGAAGGATGCCCACCTTCCTACTCATCGCCCGATTTTTTTAGAAATGGTAATCTCGATTAGCTACTTCTTAAGGTCTAGACTCGAGGAATTACAGGCAAATTAGGTATAACAGGCAATCTTGCCCTATCAATGTTGCAGTAGTGTATCAAGCCGTTAGAGTCCATTGTCGAGGATCCTTCATTTCTAACATGGCGGCCGAAAGCCCGTTCCCTCGGGTCTATGCCGTTAAGACCCTCGAGCGTGCAGCGAGACGTGAGCGTAGCAGTGTTCGAGTTGCAGAGAAAGGTCAAAGCACTGTCAGTTTGTCGGTTCTATTATCGCACCTCAATCGGCCCCACTCCTAA,1173,50.21,Drosophila melanogaster
SEQ_136013,TTTCTGCCTAAGCAGGTCCGCAAACAAACGCTAGGAGACCTTTATATTTAACAAACCTGGATTGCTTGACTCATATTCTTCACGCCCCTCTTCTTTGTGGTTACTCACGTTCACTAAGGGGTGGGGAAACAGCGCAGAGCATGCAGCGACTAGTTCCTATAGTATTCCAGACCTTATCCAAGAGCCAAGCGGATAGGTCCTTACGACTTACAGGAGGTGGGGGGCTATCAGTCCATCTGTGGCCTTACACGGAGCCAGCAGCTCGTTTTTATCCCTTAGGATAGTATCCCTCATTACATCGCCGAGGGCGTATGGTTCGATGCAAAGCCGTAGTTTATAAGATCTACATAGCTAAGAACCGCCTTCGGATCCAGCAATGTCTACCCTTACCCCGGCGAGAAGCGGTCCTCTAGATGAAGAATTGGACTCATTCGCAGGTTGGGCTGTGACTGTGCAGCACTATTAATGTGTAGATCATAGTTCTCTGAAGGAAAGCGTGGGCAGAGTATTTGTCGGGATCTACGATATGCTCAAGTATCATACTACAAAAGCCAGAATACCGTGGTCGCAACAACAGCAATCAGCCTAGGTGAAGTTTGGGGGCGTCCGCATTACACATGTGCTGCCAGATACAAACTGGCGCGATTGGAACAGATCTGCAGTGTTAGATGAAGTGTCGAACAACTGACCCGGCGACGCAGATCAAACAGATTCTAGGCATAGGAATTGCCCGACGATTCTAACCTAGCCGTCCAGACATTTCGCGCATACGGAACACGAATGGTTAGACGGTCGGGGTTCTCCCCCCATTACAGTAGCAGCCCAGAATATGGGAACAGCAGCAATGTGACTCTAAGAAAACTTCTTCTTCTAGTGATCAAAAAGTGCGG,890,48.76,Mus musculus
SEQ_950079,CGCGCGGCTATCGATTTTCTTTGAAGGAGCCGATGCATGCGGTGTCGCTCTTCCACTTATTTCGAGGCAGGAATCCCACGCCGAACGATTTTCCATTGCTGCCTGTTAAGCGGGATCACAGGGAATGATGTAAGCTGTTCCAGCGTGGTCGCGCAGCTCAATGCGTAGAATAATGCAGGGCATACAGCGTCAGAATGCTCTCCTGTCGCGCGATTCGGGATTGAATGTGATTACCCGAGCCGACCAAAGGGATGGCTGAAAATGTGTGTTTATTGCAATGCGCCGAGCACGTTTTCTGCACAAACTGCGGTTGGAGTCGACCATCGCGCTAGGTACCGGGTTCTGCTTGAGACTATCCCAACGCAGTGGGGTGTCGTCTTACAACCTCGTAACGATATCTCAGCTCGAACAGTGAGCACACAAGGTATGGATCAGAGCTGCCGCAGCGCTCTCGAGGTTACAACAGCCTATCGTGGCCTGTACTTACGTGTCATCTATTTTAC,503,52.49,Homo sapiens
SEQ_281251,ACTAGCTAGGGCGCTACATGGTGAGTTAACCATGTCACAGGCGCGTTCTGTGATCCCGGAAAACTGCAACGCCATGTCAGGGGAGGGTGTCCGCCTGTGTGGGTCGGATTATGCACTTCGATTTCGCCGCGTCAGCCGTATCGCCGATCCCGGGTTTAGTTACGTCGACTCGGCCCCGTCGAATCACATCGGGTCAGAGTCCCGAGATACGCTGGGCCAGCCGCAATGCGTGTTTGGTTAATATCTAACCAAACGACACCGATCGTATAGTGTAGGTAGTGGAATAGAATCCACGATTATGCGCGGTGTGATGTATATGCGCAAACTGTACAAGAGGGAATCCCCCGTTATGAGCAACCGAGTTCTTTAGGTACCATCAACTGGTTACCTGGTTAAATCACAGCCCCTTAGGTCCCATCATTAAGACGCAGTTCCGGTAGCCCCTTAAGGTAATGTTTGAGCCGATATATCAGCATCGATTTCGCGAAGCTCCAACCAGGATACTCCCGAGGAGAGCTAGTACAAAGTCGAAATTGCTATGTTTTCCCAGGTATCGGATCAGGCTTGTAACAATGGTTAGACCACTGTATGCATCCTTTAGTACTAGGCCACCACCATCGCCAGGACCCTTTCAACGGATTCGAAACACTCAAGTGAGCGTTCCCATTCTTAGCGACGAGAAACTCCATTGGCCGGCGACGTTGGTGAATTGCCCAAGTACGAATAAAATACACACCACCACATTCATGTGCGGTCAAACGCACACTCTTGGTAAGCAGGTCACCGGGACCATTTGCTTTTCGGGCAAAGCACCGTCTCTGGCGAGACAATAGCTCCGCTGAGGATAGGTAGGTGTGTTTGCCACGTCGGATACAATATCATTCCGTCTTTGCTTGCACTCGTTGTTTGGCGTAACCAAAGTAATTCGAGCAATAACGGTATATAGGGGTAATCTATAAGGAGGGACTCGCACTAGTGGGATTCTATATGTGCCGGGCTATCTCCGACGCTTCTGTATTATCACAATCTCCGACTTCCTGCGCCCAAAGCTATCTCCTACGCGTCTCCCGACAGACCGGACGGTGACCTTGCTTTGCCTCGTCGGGGTCCCGTATGCTCGGCGCAACCAAACAATGTATTTGCTTTACTCAACCGAGAAAAACCTATATCGCCGTTCATGGGTCTTAAGACTCCGGTGGGGAAAAGTTGCCTCGTTCCCACACTTTTCCTTTAACACAGTGACTGTAGTCCACCCTACATCTTGTGTACCCCACCCAACGCTGTTTAATGTATGGTGACCTCTACACTGGTTGCCTCGAGCTAACTCTGGGCATTTAATGTCCCATTGACACGGCAAATCCATCATTCAAGTGGGGATCTAC,1382,50.36,Escherichia coli
SEQ_113515,GGTCAAAGAGCAATTTGTCCGCTCGGAGTTACGATAGTACGTGGGTCCAGTAGGGCGAGGGCAGTAGCCGTGACTGCGCACATACCCATAGGGAACGAGGAACCCGTAGGAGCCTCCGAACCGAAACAAGCCCACTGAAGATACGACGATGCGGAAGGCCTCCAAGCAGGTTCGATTCTGCGACCGGACTCCCTGGTATGAGATCGCGTGTCGTCCTACCGTCAGCGATCTTAAGGACCATTTTTCCCGGACCCTTCACGCGGCTTATGTAGTGGGCTCTGCAATTTTTGTCAGGCCGGAACGCATTAACGTCTGCCGTCGTATTAGTCGATTGCGGCGGCCCAGTGATACTGAGGCCAGCGAAGCTAGTTGCCACGTCTTGACTGCGCCGTTCCTAATCGCTTACTTCTGGCGCCGCTGCTCAGCACTGGTTAAGTAATATGCGCTCTGGTCTACATCGTGGGTTACACCAAGAACGTTGGAAGCTGGACACCGCTTGTGTTCGGGGCAGACGAAGTGATGAGACTTAGGTCAAACCGTCGAACATCTTATAGGCCCCCCTTCAATTAGATCTAGCGCGTTGAGTCCATAGTCAAATAATAGCGTTTCATATAAACAGTCGAGGCTAAGAACTCACTTGGAAGGTCAGTAGCCCAACTACTATCAGAAAACTCAAGGAACTATCGCAAACGCTGGGACTGATGGAGATGCAATGATACAAGAACGTTACGAAACGGCTTCAGCATGTTTATGCTACGCACCTGTGTAGACCCGTTAGCCGCGTCGTCGGGGAGCCTTTATCCTGGGGGAGGTTGTGGGGTCGTAAACGCCGACGAGAAATGCAACAGGTCTTAATAGACACTCCAAGAATTTTTGGTCGCGTCGCGCCTTCCTTCCTCAGGGCATACGCTTGTGCGGTAGACTGCACCCGGCTCGTGCCAGTGAGGCGGTTATTGGCTAGGTACGAGAAGTGTGGTGTAAGGAAATCTCACACAGAATCATCTATAGAACCCACCGTTACAGCGGGACCGAACCTAAGGCGGCCCCGACTAAGACGTTCGATTAATGTCCCAGTGTTCTCGTTCATCGTGCCTGGCGCACAGAGTGAGCTGGGGAGCACCGTATACGGATAAGTGCTCCAGTCAGGTCGAAATAAAGGTCTGTCCTCCGCGTCCGAAGCCCCAATTACAGCGACCGCGACTCTCGAGGGCGAGGGTTGTCCGGCTTTCAGCTGGGCTGAACTCTGGTTTAGCACCGAACCTCCGGTTAAATGCCCACTCACGAATGCATGGTGATCTAGCAATTTCGCCGTCTCTATGGGATGGACCCAAGCATCGTACATCTGAAGGAACGACATTGCGCTATGATAAGCAGAGGCAATTCGTATTCGCCGGTCCCTTCAGATTGTGTTGGGAGGAGGACCGTCCAGGACACTACGACTGCTAGTTGTCGCACCAATCTCGACACGGGCGATTTGAAAAACTAAACAGTTTCTCGCAGAAGACCCGTAGACGGACACGGTTGCTGGGGATTTGTTCAGTCTCGTGGGAGACTGCTTGTAGTACGCGCACAACTTTTAGGAACCAACTTGGAGGGTCGCGCATTAGGCAGTTCGCCAGAATCATTTGTTAGACCAAGCTAGATGCGATAAGACGGTGCTCACCAGCTGCACGAATTATAATGGGAAAAGTGGCTAGGGACTCAGACCGCGCGATTTACTTCCTTGTAGTTAATTGTGGAGTCACCCGCTCTTATGGCAGTCGCGACGGTCTCCGTCAAGGTGGTCACCAGCTAACGCAATACGTGGAGTCATTTCGAGTTCACTAAGTAGTTACCGCGATG,1842,52.71,Mus musculus
SEQ_909191,GCTCCCACTACGAATCCAAGCCGTGCGACGTAAATATCGGCGATCAATTTAGCCCGCGGGCCCTTGACTTGTTTAGTAACCAAGGGGAAACAAGTTAATGTATTTCTTTGCCGGCCGAGCAGAACATTGGAGGGGTTATCTGCAGTTAACTATTGAACTGGTAGGGTAAGCGAGCGCAAAGGAATAAATAGCGAAACGAGTCGAAGCACTGGAACCTTCGCCGGTGCGGGGCCCATACTCATTTGTGAACGAATAATAGTAACAATGCGCGCCGTTATATTCCAAGCGAGGAAACAGCAGTGAACGTAAGCAACCGGGTTGATAGAGTCTCGCCCAAAGAGCTTGCCCGGGTCCGTAGAAAGAATTGTGGCTAAGAGTCATTGAGAGCTATTCCACTATCCCAGAACGCTGCTCAGGATCCCAAAGAACGTTCAAAGCTTAGATCGGAAACAAGAATGTCCAATCGAGCTCTTACAGATTCGTCCCATCGGTCATACTCTTCAACAATATGGCAAAGTTTATCTCCTCAGCTCCTTGGCGAAGCATATGGGCGGGGAGCGCATACAATATCGACCGTGAGAGAAACGGTCCAGGGTTAGTATGGTGGAGGAGCGGAACCAATGCTCGGC,629,49.44,Escherichia coli
SEQ_549216,CAAGTCTGAGGAAGAACAGAGATAGGGTGCCGTGAGGAATATAAAAATAGGTAGTTCATCTGCCAAACAGCTGGGGGAACCATTCCGTTACTTCAGTAGCTCTGCACGACCGTAGTTCTCGTAATAATCCCAACTGGAAGCAGGGAGGTCCACGCTCCTGCCGCAGATAACCACGGCAGGAGATTGCGCGCACGTACACCGGCCCAATCTACCCGTAGAGCACTCAAACGTCTACGGCCTATTCCTTTCCCATTAACTTGCAACGTTAAAAAGTGCACTAAACCGGATTCTCCCGGAAGTACTGATCTCAATAGGTGTAGACCAACAGCGAATATGCCTGAGGCTACCTCTCCCAGGAACCCCATCACAGGATGTTTGCTAGTGTCTGCCACGTTAGGGTGGTTGCGATAAAGTCCCATGAAATTGAATGGGGCCCCGCCATTCTTCTGCGCGCCTCAAACATAGTACATCAAATAACGGGTCTAGCGCATGTTCCTCACCCGAGTAGCCCCTGATAGAGAATGGCGAACAAGTGCTGCATTATCCTATCGTCGTCTATGCCGGCCCTCCTTAAGGGCCGGCAAGATTGTGCGCTTTCGGGTTACGTAGAATCCGAAAGCAAACATAAGAGGTCAGCCCACAGTTTGTCTTGAAGTCGAGTTTAATAGTTTAAGCAAGGGCAACAGTGTTCGCTCGATCTTAGTGAGTACCAAGAACTCGCTTAGTGATCGTCCTTAGAAGGACGTCTCAATCGTAGTTCGCTTGGATAGATTCACTCCTACGGCTCTGTATTTAAACGTTTGTCGGCCCATCACGTCAGCGCCAATATGTGACCAATGTTTATACGGTTTCTTATACCCATTTACAATCTACTTTTAGTTCGCCTTCGGTGGACGATATGACCGTTCCCTCCCAGATAAGAAAGGAGAGAGTAGAAGATGACACGCTCTCTACGTCAAACAACTTAGAACATCTTGCCTGCGTTTACTACTTTGGCAACCAGTACTGCCGCGCGATACATTTCGTGGTCCGCGGGAATGGCGCTAGCCGCCGAGCCACACAGAGTTGAATATCACGGCTCTTTGCCAACGGGCAACTGGACTGCTTCAGGAATACCGCACCGGGATACACATATATAGCCCATGCATTCGAAGTAGTAGATTATAGAATTGGCAAAGCCGTTAGGCCGATCACCGTGGGGACCTACAATCCCAAGAAAGTCGTCCAGACCCATTCACTCTTCTGCACGCCCTTAAATTAGCCGCAATATTTTTGACCAAACTTTCTACGCGATCATCCATCTTTGTTTAAATATGCAATTAACTTAAGGCATCGATATACGCACATAGCGACCCGTCGCCCACCAGTAGTGCACGTTATGCACTTTGTAAAGGGGTAGAGGAGAGTATTCGATGGGCATGACTATCCATAAACGGATTGGGGGGCACCTTGTGGATGCCCTTGTTCTAGACGAGCCGTACGCATGTGCTAGCCAGGAAACCGCCTCATGTGTTGAATCAGCATAACTCCCATCATATAAGAGATATCGTCGAGAGGACAATGCACGGTGTCCCCATACGTGTGATCGAGTTTGGCATTAATCAAATAAAGGAATCCGTATTCCGAAATGTCGCATTTTCTC,1642,48.48,Homo sapiens
SEQ_583486,TGCTCCTAAAAGCTTTGAACCACGAGCCGGGTATGGTAGCCGAGAGTATCAGTCCAAGCTCGGAAAATGGGGAAATCTCGATAAGAGAACCCACAAGACTATTAAGCGCGTCGCGTGCTGTCGGGCGCACGCTGAAGGGCGCGTGTGCCGGCTGCTATAATGACGTGATCAACGTTTATCCCTACCATAAATAATTGCTTTGTAGCGTCATCACGAGCAGTTAAGACCAGTATCCATTAAATAGGCGCACGCGGAAGTAACTTGCTCATTTTTCCGTCCGGTCTACTTCTAGGTACCCTAAAACTCTACGAACAGCCAACGGGGTCTCATGGCCCTTTTATGTTGATAGCCACGAGTTGATTGATGCGTCTGGAAAGCAACACCGAAAGCCGGAGTACGCCTGACAAGAGGCCTTTAGTACGTATTACGAGCATCTTTCCCTATCAAGAGTCACAGAACGGAGGGGGGCGAGACAACAACCTTCTTGTGATACATAACTTCCAAGCCTCAGCGCGATTCTGCCCACGAAAAGCGACATAAATCACACCGGATGTAGTGCGGGAATCGCTGTAGCCTAGATATATTAGTTAGCGATTGGTCCAGACCTTCGCGCTTCATAGAATGCGCATCCCCCGAGGTGGCTCGTACTATTGATGCAGTTGATTAATTTAGGTTGTGTAAAGCTTTTCTCGTAACCTGCTGGAAGAAGCGGCCACGTTCCATAAAGTGTTCTCGCATGTACCAGAAAATGCCCCGAGGGAGTATCCGCTCACCTCGCTTCGCCAGTTCCCTGCTGCCTGTTACGCCCTTTTGCTAGCGTTAGCGCTTTACGAAGTAATTCCAGGCACTGAGACACCCGTCGTACCCCCAAATTTTGGTGATCAGGCCTATCATTATTATCGCTCCTTTTAGCTGATTTTGTAACGGTTCAGTGGGGCAACACTCAGCTTATATAACACAATGGATGCTAGAAATGGAAGCATTAGTGTAGACGGGTGGTATCCACTGACAACACTATACGTCTTCCTTTAGCCCTATCCCTTGCGTTTCAATACTTACCACTCAATAGGAACGGGAGTTGTAACGGGGTGACTATGCAGACCTTACTCTGGGCGAGTTACTTAGTAAATGGAAGATAGGCGTATGCTAGGCCTAGCGACGGCATGCTGGCCGAGCGACGCGCCCGATAC,1190,49.33,Homo sapiens
SEQ_121555,AGCCTGCCTAATAAAATGAGTCTGATAATATACGAGCCAACGGCACTGATATGGACTGACCACAACTCTCACTTGATTACATCTAAACTGGGATCGCAGGCACGTACAATCGGAGAGCCACTCTCTTGTCGCGTATGAGAAGCTTCACCTAAGAACAGGGGCTGAGCGTAAGCCCTCAAGTACTCGGATGGGTATGCTCAGTCCAGAGGGGGGACGTCGATATTGGGGAGTTGCTAATCATTAAGATTATGGCGGGCGAATAGATCACACGCGTTATCACAGTATCTACCGGAGTGAACGATGCTATTCCCGATTCGATGTGAACTATCTCAAAAAAGTGTGGCACCAATACCTTGGCTGGAGGTGCAGGGGTTACATTCTGCGGGTCCATACCGTCTCAGCCCTCCTGGGAAATCTTAAGCCGTCGATTTGGGGTTTCCCCGACTAAGTCCTGACCCGATCTAGTCAGGGTTTACCGGAAGGTTGACGAAAATTAGGTGGTCATCCAGGCTGACT,516,49.81,Caenorhabditis elegans
SEQ_254031,TCACATAGGTAGTGGGCTAAGTCCCAAAAGAAACTTACAGCCGCACCGCTGTTTGTTTTATTAGGGGAGCGGCCTGTAACTTCTACTGAATTCAAGTCAACATTCCCGAGGGTAAAAAAGCGTGTCGCGATTGCAGAAGAAAACGACTTGCATGAAGCGCACCGAGGTACCTTTCTGGTTTGAGGAGTCATTACCCCTAGTCGGGTACAACCATGCCTAGGGACCAGATAAATAGATGGTATAGGCCACACGGCGCCCTAAGTTGGATCTCATTGGTCGAGCGCTGCTTGTTAGAAGTGTTAACTTACCCCTAAAACACGTACCCCCCAATGCGTTTAATGCATCGGCTGCGAAAACTAAAGCAATCTGCGATGCGGGAGACAAGACGTGGATACTGTTCCAGTAGGTAGATATAACAGGTTCCGGAGGAAGGAGCCGCAAAAATATGAGCGTGAGTGCCCTACCATCGGTCACGAACTGCAACTGTTAGTCACCCGGAGGGGGGTGAAATAAAGAGGCAACGAACCTAGAAAGGGATAGTTCGTCTATGCCGATCCTTGGGATCCCCATGGTGAAATAAAGGGGTGACTTAGCTGCTGCGACTTCACATATCGGCGTAAGGAGTAATACTTAGGGAACTCGCGGGAAGTAATCGCTGTGCTGGACCGCTGCAACGAGAAAAGTCCGGAGCCTGGTCAACCAAATATATATGCGTGAAGATAATAATAATTACCAGGACCGTCAACGTAGGTCCCTTCCATCTTTCGGTCAGTTTTTAGGATGAAACGTGCTGTCAAGCTCCATGCGCAACGGCGCTAAGACTATCGGCGATTGCCTTTCTAGTTGAATCTTTCCTCAAAACCAGTGCCGTTGGTTGTAATGGGACCCCTTCATCAAAGCACAACTGTGAGCCGCCTCTGGAGGTTGGGTCAGGGACTATTCTCGGGACACGAAGCGTCATTCTGGGGCTCGTTGC,976,49.59,Homo sapiens
SEQ_596883,AGGGCGTGCGCCAGAAACCATAATTCTGGATGGTGTAGTACCGGACTATACTTTGAAAGGTCCGTTTA,68,47.06,Arabidopsis thaliana
SEQ_218017,CCTAGCTCTCGTATCAATTCTAGATGGGTTCGAGACTTTACTCACAGTAGGGGAATTCGTTACATGAAGGTGGCGAAGGGCCTGTGTTAAACCTGAACTCAAACGTTCCAAACAAGGAAGTCGCATACTGGGTTCGCGTGACCTTGGTATCGTAATAATCATATCTATAGGTTGGCGACATGCTCAGGTCTGAGTAGGGACGCTGGTGTTGTAGGTAGGCAACAGAACAATGCCTCCCCCCGCCTCCGTATCGGTGGGCGTCTAGTCACAAGCCCAGTTAACTCCACACTATAGGACCGATAGATCGGGAGGCCTGAACCAGACAGTTTGATGCGTAGGTAGCGTGAGGTCCACCCTGTAATTGAATTTGAGCCTCCACTCCATGTGAACTCTATGAGATAAACGTTTTCGGATGGGGATCACATGGGTATGAGTGAAACCATGCTAGGAAAACATAATTGTTAAAGTATTAGGCTTTACTTTTGCCTCTCAGAGAGAAAAGAGCTCACCCTTCCAGG,518,47.88,Drosophila melanogaster
SEQ_541209,TAACCCACGCGGTTATTGAATTTTTACTGCTTAATTTTTACAGCGCGAATGGCGGCGGGGAGTTATACTTGGAATGAGGATGGGGTCGCGTTCTTCAACAGCCCCTCCTGCTATCGAGGTCGGTCTAGATCACGGTAGCCTGGGTACTGGTGAGCTGGGATTGTTACACTCTGGTTTAGGGTCGCTGTATGTTTTGCTTATGCTAAACCAGCCGACCTCACCACGGATGGTCTCAGTCTTTTGCCATAGGATCGATGTTTCAGATTAAGACCATACGCGCCGTGAAGAGCCGCTCTGGCCCAAAGAGGTGGCACCACCGAGACCTGGGAAACCCGTGCGAGTTTTTGGCCTTACATTCTACATTGGTGTAATTTATCGTGTCCCTTGAACTTTAGTCGGCGCCCTAGAAGAGGGTGATGGGTCCGTAATCAAACGCTCTGTGAGATCCCGGCGCCGATGTCATACCTGTAGAGAGGCTTCAGAATAGAGATGTTCAGTAGTACCAAACGATGGCATGTGTCGCTCGTCCCGTCCCTGATTCAATACTGGTCGTGTGAACTACGTGAATTTGGTGTACGCCTCCTCAGGGGATGGTATGGGGATTCCTCGGGTGAAGAATCCCCTGTGTCGCATTCATGAACCCCAGAGACCCACTACTCATTTACGGTACATCGATGCCCAGGGTCGATAGTGCTTTGCAATATGAACCGCAATGGGCTCAAAAGGTATGTAATGGCAATACCGCAAGGTGCGCAGCTTTACTCTTAGGAAACTGTGTGTACTATGCTCGTCACTACGTGTTCGCTAAAGAGCACCTCTCCTGTGGTGAGGGGCCCCCCACCGCCAGCTACGCTATAACGGGATATAAGTAGGAAGTAAGATCAGGCAGTTGAGCTACCTTCGGGGGAACGGGATCGCTCCCATTATAGTTTCCTTTGGCTTCTCCTTGATGGTGCTTACATGGGCATCCAATGTGTCTGGTCGAGATCTTGTTGTTTGGGAGGTCAGAAGGTATCGGTGGGGCCTGGAGTTATGTGCGCTCCTTACTTATCTTTACGTACTTAATTCTTTGCTCAAAACATAAACCGAACAATAGGTTCCCTCTGTATACTAACACGCCCCTTCACCGTACTTCATTGAGCTGCTTAACGCAGCTATGCAGTGTGGCGCGTACGATCCAGGTCTTACTCATGAGATCCGCACAAGAGTTGGTGCCTGCAGTTTAATACATTCTACACGAAGCTTGATATTCTGCCGAGTTCCATACGCGTTACACACTGCTTAACAATGGATCTCCATCGTTGACCCTTGGAGAGAATCTGCTGGACTCTCAAACAGAGAAAGCGCAGTTGCACAGCAGTCACTCCCCCGAAACATCAGACTTGGTCTGTAAGCCGCCCATCTACAAGCCTCGTTTTGGTGCCACGACGCTAAGGTACGATGATTCCATGACACGTACCGGAGCGAACCATACTCTTCATCTGGTTGGTAAGAGATGCTCCGCGAGGTGAGAGGTTCTCTAATCTTAATACAGATCACAAGATTCGGGAAATCTCCGGGCACGTGAGTCAAGATGACCTGCTTCATCCCAACCCGTTTCCCCATTGCCTCCTCCCAAAAAAGTGAGATGTGAAAAACTGAGTTTAGCGATATACCCGATAGAACAATGGAACGGTTTTGCTGCAGCCGCGATTGTCCCGAACTGTGCTTAGCTAGCTAATACACCGTCGGACACGTCTCACTTAATGATTCGTCTACACCTTTGAATCGTACACGGCGACCGTCGTCTGTACATTTTATGTGTAAGAGTCCAATTAAGCTCACTCCAGTAAACGGAGGCACAGTTTCCGCCTCTACCCGAGGGCATGTAGGCAGTCATATGTGTCTAAAGGTCCGGAAGCATTACTAGATCCACGGAATCGTGAAGCTCCTTGGAGCGATA,1942,49.69,Escherichia coli
SEQ_872917,ATATTCGGATACAATCGCGGAAAACTCCACTCTAGCTAATCAGCCAACCTATTTACTCTTAAAGTAGACTTGTCGGCTGTTCTCATCGCCATTGTAATATTTCACACAATGGGTCGCTTCGGAGTAACGATTTATTCCTCGGGCGAAAGGGCTCGACGCCTACCACGCTTGATACTGCAACCAGGGGCACATCACATGCAGCACCGTAATCAAATTAGCCACGTGCAACGGATCTTCCTCGTTAACACCGGCGCATATCTCACGAAGAGATGTTGTTACGGGGGTGTACAATACATTATCAATATCAAACACGACTACCGGTACTCTTAGGGCAACTTCAGAGCTATCGGACTTTGCTAGGCGCACGTGCTCGTAAGACACAACATAATCCCGTCCAACTAGAATTTCCGTTACACTTCGGGCTTGATCACACTTTTGTACTGCTCCGCACTAATAATCCAAGGTTTCGCATCTATTCAGGCTTCTCCGGTTGGGGCCAGCGTGCACTGCCATGCGGCTCTAACTTCATTGGGCGTCTTCGGTGCGATTCGATTGAGAGTCACTTGTACTGCACTCCCCACTACCAATACTGGTGAGAAGGATGTTGCCTCTTTATGACACTGCGCAGGGTATTTTGTGGATGGCCATGACAAGGGTTCAGCACGACCAGACGTCCTTATCTCTGAGCAAGGAGACTGACACTTTGCAAAGTCAGAGCTGTGTGTTTGAAGGCATTTTCGATTCCGATGTCAACGATCTGCCAGGCGTTACTTCACATTTTGCTGCACGAGCGCACGGTGTTCCTGCAGGGGTTCTGTGCCCACGGTTCTGCGATAAGATCTGCTGGTTCGGACAACGAAAATGCCGACGGCACCCATACAGTATCTCCAGATGGCACCGTTCTTCAGCCATAGGATTGGGACGAAGGTGCCACGGTTAGAGCATCGGGGGTTTTCCTGTGCGGGGTTGACCAGACGACCCACGGCCGTCAGTCTACTCGATTCACTAGCTACGCACTCCCGTAATCTAGTCAACCACAGAAATGAGCGCGGGTTGATCCAGCTCGATGGTACAGTCGAGTTAAAATGTGTGTTCCGAATTCACACACGACATAACCCCGGGATAAGCTACCATGCCATTTGTGAAGTTGCGCAATGCAAGTCTCCACAGCCTAACGGTCTCACGATCTAATAGCTAATGCGACTGGACTATACGTATGGTGTAGGTGGGTGCACGTGATCGTATGTGCCGCGATATCTAAGTCCATCGATCATCACGGCCCCCAAAGTGTTGCATACGGAGAAAGTGGCGTACTATAGGGCGTCCTGCGTTACCCTCGATCGTCTTTAAAACAAGATTTCACCGAGGACGTACCTGTTCAACTTTAAGGGCGTGAGCACGAAGGGGTATAGTGCGCTAGTGACCACAAACTCCCACTGTTACGCGACAGTGCGGAGCCCGGTGCCGCGAGTAATCATCGACACCTGCAGGAGACCTTAAGGTTAAGGCTATGTAACCGAGACCTGGGAGGGGCCACGGTCGTGTGGCAATCCGCTTCGTTGTATGACTCAGTCACTAAAATCCGTTTATTGGAGATCATATATAGCGTCTATGCATACACATGACTCTGTGCGCTCCTGCCCGAGATCACATGATTAGCTTAAGAAGATTCAGTTGCATATGCCTCAATACAAACGGGATGCCATGTCTGTCGTGGCTCGGAAATTGGCTATGGTTACGGAGTTAACGCGGACGGACTATCGGCCATTAGACTCTAAATTTTAAAGTGCTGCCTAACCGAAGGCCTTGATTCAACGTCGGTTGCCCGGCTCACTAATTATCGTCAAGCATACCTACGCACCCCGAACTAGC,1872,50.21,Mus musculus
SEQ_800696,CTGTGTATAGCGGAAGCCGCAATTTTTCGAGGCTCTTACTCCGTAAGCACGAACGTTCGTCGTCTGACCCTCGTCTGAATCTCTCCTGTGGCGAGCGTAGCACTGATCTCACGCGGACCCTGATTAGACAGGTTGCAGAGAACAGGTTCCCGGTATAGGCTACTAGGTCCTTTTCGAGATCGTAGTCTCGGACCGCTGTACGGTGGTTTGCCGCTGACGAATGGGCACAGTTGTGCTTTCGTCAGAGTGG,250,54.4,Homo sapiens
SEQ_438348,TCATTCGGGCGCCATGGGTGATACCTGAACTACGTTGGTCAATAGCCATGTGTGCCCATAGGTCCCGGCTAACATGGTATCCTGTGTACTCTTGCTAACAAGGACAAGTTTCGTCAGTTTTGAACTTCACCGATGCTCTGGAACAGCTAGCAGCCGCGTCGCCGGTCATATTGCCGCCCCGCGGGAGGCGCGATAGTTCCTTTAACATCATTTATGCTACGAGAAGGCCGTACTGATGGTGTCGCTCCCCTCCTCTGGTGAGGGACCTAGGATAATGGTCACATCCACTTCGGAATGTGGACATAACAAACCATGTGCGGCGATCTTCACCAACCAAAGGGCATCAAACCACAGGAAACGGCGTAGTTCTCCAGGAGGTAAATGCGGCTAAGATCGCCCTAAAAAAAACAGTTGCCGAGGCACTAATGATACATCGTACAACAGGAGTGTTTGGTGTACAATATGACAGTGCGCCGGTGAGGCTGTGAAGGATCTTGGTATAAACAGCCCAAACCCGTGTAGCATCTGATTGGCCAATTTCTGTTACGGGGATACAGCTCCCGTCTGCTATATCAAATGGACATAGGCGCCACACGCATCGTTATGTTGCGGTCCCCTTCGAGGACTCTATGAACGGATGCAGAGGGGTCGGTTTCTTGTTTTGGCCATTTATGCCGTCCCCATGCCTCAAAACTTGTCAGGTATGTGGACAGGCGTGGGCGTGGCACGC,730,51.78,Drosophila melanogaster
SEQ_432480,AGCCGTAAGTGCAAACAATTAGCGCAGAGGATGTCAGATTAGCCCGATACACTTAACCAGTTCCTTTCGTC,71,46.48,Homo sapiens
SEQ_420350,GAGATCGAATGTTAACCGCCTAGTAGTGAATAATCTTTTATTCAGCACGTTCCTCTCAGTAAAACCCCTAACTGCAAGTTTCTTGCCCGCGTCTCACCAAATGCTCCCCGTCGAGGTTGCCGATGAAACCCGGCGCGTTTAGACATTCAAGTATTGCACGCTTGATTGACATAGCTCCGATGGCGGCAAATGATCTTTATTTTCTT,206,46.12,Arabidopsis thaliana
SEQ_850979,TTTTTAAGCATGTCGCACTCACCAGTGACCGTCTGTAGTAACGGTAAAAGGTTAGCAGTCTGTGACTTCCCTCACTATACACGTACCGACTCGTACGTTTTTCTGTGAGACGAATACAACAGGAGGTGATTGCGCCGGCGACACACGTGGAAACTATTGATGTACAAGAATACTGTCCGCCGGATTTCGGGCAAGCTGCATCACGCTACGACGTCAGCAAAGGGGTAGGTTGATACTGATTGATTGCTGTCACCGCCCACTTTATACTGCGACCAGACGACGTTGCTTATCGAAATTTTGGCATAATCCCTGGAGGTGTATCGCTGTGATCAAAGTCTGTAGACTTGCGTGACTCGTTCAACACGAGGGGGTATCTGATTCACGGGCTATTCCGCGATCGTCGGGGATTTCTGCTGCAGTTCAGCAGTATATAGTGGCCCGAGTACGGAACCTCCCAGTAACGTACCCAGAAATGGAGATTAAGAGATTCTCTTCATATATAACATGCAACCTGGTGGAATAATGAGTCCGACCAGCTTTTGATTCGTACAGCGTGCTAACAATATAGATACTGTTTCTCGCGGGAGATCATGGCAAAAGCCCGTCTGCGGCTTTCAATTATGAAAGCACCATGTGGCTCGTGAGACCTTATCCTTGCGGCGCCCTTTGCGTGTGAGAACCATATGGCATTCTATAATAGCAGTTGCACTGGGTGTTAGGCGGTCCTAAGCTACTAGTTCTACCCGTTGGGGTATGAATCGTAGTTACAGGCGAATAACAGGATGATAGCATTGCCGGCCTCCCCATGTACCTACAACTCATAAGTCAGCAATGTTCGCTATGTTTAGTCCGGAGTGCGCGTACACACGAATGCAAGAAATGGTTATATGGGGAGGGGTGCCCCAAACCGGCGTAGGTAGCACCACATGTTGATTCACTATAGGATTGCCGCTGAATCTCTAGCTGGTTTTCTATAAAGAGTCCTTCAAGCGTCCTTCTAGGAAATGTTCTAGCTAAGGTGCTCTTGCTGTTCGTACAATGTCGGCTACCATTAATAAAACCGTGGCCCCTGCAGCCCATTCGGATTCGTGAAAGTAAAAAATGGTCGGCGGTCCAATTGCTCGGCCGGGTTCGTAGATCTTATAGCACCCCTACTTATTACGTTACCGTCGGCTTCGTGTTTGATGGGGCCGCACCTTACGTCCTGTATTTTACAGTTTCCGATCCACTCATTCTACCACGCGGCCCGCTGGGGGTAGCACCGAGCCTCAACGAAAGTATCAGCATCCCTCAGGGAGTTCACTACAGCGATGTCACGTCACCCCCCTCGCGTAATTCCGGAGTCTCCTGGGAAAGATTACTTGGCGGGTTGTCAACTCAGTTGACGCGTTCATTATACCCAGGGGATTACCACGGATTCCGAGGAGTTGTGTACCCACAACTGTAGGGGATGCGCCAATGATCGTCGAGGCATCTCAACCACTATCACTTCGAGTCC,1498,49.67,Arabidopsis thaliana
SEQ_130089,CGAGCAGCGCAAGTCCCGAGTCTTGACAACAGAGCGCGTCCAAATTCTATACTAACGACTAATAAGACCTGCTCCATGCCTGGTGCAAATCGTCTTTATAGCCAGTGTTCTTTGAATGGAGCCCTTTAACCGATTAACATTATACAACGGTCGCATACTTTTGAGCATATATTCACTTCAGTGCCTTGCCAATGGAACCATCGGCCTGGGCATTCACGCAAAAATACCCGGCCCGGACCGTAAGCTCCGAAATGTCGGTCAGGTGTGCCGCAACGGGCGCCCGAACCCGGCGTGGTCCTGGCCATCGGCCGGGCTCACGGTGGTAGTATCTACTCATTGAGAGTGTCTGCCCAACGACGAGTGCTATTTAGGTGCTTCAACGATTCCCTTAATGCTGAGGTTGGATGACCAGACTTTACCATTCATTCCGACATTATACCTGCGAGGTCGAGGACATTTGGAATAAGATCCGTATCATATAAATTCAGCACGCTCATCGGCCGTCCCAGTGCAGTAATTCGTGTCGCGGCTGCGGTCAGAGTAGCTACGCACTCCGTCCCTGGTTAAATTGTATGTCTCAACTCTCCTTGGAAGACGCGTTAGCTTCTGCTACGTCACGAGTGGAGGCTTGAGCGCAGCGGACACTATATAACTG,655,51.3,Caenorhabditis elegans
SEQ_752032,CTAATGTTAACATGCAACAACAAACGCCCTGTCTTATCGGTGACGCACGTAGTCAGACTCGAGGGCTGTGAAACTGTCTGCGTACAGGAGCGGCAACGGACGGGACCCCCTTGCGAAATTCAGCATATGCACTATAATTTCTCGTCGCTGGCTTTGCTTTCCAAGCCATAGTAGACAGGTGATTCTATCAGGCGTGTATGGTCTCTTACGTAAAAGCCGGTATGTGGAACTCCATCGTTCCCCGTCAAGATTACTGTGCTATTGGCATATTTATCCCCCCCTACGCGGTAGCAAGTCCTTTGTACCTTCGGCAGCGAGGCGTCTGAAGAACCTTCGAGCTGGCTGCAATTGGAATCTGCAGGCGATTCTAAAAATTACTAGGTGTCGTTATCTTGCAGTGATGACGGTTGTCGATCCGTTTAAAGGGTCCATGTTCCCTCCGGAAACTAGTTTCATATTAAGTTCAGCAGCAAATGTGTAGGGCTATAGTGGTGAGTACACTGAGGGAAATTTAGGCCGACTACATAAGCATCCTCGTCTTGTCATCAACATCGGCTCTTAAGAGTGCTTTGATGGTTTTGTAATAGTCTGCGATGGCGATAAATACTCGGGCAGTATAGGCGGGTGAAGCGAACTCTGATCTATGGATCTGACCGGCGAAGGGAACCTAGAGTGAGAAACAGACTGACTAGCTACGTGGCCTCGCCCCACTGCCGTAGACAAGCTGACCGCGGGTCGGGCTCAAGGAGTGCCCCGACTAGCCGTGTGGTAATTATGGTTGGCTCCAGACACCTAGCTACGTACCGATCTAGGTTTTCCGGAAACGTCATAACGGATTGCGCTCTATGGGTAGACAAACATATTTAATGTGTGTAATTGAGAACTATGAGGACGCCCGACGGCCTTCTGCGTTGAGTGACCGGCTAGGCTTAGGGTAGTGTCACCGCCGACGAAGCGGAGCGGGTCCGATGACTAGCCACGAGGTGCTGGGTTGGGTGGTGCCTGATCAAAGCTACGCCGCGTAGCCTCTACATGTCCCAAAGGACTGCACGCCATCGTGACTGTCGGCAAATGACGTTTCAAATTTCTTTAATAGGCTTGACTGGTTGGCATGAACGAATACTTTCGTCGTGTGCAGAAATGTGCCTGGCAGTCACTGTATGGGGTGTTCCACTCGGGCAGCGCGCAGCACTAACGACGCAGCAAGGCAACCTGATAATAGAGTACATCTCTCCGGCGTTACCCATGTTGATGGTATTCAACACTTTTGCAATCTATGAACCTAATGTATTTATAAGTCTGACCCACACGTTACTAAACAGACGGTGCCTATCCACATCGTTCGCACATTTTCGCTAGCATGACCGCGTCACGTATGTCGGCGGATTAACGCACCGTTGGAGATATTCGCGAAAGTTAAACGTGGGGGCGAAGTGGCACTCCCGACGAGACTGCAGGGTGATTAATTCCTGAAACTAACCAACGCGGGGGATTGTCTGACTGGCTGGGCCCATAAATTAAGACGGATTCAGACTCAAGCAAGGAATGTGGTACGCTCTCATGGTCTCGACTAATAGCAATTCAAACTGTTGATAGCCCAGTATACTATACATTATGGATGTATGCCAGAGCTGTCGTGTATGAGACACGCTGGCGTAACTCAGGGCTCTTTACTCCGATGAAGCGATCCGATCGCGACTTCCCCCTTGAGATAGTGCGGATTCTTGTGGGAAGCAACGTACTATTAGGTTGGCGATACCCTGTACTTGCAGAGGTTGATCGTTTCGATGCAAGGGGATCTGGAGGTAGAGAGCGATTACACTCACTCAGAATAGCTTATCGTAGGACAGGGATCGTAACTGCCAGTTCGTAAGCCATACCCTTTGCTGAGGTGCCTCTAGGACACTGAGCACGGGCCAAGCTATAATTGAGCGAGTATACTTGCCATCTTTTATACCACGAGGACCGGTCTGGTCAATCTCTATCGGCAGGACA,1995,50.08,Caenorhabditis elegans
SEQ_452129,CCGTGTATTTACCTCTACGTAGCAATTCCACGGTGAGTAACCACGAGCCTCCATCCAATATAGTGTTCGGTCGCCTGCGTTCTCAGCTTTGTTATACGGACACCAGCCCGGAATTCCTCGGGCAGGGGCTTCGCTTCTTGAACCAGGCAAACGGCGCTCATCCATTATTGTTATTTTATCCGTGTCGCATTGTGTCAGGCGGTAGCTCCCCAGCTTTGGCATGGGTGAGCACTTAGTGGAAGGCTTACTCTGACCGGTACTAGCCCCTAAGCGTGGATTTTGCCTATGTTCCGCGGTCGGCAATGACTAGTTGCGTAATAGATTGATGACCTCGGATGGGTCCCCCGGTTGGTACAACTGTAATTTGTGCCACCGCTCTTGTCAAATTATCTGTCACCGAGCTAGCCGGGTTCGTGAACGGCTGACGGATCGGTGCACACTCACTTTTACCTCTACTAACTCTAGCCCGTTTGGTGTCCTTGTGGTCCCGATAACATTTTACCGGGCTAGGTGCACAGGAACGGCGTAGGTCAGCAATAAC,541,52.31,Mus musculus
SEQ_844357,GCCGAATGAATTACGCGCGGTCAGCGACCTATATAGCCAGGCTAGACTACGCGCTCCGGCCACAATGGCGTCACACTGCTGTCCAGAGGACGGCTGGCGCGTTTCTCGCCAGGGTCGAGAATTGACTAAAAGCTCTCGCAAACTGTCGGACCTGACGCCATCCGTTCTTGTACTAACAGCTATGTTATTCGACCTCACGGTGTAGGGATAACGCTTGCACCGTAGCCGCACACGGCGACATACCCATAACTACCAGTCAGTAATGTTGTAGGATGCAGATTGAGTCGTCCGACGACCCTTAGCCCCATCCGTGTTCCTTCGGCGTCGTCTGTAATTGGTTGAGTCAGAGACGATCCCAGTGTGTGGTATTGTTCACATTGAATGTAATCTTTAGTACCCGGGTAACCCGATTTGTACAAGTGAGATCGGTATAGCGCGCCAGAACACCGTGAGCAAATGGCGATAACCGACCACCCATGCGATTACGGGGATCCATCCGCGTTCCATAAACCCTACAACACCAGGATTTAGCTCGTTCTCGTCCAGGACGGATTCGCTGACTACCACTGAATATTCCATCTCACATTGGCCCGCTCAGACGCCCTTGCGGCAATTATTGATTGTCAGATGATCCCAGCACGCTACGTCACCGCTTACTCGGGTAAAGGGGCTTGAGCGAGGACGCAAAATATACTCAACGCTATTACGAAGAGCATAGGGTTAAGGGCTTAAGGCGGTAGAATACCCCTTCAGTTAATCTAAACTATTTCATCGATTTCTATCTCCGGTGGGACAATGGCAGTGGACGGATGCACCCCGAGAAGCGGTCCCTTTGATCTGAACTACGCGCCATTGCTGTGA,861,51.92,Escherichia coli
SEQ_999933,ATCAGAAAATGAAAAGCGCCTGAAGTTGTTGTCATCTCCATCCTATGTAGTCCGATCGACAACTCCCACAACGCGGAATCCCTATTGGAGTTATCTATCGACGAACAAACCTTTTCGTCAAGTAGTCTCAATCCAAATGTGCTCCTGGATGCAAACCACACTGCCGCGTCGGCCTGTGCGGAGAGGTACCGTAAATCCGTATAAGGGTTCGTCCCGATGACTGCATTGACAGAAACTAGCACCCTCACCATCTCGTCTGTTTAAGCTGCTGACAGTGCGTAGATGACGACCTATGTTTTGCGTTTATTCGTGGGAGATCTGGTTCGAACAGGTGTACCAAGATGATTGGCATTCTTGTATGACCTTACCGCACACAAAGAGC,382,47.91,Arabidopsis thaliana
SEQ_256363,CGGGCGCTAATTCTATAAATTCCATCGATCCTCCGCAGGTGCTGGGCCAAACCATGTCGCGTAGAATGCGCCGGCATGATAACTAGTTCCGGTCTGCATGGAGCAGTGCGGTATGAAGCCTTCATAGGTCGAGGTAACAAAAGCCCCTTTCCTAGGCCCTTATGACCGTCTGACAACATTTGCCCCTGACAAGATGCATACGACGGCAGACAGTTGTCAACGACCGCGGGGTGTCTCGTCATTTATCGATACTCAGTTCCCTTGGATGTCGAAAACGCAATACCGTATCGGGTAACATCTCGTGTAAAGCCGGACGAGTCTAATTGAGCCATTGCAAGGAGCGTCTCTCATAGTCTTTGACACGTTCCCTCGATCAATCGTCAGCGGGTGTCAGCTTAGAGGTGGGGTTGCCATGCTCACGTGCTAGAGGAATGGCAGGAGGATAGATCCGGTTGTTGGGGTACATCAATCCTATCTCCCGGGAACTCACAACCCCACAGCCCTATCGGCAATCTAGGAAGGGGGAATGCAAACTGGTGGTATCGCGAATATGTGTCGACATTCGAGAACCGCCCCACGTTTGGCTAACTGGTAGGCGCCGATGACTCTTGCTCAGCCGGGGCTACGCTAGTGATAATCTATGCAACATGCGTCGGAGATACCGTTCTTCACACGGTCCGTGTAGATGAGCCGCCAATGTGGCGTGCAGTCATCATAATATCATGCGATCAGCCCCCATCAATTGCGTCCCCAAATTGCGCTCGGTTCCTTTACCAAATGTCAATAACGGATAAAGGGGGACACCACTTAACGGATGGTTAATGGCCAGAAAATCATTCGCCTCTTCAACCATTATCTCGCAAGTTATATCTGCCAGTCTCTCTTCATCGGCAACCGTTCGGTCCGGCGGCTTATGCGATTTTAGACGCTACGCCTAGTGCTGAGGTATCCGTTGTTCACCCGTGACTTCCGCGACTTTGGTCATGGCCCCATCGCAGTTCCCTCCTATGCGAACATGTACGGGGTGGAAGCCTCCTGCTTCAGCTGGATAAGAATCAGTATGGGACGAATCGCTTAGATTTCACCCATAGACGCGGTTATTCACTCGATCTCTCCGTGGACAACCATCCTTCAGTCAGCTCTCGGAATTATACCAGGGTGTTTCAATGTGCGAGCTTCCCCCCCCCAACATCTTCCCGAAGCCGAGTGCCTTGCGTTTAGTCGCGTGCTGCAGGATTAGCATCCTTATGCTAATGTTTTTACTAAGGACCTCCAAGAAACAGTATGGTAGAGGACGAACGTCAGAAAGGTATCCCTTCTATCCATATTGCGAATAGAGAGCTAGTGGACCTCTCGAATCTAAGCCATAATCCCAAGTGACAGCTGCACGCTTTTCAGAGATCGCACTCACAGTAATTGACGGTCAGGCCCCCCTTATTGTTGCTAGTCCGCAGCTTGGCACGTTTACTACTTCATGTCTGATGGCAACGCCATTGGACAAAGACTAAGAACTCGAAAGTTCGTGCACCGTACAAGTATGGTCAGTGCCCGCTATACAGCCCTTCATCAAGATTTATAGTTGCGTTGAAGACATGTTTAGGCAAGAAGGGATGTGGGACGTACCGCTGTTTGTCAGGGCCGCTCCACACGAAGGCACCAAGGCAATAATCACCTGAGAAAAATTCCAGTTTAATCGCGCAGTTGGCAAGCAAATTTGTTCTCTGGTGTGGGGGCGGATGAGTTGGGCTGGACACCGCTGCCTCGCGAGGTATGGTCTCTTTCACCCCGGACCAGCAGGGAATTGGTATACTTACCAAGGAGAGAGACGTCGCATCCAGGTAAGCGATTGTAAGCTACATACAGAGGGTCAAAATGACGACAGAGCCCTTAAACCTAGGGATGGACCGTCCCGCCTGAGACTGTTGTCTTCCTCCGGACAGGGACCGCTTGAAGCTTTCTTCCAGGGGGGGAAATTATTATGTAGCCGTATGGATGTTGA,1999,51.18,Caenorhabditis elegans
SEQ_411972,CACTAGCGTGTGGCAATAACCCCCCTCAGGGACCACTGCGCAAGCGAGGTCCTGTTACAGCCGCCTGAAAACTCTGCGCGACCACACATGGCCACAGAACTATGGGGTAAGAGTTGAACGCATCAAGGGACAAGTAGAAGGCTTGGGCCCCAGTCCAGCGCAAAGCAGAGACACTATTCTGGACCACGGCGCGTTTGTCTCTTCATCTTAATCATGTTGAACAGTCGAGACCTACCTGTCCCGTGGGGGTTGTTACCGCTCCAGGCGTTTGCCTGGAGTCGTCATATGGATCCGCGCCCCAATAATTGTTGGATAGATTCTCTGCTGGGTCGACCAAGGACTAAACTGTTGCGGGGATTCATTACTAATCCATATACTCGTTCCGACAGCAAGAGGTGAGGCCGCCGGCTTTCCGTTATGTGTCAGCAGTCTAAATAATTCTGGTACTCCTACTCCTTTTTGGGCCTAGATAGTTTGTAGGGTAACCCACAAGGTCCTTTAACCCGGACGACATCACAGGCTCAGCAACGACCGGCGGAACCTCGATAGGATACCTATAGCTTTATAGGCCTAATGGATATCCGATACCGAGTGTCGAGTCCTTGTTGCAGCAATACGGCATGTGAACAATCTTACCCTCTGCAGATCTTTTCAGGATGCGCATTCCGGCGGCTTGTCGCCCTTTCGCTGTACAGCTGGATGCCGCATTTTCCTTTGTGTCTAGTTGCGGAAACACGACCCGATGTCTGCTGTGGCAATAAAAGAATGTAGTTCTAGCGCGAACGGCTGTAGCCAGGACGACGCGGTCCTTGCCATAAGTGGCCTCGGAGGGGATAGCCGTAGCTATGTTGCAGTACCAGTTGGAGGACACATACGTATTACCTGCATAGCTCCATCAGATAATTGTCGATAAGCGACTTTCGATGATCTAGATCGGCGATAGGCAGATGTCATGAGACAACGACCCGATAAGGCAGCTCCCGGGCCTGTCCAAAAAATTCTCTGTCCTTGGGCGGGACTTTGGCTTACTAAAGCGATCTACGGCGTTCACGGTGCAAGAAGTGCTTGACGCGTCCATGGTTCACCGGCGACCCCGACGACTCGGGTAGTGGAACCATGACGTCACCGTGACCAACGTGCACGCCAATCGTGCCTACTGATTCGGCACGGGTAAACCCGAATAAGCGACTACTACGTAGGTCAACAGCATTCATGCCCAACTCTCTGTGAAAACCGGCACCGCTGCGTCTCGAGACAAACAGACACTTGGTGGAGGATGAACCCGGTGCCAGGCGTCTTTGACCGACAGTTGATCAGCGGGGCTGAAGCTCTATCCCGCTGCCACTTTACGCTACGCTGTTGACTAAAGATGGAATACTAGTTTATGGGCTGCCATGTTCAAACTTTCGCCTACAAGGCAACTCTCCCTTAGCCACCCTTGAACGTTATACCGCCCGGACTCGGTGCGTCCGAACACTCAATTCCGTGGATAGTCACGATGTTATAGGGTTGACACCCCTACAACACATGTTTGCTACTACTCGATTTAGTCCGTACTGGAACTCTCTCGCGGTCGTCCCGATAAACTCAGAAGGTACGCCTGTCGCCTTAGGCCCTTATCACCGTAAATACATTCATGTGGGACCACACCCTCGGCCTCATTCGTCAGATTCACACACACAACAGCTTATAATGTTTGATCCTTTGCCAAATGGACTGAGTGCGGTCTAAACTGCTGCGCGTCTTTGATGAGCGACTATAATGATAATTAAGACGGTACGTCGTGATTGGCTCGTCGGTTTTTCTCAAGAGACCGTTCGCATACGTGGACGCTTCACCCGTGTGTTCAGAGGTTAGTCAGTGCGCCCTACGAGTCG,1877,52.1,Drosophila melanogaster
SEQ_235642,GTATCACGGCTGAGTTTGACTGCCTAATCAAGCCTATTAAAATACAGAGTGTCTGATGTGCAGGCCTCCAAATCCTATGGATGTATCAAGAGAATGAGATGTGGTGTAATTCTCTTAATTACCAGGTGCAGAACTACACTGACTTGCACCTCGTATGTGCGCCGAGACCCTACAATGGTGCTGTTACCCGCTAACCCCAGGTATATGATGAGACTTGCTCGTTTTGTTGCTCGTGAGAGTGGCTAGAGGATGACTTTTTCTAATTAACCATCAGCTACTGATTCCGTTCGCTAGTTTAGTAGTCCTTAGTGGTTATTCATGTTGAGTTGGGCGGTACATAGGAGCCGATTGGTTTGGATAACTATCTGCGGTGTCGTCTCGGGACAGAATACCGACGTGGGGACGGCCCAAGGGGGGACCTGCGGCCCCTTGCGCCATCGCCATCGCCGGCGTAAGAGAAGATCTTCGTCTCTAGTTGCCTGTTCCTTGATGTGAAGATCCATAGCGGAGCATTTGGGTTTAGGCCAGAGTTCTCTCCGGAAGTTCTTACAGTTCTACATCTGCTCCCCACATAGATCTGATCGTGTAGGCGCTGCCTCCGTGCCACGTAGCAATAAAATCGGTTGAATGAAGTTCGCTGTGTAACCGATTAGCCACAGAGATCGCGTAACGGTTATCAGTACAGTAGTTTGCCCGTTTCGGCTACGGGTCCGACGTCATTGCCAACTGGTCTATA,736,49.32,Saccharomyces cerevisiae
SEQ_654077,CCCGTCCGAACTGCACTTTCACAGTGGAAGTAAACTCGTTGGATCGATTCAGATATCAGGCATTGACCTCACCCGAGGATAGATCTTTACGCCAGTAGATCCAGTTACCACGACTACCTCGCTCGATAGATCAGCACGCGGGTTCCACCCTACCATCTCAACAACGAATAATGATGAGCAGTTGCTATAGTAATGTAAGGGTTTATCCGGGAGGAGTTAGAGAACGCTGTAGCCACACACGGAATACTCCCTCTATAGAGGGACTCGGGACGCAATTGTGCCGATGTCGTCCGGGGGCATCTCCGGACATAAGGAAGTAAGCGAATTCGAGCCATTACCGCCAATGGAGAGTAGTATCACTTCCGATCACCACAGATAAGACGATCGAGTGCTTCTACTTCCAGATCGGAGGGCGGCGCGCGTATGTTAGATAAACCTACAACG,444,50.45,Saccharomyces cerevisiae
SEQ_865996,TCGTGAGTGTTAATCTACTGCAACGAGTGCTAATCCCTATCCGGGTCCAAGCTCCGAACAGGAAATCGGCGCGAAGTCGAGTCGATACGGCCGCGAAGTTTCTCGATAACTATCCTATGGCCGCCGATACTTGTGGTCTCTCACATAGACGACCTAATGATCGCAGGAGGCTCGGCTCACGCCGCCTGTATTAGGCGGATGGTTAGTGGCGTGTTGTCACTTTCATCTGTATGGAAACTTATTTCCGGTCTTACATGGTGTTGGTACTAGTGCGCGGTTGTACGGGTAGGCAAACCCTCAGCTGCTATTTCGGGGTTTGAATAATTACATCCTGAACCACCCCTAAGGGGTCCGATAAAATCGGGACCCATCCGGAGCGACCTTCGGTGATGATCACGTGTACGGTCTAACGTCAGAGTTACGCCTGAGGTGGGCTTTATCTCACTGCTGGCTTCGTCCGGATTCAACGTGTACCCTATAAGGGAAGCATACTCCCGTATGAGTTTGACCAAGATTAAGGCGTCTTGTTGTACGAGGACTGCACTAAGTGTGAGAACAAATCCAGCAGATAGGAGGCTCACAACGCACTACATAGGCGTTTCTGTGGCGAGAAATGAGAGACTACTGTGAAAGTAAGTTGTACCAATCAGTTCTCGGCTTTATCCTCGCTCCCGACCGCCTCATACAACCCTAGATTCCTAAATGGTGTTTCATGTAGAATACTAGTAGGATTACCTTGCCACTCCGTTTTCAAAGAAACAAATCGAACCTCGGTCCTGCGGAACGGCGCGCCTTGTTTGTCTTTTTCTCGTAATCCGTTTACTCACTGTACGCCTAATCACCTTTAAGTTTATTACTGGACGGACAACAGCTGCCCTCGCCGCATACGCCTCCTGTAACCTGGGGGAGCGAGATTCATCAGAGCATAGCCAGGATATTCGGCGATTCTCAAACGCACTGTGCATTAACTCTGGTAGGATCCGGATCTTATGTTCCTACAG,1001,49.65,Arabidopsis thaliana
SEQ_668543,CCCTGCTACCACCTCTTAAAAATCTGCAGGCGGGCCGCTCAACACGTTGGCAGGGTTAATGAATTTCGAGGCACTGCACAAAAAAAGACGCCGTATAAAGGATCATAATCTTCATCGAAAAAGATAGGCGTCGTAAGTCGCTCCAATCGCGCGAAGCGTGAACAGATGGCTATTCTGATGACTTCAGAGCGAGAAGACGTTCTGTTTGGTATTGGCCGCGTTCTGTCCAGCAGAGATGGTTCCTGGGGTATCCTCGACCCAACAAGGAACTACGCCAGGAGTTACGTTTTCTTCGAGTTCAATAGATGCAAATGCGTAAAAGGGAAGTGTTTCTCACTGGGTGGGGCTCGTTTGGTAAGGATAGGTACTTCACTCTTGACTCGGTCCGCAGCCATTCTTGACATTAAGACATTGTTCTACAATTGGTCTGAGATGTATAAAGTCGATCGCCTAAGGAACATTGACCGAAGCTATACGTTCATCCCAATTGCGAGCCTAGAGCATGACTAAACTTTTCATACATTTACCGGTGCGTGCTCACGAGATGCTTAGCACACATCCTGTGACTCCTCACATCAGTCGTGAGCGCAGGTTCTAATTGTCCAGCCATCGAAACAATTCGGTGGAAACCGACCAGTTCAGAAGATCATTCATAACGTACTTTTGGTCGAGTGTCTGTCTCTTTGTCGTACTTCACGTTGGCAGCATCGTGACTATCTCTTTTATCTTTCAATAGTACCCGCGTAATTTTATTCCAGCGTTACCTACTCTCGCGTGAGTTCTCATGGTCTCTCGACCAACTAGACGAAAAAATATATCCATCCCGTACGTCTGAGCTATCTTCCTCGAGCGCAGTAGCAGCTTGGTTAAGGATACAGGCCACCCTGCCATGGGAGTTGTTTAGCTTGAAATGACCGACACGGTATTATCGCTGCCCGCATTTTAGACTTATACTCCCTAGTACTTGCTCAATCTGCAATTGTATGATCGGTA,993,46.73,Drosophila melanogaster
SEQ_130292,GTGCATTGATACGGGTCCACATCGTTATAGGCTCGACTGAAGCCTCTTCTCTAGTTGTGAACACAGATGGTCGTTATTTAGTGCGTAGTGCACCGACTATAACCGATCGGATCTCTCAACGCGTACTAGATCCCACATTCAGAAGATACTGACTGCACGTCCTCGCTGACGGAGCTTCGAAGCGCAGCTTACAAATCGGCTCTCTGCTCGTAGCCGTGCGGCGTTCAACAAGTCGGCGGAAAAGCGCATGCATAATTTTGTTTCCACCATTTTCTGACCACGCTTGAGCAGACTGTGACATTGGTGACACGGTTTCCTGTCGAGTCTTGCCACTCGCGCTTGTGTACACCTAATCCATTGCCTGTACTTTAGGGTGTAATTACTTTTTCAGGCTTTGGACAGTAGAATGCTATAGATGGGAGGTGCGTCCTTGTGATGAACGCTGTTTTGAGAAGATATGATTTGCATAGAAAATTCCCCAATACGTGGGGCGAAAGCCTAAACGAACCTTCTCCCCAAAACAAAGTTACATGCACACAGGTCATAAGTTACGCTTCTTGTCTGCGAGGACACAAGGAACGCAATACGCTACTTTCTCGTGTTGGGCTGAGAACCGCTACTAGGTGAAACGTTAGCATCAAGGAAATGATATGTGCTAGTGATAATGATAGGAATCTGCTGTAAATCGGTCAATATTCGGAAGGCGTCCTCGAGGTTCTAAAAGTTAAGCGGTCGGCGTATCTAGGTCCAACCCCTGAACTTACTTTAACACTAAGTAATTGCAACAGTATCATATGATGAATACGGAAGATGCACGAGACAAGTAAACCGACGGCTCAAGGTATCACTCTGGCGTTCGTAACTAACCACGAAACTGGCATGAGTAATCTAGCGCCAGTCTGGCTATGTTTTCGAAAGGGCATACACACTTTTGCCATAAACGGATTTTTTTCCTCTATTACGTATGTCCACGAGAACAAAAAGTAGTGAGTGCAATCAGTCCGCCCCCCTATAGGGTACAATAAACATCGTTGGGCTAAGGCAAATATAGCAAAACTGGCGCTCCTCCTAGCCCCTAGCGTTTATATTGGCTGTGCGTCTAGGCACGGATTATTCATGGGCTGTTACCTGGTTCCGAGGTGAGAGCGAGACCGTTGCAGGAAATTCTGAGGCGTCGCAATGTGCCGACAACATTTGGGCCAAGAAGCCATGGTCATACACCTTTTGAAGTTGATCATGAAACCTACGGCCGGGATGCAGATAAGGTGTACCCTTTCGATTCATGTAGCGAAAGAGTAAGGTAGAAGGGCATTGTTCTCAGGATAACTGAAGCGCTGAGTGTCACAAGCCTGGCAGTGATGCTACATACTTAGAGATATCTAAATTACCGACACACGTGTCTTCTTGGAAAACACCACCAATCACCCATCGTCCCGGCGGCCCTACAAAGAGTCCAGTGGAGAATAGGGCTTTAGGCGACGATGGGCTACTTAAGGGATAGTGAGCACTAACCACGATGAGCTAGTACACTGCTCACGGTTCACCCTGATATCGTGTACATTTGGCATCTATATGGCACGCAGTACAGCAAACTTAGTACCCGGCCCGGAAGACGCGGGACT,1622,47.6,Saccharomyces cerevisiae
SEQ_600175,AGTCACCTCTTCAAAATGCCACCACGACCGGATTTCGTTACATGATTTTCAATTGGGACTCTCGATGACGTAGAAGTTTTCGCGGATATCGGCCCATACACGTCGTATATTAGCTTGGTGGGACCCCTGGTGAGGAACGCTGTTGCTATAGAAAAGTGGGAGGCATGGGAGATGGGTAGCTGCACGGAAGGTGCCCCCACGCAAAGTTGAGACCTGACGTGGTCAGTTTGCCGGCAGCAGGTAATTGTTCTCTTGCTCGGTAACTCCTGGGGAGTGGTCACGGCGCATAGATGCAACTTCCCGCATGAGCTTCATGAAGATATGAGCATTGTCTTGGGCTTTATGGGCTCCTTACGTCTATAATCTTAGAGTGGAGTAGTCGAAGGCCGTTCGAGGTAGGAACAGGCGCTGACATTCGAAGCAGCCTCAACGGGAAACGCTGATTTGTAACTGCTATATTACGCGTGCAGGGCCGTGCAGCAGTATGACTGATACCGAATATATTGCCGTTTAGCTAAAGATAGCTTGAAAGAACTCT,538,50.0,Caenorhabditis elegans
SEQ_482100,ACATAGCTCATTCCTCTTATTGTTTCTTCTAAAACAGTCTACCCATCCATCCCGTCTAGTCGGCAGGTCGATCATCCCAATAGACCCTGTTCGCATGACGTATAACCCGTGCCTATATATCTCACTTAGTTCGTGATTTACAAGGACCCAGGGGGCTAAGCTAATGGAGCCACCCCGCCCATCATTACTGCCTGTCGTCTCGTGTCTTACACTGGTTTCAGGCAGAACCGCGATTCAGGAAACGAGGTCGAGACAGTAACTAGCATGCCGCTGGTCACCACCTACAAAATTTCCAAATGTAACCCCTTCAGTGGGGATGGGCGGACAGCCTGCTTGCCAGCACCGTTTGAAGTGCACTATGCGTAGGCATAGAAATTCACCGCCTAAAGAGACAAACTCCAATTCAGCTCTCCGGGCTATAAGCTGGGAAGGAAAGGACTGT,442,50.0,Saccharomyces cerevisiae
SEQ_365176,GGAGATTGCGGACACGTCTAAGATCAGCGTCTGAGCGGTTTAGAGCGGAAGGTAGGCTGTGATTGCCGTGGTTTGATGGGGAAAAGTTAGTTACGGATTCACTATCATTGATGCCCCTGAGTCCCCTGTTCATCTCATCTTGGGGAATATGCTGTGCTATCCGTATGGCTGGACGTGTCAAAATTATGCTCGCATTTGGGGAGCTTTGACCACTCGTCTCGCCAGAGCTATGTGTGCATAAACCGGGCCCATAAGGGCCAGCTCATGCGCCTAGTGGTTTGCAGCATGCCGAGACTTGAACCCTTGCGCCCATGTAGATAATGTCCACCGATTTCCGACACTATTCCTCCACGGCTGTGCCAAACGACTAGCATCAAATTGTGATATTTTATGATATTTCTATTTCCAGGCCATGATTCTTACTTACCAGCTGGACTCCTCGGTAACAACACGCCGCCATAGAAGGCCCCGTACGACATTCTCCAATTTCATTGCAAGAGTTCGACTGCGATAGGTCGACTAGAGCCTTATACTAGCAAAAACTTAGGTGCAGTGCCTGCTACACAGTCTTTATTGGCAGGTCAGCCACAAAAGACCCTCTACGGAGGAAGGGTTGCCATTACCCTACCATCCCCTGTGCCGCTAATCTTTACTCTCTACTTATGTGTGGGCTATCCGGCCCGCCTATCGCGCCGGAGTTGCAATAGGCCTGCCGTTCTGGCAGTCTCTTACCGGTGGATATCGTCTCCGGAACTCGGGATTCCAGTCAAGCCTTAGAGCATGCTATGACCTCGGTCTTCAGCAGTCTGGGAAAGAGGGCATGTTAGATCCTAGAGCCCTCCCCTGGGTCCAGAAGCCCTCAAGTCATGGTAACATTGTTCCGCACTCTGACTCACAAGTAGAATTAAGGCAAACCCAAATATTCTAGGGTACTCCTTATACAGCAGGCCGAATTTCGGCGTAGAAAAGTTTATGCGCGGGCAGTCGGATCTGTCACGCCCGGCCTGGATGACCAATACGTGTTAATCTTTATCACATCTGGCTTGTGGTGGGACACATTAATACGTAGACGTCCCAGGCGATAGAGCAATGTCACGATGAAAGTCGACCGATGCCGCAGCACGTGGG,1128,50.89,Drosophila melanogaster
SEQ_875414,CGTTATTCCCTTCATCTAAACCTTATCGGAGTCCGTAGGGGTAGTCGGCTGTGTAAGACGCGGGTTTTGCTTAGACTGCCTCGAGGGGTAACAATGTTGGCCATGTCCGTCCTCCAAAACTTCTTACATCGAGGCCCTAAAGCCTTGTGCTGACATGATGC,161,50.93,Arabidopsis thaliana
SEQ_207120,GGTCGGGATGCATGTTTTGGCATGATGGCGGAACCCGGAGCGGATCGGGCTCCATAGTAAAGCGGGTCATCAGGACTCTCGTACATACTTGAAGGTAGAGGAGTTTAGCTACGAGCGATGCCGGGCCACGCGTACCAGGGTACTGGTAGTGAACCTGTTGGAGCAGTCTGCAGACCAGAATTGTCCGCTTACCTGATTATGCCTTACAGTGACGACGTTTTTAGTTACCGTCGCATTATTGTTTCTATCGATTATCAACCAGAGCCGGTCTTATTGATTCGCCGGTGGGAAATCTGCAGGATACATATGCCCGTGAGGGCCACAGTGCTCACTCGCGCAGTACCATTAAGGAGAAATCTCACTGTCGTCATTTGCTCGGTTTGCCGCCGTTGCCCTAAATCCGAGTAGTTCACCGACGGGACAGTTGACCCCTTCAATCCGTTTGTCGAAGACTTATCAGCCGGCACTAAAGAGAAGCCCTTACGGGTCCCGAATACGGGGTTTACCAGATTCACGAACTAAGCAGAGCTCAAGAATAACGAGTTTACTTTCGGTAGGAGGCCCTCTTTGGCGAAACGGCACAGCCTGGCTTAGACTGGTGGTTCCCATGCCGATCGTTCGTCCTGGGAAGACCCATTGTTGGTCACTCCTGCCTAATCAAGGTAGTGGTGTTTACGATTGATGACAGCCAACGCAGCAGAGTTCAATCTGTTTCTCGGTCGCTACGTGAGACAAACTGGCGATACTAGCATCTTATGCTTGGCCCTCGGCTGTAATCGAGTCGTCACTCTTAACCGTAGTCTTGTCTACTTAACCAAGCTGGGTGCGTTGGCTGTAATAACCATAAACTCGAAGAAAAAACCACCAAGGCTCCGTACTACAATCTAGGTCAGCCCATCCCGCCAACCCGGTCATGTTTGAGATTGAGCGTAGGTCTGAGCTCTCGCGTCCGCGTGCCAGCTGACACTTTCTATTGAAATTCGTAACTCTATATGCTCGCCTTGCGTACAGGTGGGTGAATCTTCCTGGACCGGTCCTAATGGCAGGATAGATACAGCTTCCCCAGGCCGCCGACTTAACCAACGGAATGACCAGCTCGAGGCCGGGTACCTTAAATTATCCTGAAAATCGAACCAGCGCATGTTTCGGCATCAGTCCGGTAGTGTGTCAATTCTTTCCGTATCAGGTACATATGCCGGCGTACGCGAGATCTAAAGATTCGCATTCCACCTCAGGGGAGCTGGAGAGGGTTACGGGCCCGTCGTCATAGGCACCCCCAAGGCGACGGCGGCTTTTCACGCAGAATTGTTCGCGAGATACCGCTAGCCGACGATGTCCTCGAGGTGGAATTATTATGGCAACTCGTTTAAGCCTGCTTGACGGAAGGAGCGGCAACCTAATGCAATTCGAAGGCTTCGGAGTCGTGCTGTAAGAGTGTCACACCACATCTCACGTAGCGCTACTTGAACCTCGATCGTGTACGGGCGTTCACCGGACA,1498,52.14,Drosophila melanogaster
SEQ_174906,CAACGTAGGGAGCTCCGGATCTAGCGTAGAATTAGGTTTCCATAGCCATTGACAGGACCAAAGTGCCCGTATGGAGCGCTAAGCGATCACTCCGTGGCCGAAGAGTTCAAAAGAGACGAGGAGTTGGACAGGGGCTGTTGCCGGATACTTTAATTCGTCTGCCGTGTAACTCACCGCACCAGCTCGATTGGTACCCGACTAGAAAAAAAGATGGCCTACGATCCGTTCCTGACTTAACGTTACGAGTTTCGGTGTTGGACACGAGGTTCTAATTTATAGTACGCTTGACAGTTATTCATTGGAAGGTATCAACGGCCGAAGCGACCCGTGAGCACAACCCGACCCCTCAATTTCCAAGTGATCACCAAAATACGAATTGCTTTCACACTCGAACGGACTGCTTAGTCACCTCGCTAGTTTGTTAGGCGGACCACTAAAATCAACACGCGGGACGTGCGAATGACTACCACCGAGGGGAAGCGCACGTGCTCTCAAATACTGCGGAGATGCGTTCGCTACCGAGTTGCGCCAAGAAATCGGGCTTGCCCGGCTATACATGCGAGTCGGGCTCTCTTAATCTTTATCGGATTAGATCCGTGTTGTCTCCTCCCGTCTCTCACCATTAAATGCACACCTTAGAGCCATAGAAATGCAACGTCCACAACATATACGATCGTGGCGGTCACCAAATTTCCTTACCGACGCGCAACCCGGGTGGCTATGGAAGCTTCTCATTCGGGCGTACTGCGTATTTTTTAGGGGCCATCACATTCCTCGCCTGTAATTTCCATTTAACGGAAGCACTATCGCCTATTTACCATCCTCGGCGGCCGCTGACCGTTTGGACAACTGTACGACCAATCCAAATAGAGACAGGTCGGCATATCTTTTGACACCCCGAGCTGCCGGTCTTAGGGAGACACGTTGCTGGATGATAGTGCGTCCTTCAAGAACAGAGAATCTAACTTTTTTACGGTC,978,50.51,Arabidopsis thaliana
SEQ_247754,CCGCAAACCTCCTTAGTGCAAGTAACCACTGTAGCTGGCGTGTCGCGCAACAATGACAATGCGCGCTAGTAGAAAGGTAGCGCGCGAGAAGATGCAAGTGCCGCACAAGCACTCCACCTCCTTGGCCTGCTTGGCGTCTCACACGGCCTCATTGCTTGTCTGAGTCTTCAAAGGTGCCGGGCGCGACGCCTTACGAAAGGCCGGGGGATACTTAACGACATACCTGGCGTTCTGGTACCGGACCAGCACAGATAGACTCTCCACGTTAACCAGAGTAGGTAGGTAAATTTACACGCGGATTCGTCTGGACGGGTACCGCACGGGAGGATTTTCCTCTTTTAAGGTTAGAACCGAAAAAAGAATGATGTCCTGTTGAGGTTGTCATCCCCTGTCATACTGTCAGCCCCCTTTGATCCGCTTGAACTCTGCCTAGGTGCGGGCAATCGTTGTAGTCTGGAGGGTAGCTTGGTGTTCGCTAGATTTACACAGGTCCCCAAACCTATCGCCTGCTGTCATACCGCCGGGTCCTTTGGCGGACCCCACGCTATGGGTTAGGGCTAATACGATGTGCACAATGGGGGGGACTTGGGCGGCCTGATTTGTCTTGCTCACTTCTGACGAAAGGTCAATTCGCCAATAGAACGGGGCGGGCACATGTGGGAGTTTTCACATCTGTCGAGGGGTGGAATCCAAATTATCATGATGTTGTTGGGTTGTTTTGCTTCCGATCCTAGGTCGATGCGTGCACCCAAGCGCGTACTTGGCTGGCCATCTAAGCCTGCTTCCCGAATGCGTTGTCCGATAGATGTTTCATCCCTGCAATAATAATTAGCATTTAAAAATGCCACTCAATAACCTAGTTGCAGTGTGCTCTCGAGAATAGTGGATCAGCCCCGCCTAACCTGCAGGACAGGCCATTTATAGATGTGGACTAAACACTGGGGCCAAGGGCCGTTAGCCAAGAGACCCCAATAGGAGGAAGAAATCAAAGCCACTTTCAAGGGGGGCATGCCATCGGAAGGGAAGAGAGTGTAGGCTCCGTTAGAATACACTAACCAGATCTAAGCTCTCAGTACAACGTCAGCTAATGTATACTCGGATAGCCCGCTCTAGACAAATATAGTCTATTATGTGAACCAACCACCGGAGATCATTAGACGCAATTCACCTATTGTGCTGCCAACGAAAGTGTCGCATCGATCCGTGGCAGATTAAGTTAGCGAGAGTGTTAGAACATCGTTCCAGATGAAAGTCAGCGTTTGGGATAAAATATGATGCTAAGGACGAAACTCAGATTGGAAAGTTTTAGCATTTATGGTCTACTGATTGAACGCTCGGGTAGATGCACGATGTCTCAAGGGACAGTAGCAGCGTTCATCACCTTCATTACACCACAGTTGTGTTCGTGACATAATCCAAGGACGAATGGCATTCACACGATGTTGGTGATAGGAGGTCGCCTTGAACCTGAAGGTACAAGTAGGTTTTCCGCGACCGTACGACTTCTGAGGTGTGAGTCGACGCGTCCTACGCCGTGTTGTGCCTGTCCCATGATAATATCGAAGAGGAGTTTTTGCTGCCCCGGAGCAAGATTAACGCCGAGAATGATCCCAGCGTATACCACTAACACGAGCGCAAACATAACCAGGACAAGTTGAGCACGGCTTGAACTCATGAAGTCACATCCAACTTACACTTCGTACCATTCACGTATACCCCACAACCACTTTAGTTCAATTACCGGAACGCGGTTGCCAA,1758,50.11,Saccharomyces cerevisiae
SEQ_482586,GTTCACATTAGTCAGCTTCGTAACTCGACATACTTTAGAATTCCCTTATTGATGGTGGGCCAGGGCAGCTGCTCTCAGGGCACAGGATAGAAGCTTTCATGGGGAGGTATTTATTTGTCACGAAAGGCAGACCTTCACCCCTGACTTGCTGAACCTTAATTGCCACTAGCCATACGCCCGGAAGAATAGTCCAGGCTAACCCGTAGGAGTGCACTCGAGGAACGCTCGATATGGTACACGCCTACAATCGAACATGACCTCTGCATCGGAGAAGTTTAAAGTTGTTTTATATAAAGCTCCACCCCCTGCGACGCCATGGTAGTCCACTGCCCACAGCAAATACGTGTCCCGAATCGGCACCCGCCAAAACCACATGGTGCAGACACGCCCTGGAGTATATTTTTTCCTAATAGGACCAGTAGGCGATAGAATAGGTAAGCTCATCGCATTCGGCACCACCGCATATCATTTCGTGTAATATACGGGCCTTCATATGCGCCTACACTTTAGTTCTAGGGACTTGATGGGGTTCTAGGAGCGACATCCCGTTCTATACCTGCCGGAGAGAGCTGTAATACGGTCGCATCACATCACGTGACAGTTATGTCTCGCATTGAGTGTATCATCAAGTAAACTAAGGTGATCGTATATCGAAGATATAACGAATACTTATACCTAGCGCCTTCTAAGCGAGTTAGCGGGGCAATTCTTGTTATGCTCGGCCTGAATAACTAGAGGAGACGCAAGTAACACTTCCTGACTCACTGATGAAGGGATGATTGCTGGGAAATCCCTCTTTCGACGATCGCATTCCTGAGCATGAGGCCAATTGGCAGGCCTTTGTCTCAGAAACAGTCGGCCGGGCATATCGCGAATATGGACCTATCGTTTCCTTACTTCGTAAGATGAGCGATCCCCCGAATGGGGTAGGCCGCTTCTAGAG,943,48.89,Caenorhabditis elegans
SEQ_811260,CTAAAGTGCGGACTAAGCTGGCCCTGTAAAGCATGTGAGGGCACCCCAGATGCTTGTACTAGATAAGAGAACCTCCCGCGGCCATCGTCAACTCCAAGGATAGCCGGTATGTGAACTAGTGGTGAGTTTAAGATAGTACCTTCGTTCCCTTTCAATATGGTCCACTCCGCCGCCGCCTGTTCTAGTACTAGAATTGAGCGGTCTGTAGAGACCTCTCCTGCAAACCGAACGTTCGGGTGTACTTGACCCAGGCATTGGCCGCAATCCGCATTTGCTTGGTGCCCCTTGGGTCTGCAAAATACGCGAACAGACGTTGATAGTGGATGTCTGAGAGGTACAATCTACTGTTGACGGAGTCCTTTTTATCCTGGCTTGATTAAACTTCGCTGGAGCCTGTACTGCTGAAGGAATGAATATACCGGTTGCGACTACGTTTCCAGAATTGGCACGAAACCGGTCTTTCTATCTGACGCAAGCACGATCGTCCCTTAATCCGAGGGTGCTGGCCAGAGCTACCGTGTGCACTATTAACGGTCGGATACCGATCGTCTGTTCCGGAATCGCTTGGGGCGATTCAGCCGAAGCTCGCGCGCAATTCAAATGACTTGACCATCTGTGCCTCTCAACCACTATGAACTAAATCCTCTAGTATCGAAATCTCTACTCTCACAGGCCGCTTTCTGCTCTTCCTTTCGGTTCCCGGATCGTATTGGGGTGCTGAGCGCTGTTATATGCGCACCACAGGCCGAGGGGCCCTCAAAGCAAGGGGTTCTCCCATTGCCTTAGTACCGATCAACCCGAAAACTCTCCTCTCCGGAACGGTGCCTTTTGCGACCTCGAAAGGATCCGTACTGGCCCATACCAATTGGGGTATTACTCGATAGTCGTATCATTTGGTAGTGCATTCCCCTCCACAAGCGTTTCTATGTCTCCCTGGTATGGGGACGTCATGTTCTCCCCATTGTGCACACCATATAAACACTGTGTGATGTCTCGGCTGCCGAAGAACGCTGGGTATTCCCAATCATCTGGAGGATCCAAGGCTTGAGCTGACCTATAACTCCCCCCCTCGCGCTTCTGTAAAGTTATTTCAGAACCGAGAGATGCAGGGACCCCACTATCAATCATCGCTTGTATAGAATCAACTAAACATTGTGTTTAGAAACTAACACCGCTCACTAGCCCCTGGCTGTCTTGCTAGGACTGTCGTGTTAGAATATTCCCTCAAGCAAACCAAAGCGACTGATACTTGGTCAACCTAACGGGTGCATCGCCATCATAGCCAGTCAAGAAGCTGGCCCCTGGCGGTTGCGTGTACGTGCGCGTCAGCAGGCAAGTCTTTCACTGCTGGGCCAGTAACAAATTACCCACAGGTGGAATTGAATAAAGTTCTTTGGGGTCAAGATCCACTAATGTTCCTCAAGAAGTCTTCGTCTATATGGTCAGAGACTCATAATGCTCTTTAGGGTTTCTAAACTAGACATAACTTGAGACAGTTGGAATTGCTTAGTCAGTGTGGAGGTACCGCATTCAGATGTCCGCCATCTCCAGGAAATAGAACCTACTTTAGGTTCGCCCGGTTGACATTTTGAACAATGCAAGGCTTCGCGTAATCCCTAGTTGCTCCGGTGTCAACCGACCCGTCATAAACAGGTGCACATATGGACGGTGTGCTACCGACTGTGTTCTAAGGGATGCCGGGAAAGGGTCGCGCCTCGCGACCTGACCTTTACAGACGAAGCAGAAATGT,1750,50.34,Arabidopsis thaliana
SEQ_351964,GTTAATAACTTGAACTATAGAAGTAAAGTCATCGAAAATCAGTCTGCCATTGACCGTCCTCTTCCGAACGCGAAATCACGTTTACATAGGGAAAAAACATAGTTGGACGTTTACTGTGCTTATTCCTAAAGATGACCTGCCGCACTGTACCATTTGCGATGTCGCAGCACTGCATCCCCCTCCAGAGGCCCACTGGACAACATGGACGCATCGGATAATGTGGCCTGAATAGTCAAGTGACTATTAGCCAGATGAGCAGGTGAGCGGTAACGGCTTATGCTAAAAACATGGTTGTTACGCCCTGTCTGTTCGGTATACTATGTAGCATTCGGGCATGACAACTCACAATATTCCTCTCTGACTCGCACGACACCGTGCGTAGATTTCCTTAGAGACGCGAGCTCCGCTGCTCTCCGTCCTTAACGACGAAGCACTATGCGCTATCTCGGACTGGTACAGGAGAGAGTACGGTCTGTACGTTCCGATGCCTCCCGACTCTCCACTTCCATATACGCTATCGAATGTAAGTTACGCTCTCGCAATCAAACGTTGTGCCGCTAACGCTTTTAGAGCGCGTGAATTTAATATTGGGGGCCCGTCTATAGTA,607,48.27,Saccharomyces cerevisiae
SEQ_198888,CCTGGTCTGGGTGTTCCACATAGATGTCGCTACGAAGATAACCGGCAAGAGCTCCTTGAATTAGACTTTCTGGCATGTACGTTGTAGGGCGTATGACGCTGAAAAGGACCCTGAGGGCAAAATACGCTTGTTGACCGGGTGTGTCGCTGACTACGGAGGAATCGTCTCGCAGGATACCGCATGCAAGACTCAGGGCGTGTGATTGTGCCCCAGGCCTCTACCTACAGGCAAACCGCACTCTATAGTCGTCTACCGATAATGTAGACAGACTTCGGTGCCTGTACGCTATAGGGTTGTGCATCATTGACAATCTCGCTCAATATAATAGTGCCAAAGCCAGGAGGCACTATAGACGCCCTCGAGAGCACACAATCGTCGGTCTACCAAGTGTGTGAAATGACCAGCACGCCCCATTGAACATCCTGAGCTGATTGTCGAAAATCAGCGTACTCCCACGTCAAGATTACCCGACTGATCTGTCCATGGGCTAGTGGCACAAGATAGACACTGGCGAATTTAACTTCCGACCAAATATGGGCACATACTGCAATGACTCAG,558,50.72,Arabidopsis thaliana
SEQ_351640,ATTAGTCAGAGAATTATAGCATGGCGTATACCTTATCGCGGCATCTCCTCAAGACTGGGTATGAGGTGGTCAAAACGCTGTTAAATGGTGTCCCCGCGCATGGGCCTCCATCTTTTACCCAAATAGCGACCCCCCAGCTTGTAGCTGATAAGTAAGTTGTATTAGACGCAAC,172,47.67,Escherichia coli
SEQ_914516,GATTTGTGTAGAGGCATCACTGTGTCCGGATATCCGCACACCAAAGGATTGGACGTACGCAGAGACCGTAGCGCCGGAAGCTCGGGGTAATGTGCCATCCCAATCCCGAGATTCCCTTGGCGCGAACGTGTGTATTTTAAACTAGCTTCTCACGCTTTCATGATCACGCGGTCGATGGTACTGGTTTTCCGTGCTCTCAATAAGATCCATCTAGCATGGGTATAAACCTAACATAGAGTGGTTGCAAGACACGCGAATGCTAACGCTTCGATACAGCTTTCGACCGGCATGCTGCGGGTGCGTGTGCCGGCCTGCGTCAATCACTTGTCTAATATCTCTTCGTCTGTGTAAGAATGTTGCCTATTCTCTGTTTAACCCGCCGC,383,50.91,Escherichia coli
SEQ_110001,TGAGAGAATGACCAATACAGCTTAGATATACAGACTGCCGGCAGTCACCGATTTCCGGACCCTCCTACCTCACCGCTT,78,51.28,Arabidopsis thaliana
SEQ_519556,CCCGTCTGATTTCCGGGCACAGATAACGTTTGTGCAAGCGCGCGTTCATGCCCGACCTTTGCCTATCCCGCACCGTGGTGTCGTCGTAAGGGCATAGATGGTTACTTAATCTAATCTATGCGTTCGACCTTGGGGGAGGGGGAGGCCCACTGTAGAACCTACACTCCGTCGA,172,55.81,Drosophila melanogaster
SEQ_808566,TCGGACCACCACGTGTATTACATGGGCGCCCGTATACCGACCAGATACGTGTCATAACTTCGATCAACGTCCCTCCGAAAGGGTTACTGACACTCGCTGAGTAGCATGAGGACCACCCTTGAAACCGGTGCGACCAAACGCCTTTTGAGAAACCCCATGGTATAATCACTATTGGTTCATCACCAGACGCGCCCGGTCGTCATTACCCTCTTCCCCACGATGAACTACGCGTGCGGAATTGGGGAGATTTAAGTTGAGAGGGGAAATCCGGGGGGGATTGCGTCTAGAGATTAGGTAGGTCAAATCAAGGTTATCGTAGCTAGAGAGTCGCCCCAAGCGTTAGCCCTCCAAAGTGAAGTGAACCGGCTTCGGTTTAGAATTCTCCCGTTGAGTAGGGCCGGAGTGGAGGACAGCCTAATCCGAACGAGAGTAGAGTTCTCAACACCTTAGTAACTGGGGATTAGCCCTCTAGGTAGCGCGATTTGCGATTGAATATAGGGAATCTATCTATCGTCTCTACAACATCACGAGCCTAATCTGCGTTCATTTCAACGAACTGACGACATCTGTTTCGAAGAGAGGGCATAACGGTTGTCGAACTGAGGAGGTCGCCTGACTGTACTTCCATTACCTGTCTTGCGGCTCATTGGAAGTAGTAGGCAAGGTCCCCCTACAAAGTATAGCTGCGTACTACGGACTCTTGGCCACATAGCTTGGAATTCGCGTACCAGTCGCCTTCCGGTGCTTACAAAACAAATTAAATCATTACGTGATAGGCTACACCAAACACTATGGTACAGTGTCGCGAATGCGTTAGGCGCGATTGGTTACGCAGCCTGTTCGCTAGTCTGGGGTAAACATGAGTAAAAAGCGACAAATAAATGTCCGCCGCGATCACTATGTCACTGGCGTTGGCAACGGTAATAATTCGTAACGTAGTGGGTCGTACTAATTGCTGCAACCTACTTGCGAGACCCATGCAGAAGTGAACTCTGGCAGTGGCTGTCATTTGGGAGCTTTCTGCAACTAGCAGCAGGAAGGGACCCGCTTACCTGCGCCTGCCCGCGTCCAAAAAGACCATGTTGAGCAGGTGCCACGGAGAACGACTATGGTATTCGTGAGAGTCCGCCTAGATGTCTACTGTAGTACTACTAAGATCCAGCATTCGCGTGGAAAAGTAGAGACTATGCCAATCTTCAACGCGTGGGATAAGGCAGGTTGCAACCGGACGTCTAACTGGCCTAAGTGTAGATAGGGGTGGAGGGCGTACTTTGAGAGTGCATTATGCCCCCGCGACGTCAATACGTAAGGTACTACGTTACGAGTCACTATCGGCCTCGCGAGTAGTAATCGGTGCTTAACCCGAAGAGCGATGAAGCCTGCCCGAGATTTTAGATGTACGGCTCCCGGTAGAAAATGGTAAATAAAGTGAGCCTGCAGGGTCGCTGTCTGCTGATCCCGAGGGATGAGTTAGGTCCCGTGTAACCCTGTCCGCGGGAGAACCTCCAGCCCCCACCCTGGACGTTTCGGGATACCTTTGGTCCAACAGGGCGTTAGATCTACTATCACTGGACCGCTCGATCGCGTGGGGCTGTAACACACCTTAAGGAAAGGGCTAGGTGATAAGAAAGGAACGTGTCATAGTCTTAAGACGGTCACAGCTTGCCGTCTTGCCGAATCCAGTTGCGGGGAAAAGACGCCTTCGAGAGATACAAGGCTCGACTGAGTTGGACCTCCAACATTTAGTTTGGGCACACCTAAGATTCCGTCGTCCATAGCAGGCGACAGCGGCTAATAATATGCCCTTGTACTTACTCTACCGATCCCTCGTTAGCCTGTTATCGCTCAGGCTGCTCTTCCGTCCTGGTTCTTAATCATGTGTTTTCATCCGAAATGATATCCGTACCGGCGTTCTAAATGTATACACTAGGCAATGCCGCGGCCATTACCTCGAACTTTATGTGGTTGTGATATCGTGGCTGTATCTA,1988,50.8,Mus musculus
SEQ_620134,AGACGGTGAACGTAGCGGCGCCGGCAGCTAGTACGCAAGTCTTATTCCTGAGTCCGGACTGAACCCTACAATCCTCTACCGTCAACATTCATGTTAGGGGCCTCATTGTTGCCCTACCTGAGCGCTCGATTCCGAGGGACTTGGAAATCAATTAGATAGTTCGTCACGAAGTATTTCCGACTTCGACTCTAGGACCAGCCTTATGCCGCTGTTTATTCGCTATGTCTATATAAGCTCGGATGTCGACGACGACCCGGGTCTGGTAGCTTTTAAGGTGTCGATGAAGATAAAACAGGAAATAAATTTGAACATCCACACGGCGTTCCCATGTAGCTATGTTGTCGCCAAACAACAGTGGCTTCGAAGCACGTGGTGTAAATCCGCGAAGGCACGATCACTGTTGCTATGACGATCATTCCCGTCGGACACTCGGTCGCGAGAGCCCCCGGAGAACGTCAAGATTTAGCAAGCTGCCGCCTGTGGCAACCATTTGAGACAGGAGCGGAACTGATGTGACAGAGCCTCAGGGGCCCAATACTATCCTAGGTCATTGGTGAACTGACGGCGTGTTGAGACTGCACAGAAATCCCAATAAAACTCAGTGTTTTGGGGGCCGCATAAGTAAATATTCCCCGGGGTATGGTTGCTTACGGACTTGTCCGTCAGACGAAATTAGGCATGGCCTATGGCGACGCGGTATGGGATGCGGCGGCCCGGTGAATAGTGACCAACTATTATTGGTGTCCGATTATTGGTTCCGCCGATGTTGCAAGACCCCGTTGAGGTCTTTCGGTGGGATCCACTGGTAATTGACTTTGGCTCCTGCTCGTCGGAGCTCACTCGAGCACGGACCCATTGAGCAGCCGTGGACCATGGTGGTCCCAATGCGGGGCCTCTGCGACTACCCGGATGCAAATGCCAAACAGCGATTAGGTATGTAAAGACCCGCCGTGCAAGCTCGTCCTAGGAAGGATTATCCCTAGTGTGTCCGATAAGGTGGACCGTGTTCTGCGGGTAGCTCACACCTAATTTGCCACCCCACAGCCGACCCCCATGCTTAGTGTGCGGGCTGTGGGTTGGGCATGCGAGCTAGTCTCGGTCCAGAATCATAGTCGCCGTTTCTGCATAAGCGCCGACAATTTCTTGAGCGGTGAGATCGAATTACTGGTGTCTTCACGGATGCTAGGTCCTATTTACCTCAGGATTTGCTTCATCCGCGGCGACTCGACCACTAGGTGCGTCATCGGGTCAGTTACTGAACCGGATAGGTGTTACGCTGTAACTATCGCTCTCGGACTCAAGGCGAATTCGGGTAGATTCAGGGCGACCCATATACGTGACACCAGACAGCGTAAAGTGGACCCGACAATCATGACCCCGTCACTGACTTATCCGTGAACTGGGTCTCGTTCCCACAACAAGAGGTGCGCGCGCTGGAAAGGATCACGATCACCAAGAACCGAAACATTGTTCGTAGAAGTCCCGAGTAATAAGCCCACCGG,1502,53.0,Saccharomyces cerevisiae
SEQ_444936,TATAATCGGGGCATACCACTGGCGGCCCGTGACTAGGTCTGCCACAGCGGTCTGTGTAGATCGCAGACAGCAAAGTACAGTACATCCATACAGTAACCTGATCGGTGAGTTTCCTGAAAAGTCAAAAGTCGGAAGTTTTTGGATGCTAGCGTGGTAACATAACGGCCCGTTCGCCAAACTTGTCTGAGACCATACTACTATACATGACATAAAAAAAGACGTCCTACACATCGAAAGCGCACTAAGAATAGTACAAACGATAAGGAATGATAGGGATTCGGTACAGTTTTTATACCTTACTGATCGGGCCTCTTGTCGAGAACCCGGTCCATCTGGTCAAGCCGAGCGAAACGCAACTCAGTTTCCAGGAACTATCCATCCCAATTCGCAGCTGATAAGGCTCGGCTCATGGGAAGCGTGTGTAGCCAGCATCTCAGAGGTTGTCTTACGAATGTCATGGAGGTAATATCTGTCATCCCGGGGGGGCAAATGTTGCTCTATTGAACCCAACGGCGATGTGCCCTATGGTTGAGCCGTTAATCACACATGGAAGCTGCAGGCTCAGGGTTGAAGGACTTCTCTTTTCATGAGGAATGCAGGCGGCACTCGGAAACCCGACGGAGCTCAACCCTCCGGACACAATGCTGGCGCCAGTCACCGCCCATACCGAGACTCAGTGACTGTGAGCAGACTTTCTGGCCCTAACACGTAGTGCCGTGGTCGCTGATATGGTCTAGGAAGTCGAAAAGTGAGGCCGAAAGTAAGCTTCTTGTGTCGGTGTCTACTCATTTCTGTCTCCTCTTTGCACTCACAAAATGGTAAAGCCTTGCCGACTATAGCTTAAGAAGTTCTGCCGAAGCGATCGAGCAACTTTATCTATCTGATAGTGCTGTTTGGCAGGAAGCAACGGACTAGGTAGCCTAGGTCCTGCCAACGATCTAAGTCTGGACCTTTAGGCCGGGAGTACAGGCTATTTTTCGTGCTCAGTACAGGGAGCGGTACCAATTCATTTTGAGAGACAGACGGCCGCTTGTACCTTCCAGCCCGACCTCCATGATTTCACAGGAACTGTCTTTACCAGGCACGCTCCTACGCTGAAACCC,1103,50.23,Mus musculus
SEQ_462898,GCTTGCACTAACCTGGTTGTTCAAGTTGTACCTTCAAGTTTGTACCGCCTTAT,53,43.4,Saccharomyces cerevisiae
SEQ_216098,ATAGCATGAGCGTCAACACCAGCGCGGCAGCCCAGTCCCATTCTGGGGCGGGTCGTTATGTGCAAGCTATGCAGTCTGCCCCAGCTCTGAGTGGCCGTCGGACGGGGGCAGTTTTGCACCTCCGTTTGTGGGGTGCAGGTAGAGGTTCGATATGGGCAAGACATGTTAAGGAAACGCTCGCTCGCTGTGTCAGCTTCGATCGCGCTCGCAGGTAGATGTATCCCTGCTCACCCTCAGAAACTATACTTAATGCTAACCGT,260,56.54,Caenorhabditis elegans
SEQ_437561,ATTCGAAACCTCATGTATAAACGCGTTGTTAGCGCTAAAAGAATTCCCAGGCTTCTTCTAGAGTCGCCCGCATCCCGGAGCGATTTCATTGACTAGATACGGACGCCGCGACGCCCGTTACTACCATGCACACGGACCTCGTGTAGACGGGCACGCCTCCATGGAGGCTGATACGAGCCTTATCCTCGCAGCATCAACTTCCCACTAAGGCGAAGGTGTAGGACATATTGCGGTCTAAAGTGCTCGCGAGCCTGGGCGAGGATTTAGACAGTACACATTAATAAAGTAATTGTAGGGTCTAGCGGATTCCCCGACAGTCGTTGTGGATTGATGGACCCCGACGGCGTGTGATTTGC,356,52.53,Saccharomyces cerevisiae
SEQ_964664,GAAATCCTGCCCGATATGCCGTGAAGAGTGCGATCACCCAGTATAATTAGACGGTTGATTAAATACGATTAAACTAGTACATAATATCCAGATAAAGATCCTGAACAAATGGGCAGTCCAGGGCCAGTTACACCGAACAATGGCTTTTTGATACGAGACCGCATAGTCAGGAAGAATAGAGACCTCTGCAGATGCCGATCTCAGGCTCAAAAGCGCCGACGACTCTATCGAGTAATGGGATCGTTCCTAGAAGTTAGAAATTGTGCATTATTTGCGTACCAAAGAATATAACCCGTACCGCTTACCCTAAAGGAAACGGGCAAGGCATTGACGGATTACCGTCTATCATTTACCTTGCCATGCGGTACCGAATCTCGGTGAGATAATATAATTACCGGTATTTTTCAATCCTAGTTTAACCCATACTTATACGCTCGCGTAAAACGAACCCCGACCTCAGCGTATATCTAGCCTAGGTGCCTTGGATACTAGACTTTTCGAAGCTGAGCTCCTGATCCAAAAATTTGATCCGGTACCTAACGTACAAGGACTACATTACTATCTAAGAATAAACGGGAGTCGATCGGGTCTTCGATTACAAAGTTTTAGCGCAATACAGGCCCTGTCTTAATAAGGCCTTTACCTTCGCTTTTGGTGACGGCATCTCGGGAAACGAGCGTGCCGAGCCAATTGACGCCCATTGAGATATGCTCGACGGCTACTGAGATACATCAGCGGTAGCATGGTGGTGCCATATTTTGTCAGATGGCGCATCACCCCTAGCTTGATCTTCCGGCCGGGCGAGACGCGTTCTACATCCCTTAATAAGATATGCGGCGCTCCCAGCTGCAACGTCCATTAACTTATGCTCCGGCTTGAAACATGATGTGCTGTTTGTAAGGTAAGGCAATTGGCCGACTATTGGAGAGGACTCCTCACGGGCCATCTGAATTGGTGCTGTGTACCTATCGCAGTCCGACGCAGCAACAAGTCGAACATCACCCGAGATTACACATTACCGGTCCTATGCCTGAAGGGAAGGACGTGTAACGGTGCAGGCCCGGGACCGTTCGCCGCATAGGCCCCTATGAAGAGTCTGGCGCTTTGACCTTAGTGGAAGGACAGCACCTCCCTGCCATCTTAAGCTATCACGTTGACCATACGGGTCCGCCTATTGAACCAATTAGTTATTAGTCTCAAATGAGGATTAAGCCTGGATGTATATCTTGTATCTACTTGCCTCGGTAACTCACATTAAATTCACTAAATACGTCCATTTAACCAACGTGGCCCGGATAGCTTCAGATAGATAGGAAATAATTCGGCTCGTGAGCGCGAGGGAGGATTCGAGACTGATTTCTTTGCTCTGTGCTCCCCCATATCCGGACCTTAGTCCGGCGCAGGTGAGCTTGTTTTGAGTTTCTGATCGCTAGTGGCACAGAGAGCTCTGAATTTCGTCGCAAAAAGATTGAATGCATTACGTCTTCGTATGGGTATACGCTCCATAACGTACCCCGGTAAAAATTGCCCATAGATGACGAGAGAACTTCGTGATCTCAATTATGAGAGGCTCAGTTTCCATGATTGTGACTCACCTGACATGCCAGTCGGGCTTGGCAACAGAACTGTGTAGCCCCACGACGGTATGACAATTCCACGAGTTGGCTGAATGTATAAGCTTCCGCCAGGACAATCCCCTATTGCACCCGTCTCCGGTGGTCTAAGGCCGTGATTGGTCGGGGGACA,1746,48.11,Homo sapiens
SEQ_478135,CTTATCATTTCTCCTTCGCTTCTGGAGTTGCTTAGCTGTTGATTATAGTAAGATACACTATGAGGGTAACTCTTACACGGAGACCGCCCATTGCAGAGATACGCGGAGCGGGCTTCCTTTAGAGCTACGGGTCCGGAGGACTATCTCAGGCTTTCCCGGAGCTCGATCCGAGATAGCGTGACGGACGTGACACATCCTCTCGCTTAGTTCTCGAAAGTTTGACCGCTACGGATATCGGTAACTTTTGCCCGGACAATGGTGTACGTGCCTGATGGCACCCTGCTAGCTACAGGACCCCGAGTCCCGTCTTAACACCACTGGTATAGAATCTCTGCGTGAACCTAACTATAAGGTCCCCCCGATCCCAAGATAATCTTTTGCCCCAGGGGGCGACTGTACCATGGCGGATGTGAACCCCTCATCTAGAAAATCGGCATAATGCTGTCATGAAAAAAAGGTCCATGCTGGTAACCGATCGAGTTACGTGGAATCTGTAGTGTCATCCAAACTACTCGGAGTAGTGGGCGGATGTCTTCGCGGATTGTGAATCTACCCCGTGGTGTTGCGGGCTCGAGGCGCTCCTTACCCACTTACTTGTAGAGCAAACCGTAGGACATGACAGATTGTTGAAATTCCTACTGCTGCACCTTGAGTGCGGACATGTGGCGCCAATGTAGAAGATTTCATGACGTTTAGTTCAACTAGCCAGCTAGGACGTTTGTGCTTGGTATTGCGGGTCCTAGGGTCTTGAACTTGTGTGCATGAAGGGAGCGAGAAACGACGAGCCTATCCATCAAGTTACTTTTCTGTATCTATAGAAAAAGGCAAGTATAAGGAACAACTCATAGATTGCACGGAGACCAAGCGTTAACTATGTATTGCTAACGCTTGCAAGAACACTCTTACAAATAGTGCTGTAAACATGCGAGGAAGGCCTTCCTTTTCACTAAAAGCTTTAGTCTTGTTGCTTGCTGCTAATAGGCACGTTTGAACAGCGATTAGCGGCGATTGTGTCACCTGCGATCCGAGTCACGACAGCCCGGAGGCTCAAACGATTATGTGCATAGCTCGAGCATCAATTTGCTGCGTGCATCTCTTGGTCTGCCAATGTCTAATATCAGTGGGCCCGTGGCACGACCGCGGCTGCCGCCCGTTCTGCTTCAACGTTGAAAAGACTAAAGCTTAATCAACTTCTTACAATTCCGTCGTCCAGAGGCTCCGGCAACGCTCTACAGCTACATGATACCGTCTTCTCTATGCGGCATCGATGATGACCACGTACTTCGCGGCTAAAAGTCTCGGATGGCATTGGGTGGGGTCGCTCTTCTGTAGAATATAATAAAGTCCATGCTGACGCTAATGTACGTCGTCGGAGTTATAC,1381,49.38,Mus musculus
SEQ_110041,TACTGCAACCTACAGCACAGGATACGTGCGCGGGCCCACCAGGTTGATGCCTACTGCGTCGGTCACGCAGGATCTGCTTCGCCCACACAAGGCTAGCCTTTTAGACTGCTCAGAAAAGGACTTGTGGTAATATATGTAGAACGTACGGTTACCTATATAGTGTTGTGGCCTCCCGGATGGGCCGCAAGGTTTATTGATAAACGTAAAACTTACATAAACCACTTGAGCAAAATAAGTTCACCCGACGATCGCGCCCGGACCTGAATTTGCATGGCTATTCGCACGCACATCCATCCCACTCTATGAATTTACGATCGCGTAAGATACTATGTATCCGTCTAACTGGTGGTTCCCAGCTCTCTAGGACCGCCGATTCCGCGGGAATATCATGAGGACAGAAATCACGTTCTGTTGCCACTATCCGAGCTGTGATCTCGCTCTGATGGCTTCTAGCCTCGGTTTCCCCGCAACGTTATCCTTGTTAGGACCAGAACCCCTAGGCACCCATACTTGTGAAAATGATAGATTAGATAGACCCGCCCGCCTTAAATCGGGCAACGAGAAGGTCCTGTGATTAGGCTTACCGCTGGCGTAGTTTCTTATCGGTGTTACGAGTGGGTCCGGTAAGCGTGTCTGTACCGTGTTCAAACTTCA,654,50.15,Drosophila melanogaster
SEQ_519643,TAAGTTGCCATCGTATAGCCGTAGGGTAAGTGTCAGCCCTCCTGTTCAGTATGAGGTAATGAAGCTATCGTATTGGTCGTGGGCACTTTACTAAAACCATTTCGAACACGAGTACATTTGTCCTAAAAATCTCAACGAAAGCCGCGTAGCACCCACTTCTGCATTTGATTGGCTATGTCGTCTGTTGTACCTCGGAACAATAGGAAAAGGACATATTTGGCAACCCTGAGTACCATCCACTTGTAGCTTGTTACAGTCCGGTAGTCAGAGGAAACACTCGGAAGCATCCCATCACTATCTGATGAATGTATCTGGCCATGCGGGCTGTAGGTAACTGCTCCCATAGCGGTTGCCGAAAGATCTAATGTTTAACGGGTCATTGCGCGAAACACACGTTATAATTTGGTGGGTATGCGCCATGCCGGTTTTTTACTGACCGGAGACTCGGTATACGCAAGAATCCACAAGACATCCTGTCTATGGAAACCCGGAGCGTGTGCTTCCAAGGAGCGGGGAATATATGGGTGGAGCAGTCTCAGAGCACCGGAAAAGCGCCTCTCGTACGCGTCGCGAAGCGCTCCGCGGGCCGGAATACGCATTCCCAAGGACATCTTATCAACTCCCGAACTCCACCCCCACACCCGTAATCTCTGTTTTCGCTTTTGCCGATTATAGGGTACGAGAGAATTAGATGCACGAGTTCTTCCCAGGGAGGGATTACCCCAAGGGTAATTGGCTTTTTTATCAGGCACTGCGTTT,759,49.28,Drosophila melanogaster
SEQ_575721,ACGATACGCTATTCAACGGAACGTGTAAACTTAAAGTACGTTAAAGGTACTGACTTTCTGTACTCTCTAAGACCATAACTATCAACTACCCTCTACGTCTTGTACAATTATTACGCCACAAAAGTCCGCAAAGGCTACGTAGGATTGTTTTAAAGCATGAAGGCCACGGTGTACCAGAACCATTTGTACGGGTGTTCTCGATCAGGAGGGGAGGAAATCATCGGACAGAGTCTCGCCTCAGGGAACCCACGGAAGACGCAGACGGCTTAGTGAAATAGTACATTGACAGGTGTATTATGAGACTGCAATGGTTTCAATTGACCCGGGAACTCCATCGTCACTTTGGCAACTTCAATGCCCCGTATAATCATTTCGGGGTTACTCATAATCCAGTGGTCATGCCCCGATATAACTGTCCAGCCCCCCTTTATATGCTGGCGCACAAGGGATAGTGTTATCCGGCCACGACTCTAGGGTACCCGTCGTTCGATTGGCCACGCGACACACTTTTGCTACGTATACGTCCATCCACCATTTTATACGTGTTAGACGCTACTTGCACCTTGTACCATAATTGGAGGAGCCTAAGACTTCCAACATGCGGACGAGAGCTCGCGTTTTAGATTCGAATCAAGGGACCGCGAGCAACAGATGTCGGAAGGTGTCAAGACCTACGCATACGGCGAATGGTCCAACATCTCACGTTATCCTTTCTGGATCTTCTATGGGTTCTAAATTACTCTACGACAAGCATGGATACGGAATTTCTTACATGCTTTATAATCAATAATTTCCAACAAAACCCTTGCAAAACTTACTACTACCTCCTTTTGCGACCGTAGATGCCTAAGTTAGCTAACGAATAATCTCCACCCGAGAACCAGGCCCAGTCGACCCTCTGGTCTGTAACCCGTATCCCATTATGGCTGGAGATTGAGCGGCGCTTCGGCACCAAGAAGCATGCGGCGCTACAATACACGCGAATGAACGAACACACGCATTCTTTGTCACGAGAGAACCGGCCCCTCCGTCAACAGACGTGCTTGCACGGGTTAATAATCTCCTTTTGGTCCAAGGGGAGGAGTCTGGATGCCCACCTAGTGTTATAGCAGCCATAAACCTGCCTTGCCGTCCCTCGTACAATCATATTCCGAATACGTATCGTCATACGTACATACATGGCGGACTCACTCATCTTGCCCAGTAAATACCTCAGATAATAAACTCCACGGGCTTATAATATAACCAATGGAAATACCTGCCGCGGATGGAGTCCTATGTCTAGGGGGAGCGGTTCCCACGATTATAAAAGAGAGTAATTTCAGGCCGATTGAAGCGAGCACACGGAGGCCTCTTGGACACATGGACTTCACCACCCCGAACTGTACTGGAGGTGGTCAATAGATTTCAATTAGGGAAAGATTCAAAATGGCGATGCGTAATCGTCAATCAACCGTGAAGTGAGTATTCGATTTCAGTCCCCATGGCATTGTGGTGATAACCAACAGCCATTTTGATTCTTGTATCGAGTCTAATTAGAACAGTCTCGTAAGAAATGCAATGACCGGGAGGTACAACGGTACTAAGTCCGCTTCAAGGCTCTTCCTCTTTGGCAGTACTGCTACCCTTGAAAGGGACAGGAGAGCCAATTCTAGCACTGCCGCGAGTTCAATCGGGAGCTGTATCTTAGCTAATTCCTCAGTTTCCACGCCCCACCAGCTAAGGAGCTTTACCCGGAGGACCGATCCAGAAGTACTTCAGGCCA,1765,47.76,Mus musculus
SEQ_505788,GACCCGGATAAATCGAAGTATTCCCGCCTAATTAGGATTAAGGGCTCCCGCGATACAGCTGTGATCTGCGTTTATTGCGGAGCATACAGCTGATGCGGGTGTACGGGCAGGCAGCCTATGTTGGGCGCCGATAGCTATATCGCTGTCCTGTTCCGTGACCCGTAAGTGAGTAGGCAACTGTCCTGCAGGCTGCTGTTGCACTCGGGCGTGCTTGTGACTTTGGATCCGGTCCACGCTTACATTTATGGCCTTAGCGAAACTCGCCCATGGGGAATAGAACCAGCCCAGTTAACGTTGGCGCCGTACTTTGTTCTATCTTTGGGGTAATCGGTCGCTACCAAGCTCATGAAGATGCGCAGGATGAGAGGGAGTCTGGTGAACACTGAGGTCAGTCCCTATTCTTAGACCATAATCTTTTGGTTGGGAAAATCCCTTCTCTTATCCTAGTGAGTCACAGTGCAACAAAAACGCCATTATTGATCACGAGGCGTCAGCACGCGAACGGTAGTTTTTTCAC,517,51.26,Arabidopsis thaliana
SEQ_274610,ACCCTCCGGTACACGGCTGTGAGAACCTAGCCCAGCATGTGGACGATCCCAGCCCGGAAGGGAGTTGGGCCCCACGCCCCATCTGCGCATTAGCCTTCTAGCATGAGCTCAGCCGATACCTTTCTGGAAATGGCTGCGCGGAGACGAACTCCGGCCTCAGAATCGATTTCCGCACGGACTCCTGATCGGGGTTTAATAAGACTGACGGTTTTTATTCTCACAACTCGAGTTAGGCCGGTTATTTGCTCTATTTTTATGTGGGGGCAGACCGTTAATTAGGCAAACGTTAGATCGTTTCTTGAGCGCGGCTCGCATGCGGCGGAGCCGCGAGAGCCACACCGCCATTCGTAACGGGCACCCAAGAATAGCTTGGGGTAACCCGCTAATATGATCTCCCATCGATAAATGTGCGAGTCGACCGGACTGGTAAGGAAGCCTTTACTAACAGGACCGACCCCAACCCCCGCTGAATAGGTGACCTCGGAAACCACCCAGAACATCCTGGACGATCGCGGCTTTGGTACTCGTTTCGAATTAACGAGTTACATTTGGACTATAGTCCCCAAAAGTACATCTCAGTGAGGATACATAACAGCCCTGCCTGGCTATGGCTCGTTCCTCAAACCCCCGACCGGGCTGGCTTTCCCACTCCGCTGGTTGATAGACGACGTTTCGACAGGCTAGGTTCTTGGGTGGCGAACTGATAGTGGCGATCTCTTCCACCGGGAGCGCCAGTGCCGCCTACCAACAAATGTAGCGGACGGATGCAAGTCGGTAGTCCCAGTTAACGCTGAATTACTAATAAGAGCGTATTAACCTAGCAGATAGATTGATTTGAGTTGCCTGCTGCTTATTCCTGCACAGGAGACAGCAGAAATATGGGTTCGGCTTTTCGGATGTTCGGTTTATGGAATGTGGCCTGGGCGGCTCTAAGTAGGGGTGTCCGTTGTAATAGCAATGAGCTCTCTGACGGGCGAACGGAGAGGACATCTAGTCATAGTAAAGTTCAATGCTAGCCTGTTACGTTGTGGCAGCAGCATGGCTAGTTTCGTTGCAACAACAGGGATGTACGACAGGCTGTAAGGTGGGAAGCCCTGTCCTCTAACCTGGCACGCCAGAGGGAACTGGTCCAAAGAACGCCAGTGGAAAGGCTTTTAGTTAACTCGAGTTTGATTCGCATGTAACGCCCTAATGCTACATACAGTGTGGAGGCCAGCAACGGGAGAAGCCTGAAGCTTTGGCCGAAATACAAAATTATCTGTTAGATTTGAAAACAATGGAGTGGAGC,1288,52.1,Homo sapiens
SEQ_630509,TGGAAGAATGCTATTGCCCCGGTTTATGCACAGACGCCAAATCGACAGTGATATTCCCACATCGCCACCCTTCTAGGTTTTTTCTTATATTTCCCGGTCAAATCACGCTCGGCTTACTAATGCTAAAGGATAGTACAAACGTCGTCTGCGTAGGATCGGGTTGGTACGGTAGGGTAGCTCGCGACATTATGTTGAGCCCATAATCGCTACCCGATTAGGATGTAATAATAATTTGGACGCGCGACGGCAAATTCCGCCAGCGTGTCAGTAAAACGTCGTACACCTCAAGTTGTGGATACCGGCGCCGGCGAGCTAGGTCCCTAGAGGGCCTCATTCTCTTTGATATGGGAATCGACAGGCACCAGGCATATCACGACCCAGAGGCGTGAATCATGAGTCTTGGAGTGCTATCCTAACCCGCCCCTGGAGGTCTAGCAGCATATGCAAACTGCTGAACTGAATGTTCGTACGTGGTCTACATCTGGCTGAGCTTGCGCCCGGCAGGTCTTCGCATTCTCGAACTAAGGTTATGCACTGCTGGAGAGAATAAGGTGCGCCTGTGTGATCTAGAAGGGTGGATCTCTAGGCGTGCACACCCTCCTCCCCACAGTGCATCCTCTGTGCTGTATAGGAGTACGAAAATCTTAACATACTCTAAGCTAGTAGAGTCGATTTTCACAATTAGGAAGTAGGACGTTCAAGTATTAACGGGAGCGCAAGCTCGAGCCGCGCAGACCCACGCAAGAACGGGTACTATTATGCCGCGTGTCACCGTGTGTCTCAAATGACGTTGTCTATGTAGCTTGCAGAACCGCAATAGTGCGGTATATTAGGATATCGCTTAACGCGGACGGTATCACGTGAGACAAAAGGCGGTGCCCCCGCTGTGAGCCGACATACATAACACTCTGCCGACTCGTATCTTTTAGGGCGATTACGTGAAGGCGGCTCTTTCTGGCGGCTTAATGCCTGGTGGAAATTACTGTTACTTACTTGTAGCCAAGGACTGGGAAGCAACGCTATCGGCTGATGTTTCTGTCAATGCTCCGATGGAGGGGCGTCTAATCCATCGACGCCGCGTCCATGCCCCGCCTTGGCGTACTGAACGGTTCAACTCCAGGGTATTCCACTAAATCAATGAGTGGGAGTGCCCACCTATTGTGGACTTCGAGAATGATTCTAAATGACTCTGGCAAGTGTATAAATGTTGATACAAAGGCTAACTAGGATTTGCTGTCCGGAAACCCAGGAAATGTCCTCATTTCCCAATTATCTGAGCTTGGCAAATCGTCATATACTATCAAAATTGCCGAATGGTTATTGCGGCGGTGCTGTTCACCAACTTGAGGAGGGTACTCACAATTGTAAGGCCTCAGCCTGGGCCCAGATGTGCTACAAAGCCTGAACTGATCACTGGGGACGGACGGCGGTGCCAGATCAATTACGACTCGGATGAGGATAGCCATCTGTGCGAGCACAGGTATGTGTCACGAAGTATCCCCATATTCATCTTTAGCACCGCGAATACAGAATGTAGATCAGCCCCCAACTGAGTAAAGAGAAGGTCACTGTAAAGTCACAACCTCACTCGCGGCCTAAATGTGCCCACCCAGAGTCAATATGTTCGGTCGCTGTCCTCACCATTAACAGCACACGCGCCT,1661,50.27,Escherichia coli
SEQ_372722,TCAGGTTGATATTGTCTAGCTTTCGTTCCGGCCGTAAATGATCGTCAGTTCAATGGGCTAGAGGACCAGCTGACGTCAATA,81,46.91,Saccharomyces cerevisiae
SEQ_884713,CGTCCGTTCTTAGCCGCCACCAACGCGGAACACTAAAAGAGACAGGTCCAAAATCGATCTATCGTGGAATGACAGGCGGTCTGAGCTACTTGAAAAGGGTTCTTACCACGACGACCCACAATGTATCGGGCGTCTATACGGAGTCATTAGTAATGCAATAGCACTTCTGTCTCTCAGTAGGGCAATATGCGTCTCTTAATTACGTGCGTCCGGCCGTTAGGCCGGATAGAGCCAGGGATGGTTCGAAATTGACAAGTAAATGTAGAGTCTGCATCGGACCCGTATGCCGTCGCTACGATCTGGTATTCGTCTAAGGCCGATCCCGTGTCATATGCGCTCCCTCTAACGTACTGATGATAATAAGCAACCTATATCGTAAAACGCTAGCATGTAGCCTACCTTTGATCCGTTACTCAAACAGCTACTGGCACTAAGGAATCCAACGTCACCTAGAATATCAGTTTACAACCCTGCACGTGTCTTGCGAGCGCCGCGCGCACTTGCGGCGTAGTCCCATGATAATAGTGCCTGGGCTTAACCAGCAGGTGACTCTCGTATTTACGGTATGCCACAATGCTATAGCGAATTATCAGCATTTAATACCATTAGGCGAAGGATACATATATAGCGCTTGTTACGCGGGAGATAGCAAAATGCCCCTGGGAGAGTTAAGCTGTCTTGCCCTACGGGAACAATACAAGGATTAGTAAACATCTCGCAGCAAGCCACGTGGTTTCACCTAGCGCTCGAGTGGTGGCTGTCGGCTACCTGCCCGTCCCTCTGTCCTTAGAGTAGTTAGTCCTCACGCAAGCACCTCTACGTCCGAAAGCGACAGCAACAGGCATAAACTTACCATTACGTACACCCCGAAAGGTCCTAGCGAATGCCTGCTAACCATCGTCTGGTTATAGACTTGGTCTCGATTTTCGCGGTTTCCTGGTGAGTAGCTCTAGGCCTCAGAAGTGCACCCCTAAAGGACTCTCTTACCGATAATACCAAACCGGTCAGCTATAGCGAAGTCTACCACGCTGTAGTGATGCTATGCTGACCCTGCCTTCCGCATAGAAGTGCTTCACAGTCTCCTCGATTTTGCCACTTGGTTAAAACCAGAGCATTATAATGCCCGTCCTACGCACTATATATCGCTTGTGTATCGCATGCGTCACATGTCATACCTTGCTCTAGCGGCTGATCAGGTGACGGAAGTAAATCTCCGTGAAAGGCCGAGTGGAGCCGACCTAGTTAGAAATTCGGAATACGCTTAGAATGACCCAGGACACCTGATTTTCGGGACCCAACTATAGAGTCATTCTGGCACTGAAAGCACAGCCTAGTAACTTTAGTAAATAAGCCCACAGGAATGTAGGGTGATAGTGTTTCACGCTCAGCCAAACTTCCAACACTTTTGAGGCAACGCCAGCACTTGTTTTGTCTGGACGTGAACGATAGCAGCGTTAGGGAAGCGTTTGGGAGATTTGCCGTCTGCGAGTGAGATTCAAAGCAACCAGTTAGGCCAGGAGTGATTGAACCGCAGGGAGAGTGAGTCCAAGGTGGCTAGTCGAGCATCACCGCCCGAAATTATCCGCAACAAATAACACACGTTCACTATTGCTGGACGGAGGCTTAGCAGCCTCGGACCGATAATTAGGTACCGCAGGAAAGATCGACATGCCCCCGTCGTGTGCTTAACAACACAATGGAAGCCACAACCGTCGTCCTAGTATTGGTGATTAGGTCAGCTAGCCGGCCGCTGTCTTGTTTGGCGATACCCTTGAACATTATCTGTAGCATGCGAGACTCTGTAACATACGTTGACGTGGGCACCGGCGGAACGCGTTTGTCCAACCCGACAGACGGACCCGAGATAAATTGAAGGGGGTCTTGCTGACTCAACATTTAGACCTGAGTCGCTTCGGC,1917,49.97,Saccharomyces cerevisiae
SEQ_535979,GGAGGCTGTCCTTAAACTTAGTTAGACACTCTGTTGCACGTCTTTCAGTGTAGTTAGCAAGACATCCCGGAAATGTTATCAGCGGGTCCGCTTGGTCAGATAGTCATTAATCCGGCTATCAACTGGCTAGTGGGATATGCATTTGGACCTATTAGATAGCTCTCGTTCCGTCGCCCAACATCGTGTCAAACTAACTGTCCGATGCTAGGGAGAGAATACGGTAGAATGGATAACGCGTCTTAGGGTCGGGACAGGCCGATATTACACCATTATCCTTATAGCTCCGGGATAAACACAGGAAACGTACACGGCTAACATTCACGAACTGTAACTACTGCTTTGAAAACGCATGAGCTGGTTTATAATTAGCATGGAGTGACGGAGAAACGTGACAAGATTGTGTACAGCGACCTCACAAAGAAGCTCTGGCGAGTCACCCTATTACCTAGAAGTTTAGGGGGCATATCTAGACTTATTATATCTGAAACAATTGGGCCTGGTATGGGTATGGCCAGACTAATTTCTATTCCCGAATGTACGCCACAGCGGCTTGCAAGGCGCTATTTCTTAGTGCTCGTGCCAGCGAACTTGCGATGTCATAGAACGCCTAGCTCGGGGTAATGCGCCCGATTCCTCCAAATACGGTCTGCCCTGGCTAGGACATCCTGCTATTACTGACGGATATTCTTCTGCGCATCTGAAAATGGCTTAGACTTTCTGAAAGACCTCTAGTTCTATCGACTCTTTGCAGGGTTAATGGCTATTGTATAACTAGGACGCCTGTACAATTGCTAGCCAGCTCTTCTAGGTATGATGGGTGCGAGCCCTCAATCTACTTGAGCCTTACACTGCTCAGGTTCGGGACTTATTCGTAAGTCCCTAGATGGACGGGCATCGCGGGAGCGACGGTTAAGTCAGGCATGATGGACGGCCTACCAGGATTGGTCCGCCTTGCAGCTGTAAAAACGCTTTCGTATTTTGACGGCAAAGCTCATGTTGGATGAAAGCCCCAT,1013,47.98,Saccharomyces cerevisiae
SEQ_538402,TTATACCGGCTAAAGCTATCATGACGCGGATACGAATGCTAATCGCGATAGAACGGATCGACTTGTAACACCATGTCATACTCTATAGACTCCTCGAAAGACTATTGAGGGGTCCTAGGTCCCAAAGACTCTACGCAAGGTGCGTATAATTCCCCAGCATACTGCTACTGTTGTGCAGGCTATGCTGCTTAATTATGCAGTGCCTTAGAAGGAACCAGATGACAGCTCATCGCCCCCCAACTCTACAAGAACTCTTGGCGGCGTTAGCTGCACGGGTGAGAGTCTGGATAGGACAGCAGTCACTGCAACCAGACACTGATTGGGATATCGATACGCGAAGAAATCTTCCGGCGCACAAGACGTCACAATCGGCCCACCAAGAACTTGCACTATGAGGGAACCCGAACTAATTCAGATGTCCGTTGAGGACCCTATTACTTGTTCTTACCTGCGTCAGCCATAACGTTGGGTTGGTTTCGCCGTTGCGGACGAACTTAGTTGTTATGTCTATCATGCACAATCTTCTCTCACTCGACATTTTCCTAAGGTTTTTAGTGAGGCACTCAAGAACAAAACCCCACTAGAGATAGGCGCCCACGACGGCGTTTTCTCAATTTCATGACACCAGGTCAAAAACTGGCCGCTTTTCCGTGTAAGGCGTTTTTAACATAGGGT,675,48.15,Homo sapiens
SEQ_848707,GTTTTACAGTCACTGAAAGGAAGTCCCGCAAAACAGGCTCGTGGCAATGTTTCTACGGCCTGCGTACGGATCCGCAACGGACTGTCAGTCGGCTGCTGGGGCATACTTACAGGATAGTGTAGTGCTGCGTGTCCACTTAGTCCTTCGTCTCTAGTACGTAACCCCTATTCCTAGCGCGGGATAAGCGATTATCTAACACGTGCATACAGTCCGCGCCTTCTACGACTGAATCCTGCGGTAAAGACAGGCCTTCCAACTGGCGCAACTTCGAAACCAGGGTTCAGGTGGAAAGCGCAGATCTGTTTTCGATACCTCTGCCCTGAGACGGTGTAAGACGATATGTTTGCAGGGTTGTCAAAGACACAACTTATACATATCCAGTGGTGTTGAGGTAAACCCGGGATGCAGCATGACGGGACTGCGTAGCGGGTTGCAGACATAGCATATCTCATTCGTATAAGGGCTGCTCAATTGCTGAACACAAACCGCCTTCCAATGCGTCAATGACATCGTATAACGGTTTTGCTGTTCTTCGGAACTGTCCATACTCACTGGAGATGAAGGCTAATTCCGTGTAGTCAACCCCTTTTGACGTCGAGACTAAACTGTTGCAAGGGATGACGGCAAGTGGACCTTTGCATACACCTCTGGCGACATCAGGTCCCAAGAATGTCTCCGGACGTCGCGGGACATGCTGTCGACGACGTACTGTGGTCACCCTACTATGAATTGAATTCACCCGCGCCTTCGAAGGGAGCTATTGCAATTGCGGTGACATGGCCCGAGGGTGGCTTCCCCGCGGCGAATCGGCCTCACTAGATTCATTGCTACTGGAGAGACGTCCTCCAAGTAGTCGACCAATTGAGCAATTAGGGTAGGGGGAGTGTTATGAAGATTGACGAGGGGCCAGTGACCACGGGGACCGTACTCGCTATCGGGGAATGGGTTAATGTAGGTTTGCTAACAAATTATCCTATGGATTTGACTACGGGTTTGATAATAGACAGCTACCCTAACGCGCCGTGCTGAAAGAATCCGAGGTAGTTCTCGCAACCAGAGGAACTGCTTATGTGCCTAACTCGTTGTAGTTTTTGTCACCCGCAGGTGGGTGCGTGTTAGGTATTCCCTCTCTATTACCAGCTGGGTAGGGGCCCTTATTGAGTGCAGCCCAGTCATGCCGAGCTGGTTCGTCACCTGCGGTTGCTTGGTAGTCGACATGAAGGCAGTGCCGCGCACTACGATTATTGGAAAAACGAATTCTAGGGCGCGGCCGCCGCTACGCGAGGCAGCCTAACAGATGCTCACTCAACCAGCCTTTGGTTGCCTCGTAGGGTGAACCGAAATTCCTAAGCCGATGAGTATGATGGCTTAAAGTCCTTCAGCTCGCTTTCATAATCCGAATATACACCAGGGCTCCATATAGATCGGAGCCAGTAGTGACTGCTGATGGGCTTCAGTGCGCGCCAGATTCAGGGTGGTGGCGACTTGAGGGGTCGATAGAACAGCCTGGGGATCACACG,1520,52.11,Arabidopsis thaliana
SEQ_696302,TTTCTGGCGATGCTTGCCCAATCTCTTCGAGCACACTATAGGGTATGGGATCGAAGTTCGCTTAGTAAGGTCTAATTTCGACGCGCCCGGCGATTTGGGTAATTTGTTCGGTACCAAGTCGGTACACTGCTTGTTCTGGCTCACTTCGCGCACAATGTACTCTGCATAGGTAGTGCGCGTTGCAGACCTCTAAGTATTGCCAACCAAGACATTGGCTCTTGATGGAGCCATATGTTGATACCGATCGCTCCGGGCGTCAATTACCAACGCCACCGGAATAGAGATAATCGCCGGTGGGCTTATCCCTGTGCTCGACAGTGACCCCGAGTTCCCATGATAATAATCGGAGCAATGCGTCGGCCCGTATAATAGATACGGAACGGTAGACGAAAGATTAAAGTCCTTTGGGAGCGGGAATGCACGGTGGAAAAGCCGCAAGCACAACGCACTCCACATGGCCTGTAGCTGTCTCAACCATGAATGTTGGCTGAAAAAGGTAATCTGAAGTATCCCACGTATTTGAATCATATTCTATGGCTATAACCTTTACCCGGTCCTA,559,49.37,Drosophila melanogaster
SEQ_762906,CGCTACTTATTTGAGATTCCAACTTGGTATCCAAAACCTGCCAAAAGTGTTCCTGGCCGATCCTCTACTTTCAGAGCGTCAATCGAGCTGACTGCGGACTATCGGATCACACAGGGCATAGGAGAACAAGCGCCCTCTTTTAGTAATTTATGCAATCATTCTTCCTAGCCAAGGTGCTGCTTACTCTAGGCCTTCGGCCACGGTCGCGCTGGACTTGCTGCGATATCCGAAGAAATGCACCGGAGAGTGAAACAGTGTTATTCCTTTCTATTCAGCATCGAGGCCGCCGCTCGTAGCAATCGCCGCCCCCGTAAGGAGAGGTAGGCGATTAATTGCATTCTACGTATCTCAGTGGGATAGCCGCTACCCAGTCCGAGACTGTTGCGAGGCAAATATCCGCGCAGCTAGTACGGGCATTTTCACTCACAAGAACTTGTGGGTGCATGATTCGCCCCGGCGTATACGCGTACGATGCACTACGCAAGTATGCATTTGAACTTTATAAATCGATCAATAGACAAGTAAACGGATGGCTTTAAACAGATCAACTTGTGACGGACTTTAGATCTCTATTTGACGCGATTATACGGCCTCTAGGTAACGACCAGGTCTAGTCTTGTGTGCTTACTGAAATAAAACTCGATATCTGTCGCTGCACCGTTAAGAATCCAAGTGCGTTTGTGAGGGAGGCTGCCGTCAAGAACGCTGACGTTGTCCCTGCTGGTATCAAGTCATCAGTGTCCTGCAGTATCCGTACTAACGTGTACTGTAGGTGCTCTCTCCGTTATTTTACTATTAACAGAAGATCCCGTGCTAGGGGAATTTAGACAGCCTCACTCCGAGTATTACCCAAAACCATGGCTCGCCTAAAGAGGACAAAGTAGCGGGTCCCTAGGGTGGTCACATGTCCGAATTTAAATTTTGAATCGCGCGGAGACG,939,48.67,Arabidopsis thaliana
SEQ_622900,TACAGATGCTTCGGTTACCCCACCGGATTGGCGGGCGTTCAAAAAATAATTCTAGTGAGCAGGGTCCACAGGCGACCGAGTTTCGAGGTTCAATTTACTCGGGATATCGGCTGAGAGATGGGCTCCTGACTGAGGAAATGTGCTAACGGAATCCCTCAGCAGGTCACTAGTGCATAGATCCAATAGCTTATTGTCCCCGCCGTTTCGACTGTGAGGATAGGCCCAGGCCCGGGATGCGTACCGATGTAATATAGCAGTGTTTTCCTCACTTTATGATCCCGAAGTTAAAAATCAAGTCTCAATTCAAAAACGCGCGCGGCTTCAATAATAGGGAAACCACCTTGCTCTTAGGTAAGTCAAAATGCACGATAATACTGAGAGAACATCAAGTGACACCTTGGAAGCGATATTACTGTGCGACAGACAAAAGAGGACAAGACTTCATACAGACCGAATGTTATCGAAGGTAGGGCCACGAAGGGAGTCACCAGTAGACAAGACAAATCCACACCCGTTGGGTAGCTAATTCAGTCACATAAACATGAAACTGGCCGCACTATAATTCCGTTGTGCTAAACATACCTCGGGCTGTCCCTTAGCTTACGTTGATACAGCTGGAGCACCTCTCAAAACGGTCCGCGTCCGAAGCTCTTAGATAACGAGCTAGTTCGGCCAGCAAGCCTATGCCGAAACAAGCTATAAGTAATTGATAGCATAGTATTCGACAACACCTCTGAGCTGGTGAAGGGCGCATAAGATACATTGGCAAATGAACGGGAGGTGTAACTATTGGCTATTAAGATTAGGCTTACGCCTAATAATAAGGGACTGAGGTTGATGCAATACTGGGTCAAACTCGTGTATAGCTCTGGACTCGTACAACCTTGGCACGACATCTACCGTGAACGATTTGAGGAGTGATTCTGGTGATAGTTGTAGCCAACTGTCTACTAGAATTCGCCAGGGATTTATGTAGACAAGGTGAGCTTATAGGGCTTATCAACTTACACACAGGAAACGCCAGGTCATTGAAAGAGCTGCGGCATATTCGCGATTCATGTCACGGTACCCTTAGATCACTCCTAGTTGCTCAAACTTGGAATGTTAGATCTCACTGGCGCGAATTCGAACCTGGTTGCTAACTAGTTTGCGTACCAATAGCAACCTTCCGTGGAAATTGCGGGAAAAAACGATACTAATAGGTCTTTATTGGTGGACACGTTACTCCGCAATGGCTTCCGGCCTCCAGTTTCTGGCAGGCTGCCCCCTAAAAATCATTGCAGTACGCGCACAGGTATTTTTCTTTCCGGCGAGGACCCCTCGGTGACGGCATTTGGCGCGTTTCTGGAATCGGGATGTAAGCTCGTATGCTGATGGACAAAGAGTTTGAATCGTACTAAATAACCTGTTGTTTCAAGAGTATCCGGAAGAACTGCAAAACAATGAACGTGCTACCTTCTAACTTCAGGGTCCCCCACATTTTCGCCCGTTCAAAGCACCGTGTTTTTCAGGGCCCTGGATTTATCACATGCCCAGCGGCTTGAGCACGGTGCAGCAACATCAC,1564,47.38,Mus musculus
SEQ_752880,CCAGTGGTTGCCCATGAATAGGCTACCTTCTTTGGCTATGCTCAGTGGGTAGCTAGCTGGTACTGCATAACTAAGTCTTGCTCTTGAGACATGTGTACTAAATAAAGAGTCCTTGTGAGATTTTCTCTAGGGTAAGACCGCAGAGCCCCAGTTCAAGTACCATAGCAGAACCTTGGAAAACCCGTCTAGTGCCCTTACGTCCGATTCGACGCTTCACTGGCTAATATTGGTAATTAGCTGTAAAGAGTGCAACATTATCACATTCTAAACCAGAAGAGTATCCAGCGGGCGACGCTTGTCCACTCAGCCCAACGTTAAATGGAGACCAAGCGCACACTGTGAGCGGCTCAGCACACGAGCGGCAATTATCCTATTAGATTAATGTCGCTCTGCTTAGACTACCAAACAGCCAAGCCCGGGACTTAGTACGATACATCGCTTCGAATCAGAGTGTGCGGGTAAGTGGCGCACATACCACATGGATTCAGTTTGAGAGGCCGCACCACGTTCAACAGGTACTCACCATCGGACAGGATAAGCA,541,48.61,Arabidopsis thaliana
SEQ_337531,CACTCCGTTCATGATGAGAGCTAGGAGTTATATGGTCTAAGGGCCCTCTAAGTAATGGGGCAGTAGAGCACGAGGGCTAGTAAGGGTCGGTTTGATTGAAAGTTTCCGACAACCGACCCCGTGTGAGCCGTGACCGATCAGGAAACATGTTGTCCGAACCGAAAAAATGAAGTGGGTCTGTTGGATGTTTTAAGTGAATAAACTCTCTCCGCCGAAATAGAAGTGAGCTCGGGCACTCGCAGATTCTTCGTCCAAGCTTCGGTAGCGAGTTCTACGGCGATAGCTTCTACTGGACGACGGTGACGGGGCTTTAGTAGTTAAGTAATGAGGGCCCGCAGAGTAAATAACCTAGTCGCGCGTCGATACAGGAGGTCCGCAAAGCTCGACCGGTTTTCCCGAGATCTCAATGTGTTTGGGAAGCGTCTGGGCGCCTGCTGCTCGGAGTCCACCAAGTGGTGATCAATTACCGCGTGCTTCCCCGCATCCTGCTTCAGGAGTACTAAGGATGATCCAATAGCAGCGGCTTGTCGGAAGATCTCTTGGCCGCCAGATGTGAAACCGTCCCCCTTAGTCGTTCATTACAACGGAAAATTCGAGTATCAACCCACTTCCAGTTTCTCAGGGGGCTTTTGCGACGTATCCGTCTCAATGGCCGAGCGCGAGCTATCAGTCATGAGTTTCCCCCAAACTGCTATGAAACCTATAATCCTTCAAGTGGTAGTAAGGGTAGTTAGAAATACCCCTCTCGCCAAAGCTGGCAGAGATTGTGGACCCTGACCTCCTCCGCATAGGGTAATGTCGCGACGGCCCGCTACGCACTTTCCGTGCTTGAGCCTGGACTATACAGTGTCCTTTAGTCCCTTAGCTAGGGACCCCGAAAGCCTACGGCGGTCCCTTGCAAACTAGCCTAAGCAAGTGAGCCACAGGTTGACCGTATCCACTCGCTCTTCAAATGTGACCAATAAGATTGACAGATTGCTTGAGTGCCACCAGTGTTGGCATTAAAGGAGTATTCGCACTAGAGTTTTGAGACATCCAGCAAATTTCTTCTTTGACCCATAGGTCAGATTTGGCTTACTTGGTCTTCACCTTGCACGAGCTTAGCGCATACATATAACTACTAGCTCGCGCATCGAAGACGGGGTCTCGACCACAGAGGAGGCCGAAAAGACAGAGATATCCTGATCTGGTAGTGGGAAGCCGAGATGGGTTGAGAGCGGCTATGGCGGAGGTGAACTCGTCTATAAGATAAGTCGTCCACCAACCCACCAGATCGGTCATTACTGTATCCAGGCCTTCTGAAATCCCCCTTTGATACGTGTGGCCAGAATAACGGAGACGCCCGAAGGGAAATTGGTGACGCGAGGCATAATATTGAACGGGTCAACATACGCGAGGGACGCGCTGATAGTTTTTAAGCCTTCCAACGCGAGAGTAGCGACAGTGCTGAGATTACTTTCGTTATAGCTCGGAAAAGAGTCAATGACCTCGCGCAACCTTTTAGTCGCTACCTGCCACTATGTTTGCCACTTGAGTTTGGTCCCTGTACACGGACGAATATCGGGCTCAATCTGCTCTATTTCTGCTCAAGTTCTTCGCCTGTGCATCGCGTAGCGCAGCGGGATACAGTGACGATACATTCCTAAAGAATTGCTCATATCCGCGGTAGTCCCTCACTTGCAAAGTTGGCCCGCGTTGACGTGATTAGCGATCGGGCAAAATGCAGCGGCTTGTTTCCCCCTGCCTTATAACGCTCGACTAACATCTCCTTAGTTCAATTGGT,1783,50.93,Drosophila melanogaster
SEQ_856077,CGCGCCGCAATCTGACAACGCCATCCCTTTGTGGTATCCGCGTCCTGGTACTCTCCTACTGGGTTCATCAATGCAGGGTGCTGCTCACGTTGGAGCCGTCAATACGATGTCTGAGACTCACACAACGTAGACTTTCTAGCTCCCGTTGGTCCCTGGCAAGGTGATCCCAAATTGTAGCCAATAGTGCTAGAATCCGCTCGCGTTTTCTGCTGTGCAAAAGGGTTGTATCGCCGTCGGTGGGTGTCTAGCCCTATTTGCTCCATTTTTGCTAGTGCATCTCTCGCGCAGAAATTGTGGGTAGTCCATCGACTAACACTTCGCTTGTGTCGGTTCCGGTCATCTCCATGTGGCGGTAGGTAAGCGTAGCTCATCTTTGTACCGTTTAAGAATAACAATCAGCTGAGCGTGCATAGCGTTTACTGAATTATAAATTTAGGAAGGTAAATAAGTGATGAATACAGGACTTTGTCTATAAATCGACTCAATTCATGACTGTTACGAATCAATGAGATTTACGCAGTAGCTCGGTTCAGACGCGGTCCAACTAGCGGGTTGCCCATCTCGCTTTATGGCTGCTCTAATGCACGTCCAGAGAAGCGGTGACTACGAGCAATATAAGGAGCTATCTTATTAGCTTCTCGCCGTAACCAGCAGTCCATCCTCGAACCAGTGTAAGTGCGGCTACCTCTAGTAGGAAGAATCGACAGCCGTCCAGACTGGACTACACACGGGATACCCGTTCCAGGGTCTTGGCCTATGGTGTGATATCGTTTAGCTGTACGTTCCGATATCGACCTGGTCTCTGGGTTGTCAGAGAGACCAAGTAATTGATTTTCATTCCTGGGGGAAGGTTTACCGGTGTTGCCCTGAAGCCACTTGGTGTAATGGGGGTATAGCCATAGAGGTCAGGGAAGAGTAAACACTTCTGTCCCAGGAATCGCTCAGGGAGACATATAGTTGTAGTTCGCATGGCTAGCTAGTATAACGCGTCTCGAGTCATTAAGCGTAAGTGCCAGTATGGCTTAGCGTGCGCACCAAGGACTCATTATGTTCTTAGCACTAAAAGAAAGACAACCGCTCTGTAGTACGTTACCGTCGGCCCTTCCGGCGCGCCGATGATCGACGACTTTAAATTTTGTACCAGTCCATCGGTGGTGGCCATTGTCCGCTTACTAATTATATTGGGGGATTGACGGCAGTTATTAAAGAATGACTTCGAAAATCAAACTCCTTATAGACAGATAAGGCCCACAACGCCAGAAGTATACAGCGGTTACCGTTTAATTGATATGATCTCAGGCGCTCATCATTGAACTCCCATGTCTGCAATTAGGGAGTCGGGATACTCTACTCTCATAGACGGTGCTTCCGGTGCGATCCGTAGTAGAGGTGGTACTACCTGTAGTAGTCATAGGATATACGAGGCATTGCGAACATCTCTCCGCAAACTCGATAGACTATTCGGTAGCCGTGCGACGATATGGGTTGATTCGACTAAAGATGCCTCAGGCTATTGACTGTCTATACAGTCCAGCAATGTCATGTCGAAGAGACCGCAATATCCCTATAGAGTCGATTTTCGCCATATCCATACGTGTGTTCAAGACGGGGTGTGCGAAGACCCTTAGTGCTGATACTTTTATCGACGGGACAGCAACGGTATAGGTT,1668,48.26,Caenorhabditis elegans
SEQ_728926,AGAGGAGATGTGGTAAGTTCATACATACATAAAGCCAGGTTATCGTTCGGTGGCTTATACTTGGCACAGTGTCAGCCTCACATTCCCTGCGTTCCACGTCCCCGGCCCGTCAAACTGACGCGCTTTATTCCACCTTTTTTGTTAGTCGAGACCCTTACTCAGGGGGCGGCTAAAGAGATCATACATCTCATCGAGGTAAGCCGGAGCCGCATGCTGCCATTAGGTGCATACGGCGCCGCGGATCGACTAAAGGCATTAGATTCCATTGCAGGGGGTTTCACGTCGAACGCCTAGGCGTTCGTCGCTAATGATATCGATATGCTTAGCTTGGATCTAAGCATTACCGAAGTGACACGTGGCTTATTGGGGAAGGTGTGAGAGTTTAGACAGGTAACGTAAACAGATCCGGGTCAGGTAACCAACTCGAACTTCGTATCAGAAGACCATTGTCAAACTCTATCGCCGAGCAGGCTGCTCTTGTACCCTCCGCGAGACGTCAAGTCACGCCCGCGGGGCCAGTTTACGCGCGGTCTTTACGTTCATGGAGTGATTGATGGAATCAGCGTCCTAGTGGGTTGTTAGAGGATTTCTAACCCTAAGTAACCTAGGTAATTTACCAAATGTGAATCGTGCAGCGGCGGTATTCAAAGACCCCAAAACGCATCCGGTCGACTGTATCGCCTTCCGCATTTCAGAAGAGAGGATGGTTACACACTGCCAGGTAAACAGGCTTCCCTAATACGGCCTCAGTAATAGAACTCAACGTAACTGTGTTGAACTCTGAGGCCACCTAGCATCTCGTAGACGTAAAGGGATGATGTTGTGGGCTTTCCACTATTTTGCCATAACTTTTGACCAGCCACATCGTATAGTTTCAGCACCCCCCGCTGTATCTTTCTGTTTTCATATGTCTGCTATCTAAAAGAAGTAGCGGAACAGCCATCAATGGCGTGGCAATGGTGCTGGCAACGGTCAACGAACGGCTTCCAGGAAGAATGCAATGCTGGATCACGGTTGGGGACTGCGCACCCGAATAACGCTTACGACTATCTCTTTTGGGGAAATCCTCTCACAAAAAAGAGGATCGGGGTGGCCTTTGTGACCTTCTGACGTGGCCTGACGCGCCCATATCAGGGATTCGAGGATCGCTCCGAACGGACGAGTCGCATCGAACCTCCAAGCACGATGAGAAATAGATTCGAATGCTGCCGTTTAAGCTGCAATACATGCGTTGAATGGTAAGGCCTATCTCTGGGACGGAAACATAAGAGCCAACTGTCTTTATGCTTTGTAGGTTCCTTTCGGCACTAGACCAAGACCAACCGGGGACTTTGCGTGTTGGCCGATCCGGGCGGGTGCACTAACCTCGCGCGCAGGCTGCCGGGAGAATCTCGCGATCTAAGGGTGTCGAAGCCTTGACGCCCTCCATCTCTGTGGTGCTCA,1443,51.14,Homo sapiens
SEQ_294822,CTAGCATCCATGCTACTGTGTGACCCGTGATGCTGTCGGGGGACAGCGCTGATCCTTCATCAGGCAGAAACGACGCGGCCGTAGAGCTAAAACAGTATCCCGCATCGTATGTATGTTTCAGGCCCGTAGCCTCATCTAGACGACCCGGAAAGAAATAGCTTGGCAGTCTCCAAAAACAGATGGCGTGGCTGAAGGAAGTCAACTGAAAGCTAACTGGCTTTTCAGGATTGATTCGGGCTGATTTACGTGTAGCGGGGCATGCGAGGTTGCGCGGCATGAGAAATGTGGTTCGGGCTGGCCCTCGTAAAGATGCACCGTCACTGGGTGCACTCGTCGCAAAGATAGTCTTCCACGTACCCTACGCAACTCGCGATTTGACCCTCACCGGGAGCGTTTCACTCGGAGATTTAACGACCAGGGATGCAATACCCTCATCGGAGA,441,53.74,Drosophila melanogaster
SEQ_151424,TACGGCGCCTATGGAAAAGCCCATCATCCTGTGGTTTTCACGTAACTACGTCTGACATCACAGGGGTCCCAAAAGGATAGTGCGAACAGAGAGGAGTAAAGGCAGTTCCCGCGGATTCCTTCACAGTTTTTAAGGTTGAACAACACCCTGATGGCCGTATCTCAATCGTCGTGGAGATGTACAACTAGTGCTTGTGAGCCAGTTTGTAGGATTATTCCTCGGCTAAAAACAATCCGTAATACGCCACTGGTTCGTTAGAGCGCAACTAATCTGAACATCTGGTTTTGTGGCTAGGACGTCGGGACTAAGTCTCACGTACAAACCCCGCGTGCCGTGTGTGTGGGACGCGAGTGCCAGTAGACCTCGCAATTCATACACTTAGGGGAGTAACTCTTCGTGTTGTTCAATATGCCAGCGGGTTAATTAGCGAAGGGGTAGTATTACTACGGCCAAAACGAGCGCTGAACTAAAGACCAACAGCGCGCGAACCACTATTCGCACAGGGGCATTACTAATGACACGTCTCCCTGATTCCACGTGACGGGGGGCGTCTTACTCAAGGGCACACTTACGCTTACGTGCGCCCTCGGCCTTACATTTAATATCTGCTTACACAACACAACTGT,626,49.84,Arabidopsis thaliana
SEQ_461799,CAGAATGATTTTTGTCCCCGGACAGCTAGTAGCCTGAGTCAGGCGCTCTAGCCGCTCAGCGGCGGATTCCGACGCGGACACCCCGACCAAGCGGCTCGATATGCCCGGTCCCTGTATCCTCGGGCGCAGATTTCGGATGCCGCAGACCCGTACCGTCCTACACTTCGGCTTCAAGGTGTCAGGTCTTGAACTACAGCTTTGGACTGGTCTTAGACCGGCTGACCTAATTTTATAATGGGCATTTTGTCTATCCACAGCTGGCTATTTATCGTTCGTGGAATTCGTGACCCCATGTTGTCATGAAATAGATCGCGATTAAGCTCGTCCTTCAGTAATCGGTTCACCTCCAGCTTAACGCTCGAGGCACGTGCGGCTGAGTTACTACCTTGCGATCCTAGATTAGTCTCATGACAGTCCTACCATCAGCCGTAGCGTTAGTTCCCTGGCGCTCCCGTCCCGATACGCAGACTAACCGTTTTCCTCGCGGACGCCTGTATATAGGGACCCACTTCTCGTGCGCCCTCACCGCACACGTGTTCGCCAAGCTCTCTTTGTGGTCGTAGGCAACGATTGCAATTGTTTGATGAGATCCTCATGCCGCTTCCGACTGCGACAAATTTCGAGAAACAGCCGGTAAAAGAGCTTGAAACTACCGGCATCTTCTCGCACATGATTCCAAATTGCAGCGCACTTCACCCCCAAAGTTCAAACACGGGGTGCCTTAAATATCGTAGGGTCACCCCTGATCCAGACGGGCCCAAAATACAAGGCGCGTGTATCATGCTTCATCAACCCTGTAAACAATCTAACCACACACGAAGGACAGTAATCCAAAGTGTCCACATGGAAGAGCTTTTTTCGCTCCCGTAACGTGCTAAATAATGCCTGCCCTCGTGGAATTCCAGCGCGTCTGTCATTTGGATAACAAGTGATGCTGCAAATGTATCTTCTTTAATGCGATAGTCGGATCCGAGCTCGCGTAGGTGATAAGGTTGTCGCGTTTTTAACCAGAACACAATAAGAGATAAGAACTTGAGCTGATAAGCTAGGATTCTATTTGACATGAGTGCCAACCCTGTCGCCCCAGTAGTCCGGGAAAGACGCTTGAACAGCTGAATAGGCGTAGATCATTGCTACGAAAGCAAGTAATGTCAGAGTAGTTCAAGAGACAGTTTCAATGACAGGACTCGCAGTTAGGTTTGCATGTGGGAAGATATGTCTTTTCATAAATGAGGGCAATTCGGGCGTGTTGGGTGCGGTGCCCCCCGCTGATTGCGCGTATATCTGCGTGAGGAGCCATGTGTAGGCATGCTATAGAGGAGTTCAGCCAATAGAAGGGGGGAGAGTACGACGACTAAATATGAGCTTGGCACATCGTCCGAGGACGTACGCATCGCGGGCCGGAGAATTATATAGGGCCCGTGAACGGGTTAAGCAGATGTGTATGGTAATTTATTAACTGGGTGCGCCCGTGACTTTACGTACTCACGGCCTGCAGCCTCGCGCATAGCCTAAACGTTGACATGCAGACGTGCCCAGGGTTAGAATTGGGGCCCCGCTCATGCGCGTTTTTTAGAGACAGTGAACTGTTCCGTGCTGCTCGAGGAGGTAGACGTCAGTATCGCTGGCTGTTCTGTCAACAATCCA,1647,51.12,Saccharomyces cerevisiae
SEQ_452747,GTCGTGAGTGTAGCCGTTTACGACTGTAACTAAATTCATGCGAAGTTTTCAAACCTGACCGAAGAAGACGCTATTCCGGTTTCGAATGCGCGTATACAGCACTTAGTGTGTGCTCTGATTCTCTGTTGTAGGGTTTGGGCACTGGGCCTAATTGTCGCCAATATTTCCGCGCCATGTGATTCGGATGATTCTAGGGCATCACCACATCGATAAGGCCTGTGACTCGCTCTTAGCAGCCTGTTGGCGTTTGCTACGTCAAAAAGATTGAGTGTAGGTCCGGATCCGCGTTCTTGCAGAACGTCTTTGGGACTCCATTGCCGACTCCCCTTCAATGTAGTGTAGACGAGGGGACTCACACTCACCCCCCTCGGCCGGCCAGAAAAGTAGGGCTTTCACGTCATATCAATTATTACGCGCGGTTACGAGATTGCTAGTGCGGGCTTTGAGCGGTTGCCCTCTGTAAGCTTTTGTCTTCTCCAAAATGAAATGGTGTAAATCGCCGAGCGTGGAGTGTAACAGGCTGTGATACTCAAAAGGGGTGTGACCTGGAGGTCCATTCTAACACCGGGTGCGAGGGGCTCTTTGACTAGCCTAAGTGAGACTTAGACATAACGGGTTGAGCCGGTATTCCTGCAATTCTCCCTGGAACGGCGCCTTGATGCGGCACGAGTACTTGCGCAACTTTCCGGGTTAATTACGGTCACATGTGAGGGCCGGCCTGCGTACAGTGCGGCGGGAAAACAAATAAACGGGTATTCGAGAATTTATGACAACTAGGAATACGGTATGTCCCAGCACCCGCAACTACAAGCGATT,816,50.86,Homo sapiens
SEQ_634216,TGGATGTAATAGCCTTCTGCCTAAAGGGCCGGTCCTCCGGGTGAACTAAATCTCCATGTGGAGACGACGTGGTCTACATTAAAACTGACAAGCAGATGGAGCAGGAGCCAGACTCCCAGGGTGAGACTGTTCTACAAAACTAAGAGCTAGCACGCCTCGCAATGGGACCCTCGCTGCAGAGTACGGTAATGAAAACCAAACAGTGCGTACACCGTGGCTTGTCACTTCAGTGGTATTTTCTCATGCCTACCGGCAAAATGCGTGGCGAGTTGTGTCAATTCCCTATCCTTTGCCAGGTTTACCTCCATAGTCCTCATGCGGAACGATCTACTTGACCTCCCAGAGCCGGAAACCTAGGCCGTGCCATAAATTCAGACCTGATGGTACCCGCGACGCCCCGACAATGACTCCTGTAGCGATCGTGAACCGGCTGGGCAAGTTCATTATCTATAATAGAGCGGAACAATATGTTGTAACCCTGGGGTGTTTGTTAGTTCCTGCTCTGTACCTTCTTAAGGCCGCGAAGCGGCTTAGTGGGAAATCAATATTCCCGCTGGAAATCATAACCTAGGAAATGAATCTCCGGGGGG,590,50.85,Saccharomyces cerevisiae
SEQ_470575,GGGGGAGGCGGAAGAAGTCGCTCGGCCGATACTGGCAGGACTCAGGGGTGTCACGTTAGCTATGGAGGGCGCGTCCTTCTGATTGTTACAATTCATTGACCGAGATGCGAATTCAAGATGGTACCCCATTTTGCGGTTGACTCCCATTACTTTCTCGTTTACGGAGGCCGCTCAAATCACAGCGGGTGCGTCACATTTACCGCAAGTGTATAGTCAGGGCAGGTGCCCGACAGGCGCCATATAGCTAGTTACTTATTGCCCACGGCGATGTGCAGCGATCACCAGTTGACCTGATCTCTGGCTCATCTTTGACGGGCGGTGGCGGTCTCTTGGTGCCCATCGCCATTACGGCCTAACTTAGTTCATATATATATGTGCGACTGAAGGCGAAGGTTCGTATTCAGAAGCATCGTTACTGCTTTGAGCCGCCGCTCATACTTGCTATTGCCGTAGTCGGCAAGCATTTAACGACCTTTCTGACGACACCAAGGGGTGCGTCTGTGAAATGATCGGCCGACGGAGGTTACCTGACAATACTTGGGTGGTCGCGTGTATACTGGGTGCCTTGATGAATGCCGGAGTTGTTGGAAACGTGAGTAAGGACAGTAGTTTATACTTGTCCCCGCCTTTACAAGATGTGTATTAAACTAGGTACCCTTCCCTTTGGCAATAGTCGGTTATAGTATGTATAAAGCGAAATATGACCCATCGCTTTACTCGCAAATTAGTACTCCTTTCTGTTCAATCTCTCTTTGGTGTACAAAGCAAAGTTATCTTACTATAACGTTCAAGCCTCACTGTATAGGATACTTGCAGTGCCGTGTGCAAGTAAGTTCGATGATCTGTACAGGACGACAAACAAGGGTATGTCTTTGATGCGAGACTCGATCATCACTAGTCATGTAATCTAGTGCGACCGCTGGGTCCGGAGATCCGTACACACGGCCCTCTTCGCACGTATGTTCGTCGCTCCGCCTCCTGGTACAACCCCATCAGCGTTAAGTTAAGGCAAACATCGTCCGAGGTCGCAACTATGCTAGTGGTGCTGTGGCTGGCCCTAGATGCAGCCGTGTCGTATCTTAAGCGCAGATACTCTTGATTTGTGTAGAAATGTTCCTAAAACCTATAAGCTCGCTGTAGTTTTGAGGGATCCGTGGGCTAGCGTCCTAAATG,1173,49.53,Saccharomyces cerevisiae
SEQ_203248,CCGCACCCGCAGATGTTTTGACCAAGAAGAATCGGTGCCGACTGGTTGCAGCGGGGCACCCGACAAGAACAGTATGTGCTCAACCCCAATCTGATAGTTTGTGGAGGTTTGGTCTGGCGGTAACGTAGACACGGGGAAACATTATCAGCTATAGAACGAAAAAGAGAGCTATACGAACTCCCAGCTATGCTCCAAGCGAGTGCTACAACGCTATCACGAGGGTTACTGCGGGGATGTCCCATCTGTGGAGGTACCATGCATCCACATCACATGTACGTCGAGAACGTTCTCATGGTCGTATGGTCCGTAGGTAGTATTTTAGGGCTCGATTGCTTGTGCGATCGCAGACCTCAAGGTAATGATAAGTTTGAAAACCGTAGCCAGCGGTATAGGTGATACTCGGCAGCCTTAGCGTCACTAAGTCACTAAGCGACGCATCTAGGACCGAACTGAGACGTAGTCAACATGCCCGTTGCGAACCTGTTCCGAAGTGCACCTGACTCGTGATATGACCTGTTATGATCACGAGTTCTGGAGCGTTCCTTGCACTACTGGACTTGTGCGTGAATAGAACAACCACCGCTTCTGTGACCTTTTTATATATCCTGAAGCGTATAAAAAGTTGAGGTATAACTGATCTCACACTTTCGTATCACAGGCGTCCGCTCTAGCCATAGTGTGAGCGGCCGATACCGCCGATCTCGACCACAGCCGAGCTAACACAGCAGTTTGTGGTGGATGGGTTACCGTGCACAGTATTAGAGGTTATGAGGTTGTACGTGTGGACGATTACTCGTCCTCAGGTTACCCTTGTTCGCACAAGCTGCTCCATGGGGGGTCAAACCATT,848,50.35,Mus musculus
SEQ_495863,CGGCCTCCCGATGAAGTCAATTGAAAACCTATCTGCTTAATGGTTAACGAATCGAGTACGTGCGGGATGACGAGTAAATCACTCTTACTCTCGGCACGGAATGCTCCGCCCATGACCCTGTGGTAGAGATCCTTTTCCTGCAATCCGTTTAGCAGGGCTGGAACTACTTGTCGGATGCCTACATGCGTACTCCCATGGGAGCGCCTAGTTGTACCGTTGTAAGGAGCTGCGGCTTTCGTTCCGAGGCCGATACAATTGCGGCGCAATGGGATTAGGCGCTAACCACCGACCACTTCCCATTGTCATATGGAGCTCTTCGTCTATCAGCGGCGTGAACAGTCTCTACGCTTCAGTGAGGATGGTAAGCCCCCAAGCGTCATGCGAGGGATTGCTTAGTGGAACACGATATGACTGCGCATATTGTATGCCGGCAGCGCCCCGAGTAATGCAT,451,52.99,Caenorhabditis elegans
SEQ_400171,AGCCTACGAAACCCCATGCGCCCTTGGACCCCTAACTTAATTAAACGGGAAAACCGGACAACCACTCCTTGGATCATTTACCAGGTTGGCCTTGTCTATCTAACGTGGAGTCGCCTCCTTATATAGAGTCCAGGAAGTCGTCATTTGGTTACACGTTAACGACGGATGCATTTAGACAGCACTGCAGCAGGAGTGTTCACAACCACGGGACGGTACCGATCAACCCGGCACTGTGTTTGTATTAAATTAACAAGAATATGCAGCTTAACAAATACGACAATGTACATCTTGTGGTAGCCATTGTAGATCTGTGTACTACGATGATGTTCACTGTATTAGTACTCCACGGATTATTGGGCCCAGATCTCTATTTTAACCGCACATGGGGATGTAAGTCTCACCCCATCTGGTTTGCTATACTCGCCTCTGTACGAGCCTGTCGTCCCGTGTGCTGTATATCACCCTTGCCACTACGGCGGACGGCGACTGCGCAGTGAAGGCACTAGCTCGACCTTCATCGCGTGAGGGATTCCTCGGGTGCTATCAGATCTGGTATCCGGTTATTTTGAGACTAGGAGCTTGGCGAGTACGTACCTTAAATCTGGCTGGCGGCGCGAGGCTCTCAAGGCATTCAGTCCTCGCGATTACAAGAGAGAGTGGATATTACTCTTGAATGTTAATCGATCGTTCATCCGACATTGCGTCCTTAGCGCGAAAAAACGCTATCCGTATCATGTCCTTAGGGCGCAATGGCTAGGGGTAGCACATGTAGTACGGTAGAACTGGCTCATTTCAAGCCCACTTCGGCAGAATAGCATTACGATATACGGCTTGAATGCCAAAGAATAATTCGTCACCAGCCCGGTCGCTGGGCTTGAGCCTGAAACGTACCTGTCGATAGCCTACCATGCTTCGAAAAATTCATTGAGGAACTAGACTTTCCGCATACGCCGCTCACGTGTGAGACTTTGTTGGTTGCGATGGCTTGGATGTACCCTGGAACGGAACATCGGCTTATGATTG,1023,49.07,Arabidopsis thaliana
SEQ_293427,CATTAAAGCTATTTGCCGGTCGCTTTTTCATCTTGTGTGTGTACCCTGTCCCTCCTACCCCAGAACTCACTTAGGGTCATCAGTAAGTGAAGGTCGGACGTGAATAGGTTCGATTCAAAAAGTGACACCCAATTTCATTTACTATTAGCTCTCTAGTCTCTTGGAGTCCAGACGTCCCTAAGTAAGTTTCCCGCGTGGCTACACATGGTTAGCGCACCAGGCTCAACAGGTCCATTGACAAGGAACATAAAACGTTATATACACCGCAGTTCAACCAATTTGTAAGACCGTTGAACGACTGGGTAGGTGAATAGTCGAGATATAGGGTCGACCTTGGATTGTTCGCCTTTTTCTTGAAGTTAGTCCGTCGGTCCGGGGGAGGACATCGGGGATACTCCCATCTGTTAACGCTAAATTAACTAATCTACTAATCACATAGAGTCTCGACGATCGATGTCGCTTCATTTTCGTTCATTGAGGGACCGCTTTATAGTCCCTGCACCCGGCAGAAGTATTGCTAAGCCATCGTAAAAAGAAATACACACTCATGCTTCCGTGGGGATGCGTAAAGCTTGTCACCCTTTAACCTGGGACAACAAATAGCGGGTTTTTACACTTCACGACTACGGCCACCTTAAATGCCGCAATTGGGTAGCTACCACTATCCATTGAAGCGGGGCGACTGAAATATGGCATGCTGTTATCGTCAGCCCCCGGCTTGTACTTGGAGAGTCAAATGAGTCCACGAGTTAGCATCCCATGTAGGTCTGTATGGACCGCATACGAGTGGTACGTCTATGTCCAGCGTCGGGTTCAAACGCTAAAAATTTCGCGTTACGCAACGGATCCCTGTCTCG,857,47.49,Arabidopsis thaliana
SEQ_208424,TTCTATATATCTGATGGACGTCGGGGATGTGTAGCACGATACGTAGCAAGGTCGGTGCGGTCACCTATTCTCAGAAATTTGCACTACGCAAACCTGTTGTAAAGCGCTCTCCGGCTGCTCAGGAAATCTTCGGAAGATCACTGGGATAATGCACTACTATTTCGGGCAGGTTTCAGCTGTTCACCCGGCCTACATAGGATGGAACTAGTCTCCATCTTCATGTGATTCGGTTGAATATCGGGCTGACGAGGCGCGAATGCTAGTATGCACTCCGGTTACCCACGTCCTAAGAGTCGATTGTGATGATAATTCTTATGCGGCTCAGGCCACGTACCGTCGCTTAGTAGGAGGGCTTACTTCAGAATTTGACAAGCTGACTGGGTTTAGACCGCAAACCGCCGCTGCCGAGCAAGAAGTTCCTAACAACGGATTTGTACAAGTTAATAAGGCCCTGCTGTATGGCCGTCATTTTAGAAATGGCTGAAGGAGCTAATACCGAACTACTTGTGATTTGAACTAACCCTATAATGCGTTGATCTGCCTAAGGCCTCTACACTGCTTCTAGAGTCCCATACTGAAACCATCTAGCATAGTCCTTAGTTAACGAATCTTACTAATCGTATCATACCAGGAACGAACCAGATCACAAGTGGTAGGACGGCGGAATCATTCTATTACGCTGCATCATAAATGAGGTTGAATTTCCAGAACTGGCTAGGAAAAGTCTTGCTTAGCACAAGATTGCGGACAGCCGTCTTTCAAAAGTTAGTAGATGAAAGTGGAGAACGAGGTAATAGCACAGATCCAAGGTTGGCCCGGTATTCTTATCTAACTGCCGTGCCACCCTACGGACTGTGAGTAATAATGGATGCTAGCGGGCAGGGAAGAACTCGCAGTGCCGATTGTTGAGCCGGCTCCCACAACATCACGTGATGCCTGATTGCAATCTCCCGGTTTGGCTACTCACCCGCCCGAAACGAGGAGACGGTTTTCCAAGGTTCCCCAGTTTAACATTAAAAAGCGTCCCTTTGGGAGACCGCAACCCTCCCGAGTTAACGCTAAGCTTGCCACATACTCGAACTTGAACCGCATCACATCCCCAGTAATGGTTTCGACACCATTCGGGACTATAATAGAGTTCACGCCCTGCCGTGCGTTGTGTCATGGGAGGCCGGACAGCCAGAGTTGACACCTGTACTTTTTGGCGTTAATCACGATTCGCTACAGGATTATCGACCTTATTCCGGCTCTTCAAGCGCGTTTTCCCCCCGCTCCTTGGTCCGCGAAGTTCCCCGCAGACGTACTGTTAGTGGAGAGCATGGAAAGGCGCACGGTTTCCCCGTGACTCTCCCAGTCGGCGTCATCACATGTGGGGTAGTTTTACGATGACTATTTCGTGTGGCCGTGATTCCCTCGTCCTTTAAC,1425,49.47,Arabidopsis thaliana
SEQ_474475,GTACTGGTAGAGGAGGAGTGATACTAGCTTTCCCTGAAATACCTCCTTCTCCTGGCGGGAATATAATCCGCGTTGCGATAAAGTGTGGGACAGCGCTCATGGGACAAGTGTAAAGCATCGGCCTCCCAATCCCGGTATAAGGGCCGACCGGGTTGAGTGGAATCACTTCCCGCTGCAATATAGTATGGCGGTACGCATGTTACCCCTGCTTTAGCCTATGATAGGAGGCGGCGCTCCCATAAGTGAATACAGTTCGCACCAACGTCACTTCGGTAAAAGCCAGTCACCCGTCTTCCGGTGGTCATCCTTGTCTGTTAGCTAGCAAAAGGCTGGGATGGGAGAGCGCAACCGATATCTGTCGGGGGCTCAGTGGTGTCCGCCTCCTAAGGGGACAACTGACTTGGTACCTCAACTGGTAGAGTACTGTTGCCGCCTTGCCTTGTTAACTTAGAGAGGAGCACATGCAGTGTCTAACGCGAAACTTGCAATGAGAAGTCTCATGCGCATACAACAAGGAGGCAGCGATTATAAGTACGCAAATATCGTGGCTCGCCTCCGCGCGGAATCTGTAGTATACTTAATTCTGCCGCCTCCTAAGGTGCGACAAATCTGTGTGCGAAGGGCCATACGTCTCGTTTTGATGCGCTACACCCTGGTCTCAGTATGGTCACGTCTTTTAGCATATCTGATGCTTTGGAGGCCCAGCAGAGGTTGGGGTCATGATTGCAGTCGTTGTGGTAAAACCTCTTCCGGATAGCAGGGCTAATATACGCAGAAAGCCTAAGAGGGTCCTGCCTTGTTGTACGTTAAAAAAAAATACAGGGTACATTTTTCGGATTGTGGACGTTCATCGCATTAGTAGCATGGGTTTAGGATCGTTGAAGTCATTCACAACAATACGGCAGGGTGTTAGCTGTACATACTAAATCCAGGATCCCATTGATCCCCATTTGACGCTATGGAGGCGGTGAGCTCCGAAGACTCGGTACTTTGCGGGCCTGACTTGGCTTTACATGAGCCAGGAATCTGTCCCCGATACCCGCTGGGGTCCTGCGGTTACGGCAACGCTATAAAGTGTAAGGGATATTTCCCTTCAAAACTGTCGAGCTTAGGGATTAGCTGGTTTAATAGAAATAGGGGTACGTATCCCATTGCTCTGTGGAACAACCTCAATCCAACTGGGAGCTGCATGTGGAAAGTCGACAACGGGAACGTCACTCTCCCACGGACTTGGATCGCTCTCGTACAAGTACGAAAGACCTACGTAATCAGCTTTCCCCATGGTTGTCAAACACGGGAACCTTGTTGGTGGGATTGGGGTTTCATTTAAGCATTATTGGAGGAGACTTCCTTGCACGAGGTTTCTGGGTCGAGTACCGTAGTAAGGTTGGTCTCTGCCTTGTGAAAAGCTCACTTTCTACTAACCGCGACCTTAGTGACTATCCCACAGCCCTGACTGTCAGTTTGTTCCATCCAGACCAATGTATAACCTCTGGAGCATAAGGGAGGGCTAGTAGTCGATCGCTGCGTTACAACTACAAACGACAGGCAGCAGTCCATAACGGGTGTAACGCTCCCGTGAGGTATCTAACGGGAGCCCTTTTACTTTCACGTTTCTGCCTAGAAGACACCTGGTCTAAGCAGTCCACCAGCTCTTTCTTTTTTCGAATGTCTTCTACTTTTGGCAACATCTAAGGTGTTCGCGAGCCGTCGAACCGTATATGTGAACCTGTGAACTGCTTCTGCAGACCTGAGCTGCACGCAAACTCTTCGGCTAAGGTGATAGCCTCATTTCCTATGGACACATCAGATAGCTCGCTCTTATGTGGTTCGTGCTCTCGCTAGCGATGTACTTGTTCATTGGACTTGAGGTGCGACCGCGCAAACTTGACCCGGACTTCGTCACGTCTGATTGGTACTCGCTTTCCATACCTTTAGCCTCTCTGTCGTTATACACGGACAGTCTATCTGTGCGGTTTGCTTTTGTAAT,1990,49.85,Escherichia coli
SEQ_254088,TTCTTAATCGAGGGTTGCGGCACTATCTAGATAGAGCCTCGAAGAGATGCTGGGAGCCACGCGAGCAGCCTAACGCTGCCATAAACGTAGGATCTGCTTGTCGACATCTTGGGTTGTCACGTTATTTTACCTTGTCAGGTACCTATGAGATGGAACA,157,49.04,Arabidopsis thaliana
SEQ_571408,TCAATGTGATAACTGTGCTTCCAACTACATTTCGGTGGAGCTTAAAATACCCCTTGTATATGTTCG,66,39.39,Saccharomyces cerevisiae
SEQ_603294,GTCTGTGGCATGGATTTTTTGCGCGTCACGGAGCCGCTGCGGGCAGGCTCTTCCAGGGTGCCTGCTGAGTCTCACTTGGCGAGGCATACAATTGTTGGCGTAGAGCGACTTGCTGGTGCGTCAGACGTAATCTATTACTAAAGGGGTGAACAATACTACGTATACCACTGGATCCGCTACCTATGGAGCTTTTTCTCCGCTTCCTATCGTAGGGATGCCTATACGTACGCGATGTATCCTAGGGCTGCGTTTATGCTTCGCATAGCGACCCACGCGGCGACAACAGGAGGTTAAGCCTGGTCTACCTCGTCGCGTTAGCGCTATGGGAGAGAGGGTGTTTCTGACTTCTTAATTATCACAGAGTTTACCATGCCCCCCCGTAAAAAGCTCAACCGCAACCCCTCATACAACGACTAACTACGGGCTGCGACTCCGGTCACGAGGTTTTTAGTGCGTGTGATGGGGTGGCAGCGCGTGGCGTACACGAATTGAAAAATTTTCTCTACTGAGCATGTGGGAACTTAACGTGATAAATTTGCTCGCTTTGGACTGGTTCCTGCGTCGCTCCGCAGTCGTCTCACTACCCTACGTGTAGCCAACGACGTGTAGTATGCGAACAGCTTTTAATGTTTGACCCATGGTCTTTCAGAGCCAACACGCCAACATATCGACCATCTATTAGCGGTAGCCAGTATCTTTTTACTCCCCCAAGGTAGTGTTTAACGAAGAAGCGGCGGAAAAGATTCTCGATGCGGTTACGCTCGTATAATAACGTTACGGTTTCCGATCGGCGTCTCTGGTTTGCCTCCCCAAGCGGAGGGATACGGTAGTGTAAGAGTAGTGGTCGCAAGACGCCCTGAGTCAACCCCTACGCCGACTTGAAGCCTCCGGCTGATGATAAGCGGATCGGGTTCCCGATTCTAACATTCCTTTCCTATCAACAAATTGATGCCAAATGACATTGAAACGCAATGCTGACTCCTACGTACCAGTGGAGCGGGGCGCGGTGAGTAACTCGATGGGGGCTGTACAGGCGGATACTAGATTACCTGGGTTTTTCCAGAATGCGGTCACCGTGCTTCTCACTCCCCCTGGTCGGGAAAGGCCGCATTAGGGTTAGAGTAAGATTACTCTACATGCATAGTGGTTGCCACCAGACCACCACCTATGCAAATATTACTGAAGCCAGACGCGCTGGCGGGACCCTGGCATAATTACCACTGCGGGCCTGAATTCAAACCCGAGTCTCACCGTCGGTGTCCAAGTTGGGCACTGCCGCGGTTAAAGTTGGTAACTCCCTCTTAAACCCGACTAGGTCTCGATTTGGGAACAACAGACTCCAGTCAAGCGGAAAGACCGCACAATGTTGAAGAGTTCGCTGCATTGACTGATGACGGCCGTAATAGTGAAGCCCCACTCAGCATTCCCGCTTTGTCTAGATAACTTGTTCGGGCACCCAGTGTCCGTCTCGTATACTAATCTTTCCAGCGTCGGGGGGTCAATGCCGGCAGAAGAGGCGAACGGAAATAACGCTAGTCTACTACACGATGTATGAGACTGCGTACTGGTGGTCTAGACACTCACCAGTATCGGTGACTATGGCGCTACCATAAATGCAGGCCACTCACTTTTGTATTAGTGACATCGGGGATCAGATTGTGGGAGTATGAGTGACTGCATGAACATTCGTTAGGCTGCACGAAG,1704,51.64,Drosophila melanogaster
SEQ_498596,GCTAGCCTTGTCACTCATTAAGCCTAATCCGCCTTTGAGCACCGGATCGTATATGCGGCTTGTCCAGCCTAACTCCGGGCAATTTCAGCGAGGAGACGTCGGTGCGGGAAATCACTCACGGTATGGGTTAAACCTCTTGCGGTACGCGAAGTCGCACGCGCCGTGCCTCCGCAAAAAAGTGCCTTCGGGTGGAGTCGGTCGCCGTGCTTTCATACATACTATGGCCGTAATGTATAAGTCGCAAAAGAGAGTCTGTGAATTACATAAATCTCAAATGGACGATTGTAACCATACACGGCTTGGTTGCGTGTCGATTGACAATGATCAGTACGCATAGTCAGTGCGAGTTCTTTAATATGTAGGATGCTGGTTATGCAACGACCGCGAATCGGATCTAAGCCCAGTACTTAATTGAGCTGTTAAATGTTTCGTGGCTCTACGTTGATCGTACCTCGCGTGAAATGTTTACACATCACGTAATGCGATAACAAGCGTCCGGCATTTATAAACAGCGTGGTAACCGAGGGCCACGAGCCGTGGAAATCTCCGACCACTCCTGGCCCACTGATAGCGCACGTTTCCACTAGGTCTCCCCCTCACTACTCCGTTGGGTACTTAGCCTTCCACCTCTTGGGTAGACCTGTAATCTGCCTAGGGATTCCGCTATTTAACAATTAGAGACTCGAGGAGGAGCATCGAACGTTGTTTCTTTATGGTGGATGGACACCGTATGTTGAGCGTGCATCGCGATTTGTCGATAGCCTCCAAAGGGCTGATATTGGTGAACTAACGAGTAATGAATCGTGCGACATGGGGTCAACGTCGGTTCGAACTGCATTTGAAGAATCTCGCAATATATTCTAAGGACAAGAACATTACAAGTCGATAACATATAAATGGTCTTCTTGCGTCGAAGCCGGTATATGTAAGATTAAGGGGCGAATGCACATACGGGGGGGGGGATGTTCTTCATTGTAAGCGGTAGAAGCCCGACCCAGCAGTGATGCGCCCTTGCAGACTAACCCCACTCCCCTGAGCGGGGATATCTTAATGCTATCCGGGTAACGTCCCGCACACCTAAATAACGACCACCGTCTGTACGGCTCCGTATTGACTTGTGAGTCGACGACACCGGGTTGACAATTTATTTGGTATCTAACAGAGGCTACCGCCATAACTCACAAAGCCTTACTCATAACGGCCGGAGCATCCTAGGTGGACGGATTTTGAACCTGTACCGAGCTTTTGCTTGAACGGCAAACCTCCGGTGTACTGAATATAGCGTATTGCTAAGGAGCCTCTGTGAGCTAAGCTTAGGGCGCACGTCCGCATATATTTGGTCAGCATGTACTTCGTGGGCTTTTTTTTCAGTGCAGGCGAGGTGCTGTCGTATACGGGAGTGCTGTAGTCCTAATTGTCGGACTACGAAATTCAGAGAGCCTGTATTATGTCTCAGGGGCGAATGTAGCATCCTGGTGCGGATAGCAAATGTGAGGAGGACTCCCGTGTGAAAAGTATGGCAGCGCGCCTACGTGTAAGATGTAT,1545,49.51,Escherichia coli
SEQ_333299,TGGAGCAACCCTATCTCTACGGAACCCCAGTGTTTCAACCGCTCTGCAGATGAGGCTCTAATCACTCAAATGGTCCCTGAAGTTTAATCCTGAGAGTAAACAAGGAACAGCTAATAGCTACTCTCGCTGCACTATGGCTACGCTTCACCCCACGGGGCGGGCAATGGCCCGTAAAACGGATCTCACTAAGCCGCCTACTCATTCAGCCTGTGGGTGCTAAGTCCGTTGGTACTTGACCGGCACCATTGCTAATTAGTCGCTTTACGCGCCGCGCTTGCACGCAAACGAGCCGCCTGAGGCTTTTTACCGAATCACGAGAGGAAACACGACATATGTTTGTGCAGGCCGATGATCCATAATTATTTAATCCTTTGAGCGCCCTGTACCTCTTTGTACGAATCGTAAAGCAGGTGTGCCTACGTGTTAATGTGTCTGCGATCATTACGAGCATTGATTTTGGTCAATTAGAAGGCTCGCATAATTGTGGTCGCTGTCGCACTTTAAAATACAGTATGCCTACTGCATATCCAAACGACGCAACACTTTTCTGACTGAATAATTAGCGCCGTGAACCTAAGACACACCGTCCAGCAAGCAGCTAAGGGTTGAGGATTCCGCACTCTGGGCAAGTCCTGGACCTGGGCGTCGTTTCCATAGTCTTCACGAGTACTTATAGGGAAGGGATGACTTGTTAGAATAGCAATCGAAGCAGTCCGGACTAATT,724,48.9,Escherichia coli
SEQ_611128,TCCGCGTCATAGGGGTGCTTTGCACCAGGGATGGAGAAGCTCATCCGAAGACGGCAACCGATACATCTTAAATCCTATGTGAGTCGGACCGACGAAAAACTGGACCGGATACCTATGTCGGGATTTAGTGCTGTAGCACGACCATCGAGTGCACCTACAGAAAGGTACGGTTCTAGGCCATGGGTTGTGGGGCAGTTCGGTGATGCATGTCATTCCGGGGCCATTAGCTTCCCGCATTACTACCCGCAATGGGGTGCGCGGCCCTGCTCGTTCACCTCAACCCAGTTCTTA,291,54.64,Saccharomyces cerevisiae
SEQ_423935,AATTTACGGCCTTATACACTCCTGCGCCTCAAATCCATGAGTAGAGGTCGAAGTCAGGCCTAGGAAGTGAAGTGTCAGCAATGCGCAGTATGTGATACTCTGGTGGATTAGTGATGCAGAATGCGTAACTGACCGCGGGTACCTACGTAACCGACGTCCCTACAAAAAAATAGTTCGTCTTATGTGATAATAAAGACTGCCGACGATATCATCACAAAGGGGGTCATGGTAGATAGTTTCCACGCTGCTAGGCAAGGGACGGCTAAGTTTCCGTGGGTATATACTGTTTGTTACACGATGACGATTGAACTCTCATGGAACACAACATCCGAAAACATTCAAGGTATGCTCTGAGGTTGAATACTCGCTTTTAGACACAAATATTCCGGAGGGCAGACAACCACTGTCACCCTAGGAACTTCATCCTCGCTCGACAACAACTGACCGGAGCGCAGGTTCCGCGGAGTGGTCCTAATCTATGTATGAGTTTTACATGGGGGGTGTCCACATGCAGCTGGCGGACGGCATGGCTGAGTGCCGACGCAGATGGATCACATCCCGATTATTTGGCACATCCCACTGCCGTAGATCACAAGACTTCCCCAAAACCCGCTTTAGTCCTAGCACTGATAGCGGCAGTTTCATGTGGAAGCATCTCTTTCATCGACATGGCTTTAATAGCTCATGGCGAATGAATACCGAACTTGTTTCCCATGAACTTCGTAATGGACAAGTACAATTAAAATTATAGACCTATGAAGAACAGTGTAAAGCCACGTCCAGCCAGCAAGTTCACTGACGAAAGAGCGGAGTGTGCCAGAGTAAACGCTGCAAAGATTCTTATTGGAAAGGCGGCATGTCGTAAGGCGATAGGCTCGGTGACCACCATTTTAGTCTCGTCAAGTGCAAGTAGCACTCTGGTCTAAGTGACCTCTACGCCAAGCCATAGGCGGCTTATTAGTGTCTCGGAAATCATCGTACGTGTCGGTACGCTAGCCTGTTCTACCTCCGCAGAGCCAAGCAGTTCCCTAGGGTGCGAAACGACCCTCCGCGGCGACAGCCGTTGTGTAATGTGAGAGCCGTTAATCCCTCACGGCACAAGTGGGCCCAGTCAGATTGTAGGATTTTCTGATCATGCTTAAGTTTACGTCTAATTCCACCTATGGAGGGAAAGCGTGACCACCTGGGCGCAATCCACCGCTATTACAGCTGGGTAATAGGCTCCATGTTTGTTCACCTCTACTACGGAGAATCAAGTGAGATCGAACTTTCTATTTTTGTCGCATAGCTGCGTTAACGCCTCGGTGACATTCGCTCTATTCTGTCCAACGGACTGTATTCCCCGGTGTTCATCGGCACGGGAAACATGATATTTCAGGCGTTTTTCCTAGATACCACTGCATACAGTTGACCCTAATTGAATACATAACTTTCTGAGAGAAGGTGCTTACATTCTAGGCTCAGCGACTTGGGAAGAGTGAAGCCGGGCCTATAAGGGGCTCCTCTATCAAGCGAGAGCGCCTAT,1525,48.66,Escherichia coli
SEQ_340871,CCTTAATGCGCAATGCTTGAATACTTTCACAATCCCAGGTGCGGACACTAACGCGGTCACCTGTTTCTGTTTCCGTATGCTCTAGTGTACTAAGTTACTTCCTCGTCGAAGGGCCCAAAAACTATTCTGTTATTCCCGTACACGCACGCTCCGATATCTCTTCCCAGTTTTGACCTAATATCCGGCTGATAAAATCACAAAGACGACGTCTTCTGCTCACTCCCGGAGCGTCGCCTCCACTAATTCTAGTCCCGGGAAGCTTCGCGGTTCGGGCAGATAAGGGGGCACTGCGCTCCTATGCAACATGAACGGTGCCCCCGTGTTCCCACAACTCGCATGAGAGTCGATCCGTATCGAAACTTGTTGGTAGACGTAGCATGGCCCCTACGGTACCCAAAGTACTTTCACTGCACTGCCTATACGTTATAGCGTGACGTACACCCCACTTCCCCAAGGGACTCTAGGTTTCGGTGTGGGACACACTGCCTTGTAAGTTTAAAACGCCACAAGGGT,513,51.27,Drosophila melanogaster
SEQ_456429,ACGGAATTCTGTATGATGCCGATGCTCAGAACGGGATGGTCTCGGTTTCCGAGATAATGGTAATCCGACCATACGTTTTTTTTACTGCGCAAGTTGGCGCTAACTGCACGGTTCACGCTTTCGGCGTCTGATGGGTCAGATTTTGGAACAGCTTTCATCATTCGTTGGTACGGATTTATGGCTAGCCGCTGACGGCCCGGAATAGGACGTTTGACATAGCTAGCCGTTATTACAGGCTGGGGGAACGCCAAGTCACCCACCCTGTTAGAACCGGGAAGAACCGTGCCTGTGCTGCGCGTAGCTTAGTGCTAACATAATATTTCCCCATCATTCGTGACTAGGCATCACTTAGGACCTAGTAGTCCGAATAGGGCCTAGGCAAAGTCGATACAATTTGATGCACGTTCGCCCATAAGCTATGTAGAACTTGCCAGCAGGAAGTAACTCTATTTGTCTGTAAGGGCAGTAATCCGTATTCCCGCCAGGACGTGCTAGACCAGGCTTACAGGTGTAAAGGCATTTTTCGTGTGTCGGGTGACTGAGTTACTCCCTTCCCAGCGGTGTCAGCACTAGGGGTCAAGTACTACCTATCGTGCGAGGGCGTATTGACACAATGGACCTTCAGGGTACACCTGATCTGATTAGATATTCCTGCTTATCAGGGCGAGGTTAACGTACTCTGTGCGCATGCTTAGCCGTGTACGGAAGTAGGTACTGCAAGTTCCCGGGCCGTCAGGCGTCCATTTGGTATAGCGGAATGATCCGTGCCGGACAAAGAGTCGTTCTAGACCCCACTGGAGTCTAGTTAACTAACTATACGAAGTCTGCAGAGTGCGGAGGGCACTCGGATGCGCCTAGGTTGTTATAGTGCGTTTGATAGTGGTGCTCCTTACCCACTACGGGCGCCAAACCGCATTCGAGCTGGTCCCTGGCATTATACGATGCTATATACAAGGGGGACAGACATAGCTGTTGTCGAAACCCGCCGCGTCTCACCGGATACGGATTAGATGGGTTTGTAATTATAGCCAGCGTACATCAGGGAACGATTATCGCGCTCACCCAGCCAGCCCCAAACAAGATGGGAGCTATGAGGATAGATCTCTTCCCCGATGACTTGAAGCCTTTTGCCCCGAGTGCACAAGTTCGATTTTCCGCGGATTGGGGCTGCTTTCTGATTGGTCTTCCTCTTATTGTTCTTCTACCGGCCAACCCACTCTATTACGCAGGTCAAGGCTTACAGCTGACGCAGACAGCCCATTGGTCGCCCCCAGGCACTGCGTGTTATAAGAAGTATGATGTAGTGAGTCTCCTTGCTTTTGGTCCCGCCTCTGTTTGTACCAGGGGGAAAGTTAATGGTTGAAGCTTCATACTCCTCTAGAAGGCTAAACAAGCAAAACCCTAGACTTGGGACACGTACGTTAGGCATGCAAGTATGACAGACCCTCCTCTTCTCCTAGACTACCGAATTCCAACCAGAAGAGATGAGCCAGAAGAGAAGACTCAAGCAAGACCCTCCATAAGCATAAGGCGCCTGAAATCGCTCTAGCTCCCTCCCACGACCCTGTCACAGTCGTAGGACAAGTTGTTACTGCGACGGTGACATGGCGCTGAGGTTTGTCGCCGCACCGACCCGTACACGTTACGCTGTAAATTTCGCAGAAGCGGATCACGTGGCAGGCAAGCTCAAATATGTTTTTCAGTCCCGCTCAACAGTACACGCGAAGGTGCCCGTTCCTCCGATACGTGCTACGTGGTAGCGTTCCTTCGTCAACCGGGTGTAGCAAATAACTGAATACTAGATCAAGGCCGAGTGAGTCGCGACGAAATCTTGGGATAATTATTCGGTCAGATGATATAGTCCTGCCACATTGGCGATACACTGGGACAGTTTTCTCGGGCACTCAG,1908,51.05,Arabidopsis thaliana
SEQ_665455,GATCTCCACCACTAAAATGGAAAGTTCACAGCGGGCACAGGGCGACAGATGACTGGTCGCAGCAAGGATTGAGGGACGAGAGAGAAGTACACCGAGTTCGAAGTGTTTCAATTCGCGGTGGGTATCTCCGGAGCTTGGGAGGATTTATTGGTGGCCAGTATTCTGGTGGGTCCGGTGTTAAGGAGCGACTCCCAATTGAATCTTAACCTCCACAACGGTGTCTCGTCGGTAAACTTTTCCGCATAGACTTGCGTTACACTGACCTGGCTCTGCCATATCCATGGGCCTCCACATGTTCAATCCGGCCAGAGAGAACCGCTAGGCAAAAGTTTCCCCCAGAGCCAGGCAAAGTTGACACTTTGGGGGGTGACGGCTTACATGGGTGGTTGTGACCGGGGTAACAATTCCAAATCGGGCGGTTTACGCAAGCGCAGTCAGGATCGACAAACCTAAAAGGATTCTGCAACGATTACGAGTCCAACGGGGATTTGTGATAGTACTAACTATGAGTGATTGTGCGATTATGCGAACAGCTGGTCGAAGGGCCGGCGTGCGCAAGGACAGCAGGGGTACACTTTTTGGCGCAGGGAACCATAATTTCGAAGGTACCTGGGCGGTAGATGCCCGGCACCCTTCTTGGGCCTGGCAGTTCTCAGGATTTTGCTGGACGCACCTACATCGATGGGCATGATCGGGTCTGCGGCCTGATAAATTCATCCTTTTAAATTCGACATTCCAAATCGAGTGTGCGGGCCAGGCGGCGAGAGCAAATCAGGTTTTTTGGTCTTGACCGCTAGAGGCGATGGTCCCTATCAAAAATGTCCCAGAGAAGCGGGGAGGCCGGTGTTGGCTCGCGACAACTCTAGGAGCTGCCTATACACGATCTCAATTTGAAGCCTGACCCTTGGAGATGAGCTTGTGTGCCGTGAAATTTGACCCCCGCTTCGGATCGCAGTGGGCTTCCATTGGGCCGAGCCAGCATCCATTAACGAGCGCTAAAAGCGGACGTTTAAAATCCCTAAACTCTTCTCCCTTCGCTGGGTGACCATCATGTATCTATATGCTAAGGTATGCCTGAATGACGGTCAGCGTAGGCTGAAGAACCTCACTGGAGTAGTGACCTAGGTAGCATATGCCGGGGTTTCGACGGCCGACATAGTCAGACCAGTCGCATTGTGCAGTTAACACTTTTAGGGATTTGAGGACTTCCCGGCCATGATGATCCACGGACAGGGTCTGCATAGTTCATGAACGCTATCGTTGGGAGCGGAATGCATAAGGGGGACAAGCTGGGGCGCAGCGAGTCGCTCATCTGACACGGGTACTTCTTTCAGGGGTCAGAATTCGATGATAATTAATCGATGCCCGTGCCTGACCTCCCCTGGTTCCTGCCGCACCGATCGTGCTGGCGAGCTTAATGATGTTAATCTTATGAATCCAACTATG,1446,52.49,Saccharomyces cerevisiae
SEQ_665494,ATCGCGACCTACGTGTGTAAGAAAGACATATCTACACGCTTATAAGTTAGCCCAAAGGTATCCGCAAACGGCAATACACAATCCCCTGCGGATACCGACTGCGACACTTTCGACGTTGACCAACACCAGATGGAAATCCTAGCTTTCACTCGAGATAGTCCGCCGAACTCGGCGTGATGGACAAGTCCACGCACATTGTGCGAAAAGTTTTCACGCGGCTAAAGATCCATCTCGACCCCATTCACACGATCGACACAGCTAGGCCCAATAGCGGCGCAGCATTCACCAGCCTTTAACGATACACGAGAGGCATGCCGTAACTACGCGCTGTCACGAGGGATGAGTGGGTAGTCAAAATCGGGTGTCACGCCTTTGACTCCTAAATGGGAGACCGTAAAGGCCAGTGTGAGTGAGCTTTACGCTATCATTAACCTCGCCCTCCGCTGAAGGATGGTATCGGATTGTCCCCATGCCCGAGCAGACAGGATATTCCTAACCTCTTATAGCACACGGCGCAGTAAGAAGGCCCTTGGACGCCACAAATTCCCTAGACTTGCTATTTGCTGCTCTCCAACTTGTCCACGGTTCCGTCGTG,595,51.93,Caenorhabditis elegans
SEQ_501678,TTGGTTGGAGAGGTATAAGGGAATTGAAAACTAGAAAACGCATTAAGAATCCGGAATCAGATTACGATTTTATTATACACTCAATAAGGCTTTCGGCAACAACGGCACCAAAGGCACAGTCTTCGGTTAAATCGGGTTGTAGGTACAAAGGCGCGGGCGGCTCATGTACAAATGGGAGAGGTTTACTGCGGACTTGAGTATGGGCCACTAACTTGGGTCACAAGGCCCAAAAGGTTTACTTAGCGCATCTGCGCGTTTGTGTTTACCATTTGATCCAGTTGTGTCTCCCGCCAATTTGCCTAGCCGAGACATAGTAAGTCGCACGGACCATCTCTGCCTTCCATCATTTGCATCTAGCTGAACATTTTCTACTGTAATGGCCTGCACACCTGCCGGTCTTGCGATCGGGGGATACATCGTTCTTATCTCAATTGCGGCAGACTGCCCGGAGCTCGGATCGTATACGCCCGCGTGATCCTACCCCCATGCCTAAGCGTCTGCGTTGGTGTGGTTTAATGCGGGTCCGCGACATGAACACGAGCAGTAAGTGTCGAATAGCTGATTCATTACTATCAAGGATTCGGTGACTTATAACTGACTTGATCAGTCCGAGCAGGAGCGACGGAATTCAAGCGTACGGAATCATTCGACAAACGTTACATATTCCAAAGTGTGATGACATAGAGTCAACACCCCATGCAGCACAGTGGTTATATGGGGGGATGCTATGCTTGCATCATCACTAGCCGAGAATGAGGGATCGACCCGACGATACGAGCTATATGGCGACCCTAAATGGGTGATTGGTTAGTCATTACTGTTATAATAGCTTCCTAGGCCAGCCGTTACTATTCACCTCTACTTTGCTGATGTAATTCCAGTTACAACAGAGAAATAATAATCCACCTACTGCAGGCTTCGGTTTGTCACACGCGACCGGTATTCGGATCGGATTAAGTTTAGCTCACACTCTCCAGCGCTGTTCCCTCCAATCGCGCTCATCAGACCCGTCGTCTCAAGTAGCTCATTACTGACCAAGGTGTGCTTAACTCGCAATGCGCTCATCCCCTACTACCGGTTTCACCCGTGGATCAGGTTTCTCAGACTAATTAAGTGAGCAGCTAAGCTCTCACTATAAGAATATTGGCTGAAAAAAGGGACCTTAACTTCTTCGTCGAGTAAGGAGGTGGTCAGTTTACGTACCCCGTCATTATCTCCCCCGATCCACAGTCCACTGGTTACCTGGAATCGCCACCTAATAGAGGGCATCGTAGTGGCCACATGCGAATTAAACATTTGAGCATCGAGCGTGA,1313,48.13,Drosophila melanogaster
SEQ_925775,GAGCCACCGCCGACCCGCAAATTGATCCAGATTCGTGCATTTCTGCCAAGCTAACCTGTTAGCACTCAGTTGCGTAGACCGATGCACAATCGGTCTACTGTTTGAAATGAGCGTATTTCACAAACAGTGCATAGCGTGTTGTTCAACGGTCGGATTTCCATAAGGGCCCGTTAGTACGGCAGCTGAAGTCATAGTAGCGTAGATCATGCGCCGTAGCGCCGGCCACACGACGCTGTAGTAAAGGGAAAGCCCATTTGCGATGGCGACTATCCCATATCGAGAAGAATTGACGGCAACCACTCCTCTACGTTTCTCACCATAACTACGACAGTTCTACAATCTCAACGCCGGTGGCCCAAAATGAGGAGACAGGGGACTTGTGTAGTCTCCGAGTAGGTTTTTCTTGGGGGGAACGGCCGCGGATCCTTCTTGAAAGGGACACGTTCACGGTAGCGAGCTTACTACGTCCAACTTCGCGTTGTGGGGACTACAACCGAGTGGGAGGGTACCGTTCTAAGACATGACTCAATTGTTCCACTCAGAGCAACGGCATGTCGAGCCCACATCCCGCAGGACACTGATACGACGTAGCTACTACTATTGACGCCGACTTTTACTTAATGGCTCGGTGAACCGGGCACATTATTTGAGCTACAAGACCAATGCAGGCCAAAACTTATGCGGGGAGATTATAGCTACGATCATGGGGTAGAGAAGCACTAATTATGACGTGAACTTACTCAGCTGCATCCAAACTACCACTGCAACGCTAGAGCCGTATGTCTCCCAAGTCTACGTTGTACTGCGTGTGTACGGTACGACAGACCGGCAGTCAGCGCACAATTAGTCTACTAACGCGCCTCAACTTGGTTCCTAGGAAAAAAAGAAGTGCGGACCGGGTTAGTCTTCAGGCCCGCCACCTGGAGGATATAAACTTGTACTGCTTGGAAAAGTTAGTATGACCGAATGGCAGTCGTCATATCCGGCACTTTTGAGAATAACACCATTTCGGCAGGTCCGAGGATACCGGTGATCCAATATACCCTCCTCCTGGCACAAGTTAAAGATTCTTCCATCAAGCGCGTATGATCTTCACCGTTCCATCTAAGTCTGGGCGATTTGGACTACCCGAGGGTGTTGCGTTCGAACGTCACAGAACGTTGCGGTACGTTTTGGGCTCCTTCCTATAATGCTAGTCAGACTTTGATGTTCTTTCTCCTGTTCTAAGAAACACTGAAATTCCTGCAGTACTTAAGGCCAAGCCGCTTCACCCTGGGTG,1279,50.12,Drosophila melanogaster
SEQ_661123,CGCTGTACTATTAGGTGTAAGACTTTCTTCGCCTGTCTTCCCTACCGGGTGTCATTTGTGGCCTCACTAGGTCTAACGCAACAAATCCCTTACACAGAAGGTAATCGATTGATAGGATGAGCAGATGTGGCCTAAGATTTGATGATGAGTTTCAGGCGTTGCCGGATACCGAGCCAACGCTAGGTCCAGAGGGGGAGAGCTTTTAATAACTCTAAACAGAGTGGAGACATTTCTCAAAGAAGGGTTTCTAGACGTAGAGCTGACTCGTGATCCCGTGAGCCAGGATGGCTAGGTACGCCTTTCTGTCATCGCGAACAACCCTATGTGCAAGTGTCAGTTTTTCTGCTCGCATCGCACGCTCGGGGGGGTCACCTTTGAGCATGAACAATCTTCGATAGATCATCCTGTATGGGTTTTCGTCACATGTCCGCCATCGGTGGTATTTCGCCCAGGGAAGACGCACCGCACACACTGGGAGCCCTCATGTAGTATAATTAGCAGAGGTCCAATGACATCGGGAGTGACTACGAAGGTTTAGTAAAGGTTTCCGCCCAATAAGTACGGAGGAACGAACCATAAATTCCTGGCCCCGCTAATTGCACCCTCGCGCCTATTGGCAGTGCGGATGCTGCAAGATTCGCATACTCGATCTATTAGACAACAAGGTATTGTATGCGAAGTGTGACCTTATCAAAGTCACGACACCACTAGGCTATATTTATATTCAAGTTCGCCACTCTGTATCACACCTCAGGCCCGCTTCTGTGTTACTCCAGAGAAAACTTTTTCGCTTAGCGGCTATACAGCATGCTCTACCGCTTGCCCCGCCTAACACAGTACCCCTGTAACCTGCGCGACGTAATCCTCAATAACCACAAGAAGAAGCCTTTGATGGGCGTGAAAGCTAAGTTAAACATCGGTTAGAGGTCCATGGTAAGGGGAGCCTGATGTATCGGGTTTTTATCCCTAATTTTAGAAGTGGGGCAGTCCGCCACCCCTGATAGCGACACCACGCAGACCTGCCTGAGCGTGAAACACATGCGCTCCATTGCGCAACGCGGAGAAGCAGTTTAGACCACCAGATGCTAAGGGTAGAGTGCGTATACCTCTCTAGTGCCTGTCACACCTCTGTGTATTAATCACGAATTTAGTTGTGGGCCCTTAGTCACGCCAAGCTGAGGATCCCTGGCCGGTTATGGGGCACGTTATAGGGTCAGCAATAAGAAGGCTATACGGTGAAAACGGTAGATTACGATTACTCAGGGGTTATTTAAAGCGGTTCTGGCAAAAAAAAGCAATTAGTTATAAAGCTCAATCCCCACCAAGGGATCGCTTCTGCCTCTAATCTCCTCCTGTAAACGCCCTTGCCAACGACCGTCATGGTAGAGCGGCGAACCTCGAATTGCCCGGGTGCTCCTCGATATCCTGGCTTTGAATATCGGACTACGAGTCGAAATAATACGCCCAGTAAGCGGCCATGTGATGAATCTAAGCTTTCTTGATGATACAGTGCAGTGATTAGTCTGTGGCGTTTCCCGCATGGTTGACTAA,1551,49.26,Drosophila melanogaster
SEQ_680683,TATTGTTTGCATATCCTCCCATGGAGCAGTATATAGAGCGACAGCTACCCAAGGGTAGTCTCCCTTCGGACCGAGTTTACTAATCTGAAAGCGAATCTCATCACGTATAAAGATAGCATAGTATCGCGACCAGAAACTGCACCGACAGTTTTCCCAAACACAGCTACCGACTCCCTCTTTTGACACCCGCATGGTAATGCTCCGAACTATGAAAGGCCGCATACTGAGTCAGCTAATGGCGGACTGTAACCCATGAACCGGACGGGAAAGCCCTACGACCGTAATGCAGACGTATAGGCCCAACCTGGGTCAGTAAATTACTGACATAGATAGGTGAGAAGCTGTGAGGGCGAACCACTACACGCAGGTCAGTTTCGCTTGTACTGACCGTATTACTCGTGCGTCGGACCGCCCTTCTATTCCCCTGTTGGAACGTTGGCGTTGCATGCTGATACGGGAATGAGGTTTTTGATGTTCTGATTAGCGTTTCTTTATGGGGAACGCCGCAGCGTGAGATTACTTGTTAACCATATTATTGTGATGCCTCGTACATCCGAAGGAGGTTTGCTAGTTGAGCGAGTAGCATTGGCCTGGACCAGAACTGACGTGTATCCTATTAAAAGATCTATGACCCGACCGACTAGTCGTCCTGTCGCAGGGTCAAAAAACCATCGCCCTCGGGGCTCTAGGGTGCACCCAAACTTGGAGTGAGGAGGCTCATGTACTCATTTCTTCCGAGGTCGGAGTTGGGGATAAGTTCCGAACTAGTTTCCGTCCGAGAAATGCGCCGTGTGGACCATTCGCGTGTCGTGGGTAAGGCGATCCGCCGGAGCTTTAGTATTGCTCGTGGCGAACACGTGAACACACCCTGGGGAAGAAATTTCAGTCAGGGATTCTAAGCACGACTTCAGTATCGATTCTATTAATCATTGTCGGGATTTATAAACAGTTTCAATGTAAATGCTGTGGAGCGGCAGTCAATCCATGAGCAGACAGGAGTATGGGGTGGCACTCCGTTCTGACAGTCGAGTATACTCATACCTGGGATTAGACGACTCTGGCTTAAGTGTCTCTCATCGCATTTATTTGAAGTTGAATTTGGCCGGTAAGTGCGCTACGACCTTGTTAGCAGAGACACTTATTGCGTATTCCCTCCATATTGCGTCTTGCAACGACCGCTGTGGACCTTTCATGCTGAGCGGAACCAGGAAGCCACAAATGACAGCCTACCCGCGATATATCAGCTGCTTGATAGAGCTGGTTGTTGTAGCGGTCATCCTGTTCCTAGCCCTACATGTTGATCTATTGGGATAGTCAAGTCCATATCAGGGTACTCCCGGGTCACCTAGGTTACGCTGAGAGCGTCGGCCCAAACTCTCCCCCAGCAAGTTGGTTAGTGATATACCTGAACTACTCATGGCCGGACTTGTAGCTAGATCATTATCGTTAAGTGGTACAGCCAAAAGTGTCAGTCCAGGCATGCATTGGCTGCCCGCCCTGTCATGGTGACCGGGGACCATTGATGCGTTTTTGCGAGTTTAACTTAGGTCCCAGCGCATAATTCACAGCGAGCTAAAGACGACCGACCCTCACACCGCTGGTGTTCCTTCA,1611,49.91,Arabidopsis thaliana
SEQ_976763,AAAGCGCAGCCTTGTTGGGGCTCAAACCAGGCGGCTTAAGCCATCCCATAGTTTGTAATGTTTTTTCCCCGCTCAGGTATAGAATGGGACGATCTCTCCTTGTCCGCGGGGAGGTATTGCCTCATACGTCGGTATAACGGGCCCATAGTTCGGTTCACGCATTTACCACGTGGCTACAGAATCCATATGAATATATATAATTTGGCATAAAGAAGACAGCGGCTAAATTTACAGTAAGTCAGATTTGTTACATGGGAGATGCCCAGACTAGCGAGCGACCAATGGCACTTCTTCATGTTGAATTTGTGCGTGTCTTATCCTCGGGAGGGAAATTGAGCTAGGTATGATGATGCAGCCTGTTTGACGGAGAAGGACATCGGTATGTGACCAAATTCAGACGATTACTATGGCACCCAAGCCACACTTCTGTGCGGATGTTTATAACAAAATTGAACGCTTCATGGGCAGAAAAGCTCGTATGGCAGACCGGCGGACTTCGAAGCACATAAACTAAGGCAGCGACCGGTCCTCTGTATGTGGCAGGCTGTGGGGATCAAATTCTTCAGTTGAAGATGACGCCACGAACAAACATCGCAGCGGACGCTGCTAAGCTTTGCACGTATAAAATGTATTGACTCTGGGGGCAAGCTTATCTCCATCCGTGCACTTAAGCAGTGGTATTAGTCAACAGTATTCTGGTATATATTGAGGGACGAAAATTCACTTTCGCGCGTGAACAGCGACGTTCAGGTGATGGTCTTTCAAGTATATATCCAGCTGATCTCACGCAGAGCCCAATGGTCCCGGGTGTCCCTGAATCTGGAGTCCACTCATGCAGTAGGTCCCTGTCCGGTATCAGTCCAGCGCACAGACGCTGGTGACGTACACTGTTCCGGGGTATATATTTAGCTGCGTCTGTCTCATACCTGGAACAATAGTATAGTCTTA,948,48.0,Escherichia coli
SEQ_512043,GAAGCTGTTGCAAAATAGAAGATGGTTATTCCCTCGTCCTACTGATCAGACCCCGAGACGTTAGAACCCTGCTGCAGAGGGTATTGCGGAGCGCTTACGACTCTCGTCCTAACACCCAACTGTGTTACCGGACATGTAACCTCAAGACGTGTCAGGAACTACTAGCCGGCGTGATTCGAGTCCCCGTGAGGCAAGTTAACTAGCTCGAGGGTCTGGTATGCTAGGGCTGTGCCTAAGCCCGCCCGGAATTACGAGAGACGACCGAATTCAGCTTAAATGCTTGGACAGTACTGATCGTAGTAGACAACTCAATCCACCTGACCCGACCGGCTTTGCATGACACGTGAACAATTTTTGCGGATTGGAGGATTGGTGGTGATCTCGCATATGTAGATATGGAAACTGACTAGTAAGCTTACACGCCGCGTCAACGGGATGGGACGCACGGTACTCCCGTGATCGCACTCGCGTAAGGTATGTTGAGTCTAGTGACCGCCCTTAGAAGAATCGGCGCAGTGGACCAAGCCTCCAAGAAAAGGAGCGCTTCGACAAGTGTCAGCGGTGTCGAGCTGAGGTCCGGGAAGAACCCTGAAGCGCCCCCCATACGTTACGAACCGCACCACGCAGATTGCTCGCGATTTGGGGTCCCCAACGGACAAAACATTGCAGAGGCAACATAGGTAAACACTCGTCTTTCCACTTGGTTTATGTGTACACATGGAACGAAATCCACAGTGCAGAGCTTCTTACTCGAACGTGTGTTACTGTCACTCTCGCTAACAGAAGTAATAATTACGCGATAAGAATTCCACCGTCTACCCAGAATCCGTCTCCGAGACTAATCGAGGTGGAGTCTGTATTGCGGGCCGGGCCGAGCTACACGCAAACAGAATTCTAGCGACCGAAAATGTGACCCTCCCCAAGCCATAAGAATGTTGAAGGTGCACCGACGTGACGGTACCAAAATGTAGGATACGTTAACAGTGGCAATTAAAAGAGTCCTCCGTACAATCCTCCTGTCTAGTGTCTGCCCACGGTCAGAGGACCACAACATCTTGCTCCACCCGGCTGTGGTTCTCCGTGTGCCAATTTCCGTTGCCTCCCTGAGAAATTTTACACTGTGTGTATGTTCCCCCCGCCGCCGAACGATGAGACCAAAGCCGTAAAGGAAAATTCTCGAGATACCTTAATCTCACAGGTAGCGCTCTTCTTGCGTAAAGACTAGTCAGGATCTGAAGAGTATACCTACATTTCAGGCATTTCCACGAT,1269,51.06,Caenorhabditis elegans
SEQ_144031,GAGCGAATGAATTATGGCAACGCAAATAGCAACATCATCGGAAGGTCTTGCGGAGAACCACTCAGACGAATTGTATCAACGGGTGGTAGGGAGCCGCCGCCACGAGCTGGGGTAATAACTGGGTTTCGCCCCCGTTGGGTACATTACCGATATTAACAATAAAAATCGGTATAAGACAAGCTACCGTTGTTTAGGCGGGATATGGGACGGACTAGGTCGAATATATGGCTACAGCGATGCCTGGGATGTAGGATTGAAGTATTTGTCCTTCTTATGGATAAACTGCCGCATCCCGCTACAACGTTGTC,308,48.38,Escherichia coli
SEQ_429293,ATGTCGTCTTGCCGCTTGCATGCTGAAAGAATGGTACTGAATTTTAGAAGCTTCTTGCGGTTTGCCGCACCATCAACGCAGCCCCTCATAAGACGGCAGCTCAAGTTTGGAGCCATCGGATGGTTCATTAAGGCCACCTTGCTAGACGTGCACGACCTATTTATCCGTCCTAGATCTTTAGACTTGGCATTAAATGCGAGGGGCATCCTATGACCTCACCGTCCAAGGTACACCAGAAATTCAGTCGAGGGCTACCGTAGGCGTAGATGTGAAGGTGTCCACAGAAGGCAAACCCACTAAATGGAGGGTAACTCACTCAGTCTCCTATCGCCTGTCTTTCACGCCCTGCGAGCTCGACGTTCTTGAACCAGAGACGGCTTCGAGTGTTCCTTCGTGATGAGCGTTTCGAAGTCACTTTCATCAGCAATAGTACTCTTCAGAGTTTAGGCGTCTGTATGTTACCTTAAAGAGAATCGCGCAGGTGTAGCGTTATTGCAAGGACTTAGATTCGGGAGATACCATTGGATTCTTTCCTTAATTCTGTTATACAATACAAGGAACCCGAAGTAGTGGGACATAATAATAGTAGGCAGACAGTTCTTATAAGGTATAGGAGCTGGGCCGAGGAATCATTTTCTCCGGTGCGGAAGCCCGGTCAACTAGCGAGTTTCAACTCTGAACTCTCCGTTGCTTTAGAACGGATGCGATTCGGTATTATGACACGTCCGGAACGGAATCAGTAGCAACGTGCTTCTTGATAATTGAAAGGAGTAGCATCTTGTACTGCGGAGATGGAGCAGCACGCCATGTCACAGGAGATCCTTGTCTTGTAGGTAAGCAATGCTTTTTATGTCGTTCCGCTCCCTGGCGCCCTATTCCTCCCAGTCCCAAAACGGAGCGATTTGAACCCTAAGCGCAGCCCTATGACTATCAACAGATTTACAGGCGCCTACGGGCTAGCTCGGAATAGGGTACGTACTTCGTTGTAGCGACGGGTTTTTCGTGCGGAGTAATGACGCTGATTCGTGTTGACTTAGGGCTTTCAAATCATGGTGGTTTAGGCGAGCCCAAGTTCCTCAAGGTGTAATGTACGAAGTTCACGGTAGTTTGGTTGAGACTCGAACGACTAAACGGGATAGGAGAGTGAAGGATTCGTATAGGAGGAGCACCGTAGTTAGTAAAAGGCCGGTCGAAGTACATGTTGCGACGCGCGTTGCTTCACAAACGGCTTAGCTGGCCTGGCGCGCGAGCGGGCCCCATATATTGCGGGTGCTCTGTCAATTGGATCTACCGTGGGCGACCTTGAAGATATGGGAGCCCTGATAGCTAGGTCAAATTCTAGGAGAGACTGGCCGTCCTACTCAATAGCCTTTAACCGACACGTGCCGGACTTTTTATAATTAAACGCAGTCCTATCTATATGTCTATGGCGGCCTAGCGTATTAATGCGTACTTTGAGAACCCTGGCCTGATACATCAGTTTCAGTCAGTAGAAGCGCGATCCCGCGGGTAGTCAAGGTCGGCCAGGACGAGCTCATATCTGGGTCGCCGCGTTTCTGATCTCAATACCGACGTCGGTTGCGAGTGGAGTGGGAAAATGATCGCTCATCAGCTTTGCACCTGGGTGCTTAACCGACAAGCCTGCGGCCATACCGTATCGCGACACTCTAGAGTCTGTAAGAGGCTCCATCTATCAACGCTTAGCTATGCGTAACAGCCGCGCATACGGACGCTTGTGACCTTCCCAGGTAGATAAGTCTATTGGGGGTGATAGAATTTTCGCCTACCCAGTAGTGGACCCCCCTCGATTCTCTGAATATAGAAAATCTAAACTGAGGCCCGAGCTATGGCAGCTAGACATCTATGGGGATGCGATGGTT,1880,49.89,Caenorhabditis elegans
SEQ_230606,ATCTATGTCCCCCAACGATATTTGTAGTCGTAGGTACCAACCTAACGGGTACCAGTAGGTGCATAGACTAAGGTTGAGTGTACTACCCCAATGGAATGCCACTACTCAATTAAACAGCCAACCATCCCCGGCGCAGACCAGGAGTTAATAGGTGTGTGTAAGTCTAGATAAGTTCGTTCTAGGCGAAATCAAGTCTCTGGGGCCTTCAGCTATGTCCGCCACCTGAGTCTAGTTATTTCACTAAAATCAGCAAATTGTTCGTGCGGGTAATGCTCCCGGCGCGGTAATCACCACACAGGTGGCCCCTTGGACGGTATGTCGTGCGTTAGGGGGTCTAAGCCACCTTAGGAGACCTTCGAATGCCCACATTTTAGAGTTCTCGTATACGGTCTTTCAATAGCATCACACTGAATGCGCAGAAACTTACTCCGACCCTTACCCTACTTTTGCTGGTGGTGATATCAGGAACACTAAGGCAAGGCTAAGGGTGATCTATTCGCGGACTACTCGTTAGTCCCGGCCAGGCATCGCGCAGAGACGCTAACGTGTTAGTATTTTAGTTGTTCCAGAAACCCCCGAGATAACACAGATTAGTTGTCACTTAAACAGCCAGAATGTTCGGAAAGTGGACAAACATGACGCGTGTAGTGATGGAACTAAACATAAGGCTTCCGGAAGCACTGAAGGGACCTGCCCCGCAAGAGAGTACTTGTTAGGGGA,720,48.75,Caenorhabditis elegans
SEQ_346795,CTACATTTATCCTCTAGAAAGTATGCACGTCACAGCCGCAAAACGGTGAAGCGGGTTCCTATATGAGTTTCTCTAGTGCGATTAGGAAGTCTACCAACATACTACTAACAATCACTAATACCTCCAAGGCGCCGTCAGCAGTATCGAAAGGCAAAGAGAACCATTGGTTGGTGTGCAGAATGGGCGCGGACAACAGATCAACGAATAGAACTAAGCTCTTCACCTATCCGATGAATTCTAAGATGACGATCTCGGGGCAACGTAAAGCAGAGACTCCCAGGCTAACGTTAAACCATTGGGTCGTGTGAGATCTAAGAAGTGGGACGTTATCCTCGGTGATTCATATCATTAGGGCCATGTTTATCTGGCCGTTGCACCTGTGGAAGATGGAATACCTCACTTACCGTTGCAGATATGTCGCTTGAATTCCACCGTTCTAAGCTCGTAATAAGGTGAGGAAATTCCCCAGTTATGAGCCTAGGCCTGACGCGTAACCGTCTCGGCCTTCGCAAGCGTCCGTCTCTGTCGAAGGTCTTTACGTCGTTGCCGCGGCTCTTAGCCGGTAACCGCAGCGCTTTAAGTTCACTCAGCTCAGTGCCTTCTATCTAGGAGAGTGGATTGCCGGCTAAGCGATAATATTACTGTGCGTGGCGCACAGGATCAACCAACTAGAGCCACCGTCCAATCCATTTTATACCCTGAACTTCGAGCCGAACCGCCACCCGAACCGTCAACGCTCGCAGTACCCTGAACTGTCTTGATTCGTCCGCACCGACGCTCAGCCCGCTGTCTACCCGATG,800,50.38,Homo sapiens
SEQ_802964,ATTCAAGCAGATATCGCTATGCTACCCCATGATCTGTCCGACCTGTCGTCCGGTTGCGCAGGTACTAGCGCTCCGACGGGCCCCTCAAGACGTGCCGGTAGTGGCGCCCGTCCTGGCCAGGCGATTATCGAAGACTTAAGATAAATGTACCGCTTCAACGCACATTGACAAGCGCCTACGACCGGGGATGCGTAGGGATACCATCTTGCTCAATCCTGATTCTAAACCGGTGTGGTTGACAAGCATCCCTTTAGCCTATTACTATCGCTGACATGGGATTGCTCGGGGTGATGATACTGACGTTGCTTGCATCGTCGGGAGAGTTGCGTCGCACAAATCCTGGCACGCTGGTCTCTACACCCGGACTGAGATTGATTTTTTGAGCGTAGCTCGCCCATTAGGTGGCCCCTTTCCGACGCGATTACGGAGGAGTGCTTTATCTCTGTTGAGTAGCTCATTCTCATTTAAGGACCATGGCGCGGTAATCACTGTTCAATAGGCCTCTAGGGTAGGTACTTTCACGATCGCTGTGGATGCAATTATGCGTTAAATAAGTTCAAATACGGAAAAGTTGATCCGGTCGTCCTTGAACATCTAAGCGGGCTACTCCCAACTCACCCTGAGACTCAGGCGGCAAGCCGGAAAAGCATAGAGTTTTGGCGTCTAAGGCCTGCGGCCTTTAGCGTCTTGTCAGCGATGGGGGTTGCGACGGATTGACTTAAAACACGAAGTCAAACGCATATCAGATGAACTTTGTGGAGAGAGAAGTTTAGGTGCTCGGTTTGGTAGTATCGTTGTTTCGTCATCTAGGTCGCACCATACGTTTCACACACGTCTTGCTAGTGCATCTACGGAGAGTTTCGGCAATTGAGGTGATGCACAACCAGGTACTAGTGTTCGACTAACCTCCACACTCCCATAGTAGACCTAATGTGGATACCGCGGAACTTGCCCTGGATCCAAACACTGTGCTAATCAGTGAGCCTTCGACACTACCACACGTTAGAGGGCCTACATCATCTAAAGGGTCCATGGTGCTCTCCATGATTTCGCGCGTTTCATAAGAATGCCGGGTAACTGACAATTGTGATGTGGATAGTTGAACATTGGGCAACTTTGGCTTAGGATGGTCAACGTAGTTCACAAGGATTCATGTTTACTCAACTTTTCCTACCCTATTATAATTGCTTTCCTCCTGTTTAAGACCTCTTTCTCCATTGGGAAGTTGTGTCGTATTCCTGTGATGAGTCTTGCATCTAACCTGTGTGCAAGGTCCTGA,1279,49.34,Escherichia coli
SEQ_164560,AGTTTACTCTAGTCTGCACGTGGAATATGAGTGCTTCGGGCATCCTCGGTTAGATAGCCACATATTGTATTCCTTCGTGGCTATAAGGCGACTAACTGTCTATGAGAGAAGCGGTGGTGCTGGGACTTAACTGTGAATCTTCTGACGGCGGGAGGTAGGATGGGTGATATCTCTATAATGCTAAAGGGGAGGAAGAGCTAGAGCAACAACCCTTCCGCGCCTGCGAAGTTTCCCGCCCTTGTCAATGGAACGACCGAACTAGATAATGGATATTCACCTCCTTGCAAGAACAATGGGATACTTCTTTTCGCGCGGTGGGTTCGCAAATGTTTTGCACTCTTCGCGTTCGGGGCGTCTAATCCATCACTAGGCCGTTGCCATCGTAAATTACGATAACCTGTTTCGCGTATTAACACCAGTTCTAAAACCGGCGCTCTAAGAGTAGGTGGACCTTTCACCTTCGACTCGGTATTGGATGCTACTTTGCCCCGTTTTGGAAGAACATCTCTCCCAGTTGTGCTGAATTGCATGCACCATAGTAAGGTGCTCGTTAGAAACAATCGTCCGTTAATTGCTATGTTCGTAAGGGGCTCACATCTCCACCAAACGCGTCTGAGCTTCATCGCT,627,48.48,Escherichia coli
SEQ_961815,ATCATTGTACGGGACTACGTACATGATCCGTAAGCAACGTAAGCAGCTTGACACGCTTCCAAATACACTCAGTCCGACGAGGAGCTCACGAGAGGTCCAGGTCCGCGACA,110,52.73,Caenorhabditis elegans
SEQ_360214,GTGATGTCCCCAATTATGGCGCCAGTTATGTTTAGCTCGAGACTGAGCCTTATTCCCTTAGATCCGATAGATGGAGTATAACGCGATAATGAGGGTTCACCAGAGAGAATTGACGGCTGGTCCGTCGATGACGGCCTCGAGTATTAAACCGTTTACAATGTCCTCATGAAAGGACGATGTGGATATACAGACAGGCAATGAGTATCTTCATGGTAATGTATCCTCAGTAGAACTTCCAAGCATTCTCGGCTCTAGTAAGGTGCCATGGGTTGCTGATACCATGCTGAGGGTCACAAATTGTATGGGCGTAAGAATGTTGCTAACT,325,45.85,Drosophila melanogaster
SEQ_253250,CGCCGGGCGTGTTTCGGAAGTGGAGAAGAAGGGGAATTGTAGGTGTAAAAGGACCTTGACCACGCCCGGCTTCGCCCTACTACCTTGTGTTACGATTGGGAAGCAAATCCCACGCATCTCGGTCTCAAGAACTGCCGCTATCTACACTAATAGTCAATCGACCCTTATAGAATGCCCAATTTATGGTTAGAGCGCGACCAGTTTCTCCTCAAAGAGGAGCGGAATATATCATCGCCAGTATCTGAAACGGGGGTTATGTACAGGATAGTAGTCAACGTATGGCCGACTCATTTCCCAGGCACCCCGCGTATCAACCATCGCCATTGGAGCTTGGTATTTATCCGGCCCGTACTGGTGCGCCTTTATTGCGCACAATACGATCGTCGTGGTCGCACGTCATTTGGGATCGTGTACTGCTACTGTGTATCAGCGTACCTCCCAAAAAATGATGCTCACTCAGGTATTCAAGTAGTTTTGGCGCCTGCTAGCGTCTCGCGAAATTTCGTTGCGTTTCCCCAAGAACTCAGTGAGTCCCCCATAGAACTAAGACTAACTCCGCCACACGGACACCGTCAGGAGCGATATGTTACTGTTGACGTTTACAGGAACGCGATTCTATGTATTTAAATTTCCCGCCACATTTCAGTGGATGTATAGGGAAACGAACCTCCTACAATATGGTGCATACGTGTTGTTAATGTTTGTACTACTTGCGTCGCCCCACTTTAGTATGCCAGTCATTTGACCAGGATCCTTTCGGGCTTTGCATCCGCAAAAGAGCCAAAGCTCTATTCTCCCTAGATACGGGTTATGTAGCACTTCAGGCACCCGATGCCCATGTTAGGCTAGGAAGCCACCCCGGTTAGACAATGTTAGACGATCTACAATTCCCGTCAGGCATTTTCCTTGTATTGCTGTGGACCGTGTTACTCCCCGGACGGTAAGTATAGTAGCCGGATCCTGAGAGCACCCATCACACATAAGTTTGCGCACTGGCCTAAATGGTGAGAAGAGAAAGTAGCGACAAGCCTATGTTGAGGTTACACGCCTGATGGGAATTCTTGAAGTGCCGCGTGATATTGCTGGGTAACGCGAGCCGAGAATCGCAACATAGTTGAAAACAGAACACGTGGCTATAGGTTTTAATCTCGTATCCAGTAATTGTCTGTTTTACGCTGAAGAACTCTACGGTCTTCGGCGCCGTGACAGGATAGGCTCTCTCTTTTCACAGTTTTCCAAGCTAGCTCTTTTGCGTTC,1257,48.77,Mus musculus
SEQ_487059,ACGTTGTAGTAATGTAAGGCATCTAAAAATCCGCAGCGGTCTTTGAGAGACGTACCCCCAGCCGACGTATTTATTTTTAGTCATTGAGTCGGCCACACAATCGGGAAGCGAATTCTCTCACGCATTAGGCTCCACCATGCCCTATACGCACTCTTTGAGGGGTTCACGCTCTGCTTCCATAGATTCGATGCATGTTTACAACATCGCGCAATCTTTAGACTGAGACCTACTACTTAGCCCTCTTCCGCTGTGATGCTATCACGCAGGTCGTTTTCCTCCAGTCATGGGGATCGTGCCTTACTCTATAAACCCTATGTATTATAGATTGGATAAGCTCCCATCCCAGATTGCCAGTTTTGCTTGACGCCGTGGATTATCTACGGGGGCTGGCACGCTCCTCAAATGTTATTTTGCAGTTCGTGAGAATGCTAAAAGCGTAAAAAAGAGTTCCTACTAGCATTTACGGTAGGCCTGAGCACTGCTACGGGCGTAGGCGAGGGATAGCTTCACGTATCCAGGCAATTGCGCATGCGGACGCCTAAAGCCATAGTTGGTTCCTTCACGGCTGACGGTAGCGAATTGAGCGTTAACTGGAAACTGTTCGGTAGTCAGAACAATCATTGAGTTTTCGTCCCCATCTAACCGGTCTTAACCAGACCAATATGGCAATTACTAAGTAGTGCAGCTCGGGCGCAGCCTCTAGTCTATTGGAGACAGACTATAGGTATAAACTGGGGGGCTGCACATGCTCTCTTTATCCAGCCATCTTGAAGAAACCTCGGAGTATTTATACCAGGGATGGGTTTTCTTCTACGCGTTCTTTATCCAGGGGCCTCAGATTTTTCAGCAGAGCATGGGAGCTTCAGTTTCCATGCTCCAATGTCAGATGCAGTCACATTACG,902,48.0,Saccharomyces cerevisiae
SEQ_327140,GAGTCACACATGAGAGAGTAGTTTAATGATTGGCCTTGCCCCCTAAACCCTGGTTATACGCCTTTGAGCTACAAGGGAACAGGATTCTCCCGGCCATTGCCTGCACATGTTCACTTCAGCCAGGTGTAATGAATTAGGGGGCCGCAGATTGTGGGAAGCGATTTGTGTAGTAAAGACCACTGAGGGGTAGTCCACAAACAAACATGCGCAGTACCACAAACCCCGTACATCCTGTTTAAACTGCCTAAGCGCGCTCTGCCTGGAGCAGATTACGTAGTTTAAAAAGTCGTCATTTCTTGTTCGACAATACAATCATGTTGTCTCACTGTTTTCCTTTACACCATGGGGGGCCACCGTCGTTACCGTATCGGGTTCGGTTTGGACGCTCATATCAGAAGCTCACTTCACGGCCATTAGTTAGATCGTAATTTTGGGTAGACAATACGATCTGTGGTGATCGCGAGTATTCATGCACTTTAGTTAGCTGAAAGTTAAACTGGTACCCACGTCAACATGGTCACGCTGGGTAATTAGGATCGTCCCGATAAAGGTACATAGACTCAAACTTCACGGGTGTGTTGGGGAGTGCGTGGTACTTGTCTTATTGTATGTCATCTGAACAGTCTCGAAATACTATATCCTCGCATCGGTATGATTGCTTAGATGTTCGGCACGGGGTAGTTATATGACTACACAGCCCGTGATTGAGTTTTCCTCTACAGGTTTTACACCAGTACTCAAACTCCTAGGCATCACCCGGACTAGTGGATCCGATGTAGCTTTTGTTTTGGTAGGGCCAGTGTGTGCTCCATGCTACATGCTAGCTAGGGATGGAGAGTGAGACCTTGCAATATAACAACCCACGGCAATCGAGCGCATGAGATTAAGCTTGTCTGCAGACGGCGCATCCAACCCGTGCAAGAATCGTTCAGATACTTAAATTTGGCTGTTAACGAATACTGACAAGGAGTCAAACATGTAGCTTTACTGAAATAGCCGGTGGCAGACCGCGGTTCCAGGACCTACGGGGATAGTTTTCCGCAGAGTGCCGGCGCGATGTGACTTGGGTAGCATTAACAAATCGCTAGGGATGAGGCTATGGAAAATTGCGAAACCCCGTTGTCCTCTTGTCCTGGGGGATAGCCCATCTGAATCGTGAGGGCATAATCGCTGCGTAGCTTACGGCCAGTCAACCACTATAATCTCTGTCGCTCAGAGAGTCCGGTGAGTTCGAACATTCACAGGCCGATGCTGACAGCTGTCATATAGAGCTTCGCAGGTGAAGAACCGGCAGCTGGGACCATGTAGCGGGTTCGACGACGGACGCTATGCGTGAGCCTACTATAGGGGTGTGTGAACGTTGTCTAAAGAGTTAGGACCCCATATGTCACAATTTTAACTCAGGAACTGAACTAGCATCGCGCCATGACCAGCCTAATTTGGGGTGTCACGAGA,1455,48.73,Caenorhabditis elegans
SEQ_120833,GCCTGTACGCCAATATGAATGACCGTATCCGTCCACTTGGCGTCTTTGTCGCCAGTAGTTCTATGTGATCTTTCAGACTTATTTCTGTGAGAGGTATGAATCTTATTGGACGACGAAGGCGACCCTAATTGGGTCACAAATGAGTCTTAGATGTACTAGGTCGCTTGCATCTGCTAGGGGATAATTTCCAAGGTTGAAATACAGAGAACAACGCGTGGAGGCCGCGGGCCTATGAACAACACTAATTCGTGTGGGCGCGATGTGTCTTCAGGGACTTCGTTGGGTAGGGTGTGCGACTTTTGCGATAGAATCCTATACCACTAACGTAGAACAACTTGGTCAAGGTCCTCCGCATGGACTAAAGGCGTGACACGAGAATCCAGCAGGAGCGTCCGTGCATGACAAGTCATGTACTCTCGTAGACTTATACCTAGGCTACAAATGAACCGGTGGACACAACAGGTGCTGACGGGGATCCATATCTCAGACCTTTTTCCCAGCTAACGCGTTTTTGCCTTCAGCGCGTCAAAGTCTTCGCTTAGACTGCCGTTTCTCATGAACATTAAGCCTGCGAGTGAACTAATCGCATGATGGTACGTGTGTTAACAACCCTCTGTCAGACACGGGGGACGACCAGGTCCACACTCAGAAGAACCACATCAGCTACCCACGGCCGTCCACGCGTGGGGAAAAAGGGCAAAACAGGCTGACAGCCTCCGCCATGCGTTAGGTACGCAGCTGCCGACCACGGTAGAGCAGCTACTTACGGCGCAGAATTCCGCAACCGAGTTGTCTCCAATAAGGTAAGCTTGTGATGCTGTCTTATCCTAGTGGGAGCACCATTTCGCCCCGAGTTTCTTATGAACTACGATCAGAGTAGATGTGCAGTAGGAATATCCGGCACCTCAGACCGGGCACTAAATGCCGCCTTAACTGCGATAACGCATAGGTCAACTGTGGTGTACGCCACATTGCCGTCATAGACAGCGCAGATCAGAGTTTCGCGCCACTATTACAGAGGCCCCTGGGTCACATCTTTACCCGTCTGCCAATCTGAACAAATTACGTTCGTCCAACGTAAGGACATTAGACAATTGCGATCCACGCGTGCTTGACATGGTTACTCTGGTCTCCGTCACCCAGATCAGGCTCCCGGTCAACACCAGCTTTGGCGCATTACGCACGGAACACGCCTAGATTTCGTGACTTTCGATACGACTCAACTCATGGAGGAATGTCAAACAGTACGATGCGGGTTACAACATCTGAAGGCGCACGATGCATGAAGGGTGGGCAACACAGACCTAACTGGCTCAAATTGGTGCACAGCTGCGCTGTCGTCAATAGAGTTAGGGTTCAGTAGACACGGCACAAAGCCGTAGTTAATCGAACGAGAACATTGCACAAGCCCGCACTCTGACCCCACTATTCGCTGATTATAATGGTTCAAGAATGCGCGCAGTAAAACATGAGAGGGGAAGTTGGAGGCCCTGCCAAGGACGGTGAATAGGTAACACAGCTCGGGGAGCTAGACCGTCTCGATCCCCGCACTCTAGCTAAGGACTACACGATTGATTCCCTATGGTATGCCTCCGGAGCTTCCAGCAACCGCATAACCTAAGGATGTCTAATCGCATAAATTAGCCTTTGGTTAGTGCACCCTCCAGTCCTCCATGACCTAATTTTCCCTCTGAGACAACTCGGTTCCAAATTGGTGGTACGTAACGTTGCAGATGCATGTGAAGCTGACGGTAAGTATAACGTTAACTAACGGAATATTAGTTATTATGGAAGCATCACGCGCGGTC,1808,50.39,Saccharomyces cerevisiae
SEQ_885381,TCCGCGAAATGTTGTCAGCGAATATCCGGGCTGGCTTGAAATCGGCCGATTGGGGAGGGGTGTATCAGGAAAAATAAGCGGATCGGTGGCTCCCGGATACAGTGTCTACATCCTTTGGGGGACTACAACGTTTGCCGGCTATGAAATATTCTTCACACCCTCCAAATGCGAAGCCGGGGTCCGCACATATGGAATTC,197,52.28,Caenorhabditis elegans
SEQ_120254,CACTATTTGCAGTGTGTGGGACTCCCCAAATGTAGAGGCACACCTGACTAACCGGAAGCTAGGCTCCCAGCGGGCCGGCCGGGCACGAATGACGACTCGGACAGACCGTGTCGTTCCATGCGCATACGGATGTTACACCGGAGGCGTGTTGGAGCCGTCAAAGCGAGACATGATTCATTAACGGCTAGACCGATTGATGGGTAAGCTGGGCGTAGACGACTGCTCCGAAAGACCTGCCCAAACGATTCGGAGTCCTGTATCTTGCTGGGTAACACCCTGGCAATGGCGGCCTCATTCTAACCGGCCGAAATCAGTAGGTGAGAGAGGGGGTTCCACCCGGACAGCGGCGCCCTACCAGGGACCCCCGGACTCGTACATGCATGTGTTCGACCGGGAACCTGGAATTGCCGAACTCCCGAACGTATCTGATACTAAGGATAGCTAGTCAGTTGTAAAGTTTTAAAGGATTCTGGACGGTTTTCATTAAGGATCGCGCCTTCGGGAGACTTTCACCCCGACCACGAGCGGATTCCATGCTGGTCGGACCTTCGCAACCGAGTCGCTTCCATTTACCATCTATACCTGCGGGTACGTATGGCTATCAGTCGACTTAGGAGAGGCTACAACAAGGAGTGCCTAGAATTACAATATCCGGGCCTTAGCTATGTGGGCATTGTGAGGAACGCAGCAATTTCGCTCACTATACTTAAGCTTGTCCTCACATACTTCATACATAATATTGATTAGCGGTACCAAATAAGACAGAGCGGTTCGGTATATATCTGCATCTAGCTACGAACGTCGAGAAGTAGCTTTACCCACTCGAGAAGGGGCCTTGTAGTGCTAGGAAGTTTGAATTTCCTGGGCGTTTAGCCTTGCGACGGATGGTAAACCATGCGACTCGTCACGTCATACTCTAATGAACCCACATAACTCTAGCTACTTCGCTCTCTCTCTCAAGCAGTGAGACTGAAGAAGTTGTCGTCTAAGCCTGCGGTTTAGTCCAGATCCGTGGGTTTGAGCACCATCCTCAATTAGGTAGATGTTCGATTCCGTCGTTTGTTATGCTTCGCAAGTTACGTCGAAAAATAAAGAGACAACATCTTTCTCTGCTCAGTCCACCATAGCAACCGCTTTGGCGCGGTCCGAGGGCATATCACAGTAACCCCGAATCCTCAGGATCGGCATACTCTAATTATCACACGCATTTGTGGTCCGACTCTATTGACTAAGCTGGGCCCAGGGGTTTGGGGATTTGCCGGGACTGGAACTGTAGTGGCCGCAATCTGCAATCGCTGGTTATCTAAACACCGTACTACCCATCAGTTTAAAGGTCAGGGGGCGAACCGCCGGCGGACCTCACAATCCGCAGGAACAAGAAATCTACTTTTGTCGAGCATCATTCTCTCGGACATCTAAGTTATCGCCGTGTCGCTGTATAGGTACAGCTGGCAGGCCTTGCCGACTTCCGGCTCCGTATGCCCGCATCACACAAAGGGAGAGGTATTGTGGTCCGTACAGCGTCTGAGAAGGTTTTTGATGGCCGCACGGAAATGAAGGAGGGACACTAACTTGTGTGCACGGTATACGTACTACGGGCATTCGTTTTATGAGGTTCGCGTGGACGTACAGTGCAGACTATATATCGTAATTGCTCGGACCAGGATAACGACAGTTGCGGCCCGGAAAACCAAGCCTGCAAGATCTGGAGTTAGACCGATCCAGGGCAGCTGAAGGTTTGGTTCTCATGGAAGATCCCGACTTTTGGTCGTGGGCAGGGTAATTGGAGGGCCAAGTTCTTCAAGAAGTCCCACGC,1816,51.65,Escherichia coli
SEQ_122132,TTAGTTAAATTCCCGCGTGGTAGGTCGTACGACGAAGGTCATCTGTCTGAATAAGTAGCTCTTAATCTCCTCAATTGGACCCTGACTTCCATGGGCTGCGCAAACTGATAGCGGCTGGCATAAAAGGCAGCGCACTACTGAGAAGTTTTCTGAGGTGTCACCTCAGTAAAAGTAGCTATAATTATGGTAAGGCGCTTTCGGGAAACTCCAGATTTATCCTACGCCGGTCTATGCAGTGGGAATCATCCCCTCACTCGGAGACTAGTAGCTATACTAGACCCAATTGGAGGCCTGGGACTCTTTTATTCGAGCTCCGCGGACGGGTTGTTGTAGTGACTTTTTTGGTCCCATGCGCGGTTGGGCCTTCTATTAGGTTACATGGGTGAGAGCCGGTTCGCTAGGAGCATGGAGATCCAGTTCATGATAAGAAGTTCTACATACAACATCATGAAGCACGCCCAGAAGACGTAGTTAAACATGTTCCCTGGTATCAGATTTATAAATCCCTCTTACAAGCCGTTGCTCTGAGATCCCCCAGGTCATACTGCCCAGCTCTCACTACTGATCTGGACTATCCGGCAATCCCTACACGAAGACAGATCGTGTACATCAGAGTCATGCGTACAGGCCAATACCCGCTCTCTGATATATGTATCATGGATCCACTGGCCTACATGTGCCACACTCATATGACAAGGTAGTCAGTGGCTCGCACTGACACGCGTTTTACTGCTGTAACAGGGTGGTTGACTGCCCTCAGTCTATTATTGGGATTCTCAAAGACTCTACGGTGAACTTTTCTTCTGTTGCCGATAGGCGGCCAGTGTCTACATTTCGTCGTGTGCCCGTCTGCCTAGCAAAACTTCGAGCATTGGGCAAATTTGTCGGGGGCATTATTGACCCTTGTTTATTGAAATTGAAGGACTGCAGCCCACCTATTTATGAATTAGTATGTTCACTCTAAGTCCCGTCGTCTCACGCTTCGAGTCCTGGTCCACCAATCTTAGTTCCCCGCTGCAAATTTGCCTGAGTCAAACGGTTCCCATTTCCAAGAATTAAGCGGAACAACGCAGAAAACTTTCCCCACTACCGTCCAAGCGCTGCTTGACTCATCACCGGCATTAAGATTGATATCCTTCTGCAGCACCGCTACTGCCGTAAAGGACGGGCGGCGCCAAGCACCGCTTATGGCCTTTAGCGGGTCGGCACCCGCCACGGAAGAGTGCGGCAAGGCCTTCTCATGCTGCCTACTATATACCAGCTAACAATACGTAGAGTGGCTCAATAGTCCCAGTTGCGCTTTTTCCACTATGGACTGTTACCGATACTCGTTCGGTCCCAACTAACATTCGGGGATTGCACATAGAAGAGGCTCTGATTGCCTAGGGGTAGGTTATACCTACGGGAGGTACATAGACATGCCCGAAGCACATCCCGCGTGGAATTACTTCGAAGTCAGGAGGTATGGAAGGATATTGTCACGTAGACAACATATACCCCTACACAAAGCGGGTTTATATCG,1522,49.15,Escherichia coli
SEQ_953091,AATAAGTTTTGGTCGTGGGGTCATCGGATTGGGAACATGCTGCGCATGTCGGCCCGATGGCCTGGGCCAGCTTTTTATCTATAACCAAGATACCTTCACGACAAAATGCCCTTCTAACCATTATCACCGCAATTATCAGCCAAAAGTCACCGTACATTCTAGAGAATAACGTCCACGTGTCTGGTAAAGAGGCATACTCAGATTGTTATGGCAACGGTGGTCTGGTTGCAGCACACTGCTTTTTCGCACGGTGTCTGGAAACAACTGCATAGATGTCTTAGCGTACCTCTGAACGCACCAACGGATTTTGTCGTTGGCGGCAGAGTCCTGTGGGCCAGGCAAATGTTCGATGCATTGAGCGAACAGAAGGCCTTGACGGCTTAGGCGACACCCCCAATTATGCCGAACGGACAACAAGCCGCCGATGCCGGCTCTGGTCAACGCGTATCACTTGAGGTTCATTGAATAGCTCTTTCGGAACTGTCACGTGGGATTACTCCTACTGGTGTCGGCATTGCCA,520,50.58,Arabidopsis thaliana
SEQ_200944,TTGATTTCGCCTTGCAATCAAAATTTGGGGCACATCAGTGGCGAAGATCGGGTTGAGATGACTGCTTACTGAATGGTCACTATATGACGCCTACGGTATCCTTTGGGTGTGCGTGGCTTGTATCATTTACGCGCCCATTTGCTTTTGCCGTGCATATATACCCCTACACTTGAAAGAGACACTGGTTCGGCGCATACTCATTATCCATGTAATAGGCGAATAAATGACTCGGCATACATGGCCTTCAATGGACCGGTCCCGTTGGCCTTTCAATGTACGGCGTTGTCGTAGTTTGCGCTCTCCCAGAGCATGTCTTAAAGCTACTTTGGGCCCGAAAGCTCAGTGTTGGGCATACCAGACTAGAGGAAGCATCTAACGTGGAATCCTCGCCGTGATATAAGGGGGCCTGCGTGCCAAGTTGAATCCGCCTACTATAGACATAGACTGCGGCCCGAACCAAACCTCACGAGACGGTTAGGCATTGTTTGGGCGCCACGCAGCTTCTTAAATCTGGCGGATTCACATATTGCTTAAGCCAGGAAGGTTATAGTTTCAAGGCGGATGTAACTACATAGCCGAACTTCGCAAGGCAAATATAGACTTTGGACGAGAGACCTCCGCTTTCGGCCGAAATTCTCCATCGGCTCGACCGGATAAGCGGGCATTAGATGAAACCGGAAGTGTCCTCCGCTGGTCTGTCGCGGAGGCATGATCAAGCAGCGTGATCCTTTTAGTGAGCCGTCAGGGAATACATCCAAAGTCTGGGGTCACTAATAGCGTACGAAGGAAAGCGGTGATTAAACAGATGCTTCAGATTCAACAGACAACG,829,49.7,Homo sapiens
SEQ_530062,CACATCTCATTCGCAAGCGCGGAAGTTACAGTGTTATAATTTCTGCCATTCTTCGAGCGTTCCAGCGGGGAGCACGTAAGTCTCGTCTTTAAGGTTCGTTTTCTCCTGACCGCGTGCTCGGAACAGCGGCAAACCTTCCACCACTTGCAGCGTACGTGCGTCCCAAATGAGAGGGCTTTTCGTCGCCGCACTTTGCAGCGAAAGATATCTTCAATTCGATTCCAGATTAACTGGATCTCGGGTAGAGTGACCTTGAGTTAACCCTTCACGATAGGTCGTGCCGTAGCATTCACAATGGCCTGTGGGCTTGCCCCAATTTATATTCCTAGACAGAGTGTTCGATCCCCAATTGCAGTGAGGAAATTACACTGTTGTGGCGAACTAAAGAGATCTATAGAATAAGGAGAGCTAGATCTGGAACAAATCACCACGCCTTGTGCTAAAATGATGCCCCTATTATCAGATGCAGTTCTGTATGAGCTCATTCCTCTCAGCACCTAGGATTTCGTGTTGAGAAAGCCATGAATCATCGTTCGATGCATAAACTTGCGAAGCAGCCCCAATCGTGTAGTTTAAAAGCACTCGTCGAAGAATAGGAAATGCGCCGGCCGGACATCGCTGAACGGGGCGAACTTGCACCCAAAGCATTGGGTATTAGACGCCCCGCCTCTGCCGTCTACCGGTGAAAGGAATGACGAGTAGGCCCCGCCCTGAAGTCTCGGGAGCAACAAATTGACCCACACCGTTCAAGACTAAAACAAGTCGCGAAGCTACGAACGTACGGTCACTGAGGCGGCGGGGACGGATTTACTGTCCTTGTACCATCCTCTCCCGTAGTTATCGCAATCAGAACCTGGGATATTTGTGGGTGAAACGGAGTGCTTAAGCCTGTCTGCCATCACACA,905,50.06,Drosophila melanogaster
SEQ_150173,CTCGGGAGTACTTGGGACATTTGTACCCTTTACTTGCATGGCCAGCACCCACATGCATAGATCATATGCAGAAAGCTAGTACGGTCGCTATGGTTAATCGGAGGATAATGATGGCGCGCTTAGGAAAAGTACTTTTATGCCTGTCCGCGGATAATTGCCTAGACAACGCGCCCTTGTTCTCAGGTTGCCCTTCTCTACTGAGATCGAATTTTTATTTCACGATCGAAAATTGAACTTGTGCGGAAAAAACGCACTAAAGGTCACCCGGGGTCCCTCGAGGGTCTACAGAGTTTGTAGTTTGTGGATTTCATGGCCCACGAGGCATTCGCTAACTTCCCAGCTCAATGCATTGTCGCTATTGCGGCAGCGCCTAAACGCTGAATTGACGTTGTTTTCTGGGACCGGACAGAAATCACCAATGAAGAACGCAGGCATACATGATTGTCAAGGTGCGACCGTGATTCACGATTGTTACACTCCCGATAGTAAGTTGCACAGACCGACCATGAATGGCACCTCAGACCGCTAATCCTGATCTTGTAGTAGAATTTCTGCATTAACCCATGACCGGGGCGTAGGCCGTGGCTCCAGTTCGAGCTTCGCAGGACTTAGACGAGGTCCAGGGGGCCGCTCTAATTGTCTAGGTCAACTCAAGGTGGGGACGTGTGTTCCGCTTCCGCTGGATGCGCAGTCTTCGGGGATTGTACAGGGGCCTACGCCCCACAGCCAAGCAGCGTGGACGTACCGTGAATGAGTCGATTGTCGTATCCAGTTTGACTGTCCAGTCACGGCGTTATTTTTATTTCTAGACCGCAAAGGTTATGCATGTAGGAATAGTCAAGCGCACCCAGCGGAATCAATTATGGAGGTCAAGCACCTAAATAATAGTACCATCCTAATATCTTTCCACCCGACCATGGATGATAGAAGACCCATGGCGCAATGCACCGTGAGCCGCATGCACCATTTTGTGTATGAGGCTTGAGTTTTTTAATTATGTCTGGTGGATACCTCCCAATATCTATACTTTGCCATGCGGAAGGTTTCCGGGTAGTACTTAGGTAGAATAACTGGTATGGTTCATTAAGGCTGATGTTTGCAT,1102,48.82,Escherichia coli
SEQ_512613,TGCCTATACCGCCTAGTAACTGCGAAGTGTCTTTCCGGAAATAGTATCGCGTCGCGTCATTGACCGTGAAATGGGCCCTCTTATGTCCTGATACGGGGGGGTGGTTCGCGAACTGTTAACAAAAGTATACCTAATGCGCGACCCTGCTGACTACGGCGAGTCGGGTGTGTGGCGGGATAGGCTACAGACCCCTAAGTAACAACCAACCCCAACGAGGGAAGGTACTTGCCACTCGTTAAAAACGCGCGAAAGTGATAGTATTCACGTACCGATTCACATACTCTCACGCAATGACCGTGCCGGTCTTGTAGGAATAGCTAGAATATCAGTAAGTGATTTCAACTGCAAGTTATCGACTCCTCTAACGGAGCGAAAAGAGTCTTTATTGTCGAGGACGTATGCTTAGCCCAACGTTAGTATATAAACTAGATACCGCCTATTGGCCGTAAGGTGGTCGTGCGCATATCCAAGCAGGAGAACGGAAAAGACATACCGACTCACACAGGGGCCAGCTT,515,49.51,Caenorhabditis elegans
SEQ_275680,GAGTAACGGAGTGGGTGGATTTGGGCTCTCTAAGCTTGTCGACCTCTAGGCCCGTCGCACTTTGCAGCGTAATGCGTTATCTATCATATATATCTTTAGTAGTGGCCGTAATCCCGATTCTGTGACTTCTCCTAAGCTTTGTTTTAATCTCGTCCATCGATGCCCGTCCCAGGTCGGGCATTGCGAGGACGGAGCGCGCGACCCTTACAAGATGCGGTAACCGCTAACGCGTACACGTACACGTCAAGCCTGGCACTCTCAAATGATCATGATCTGCCCTTGTATTAACTTGTTCGTTTCGGATCAACGATCACATCACCCTTCACGGTATATGAGAGGGGCCGTCCAAGTGTATGTCTGCGAATTCAGTCCTGTGCATTGGGGACCTGGGTAGCGATGCGGGGGAGTAGAACCATAGCTTGCAGCCAAAAGTCGTATGTCGGTCGGTGTGCTCCGGCCGCTAAGACCACCTGAGGTCCAAATATAATGTGGTGGCAACTCGACGCGAAGCAAAGTCTGCACTCTCATTATTTATCCATCTGTGATTTAAAATAATTGAAACCCTAAGGAACTAGTAATTTTAGTGTCTACTGCTCGCATTCAAGCATACCCTGAGTAAACCTATCCCGGTTCGGAGCATCAGACACAGGTCGTTAACTGGAGTTAGAGAGCAGTGGCTCTTGTCGATCTATTTGGTGCAGCGGTCCTATGAGGATGACCGTGTTGCCTGTCAGGTGCAATACTGCATTGTTGAACTACGGATGACGTCCGATCTTTTCTGGAGCATTAGTTGAGATAAAGACGCAACTCATCTATGCCGTGTGGTCGTTCATACACATTTTCCTGACCGACTCGCCGTGAATTCTTTTAAACTAATTGGAGTTTTTCAGGGTATTTGTGAGAAGTGGTAGCCCGTATCCTATTATCTCACGCGACACCTGCTCTAAACAAGAGGCAATTCCGGTAAAATGCAGAGAGTCTTGGTCCGCAGGCAGGGTCCGAAACAGACGTCTATGCTTTGGACTATCTTAAACATCCACACAACATACGGGACCCGGGAAGGGGAACTACTAGACGACGGAAGTTTTATCCGCTAGAGATAGTGCTGACTCCTCTGCTAGGTGGGAAAGCAGGGGTCCCGAAAGGTGGTCGAGGTATGCGCAGCGAGCGATAAGGTTAGCAAATGAACACGACACAAGCAGAGATAAGATCGAGAACTATAAAGAGCGATACCCTACTCGGCCATATTTTGGACGTTATGCCCCTAGTGCACTGAGTTTGCACCTCAGTCTCCGTACCTTGAAGGAGACACGGTAGCTTTGACCCCCATCGCTTCGCAGGTCCGCAACTGCTGACAACCATATCGTCTGGGTCCTCTGCAGTCCGACGGGGTATCTTTTCAGAAGGCCCTTGATCAGCACCCGCCCACCCAAATTGCTCCAGATAAAACTCTATCAAACGTGGCGCGGCTAAAAGACTAAAACAACTGTTCATAAGTTGACTACGACAATACTAGTCCAACCGGTTGTTTGTTTGGGTGCAGATGCAGTGGGAGGCCTTTTTGTGCCCGCAGACTCGGCCCGCCGCCTGCCCAGTCCCGTAGCCTGCCAGTTATAATTATCGCAGTAGTTCACCATCCGCGATATGGGGCTGATTTCAGGAGGCACTTGCCACGGTTCTATGCGAACGGATTA,1694,49.88,Drosophila melanogaster
SEQ_358366,TTACAAGAAAAAGGTCGATCGTTTGCTTTCTTGTGTTTTTCAGCACCTGATTATTATTAGTTACGAGTCAGCGATAGTGTAAAACATACCAGTACACTCAGGGGACTCCAACGAGAGCACCCCACGACTGTTATGCGCCCTCATGGAAGTTCAGTCACCACACGCCGCCGATCTCGGGCACAGGCCGCATGTGACTCTCCAGAAATTGGGTTCGCCGACCCTACGGCGTGCCCCTATCCGAATAGCCGGGCGGTTAGAGGATCTACGAGCGACTTTGCATAGTGGAGGGTTGATACGTGTCGGCTAATCATCTGATCCTCATTTCGCGGTGCACCTTAACTTCAATGTGTTCTAAATCGCTCTACCTCGGCTATTCGGTAGAGCTGAGTCTGTCGGAAAGCGACAAGCTCCCGGCAATACTACTCAGGGAGCAAAGGCCAACATCATCGGGTAAGGGGCCCTCTGTGGCGGGAATATTCAGTGTGAGGGGTCCCCATGGCTTCGAAGACTGCGGTCCCGAACGCCCAATTCTCATATCTGCGCAGCCCTTGAGAAAGATCGAAGTTTTGCTGATGAGCAAGCAGTAGATACATGGCTTGGATTTAGGCCGTAGGGGGCTCAGAGCGGCTAATAGCGTTTCAAGGCCCATACGTGCTGACTCAGCCTAAGTACGCTACCATTGGGATAGGAGTGGCATTCCAAGCTTCTGTACGACCATGTCTTGCAGTTATGCACAGGGAATGGGTGAGAACACCTCCGTCTCGACGCATCTTAGCTCTTGGCTCCAAGCTGACTCCTTATTGAACATCCACAGAGTCCCGGAGAATAAGAAGGAGGTTAGTATCCGGTACACATATGCACACTTAGCAGGACGCAATTGTTATGCGGATTTATCTCGTCTACTTGTCCAAGCAGTTGAGATGTCTGAAGCGCAAAAACCTTCTCCTGGCCTTTTGTAACAAGTCGCATTCCTAAAATTTCAGGAGTGAGAAAACAACCTTGCCTCGTGAGACTATTCCGTCCGTCGACCAAGGTATTAGTTACGGTAAGAATCTTTTCCGTAGTCTCTTCATCTTCGGGGGGGGTGCGCCGAAGTAACTAAGACCTTAGGCGGGAGGTCGTAAGGTCGTGCCCCGATTAAGCCGAGCCAAGTATTACAGGGGGCATTGAGAGAAAAGCTTGCTGAAACTTTTCGCTAAACAACTCGGTTATGATACGAGAGAGCGGAGACACCGTGTAATATGCCCTAGGGCAAGCACCCGGTGGCCGGAGTGTGGGGGCTTCGGTCCCAGCCTAAAGCAATCTCTGATGGCGTGTGGAAGGGAGGCGTAGTGTCATCGTGGGATCGATACATGGTACACGCCATGCATAGATGGATAACTGGCACGCGAGATCTTCAGTAAGAGGGTACTCAGCCAACTACGATGACCAAAGCCTTCAAGTTCCTGAAAGCCATGGAGGTGTCTAGAGAGCATCAGAAAAAGGAGTGGTCAGTCTGCTCCCCGGCTTTACTCAACAAGGTACAGATAGGTACGAGCGTCCTAAGATGGTGCTAGTTCTGCATGACCGGAAAGCGGGGGACTGTAACACTACGTAACTATGGATATTCGTTCTTAGGTGCTGTAGGCGTCTGTCTTAAACTTTGGCACTTACCTACCTCGATGAGTCTCGTACGGTCCTTGAACCAATAACTATGTCTACAGAAAGAGTCTGCTATAGGGTGATGAAACAGCAGCTCTACGTGGATTAAGCGCGTTCGATCGAGATTGCATGCTTCCGGCGAGAAAAGGTCTTGATCGGGTTGAGCGGGTCGGAGCGGTTCAGGTCGCTACCGATCAGTAAAGTGTCTACATATAGGCTCCCGGATCCGCTCCCATCAGGTATAGTGATAATCATTGGTACGTCGGACCGTGTATAGGCCTAGCCGTTGATTCCGTTCTCTG,1943,50.75,Homo sapiens
SEQ_134447,GCCAATTACTCAAGTCTGTGTCCCAACGATGCCCTGAAGGGCTGTCTAGAGAATCGTAGAGATTAATGGGCACACCTCATCATACCTGGCCCTATGCGCCATGAATTTTCACTCTTACCCAAGTGAAAGTCATCGTGGAATTTAGGTGTGCCTGCGCCGATGGTGAAGTAATAAAATGCCTAAGAGACGCCCGTACGCGTACCCAGGCCTTCCTTCAGCCAAGGGTGTGCCCGCCTGAGTCGGTACAAGGGTTGAGTCGGGCTCTTAGGTCACCGCCGCGCTAGCCGGAGGATCCTTTGGTTTACGGCTAGCGTAGGGCTGGCAGATAAGGCGAGAACAGTTAGCCTCATGGACTGAGCGAAACCGTGGCAGAAGGTGGGCTTCTCGACCCCTACGGACGGGTCCCGAAGAGTTTGATCGGGTCGGGGAAATACGTAGACCATGTCGCACATCTCTTATAATACCTATACGTTTTCTAAGTTGTAAGGCAAGTTTTCCCCCCTACCTCAGTCCAAGCTCCTCCCAATGTGAGAGACAGGAACGAAGCCGCCCCTCAGTGTTGGCCCGATAGCGACTACTCACGCCCCGAGGGGACGTACAAACTACGGTC,610,54.26,Saccharomyces cerevisiae
SEQ_590132,TTGGGGAATGATGATAGGCTACAATAGGCTCGTCGCTACCTAGGCGATCCACTGGCTAGCTGGAAAATCCCGGTCTGAACCTTTTGCGTTGCGATAACGTGCACTTTACGGCTTCTAGGAAGTTGTGCCCTCAACGATATACCAGCTTGGGACATTAAACAGTGGCGTATTTGCAGCTCATATCTTCAGGCTCGCTCAACGGATGGTAACACTCAAGGCATGATGCAGCGATCCACATGCATGGCGGCCATGTGCGCTTTCAGGGTAATTTGAACTTACGCGATGCCAGGCGATCTATCGAAGAGTACGCGGTGCTAGGTCTATTATTAACATCAAGTCACCGTCACACGCCTCAACTTGGAATAGAGCCAACGCAATACTATGTTCGTACAAGCCGGCGTGGTATGCCGCGAACCATAACCTCCAACCTTATAAATAGAGACCTTTCTCTAGTTCACAACCCACGCGCAGCAGGACGGAGAGGGGAATGACTACGCACTGTGGACCTGCGCGTTCTTGGCCCGCTTACTAGCCCGCGCTCTGGAATCTTCAAAGTTCGATGCGGATATTGGTGTGGGTTGGATCTTTGCTGCGGCTTCCGAGCGGACCTAGCGTTCTCGCAGTGATGGGTTACCCGGATAAGTCCTAAGTTCGGATAATCATGGTATTAGAAAGCGTGCTAGGTGTACTGATCGGATGGAGAGAAGGTGCCGTGTCTCAGATGGATGAAGGTACTAGAAAACCCCTTATGCGTGTCCAACTACCCCCTTTGGTGTCGACAAAGTACATTATATGTAGCCCCGGTCGTGTCGGTGTCTGACATGCTAAATCGATTTCACAGCATGTCACACCATGACTACTTGATCAGCACCGAGAGCGTAAGCGCAGTAATGAGTTTCGGCAGTAAGTATGACCTGAGTATATGTATGGATACCTCGCGACTTACGCCCGTGGTGGAACGGCCTACCTAAGGGGAACCTGGCGCGTCCAAGCGCGCGGCACAACTAGGGTCTCATCGTACGCGCCCAACAAAAGTCTT,1039,51.3,Saccharomyces cerevisiae
SEQ_378106,CCTCCCGCACACTAATCTAGGCAGGGATATCCGGTTAAGGACCGTAAGGAGACAATTTATTGCCATTGTCCCTTCTTGACAGAACCGTTTCGTCACGACAGTCATTGTGGCCCCCCTCCCGTACGCATCCTCCGGATCCAATTAATGGCGCTAGCTCCTTGTTGAGCGGAATACGAAGCATGGCGCATCCGAAGACTGGCCCCTGTTAGTCACACGGCCCGTGAGTATGAGCGACTGGCTACAAAGGAAACAAGGCGTGCGAATCGGGA,269,54.28,Homo sapiens
SEQ_379478,TTTGTTTGAGATTATCGGACAGGGATTCTTTCTCCCTTATCTAGAGGAGGCGAGGGATTCGATTATGGGTAAGGGCTCGCTGGCGTACACAAACAGGTATGAATTAGACAATGCCCACGAAGAAAAATCGGGATAGAGATTAGGTGTCGCAACTACTCCCCACCTCTAGACTTGGAAAAGTACACACATGTTGACGCTACCAAACTCGGCTGGGTCTAGGGACAACTATACTGTTAGGTGAATACGGACCATTTACCCGCGAAGCAGGTAGAGGGTAATCCATGTCGCACCTCTCCTGGACTATGACGTGAAGGTTGTGAATTCTGGGATCGATAATTGAGTGGGCTCTGTTGTGCCTGTGTGTGATTTGTATGCTATTCTGTCCAACACTACCTTGGACGTCAACGCAGCGTCAAACACCCACTTGTAATCCTCGTAAGTTTTGGTTACCGAATCGGTACGGTCGTGAATGCCGTGTTTCGATCTCCCTCAGAGACGCCACAGTCACGCTACCTCTTAGATTCTTCAGACTCCCCGGTTGACGACGCTACTTAATATCGATCGGACCCGAGGGAGTATCGCACGTCCCGCTACTTAGTTCTCAGTAGGGGTTCCAAGGTCTGTTCGCATAGGAAAAAACTAGATATCCCACCGCTACTCCCAGAAAAGCTGACTAAATGTTAGTAGATAAGGACGATAATCTGATCTAAAACCATAGCGACTGAGGGTGAAGCAACTGTTAACTCGTCAAGAACATGTTTCCATCTAATCCCGACTCCGTATCATACTTGTCCACTCATTGACGGCGGCCGGCTAAATCACGTCTGAGCCTCTTTAAGGTATATAAGCTCCGGCAGTGGGAAAATTAGCCTACGACACCTATTGCGATAAAGATTCAACGTAGGTGGACGCAGCATCTTCAAACCTATACTGTGC,936,47.54,Drosophila melanogaster
SEQ_634949,GGGTTAGCTTATCCCGTATTTCAGTCGTTGATCGTGGCACGGAGCCCAGCCAAGGAGGTTAGCAACTCGGTGTGGCTCACGCTAATTTTTCCAAATTACGTCGGGTTGTGCAGTTAATCTCCTGGCCCGTTTCACTTCGGGCATAGTGCTTGTGGTCTGTGGTGTTAAGTGACGCCCTTTTCAGGGCTCTGGGCAGCAATAAAGGCCCCAAGCCCATCCAGTCTCAAAGGCTTTCGAAATGGACCTCCTTACAAGCGTTCGATTCGATGCGCGTCCGAGATGGGTGCCTTAACAATAGCGACTAGAGCCTCCCGACCGAATAGATAAATCGAGAGAAATTTTCCATACCTCTAGATCGAGGTAAGGTCCAACCCCAGCCGCCTGAGGCAGCCCCGCATTGCAGGCACTACTACCCAGCGCGTACACACACATTCTATCAGGCATTACTGACCCCGCCATAATTGGTGAATTTCGTGACTGTCAGTATCGCTTTACGCACTGTGTCCCGTATGTTCGGCAGAACCAGGCGGGTCACTAATGATGGGCCCTGCGCGAAAGGTTCCTGCAGGCGGAGAAAGAACTAAAGACCTCAATATTACAACGGTATACAGGTGTGCTGTTCTTAGCCATTAAATGGGCCTCTAACGAACGAACTGCTCAGTCAACCTTTCTCTAGACAGACCGACTTTGATACCATGCACCAAAAAATTAATCAAGTAGTGATTCTCTAACACCGTACTTATAATGGGAGGGGCGTTTCCACCGCCACCGAGCAGACTCCTGATCGTTTCTGCTGATCGTAAGCAACACCCTGCAGGCACGCGCCTTCAGGACAAGAAGGTCCAGCGGTCAGTGAACCACTCTGCAGTACCGGAACAGTCATACTGTCAAGCTCCTCGATCCTTTACGTGCAACGAAAGGAGGTCTCCGTACTACACCCATGGTTACATATGTCCCTTGTAAGTTATCATGCGGTTATTATCACCATTCTGGTCTGTAAGTAGTAAGACGATGGGGTTATGGAACAGGTTATCTCTCGAGTGTAAGGCCCATCTTTATGGCTTCTAGCGGTGCATTATTGAGCCCACCTCCTCCTATGTGATTATCTTTAGAGATGACAGTTGTGCCTCATTCGATGATAATCCACAGGATCGCACACTTGCTTACATTGGCAACTTTTGGTAAGCGATTTGAGCCTAACGAGAACATGACTTACGTGTAGGCAGCCTCACCGTTCAAGCCCACGGGCGTATTGGTGGGAGTCACGACAAGAGTGGGGGCCTGAATAGCCTTACCCAGCGAGATAAGAGAGTATCCTTTCAACCAGACTACGGTATGACTAACGACCCCCCCTGGGTAGATCTAGTTTGGGTATGCTGAAGCATAATCTAGAAGCTGATGTGGTCTAAGTTATTGGTGGGCCAGATTACACGCAATTATGGGAAGTAGCTGCCCGTTACTTCGGGAACCGCGTGTTCAGGTCTGTTGTAAAACTTAAGTTAGCGTGGATAGTCGTGCCACACTTGGACTGGACTTACCCGGTGCTGATAGTAGCTATTGGATCACTGTTGTCTGCCGGCGCCCAGGTAACGCAGCGGCTCCCGTAACTCGGATTTTCCATTGACGCGATCAAAGATAGGTGGGGCCGCCAGTGGCACTCCCACAAACTCTACAGAGTTTGGAGCCACCAATCACTGAAAGTAATATTTGGGCCGGCTCGATAGATGTGGATCAGCCCAATTGGCAATATTGAACCCTTGTGAGTACTTTTGTGGTTTAAAGCCCCGCCAGTAGGGGCGATCCGGCAGCTTCAAGAAACTCTCGTTCCCTCACTGCAATGCTTCGCAATTCGGGGGACTCGGAGGCTAACGAGACAC,1877,50.35,Homo sapiens
SEQ_831895,AGTACTTTATTACTTTCTGACAAAATAAGCGCGACTGGCTAACGCCAGGGATAAAGGATAGCGCTCGCAGTCCGCTCAGTCTTGTACGTAATTACACTAATGCTTGCCCGTACCACAACCAAGTCGCTGCCCGTGGGGCTAGTTTGCTACAGGTAAACGTGTTCCTGTCAACCCTCTGATGACGACCAATTGATGGCCAGCTGCGTGAAGCTGGATCTAGGCGAGTGAAGAAACGAATTAGAGCAGGCCCGTTATTTATCGCCACTTTCTAGGTGCCCCGCACCCTGTGATGTTTAGGAACCAAGAAGATCGGAGCCAGTTACCCTGTTGGAAAAACGTCAGACGGGCGAAGTGAGGGTCTATCGCTTACAGGTCTGCAGCACCAGTTCACGGAAACACCCTTTCCAGCTACGTGAGGACGCTTTTACAGTCTGCACCCATGGGGTGTTGAGTGGGGTAAAGGGCATTCGCTCTGCGCCGGATGGTATTGATCACCCTGGCATGGAGTAATCCTATTCCTAACTGCCACAGGAAGACGTATTAACCAGTGAGCTGAACCTGGAATAAATCTCTACTTATTGACTCTTTGCGGCATGATGGCCGTATAAACAAGTTAATTGCTAAAATTCTCTGCTACAGCCTTAACCTACCTTCGAATTGGGGTGCCTCAGTTCCCCGACTACCAGTGTGTGATAAGAGCTCTGGACATACGTACGACGACAGGCGGTGAATACGGCAATATCAAGTCTCTCTTGACGACCTCTTATATAAGTCGTCAAATCTATCAAAAATGATTGTGACGCGGAGACGAGCTGAACTTTCCGTTCTAGTAATACATTCGCCCACTAGAGCCCCGGGGTGGGACATTCCGCTCACAGGCTAGAGTCGATTTTGTGGGGAGGGAATTACTGAACAATTGGAGTACCTCCACGACGACCATCTCGATCCAATCAAGGACATACCTTAGCGTAGGGGAATAATTGGGAAACTACTGTGCACGCAGAAAGGACAGCGGTAAAGAGGTCTCCGGCTGGGTAAGAACCCATGATTGACTAGAGTTAGGTTGCAGTCGGGTCTAGGGTCCCGATTTGCCCATGGGTGTTTTAGGCACGGATAGGATAGATACAGTGGACAACAGGGTGCGGGCTATTCGATACCCTTTTGCGATACGCTTATAGCCCTGGTTCTCAGACGCCAAAGCAAGGTACCATCTCCTTTACCGAGACGAGGAGCCGAACCTGAGTAGTTGATTTGTTTAATAGCTCGGCGCAAGGGGATGCCGGCTATGCATCATACAGACGTACCATTCTTCTCAACGAACGTCTTTCTGAATGCTACTCTCCGCAAGTCTGACTTCGCTACATTCGCCCTGGAGAGGACATGATCCTATTGCCGCAATGACCCGACATGCCCAAAGCACTCAGTCGTCGCCTCCTACTTTGGGGGCGCTTGGGGGCGTCTTCCTCGGGCTTTCCCCACACGTTCCCGCAGAGGTTAGGGCAACCTGAGGTAGATCT,1517,50.63,Drosophila melanogaster
SEQ_958515,TGTCCACCCTCAGGGTCCACTGACCATTTTCGTGACAAATGATCAGCCCCCCCACTCGTTTGCCTAAACCTAGGCCCCCGTTACTCTCTTTCACTGAAGCGTGCTTTTGGCGTTTCACACTTCCTCAGGGCACCAACAGGACTCGTGACAACCCCCGAGACTACTTGCAGTCTGGCGAGGTAACACAAGACGTGCAGTATTGCTGCAGTGTTCAATTTAGGCGAACTCTTTGTCCATCCCGAGAACGGGGGTGTAAGTGACTCGGACCTCACATCGGTGGCTTTAAGCGTGGATGGGTGGCACTGGGTACCAAAGCTTCCTCCGACGAGCGGCATGTTCAGCAGGGCCGTGAGGCATATGCGTCCTAGTCAGCGTTGTTTCGTAATAAAGAATGTGTGTGTCAGCTCCCTGCAATGATCTTACACTTATCCGCGTCGGGATCTGGGAATTCCACCGTGCGCGCAGGCTCTTTGTAGCTGCGTAGAGAATCTTAACCTGCCAAGATACGATAATGCCGTACACTCATCTTATAACTTCAGCGTGCATACGTTGCTCATAAAAGCCGTTTCACAAGGCTTTGGTATTTTCTTTTTTTGATCGGGTAGGCTGACTGACTGCTTTGGCCTTCTTACAATACACAACAAGATCGCACGCATCGCGAGGCTATATCCCTCGAATAAAGCCTAGGTTGCGTGCCGAGGTTTTGGAGGATACATGTCTCGTTTAGGGGTTAACAAGCAATTGGCCGCCTCGACTCCTAGCAATCGCATCGTATTCCCACTAACGATCTTGCTTGTAATGTATTCATGAGAACCTCCAAAACGCTTTTCGATAGGAAGCCGTGGTGCTCTGCCTAGGGCTGGGCATGCAGGACGTCACCCCAGAAGTGTACTGGGCCAAATTCCACATATGTGGCGTCCGTAACAGAGCTAGAGGCTCTGGTGAAACGATATACTCGCCGGCATAGTATATGCAGA,977,50.87,Drosophila melanogaster
SEQ_452781,GGGTATACACGCAGTGATTTTGAATCGGGCCGTGCCATGCCGCGGTCTCCAGACCACGGAAATGTCCCCATCCTATGTCTTTACAGAATGAACTTAGAGCTCCCAGCCAGATTGAGGAGCTACTGTCCGCTGACAAATACACCTGGACCAATTAAGCGAGGTATGAATCCAGTCATTTCACTGGGGTGAGCGTGTTACCTCGAAAGGCCCTAATACTGCTCCCTCCAACGCAAACCAATATTACGGAAAACCACATCTCACGGTACCAACGGTGTGACCTACCCTCTATACGTGGGACATCGACTCCAAGTCGCAACGCCGTCATCATAAGAGGAGGCGGATGGAAGTAAGATTTGGTTGAACATTCGCTATCACATCGAGATATTCTTATATGATAGCGGCTCAGATCAGTCACAATCTTATTCCGAGTAGAGGAATCGGATGTTCTGTAAGAACTTTATTTATCAGGTGTTTGCTCCGGGAACTAACTTAGAGACTATACTTGCCGCCCGTGTTGAGAAAGGACTACGACTTATCTCCTGGCTTGTAGGCTACTCGTCCGATATCACTGAAACGGGAGC,581,48.19,Homo sapiens
SEQ_985087,CACCTGAAAATGACGTCATCACAGGAGGAACGCTAGGCGAAGTCGAGTCTGTACATGGCTACTGCTCTCGCTAAACCTCGGTGCATTATCCGCACCGGCTGGCATCGAAGTGTCGAATCCTTAGCACCAACCGACCTCTAATGCCAAGAAAGTTGGATTAATTAGAATCGAATAAGTGGCTCGGATAGTTCATTACGAAACCCTTCTCTAAGAAATGTCGGGACGATGATGAAACGGCCTTGTCCGCCGGTATGGATTTCTATCCCGAGAGCGCAACACACTAGAAGGTGGGGTTCGGGCCGAATTTACGAATTCCTTCATTTTAGAAGTGCGGCCTCCGTTTTTCTATCAAGACGCCCGTACACGGATCCAGTAAGTTGCACTAGATCAGCTACTGGACTCTACTACGAGTAGTCCGTCACGGAGAGCATCAATACTGGCACTTTCCGCCGCAACGGGGCGCCGATGGTCCGTTAAATCGGGACTTCGCCTAAGATGTAAGACCTGTCGGTGTCGTTCGCTGTACTTGCGATAGGAGCAGTCCTGGCTCAGCGAAGAAGCTAAGGGGCCAAGTCGGTGCAATCACGACATCGCGAGTATGCGTATTCGATAAAGTACTGGTAGCGCATGACCTCGCTCCCGGTTCCGTCTTCAGGGAACGTGAACAGCGCCAGTGAAGCCCCCCAGGTGCAAGCTAGGTTCGGCACTTGTCCATAACAACTCGTTGCCCCTATGATTGTGTGAAAACCTGGTGCCTAAATGCGACCGGATAATGCTATAGCGTGTAGCGAGAGTTGCCCCCTTGCAGGGTCGGGGATTACATAGCGGAAGAAAGGGGGCTTGTACGCCTGAGCATGTCTCTTGTTTCCACTTCGGAACGGCCACGGAAGTGCTTTAGATGAGCTAGGTGCTACCCATATGTGCTGGCGGCCCGTTATACCGTGTGCCTTTAGGTACTATACGTACTCTTTGACTGACATACCAGATAAGGGATCTTAGAACCAGTTACTTGCGTTTAGGTAGACCGAGCCCTGTCACCGACGCATGCTGGCTAAAGCACAGACTAAACGATACCCGCGCTCTCGCCCTAGGCCGCACGGGATCGCAAATTATGTCGTCAGCAGCCAGAATACACACCTGAACGGGGTTAGTCCATCTTCCGATACAATAAGAAGGTCACTGCGTCCATTGAGCCCGTCGCCGCCGACGTGTGTCGCGTGCTTGCCTATACACGCAGGAGAGCCCAGCTTAAAGCTACCCTTCTAGCGATGGTTCAGTCGTCGAGGTATCACCCAAAGACCTATGGGGCCACAGAGGTGGTGTTGAAGGCACTAGATTTCGGCGCCCGACACGGCTGATCAACACAGGTCTTCAATTAAGGAAAGTTTGACAGCACCGAATCTCTGACTAAGGTTGTACTCGAGAAGACTTGATAACTCCCATTATTCGTACTAAGAGGCGTCAGACGTTTCGCACACTGAAGTTCGTGATCTAGCACGGTACGATCGCCCCACCTCTACGGGAGTTCGGATCTCACTAGGGCAAGATTTGAA,1553,52.16,Drosophila melanogaster
SEQ_305086,ACTTGTACTTTAAGCGGAAAGGGGGATTCTAGACCTTGAAAGCTGGAACACACCTGCCCTTTGCCGATTGCTGGAGGATGGATGGCCCTAAGCGTTATCCTGGGGGCCCGGCGGAAGCTTATCTACCGACTATATGCACCTCTACCGGCAAGAACAGAGATGTCACCGCAACACCCACATAGACCCATACTGGCTCTGAGGTTGAGACGACGTCACCGTCGGTGCCAGCTTAATACTAGTGACCTGACCACGACCGCTGGAACGGGTCCTCTATTGTGATATCTCGTGGTTCGCACAACCCAAACGGTATTACGAACTCCTACTTTGGCATCATATGAGAGCTGTAAATCGCTAGGCTTCTTAGCTACCTCAAGACTTGAAGTCGCAAGGGCGGCTGTCATAATGTCAAGCCTCGATAGAGCGAGCTCTTGTGCGTCCCCGATCCGTGGCCCTGCGGTGGTGCGCGTAACTCGAAGAGTGCAACGTCGGAAGTCGAATTACGTAAATACTATAATTTCGTGGATGAATTCGGTTACATAGTGAAATTTGTGTAACTGGCTTCTTCGTCACTGGCCATGGTCAATGTGATACTGGGCGGACTGGTTAAGACGCTCGCTAGTACCTGGATACTGCCCAAGCTGCAGCGCGCTCCGGCTGAGTCATCTCCAACACTGGAGCGTGATCGCAAAGGGCGGTCCTCAAGCGTGTGATTGGGGTCGTGAGTAAACACGTTATTCTCATGTTGAATTTGCCTAGGTCTCCCGTCGGCCAATCGACAATTACGGTGTTATACTGAATAGCTCCTCTGGCGACTATGCTCCGTTGTGATAAATAGGCTGTTGCAGTTGGCAAACAACTCTAAAGACGACTCAGTTAA,877,51.08,Arabidopsis thaliana
SEQ_716646,GCAGCCTAATTGTAGTGTAGCTAGTTGACAGGGCGTTTACGTAGCGTACGTGTTTTAGCTTCTCACGTTGAGTATTTGTCAGATCACTCTACATTGGGTTAGCCCGGCTGGGAGCAAATTTATCCGATCAAGTTCCCTTGAACGCAGACTGCATGCGGTATCTCTACTTCCTTATTACCCCTCCAGCTAGGATATTCTCACGGGGGTCCTGAAACCACCAACTTTGCATACCCCCAGGGTAATTGTCGGTTAGTTTAATAATGCCGTGCAAGCACTCAATGTCATTTCACCACGTAGAGAGACGTGCTTTTCTTGGACACGCCCTGTTGACTCCGTTATCCATTCACGATCTCGCGTCCCAAGCGGCACCCCGTTCCATCCGGGGCACCAGGCGGTCGCTGACATGTCAATAGTCTCTGGTTTATAAGAATCGTGAGACCTCTCGGCCCGTATACTAGCGTAGCGTTACATCTATCCACTCAAGGGCGGATCAGGCCAGTGCTAAGTTAAGACCCAAACAAAGTGGGAGACCTCTCGGTTGGGATGGCGTTGCTACAATCCATTGCGGGTGTTGCGTCTGCTCCTACGTCAGACTTAGGGAAGGGTAAGCACGCTTCCGAGATGTTATTTAGGTTCAGATGTAAACTAGGCCATGGATAGGGGAAGAATAGAAGGAGTAAACGTAGTGCCCGGAAGCCACTCGGGAGTAGACTCCTGGACATAGACGGCACACAGACTTCGCGTTTGGGAAAAACTAATCTGATGCATTTGATCATGTTAATCTTGGACTGACGCGCCGCTATCTCAGGTACCGCCCTAGGCCAGCTTCATATAGGTGGGATAGTGCGAGCCTACCTTGATCTTAGAGATTTCAACTTGGTCAAACGCAATCGTTGGCCTAGTCGTACCAGCAAACCTTTGGCGGCCGGCCGCGCCAGCATTAGGGAGGTTTGAACGATGTTACAAGGTTTGTTCAGGAGCAAACCCCCCGTCCGAGGCGCAGAATCTCGTAATAGAAACGCCTTTTAAAACCGGTATTTTATTCTGATCACGAATATGATAGACAGTCTGTGTTCTCACTGCCCTCGTTGATCGAGTCGGTTCTGAAACCGGAACGATCCCAGAGGATCTTTTCATCTATAGTATACTAAATGAGCACCCTCGATATCCTGTTTGGTGGTCTAGCGTCAATCTCCCGGGTGGCGCCTGCGGCACAGGGGGCTATGCAGACGGTCAAACTCGTGTTACGACGCGGAAGTCGTGTGCTTAACTAAGAGAGAGGGAATGGATTTGTAGTAAACAGGCGGCGAAGCTTACGCGAATGCTTTATGTTCGCCTTGTGCAGAAGCATCACCGCCCCGGGGCCCGTCTTCGAGCAAGTCCGCTCGTAAGAACCGTCCTGTTGCCCTCCTATGGGTCAACTTTGCAAAACGGG,1435,50.8,Mus musculus
SEQ_106707,CGCCAGGCATACCCGAGCTGATAAACTTTTTACAGGCCGGAATAATCTTTTTAATATTAGCGTCAGCGCCTGATGCGTGTAATCCCCTCGTCACACAACGCCTCGGTTTATTGAACCTGACCTTCGAGGAGCCACGGAAATCCGCCAATTGACGACGTGCACATGCTCCAGCTGGGTATACTGTTTACCGTTGAAGCGAACCTAACGCCTGTATGAAAGGCATTCGATCCTAATACTCACATTGACCATAGAGGATTGTCGTGAGAGAGATATGGGTAATTATTCACCAGATAGTAGATCCGGATTCTGTCGAAGACACGCCTATTGCAGCGGAGAATTGCAGACTAACTTCTTGTTATTGGATATTTGTGTCCTTCTTAGGGCTGGTAGTGGGTAGGAGTCTCGAATGCGATCCGCAACATGCATCAGCACAAAGGTTTAATTGCACTGAAAAGATAAATTGGACGGCATTGGAGGAGTGCGATGGCTACCGCAGAGAGAGCGATTGCGTAAAGAAGCCTGCAGCGTGCGTAACTGGGGATTATAGCTATCACCTTCCAGAGGAATAGATGACTTCAGCGAAGCCGATCGCATTTTCCCTTTGTTTCCCGGAGTAACACCTTCGCCGGAAAGCAATACCAAAGGTCAGCAAGGTTGGAGATGTAGGCGTGGAGGATTCATTGCCCGATACTACGCAACTTTCGTTGATC,710,47.89,Saccharomyces cerevisiae
SEQ_745246,GGAGGCGAAACCTTACAGCCGACAATAAAAGAATGTTGTCGAGTCAGGTTTGCTTCTCGCGGGGACTTAACCCATCGCCAAGCCCTGGGTATACGAGGAAGCCTCGGAGTTCTTGTCGCTACCAGCATATGGCCTACGGAGATAGCCCCTTCAGCGTCTCTTGTGTTACCTGTCTTGCGGTGTGTACGCGTATTGGGTGGCCATCGTTCATTAACAGGAGCACTCTCTAGATTATCGTTGGGCAACCATAGCGAACCTTGAACAGGGAGGGTTACTCTACGTCCGGCCAGGATGAAGGCAACGGAGTCTTTATTTAAACTTCAATTTAGGAATAGCAACGCGCCATGGTGGGTCGGCCCTCGGTGTATCGCCAAGGCATGGATGTCTCGCTCCGGTACATCAAAAAGGCCAACAGAGCATAGCGATGTAATCTGCGGGCACACTTTGTACCGTCAATCCATGCCACGGACCTATGCAATTGAATACGAGTGGCGGCATGCTGTAGGAAGAGCCTATGCCACTAATCTAGTTGGTCTGCGGCAGGCCTTCACATTTCTGTCCGACCGAAGAACAGGCTTCGTGCTCACCAATAGCAGACCTAAACTGTCTTATGTTAGTCCCTCCGCCAGACTCATTATGCAGACCGCACGACTTTCGCACACCCGCCAAGTTCAAGCAAATGTTGTTCAAACCTGGGCCAGCGCAAGCACTCGTTGGCCCTACTTTACGACCCTCAGGCGAAGGTGCGTTCAGATCTTATCTCTGAGTAAACGGGAATGGTCTGAGAATACTGGGGAACCCCTGTGGTATAAAGGAGGGTAACTCAGTGGCTACCCCGCGGTGTGTATAGCTTACAATATAAGTTACGCCAGAATTCGTGGGCCGTAGGGGCCGATTAGTGCTGCGGCAGCCACGATAGAGTTAACTTGTAGACACTTGGCGTTCAAGATTTAAATATATTTTGTGTCGTCGTACGCAGAGGCCCGTCCCCGGTAAAGTCATTATGCCAAAACGTGGGATACACGCCTTTCGTCACACGTATAAACTTGAAACATATCACACTTGGGCTATTACGACTGACAACATTGATGGTGAAAACGCACTGCATCGACTGGAACAGAGTAGCTCACGGTGAATCTATTAACTTCGTGACTAAACCATAAGCTGCTGGCCGTCCTCTACATAGTTGGAGCCCGTGTGATCGTCTAACCATGATCGGAAGGGTGGTAACAACTCGTGATGAGCTTTCCACCAAAAGCCATGGTCGCATGAGCGGGCTAGCTCGTACCTTTAGTCACCCGATTTAGCTGCAGTTAAGAGGTCGTACCGAGGGCTTTTGTAAATTTTGTATACTGTATACGTAGGCTAGAACTCTCCCGGTCACGGGTTCACTGGTACCGGTCTACCAATTAGGGTGCCTCTAGATTTGTTAGTTGTAAGTGGGATTTACCCCGAAAATGCTGTTGCCTTAGCCCGGTCTGGAATATATAACTCTGCACAAGGCCAAGACGAGAGGAGTTCCTTTTGATTACGACACACCTGTACCTACACATAGAATAACTCATCCCGTACGTGTTCTCGTTGCGACCATAATATATAGCGTAAGCTTCCCCAGGTAGGCCAGAGTCTAAGCCTTCTGAAAACCACGTAAGCTGTTGGCGATAAAGACCATACATGGATAGATCCCGTTCCTGTAGCATCGTTACCAGGCTACATTATTACCCATCCCGGAGCACAGTGCTCACTCACGCGTGCCCTGTAAACTCATAGATCACAGTCCAAGTTGTTATAAGACTGAAATGAACTATTTCTATTTTTGAACGAGCCTGTACCTATAG,1838,49.13,Caenorhabditis elegans
SEQ_300557,TAGGCACCCACTACGCCCAGGTACTAACAAACGAAGAAGCTTCATCAGCCCTCATGAAGCCCGGCTAGAAGTGTATAAAGATTCTTGGCCCTATTTGCGGAATCCGCCAAAGATTTTGAGGACATCCGTGGTCCTACAAGGCACTGTAGTCTTCGATGCCAGCGAACATCTTTAGTCCTTCACCGTGAAACAGTTCTTTCAGTTGACAACCGATAGTTGCCGATTCGCCATCACGATCCCACTTTTCACTGCATAAACAGGTCATCAACTTCCTTTGAAATCATGAGCTAGGTTTTAGCGAATCGGCCGCATGCCGGGGCATTTCCTAGTCGGGATGTGTTGGTTTATGGTTTAGAGACATGCCGCCACCCCCATATTCCACTCAATGGCCTCCTGGTGACGGACTGAGAATCTCTTAAACCCGCTCGGGTGTAACTCGGGCAGGCCGACATAATCGGGGTTCCTTCGCCGGAAAATAGCGTCATCAATAAGGTAGATGCGTCATCGGTTGGCCTGCCGAACGTTGCCGCCAGCGATCAGAACTGGTATTACATCCGGGAGAGGCGGACGAACATATGAGGGGCTGCGTCACGGAGACGGACCCCATAGTGCCTTAGCATTCGACCCACCGACGGGCATGTAGTTAAAGGAACCGATCACCTCTGAACAAAGTCTGACGAACTTGCACTCCAGATTTGCAAAAGTTGAGGTGCGCATATGTCGACAATGCCTTCTGGCCGCGCTAGCGAATAAAGCGCCCCGGCCCTCGGTGTTTCCCTCAACACAACGCACCAGTCGTCGAGATTAAGAGATGGAACAGAAAGTTCATGTTCCGGACGCTCTATTAATGCGCGGCGCCCTACACGACGCAGCAATTGGCATCGCATTTCCCTCTAGCAGAGAGCGTTGCCAATATTTCCCTCTCTTGCACCCCCGCATGTTCAATTTTTACAGTTGGATCCAGGATGGAATGTTCCGCGGGTCACATCGTCGACAGCAATCTCATTTATTGCGATGGTACCGGATTGAGCCTTACCCGGAAGGCTTGGCTTCAAGGGTTCATTGTGGACCTCAATAGAGTACTGTGGTGCCTTTAAGTTAAACTCTTTCTGTTCAAAAAATCTTTGAGACATTATGCCGATCAATTTGGTAATTTGAACGACTTCAATTCACGTTCTACGTACTAGAGTCCAACCTTTCTGGGGACATAGACGTGGTCGCCCAAAGTGTCTGCCCTGGCTAAGTTTTTAGTATAGGGAATGTAACACTCAACTCCGACGACCCCTTATCGACATACTGCCGAGTACAAGGCCAGTTTAAGCCACGGGCTCTGCGATGGAGGACCAATAGTAAGACCGACAGGGGTAATAGGGTATGTAGAGGTTGCAGTTATATGAACGGCACTGTAGAACGGTAGCATGAACCTGCGAGGATTGGACTCGAAGACGATGGCCCGCATGCTGTTGTCAGACGCATGTGCACTTGCCCGAAATCCCTACACATTAAGGCTACTCGCCACTCAGAGATAACAGAGATAGTACGCTATTGGGGCCGACACTACGTAATGCAAGTGGGAATTGCAATCCGGATCCTTTACTGCAATCGGTATTCCAAGGATGGCAGAGTTACACCGTTGAGAAAGACTGAGCGCACTCCCGACGCTGAGGCGGGTTCGTGGGTTGCGATAACATACTTCTCAGCGGACTTACATCTTGCGAC,1719,50.44,Homo sapiens
SEQ_544601,AGACTACCGGTTTCGGGCGTCGACTTCGTGTGACTGTTGAAGGAACGTATAGCCGATGGGTATTCGAAGCAATGAGGGATACTCAAACGGGTCCATAACGCGCAAGATTTCGACATCTTAAAAGAGCCATGCCTAGACACCCGGTGTTGCGGGACGTCATGGAAAAAAGTTAGGAAACAATCTCTCTTCAAAGACGCCTGCCTGACTTCGGTATTCCCGCCTTGCGAACTACATCTCACCCACCCGTAGATCAAAAGTTCGGAGACGTAGGTCGTTCGCATATGCAGAGGAAATGGGTGTACCCTAAACCTTCAGTACTATACCGAAGAGTACTGCCAATTCTGGAGGCCGTTCTGTATTAACTGTCTGAAACACCGGGCCCAATTCTGGCCCAGTCTCCGGATGACCGGAGTAGACGTCGTCGCCAAGGTGAGTGTTGACCAGCGGATTATGCTGACTCGGCTTCCCATATGGGGAACACTAAGCATTATTCCTACCGGGCCACACCTTCGCATACCACGCGGGACAGTATGCGCAGAAGCTAATGACAACCTCGCCCCCTGCTTCCCACATTCCGCCGCCGGAGCTACCCAAGAGGAGTACAGGACTGAACACTGTCGAAACCCACGCACTCCTGTGGCGCGCGAAAGACAAAAGACCTCCCGCCACCTACTAACCCTCGCGTTATTAGTGCGTCCTTAGAAGAAATAGAGGGCCCGAATGGTCAGAACTCTTTGAAGGGAGGGTGAGAATCAAAAGTACCTGGGTTTTACAGATATGTAAACGTACAGACCATGAGCAGGGGACAAAGGTGCTCATTCATCCGACCCCTTTTTGAGGCGTAACGTAAACCGTGATCGTCTGAAGCCTGGACCCTGAGCCCTAGGACGCCCTCCCGTTAAAGAGTGTGAACCGAGTCAGGGCACTAACATGAGTCCCCAAGACCGGGTAGCAGGGGCCGTCAGTCAAGGTTATCGGGAATTACCGGTTCCCTCACACTTAGATTAGGCCCTAGAGCTTGTCCACCTTCGCCGCGCGGGCGGCTTCCGAGCCGAGCGTGGGAGGTAAGCCACCAGACATACCCGTGTCGCTCGAGTCATCGGTCAATAACATGTACATAAGGTGATGATCTTGCGAACTTAAAGCAATTGTCCAATCCCGTTGATCCATCAAGGACTATGAAATTGGCGCGCTCCGCTTGCTCTCCCTTGCTATGTATCCATTTGAAGCGATGCGTGTCCGAAAGATGTCTTCGCGTATGACGATTGCCGCTCAATGCCAGGCGTGGGGAGCTCATCTAGTTAGCATTGGGTGCCACGGAAATGTTTGACCGAGCTCCAATCCGAGAGCGCAAATCCCTAGTACGCCGTCTCGTGCACCTCGGAGCTAAGCTACACCCAAGAGGTATGGCCACCGAAGGTCGTATTATAAGGAG,1435,52.96,Mus musculus
SEQ_417500,AGTTCCAATTAACATGGGTACGAATTAGCGTAGCTTTCTATACCATCTCTTAAAACTTATTATTCACCTGCGACTTTTATTGTGGTGCCCCTCAGAGCGTCTTGTGCAGGCGTTCCACGCAGCGAGCCAAGCAAAGTCCAGGGCTTTATAAACAACAGACACATCCCTTGCTCTTTCTTCAGCGTCTGTATCCAGGAGTTGAAGGTGGCGGCCTCACCTCAGTAGTTCAAGCTACGTATGCCTTGTCAGCAAGAAGTGATCTTGTTTCGTGTGAAGGCGTCCAACCACCACCTGTATTATGCAGAAAAAATTAGCAGAACTTGCCGCTGACTTACTAAACGAGATAACGAGATACAGTAGAAAAGTAGACCCAATAACACTGTCTACGCTATTTCAAGTTGTCTACAAACGGCCCGTACAGACTAATTCATAACTGTATGAAAATATCTATTCTGACAGCTAAGGGAGTTGTCGGAATTTATATCGGGTACGGAGCCATGGTTGTAAAAAATTGTGTCTCCGTGCAAGGAGCTTCTACGATGTCATTGAAAACTTACAGGTGAGGCTCCTGATTGCGACTTTGGGATAAATTGTTTGGGTCTGAGAGAGCACCGTCTGGCATGGCATCATTGTGGCGGCGACGCCGAAGTACGGGGCTTTACAGGGTTTTACTAATTCCCACTCTGCCTTCAAGAATCGAACTTTCACGGCTGTAGGCGTTGATCGGAACTGCTAAGGCCAAGAGCCAACGCCCCGATAAACCGATCTGTGGTTGTAATGACCAAAGCGCTGTATTAAAGAGAAGGGTCCCCACATCCGAATACTCATGATAGACCTTACTCGCAGGTCACTGGAACCATATATGACACGTCTATCACATCGTGCATTTGTCGGGGCTCACCGTACTGGCTTTAACGAGTTTGCAGAACACTGCCGACCCGGAGCCCTTGAGGTCTACTGTCCGCATCTCGTCGCATAGGTTTGTTGAAGCTTGGGTCGATTCCGTGACCACTACGATCCCATACGGTATTTAGATAACTGGATCAGCTGGCGACTAATGTTACAGGTACCTGGCGCTATTGCTCAGCCCTCGGACGTTGCAAGTGGGACAATGATATACATGATCCAAAAGCAGGCATCACTAGTCGACTTGATCAGGGTGTACCTACGACTAGTGGCAGGGGCGCTCTTTGACGCGGGGCCATAAGTGCCGGTAGGCCGCTGGCCAGAATTGGCCTCCGGGCACTTGGTTAAAAGAGGGTGCGTGACGTCCCTATACGCCATGGGAGGTTGACCACCATAAGAGCGTTCGTGGGGGCTATAGAGTGCGCACTAGAGATAGGTCTCCTGGCAGTCTCACTTATACCTCTTGCTTTTGCACCAAATCTGAAGAAAGTTCATTAAGTGACGGGCAGGATTAGTCACCTCGGGACAGATTCAGTCCAGTGCCCTAATCGAAGTGCTCACTATTCATAGGTAAGTCGGGATACCTATAAGAGGCCTCACCGGCTCTGAGGACGTTCTAGGTTTGGCATTGTCGCACTCTGGTCAGCACAGGCCATGTTAGCCCACTAGAATTTGTCAAAATCCACAATAGTATGAGACAGTTGCGCGCGTAACCGATGTCAAGTCCGGCGCTCAAGCCGCATCCTCTGTCTATTTGTATAACGCCGACCCCACTAGCCACACTGGTAAGTAAGCCGGGTCTGTACACCACTTACCGAAGTCGGCTTGCACAGCTCTAGTACTATGGCCTACCTGGGCACATCAGCTCTCGACTTCAGAGGTGATGGGGACACACCGCGGTCCTGGGGCCGTGACACCTTAGGTATTTTTGGGGCAATAGGCCTGTACCGAGGAGTGTAGACAACGTCTGCTGTCGTTTATGGCCATCTGCGTCTCCGCACTGATTTTATTCATATTGTTTTCTCAAAATCCGTGGCTGCACGCTAGGAGGC,1958,49.64,Escherichia coli
SEQ_541777,GGGATATCTATTATTTAGGATTAGGGGTGCCCACCAGCGAGGTCATTTACCGAAGATTATGTGGGTTATATATTAGTGATCACATGCTGCGGTCCCCCTCTTTATTCATAGTAGTGTTGGACCAAGGCTAGATGCAATTCATAACCAAGGCGACAACTCCGTTTCCCAGTCTAAAACCACGCATTCTCCTCCTTTCGTACAAACAGAAGACCAAACCGCATCAATTTTCACTCAGTCCTATTGAATCTTATATACTTCTGGTTTCTCTCCGAGAGACGTGCAAAGCGGGCGGCGCAA,297,45.12,Arabidopsis thaliana
SEQ_521758,AGACGATACTACGGCTTGTTTGCGACAGAAGCATTTGGACGTGCGATTTATTAAGAGGTAACGATCATGCACAAGCATCTGGCTATGCGTGTGGTAGAAGCCACCTCCACATCACAGTGATTTTTACCAGGTGTTGCTTTGACCCTTCATTATGATCGTGTACTATCAATTAAGAAGAAACTGATCCTCTAGAATGCTCCCGGATTCTATTGGTGGAGTTTGCAACCATTTTTAGTATGTAAGTACCTAGGCCGAGGTCCAGAAGACGGGCCCCACTAAGTACACAATCGTTGATTCGCGTTACCCAGGTTCTGACGCGGCTCTGAATGCGGGTTGTATTGGTGGTTATGCGATGAGTGCAGATACCCCCACACAGGACTGCCGGCGGCGGTGATCTTACATTGTATGTTTTTCGTCGAGTACCCAGACAGGTCCACCCGGAGTTAACTCCTGCAGGATTATTCTGCACATGTTTTAAGAACATTGGCTCGACCCTACTTCCCATTTCGTCCACTAAGTATCGGATAGTACTGGTGATCCGAGCAACTGAGACTCCCACGGAGCTAGGTAGGCGCGAAAAGGTCGACCGTCCTCAAGTAAATTAGTAACTAGTGCCTATCACCACCGGCCCTGATGCCCGAGCCGCCAGTGCCATTGGTGGATATTTGACTAGGAGCCCGTAGCGTTGAATTCAGCGTGCACTGCTACTAACTTCCTAATCGATTACGTTTAAGGGCCGATATACGCGATCTTACAATGTACCTTGTACTCTGAGTAAGACTTGCCATGACGATTGAGCCGCATTAGACTTTACCCTACTGAGCCACCAAGACCACTGTCCGACTTGCGCCAACATTGATAGCGGGTTAGTACGAATAAGTAATCCTCACCGTGCCTCTGCGACTACCTCGAGTGAACCGATTACTGGATGCTTGATTAGTTAGTATGTGTGGCCAACATATTCACAGCAGATTTCCTAGTAGAGTT,987,48.13,Mus musculus
SEQ_788959,GCTTGCGGATCGTCGGGTTAAACAGTCGACAAAACCGCCAGGTGAATGGGCAACTAATTACCACAGCGTAGCTGAGAACAGGCGGTGCTGTGAGCCAACGAACCTAACTTTCGGTACATATCGCCTCGAGGGTTGCACGCGTACCCCTTTAGTTCTCTTTACAATGTTTAGTCAAGTCTGTCGTGTTAGCTTTCACGCGATCTTAATACTATTTTTCAAAAAGGCGTGGGTTGACCAGAGGGCTTTAGGTAATAAGTCGTTCTATAGAGTGCGGATCGGAGGCGCATGGACATGCTGGCATAAGAAGACACATGGAGTGTTCGTTCAACCACCACAACCGTTAATAGTGTTCAGGAAGCGCAAGCCGCTGGCTAGCAGGTTTTGTTGAGAACCTCGAAAAGTAGACTCAGCAAGCAAAACCGGCGCCGAGTGGGCGGCGAACGCTATGGGTAATCTGTACTAGATGTGGTACTTCCCGAGCATCAGGAATTCCTTAAGCATGCACGTGCGCAGTACTTCTAGGCGAAATCAATGTTAGTCCTGACTCTGGGTAACCCCTCCCTATAAATTATCTACCGCTACAATGCGAGCTGTAACAACCCTAAATCAGCAGCCTTATCAGCTGGATACATCCGCACTGACGCGTCAGTCGAAGAATTGGAGGTAGTGTACTAATAAGCTCGCCCCGTATAGCACTCTCCGGAGGGTTACCGACTGAAACCCATCTGCAAAGCTCTTTTGTGTTTCTAATTGGACCTAAATAGAATTGGCGGGTAACCTTGCTGCAAGACAGTGCTGGGTCTTGGATATCACGTATGTTTCCCTTAATGCTTTTCGTCGGGGAATTAAAGGTGAACAACGATTCCACTGATGATCAATAAAGAGTCCGATGAGCATGTACGGGTTTCAGTTACAGAGCGTTACAGTCTGATCAGGTCGTTACCCTTGCTCCTAGCCTACTGTAACACGACGGTTAACCAGAATGGGTTATCCCCGGACGTCTGGCGAAAAAGAAGATTCCTCCGCCCAACAGGAGGTAAGCTTGTGATTCATCAACTAATCCACGTCAGCGCGCCATTATCTCTCAGGACAACGGTACTTCTCAGAAGTTTCTGCCGTCACCTTAGGAGTTAGCGGAAACGCCCCATATGTAGAACCCATGGTCTGTAACACTGCTCCATTACGGCGCATGTGGATGCCCGCTCGTATCAAAAAGCAGGATGAAAGGGAAAGGAATAAGTGGGCGTTGGAATTGGGGCCACCCGGTACTCTCGAGCAGTCGGGCGGAATAAACCGCTGGGATCTAAACCCACAAGATGCTCCCTACGGTATGAAGAGCGTCCGTATAGATACATGACCTAACGGAGTCTTCGAAGGTCGCGGAGAGGTCAGCTTTTTATGTCTGGGAACAGCCGTCTACACTCTGCATCCCGTTTATTCTACCTTTGTACAGACCTTATGTTAATAGTGACAACAGGCGCGTGAAGCTTGATGTGGGAACGCAAAAGTAGCCCTGTCTCTCAGGGGGGTACTGCGGCATGTCATCGAGAAGTGCCTATGTACCCAGAGCCAATGGCACAGGGAATCTCGGAACGATGTTCGTAACTGGTGACTCTGAATGGGACCAACGGTTTGTAACTTCCATTGAGCACAGGGCATGTCCGTCTAAAAGAGGGTGTTCTGAACCTGCTGTGTTTGCGAGCTCGTATACATCAGTGGCCCGAAACACTGCCCACCATGATTTAGTTCGCGCCCCGTCGCTTGGTCACCTCGTCTCGAGTG,1782,49.78,Escherichia coli
SEQ_111262,CAGCACAGACTTTTTGGATTCTAGCGAAGTCCAATACAGATCCCTCACCATGGCTGTAGGGATTTACAATTTCGTCCAAAGTAAGAAGTACTTCTTCGGACAGATAATACCTTCTTAATTCCAGCCTAGCCTAGACTCCAGAGACTGTACCAACAACCTTTTGGGACCACATCTAGGTCAACAGCGTTGTGCCTCTATGCTATACATTATAAAAAAAGCCACTCTAATAGCCACGGGGTTCTCCAATCTCTGGGTGTCACACCCTGCGTCACAATGTGCAGCCTCCTCCACCGTGGAGTGTCGAACGAAATTGCAGAAAGTAGTTGCGTTGCCCGTCGTAAATACAACTAGACAAATTCCTAAGTAGGCACACAGGAATCACGCTGTGTAATTAGCTTCATCATTCACACTTGTAACCGAGAAAAAGGAAGGTGCAAGGTAGTTTGGATAAGTGGCCCAATACACCTACTCTCACAGGGTAGTGGTCCGGGTCGGTGTAACTCGCAACGAGTCTAGCGCGCGCGTCTACGTTGCCTATCGGATAACTCTGAGAGGATTTGGGATGATCTCCAGGGTATTGTTTGTCAGAGCCATACCATCCCGTCATGATACTCACCCTTCATTAGGTCGCCTTTACCTGCCCCTTACTCGAGCTTATGACGGGAGATTGTTACTTTGTTTGGAGACTGCTTTGAGAACAGTAATCTCCTTTAGATTGGAGGTCAGGGCTACTTGACTCTCTGAACACGGCGCTTGACCAGGCCCCGTGGACCCTTGGTCGGTGAGCATGCTTAGTGAGAAGCCGTGTTTCCGTAGTGGACGAGCCGGTGACTGCGAGGGAAATTGTCCATCTTAAAACTGGGAGAACCACTCGTCGGCGAAGAAAGCTATGAAATCGTACAAGATTTTAACCTTTCAACGCTTGCGCTCCCGTAAAACGGACTCTGGAAAGGACTAGCCGAAGATTCCCCCCTGTGTTATATACAGTAAGATTCATCATCAGCAAGGGCGCTGCGGATCCGGGTCTTCTTGTTGAATTTGGACGGGTGAAGGTGTGAGATTGCGTGATGGGTGTGAACCTCTCTATCGTATTCATGCTTACGCGAAGCCACTTAAGCGATCAAATCTTTGAGCAGGCGGCCTGGGTTCACGGTAAACAACCAATATAAGGCTCTCCTGCCCATCGATACACACGATCCTAACTAATAACTACATGCATGTGCGCGGCGGGTCTCCTGGTTAGCCAACGAACAGTTCTGAGTCTCAGGCTACTTTAGGCGAGCCACACTGGCGATTTCCTTTACTACACTACTCTGTCTTATAATTGTTAGCGCGCCTTGCTCCAACGTCTAACATTTATAGCATGGCAGAAGTTGCCGGTGAGGAATCTCTCGGAAGGATCACGCAGGACACAACCTCATTCTATCGGCGCTGATTTCCCATTAGCTGCCTTCCCTCATATACTAGGCAAGTGACCGGTTCTTATTTCGTGCGGAGAGCGTGGATTCCGCTGCATGTCCGATTCCCGGCACTCGCCTCGGCTCACTCAGCGTACCCCATAACTCTGTCGCTCCGGTGGGGCCTACTCGAACCAAACATAGATCTCACGCAAGGTAACGTCTCCCTTACGATGCTGCACATATCGGTAGGAGTCGAACTGATTTAAACCATGTACCCACAGTGGTTTACTAGCGCTACACACACAGCGAAGAACTTCAGGAGGAGTAAAATAGGGGCGCCCTGCAGCTACCTCACAAGGGCACTAGCGTGCAGCCTTAATTTGATAGCTTTGTTATCTGTCGTTCTCTTGTTAAGGACAATTTTAC,1826,49.07,Drosophila melanogaster
SEQ_380891,GATCGATTTCGGCATCCGTTTCCTGCTCGTTGTCCTGGGTCTTGTTCACCTATGTTCACGAGAAAGGTGCAAGCGGTCTGGTAGTGATAAGTGCGGCGCGGCTGCATTCAGGCGATGATCCATAGTCCCCCCCATTTTATACTGGCTAGGGCTAGCCAGAGGCGCTGGAGCACGCTCATGAATAATACTACAGAAGTGCTCAAAAAAGAATCGCTACTCTCTCGCTAGTGGTATGGAGTGTCCGCTCGGAATTAACCAAACGTTCACTATCACGCACGAGTCTGCCCTGAGGGGCCGTGGATAGCGCTGTGGGCGCAATTATGCAATTCGTAGCGGCCTACAGTATCGTTCGTTTTGGCGTCCTGTCTCTAATGTCGGTTAGCACAGAAACCATATACAACTAACAAAACGAATAGATCCTCTAATTCGGGTCACAAAGAACGACTGTATTAGCGTAAGCGGGGTATAGAAGACGTCCACATTAAATAGAAAATCGGCTAGTCATGGCGGAAGATTCTTTCCCACCAGTGTTGTTCAGGATTTCCCCTCTTTGCATAAATGATGAGTCTCCCGTTACGGCACAGGCCGGGCAGTGGGCCAACGGGTTCTGGGTGTACTTTTCCACGCAGACTTTGATACCGCAGCTCCCTATCTCCCTGTCCTCGACGTAACGAACTGTACTTACGGTAGGCCTGACACCTGGGTGCCAGGAGCCGCCATATAATCCTTCCTGATTTCCAGTTTATCAGGGGAACGTTCCGAAACACCCCATATCTTAGGGATATGGAAAACCAGCTATAAAGATACGGCTAGATAGTTCGCTGCTTTGCTAATTTTCGTCGAGAAGCCGCCTCCCCACCCACCCTCGTTTCTGTTGAAAGGGCCATCCACTCAGTGCTACTCAGTAACGAGTTCCCGAAATGAAGCCGTCGCTTACTTCAGAGATGATGAGGCGCATGATCCAGTACACCATCCGACTATTAACATTACGTGCGATAAGCTTCATGAGCCGATCAAAGTGTCGTGGCCGGGTAAGCCCTGCAATTTGCTACGAGGATCCCAGTTCAACACTATAGGATAGTTG,1084,50.0,Arabidopsis thaliana
SEQ_267911,ACCGCATCGCTTTACGACATAGCGTCTCCCAACGAACGCGCCATTAGAATGATCTTTTGAACAGACCAGAGTCTGGACCAGTATACAGTGCCATGTATCTAGTGATCACACCAAATTGACGTTACCTACCAACGTTACTCGCCTCTAGTCCAGCAGTTGCTCGGCCGACAGTACGCTCTCGCTAGAACCTCCCTCCATATAAAGTTGCAAAGCCCGCAACGCAGACGTACAACAAGGCAAGACCATGGTTTTTAAACATACGGCATCTGTTTTAAGACAACGCATTACCCTTATCTGGTTGGAGCTGAGTATACGAATCATCATATTCAAATGGACCCCTCTACGAGCGGTGTGTAACAGTACTTGGATCACCTCGGGACGATTTAACAGGATAGATTGTTGTTTTAACCTACTACCCCCGCAAGCACGTCCCTGACCGTCTAGCGACACGCATTTCAGGGCAGGGCAGTCTCGTTAACGCGGCCTATTCATGTCACGCAGCAGTCCTTGAAATGAGTAGCTAGGGAGCTAGAGTTTGTTGCTTTATACATTGCTTTGGAGCTACCTACAGCCCTTAATAGCATCAATGTATGGTCTGGAGAGTTGTCTGCTCAGACATGTAGCCTCCGGGAAGACCCAGTTCGTTTGCTATGCAATGTCCTAGAATCCGAGCACAAACCTACCGTCCTCCGACTAAAAGGGCCACTACGAGCATTCCCACCGTCGACCGTTAGGCGGGTCGTTCGGTATGAAACGGAGGCGATCGGTCGACGTAGATCTGGAACACATTCCGCGGTCCTGCTCGTCGTCTTCAGAGAAGAGCCGTGTTTAACGGTCATTTGACCTAATGAAATCGTACAAACGCGATAATAATAACATGCACCGCTCGCCCTGTTGACGTTGACTAACCACTAGGTATGTCACTTTGCGTGTGCACATACGTGGAGTTATGTTTGGAGCACTGAATTGTAGACAAGTTGGCTGCCTCGCACATAGCAAGTGATTGTTGTTAAATGCAGGACATCAACCAACTGTGCGTACGTATTCTTAGATTGGCCAATGGTGGATTCGGCTCAATGCTTTTGAACACACGAAGCACCGACGGGCATTACATTCACGTGGCCAATTCCTAATAGCTCAATGCGACGCTCATCGTATAGACGTTTCGGTGATCGGGTTGAAATCCAAGAAATTCGAACAAAACCTTAGAGGCCACTATGCGAGCTGACGAGTTCTAATGCGGAGACATACTCGGTTTAGAAGGCTCACCCGATAGAGTCACCGCCTACGAGGTATGCAGTGGGTCTCACGGCCTTACAAGCTGTCCGGGACATTGAACATACTTACAAGCCGGCACGCTCTATTTGACGTTTCTCAGATACCCTTGCGTCCATTACTAGCTTCTATAGTAACAGCAGAGCTTTTGTTGTTACTATCTCCCCTCTAAGGACCGAGTTTTGGTGCGAGGAGGGGCATATTCCACCATTGGAATCACCAGCGCACTTTTGGTTAGACTCTGGCTGATTTTGGAGCCGCCACTTACCCAGATATCCCGAACTCATAAGACGTAAGAGTAGTGTGGATAGGACAGAACTCGACGAA,1602,48.63,Drosophila melanogaster
SEQ_396287,CAACGTCACACGCAGGTCCGCTCCCTTGTTTGACGATTATGGGTATGTTTCCAGTTGGCAATGCTTCAGGCACTAATCCTCAATGCAACCTTTATTTGCCAGGAGAACGTACAGTGCGAGGCATTGAAAGGACTTCGACGGTGTCTCGTTGTGGTAGCTTCGTCAAGAGGACGCTTCCCGCCCCCGGTGACTGTCAGTTCCGGACGATGCAATAAGTACCTCACTTACAAAAGATAGCGCCGGTCAGGTCATGTTATACTAACTCAAGACCCGTTTGGGCACCAACCGGCCCCTCATACGTCCTACCGGAGGTAGCAAAGTACGGGGTGGATAAAAAAGTGCTAAACTCATAACTTAGAGAGTGAAATGTCCCTCCGTGATTCGTTGCTCTGATGTGTTGATTCCGCCTTAGCTACTCGCCGAGACCTGAGTCCCAAACAGGAAAAGGCGCCCCGACCCTGAACGGAGTCGAATGTAAACCTGGAACCTTCAATTCGACTTGTGACTGATGTGATCTGGCCCGACTGCGTGTCCCCCGAGTCGAACGTTTCGCATCTCAGTGGGCTGGTTATAAGCGCAGCATGCTAAGCGTCGTGAAAAAGGACAAAGCCGTAATCCTAGGACTACTGTGCTGAATCAAGAGACTAAACATGCGGGTATTATTCGTGGCTATCACACCGGCTGGATTTGACCCTTTACGCCAAATCGACGTCTCATGGCTATAAGGTATGGCCTTAAATTATCTTCTTACATTAGAGCATTGTTCTGACTAGCTGATAGAGAATAAGTTCTCTGAAAGCTCCCAACGTCACGGATTATCTGCAAAGTCCTAATTGAGCGGGGCAACATCGTGACGAATGCAGGCTTTCGGGCGCTACCCTTTTGAGGAAACTTCCTTTTAGTTAAGACCGATTATAGCAGATCGCTCAGTCGCTGTACGGAGAGGACCGAATCATACTGCCGCTATGTAGAGT,974,49.38,Drosophila melanogaster
SEQ_895315,GCATGTGACTATGTCTGCATGACGCAGTCGTCAGACGGTTAAACTCGATGGAGCCCAGCGCATCCTAAGAAGGCGCACTTGTTAAGCGCCTTATTGGTACTGCGTGCTGTCACTAGGTATAATGACTATTTGGGTTAACGCAGCCAAGGGATCCGTGGCGTATAGAGCGAGACCGGATCTTATGCCCAAGCGACTTTTGAGCTTAGATTTTTTGGCGGATTGCTATGGCCGGTGTTAGTATCCCGGATGATGACCCCTGTTTTGCGCCCTTCAAAGGACGCCATAATGAACAATATATGGAAGCACTACATGCCAGACACCGTTTACCGACGTCTCCGTCCACGCAGAATGAAAAACTACTTATATCGGAGCCAATACATTCCGGTATGCTCTCAGAAGACCTTTGGTGGGTCTGTGGTAAATCAATTCTCATGAGTAACAGCCCGGATACTTTGGTCACCTTGTAAGAGCTTTGGCGCCTACAATCGGTTTACCGAAGGATCTATTTCCAATGTGCATTGCCCTGGAGGTGACCCGTCTATTCGCTACCCGGGCAATACATTAAACGGCTTGGGCGCGCCAGCGTCACGTCCAATTCGGTGAACGAAACGGTTGACTTACGGTCATTTGTCAATCGTGGCTGCGAATTTTTTGGCAGCTCCTCGTAACCCCTTGTTCGGGGCAGGGGACGCAATGATTCACGACTCATCCGTATTAGACGAGCGACTATGGTCTACTTCATGCCAGTTTGAACTGCTGCAGGAGCCCTCACCAGCGGCCGACTTACACAGGACTCGGCTGTGGCATCCTCCCCAAACTGTGTGAATCGCCGGTAGCGGGAGCTCTCATATAAGATTGTGAGTCACGGTTGATTACTCCTTTCACCTTACTCGCTTGTCTTTACGTCAAAATCCCTCATACACCGCAGCGACGACGGTTTTTCCAAACTTAACGTACGCCGTCGCTTTCTGCCTCCTGAAAATGTCTCTACGACGGACTTTAACCTTCAAGGAATACAGTAAACAAACGGGGCTCCAACCTCGCTCCGAACAGTACCGGTGCGCTTCGATTAGTATCGGTTGCGCTATGAAGAGTATCGGAATCAAACTTTCATTCCCGAGCTTTTAATTTTGTGCGTCCGCAATTCGCTAAAGTGCATTATGCTAAGATAGCACTTCGCTAACATCCATAAGCGAGAGCCCATCCGGGACGAGGTACCCCTGTGCCGTCCGACATATCACCGCCGCAGCACAGAGCGGTCCCCCCGCGGACATCGACCAAGCTCCTTATTCAGCACGGAAGATGTTCTTAGTAGATTGACGACAAAAGTGCCCTTTCGGATAGAGGCCCAAGTTTAGGGCTTTTTGTACATATGTTCATATGGTTAACTTTCCGATTCCCCTTGCAGGGCATGATGAAAGGAAGTACCCCGGTAGCCTGAACATGAGCAACCCGCGTTAGTGGTAGTCTCGGGGGCGGCTTATCTGAACAGACGCGGACCTAGCAGTCATAATTAAATTGTAACTCCATGTGTCTCTTTTGCCTCCGACTTTTTGACCATACGGTAATAGACTTCGAACCATGGTGTATGCTAGGAAGTGAAAAGCCAAAAAGATCATGACACGTAAGACTGCCGTTAACAGGTCGCCTGAAACGATCGGCCTGGTTTGACTGCGTAGCATATCGGTATTATGGGTCTACTCGGCGAGGGACCGTCAGTCTTGCAAGCAATCCCCCTCTGTGTATTCAGCGTGTATACTGAAGAATCGA,1770,49.83,Mus musculus
SEQ_270912,CTTACCGGGCTCAACTAATCGTTTAATGTGTCAGCGCTCTTATTAGCCAGCCGTCAACACGTGCCTCGCACCACTCTTGAGTTGGTCACGATTGGATTGCTTCATTAGGGGCTGTGACATACGTGAACTTCCGATCGTATCTAATTCTTTTTCCGGACGAATTGCCGCCGCAGTCCTTATGAATACCTCCGGTAGCCCGCGCTTCCTCCCGAGTTGTAGGATTCCGGTATACATAGCCCAGTCTACTACGTCTGGTTAGTCCAGCGTGCGGTCACCGCGGGGATATTTAGGGACAAACATTACCATGATTATGCCATAACACAAAGCTAAGCCTTGTACTGGGGAGTATTTAGAACGGCTTCGTCATCGCCCGA,374,50.27,Mus musculus
SEQ_190066,AATTGGCTTCTAACTTGTACGGTGAAGCATAACCTCGTTTTGATATTCAGTCCGACTCGCACTCTCAGCCTGATACAATGTTAGACCGGCAGAGCCGGCACTAACCTGCGAGACGTTGTCGTTCGAATCCAACGATCCCTTAGACCCGGATGCCGTAGCTAAAATTAGTAACAGAGTTTGTACGTACCCAGACTTAATGCCGACTTGACGTTATAAGAGGGCGATTTCGATGAGGACTGACGAGTGAACGATGATGTCGTGAGCGAGGACGTAGAAGTGGCCCCAGCCTGAACGATGTTCCACTATTACGGACCCACACAGTGTACATCTGGGAATAGAATGATAACATATTCGGCTGACCTAGGTAGTCGCTTGTTCGGCCTTTATAATCGCATAGAGTCGCGTCTCACCTCTCGGTTACCCAGTGAATATTTTTCTACCGTTAATTCTCATCTCGGCCGAGCAACCCCACGAGGGTTCCCCAAAATCATTAGGCGGATGGAATTGTATCGTAACCTTCGCCGGGAGAAAGTGACGCCTAACTTCTTCAATCGTTAAACGCGAGAATAGAGGTGCAAGTAGGGTTGAATCTCAACCGACTCCGGCGGCCAGGTATACTCAAACCGAGATTAAGCCATTGAGTACCGCGGCTATTCCAGAGCCACCCGTCCTAAAGAGGGTCACAATCTGCCGTGAAGACGGCTACGCCCCTGCGCCTGAGCTGTGGGGAACGGGATATATAAGTGTCGTCCGCGAAATACGTTTCCGAGAAACCCTTCAGGCGGCGAGATGACATACGCTGCCACCGGTCGATACTTTGAGGGGATTCGTAGGCCATGTACTCCATCTTTACCTCGGGCCCCTTCCAA,869,50.75,Homo sapiens
SEQ_136725,TGGCAACCAGCTCGACTGCGCCTCCTAGTTGTCACGCATAGCTCTAGGATACGCGCCCATCGGATTCTATACTGTAGATGCCTTACGGAAAGTCACCTGCCCGGGGCCGGGGAGCATCCATGCGAAGCCACTAACCACTAGGATCTCTAGGAAAACTAGGGTTCTACCCTACGGGTAAGTATAGCCGGTTCAGAAGACTCCGTCAGAAAGATCTACTCATTAGGTAGGGGGGTAACTACGAGACCCACCGTGCGGTTCTCGGTTGTAGGCTCACTTTAAGAACCCCCAGATCACTTAGGAGTTTGCACCGAGCTT,315,53.33,Drosophila melanogaster
SEQ_201963,CCACCTCTAGATCACGACCCGTTATTTCTGGTAATAGACACGAAGTTCTCCTAACGCAGAACTTTAGCCTTTCGTGACCAT,81,45.68,Caenorhabditis elegans
SEQ_613595,ACTATTTCGGATCTCGGTCGCAACCTTGTTAACAAGACTGGTAATAGCGCGCCAAAGGGCCTTCGCGACTGCACAAAGATTCTTACTGAAACGCTTTCCACACATCTGTCTATATCTCCTAAGGGTGCCGGAGACCCAATGTGAAAACCCGGCGTGACTGGTAGACCCATCGAACGGACATAATGTGGAGAAGTGCCGCTCTAGCTATGATATGCTATGAGTGCGTAGTTTCGTCTATGCAGCTCCTTATCGTGATCCGATACGCGTTTTAAAATGCACACCGACGCTGTCCTACGTTGACAGACAAATGTCATGTTGCGTCGACCCTTAAGTGGCCCCACACTGGCTATAGAATTCTATGGTTTACATATTTGAGAAACGGTTTTTTGCGCACGCGTACTAGCGCGCAAAGGTATGGGGACCTCGTCATGAAATTTGGTTTGACGGCCCCAGTATACGCCGATTCCATTGTGAGGCTTGTTCAACGACGCGACCGTCCAGTTGGGGACGCCTAATGCTCCTGGAATACACTCTGCTCAGTGCTACGTCTACTGGCTGCCGCATAATTCTCATGTCTACTCTCTTAGTTAGGCACCACCTACCTGTTACTAGACACAAATCTTCATATCAAGTATGGCAAGGTCTTGATAATAACCACGTATTATCCTACAGACGGGTGGTGGTATATTTCTCTTACGGCCCGCCTTACCGTGGTGTACTCCCTCTCGACTTACGACGTCACAACGGTCAGCCGTTGCAGACCCTTATTACCAAAAAACCAGAACTATCAGAGAGGAGACGATATCTCGGCGAGCGCAACCTTGAGAGCTTGCGCTAAAAATGCGCCTGACAGTTCTGGGGGGGGTTTTCGATAGCCTGATGTTAACTTCAGGCTTATGTAATTATTCGGCGTGGACAGTAGAATGTGATTTATAACCCGTCCTCTAGGTGATTCCCCTTGGAAGCCGAGTGTGGTTTCACAATGCAATAGCCTAGATTACGAGCCGTAACGTTGCCACTGCGAAGTCGCTATTTTATTCAATGGGCACAGCAATGTTAGGCTAGCTGAGTGAGGGGCGCTACTCCTTACAGGTGATTATCGGATACCGCACCCTGCCTTCAATACCCCCAGAACGGCACCCTCTTAAAGACCGTCATGCAAA,1163,48.93,Escherichia coli
SEQ_137590,CTCTACGGCAACTCGAATGTAGTCGAACCATTTCAGCGGCGACGCTTCCCGAACCACTGTGAAATGGGAAGCCTAAAATGCGGGGAAATGCCTGCTCCGCACAAAAGCAATCAGGAAACGTCGGATGCCTACACCCGCTAGCTCTAATTATAAGAACAACACAACTTACACCTTGGGTCACGACCTTCTGGGCGTTAGTGTTCGGTTTCACCGCTCACTCCAACGTGTTACACGTGCTGCTCTCGACTAGCGAGACTTCATTTGTAATAACAGGTGCTTCCCGCCACCCCGAGTGGGCACTCTCGGGCGGTACCCAACATGGCTCGGTTCTGCTTCAATGAATTGCATATTACAATCGCATACGCCTTACTTCGTGTATAATTTCAGACTGGTCTTGGTTTGCAGATTTCTTCCGTCTGTGGGGTGAGGCCGTTCATCCATTATCATGACCCGGTTGGTATCTTGGTCCATGACCCGTGATTTATCCGTTAGCCCGACCAGTATGCTCAAGGTTTCGGTCACTGGTCTCACAATACCAGCACCTGAAGAAACCAAGTGTGCTACGAGCTTAGAGATTAATCATACGACCGGATTCGCGCGGCAGGAGATTACGGAGCGTGTGTCGTAGGCAAGATGTACGATGGCGGGACGATCAACCGCTCGCATGCCAGCGGACAGCCTGATATATGGATGTGCTGGGAAGCTGTTGATCTTCAGACCATGTCTTTAGTGCCCTATAGCTGGGTGGGGCTTTGCTCTGCTCTCATCTAAGGGGCCACCGCCAACGATATTGGCAAGCTACAGTATCAGCGACGCGCCTCGAACGGGCCTACAACGCGAGCCGGGAAGTCCCGCGTTAATTGAGGCTACAACCTACGTCCGTTCACTCCCTCTACTCAGCTACGATGGGCAGTGCCCACCGTCACGAACTCAATATTTAATCCGATTAGGGAAAACCGCACCCTAGAATTTCTCTCGATTTAGCGAATGAATAGCATGGAATTTGGGCTGTCGTTGAGCTTCCGTCGCAGCCTAAGTCAGGCCACGCCAGGTTACACTTTCCAAATTGGATAGCGCTCGGGTAAGTTCTCATGATGTCATTTAGGCAATTATGCTTTCGGCGTGTATCGGTGGATCACAGTGACCGCTTTCCACTTCTATTGGCCGGCATAATAACGAATCGAACCATGTAGGCGGCCTAGGAGGGGTCTATAATAGGGATTTCTAGCGATTGGCCTGGTGACCTTGAGAGGAACTGTGCACGCGTTTTGGTCCATTGTCGAGGGTACCATGGATCACTAGATGTCCTACGCCGAGGTTGAAGGTTAACTGAATTAGGGGTACACGATGGAGTCCAGGTGCGGGCTGAATAGGGCGAGTCCGAAACGGTTCCGGGCCGCGTTCCCGCAATCACACGCCGTGCAGCGAAACAACAATGGATCGGCACGGCATGGCCCGCTGGCCTACGGTTGTTCGCCCTTCTGCGAGCCGACAGTATCCGCGGCCGCTTGACCCTACTAAGGCGGTTGCCCTGAATCTCTTTCTTATATGCCTCCCTCCACACGGCATGTATATTTAATTTTAGTCCAAGTCGCGGTCCAAGCACAAGTGTTAGGGTCCAATCAGGGCCCGCCTGAACCCGGTGTTCTTCCGCTTTTCTACACCAGCTATTTTAACTTCTTAGTTACTAACATCCCATGGCGACGACGTGCAACAAATTACAATCTCCAGAGTTATATCAGACGAGCCCCGGTTGTCTGCTCTTGAGCGGTGGTCAATGCGGTCGGGACGATTGGCTCATTACTGGCTATCCGCGGATCCCGGGCTATAACGAATATGTCTCAATCAGTGGAGGACTATCTATGAATCTTCTATCACTATGTGTGTATCTAAAAAATGTAGGTATTCCTAGGTCG,1916,51.62,Drosophila melanogaster
SEQ_271010,AAGACGACGATTCCACAACCCTCAGGTACAGTGGAAGAAGCGCGGAGCAACCATTAGTGATGTAATCGATCACCAAAAACTGCAGTAGGACTATTGGTAGGCATTGTCATCACTACGATGGGGTGCACCGCGCTGTCCAATACCATCCCTCCTTCGCGACCATTCTGAGTTGCGCGCTCTGTTTTCGGGCTGCTCCACGATATAGTTGAGTGATTAACTAGGCAGACGTCTCCCCATTTTGGTTATCCGATAAAGTAGAAGAGTGCAAAGGGTCATGAATCATGTAAGACAGTGGCTCTTTTCTCTCACCGATTAAGTAAGCATCCCAGAGTCCCTTGGACTTGGTCGTTATCAGCGGTCCCTAGTCCCAATCAGGGTCCTACACGGACCGAAGGAAGTAACGAGCGGGGCTAACTACTGATTATTCCGACTTACGTTCTTCGGTCTACAGCAAGAAACTTTAAATTGGACCTTAACTACATGTTGCTTGTAAATCATCAAT,502,47.41,Mus musculus
SEQ_334593,ATGGGGATGGGTACCGATTAGGATGGTATTGCCCTGGTCAGGGCTGTACGCCATATCTTAGGAATGGCGATGGGTACCTAGGAAAATTGGTGCGCTCGGCACGCGGTGCCCTCACGATATA,121,54.55,Drosophila melanogaster
SEQ_536056,TCAGGTTCTATAGTGACGAGATTCGTTTTAGAGAGGATCTGGCCCCTGCGGCATTTCATGTAGGGCTCCTTCCACCGAAGCACGAACTTCGACGTCGCCTGAATTAGAGTCAATCTGGGGATGCAGGAAATGTCGACGTGCACCAGCCCACATCTCGCTGCTTTGCACTCGCAGACGTTTAACGGTCCTATCATCTTCTTGAAGACAACGTCTATTGGGTGGAGGCAAGGTGCGGGCTTTTCTCTAACCAGACAACGATTTGGTATCTTTGTTCGAAACGTAAATGTCGATTCCGGGTAGATCGTCAATCCACTTTGTAGTCTTATAGATTCAGCAGTCCGCAATCCTTTTCCTGTCACCTCGGTTGGAGTGAATGACAGTGTTAAGGAAAGTCTGGCATGGTTGAGTACCGCACACTCTTGCCCAGCCTGGGGGCTCAGGGAAAATGAGTGGCTTCCTCGCGGTGACAAAACACTCCTCCCTCGAGGGACCCGTTAATCTCACGAGCCCTACGGTTGGATGTCGCTGCGCTCTTTCAAATAATAGACACGAGAGGCAGGTCTGAGGACCCAATCTGCCGGCAAGAAGTAAGCTGTTAATGCCCAGAAGTGTCTGGCCTTCAGAGGAGGATAATTAAATCCGATGGGTTTGATCTCGGCGAAAGCAGCGATAACCATTTGGCTGCCTTAGCAGCGGTGTGTCACCCCGAGTAGATAAACGTTATCTGCAATTCCGGGTCATCTTGGGGGAATCTTTGCAAGGGGGCAGAACCGGATTATCTTATCAAATTTCTACGACAGTCGCAAGTTTAAATGGCTTGTAGACAAGATATCGTGTCTCCGATCGAAATGTTAATCTGCCCATTTGACGTACTCTCCTGCCCGGGACAACCAGCTATTCCTCTCGGGAA,910,49.89,Arabidopsis thaliana
SEQ_602395,GATTAAGTTGAGTGAACCAGTAGGTCGAACGACACTCAGTGTGGCTAAGGGGGCATACTCGCTCATGTCACACTGACGGGATTGGGGCAATGACGGTCCGTCGTAGTCCCCGCTGTGGGTTGCTCAGAACGTTCATGCCGGAGTCAGCAGGTGCACGGTTATGCCACAAGGCCGTGGCGCGCGGAGTAGGTCGAAGCGCTGTGGCTCTACGTGATAGTTACAGTAGATACGAGAGGACGGGCCTCTAGTTTAGGAGAAATCTCACCACTTCCCGATTTGAAACATCAGGCAGTTCTTACGATTGCATAGACTCGGAGATTACTCTACTGAACGGATATTCGTGAGGAGTC,350,53.14,Homo sapiens
SEQ_614753,ATACCCTTATTCCGAATTAGAAATTTGCTCATAAATATTGTGGGAGGAATTAA,53,30.19,Arabidopsis thaliana
SEQ_500457,CTGACAATAGCGTAAATGAGCACTATTACGCCTTGGGCATTGACCTATACCGGCCTAGGTACACTGGGGAGGCAGACGGTATAACCAACTGTCTCGCTAACTGCTCGCCCACCGTCCACTCTTCACAACTAGTTACGGCAACAAAAAAGACCTTGAATTCACGCTGGAGATAGGGCCATCGAGACGAGCGCCAGCCGGCATAGGCATGGAAATCCAATTCACCTTTGGCCCCTGGTCCGGGCAGAACGGATTGATAACGCTCCGTCGTCGTCACATCCGGGAGAAGCGATGACGCTCGGGAGATATCGGAGGAACTGTTCCAGAGTCCCTAAGAATAAGAATATTCTAGTGTCCCCGAAACACCTATGCGGGCCTGAGACGTATTGACCAGCGTTCTGTCCCCATACATAGAGGGTGAGAGCTTACTCGGAAAGGAGTTGGTCCGGGCTAATGAAAAGCGCACAAGATGGCGTTCGAGCCCGCGAATGTTCCTCCTCCTTGCCTATCGGGTGCACCGACTCGATGGCTTGAGTAGCGTACACTAGGCGGGCCACCGGAACCCGGGACCTTTGCAGCAGTCTACTTCCTCGTCGAATGCGCACGTCCTTACATTCGCTCTAATTACTCTCTAGCAGTAGCAAATGAGAGGCAAGTCAACAATCCTTCTTCCGAGTCTGCTCCCTGCGCCGGGCAAAGTGCATCCACATGAGTAACGAGCGTACGATGCGTGGGTTGCGTGTATACGACGTCAACCAAAGTTAAACCGCAATGACTGTCATATCAATCCTCCATATATGCGACTTACCAGGCTACGTGAGCTAAGAACTCGGCCAGCGCATTATTCTGCTCACATATACGATAGTAGCTGCTACCAGAGGGAACATCCTAGCTTGCTGATGCGTTGCTCAGC,910,52.75,Arabidopsis thaliana
SEQ_217873,CAATAGGCTTGTGGAAACTGGAATGATGAATAATTCTACCTGACTTCTGGCCGAACCATCCTATGACTGTAGTGGTTAATTAGCTGAGCTCTACAGAATGGATAAGTAACTGCAACGTTATGGGAAGGTAAAGTTAACTACTCTGGTTGTCAGCGTGATTTTCTCATGCTCTTGAAGGAGAACCAACGTTTAACCAGTACAACACAATGTAGCAACGTGTCAAAAAAATTGACTCGCCGATGCCGCCACTTATATCCGAAGTCTTCCGGGAAGATCCAATGTTTCAATTCTTTAATCTTGCGATTCGGTCTACAAACATATGATCGCTTTCCACGACGGTTCACATTACCGTGGAATGCCAACTTGAAATTCACGCCGGTACAGCCGGAATGGGTAGGGCTTTTTGGAATGTTTGAGATTACCCTAGGAGCACCATAGCAAGACTATCGTCTTACCCTCCTTTGTAAATCGTGAACAGGTGACAGCGTGGTGTTTATAGATACCGATCGAATTAGAAACTCCATCGAGGGTCAGAGTCGGGCCGGTTAAACTCAAGGTCAATCTGCGTGTGCGTTCGTGCCAATACGCAATGTTTATGGGGATAGTTTCCCCGCCTATGCAAACTACCTGAAATACCAGACCAGCATTTTATTTGATATCGACGTATGGCAGATACGTCTTAAAGGTTGGTATTTCCCTAACCCGGCTCAGAGCCTGATGAAGACTGGAATTTGGGTGAACGCGATCAACGAGCTGCCTTGGAGCTTACAGCTCATCTACCTCTTAGGGTTGGTATTGGCCGAATGTCTTCGCCTGTCTTGGTGTTCAAGGAACTGCCTTCAGCATAAGCATAGGGAGACGACGGGCCGTCCCGGGTCCAGTAAAGCGGTTGGGAGACTTTACTTTAGGCTTCGCGAGTGTTCAACGATGTCCTTGGTTGTAGGTGTAGGGGCTTAGTACTGGAACTTAGCCGAATGGGAGGAATAATAATCAATTGCGGGACAGGATCGGGTGACTGGGACTCCTCCTATAGATTCTATTCAGTAAACCCTCAGTAAAATGACAGTAATGCACGAAGTTGAAGTTTTACTAGGCGGGCAGACAACGCGACTTAGACCAATAGACGGAATATCACTGACTCATGGCTGGGGTAATATTTACAAACTATAGTAAGATAGCATTTTACGGTCCTCTCCTTGGGGGGAAAGGGAAGGGCTACATGCAGCACGTGCTGGAAGTACCCCCTAGGCAGGGGCTCAGGTAGTTCCAGCGCCAGTCTTCATTTAGAGTTTGAGGTTTTCCCACTCACCGGCGTATGGGCAATGACACTTGAGAGGGCCACCAAAAAAGATTATGGTGCTTTCGGTTGAGCTCCTTTCTGGATTTAATATCTGACTCGCAAGACTACCAGACTTTTGGTTTCGAGTCTAGCCTTGTTTTACTCGAAACATCGGGGGGTTCGCAGATAATCACCGCCCAGAGAAGTAAGGTATTGTCCTGCGTTAGTTAGAGCCCCGGGATGAATAGAGGGATTACCAATCGCCCAGGGCAAATTAAAACAAGCAAGCCAGGGCAATGGAATTCAACTTCTTCATACGGGGTCGGATGCCTTGGTGCAAACCTTTATAAGCAGATCCCGTCACGGTTAGTTCCGGATATAGCAAAGTTCCGGCACACGTATAGAAGGGGGTGAGCCTCTCGGATAGATGGAGATTTCGGCGACTTTTAGGTATAGCGCTGTATGGCGATCATAGGTACAGGTTGAGTACATCGTCCCATCATCTCGGGTGTACGCTAGAAGTTTGCTTACTACAAAGAGCGGGCGAGTGCCCGTATGCTTTACCAGACTCCGACTAACTCCTCTGCAGCGACACGCATGTAAGTAGGACACTGACGATCCCT,1902,47.48,Escherichia coli
SEQ_198873,ACAGAGCTCGACGACAGAGTTGATTCGCTCGTATTGCATAGGCAAATTGTCTGAGTCGCTAGTAGGGTATAAGCTGGGTACCATCCTGGCCCAATGGTCATAGTAGCCCTCTGCCTCGTGCGTAAAGTCAGGTGCAGTGAGTCAAGCGTTTGAGAGCTTAACTTGAAGCGACGGTCGCACACCGCACCTCAACATTCGGCTCTTTCTTGGTGTCAAGCGTAAGAGAAAAGGTTCGGATTGGTGAGCGCATACTGGCCATTGTATACCACGGTATAGACCATAAAGGGTTACCTCGTGAGCTTTCGTTGCTAGCGGCACTAGCCTAGCTTTAAGTAGTTGCCGGTATGTGAATGGTCGATAGCGCAGTGAATGGCCATCTCATGCGCCGTCTCTAGCCACCCACAGTCTGCCCGCGCCAGCTCGAAACTAATCGCTAGAAGCGTTCTAAGTTCTCCGTTCGTTGCTGAGGCTCAAGACCTATCTCTAGATACCACGCGTCGCCGTGTTTTCGTAACTGGCATGATAAGGAACGCTTCAATCGGTCCGGACAAGTGAGCGTACTACCGAGCAGGACCCCCAGGGTGTGCGTTCTCCATTGTCGTGTTAACGCATGTGACTCAAACGATTGAGAACTCATTTGGCCGTTGCGATTCAGCTTTTATTGCAGTGAGGTAACAGATTGACGTAATTTGCTGGACTCCGCTCTATGCGATAGGTTGACTTGTAGAGCCTGCCGTAGCTTGGCTCCCGTATTTAGCAATGATCTTGAGCCGCTAGACAGCACATCCCCCCGAGGTTATGTTAAAAAGCACCTTGTCGGAAGGTCAGTAACATCCCAGTCTTACGC,847,51.0,Arabidopsis thaliana
SEQ_208075,GACGCCGGCGTCTAGTGTTCATGCTTCTATTATCAAGAGGGGCAGGTTCCTACGCGCGATTGCCTAAAATTTCGTCCGTTTTCTTCACGGTGTTGCCATACATTTGAACCTCACCGTGGATTGTGTGTGTATCATCCAGTAAGTCGGCCGCTAAGACACGGCGACCTAACAGCAACAGAGGCGGGAGAGCCTTTACAAGTGCGACCTGTGTGACATGTATAACGACCACATCGCGACCCCCGACGGAGCGGGTCCCTGTTCGAAGTTCACGCGTTTCTGTTCGGACTGAGGTTAGGCTTCTACCTTGCGGTCCACAAATGATCGGACCACACCAGCGAGTCTGCCTGGCGGGATGTATGTATGCTTAGTGGCTGCGTTGAAAAGATATTCGCATCAACGAACGTCTCCTTAAACAGGCTCGTATCCTACCGCTTTCCAAATCGGCCCAAAATTATTGACAGTACTCGCCTGCCTGGGGTGTAACATCACCCGGTGACATAGGGCAGTTCATCCAGTTCTGGTTTCCGTCGTAAAGTAACTGAGCACGTCAGATGATGGATTCAGGGCTGCGACGTTCAGGGGTCCCAAAGACAGTCTTCTAAGCTGGGCCGGCAAAGTCCATGCCTGGGATTACTGGTCCTACTAGAGGCCAGAGCAAGGGATCCTGTTCCAAACACCGGTCTTAGGGGTAATCATATGGACACGCAGTCTCTCTTGCGCGTGCTTCTGCAGTCTAGACTCGCCGGCCAGTACGGGGCTCGAAAAGATAGTCGCGGCGTCATGGAAATGAGTCAATTTCCGGATATTACGTTGTTTCATTTTATTGGTTATGATCCACCTCCTCGTTTTCACGAGACATCTCTTACAATCGAAGCGCTCAATCTAGCCGGTTCGAGCCCAGCAGTGATAAACGAGCTAGGTACACCAAGGATAGGTCGTCGTTAGGAAGTCAGTTCAATCACAAATGGCGTGCCGCCGATAACAATAGTGGAAGGGGTCAATTGCCGATTAAATAGCGGTTAAAGCGAGACACCAATTCCCTGCACAACTTGACAGCCCAAGGTGTTTGCACAGGGAGGAGTAGGATGGGAATCCTGTTCCCACATGGAGCGCATTCGCAAAGGATGTCAGTCAGTGGTCCCTAGGCCATGGAACCTACAGCGTAATCAAAGG,1173,51.49,Arabidopsis thaliana
SEQ_584430,CAGGTGAGGACACCTGGGTCCCGACAGGGCCACGTTGGATGTTAAGCAGTCAGTAGGTGAGCCTCTGACATAGGTCGTCCGCGCGAATGATGATGCTAACCCTAGAACTCCTACTAAGCCCCCGCGACCAGAGTGGAGGGTACTCAAGATCTATGGCCTACAGGTCATGTCACGGGCATTCTAGCAATGGACTCCGCACCAGAGCGTCCAACGTATGAGGAAACCACCGCGCATCGAACGACAGGGTGCTAACTGCTCAAGGAGTCTATATGATGGATAGTTGAGGGATTGAGTGCGCTCGAGGCGCCGCTCGCTTGACCTGTCATCGCGCCTCTAACTAGATATCGTGATCAGTGCGAAACATGTAGCAAGTTAAGTCCC,381,54.59,Drosophila melanogaster
SEQ_695172,AGCACCCAGCACCCGTATTTGCATAGATTACAGCAATCGGGATCTGAAAGCTAATCAGTGCAAGGGCACAGTATTAGTATCCACAATGTGACTATGGTCTTTGCCGAGTGAGTGAAATGCTACGTTTCGCATTAAATCTGGCAGTGAAATCTCGCCGGGTGGCCCTCCGGCTCAGGCAAGCAGGTCGCCTTGAGCATAACATTTTATATGCACTCGGCCGCTTCTACAAGGGTGTACCCCCGATTTCGAGCGATTCAGCAAGAAGGGATATCAGGTAGAAAAGTCCAGCAAGGCGAAATGCCTATCGGCCGTGCGTGTAGGAAGGTATGCCTATGTGGGTGAATCCCAGTTCTTTCCTTATCAAATAAATCGGCACATGGACCCCATGCACGGCTACATCAGGCCGAGGTGAGTTAGCCCCCGATCGCGAGTGCCTGTACTAACGAACTATTCCAGTTTTTGGCGGAGCCTAAGCCTAATCGTCTTGTAGCCCTGGGAATGAGGGGTAATGTGAGGTCTGCTTCTTCCTTGTAAAAGTTACTGCACAATGATTTACAGTTTACCGGCTGAGTGTGCGTGACCCGTGCATAGCTGAGGACAAGTGGCTCAGGCCAGTGTGTTACTGCGCCGTGGGTTTGACGTCGTAGTCTAGCGTCTTCAGCAAGCAACGTAGCCCGACTTACGCTGATTTCATTGAGGCCGCACGGACTGAAACGGCAAGAACTCCTAGTGCGAAACAACCTACAGAAGTTGGGAAGGCAGGGGCTATAATTGGCCTCATGCTGTGGCACCTTGTGGTAGTTTAACCAGCGACCTTTCGAACCTTCACGACCGACACGCTACGGCAACAGGACCAAGGTACCTCGGGCAATTACTAAGTATTGTTCAAAGAGGGATTCGAGGGCGTATAAACTCCTAAACCCTCTTATGTTATGCGCGGGCCACCTCCCGTGTATATTCTCCCATGTTGAGGCTCAGCCTTGGCGGGAGCTAGGAAGGCTCCAAAAAACCTGAATGCTTAGACCTAGCTAATAACCAGTATTATGACAAATTGACTTATTCTGGTGGCGTGTAAGCTACTATGATCGTCAACTCGCAGGCTGCGCGGAGGAGGGCGGGAGAGGAACGCCCTCGGATCGTGGCGCCGTAGTGAACTGACGGGGACGCCTTCACCTAGATAGACTCTACTTCCCGAGTCTAGTAGGGGTCCGAAGGCCACCAGGTGTGTGCTCGATATGAGTGGAGCCTGGGCCATCCGACGGAACATGTACGGCTGAGATACTGCTTGCTTAGAGCTGCTCCTATCGGGGGCGGTTTTGCGTAACCTTACCGCGGTCTCCGGATCTGCCGCCATCGGGCGTCGCCCCCAGTAGTGATCTCATCCTGGTATGGTGTGTGCTTAACCAACTATGTGTCGTAGCCTCAAGACTTAAATTTACGGGCCGTTTTCGTTTACTTATATTAGTGCAATGCGTTTCGCTTAGCAACGTGTCATATGCATGAAACAAACGGGTACAGCCCCTTCCAGACACCGTCTGACCCCCTCACAAAGCGCATCCTGGATCGGACTCCAAAGCTCT,1580,52.03,Mus musculus
SEQ_670818,CGAGGGACGTAGTGCTGCTTAGACCCGGACTATCTCGCCTTCGAAATAATCTGAGTAGCCATGAATTGTACAGTACGGCGTGTATTGAGTTCACATTTGCTGACTGCACCCCCTACAGAGGATCGCGACCATCTGTCCTGAGCTCGCTTGCCTTTTGCCGATCCTGAGTAGGGAATTTTAAAGTAAAGTAGGGGAAGCGGGGGCTACATGTGAGGCCCAATCAGGCAAATAGGTACAGGTCTACCGGATCCTCGGGTTCCTCTACTCGAGGCACCGATTCACTAAGCAGCTACTGTACCTAACAGTGTGTTGCGTTCGACAAAAGGCCCCGAGACTTATGTCTTGTCATCCGGATGCTTCGTTTGTACATTCAGCGGCTGTCACCGTCACCAGTCCTGATGAATGTCTGCCTTGGGTGCCAATACGTTAATACCGTGCTCTTGGGTTTTATACGTATGTGGGGAACCATGCCAACGCATCATAAATAAAGTCAGCCAAAGCGCTTAGGAAACGATGTTTCCGTGCCACCCCCGTAACCCGTTCAGGGCCGTCGCGAGAGCTCACAGTCTTAAACGTGCTCCAACTTTGTAGCTCGATACTGGCTACGAGACCTGAGCAGCCCACCCCTGTGAAGTACCTCTAGTTCAAGGTTTCACGCCAGAAGCGGAAAGTTTGGATGAGGATGTCAGCCGGACGTCGCGACACTGGATTATAGTTATTTAATCTTGGAAGACTACCCCATAATCATTTCCGTGCTAGCTCGGTCTAGCAGACCCTGTCTTGACGCCGGGGGCAGTTGAGTCCCGGTGGGGGAACACTATGGAGCTGGGCCGATGCATCTGTCCGAATCGTGTATCAATACTGGGTAGCACATTTTACAGTTGCGTCCATTCGCTTATCAAATGATGCCTGCCTTCTCAATTCCTTCAGCCGCATACCGTACGCATGAGTCATGGAGATGTGATACTGAGGCAAGCAGTCCACTGTTATCTCTACACATACGTACCGGACTGTAGAAGACCGCCGCCACTATTTCAAAATTGCT,1045,50.91,Escherichia coli
SEQ_888999,GTAGCAATACTACTACACCTGTGGTTACACAGCCGCACATTCTGATTTTTTTCGAAACAGTTCCAAACAGTAAACTTTCGCCTCTTTCGATGTCCGTTTGCAGTTCCAATAACGTCAGAGTGGTCACCCCCCCGACACTAGTGTACATAGACATTTCGACAAGATCCCTTTCCCGGGTGCATTATAGCGTTTACTGTCTCGACTTTTTTATGATGCATGCTGCGCGTCCTCGGGTCTCGGTTCTGGACCTATAGTAAGGGTCATTATACTAAATTGGAAATGGCTCTATCAGCATCATCTTGCTGGGCGCGCCATTCCGTTTAATGGAGCTCTTGTGCTCGCACCTGGTGTGGGCTAACGCTACGTATCAGTCTTATCGGCGCGGAGCGCATTGCTCTGGGTCTTTCTACAGATACGAAATTTTAGATGGATACGCCGGGTCCCTCATATCGGTCTTCAATCCCCCTTGGGCATAGATCGAGGGGTAAAC,490,48.37,Homo sapiens
SEQ_450208,GTGACCGCCATGCTACTACGAGCAGCGGAGGTGTCCTGTACGTCGATACAAAAGTGAGCTTGTCAGGGGTAAATAAGGTCGTCGTAAAACTCTTCTCTGAACTCTTTCGTATAGAAAGAGCCAGTTGGGTTCGCTAGAGCCCGGGTTAGCTCACCTGAAGCGCTTGTACCATCCGATTTTTTAACGATGAGGCCTAAGAGCTTATACCAGTATCCTAGTAGCTAAGCATGCTCGGCACATGAAAGGTGAGGCTATCGCAAGCTAACCTTGCACGGTCAATCACGCCAAATGAGTACGCCCATTATAATTATAACGACACCCATGAGATGAGGGAAGGCTGCACAATGCTGGATATGAATCTGGTGTCGGGCCGCCACTGCGGAAGACAGCTCATAGTGCTTCTTTTGTTTATTGCTGTAAGTGATACAGACGGCAACGAGTCCGGCTTCGAACATTGGGTACGTGTTCGCTAGTAGTCCTTATAGTCTTCCCTCGAGCCTCTCAAATGACGTATTGACTATTGCCGCTGCCAAGTATATAAGTTTAGTTTTAACTCGTTGCTAAAAAAACGGGGGTCCGTCGCACGCCCGTGCGCTTTTCCCTTAACCTTAGATGATGAGACTAGCCGCAATGCTCCGCGCCATCGCAACCATACCTGTCTGGAGAGGCTACGTCCGATGTCTCTTTCTTCGCTTGGAGGTCTCGTTTGGCATTGTGTTTTAAGCGGACTTCCAACTCCAGCACCTCGCAACTAGGATGAGAGACAAAATGACCGACACATTTGATATCGCCCTCCATGACGGTATAAAGAACAGGTTCAGACAAGGACGCCTGAGCGGCAGCGTGCCATCTTCAGCCTTCAGGGACCCTAATTTACTAGTCGGAGCTGATAGACTGGGGTTAGCGCTGACGGCGATCCAAACCTTTGAGGGTGCAGGTGCCATCACCTCGAATGAAATCTAGCGTTGTACTGTGAAAACGTATCCTGAGCCGTCTGCAAGGATCCCGTCGAGTCAGTTTGTTCTTCATTAGTGGCTCTTATTAGGACAGGTTGCCTTGCCAGGACCTCCATGAGCCACGATAAGTTGTACATCATAACTTGTTACTAATAGACGTGCCCGCCTTATGGGGAATCGCCACTTT,1143,49.43,Mus musculus
SEQ_621863,CAATTGCATTACATCGAGTGGCCCCGATGCCTACACCGGACCAGGGTATTAACATTCAGGGATGGCCTTAACTCGCGACATATCCTAAATCGAGGTAGTTACTCACTCGTCTGACTTGTCGAAGTGAGCTACTTAGATTGCTACCGTCCACGGGTTTTCGACAGGGCCGTACTGAGAGGATCTAATGGATGACAACTAATCGGAGTTCTAGCACGAACCTCTGTTATCCGCCACGCCACTTCAAAAGCGTATCATAGTCTCGGGTGTTGCACTGTGAACGGGCGTGGGGCGCATGGCCCCCATAATATGGTTAACACCCCGACACGCGATGTAAGACTCCGACCATCTCGGAGGACACCGGGTAACGGCGATCATTCCCGTTTGTGCGTCACTAGGCTCATCGACAGCGTGGCGTATCGGGGTGAACCGTATGCCTGCTGGCCACTCCCTTAAGCTGCCCCTATTAGGAGCGGGAAATACGATCATCGCTGGAAGACACATCACATTGTACCTTCCCGATTCGAATCGGTTCCTCGGCTCAGACGTTCGTCCTCCCTTCTAGATCCATCCACCTCCATATACTCTAATCTGATCCTAGCGGAGTCGTCGTCGTAGCTGTATTGTGGCGTACATATCTAGGACGTGTGTCTTCGTATGGGGCGTGTTAATGCGATCCAGACTTAACCTCGCAGTCAACTACCGAGCCTAGCCTCGCTCGGTGTCCTTAGCAATATACTATAAGACTCGAAGACGAGTATCCAAAATAACTGGCTGATTATCGCGCACCAACGTATATGGGTTTATCAACTGACCCGGTCTGCTTGCATGAATCCTGGCCGGGAAATGGTGTACTACTGCAGCAAGTTGTTATTTCTCAGGCCGGTAACACATTGACCACGGACGACCATGAATGCCTACATTTTAGAATCGCGGATTACCACGCGGGTTTGCCACGATTGGGTCCTTGGCCTACGTGTTGGGCGCTGTATCAAAACGACCATGTAGCGTGCTTAGGCGCCCCCAGCGGAAGGCAACATGCAG,1041,52.07,Mus musculus
SEQ_769433,GAACTGGAGATGCCTTATTACAATAATGACCCGAGCGCGTGTCCAGAGTAGCCGTGTAACAACTTGGTGCAATAGGTTCGGTGGTGGCTACGAATCCAGCTGTATGCATAGGTTTAGTCGTCCCTTTAATAATAATATATACGGTGTCAAGAGTTAGCATCCAATTCACCACCGGCCCTTATTCAGAGACTTTACTCCTATACGCGGTGACGAGCATACCTAGTGGGATTGCCATTCGTACGCCCCGCCAGTACCTCAGGTCGTTCACTCATGCCTACCCTGTGAAGTGGGGGCTTAGCTGACAATCGTTTCTTCACTCGACACTGGATATCTGCCTGGCTGTCGGAGCCGAGTTCCCGTCACTGCTAGAATAGATTGGTAATGTGATGCAGGGTGTACTCGTAGCGGTGACAGCCTGGCTTCTCGCAGCAAAACGACCTCTTAGAAGGGCCCGGGACGACGCGACGTAACAACTCGGCGGCCCCTAAGCGCGGGAGCAGAACTTATGTCTACG,514,52.14,Homo sapiens
SEQ_346743,GTCGTAGGCGTATACGTTGCTTCTCTTGACTCTCCCGATGTGACACAACGGAGAGCGGTATAACAGATGACCTCCTTCAGTCAGAAGTATAATGGTTAACAATCCGTATAAGAGCGAGGGGCTCTTAAGGCCCCACACGATTTCTTCACGCCGTCTAACAACCCCAATATCCCTAGATTCAGGCGTGTGACGTGCGGGCGCGAAGGAATGTACTTGCCTCGTAGGGGTTGAGCCCGGCTACAACCGGAGAATACGGTTGTTTGCGGGCAGATTCAAAGCCATAATGCTCCGCTAATCGTAACTGTAGTCGAGTAGGATATGACCACCACAAAAAGGCGTTGCTCGTTCTGTTTTTTACCAAAGTAGTATGCGAAGATATTGCTTGCTGGTAAATGGTCCATCTGTACGAGGCTGTCGACTAAGTGCTTCAACATTATTTGTGATTTACACCCCTTGGACGATTTGTACTATTGAGGCCCCCAGTACTCCGAATTCACGACATTTGGGTCCAAGAGTGTACAACCATTACGAACGATGACACTGCAGAATCTAGTACATTTTCATACTTCAGAAGCGACTCTCGTGCCAGCCAGCTCTTTCAGTGCCCATTCGTTAGGCTAAAGTTTTTCTTTGTACCGGGGTAGACCCCCATGTAGTAAACGAATGAAGAATGTCACGGTACGTGCCGGGGATATCATGCGGAGACTTGTCCATTAGCCCAAGCTATCGGGGCGACGCTGCACCCCCTCAGCAGCCCGAAAGTAAAACGGACAGTTATTTAATAGAATGCTTGACGTGTCAAAGGGTGAGATGAGCCGCTAGTGGAGCACATTGGAGGTCACTCATATACTGGAACAGGTGGAGCGGCCGAGACTGCTAACTCGGCAGCACTAAGGGAGGGCCAGACACGCGGTTCCATATTTGTCACGCGGACCCTTCTGAATTTTCTTCAAAACTCCGCGGGGAATGCGGGTTCAAAAGGAGACTCACTCGCCAAACAAGTTAATGATTAACCGGAGGAAGTGACCGCGATTGGGTAACCTAATCTACTGAGGGCGGAAGTATTTCGACTTAGCTCCTGCCAAACGTTAAACGTCTCCTATGATTTCCCGCGGATAACCCGGACCCCGGTACACTATTACGCTCTTCTAGTAGAAAAGACTTACTCTTCCTTGCCGTGATGATTTTGAATTAAAAGTCACGGAAACGGCGTGCCCCGTTAAGAGCCTTTAGTGATAGCCCCTCACTTCTAGACTGGACTGATTCACCTCATAGAATCACTTAGTGACGTGACACGCTGTCTTTGAAACTGGGATTTGCTAGTGGACGCACTTCGTACCTCTCGTCCGCGCTCAGATTATATCCACGCGACCTTCATTTTCACAGAACCGTAGTACACTGATGTCACAAAACCATCAAGTCTGCTCGTGGTCCTTGGTATGACGCAGGAGCCGGGTCTGGGAGATACCGTAAGTTGCGTGGCACGATGTATGTGGTTACCTTATCCCTCGTTCTGTAAGGCGGTTAGTATGAGATACGCAATACACGCCCGGATTCTGCCGTAGGCCATATATCATGGTCCTGAAAATTAAAATGATTGTTTGCTCGTAACGTACTGGATGAACCCAGTCAAGAGGCGATAGATATGTGATTACGACTAGATCTTCTCGGCCTGTGT,1678,48.69,Saccharomyces cerevisiae
SEQ_687436,CCTTGGCACAGTGAATATACCCTTTTCATCCGTGATCTTGTCTTCTAGCGAGGCGGGTCCGCTTGAGAGCATTACGAGTTTATGAAGACTGTGAAGCGTGTGGGTATCGGTCAGGATCGGGCGGGCCAATGCTCATCCAAACTATATTATGATACTCTTTTCATCTAGTCTGAGATGAACACGGTTGTATCAGGAATGCAGATAAAGTGTATTTAATAGCTGCAGGGGAGGTACGTCCTCGGGCATATAGCAGAGGCAATCTTCGGACGGCAGCGCAGAGGCAGTCACTCACGGCTTCTGTATCAACATGACATCGAGAATCCGCTTACGGCTCGGCTGGTCAGACCATGAGGAACTTGTCATCAGTTGGAGTCTGTATCTAATTGACCATCTTGAGGGTCGTAGGAAACACGAATTACGGACAGACCATGATCCCGAGACTCCGATGAGGCTGCCCGCCACCGAAGCACGTACCGCCCCTTTCACATTCGAGTCTACATGTTGTGTTTCCGTAGCCAGGTGATATCAGTTCTACTGCCACACGCAATGGTATGAGATGAACACGGGACGAACCTACTGATTCAGGGTTTTCCGGACGCCCTTCGGTGCACGCGGAGTATGCTACTATGTTCAAGGACGGAAGCTTACGAGAACGGACCTTGGCATTTGTTCCTCATTCTAAGTGGAACATATAAGCTAGAGCGTTATCGGGGGTTAGATAGTCACCCCTTAGGCAGCCGGGTTGCCCTGGGCCTTAAGGAGTCCATCTGTCAGACTACATGGTCCCGGTTCATTCAGTAATTAAGGATAGTCTATTTCTAACTGTAGTTAGTGACATACCGAAAGTTTGAATGGTGGGGTGGGTGTGATTCAGCCCTAAGACCTGTGGGTGCGGTATTGGCCTAAATAATGCATCGTGTAGCTCGTGCCGCAACCGGGAATGTTAGCGCCTCTATAAACTGTTAACCCCAAGAGAGTGATGCGGCCGGTTAGTGGTGCGCCGCAATACTGTCGTGATGCATAACTCCCAAGTATCCATGGCGAGAAATCCAACCAGCGACCTGTCCTTAATTACATCTGGCGAAGCGGGGGGAATTTGAACCACCAAGGGAACGGATCGCGTTATAGCGTCGGGTGGATCCATACGGACTTCCAACCATTGGTGGGAAAGCCTGCATATATATTGGAGGAATTAGAGTACTTCGACTCACACGCGTAAGGCAACGGCGACCAACCGCGTCGAAACGGTCTCGCAACTTTTACCGAAACACCCGAGGATGGTCTCACCAGAGGGATA,1297,50.5,Mus musculus
SEQ_894355,TTTTTCACACACTGCTGGCGAAGCCTGCCCGTTATGCACGTACTAACGGCGCACGAATTCTTACGGTGCGGGTGCGTGGCCATGTATCCGTGTCGGTGGATGGCCCTATGATTACAGCCGTTCGTCTTTGCAGGGTCTTTTCAGGTAAAACCAGCGAAGAACCATATTGGGTTTAAGGACCGCGCTACTAATACCGGATCTCGGTCAAAGCCCCTTGGCATTAGATGTGGGACCGGGTTAACTTTAGCAGAGGTACAGGTTGACACAACAAGTATACACACTTGGGATTCACCATCGCTACTATGCACCTTCGCAGTGCCAGGCTTCGGGCCGACCTGGGATTCCTCTGAAGGCGTCAGCTCGGACCACGGTCTAAATTAATCGTCCCGTAGAATGTTGTGACTGTGGCGCATGGGTGCACCGAGGACCCCCCGAAATGATTACTCCTTACTAACGGGGAGGTGAAGCCCTTAATGTGTTCTTTTTAGGCGGCTGAAATGTACTTTAATTATTATATTAGACTATTAAGCGAAACCCCTCAACACGCGGGCGGGTCAGATGGATCGACTATAATTGTGGAGGGCGGCGGGAATGCATCAAGCGTGGGAGTGACTCTCGAACAGCGCTATAATCGAGCTACGAATGATCTACAAGATGACGAACTTCAGTCTGGCGGAGTACTTTGTGAATCTTGAGCCGGCTTGTACTATCCGCGTGGATCATTGGAACGCTCTTGACAAGGGGTGGTTCCATGTGCGGCCATTGGAACCCTGTTCTTCTCCAGTATTAACAAACATGACAATAGTGTACAACAGACCTTGCCGCCCTCCTTTCTACAAAAGCACTCAAGTTCGGACTTCGACCGAGCAACTCAGTGCACAATCCGACTCGCAGCCAGGATTCCGTGGGCAAGGAGGAGACAATACGTTCGGTATTAGCGACTCTTGGGAGATATTTTAATAAGTTTATAGTTATTCTCACTCTTTTACACGCCTGACATCATCTAAGGGAACGTTCTCAGCCTCTACGAACGGGATATCGAGTTAGGTTTCTGACCCCCTAGGTCGCCTGGGAGGTGCGATTGAATGGGGGTTATTCGCCTTCGTAGGCAACTCCTCTACCGTCGGCAATCACCGAACAGGATCCGGATGGCAATAGTTCGCCCTATTGGCGGTTTGTACAGGGTGGAGGGGTAAGGTCTGTCCAATACAAAGCATCGAGCGCTAAGTTGGGGTCGCTTTAATGTTCGGCCACTTACGCTAAAAGGGTCCTTCATG,1277,50.51,Saccharomyces cerevisiae
SEQ_671182,CCGTTGGATCGGGGGATTAGGGATTTCTCGCCCACTGAACATCCTCGAAAACCGGGAAGCTGCCCGTACGTATTAACTGGCTAAGACGCGGCCAAGTTGATGGCTACCGGGGTCTTGATGGCAAACCCCGAGATACAACCCTCTACGGGGCGTAGCGACCCTATTATGACAGCACTGGTTACCACATGTACCTGTGGTAGGGCAACGGTGAGGCACGTCGGAGTTTTAAACCCCGGCACAGGGGAGCCAACGTTGTTCAGAATTAATCACGATCGGGATCCGACATCTCTGTAGAAACAAACGCATATGATGCAGCAAATGATACAACTATTACGCATTTACGGTGCGTCCAATAATTGTTTCCGC,366,51.64,Arabidopsis thaliana
SEQ_871391,TAACCCTCTTATGGAACAAAGAGAGTGAGGACCCGCATTTGAGAGCAGTGGACATCTTAAGGCTTGATGACGTCCCCCTTGCGTTAAACTGGCCTCGCAACGTTCCTTGCAGGGACAAAACACCGTACCTTTAGTATTCAGTTTTAGCTATTGTTAACGACTACAATTATTTACGGCGGAAGTTTGGCGGTCGCTCAGCAAGCATGCCCGCCACACCTTGAAAGAGCTAACGAGCGGGCAAACCTTCCCCCCAAGCTCGCATCAAAGAACTGACAAGCTCAGCCTCGCTCCGGGTTACTATAAACAAGCCTAGGTTTAGCTAAACTGGTTATAACACCCCGCTATGCTGCGACAGTTATTCCCTGGGTTCTACAATATAGAGTTTGAATCCCAAGTAGTCTTGGAGGTCTTAGCCGCGTCGTTATTCAGAGTAGCGTGCGGGGCGTCACCGTGACCCGCAATGTCTAATAAGCCAAAGTAGGTTTGTACCTGAATTCCCCCCCAGGAACCGGTATTAATACAGCCCCCAGCGCGCCTGCTCGTGTATCTCTTAG,554,50.0,Escherichia coli
SEQ_765675,TGAGCGGGTCCCAGCAATCTGTTTTCCCCACTTCAAACGCAGGCCATTTGGGCCTCCTTTTGCAAGACCGGGTAAGACGACCAGTAGTGCGTCACCACTGGAATCGACAAACCATGGCGCAAACTAGAGTGAAGCGCCCTCTCTGTCCCCGGAAATCCGCGACGGTGATTTGTCGCACTTCCGGATTGGGCCATGGACTGCACATAGCACGAGACGATTGCTTTCAGCTTTACGTCAGATGTTA,244,54.1,Arabidopsis thaliana
SEQ_448157,CATAACGTTTCGGACCCTCACGCAGTCCTGCTCCTGCGTATAACACATTGTTACGTGGGTCGCAAGCAATTGCCCCTCATTCGTGGTCTTACAAACGATGAAAGAACAGGGTTTCGCAGTTCTGTATTATCCAAAGATCCCGTTTCGTTGACGTACACGGTGGGGGTTGGGAACGATGGTTTTGATCGCTTGAGTTCACCTCCAGAAGATTGAATGCGTCCGCAGAAGTCCATAACGCTACAGAAGGTTCTAACTTCCTAAAGCAGGTGTTAAGCCTGTCATCCCAACATGTTTGCACCTTCCCGATACTGGTAGAGACATTGAATCGTCGGCAGTGACCAGCACGCAGTCATGACCTCCGAGCTGTAGGATCTAAATGGTTACCGTTATACTAGGGAGCATCAGCGACGCACAGTATATCGACTCCAAGGACTATAGACCAGTTTGTTGGCCGGCTTGAAATGCAGAGTCCAGGCGACGTCAATTGAGCCGGGTCCGGCCACTGATTACCGGCGGTCTATGGAGAGCACAGTACAACTTTGCCGGGGAGTCAGGCGGGTACCATGCGGCCCCTAACCTAACCCCGAGACTTTTAATCATCCTGAAAGTACAGGAATGGGGACCGTCGTGGTGCTGACTTTTTCCGCTCCGCTTAACC,658,51.37,Escherichia coli
SEQ_498702,CGCCATGAGATCATTATAGGCCCAGACACTGACTAGCGTCTTAGGTATACATGCCGCCCCCCACACAACGTTTATTGCTGGACTATCCGGCTGTCATTCACTCGGGTGACACACGATCTTAGAAGGGCTCCAGATTTTGTCGCCGAGGGCGTAGTGGTATACTTAAGTTGGTGAGGAGAAGCCAGAACCGGACGACGAATTAACATTCTTCGCGATGTCACGGCAATTAATCTCTGGTGTTGGGCTGCATCGAGGTGTATGCCTCTGTGTCAGATGATGCGTCTCATCGTACTTCACGCGTGCACAACTGGTTCCCCAGTGCATTATGCGAAGCTAAGCGAGTGAATCTCCGATTTGAATGTATACATGCACTAGGATGATTGTCACCATGTTCAGCTATAGTTGGTGACGATGAATGCGCTGGTGGTCTTCGGCTGAATCAGGTTACCTTCGATTTAGGTGTGTCGCTGCCTGGAATTTGCCTGATGGGGAACGTAAGGGGCTACAAACCACCGGTTTCGTGATTAGGTACGTTAACAAGTGGGCGGATCCGATAGCGTGGATGCTGCTGTAAGGAACCCCTGCAGCTGGATTGATTTCGGCCCGCGTCTTGGAGGACCTCGCCCTTCGAGGGGTTGATCCTTTCAGCTCTTCGCAGAAACCTCCCCCCTTTACACACACCAATATGAGGGTAGGGTATTGTTCTGAGGCGAATCTGGTGACGTTGTGAAGCACCTTGATTCCAGCCTTCTCGCATAGTTTCTATACTCTAGACCAAGATGACCATAACTCTGTGCAGGTCGCCGGATTTCATTGGGGTTCTGGCTGGCCCGTAGCTTTGCAGCCGTGACCTCAGAATCACAACTCTACCGAACAGTCACGGGGCTCCTCGCAGGCTCCGGATGGGATAATGGCTCGCGAGAAGCAATCACGTCACACCACAGACTATTACGCAGACTTAGGCCACAACCAAACCTGTATACGCTTTCAATGATGCGTTGAAGCGTAGACGACTTCATGGTAAGTTTCGGCTCGTGCGCTTAACTACGCCTCTCAGAAGTCGTGGAGGCCCCTAGAACAAACTTCAATGTTGTAGCTTCATCTCAATGGCAAAGGCGGCAGCCAGAACTTGGACTTATAACACCTCCAGTCGTCCGTCGCCGCATACCTTATAACCCATGATGGTGCGAACTGATGACTAAGGTGGCTCTAAGATCAAACCCTCTATGAGCAGGAGGGAACTGGACACTCACCAGACTCTCTTTCGGTGTTATATTCTTGAGCAGGTCCTAGATCCCTTATGCACCGACCGATGGAACGAAGAGTCCCGCAAGACGCGTTTGAAGAGATTATGCGTCCGCCGAAACTTATTTACGCCTGCCCGTTCCTCTACGACTATATTACGGCTCCTACCGTTTAACCCACCCGGTCGGCTGGCATACCCCACGCGTAGAAGATGAGGTGTCCAATAACACGCGACAGTGACCCGAACGTCGAACACCTAGGTGGTGGCACGGCTGATACTCTCCTGGGCCTATAGGCGCGATTTTTGGCGCGGACAAAGCTTTCCGAAGAGTCACCCTTGAGGTTGACCTCTGCATTACTTTACGTTCGGGCTATTCAACAGGAAGAGCTTGCTACACCGACATTCGGCAATAGTTTGCGAACAAACGCGACGCACCGCAGCAGGCGGTAATGTACCTCCGAACATGTTCAGCGAAATTAGTTACGAGCGCTACCTGAACTTATCGGTTCCCGTGGATCTCATGCGGCTCACGCTCCTCCGCGCCATGGGACCGGACAGTGCATATGAGAGACATTTTTCTGACTCTTAGCGCCGCACTTCACCTAGCCGGTAGGAAGATCGCATCTTAATAGCAGTTGCTGAATATAAGGCTCATGTGTGGCATAAATTGCGCCGTACAGTGCTTACCTGCGCGGGATCGCCCTATATTGTCGTAGCGCAAGGACGAATT,1976,51.72,Caenorhabditis elegans
SEQ_966178,GGGGTTACCATGGCTTACAAAGGGGTCTACACGAGAGCTTTCTCTGATATGATGATCGATGAATGAGGACGTCTTATCGTCACACTCCGTTTCGAATCTCGGCTTAAAATAATTGGGACCGAAGCACGGCCATTGTCTTAGGGTCGTCTGATCGCCTCGACAACCCATCATGTCTAACTGTGGCTATCCATGTTAGAAGAACGTCGAAGTTGTTGTGGGGCGATGTCGCCTGATCATAGAAAGTTGTTGGATCGATTGGAGCAAGTCCCGGGGTAGATCGGTTCTGGGTAATCCTCGTGGTTGCCTCGCGACTCGGTGGGCTTCAAATAATAGACCAGTTTGTTTCAGACACGCCTAAATACCTACCTTGGTTGATGGATAATACGCTGAGTCGTATTGGCTAAGGCAAGCAAATTACGAAGGAGAGTCAACTAGAAGAGAACGACTAGAGGATAGAAATAAATGATGTATGAGAGTCAGCCCGTTAACAGTTGGTATGGGCAGCTTACCTGTAATAATCGAAGATTGTCTTACGTTGGCGCCTGAGCTCACTGAGTACCGGAGCTCCCTCACAAGATCGTGGAGCATTACGCAATATTCCTCACTAAGCTAGCGTCACGGGGTGAGGCGGCAATCTGGGTGGCCCAATATCAGCATTCAAGTCCCCAGATGTTATTTGTGCGATCATGCTGGATTCACCTACGCTGGTGGCGGAATTTCTCCCAGTTGTAGACTGGGTTGACACCGGATACCGCAGGTTCTGTAGACGGAGTACCCGGTCCGGATGCGAATTGACGAGGCACTCAATATGACGCAGTCCGTCCCGCGCCAATAGGCGTCAGGAAGGCACGTCTTATCTACTCAAATACAGGGCGAGTGCGTAAATGGATGACACTTTTATCTCAGTTCACTAGAGGCGTCCAGCTCGAATTACATATACGTTTCCTTTAGTCTGTGCGGTCGGCACCATTCTACCATTCCGACTCGAATACGCTATACACTCAATTTGAGCCGTAGAATACGCCGGCCACAACCCCCGGTGACAGCAGTCTGCCAGTCGCGTGACATTTCGCGATACTTTTTGGGACCTTTATCCGAGGTTGGTCAACGGATCCTGGAATCGAGCTGTACGATAGCAGGCTATCGCACGATAAAACCGTGCCTGAAATGGACGCTAAGTAAGTCAGGCTATTGAATTGGCTCGGCGGGGAAAGACGGTCAGTTCACGATCATATGACGGAGTAAGAGCCTG,1252,49.76,Escherichia coli
SEQ_551990,GTAACGAACAACTCGGAAGAGGTGAAAAATGCCCCGTAACACGCTGCGTATTGAGGTCGTGCCTCAACACCAGGCAGCGTGCACCTACCGGGCCAGCTGATAGAACGTCGGAGGTGCTAATAATGTATAGTCTAGCTTTTGAGTTTAGTAAGCATTCGATTGATTACGGTCGCCATATAGCGTCCGACTTCTGCCCAAGGTCCCGATGGAACACCACTGAACAACAGTTTAGCCCTGCGACTGTCACCTAATCTGGTGGCGGCGACCAACCACTCCCCACACTTGAGGTACTAGAGTCGGCTAGTATGATCGCCTATCGCTTCCAGGTGGGCCAAATTAGATGAGCATCTTATTGACTTGTGGTGTCAGGCACCGTCGGAGCACGTGAAATGGTCCTAGTCAACCCCTGCGTCTGCTCTGACCTGTCGTCTTCCTTGTATGTTCTGATTGAAGAAATCTTGCCTTTTTAGCAGAATAATACGTCTCGGTTGAAATGGCCGTTGAGGCATAAAATTTTACTGGGTGGGCTAAGCGCTGCTAACGGCTTTTGCCCGTCAGACGATTCGAGAGCAGTAGCCTCACTCGCCTCACCCATAGAGTGCCCCCCGAGTGAAGTAGGAAGTACGGGATGTAGTAGCTGAAATATAATTGCCATTGCGCTTTACTGAGGGTGAGCCATTAGGGCACTATTTATAAAATAACGGAGGTGTTAGTAGGCTCGACAGCGCTAAGTGTAATCAGGTTGCCGGCATATCTAGCATACAACTTTGGATTGACGTAACAGGAGGTTTCGACTATCCCAATCCGTTATTCTATTTTTTTCCTCTAGCGCAGGAGCGCGGCTGTAGCTGATGACGTTCTCAATTACTAACGAACACCCAGACCATGCGAGACTTCAGTCGGTCGTATCCTTAAACTGTGGTGCGCCGTACGAGTGGTTGGAGGGATACGACATGTCAGATCGCCCGCTCTGGGGTCCGTCCTTATGACTCTTATTTCTCTCAGAACAAGTCAGCCTCTGTTAGTGGTATCCCGCCCATTTTCAACCATGCTGCGGCTGTATAACGGTGTCGGCTGGCTGGTCCATGAATCGGAAATACCACTTATCCCAAACCGCCTCGATAAAAGGGGGGAGATACCTCATAGAAAGGGGTGGCGGCACCGAATGATCACACGATGTAAAACGCCCGAAGGATGCAGTCTGCTTTGTGTACCACTATATCATAAGAGTTACGTGTCCCGGGGGGGTCGAAACGGTGTATGGGCTTTTGTTAAGGTGGGCATAGGAGATTAGCTCCCTTCCTGGCG,1308,50.31,Drosophila melanogaster
SEQ_703540,AAGTAATCCATTCACCTTGCGTTCCCCTCCCGATACCTACCTACCCGGCCCTTCAAAGGCGCGCGTACAAATATCTATGGATGACTCCCTCTGCTTTCTGGATGTGGTATATCAACAAGTTACCAGATTTACCCGATATCCAATCGACTTTTCTGTGCTCGCCACCGGAGTTTCAGCTCTTAAGAATCACATGCTTCGCGCAAGTCTTGCGCTTTCCCACACCACTGCAAGCCGCATACAATCGCCTTGGAAATGATACCGGACTTGTCGTGGTAAGTCACATGCCAGAGACGAAAATTTCTACGAGTGGATGTTCTTATTCGAGGTGCCTAAACGCACCCGGCGGCGACACGTACTGCATAGTCTGCGAGTGCGAGTTGAACCCTTAACAC,392,50.0,Escherichia coli
SEQ_247956,TTTCCTCCCACGCCTATAACAGAGACGATTACTATGTAGTTCTTAATACAATTTCTGTTATCGAGCTCACCTTCCACTCACCGCTTCAGGTTCCGTGGTTTGTGCGGCAAGTAGGGCGCCGCGCAACACACGGTAAACAGCAATCGGTCGACTTACATGCTTCTTACGACGTAGTTAAAGGCGAAAGGGGGGAAACACAGAGTAGGCATGCCGATGAAGCTCCATCTGATGAGAAGATGACTGGCGGGTGCCAGAGTCAATCGTTCCTCCAGGATTCCACGACTCCTGGGTAATCCCGATCCGCCCCCGTCTTCAAACTTGTCAGGTAAGATATGGTCTCGAGGCAGCTAAGGCATTAACTGGCATGAGTGTCCCTGGGTATTTCATTACGTGTTCTTATGGTCACAAGGGGGGTCAACAACTTATAATGAGGGGACGACGCTCTGTCTGGCCTTTCATGTCTATTAACCAAGGGTCTCCTATTGGCGAGCTATATCTACTCTGTTCTCCCAAATTAGTTAGGGCGGACCCACCCTGTAGTCGTTAGTAACCTTCGTGGCTGGGTGGATTGATAATTTTACCCCTGTGCTACAAGCGAATCGCCATCGCAGTTCTCACACGACGTTGTATTTGATCACAGCGGGGCATGCGTCTCGTGATATCGTTACGCTCTTATTCTGGGCCACGAATGCACTCCCCCCGAGAAATTCGTGTGTGGTTGCCCATCCATCTGTATGGGAGTGGGAACCTCTCTATGGCATGCTAGCCAACTCGTTTGTGCCCTGCTATTCTCTCGCTTTTGATCGCTCACCTAGGGACCATATAGCCCCTGTGGTCCCCGCCTGAGGGACCGCCCAAAGTGTCAACTGAACCTATCCCGAAAGTAATCAAAACCCGTTTTCCCCTAGACAACTCTGTTAGGATAAGGAGGCGCTCATACAGCCTCACGTATATGTCATGTTTCCCGGCAATCTAAAAATTCCTGATCCGCGTCTTTCCCGGGAGGGCTATGATTAAGTGAAGTTTGATGTGCGCACATGTTCAAGGCCTGCCCACGCCAAAAGTGCCTCAAGCGAATTACATTCCGGCGACCTTTTGACCCCTAGAACCTTGTTCACTCCGAAAAAGGAATACTTCGCTATTTTCTTGCAGGGCTGACCATTAAGAAGCAATCAGTTGTCTGAGAAAC,1189,49.96,Mus musculus
SEQ_935253,AGTCTGGCAACCGCCCCCGGGTCTAGGTGGCCCACCCCATGTTTCAGCTATCGTTTAGCTATTTCCGAGAGTCCTTAGGCGGGTAACCGGTCTGTACCGGCTTCTATAGGCGCGAGCGCGGTAGTAAGAACCTGCGTTGCTGTATGTCATTGCCGGACTTTTTGGTTCTACCGTACCATCAACGGTGGCTAGATGATATCAGTAGCCAAATGCACGCATGTGCTTCTTTTTCGTACCATAGCATCTAGCGATTACCGCCGTATTCTATCATGAGTCGTAATCATCCGCGCCATGTTCCGGTCCAAGATAAGCTGGGTTCGGCGGAGCTGCGGGCTACACAGTGTCTAGCATGGGGTTCACTAGGTTATTTGTTACCTACTGTCTCCACCGGTCTAACGTTCGCGATTTATTCGCCAGCCACCCGGCGACTTACGGCCGGCGTAGGGCCTCCATTAAGTATAGCATAACCACATCAACTGCCTTAATTTTGTCTTTGAGGTACTCTAATCAGTGAAAGGACTATGCACATGTGGTAGTCAATGTAACGGTGGGAGGGCTCACGGGTTATTATGCCGTCGGACTGATTCCCAGCACAGCTAACTTAAGGTGTCGTTTGCGGTTCGAATCAACACCTGAGAAATCGGTAATTGGTGGACGAAGTGAAGCAGATTTGCCAACCTTGACCTGGCGAGGGTTATGCATTCCCGAGATAGCGGGATCCTATGGCGTGAACTACCCCGCACAATCGAACAGAAAAACCGTTCTCTAATCCGATATCGGACAGCACATGCCTTCTGCTGGTGTACAAGTCACGGTTACTTCTACCCGTTTTCCAGTGGGAGGTCTCCCCGTTGCTGTCTTACCATATTGCGTGTCTGGGGCGGCGAGAAGTGACATCAAATTGTCAATGGAGAGTGTAATGCACGATAGTAGCTCTCGCGAGTGCATCACGTAGCGCCTAGGTGCTGCAAACTCGTCTTCAGGGGCTCTACCAGAACTTTCCTTCGCTCAAGGGGGTCGTCTTGGTCAACTCTCCATGGTGTTTAGATCAGCCAAGTGGGATGCGTCTGGCATGTCCCTGAACGACTCTTCGGACATTGACGCGGATCGTTCCATTCGTGAGGCGACGTGCGTGCAGCAGCGTCTCCATCGCAGAAGCTGGTCATGAGGGTACTAGCGCAGTGATGTATTTGTTTATCAGTTCTGAACTCGACCGGCAAACTAAGGCATATGACATCACGAACTTAACTTACATCTGTGCGCAGCGG,1268,51.58,Arabidopsis thaliana
SEQ_707842,CTCGATCTTGGGGAAAGACGACCCTACAGCCCGGATTGCAGTTCAAGCATCTGGTTCATGACCCAAGCACATTGTGGAGCTCGGAAGGCTGCTAATATTCTTCTTGTGGTGGGCCTGATTTGTCTAGAATGTCTACACATCGTACTCTTTGGACGCCGTTCGCCTACGGGACGCTGACTTAGCCGTGTTTCGGCTCAGGGTAGAGGATCCTTCCTTACTCACGAGTATTTGTAGGAAGTGCACACAATCCTATTTGCGAGACTTATGTGGTCTCGTACACCAGCGGCAGGATGGTAAGATTGCCCGCACAAGGGGATGACAAAACTAACACTCGGCCTGCGCCACACAGCTATCACATTCAGCACAGTTGGTCACTGCATATACAAATGGAAACTTTACGCATGCCTGTAACGCGCAGAATTGCCAACAAGGCCTAGCGAATGTAAAAGTCGAGCACCTAAGCATCAATATCCGACGCGAGAAGTGCAGGGCCACATTAGAACAAGCCATCCTAAATAGGCATCAAGCAGAATATATCCCATTTGCGGTCGAAGAACTTCAGGAATACTTGCACCGTGGTTAAGTGACTATCTTGATGGCATTTTGTTGTACTAGTGGTCCGAGATACATTTGATCTTTTACCTATCTATTGATCGTCTGCACGAACAATTATGATGGAAAACTCATAATAAGTATGGGCGAGTTGGGCAGGATGCGGTGTGCACGCTTTGTGGTATTAGCGGCTAAGCGTCCATGTCGGTAACCTTTCTATTTGCGGGGGCAAGTTTTCCTCC,794,47.98,Saccharomyces cerevisiae
SEQ_817718,TGTAACAAACATATTGAAGGCAGTGAGTGAAAATGGCTTTGTCCACTCCATCTATCGAGGGGGCATTC,68,44.12,Saccharomyces cerevisiae
SEQ_751394,CTGATGGAGTACACCCTTCCCGTCCACGCCTGGTGGGCTGCAAGAACAGGGAAGTACGCCCCCTGATTCTTTTACTCCGTCTCCAAGACTAGATTTAAGAGTACTGTCGCAATTGTGCGTGGGCTGCGCTGTCTTAACCATGTATAATTAGAATGTTGCACACCGCAGAAACGGAGCGTCACCGACTCTGAAGTTGCTTGCCAAGACCCTGGAATCGGAACCACGTGGAACCAATCGAAAAGAATAACAGCAGCGAACACTTGTGCTTCAGATAAGCGAAATGGTCTCTCACTTGTTGCGCACTGCATGGATTAGCGTGAATACCTGGCCTTGTCAGTATATTCTCGGCTACTGACTATACGTTTAGCAGGAGCTACGCGCAATCTTGCGGAGAGGTCCTGACGCCCGATGTACAAGATATACTCTACGATGGGAAGGCACTTAGTAATCTATTGCAGTTGAATGTTCCCCACCGTAGCGCGACTGGTGTTAGTATACATTGAAGAGGCTGGTTTAACGAGACTATCAATGTTCACTGCACCTCTTCAGTTCCTCGATATGATTATTCTTCACATCAGGAGATGAATCTGTACACGGCTCTAGCTGCCTATACATTTCAACTTACACCCACTACGCCTTATGGAGGAATTTCTATGTTCCCTTAATTTCTAACGGAGTTTGCCTACAATGTGTACAGCTGCCAGACGTCGAGGCAGAATACTAAGATTGCGCTTGTTAATCTAAGAAGAGGGTGAGAGACTATCTTAGCTAATCCATTACCCGGGTAGACAAGTGTCCTAATGGCTTGTATCTCTCCTTACGTGGGGTCTCCATTTCGAGAGCGGTCCGAGTCGATATTTCGGAACCCCTTGTGCGTACTTCGGGAGCCTCTGCGTTGCCTGATAGCTTTTTAGCAATGTTATTAAAAGCCTATAGGTAGTGTGACCTGATTGGAGGCGTCCGGTTGGCTCATGCTATCCCGTGCTCGACAATGGGGAGGTCTGGAATGCTTAGCAATAAGGTCATGTAATTAACTACTATCTCACAGCTTTGACATCGGCTGCGACCGCACGGCATCGTGCTCAGGGCCGGCTGATTGTACTCACGTCTGGGTTATACAGTCTCCGGGCACCCCGTCGGGCTCGCCATAATACAAATCTTCTATTCTAAACAAAGAATTCGCCCCTAGTCCTGTCATGTACCTAACTGAGTAGCCTCAATATCATATCTGGTGCTAACATTCCCGGATAATTTACACACAATGCAGCGGTAAGGATCTAACGAGGTAGGCCCCGTATCACAATCCGCCGATACGGTAAGGGTCATCTCGAATATGATTGCAGGCAGCCATCCACAAGCCCTATGGGGATGGTCAGAGAGGAGTCATAACCCTGTCAACTAAACCTGCAGTAAGGTGAAGTTACCACAGGCTGCCACCCATTTATTTATACCGTCCGTGCACACACCTTTCTTACTAACGCGCTAGTGCGCAACCTGC,1498,48.4,Escherichia coli
SEQ_605228,AATATGCAACGTTCTCCAGCGTGCTCATGAGTTATGGCCGAAAGACCTAAGTAACCCATAGATGTAGCAGATCAGGGTGTGTGAGATGTGGCCCCCCTGCGGCACACAATTCTAATATTTCGCCACGGGCATATCATTTCCAGAGTCGAGAGCAGAAATGTTAGTTTTGAAGAGAGTGAGAACCGGTCCAATGCGAATGGGAAACGCCTAGCCAGAGATCCCGAAACATAATGGCACGACGGTTACATACAATTGCGTGCTGGCTTTATCTGACGTCTTAGAGTTCCTCGTCTCGACCCCGCATTACGGCACTGCGTGCAGTCAACCCATTTACGGTCCATTGAAGCCAACTAGGCAGATAAGCACGAGTACGTATCTTAGACCGTATCGGGGTTCACTTTGCTCCGAGGCATGTGATGAATCAGCACCTCCTCACGACGGTATATCCGTCTGTATGGTCATTCCCACAAGTAATGCCGCGGACCGTAAGCTACACACGCTCAAAAGGACATGGCAAACGGCACGTTCCTTTGCAAATTACTAATGCTCCGACTGGGCGCCGGGAATACTGCCGGGGGAATCGTGGAAACGGATACGGCAAAAGGACATTACTCTGCGGTAGGAGTAATCATTATCCAGCATCTTGCGAAGATCATAACCTTTTCGTCGCGCACCAGCACGAATCCGCCAGCCGTGACATAAGATTACGAGCAGGTGCACGCCAAGGAGCCTTACTGTCCACAAACAAGGGTTGCCTGCCCATCTATTCGGAATTCAGGATTTAGGCACCTTTTTCACAGTGGTGAACGTTCGGATTCGTGGTCCCTATAACTCAGGAGAAAGCGGCCCGGTGTAGTTTCTGGAACCTGGCTCACCGACTTACCGCTGGTTAACTGTGCAATTGTTGTTTAATTAACTGGACATCCTGTACAAGTTTGTTCCAATCAAGTAGGACTAGGACGACGTGAGGGGTGGGGTAAATGGCGCTGGCTCGAGTCCAGAGCCCGCGAATATTTCCGACATAGGTACTCCTGCCTATATACCATTGGTTCAGCATGCAAAAGTCAGTCAGATGCAACTCTCAGTAGACAGCTTAAGCTTAGTATCGACAATACATTAATGACAGCCCAGGTGTTCCTCACATTCAACGGGCCGTTGTAGATAAGAACGGCAGATGTGCGGGCAGTCGCGGTATGCCTGACACTCACAACGCAGGCTCCATAATATTTAGGGTAACCGGCCCGGAGCCGCGAGCTCGATTCCCATCTCACTCCGGTACCTTGGCGACCCTCTGATTCGACTGGGCCGGAAGCACTACGCGAGACAACCTCACCCAAAAATTTCGGGGACCACGCAGCAAGGTAGTGACTCAGCATTAGTTTTCGGCTGCTAGGTGTCTGGCATGCGGCGACAATACGAAGAAATATCTGTTTAACAACTGGTCCCGTCTGGGGGCGTGTGCTTAAACGTCGCTTTTCTGTTGCCCAAGGTACTTGGGAAGTGGCAACAAGCCAAATGCTAATACAACTGCCTTTCTAAAAGCGTGAGCGCATATAGCCAAATGGGCGTTGTATTTTGGGACGCCGGGAGAGCTTTACACAGACTGTGCACACACTTGTAGGTCACTGCCACGACGCAAACAGCTACAGTGGAGGGACTCCGGGATGATTATACTGTCTCGTATTGGTTAAGAAAATCAGATCTGCTTGTGCCAAATGAGAATAGGTCTCCTGAGAAGGAACACATTGCAAGGGAGCGTTCGATTCCCGGTCAGATCAACC,1781,50.48,Drosophila melanogaster
SEQ_699963,TCGTTCTGCCGGTGCTCGACGTCCGAGTCACATTTGAGTGATAGATGCCTGCTGGAGCTGCGTTGCGCAGATATCGAGGTACGGCAAACCACGTAAACTGTAGTTCGTATCAAAATAGACTCCGAGTTGGCACATGTAACTCGCAGGCATTACTAGATCGAGCGTCGCGGTACCTAACCTCGGGACTTTGGGGACGACCAGGTACTTAATGCCATCGACCTACCATGTTACTCGAACCGTGCAATCTTCCTCACTTCCGAAGATTCGTACGATAGGTGCAGGCTACAGTCTGAGTATATTTTAGACGCGTCAGTGTGTTTTCGCGGTTGACGACGAGCAAGGTCGGGGGCCTCATATGTCGAACTCGTCAATCCAGGATGTGTCCTTGCGCCTATGTTTCGATAGGTTTTTATTACCTCAAGTATAGCCGCTTTACGTGATTGACGCTACCCAGAGGAGTAAGAACTACCGTGTCTTTATAGATTTTACAAGGGAGCCACACTTGGCGCGAGTAAATGCAACCGTGATGCTATGCGATACCAACATTATACCGCGAAGTCATCATACCATTGCATGGCCGCAGGGGCTTCGCGAGGAAGTGGTATAAATCGCCTAGAAAATAGATACTATACTCCCGCTCGTTGCCGTCCCGTTGAGGATACGATGCTGGATCGATCGGCCGAAGGCTTTACGAGAGTACAAACTAGTTGCAAGACCTAACCATCGCGTGGCAGCCACCTCTCAATCCTCATGCGATTCCCCTATTCACGTTTGTCCGAGCTGGGTGAATAACTCCGGTACGAAAGTAATCCGTTTAACATTAGCACTTCTGGACGTAACGTTACGTTGACATAGTGACGGATCCTACGGAATGGACAAATAGGCGATCCGACGGTCGACACACGTAGCGAGACGAGACACTATTCAGCGCAACCCGAATCGGTTTCATGTGAATCATCGCCGGGGTCTCCCCATTATGGGATTCTTAAACATAGCCCTATCTCTCTGATTCACCGACACTCTATTTACCGGTCAGCAGGCTCCCCGAGCACCCTGCGTTTGATCGCTAACCATAAGTAACGCGAACCCGCTGGTAGGACCCTTTGTTCAGCACATGACCCCAGCATAATGGCCGACTAGGTCCTGGCTCAGAATCGCCTCGCTTTTGTCCATGTGCCTATAGACTTATACTACAGCCCCTAGCTCGTCTACAAGGACAAGATGCTGGTCAGGTAGCAAAAGAGCCAACTGGGTAGTTACGTGCTGGAAACAGTTCAATGTCAATGGGGAGGTGAACTCTAGCCCGTTTGCCTAAAAGAAGCTATGATGGTGTGCACGGGGCTGTCTCTTTTCCGGATCGACTTTCAGCATATAACGGTTTGGGCACCTAGCTTGGGTCCCCGAAGTACAGCATCGTAGCAGGGAGACAAGGGGGCGGAGAACCTCGACATA,1452,50.62,Saccharomyces cerevisiae
SEQ_873386,CCAGCATTCGCCGACTTTTGGACGAATCTGACCGTGTACGCCGTATAAACAGGAGTCATACCTGAGATAACGTAATTATCGTGACAGCCATTCTAAAACTAGCGGGAGTCTCCTGATCTGCTGAGCACGCTTTTAATACCCGCATTCATAGTAGCTTACGTGCCGCTGCGTATGACGGGCCGTACCCTGTTAAATACTTCAGGAGGCTAACAAGCCTCGCATACCTGTGAAGCGGCTCTTAAACAAGCGCCTGCCTGATCCAGGCATACGTAAATTCTCGTGTTTTCGAAGTATAGATCGCTTGATCCGGACACCGATTATGCTCCGCGCTTCGAGTCGTTTCAACGCCATAGTGGCAGGCCGGCTGGGCCCTAGCCCCCGTTTCTTGCTTGCGAGTATTTCGTTACCCGTTGTCTGATAGTTGGGCCTCACGGTGCTCATTCTTGAGCGCACGTATACGACCGGTCAAAAATCAGTCTCTTCCATCGATGGTCGAATGCTCTGTTTCCATGAACGCTCGTCGAACTCTCCACGAATGCTGATAGATACCTTGTGCCCGCCGCCCCGGCTACGAATTTGAGAGGCGTTGCTCAAACTGCAGCAGCCTTCGGTCCGCCAAACTCTGAGTTTATGCGGAGCATCCTGTCTGTACAATACGCCTAGCTT,666,51.8,Saccharomyces cerevisiae
SEQ_583750,CTCCATCGACGCCCGTAGGGGTGGAATGCTCATCTCGCCAGCACGACAACCAAAATATACTTATCGCGACGTGGCTACCGCTACTAATCATTTCGGGTCCTCAGGCTAAAGAATTACATCTTGCTTGGTAACAAGATTCGCTCCTACTAGAC,152,49.34,Caenorhabditis elegans
SEQ_998373,CGGTGATAGTGAAGGCTAATTTGGGGATCCTTCCCGCGTCCCGCCAAACAAGCTGCCACCATCATGGACACCCATTTGGTGAAAACAGGTTGACACTGACAAATTAGTTCGCCCCCGAGTCTGCAGTGACTTGAAGGAGTCCTTGTTTGGAAATCACATTCCTGACCAACCTTCCTTAGGGCTATGACACGGTTCCACAACCGCAATCTCTAAAGAGACAGGGATAAAAGGTTATTTATATTTTTAGGCTTAGCTTGAGTTTGTAAAAGGAACTAGAAACTTTGAGATTCTCACAGTATCACTCCGCATGTTGGTGCCCCACTGAGATTTATACTGTTACAAGCTGAGCGCCGATCCGGACTCTTAACTGAGACAAAGGATCCCTTGCTCAATTCAGCGCTGCCAAATACTGTGGCGATTCTCTAAACCTCTGACTCTGCCAATGCGGTCATAAAACACGACAAGCCCCGACAAGTCGTTCAATCTACTCGTCTCGTCTACCAACAATGACGCTCAATACACTTATCAGCCCGTCTTCCCGATGTTCACAACTCAGAACTTGAGAGCCAGACGGTCTCACCTGCACATCCAGGCTGCGCCCCAGGTTTCCTATACCTGGCTCAAAAGGTGCGGAATTGTGCTAGTTCTGGCTACGACGACCGAATGCCGCACGCAGAACCATCCGCGCTCTGGTCTTGTAATTCGTAGGGTCTAATGTTACCACGCAACCCAGCCGGAGAGTGTCGACTTGGTTGAAGTAGGGACTTCATCTTCCGTAGAGTTAACAACAGTCCAGCATTTATGACAAGTGCTATCCGTAATGGGTGGCTCGTTCTATAGTTTGTGATACAGATCCCATTACTGCTACTTCGAGGATGATTCACGGCCAGTGTGTGTTGATATGCACACAGCATCCTTCGTGTGCCTATATTAATCGTCCGGCATCTGACGCTTTCCCGAACCGACTTCGAACTGTTAATATGGTTTTGGCTGGCTCGAAACGTGGTCGTGGGGGGGACCCGATGGAAAATTCTTACCAGGTATCCCGCTATCGGCTCGACGGCACACACGCGAACCTGAATGTGTTGCCGTCACGGTTATCACGGCTTCCGGGTCGGAAACGCCTTGGGCCACGCCCTCCAGTTGGATATGGCGTAATTTTCTCCCCGTGCAACGTTAGAGCGCGAGTTACTGGGATTGTTCCCGAGGACACTCTCCGTGAAAACCGCGCAATGACGGTCCCTGCCCACGGCACCAGAGCTTGGATGACAAGAATTCCGATATTTAGCTAGGGTTCCCAGCCGACGCGTTTGATTGCGTCGATCCTAATTATCGCCTATGAGACGGGATCATCAAAAAGTGGGGATGCTCGCCATGCTATCTGGGTAAGAATCTCATTAGATTCCCGCCAGCAACTGATGGCTTGTTCCAACAGTCACATCTTTTCCCATGTCCATGAGTCCTCCGCTTTTAGATGCTCTAGCTGTGTTCTCAAAGTCGTTCAGAATTTGATTTATCGATAGTTGAAACTGCATTGCGGGGCAACCGCCAGGCGCAGATCGGCGCCCAAAAGCCTACGATGTGCCTTCTAACACTGTTGAACTGCTACTGATTAGGCTAGCCATAACGAGGCAGCACGAAGCGCGGGGTTAGTAATAGTTATTACCTGACATAATCGAAGTACTTAAGGTTCCAACTGAGTTTGCTAGGTAGCTTTTGATTCCCCATCTCCACTTAAATCCGCGCCGATGCACGCAAGTCCCTAGTAAATACTCGGGCGGTACACTAGT,1790,49.78,Saccharomyces cerevisiae
SEQ_466639,TACGCTCGTATCTGTCTGGCGTCGTAGCGACAAACGCACATCAGAATTTTACTCCCAGAGTAAAAAAGGTCCAAAGTCTTCATCATCTGCAGTATTCGCCTTGGGCTGCCTCGTATCTCCGGAGGTTCAGCGGTCCTGCGTAACGTCGTGGAATATTGTATAAGGCGGACTTCTCCTTGGGCGAGTTAGTCCACTGTTCTTGTGCAGGCTCACGCACAAACGGCTCTCAGTGTGTTTATCGACACAACCGTTCAGACTAACAGTATTCTGTGGTAGTGCTTAGTTTTCCGTCCGCAACTTACTAGAACCCGAGTAAACCCACAGGAAGCACAGCGCACCTTATAATCGTCTTTGGTATGCAACCTAGTTCTCGGTTCGATGGACTGTACGGAACTAGTATTCCGATTACGTTACAATGTTCCGAGCAGCGAATCGTCAAATTCCCGTACACTGTCCCTAATGATAACGTGGAACCTCTCCCAAGGTTTCGATAACTCGTACGTAGCATCAGGTTGATGGCCAAAACCCGGATAGTCCAAAATGGCTGCAGCTCTTAGAAAATCCAACGTCGTAGTGTTAAAGTAGATTGAGAATACCCCAACTCTCGTAAGATTCAGCGAGTTGATCAAAAGAAGCGGTGTATTGCTGTTTTTGCCTATTCCCCGTAGGAACGTAAGTAAGCCTCCCAGGGGACTCGTTAAACTCGGTCCGCACCTCATTAATTGTCCTTGTATACCTTCAAATCCTTCCCATACTCGTCCGCGATGGTTAGATGCCGACCGTCTTCGAACATAACTTGATATCGTGTTCGATATAAGTGTCATTGCAAGACAAGCCGATTGCGGTATTCGGCTAGTGTTTTTCATAGTGAGGGGTAACCCTTTCCACAGCAGAGTGCTCG,901,47.39,Saccharomyces cerevisiae
SEQ_454777,TAGTTATCATTATGTCGTTCGCTTACATACCTAAAGATGAGCGCCACAGAGTGGGCTAGCGACCTCATCAGCACCCTCGGACTGGGAAGCACTCGCACGGACGGTAGGTTCAACCGAATGTCATCTGTACCGAACGTCTGAATGAATAGCTGCTAAAAGCTTTGTCCTCCGGAGGTGTAAGCGGATCGTGGGGTTTCATGGGGGACTTACGCTCGAAAAGATTGGACTCGTTATCTCCGTACAGTAAGGAGAGACTGTCAATTTTCGTATGCGTCTTCGTTATCACAATCCCGACCCACATAGTCTAAATAGTTGAAATCTCCCAGGTGTGGGGATGGGTCGCACAGCGATCGATATCCGGGGAGTCTGGGTCGTTTCCTTTCTGGCACAAGTAGCATTCGCGTTGCCAGGTTTAGGTATGATTAGGCGTACTTACTACAAAACGAGTCTCGTGGCCAGTGTCAGGGCCAAGAGTGGCGCGGTTATCCATACAACCCGTGAGGACCTATCCACATAAACTAGTTACGCATGGCTACCAGTATATCAAGTCGAACCAATCAGATTAATATTGTGCCACATCCCATGGTGCTTGTGGCCTTAAGGCACAAACA,611,49.26,Arabidopsis thaliana
SEQ_161782,GTGCTGGAGCTGGACGGTACGTGTTGCGTTCTGAACTACCAACTCGGCAATTACGCGTAAACCTAGCCTGCAACTCACGTCTTGGTCATTGAATCAGAGTCGCAGCGAAATTTGTGACGAAGATCATTTTTGCTCACAAATTACGACAATAGTCGTGACCATGGAGTATAGCTTTTTGGGGAACTATGACGGACCACCATACCTCCGATGCGTACTCCACTTAAAGAATTGAGCGGTGAGTGCGGGCTGCTGGGGGTTTGTACTGCCACACAGCACAAGGCCTACTCAAGCAAAGTTGAACCGACTCGGGAATGGGAGCACGCCTGTTCTTGTATCGGACTGGCGTTCAGGTACCTTTGTGAGCTTACCGAGGCGATAACGCTAACAATAGCAAGTGCTTCGTGAAAGCTGATTGAGCTCGAAATGCACTTAGCACTTGATCCGTGATACGGATAAGTCATGACGCGACGGTTATTATGCACCCTGTGTGCCAACGTAACGCCCTGTGTTTCCTCCTCCAGAGCTAGCCCTACGATGTTAGCATAAACAGGACAACGCTGGCGCATGTTTTCACAGAACGGTTGGACCTACTAAACCTAGATTATCCTGCTCAGTAGCAATACCCTACCAACTCTATGCAACATTTTCGCCGGGCAGATACGTCCTCGCTGACCCTCCTAATCCTACCATTCCAGGTTGTTTACCGTACCTTTATATC,718,49.3,Drosophila melanogaster
SEQ_796691,ACTGTGCCGTGTCGGAAGTTGCGTTTTAGGGTTGCTTCAGTGTCCCACGGGACCCCGACGACCGATCATCGCCGACGGCCCTACATCCCTGGGCATGTGGCGCATACCGCGCTCGTATCGTACGATTAGCCAGTCTCTACAGGTGCCCATCCCTTACGGCCTTCCTTACCTTTCCTGGACTCTAGGAATAGGGCACGGAAAGTTTGGAGCGGGGTTCCTTATAACGTCTTTGCGCTTGCGCGATCTAGGCTCACGACACTGTAAGTCCCGGATGCATGATATTAGAAACGGGTGTAACGGCCCAATCAGGATGATGGCATTGATTTGTTCCCAGGGCGTAAACGATGATCCCTTCGAGCCAGTCCTCTACGTAATCTGGCTAGACCGTTCACCCTTGGGGTCTGACTAGTTTCTCGGGGATTTGGCAGTATTGTATAAGTTCAAAAATCCTGACAACTACACGGCCTGGCGTCCGGGAGCCCCCGGCCCGAGCCCAGAGTCCAACCAGTAGGTCAACCTGGAGTTGAGTGTCTTCTCATTGGAACCTGGCAATTGTGGTCGGGTTCCAACGTGGGGGATGCCCGACTGCATAAACGATAGAGATAGTACGTGTGAGTCAACGTAGTAATTGTACTTTCAAACAGTTAGTTGGCGTTCGTT,660,53.33,Escherichia coli
SEQ_379895,GCTAGACGTGAAACGGATGATTTAATGCCTTTTAACACGTCGGCGGCCTCGTATGGGGTTAGGCTGTCCTGCAGTTCAGACTCGATGTTGAGACTCGTAGCCCAGTAAACTGTCTCGTGGAGGCGATCCTTCCGCGCCTGCTAAAGTGCTTAGAAGTGAGAGCCAGGAGAAAGGAAGGCAACGTAGCTAACCGCCATAAAAGGGACCCTATCTCGACTTGCTTATGTAAACTCGGTGCGATAAATGTGTTTGCTTCTCAACGGACGGTACGAGCCAGAACTTACGATTACAAACATGTAAGTACATACTGCATTCTAATCTGGCCTGCCTTAGTCAAGTGCTTCTATACTTCCCGAATGTGAACGATGAGTTCCAGTCTATGAGGCCGGTCTCTTCTAAGGGCTCGCGTCTTTCAGGCGTGCGCTATTCAGGCGTCACAAACCACCCTTTTTAGATTCAACAGTAAGTCGGCCGATTGGGAGTAAAGGCTACTGAAAAACCCCCGAATTCACATGTGTTGAGCACTGACCATACAATTTCACAGGGCAGGAGCGGTTTCCCCGGTACGCAGGATCGTTAGGCCGAGGACTCTGGGTCCGGTATATTTTCCTGAGGAATTGTGCTCCCAGATAGAGGCCCTCAAATGTCGGGGTAGCTTTGTTAAGGTCATAGCCCCCACTGCATGACGGACGGCCTGATTCATTTAGTTTAACTAAAGTACATATTTCAAAGGTATTGTGCCAGATAGGAAGAAAACGTTCGGTATTTATGACATAGACGGGGGAAGAGTCGATGGCTCGCGTTAAGTTAGTTATGAAGTAGCGCAGGGATCGAATGGTACATGATATCCCTCGAGCGTTACGGGTCCCCTGCAAATAAAGAGGGGAGAGATGCAAATCCGCGTCTGTCGAATCGAGATCATCCTACTAGAGTCCACACGCAGGATTCCATTTACACGTGCCTCATTCGACTTCGAGGTAATGCCATCTTTTCATTTTCTGGGAACCTGGCTGGACGTGGAATGGCCGCATCCACTTGCCTATAGACACTTGCAGTGGAGTCAAACGAACTTACAGTGGAACCACTGTCACGATCCCTGCACGCTTGTGGGATGACGTCACGCGTGTTCCCACATAA,1137,49.25,Drosophila melanogaster
SEQ_389186,AGTGATAACCTAGCAACTCCTGTATTTTTTGCTATAACGGCGAGTTTCGATTACCCGGGCGCTACGGAAATGCGGAAACCCAGAGAACCAAGTTG,95,47.37,Saccharomyces cerevisiae
SEQ_948286,TTCTTCTTTCTGAGAGGCCGAGTAACACGGCATCGACTTCTGAGCGGGCGCGCACTTCAAAAACGCGTAATGAGGTCCCGACCCCGTGACTAGGGGATTAATTGTCTTTGAGCATGGACGATACAATACATAGTTGTAGTTCGTACGATGGATAGGCAGTCCTCCACCAATTAGACTATTGCAACGGCCGATCAATCAGCGCTACAGAACGTATTGTTGGGTACAAATAACCTGATCGGCGTCCTCTATCCTCGTCCTAATAGACGGTGGTCCACTACCCTCGGTCCTTTTAAGGCCAGGGCGTTCTAAAAGTCCATCAGTTCGCGTTGACGAGAAGGATCGTTGGATGGGTGGAGGAACAACCCTCGCGGACAATTAGTTATATTTTTCCCAAGACTTTCTTTCTTGGTGCAGTACACGCCTACCCATTTGGAATGCGTTGTGAAACTCACCGTAGCCACCAAAGCCCCTCGGGACTAAGTCTATCGCTTGACCATGGGCTTGCTTCGAGCCGGTCCCGGGCCCACTAAGATCGAGGCAGTCTTAGCACGCAAACTAACCGGGAGGATATGCGTAACCCTTGAGGCGGTGCTCTGGATATGTAGCGGCATTGCAGATCGGCGTTATCAGTAAAAAGACGCATGGTCAAGCAAACTTCCGTTTCGCGCTGCGGAGCTGGCAGGGGCATTGCCTACGTTCTATCTGAACACTAATATCCTCTACACGAGGGTGATAGTGTCGTGCGTTTGTCCGATGTAGGGGGCGACCACAGCGGAACACGTCGAGATACCGAATTTAACCTTCCAGCTAAGAGAACTGACGGTGGATGCTTACAACGTCCGCCTGTCGGTACCTCGGGTGACCCGGTAGCTGGTCACCCTATTTCTCCGTACCTGCCTCTCCGCTACTTTAAGGTCAGTCCGATGCGGGCTGAGTCCCTTATGGGGCGTGTCTACTCTTATCGTCAGTATAATGGTTACATTGTAGCTGCGCGCATCGATTCCCAGACGATTAAACCACGTATTAGATTGGAGAAAACGCTCCTGGCTTCGAGAACAGTACTATGTTACACGTGTACAGTAGCCCACGTGACGACATCTCGCAGGCTCGGTCTCATGGTTGT,1123,51.65,Drosophila melanogaster
SEQ_188153,GCACCATTTATGCCAATATCGCAAGGAAGGCGAACCTATCGGCTCACTGCCCTGTTGCTACTACAGGCTGGTAAGGTTGGGTCCGCATGCTAATCAAGTATGATCTCCAACGGGGTTACCTGCGACGTTCGATCATCATCAGATTGTTATGACTTGACCCGCCCATATTAAATCCTCTGAAAGGCATTCCTCTTTCATGCACACCGGCTTACGAGAAATGGTGGCGTAAAGGTTTCAGCCTGTCTTAGCTTGCGGTGATAACTGTATGGGGGAACCTGCGCGCGAGGCATCATAGTGTGTGAAAATCGCGATCTAAAACGGACGGGTGGGTCTGGAG,337,50.45,Drosophila melanogaster
SEQ_571946,CGGCAAAAGGTCAATGCGGGTACATTTATTTGCAGGCTATTTCGACCCGGTAGGAGTGGAATTTAGGGCGCCAGTGTCACGTTTGCCATGTTATCGATCGATCACCTTTCACTGCATGACATAGATGCCCGATCTGCTAGACCTCTCGCATTAGTAGGTCATCGGACCCGCAGCGCGACGGTGTTAGACTTAAGCTGGGCCCCGCACCGCGGTAGACCCTTCCTTCTTTTCTGCCATGTCGAGTGGTTATATCACGGTCATATTCGCCTCACTAATTTTAGGCTCGCCGCGCATGTATCCTATGCGTTGAGCTATGCCTAGGATCCGCCCACGCATGGTTTAGTATAGACCAAATTACTTGAGATATCTATGTAAGATCCCCCAGTTAATAACAGCTATTTGGACGGCTTCAATAACGGGCTGTTATCGTGGGCAGCGTAGGTAGGACAGGTTCCAACTTAGCACACGATGGTTCACTACCGTAGCCCCTAATGTGAGGTTACCGCGACA,510,50.39,Saccharomyces cerevisiae
SEQ_887569,TAGCAGCATTTTCAAGACCATGGTGCCATCAAACCCGAACCTGGCGTGGGAGTCCCAATCATGCCTCCTATCCACACAATTTCTGCACCGTCTATACGGTTTCGACTTTTTGCGACTATCCGCTAAGCATCCTCCGAGTGCGACTATGGAGCTCATGGTGCTACTAAGGTAGAGTTGCGATTCCCTTCCGAACAGTCGTCTCCCCCCTATCTCGGCTGAATCAACTACCTTCAGTAAAGTGGATCCAGAATTTATTTTGCCGGGTAAAACCGGAGCCGTCTTGGTCGGATGAGCCCGTCACTAGAAGGCGAACATTCGGGGAACTTGGGTGCGCGCACTCAGTCCGTAATATCGTAACACCTACTTGTCGGGTCACCACCCAATCTCAAGGTCGCTGTTGTGAGACCGCCCCTACAGCGTTAAGACGACAACGGTGGAGTGGCTCACTTTCGACTATCCCATCCAACCGCTGGAATTCGCACTATTAGGTAAACTCGACTGTAAGACTTTAGTGGCGGGGCCGACTTCGTATTCATGTTGGGGTTTACCGTTTGACAGGAGCGGAATCCTGCCGATTCGCAGAGTACGTGCGCCCCCTCAATCCAGTTTAACAACGGGTCAGGATGGTACGGTGCTTTGGCAGGGTGGAAGTTAAGAGGTCCGGCGAAATGCGAGACTCCGTCATAGCCGCGAACGATGCAAGCCGTCTACCTCGCGCATTGCAAAAGTGTTCATCCGACGTACCTGAGTGGAAGAAGACGTTGAACGTACCGCCCGGCTCCATGCCCCGGTTAAGTCAGTCTGGTAGTTCGGGGCCGTTTTCAAGGCGATGCGGTCCTTGAATAGAGATGCACCAAAAATCAAGGCGTAGTTCTGCCTCGTATATTGGGGGCAGGCCTCGGGGTTACGGCCACTAGTCGCCGGCGATTTCGTAGGATTCCTTGGGGCTACCCGGCGGGTACCTTAGTGAGTCGATAATATGAGGGTTTGGACGGGCAATCAGGGCATTTTCAACTTTTGCGGCTGCGTTGAGCTTCTCCCGGACAGAGAGCTCAGAGTCCCAAAACAACGCCCACTTTGAAGATAAGCGGCAGCTGTCTATCACCGGTCGAACCCGTATGTGTCAGTAAAGAAGTCCAACGCTAGCCAACGAGGTAGCCGAGTTACAGTCACCAGTGTGTCATCCTGGCCCCCACGCGCGATGTTTACCCTACTTTATCACGAAGCCACCCGTGCGCGTCTTGAGTTCGATATCTGGGTGAACGTGCCACTAGAACCGAATTTATTCGCAAGTACGCAGTTTAGCTTGGTAGTCGCCATGCAAGCTTGCTCGTGGGTATCCATTCACTAATAGGGCAGACCGTGTCTGACGCTAGACGCGGGTCTCAAAAGGGCAGTTATGTAATGCCGAAGTCCTGCCCTTGGATCCAAGTCCATGTCACCTCCTAGACTCGTGAGTACGCATCAGGTCCCCTTGGGTTGGCTGCGCGGCGAATAAGACGAATCGTTCAGGTGCGGTTACTATCACTATCCCACAGGTATTTTATATAGGTTCGCCCTACATAATCACAAACACAGGGTGTCGGGAGCGGCGTCGGCGCCTATCCTCACACGCGAGACATAATGCCGAGGTGGTTGGCTCCCTAGGGCGGTGCCGGCAGGCTAGTCTCCAAGCTCGGCGATTCGAAATCACGGGGTCGTGTTGCACGCACTTGCGTGTAACGCTGTGCACGGAGGAAG,1740,53.97,Drosophila melanogaster
SEQ_637417,AGCGGGCTGGCGAGTTATGTGGCGCTACTCGCTGCTTAAGGAGGTAGGTCCCGGGAAGAGCAGCTAGAGCGCTCCTACTGCATCGTGGTTCCGAACAGTAAAGATGAAATTGTTGTATGATACGGGTTACAACTCATTGTGCACGTCGCGGTCCCGGTTCGCCACCGAGCACTCACCACGGTTGTGGAGTGCGAGGGGTAAGCGAGTCGGAGTGAAAATAGCGAAAATGAAATTTGCGTACCGGACGCTGCTTCACTATGCAGTCCGGCAGATAAGCCCAACAAAGCACGCGCTCGCAACCCCTGAAGAAGTCATGTGCCGGGCGCTCTCGAGACATCATATCTATGTTGTAGTAGGAGGGTTGGCCTGACAGCTTTGCAAGTCGAGCTCAGGCTCGCAAGCGTCAATCTCCC,413,54.96,Caenorhabditis elegans
SEQ_421539,GAGTACCCTAGGAGGTTGACCACATCAAAAAGATTCCAGGTATCATTGTAGACCCAAGGATACATAAAACCTACAGCTGATGGCGTCTAATATCGTACTTCCGAAATAGGTTTCCAATATCGGATCCCCCTCCCTTTCCGCTTACTTTATCCTGCAGCTAGGGTTACCCATTATTTTCCACAGTTAGAATGTAATGACTGGCCGGTAAAACGGCTTCGCAAAACTAAGTAAGGAAGACGTCTTCCAACCAGGCTTAGCGTTGATCTAATGATCTGACTGCGCCTATCCAATCTTCCTCGTGTGTACCAGATAGGTAGGGAAGTGAGTGCGCGAAAGCATGGGCGGGTGCAGCCCGTGGCCAAACCGGCTAAAAGAACGGTGAATAAGCTTTTCCGGCCCGAATCGGAACAGCAATATATGTAGCCCCATTTGAACCCCAATAACTCGCCCGCACCGGTAAACAAGCGGACTGATATGTAGTTCTACTTGGGATGCGCTAGGGAGAGATCTAGTCATTGTGTTTAATCAACACGCGCGGGGCTGCTAAAAATAATGCAGTGCCGCTACGTTCTACCATTTACTGTTGGCTGACGAGTCGTCCCTACTGATAGAATACATCATGTAAGTATGATCCCCTTGACTCCTGTAGACCATCATTACCACGCCTGAATTTCGATGCCAAATTACGATACTCAAACAGAAAGCGTTTAGCTGACGCCGGTTTCAGAACGCCCATTAAGCTACTTGAGTGAATTTAAACGTATTTGCCATCTATATTAAATGGGCAATGGCCGTGGGCGGGCTTGAGTACGAAAAGTTCAATTAGCATTTGCCAACGTCATGTAGTAATACACACGGACCGAGCCGAGTATCGGAGTGCAACCTAGTTGGCTAGGACGCATATCGCACCTTTGGTCTCTACCGTGCGGCTATGAGACACTATGGCCGTGTGTCGACAGAAGCAAGCTGCTGTGCCAAGTCATAACGGGAAAACCGTAACTTACTAGGTGCTGATGCTATAAATCCAGATCACCACTAGTGACCGGCGTTGCGCAGTAGACTGATGATCGGAAGTAAGTGGACTGCCTTGAATCGATCCCGCTATGGAGCGGTTATTGACCTCTTAACAAAACAATTACCTCAACATGTCTCAGTGTACGGCATATGTCCTGTGGTGCGATCTAAAGCTCCCCATCAGCTCAGTCCTTCGGAGCGAAGACATAGAAAAGTCCCGTCGTACATTTATGGAATGCGCCGGAAATGCGTGCTCAAATACCACGTGGACCACCGGTTCAGCATTAACTTTCGGAGGGACCTATGCCGGACTCATTTGGACCGTGTTAGTCTAACCAAGCATCCGTGAGTCTTAACCGAT,1375,47.85,Mus musculus
SEQ_242343,ATGGTATGATCTGTGTCTGCTGTCCGTAAAAACGACATTCACGTAGTCTAGTTTGGACCGGCGGCCTTGACAGGGTACCGACGGAACCAGACAGGGGGTTAAGAAGTAGTCGTCAGTAGCGGATCCACCGTTCGCACGCCCGGAGGAACCTCCTCGACCCGTCCTGAAGAGCAATCGCGGCCTCTCTCATCCCCAGAATGATATCATTAAGTAGTTGCCTGGGGATTTAGTGCCCACGTTGAGTGGAACTCAAGGGTAGGCGGCAACGGGGTTGTGGCATGGCTAACGGTTGGTTGCACGTTAGCGGCTGGCGCTTAAGAGCGACTCGCTTGCCTCAGCAAATCACGCGGAGATAGTCTAATGGAGTCGAATGAATCGACATGTGAATGGCACGATACAACAGAGGGTGTAGTTGAGTTAGTGCTGAAAGAAATAGAGATCAGTCTAAGTCCCTATCTGCCTAGAGTCGCTCCGCAAGTCGGAACGTGTGGGGGTATCTAACGTCCCCCGGGGCGTTCAAGCACAAAGTCCACCTGATAGAGTTTCGTTCGTACACTATTCCCCAGGTGCAATCACAAGCAAAATTACCAAAGAGACAACTCTAACATCGTCCCCAACCGTCGCAATTGCTTCATGTTGCGGTTTCTGTAGGGGCGTAATGACGGTGTAAGCTGGGACTCATCGTGCAATGTCACGGCTATGTCGTAAGGTCATCATACTGCTGTCACCATGTCCAACATACTATCAGGCGCGTATTAAGTCTTTGGTACCCTCTAGTTGAACTGACTTATCGAAAACGACAGAGTAATGCCGTTGCTGTAGACCCCCAGAATGCCCCCATGTTGGACACGCACCCGGACGGTGGAAGTTATCGGGCGAAATCATAATTGCATCGTGCGGATGTTGAGCGCACCGTTCATTATAATTTGTTATCCATTTTCAGTTTTGCCCAAGCCAGACTGCCTACGACGATTTCCTCGTGTAGTGCCGGCGTGAAAGCATTTGTATTACCTATCATTAGTAATGAACTCTCTATCCGGGGCAGAGAGACAATATACCACTTTTACTCCTCAGCCGAGGTGGCCAGACCAATGTACCCTACTATACCCTGAGCGCCAGGCCCTCCAGGAACTAATATGACCATCGGTATTGCGATGACCTCCCTGCAATAAGCGACTTCGATGCGTAAGTCCTAAGTGTGGACCAGGCATGTATGACCACACATAACAACCTTAAGTGGCACATACCTTCGCATTGCGTTCGCTAAATTTACCACCTTCCAACGGAGGTCGCACGAGCTCCACTTGCACTAGAATGAGTGATTTCTATGTAGATAAAGGCCAGGGACGCGGACCAAGCCGGAGGAAAATTAATACCAATCCATATGCAGCCTCCTGTGATTAGTGTCTGAACTGCCGCTAGTGTGCACATTCATTTCAGTGAGATAAATGGCGAGGAGGTTTGGTCGTAGTACCTGCAC,1480,50.14,Mus musculus
SEQ_322419,GCTCGTCATCTTTAAATGATCGTGTATGCCGGCTTGAGCTGACTAACGTCGGACCCCAACGCCCGGCACCCATTGCGCTTGAAACCTTGAACTTTCAATCATGCGCTTTCCAAGTACATCAACATGGCTCCGTCTCTACCGTTGGAGAAGGACTCTAAGATCATTTCCAGGGCGCTACAGCCGTCACTTTTTACTCGCCTTGATGCCACGCCCTCCATCGGCCGCCTCGCTGATTGACAAATATTCCAGGGTGGATCGACGCGAACGGCTCTTGCCCGACCGCGTGAAGACCGTGGTACCTGCCTGCCTAAGCGTTACCTAACGGTCCCCGTCACTTTTATTGGGCAGATGTACAAAAGAACAGGGACGTAGGACTGGCCGCTAATTATCTCAGCGGGCATTATAAAAGGCTCATCTTCTTCCCGTTGTCGTCCTGCGGTCATACAGGTGACGGCGCCTCGACTTACCCATAATCCACACGCTCGGAAGAGGCTTTTAGGTCTGTTTCTTGCGATGATTACAAGGAGCCATCAAAGCGCCAAAGGGTCGGCGTTCCAACCATAGCGCCGTCTTAAGTCACAGCTCTGAAGACTAGCGTTACTTGGTTCAAAGTTCTCTCTTTTCGGCCAACGTGGAGCTTACATGAACGTTTCTGCTTTATCATGATGTACATTAAGATATAGGGGTTCAGAGGTGGCTATTTGCGTGAAAGATAATTTTTCGAAACGTTAGGCGACATTGTGCCGCCCTAGATTCCAATCAACTTCCCGTGGGCGATTGATCCTATTTGTTTCTGGGCGGCCTGTTTCACCTTCGCTGGTGAGGACGCCGATAGGCACGAGTCAGCGAGTTCCGCTCTTTTAAACGGTTGAAAAGTTTCTAAGTACATGTGGTTCGGCACTATGTCAGTCTCAAAAACCAACTTCGATTCTTCAAGGTCGCGGGGACGCTAGTTGATATATATAGCCCGAACACTTGCTAAACTTTGCAGTAGGGATAAGAATGGTCCACGACGTCTCCACCCAACTATGCTCTCCGTATGCTTGAAGTTTGTTCTAGGGTGCACTCGACACGCGGAGTCCCGGTAGGAAACGTCTAATTCGACCATACCGGTGGACAGACTCACTATCTAGTAAGGCACCTTTGTTCTAACCATATCTTCCTTAAATAACGCTATGCGTAGTTACGACTGGTACAATCGGGTTCACGATTGTCCGCCACACAATCCTGAGATACCACTTAC,1243,49.72,Escherichia coli
SEQ_916315,TATGGGGCTAACTATGGAGTTATTGAAATTGCGTTGCCGCCCCGCCCAGAAGTAGTGCATTGGGCGAAAACGAGTTCACCGTGGTAAGTAGCGCCCGTGAGCATCATAGTGTTCCGAACGAATCCCTCCTCTATGCACGTTATGGAGTCAGGTCTCCACCAGACACAAGCTAGCCAGTATGCTTTCCGGGTACGTGCTCCAAATAAATGCTAACGGGTAGCACTCCGGCGGCTTCTGTGACTGATCGTTTTTTCTTGCCACGTGCCATGCTCTAGAGGCGCTTCTGCGAGAGAATCTATACGCTGCTTCCCAAACAGTTACTCCGCCTACGAGAAAAATGTATTACAGGGTCACAGTGCCACCGAGAGCCCTGTTGCGTGCAGGAGAGTGGAGTCCTGAAATCTCCAAAGATAGTGGCTACGGCGCGAGCCTCAGCATGGCAGTTTTGAAATGTTAAAGGTCAGCAGATGGACCGTGAGCCGAACATCCGTCATTTTTCCTTAGAATACCCTTCTATGCGACGCGATACCGGTATGTTCGCAACTCTACGCCCCGGCGATCCAATAACAAATTTACTCTGTACTACGGTATAGTTTTGAACATACAGGGATAGACCGCGATGTTTTGATTGACGGCATGGGGACACGGCTCTGAGTTTGATTGGTGTTGATGGATGGCAGCAACTATGTCGAGTTCAAGGTAATCTCCGTCGTGTGGCTGGTTCCTCGATACAATGCAATCGGGCCTAGAGCGCTAACAGGACTCTAAGAGAGTTACCACTGATTTACCGCGAAGTAGGTCGTAATCGGTGACGCATACATCTGCGGCGGTTGATCACGCACAGCACCGTCAGAAAGTCGTGAGATTTGTCCTCTTGGGACTGACCTGCCCGAAAGCAAAGCGGACGTGCCTCGAGATAAGGATGGGGCGATCGTTAATCACATTTGACTGCCCAGGTTTGCGCCAACTAGAGTGGTGGTTACGGAATAGAAATGGAGACAGGTGGGCCACCCGGACCACTAGCCATTTCAGAAATACTCGACTTCAATAGCCTAGTCTGTCCTCCCCCCCTGCGAATGCCATACCTGCATCTTTCGGAGATACACGTAAACAGCGAACACGTTGTATACTCCGCGCGGCCACTGCACGCGAATGGCTGCACAATCGCCCAAATTTGAACCTACAATCTGCTGGTCCTGGCCCAGTAGTGTGGGCATATAAAGTCCAGCAAAAATATGGAAGGCAGGCTTTAAACATTCCGCCATTCAGCTGTTTTCGGATTTCGCTTTTTTCCGGTACGCGATCAGGTTTCTAGTCGACGGATCGCGCAGCCTTGGTTACTGCAGGCATATGTCGTTAACCAACGCAGTTTGTTGGAGCGATCTCGAGGAACGTTCTCCTTGTAGGGATGTCATGGCTGGCTTCTGAATCTAAAGATATCAGTAATAGACTCTGCGCACGTCACCCGAATCACTAGCGATCTGGCCGGACTGCGCGGCATGAATCATGCTTAGCCTATGATCCGCCGAGACTTAAAACAGTTGTTGCGGCGGATAAATTATGCTACTTGTTGTCAGCTCGACAGAATTCCCCACTGGCCCACACAGACGGCCTTTTCTACTGTATGAATTCTCAGAGGCTGTCCTAGTCTATCCGCGGAATAAT,1665,50.69,Caenorhabditis elegans
SEQ_795630,GGACGCGTATTTCGACAGCCTTATTGTCGGCCCTTCGCACGGAGTTTGTTGGGCCTGTCGGTACGTTCTTCAAGAACTAAAGCATCCGTCATTCCAATCTGACTCTCCCTTTAAGTCATTGCCATTTTGGGACTATCTGCTTGGGTCGAGAAAGCGGTTATATCATGTTGTACGAGTTAGCCATATTGATTCCCCAAACTTTAAGCAATTTCAAACCTGCGGTTGTGCCCTGACGTAGTCCAACACACGGTCTCGCTTCTGCAAAAATGCCTAGCATTTCGCCATGAACTTATAGGACTAACAGGTTTAGGGCAAAACTCTGTATTGACTTCTTACCGCAGAGTGGCCCAAATCCTCCGCGTAAGGACATTACACGAGTAAACGAATCACGAATGCCTAGGACATTCACTCTTTTCGTTTATATTCATACAGCAAAAGGACCACGTTAGCCCGCGCGAACCGTGTTGAATGGATATTTATCTCCCCTCGTACCAAGGTACATAGGCCATGCGATTCGACTTTCCATAGAAGTCAGGCCAGCCGAAAGGGTCGTTGATAGCGGCCCGAACTCGCTGCCTGGGCTGGGCTCCGCGCAACCAGACGCTTCGCCATTCCTTCGAATACGGTCACCATAGGGATACGATCAGGGAAAATATGTGATTCTCATCCGTACGGAAGAGATGAAACCGTATCCACCTAGCAACGGCTCGGCGAGCGTATTCACTTCTCTA,731,48.84,Homo sapiens
SEQ_786086,AAGACAGACGCTGTTTTAGGCGAGCCGTATTAACGTCGCGTACAGTGTAAGGGGAAAAGGAAGGCGAACCAGACGTTTGCGACACCATTGGTCGAGTTAACGTTCCTCTGGCTCTAGCGGTCCTATAAATGGAATGTTGGCAGTAGGAAGTGTGATTGAGCCTTTATCCCAGCACGCAGAAATAGCTTACCTTAGACTGGGGTAACTGACGTCGGATAGACTGTCCGGCCGTCGCATCAACGTTAGGAGATGAGTTACCTACTATGGGTCGTATGCTGCGAGAGTCTACCGTGATATAGAACGGAACTGAGTGCGTATGCGAGGACGGGAGCAGAAGTCCAAGACCTACCCCCCGCTTAGGGAAAGACATTGATAAAGGCCGACTTATAGATCTCCTTCGTGTTCTAATCTGTACGTATCCGTAGTCGTCGTAAGTGGACAGCTTGATCAGAAGCCAACACGAACACTGACCCCCGATCGGCCATCGGCTATCCATCTGCGTCTCCTGACCCGAAAGATTGGATGGTCTATTTAAATAAAGCGTGATAGACTTTTTCGAATCCAACAACTCCTTATTAGAAAAATCCAATAGCGAGATACACGTCCTCCTAC,612,48.69,Drosophila melanogaster
SEQ_350544,ACACCCTACCATTACCGCGGGCAAAGGTGGCCGGGGTCTCTTTCGACTTCGAGCAACGCGAAGGTCAATCTCTACTGTCAGAAAGACTATAGCGATGATAAGGGTTCCTTCCCAAGTAGATTGCGACACGGCAAAGTCGCAGCCGAAATAACTAGTACAAAGTATCTGACGTGCCAAGCTCGACTTACGGGTACGTCGGCGCTTTAGTTCAAGGCACTTGTTTCAAAGTCTACCCTGGGCGTGTTTTCCATACTAACACTCTTTCATTAAAGAATGTTCGTGTGAATACTACAAGCAGCCGCCAAGAGGCTTGGACAGTTCCTGCCTGTACACCTGGTGAAGCACGAGTGTTGCGTATAATGCTACATAGGATGTATCGACCCCTGATAGAGAAAGGGGACAATGGTGAGCGTCAAGTCTTGGCTAATGACAGATTTTCCGCTTTCTCGTGTGTAGGTTAGAGCGTAAGAATGACCCAATCGGCCACAACCAATTAGCCTCCCAGATATCCAGACGCGCCATTCTAGACCAGCTATCGAGCGAGATAGGCTGACGCGCCACGGTGGGTCCGATCTAGATGGTGGTCGGTACAAGACCGATAGTTCGTCCTATGTAGGCCCTGACGGTTTGCCGTGAGTATCTCGATAGTGGAGAGGGAGAGGGGACCTAGGCTAATGCCTAACTCGTACCTAAAGAGCCCAGCGGGTTACACGGAGCCGGAAAGTAGGTAGCGTCATGATCACACCGAAAGGGAAAAGCCCCTCTGCTGCGTTTGTCCACTCTGATTTCGCCAATTTGACGACGTCCAGTTTCCTTATCCAAAGGAGCACAGCCTTTGTTACAACATTTCTGGGTGTAAGATAGATATCCTTCTGGACCGGTCGGAAGTTGAGGCTTATTAGTGCCACGTTTTGGATGGGAACGTCAAAGGGCTAGCCCAAGCTAGACTCAGGTAGCCTCAACGAGCAGGTTCATAATGTCATGAGCGGGTCTAGGGTGTCCACTGCCTGCGGTGTTCAGTCACCAAGTTGGCGCAACTGGCGAATATGTACGTCTCCTGAGTCGCTCTTCCAGGTCGGCGAACAAACGGACCAAGGCCACGGCGTGACTGGGTCTACACCCTTTTACAAGACTCTCCGGCGACTGTTCAGAATCCTAGTAAAAGAATGACCGGCAACTCCTTACACCCACGTGACTTACAAATTCTA,1208,50.99,Escherichia coli
SEQ_999390,AATAGATGGATGCTGTAGACGGATTGTCCGCCCAAGAGGCGCCGGCCATGAAGGCTATTGCGCGGAAATGGTGTAGAGACCACTCGTCCTGCGCAGGTGTAGGGAGGCTCCCAATGTGGCCAAACTACACGTTACACAGCTCACAAAAACCTTATTTGTAAAGCAGCGCCGCTTATGCTGTTCAGTTTAACGCGATGGCCTATTGCACAGGAGTAATCCGCCCCCGACAGCAGCCTGCGCTTTGGAAGGATCCATGTTACGTTGACACTTCCCCAATGACCCGACGCTTGTCAATGCATAGGAAGTTCAGCTAACGAGGAACCAAGTAAATCTGTTCTAAGGAAAATAGTATCTGGCGGTGCCAAACTTTAATATGTGCTAAGGTTCATATCGTGTGGACCGGAAGCGTCAATGGATAGTCCGGCGGTTCATATGTCCTCTGTTGTTATGACGTATCCAGGGTAGGGGAGTTTTTGCCGGATTGTGTGCTGGTAAGCGGTACCAGCTTTTACACAAACACGGAGTCTTGATTGATTACCGGGCAAACGCGGGGGGATGCGGGCCGCATGTGAGTGATATGTAACCAGATCGGCGGATACCTGCTTGTGTGTAATCTATAGACATGCCCTATTACCGTAACGTCAGCGTTGAAGCCGACAGCGGTGTCCTCTTGATCCATCGATTTCGGGCTCGATTGGTTTAGCTTGCGGCCGAATGTAGACTCTATAGGAGCGAATTGCCATTGGATAGTTAAGTGATGTTTGGTTAGATACCCAAGGACCGATCATGGTCCCATGCTTGTGGACAACCCGTGTTTATATTTTTGAACCTGATACGATGGTACGTCGAGTTAGGATTTTATGCTCTTCTTTGCCGTAGGGCCTCCGACAAATAGGTTTAACATTGGGAAGGCCCGAATGAGACAATGAGATGCTAGTGGCCGGACATTTGTTTGGTTAGCTTAGTTCAATTAGACGTGCCTTCTAGCACTACGATTTACCACGTGAAACGCAAATTATACATAGAACGGCTCTTGTGAGTTGATATAGCATCTTATACTCTTCGTGCCCGCATATGATGAATACTGGGCAGAAACATACATCATTGTTCGACCGTGCCGTTAGCTCGACACTCAACGCTATATCGGCGTCTTGCTGGCGAGGGGTAATGTTTTCTAGCTCTCGGTGGGAGAGGCTGTGTCACGTATCAGCTCAGCCG,1218,48.85,Arabidopsis thaliana
SEQ_819531,TATAGAAAGCATGGGCCAAGATTGGTCAACGTATTTAGGCCCCAAAAATAACTGAGGCGCTAGCAGTTAATCCGTCGAAGCTTGTATCTCAAACAAATTGGCGCTGCGTGCTTCAGCCCCGCATGAGGAAAAAGTAAACCGATCATTGAACCAGTTGTTTCACAGGAGTTTAACTTAGGTTACTAGTTTCGAAGTCGATATTTTCGTGGTTTGCCATTCGCATATCATTTTCGGAAAGCTAATGCCAGCTTAAGCAGAAGAGATAGCCTGAACCGACAGGGCACAGTAATCGCTAACATGAGGGACGTGAACCCTCTCTAAGGTGAAATCTATACTCTGCAGCCCTCATAATGACAGGGTATTGATCGCGAAGTGCATCGCAAGTGACATGCAGTGCCCAACCGCGCAAGCAATAAGAATGCGGTGACCTACAAACTAGGCTGGTAGCTGAGGTTAGCTGTCAAACCATTACCCTGCTCACCGGATGGATAGGAGTGTGCGTTCTAATCTTACATGGATTGGGAAGGGTAATAATATCTCTTAAATCTAGTTACAGTTATAAAGTAGACTTTGTCAGTTTGGCCGACTAGAAACCGTTAACAGTAAATGAGAGTTTGTCTCTCCAACCGAGGCAGTGCGAAAACGCTGCCCGCTAGTTACTAATAGTAAGGTGGAATAGGCATCATACGTAACCGCGCACATAAGCCAAGAATCCAAAGGAAACCTAGGCATGCGGGTCTTACATAAGAAAGGTACCAGCTGCCCCTGCAACGCGTCTAGAGGATTTAGCTACTGGTCGGCCATCGCGGCAATTCCATGTCCATGGTTAGAATTTCGTTACACGCCGGGACAGATATCGATAACAGTATTTCCTTTACGCCCAACAGTAAGCCTCGCTGGTTTTATGGCCATCTGGGGGATTTGCGATGATCAGAAACGAATGCGGATTTTCCACACAACTCTCGCAAAGCTGATTGAGTAAGGGTAACATGGTAGAAAGAATCCTTGCCCATCGCAATTGTAATCCACAGTTCCTTTGAGAGGGACGTGGCCACTGATGCTCCAGACGGGGCAGGCTCCCCTTTCGCCGGATTGCCCGCGGCCTCATTTGCCAGCACCTGTAATATGTCAAGAGGATCGATTTTCTACCGGAGTGCTCCCTGCGCTCTTGTGATCTTAAACGTTATAACGGATCTCGCGAGCTTGTTTTCTGACGCGCTGTAGCTTGAAGTGACATCTGAAAAGGTAGCTGAGGAGATATACATACAGTTAGGCGGGAGGTACAGGAAAGATCCTGGTGGCCTTCTCCTTGGCTTGAACAAACAGTGCTTGTTCCTTTCGCGCACTCCAAGAAGTAAGGAGTACTCCACATTTACTCTTAGTTAAGCCGCGCCCATGACTTTTCCCGAAATGTAAACGAGCGCTCAGTCTCTTCCGATTACTAGCATAGAAAGACTGGGCCTCCCGATAGGCGGATCTTACATTGCATAGTGCAGTTAAATGGACAAACGAACGGCAGAGACG,1524,47.44,Homo sapiens
SEQ_533075,CGCTAACAGTGGCCTGGTGTATGATGCTGTGCCCGTGTTATCCCGTCGAAGCTAACTGAACCACACAACGACGTGGAGCGGTGGGTGGTATGGGATACTTTCGCGGGCATTCACGGGTCATGTCTCTAGACACGGCCTTAGAAGCTCAAGTGCCTACAGAAGGCTCTCCTCGTGATAGCATGGATGAAATGGAAACGCAAGGGGCATTTTGCGGGCCGTATAACTCATAATCTTGCGGCTGCAGCTGTCTCGGCGCGGAGCGTGCGCCTGTCACCCGTACTGTATAGCAAACTGTCAGTTGTGATGGACAGCAAAAATGATCTTGCGGCCGCATAGTCCCTGCGACTGCAGTGAACACTTTGTAGGGGGCTCCAGCTCTTTTCGAGCAACCGAAGGTGAACATGTATTGCGTCACCTAAGTTCTGCCGCTTCGCGCCGGTGCCTTTGAATGGTAAAGTCGGGATTATCACAGATGCGAACATCAGCTCCAGATTCTGACCGAGCTCAATTAAGGTCTACAAACTCTACCCACCTACACTGGCTTTGCTTAGCGTATGAGTCCTATGCGCTGTAATTTCGCTGCGCCCCCCAGTTCCTGCTAGCCACTGGGGCCAGCTATGAAATCTTTACGTAGGAGGATTACGAGAGCTCGTTTAGAAGGATTCGGCATTTGCCCGCTATCCTATGGATACCTTTACGACACTGGGGGTGGCATCTTCGACCGCCCAATCGCGTTCAAGCGACGCCCAAGAGGCTCTCCTATCTAGTTGTCCTGGCGAAGTATGAGTATCCTAGGTGTACCTCGGTATTTGCTAGAGCATTGCGCACGATTGATTTGATCCAAGGTCGCGAAAATTAACATATGCCCAGCAGTCATACCGTTATAGGCTATCCGCAACTTTTAAGTAACCAGCTACTGATAGGGTCACGAGGCGAACGTCCGAGCGGCCCCAGATCGCGCTAAGGCCTCTCGTCGCTCTATCTAGACGTTAAAATTAAGCTGTTGCGCCCCATGTCGTCAATCTCGTGCCTCCCTAG,1038,52.41,Mus musculus
SEQ_797155,TCTTATAGTTGGATACTTAGCGGGGAATTCGGGGACAGAAGAGTGTGGTTCCTCAGGCAACAAAAAACTGTTATACAGCGCACGTGATCTTGCGCCACCACGTAAGATTTGCCTGCACAATAAGACCTGTGAGAGTGCCTTTGATAAGAAGCTTTCCCATATTATAGTCAGTTCGGAAATAACATCTGGGCACGGTAGCACTAACAATACCTGGTGCTTGCTGCTCGGTGAATCAAAGCACTAATGAATCGTTATTTCTCGGAGCCTCAATATAACAACGCTCGTTTTTAGAATACGTTCCCTTGAAAACTCTAACGGAGACGCCTGGCGTACAAATCGCGGATATATAACGTGTCGAAGATTGATGTGTTACCGAGCAGAGGGTTGGATACCGGATAAGGGTAACCTGTGATCGGGGAATATTTCTTGTAATGACAACTTGGAATCCAGGTGGCTGATTAACGAACTAGCTTCCAACGAGCGTGAACTAGCGTGCCTCATACCAGCACCACCCATCGGTGGTATTGGTTCAACGTAACGATAATGATACCGACCAACTCAACCATATATTGCTTTTAGTTTAAATCCCTAAGCTGCAACGGAAAGAGATGACTCTACATGTTGCGTCTATGGTACGATAAAGACTAATGATGAGACAAGGGTGCTGTTACGGTTCGCTAATCTCGGTAACGCATTAATTTTAGACCAGGTATTATTAATCTTCGAGCCCTAGACCGATCTCGACCAATCCGCCATTGTTCTCAACCAGTGCTCAGAGCCCAGGCTGGCCTAGTGTTCGATAGGTTTCGGCTTTGTGAGTTCCTCCAATGGGGAGCCACTAACGTCCGAGTCTCTCGTCAACTCTCGCTTCTGCGTTAAGTTTTTATTAAAAAGGTTGGTTAAATTGACAAAGCACCCCGCCTCTCCTTTTCTCGGTCCCATCAATGATCTCCCGATCCCTTTACACCCGACCCATTACTATGCATGATGGCAGTTTCATCACACCTCATCACCTCCCGCATTTAAGTCGAGTCAAGTGGCTCAGTTGGTGCCTCGATCCCCGCAACGCGAAGCAACTGCCCTACAGACCGTTACGTGGAGGTGAGACACGTTTAGCGCCGAAAAAACTTGTGGTCGCAGTCTCATTCAACTGAATCGACTGGGAGGCAGTTGAGTACGCACGGGTGCTTATATTATCATTGCCTTGCGGTTAAGCCCGCTAGCAAGTCATAGTGGGTTGCAGGACGATAGCATTTCTCGTCAGTTCGCTGCCCCCCTTAATGACTCCTTGGGGCCTGCAGTCCTGGGGATCCTCGATCCGGGGAGTCTAATGTGCCTCACCGTGCCGCAGATTTACGTTATCCCCAAGCTCATGGACCAAGTGGTATGTCCTAAGTACCTGAAAATTTGAGGCTTCGACGTAAGCGTCTTCGGTCCGGATGCGCGCGGGCCCTCCGTAGTGCCTTCGCCTATTTACGACTCCATTTCGTGTGCAATACATTGAAGCATAACCTGAGAATTTAAAGATATAAATGAAGTTCCTTATCGGTGCTCTCAAGGTCTGAGAGCTGCGTACAGTTATGCACGCCCGTCGCCGTACAGGACGGGGAACGATTTAGGGCCGCTGAGGTAGGAGTGGCGGATGCTCTTTTGATGACTTAAGGGCAGGGGCAGGATATTCTCGGTCTGTCCGCATCCATTATTCGCTGCTTTCCCAACAGACGAGAATTGGTCCCACTCTGGCGGTGGTTTATAAACTTGCTAAACGAATTCGAGTACTAAAGAGCTCATAGATAAACCGGCGATGGCGTACTTTTAAGAGGATCTTAACACTGACTAACCGTA,1845,48.24,Mus musculus
SEQ_272688,AACTTATCTTTGCACATGACTTAGCATTTTATGGCATCGGACGGTTGCTCGGCAATGGTTATCCGGCTTATTGTGAGCACTTTGTCTGGTTCCCTGGATTGTGGGGGTGTAAAAATGAAGCGATATTAACCCTGTGCAGAGGATCATGGACCTGGACAACCTCGTCTCCAAACTCAGCCTTCCTGACTCTATTCCGCCTGAGTGTCTCACATTGCGCCTCAACGGACATTATTCAATACGGAATGCGTGGTGCCTATAATGATGAATACTCATACTAGCGTTGACGACAACTGGAGTTACCCTCCTAGTTATTGAGTAGTTCACGACTGTTAACGACTTTCCATGAGAAGAACGTACTACTCCGAGGGACTGGCGTGCTGGGGAGGTCCACAACTGGGCTCAGCTGAACATGTGTGTGGCACAACAACGACTCTTGCGCTAAACCGACAAAAGAGTAGCCTGACCGCGGTTGACATCCTGCCAAGTGTTAAGGCATGGTTACCCACCGAGGCCGGCTACTTGGCCCCTCCTGCACGGGCTTTAGCCCAGTTGCGTTGGTAAGAGCCAGTGTAGGACAGCCGTCCCGTATGGATCAGAGGCTCTGCTCGCGCAGAATGGAAGTCCCGGGATCCGATTTGGTCGGTGGCGCACTATGTAAGACCATCCCTGATAGGCCTAATCTGAAGAATCAGGCTCTAACTTGAAAATCGCGCACGCTCCGTACCGTTTGGGGCCTATCGGCGACGTGATAAAGTCAGTCCGGCTAAAGTCACACGGACCGGGCAGGAATATGAAGGCATTT,802,51.62,Homo sapiens
SEQ_771459,ACACTACAGTTCGTCGCCTAGGGACCCACCCGATGGGCAAATACGTTTTACTCAGCCTTTTCTGAAAGCATTCCATGGGGGAAATATTGAGTACACA,97,47.42,Caenorhabditis elegans
SEQ_972584,CTGCCTCTGTGATGGTCTCATTATCAAGAAATAGGCTCAAGCGCCATTTAGCTTCGCCACGTCCCGTGTCAATGTCTCGAGTGGTGTGTTCGCGCGACGCACGGACATCATCATGAGGGGGTCCCAACCACGACACAAGTGTGCTACCTATCATATGTACGGGAATATTACCCCAGGTGCCCCTTGTGCTGAGGAGCCATGCAGGGTCTGGGAGACGCTTAACCGACCAGATTCCTCTAATGCGTACAGCAGTTGTCGCCTCCCGTTTAAGGTGTACGTGGAACCGGGAGAATACTCTCCACTGGGCCCGGTGTCGAACCATTAAGAATCAGGGCGGCTATATCCTACAGAAGATAGCATACCCCCCATTTTCAATTGGGTGGGTGAATCCACGCTTTTGATTGGGCCGTTAGATGGGAGCGCAGGCATTTTCAGGATGATTTCTGTTCTTAAATGTTAATGTTAGGCCTGCGGGTCGGAGACCCTAGTAAGTGGTTCGGTCGAGCCTATGGCGGCTTATCTGTACCTCGCAATACAAACATTGCTGCGCTTCGCAGCTCTAGGTTCTGAGCGGAGTTAGCAGAGCGTTCCGCAATTTGTTACCTCCTGGATATGACCGACTGGATGCACTCTATAGGGATATAGAGATATAGGGACGGCTTGGGCCGGATCGGCGTAGCAAACCAAGTTGAGTCTGCTGCAATGACATGTTAGAACCTGAGAGAGGACCGTCACCATAGCCGACGTAGACGAGTTAGACTAACACGTCGCAGTCCCCTATTTTTGCCGTCCGTCAGCAGCAAACACAATAATTGTGCCCACAACGCTAGTCATTGTGTGAGCAGGTACCAGTTTGTGCTGGATGAAGCGCTATGTCCTTGAGCTGTTTAGTCCACCCTGCTTTCGCATGAAGGGATGGTACGTCAGGGAACAAATCGATACTAGTCCTCGTAGACGGGCCGGTTGATCGACGAGCTGGTTACGGAGCTCGGGGGACGGGCGTACACAATGATTGTACCCACTTGCGAGAATAGGGCTGTATAGAAACCTCAGCGCCTACCTCGCTCAGGGAGATACCATTCGGGCGAATGTGGAACTTATCCGAGATCATCATCCAACTATCATTAGTATCAAGTGCTAATGTCGGCCCATCGAGTCTGGATCAATAAAATCAGTTCAATAAGATGTTGACTCAGATTGGATGAATCTCCGCTATTCGCCCAGCT,1226,51.06,Drosophila melanogaster
SEQ_512662,TGGTGGGCCATTTATAGATCATGTTTTTGCGATGGACCACGATGCCTCTGTAACTTTTAAGCTCACGTGCAAGAGGATATTCTTCCAGCCGGGACTGACCGAGGTAGATGAATAGAACGACCTCCGTCGATTGACAGTGTTGGTTCATGTATGTGAACGAAAGAAGGGCCCGCTCTAACGTTCCTTGGTAGACGCGTGGGCTTTTTGGCTTGTAACTGGCTCGCCAATGCTAAGAGAGTTCGCCCACTCGGTCTTACTATCGAATCAGCAGCTTCGTGACTTATGAAGAGTTTTGTCAGATTCAGAGCCACGAAAACTTGGCCGGGGGTGACGTTCTTCTGCAATGAGCAAACAATAGACTGTCAAAAGATTATTTATCTTGTACCGGGATGATGGTGGCTCGTCGCATGGGGGTAGGCCCGGATTCTGCTGCTCCTGTGATATCGAATAGTCACTCTACATCAGGCTTGTAGATAGTGCGGCGGCTTAGAAATGTACAGGAAACCGACCTGGCGGTCATTCTCGTCATGGTATAAAATTTGCGAGGAACAAGGTCCGTCAGCCTCCTCCAGGGATCTCACGTAAAGACAAAGCGCGGGCGCATGTAAAAACCTTGATTGACTCTCTTAGCGGTGGGGATTTCCTGCCGGCATGGGCCCACTGGTATAGCTGGTGGTGCGCTTCTTGTAGCCGGGCGATTCAACTCCCGCATTTAGGCGAGGGGGACACTGTTAGCTCCACAGACTGATAACAGGCAACTGCACCAGTATACGGAGGGTCATTTAAAGCCGCCCCTCGGCGCCCTCGTTAATTGATAGCCAATGCAGAGAACAGACAATATGGAATGCCTGCGTGGGAAAATGGTAGGCTCTCAGATACTGACCAAGGGGCCGAGCATAGGCCTAAACTATCTTTTGGATCGGATGGTATGACGACTTCCTTACAGCCGAGAGCGAGCTGCCAATCCGTCCGTGTGGAGTCATCTGTGCCAATTCGAGCGCCTGTGCGTTGGCACCTGAGTGTCTGATTATGTGGGACTGCCTTGATTTTATCTTTATGTACGCCGCAACTTGGAGGCTTGACCGCACTCGTTATCTACAGTATATATCACCCAGACACCTCGCGGGGCGTGGGCATGGTGCGTATGGAACTAAGACAGCGTTACCAAACTTACAAATATATCCCCCCCAGACGCTACACCCCCTTTCCTTTATCGACAAGCTCCGCTGCAATTACCGGGCCTGTCCGAAAACCTCGGTTTCTGTCCCCGGCCAGCTATCTTGTGGGCTTGAACCCAGGGCAACAATCTCTGGGACGAAGGGAATCCTAGTAGATTGACTCTACTATAAAATAGCAGTCTTGTCCATATGATGCACAAGATAGGAGCTCAGATGTGCTGCGGAACGCCGTCATTCCTCGGACGCAGGTGCAACTAATGTGCACGGCCGCATGTGTCTCGGACGGTGTGATAGCGATAACGCGCTTAAGCGATCCAAGACTAGCGAAGTACTGCCGTTCGACATCGATTAGGAGCGGGGATCAGAAAGGCTGCGGGGCATAACAGTCCTCTAGGCAAGTCGTCACGTTGCTCACGGATCAACAAAGGCCGCGATTTCACGTGAACCAAGATTGGCAGGCGCAATAAGACGGACCAGGGTTGCTTTACCGGGAGCCTTAATCTGATGTATTCAATT,1694,51.42,Saccharomyces cerevisiae
SEQ_435350,AATATGTTGGACGGACTGTGATCTTCTTTTCAAGGTCGATGACAATCGCGTTAGCTGGTGCGTTTCTGAAGACCACGACATCGTTACCCTCTTCTTCCTGATTTGCCGTATTTAAGGTGTCGGATCGCGCACTGTATTGGTGGTGGGGTCTATTTGGGTAATGTCAATTCGGTCGCCGCGGCATTCCCCAGGGCACTGAGCGGAGGTCGGGAGCGAACAAATTTTTAGTGTACAGACTGGCCATAATTTCATCGACATAGGAAATAGTTAACAGTATCCCCCCGCGAACTAGGATGGAATAATTACGGGAATACGGGCTCATGGAATTGTCCTACCGTATTTATCCAGGTCCCTGGGGAACTGGCAAACGAATGTCTAGTCGGCCTGCTCACCCTCCGACCCTTCTACAGCAAACACACCAGTAAGATGGATTAAGTTAACACGTACTAGCGTGTTTCAATGAGCGTTATGCAACGGGAGGCGTGCGGCGCACCTACGCATGTGGTGCTATAACCAGCTAATTCATAGAAAGCTATTGACGATTCCAGGCCATAGTCGACTAGATGCGCGTGAAGAAAGCCTAGCCGAATTCAATCTTCTCTGCCTAGGTCTAAGCGTTCTAGATGCTAGATTATCCTGGCAGACTTTTTTCCTCCTGGCTGAAATCCGTAGTAAGCCTCCCCGACAGTCGCACAGAGGGGGGGACGAGCTCGGCCAACGGGTAGGGCCCACAGAAGGAGCACTCTTTAATGATCTATCGGGTTGCCTGCCCGCGAGGGCCCGGTAAGGAGTTAGCGAGGGTCCGGAGAACGCTGTCTCTATCCTCCGGCCTGGCTCTTAATCCATACTTCAAGCCGGCCCATTTTCGCACGTTTTGCATCCTTCAAATCAGGTGCTAACGAAGGGTTCCAGCGGCTTGTTTGAGGCTATTACCGGCTTATTACGGGCTTTGAGCGTCAGACGCATTCACTAGGGGGAGGCAATGCACCGTAATTTCGGTCTGTACAATAACAGGTTACGAGTGTCACTGTTACTGCCACATCTCTGAACACAGCCAGGCCATGGAAGGGGCGCCTATCACTGGAAAGAGGTGTGCCCAAGTCTCGGGTCATCGTGTTCCAGCAATGTGTCGGGTTGTGTTATCCGGAACTTCACGTAACGTCATTCGGATCCTAAGACGAACCAATATGACGAGTGCGTGTAAGTGTACTGGGATGGGAGGAACGTAATTGTACTCATAGAACAAGCAGCATCAATACTCGGTCGTAGCAATTGTACGAACGGAGGGTTGCATTTCTGTGCGTCCCCCATGTCGCGCCCCGTGTGTCGGCACAACCGTTAGCACTGACTGAGCCGGCTTCGATAATACTATAATCGCCATTCCCTGGAAAGACTGCTCCGCGGTCTATAGCATAACGCGGGCAGTTGGTATGTGGTTGCCCGCCGTTAGTCCTATTCTATCAACCACTGTTAATCTACGATACACTATGCACCTGGTAAAAATAGTGAATGGACCCACGTCAGAAATAACTACATGTCCGCTATCCATACTAGTCTTGGGCAGGGAGGGATCCCCCTACCTAAGAATAG,1590,50.82,Mus musculus
SEQ_905530,CGCTGCCCCCCTTACGACAAGTCAACCTTGGGCACTCATGCCGACCGGGTGACCTAAAGGGATCAGCGGGGCCTAGACTCCATGTTGGGAGGTTAGGGTACGGAAGAAGCTATCGTTCGGGAGAGTTGTCTGTGGAGTTAAGACCGGGAGATTAGAAAGAGGTGGCGCTGCTGGCAAGCATTCGGTGTCGCCCTTCAAGCACGTAGCAGCGTTGTGTGCTCGCGCGGCCGGGGCTTAGCAGAAATCCGGAGATACCAATCGCCCAGAAAGACGACTCCGTTTCACTGAACTGGTTGCTGATTGGACTAAACGATAAACACATGAATAGATGCACACTGTATTAAGACCAGTAGTGAGTGTCCTGCGTTGCAAGCAATGTCTATCCTCTCACAGTCGCGTTCAAGAAAGTGCGCCACGACGAGTATCACCGATTAAACAACGGACGATCTCGGCTCACTGTGTACTGACTCGAGGATCAAGCTCACCGGGCATTATCAGCCATATACTTTGATACCAAAGAATAGGAAATATCCTTCACACTCGAGATCGTTTCCCGCCTCCACGAACAACAATTACGATCATGATAATTACGGCGAATAGTTAGGTAGAGAGACGCTTGTCTTCGCACAGAGAGATTTACATAAGCCTATCAGGATCCTTTATCTTGATAATGGTTTTGCCAGAGGTGATCTCTAAAGTGATAATGTCTTCGGCTGACCCTAGTTATTGAATACTCATTGCGCTGCCTCACTCTCAAATCTGCCGATGATATAATAAGCCCCGCCAGCAACGGTGAACGTTAGGGGCGGATACACTTGCAGGACTCCCATCAGTCCGGACTTCTGGGTGTAATAATGATCTCTCCGGTGTAGGAGACCATCATACCAGACCAAGCGAGTGATTTTATAATGCGCGTTAATGCAAACGACGCTAAACGAGTATCTTCTACGGCAGGTTGCGGAGGCCGGGTGACACCCTGCCGGATAATTGTGTCCTGCGTTTTTCAGCTGTTGTTCGTCCTGCTCAACTCTGG,1033,49.85,Arabidopsis thaliana
SEQ_597892,TGTGGTACCACATATATGAGTAAAAAGCTTTTTACTGCCATTCGTGTATCCGTTTGGAGTAGTATGGGTTACAACACCAGTCTGCAGTCCGTAACGATTCATCAGCACGATTGGGGAAGCTAGTGATCAAAAACTAATGATCACAATTGATGTCTTCCAACGCGATGTTGCTGGCCATAAGCTTGAACCAGCGATGCACTCCCTGTCACAGGTATTGGGCTCCAGGTCTCTGACTTCCGTAAGGGGTGGGCCACGCGGCCCGTAAATAATACAGATAGGGTTGCATGATGTTCACCACGCCGGTCCCTTGTTACATCCCGGGGTTACAAGTCGGCCGGACCAATTTGTAACAACATTGACCTACAACTTATGTAGGACGTTCCAGACCGTCACATTAGTAGATACCCCCCGTTCCAAATAGAACCGATCCTTTCCCATCTTTCCTACCCGTCCGTCCCTATTGGTTCCGCCAATCTGAAGCCCTGATGTTGGTAATTAGGCGGCAGGGGAAATGGCCCATTTCCACGACAAGCATCGATCTAAGCGCGCGTGGTCGTCCGAGACGGGGCCAGGTTTCTTGACAGCCTTTATCCCAGTATCGTCGTAGTTACGCTGGACTGTCCGAGCGGTAACTCTGCTGGCCTTTTCCATAGCCCGGGCTGAAATGGTGGCTCGGAGCTTTACTCCGCCTGTCTCGCTCTTGGGATGTCCCGGCGGCGTGCCAGTGCAGAGTATACGCCCCTGTGAGAAAGTCTATTCTGTGACTTGTCTGGGATTGATAAATCAGCTCGGTAGAAAAACTCTGGACATCGATAATTGAGCGTCGGTATGCGTCACCTATTCTGTGTTGTCCGATCGAGGTGGGTATCATCGCTGGCTGATACACCGCTCCACCGATGGAGAACCACTTTTCACCTATATACCTTTATCGATCAGCACAGATAGTTGCCCAGGGAACTCGCAGAATTGACCTTTTCCTCCTGTTATGGCAGACGGTACAGTGGAGCCTGATTCTGGCAGCGCGTGCATCTAGCTCGCCTTATATCAAGGAGTCGCACCCGCTATTATGTCCGGTGGGTGTGGATTTTAGGTCACACTATAGTCGAGGGAGAGAGAAATGCATTGATGGGGAATTTCATTGCTCAACCGAAGACATCAAAACCTTAAACTACGCGAGAGTTGAACCGCCGGCCTGAAATCGTGGACGCTATCTAGCAAGTTACCTGGATCATATCCCTCTTCACTCCACCTCGTGGTAAGGTATGAGATTATTCATATTCGCAGAACAATCCAAAGCAACGAACTTCGCTGAGAAAATCTGGTGGTTAGAAGTCGAACAACCTCTTAGGATATGCTGCAGTAAACACTATTGAATCAGTTCTTGAATATACGAACTATGGTTGCCCATGAACCCCACCATATCTACCGCGACGATACGTAGCCAAATATAGGTAGGATAGCCACTAAACGGCGGTGAGGCCCATGAGTCGTACCAACCCAGAGTAATGCTCAGGTCCTTGCTGGCCATTGCGTGCCCGTCATAGGGGTAAACTAACGCTAGTGCAAGCATAGCACAATAGGCTCACAGGTAAGTATCTGTCAGTACCGCGTAAGTGCTGTTAAATGGCATCCGTGTTCGCCCAAGTTGGCCAGCAGAAAACGTTTCGGGGGATGTATTTACGAGACGACCCTGTGGTGTGCAATAGGGTCTTTACCCGTTTAGTAGCCAGGGGACAATAGGTTCATATACAGGTGGGTATGTCAGGAAGTTATTGCGTGGTGCTCGCAATTGGCTTCTGTGACCCTATTGCTACTCAGCCCGTTGCTTCAGGTAGAGGGTTGGTGGGACAGTGCCTTATACGGCAGGGTTAGGTCATTCAGGTGTTTATAAGCAGGTCTGGAGACAAGCTACTAAACAGGATTTTCATCGGCTCCGGGCGTGTT,1944,49.79,Caenorhabditis elegans
SEQ_195451,TTCATTGCATATATCGGTCCTACGGGATTCCCAAGTGAGAAGTGGCCGGACACGCGAAAAAGTTTCATCTATTGCTCTTCGCACTCATCTCGCCCACGGCGTCCGCGGACTCTTAGTGCATCCATACTGTGCCCCTAAATTTCTATTTTCTGCCCCTAGCTAGACCCTTCGGGGACGGCAGCTTAGGGCTCGGCGTGCGAACTTTTATTTAAGAGAAGTTTGATGAGCGATACTCCTAATCCCGTACGGTC,251,51.0,Homo sapiens
SEQ_725795,TATCTCCAGACGCACTGCGCTTGCCTTAGTCAAGCAATTGTGATTGGCAAGCTGACAGCCCCAGCAGTGT,70,52.86,Escherichia coli
SEQ_591291,CGAAACCATGATTTGGAACGGATTTAGCTATCCATGGAGAAACTGTTCTGAGCATGTGAAGGCCGTCTGGAAGTAGTAGGTCTAGTGCTTAATCGCCAACCTGTAGACCTGCCATAGGCATGGGTTTCGGTGCTTAGGTACCTCTCTGCAGTTTGAACGCCTAACCATCTGAAAAGGTCGTGAGCGGTAGAACTGATTGCATTCCCCTGAGACGACAGTATTACCTGATAGGAAAACTGATATGCAAGTGTAAGCATGGCACAGCCACTACCCTTGTTCTCCTCGCCTCAAGCCGAGATACCACGCCCGCCAACAAATGCTACCAACCATCAAGTGTGGTCTAGCACGGCAAGATTGTGACTTATGACGTAACATCGGCGTGGATTTTTTTAAGGTTTCGAAGCTCATCCGTAATTGTTTTGATTGGGATTAACTGGGTGTGACATACTTAGACCCTTGATTCCGGCACCAAGATTGCATTTGCAGCCTTTAAGACCGCTTATGTGGCTCTTGGGGAGCCTGCTTAGGCTGCGGGGCTTGCAAGACAAAGAAACAAGAAGGCGGCACAGTATTTTACTACGGGGATGCAAAGCGGAGGCCGCAGAAGGGTTCCTTCCTGCCGGACCGGTAAACGCCTCCACCTTTAGAAGCGTCACCTGCTGAGACATCTTGATGATTAGACAATAAGGGCACCCAAGCGCAGGATCGGTTGCCGGGGGGATTTGTCTCCTGATGGGTCTGTATGA,746,49.87,Arabidopsis thaliana
SEQ_669543,TTAAATCCCCCCGGCGCGCGGACCCAGATCATCCCACAGACATAGGTTAAACTGTACCCTCTGTGGTTTTATAACGTGCAGACTCCTAATCATTCAGGGCGGATCCGACAGACTAGCGTGTCGCTACATATGTTCTTGTCGATGACACGTTTTTGATGTCAGAATACCTCACAATGGCACTAAACGGTGGTCGGAAATTAAGCGGCCCATCACTGTGGCAGTAGCACAGCAGTATCGTCTAGTGGCAGTTGACCAACCACTATAATGGTCACTAGGGGATCTCCGAGATTAGATGATGTTAAAGGGTACCGAACGCAGATGGGGGGCAGCCCGCATCCAGTGGTGGCTGCTCGCATAGATTGGATATTGATGTGTAAGAGGATATTACCGGGGATAATTGATACAGTCGCGCTAGGCGATCTTTAGCGAAACTTACCCCCCGATCATCTTAACTAGGTTACGCCGCGCCCGTGGATAGATTAAGAGCCGAAAACGAAAATTCGGATCCCGGTCAATTTCGACCGTGAATTACCAAACAGCGGATTCCTCTGTAAGTGCACTACACTTATACAAGTAAGCGTATGGGTGAGAGCATGTATAAATTAGCTGAGTGGTCTACTGTTACAACCGGGCGACATAGGTATCGTGCAATCTTATGACCTCTACCGGTTGGGAAAGGCGCACATGGTAGTTGGAGGGTATCCCCGCCAACCGACCAAGATGCTCGAGCGGTGTTTAGGCCCTCCGCCTATATGGGACGTACTAGTCCATACGCCACGCGGTTGAGTCGTAGTGCGGGAAGATAAACATGGCGGAGAGGGCGAGATCCTTTCAATGGATGTCGTGGCCATAAGGTTTTTGGAATCGGACGGAAGTTCGGGGCGATGAATTGACGTATTGGGCGAAGTGAGGACTAGAGAAGACGTGCGTGGTTGATTCGCCAACTAACCAGTAATGTGGTGTTATGGGCGGGCCCAGGTGCCATGAGGGTGAATACGAATATAGGGGCTAGCCTATCCTTTTGGTCTGGGGCGACTATACCACGAGAGAGCAGCCCGGGACGTTAATCTAGCCCTGTCCCCCGAAGGTACACACATGTCCGTGCGGATACACCAACGCTAGCATCACAACCAGTCGGAATAATATAAGATCGGTTTGTGACCAGTGGAAAAGTTACATCCCGGAGGGGGGTATAAGTCAGGTAAATCCGTCGTACGGAGCTTTGGGTCCGATCTAAGTACAGTGGCTGGGGGACGCACCACACCCAATCCAGCTATAGGAACCAAACGAGCTTTACCGCGATAAGTCTGTCCAATTGATATGGAAAGTCTTGAAGGTTGGGGTCGCTATCACTAGTGAATCGTGAAGGCGTGCTTTTGCAAGAACACGAACTCACACTCGCCAGGTCAAGACGCCAGTGTAGCTCGAGGGGGGTAGGGTGGGGGGTGCTTATCACAGAGTGAACGTGAATCAGCAACAGTGTCCACGATAGAGGACAAACTTCCTGTT,1509,50.96,Drosophila melanogaster
SEQ_206925,AGAGATGCGACGTATTACTGGCTATCATTGCCCCCCACGGTAATGCGTGGGACGTCTTGCGACCTTTATGCTATATTTTCTTTCGTGCATGTCCGTAATCGGAGGACCCCACCCGTGCCCACGACCGTGGGAGGCTCTAGTCGTCGCGCGAGAAGCTCCAAACGGGACAGGCTAATGAGGTACGAAATTGCACAAACTTTTCGTTGTCATAGTCTATCGCGAAGAGGGGCACCCTCGGCGATTATCCTTCTTTATACGCTCGTAAGTTCGTCGAGCACGACAGGTTGAGCGTAGCGCGACTGGAAAGGTTCCCGACGCCTCCCCGGCATCCCTTAGACCGCACTTCTAATACCTATTTCGGCCGACTATATGAAAACACTTCAGGCCCATACAAGTTCGAAAGACTTTCCGAGAAGTTGTAAGCAACGGCGGCGATCATCAGACTATACGGGCCGACCCGTGCTACTTAGCCGCTTATACTGAGTCTGAAGTCCGTTAAATAGTTATCCTGGTCATTAGGTAACCACCCCGCTCCCATTGTTGCGTCTTCATGGAGAACACGCCGGCCGGTGGGAAGAATATGCCATAATGCCTCCGACGTTACGTTACTTAACTCGGGCGCGAACCGTCTGCATTTCTTTGAGCCGAATTGTGAATAAGATTGTGTGGCAGGTGGCCCCGGTCGGCAGTCATACTGGGATTCGGGCAGCCCGATTCGACGGGGGTTCTGTAATAGGAGCGTTTTCAACAATGAAGATATATGGCCGCCATCCTTACGAACCCAGAGCTAGTACTAGGATGATTTATCTCCCAGGGCTTGTTGTAGTTTGACAAGCAAGTAGGCACTGTCATGATGCCCCAGTGTCGCAAGGTGAAGGATAAACATAGGTGGGGCTTGAGAGCATTCCAGATTATTCATCGGCAGTCAAGTCTTTCCGTCCCCTAAAGAGACGGCAGACAATCAGTCAGGATAATAAAACTCTAATATAAGATCAGCTCGTCGTTTATCCGCCATCTCCTCATTTTATACAGAGCTGATTCCAGGGTTCCCCGGATCTCGACATATTCTCTGCTATTTCGCTGCACCAGAAATAGTACAGTTGCACTTTTGTCCACCAAGACATCACAGCCCTTCTTTAACGCTGTTAATGCAGTATTTTAGCCAGAGTTAGATGGTCATCATTCCCCACCGCGTGATAACACCGGGTTTCCGAAAAGAGTGCTTAGCAGAGCTAACGACGTACAATACCCTGTAGGCTTAGACTAGCATTAAATCATTCTCATCATTTCTCTGGATTGTAGCCGCGGAAACAGCCCCCATGGCGGGACTCCACGCGGCGTGTGAGTCTCTACCTAATATTAAATCGAAAAGAGTATCCATATCTACTTTATAGGGGCTCTCAGCGATGTGGGGATCCTATTTCGGGGCTGATGCGCCCTATCGTAATCTCTTGTTTCGCTCCATTGAAATTCGGCATAAGCTCTCCGGGTGTCTCGATAAGACTCGTGCACACACAGGAGAAA,1524,49.61,Caenorhabditis elegans
SEQ_762654,GAGATCTCTTGTCGTCCGGCCGTGCCTATGCTTCGCAGCATCCGAGTGGTGTGGAAATCTACACGTCCGCATATTTGATGTGGACCTGCCGAAGACACGCTTACCAGACTTCTCCCGTTATGGCTGGAGTCGACACG,137,55.47,Saccharomyces cerevisiae
SEQ_833635,CCTAGGGAACGTACACCAGACTGACGCGGGCATTAAACATGCTCCGAGTGAATCATTAGCACCCGTACGCATACGGTCTAATTTATTCCGTAAACTCCGATGAGGCTTAGCCCGGTGAGCTCGGCCGCCCCAAGAATCGGCGAGTATTCACGGGTCCGTTCATCTTTGCATTACATCCCATTATTAGAGCCAAACAGTGACAGATCGTGAGTACAATCTCACGCCTCCCCTAGTGTCAATGCAAAGCGGCTAGGCGTGGACGAGTCAATCAGTGGAACAGTCCGGATGAGACTCGCTTGCGGGGCAACACCTTCGGAGCGGAGGGATATCCCCTTCATCGCTCTCATAGTACCATGGAGGTCTCCCATCCGTATCGGGAGGCTGTGTCTGTCCTTAAATTGTATTGAGGGACAACCGACTGCAATTGTATTTGGACTGACCCTCCAAAACCTTAACTGGGATCTCAAAATCATGCGCAATTATGTTTTCTCAGCTCTATATGTACCTGGCCTTTTCCGTGCCCTACTTTTACTAGCTACAAATCTTGCAATGCAGCGCATGATTATGAATTTTACACTGCACGTGCGTGCGCAAGGATAGGCGCGCACTGGTCTTAGACAGTCAGTTGAGTGTACGCGAAAACGAGCTAATCCATCAGTGAGTCAAGTTGTATAATCTTAGCCGACATCGTTGTGTAGGCGCTAATGCCCTGGAATGAAGGTATTGACGTACGCGTTCAGGTCACCTAGGGACGGGCAATTATACCGACGGGTGGACCCTGGCGAGGATCGTGGACAAAAGGATATGCCACTAAGGACATGTTTACTCTCCGTCATTTCTTTTAGGTGAACTCTTTGCTTTGGCCTAATGCGCACGAAGTAATGCCCAAGATGAGTATACGCTGAGCATCACAATACGCCCTGTCTACCCAGACCACGTGGTACTCGACACGTCCTTACGACTTGCCCTGTGGACGCTCAGGTCTAAGTTCACAGGTGGCGAGTGGTTCCTCGCTAGCCTCGCGACAATCGCTGTGTTACGCTGGCCCTTCTAAATGACCTCACAGTAAGGCGATGAATGGACGCTTTTGCGGGGAATAGCGGACCGCTATAATTGCAGGGCAGAAGCCTCGTAGCAACTTTCCACATTCACGAG,1155,50.65,Drosophila melanogaster
SEQ_971247,GCCAGACCCGATCAACTATGGCTTAACGTTATGGGAAGTCGGGGATGTTTGAGACCCGTGTGACGTAAGTTTGGGACCTGAGGCGGGTAGCGTAGAGATCCTATACACTATCCCTCAAAAGACGTTTCGTGACCCACTCGAACCCGTTGGGTGTGAGGATAGTGGCGACCGGATTGCAGCCTGGGAATTAGCAATCTAGGTCACTAATGTTGTCTGCGGTCAAGTTTCTGGCAGTACCTCTCGCCTACGAAGCGCTTCATTCACGCTGAGGATCATGGGTGAGCAGCGTGCAGCTCACTGAAGGCCGCTGGCAACTGCTGGTGGTCCGCATGTGTAGTATCCATTACATCTAATCCCGTCCATCGTTAAAGAACCCCCGGAAGCTCGGCAACCGCATAGTACGAGCCTGGCGTGATCGGGTAATGTATTTGCGTACTATCCCACGCAAGCGGAACAGCGCGCTTTAGGCATGCGAAATGACATTGAGTATGGAGAACCGCTGCGTCCACAGGCACTAACTTTCCGTTCATGAGTATCGCGTTTGACGCGGAATACTAAGTGATGAGTGGGCAGCATTTCCTCATTATCACAATGGTAGTGTGAATGGTGATTTGACCAGAATAATGATTTCATCGCAATCGCAATGGGTAAGTAGGGGGCGCACGGACGCTATAACGGGATCAGTATAGCACGTGACGATACGGGCAGCTAAAGAGAGGCTGCTATAACCGCACGACCCAGCGGAGCATACAGAGGTGGCAGAGTAGTAGTACGCCACTGAATGTATCACGAAGGTTCTTTGTTCAATTGAGGCTTAAGACTTAGTCGCCCGTTGACTTGACTCGGGTGATTGAAGAGGAATTTCTGTGGTGCGGTAGTGAATGATGTCGAGAGTGTAGATTTAACGGTACATGCGTACGTGAAAAACTAAGTCGCCTACCGTTCCATATGATAGAAGTAGCGAGATTGCACGCGAAGGGTATATCGTGGCTTCAAAGGTGGCAGATGGTAGACCTTCATGCCGGTCCACTAACCTGGGGTGATATTTCTTGAACGTTACACAAATGGACGGTCCCTATGGCTACTTTGGTGCAGGTCGCGCGCTATAACTGGCGTCAAATGGTAATACACGTGAGCGATCCCGTGCTGGCGCCCAAGTAACAGTGAGGGAACGTTGGAGCATCATGTCTGACGGACATCCTAAGTAGACATCTTTGAGGGGCCAAGTGCTTAGCACGTAACTAATTAAACGGCAACGTCGTCCTGGGATCCAAAAATAGTATAGAACGTACTTCCTAATAACAGCGGCGCTATCACCACCCTCGCCACTGCGAGTGAGAGTCGGATTTGTCTGGGTCTGATCACACAATTGCTACGTAATAGCGTGCATAACGCGCATATGTTTTTCAATGAACCTGAAGATACCGACTGTGAGTGAGAATTCTTATGTGGTACGTCTTCATCACTGAGGCTTCAGTGCGGTAAATCAGCTCGTTGGGTGTGCAGCGGCCGAGGCAGTACTACATGTTGCCGTGGATAGTCAGTGAACTCTGGTAGGAGAATAGCCCGAGTGTCTATCTGATGCGCATGGATATACAATAAACTCAAATTTACACGGACTCACAACTGATGAAGGGTAAAAAGGGACCTCGGAATCGGGTAAATATTGAAGATTTTACCGTTACAGTCATATATGAAGGCGGAACGAGATAATATTTGGATGCTCGCCACTCGCTTACTACAGTCAATTACTTC,1755,49.17,Caenorhabditis elegans
SEQ_154840,TCGCCGGGGTCCTAATGAACGGTACGCTCCACTCGTGCATTTACAGGTAGCTTAGCCTGCACCTGTTTGCGTTTCCCGTGACATCTGCGATGAGCCAAGGGTGTGATACCGACTCTGACACCCGCCCCAAAGAGCACGGGCTATAACCAGATCGAGCCGCTAAGCTAGTAACTACATTAATGGGTCTAATTTCGTCTCTCGTTTCACGTTAACAGCTGAGACGTGCCGCAAAATTACCATTCTCGCATACATTC,254,51.18,Caenorhabditis elegans
SEQ_809501,AAACTTAGCCGTTGTCAAGGACAAAGGCAATTCTGTTGAGAGACACAGGCAAACCTAAGAGAGTTCCGCTAAGGAGTGGCCAAAGGTGACTATATTTAGAGTATCGATATCACATAGGGCGCCGGTCGTCGGCATTACCGGGTCAGATGATAGCTTCAATCTATGCACGTACAATTGCTAACTTTGTTGATTTAGCGCCGGACAAGTATGGAGACAAAGATATACACGAACAATCCCAAACCCTAAATTCTCGGCAATAAAACTCTCGTTCCGCTACTCAAGATCGATGTTTGGAGGGTGAATAGTGTGCAACATCACGGGATATTTTCACCGCACGACGGTGTATCAAACGGAGACTCCTACGATGGACGACACAACCAGCACACCTTTCGAGGCTATACAAGAATCCTATACGGGGCTGTGAGAACCGATCCGGCACCAAAGTAATCCAAGCACAATATAGTGCGGTGGTAGAGGCTCAGTAACTTCTCAGCCATTCCGCAAGAGGAAGTCCCGTGGATTTCCCCTACACGTGAATAAGGGGGGGATTTTATCATTTACAAAAGCTCTGTTAGTACATGAACGATATGGGATTCTCGTTGCCGATTCTGATCGACCAGCATGCCCAGGTTTTTCGGAGATTAATTGGAATGGACGCACACCTGATCCACCATCTCTAACGTTCAGCCATGTAATCTTACAGGCCCCAAGGCAACCTACAACGCGACAAAGCGGTCGTGTTTTACTTCCTACGATCATCTTGAACGGATCCATTAGCTCCGCGTTGAGATTGTGCGTCGCAAATCGACACAGGTTAATTGTTGGCGATATACTCCGTCAACCGCTCCCCATGTCCGGAGTGCTGCCTTTGATGCGTCAAAGATCGCCCGAAATCGAGACCAGTCCTACAACTTCCAGGGCTGTAACAGCTCACTCACCCGTGGCCCCATCTCTTCCGGACGGACGCGGGTTTAACGTATCAAGTAGTGGCACGCGACGACTGGTTGCGCCAGTTGTTACGGCGGCCATAACTGAGATTATGCCACCAGACGGTTACGATTAAGGCAAGAGAGAGTATGCAGATTTAATGAGCCACCTTCCGAAGATAACTTACTGTATTGTGTCGCTATTATCGGACCTGAGTGCTATCAATTTGGAGCTTGTAGAATAAGCGAGTCGCAGACTTAGACAGGCAGGACCGATGCGCTATGATGCACACGTGTACGCACGTTGCATAATTACGGGAGTACCGGGTACCTCCGGCCTGATGT,1271,48.86,Saccharomyces cerevisiae
SEQ_360308,TTCCCTCATGTTGTTGCACGCTCCGAATTGAACTTTCTGTCGGTATGCCAATAGAGCAAATTGGCGATTTAGTTCTAAACGCCGTGTTTCCTTGGAAGCGCTTGGGACTATTATAAATGTCTTGTGCAACGGCACACGATTTTTTCGCCTGCCCCCAATCTAGCGAACGTGTGTCATACTAATTTTACGCGCGGACGTACGAGCAAACGCGTGCCCAGGGACCCTCACGGACCATCCCGCTTGTGCAGGCCCGCGCACTCCGCACATTATTCAAGTTCGTGTCTATCGGCAAACCGTTCTCCGTTATGCGTGATCACTGCACACATTAATCACGCGGGCGCGGTAGTCGCCTAATAGGAAGAAGGGGTACTAGCCCGACCCCCCTAATCGGCGGTGATCACTAGGGGTCTAGATTCAAGTCTGATTGGACAGAGGAGGGGTTCACACAGTATTTCTTGGCACAGATACGCTGGCAGGCTCTAGTGGCCAGGTGACGACATGATCACTCCCGAGCCGTAAACGCGACCCGGGGGACACCCTCGAACCCGTTTAATCGATACCGCACACGAACCGCTCGATCCCTCGTGTCCAAAACTCGAGACAGAAGGGAGTCAACAAAATGTCCGAGGGGAAACGTATCACGCATTGCCGGTATCTACTCACAGGGCAAGCCCCCAAATTCCTGAACTGCTTTTTGGAGAATAACATTGCCTTCGAACGTGACCAGAAAAGCCCATTCGGGAATTCGCTCTGGGCAGCTCGTTTCACGTATCGAGTTGGGGCGGGGTCGGGTTCGGAGCACGTTAACTACCAAGAACCTCTAGGTTATGTTCGGTATTTCTTATGTCGGCGGCCTACTACAGACATGCTGTGCAGGTTGCCAGGTTATTTTAGTGCCCTCAACATAGTTTTACGTGATTCTGAGATTTTGCGTACGTCCAGGTGATAATACCTCTAATATCCTGCGGTTAAACAACGCCCAAATGTCTTGACTGAGTATTTTAAGACCAGATACGATACTTTCCGACGCCGTAGCTTTTAACGAAACATAACAGAGTACTCTATTCTTGCTGTCCAGAAGGAATTCACCCCTAATTGGGAGAGTACTGAATAATGTCTCCTCTCATTTGCCTTGACGTTCGCTTACGCGCCATGTGCGAATCCCGGGTAGTCAAGCACAGCCTTTGCAAATACGTACAATCGCACCGCTATCCGATGTACCGCCCAAGGAGCTGTAGACCAGTACCGTGCCCCAATCTGAATCTATACCAAAGTTTTGTTGTCCACATAGTTCGAATTGACTTCGCACCACAATTTATCCACCTGCTATCTCAGGGTAACGCCCGGACTAAACTCACTGATAACTTGTAGTTATTCCCGTTTGTTTACTGGTACTTGCTGTATGTAGCGAAAGCCTTGTCAAACAACTTGGCGGTACCCGTGGTACAAGGAAGACAGCATAAATTATCAAGACGTCGGTGTTATGCGTTAGCGTATCGTTCGTGCACGCTCTGTTATTCAAAACGATTGGTATGGAGCAGGCCTCAACTCCTCAGTTCTTGTGAGCTAAGCTACGCGGTATCACTCTTGT,1591,49.47,Escherichia coli
SEQ_910079,ACTGCCCACCTGAGCAGTAGATGAGGCACCCTGTAATGCACGTCCTTCAGGCTATCTCATCCTCCTGCGGATAAGCGGGCCCGTTTTGGGCAGCACAACGCAAAGGAGAGCGATCACTGCGGAAAGACCCTACTGACCTGTGACAGACCATCCGGTTACCGAAGACCAGCAGAAGTCCTAGCTCGAGTAGCCTTTGAAGATCGACGACGCATACGAGAAGAATGTACATCTAGGGAGCCCCCCGCCTTCTTGGGGCATAGCCCTCCGAGCGGGGTTTTCTCGCATTTAAGGGTAGACTGATACAGAGAAATGTGCTACTGGGCCTATTGACTCCTGCGGAGTGATCGCAGTATCGAATTACTGTTATAAGAAGAGGCGTTCGCATTCTTGTCGGTGTCGCTAACAGGAATTTTAGCCTTCTAAACTTTCTGCTGCGATCGACCTCCACTTGGAACGTCATTAAAGAGGTGTTGCACGTTGGCTCTAGACCAGTGCGCAAGCAAATCCCCCATAACGCCTTGCAAGGTATTGGCTGTGTGTCGGGAGGATCTGGATCACACTCTTCCGTCTCTCTCACCATGCCTAACCGATTATTATATAGTTCAATAACCTGCTGATTGGATACATAAGAACTGGTTATCAAGTGGGAAAAGCGAGCGTAGAGTGTACACACTCCGTGTGCCCTGTCATGTACGCCCCCAACTTCAAGCTTCCTCATGAAGCCATTAAGAGCTGCAACTTTGACTTGATCACTTTAATAGTACGCTCGCATTCTTCTTCAATTAATGTGGGCTAGTGAAGTTTGACAGTGAAACGTACCCTCCGGAAACGGGACGACGATTTATTCTTGTACATCCAAAGTCCAGCCTTACTGCTGCGATAGATCAGTAAGTAAGCATATCTCAGCTTTTTTGTATAATCCAACCGGATTGTTATAAATGAGATGGGACACACGATGATATATAGCCCTAATCTTACCCTCAATCAAGTGGTGGTTCTTGGTTAGCCGGGCATTCTCGCAAAGCGACCTAATTGTAGAACCATTGTATAGGACGGCTCCGGAGGCCATCGTGATTATAAAGTTATTCTCGCGAAGGGAAGAACCCCGTGCTTCACGAGTCTTTTGTTGTCGTCCGAGTGTTGGAGCATCATAATGAGACGCACCTGCGCCGAGAGGGAAGTCTTAAGAACACCAGTGGCTCGCCCCCGAATCGAATCACAGGAGTACGCATTTTTTCAGGCCCCGGTAGCATTGGACCTACTTTATGGGCTCATCGACAGTAGCGTAGGTAACAACCCGGGCACTCCTTGGAGCGAAACTAGAAGGGTCGACTATTGGG,1340,49.18,Arabidopsis thaliana
SEQ_692090,TCCCACAGGTGTCGAGGGGTCTGCTCGGACCTGGGGATGCTATAATCTGAAAACGGTGTACGTAACCACCTCTAAAACCGACCAAGGACGCAACTATCAATTCCTCCGT,109,52.29,Drosophila melanogaster
SEQ_575210,TCTATCCGGAAGAGCTACTTGAAACTTCTCATACCCCTGTTCCTGTGCGGTGTTGCTACGCAGCAGTTCGATCGCCTACGCTATGGTCCATCATCCCTTTGCTAGTCAGGGCTTAAGATCTGGACGCGTTATAGTGCGAAATACAAGATACTTGTAATTATTCTGCCCAGGAGACCCGGTGGCTTTATGAAATAAAGGATTGTAAGAATGAGAGGGAATCCAGCTCGTGAAAAGCTACTTCGGCAGCCTCAATTTGCAAGGAGAAATTCCTTCAGTAAGCAAAGATGTCACCTTGCCTAGTGTTGTGTTGTCCTGGTTAAGATGACGCGCCACGATCACCCTTAACTGACAAGCATTTTACGAACCAAGCGATGAAAGCGTGTCTCCAAATTTTCCAGGCCTTTCTACTCGCGGAGCCTGTTATCGGAGGTTAACATTCAGATTACCATATACACGGCTCCCGGTCCTTTACCTGCTGTGAATGGAGGCCCTCATGGAGGTTCGCCTCTGCTGCGGCTATCTACCATTAGGCACCCAGGAAAGGTTGTGGCGATCTCCTCGCAGGTGACGCAGAAAGAGTAGGCTTCACTAATCATTACAGGGGATTCTCTACCGGTAACTATATGCCTATAGCGTGCTTATTATCCCTGAACAGCAGCCTTTCGCTTTGGGGTGTTCATGGGCCCTCGTAGTGCGGGCTCAGCGTCATACCTTCGTTCAGGCTGTAAACCACTTTGAACCAGGTGATGCTCATCTCCCCAGTCCGATCCAAGGGCACTCATGGTAATTAACTTCTGATATCAAGGACCCGTTTACGTTCAGCAGATGGCTTGAGAACTGCTAAGGCCTTTTTCTAGCAGCATTGATCGACAGTGTAAATCGCTTATGTCTCCTAAGGTTCACAAGTAATTCGCGTACAGG,921,48.43,Arabidopsis thaliana
SEQ_890206,AGGTGGACTTACTAGCGCCGGAACTAATCGCTGAGTGTATAGGGCAGGGTCGGGCGTAAGTACCTAACTTGAATCCCCACCCGGTCGCCTCTCTCGTACCGCCTCTAGTCCCCAAGTGGGAGTTATCGTACATCTTCTTAACAGTGGGTCGTTAGTTACTTATTTGTGACTTCATTATAAGGACCCGTACTTACTCTCCGATATGCAGCACAATGAGGCTAGCCTTCGCAACGTGTTTTGGGAGGTATCCGTAAAAGGTCGGCCGAAGCTTCCCAGGGTGGGGTATACGCTCCGAACTAGTCGTCTAGAAGTTTATCTAGTTGAGCGTAAAACAGCAGTAGGT,343,50.15,Homo sapiens
SEQ_668836,GTCTTCTATCAAAGGACGCTCTCACAGCGGGTACGCATCAAAAAACGTATCCACGGCCTAATTCACGTCTCCACGCACGTATGTATAAACTCATCTGATGGGTTTGGGATCCGCGGTGGGTAGCAGCTTCCGTGAACATACAAGGAGGGATGACCCAGCAGCGAAGACTGGCATTTTAGCAGCTTCCTTTCTTTGTAGGGTTCAACTGTCTTTACTCCGCGTGGTTACGGTCTCTTCTTCCCTCGGGGTTACACTTTGTAGCACTGATGATCGGCCTTGAGGCGAAGATTAAATTAATAACCTACGGCGGATTGACGAATCGTAGCCTGGTACTATACTGTATGCGTAGACGCCAGTTAAGTATGAGAGTTGAGGTTAGCGGTAGCGCCTAAAAAGTCCGATC,403,48.88,Saccharomyces cerevisiae
SEQ_813540,TGCGAGTTTTATTATGACCCGGGTCCGATGTCCAGGAAGTATCCGGGCGCGGGGTCAATATATGGCAGTGCTAGATAGATTAGGAACATCACTTCTAGTTAACTGCAAGCAAGTACAGAGAGGTGGTTGGAGCATGTTAGCTGTCGCAACATAGCCGACCGTAGGAGCTTTGTTGGGAAGTCGCCACCACACGCTAATCTCCTATCCGTCATGCACGCGATGGTCCGTCACACGTGGGGCCATAAAGTAATTATTGTGCATGTTATTGAAAACCTGTTCCCCTGTTAAGCTACAATGAGCAGTAGTCTAGTAGTTAAACATGTGTATTCCCACGCTTGTAGGACGATGAGGGTGCCTGTAGTGCTACTGTTGTCAACTTTCATTTCCGGCCGCTAAGATCTAGGTACTGCAACTAGAGACAGCCATATTCATGCAATTATAG,442,47.29,Caenorhabditis elegans
SEQ_682407,CATCCTGTTTCTGTCAGCCAGAATGCTGTGCCTATTCTGTTGGTGCTGGTTCCAACCTGGAAGAAGAACACGACTTTCATTACCGCACTCCTAACTGATTACCAAGAAGGGTCAGAGCCGCCATTCCCAATATCCGGATCAACGGAGACTTGGCTGATCGTAAGCTATCGCATTGGTTACAGAGAAATATTAGTCCACTATTCGTTAACGAGCCCAGCGTACAAAGCCGTTTATGTCCATGCCTGATGCGTGGAGGCCATATTACAATAAGTACACACGGCCGTATCTCGTGGGATTCGGGTCATCGAATCGGCTATTCCTCGCCAAGGTACGCAGCATTTCTCCATAGGCAGTCGAAGAAGGACCGTCAAAGAGTCAGACACGATACTGCTTAGTGTTAGAATAGATCACCCGTGCACTAATGGACGCTACTTGCCATCCGGTTTTGGGGGCGTCGTCTAGCCACAGGTGGTACTAGGGTACTTTTTAGCTCGCTGAGACACACGGCATCGGCAACGAAGTATTTGCGAGTGATCCTTCCTGCCATCATGTGTACGAGGCGAGACGCTAGTATACCAAGAGAGATTAAGAGCTTCACCAAACGACTTGTGGTGCACGGGCTTTTGCCACCAACTGACGAAGTTTAAGGGGTCTGGCGTGTTCATTTCCAGAGACGAAGTTCCGGAGACTGGGCAGCCGGGGTCGCCAGCCAGCCCGTATGCTAAGGCTGAGGTCCTCTCCTCGCTGCGGATATCTACTTAGAGGATGCGCCCTTCAACTCATCAGTTGGCAATAGGGCATGCCAGATCTGTAGTGTAGATCAACGATTCGTTACGGTTAGACCCTTTCGACCCAATCTGGATAAAGCCGTCGGTCGTCGGAGGCGCTAAAGACTGACGCAAAATCTTATGCAACGGAGGTATTTTAATATCGTTAGAAGCTTTCAGAGCATTGAGCGGCCATTAGACCGGCTATGAAGAGCGCGCGTTTGTATTATAGGTAGCCCGCCTATTGCATAGTTGAAGTACATCACATCTATAGAAGTGATTACTTGCGCAGTACAGGTTGTGTACCGACTCTCACCCTCCAGGCTTCCACAATAGCCCAGGGATCCCCCTAATAACAATATCTAATCTAGAATGTAAACATTCCCCCTCGTTTAACAAAAAGATTTTATTATCCGGGATCCGAATGTACGCAGGTTGGGTGAGATGCAAGTGGGATGGTCTTAACTTTGGCCACCATGGCAATTAGTGACCTGCACCCTTGTTATCCACATGTTCGTTGTGTGGCAGTCAAAGTCGAAGATCTCTGGGAGGGCGGACTTAGTCTCAGGCGCACAGGCCTGATTGTGCCGCGCGCAACGACCGGACATACTCATGGGGTTAGCGACCAGGATACCGGGTATTGGCGCAATTCCGTCTCTGATCCGAGAATAGCGTTCGAAAATATTCTTATCTGCACTAGTTGTCTGATGATAATGAAATAAACGA,1493,49.36,Drosophila melanogaster
SEQ_702295,GGGCAACGCATGTGTAGCTCGGTGTTTCCTGCTGTAGTGTACTGGATTATCCAAGGATTCTGGGCCGTTCATATGGTGTGGGCTTCACTTAGTGATGTAGCACGAGATCCACTATAAGGGTCGGTAACGCTTTCCAGTCAGCCGGCGTAATGTGACTAATTCCGTGTCATTCCGAGTATCGGGTGCACGATCAAGTGGCGCGCCCAAAGAGGGTGAGCAAAGATTAGCGCCATGTCCTCTACACCAAAGCAACTATCGGTTAAGGAAAGTGCCCCAGAATAGGACCATGCCCGCTGGGGAGATGTAGCAGACGCACCCCTCTGAATATAGCTTTTCACCATAGAAACCTATACTCACTCCTTCGAATCCACGCGCCTTATCACGTGGTTTTCGTGGGCGAGAGTATCAGACGGCGCTCTGTCCGGGGTTAGCTTCGGCACTGGGGTTAGAGCGTTAGGCTGCACCGGGCTTAGTTAAGAGGTGACTTAAGCCAGCGTTTGCTTTATCGTGACGCGGCGCAGCAAGCCCTTCTGTCTAGGGGCTGGATGAATTATCTAAAGGTAGGGTGAACACATACCAAGGGTCCTATGGCCTGGCAGCGGGCCGCGGCACCAGTATATAGTTTTGCGTCCAATCTTGCGTAGGAGGCAAACCTTCCGGGATGTCTTGATTAATCACAAAACTGAGACTGCCTGTACCTCGGGCGTCCATCTTCTGGCTTATTTAAACGTGCTAAATTGAAGGGAATTCGTCTACAACGCCCGGAGCTCCTCGGGTTGCTAGGCATACCTCTCTCAAGTGAACCATCAGACCCTCCTGATATTCTAGCAACCATCTAACGTTATGCTAAGCAATTAATCGGGTTGCTCACGTGCTTGGTCGAGTGTTTTTAATCACCTCGCACGGTTCCCATTAAGCTCATTGTGCACGGCGTCCCTATTAGGGTAATAGGCAACAAACCTGCGTTTTGCATATTCGACACCAGTTCACCCATAATGTGTGTATAGTGTTCATTTGGTGTGCTGATGTCAGATTGAAGACTGTTAGACAAGGCGAGCCCTTAAGAGTGGATGACAAAGAGTTGAACGTCGCTACTCTCTCACGCCCCTTAGGTCTTGATAGACCTAGGCCATGATCACACTACACCGGTCAAAACTGTTTCAGCCACTTGGTTTTCACACGTTCTTCTTACACTACGGGTGTTATCGAGCTGCTCCCATTGGGTGTTCTGACCGATAGAGACCGCATTATACGCCTAATCGATTTAGTTTTGACCCATTCGGGCCGGGTAACTTACGAGCTCATCGGTCATGAACAACCACAGTTTCGCCCCGGGGGCCTGTTTTCTAATACATGAATTCATTAACGTCTGGGGATTAACGCACTTGTCACGCGCGTATATACAATATTTGATTTAGAAGGAGTTCACTTGGTCTCGTTCAGCAGGCT,1449,49.69,Mus musculus
SEQ_114694,CCCACGCATCCTCATACCCGAAAAGCAGACAGTAATTTACAACATCACAGACCTGGATATGAACTGTGTAAACCAACTTTCCTCAAGCGCTGCCTGAAGACAATGAAGTTGCGGACTGCCTAGAATTTGCCCGTCGCATCCCACTCTGCCATTCGAGTCCTTACTCCCCATGTCCCCATGCCGCCCAGATGCAGGAGGGGTTTTTGCACTGCGTAGACCCCGCACGCCACCTCTTAAATCACAGTATACGCTCCAAGCGACGCGCGTATATCACACCGTCACATTCGGCCCGCCCTGCTCGTATATGCCGGTTGCTTCTGGGATCGCAAGCCAAAGAAATCGCGCAATAGATGTAAGATTCCCGTAACCACCTTGTGTATAGCGCTTCCCCATCCGCGGTAACATTCGCCTACCCCCTTCCTCCAATAATAACCACGATTAACGCCAGGTGTATCTACGTTGGCACTACTACAAGAAACGCATAATCTTATTAAACTGCGGGTCGGTGTCGCTGCCATTTACGTACGTTCTTGTGCCATGTGCCGGTAGGCATCGATATCATATATTTAACCCAACATGTATCTGTGTCTCAGATGCGCCCTTAATCATATCGCCGGGATCCTGACAAGCGACTTTATCTCTAAGTGCGTGACTCGTGCTTGGTGCGAACCTCGCCGGCGCTGATTAAACCCGGAAGTAGACGACCGGTCACTCAAATCCCGGGTCCAGCACATGTACGGAGGGGATAGAGCTCTCTGCTTATCTATCATTATAGTCTATATTTCTCAATACCCCAGGTTGCGTGCGAATTGATCACAGTTTCGGGCCACATACGTTTGCTATACGACCCCCACATTCTGTCCACTTACTGTCAGATGGCCTTGTTCGAGGGTTTTGCCAAGTGCTATGGGTCTATATATAATGGTAGGGAAGTTGTAAGTTAAAACATGTGCTGTGCTTCGTCCATTGGACGTTGGGAATGAGGGTCCCTGACCGGTGAGGCCTGGTTTGTATCGCAAGTTCGAGGTTACCGGTCGCAACAATGCGGCGCCCCCAAATAGGATCTATTGTCGATGAGTGCCAGATAAGTGAATTTTGCACTTACCGGCGTTTCCCCAAAGACAAGCTTAGCGGCTTGGGTCCTCGGTATTGCAACTATACTGCTGGGCCGTGAAATTCGCGGCATTCGCAATTAATTTTACCGGGTGTTTCATCAATAGCATGTAGGGGGTTCACAGGGGGAGTGGGACGTAAAGTCCCTTGCCGCCTGGTTTGTCATCGTTGACGGTAACTTGGCATCGACTTAACCTTTGTTAAGGGCCACTTGTATGTAGGGACAGTCGGGCCGGCATAGCTGTTTTTTCAGAGGAAAGG,1374,50.36,Escherichia coli
SEQ_298860,GAAGGTGGTCACAGTCGGTGCACTGAAGGTCGGCCGTCCAGGCACGGTTATTGCACTTTCGGGGTTCAAGCCACTCGGAAGATTCGGCTGCTTAGCCTCGACCAAAACTGGCCAGTCGGTTGTAGAGTGTCAAGTAAGGCCGAAATCGTACTGTTGGGCTGCCTCAACACTCAAGAGGCACCCATCGGTACCGTGGATGAGCAGAGTCTGTTACTTATCCTGGTGGTTAGGACAGCCGCGATTCGCGCTCATGCATAACCGCGTGTGCTCGTTCTCTTACGAGATTCCCACCGTTGTGAGAACGTCGTGTGCCCACGACCCAGATTAACATATACACAACTTTAAGGTGTGATCTTTACCATCTGGCTAGTTTCCTCAGCTCCCTGATTGTGGGTTTAAAAACGTAAGTTAGGAACTCAAGTGGCGCTAACTGGCGCGCCCTCCGCACTAGGTACTGGCCCCTGTGGCGCGACCTGACGGCCCGCACGTGGGTTCCTCGATTTCCCCAAGACTTCCGGCGAAGAGGGTGACGCTTTGGATTACTATATCCGCTTAGCTCAAAGCGATAGTGGCAGGATGTGGTATTATCGAGCTTTGTTCTTTCCTGGGTCGAGGTTAACGTTACGAACATTATCAAAGTCAATAAATGGGTGCTTGGCCGTAACGTATCATAGAGTTCGCAAATAAGTATAGAATCCATGCCAAACTCGGATTCGCCTGAGGTTACGCGTTAGTGTTTGAGGAGGACCGTCCAATAATACTCGGCACTGGGCTTTAACACAATAATTTTCCTTACACTTTTAACTCCTTAGCATGCACGTTGTTAATGCCTCATGGCCGAGGGGTCCCTAAGTCAAGATACCTTTGACATTCTCCAACCGCTCTAGGAAACGACAGAGTGAGTCGGGGCGTAGTCACGCGGGGTTCCTTTCCTCATATACACCCGGTCCTATTTAATCCTTCATCAGGAGGGACAGGTCCACAACTACCGTACTAGCGACCGGTGCTCGATAGGGGGAAAGCCAACAACAGGTTGAGATGCCTGATGACGGCAACCGCAACCGTCAGGCCCTTCGACCAGGCGGCTATAGAGGACTTTCTACAACTTGCGCTACGCGGCTGGTGTAACGGATCCTATCTTGGGTCAAGCGAACATGAAACCTCCGATTTTCAAGGCCTAGCCCGGGTAAGCGCATACGGATCGTGTCCAATAATACACACGCCGACCTGGTGTGAATGTGTACAGGGGATAATATGGGAATGGGTAGCCTGGCTACACTTTTGTAGCTTGCGATAATATAGACCGTGTAACCGTCTTCATGGACTCCCCTATACGCACCTATCCGGAGTCAATGCTGGAATCATATCTCGTATAATGAAGGCGTGTCCAATACTGCCCTAGGCCAGTACGTTGATTTCAGCAACGCACTATGAATATGTCCTGGGTGAAGGCTTCCGAAACGCGCGCTTCT,1472,51.15,Caenorhabditis elegans
SEQ_824453,TGTGTCCCTGAATTTTATGCCCAGAGGCGAAACAGATACAATTCGTAGTATGAGTACGGCAGTTACACCAATTTGAAGGCAGTTCATATACCGGGGTGGTATATTCGAGGTCGAGGTGATCGCACGTAATGTAAGTTAAGCATGAACAGGCTCGCAATCAGGCGTTTCTGTATCCCGACATCAACTGTTAGGAACGTCTTGACTTACCCATCACAATGTACAAGCAAAGAAACCCGGCACCCCCCGACGCATATGTTCGACGGGTTCGACTACCTCGCCCTCCTAGGCCGCAAATGACGGATTTTGTTCCGTACCGCTCCTTATTGATTGGGAAAGTTTACGCTGATGGGTGTAGGTTGTTTGAACCACATGCACTGAGTGCGTTATGACGTGCGTGTTTACAAGAGCAAGGTCGGCCAGAAGACCGTAAAAAAGCTTGCCCTGTGAGAAGTGGTTCGTTAATGGCGGGTACTGGGGAAAAAAAACTTCGTCACATTTCCCTTATCGGCTATATGGGTTTTTCGGTACTATGACGTTCTGCCTTTAAGTATCCCGCACATGGTCCCACGATTAAATCTCCCTGTGCCGTTGTATAGAGGGTGCCTCTCTTAAAATTAGGTACCAATGGTATTTTCTCCATGTCCGTTGTGGACCCAAAATATAAGTCTCAGAAGTCCAAGTAAGATACACACGTAAACACGCATCGATGACGGTAGTGTTTGTGTAGATCACTCTAGAATAGGCCGGATAGCTTTTGCTTCCCCGCTGTATATAGCATTACTGATACGGTATTATATCATATAAACAGTGTGAGATAACGCGGGGGTAAAGTTATCGGTGGCGGTGCCGCAAAGCGGAGTACTTTCCCCTTGCAACGCCGGTCTCTGTGAAGGGGTCTCATTCGAAACTGGATAAACACCAGGGACCGGGCTTAACTTAACGCTCTGCGTTCTCTAAAATATCTTAATGCCGCTCGCTTTACAGCGACGCGAGGTGGGTATACCAGACGCTAACCAGCGTGGCGAGCTTAATATTTAGCCCGTAGTTGTGTGGTACTCCGATCTAGTCAACGGTTTGTGCGAAGACGGAACGGCCGATCCTGTTCAATAATATGTAACAGCTGCTGGTTGCCAGATAGCCCTGCCCTGGGCTTCCGAACGTTAGCCTATATGCTGTACCTCAGGTCTGAAAATTAAGACCTTTGCGATATTTGTTGGGATCAGTAACCAAGTTATTGCGTCGCGGGACACCGGCGGTGGATTATAGCGGTAATAATTGGGATTACACTAAATCATGGCTGGGTACGTGTCGCCGGACAACGCCTAAAAATTAGAACGATAACTGTGGTATCGGCGGCTAGCAGCGTGGACACGGGCACATGTAACCTGGCGGCGACCCGGACCACCCTTGACGATGTCCATGCAGCACCGTCCTTGCCTGGGCTGTTAGTAGGGAATCGCGCCGTGTTCAGGAATTCATATGCTAGGCGTAGTTACGTAGCTATCTCGGAGTCGTGTGTACCCTTAC,1527,48.79,Arabidopsis thaliana
SEQ_285616,CCCGAATCAACGAACCACTGAGGTCGCGAAACCGATTCCCTGTGTGCATGCTGATTCATGCCGGGATAAATTGAAGAATGCTGCCTTATGCGTTGCTGAACCTCAAACGTTACACCTTACGAAGCTCTCAAATCGTCGCGGAAATTAACAGCCGACCAGTTCAGAACTACATGCATGCGCGTTGGTCGTTCAACCTCAGCCTATATAACACACATCACCCGTAGTGACTACGACGACCCGATATTGAGTTAGCGCTGAGCCGAGGACGGGGACGTTTCGTGTCTGGACGCGCCGACGATTATGCAGCTGTAGGTCGTACTCGCCCCGAAGTCGTACTTCCGGGACGGCGTTGCCAACTTAGCTGGATGTTCTGGTTGATGTAGGCTGGGCGCGCGTCCATACCCGAGAAAGGATCCGCAAGCCTAGACGTCTATGTTTGCGATCAGCAATCCAAGCAGCGGTCTAAACACTACTGGTCCGCAGGTATGAGGGTCCAATCATGAAGTCGCACATCTTTCGGGACGCAATCGCGAAAAAGGCGTAGTTTTCGAATACCACTAAACAAGCAGAGAACGACACTGTGCCAGACAGCGAGGTTTACCTGAAATGGTCACTAAGACGATTAAAGTAATCTGTAATATCTGCTGGACCTCCGCTCTGGGCTTGCGGGTCTGCACCCGCACCAGAGGGCATCTAAGTAAGATGTTGACCGTTTGCTCGTGTATATAGTCTGCGAGGGAACCGTTTGGACACCTCCGACGCCCCATGTATACTCTTCGGTACTCCTAGGACACAGCCAAAAGATGACTGCCCCCTCCGTATTGCTAGAGTGAGCCGAAGAATATTGATGCTGTTAACCGTTAATATGTTTCTCATTACAGCAAGAACTTACTGTCGTCCAGGCGTCAAACTTCGCCCCAACTAACAGACACACGCCTAAGAAATGCCACATGCCGAGCTTCGAGATATTGGTCGTCATCTCTATGCTTACATTTTTGCACCCAGTACTAATAGTGGCACGCAAAGTGCAGAAGCAAATCTTGTAATTCTCCTAGGTGTTCGTTTCAAAGCGCCGGTAGAAGCAAACGCTGTTGTGGC,1098,50.46,Drosophila melanogaster
SEQ_252295,GGGAGAATGGCCCTTTCCCTGAGACAAGCTCTGGTAGCTCATGGGCTTAAGAATTAAACAACACGAAAACTAGCTTAACACACCTGACTTTCTTCAATGGAAGGCCTCCTCAGATGCTTAACCCCCAATTTATGGCAATGAAGGCGTTAGGCTTCATTGTTACTGTTGTCCATTACTTCGATAGTAGATTCAAAGCCGTTGGCTACCATCCGGTCTTGCAGGCAGCTCTGGGAATCTTCGACCGATCCGCGGCTCCGTGTTTTTTGTATATGGCCTGCACGACCCTTCACGTTGTTAAGCTAGGGATAACTCAAGGTCCACGCGATCTTGGCAAGCCACCCTCAGCAAGGGGTGATACCTGCTGGGGTAGCGTAGATATTCGTAAGGAGAGCGAGGTCGAATCAAGTTATCCAGCTCGTCCTATCGGTCGCAGGCAATCATCGACGACAACTCCACTCAAGCTGCCGTCTTTCTTGAGTCAGTCGCCGCTTTCAAATGAATCTCTGCAGGTCGCTGTACGTGTTGCTACTGCAACGCGATAGGAATGGCTCTGTGCCACCCGGACAGCTGCTAGTGACTCCTGTCACGTGTTCGCTGCTGAAAGGTTCTCGGCTTGCCTCAGTCGGTCCTTAGATAAGAACTGCAAAAGCTAGATTAACTTACCTGGGGTGTGTTGAGATGCCTACGAGTCTCCCTGGCCCGTCGTCAAAAGCATGTATATCCTCAACAGCTACTTTTCTTGGTATAGGAAAGAACTCTGGATAATCACCGTGATTTTGCTTGTGTCTTGCACTCGTCAGTCGTCATACCTTATCTGTGTACTGGAAGTATCCTAATGGACTCGCGGGTTGTTTTCTACCAGTATTTAGGAGATAGCAGCTATCCGTGCTGTAAACATTATGGTATGTGTGTACAACGCCAATCTCTTACGTGGATGGCGCCCCTATTCCCTCCGATCGCCAGTGGGCTGGCTGGTTGCCAAGGGTGGTGATCGTTTCAGAGGTCCGTCGGCTAACTGGGCCGACCATACCAAGCCTCTGAGCTACTTAATTGGTGATCGGAATTATGTTTTTGGTGAAGCGGCCCCTAACAAATTCCCGAAGGTGCTACTTCCATAGTCAATTGATAACGTCGGTCTCGAGGGGCGCGAACAGGACTGCGCGGCTTGTTCAGCTAAAATCCCACGGCTGTACATCTCTTATTATCGTGTAACAACGACTAGGGATCTACACGTTGGATCCTATGTGTCGACAGTCCTATCGAGTACAGACTTAGAAACGCGCTCGCTCGGAGGTTCACATGATCCTTAGATCCCAACTTTACACTTCTAGTCCGGTACGTAAATGATTCGGAATGTTCCCCGCTGGATGGCC,1373,49.82,Saccharomyces cerevisiae
SEQ_484702,TTGTGTCTGACCGGGTTGTGTATTCGGCGCGTAGCGGAGCTTAAACTGATACAACCGGAAGGACCCGAGATATAGTCCAAGCAGATTTCGTAGCCTATGGCTTTCCCCTCTTCGTGCTTGGGGAACACAGTATAAGGGCTACTCGTATACAGGATACGGTCGTGTAATGTCGGTGTTGCCGCAGTCTATAATTCGGGAACCACAGGGTTTAAAGGGCCCGCACGACCTCACTTTTCCTTTAATGTTACTGTAGGAGGGGTGAAACAAGGAGCTCGCAGATGGTACTCGGCCGAACATTTCAGCTCTATTATATCTACCATCTGTAGAGAAGTTTAGCACAATATGGGGGGCACTCCTTGATAGGGCGACCATGAGCATGGCCTCACGTCCGGCCGAGGACCCTGTCCTTCCATAAATGTGTGAATGTAGTTTTGCACCTATTCCGTCTCAATAAAGTATTTTCGCGGTGAATCACTGGCTCAATCTCCATACCATATAGGAGCAACGTCGTTCCCTGTGCTGCTTTGTATCTATTCAGAGTCTGCTCTCCACATTATTGGCAATCCTCCTGGCGGACAGTGCTTCGTTCGCACGTCGTGCGTTCCTTTCTAGGGCACAGCTGCTCAGACCCCGAGGCCGGCTTGGAACTGTATTAGGGGCTTAGAAACTTGCAAATTTACAACAACACTTGGCTCGTACACTCGGCGCTTAGTGGCGACGGGACAGAGCAGGGTCGCTGCTTGCATCTTAAGCGCTGAGGTCAACCTTTTCAATTCACGACCAACTGCCCTTCCCGTAACCCAATTTGCGAATATTGGCGATCATTGCAGTACTCTTAGGGAATGAAGCACGACTCAGAGACCACACCAACGCTATTCCATTTGACATGCGCACAACGTGCGTGGTATGCTACTTGTCTTGATCGAGTACGCGCTCTACATCACGGAGAAGTTAGAAGTACGCGTCCGTCTTCAGTTTCCCATCTGGGCCCACCGTCTATGCTGACGGCACCCTTGAAGCGCTCGATACCACCCAAAGACTCTTGAACCCGGCGCTTGTGGCTATCTCCTAAGGTACCACCAAAACTGTGCCACAGTCCTAGGATCCGTGGGTCATTGTGAGGTACCCGTGTTACATAACCTTGTTGTTTGACATCTTGTAGCGGCCGCGTGGATCAACCAAACACGGTAGTTTCCCTACATCTGGTTCCGGACACAGTACAAACTCGGTAGATCATTGATTACTGACTTCCGCCCGAGATGTGTCTTTCATAGTGCAGAATATTTCGTTCCTCCAACAGTGCGGTTCGAGGTCATCGTTTTAATTATTTAGTGTGTATCGATTTGGCCCATGAAGCCGCGCACGGCTTAGGGATTAGCGTATTGCTATTGGAGTGGCAGTCCTTTACCCGGGTGCTTACAAGACGGTTAATCTACCAACATGAGTGCGAGAACACTCCCCTCGGTTAGGAACAGTCCATTAGTACTGACTTTCTTATCAGCTCAGGTTGTTGAAAGCTGGGATCATGATGGTGCACGGGATACTCCTCTGATAGTATGCTACTACCTCGACCCCTGTGCCTGCTTCGCATTGATCCGACATGTCGATTGGCCTATGAACACACGACCCTATGATTACCCGCTTACCGTTGGCACACTAGTGCGGAGCTGAATATGGACACATGTGAGGCTATAGCGCGAAGCCGAGTGCACTATCCGAGTTTAGCGGTCACAGCACGGCCGAGTGCCCAAAGATACGAATGAGCTCTTTCTTTTCAGATTTTACCAATCTTTAAACTGCACCTAGCGACATTGCGATAACAGCCTTCAGCCGAATGACTGCCAAA,1846,50.0,Homo sapiens
SEQ_749291,AGTACCTTTTCGTATGGTCCGAGATAAAAGGTCCCTAACTCTCGTCCCTGAAATTAGTCTAGCACTCACCCGTCCACTGTATAACTTGAAGCGCGCAGGGATAACTGAGCGAGTGGATCAGCGCGGCCACATGGAGGTTCCCCTCCTGGAATCGCTGCTTGAGGGAAATCTATGACGCAGTGTCCCGCAAGCTTGCCGCATTCGTCTGACCGCCATAGTCTTTGACTGTCCATGAGTTCACCGTGATCGCGAAATCAGATCAAGTTTGCGTACTTGGTTCCTCCTACCCGCACAAGACCGCGAATGACGTGCCTATGGAGTTGAAGTCGCAAATTCGCCTTGACTGTAGACCCCAACAGACGCAATAAACTCTATTTCATCACAAGAGTTCAGGCCCATCCCGTCCCCCCGTGCGTACTGGTTTCGATCTCAGGACCGCGTCCGTCAAGCCTCATTGATGTCCGCACAGGAAAATCCACTTGACACTCTTTCCCTAGATTATTTTATAGCGTCATGCACAGAGTGTTCCTCCTCGTTCGTGGTTTCTGACATAAGTCGCCTCGCGGTCAAGCTTACCCGTTGAGTGACGGTAACCTTCAACCGAAAGTATCATCGCTGTGTGGATCCTTATCGCACGATGGATGAATCAATTTCACGATGTCGCCGACCCCTCGTAATTATACACTAGGGGCCTGCGCGGGAGGTCCAATACCAGAGTACCATAATTACTGTTGGGGTAGCACGCTTCCACAGGGTAGTCGCTTCTGTATCGGCAATGCTGTCGAATGATGATAGTGTATTATCTCGGCGTGGTGGTTCCTTAGGCCTGGCTTGAGCGTAAATTTAGGAAGGGACTACATGATAATGCAATGATGGACGCTACGGATCTCACAAGTCCAACCCAAGTCTTCACCACCCACCGAGTCCAACGGTCTCTAGATATCGGACGGGCGTTGGACGCACTACAGTGCTTGATACAAGTGGGCAAATTTTCTACCATACAATCGCGAAACATGTAATTGAGCGCATGGCCTTCCGAGTTGCACCTCCTGTGCGCCATTAGCGCCGGTCGTTCAGAGTTGGTTGACACCCAGAGAGATGGGTCTGGCGGGGGTGCGCGGGGATACAGCTCGTGCTGCATAGGATCCGCCTAGTGCCAAATATTAATGAGAAAAAGGACAAGAGTCGAGGTTCAGACACTAAGTCATCAAACCGCCGTCGACGATTGATCCGACGCTGAGTACACACTAGACTGGCCTCTGGTAGG,1267,51.54,Drosophila melanogaster
SEQ_385916,GTGGGGCTCCTTATCATCACCCGACGCATTCTGCGCCGAAACGTGCGGTGCAAGTCACCGCCCTATTCGTACAGTTAACGCTGCGGCTTAACCCCTAAGACATCTCAGCTCTGGCGAGTACATTTACAACATTGGCCCGTCAGGGTAGCTGGCTCTAATCGCACACACCCTCAACTATGAAGTATCACAAAACTTAAGCTTGCATGGTCTGATGGTAGGGGTCGTTGGGCGGACAACTTCAACATACGGTCCTGAAAGGTCCAAATACCCGCGCCACAAACTATCCAATCCTGGGGATTTGTAGGGGGGTCAATGTCTCCGCTCGGGACGCTAAAGGTGCTTCGAGTTAGGTGTTAGAGATTCGGCACGCCCCAATCTGGCCAATGACTTCTTACCAACCGCGTGCTCCGCTCTTTGGGATTTTTCCCACCACCAACTGACATATGCTCAGTGTAGCATCTAAACATGTCGGGGTATCGGGTCCACAGGTACTCACATCTCCACAACGTTAGGTACTGCGTGCGAAATTCGATTAAACATAAGTAACCCTCCGCCTACTGTGTTCACCCATTGGGAGAGGAATCATGGGCTCTAATAGATACTTAAAAATACCATAGCCGTAATTGTGCGCGCGCGCCAAATACCGGGATGCGCTTAGGACGTTCGTCTCGCACACAAACGTCATTTTATCTCCATATCCGTGCGCGGGGGGCCCTATGGTGCTGAAAGGAAATGGGCCAGCTACAGCACGCCGACCGTGGCGTCCTTCTTGTATATTACCCCGGTAGCGTATATTTTGGAGACAAGCGTATGAAGGATGCGTAGTGAATCAGGCTAGAAATGACGTTGCTGGATGCCAGTTTAGGCTCGGACTCGCCACTTGCTCCAATGATGCCCGATCATAGTAATGGTGTGTGCCAACTGATTCTAGTACACATTCACCTGGTCATTATACGTGACCATCGACGTGTTTCGTTTTGCCCGTCTTAACGTGTATCACCGGTGTTTGGCCACCTCCAAGCACCTTCACGACAACTTGGGTGGCCTGTGTGCGTCGACGCGTGTCACGCCCGCAAGCGAAGACGTGCCTTCTTACTATTGTGTTCTAGTGCCCAAAAACACCTCCCCACGACCACCGTACAAATTACCGTATCCGTGGGCATCACAGAAGTAATTTTAGCGCTATAAGCTTCGTGACGGGCAATAGACTAACGGCATGTAAATTTCGGCCCTAGTATCGCTCCGGTTACGCCGTTGAATTTCGGCCGCGTCAAGAGAATACATGAACGCAACAAATTCCTTGGTATATTGCATGAACCATTGGTATCTAAGACGACGTTTCTCGGACTTACACGAGGTGGGAGTCACTCCTTTAGGATGCAGTTGGGCTCAGCGTAGGACTACTCTCAGATTTGATACTTAGGAAATATCAGCAGTGCACTTGACGCATAGAAGTAAAGATGGGCGCTGGTCCGCCGACTCCCCGATCCTTAAAGATAACAGGAACAAATACGCCTATTCCAACCTTCTAAATTTCTAGGTCGCTTAGAGTGAAACGACGCTTTGATGAACCGTGGCCACCTTGAAAGATCTGCTTCAACTGGCATCGCTTTCATGGATGTACCTGATGTTGATAATTGTAAGGATTTCGTTCTAGCCCGAGGCGATGCTTGCTGCCCTGGCTGGCCCTGAAGAACCACAGTGGATCTCCCGTAAAGGGCAGATTTAGACGGAGAGTTATCCAACCAGCTAATTGCTCTACTCTTGGCGGATCGAAAGAACCCGTGACAAGACCTCTGATGCACCTCCTAAAGCGATTCTCGTGAGAAAACCCTTACTCGTTAGACAACAGTGTACCCAATCCCCACACTAAAGAGTTTTTCGCCATAACACGGACTGTCCAAGTTTTCACAGGCTTCTACGCATTGCGGAGCCGCTGCACATCAGGCGTCGAGATTAATTGTATCCTTACAGAACGAGG,1981,50.03,Drosophila melanogaster
SEQ_892957,GTTGACCGGCCCAGCTGAATCTTTATTAGGATCAGTATCGCACTCAACTGTTTTGCAATCCATGTTTTTGAAACCCGTGTGTAT,84,42.86,Homo sapiens
SEQ_381431,TGCGAGCATCGCAACTAAGTCTGAGAGAAGGCCCAATAGTGGCCAAGCCATTTGTGTAATATCTGACAACCGCAATAATCGGCAGCAACTCTGTCGTGAATTATCCCCGTCTACACCGAACAGTTTGACTTGCTCGCACCGATTTACCTGTCCGACGCTTATAGAAAGTTGAAAGGGTTAGGAGAACTGTAACGCATCGGTTATGAGAAGTCGCCCCTGCGGCATCGACGTGTAAAAAATCGGAGGTCACTCTAGGTCTACAGACTTCAGCCTTACAACGGACTTGTAGAGCAACCGGCGCGGCGGGCGACCGCAGAGTTTTCTTAAGGGAGCAGCATCCCGTTCTACTTATCCACATCCCAGCGGACACAGCTTAAAGTGTTCGCCCCTGATAGTAGTGCCAGCCGGATCGTCGGTTCGGGGTGTTGTGTATGAGGGCTGGTAAATTCTCCCTCATCCAGTCTTCGCTATCTGTTTGACCACCTAATGGGCTAAGACACCCACGTAGCGAGTTTGGGTAAAATTAATAGACGCAACCGTCCCCGGCGTCCCAGTCGAGATCCCAAGGAAA,571,51.49,Escherichia coli
SEQ_444257,AAAGGAAGTCGACTCGCCTCGTAGGTTCCATTCCTAAAGGCGCCTTACTTTGACAGTATCTGGCACTCAGCGTGGCCAGAAGGAACCCAGCCGATACATCACTGGCGCACTGGCCATCTTGCTGCTCAGGATTTCGGTCCCAACAAAACCGACGCTGCTTTACAACATTTTGATGGGCGGGCCTGCGATGCGCCATCCGGTTTGAAAGGGGTCATCAATGAGCCACAACAGTTGCCGCCGCGTTTATAAGTTTCCGCGTACGGTACTCTCCCGTGGTTCGGCCATATTTGCATTGTCGTGCCTTCTGGTACTGGGCATGTAATATCTGCGGTTTTGTGACATTTACACGTAGCAGCGTGTCAGGAACCTCGCATTGAACCTAAAAATCGCGATGACAAGGCAGTTCAGGCATATTACGCCATATGTCACGGCAAAGTATATTTTCGGCGGGTGCTAGTTCCTCGCCATAAGTACGCTTTGGCAACTTTACTATTCGCCGGTCAGACCAGCTGATGAGGGTCTGAAGGACAAACCCAGACTGAATGATACATCGAAGGCGCCGTTCGACGGAGTGATCAACACATCAACGGACTCTAATACTAGTCAACCACACTTGAGGATGAAGGTAGATTGTAGGCACGAGCTTTTCCGCCGTGGCGAGAGGTTTACGCGTTCCCTGGACTTCTTTGAGACAAGGGCCGATCATCCTTTCATCTACAAGCCAGAAGAAATTCTCCGAGATTTAGCGACGATAATTTTAGATATTCCGCGTCGAGTATCACCGAAGCGTTAATAACTCCACTACGGAACTTTTTCCTTGCTTGCAGACTTGTCCCTAAATATAATTATAAGAAGGTGGGTGGTCGAAACTCCCGTAGCTGGACAACGCGGGGCAGATGAGACACCCCCTAAGAATTGATCTTTCAAGTATCGTTACAGTTCACGATATGGAACCTATGTAACGATAGTCTAAACGATAGCGATTATGCGCCACCCAGACATTGCGCGAGGGATTTGAAAGCGGCGCCCCAGGAGACCGGTTGTCTAACCGGATTCGCCGGGAACCCTATACACTCTCGGGGTGGAAACATCGGCCGACATGTATAAGAACATGCAAGACAGCACAGACGCCCGGCTAGGCCTACGGCCTCGACTTTCGTCCGCGTTGTGAAATCTTAGGAAAACGATTGCATGTTATTCTTACACCGCGTCACTATGAGGACGCAGGCCTTTAAGGGATATTAAGACTAACCCCGAACCGAAGGTGCTCGAGCTGATGAAACCCGAAATGCGCAGTACCGCAGGTAAAGCAAGTACGGAGGAACTGTTCTTTCGGTCAGAGTGCTTTCTTTACCTTGCTTCGAATTGTCAGGCAGTCCAGTTTAATCGCCCAAATGGCACGGGGGGCTGTAGAGTGCTGGGACGTGTTACACCGACAACCTAGTGCAACTAGTCGATATATAAAAGGGGGTTCTCGTCTCTTCTCTGTTGACAAGTGTCCTGCTTGGAATATTCTGAAATGGTTTCGGGGGTGTCGCGTATGAGAACAAGCGATGGACAGTTTACGAGATAAGTAATACGTTTCACTCCCGAATCAGACATCACGCATCTACGCACCGACATAATACTACGAGTTAACCATCGGGCGCTGGGTGAGCTATCAAGGCCCTCAGGTCTACTCGTGTACGTAGCTATTTTGTTGCTCGTCCCAATCGAATCGTGTACCCATGTCTTAGAGACGTCGAACTGCAGCTGGTTTATGGCTCTGCACGGTGGATGGTGTAGATAATACATCCTCCTTTTAAAAACTCGTCTCTTTCTTCTTGCCGATTAGGTTTAAAAGTTGTACGTCGGTATCCAGAGTCGCAGAAGTATTACGGCTCGTTCTATATCACGGTACGTGATCACTGACTGAACCGCAATCAGGACAATCTACATGGATTTATCTCACCAGATAGAGAGCACGGGTATGGTTACCTCGATCCCCGATGAATG,1995,49.17,Saccharomyces cerevisiae
SEQ_204638,TCGCTGGTTCGAGGGGAAAACGTACAAGAAGACCGAAAGGCTTACTGTTGCATGAAAGTCCAACGCGGAGGTCGATGATCCAACCCGCACCTAACAAAGCTGTGCTATCCCGTGAGACCTCCTCGGCAGGGAAGTACTATATGGCGTAGAGTGGGCGGCGGTTATAGAACGACTTCGGCACTCTAATCCCGCCACGGATGTGGCCCGGAGTCGCGTGTTAAGTAACCCATATTTGAGTGTGCGCGAGCTAACTACTCCGTCGTGGCCCAGCGTATATTCAAGAGTAGACGGGAGGAGCTTCTGAGAATCGGCCCTTTCGGACATCCGGTCAGGCTTAGTTTCCCCCTGATAGTAAACAATATTACCTTATATCATGTTCCCCTCCGGGAAGTACGCCATCTGTACTACGTACACCCGTCTTAGCGTCCTGTGATGCCAATATATTGGTACAGCTGCATAATTACGACGCACCATATTCCCGGGTTAGCGAACCAAGTTGTCCGACTGGCCGGCAAGTCGTTCTGCAAGAAGGTAGAACTGGATAGCATGAGCCCTCATATTCTTGAAGGATACTCTCTTTCAGCAGGGATCTGATTCTGGGTGGCTGCTAATTTTGCGGATCAATGGCTGTTGAATCTGCAGTGTATCAGGCCCCAAAGATCTCGTAGGTCGCGCTCTGCGGACGACGGGAATTCATTCGGTCGTTCCCGACCAGGCAGGCTCTGTTTCCCTGATGCTGAGAGCGTCGTGCGGTTACGCATGTCGGTAGCCCCTAATGCGGTCCACGTAATGCCGAGGCACTACGTCATAGCGGCGGGAATCCGCATTGTCAGAGCAGAGGGTAGAGTCCCTTAGCTTTTAAAGTGTTGACACAGTTTTACGATGATCTTCCCAGCGCCTTAAGCCCAGGACCATCACAGATACGAATGCCCATGGCTTTCGTGCCAATTGCGGCTGGCCATGTAGACCAGCTTTCATCTCGAATGGGTGCGTGCTGTGCATGCCCACAGCCACGTCACGCTACCCGCGCGAGTAGCTCCTCGATTACTAGCTGCTAGAATCTCAGTTTAAAGCTTAGTACCACCGCGGTGGGGCATCTTAAAACGTCCAATGCTACTCACGAGTAACCGCTAACACTTATCATGCTGCCGACATAATCCGTAGACTTTTGACTCGAATATAGGCTTGGTACGAATGTGGGCTACGGGTAAGGCCCCTCGCACACCGTGCTCTAAAGGAATGCCGGGCCGTTCGCACGTACCATCAAGGGCTAGCGTTATGAAAGAGCCGGGGTGGGGCAATGGCCTGTAGGCCGAGAAGTACTGTTTGCGACTTGAGACAGGGATGCGGATGCCCTAGTCCAATTGAAAGTACGATCGGTCGGAAGCTGTAATACCGGACAATCCAACAAACCTTTCTCAGGCGGGCAGCGCCTTCTCCTTCCCTTTCCGATCTATCGCCGACTTATATTGCTGAGCCGGTTATAGGGGGACAGACAGAAGCCGATAACAGTCACCAGGGTTGTGTGCCACAACAGCGTAAGTGCCACTGTTGATGGATGACACGTTTATACTTCTTCATTAGCGAGGTAAAGTTGGGGCACAAATCTGTGATTTAC,1618,52.41,Arabidopsis thaliana
SEQ_234241,GTATTGGTTGGCGGGGAGCCCCGTTATCCGTGATAGGGCTCGTAGCCAGGTAGGTACTGCTCAGCCGAGAAAAAACCGACTATATCTCCGCCAGATGTGTATGGCTAAATAGTCTTTCCCGGGATATAGTTTCATAGGTATGTAAATGTCTTCTCTTAGGGTCTCGTAAAAATGGGAAAATACACCAAGGACCTCCTTCTATTTGCCGTCGTGCCCTCAATGCCTGGACTCCATACGGCGCTCGGCAGATCGAAACTAGCTGCGCAGTGGTCCTAGTAATGTATATCTCGAGCGGACTACTCTTCGCAGTCACTGTATATTGACAGGCTGGAGGGACGTTATCTGCCTACAGATTGCCGTATGTTTAGTGGCGAGTGCCTGGCGTGAGATTAGACCGCCACGTTGCATGGAGAATGATCTAGGTCCTTGGCTAATGCCGGATGAACTCACCGCGCTTAGACCCCGAGTGGAATTTCTGTAGAGAAGTTATTCAGATATCTGTCCGTTGTGATAGGAGACCGAGCTGTGGATAGCTAGGCTTTGGCATAAATTAGGGAGCGACAGAAAAATCTTGACTAAGAGGGTTGGCCACTGATTGGGATTGAGATGAGCTTTCATATGGCCTGGATGGCTTGGCTTAAGGAAGGTATAGGGCCTCTCGGACGCCAGGGAATCATAAATTCAGCCAGGAGTACTCGCTTTGAAGAGATGACAACTATGTGGGTCTTTTGATGCTTATTTCGAATCCTAAACCGCAGTAAACGAGCCGGATAAGCGACACACGTCCGCCAAACTTATCATTTAACGGATAAACTTAGAACTTGATTCACAAGACGTGCTTGCTTGTGAACAGGTGTTACGCCCACAATTACAACGATAGGATCTAGCAGTCGGCACACGCCGACGCGTTCGTCCTGCGCACATTCCGTAGGAACATTGTGTCATGAACGTCGGGGTCCGTTCGTTAATGGAACGTCGCCCTAAGATTGTGTTCCGCATTGCGGATACAAAGTAAACTGGGCCGCATACCCATGATTCGTCCTCCTCCTACAGACTTAAGTCGGAGATTGAGAACACCTCCTTTCGTACACGTGGTCGGAACCACCCATTAACATTACGCATGGTCATTTGGAGAGTGACCCGGTAACAGTACCCCTGGGATCAATAATCCTACGAACAATCCCCAGTCGTACAATCATGCCGTAAAACTCTATTGTGCGAATCGCCCTGGATTGATGCATTCTGTTTCCTAACACTATCGGCCCGTGTAAATAGAATTCGTCCATAGAATAAATTTTTGTAGCGCGGTGATGGATAATTTCTACCAACACAGTTTTATGTCTTGTTACCTAGGTAGGGGGTCCGCCACTAGTATCGATCTCCGCCCGTATCCTTGAGCAGGGGGATGTACCGCCAGGCAATGTGGTAACCGGTACCCGCCTCATTTTATGTTGGCCGGGCCTGATCGATAGAAAGTATGTCGGCCTTCACGATATCTCGAGCCGTGGGGGAACTCATGCCTCGATATAGTTGTCGCACAAGGGCTTGCACCACCCTTGGCCG,1563,49.2,Arabidopsis thaliana
SEQ_313489,GTGGATGTCTAGAAATCTGTGGTGCCCGTTGACCTGCTGTTCTCTGAGGACAGCATACCTTCCAAAAGAGTGTTCCTTTTCTAAGGAGCGCTATAGGGCTCTCCGAAATGGCACGCCATGAAGCGGCCAGATCCAAA,137,51.09,Mus musculus
SEQ_342335,CCAGTGCGTTATCCCTCACACTTCAGAAGCGCTCTGGACCTACTGATTTGTTGCAGGCGCACAGCTAAGAGCAGTTTCATATTAGTTCTATTTCGACAGATAACGTGGGAACAGACGTCCGCGAGGAATCTACTTAAAATTTACGCCAACCTTCTACAGTCTCTCCGCGTCCTCGCCGCTGGAAATTTGAAGGGAGTTTAATAGCACGAGCCGACTCGCCTTCACACAATGTATAACATCATACTAATTGGTAGGTTTTCGCTTTCGCGACCTATCAGGTTCACACATTATCACTAATGCCGCAGAGCCCGGAATTCTGATGTGCTTTATCTCCGGTATTAGTCCTCGCCATATACGTATACAGAGGAGTATAAGTTAGCTTAGCTATTGTTAACAAGGAGGCTATGCAATCCTATCGGGGTTGACTCGCCGTAATGTCTCAAAAAAAGGCGCGTAAGTGTTGAGAACACTATCTGGGTTAAGGACATTTCTCAAATTGGACGCACCCTGTCTGCCGCATTCATCAGTGACTATAAATGCCACTCATCTAACAGCTCTGCTTCGAGAGCTGTCGTCGACTCGATTTACGAGTCTTGCATGGGACGGGTAGACTGAAGGGAGCCTATTCAGGTATTCTGAACCGAGTCTTATGGATCATTCCTCCTAGCCTGGGGTGGGCTAGGTCTCGATTGTGCCTTATATTCAACATTTTTGACGTGTCGACCCTCCTAGAAGCTGACATCGAAACTTGTATCGCAGACTTTCTAACAGATTCCCCGATCGAAAATAACACCTTAGGGGTCACACTGGATCCTCAACTAAAAGTACTGCCACTACGGCAGGGTGATCAGGGACATGATTAGCTCCTATTAGGGTTTGTACATGTGTAGGTCCAGTGGCACTTACGACTCGCCTGACACCAAGTTTTACTGTAAATCTTCTCAAACAAGACCAAACGAGCTCGGCGAGACAGTGGTCAGGACTAGGCTGCGAATGGTCGGTCCAGCCCATACAAATGCCAGGGCACAGAAATAGATCGAAGGCCTTAGGCGAACCCTGTCACTAACAAAGACTGCAGTGCACATGCGTGATCTGCGGCTAACACAGTCTGTTTCATTCATCTTCATGAGTAAACCAGGACGTGTTGCGTGTTAGCAAACAGCTGTCCGGACGGGTGGGAATGAGCACGGGAAATCGTCGATACGTGACGACTGGTGTTCGACTTGTCAGGAGATAGTTACAAGCAGCCGTACCGCAAAGCGAACACCGGCTGTAAGGGGCAGATCCTGCTGTATCGCTCTAGCTCCATTGACACATCAATCTAGCATTTCCGTAAGGAGGTTTAATCTAAGACAGATCGTGCTATCAGAGCATCTGTAGCGCGCATCGCGTGGGTAGCTCGCGAGTCCTTAGAGTTCTAACGGTTGAGTTCCGTCTTAAGCCCTCGTGGGGGGGCATCTGGGTGATCCTTAATTGGTGTCTGCGTCCATATGTCTATTTTTGGGTAGGCGTGGGAAATTTATCGGAGAAGTTCAAAAGTTCGGGTTGCTAATATAAGGTGCTGTACCGTGTAACTTAAGACAAGCCTGAGATGACCTTTCCCTTGTTGTCGTCACGACAGCGACGTCAGGCC,1633,48.38,Arabidopsis thaliana
SEQ_162146,TGGAACACGCATTTGGTGGTTTGATGACGAAAAGCCGCTCCATCGGAAGATAAGTATGTGATGCCATCCCAGCGCAAGTGACTGGATCACTTTAGCCTGGGCCTCAAGACCGGACTAAGACAAACTCTAGCGGACTGCGACGCTACCCAAGTACTCGCGCTTTTCGGTCTTAAGGTCGCCTTACATATAAGACGCCCAGGATCGAATAAGAGATAGAACTTCCAATGACTAGCCGCTACCAAAATCCTGACTATCAACGGCCTCGCATCTACTTGATCTAGCTCTCTTCCGGGAACGGTGTATAGTCATTCCTGGATTACGACGCTTGACGACAGAGATACTACTTAGTAGTTGATAGAATGTTGGTCAGACCTGAATTCCCCTTGGTTAGAGGAGTTTCACCAGCTAATCCAACTGTAGGCATGGTTCAACAGCCTTGCACGTTTCGAGGTTCCTGTATATCGGGCACATTGTTGGTATGAGGACATCAAACCAGATGCCCGTATACCAAATCCACCTGGCATTCCGAGCGGAGAGGGCTGAGCAGCGGAAACGCACTAGCAAAGTACGCTTTTTGGAACCCGCAGCCACTTGGAAAGCGCCCGTTTCTCGCGTTTCGGGACTCTACACTGATACCAACCGATACTGAGCATCCTCTATAATTGGTGTCACTCATCCCTCGCCCGTCCGTGCCATGGCATCCTCGTCCCTGATTAATTACGTCACTTGAGCCACCTGGACCTAGCTTCAGGGGACAGCACGGTTGGGCATGACGCTAGTCGACAAATGCGCCAGCCGATGGAAAAATGAAAAATCTGTCTTATCCGACGGGATAATCCTCCGAAATTACGGGTTGGTGGCCCGGACACGGAAATTATATGGATACGTCTATTAGATTAGTTGCGTACGCATGACATAAAATGGTTGTTCCCGGGTACCAATATTATGACGGACTTTAGTACCGGAACTGCCGGCGCACCACGACGTACTGTCGAACTTCAAACAAGGCCCTCCAAGGTGTGCTCCATTGCCGTAGCATGCTTAAAATGTAGGAATCGAAGCCCTATGTGGTCCTCCACGCTAGATCGGTAAACTGTGATAAGCCCTATCTTGTTGACTGATGTACCTGATAGATAGTCGCTCCGTCCTTCATATAAGCGCGATCTAGCCTACGTGCCCAGCATTGAATGCCACCTTAAACTGGAGGAATCACGGAGCTAGGTTCCAGCTATAAGAGACTACCAAGTGAAGCTATCGGTCACTCAGGTAACTCCGCTTCACGACCTCTAAGATGTCAGCACCTTTTCGACAACTTTCTGGACGGTCAACACGGCTACCAAGGGGGCGATACGAGAGGTAGAGATCTTCTGGCCCTTCAGCCGAGTGCCACCATCATCGCTGCAACGGACATTGGGCAACGCATGGAACGGGAGGGTATGAGCTATGCTATGAGCACGATGCGAAGGATCTTGACCATTAGTATCCCGTTACAGGGCAAACGAGATGCATTCCGTGATCCCTTTGTGATCTCGCAGGGGTAGCTGGAGAGTTGGCCAGAGTTGGAGTATGTGGGCCTGCAGGTGGTGACCTATTATCGTCTATGACGCCGCTTGCCGGGGTTCTGCATCGGGGAGGCTGGCTATAGTCTACGATATAAGTGTTATCAAGAGGCCAGCACCGTAGAATGCGCGTCA,1694,50.77,Escherichia coli
SEQ_152041,TCGCTCTTCTTATTCGCTGCGATACTGCGAAGGCGACAACGCTGCCCGTGTGACACACCCCAGAATCCGCGAGATTGCAGAGGAGTACTGAGAGATCGGCGTCACTGCGATGTGTTTCAAACACGCCCAGGCTGCAATTGTCTCTTCCAGGATGTTCCTTACTCCCTACCCGGTCAGCGTTTGAGACGCACTGATCTCCCTTAACGAACCTATTATCGCCACCTATGCA,229,53.71,Escherichia coli
SEQ_735268,CTCCCTGCACGGGGAGATGAACTGTCTTCCGATGGGTTCTACCTAGCTGACATCTCTTTAGACTAGCCCGAGGAGCGGCGGCATCTACCCACAACCCGCGTCGAGTCAGCTGTTGAAGTAGTCGTGGCACATTGATTGACCAGCCGATTCGGACGGGCCAAATATGCGAGGGTTTGACCCGTGACTGTGTTCATACACGGGACCTTTGTAAGGATTGTCTTCTCTGACGAACGAGGCGTTTCAACGTTATGATGAAATCCTATCGAACGATTGCTTCGGATACCTTCGCGATTGCCCTAACCGAAGGCGTTTCCCGCGATATTTGGTGGTAGCATTTCTTCGCGGGATATCATCTCTCGATGTCGGAACTCCGGCTAGATACCAGCTAAAACTGGACGATAATAGATTCAAATTGAGGCCGGTCGAATTGTACTGTACCAGTAGAAGTCAAATGTGGAAGTCCACACTCATTCATGTAGCCGCGTCAGCGACAGCGCTAATCGCAGCGTCCCTAGAGCTCGCGTGTAAGAATAGGGTGTTGATTTGAAACGCTATTAATGTACGCCCCGGCGAAGTGCTTGGTCGACGGATTTACAGTCCTACTGTAATCGCATTGGGCAATCTATCGATGCGGGGACG,639,51.02,Homo sapiens
SEQ_286938,TTGGACCTATCGGGCCGGCCGCCTAGTACAGCGTGTGCAACTAGATGTATTTCGCAACCTCTTCGCTTTACCCATCACCGCCTCACCAGATGATCTCCGGTAAGATTATACGTAAATTTCAATGTCATTTTACGTTGGAGCAGACGACTCCTGAGAACTAGACACCCCCAATAACCTACTTGGCCTGCGTACACATGCTGTGGTTATCGCTCAGTCAGACACGTAGGACGTAGACGGTACACATTCAGGAGTGATACGACCTAAACTGGAGTCAATGCGCTCGCTGCCGCAGCACCTTTGATGGATATGCGCCTGTCGTGCGCTTTAGTATGTACATATCAACCCCCCGTTCCATATGCACGAAGTTGTAGGGTGCAACAGAAATAACCGGCAGGTTGCTGCTGGACCCGTAGGGAGCACGAGGAGTGCCAGGCTCGGCTTCCTCTTCGTGCAGCATTGGTGAACAACAGGGTACACCTTGGTTATTAATGACAGGTCCTCGAGGGCTTACTTTATTCTATTGATCTGGACGTAAAGGTTGACCTCTTGGGCTGACCGTATCCCGGATAGCGGAGGTTGGGCCCATGGTTTCGCGGAATGTGATGTCGTTCCCCGGAATACAGCCCATCCGAGTTGAATCCTCTCTCTTACGCACCTGATACCGAGGGTCGTCGTTATGGTCGGTAACCTTGCCCCCCCGACTATAGTACGTGGCACCCCCTACGAACTTTCATACTGGGCGAATAGCATAGAAAAAAACACAGTGCATTGGTAAAGCGCGCTCGGGTCCTCATTCAACGTGGATCGTCCGGCTTCTATAGATTTTCGACGTTGCGGAGTTATTTGATTGACTGCCCCGTAATGAGCCTCTCATACTTATGGCTAGTTATCCATAGGATAACAAACTTCTCCATGCCCACAAAAGGGTCTGGTACGCTCAATGCAGGAGGTCGCAGAAGAGGATAGACATCTGTGTCTTGGAGTGGGTATACGGTAGCTGGGCCCAGCCTACTTTGCACTAGGGACCACAATCAGAGACGAGTGATGCGGCCACAGCACTCCGGTCATATTTTTACGGCCGTACTGGAGTGTTTTCCGGTTATCCGAATTCTGTTGGACTCCATCGCCTGACCTCCAGTGGGATAGGTGGTTTACTCATAATCAGCTTGTGCTAAGGAGGGCAGCTACTGGTGCCCAAAGCGCGCTTAAGATCATCCCTGTTCTCTGTGCGCACCTACGAACCACTCAGCAAAAGCGTCGCGCCCTCGTTTATTTAGCACATCTCTTTACACCGATGATCAAAGTGAGCATTGGCGCATCCCCTAGTACATTGCGGGAAGATTACGCGCCCACTTTGTAATGGTTTTGGGTGACTGTCTTTTTCCCGTGGTATGTCGGCGAAACTGAAGCCGTTGGAATAGTTTGGACCCAGGGAGTTCAGGCGAGGATGCATCTCCTGGAGGCCTACAGCGTCGCCTGATCCCAAGTCTTCAGGGAGTGACCCCCCGTACCGGAATCACACTATTGTTGAGCGATCGAGTGGTCGATGGAAGATCGTCAAGGCGTGGCCCAAAGAGACTCGCGCTCAGGACACGAGAATTAATAGCACCCGTAGACCCCCGGTCTAACAGACTAAGCCGGAGGTGAAAGCGAAACCGATGTCTGGCCGCCCCGTTATGTTCTATCTTCGGACATTTTTACGCAACCGATCATTAACACGGGCGCTTTAATACTCTTGGCCCATGGAAAGGCATTGTGAACGTACTACACATACCGAGAAATCCACACGGCTCT,1794,51.67,Drosophila melanogaster
SEQ_883731,GCGCGTCGGCTGTTATACGGTACAGCCGGAACATTGGTTTACAATACTGAGGCCG,55,54.55,Homo sapiens
SEQ_103700,GAATTGGGTCTCGACCCCAGCAGTGGGGTTAAGCCATCCGCGCCATAACAATTAGTTACCGTATTGCGATTAGGCAAGATCGGAGGTCTTGTTCAAGTGCCGTCGAAATATACGCAACACCAACTACAGCCAGGGGCTTCCCTATGAAGAGGTTAGTGTCGACGCCGCATCGGCATCCCTGAGTGTATGGATTAGTGCGATCAACCGTGGCGCTTTAACGCGCAGTTTATAATTCGGAGCCCTCCAGTTCTATAACTTAGTGGGTCCGCACCTAGAAGGCCCGGCCATAGACTTAGGTGAAGGAAGGACGCAACCTAATAGTTCAGTTTGTTCAGTAGACATGCTGCCGTGTAGGGCGCCATACTCTAATCTATCGACAGCAGAGGAAGGTGCCGTTGTGCCACGGTTACAGATTATTTACTACACTTCGCCCCAGGGCTAGGTCCCGTAGAAATGTGCTCTCACAGATTTAGAGCGCTCATTGCAGAAGGGCTTTCTGAGTTAAAACTTTGAATGGAGTATGGTTCCTTCGTCCTTGCTTCCAGATGCACTCAATCTTTAACACTGTACGAAACATATTGGAGTTTTATTTCATCAGCCCCAAGCCCCTTCTGTTGAGCTTTGATTAAAAAGGCGTACAATATACCGAATGGGCATTTTCTGACTGATTGGGCCGGTCCGTTAGTATATGATGCCCCAGACCGCAATAATAAGTCCTCCCTGCCCGGTTGTGGGTCAGAATAGCTCTAAATGGAGCGACAGCATAATAAGTAGTGTTTGATTGGAACACAACATCGCCTGGTAATAGATCCCACGACTTCATCTCTGGAGTGCTGACTTGAATATGCGATGGTGTTGAGGTGTTTCGGATGTTATAGCAGCACAAGGTGCCAGAGAATTTGATTCGCAACCCAGGAGATCGGTAGATTCGAAGGCTACGCTTTAGCTACATCGAGGAGCCGGAGCCCCTGCGACCGCACAACAGGCTAGATGAGAAGCCCTCGGGCTAACTCAGTAGCATAGACTAAAACGTTCCCCAAACGCGTGGAAACTCTAGCAACCCGGTAGTCATTTAGGATCTGGATGATACCCAGAATTTCCTCTGGTAAAAGCCCGAGCCGGGGAACTTGCAGGTAAGATACCCTCTGGAGTATAGCTAAACTTTCCAGTCCCCTACTGTTGAGGTAGCTTCCAATTTACAGGCATTTCCTAAGTAACATACACATCTAGGACAAAGATGCGGTTGAGCGGATGTTTGATCAATGGCATCCTATGTGCCCAGATTAGTGTTGTAGTGACAGAAATCTTTCAATACTAGCACCACCGGCACAACCCGAGTCAGACGATAAATGGGCATATGCTAATCGTTCCGGGCAAAGTACGCCAAACAGGACAGACTCGGAGCTCAATATGGGACGGGCGCTACGTCCCAACGGTGCTGCGACAGTGCAGGCCACTGAGATCACACGAGCCATTCAATGCATACTATGGAGATTAAAATATGCACAGTCAGAGGTGGACTTGCCAATAGAACGTTCGTTCTCTGTCTAAGTATGGATAGATCCAGAAGCCCTCAAGCCGGATGCCTTATCATGGTAAATAATCGTCCATAACCAACCAGGGCTGTGTGTCGGTGCGACTCGTCATAATCTAACAGGCTCT,1662,48.56,Saccharomyces cerevisiae
SEQ_282657,GCTGTGACTGTTGTACCAGTAATCAGGAGAGGACCGAATTTGACAAGAGTTGATCCTATCACACTGCTAACTGCGTAGTGACATCGCACAAGGGGAAGAAAGATAGAGCATACAGTGCGCGGCCACTACACAAGCCGTCGTTGTTGCCTATTTTGAAGTCGCGTCTCAAATGCGAAGGCGCTATTGCTTCCCGCTTACTGGGACTTGTGAGTAAGCACGTACGGGCGTCGAACGAGTCGCCGAATATGTATATGCTCTAAAACCGCAACCAAGCCCTGCCTGCTCACTCGGTGAGAGGAAGTTTGGGTTCTGGTTGTCTGATGCCAGGCCAGGACCCCATATCAGGGCCCGTATAAACGAGCACGTCCCAAGGCGGTACCCATTCGAAGACTCAACCGCGGCAAAGCATGTCTTTCTCAATATCCGGCAGGCGATAGCCTCTAGTCAGACTCTGGCTTGTCGCTTGTCACCTACATAGTTTTTACAGGAACCGGCTGGGCTGATCTCTGGGGCCACTTCTGTATTTACTCGAGTCTTACCGAATACTCAAAATATCCGCAGTTTAAGCCAAAGACTGCACCTCGTAAGCTGCGCCGAAGTCTTTACACAGGAGTTCACGAAATTTTAAAAAGCAGGATGTTGGGAACATGTGTTGGTCTCTCATCTGCGTCCTACCCAGGACTCGCCGCATGAGTATCTTTTGGGCAATACGGGGCCGTACCATCGGAGTCACTTCCGCCCCCAGTGTCACAAACTATTTACTAGATATCACAATTGGGATATGACGTGCAGTGAACTCTACGTGGACCGCAAACCGTGAAGCCGCCACAACGCCTGGGTAGAGGAACTTCTTGAGCTGGGACAGTAGATGAGCCCCATAGCAGTCAGAAGCTGGGTTTCATCCTTCATTACTGGCGATGCATGCAAATATCAAGGTATTGAGCTTACTATCACTATCCATTTGAGTCTAAAGAGTGAGCCGTGTTAATTCCTAATTATTACATGGTTTGGCGCTTCCGAATGTCGGACCGACGTTGCGGACATATGAAATTTTAGAGCTGAGGCTATGCACCTG,1075,49.77,Saccharomyces cerevisiae
SEQ_740436,TGGACGGGTACTGATGGGGCGTTATCAGCTAGAAGCCAACCCTGAAGCGGCCTGAATACTGATCGAGTGCGGGTACTGAGGAATCACTGCCCGTACGCACGCTATAAGGCAACAGCGAAACTGCTGAAAACATCTGGTAAGTAGTTGCGCAAATGTATTCGCACAATGGTTACCCCCACTGGATATGGAGGTAGGCGGACGAGAATGAAGCTCTATTCTTTTGTCCAAGCGGTTCGGGCAACTCGGTCCTGTGGGGGGGTGTAAGGCATTCCATGGAATTACGACAGTGGACCTGTGCCGACGGCTCAACGGGTCCAAATAAAAAGGGTATTCATGCCTAATGAAGCAATATTCCTTAGGAACGACAGGAAATTATTGCTCGGAAGTCAACTTGAGACCCCGAGTTCACGACAGTGTCCCCTACAGGATAACGCAATATGGCTTGCGCGTCGAATGCTCACATTAATTACCAGTACACTGTGTCTTTTGGTCTTGAACCCGTCCGTGCTTTCCGCCTGACCAGGTCAGACGTGCAGTTTCCGTAAGTTCATAATAAATCACAGGTCGCGGGTGTGTCCTTGCCACTGCGGCCACAGACTAGTGTGGGGTAACATCGGTTGAGCGTTTATTTGAAAGCAGGCAGCGTAAGCAAGCGAGCCAGCGGCCTCTATCGTAGTCAGCGGGGGATAGGTGCTCCATCGTGCTCTATACCACTCTACTTTTTATCCAGCTTGATCATACCCAATCCCGTAGTCACGCGTGATGTGGGATGTGTGACCCCATTCAGTTATCAACCCGCTCGTCAGCGCCGCAGGACTGTTCCCCCATGTAGAAACATCTTATACCTCTAAAAACGGGGCGAAAGGCTTTTTTGCCGGGGCGCGCGGCTGAGCAAGGATTGAACGGTTGACCGAATACGTACGATAGGGCACCAGTGCAACCATTCGTTTAAACATTGCTTACGATAAAGTATACACATGATTCGGTTCGGGACGTTGTCGTATGGACCGGTACAAAAGCTCCCAACGAACACTATTTATGCTTGTCTAAGTGTGCTTGGGTCTTAACTCGAGGACTAACGCAGGTAAACACGGTGGCTCGCGCCGGTAACAATCGTGAATGCGATGGCCCAATGAGACTGACTCGAATTCAGAACTAGTCGATTGTCAGATCGCCGACGAGAACTCCCCAAATCCAGAAAGGGTAAGGCAGGCTTGCTTATTCATTCTCACTGCAGCCGGAAATAATTAGGGTCCCCGCTGTAATAAACTGGTCATGAACTTGGCACGGGGGCAGCAATTAAATAAATGAGCATAGTATAATGGACCGCGGACCGACCTGTGTCCGGGTTATCTGATAGAGCCATGTAGGATCGAAGGATATTTGATGTGCCGCCGGCGGTCCCCTAGCGATCCTTCAAGGGCATTACAACAATTAGGATACAGCCTCTGAAGGTACTGCAGGGTCCTTTGAGACGACCATGTATTATTAGCATTGACAGTCAAGTTGGATAGCGGGCTATACTACGTTTGTGCAACGGACCGTGTTACGGGCACAAATTTGCTCACGTTGAATCTTTATTAGCGTCGCCATGATAAGTCGCACCCGTGCAAAAGTCGCGGTAACTGCCAAGTCATGACCCAATCGAGGGGCCCTAAGCTCCGGCCGATGTGAGCTTTCCTCTTTTTCCCCAGCAGCACCTCCCTTTCGGGGCCCACTAATCGAATGCAAATGAACTGATTTAGTGATCTACCGTTTTCAGAGCGGTGGTTCGTGATACGACGCATCGCAACACTTATACGTTTTGCGCGGTAAGGCATTGAACATTAATTCAGGTCCAGAGTATGAGTTGTGCTTAGCATGCGAGCTTCCCTTTCAAGACTTCGTTAGCCCCCGGTTCTGTC,1904,50.26,Saccharomyces cerevisiae
SEQ_448497,GTGTTCTCCTCATAGTCCCTATCCCGAATAGCTTGTGGCCTCGAAGCCGGGTCATGATTAATAGCGCTCGCTATATGATCTGGATGGGCTTACGATAATATATAAGGCCAAAAGGGATCCAAGAGGTTCCTAAAGGGAAAAGGGTTTTGAGGCAAATATGTTAAGGGTCTCAAGCCACGTCTTGGTGCTAACCCATCGTCCAAAAGCTCTGTCCATATTCTAAATTATTGGTTCACGTTTCCCGCGTCGCTTAGCCCACGCAACTAACTAGCAAGTATGGTCATTACTGAGACGCACTACTCTGCTAGAGCTGAAACCCGTATCGTCAACGGAAATAATCCCACCGACATGAAAATTAAATTCGTGAGCAACATGCTGGAGACCGCCAGCGGATAGAAAGGCTTGCGTGAGGTAACCTCCGAGTCCGCGAAGATTAACCCCTTTCTGAATTGATCACCTTTTCATGTGTGTCTGGAAGGGCCCAGGAGTTAATCCCCTGTGTTGTAATTGCGGCATCCACCAGTGCCTACGCAGTGGAACGCACTCTACTCTATTTCCAAGGACTTTCCTTGCGCAGGGCGTTAGGGCATCGTCTCGAGTTGGAAACCGCGACCAGGACCCGGGGAACAGACCCCATATATTTGAACTGACGCGATTTAAGTTGCCGCGTGAGAATCGCTAGTCCTAACGGCAAACAACGGTCTAGGGGCTCGAACATATAGATTATGCTGCGTGTGG,738,49.19,Drosophila melanogaster
SEQ_814061,GCCCCAACGTCATTCAAATACTAATCGGTGAATACCCCCAAGAGCCTGGTTTATGAGGGATACATACACTAAGGGCATTAGCCTGTAATCTAACAACACCTTGCAATCGACCTAGTCCTAAGAGTCGCTGCCCATCGCGCATTTCAAGTGGTTTTCAAACATGCGGTAGTCTCTGGTGGTCCCTTGCCATTTCAGGAGGGCGCGGTCATTGTGATCAGTATCTAGGGTGCGTCTGGAGACATAGGCGTCACGCGTGTTGAAGGCTTCCGCGGGGCATGCTGGTAAGGGGTCAGGGGGAGTGGAGCCTATCCATGTTTACTTGTCCCGGAATTAAGCTACATTAGCCAGCTCCCGAGCTTCATAAGCAGCATCCCTTTATAGAGAAGAGTCGGATGGCGACTGAGTCAAACTGCGGAGACCTCCTAGGGAGCATATGCGTCAGAAAAAGTGCCTGGAAGGCCGCGCGTGAGAGACAGGACGGTAACGCCCGCGGTCCAACACAGGGCCTCATACAGGGCAAATCCGATTTTGCGAAAGACCCCGCCCCAGGTGCTTGCGACTTGGCCTCTTATTAAAAAAGCCAGAGGGTAGTGAGATCTGTACCTAGGCACGAATGCAGCGTCCTCAGACGGTTCGGCATCATATACCCTTTCGGGCCTCGGGTGACAAAACTTAACCCGGCTTATCATTGTTCTGAACGAGTCGTCGTCGGATAATAAGCCACCTAGCGGTGCTTACTGTTCCCTACCGACCCGGCTTTTCACTCTATAGGGCTGTGCTTGTCGTGCTAAGAAGAAATGAGGGTTTTCACTACTGGAGTTCCTAAGGAGTCGTAACGGGGTAGTAAGTAATATCCCGCGCAGCTTTATAACTGACTGTTACGTTGCTCGTTTGGGCTTTTATCATTCTCTTGGTGGACCCTTTTCCACGGCCTGTAAAACATCTGATAATGGCATTGTAAAGTTAGGCGGTCATCGACATTGCCGTCGCCAAGGGCAGAACGAGGTAGACATGAATGGAGACGCGGTGCACTTTTATCGTAGAATACTGGCGCCCGCTTATTGGCGAGGGACTCGCGAAGAACAAAAACTTTTCAAACAAATCTCCAAAGTAGTATTCGCTACCAACTCGACTAGATGGATGAAGCCTCGGATCGGCTGTCCCAGCGGGTGCTATCGCCCCGGGCGGCTTCACGGTCGCAACCTACTACGTTTAAGACAGCCGAACTACCAGGGGATCCGTTTACCTTGTAGAATCTCATCTCGGTTATTCGTGACCTCTTCCAAAGTCATCATACTAGGTACTTGAATAGTTACCTTTTTTTAGCGTGTAAACCCTTGTTTCACACTTGCCTTGCGAATCCGCTCAAAGGACATAGCTAGCTTCGGCTATTTTGGCATTTGCTCTAGCATGCGTCTTGTAGCTCACCCAAACTTACCTCTATACACTTGGCCTCCTTAAGCCTCAAGCACAATCCTTCCAGCTTACTGCGTATATAGATTGTCGAGTCATCCTGTATTGATCACTGACGGATCCTCTACCAGTGATGTCGCTATGACCGTTCATGCTTAACGAGGAACAAGGGGCTCGGGCTTCTGGGTGCCGGCATGCACGGAGCC,1619,50.65,Caenorhabditis elegans
SEQ_390386,AATGGCGTCAAAGCGGGTCACGTCGGAGAACTGAGCTGGATTAGCTGAGGCACGCCCTAGCCCACCCCGAGTTTCTAGACGGTGAAATGCGGGCCCCGATATGCCTGCGTTCGGTCTTTGGACCCAGCCTTACATATCGCATCTGGGGGTACTGCAACTTACCACGGGCACATATAGAATGAGCTCTTTGAGGTGGCTCGGAATATTCGATTGCCTATTAGGGGGGTTGTCTTAGTGTGGCGCACATTGTGTGGGCAGTATCCTTCGTAAACTGTTTTCGTGACATAATAGGAAGACAGTCTGTCAATTACGGGTCTATGCGGGAGCAAGACTTATTACATCGGTGCCTTCCGGTGACCTCAACTGGATTAGGGGGTTTCCCTGCGGCTCGCTATCTGAGGTGAACAATTGCCCAAAGAAGAACCGGCCATTTACACGTGCAACAGACACAAAATTTAAGATCACGCCGCCTGACCCAGGTTAAGCCTTTGTAGATGGAACTAATAAGTCCAATGATTCAATCTCCGGGCCCGGCTAAGCGAATAAGAATAGAACGACCGTCCCGCCGAGTGCCATAGCTTAGTGTGTAACCGGAAGCGGTGAAGAGCGCTGGCCCGTCCAGCGGTGTTCTTACTCGGGCCATGTATTATTGTCAGTGGGTGTCTGACGCAACTCTAACAAATCGGAATATCGCCTATACAGCGGGCGGACGGCTTATAAAAGGTGACCTCCATTGAATCATGATAAAATGGTGACCTTAAGCAGAAATTTCTCCGGACGCGTGGTCGGTTGAGGAAGGACGGTATAGTACGGAAGGACAATGTCCACTGCTCGATCGAGATACACGCCTTCCGGCGCATTACATAAACCGTCGAAGTAAAGGAGGTGATTTGGGTCGCGAAGGGGCATGGCTGTGCAGTTTTGAAGGAAGACTGGGCATACTTGCTTACTAAACAGCATGGCACACA,968,51.03,Escherichia coli
SEQ_994125,CGGAGGCCAAACCGCCCGTTCGTCGCTTTCGATGCTGCATCGGAGAAGACCCTCGAGAAAAACACCTGTTGATTAACCAGATTACCGTGATCCATGGTGGTGGACCCTGGGGTATCCGCAGCAAAGTAAAAACCCCTTACATGCAGCAAGCCACCTGAGATCGCTACTGTAGAGGTACGGTCTCTGCTTTTCGGTGGGGTTTAAGTGACAGATATAAATACTTCGCTAGATATGACGGCAGGGAGTGTGAAATGTAACATGTCTCGGTCTGATCAAACGGCCTCACAAGGCTGCTGTCAAACACCGACTACTTCTGTACCTGGGCTCCTGATCATCTTTCGCGTCTCCATGGATTTATTAAAAGCCGCAAGTCGACACCTTGTCAATCGGGGATTGTCCACCTGACCGGGGTTCCGTATAGCACACACTGTTCGCGATACGGATTCCGCTGTCTTTTCAAGCCATTAATGTTTGGGTTATCCATGTGTACCGGGCCGTACAAATGGTGCAGCTTATCAGGTTCCTTCAAGACTATATTTGTGAAGGCACATGATTCTTGCATACTCTATGTCAAGAATCTGACGAACCTTGGCACACTTATCCACTCTCGGGCAGTAATCCTTGCTTTTCAGGACTTATAGAGTTGGTAGTTGGTCCCCTTTCTCGGCGGACCGTAGATAGTTTGATGAACTATTCCACCAATCCAATTCAGGCCTCGCGTCGTAAAGAGTCAAGAACTTCAGCGGGTGGCCATCTTGCTCTGGAGAGATTCAACAGTATCGAGCAATTGGTGACACGGTGTTGATCCGCCCGGGAACAGTGATCGTATGTTAAATCTTTGTATGTCGCGCTTATTGTAGTTCTGTATAGGCTCTGAAACCGTCTGATGTAGCTACTAAGCCCCCTGTCCCCTTAGCCTACTCCGGAGGGTATATTAGTCGACTTTCGGATTGTCAACTCATCTTTCGAAATTATCTGCGACAAACATAGTTGCATCCATCAGGAGCGTTAAGTGTTACTAGAACATCAAACACCGTCTGACAGCGTAAGCGCTTTTACATTCTCAGCTGTACCTGAGCCACCCACGTGCGATTAAGTAACATCTCACGGAGTTTTGTCGATTTGGCTGCCGATCGGAGGTAGGTATCGACGAAAGATGTCACATGTATCCGCCCACATATTTCACTAAATCCTTCGCGAGCCATATAGTAGTTCCCCGGCTAGCTAATACTGTTGTCTGCCCAGGATTGGTTAGTAGTCTCGCAGGGGATTCACGACTTTCTAGCCTATGCGAGTTGTTTAGCTTCGTTGCAGAAACCCGCAGTCGCTATGTCCGCGCAGCTAGGTGGTTCCAACTGACGGAGAAAACATGTCTTCAAAGTCAAGTACCACCGTGCAAAGTGGCCTGGGGGAGGAGATGTCTTGTAGTCAACCTCCCGTGCTGAGCGAGGGAAGAAAACGCACCGCGATATCAGACGGCTACGTACTCGGTTGCGCCAGACGGCAGCCGGGCGAGGAAGACGAATTGTTAAAAACCCAATGAGGTGCGTGGATCCAAGCAAATGCCAGATGTCACACACATAACGGAATAGACTCAGTATTATTCACGTGGTGCCTATGTGCAGCGTGGTAACCTTAACGGTACTAACTCTTTTCTGGGTGGCGACATGCAGTGGAGAGCAACAGGGGGCAGATTGGGGGCCCACATGGGCCAATGATAACATCAATAGCTAGGGCAACCGCGCCTCGTGGAACCAAAG,1760,49.49,Saccharomyces cerevisiae
SEQ_429947,TCTGGTGGTAATAGATACCGGTCGTTCGCTTGGCCGATGACTGGTGTTACTGATGACCTCCATAGATGGGGGCCCGGCTAGACATCTTAATACTGATGGATATTCACCCAGAAAACCGTTTACCTTTAATGATCTAGGAAGGTCGAGGGTCGGGATGACCGAGGTGCCCGGGCCGAAGTTGAACTGGGCGTGCCTCTTTTTAACCAGACCAACAAATTGATTTCTAGGGATTGAAGTTTACCGGTTTGGTGATTCACTCTCTTAATGGTTTGTCATCATCACTCTTGGAGGGGTGGAAATATATTGGCTTTTCAATAACGTCGACGCCTGCGACTATAAGCGTTGCGTGAAGCACAATGTTTCGGGCGGGGCGCCCCTTTGTATGTTACATAAATATGAATTTCTACGCGAGAATTATTGCTATCGGGACATCCTGCGAAGTTTGGTCTTACAAGACTACTGGTTATCTCCGCCCGTTAGAGGTGGTGCCTGCAAAATACACATTGTTGAAATCGTGACATGGTCACGTGATAGACGTACTAGACTGCTCCATCGGACAAACTGGCCTACATACCGGTGCCAGGCGTGCGCGCGGCCATCGCTCAATGCCGTCCACGTCCGCCGCATCAGGTGCTGATTGAGGTCCCGCAGTAGGAGGCAAGGATATCCTGGCGTTTTTTTGGCCCAATACTACAATTGGCCGGCGGCTGCTGCGCACTCTCCTATTTCTGCCTGAAGCGTCCACGTCCAGACTAGACACGGGACGGGGTTTCAGCCAATGTCTGTGACCTCGCGAGTGCCATCAAGTCGACGAGCTTGACTTAAGTTTTACCACACGAATAGGCTGTTATGTTGCTCTCGAATCTCTTGGTTGGCAATACTCGATATACCCGGTAGCCTTTAAGTTGCCGAGGTTGGCGCACGTTCGCCCGCTACCGTTGTTTTACGTAGGGGTCCGCTGGTTTCGACGCTCAATACGAGTGACTTTCGACCTCGTGGAGACCGTCCGAAATTTCTGTAACCAGAATGTGGGCCCGTACACTCTAACCCGGGCTCGAGAATCACCTCCTCCAAATGCAGCCAGGCGCAAGGCATGTCCTCAAGTGGAGAATTACAGCTTGTGACACCCAAGATTCCTGTGTCCTGCTTTACGGAAGTTATTCGTCGACTATTTTGGTGTCTTCCCCGCAGTTTGACTATCTAATATATTCGCGCGCTACATTCGTCCACTGA,1233,50.77,Caenorhabditis elegans
SEQ_336339,CTAATAGGACTCTACCAGGTATAAAGTTTGGCCCGTATAGGGCTGCCATATGGGACACTGCAAGTTCCATTCGCCTATCTTTACAGTTGGAAGCCGTGAACCCGGGTGACTATCCCCCCTCACAACCATACCTCGCCTAGCGAAACTAGAGAACATTACACACACTTTTTGCGGCTACTTCAGGCCCAAATGGATTTCCCCCCCGTCGTAGGACAGTCTATAATTGCCACGAAAATTGGTACAGCGCGATTTTAGTACCTCTACGATTGTACTTGTCCTTCTGCGTTGTTCATAATTCGGCTAAGATATCCAGTACAACTCCGCACTCATTGGTGCCCAGCATTATTACGAACAGGGGTGCCCCGGGATCTGGATTTCTGTACGCAGGCCTCAAGATAACCGTACAGTGGCTATGGACTATTCTGGGCCAT,431,48.96,Mus musculus
SEQ_692397,TAGTCCAAGTCTGGCGGAGCTTTTTATTTCCAGTATTGGACGCGATCTGAGCATTTGCGCCTGGGTATGGCACCGATTCTTGATAGCGTAGTCGGGCAAGGGGTAAACGACCGTGCTCCTCTGGTAACGGACCAACGAATGTCTCGATTATATACTAAAAGCGTTGGCTCCGGGCATCTTAGGAGTTCTAAGCTTCCAGAAGTTCTGTTTTCCCGGAAAGGAATATCGAGGAGGAGGGTATTGGAATGACGGTCCACGTTGCCCCCACACGTTGAAAGTTAGAGGCAATGACTGAGACCAAGACTGTTTTTGTGGACGGTTAAAGACCCTCATCCGAACCAAACGAGGGAATCGATAAGACATGCTGATGTTTTACGTTGTTGTCAAGATCGCTGCGAACTTCGACCGGAGCGGTGAGAGCCTTCTGCCATTATAGTGACACCTATGCCATCTCTGTCACGGCCCTCATCGGATCGGGATACGATCCGTGCGTAGTCTTCCTAGGCCTCCACCAGGAAGGTGCACTTTCTTAAGAAGCTGTGGAAATGCCTATCTCATAGCACACTCTTGACCGAGCCTTTACGATCCTGCCGGGCGCGTAATGTTTGGTACGGCCCGGAGTAGAGAGTGAACGCCTTTAA,641,50.7,Mus musculus
SEQ_693117,TCGTTATGGGAGTAGCGAACTCTGTAATTTGGGGCCAGGTACTACGTAAAACAGTGTATGGAGTCTGGCTAATCCGGTGTAACATCCTCTATCCCAAACTTCAGAAAGTGTATTACGCTCGCCGAGATCTGCGCAAATCTTGCTTCTGCTAGCCGCGTTGATGTGACGCGCGAATTCATGTACACCTGTTCGCGGGGTGCGGGAAGTTAACAAGCGATAGACGCCATCTGTACAGCATAGGAAAGGCTGGTATTGCGGGCGAACTCCGCACACCCCTGTTCACTAGGGATGACACCAGCAGACTCGTGCCTCGGTGTGTAAGCTGCGACACTTCGACGTCTATATGAATGGAGGCCACGAAAGAGGGCAGGCCTTCCGACAAACGTAGTTTATCATAGAGTATCCCCCTCTGTCTTAGTATTGAGTCATTGACCACCTGCATCGCTGATCGCTGCCCATCAAATGAACCCGCCATAGTCGGACGCAAACGATTGACGTATTGGATTCCAAAACGGGTCAGGGTATCTAACATCGTTCTAAAGGGGAACACTTTGGGCTAGACTTTCATGGTAAATAACCCGATCAGACTCCCAGGGCCGAATAACGTACCGTAGTCTCAAACGAGCCCCGTAGGGCGACCAAGACCCACGCTAGCCAGGCACGCACATAAAACACTGTAACTCTCCGTATGGGTACATGACGTGTACATTTTATGTAAGCGCTACCAACCGTGGGTAACCTGAGCACAACTACATGTCACAGGTAAGCTCGGAACTTTATTGCCCCACTTCGCCCACGAGTGCGTTCAGGAACGCCTGTCCCACGGATGGGTGGTTCCGATGAAGATTTCTCCCTGTAATCCAAAGAGCACCCCAGACTCGCATTCATGAGACTCGGGCACAGCCGCCTGCTGCGGTCTTTTCGTGACGGCAGGTATCGCGATTCCTTGGAAACACTGCCCGATTAACGGACTCCCCCAAGTTCCGCGATATATGTTGGGGAATAGTGTGCAGATGCCAGGTAGTGTGGATGTTGGAGTCTTGTTGAACCACTAGCCATACCGTCATCTGGAAGCAGAGTTCAGTGGGGCACGATTATGCCGATTATATCTGTCAAGGTCGCTAAGTAAAACTATACTTGTAGCAAGGGCATCGCATTAGAAGACTGTCCACGTGCATCCGAGGTTCTGATGAAAGTGATCACCGATAGGATTGAACCCACCCAATGGATCCCCTCCATGCGTGCAAATGTCCTAATCTCGCGAAAATAAGGGATCTAAATCGTAAACTTTCAAGTCTTACTTCGGACTGCGCTGCTTTAACTTAAATTCATGAGTTATAACCAATATAATCTGTCGGCCTGTTATTCTGACCCCGATGACTAACGCCGCCGTTCTGATACAGTGACCATCCGGAGGCGCTTTAGTCGGCTCTACGTAAAATCCTGTTTGAAAGGTCGTACTGTCACGGGGATTATGTGATTCAGGTACACGCCCCCCCTACACTTTGGGAAGCAGGCGCTCCCACCCGGCTAAGTATACAACGGTCCTTAGGGTTCAGCAGTGGAACCTCCCAACGGGAGCAATATATGTCCACAAGGCGCGATACTGCGCTCTTATTGGCATATCATAAGCGACTAACGCCGGCACACTCACGGTTTCTTTCTAAAAGTCCGCTGGTGGGCACGCCTGGGCTGCGAAACTCGTATCTCGATCGGTAGGTTGGGTGCAAGAGCTAGA,1738,50.75,Drosophila melanogaster
SEQ_484852,TAGATTGGAGTGCGCACGGTCGCGACCTTACGAGAATGTCTCGGTTCAACGCCCGTCATTCAACCTTTATCTTGGAGCAGGTCAACGCCGACCTGTGTTACTCCAACCTTCCCCTTAAGTTGCTCCGAATTCTCTGGAACTGAATTGACAGCGTTGCTCGTGCTCCGCCTTTTCCTGTCAAACTTAGGGACGTGACATACCTAGCACGAGTCATAGCACTGCTAATGTAGAACCAATTCTTATGTCTACTAGACCGTACGTTTTCATCGAGATCCCTGTATACGGCGCTTTGAACACGTCCCAAGGCGCTAAAGTAGTCCCTCATGCTGCTTAAGCACCGTCTATGGTGCGCGCTATTTGGTCCTTGTCATATCGCATCCAATAGAATAGGCCTACCACTTGTCTCAAGATCCCCAAAGACCCAAGGCCTATATCTGTCTAGTGTAATATGTATTTTCCATTAATATGACCTCTCATACTACCCACATGTCGATCAAATAGAGGCACCTCTCCATGTTTATTTTGGTATATGTGAAGCTACATAAAGCACGAACTGAAGTGGTCGTAGGCTGCCTCCTACGGGGCGCAAATTCTCCTAGATGAACGCAGACAGTCGATTATAACGTTGGCCACGGCATGGATACAGGGCTTGCCCGGGCTGCCTGGCGTCAGACAAGCACACATAGTCACGCTACTGGCCCTTTATCGCCACGAGTACAGTTGCCCATCGGCCTATTAGATGTCGTCCGTGAACAGCCTCCGGGTCTGCTTATTTTCACCGGTTACTTACCGCACCGTCAATCTAGTTCTCAGGTCTGAGAATACAGGCGAACTCGCTAGATAATCGAGGGAAGAACGGGCCTAGGCCAGCGAATGTATGGGTCCAGAAGTGGCACTCGAATCAGAAACCATGCCGGAAAGTCCTAAGGATTTTGATGGCATAAAGCAGTTCGTGCGGCTCGTGTTGATCCTTCGCACCTTCGTGCTCGGATGATCACGTTAAGGTCTGTTGCTGCGTGTTCTCGCTACTAGCCCACTTGGAGCTGGACTTTATAATGCTTTGGATGTGTATACCCCGAGGCCTAGATGAAAGATCGGCGACAGTTCGATCAAACCAGTGCGCCGTCGCATAATCGAGACGCATATTGCGTACTTGCACACCGCGTTGCTAAATAGCGATGTGACGGTGCTTCTCCTACGATGTACATAAGTTATACTCCGCGCGATGGGTCACACCTTCTAGGGTTATTGTAAACCACTATAACCAGTCAGTGTCAAACGCGATGGGACTCATGAGAGACCCGGGCGG,1309,49.89,Mus musculus
SEQ_790278,GGTTGCCAAATTTTACCTGATCCCTAAAAACATAACTGCAATGCGCCACCCGCAACCGTGCCAATGCCCAAGGCTGCAATCAATTGCTTAGAAAGTCCTTTAGCCGTAGACCATGCGAAGCTCGATGAGCATATCGACGTGTTGCTATAATATCAAAGTTACATTGGACGCCAAAAGATTGTGCGCGAATAGAGGGCCTGGGTGCTCCAGGTAGAGAACACCCCAAGTCATTCATTCTTAGTTCAAGGAATTACTCACCTAGCCTAAAGTCCTCCCGATCTGACACCCGTGTAGTTTACAGGAGAAGTTTTGGTCCCGGTTAGAGTGTGGCCTCGGTGTTTCATACTTATGATGTGCTGCGGCTTGCGGACTATCGCACCAAAACGCCTTTTCCACATCTTTGGAAATGCCCCCCACCGAACTATACCACGGATACCTAGTCTTGACAACAGTGCAATCAGCAAGAGCGGGTCGTGTGAAATCTAATCATTGGATGATGTACCAAGCCGGGTGTGCCCCACCGCCCGAGAACCCCCGAGACAAACACCCATTGAGCGTCGAGATTACATGGCGCTCAAATTACGGTACCGTCGTGCCGGGGATCGTATTCAACCGGCGTACATCCCGTACACAGATACCTCCGTAGTCCGCGAGCAACGGGATGATCCAAACATCTTCAAAAATGTTCCGGCTCCTGTAATAAGACGGAGCACCGTGGTTAGAGGATAGAACAGCTCTGCCCTGAGGGAGGGAGACACAGAAGGCACGGGTCAGAACCTTAAGTCGGATCTTGCACCCGTTCGATAATGAAGCCCCGTAATCAATAGTAACTTGCCCCTTGAGTGTGTCAAACGGGTTGAATTCCTGATCTATACGCCTAGAACCCTAACCTCTAATCGTCATGCAAACCCGAGGTTATCGTGCAGACTAACCCCTTCAGGTCCCCGTGATCAAAGGGTGTCTGCCACGTTAAAGAGATGCTTGAAATCGTATTATAGGAACTCGTGCGTATAGGGCCTAGATAAGGAAAAGCGCATCTCGGGGGCGGTAGAAGCAGACCCCCACCTACCCGCGGCCTACACTGTATACAACCCTGAACTGCCCAACTATGCAGATATTGATATAAGCTTCTCGGTTACGCAACTAGGG,1149,50.3,Arabidopsis thaliana
SEQ_927989,ATTTTGTTGCGTGACCGTCGTCGAGATTCACTTGGACCTTCCCGAGAGATCAGTACGGCGTTTTAGTCGTTACGAGCCGCATGGTTATAAACCATTGGCCGTGCATGTTGGTGCCCACGTATATCGGTTCTTACACTGATTGGTCGATGAAAGTTGGATTTTCGCTCTAGGTGACCTGTTGCACACCGACCGCTTGCCTGATGAACCGCAAACCATAATGCTGGGGAAGTGATAATTTATCAGGTAGGCGCGAAGACTTTTGGGCGAACGCACTGGAGTTAATTGAGTCCATGAGTCCGGATCCGCCCGGCCCACCTACAGTAGCATTGATGGTAATTTCCATTAGATGTACGCTTCCCAAGTAAAGGTACGAGGTGTCATTGTGTGCTACCACGCCCGTCCGGGCAGGTTTAGATCTATTCAGTGTGCAAGCTTAGCATTACCTAGAGTTCGTGACATAGGATAGTTAATGCGTTCATTAGGGGGAGCCGTACCCAGTCGATAGTCTGTATGTGTAGGCTTTGAAGTTGGCCCTAGAACTAGGTTCTTCAATGTACTGTCCTTGCTCCCAGGATACGCGAGAGAAGTGTTTAAAGCATTATACCAGGTCTGATTGGGGTATGTGTCTGGTTGTAGCCAGATATTAAACATAGGTCGAGTTCTTACCTTGGAGGTAACTCTCCTGTGACCCCTGGATCCTATAGGCTGTGCCGGTCGTTTAACAGTAGTTCCATAACCGATAACACGTGAGCTTAGTAACTATGCACGAAAGGAATACCAGTAGGTGTGTCCAGAAGCAATTTGGAAATAGGTACACGAACAAGAGCTTATTACGTTCCAAGCGACTATGGTGCAATGCGACGATAGTTCCGCAATCTCGTTAGTTGGATTTAAACGCGAAATAGCCCTCGGTCATTGCATCGTCGGCATCATCAGGGGTCCAGTACCAGTAGTAGTTGGAGTTAATCCATAGCTAAAATGTGAAGAGGGACAGCCGTTCGTGCTACTTCTGTTCGCTTGCAATGTATTGAAAGATGGCTGCGACTATCTAGTAGATACGAACATCACCGCTGGTAACGCATTGACTTCGAGATCACAGGTGTAGCAAGTGTGACTGAAGACCGTCTTGCTATAGTGACATGCTTCCGCAGCTGTGCGTTACGTATTCGAAGCCGATCTTAAAGAACACAAGCAGTACGCGGTTGGGACCGTTCAATTCTTGTCCGTCGCCCCGGCCGTCTACAGGCCAGAATAGCGATTGGCTCGAATGTGAGCGCTCTACCTCCCGTGGTCATGCTCACAGCGAGACGCTCCTCGAAAAGAGCCGTGAACTTTGGAGGAATCCAGGGCGAGACAGATCAAAGCGTTCGCCATTGAATTAGTTGCGTGAATTCCAACCACGGAAGATGGGTACACTCAAAGCTTCGTCAAGAAGCCAGTCAGGTTGCCAGACCGTGCCGTTTGACACTGGCGTGCGTTGTGCTCTCGTAGAAACAACCCGAGCGTAAGACACAGGCTGCCTCATATGTGATCACGGCGATACTGACGAAATTCAGCGTGAGCATCGGTTGGTCCGAATATCTCTTCTCCTAAGAACCATACAAGCTTAGTGATGTTGCTCAATCTTGGCTGCAAACGCCGTTTGAACTGCATCTGGCCAACTAGTCTTTAGATAGTACGTCAAGCCTTGCCGAGCCTCTAACCCCCCCTAACGTTCGTGCCTATCTGGCCATGGGAAGTTCCTTGGCCCTTGCGGAGTCATGCCCTAAAGGTCTCCAGCGCGAAATAGTTTTAAGCGTAGCTTAGCGTTCCGAAATTGCCAGTACCGCGTAAGGCGGAACTAACGAGGCACTGATTGCCGTCGCCACACAGCACACGGGGAGA,1884,49.63,Mus musculus
SEQ_457973,GCGCTTGTGTGTCACAAATACGTTTACCTCTCCGTTGTTCAGTTAAGATGGAGGTGCGGTGATCGCAGTAGTCTTGCGTAATTAGCATAAGACTGCTGTGACGACCTCTACGGGGTTAATCTTACACCCGGAAACAACTCTAACTCGCCCAGGGCGAGCGACGGACAGAGTGCGACGCCCCAAACGTTTCTTGGCCGACGGGCTTTCGGGCTTTATCTCCGACCGTGGAGCCGAGCTCAGTACCTTTACACATCTAGTCCTTAGCCCATAGGCAGGCACCGGCGGCTCGACGACGGCATCTACGTTCAGCTACGGCGGACCAATCGTTCGCCAGAGTATCCGGCACCCGAGTGGGCGTATCAACGACACCCACTTGGTCGACTGGGGTAACTCTACCACTTTGGTACCGAAGAACGCACCGACTAGATCAGACAAATCCAACCCCTGGGCGCGAAGATAAGCAATTGTTTCGTTTGGCGGTATGAGAGAACAATGGACGACCGTTTCTACACTCCTATTTTTTGCCTGTGCACTCGCTCCCGGCGCCTATGGTTGGATCTTGTTAAACTCTGACAATTAAACGGACTGCGACCATCAAGTTGTGAGATGCCTCCTCCCGACGCACTCCCCGACGACCGCCTGACGCTGGTTACAAAAAATACGTTCTCGCGTGACCAGGCTGTCTCATAATCAAGTGGCGAAGATGCCAATGTCCGCACCGGGGTTTTTACGCACCATTTTTCGGACCATATATTTTACAAACTATTATGAGCGGTGATCATTGCCAAATACCTAAAGAGCAGGCCGGCGCTAAAGGCACGCTTTTATTTCAGTTACTTTGAATGAGGAATTGTCGTTCGTGTCTGCTTCAACACCCCTCGTAGTGAGTCTTTTACATCCCCAATGTCTGATGCGATTTTTTTATGTCAGGTCGTCAACCGTACACTACGAATTAAGTCTTGTTAAGTGCTGGAATCCTCTAGAAACAATAATTACGGGCTACATGTGTGCAAAACGATCCCGGCATCCCCAACTGCATCAATACCGTACGTACGTTTGGCAATCATGTGGGGCAAAACGAAATGGCCAACACTGCTAGGGGCCCCTACTATGGCTGAGGAACGCGTCAGCAATGTGGCCCCGTTGACGTTGAAAATCATTGGGTGCCCAAAACCTTGGTTCTGGGCTTAGCGAACGCTGTGAAGAATGTTCAAGGGCAAGCCAGTTCGGCGCTTGAGATCCGCCACGTCGGGGTTTCGCGAATCGCTTCACCCCCGATGCAGCCGAAGACCGTAGGGGCCAGCATGGTGTACGGGACTTGCCGACCGTATTTGACTGTTATGTTGGTTGGTCATCGAGGGGATTCCTGAGTCCTCATGCTAACTCCTTAATAAGATGTGCTCCCTGGCGGGCCCAACCATAAGGGAAAAGGACAACCTGGGATCACCGGTGGCTGGCTGTACAGGAATGGCGATCTTCGGCATGCGTTCTTTCAGCGGCTTCTCAAAGTCAGCATTAGGATCCAATGGCTCGGGAGACTTCACTGTAGATGGGGTGTTACAACGATCGTTGGGCTGCCCGTTAATGTTATTCAGTATTCGTCAGATACCCAGCCAGTTAGTTAGTCCCAAATCCGCTCAGAACCGCATGAAATGACTGGCAGGTGTGGGAACGCCGGACGCTAGGTTTTCAGTTGCCTACCAATCGGGTGTGTGCGCGCTTCACAACTGAACTCCTGG,1739,51.93,Mus musculus
SEQ_254249,TGGTTTCAAGCGTGTCGCTTTCCCACTGTTATACAAATCTGGGGGATGGCGCAGGAGTCTGCTGAGACCGGCAAAAATCTTGGGACGCCGGCTCTAGTTGCGCAAAGTCTGTAGCGGGCTGTGTCGATCCAGGCCGTAGCAGCCGCCCAAGTACTTTCCGCGCTGTTCATAGCATCCTGGGCGCCACAAGGGCCCCGGTCTTGGATCTCTAGGTTCCTTGCCTTCTAATAGTTGAGGCACCCCGTCATCACCCTAGACCTGATGCAGGCCAAACACTTAGTGACGGTGCCGTGCAGTCGCAGGATGCAGGTGCGATGATCTACTTTTCAGATGTGCTCTGGTTATAAAAACTAGCTTGACAGCATACTGTTTGACCGGAAACTTTCACCAATCGGAATTTATCATCCTCGGGTCCACGATGGAGAACGTACGCGGATTAATGCTGAGACAAGATAACCCTTTGTATATTAAGGCGTGACATTGACGGAGGAACGCGATCACGCGGGATAACTTTGGTTTCCCGATACCACCCTTCTGATCTGTCTGGTACGGGGGCATCGGTCTCTAGTGCATTTGAAGACGTAGGATGTACCGCTCATCTGGATAATCAAAGTAACAGAAAATCAACTAATGTTTTACGCGATCACTTCTCTGAGTGGGGGGCTAAATTCCGCATTTCAGTCTTATCCCCCCCACTCGGAAACCGCAAGGTAGCGTCCGTGACGCCCGTCCGCGGTTGGGACCGGCCAACG,752,52.39,Drosophila melanogaster
SEQ_173158,CCTGCCTCAGCGTCAGACCCTGGTGGCTAGATTTTGTGAACTAGACAGATCCATTGGCAACATGAATGGGTCGTTTGCTCGACCGAGAGAAGTCCCAGCTCAAAGACGGTTTGGGATGCGGA,122,53.28,Homo sapiens
SEQ_954360,CTGGTGAATCGATGGGCTAAGCTAAACTAATTGTCAGTCTAGGCTTGCGCACAGCACGTCAGGTTACTAGGTAGATTCCTTAGGTTCCAATTAGAGTGTATAAGTCATAGATTGTGTGTCACGTCAATCCAGTCGTCCCAATCTTCCATAGGGTGATCTCGGGCCCGTTGTGAGTATTGGGGTACTCTAGACTGACACAATTGCGTCTTAATGGGGGATCATCTACTTAGACGCAAACGCTCACTATGATGCGCTCTAATTTCCGTCCACTTGCAACGTCAAATGGCATCAGCTGACCAATCAAGATTAGCGGAAAGTTTAGGCCGCTTTACCCAGACTTCCAACGAGCTTCACGCCGGGTTGTCCTCCTACATAGGGAGACCGATTGACATAATCGATACACTCAACCCTGCTGGTTAGATGTAAAGCAAATATTTCCAAAGATAATAAGGCACTCCTATAAAACGTGGCATTGGGCTGTCTAATGTAATAGCAAAAGCGTAGAATGTGGCGCAAGCAATGCCAGGTGGAGTACGAGATGCGTCCTGATGACTTGAGACTCCTGCACAGGTCCGGTGACGCGAGTCTGACATGCCTTTTGGCGCCTACATAGCAAATAGGGCAACTTAACCACGTCAGTCAGCAAAAATGCACTTTGCTTCTCGTAATACGAAAACCCTCAACAGGGTGCACAGAAATAGTAGCTGTACTGTGCGGGCCTGTGCGCTGTTTCGTTGGGAGATAGCCGAACAGGGTGTCGATATTTCTCAACAGAGCATTTCCGTCCTGTGAGGTTGTGCAGTTCCATATAGGGTTTGCATCTGACGGGCCTTGCATAATTATTGTACCTCAAGGGGGTCTCTTCCAGAGGCACGCTAAAAGTCTTGCCAGACGTTTCAGGTAGAGGTTTCGACTAAAGTTGTGAAATGACGCTCACGGAACTATATGTAACGTTAATCAAGAGAGTACCTTCCACCGGGTGGGGTGCCTTTAGAGTTCAACGGGTTCACACCCCATTGCTGCACCCGTTCCGAGGTCCCCCGGACGCCATCCTAGATTAGATGCAGAGACGTGGGCTAATTAAGATTACGTTTTACCTTCTCTTTGGTGCATTCTGTAACATCGGGTTACGATAATGACTGAGACACCGAACCTACGGTTGTTGTCACGCAGGACCACGAGACAGTTGCCACGAGATACCATTACGAGGGGATGGGTGAACCTCAAGGAATTGTGCCCAACGGCTATCCCTATATGAGGATAACCCTTGCCGCCCTAGCAGGCTTTGAGCATTAGCCTACACGGGACCGGCATCTGCCCCATTGCACTACCTGGTTTTCGCACCCGCGAAGAGATAGTATATGGCGGTAGTTCGTCTCCCAGCGAGACCACAAATGGACGCTGAAAGGCACATAACTCTTAACATAGTATACAAGAGCCTCTGACCGATTGCCTTAGCCCGTCAGTTTCTGGCGTACCGTCATTATTTCCAGTGAATTGCCTTCA,1506,48.8,Saccharomyces cerevisiae
SEQ_799916,ATGTTACCAGCGGGAGTCGGACGGTAATCTGCACATATACGTGCAGCTGCGGGCAGCGTTACAATGTGAACACTAAGTTCACCTACCCCGATACAGGATTGAGTCTTACTGCCGTTCAGATAACTGCCCAATGAAGGTCGCCGAGGGTCACTACGCACTTTAACTCACAGTTCTTTTTTACTAAGGTTCACGACGCATCATGAACACGTTCTCGAGCTTCGATCGCTCCTTCGAAACGAAACAGTCCGTACTTTCCGACATTGTCCTCTCAAGGACTGCACGTTAGACCTCAAGTTCATGACGACCGGGTCACTACCTGACCCTGTCTAATCTGTTGGTCCTTAGTTGGTTCCGCGACAGGATCTCCACGGTACCAAGTTCGAACTGACGAAGGGATGTACAAAATAAAACTACGTCGCCCCAACCCAAATACAATAATAACATAGCGCAGTAGTTGCGCCGTGATCCGGTCGGCGGCGGCCGTCTCTCCCGGCTGTCGTAGACGGGGCGCCCTCTCTTTTCTAACGTCAAACACGCTACCTAGACGAAACGGAGGCTTCCCGACGTAGCGTGTCGGTTAAGGTCATCGTGGCTCCACCAGAGTTCGTTTTTGGGCTCCAGCATGACAAAATTGAGTTTGGCACGCCACGCAAGAACCGAACTATGATGATCGTGGCGGACACCGGTCCTTAAATTGTACAAGTATAGATAGCCAATCCGTCGATCATTGGTCAAGGCCAAGGCAGTACACCTTACCTCCGTTACGTCCGTCTTGAGCTGAGACATTCACCGTCTGTTCAACGATTGATGGCAATCATACTCCAGAGGATCTCGATTATTGTGCCATCGGCCCCAGCTGTCCCAGTAACATGATCCTTGTGGCACGGCAGGGAGAAGAGGTTTTTGGCGGTCGGGCGCCTAACCCAAGTCTATATGGCGGGGTGTCAAATGCGAAGGAGGACCAAAGCCTAGGTTACTGCTATATTCACCTGATGTGCGCTAACAATTCGGAATTATAGACCGAGTGCCCGTGAATCTGATTGCGACCTTCAAGCCTAGGTTTCTTCATACCTTTGTTCTCTCTTGGCGACCACATCCCAACGCCTTCTTCGCCGCACACAATGGCCCGAGCTATCGCTCTATGAGAGTCCAGACTGTCGGGGTTAATGATTATCTCATTCAGGATGACGTCATCCCGTTAGGAAGCTGCCACTCATAAAATCGGGACTCCCGCGCCATGTGTTCTTTT,1249,51.16,Drosophila melanogaster
SEQ_887465,CCGAGTTGCTAACTCCATATACATAACTTAGGTTGGACAAATACCGCCATTCCAGCCAGGTGTAACATGGGGAATCATGGGGGTTATACCATGCATCAGATCTTTGTATTTTTTGTTAAGGAATAGTTCCTGTGGTAAAATCTGCAGCAATTGAGTTGCTGGGTCGACTATTTTAGCCCCAAAGGACTGCATAGACCAATGATCAGTCAAGTTGTGACTGACTGAGCCAATGAATAGTATCACATTATCCTTCTTGTACAGGCCTAGGCCCGCGAACTGCCGTCTTTCCCATGACAATCTTGCTTAGTCGTCTGGGCTCCTCGGCCTGCGGTGTTTTCTCGACTTACGTGGGGACAGAGAGTAACTAGTGTAAAATACTAAGTCATGCAACCTATATGACAACATTTATCACTTTGGTTCCGCCTCACAAGCTCGTACACGCCCGCCACGATAGGCGCAATTGAGAACCGTGAAGCTCATGACTGGAGACATACCTACGCAAGCACGCGTCATTGGTCAATGGTATCTGCAGGTGGGGGAGACCCAGGCCAGCATTGGCCAGTAACCCTATGCACCCTCGGCCGGAGCACAACCCTTCTGCCTCACAAGTTAGTGCCCACTTGCGCGGCACAGGAGAACTTAATCCGAACGGAATTCCGCGCGAATCTTTTCAAGACGCCTTGGATAACAGATGCTTAACTCGCAGCTGGTCCTTGGAGAGGCAGATTCCCGAACCTAATGGCCAGCCCTTCATGGGCATCAATAAGTCTAGTGCCGCTTCAACACCCGCTGTGGGCCTGTTCTAGTCCTAGAGCTAATTTACGACATAGGGTCACATTGTCCCACCCTATTCGAGGGATTCGGGGACGATAGCTCTATAAGATGGGTAGGATGGTAACCGCCTGAAAAGTTTTCATCTAGTCCCGCAGTTTGGTACCAAGGCGTAGTGTCCGCCTCCCACAAACGCCGGTCGCGCGTCTCGTCCGCCAATGAAGGCGCTTGTTTTAAAGCCTCGAAGGGGACCGTTCTGTGTCGCCAAGGTCACTTAAGGAAACATGCTGCGCTTCACCTCGAAAACTAAACACTGGGGTGTAGCTAGAGTTCTTCGGCCCCAACCATAAGGTGCGGACCGTACGTATAGGGTGGGTAGCGTGTCGCTGTTGTCCGTTTTCTGCAGATTAGGACAGTGACACGACGGAAGTTTTTACTCACGAGGCTGTTGGCAACCCACAACCTCCGCATCAATTGCGTAGTCCGATCCGTTTGCCAGGAAATCTAGGAGTCTTTGATTAGTAGGCAGTGACACAAACCCCAGACCACAAACGTTGCCTAGTTCTCCGGATGAATCGAGCCTACCCTCAGTCCCGGTAATATTTTGAGGCGGCCGCACCCGGCCTTGGCGCCCTATATGAAGCCAACGACTGGTGGCTGCGTCTGTAATTCAACGGATAAACTATATCGTCCGCCAAATCTAGTTACCATGGATATTGACGTCTGAGCCGCTAGTTCTCTGGTCTTAATAAATAGTTTGGGTTGATTGGTCACGGCCGTGGCCTTCGCAGAGCAGATGGTGGTCTAAGTAAGATCGGGACTATGTGCGCCTATAGCCATATTTCGGTGAGACGTGCCCACAATCCACTAGATACCACCTGCAAACATCCGCGATCCAGTTTCTGAGGCGAAAAATACATATAACCATGCACGTGGTATGGGTAAGAGAGTGCGTCTACGACTTGTGACGGACGTAGACAAACCTGCCGCTCATTTACGACCGTATGCGGTCGTAAGATTATCACGAGACAAATTTTCTTTTCTTCGGGGGTTGCGAGGACCAGCCCAACTAATAGCTCGCCTGTTTTTATATCGTGCCATGCGTCTTTGGCGAATACCGGGGAATAGCGGGTTCTCCCCAACAGCCCTAAGAAACGCTCCGGTGTTCACATGCGTCTAAGCAATCGCGTTATACATGACTCAGCGTTCC,1981,50.58,Homo sapiens
SEQ_928177,ACGTTTTACTGAGCATTACTCGTCGACCGCTTCCGCGCCTATTTAACCGGATGTTAGTGGGATGTGAATATCTCTTCTGCCAGGAACATCCCTCTAACGTTGGGAATAGCTCCAAGCCGTCTGATATCGTTCCGGCGCAATGGGTGCGACGCCTATCAAGTTGAGAGCCCGATAATCACAAACCCGTGTCCAAGTGACAG,200,51.0,Saccharomyces cerevisiae
SEQ_792668,TAGATCTGCGGCTCACCTCTAACATAAAGGCTCCGTTTTCTGAAAAGAAGTTGACTTACCACAGCGCAACTCCAAGCGGTTGGCCAGAAAAGGGGAATTCTATAAACGGACTGTTGGTGAAGGACCTAAGTCTTTTTGCATCTGAGCTAAGGTTGGGTTTAGACTCATCGGGAAGAACTTTGCCCACTGCAGCAGCCGACCACTAGGCATATAGGTCCCTCAGTAGCATGCGTAGCCATGCCTCTTTGAGCGCGCTAACCTTACAGTGATGTCCACAGAGCGACGCCGTACAGCTCACTGTGGAGATCTTCACCTGCTTAGATGGTCGGTGCCTACGACAGCACATAATTACGCAGTGGAGAGCCCTCTCGTAGCCGCCTTGTCACACCGAGACAAATGCAGAGGGAGGTGGATGTTGCTCAGCGGAACGGAGTCGGATATATATCGA,448,51.34,Drosophila melanogaster
SEQ_377182,AGACAGCGCCTTAACCAGAACATCAAAGCGGTAGCAGACTCACGATATGGAGGTCGAAATTCAAGAGTATGTAACAGTCGTCTCCCCAGAGTTATGTGGTATCCGTCGCTTACGTCACGAGGACGTAGTGTGCTTAGAAAAGCCGAATCCCCTGCCTATGTCTAACTGTGGCAGTGTTACAGTAACGGGCATCGCGTTCTTGCTCAACGCCCCCTATTTTCCGATCATAGACGATCGGAGCCTATACTATATAACTCACTACACCTGGTCTAACTAAGATGAGTACCCTAACGGGACGATATGTTCCTTTTCAAGACCGGGCGTCTAAGCGTTGGTGCCTTACGTCGCTGGTGGTTGTGCGAGGCAAGATCCTACACTACGCGGCTCGAGTCCGCGCGGATTGAACGCCTGTAAAATCCTGAGTACAAACTACGGACACGAGGCTCGTTAAGAAACTGTAAATCGTGGCGTAGAAGCTCAGTTCACCGAACCACGAGAACGCCATGTTAGGGCTCAATCTTTGACAAAAGAGGTCCACGCGTTAATTTCTGCAATGATGCAGTGCACAATTGCACATTATTAGTGACATGTTGCTGAGGAAGAAGCAAGCGAAGTTACTTGGCTGAACCGTGAACGTCACTAGAGAGACCAATATCGGTGACCCCACTAATAGAGATCTCTAAACTTAGGTGTCTCCCGTGCCCATAACGGCCTTCCGCGTTTAGTCAGTGAATTAACTAGCCTGAGGGGAACCGGTCGGAAATACTTATCTCGGTTCCGCAGTTTTCACGCAGGTTAGGTTGCGATCTGAGCAGCTGTCAATTATACAAGTGCCCGGCAATGGCGTCGTGGACTGGGTCGGGCTAATTCTATGCGCAAGCACGCTCAACGCCCATATAGTGAAAGGGTGCCGGGGAGTCTTTAGTGGCTTACACGACACGAAATCCAGAGGAATCTGGCTTTGACAAAGTGGTAATGCATGCCGCCGAACGGACCTGACCTCCCAGGCCCAATGATGTAAAAACAATATCCGATCCGTCGGTCACTAGCTCTGTACGATCCCTTCGTCACCCATGATCCCACCGGACTACCGACAGGATGATCGATCCACAAAAACCTAAATCTGGTGTGGTTGACTCTTAACAAACAACGATGTATCTCGGTCATCAGTCGCTACGCTCCGCCCATTGTGGTTGGAATGCAGCTAAGTGCACTGAATGTCATTCCAGTTGATCATAGTCATCCAGTAGTTCGTAACACGATACGAGACGAATAAGTGAAACGTAACTATATCGCGACATACCCTTGATATAATAACCCACTTTCGCATCTTACCATCATGTAATAGGGCATTCATCCCCTTTGCAAATGTGCTACGACTAGCACCTAGCGTGCCTGCAAGCTTTGCGGCTGCGTACACGCCTCTCCCCCTAAGTACTTTCTAGGCTCGGGTCGTCATCCTCGTGAATTTTAAGGCTGAACGAAGCACTAGAACTCTTAAGTTGAACCTTATGATAATAACAGACCACGATCGGGCTAATTGCTTTGGTTACTCTTGTATCTTCCAAGGGGGATTTCAGCATGCTTATTCCGAAATTCCGAACACCTCAGGGGTAGTATGCCATGCTGCGCGGTGTGAACACGTACATCTATTGCTTCGTCTTGTCTAGTAGCCCTGACACATGTCGGCCTACCCAAGGCAACGCATTTGCATTAAACAGGGGATCCCGTACCACCATCAGATGGGGGTCCACCCCAGGGGATATCCCAGCCCTCACGTATGGTGCTTTGGATATGAGAGACCTGCAGCAAATAGCGCTTGTGCTCGCTACGTATAGCGTTTTGAGACGGGCTCAACACATCTTTCGAACTAGAAA,1877,49.17,Homo sapiens
SEQ_749306,ACGTTAGAGTGTACCGGGCATGCCATCATCAAGAGCCGTCTAGCGAGGTTTACCACAAGTCTGAGCTCGGAGCTCTGTGCCATTCGTATTCAGCACTATCGACCAAGCAATGTGTGTACGGCACTCCGCAGCTGGGTCTGAGCGGTTAAAAGGAAGCGTGCTTTGCGTCTTTTTCCGGTGCAGAACCTCGGCCGAACGGGCGCACTGCAGAGAGTAAATGAGCACTGGGGGAGACCCGCGCTTCTAACTGTAGCCACGGGAGATGTCTCGTAACTCCACGTTCCATCAAGGGCTGTCTATCTTCGACTCCGTCGTCAGGTTATATAGTACTGGATTGCACCCGGTTGGATACAGCGCCCGGTTTTGAGTACACCGTTGGTAGAAAAGAGTGGCCGTACACATCGCGGGCGCTTACGTACGGAGTTTCCGATATCGCAGCACGCCACGCCAGGAAATAGAGGAAGGATCTATGGCCTTATTATCCTCCCTACCAGTATTCCATTGCGTTTGTGATTATGTTGAGATGTGATCCCACCGCATGACGAGTTCGTGAATGGACTCGAAGAACTCGCGTAATATACTAAGCGCACCTCATCTTGCAGTTATTAAGTTGATAGCCCTTCAGTGTGCACAGAACGCCTTTATCGAGCATGTGAGGCAAAACAACTAATCGAGGGAATTGTCGTGACAAGATGGACTGTCGCGGTTCTAGCCGAACGGTCCGAGCGCCAAGATGACAGCAAGCTGCTGTCTGTGGCAGACTCGGCGCCCTGGCTACTTACTGATCTTCCCAGGAGTCCGTTCGGGGCAAATTTCCGTTGGAGATGGGGGATTTTACTTGACTACAGTTTGATGTGGGGAACTACAATTAGGGAGCTCTTTGAAATTTGGTAATTAAGGATCTATTCGACGTAGGTTATGTTCCCGCAACGTAAAATTGTTATATACGGCAAATAACTTTACAGGGGGCGTGCTCACCCTGCAACCCCGATTCTGAAGTAAGACAGATATGCCCTACTTTAGCCCTCCCTGTTCAAGGGGATACAAGTTTATTTGTGACTAACAGATCTGGAATCAGGTACTTACATCCATCAGTGCTGTCAAAGATCATCCAAGGAAATCCAAAGCTCGGTGATGCGACGAACTTACAGTAGGCGATTGAGTGTTATAGACTCTGTAGGTAAGAACCCTGCAAATACTGCTATGATTATCTTCTATCTACGAAAGGGCTAGATAATAGTAAAGAACTATGTATGTTGTAGTTCTCAAGCATTAGCCCGCAATTGACGTCAAGTCAGCTGGAAACCAATATAAATTTCGGCAGTACTCCCAATAAGGTGACGATTTG,1348,48.29,Arabidopsis thaliana
SEQ_426396,TGAGTTCTGGTAGTACATAATCTCAGGGTGCTTCCGAGGTGAACATGGCTTGCATTTATCTCCAACACGGAATAGTATTAGTGCTCTTAGATGGTTTGGCATGATTGATCCGTTGACGATAGTCGATTGTCACTGGCGACATCAGTTAATGTTGGAAGACTTGTATTTAGACAACAAATATCGCACATTGGGGGACAGAGCGGAATAAGCCTTTAAAGCAGGCCAGCCGCACAAATAGGGGTTCTTGCTAAGCGCGTCGGTCAGCCGTAACCCTGCGTCGTGCGAGCCCTAAACACACCGATATCAACCGCCAGCAAACCGGACGGGCGTGGTCTATAGGTCTCCCACCAGGTGGGAAATTATTGCAGCTAGCCGTCTTAACGTGCGCCACGACCGGTTCACACACTCTAAGACTCGACCGGTTCCATAAGGCGTAATCGAAATGGCCCGATCCCGATAGCGAACTGATAGGCAGTGGCTTACTGTCGGTGTTCCCCGCGTCGACCCCCAAGCGTTGATCTCTACCTTCGGGAATCTTCATCCTCTGCCATGCAACAGGGAACGTGCCGCAGTCAGAGTTAAGTTCGTCTGTAGAACGGAGGTCTCTACTCGGTTGAAACAAATCTTAGTCACATTGGGGCTTGAAGTTAATCTTTTCAACTGGTCTGTTTGCAAGATTCGTACATAACGATGGAATTCAACTTGGACCGCCCCGGTTAGAAAGATAACTTTGGTCAGTGACACCCCCACACTAAATCACTAGGATTCTTCAGTCCTTTGGTCATTCCCTCTGGGCCACAACAGGCTAACCTACGTACTAGCGCTTACTCCATCTTTCTGGACTGTTTGTACTTCCCTCACAGCAAGCGCCCCACCTACTCGGTTGAGGGAGTTTTCTGTCACGCGTGGCCTAGACAACATAGTGGTGGGGTTCTTAAGAGTGTAGCGAGCCGTTTTACGCGGTAACCATCAATACAATCCTGGCTCTCGGAAGCCAAGAGCGCCTTGTAACATCTCCCCCGTACCAAGGGAGACTATCTGGCATGACTATGGAACTTAATAGAAGGATCTGAGCAACTTAGGATACGTTGTTCGAAGCCCTGTCCCACTATGTGGCCAGACTTCCCGATTGGTCCCACTTGTCTCTTGCCGGTCGAACACGATAAGTCAATTGGGCAGACTGTGACTTAGGCAAGGCGTCTCAGCAGGGCGACGCCTATCTGAGGGAACCACCGTATTATTGCGTAAAACAGGAGGTTCGGCCTGTCATGACAGGGCTCCCTACGCACCATTTGTTCGTTTTACCTGTTGCCCAATTCACCCTA,1325,50.49,Escherichia coli
SEQ_343632,ATGGCGGCTCCGCATCCTGAGCTCTGTCTAAGGCTTGAGACCCTTTATGCGAACAGCTGTCCGTTCACATAAAATGGCGCATACCCTGTCATCTCTTATAAGAAACTGAGCTTCCTGTTCTAGCGCTAATAGCAGGAATCCGGGCCTATTTAACACAAGGACGGGAAACATAACGGTTCCACCTTCGCGTGAATCCCCACAATCGCTGATGACCGAAAGACGTCTGGACGTTACCTATAAGAAGTCGGTCGCATGGCAATCAGTAATGAACACCATGACTGTGCAAAATACGTGTTTGAGTAATAGCACTGACGCCGGCATGGGGAACAGACATCGTGCACGGTGTAATCCGCATTCGGACCGTGTCAAGTTTGAATCGTCGTTCCTTTTCGATCGAAAGTAGGTTAAGTTATAGTAGCAAATGGTCCTACCACTTCGAAAGTAATCGAGTGGAGATAACCCTATGACTCACTCATTGGCTAAAATCGCAAGGGAGATACCATTAAGGCAACGATCAGTATCACCCGTACCTACCTAAGGGGCCGCTCGAAATGAAGACGCCACATATCACGTTAACCCGCTACCCACGCCAAAGTCTGTATAGAGGCCTAGCTAAAACGTACAACTTACGAACGCTAGCACCACTATGGGATCCATCGACCACCCCCCACGAGACTGCCCTAGATTTAATGTTACAGGATTTACCCGCCGCCAGGAGCACACGCGTAATTAGTACTGCTACGAGGTGGGGTGCTATACGGGGCGAGCCGAAATGCGGTTATTCGGCGGCTAGCCATATAGTTTGGAAAACACATACACGCTAACCCCGCTCGTTACTCCGGTTACCAACGGAGACAATGTGAGTTCGAGGTGTATGCGCCGCAATGTTCCCACCTGTTCTTGGCAGTTGCTCGGACGATGCCATTAACTTCGTGCAGGTCCAAGTACGCACCTAAGGAGGAAGACAGTGGTGCATCGCCCCTACTGGAGTACATCGAGATGAGAAATGGTACAATCTCCCCTGGCTAGGTGTCTACTCAGGCCTGATAAGGGCTTCCCTATTCAAGAAGGATTGAGATGAATACCCCTTACGGTTAGTATCGCGTTCAATTGCAATAAACTAGCCACGGTACCCAAGACCAGCCTATACTAGACGGTAATTCCATATGAGAGGGAGAGCGTGGTAACTTCACAGTCTTATGAGGCCTCCTAAATCCAACAAAATTTATTGAGTACGGGGCATATGGCTTCGAGAGGCTTGAGCGTGTGCCACACTTATGAAGTCCCATGAACTATGCCGGCCGATCTCGAGGGTTGAGGTTCGCTACTCTGGACAAAAGCGATACCCTAAGGTCAGAAACTAACTAGAATCTCCACATGAAAGTATGGTAGCCGGATTTATTCTAGTACATATCTGCCATTACGTGCCCTCGCCCCAACAGGTGTTAGCATCTTATGCAGGGCGGGGTAAATTGTGCTGCTACGATAGTCACTTGATGGTGAGCCCTGTAGAGCGGAGTACTAGGACCGCCAGGGAATGCTCGATCTAGTGCGAGGGGAGATAAATGAGACCTCGAGCAAGGGCGAGATCACGGTTCCGTTTCGTAGCTGTAGCCAAGCGCTGGCCCGTTAATGACCACAAAGGCCGTAGGAAATCATTCGACGCGGCCAAGGGGCCCGGTTTACGTAGGACATAGCTCTACTT,1705,49.97,Saccharomyces cerevisiae
SEQ_671266,AAGAGCGAGTCGGAACCTAGCATTTAGCAGTCGTTACTAAGGAGCTTCCCGCTTTCCCCCGCGCCTGTGGAAGCCGTTACGAAGACGGGGCCTAATTTTCGCTGAATCTAGTTTCGGTAGCTACTCTTATTTCACACAAAGGCGTGAGTTCCGCGAATTCAGTGCGCGTTGGTTCATTGGACTAGATCACCTAAAGGGCTCTGCAACAGCCATGCACGCGATGTTGGGTTATTTAATGTCAGTGTATGGAGACAACCAGACGCCGCCTCAGCCCCTTAGTGTTCAAGTACACTCGATGTTTGCTACGGAGCGGCATCCCAGGGTCCTAGTTGACGATAATCTGTAGACAGTCGCCTTCGCCCTTTAACCATCTTCTATGGCAACACGTAGTGGTGCTATGCTGATCCGCAACACCACAACTACTCCCTCTTATCGTTAGGACATTTACTGAGGAGGACACGCCAGTTCGTTGAGATGGACCGTTAAAAGATTTCCCCATCGAGAAAGGTGTTGCGAGCGTCCGCATTATCGACCGTGCTGTACACAGGCCGGAACGTGAAGGCGGGCACTTGCCTAAAACGAACGTTTTTGAGAGTAAATCATTGAATTCCGTTTCGCCCTCACTTATGTGATTAACGCGCCTCAGAAGTACAGTCCCTACTAAATCTGTCTTAGAGGTGAATCACTCCGCGATTCGCGAGTTGATAGGCCTGACAAGTCATACGTTAAGCATGGAAGAGGCATCTTTGACCTAAATCTTCTGGGATCACTAGCAAAGTCATCTGCACAATCCACAAATAAGAACGCAGAAGAAATGAAACAAGCTTATCTTCCTCGCTTCGGTAGGACCAACGTATTTAGATCGCGCCTGACCTAAAGGGCTAGTTGAGTCCCCGCCAAGTGACCTACGTACAACACTCCATATCACGCAGGAACTGGTCCAGTCAGGCAACGCAACATACACATACGGTACGGATCCCAGGCATTTCAAACGCAACGGCGGCATCCCACCTAGAGCGGTAGCAGAACCAAGGCAGAATCGAAAAGCCCATCCATGATTGTGTGATAAGTATTGACTCATAGGAACGCCTTCTACTCGCTCCGTACAAGGGGATTAGGTAGCCCTCCAGGTTGCACAGTGACATTCATAAGTGACGATAGGGGTGGCTCCTATCGGTGGCGGACTACAAGTCCTGGTGGATCGTCGAATATGTTCTTCAGCCGCCGTGGAGTTCGCCATCTAATGTTATAAGATCAAATGGCACTAAGGCGCAGTAATCACACCGAATTAAATTACTCACCATTCCACACCACACCTTCGAAGAGCCCCTATTATTAATGAGCTTTGTCCACGTTATTACCATGCTGTGAGCGTCATTACCCCTCGCATATGGGCGCATGTCGACACCGCATCGACGGATGTTGGCTAGCATGTCTGCAGCGGCGGTTCCACGGGTCTACGGTGCTGGGCTTCGCATATACCGTTAGTACATATTCGGGTTTAGTCTGTTTCTGTGATGAGCCGGTTTTACACAGCCCCTCGTCTTGTCCCTGTTAGAAGCCGAGCTTCGTCATTATATCGGAGGGCGTTTGCTCTGAGCCAATCCCTCTTTAACCTGCTATCCGCGCCATATAGAATCGGGTAGCTGGGAGTGGTTTCGTAAGATAAGGCCGCTACTATACCCGATAGGTATGGTGCGCTCCCGGATTCTGGCCATATGTGCCTCAACGACATCAATTTATGTTAGTCGGAGGTGCTCCCCCTGCCCTAGGCTTCACCTGCGTTCGAGGGTTTGCGGGCGTGTTTCTTATATGGTAGAGTACCCTCTAGCTAACTTCGGTCTTCCTGCATTCTAAAGTTAGGTGTCTTAGCGCTGTAGCATGACG,1887,50.08,Arabidopsis thaliana
SEQ_907317,TTGACGTTAGATTAAGCCGGATTCCTATACGCTATAGGAAATAGTCTGACTTCAACCGGAACCGATTCCAGCGGGCATCTGGCTCAGGACGATCGCAATACAACCGAAGAACTACGTGCTAGCTATCGATCGGTGACCGGTTCGACCTCTTTACCCTCTAAGTCAAGTACGCGCCCTATTCTGTGAATATCTGTTAACAATTAGCAATTCGCCTTGTATCGCCGAACGAGGGAGTAGTCGCAAATTCATGGACGTCAATGAATTATGCTGGGCTTATGCTAGAGGTGGGTACCGTGGCTGGGGTGTGATTACCTCGTCTATTTAGGGCCCCACAATAGGCTACTGAGTGTGCTCATGCTAGTTTGTGTAACTTCTGACACAAGAAATCCAGATCTATTTTTCATGATGGACGATAGCACTCCATCATGATTAGCTAGTGATTGCTAAACTGATATTAACCCACCTCTATGCCCTAAATCGAACGATTACCGGCGTGGGCCTTAAGCGGTTAGTAGCCGGGTGAAGCCGTTTCTGGGAAGTGATCCGAGCCTGAAATCTGCGGAAGCTCACCCCTGTAAGAGCTGCGGCAGCGGAATGCGAGGGCCGAAGGGCAAGCATGGACGCGTATCCTACCATTTCACCGCAACCATCTCGTGTACTTTGGTTGATCGGTTGTCGAATATCTGCTCGAATCGACCGACAAGCACTCCCCGTGCGTAGGTGCGGCTAGGCGATCCCTGAACCACAATTCATAATGCGCGCCAAATGCGAGCGAAACGGTCCGAAAGACACCTCTTGGCAAGACAATACCTCCGAATAAACCACCCGCTCGCGGCTACTTCCTTAGGGCCTGTGGGAACATCAATACCTCTTATGACTCGAGACGAAGCCGGTGCGGCGTCCAAAGCCTGGTCGAAACTAAAGACGGCGCATATCGCAATGCTGGCGCCAATGCCTGCCAGTACTACATCGTGTCTAGTTATGTTCCGTCTCAGTTCTGATACGTAGTAGTGCTTATGGGATACAGTCGATGCGATATTTTTTAGTAAGGCATAGCATCGAAGTATTGTTGATGTAGCCACCCGTGCCATGTAACGGCCACTTACTTATATTAAGAACTTGCGTTGCACTATTAAAACTGACC,1144,49.48,Drosophila melanogaster
SEQ_477462,TCAACAGTTCCTAAGTCGTGTCGGGTGCCGCGGCGTATATTACGTATCAGTGCTCTCACGGTAGCAGACGTTTCTCGTTCGACCCACAGTTCTCGCTGCAGCGGCGATCCAGTAGAACTACGCTACTGGTTGATTCATTAGCGCCGAAGTACCCGTCCACAGCTACTGGCACTATCGCAAGCATAGTCCCGAGATCGAGGCCCGGGCTTCGGGCGGAAGTACTGGGTAAGTAACGCTGCCCACTGAGTGGAAGGTGATTACGTATACAATGGCTCTACAATATATATTTTTGCTGGTCCGCGCATTACGCGCACAACACGCGATGCGTCGGCGCACTTGAGACGCCCTTAAGCCCAGAAAGGACACTCCATCCCCCTCAATACTGTTGTTATACCTTCATTGTTAGCTAAACACCGTGTCCAGTCGGCTTAACGCATTGGAACGTACCCGGCGCGAGCACCGATGAATGGATGCTGAGTTGGTCATTAAACGTTGCCTATGTCTCGAAACTAGAACTTTGTGGGCTAACACTGCATGAAAAAGGAGAAGGAGGTAACCTTAAGATGCAGGTAGGCTGCCCAACCGTGTCCGGTGCGACGGGTCCTAGAGCAATTTTATACATGGTAGCTAATTATCGTGGCTTCTCGGAGTCTCGGTAAGGTTTGTGCTTGTTTGGATGCAGACTAATAATGTCTCATAAGGGATCACGCGCCCTATGGGCACCAGTAAAGCGTCATATGAGTCACAAATCTTAGTGAAGAAACTACGATCCTGGACCTATAATTAGACAAAAATACACCTGTTCGGGGCCATCTCCAATGCGGGTATATCGCTGATAGCACCTAGTCTCGCTTCTCGCGCTGTCTCCCGACCCTCATAGCATTCAAACGTAGGTCCAGGATGGTCATGATATATGCTATTTCTCTTTCTTTCCTGAGCTAGGCCGCGGGGACACATTGCGTTCTCTTGATAGCACACCCCTATTTATAGTACCCTAATATTACGAGGCGTCCCCTACGTATCAATTGGTCATACCGTACATGATTTTCCAAGCCTTGCGTAAAT,1065,49.58,Mus musculus
SEQ_522127,AAGTGTTGTTACCTCCTGGAAGTCCGTCCTACAGGAAGAACCCTCTCCATGTCTATAAAGTGCGAAGGGGAACTATCCTCGGGCACTACCGATGCTCCTGCTCCATCGAGAGACCTAAATCGCTGGTGCAACACTCCCCTGTCTTCGCAAGAACGTTATTAGCATGCTAAAAGTTATGGGAGAGGTAGAGGAAGATATGTGGCATTTGGGAGTATTATACCCATCATAGACCATCGACACACTCAGTCCTGTCTTTTGATGTATCAAGCTTATTCGGAAATTCAGGCTAAGAATCCCTAATAGTAACTGTCTACCTTTCCAACTCATCGGCTTGCAATCTCTGCCCCAGAACGCAGGAGAAGATTAAGTGCCCCTACATGGTGTACGTACAGATTCTAGGCTTTCTGGCTGCACACTCCCAAGGGCACAATTCGAAGGACAGAATGTGTCACTTACGGTGCATGCATCGGGTTGGCGGCCGTCATCATGACGTCTTCTAGGAGACACAAAATCCAGTCCAGATCGGTGGAAAATGAGTCCTCGATGTCCGCATTCGCTGTACGACGAGACAGAAAGACGGGTTTGGTCTCAGTACACCATCAAAACTGTAGTGACTTAGCACATAAATCTCTCCTTAACTTTCACTGCACAGCGCCTACAGGTCAGCGTCGCTCACGGTTACGGGCGAGAAGCGTAGGTAGGTCGCAGGCTCCGATATAGCGGACAACTGAGCGCGACTGGAAAAGGCTTTTGTTAAAGGGGGGCTGAGTATATTGAAACGTGGTTAGGGCCGCGCACACGCTGCACGAAATAGTGATAATAAACTGCATAATTCCTCGGTAGGCAGTAACCTCACGTCACTATGGACAACCTCGAGCGTATACTAATGCCTGGTATTGTATCCACATCGGACATACTCAAGTTTCATGGTCTTTCAGAATTGTCGATAAATTTACATTAGGATAGATCCTCCCGCCACAACATTATAGTGAATAAACACGCGCCCCGATGCTCAGCCGTATCACATTGCAGGACAACTACGAGTTACACCACAAGTGATGACTACCGATCGACAGAGGGCTTCGAAAAAATTCGTACCCGCACCGGAAAGTCAAGCCGGTGAACTGCTTACCCGGTACATTCCATAACAGATTTAGTATAGCCGTTTATCATATCATAATCATTGGACATGCCCGAAGTGCACATCTCTGTCTCACATTCCCAGCTCGCCCGCATGCTCTTACTTAGGAGACGTGGGAAGATTGAGCTTTCCCCGCGTGCTG,1283,48.32,Arabidopsis thaliana
SEQ_745709,AGCTATTTATACTCTACAGAGGGCCACGGTACGACTTCTCTTCTGGGTCTTGTTACACGTGTCTATGGTAGGTGGGATAAAGGATTGTCCACTTTTGGAAAGAACTTCCCTCACACATTGGTCTAGTCGAGGAATTCTATCCCAGGTGAGACTGAATGACGCACTACGGTTAGGGCGTAGTGCGCTACAGTGGTAGCATAATGTTTGTATTCACCGAACTGAGTGGAAGGCGCATAGTAAGACGCGTAGATAATACGAGCGGGGACGGAGCTACCGGGTATTACTCCCGAGGACACGATCCAAAGATGAACGAGGAAGGGCTCCCCGATCGCCCGTCTGGCCTGGCACGGATCTGCGCTTTTTGATTTTGTTTACACAGCTCTGACCACCCTCATGAAGATCCCGCTTGTCTCTTCGGAAGTATACACTTCGCATACAACCTCGTGCGTACGTCCACTCGCATTCACGGAACACCTCGGAGGTTTGCACAAATAAGCTGATTCTCTTAATGAAACAACCAGTCCGGATACTACAACCTAAAGCACCAGGTTGGGGCTAGGATTGCGGCATTCGCCGTCGTGACGCTTGCTTAACTCGCGATCGGCCCCATAATGATCCGCCAAGTGGGCGCATCATGTT,639,50.86,Homo sapiens
SEQ_169013,GGCCTTAAAAAACGGGCAGAAACACCGAGAGTGTACCCATGTGTGCACACGAGCTTCAGCAATTCAAACATAACAACGGGCTTCCCCTGATTCTATGCGACGGCGCACCTCGTTGCATAATCAGGGGGAGGGGCGTGTTTTGCCCGGGCGTATCAACCGAGGTGTTTGCTAGCCTTTGATCAAGGTCTTTTCGCGGAACGAGGCTTCATTATTAAGTTGCGTAGGCGTGTAATAGTATCGGTATCCAACGGATACGGGCCCTGAGGGGGATGAAGACACGCTAAGAAGTAACGTCAAATTTTTAATCCGAACCGTGACATACGGGTTAATCCCTAAGGATTTTAAGAGACGCTGCCCCGTTTTGTGACTACTTAGGGGCGTCGCGGAGTACCCAAATTCTAAAGGCGGCTGCTACGGCTACTGCCAGGTACGCATAGTTCGCGCACAATATCATAGCCTGGACCGGAGTTCGACATGAGCCCGTTCAATGGTCCACTACCCCCTGTGCTCGCAGTTATGCGAGCTTTATGGCCACTGTCCCTGAAGACTTTATAGCTCAGGTCACTACAGTTAAACGAAGGCCGCCCGAAAGTTCCGCCCGTCCCGAGGACTCTCGGGGGGTGGTGTTGTGTACAAAGTCATCCCGCTAGGCCAATATCTATCAGAACAGTCGGTGCGGGCACTGTAACTCGTACAGATCGTACGGTCTAGCTCACCTGTTAAGAGCCACTCGGAATCAAAGGTAAGATAGCTTAGATTGCTCGCAAGGATTTGCGGAAACGAAAAACATTAATCGGTCCTGATCTTAACATACGGCGCACGATAGCCAAGTGTTCTGTTAAGTATTCTAAGTTTACCCTCGTGTTTGTCACCGGACTATCAAACAGAGGTACGCAACAATGGTTAACCCGGCCTAATTCTCCAATGCGATGACGTCCGAAGCCATCCAGCAACCTACTAGAGCCGACCTGAACGAGTTACTACTAACCAGAATCGCGCGCAACTTTGTTGATAGAGTACCGTTTGGTAGCGCAATTGGACTGGGGAAACTAGCAGCTATGGCACGTTTCTTCTTACGAAATGCAGCAAAGTAGGCTTTTGTTGTTCGCTAGCTAGGTCGAGAACACCGAGGCTCGGAGTGATCCAAGGGCGTGCATATTGCCAGTACTCGCCGGGATGCGAACGCTACCCCGGTCCTGGTT,1202,50.92,Arabidopsis thaliana
SEQ_641272,CCTTAAAAATATTTAGGCAGTGAGAACGATTCCAGAGGAGGCCTCGCAAGTAGTTTCAAAAAGGTGTCTCGGATTGGGATGATACATTAGTACAGCTATAGCAATGCCGTGAGCGCACGAAATTAGCAGGTATTAGACAGCTCAAGGGTCGGAGCCCTGCATAGTCTCTCTGGTCTCGCTACCGAGAGACTGTTACCCGACAGGGGAAAACCCTCGTTCGAACGCTGACTTAAAACAGTGGAACCCACG,249,49.0,Drosophila melanogaster
SEQ_812223,CAGCTTCATCCGCCCGAACGGAGGACGCTATGTGTTAAGACCCAAGGGAACGCTTGCCGGTGAAGGCACATAACGTTGAGGTGACCGGGGTAGCTTTAGGCGCTGCCCGACAGTTGTGCTCTCACCATTCGCTCCGGGGCGCGATTTTGGCCAGTAAACTGTTGCCCCGTCTGCTCCCGCTGGAGAAGGCTTTTGTTAGACGGCTACCCTGCCTGCGAGTCACTCTGAGTAACAGAGGCAGCAGACAGTTCGCTGCTGATATAGTCTGTCAATTTTGATGGAGAAGACCGTAGTTTTAAGTAATTATTGCGGTTGGCAGCCGTTCCCAGCACTGCTTGCCCCTACTATGCTATATCACCCAGCCTGTAACTCGCTGAGATTGAGACCCAAATGGGCATGGCAGAGAGTAACAAGCCAGAGTTTTCGGTTCCAAATCAACTTCCTCCCAGGCGATCGCATCCGAGGATATACCAGGCGCGTATAACGCGTTCATCGTTTGCGCAATTTACAACCTCAGCCGGATTAGTCATAGCTATCCTGATGACCTTTGAACAGTAGTACGTGCGTGAGCGACTCAGATGACAGG,586,52.73,Drosophila melanogaster
SEQ_977910,TGTTGAGTCGCTTAATGAGCTAGCGCCCAGCTTTTCCGGAGTCAGCGAGTGCCTAGCCATTCTAGGGAACTGCAAATCGATCTGTCCCTCGGTGAGCACAATCGGCGTAATGCCGGGTTCCGATTGGTGCAAGTACTCACCATGCATACGCAAAACCAAACGCGTTGCGAGCTACGGATGTATGCATGATGAGGGGGTCTATGCGTTTCAAAGACGAATCAAAACAGGTCCTGATGGTGTGGAAGTAAAATGAAGATATAAGTTGATACATCCTTAGTTCAGAGACGCACGAAGCGTAGCTTCTGGGTGACTGATGAGCATAATTTTGCGCCAGGCGTGCTGCGAGGCGACGCAAAGCAAGCTGCTATACGAAGGGTGGAGCCTATTCTTGGCCTAACGGCAACGCATAGGGATCTGTTTCGGTGTTGCAGGAGGATCTGGCAAGTCGCTACCGGACGGAAAGACCCGCGCTCTCACTTTCGCATTCGGACATGCTACAGTTGTCTTTAGATGAAATCTCCACTTTACCTAGCGCTAGAAGAACGGCTGGTAACATAATTTAAAAATTCGCTTTCAAAATTGTAAAAACATATGGCCGACTCATGTTGAACCTGCCGTATAGGCCTTAACATAAGCCCGCGTCTCCTCAAGGGGCCGAGGTTCTTACTGGATGACAAGCTTTCGATAAAGGTCTAGGTGAGTAGTCCATTCCCGGTTAGTATGTACAGAAGATACGGGCTGCGTCCCGGGTACAAGATGCCGAATTGTTTTGACCGAGTGAACGTTCGACTAGTAGACTAGTGTCGTACTTAGCCTAGCGTCTCCGGTTTCTGCATATCTTCTTGTCTCATATGTCAGGTAAGTGAGTATTTTTCCCCGGCGAGATACCAATCTACTTTCTCTCCCTATTACGGACAACGCTCCGAACCGTTGTTCTACGACACAAGCTAATAGCTCTATGAACAATATATTATGCATGTCCGAACCGTCAGATCAGGAATCGCGGAAACACCGACCCACATAACCGGGACGATCTGCCGAGCCAAACATGAAACATTCTCAGCCGACTTTGACCTCTATCATCGGGCATTCTCGACGTCCGCGCCGCAAATGTCAGGATAGCTCTAGCTATTGCT,1136,48.86,Caenorhabditis elegans
SEQ_732986,GAGTTTTGCGCGATACCAATTATGCGGTCCCCGGTGGGATTGCTTACCCAGCCA,54,55.56,Saccharomyces cerevisiae
SEQ_365952,CGGCCCAAAAATTGCAGGCCAACTTTCTACCAACAAAGCCTGGAAATTGGACTACGTCCAGCATGCTTTCGAGTGTTGCCTGAACATGAAGTATCAAAGGTTAGAGACCTTCAAGGTCGTCCCCTGGTAATAGTAAGAGTATTAACACGGCGCCTCTACATAGTGTGATGACCAATGACGTATAGTCAGCCGTGAGTTGGTCCTGCGGCCAAATTCGGCCCCACGTGGACGGATTTACAAGAGCCAGCCGTCGCGCCCGTTTCCAACCTTACACAACGCAGTATGAAGTTGAGATCAGTGTCTCAGGTAAGGCACTGAGACTGGAGTCCCATAATAGTGGAATGACACGCCTTCTCGACACCGCTTGTTGTCCAGAATCAGTGCTGGGGACTATCACCTTCTATACTATCTCTAGTGTAATAGGAGTTTAGGCCACGGTGTGATCCGGGTCGGGATCGGTGGCCTTAGCCTTACCAGTTCCGTCGTGACCGTCCGATCCGAATACTCACCTCTCAACGCTTGAGAGCATATGATCTGTCCCGCGGGCGTTGAAGCATGGGTCTACACCATCAAGCACTATATAAACTTCCACTGGGCAACCCAATCATCTTGCGGTCTCACACTCGTCGGGAGTCATGGGGCTTGTCGATGTTGACTAGTGAATGGAAATAAGCATCACGCCTGTCTTACACTGTTGTCTGGATGGTCCGTACATGCCAAGAATGGTTCAAGTTGTACCCAGCTAACGAAAAAGTCATACCAAGGAATCACGAGTCTAGACCACAAGTTCAAGACGTTTTATTATGGTGAGCGCGGGAGGCATTCTCAATGATGTTAATGCGGGCAAGGGGTCCCGCTTGTCGTCCGTCCTACCGGTCCACTTACTGATAAATGTTGAGGCCTCTCTAGCTCAGATTACGATTTTGCCCTTTCAATGCAGCCCTTCCCCCATAGATCTCTCAAC,964,50.0,Homo sapiens
SEQ_493166,TAGCGTACCGTAACGGTGCGACCGGGTCCCGGAACCCAGAGTTGGAATTTGTTAAATCGAGGGCCCCGCAGCTCGAACTTCCCGTTCTCGAATATTGGTTCTACGTGAAGGTATCCTGAGCACGGTTGTCGGCTGTATCAATGGCCCAGTAGAAGCGACGGCAACTGCGGGGTTATTTGGCACCGGTGTATGGCAGTACGGAGGTGTATTGTCGCAAGTCGCCATCAAAGGGCATATGTAGATGGGTCGTGTTATAGGGCAAGTCTATTATCTATTTCATGTCATTACAAGAGTACGCGTATCATCGCTACATAGTTGCCAAAGTCAGTCGACATTAAGCATACCCACAAATAATCGCAAAGATGTGTAGTGCGAATCAGCTGAGGGATGCTGGAATCATCGGCCCCGCAACTA,414,50.0,Homo sapiens
SEQ_670830,ACGACTAGTGATGAAGGACTTCCAACGAATGTGGCCGTATCCCTACCGACTAATAACTCAGACGTCAGGCATCGCTTACGAAATCCTGGTTTACTTCATCATCAAAATAACCTCGTTGAAAACACTAGTATCGTTCGCGATGTAAACAATGAAAGACTTAAACTCTTAATTCAAACGTTCACGTCAGGCATGATTAGCTCCATTTAACCCCCCCTGTAGTAAAAGTCAGTAGGAGGCGTCGCTCCGCTACAAGTATGGCATTGCGTTCTGGCAATACCCAACCCACCCTGAGCAATACTACGGAACAAACACAATGAGACGCAGTGGCCGCGGGTATCCCCCACTAATCAACAGGGGCAGTTTGAGTCCCTGTCGTACCCGATACAAACGGCGACCGGCTGGCTTTTGTTGTGAGTGAATGAGCGGAGCTAATAAATAGTCTTTATCCGTAAGCAAGTCCCTGTTAAAGTATAGGATAAACCCATACCGGGCTGGTGTATGATAAAACTGATGACCCAATCGAAAGGACATGTGAGTTCCCGCCTATTTCCAGAGATACATCGTATTACCGCCTCCCGGTTTTTGGCGATAAACGCGTCGACGTAGCTTCACCGACCCAATTGTCCCGTCGATGAATAGAGCTTTGGCATTTAATGATCATGGATTGGAAAGCCGTTGCCCATGTAAGTAACACACAGGTCGGCCGCAAATATGCCAATTTAGGAGGCTCACATCTCTAGACGCCGTACTAGTGGGACGTGGACAGACATGGCCTCGAA,779,47.63,Caenorhabditis elegans
SEQ_630805,TTCGCTATATAGATCATGTCCGCTACCGACAGGGCATTACGTTCCAGCAACTACGTAACTCAAACCTTATGCTCCCGAATGAACTATACAAATGCCTTATGCGCACGTACTCAGACTTGAGTGCGG,126,46.83,Escherichia coli
SEQ_862337,TAAAGAAGATTGGGAGGTTGGTAGGAAGCTTCTTTACATCGACACAGGGAAACAACATCATTACATTCTTGAGGCGAGCCTTCGCTTAAAATGCAGGCATGCTAGGTGTTGACTTTTTATGCCAATTCGTTCTACACAGGGTAGGGGCAATATATGCGCAACAAGCTAGTTAGTGCTCTGAGGATGATCGTGCTCCCGTATGAAAGCCATCGACTCCTGGTGGCTCAGGGATAAAACTGACTGGTCGCTCACAGCTTCACGCGGTTCGCGTAGTACTAGTCAACCAGAAGTTATGCCTCGATATTATTAACTCAGCTACTGCAGTCTGACAGGTCCCGTAGCTTGCGTATTTCTCCGCATCCACGACCTTTGCCCCAGATACTCCAGCCCCGGGCTTAGTACCGGTTATCTAGTTTAGTCCATAGGGCGTGTTACAACTGCCATAGGGCCGTATTTGGATTAGGATAGCTAGATTTTGGATGTGATGAACGGAAGGTATTGGGATCGCGTCCTGA,515,48.16,Escherichia coli
SEQ_884666,GGGCTTTGGAGACTACAACTAGGCAGTAGCCTTCAAGTACACCAAGGCCCCTATGTATTACACCCGGAGAGGCTTTATTGCTGGCCCCACTGATACAGAACGGTTTCGTACCATCTTGTCCGCATCGTCTGTACTAATCTAGCTACCCTTGGCGTCTTCTCTGCAGCGTTCACCCCTGTCCCTGTCGTTTTCTGTAATAAACCCCCTCCATGCGCGTATGCGAGACTCAGAAGATCTACGGAAGTTCAAATCTAATACAAGAGAGATAGGAACGCTATCAGTACACTCTTAAAGTATCTCAATTGCAACTAGCTAATAGTGTAATATCCGCGAATACACAATTCTAGGTTCGCGCGATGTATAGGTTTCAGCAATCAAACACAACTCAGATTACATTGTTGGCCCGGGCGCAGTACGCGCGGGAAACTGTGCGCCTACGGTGGGCTTTCTAGCATCTAAGTCTAGACAGCTCCTTAAAGCCGTCGGGAATAGCATGCGGAGTAGGTCGAGATTAACATGACGTATGCGATCACAGTATTATTACTTAGACTCCGGCAGGCATACAGCTGGCAGACCTCCGCACCTGGGAAACCTAGGGTGATGAACAGCTACGTATACGACATAGGGACAGCTACTGTCGCGATCGCTGCACGTCGTGGCATCACGCCCCCATAACGGATGGCGCAGGCTCAAATGGCGCTCGGGGCAGACACTAGCACCCAGTATAGGAAATTACTCTGCGGAAGTCCTTTGTACGGCATGTGGCGGCCGCGAATGACGCTATGGGTGGGCTTCTGCACGAGCTCCTCACGCAACCCCCACGTATAACACAGCTAGGCCAACACAGGGAACCAACAAGCTTTTGGCCCAGTCACCACAGTTCCACGACAAGGCCAACAGTGCATATCGAATGCCGTGGAATCGCAGCCAAAAACGCGGATGAAGGGTGGTCCATCTGCACACCTCGGTTTCCCTGAAAGGAGGTATAGCATTAGAAACCCGGACTATAGATCGTCATCAGGGAATTTCCCATGCTGCGTGTTGCCTGACACTGGCCATAAATTGTAGTCGAAGAGGGGTTCGACAAACATAAGCGTGTAGTTGAGTGAAAAGGGTAGGACTAGGTCACGCCCGCACCGACAATCGCAAGTCTACGAGGTTCCCCCCTGTCCGGAGGATGGCTGCCCCCACCGAGAA,1197,51.96,Drosophila melanogaster
SEQ_613470,CTGATGTATACAGTGTGCGCCCCGTTTGGATAGTCAATAGCAGGAGCAGTTGGATTGACAGAGTGGGCCACCAACCCTGCCAAAACTTGGTCAGGTAGTCCAGGCCGGTATTGACGCTCCCTGGTGACACGACCGGCGTCGCAAACCGGTTGTCCGCCCGGTGATCTATCTGTGGTAACACCCTCATTTATTGCACGTCAACCGCCGCGGCAGCATAAACCTAAAAGACTGGATCCATGCGTTTGGCGCCTCTTACAATGCTGCAGAAGTTCCA,274,54.38,Escherichia coli
SEQ_244390,CCCATATACATCAACGTGGGGTAGCCTTTCAGTCTCCTGTAACATGACGCGACGACCATGGCTCTGGAGGCGTCTGTTGCGACTGGGCGCTAAGCATACCATACGCTTGTCCTGCCCCACTCTGTGGATGCAGACAAGTAGGATAACCACCAGTAGACACGAAATTAGCAAAAGCTGCTCAACCCCTACTATACCAGGAAATGCTAAATATCTACGGAAGAACCAGACTTTGTGCCGGTAATCGATTCCATCTTCTGTTAGTGGCTACGCTGTAGACCTGAACCATACCGGTGCAGTACCGGGTAACCGTCCCCATACGAGTTAATGAGAATATAAACTCGAGCTATGACCCTGCTGCGTCGTATCCCAGACAGAAACAGGACCCACCAACCAACAGAGTACAACGATTGCTGAACAGTCATACGTGGAAACTAAAAGACACCCATTCACGAGGCGCGCCAATCTGGCAACGCTATCCAGGGGATGCATAATGCCGCTTCTGATCGATAAGGTGTACGTACGGCGGATTGATTGGCAGTGTACTACAAGCTCGAGTTACTCCAACTCCAGTCAGCCTTAGGGGCGATATCCGTATCGACAACATGCAAGGTCATTAGTTGTGCCTATCGCTTACTGCCTGGCGCACTTATATGCACGCACATGTCAAGCATCATAAGCACCAATACGGAGTTGAACACTCGGTGCATAATTTACGGGACCGACTATACCGTGTTGGGGCAGATGGGCTTCCGAAGGCACGCTACGCGAAGGCAGACTGACTGTTTTATACGCAGATCGGGGTCAAATTTGGCCCAGCGAAGCCCTTTTTGGAGGAGAATGTTATAGTGTCGGATTGGGGCTATGATGCTATGACGGTGAGGAAACTGATGTGGCAAACTTCGTAACCCTGTATGAGAAAATGCTCTGTGTTACCTTA,937,49.73,Arabidopsis thaliana
SEQ_583740,GATCGACCATGCTGCGCCCGCCGTCCGTCCTATCCACGATAACACATACCGATACAATATGTATTATGAGATACCCCGGTCCTATTAAGTCCTTTAACTGGGTAGCAGCAACTGGATTGGGCGTTCACAAGTCAAAGCTGCTTTGCATTAGGTTAACCCGAGAATACAATGTATCAGGGAGAGTGCGGGCGAGTGTAAGTCGTCGAGTGACCACTGATTTCGAGCGTCAAAAAGTTGTCCTACAGACCTTGGAGCTTATGCTTGGACTTTTTCCAGAGAGTAATGCCCAGGGCGGATCGCGAGGCACTTCTGCTAACGGTGTATTAGATCCAAGGGTGTATATTGTGGCTCTTTACGGTTCGATAGTGTCCTGAAGTGGAGTCCTTGCAACAGAGATGAGACCTACATTACTTTCGTGCAAGGCTTCTTTATGACCGAAGAAGCGCTTGGGTAGTGGAACCTGCACCGCTCGGTGCCAGCAGTAAGTACTGTTTTACCAGCATTAGTGGAGTTTCCGGGCCTAAGAATTACTGTGGCCAGTTGGAGGGACTATGGGATTCATCTACCAAACAGACCCAAACTGGACCACGAGGAGGCGTACGGGGGCATACAACTTGCCTGTCATTTACGGCCAACACGGTGTTTTTATTCAGACTGTGGCCCGGTTACGCAAGCTAGCATGAGACTATCAATGATTGACCGCTGCTTCTGTTCGTCAGTCTTACCGGGTGTAGGGCGTCCTCGTTATGTTTCGTTCTAGCAAGAACGTCCTAAATAC,778,49.36,Mus musculus
SEQ_276518,GGAGTATTGGGGTCCATCTCCACATAGCTAGGGTGACCATGTTGACTGGTGGGCGAGCCGCAACCGGGACCACCGCACACCGCACCGAAGTATCAAAAATTATGTAACGTTAGATCGGCTGTTATAGCCTTTCCAACACTGGGCATACCTCTCTGCTTCCTGCGACACAAGACTGCCCAATTCTGGGCTTTTCAAAACAATCTGACGAATGCTGTCTGACTGCCTTCGTGATTGGGCCTTATGCTGCGGTTTTCGAATGTGCGAGGCCATATCTAACCTGCTGAGGCTGTGACATTGGACCTGGCCCAATCCGAGAGCTGTCGGGCGGCATTATGTATTTAGTTCCTTCTATGCGCTGTTCTGCATGTCCTGCAAGATGCCCAACCGAGCATTTGCAGTGTGCGGGGGTGCTTCTGATCAAGTAATCAGTACTTATGGGGGGACTTACTAAATACAGCGACTCCCAAGGGTCCACCGCAAAGGCTGATTGACCGTGGCAATTCTAATCCTATCATTGATATGTAAATGGCCGACTCAGGGCTGATTACTCGAGGCAAGATTCGGCTACGTTGATTTTGTGTCGCTAGAGGTTTCCAGTGTATGTATTGCTTATCTTAATGTTGGATTTTGAATTCCAGGCAAGAAATCTCAGAAGTTTGCGTATTAGTCTAGCTATGAGCTAGTAGGGCAAGATGAGCCTACCTAACCCTCTACTCCCCGGCCCGTCCGGCGATCGACCGTCGATAGCCGCAAGCACCATGATCAATTGCAAAACGCCAGCTATTGCGCGTGCTGCCGTCTCAAGCTAAATGCCCTATGTTGGCTTGCTGGGTGCCTCGCAGGTGAGCTTGAACGTAGTATGATCTTTCACGCATGACCTTGGTAGTCATGCTATGATTTACGGCGCGCTTTTACGCTAAACGTTTACTCCGAGAATATAAACTAATCATGGAACCACTTCTGCGGAGTGATGGCCAAGCAGGTAAATTCTGCAGTGTAGGAAGGCCCCCACTATGTTAACCATTACCTAAGTGCCGATGTTGACACCTGTCTACATGGGGTTGTCCCGCTACAAGTGACTTTCTTTTCCGGGAAGGTTATGAAGGTCTGTCGCTGTCGAACCTGCGTCTAGGGTACACCTCCCTAGTTAGTTGTGAGTCTGAAACTTAACGCTACGTGTAAATGACTTAGCG,1193,49.46,Homo sapiens
SEQ_226594,AACTGGAATATCGCGCCTAGACTCTTACTAAGCGTAGGTCCCAAAGCCTGTCCCCCTGCCACACTGTACTAATACTTATCAAGCGAGGACTACTGCCGCGCACTAGTGATCAGTTGCTCGGCGGCGACCAATACATCCGCAGGTCATCGTCTAAAACGTCGCGTGCGTACTACGTATTCCTTATTTAAACAGTTGTCCTCTAGCCTGGACGACCCACAAATTTAGGGCAGGATTGGCGACAGGTAAAACGAGGCTGGGCTGACGACTCCTCTTGCGCTCCGGGCCGCTGCGTATCTTTCACTTTGACAGTCAGGGGGCGTGCTTATGGAGCGTTGGACTGGCCGACCTACCTGTCCGTCACGTTCCTCACGTAGAGGTAG,380,54.21,Drosophila melanogaster
SEQ_486948,TCTCGTAGCCGATGGACGTTCTCAGAGTTATATAGTACCGCCAAGCACGTACGAACTTAGATGACGAGGATTGAAGGCACGTGCCTTGTGGTCACTCTAGTCGACGTGGAAGCCACCCTTTTCATATTTTGACTAAAGCTAATCTGTCGGTTCCGAAAAACCGCTCCCGGCACCATATCAGGATCCACCCCTGCGCCCACAACATACAGATCTGCCTCCGAATGCACCATATACTAGCATAATTTTCTGCCCATCAGCTGTGAAAAGTCATGGCTGGTGCATGGCTGAGCAACGGGCCAGCCAAAGATGCAATTTGACACCTGGAACCGTGGAAAGAATTGTAGTTCATTCATCGGGCACTCATCTTGCCCTCGTGTGAAATGCCCGCGCGCAGAGACATGGAAACCTAATCAACGGATGTAGTGCCGAGGAGTCAAGTCGCCACGTGGGCCTGTTGCATTTTAGTATAAGACAAACGTCCAGCTTTTGTTCAGTACTTAGACGGGGCTTCAGTCTAAGACGCGTGAGACCCTGCCGATACCAAGGAAGTCGCCATGCAGTGGAGGTTCTTGTGCATCCGCCCAATATTTCTCCCGAGCGGCGTTCCGCGGCTTAATCCCTTGCACGTATAGCGTCATGTTTCAGCACGAAACTCTGGTACCCCACGCGAACCCCTTTGGGTCGGACACTCATTAGTAGCGCTTTGAACTTTGTAAATCGACTTCTCCATAGACTCCCCATGATAGTATCTTCGGTACACCCTCCTTCCTCCCTACGGCAGGACGATTAATCTAGCGGGCAGGATTTTGTTCGTAGCTTAGACCATGACATGGATCACAGCCCTCCTCGTTGGCTCAATTGTGTGGGTAGTTGAAAGCATATGGACAATCGGCCTATGGCAACGATCGGAAAATTTTCCTGATGAAATTTAGGTGCTAGGCTACTGCGTGACGTACGCAAAAAACTCGGCACATATCCTCATGCTATACATTATCAATCGTTGCCGTTCCCTCATCTTCTTTTTACCTGGGACCTTGATATGTCACACACACCGCTAACAGCTTTGCCAATATGTGCTTATGGTCACAGGGGGCATCCGTCGCCACCTTTTGACCCGCTCACGCGCCCATGCTACAGTGCACTTTACTTTGGCCAAGTTACACTCACTTACCAAACGCACTCTGGCTAAGAACATTATCTGAGTTTTGCACTACCCCGTCGGATAGAACAAGCACGGTACAGCTGTCACATTCACTTGGCTTGCTGACTCTCTCAGAGGAGATGTCGAGCCCGGGCACAGAAGTGAGTAGATCCCCTCCGAGCCCAGTAGGACTCTTCCGTTAGTAACTAGTATTAACTGGCTGGTGTTTCCGTCACGAGATGCTCGGACGTGACTTGTGAGGTGTACTGTACTTATTTAAATTCGCTTGATCCGGCTAAGTTAAATGATCATTCTCCTGCATCTGACATAATGTATCCCCTATGGAACGGTTGCTAATCCTACTCAATAAGGCCTAGCGGTCTGCATAGAGTGGCTGTCATGATGTTCGCTATAATCGCGGATACATAGTGCCTAGGGTTGGTACCTTAATCACTCCTGGCGTTAAAGACAAAAATACGTGCCCTGCACCGCCGTAGTAGCCGTAATACTCGTACGCGTCTAAGGTGTTGCCGTGGACATAAAGCTCGTGGCCAGCAGAAATACCGGGTTTTCTATTGCTGGGTTTTAAGATGATGGCTTACTGTTAACCATAGGACATCTTCCCTAAACACTCTTTACTGTTAAATGCGTTACCGATGATGCTCCTTGCCACATCGGTTCAACATGCATTACAAATTGAGCAGTTAGCTGCAGATGTGATTCACGTCGAGTGACAAAGATGTGGGCCGAAGTCTCAGTACAGGGAATA,1910,48.9,Escherichia coli
SEQ_391730,GCCGGGTGTATTTCGTGTGAGCGGCCTGTTATTGCCAGGTGGGACCCGACCTGTATATATTGATTCTACTGACGATTAACGGCCTTTCTGCCCGTGATCAGGCACATGAGGGTTGGCGCGAGTTTTGACTCAGCACAGTGCAAAGATATCTTGACTCTCTGGTAACCATCCGAGCATGCAGTAGGATGTGAGGCCTGAGGTCCAAAAGTCGGATAT,216,51.39,Escherichia coli
SEQ_128380,ATACTGCCTGCTGATAAACTACACTAGTCGATGGTTATGGCTGGATACTCTAACACGCCTGCTCGTAGGGACATCGATCAATCGATCGTCTGGCCAATACCAGTATCACTGTGGTCCACGGCCGTTTCCCAATTTACCTGTGGACTGTATCTAGACAAGGCCTGCTCATATATCTTGAATCGAAAACTGTCAAGGACAGTCCGACGCCTCGCCCCATAACACCGGCTAGCATGCTACGACCGGGTGGAAGTGCTCCA,257,50.97,Arabidopsis thaliana
SEQ_881802,GTATGCAGCCACAGTCTTGACCTGGAGGGTAGCTCACTACGTCGTTCCGTGACCTGAGGCGGAACTATTGCATACTCTTACTCTACCCACTATAGTGGAGTGCGCAAGTAAAGCAGCGTTAAGGATTGTTCCATACATCACAGGTTCGGCCACAAATCACTCTTTACAAGGAAGAGACTCGCATCAAGTATGAGTACATAGTGATTTGCCCTGTAGAAAGCACTGTCAGGGGAAGCGTTCCTCAAGTGGGATTGCTGTTTGCTGGCTATCTATTTTACCTAGGCATTGCCGGGCTTGGTAGGGGCAACCAACTCCTGCATTCAGTATTTAGGGCTGACGTGTTAGCACAAGTAAAATGTACACTAAAATCGTTCGGAGTCCGTTGACAGTATACTCCTGCCCCCGTCCCGGGGTCAGCGGTTGAGAGGTATGAACATCACTAGGACATTAAGCTCGTCGCATACCGCGATCTCTCCGTCGTATACCTGCTTTGCCCTTTCCGTAGGTTGTAAATCACTAGGTGGTAGCTATCCTCCATCGACTTGCTCCTCCGTGGAAAGCTACTCAGGTGGCTCGATTAACCCACCCAGAGAAAGAGGTATAATAGCGCGGACCTGAGTCCTATGCCTCACATTCTGACATCCGCAAGTGACTGGAGGTGACTGTAGATTTATTTGGGTTTATGAGGCCAAGGGCTTTGAGCGCATTAGACAATTGCCCGGTAACAACACCAACGATCTACCAAGCTTGGAGTCTAGCCTTCACGAATGACTCAACAGGGTCGGTCCCCTCTAATTCCCGATAATGCTCCTTGATTTCCCAACCCTATACTTATAAAGACTCCTTATGCGCGGATCCGGCTGCCAACACGCGCAATTTCTGAGAGGACCGCTCGGCAAGCGTCGGGGTAGAAAACTTCCCAGTTTTCGAACAATACCGCAGTACACCGCGAATACGCCTGTATGCGCGCATTTAGGTTGCAAGCGGGGGATCGGTCACTACAGCAACAATACCTTAGGGCATGCACTTCCCAGGTGAGATTGGGATGGTAGCACGAGTCAACACCTCTCGAACCTTGAAAAATCAATATTATCCCCATGTTAGCTAACATGTTAGCGCAAGCGATCCCCGCTATACTTAGCAATTGATGGGTTTCTCTCTGCATGTGCTGCCTGTACAGCTCGGGAAATACTGCCTATCATCCGTCGTCCTTTATGAGGAATATTCCGTAGCTCAATGATTTTTACTACCATTTCCCTAGGAGGATTCACGCGGATGGAGTACTATCACGGGCGCGATAGACCTCGGTCCACATGTTCCCAAGCGACCGAAGTCGGTAGGAGTAAAAGTCTCTAGGCTCGAACGCCAACGGAGGCGATCCAACTTGGCAAATACACGGGGTTCGCCCCTGTAGGGGCCAAGGACTAGTCTCTCAACAGCGGGGTGAAATAGTTGACAGCCCG,1463,50.24,Caenorhabditis elegans
SEQ_904111,TCGTAGCACTTTTTCCGACTTCGTGCCTCGGAGCCTCTCAATCCTTAAGATATGCTTTCTGAAATTTGGGTTAATGATAATGGCACTAGAATCAGTAGTCATATAGCCCCTTCTGCAAGCTAGATCAAAACAATACTCCAATTGCTTTTACACAGACCTACAATCAATGGTCCTTAAGCAGCTTCTGCCGTGAGACGCGTAGTTATGGTGCAATGTACTTGTCGGCTTATCTTGTCTGAGTGACGGCGAAGGCCAAGATACGTCCCTCGAGTTCTTCAGCGCCCATAATTTTGCAAGAGAGGAATAATGTTGGGCGCCTCAAGGCGTCGCCTCCGCATGCT,341,46.63,Drosophila melanogaster
SEQ_550746,CCATGGCTATTGAAAAACCGTGGCCTGAAGGCGACTGCTCGAGTTCACGCCTCGACTTTCAACCGAAACCTGTTGTACTCTCGATCGGGAATCGAACCCGATCTGTCCGAGGTCACCGAGACGTCTGGTTCTCAACGCCCACAGCACGAGCTAGGGCTTGGTGGATATTCGGTTATAATCGATAGGAAACCGTGCACCAGACTGGCACCCTAAGACCTAGGGGGTTCAACCGTGGTTCATCCTTCAAAGTCAGAGTAGGATGGCTGCAGTCCAGACGGCACATTTGCGTAGGCCAGTGCGCAGGGAGAGTCGTCACACAGAGGTTTCCACGCTTATAACTGTGGCTTTCTGACTTTCCCGGTCGGGCTTGCTAATGTACACCACCTGGCAGCGAACT,397,54.41,Mus musculus
SEQ_592029,CTATGCGCTTGCAGGTTACGTCTGCTTCCCAAATTAGAGCATGGGTCAACTGGTCGCCGAAGGAGTCAACAGTGGATTGCTTCGGTGCGAGAGAACGTTTTTCGAGATACCAGTGAATGTTATTTGCCATTAAGGCCGAAAGATCGGCCTCACTTCAGCTATCGACTGATAACGAGTCCTCAACCAGTCGGGGAGACGACTTCGCGTCTCCTCCGTTTTTTAGCATGAGGGTGCCGGTGGTCGCTCGCCTTCGCCTGGAATAGATAGACGGGCCTGAACCGTCAAAGCCTGGGCTTACTCGGGAAGGAATAGCTTGACCTCCTATATATCCTGTTAGGTCACAGTACCCTAAGACAATAATGTAACTGAATATCGAAGGGGCGGATAAGAATGAATGGTGGCTTAATGGTCGTGCGTATTATCTGATTTAAAGTCACGAATCCAGTTTGGTTGCGAGAAATTCGATATCGCAGTCGACTAAGACGTGTCACAGTTGCTACGCGATTATCAATACTGAATATGCTCTTGCAAATCATAACTCCATCTCTTCGAATCTGTACGGTGATCTCGTCCAAGCCGCGCTCGGCCCTAGTTCGGTTTGGGCCGCTGGTCCTGTGTCCAGCACGATCCTTTTATGAACGCTTCTTCCCCCTTTTAACTATTTTTAACGGTAAAAAAGATTTGTGCCTCACTCGGTACGAGGAGCATGACGCACTACCAATCAACCGCCCGGCGGTAGAACGGGTTTAATAGTACTCAGCTGCGTTATCTATCGGATCCTAAGGGAGTGTTGTTTTGGTACTCGGTGCATAACATTAACACCAAACAACTGGTAATTGTTTCTACTGTTGAGTCCAGCTACTCAAGGTGCTTAAAGCGAAACTAGGTTTATAAAATACCCTCGGTTGTACTGATACCGTTCAGGGCAGATGGCCGGAGCCGTACTGCCAGAATACAGGTTACTGTATAGACTCAGCAAGTTAAATACCTCCCTTCTAATCAGAAGAACGCCTGTTTAATGAGGGTCAGAGATATTGACACATAGCGCGCACCGCTGCTATGTAACATGCGCCACGGGTACTAGATTTATTAGGCAACCTTAACAGCCGATTTTTGCAAAGAAGATTAGTTGTTGTCACGTTCATAGCACCACCGGGTAAGAACATATGCGCTGGTACGCCTTAGCTATGCGAATGCGTTTTCTCCTCAACTGAATACTGTCTTGGCCATTCATCCGTCAGAGTCTGTAGCATCAGGTGAGTTTAATCATAGACTTAGACAAGAAGTCAATGCCAGATTATTCTCTTCGTTTTTGAAGTCTCCTCAAAGGTAGGACGATTAGAGCCAACGGTCCATCAGATGGACGCTAGGTATCTAGGTGGTAGTGTCCCGCTACAACTACAGCCCTTGTCTCGCGTCACTAACATTTGA,1431,46.89,Homo sapiens
SEQ_396334,CTATTTACCCCTAGCGTACAAATCGCGGACGTCGTAGTAGTAAAGGACACGATACATTGAAAGATGGGTTCAGTCGTATTAAGCCAGCACTGTCCAGTAACAATGGACTGTGTACCGACCTCATGCTTATCTTCATGCATTGTTCCGGGGCTAAACAGAGTCTGTCCGACTTCGTTCACGTTTGCACCGTGGCTTTTGCTGTCGTAGCCGCCCACTATCTCGGCCCGTATTTACGGGATAATAACGGCTTGGTCTCGGCACTAAGGGATCACGCCCTCACTCATAAAGACTCCCTCACGGCGCCTTCTCGTGGTGCGCGTCTGGGGATTAACATAAAACAAGCGGACCACTACTCCTTCAGATATCCAAGTAGCTTAGTTTGCTTTTTGCTGCGAAGTTGTTCTTCTCCCAATAGCTAACTCTCCAGGGAAGCCCTGTGTCACAGGTGGGTAAAGGCCTGTAACTATTCCACTGACGAGGAATTCCTAAGCCGCCGCGAGGCCGACGGTTTGGAATATCGCTCGAGCCTTATCCCACGTGAAATCATCGCAAATAGATTACAGGCGTCAAGGGTCTTTTAAAGTCTTCGCGCCTCTAGTAAAGATAATGATATTAATGGTGGGACGGTTTCGGGTTGTCATACTGATACAGGCACAAAGGGCTAACAGACGTCGATGATTAGCTAAAATACAATCGATGGGAGAAGCACTCGTAAAGCTTTCGTTGAGTGGTGGCTTACTTTCCTTTCTCTGAATGTGGCTCCTCTTACGGGTATTTATCCTGCCTCGTCATCTGACGCTGGACCAGTAAGGGGGCGAGTACGATTCCGGATCTTTTGGCGGCCCAAGCTCCTCCCTCAGGGTATTGTGGCGCGTCGGTACTTGCAAGAGGTCCGCAGAATATAAGCGGCGACTCGTGGTGCAGGTACAAGCATACACGAAAATAATTTATACCCGTTCTGAGTCGGAAGAGGGGGTTAGGTATTGTGTTTCTTTAGCAACCTTCATGTTCACACCACCAATGTATATAGATCACATGGAGCAGTTCTAGTCCCAGGTACGCACCCTTTGCGCCGAGTGCTTTCAGGCGGGCAATCTCGTATGGTTTGTTGATGCAAACCCAACGCCCTGCTGGGTAGCGTAGCCTTTCGCTTTTCTTGCCCGCGTTGTTAGAGGCCATCCGCAATAGCACCGAAGTTGGGTGACAGAAACTCCGCGTTTAAAATACAGGCCCCATAGGGCGTTCAGTGGTTATTGGGTACGCGGATCCAGGTACATCTTTGGGTTGCCACAACAACAATAGTAGCGTACTTTGAATTGTGAGCGAGTGGTGCGTGGTTTCCTACAATTGGGAAACGACTGATTCTGTTAGGCGAGGCCCGAAACCGCGCATTCGTCATGGTCGCCCCTCTAGACTTGTCCATCATTCCAGTATTCGATCGCAATTGTTAAACACCCCGTCAGACATTAAGGCTTTACGGGTGGTCGTGCCCCAGCGCACGCACGGGCCCGAGGAGTACCAGGTACGACTAGGTTTCGGGATTTGGTACTGGTATGACGAACCTGAGCAAGGATCATTTCTAGGGGGCCGGCGCCAGACTGAGCATGCATGACGTACGTTGATTAGGACCAATGAGGAGTGTCGCGCACCGAGCGGCTAAGTATCATATAAGAGAGGACGGACCGGGCATGATGTTTACGACGTCTTCAGATACGTATTATAATCCAGGAGTATGATTGCTTACCACGCTTCCGTGTTAGAATGGAGCCCCAGCCCAACGACGGGTAGACCCTACAGGACCTATGTAATAAGCCTTCGGCGAGATTGC,1828,50.6,Homo sapiens
SEQ_470918,CGGCTTGCGCTCGAGTCGACATCCAACGCCTCGTGAATCTTCACTTGACGTATTTATTCCCGCGAACCTAAGATATGGTTTGATTAATCATCTGCATCAAGCAAGTCGGTGGGAAGGCGGAATACCTTGGCAAGTGAGATGGGGAAGCTTGGCAATGAGCGGGCACTAAATGTGAGAGCGTAGCCCACGACCCGACACCTGAGCTATGGTATTTTGTAGCAAGGCAAACTAGAGTAGGTCGAAACAGGAGGAGCATCACGTCTGGCAGGGGCGCTGCTAAGCCTTGATGCTCTGGTTTACTCCACCCTATACATGGGGCGTCAGCACTAGTGTTTCACTAACTCGAGCCTAAGACCTTACTTCGCCTTCCTATTTAAACATGCCGGCTCATCCTTCATGCCCCGTTATCCCGATCTTCAGTTAATCAAATACAATGATAGACCCCAATAAGGCAGACCGTTAGAGAGGTTCAGAGTGTTTACCACTTCCAAGTAC,495,49.49,Mus musculus
SEQ_687352,AAAAGAACCATCCGGTCCAAGATAGAACGTATCCACTCGTTGATCAATTGGATAATGACATATGTGGACTGAGAGCACCCTGCTTAAGTTGTCGACCTGGTGAGGCCGTGATACTTATTACATCCGTTTCTCAATTTAAGTGAACTTGGGTAATCTGCCGAATCGTCAGCGGTGTCGCATTCGAGACGACGAGGCGAGACGCCCGACATCAGCACAAAACTAATATAGACGCTCTCACGATTACATTGTAGCACTAAAAATGGAGTTTGGCTTCGACGCGGGTAGTGCGGCTGGGACCGTTGCACTTGTTAACGAATAGTCACCATCCCGTGTCGCTGCCCGCTTATTTATATCCATGGGGTGATGTCACCCTCCAAGACGATATAGGAAATTAATTTAAATTCCTTCCCGTTTTGCTTAATATACCGGGGATGCAGGACTGATGTTACTAAGGATCCTTCCACGTCCGATTGGCGGCTGATTTTAAAGGAGGAATGTGTTTACCGTGGGGGTCCGTAGCATTTTGGTTAGGTAGTCCATCTGAAGTTTAGCTTAAACTTGAGATACTCGTCCTAAACCAGAGCAAGGATTGAGGTAACCGCTCAGAACTCCTTGGAGTCATTGTGTACCTGTCGGCAGACTTGTATCATATACCCTCCGCTCGGGCGACCAGGCCATGATTCTCACCTGGTTGTCCACGCTGGAATGCGCGGGCCTTCGCCTACGATTGGGAAGTTTGGCAGGTCGGCTAGCATGACTTTATGTGTTTGACTACATCTGAAGTGACTTTTGCAAGGCCACCCAACCGGGTAGAGCCATTCGTTCGTCGAGCGTCCTGGTGTCCGAATAAGGTTTGGATACAGGAAGAAGAGGCATACGCTCAAATGGCCGGGGTCACGTGAGCATCGCGTTTCAGCGATATTACGTACCTAGTCCTCTGAATACATTCTGGATACAAGCGAGATCATAGCAATGCCCCTAGTCCTATGCAGCACGATATTTCTGTGGAATGGCAGGTCCTTCAAATTATCGTTTCGGAAAGAAAATATTTATGAACCCATCGCCAGATGTACATAACAGTTGAACATACATTCGGTGCGGTACGAGGCTTCTTGGTGGTGACTGGAAAAGCGCTGCCGGAGTACGTGATGTATAGAATCTTCCGTAAAGGGTAAGGACCCAGGACACCGGTGTGCCCGTGACAAAACGACCGGTCGGCCTTCGCTGTATTACAGGCATTACGTGTTAGTGTTCATGCGGAAATGGCCTCTGTCACCCGCTATTAGGAATGTGTAGCAAGAGTCCCTTAAACAGGCGACCTCTGCAGACTCAATACGAGGAATTAGTTTGCCATCCGCAGGGAAACCGCGATTCCCATGCTGCCTGTGGTCCATCCTGGCCACCGGACGCATGCAACTTCTGATTTGTTTGTTCCACGTTGTGGATGCCTCGCAAACGTGGCATCAAGCCCTTATGGCCGATGTAGATAACTAGGTAACCTACGTTCTACCGATTAATGCGCTCCAACGTCGATCGAATCGTTAGATATAAACAGGCCAATCTTGAAAAAGATTCCGCTAGCGAGGGTTAGGTTCGGCGGCCGACTAACACACACAATATGTACCATACGTGGCCCTACCTATCACCGATTAGACACTGATTGCCGTGCAAGCGTGCATAACCTCGTACGGTACCACGCGGACCAATCACGCAAGCAACGGGGGGAACCTGTACACGGCCTTAAAAAACCCTTTAATGTCATAGCTTGGGGAACACGTCGAGTCTTCCCAATGCACCGGACGTCACGGAGACAGTCCCAGTATCCTATCGCGGGGCCGTAGCAGGTACCATTCTCTTTGCTGGACGTGCGCGCTTTAGATAGACTTGTGGGTGAGAGGACAATGTTGGGGTTGTCCTGACCCAGTATAGATTTCTTCGACGAATCTCCGAGAACGTATGCAGCGACACCTTTTTTGCCCTCTCCCCGCTGGGTAGGCACT,2000,49.8,Arabidopsis thaliana
SEQ_591497,GTTACGAATGAAAGGTACCACTGGCTTGATAGTCCAAGGCCCCGGGAATACTATGTTTGCAGGAGACTGGCGTGGTGACACTGATTGAGCCTCATTAGGCGAATTAATTCCTTTAGAACTCGCCGCTCTGAGACGGTAGGGGCAGAGACACCCTGCGCAGTGTCCCTTCGGGACGGTCGTTGCTGTGCATCGTTTTTACCTCCTCCGAGATTTCAATCCTCCAGATTAATGAACCTCCGACCTAAAGTTCCCAAATGTGCCTCGTCCGCTAGAAGCCTTGATTTCTCGCCAGCAAAAATCTAGGCGCTTCATTGTGGCGCATTTAGTCCGTTCCGCAAGTACGGTCACATAGGATCTGATATCACCGACTATAGTGCGACGCTTCATAACTGCCGCGCATGGCGCAGAGATCGCTAATGCCCCTACGGCGCGGAGTGGTTAAGGTAAGCGTATGTAGGTCAGCAAAGCGTCCCACCACAATACTCTTACGTATTGCTGGTCATGGAACTTGCTACTCTGGCCTTAATGGACGTACCAGTAAGCTTGCGGGTTGTGCCACTCCCATTATGGCTGAGCTGCTGCTTATGTTAAAATCGGACCCGTCGTCACACAATTAGTGAATTCGGGGTGTTCAAGCTTTTCCTATGGGTACGTAGGCGAAATTAAACTCTCCGGAATAATAGTCTTTTTGAGCTTTGCGACGTGAAGCTTTTGCTTCGGCCGGACAGCTATCGAACAAGGAATTGTCGCGAGTTGGGCCTCGAATCCTGTTAACTGTGGTAGAAGTCGCCCCTCGACGCTCGTCCTTTCGGTACTCCGCTATAGCCTAGGTGCGCAGACATATCGTTCTGGCTAGCCGGTGACCTGGACCTTGTTGGGCAAGAATTTGACTATTCGGTATTAACCTGAGGAGAATCACGCCAAATAGTAATCTGCAGTTGTGGGTGGGAATAAACGCAGCATAGAGAGCAGCGGTTGACTCCTAGGCGGTTGACTGCACTACTAAGTGGCGGCGCAAGGTCTTGCGAACCTATTCACGCTCCAGCCGCCGCAATGAAATTGCCCCCGCAGGCTCTCACAAAGATGGGATCACTGGGTCAAGTATGCCGCGTT,1113,51.39,Drosophila melanogaster
SEQ_986294,CGACATAATGCACTTGAGGAGCTTGACAGCTGTTTTGTTAATATTACTAGCTCCATATGCGTCGAGCCGTGGAGGACCGCAATTTATGGTGGCCCGAGCCGCGTGCATACAATGGAACGATCAGAATGACAAGGCGCTTGCCAACTCGGGCAAGTATCATCCATTGGTTAAGTTGAACAGTGGTATATAATCTCGGGCTTCGGTCCCACACTTACCTAGTCAGGAAATTCGGTATCAGCTTGTTGCCTACGTCGCCTATCACGGCTTAGACGTAGTAAACACAAAATAAAATCTGTCCTACCCCTAATTCACCCCTTTCATCTACAGGGGCTTACTCAAATGGACTACTGAGCATGCGGCACGGTTTCGCGTCTCGGTTTACTCCTATGCGCTCCCCTGACGCCCGCGTGCGTATGAAGGTGAGTAGCGACTACGCATCATCCTCTCCCCGCAACAGGGGAGTCCCTACCCAGGGTCTCGCTAGATGGGCTTAAGGGGACGTATTTGCTTGGCCAAATTGCGTAATGAAACTCCTCATATCCCTTATGGGATCTATCTATGGCATAGTGAGTCTCTTGTACATCGCCAACCAAGTGCACTCAGTCTCCACCAGATCAACTCTTTCATTGCTACTCTCAGTTTGGACTTGTGATGGTCTTGGGTTCATGCTGCTGGTCCAGAGACCAGTTCGATGATGTGTTGCGATAACCCTATCCTTTAGTTTTACCTCGAACGATTCTGAGCATACAGGTTGCTGATCTCCTATATATGTGCGTACTTACTTTGCTAACATCCCAGTCAGTCGGACGGTTGAAAAAGGTCGCCGTTTACTTCCCGCACTGAAAGCCACGGACCCCTTTGGGTGAAATGCACCCTACTTTACTGAACACCTCGATCACCTTCTCCGCCGTAATGTGGTTGACGTAGCCTGTACTACAACGACCTGCCTCTGCTTCAAGGTAAATAAAGGCTCACGAGATGTTTCGGCAATACCAATCGCTACCGGGGGGCATTGGGAACTAACTCCATCGATCCGCGTAGACTCTCAACGGTATCACTATCGCATACCACCCTTGACCAGTTCCTGAATCTTATGCCGGCGCGAGGGGCTAAAACTCGGCCGGGGGGTTTTTGAGTGATGAAGGATGCTCTCAGGCGACAGTGATACACTCCCCGTGAGAGGAGACGGTGTATAACCGATCGGGTCCACCTGAAGCAGCTAGACTGGGATGACGTCATCGTCTCGTATAACATCGCCGAGGCCAGCGCCACCGGCTTTATGGGGTGCGCCAAATCTTCTTATTCGATACCGTGACACCGTGGGAACTCCGATTGCGACTCCTAATTCTTTCGAGTAATCGCATGCGCCATTACCGAGCTACAAACTTGCTGATCCAGAGGCACGATTATATCGACTCGCTGGGCTCTAGCTTGATTTTACGGGGACAACTACACAACCAAGGACAACA,1469,50.51,Mus musculus
SEQ_691455,CATCAATCCATCGCTCTAATCGAGGTCGGACTCTCCACTCTGAGCACCGAAATGGTACCACCTTCTAATGAGTCCGGTCCAGTTGGGTAGTTACCTATAGTGGCGGTGTTGAGTGGCGCATGCACGCTGGCTTGATGGCCCAAATGTGCCTTCCGTTAAGGCGGAGTGATTAACTTTCATTCTTCTAACGGGACTGGGAACGTCAACCGTATGCGAAATATTTCCCTAATCGCATGGCTCTGGTTCGCTGTTCACCTTGAGACCTTCGGGTTCCTCGGGCGTAACCAAGTCGACGACAACTCGGATTGGTTGACTGCATAGTCAGATTTTGGTCATCGTGCACCTTA,347,51.01,Saccharomyces cerevisiae
SEQ_218102,ATGTTGAGCGCGATGGTCCGGCGGGCTCAGGATAGTTACGTCTCTACAAGATCATTTATCTTAGATGTCTTCGGTGTAGCAGCGATTTGAATATTTGGGCTGGCATTGAGGAATTGTCACGTAAACCCACAGGGCCGATGAGCTTGACTGGCCCTTAAGTGCGAACTCACATGCTTCGTAGGCAGGATTTTGCTGTGAAGAGCAGGGATCACTTGGTTTACAGACCTTCCAGCCCTTACGGATGACAAATGGATACAGGATTATCAATAAATACATGCGGTACTCCAGGGTAAAAATTACCGCCTGCACCGTAATCCTCGGTACCTACTATGCAGATCAGAGATGGGAATGAAGACGTCGTTAACTAGGCCACTCAACTCATAATATCGATCAAGTACGCTATCTGACCTAGAATGCGGAACTTAGCGGAACGAATAGCACCTCCAACAGCTCTGCTCTTAACCAATGGCAAGGTCAAATGAAGTTACTATCGGCTTCCATAGGGACTCTAGGAGTACTCACCTAATGATAATAGCTCTATCAAAGTACCAATTACCCGCACCATTTAGAGATTACTGATATTACCATTCCGGTACAGGAATTTGGAGTCGTGCACGCTGCTTAGGTGCTACTTCCCCGTGTCCCGTGACAACGGAATATGTTTTAAGGACACCTACAGTCTCTTATCTAATTCCAGCCCTCACTGCGACAAAATTTATGGCTACGTGTCGAAGATCCGTTTTTGTCAAGCCGGTTAATCTAGGTGGAGACAATGTAAGTCGCAGACTTAGTGTAAGGTCGCTGTCACTTCCGGCAGCATCTATTGACACGGAAAAGTGGACTGAGACCCTGAGGTGGGCCTGCTTTCGTTGTAATACGATAGGTGGAAGCATCACAGTGTTCCCATTTCCCTGTGTATACCGGGTTCACAGATGTGGGGGTAAATCGTTGTTCCGGGGAACGCGCGCCGAGCTTGCGGACAAAAGCGCAGTACCTCATTTGCAGACACCTTAAGGTGATTAAAGTCACACACCGATCCCTTCAGCAGACGTCCTTTGTCAGTCGGCCAGGGTGTTGGTGGTAACTATCCATTTACGGGAAGAGTAAACCGGAGACATCTCCATTTTGGGCTACGTCACAGGCGAACCAAGGTCATGCCATCGATAATGGCGAGCAATGTTGGAGACAAAATGGTAAAGGGCTGGGTATACACACTATTAAGGGCTCGGTTCAAGTCTTGTTGGAAATTGCGTTCTACTGTTCCCCTTCTGCTAGGAGAGTTGTCGAGATTTTGCACGACCATCTCACAGCGGGATACCCGTGATCAGCTCTCAAAATGTCCCTCAAAGCGGTTCGCGACTAGGGTGCATACAGAAAGATTAGATAACAAGCGAACGTTACACAATGAGCCAGGTCCTCCGAGTAAAAAAATGTCAAAAGAATAGCCACAGTGACGCGGACCTTGGAGACAGCCCTACGAATAACTACCACTGGCCTATCGCATGCCCCAATAATGGTAGGGAAATGTTTGATTACGACCTTCGCCCACCTAACCCTTAGGAATTGAGATCATAGCGGGGGCGACGCACAGGAGATTCAGAAAAAGTCTATAGGATCGCGAGTGCGCGATACGCCGCGGGGGTTTTCTAATAGAATATCGTTCCTCATAGCATCACGTACAACCAATGGTCGACAGATATGCCGCTGTCAGCTTGTAGTCCAAAGACTTGTCATGCAGCATTGCCCTCCCCTACCAAAATATAGATTACATCTATCTTTACATCGAGGCAGAACAAGCTTATGCAAGAGTGAAGCGGCATCAGATATTCA,1830,47.6,Arabidopsis thaliana
SEQ_837591,TGAGGCAGCCTACGTTGCTGGGGGTAGAGTTAACTCGATCATGGTCAGCTGGCTACTCGTTAACTCTTGCTCGTTTTCTCCACCGGGCAGCGCACGGGCCTCTCTCTGATCGACTTACTCCTGGAGAACAACCGGGTGCAGCACTTACTACAGGACTTAAATGCCTCGAGCTCGACACGGGTCAATGTAGTGGGCTTATCCGGCGTACATCTACCGTCCAGGTTCTCTGCCCAGCGGTAAATTTCACGCTACATAGCTAGTTGGATGGGTGCGGATAGACGATGGCTCTTTCGGGATTTAGCAATTCTGAATGTCTGTCTCTACTTTAACCCTAACTCCAAATGCTCCTGGTCAGGGGTGCCGTCGACGATATCTATTTGGCGAGATCCGACTCGTAGTCCCGGTCGAGCGACATATTTTATGGACTTGTCTTAAACAAGCGACGAAATTGTGCGACCGGTATCGTACGTCACAAGGGACAGACGCTTTGCAAATTCCGGGATTGGCGCGGATTCGCATTCGCACTAAAGCATATTGCTATCACAGTGTACACGATGGACCGATTGGTATCGCGTCGGTTCACCCAAGGCAGTCCAGGATGATCGTAAGTCCCGCTGGATTACTGGATGGCAACGGGCACCCGAATTGAGAGCATAGATAAGCATGAGCAACGGCTACCCTGCAAACGTTAGCCTAAACTTGTAATATGCTGCTCCTTTATATCTCCTTTGCAGCGGACTGTAATTACGGCTAGATTGTTTTGTCTTCGTGTTATACTCACAGCGGACACGCTTTACGGCTAGGGAGATACCAATTGTATCCTTGGATCAGCATAATCGCGGGGTGTGTTCGTATAACACACCACTTTTTATCTGCCCCAGGGTTAATAGATATTTACTCGAGCTCTTTGACTGAGCCGTACTCGTACCAAGTAGGATGGAACGCTAGCGAAACGAAATGGATGATTACTATGCGTAGTCTGGATTCGCCTCTGGGGGAAAGCCCGCCGGCACCTCGGGAACACTATGAGGACGAGTACGGCCTGGCGCCGTTCTTTTACGATTACTCACAGATTGAAAGGACGGCTTGGCCATCGCTAGCGGCCTCGTTGTTTTAGATTAGATCATGATAACTCAGAGCTTTGTGAATAATCACGGCTAGTTCACATCGCAATGCCGATCACTTGCGCGCGCACGTGGGATAGCGACCTGAGCCGCTCCTTCCTTTA,1228,50.49,Drosophila melanogaster
SEQ_859250,GTTAATTGTGTACGGTTAATCTCACTTTACCATCAAGTTGGCCATAGTAAAGAGCGTACGTTGTACGGCGTGTTAAAACCGTCATGGTGTGCCAATGAGACAGTGCGTAACAATCGGACGAGGCAACTGGTAAATTTAAGGGCATAACCAATCATTTACTCATGAGATTTCGAGACACCCGAACGAATACTAGCACCTAGGCAATGCTACGCTTGGGTCCGCCCCTTCTGAGCGTCAGTGATGTGCTCCAATGATTGCACGATCTATCTCATGTAGAGTATTGACAAGTGAGTGTTGAGATCATGTGAACGTAGTATACGATAAACACCACGGCCTAGACAGTATGTCTTTGCAGGTATACTGTGTCCTCAACACAACAGGATTAATCTGAACTCGTTCGCCTAATGTCATATAACAATGTTCCGGTATGGTACTAAACGATCCTTTAGCAGTGATTTGGAAACCAGTCGCAGCCGATTTACGAATAGATGCTTAATGACTACCAGACAATACTTTTGGTCGGGCGGCTAGACTTCAGAAATGCAACGGCGTGGTGAGTGCCATGTGCACGACTGTCCCAGGGTCGCACCGTCCGGGCTAGGCAAACGGGATCTCCCCTAACCCAGATTGAGTGCACCAGAATGAGCGAGGACACTGATGCACCATGCGTGTCGAATCATCCCTGCCTGGTAGGTAAGCCAACTAAGCCGGGAAATGTTGTAACATCCCGACTTAACTCGGTGTTTGCAGGATCGACCCGTGCAGGTTAAACCACACCGAAAAATAAATAGGACGACTTAATAAACCACGGGGCATTTTTAGTTTTACGACGAGATTGGGAAATGCTCATTGGAGTGAAGGCGGACGGGACTTGCGCATGAATAGCGACACCTGCTAAATGAGATCCGGATTCAGTCGCCATCCCGACAAAGTCACCGAAAGCACGGAACGCTATGACAGTATTGAAATTCCAGAGTACTGATATTGCCACCCCTGGCCTGACTACTAGACTAATGGCACAAAGGAATTCCATTGCACATCTCTCTAATTTGTACGTCCGGGTTATGAGCGGTATGTGTAGCGCGAGGTAGATATTTTGGCCCCATCCTAATTTGGCCCCGTACTTAATGAGGTGATATTCACATCTACGCGGGCGCTCTGAGAATAGGTCCCCAGGCGCCAACGGGATATGCTCATGGGCGTGAAGCGCCAACACAACGGAGGTCAGTCGCCCTTTCTGACGTTCTGCTTCTGCGGGGCCCTATCAGCGACACATCCTTAGCGTCGGTATAAGGGCTG,1299,48.73,Arabidopsis thaliana
SEQ_641692,ACTGCGGGAGTCTGCGCGCGTGTCCTCCGCTAACCGACCGCTAGAAGTTGCTACACCAGTCCGGAAATAAGATGTCCAAGCTGGAGAATTGAAGACTGTGGCACCGGCGCGCGAATTTACTCTCGTCACGCGTAAGACTGGGGCCCCACTCGGTAAGAGTAGAACTGGACACCTACTACGTGGGCATCTTCACCTGGGCCATAGGCCCGTTCGCAGGAAGATGGCCTTTCCGGTGTTAGCCGTCTTAAAAGGATCGGCCCCCCACGGGTGTGACGTAGATGTAAGAGAATTTCAGTGACCCTGCATGTGAGTT,313,55.91,Escherichia coli
SEQ_889852,TATCTCGTCCTTCTCCCTCACCTATGTATAGCAATGAGGCGACCGAAATCAACTATGTATGACACGATCAAGGACTAAGAAGGTAGCTAAGTAAGTCGCCCAAAACATGTGTGTGCTCGATAGGTTTAGTCCTAGAACACCTTCCAGTACCAATTGGTGCTTACATAAACGGATATTTCTTCGGTGGGCAGAAACAGGCCCGTTAAGAGAACGGAATGGGACTGGTTATCGCGGTCTAAACAATGTTCTAGGCTAACACACAGATAACACATGTTCGACAAGTTACGACCAAACGGCACGCTGCCAGAGTCTAAACGTGCTGTAGTTTATTTTTATGGTTTTATAGTACATCCAAGCCTAACCGTTAGATAACTCGTCCCGATATGCACAAGAGAATGACTGAACGCAATTTCGGTTCGTATTCACTACCGACACCGTGACGTTGCTATGGATGTAAGTGGCCGTGGTTAGCCTGACATTTAGAATTGGATCTTGGGTGATCTTACCGGTTTCTGATATCCTTTGTCCACATAGAGTTGTCTTAGCTGGCACTCAGTCACGTTCCACTCTAGCCGTGTTGCTAGGGCTTTAGCTCATCTATCCAATGCGGCAGCGGAACAAGGGAACGACGCAATCGGGAGAGTCCCGCGCGAACGCAGGCACTAAGGGAAACCCGATTGATGGTACTTTTCTCCATAAAG,701,46.5,Saccharomyces cerevisiae
SEQ_871151,CCTAACAAGAGGTATTCCGACGCCCAAACACATCGGCTTAATTATCGCACTGAGAGGCATTAAGAGAAGCGCGTGCCACTGTCACCATGGCTGTCTTTACCATGTTTGAGATGGATCCAATGGGGAATTCCCTTCGTGTACTATCCTAGAGCCGTATAGGCGGAAACCCGTGTTTGACCCGACCTGTAACGCGACGGACCTATGGCCTAAAGAGTTTTATATGACGAATCTCGGTACTCGGGCCCGCCTTGAGACCTCGCGACGAAGCGGCCTTGAATGAATTTATGGGTGCTGTTTTTGAACGGCTGAATTCACCTAGCCGCTACAGCGCAGAGATTATTGATACGTTGACCTGAGTGGCTTCCGGGGGCATGCAATGGACCCTCAAAGCGACACCGATCTAGATCAATAACCTAATCGACGACGCACTTGGGACTCCCAGCGTAGACTGTATTGAACCCCAAATTTAGCATTACAGCACTGACGTCGGCACCGTCATTGGCGATAGTACCATCAAAAGAATGAGACGCCCTGACTTCACGGGCCCTTCGCTCAGATACCATTCACAAGGATCGCTGACGCCATTGGTCAGCACGTATTGTAGATAGGGGATTATATGCTATAACTCCGTGTTTTCCTGAGTGACTAAGACACTAACGGGATGCGGTGCTGTTGGCATGTCTTGTGAGGGAGATTCGTCTTCATCTATGACGATACTTGTTCCCGTCAGTGGCACACCCAGCCTATAGACATTGTTGCCCGATTCTTTGATCCGTTACGTCCCCGTTAAAATTGTTCCTATAGATGCTGTTCCCCCGAACTGGTTTGCGCATAATGACAACACGTAGGCCTTCAATACGCCCAAGGGTTAGAAGCGCTTCGCGGATCCGTAGCTGGGGCATCCCCTCTGTAGATAACGACCCTAGCCCCTACGCTGTTCTTAGATGCAATCGTCAATTCTATCGTCCACGAGCACCTAGGCGTGCAAAATTACCGACCTCTACGTCTCGACTCTCCAAATTCAAAATCGCATTGCACGTAAAAATTTATGACGATTTCCACGGAAGTGACAGGACGGGCCTTTCATATATACCAAGGATCGATGGACCCTCCTTACGACGTCCGGTGTTAACGCGGGCTACAGCCATTTAAGCCTACAGGAGAGTGGATAACCTGCTAAATTCCATAGACATCATGCGTTCGATGTGACGGATGTTCTTTAAATGGCTGGTGTTAGCATTGGTAATGCCCCAATCGTGAGGAATTAAAGAACGATCCAGCCCATCCCACCAAACAGGCTGATTCGATTTGTAGTCTACTCGGTTGAAGCAAAGCGTAACTGGTCCCTCAAGACGGCAAACTCCTTCCCGGACTCATAAGTTTGCATGCGGTGCAAAAACTATTCTCGCAGGGCAGTTGTCACAATAGGTGCTCGGCTCTGTCCGCGTTTCTACACGATTGAGAATCTGTGCCGCAAGTATGGCTAATTTTGGAGCGATGCTCCCCAAGCCTCTTTTCCAACAATGAGTTACACAACTATAGTGCCGGGCATAAGGCAAGGATTTGATGGCCCCATACGAAAACCCGTTTTGTAAATGCATCACAGATGACGGGGCTACTAGTTGTGTATATTGTAAGCCACACCTGCGCTGCACCTTCGACCCCGTTTTCTCAAATCGGTTGACTAAGTAGTCTAGTATCCTTCACTCGAACTCCGAGACGATGCAATTCCGCTCCACCGTGGTCATGCGACTTTCCTTGGCTATCAAGGTTCACCGAGTGTCACGACGTTGCAACGCCCCGTAATCAACGTCGACTCGGCAAAGAGTTCCACCAACCAGCTACCCTGTTATAAGCTCGTCTCAGCCGCTTTGAGAACGCTCATTACCTATGTTTCTTAGACCTCTGAATTTAACGTAGCCACGTCGACAAAACCTTCGGACCCGCACTTAAAGTAATCCTCACAAAAACCTGCACTCATTGCTTCCCGGAGTT,1995,49.32,Drosophila melanogaster
SEQ_630379,GGTGCGCCTAGTAGCAAGAAGCCCCCACGGCAATAATGATGAATGGGACTCAGCTTCGATTGACATCCGTTCAACACTGTCCTTCCTCCTGCTTGTTGAGACCCCGCCGAATAAAGGCTTGGCGCCAGTGGGGACGAGGTGACCACTCTAGTGCGCCGATCCCATATTCAGCAACTCGCGGGAGGCACTTCGGGGACTTGTTACTCTTTCCATTTCTGCGTGAAGCACTATAGTTAACAACTGCCATAGACCTATTGTATCGAGATCCGGCTTTCGGGTCTTGGATGAATTCGGGTTCGGCTATCTTCCGCATGTCCGGCGCTACTTTCGTTTCGATCGTCGCAGGAATACTTCATATAGCAATGACACTGGATTTGTATTCGGCGAAGGCGTACCTTGGAGCCTACTGTCTTTTGATTATTACATGCATATCTAGCTGCTTATCTTCATCTCTATTACCATCGCAGCTCGTGAACTTGTCATAAACCTTGAAGTGCAGCTCGCAATATGTTATGGGGGACCAAAATGAAACGTGAGCATCCTTGCTCCATGGCATAATCGGATGCCCATCACCTGCTGAAAAGTACTGGCTTACGGCAAAGTCACCCACATAGGATGCTATATTAACCAAAGAAGGATGTCAGGATGTAATAGTCGACTGATCGGGATCCCGAATAGAGCTTCCAATTCCCTTTATGGGTTAGGCGGTTCCGTTGAGTGTAGATCCTCAAACGTAACGACCATCGCTCATATTGGCCTAACCTGTTGCTGACTACTTGCAATGAGTGGAATGCAAGAGACACCGACCTGTTCGCCCCTGACAGGGGGGACCCGTGTGCCAGTTCCGGTTCTCCTAGGTTGTGTCAATTCTGCTGGAAGAGGGAGGCAAATAAACATGACAACACGCCCAAAGATTTAGGGGTTAGTCTTGTGAATTCTCCTTCATACTTAAGTGAACGGTCGTCCTAGCGACCATTGATGAGTAACCACCTACCTTAATCTTAGTATCTAAACCCCAACTTGCACCCACGAGACCTCGATCGGCTGGGCTTGTTAAGTTTCTTTAAATGTAATCAACGTTGGCGTGACGATCGCACATCCGTAACCCAACGGAAATGATGGGATCTTGGTCTTCGGGAGAGGAGGAGACTAGGTGGTGAGTATAGTATGTTCTCTTTCGCATCGCTGGAGCGCCCCAAGCAAGCTCTAGTCTACTTAAGCGAACAAGCCACATGATCCTGGAGCGTGATCCGTGTTAACTTTGCTAATTTGGGTTAGGGTCCACTTCTGCATACTTTGAGTTCAGGCTTGGGACATGCTTGGACGGGGCGTGGAGATTGCACGTAATGTGAGAATGATGCACCATCCCTCGCTTGGTCAATCAAGAGCTCGTTGCTTCAGGTTGGTTAGTGGCCCAACCTTATGGTGTCCAAGCCTTACCCACATAGGTCGATGGGACTCTTGAATTTGGGACACTTCTCACACGCATCCGAGACTTAAGGACTAGCTTCTGACGGCGGACATTCGAGCGCGGTGTTGCGGTCTTGGCAGCTGATCAAGGGTGGGGGCGTGGGGGGCCACTCCAAAGTCTACCATTCTATCTTTGGATATTAGTGCACTCCTCTCGATGACGACCACCAGGAGTGGAGTGTGGACATCATTTGTGTTCAGTCTGCCACAGACGATCCGAGGGCCTGCACGTTGGCGCATCGA,1713,50.03,Mus musculus
SEQ_855243,AGCTGACATGATCTCTACTGGGCCCTCGAATACCAGAATCATAAGAATAGCAAGCTTCGGAAGCCAAACGTTCGGTCTTATAGCCTTACTCGCTGATGACTCTAATTTTCATATGACCGTATCTTTTGGTGTAAATGACCCGCTAAGAAAAGCAGACATCCTGCGGCTGCTTTGCGGCCTATCAAGTTTAAGCACCGTTTGCGAAGTTCGGCATCATACAATCCACTGCTTCTGCCAGCTTATACTATCAAGTCTAAATTCCATTCCTATTCTGTTGCTTATTCACTAGTTTGTGCAACTCACAGCTTGTCGAGGACGCACGCACAGCTATGTGCGGCGTTAAGAACGAGGACGTTGATGCTATTAGGTTAACTGCCGCAAATCGGCTAGCGGACACTTCACGGGAACTCTAAGAATATCATTGCTAAGACTCACTAGGTTGGCTATGGCGCAAAATTGTTGCGCGCTCCTTAGAGACTGATTACGGATATCTTTGAGAGGTTCTGTGTACCTCCTGAAGTTCTGGATCGCTTAACAAGTCTTGAGCCAAGGTGCATTAGTTGATGCACCCGGAGCGGCTATCAGATTTCACGCTTCCCCCGTCCGCCGGCGACGCAGCTACACTACCCAGGCGAGTGTCACTCGTAACACAGATGAGGTCCATTTGCTGAGCATTGAACCCTATAAGCTGCAGACTGACCCTCTTCAACGTTCAGTGGAGACGAGTAACAGGATTAACCTACACAAAATATTTGTAGCTGTACCGCGTTCTGGAATGTCAAGACAATCGCTAAACGATCTGGATCTGATGACCGCCCAACATAACCAAAAATCCTGGTTTCAAGGCATCGTCATCTTAAACCCCGAACTTGTTAGATAGACGGCTCAATGACCCCTCATTTGTCTAAGGCACCGCCTGAGGACCCGCCAGGTGATCGTTCAGCTTCAGAGCCGAGCTAGCCAGCCGACCCCAACCTATCTAAAAGTGTGGAAAGGTGTGACACAAGGGGTTTAGCTAGGGTAAACATCCTCTATAGTAAACTCGAAATTCACTCAGCGCGTACTGTAATTAGCGGTCTAA,1081,47.64,Saccharomyces cerevisiae
SEQ_608646,TGCGGAGTTATAGGTTGACCATTCCGCGGAGGTATATAATGTACACAGATGAGGTAAAAATGAAGATCCGCCGGTGTAAGCCAGCCTATAGCCCTTGTACAGAGTTTATGGCGTGCCCAACAGCGTGACGGAGCACAGGCCCCCCCACTGCTAGTCTACTCGATAGGCTCCGCCGGCTTAGCTCCCTTACATCCCTAAATTATAAGCGGGACTCGTGGCTAAAGCGCCGGACCTCCCCTCCTAGATCCAGGAGAGGGGGTTTGACTACGAAGGGTACTCTGGTCAAACGCACACATGGAGCGATTCCACTCGCGACTCTCTTATGCCTTGGGGGCCCTAAGTAATACTCAGTTAAGTACGGTCGCGCTATAAGCAAGGTTAAGCTGCATGAGATGCCAAACGGAAGGGGAACCAATAGAAATGCAATATTACCTGATCCGGAACTTCACGGTATTAGACACACTTTGGTCTCCATACCCGATGCCCAACACAAAGACGGTCTAGCCTTACAAAAGACGCCGTGACACCCTAAGCACCCGCCCAAATGCCAGACGCCTCCACTCCAGTGATAGTGCCGCACTTGATCCATTTCGGATAGGTTTGGGGGTTGAGCATGTCTGCTGATGAAGCTCTAAAGAAGCTCATGGAGAGGTAAATACGTTCTCTGTTTCCCGCTAGAGCTTGACTCAACGGCCAATGTAAACGGGTAATGTGCGATCCCCTTACGGGCTGTGCGGAGTCGTATGTCAGCATAATTCTTACTCGTCCAATTAGAGAAACCCAGCTTTGTATCGGCCCGTCCAACCGCGCTTCTTCGTGGGCGCCTATAGTATTGATACGTGTGTAAAGTCACTCGTTAAATTGGTCTGACTGCCTGGTACGATTATGCTCTACCCTAAGCTCACTGGGTGACATGCGTACTTAGCGGCTCGGTGTAGGGGTAACTTAGCTTTGGACGATATAGTGCTACGATGGTCGGGTCGTAGGTGTGAGAACCCATGTACCGTCAGGGGAGTTGTGGTTTTGTACGACGTGTCTGTTAACACCCAGTGGTTACCAAGTACCAGGTGCCCTGGCTTTATTCAGATGAGATTGAGAGTGATTTCCAGGAGAGCGATTGGACGAACACTCAAACGAAGATGACTTGTGATAACAAAGGGTCCTTAACGACGGGCGAGATACAAGAGGTCTCTTTTTGGTGTGGCGGAAATGTCTATAGTATTACGCCAGAGCAGAGTTCTGAACGCTCTATCGCTCCGGCCTATAGTCTGAAAACTTCAATGAAGCCAGCCAAGTACATGCTCGAACATTTGGAGTTCCGGGCGCATGTTGGGCGCGAGAGGCTCGAGACAGTTAGTCCGGCGTCAGCTCGTGTCGGTGGGTGAGTGAGTGATGTAACTAAAGAAGAGGCTCTCCGAGAGGTTGCAGCCCACCTCTCTCTTTAAGCGACCATAGACTGCGACAAAGAAGAAGGAAACGCCAT,1483,50.91,Mus musculus
SEQ_362421,AGTTGAACGTCCTTCGACGGATTTCCAGTGTTTTAACGGAAGCGGACTAGGTCTGATAGACAAAAAGTATAAGTGGGCCCTTAGAGATCGGCTGTCGCTAGCTGTTAATCGCGGGAACAATCCTGATCAGAAACTGATAATATTTGTGGCCTTGTTTCTTTTAATTAGTCGAAGAATGGGCATCACGGGTTACATGGTCCTAGTGCGGCCTGCATCTTCGCTTGTGGCTTAGATCTTTAGTTTTTAGACGAAAACTCGCCTATAGGCGGCGGATGAAGCTTATCACATCCCCCCCCATGGCGAGAAGGACAAGAGTTCCTACCGCTACATGCCGTTTCTCAGTACTTAACACTACGCCGAGTGGCGTCACATTGCTTTTCACCGTCTGTTAGCCCGTAGACCGCACGGGATCTTAGATTCCTTTGCGAGACACATAAGCAACAGCCACCGAGTCAGCCCAACATGACCCCCGGGCGCGTGCACTAGGAGGAGACTGAGTTAAAACCCCCACGTAGCTAGGGCCGAGACCCTCACAGTTTTGGGTCGAATCCCATTCGCGATGGGAGCCGCAGAACGTGGACGTTAGCGTCATAGGAGCAATGAAATTCGGCGTCATTATCTGACCTTAGTAGAACAGTGATAACCCCGCTATGGACTCGAAGAACCTTCGGCCGGCATTGCCACGGTCACGGGACTTCGGTGAACCAATGGTTGGCACGGTAGATGCTGTCCATCCACATAAGTATGCGACAGAATCATTGAATAACTGGTGACCAATAGGCTTATCTCCATGCTACCTGGTCACTGAGATGCAACCCTCCACTACAAGGCAGTAAGACGACGGTCTGCGGCATGCTGTTGGTAAAATCATATATCAATCTGGGGATAGTGGTTATACTACGTGTAATAGTTACGAGTCAAAGACCGTCAACCACGATTGGACAAGGTTATGCCCTGCCTCATTGTTGACCATCCGTATCCGAATAGTGCGTTCAGTATCTGGAGGAGCTCCGGATTCAGAATGATCCGAATGACCACGCAGGCAAGATTCTTTAGTGAATGGGAAAAGCGTGAAGCAACACTTCTACACCACTACTCAATGCAAGAGTTAAGCTAGGGTACCGTTCCAGTAAGGTCAGATTTCGGACGTAGGAACCATAGAATAAGCGGGGTCTGAACGCACCTATAAAAACTTCCGTCCATACCTACGCTATAGGAGAATACGCCC,1228,49.27,Homo sapiens
SEQ_338113,GATCAAACTTACTTTATCTTCGCTATTGTATCCCCTGCTCTAGGACAGAGAGGGTCCGTTGCTGCCGGGCACCACAGCCGCTCGACAATTAGCAGGTACCCCGTGAGTTCAAGCGTATTGATAGTCATAGATAAAACTTCGTCTGTAGATGGTAATGGTGTATGAATTGGGAACCACGCGTCACGGTAAACGTTCCAGGCCACCTGGGGTTCTTATACATTAGGAGTTTACGTAGATATTTATAGAACTGTCCGCGCCCTTGTGTAGGCAAGTCGAACGAATTTGGTGGTACCTACACGCCGCTCCCGACGTCAACTGTGTCAGCGTCGCAGACCCGACCTTGATACTATATAGCGGGCGGAACGGTAGTGTCACGCTATTAATTGGAACATTTTAGCACATCGATCTGGGTTGTTGGCAGAGCTTACCTATGTCTCAATCGGTGTCTTTGCCGCGCGGCCGATTAGTTATAATATGGGTACCTCACGTTAGAGCGCGTATTACAAAGTGGATAGCGCGAGACGCCATTGAGCAAGGCTGTGTGCTATTACAATGACGTGCACGCCGACGGCACTTACGATTGAGTGTTGAGTAACCTACCGGATGGATCCTTTACCGCTCTGGGCGCCACAGGAAGTCACCTGGAAGGCCGACATGATCGTTCTGTCATACGACGTTTCAACCCCTGTCCCATTAAACTCACGACTTACATCCCCATCCTACTGCTCCTTACCTCGGTCGATTTGCTTACCTCAAACTTTGGAGTAGAGCGATAACAACTCATAATGTGGTGAGTTGGGCGCTCCTTGCCATGTCAAAACTGACAAGGTTAACCGAACGTGGGACGAACGGACACATTGTCGGTCCCAGTATAAACGTGAATGGCACTAGAGGTGGTGTGTCATACCATGCATCCAGTCTAAGGCCCAGCTTTCTCACCCTCGTTCATCGCCTCATTAGCCCCGGCCGCGCCGGGGACACGCGGCCTGATGGCAAGGGGCCGCTATAGGCTACGTTTGCACTCGATCTCCAGACCCTGCTATAGCAGCTTACGTGTCCTAGCGACTACCCCCTTACTTGCTCTTAAGTTAGACCAGTAAGCTATCGGTGGGCGTCCGCTGTAATTATGAATTGGCATCTCGTTATGTATTCCCGGCGCCAGACAGCCACGCTGATGCTCACCACTGGACTTCGAGGATGAGGCAGAAGGAATCACGGGCCGCCGCGTTAATACAGATCAAGATACCCTACAATCGTTTCAAGCGGTAGTTGGAATATGGAGCGTCTTATCAAGAGGGAGGCGAACATGACCACCTTGCGATCGATGGTAGTGGATTGTCTATAGCTACTAAGATTTTACCGTGAGCAACAGTCCACGCCTGAAATGCACGGAGAAGGTTTGCGGCGATGGGCTCCAGTCATGGTGCAATCACTATCCGTTATCATTTCGGTCCGTAACTGGTTCATCATATGAATATGCAACACATCCTTAATTCACGTGATTGTTTAACTTGGTGTGGGAGTC,1525,50.49,Caenorhabditis elegans
SEQ_414018,GGCGGTATTTAGACCAGTGAGTGCAGCCCAATCTTGGTCGATCCCTCACGACGACGATAGTGGTAAGATCCATAGTTCGC,80,52.5,Homo sapiens
SEQ_500844,GGCTCGAGTTGCTTATGTCGTGCACACCGCCCGCTCGTCCCGCCACTGCGCTTGGTTAACAGTGAGACATGTATGGCATTGCATATCCTGCTCGATACTGCGGGGAGCTAAAAAATAAGTCGCCCCGGGAGTCCGCATCTACGGGCGCCACAATTCCCTACAATAGCGGGCTACCGCAAGTGCCCTATCCGCTAGGCGGACCTAGAAGTATCAATCAGTCGTTGCTATATACCGTATTTCCCTGATAAGGGGGGACTACATAAGATAGAATAATGCGACGTCATGTTGATTCGAGAGGTGGTTCCCCTTGGACATAGTGTCGTGCCGACGATAACGTCGCTTACTTTGTAGTCGACCGTGTCAGACCTTTGCGTGTCACCCTCGGCTCAGATGAGCTGTGCAACAGTTCCAGGTATGAGCGTTCAACTCTCGAGAGCACGAATCGTGCTATGACGTACATCCTGGCCCGGGAGAGTCGGTATGGCTCGGCACACATGCGATGTTTTATCCTATGAAAGCACGTTTCTAGGAGAAAGTGCCCCCTTCCAAAAAACAAGCAATCGGCGACATTGGGAGATCTCTAAAATGGCTCCAGGAGCTGGCTTCTATTGATCGCCAAAGCACGGCGGCATGCAGTGCGGGCATAGGCAGAAGACGCTACACCACGAAAGCATTTGGAGACGTAAGCGGAGTGAACATATTGGAAACGTCCGGATCGACACCCCCGAGATAGAAATTGGTCTATTATTACAACCATGGTTAACTGACGGACGAATTGCCAGCCTGGGCCGAGGGCCTTCTCGCTGAGATTCTGTAAGCTGCAAAGCTGTTCGACACCTTCACTG,845,52.31,Mus musculus
SEQ_887735,TAGCCCCAACGCCGGTGGTTGCTGGTCTTCTGACTTACTGTTCTGGTACCGAAGGTTTGTACCTCGGCACCAGCAGTTGGAACACCAACCCTTACTGCAACCTGAAGGTTTAGCCTCGGAACGCAGAGTGGGGATAATTATCAACGCAGAACTAACTTAGCCATTGTCTCCATCGGCCTTGATGGTGGAACTTCCGGTAACGCTTACGATGCTCTTAACCCGCATAGGCGTCCGAAGCGGAGTCACGTCAACCCGCCTTCCGGTGGTGTGCGGTGACCGAAACATATTTTTCATTCCGCGTGAACTCTAGTATTATCGACCACGGGTATTCTGAAGATTGCGGTTCTTTATTTTCTAATCGATCCTCCCGTCAACGTATTGCATCATCTTGTCTCTTCCGTCCGCTCTTTCTCAAACGGGACCGCTCGGGTAACACCGAAGTTTAGCCCTCCTACCG,457,51.42,Caenorhabditis elegans
SEQ_799471,AAGAGTCTCCCCTGTATGGCTGACCACTCTCTCGTTTGTATGGTCCCTCCGGTGGGCTAAAGCTGATTAACACAGATATGGCTTTAGTTCGTACAGTCCTGACTTACCTGCTAAGCCTGATTCTAACAATGTACAAGCATCTACGGTCTAAAAGGAACGCCCTTATCATCAACAGGTACATTGGGCTATCCAGACAAGCGAAAGTTGTAAAGGTTTTCTGTCGGTGACAATTCCTTGAGTTACTGTGTGTACTGATGTGCAGTGCCTGACGGCGTGGTACGGCTAAGCCTAATCGCTGTTATTGCCCATCGAGCATGATTATGAGTGGGCCGATTTGGCATGCGATAGTTTAGTGATTGATTATCTCTACGTTACAAAGTACCTGGACTTCTCCTGAGTGGAGTTTAGCTACGAAGCCACATTAAAAAGCTCGGATTGCAGACGCGTCTTGCGCCGCCTTTGCCAAACCGGAACGGAGGGCCGCGGTTGGTTTATACCAGTAGGTCCTTCCACGACGCGCATTTTCTACGTTGGTTTCAGATAAGATCGATCTATCATCTTATGAAGCCAAGAAAGCGCGTGGTGATCCCATCGAGAAACCGTTTGGATTTTGATACTAGCCTGCGCAAATTCTTCTGCAGGCGCTGTGCGCGCCTATTGGAATTCGCCCCAATTTCACTCCGGCGATCTGGATTTACTGAAAATCATAACTGTTGAGCAGTGTACCTACTGCCTCATCTCGCTGATTTAAGGGCCGATATTTATGGTTCCCATTTAATGGTCCAGCGGCTCGCATCGTGAAATGCGCGGGCTTAGTGTCTTCGGAGAAAGGATAACTGTACGGCAGTTCGCCCCTCGACCCACTACGTGCAGTTGATTAGCCAGGATCAGCTTCGAGACTTAGAGGGTGGCGCAGAGCCAGAAGGACGGGATCGTTCTACAGTACTAGTGCGAGGCAAAGTAATAGCAACTTGCCCATTAACCGGCGGCATGATGCAGGTTTCTCATAGTCCTAGATCTCCCGTCCGCAGAACGACGCATTTATGGCATCGAATCAGGCACCCTCAGCCGATGTAGGTATTCACGTGACCGCGAGCATTAATCAGCGAATAGGGATAAGTTCCGCATTGCAAGCCGACAATTAGGTGTTTGGTTCATACCACTTATCGGTAGTCTGATTATTCGACTGTCGGTTTAGGAAATATTGCTGACCCTTGGATCGTTGTTCTCGCTTGATCAGGCCTCACGTCTGAAGTAGCTGCGGAACACTCATGGGCCTCGAGTTACCAATTGATTCCTGTTTGTTCATGCGCGACCGAGACGGCATTTTTGACCATTGAGGTGTCCGGGCCGTTCTGAAGGTGAACCACGCGTGTTTCAGGGTCACCTTAAATGAGCGCTCAAACCTAAACCATTACGCACGGAGCAGTACTC,1434,49.23,Escherichia coli
SEQ_730360,GATATTACCGCCACACCGATAAGAAAAACAGGCAACAAATGGACGTCGGATGAACTTCTTATCGACAGGACTGGTCAGTTGTACTGCCGTCGGCGGCGCAAACCTGCCTTAAGGACTCTGTTTCACGGATAAGAGCATTTATATGAGTGCATAACGAG,158,47.47,Escherichia coli
SEQ_308795,CACCCATCGACCCCGAACGTGGCTCGCCCGGCGTATGCCCGCTGAGTGTCCACAAAGAGGAGACCACTGAGCCCGACTCTAATCAATGTATTCCGTGGTCGTGTCTGTTTAGAAGTTTGAACAATTGAAGGGTCAATAATCAGGTAACGGATCTCAAATTGATGCGTCCCTCGGGTGTGGAGATTTAACTTGATATTCCGCTGATATAGGTCGGGTGGGCCCCAAAAAAAGCGACAAGACATTGCTTGGTGCAGATCTCACCTCCACTCTTGATCAAGTCGCTCTTAGCCGTGACCATTCGGGTTAGACGGACTCGTACGCTCAATGGGTCTCTACTACCGGCCTGGAGGCCGAGCGTTCCAGTACCCTTATCTGAATTGAAATTTAATTGAAGGTGCGACGACGCAACACCTGCCTTGCACTAGGCTAAGGCCGAAACACCTGACGCCAACATAAATCACTCGAGAACGAACGGTACATATTACCAACAGGTTCAATAGATTAAATTCAGACAGAGACGATCGTTCCACGTAACCCTCTCTTAACAATGAAACGAGTAGTGTGTTGGTAAGTCTCAGCCGGCTATTAGATGACCAAGTGTTCCCGGCTGATTACAAGCCTACGTATGAGGGCTAGGCCGCGAATTAGCAACGTTATTAGCCCGGTTTCAACGCCTCACTGGGTGACCCTGTCTAGAAGTGCTCCCAATAGTGTATTCTACTCGGTCAAGCTTAAGCTGTTTAATCTAGGCGCGATTGAACTTCTCCGGTGCAGACGGGAACGATTCTCCTCATGCGGGCTTTGAACAATGGGCCCCGACTCAAATGAACGTGTCCATACCTACACATGCTAAAGGAAGAACTGCGCCATTAGTACGGTTTCCATCAGGCAGAAAATGGGTTAACGACTAATTAGGGTTAACAGGGGCGCAAAGAAGAGCAAGGGGCGCGGAACTGGTAGACTTTGTAGTTGACCGAACAAAGGCGAAGGCCTGCTGTCGGTCCAATAAGACGTACCAGTCCGTGCTATGGTCGAG,1036,49.9,Escherichia coli
SEQ_834936,CACCGGCCCAGCTGCTACTGCGGAGACCCATGTGGGTCTAAGGCGGGCGGACGTTTAGCTTTTTCTATTTGTCTACGAGCGAACGCAGTGCCTCTAGCCCTTTAATAACATCCGCTAGGGTGGGAAGAGCCCAATGTGCGCGTTTTCCCAGTGTATCTCCCTGTCCACGGTAGATTTGCGGAAAATCTACTTCCTTAACATTAGGTGGCGCAGTATGCCCGGCTTCCAACCGAAAACAAACCTGTGCCGCGAGTCCTGACATTGATTAAGAATGCTCCATACTTTCCTTCATGATTGCCCCGATTCTCTGACGTACCAGCCTAAGTTCTCCGGAATGTGTGCATCAGCTTGAGGGGTTACGCCTTGTATTTCAGGTCTCACCACACCGAAATGCACCAAGTCGTACGCGAATAGGTACTATTGAGGGTCCTCACCATTACGGTGTTCCCTACATGAGTGTAACATCTGACCCAATTGGTTAGGCGCCTTACCGGAGCGCCCGGTGTAGGTATAAGTCTACTGAGGACAGGTTCCCGCGGTGCAGAGACATCGCGGGAATCAGCTAGAAGCTCCACATTTGGCCATGACTCCCAAATGAATTACCATCGTGATAACACCGTAGCAATAATTCACTACCCGGTAGGGCGTATCTGTTGTCAACCCGCCTTTCTGACGTCATAGTGGAAGTATAGTTCAGGTGGCAATTAGGAGCCGCACGTCCTCCGCCTAGATAAGACTATCCCACATTAGAGCTCATCTTCGGGCAGATATCCGGGCCGGGCCGCACTGGCTACATTATGGTGCCTGGAGCAGGATCTCTGTATCATCAGGCCGTAACGGGTTAAGTGTAGATGGCACTCTTTGGAGGAGGGGCACGGTATACGCTTTAGTAGGACCTTGCGTATCTACTTACGGCCCTCCGACGCGCTAGGAATTTTTATGGCGCCAGACGACTGTACCAACTTAAATTTATCTGCTGGCTTGGGCGACACGTATGTGGTGCGCGCTCTGACCAGAAATAGCTATGGATCGCAGCTTTCGGACTGTGTGATGCCGCCTTTGAGTGGTTCTTGTGGCATCCTGTATGCGAGGATCCGATGGGCACTCCTATTCACGTAGATCGCGACTATACTGATTCATCGCACCGTACTCGATTGGACGAGACACGTAAATACCA,1177,51.74,Mus musculus
SEQ_588238,GATACTCTGGAGTGGGTCTCTCTTACCTTAAAGCACGAATGCTGCTTTCGTGACAAGCATACTGCGCTCACGTCTATAACCTGGCAAACCCCACGCAATTGCAATCTATATTGCACCATCACGTGCGTAATTTCCCTGATAATATGCTTAAAGGCAGGGAACCCAAATCACCTGCTATCCTGCGGTTTGGGGCGCCAGTCGTCCGCGTGCATTAAGGATTCGACTTCGCCAAAATGCCTGAGCTTCACAACGACTGACATTGAAGGCCATACC,273,49.45,Escherichia coli
SEQ_956442,TGTCGGTCTTAGTTTTTCAGCTCACGAAACGGAGCCAAGGGAGCTTTTATAGGCAATTGAGCTGGTTCTCACTGGGAAAGGTATTTTTATTCCCCATCGTTTAACACTTTCGCGCAATCGACATTCCCTTTATAGAATTATGTGAAAATCGTTCGTTACCAGCCGCACAGCTTAGTCATGTACCAGACCTGGAGGTTCGCGGGACAGAATTAGTTACCCGTCGATCGCCTAAAGTAGATTTATCCCGCATGGACACCGCCGGGCCACTAAGGGGACCTCCGGAAGACATTAGGACCCACCAACCAACTTAAAGTGAGTATTGCAGCAGTAAGACATAATTTGGCGAATCGTAGGGTTCCCGGGGGGCAATGCAGCATTGAAGCACGTTGAAGACTACGTAGAAGCTTGCACACGCATGATAGACCGGCACACTTCTCACTTCTCTTAGGATTCGCTCCCTAACATATTGAGATGCGGCCACACGTGAGAATATCAAAAATTTTGGGCAAACTACGCGCAGATTGGTCGATATGTCGGCATATAACTTGCAGTACTGTCACAACAAGAATCCTCTGGATTAGCCTTTCGGTCGAGTCGCCTAAAGCAACTGCTTTGGCGCGATCAAAGTTCGGAAGGGACACGACATCTTGGACTATATTCATCGAAGATCTCGTCAGCCGTGGGCTCACACAAAGCGGCCTTCGCCGATTCGTGGAGCCGGGCCTGTGATACTTAGCAGTTTCCCGTGCCAATAAGCCCCCCCTCTAGCTTTCCAAAGAGCGGGTACATATGCCATCTGGCTCACTCTTGTGGGGCCTATAGGTCTGGCCTGATCTACAACTCTAGGCGGTCAAATTTATAAGGGACCCTAGCACAGGAGAGGTCGACAAGTTCACGCGTTTATTCCCGGGACCGCTTTAGTGGACGCCGGACACCGGTTTGAGACCCTCCACCACGCCAGGGCGTCTTATTACGAAGCAGACGTCTGGGAGCTGCGGCGATGACTTTTTCGACCGTGCCTATTGTGCCCAATTCCACGTAGACTGAATAGCGTAGGAAACCCGTAT,1067,50.52,Escherichia coli
SEQ_698484,CCCCCCCTGTCTAAACGGATCTTCTTGAACATATGCTTGCCAATGGAGGCCGTGGGGAAGGCCCAACTGAACCAGAACAGACCTGATGATGGTATATAAGGTGCCCAGTTGATGATTGTTACAACATTTAAGAGATGCCAATGCTGATATTAAGCACAGTGGTAGGTGTAAAGTGGAGCAATATGATTTGTCCCCGGGCACGCGACCCCAGGTGGGGACAATAAAGTGTCCGGCCTTACTACTCCATACTTGCATTAGACTTCCCTGTTTAAGCATTAAGGTATCCCATACACTGACAGGATATCAGGGATGTTCTGGCGCTGACAAGCCTGTAGCGTTCGTAAGTTGTCGGCGACCGTAAAATTCGACCCGTTGAGGACGATTAATCACCTGCCGAATTGACTACGCACGTAAAAGAAGTAAGTATTAATTACCTCCTCTCTTGTGTGGATACCGCTTCAGCGTTCTCCCGTTATAAATTTGAAACCTGTCCCTATTACTCCCGGTCCCAGACCCAGGCTGTCAGGCGATACAGGGGGGGTAACCTTTAGCGTGGCGGGGTTACTTAACTACAACATCGAGGAGGTCCATACTCGAGTAGCGCGCAAAATTCACATTGGCAATGAAAAACTGAGCATAAAGTTCCTAATAGGGGTCGTAGTTGCCTAGCACGAGCGTTGCGGAGTAAATACGAGCTCCCCATGGGCGGGAGAGGGGTCAAATTGGTTGCCTTTTCCCATCTGGTCGGGACTAGGAGTCTTATCCA,766,48.96,Mus musculus
SEQ_751196,TTTCATCTCAAGATTGTTAGGCTCACCCGTCAAGTAAGTTAACGAATAGCTAAGACGTGGAGTTGCCAACGAACACTTACAACAAGGTTCCTTGCGAATCCGGCTAATCGGGTAGACCTAGCATGGGACCTAAATAGTCCTAATTCTGTAGATAAGCTTCTGCTCCATAACCCCTCTCCCCGACACGAACTTGGCTTCAGTGCTACTGCACTCGTCATAATTGTTACTATCAGCGAGAGACGCTTAATGTGACGGTACGTTTGGGAGGGACTAGGTTGGCCACAGATTCCCCCGTAGGTTTCTATTCGGGGGTCTAACAGGAGTGGGTTCGTCTCTTGGTCTAGATCATGGCGAGCGAAGGGAGGGCCGTCTGCCCATGGATCGTCCTAGCTATGTAGGAAAAACTTGCCCCTACGTGGAAAAAACAAGCGTGGGCGCGGACGTGAGTGCTTGAGGAGATCCACTGGGGTCAAAGGATGGCCAATGGTAAGCATGGTAACTGTTTGTCTTAATCCGTATGCTAGGTATCGTCACACAATCTAATGCTAGCAGGATAATCTAGACAAATGAGCTCCACGGTGCCTGCCCTCTCTCTCCGCCCAGACGTGTCTCTATCCCATTTGGGTTGCGCTCTGCACTCTAACTTGTGCCTACTTGGTGGCAATAAATAAGCTGTACAATTGCGTAGAGAACCTACACTTAAGTGGTGAATTACATGGCTTTCTGACCAGGGTCACGCGCGTCAGTTGATACCAGCTAACAAAGTATGTTGTGCCCCTGGACTGCTAGTTTGTCTGTTTCCCGGAAAGATTATACAGAAAAGTAAACTTTGTACTATTAGGCTTCCCATATTGGGCGGATAAGGCGTGGGATTCGCTGTGGGGGCCAGAAATTGAGGGTTCGGGGCATAACCCTAGAACGAAGTGTGACGGGGATTGCCGCAGGCCTAAAAGCCCACCCAGGGAAAAGCTGGGGCCCTTGGACTGTCGCTGTTATCACTGCTTACTAAACTATGTATTACAGATGCAGCTCGCTGCAGCGAATTAGCAAGTAGGCTAGGAGTTGGCTAGTACGATCCATCCTACCAGCAGCCGTAACGTGTGGCGCAAGCAAGCCAGTTATTTCAGTTCGCAAACGGATGAGAAGCCCGCACGTGCCTCCGTAGCCTTGTTTTGG,1176,50.0,Drosophila melanogaster
SEQ_385893,AATGTGGCCAGCGGGGTGAACTGGAGGGGCAGCTCTGGAGTATGTTGGCACCGGGACTTTAAGTCAATACTCAGCATCAGGTGCAACTTGTGCTGTTCTGGTGGCCTGCCCATCCCGGCTTTGTGCAGCTCGTGTGGTGATAAATAATTATACCATAAAACAACAGCTGCTAAACTCATTTTGCACAGTACCTTTTGAGAATGTATGAGTCAAGCTCGAGCCCAAAGTTGATAGGGCTACCCGAACCCATGAATAGAGGTGTAGTAGGTCGAAAACCATCGATGCAGGAGCTGTTCTATCGGTTCCCGGAGGTCAACGTCGAACTGGCTGAACTGTGCGATCGTGCAGCTTCAAACCCGTTGAAACCTGATAGTTCCTAGAAGACTCGCGACAATTATTTGAGAACAGCAACTTTGGTTAATCTCACGCGATATAACACTACCACGGTGAATTTGCGGATGACGTCGACGGAATATTGTTGGGGTCGGTACAGCAGGCATAACCGCTCCCATACACAGGAGCTCACTTCCCAAAACTAACGTGGGCAGCCTCCTCAAATCACCGGGGTTGCGTTCGATGACAATTCCTCGCTTGAGAGGTTAGGCGAACCCGGGACAGTAACTAAAGAACCCCATCCGACTGCCATAAATTTGCTATTGCTCGAGATTGCAGCAGGGATGACCTATCCCAATTAAGAGACTCAGGGTGGTTTGCTTATGCTCAAAGAGCCGAGCCTACGCGAGACCGGGCTTCCATCTACGCTCCCACCGAATGCGTATGGTGTATCATTAGTCAATCGCTTCCTTCAGACAGGCAA,817,49.94,Homo sapiens
SEQ_342797,CTGGCCCTGCTGCTTCATTTCAAAACTCAGAATTCGGGTCGCCAACCACCCGCTGTATGACCCATATTTCGGCGGGCGGCACAGCTACATAGTTTGCAATTGCACCTCGATGCGTAACGCGAAACGTTGACATAGTACGAGTTGGCATTCGTACGTCAGTGCATCCTCCACTACCTTGTCCTGTGATTAAGCACGCAGAGAGTACGTCCCATCTTTCGCGATAAGTACCCTATCCGTTAGCAGCTTCGATCTCACTCGGTCTGCCCCCGCAGCCTGCCCGGAAGCCTTATGCAGTGTACTCTTACCATTTCGACTAAACATGGTCTATTGTCTTGTTCCTATGCTCCCAGCTGAGTTCCCAGCGCGAGGGTCATTGGTCTTGATCTATAATGACCATTTCCTGTTGGCCTTGTTTCCCTCTGTGGCTAATGCCTCAGCGTACAATTTTCCTGTAGATAATTATGCTTCCGCATACGGAATTTCCTGCCAACACAGGCACTACCCCAGAACCATTAAACTACCCTGAAACAACTGGCTCAAATCCCCGCGACACTACTATCAGTTTGGACATCGCTGCGATCAGGCTTTGCAGACGGCAAAAGTGAGGACAGCCTACGGTTAACTCCTATCACTTTCAACACGCACCTACCACGACACAAGTTCGGGTATCAGTCGCCTATATTGGTCAATATTCACGAAAGACGCGGCGTGGGGCCGGCGTATTCCGCCAAGGATGGTATTCTTAGAATGTGATCACTCGCGAGCCCAATACGTCGACTGATGAACCTTTAGTTTCTCCGGGCTCCGTCGCGCTAATTTTATTGACGTTCAGTTTAGAAATGTATCCCCAGTGGTCCCCCGACCGGTATAACTGAGCTGACTGGCAGAGTACGTAGTGTCTTACAAGAATATGGGCATACACATCCGGGCCTGGCGCTGACAGTGTGTCCGCTAAACGGTCTGTACCCGACCAA,974,50.72,Saccharomyces cerevisiae
SEQ_584462,CCAGCTCCAAAGAGAAAGGAACGCTTACTGAAAGAGGTGGACGTGAGTGTTAAGTTTGAGGGTCGGTGAGGGGGACCACCGGGTAACCAACATCGACGCATCCAGGGTTCTGCGCCCCATAGGTGACTTGACAGGTTACATCAGGAAAACCACGCCTGACCGTACTACTTGCGCAACAGAGCAACATGGACGATAATAAAGCGACGTATATTGACTGGCACGGCGGTGTAAGGGACTGCCTGGATCACTGGTTAACTTCTCTGTAGCGATGGCTTTCGCATGGATCACACTGCTGAAGGTCCGATAAGTACCGACGACACCGTGGCTAAGAAGAAGGGGATAGGCAGAAGGAATCTGGCATTATTGTACTTTCCAGACGGCCTGGCATGACTTTAAAGGATACAGACACCCCTACGTAGGGCGGAATTCTGCTCCAGGGCCGATGAGAATCGTCTTTTCGAGAAAACCAGCGTCATATATTCAACAGACCCGCAACCGAAGTCAATGGCAAAGGATGTGCTGGACACTCAAACTCCGAACTACGCATACCAGTACGGCTCGGAAATTCACTCCTGGATAGGTGCGCTGTACCGTCTTTATGAGGGCAGGGCAAAGGCCGCTCTGAACCTTTGTGGGGCCACGCTGCTCACAGTGAGCCCTGAGATGGAGCTCCCCTATATCGTACCCCGCATGAGGGTGATTCCGCCGTAAATAACAAGAAATCCTTGACCCTCGTACCGGCCTGTAAGGACGAGTGCGAAGAGGTGGCTGCACCATATTTCGCGTGCCGTCTCAGATGTGAAAGCTGTATTTGACTAAAGTGCGCTAGCTCCTGCTTCCTAAGAAATTAAACACGAGCAATATTTTAGCGTTCATCGCAAGGGATCGGAGTTACTTGCTAGCCCATTGTGCCCCAGTATTGCGCATGAAGGGGGAAAATGACCACTAGATTGCGTCGTTACGCCTGTACTTTGTGCCCTATTCACACGATTGAAGTCACAATCCCATCGGTTTCCCGGACATCGTACGAGGTAAGGGCTACACGCGTAGTCCTACTCCTACAGATGCCCGGAAGGCTATCTACGGAACAACCTCTTCTAACACAATGTAGGTCTGCGGCATGAATCTGTCCGGCGATGGGAGTAAACCGAAGCGTACGAGGAGTCGCTGCGAATAGCAGTGCTTGCTCGCCGTCCTCGAGCTCAATACTCTTTTGAAGCTGGGTTATTTGATTGTTCACAGGGAACCGATCGATTGCTCTGTGTGTCTTTACTCTTCACTAGTCCGTGTAGTATACTTGATGACCCGATTGGTGAACAGAGTTTGCGGGTGACTCGGTAGAGATCACTGCTTTTCGCTCTATCGCTGCTCATTGTGCTTGGCTCTCAACTTGCGCCAAAGATATGTTTTCTGCATCTCCCATTAGAACGCTCGCGATCACAACAGTGTACCGACAAGCAAGTTTTCCTTAGCCATCACAGATGACTCCTACTGGTATATCTCGTCACGGATAATCGCCGGCCTCGGAAAGAGACAC,1537,50.94,Drosophila melanogaster
SEQ_871713,CACCCCCAAATCATCAACATATGAAACGTCGGCTGGGCACGGACATTAGACTCCTCTTCTTCAGCTTCGCTCATGATTGCGAGTAGTTGCTATAAACTGGTATAACCCGGCTAAGTCTACGCCGCATCTTCCAACACACGGGTTACACCGCGAGGAAGACAGATGACCGCCTCTGATATGCGCGGCCACCTCTTCGCCGTCCGTGATCCCTCGTGTCTTGGTTAACCGCGCATCGGCAGGAGATCTCCAGATGCATGGAGATGCAAACTTGCCATCCTTCCGGGATCATGCGGCATCGACCCCCAGTGTTCACAAAACATACACGGGCTTATCTATTGGAACTTCTTGTAGAGCTACTTCAGGAGCAATCAGTTTCCGCATGAGGATTTCGATGCAAACTTTTAAGTCAGTGTACGTTGCTGGATGGATATGAAAATTTAGACTAACTGTAGTACTGATGTCCCCGGATCACGTACTTTCAGGCGACCAGGAGTCGCTACCTAATTACCCGCTCATAGTCCGAGCACCAGCGCAAGTAGTGGGAGAGATCGCTTGCTGATGACGGTCCACTAGAGTGTACAAAAATG,587,50.43,Caenorhabditis elegans
SEQ_877670,AGGAGGGTTATACGTTACATATGATCCGTCATACTACACCTGCGAGCACTCGGATGAAGTCCTACGGTTGCTTTGGGCGGTCCCGTAATTAAGAACAGCGTATTTGGCGGCTGTCGATTCCCAATAAGTGTACGGTCAAGCGAGTGCCGATCTCGGATCGTTCATTCTCGATCCGGTCATGGTGGATGCAGGTTCCAAAGCTGACCTACGACTATTCCTAGGTGGCCGGGAATAATGCAGAGGTAGACAGGCAAAGGTAGAACTGCGTGTATCACGAATCGCAGCGTTTGAATCTCTCATGTATTCTGACCTACATTTTGTGACGCCAAACTGGTGGAGTGGGAGCGTTTGATCCCTACACCGGTGGCAATCTACGTGCCTCGTAGAAGATAATTTAGATAATGACTGCTCGGCTATATGACCGACGGGCGATAAGCGGGCATACAAGACTTCACATGCCCGACCGAGCTCCCGGGTAGCGAGGATGCCGATTCGCCGCTCATTTGATACTTAGCTCCCCATCCAGAGCTATCGCAAGTAAGCTGCGTCATCTGGTGATATTCTCGCACCTTGACATATCGTGGATGATGTTGCCAACCGCAGGGAGGACTATCGCGACGTGCGAGACATCGATGGCGAGCTCTCGCTTAAGGTTTTTGATAGGATGTATGCCACAACAGGGCACGTGGATCTGCGCCGAGGCGACGTCAAATAAGATCTCGAGACGCACGTAATGCCTGGCATTAGATTATTATATTCAGATCAAAAAGGTAGTTCGCGGTGCATTAGCAACGGGGGATATGCACATGTTGGAGTGCGTCCGAGAAACCGTGTATATCGCGGACCTGTGACATTTAGAATCCAAACTATACTCTGACTGCTGACTGTCAGTCTTATGGGTCACTACAAAAAATAGATAGCAATGCTCTACACACACCACCGACGCCGTCATTGTACAATTCAATGGTGCTTAAACGCGGTTCACGTAAGCGCAAGTATGCCATACCAATTCACTGCTCCATTAACTGTGAAGAGTTGGCCAGGCAAGGTAGCTGCCTACATACCGGCTGCCCTTTGGTTTAGTCCAGCCCCAAATCCACGCTTGAAGGCATGCGAAGTCGGGATAGCGTGTCGTCGTCCTATAAGTGTTATTAAGTATAGCCAGGTAATGCCATCACCCACACTTGATCCCCACTGAATCATAGCTTCGAGGGCGGCGCGCTTTTTAGCGTCTCAAAGTTA,1242,49.92,Mus musculus
SEQ_498040,ATATGTTTGCCTAAATATCATCGACTATGGTGAGCTTCGTCAGGCGGTTGTGCCTCCGCGTCGATCAAGATCTTGCTTATACACCCTCGAGACCCAACGACACTAAAGCTCTGACGCCGCATAAACCAAGTATAAGGTACACCTAAGATCCGCATCTCTGTTCTGAGGCGGCCACTCCAGAATGGTCCAGTATAGTGTCTGTCAAGCTGGTGAGACATCTAGACAGTCTCTGAAAGGGTCTCCAGTCCTCCGGTAGTCGATACCGTTAAAGCTAAGATACCGTTATGTACTGTACTGGGATTGGCGACATAATCACTGGTGCTTCCCTTCCCGAAGATAAGAAGAGTGCCACAATTCCAGGGCCCATACTGCAATTCATAAGTTTGTGGACGCATGGGAAGAAACTGTGCCCAAGGGGTGGTTCGCCACTAGACTTAGCTATTGGGCAGAGGTTCTACACCACTGGCGTGTTACAGAAGTTTGTGATCTGTGTCATAATTATTTGTCTCATGGGCCCTGTCCAGGAGGCTTTAGGAATCGCAACTGCGATTACTTTGGCCAGCACTGACCGGACCTTAAAAGTCTCGCATGAGACTATCAAGCGCGACATAGTATTTCCCTCTAGCCAGTACAGAAGTCTTAGCGGGCTGGATACGACGTGAAGGCCCACACTACCGTCGCTAATTAATGACCGGCCCGCCTCACTCATCCGGAGAATTTCGTGTACACAAGTAGGACCCAGGTGTCGTACTTAGCTCCGACCCGCTGGGGCCTTTTCGATCCAAATTTTGAACGGGTAACACGGGTCTAACGTTTCTCTTTAGTAAAATAGTGGTTAACTTGGCACTCTTGGGGAACCTGAAGTACTTGCACTTGAGACGGCTCTCAAACATCATCAATCGTGCTAGGTCCTTTGCGGACTAACCAAATTGGATCGAGTGACCTAAAGCTATTTCACGAACAGACACGTCAGAGTGTGGAACCTATATGTCTCTGCAGCTTAGCCCGAAGGTCAAAAGTTATGTCATTTCCTCCCTATTGCTCTTAGGAAAGCATCGACCCAGCGAGGATTTTCCGATTTCAGATGTACTGTCTAAGACGAGAACCGCTTGCTGGGCAACCGCCGGTACAGGGTCGTCAGATCTGGCAAAGCCCCATGCAGCATGTGAAGCCTGATTCGCGCGACGGCTCCGACACACATACCCATAATTTTTATTAGGATTATTATCTAAGACGTGAGCCCCGGGGGGTTACCACCCTAAGAGATTTAATCAGACGGCAGCGAAGTCGGTTGCTTGCGAGCGAGCTCTCTGTAGGTACTTATGCTCGTCTCTATCCAAGCACGTCCTATTCCAAATGTTTCTCGGACGCCTGTGTGTTAGAAACCCACACGCGTGTTTTCGCGCAAAAAAGGCTGGACGGCAAGTTGGGGTTTTGGCAGCGTGATGGGCGTTTCAACCATATGGCGAATTGTCCCCCTCCTGCGACGGGACGAAATTGTACTCTGTTTGAAGATCTTACTAAACCAAGAACTATTACCCAATCCGTGCCATAGGAAATGAAAGTTTTCGACACAGTACGAGTTAGCTCTCCAGCTGTATTGTAGCCCCGGTGCTACTCCTTTTATGTCTCACTGCAACCACCCCGCGATAGATGGCTATCAAGCTATTCTATCATAAGATATTGCACCGAATTGATTTGCGTGCTCTGTGGTCGACACTGATAATGTCTTAAACAAAACTTGCCACGCGAGGGAAAAGCACGATCGAGTGGCGCTGACGTGCAACGTAATTAATCAGAACTACTGATGTGGCGCGGTACAAAGGCGTAATCACGACCCTTACCGCAAGTAGCGCCTAGTATCGGCTCTGCCAAAGGTTAAGCGCGAGAGTCCAGACATCCTGCAAAGTGTACGAAGAGGAAACACTGGAGCACTACCGTGACACGGCTTCTTTTTGGTTGGACGATCGGAAAGTAGGCCTCGCAGGTCCA,1992,49.3,Mus musculus
SEQ_871227,CAAATCATTTCCGCGCGCTTTTATCACGTGACCTGACACGTCCGGTCATCTGCAAATGAACCAGCCCGGTATGTGAACGCACGTCCGTTGTGACCTGATACTGACGTGACTCAACAGCGAAATGCCTTTACGGAAAAGGCAAGCGTCGTTAGCTAGGCCTAAGGCCGCGGCTCCTACCTTGGCCAGAGTCCGCTGAAACTCTCATGCTTAGATGTTTCCTTAAAAAAGATGGGACCGGGGCCCCAAAAATAGTATGCTCTCGGAGTCTGAAGCATCTAACAGTGCGCCGTCATCTAACGTCCCACAAAGTACCAAGTAAGGTCAAGCCCAGTCTGCTCATCTCGATAGCGTTGTGCGCGTGGTTACAAACTTCTAGACAACGGACCTTTGAGGCCTCCTGCCGACTGTGTGGCCCTTAGCGCGCCGCTGGCACTGTAGCCAAACAGTGTAGCGGGTCGCAACATGCCCGTATCTTCCTGATTACAATCCAAGTAAGGAAGCGGTACTATCGGACTGATAGAAGCTGAATAACTCGCACACTTCGTGGTCAATAGAGTTGCCGGTGGTATTGACTATTTCTGGTCGATATCATTAGCGACAGTGGACTATAGACGAACTATTATCCATCACTGATGGTTTCATAGCTTCCAGCTGGAATTCTTGTCCCCACACCGTATGACGCAGTTCCACCCAAAATTTACCGGTGGGTGGTGGCGACATTTATGTTTATCCCTGTACTCCGCGCATTACCCGGCCAGCACCAACAAAGCTACTCCGCATCCCTCACAGCACGCCGCTCTGATTGGACTATAGATTAAAAGTCGTGAAGCCATGGATGATAGTGGGTGTGCGAAAACTGCATAGTTGCTCACTTACGGCCACTTGAACTATACACTGTAGAGGAGATGGCTATGAGGGGTGGAACTCACCCTTGACCCGAAGCGATCGAATTACGGATAATCTTGGTAGTCCAAGATCTGCAGTCGGGAGGACGAAGTGCGTCAGAGTTAAAAGTTTTCCCATATAATTGAGGGTATGGGTCATGAACTTGTAGTCTTCAAGATCCAAGCGCTCCATGGATGAGGTACGGAAACGGTAATTAGGAATCCGTCCTTTGTCCCAAGTATCTTTTGGCTATGGTGAACAGCAATACTAACCCCATTCCCAAGCCTAGCGACCGTTCGGGTGAGTAACCACGCACCACCGCCTACCACTTGATAGTAGTGATCTGTGAAGGCTACTGAGGCGCCGACGCGAGCTCAAGCCTTAGCTCCGTCGTTGTGGTGGCTACAAGAGAGGTGTCAGTTAGCTCGTGTTACCGTAGTGAAAACCACGTCCGCTATTCGTAGATGACTCAGCTTTTGATAAAGCAGTTCCCACAAGTTCGGTATAGAGGTATCTGGGGGTCGGAGTGAATGCCGCTTCAATATCAGTATGAGAGGGCTAGACAGGACTTACTCTATCTCATTACAGGGAATAACTTTCAATCGAACAAAGTGGAGCGCACGTCATCACGGGGACCCCTCGGGCGAGGGAGGAAGCCAGGAAAGGATTCTCCGAATTTCGTCAAACAGGTTAACGCTGACCGCGGTGTCTATCGTGCCGGGTCATGCTATCTCGTGCTCGTCAAGCCACGGGGGCGTCTTTACCTATGCACATCGAACACCCAACCCTAAAAACTGGTGATCCAGCGGAGAACGTTCTGGCAATAACGTATGATGCCTTTAGCAACGGGATTGGGAAAAAG,1747,50.43,Homo sapiens
SEQ_189306,CCACTGCCGAACCTCGTGACTAGGCGTATCGAAGGCCGGGGGGTAATACCGCCTGCCATCCAGTTGTTCTCCCGGTATATAACGTCAACGATACTGCAATTTCCGTGGCGGTCTCCCCGTATCCCTGTCCGTGACGAAACGTGGTCGACCCCTGCCGGGTCTAACGTTGCGCGCCTAGGACCGGCGCGCTTACGCAACTAACCACAGCTTACTTCAAAACGTTATCGACAGGGGTGCTGCCGTTAGACTTAGGATCTTAAGCAAGGTTGGGGGATTCACACTCTAGAGGCCGCGGGTATAGAGAAATCTACGAACTTATAACGGCAATATTATCTATGCATCTCGGATTCTCCTAGATTAGGAACAATAACAAATCTCGAGAGCTCACGTATAGAACACCGTAAAGATCACCTTTTTATATACAGTGTGCACTCCGATGATCGCGTACGGCTAGCCCGAGTGCATGTCGCGGGTTTGTCGTTGACTAATCGGACGAGTTGGCTTGCTCGCACAAGACACATTTACAATAAGAAAGGGAACTACTAAGAGAGACTGATTGGCGTGGCTGATCTAAGGAGCATAGACTCAGCAACGTAAAAAACCTGATAATTTCTATGGCGAACACGTGTCGGGTTATAACATTAGTAGCACTCAAAATCAGAAAGGCCCAGAGCGGAATTGGATACTAAGGTAGTTTTTGCAGGTTCGTCCCTCTCGAGGTGTAAATGCCAATAATAGTACCGCCTACACGGGTTCTTTCCTTGGTCCGCGTTCTAGATCCGTCTTAAGGGTTTTGCCTGGGCCCGAACCCAGCATTACCCTACATATCACCCTCCATACCCAACGCACTACCAGTGAAAGATCCTGCTTGAAAGACGCCCCGCGACTGGGAACTAAATGGGGGTTGTCAGCTGCTATAAAAGACAATAATACTACGGTACCTTATAATACTGCGATGTACTATGCAATCCTGTAAGACGCACCCTTCGAGTCAGTCCGTTTATATACTGCCAATGTATTTGTGGAATCTTCTTTTCTGCATGTAGCGAAAACGAGAATGATTAACGTGTAGAGTCAGATGCTGCGCCTGAGAGCCAACCTAAATTCCATGCCACTCTTAACACGACCCGCGGCATTGCATTCGTTAAGCGCGTGTCTGCACGTCAAAGCCCCCCAATGGTCCCACAACGACAACAAGGAAGCTAGCCGAAAGTTAATCACAGCGGTATAGGTGCCCGTAGCTTACTGACGAACTTTTCTACAGGCTTATGTCCGGGGGCCACACATCCTCGTTCCCTTCTCATATAAACTGGTTCCGGGTTTACGCCTAATGGGGACGATCCCGAGCGCTGAACGTCACAGGTTGTTCCACTTCGACTTCATTGAATCGCGGGTTGTCTTGACACTGTTCGTTGTCTGAA,1421,49.12,Caenorhabditis elegans
SEQ_225489,TGGACACCACTTTGGGGTAATCGAAAGGGCTTGGAGTGGTTTACTTCCATTCGCCTAGGCTGCCTTTGGCGTGAGCGAGAGTTCTACGGAGTCACGTGCACCAACGAGCGCACGGTATTAACGAACAAAGCATGAGTAACTACTATGGAAAAAACAGGGTAGTCTGTGAAAGGCGAGGGACCTCAGACGCCCGAACAGTTCAGGTCACAACAGAAGACTCGCAGGTCGGTAATCAAGGTGGTCCAGCCGCGTGGTCGAGGCGGGGGAGTCCAAGCACCCGTCGTCGCGTGTGTTGATCCCTGTAGCTCTCATCCCGAGACTTAAAAATCATTCTCTCCGCATTGTCCTGTCCATAAAGCAGCAGGAGTGTGTTGTCAAACTCTGGTGATCGGGTGGGCGCAGCCGGAATGTCCTGCCGGTGATGCCCTGTACGGAGTATCCATGTTGCCAAGTTCAGACAACGGACCCTACTGTTTTCATAGCGGTATCCTCATCGGCCCCAAGGCATCGTCCCGGACCTCTGCAATTTCTCGGTCATTCGGAAACCGACTAACAAACTGCGGTTAAGGGTTAGCAAAACCCCGAGCCTCGATTGTCTGGACGTACGATAAATATCAGCTGATCATGAGGCGAGGGATATTCGCGATCGCCAACGTGTGCCCGCATGTATCCTCTAATTAGCTTAAAGGGCTGGTTAACTTTCACAGTGCGAGGCTGCTTCCTATCACACCCCGGGGAAAAAAGGGACCGCGATTAAAAGGAGCGACCAAGTCCCCGGGCGTAGTTCCCGCGCCTCGACCGGCACCCGTTCATCATTGCGGTAGATATCGCTCTTGGAGCTCCTCTAAAGGCAGTGACGGCCGCGACATCCTTTTAGGCCGTTTCCCGCCATGACGGATGCAGCACGGAATGTGTAGGAACAACATGTAAAATGCTCCTGGGGGTGGGCTATTTAGTTACGTGCCAAGCAACCCTTGAGGGTTTTGACACCGGACTATATCTATCATTTTTATTGGAACTCAGCGGAAGGTTGTCAATGTATTTTAGGGTGTGTCCTGCCTCTACCTTCCGCAAGGGATCGTAGCGCGTTTGTCTGTCTCTGATGCGTCGACATCTGGGCGTTGTGAGAGTCATTAGCTTATGTTACTGTTTCCCAGTCACGGAAATATGCGCCGTCAATGAAGATTGCAGTCCCTAGTGGGGCTTAGGACAGCGTTGGCCCCGTCATGCAGAAGGATCGCGTGGCCCCCCGCAACGCCGTGGGCCGGGGTATTTGTGCCGATTCACCTAAAGCTCCCCGTTGATTGCACAATGCATTAAGGGCCTTCTTGCGACTGCCCGTCATTGTTTGGGTCGCCGCAACTCAGAGATTAGCTAGCTAAGTGCCACGTCGATGGAAGTTATTCCAAGGATGCCTAAAGGAGGTTCGAGCCCAAATAATTCATCGGTGTGTAAAATGCGAGACCTGTTTCTTAGTTATTGTGTTCGAAGAGGCCTGCTTTGCTTTCCACGACGAGGCAAACAACTGCCAACTTACTATGTTAGAGGCCAGCTGGGTATCGGTTCACTTTGACACCTGCACGATTTGTCTACACCCATAAAAGGTTACGTAACACACACAAGTTTACGCTTCGTCTCAATTCGTAAAACAAAGCTACAGAGCTTAACGCAGGCCCGCCCCATTCCTGTCTCACA,1695,52.15,Mus musculus
SEQ_236682,TTATCGCTGACTCCCTTGGGTGCCGGACCCGTTGAATTCACGCGTTCTCGAATATGCCTCCTCAGTCACCGATGGTCGGAGAATACTGCAACGGATATACGTGTCTTAACCGACACACCCATGTGTAGGCCATAAAGTGTATTCTGCAATACTGTGCTAGAGCCGACCCGAGGTGGTTTGTGACGTCATAGCTCTCATGTATCATGGCAGCGATGTCCTTACACCCTAGCTGGTTCAGCGGGTGCAAATGCACGAGCGGCCGCTTCTAGTTACTTCTTACTACGTAGTTGGACTACGGTAACGTTTATCACCGAGCGGAACATGAAGACTGGCGAGGTAGCCGGTGCCCTTGATGGCTGGGGCCCTCACCGCCGGTCTAGGCTAAATGCGATAAATTCAGGCGCACTCTATGCGGTAAGTCTGATGGAGATCCCCAATCGCTACAGGGAGGCCTTCACATGCCGTGAGACCGCTCAAGTGCCGAACTAGGCGTTCCTGAGCTTTTACAGAGCGGCCGAATTAACTCTCCCACGCAAAGGAGCATTTGACTCTACGAGCTTGGGGCGGGCGTGGGAGGATACCCTCGTCATTTGGACTCCCACTGTCTAATGATCGTGGCTGTTATGTAGATAACCCGGGCTGACCAGGCTAGTTCATCATTAATTTAGTCAGATCTTCAAAACAATAAACAAAATGGTTTAAGTAAGCCTATTTTCTTATGGTTCCAGAGCTCAATCGCACAATCTCCTCAGTGCAGTCAAGATGAGCCACTGTGGGCCTAGTCCCGCCCAGCTTGTCGCGCCACTACTATCGAGAGCTCAACGAGGTGTGGAATAGGAACCACACAATATGGATACCGTTCTAAGACAGCTTAAACAATTGCAATAAAACGGGATAACGGGGGTTTCATGCACAACTGTACACGGTTAAGACGTTCAGATAGTAAGGGTGGTTTTAGTCATCGGGTACTCGTAGACGTACACTATTCCGGAACACATCACTCTTCCTAAATGTTCAAGTCTCTGGGGTATGCTTACGATTTGCTAATTCGCGGCCGGGTCATTAAGACACGCCCGTCCACACTAAGGAAAGGTAAGTGAATTGGGCCGTGGTTGTCAAACAAATATTGTGAGAGAGGGAAAGGGCGGACGGTTGACACTATAGTCGGCTAGACTGGTTAGTTTCCAATAGTATGGAAATCGCAGCATACTAGGATGGCAGTCTTTCTAGAAGAGCTCTACAGCTGTGGCGGCACCGCGCGTGGGGCGGGTGCTTGGGCGCCGCCGCCAATGGACTCACGACCTACAGATGAGGTTCATGCAGCTCACTTACCGCACACAATAATTTGTGTCACTTCCCAAGTCTGACGCAAGGGCGTCAAATCAGAGGCTCGGCTGGGGGTCTTCGCTGGCCACAACGTATTCGCGCCGAGCGAGGGCGTCTCCATTACTGAGTCGGACCCAGGCTGATCTGCTGCTCCATATTCATCTGTTCCAAGTCAAGTCCGATTCCACAGTACACCGTGTGCGTGTTTCGTATAATTGAAGACCCATATCATCAGCTGGTTCTATGAGGTTTTGCCCCGACATT,1590,51.01,Escherichia coli
SEQ_440523,TCGAAGCGAGTTGACAACGCGGTACCCGTGAATCGTCTTTCCGCTTAGCGGCTCGAAGTCCGAGGCCGATGGACAACAGCAGCCGGACTGGGTACTGCGAAGCGGGGCGTAGGTCGCAACACCCACCAGGCTACAAAGAACAAGCTACCACCGGTCCGGGCAGTGCAACCTTTATATACCCCGCTTTGAATTCCGACCGGTTTATCACCTTGAGTATTCCATGTGCTTCTGGCAGCCTCACGATAGCCTCTTCTTCTGAACACTCGTAGATAATTCCCATCGTAATCCCTAAGCAAATAATACAAATTTGTTAACATGAGTACCGCGATGAAATGAACTGAGGGGGATCGTGGTCATACCTCGTCTGATAGAACCGGATTCTCATCACGCTAAGACTGAACTGAGGCAAGGTAGCATTAACTCCCTCCGGCATAGCAGCCATAACTGTTGTGGGACCATAGAAATATCGTAAAGTTACCGAGTTGCGTGGGCAGAGTCATGGAATGCTCACAATCCTACAGGTCATCCTGAGATGCAGGTATAGGCTTACGGCTGTATACGGCGAAAAAGCTTGTAGACAAGTTGCAACTGTCCATATAGCTACATGTTAATTATACCGCTAGCGTAACTATTAGAAGGCCTCTGTTATCAATTATAAAAAGGAGCTAGTATCCGTTAGATAGAGACGTTATGCCGGTTTTGAGGAGTCTAATGATTGAGCGGCGTTCTAAGCCCTCCTCCACTATACGTCAGTGGAAAGTCAACCACACAACGAGGAGATACGCCTCCGAAACCGTTGATTTCGGTGTCATGTAAGACTCGCTCCCCAATACCTGGCCGGAGCACCGACATTATTTGAAACATACGTATAAGGATACGGCTCAAAGTTCGGGTTAAATGCCTACAGTCACCTCGACATCCACTTTTACTGGGATATACTGCGCAGTTATGGGCATTATCAATAATTGGATCCCCTCGGCTCGCAGAGTTCTGGCGTCTACCCTCAATGCCGAGTTAGATTCGAGCCGTGGTCAAACCAGAGACGCGCTTTGTTGACCTATGCATGTGTGGGGACAGGAGTATGGTGCGCAATATCTCAAAGGTATACATAAACCTAATTTGCGCTGAGTAGCGTCTAGCGTGGTAATTACAGCTGCATCGGGTATAACGACGGCAGAGATTTGCGGAACCACGAAGCAGCCAAGTGTACGAGGTGTGGGGATCCGAGTTTCGACCGTAAATACCGGGGCCTCCAGGCCACGGTTCGACGCGGTACGGCCCGCTCTTTTCGCCGGGGGTAATGATGCCCGGGTTTTTTACCGCTGCATACTGCCAGCTGGGAACTTCCGTAACGTCATTTTATGGCTCCGTATTCTACGGGGTGCAGCGATCTGATTGCATGGGGCTCAATGAGTTTTCTTACACACGTCCAAACCAGCTTCTGTGGATACGGGAACAGACCCTCCAGGGAGCGTGTTTCAAGGTTCGTACAGGAAGTCTACGTTACTGGAATGGGTTTATAAGACGTCAATTCGTTATCGAG,1543,49.58,Mus musculus
SEQ_286968,TCGCGCGTAGATATAGACTGTAATTAGTCTGTATCGCCAGTTCGGTGGAGCAGATGAGAGCCGCTGCCAAACTTTTCATGTCGTGGCTTGTCTTCTAGAAGAATCGAAATACGTTCCCGCATCGGGGCAGAGGGTCACTGCAAGGGTTTAACAGACTCATTCGGACTAATTCATTAAGTTTTGTAAACTAATGGTCGCGTGGTCCTTACATTTCTCGGGTTGCACATTACACTTGGAACAATGTATAAAAGCTACTCTAACGAGCATGCCTATGGTCCATGACCAAGCCTATGCGTCGTTCTCAAAGCCTGCCAAGAGAGGCAACGGTGCTGTCGACCGGCTAAGGCAATTGAAAAATATTATTGATCGTCAATGAAGAGAACCTACTAAAGACCATCACAGTATGCCAGAGCCGGCAGTAACATGACATTATTCCGTTTTCCCAGGACCACACGGATTACCTCTCGGTAAGTGGATGAACTCTAATTAATACCAATTCTATTGGAGTAGGGTAGGATTTCGAGCAATTTGCTGACTGACGCCGGGGCTATTTGGTACTTCG,562,45.91,Arabidopsis thaliana
SEQ_866799,GGCGTCTGGATAAGTAAAGTTTGGTTGCCGTCTACGAAGCTCCATAAATATTTGTAGATGGCATGCTCATGCAATCTTTGGTTCCCCTACTCTGGGTTGGGCGGTTGAGCTACTGTGTATGACATTAAAACGCAGTGGGCCACTTATGACAATCCCCTATTTCGGGGGTAGATGGACTAGGCTGGCATACCAGGTGAAGAAAACGATTCAGACATTGCTTACCACTTCCCTGTAAACAAACGTCCTGAGTGGCGAAAGAGAGAGAAGTATCCATGGAACGAGGGCAAATCCCAGTTTCTACAGCAATACCATGGGAGGTTCCACACACCTCGGTTGCTCAGCAATGCGTTTGCTGCCCTTCACTAAGATTGACGTACCAATCGGACCAGCCAGCCGCCTGAGCAAGCCTGAGGTTCCCGTGTGCCCGAGAATACTCGACACTCTGGCTGACCGAGATAGGTCTCGCGTGTAATATCTAGGACTTCAATCTTACAGGCGTAGGACATCCGGATAACGTCGCATTCTAAAGACTTTAGACGCGCCTTCGTTCAAATGGGAGGGGGCGATCAGATGTTTCTGTCTTGTCGCTCTCTATTAATCGTGCGTCATCGTCTGTGCCAATTGGGCGTAAATATACTTGTCGCGATTGCCTCCTACGCAAGGAGGTAGTTTATCACTGCTAGCCACATTCATGGAGCCGGTACGGCAATGCACTAGAGGCCGCTACTTTAGCGACGATTCCTAGTATCTCGGGTGTTGCCACAGACGCCAAGATCCCACAGGGATCTATGTTCTAAAGACTGTATCCATGCGCAAAATGGTGCGGGGCTCGTTCGTATGACTACGCGTATATGTGGTTGTAGGA,865,49.94,Drosophila melanogaster
SEQ_944636,TGTGGGACGCCGGGCTTACTTGCGAAAGAGAAGATTTTAAGAGAATGATACATTATCGCGTCGCTCTCTGCAGCAGCTTACGGACATGACTGATGCAACTGGGGATTTTACAGTCGATCGACCATGTTGCTCAACCGCGGAAGAGGATGGGAATTGTATACATGTCTACGGCACGAACGCGCAAAGTACGGCAGATCGGGAGCCAAGGAGTGGAACTAGTTCGCGCAAGGCGAGTCGCGGATTAAGTTTGTAGGGGGTTATCCGCCATTTGTACGCAGATAGGAACGTGCAAGGTTTACACGCAGGTCTGCTGTAGTAATAGATGCAATACTGCACATGTCCTGTCGCCGTTCTTACCTTAAAAGAACCCGCACCCAGACTTGTTATATTCGCACTTAGTCTATGGCTATTCAGCAGGTACACTGTGACGACGTCCAGACAACGATAGTGAGTATCACGGCACGTAGGGTTATGTAAGACGGGTGTGTGCTCGACTGAATAAATGCCACCCAGCTTTGTTCGATACTATGTGCTATGACAATCCCGGCAGCGTGTGTTGCCCATGGGGAACCTCCCATGCGGGGGTAAATCAGTAGAAGAGTCATAACGTAACAGGGGCGATCTCGATCATCACCTCTGGTCGAATTTACTCAAACCATCCCGTTACGGACATCTGGTACCATATGCTTGCATGATACTTCTAGATGCATCTTAAGCGCGCCACGCGGACGTATTCGCGCCAACGGTCTTAGTGTTCGTACATACTGAGGCAAACCTACCGTTACAACTGTCGCAAGAATGCTCGCGCCTCCTTGGACCCAGCTCCAAGCACCGCCTGCTCGAAGCGGATCAGTGGAAGCTAATTTTGGGTGATGAAATCAAGACTATTATGGTATTGTGCGACGAGACCCACCTAATAACGTGGGACTCGTAAGCGGATAGTAGCCGACGCGCTAGAGGCCTGGAGCTACGTACATTCGCTCTCAGAGCACCACGGAGTCTAGTTTCATTATCCAACCCATATAGCGCTCAAGTCGCCAACAGAGAACTCGAGACGCCTAACCTCTCAACGCTTTGTTAAGCTTCCGTATGAACAGGAAGAGATCGGAGACCGTGATTTTCAGACTTGCCTC,1133,50.31,Mus musculus
SEQ_478725,AAGACGGCAAGAGTCAGACTAGTAGTTTAATAATCGGAGAAGTAGTCTCCGGTGAGCACCCTATGCCCCTGCACAATCCAATTAACCCCCTCGTGACTCGGCTGTTGGTTCGCCCCTAGCAAGAAAAGAGTTCAGCGAGAAGGTACGTTATGCGCGTTAATGCATGCTTGGAAGGTCATGATAGGGGTAGGATAATCCAGTAGAAGCGCCCA,212,50.0,Mus musculus
SEQ_609747,ATCTCCGTCGGCCCCAAAGGTGAGACAAAACCGCACTAACCGAAAGTACTCAAGGTTCTTGTAGCAAGCGGTAGGGTCGGGTACGAGGTCCGCGCGCTCGATGACCATCTGTTGAAGACCGCCGCGATGACAGTGGAAGCTGTGCCGCCCGCCGCAGGTCCAGTGCGAGCTCCGGAAGTAGTTCAGCTGTTAAGATTTAGCAACGTGTACACGCTATGCCAAATGGCTAATTGGTCAAGTGTTATCACAAAGTGACCATTCGTTCATTTGAAATTCGACAATAAACAAAGTGACCTCACGGGCCATGATCCGATTCTAAGTAAAGTGGTCGCAGGAGTCGGGGCCCGGCCTACTAGTAGCCCAGGGCTCGAGAGGAAATACTTCTTTTGCTATCGGACGCCCTTTGCAGCTGTTCGTAATGCCAGCATCGGTTCCGCAAGCGAGCTAAGGAGCGGCGGTCCTCGGCTGACGAGCTAAGAGGCAAGGCGGCACGATGTTTTGTCAAAGATAAATCCATTCGCACTATTTTCCTACACGCGATCGTGGTCTGATCTAGAGCCGATGGTACCCGTATCCCATGTTGCCTAAGTCGTACCGGATCTCTAACCGGTAGTCTGCCCGAAATAGGTTAGCTCGACGCTCTCCCACAGCGATGAGCTAGAACCCTCCCTACACCTCCACTGTGATCCTTGTGAGCACAGATTCCGTTGTTGAACGCGCTCGAACCCTGGGTCATCGCGGATCGCCACTTTGTGGATGCCCCTACAGGAGTCGAGAGTTATGGACATGCCCAATTAATCCATCGTGCACGAAACCGTTGGCACGCGCCCCTGTCACAGTCCGCTTGCTAGATCGTTCATCTTAGTTGGCCAACTACGGCCGCGAAACGCAAACAGTTCGGAACTTGTCCTACACTCCCCAAGTATAAGAGCGAACACTCGAATGAAGTACAGAATATATGACACACGTGAACCTCAAATGGGGTGTGCGAGGGATATATAAATCGATCGTACATCGCCAGTATCATATTAGGGTCCACGTCGTGTCTACCCTGCCATGCCCAGCCTACCGCGGAACATACGCAGAATCCTGACAGTGGAACCTCTGCCTTCCCGTGGCCCTATTCTTCTTGTCCATTATATAGTCTCGTGAAGATGTACGCAACCAGGACGCTCTCCCAAGGTGCTGAGCTGCATGTAGGGCTTTTTTGCGTATGTCGCTACCGGTAATCTGTGGTACCCGGCCGTTTGCACTCGATTGCACAAAAGCTTTGTCTCTCTCAGCCTGCAATCGCAAGAGGCGCGCGATGCGGCTACTCGGACGTAGCCGGCTCTGCGCGAGCCCTATACCAGGGGCTGTGGATAGATTGGTGTAATATATCGTCACGCCTTGGCAACTTTTGTGTCAATCGGCCACGTGTGTATCCGTATCGTTACGACCTTAATGGTCCGTGTCCTGGAACCTACAAAGTGTGTAAGAGACGAGGCGTTCGGCTGAAGCCACGCGGTCTGGGAAAGCGCGCGGGGCGCCCCCCCATGCTCCTTCTGAGGCTTAAGGTCCATGCCTTATTCCCGTACTAACCTAGATAGCGAGTTGAATTGCATGTCGTCGAGGAATTGCTATTACTCCTCGTTCCGACAACCCTGTTCCAGTGTA,1656,53.2,Arabidopsis thaliana
SEQ_510923,CAATCACAAGCAACATCGGTCGCGTTATGGTTTTAGGTATGATTGTCACGAATCCAATAAAAAGGGTAGAATTACGATAGCACCTGTCTTGTCGACAACGGGGTCGCAAGCGCCTACGGCTTGGAATAGAGGCTTTGAGGCCCCACTAATGCTAAAATTGGCTAACTACCATTCTATCTATACCGCTCACTAGGTAACGTTCTTGTTGGGTCTCTAACTGCGCTGTTCCCATACTACCATGCGTTTCACATTCTGCAAGGTGAGCTAGTACGAACAGCCGTCATAAGCCTCACCTGTTAAGTTATATTTTTCCTATGCCACCTCTGTACTGATAAAGAGTTGATTGTGCAGCGGGCGTCCCATTATCGCTTCGGCCAGGCCAGCAGATGTATTAGCAGGGTATCCTATCACGACCCCAAAATCTTCGCCAAAGCTTTCTTGTGACGATGTGGTGCTGAGTCTTCGACTTATGTGGCGCCCTTACCAACTAGCGTGAAGGGGTAATTAGTCGTGAAGGTGACAGTACAAGCAAAGCCGGGTCCTTTAACGACACTTCCAATAGACCAACCTCGTGTAGATTATCGCTTATGTTCCGACGCAGGGTTCCGTCAATCGGTGATCGTAATCCCCATTTCAACGCGAGCTGTTTTATAGTTATAGGCGGGTCGGGCCCCGATCGCCAGGCCGGTACTTGTCACCGCACCAGTTCGTCGCGGGAACTCATCCGATGACTTCTTGTATACGAACTCGGTGGAACGGCTGATTTCGTTTTACCGCTGCCGGCAGACGGCATCTGCCATGG,802,49.63,Homo sapiens
SEQ_197280,TATGGAGATACTAAGGTCCGCACCAGCCGGTCGTGCCAGGGTTTGCTACACAGGGACGGCGGTCATTACCCATTGATCTATAATCCTTTAAATGAGGGTAAGTTACGCTCTTGGTCGAAGGGGTCGGATGCTTCTGTGGATGTATTGGCAGAAACTGCACCGGTAAGCTTAGGACTTTATAGTCGACTGAATTAATCTGTGGGGAGCCTCGTCCAGGTGCTATTGAAATTGGTGATTCCTGTCGCCAAAAACCAGAACGCGTGTTCTGCTCAGGTCTCCCCTGCCGCCGCACATGTGAGGCGAATACAAAGACTGGCCCGCTGCGCGCTACAAGCAGAGTGAGTTACACCAAACTCCAGTGCTAAGTCAAGCGCTCGGCCCACACGAAAGGTGGTGGACTGTCGCCCAGACGAACTGTGCATCGCAACGGAGCCACTAGGGGTACTCCACGTAATCGCAGATGACACTGAGGGTACCACGTTCACACCGACACGTCAGCATGTTCCCCTCGGTGATAGCAGTGCTGGGCGAAACCACGGTCGAGTTACGACAAAGTCAAGCTTCGTCGCCCGGCCGGGCGTCTCCTTATGTGTAACACACAATGAGTACTTGGAGCTCAGAAGCGCCAACTTAAATAATTCATTCGCTCAGTCTTCAATATTTGCGCGTAAAACGCTGTAGGCTCCCCATTGAAAGGTACGGCGCCGGAAAGCAAAATCGTTCACACGTTAATATGGCAGAAAGCATCGTTGGTATTTGCCCAAGGAATCGGGTCTCCCAACTTTACGCGGCCGGAACGCGATCCCCGATTCTGCTCAGGACCTGCTGCGACTGCGGCGCGCAATGCACTACATAGCGTCCAGCCTACACGTCCACCTCAGTAAAGGATATTGTGCCCATTGGCATCGGATCTCGGTAC,919,53.32,Mus musculus
SEQ_229974,GTCGCATAGGCTGCCCCGTCGCCCCTTTGCAATAAGCGTTGATGTGCTTATTACGACAGCGTTTGTCTCCGAACTTTACGTGCGATTAGTGGCCAAGCTTGCGCGTTGACACCCTTCATTGCTCTCCGCCAAGCAGTGTGATAGGACAAGTGTAGGTATGGAGAAACGTTCTATCAGGTTTGCCCTGACTCTAGCATACGGGGAAGCGACGCCCTGGTGCGGGGATCAAATCTAGACGCAGACATTAAACGCACACGTCGCGATATCTTCTCCCGCATTGATGTGGGCTTCACATCCAAGTCTTTGTAGGTGCGTGCCAGACCACCGCCGCTTAGAAGACGATCCCAAGCTGCACCGAGCCTCGAAATGTAGAGGTGCCGATATCCGATGCTCCAGACGCGCATTAATTAGCTTGGTCCCGTGGACGAGGCGCGGATTCTTTGACCCGATCATACTTCATAGCTGCGCTAGACCTTTCACAATGGCTGTAACTTGCCTTTAGAAATCTCTGGGCAACGCCACAATTTGAGTGTCATAGCCCCGCCCAAATGTATTTCGTGCCACAAGCTGGCACGTCCGTGGACGTTTCACCGCCCGAAATCCCAAGACTTATTGACGTTAC,622,52.73,Drosophila melanogaster
SEQ_871230,ACGTGTCCCGAGCGACGCAGGCCACTTTATGTGGGTAGACAGTCGGGAGGGTGTGTGAGATTTGTGTTCACTCCCTCTATAGCAGCAATTAATATAGTTGCGCTCATCCTGGCGTGTTAGCGGTCAAAAACGAGCATGGAATGCCAGGGGCCCGCCATTACATGACCAGGTTGAATGTTTGACTTCTTCGAGGCGCATACTTGAGCGAGCGTGGCGATAAGTATATGTCTAATTCCGGGGTTTTACGTGCCTTATGATAAATGGCGCAGGGATCGAGATAAAGCGGCGGGTGGATCACTCAACCGAAGCTTGTCGCAAGTTGGCGCAAGGTTCTAAGCATCAATGAGGGCGGGGCGCGGTGTCACATGGAGTATCAAGAGGCCTGCCTGTAAGAGCCTGCGACAAGTGTGGACAGTTTCGCCCATATTTCGGTCTTCTCTCCATCGGTGCGATAGAGATCCACCCTGCTTTCAGTTCCTATTTATGGCGGAGTTTTAGGCCGGGATAGTCTGTCAATAATTTGTAATCACAAGTTCAGCGAGTAGAAGTATCGTACAACCATACCTTGAAAGAATATGGAAAGGAGTCAGCGTTGGCGGCGCCGCGGTGAATGACGGTTTGATTCCGTGACTACCGAGTCCACGTGACAGAACTACTACCCCAACTCGACCGTTCGTTTGAGAAGTGCCCCCAGCGTCCCCCAGCTGAAAACGTTTTCTCGCGTTCGTATATCTGATGCGTGTTACCTGTAAGTTCTGGTACAGACGTAGTGTATTAACCTTTCCTAAAGAGGTATACGGCTAATTTCGACTTCTAGAAACATCGCGCTCGCTTCCAACTCCTCGAATGGAAATGGTCGATACGTAGTCGAACGAGAATAGAGGCCACTACTTCATAGGGTTGCCTCGGCTACGGTTCTGAGGGACTAAACACACATTGGATGCTCTTCGCCACAACAACGCCGCATTTCCGCTAATAACTACAAGCGTTTTACAATGCCCTTAGGCAATTCTACCGACGACCGCTTGTTGTTAGCTGTGACGGGAATCTTGGTTGACGGGCCATAAGCTAAAACGGATGGATTGGTAGTCCTCACGCCGGCCTCGACTCCGCATTGGTCGCTTATGGATCATGCCT,1137,50.4,Saccharomyces cerevisiae
SEQ_236576,TACAGTTTGACGTATGTTGAGTGTCGCTTCTTCATCTGATCTAATACCTGAGTCTCATCAATTTGAGGTTCTAGCCAAGTTGCATCATCTAATCTGACGGCCGAAACGTCAATGTCTCAGTGGTACGTCGCAGCTTAAATTGCCCAGGCTACTGTTACATGAGACCTTTGTACAGTCACATGGTCTACTGCAGTATTGTGTACGAGCTTGCCCGGAGGTGTCGTCCCGGAGACTCCCCACATTCGTGGTAGATCGAATTCATCGCACATCGAAGGTACATCTGTAAAAACGAACGTGGACCCGCAGTCTATGGTAGGTTGGTATTCCATACTTCAGGGGTAATGACCCAGCAGGGGTTATGCGTTCTCCCATTGTAACATGACAATCTAAACTTATGCGATTACATCTACCAGCATCGATGTTTTCATCACATTTAGTTTAAGAATCTTATGGTCACGACTCCGGCGGCCAAGCCTCCAGCTCACCGGGACTTGGCGCCAACACGTAACAGCGAGTTCAGCCCTTTTGCTCCCTGTAATTAGATGAGAATTATTGGGCTTGTTAGTATCCGGCGTCAAAACTGCCATCGCCTCAAGATATAGGGCTGATAATGTTGTACCACGCGAGTCGGTACGGCCCGACGAAGTGATGTTGTATAGGGGTTAACTGCGAACGGTAAATGCGCAGATTGGGCTAACCGGCGATGAG,708,48.02,Mus musculus
SEQ_131044,AGTGCCTAGTCACGCTTGGAGGTGCGACCCAGTTTTTACCGGTGTTCGCATTAGTTATATACAGTTTCGTAACAGCTCCAGGCATAATTCGCGACACAAACATGGGTAAAATGGTTGAAATCTCGCAAGGTTTTGCTGCTTTGATCAGCGTATTCGGTTGATAACGACAGAAAGATCCAATGCTCCTCGAAGGGCGGTTAACGGGCAGCGTGATCCGCGAACTACACATCGGGAAAAGCGACGAATATTGACGGATTGGTAAATCTCACTCGTACGCATCACATCCTAACACCAAAGGGTGCATCGCAGGTTTCCGAGATTAAAACGGCCCTTGCAGGTGAGCCCTCACTGCGCGAGCGCGCCTGTCTTCTAGATCGCCGCAGTAAACTGATGAGTGTGAACCTGTTCGCTGGAAGTTGGTAATCCAGACTTCCAGCCTATGGGGGGCGGACTCGCCCCACCTTGTAGGCTTCCTAACCACACCTTACAAGTACCCTTGTCTAAAGGACAACGAAAAAGCCTGACATGCTCCTGCAATGGGAATTCGGTGGGAGCGGTGATAACACCTATAAAAGATTGGTTTGTCAAGTGTAATTAGCTACCGTTGGGGGACGCCGCTCGTCTTGATGCAAAAGAAGACACGTCCACGGGAATAATCCATCGGCGTTAGTTGCCTGCTGAGGGAGTTAAGACTATAGAGTTCAGCCTATGTGAAAAGAACAAGAAACTATACAATTTGATGCATCGTTGCTCACTCAGGTTGTTTTTAGCCGAAACGCCAGTAGATCCATAAACCTCGAGCCTCCCTGTAGCCGCTCTGGGCGAATCCATGAGCACGACTAAGCTCCATGAACCCTTCGCTTTGAGCTAAAACAATCATTCAGAGCGGGTCCGAGCCGCCGCTCGGAGCCTGACATGGGTAACCTTGTTGTCTACGGCACCGGGGGAACGCGCACACTTCTGAAAAAGGCATATCGGATTCCCGGATGTGCTTGAGTTTGGGGGACAATATACGACATCTGAAAGGGCACCTAGTCTAGACATTAAGTTCCTAATCCTGTAGGACCCCAAATAATGGGGGAGGCGTTCTGACGTCGCCTTTCCCACGTATCGTCCCTCCGAAGCTGCACTCTATAGGGCTTGGAAAACAAATGAAGTTACGTTTTTCTGTCTGTCTTAGTATGTTGTTTATAGAGTAACAAACCAGAGACCAACGCCTCATGTGCTCAACCCCCAGGTGGAGTGGAAGTGTT,1253,49.64,Escherichia coli
SEQ_227644,TTATTCGCCGGCCTCATACAAGAACTATAAGAAATACTACCTCGTTTTCCTACAATAATACGCATCCGGTGAGTGCGGGACATAGGAGACAGGAAAACCTCTAAGCCTGATGGCTCATTGAACGCCATATAAGTAATGAGCAGCACCATGGTCCGGAATCACCCGACGCCTGGGTTCAACTGGCGAAATAGTTTAGCCCGTACGTCAATGCGGAACCTTCCATTGTCAATCAAACTTGCTTGAGCACTAACGTTAATCCGCTATGAGGTTAAAAACGCGCCCGCCTAGATAGCGATAACTTTACTAGTGGCGATTACTGGGTGATGGGCAAACGTGCCCCCAAAACCCTAGTACATAACGAGGGGAAATGAATCCCTCGCTGCGCATTGTTGGATCAGGCACTGTATCTACCGCGTTCCTGTCATGGGTTAGGCGCCTTAACAACCGGTAAAAACTGTGGCCTGATCCAAATCGCTACCCATTGTCAAATTTTTCTTTCTGGCGCCGGTTCTTCCTGCCGGCGTCGGCATGGAGTTCTACGAGAGACAGTGCATGAAGACCGCAGGGGTAGTCGGAAGTTCTCCATGATTTGAGGCAGTTCCTTCAAGCGCTGTGTGTCCCAAACTACCTGCTCAAGTGGAATATCTCCCGGCTGCAATAATCGAACTCACTACTGTGGGAGGACGGCCTACTCCGGTTTCGGTTTCCTTGGGACGATTCCATGAGGTTACACTAAAATAATATCGCAAACTTACGTCCTGCTGGAAGTTTTGTGACTAGGCGAACATTTATAGGTTAAACTTGGTCCCTTCGCGGTCAACTTATCCTAGCCAGTCACGCTGCCCCACTTGTCAGCGTTACTCATACCCCGCACTTCGCAAGACCATCGGTTAGGACATTTTACTAGGGGCAGGTTTCCACGCAAAAATTTCAGTCGGACTTGCCTTCTAGCGTCTAGGACCGAGACTGACCATCAGAGAACGTTCCGAGCACGACGGCAGCAAGAGATATTTATTTACACATCACAAGTGGGAGGGATTACACAGGTGGTCTGGTATTACGTGCGCTTAGCTCGCATCATAAATGGTCAAGCAATAAGCTCATACAAATGAGGAAATGCGTCCGCTTGCTGTGACGACACATCATCCCGGCGATTTCCTTAGGTTCTCTGCGAAGCCGTAACAGCATACCGTGGATCTGTGGTAGTGGCAATAAACCCACACTTGTTCTTATGTGATGTGTATGTCGCGCATCTTTACCGATAATTGCAGTGATACTGTAGTAGGCGACTTTCTTCAACTATATACACGCAAGGTTTCTAAGCGCATAAGCAATTAACTGCAGTCTTGCATTTAACCCCCGCATTCGACTTGCTACCGAACCCGCCTGCACG,1393,48.67,Homo sapiens
SEQ_317791,GGCATGTCTCTCCCTAACGGCGAAAGCTGACTCTACCTGGACAGCCACCAACTCACCGTCCCAATGAGGGTCAAGGGGCGAGAACCGAAGTTTCACCGAATATACCGTCTGATGAGGCGACGGCGCGTGTTGAATTATACGTTTTTCATCCATCAAGCGCGGAATAGATGCCCCTCTGACTCTCACACGATGCTGAGGACTAAGTTTTGAGTGATCGTCTCTGTGTGGTTAGCGGGCCCGGTCCCTCTGCCTTTATCGGAGTATTGCAAGTTCAGCACGCACAGGTTGTCTTCCGAAATCTTGGACCCCTGGTATGCCAGCAGGCTCCGATGCCATAGTAGGTGA,345,53.62,Drosophila melanogaster
SEQ_590100,TCAATCGATAAGCATATAAAAACGCTCCCAACCGGTGGCTACATGAATTTAACAAGTAAGAGAAATTATTAGTGCCTGTATCGCGTATTCTTCTGACGTCCCTTATAACGTGCCTGTCACAGTTTGGTCAAAGCCATAGATTAAACCAACTTAGTATGGTAATCCAAATCATCTAGTACTGTTACTTAGACGTAGCTGGAACTCGTATTTACCTTGTACATTCGGGCATTTGGTAGGGCTTTGGGTCCATGCAGGGAGCGATGAAGTTAGTTTTCACGACTAGTCGGGCATGCAATTGATGATCAGAGAAGAACGACATAGCCTCCATCAAAAATGACAGGTATCGGTGGTCGATCACACATGTCTGCTGCCACATACCAATATGGTCACTCCTCGGAGACCAGGCAACCTGAGCGCGCTACGGGGAGACTTGAGTACTACGATAGTGATAGTCGGCTATTGCTCGTAAGATGCTTCAAGACGTCGCCCAACCGCAGGATTTGAAAAGCGCTATACGCCATGGGACCGAGTACTTTGTTTGAACCAATACTTGTCTTTTGGACGGGTACCGGGTGTATTCACGCACGAGTTTGCCTTTGAACGAGACTCTTTCACGCGGTTCAATTGCGAAGTCCGGGAGGAGAGGTAAGAGGCAGGCGAGCAACCGAGTAGCTGCGGAGCCTGTTTAGCATGGATCCCGGCTATCGGGTTCTACATACTGGAATGTCAACACGTGGCCGTCTGTAGCTATATGCAGTGTTGTAATTGGTCAGAGTGAAAGATCTTGCCATCGTCCGACGGGAACTTAGTATACGATTCTTCAGGTACTGTGGCACTGGGTTGATTACTCCTCGTTGAGTCGAGATGGGGACCTCCCGGGAGAGAAGCCTACCTGTTGACACATCCTAGTAAATCAGCAGTTAGTGGGGGTTGTCCATGCAAAGCGTGAGCATCTGTTACCTTCAGTATCCTCCAACGTCGGAAGTGTCAGGCGCCGGATTGGCCCACCGTCAACACTCCGTTGTTTCGGACAAATCATCCTCAAGCCAGTAGTTTCACCTTTGTCTTCAATATGTCTCACATTGTTGGACATGGCATCTCGCAGCTTGACCGTTCTGAGGTAAGTCATTATGCTCGAGGCAAGTCGTGCAAAAGTGAACCGTGTGTGGCGCTACCGTGGCTAGGGGTGGTAGTGTCCTCAGTCGGTATACTTCCGGATGAAGTGTACTAGAATCTTAAAGCAGGGTATAACTTCTGGGCGCGGTGGCGTACACCAAGTCAGCGCTGTGCCGATCACCATACCGCTGCCGACTTGGGATGCTGTCGCGCATGTGCTTGCAAGCGTAGGCCGTCAAGCCAGTGGAGTGCAATGCCTATAAAGCTGAGCAGTCCTACTCTACAGGTGTGCGTGCGGCGTCCAATTCTGACGCTAGCAATATGGTCAAGGCGAA,1451,49.76,Caenorhabditis elegans
SEQ_845811,CGTACCGGTCACTTGAAGCAGCTTTAACTCCATAACGCTAACACGTCTCAGCACTGTACGCTCCCCATCTTAGTGCGCAAACTCTGCTACCTTCATCGCAGCCTTATAAAATAGAGACAGCAGACGCCCTCTTGTATATCAAACTTATCACACTGTGTCTAGGAAGGGCATGTGCCTACCCGAGCCACGGCTTCGTGTTACGAAAAAACACTAAATGCCATCGCAGATACTAGCCAACCTCCCATGAACATACACATCCTTAGGAGTCATTTCGCGATCGGTCACGCCTGCAATAGAAAAAATATCGGTTCATGGTGAAGCTGTCCATCCTGCCCAGTTTAAACCCGGTTGTTTCTCAGACGAAGACTCTTTACCGATGTGCGAAGCAATTAACAATCATGCTCGGTACCGCAATCCTGAAAAAATCTTGACCCTCGATTGGTGTGGGAGTTGGGACGTCTTTTCCGCTTCGCGTAGCAATGACCCCCAGACGGGAGATAACTCCCGCAAATCATAATCAAGACTGACTCCAGATGATCCTTTACTGAAGCCCGTGAGAGTTTAACATTCCAGACAGTCCCACAGCTGGTACTTCGTGTGAATCGACCACTACGACATACCGTGGGGGGGAGTCATAGAATACCTTTTCTGAGCGTCCGAGCTTTTCTAGTGGTACGAACGGCCGGCTGCTGGATCATGAGGCTTTGTGGTGGTAGAACTTATTTATCATCACCCTTGATTTTCAGGCCCATGCATCCTAAGGATAAATTTCAGTAGGGCCGTTGTTCTCCGATCCGCGATATAAACTCTGGAACATGAAGGTCGCTCTGAAGACCTATCCAGATAATGTTGAGCCGGTTGCGTTCTGGTGATTGCTCACTAGAGTTATTTGATAGGGGCCCCACGTTCCAATACAAGCCATTCGTGCGTCATAGACCGATGGAAACAACTAACGAATGGTACGACGTCTCATGTTATGGTACTAACGTCTACCACTGTACTACGATACAGCTAAATGAAACCCCCGCTATAGGTAGAGTAGCCAGATAGCGCTGTCGTCGCTTTAAATTAGGCGGGCCCAGCCCGATTCCCAGCCCAGAAATAGCGACGGATGTATCGATACAAAAGTCAATAGTACGATATCCGCGTACTGTCGGTTGGCGAACTCGTGCTCACTTCCCTTAGTTATGGCGCGATCTCGGCACTTCTGACCCATGTCTAACGCCTGCAGCATTGAAGCTGGCGGCAGGTGTCACGAGAATGAAAAGATG,1271,48.7,Arabidopsis thaliana
SEQ_781666,TCTGTAACGAAGTGGATAGGGCATTTCTCGATTACGAGCCACACGTATCCTGGGTTGGATCTTTATCTGATTTATAGGAGATTACAGCGAGGACGCAACCATACAAATTGCGATGGGGTGTTCGGGCATTTGTACTTTTCGCTGATTCCACGGTACTATAGAATGCGTTCGTGTCAGCCAGCAGCAAGAATGTTTATGAGAATAGCGAAGTATCGCTTCAATCGGACAACTCTTAATCTTCTCCCGGGGGGACCGTTTAGCATACACGACAGGACATCGACCGCCTTCAGCCCGAGCACTTCTTGTCTCCCGGCATGAGTCGAGGCTATCAGTGACGGTAATCGATAACGCGATGAGCCGTCTGGGCTCCTAATTCGTTGACTCCTTTGGTTGGAGGACGCACCGGGAGGAACGAGGATCGTATACAAGGGACGCCTATCAACAGTTCATCTGCATCCAAGTTCACAAGACAATTAATGGACCACCCACCAAGATCCCTAAAGCCGAGCCGCATAAACTTTTCGGGCAATATTGACCTCAAACAGTCTTGACTTATTATGGTCTCATGCGGCTTGCAGCCGTGTCAGTAACTGCTTCAGGAACACATCTTCGGACCTCGGAACCCGTGCGAGGAGCGGCTAAAAGGAATGGAACGTCATGGTTGAGACCGGGTCGCTCTCTACGGGTGTTAGTAGCCTTACACCACACCGCGGGGTGCAAAAGTCGTCCGCCCCGGACAATGCAAGCTAAAATTCTTTGGTACCTAACCCGATCATGTATGAGATAGCGCTTTTCTTGACGATGCCAATCATTTACCCCACCAGATGATCCTCTCGCGGGCTTCACAAATGTCCGGGGTTCGCAGGTGACAAAGATTCCGATGCGGTTGCCATGTATGCGAAGCAGCCGTGACATCAACATGCCTGCAAGTCAACCACTTGCCCCCAGCGAGTCCTGAGGAGCGTTACTAGCATGCGAAGCCCCAGATGTACACGTTCCCAGAGTAGATGATTGG,1015,51.03,Mus musculus
SEQ_792235,ACTGGATGTCTTAAAACTGGGGGTGGTAAGAACGCAGCTTGAGGAATCGACCCATCAAAAAGTCGTACATCGTAGCTGGGCCCCACGGGGAACTAGGAACAATTATGATGTGATTTGCTGCATAATGACTCAATTCTCGGAAAGTCCGGGACACGCGCCAAAACAAAGATCTGTAGCTGGCAAAGTCTACGACTTTACTGGAGTAGCTCGACTGCATAACCTTTACTTAAATGCAAAATACCAAGTCATCGTGCATTATCGTAAGAAACGTCATCAATTCCTCCCGGAGCATAGGAAAGTGGGCCTTTCGGTTTGCCGAGGTTGTCAAGGATATATTCGCGACCTCGTATACTGTGTCGAACAATGAACGCCTAGTACCAGGCCCATTCCACGACTCCAGTACACACAGTCAGAAATCAATGCAAAATGCAATAGAAACCTCTCTAGTATCGG,453,46.14,Saccharomyces cerevisiae
SEQ_562120,GTGCGACGTCTGGGGGAGTCCGGAACCAAGAATCGGGTATTCGAGGCAAAAAACGTCTGAATATCAATTAACGAGCTCTGCACTTTTCTACGCGAGTGAAATGCTTCGCATTTCAATTCTACGGGCCCAGTCGGGGACGTTAATATTAAGCGGACAGGGCTGATGTTGGCAATCGCCTGGACTATCATGGTCAGTAAACAAACAAACGATTCGTCCTCGAGGTTCGGATGCCAAGGGATGTACTTATCGTGTCAAATGATGGGCGGGCCACCAAAAAGGCCAACGTTATACGCTGTTACGGACATGGACGGTGTGAATGCTAAACTCTCCGTGTCCGGGTGTTATACAGTTCCCAGTCATGTGTGATCGAAATATCCTGATTTCCATTGCATAGTCACACACACCCGCAATGGGTGTGGGCGCGCTTTCATAAGTCCCCAATAAGTCTTGGGCGCTTGAAGAGGTAAAACAGAGGAGGACTGTTCGACTCCGCTTACGGCACAGTGATGGTAGTTGGGATTTACTTTAGGCCAAAACACCGATCGTAAGAGGGAAGTTTTTCTGCACCAGCACAGAATGGAGGAATCACTGCCTGCTCAGTCACCACGATACCTTCACAGGAAAAAAGAACCCCGGGGTTGTGTTTTTACTGCGTCTGGGTCCTTTACTGATGCTCTTGGCAGACCTAGAAGCGAAAACCTGAAAGGTAAACCTGTTGCCTGAGCTAAGAGATATTAGATGTGTCAAACAAGTCGACTGTATTATAATACACGATCGGTCACTATCAATGACCATATGCAAGTACGTTCGTCTGCAGCAAGTTAGCGCGCGTCACATCACGTGCGGCCGTGTGGATTGCGGTGTTGCTTCCAGCACTTCAAGCATAACGATAGGTTATGAGTTAGACTGTCCTTCATCGCCGGAATCATAGACTTGTCTTTCGGAACTTACTTAATGTTAAGTTACCTGCCCGTCGTTTATGGCGACACAGCCCAGCAACGAATCATATGTACTTGCGTACACACAAATTTATGGCCATTCACGCGAAAACATTAGGAACTCATTGGTCATTCCTCCGGAGGAACTGGGTCTTTACTTTCGGAACCTGGTTTCCTGCGAAGGCGGCACAGGCCGGTCTTTGCGAGAGGATACATCTCAGCAAACGATCCTCATCGCAAGAAGTACTCTTTCAATGTAGGGGCACGCCCTGCCTCTGCATAGAGCGACTTTGAACAGCTGCCGAAAAGGGAAATTCTGCCGCCGCCCTGAAACAATCGCTACGGCGAAAGGGAGAGCACCTGGCCGCCAGTCACATCCGAGAGAAGCCTTTGCTTTAAAAGGAACCTAGTCATACCGCGAGAGAACTTTCCGC,1372,49.13,Mus musculus
SEQ_859943,AATTTCGGTTGAGTTTTTCCGTTAGCGTCAAATCACGTTGGGATCGCGGCGACAAGGTAATCCAGGTTAGGTGTAGGTAGGCGAGTACTCGGTTGCACATAATCTAAAAAATTTAGACTGAGGCTGAGGTGCGTCCTACTAGCACATGGCAGAAATCTGATGCTTTATGCAAACTTGGCCAGTGAGGCCTTGTCTTAGAAGTAGTCAGGGTCGTCTTAAGGTTACTTGCAGCGCGCACAGATGCCTTTGCGCGAATGCAGAACACTGTTAGCAGGGTGCCCTAGAACCACGCAAATTCTTAGACAAGAAATTTTCACGGAATAGGACTCTTGTGTGCAGGCCAGGCAGGTCCGCAAGTATGTGTCCGCTCCGCTTTGTGTTAGACTATGACACTCTTCGAGCCTTTAATGACATTTATCAAAAGAAAGACTCAATGCTGGTTTAGTCATTGGCTGGATGAGTGATTACTTGAAATCTTCCATGCGTGTTTGTATGTGCTACACCCAAAATATCTCAGTGTAGGATGGTCGCCTACAAGTTTCATCCTATCTACCCAGGAACGCTGATGCCTGGTCAGTATTTAACCTTCCTGATTGTCACCGTTGAGTTACCGACGACGACTACTTCATTTGACGATGGGGGGTAGCTCACTAAGACGTCATGGTAGTATCTGTGGGACGAATCTTGCCTTATTATATGGGAATGGGTTCCACTACGTAATGGTTAGGACCGGTTCTCGCAGCACCCCCTGTTGCCGGATCATGCAGTATGTCCGTTACGGCCAGTAGACGCGTGTGCAGCAGCGAAGAATAATGTGATTCGAGAAAAAGGTATGTATCTACTTCTTCTAGCTCGACAATGTACAGTACTTCTGTGCTCACCACGGATAGCCCTTAACTACATCAGGTACTTTTCCTTGGTAACCATGCGCGACACGGCGCATCTTTTGACGTCGCTGTATAGCAGCCCCACCAACGTGGCCAGTAGTCACGCTTGCCTAGGTGTCAGAACTTGGACCAATCTGTCACTCGTAACCGGATAGGTGTTCTAGACTAGAACGTCAAGCAGAAGGCAGGGAAAGCGGTGTCTATCATGTCGTTACGGTCTTTCGCGGTCACTCGATTGTTACCACTCCCTGTCCTGCTAATCTGGCAGCGGCCGCACAGGCCATCACTAGTGTAGGTTACGGGCACTGCCGTGCGGGCACGATTGCCCTAACTTAGCAGGATGCTTAGATACGTACAAATCATCAGAGCTAGCCTTATTGGGGAAGGCAAAACTCGCCGTTGGCTAGCACAATTCTGCCGGCACTCTGGTTCAAGGAGTATTATCAACATTCTCGTGTCGAAGCCGTCGATCCGCAGTTATTGACCTGAGAGTGGTGATCCCGTCATGGACACCGCCACTTGCTTGTTCAGTCATGCGCTGCAGGCGCGAGGATCCGACCATTTGCGTGACCGCTACCTTGCTTAGAGAGCGTGGC,1483,49.56,Escherichia coli
SEQ_891736,GGTGGTGCAATGCAAAATGGTTAATCGAACGCAGACATATCTTGTGGCTTCTCGCTCCGCGCCAGAAACCCCTCATGGAGAAAGTCTGATGCTAGCGCGTCCTTAAGGCTCGTAGACAGCTATGAAGAATGCCGAGGAGGGGGACACCCCTCATCGGTATCGTCAAGTCACTGACGTCACTCTCTATAATGCGCGAATTAGTGGTTCGGATTCGGCTAGTCATCGCAAAGCCGGGGCTTAGACGTTTGAGCGGAAGGGTAACGACAGATGTCAGGGGCTTTTACCAGGCTGCGCATATTGTGCTGGGTATAGCCGGCCCAAATAACTTCAAATAGGGTCCATTAAGAAGACTCATTGGTGCTTAACCAATATGTCGTGAGCCCCTAAACAACTGGCTGAGCCATTCGTACCAAGTCAAGCCTAGCATAACTAATCATTTCTCTTCGCATGAGCCCGTACCCCTGCTCGGTACAGGAATTGCCATCTACATGAATTCAGGCAAATTAGAAAACGCACCGTCCAAGCCTAACCACAAAATACGTCGTGGCATGTTAGTACTGTGCCGACGACTGCTAAACACGATCTGCGTACAAGGTCCAAATCGGTAAGGAAGCTGGACACTGGCCAAACGATTAGATAAGTTTGGGATTAACCTACATGCCATAGTCCAGGGGAGATCCCTTCACGAGCAACAAGGGGAAATTCTCCGCCAAGGAAGGGGTTCGTGGTTTGTACCTCTGTCTTTGTAGGTATCCCTGCTCATGGGAGAGGACAGAGGATTAAAGTACGTTAACTCTCATGAGCCTAAATCGATTACTCATATC,824,49.03,Drosophila melanogaster
SEQ_182466,CTCATTGTTAATATGGGAGGACATCAGGGGAGTTTTTGCTTTAGCCTGGTCCCCGCTGGACGCCAATGACCGACCCGTGGAAAATTGTCCCATGAGCGACGTTCAACAGCGTCTCATGAGCCGCGGCCCAGTATTCCCTGCTGACGTGGTCGTTAACCAGCTTAAGACGGAAGGTTTACAGACGCCTTAGCCATTATCGCAGATACTAGCCTAAATTATTACCTGTTACCAAAAATTGAAAGAACTCCCTAACTTCGCATCGGGCCCAAGTGATATTGAATTCCGTAATATATACCTATGAGGTGCCTTAGGAGTTTCACCGGGTAGGGTAGCGTGATGTGCTTATGCCATTTACAGCACGTCATTCGGATCAAAGTGCGGAAGGACCCACTTAGGGGGATTCTCCGCTAGTGGCCACATGAGCATGTCGTGCATACATGGCAGGCAGGACTTCACTATATTCCAGATTTGCCACGACCGCAGCGGCGCACGCACGGAAGGCATAATAGAGAGGTTGCTTTTCGAAGCCGTTATGTTTCCGATGGTGAGAATCATTGTGGGTAACCGTATTAGACACGGGACTTCGCTGTACCGATAGTGCGTAGTCAAGCCCACCATGGTAGGATCTTTAGTGACTGCTAGGGGCCATCGGCCCCTGTTATCGGCATTAAAACCGACGCTTGTCAGCCGCCGACGCTAGCACATCCCCGATTGTCAATCTGTAAACGACGCCTACCAGTACTGCGTGCCGTTATTCAACTTCTGTTTTATTAGTATTGTGTACAGTATGACAAATAAAAATCCAAACATAAATCGTTTAGAGAGTCACTTCTAAAGTTATGGCGCTGCTCAATAGGCTGGCTCATCAGCTACAACAGTCAAGAACGACAGCGTCATGCGGCAGTGGATGATGAAGCACTGAACCTAGTCAGGTGTCCAACTTCCTCAGCACTGGCAGGCTAATAATACACTCTACCACCCCATAGCCACCGTAGGGGCATGTCACAAGCAGTTGTTTCCAGTAGAGCC,1029,49.27,Mus musculus
SEQ_398433,AAGGGTGATTGCCATTGGGTCACGGCATGAACTCCGACGGACGGGAACGGGACGGAATTGACACTTGTCCCATTACATTGGCCTTCAAGTCTAGAACAAGGTAAAAGGAGATTGACAGGATGTTACATGGATGGGGCGCCCAAACAAAAAGTAATTCACTCGTTCGTCACTCTTCTACGGGGTTGTCGTTAATCGACGATAACCGTGGCCTAATGTGGTGAAGCAAACTGCCTTAGGGTTACGTCAAGCTTACTTAACCGGGGGAGCATGGGGTTGTCACCATTTCGATAAACATAATTGTTAGGTTCGTATTCGAGGTGATACCAGCAGTATTGCTCGTGTGCATGTCATATGGTAAGCATCACTTAACTGTCAAGCGCCATACCGCCGCACTCGGACGCAAGACGCGTTCGTAGAGCCCTCAGATCGCGAGGGACAAGCAAATTCCTGAAAATCCGTGGACGAAACGCCATACAACGTTAGCGTTGTCTTTTCCAAAAAGATCCCGCCAGAATTAGACTGGCACTGATTGACTCGCGACGCATACGGATAGGTTAACGAAAGTAACCTGGCTCTAGCTAAACAATCCGAGCGGGGCATCGCAGACGTTCTGGTTACAGCGTGCAATCTTCATTACTGACGTCGCGAATGAGCCATCTAGCTCTGCCGAGAATGTCCACCGGTAGGGAGCGACGCAAATATTCCTCGCCATTCTTTGAAGGTTCAGCACACTCCAACACGGATAATATATGCCATTAATGTGCCTTACCACTCACTATTAATACCGTATTTTGGGCCAAATACGGACCTGACTCACCCGAGAGAATCTCGGGACGTATTTATGCTAAGGGAGTGGTTAGTTAGTATCAGAGCGTGCCCGACCACGGCACAAGCATACGCTGACAAATTCCAGCTATCGAACGCCCCTGCCCTCATTGTTTGGTAACCGCGGAAGGATCCCGCGCTTCTCACAGGACTTACAACGGCTATTTCGGTAATATTGCGACGTTTCGGTTAGGGGCTTACATCTGAGGGACCGAATAGGTGTGATGCGACATCAGCTTGTGGTGAACCTGTTTCAACAGAGTATCGTGACGGAACAGGATTTTGTTTATATCACACTTCCTCATCTCGCGATCCTTACTAGCACTTGTCGATAGTGGAAAACTTCGTCCGAATATCGACGTTTTAACTCCGCGCGTGTACCATGCGTGAACTGTGATCACGCACCCACAGAGCCCGTCCACGTTGGGCACAAAGTTTGGTCGGGTATAGGTGTTTTCTTCTATAGGCAGGTTTGTGCGCATGGTTCTGATGCGAGTTGTGATCATGAGGTATACTGATTGCGTGGTTCGCGTATTCGGGCTCTCTCCGAAAGCGGGCTGCTGCAGACCGCACAGGTACCACGGGCAATTGTCACATGCGCGAGGATCCCCATTTGTCATCTCGCCTACCTTTTAGTAGTAGGGCCAATGTACAGAGACCTACGATCCTCCCGCTCCCGAACTTGAGAGGGGCGCGGTAGGTAGCCCACTGCCCGCACGGATAGGTTCTGGGAAGGGACATAAATCAGGACCCCTAGAACAGCGGGTTCGATCTCGTCCCCGGAAGTCGAATGGTGAGTTTTCCTCTCCTAGCAGGGATTAGGAGCGTACGCGACGCCAA,1665,50.75,Saccharomyces cerevisiae
SEQ_377293,CGTCATCTGCCTTTCATGGGTGATCTGGTTGATTTCAAGGAGCGACGCCCTTACGTGAGCGTTGAACGGTTGTGTATCAAATGTTTTGACATCAGTTGTGATGACTACACACCTATTTCCAGCTCAAACCCGCTACCGTAGGTACGGTCATCAGAGTCTCCAAATATAAGGTTCATGTTAAAAAATATAGTCCCCGTCTGACGGTGCTGGGGTCGTTTGGCAACAGATTTTGGCGGCCGAATATGACGCGAGACCTTATTAGGGTTGGTTTTCGTGTGGACGCGGTGCATCAAAGTTACATATCTGACTCTCGTCTCAAGGGTCGGGACGGTGCATTTCTGCTTCAACGGATCACCATAATCATTCTTAGGGAGTGCAAACGGGTGACCAATGCCACTACTCATTTCGAAGCGCAATCAAGAGGATGTTATCCTTAGAGCACAATTACCAGTTCAACACACTACCTATCCCTTCAGGATTAACGAGAACCCGATGCTCGGGTTCTACGTAGCAGTAATACTACGCTTCTTGCGACCAGGCCAAAAATACTAGGCTGTATATAGAAAGAGTCCGACAGCCGCAACCTGGGCACGAAAGACCCTTTCGATTGCCCGCTAACACTGCGTAGGGAATGTCGCGCACGAACTGTATCTTCAGTGCACGGACACGAAGCGTGCCTTGGGTGTCGAAGTTATAGTCCGGGTTAGAGTCTTTAAGATGTTACCACGACGTGATAGGCGTACGCTAGATTGGGCGGATACGGTATATTGGCCCACGTGTCATCCTCGTTGTGTGCTGGACACTTAACGACTTGAAGCCCACAGATCATCTAAATAGTCTAGGCGGAAACAGTCACAGATCTAGACAAAGAGCTAATACCAGGTGTTATGGTAGGAACACCACGCAGTCCACAATGGTAGCGTAGCTCTGCGCGTTCTTAGGAGTGTTCGCCTTCAAGTAACTACCTTGCGTGAGTCG,978,48.67,Homo sapiens
SEQ_694417,AGGGGCCGCGGAACTGAACCAATTACGAACAGGCCGCCTATTTAGTGCCTATTTCCCGGGCTTAGCAATGTACTACTAGTTCTGCGAAAACCCCCATAGGTTACGAAACAAATTTAAACTCTTTGCTGCACCGACCTACATTGACGGAGGGCCCCTCTAGGTCACCACAGTCGGGTGCTACACACCGCTAAGCTTAGCGATGACACGCGAGACGTAGAGTTGTTTGGATGGTCAGAAATTGTTAACGAGGGAAGTAGGGAGTACTCATGCAAGGCTATGCTGACGGTACGCGTCTACTGGCGGGGCCCGGAAGGCGCCATGGCCATTCTCCTATGGGAAATTATCTAGAGGCTATCGAGATCATAAGGGTTCATCCGGGTACTATCCCACATGGAGGCGGTTTCTAACGCAGGGTGTGTTTCATAACAGCCACCACTATACCTGAAGCGCGAAGAAGTGAACAACCT,467,51.39,Caenorhabditis elegans
SEQ_762024,ATCAGTCACAGCCGAGACCTGCGACCCGGGGGGGGGGAGTGAGGCATCATTATCATGGTAAAATTCCGACAGTCGTTCAGATCCCCGTGAGAGAGTTATCTCATCGGGTCAGAGCGCAGGCAATGTACCGTGCAACGAAGTGGGAGAAGGGAGAAAACCAAACCCGCATAATATAAGTGGGTAGGGCGCCTCCTCGTTAAGGGCATTCTGGTTGCACTCACAAGAGTTTCTCCAGGATTATAGTAATATTATTGCCTGTATTTCTCGGGAAATTAATGTTTGGCATTAACATATTTGTCCCAACTCTGAGAATTCCCTTCGTACCGTTTCCATGCGGCCGTGGGGGTCGGCTGATGCACTGAGGTTGTGCTCCAAGCTAACAGCCCCCCTTGTGTACTCAGTTAAAGTCGCAACTACGGGTTGTGGTCAGAACCGTGCAGTAAATGGTACAGGAACTTGCTTACTTCTTGTCATTATCGAGGTAGGCCATTCCCCAACTGTGCGTGATGCCATATGGTCTCCGAGTAGCGATTCGGCCGACATGTTGTATCTGGACTAGTCGCGATTAGTAAGGGCTAATATCAACGAGGACAACAAGTCCCGCAAAGGCGGACGACAACGTGGGCTACCTTAGGCTCACATCGAGTTAGTAGCTTCGGGTGTATAGCCCGTCGTTTTTTGCCGAGCCACTATTCCTGCGTGGCGAAGGCTTCGTTCGCCGACAGAGAAGTCACGGGGGCGGTAGTAACTGCCGTGCTCAGTCTTACCAGAGCATGCAACGTGACAGAGGGCCACCCGGGCCACGAAAGTATATCCGAGGGTAGTATGACAAGACCTCCGAGCCGGCCGCGCAGAACACGAGACACCTGACTAGCTGACCCTCTAGGTCGCCCACCCCCAAGGATACGGCCGTATATTCGAACTGACTGCCTATGGCATGGCCACAGTTAGCCCGGACCGAGATGATGCAACAGTTTGGTGGACTCCTTATAATTCCATTTAGAGCCCTATCGTGCAAAAATTAAGATAGCAATTCCAATCAGTCCATCTTTTAGTTTGGCTCTAGTCAACTTCACGCCCGCGCGTATCGATGCCTGGGCATGTGTGCTAAATCTCCTACCTTTTACTTCGTTCCGCATATGCTGGCCCGACGTGCACGTATAACCCGTTGAGACCAGAGTGAAGATGGACGTTTAGCAGCTGAACTACGGAAACTAGTCCTAG,1224,51.63,Mus musculus
SEQ_650496,TTTTCTGACGTCTGAAAAATGAAATTATTCTGATCGCTTTGCCCGTGCCCGGAAGATACACGACCTTAGACGCTGGTTACCGAGTCGAGTGATTACCGACGGGTTTCAGTTATGATACTTGTCCTATTAAGAATGTAGACAGTAACTGGTAATGAGTTACGTTCTGGAAATTATTTACTAAGCTTTTTGGGAGGTTGACTGGCCGGGCGATTGGTACAAGCGATCGCACGATTTTAACAGTCGGACACGCATGTGTCGTGCGTGGGCGTTAGCTGACAGACTAGGGGAAAGTTTTTTGAGTTTGTGGGTTCAAAAGGTGTCTCCTAATCGCACGCCGGATTTCGTGGTGCGTGTACACAGGGGGTTATCAAGACAGATTGCTATTTTTATGCGTAAGGGTCAGCATGCAGGCATCGCAAAGTACGCGCAATATAAAGGTTCTCAGCCATATCGGTACGCGCGAGATCCGGCGCGCGCAGCTAATGCAAGCGTCAATCAACGTTGCCGGGGCGGTTCCGAGTGATGAGGGACCGAGTCTTTAAACTCAGGCGAGGGGCTCAGTAGCAGTTGTACACGGATCCCGGTGAGCGGTACCAGATTACACACTATCGGGCCCGGTTACGCCAATATGGCGAGGGCGTCTTGTATTCAAGGCTTTGTAGACCCCGCCATGGACCGGCTTATTACGCAGCCGCCGATAGCCGACAGAGAGTTTTATTAAGCTATATGCTTCTCTCATCGGTCAGTAGCCATTATTCTTAGCACTCCATAGCTTACAGTACTCAATGAAGCATACACAACCCGAGGCGCGCAACAACTTGCCCTGATCCATCCTATGCAAAGTCTCGTCACAGCCAACGTGACTTTGGCGGCGCCCCACGAGCTCGACCCGCGGGCGCCAGGTAACGATAGGCACAACTGCTCAGAGCACATGAGAAACCAATACTATGACCCGATAACTCAAGCATGACTCATATGCTTTGAGTCTGAGGCCTTGAGCCCAATCTTGGTGGACATTGTCCAGTATCACCTCTGGCCCTCCAGTATAGAATTCAACGCTCATTACGATGAGGGTATATTATCGTCTTAAAACAGCTGGGAAAACCGCCCATTTCTAGCCAGGGATCCCGATACTGTTGGAGTCGTATGGCTTTTGGGTGCATGTCTCTTCTGTGATGTCGTGTTCCAAATGCGCCCGTCGCCGGGGCTAGTTGGCTTAAATGACGTCACTTTTGTAAAGCCATGGCAAAGCGACCCTCCAAACCCTTATAGTGTCATCTTTGAATCCTAATGAGCGGATGATCAATTGGGAGTTCTAATTAGTATAGCCTGCTTATACCTCCGCGGAATTTCGGCTAACTAACTCACTGATTGAAGGAGCTTCGTCCTTAAACTAGCCCTGGGCGTGACTCCAAACGGATATAGCCTTTGCTGCTAGAAGTAAAGGATCGTATTCTTCTGCGAGAGGCTTGACTGGTTGGATTGAGAAGGTTCCGGCTTGTATACTATACCCGTTAGGTAGTAGATTCGTGGGGGCGGCGGGCGCCGCTAGGGACGAAATTTCCTCGTCCTTAATACGGGGAATCTGTTTACCTCCACTACATCTATAGGTCTATAAACAATATGGGGAAACTAAGGGCTCAATTTGTGAATTGCGAGAAGGCAGAATCTATAAAATCATGTGATGCATGAAATACCAACACCTACGTTTTGTCCCAGGTGTGCTGGCGTTCGGCTTCCTAATGCACAACGACGGATGAGCTCCGGTGGGGGTAGATTGCTCATTCTCGACGTTCATCCTGATGTTGGATCCTTCAATTCTGTGGGCCCCGACCCGTCTT,1841,49.38,Mus musculus
SEQ_648162,CCCTTTAGTCAGTGGCGGAGACGTGCCCGTCAACGAGTCACCTGTATCGGCGGGTGGCCACGCTCTCGGACTCGTCTGCGCAAGTTTTCGAGAGTAACTTGCAACGCGTCCTCGACGGCACGCGGTCGACTTTTCCATTATAACATGAGATCATGCATCGTGGCTGTAACCTCCTTACACTTCTCCGACGTAGCGAAAGGCAGCTATGCTCATATCTCTATGCGTCGAGTACATTGGGCCTAGATGTCGCGGGAAGGGGTCTTCTCTCTGGATCTGCTTATACACGGTTGAGGAACCAGCAGATGAGATAAATTAGCCGAATTCAGGTCTCACCCTCTAGGTGTCCGACGGGTAACTTCAATTGCAGGCCCGCCGGGTAGGGCTGTATGTCGCGTTCGTCCTCATCCGCGGAGAATGCTGCAACATCATCAGGGGCGGGTTTGACCTCTAGAATATGTTATGAGGGTTACAATCCCTGAGCCAGTAACCATTTTTTTGACACAGTTTGTCCCGCTTGACGAGTAAGAGCCGCATCTACACAAGGCAGTCCCATTCTTAGTCGGCTCGGCTCCAAACTCCGGGGGAATGCGATTCTATAGCGTGGCATACGTCGTCGCCCTGCTTCGCAGTGTCGCGGTATCCGTTTCACGCACTAGCTTCGCGACTTCCGGACTCTATGTACTTTGTAGTGACAGTATACTTACTATCAGTGCGGGGTAAGATCT,725,52.97,Escherichia coli
SEQ_765785,AGATTTAAAATGGAGACCATCGTGATGACATGAATTACGGGCTGGGGGGGCAAGTGCCTCAATCTTATCTTTTCTCCTTGGGATTAAGCATCACATCAGTCTTTCAAGTTAGAGTACCCTGAAGGGCTATAGACCGCGGCAAGTATACGAGCCCACTTATGATATCTCTGCGAAACGTGTTTGCGGGGACTTGAAGATTAGGCAAGCGCACGGGTGCCATCTGACTTGAATCTGATCTGCCCTCCTCGGTTCACTCATCTATCTGATATTCCTTAAGTAATCGAAGATGCAACTCACTCCGCGATCTCAGCGTTATGACAAGGGGCATCATGTAAATTGTCTTGCAGCGAACTATCTCCGCTCAGCAAAATTATCGCTGGCGCTCTTATGTTACGGGCGCCGGACTCAGATTGTTACCACATAATTCTCAAGGAACTCTGCTCGACACGGGTTAGCGGGCACTTCTACATAGGGACGAGGGTGCTTATACATTGCCTCAGAAGCTACGCTCTGCAGAAAGTACAATTGAGTACTCCACACGTCTACACGCCGGGCAAGGCAGTAAGGCGCAGGTTGACGCAATCAGGCCTGCGTACTCTGCTTAGATCGAACTCGCCCGTTCTCAATGGTGGGGTCATTGTGCCATACCACGAGCTCCCCTCGCATTTGAGCCGTTTCCCATTGGGAGAATCTTGAGATTAGGGTAGTCTATCAGAAGCTTACGAACCCTACATCTGCTGATAACTAGTGATACTGATTATCCGCAGTAGCTTGCTATAAATTCCATCGGACATAGCCCCCAAGTATCGTGCGCGTCCGGTACATTAATAAGTCGTGTTATCCAAACATATATATGATGTCAATAGACATACCCTCCAGATCGTGTACGGAAGGAGGGAGGGGTCCCAGCATATGGGGAGAGTGGGCCTGATCGTTCTCAAGATGGCCTTTGAACCTGCGGACCTGTTCTTATGTCTGCATGTTAGACACGGTAGTCATTGCACGGGCTATCTCGCTGATTCTTATCGCTGCCACACCTAGGCGCGCCCCTGTGGGATTCGTGTGCAGACATCATGTAGTGGCAGGATAAACTTAGGCTTGGGTCCGTCAACGAGGAATGGGTCTCCGCCTAATTGCTTTATGGGCTATCCCGAAACGGCATGCAGACTCTGTAAAATCACTTGAAGTCCCTCTGGCGGCTGACGATTGCGAGATGTGATGACACCATGTCCTTATCTGTCCGGGTGCCTTATTCGCCAGGCGGTGCCTCTTGGCAGCATATGGCACTGCCGTGTACATTAATATATCCAGTAATTCGCCAGTCCTGGGAGGCTTGGCTATGCGATACACCTAATTTTTCATGTAAGGGTCTCCATGGCCAACGGGAAGGGATAACAGCCGGTCCCCATATGCGGCTATGCTGTGTTAAAGACGCATTGCCTCGTGTAAGCGTGTTCGACACCTGGTAACAGGCCAGTTAGAATATCTCTAGTGGTTCTATTCCCTATATA,1511,49.64,Arabidopsis thaliana
SEQ_264639,AACTAGATACCAAGTTAGTTTCCATTGTGCTCCAATGGGCCGAGGTTGAATACGCCATGCATCCGACTCTGTTAACCTGGTTACAGTATCTTAGGGGGGAAGTAGCGGATACGGCTGCCGTATAACTTCCGGACTGTAGACAAATGTGATGGCACTACAGGTTAGCATCAAACCGACGACACTTTTGTTCTCCGCCTTCCGCTGAATACTTGCTTGCGGCAAGGTGCCTGTTCTGACGTTTCCAATCCCCATCATGGTGTATTAATCCTAGCAGCAACACTGTTCTCAGCTGGGGGTGGAATGAGGGTGCCAGCGCCGCTGGGAATCGTAGTTGCCAGCTGATGAGCATAAGCAGCTAAAGACACCCTGTCCCCTCCGATGCCCGACGTCAACACCCACTACAGGTTGCTCGACTCAGACATCTTGCCGGCAAGCTGCAGAATAGTGTTTTAAGGTAGATATCTATTCGGCGCAGACCGGGTTTACTGGCCAGAAGGAAACGGAGGCTCACTCCGTGTATAATTGTAACGGAAGGACGGCTCGCAACTAGTGACCTCCTAGGCGATATCTGAGGCTGATCCATGACCACCTATCACGCATTCTTTACCGACAGTCCACACCATGTGTCAGCACCGCTATCGGCGACCACGAATAGCGTTAGGCTTCATTGCGCTATTTAACCAGGCACGAAAAAGTTGGCGTATTGTCGGTCATTTTCGACGCGATACTTTGTATCAGAATCGACAGTAAAACCTGAGCTGGATGTATCTTAGCCGCATAACGCCGGCGAAGCTCCTGAGTTTGGGGAACTATGCAAGCTTTTGGGCTGGAGTCAACTGCACACAGCCGAGGGTGAGTTTCGCCAATTAGCGTGCTGCATTACGGAATTGGACGGTCGGAAGTCACGCCCAAGGTAACCCTGCAAATGGTGAACTTTAAAGGCGTTTAGAGCAAGAGCGAAGGACGTTACTGATACACCCATATAAACTCCCTACAACTTCACTGGCACGATTTGTACAAGACACGTTGCCATCTGTTTCAAGCCAGCTATGCGGTCGGATGATACGGGAATTTGGCTCAAAATCCTGATTGTGTTAATTCGGACTGCAG,1110,50.27,Drosophila melanogaster
SEQ_998756,AGGTCCTCGAGGCCTTACCCCGTAGTAGTACCTTAGCGTAGCAACGGATTCCCCATGGTTTCCCACTTATTGCAGATCTACATAAGACACCATGTAAAGGCCATACGTCTTGCGATGTTGCAGACGCGAACCTCATAGTCATCAGATCGCTATGGCACCGACTAGTAAAAAACCGCCACCGGGTAGTCCAGTGGATTGATGGAAACGACTCGGGCACCCCAACTGCGCCTTCCGCCGTTTATGTACCATACATGAGCGCTACGTAAGTGGCGTGCGGTCTCAGATCTTGGAGGCAATGAGCGTTCTCGTCATTTGCCTGTATTGCCCTTACTGGGATCGCAACTGA,346,52.02,Homo sapiens
SEQ_800792,TCCACGATCAACATACTCTTGTTCGCCCTTTGGCAGGAAAGCGCTCTCCTTCTGCATGATGGCTTTCTTAACAGTACTAACTTACTCCGCAATATTCTGTACATCCTCTCTCGCTGCGGCCGGCCGCTCTTTCAGAACGACATTGGCCACCGTAGGTGATCGTCGATGGCCGCGTTAGGTCGGAAAATTTCTTATGCATCTGTGCCCCAGACCAGCACCGAGGGGACGGCCTCGAGACCAAGGATCTAAAAAAACCTAGAGTTAGCTTCTTCCGACCCGCTTACAAGGTATGACTGGGAACGGGCTGTCGTTTTGATCATAACAGGGTAACATCGCTCGCGCTAGCTGCATCTCAGATCTTAGGTGGCCCATAGAGTTCGGGGCTTAACCTGTGAGTCAATAGGCGTATCCCGGCCCTGCAGTGTGATGATCAATTGCGCGGGTACACGACTTATTGTTATTCCCTCTTCAACTTCCGGTGCAAGCGATGACAATCGCATCCTGTAATCCCTAACGTCAGGACTCCGAGGCATCTTATTAGCCGCCGCCCGCGAGTTCAGTGCCCCTCTCCCTCTTCATCCACAGTGGGCCTGTGCACGGTGAGCTCATCGACGCCCGTTCGCGTCATTAGACAAAAGTTCGAGATACTCGTCCTTGTGTCGACCTGGTTTTCACAATCACTGCTGACAGGCTAGTTCGCCGACGAAATTCGGCGACCTACGGCGTGAATCCCAATGAGTCAGGTATGACCGCAGGGTCTGAAGACTGGAATCGCAAGAAAATACTATGAACTACGAGAGTTGTATCGGTTTGAAGGAGCGAAGAGCACAAACGTATGGTACGAAGATGCCTGTCCAATGCTAAAACTGGTTATG,875,51.77,Drosophila melanogaster
SEQ_334475,CTACCGGGCTTAGTATGGCGTAAACATCTTGAGCAGGGACTAGGTATCTGGACCACCTGCGCATCTAAGGGGCGGCCCTGTTGAGGTAGTCTCACTGTATCCCGCGACTTAGCGTTTGTGCCAGCCTTGGAAGCCAATTTCGCCTGCTTAACGAGATCTTCGACACGGGTACAGGGGGGATCTCAACCTTGTTGTGCGAATCCCGGTCGATAGAACAAGGGGTGCTTTAAGCCAGATTGATGACATGCGAAACCTTCACTTTTTTCACTTGATAGTGAAGTACCTGTTGGATTTTTCCCCGATAGTCATGATATTCTCAAATGCCGTCAACAAGGACGCATAATGGGAGGTACTTACCGAATTACATTTAAGTCAGAGCGAGGTGTTCGAGACCTATACGCCTCCCGACATACTTCCACGTTTTGGTTGCTCACCTTCCGCCTACGAAGCTTGAAACCATTGCAAACCGGGAGTCTAGACTCACTTTCACGCCTGAACCCTACGCGATTAGGAGCAGGTAGGTCAGTGATAAAATCTAAATCGACCTATAAACCAACAGCTTAGTCTTTGATAGACCCCCAGGCCTGTCTAGGTAACCCAATGTGACGGCCTCCGTGGGATTCTTAGCACGTGGTAGAACTACGACGAGAACGGGTTGACATACTAATGCTGATCCCCTGAAGAATGGCACCAGCAACAGGGTCCCACCTCTGAAGATGTGCGATCCTTGAACCAGTACAATAGCAGCGTCCGTTTGTCCTTACGCCGCTCGAACTAGCGAAGAGTAAGAGCCCCAAAATACCAACGAGCTTTGTGTGTCGTGCGGAACTAACAAGTGGGAACTCGAGTCAAGCCGACGCAGTTCTACGACAAGATGGACCGTATTTACATTAATTCGCATCCTAGTTTCGACCCCTGTCGGTCTCTTCCCTAGGTCAACTGGTCCGCAGCCAATGCCTGAAACCAAGAATGGGGAATCAGGCTGTCGTCTCAGGACAGGCCACATCTGACAATAGAACGGAGACGTACGCTCCGTCGCGTCGGCTAAGGAGACTGAACGACAAGGGTAGCCGGCCGTTCCTGATCCTAAGTAATCCCTCACACCATCCTGGAGGAGCACCTACGGCGGGGCCCACGGACACTGCCGTTACAATCATACATGAAGTTCGTTCTAAGTCAGCGCCAGAAGCCAACGATTGTCTACACCCTAACGCCAATCGGAAATTTATATATGACTACAGACAGGGAACGAGCTTGCCGTTGGTCTTCCCACGTAGATTT,1281,50.74,Saccharomyces cerevisiae
SEQ_253924,TCGCGTGGAGTTGCAAGGGAACACACTCTGCCTATAATGCTTTTCGTAGGTAGCTTCGCTCAAACCAGACACCTAATCGCCCCATACTCACAAGTATTATAGTAATCCGACTAGGGGTGTCATACCTACATCAGCTAGCGTAAACTACCTTGTTGCGATTTGACTTGCATCACGGTTGGTTACCGTCAACCCGTGTGCGAAGTAATGATCCGCTCACAACATGTATGGTTCGCGTTTACGCTGCCTAATGTCTGCCGGAAAAAACTTGATCAGTGTGTCGTAGGCCGAGAAGGCTCGTCGTTCGCCACCCAGCCTTAGGCATACGCATTCGCTAGCAATGACTAGCCCGGGTTATTAGACGAGGTTCATCGTTTGCCTGCTGCCATGCGTGAAGTGCGGGCGGAGCAATCACCTCCCCCCTATGTCAAGCCGAACTTGCGTCGCCCATACTGTGCTTCTACCGCGGATTTGCGTTATTGGAGCTTCGTACTATTTCATTCGTCGCTCTGTGAAATCGATCGGTCGGCGGCGCGCCTTGAGTGGTATGCTGGCTCGTTGTACGCGTGGTAAGCCTGTATATTCGTGATGTGTTACGGTTGTTAACTAATGGCAGCTGTTAATCTTTCCTTCTCAATCACTGTGATGCCTGAAGGTAGTCTTAAACTAAGGTGTGCCTCCGGGTTTTCTAGTTGGGCTTTGGTTCTCCACCTGTCAGCGGGAAAACTGGCTGTGCTAGGCCGCGACCTAGAGACGGAAGCCACTTAAGAGCGTCTCCTAGCGACGTCAATGAGTGCGGCTGGTGACTATATCACGTTGATTACTGACTTTCAATATGTGCTAACCTTTGTCGTAGCCGGATGAGCTGGAGTAATGGTTAGCACCCTGTGATTCCAGGGTGTTGCAATGCCGTTCTACCATCCGCTAGAGGTACTTTCCAAGCGTTCTCTATAAGCAAACCTTCGACGGTGTCGCCACTGGAAAGACGAACCTATCCGACGTTTACACAGCTCCTGCGCACTCTTATCTATGCGGTAGTGCAATAATTCGCAACGAAAGTGGCAAACCTTTTAGTATGTTTTCCACAAGGTCCCCCGTCGGGCTAAGTTAGACAGTCCGGGCTGAGACTACAGCAGCATAATTTCTACCCACATTACAGCTCTAAGTCTGTCTGTTTGCTCTACAATGTCAGAGCCCACGCGAAAGTAGATCGAGCTACATACGTATTAGGCAGCCAGCGTTCAGCCAACATTCTAGATCGACGAATCTATACAGTTAAACAACGTATGGCTCCTGCCCCCATGGGCGATTCCTAGAGGACGTTACAGCAATGAAGATCCAACCTATAGACTAGAAATGTACGGTGACACAATGTTGAGTCTTGGCACTGATCGGCTGTTATTAGATTGATAATAGGAAACGCAAAACAGCGCACGCAATTACAATTACCACCAGGGTCGGTCCCAGATAAAAGCTTTTTTCGCGAGGCAAAGTCGATGCTTCTCCATTTCTCATTTATATTTCATCACGCAGAGTATCTTCCGACTCGAGGACCGACAAATCCGTCGACCGCCCGGCATTAACACTAGGCTAGGTGCGACACTTGGTAGATCTCGGGGTGTGCCAAAGCCACCGATACACGGTTGGCTCCCCGTAAACAACAATGCCTGAATCTCTTGACGCAGAGGACCGGTAACGCGATTACATAGGAGTACAATAGATTATACACTCGCTTCGTTGTTTTAACCTCTCCAGACCATTAGGGACTATCTTCTATTGAGTTCGTCGCACGGTTAACCAGCCCCTCG,1805,49.31,Saccharomyces cerevisiae
SEQ_696472,TTCAAGGTGAATCACTGAACCGCCGGAATATGGGGCTCGAAGTATCGGAATTAGGTCTGCTTGGTCTCGTGATCAGTATCGCTATCCCTCACAAGGTAGTGCAGGCGGTAAATCTAGTAAAGTTACATCTCGAATCCTTGACCTGTCTTCAGGGATTACTAGGCTGCCCGTCAGACGTTTGAACTGTGTCAAACGTGGAATTCTGAATGGTGGCTATGGGCTTTGACCGAATCCAAAGGGGTTTTCCTCATAGAGTTGCCTCGTCCACACATCAAGAGTCTAACGATTGCGCGATCAACAACGCTCAGTGGCGTTGTAAAACGAATGGGATTCCGCCCATAACCAGTAGGTTTCATTCTTGTTTTTTACAGAGCCTTGAACGTCAATCGTGAGAAGGTAACATGGTGATAATGGACATGGCTTGTAGGCTCCAGCTTTTCGGGTTCCGCCGCTCTAGTAAGTTCGAGTAAGTGACACGACTGCTTATGCAGCGTACGCTACTAGAACGACATCTAGCGACGGACAGGATCTTCACACTTGCAATCACCATCCAAACTGAAATCGTTATCCCCCCTTGGGAAATGGCTATCTTTTTGTGAAAATGGCCATAGGAGGATAGTAAGGGCAGCATACAATGGAGTAGCCTGCGAGTAGGATGCTCTTCTCGATGAGCCAGGTAAATTAACCGATAGTTCTCCTCCGTAAAGTCTACGCCGGTACGCTCGGGTGTTCCCCCTCGCTGTCTATCCGCGCCACTGTGGTACGTGTGTGGAATATCACTAAGCCGACGGGAGACAGCACGGTCACAGGCGGATAACCTATGCAGCAGAGGTGAACGATCACCACACATCTGGGCTATTATTTGGGGAGCCTAATTTCGATGCAGGCAACCGTCACATCACATTTGTGAGGCATAGGTTTTCGGAGGGGATACCAAGAGTCATAAGACCCGAAGTCTGGCCGTTTGATGGAGTAGTTAGGTGCAGGTCTGATACTTCAAGGCATTACTGATGGGGTAACCTGCTATCAGGTGCTTTCTATAACCATAATCCTGAACCGTACAAATTTAACGGTACTATGAGAACGGACCTAGCCGCTACCCGCATGGATTAGCTCGTGTGTCCGAGGATAACCGCAGGTCACTGAAGAAACCTCTGGGAGGTCATTAATTGACACAGGTCATCAGGAAGACACGGCGCAGGCTGCCAATTTCGATTATTATATCGGATGGAAATAATTACGCAGGGGGTGTTTATAACGCCTTAGGTGTGTCGTAGATCTTGGTACCGGCTTAAGTAGCCCCCTATCGAACACAATTTGCATGGTT,1327,48.53,Escherichia coli
SEQ_792906,CGGTTGTGGGTTTTGCAAGACTCTACGTACTCGGGTCGGCCTACTGCTTCCGTCGGTTATAAGGCTCTCAACGACTTGAACTAGGGAGTGTCGCAGATGGGACACGTGTTTATTCGTTAGAACATTAAAGTGAAAGTGAATTCTGGTCTCAAGCTTGAATTACACATGAACGCTGTCAGGCTCCGGATCGGCTGGTTTTGCCATATAGCAATCGAGGTATGAAGGTTCCACTACAGGATGCCGCCTCTCATACCAGCATTTATATGCGGCATCATCCGATTCATGCTGCAACCACACTAGGTTAGGATGTCCGCCCGATTTCTCTTGCTATAGGCCCACATTTTGTAACCCACGTTAGATGTCTAGCTCCGACACAGCGGCCCGGCAACTTGTCGTTTACTTTATTTGCGCTACCCAGACGCCCGTACCTCGTTACGTGATGATTCGTTTTGTTGTGGGGCTATGACCGTAAGAATGCGGTGTTGAAACAACGTGCGAGATTAGGACATAAAGTCCCAAGCCGGAATGATTACTGACGTATTCTGGCGGAAAAGGATGTGTGAACGTCCAAGGAGCACTTTCGGAACCAAACGGAGAACAAGCGAGAGGTTAGGCGATTTTGGCTGAATGGTTATGCTCAAGACGTACAGATAAGTGCATATACTCTTACATCACTATCCCGGTCGTACAAGGTAGGATGCACAGTCATGTATACTTGACTACAAGTAAAGATCCGTCTGAGCGCGTAGGCGCGTTCTTAAAATGAACGACGTCGTGACTATGAGACGAATAGCGCATATCATTTACAGAACACAAGGGAACTTCTACAGTAGTAGTTTTAGATCAATGATAGGTGAGGGGCACCGCATCAAGGGTAACCGTGTTGTCTTCGCACAGCCAAAATTTTAAGATTGCAGGTGATACAAATCATGTATATAGACTCTGTACTGATGTCACCCTTCGTAGCGCTGCCGAGAAACTTTTCCCCAGCCCTCACTACGCTTTACCATGCCGGTTGGGGGCGATAGAAATGAGCCTGGTATGGCTATACATCCCAAACGAAACCTAGTGTCGCGAACAGTTTTAGAAGTGCACCGGCCAAACC,1105,47.6,Saccharomyces cerevisiae
SEQ_621033,TTCGTACTCGACACGCGGTAACGCATGAGGTTGAATCTAGATGATGGAGCTGTGGTGCATAGGTCCACTGTTGTAGGAAAAAGCGCACGTGGGGAAGGCGTTAAGGCGTGGATATCGGGACTTTTTTGATATGGAAGAAGGCGGGGGGGACAAACATGCATGCCACGTGGCTTCACCTCCTTGCGGTATTTGGACCCGCCTATCCCAGAGCTATTGACGACGAACGACAGCGCAAGCTTTACTTGCGCCACGAACGTATCTTTGGAGAACTCCCGGAGTTTAAACGTAATCAGACCGGGTGAGACTGCACGAAGACAAAGCTCTGCCGGTTCGCATTATGATTTCTCAAATTAC,354,51.13,Saccharomyces cerevisiae
SEQ_738800,TGGCAAGTTATTAAATCATCTACATCCAATAGAGACCGCATTAAGTGGCCCCGACCCGATAGTGAAGTGCTAAGTGGCGTTAAGTGGTCTTGATGCCGAAGATTAGTCTCCGGTGTAATCAGACGAGGGTATGCTCTGGAGGGACAAGACCGCCTCACGCTCACAGGATGACCCTAATATAATATTGATCGTTGTCCGCTTATGTCCCCTCCGGGCCTCAAACACACTTAATCTAGGAGCGGCGTGTGAATTCAGATAAGTTGGTTTGTAGCGCGTCCTTCTGCGCAGGAAAACCATAATCGGAGTAGTGGGAGGCCGGTAACGCGCGCCCCTCGTAAAGTTGCCATCGATCTTTTCATGAACCTCGCATAGGCCGCGTGAAATCGAGCGAACGACCAATCCATATCACCTTTTTTTGCTAGGTATAAGAAGGTGTATTTCATCTCCGGGGCCTAGCAGCGTAGCGCTTCGTCCCCGCCGAAAGTCTTGGCATCTCGCGCGGGGGGTCTAGATGAGAGGCCACAACCTCTCCGGTCGGACGTTCGTCTCTCGAAATTTGGCACCTTGGAACTTGGGCTTTTTGAATTGGTCCCTAAAAGTCGACTTTCCTAGAATACCTGGGGGTCTTTGAAATTAACTGCGTATGCCAGTGGTCAACACCTGCCCTATGCCAGCTATTAAGGCTGTATTGACGGGGCCGACTAAGACGACCGAATGACGGCTGAGGGCTTCGTGACACTATAAAACAAAGGCCGCCCGTGTAGGTTATACGCTCCCACCGTCGTAATGAATTATGTCTTACGCTAGACCGAGGGGTGCAAATCATGGCCAAACTATGAGAGAGAAATCATCTCACGAGCTCCTGGGGGCACGTGACCGCACCGCGGGATGGACCTCTCCTAACTCGTCCAAGAAATCATAGTGTTCAGCGAAGGAAGTGAGTCTATGCAGACTACTGTGGGTCGTGTGTTACACCTACCTACGTCACACGCTATGGTAGCAGGACGGAATCCAGTTCCAAACCGAGCTGAGTAGAACAATTCAGACTAGGGGCGCTCATAAAACTAAGCTGTGCGTTGATTGAAAACTTGCGGAACAGTCCTGTAGCGGGACACGCCCAGTGTGCTAGGCCGACATCTCTGTACGACCGCACACGGTCTAGATCTCAATAGCTAAGATGTATTAATTCCATAGATCTTTAGCAAAAGACGCAAGTGAGCAGGGAGTGCGCGTGGCTGCGCCTCTACATGCTTCATGTTGCGTCACTTGCTTGGCGTATGCAATGCCCCTAACAATTATGCAGGGTACCACCTCTCCCTCTGTCCCTCATCTGCCAGCGGGATCCCGTATAGACGAGCAAAGCCTAAGGGACCGCTTGTTATTGGGAATGCACCGATAAAATCCCGCGAGCCCATCCTATCTAGGACTTTAAGCTCCCACAACCGAGAGACCCACGCTCCTTTAAGATACGAGGGAGGTTCAGGTGCCCGACCTTAGACAGTGTCTTCACACACG,1515,51.49,Drosophila melanogaster
SEQ_220494,CTCGGTTGAGGCAGTAGCATCAGGCGACCTTTCTAGGAAAAAGTGTGATGGAGCCTGAATTTTGTCAATTATAAATGTGCCGATGTAATCGTGAACACCGCGGGGCGTCGCGGAATGGTGACGGCTGAAGAGCGTTATCGACGTAGACTTCCGAGAAGCT,160,50.62,Arabidopsis thaliana
SEQ_659125,ACATGCCCGCGGATGCGCTTGACGGATTTCACTGAGTCTCAGGTGAGTGGGTTCCACCCTCTAAAACACCGCCAAGACCAGACCTGTTGTCAGCATGCTCTAGGTAAGAGTCTTCGATTTCTTAAAATAAAGTTACCCCCATCCCGCGTTGGGTCCTACCATTATCCGACCTGGCTCCACGTCTTACATTTTAGCAGGGCTCAGGGACCTTCTATCGAGGGTTTATATGTTGCCCTTACGCTTCAGATAGTTGTAGCATGATCTAACAAAGACCAGGATCTCTGAGTCTTTCTGGACTCAGTTCGTTGAATGCCGGGGGAATCCCTGACTGTACCAACACACTCGGTCTGTATGATGCGTGATCTGACAGCACTATGACAAGTGACCCACATAGGTTCTC,400,49.5,Arabidopsis thaliana
SEQ_532499,GTCGTTGTGGGCGTTTTGTTACAGGCGACCTCTCCTCTCCAAGGCCGCGGGGGATGGTACGGTACTAGCAGGAGCATGACAGGCAACCTCCCCCACGATACGGAAATACCACCGAGAGCCGTACGGACGCAGTCGTCGCGGCGTATTATCTAACCTATGACTCATCCCAGTCTTATCTTTGTGAAAAGAGGCATAACACTTAAACGAGCGTGTTTCCCATACATGCCAGTCAGCAGAATGAACATCTCGCTTGCCATGTGCGGACAGGAGCAGACTCGCTGTCATTGGACGTCTGTCCCGGAGGATACATCTGACGTACCTGTGCCCGTTATATAAGAGGCGTGTCAGAAGTACGAATGAGCGTACGTCGAACGGCTGTTACGCCCTTCCCAACCTACATGCTACAACAACCTAAGCCGGAACGACATGGTGATTCAACCCATTAACCCCGAGATAAACAGGCTTCCACATATGGAACATACGACCCAGTAATACCCCACGGACACTGCAGGAGTTCCGCAACATAGTAATCCAACACCCGCAAGACGCCTAACTCGTCGATGGCTCGTTCTGTTCTTTCACCTAGTTGAGCTATAACAGCCCGACGGGCCTGTATTCAAACTTGTGGTCAACTTCCCACGAGGCTCCGATGAATTAGGGTATAGAAACAATACTGCTGAACAAGTGGTCTCTAAAGCGCACTGACAACTCGCTCGGTAGTAACACGCGTGCAGAAAGGCTCCGCCGTCTCAATCTTTTGAATCGTATCTGGTGGCTTTTGAAAGTTTCCGGTCTGCTGATTCAAACCACACTGCAGAGGTGTTCCCCTGTGTTATCCATCCTCCGTGGCCCTGCTCGAGCTGCTGTTAGCTTGCGCCTTTCATCCGTCTTCATAGAAGTCGAGTCCGTAGTGAGGAGTATGCCCCCTGCCACTCGTAGTATCTGTAGAATAAACTAGATTGAACCCGCCTTTAATTAATGTGGTATGGAAGAGTGCAGTACCTTCGTACGTAATGAGCAAAAACGACTGTCAACTTGCGCAATCCACCTGAGCATCCAGAGGGCGGTCCGACCAAAATCCAGCTCACCGTCTCCTCCCCTATTGCGAGTTAGTGTTTGAGACGACCATGGGTTACGATGTAATCAGCAACGGAACATTCCTCTAAGGAGCCGCTATTCCGCCCACCCTGGATGCGAGGTTTTCTAATAGTGGCCCGGAGATGTGTACACACAGGGGCTTGTAAAGTTCAATGCCGATGCATGATCAGGCATCCTCACGGAGGACCTCTCCATACATTGCCCATGATATAGTTATGCATTCTCTCTAAAACGGCTCAGCAGGTTCGTTCAGGTGCCACAACGCAGAGCGCGTGTAGTGGTGCCAATAGGAACGTTGAAGACGAAGAAAACTGCCCAGTGCCTGTTGCTCTCCGACAGAGCGTGCGGAACCTGCAACATAACTTGGCTTTGTAACAGCCGCGAGTATGAGAAGCGCTTCGGTCGCTGGTCATGTGTTCGGAAACCATAAATTCGAACTACCTGCTAAGGGCAAGACTGCCACTTCTACTAGAGCCCGGT,1578,51.27,Arabidopsis thaliana
SEQ_657002,AGCGTGCGAGAACGGCTGAAGGTCGAGCTTACGCCGTTATGTTGCCCGAGCACGCCTGTCTTAAACCCAGGCCTTCCGTCTTTAGAGTATCTATTTGTCAGCATAGTCCGCAGACCTCAAAAGTAGTATAATTCGTGAGTCCGTATTGGGGTTATCTCACATCTTGTCTGCAAAAAACGAACTCAGTGTCATGTTGACAATTTGAGCAGTGGATGTCGGTTTTGTGCCCTTAGGTACTGCCAGGTGTCTAAACAAGGGGAAGCCTATAGAGCTAACTAGGTAATATCCACCGTTAGACCTGCAGTGATAGGTCCGCTGTTTCCGGCAACTTTTTCGGGGGCGGTATTGCCGGAAAATTGCGAGTGCGATGCAATTCCTCAGAAATGGTTGTATCCTGCCTCGGACTCGAGGAGGTTTCCTCCGTTCCAATAGTATAGCGATGCCGCTCTCCATGTAGGCGCCAGTAGGATAGATGATGTTCGTTGGATTTAAGGTATCTCTACGAAGACGTTCCAATCGATGGATGCAGTCGACCGCGTACATCGTCCTCACTAGCTCGGTGCTTCGCGTGCTTCTAGCAGATGCTGGGACGAAGTGCTCGTTTTGCGGATCGCCGAATGCCGCAGCGCTTTCACGCTGCGTTCTTGCTGTGTGCACCGATTGCTAATATCCGCTATGCCCCTGCTTGAATCAGCAGCCCTGTGAAGGAAGCTGAATGAATTCTTTATGTGGCACCCCGTCAGTTGGGTCCTCATAATTACGATCACTCGCGCAGTATTTTCGAAGGGAACTATATGGATTACCTGTTCAGGCAGCTGTGCACCTAAACCAGGTGAGGGGTGTTGGCAGCAACACAGATATTTCCGTAACTTGATTTGTTCTCCTTTGATGAATGTCCGTTGATGCGTCGCTAGTTATCGGGCCGAGTTGAAACATCCATGTGTGTAGCGGTAATAATCTCACGAAGTAGGTTGTTCCTCACCGGATCCCCCCCTCTCAACCGCCTATGCAAAAAAAATCCTTAACTGGATGTTTCACCATTAGCGAGGGTAGAAGATTGCGTAGATTGGACGCATGTTGTCAGACTGAGCCAAAGGTCGCGGAAACTAGCATCGTTCGCGCGAACACCTATGTACACTCAACATGTCTTCGCCTCAAACGAGAGGTCAGTTGGCCCCCCCCGCAGCCATCTGATAGGGTTCTATTACGACGGCTACTGTAATCCTAGCGCTTCGCGGAATCTTTTTGTACTTAGTTACAATTCCCTCAAACAGGAGTTGAATTCGCTTTAAGTTCTGGGGTTTGCGGAACAAAATCATTGTATTTGACCATAATTCTATCCAACCCCGACAAGATTTGTTTGCGATATTCAGGGTAACACTGTAGTATGTTGTTGCTCGACAGGTTAGGGGCAGCGACACACGTATCCTGCCTCGTCGACCCGATTTTAAACATTCAATCGTGATTAACGAGGGCCGTTAGAGTATGGCATCTTTACGCCTCGTCCGCGATGACACCGAGTGCGCCACCGCAGAAATGTAATGAAGAGCCCTAGTTACGCGTAGGGTCCCATTGGCACAGCAGGAGAACGATCGCACACCTACAGACATTCAAATTCTATCCTGCTGATGGGCCGACGGGAAGGCTCGATCTTATACATGCACTTTGAGTTCTCCGTATATACGGATCCTGTATCCGGTGACTCGCTCGCTGCTCGGGACTAAAGTGTCACAACACCGTATGGATTTTAGAGAAACCAAGCTGATTAGGCGTTCTTCTTAACCCACCCACTAGCCGAACTTAGATAAAAGCTACGCCCGTAGATCCGAGTGCGGTCTCGTTATCCTCCACGGACAACGTAAATTTAACGCTATGCTGGTGTTCCTCCAACGTCGAAGCTACCCTGTGTATATAAATACCGACCTTTTAACCCCAGCGGAAGCACACCTCTTTGGCCTTCCGACCCAATAGCTCTCTGACTCTCTTGACATTAGATG,1997,49.17,Homo sapiens
SEQ_121873,CGAGAAGGGGAAGGATGCCATCAGGTTATTACGGTTGAGGAATTACGGGGCCGGATTAGTCAGATAAAACTCAAGTCGAAACATGCTCCCTCGGACATGGTTGCTGGCTAGTGGGAATTTCTGTTCATTTCACAACTTCTTGGAACTCAGGTCACGGCTCTAGGGCTGCAGAAGTCCGGCCCGTTTAAGAGAACAGGCACACGTGTATCGTAGTTTGGTGACTGTGAGCTTGAGGTACACCATAAGCCCGTTACCGCGGGTCCGTCGTGTGTAGTTTTCACGGGTTTATGGATAGTAATAATCGGTATTACTCGACCCTCAAGGTCAAAGTTTCTACAAGTGGCATTGTTTCAGACCATCTGTACCGCGGTGAATCCTAGCCCGGAACATCTTGTCTTATTTGATTCTGCAACCTTAGAGAGGGACAGCAGACTAAATGAACACCTAATGCGGACTCTAGGCTCGACTAGAGCCAGACCCAAGCTCGGAAACCGAATTTGCTAAGTATAATGCACTCATAGTCAATCCGGTTTCACGCAAATATTGGAAATATACGGGCCCAGCCGCACTCATTTTAGGAGGGATACCGAGATCCCGCAATAGTAAGTATGATTAAACGCGACGTCCTATCATTGTTCGGACCAACCGATCCAGCTAGGTCCGTAAATTTGTAAACCTGAATGGACTAATCCCATTCAAATTGAGCCGGAGGACGGGTCTCCTAAGGCATCCGAGTTTTGTCACGCACTACCGTCCGCTTTATTCATTAAAGTACAAGCTGTCTTAGGTTCCCAATGATTAAGCGCGTAGACTCAGCGCCTCCGATTGGCGTCAGTCCACGTTCACTCTCTATCGACCGATAAGACATCAGCTATGACGCAAGAAGGCCTCCTCGAGTATTGACGATGACCACGGTTATTAGGATACGACCATAACAAATAACCTGAGGTGGTCGCATCACATGCGCATAGCTACGGTGCACCCTTTTGGATATACCAAACAGGTTAGCTGCATTGTGGGCATGTCCTACTACAAACTCTGGTAACCAAGTATTGTCCAAGGGGCGAGGTGGTATTCGTTTCGTCCGCATCTCAAATCGGCTTGACGCTTCGTCCCGTCTCGGGCTGCGACTGCCAGTCCCAGATACCCCATCTGATTCGCGGCCCCAGCAATGGTAATTTGCGGCTCCTGAATGCCGTCAATTTGTACCTCTCGTCACGACTCAAGGCAGTGCGATGTGTGCTGTTTTTGGACATACAGCCCGCTATTCCTGCATCCTCCCTTGATTCCGCCGCTCCAATCCGTAGACGGCTGTGCGCTTGCTACACGACAAACCGTGTGGTATTATATCAGTCGATACGAATCCAAAGAAGAAAT,1377,49.16,Drosophila melanogaster
SEQ_372213,CGCGTGACCGCCTCGTGTTCCTAACAATTTCACGTAAAGAAGAGCTATAAAGTTGCTCCAATTTTAGTCTGCATCAAAGCTAAGAACATGACCGATCTGAGGATCTCTATTGGGCACTCGAACCATCTCGCACCGCCTTAGATATCAATGTAATCATAAGAGCACGGTGACTGTCCATGTCAAGATCTCCGTGATACAGGTTGCGATCTCAGTACCTCAATCGCGATCATCCTAATGCCAACTCCGGGGAGGTTCCCCACCGTATTTCGACTAGATGATATCTAAACCTGGTCTATGAGAAAAACTAGGGTGAGTGATTTTTCCTATGCCTTGGTGTAGCAGCGGCTCCGCTATCTGATTGCGGCCCGCACGTTGAGCCTAGGGTTATTGCAAAGTCTCAGACGACAGGAGGTGCGTCCGGTCTGCGTGCTAGGATGTAAAAAGTCGTCGTGAATCCTTGTCGACCCCCGGAGGCAGCTGCACGCTCACACACGGAAGAATTTATGCTGGTTGCAGCACGCCACAGCACTCTGATCATAACTGTCGAACCACTTGTTCAGCTAGTTTACAGCCGGCTAAGTGACTGGCATTTGCGTCGTGGCGTCGCGCCTACGAAAGAGCTCTGGTTGGACGCCCACCTACTTTTCCGATACGGTGGATATGTATTATGCTAGTGGTCGCCGATTAGTCTGAGTCGACATCTGGGCTCCGTAACTACCTGCTCGATCGCCGATTTCCCCCCTGCTAATCTGTGAGTACCAGCTCTAACTGCCACTACCTTTTCACCATTCTCCCGTTCAGTATGTTCATTCCGCCGGGTCCTGTTGCGGGATCCCGCGATCTGAGTAGGGGATTGAATGTTCAATCTTCCGTCCGGCATTCAACCCGTCTTCGGCTACCTTCCATCAAACGGTAACAACTATTTCCTAGCGGCCACCATTCTGGGTGTGCAGTGCATAACGCCTGTGCCTACGCAGCTACCGGTTACAGATGTCCCAACCTCTAACTCGTGGTGATCTCAGTGTCACCGGGGTTCCTCTCTCAAGCCGTTATGGGCCCCACCTGTTCCAGAGGATCCCGGTACACCAATTTACTACGTCCTGGGCCCGTGCCGTGGTATCAATCACAGCATATTATTATTTGAGACACTTACTTTCCTTCCACTAATCAACCTCTGATACTGGCCTGCAACTAACCAAGGTGCAGCGGGCATAATTGTCCCCAGCAAAAGGTAGATTAAAGGACGTAGTAAACCTCGGGTACCATAGATCTTTCCACGTACAGATCGACTACAATGCAGACTCTTGAGATACGATCGAGAGCACAACAAGTAGTCCCG,1339,50.71,Escherichia coli
SEQ_550475,TAGACAAATCCCACCAGGCTTGGAGGTCAACGTCCTCTTCCATGTATGTGAAGAGCGAATAACAAAATTTCAGCATGTTGAGCCCCTATAGGTCACAATCTCCAATTGTGGAGACTCAACTTATTGGAACTGCTCGTATCGCCATCGATTCGGTACTATCTTAAAATCGGTGAGCTGGGAACTTAAACCGGTTATCTAACTATCCTATCATGAATTATTAAATGGTGTTGCTCATGGCTTGCCTCCCTTCAGACACTTGACGTAATTGCGTGTGTAGACCGGTTGATACTAACCAGCGTCTTCGCGGTCTCATCGCTGGGCCAAGCCGTTAAAGTCGTTACGGGATTGATCTCGAACCGTCATGTTCAAAAAGGCAGAATAAAACCGCTAGTGTTTATAAAAACACTCCAGTAACTACGGAGCGCCATTTCATGAGGAGCAATCTTAGGCGGAAGATTGCTCCACTGCGCAAGCACAAGGGCGTCAGGCCATCATTTCACGGAGAGGGCTCCTGCGGCCAGACTTTGCCGCCACTACGTCATACTTCGTAATCAATCGTTAACACCAATAGACAACACGTACGTATAGGTTTTTCCACGCTTCCGCGGTTGCACTCATTGTGCGCAGGGTAGATTGGGAAGGTATGGAACCCTGCCGTATGACTCACAGCATTGAAGTGTATATCACGGTCGCCCCCGGAGTAAAGGATCGGGTTGCTCTAGTGGACTAAGATGTGATCTCAGCCAGCTAGGTT,754,47.88,Caenorhabditis elegans
SEQ_304225,GGGCGTGAACGAAGGAGAGAATGGTACGGTGTGCGGGATAGGTTATGGTGTCGTTCCGTCTCCTTACCCCTGTTATAGCAATAAGCGCGCCTTACAGCGTTTAGCGCCAAATGACGCTCAACCGGTCTGCCCACATGAGGACTATACCTAATCACAACCGGTCCGATATGGGCAGCTAAACTAGATTATGATGTGGCAGTGACGGCCGCTATAGATACTAATCGGCCACTTCGATACAATTTTACTCCATCGCTTAACCCGTATTAGTACGTGACACTAAGCCTCATTACACTTCACTCGTTATCACACGTAGTTCGGTCCAAGACCTACATGCACCGTTGCTAATTCCCTGGTAAACTAAGAAGGTGAGTATCGTCCATGTCCAGATACCCGAGGTAGGCCTATATCGGGCATGAGGAGCTGTCTGCAATTTGCCGTACGCACTCAAATATCCCCATCGAGATGTTGCCGACCTCGGCATCTGTCCCCACCGTGGAGTAAGATCAAAACTCCCCCATCACCAAATAATAGCAGTTGACTCTTGGGGGAAAGAACCGAAAATCGCTTCGCTAGCACGCGAGAACGCGGTGGTGTTGCAGCTGATAGCCCAGGCCGGAGAAGTAGCGGCCACGGCATAAAGCCTGACTAAAGCCACCGGCAATCGTGGTGGCACATCCTCCATTGCGGTTTATGGTGGGGCAAGCCATGATGACGACACAACCGATGGGGGATCTCGCCCACTGCTTCCTGTGATTACGTGTAGTTCCCGTATGATTGAAGTGAACCCCTGTTCTCTGAATGCCGTGGGCAGCTGCAAGCAATTTTGGGTCGGTCTGATCACCATGCAAATGCAGTGGCCTACAGGCTGTGACAAGTTAAATG,882,51.47,Escherichia coli
SEQ_409078,ATCAAACTGTGCGGATCAGACTACCCCATAATTTTTATGACACTCTCCGATAGGGCGCCGTCCTGTTCCAAGCCCACTGAAGTGGCGCTTCGTAAGGGTTTTGTTGAACGGTTCGAGCGCCGCTGCAGGGTAGGCCGGACCTTATGTACAACGGCCGCGCCGGTCCCGTTTCTATGTATGGTCGTAATGTAGCTCGAAGGTTCTAATCCACCTCAATGCAAACGCTCCTAGAAAACTGCGGCAAAGTATAGGATAACTGGTAGGTAAATCGACGGAGATATGAATTAAACTAGACGTCTGACACTTATACTTTTGACCTCAGTAGGCTTCTGGGATCCTAATTGCTTCAAGGCAAGATAACCTCATGTTGCCACGTCAAAGTGCGACTGAACACTGGAGCCGACACGCATAAGGATGGTTGGAGTCGAAGACATGCGCTGGCGTGTAGATGCTGAGATGCTGTAAGTAAAACGTGGGGAGGTTTCGCAAGATAAATGAATTTAAGAATGGAGTCTGGCCTGGTACCCGTCGGACCTCGTTACCAAATATTTGAGAAGGTGCTCATAATCGCACGGTGCTAGTTCCAGTTCAATGCCGAACTTCTGTATAGTATACGGGTGGACCACATCACCAATCTCCCATCGGGGTACCCAAATATATCTGCAGGGCTGAATCTAGTTCTCGATGAAGCGGCTGGATGACACGTCCGGTTACCTAATGCGGGTTATTTCTCGAGCGCGCTGGAAGACAGGCCAAAATTGTGAATTCCGCTGAGACATGCAAAACAT,788,48.86,Mus musculus
SEQ_689211,GGTGAAAAAGTTCAGTCGTATGTTTCGGCCCGACCACTACATAGGATTCAAACACAGTACCATTTGCCTTGTAATGAGGTGCTACATAATTGAGATTCTAAGCGTATACCAAGCAAACGCGGAAATCACCTACCAGAGTTTTTCGGCGGGCCTCTGTACAGTGCAGTGGGTTGCCCGACGACTAGAACGGGATAGTCTAACTGCTCCTCAGGGTACGATAAATGGAAGCAAGAGACCGCGACCAGAAGTAGAAGATATTTCTACTTTATCTTCAGGGGCTGGGAAGTAATATCGGTCCGCCATCCAGTGATCTTGATAAAATGATCTGCGACGCGGTCCCCCCTTAAACGTCCCCGAGCCCAGTATCTGCCGCCTGAACCTACCTCGAGCGTTCCGGGACAAGTTGTGAAGAGACTACGATCCTTATTGCCCTGCCCATACTGGCAACTAGTAGTAATGATTAACGGTTTGAAAATCTGCTAGTCGGAGGAACGGGGCCACAATATACTATCACTGTGGGAATTGTTATGCCACAGCATCTTTCACTGGACGCGATAAGACGCTTAGCGGGCCCAGTACGCAAGAAAACAGTGTTTCGTACCTCCACCGCCGCTATGCGTACACCTGGCAGACGTAGATAAGGGGCCGCTAACGATCGGGCCAAATGATATTAAACGGCCCTATTGTCCATTGGCAACGCCTCATATGATCTCCTGGCGGCAGGTCTAAGAGCCAGGCCCTTGATTTTGATCTTTCGAATCGGTCTAGTGGCAGACGCCCAACTGGCCGTCGACCAAGCTGAGTATGGGGCCCCACACATCGCAGCTCTAGATCCCATGACCGAAGTCCTGTCCCGTCCTGATGTCCTGCCAGCACGTCATATGTAGTCGCACAGTTATAGTATTGATCTCGGTTGTTCTCCAAGCCTAAGTGTCCAGGTATGCGCCCTCTGGGCATCAGCGATGCTCGCAAGTAAATAGCAGCGGGGCAATTATCTGTGACGATAGCTCATCATACACCGGGTTCACAACTGCTGATAAAGAGCTGGATATGTCGTCCAATAGGATCCAACGGGACTTATCCCATCACAAACAACATCCGTTAACAGCCTGCAAGCGGTAAGGCCGCGCGGCCTTTAGGGCCTGTTCACTACCGAGACATTAGCTAACGCGTCGATGGTTCACGGAGGCATCAGTTCTGATGACCTCTGGTCTCACGTGGACCTTGCTGTTGGAGCGAGGCGTAACAAGGAGACAAGCAACCCCACTTGTGTAAAAACTGGAATTGAGTCGAAGCGAGAGATAGAAGTGATTGGGCGCGTGCCAAATCGCTCGACTATTGCATCGTAGGTCACAATCCAATGTGTATAACTAGCGAGACTACCTGGTCTCCTTGCATGCCCTGTCAGAGAGTAGCTTGTTATCGAATTACAGGGTTTAATATCAAGGCGGAGCTTATGTTGAAAGGTTTCTTCGTGGTGTGTGTCCGTCGGGTCAAGGTT,1501,50.57,Homo sapiens
SEQ_448012,ACACTCCGGGATTGATCCAACACGGCCATGTTAATCCCCCCAACCTTAGCCCTCTTCCATGGCCTATTACAGAACGCTGAAGGTTTGGGTCCACACCAGATGTCTGATCGTAC,113,52.21,Drosophila melanogaster
SEQ_433730,CCCTTCTCCCGCCGAATGTTTTCTGGACATAACAAGCCAATACCCAATGTAGTCCCCTACCGCTAGATTTAATGACACGGTCGCGGCTATGACCATGTTCGGTATCTGCGGTAGGGCTTCCGTGGGAATGACGCTGGAAGATATCTAAGGCGACCCCATTGTAATCTGAGGGCATTGGGCTCCGATCTAGACTGAGCCGGGCCGCTTACATAAATTGGCGCTAGTTCGGAAAAAAAAAGCTGACATTGCCTCACCTACTTACAAGACCGGGGACGATGTGAATTTACGAGCGGAGATTATCTCGAATGTCTTGGTTCCATTTACGCGCCCGAATCATAGGTTCTAAGCGTAATCTGCGGTTCAGATGGTCCGCCTGATTTTTGGTGGTCCTACGCATTGACTGCTGTGAGGCGGGTGGAGCAGCTCTGCTTTTTCCCTGAATCTAT,446,50.45,Caenorhabditis elegans
SEQ_350602,TTAGGGCTACCCTTGTTGTCAGATAGGTTACATAAATGTATCAGATCATTCGTATTCCCCAACGTACGTTTGGCAGAATCGTATACCGTAAACCCGCAGGCTTACAAGACACCGGGGGGCTGCTAATTTTAAAGGGCATACCTAGTTTGTTGATACCCACGTAAAACGCGTCGGAGTACGACGTCTAGATCCTGGTCATCCTCTTGAATGTTTAACCATTATTACGGCCAGAGTCGAAAACCGGACGGTGTATCTTGGAACTCACTATCGACCTTGCCCTCCGGACCTGGACTGGACGTACACCCGGCTCCGGAGTAGGATCTTGGGTAGTAGGCGATATGGTTGGGCAAGATTGCACTGTTGCGAGTCCGGACGCGCGATTCTTCCTAGGGAAACATAACACGGAGGGCCCATACTTAACCCCATTAGTTATCAGTAATCTTCGTGTTTAAAAGAAGGTCGGACTAAGTCGGGGAACATTCTCAGAGCAACGGTATTGGTGTTCTCTGATGGATCGCAGTTAAGAGCGTGGTACTATTCCTTCGACGCCCTGTACAAGGAGAGGCCATCGGGTACTTGTCGGGAATCGAACAATCCGACAGTTCTGACAAACAACAGTTTTGGCGTCCAGAGTCGAATGTCTAGATCCACGCGACTTGCTTTGATCAAAGGCCGAATGTATACAACCGCAGAACTGAAGATCCATACAATTGCGACAAACAGTGAACTCTCGTCACCATATGACACACCCCTAGGAGTTTTACGAGCAACCGCTACAGTTACGTAGAGAGAT,793,48.42,Saccharomyces cerevisiae
SEQ_979508,AACCCGAATTTCCGATTTTTCTGGCCAGAACTTGTCGTGGGACTGTCAAAGAACGATGGGGTGGAACAGCTGTGAGAACGCTGTGGCTACACAAACCCGTATCCCTATACCCGTCTGTAAACATACTCTTTGCGGATGGCTCCAAAGAGGACAGTATTTCGTATCGATGGGACGCACTAAGACGTAAAGTGAAAACGAGGTCGGATAGCGCATGCACGCTATACAGGTAACCATGGCCGGGCGCGAGTAAAATCTTATCCACGATCCGGACGCTTATGGCGCTATACCAAATCTGTAACTGCCCTACATTACCACACTTCCGAGATCACACTACAATTTGTATGTTACCAAGCATGCGGTGCATTAAGGCTGTCTGAGGAATATGTTTTAAAGTTGTCAAGGCCTCGGTACCACAGAATAAACGACATGCGCGATTCGTGGCAGAGTAGGTCATGCCGGCGGTTAAGAACCATCTGTAACTATGGTACATACTAAGGCAAGCGTATGTAAGCGCAGAGCAGTGTATTCAGTTTACAGATTTCTACGAACGTGGTTTCCAAGAAGCTAACCCTTGTCTTTGTTATTTTAGAATTAACGCTAATACTCGTTTCCTTTCTGGGGCCTAGCAGTGTTCCTTTTTGCCTGCCACCGCCACTGGAGTGCAGGCCTATCTAAAGTGGACAAAGCTCACAATGCTGTAACTCTACAAATTTAGCGATGAGAATGCACTCATTGTTCCCAACGCAAGTCTACGAATTCGTCTACCGATCTCTAGGCCAAACCCGGGAGGAAAGAGGTCGACGTTAGTCTAGGAGGTACTCGAAGGGTGATAGACGGGTTAAGCCATAGCCATCGGGTGTCCGCAAGTGTCCGATGCTGTTGGTTGAACTTGGTCGATCACAGACTAGTGCACCGAGCATTCGGTACAGTGGCTACGTCCCATAGCCGCGCTAGCCCAGTCAGCGTGCTCTTTCCTTCCATTCGTCGGAAAGAGCCCCTTAGACCATATGCTGCTGAGCCGTATAAGGGATAGAATCGCTCTTAGGCAATAATAAGGGCTTATAGAACAGGGTTTATGCATCCTGTAGATGGAATCCCACAGTGCCCGAACGCGGACCAGCCGCGCGGCAACTAGAACTGTGCTTCCTACCCCCCGGCACTACCTTGAAACGAGTGTCGCCACAAGAAGACATCTCAATTTTTCGGAATCTTGCGGTGCCCTGCTACTGAGACCCCAACCCAATTGCACTGATAGGGCCGGCAAAGTCCGATCGGAAGAGGAGCATGCCGTAAACCGTACTGCATAGGTGAATGACACGAGGAGGACGAAGAGTGAAATAATATAGAAGGTAAATCAGGTGTAAAATGAACTAATCCAAGCCTGCTTAGT,1390,48.92,Escherichia coli
SEQ_948948,TTCTTTGTAACTCTTGCAGTAAGCCATCCATACGATTGGGAGGAAGGCCTACTCGTTCTGTGTTCTTGGGATACAGCGCGCTCGTCTCCCCAATACCACCTAGGGTAGGTGAAAGTAGAGGAGGCGATGTCTATACAAAGTTTTGAATCGAGGCGGCTTCTCGCTGGACAAGGTATTTGCTCGCCATTCATAGATCACTGCCGAAGCCAGGGGGTAAGGCGTGCAAAAGGCTGGGAAAGCCAGGACAGCCGTAGGGTTTTGTAAGACAATTAGTTAAAACACCAAGTGCGTATTATTCAACTCGAGACCTTTCAGCAAGCTGGATGTGTGGCTACAATGCATGTGGGAGCGCATTGACCCAGTAGGCGGCTTATTCACCTAATACCGGGTGCAAAGATCACCCGTCTCCTTTTGTCGACTTTCGAGGGTGGATCGCCTCCGAAGTGTATTCCGTATTGGATTTGGGTCGCCGCATTCTATGCAGATTGTCTCTTACGACTGAGCCGGCGTGCCTTGGGGAGGGATAACATGCCAGTACCCTCGCCGACCCGCGTAGTAGAGTAGCTTCGCAGTGTAGGTCAGCGACGGCATGAATGCATTGATACGGTGAGTGGAGCATGTTCGTATCGTTTAACTACGTCCCTGAAGCACTTCTGACCAGTAGATACGAGCCCCCGGCCTTCTAGTCAAGGCAGCTAAACGGACACTGGCAAGCTAGACTTCTAGCGGCACACTAATTGAGAAGATCATATTCGCCAGTAGATGGGATAATTCGGATACCGCAGAGGTTCAGAGGCGATGGGCGCCGTGCGACGCTACTGTACCTAGGATCAAAGTTTGGCCAGTATACCCCCTAACAGTGATCTTTCAAGGTAGATTCGACCGTTGTCGTCTGGTTAGGTTGGCCCAGGGAAGATTGATAAGTAATTTAGCAGCATTACGAATGAAATTCGTGTTTGTTATTTCAATATAGCAGCACTGGATTCGCGCACAAAGAGTCCGAGTTCCTAGCCTTCGCCCGCGGGCATGGGTACGACGACAAACTTTGATTGAGTGGAACATCCGCCTTGACGGTGCGCACGATCTCGTCTAGAGGCTGAGCAGCGAAAACTTATGCTCCCTACGGTCGTTTATTTCATTACACCCGTCGGCGCATACAACCCGGCGAAAACGTTGCACCATCCTTTCTTACAGGGAGCGTCAGGTTTCACCTCAATGGGTGAGGCGTCTGAAAAAAGATCATTGTGTAATTTAGTAGGCCGGAGTTTCCCCGGGGCTGAGCGTTCATACGTCTTTTTGCGAGTCGGTTACATAGTAGTGCAGTGCCCTCTTTGAATCCTGCTCCGTAAACCTTCTCCCGAAATATAAAGCTGCCAGGACGCTAAATAGAAACGGCCAAGCTAAGCTGAGTGTATTGACGGGCGTGTATCCAGCGGATGATAGCGGTCCGCTTTAAGTAACCACGTCCCT,1470,50.61,Mus musculus
SEQ_424945,TCGCTACGCAGTTAACAGGTCCAAGCTTCGGCCTATTGTTCAGGACCGGGCTTGAAACGACAGGAGGTGAAGCTAACTTGCGGGGCTTTAAGTGCCGTTCCGTATATTAGCACGTCCGTAACAAGGGATAGTTGTAAGTGCGGAGTAGGACGCCGAATGACGCTGACCTCGACCCGCCTACACTGATGATGACTACATCCGAAGTGGGCTACAAGTTAAACCTATGCAGAGCTCGACTCCCGCCGCATTACGACCGGTCAACTCAGGGAACAGACATCCCTAGCCACAGGTGTATGCTCAGTGGCAAGATCTAGAGTACTACAGTTGAACACTACACGCAAGGACCAGGCTGATCTCCAGAGCGGTGTGCACCTGTCCCGACGATCATGAGAACAGTTTAGTACCCATGTAGGCCGTCAGTAGCCCGGGCACTACTCATGGCACACCTTCCATTAGCCGAGTCTCTGCGATGCGCTGCCACAGTTATACTCTTTTAACCATAGGATAGAAGAGCGACCTCGCGTCGGTGGATTCTTGGAAGCCCTTAGCAGACCTTATTCTCGAAGGCGTGGAGACATCACGCGAGGGAGACCTTAAATCTTTTAATCTTGCC,613,52.53,Caenorhabditis elegans
SEQ_365817,CCCAACTCTCCCCTCGCTAGGGTCATACCCGCGGACCGAGACATCAACGTGACCTCCTCTTCATTGCACCCGGGTTGCGGTGTCTCTCGAATTAAGAGACGGTAGAGGAGATGCACTCGGTCTCCGTATGTGGGATCCAACTCTAATCATATACTTAAGAATAAGGCTTCGAATCATAAAGAGGGGAGGTCGTTGCTCTGACAAGCCTGTTCGATAATTATACGATAATTTCTAACAAGCATCTGGTGACTGAAACTGGAAGTGAATCGACAGACCCAAAGATTATGAGACTCCCACAGCAAGTCAATTGTACCAAGGGCAACCAGGGAGGCGCGGTGTGCTGATAACGGTTAGCTACTGCGCACTATGCTTTCTCTTAGGGCCGGGGTTACTACTAGATACGCACATGCCATGAATTCGCAATACTGCAAGAGCAATTTGGGGATCCAAGGCAGCTGCTTTAGTGGGTACCGCTTGACTATGTTAACCACGATTTCCAGCAAGTTGCGGCTGGTGGTTGTGAAATCTGCGCACGTAGTTATGCATAATGAAGTTCTGTTCAGGCCCGCCTGGATGATGTAATTGGCGATTCTTTAAGGTTTCGACGCTAGGACCAAAACATTAGTGTGGGCCTTGGAAGGTGAGTTCGTTGCGGGGGTATGGAGATTCCACCCAGCAAGTCCCGCGTGGTACGTGCAATTGGCGAGCAGACTACCAAATTTAGAAACTGTTGATGACACCGAAATTACCAAGGAGAGTCATGTGTCAGTTCATCTTTTGACAGACGTGGTGTGTGTAAACGGACTTCCATCACGAAGGGGCTTCAGAGTCGTACTTTTAGGTCAGTCGATAGGAATATAGGTATGTTGGAACCATCTAAGCCAAATAACAAAAGAAGGTGATGGTACAGAAGCTGGCTGTCCGATACTACTGTACGACCCGTCAAGCAGGGATCCTAGCATTGGCTGACAATAGCGGATGATCCATTCCATTCCTGCGCAACTATGGTTGACTACGACATTTTACCGCGCATCCAAAGATATGCTCACTCACACTCCGTGACGCTCGACCCCGGTATTGCTGGACACAGATGCAAGTGTGGGTGTGTTGGTTTTCAGGATCATGGCAACAGCCTCTCCAGTAGCAAGAATAACCGATAGGTCCAAACCATCTTCAGTAGGGCAATCCAATAGCCAATCTTCCTGAAAATGCCGCATTACGCAGGGAACTCGT,1233,48.58,Caenorhabditis elegans
SEQ_750734,AGTACATGCCAGTCGGCCGTGTCCATATCTGTGGGGCGCGGAAGCGTGGCAAGAACTAGAATGACTTCATGCCAGTCCGGGTAGGATGCATCTGGGGATTGAACCAAAGGGCGTTGCTGAACTTCATAGCATCGTAGCCTTGCCGTGCTAACAGACCTCCGGTACGAAATTAGCTCGGGCGATTGAAGTCACCTGCAAATTTGCATCGCATACTGTGTTTCAAAATTCCGACAGTGGTATAGGAAGTACGTACATTCGACAGCGCACAGGGTTGGGTTGCGCTCCGAATCTCCCACTAAGATTTAAATTGGAAGAAGGCAATGAATTATTGGCCTACTAGTTAATGTTTGGGACCTACGCAGGTTCTATTAGCTACTGGTCTTTATGCGGAAAATAACTTGCCTTTCGGCTTTAAACTCCACAAGATCGTCGGAGCTTATTGGCGCACAAGACGCTGTACATAGTCTAGCGCCAACTCCACAAAGCTGTTATTTCACAGACAGAACGCTAGCCCAGTTGTCTACACCAGCAACCGAGTTTGTCGATGTTGTGGGTTTGACCCTCGTCCGACACGTTATGCGATACAGACTGCGCTTGGCGAATTCAGGGCTGGCCCGCTGTAGAATCAATCTCTTATGGTTATCTTCTGAGGGGTGGACGGCAGGATTGATCAACACGTGCTAACGCTGATACCTAATGAGGGACCCGACACGGCAGTAGACTCAATTTCTAAATGGCCTAGGAATCCCGTGTAAGAGCGCGTGCCCGGACAGTGTTGGCCTCGAGAGTGGACTAAGCTCTCTGGCTTGGCGATACGATAACATGCGACCCGCGTGGACTTCGCGGCTTAACTCATCACCATGGTATTGCGTCTGTGCACGGCGACATACTGGTCCACGCCCCCTGCCACCGGAGTTGTCGACACCTCCCAAAAGTGACTCGACGTGGACCCTTCGTTATCCCGAGAGGGGCCCAGAGATTGCGCAAGCCAGATATCGAAGTAACGAGTAAGGATCACGGGTATATCTCCCATGTACCGCTAACGTTCTTGAACATAAACACTGACCTTCGTTTTCCAA,1079,50.97,Drosophila melanogaster
SEQ_429042,TGATAGCAGGCGGACCTCAGCTATACGGTCGGTGCTGTAGCTGGCTGTCAACTGCATGCTTCATCAACCAATGCCTCCACTCCCAAGTGATATCTTCGGTTGATTCCACGTTGTACAGGGGCTTCCCTCTGTGAGGAGAAAACGAGAACAGATAATACGACGATCGGGAGCACCTAGCAGAGTAGCCACTGCGCCCTGGCATAGGTGGCTGGTGGGGGCATGATGCAGCACATGCGGGAGTTTGCGCTACTTCTCAGTCCGCACTCTGTCTATGTTAGGTGAAAGAGGGTTGACACGTTTTCAATTGAAAAACTCCCCAACAAATTATTTTAATTTTTGAAGAGAGTGCGCAACGATCCAATACAACCGCAAAAGGTATTTTCGCACGCGAATAACTCTCCAGTGCTGAGATGTTCGTCCTTAGAGCTCAGAGCACTTCTGATATCCGCCTAGGGTGCCTTGTAGTAAGCGGTTCCAATGGGATAAGTACACAAGGTGACAAGCTTCGGTACTTGCACCGCTAAAATCGACGTCGTTATGAAGGACAAACGTACGTGGCAGCCTAGTA,568,49.47,Mus musculus
SEQ_618063,GAGGGCGTTCAAACCAAGTGGCATAACAGGTCTCTCGCAGCTGAAGATACGATCAAGATTGCGTTTGGTCAATTTGGATCTGCAACATACCTTGGTCACGGGTCAAACGCTCGATCTTTCTGAAGGTTCTTATTATATATCCCCATTCAGACAAGCCAAGCGTGTGGCTAGGAAGCCGACGAAAAACTGTGTCTCAAGAGCAGCCGTGACGAAGAGCTACAACAGTGTTTCCTGAGACCCGCATGTGTAGAGTTTAGGAAACTGTTTGAGTTCTGGGCCCATGGACTTGGGGATTGTGCCGTGCCAGAAGAGCTCGTGCCCTGGTTTGTAGCATACATTACGGGAAATACATCGCGCGAACGTAGAGACAATAGGTCCATGATGACGCAACACGCCTTGAGAAAACACTGCCACCACCGTGTAATAAACAAGCCCTAGTATGAGCCTCAGTGCCTTCCTCTTTCTAAGCGTCATGGCCCAGACACAGATTGATGGTACTAGACTTTAACTTTCCAGAGAAGAATCAAGGCGTCCGGTGTATTGACCGTCTGAAATAGAGGTACCCAATATGGAAAGAGTCTCCACTAAGCAACACCTGTACACTGGGAACTAGAGTTGAGCCAGTTTGAGTTACGAAAAATAACATGTTGCCTTTATAAAAAATGACTCTTCTTGTCATTATTTGTGCGAAGCTCGCACTAAAAATTTATCTCGCCCGTGGCAGCGCGAGCCTTAGCGCTATTTTTAGATGTGTGAGGGACAACAGGAGTACTATGGGGCAACGACAGAAAGTCAAGCATCATCCACAGCAGTGTAAATTAACCGCTCACGGCAGGTGTTTTACTAAAGGCCCATCCGCCGGCCTAGCTAATATGCGCCTATAACGAAGGCAGATTCAACTCTACCATTTTTCCGGTCGTAGGTGATCAAAGCCTGCAGATACCTACGCTATAGTCACAACGTGGCCTGACCCTGCGCGTGTAGCCACTTCTGTTCACTTTTGCTTAGGTTCCCGCGGAGGGTCCATAAGAGCTTGCTTACGCTACCCCCGTTAGCAAGTTAGGAATATGTTGTAATGATAGTCGAAATACCAACTCGTTCTAGATCTCTGTGCTGTCAGCACTTACCCAATGAAACCATGGGGCACTTCGCCTGTTTACTCGTCTCCACGAAACACCCGACTAAAGTGGGTCGGAGCGAACGTGCGACGCCGGTGCGAACACCTCACTTGTGCGGACGTATTCGGGGCCCCGGAGCTCGTACATGCCCCACTCCCTAATAACCCTCCATGTTCGGGACGGAGCGTCACATGTTAGTAAGTGAATCGGGATGGGCCGCGGACTGGACCAACTAGCGAAGTCTTCCGAAACATTTCTTGCCCGCCCTTAATTTACGTCGCTTTCATCCGTGCACGCGGATCAGTCTAATCACGTGTGTCTGCGCGTAACGGGGCTTCAGGACCTGCGACCATTTAACTTCTGACCGAACTCACTATTTTGTATTAAGAACACCGGGCCTAAGCTATTGCGA,1530,49.35,Escherichia coli
SEQ_659137,AAGATAATCTATCCACCGGGGTCCCCACTAGTCTCTTTCAACGTTCAGCTATGGGTACGGATGAGATAAGACTTAAGGGGGCGCAGTTGGGTTGGGTATCTAATACTAACTCCTGTGTGACTATTCGGTGACCAAGCGTCCTCCGGCCCTGAATCCTTTCTCGAAGCCATAAGTAAATAGCTGCGGTGCGATGGCATGGTGATTGCGGTGTCGTGCAATTAACAGGCCCGCTACCTAGGCCGCGTCTGTATATCAGCCCCTTGCTTTGGACGATTATCGGAACACCCGTAACGGATTCGAAAAATGCACTGGCATCGTGGTTTGCCGGTAACCATCGCAAACAAACAGACTTGCTCTTCTGTGTCTTTTGACTAGAGGAAGCCCGACGTTACGT,394,50.51,Escherichia coli
SEQ_796167,CAAAAGCATACTGTGAGGGGGGAGATTTATGGGCCATTCGAGACCGTTTGGCCAGGGTTTGAGGGGATATACACCTTGGGCCGTGTTGTAGACGGGACTTATATGCAGGGTTGAATATTGCAAGTCGGGGTGACCCACCGTGGCGATATACTCGTGTCTGGGATCTACTAAAGAACGTCGCTCGATGCCTACACCTCGGACCACCCTATAGTAACCAAACCCTTACACCTCGCCCGAGTATGCTCGATTCATCGGTCGGAACGGCAATTATTCTTTTATTATCAAAGTTGCTCGTTCCGCCTTATCTCTCTCGCTCGCCCAGTTATTAATACCCTTAAGTTGCGAAGAATCTAACATCACTCACTCACTACCGACAAACCGGGCAATTAGATCTTGTTTAGCTAAAGTTCGGGTTGCACATTTGCCCACTGACATGAAAGTTGGACGCTGTCCAGTGCGCCCGATGAGGAGTCGTGCCGGGCGAAACGGTTAGCAGTGACAATTAACTTCCGGATATAATGTGATTGGTAATAGGATAGTACAAAGCGTCAGCAGGCCGGTCCATTACGCTTACGGTATCGCTAAGCTTCATTTCGACGTCTCAATACTGGTTTCCCTGGGCCCGGTTAGTCTGATTGGACGTGAGGCCCTACGCGCTCTCAAAGTGCTCCGCGTGTGTCAGCGTACGAGTACCCACATGGGAGTAGAGCACACCTCATGTAGCCCAGTCGCATAGTGATATTGCGTCAGGACCGAGGTGATTTAGTGGGAGAACGGCTCTGATCGACCCCTGCCGTTTTCGTCGAATCGGATCGAGATTCGCTAGGGACGCCTCAAAGCGATCTAATCAAGACTGGGGGCAAAATGAGTGAATTCCGATGTGCAGTGTGATTTATTTGGATGGTTAGGAGGCTACTGCTAGATACTCGCGGTTCATGGGACAGGGCATGTACCACCATAGAAAATTTAATTAGTTACTCATCATCGGGCTTCAGCGCGTTCATGTGAGGGGAGGGTTTTACGCTCCGCCTGCGTCACCTTAGGTACCTGAGCAATTCATTCTTGCGTGAAGAGATGTTTGTGGCCTATAGTTGCGTCCCAGGTCCTTTCTCACCCTGTGGCAAATACCAGTTTGGCTTCTCTGTCATTGGGGAGCAGGCGATTAAGGACAACGCCCCGGCGCAAGGGCTGTTTGATCTCCATACCAGCCCCACCGAAGAATTGTCTTCCATTATCTGAATTAGAATTAGTGCCACGGTCGCATTCCGCACCATCCATTAACCCAGGTGAGCACAGACCCAGGTGTCTGCCGACTCCTGATCATTACTCTGTCGAAAGTTCGCTAGCCTAGGCATGTACTGTCTACTGTGAAACACGTCATAGAGGGCAGCCGGTGTCAGCATCTCATGTCTGGGGCTGCCATAGCACCTATTTAGGCCTGCAGTGCGAAGCCGAACAGGGGCAAATCATACGGCCCCCCGCTACACATCACAGTTTCAGCTGCGCACTACGTATATATCCGCAGGGATGCGGTGCTTGGGGCACAGAACCTGGTCACTACACCTACCTT,1570,51.27,Mus musculus
SEQ_522298,TGATGTCCACATTCTCAAAGCGCGGCATGCTCTGGGACTTAACCCCAGGTCCTTTATCTTATTTCCCTCGCGAGAGAGGGTTGTGTCAGGTCGTACTCAATCAGTCGGGGTTAGTGGGGCTCCTGAGTGGCGCCTAATTTGCGGACCCACTGACAACGAAAATATTTACCGTTCCGAGCCGTCCTGTCTACGGAGAGGACTACCTGGTTGACGCGACTAGCTGGCAAAGCTAATCATATTCTGGCCCTTCGGTAACTGGATCTTTACCGTGTGACCAGTCGATAGTTACAATAGTTAAGAGACGTCAAATCAGCCTCCTAGGTTGTTGTCACGTTTCTGGATTCGACCAGTGTCTACACTGACCGATGTGCCGGTACGGGTGCAAAGAACTGAGTACACGATAGATCCTAGGGGGGCTAGGAGCCAGGTGGCCCGACCGCGGTAAGCGTGCACTTACATCAATTATCCCCCTATAAGCCCCAGCCCTCCCTGCGCAATGTAATTCGGTTTTCGTACCAGGATTCCACAAATTCCGATAATACGTTCGACGGCTTCTTAACAGTAATATGAATAGCTTGCGCATTGTAATGCTCTCTTCATAGTGCTGAACTTCGTACGGTAGATGCGTACTCTCCGCTAAAGTGCATGAAACGCTACCCCGAGCATTGGAACATTGTGGAAGCTAAAGGACGAGAGATAACAGATTACTGGATGCTTGCCGTAGGAGAACCTGAACGTCGCTTTTGCCGTATAGCATCGACCTGCGAAAGCATGCCCCCAAGGCATCGGCCTAGACGACAGGCGATGGCTGCATCAATTTGCAAAGAATTTCTTGCCCATCGGCAGAGAAGCCTCATTCAGAACAACTCTTTTCACGGTTCTCTATGAATATGTTCACCGGCCATTCGTTTCACGGAGGTAACGACGGAATCGTCCAGCCAGAAGAACGGAAACTCTTCATAATCCCGAAATCCGACGAGAAGGTCACCCCGGCTATCGCTGGAAACCGATACGCCACGGAAGGTTTAGCATCGTTGGAGCATTATTACCGCCCAAATAGAGACAAAAGGACTGACGGATTGGGTTTCTACCGTGCAGTCGGCGTGTTATTCTGCGCGATGGGGCAGCAACCATAAATCATTTAAAATAGAGTTCCGGAAGAGCTTAACGTTCGGCAAATACACCGACCCCCTTGAGACCTTTCATCGATTTCTGGGGCTGTGACTTTAAACCTGGCCCTACTTGAACAATCCGCACGACGAGTTATTGAACATATCAGCAACTAGTGAGAAGCGGTCGA,1300,49.85,Escherichia coli
SEQ_990684,CATAAACATCGAACTTTCTGTAGCTCACATTATAGCTCGGCATACCCAGCTACGACTTTCGCATAAGGTCGAAACCTTTTAGTATAAGCCCGTTCGGGTATAGATATAGGACTCGTTTTTCGCTTGTACAATCAACTGGTCCGACTGTTGGGGCGTTTTGCAGGGCACTAATAGCGCGCATGCGACATGAGTGATTCATGCGACGTTTTGCCACTATCACTCGCCGGTTTGTTGACGTTGAAGTAAAGGTGTCCTCGCGAATGTCGCTCTGTGCAACTGGCCCGCATCCTCACATGCCCCCTGGCTATTGCAAGCCACCGGACTGCGGTAATTTGTGCTGCCATAGATGACGCCCGCACTTAGCGAAATGTTAGGGTGCCCGCTTAACTACTCCCACCTGCTATGAAAACTAACTAACGTCTGTCGCAGCCATCTCCGTAAATTGATCCCCGTTCATCGCGACGACTTTGGCTTTCTATTTCTCAAATCCGCCAGTAGATCCATCCTGCTGCTTGGTGGTCTAGAGGCTGCGTTCGATCAACGATCTAAAGGTCTCCCGTCACTATAGCACCTCAAGTGCAGAGAAGGCATCAAGCTGACCAGCCTGTACTACATCTAATCGTCGTACATTCATAAGGTTGGTCTGTGGGGTATGTGAGCTGGCCTGGCTTGCCCCATGAATTTGAGCGCGAGCATACCGCCTCGAGCATGTATCCGGCAACAACTATATGGTCGCCGAGCTTAGCGCATGTCTACTTCATTCAGGCTAGAATATCATTGGGTTGTAATCTCGATCAAGTTTTTCCTGGCGGCCTCGTATGAGGCCTGCTTATCCGACATGCGGATGGTAGTTAATTCCCTTCGGCAATATTCTTCCCAAGGAACATAATCGGCTCCGGTAGCCCGGCACACCGAAATAACCCGCTATAGCTGAATATCCCGAACTTTCTGGTTTTGTATCGTAGTTTTCTGTGCTCCTTGCATCTAGGCATCTGGGGGCTATGAGCGCGCATTGCGGAAACCGTCACCCGACCTTGCCATGGTGCGGCCGACCATTGTTGCGAATCTGAACTATTGAGAGCCTCCGAATTCGCCTGGGCGCATCAACAGGTAGCTCGGGGGGTACCCGAACAGTAAAGACCCAGGAAAGCCCTTTGTTGTTCATCGTTATTTCCTATGGTCTCAAACGAAGTGTGTGTTAACGGCTGGCGCACGTGCCAGTGGACGCGCAATTATGATCTATGTGCTGGAGCGCTGATAATCCGTGCTCATGTACTGTCATCGGTCACCAACGTGCGGAGCGGGTCCGCAGGAAAGTAATAAATCGGGGCAATGCGGCTATTCGGGGTGAGGAGAGCGATACAAATCAGTCCATGAAATGTCCGGAGGCTCCTAATATATAAGGTAATCCCTCCACCATACTACTAGTCGTTGCACGCACCTGGGACCCGCTCTGTCAGGGCATTAAGCAAGGGAGCCGGACCAAACATATCTATGTCATACCCCCGGAGGGTGCAGAACCCAAATCAGTATCCAATGATGTGATCGGAACTGTTTAGAAACCACTAGTCAAGATCTACGCAACGGTTGAACGATAGGTACATATTCGGCG,1612,50.74,Saccharomyces cerevisiae
SEQ_411128,TTTATTCACTATCCGGGTATCTTTGAGGGTTTTGGGTGTGCTCACAGCTGAGACACATGCAAGCGTAGCATGGGAAACAGCTAGACAATCTTACCTGTCTAAAATATAGGTCGACCGCTGCTTTATAAGACACTCCCGTCCTGTCCGAAGTCACTATAGCAGTTGCCGCCCAACGCGGAAAGAACTTGTATATTTACCTACAGCGACTAGTCAGCTCCATGCTCTGGGTTCGAGCTCAGCCTAGAGTAAGGTTACAGTTACCAACTACACTATGCGACCGAAGATTACCGTGCACGCCATTTTGAGATCGATGGCATAGTAGATGCTTTGCGAACAAGTAATATAAACGATACTTGTAGTGTTGCAAGACCCGTTGCGATCCGTTATAACGATGCAACGTACGCAGACCATCGGTAAGACGTCAAATTAACCACAACTGCCGCTGGCTTTACATTTTCTGGACGAAGATCAGCCTTCACATTGCAGGTGTCTGCATAGCGTACGAGTTGTCGAATACAACTGCACAGTGGCGGTGTCACAAACAAGAATGTATATCATCATTTAAAAAGGAAGGATCTTGCGTTCAGACCCGAAGGTCGGGGTAGTTGGTTGCTGGATGTACTACTAAAGAGAGCATTCCGCTCTAAATGTGCGGTGGAAAATACTCAGCTTGGATTGCAATCATCAGTAACGGGTCACTCTAACTTACGATCGATCAAGCTGTGCCAACGAGAAAATATGTGGACACGGGAATACGGCGATCTCAGGTCAGGGCTGTAGCAGCCTAAGTTGATGTGAGACATCCTTATGAAGTCTATTGAGCCGAAATGATAACCGCTAGTATGTAGAGATTTGAATCTTGTGCCTACAGCAGCTCGTGGGCTATCAGTTAACATTGCGGTGCCCAGCGGGGTCATGCGGATCTTGTCGTAAGTCCTACGCCGCCTATAAAGTTCGCCAGTCGAAGATAGACAAGCGGGTTCGGGAACCGGTAACTTTGCTATAACATGATCGGAGTTTGCCCGAACAGAGCCGACGCGTGCATAGTATTTTACGCGGGCGACGGGAACGT,1072,47.57,Homo sapiens
SEQ_551755,ATTCGATGTCCACAACACGCATACCGCACATGAGAACCCGATCAGACGCCCTTAGACTCACCGTTGCTACCACTGAATTTGCGAGTCGCTATTACGATGACCTATGTTTGTATCATTGATTGCGATTACCGATCGCGCCTGGGTAATTGCTCTACGCCACGTGTCTAATCGAACTCACCTCGTAGTACTGTTACCTATCGTCTTGGTAACCATTCGGAAAGGGAAGCTCACTTCATACTCATAGACGGTTGGCAGTATACCGGCATCTTAGACAGCGCAACTTAGCTATTAGATCTACGCCCAAGCTTATTTATTCGAATTTTTGGGTATTCGATATACTAATGTCCTACCCAGATGTGGAGGTTTTCAGCTATCAATCCAATGCAAGTGACATTTAGCGGACATACCTGCGACGAAGACTAATATTTGGATCCCTCGCTCTCCTTAATATAAGCACACTGGCAATACCGTGTGTCGACTGACACCCCAGGAGATCCCACTGGCAAATCAACTCTCCCTGTGATCCTTCCGGGCCACGTCCCACAGTAATTGCACGCGGTCCTGATTCCCCGCGCTTAATAGGTGTTCAAATCCAGATGCCATTTTTACCCGCAGAACTGAATACTATAGCCAGAGCCTTGTAACATAACGGAGGTTCGAGGGACGATATATGGTCGATCCTCACGTAGACTCGAGTGCCAGGGTCTTGTATAGCGACCCTTTATGGATGCGGGCGAAAGTGTCTCATTGGACCTTATAGTTAGAGACCTGTCAGGGACAGCCCATTCGTACAGAATTTAGCAGTGCGTGATACAGAGGGCTCTACAGATTATTCATCCTGAGGGTAGCGTAACACCAATAGGTAGTATCGAACCATTCCGAGTAGGTGCGTGCTACGTCACCTTCATAGTAATGAGTACTGCAAGAAGGTTCCACTTTACGGGCTTTTCCTCAATTTGCAATAAGGTCCCCGTCGGCGTGGCCGTTTTAACTTAGGATGTTTGATAATAAAGTATGACGAGACCGAGCCGCTAGTTATCTGGCTGGAAGGGTACGGAGTACACTTATGAGTGTGTCGGCTTTTATGTCAGCTAGATTAATGTTGCATTACTGTATTTCGAGCCCGTCTTGTTCCTAGCGTTAGTGACACAGGTAGGATGAATAACCG,1168,47.09,Mus musculus
SEQ_571373,GCGCCAGCTCTAACGGGGACGTTCTCAAGCGGGGCCCAGGTTGGTTAGAGAACTTCAGGAGCTTTCACCTGCAGTGTGGAATCAGGGTCATTTATGACAATCTCGGCTAACTCTCTGTGTCAAGCCTCAGTGGATGGCACGAGGAAGACATCGACATGAGACAAAGGGTGACCGTCACGGATACAGGTCCAATTTGGGGGAATATGATGCCTAGAGACTACCGACCGTTTATGGCTTACAGCGGATCTATCTAATAGCCGCGAGGACGGGTGTATGCCGCGAAAGTGTCTTTGGCCTGGATTGAAGAAGTGAGTAAAAAGTATTCCGTTATGTGGAAGACTTGCCCGCTCAGCTTGGGGAGTGGATGCATAACTCGGGCCCGAGGCAAGGTGGCAGTTATTTACCAAATGATGGTCACACACTCACTGAGGTCGCTGTGTAGGTGTAGAAGATACCTTGTTAGACGCCCGTGAACGTGCTCGGTGATTCGCAGATCCCAACGGAACAACGGCCGATTACCCATAGGAGCACCGAAGGTATACCCGGTAGAACGAATATATCAGCCCGTGTAAGCTGTTTTGATATTACCGGAGAGGTTGCTACGAGCCCTCGTAACCGGGCAGACTGCACAATCATGTGTGATGCTCATGACCATCGATGACTTAGGAGTTTCGATGCGTGGCATGCGGCTCGGTGGTCTGTACTAAACGGACTTCCTAGGAACCGACTCTAAGTGAGCCTAATTCTGTTTCTGGCCCGCGAATATAGACCACTCGTAGACGCGAGATATGACCCATGTAGGCAAATAGGTAACCCTGAAAACCTTTTGGAAAGGCAATTCATCTTCCAGCACCAGAGTTTCGCGGGTCTGTTAACTACATCGGGGTGAGGCACTTATATTTTATGGGTTCCACCGGAAGTTACAAACACTGTCTTGGCGCCGATTCGGACCAGGACTCTTTAGCGCACTTACACCCGCTGCGCCGGCGCGTCCAAGTACGGGGAATCTGATGGATTAGGGAACCGTATATGGCTTTACGTCGTGGCTCTTAGGGGCTCCTCGTTAATTCGGTCCATTAGCAAGGCGGATCTGTTGTAATGTCAGATATCATGAACATACCATAATAAATCACAATCTTAGCCGCCAAAGATTCATATTCCGTACTCCATACAAATGACTCTGTCCGGCTTGCTGAAATAGGCATCGCATTCGTGCCATCAAGTAGCTGGTATGGACGCTCCTACCGGGAGAATAGAGGTGGGAGTAGAGCCCGACCAGTATATAGCGAGTACAGCACAGTGGATGCTAAATACCGGATGTGACGCGTGTTGTATGGTCCAACACCTAATTCGCACCAGGACCATCTGGTGCACTACATCGCGAATCCCTGAAAAGAGAGATCTTCTAAAGCTTGAGCGGATATGCAGCCTACTGCCAATCGGTACCATTCAGGAGCCACTCCGCTCCGATGGAATCAGGCCGTTCCGTACGCATCCCGTTACAGAGGTAGCTCGCAGAAGCGACCTTAGCTATTACAATATTGTTGGGCTGATATATCGACTTGTACCCATTGGCCATACCCAGTACTGCGAAATTAGGCACCATATATCCACTGTACTCGCGACGATTAGATCCAATAAGGCCCATGCAATACCCCGGTCTAG,1665,50.39,Homo sapiens
SEQ_135159,AGCAAGGTTAACGTATTAATCAGGAAATATCAAGGTGTCGAGTGGCATCCATGCGGGTGACTGAGTGCCACGAATGCATACAATTTACGTCCTGAGTGAGCGGTGGTCGATTCATGTCCAAGGTCTGTGGCGGTGGGCAGTGACATGAAAAGGCTCGCGCCCTTACGCGTAGCTGTCCAGACCCACGCGACTCCCCAAATATTACGAAGATGGCCTGAGGCGAGGCCCACTCCATGCGTGCTCCGCGTGGCAGCTCTGGGGATTGCGATGGCGACTCGCACTCAGCTTACTCAGCGACAAGCCGATGAGATGCTCCTTATCTACCCAATGAATAGGGCCAGTCGTCTGTGGCCCGCACATGGGTCCCGATCACAAAACCAATTAACGACATCGGGAAATTCATCCTAACGGCAATTATATGATTCAGACGTATATAATAAGTCATTCCACGCCACCACTAAGGTAGCTTAATGCACGGAGACTGAGGGATTGCCGCGCCAGTCGTGAAAACCCGTTGGGTAGAGCGAATTATGTACTCCAACAGCCGGAATGACTCCACTTACTTTCCCGGCAGCGATGGTTACCAAGTTCACGTTTGA,599,52.25,Saccharomyces cerevisiae
SEQ_455671,CTTACGACCATTAGAACTCTGGAGAGCCCTCTACGAACGTCAAAAAGCCATCATTGTTAAATTGGTAGCTACGACAATAACAAGCATTCAGGGAAGGCGCTACTTGTTACCGGTGACCTCTTGTCGCTGTACGGTGAAAGTACATCCCGCGGGCATTCCGCCTTACTTTCCCCACCATTGGCCATTTGGGTACCGCCAGGGAGACCGATTCAATAGTCCCTGTGCTTACGGCTTTTGGCTGCGTAACGCAATGGATAGCAGTAATCGAAAATTGCTTAGAAATGCGGAACAAGCTGGGTGTGAATCAATCGAGCCGAATGGTGGCGCTTACTTCGCTATAAAGCCAAGCGCGCACAAGGCCGGGAGATGGGCATCTTTCCGCGATTCTTCTCAAGGGGCGACACAGAGTTGGTTGCAAGATAATGCTACAGCAAATCTAGCTAATGCCGTGGTCCTGCTCTCTATAGTCCTTAAAAAATGACGCTCGCACTTGGCCAACGACGCACGCATATCAGTTAAAGGGCCAACGAGACCGGCCAGCTCCGCTTAGCTTCGACCTGGCCGCTAGCTCGACCCCCGATCGGTCCACCGTTGATCCAAGTTCTGGGCTCTTTAGGACACCCCAATAACGTTCAGGCAGTGGCCTGAGGCGATGAATATTACGGAATGAGTGTTCCCTGCGCTCCTTGACGACATAAGGGTCGCCAATAGGAGAAGAGGCTTTGGTATGACACATGCCATTCCTATTATGAGCGGTATTCATAGGTCCGCTGGGTTAGTAGGCGCGGTGACATCTGGTCGGCGGTACCTAAGGAGTCGTGGACCCGCGCGGTCTAAATTAAGTAGTCCCGGACCAAGCTCACGGTTAGAACGAGCGACGGAATGGTATTTGTGATGGCTCAGATTCGTTACGGGTTACCAACCGACCGAACGTGATAGCCGGTTGCC,948,52.32,Mus musculus
SEQ_505975,ATATTTCGGTAATCGTCTGGATCCTTGGTTGGCTGTAATCGTCTCCCTCGCCATAACTATCATTCTACCAGCTCACTGGTATTTTGAGTCAGTGCTTGTCAACTGACCCGCGATCTAAAGTCTTTCTCAGCGACGACGGCCAGCCGTTCCAAATTGAGAAAAGTGCCAGAGAATGTATGACGGAGAAGCAGACCCCCTGCGTCTTCAGCTAGGAGAGCGACTGCTCCCTGGACGATCAAGGCCTGGGCAGAAGACAAGGTGCAATTATGCCCCCCACACTTGCGAGTCATAAACCCGCGGTGAGGCCCGGTTGGGATGGGTGCCCAAGCGGGCTAAATTCACAAGGGAGGAGTCTTGGCTAAGGAATAAGGGGCTGGCCAGAGTCCCTTGGCCAAACCCCGGGGCACATGCGTTCCCCTGCATCTTTGAGCTGTGAGTCGTGCAAGGGTAAGAGTTCCGAGGCTACCTGTAAACATTCTGAAGCGCGTCTTCGGCTTTTGGAAGACTAAACGATCTAGAGACATACACTCACTTCGAGGGGGATCCGCCACGCGGTACTTTAGTGTACCCATCGTTCCGTCAGAGGTGCTTTGTAGACGTTTAACCATCCAAAACCAGAGGACTCACCCCAAGGATAAGAGTGTGCGCATTCACCCTGAGCGCGTCAGGAAAGGGGTTTAGTGAAACTACAGAGCGGCACATAAGGAGGAAGCACGTCTCCCAGGTACCGTATTTTGCGGAGCACGCTCATTACTGTAGCAAACCGCCCGCCGAGTGTTCGGATGCTTGGGCCATCAATTTTACTAGTGCGGGCTCTGTCGATGTGGTAATGGCTCCAGATCAGTTTGATATGAATCAAGAAGAGTGAGCAGCACCCATTACAGAGAATTGGGTCGTAAACACGATTTCGTACTGTGCCCATCACGCCGATCCCAGTAGCCCCTCCATAATGATCAGGTCATCTATGTAAATAGTAAGTGACGTCGCAGTTCGGAGTTTGGCTTAGATCCCTGGTGGTATACCCATGTTCAGCCGCGGCAAG,1042,52.3,Drosophila melanogaster
SEQ_195253,TAGACGACTCTCGGGGATTGGTATGTTCCGGATGTTCGTACCACGATTCGATCTATCGCCCAGAACAGAATTAGAGAATGATCCAAAACGCTCTACTAGCACACACCCTTTCGAGTCCGCTTTAAGCTGTCCTACCAGTGCGCACTGACTCGCGCAGTAAGGCAGATAGCTGCGTTCGTCGAGGGACCTACCTCACTTAGGGGCTGAACGCGGCCGCAAGTTGCGATCAGCCGAGGCCGGGTATTATTCAGATCCATTTTTGCAGTTCGGCCATTGATTCACATGCTCTATGTACTCTATACGGGTACGCCAGGGGGTGTAGTCCGCAATTTCATCTCGCTCCAGTAGGAGTGGGCCTCCGTGAATCACCGCGACCACAGGGCCATTAAAGCAGCCAATCATCCACGAGGGTATTGAGAGCAGATTCCTGTTGGGGCATAATGTACCATTCGTCGGTAGCGCCAAGAACCCGGAATACAAGAGGCCTGACGATAGTCTGCAAGTTACATGGTAGCCGGATAGCACGGACAAAACTGCAGTTCTGCGCTGCAGGACCTTGAGTACCACCGAGTTTAGCGTTCCGATGCAGGAATGGACGAAAAACGCTAAACGTCTTATAATATACATGCCCGACGGCAAGCAGCGCTACTTCGATAACCATCGAGCACCGGTTCTAATTGGCATACCGGCCACTCGGCCCCACAGCTCAGAAATACGACTTCGAAGAGTCTCCCGTAGTGCGGCTAAAAGAATAGGTTAGATATTTTAACTCAAAGCTCAGAAAGATGTTGGGGCTTTCGTGATACGACGGAGAGTCAGGATTTATTCGGGTGCGGGCTGATCGGTTTAAGACCAATACAACCTGTTTGGATCCGTTTTTGCATTATTCGGCGACCAATAGCGTCCTCTATGCCTCTTTCAGCCGAGTATTAAAAAAGTGTTACACGCCAACTACTGCCTCGGCGTGGCCTTCCCATTGGCAAACATCCCCGCTATTAACTACCCGACGCTGTCATTCAGAGAGGCCTAAGCGTCCGGCTCTATCGCGGACAAGCGCCTACACACAGAAAGGATAAAATAAACTATCACGTAAACCCAATATCTGATCGGTAGGAGGGAGGGTTTCGAGCACTATCTGCATACCGGTTCGTACGTGTGTAGCCTGTCATACCCAAAGCCCTTTTACACCGGATGCTACCAGGAAGGTATGAGGAAGGCAGCAAAATGCCGGGTGCTTGGCCTCGTCCGGAGCCCAGGCCGTTAGCGTGGCGCAATATCTAAGAGATTGAGTGAACTTGGGCTACGTATCTCTATCCTATTGCTGGTTTAAGCAGAGTAGCCGTTTTTCCGAACGAGCCGACGCTACTCTAGCCATAAACCTGCCGGGCAGGCCACAGTCTTGCCGGATGTACGGACCGAGATGAAGGAAAAGACTCATGACTGGTCAGCTACCTGTCGTTGCGGGGGCAGGAAAAAAGGCGCATATGCGCTCGTTGAGATGCGCACTTAGCAGTCTCTACGCAGCACAGGGCTTCTTTTCCATTCTAGGCGTGTGTTAGTTTGTGGGCAATCAATTGGCCGGCAACTCACTGATTCCCCGGATGTTTCAGATCTGCTAGGGCGGGCAGAGAGCGCTGTCAGGGGTCGGATCTGAGCCCATCGATGCAACATACACTCCATAAGACAACGGCTGCATGTAAACTTCAGTGACAATGAAGTGT,1721,51.6,Escherichia coli
SEQ_208151,GGCCGAAGAGCCATATCTATTGACCTCGAGGGATCTAGGGGTGGGGTATTGCGGAAGGGTGCGGGTGTTGCAGGCTCACGTTTCAAATCAGAGTGTATCCTCTGAATACGGCCGTTGGGTCGATTACAACGAGTAAGATATGGCATTAAAGGAGCGACAGCGATTAACGGGAGGCCGGTAGACCTCTGGTCGAGGCTACTTGCAAATTAATACCCGAAGTCCTGGCGAGCGGCAGGCAACTGGTGCATTCCACGCATCCCCAATGCAGTTTTACGTGCCTGGTCTTTACAGCTTGGAGAGGGACAAAATACTAAGGCGATCTGAAGACAGGATTGACAGGTAACGATCAATCTGCCTTTGGATCTTGATGCAACCCATGGCACGGAGTCACGCCCGTAACTGACATATCCGTAGCGCTCCCAGCCGTCCGCGACATGACTATGCCCCTTTCTGTGGGTCCATTTCCTCGCACTGACAGGAGAGATAGACCTCAGGTGTAAGCGCGACTAGAGACACCCTTCGTGCTTATAATTTTGTCGTCCGGAGAGCGCCCCATAGGACAAACGTTAGACCACAAGTGTAAAGAAACCTTTCGACCCGCGTCAAGAAATAGGATATTGTGGGCGAAACCCTGCCAGGGTGCCTCTTGCAAAGTGGTTACATGCATGGATACGGAAACCTTAACAGTTAAAACTACGTCGGAGATGAGTAAGAGTCTAAATATGGGCCGTGGGGGGGTACTGCGCGACCTAGGTTGTGAGAATTATGTGAGGATTCTTGATGTGATATAATCTATACACGTGCTTCCTCTTTACAGCACCCTACCTGTCTCATCGATGTCTACAGCGCGCCTAACTTTATGTGGCAGCCTCGCTTTCTAGAAACGGTGGCAATGGAAGCAGAAAGGCCTTCGTTTTCCAGGCTGTCAACTATAGCAGCTGGCACAGGGGGACCCGACTGCGTGGGTGCTATTACCGATGCTGAGCGAACCCGTGGATTCCGCGCGACAGACCATTGCGTAGGCTGCAATACGCGAAATAGGACTTGCGAAGCCCGGATGAAGTTGGCCACAACTTTGAACTTATTGATCGGTGTCTTCTGGACCCAGTGGAACAGTGATTGGCATTACGTTCCACCGACAGTCACCTGGTCACGACGTCCGGTTACACGTAGTACACCCGCTGGTAATAAAGTTAGTTTACCGTTGCCAGGTCGTTACTATCTATGAGTCAGCATTGTCACGTCACGAAGTTGTTGGGCGCCCCCCTTCCCCGCCACCCAGCAATTCCTACGGCGAAAATTCCCCTGTGATACCTTTGCTTTACATCTGAGGACGAGTCCGTTAGGCAACTAGGATTTTGTACGCGGCTATCGTAGTTCGGAATTCTACGAATTTTCTAAGCACCTGAAACAAATGCTTCAGGGCGTTGCTCATGGAGCTCATCACCATCCCTCGCGTGTAACGCTAATCGCCTTACTTGACGCAAGTCTCCCGAGCGCCTATATACCCGTGAGTCAGCCACAATCGCATTGTATTGCACCGTAGTAGCGGGCAGTGCAATTTAAGGCAAGTTGTAGCACGCGGATGATTGTTCCGACTGCGTTTAACAAGGAGTCTCTGATGTCATGCTATTTTAGAC,1640,51.04,Escherichia coli
SEQ_732964,CTGATGGCGGAAGATCATGTGATCAGTGGCGATTGATCCCTAGCAAGAACCTCGGCTATGTTCTCTCATCACAACCTGCCCATCGGGGGTACGTTTGTATCCGGAGTCAGTGTAACGAATAATGACGATGGACGACACCACCACCTTGTCCACGAATTACCCCGGTTCTGTGCGGGGAAGAAACGAAAACATGTAGTAGATCACCAGCGTAAGTTTGCACTATCAACACGCCTACGTGCCGCGAACTAACGAATCCGCAGTCATGTAAGAGTTGAACGCCTCGAAGTCCGAGGTCTATCGTAACTAAGCCGCTTCTTGCGGAGCTGGCTCTCCGGTATACAGACCAGTTAGAGTCACTAATAGATTCGCGGAGTGAGGCTGGGACTGAAATTTTGACTAGTGAGACGTGACAGGAACTCGGGCGGAACCTAGCGTGACGGCACGTCGAGGCACTTGCTGCGCGCCTATATCCTCTTAAATCACCTTGAGAGATCCACATGTTATATGCTTGATCTTGTCTAGGTCAATACAAGGGGTACTGGAAGTCAAATGCCCCTTCTTCCTGTACGTTACATGTAGTCGTTGAGATCAGAAAGCCACTAGGCAGCTCTCAGTGTCCCCCTCTCGGGATCATGCACTCTTTCCGAGGCCCATGTCGCCTCCAGCTTTTGTCCAAAATACGTTTACTATGGGCGTCCTCGATGCAGCAAGCCGCAAACCTGTGCTTTGGCTGACACGCGGGGCTTCTATGGAGACGTGCCTAAATTACCGCGAGTTGAGTCACCTATTTTTTCTACGCATCTTATAACTGGTACCGCATGGACTGTCAGATGCCGTCTTCGAGCAGGACGTCAAACGCCCCGACGTACAGAGTGGTCCCGCGCGGAGAGCAGGTGTACTTAATCGCTCTAAATTCAATTTAGACATGATTAAATCGTCTCCACGGGCCCCTTCGTTATACTAAGAAATGGTGCGCCTGTC,981,50.97,Mus musculus
SEQ_769906,TTAACCTAACATAAGCCTATCTATGATGATGTCTGCGTACGCGAGCCGTTTCGTATCGCACATTCTCTTGCATGTGTCTGAACGTACGATGGCGCTACGTCCATGTAGAACCCTCCCCCATTCCTTTAGGCCGCTCTATTAGTATCTCATCACCGGAGAGTATCTCGCGACCTTGAGTTAATAGTCATCGATGATAGTTATGTTAGTACAGAGAGGGCTTATCCGACCAG,230,46.96,Mus musculus
SEQ_174035,AATGCTGAACATGCGCTTAAAGGAGCATTCAACAGGGGCTACACTGACTGATTCCGGATAGAGGGCGTCTTATCGTCTTAGAGTCTCTGCATACCAGCACTTGCCCGCGTGGTTGAAACTGGGGTTATGCAGTGGCGGCTTCCCACGTCAGCTAGGTTACCCCTCCGCCTTGCCTCTCGTTACTCACGTTTTAGCAAGCGGTCCAAACCTTCGCATTGCTTTTAGGAAAGAGCAATTGATCGGTCGGTGGGCATATAGAAAGTCTGACTGTAACCAATATGCCACATAGGGACCGCTCTAATACTCTTGTGACCCCAGGAGTTCAGACATTCGCACAGCTATAAGGTGCACTATCACCGTAGTTTTTTGACGCCTTTTTTTTCAGTGCATTTAGCCCTGCGGATTGGGCCGCTCTAACATACCTAATTTCATGCCCTCCTCGTAAGGATGGCGGCACCTACGCACTATTCCATGAATCTGTCTGAGAGCTGACGGGTTTCGACCGCGTAATGCTTCTACCTGATCGACTCCCATTAAATTCAATTCGGGCCTGAAAACGGCAACCGGAGGACCCGGGGGCAATTACCTGAGCCGAGCGAGCAAATAGGGCGTGCTCGGTGCACTTTGCTTACTGGCGTGAAGTCTAGAGCACGAGTTTCACTTACCCGTCCTCGTGTTAATCCAGGCGTTACTTTCTAATGTACAACCGTATTGAGTTCAAAAGAATGGACGTTGAACATTACTATAGAGCCCGGTTACACAATCGTCGTCGCCTCAGCTGAACCAGCGGATTGTGCAGGAAAAACGGAGTACACTTTACATGATGGCGGCAGGTGACACTGCAACTCATTCACCTCAGTAGCACATTTGAGTTGTCCAGCCTCCCGAGGGCATAAGTTCCGATTGCTCCCGTTGAGACAAAAATTATTACCACTATGGTTCGCTACGTCACATGCCCAACCCACTAACAATCCTCGGTGCCTTTATGTACACGAACGTGGGAAATGATGTGTCGAAAAGAATGGCCCTGCAACTCCGTCGTGGCCCCAGCTCTAGGGGACTGATGCATTGGTGAACGGCCCGAATTGGTCAGGATAGTTCTCTTTTGTACTGACCACTTAAGTTACAAAATCCTACTACTCTCAAGGGTGTTATTTTCAATCCTTGTCTGTTAGTTCAGCTGAAGGCGGTTTGAGCACAGGTGACCGCAGTGTGGAAATAGACTGCCAGCCCAGAGGGTTTTATACGGCACGTGGTAATCTAGGGGAAAGAATCCTTGTTGTAAGTTGGCCATTTCATAAGTATAGCCTACGTGATACTGGTGAGATGGGGAGTTAGATTTATTAGTCTCTTGGCCTTCCTTTGTTGATATCTCGGGTAACCGATTGTCTTCTAACCGACTCATCCAAAGGGTATTGATTCCCGGCGTCGATGGCCTATCCGACCGCCCGGGGAGTGGGAAATTACCGACACAGTATCCAGAGGTGATCAATGTGAGGTAGTACACTTAGGATCGACGTCGGATAAGCCAAAGTACGTGGAACCAGCTCGATGTGCCTGTGTCTGTGAGTCTGGCTTTCTCCGTCCTCAGTATGTGTAGTTTATCGGGTATCCCGGGGCACAGTTGCCATCAACAGTCTCGGCAGCCCCGCTTCCAGCCAGAAAGATCAGTGCAGGCCACCGGGAATCTCTCCCATATACGTAGTCCCCCTAGTGAAAAGTATATACGTCGAGGGGCTCCATGCGTTATCAACCGGACCTGGGTATAGTCTCACAGG,1778,49.94,Escherichia coli
SEQ_796671,ATAGAAGCAACCTTTCGAGGTCCAAAGCCGGGCGCCGACCGCTGTGCATTGATATGCGAATCCCGTATTGTCGGATAGCGTAAAGAAAAGTTTTCGCCACCTAAGGCGGCGAGGCGTACATACACTCGAAACGAGTCTGCCGGGGATACCAGAGGCGGCCTCTTCGGTTGCAGTTTTGCCGATTTTCTTGCGCACCGCCTAATTA,205,53.66,Homo sapiens
SEQ_217631,GATTTATCTCATACATCTAGGTCCCGCCCCCGGAACTATGCGGTTACAGCAGGGGGCGGTCCAGACAATGCTAGGAGTCGGAAAGGAATGGAGCGGGGGCTAAGCTAGATCAATCAATAGCACCTCATCAACTCTGGCACGGAAATGCTCCCATTAGACTTTATGAGGTAAGGCAGCTTCAGCTCTCGAAATACTGGGGCTTCACCATGATCCGCTTGGTGGACCAATCCTATCGCGCATAACCGGCTCCCATCCTATTAGCTTTTGAACGTACTTCGTAGCCCTAATGCTTTAATAGGTTAAGACCCGTGCCCTAAGTTAATTTAGGCTTAACCACCTGAATCCGCTTGAAGCAGTCGTGTAAGCACTAACTTTATTACTGTAAGCGTAGAATGGCAAGATTGATAGTCGACACGGTATGAGAGGTCCGACCTCTCATAACAACGAGAGCAAGAATTCGTACTTGTATCCGCTTCAGATTCTTTTTTCCGAGCCTTGCGGGAAGTCCAGAAAACTGCAAAGGGGATCGCTGTAAA,536,47.95,Homo sapiens
SEQ_893730,TCCATGGGGTGCATTTGAACTCCAAAGCCCCGTTTATGATCTGGCCAACCGGGCAGCATAGTACGACAGGGAAGATCATAAGCGCGCTCAATTCCATATAATCGATGAGACTCGCTATGAATTAACACCAAAAAACGAAGCATCCAGACTGTCTATGAAAATAGGGGTTTTGGCGTAGTATCGCACATTTTCTGGAGAAGTCGCAATTCAAAACGGAAGCTGCGAAAAATCGGGGGAGCGAGAGCCCAGGACATTCAGTACAAACGAACGGAAGTGGATCAGTCCCACTACTCTTCATAACCTGCCCTGGAGGATAGGTCACTGCTGTATAAAATCGCCCAATAAGACTGCTCCTCTAAATGACATTCAATGAGATAGCGCGACTGCCCTGGCAAGGGCACAGGTGAGAGATCGG,415,48.19,Caenorhabditis elegans
SEQ_843981,ATTTGACATCGCCCGCCTTAGACTTGATGAGCCATAGTAAGATTTCTGTGTGACAGGATTGGCTCATAAGCAAAAGTGTACAGTGGTGCGTGCTTCCATAACCGCGCAAAGTGCTGCCCTCAGCGGTGTTCATCTTCGGGGTATGCAAAAGCGAAACGCGTACTAACCGGCAGGACGCGGTTTAAGAAAGAAGTCAGCGCTTATTATGTCCATACTGAGTAGGGTGCGAAGACTAGGACGAGTAACAATCAGTCTCTAGTGCCGCTTCCAAAAGCGTATGCCA,283,49.12,Homo sapiens
SEQ_834375,GCGTCCAGTTCCACCTGTACCACATTTTGCTGGACTTCGGGCCGTAGCAAACGCAGTTCAATCTACCAATGGTCTAAGATGGGTCAAGCCGGAGATAGAGTTACTGTGAACGACTTCATCGTTTGATTTGCCGCATATTTGTGCCAACAACGTTCAAACCTACTGTCCACATGTAGCGAGGAGAATAACCACGTGGCAGATCTTTGTATTCCTTCTGATGTCGGCCCCCACATTTACGAGGGCGTTGGACTCTTCTACGTCGTCCCGGCAAGTGGATACCAAGTATCCTGAGGCTCGTTGAAGGGGCTTGCCCATGGCTTGGGGCTCTACGCAACCCGGGTTTCAAACATAGGCCAACAAAGTCAGGGCTGTACAAGGGGGGTCCTGGCTTGCGCGTCTTCGTTAGGCCGTGTTTCCTAGAACGTTTTCCGATTCCGGAAATTCGCTTCGCTGTTTTCCCATTACCACTCGCTACGTACGCTTCGACCATCTCGGCCATCTCCTAGAACCCTAGCTGGTAGGACTGTGTTGGGGTGCTTTTGGCCTCGTAGCAATGAGCGAGGGGGCTGAGAATTTAAGCAGTTGGTAGGTGGCCCCTTTCGACCAAGTGTAAGAGTTGCAGTAACGACTTCCATGGCCAACGGCGAATTTACACGCTCAGATGCGCCTACTCCGGCGAGTTCAAGGAGAGGCCCACACGGTGACTGAGGAGGCGCTGCATGGACATGCTGCCGCCATGAGTATTTGGCAATGTACCAAAGCCCACGTGGATATAGCACTGCTACGAATTCGAAATGAGCCGGGCTATCTTTTAATCGTTCAGCACCAGGATTGACGTGCGCGCAGTTTCTATA,854,52.58,Escherichia coli
SEQ_448340,TCTTCGGACGTGCTCGCCAGGATTGCGCTGTTCACTACGCCGCAAACACCATGGATCCGACCTATGATGCGAAGCCAAGCGTATCATTCGGGAGAGCCCATGGGCCTGAGTTCAGTGGTGTGTGTAGCGCCCAGTACCTCACCGTTCGCTGACATTTAGACCTAGACTCTATCCATAGGGCGTTACTTCGTTCGACCTGAAGGAGCGAGTATCTAAGAACGACGCTTTGTGGCGAGGGTTATTCGAAAGCGGTTTGCATATAGACTACCTGTGATAGCTGCTTTTGTCGTATCAGTCTCCCCGCGGGTATGCAGACCGGCGTTAAACGATGAGGGCACACTTCCCAGCACCGGTACAGCGCAATCTGCGGTAGTGTTCGAGTGAGCACAACGGAACCTGACCGGACGATTGATAATTCGAGGGGCATCTGCTACGTAATCTCTCACATGGAGTTAATGGCCAGGCCTATAGCGTCGGAAATATATGCAAAACCCCCATTCTGTGGCTATTTGTGTTATCTAGCTAATTAATTAGCAGGGAGGGCAGGGTCACACGAGAGGGTCCAAGATCTAATTCGACCTTGAGCGTGCTGCGGGAATACCCGCTTTAGTTGCAACCACTGTACAAGTGCTGCGCTAAGGATATCCTGCATAGATAGGCACTGCCTCCGGTTCATGAAATATAAGTTGGAGCCGTTCGGGTCTGCTAGTATTCATAGTCCGGGTACCTGCCTAGTGAAGAATGCACGTACTCTGTTCTTGCGACCCGTATTACCCAATCCGGTACGCATTGACCTCTATCACATGCGGTAGGTGATCGAATGACCGCGCTAGTTGACTGTCACGGCAGCGACAAATTGCACTGGGCCCTTAACGTTCAAAATATGAGCACCTCGCCATATGCTCTCTCCAAGAGACTAAAGATACTCTCTAAGTCCGTGATATGCTCTTGGTCAGATATACGAATCGCGCTCAACAGGCGCATCTCACTCACTTTAGG,999,50.95,Mus musculus
SEQ_350436,GCTAACATTGCAACCACAGGCGTGGAGTGGGTAGCGCCTTGTGACTCAGCACGGCTGGGGGCATTAGGGAGTGGACCCTGGTCTGCGCTGTGACAGTAAAGTCAGTAAAGGCAGGCACATACAATTCAAGATCACCAACTCCGAGGGTTCAATAAGACCAATCGAGCCAACTCAGATTAGAAATAATCATCGGAGCGACTCCCCTGTCTGGACACGCGGCGCGCTAGACGAACGTTTGCCTACGGGATTTGCTATTACGATAGCCCCCCGGTCTACACTGATCGGCGCACAAATAGGCCTGCGCTATCAAGAGCTTCTCAACAGTAGACAAGGTGAACAAAACACATCAATCATCCGCCCACATCAAAAAAAGGCTCGCTGCAACTAACATTGTCTTGACTCCGCTATTAACTTTTACCCTGTGCCGATTACGCTGTAGTTACCCACGTGACCCTGGACTTTAGAGTTCCTGTAACTTCCGGTAGCTTAAACTTTCTAACGTCTGGGCGACCGCCCGCATTGAGTACAAGGATTTGCAGCATGGCACAGTCGGATGTCCGCGTCCCCCGGTATCGCTGGATTGTTCCTGACCCGTGAACTCGCAGGTAATCCAGACGGAATCCGACTCCCAGATAGAACTGCTGTGGCGGTGATTCCACAGATCGGTGGCGGCAGGATGTCGAACGCTTAGGCAATCCTAAAGACCGTTACACCTCGCTGACAGGCCTGATACGTCTGTCTAGGGCGAATTCTTGCGAGAACCCGCCGCACAGTCCGATGTTGCATGATAGCCAACCAACTGTGCTGTATTCACAACCTGTGTTCGACGTGGCTAGTCAGTTGACTACAGCAACCGCAATGACTTTGTCCCGCATCCATGTTAAGTAATCGGGAGTGGCCCGATAATACATTGTGTCCCTGGTAACTCAAAAGGACACCAGCAAGCGAATCGAGGGGCGACCGACCCGCTGGCGTAACCGTACTCATCAGATATCAAAACCACCACTTCCCTTCGTCCTTACAGACTAGCTAGGACCCGCAGGTGAGCACACCCTCAGG,1059,52.69,Homo sapiens
SEQ_177861,TCTGAGGTACAGTACGCGTCATTTTTCAATGTAGTTCATTAACCTATGTAAAGTGCGAAAGAAGAGATCTATCGTTCTAAGTGTGACGCGGCGAACAAGACGGTGAACTTGCTACTACACGGATTTCAGAGGACCTTCGCCCAAACCCATGTTTCACCGCAGTCGGCTGTTTGCCCTCAAAGCGACCTTTGGGCACAAGTTTATCACGTCGGCAGGGAGCACGTGTTGAACCAGGAGGGGGTAAAGGTATGGCTTAACTCTCTGCGAACTTCGCTCAGATGTTATGCGTCACTACCAAGGAAGAGGTGACCCCGTGCCGAAACCACGAGCTGCTGTTGTTATAGGGGAAACCTTAATTGGGACTGATCTACCTCAACCTAAAGGGTTGGCCGTAGTATCAGAAGTAATGATGTGATTGGGAATCTGACGTACGCTAATACCTGTACTCCAGCCCGCGTGATGGAGTCTACGAGGATAGCCGGTAGCATAAAGTAACCCCTATCTGTTCTTAGGAAGTGTACACGAAATCTGCCCAAGTTGAGGTCAAGCCAAAGTGGATGTATACCACTTCCGCACTGCCCCCATCAAGTTTGTAGCACAAACTGAGCGTCAAGGCCCTTTGGGATAATCTTTGCCGCCGGCACCATGTATATATCTCAACACCAATAAGAATTCAGATTGCCCGGCCTTTATGGGAATACCCTGTCTACTTACGGTGATCAAAAGTTACGGTATTACTTAGCTTTACTCAATAGTTCGTGTTCGATGCTTTTGCTACACCCTACCATCACTAGGAGGTATGACACCCTCTCGCCGCTTAGAGAGAGCTCATATAAAGTGTCCTGGTAAGCCAATATGCCCGAAACCCACGCTAGCAAATCGGAATAGCCGTTTGCGTTTACATTGGGAGACCCTAAAGTTTGATGCCGCCTCAGAGGACGGCTGCTTACTTGTCGCGACCTTGCGTGGCTAGGCAATACCTGGGAACCCAAATGATCTCCCAGAAGAGTATAGTACTTCATTTGTGCAGCACAAGTCAGGTTGGAATGGGATGCGCAACTGGCGCTACGACTTTGTTTGAGGGCCCTACCATAACTACGGCCCTACCGTCGGAGAGGGCGTCGGTCAGAATAGATCCTAATTAGGTAACAGCAGAGTTCTCCGTCACCGGGTTCCAACAAGTTTACAAGTCTAGCCTACTATTATCGTGGAAAACCAGACATATCTGTCCCTCCCAGTAACCCGGTGCTCTTATTATCACATACAACGGTGGACTTGTTAAGCCCCGATAGCGGTAGTTCTATCCTCGGGCTAATGTATACTCCGCGTGTGGTGAGAATCCAGTTGATAGATCTCTCGCCACTGTAACAGTCCAACTCCGAATACCACCCGGGCAAGGGGCGACACCTGCTGTGCCAAGAGTACATAGCATTGCGCTTTTCATCGAGAGGTAACAAAACCCAGAATAATAATTCGGG,1478,48.78,Homo sapiens
SEQ_563428,AGTTAATACGCAATTTTAACGGGACCAGGCTCCTCCGTGTAATAAACCTGCAAGGGAACGGTTACTCGGACAGTAGATAAACGTTTTCACTATCTGGTCGAGAATCCTGTCGGCACACCGCGAACCGCACGTCTTGTCCCCAGCAATGCTGTGTGCATGCCGATCGGATTTGCAAGTTTGTACGTCTTTCATACGAGACGCATTTACGGAAGAGAGTGTGTTAGAGTGGATAGTCGAGTTTAGCTCTCTCCGAGGAATGCGGATTAGAAAACTGTGTTTCAACGTCCGACGACCTGTAGAAACAAGCTCGTACGTCGTTATTCTCACCAACATGTATTATAGGATGGCGTGGCGTATATCAACTCCTGGTCAAGGCCAAAACTTATTAATTCACCAGCATCGAGACTTGACCTAGGCTAGCTTCCATTCTGAGTACGTACTAAATCTTCAAGCCAGAAGGAGTGTTCGGCTCTGGTAGAGTTGATAACACGACATTGTCGTGTTAAATATTCTACACCCCCTCTGGAGATATAGGTCGACGGGGCACACAAGCGACGATAGAAGACGGTCACTGGAGACAGCGGACTAGAATCCTCGGATCACCCTAGGTGGCAAAAGACCGCTCA,626,47.92,Mus musculus
SEQ_195223,AATGGCGAGCTAGGCGCCCATATCTGGCACTGTTTAAAATACGTTCCCAGCTGGAGCTTACTTGCTACCGTTGGACTCAAAAACCTTTATTCTGATACTCCGAGAGAGAGGGCGAGCCCGAGTTGGCACGCTGATTGAGCGGTGTTTCACTCTTATATAAGGCAGAGCGTGACGGTCCTATAAGCGATGACTTCGCACGCCCTACTAGCCTAATGTACTGAGCCTACGGCCGATATTTGGTTGGAAATATCCAGGTGCAGTCCCGGACGAGCTTGATCCTTTTGAACACTGCTGGCTGCCTACCGCATCGAGCTCTCTTAGCCAAGCACTGCATCACCGAATTAGGGGACAGCCTGATCGACTGGGATAATTCCTTAGGAGGGATGTGCAACCGGGTTCTCGCATCAGCGTTTTCATTACAGGTTTCTCCTGCACCCCAGCGAGAATAAAAAACCAATAGGAACTGTGTCATCGATCTCGGTCGCAGAGTGATCGAATAGGGGCGTGAGCGACGATAACTTTAACCACGAGGGACGGAGGGATTTCGTTAATGGAGGCTACTCTACCCTCGCGCAGATAATTGGTCTTTTCAATTACGATCGCAAGGGGCGGCCTAACCGTTATAGGAGCAGCCAGTAGACCAATGGTGGAGAAGTTCATCCCGACGATTACGGCTCACTACGTGCCAGCCCTTATAGGAGTGCAGAAAATCAACTTCCTTTCGCCACTGGGGCTTTCGTGTCACAATTCCTGCGGGTGCGACTTGGGAATACTTATTCCGCCGCATCCAAACCCAAGGCCGGAACACAGCCAGCCGATGGAGCAGTAGGACGCTAAGCTTTCCAGAGAGTCCGATACGGTGTCGGTCAGTTATGGGGGTGGACAGCAACAACTACTTGCTTTTTAGGGCTTTATTACAGTTCTAAAACCATAACGGGTGTCATCCTTGAGGCCGTACCTAAAGCTAACAACGTATGCGGAACCTGATGTTAC,993,51.06,Caenorhabditis elegans
SEQ_750646,TGAATGTGCTTTCGATCACTTATCGACCCATACCGATAAGAACGCTTAATGTACGGGCGTAGCGCCCTGGGCATCTCGTTCAGTACGTGGACGCTAAGGCGTCGGCAAGCGTACAGTACTCAACCTGATTCGGTAGACCGTACACCTTGGCTTATCCGATATGAGATGAAGTAATAAGAGCGGTCCGTCTTATCCGTTTAGTTCTAAATGAATCTTACGGCCAACCACTTCTAAGGTTATTCGTACTGTAATGTGCCACCACTGGGTAGAAATAGTTAGCTGTTTCTGCGATCCGGCAGCATCGAGGCGGGCCCCTGCGTCAAATCAGTGTCCGACCATGCACAATCTCGCCGTAACGGAGAAACCGGCATTGGATGACGCCCTACTTTACTGTCGCTGCCTTAAATGTTGCCCTTAGTATACTAGCGGAGCTCTACACGTTATAGCGGTAGCTCTACCCCCTTTGTGATAGTGTCGTGCCAGGTGAGCTGTGCGGAAGAAAAATCCGTGGCATTCTCGTATACCGGAGTAGGAATTCTCCGACCGGATGAAACTAGCGGGTCAACGCTATGCGGGCGGGCTAAGGCACTCACGCAGGGACTTCCAGCAAACCGCCACACCTACTCTGCACCATTTAAATTTCGCCTCAATTTCGACCAGGACACTTAGTGGCATTAGCTAGGCTTACGCACCAAACAAAGCGCGATCGAATGTTTTG,718,50.7,Mus musculus
SEQ_317838,CCTGGAGTCATCCAAGCCCGCGATCACTAAGGTCCAGGCACTTCACCGGGCACATGTAAGTCTTTTGCATATAAATGTATATGACCCTTTCTAGAGGGGATTTCTAGTAAGCCGCGTCAAGATAATGGGGAGTAGTAATTATTAGGTACCGCACTCTGTTGATGGGAGGATAATATTGTCGACGATTCTCGGTATGTTGCCCCCTACGTTCTTGTCAAGACCTAACTAGAAAGCCGCGGCGCACGGAGGGCGGATTTGCAGCAATAGTGGTTAGCTTCGAGTAAATAAGTCTCGGATAGGTTAAGACGCGTAAGAGTCCTTACCGACCAAATCAGTCTTAACATGAACGTGTTGCAGTTTTTTGCGCCCTGTATATGCAGATAAACTGCGTTACGAGTGGGTACTGGCTTGCGTTGTGCCATCATTGTTCGGGTTACGGACCTGAATATCTTTGGTCATATCCATGTGGCGTTCGAGTGTGCTCCGGGGGTTAATTTGGTCTCTGATTCTGAAGGAATCGGCGCTGTCCGTAATAGAGGGACAATACCCTCCAGATGCAGGTGAACTGCGTTCCTGCTGATACTATATAGCGAGGGGTAAACAGCCGGTCTCAACTTGCTAGGGTGCTTGAGGGGATCCGTCGAAGATCTGATCTCGCTGAAAGGGGCACTGTCCATGGAAGTAGCCGAACCAGCACCCATGTGACTAAGTAGCCGTCCTCGCCGACCTCTTAGGCTGATACTACTCATCTGCGTGCGTAGTTACATTCACATGAGGGAACCCTCCAATTACCCGCAGATAGGTCCGATCGCCGCCAGACACTGTGTATACCAACGGACTATCCCCTAGTGCTTACCTTCGCTGGCGGAGCGGGAGCCACTGACCGGTATGCAACTGCCAGTAGGACTATATTTCCGTCGCACTCTTTGACGCTCTCCCGCGGCCCGACCAACATTCAAGAGGCAACACAACGCACAGCTACGGAATGCTACGTCTCCCGTTTGATAGGTTGCTAGATGTAGCCTACTCTAGAGGTTGGCGAAATGTCCGATTGTAGTTAGAATACTACCCTGCCTTTACCGCACGCCCTTTCCACCTTATCATGGGTGAACGTTGCAGACCGTATTGCTAAGATTTATAACTGGTTTTTTATACTACTCCGTGAAGCCGATCAGCCTATAGTAATCCTTCTTTATACGGAGGAAGGACGATATGAGTAGTTAAGTGAGGGGGAAATAACCACGGGACGTATTGCTACGTAAGATATCTCCGTCCAAATATTGATTAGCTAACTGTTGCTCAAGCTCCAAGTGCGCTCCCTCTTTGGAGTACTCCGTTCTAGCATTGTCTGGAAACTAGCGCGTGACCCAACGTACTGGATCCCAAGTCTGCAGTGATCTCCAGAGCCGGCTATATATTCCCACGCCTGTCCGTACGCCTGCGCCCTGTAGTGTTCAAAGTCCGGAACTATCAGCGCAGGGCGTCAGTGGAATTATACGTCGAAGTTCTAGAAGGTTCCAGCCTGGTTGGCCACCATAGCGAGAACTGCCCAGTTAGGTCGAAGAGCCAGCCTCGTCGCGATCGCGCATTCCGGCCCACGCTTCTTTCACAGACTTATACAAAGAGGAAAATCTTGGTCATGATACAATCTAAGAATCTTGGCACGCTCTTGCTTGTGGGGGCGTATCATGTTCGTGGTCAGGGCTCCTCGTGTTTACCTGTATACTCGAATCCGCCCGATGAAT,1745,50.2,Saccharomyces cerevisiae
SEQ_642355,TGGCGCTCACGAACTGGGGGGATTCAGAACATATCCTCCCGCGGAATTACCGTGGTCAAACGTGCTTGGTCGGTGAACGTAAATTCACCGTATGTCATCAGATTTTCATTCCCGCACTCCCTCCCGACTCTTGTATAACGTTACTTGTTTATTCAACCGGTTTCCCCACCGGACCATCTAAGAAAGGATAAAGCGCTCCTGCATATGATTCTAGACTGACCGGCTGCAATCTGAGGCCCGAATGAACAAAGAAAGTATCCCTGCTATTGGTCCCGAAGGAGACTTCGTAATTAGGGTTAGATCGCGGGGTTCTGGCAACGTGAAGCTGTGCGTGCTCACAACTGCTCCGGGGAAATAGGAACAGCATAGTATCTCGGGACTTCACTTATCACGGTGAAAACGGGCAGGCCATTATTTCGGTTGGACCGACAAGGTAGACGAGTGGTTGGGATAACATTCGGGCATCATCCAGACCGACCTGAAGTAGGCCGGGTTCTCAGTGCAGGTAGTACGCTAGGTACACGTCTTTAATTAGCCAACCGGACCTTTATTAATCCTAGGCAAGAGGTCAAGATACCTAGAATAATGACGTATGGTTGCTATCACCGTAGATAGGTTCGTTCCATCTATGAAGACTGCTTATGTACAATTTATCTTAGCCGCTAACAGTTCCGCCGACTCCTAACTAGATTTAACTCACTCTTCAGGACCCCGCCTGAGCGCTTACCTGTTATGTGGTCCTGACGTAACTTGAACGAGAATCTGTCACTTAGAAAGGAACGCTAAGCTGTGCAACTTCTATTTCCAAGGGTCACAGCCTATGCGCGATGTACTTTGCCGAGCTTGGCTTGGCGTTACGCGTAAGAACCCATATCCCAAGACCTAGGAGACTGTGACTTGGTAATGGAGTGGCCTAGTATTTGTAGTATACTCATCCGGGTCACTGAGCTTTAGGTCCCTGCGATCTTTAAGGAGTCACACCTGCTGGATTACCCGTGAGAGACCTTACCCAGGTTTTTCGCGCGTTGTCTTGTTTGACCATGCCGTTGTGACTCATCCCCCTCATGGTAGGGGCCTCTCGGGTACTATAATCAGTCAACTGGTTGTATACAAATGACGATCGTCAATGAATTAGTAAGCCACAGGAAAAATACGACTGCTTGTAAGTAGTTTATGTCAAGATTTCCTCCACTAAAAGAATTACGAATATCGTGGTGCTTACAGCATCTCTTTTTCCTTTAGACTCGTGACTTATGAACGATTAGGCATCATGCTTCTTCGCCAAGGGTAGTAACCGAAGAGATTCCCACGACATTCTGGCCTTGCTTGTCGACTCACATACGTGATTCCTATATGCT,1358,47.5,Caenorhabditis elegans
SEQ_392125,GATGGTACAACGTGAATTTGTCTCGGTCGCAATGAGGATATGACGACGTCTGGACCCCAAGGGTAGACTCGACCTCCCTCGTATCGATGGGTTGGGACGTCATTATAATATGTCCATCCGGGAAAGGGAAACCGTCGTGGGGTGATTGGCTCAGCTTTCTGCAGGTTCCAGTACTTATTGGCCTATCTCGGAACTCTCAGTGTAATGCCAAACCGAGAGTGACCCGAGACCAATCTTTTTCTAGACGAGGGCCTCTCTCGTATTCTGGGGACCTCCCGTCAATGAATAAGTGGCGTATCTCCTGGGCGGGAAAAAATTGTATTATTACCTTGGCAATTCAGCGTCCCCCGATGGCAAACCGTTGAGCAACGCTGGCGGCACCCGTTATTCAAATGGTGACATATCGGGTCCCTCACATGGGGCTCTACGACTCAATCTATGCCCTAAACCTGAGCCAAGTAAATGAGTGGTTTGCCCCTCCATCCAGTAGATACGCGGTATAGTGCGCCGGTGGGCCCTAGTGGCCATGAGGAGGACAGAAGAATAAGAGCAAATACTAGTTGGTCGAAAACCCATGCGAATAATT,586,50.85,Arabidopsis thaliana
SEQ_322536,TACTCCAACGTTTGTTGATTGTTTAAGATTGGCAACGAAGTACGGGAGATTCTGCAGTCTCGCATGAGTCTGAAGCCGATGGTGCGCGGTACTCGCTTTCTAGATATTTCGCTGGAGAGATGCTATGTGCTCGTTCCGAGTATGGATGGCAGACGGCGTAACCCCTACAGGGTCGGCTTGGTGTACCCGAACATATCGAATACGCTCTTACAGGGGCAAAGCCCTCATTCACATCCGTCGTATTTCAGGATCGGCGCGCGTCTCATCTTTGTGGACACGACACGCCGCTACCCCGGATGCTCCAAGTAGACGTCACTTACGGACCGTTGAGGAGACATTTTCTTGTGATGATTATATCGGCACGCGTGCCGAAGCGTTTGAACGCTGTTAGGTGGTCCGTCCAGGCTACGAGTGTCGCGGCCACTACTTCCAGTCCCTGAATAGAGATAAATCA,454,52.2,Mus musculus
SEQ_918015,TATGTATCCCTTTGTTGCGTACTAGTTCCGCAGAGCAACAACACACCGCTTAGGATGGCAAGTGTTAAAGTATCAAGAGTCACGAAAGGCTGTCTCCCTGCATCCTAAAATTTCGACCTAGTATGGCCCAGTCGGATCACTGTCTACCTTGGCCTATTGGGCAACTCCCGTGTCGCTCCCGGAGATTCCCACGTAGCCGT,200,51.0,Arabidopsis thaliana
SEQ_222265,GGCCTGCATCATCAGCGGCCACATGTGGGAGCCTCGAACTAGCCATACTATTTTGTTTATACCAATCCTCGATAGGGGTCTTCGTCAGTATGTCAACGGTTGTCGACGGCCAAAGATTATTACACTAGTCATGGGCAAAGTTCTATCCTCAGCCCATTCGGCCGTTCAAAGTCCATCCAATTAGTCATCATGGTCCAGTTCTCAGCAGATGCGAAGGATCCGCCCTGTAATCATCCTCCAAATTACTCGATTGAACCAGATTGATTCCACATGGAGATTGTGAAGCCGGCCCAGATGATAACCGATCATACAATAGATGCGACCGCTCCCGCGGGTTTAACCGTCCATCTGTAAAGGCCGGTTTCGTTGTGTACAGGGAAAGCTGACGGTGTTGGGCCGTGTTTAGCTAACTATAACTGCCTTGAAAGCACATCAAGGTACGACCAAAATTCAAGATTATTCCCGAGCCGATTGGAGTGCTTAAGGATGAGGGACGCCGAAATTTAGACTGTAAACTCTGGCGATCCGTGAGGAGTTCAGAAGTTGTTCTCTCGGCGGGGTGGGCGTGTCCAGCAGCCGATACTGCACCAGATAAAACAGACGATAACCTAGGTAGGGCCACCCAGTGCATGCCTCCGTAGGCGCTATTAGGCTTGGTGGCCATGCCTTACCTGACAGCGGTATGTAGGCGGTCGCTGCTGGCAAATGGTAGGTCTAGCCTATTGGATTTCTAGCATGGTACTCAGGGAGCCCGCTAAGCCCTTGATACTGTCCTAGAAAAAACAAGCGTCGGTGGCAGCCGCAATCGGTGCGTATGGGTCAGTTGCTTGTGGACATCTATGTCTCCCGGTAGCATGCGGGTAGATTTTCTGCTGCTTACAAACGATGATATTGTGTGCATTTATCACTGCATACAAGTTCACATCCGCGCTTTTAGGCGATACCGATTTTGCTAAGGGACAGAGCTCATACGGTCAGTATGACCCATCCCAACAATAAGGCGTTAACACCCCAATTAACGTACCTACAATTTATGATCCCCGACGCCATGTTTAGCGGTGCTCCAGGTAATGGCGTTATAGATTTGTGAGGCGAACGTCACGTATAAGGACCACAGAGGCACCACCGTACATGAAGTGGTCCCGAACCCGCACGACCCCTTGAGGGGCATTAACGAAAGTTGAGTATCGGACTCGCCT,1199,50.29,Mus musculus
SEQ_614727,TACATCTTACTTGGCTAGCTTGGGCACACAATCTGTCTTCGTGCCATCCACATGAGAGTGGTTGCTCGGATGACTGTATTGTAATTTAGATTGATAGACACCAAGCACATCGTCAGGCGGACAGCGAGACGAAGGGCGACTAGACAGGATGTCTATCATCTGTGCTCAGGAGGCTGCTCGGTATGTCTTCCATAGCAGCACTCATATCATGAGAACGCTATATAGAGCCCCGAACGGGACCCAGAGGTTGTGAGACTATCTGAAAAGATTCAAAGAGGTAGGTGGGGATCACTAAGGCCTATTTACATTCCCGGGTCCAGTTGTGGAATCAATATACGTTTACCCTTGCCCTTCCTTCAAACCCTCATCGCAGGCCCCCGGAGGAGCAGTCGTTAGGACTCTCACAATCTATACGAGTGTACTGTCTAGTAAAATGTGGCGCTATATCTACATGGGATGCCCGGTACGTTTGGGATAGGGCCGTTGACTATGTGTGCCCTCTTTTCACACAGTCGTGCGCCTCTAGTCCCTTAAATAGCGCGAGTCGTACACGCGACCTGTTTATTGATTAATTACAAGGCTTCAGTTTGAGGATAGTAAAGCGCACACGCTGGATTCCCTGGCTATAAATTAATACGAGGTGTATCCCCAGAAGCGGTCCTAGCAGTACAATTTAATCTCATGGCCTTTTGACAGTACCTCTCGCATTTGCTTCGTGGATTCGAAGTTGCGGGAAGCTCTGGATGTATAAGAATAAGAAGCACTGTACGCGCATCATTCGGTTCGCCTGTGGAGCGGGGAAGGACGCGTATGCGGCATGAAATATCCGACTGCCCTGAAATGTCCCCTCGCGCTAAACTTGCCTCCCCCACGGTAGTCGCTGCTACTCAGAAACAGATTTTAGCGATCGGGTTCCAGACAGTATCAGTAGTTCTAATGGTGAAGAACCCATCCAATGACACCAGCTGGCAGTGCGCGGCAAGTAATTCCTGAGGAATTACGTACCTTCGACCGGCAGATACTTAGAAAGCGCCATCGTTACCCTTCTCACATAGGCTGGCGCCTGATGTACCTATGGAAACAGAAATGAAATTACGATAAGTCGCATGCCCCGCGGAATATCAAGTGCCTTCCATTGTGAATCCCCGGATCGCTTGGAAGGGGAAACTATCCTACAATTAGGGTATCTGAGCGCGAAGGTTTTACAGGTCAGCTAGGCCCGCGATATCTAATTCTATTGACTACCGGGTCTAAATGGTCTACGTCACCCACCCATCCTCGTGGTAGTTTGCATGACTGAAAAGTAAGTCGCGGACGATGCACAGAGATGAAGTAATTAGTCGGCGAGAAGCTGTGTGTCGCACCACAAGGTAAGAGGCCGCACTTGCGCTAAACTCTCGGAATCCTATAGTTGTTCACAGGGACTAATGACACATTAAATGGGCTACAAGAATACCGGACGGGACCAAGGCAGGCAATCTTGAGAGTTCGTAAACGGTCACGCAGAGAGCAACCTTTTTCGACGGCGCCACCTTCATCCCTGGTACCATGACCTACAGATCTATATCC,1569,49.33,Arabidopsis thaliana
SEQ_493430,GGCAACGTTCTAACGTGGACTCTACTTTCCATTCTTTGAACACAACGTTGTGATCACCAATCTTTGGGTGGCTAGATTCTACTGACTACTCTGCCCGCATCATACCGTAAACTGCACAGACCGAAGAAATGCTCGTCCATTACCTGCTGTGGGCTCTCCTATGATATGCTGGGACATTCGATGGAATCATGCAGGTTGGGTGAGCATCCCCGCTGTTGGGCCACGCGGCCTCAAACCCTCACACTAGCCCTACTCCCCTGACACCTGTTAGGGGCCCGAAACTCCCTTAGTAACAGGCGGTACCGATTTCACTCCGTTCGTTCGGTACTGATTAGGGGCTAATGCAATTAGGGAACCAGTGCCTTGAGGCTTTTGGACAAAATGCGCTCCAGGCCTCATCAACGAGTGAAAGAAAGCTTTCTCCGGCGCAACTTTGTAACCACCCGCTGAATGGTAAGATACTAGTGAGCGGTTTTAAAAGTGCCCCAGTTCCTAAATCTGTTTCATCTGATAACAGCCTAACTTACAAGCGTTAACTTAGATATTTGTGACGCACCGCGCCACTGACTTCTCTGCAAGCTCGTCAAAGCCCCCATACGGCACACGTGTGAAGATCCCCCAGCCCGGGGAGGGATCCCTCACAAGTCGTCGTAACCCCCACGTGCGCTCTAATAGGTTGTTCCGTAACCCGCCGACTCTTCAAGAAGTCCTGCATTAATTATTCAGGGACTGAATGCATTAGTTAGAGACTCTCGCAGCCGTTCATATAAATTTAAAACTCCCCGGTGTCGTGCATCAGTTCCCAAGCCAGCGGCTCACTGCCTGGGTTATCCGCAAGGATTATCCCACCCAGTGTGTGGTACAGAGCACTGGTGTCAAGCCACATTTACGTAATCGGTCTTCACCGTGCTTTGTAGCGACTACGCATTTATCATACTGCTGAGATGATCGTTAGCCGACCTACGGTTGTAATAGTTGAACTACGGTTCAGTCTGTTAAGGTGCATACCAGAATGTGAGGCTTTGGGGGATTTGTAATAGCGCGGTGGGGTGCCTGCGGTCGCTGTGGTGTTAGCTCTACAAAATCTATCTAAATCATGATTGATACAGCGCCTAGCGACAAGCCTATGCCTTCCATCACATCAGATACGTACGGTGCGAAAAAATCCAACACTTTACTGCTCGCACTGCACATTATCTCGCTTTATTTGTTCCCAACAGTTCTTGAGGGTAGGTCTCCCCATGATTGAGAGACACACTGGAAGTGCACCCTTTGGATGCGGCTAATCGCGGTGGGCAACATGCCCCTCAAGGCGGCCTCATCGTCGCAATATCCCGTGGGGGTCTTACAGCTCAGATAGAGCCACACTCCACATGGTGCGAAGTCCATGCGGAACGGGCGTTCTATCCGATCGCTGAGATTGCTTAGTGAACACAGGCTTTGCACTTCGTGCTGGAGGTTCCATTGGTGCTTAGATTCGTTGACCCACAACTAAAATATAGTCTCGGGTCGCGAAAAGCTCCCTAGTTGTTAGGCGCTTAACATGAACAATATAAGGAGGAAGGCTTGCGGTTAACTCTGTTCTTGTGATAACATGAAGATTGAGTTCATAGCCGGCACGAGTGGGGTATCACTTACATCTGGACCGCAGCAGACACTGCGCTGGTTCGAGTAGCTAAATAATGCTACACCCTCGCGCGCACGCTCTGCATTCTTCTTACGCTGATAGGGCGGACGCCGAGGGCCGACTCTAGGTCAGAGGATCGACAATGTCAATGATCGCCGGGAGTTAATTCGAGAAACAACTTAGTGCCAAATGTGAGTGCTCGTGAAATTGTCACTGCGCCAAACATACGCTTACAGTGGACGCTAAGAAATTTTTAGCCTGTACACATAACTAGTAGCGGTCGACCAACTTTCGTCCATGCTATTCTGATTCGGAACTGGACATCAAGGAGGGGGTATCGTGCCAGTAATCTAA,1981,49.97,Arabidopsis thaliana
SEQ_924903,AGATCCTCGGTTAGGCGGAACCAGTGGATGGTATCTCGGTGACTCTCAACTGAGACTATAGCACTGTTCATTAAAAATATCTATATAAAGAGCCACA,97,42.27,Homo sapiens
SEQ_843352,AACATATAAATTTGGGGCAGTACCCCGTGGCTGCCCGTTGCACGCCCTCGTCTATTTACTATCCCATTGTGGGGCAGCCATCTCGATTCCCGACCCATCCCGGGCTCATGGAAGTTTTGAACTCAGGAACTAAAGCAACTGTAGGAATCCGAGTTTTCACGCACGGCGGATCAATACAGTCGTCAAGGCCTGGTTTGGAGTGTATCATCCAATATAAATGCTGAAAAGAGATAGATTACAGGACAATCGCATCCAACGATAGGTTCGCGTTAGATGAAGAAGGATGACGATAGAGCCCTCACCGGCGAACAGGTTTGACAAGAACAGGTAAAAAGACTACAACATATCAAAAGAAGCACTGTCCAACAGGCGCTCGAGGGCGGCTGCGCTTTTATGCAGATACGCCACCTCGGACCACACTATTGATACATCGCCCTCTACATCAAAGGTGAGTTGGCGTCGCCGTCCCCACACCGGCCGGTCTAGGTTGAGGTTTGGCCTGTCATGGCTTCGAAAGTCTCAGAGAGCTAGTTGTCAGCGGCGGTATCGTACTGAGTACAACTCATGCCGTGATATCACACCAAGTCCCTATTTGAACCTTACTCCTCTGTATGGCGGGGGACTCAACCTATAAGAGCATTAGGCCGACCAGAAATCCTACTCAGCTAGCGTATCTAGGATTACGCAGCCGGGTATCGAGGCAGACTTCTGGGTGGTTGTATATACGACTTTTGGAGGCACACAGCTTCATATTCAGCGATGATACGCTGGGCGTCTTGACGATCGCTGTGGTCGCTAGCCTTTATTTAACCGATGTTTTCTGAAGTTGAACGGGTGCGGGGCCTTGACGCCTAGATGGAGCTGAATGCACATACTGTGACGTACGTTCAATCTCGGCTAAGCACACGGTACTGGCGCCGCCGGCATACATCAGTCGGTATGATTCCAATTTTGTTACCTTGATACATACGGGGTTCCATTATTGTCTAGGAGTGCAAACTGGAGATTGACGGACACCGTCATAGTTAGCATGGTCATTAAGGTA,1045,49.95,Mus musculus
SEQ_538127,TCGGCCCTCCTAGGTTACGCTTGTCGATCACAGTGTGGCGCATAAGTGTAGAGTTCTGAAAACGAATTCAAAGATTACGATCCAACAGCATGCAGCCGCTCCGAGAAATGGCATACCTATACAAACGCCGATTAGAATTCGCGACGAGATCTCCAGCTCAGGGAGATATGTCCCAAAACTCACCCCCACCAGGACGAAGGTCATCACTTAAGAATTTGCGGGTCCTGAAGACCGTCTTGTCAGTCAAGGACCTTGTACGTAAGACCTCTTTGATTACATAAGCACGTCGGTTACACCGCGCATTATAGCAGGGTGGACTTGGGATTACCGCTTCTACCCGCAACCGGCGCGTGCCACACGGCCGCTGTACTGCGTTGCCGCTATCAACGCACGAAGATAGAAAATCCCTATGCAGGGGGCGAACTTCTAACCAGAGAACAACTGAGACTGTCGGCAGATCTTGATCCTGGAATGCTAATTTTCCCCTTGGTCTGGCCAATGAAGCTTCTATATGACACGACAGTGTCTTGCCCGAAGTTGAATACACGGGCGACGGTGAGGGGGTATAGCGCAGGATGGT,580,51.38,Homo sapiens
SEQ_972782,TCCCCGAGGAGGAGTAGTGTCGGCTAAGTTGTAAAGGAGAGCTAGATACCAAACCC,56,51.79,Arabidopsis thaliana
SEQ_819712,ACCCTCTGGAATGACGCGTACAAGATGGCAAAAATCTTACGGAAAATTGTCTTCGAGATATGTCGGCACGCTTAAAGCCCTTCTTCATCAGAGATAGAAGGTGGTGCGGTTGTCGCGGAACTCCCTTTATCATGGTACAGTACAGCCATTTGCCGCTGTTACGAGAATCTCGTTCCTTCTCGTTTGTTAGGTTTAGAAGAGGCAGCCCCTGTAGGGCCTTCCGCATGTGCACGCGGATCTCAGATGACTGATCAGAAGCAAATATCCCATGTTATCGGATCCTCTCCTTTTTTCTAATGTGTGCATATTCTTCGGAGGGACTGGCACCGCTTGATACCCGGCCCTCCCAACTCGAGGTGAACGTAGCTGCTAAACAAAGGGGCTAGGCACACTAGAAGCTTGAGTGGCCGACATTGATGCATGGACCCAGGAAGTAAGCCTAAGGCATGAGATTTGCCTCTCCTGAGACAAAGCTGATGTAACAAAGTTTTTTACAGCCCCAAAGCCCAGCGTCTCATCGCGTTTTTGGCCGAAATGCCAGATGCGCGACGTAGTAGACCAGTGGACCCGAGCCTAACGCGACCATATGGATAGTCGAAATGATTTGATATTACGAGTTCGCTGAAGGTCTTGGTTTGCTCGAATTATACCAATTCCGGTAATCGGTTGTCCCGGGTAAGTAGGAGACGCCTAAGTGTAATCCAGACTAACCACCAAGCAGGTAACCGCGAGCCCGGGGTGGCAGAGCCGACTGCAATGGGGCCACCGCTCGTTCCCCGTGCTCTTCTCGCAGGGGCGAGCAGGGTGAACCGACCGCACTCTTCGCCTCGAAGAGAACCAAATCACCGTCATTATTGGTCTTCGGAGCTCAGCATCAGATGTCTGACGATACTCTCGAAGCCAATACGGGGCCTAGCATCGGATTAAGTATTAACGCACCTAGGTATCACCGGACTACATGGCATAAT,968,51.14,Arabidopsis thaliana
SEQ_816684,GTACTGGAAGTGCTCTACCAGTTCGGTGAATTGAATTCCCTTGCTCCCCGAAAGCCTAGCTCAATACTGAGTATGCTCTCGCCGAGAAGGCTCCTCATTTAAGTCCTCCAGACACAGCCGAGAACCCTATATTCACGCAGTCGGGCACCTACCTCCCTTGAGGACCTGAAAAGTTACGTATGTGCCATTCTCGCACCACAGTCAATACCCGTGCCCTAGGCCCGAAGATTTATATGGTCTAACCATTCGCGATCGGAGACATAACCAAGAGTCACTC,277,50.9,Arabidopsis thaliana
SEQ_721577,AAACATTCTCCCTCGCCATTACATATGCCGTGTAAATGCACTAAGTATCGAAGTCCGTGTATCGTGTTAAAGTCTGTTGAATCGGCAACAGTGATCTACGTATCCCCTCAGTCTGACCGAGGAGTAGGGCCCAGTTACTATCCGTCCAAGTTACATGCGGCCCAAACCCGATCGAGAATACTGGCATGTAAACGCGCTCTGCCTCATGTCAACTATAATCTCCAGCGGTCGACCGGACCGTAGGCACCGCTATTAGCGCCAATCTATCCTAAGAATTCCTTCGGGTTTGAGGAACTTGACCCCATTCCGCGCGGGTTGCAGTAATTCCATCACGCATTAACGTTTAATGTGTACCGTACGGCGGGGCAACTGGTTCGACTCCCGACCCTGGGGGCGGCTGCTCTAGTCGCTGAGTACACCGAAGTATAGTAGAGGGTATTTCGGCTGCGTGCCTTCGGAGCCGTAGTACTCGACTGTACACGCACCTAAGGGCCATCCCACCAGTGACTAGCATTATCTACATGCCAGCTTTCAATCAGCCGGCACCCCTAGCGAGGAATCGGCTTGGTAGGGTCGAAGGTCCGTGAGTTCCCCGGTCTAGATTGGCCTAGATTTCAAAGTATCAGTTGGATCCGGAAATTTACTTGGTCGGTTCAAATAACAGACCGCTAGCTTACGTACACAAGGTAACAATTAGTTTCCGCCGACTCGCGTTACAAGATTCGGTGTCACTTCGGTCGAAAGGCGCCTTTAAAATAGACCGTTTTTATGTGTCCACTAGTGGATGCATTACCTTAAGATAATTCTCGAAGGCTTCATGGCACTAGGTCGGCAAGTCTCCGGCAACCGACAGTGAGGTGCGGTTTACGCGCCCAAGAGTGATCATGGTCCGGCCACAATTAGAGTACACGGGACAACCTGACATCTAGTTAGGCGCTTTGAAGCGGAGAAGCCAGCTTCTATATGTCTGGTGTATGGGATTCACAAATTAGAGGGCATTACACTCAACCGACTATGACAATTAAACTCCAGAGGACCGTCACTAAGCCGCGCCGGCGGATCAATAGCACCTTACCTGGCAAGGCAATAAACCGCGAAAACCATTCCATTCTTGCTTAGCGCACCCTGGAAAAATTTGTGTTAGTTAAGCTACGTTCCAGTATTCCGGCAAGCAACTACCTGATCCTTTCAAACTTGAGGTGATCACCGCATCACAAGACGAAGAATCATGTGGTCTCTATAATTAGAAAAAATTTCATCCTCGACTGCCACTGGTGTTTACAGCGTGCTCCAGCCGGAGGCACGGCAATCGCGC,1315,50.11,Drosophila melanogaster
SEQ_622010,AAAGGGTGGTTCTATTCGGACCGAGCAAACACACGGGACACCTACAACACCATATAGGGATCGTCATGTTAGTCATTTCAGTCGTTCAACAACAGCGTTGGACGGTCGTCAACGCGCAACCGGGTAGGCCGGATTATAAACCGTTTAGCGCTGGAGACTGCGGGGCGCTGTCGTGACTGTTGATTACCCAAACGAGGTATAGCCTTAGTTAGAGGCGGAAACCCAGTCCATAGGACAGAATACGCAGTTGACTAGTTGGACGCCATATGTGCCTCACGTTCTTACACTAATTGGGTTTTTCAAAAGTATGTCCGGCAAGTGTACATACTCAGAGATTGGCAGAACGTAGAGTGACCATCTGCACTCAATTAAAATGCACAGTGCTATTAGGCGTTATGCTTTTCCCTTGTTTCGTGTTATCCTCGATTCAGCCGGTACTGCCTCACTTAAGACTGTCATCTCAGCCCGCGGGACGTCTCTAGTGAATTTAAACTCCTAGTACTAACTGGAAGCCTAGGCGTGGCCGATCGTTGTGAGCTATAAAGTCTCGTTTTAACCTGGATTTGAGTACTCCCTTCCTTGCAGCTCGCAAATGTTTCGGACCATGACAGAATCATCAACGTCCCGCACCCCCGTCGTCCATCGTGGAGTATATCAAGCAATGCGCCTTTAATTCTTTAGAACATTACATACTACAACCCTGACGCGAACCGGTAACAAGTTACGCCCCAAGCGGGGATCTACGTTTGCTCCGTATGGGTAACCATACACATTGCGTTTTCTCCATAGGCAATTGACGGAAAAAAGCAAGCCCCTACAACTTGTTGTACCTATTGACATGATTAAGGACCCGCCCCTCTACGTACTTCCCAAGGGTTATATCGGAACGCTCGGGTCCCTTAGGGATACCCTAAAAATCAGGGCTGTGCGTCGGATGCCGTCAAGCTGCGGGGAGCGTTAGTGGACGAGTCCCTGCTGCCTGCTCAGTGGGGAATCTTTTTCAGCGTTATCTGTACTTCGATCGGCTCCAGGTCCCTTAGGAAGATACGCGTAAGTAGCGCTTGAGGCCGAGCACCTCTTCATAGTATAGCATAGCGAAATGGGCAGTGCCGGTGTCGAAAAAGAATTCAGTATCCAAATCGGGACTCCTTCTATGCTGGCCCCTCATTATTTCTTGTAAAGGATGGAATATACCACCTCGCTAAGGCTACCTTGTGTTACGCCCGGGTAGCCCTAGAGAGATACGATTGCCATACACAAGTTTAATCCCTGCTTAGTGGAGTCTGTTATAACATTAGGGATGCGAGTGTGAGAATCACATACAGGATTCCCAACGGATCCAGCATGTGAAGACCTGCACTAATGAGGATGTGTAGCGACCTTGCGTATATGTATATGAGATGTCCACTTTCGTGCATACTCGCCAGGCTTATCATCGTGTAAAAGAAGTAATAAAATATTCTATCTAGCAGCTAAGCCTCACACTTTGCCTTGAGTAAGTGTCCGTATGAAATTTGACTAAGCCCGGCCAAGAAGACCTCGGAATACTCGTCCAACACTATAAGAATCTTAGATGCATATTTGGGCTGCGTGTTTGTTTAATAATGTCCTCGCGTTACTGATGACTCACAACGAACGTGTCTTTAAGGTTAAGACTGTCCCTTGGAGACATCAGAGTCCCGACGAAATTTTTGTGAATGCGAGCGACTGCAACCGCCAACATAGCATTGACGACCTTTTTGCTGTCTTCATGATAGGATGAACGCTAATAAAGATAGGAGCCTAAGTTTTGAGTCGTTGCGGACAATGACAGTTTGACCTTAGGAGGTATCAAGGTTTTTCGCCTGGTCGAGGCATTACAGCTTAGTACGGCGTTGGCCGAGCCAAGAGAGTGTCGAATAAGTTTCAG,1909,47.51,Escherichia coli
SEQ_852808,CGGTTCGCAGAATTATATGACCCCGGGGCACAGGACACACACCAGTTACAAAAGAGTCTGCGAACGGCGTGACACCTAATATCTCTGCATTGAACCAACTTTCATGACAAGTATTCGACGGGTAGCTGGGGAACCACGAAGGTCCTTTAGCCCTTCAAGAGGTAAATTCCACACTCCGATTGCATAGTTTGCCCCGGTATATTAGTCATGGCCCCGTCCGGGTTGGGGAGTTTGTCACACGACATGAGCGTTCGACGTCGTAAGTTGAACAACGGCGGTGGCATCAGGCGAGCAGGGAGTTGAGTGTCGTGGATGTGACTTATACATGCTGTCGCAGGGAGCCATGACCATAAAACCTAGGAGCGTTGGAAGTACGAGGCCATGCGTTAAATCCATGGATATACTAGTAGAAATTCGCACAGGAGTATACGCTATGGAGAATAACTCTTCAATACTTAACGCGATGTCAGGCCTAGTACCGTGAATTCATTGGCCTCTGTAGAGATAGCTGTTTTCATTGATACTTGGAGCAGTCGTTTTCCTCCAATAGATAATTGGAAATGCGACCAAAGTGCGTCCAGATGTGAACCCATCTAGAAATAGTCGTCTTACCCCCACTAGTCGTATCACGTTTCACTAAATAAGGGCAGACGGGAACCGAACTTTTTGATGTCAAGAACGGACGGGTCAAGTGCGTCCCTTCCCCAGCCTGCACAGTAAGATAATGGCTAGCCTAAATTGAGCTTTCTCACTGGCTGACACTTGTCCGTCGCTGCCCAACCCAGTCAAGGTTTCGGGTAATAACTGCTAATAGCCTGATAGGCAGTAAGTCGAAAGTAGGCGTCGGTGGCAAATTAGTGCCACACATAAGGTAAAGCAATAGCTAAAGCTACTGCGGTTTTCCTGTCTAGTCTAGTCCGTGCACGAGCACGGCGGTTGGTCTTGTTCCACGTGAAAACTAAGTCAGTGTCATCCGAGCATTTCCAAAGGGTTAAACTGTCAGGTTGTACTAGTGCAGGCCCGAAAATATCGCGCGGGCTGTCCGCGCGGGACCGACACTCCCCGGATTTGATTAATGACGCAAATGCAGAGTCTGGCAAAGGGATCCTCTCACGTATAGAAGCGCGTTTACCTTGGTACATGCATGGTATTATCTATCGGGTAACGTTCGCGAACGTTTGTATACGCCCTCGACTCTACCACACACCTATAATACATCCGGGTGACTCTAGTATATCCGTGCTAGACCCAGGTTATCGACGGGTCGAGGCACGTCTATACTGGGAGA,1288,49.22,Homo sapiens
SEQ_141808,GACGCCGTTTCATACCCTTAAGCAAATGGGTCATTAAAGCCGAAGATGTGCTCAAGCGATTTCACGTTCTAGTGTTAGGGTGCGTACTCCGCCGGAAATTGTCGGGTTAGATCCTAGTCTGGGCACTAAAACATAAGCCTCAAGAGGGTGTCGCGCATGTTCTTGGCGCCAACTGTGACTATTCGGGGGAATCACCATCCTCGGGTCCCCTTTCATTAGTTTTGCGTTTGGCCGAGGAGTATCGGCATTCCTGACAATTAGAGATTAGCATCGATATCTTCGTAGGCGGTTCACTCGCAGATTCAAGTACTACTTTTTCGGAGAACCAAGACAGGCGTATACTCGTCTCCGAGGTCGATGGAGCTCGAACGTCCAGACGCAAGCCGTTCAGCACGCGTGGTACAAAGTTAGGGGCCGGCTCGTTGCGGTTCGGCTATGGACATGAGATCCAATCATTGACTTAATGGATTTAGTAAGACTTCCCTCGATGTAAAGATGCGACTGTCTCTCTGGAAACTGCAAGTATCACCTTGGGTGTTCTATACTTTTCTATTGTACGCTACACGTCCTGCCATGGTCTTCGGGCAGATCTGGTCAGTAGAATCTCGAAAAGAATTGGCAAACGGATATTACTTCCATAATCCGGAGAAAGAGCACCAAAAAGAGCAACAGCTATTGACGTAGTTCGTAGGATGTGCGTGGGCAGCCTGATTTCTCAGAACGAGGTCTGAGACGGTATCTCACAGTTAGTTCAGGTTTGCTATTTATCATGAACTCCAGAGACGCCCCTGCTAGGACTCTGTAACGGGTTCGCGATTCGAGCCTCCACGGGACCCCATCACAAACTGCAGTCCTGCAATCTCAGCCAATCGTACGGGTCGAGGGCCACGAATTGCTCCTATTTCGAGCAAGAGAGCACTCGTGACGGCGGTAAGTCGCTCCAACTAATTGGGAGGATAGGATTTTTCTAGCGATCTTCTCTTCCATCTCCATCCAAGGCCCCTCGACGCCGGACGAGCGCCACTATCTCCCGTCGTGGCTGATTCTCTAATTTCCACGATTCAAAATACTCTTGGCGATTCTTTCGGTGGGAAATCACGGGAAGCAAAGGTTGTTGAACGCCGTGCAGATTCAGCTGCCCCGAACCCTGGCAAATGCGCAATTGTTATTAGGTCGTGGTACGACTTCGCCGGTCACGGTAGGACCGTGTTAGTAGGCAGGTGGGCTATCCGCCTGGAAAATAGAGTTTTGAATAGGAATTGATAGCTTGTTTCCCGCGATGGGGGGAATCCTAATCACTCGCCTATAGAGCATTCGTACTGGGCGGACCCTAGCGCCTAATCGCTAAACCGACGTCCTGGGGGTTCTAAAAAACTGTGCGAGTTCGAGGAAGGACCCAGGCTTGGTGTAAGTTGATTTACGCCGAGCGTCCGGCTTGTGGAGTGTACCTCAGTTTTAGGTAAGGGCCTATCGGCCAAACAGCCTTCCTGCTATAATCCGCAGATCAAATCAGGTGATATTCTCCAAGTTGATGTAG,1537,50.36,Arabidopsis thaliana
SEQ_372272,CACCTGATTGCCTCTGTGTCTCTGGAGCACCCTGTGACGTGTACATTGACAGATGAACTAACATTCCTAAGAGATCGTACATTTCGCACGTGCCCATATGTGTTGCCGCTTCCAGAATCGGAACCATGTTGGAGGGCCACGACGGGTGCGTAAACTGAAAGACCTCACTTCTTACTTGCTTTTCGGCTGAATAGGGAAAGTAGATGAATAACGGGTGCAGCGTCCGCCTAGCGACCGAATTAACTAAAGAGATCGTCCTCTAGGCAGCGCATGATGCATGTTGTTTAAGGCAACCCTGATTAAGTAAATGCTGGACCCACGTTCCAAGACTCGGCACCTTCGAGGCTGTCGTTAGCAAGATCGTATTTCGATGCTACCCCTTTTGGTGTGTCATCACTATACAGCGGTCTTGTATGATTAGCCCCCGCAAGTGCCGTGATATGCTAGGGGTACTTGGGGTATTCGTGCTACAGTGGACAAGGTGTTTATCTCGTGAGGAGCCTAACTATTTGCGCGCACGATTTCCCAGAGCGTCAGTGCGCTTAAACGTTTGTTTAAGGCTTTCCCTTAATTGTTCGTCTACCAGATCTTAGGTTCTGCGGCACTAGTGTGTGCTCTAATTATGGTCGGTAGGCTCTCGGACGCTCGACGAATAACTTCACGTTGCTAAACCACTACGCAATCGAATCGCAGCACATATCGGCCAGTAAACCATTCATCATTTGGTGGTGTTCCCCTCGGCGTAATAAATTTGTAATATGTTTCCTAAGAAGCGAAGCACGAAAGGACGGTAGTCGCGATACACAGGCACGATGTGTGAATGGGGCACAGCTTAAGGGGGTCAGACTAAATGTTAGTTATATGCTGCAAGGCCCAGACCCTTAGAACGAATCGTTTTAAATATGGGATAAAGGGTCCGGCTTCGCCTAATTAAAAC,937,48.13,Escherichia coli
SEQ_530370,CCGGCACACAATCCTGCAGCGGTTAGCGCTCGGTAATCGATATTATCGGACTACGGTTTGGAACCTTTCGGGGAGGTAGACAATAGTGACTCGCCTTCCCACTATAGGCTTAAGCGGCGATAGCCGTCTTAACCTACCCCGTGTAGATACAACCCCTCGGTATGCGTTGACAGCTTCATCGATTACGGGATGCATTGTCCCCTAAACTTACTCATGGCGGACCGCTGTTGTCTGGTATTAAAGGACACCCCGTTTCTGCCGAGATATGTTTGGTATCATCTAGAACAATTTACAAGGTATGTTCTGCTCAACAGACCGCTGTACCCTGGTGCGGCTGACGATACCCCACAATGGACTCACTGACTTCGTTTCCTACCGTATTCAAAACCGAGTGATGGTTGAAATGTAAACGGGCGGTTTGTGTGGACCCAAAGGCCCAGTTCTTGACTAGTTAGGGAGATCGTGCGCTTGCGCATAAAAACATCACTCCCCTGGGCGCAGTCGCGCTCCGGAGGTAAGCCTCATTGGATATAATTGTAGATGCGCGCGGGACTCTCGCAGCTGCAGTAGCTAGACTGCGGTCGAAGCCACAGGGGACGCAGACAAAGTTTTCGCAAGGGATTCTGTCCAGTAATTCATTCTGAACTCGAAGGTTATCCGGGCGATCTTGATTCTTCCTGGTTGGAGCTCCAAATTGTCTTGAGTTGTCGCAACTGATAAGAAATAAGAGAGCGTTGTGAAGCGCCACGTATCAGGCTAGTGGCCTTTCCGTATTAGATCTGACGACTAGTTTTCTTGCCTCCGACCTTATGGGACATAAGATTCACTCCACCTAGGCCGGGAAATATGTGTGGGGGTCGAGCAGATAACGCGTTCCACTGACTATCCTTTACAAATCTCTGTTTCTCCAACCCGGTCAGCGTTATCCCTTTCCTGCATTAGGCAGATAGCGCGGTTAACATAAATTGCATGATCTATGGCTTCTAGTTGCGCAGACCAACCTCGGCAGCCCTGGAGGTAACGCTTACTGACCGAAATCGTTCAACTGCTCCGGTGTGTTATTGGACCGGTACAA,1075,50.23,Caenorhabditis elegans
SEQ_534242,TACACTCAGGAATGCCCAACTGTAGCGGAATTAACCCGCTGCTCTCAGTATCTTCAATCACGCCTGTCTCCCAACTTGCCAGCTGAGTCACGGTTGGAAGTATACACCGAAATAGCGTGATAGGAGAGGAGTCGGTGAGCTAATGCGTACCCCAGCCCGGCACGAATGATGATCTATACTCTAACCGCATCTTAGGTGTTCGGACAAAGGATCAGTGACAAATCGATAATGGCGACATACAAAGTTGTTCGACAGGAACTGATGAACCTCATATTCGACGATTAATGGGGACACGAAAGTATAATATCGTGGGTAGACTTTTTTCTCCTGGCGGGACTCCTGATGCAAGGGGGCCCCACGCGGTACGAATCGGACGGATCTCGAGGTACAAAACTATGTCGGGGTGTATTAGTCCTCGGGTTTAACCCAATTCTGTCGCCACAGTTTTCGAACCCCCGAAGCGCCATGGTGCCTAAAGTTCAAAGAGCGACACTCTACACAACGACGAGGACTGGTTTGCACGGGGTTATAGGGACTGCATGAGTGGTTATCGGAATAGCCTGGCCCCAAATACACGTGACGTAGACGGTGCTCGCATAATCTCTTGAATATCGATGTTACC,622,49.84,Arabidopsis thaliana
SEQ_887819,TTGACGCTAAAGGTATCCCAGATAACTTCGGGTACATGTGAAATCCAGCCAGTACACGCAGAGTTCAGCGGAGGGGAATAGAAATTTCACGGGGCTATGCTCGTTGTGGATTCTTATGGCATTAAGAGATTGAGCGTAGACGCCTTTGCCTAATCTAACTCCATACCGGTTACCTAACCCCGCTTCGCGTCCCTGGCCCACATGGCCACGCGTATCGTTGACGCGACATAAACCTTCCACTGGGATCACGTCTGGACTGTCGGATGGAACAGAATACCTCCGCTACCACGGCCCTAGCCCTATAACACTCCCGTAATTACCAGTAGCCATCATGGAACGCCTTGCTGACAATTTGGGACTAACGTAGACCATCAACTTTAACGATTAGAGTTGAGTCAAAGATGACGAGTTAAATCTCTTCACTCCGATAATCCTGCAGCTGCTTCACGAAACAACAATGAAGATTATGATTTTATCTTTGGGTCAACCCATAGCGTTAAGTACTTGCATCAATCCCCCGCCCTGCCGGCTTGCCTGAACATATTATGGGAATAG,555,48.11,Caenorhabditis elegans
SEQ_332396,GCTATAACCTTGCGAAGAAGAAACCGCTACTAGGCAAGGACATGCCATAGCGACTCCATAAGCCAGCTCACTTAAAGTTTGTAGGAGGTTAGTTCATCTTCGCAAACGGGTCAATTCTAGTCTATTTATCGAGAATGAGTTAGATAACCAACAGGGGTCATGCAGGAGCTCACCACAAACCCGATTGCGTGGAGTCCCCTGTCAGCTCTCGGGGGCAGCAGTGTCACTTACCCCCCCTAGGACGGGCATGACATCTGTGTTGCCCTTGCATACTTGACTGATATCCCTCCAACGGAAGCGTTACAGGAACAGATGGAACCCGGAGGCGCGAGCTTCGCTGACTGATAGTCTCGTGTGGCGTTGTCGGCGGGAGCAAGTCCGTGTACACTCACGGCTGGGATGGGTCCATATGTATCCAATTGTCCCATCTTAAAGGGCATTTCGCAGAACAGATAAAGCCACATCTTGTGGCTGTAGGGTCTCAATCTAAACCGGACTTCTGCATGCGATCCTGCAACGTTAATATACGTGAATCACGGTGACGGCAAGTGAGTCCCTTTTCAAGGCCCATCATTCGTAGCCCGGATACCATTAAAAACCGCACCCGGCTGGATGCTGGAGACTCTAAGCTATAAGGTTAAGCCATCGGTATCCGTCGACCCGTTTGCGCTGTTGCCGGAGCTTTGCTGGGCTGCTGATCTGAAGCACTCTTTCGATGCCCTACTATTGAATCAATGGATTGTGTAGATCGGCTATGGCTGCTCATTGAGTCGGAGATGAAGGGGGCTCAGCAAAGGAGCGCGTGCTTCATGGTCCCCCTTCACCAGACTCCTGCACCAACCGAAGCTCGACCCACAAATAACCGGGCTGCCCCGAGATGCAAGTATAGCACTGACACGGAACCTGTACATAGAGATGATACCCCGGTTATACAAACCGATAATCTTGCGAGTTTACATACGGGTCCCGGTGCGTCTTACGGTGTGTACCCATGGGTAATAGGTGCAAGAGTTATCTTCACACGGTACATGCCGGTTCTGCCTATCAAAATCGGGATAAACTCCCGGTAATTTGGGGTTCAAAGATAGTATCGGCATCCCCCGCTGTACGCTTTAGTGTCTGTGGGAAGCACAACACTTTATGAAGAAGTGTCCCGAGTCGAATTGATATGTGGCCGGAGCCTTAAGCCCGCTCACTTTCTATTAGCTACGGACTCATAGGGACACCAATCTGAGCGCGGTGGCCCACTCTAGGAGTGTAGAGGCGACCTTCTCACTGGCTCGCGACGTTATGCGAAGGAGCCTTGTATAAGTTCATACCTTTTGTTAAACCCGCTGGGGTATTAGGTTTGATGTCCGCCACTTACTGAAGCGACTTTCGTACGTTCGTGTCACAGCGGCGGTTGTGCACTAGCGTTTCG,1420,51.48,Mus musculus
SEQ_913368,CGGGTGGGGCATGAGACCCGGAGCTCGTCTCTCTACATCGTTCTGTTGTTTTTGATTTTACTGGCGAGTACGGG,74,54.05,Saccharomyces cerevisiae
SEQ_861825,ACATCGTAAAAGATAACAACCGAACCCGAAGAAAAGTCAGAGAGCATGATCCAACCCCGCGTGACCGCCTGTACTATTTATTGTCCTACCCGGTTTTCCATACAGCGTGCGGCACAAGCGACCTTCCCCTCGTTAGTCACCGGGACAAACGCTGTGCTAACTTGTCAAGTGGGATCGCGGTGTCGAGGGCCGATTAAATGTCCTGATGTATTCTGACCCTAGCCGGCTCATCTGTTTAAAAGAGGGACCCCGCATTCGGGTAAACGCGTTGATTCTGCCTGCGTCTGAGCGTTTACATACGTCGCGTAACACGGCACTTTCCCCGGTCACCGAAGTATCTCGCAGTTGGCTAACGGATATGAACAAGATTAGTCGACCGGTATACAGCCTTCCCCGGATTTGAAATAGCACGAGGAAGCCACCCCCTGTAGTTTCTTTGGGACTATGATGTTTGTGTCCAGCTTGTGGTTGTAGAATCACTGTACGGAATAACCTTGACCACCCGTAATGGCAAGAGACTAGGACGTGACGGGAAAATCTTATTAATTGCTTCGTATCATTATCCCGGGGAAGCTCCGAAGTCAACTTAGGGGACTGTAGACTACCCGCGAGTGGAGGTTCCAACTCAAAGTCGCAAAGATATTCAATCGCATCACGATTGGTCGATGACGATGAAACCATAATACCTATTCAAACTCAGAGAATCTCATATTAACCCAAGCCGCCCAATATCAGGGAGGGACATTGTTGCGTTAGGAGCCTTACGCGGCATTTAGCTGTGGGGCGAGCAACCTCTCTCGATGATATTTGTCGGTTAGCCGAACGGTGCTAATTATCCACTCAAGGATCCGGATCTATCCGATGCTAGATCCGGCACCTGGTTCAGAAATTTAGCCCCTGTTACTTTAGCAAGGTGGGACGTTACGGTGTGTACGGGCGTAGGATACGCACTCGCTACTTAAAGACTGCGTATTTTGTATGCGCAAACTCTTTTAGTGGATGGCCGGACGTCGTTGGCATGCGGGAGGCGGGCGTGAACACTCGTCCTATTCGAAACGTGACGTAATGATCGAGTTAGTTAGATCGTCGGGCGAAGAGAACACTTTGTCGCTAATCGCTACCGCGGTCCATATTGCGGTGATTACAAGGGAATACCTAGCTTGGAGGGGGATACACGATTTGGCATCGCTATGCCGATAGGTAGACGTTACAGCCCATTAGGTCCTTTTGCGTGGCTCTAAGTCAGGATGGGACGGCTTGATACCGGAACGTGCGGTATGCTGGGCTGAGGCGCTTATCACTAAGCGCCTAGGCCTATGACGAAAGTTTGCTTAATCCCAGTTACACAACTTACTAATAGCAACGCCGGCAGCTTGAGACAGGAGCTTGTGACCCGAGTCTTACAATCATAGGAAGTTAGCGATGCCCGATTGATAGGGTTTTTCGACCCCATCATTGCTTTGATCCGCGACACGCTTCTGAACTGCGTCTTAATGGTCCGCTGCGAGCTGGCCACAGCGGGTCCTCGGTGCATCTACGACCGACCGTGAAAAATCCTAATACGCTGTATGGACTGTATGGGCCCCGCCCCCCACGGAGCTTTCTATGA,1609,50.71,Arabidopsis thaliana
SEQ_693868,ATGTATCGAATTGGAAGCCGCACGGGACGAATTAGGGGCATGGAGAGGCAATTAGTGCTGTCATAACACTTAAAGGTGTCCTAGGTTCAGCTTACGGACCGAGGCAAAAGCCTGAAACAGCTCCGGCTAATCCCAAGAGACGGTCTCGGCTGACCCCACGTTCGTATCCTCGTCGTGATTGGGCAGTCAGTTCGCTATTGGCGCAACGAGG,211,53.55,Homo sapiens
SEQ_405776,GGGCTCAAAATATTTTAAGCTGGGTCTCGCAGGGTCATTGCCTGTGTCCTCTCTCCGTGGAACTGGTCTGCGTGACTCGACGAAGCGACTGCAGGAACGAAGAACGTCGGGTTTATTGCTGCACCAGCATAGCTACATGAATACATCCATCAGGTATACATTTTCCTTTGGATCCCTGGGACCTGCCACACAATTATAGCCCTTTATTCGTCTGAGGGGCGGACGGCGGGATCGGCCATGTTACTTTATTCGCCGGACAGTACCACTCTTGGGAACCTGAGATATGAATCACTAGAAGGCCTTGTACAACCATCAGTCTCGTCCCTCGCACGCTAACTGATAGGCCTCGCCGAGCCTGAGTGAGGAGAGCTAACCTGGTTCTACATTGGGTACGCTATAATATACGGAAAAGGGAGAGCAGTCGTTCATTAAGGTCGGACGTAGCGGACGTGGAACTGTATTCCAAGGCACGTTATGTGGGATGCACTCTACTTGTGGGCATCTGAGAAGTTTGATTCATGCCAGTCACGCAGCCAACTACAATGGGCCGAAGTATACTTTCCGTGCTGAGCGGTAGAAACAGTGGTGAAGCACACGATTCTCCGTGCCCGATTGTCGTCGAGTCCATATAAGTGTTACGAGTGCCGTGGACATAGTCAGCCCAAACATGACCGCGGAACGCTGCTCGCTCTTCGACGTGATCTGAATGTCGCCTTGCTTTTGTGCTTGCATCACGAGGAAGAGTTGTAAACACAGATGCTAATGTATCGTGGATACCAATGATTATGTCAACATGGTCCATACTCCAGGAAGGGAAACAGACGTAACACATCAGTAATACAGCCGACACAATCGCCTTTCAGACCATGTGCGCATTTACTCTGGCATAAAATGAGCCACGTATCGACAGACGGGCCTATCTTTATGCCCTCTACCGTTTCACAGGACCAAAATAGCCGGGAATGTCCCAAATGCGCTCTAGTGTCACATGACGGCAGATTGGAAGCGCCACTATAGGTTACATTATCGCTCCTACGAAACATTCATTGGTAATAACTAATCTGAAGACAGATTGA,1076,49.26,Saccharomyces cerevisiae
SEQ_229347,GCGCTGTACCGGCGATGGTCTTTTCGTGCTACATGGCGTAAGCGACCCGCCTTCAGACCCGATCCTAATCCCTGGATGCCCCCAGAACCCAACGGGTTGGGGACTCTGCGGCGCGGCGGTCAGCTGATATCTCTTACCTAGGGACCCGTCTTGAGTGGAAAGGTTTATTATACCATTGCACACCGTAGTTTCCCCCAGTGTCTGTTCTCGCGACTGAAAACGCGTTTGATAGCGTCAAAAGCACCTCACACTCAAGTACCCCAGTGGCGAGCGAATTTACTTGTGTTTGTTTTGTGCAATAGCAATCGGTGGCAGGGTTCGGTAGAATAGATAGATGCGTGAGGTGGTTCGAGTGACGGAGCTGTTTCTGCATCTAGAGCCCCGTCTACGAGGGAAATCTGCCGGTCGAAAAGGTCTGGCAGAATAGATGTCCGGATCCCGACCCATAACTCTCGACGGCCGCCGGCAAACAGCCGAATGCTCACTGCTACGATGCAACCGCTTGCAGCTCGTAGAAGCGCAAAATATACTATCCCGCGGAGAGTACCGTCAGTGCCAGGTCCTTATTGCCTATTTGTGTGCCAAGCTACGCGAATTGTGAAGTGACACAGGGGTGCTCCCCGCCAGGCATCACATCGAATCCTCGCCGTGAATCGGAAAGCTCCTTGTTCTACAGTTAAATCCGCCTGGGGTGTCGAGGCATGGATTCCATTTTCTTGACATACTTGTATACCCGATGGTCTTTCTCCTTGCTCACCCCCTATGAGTCAACTCTTGCGACACGTGCTAAAAAGTAGTGGCCCTGCCAGCTTTGACTTGAACTACATCTCCCGGGCCGGGTCACGTGACTCGCGACCGAACTGCACACTGACAGAAAGGTACTAAGACCGTCCAACGAGGCGCCTCTAAAGCTATACCGTGTCAGGCCGTTTCTTGGGGGACACCTACCGATCACCGGTAGTATGTCTGAGTGTCTACGCTAATTAGAGGTCACTAGAGGTAGCGATTCCCAAAGCTCATTCGTACGTCCACCCTTCTCGAATGTTTGCGGAGCGAGAGCATTCTCCCATACCGATCTGTTATTCCTCGAACCACATGCCGTTGTAAACCTTTCCGTAGTTATTAG,1126,52.93,Homo sapiens
SEQ_207951,GTGCAGATCTTCGATTATTTGGAAGGTCTTCAATGCTCCGATTGGGTATACGGGCCATTCCTAGGCCTAGCCCTCGGACTTAGCAATATGCACAAATCGTTTTACAGACGCGTAGTCAACACGGAACCCCGGCTGGTAAATTGGACCTGCCTTCAGACAAGAGAAGCTGTAGGATACTTTAGTGTGTACGCAGGGCCGGACTGAGCATTTGTTGGATGGAGTTTCTAGGTCGTAACAATACCTGGCTATGCGACGTCAGCGCGGTACAATGGCAGTCGGTTACCACGGGGACAACTAACCCGCGGCGTACTTATTTCCAAAGCGTCATCTGAAGTATTGTCCTCCCTAAGCTAGAACTGCAGCCAGATGTAGCACCTCGCATATGCGCGCAGCCGAAATAGGGTTGGTTATACACTCAATTCACATTGTGGTCTCAAGGCAACAGGTGGAATACCACGTTCCGATAAAAATAAGCGTTATTTACTCTCAGGGACGGTTTGATAGTCAGCTATGATTAGTGATTAATCAGTGGGCTGCCCTGTGTACAGCACCGCTTTATATGGACCTCGCACATTATCCCCGTATATAACATGAGGCATTTTCATAACGCTCGGTTCTTTAGAACCCAGCGATTGGTTGTACAGCGGTATATTCATCGTAAGTGTGGCATGCTGTTGGGTAATACCAGACTGCCACATTATTTATATCCATCGTCTTGCCGCGCGAGCAGACGCCACTATGGATCCGTTGACCATGTCTGGCGGTGCTGGCTTGGAAAATATCTAAGACTGCGTCATACAACCTACTCGGGAACTGAAGGGCGCTGAAGTGTCATACCAAAAGAGCGCTGCGACTACGGACAGACACCGGAGCTGAAAATATTAGCGTTGTCTACTGTCTCTACAAGGGCTTACGCACAAGACCCCACGACCTAAATGACGCCTAGAGAAACAAAAATGGCAACCACTAATTTGTATAGGGGATTTTGCTGCGGTCTCCAAAAACATCCCGTACCATGCTAGCAAAGTCGGATTACTCCGGACCAAGGGGTAACCCTCGTTGAAGATTTGCACATCGGGGCCCCACAGTTCATATTCTTCTAAATTTAGTGTTACAGGGTATGAACATGGGTCTAAAGTATTCGAACCTGCCTCGTATGTCATAGGTACCCCGGAGCGTTGCGAGGCTTGGTCGACGAATAGTGGACGGAATAGGGACGTGATTAAGGGAGAAGCAAGTGGGCGGCAACCGCCAAAAATACCATGTGAGCGGAGTCGTTCATGAAAGAGTGGTGTAATTGTGCTCGAAGAACTCCAATCGTGCGTCGGCAACAGCTTTTCAGGAGACATCCAGTGAATCAATTGCCTCCCATTGTCAATTTAAGCTAGAAGGCATCCCTCTGGGTTTCTCGTTACCAAGTAAGAACAACAGGAAGAGTTTCGCACAGCCGGTTGCATTAACTATCTTTCGAATCCGATGAGCCCTCACGAAGACGGCCTGAAGTGCGGCGGGACTTCATAACGAAAAGTTAGGATTTGTGCAGCGCCGTCGTCGGCTCCTTTTGGGAACACTGTAACTGGCCGACTTGAACTCCCCACATCGACCGGGCAAACCGGAGACCGAATTACTCGATCGTTCTCCACGGTGATGTTCAAACCAGCGAGTGGAGCTCCCGGGGTGGGCATCGCTGGATGTCGTTTAGTGAAATT,1709,49.27,Saccharomyces cerevisiae
SEQ_785539,TATGCAGAGCTCCAGAAGTCATAACTCCCTGTTGTATATCCCTAATTCAACAATGGACCCCCTTTCAGGTACCGGCAATGGCATCTACTATACCGATCGATAGCAATCGACTCACGGCGGTGTGTTGATTATCAGCAGTCCTGCTCATTTTCTCACAAACCGATTTGTTTTCCCGTTGTCACGACTCCAATAACCGCCTCATAGGGCGCCCGGGACTTCTCTGGTCCCCAGTAGGCCAAAGTTCGATGCCCTGCAAACCCACCGCCGGCTGTAGTATCATACGACTCAATGCACCTAGGTGAAGACCTCGCATACCTACAGTGTTGTACCCATGACCGGTTCGCTGTCATCCCACTATTTTCCCGTCGTATCACTAGCTGCTCCGGTTCACTCAGATGTATCAACACTATATCCACAATAGTGTCGTATTTGTCAGTAAAGTAGGGATAAGCCGAGTTGGTGAGTTTCGGGGGACACCCCCGCGTTGGCCCCACCAATCCTATATTGGGTATACGACGCTGCAGATGCTGTGGCGTCAAACCCTTCGTGAGGTGTCCAGGGACGCTGTATAGTAATACTGCGTTTTGTATGTACAACACCGCGGGATCCACCGGAACTCGGGAGCCGGCTCGAACACATTTTTAGCGCTAAAGATTTTTAGTCGAGCTAATACATCAGGAAGACCCGAGCCACCTTCATTTGTGGCCTAGTAGTTTCGGTTTCTAATGAGTGTGACAATAGCATATAGCATGAACCCTAAGACCTGCCGGGTAAACGGCGATCTTCTCTGGCGGTCGTTCTCACTCATTTGCGGGCCAGAAATTTATATAAGGTTATGGGCGGGAAGAGCCCTGATGGAACTATTTACCGTGCCTCACAGGCGTCAGACGTTTGGATAAGAAGGTCACATAGAAGCAAGAAACGCGTCATTGAGTTTTTGGGAGCGCCTAACCGAAGGAACACACGATTGACGCCACAACTGGCGCCACACTCGTGCTTTACCGCGCAATCGAGCTCGCAATC,1023,50.34,Caenorhabditis elegans
SEQ_709106,GAGATCATACATTGGCGTCAAACGACGGAACGTGCCTGCTGAACCCAAATCAGTTACTTGAGTTCCCCGGAAGTGGCCCTCGTCGGATCCTACAGTGCCTCTGGACCGGAGGTGGAAGACTGGGCTTTGATAATAAAGAGCAGTACGGCTTAGATATCTCCTGACTAAGACGAGTACCGCTTCAGGCACTGGACACGGCTGATTTTCACGTACTTAATCAGTTTTAGATCTTAGTAAGGTACGGTCCTGCTTCCCTGTCCAGTCCGCGATGGCCGGATTATTCATAAGACTTGCTAGATGCGTAGACTGAATACCCCTTTTCTAGACGCCAGAAGTAAGCCATACACGTAGGACAGCTCTGTGTCATTAACATCAACAAATGATAATTGAGAGCGACATGTACAGAAGAAGGGGTCGAAATGTTCTTTACGTTTGCGTCAGCACGTCAAGAGAAGAGGACACGTCCCCGATCACCGAAGGCTTGCGTCACAAATAACTTACCTGTCGCACTATACTAAACAAATAGACGGTAGTGAAGGTACACTGCTCTGGCAAGCCAGGGATTTTAGGCATCATAGGTCCGTCTCAGGTCCAAGGCAGAATCGTGTAGTGACTGACGGAAGA,624,48.4,Caenorhabditis elegans
SEQ_469870,GAGCGTCAAGTAAGCAATGAGTCTAGGCTACCGCTAACTATTGGGACTTACCGACTTGTGTCCCTCTGAGAGGATTTGTCAAAATTACTCACAGCAGACACAATACAGTAACTAAACCCGGGTGCCGATTACCCACACGGCCCCACCTTTACGCGCTTTACACATGGGTGAAACAGAATCTATAGCCACGGGCTGACCCCGAATGGGATGAGTAGGCCGCCACGCTGCGAATCATGCGTACCGCTAAACCGTATTGCATCACGTCGCATATGAACTTCTTATGGTGCTGCTATCAACGTCTAATTTATCACATCGGGACCGCCCCACAACTCTAGTCCTATTTCGGGAGACAATCATGCATGCCGACTAACGGGTGTGATATCTAGGGCGAGCCGTCAAGAAAGCAGGATGAGTCCATAGACGCATATAACTAGGCTACTTTCTGTTGGTACGTCTAGCACCCATCATATCCTAACGAGCATACGGTGCTTTCCGCTCGTTTTATTCTGGCTGTTCAGAAACTGGACTATGTGAATCTGTCCTATGAGCGATCGTGTTCCTGGCTACTCTCAAGCCCCACAAGAATTTATTCTGTTGGAGGAGTCCCGGTTGGTAGGACACGCTTGATTTCGAGTCAATGCCTGTGGAGCGCTACGGGTCGATACACTTAGGGATAGGTCGCAACGACGGCGGTATGCCGCTACGAGCTAGACTAAGCCACCGCGTGTGAACGAAGTCCGCGACCAGAGCCCCGATGTTCAGCATCAAAGTGAATGAAACAGCACTACCGTATGGCCACCAATTTGCATCGCGACTCTCAGATCATCACTAACAGGGACCCTTAGTGGTTTGCATCCGAGGTAGGTTATCTTCTTAAACAATGCGAATGCCGTATAGCATAATCCTCACCTCGCCAAGAGACCTCCCAGATTTGTGTATCGGGTTTCTCGAGGCGAATACTTGGTACGGGGATAACTCACACGAATGATTTAATTGGCATACCGGGGCTCAACACGACATTTATCGGATATGGTATTGAAATCGCGGGGTCCACGCTGCAAGGGTAGACTTAGGCACTTAGAGCTGTATTATGATTCAGGAAGACGTCCACTACAATGCGAGTACACGGCGACTCGGACTTACATTTGACCCAGAGCCACATCCACGATTAAGTATGATGGCCTAGCTTGCATGAAATCAGATTGTCTCGACCTACTACTATCTCGAAACGTGATTGGTAGCCTCCGGATAACATCGCTAACGCAAAGCCTCGGCTACCGGAGTTGTCCTACGAAATGTCGACAACGCACCGCCCCTGCCCTTTCGACATGATAGTAGTGCCGCCGTCGCAAGTGAAAGTTAGCTGGCCCGAGTTGCCAACATTTCATCGGTCCTACTCACAAGTGTGTGCTCTCTTATGGACGGGCTACCCGCGAAACTATTCATGTTGGATGGGTGCGGCTCCGAAGTATTGCTGGTTTGCAGCGCAGAGAGTAACCCCAATACTCAGGTGTTTTTTGGCTTGCGCTTACGCCACCATGGCTAACTTCGACATAGCTGACAAATAAGCGTAATGGTGACGGTGTTAGCCGCATGCTACATATGTCCCATCGTAGGCTCAGTAGGCCCGCACAGCGCGTCCGATCGGATGACAAGTGTTCTCCCACTGCTAATAGTTTAAATGCGCGTAGCCATTACACCCGCCGAGGTTTACCCAACCTCGGAAGCATGTGGAAATGAGCAGCACGACATGTTCTCCCATCCTGGTAGTTAGGTCCCATCTCTTTGACTGCCGCG,1797,50.53,Homo sapiens
SEQ_206658,CGCGGCCCCCCGACAATTTAATTGTAATTATTGTTGTGGGGCTACTGCCGGACGGAGACTGACGATCACTGTACCGTCCATCGCAGATAGTTTTGCAGCGCTAGTCTTGATATAAGCAGCGTGTAACTAATTCCATCTGCATTTACGCACTTGCAGAGGGGCCACGTCACTTCAAGAGGTGCAAGTCTAACGGAGTACAATTTCAGTGGACCCAGTAACTGAATTCCAATAGAGTCGACCTGCTGCATTGATCTAGGCCAAACGATCATAAGTCCATTGCTTAAGGATAGTTAAGACCACCTCGTAGGCACGCTGTAAGGTCCTGGGAGTTCGGCACACCAATCTCCCTGATGTTCTGAGCTGAACGTGACCTCAGCATGTCGAATTGCACTGGAATTAACTAGAATGGTTAATCCCGCCAGTATCCACCTGAATTGCTTGGTTCAGGCGGCCAACAGGCAAAGATAACGGACTTCCAGTAAAGTTGCTAACTTCATGGTGCTGTAAAGCTCCCCAGGGGTCTCGGAGTTACACTGAACCGGGAAAACGACAGAATCTGCATTCTATCTCCGGCGAACAGTTACAGTTCGAATAACTGTTCCCTGAGTAGGGCAGCATCCTGCCTAGGTAATCAGCTAAAGGTTTGACACTGCGGTGCTGGCGTCTCCCTCGCATCTGGCTTTCCATAGAACCCTCGGTCAGTCATGACCACGAAGGTCACTTGTTGCGCAATTGTGCACGTCAAATCGCGTTTGGGCGTTGGGCTATACAGTGCCTGGGCGGGAAAGACCTCGACATATCGCCATGTACCAACTAGGTGGCCAAGAGATGATGGACAAATTCGTGCCGTGACGTGCGCTGGACCCTTCGTTTGAGACGAAGCAATCAACGCCAGGGTTGTTAATGGGATCCAGGACTATGAGGGAAGGTCTTAACCATCATCGACGTCTTATGGCGGAACCCGAGGTTGAGTCTTGCCCCCCGGAAAGGGGGCCCCACAACTTGCGTTTATCTTGCCTTCACTGGTAACTGGTTTGAGCAACTCTTCCGTAAATCTCAGAAAGAAAACTTGTAGCAGAGTCGACGTAAGTATAATTCCGCTCCACAAACGGGTTCTGGTGCTACCGGTAAACGTGCGACACAGGAACCTACTTGGCCCCTGTGTGGATGGCTATCGCTAAGTATCGGTTTCGCGAGGTTTATTTTCGTTTTAATCAAGAGGACAGACTGGCTAATAAGGGGTAAGATAGCTTTGCTCGTCGTGGTTTAGGATATAGGCATGTGCTAATGATGCTGACGCAGCGTGTCTATTTAACCAGTTGAAGAAGCTGACAACCCTTCTTTCCGTTAGGATTGTGACCTATCTCTGGCACGGCGCACCAGTTAAGTTGCTTATAGCGGGCAGAGCGTCTTTATACCAGACTGCCGCGTTAGCCGGGACCCTTTCCGAGTGCTGCCGTCCGTCTGCCGTTTGTTTTGCTCATTTACCTCCTGATCATCGGTGGAGAGCGGACCTATGCTAACCGTATCAGCTGTTGCTAAAGCGTACCACTATATAATAACGAATCTGTAACGGGGAGATTCGTATGCCCACTATCAAAA,1602,49.81,Caenorhabditis elegans
SEQ_101868,AGAGTTCCTACTTTGGATAAATATCCCGTCAAGACTGGAGTTTTAGGACAGCCTTTTTCGATAAGTTCGACTAGTAGCTTCCGCTCATCACACGGTCCTTGTCGCTCAGTTTCCGGAACTACCGCTGGTTTGTGGGACGTAGGATTCCATGGACTTATATTTGAGCCTTAACAGGATAAGGCTATAGCCAGTCTTGCCGCTCGTTTGCACTATCCCACGACATATCAAGATAGCCAAACTCCTTACCAATAGCGCAGCCGGTAATTCGCGCGTAGTCTGCAGTTATATATCTATTTAAGCGCCCCGAGTAGGTTCTACTAATTCTAAAATGCCTGGGGCTGACTCCAAGTTCCGGCACTCACTTGAGTCTGAACCGCCATCTTAAAATAGGCTCTAACTTGACCACTACAACTTGAAGTCTTGTTCGCGGACGTAGTGACACAATGTTAAACCACTGGTGATGCTTTCTCCGCAGCATTTGGCATTGCCGTTCTATCGCAGAAAGATAACCGCCGCCAAATCCTTATCGCTGTACGATACCGTGTTGAATTACCGTCCCGGTCACCTTTCGAAGACCAATTACGAACAGCTTTGCTTTATTGATGGGAAACTTCAGGGACTATCCAACCTATCAGCGTATTCTTTCCTATAGTATGATCCAAGTACATGGTCCCGTCACATGTGTTCACGTTCGGACTACGATATGGAAGCACGGAAGCTGGTATAAAATGGCGACAAATACAACGTCGTGGATTTCGCCGTAAACATTCGTTCCCAACCACAGTCACCATGTGACTCTGGAAACAAGACAGTACGAGGTAAGGGTGCGCCCACGAAGATTGTAACCCGCCGCGACCTAGAACGACTTGCGATCAAAGACGCGGAAAAGATCACTCCACGACACGCTAGGCTCACGCTGTGCAAGTCCATATTCGCTTTTGTGCCTTGACTCGATTCGGCCTTCCGTGGCAGGAAGACCTGCGTTGTTGGTACAGTCCAGTATGTAGTCCATGCTGGTTGGACCGTCCAATCCCAACGCTATGTGCGTAAGGGACAGGCCTTGACGTGTTGCATTTGCGAGTCGCTAGACCGTCTGGCGCTTTAATGTGTGCCGCAAACATGTAAGGACTGCAGCTGTTTCAGTATGGAGACCGGTGTGCCACTGAAGGCCTGCCGTAAGCCATTCCGCGGAAGGCGGGACCGTGCCTTAATCGTCTCGTTGGGAAATGCGGCCCTAGGACGAGATCGGTCCTCTTAAAGTTCGACAGTAATCCGGACTTCCTTGGCCCGAGCGCTACTCACACGGAGTATTGCGAACTTCCACTCTACGTGCATTAGACAGCCCTCCGAGTGAAAAATGTAGAAACGGGAGTACGATTTACCACTGGGGCTCCAAATAGAAGGAGGGTGCTGTAGTTTATGCGATCATGTTTCCATTGTGCTTACTCCAGGAAGGGTGTAGCGGAGGGTGAACTGGTCCGGACGACATCAGGCTATGACTGGTTCATCTTTCAAGGCCTAACAGATCTTCCCACAAAGTAACGGGGTTGCGGCTGCCATCCTTTTCGATTATCACTACTAATTGTTCTCTTCGAGAAGACCTGAGGACATCCAGTCCGCCGAGTCCCGTTGGCGCTCTTGTCTTAACTGAGGCCCTACACGCCCATACTCACGCGTTCGCTCTACAATTAACTAGTACGCTATGAATATTGGAGCAGTCAAGTCACTTGGTTACGCGGTGTGACGGTAGCCGCCACTTCTAGGACAATCTTCAGGACGTCACACACTGGTGCCTAATTATTCGAAACCCAATCAGCGAATCCAGACAACAAAGATCGTGAAAGGGGAATCTATGCAGATTCATGTGGGTGATAGGCAGGATTGTAGGGCAATCGCAATC,1900,49.63,Homo sapiens
SEQ_262932,TCATATGCAATACTGAACAAGCTGTCGCACGATAGTGTCTGAGTGTCAGAAGTCGCTGCCAGCTAGCGTTTCCATGGTACTGCAAGTCTTTCGCGCGTTGATCGCAGCCGTGGTAGGGCATGACGATCCGGCTGGCGATCATAGCACAACACTGCTACATCAAGTTTTTGTTATTTTTGGTTAAAGGGTGGCGGTAATCTCCAAGGAGTACCCTCTGCTTTCTAGCAATGACGCGGTTAGGTGTCTTCATTATCTACAAGGTACGGAATCTTCCTACGGGAAGTGAGTGCAAGTACTCAGCATCATTCAAATTTTCAATTGGTCTCCGTGCGCACGGGTGAGTAGCTTATCCAGTAATATACGGGCAAAGGACGGGAGTTTGTGGGGCTCCCTCGACCCGAGCTTTCATGCAGGTAAATAGATCTTAGGCGAAGGGCATCCTAGGAATTCTACGGGCTAGACATTTCTGTAGCATCCGGCGATCCCT,487,49.28,Mus musculus
SEQ_279340,TATACGGAGAAACCGTTGACCAAAGCCTCCTTGGTCGCCGTAGGTTGACCAATCCCCGCGCCCTCAACAACGAATCGACTCCAACTTAACAGAGCCGTATTTTGGTACCAACTTGATCGCCGGCCAGTTTGCCACACTGGGCGTTTGATATGGTGTCCGCACTAACCGGGTAGGGTAAGTGCGAG,185,54.05,Mus musculus
SEQ_685475,ACTTTCAGTGCCAGGTCACTGCACCGTTCTATGGTGCCGCCCTTGACACTTCACGCTTCACGTGAGCGCTGTCTTTTAGGTTACCAATACATGTGGGTGGACCATGCTGACCACTGCGGACTTCCGGTGAGTATGGTCTATATTGCAGGCTAACTGGATAAGCATAGATCCCAATCAAGGCTGATTGAAAGAGTGTAGTTTTACAGTACCCACTTCATCAATTGTGTAGTCGAAGAAACATTGAGTACAGATTCCCGTCTCACTATTATGAATTTATTGAAGTATTTAAAGGGACCCTGCGAGGAACGGCCGGCCCCAGCCCGGCAATCCATTCGCCATACCGCGAGCTCGAAGGTAAAACCAGGGTGTCCCAGACTGTCTACTGTTCGGTACGCAATATCATTGACTCGAGTTTCAATCTGTTCCCCTCCTGAGTAGGGAATAAGTCTTCTCCAGAAGGCTAGAATTTACGTATCTACCTGTTAACGAGGTGGGTCGTCTCTTTATTTGCTCAGGGCGTTGTCCAGAAAAGGGCACCATCGCTTGGCTGGCAACCAAAGTCCAGCTGCTGGGGAATGGAGTGTGTGCCGCGTCGACCGTATTTAGGACAGCGGCAGTCAATCATTAGGACTTTTGAATCTCTGGCTACTTGAGAAGTGGTTTATCACGTTAGCTGTTAACGCCAAACACCGGGCGATCGCGCCGCGTACGGTAGCTGTATAGTAGGTTACGAACACCTGACGGAGGCCCTAGATACTCCCTCACTGGTCTGAGTAAATTTTGATCTGCCATACCTACGGGTGTAATATAATCCTTGGCAGCGTCATAGCTTGTGGTCGTTTGTGAGGCTGAATGGGCGGTCTCTGGCTTTGTAGGATGTCGCTGGGCAGAGTGTCGGCTACCCGTCTAATCATCCTCAAGACCCTCTAAGTCCGGCTATGATAGGGAAAGAACTGATGTCAATATTACCAACATGAGTGCAAGCACAGTGTACCCCAAACATGGTTGCTCACCAGAACTGCCTCTATCGATACCCATTCCGGCCGTGAGATTGACTGCCGCTGTAAACACCGCCCACGTTGTGGGTCGACCTTGCGTCCACTTGACGGCACATGTCGTGACTACGAATACTTGTTCGAACTGCTAAATGTGCTATCCAGTTGGAGTTAGATCCGCCCTGTTCTAACGAAATACCTAATCTTCGGTAATGGAGCTACGGGAAGGGGGTGGTTTGCTAGGACAATCGAGACTCCTGGTAGATAACTAGTCTATCATTGGTTGCAGTAATCACTAGAGTAACATACGCCAGCCTTCAATGGCCCAAAATTGAGCACGAGCTTGACAGCCACTCTTCGCGCGTACCAAACATACCCAGCGGAGGTTAGGCCCTGATTTAACCGTCCGACAGGTTGGAGATAGTGCTTTTTAGATCCAATGATGTCTATCTGGGCAAGGCCTTATACGAACCTCAATAAGGCCCTGCGGCCCGCAATTCATACCACAAGGTGAGTTTTAGTGTTCT,1522,49.47,Escherichia coli
SEQ_820042,AGTGGCGTCCTCAAAGATTTGAGTTCTTAGACTCGTTTGGTACGAGGACCTAACCGGTATTCCTAATCCACATTGATCCTATTATCGGAGAAGTACGTCTTAATGACAGCTGGGGCACAACGCTGATAAAAGTTAAGTAATCCTTTTCGCACACATTCGTGCGCAGCAGCTTTCGTAGAAGGGGTCTTACATGGATAGTCTGGCAACCCCTCAGCTGGTTGTACACCATAATGACCGTGCAATCGCTTCGCTTCGAAGTAGGTGGTCCGTCATCAGGAATAATCTTCTCATTGTATTGAATATGTACTCGCGAAACTCGGTGACTCCAACCGCGACTCTACCGCTCGCAATGCCATCTTGGCTAGATCCAGATTTGAGCTAAGGTTGTCGCGGCCCGAATCTTTGACGAGATAGCGCGACTAAGCAAAACCTGGTTATCAAGCAAAATGCGCTTCGTCTTCTATAATTGGTCGGCCCTTGGTTTAGCGTAGAAATGCGGCGCGTTTTGGTAGTCGGCGGGGCTAGGAGACTACTAATCGAGTGTTAGCCGGGGGGAGCCCATGTTGGAAGATGTGTATTGGGCTTGAGCTCGCCATACCTGCAGGTTCACTCATCTGGAGGACTCTATTTCATATGCCTCTGTTACTAGCTCAATGATTGTTCGATCTAACAGGCGATTGGCAATCCGAGTCCCATGAAGCAGCCGGACCACCCTATAGATTGGAGCCCGGCTCGAGCACCTTTCAACTGTCGACGGCGCGTCGGCAGGTGCCTAAGTGTGGAAATTCGAGCGCAGATGGAAAATATTGGTGCTTTGAGTACCGCTTGGTCGGAGGGATAAGTGGTATCGGGGACGCACGTTGGGATTCAAGTAGTCCGCTGGGATGATTGATTATCCTATTATTCGTAACGTGAGTGAACTCCAAACGAAAACTGCTACTAAAGACCAGTGCTCTGTGTCTCATCACCTTTCTGCGTATCCGCGTA,987,49.44,Escherichia coli
SEQ_530990,CAAAGCAAAGACGGATGTCCCCTGCGGATGATCAGGCAGCATCTCGGCCGCGCTCAGGTAGTCCGGCGTACTGTTGGCACTAGTGTCTAAGTAAGCCCCGTCACCGGTCTCATACCGGTCCAGGAGCTAACTGGGTGCGACATCCGTATTCTTTTTTCAGGCTGGCGTCCAAGCTAAGCACGGCAATATAAAAGCAAGTATAATACTACATCTCGAACGGCTTATACAGCCATCCTGCAATCTTCTGCGATGCCGTATATTGGTCGCTGCGATGTCATATCGAGCTGGGAGGTCCTACAATAACTGCTTCTCTGGCCAGTCTGCTATTCTACCATTGTGAGAATAATTCATGGGCTCTGGGACTTCATTGTAGTGATATTGAGAAACTGCCCGACAGGCTCTTCTTGCAAGCTTCCAGTGGCACACATCACCGCCCCTGTAACTTCGGGCAAACAGCTGTATCCATGGTATGATCAAGGATGTGGTTCCAGGCCGCGCAGCGGAAAGAGTAAACCGGGCTCGGAGAAGCGTTATGATCTGATCACTATCTGAGACGTAGGCTCACGTTAGTTTACGGTCACCATCCTGGCGCCGGGAGCTGCACTCTGAGCAAATCTATGTGGTCGGTCCTGCATTATCATAAACACCGGCGGCGGTGGAAGGATACCACGTATTATGTAGGTCCCGTGTTTACTTAAGAGGTTCCTCAGTGTGCTTATAACGACCGGAACAGCCATCACGCCCGAACCAGGGTGGCACGAGAGACAACGGAAGTGTAGCCATACCGGCCTCCTGAATGTTCTCTTTTCACTCACGACACTACGAGGTTTACGTATGATTTTGGTCACACTGGTTCGACTACTAAACGAGTTCAGAAGAGCGGTCTTTGCGCGAGTACCACACCTTCCGAACTCGTTCACAGAAGGGAAACTCCGTGACCCAGAAAGGTATGCATAACTCGACGCCTCATCCTTAGCATTAGAACATTGCCGCAACACCGTTACTCCTTCCCCTTATAGTGATTCCAGAGACCAAACTTTCCAGTGGCGCCGCTTTACGATCGGCCACTTAATCAGGGCTCCATCATGCACGCCTGCTCTCTACGCTCAGTCGCGACTTCCTGCGTATATTTTGGCGGGCCGCGTTAGCTACTCGCCACGATCGTTGTATCCACACCAAATAGAGACACTAAGTCCGCTCTTGTGGCCAGGGTGCGGCAAACCATAGGAATCCCGTCCGTGTGTATGACATCAACCTGGATCTAGATCAAACGCTCCACCGTATCAAGAGCTGGATCTGTGAAATGGCCCAGTTAGGCCGTTGCTATGATATGGCTTCTTGGAGTTTGAGAGGCACATTCCCCACTTTCAGGCATTAAATCCTCTGTTACACTCGCAGGACCGTACTTTCTTGGTCACACTCCAGAAAGTACTACTCAAACAAATAGGCCAACACTGTCGAGAGTTCCGTTTGGG,1475,51.12,Arabidopsis thaliana
SEQ_923352,CTAAGCCATCATTCACAAGTATTCAGTTACCGCGTGAGTCAGTCCGTGACCTGATCCATGGAAGGTCGTTCGACCGAAGAGCTATCTAAGCCGGTAAAATATGTGAGGTATCTGGGGTATCCAGCTCGGAGTCACCGAGGGGATATGGTATACCCATCCTGTGATTGCGTGCGAAATTGGGAGACTTGAGCAGGACATTAAAACCTTTTAGTCTTTGGCAAAAATCAGCCAGTATAGAGGCTACGGTACTTCTGATGAGTAATGGATGTTACTTATAGCAAGTATGCTGCTGTCAACTGCAAGGGGACAACTTAGGAGTGTCCTCGATGGTTGCTACCGTATACCAAACTGTCGAGGTGACAGGCGTGGAAGAGAAGGGTGGTAAGTTTCTCCGTCTTTTTATGTCCGAACTAAGGCGCCAGTATCCGAGCAAAGGGTATCTCTCCCAACTGGCCGACACCGCGTCCTCAAAGAATTACACTCTTAGGCCACCTTATACGCCACGCCATTACCTTATAGACATCCATACTTTCTATACCCTGTAAACGCTAGTTTCGCGACGGGGAGGCACTGGCCCGGTCCTTCTAGAACCCGGTGACTGGTCTAGAAGTTCATGTCGCGGGCGTTCCATGTAATAC,638,49.06,Arabidopsis thaliana
SEQ_107266,TAACTCTGGGTTACAACCTGAGTGACAAATGTCCTATAACTCATCTTTGCTATTATGCATCTGGTACCGTTTCTGAAAGCAATTTAGAAGAAAAGATGCGGAGCCATTATCTGGCATGCCCTGCTTAGTTGCCTGTTGGAAGGTCTGTTTCGTTTAATTCTACCGACAGATAAGGATGAGCCACGGATCATGCTCGATTCGGTACTACACAGTGGAGTGTTCATTCGTGTTGTGCTTAGGTTACACAGCATGATGTATTGCACAGTTGAGCCTATGACAGGTCAACCCTACATTAAAGCTATCGAGATATGTGATCGGGAGTTCCATCCTGCCTATTCAAGCAGACGTGTCGGTATTGTCGTAGACTATAACTCTATGAACCCCTGTCTAGGCGTTCCGGCCCCGAAAGCCTCGTTTATACCATGTTCTCAGAAGGCAGCATATGGTACGAAATGTTGATGACGTAACTACACAGGGTGTTCTCAGGACCTTGGTGAGAGTATAATAGCGTTTTCAACGGATCACTCCTGCGCTTTTTTTTTTTAGGTAGTCGCACTCTTTTAATACACCTCACCCCCATGGGACATCCTTACAGTTGTTACGGATCGGTCTCCCTGTGGGGCACTGCAACTAATCAAGTGTTCTACAGACTGTCCCCTTGGCGATCTGTCTGTTGAAAAGCATTTGAGCTAAGTCACTGAAACCTCTTTTGGAAACAGCACCATTGTACCCCTCGCCTCACAGAACCATCTAACGGTCTGCCCTCTCAGTTAATAGTAGAAGATAGGGTGTATAGCATTGCGGCCGACTACGTCAGAGCTAGGAAGGCACCATTTGGGCCGTATAGTCAGCATGCTCACAATTTCAACGTCAATTCCGACGTGCTGGATTGAAACAACATGTTCTATAGTAAATCGGTGGGTAAATTTTTCACTTTTACTCTGTCCCTAA,951,45.32,Homo sapiens
SEQ_282249,AGTCAGCGGAGGGCGGGATATAATGTCTTTTCCGCGCGTGAAGGACTCGCTTTAAAACTCGACTTAAATACTGCAGCGCATGCATATCCTTATTATAGTCCACCTCGGATCTTTCCCTACGTAGCAAGCGGAATCGCAACACTATAAGCGAGCACAAGTTTCCTCTTGACCCGGTGACGAGGAGACCCTCGACGACCGAAAGAAACAACGGACCCAAAAACAAATCACGACGTTCCCTCATTTTGAGCTAGTTATGTGAATGTATACCCATGACGGTGTTGCAGGAAATAGGTCATGTTAACGTCGCACTTATTTGCTCGCTCTGGACGTTATAGCGTATCGGATGCTTCTTTCATCGTTTGTAGGAAGTACAAGCTTGGTACTAGTCCTGTGGCACCTTCCCCAAGAGATCATCTCTGTGTGCGTCGTGCGACAGATAGCGCGCAATGGCTAGGGAGTTGCAAGTGGTCGATCCAGTTATAAACACCGCCTAGTGAATACTAAACCCAAGTTAAGATCAGAATTGTTCCACTAATCGTCATAGCGAATGTTTACTATCTCGGGGCAAGGTTAGTGCGTCAGGGCCACTTGTGAGAGCAATAGTTTATCTCGGATGTAATGCTGTTTGCATCACAATAAACTCCCCCGAAGCACCTAACGAGACTCCGGGGCCACGAGTAGCGCACAATTTATTAAGTTCAGGTCCTAGGAATCATCCTCCCTGAAAGGGTATCCTGAATCGTTAAGTGAGTACGACAATGTCCAGATTCTTGTGTTCCGTATATGTGTACTAACTCGGCCTGGGGTCCGGCATGCCTGTTTCTTCCGAAACAGTCAAGTAAAGCTCTATAAACGGCGTTGCCAACATCGGACTTCCCGTACGGAGTATTATGCACACACTACTAAATGTGTGGGTGCGCAGAGGAATTAATAATGGAAGCTACACCCTCACCTGATAAGTCGCGCTTAAGCCCCGAGTGCTACGCCTGCATGAGAAGGCATTACTGGTACGGTCACAGGCGCCTTCAATCTTGGCATAATGAATTCGAATCTGTGTTAAGGTTTTGGTGTTTTTTTTCCATTCCAGGCCGCCGGTATGGTTAGGTTCTTCCCCCTAAACCCCTATGCTTCCATGAGTTTTCGGCACAGTCACTTTCGGCAGCCTGCTCTGATCCTCATGATCCTCACCAGTACGTCCGGGTAACCCTTTGCCCGATGAACGTTGGCCAGGGGCTAAGCTCTCGGCTTTATGTAGCTCTATAGATAACTATGAGCCTCACAACTGACAGTTTAACGTCAGAATTACTAGCGTAACAATTGTTGCGACGGATCGGTTCCTATGGCGGTCACCGAGGCAGGTGGTATCCAAGGTGGTGCGAATAAAGTCGGGAGAGGATGTCCTGCACGCCTATGCGGGCAGATACAGCCCATTGGTCGGCTATTGATAAGGTCCACGTATAGAGCAGCCTCAAGGCGGCAGATTGGCAGACTAGACCGAGTAGCGTGTCGTTCAAATTGGTTGGGGCCGGTCAACTAAGACTCGGGCGTTAGAACTTATTTTAGTCTCCGTCGGGCGTCTCCGCGAACTGTTTATTGATCCAAACCTTAGTCCACAATGGTTTCAAGCGCGTGATGGTTCTTTTCAGATCTATCGTCCCGGATGCTTGCTATAATATACTTTCAACACCGAGCTATACTGGATCGGCGACCGCATCGCCCGTTCTAAAATCCCCGTAGATCCTTTACGTGTACTTTATTTAGTATCA,1766,48.53,Arabidopsis thaliana
SEQ_205236,GGAGGCAAGGCACGGGGGCTCCTCGTACTGCTTCCATAAAGGGCTTGCAACTATGTATGCTCTCCTCTGTTAGGAGTAAGGATATCTACTTGACCCAACGTACCACTTCCGTGGACTTCCCTCTCAAGTTTTAATCCGCAGACGACGCCCCGTAAAACTGAGTTGGATCATTGCTGTTTTTTCACTAGACTTCACTACGGCTTAGAAGCGGCTCTAGAAACTACTTCATGTAATTTGATCATCGGA,246,47.56,Arabidopsis thaliana
SEQ_454213,GTAGTATGCATTGCCTCTCTGAATGTAGGTACACTGTGCACTATAGGCTCTCGCGTTAAGATTAGGGAGAGTGGCTCGACAACAAACAAATACTGGACTTCGAATTACTGTAATGACCCTTTTAACGTTGTAAAACACGATCTGAATTCCTGGGTGTAGCCGTTTCTATTTGAATTGGAAAGCCAATCCTACGTTCTATTACCAATACCAATGGTAATTGAATAGGGCATGCCGGGAATGGTCCCATAGCTTCTGGGTGGTCTTGGCCTATCTGTGGTCAATCGCTCCTAATTGACTGCCTGTATGATGTAACAGGCGCGACCGATCCACGTGCCTATGCGATGACCTCCGGTGCCCTCCGGTACGCGGGGGATAC,376,47.87,Homo sapiens
SEQ_948817,TGAATGTCATGCTGTACACGCGCTAGTCGTTCCTACGAGGTTTCACTCGCGCGGGCCTGGCTTCAGCGCCAGGTCTCGAAAACTCTAGGCGTGCACGTTCAGCAGGGACTCGGATACTGGCATATAGGGTGCGTGCCCTGTCAGTCAGAGGCGCTGGCCAGTGATCCCACAGCCATCATGCCATCCATTGTTATCACCTTCGGCGCAGGCTCCAACTCCCGAGATAGTTATACAAGCCGGTACCTTATTGTCACCGTAAGCTATCGAAATCTCAACGGGCGGGGGGATTCAGCTTCAGGCATACCAGGGCGACTACTTGTAGAGCACTACCGCCGTCATATAAGCGGGGCTAAGGACTAATCTACTCGCTACTGTAGAAGGCCAAGTATCTTGTGTCGATCAGCGAGCCCGAGATGGAGAGTGGTCGACTTCACCTTGGCGGCAGAACTGCCTTTATTGGTTCGCCGCTGGGCACGTGCTGGTCTCTCCGGGCGTATTTCCTTAGAAAGTGAACCAGAGAATAACGCCGGCCCGGGCATCTAGATGTGAGCTACAACAAACCAAAGGCTCT,571,54.99,Escherichia coli
SEQ_811695,TACTGCAGAACAATTATCGATGTGTGATTTATGTGCATTGGCTGTGGTGGTGATAACGGGTTGTTAGAATTTTGTACCACCTTATTGAGGTACCCACAAACGATACCGCGTTTATATTCGGCTACCGTGTTGTACGACACTAAAGCCTGCTAATGGAAGCGCTGTAAGGAGGTAACCTCGCCCCTGACACTCGGAGAGTGGCCGTGCTAGCTAACAGGCTCAAACAAATCATTACCTAGTATGACGAACCAATGCTCGACGTATTTAGCCCATGGTACTCTCCCGAGTGATAGCCGAAATACTTTTAATAAGAGCGTGCGGCCTTGATTGTGTCGAGAACAAACGTGCTGCGGCCCAAGGTCACTACCACCCAACGTAGGGCCCGCCTACATTAGGGTACACGCGGAATGACGCTCCTCACCAGTAAGTGACCACGATGCAGTCCCGGTGAGTTGTTAAGGCAAGCGCTTTACAGATCGGCGCAGGCTGGACCTTTTCAGCCCTACTACCTAATCAAAGCAGTACAGTAAGGCCCAAGCCCCTCAATACGGCACAGGCACGAGTGGAGAAAGAGGTGGGCGCACTATGACATCACCAGGCTCACCTTCAGTAACTGTAATAGACGGATGTACCGCATGTTTTGGCACCGTTTAAACGAGCCGTCGCACATCCCCGCCCTTACGTACCAAACTCCGAGTTATACCTGCTCTAGATAACACCGTCACCCCCTTCAAGAGTCCTTCCTACGCATCTTGGTATATCAGGAATACCACCGCTGACATTTTTGGAGGCTGCTAGCCGACTGAGCAGCTGAATCAGAATGTTCTGTAACACGAAGACGACTGCTCACAGATGTCGAACGATTGGGTGCTACGCGGGGGCACCTTTCCGAAAAGGGGGCCGCCATCACAAACCCCCGCTCCTACGAATACGTAATTAATTGGGCTGGTGCCGCGTGCTAAAACATGTCTCTAGTGGCGACTCACTATCTTAAATTATCTAGCCTGGCTGGCCTTCAAGACTGACTAAGCTTCGGGAGTCTATTCGCAGATTGCGGGTTGATTAGCCAAACCAGATTGGTGTCCCTTGTTCGACCCTCCAATATAAGCCCCTAGGTACTTGTCCTTGTGTGTGAGAGGGATGGTACGCTTCGATAAAGCGGGCGATCAAATTTCTTGCTGCCTTGGCCCGGAGTTTCAAACCGCGAAGGTAGATGGGTCGAGGATACGGAGTTGATTGCGAAATCTTCAAGTCCTATTCCCTACGGAGCTACTTGTACAGGGTATAGTCTGTATGTTTGGGCTAGAATTATGAAAGATTGGCATAGGATCTCCGCTGTTACACTTATTATTGCCTGTACGGTACAACGAAGACCCGGAACGAATTTCTGAGGACCTAGCCTGTCGCCCGGGAGGGTAGGCGGGTACTGGCGCATATAGATTCAGAAGTAGAGCTAGCGAAGAGAGTGAACAATGTCACCCAATGTGTTGCCCAGTGAAAGTTACCGCCGCCGATATGACTCTTATGGACCCATCGATGAATTAAACTACTGTCAGTTCCGGGTGTTCTGGAATCGCCAAGGGTCTCGTCTATCCCTTTGCTTCCCGCGCCTACATTCACGTCTCTGGCCCTGACCAGGTCCTGTTGGATTGGAACCAGTCTCCAGACGTTTAAGAGCAGAAACTCCTGAATTGCTCTGCGGGAAACACCGCCTGGAGGGTGATGAAAGTATAGCATAACTGAATCTTTTGAACGACAGATATCACATCTAAAATTGGTAACCCGCAGCAACAGACTCTCCACACGCGAAGTACTATTGCATATTTAGTTAGAATTGGTGCAATGTAGCTCTATCTTAGACATGTTTCCCTCGATTAATCAGGCTATATGGGTCATCCTCTGGCGACTGTT,1911,49.61,Arabidopsis thaliana
SEQ_842311,TTTGAGCATCGGAGGACTAGCGGAGGTACAGCTGGATCTGCACAGTTTGGCATTTTTAATTTCGGAAGCACTTGTTGTTCTTGGTTGTCTACGGTATTGTGGCAGCTAGGGTTGCCAACCTTCGCGACCAAGACCTCCCAGTATGCCGGCGAAGAGCTGACGCGGTGATAAAGAAACATCGCCAAATGGAATCATGGTAATGAATGCTTAAGCCCGGGTAGGTCACGTCTATACGGAACGTTCGATGGTTGAAAGCTATTTAGGTGCTGTGTGAGATAATAACGACAACCTACGCCGATGCAAGGTGAGACTGGGATGACACGCGGGTATAGAGGCCGTGGTTCTCACTGGGGGCTCCGGCACCCATATCGCTCCACTCCGGTATAGAAACTCGGTTGTACAACAATTAAGGATAAGACACAGGTAACTGAGGGGGCTTTAGCTAACTGATACCATGTAGTGGGCACACCCCAGAAGCTGGATCCGTCAGCTGCACCCTAGCTATGCAAAACACCTGCCGTTCCGCAATTCCTAGCGGCTAGGTTCAGGCTGCGGCTCGTGAGTGGGCCTGGCGTATAGCTACCGTCATACTTAGATTAATACATTGAATACCCTAAGTGTGCAACAAGTTTGGGAACGGCTAACGTGATCTCGCCCGGGCTGGAGACCGCAATGGCAGAGC,682,51.61,Homo sapiens
SEQ_694700,CATCGTTGTTTCACTTCATCAACGCTCTAATGGCCCTGGTAACAACCTGCTTTCCGCGATGCTTCTCGACAGAAATCGCAACGGGGACGCTGCTGCGTCCTCTTGTACAATGCTAATGGGAGTAAGCTTATCAGGGGCATCATTATCGCTTTGTGCTAATAACCGATTGTGGGAAGGGAATCTCGACTGACGTTAGAATGCTGTTCAGTAAAGCTTTTCAATGGCGGTCCCGTATAATCACTGTATTATATGTGCAGGGACTGTAGGTGGACGAGAAGTAAGAAACGAAGCGCGAGTCTCGTTTGGATACATGGACGTGACCTGCTCATCAATGTTGTATACCGTTCCGTAGCCCTCTTGCTCCGAGTAAGGCCATCTGCGGGCCCTCATTTGCACCTGAGTTTCCGTCTCTGATCTCTTCTGCTCAATGGGCGCTAAGTTGCGCTAAATTGACCGTGGAACTCTACAGGTCGACAAAATACACATAACCGGGCGGGAAATTTACCAGCCTGACATGAACAGTGTATCAATGTCATTAGTATTTGTTATATAGGTGTTTCACCTTCTGACATATCATCGTCGAGCCGGCGTTCCACGACTCATCCCTCTACAGAATTTATCAAGTACATTTACCGAAACGGCGGGAGCTCGACGACTGGCAATATGGATGAACCGCGTCCAAACCCTCGTACCGTGACAGTTCACTCGAGAAACGGACCAAGTACTGAAAAAGATTTTGTTCCACTCATATGGACACACTTTCTGTTTTGCCGAGCGAGAATCACACGGGTTAATTAACTGTAGGATGCATCTATCCGTTTTTCCCGAGGCGCTTACCATGATGGATACGTCTCTTAGATGGCGTCTCGTAATGCTGCGCCCCAAGATGAGCCTCTATCTGAGCACAAGAAAAACG,916,47.71,Saccharomyces cerevisiae
SEQ_807758,ATTGTCGAACTCGTGTGCCCTTTTACTATCCAAGATCTGCTTCCGAAAGTAACTCTCGAAGCATCACTGACACGTGGGCGCCTTCGGCGCTTTCTATTGAGCCCGGTTTGGAGCAACAAAGGCTCACGCAGGGTTCTGGCTCTCTAGGCGCCATGATACAGGTCAACTTATCCTACCACAGCGCGGTCCATAGTTGAGGCGGCGACTACAGCATCTTAATTGGCTATTTGAACAGCGAAATGCTTCCACCTCCCACCGGAAATCGACCCCTATGAAATGATTGGGGGGGCTGACCGAGTTACCCCTTACAGCTGCAGGCGATCCGAGACGCTGTGGGCTTCGGGTGCACATCGGCAGCTTTTGTATTAGGACGAAGGTCCACTGCGATGTCGAGCTATGGAACTGAGAGGTCACATTTGAGTTCAGTAGGGCCGAATCTGAGACCCGTAATGCGCCAAGAAAAAAAGCTAGGAAGTCTATACATCCAGTATAGATCAGAGCTGAGCAGCTTAAACTTTGCGTATAATATTCACTGGCTTACTTAGTCGGACGGAGGCATGTCTATCAGTAAGTTGTAGGT,580,50.52,Caenorhabditis elegans
SEQ_622792,CGTGGGAAGAATTCTACCGAGATAACCCCGCTGTTTCCCGACCTAATTGACGACTCTAAAGGCCAGGGTCTCTAATTGTCGCATTTCCTAATGTGCCGTTTACATCAGCATGTGTAGGATAGCACCGGGACTGTGGTGTCTCATAGGAGGACATCTGGCGCTCGAAAGTGTCCTTTCTACTTAGGGGTTACCAATGGGAGGTCAAACCTAATAGTTGCTAGCATGTGTAGAGTGCAGTCTCAGGTCCTCCTATGGTCCAGAGCAGCCCATTCTTGGACGTATCGTGGGACAAACCACGCTAAGGAATGTAGGCCTAGGCTTGGACTCAGCGTGCTCACAGCAACTGGCCCGAAGTGGGTAGGTTTTTTGGTGTGGAAAGCCCGTCTACAGCGATGTTGTCAGCGAACAGCATGGTGGCACTGTACATTACCTGCGCAACGATGGAGATTGATCTGTACCGGGGCCATGAAGCGCCTCTTTAGAATGGTGACTGCATCAAAGTGCTCTTGTTACAATACGTCTCCTAAGCATCGGCTCCTCATTATTTGCGGAGACTAAAGATCTGGAGGACGACTTAGTAGAGTTACCCGGAGTAGGTATGTAGTTCCTCACAGCAGGACTGTTCCTTGGAGAAAGCTTCCTGTATCCCAGACGTTCGAGAACGTAGACGCATCTAATTTGCGAGTGCGGGCACAGATACATTCCCCACAAGCGGTCCGTTAATTCTCTACGGAGGCAAACTGGGCTTCTGAAGGATAACTTTTGCCTGCCCCGGGAGAGAGAGGACAACAAATCGACCTCGGAGCGTAAGGCCGCCTCGTGGTCCCAGTAGCCAACACTCTGGCGCCGGCGCCAAACGTTTACTCCACACACTCGTTTCGAAGCTACGTAGACAGTGAATTAGGGCCGTTTTTAATATTCAGCAGTTCGGCGCCTATCCCAATAAGCTAAAATTCGCTACGAGGACCATGCCCAGCGTGAGGAGCGGTCGGTCTTCAACGCTCGTCAGTTTCCCTGCGTTAATCTGGACTTAGTTGGTCCACCGTCGATCCCGTCATATCAACTGCCCCATAGCATTTCTAGCACGTCACTACAGTTCTGAGCGGAAGCGCACATCGCCCCACGCTTTCCAGCAGCATATCCGAGAGTTCGTGTGCGTCCACTGGGAGACAGATACGTCACACCATAATATTTCAGAGTGAAGCAATGTCGCCGTCGGTGTAGGAGACGGATGTGCTTTCAGAGCTTACGGGCCCAGCCGGTAGACTTACAAATGATTCTAAAACCCGGTTACCATTGATATCGTACGTCAGAATGGCTTCGCTATGTTACATGGTCGTTAAGTATACACCACGCCTACTACTAGGTCGACAATTCAGGAGGGAGAGTTCTCCTCAGTACACGTTTTCTTAGCTTGAGAGACATTCCTGAGGTTGTGGGATTCAAGAGCTAACGCTGCTATACCGAGGGACCTATCATCGCCGGGGTGGTGAACGCTAGACAATACAGGCCATCCAATAGTACATCAATTGACTAAG,1538,50.85,Drosophila melanogaster
SEQ_206256,TTGATAAGGCGTCTCGAGTCCTGGGACATTCCTGAGGACTATTTGTCTTTGAGAGGAGACAGTCAAACGTCTTGCTGGACGTAGGAGCAGAGTAGTGACTTGTAATAGGCTCCACTTGAGAACCTAGCTGACATTTAACGTGACTTTGGCCTTGCGTATTCTGGCCACACGCGAATGAGTCAATGCTCGTCTACAGGAACGACGGAGGGGTATCATTCCTCGCCACGATGCCGCGTCGCAAGTTCAATAGCGTTCCGGTGGTTCGTAGTTTAAGATATATTCTTAAGTGTCAGAGGCTGGTCACAGTCTACCGAGTTTCGAAACAACTGGTTATGCCGGGTCGGGGGGGAAGCCACGCTACGGCGACTTCCGGTTGTGCGGTCCGGGTGACGAAATGTATTTTCAACAAGTCTCAGCGTCCTGCAGCTCGCATTAAACTCCTACTGCTCGCGGCACGGACCCCGTCTGAGACATGCTCCTACATTACATACCCTGTAACCAAAAATCGTACCGCTTCATACAGTTATCATTTCTAATCGCCTGACAACCCGTTAATCACCTAATGTGTAGACCGGCGTGGTATACTGAGGGATATGAAGCGCTTTGCTCTGACATCACTGCTGTCAATGATAAATGATTAAATTGGCGGGTGACGCCTCACTCGAGCCGGTGGATTGGCTCGTGCGTTCCCAGAGGTAAGTAAAAGAAGGGAGACTTACCTGCGTACGCGCATCAGTTTAGGCAATCGTTGAATGTTAAATCAGTCACTCAGATCCAATTCTGGTTTGCGTCCATAGTATCCTATACTCTAAGAGAGTAAGTATCTGTAGTATGTTGCAATCTATTGACTAATCACATAGTATCGTGAGACGTGATAAACGTTCAACTGCTGGACTGTTTGGCTATATCACATATATAAATATTTTATTAGATGTAAGCTAATTCTCGTGATCACCGACACAGCCCACATGGCTTTGGCCGCATTCGTCAGTGAATTAATAAGATCTCCCATTTGCGGATGCAATTATAACAGACTTGATCCCCGAATAAACAGCGTTATTGTATCTTCCCTGACGGGAGCGACA,1085,46.91,Arabidopsis thaliana
SEQ_885340,GGGCCCTGTTCTGAGAAACTGTACACGTCGTCGTGAAGCTTCCGCTCGCCCAATAGGAACCATCTGATCCGTTAGTCTAATCCGCCATCATCATGATAGTGCACAAAACTATACATAGCATCCCACCGTCGAGCATCGACCGCACGAACGTTAGTGATCAGTGATACTTGAGACCAGTACGTACTTCTCAGCCGCAGGTTACTCAAACGCAACGGCAGATACAATTGGCGATCCGAACTGCAGCTCGTGCTTCAACAAAAATTAAATGGTCCTGACCAACTAATCGCGGAAGATCCGTTGTATTTACATCTATTTAGGAATTACAGGCACCGGTCCTTAACGACTACTCCGTCCTTTCTGTGAGACTAGTATGAGTAGGCTGGGTTTCCCAATCGGTTGGTAAGAGCGGCGGAGATATAATAACAGGTGCAGCAGTACCGAGCCATCGTCATTACCCTTCTGAGGAGATTATTTATCAGGTAAACCGACACTTCCAGCCTGGGATGCCACTGGTGTCGCTTTAAGAATGAACAGGAGCAAGAGAGCGGCACCGCGCCGATTCGTAGACACCTGGTTTCCGCTGGCAGGAATTTTCTATAACACGTCATTTTGAAGGTACATAGATTTACGCTAGGGTACCGCTTTTCTTGTATGTATGTCAGGATTTCTTCCCAATGAAATTACGCTATTCAGGGCCCGCTCCAGTTCAGTCATCAAGCAAGGGTTGTGGGAGATTGTTCACATGTATAGGACTTGCACCTATTCGGTCAGTTTTACTTACCCCCTTTCCAGTGTAGTGTCCGGCGCAAGTCCGTCGCATTGACAACCACGTAAGACGCAAAAGGACGGATTGCAGTTGGCAGTGCCTCTGTGCTTCATCTGACTTGCTGCATGCTTTAGTGGAACTAAGGTTTACTTTGAAGCCACAACCCACAATAA,939,47.92,Mus musculus
SEQ_369147,CGCTGGTACTATTAGAGTATGCCACAATGACATCAAACAGAGCCCGTTACTTCCGGAGATTTGTGGTGGGCTGCGTACTATACACATGGGTCCCGCCGACCTAGGGGATTATGCCCATCACGCAGATAGGCACTCACAATTTCCGTAACACTGCCCCATAAGCCTTGTTATCGTGAAAAGTCCAATTATTCGACCGGATAGTACTACATGGCCGTTTCGGCGGTCATTTTTCCTGTGTTAGGAATTTGACAACACTTCTGCCTTTTGTGTTCGTGGTACAATGCAATAATATGGACTAAACGTGCATATCTGTGGATGGCCAGAGAGTCGAGCCGTTAGCATACCGGGTTTCTATGACCAGGGTTAAGTTTCATTATAAGCTCCGAATCTATGGTGACTCAATGAAATCAGGGGCCGCATTGGCGGCCACGGAATCCAATACCATCCCTAATATGCCGATAAGTTTCCAGCTGACAAAAAATCCACTACAGGACGACTGTGCTCGATGTACTACCCCACCTATACCCTCAGAGACGGCTCCGTTGTAATCGCTCCCGTAGTACTACTTGTAGGGACCTGGGACCATCATTGACGCTGTAGCGACATTAATGCCTTCGACATTCTTATATGAAATAGCAACAAACTATGGAGGTTAGCCACAGTTCACGTTCTAGGCAGAGCACCCCGAACG,691,47.76,Arabidopsis thaliana
SEQ_707156,TGCACATAGAGTTTTACGAGCGAATTTCGATAGTTCGGTTTCTTTGACATCGAGGTCATTAGTCGGCAGTTAATTCAATCGTATTACCGTATTTGCTGTTGATAACGAGTGGGTTCTCATATACTGCCACGTCGATTATCCGATTACGTAATCTAACTGTGGATTTAATCGACCAGCGGATCGGGGACTTCGAAGTCGGTGGTTGCTAGCTCTCCGACAACTCCAATGTTACGATTCTTCATAGGGGTATAACGGTGTTCTTTGAGCGGACGTCCGCACAGTACACAATCTTCCTGGGTCTACCCCTCACCTTCAGCTAGACTTACACGGGACTGATCCACTTCGATACCAACAAAATTCGAGGGTTGGGGAAGTAACGCGCTAGCCTAGAGTGTACCGAGCACGCTCCTGTCGTTTACGGAGCTGCTACTATCCTCTAGTGTTCACTATGATCAACGCGGTTATCGGAAAGTGATTGATAATTAATCGCCTCCGTAGTGGATTTTTAAGCCATGTGAGTGGCAACCTCCTGAGGATTTGAAGCGAAGTTGAATATTAGAAGAATAGCCTTCCGGTGTAAGAACGTGGTCCTCCGGT,597,46.57,Drosophila melanogaster
SEQ_239189,GCCACTCTGGCACCATCGTCTGTGATTAAAAATTGAGGGACAAGAGACCTCAACTATTCCTAGCAATCTTGAGATGTTGAATTATCCGGTAAAAAAGCGGATGTTTAGGAAAGCGGGAGTTAACCCAACAAGAACCGTGTCTTTTTATACCCACTTCACATCCTGAAGTATATAGGTTTTGTGTACCCGTCATTCACGTGATCTTCGTTCAGACTGCCCTCTTCAAACCACGCAGCAATATAGCGCAAGGCGTCCGTTTGGAATTGGATAAAGGATCCCGTCCTCGTGGTGCAAGCATTGAAGAGTGATCTAAGTTCTTTATCATTCCCGTTATGGCCTCGCAGATCGTTAGCCCCTGATGAGTCCCAGAGGTTCAGGATCTGGGCCTTATAGAAGTACCGGACCCTAGTCACTGCTCTTCTCGCATTCTTCGATACTACAACTTGTAGTTTCACGTCGATTTAAGGGAGCTTCCCTCTTACCTGAGAGTGCGTCCGCTCCTTACCGCATAAGGAGTGAGGAGTCTCCGTGCAGTGGGTTGGTACTGTTGTCTAGGTTCTTGGTCTCGAGCATGCGTGACGCTATGTCTTTCAGTCCCCGGGCGATCATAGTTGGTCGAGTATATGCAAAAGTTAGTTCGTGCAACAGAGCTGCCCTAGAACCCGCCTCGATCAGATAAAGGTCCTTCCTAAAAATAAAAAATGTTTCGTAAGGCGGTGCGCTCGACTTGTTCTTAGCTTTTGACCATACCGGGTAGAGACATTATTGATGTCTCCACGATGTACTACCCAAATGCCAGATGTATGGTGTTCCGGAGGTTCCTCACACCCTAACGTGCACCACAACTTACAATACCTTCACGGGAGCTACGATTCATCGCTGCCCAAAAGGTGGCTGGGGCTAAATAGCGCGCA,914,48.03,Homo sapiens
SEQ_858737,ATGCTTAGCGTCCGCGCAGAGAGATCCACAGATATAAGTGAGTCGCAGGACTCTAATGGGCGCGGTACTCGAGGGGCGTGACCGAGCTTAGCAGGATGGGCATTCACGGCAGTATTTATTTCAG,124,54.03,Saccharomyces cerevisiae
SEQ_965035,GGTTGCGACGCTTTTCGAGGATATTGCAACACGGCACGGTTGTTATCTACCTTTTCAATCATCACACATGTAACTAATTGCATCATTTCTGCATACCGGGATGCTTGACGCTAGAAGAGTCTCTTTGGAGCCGGCCCACGCATGTCTTTATATTCCTCAGTAGTTGTATGTGGAGCAAGTATTAAGGGGTCAAGAGCGGATAGGAGGCGAGGACGCGGGTCTACCGGTGTTGGCAGCGCGCGCGCACTACGAGGTCCCCTCGATGCTTCTCGATGGGTGGTTTTCCTGGCACAGGGAACTCACCAGCTGGATTTGTTTAACATTCGACACGCTGCGTAGGCCGTAATGGTCCAAGTGCCTTATGGTATCAGATGTCACAACAGGTTTAATGTCTTACCACCAAGGACTGAGGGCGTTCAGATGTGCCAATATTTCTAACCTGAGGCGACGCCTGGCCTCACCAGCGTGATCATGAGCTACAATGGCCATCAACAGTTGGTACCATGTCGAAACAAATACCGTTGCAGGGATACACGTTGTGAAGCTTCTCCTAATTTATCTCGCGCACTCGGGTTATCTGGCTGAGATCATTGATCTAAGAACAGACCTGCTCAATCGGAACGAACCACTCGCCCTCACTGTCGTCGGAGGCGGAAAGTCGAACCTCCTCAGGTGTCACTGATTTTCCGTAATACTCTTGAATTACACGCCCTGGCTGTTTTCCGCGATGTATTTGCCCACGTGTTAATTGAAGTGCCTTCGAAAATCTATCACATGCGACTTTGCTACTCACGCCCGTCAGTTCATGGGCACCAAGCGGTATACACGTTTAGTCTACCAGCAGTTACGGGCCCGCTGAGGCGCCGTGATGTGGACATTTCGCGTTGTTTGCCGGATGATATCCGTGTGTTATCATCAAATCTACGATTATTACGCAAGATGTCTCCGGATGTTTGATGGCAGATTTTTGTATGAGGCGGGCCCCGTACCCTTGCTTCGCGCCTCGGGTCTAGCCAAGACAGGTATCTCCGTGCAAATGATACTGGTTGCTTAACGGGCATCTTACGGATAGTCCTACATAATCCGACTTTGTAAGATTGTCCTGCGACCGGGCGAGTTTTTGATTTATGGCTCGGTTGGAAAAATAAAGAATGGCGATCGATGACGTGGTTATGAAGGGCACCGCCCTTGGACCAACACTCGCTTCCATCCTGAGGAACTGTTATACGTTGCGGCTAAGCTTCCTTCCTTACACCCGCTTTATTGACTAGCCTGGACAGCGAGCCCAGTGGTCAAAGTGTCAATATGAGGAGTGGGTGCCGCTTGAGCCTTAGAGCACTGGGTTGGATGGATCAACATAAAAGACATGCAACCGTCACAAACGTCACTAGCGAAAGGAACTGGGTCAGCACTTAACTACTGGAACGTCAGAGCCAACCCCAGGTATCTGTTTATTCGTGTCACCTGAAGGAGTCGTAGGGTCTGCCTCGGAAGGGTATCCTCACAG,1507,50.3,Drosophila melanogaster
SEQ_499221,CTGTTAAGCATCGTTGATAGGGGGGAGCTCCAAAAGCCGTTGTTTTGGTAATCATTCGACATAACCCTGGCGCCCTTAGTGACGGGAGACGTCACTGCTACATATATAATTTCGCGAAAGCAGTGAAACCGTTGTCGCTGATTGAGCTGTATTTTGGGGTGAGGCTTGCCGAGAAAGCAGTGTAAGGATCTGAGCTTCTCGAGGGATGCAGCCATTAGCCCACACGCGCTCCAACTCCAAATACCGCATCTGACTCGCCTGTCCGCGGATTGCCAACTCCAGAGCTGGAAGCACCCACCTTATCGACATTAGCAACCTCATAACGTGGGAGTGCGGTAGATTCGTCAAGTAGTAAGTCATGTTTGGTTAATCCGAGGCCAATCAAATTATGGGACTTTCCCGTGCCTATCCGCATCTCTGATCTGCGACTTTTTGATAG,439,49.89,Caenorhabditis elegans
SEQ_808586,CGGTTGCCGTAACAGTACCCGTCACAGAGTCCCCAAAGGTTCGTTTGTATTCTCTTCCTTCATTACGTAATCATAATCCGCAAAAGTCCATCTTCGCAGATATATAGCAAAACGGCGGGAAAGCACGTACTGAAGGGGAAACCGATGGTAATTGCATTAGTTGTCTGTCCGCGCTTTACGCCGTCGCATCTGCTGCTCCATGCAATCAAGTCGCTCCGATGCGAACTGATCCTGTCTTCACAAATATCTTATCAGTGTGCTAATGTTTTGTCAACAAGTTGTTTACTTTCAGATCTGGTGCCCAGACCAGATACAGTATGAAAGGTATTTGGCGACGGGATGATCGTACGATGCGCCTCTCAGTCCCGTAGACAACAGGACATTAGCATTTCCGCCCGTAGATGCATCGGGAGATGCTTGGTGTAGTGTGGGGTCATCAACACCAGGTCCCTCAGGGTACCGCGAACCAAGAATGAGTAAGAGCTTGGTTTATCAACGGCCTAACCCTCACATAAGCGGAAACACGGATAACCTTATGAATGGTAGCTAGCCCTTCGCTCGTCCGAAGGAA,571,48.51,Caenorhabditis elegans
SEQ_918504,GGTTTTCCAGAACTCAAGGCTTCGATTGTCGGTGGAGATATCAGGGATCTGGTGCTTCTGTGTCTAGCACTTACTAATCGTGCTCATAGCCTCAATCTTTTCGCCGGGGGGCCCGAAGCACGCGTGAAAAAGCCAAGGGGACTGTGCAGTAATTACATCTTCCGCAATCCACGGTATCTGCTCCTTTTCAGCCAATCGCCCAGACGGCGGCCAGAGCAACCGGGCGGGAGGAGCGTGTGCCACATCAGCAAGGCCCTGCGTTAATGGTGCTGATGCGTGGTGGTGTATTAGAAGAACAAGTACAGTTCTGTTAAGGGGGGAAAATGCATCTGCGGAGAGTGGTTCCCCTGGACTAGGTCTCGACAGATGCCATCTCTGGGCAGATGCTGCACTCACTACGTTAGTTGTATTGCGGTGAGTGCACTTGGGAAACAATGGCCGATGACGGTCACACGTAGTCGGTAGGTACATATAATGAAGAAGTCGAACAAATCATCACTAGAGCAAGCCCACTTCCCAGGTAACGGTCATCAGAGTCCCCTAAGACTCGTGATCGGCTTGAAAGTTACCCTGGAGATCGAGTTGAATACCTAGCGGTGGCGACGTGCACATATAAAAAGGATCCGTACTGGGACTTATAGTCT,644,51.71,Drosophila melanogaster
SEQ_472213,TTAGAGTGAAACCGCAGAACCGCAGACGCCAAAGCGAGGTCTTGGTGATTTGAGGAGACCCGCGGATTTAATACATCGTGCCCGCCGGCAGCCACATCTCCGGATAGCGCGTCTTGTAGGAGTCTCCTTGTCACTGCACCCCTGGACAGAAGACAGTGGTGATTTTTAGGGGACACAAAAGAAGCAGGGGAGCAGCAGCTCAACGATGCCGAACACTCCCGCGGGCACGTTGCCCGCTGTAGCCGGTTTTAGCACGAGCATATATGTGCAGAAGATGCGTTTTTGGCAGGGTCCCATACAACAATCCACATCAGGTACGGATGCCGTTAGTCAGCTCTGTGGAGGTTTCGTAAACCGAATAAATGTCGCGCACCATGCACCGTGGTTCGGTCAGGCCTGCGCCAAGCTCCTTAAATCAGACACGATCGTCAACGGGAGTAAGTCATCGTCTGTCATAATCAACGAGTGCTAGATCGGCGCAACGCTGAGCATGGGATGACAAGATCTTAAATAGCTACTGTCGAGAAATTTGAAACAGTATATTGCAAGCGACAAGCACAATCCATAGTACTCACGGCTTATCGTGCAAGAAACGTGGTACATACTCGCGACAGCTGTAATCCAGAGAGGACCGGGTGTCGATGAACGGTCTAATCGATCATTACTAACCCCTTATGTATCTTTTCAAGACTATACTTGCAATCCGGGGGTTATGCCGAAGCCTAAACTATAATTTCAGTACCAAGCTATCAGGTCAGTTTAGGGAGGGCCAAACACTAGGAATGGTAGGTGCACTGATTGACCCAGTTGGATATTCGCAATACCCCGGGCACTGAGATTTGTTGGGACTAAATTCCGTGAACAGGACAAGATAGGCTTCCCGGCGCCCAATCCTGAGGCGAATCAACGAGAATCACGACATCCTTACAATCAGGTAACCCCTACACTGGGATGGTCATGTCGCCACTAGATCTACTCCCTTATAATCCCTAGTAGCCTTCACTACAAGCAAAACTCCACTTGAATGTAGTTACGCACTGGCGATCACCCGGCAATCCTAATGCGAATTACGATCCAAACCTTCCTTAGTTGTGATGATTGGTTAACTGCATCTTACTGGAAATTGGAGGATTTTTGAAGCACTAAGGTGCGAGGTTATCCAAATGCGCGAGCTGCATTCCGATGACGAGGGTATTTCAACACTCTTGAGCCAAAGCTCTTCCACCCCGGCTCCCCCATGACGTCTTCAGTATCGATAAGGGACCCACTCCGGTAGAGAGGATCTGCCTCAACGACACCCAGCATAGCAGTGACGTCGGATACCCGTGCTTACCAGAGCTATTTGGGTCCGATCATAAGCCTTCTCCAGCTTGAGTCATAGTAAGTCACGATGAAGAAGACCTGCAAGATGATACACAACTGATCTAAGTGAATCATGTTATCCCAAGACGGACTGAGTAGAACCCACCCATCTCCTCCATAACAGAT,1488,49.4,Homo sapiens
SEQ_239406,ATACCTCAGAAGTACCTTCAGTCGTCGTAGGGTAATCCGATTCGTAACTACTCATGTGTGTGTGTTCCATCTGAGGGGACGTTATATTTTCTAATAGGTTGAGAGAATGGCGTCCGGCTGACTGGCATGAGGAACAGTACTACAGGTCCTCTCAATTTCTCTCGAATCTGCACTTCTATTTTCGTGTACCTTGGCCCACCAAGTGCGCAAGTTTCTTTCTAATTTTTATGGCATAGAAGTCTGACTCAGGATACGGGAGCGATACATAGAAATGTCTACGGACATCAAATGTATCAATCTTCGCACTGCATAGTCATCTGAACGGAATGCAACTCGAGCTCGTTGCGTCTTCGGCATACAATTGGACGTGTACACAGAGCTCGAATGTATCGATCTAATGGGTGTGCTGCATTTGGATCGCTGTAAGACCATGTACCACCATCCTTCTCTTTGGTTACGAAGGTGCCGTATGCCCGGATACGACACAAACGCTTACAGTATCGAACAGTCTATCGGCTATTCCGAGAGTGTTGACGACATTATTCGGGGGTTGAGACCGAGTAGTGTAAGGAGCCTACTTTCCCGACTGGCTTAACTATCTATGCTGTGGCCACCTACCACGATCCATGTGAGGTGTTTTGGTGCGTCAAAACCGGGTAACTCGGTAAATAGTTGGGCTCGTTTGTCGAAAGCGGGTTTCCACGCTAGTTAGCGGTTCTCTTGCGGCGGCTAAGGCTTAATATTGAGAAGAAGATGGCTTAAGAGGTCGGATCTGGACAATATTTACATACCAGTAAACCACTCCACCTCATTTAGCCTGTGGTAGTTGGCGTGTCCAGTGGGAAAGAACGCAATCTTCCCAGACCACAAAGGGTGCTTTTGCACATTAGTGAGGTTCCAGATACGAAACGGCCTTATTCATCAGCATGGAGTACCCGGGTCCTTCGACATAGGTCATACTCAGCACGCTTGGTGAATCCTCGAGGTATTGGAAGAACTCTACCCGTGCGCCTCGGGGGTCCTGTGTAAGGACAAGTCACGCGCTCTGCCAGTATTGCGGCAACAATACGGCATGGAGCGTATCCAACGCGTTGCTTCCAGATAAACACCGACCAGCACCCTCAAATAGAACGCCGCTAGTTATGATGAAACAGGCAGTCTCTAGCATGTAGGTGGGGCAATAGATAGCTCCTGGATAACGGCGCTGAACTCCCTTATGAACTTCTCGTTTATGGAACGTGACAAGTCCGGAAGAAGTGAGTCTTTTCCCCCTAACGTCTTTCGTAACCGTTGTCGTAAGATACAAAAATCGCCACATCATAAAATCGTATGCGATGTCACTTGTTCAAGTGCGGTCGCCACTGAGGTCCTTACTCATGAGATCTTACTCAAACAAGGCAACTAGTGTGAGGGGTGAAGCGGACAAAAGGCTCAATCACTATGTCTTAAGGTAGAAAGACTAGTATTGCATGTACGGTAATATCAGCGGTAATTGACTCTTGGGTCATAACAGCATCCGCCGCTATGTACCTGACGAAGGCGCGCCCATCCTGTTCCTTTGATAAGGGGGATTTCTCTGATGAGTGCGCTACTCATGTATATTCCCCTAGTGAATTTGCACGGTTGGCCATTGGCCATTGCTCTACGAAACCATCTGGACT,1661,47.92,Escherichia coli
SEQ_718237,CTGCACCGACGTCGTGCGCTGACTGGATGCTGACGGCTGGCGCCGCACCCCCGTCACCCCGGTATCTAAAAGCGTCAAAAAAAGTTTGTCGGGGTGTATTGTCAACAGTAGCCCCATTTACGTGTGGAAAGGCCCCGCCGAAGGGTCAAATCACCCTCCAACAAGCTTTCTGAACACCGACAGACGTTTAAGCTGATTCAAAGAAATTGTTACTTGAAGTCATCATACGATCTTATCAAAGGCGTTTCGGCGTGACTTTTTCATCGCAGAGCACGACCGATGAGGAGAACGTCCCAGACGGCCGAGAGAACTTGCAATTTTATCATTGGACCTAAACACCGGTACAGGTTTGGGGCACAGTGATTCGCCCGATATCAAAAGTTCTGAAATTGATAAAGACGACTGGAGCTTAGCAGCCTGTGGTAAGTTAATAAAATCTTACTCCACAACAAAGTCGACTCACTCGCGTAACCCACCGTGGAAAATGTTGATAGCTTAAACCTATTTTAGATTACATCATAATAGGCTATCCCGTTACATCCTCACCCATAACGCTGAATCCGCTGCATTTGACACCCGTACGGTTTAATACATGTCCTCTTATCCTAGCCATCGAAGCACTTGCCAACAGAAGCCATTCTCGAACGTCCCGCGTCCAGCAGGATAACCAGGGGTAGGTCGTTCACCTGGATACTTGGCCAAATGAATCAACTTCGAGCAGAACGACATGAAGGTCCTCGACTAGAATTCTTAACGCACTGGAGAATTCTGTACACCTGCGGATTTAAAAGCACGCGACAGGCACAACAGAACACCGCGGTCTGATAATTGTCCACACAAGTCGCATGACGTCCCTAGTGCGAGAATTTAGACGCGGCTGCCAGATGCACGTTGAGGATTTATTCAGTAACGTACCGCCATCCCCCGACCAACATGACTGTCACATCTCTTCGTACCATCGGGAGTTCATTATCATGAGGTTCGATCGATAAAGTTGAAAGCAGCAAGGTGTCCCCGTCGGGCCTGGGCAATGGACACGTCCTCACGTCCGGGGTGAATTTCAGTTAA,1068,48.97,Mus musculus
SEQ_592677,TAAGCAACCTCGATCTGATTGGCTTCTTACTTACACGCAGTTCGTACCATTCCGCCCGCCTCTTCTGTACGTACTGGCGCACTGGCGAAACAGAGCGG,98,54.08,Saccharomyces cerevisiae
SEQ_395371,GATGGCAAGAACCGGCCATTCATTAACCCGCATTCACAGTGTTCGCTTATTCACGCGAGTGGAGTTGCGCGGCGTACTTCACCCATACAACGTATACTCCGCCGGTGTGACGCTCTAATGATCATAAAAACACCTATCCAGGCAGACTCCGTCCCCGCATCGTGTGTTTTACTCTGGTAATCTCGTTTTTGGATCAAGTTACTTGACTATGTACGGGATCCTCATCCCCTTCCTCCCGCATGAAGGAATGACGTTGGGCCATTTACCGGAGCAGTTCAAGGCTGCGCCTGTTTATTACCCATAGGATACTACGGGAGCCGGATATCAAGAACCCATTCATTACTATGGATGAATATGGCCCCAGACACGGGAGGTGATAATTAACCCAATCTGCCGAGGCGCGCGAGCAGATATTGGGCTTTCGTGATTTCAGTTTCTTCACCGAGTCAGCTACAGTTCTCTCACCCCCCTGGCATGCAACCCAACTGTCATAAATCTAAGCCGACCTCTGCGCAGCATAATTCTGGGCTATGGATGAGTTCGAGAATCGGAGTTTGTCTATTTCCACTCTATCTGGGCTCGCCTCCCAAGGTCAGTCAGGCGTTCGATCTCTTCGCCGCGCAGGCATGGACGCCTATATTATCACTGTCTATTAGATAATGTTTAATAGGTACCAGCGCCGGAAAGCTTCAACCATACACCAGAGCTCAAGACGATACCTGTGCCCAGACCCCTCGATGGGTTACGGGTGCCCCACGGTCGGCCGCCCCACGTGGGTGGATTGATGGATCATTATTGAAACTCATCGGCTGATCTAGCCCCGGGTAACTTAATCTTGGGGAATGTCTTTGGTCAGCTCGGCTAGTTTCAAAGATATTTCCACACCTACACCTGTTGGCTAAGATGGTGTATGTATCGGCGTAATCCCTCCTGTCTTCGATAACGTGCCCTTACGACTTGATGATTAAATCTTTCCTATCGAGCAGACATGTGGCATCCATGATGCTTGTGGCTAGGTTACTTTAGACGACGTCGGGGCCTAAGAGTAATCCACCATGGGGAATATTATAATACAGACCTCCGTATGTACCCTACACAAATCATGTCCTATGGCTTACGTACAGGTGGTACGGAGGGAGCGTAGCTTTAGGGTTAGCACACGCGTTGTAGCCTCCAGGTTTAGGAGTATACGATCACCCAACGTCCGTTTAGCCTGTGGATTTACATCATACATACGTGGCC,1242,49.84,Saccharomyces cerevisiae
SEQ_882859,GCGCACCGTAGGGCACTTACAATACACACTGCGTTTCGTCAGAATTCGGCTTGGCCTAGGCCAGCGTTGTTGTAAACCCATTTGTGGGATGCAAGTAGTAACGAGCCTATTTCCAAGTGGGAGCGGACGTGTCGGCCTCGAATTTCTATAAAATAGAACTGCATCGGGATTAGCCTGATGAACCGCTTTTCACCGAATTATGGACATTGTGAGCTTCTTCTAGTAGACGGAACGCAGGCTGCGGAGCCATGGAGGGTGATGCTTACAACGGGTAGGGCACGTCCAACAGCTCTCCTTTAGGAATAGTCGGGGTGAGAAAAGAACTATTGAAGTGCAGGTAACTAGGGCAAGAGCTCATCAGTTTATGCATCGTTTGAGTCACAAGTGTATTCAACATTCGGATTGCCAGAGACGTGTCATGATTTCGCGTGTTTTTCGTGGAGCTCCACCTACCACCACGGAAAGACAACTCTTGGCTTCATCCATTCATGCGTCTCAGACCGAGGGCCTGTCGTCCCAACCGCTTTTCAACATACATTACTCGTAACTCGCCTTTCGGGCCGGCGGAATAAAAAGAGCTTTCACAGGGAGAGGGCCCGTACTGCCAATGCGCAGGACGGAGGATGCTGCGCG,633,51.03,Mus musculus
SEQ_228470,GGATCCCATCCATCTTGAGGGGTGTTTTACTTGCAGTTTAAGGTTTCGTGGGACTCGATTATGCTGGCTCGGCCATCCTGGCCTCTCTAGGACTGGCTGGCCCGTCTAGTTTCGATTATGCACATAGTTAGAAGAGTACATAGGTGCGGCTAGCGAGAGTGTACGGATTGCGCTTATTGAGTCAACCTACCTTGCAATGGTAGGGAGCGGTTCTATTCACGGGCACGCTTCCTCCGAGTAAAAGTAGAGAACCCAAGCGACTTTCGTTCAGCGCTGATTCGAAATTAGGTACTCGGACCTTTGCTATACCGGAGGACACGTCGCCGTTGTATGGCCGCAGAGAGACAAAGATGTTTCAACCACGTTGGGTCAGGACCACGGCTTTAATTCCCCGAGCATCAAGGATTTACAAGTAGGTGAAACTCACGCAGGGGCAGAAGTCACCGAATTAGCAAATTAAAACTGTTCACTCGGGCAAGTGCCTAGGTGTAATACCGCCTGGGCGTATGTACCGGCAGCCGATACTTCTGAGTGCTGCGATTCGCCGACGTTAGCAGCGAGTTGAAGAGATGTATTCACCGTGCGTGTGATCAATGGT,598,51.0,Caenorhabditis elegans
SEQ_305511,CGTAAAAATTGCTCTGCTATTCGTGGACAAGAGAGTCACGAAACAGCACCAGCTTAACTTTCAAGTGAACTCACATGATCTTCTCGACGGTTTCTAATCTGGGCTGAACCTAACGAGCCTAGTACGGAAATTAGACTGCATTGAGTTCCAGGCTTATTCGGCGGTTCAATTCCGGAGGTAGCGCTCAAGGACGATCTAAGGATTCCCCAGGTTCCTTCCAGTATTTATGCAGTTCTGTGAGTATCTACTACAAACACATTTATGCCTCGCGCCATTAGTCCTGCTCTAGCTAAAACTAGCAGATCTAACGCGCGCAGATCGGTCGGCTGAGGTGTCCTGAATTCGAGGGGGTCACACGCACGGTAGCCCAAACACC,376,48.67,Escherichia coli
SEQ_184857,CGTGCTACTAGCTGCTCCGCAAGGGTCGGTTCCTGCGATGCGCCTCAGACCTAGATGCCATATCACGATCCCGCGATGATTTTCGGGGGACACGCAGACCGAAATTGGCATGATTCCATTTGGAGCTCTTGCCCCCATTCCGTAATTGTGAGCTCGACTCGAGAATTAGAAGGCTCCCCTTCCGAGCCGTTTTCATCAAACCATACTCATGGCAGCGGTAATGTACGATTTAACATGGAGCTAGAGCGTACATGGCGCGATGATTCGGAGTCGTTGACATCCGACCGCTCGTCAACGCGGATAGACCTTCGTAGACGAATTTTGACGGTGAGGGATTTATAAGATAATTTTCTAAGTAATCAGGTCCTAGGAGCAACCAGATCCCGGAGAACCCGTATTTACCCGGTTTATGTCACAAAGGCAACCGCGAGGAGGCGTAGCCTCCAAGAACGATGAGTTTCTAATACTTGTTAGGCCCCCCACTAAGTTGTGACACCGTAGGGCTGTTGGCCAAGGTATCAAATTGAACATACTTCTATGTATTACACCCCTGAAGGAGGCGGACACCGTTATTTTCGCGGTAGATTCTTCCGATTCGACAGTCTACCCAATGCGGGATCTTCACAGGTGTATTAGTTTAACTAGTCGTCCGTAACACTCTCTAGCGCTCGTCAAGACGTTAGGCTGTTGACATTCTGGATCATGCCCTCTGGCGCATATTTCCAGGTTTAGTGTACCCGTTAGTGAGAATCCATGTGTTTCGTTTGGAGACTACCGATGTTACTTTAGCTATTGGTTTGTTCTACGTATGACAGGAGGCCCACGTCCCTTGGGTACCCATGTCCCGAACACCACTATAAAGTATTGATTACTTGAACGTGCTTGAACACCCGAAGTAATGTGGGTCCGGCGATGACTACTTAAATCTTGCACTTGTCCTACTAACTCATGTCAAAAATTACCGGATATCAATTAATGTCGCTATCCCAATCTCGAACAACGCAAAGGGGTCTCAGCCGTTTAGTTTGTGGATCAGGGATACAACAGCCTTGTGAATGTGGGAGTATTAAACGGCTAAAAGCTACTTTACTAAGTCTTCCTAACGTTTCTTCGGACAAGGGCAGTAGAACCTGTCGGCGCACATCGATAGCTCTACCATATGGGTAGGCTTCCGATCCTCGAGGGAGGTGCCTTCGGGGTGACAAAAACTGCCGTCACATAACCTGCCACTTATAGCCTGTCCCCCTGAGCCGGGTGGGAAAGTTGCACGTTGAAGCCGTTTTGGTGGAATGCGTTGGCAGGTCGTCGTTCCCGGTAAGCGTGGTCACGATTGCGTGTG,1339,49.22,Caenorhabditis elegans
SEQ_104367,ACTTTGGTATGTGGACCTCCTTCCAGAAGACTATGCAATTTACTCCCTGACCCGGTGCTACGTGTCTTCGTTTATTAACATGAGAATTCTGCATAAATAGACATTTGATAGAGGATAGCGGCCCTCTTGGGCGTAGTATCAGGAACGACTTGGGTAGCATTTCTCGAGCCTTCGCGTGTGACGAGCGCTGCCTCGCCAGGCTAGTTTAAGATTATCCATACGTGAAGGACGAAGGATCGATTAGGCCAGAATGTGTGGGGGAACCACCGCTGATCCATAGCTCAAGCAGCTTTTTGCAAGTTGACAAGTAGGTTTTTCGGGGTCGGTTTCAGCTGTTACATTTCTGTAACTCTTGACATAGTACTTCCCATTAGACATTTGTTTCTACATATTTCCCACTTCTAATGACGGTAGCTTTCACATAAGACATAATGTGTTTTGTCCAGTAAGCCGAAGAATGCGATCATGCCCGTTGCATATTATGCAGGCGAGGCGCGTCCACTGAAACAACAGCATGTGTATACGCAGCGGCAGGGCTGCGTTAGTGTACAGCCTCAAACTATCTTTTCTACCACCAGAGTGAACCCGGATCTAGGGCGGTAGAGCCTGTCTAAAGAAACAGTCTGATCGCGTCTAGACAGAAATTGAGGTGCTTTAATGTCACGCCCAAGAGGCCCGATCCAGGCTTCGGGCGCACGTGCCAGTCAGGCTAGGGGGAACGATGATTAGAGCCGAATTGTGTCACCAAAACCGTGTACCCTGGCTACATTTACTTAACGAGACTGACCGAGTCGGGAGCACAGTTGGTTTGTATCGCTACATTATCCCATTAAATACGGGTGCGCTTGAGAAGGCTAGAGGGCGTGCCTTACAGACTTCCAAATTTCGATCTAGACTCCTCTGACGACTCACTGCATGACATGGTATGTTATAAGGTCCGTATATTAGCAAATCCACACATTCTACACGCATGAGCTCTGACACACGGGATGCAAGCCATCCCAGTAGCGGCACTGTCCAGGGTCCGATCGTGCGTTTAGTATGGGTCTACCATGCCCTGGCAGACAT,1068,48.69,Drosophila melanogaster
SEQ_864159,AACAGAGCTAAATCGAACAGGTTAACATGATCATGGCGAGGTATGACTTACGTGCATCGTATGTGTTTCTTCGTCATTTAGTTGACAGAGGTGCTGCATCGATTCTGCATTAAATTGCGTCAGTGGCGGACGTATAGGAAAGAAATCGACGCAACGATTTCGTGAGCCAGGCCTTCATACGCCCTCCGACATGGGGCCGGCGATCGCCGGGGGACTCTCAGTTCATACTGATAATCCGACAGTATGCTTGAATGACTTCGTAACATGAGTGTAAAGCAACGGTATGAAACGCTCTTGCGGGTTTAACTAGGCGCGAGAATACTCACTCTAATAAGCTTAGCCGAGGTTGAGGGGACGCATGATGGTCTAAGTTTGCCTCGGATGCAATCCTAAGTTCTTACGCCGACGATCTGCACTTGAGGCCCGCCCCACAACCATAAAAGGCGAACCATTCAAAAGGTACTGTAGAGCTTGTTTGCCCTTTTCGAATCCTGATTAGGGAGCGTACTTCATCAAGCATACGCTAGACGGGATTTACACACCGTGACGCAAAGCCTCCCCATGTTGATGTCTTGGCCCTTCTGTATGCGGTGTTAACGACCTCTCCCGACAACATTTGAATGCACCCCGAAACATTTGATTATACTTCAGAAGCGGT,658,48.48,Caenorhabditis elegans
SEQ_907786,AGCCGTATATACACCTTTTACCGACTAGGCTTTCATTGTTCTTCCGTTGGGAATGGGTGGCGACTCAAGGGTGACGCGTCTACAATAGTACCCACACAGAAACCGTGATGACTTGAAATGTATACGCTAGTTTCGTGTTCCTTGCGTGAGGGATCTAGACACATTGCACTTAGTCGGGTTTTGCACCTGGCCCGAATTTGATGTAGTCTTGGAGCCGATCTGACGCTGCAATAACTGCGCCCGTTGTCATACGCTGGATCATTGGCATGTATTTTGGAGTTGGTGAAATAGTAAGAAGATCTGGTATCGAACGCTTATTGGTGACACGATCTTTTCGGCCTCTTGGTATGCTAACGGATCTCTAGACGCGCATAACGAGAGACTGGCCTCCACGCTACCGTAGCTAGCTCGGGAGAGC,418,49.04,Arabidopsis thaliana
SEQ_504040,GCCGCGCTGGGCGGTCAACCGCGCAGGCGTAAGGAGCCTTTAGGGTAGCCCAAACCAGCTAGCTATGTCCGATAATGCCGGCCAAGAACGTCCTTCCAAAAGACGTTCTGCACTGTAACTCTAAACTTACGCACTAAAGTATTCTCGTTCCTTAAGCGTAATGGGGCGATAACTCCCAGGACCTCCTGTCGAGTCCGCATCAGAGATCCGGACGTTTAAGTGATA,225,52.89,Arabidopsis thaliana
SEQ_845632,AATATTCTTTTCAGTTGAGAGGTCTTCCGTGAGACCGCGGTCGGCCCTCACTGCTTGCGAATCCGTACTATCCATCCCGACCCCGCTTCCTGGCATTAGACCTCAGGCTATGGTCCAGCTATTACAATTCGACCTCGGCACGATGGATGATGATCCAGCGGCACACTATCCGCGCATGTTCCCACCTGCCACGTCGTCTTTGCCTAGTTGGGGCAGCAATATCTGTCGATCGGCCTATATCAAGGAGATGGTGCTGTCCCCGCGCATGGAGGCACAGCAGCCTGCATGTGGAGGGGTATAGGTGCCTTCGCTTTAGTAACTGGCGATCGAATCAAGTGGCCTATAGCCAGAGGCCGACTTGAATAGCCAATGTTGATATGGAGTGGGGGAGAGGTTTGCTACAATTACTAAGCTGGGGGGGATTTACCGTTCTTGACTCGTCCCTTAGATCCGTCCGTAAACGCAGCTAGTTCTTAGCGGAACGCGGAGTCTCTACCGTATGGTCGTCCAGTTGCAAAGCGTGGACGTGGAAGGTAGTTCTCCCTGCACTCCGCGTGTGGTGCCCAGATACCCTACTTAGGTTCCTACTCACGCCGATAGATCGGTCGAAGACTCGGTTCTTTGCGGCCAAACGGTTAAAAATCCCAGGAAACGGTCGCGAGTATGAACGAGGGGTTAACACCCGGGTCTATCTATTTAACCTGGTACCGTCTCGGCCACTCCACCCGCCGCTAACCATGCCTTATTAGCAGAGAGTTCTATCACCTAATCCGCAAATGGCCACAAGGCCCCGTAAGATCTAACCTGGTTTAACCGCTCTAAGACACCTTGTGCTTGTTGATTCATAATTTCGTA,855,52.87,Homo sapiens
SEQ_264450,GCGAGGTTCCAAAAACTTTATTGCTATGGAAGTGTCAGCCGCCAAGCCATCGTAATTCTGACAACGGAACGCCGCTGCCACTCCGCTTGTATAAATCCAGCTTGGGGGGTCTTGATATACCTTAGTTAGTTAATCGTAAACTCCATAGAGTCTAGGCACCACAAGGCAGAGTACGGCGGCACTTTACTTCTGGAGACGGGCAACACATTATTACTGCTCGTCCATCCGGATGCGACAGAGTCAACGCGTACAGGTGGCCAACTAAAAAGCAGTAGAAACGAGGTCGGGCACTCCCGATATCGGAACTGACCTGCGGTAATCGGGTGTCCGCACATTGCTCTCAGCTAGAACTACTCCGTCCTCCATGTCCGTGTTGCGGCTTATTCCGTAATGGCGCCGCCGTTGGCTATCTCATGTCCGCGTAACCAATGACGAGTAGCATTGGGATAAGGCCATAACGAAACTTGGTTCGAGTCTTACGCCTCCGGCCAAACTGTGGTGAGTTACTAGGATGAATAATCACGTGTACTACTATAGTAGCACGGTTGGAACGACCTCATATCCCCAGTAAACGGAAAACACAGGTACCATACCGACGTGCGATCTCGTGCAACGTCTCCAACTAGTACTGAGGTATACCGGGCTAAATTTCAAACCAATGTCACACAACTCTTGCCCCACGTAAATG,688,50.15,Homo sapiens
SEQ_838129,GAAAAGTCGAACGTTCGGACGATAATTGTGGATTGAGGGGAGTTGAGGCATGGATTCGGCACGGGGAGCGTAAAACCATGTGCAATATGGGAATTTGTCATGAACACGCGTAAGGGTATGCGCT,124,49.19,Caenorhabditis elegans
SEQ_764082,CTATTCGTTGTTTGATGTTTCACGAGGGCATAAGACTAGAGGTAGACTACTACGCACACATAAGAGGGCGAGAAGATACGTGTAGACAATGGCTGGATGATGTATACCACCATAAGTGAACTTGAGGGCATACTTCGCAGGCTGAGGAATTACCTATAGGACGACAACCCCGAGACCTCACTCCCTTTGAGGTTAAAGGTGATTCCAGCCTTGGCGTCTGCGTACCGGATACGTGAAAGATGTACAAACATACCTTCAATTTTCTTAGTGGGTAGTTACTTACCTTATTATCCCAGTGCTGAGCATCGAGAAGTTAATGTAGCGACAGTTCCGATATCGCATTCTGTTCTCCACGTTCGATTCTGCAATCTCCTTGAGTTGGATGAAGTATAAGACAATACGTCAGACGTGGCTCCTCATGGACAATTAAGCTAGGTGCCCCGAGTGACCACATAGATACTTCACTTTGAGGGTAAGTTCAAAGCTCATGCTCCATTATGTTGCAATAAGTATCTGGAAAACGTGTCGTTGTACTCCTCCAATGGAGTAATGAAAGCGATAGGATTGAACCCTGCTGCATGCCTGACGAGATAAGCATACGACATAATGCTAAGCTTGGGCCAACAACATGCATTGCAATGATCGTAGGAATAAGTCCTTACCTGGACATCAGGTTTGCCCGGCCTTTAAGTACAGCAATGATATGATCCCTTCGCTTGGAAAAATAGGCTCGGCGTCATTCGACTCCGTGCGCCGGACTACGAGGGGTCTTAACGGGGGCACATCTCCCTTGGACGTGGAGCATAAGACGTCCAGAATATCTCGCACTCCTTGTGTAGCGTGCACGAGCACTCTAGAGAATGTAGAAGAGGCCGTCAACGTGCAAATGGCCGTGTCAACCTTCTATTATAAAGGTATTTTCCCACCACGAAGCTGCCAAACAAACTGTTTACATCGGGTACAGGAGTCAGTCGGTTCTTGTACCCCAGCCCACTCTTCGTGTGCGACCGGTTTGGCCATAAATGAGAACCTCATCGTACGTATTGAATACTGAGCGGTTTGCGGAGCGTTGGAGTAGTCCTTCAAAGCAGGTAATGGCCCACTATATATCCGAATTAGTTGGTCTATGATTAGCTGCACGCGCGGATGGTACTCATCGATTGGCTTCTGAACGTGAACCAGACTGCAATAACTGCACCGCTTCGGTTAACTTAAAACCTTAAAGAGCGTGCAATCGACACAAATCAGTTCCCTACCAGACTTTGTGACACCAAGCTATGCATCGACCCATGGGCGACACAAACGTGTAGTGGAAAGCATACTGGCCCAGCATAGTGTAATCCGATCGTGGGAACGCATTCTTCTGCTTACCCGTGTTCGAGTTTAACAGAGGTAGACCAGAGTTTCAGTGTTCGATTCTTAGATGTGTCGTTCCGCCAGAGGTCGGCTACTACTACTTAGCTGAAGAATAGGTGAGCCTAGAAGAATTCAAATCACTTCCGATGGGGCCACGTACCAAGCAGCTACATATGGCCTCGGTGGCTTCCGGCGTCGCCGATACAGAACACTCAATTCCACACCCATACACCCGCAGCCTGTACCGTTACGAGGCTAGCCGGTCCGGCCCTGAGTGCCCCGAAAAAGAAGATATGGTTTCCGAATTTTATCTTGCTCGGCTTATAAAGATCGTTAATAGGAGGTAATCGCGAAAGAGATAATATAGCCGGAGAACCGCTGCTGGAGTCTGAGAGCACAAGCGGTTCCAACGAATGCACTTCGCGTCTCAACTTGTTGCATAAATACATTCGAGCCAACTTTAGGAATCAGGCACAAGAGTACTTACTGTCCCACGAAGTGAATGTACGGCAGTCGCTATTCGTAACTTCTCTCTCAAGGCTGTTCAATGGGTATTTCGATCTCCATAAGAGATTCTCTTGTCTTCGGACTCCAGCTACCAATACAACGCCAGGCCATGGGGACGAATT,1985,47.81,Homo sapiens
SEQ_995586,TATACGCCAGATTGGCATAACCCAAGGGGGGGATCCTATGATATTGCGCCGTACGAGCTAAGGAACCCCTCATAGCACTTGATACACACACACTGACATAAGGCCGGCACTCCGCTTTGGTCATCCTAAGCGCTCGGAAAATCACGCATCTGAGTGTGTTAAGCTTAATTACGTAATGACCCTGTTTTTAGCATCGCGGAGTTGATGCATACGTCCCCCACGACTCCCCCTAGGCTCCCACCAATGGGTTTCCCTGTTTATGCAGAACCAGTTACCTAGCAGTTTACTGAGGGAGGACTTAGTTAAGGACAACTCCCCCCCTACCGAAAGAAGTTCGGCATAATCACGTAATCAATGGACTACAAGTATTAAGACCCCTCAGTAGACAATACTAAGCCATGTCCTGCGGTTGACCATAGTAAGCGGTAGTGTAATCTAAACGTTGCGAGGGTTCGGGGACCACACTCAAGTTGACGGGTGGACGGCT,487,49.69,Caenorhabditis elegans
SEQ_978878,GGGCGTGCCAGTTTGCTAGAAATTTAAGTGCCCACAACGATAACGACGCGTGGGCTCCCCCAAGCGCCGGTGATCCAGGCAGTTGGTTCGATTGCGTCTGCGTGATTAAGGCAGTTGCAGGGTAAGGTCGGGATATCAACAGCTCCGAGGTTGTGATAGAAAAGTGTCGAATAAGCAAAGGGGAGTGCCAGCTCCCTAGCCGGCATAGCACAGATTAGTTGGTGTGTTCAAGTGAAAAGCCACTGCTTCCAACACAGGAGCAACTCATCACGTTGGAGACGGGCGCGCACGACGGTCAACGTTTTCCCACTTGACACGACCCTAGTAAATTACTCTATTCCGCCACCTCGTGGTCACCTGTCCATTACAGGCGGACGATAAGTGAATGACGTACTAGTGTCCTTCTTCCTCGATAGGTTTCAGAGGTTTTTATACCGTCCAACACCCTCTACTTGCATGTAGAGATTCTCCCTTCCCCCGACGGGGCACCGCTGCGTGACGGGTTGTGCAAGGTAAAGATTCCGTGCTGGCGAAAGAGTTTCATCTAGGACAGGCATGTGGTACGACGGCTCGGTACGTAATCTAGTCCGGAGTATGACAACGCTAATTTTGCTCCGACTAACGGGCCGCTCGAATTTTGCTTGATGCGAGGTCGACTATATTTGTGTCAAAAAGCTGAGGCAAGGTTTACATATCAAACAAAGTGTCGTTCAACGAGGGGGTGGGATGCCAGGGGTCTCTGGGCTTCAAGTCATACTCTTCGGGTTGGTACAAACGGAATGATTCAGCTCAGTTAGAGGTCATCAACCGCCGAAGCAAAAGATTACAGTACCGCCTGAACCCCATACGGTCGTCTTAATCGAGCTTGTTTTTATGAGTGGTCATTGAACGTAGAGACCGAGGTCGAACTGGAATTTTGATCGTAACATTCCCCAGCTAATCTTACACTCTTGGCTAGCATGGTCGGATGTTGTGACACCCCCTCTTTGAAGTCACGTACGGGCGCCGACAGATTCACCCGATGCAGAACGTGCGGTAGCGCTCAAGCTATCTTCGGGTCTCACTCTGAAGGAATTATAGAGATCAGTGAGGGATCTGGGGTTAATATAGCTCATAGCTTGGCGTGATTGCGCGTTGGGCCATCGCGGAGCAGCTTGAACTGCTTAAAGGTTGGTAACCGTCATACTTAAAAGGTGCGCAGGCCCGCAGGGATGGACTGAGACTAGTGAAGAGGCGACAATCGCTGTCAATTGCCGGGTCGTGCTTACCACACGGAAACTACACTTAGCATAAATCTGTGACACGCTTTATTCGGAGGAAACAAAACCACACCCTAAAAGATAGATTCGTTTAGTACCGGAGTAGCGCTTTTTAATATGGGGTTTTTGCTCCAATAGAGTCGGTAAGTTACAGTAAGGGTTAAGGTGCTGCTGCAATTAATAACTAACTGGCCATCGGAAGATCGCGGATCCTTCTGAAAGTATCAACAGGTTGGTGTTGAAAATGGCGCTTAAGGGCAAGGGGTCCTAAAAGCCAGCGTCTACGTTAACATTTCTCCGCAACTTCTAGATACGACCGACGACCGCCGGGTGCCACGCACCTGAGATGAGCGGGTCTAATCTCGCACGGACTCAGTGTCAGGTCCCCCCGAGACGCGCGTGGTGTCCGACGCTAGGTGCCCTGGGGTCTGTGAACCCTTCCTTTAGTTGTGCTAAGCTTAGGTAATGCCACCTGTCCAACTAAAAGAAGCCCCCCCTAATCCGAAAT,1767,50.76,Caenorhabditis elegans
SEQ_601416,CCACCAGCTAATATTGCCCTGGTCAGTCTACAACTGTCCTATGTACCTCACTTCGTGGGTTCCCTGAGACCTAGCAAACCCCGGCACATCCAGGCATCCATTCCAAGTATCGCGGCTGACGCTAACGCCGCTATTCCCACCATAAACCGAGACCCTATACGCAGACAGGTTTTTTGTGCAAGGATTTTACTCGGCTCGTGACTAGACAATACCACGGATCTTCTGCACCATGGCAGCATACGAGCGTGTCAACTGCTACCTAGATTGGCGAACACAAGGGTAACACCTAGCCACCGTGCGCTTCCTAAAGTGGCGATTCGTATCTGTGAAGCACGCAGACACTACACGTAACATCGTATTCAAATCCAGCGTTAGGGGGTCAAGCTCTGCGCATTGGCAGCGTCGACGGTGATGGTAAAAAAGCCACCCTGATTATGGGAAGGCTTAAAGCATGTACATTTAAGTCCTGACTCGGTCACCTAAGTAAGGAGTATTCTTATACCTGAGCGATATGATCGAGCGTCGCTCTGCCCCGACGGTCCGGCAATACCGTGTGGGTCTGTCGGGAGACGAACTGCAGGGGAGCTGTTCCGGACGGGCTCGCAGGGAAAGGCTCGATTGAGGCA,626,52.88,Escherichia coli
SEQ_183868,ATGCTTTCACTAACGACACGTGTAAACGTGATCGCCAGGATCATGGCTCCAACGGAGATCGCGACTCGAGATTAGTACAGGATTGTGATAACAGACATTACCCTTAGCGGCCGCACACGTGTGCGTCGCGCACCAT,136,52.21,Homo sapiens
SEQ_686868,GTCACTAGTCGTGTGGTAATAGGGCGTGGAATATACAAACAGGGACAACAGCAAGTCGGCTTGGGGCCACGGTTATTGCGTCTCGCACCGTGACTGACCCATCGAAGAGGCAGCTCAAATGTAGCTGCTCTGTTTACGTTAAGCGCCGATTTACAGTGAAGTTGCCGCAACGCTTCGGTTAAGTCGAACCTCACATTTGGCCGGCAGCGCTCTTGCGACCGTCAAGCCTCGCCCACGCGCGATCAGGGGTGAATCAGTGGCACATCCTTTGTAAAGACCTATGGTCACATTTCGGCAAATTCGACTAAAGGCCACCTGGTGCGACATCCCCCAGCGCCATAGGTATACCTCCTGAGGACTTGAGGCAATGCCTGATTTGCTTTTTTGCACCTTTAGGTGCAGCGTATTTAAAGAGTGGTACATCTGAGGGCCCATCCGGGTTGGCAGATCCTACCCATTCGTTACTGGCCGGGGAATTAGAGCCCGGGGAGTATTCCGTAGGCAGGGGGAGGTGAAATAAAGGTGCATCAGGCCCTGCGGTGCAGAATCATACATATAACATCTAGCCTGGTTTAGGGCAACATGTGCGAATAAAACAGAGAGGTCTCATTGTTGTAGCGGATCAGAGTTCACGATAGTGTAGAACAACAATTCGTAAGATGGCAACACAGCCAAGCTAGCATCTGATAGGGGCGGACAACTCAGAAGACTGGCGCATGTGATGGCTAGAAGATCCTAGCGCAACGGTTTGGCTCATCAGTACCTTAAAGCCTAGTCTGGGGGAGCGACACCGTTTCTGTCTATCCAGGGAGAGGCTATCGGCACGGCGAGCTACGTTGGAGTCATAATGCTGCACATCAAGATAATCGTTGGGTGCCCTAGACACTCACTGTGCCCAATGTGTTTTTTACGTCTGGTAAATGTTTCGTTTTTGAACCGGATCTGCTCAAAGCTGAAACGGGCTGTAGTGCATTAGGTTACTCACCGCCCTTAGGGTTTCAACAGCCTACCGGACATTTTTCGTCGTACGATGGTGCGTAAATTAACGCAAAGTAATCGCTCGTTCATTTGCGGTAGCGCGTATGCGCCCGCAATGTCAACACTCGTTACTAAGGGCAGGAAATCTAGGTCTCAACTTGGAGCCTGGCGGATGACGAAAAGACTTGCCGTAAGGATGCTATAACTTGGGAGATTACGAGACGGCCTTTCCAATAACTGTGATGGACCTCTCCCCAACTCACGGCCCAGCATCATACGAAGTAAAAACGACTTGTCATACACTGCCTGTAAATAAGAAACCCCACCCTGACATAGGCCGTTGAACAACGCTAGATCTACTTCTAAGGGAGCCGCACTGTTTAGGGAGTCTCACAAAATCGTTCGACGTGAGTATGGTTATCGG,1402,50.5,Caenorhabditis elegans
SEQ_456512,CTGAACTACTGTAGATAAGTAGCTTGTCAAAGTGTACTTTACTGTCACTCGGCAGGAACATAAAATTTAGATCTTGCTTCCGTCCAGCAGTTCTCGAGCTTATCACTGATCGCATCCCAAGCTTGGTTGAAATGTGCCGTGACTTATATGTATGAGCAGGCAACTTAACGTATCCAGGCCGGCTAGTGGCGTTCGGGGACTTCATAGTTGCGGACAGGCTGTCCTAAGAATTGGAGATTGGCAGTTGGCTGT,252,46.83,Saccharomyces cerevisiae
SEQ_810417,CGGGCGTTAGGCGCTCAACCGTACTTAACTCGCATTTTGGGGCGCGCAGCTAATCTAGCAGATAAGGACGGACCTCATCCGCCTCAGGAAGACTAGCTCCTCACACTTATACTGCTTTGACTTAATCAGTGACAATAACTCGATGAGGGACCCCCAGGATAACATAGGTGCGGATCTAATCACTCGCGCCGACTAACCCCTATCCGCCTTCCTCATCGAGAGGGGCCATTGCTTCTATCGTGGACGTCGAATGGGTTTGGTAAATCGCCGTTTATGGTCTGTACTAGTAAACAGGATCTCAGACCGTTGCCGAATTTTCTTAGGCCGGACGCTTTCCATACGACCCATCATTACATGGCTATATGAGATGCGGAGATCCATAAAGAGTTATCATTCCAATCTAGGCACCGCTAGGGTCGCAAGTCAGCGTAACGATGACCTTTCACCCCCCGGATCATGTTGTGTATTCTTAAGCGTGTAGTTTAGTGACGGCGACATAACTCTCAATGCGATGGGCCTGCCCGTGTAGTCCGAGGGTACTTCAGCATAAGCAGCCGACCCGCGTTTGACCCGTGCGCTAAGGTTTGGCTTGGTAGGCACGGAAACCGAGAGGCCAGTGAGTTACGGGAGACTTCGCGGCAACTTA,646,51.86,Caenorhabditis elegans
SEQ_936585,GTTTGCAGTCAGATGCACGTTAATGGTGTTTCTTTCTTTAACCGATATAACGGGAGCCCCTCAAACTTGATTCTTTCAAATGACACACTTTGTAAGCTCTTTGCCAGCTCTACTTTTCATAGGAAATTGGACAAAACCTTATGCTTACCGTCAACGAGTTCGCTGTAGTAGCTTCATGAATATGTCCCTTACAGAAGAGTGAGTGTAGGTCTAGTAAAAGAGACTGAAACACGTGGAGAGACACAACACTTGCCCCGATTGGAATCTAGGGATCAACGGGAGGGGGTTTTCTACATTAATGCCCCACAAATTCCCCGGATACTCTTCCACCGCTGATGCTCAAGGCGCGCCGCTAAAGCACCGCAATGGCATCTGGTTTCGAGAAGCCTAGCCTTGCACCTTGGTGATTGAACCCGGCACATACGATAGGCTCCGCAATTTGCGGGAAACTTGCAAGCTCCAGCTATTCGGAGACCGTGCTAGGCCAAGAAGCGGCATCAGGAGTTTCGTTATCCGTTAAGATCCTATTAGCGCCTCATTCGGACGCTCATAGCATCAGAATTAGGCCCATCCATAATCGAATGGAATCCCCAGAAGCCTCAGTGCAGCAAAACTAGTGAACTCGATACAGGAGGCCTGAAAACCCAGAGGCGGATAGACATTAAACAGGGGAGCCCAAGACAATACCGTAGGGAGCCATCAAAGAACGTTGCCAGTCCTCGTACTGCCGGATCAGTGAAATTGCCACTGGCCCATCCCCTGGAGGTAAGTAGACCTACATCTTAAAGCGATTGAGCATTCGCCGCTGCAGCACTTGTAGCGACATCATTGGTGAGCCACTCCCCGTGTGAGAAAGAAGTCCAAAGCATCAGGATAATGCCAGTGAATAGGAAGGCAAGATCTCGTGAGACGGTTGAAAACCGTTCCGCTACTACGCGGTTCTACTGTTGGTGCGCCGAACTCGGATTCTCGCTCCTGGGTTGGATACGCCCTGCGTAGGTTTATCAAGTCGGGCAATAACCCAACCGAAACAATTGAGGCATACTATTGCAGGATCGGCCGGGCAACAGACAATTTCAAACTTTTGCGGTTGATTGGCATTATCAATTGTTCACCAGTGGTAGTTCGCTGGTGTTCTGCCTTAGGCTAGGAAGTCGCCCAATCCGTCAAAAGTCGCTGTATGCGCTGCCGCGCAGCTCGGGGGTAATGCAGATGCTCCCTTGTCGAATAGTTTCGGGTGAACGGTTATCGCAAATCCCACAGTACATCCAAGAATTCTAATACCCACTATATTTCCGGCTTGATATGCCATTTTTAATTCCCTGGTTCAGTCTCCTAACCGGGCACACGCCCTAAGCGGTTGGTAACGCATTTTTATGCTCAAAGTCTCTACTACTACAGAGGCTTTTACTAGTGGGGCATTACCCTGCTAGCCGGTTAATGTCAATCATCAGGTTGAAGAGCCGAGTAAGCCATTACTAGCCTTGCAACATTCATATTACGGACAAAAAAGACGTATGACCCTGTATCGCAACACAGTAGGGACAAGACTCCTAAGCTGCCCATAAATCCGTACCGTCATCCCTGGTGAGC,1593,48.9,Mus musculus
SEQ_297824,GTGTACATAGTGCGGCCACCTAACTGCAACTTTGAAACGCTACCCCACTTGAAGACCCCTTGTCACGACGCCTCAGCAAGAAACGCCGATGCTCCAGGTAAAATGCATCGTAGCTACCAAAAAACTAATGACGTGGCTAATCCACCACCTTCCGGCAACGATTCAGCTCACTCTATTCCACTGTCTTTTGCCCGCTCCGTTGTGTGCTCGCCTATACCCAGGCTCCGGCTATGGGGAAAACCCTACGATGATATCCGGTCAATCATCATGATACACTCCATTGGAATAAGCTTAATAAGGACCGGTGGGATGTCTTATTGGACCAAGCGGTGAGGAATTACATAATATCAATGTGTTCCATAATGAATGTCCGCTGTGCCCATCCGTTGAAAGGTCTTCCCGTATAGCCAGATGTTCTAGGGGATCTGTGTTAGAACAACGCTCATACATGGGAAGGCGGCCCAACGTAGCCGTATGCTGAGACCCAACTAAAGCAATTTTTGCATGCTCGAACCTCACTCGTTTCGACAATCGAAAGTGGCCAACCCGTATCGTTGCTTATGTGTACTTTTCGGGCTTTCACCAGATCCGCCGGGTTCCAGGATTCGAGTAGGGTGCCCGGATCTCGCCGGTTCTTCTACTGTGCACCAGTGTCGTGCTATACCTTGGGAGAAGGGACTCCATGCTGGATCGGGCCAACCTTGGAGAGGAACCGGTAACGCAGAATT,728,50.55,Homo sapiens
SEQ_798526,AGCATACAGAATGGTAGTAGTATCAGCGCCCATATATCTCATGCTGCCGTGTCGAACAAGGTCTGCGGGCGATTTTACAGACTGTTGATAGTAAAACTAATGCACTACACATATACGTGTCAGGTAGCATTGGCAGGCACTCTGAGGCTGTTTGCAACTTGCTTACCGAAACATACGACCCCCAGTGACGGCAGCGACCTCCTGTCGCTGATATTTCTTAATACCTATACCTCTAGAGAAGGAGCTGCCCCCATCTTGTGATCTTGCCTAACGATAACGGTATGCCACGTGGACACTCGGTAACCTATTAGTTGCGGGTGCACGCTCACTATGATCATCTGTCTCCGGCTCTCCATCGGTGATCGAGTGAACCGGGTGAAAATTCGGGTCTGTTTGGAAACATGTACTTAACAATGTAATTATCGAGTTGGCTAGTAACCTCCGCAGGTACGGCCGCTGACTAAATCCTGACCTGCAGTCTACATAGCGATCACCAATCGCGAACCGAGACTATAGGACCTTAACCGCTCTCCACCCCTAGGTAGCGGCATCAGAGCCTTGTCAGTTTCCGTAGTCACGTGGGGTTAGCACTTCCGACCTCGACGCATAGGCGAGGACCCACCACTTATATATCAGAGCCCTACCCGGGGGTCACTCCTCTTAGACATCAGCAAACTAGTTCTGCATGGATCATTACAAGTCTGGCTGTACATTCCATATGACCCACTTGTGCGGGAAGGTCTCATCTCCTCCACAGTATCGATATGGTCAGAACCTGCTTCTCCCGTGACCTCATGCAAAATAAATTGGCCCTGGTGTCAGTACTGCGGCCGGGCATACCCATCTAATTAGAGGTCGGTCTGTTCAAAATCCCGGTAAACAGCTTTATGAGGCGTCCTTGCCAGATGCATAACCTGTCATGTGAGAGCTTAAGTATCTTGAGATGTTCTAGTGGAGACTAGTGCGGTGGGCGGTTCGACCCCACACTTATGGGC,995,50.15,Mus musculus
SEQ_258489,AGTCCGGCTAATTGTCACGGTTCATTTTGAGTCAGATGCCTCTACAAGTTGAAGTAACGATTATGTCATGCAGGCCACAGTGATAACGTGCTCGCTAGCGACATATGGAAATAAAGAAAGACAAATATAACCGCCCGAAACAATCTATGCAAAGGAAATATACTTGTTCATTGTCGTGGGGGCGAGCTCGACGTGTGTGTGTGTTTGTTCGGGGATTGGGGCGCACGCAGTCAGGACGTAGTTTCATTTGCCAATAGAATTGTTTCAGCGGACGTGTACAAAAGAGTGAGTCTCTAGTTCCTGCATGTAGGTGTGCTTGATCTCATCCCTAGGGTTTCGGACCCTGTCAAGAGGATGTCATTTGTCCTAGATATATTTAGATTCTAGACCCATGACCTGGAACGGAGCGCGAAACCACTTGCCGTGCTTTAGGCGGAGTGGCAGCAATCTCAGGAACTGTTTAAAGCGACCTGATCCATATGTAGGACATCTTCAGCATGTCAACCGAACCTCATAAAAAAATGGTAACCGGTGTGTACCTTGGTGATTCGGCCTCCAATAAATGCTCACTATCCGAACAAATGGCATAAATTGGGTGGCAAGAGCGACACTTACGTATAGTAAGTACACCGTCGATCGGCTGCCCGTCGATAGTCGTTAGTCACCTTCGGATCCCGCGGTTGAAATGATCCAACCCTTATAACAACATAGAAAAGAAAAACCGCCTTGCGTGTTTCTTATCACGGCAGCACAACTAGTCCTTACAAGCTGCATCCGCGAAGTTACGATCCGTTATGTTCCTTTAAAGTTCTACGTAACAGGGTGGGGTCCTTGTTTGCTGGAAGTGCGCTATAAACTCATTGGCCGTATGTGCCACGTTAGTTTTCGGACTGCTTGGATGGTAGCAATGCAGGGAACTTAATGGGGAGCCACCGTCAGTTATTCTCTTAATACCGCGGGAGAGCACTCAAGCCCTGGAGAGGCAGTAGCGGCATCCATAGCCGTAA,1007,47.37,Drosophila melanogaster
SEQ_100907,AGATAGGGTTTATCACGACGCAAATCTTGGGCCTTTCTCGCTGGAGCGTCGATTTACCGTTTGACCAGTTGCCGTGGCAAGGTACGTTCTCACCCGAATGCCAAGCAACCGGACCTATTTTCGAGCATATAACTTGCAGTTAATCGTATACGAATCCATGAGCTTAGTTCGCGATCGTAGGAGGTTGATTGTCGAATTAAGGCCGGAACTTCCGCAGCGCACTTTAGCTTGACATGTCTCAGGCCCAGCGATGGGTAGATGGAACGCTGTATCAGCGCATCAGCACGCAATTCGTATCTGACGGTCTTGAGCCCTGTCCGAACGTACACAGAGTGTCTGACAGATCGGATATTGCATCGCAAAGAAGCGAAGCGTTACATGATATCTTCACGGAGATGCAGGGGGCCAGAATATCCTCGTAGTCGCGAACCAGTTCAGTAGACGGTGAACTAGCATGAAACTATTTAGGAGGCTAGGGATATATGCGTAAGTGGTAGCCTCCCCCAGCCAAGGGATTGCCGCTAAGCTAAGAAATTTGTAAAATAGGCAGGCAGAACATTACCCGCTTACGTCTGTTCGAGCTTGCCTCTAATCGTGCGCCCCCCGATTAGCTGGATACGCCAGCCAACGGAAGACTCATAGATCGAAGCGCCGCAGCCCGTACACCGTATGAGTATCGATACCCTTCTATACTACTCACTACTTCAAACACGGACTTGAATGCTTCAAGCGATATCCATGTCGAGAGGCCTTAATTGCAGACCATCATCCACAATTCAGACTATTAGATGTATGCCACCATTCCTCGTTCAATCTCCAAACGTAGACTAGGTTGTCAGGGCCACTACTTTCGGACTCGACAACCCAAAGTCTCCGGTAAGCACGTAGCGGAGATGGCCGGTACTCTGTGAGGGTACCGTAGTATTCGCTTCGTCTCCGACTGGCATTAGAAGCGGAGCACGCTCAGCGCTCGTATGCAGGGAAGCGCAGTAATTGGGACGCATGGCATCTGCGATCACTACGTTTATTCGACGTCAATCGACTTTACTCGGCAAACGCAAATATTGCGAAAGCACGCTGTGTACGGTATGTTACAATGCAGAGGTTCTGTTCGATGCGCTCACGGGAGAAGGTAAGGAGCCGTGTAGTGTTCATATCCACCAAAGGACGGGAGTGTGCGCGTCGGGGCTGCAATAATCTGGCCCAAGAACTCCTTCACATTATGTGCTTGTCCTGGGATCTTCGATTCAGCGCACTCAAGTAACTACTGGTCTATCATCGCCAACGCCCTCAATAGATACCTAAGAGCAGGAATTGACAGAATCACCGAATTGAAAAGGCTATAGTTACCGTTCTTTTCCCCTAGCCTTGGTAAGCCCCCTATTACATTAGACTCTCGCTACTCTGTTTTAAATCTTTTGACACTAGTAGCCCGCTGCATGTAATAAAACTAGGCTTATAGGCTAGTCAGCGAAGGGCCCTTGGGGTGGCTGCCGTTTGCACACGCTCAGTAATTCTGGATAAAGCTAACCGAGGTATGGTACATAGCGACCTAGGGGATCGTGATTCCGGTTTCTAGCGTGGGCC,1587,49.84,Homo sapiens
SEQ_458205,TAGTCCAAAGGCAAATTGATGTGGGAAGCGATCAGTTGTGGTGTATCGACGAACCCTGTCCATAAAATAGACATCGATAGGTTAAGCCTGAGCGTTAAGCCTATTTTCCAATGTGCCCCCCCAGCATATCCGTAGACTCCTGATAAAGATCTAGCACATTCTTTATTGATAATGATACCATAACCTATGCGGAGATCAGGCAGAGCTGATCATGGATAATAGAGGGTAACGGGCCGCACGTGTCGCCAGACGTCTAACACGCGTTTGGCCTCATAAGTCCGGATCGAACGGGGTAAGAAGGATGTGTGAAGGGCGCCAAGGCTGGTTTAGAGCCACCGTGGCTGATACGTAACGTTAGCCAAAGGATAGAATCAGCCGAAACATTCATAGTAAGTTAAGCAAGGTCATGCCGGTACAGTGTTTCTTATCTCTCATCGACTGAAGAAAATAAACATCGAACGAATCGTTTGCCGGACTTTCCTATCCGTTGGTCCAGTATCACGGATACCTGTTAAAGGCGTTGAGGGCCGTTGTTTAAAATGACAAGATGGGAGGAGAGTCAAGGACACCTTTCCGTCTGCCTCAGTGTTCCACCAATTGTAATCACACCTTCCTTATATCCAAGAATGGAACAACGTGGCGAAGACAAGTTGCAACAATGGCTGGGCCCCCAGCATAGGCGTCCAAAAATCCGCCTCCAAACTGACTCCGTACTTCATTCTCTGCTTGACTTCAACGGTAGGGTAGCTACGTGTTTGTTCTTGTTTTAGCTCCCCATACCTATGTTCCCATAGAATGCCTCAATAGTACTATTATTCACCATCCGGCTTGAGATTTGACTTAGCCTCCGTTTTGTTCCATCTGCCTTAGGCCAGTGGCACCATGCATTACTACATGAATGCAGTCCGTACGTGACGCGTACCACAACGCTAAGCGCCGCATTTACAAGGGATCGTATACTTTAGCGGTCGAACTTAGACTCAGGTGATGAGATGCCTCCACGTATTCAGCAGCGGACTAGTCTGAACCTGACACGGTACAAGCCATGCGCCGGACATGCGCTGCATTCAGCGGTCCACATTTTCCCGATAATGGAACGGTTACATAAAAGATACATTTTCACTACAAGGTTAGAGAGCCGAGCTGACACTGAAGGGAAGTAATGACCAAGCGTGTCAGTATTACTAATTCTGAATCCGATCTCCGTGCTCGTCGGCGTCCGTTGCGAGGGGCATGTGATTATCGATTGAAAACTCTAGGCCGGACAATGATCATAAGCTCAAAAATCCGGAATCCCGCG,1300,47.77,Caenorhabditis elegans
SEQ_891094,GCGGCCAGAGTGGGGGTACGCTGAGTGCCCTCTAAGCTAATTGTCTTCCAATCAGGTTTCTATGCTCCGTAGTTGTCGTTGAGTTCTTTGTCAGGGAGTAGTGCCTGTAAGTTTCTTCAGTAACGAAATGTAGGTTGCAGGGACGATAAGAGGACCGTCGTGTGCACTAAAAATGGTCGTATTATCCGCCTCCGCTACGGATGGTCGGGGTGTTTGGGCTATACTCTTTTCTCTGGCGTTTTGGAAGCCGTCGTACTCTTCGTTTTCGGTCGTCTCAATAGTGGCGTTTGTACTAGATTAAGACCCAAAGTGTTAGTGACCGGCACGACTAAGATCCGAGGCAATGTATCCGAAATGTGCAACGCTAGTCCTGTCGTAGTGTAACCTGGGTCATTCTGCAGAGTGTTTTTCCAGTGTTCACAGTGACTTTGCTATTCATTACGATCTTGTTCCGTGTGAGATCGTCCGTAATCACTACAACGCTGTGTTAAAGTTGGCCAACACCATAGTGAATCCAGTCGGAGCTAGGTCAATTTCACGCGACCGTGTGCATGCACCGTGTGAAGAGCAATCTGATGTTGGGCAGGTACTGCTGCATCCCTTCGCGGTTTATCAGTTGCGTTCGAATTTCTAGATGCCGATTATTCAGAAAGCCAAGGGCTGGTCTTACTGTCCGTGCCGGCAATCGCCTGTCTTGACAGTCCGATCCTGCAGTGATCATGCGCACCAATTCCACCTGTCCCAGAACAAAATGGTGCTAGATAGGCGACCAGCCACGGCATACGGACGGCATGTGGAGTGACGAACCCTGCCGGTACGTTCTGAAAAACGAAGATCAGGGTTATATAAGGTGAGACAGACCTAAACGTGAATCTCGAGACCCACCCAGGGTTAACTACTAGCTTATTGAATAACCGGGCAGAAAACAGTTTTGCAGCGGGGGGTTCGAAAAGCAGGAGCAGGTATTATGGTTGGATAACCGTGTAGCATCTTGCGGCCGGTTGAGGATGGTGAGATCCGTTCTCCGAGTGGAAGCCTGCAGATCAATCCGGCCCGAGGACTTATCGCCACGCAGGAGTCCTTAAGATGGAGAGCTCCGTAAGCGTCAGTTCTTGGCTTGGACTACACTCGAGGATCTGGTGTTTGTTTTGCAAAAGATCCAGCTTAAATGGTAAAGTCACATTATACCGGGAGCATATGTACGTCCGAGTTCGAATACACGTCACCTTTTCATACACAGCGAAAAGCAAAATCCACTTAAACTGTCCTACGATTAGATATCGGAGTTTGTGATATAGTCGTAGTCTCTCAAATCCCCGGAATAGGCGCACACCAGCAATCCTCGACACCATACGTGATTATGTGATTTCTACTGATGCCCATGCGCACACAACGCGAGTCGAAGACGTCCTGGCTTCACAAAACTTAGTCCCGTAAAGTGGCGGTCCGTAAACGCCCCAGTCCGCACGCAGTTGGGACAGGAATACCACGTGCTGAAAATCAGTACTACCATGTACGTTAACGATGGGGGTACCCACGTCGAATTCTATCGATGGAACAAAGCATACGCTCCAGGAGACGTCTCTTCCGATCTCCTCAACATTATCATCGACGACACCGAGCCTGGTTAAAACGACCTTTTTTCATCTCACCCCTCCATCGTGGCCCCGTAACTTATTTGGTCTAGCGTTGTAAAAGCGGAAAGTACGGCAAAAGTCCCCTCCCGCCGAGCAACTTACCGCCTATATGAGCAGTGCTTATTCAAATCAAATTACCTTCTTGTCTGCGATCACGATTTTGGTAAGTAGTACCGTAATTAACAACCTATGCATATCCTCTCTTGCCAATAGCTACCAACGAGG,1862,48.98,Escherichia coli
SEQ_204123,TGTGATCAGTAAGCACGTATGGCACTTTCGCTTGACAGCGCAGGGTCCTAGGCTGACGTAGGTCGCTTTGCCCACCTCGAAGAGGAACCGGTTATACGAAGGCACCGAAATCGGTCCATCGTACTCAGGCTAGAATACACTAACTTCTATCCCTCCCCCATTGTAACACGTAGCCTTTTGACGTTGCGCGTCACACGATTGTACAATGTCATTTCGTGGTATATGTAAGCCGATTCCACGCAATGCTCTCGGACGTAGGCCACAATTTAAGCTTCTAAACCTCAAGTGATCAGTCTGCTTGTACGCAAGTCAAAGTATACCGATAGTTCACCGTCGCTGCGAGTATTGGGTTGATGATGCTGCTGTTCACTCTAACCAGGGGTGACAACACGCTTTAGACTTTAAAAAGAGTCTTGTACGGGAGGTGCTTAATGTCAAACCCCGTGTAGCTAACTGTCAGGGGATGCCCTATATTGACGGTAAGTATTACGTTCGGGACACTAATGATACCGGTCCGCCAACCCGCCGTAGACAGGTTAACCAGTATGATAGTTGACGGTGAGACGTCCTCAATGGCCAGCCGTATGCTCACAGATATAGCTAAGCACCGAACCAGTCATACTTAAGTCTCAGGCGTCGTATGTTATGTGGATGTTCTGCAGATGCAGCACCGTGCACATTCTCGTCTGATAGGCACCAATGGTTGTCCACCCCCAGTACCCTTGCTCGCTAATCCTCAAGATGAGTGACCTATATGTCACTAGCGACGTATAAATCGGTCTAACTCTCTTTAATTCGATAGGCCGCGAACAGATGTCGGGGCTAGACTCTCTTGGTACCACAGAGAAGTATAACAAGATAGGTATACCGTGTACGACACATCCATCCAGGTTTATTGCTTACGTGTAATCTCAATAGCGCTTCCACTCGGCCATTCCTTACTTACCGAAGTAGTGCTCGACACCCTTCCATAGGTTATGTGTAAACCAACACGGCGACGAATAATTACATACTGTCTGTTGCGTCTAACGTCCATTAGCCCTCTGCATGTTTGTCAACGGTGCGCGGTTAGATGAACGTTGTCGGGAACCGGAACGAGGGTCGGTATGCTGGCGCGCTTACTGTTCTCCGGCCGGCTTCACCGGTACCACGCACGTTTCATGGGAACAGCGAGTTAGTGATTGAATTCCCTTTAACACCCAAAGGCGTGCTGTAACATGCACCCCAACCTAAGAGAGCCTGTTACCGCGTATGGGACCACTCCTCTTTGTACCCTGGTAAGCGTCGTTTTATACATTGGTTGCTATATTCACGGAGCCAGTCTCATATTGCACTTCGCATTACAGTTGCTATCGTGCCTTA,1362,48.97,Arabidopsis thaliana
SEQ_483312,GTAATGGGCTCTGGCCCCGGACTGCATCCAGCGACGAGACTGCTGTATTGCGAGGTGTGCGATCCCTGCACAGTGCAGTTAGCGCCGAATCCCGAATCGTAGGGGGGCTGTTCGAACGCGTGCACCCGCCAATTTACCCTGCATCCTGGCTAAAGGTGACGCGTAACTGCGAAACAGCGTAAAAGTAGTGAAGGGACTAACTTGTACACCTCGGGATCCCAACGCCTTGCAGTCTGAATTTACCGTTGTTATCCCGGGACACTGTAGCTTGACTGCCACTAGACGTCTTTGAAAGTTGCTCGATATCCTAATGTTGGTCAGGGTACTATATTTGCGTATGCTTACGGACCTAACAAGCCGACAGATATTATTCACCTCCAGTTTTATTTCAAAAAATGCTAGTGCAATTCACGACAAGTTGATCAAGGGCCATCCATGAAGAGGTATGGTCTTTACCGTAGAGTTTAGATGTACATTAACCGTGAGGAAACGTGATTACTAACTCTATTGTCCAGGCATTACGGGCTTACGAATTGTGTTCGTCCAACTAGCTATAGATGTTAACCGACTGTGATGGCCTGAGCAGTCTGCGTGCGACTGTCCAGCACAGTGGCAGGGTCTCTGGTAGCTAAGGAGATTGTCAAGAGGAGCTAAGAAATTACTATAGACCGCAGACATAGTTAGTGCACCTACTGTTTCCTCTGTTTAAGTAAGACGGCGATCTAGTTGGTTTGAGCTACAACGAACCGCTGATTACTGGTGTATATAATATTGTTGATCTGGTCGCTAATGGGCAACACGCGAGCTCATGCGGGAGGGGGAGGGTTTACACTGGCTGTGAAGGCGCGGCTTTGATGGGGTGGAGCATATCCTCGAGAAGGTCAGGTGTGGTAACTTGGGCGATAAATGAGCAATGAGATGTTGGAATGTAGGGGGTGGTTAGACGCGCGCGTTATCAGTTAGCTGTCGGTGCCAACTGGCCAGCGCAGAATGTCAGACTTTACATACACATCGGGAATGACCTCCGCCAGGCCGCCGCCATGCGTTAGCGTGCTGAGCCCTGGCAACGTCGCTACTGATGTAGAGGCGAACCCCGG,1097,50.5,Mus musculus
SEQ_658516,CGATATGTACGCAATGCCCAGATTACGGTTCCCAGTAGGCGTATCGAATGGCATGGGACAGTTTCCCTATAAAATTCTACTCTCAAGTTAGTGAAGATCGAGGACGTATTGAATCCCCAATTACTCTGATTATACAAGAGTACCTCGGCGCGATAGTCGACATGATTATTCTACATCGAAGGTATCCTTTTCTCACTACGGATGGGGCTTCGACCGTTGCTGCTGGCATATCTAGAAGATGACCGGTTAACGTTTCAGCATTCGCGATGGAGGGTATCGCAACTTCGTCTCTCTTATAATGTTGGGCGTTGCACCTGAAGAACCTCTTTATC,332,45.78,Drosophila melanogaster
SEQ_161936,ATCGGTGGTCCCTAACCTGTATGCGTCCTTACGGGTATGTTGGCCGTGTCGGGGAAGAATAAGGAAGCGAGTGACCCTTGCCGACTCCCGGTTCGAGTCCAAGGGGGTTCCCATGGGCCGGACTAGCGATCGATAGTTCACAACGACGAAGGCTTATCATCGCGCCTTAGAGTCCTCGCCATCTAGAGAGTTTATCACGCAATAAGTAGGCCGGATATGAAAACATGCGCCCCAGTCATGCACTAGGGGCCGATTTGCTATCCACTCCTGACAGACTGGCTGACAACTCCGTGTACAGGCTAATCTTGATGAATCCTTCGTGTATAGCACAGCCGGGTATAAGTGCGCCACGCATGTAAGAGTAGAGGCTAGAGGTGGTCGGGAGCTGGCCGGTGTTTTAGAAACTGAGTTGCTCTGGGAGACATGAGCATGTTGGGACACACGTACGTAGGTGATAAGCACTGCTGTAGTTTATTAGAAATAAATTCTATAAGGCACAGCGTTAGAATATGAACTGAAGTATTTTAACTCGGGCGTTTCACCGGTCCGGCACGCTTGCAGTAGCAATTACTGAATAATCGTAAATACGGCAGAGGATTTTAGTCCGAGTACACGATCCCTCGTCCCCAACCGTCTATCTACAAAATAGTAATCGCCTGTACG,663,50.08,Homo sapiens
SEQ_606742,CCGGCGGTAATATAGCCCTGTAAGACAATCAGCTCTCTTCCAGTGAAGGACTCTTATGACTTGGCATCGCACCTTTGTATAATGCATTCAGGAGCCAGCGCGCTCAAGGGATAGAGGGCCTTGACCGCCAGACCCGGTAAAGAAATTTACGGATGGCGACCGGCCGAGTCAATCCAGTGCCACATTAATCGTGTCAAACAGAAAGTTGGCAAATAAACCCTCTGAGCAGGCCAGTGCGGCGGATTTTTAAGCAACTTGCACGAAAGTTGTTGGAAGGCGCCGTTCTCGTTGCCAGACGACGCTGCGTTCAGGATGTGAGGGAACCTCCAAAGACTGTAGCCTTTCTGGCGCAGGGGGAGTCACTCGAAGCTAGCCACTCAGTCCTAGTATACTTATACGGAGATCGATGGAGACGTTCGCACTTCACGCAATATTAGGAAACTTTTTCGTTCAAAGACCTGAGACATGGGGTATCTCCGCCGATCTCTTCTTTCAAGGGCAATCGATTTGAGCTGGGTACCCCCGGCTTCTTGGGTGATTAACGATAGATGACAGGTTATGTGGCCTTCCTCCCCCAGGGGCGTATTCGTTCTATTAAGCATTTCCGCTTTTTCCTTGGGTGCGGTCATCTACCAGCTAGGACGGACGTCACGCTCCTACGCCCGAGGAGTGTATTCGTCGTGGAGGTTCAACGTATTCTGAACGGTTATGATCCCCGCATCGTCGCCTCCGCGGCACATCTTTGATCGTGGCCTGAAAGGAGCCCCGTCGAAATGCCGCGCATCGCTTATCACGAGCTCAAGAGTGCTTTCTTTCTCTAGGAACACTGGTTCAGGCCCGGTATGCTGGTAGTCTCGTAGGCAAACATCCACATAATTCATTTCGCCGTTAACGAATGGGCCAGAAATGTGATGAACAAGGTACGACATAACTAACTTCACATACTTTGCTTTTTAAACCATTTGCACGCCGCAGACCCCTGCTAGGCCTGAAGACCATTGGGTTGGCAAACGCCACCGACTGACGTCTAAGGTCGTTAGTCTTCCATGACGTCGCCACGCTGGGAACGAAGACATGGACGTCACGCTAATCGGTATTTGTCGTTGACACAGGATCTAGAATTGTGCGCCTCACCATACTTGCGAGCCTCCGTCGAGAGGTGATTTCTGAGTACATGGTTGAAACAAGCCGGTGCTTCTCGGGGCCACTAGTGGAGAGGCTGACGATAATCGCCGAAGGAGTCTCGACCTACCTGAAACGCGTTTCGGTAGCAACACAATGCTCCCACTATTGAGGGTTCGGTAGTCTGAGTAAACATGATGCAGATCGACGGATATGGTCCCGCTAGCTGTTGCGCTCCAAGTACCGCATAGAAAGGCACAAGCCAAACTCAGGGGTGCTTACCATATTTTGTGTCGGTGTTATGCACCTCGAATGTGTCTCCTAACGATGTGGGTTATCACCCAACAAAACGAATCGATGAATAGACAAAACCGCTCTGACGGCCAACTCAAGGCCTCCGTGTGGTTGTTATTCACTGAAATCCAGATGGCTGCGCCATTGGACTCACAAGTTTGCCACTGCATTTACACTACCTGGACATTTACTTGGACTGACCTTCCATGTTCTTGACCGGTTTCATACGACAGTCGTCTTGACCGCGTCTATCCGAGGCCGGAGAAGGGAGAATGGACCAGGCAGTTTACACAGTTCTTATCGTTATTACAAAAAGGCCTTTGGCGGCCCGTTACTGCATATACCCCACAGGCATCCCGCCTGCCCTGGGCTAATCCGGAGCGCCCCGTTGACTTCAAATACAGACGTAGGGAGCAGTTTACAGTAGTAAGAGCGAGTGGGGCAAATGCCATG,1869,51.36,Saccharomyces cerevisiae
SEQ_873408,GCCTATGCACATAGTCAGAGGCGCAGGCCATCCCTGCTTCGGGTGCTGACGCACTGTTCCACACGCTGCGCGGTGTGTCATAACCCACGGTCCTGCGCGATTTCGTACGACCACTCTTGGTCGCCCAACAGTCGCTATTCCGAAGTAAACATCGAATTTGGATCTTTGGCCTTGCAGAACATTCCCACCCATCTTTTTCGGAAGAGATAATCGAATCACCGTTGTCATAGGTAGTATCCGAACTCCATAGGTAAGATACCGGTGGCGCAGACGGTGGATTGTTGATACAAGAGGGGGCATGCCTAATGCCCTACTTTGGGTGATTAAACTATCAAATTGGACTCCTGATCTATAAAAACCGAGACACTATAATACCTTCCGTCTTGAAGCCATCTTAAAACAATCGATCAACCGCAAGCCACGGCTCGGTGAGGCCAACCTCGCCGATACCCTGTAAATCTTTAGCTGCGGCGAGCTTGTCGCTTTCATCGTTATTTCGCCAAATCAGCGTCAACCACTGCAATTGCGAGCCTAAGGCTGATGAAAACCTTCGCGGTAGAGAAAGCATGCACTGGCTGGTGTACTGTTTGATAGCCCAGTATGGGTTTTTTGCATGGACGTATTATTCTGTTGAAAATACCTAGAACTTGGGGCAGCGCTATAAAAGGGAGGCAACTCATGGCGCCTGCTCCGGGACTCATATGTGACGTCCGTGTTGAGTTGTTGGTGCCGTTATCGTTGTCCCGGGAAAGTGCGTCTTGACTTATTACTTTAGACCGCCGACCGCTGTATCAGCTAAGCCGATCGTGGTCTGCGGCTCCACTCCGGCGATACTGAATCCGGAAACGGCATGCTGCTATTATCTAAGATTTCTCCCGTGAGAATCAGGTTAGGAGGTTTTGAGTTGGCGCGCAGTACGCGCTCATAAAGGATACGTGTAATGGCGTGACCCTCTGTTAGTTTACCTGAGGAACCGTTATGAATGCTTATGTGAAACTTGGGCTAATCGATTTTATTGTTTAACATAATACCTGACTTTTGACTAATACCTTGGCGTTCAACCTACGTAGTGGGGGTACAAGCCCAAATAGCCTATCTTACCCGGTTGCAGAATAGCTGTCGTTCCGATTACTTACAACATCTCATCAGCCAAGTCTGAGCTAATAGTAGTGACTCGTGGTCCTGCGCATTCGCGCTGATATCTCGGCTAATTATGGTTGATGCAAAGTTGAATGTCTCTCCACAGGGACGGGCATGAGCCTCTATCCAAATCAGGTCGACTGTTGCCCATGTCCCGACACAGCCAATGTCCACATAAGGCTATTTGTCTAAACACCAGTCGCCACGCTAGCGTATCGGACAGCTATCGATTGTCGGGCACTGCCCTCGTGTCGCATGCGTTACATGGAGCGGCTGACACCTAAAAGCATTCGGAAAGGGGGGCGTCCAATACAGTGGAGGTAATAACAGAAAGAGGGAAGTTGTGTCCGACTTTGTTAGTGTGGCATAAACCGTCCCGGGTAAGGGAATAATCCGGCGTATGTGCACGAGAGTAAGTCAGCGCGCTCACACCATGATTATGATTGATGGGAAGATGATAGCATAGGTCATCACGGGACTGCTACGAACAGTGGCACGGTTGGCTCTGCGGATGTGGAGATACCGGTCTATGCGAATACCCTCCACGGGCATACTCACTCAGCAATTTTTCCCCCTCATGTATCATACAGGAGAGAGGATAAGTACCCCTTCAAAATCTTGTTCTGTGCAATGCTAAACCAGTCCGGGTCCGATACGCAAAGTCGAGCAAAGACGCGGCTCCGTCCCCACAGCTAACAGGTACCTAAGTGGTAGCTGCACTTGGGGGCGGCTTACAGTTATTGCATCGATTTATGAGGCTAC,1902,49.74,Mus musculus
SEQ_694867,AGGCTAACTGGACTTTATAATCCGTAGCCGCCATTCACCTATGCGCTATCTCCTCCACTGGTGGTAGCTCGATAACATGCGTGATCGGGCTCTTGGCGGAAACGCCTCGAGAAGACTTGCTCATAACGGAATGTTAAACGCAACCTGTGTACAAAACGCCTCGTGTGACATTGGTACGTCTAGTGCCAACGCCTAATCCTCGTAAGAAGCGAGCGATAGGGGATGTGGGGTAGATTGACACGGCCTCTAATATGGAGGCAGTTCACATATTCAGAGGATTGAGTCCGGGAGGACTAACGGACAAGGGTCGCAGAGTAGGACGGGACACTGGGCTTGACGGATGGGAGGAGTCGTTAGGCTTGGTCCGTATAGCAGACATTCGGAACACCCCTGCGAGGAATCGA,404,52.72,Drosophila melanogaster
SEQ_428952,ATACGGATTATAATGTCACCTTGATACCAGTAAAAGCAGCAGGTGAGTGGCCAACGCTCTTTCGCTCCTATAATTAAATCGTTCTCTACACGAGAACTTCGCTACGAGAAAATGTCATTGCCAAGCGAGTTTGCGACTCGATGGCTACACCGCTCGGTCGATGGCAATCGGTCTTAAAGCTAGTGACGGATAGAAATTGAGGAGGGTGAGGATCTTACAAACCGAAATTGTTATGCAGTATAGTGCTGTCTATGGTCTCATCAGCTTCTGGGCTAGCTGCGTGTGAAAGGCCACATACGGCCGATTGTGGAGATGATTATAAACCTAAAACGACCAATGGTAACGACTGCGAGGTGTTTTCATGAGTGTATTTCATCTACACTTCGCACCAGAAAGATACGCTACCAACTGCTATCACAGGGAACAATCATGGGCGAAATA,441,45.35,Mus musculus
SEQ_134574,TGAATGATCGAGAGAACTTAAATGATCACAACGTAGTGGTGTGTTGAAGATAGCTTCGTAATGCGTCC,68,41.18,Caenorhabditis elegans
SEQ_899021,GCGTTTAGATCGCTGTACCTTGACCCCCCAACATACTAAGCAGGGGAATAAGCTCTCTATGCCGGCCTGGAGTATCCGTAAACCCCACGACTGGTTTTGTGGTTTGCACATAATGCAGTGTATGTTTTCACCGATCTCGCGCTTTGCCAGAAGATCTACACTGGCCATTTTCAACTAAGTATGCAGGCTCTGTTTACGATTGACTGTTATCCTCGTTTCGCGTAATATGACAGAGGGGTAAAGTGAAGTTCACTTGCTCCTTAGCCATTGTGTTCAAATCCGAATTCAGTCACGTGGATTAAAACTTTGGGTTGATGGATATGCTGGCCCAGCATCTGGACCCAGTTACAAAACTAGCCGCTAAACGATGGGAGACCCAAGATGTCGGTTTAAATGCACGATAGTAGAGGAGTATACGTCGCATTAGTA,429,46.15,Mus musculus
SEQ_730540,TGCAGAGCTGGTCTACATAGTCCGCGTCGCACGTCTTCGATAGAAGTGAGACTGGGACCCTTGGTGCCGGGGATAACCACGTTGTTGCATCCAAAACT,98,54.08,Caenorhabditis elegans
SEQ_435709,GCCCTATCTGCTAGCCTAAACATTCCGGAACGTCGTGGGATGTGTACACTGCCTGATGCTGCTTTCTCTGCCTGCACGTAAGGTAATCGAAAGTACACAGTTCCTGCCACCGTGGCACGGTGACGTCGATGTTAGGTAAATGAGGTTCTTTGGCAACTTCTACCAATTCTACCATGAGCACATTGTCCTTACCCTCCTCCCCATAAGACCGGGGGCCGGGATGCCGTACCAATGGGTTCTTACCGTTTTTCAAGACTTAAATAAGTGGAATATCAGATAGCCGGAGCAGAATGCCCATCTTCCGGCGATTGGTGGGCGACCTCCAAAGGTGCGCCCAACCTTTCCAGAATCTGAGGTCTTGGACTAGGTTCTAGGGCTCCTGTACCTTCAGAGGATATCCTGTGGCCCATCGTGAACCAGATTAAAACGCCAGAAGTAGGATGAACCAGCCCCGCTGGTATATATGGTTAGTCTGCTTGCCCCATCTAGCACATACCGATCGTCTACTACTGAGCTACCGCAACTTATTCCTGAACAACGGATATCTGTTTATTTCAGAAAATGCTCTCCTGGATGCCTCATGGCTGGGTCTCTGCGGGGATTTTGAGTGACTTCCAGTGGCTGGGTTCAATTCAGCATGTTCCGCGACCGCGAACACTATCCATAGCTGATAGCGGGTTTGTAGAACCTAGACTCCCAAAGTTCACCCGATAAAGTCCGGTTGAATATCCTCGAACCTAAGATGTAGCTTCGGCGCCTACCGCCCATCGTTGCCTGACACAGGTACGCGGGACGTCTATCAGAGCTTAACTGGTACTCCTCGTCCGCCCCTCACGAGAACGGGCGAATCGCAAATTTGACGAAAAGGGGG,871,51.44,Homo sapiens
SEQ_887738,CGGTATGTACTTTCTCTAACTTTGGTCACGGTCAGACTCCTCTAGAGAAACTCGACTTAAAGAAATCTTTGGGTGCTTTCGGACGAATCTGATAATAGCCGTGTTGTATGTAATTTCCCAGCGCCTTCTGTGTTTTTAATCTGCGCCCGAAATGGAGCGCTTCCCGG,167,46.11,Drosophila melanogaster
SEQ_609379,CGGCTAAGCGTTGGTCTACGGTAGTATATAGCCGGGTACCTCGTTTCTTTCGCGTTCATCGTTTACAGTAACGGAGCGAGAACGAACTAGCTTTTTGTGGTTAAGATTAGTGTATTTACTTGGGACGGGAGTCTTGAACGCCTCTAGTTTCGCATTGCCTTACTCAATTAGTCACAACCGCGAACGCAGTAATATAGCGGAACGGCCAGGGATCCTCTAGATGTCTGTGGTGGCCGTTTAGCCCAAGTAAGAGCGACGTTCTGGTCTGTCCGTGTTGCCTAACGGGTAAAGTGACCCGTTAGTGCATCTTGAACTTGGGAAGCAATGGTCGTGGAATGAGGGACATCTTCTTCTTATCTTTTAGTAAAGGGCATAACGCTGAGTTTCTTTCGATGCACTCAGGGCCGCCATGTGAGATCCTCGCCCGTTTCAGGAGGGTACGAAAAGGGTGGTACATACAAGAAAGTAGCTAGGATTTATGCGAGCTTCCTAAGCCTACTGTTCGTCTACTCCGGTTTCTAGAATAACTCCACTCGCCCTCTTTTTAGAGTTCGAAAGACCCGCGCTATGGCGTACAACGCGCATAATGCCACGCATAC,599,48.75,Escherichia coli
SEQ_564326,GTCACACCAACTATGGTTCGAAAGAGCGAGTTGTTAGGGCGAGCTATACCTCACAAACCCTTCTTTGATGTCTGCGTGAAGGCATCATTGCGTGGGTGACCGGTGTCCTGTTGGCTTACACTCCTCGTGCGGTAATTCACATGTCTCCAATGAGTGTGCCTCTAAGCTCTTCAAGTCGGGGACTGAGTTAGTAAGCGCTTTTACGCTGCTTCATAACGGTTACAACAGTTGTTAAGAGCGACCGAATACGTTAACACCTAGGAACTCGAGTCCCGAGCTGCCAAACGGCTCACAAGTTGCAACGGTGATCCATTCAGACTACGCAAGCGGGTTGATGTTCCGCCGCACATTATGGAACTGTACACCGTTACCAAATCCCGATGGTGGGTTCCCCCTCCTCTTAACGTTTGCAGAAACACGGATGTTACAGTCATTAGGCCCCTTCTTCCGACTCTCTCCTGGCAATTGCCTTCGAGGAGATGAATGTCAATAAGCTCGCGGAATACTGACTACGTGAAGCTTCCCTTCAACGATTGAAAGGCACGTTCTGTCGGTTTGGGACGCCTCGTGGGGTCGAGAGATACTACAGGCGTTGGGAATCGTGAGTGAACACGTTCTTAAATCCCAGTTACAGGGCCGACTCCAGGGATTGAAGCCTTCAAAACTACGATAATGAGCGGGTAATGGACAAGGAACGAGGTCGTCAGGCAGTTTAAACCAATCGTGAGTTCGAAGTCTACAGACCGATAAATATTGTTAGTCGGTGCGGACTTGGGCGTATTGAACAACAGAGTCAAGCTGCGGAGACTCGTGTCACTCGCGGCAGTTTCGCGGTCTGGAAGGTGATCTGACTTAGATGCGAGACCGCTACGCGTCACAGGAGGGACACTAGCTCTTCATCAGATGAGGTTTAAAATGGTAGCCTCTTGCGATATGTTACTGGAATCAAAGACCACGGAGAATTAGGCCCAGTCAAGTATCAGGTAGGCGTGCTCAGGCCCATTACAGGTATATGGTACTGTCCGCTGAGTAGCCATCGGCGCTGGTTATTAGCCCAATAGTACCCGCGACTGGGTCTTCAGTATTTAGCACACCGACGGTCGCATTCTAGACCTGCGCACCCCATCGCGCTTCTCTCCAACTTCCGTTAGCTGGCACGTGAGACGCCTTGGTGATACCGAACGTCTCAGCAGTTTGCCGGCCTGTGCGATGCTCCCAGGTATGACCTCAGGTTGGCTCGAAGCCCGCATAGGGAGGCTAACACCGGCTAGTGAGATCATAGGTGAGAAAACGGTTTTATTCGGATAATCACGGGCATCATTCATCGTGCCATCCCCGGTATTGTTACATCAGTACCGAGACAATGAGGCGAATTCTCTTCTCAGGCTCCCATGCTTCAGCTATACTAACGCTGACATTCACGCAACCAGGCAGTTTCGTCTGAATTAGTTTACAGCATGCTAGGGCCTTGCCTCGCGGTAACATGTTGACTCGGACGCTAAGCGGTATTGTCGGAAG,1518,51.19,Drosophila melanogaster
SEQ_142333,CCCAGCGACTGGGATCGAATGAGAGGTATTCATGCCTACCAGCCTCACGACCTTGCTGACCCCCCATTCGGGGCAATTCCTCGGGAAGCTCTACCCGCTAGACATTAACCACCTGCGGTACAAAGACTAAGGAAAGACCCAAGTCTCAAAGCCTATGTCTGCCTCGCCTTCTATTAAGTAGATGCGTGGTACAGAGCGCGCTGTGTGTCCTGCATGAATACGGTGTGGCGACGCCAGACATTTGGTAAACCCTTGCGATACGGTAGCCAGTTCAATCGCAGGGCGCACTATGCTGTGGTGCAAACCTCCACTGGTTGAGTGCTTACAAACCCACTCCAGGGCAACAGGCTTCCCCGCGCTACAGTTCCTAAGTGTCACTTCCCAGGCCGTGCTTTTCCCACCATGAGCTGCGCACGCACTACGCAGCCAGTACCGGCGGTACACTATTGTGTTAGACTCAACCGACGTTGTTTCATTAGGACGGGGCCACATTCCCTGGTTCAGAAGAGCTTCCAAAAGTAGATCCTCTCATACCGTTTATTGCCGCTAAAAACATGGCACCTCGGTACAAATTACGAAATCCGTACTGACCCGAGAATCTGGACACGTCATTCTTACCTTTTGGAATCAAAATGGCCTCATGTCATATAACTCGGGCAGTACTCTAGTCACGCCTACTGACTCAGTAGTTAGCGTGCCTACCGAGGGGTAGACTCCCGCACTGTATCAGAAGGCGTTGTTACGTAGACGTAGGCAGTGAGACTAGTTGGGATTCTTTCTGTTAGTGGCCTGATCACACTTCCTAGCCTAGCAACACAGGTCTCGACAAAGCTGTCTATTCTTTCTCGAACTGCAGTATCTAATATATGCCTCTAGCACGTGGTCTCTTTGAGCAAGCCTTGCGCCGCCAGAGTATGCTTTGACGTATCCCTATTATTAAGTGAGGTAGTCCGTTATGCTACCTTGACAGAGCGAAAACACCAACTCCCGCCGGAATAGGACAGTACATGAATATGAATTGATAATTGAATTGATGCACGATGCCAGGCAGTTTGTATGGCATAGTTCCCGCGCGCCTTGGGGATCGCTATCGACATAGAGAATCCTGGTCTATCTCACCGTACCTTATTAAACTAGGCCATGCTTGTATGTTGTGAAAAGAGATAACTTCGTTAATGCATTGAACCACTTCCTCTCGTCTCGTTGCGGGTTCTGACTGTGGATGAAGCGAAAAACGCCCAGCACAACCTGAACCCTTACCACCAATGAAACCGATGGAATCGTGTTGCACTCCGGACGAATAACTTTGTTTCCTACCGTTTTGGTTGCTGAACAGGGATATATACGTATGCTAGACGCGTTAAGACGGCCGTGCTTCCGTACTTCACAGTGCGGCGCATTAGAATAATG,1410,49.72,Mus musculus
SEQ_427949,GCCACGCGCTTTTGCCTCCTGGCAGCGGAACACCTTCGCGTTGATAAGGCTGCAAGCCCGTCGAGCCCGTAAATATGGGAAATTGTAGCTGACAAAGTTCTCGCTCGGTCGCCCCATATACCCGCGATCGGAATACCCGTCCCTCCAAACTAGATGCGAGCCCTACGTGTTTCCACGGCGTTTCGATAAAGGTCTCTAGAAGGTAGCTTAATACCATACTACAACTACAGCAATTTCGAACAAAAATAGGTCCCATAGATAGCGGGTCGAGGCCGTATAACCCATCGCCCCTGATGTAAATGACAGTCGTAACTAAGCTTCTCCCACCGGATGACTATAAAGGCGTGACATATCGCGCCGTGCTAACGCCGGGAGTGCATCGGACGCATTTACCTCTATGGGTTCATACCCTGGTGGTGACCGATGAACATCCCTTCGGTCAGCGTTACCCATGATAATCTGTCGGAAGTCTTCTTCTTCCTAGAGGGTGCGGGCTAGATTATGAAGTCATGTCGAATCTAAACCCCAAGCAGCATGTAATGATCCCTCATCCAAATTACCCCTACGTAGCGGAACATCGC,581,51.12,Saccharomyces cerevisiae
SEQ_947185,AGGAAACGGTTGACCGAAGCCACGGGCAACGATCATGCTTATTTAACCTAAGCTACATGAGCACGTGACAGGCGGTCTCGAATCCGCGCATTCTGTCCGCTCAGGAAGCGTGCGTTCACGACATAATAACCGTCTTAATATGCATTACGAATGGAAGAACTAGTAATTAGCCTGTAACATCAGCGTCCGAAAAGTAGTGGGTCTTTGATTAAAAGCTTAATCCTACTTGACATAATTGGACGCGAGATCTGTAATACGTGAATACAGACGTGCTGGGTTTCCGCGGGGCAACATCGTCGGAGCCATAATGTGTAATTGTTAATCACGATCTCCTCCATAAAGCAAGAGGGCCTGGATGAGGTCCCGCGTGAAGTACCAGAGTCGAACACCAGGGGTATTAATATCCAAGAGCATTATTGGTCTCATTTTGGCATTATCAAGGAACCGAATCACCTTCTAGTGCCGACGCCTCCCGCAGTATCGGATTACCAATTTGACGAGCTCCGGCTGTCGCAAGAAGTCGTACCCCTAACACAACGGAACCTTTACACAATTGCCGGGTGCTCGTCTACGCTCGATGGGCCCACCAACGTCAGCTTGCAGGCATATTAATAGAGCGTTAGCGCTACCCGCGCAACGGGACTGTGACGAAAGAGTACATTCGTTGCTCGCGCCGCGAAAGTGAATCGATCGGAAAGTGACTGTGTGGGTGAGACTTTTAACGCGGAGGTGGGTGCTCGAGTAAGCGCGTACCGGCAGGCCTGTCGAGAACGCAACTAACATCTCTAACTTCATCTTATTTTTACGTATCAATGGGCTAGTGCGCCGTTAGCGCTAGCCGCACTTCCCCTGCGATCGGCTTCAAAGCAGTAAGCTGGGATCTCATTGGAGTGGTCGGCTTAAATAGGAGTCTTTCATCCCCAAGAACCGCCCTCCTCATCCTTGGAACTAGATGGTGGATGTGGCCCGGACAGCCTTATGGCCGGGGTATGCCACTGATCTAAGTCTTACAGTAGGACAGGGACCAAATGTGCAGATGTTAGTCGAGTTACCACTTCACCCTCGGTCGCTGACTAAGGCGGAGTGGCTTGACCCAGTGAGAACCCCTAGGGGCAATCATTAGGTCAAACTGAGCCATACTTTTTTCGAGTGATCCGGTGGATCTGGGCGCGCTTACCATGCTCAAATGCGGGCTACGCTCAACTGATCTCGAAATAGTCCTCCTCGTAGGGGGACTCGTGTG,1243,51.09,Homo sapiens
SEQ_806767,AAAAGAAAGTTTCCGACGTAATAGTTTAGCCAACAGAGTCTGTGGGTATCGGCAAGTTCTCCGGCTATCATGGACGGAGCGGGCGGAATTGTTAATCCGAGAGCATCCGCCGCGTCCGTCTAGTGAGATCGCAGTTCGGTGAAATTCGAGCGATCAGTTGGGTCTGGTGGGACCGCGCTTTGGCGATCGCAGGGAATCGACTTGATCTGCCGCGATTCGAACACCCGTTGCAGCATCTTGCAGCTGGC,248,54.84,Saccharomyces cerevisiae
SEQ_456677,GAGTTTGAATCTCTCCGTTCTAGATATTGGACGTTGCGGATACCGTCGCCCCATTCCGGTGAGGGAGAAGAGGCTAATTCAAACCACGACACCAGTCTGTGACATTGCGATCGAGGCGTGCTTCTCGTAAGGCGCGCGGTTCCGCAATGCTTCACGAATCCCGAACATGAAAATTGTCCATAAGTGTACGGTATTCCCGCGTCGGCGTTTCGTTAGGCAAATGGTGAGAAGAACGCCCCGAGTTCGGTCTCGCGCAGTTTGAAAGAAGCTGGGAGATGCTACATGCTGCGTTTGAGATAATGATAGGCCCCTCACGTGTGGCGTCGCGGATCTCACGAAAAGAGTCTATTATTTAAAGGACGTATGCCTCGAGTTTAAAAGGTCGATCGCGGAGCGTATTCGACACCGTATAATGTCAGCTGCCAACAAAGGAGCCGGTTGGATTTGGCTAGGACACGGGTACAGGTATCGTAACATAGAAAGTTGTCTATCTTTAAGGTCAAAAGAGTAGGTATATACCTCAACCTGTCGAATCAAGCCACCCTATACTAAACTGTGGGACTTGCCGTCATCAAAATTGATGTCGGGATTGTCACACCACTTAGACTATCAGGATTGAGAATCAGTGGTCGTATGCACAGCACATAGCGAAGCTTGTTCGTACCGGCAGATGCATTTTCACCTCTCTCGCGCGAGTCAGTTCAAATACTTCATGGTGTTAAGATCGTGCAATGAAGAGACACGCGTCGAGAGGACGTGTTTCAGGAACTGGCAATAATATAAAGCTTTTACTGATCTTCACAATCCCTTGAGTAGACAAACGGAGGATTAC,832,47.96,Homo sapiens
SEQ_449286,CATGTCCGATACAGTGCCACTTACACTTAAAGAGTTCAGAGCCTTAGGGTGCCGTCGGTAACTTAGCATCCGGGAGAATATCGACGACTGCCTACAATCCGATCGTATGTAGGACTTCAGCTTAGCTGGCTTACCAAACACAACTCCATCCCTGGAACCATCTAGTGCCATTCGTATTATCGACAGAGTACTCCGAATGCCCACTTATTACCGACCACCGTTACGCTATTTAGCGACGTCACTGCGATCTCGGGGATACTATAGTATTCCACAGGAGTGTGTCTCCTGCGAGACCCTTACTCAGTACTTTTGTTACGATGTGGGAAGACACGGAACACCCAGCGTGAGTTAAGCCCCCAATTTGCGGGCACTCCCCACGTCCTTCCCGAGGACTACATAAACAGGCTTAGAATAGGTCGTTATGTATTGACAGTGACCCTGTTGCTACGACATTGTACGCACTCCTCGAGCATACTGCTGAGACGTTGAACGAGCTTATTACGTCAAACTGTTATACCTAGACGCGAAAGTCGGGCATCATTTGGATGTAGTGTTGCAACACTTAAAAGGCTTGCACTTCAGGGGACTAATGTGAGTACCCTGATCCCCAGGGCCTAGCCAGCCCTCCCCGTTGGGCCACACCCACTACGTCTCCGAGTCCAAATAAACTGGTGACGAGCATCCTTAAGATCATATAGAACTTATAAATCTTTGCGAGTCGTTGCGGTCCTTGATTTTCGTTTCATCATTCAGGCAGACGCGCATCTCGAGAAAGCCGTCGGCTCGTGCAGGCTAGCAGTGCGGGCACAGGTGCGGTTCCATGTGCTAGAAGATCAAGGGGGCGCTGGGATAACGAGCTAGTACACCAGTTGCTGTTGGGGGGGTTCCAGGTACAATTACAGATTTACGTATGTGGATTTTCGTCGACGCCCCTTGCACAGGCACCACGTGTCCCTAGGATTGTCACGTTTCATATTGCGTGGAAGGCGTCTATGGTGTCAGCTTAAATTAGTGTGTCGACCGGCGGGAGCTCTGCCGGGGGATTTTTGAAATATAGAAATATATGTTGAGCTACATTCAAGGCACCAGATTCGACGCATCTATTTAGACCCAAACAGTTTGCGCGATGCGAAATCCGGGGTATGATCGGCTTTATACGAGTTGTGGACGTGTCTAAGATGTTTACACGTTTGGAATCCTTTAGATTTTTCCGCACAGGTGCCTCGACTCTCGATATTGGTATTAAAACTGAGGCCACTGAAATAGACTCTAGAACATGATTTGGTGCGCTTTCTCGTCACTCCAGCTCATGTCTGTTGCTACAGTCGAGAAATTTCCGCG,1341,49.22,Drosophila melanogaster
SEQ_764234,CTAGGATACCAAATCTACAGGGCGTCCCTTGCCAAGCATAGATATGCTACCGGGGCAGGTATCCGGAGGCGAGAAATGTGCGGTAGACAATGTTTAGCCACTTAAACTAGGACAGTATACAATTTTGACTAATTGCTCCGTAACAAGAGTTCATTGGGGACCACCGGCCCGCTTTTTTATTCTGAAAGAGGTACGGTCGACGCGCAGTTTTAACCCTTGATAACAATAACTCAGAGGGAAAGGTAAGCGGGTGAGGCCTGCATAATGCTCCGCCTAACCATCCTCAATCGATGGCTGTTAGCTAACTTGTAGCATTTGATCCATGAGTCTAGTGATAACGACTGCTTGACGTGACTGTTCCAAATTTTGGTGAGCTGCATACCCAGGAGGCTTCTTGGGACTAGAAAGTATCCCCACCCAACGCACGCGCCTCCGACCTTTCGTCTATCCCCGACCCGCTCGCACTCTAGT,471,49.47,Drosophila melanogaster
SEQ_451683,GGCGATGGGAAGAAGTTGGAATCACTCCCTGCAGATAACCGAAAGTCCTGGTCTCTAACGCTATATTCCGGGAGCCGAGGTACTCCATTACCGAGAGCACCGGCGGCCTAAAGACGAGGAATTCAAGAGAGAGACTCACTTACAGCGCGGAGTAGGGGACACCTTCCCGATTAGCTTCACTGAAACCGAGCAGACAGCTACCACCTTAGAGTCGAACTCACTTCGAGTTGCAGCTCACCCTACAGCTATCGCTAGAGAATGTATAGATGTATTAACTAAAGGCTGAATATAGTTATATTCAACCGCTTCATGTGCTAGCCTCGCGGTCGGGCACTCGGATCAGCTCAATGAGCGCGAGATGGTCTGTTAAGCGTTCTTAGGGGCGAGTGACGTCAGAATAAAAAGAGTTAGTCTACATTGCGGATGGGCAGACTTACCGCGAACTCTTTCGTCAATGAGGAAATAACCGCGGAAGAGTCCGTGGCGATATACGGGCCACTGCCCGGTGGATGGACAGTTCCTGGCAATAGCCTGCTCGAGGCCGCAAGGAATCCCACTTCTGGTAAAGGGCAGCGAGAACGATCTCCAAGCACTAGGCCATGATGAACCGCAACGAAAAGCACATCTCAGATAAAGTTGGGTCACTGGCAGACACAAGGATGGAAGTCGGCTTACGACTATCGCAGTCGAATCCGGACTGCTGGCGAAATCATAGTGAGATGCTTATAAACGACACTCCGGTTGCTCAACATTCAGCCTTATGACCTTACTATATGTGGCGTGTAAGGATCATATAAGACCCTAGATCGTGCATAGTTCCGCTCATACTAAACTAGTTTCGACCTTAAAGACCTTCGCGAGAACCCCTGTGGGGCTCAATGCCTCATATAGTAAGAGCATTCTACCCCAGTACTCTACGACTGACATGATAAAGTACAAAGGCAGTGTTAAGC,953,49.74,Escherichia coli
SEQ_519104,TTTTAGTCCACGCATTCCCTCACTATTCTGATGAGACGCTTTCTGGTCAACGGACAGTGACTCTAAACTAAACCAGTAAACACAACGCAGCTTCACTGGACGCGCTAACTTAAGGATAAAGGTCGCACTATATCACAAAGGCTAAGGCTCGCGCACACCTTAAGGCGCGGGTTTGTGCGTAGATGCAGCTCCACCTAGTTAACAACTCCACCAAGGTATATTAAGACTATTCTCCTAGCGAATTTCTGTGACGAGGTAGTGGGTGGTTTTGAGCCATATGCCAACACTAGATTAACAAGTGCTATTTTCTTAAAGCCAAGTCGAATTACGCGCACAACTATGCCTTGGTAGATGACGTACCCGGGTCGATGTCAGACCCAACTGGATGAAAGGCTCCGCTAAGTGTGGGCCGGTACTGCGGTAATATTCTGCGTATTAAGCCGCGCCGGGCACCTCATTAACTAAACAATAGCTGCCCTCGTAAAACGAGCAAATCTGCTAACGCGTTGCGCGATTATGAAGCGAATCTCGCTAGTTTAACATTGCGCATGTCACAGGCGCTACCTCGACTCTCACCAGATGTCAGTTCGGCGGCGCATTATCCGTGGGTCTAACTAGGCAAACGTGAAGGTGCGCAAGGACGTATGGTCCGATTGGGGACGACCTTTTCAACCCGGCCACCTTGCGTTGCTGCACCCTTTTCATCAGCTTACTGCATTGGCTACGTAGGCGTCGTCCAGTATGGATAGCGGCGGCAGTCCGGAAAGGGCTTGTCGCTAGCTGCGTTCATTGCAGGGGGACTCGCGTTTCGACATCGCAGAGTTAAGGCAATATTTAACGGATGTACACCAAGGTAATGCGTCCTATTAAGATGCTCCGTTGTTTTGGAGTTCGGCAAAATCCCAAGCGAGCGAACAGCAGCCCCCCAACGCAGTCGACTTTCTATAGTCAACGGTTTTGTATTACTTAGATTGTTTGGGTCTACAATGCTTACGAAACACAATTTGCCTGACAGAAACTCAGTAATGTAGTACGAGCTGCCCCGCTAATTATGACGGGAAAGTGACGTTGTCGAAAGTAGCATTTTTGGTTAGGCACTATGTGTCATTTTATGACTCCCCATAGAACCACATCCACCTGAGACAGCTAAGAGCTAAGTAGGCATGGATCGCACGATCCACCCGGGGCTCCTTATGAGAGACGCAATCCTTCTGAGCGGTACCCGTGCGCCTCCCTTTGTACCATTAAGGGAGTTATAGAAGCAAGTCTGGTTAGAGAGCCCCTCTATTCCGTTATAGTCAGTGTGAATTAGGCTGGCGGGACGTGGTCTTGTCCCGGATATAGGCACCGTATACGGATGCCACACAGCCTTATCGCTGGCCGCCACGCGAGTGGAAAATACACCGAATACATTGGGTGGACACTATCCTAACGGCTGCAACGTAATTATCGGCCAATTGACTCGGCATCGGCCCCGCTGGAGCGCATGTTTAGCCCATTTCGTTGAGGGGGTTAGTTTGAGGAGTCTGTACCCCCTTGAGGTTGCGGAACAATCAATGAGAGGTGGCAAGAGGACTGGGTGTAGGCGATGCACAATCCGGGATAATCCTAGTGACACTACCTTGTCGCTTTGACTTAGTGTCGGGTTTACTCGTTACAATAAGATTCCGCCGTCTATGGCGTCGTGCGCTGCCGATAGCTGCGTGGCCAGGGGTTGACGAGGCCCGCCCCCTTTGCGCTGTGGATGCATTTATTGGTTTTAGGTATAGAAGGGCTACCCTCTAACTT,1788,50.45,Arabidopsis thaliana
SEQ_269269,TAGAGTTTGGGGTTACAAATCTACACATGAATGTTGCTAAATATCGAATAGACCAGGATGGAGGGGTGAAATCAAGAGCCGCTTAAGCTTTACCGTACCGATAACGATGCAAATTGACTACTGAGGTTGTGTTCGTGTCTCCGTACAGATTTGAATTCCAAGATATACTCCTAAAGCATGTAGTCCTCTGGCGTGTAAGCGTAGTTATAGCGCTATGAAAACAATGCCCTTTAGGTTATGTGCGGGTTACCCTGGGCGGAACTCCCGTGAGTACTTGGCCGGAGTAGCACTCTTAGCGGAGCAATTCAAGTAATATCCTCAAAAGTTGTTCGCATTTCCCGACCCTGATTACTCAGTCCAGCCTCTTTCACTATGAGGAATTTGAACAGTATCAAGGCGGGGCTTTACAGGATATCTAGGCTACTTTCGTCACAACCATGTCATAATAATTTCCGACCACCGGCCCGAGACGGCGTAAAGGTTCATGCCCGCAGTATCGTGTTGTTACCTCGCAACTCTGTGGTGCCGACTCCAGATGGTATGTACTCTAAACTGAGGTAGTGGGACATGGTCTGTTTATGCCCTACAGTATTTAACATAGCAAAACGCGTCCTGTCCAACTATTGCTGCCAATCACCGCAATTCCTATGAACACAGCGATTTAACGGCATGAGAGTTCGATTACTGATTAACAGGATTTGCTCAGCAGGGGCTCGATAGCGCCGCGTGGGGTTTCTGACTACGCGCAAAACTTTTCTTACGCTAGGGTCCCCGCAGTTAGTTCGAGGGTGTGACCTTGAAGCAGCTAATATGCAGGTGGCATATGCAGAGGCCCGGGAGACGGTCGGCGTAAGCATTTACTAGTCCCATCCCTCCGATCGCACCCACTGGAGTGTAACAGCGGCTTATCCCCGTCACAATCCGCCCAGATAACCGATCAGTCTGCAACACTACCGGTACTAGACCGGTCTCCCTATCTTTGGTCTTGGCTAGTTCTCATCAAGTGGTGCGTGGCCATTCGTGCGGGAGTCTCTATCGTATAAGAAGCGAGTTCATTAAGCCGCCTGTTGACCCTAGCTAGGGAAAAACTCCGACTGTACCAGTGCTACCACCACGAGCCCAAGCAACTACCGTGGATGCCATCTCACGCATGGGGGATACCCGCTCCATAACATTGCTCGAGAATATCTATATAGAATCAGAATGAGTTGGTATATACAACTCCAGCGACTACGGACTCCTGGACTGTGCCAGGCATTTCACCAACCGGCGGGCCCCAACAAAAGCCAGGGATACGCACATACCAACCACAATGTCCCTGGGGATCTTCCTCTAGACGTTGGACTACATTGAATGATGGTCATACAGGTGTCACAACAGTTCTGGTATGAGTAACACATAGCTGAGACTCGTATTGTTGTTCGGGTTGGCTCAGTAGG,1439,49.2,Drosophila melanogaster
SEQ_204627,GGATCCAGACGCCTGAACCTAACCAGCGAATCATAGCACGTACTCATTCGCTAGCTACTATGGTTTCCTGGGCTACGTTTTTCTTTCTCCACCGCACTGTATGGCTTAAGTGTTAACAAGGGTCCGTTATATCGGTATAAAAGGGTTTTCTATCCGCTTGAGACGCTTAGACTAACTCCCGGACGACGACGGCAATTCGACCTGGGAGCAAGACACTCTGGGCTGCACGTTTTAGGCCGGAACTTAGTTTTTAAAGGGGGCATGGGGCTCTAGGGTAAACACACTGCGTAAATGGTGGTCTCAGCCAGATTTTTGTACCTAGATCTGGCTGCAGGGTTTTTGGGATAGCCCAGTTGTATGCGGGGATATGCCTGGTGTCGGGAAGAGACGGAATATAGCCGAAAAGTATTTGTTCATGTGCCACCGTATAAACCGCCCATAACAATGGTTCTAACACACCCTCTAAGGGTTTGTAGGCGGAAACGCGTCAGCCTCCATATCGGTTAGAGGTAGGTCTTGTGAGCGTTCTCGACGGATAGACGACCTTTTAGGCCCAGCTACCGTACACTCGCTCATGATGACGGACGTTAGTTTGCATCAGGAACAATATTTGGTAAACCGATTAATCCGAACACCTGCTAGTTAAATCCTTCGGCTTACACAAGAGATCTCGGTAGGTACGCCCCGGCTCTCCCACTATGACACCAGTCATCCTCGGTATTATCCGTTGGTAGGGGAGTCCGTGGCTGGTTGTGTTTCTACGTGCGGGCAAGAAAGTGGAAGGCGGACGAAAGCCAAGCGCAACGACTTTCAGAAGTGCGATAGTCGAGCGCCCTGTAAGCAGCCTCTATGACCTCAAGCCCTGATAGGCGAGTCTCTTCCTAAAGTCTAGTATACTCCGAGGTCAAATGTCGACCGTAATCCGCGCAACGCTCATCTTTTAGTGCAGACGAGTCAGGGGGAGAGAGTCCCACCTTGGTTTTTGCGGTTGGACCGCTTTGGTCTACGACGCTTCATACCCCAGCGGGTAGCATACTCGTGATGGGCAACTAGTACGAGGGAACTCGCGTATAACAGAGAAGGAGATGCTGTAGCGCTAGTTCGTGGCTTTAACGTACTTAAAGGAGAGTGCCGCTTGAATAGTAGCGGTGACACCTTAATAGCTTAGTGAACACAGCAGTGCGGCCACGGGCCGCAGATTTTGACTCTGAAGGAGTCTCTCCCTTAGGTAGGGGCAGGAGAGACTGGTGC,1251,51.08,Saccharomyces cerevisiae
SEQ_754768,AACACCCAAATCTTTTGAGAGGGAGACGCTGTACTGGGGTCACGAATGTAATGTCGTCGACAGCCAAAGAAAGACAGCTCCGAGCGATGGGTCCAAAAGGACCAGCAAGCTAAACTATCCCGGGGGACCAGTCAAACCGCCACCGTTGCTGTAATTATGGACCGGTATCTGGATGGTAACCGACTAGCGTTACGTTACGGTGACAGCATTATATGTGATAGGAGGCTCGGGAATCACTGCAGAGCTTGATCGTCATATGCTCGATCAACCATGGCGGCGCATTCTGATCGATGGAGTTTCATCCTGCTATACCTAAATGTTACTGATCTGCCGAACTGTCCTTAGGAGTGACGTCGATGCACGACACTTGGTTGTATCTGTCCAGGAGTCCTACTGCATGATTGCAAATCCAGGGCTGGTGCCGCTCTAGTCCATAATGTAGTATTTCTGCCCCGGATTAATATTTGTGTGTTGTCGCTATGTCTACCGTCGGAAGGGCTTCAACGGTGCTTGGCCCACTTCCGTACAACCTGCCCTTCTGGTACCCGGGCTAGACCCCTTGGAAACATAACCCATGTCTACATCCCTGCCGCTGCCCGTGCAAGTACATTATTTTTTCGACGGTGCTAGAATTGATGGCGCGCTATTAGAGAAGAGGTTCAAGCAACTTACAAGGCCATTCCCGCCGCCTCATGCGACGTTTCATTTATTATCACAGCGATTATGCTACTCTTCAGCATTTCGCCTGGGTACAAGGCGGACAGTATTGCTTTCAGGTCGGGTATAGGGTAGAGTCTGAAACCTTACTAAGGGCTCTTATGTTAGTTGAGTTAGACCGCACACCTCGGGAACAAGTTAGGAGTTGCACCCCGGGCAGATTACAACCTAGCCAACGTGAACCGCCAAGGGATGGTCGTAGCTATAAACGCCCATCGCTTACAAATTGGGAACCATGATTCGCGTCTGTGATTGACTCCCTAGCAATGAATGCAGTGCAATCCACGCCTCGACCTGCCCTGAGGACAGGTACATGATGTATATGACCTGTCAAACTTGGGTTTTTGGAACCTTCGTCCCCAAGCCGGGTAGTAGCGATGGCTGTCAATCCGGACTGAAGTTTAGGTAAACATCCAAGTACAACGAGAGTTAAGATCAGTTCTGCCGACCTAGTTTCGTGATCCACCGTGGACCCCCGGCGTGAGGT,1204,50.42,Drosophila melanogaster
SEQ_632166,TAATACAGGTGTGCTGGCTAGATCCATGATGCCAGCGAGCCACTCATAAGAGTTAAGGGCTGGGACCAGCAATATCCACTCAACTGATTGGCACCCGCACGCGTACAGGTGGTCATGATGTCTTCCAGTCTTGAGGTCTTTCAGCATTCGCATCGTACGTAGTCCAAAAAAGTTTCGAGCGATATCACTCTCTAGGGCCTAGTGAAGCAACCGCTCTAAGGGAGCTGTTATTAGCCCATGGTATCAGGTCTTTATGAAACTACAAATGTATAAAACAACCCAAGAATTTGACTGGTACGTTAGCAGTGCTATCGTCTTTGGCTTCCTTATTCGTGTGTAGACCGCCTTCGGGCCGCCAGTTCGCCAGTCATAGGTACAGTGGGTGGGGCAGCCAAATGGGCGGTGTGTGTCGCTTCATTGTTCGTCCAATGGGCTCATGTACCCTCGCGCCTCTACTCCGTGAATGGGTGGGTTAGGGATTGGTCGCAAGAATTGAGCTTCCATTTAGGAGAAGGTCCGTCAAAATACTTTCCCCAATGCATTGCCAATCGCTGGTAATCAGTCTACAGACACTGCATAACGACCTCGTTCGCATTTCTCCACACCCTAGACGGGTTCGACGTAAAAGCTCTTTAGCAGATAACTACGTGGGGGCTGTCATCATTCGATACGGGGTAGGCCCTGCGATTATTACTTCCGGTTGGTGAATTACTAACAGTAGCTCACGCCCGTGACAGGAACCACCTGTCAATTGAAGAAGGGTCGTACGCGCAGTCGGTGAATATTAACGGATCCTGATGGTAGCACTCATTGTTCCCCGTTACCGGGCGTGCTCAGTATTATCCCAGCTCCTAAAGAAAATGGGCAACAGGGCGCCGACGGGATTTATTAGTTGGCTGATGCGTCTTGTTCGCTTATTGTCTATTTATCTGACCACTGCTCGACAATTGCTCCTCCGACCTATGATAAATTTCCGGGGGCGACCGCTGACAACTCGAAACACATTGTAGGATGGTAGACCAAATCCTGAGGCGGCCGTAACTCGGTGCAAACAACCCTGATGCGACTTTCCGCATCAGCTCCAGCCTAGGAGTAGAAATTCGAAGATAAGCGTCTCCCACCTTGCCGCTTCGACCGTGCTTAGGCTGCTATTACTCATGACTCTCGCCTTGGTCACCTGAGATGCCAGTCCGCGAGAGTTGTCAATTCCCACCGTCTTAAGGGATGATCCAGCCATGTGCCCTCTGTTGTGAAAGGAATGCTCCGGAAGTCGGAGAAAGGTCATGTACGTCTCCCTCGTTTTCTAAGTGGAGTTCTTCATCGACTAGTGGATCTGCTCGGGACACTGTCGGCAAGAAGCCGCAGCTGATGATGCTCGCATTTTACGGTTGCAATAGGGCGAGGGCTGTGGTAACTGACGGCGTTATGTGTGAGCGGGTTACGGGGAGCTCAGGCCGCTCCTTGAGTGCTTACAAAAAAGTTATACCCGCTCTCGGAGCTGGAAGGCCATCCATGCAGGCTGGACGGCTTTGTTTCCCGCTTCCGTCAATTATTAATCGGCACATGTAAACGAGCTGTAGCTACTGAAAAGTGAGGAAACCTATACCATAAGCCACGTTAGTGTGACTTG,1630,50.74,Mus musculus
SEQ_142248,TGCGCGAGTCTTAACAGACAAGTCTTGCTGCTTCGATCGTCTGCGAAATTCTGTGATCGACTCCGCCGCAGACAACCTTTGTCTACCCCTATCTTCACTAAAATCGTCCTAGGTACAACCTCGTATACTCCCATTTAATCCCGCTCTATTCTTAGCAGCGGCGCATGCACTAAGGTTAGGTCCAAAAGGTATATCACATCAGCGCTAGACTAGACTAAAGTCGTGGGATTGACTCTTCTCGGGTCCTTCGTTGAACACGGGGTCACTGCCTGATTATACGTGATGTCAATGTACTAATATGGTGAAAGCTAACGTAGGGAGCGTGGATTGACACTCACTGGGTTGCGTAACTCCGGCCTCGAGTTCATTTATGACTCCCTCTTTACTCGATAACGTCGATTGGATATGTAGCAAGTTGTAACCTCAGCCCCACTTCACGCGGGGCGATCGCTGGTGTCGCGACTGGCTGCTGGGAAACAAGTAATGACTTGGGACAGCGCGAAAGCCTACCTACACAGTAAATCCCGTTGAGATATAATCCTTCAACAAGTGACCACTCCACTACGGGGACCCCCTATGCTCTAGCCGGGGGAGACAGTCTGTCGGACAGTTTTACCAGATCCATCTGCATCAATCCCGGTAGTCTTAGTCTCCTACAAGCTGGTTGGACCTCCTTAGTGGTAACGCCTATTATAACCCAGGCATGTATTGGGTTAACTTGATACCACCTAATGACGGCACACTTCGGGGCATCGGCCGGGCGGACACCATTCCTTAAAGGAGGCCGATCAACGAGCTACACTGGCCCGCAAGCCTCTGGGCTCGACGATAACGATCTCGGCCCGATGGGAAACTTAGATTGCGTAACTATGAGGATCAATTCTGAGGAGGCAAAGATGCGAGTGAACTCGGACGATAATTTCATCTTAGTCCCACGTATTCTATGACTTAGGCTATGTGCTTGCGCCTCGAAGGAGAAGAAGGTGGACAAAGGTGTATTGAATACGGGCGACATACGTGACCCTACCTGGATATGGGAAGCAGTACGGGGCCCCTCTCTTTGTTACCCGCTGTTGCATAACGTGACCGTCAAGTTGCTAGAACGCAGAGAAACGAAAATTACTGCCGGGTTTCTCGCGGTGAGCGGTCTGATGTCAGAGCGATGACAGCCGGAGCCAACGTACTTCCAGCTCCCGCATTGGCTACCACCTTCAAAACTAGGACTGCGATGTCGCGCTAGTACGCTTGAAGTCGCGGTGTGACGCACAGCGCTTAGTCAACAACAACTGCGTTCCCTGAGCGGGTCAAAGTGTTCAGTCGCACTTGAGGCTAATACGCATGGCGCGAATTCGGCGCGGCTTGCGAGACGAATATTGCACGATTTGCGTTTGGGAGCGTTCCGTTTAGTTTCCGTGCTCTTATAGATTTACACAATAACGGT,1441,51.01,Homo sapiens
SEQ_758599,TGCCAGTGCGGGGTTTTTGTTTACTAAAATTATCCAGTAACGCCGCAGATTTACGGGTTAAGGGTACCGAATAGACAGATGGATTTTTCTCTCTAGCATGCTATTAAGATAACACATTGAGGCCAAGTGTTCGTTCAGTTCTGGCTTGCCTCATCAGGACATTTCCAAGAATTCAACTTTACGAAAACAGTGGGACTCGA,200,42.5,Caenorhabditis elegans
SEQ_775593,TAGGTAATGCAGTAATCTGTGCCCTCGTGACACACATTACCAATTAGCGCAGATCTTATAAAATGATACCACAAGCCCAGAGCGACCCATTGCGTACTACGTATACTCTGAGCATAGTGGAGTATCAGCGGCCAATTGTGCCCAAAATCGGTGCAAGATCTGTACGGGGGGGAACCTGGCTCCCCACTAGCATGTCGGCAGACAATCTCTTTTGGCGAGGAGATCCGGGCAGGGTCTACCTCGTACAAAGATCGACAGAAAAGCAACGGCATTACAACAATATGCATTCGGGAGCGCTGCTGGCAGAGGTCTGGCTCGCGTATCGGCCAGCCCCTCACATTCGATGTACTGGGGAGGTCAAAGGGTTAGTTACACTCAACGGGTGTCGGGTAAGGTGTCTAGAGACAATCTCTTAGTTTAGAAGGCGGTACTAAACCAAGAGACGGATAAGGACCTTAGATATAGTGAGCG,471,50.53,Drosophila melanogaster
SEQ_480328,AGAAGTTCTAGACGATTAACAAAAACCCCCCCGATGGGAACCATTATACTCAGGACTAGAATTCGAGACACTAAAGAAATCAAGCACAGCAGAGTTTGTATGTTCGCCCAGCAAACATATCTCCTCCCTCGACTGGCAGTTAGGTAGGTCATCTTGCTTCAGATGAGAACATCAGTTTTACACTGCCGCATATATGAGAGATGCGGTAAATATTGTACTAGTATGAAGTCACCATTGGAAGAAATCTAGTGAGGCCCCAGGAACTGGTTGGCGAGCTCCTTACCTGCGTCTTGACCTTGGGACGAGCAAGACATCTACACCCACGCGGGGGGTTCCCCCGGGAGCACGCTAAGGCGGCTATCATGCGCCCGGGCCTGCAGCGCGTAGGTATTTACCCGATATTGAGATCCTCCTTAACAACCTTCTCGACCTAGGCGAACGTTGGTATTTCTCGAACTATCTCAGTAAACAGCTGGAACGGGCCAGCTTGCTTACGATTAATTGTTATGCTTGAGCTCTCGACGTTCTGGGATTGTTAGATTGCACTGCTAAGTCGGCAGTGAATGGCAGTCACACCCCATCACGAGTGCGATCAGCGTTGCGAGGATTAGTGTGAGCAGGAGCGGCCAAGAATGCGAAGCGATCATGGCGCTAGGGAGGGTACCTAATGTACGAATTGTAGTAAAGAAGTCTAACAGCACTCTCACAACAACAAAGGCTTACTATGTGGCACTCGAGCTGGCGGAACTCCATCATCCTCTTGGGCACCCGGTGCCGCCTCCATCGGGCAATGGATGGTCCGGTCGATTGAAGGGGGAGTCCCCCCGCTAATCAACGACCCGCAGTTGCACGATGAAATTAGCGTAAGATAATCGGGAATTC,882,50.79,Caenorhabditis elegans
SEQ_239882,TGGTGTATGGCAAAATCGCATTAATGTCTGGCTGCGTGAAGATTCCCCAAGGAAGGAATTACACATTTAAAATGCAACTCTTACTTGCCTTGTTCTCCTGCTAACCACCTATGAGTTGTGGGACTTGCATTCATATCAGTCTTTAAATAACCTCGATGTTACATCTAACTGTTCGCAAGGCGCTATAATAGGTGAAACCTCCTTCCCAGTCCCCCCGCCCGCTAACTGCAATAGTTTTTCCACGCGTTACCGGACTAGCTAAGTATATTGCTCCGCTAAGCGTTCATGATTCCGTGCGTATACATAGGATCATGTTTGAACTTCAAGCGGCCGTCCGAGAGCTCATGGTTAGGACATGCTCTCTATCACTCCGTTGAGAACGGGTAGTGCGTAGCCTCGCATAGATTAGTGCGACCTTTGTTTGTTGGCGCGAGAGTCATGGTACCTCACGATTGTAGTTCGTTCGCAAAGGTTCGAGAGGAACGGTACCACAATAAATCGTGCAGCTGAACAGGACTGCATAACAGCGTGAGCATCTCACCGATGGGCCATTAACCTAAGATCCGGGTTTTGCTCCAGGGATACCTCCGCGTGCTCAAGCCGTACCAGCCACTGACGATCCGACAATGTATAACGCTTGGAGCAGACAATGAAGATCCACTACTAGACACCCAGGAAGGACTGCCCGGAGGTCACAGAAGTGTGGTTACTGAACCAGTCACTCCGAGTTAAGAACGCCTTTTCGTAGCCGCAAACAAGTTGGGTAGACACCACCCTGCGGCGTGGAGTCCCGCCCCCAGTGACCTCTGCGCCGCACGGTAGAGGTTGAGATTGAACGCTATGTCCAGTTCATGTATCTTTTCAGTCCTACGGATTCGAGATGACTACCTTTTCAAACTGGATTTATGACCCCACGCACGTATATTACGGAATTAAAGCGACCGTATACGACCTTTGGTAATAACTCCCCGATAATTCCGAGTGCTCGATTAGGTAACTTCATTGAAATAGGGGAGACTGGACTGTACCACACAAACTATGCAACTGATGAGGCGCGGGCCGGCAAGCGTAACTACCACTGAAACGCAGCTGCCAGTCGTTTAACATAGGGTGTGGTCTTTTACGGAGCAGTAATTGGAAGGCTTGGCGTTCGCTACCGCCGGGGACCCAGCTGTTCCGTTACTACAGATTTTTCAGACGATGTGGTCAAAGAAAATT,1218,49.18,Mus musculus
SEQ_562347,CCTCTTGGAGTGACCATGCAAGCCTGGGCGCTTTGAGCACCTTTCAGCCTTACGGGCCTGCATGACAATTACATGCATCACAGGCTTTCCGCGGGCGTGACGATATCGCGGTTACATCGTTATTGCTGATCCGAGCAATACTGCCTTTGCACGTGTATCCGCCTAGTCAACCGGTTGGTCCCCCCAATGCAACAGACGAGTAATTATACCCGATGGTGTCAGCGCGATTCGAAGTTAGACAGGCGACTAGACAGCCCGGACTTTACTTACTCGAGATCCATAAAAATATGCCACCCACCTAATTAGTGATAAACAAACTCATCGTAACACGCCCGTTGTGAGGTTGGTCAAACTTAGGGAGCTGCCAGCAATGCGTTTCGCGTGTTTAGTCTTGCATTGCCACCATTTCCCAGTCAATGACCATCCGAAAGTCTCAAGCCATGTGAGCACATCACAGACCGAAGAGGTTCGGCAAACCTATCGTTAATGACGGCAGCATCAACGGATGGGCAGGAGTGAGAGGAAGCCCATTCGCTTGCGTCTGCTAAGAAGGGTCATGACCATATTTGACTTTGAGAGTTGGTGCTTGGTGAAGGTGCTCTTGAGGTTTGGACTAGGTTTTACCACTGCTGGAGACACCACCGTGTGGACCGCATATTTTGCTGTATGATTTTACCTACCCTTTAGTGACGTAATAGCTCCGAGGGTCTCACACAGCAGATGATGCTTTGTATGCTCGTGTGAATTGCACGCCAAATTGGGTCGTATGAGGTTCATGCTCAATGAACACACAACCCGATGGTGGCTGGTTAGCGTTACCGACCAAACAAAACTGTCGTTGCTTTCTGAACACTATTCTTGTGGACACAGTTGCTATCCACTTGAGAACTCGCCTCAGCGGGATCGACTGAGGCCGAGTGACTAGATTAGAAACCGAGCAACGAGCCCTGCTCTCGACTCTTCTAGGGTAGATATAAGGTCCAAGGAAATAATCCCGCACGAGTAAGGCCAACAACGAATACTTATATTTTTGGTCAGATATATGAATATAAGAACCCATGTAGATCTGAGGGGCGGCGCGCCACGATTTCTTCGTAACGAAAAGCTCTGCGTGGGGACGCCGAAAAGGCTCGACAGTTTACTTGTCGGAGAACAGAGTTCTCGCTATCTGGAGAAGTGTGCCACAAAATAACTAAAAGACGTCTCGTTCACCCCCCACTGTACGTCAGTTTCGTGGATTCCCGGTGGGATTAGGCAGTCACTTAACTACCGTTCAAACATGTTGTGCTCTGACCTCCTATCATGTTCAGGATCCCCGTCTGAGATTTCCACATCCCTTATGAGTTAAGGCCGTTTCTTGGCGTTCATTCGTACGCCAGTCTATAGTCACCGCACAGTTTTTCAGCGTCATCAGAGCAGATGCAAAGTAATCATTGGGAAGCACGGGGGATGTCTAGCCCTTAGCCATATGGTTTTTATCGTATCATATCATCCGTGAGCACACAATTGGGCTGTGAGGGCTTGAGGGTCCTACTGATGCAGAGTAGTGTCTAGGCGTTTCTGTGCATAACCCCGCCGGCAGATCCCGTAGTAGACGCGCTTGTTCACCCGTAAATGCTGGGTAGCAAACACGCTACG,1638,49.45,Caenorhabditis elegans
SEQ_418086,GACACGGCCAGACATGGACCAACTCTGCACCATGTACTCCGCTTTCGAATGCTTGCTGGCAAGGTCTGCTGGTGCTCTGAGCATCACCTGACCATCTCCGTCTCCTTCCCTTCTTCGGTAAAAGTGATCGCAGTGCTCTCCATTCGACCGAGTCTGGAAGCCAGCATATGGAGCCCTCTCCCGTCCCTCTACTATCGGCTAGAAACCCAATCGTTGCCTTCTAGGATGCGCGCGTGGGGAAAATTATAAGCGACTGTAGATAGTACCGTTATAGCACCGAGCCGACGGCACTATCACATGAGGATCCACATTGGGATCTATTCTCGTCATTCCATTAATGCTGTACGTAAGCGGTAGTCCACCTCCGCTGTGGGTTGGTCCCTCCAAATTAGTGCATAAGGCGTAAAGAGTCGTATAAGGTAGACCAGCCCACAATTACCCGAGTATAGCCCGTTCGCGGTCAGAAGCCAATAGTAATTCACGCTGCGCATACCGTGGGGGAGGAAATAATGATACGATTGGGTATCGCGCGCATAACTCACATGTGGGTAGATATACTCACACTAAAGCGTATTCTCTAACCTTTCTACTAGGTGCGCAAGTCAGACTTTCCCTACCATAGGGTGTAGCCCGCAATAGCCTAAACGACGCTCACAGGTCTGCGTCGCAATTCGTTATCTGCTTGTCGCCCTTGCTTTATTCAACATCGTAATTTGCTGAAAGAGACGGATACTCTAAACCTAGTAGGTGCAGTAGAAACATCCATCGACGAACGCAGAGCACGAAGGCAGTGGTCTCGTCTCCCCCGTTGTAAATGTTCCGATCCCCAGTGCGGTTGCTCATAGCGCCGCCTGGTATTTCATCATGGAGGCAACGTGCATGTGCTCCGAATTACCTATAAGGGCACGGTATAGCGGTAAGTCAGGGCCCCCCGTGTCAACTGATGCAGAACGACGCTACATTTTCTCTGAGACTTGGCTCGTCAACGGTACTTCGTGTATGTTGAGGAAATGTCCAGATCCACACAAAAAAAGACGCAGAACATTTACTTCGTCCCGATCAGGGGATTGACTGTGGCTTTGCTGCAGGGGTAGCGCCACGACCATCGGCGGCAACTTTTCGAATTTTCGCATCTAAGGCCCAAAAGTGTCACCGACGGATCAGAACCACGGCCAACCTGCTTATTGTCGCCCCCCCAATCCACTTAGACGAAACCACCACCTATTACGAGAAAACCTGTTTAACACTCCTTCAGGGGAGGCCACGGAACGTGACTACGGTCGTCTCTGCCTTATTCGTTTTGTTTTGTTATACAGCTGCTGCTAGCGCTCCACCGGTAGGTGAAGGCCTTTGAGATTACCCTGCCAGGATCGTACTGAATCGTGTTTCATTCGTCCTGATCATCTAGATTGGTTCTCTACCTGCGAGTTTGTTGTGACCCTGTTGTAGTCTATCGGTCGATCTTACGCGGCGCGCTATATCCCCGAGGAGCGGAAAATCCAGCTCGTCCGGGCTCTTTTTTCCGATCTACTTTGTGTGGACGCGCTATCCCGGTGCTCTCCTCGACGCGAAGAGGATCCCCCTAATCCCAGTATCCGTCTCCCAATAAATAAGGCGGATCAGAATAATGTATGAAGGTCCTTCCCTGCTACTCCATGTTTGCGGGAACTAAGACGTGCCAGCGCTTGGTCTGTCTTGGACCCATCCGTTGAGCCATATTCGTCGACTTGATGGCACGGTTCGGTTAAGATGAAAAGATCCCCTACTGTACGTCTGCGCGTATTTGGTCGTCGTGGCCACTCTTTTGGTAGTGGAGAGATCCCAAGGCTGTACGTGCCCGAGTATTGTCACCGTTGGTGACAGAAATCATTGCGGTGCAAGACTGGGCTAGTGTCCTCCCCTTGGACTTTTAAGCCAGTCCTATTGTCGTGTAAC,1935,51.27,Arabidopsis thaliana
SEQ_210045,TAATGCGTGGTAGTACGTTTAGCCTCGTTCTCCGGAACGGACAATACCTGTCACATAGCGTGCGCCCAATCAGAAGCGAAATCCCATCCTCCCCACGTACCCTCAGTCAGGCAGACCTCCTCCTGACCTTACGGAGGCGTGCGGCTACACGTGTCAACGTGTGGAGGTAATTCACCCCGGCTGTTAGTGTAATCAAGAGCCCTCTAAGGCATCATCGTCTTGGCCGACCCCGTCGATATGGTAGCGAAAATCTTGAGGACCGGAAACTCATGTACCCCAGCGCAACTCATGCGACCTAAGCCGACATAGCGGCACTGATTATCCCGTATGTCGCCCTCACCCAGCCCCCATCACCCGGCGCTACGCCTCGTCCCAAGTTCTTATACCTTTTACCGTCCACCTTACGACACCTCTGTGAAGCTCCCAGCTGACTCCTCGTTTTAAGCCAATCGCCTAGCAACTTGAGAATCTTTACACTTTCCGACTACCGTTCCCATCGCGGGTGAACAGCACAATTTCATGTAGTGTAAGACAGAGTTGGTCAATCTAACGGGAAGCACTGAGCTACGCTATTACTTTTGAGGATAACGCTGCCACTTCCGAGGGCTCGACAGTCTTTTCGTCACAATAGCGGGATTGCTGAGACCACCGAGAGTCCTATCCCACCACGTCTGCAGTTTCATTCCTCAGACTTCACCACCAACAGCGTGGTGAAC,716,53.21,Homo sapiens
SEQ_942659,TCTGGGGGGTTATGTCCCATAGATGGATCTAGCGCGGGGTTTTTTCCTCCTGGGCGTAGTTTGCCGTCCGGATTTCCTAGGGCACTTAGTATAACGGTGACATAAAAAGCCAGCGTAGAAGGTCACGTCCCAGAGCGCTCAGGGTTACATCGCGCTTGAATGAGGGTTATCTCCCACCGCCTCAAGCGTCCCCTAGCCTTTGTCTTCCAGCTTGACTGACAGTCTCCACAACCTCGCGGTAAAGAGATGACCATAAGACGTTGTCCTCAGCGGGCTAACGAAGCTGGCCTTCAAGGCAAACGAATTTAGTAAGCTGTGGGACATATTTCGTACAGCTAGTCTTTAGTAGTGATCTTCAGTCACCCTCA,368,51.36,Drosophila melanogaster
SEQ_835139,GTGCCTGTCGTTCGGCCTGGGTGACCGGCATACTCTCGCTGGGAGACTAGGCATTACGCGACTGCCTATAACGAGTATTGCCTGGAGTAATCCCACTTACAGTATCAGTTGGAGTCCAATGCCGGTCCTAGATAC,135,54.07,Homo sapiens
SEQ_965917,ATAAACAGTTGGTGATCGAATCGTGGGGCCCGTCGCTACAGTTGTTATCAGTGGCGGTTTGCGGTGTTATCTATACTGAGAACATCTACTCGTTACTCAAAATGGGGAGGCCAAGCGGGTCTCCTGGCGATATAGGAGAACTTGCCTGTCTAAACCTCGATTACGGTGTGATCGCAGACAGGGCCGACGAAGACAGGCTATTGATTAGACTACACGCAACCAAGATATCCTGCCGGTACGATATGGGAGAGACTCACATCAATCACCCGTGAAAGTAAGTGCACCGAGAGCGCAAAAGCAGCTTAGTGGTAACTTCGCGAGGTTTCTCGGGGCCGGTCAAAGCCAGGCGACTCATGCGCGTACGCAAGATAATACATTCTCGTGGAATGGGGCAAAAAAACAGGGTTCCTGAGGAGCACTTATCACCATTTAACCCTTGAAAGCCTCTTGGCCGTGGCTGGGACAGATACGTCCCACTTCTTGGGGGGCCGTACAACAATATGTGCCGAAACGGAGATAGATTCGCCCAGTCGCCTGCCGGTGCACGCTTGCATAACTGGTGTTTGAGAAACCGCGTCCTCAGTGCCACGATCTACCGCGTAAAAACCTACA,612,51.8,Caenorhabditis elegans
SEQ_390911,AGCGATCGACTAGGAACGACTCGAGCAGAAGCGGGAATGTGTCGGCTGCTTCTCCGCAGCGATGAAAGACAGTTAGGTCCCTAAGTTCACATTCGAGCGTTCAGCCCGTCCAAGTACATGATCTTTATGGACCCCCCCATCCGCAAATTAACAACTAAAGACGCCCTTAAGGTAATCTCCTCGAGGCTCAGAGAAATCACTGAAATACAGTGGCGCTTTGGTAGACCTGGGCATTGGCCGTGCGATAGTGGTGGGAACCCAGTTTAACGTCCATAATGGGCCTCCCTCAGCGTAACGCCTCTGACAATGGCGTATAAGTCTTTCTCCACACGGGAAAGGGACAGCACTACCGTCTGTGCACGTGATTATCCACGGATGACGGTCTCGGGGACTACCCCCGAATTAGCTCCCAGGTCAGGTCTTCCAGCTGCCAAACGAGCCCGGGTAATTCACCAGTGAACCCGCTTTCGTAGTTTTACTCTTGCGTTTAAAGCTCTAACAACGCCTGCCGCAATTCACGTCATGTGCTGTAGTTGTCAGTGACGTTCACTGTATGTCAACCATATATCATCCGCACGGTCACTCGAGTAGAAATCCTCAGAGGACCAAAACTTTTGGTTCATGTCTTAAGATTTCTCGATATCCTTGACAAACGCCCAGCGCACAGGCAGACACGACAATCTCGACCCCTAGCCGCGGGTCCAGTGCTGTCTTAAGCCCTGCGCTAGTCGTATCATCGACTCTTACGCAAGATACTGGCTCCAGACACCGTCAGGCCTTATGGTAGTTGCGCAACGCATCTTACTCGCCTCC,813,52.03,Saccharomyces cerevisiae
SEQ_933902,CGGTACGACAGACGGCAAGCGGCTCAGTTTAAGCCTACACTACTATGCAAGCCTCCCGGGAGGTGATCACGTATAAGCTCCTTTAATGGGCTAATCAAAATCCACGCGAGCTGTCCTACTTAACTATGGTCGCTCTAGGTTCCTGGCTGCGAACCGCTCTCAAATGACCTGACCATAGTTCGTCACCAGGGGGGTGTCAATGGTGATTGACGTAATGATAAGCATAGACGTATGTCACCGACACGAGCGCCAGATATTTGAGCGTAGGATCACGTACCCAGAGTCCTCGGCCTAACGTCGCCTCACCGATGATCTCAAGGCGGGGATGAAACTTGTGAGGCTGTGACATACTGGCTTATGTGCACAAGTAACATTCGTAAAAACAAGGGGCTTTAGCCGTATGAGCACTGTACTGATTAGCTTGACATAACTACCGCCTGGAGGCAGAGTCACTTACGCCATTCCGTGGGGTCACCCCCCACATTGCCGGAGAGAGGATCGCTATCTTATATATCTGCGGTTGAATGGGGCTGAAACACGCCTGCCATCTTTTCCGTAATCCGCTTGTGCCTGTGGATAGCTTCTTAGCGCTTTGTACCACTGGGCTCGACGTAAAGCGGTAATACAGGTTGGTGATACCCTGTGTGTCCCACGAACCTCGCACGGGACTCCTCAACCAGGTAGGTTACAAAGCAATGACGAGACAGCATACTACTGTTAAAGCCACTTCTCCGAGCCCGTCACGACACGTTTAGTGCGCGCAGTGCAATCACATGACTGAGACTCTTCTCTCACGTCAGCCGCTCATAGCCGACATCAGGACATGTATGAGCGAGGAGATCGATTGTGGCAGGCCGGGAGTTCAGGTCAAATAGAAACAGCTGGCCGCAATTATCATTTATTGACACTCCAACAGTCTGTGGCCGTTTCACCGTACTGAAAATACCAGCCAGTTGCCCGACTCCCTAAGATGAATGGGAGTTGCGGTGCGGTCGGAGTGCACCGTAGCCCCTACCAACGAAGTATTCGTGCTGACTCTTTTAGAACAAAATGCTCGCGAAAATAAACACCCTATGCCAAACAGTCAAGACAGAATCCTGCCAGGTGTCAGCCGGGGCAACCCCGGCGTCCCTAACATTGTCGGGTCGCATGGTCAAAATTACCGAGAGAAAACCGGGACATGACGGGCCATGCAGGCTTGAGTCGATGTTGAGTTCCTTTCTAGTTGGCGGTTGGAGCAATGGTGGCTAACACCTAACCCCGAGATGTACTACTGTTCGCGTCTCTTAGAAATAGTTAGACTTATGGGCTTGCTAGTTGTCCAACGAACAGAAAAGTCCACATGTGCACTGATTCACATGATGTTGAACGTACGCCCAAGAAACGTATCTTAACAGAGATACGCCAGAATTAGTTTAGACTCCCAAGGTGCCGTCCTAATATCTAACTGACCGATTGCCTCTTGGT,1467,50.72,Escherichia coli
SEQ_691466,CAGAGCAACTTTTTTCTCATAGTCTTTAGGTAAACGGTCAGCCACGGGAGAGGAGCGGAGGCGGCCACATAATTCGAGCCAGCACATACTTTACCTGCGGACGGAAACAATTAGCGCGCGTGCCATATGTTTGCTCAGGGCAAGTAGCACCTACCGCCACCTCGGAGCTTCACAGGTTATAGGCTATGAGGTGCGATATAGTCTCGATAGTGGGCTTTGACTATAAGAGTAGTAGGACCCATGATATAGACCGAGTTACTTTTCCAGGACCGCTGGTCACAAGCCCTTCATTTCACATTTCCAGGAGCTGGACGTCCTATCCAAGGCCGTGAGCATGCATTCATGGGAATCATTCCAATTGGTAGTGCCGAATATCAGGCCACTTAGCCAATTTCTTTTGTACACAGGTCCCGCTAATGGAAGCAGAACCAGAACAATGTTTTCCTCTTGCGACGGAGACGCGAATTTGAGTAGGGCGTAGGGTGTTTGATTTATCAGTTAAAAACGGGCCGATGCTGGCTGCCCGTTACGATCTCTCTAGGATCGCCTAGCCTATTTAATCTCGTGGATAACCACACGGCGTGTTTACCCCCGGCAGTTAATCAATGAAAACGGACGGGCACTTGGAAAACGTTCTTTTTGGCATTACAACTACACTCACGTGTCGGTCAATATATTTCGCGGTCGAGGCAAAAATGCATTGGTGAATGCGTACCCTTCTCCTAAGAGTCGCTACCTATATAGGGCCTGATGCAATTGAGAATTCATCGTTGACAGCCTGTGTAACCACAGGGCGAAAGAACCTTGCAAAGCTCACCTTTGCGTTACGACTTCAGATACGGGAACACAATCAAGTTTAATTTGCCTGAGTCAGTCCATTTACCCTGATGAACATCCGGCGCCCTTCTATCCCCATTGGAATAGGGGAGGTTGCTGACATCTCTTAGATACAATTCCATTCGCGTTGTTAACGGAAAACCCATTTAGATTCGCCCGTATGGCCGCACAATACGTCTACAACTGGACACCGAGCGAAGGGAGGACACCTTTGGCGTAGCTCATTAGGGATAGTTCTTGGCTTCACGCAAGTTCAGTCTACATACACCGAAGAACGTTCTTAAATTCGCCCGTTACGACCTTGTGAGAGGGTACACAGGCGGTACCTC,1166,48.63,Drosophila melanogaster
SEQ_927206,CTCGCTTGTTGGGACCTTGGCCATCGTCGAAAGCCACGAGAAAGAATCCAGTTTGATCATATTACCCGGATCTCGTGTGTCTACTGTCAAAGGTGCGTGAAGGTTAGGTACATGACGCGGGGTCGAGTTCCGACCCCTTTGAGAGAAGATATCTAGGCAGCGCCGCTTCGAAGTTGGAACAGGTGGCTATTAGATGTATGGAGGCTGCCAGGTCTGTGTCGTTTCCAGCAGACAATCAGCTCACCGCGACTGACCCGGGCCTATATTACCGCGCATTTAACCGGACATTCCATGTTTAGCCACACTTCAACGCACGCGCAGAAGAGACATTACATAGTCAATTATCAGGAATCAGTCGGCAGATAAGGGACTTTGCTTCATTTCTGTATGGTGATAAGAAGCCTGCTCCCATCCCAGTGGCTCCTCTTTGAGCAGAGGGGCCGGACAAAGTTGAGAATCCGCAACCACTATAAGGTTGATAGCCATCATATAGGTTTACGCTTAAGCAGCGTGAAGTGGCTTTTCAGGCCTCGCCTCAGTGATTGGTGATTTTACATATCGTTTGGATATTAGCTAATGACTTGCGCGTTAGAGGCAGGTTTATTACCGACTGCATGAACGGCTTGGGCGCGAGGTGCAACCATAGGCACGCAACCCACGCAAACTATGATCCAGGCAAGACGGAATACCCAGAAAATCAGTCGGTTTATTCCCACCCAGTGACCGCTTTCGGAAACCATAGAAAGAAACTACGATAGGAACTCGGGGAAAGCACCTCATTAATGCAATTCAAGAGGTGAAGGAAACACGTACTCGCCTTTGTAGCCTCTGTGAGTATACCGCGTCAATTATTATTTTTGAGAGAGCCCTC,871,49.02,Homo sapiens
SEQ_528736,TCCGCCCTGGGTAGACATCGAGATAAGTAGGCAAAGAAAGCATACGTTGGCGGGGTCAAAGGTGTAGAACAAAAAACATACGCGAAAAAATCGGTACTAGGATCTTTTTGCTACGTCTGAGGTCCGGGGGATTCTCGTTAGTTGGCATAGGTTCTGAACCAAGCCGAGCAGACCTGGAATGAATTGATTCCACAGCGTAACACAAGTTACCTCTTGGGGTTACTGCAAGCTTTTTAGCACTCTCCGTATTACTTGTATATTTATCCCAGCGAGGTTGGCCCAAGG,285,47.02,Caenorhabditis elegans
SEQ_303774,TATGCCGTGGGACACTAGGTATCATGCGTCGTACTGCGTACGGTATGACGCAAATGCCAGTACCCTGAACCGCTATAGCCATGACTAA,88,51.14,Homo sapiens
SEQ_339312,TTGATCCCGCACGTGCGCGCCTTTAGCGAGTCCCGCAGACAATTGAGATATTGTTAGTCTTGTTTTCGAGTTCGTCTATTCAGATCTCGGCGCCAGCCATACTGTTCGAACGCCCCCGGAGCTGTTCCTACTGGAATGCGTCTATAGTGATGGTCACGCAGACGCGCTATCTAGCCAATGATTGGCTACGTAGGTTTCACTGAGATGCCACAAAGTTTATAAGGCCCCTTTAACGCAAGGAGCCGTCGTCATGTGTAAGACATTCGAGTTAGTCGAGGTTGCACATGATGCCTTTCTAAGCCCCGGCCCGCCTAACAGTTCCGGCTGCGCGTGGCGACCGTTTGTTTGTCGCGCAGCGTTATCCCTCGACTTGACAATTGTAGGTGCGTTTACAACGGCTAAAGTTTCTGCTAACATAAACTCAACAGATTACGGACTCGTAGTTCGTGTTTGGCTAGAAGTTAGGGTAGGCCTAGTCATGGTAGCGCTACTGTAAAGTGATCCCCGTACACCAAAGTGTTGCACATCAAACGAGCGGTGGGCTAGCGGGGTGGGACTTCCGATTTACTGGACTCGCTTAATAAGCGGTCTGGTGAACCGGTTCATCCGCGCCTCTGCCGGCGACGCTAGGCCCTGTGATTGAAAAATAAGCCTCCTCGATATTTGGTAGCGTGAGTTTTAATGCTTAGTTGTTCCTGGACGGGCTGGTTCACGTGCAGCACCGTAAGAACTCTAACTCGAAAATATTGTAATGCTGTAGCTGGGATTGTTATTATATCTTAACCACTCACTAGTAGACGCCGCTTCGCGGTATATTGGTTGCTGCCGGACAGGAACTTTTCGCGACAAATCGTTCTTCACCGAGATCCACACAGGACGCTTCCGATGTTTGATAAAGCAGGGATATCTCGGATGCCCCAATTATCAACGTTCGAACCAAACGACCTGTGTCCGCAACACAGGAAGGAATTTGGAAAGAAGTCGGACTCTCAGAGGC,997,50.25,Homo sapiens
SEQ_425566,CATAACAACCAGAGGACTGGCAGGTATGCTACACCCTCCTTGAGCACTACGCGGAGTACGGCACAGGCCGAGCTCCTTTCTTGGATCAGAGACGGGGCACATGTGCTAGCCTACTAGCATTTCAACATTTCAGCACTGCCCGAAATTTGCCACTCAGACTATGAACCGAGATGATCCTTACTGCCGGTGGAGTTTGGTCCTGGTTATCTTGCCTTTAAGCCCGCGTCAAATACCTCGGTACTGGTGTTCCCAATGGTGTCTCGCAAGGTACTTGTTCTACGGCCTCGACTAACGGTCCTTACGGGAGCGTTCTGTCCCCGTTTTATTGAGGGATGGAAGGAGTTGTAACTTGCCGCTCTAGCTGTAAGGGTACTGGTTCAACCGCTGACCCGAAACCCCTTCAGCGGCCTTTCTATTGAATACTGTTCCCGCACACTCATACTGTTGGACGCTAGGGCCTTTATACTGGGGTGGGGAAGAGCGTCCAACCACTCAATATTAACGACCAGGCCTTGTCATCTGGGTCGAGGCCTTTCAGCAAGTCCGCTTACAGTACGAAACGGGATGAGCCTGCTTCTAGATGCTATGTTCGTTACCTCCGGTTAGCTGCTATCCCGGGACGTACATACGGAAGCCAGTGCCATTAACGTTTGCACAGTTGGACAGACATATGCGGAAATATGTCTAGACCAGGACCTG,699,52.07,Homo sapiens
SEQ_234042,GAGTGTAAGTGATTGTTATAAGGAGTCGTATTGGTATATGATCCCCCACGAGTACGACTGTGGTAGAATTGTAGCTTATGGATCTCTTGTGCCTAGACTAACCCGAAGGTGGCAGCCGTCATTAAGCCGTATGATCATTCGGCATGCTATACTTGCACGCGCTCCCTAGTACCATCTATGACTCCTTGAACAACTCTCTTCTGCAAGCCGGACGTTGCAGGACGTCCGCCGATTCTCTTTTATTTCGGAGGTACTTGACGTCTATTGGCTACAGCTACTAGCAGGTAGGTTAGTAAATAAGGTAAGATCTCGCGGTATGTGACTTGGATGAAATCGTGGGACCGGTCATCCAGATTATGGTATAGATTGCCGTTCATGCCCGGTCCGGTTTTCGAGAGAACAAGCCACCCGCTACGAGCGGACTACCAACCGATGAATCCTCAGGCAAAACGGACCGGTCGTTCAGTTCGATGACCCCGTCCCGCACGCCTCATTAAGACCCCGCGGACCGTCTTGGCATGTGGTGCTTGTCTCCGTCCAGTTAAACCCAGAAGCCGAGTGAGAACCTTTCAAGTCCGCGCTTTGGTAGCGTAGTTAATGGTTCCCCCCCCAGGCGTGACGCCGATTATCCGTATCTTCTGGTGCTGAGGCCAGAGAATATTTTGATGGCTAGGTCTATCCTTGAAAGCGGTTATCAATAGAGGGCGCGGTTATATGATAATGTTTATCCTGGTGATCTCTAGATGTCAGTCCACCCCTTCTGCTATAATTCGTCCTTCTACGGGAGTTAATCCGAGCTATATGTAGTGATTAGATAATGCAATGCTATACTCTACTACCATGCACGGTGGCGTTCGCCTTAATCGCTATGATTGCCGCATAATGATTTGTGCAGGAGCTGGTGTTTCGGTAGGATGTGTCCATTCTCGAGACGTAGGGAGGGAATGGGATCGGGGGATTATACGCCACCTCCTCCGCCAAGTGTTGCCGAGTGCTGTCCAGGGCTATAGACATTCCTATACCGTGTCCACGAATCTCGTAAGCGTCGCCCAGGAGCATTGACATGGTCACCACCGGAACGCTACCGAAGGCCAACTCCACGGCGTTCTGAAACTCCGGACCTTCCGTCCGATGACCACTGTTAGAAATGAAGTTTGGCCTTCTGCC,1167,50.73,Arabidopsis thaliana
SEQ_434684,AGAACCCTTGCCTGGTGGAGAAGTGTGGAATCGTTCCCAGAAGGTTGTGAAATTAATGAGGGGTCCCATACCGGTGAAAAATGGCTGTGAGTAACACTAGTTCTCAGCGTCTAAAGACGGCCGGGGGACCCGCTCGTGAAGTGCGACCGATCGCGACCATGGCTAACGAGATTGACTCTTACTACCCCCCAACCTCACCGCGAGACGCACTCCCATTACCAACAAGTATGTCCTCCACATCGATTCGGCGGAAGCGCAGCGCACGTACAGTCATCCAAGACAACGTTACCGTGCCCTACGTCCCCTGTATCGTGGTGTTGGTAAGTGCTTTAGCTCAGGAGCGCACGTATGTCGCCTAACCCAGCTCATTAAAGGCACAACATAGCTCTTCCCCTAAGACCCGAGTCTCATACTACCTACGACTTGCGGACGGCTCAGTAGTCACTACCTATCTAGAGTCCAAACTTTTTGATATAACCTCCATTTTCGTACACCGGGGTTACCGCCCCCAAGCGGCGGATATACAGACCTTTGGTGGCATCTGCCTGTCTAATTGATATTTAGCGTAAAGTAAGTTGGCACGGAATTTCCGGTTCACGTACACTATTTGGAACTCTCCGTGGGTTACGTGTTGTGCAGCCCCAATTCTTGCAATGGGCTGGTACGCTTGACATCACCAATTAGCTTTCATGGAACCCTATTGAGCTCATTTCTGTAACGAGGTGTTGGGCTGCGGGGCATGAGAGTGATTGCTCGTACACCTGATGTGGATAATAATAGTACGGGTGATAGCTGTCATCCTCCTCTAGTTTATCCAGTTTGGCGTAGAATGTTACCATGTTCAGTCCTAACCTACAGAGGCGGGTTAGCATATGCTCCCGCTGCAGTGATGGATGCACTGGTTTATGGCGGGGTCAAGCAAAGACGCAACCAGTCGATGCGCATGGCAAATTGGTGCCAACGCATTTCCTAGCACGAAGCCCATCGCGACATTAGACAAATCGCAAGAGGTCCCAAGAACCCGGATTAGTCAAGCCAATCAGGAGAGCGCTAGAATACAAAATGCTGAGGCATGTCGGTTGTTATTCTTTCGAGCGATCAGCAGGTTCAGACACTCTACATCACGTTGCGGTGTGGCACAGCAGTGGCTTGGGACCCTCCGCTTACATAAATCCAAAGCTTCGCTTTTATAGGCATCGCGCGGTGGGTGGGGCTCTTTGTTCCGGTATTCCATCAGTCATGAACTCGAGTTCAATCGGGAACCGGGGTTGTAGACGCTGCAGAGTCTATCGAACACACCTGGAACCGGCTGCGGGGTTTGGTAGAATACGCGTCGAAGAAGATAAATCCTGCAAGAGATGTCACCCGTCGCTTCTCCTACCTCATAACGCGGCAGAAAT,1400,51.14,Arabidopsis thaliana
SEQ_302315,CTCACAGTTACGCATTCATTCGGTTATTTCGTACAAGGAAATCGTCAACCGTTATGTGAACGTATGTACTGGACAATTCGTAGCCATTGCTTGCGACGGTCTAATTCCACTTTACAAAGATGGTAAGCACAAGTCGAACGCGGGGTTAGTAAGCCTAGTGAAACGGTACCAACCTTGTAATATTGGTTCAGGCGTCTTTACTCCCGTGTAACCAGTATTAGGTTGATCGCCGTATCATTCGTGCGTCTAAACAGTTTGTGCTGGCGCCTACCCCTATAAGCCTTATGCCCGTAGTGTCTGCCGGGCCGAGCCGCAACTTCCACAATGTTTGGACAGTCTCGACCGGTACAACTTCGATTAGGCGGTAATTTAGTTAGTATCATTTTAGACCCTCGTACTAGCGCCTGACTGCAACGCCGCCTGTGGAGCACTTACGGGAACTCACGAACGCTGTATCGGTTATACTTTCCCCGTGTGGCACGGAACTTCGTAGGTAAGGCGTAACGTATATCATGGCGCCATGAGCTGGGCGGTCTAATGGCGGTTGCAAATATTAGTCCGTTGACACAACATGAGGCGGAGTCGGTAAACTTTCCGGTCGGGTTGAGCGAGGGCAGCTGATCATGATCGAAAGGTGTGTAGCTCGGTGTCCGGCGAGCTACAGTGACGGTTGGGTCACTTAGCGATCAATCGAAACAGTGTCCCGTCGGGTATGCTTGTGATCGCCAGGTGGTCTGCAGAGATTGGCGATTCAGAAGAAGCTGCGGGTCGTTGTGTACGGAACATTCGTGTTTCACAACCGCGCTTCACGGGGCCCAGACGCTCAAACCTAATGGCGACCCATTAAATTACGACTCTAAAAGGTCACTGTTTACTCGATAGGGCGTGGACATGAACTATGGATCCCCCCGCAACCCATGCTAAGGAAGTCCCAGGTTCTCCCCAGATCGGTGCCTCTTTATGGCCAGACGATGTTCTTTCGACTGGTCTCAATTCGTTTCAATTACTATCCCTACTGGCTGTTCTACATGTCCAGCTCTGTACGGACGTTGCGCTTACAGGAAGCTTAGCCTAATTTTTGTAGCAGTAAAGTATTCACAGTGTTCAATCGGCGGAGGGGATCTTTGCATCTCTGGTCCCGTTACTAGAATCTTGACCGTTCGATGCAGAGCACGAGCTCCTCGGATAGCCAATAAATAGCTTTCTGCTCCGATGTGGCGTATTCTTATCG,1231,50.12,Saccharomyces cerevisiae
SEQ_698100,ACCTGCGAGGCTTCGGAGCTCCGACTTCTTTTCTAAGCTCCGCTTCCTTCATCCACTCAAGCCACGGTGATTACCGCTATTAGCACTAGTGCGTTACCTGCTCAGGGTCTATTATGTTGTTTCGTATTCGCATGTTCGATGGATAGGGTTCCATATTCCTGCTCCGGTACAACCGAGTTCCGATTAGATGCCACCTAATTTTCGTTTGCAGACTTGTGATCGCTTGAAATTTAGGGCGCGACGGTCAATCCGTCTCGATAATGGTCGTAGGTACAGGACGATAGTGCCTTTTGGCCAGCACCTGACGATTGGGGAGGACTGTGCGCCGACTTCGATTCTTGCCATAACCGACGCGCATTACGATTCATCCCGTACGGTGATTCGGTCGATTGCCTACTCTCGGGCAAGGCGGGCAACGAACGACTGTATAAGTTGCGTTAGGTGCGCACCGGAGAATAAGTACGGCTCGTAACGTTGCTCGGTTTAGGCGGACACTGAGAGGGGTGAAAACTTTGACACGGGGTTCGCGTACTAACGAGGTGACTGTGCGGTGCCATCTATGAAGGCCCCGGCCCGGATGCGGACAGCACAGAAGAAGG,599,53.09,Saccharomyces cerevisiae
SEQ_769024,GCTGTCTCTCACAGTAATCTAGATTAGCGTTCGTTACCGGATCCGCTCTGAGATAGCACGGTGAAGAAAACCCCCCCGCGGGAGGTGCGTGGTATCATGGGGCCAAAAGCTTATTTAGACCTGAAGGAAGACTGACTGCCAGAAACAGACCGGTGCTTTCCCGATGATAATAAGCGATGTTACGTGAAGAACAGCATTCCAAGGAAATTCGCAGCGACTCCATTTAAGTGCACCGAAGACTCATCTCCTGATAGTTGTGAGTCACGCTGTTTAAAATCGCGTTAGCCGGCATTACTAAGTTTCGCTTACTCCATTGTGATGTTACAGCCATTAAGTGTGCCAAGCGATGCCGTCTGCTCCTGCTCGGCAGGTTAATACACGTAGCCCCCTGCGGATCGCCAATTCTAGCAAATATCATGATAAAATGTGCACGCGCTTTACTCATCATTAATTGCAACGTCGTGCGGAATGACATCGGGTTTCCTCTAAAGCTAAGGGCCTCTGAGCACGTAATCGGGTATCGATGTGTAGCCTTTAAGACCATTAGCTCCCGTGCCTGAGCACCGCTGTAAGACACGAAGACCAGTTGACTGACGTTATAAAACTTTTTATGGACCTACCAAATCGGTGTGTTGTTAAGTAGGTGCATGCAGCAGATCCCGTTAACAAAATGAGTCGTTGCACCCAAGGGATGTTTCGTTCTGTGCAGGGAGGGAATACAAAAGTCATATAAGTCCAAGCGTGCTACGTTAAGCGTAGGCATGAATATAGGAATTTATCCATCCACAACGCTAACTAACACCCTAACTCTTCTATATGAGTTCAACGACCAGTTACGAGTCACGACATCCGTTCGACGAGTCAGACCTTTTACACCAACCTGGAATCTGGTCCTATGAAAATAGGAGGCCGGCAGTGGTCCCCGGGGTTGAACGCGCCGCTCATAGCTGCAGTAAACTGCTGAGAACGACTCAACAAGTCAACTCGGCCAGAGGTACTACTCCAACTGGCTTGCTCTGAAGGCACTTATTTATCTCGGGTAATTAAGTCTCATCTGCAGTTTAAACCCACAAAGTTTTTTAACTAATAAACGTGGTTATCTTATTTACAAGGAGGGGTTGGGCGTATTGTTGGATAAGTATGCCCAGACGGACGCCTACTATTCATGGCGACCGTTCAGGCTTTCATAAGAGCATATTGAGTACTACAGTTAAAGCATGGCCTTCCATGTAGCCATGAACCAACATGACAAACAAACTAGCGGGCAGTTAGACCACAAGGCCCTGTTTGATCCCGATTGATTCGGTGTTCGTTATGTCGCCGTTTTGAGCACCTCAATATGATTAGCTGCCTTGGGGGGTAAAGTCAGTTCAGTACGATTAAAGCGATCTATATCCTGGGAGACACAGTCTGTATCGCCGCACGTGCACACACGTTCATTCGGACCTGCGAATATATGAGGCGACACCGCTGGATTATTCTGAGGAGCGTAGCACCAAGCCAAGGATAATCGACTACCAGAGTT,1525,47.34,Escherichia coli
SEQ_609384,AGATCGCGCCCTTTTAGGATTCTCAGACTGATCTCAAGCGTCGTGCCGAATGCACCTACAACTTTAAAAGCTGGTAGGGCAGCGCGTGTTGACAGTTATTCTAAGAAGGTACGCATATGAGGTCCGCTATACACTTTAACCCAGCGTTACGAGGTCTCCGGGCGCGACTCGTGCAAGTGAGGAGAAGCGACCCTCGGATCCCAATAACCCCGAATGAGCCTGTTGGCCTCCGAAGCCAGTGCTACGAATAACAGGTGGCGCACTGCAGTCGATCACTTGCATCCTTGATAACAAGTACGAGCGCACAAGTTGAGGTTGGTCGTTCCTCCTGAGCGTCGGTGTAAGGCTGATACAGTCTGTGTTTCGAAAGTCCTACCGAAAGCGTTGCCTTGCACATGGTGCGACCTATACTTCAACCGGCCGAATAGGGGAATAATTACCTTCTATCAGGAACCTAATGTCGCGATCCCGGCCCTGTCTGAAGCTCTACGCTAGCCGACAGTGGAC,507,52.66,Drosophila melanogaster
SEQ_363518,CTCTCACGCCACGATCCATGCAAAGATCCGCCTGGGCTGGAAAGTCGATCCAACCAGTAACGCCGAACCGTAGTACCGTGACTCCAACAACTGCTCACTGGGAGCTCTCGGTTCACCGATAAGTGCGTGTGTGGTGGCGAGGCTAAACTCGCAGTGCAAGTCGGCTTCTACAGAATCTGACCCGGTAAGCTCAAGATGTTGGCCAATCGTGGCTGTAATATGCGAAGCGCCGGTGCATACAGTCGACGGGGATGGGGCACTATAACATGTTTAGCATAGGTAATGTGAAAAGTGCACTTCTTCGAAGGAGTGTCGTTGGTCTCCTCCGCCTCCGAAGGTTCAAAGTGCATCGGCGCAACCGATGTAGTTCTCTAAGCCGGTTTAATATTACTCCCGTAATGGTACGGAAGTCCGGTACAACGCCAAAGACTTGATAGCCAAAAGCCGTATTCGGCAAGAAAAGTTCGAGGATAGTAGCACGAATGTGCTAGAAAAAAAAAACCCTAATCTCCCTATACCTGTTCGCATGCTTCATCCTTGATACGCCTTTACGGGCTACGCTTAACTCCTAACTCCATAGATGCTTATGATCAGCTGGGGGTCCACCATTTCTCCGATCGGACTCTAATGCAACGGTCTCCCGCCGGTCGAGGCTAGCTTACCTGTGGGAGTAATCTGCGATTGAAGAGAAGGGATGCGGCCTGCGGATGAATCAGTTTTTAGGCAGCGTCGAATTTTCTGTTTCGTTCCAACACTAGAGGTACGGCCGAATGGATTTCTAGATCGGAAAGGATAATAGTGGGATCACTCGCATTAGTGTAAGCAAGGAATAGTATCCGAGAGTTCGATTTGCGGAGCACGGGCAGTAACAGGGGTATCATAGTGTTGCGATTGTCGTTATTTTTCCACACCAAACTTACGCCTAGACGTAGCACAGGTGAGTGTTACCTAGAACACGGTAAGGTCCGCACAGACGCAAACAGCAGATACACGTCAGATAACCCGGATCCCCGCAAGATCGGCGGATCATGCGCTGACGCTCAAATTCGGACCCAACCAGCGCCCTTATTCCTGCCCTATATTCTATTGACCAGCGTGATGGTTCGGGCTAAACTACTAATAACTAAAACGTTCCGTTATGAGTTGAACCAGTAATACAGTAGACACAAGTATTTATGCAAGTTCCGGGCATCTCAGCTGGGGGTGAATCGTATCTCTCGAACT,1224,49.59,Caenorhabditis elegans
SEQ_590873,CGTCGACTTCAGTTAAGCGAGGATCCATCTTCGACGGGCAAGCATTGAGACCGTCTTCAAAGATAAAGTGATTCCAGATGCAAAACAGCTAAGACAATGAACCAATAACTGCTAAGTCCCTTCTACTGTTATGGTCGCCTCAAGGGTCGATTCGATACGGGCTCCCCTAGCCAGCAAGGTCGCATTTAGTCAGACATGACACATACGTATTTCTGCCACACGTTATCAACCGAGCGACGCGCGCTCGGTTGTCACAGCGAAGAGGGGCCATGTGAGGGATGGTGGTACGACACCTGATTACCGAGACTCTGGGCCTATAGCTTGCTTAACAGCGGTATCAAGTGATAATTTGACTCTGTAGTTCCATGTCATGGCCGGAGTGTTGATATTTTCTGTTGGGTCCTGTCGAACGAGATTCTGGCGAGAGCATCTTTCTAGCACGCTGAATGCTGAGACTTAACTATAGACGAACAAGCTGAATGAGGCCCGTGGTCCCGGCGTGCCCACGCACAGCACTGCATTACACTATAAGGTCGAAGAAGTTAGTGATCCTCGTCAATAAACGCCTAGACGGTCCGTTCCTCACAGCTTCAATGTATCGGTTCGCACGCTCGAGTCCAAGGCGAGTCAGCACCATTTACGCATTAACGAGCTTTCCGATTGTCCCCGGTCGCACCTAGTCTCACCTTAGTCGTCATGGGTAAACACACCCCGACCCCTGACCTCTAGTGGTATCCAGTGGGCCCATGGGCGTCCAGATAACTGAGGAGAGTTACGTAGGGGATCAGGTTGATAAGTTGAGTGATTCCCACGGCGCGATCGTTGCGCGGTAGACTCCTAGTCAGTCATGGGTAAACAGTTGAAGTCCCATCACCCAGATTGAGTGATACTCCGGACCTTGGGAGAAACGCGTGGCGGACTAGCCATATTTCGGACGACGAAGCGTGAAGACTTGAGCTAGGTTGCCTGTGAGGCCTGCACTGGTGCACTCGGAATTGTACGGGTTAACTAAACCTACGTAGGGTAGAGACCCGTGAATTGTAAACACTTTCCCAGGTCATCGCCAAAGGGATAATAAAATATCGTGGGGAAATTACAGCGTTGCCTTGTTTACATATGGCGCGAATATTGCCTCACACATAACTTCCCACACATGGGGTTAATGCACAACTATTGACCTACGTAATAAACGCAGTCTCAAGTTTCTTGTTGCAACTGCGTAATGAGCCAAATTTGAAAGATAACTGAGTGTAAAACTTAGGGGGCCCGAAGTCACCAAGTCATAAGGACGAATTCTAAGTAATGATCATTTCGAGGACGCAGCCGTCGGCTTCACCATAACTTCTTATTGGATATATTTCTGACCTGGAT,1371,49.23,Escherichia coli
SEQ_526658,CACACTCGGCGAGTTTTTGGCCTCGTGGGAGATTAGGGTCTCTTATAAATAGAATGAGTAAAGAAACATTTCGAACTAAAGAATCATGAGGTCAAGCAACTCGGCTGACGCAGCCAGCGAACTCCAATATTTAGGACAATCTCGGGCGGTGGGATGCACTACCAAGGGTTGTACCCATGCTGTAAGACAAGGGTACATAAACGGAATGTAGATGAGAGTGAGACCAGAGCGGGTAAATCTCCGCGGGGCTGCACTTCCTCGACCGCGTCTGACGT,275,49.82,Mus musculus
SEQ_697036,ATACCAGCACGTTTACGGAACCACTGGGACCGCTTTTGAATCCTTTACGAGATGAATAAACGCGCCCTATTGTCAGTCACCTTTGGCTCCTAAGCAGCTAATGTCGCCCTTTCAGGTCCAACTCATACCACTCCTCCATGCCGGGGCTTCCCAAGGACGGATAGAGGGATGAAATGCACATTTTATAGACGGAGGGCTCAAGGCACAGCGGCGTGGTCAACGTATATTTTCTCGTGGGTTCGGGGCCGAATGTACCTGAAGTTTGAAGTCTCCGGAGAAAGGAATTGGAGATACCAATCGCGACTATCCGAACTCCTTGCGGGCCGAGCAAACGATCTTGTACTTTTCAGTTTCCGCGATCCTTGCCTAATCCAAACCTGAGCGCCGTTTCACTCTGAGAGCAAAAGCAAATATTCGTCTCGCGCGGCCTAACTTTCATATCATCAGCCATTAACAAGGATATTAGCATTAGACTAATATTCAAAGCAGAGATGAACGACTGTGTTGCCTGGGTTACTTGAACCTCTCGCGGTTTTCGCCTTAGTTGGTATTAAAGACGCTCTCTCAAACTCGCGGAAAGGCTAACTAGTTAAAACCTCAGTTCTCATCGGGGATTCGTGTCGCCCATCGCAGGCATAGTTCCCACCCGCGTGTAGCGATTAAAGGGTAAGCACTCACGTACGGGCGCTATAGATTGTCCCAATTGTGGTACAGTTGTCTGGACTTACGCTACGTCTTCCGTTCGTAAAAAAAGTTTATATGTTTGACTTTCTGTGCGAACGGCTAAATCCGTCGAAGTAGGCCCCGCGTATCGAGCGAGCTGCTTTTTGACAGCACACCCCCAACGGAGAGGCTATCATCTGACCGAGCCTACTATTTCGATTAATGAATTTATAACACCCAGGTAACAAGGGTGCTCTCTACTCTTAGCCACCCTGTATACTAGCCGGGGCCTGGCTAGCACTAAGGAGCTTCCGGTGGTCTATGACCTGCTGTTAAAGGGCTCAGCTTCGTTAAACGCGTCAGGCCTGCTTTGTGCTTGGGAATTAGTGCAGGCTGACGAGTCACTCACATGCAACGAGCGCACCACCACTTTGCTCATCACTGGATGGATTCACAGGACGAAAAGTGTGAGTTTCATTATACAAACCCACCTGCACACTATGGATAAGTCATAATAGCTAGGGCTCGGCGGATTTCCAAACGCTATTGGGTTTAGGTTATTCCCGGCGAGTCGAGATCTACGGATGGTACTAAACCTCTTCTAGGCTCCGTGACTACATAGTGCACCCCGCCCGATCTTACGATGAGGTCAATTCGAGATTCTGCTCGTGTACGCTCTTTTCCTCCCTGGCACTGATCGTGCAGTGCGACGTGAACGGGGGGGGACAGACCCGAATTCTCGCAAACCTGTCACTGACGCGCGGCGCTACCTCCCGGGCTCACGGATGATCCGCGCTGTCGTCGCACTTTGCGCTAGCGTGTCACATTATCATGGGTATATAGCAGCACTATTATACTGTATCCCGAATCGCTAACTCAGGGATTTTTTCGGATGCCAATCAGCCGATAAGCAAGTTGGAACGGGCTAATGAATCGTTGTTAGTGGGGGGTATCTAGATTGCAAAATGTATATACGTGTTTACAGTCATGCTTCGTCCTATAGATACCGATTTCCGACTTAGCCTAGTTGACGATCCTAAATCAATAACGGTCATTTGTCGTTTTGGGATTATTACGCTGTAAGCAGTTCAGTTACTAGTCCTTAAGTGTTTTTTAGCTACGCGATTCTACGGAGCCGGAGCGGAAGATGTCAGGACGCCTGGTCTAGGGACTGTCTACTGTGGAATCATGCATTGTCATGGATACAGTGATGCAAC,1880,49.15,Homo sapiens
SEQ_302084,AGGTTGGATTGGCGCCAGCCCTGCTACTGATTTCTTCTCATAGAGCTATTGGTAAAACACTGGGTCCAACATTTATGGAGATGTAGACTTACTTCGCATCCCTTCACTATATAGCGGGTTGTTCTCCAGGATGGCGGTAAGTAATTGTGATTTGCCTCTTACTTTTCGCTCGGAGATGTATCGTGAATTGATATCCTCCTTCACGGCCCACAGTGAGCACGGAAATAGCATAGCGCATCCTTACGCTGAATCGTAATTGCCACACCGACCAATCCAACCGCACCTCCTAAGATTGTCGGATAGCAAATACTGGACTATGTGGACGCAAGTAAACTACATGAATGGGTTTGCGGATCGGCACTGCCCCTCTTAATTACGCTGAGACCCGGATTGGCGTGCCAGTGTGTATACAATAAATATGGGGGACAAAATTCATCCGGTAAACCCACTTACGACAA,458,46.94,Escherichia coli
SEQ_734555,CGAAACAACGCACACTAGGGCCATAGAGGGCGGCCTATGTTGCATTGACGATGCGACTTTCGATATGATCTCGTCGAGCTTAAGCGAATTGCAGCAAAATGTAGCTCGGTCGGGTGGACACAGCCCATTAAATAACGATCCCATTAGTGGGGCCCGGTCACGTTATCCCGCCAGGACCGTAACGACATTGTGGAAAAAGCGCCTTATATCGGGCAGGCGTTCTAAGCGACATTTTGCCACAATAACCGGCGTTGGCCTCTTATTACATATACGAGTCCGACAACGGCTTACAAGAATCCGAACTTGCGGCTACGCTGGAAATGTCCGAGAGCAACACGGTCCAAGACGGACGATTTGCCGTCGTCTAACACTTGCATCATGTGAGGCGCGGCTATGGTCAAGGTGAGAGCGAACAATTGAAATGCTCATATTGACACAGTGAACCGGAACCTATGGTCGAACGACCAGAGTCGGGGAGATATCAGACCCGCACTTGCTAGCCAATGAGGGGGTTCGTAGAGAAGGGAGACTAGACTGTGGCCCGACGACCCTGAGGGAACGTGTACAATAACCGCGGAGAGGGTCCAGGACTTCGCATCTGTCCGTAGCCATTTAAATCGATCCGATTACGGCGTATTTCTTATCACTTGCCTCAGTCGTATATAGCCCCCCGCGAGCATGGCATCGACGATACAGTCCGGTCGCCACGTGCCTACTCCCCTGCATAAGCTCATTTACTGGGCGTGTGTTAGCTCCCGGCACGTCGCAGCCTATTGCGTTCTTGACTGAACTTGAGGAACAGCAACATTGTTCAGATATTCACGCCCACGTAACGGCATTACCTCGGACAAGTATATAACTGTAATCCCTGTTAACCGTTATAGTCATTAAGACAGTGCGCGCTTCGCACGCACTGGTTCTAAGGCTACTTGGGCCGAGGACTATACCTGTTTTCGCCGTACTAAACCAGGCAAGTCACTGCTCACCGATTTACCCAGGCACGAAAATTAGAAATAACCCTTCGAACCGTTGCTGGATGAAGCGGTGATCAAGTTTGGTTTGGTTTTACTCTCGAACGATGTCCACAACGCTCGCTACGTCACCCAGGCTTGTCTTTAGAAGCAATGTATCGACTCCTGCGAATCAACCCCTTTAAACAAGATGCGAGAAGGAGTTTCCCTCTCAAAATATAGAGTAACTCATAGGAACGCTTAAACAGTAACACTATCTGCAAGACCTATGTCCAATCATATCATGAACGGCCCGTTCAAGGAACTCCACTGTTCCCAGAGGTCCTTCTTGTCGACTTATACTGCCTCTGCTTCTCTTCGATCCTGAGTTAAATACTCGAATTGCTGCCTTCGTCGCAATACCTCTAGGGGACGGGTTTGAGAGGGGGGCGAATGCCGGATAATGTTGTTAGCACCAAATGGTACTAGGGTTAGGGAAATCCCTAATAACGATGTAAGGCTTAGGTCGTACGATAGCCCCTGCAGCGGTCTTATTCTGAACGAGGTATTCGCAAAGGGGTTAACCCTCCCAGGGGGGGTGATATCACTCGAATGCTTTGGGAAACCGGGGCCGTATACACGCGAGTAAGTCCCTTCAAATCACAGAACTGCGAGCCAATTTAACTGCTGAGTTTATGCGTGGTAAGAAGTTCACTAGACAAATACTGCCCAAGCTTGACGTGGTTTTGTACACTTGGGTCTAATTTCCACGCACCCAGGACATACATCGACCCCAGTCTGCAGAGTCTAGCCAGAGAGAGTCAGCCTTAGTACAACGCGCACGGAGAACGCATATCTATAAACCGGGCCAATCGCTTCAAGCCGCAAAAAGCAATCTCTCCACATATGAAAAAGCTTATTGTTAGCCAAGTGATCATTATGTTGTGCCCAGGGCCATTAGGCCCGATG,1919,49.87,Drosophila melanogaster
SEQ_410338,CATTACGGGCCTTTAGAGGTACGCGGAACGACTCTCCGAATCGCGCACAGCTGTTGTTCACATAAGGGGCATGGGGAGGCTCTTAGCCGCCGTTTGGAGATGCGATTAAGGATCTATAATACCCTCCTGCGTACGGAACTCTCGGCGGAGTGGCTTATGTCTCATCTGTGGACGACCACGAAGGATCAGTCACTAGACAACCGAACCAAAACGCAGACCCAGCAGAACTTCACGACTTTTTCGACCGACCCCCCGTAAGCTGAGACTTTTGACACAGGCTCGGCATCGTTGGTACCTCACAGAATCACCCCCTGTGGTTAACATATACACCGTATAAACGCTGCTACCGTGTCGCGGGATTCGGTTTATGGCGGAGGAGAATGTGGTTCTGACGTCTTAGCGTGTAGTCAGCAAGGTCAATAGAAACTTAATCGTTCTCCTGACGGGGGTGCTTGCGCCTATAATTGTTTGAGACCACGTTAGAACATTAGAATTGCGGAGGTTACTATTACTGGCCCCGGCCAGCCGCGTGATGAGTAGAACAAAATGGTACGCACAACTGAGAAACACATGGACTTGATCTAAACGAAAATTGGTGTTCTACCGAAGCTTTCCGATACCCACTCAGCTTAGCTCCGCAAATATTGCACATCCATAATACGCGAGGTTGCCGGGATAAATTGCATACAGTGCAGCCTTCGGAAAGCTAGCATTTAAGAGTTATAGCTTAAATATATGTACCCCGTAGACAATTAGTGTGGGGCAACCCGCCATATCCGTGATGGGCCATCAGTAAGCCATGAAGTAATCTCGGGTCGACCATCTAATATCAGTGATACCCCTAAACCTAGTGCGGGCGGCGGATCAGATTGGGTGTTGAGAATTGCGGGTCCCATGATACGCCACGACTCAGACAAAAAGAGCCTGACCGAGATAAACGACCAGCTTTCACCACGCTTGCGACTGGAGCGTTATGCAGGTCTGCCAAGGTGCATTGTAGCCCGGCAGACACTGGCCAAGTGTGGATTTGATAATTTTAGTGAAATTAAGTAGAATTCTCCTCCTGTGATACGCCGAATAGTCACCCTAAGGGAGCCCATCCTGAGAGGATAATGCCAAGGCCACAAATCGGTTGTCTCAGGCCCTCTTCATGCCCAGGGGATTACCTCGTGAAATGCGGAGCGCGTCGCTGAGAGAACTGGCATCGCGGCGACCGAGTTGGCTCTATTAATATGGACCTAACAAAAACGGCAAATGTGCAAGGTTACCGCCATGAGTTCTAGTGGAGGTGCGACGTTGAACCGTCACACTCCCAATGGTGTTTGCTGCGCGCAGTGCTCCCGTTAATGGAAGATCTAGCAGAACGTCTTGGCGTATCCACGGATATTTGTTATGTACTACGTATCGCTAACATTACACCCGGCAATATAAAATTCGTAGATCATCCCCCCTAAACACGGGATTGTGGGGTCACGTGATAAGCCACCACGTAAGTAGATGAAATGGGTAATAATGCACTGACCTCCCATTTATTTTATTAACACTTGCGCAAAAAACCCCCCAACCAAAAAGCTTCCCCATTACTGTCGAATCGGGTAACATAATATTAGGACAGCGGGTGATGATCAGTTCGTGGGAATGCATAACTCGCCCAAGAGTTCGTGGGTTGCAGTGAGTACAGACTCTTTATACTTCATTGTTGTAGATCCAAAATATATTCGTATCCAAACCACTTCTTTAAAGCAAACGCAGCGCCTGAGATAAGCCTTATACTGGTAAGTAAATCCGGTTAACCATCCGGCTAGCAAGGGTACATGCTTACGTGGTAACCTTACTCGGTAAATGCGAACACACACTCTAGGATTGTAAGCGAAGTCATCTTTTCTCAATATGAACTACTTGGGGTTTAAGCCCGCCATCCCAGGAGCTAAGCA,1934,48.45,Escherichia coli
SEQ_375866,TCAGAAACTAGGACATCCCGCTAAGCACTGACATCTTTTAAATAATGATGGATAAGGTCTCATTCGTTTGTAGACGAGTACATAGGGATATTCCCTGCTAGCCATCCGCAGTACGACACAAAAGTGGCAAGTTAGGCCCCTAGATACGGTCAGGCAAGCGCACACTATGCGATGTATTGGGCACGGTTCTACTGCGAGGGCTAGGGTGCTGTCCTATCAGCACAGCCGAAAACATCCATTTTTACCAGACACCAGTTTACAAGATAAGATCCGCCGTCATCGCCAAGGAAGCGCTACAGCTACGGAAGAGCAGACGTCGGGAAAACTAGTCAGAGAATCCTTGGTAGGTTTCCAGCGTGACCCTTCACCCTACGCGGCTTCTGATGGCCAGAGAGCAAACGTAATATGCTAACTGGGAATACAACGAGCTGTACACATAGTACCTCGGCAATACTGATGATGCTCGCTTCGACCAAAGGCTTACTACATCATTAGCCCATTGCGATATGCTAGCACTCCCTCAAAGTTCGTATCTCCTTCGTGCTTGAATATGTCAGCAGACACTTTGAGTGGTCTCACCTGCAACACCCAACAGCACGGTAGAAGACCCTTGCCACAGTGAAAACCAGGTGACCTTGATGCTCACTGTTTCTGCTCCTATGCACCCGTGTCAATTTAACCGCATTAGGGGATGTCTCGGCCGCTGATTCTAGTGCACCGAATACGTTGGTGCTTATGTGTCAGGAAGAAGGTCACGATTGGAGCACGTGTGGGACGACACAGGCAGAGCGTCATGCCTGAGGCATCTCACCCAGTACGTGCTCTTCCAACAAGGACCTCATAGCAGTCCAAACGCATCTAGGAGTCGGGACGTGATCTAGGCAATCTCACGTAACAGCTGGTACCTCTTTGATGTCTTGGGTACCAGTTGGACTCTTCCCGGTTTCACTGGGGACTCAACGCCTCTCGGCGCAAGTAGTCTGAGCTAAACCCTCACGCACTCGTGTATGTTGCCGGATCCGGGGGGCCTGGACACGTGCCAGAGACCGCGAAGGAGCTATGCGAGAGCTCATTAGTTGAAGAATTGCTTGCTGGGCTAGATCACGGACGTTCACATATATGATCACGCTGGTAATATATGGTTTCTTAAAATGCGTACTTAGCGAGGGGCCTTCAACTTTCTGGGTAGGAAATAAAGGCGTCAGGAGTACATTTCTACCCTGATACGGTGTTGGAGCACAGGAGTCAAGAGACCCGTAAACGCGAGATTCACCCCGCTGGCTGGGCGCTCCTTACCAGAATCTGATTGACAGCTTCCTACGGCTTTCGACTGTGACCGAATTCACCTAATGTCCAGGACCCGTCTGGGCGACGGCGCAACTCACTAAGGTTTTAGCAAAGTTATTAAAAATTCGTTCACGATCCTTGAGAAAAGATAGGTGCGTATGCGCCACCCGCGTGGGTAAGCAACGCAAACTCAGAGAAGAGTCTGGCTTGCTCGTACACCGTTACGCAATGCTTTGACGCGGTCGTGACACCTAGTCCAGTCCTCTTGCTGTGACTCCATTCTCCATCCAGGGACTCTGCCGAGGGGTGCGACTGAAGTACACACACGTCATGTATATGACGCTCCAAATGTTTGTCGGCAAAA,1651,50.88,Arabidopsis thaliana
SEQ_815659,CAGCGGAGGCCTTGTCTTCAGTCAACCGCATTGTGTTGTTCGCCCGTGGGCCCTTTAATGTTCATCTAAATCCAGCTATAATACGTGTCCCGCTACTTATGTTACGATTATCAAACATCGATTTAAACTTTCAGTTACGCTACGTAAAATTTAGAAAGACCTGTATCAGGCCTTAATTCTGTAACCGGATGTATCATGGGAGCAGGAGGCTATTTAATCCGGTTCAAAGAGGCATGCCCCGCAAAGTGCAGCACTACGATCGTCTCCGACCTATGTATTAATCGTCACAACAACGATGGCGCGTCAATCGCCAGCTTGGCCACGCGAAGATAAATGCCATATACTTATGAACCCACATTCCAAATCCCAGCGAATGCAGTAGATCTACGGGTTGTGCTAGCCCCTGAACATTTGCGAATCACGTAGTCCTAACTCCCTTCTATCAGAGTCGCGGTACTCATTGAGGTGGTTATAACTTTCAAGACGTGCGTGCCCGGAATGAAGAGCTTGACGGATCCTCAAGCCGGGAGAGTACAAGGTCGGAGGCCATTCGACCCCTGAGGATCAAGACACGAGCTGGGTCGAGGCTTGGTGTAAGTTATTACCATGTAAAAGAGATTGCGTGAACAGAGTATCTTGGAAGAAGAATACGTGGAGTGCACACTCCGTGTCTGGGTCAACTTTGACCCACGACTGAACTTCTTGATGGCCTATAGTTTGTATGGTATGGGCCCCGGTCCCTTTTGGACCTATCGTTTGTCGCCATCCTGGTATACGCATTTATACTGGTCACGATACTCACGCCTCGCATGATGAAGTGCATAGTTACAACCTTTGTGACATTTCATTATAGCCTACTGAAGTTATTTCCCCCTCTCCGTGTTTTCGGAATCATCGATCCACTAAAAAAAGAGGATTATCCCACGAAACGTATCCCGCAATCTGCTCTTATTGGATCCCGTTTCCGGGTCCGAGTGCCCATAATGTAGCAAAAACTGCAACATGCATAGGCCACAAGACTCACACTATATTGATGCGCGTCGATGTCTAAAAGTAGATTACCTAAGCGCAAAGCGTCTTGGGAATATGTCCGCTTCTATAACATCTGAACCCGGATGACGAGCGTTTGAAGTTACGGGCTGGCTGGACGGTGGGCTCGGTCGTTCCCCTGTGACTTACGCCTCGGAGAGAGCCGATACGCACGCTCATTGCTGTAGTAAATACTGGCAATTAAGTCTTACCGTTTGGAAAGAACGTGAGCGTTTTGGCGGGACGACAAATTAACGATATGTTCTAGTGGAGGATGGTAGGCAGCCACAGGAAATATCATCTGGATCTTTAATTTATACACCCGTTTCAACAGTGGTATAAAAACGTCTGGCGCGACTTGCTATTACCAGACAGTGTCTATTATGAGCCCCCGCCTAGGTTCGGTGCGACATTAAGGTCAGTTATTTTTAACTCGATATCGGTCCAAGCGGTTCGGGAAGTAAAGGAACCTGCGTCCGGCACGGTCGTTCCTGGGCAGGCTGCGTCAAGTAAGGTGGCAAATATGGTCCCTGCCCGGATATCCACGAGTTTTACCCCTCGGCACGTCTTTATCTGCGTGCCCTCTCCAAGTAGTACAAGCGTGCTGGCCCCGGGCTACCCTACGGTGAGTCTTAAGAAAAGCAGGTAAAAGCTTTATCTTCCCTGAACGTCCGGTCAAACGACCCGACATCGTTTCCAATGCACGTACGCAATGACACGCGGGGCACCTTCGTATCAGGTAATACAGCTGACTCTCCTCTGGATGCGTGGAGGGGTGAGGCGAGGATTTAAAATCGGCTAGTGTAAACTCCCAATAAAATGAGGCAACGGTACGGGTAGTTATCGTAGTAATTAACTCCGCGTGGCTC,1898,48.63,Homo sapiens
SEQ_664903,ACAAAGCAGGGGTACCTCGGTTGCCCGGCCTGCAATTATGTGGTGTTGTGAGCAATGTACGTACCACCTCAGCGCAAGGTAAACCTTCCCTGAAAAGTGGTTCTTTACACTAGTGGTTCTGATGTTTGACAGATGGGGTTTTGTCTACCCATTGGACCAGTCATAATCCTGCTGTCGTTTGAGAATTAGACAGCAGACTAAAGCATCCAGGAGATTTGAACGCACTTGCGCCGAAAAATTGGAACTTTTAAGAACTCACACATATTATCAAGATCGACATGAGATCTCAACCCGGTGACCTGGATACGCATATACCCGCATAACCCATCCCTCAACGGATTCACTAGTCGGAGATGTCGGTGTACAAGGTGAAGGGCGAGTGAGTATACCTTCGCCAAAGAGGCCAGGGGCGGCTAGAGGACTTCCGGCTAAGATAGCTGGAATGGTACTCAGTATCTAACAGGGTCCGACATGGCACTCCAACTCATCCATCTCGTCGGACGAGCTCGGGCACCGGCTGGTCACGCCTTATTCAAATAGGTAGCCGGCGAGCACGATTCTTGATACAGTCGAAGGTGGCGTCCCAAACACGGCGCCTATAGGACCGTACGATAAGTGACGCGTGCTGGGAACTACCGACCCATCACGCCTGTGTGGCATATAGATACCCATACAGGTCTTGGAGCAGATGATACACTATGACGATCAAGCCTAATACGGCCCTATGCAAAGAAGACTGCCGACATGAGAAGCGGGACTGCCAACTTCAAACCCCCCTAGCCTGCCTTTTGCGCGTTGGCGGTCGAAGGTTGGCCCATGAGCTTTGGGAAATCCGGAGTTCGGACCCCTACTAATTCATATTGCCGAATTACTCCTTTCCCATTACCTGCACCAATCGTAGTACAGGCCATTGGTAAACGCGAAGTGACCGCGCATACCTGTTAAAGCTAAGGTGTCCGATCTTCGATCGGCGGCCCAGGATTATGAGTTCGGTGTAAAGCTAGGCCTATGCAACCCGCGGTCATGTTACGAAAGTATCGCTCGCCAGGTTAAGTTCGTTTCCTTCTGCCATATGCGATAAGGTCTAAGGAAGTCAGACTGGAACTACCCACGTTTCATCAGTTATCGAACGGCCATTGAGTTAACATGGGTAGAAGGCTACAGGCCCACTGTTCCCGTCGGATACGTTTAGTGACTGCGTATCGCTAAATTTAACA,1217,50.53,Drosophila melanogaster
SEQ_279380,ACTTTCGCGAAATCCCTTTCTCAAACCGTAATTCATTTGACTGTGGTAGAAATCGAGAGTCTGGCCAGGTGCTTCGCCCCTGTCGTTATCGGCTCTGGACAACTTACGGGATTGTGACTCGTAGAACTGTGCGGGGCACGATGGTGAGTCGACGACATATTGTAGATCAGCTGGCAACGATCGTATCCGTGGCCCCGAAGTGGTAGTGTTATGGATGCTGTCCCATATGGCGAGTTCGCTTGCGAGGTGTCGTATCCTAAGAAGATAGTCGACTTAACAACTGGTAGGAATGCATAATATCGGATTTTATTGGGAAAAACTACAGGCAACTGCCTGGCAAGACACTCCTAGAATAACCTACAAAATGTTTCATTGGATGCCAAAACTCAAGGGTCGAGGCGAGAAATGATCTTTTAAATAAACTAACATCCGGGGACCTTATAGACTTAAGCCGCTGCAATGGCAACTGTGAACCGTCTGGACCGGTGCATAAGGTCCGACCAACCTTACAAACTACGTTCCCTTCTGTCCCCCAAGGTGTGGGGGTTTGATCTTGCGTCACAGCCCCACTGGGCAACTCTTCATCCATGTTGGGTGACATGAGCCTACTTTAAGTTCTCTCAGTAATACGAGCGCTTGTGTCAGTAGTTGGTCGAACGCACCATCTATTTTGTTTATATTGCGTGTTGGACTCCATGTAAAAGTCGCTGCAAGTTATTTCCTTGTCTAGTGGAAATCCTTAGGACCGCGTCTGCCGATGTGGAGCTGTACATGTCGTCGGTGAAAAGGTAATGGTCTGCTCTCTACCGTCGATCCGCCAGTTCCTTAGCCCTTCTCCTAAAACCTGCTGCGAAATCTAGCTTCGGGCACCCCACCTACTGTTGACCCAGCTGAGGCGTTCCTGCTGTCGTGGTAGGTTCCGAGAAATGAACTTGTAATAAAGTGCTCTGATGATT,956,48.43,Drosophila melanogaster
SEQ_133848,TGGGATAACCGTCTCAAAGAAGAAAGCGTTGGGATGTCACCTACTACATAAATCAATAGCCTAAATTCCGGTGGAACCAATCGCCGGTTCACTTGTTGGTGTATCCAACGTTAGATACGTGCGAAGCGTAATCCCCAAGCGAGCACGTCGGTTACCTTTGGGCCTGGAAAAAAATGATAGCGATTGACCCTATTTCGGGCGGATACGGGGCGTCGCATGATAGCACTTGCCAAACGCAAGGGTATTAGAGAGTGCTGTGAGGGATACCGGTGTTTAGCGATAGGAACGAGACTAGTAGTGACGCTTCGTACTCCTCCTTATGGCAAAAACGAGGTAGGGAACCTAAAGTTTAACATCGCTCATTCGCGGCTAGCTAATTGCGCGTCAACCGAACAAACGGAACGAACGACACGCGTATTACTCAGTATTAGTGTCGGGCCTAATAGTGCGCTTTCTTCCCAGGTGTCGCCCACCAGGCCCGTATATTACCAGGTCCCTCTGTCCTGGCTCTCTATACATCTATCGAGGGATTATCGCTCGCGTGTACAATAATTCATTGCACAAGCTGCGAC,572,49.48,Drosophila melanogaster
SEQ_642657,TTATTTTTTTTTATGGGTCGGGCGTCGCCTCCCCCATATCAAGGGGATAAATTGGTTGCAAACTCCGTGGTTTAAACTTCGTGCAAAGTGCAGGACAATGACGACCTAGGAGTAACTCCCCTTCTAGGTACGGAGACCGAGGGTACGGAAACTGAGCATGCCGTAGCGCAGCAGCTATTGACCTAAATATGGGCTTGCTACCCTCGGAATTCCCTACACCAGACAAGTTGTTTTCATTCAAAAGTGCCTGGTCAGAGCCCGTCTATTGCACGTTGGATGATCGCCACGTAGGACTATCGTGGGCCCTGCATATACTGCATCGTCAAAGTGAGCACCAAGCATCCGAATTGCACTACTTAGGCTATTCGTTATTGCCTGGTAGGCGGAATTCTATAATTGGGCTCAAATGTGGAACCCTGGCTCGGCATGACCTATCTCCAGTACCGCGGGTTACTCATAGAACAGAACACGGCTCTAAACCACCCCGTGCAGGGATTGAACGGTACACAATATTTTGCATCTTGAGCGCACACGGTTACGTCGCCCTGCCGGGGAAATCCCCCGCGCCGTATGATCGCCCCTTTAGAAACCTCTTCCGATCAACATAATAGTTCAACTACGAATCTAGTAATTAGGTATGGTTCGGTTACATTGTGGTTGAACAGCATAGATAATGGGTTAGATAACCCTCAGGTATGAGATGCGCTCTAGTCTG,715,48.95,Arabidopsis thaliana
SEQ_840302,GGGGCTGCTACCGATTAGTAGGAGGAACCGGCAATCCACGAATTCAATTGAGGGAGGATTGTCTCAGACAATCAAGCTGACGTTAATGGGGAACTGTGTAATTCCGATAATGGGGAAATACCGATAGAGCTCACCCCAGGTCTCTTCGCGACAAAGTAGGCCAAAGAGTAACCAACATCTTGACTCATGACGGCGTGATGTAGTGTGAATATATGAGCGACTTTATGTGGCGGGTGCGCCGCTCGTCATCCGAACAATTGCTCATTTTACTCTTCTTATCATCCCCACTGTCATGCCAACAGTTGAGTCCGATTCTGCTCCGTCTCTCGCAGTCTGGTGTACAACAACGTGGGGATAACCTAGTCGGGTGTTCGGACTCGCAGGCTAACCACGATGATCCCGCATGGGCCCCCACCCGCCATCTCTTAGGATTTCGGACGTGGAAGAACCCTGTAAATGGTCGGTGACTGGAACCACTTATCACCTGGGCAATGTGATACGTTTAGCGGACTATCGCCGTTATATTAATCTAAAGGTTGCTCTATTTGATTTCTTCTCACCAAGCTTATAACTTGAAATATTCCACAACGTGAGCATCCCTCGACCCATACCTCGGGTCGACCTGAGCGCGCTTTACACTGCCGCGATAATGTCGAAACCACCGAAATTCGGATCTTTTCTGCCTATGAAACGGGTATCCAAGCTCCTCTCTACAAGCTAAAGCTTCCGAGGATTTATGGTGAGTTGTTCCCGGCCGCGG,760,49.74,Saccharomyces cerevisiae
SEQ_911768,GTTAGATATACCCAGACCTGTCCAAAGCCGACATGGGTACATGAGTGGATCCGTTATAGCTGGTAACGGTCACGTTGAAGGATGGAATGAGCTCGGCGTTAATTTCGTATTTAAGGAGGAGCGACTTTACACGAAAAAAATGAACCCAGCCGCGACTCCTCATCTTGAGCGTTCTTCTTACAAAGAGCCGACCACACACATCGGTATCCGGGAGACTGTATCCGACGTGAACCACGATGCTGGAAACCTCATGCCGGCGACCGTAACGAACTGAGCGTTCTCGGCCATCGCTTCTTGGCGGATTCACAGTATGTTGGGGGTTGATCGTTCCCAATGAGCCTCGAGGAGTACATGCGAGGCTGTGCTTTCTTAAATGGCTGGGGAGCATTGCAGTTCAAAGTATTCGAACACGTGTGTGCAGAGCCCACTTGCCGCAAGGCAGAAATAAGTTAGAACTTGAACGTTTACTGCTACATAGAATATCCTGGACAACTTTTTCATCACTCGCTGGCAATGATGAATCGAGGGGCATATGCCAATATCTCGCCTACATTAGAATCATCATATTGGTGCCGCGGCGCCTACCGGTGCCTACATCTTCAAAGCTACGAACTGCAAAGAACAGACCGCTGTTTTTTATCGAACGGCGGCAGTCGGTGTTTGCACATCAAGGCCCCCGGATAATAGGGCATCTACCGTTTGAAAACTACTCGTATTGCGTGTCATCCTAATTATATAGGCTTACAAGTTATGAACTTGTGGCGGCATTAGATACGGCGAATTTTTAAGCGCGAATTCCCGAAGTCACAGCATGTGGTCATTCTGTTCGAAAGTTGGAGGCATACCCAGCAGATTAGTGCTTTAAACGTTTTTTATGAGATAGGCCCATGAACTTGTTGCATAAGACAAACCGAAGTAGTAGGTCTTCAATAGGCGCAACGCGAATGTACGAGACCGTAGAATTTGCCTCATGTAATTCCGCACGCGAGACCGGCGTAAAGTCGGCTTTAGCG,1013,48.08,Homo sapiens
SEQ_611081,GCCGACACGTTGCCAATTGACATAGTGAAAGCCTGTATACGGATCACTAATGGACAAGTGAGACGCTTTATCCTTTTACGAGTCGGCCCACGTGCTAATCGGGCTTTACTTTTGCTCCGGTTCATGTGTGAACGGGGGACTGGGCCGACCTGACAAGCACTACACCTTACAAAAGCTTAAGCTCACGTTAAAATGGTGTGGTGTAGACAGGTTTTCCCAGGAATCAGCTAACACCAGTTCAAACACCAGGCTTCGACCAGACATTTTGTAGTAGGTTTCCAGAGATCGTCTACTCTATTTG,301,47.51,Caenorhabditis elegans
SEQ_880668,TGGAGCGCGTTTTCAATCTACATTTTGGCGTGTTCATACTGCAATACCCTATCCAGAACACGTCCTTTACTATGAGTTTTGGTGGTCAGTATAGGCTCGGCAGGGCACTACTAGACATGGCAGCAGAGCCCAGTGCATGTCCCCTTCCCCAGTGCGTCCATCTACCTCGGTTTCATGGACCGTAAGCTAGGAATCAGTCATCACCTGCTTACCCATGTGCAATAGGGAGAATGGTATCCTCAACTTGATAATCTTACAACAGAAGGGGGAACGTTACAGCTGTTTCACTATAGGAGCGAGCTAAACCTCTCGGAAACGACCAAATAAGTCTCGCAACATTGGCATCGATCGGTGTAGAGCCTCTTGACAGGTTTATCGTGCACATCGGCATTTTCAGAGAACGCAAGTGGTCCGGCTACTATGCGCTGGCCTCAGTGTTCGTGCCCAAGCCATTAGGCTTACCATCCCGAATTGCGGTTTAAGGTATACTAGTAGGGCTTACTCGGTAGTCGGAGAGGAGTTGGGCCTTTGTGTAACGGACCTAACGGACATATAATCATTAATGGAGGAGAGTAGCATCGACACATCCACAGACCTTAAAACTATATTGTTAGCATAGCCTTGTGCGTCAAAGAACAACACCCCCCTAGTGAGTACGCCTATCGGACCAGTTCGGCCTACATATAGAGGGGTATGATGAGTCGAAGCGCAGCAGATTGAATGATGCTTGTTCCCCGGCGGAACCTATATGCATTGCGGAATAAACTGGATTGTTAGACCAAAAGCGTCTTATTGTGGGCGTCCTTCGCTAACTACTTCGCCACGGTGTACCCGTCCCTATGTGAAAGCTTCCTGTGGTATAGAGGAGGCTTATTTATTATCTATTCGAAGGCAACATATACCATCATCTTCAAGAGGGGACGAGTCTGGGGTCGTGGAACTTGAGGTGTGCTCATCATCGAGATAAGTTCAGGGTTTCTCAACGCTGCTCCTCGTGTCCAATCCCACCGTAGGCATGCGGTGGGGTCACTCGTGTGAATTCGCGATGTCCTAGGACCAAAGTAGCAGAGGATTCTCCCACCCCATAGGGGCTGGCTCTCGTTTGCTTGGTGCAAGGGTGAGCGTTCCGATACTTTTAAATCAACAAGGACCATTGGGCCAGCTTCGAATAACATACATTGGCCAGAGGGTTCTTGGTTGCCCTGTTCATTGGTCATCCTTCC,1223,49.3,Homo sapiens
SEQ_579329,TACCCTGCAGATAGACTCCAGAAACTGATCACTTTGAAGCGCCGACGAAGCTACAACTTGTGGTTTATCACTCTTCCCCAAGGGAAATGTCCAAAAAACCATGCGTGATTGGCTGAGCAAGATTTTTTATATTTCGCAAGCCAGGATGATAAAGATTCTTGCGACATGGTCGACAGCTCGGAGCCTCGTGCGCAAGATGATAGTGTTGTATCGCTCAGCGGCCCCCCTAGCGCGGCAGATACGCTGTTTACTTAAACCTCAGATTGGTCAGTAGCGTACGATCCTCGACCCATCAAATCTTGAAATTGCGTAAGACCGATAGCCAGAAGGAGCGCCGGAGTACTTTCCAGTAGCAGTAACAATGCTGTGTTGTCAGAATGTGCCATCGAGTTAACATCTAAGGATTCGTGCTGAATCCGTGAGAATCCTACTTCAGTTCGGAAGAAACATGCTCACCTCGACGGAGACTCATTGACACAGGCCTCACATAGAAGTGAGTCAGGGGATGTGCCACCATTTCGAATTCTTCACTCATGTACTCTTCATCATTTAACTCCCGCCTGACGGATCTTACGGAGCTGTCCGTGGGCGATTCTGGCTTCGCGCACTCACGGGATTAGCCCTAATCTTTAACGTCTAACAGGTGGTCCTACAGAGTAAGTGACGATTCAAGACTGTAACCCCGGTGATCTGGGCTACCACCTATCCCCTCTAGTGTGCGTAGAACCAAACTCCCGGCCAAGGATGTAGCTGCACGGATATATCGATGCGATCCGGTCTTTACATTTCGTTTCTACGTCCTATTTCGTCACTCGAAGTACCCCAGACTTCGCAAGAGAACCCACCCAAAAGCTTTGAAGAGAATAGTCTCCTATTCAGGCGCCGTGCGTCGTGCCCACCGACCTGCTGTATTTACTACCAATGCTATAAAGCACCGCATCCCAACGCCACGCCTCCAGAAACGGCTAGCACTACCTCAGATACGAAACCTCCTTAAATGGTCCAGACTCATGGCCTAGAAGGAGGTCAAATCGACCACCTGCCTGTCGCGTGGCATGTGGACTCAGGTTGTTCGCACTCTGATGCTTTGTATTGTTACGAGTATTGTGCGGTAGCCACGAATTTCTGTGGAAGAATTCAAGGTGACTATCCACATCAACACGTGCTGAAGAAGTCCGGACTGCTGTTACCTCGCAGGAAGCAGCATTACGACACGCCCGCTTCTGCTCACAGCGACTTCACCACTCTATGTCTGAATACGAAATAGAGTTAGACATGAATCGCGATCCCCTACCCTAACATGTCTCGAATGTTGTGTTAGGTTCTAGAGGTTCCCCAGTACGCGTGATGCAGAACATAGTTCCGAAAACCACCATTCCAGATACTTTGAGATGGAACGTCCCAATGTACGATGTTCAAGCTGCTTTGCAACGGTGTACTTCGAGATGATATACGTGTCCTATGGTTCGTACCGCGAACATTTATCTACTCCTGCAGGTAAATCAAGCAGCGTGCACTGCTACCGTATCGACCCTCGGGCGCTACTGTTAGCTGATATGGTTCACTGTTCGGGAGCGTCCAAGCCATAATGCTAAACTAGGACCGAAGCAAATACCGATGTGCCGGCCAGGCTATTCATTACTTTTTTCGTGGTATCGGATGGAGTCCTACTCTACATGAGGTAGCGCAGTGGTTACAGTAAGCGAGGCCGTCTTTATT,1719,49.21,Caenorhabditis elegans
SEQ_868497,ACCTCAACCCAGACGCATGTATGCATCAGTCCCCTTTAACCGTTCTAGAACTCGGGAACGAATTTAGAACGTACAGCGAACGTGTGAAGCCCGTTGTTCATGCCATGTCCGCCTAGACTACACCTAGTGGTTGCAGATAGCGGGTACAACGGAGGAAGCGTACTCTGTTTGGGTCGTAATAGCTGCCATTCCATGATTTTATTATACCCCGCTACGGTTTATATGCATCCAGAGCGTTTTTCAATGACCAAAAGCTGGCTAGAAAACGGACTCGCTAGGAGGAAGTATAGAAGAGACGCCAGACGGACTAATTTAATGGGGGCCGAAAACTGTATCGTGGTGCTATTCATCCCCCTACTATCCTAACAGATAGACAATAACCATGAGACGACGATATTGCACGGGGAATAGGGTTAGCAGATTGAGCGGCGAACGAAGATTTTGTCGTAATGCCCTGCACACTCTTTCGCCCTTACTGGTCGGTGCCTCCTGGGAGTATCGCCAGGGGATCCGAGGCTATTTACAAATGAAGACTAGGGGGGTTCCACCCTGATCTATGTCTGAGAGCCGCCGCGCCGCAAATACAGTTGGCATCTCTCATAGCCGCGGACATCCTTATTCTAATGAAAATCTCGGCTGATTGCCCATCGGGGAGGAGAAGACCGCGTCAAATGGGACTGGGCCGGTAATGCTCAACTAAGGATGAAAGGAGAGAGCGGTATACTGGTGCTGGGACCTCAAGATTGCCATCACAGAAGATGGCAGCGGAGGCTTAATCATATCATAAGGTCTATGGGATGGGAAGAGTGAGCCTCCTGATGTTAAGGTATGAGTCTCTTCCTTGGAGAATGTTCAGACATTGTACAACTCCCGGGGCTAGGCCAATGCGCGGGATCGATAGCAGCTATGGGTGCATAAGAACCAAATGACGTAACGTGTTAACCGTAAGGCGATCGGCTTGGGGGACCCGCTACCGTCTTGTAATGTCGCCATCGTACGGTGCCTACCGTGTCCGGAATGTCATTCGTCAAAACTCTCGGGCAGCTTCCGCGTGGGATGCAAAAAGACACGTAAGTCATGATTTTATACTGAAAGAGACAAACAATCAGAGCGGTTCTGTGTGGCCCTATACACGACATATCCCGCTTATTCATTTTACCACTTACCGTCGATGAAATCCGGGCGAGCGTAGAAGGATAATTTGTGGCATTTAACGACGTTGTTCCTCTAGGGGGATTGCCACCCCGCTCCACGACCGGCACTGTTGAGAC,1271,50.2,Caenorhabditis elegans
SEQ_372309,CCCCCCAAGACGCAGACAAACTTTAGTTGGAGTCCTTCCCCAAACAGGATCTCTAGGGCGCTTTACCCTGATATTCACCAACTAAGTCAGGACGAAACCCCACAGTCTCCCCGTGAGTATACTTAGCCTTCAATCCCAATGGACCCGCGGACCCTAAGCGCGAACCAGAATCTAGGCTGAGCCGTTTCGTGTCATTTCGAAGAGAAGTGGCACCCTCGACCACTCGTTGTATACAGTTATTCGGATATGAGCTAGAACCTGGGCGAGAAGCGGTGCGTGTGAGGGCCATTCCATAAATTTTCCGGTTACGGCAATATGCAAGCCTCGAACGGTTACAAGACAGAAAAGATCGTAACCTAATCTGGCAACCAATATGCTCCTCTGCAGGGGCAAGCCTCTTCGTCTGTAGCAGGCCCGCCTCATTCACATTTTTTGGAATGTTGTAGTAAGTTTCTTGGCATCCTGATTAAGTTCCCTTGGCCTCACAGAGATGAGCTCTCAGTTTTATCCAAGCTACAATGCTTTGGACAGCAGATGAGTTTGGCCTGCGCAATGATCCATTACCGGGTGCGAGTTCGTTCCACATTCTCCGTTTAAACCTCCATTGAGTGTCGGCTACCGAACTCGAGGCGCTTCGAATCAGAAACATGTTTTTGAGACAGAAAACGGATTTGATGGCTGAAGAGCTTTAGCCAATTCAGACACCCGGGTAGACGTCGTCATCGTGGCATGGCCTCTCGGTTTGTCTGGAGGTAGCGTTGTTTGCCTTCTGTGAGGTGGCATTAGCCAAGCCTGATGCTAAAAGTTTCGTGACTACGGCCAGACGTAGGGTGAGGAGTTCTGGAGCACGCCTGTGGTCGCACAAAGTATACTATCCTCCACATTTCCGTGATTGCAGAACGGCAAGACCAAGTGGGAACCTGTACTCCAACTTGTCGACCTCTTTAAATACAAAATACCGGTTATATGCTCTACGTCTACTGGTTATTTGTCGTCGTGACGGGACAGCACTACTACCATGGCTATGTAGCCAAGCGCAGAAACTATTTTGCCTGATTCCTTATATACACGTATGCTGGTCCTAAGTGGGTACTAGTCGGTTCGAATCCCTGAACCAGCTGCTCGACTACGATATAGCATAATGAAACATACACAAGCGCAGAAAAGAATGTGTTCACGTGATTATTGCTATTATAAAAAGAATGAGTAAATAGCTACTTGTAGTCCTGTAGACACATGTTCCAGGCCCTGGACGTTAGATCTAACAGTATATAGTAATCTGGACTACATTTTCCA,1296,47.61,Caenorhabditis elegans
SEQ_814613,ACAGGTTATTCGGACAAAATGCTACAAGCACAGCAGGACATTGGAATTTATTGATTCCTACCTAGTTTATAGTCCCGTCCAATGCCAATTACCAAGTTCACGGCTTAGTCTGCCTTATTAATCTGAGAATCACTTGTACCTTGTATTTAGAGGTCTCCTTGAAGAGCTGTTTAGAGGATACGGCAGTGCGACACTAACGTAGCACCTTTCCTGTGTTGCGAGCCCTCGCCATTGCATATTTGGTTCTTCCCGCATTGTAACATTCAGCATTTACATGTTGCTCATGATACGTAGGAAATTTTCGAATTTAATTTCCATGAGGAGATTCTCGGAGCCCGCCGTTCATATCAAACGTTGAAGACGGGTAAGGGTAATTTATAAATTCGAGCTTCAATGAAAGATTGGGACTGTATATCTCTCTAGCACGAGCCTCCTGTGGTTCATTGTTACCCAGGTTGATAGGTAATACGAGGACCTCGAGCTGTAACCGAACTTACGAGGGAAAGAGTACCATTACTATCAACACGCGGCACGTGATTGTCGCCTAGTGGGAAGCTCTGCACCCTTCATACTTGTAAAAGCAAACGTACCCGTCTGGTGGACTATTACACAGACCTGAATATATACTCATAGTGA,636,43.71,Saccharomyces cerevisiae
SEQ_181640,CTAGATTATAATGCTGTAGTATTCTTCTCTGACAAAACTCCATATGTCGGGAGCTTTTAGATCTTGCTGAGAAGGGTACGGACAACAAGTAAACCAGTAAGGTCCTAAATTTTAACTCAAAAACTGAATGTTCCGGTTTCGGCCATGCGCCCTGTAGTCCGCGCATGCCCACTCGCGCGTAGGACCGGTGCTTGAGGAGTGTATGAAGCAGGTCTTTCCTCAGACATGCAACGAGAACTTTCCATGTAGGGGTCGGAGGGTCCAATCGCTTCAAGTGAGTCCCTGTTCATTTAACACGCACACATTAGGGCGACTGCTAGACGAAGTGTCGCCCCTCCACTATGGCCAATAAATTTTCAGCTACTGTGATTGTGTCCTAGATATTGCTGAAGTACGGTTGCATCTGGTGAAGGAGGGCAACGGGCACTCTACATCGTCGCTGTTGTGAGCTGTACTCTTCCTGGCAGGCGACCCACACAAACTGCATACCGACATGCGTCTAAAAGGAATTACTTCCGTCCCGTGTACAATGAACTAGTTCAACTGTTGGACTCCCTGATTTTGCATTTGGTCGCAAGAAAAGTTCCACTAAATGAACATTAAGAATCGCAAAGTCGAGCATAAGCCTATTCCCGGTCCTGCGGCAATCTTGACCTATTCAGGTGAGGTAAACACCAACTTACCAAGGTTGCGGTAAATTAGCGCAGTCTTGTTTAGAGTGCACTCAATTTTCACCCGTGGCAAGCGCTCCAGTTCCGAAGTTAATCGGGCATGCCTAACAGCAGGATATAAGTAACGAGGTCTTCAGGCGCGCCTGGAAGACAGTCAATCATCGGCGACTCTCCGCGTCCATCTTGTGGAACCATCGATTCAGTCGATCGCGGGGAGCCGCGTGTAGTCATACGTAGTCTCCTTTACGGATCTTTTCCTATTTTACCATTCATACCCC,949,48.47,Homo sapiens
SEQ_882206,GGCGGCGTCCGCTGTTCCATTTGTAGCGGCCAACTCTCTTTAAGTTCAGCAGACTAAGGGGGACGGATGACATAGTGTGAACCGGCAGCAACGATAAAAAATGGCCTGTTAGCAGAAGGAAGCAGGAACCACACCAAATCGCCAATGCATGGGCGCGTTGAATGCCACGATCCTGCCCGAGCGCCCAATTGAAAAACAGCGCATCTCGTGGCCTCCACAGCATTGGGTTCGAATAGGTGAACGAGTCTCGGAAGATAATGGGAAGGGGGTTAGGTCTAGTTACCTCCGCCGATGGGCTACTTTGTATGAGCTTCTTAAGGAGTCGAATTGCCGGCTCGTAGTAACAATGACACTTGTGCATTTCGAGCGTGCGTCATTAAGCCTCATGGCTCGCTCTCTAAGTCGTCCGAACAAATTAGCCGAGAAGCGTTAAAAGAAAGTGCCGCTAGAGGAACCTCTACTCACCCATGTGCATCGCCCGGGTCATAGCGGGCTAATAGCTTGTGCAAGGCTGTGTTGTGTCGGTCGCCCCGAGTTTGAACATAGGTCATTACGCAAATTATCAGCCTATTGCAGGCGAGCCGTCGCTAGCCAAATTTAGCGTGCCCCCATCGTGCGTCCCTTCCCGGCGTCGCTCTCGTATTACCTGCAGAAAGACTATTCACCCGGTGATTTGACAAGACTTCTTCGGTGACTAGCCTTGTCAATGAGGACGTTCTCGTCACGCGCCTAAGTACAGGCAGGTATCTTTGGGAAAGTCTGAAACATATATTCCGGGCTGTCAGTCAAAGTATGCAGGCGCAGTGCCTGTTCCATGAGTACTACGGCCCGATGCCGTAACTAGGACCCCTTAGATCGAAGTAGGCAGGCTATTGCTCGGTCACTGCTATAGACGGTGAGTCACGCAATCGAAATATGCATTCCGCCGTGTGCATTCGACGTATTGTATCTCAATCAAACAAATAATAAAGTATCGAGGTGATATATTCCAACGGGTCAATGGAGAAGGCTCCGTGAAGGGCCGTTCACTTGGGGCAGTCTGAAACTGTAGCACGTGTGTTACTTGGGCTGAATTTTCACACCCGTGGGCCCCGGCGTATGCAAATTTGTTGAGGTCGTGTAAACGAGTATGGTGTACCGGGGCGCCGAGTCAGGTTACCATTCGTACGGGGGTCCGAACGATTATATGTTAATCGAGTGATGAATAAGGGAACATGGTTTGTTAGCGTCAGTCCACTAAGAGTACGGATGCCTAAGTAAGGAGCCTGTAACTGAGGCTGTGACGTAGGATCGTTCCCAGCGTAACCCACGAGCCTGCTGGTGGTGAACGGGGTGTCCGCGAGCACATTACCGGGACGAGAGGGCGCCGCATTGAGGACCCCCTGGATTCAACTTTTCCGGAAGGTTAGCCCTAACGCCGAATGTCAGGAAACAATTATGGGAACCAGCCAGGGGTTTGTGGGTGCCACATTGTGCCATTTTATTTGACTCGCCCTCGGATTACTATAGTTAGGCACATAGCTGACCCCAGTTTGATAGAAACTGGCTATAATACCAGGTTATTTCCTCAACGAATTTAGTAAATAGTTTGCTCACCGATGTGCGATCTACTTGTGGTGCACTTAGGGTGGCAGGTGCGCCAGTAGATAGAGCAATTTGGCGGAGGATACTCTTTATGATATCCCCCTTATGTTTCTTGGGAATGTTCATCTAGGAGACGCAAAATCCTCCCATGGACAGCCTACCTATTGGTTCTGAGGCCCATAGAGGATTTCGAGCGCTTTTTTTGATGA,1793,50.64,Saccharomyces cerevisiae
SEQ_698470,CGTTGACGGGACGGAGCACAGCCACCTACCCGGTCTTGAGTACAGTTCACTTTTATGGAGAGGATCACATTATCAAGCAGTACACGATGAGATGTAATCTTCTCTCGGCGACGTCATGATGTATAGGGTTTACAGTGCGTTGGTTATAACCGCCGTGTTTGGCCCGTCGCTTGGACGATAACTGCTAAATGTGGTCCCACAACTGAACTGTACGTTGGTAAAGGGGAGGAGAGCTATCTAGGTTCGTAGATTTCCGATGGAGTCATTCGTACGCTTCGGGGCTCAGTTGAATGTTAGGCGACTAATTCCTGTACCTGCAATTGCTCTCTAATAGTGCTAACTTTATTGGATTCGGGCCGACCACTCGGATGGTGATTTTCTGGGCGTTTGAACCTATGCTCGCGGAACTGCCCTGGGGGCCACACAACCACCCACTTTATTTGGGGCAATCATGGTCCGGGCCCGGCGGATTCCGAGACTTCATAACGTTATAGTTGAATGCTTGTGTCGACTGAGCATTATTCTCGGGTAGGCGGCTCGAAGACATGGGCTGATACGGGCCTAACTCGCGAGACGCGAGCTAGAGGTTATCACAGATTCCACACTTGTGAAAAGTGCGAAGCGTCCTTGCTTGTTACACATCATCTTCATTAGGCTTGCGCAGTACGATTTAAATCTTGCAGAAAGGGCTCTATAATAATCCAAGGGTTGGATGCACTTCTGATCTTTAGGCGGACAGGCCTCACAGCTCATAGTACCGTGTACGCCTAGATACCACGGCGCAGGCACCTTGCCATCGAGATATGTTGAGCTGTCACCTAACAGCTTCGGAGAGATTAATCAAATCCATGGGGGACGTAACAATAGACGAACAATCTACCGCATAGGGTTAAAAGACCTACCAATGTACTCACTTTTTAGACTGGTGTACGTGTGACACCGACGGCAACCCAGGCCGCTACAAGCCCTTACTTCAAAAAACCTCTTTGAAGGCAGTAAAGGATCGTGGTACCTATCAGGTGGAACTTCGGGGGAACCCTTTGAGTGCGAAATAGATCGTGCAGCGGTAAGCATCGCTTTGAGTCTTGAGTCCCCC,1096,49.64,Caenorhabditis elegans
SEQ_855478,TGGTTCCCTCTAGGATGACATCCACTTGGGTCCTGCTACCAAAGTACTGCCTATTCTTCTCCGGTGACGCATCTTATTAATAATCCTTCTCCTTTTGTAGTGTCACCCAGAGAGGGTTGAGTTTTTTCGCTCTCAACCAAAGATTCGGGCATTAGTATAGTTACAACCCAGTAGTTCTTGAAACCAAAGCTGACACTGGGTTGAAGGGTTCCCACGAGTTATCTGGTCTAATATAGACTCTATGCGACCATGAGGTCCTCGTTCATTCATACGGCAGCTCATCGGGGCCGTAGACAGATGAAGGTTGTAGGCGTATAAAGACCCCGAATGAGTATTGATAAAGGTAAGCAGTCCTTTGCAAGGGTAGGCGCCGACCGTCCCCCGGCGGGTTGTACGCCCAGGCAGCTATCCTAAGTTCCTGTAAATAAGCCTTTAGAAGTTTCTCTGGGCGAAATCCTTTAGAAATCGAAGGACTCCTCTACTTCACTAGCACTTCTGAGAACCGTCTCAATAAGCGCAATGATGACCGGCGCCTCTCCACTGGACGAATCCATTGCGGAACGCGGCCTGTCTAGGTCGTCGAACGCGCAACCCTCCCTACACTCTCGGTGAAGCATCGCCCAGTCCAGGTCAGCCGAGCGCGCTCGTATGACTCACACAATTTTTAGAAAGGGTGAGGCAGGCCCTGAAAAATATGCCTGCAACCGAACCACGAAA,717,50.21,Arabidopsis thaliana
SEQ_208525,TTGGAACTATTGCGGCTAGGTACATTTAGGGGTAGCGGTCCGTAGAGTCACGGACGGATAACTAATAACCCCGTTCGGACGCCATAGGGCGTGCCGAAGCAAGCTGACCGAAGAGCGGCCGGCAGCAGGCGTGCGTCGATCGCATATCGTTCCGTGAACGGTACAGGCGCTGCGGGTTCATGTAGTGGAAAGTGACTCCGTCGGTCGGGACGCGTCAGAAGCAGAAACTTGAACGAGTTTTACGAACCAGCCCGGACCTTACGAGTAAGGTAAATAATACTTAGACGCGACCAGGCCCTGTACGACACATCGATTGTCTAGGGTCGAGACACTTTCACCCCGGATGAGCCGAGCCCCAACTCGCATTGATCGTTAACAGCCGTCGGGTAGCCGCGCGTAAGCCTAAAAAACTAAGTCGGGTCGAATTCCTGCAGCTATTCGGAGAAAGTAACGCAATACGGACGCGATGTCGACCAAAGGTCCACAGATAACGCTGCAATAGCCTTTCTCGCTGTTTCAGCATTGTATCTTGACACTTGGAACCCTTCCACTGTAGTTTGATATTGACGCAAGTAGAGGCCTGGCAACGCATCTCTCTAGGGCTAAAACTATGCCGGCGTTTCCAGTGTCTGTGACGGTGTGGACTCTAGTTCATGCTCTGCCCAAAGACGCGGGCTCGTCAGCGACAGTTTGTAATTAGATCAGCATGTCCCAAGATTTATGGGTTCGAGCGCGGGCCTGCCCGCTGGAGCCACCATCACAAAACTTTTACAAGGAGGCATGACAGCATCTCTAATTCCAGCGCGGTTAGAAAGCAGCTTATGCTCCATTGGCTGCGTGATTTGCTGCATATAGGCTGTAGATTCCCCAAGGCCTGTGAAA,882,52.83,Caenorhabditis elegans
SEQ_244859,TGGCACGAGGATCTTTTATTAAGAGGGATTAAGTGACAAACTGGCTCGCTCGGGAATTTACTCCCGCTCCCGACGCGAAAAGCTCACACGGTACGAAATGATGTCAGATTAAGCCGGGGAGAGTACTGATGACAGTTCTGTAATAGGATTTGCACGGGTGTGCACGCGCAGGCGAACTTCATGGCTGTAGCTCGGGCGCGGGTTCAGAACCAACGCCAAAGATCGCATCGGGGGAGTTGCTGGCTCTGGAGGAGACTTACAGTTCTGTCGCCTCTTCCATCATCTAAATATACAGCAAAATTAACGCAATGGGTTACGACGTTATCCTTTAAGCCCTATAGCCGTTGGGGGGACGTATTCAGAACTAAACATACGCGTTCCTCGTGATTCGGGGTCACAATCTTTAGTAGTTGCCGTCAACGAGATGTGCAGATAACGACTCATACGAGCAGAGCTGGCGGTACAACTGTCTTTACCATTAGCTACAGTGCGATCGCTAGACAAGGCAGAGCAGTATTGTGCGCCCCTTCCATCCTGCAAGTTCCCATAGCAACCGCGCTAAGGTGTGGCTAGAGCAAATTATTAGGCCTAAGCATTTGATTGCAGTAAGCAGTGCCTAACTAGCTTGTGCCGTGGGGGAACAACACGTAGGGACGGGCAACCAAGACAAATGCGCGGTACCCGGCTGCTTCGCTCAATAACTGTTGACTAATCGGTAACGCTATCCATCAGTTTAGCTTGGATGATAGGCCGCAAAGACTACACG,766,50.39,Homo sapiens
SEQ_713934,ACGTTTGCTCTATACATACATTTCTCGTACTCAACTTGAAAAGACCGCGCAGACATATGACCCCCGACTGCCCCTCATGTAGGGGGTGTCAGTGAATAAACTGGACGCTATGACTCGTCAAATGGAAGGGCTTCGACGTTTTGCCGGTCGTATGCCAGCGCGCAATAGCCTTTCGTGCGTGAGCTGGCTTGTCGAGTCCTAGACTACGTTCGTTAGGTGAAGGGGAGACGCCACGCCTAACGAGTAAAGCACCTCGTAGGCCGCCTCAAGCATGATTTACTAGTGATGTACACGTTTTGGTGGGCACTGCAGTTTCCGAACACCTCTACTTAATGCAGTACCAACAAGAGTAGCCTTCATTCCGGACGTTGAGATGTCCTAAGACGGCAGTCAAGGTCACAACATAATACGGGATCCACAACCAATGACGGGTATTCGTGGGAGACCATTCGAACTAATATCCTGGATTACAGCTTCAGGGCAAATTGCAAACGATTTACAGGGGCCACACGCCATGACGCGCCGGGGGAAAGCCAACACCTAATGTGCACTCCTACTATTGCGAGACGTGTGAATTGTCACATCCCCGGTAGTAACCGTCTATTTATACCGTACAACGGATTCAGTCTTCTATCCGCTCCGGGGTTAGTTAAAGACCTGATGGGAGGGGCATAATATAAACGTGCAAAACCCATAGAGGGCGACACCACGATTTGGCGGTGAGTCATCACACTGCAATATCATCATGAAGGCCCGACATTGAGAGCCAGCGTGCGTGCGTTAGCAATAATTCCAGGATCTGGCCTAACTCCATCTCACCCGCTCTGAAACTTGCTGGATCTGGAAATCCGGCACGGTGGGTACCTTCCCCAAGGGTATCTGGCGTAAGGCTATGCTTGTGCCCTCTCTACGAGGTTTGTGTCTGTGATACAGCCGTCGGTACACCAATGATCCTTATTACGGCAACCTGGTTAGGGGTAGTTACGTGTTCAAATTACATGTGCGGGCGCAGGCTCTTAACGGCTGTTCTCGAGGGGTTCGCTTTATCAAGATAGATGAGGACCGTATACTTAGCGTGATCCCACAGAAAACCCCCCCCTCGCGATGTCGAGACCAATACACACGCGGTGAGAGATTAATAAGATTCAGCCCTTCAACTCTGAGCAAAGGAAAAATAGTGTAAGGACAACCATTTGGTCTAATCGT,1206,50.17,Mus musculus
SEQ_444690,TTAAACCTTACATAACGAGCAATTCGGTACGATGTGAACTTCGATCCGTGATAGCTATGTCTCTTAGATTAATCTGTTAT,80,36.25,Arabidopsis thaliana
SEQ_704324,CAGTCAAGCGATCTGTGGGGAAGCGAGAGTGGCAAATAGATGGTAAAGCGCCCTTTAGGTTAAACCAGGTTGTCGTGACTGGCCGGCGCCGTATTAACTCTTCCTACGATTCATTTACCATGCGGCGGTTCTGGATCTATCGTTCGACTATGTACTCCTTTCGACTTGACAAACCGATGCGTGCTCAGATTCTGTAACAAGTCGGGGGTTAAATAACAAAAACGTTGCCTATGGTAGGTTTCTCCCTGGCAACGCTTGATGTATGGCACTCACCCGCGTAGGTCCGCAAGGATTAGCTATACTGTGCGCATACGAGGTAAGGGAGACTTTAGATTCCCCCAGAGGACGGCCCTAGGAATGCTGCGCAACACTTGCTAAAGGTATGCAGACGGCCAACACCTAAGCATATCTTCCGAAGACATGGATCTAATCCCTTTAGCAATTACCGGATCTGAAAGAATCACCTCCCCACGGGCCAGCACGCACCGACGTGATATTGTCCGTTCTTCGTAGACACGGATAGATCGGGGGGTAGTGGTGCATTCGTCGGGCTATTGATGACACCACTGTTCGACAGGTGGAAGGCGAGTTGTGTATGTCTGTGCCCCAGGCGGCGATTATTGTTGAACCTACCTAACCAAGAAGCGTGAAGCGTGGAGCTACTGTTTAAGTGGTCAACTGTAGCTCGGTCGCTATCTGTCGCTATATACGGAGTCTCAACTAGTTAGATTAGGGGACGATCAACATGGGGTGCTACTCTAGACGTGGAGCGCCCAGTCTTTTGCGCCAGTTGAACCACATGGTAAACCAGCCCGTGGCGCCAGCGTAATCGACCGAATCGCGGATAGGATCGAGATCGCGGCGGTCGTTCATAAATACCCAGATCAATGTAGGAGGGTTACATAAATTCAACGTAAGTC,920,50.87,Drosophila melanogaster
SEQ_107115,GTCTCTCTTTTTATATCCGCCAAGCTCACACGTGCGAAACTCGGATTTGACTGAAACTAGGCAAGAAACTACCACTGACCTGGACTAGGACCCACCCAGGTGCGATGTGGCGGCCTGGATTATAAGGAAAAACCTGAACCCGAATGTTAAGACCATTGCGGGGATACTGCGGGGGGGGGACTCGCTAGGGTGGGCTGGGCTAATGATGATGCTAGGGCGTAGTCTTAAGCTTCTGCTGGGGTCATTGAATATGGCATCACCTCTGTCAAAGCATCTTCGATCTAGCTCTTCGATCTGGCGAAGACTGTGTGCCTTTGTGAAGAAGGGTTAGAGTGCCTGGTAGGTTTGGCGAGGGTTAGGTTGACTATAATACAGCACACGACGTTATTCTGAGTGACTATCTGCCGGGATCGCTGGAGAGAATGACAAATTGAATGACATTGATCGGTGGCCAAAATGGAGGTGGATGCGACTTTCGACGGGCGGCAATCGATCTGAACTTCACCTAATCCAGCCCATTCAGGGTTTGCGGCATATATCGCCCTCAGTGCCGAAATCCCATATATATATGTACTCCTCGATATTCAATCTGGACAGCCCATTGGTCCACGCTAGCCTAGTCCGACTTGGTTCATGTGCGACTGATAACTAGTAAACACTGAGGATAAATTCCCACCAAGCATTTCCAGAGTCAACTTCTCTAGCAAGTTTAATGCCAGGCTTTGCGTGGCCTACGTTTCTTTCAGCGGCAGTCGCTGCAGTGCTAAAACATCCAGCCAGCGTGTGTGGGCCAGTCTTTATCTGCGAGGGCGGCGCTTACTTGAGGGCTAATTCGGTTTTGCACCACGTGGTGTTATATAGCCCTCGGTGGGATTTAATTCCGGCCTGTGACGGAGTCCCCAGTATTAAGGTGCGGCCACACCCCAACCTGGCTTGAGCACCGAAGAATGCGAGTGAGGTCATGCGTCCCGCGAACAGCTATGTTATTAACAGTTACCTACAATGCATCTGGACAGTGGAGTCCACCCCTTTACTACGCCTATTTAAGAAAAATCCCCCAGATGGCTTCCGTTTTTCCACGGACGTCATGAATGGACGTGTCTACATTCATGGGATCTTGGCTTAGTTTTGTTGCGGACCGGAATCTCGCGCAAATTCTGACGGCTAGATAAGTC,1175,50.3,Caenorhabditis elegans
SEQ_224447,GCACAACCTAACAGTCTGTTACTTTATGCTGAGCTCATAACTAACCCGACGTGACCAGGTCCAACACAGTATCCGGTGCCGAGACAGTGGATACCCTCCTGTCGACCACCCCATAATGTGGAGCTAGAGAGACAATACCCAAGGGGAGGGGACTGCGTTCACCAATCGTGTCGCTGCCTCGAATCTGTCTACAAACCGCTTTGTCACTATTCGGTGTCCCGGATCCTATCTTGTACTGGGTAGGGCTGGAAACCTGGCTCTATACCGGCGCCACGGAGATGCGTTAGTAGTGTGCGGTCAAGAGCGAAGCCCGTTGCCAGCAGATGATTCAGCGTGTGGCCTGGTGTGGTCGCATGATAGGCCCGGGCACAAAATATGTGACGCTCCTGAATGGACGTGATACGGACAATTATCACATAGTCAGAGAGCAATCTTAAACTCGATCTATGGACGGCCCGCGAAGTGAAGTAATCCGTAAAGGCGTTCCCAGGACTAGCTGGTACCATCTTGGTCCTATTTCATTTTCGACAGTTTCTTGTCGCGAAGTATAAAGCCATACCGAAACAATTAGTTAAAATACTGGCGGGGCAAAACGCTGGTTTCATCAGGTATTGCACCTCCCCTAGTTAGAAG,633,50.87,Drosophila melanogaster
SEQ_831375,CAGTTCTATACCTCCACGTCGCGCTTACATCGGTATTACACTGAGCAGAGTTTGGTTCGGAGGCGATCGCATCGACTTATAAATAAACGTTCTCGTGGGCAGGGTGGCAACGCTCGTTCAGGGCTAGTTTCGATTCATGGCCCGTGATGCTATCGCCCGGCTCCTTTACCCACCTTATCCGCGGTGTCACCAGAGCCTTCTGGTGTTCTAAAACGGGGCGCTCCTGTATTTTACTGGTGAGGCAGTCGGACGTCCAAGAATAGACACCATGAGCAAATTGGAGGTGGCCTCGAGGTTTGCGCCTTATGGCCAGAGAAACACGAGGATACGACAAGTCTTACTATCCGACAGAACTATCACTAGACGTGTAATCAGATCACACAGAGATACGGCAAAACCACCCGCCCACTCCGCCTCGCGACCGGTATAGACGAACTACGTATATTTTAATTTTGATTCAACGGTTTGGTATAATATCCTGCCATCACCCGATCGCATTTAACATCCTAATAACCACGTGTAGACCGCCTGAACACCGCCATACGTATCTAGGTCTTGACCAGTGTCTTGCGCTTTAACCAAAGTCCGTCAAAGCGGCAGAAACAGATTCGCCGTGTAGTGTCTTTCGCAGGCAGTGAGTGAACGCCCCTTTTCAGCGCTAGGTAGAGCTGGGGACCTCTCGTGCTGGGTAGCAACGAACGCTATCGTCAGAAGGTATGCTTAAGCGTACAATGAGTATGAAAATTGAAATTAGACTACGCGAGCCATAGTTAGCGGTACCTTTAGCTCAGTTCTGTAACAATCGGATTAGGAGTTAATCCTATATTCTTCGATCGAGTAATACTCCAATTTTGCCATGTGGCACGTCCATCGTAAACTTCATACACCTTGAAGGGTCGTGTCTTTAGCGATGAATCTTATGCGCACAGCAATCGTCGGGGGAGTCTCTGTTGCGGGTGTCATCGCGCCGCGAACGGCCGCAGCTGCACAGATTAGGTGGTGCATACGAATGTGGCACAGACTAAAATTAACTTTCGCAGCCACGCGTGGTACAGTCTCGCCTTAAATCGAATATCAAAACCACGGACCGTCCTAGACATAAGACCTCTACTTCTCATTAGCACCGTAGGGGCTGCAATCACCCTACGGATCGCTGTAGAACTGTTAAAGGGTTCCACTCTACGGTGCAACTATTCTATCCGCAGAGCTGGTCGTGGTTACCTTGAGGCCTTACCTCAAGCCGAACATATCCCACGGAATAAGCAAACCAGCGAGTCGTCCCGAACGGCCAGTGATTCTCTGCAAAGTTTAGATGCCACTTACAAACGGTTATTCCTCATGCCCATACGCTTCCATCCGCTGAGGAGAATAAAATAAGAGCTATGTCGATACACTGTTAGTGCGATGCTGCACTCTAGTTCGCTGCTGGAGGCGGCATAACCTGCCCCTACGCCTGTCATGCGAACGCTTCCATTTATATCTGTGGGCTCTTACTTGCCGTACCGAAGGTCGCAACGGATCGTTGCGGGAAGCGATAATCATGACCAGAAGTAGCGGAATTCCTATAGCATAACACTTTAGGGTTTTAGGCTATTCTTAAAACTGATAGCAACGACACCTGTGTGCGGAGATTTGAAGGCTTCCAGGGGACCTTCACGGATCCGTTGATGCCTCGGACTTACACCCTGCCTGGCGGTATCGGCCCCCATGTTCACGGTAGTCTCACCTGCGAATATCATT,1740,49.89,Saccharomyces cerevisiae
SEQ_286235,TATGCCTGGATCCGGCACTGGTCTACTACGTAGCATCTTACACGGCACAGTAATAATATAGCGGACCTTTGATTTCATAAGAGTGGCTTTTTTTTATCGCAATGTCAAGCGTCGCAGTTCCATAGTAGTCGGACAAGCAGAGTTCCAGTGATTCCAGATTTCCAGCTCCTGCATAAATTAGTCTTGTAATTTTCCCGAATGCCACAATTATCGTATTGAACGGCTTAAGGTCGTTGTTGGTACCACCCTTTCCGTCCGAGGCAGGCGCGAGGCTGCTAGGCCGTGTGGACATCAGGAATGCCGAGCTGGTGTCCGTAGTAACCCAAGACAGGCCGGTCGCTCCTAATCGGGTTGACAAGTACACTGCTCCAGGGCATTTGATGTGACGATGTGTACGATCCATTCGGTAATGAGCGACTGTGCAGGCTTTTGGAGACCCATAGACCGTTGGAAATCTGCAAATCCGGAGACAACTACCTGGCCCAAAGGATAACTACTGCTGGAATTCCGAAGATAGCGAGGAATTATGAAGCCACCACACCCATAACGTAGAAGCGTGAGTTTATTCCGACTAACTGTAATAATTGTGAGGCTATACCTTTTAGACCTGGCGCCCGCGACATGGCATAATGTGATTTGCCAGATCGTTCCGAGTGCCCAACTGGTTTCGACTGCGGGTATAGGAGGCATAGGCCCGCCGGAATAAAGGTAGATATATCTCAAGGCCTACGGACACTGGAGGTTTCCCAACAAGCACTAAAACGTATAGTAGGTTTTTTACCTGCGTTTTTTTATCACGCCTGGCGACTTTTTGTTCGGATTGATGCCAACGTATGCATAGAGCCATGGGACCTCCACCCTCCGCTTATGTACGGGCGGAGGCAGCCACTCAGCCAACGGTTGCCTACCCCCTGCCACGACGTAGCCCGAATTATTTGAGCTTAATAGACACGGACTACCTACCATCGTTAAGTACCTTAAATGGCAGTCCTTTTCCCTAGGGTATTCTAGTGACCCGTAAATGAGCCTTTTCGCTATTATGCCCCCACAGGCACTGCGCCCCGCCTTCTCGTTTGGTTTCTTAGGCATCCGTCTCCGTACAGCCGCGAACGGATAAGTTTCGTTGCTAGGGTACTCTGGGGTGCCTTTATGACACTTGCTTGCTTATCACTAACAATCGCGATTTACATTAACTCCCAGGGTTTTATAGCTAGGACTTTGGCGCTCCTGCCCTGGTTATAGAACGATCCTTCTATTACAAATGATATTCACGTTTGACCTTTTTTCGTGCTCGTCAGCTGTCGCGACGTCCGATATGATGAAGGCTCTAGATTCTCACAGGATTGTGGGTTCGAATGGGGCAAAGCTTCCAGCTATATGCTCAAGTGCTCAGCAGAAAACTATGGTAAATCTCGTTTTGCACGATGACGGCACGGCCGGGCCTATAACGTAGTGTAGCCTGAGCACTGGTAACTACTTTGTAATTAAACCCCCATCAGCAACCCGATATACAAAATCGAAGGTGCTAGCCAGAGGCACGGGTAATTGGGTTGGGGCAGCCATGTAAGGCGGTCCGGCCA,1580,49.3,Arabidopsis thaliana
SEQ_241735,GCTAAGACAGGGAGTGTGGAAACTGTTTTGTTTGAGAAACGACTTGATGTTACGCAATTGTTGTCCTATCTGCGACCCTACGGTGACGCTACAAGGGCGCTTGTCCTCTGCTCCGAAGGCGTGGTTCCAGTTGCTATTTGATGCCCAAACATAGCTCCTCCGAGGATCTCATCTGCCGCGGCGCACTCGGAAAGACTGCCGAATGTGAAAACAGCAAAACATCAGAGTCGACTAATACACGTTTCATGAACGCTTATAAGTGGAGAATGCACGCATCCATGATCCAGTACTTGAAGAGTCCGCGGAATACGTCTACATCAGACGCCCTCAATACCCACTGAAATCATAATAGTTGCTTGGAGTCGGCGCGACAAACCGCACGCTCGCATAGGAATAGGACTACCGGAGTTAGGGAGCGTCTTCGTCTGACGAGTTGGATATATGTCCCGTTCTCGCCGATTAAAAACGCAAGAGCCTTCACACCCAGTAAACCTCGAACCATTCGGCGCACGCCGTGGCAGTTGCGGCAATCCCGGGTCGACAAGCTTGTATGGAAGTCCGAGCGTGGGGGTAGGATCTGCACAGAACCAGCATACCTCGGAACAGGCATAACAGGCGTCAGCGGCATGAACCGCTCTTACTGTATGGAGTCCCGCCGGGACCGCAACCAAACTTTTCGTGCTATGATGATCCCTTTGGCCCTTTGCACGACAGTGTTGATCCGCTGAAATATTGTTTAATCCTCTGCATCTCACCCTTGAAACTATAAGCGAGGGAAATCAACGCAGTATGAGTCACCTCGAGAGGCAACCGGGCTGTGCCGCAGCATAACTCCGAAGACACGGTTTGCCTCAACTCTTTCAACATGCGCGGGTCTCCTCCTCCCAGATTTCACCCAGGATCAAACGTGGGGCGCAGTACTTCAGTAGCATGTAGCTCAACTACGGGCCAGCTATCTATCATGGCTAACGCGTGTGGTAGGCTGACCTCACGGCGCGCTGAATAGGATGTCAGCCCCTGAGTCACGATTCGTATGATGAGCTTATGTCCGTCACTCGTCAATATTGGGATGACGACTAACGCGTACGATCAACCGACTGTGGTCCTACACGACTTCCCCGCTCCACGCTATATCAAACCTGATAGGTGCATAATCGTTGTGCTGGCGCGCATCGCTGATGAGTAGGAGAATGGGTAGCAGACTGCTCAATGAAGCTAAAGGCGACTGGAGAAGCTTGATGAATTGGTGGGTTCGCGCCTTGTTCTAATGAGTGTGCATAACCGCAGAGCAAGGGGCCCAAGTGAGATTAGTTTCGCGTCGCCTCTAAGTAGAAGGCTCGCCACAGTTTAAAGTAAGCGTTTTCCACTATCGAGAGTCGGCAACTGGCGCATAACCAAGTCGAAAGATTAGTGCGGTTGCTCAACGATGCAATTCAGCTTCCGCACGCTACCAACTCCTAAACACACGGAAGACGCTCTAAAGACTCTGTCATCTGAGATACTATCACCGGCGC,1514,51.78,Homo sapiens
SEQ_733658,CGCCTCGATCGTCGCCGTAATAGCGCAATAGCCGCAGTTTAGACCGGTCACAAGAGAAACAGTACGGGCGATTTTTGCTGGGACATCGGTTACCTGGGGATTAAGGCGACCGCCAAGATACTTATCCCAGTGACAGTAGGGATCGCCTTCCCGTGTGTTACTTTCTTACCACTCGTGTCGACTCCCTCTCGTCCAATTAGTCGGCAGCAGATGTGGGCTTTTGCGTTCGCTCGTACTCATTCGTAATTGTGTGTATAAAGGCGTTACGAGCGGTCCCTACGATTCAAAGCTGTACGTGCAACCTTCGATGTAGTCCAAAAAATCACACGTAGTACTGTGCTCCTCATGATCACCTAATGTGCCTTAACTCTTGAAGCAATATTTTTAATCCGAAATATGGTCCAATGCTGGTACTTTTAGGTTAGCGTGAGGTAGCACGCTTTCCATTG,449,48.33,Drosophila melanogaster
SEQ_983997,CCTTTCGAAACGTCCCGCATTGGTCTCGGTCCTGTGCGAGCAGAGGGATGCGATTAATTTCTAACAATGGCCGAAGGTTAACTGGCTAAAATATCCAACTACCAACGTCTAGAACCTGACTAAGACCAAGACAGGCTTCTAGTTTTGTTCCTAAAACCCCGTGGCGGACCTCACCGGGCTCCCGCTGTTGGGTTTCGTTCAACACTTTATGTCCATTCTCGGAAACAATCGGTTGTGGGGGTAAGCTGGACAGGGTACGACTCTAATACCGAAATGTCATATTGGGGTATCGAGAACCAACCGTATAATTCCCGTCCCGCGTTAAACCTCCAGATGTGTGTCGCGGGTTAACAGAATAATATACCTCTCGACATGGGATGCAATGGACGGTCAACCCATCCGACCATGATGCTGGATATTGCCACAGGTGCCGCGCCAATTACACAACGCGAACGAATCCTGGGACTGGCAGGGTTGCGCTATTCGCAGAGCACCCGGAAATTATAACGAGCGAGTAGCTTATTGTGAAACGAGCGCGCCACGGCGAGTCTTCAGCAAATGGTCTAAGGGAGTCACTGGACTAGGGCGAATTTTCCTTTACCGCTACGTCTACGACAATAATTTCTCCATCCTTTGACCATGATCTTTGGTAGGCACTTCAGCTGTGTCAGTTTCATCAGAGGTGGTGGGTCAGATTTCACCTCTTCGTTATCCGTTGCCTAGCCACGCGTTGGTTAAGCCCCTCATGAACAAGCCCGACTTTAAAGATATGGTTCCCGGACGCGGAGCTAACCAGGTCTTGCCTTGATTTGATTTGTCAGCTGCTCCGGGGTAACAGCGTAGATCTCCCAACAAGATGTGAAGAAATTGTACTAGCGTCACACTGGCTCCACTTACAGTTAAGTTTACGTTGGGGCGGGTTGGTTCAGCAATGTGTGTGAGGATTACAGGCAAATGCTCGTGTATACTTGGTAACTCTTGTTGGACCAATCCACGCGCGACGGACAAGGGTCGCAGCGACTGCGCTATGTAGGCACAA,1039,50.24,Mus musculus
SEQ_567380,GAATATTCTAGACACCTTGCTTGCCTATTCCGTGAATGGGCAGATGCCTCCTCAGAACGTGTAGAGCTCGGTAAGTCAACGAGCCGCATTTTAAGGCTCCTGTATTTAGCTAATAGCAACTAGGGATCACCATAGCGCTCTGTGCAATTGTGTAGGAGTTAACAAATGTGGGCCCTCTCAATCAGACCCGTCGAGCATATAATGTACTCTATAACCTATAGAGACCCCCCCCCTTTCCGCCAGGGAGTCCGCTAACATCCACACATTGCAGGCATCAAGAGGCGCTCCACTATAAAAGAACACCCAAATCGCTTCAGGATATACCTCTCAGGTCGGAAAGTCTCGTACCAATGTGCGCTAACCAGGGCCTCCTCTAGTAGTCACCCAATTCTAGTGAACCCACGACTTCTGTTGGGGATTGGCCGCGCGCGCGGGGCTGGCTTATCATGTCGAATTTTATAGAGAACTAACCACTGGAACCTTTACCACTCCGTGAGATTCCCGATGGTTGCTTTGAAATGCGTCCACCTCAGTCGCAATCGCCGGACTGTGTCTGGGCTATGTGGTTATACCCACATATATAAACCATATAAAAGGGCGGACTCATAGTGGCGAATTGATATGGCGGCCCATTGCTTCTAACTGATTCGCGGCCAACCTATGTTGTATGCCCATCCGCACTAGACGCAGACACGATCGTAGGTCGCCTATAATAATTCTAGCGCCCACACACCGAGTTCAATGTGGGCCGTACCGATTAAGAGGGTGCCTTTTCAGGATGGATCGGTGCACCCTAGACGTTGCTGTGTCCTGCGCCATTAAAACCGACATTGACGCGCCTTTATGGACATCTTATTTGACTCCTTAACGGCGTTCGATAACGTTATGACTCGCACACGACTCTCTGATCCGAGCAGTGTCGTCATCGTACAAGAACAATGCAACCGCGCGACAGGTCCCAGTTATGGGTACATTCGTCTTGGTCTAGAGTGAACATTCAGCATATGGCTTCTCGATACTGCACCTTCTCTCTAAACGAGCAGATGGCCACTAGCAAAGGTAAGGGCAGTCAGCTCATTATTCGACACGCCTATCTCAGTTGTGCCTCACTTGGTTGGATATTATCATTGAAATTCATCATCCTGCAATCTGGGTCCTAATAGCGCTTACCGAAGGGCGCCGGCCGAACGGAGTCTGAATTACGCTTTGAGGATGTATTACGGTGACGGTGCGCATCCTTAAGGCCGCTTGATCTATCTGTAGGGACCCGGATCAGAAGATTTACGCACAACATTTCGTCACCACTGTATAGGGTACTCCACGACTATTGCTACCAGCGCGCGCACAAACAGACTGTATGGATGAGTGATTGAATCTACGACAGAAATCACCACAGCTAATTACCGCACGATCTTACAGGATTAGCTGATGAGGCCATATCCACCTGTTCTGGCTGAGCAAGGCGAGAACGG,1472,49.66,Caenorhabditis elegans
SEQ_195572,GTCATTAAGATTCTGGACGAGTCTAAGATGTAAGCTTCGTTAGAGACAGCAGTAGTGATCAACGCGGACGTAGAATACTGACGTAGAACGAAAATGTCTCGCGCATTGAGATATGGTAAGATTGTTAAAACCACCAAATTAACAAGGAAAAACACGCACACTCTTTCGGCCGGACCTTGGGGAATGCGCTTAAGCGCGGGAAGACGCCCCCCGCGGAGCAAGTATGCAACATTTGGCCGTGCACCTACCTAAAACCTGCACCTTTGTCGGGCATGAGCGAACCTGGCGGCGGTCCCCCCCTCGCAAATGGGTCTCGTGAATTTACAATGTACAATATGCAGGAACGTTGCAGGCAAATTGCCGCGTCCCCGCCTAACCCAGCGTAAGGGAGGCTGGCTCGGACGAACTCCAAGATCACAGGATGAATCACCTCCTTTCTTACAGCGAACGTTGACCCTGTTTACCTAGCGTACGTCTGGTCTCCACTCATGACGAATTGCCCCAGCCAGGAAGTCCAACTACATGACCCAGCGGGGAAAACTTCGGCAAATTACCATCTCGGTTGCAAACGGGCGCCCTTCCGCTCTATTCTAACTGATGTGAACGCTGACGGCCGTGAAGTTGCTTTCTCCCTCAGTTCATCAACTCTCATGATACCATGCTGCTCGCCGAGAGATGCTCTAGACGTCGGTCCTCGCGTCCAGCGGCTATATTAAAATAATGGCGCCCCGTCCTGTTGGGTTTCAGAGACAAAGGTCGGAGAACGACTAAAGAACGGCAATGTACCGTCCCCCAAATAGTTTCTTGTATGAGTCATCGGGTGGCGAACTTTCGGGTGGTGGACACAGAGCATCTCTTGGTTATGTACAAAAAACGACCCGATCGAGACGGCTCGGTTACTGGGGTCCTCGTTCACCCGTCGGATGACCTCTTGCCCTTCCCTATATGAACAAATCGACGCACGGCAGCATACGTATTGAATCTGAGTAGCCAGAATTAAAACGTGGGAGCATAAAGGGTTGCGATTACCCTAGATGATCCGCTGGAGGTAGCCGCGGCGTTTATGAATCCTGTTTGACTCACCAACGCTGAGCTCAGTGTTCAGAATATTGCCGTCAGGCAGATAGGGCGTTTAGTAACTGTCAGCCTAGAGCATTGGTCTTGACCAAATGCTCTAACCAGGACGCACCAGTGTAGACGTAACTTGTCGAAGAGCCCAGCCAGTCGGCCCAAGTTATTTTACGGGCTGCAATTACTCCTTTAGCACGTTCACTGATCCCGTGAGGCAATTCTGACTCCATCGTATAGAATGATACAGCTTGTTCGATCGTAGCCCGAACTCACGTTGAGCGGAAATGATCTGGCCTGTCGTAGGGCTTTATAGTCAAACCACCTGAATCTCTGTCTCGGCACGATATTTTGGAAGGGTGGTGCGCTCGCAGTGACCAAATACAAGAAATTCATGATAATTGTCCGGTGCCAAATCCAAGCGGACTGACGATCGTCAAGTTCCGGCTTATCAACATCTTACGCCGAGTTGCATTCGTGTCATCGATAAGGTTAGTTGTCGGCAGTCATTTCTACCAGTGGTTGCCATTTGAGTTCTACTTGATCCCAGACTACACAACCGGGAGGCAGTATATAGCCGCACCTAATCTTTCTCAGACGTGTGGTCCGGGCACGGAGGTATAGTGAGGCGGGACATATGGCTAAGAGAAAGGACAAAGTCTCGTCACCAAAGAGTAGACATTGGTTATCTGGCATCCTAGTCTCGTGCGAACCCAGGGGCATCCACACAGGGTCCGGTCATAAGC,1814,50.83,Caenorhabditis elegans
SEQ_690600,GTACCTATCTGCGTTCGTTACGGCAAGATTGGCACTGATTCGCGTGACTCGCTTGGAAACTTAGGTTTGAGAAAAGAAGCACGGTGATCTATTCACATGCTAATGCTCCCATAATCGCCCCGTCCCAGCACGATGTGGTCTGATCATGGCGAGGCGCGTTCGTCACACCAAGGCGCTCGTAGATCGCCCAGAAATCCTGTCGGTAACCAAGTCATGCCAAGGCGCATTTGCATTTCTCCCGTGACTCCTACAGGATCAGTATAACGTACGTCTAAAAACGTGTCCAAACAGAAAAGTTACCTCCCCTTTGTCGGTAGAATGGGTAATTTCGAAGATTGAAACTATCTATGTGCCATGTACCCGGATCGCCCCCTGTGGCAAGGAGCGGTAGTTTGCCCCAAACCCTGCGTCCCAATCGCACGCTCTACAACGGAGAATTCGCACTCACAGGTACGCGGGGCGCCCGACACTACGTGCTCTTAATTCACCTTCGATTCTAAGGAACTAACACAACAGTTCCCCTTCTTCGCCTGACCAATGGTAGGGTGCGACGTAAGAGCCGATTTCTCTTTTCTACAGAAGTATGTCGGGTACACTGCAGTCACACCAAGTGCAATTTGATGCCCAATAGCTAGTTCATACTTGTCTTGGGACTCACACAAGCTATGTGCGTCTAGCATCAGTGATGCCCGCTCTGCTACCCCCCCTGGAAATGAGGTTGTATGCCTTTTGCTGCATAGCCTCGAATTGTGATATGTCCTGTATTCCGCGGACCCCGATCGAAAGGAGAAGGTCGTTGTCTAGATCTGGGTGAGGACTACATCGATTTCGCGGACAAATCCGGAAAGGTACTTGGCATCGGCCCATCAAACTGGATTATGATACTTACGAAGAACTATGGTCGGTGCCATTCGCTCTACGTATCTCCCGAAAAATCGGCGCCTGCATTAAGTTCGGTACAAGACACCTCCCGCTGTCTTCAAAATACATTGCGAAGCCCCCTAGAGAAAGACAGGACGTAGGGTTTGAACGCGAGTGCAACTTAGCATAATTGTTTGAACTGGAGGGAACATAACCCCGGCCAGGCGTCTAACAGCGAGGCACGGCCCCCGTGTTGTTCCCGCCTGGCAATTGCTCACCGGCAACGGTCCGGGAGCTGTCGGAGTTTGGATTTATCGGGGGGAATCTGGCATCGAAGCAGAGTCCTAGTATTAAAATGTATGTCCCGAGTCTTGGGGTCACTATGACGGTATCTTGATTGGTAGGCAGCCATGCTTCCGATTATGTAAACAACGTAGGAGGTTGCATGTGCGGGGTACGGCTGCATGGAGAGAGTCTCCGTTGCCTACTCGGGCACCTAGGGGACGAGAAGCTGTATTCTCGTAACAGGTGCTCTAACAAGTGCTCTATTTATGGTTTAGAGGAAACGAAATCCAAATTATCCGACGCGACAGAAAGTTCTCGCCTGGGCAGCGGAGGACCTTCCTACCGATGCAAGTATAAGTGCGGCTTGGCCCGACTGTCTAAAAACGGTGCATGGTGTGATCTGTCCTTCTACATAGAAACGTCGTATTAGTTGTCACGTAAGTAAGAAAGACGTAGGCGCTGTGCCATGGTTCTCCACGAAGTATGCATCCATTATCGAGACCAGTAGGCTCCTGTTAAGATCAGGTCAAAAAGTCGCACTGGTCTCTATGCTAATGTGGATATTGAGTGGTATAATTGTCCCACGAACTGAACCCTTAGTTATCATGACAAATCCTGTGTCCTATTTATTCCAAGCATTTCAAAGTTGGATGGCGCTATGATACGAGTGGCGTGGCGCCGGTAGAACTCGCCGGTCCGTGGTTTAAGATAGGCGAACTCTGACAATCTTCCGGTCGTCAAGAGCTCCATGCCTGAGCCCTAGTGTCCCGGAGGGGAGGTTCTTAAGAGGCGGTAAAAAGGGGTAGCTTCCCGTGAAGAGTAACAGAACCGTCGTACGTACACACTTGCC,1996,50.5,Caenorhabditis elegans
SEQ_394688,GAAGATTTGTTAATTCAGAGCAAGGATCACAGCTCATGAGCGATAGCGTGGTTTTCTGACATCTGTGGTGCGACGCGCTCTGTGGGGGGGCCTGTTATGTTCGTTGCAACGAGCCTATGGGAGCGTCGGACACGGGCCGAGTACGACAGCCGCCCTCACGATTATCTTTGTCTAGGCACGAATATTCATTCATACATCGATCGGTCGACCCTGGAGGGAGTAAGGAAGTGTTGTTTACTTCAGTACGTAAACTTGTAGCTACTCTGCTGCCATGCACCGCATCCTGTCCTCTTTAGCGACTTGGCGAGATGAAACGCGTCGCACAGCGCGCCAGGCCCCCACACGTTTTGTGCGTGATGGGCATAAGTGTTGTAGGCAGACCGGGGGAGCTGCCACTAGCCGGACGTGCACTATTTCAGCCGTTCGCTTGCCGAGGGCAGGTTACGGCCAGGTGCCATGATGAGAGTCTATACTCCTTCAAAGGAATCAGCTTTATTGCAGAGCTTAAATTAAGTGTCGGAGCGGGTCTAACGAGCGATACCGGGAGACAAATGCTAGACATAGTAAAGCAACACCATCCATGTAAGTCAGCCTATGCAATGGAACGTTGGAATAATTCGAGAGCGCGGAACAAGACGGGGGGCGCGTCAAAAGTCGAAAGATGTCGGACTCAATGGTCGAACGCAGTAACGTGACAGACCTCGATTAAGCGCTCAGAATGCGTGGACGCGGAATACGTGGCTAGTTGTTTCGAGTACAGATACGGCAACGTGGGGTTATGGACGGTTAGGCATTGTTTCGCTAGCCGCAGATCGTCGGAAATGAATAGTCCACCCAGGTGCTTAGGCTGCTGCTCAGTAGGTAAGTTATAGGAGCCGGTTACAGCTAGCAAGTCTGAGGGCAGACGGTGCCCTACGGCTTCAAACGCGATTTTATCTGGTCGCAAAAGACATTTCGAGGGAAAGTTCGTACTACCTGTCATTGAGAATGCCCTCTCATGTGCGCAGGCTAGGGGAACGCGGAGTCATGGCGCTCTTTCTCCGCGATGGGTGGTCTAGAATCTAATATACCGCGCCGTACCGCGGGGCGCGATGCTCACCGGGCCCATAACCAGAGAA,1118,53.13,Arabidopsis thaliana
SEQ_146794,AGGGGGGTTGAAAGGCTCTTCTAAAGCTATCATACAAAGTGACTCCTAATTTCGTCGCCTTAGATCCGACTACTTACCAGTGCATTATAGCGAGTTGGGCATAGTGGGAAAACGAAGATAAAGAATCATTCCATATCATAGCCAATGGGCCGCTGCAGTTTATCCACAGGCGATTATGGACAATCTCCCTCTCTAAAGCTGCGCTTTTTCCAGCGGACCCGGATCCCATATCTGTTGCTCCGATGTATTAGGGTACACCGGCTTAATAGCCGCCTATGCTATTTACTAATCCCCTCGTGAGTCTGGTCCAGCTTACCTGCCGCGTAAAGCAAGCATGCAATCTTCATCAG,350,47.43,Arabidopsis thaliana
SEQ_127919,TCGCCCGGAACAGGCATTGATGACATGCATAGCCTGAGCTTGTGCCGCGGCGATGTTTTTGTCCAGTCATTGATACCACTACACGCTCGCGCCCGTCTGACGTCGCCCCACCTGTTGGACGTCGTCTAAAGTTAGGAGCAGTTGCGTATCCATCCACCATGCAGTAACAAAACATAGATGGCAGAAGTCCAAGAGCAGACACTCACCTATATCCAGAGGACGGCGCTGAACGCTAGTGTGCCATCAGTCCGGTTGGTTCTAAATTGACAAAACTAAGGATAGGTCACTAGCTATAAAAGTTTCACTGATCGTATGAGTTTATAGGACATGTCGAAGAGAGGGCAGTATTTAGTCGCGACTTCCCAGGACGGCCAGTAATCGAAGTAGCACAGAAGGCAAGTGTCTGATGCTACATTATTTGTACGTCGTACTAAGTTAGAGATACGACCTGGAGTGCAAATAATATAAGGCCTGTTAAGAGCTTCCGTCATGTTTGGTTTGTTAGTGCTCGTGTCACTTCTACTAAGAGCTTTTGAAAGCTGGTGAAACGGAGCAATATAATCCTGTTTGGGCCTTATAGATTCAACTTCTGCTTAGACGTGTAGGTCGTCGGTCGGAATGACATCGGTCCCGGATACGCATTAAGGCAGGAGATGCATGCTTTTAGCGGCGTTCTGACCAGACGTTACAGCGCCAGAGATGCCAACCGCAGCTG,715,48.39,Arabidopsis thaliana
SEQ_501945,CACTTCTCTTGTCACATTCACCTCGTTCATCACTGGTCCTAGCGTAGTGGACACCCTCCCGTAAAAAAACGGGTGATAGGGCTCCTCCGTAAGGAAGCGGCGCAATACAGTCACTGCACTTTGCCCTGGATCCAATGCTGGCCCATACGAACACGTACTTTTACCTAGATCGGTTTCCGTTGGCCTAGGGGCCCGTTATACACAGGAGTTGAACGACAGTGCGGATGCCAAACGCTCAAGCAGTTCGGTACCCCGGATACCAATATCGTTCCGAGACCAGGGTATTACTTCCGCAAGGGTAATGGGATATGTCAGCGTTACATGCGAGGCTCTAGATCTGATTCCAAAACACG,353,51.84,Drosophila melanogaster
SEQ_229798,CCGGGGCCGTTCGAGGTGTCAAAGGTAAAAAGGTCAACAGCCCTTTGCTGCCTTCCCACGCCATATCCCCTCCTAGCTAGTCCACCGTTGATACCGACATCTCTCATTTAGGAACACTCGCCATAAAGCTAACAGGAAGGCGAACTACCCCTATTGGTTTCTCTAGTACTAATGGTTAAGCACTTGTGCGACACGTAGCGGATCAATCGCGGTGTTTCTCGGCTTGAGCGGAGGTAATCTTTGTGATCCTTCGTGCACTCTATGTGTCCGATGCCCATTGAACCCTGTTGGAGATGCGACCGGTACACAATATGGACCTGTCATGGTAATATTTTTCCAACCTAGACCATTCGCAACTGAAGCTTGTCGTTTTGGCCCGACAATATTGCTGCGGTGGGGGCCTGGCCCGC,410,51.46,Mus musculus
SEQ_871832,AATAAAGTCGGAATTGCGTGGGCCCAGTGTTCTGACGTTCATTGAATTGCCACGTTCAGGAGATACGTGAGCTCAATGAACCACTCTGGGAGCCGCTACTGCCTGCTAACGTTAGTAATGCGAACCTCGGGCCTTGATACGTCGACCTTGTTTTAGGGTTTGTGATGTACCCCCTATTCGCACAGTGGACCACCCCGATACCGGACCAAATCGGTCTCAACGTCAGGGTTTTATATTTGAGCAAAGCTAAAGTAACCCCACTGTTTTTTACATAGACCCTGTGTGTTTCGATGTAGACATTATCGGTTACTTCCCGCTCCCCTATGCGGGTACCGGAACTCCGTACCCATACAGCTTTCACACAGGAACTTGCAGTGACGGCACCTAACGGGAGCTTTTGTTTAGGCTTCGCATAGGTATTCTATACAGACAGAAGACAACGTGATGTTTTATAACTACCGGCCAACAACGGCATTACGGAGCTGATCGCCGAGTTCGTTCATGTGCGACTGTCGATGAATTTGGACAAAAATCCTGCTCGCTGGTCGTGCCCCAGATATGCCCGTTCCCTACTGGTATTCCTCGAGCTCTTAGAAATCTGTCAAACGTCGCACATAAAATAATCGTTTCTCACGCCTTGGGGCAATATGAAAGATGTGTGACTAAGTCAGCGTCCTTCCAAATGCCACAATACGATTCTTGGTACTATCCAGTGTCATGGACCACTCCGTGAGATATAGGTTTAGGAGGGTGGTATCAGGGTCAACGGAGTTTAATATTGCAATTAGACGCACCTGGTAGCAAGCGTGATCCGTACAGTAGTGCCGTGATGAGAGCGTTGCTAGGACACGAATATCCTGCGCCCGAGGGGCATGTTCGCGTTCCAACAGAAAAAAGCTGCACCAACCTGACACAGGAACCCATACTCGAACGCAGTTTATTATGTCAGGTAAAGTGAAATATCAGGAGATCGTCCGGAATTGGTGCCGTCCAAGTGACCTAAAGGCTAGGGAGGTAGCGGCGGGCTCCGAGAGAGTTTTGCTATATTCGATATCTGGCCTACGGTCTTCGGGTGAGCTTATGGCCATCCAGAAATCAAAAGAGTTTGAGACGAATCGCCATACACAACAATCGTGACGGCAGCACTACCACCGTGGCGATTCATTGGCCTG,1172,49.06,Arabidopsis thaliana
SEQ_520720,CCGGGGATTCCTGACATTTTTGATATTGAAGGATGGCGTCTATCTTATACCAAATCGACTTCTAATGTTCTTTTCGCCACATGATCTACCGAGGTTGAAAAGTGACTACGACGGCCAGGCTTGCATAGGCTACGAGTCTCATGCAATTTGTGCTTCGTTAAGTCACGGCCTCCTAACAAATTACTACGGTCCACCCACCCCGGGGACGTCCCGACCAGTGTTCCTCTCATTCTTTTTGGTGTAGTATGGGGAACTAACGTAGGACCCGAATCGATTTGAGGGAAGACCTCGCTTGTTCGCACGCCACGTGAATCAATACGAACAAACGGCCAGCCGTAGTCTCCGTACCAACGTATCAAACAGTTAGTGCATGTTGGATTTGCCTCCCCGGCAGTCCCGACGCGACTGCACGGGATATGAGCGTTACGGGCACCTAGGAACTGAAGCATTCCGTTACAGAGTATTTCGTCAACAGACTTGTCCGCTCTCCCGGCACGCCCGTTTAACATCGCATGCCCCTTGTTTGCAGCTTAGAGGATTTAACCGCCTCTGATCCACTCCATCAGAGCTAGTAACCTGTCATCCATGAACGAGACCCGTCGTCATTTCGAAACTACAAAGGCAAGTCAACGTACGATGGAGAACCCTACAAAGTCCCGCGTGCCGTCAGGGGTCTAGGACCGACTAGGAGGGCAAGCCCCGATGTAGGGTTTCTGCAAAAGGGGTGATTTCCGTGGGGTTTCTTGGATCAGAAAGACATGGCGGGCACCTATGATTAACGGTGACTTGTAACCTGTGAAAGGTTGTGTCTATTTGTATCCATCAGGCGATTAAGCGATGCCAACGGGAACGGGCTTGGCTAACTCCCGAATACCGAAAGGATGCTGAATCTTCGAAGCTCGTACGGTGACGCATTACAGGATTAAACGCGTGTTCAGAACCGATGAAAGAGATGGCTTCCACATAGTGTTTTTGGTGCCACCCATGGGTGTTTGTGGCTCTCTAACCCGTACTAGTGCGATCAAATAGTTCACATTCAACGTCCGTCTGAATCGGGTACTTTTTTCTCCTGCAGTTGCACTCAGTAATAAATGCAAAGACCACTGCCGGTATGCTAGCAGTCCCCACCCCTTTCCGAAGGTCGCCGTCCTTCACCGGGGGCCAAGTACGAATCCCTTAGAAGATCCTGGGAGATATAGCCAGTCGTGACTGGACTTGTGATGGTCAAGGCCTAAATAATTTATCGCCTTTATAATTGGCCTTCGTCTTCCGGTATCATCCACTCCAGGGAGAGATACTTCGCAACGCCCCTTCCGGAAGGAGCCACTGTGGTTGATGTCTGGACCGACTAGCATTTCTCATGTAGTGGCTTCGTCCCCCTTCGATCATTTA,1392,50.5,Drosophila melanogaster
SEQ_846430,TTGCCGGAGTGTGCTCTACTATACCAAGGCGAACCCAGTCAAGGCTAACCTATAGCGACTTAAGCGCGGTTATAATCGTCTCTCGCGTAGGACTACTACCGTGGGTGACGCCTACTAATCCATAGCAGCCCCCATTTAATCGTATTGTTTGTGTTGTCGACAATTTCTACTCATACCCCGCACTACCCTAAATACAAAAGTTCGACAGGGGTCCGAAGGTCCAGCCACAAGTATGGTGTCACCTGGCACCCTAGTTTCTAGACAAGACATATCATGGGGTTATGACAGGATGTGACCGTGGACGCAGACTGAATGTGGCGCTTGCGTTTGTTGGCCCGGGTAATACAACGATACCAACGCAAGAGACGTTGTCTTCATTCATGCCGTACTCCATGCTTTGGATGGAGTCAGCTACTAACGCCACATAGTCATCCAGTAATATCTTTCCCGGACCGTACTTAACTAGATCGCGGGACTGCAGTTACCAGGTTGTTAAGACTGTAGTCGATCTTCCGTGAACACTAATACGGGCCCTGAGCTGTAGGGCTCAATACCGAGTCTTTTATTAACCGGAATCGTAACATCTAGTTAACCGCGGTAAGAGCCCATACCCGAAAGCCGCGTGAACGGATATGCCCGTGTCTGCCGCCGATTCATCACCCCAAGCCTAGTATACGAACATCTGCTAAATAACCCTAAGTCCGGTCTCCTGGCGCGCGTACTGTGTTCAGCACACTGTTCTATCGACTCACGGTATTGACATGAGCCCACCAGGGATGGCCGGAGAAGCATCGTACGCCGCCTCCTGGGGATAGACAACCGTAATTATATTACATTTCGTACTTTACGAGTGGTAAGGGTGTCCAAGTCTACCAGTACCCCCCCTCGGCCGTAATAGTACTCGGATGGTGTGATAAAGCACTAATACCTTCATGTCGTAAACACTAGCTCGGCTTACCTAGCTGTCATATTGGACAGCGGCTCGACTTAAGATCAGCGAATAGGTGCCACCGCTCCAGTGCGACCGGCGCAGTGGCTCCCGGAGAGGGAACTCGTGCTTCCCCGAGTTTCCACACGGGGTGCCCGCTCCGTTCTTAGTGACACTCCGTTCTCGTCCTCGCCGGTTGTTCTCCAAGTGACCGCGTTGCTCCCACAATTAGAAGACGTGTTCCCCCAGACCGGTTACCTTAGGTTGAAGTCACATCCGGGCCCTTGGCTGCCTAGAGGTAGCTATGCCTTTTTTCTTAATACCATTGCATGCCACAGATTCCGTTCAAACTCCACTTATGATCGACCGTAAAGCAAAGCTACACGCTCGTGTTGGGCTGACTATACAATAGGGCCAGGCCTCTCCCAGGTCTCTTATCACATGGGACTGGGCGTTACGCCCCCTTATCCACTATACTGAACTACGATCTAGTGAGACGTCCCTTCAGCGCGGTAGGTAGATTCACCTGGTCTCTCGGTACGGTGTATCCAGAACGAACGGGGGCTTCGAAGATCTCGGAATTCGAACAATCCAACGACAGGCGCAAATGGTATTGGCCTTTGTCAAACCACACTAGGCCCCTTAATTTTGAAGCGGATGTACACCAATGCTGACGTGCCACACCTGGCGTTAGGATCAGTTCTCCGAACCGGTCTCCTCGGATTCGTGAATATAGTTTCGTACGTAAGTCGATCTACATGAGTAGCGCCAGCATGGCGTGAAAACAGCACGATTCAGCGTGGACCTTGTCGGGGCT,1745,51.58,Arabidopsis thaliana
SEQ_452265,AAAACCGTCGTTAGATGAAAGTGGATATGGCGTTAGACTAACATTTGTTTACAATCTTACGAGCGTACAGGGGGACCTTGCCGAGATTGCTTAGGGCCAGCTGGTGAATCACTAGGGGCTGCGATCCCTTTGACCCCCGAAAGGCCCTGGGATCAACCCGTAGTGTTATGCATCTAAATCCAGTTTGGTCGTAGAAGATGGCCGGATATCAACTAGCGCATGGGCGCCCGCCGGGCCGGTTGATATTATGTGCGGCCATCCGATATACGCAATGTTAAGTCTGCTGTCTCTCCGCTAGGCACTGATCGGTACTCAAAGCCCGGAGATGAGGCCAGTTGAGCTAGGTAGCTAGTCTCAGGACGACTAAGATAACTTCCGCCAAGCTGCGGGTCAGAGTATG,400,52.25,Saccharomyces cerevisiae
SEQ_692561,GATAGCTGTTAAATCAGGCTTGGTTACTGCACTTCACGGGATTCAGAGGATCGGACGTGTACAAAGTGCTTGAAGCAATAATGCTCGCTCAATCGGTGTAAGATAAAAGGACTTGTGTTAATAGGTGACCATTGTTGCGCCCTACGCGCCAATCATTACCCACCCTGAAATCTTGGTCCACGGGTTTGCAACTGATACGAGTTGTTAGTCGACGCTACTTTGCCTCGCTGGCGCCAGGGTAATATGGTTGCACGTATATCACCATGCAGGTCATCACGCCACCTAAGCCTACGGAGGTCCTTGTGCAGTTCATAATACACGAGTGTGCTGGTGGCGATACCAGCTCGGCCACTGAGTAAATTACTCAGTCTGCGGTCTCTCAACAGCTGTAAAGAGACGGTTTCTTTGTCAATTTAACTTAAGCCGTCGGGGGTACTTATAGCCAGAACTCGAACGTGGCTTGGTAGAGGGTCATTGCTAATTGCTTTGATGGACACTCATATCAGATGCCCCGAAGAGCACGCCAATCGCGTACTGCCTGAAAGGGGACAATGGGGCAACGCATCCTACAATTTGACTTGTGACGGCCCATATTAACTCAGACACAGCAAACCTATGGTATGTCTTTTGCACGTATCTGTAACGGTTAAGAGGATAAAGCACCGTCTCTCCGTACCTCGTTAGCGGTGACTAATTTCCCAATCCTCTTAGCGGGCATCAACTGCCTCGCGTTCTTAGTGTGGGATCAACGTTATCTTTCGCAAAGTAGAGCGTAGTGGATGCGAGTAATTGACGAAAAAGTGGGTGCAGCGTAATCGATTCGGAAACAAAAGGACTTTACGTGGCGCG,849,48.53,Escherichia coli
SEQ_653804,GAACATATCTTTCTATTCAATCCGCCGTCCTAATGGCGGAAGGACTTCCAGCGGTGGCACATTCGTTCGTAAACATGCCAATAGAACTTGGCCGGGTGATGTTACGTACTGAGTGGCGATTCCAAACAAGGCGATGTAATCTCCTCACTATCCGAGATAAGGAGTCCATGTTTATACGATAACTTTCTGAGCGGTTGGTACTTCCACACATGTCACAGCGAGGTCTTTTCAGCAATTCGATAAATCGCGTCACCGTCCTAAGGTGGCAATAGGTGGGCCATAACATAACAGTAGCAAGTGCCGTCTCCTTGCCCGCGCTGAATACTAGCAGCGCCCGGTGATTACT,346,48.84,Escherichia coli
SEQ_106209,CTTTCCAAGCACCTATAATTACACGACTGTTTTGGGCTGGAAACCTCTTCACGGGACCTACAGGTATAATGAACCTGAGATGGAGAGGACCTGGTTCCAACCAAATTGTTCCATGTTAATTAAACGCGTCAACCGGTAGCCGCCGACTAATGGTTTAGAATGCAAGAAAAGTTCCTCCTTATTGTGTATGTATTGTGCTATCATTCTACCTAGGGCATGTTACCTCTCACAGAGCCGCAAATACTGGAGTGGCGTCCGCTAACAGAAAAGGCTAAAAATTTATAAACGCCTCTTGCACCCATTGCGCATACTAGCTCGCTTTTTTTCGCACATCGATCAATGGTAAGGAGAGGCAGCCTCCCCGGTATTAGAAAAGTAACTTATACATTCGTGCTACGTAAGGTGTTTGCCGTTCAGGTGCTACTCTCGAGTGAGTCATTGCCGTGTGCTACGTCGCGGCCCGTAGCCTTGTCACACAGCAAGGCTTGAGAAAGTAGCTCTAAGGCTCTATTCCGACTACTGCGTACGGGAATTTTGGTGAATCAACCAGAGCGGTTGACTAAAATCGATAAACATTCGTCATTGCACTAGCAATCGCTGTATGCAGCTTAATTCCCGGGGGTACTGTACTTAACTTATGGTTGGGTTCCCACAAAGGTTCGCTAGCCTCAAAACCGGTGATCAACGGGATCCGAAGGCCAGAATTAGCAGGTTCGCAATAGCTTGGGACCTCTCGTGAAAGCCACGCACGCGGTTAGTACGAGGACGTATTAGGTGCGCTGCCGCTCAATTTTGCTATTCGGCACATCTAGTCCGACGGTTGGTCCGTGGTCTAACTTGCCAGCTGGAATTTCACGTTGCACGTGTCGAAGCTCTTACTGAACGGGATCCGCATCGATGACCTGATACTTGGCCGGGTAGACAATAGTGCATTACCCACGCACCAGCCGCTGAGGAATGGAGTTAGAGGCGCCATTCGTTGCTCGAATACTACGTATCCTGAATAACATTTTACCTTTGTGTGCCAATTCCGAACCTTGTAAGGCGTATAGAAGGTAGTGGGATCCCAGCGAGTCTAGCATTCTCCACATTC,1093,48.4,Saccharomyces cerevisiae
SEQ_404803,GAGTTCAGGCAACTGATAAAAACAAGAATTTATCCTCAACTACCCGTTTCAATAAGCATATTTCCCCTCTTGCATACGGGGCATCGCGGGTTGGGCTGCTGGAGTTTCCGTAGCTAGCCTCGAGACATGGACCATTACTGACCGTCGAGATCTTGCATTAAACCCGCGGAGAACCGGGCCTTCGACCAAGAACTTAGCAAGTGGGCTTCGTTTCAGATCGAAGACCCTTCCCGTTCACCGGTTGTTACAGATTATTGAGCGAGCGACCAAGAGCCACCCCCGTGAAGCGATTAGCTTATCTTAGATTACGCTCAATTCGGTCTCGCCGCGTAGCCAGTCCCTCCGACCAGCGCCAGCGGATGTGTAAGAGCTGACTCCACTTCAAATACGACTGGATACCATACTTTCGTCTCCACAAACCCCTCCCTAATAGCACGCTCCATGGACCGTCACGCCCGAGCTTTGTGAACCCAGTTACACATGTGAATTGAGAAGTCTTCTTCGAGTGGCCGAGAGGCTAGTGGCGTATAACGCCCGGTGAGTCTGCCGTGTGATATGTTATAATCGTTGTTATGCTCCCGGTCCGATCTCGCGTCTAGCCTCTTCTATGCTGAAAATTGTCATGCGTTGCCACGTCAATGCTCGTGTCGGTGAACAGAGTTGATTCTTCACGTCTCGTTCTCCGGAGCTAGATACCAGTTTGGGGTCACAGCACGAAAGTATGTTATCAAGCTGGCCAGGCGCGCACTTACTCAGGTGGTGTCTGGGCCTAGTCATGGCTCGTCGTGAATTCCTTGGGTTCCAACTGTCTGTCACTGTGTCGAAGCCTCGTGGTAAGGAAGCACGTCACTAGGAACCCCTTTCTAATTTATGTCGGACTCAATGGGATTGGGTTAATTCGGGGAAGCCGTCCAAGCTCTGGGTGGAGATTGGGAACGT,939,51.76,Mus musculus
SEQ_954499,ACAGCTCAGCGTCGTTGGTTAATTTGGGCACTTCTGACCCTGCCTTATTACCAGTGCCATAGGCCCTTGACACGCAGTCACGACTCTCGATTGCTGTTCCAGGTGCTTGAGTTGTCTCTCGATGTTTTTACTATTCGTAATATTGATGAGTTGGGCCGACAAAAGCTGACTTCACCCTTACCCACAGCTCTTACTACGATCAAGCTCAAGTCTGTGCATGTTTCGAACGATTCAAAAGTCCAACCAAATGCTGCAAACTGCTACCAGGGAGAGGTGAAGGATTACGCCCCCCTGGCGGCTGGATGGTGTGGCCTTCCTTGAGACCCAACAGAGATGTGAACCTAGTCAGATATCACAATACAACTGTCACGACCTTAGGTATAGTCCACTAGAGTGCTCAATACCCAGTAGGATTCTATCATTAAACATGAATCGTCTTACGCTAGTCGACTAAACGGAAATAGGCCCCCTGACGCGATTGGGATCTTTTGGTTCCTAGAGTAGGCGGTCTTGCTCCACGTTACATTAATGCACAGTATGTTGATTCACGAATCCATAAGAGGTCACAGTCAACTGGCGGTATAGCCCGGGGGTCAAAAGAAGTGG,606,48.02,Escherichia coli
SEQ_436316,TACAGCAAGGTAGTCGTCACGGCCGTAAGGATATACGTCATATCGGGAAGTGCATATGGCGACGGCGTTCCCAACTCTATGGCGCATAAGTTGGCGCGGAGGAAAACTTGGGCGCCGACGAGGTACTATCGTATTGCGATCGC,143,54.55,Mus musculus
SEQ_989361,CACCATGCTTTGCGCGGAATGAACCCATAACGGAGTAGTCCTATGTAATGACCTCGCAATTACAGATCTAGACGCGACGCAGACAGCGATTAACCTTACGGTAGCATCGCAAGCACGAGTCCTCATAGTTGTCTCGGCATCAGCAGAATTACCGATACAGCCGGTTATAGGCCTGTGTGGCCGCCGCTCCTGCGACACCTAGTTTGGCATGCCGAGTTCCGCTTTGTTGGCACGAGTCGTTAAGTCCAATGACCTCTCCCCCCACGCAAATTGGAATAAGAACTAGGGGCTTTAAATGAAAAAATGGTCGATGAAAAGCGATTGCGCCAGGACCAACTGTCTCACGGGATCTCCAGAATTGTGCTATGGTCAGTCCGCTGTTATGGAAAACGCATTGCAACGAATAAGGAACCACCTTATAGAACTTCGAAGAGACAAGAAGCTGATCTCCAGCGCAGAGGACAATCTCATTGTACTGGACCCAAACAGACTTATATAGAACAGGATCGCCATTGGCTGGCCAAATGCGCAATTTCATATACAGCCGCAAAATAGTATTAAGTACCAGCGTCTCTCCTGCCTTACGGCGTTCTAGACGGCCCGATGGGAATTTGCGTGGACTCCCCTACGGGGAATCGTATTAATTGAGGTCGAAAACGAAAGACATATATCTACCCAAGTGGTTCCCCAGGCATCTGCAACCGGCGTCATCGGGCGCAGCGTACCGGAAAACTACTAATATGTGTTACGAAGTGCGTCCGTCTGTGGCCAAATTATATTTGGCGACGCAAGACTCACTACGCGGCTCTGGTGTTTGGTTAGCAGGACATGATGGGGCCCAAGACACTATAAGTTCATTCCCCCGGTCGTCTACTGCAACACCGGCCGATGCGAGTGGTCCCGTCACGCTGTTGATTAACTAGCATCACACGCGATCGAAAGGGTGACTACTTACGCTTTGCTCACGGTATCGGGAATCACTACTGCTTCGGCGTACGCCTAGCAGATTCTTGACACATCTCAGCCTCAGACACTTTCTCGAAATTTCCATTTGCCAAACGAATTGCTAAGAAGCCGCTGTTCAAACTATACTGGGTCCTAGCGGATAGAATGGACTCATCCGCTAGAAAGCTCCCCTCATGAACTAGCGGGCTCCATCCGACGGCGGGTGGTTGACCGGGACCACGATCAGATTATCGGCGAGATCACCTCAAAGCTCACACACTATTGGAAATGACGTCCACACATAACCTTAAGAGACCCTAGCACGAATGGAAAAAAGTACAAAACTGCACAAATCGACCTTGTGTAGGTTCTCGGTCGTCGCAGCCCATCGGGCACTAAATGCACGTTGCAAGGGATTCCGTCCCCCACAGCCCGTAGCTTCAGG,1390,50.58,Caenorhabditis elegans
SEQ_351004,CTATTCTTTAAATTCTCACAAAAGCGTACCTTGGTGTCACTAACAGACTGTTTTCGTCTTGCTCTTTCAGTATCGCACCATCCTGCGCGCACCATTGTTTGAGAGTCGATTGTTTATATTAAACATTCCTCTCGTGTAGGCTGCATAACACGGAAAAGTGTGTGTATGGGTCGCAGAGTTAATCCAACGACCCTAACTTCATCCAACGTACAGACGTGCCAACAACACGAAATCTTACTACCGAGCCCATGTATCATAGTCAGCAGATGCTTTTCTTTGGTTGCCCGTTTGAACCGTCACCCCCGAGGGAACTCGTGCGGTTTATAGCGCAGTAGGTCGTGCAATGCAGGATCTGGACCGATTCTTGCTTCGGGGTTTCTGTTACGCTCTGCGTATGAATAGGCGGTTGTATTGCGATCTTGTTGTGACGCATATTCCTAAGGCAAACCACTCCTCAGCGAAGCTGCGGTAATGGGCCTAGGTCATTTTCCCGTAAACCTCGTCGGACGACAGATTGAACGGTTTCTTTCATGCAATTAATTCCCTCTCGTGAGCGTCATTCGAAAACGGTCTTTTGCTTAATGGCTCCGACCTACACATGCATAGCACAACCTAGGTCGAAGGGCATCAGCTATCAGAGCCGTTCTCATTGCGCCCTGTGAGGATGCTAACAAGCATATGCAAGGCGACCTTGTATCTTCTGCAACGAAGGGAGGACTTGACTTAATCAGCCGTTCCACAAAGCTGAACCTCTTCCATGCGTGGGTGATATCGGGGTACCGGGCTACTAAGCGCGGAAGTCAGATAAGAAACCTCGGCAGCAAGTTTCTGAACCGGTGCCGTAGAATCTGCAACGTATGGCAAACCAGCCAATCTGCGAGCTAATACAAGCTTGGACCCCAATCGTCCAATCCTCAATGCTTTGGCCGACGATGCTATTCTTGCTCCAATTTCCGCTCCAAAAAGGTCCCATGCCTGTCTTAATCTTAGTTTATGATTGATGTTGTCTATCCGGCAGCTCCACAAAAAGAGGAGAAGCGCATCGCTTTGATGGAAAGTTCCTGCTCCTTACCACAGCCGATACAGAGATACTTAGACCAGCTGACACCGTTCAGGAATGGGCGATGTTCTCTGGGAATTAGCGATACTCTCTGTATCGTTCTTACCATTCCCCGGTTCTTGATTTCAGCTTAGGTGCAGAGCTCTTACATCTTTGCGTTCTTCGACGCGCGTAGTCGGTCAGAGCAGAACCAATCATACCGCTACTGATCAAAAATCTAGCGATCGCTCCTTGATCCGCTATTCCAATTCCAGCGATAACTTCTGTTGTAGAAGACTAGAACCGATTTTCGCTGCCAAGTCGTCGACCTCATCGCGCTAAGTACATCCTAGTCTTTTGGACAGGAGTGACTCATACCCGCATAGACCTCTCTACGTAGTGTTCCCTGTTTACAGGATAATTGCGATGGTCTGATCTCGGTGTAAGCTTCACTAATCTGTCCTATGTGCTTACAAGCCCACTGCCCGAACCCCGTTGCTCAGTATTGGAAGATGCTGGAAGTGGGGTATGAGCCTTCCGACCGATTGAGTACCGTCGGGTGTCCTTGGCAGACGAAAAGAGTCCTCCCTTTGCCCTGAATGGACTGAGACTTCTGCCAAAATTCAGCCTCTAGCCGTGGATGTATGTGACCACGGATGCCCTTC,1704,48.83,Caenorhabditis elegans
SEQ_941813,ATTGAGTCCTATGCCAGACGTCGTGCTGACTCTTTCAAAAGCACGCCGGATCACGGTTCGGGCGGTGGGTAGGCCCGACTCCCCCTCAAGTATGAACCTTGGATGTGTGGGGCGAGCGAAATATTTTGGGGAGACGCAGGGTGGCGGCAATTTGATAAATTAAGTCGTATGACTCATACTCAATACTCACGGGTTTCTAACATACCCATAGGGCTAAAATAACGGGCTAACCCACTGTACAAGAGTTGTTAACCTAAGCGACCCGATCGGTTATGTGAAAAGAGGCTCAGGGCGCATCTGGGGTCTCAACGTGAAAGAGCCTTGCGAGTCTGAGCCGTGGCTTTTTACTACCCGGCGCCTTTCCCCGGCTTAAACGGCCTGCGGATACCATGATCGCTCACGACTCCCGGGAGGCCTACGGCGCACTGACAACGTCCGGATATACTAAGGAAACCCGCTAAAACAGATTGCGTCTAACGACCGGGAGCCGCAGACTGTACCAATCGACGCTGTCTACCCAATACTTTCGTTTTACTGTTTCCCGGCGCTGAATTCAGCACCTAGTTAATAGAAAACAACACTCTAGAATGACTCGACGGTCGTGGGACAGTCGCCTCACTACCTGCAGTTATGCACAGATGTAGGACGTCCAGGAGGAAGTATTTACTATTTCTAGTGAGCGTTAATAAAGACGATCGAAGGTAAACACTATTTTCTATCGGCTTAAGCAGTTGCTGCTGTACTGGAACCCTGGAACATCTTTTGGTGAGGTGGTGCCCCTAATGGCAAAGTTTGCCCGTGCAGGCAGAGTTGTACTGAACGTGGAGCCGTACGCTCAAGACAGGCCGGCTAGCATCAGTAGATGGGATGAATTACTTCCATTCCTCAATGCGCACCCAGTATGTATGCTTGTGTTTTTCCTATCCTGATGAGGATCCTGGCTTCCACGGAGTACCTTCTTAACCGGCAAGGCGGAATAAACTGTTCTCTTCATCCCGGATTCAATCGATTGCAGTCCCAGGTACAATCGGCCCCGAGACGAAATAGCTCACGGTGTACGAATAACGGGTCGGAACGAGCGCGCGATATTATCTTGCACGCCAGACACCAACCTTAGCTGTCCTACTTCCTATGGAAAATGCTTCAGGAGATGAAGGCAATCATGCATGGTGAACAGAATGAGGGTGCTCCGAGCTGACAAGACACACAACTGCCCTGTCAGGAACTGTACTTCATCAGTCCGAGTATCTAATCCGTTCCAACCCC,1266,50.71,Homo sapiens
SEQ_570527,TATATTAAGCGACAGCCCCGTCTAGACCAAGCTGCGAAACGCACACTCTTAGCTTGTGCAGCGCAAGTTCTGGCGTCCAGAATCACACCCAGCAAATGCAAGGTTCGAACCGGTCAGTGTGATTGTTGTATAGCCGTATCGGGTCCAAGCACACCTTGGGATAACCTAATTAAAGAGCGAAAACGAGTATCTGGTACCATCACAACGGGACAGAAA,216,49.07,Homo sapiens
SEQ_705319,TAATTTTCCGTGCAGTTCATGAAACTTTGCCCTTATCTGTGGGTCAGCCGAGAGCGAAATGAAAAAAATTCCGATCATTCGCCGCGCCTATAGGCGGCTGTAACGGCTGTGAGGATGAAGACCTATCCATGTCGTGCTGAGGTTGAAGGTTCCCGCAGTGTTCAGGTCCCCAGACGAGATGGATGCCCCGAACCTTACACTCGCTTCAGTCTCCGTCACCCATGAGAGGAGTTCAACCTCTCCGGTCAGGGCGTTCCACTCACAGTGCCGCGTGTCCCAAAGTATCCAGCTAGGAGTGCCGTCGTAGCGCTGATCCCAATCGGCAGAGGATAAGCCTAGTGATAATAGAAATCGCGTCGAGGGTTCAGCATAAGGCGTTGTGAGTTTTAATTGTCTAGCGCCATATTGATTCTTAGCGACCAAGTATGAGCTTGATCCTGAACGAGCTCCACTTTGTCCATAAAGCCGACAACGTTAAAACCTCTAGTTTCGAGGAGCTTCCCACGAGACTGGCGTCAAAAAGAGCCAAAAAGGTTCAAATCTCTGAATTAGTACATTATAAGGTTAACGCGGGAGTCATGAAAAGAACGCGTTTTGATTAAATGACGTCGCACGAGTCCGCACTACATAATTTTGGGGTGCGAGCCAAGGGCCTTCGAAGCCGCGACTCGTCGCCTTCTAATACTGTCGGAGTAGCGTTGCGCGATCACGGTGCGCCGCTGGGGCTGTCTATTCTCCTAATTGTTCTTCTGAACGCCGAGGATGTCCCATCCAGTCTGAGCCTGGAGACGCGAGTGACGGTTCCCAGGGACAAGTGCATTCCGCGCGTAGGTCGTATCTTGCGATTCTGCATTTTCCCCGTCATCTCCCCCAGATTTCTGGTCTGACGTAGTTTGGAGGAGTAAGTCGTTGCGAACCATCTGGCGACGGAGCATGCCACTTAACGCTGAATGCCCCACCGCTGAGTTATTGCGTTCCCTCTCAAGACTTCGAATGGACATATTTAGAATAAATAAGATGGAGATTGTATAAAGATTATTATGACTCTGGTCATATGCCTGCCGAAGCGCGGACTGCTGATCGTCTGCATCCTTCGTCGAGGCCTCACAGATACTATGGTGTTATACACATAACGCACCATGAGGTCTTACGTAAAGATTGGAACTTAATAGACGCGTTGGGATCACGATGTCATCCTAGGGAATTGCCTCACGTGGCATAGCCTTAACTTGAGATTCGTTTTCTCACCTTGAGACTGGTAGTGTGAGAAGTAAAGATCGAGGTGAAGGTAGAGGTTGGGAATAGGTGTAAACAGGTTAAACCAAATTATACAACAAAAGCTTAAAACAAGTGAGTTGTTTAGACTACTAAGTTGGGTGATGTT,1384,48.77,Escherichia coli
SEQ_603652,GGCTCTCTGAACGGCTGGGGGCACTACTGATAAGGAGCCCTGCGAAGTAGCACCCTGAATCCCGGACAGACTTGGGAATATCCTGCAAGCCTTTTCCTTCAATGACCTTCGC,112,55.36,Saccharomyces cerevisiae
SEQ_544778,GACAGCGCTCTAACACCGGCCGCAGATTAGGGAGCTAGGTCCGTCGGTGTGCGGCCCGCGCAACCCATGTCAGCTCCCCAACTATATCAGTCGCAGCTATTTGATCACTGTAGTGCAGGGCAGGCCGAAAGGAGTGTACCTGCACGCCAGGCCCCAATTCGTTAGTGCTGAGTGTAATTCGATCGCTCCGTCAGATCCAACTCAGTGGCGCACATTCCAGCGCCCGTTAGGGTAGCTTGCAAGAAGCAATTACGTATAGGGCTCGTTTGGTATTAACAGAGCTTACGCAGAGGGACCCGACCTCGGTTTCACGCGCATAGGTCCAGTGCGGCACATTTTATCGAAGTACCATAAGAGTCCAATCCGTCAGCTAACCCGTCGGGGGAAATCAAAGTACCCTTTAATTTCGAAGCACGGCGACCAAAAGGGTCGAAACTAACAACGGCGAACCCGATTGCGGGGCGAGTTTTCTGGTATTAGGTCAAACCCAGACGATCTTTCATGTGACACTGCCAGTTTTGGCAGACAATTAGCAACAAGTTCCAAGGGGTCAATCGGGGGGTGCTCCAAGCTTCGAGTCCATTACCTTGTAGAAGGACAGACACAAGGAGACATCTTCTTCTGGGCGTAGCGAGCACTATACGCATCCATAATGCGCAAGCTACAAGAAAAAGATTAGTGTCAGTCGGACACCCTACGATCACATCTCGTAAACGTAGCTCCAACTTCGGTTCCTCGTAGTTAAATGTATGTTACCCGAGTCTCGCTCTCCGCATTCTGTCTCCAGGCGTGAGCGTGTGACTATTAACAAGGAGGCGCTACCGCGCTGCTGGTGGAAGGACGAGGTAGTGTCCATTTCCGTGACCCGGAGCATTTAGTCGCTAGAGAGTCTGACGACCCTTAGGACCAGTTGGACAACTCTCGATTCGCGATCAACTCCCCACACGTATGAAGCTTAAATGCTCTACGTTACTGGTTGCACGTGTGAC,989,52.28,Homo sapiens
SEQ_557358,ATCTGCTGCAGATTGTTTAACTTAGTCCCTTCCGACAGGGCGTAATCTAGATCTGCTTTCGTCGTGACTCCCCACATGTTGGGCCGAATGTGAACCCCGATATGACCGAGCCCTGCTAGGAGCAGGGCATGATAAGCTGCCTACAGGGTTTCGCTTCTTATGCTAGTATACCGCCAGCGCTGAAGTCGAAGTAGACCTTCTCGACCTGCCCACTGGTAAATAGAATGAAGTCTTCTTACGTAGTTCTTAACTTCAGCTTGTCCCACTACCCTGTGTCCAGTGCCAGACCAACCAAGACAAACGATGGATTGAGGCGGTGTTCTTTTTCTACTTTATATCACTTACCCTTCCGTCGTGAAGTCATGGGGGGCGTACATTGCGATGCGTTATAGGTTGGTGAAGATCCTCCGTAAGAAGCGTGTCAAACGCTAGCTTTGGCCACCCCCCAGTGTATAGGCAAGCTATAATTACCTTGAGGCTTGCAAACCTCCAAGGGGTATCTTTCATGTTTGTGACTTTAGGGTTCCAGCCTCGGGTCACACCACATCGTTATGTTGATAGCCACAACGGGGTTGTGGTATTTAAGCCTGGGCAGCCCAGACAGTGAACCTGGCACCAGCGATAGGAACCTCTTTTATAATCAGACGAACGTCCGTGGATACGTTGCAAGTGTTCATTATATTTTCTAGTGTACATGAAAGTCTTCCCTGCTAGAAACACTTGAACTACGGAGAATTGCCCACTTGTTTATGATGTGGGAATCAGCACGGAATGTCTGAAGCTCGCCGGCCTGGAACTACTTATGTCATGCTACAAGTTCACAAAGCTTTCGCTAGAAGTTCTCAGGGCGCGAGGCCGTCTCTTGTTGGTTATCTTGTGGCCGAGTTTCAGCTCTTGCCCAACGACTATAGCGTAGATGATGCACTGCGTTGAGTTTTCTTAGAGACTGGACATATTATATCGACTGAGATTCGTTCCATTAGACAGCTACGGCTTTAAAGTCACCGGAGCAACCACGAAGCCCGTGCCCAAGCGGGCTTTAGCTGACGCGTAGTTGATTCTTCTACAAAGTATCAAATTGAACCCTGAATCACAGTGTTGGTTATAACCGGTACGCTGTAATAATGCAGGAGGTATTCGGTGGATAGGTGTGAGGACCAATCATAGGGATCGTGGGGCACCAATTCGACGCGACGAACACA,1202,48.42,Drosophila melanogaster
SEQ_976572,AAGCATCTGGTCCACGTATCGCGGCTGCGTGCGTGATGACGTAGATAGCTTTTCGGAGGTAAGCATGTAAAAAATTGGGCGGGAGGTAGGTGCTCCCCCGCCTTCTGAGTGCCGTGAGGTCTCCCCCAGGATGTTTCCTAATCCGAAATATGTATCAAGAGTCCTTCATACAGATCTGATTAATCTCCAGATCCCAGTGGGGCAAAGTTCACGGCCGGCGTAGTCATATATTTACGTACGATATGCTTCTGCTATCAGTTGGAACACAACGATCTTATTTTACGACACGATGCGTTGAGCCTAAGGCAGAACCTGGCAATTGCAATTCACACTAAACGGGTAAATTACTTAATGCAGGGCGGTTGACGTAGGGGTGCAATTCCGAAGAGGCGCCCCTGAGCCGTATATCGCTCTCAAAGACCAAGGCGCGTCATCAAGAATCTCATACCCTCTCAGTGCTACGCACCCCTCTCAATGTCCATAGCTCGCGTCAAAGAGGTTGCCGGTCGAGCGCCGCATCGTAACAAACGACGAGCCGACGAATTCGACGAGACTAGATTAGGAATCACTAATTAGTATTTCCAAAGCTGCAGTGGATCCGTGGTGCCAATAAGGTAATACCTATTTAAGCGGCGCATGACGGGTCCAGGACAACTAGGCTGATGAGACGCAGCATAATTCAGGGCGCGGGTCCGCGTGCGTAAGAAGAAGGGATTAAAAAGCGGTTTCCCCAGCGTCCGCGACCGTAGTAAATGTCAGCAAATGGCATGAAATTCGTGCGCGGAAACATCGTGCTTTCGGAACTAGCCTGACGGCCACCCCTCACTGCGACTACCCAAAACAGGGCACGTCACCAAACAAATATCAACGTTTGACAGGGGCCAATTGGCATTAAGCCGAAACTTTTGATCCCTCAAGAGGGATCTTATGGTGCCATCCAGTGATAGCTCATTGAGCTCGATTTGATTGAATCATGGACCCGTGTCGTTTTCCATGCCAAGCCAGGGCAGGGAAATCAACACTGTGATACGGCAGAGACAGGCTGTAATACCAAATAGGCCCAATCGCAGTATCACAGTTCCATCCCCCCTGCGAGCGGCAGTGCTTTGTTGGGAGCGCCTAAGCTCGCCTCCACAGTTTCATACTTTGTCGGTATTCTGTCGATAAGGGGGAGGAAGGTGCCAACCCCGAGCTTACATGAAGCTCAACCGTACATTTTCAAGAACGGGATGAGGATTGTCATCTACCGTGCAACGTCTTGACTGTTGAAATTAACTCCTAAGCGAAATCGCGCGAGCGGTCGAAATAGAATCTTTAGTTATCGTAGGAACGGCTCGTACCGAGATGCGCAGCTGATGTATGTCTAGCCCTTTTAACCTAAAACGCCCGCTAGCCTCCAATGACACCATCTCCCAACCGAATATGCGGGTGTCATGAAAAAAATACCTTTAACACAAGCAGCAGAAAGGTACATAACAGCTTCACAGACGCCGAAACGTGGGAGATAATATCAAAAAAGCGTACGC,1526,49.87,Escherichia coli
SEQ_493221,GCGTCAATCGGCGACCGGGGGAGGCTACTGGATGATGTAGTGGATTTACAATAGTAGTATTGCTTATGACCAGTTAGTGAACCCCGCTTACGCGTAACTGATGGTCCATACAGCTAGCTGCACCGTATGCGAGAGTCTCTGATGGCAGGGTGGGGGCCGTGTATACTGAGGGGAGTCTTGAGGTGTACACCTACTATGGCGCTGTCCGATATCGTGCACTAGGGAACAGAGGGATGGCTAGGCCAGATACACACTGCCATTGGGTGTGGCTATGAGGAAGAGATATTGATGTACGTCTTAAACGGGACCGAGTTCAAAAGTGGACCATACTCTGTACCCCAATGTATGCTCTCCCGACTTTTAGCTCGGGAACAGTTAGACAGCACAGCTTAGGGTAGCCGATCCCTCACAGAGCCTTACAGCGATCGCCGCGACAATGGTTAGAACGAATTGCCTGGCAAACGTATCAAACCGAGCCGTGAGTCCCACCTTCGCGCGAGGTCCTGTAGAGGTCGAAGTCATGCTCAGCCTGGATAGTGCACAGCGGGTGTTGTGTCAGCAAGGACGCGCCTAGGTTTATCCGTTTCCACGGAAGTCGCTACGGACATCTGGCTCGCATATATACTTTGGCGTCACAATCGCGCGCGCTCATGGGCTCGTAATCTGGTCGCTCGCTGGAACTCCTGCCAGAAAAATCTGCCCTCAGCTCATTTTAATACCCTTCATCGCGGTACTCTGGGCTAGCAGGCTCGGGGGGCGTTCTACCGACAACTCTCGACGCGGCCCACGTTCGCCGCACGATGATGCCCCGACTGTAAGGGGAGGTACACAGGGACGAAGGCCAGTGGAGCAGGCTTCTCCTTTCCCCGAGGATCAGGGGAACCACCTTCAGATGATAGAGTCTTAAATGAGCCACCGGTCAGAACTGCAGCCGCATTTTAGTCTTGTTTTTGTCCGGTCCATTTTATGTTCCATTACTTCATGGTCGGGCGGCGACCCGGCGCCGCACCTTTTGGTTACATCGTGGACCATTTGATAACAGTGTCTTGATAGTCCGTAAGTCAACCACCCAAAACACAATGTCCTTATACCCCGAGCTGACTTGTAATTGTTTCATGGGTTACCGAGTTGTAAGTATGCTCTCATATTGCCAAGTAAGTACTTTCATAATTTGCCCCCTTTGGCCGCCTGTGCGAGTTAAGTCTCCCACACAATGCCCCCATAGCCGGGAAACATCCTGACACGGAGGGGTTAGAGGGATGCTGCCTGACAGCACTTCAGCCGATTTTCAGATGGCCTATTTGCAAGTAAATCCATTGCCCAATTTGTTCGGGCAAGGATGGACGTTAGGGATAGCTTTGAACACTCCAGCTGGAATTGTGGCGATGACCCTTAGGTCAAGAAACTAAGCTCATGACTCATTTACTGGATCAGGCAAAACGCTCTGCTCCCCTAGGTA,1459,52.36,Saccharomyces cerevisiae
SEQ_770671,GACTGCAGACCCAACCGGACACCTCGTTATGGCGCCGAGCGTCCATCATCCTGAT,55,60.0,Arabidopsis thaliana
SEQ_834226,GTGACCTCGGCGAGAGGGCCCTTACATTCAATTGATTTCCCTACGCTCCGGTCTAATGCTTGCGATCCTAGGATATATTCTAACACATCCTCGTCTCCGCCCACTTCGCCATGAACAAATGCCTGTTCTGGACGGAGCACCCTACGCTTGACCGTGCTTACTTATCTCATTGCCAGACCTAACATGTCACGATTTTATGAACCATTACTTAACTGCTGCTGTTGATTTAATGTCGCGTGTGGGTAGCTGCTTTCGGCGGTTCAAAAAGGGTATGGTTCAGCACTTTTAAATAATTAGTGTCTCAAGGCGGTGGCTGCGGAGGAGAAAAATTTAAGGTGAGCAGCAAGCGGTGGGGTAACCTCCTGTCTATGCGCCAGCATGTCCTGTGGGACCACACAGCACTTCAGTGCCACCGCCATACATCATCTAACGGGTTGAGTAAACCCAGTAGCCCAAGAGTGGGCAAAGATACCAGAGTAGTAGCATCCGACCCTAATAACACTTGAGGATCATAGTTCGTGTTATATAGTCATCACCAGTATCAGGGCAAGACATCAGTTGTGTGCCCACGTTTGATCGCCTTGAAATCGAGCTAGCATTATCAGAGATCATTGGCAATCATCGTGGACCCTGCGCACCACAAATTATGAATTAGGTAGACGCCTATTCTATGAATCGAGGCGGGGGAAGCTCGGGGAAATAGCTGAATAATACTCCCAGGGGGGACTTTCAAGCTGCCGATGCAGCGTAGCGCCATTGGTACCGGCAGAAATATAACGCTAAGATCGTGCGGTAGAAATTTGAGCACGAAAAGCGAAACAGGATTGCGCGGTTCAGTCTTGATTGGACAACCTCGAGCACTATTGTAGATGTCAGCGTTCGCAGCAACCAACGCCCACGTGCAAGCTTACGCTAGATGCGAGCACCTATAACTAGCCAAAGAAGTGTCACACCTAGGGCGTTACCTCGCTCCGCGAGGAAGCAAACATAATTGACGGAAAAAAATCATACTGAGCCAAATGGTGCTTTGTATGGCTCCTCCGCTGGCTAATGATCTCCCAAACCAAGAGAGCGCTTTTCTTTGGCTAAGAGCCCTGTCATCATGGGTTCGAGTCTGGTTAGGTTAGCTACACGACGGGTTGGGTCGACCTGTTTAGGGAGTCGTGCCCGGTTAAAGAAAGTCCAGGGTCGGGCTTGTGGACCATAACAGTGCCACCTACCTCGTTGGTAGCAAGGTCCGCCACAGGTAGTGCGCTGCATGTTCTGTGGCATCTGGCGGGCATGTATACAACGTTCTGCCTACTAATCCGGGGAAGAACACTATAAACACAGTTTGCACAAAGAGTTCCCAGCGCGCCACGTTCCGGTACGCTATCCCTACGGGTGTTCTCGCCTTGCCCAAGTGCTCACAGGCGCCGTCCTCTGGTGGCTCCGTGGTGATTGGTACGAGCCTACCAACGATCCATCTTCACACCGCCTCCGCGGTTCGTGTGCGTTTGAGCGGCTTCGACCTGCGGTTGTTACAAGTTCGTAGCCATACGGCGGCCGTGTATAACGATGGGCTCTAGCTAAGGGGTATAGATTCTAGTATTCGATCGTTCGCGGTAAAA,1610,50.99,Drosophila melanogaster
SEQ_566198,TCGTATTGAGTTATCGCAGAAGAGCCGGGTAGTATTACTGAAAGAAAGCCATATACCCCCGTGACTAAATTAACTCACCCACGCCCGCAACGAAGGGCCCACTCTCCGTAACCGTTCCTTTATATAGGGAATAACCACCGTTTGATCCTACGAGACGTCCTTACTCTGCCAGTTGGGGTGGCTAAATTATGGCTGTAAAGGTAAAAAAGTTCTTTGTACGCCCCAGCGGATGTATGACGGGAATTTTAAAGGGGTAGGATATATATAATAACCCGTTTTGGTTGATAACGAATATCTAACCGGACTAGGATGTTTACTGCGAACTGGCTTTCGTGATACAGTGCCTGACCTTTGGTGTTGTCCTTCTTTTCAAGCGAAATACAAGGTCGGGTCAAGTGTACTCTGAATTCCGCTGAAAGAAAAGCGGTGTAGTAATACTATTCACTTCACATCGAACTGTGTAAATACGACCAAATTCCGTGTTCCGCAATCGAGGGCAATATTGATCAAACCCAACGGCGTGCTGAAGATGCCCAGTCAATTCTCCTTTGAGCTCGTACCGAAGCCTTCGAACGGCCACCGACCCCGACATTGCGCATGTGGTACGAGGTGCACGAGGATTTGGCACCATCATTATCGAATGCCTATGAGCAATGTCAAATCAACCTTGGGTTCCCCTAGTCGAGCACCTCCAAGACCATATGGCCGAAGTAGCCGTATTCAAAATACGAAAGCAACGTCAACTAGTGCTCTGTATCACGGCGCAGCGGATGGGGGGGGAGATAATCTCCCGGGGTTAAACTGTATGCCTGATCAAGCTCTCGCCTCTATATACGCCATAGAACTGTCGGCAGTGGTTAGATTCATCCGCTCGATGCCCCATAGGTAATCAGAGCCCCATACATTTCCCGGAATATATTAAACACATCTCTTTAAAAGCTCGATAGCCTTCTAATCGCTTACCGATGTCCCGGTAGTGCCTACCAGTTCGAACTGGTGATGCGAGGCACTTGTAGGACGAAATACCAGGTTAAGTGTAGATGTCAATCTGCGCGTTCGATCGCGCGAGTCCGGTCGTCCGACCTAAATGACATCCGAAATAAAAAAGCCATCACCTGCGCCGACCTTGAACTGACCTAAGTGGTCAGGCTGGCTTCCCAAGAAACGCGAGAGACTTACGGTTTGGTCCAAGAAGGGATCCGTTTAGGTGAGGAGTGTTTCTAAAACTCGGGTGGGATTATCTTCTCGTCCGACTGGAGACGGTGAGTGGTATTTCGGTGAAATATAGCGAAATTTCACGGGGGTGAAGGACGTTTCGTACTTACCTTTAAACCCGCGTGGTAACGCTCTAAATGTATAGAACCCTGCATAGTCCGGCTGATTGACAAGCTGGCTCGGAGGGGCAATATTATAGTACACAGCGAACCAAACCTGAT,1436,48.05,Arabidopsis thaliana
SEQ_344375,ATCAGAGCCGATACAAATTGCCATAGAACCCCCTGCATTATTCACGTAGAATCCCCGAACCTACCCTGATCGGTCTAAGGATGTGTGGTATCTAACCAGGGGCAGTACCCAACTAACACGTCAGGTTTTAGAAATTTATCTCAGGCGGTAGTACCAAGTCGTTCCGCATTCCGTAAGTCGACGGTGACTAACCCAGAGTACTAGCCTACGGTTTAATATTAAGCTCGGTGAATCTAAAATCCGTGAGCCTAATAGCCACCAAGCGGGCGTATGTACAGCGATATTTACCTCCTGGCGTCACGGAGCAAGTTCTGAACTGTTACGAACAAGGTGCCGAGAGTCCCCCGTTAG,351,48.72,Arabidopsis thaliana
SEQ_726390,ATCGCGGTCTTATTACTTAGCGTGGCTATGGAACACCATGAAGGATGGCGACTGGGTCCGAGGGCTGGCGATTCTCGTTGATACCTACGTATTGTTGCCAGGCCCGCAGAATTTCTTCGTAACCCAAGCAAAGAGAGAAACAGATTGCCCAGACCTGCATCAGCCGCAACCAGCTCCAGCGCGGATGTAGAGAGCATGTTCAGCACTTTGGGCCTCTGCTAGCCTCAATTCAATCGCGGTGGTTCGGATACACTGCGTCCGGCTTATCGTTAATGGCATCGCTAGACTTCGCACTACGTCGCGCCACAATCCATGTCTTCCTTAATTCTATCTCTTGTACTGGTGTTAATGTGGGTGCTACGTGCCACTTCGCATCTCTATGCAGACGTTGGTGTCGTGCGCGGGCTGGAAAAAGTTGAGAAAGTTTACTTCGTTCCCCAAACACTAACGCCAAGTCACGCTGTCCTAACAATAAATTCCTGACACTAGTGATCAATAAGCATCTTGAAAGGGAGCCTCAACACGGACAAATTCCTTTGGCTGTCCGGGAGCCCTTTCGTTAGATCCCAATCTTGAAGGGTTACATTCACGCATGTTACGCCACCGTTAGTCGCGCCTGTGAGCACCTCTACCTCAAGCACGGCTGCAAATGGGGGGAAGCGGACGAGCTTGTATTTACCTTGATCTGCACTGGTTCCATAGCAGGTTAGTCCACCACTTCGCCCATTTGTGTCTCGAGAATGATAATGTAGCAACCGACGTTAAGATTTAATTACCTTTGGGAGCTGAGGGTAGAGAACCTTATCGGCCCCGACAGGGTATCCGCGTAGCGTTAGTAGTAGAAGTACTTACATGAGCAAGAAACTCGTTTGAGCTACTCATCAAGTATTACTTTTAGACCCATTATTAGAGAGG,915,49.4,Homo sapiens
SEQ_847774,TCTCACTTTTGGTCACCGGCTCGATCGAACACCACAGTCTAGTCGGGGGACATACAGTACATGAGACCTGAAACCAGAGCAATCTTCCTACGCTTTGCCCCCCTGCGAGTGGAGCTCCCCGACTAACATCCACGCTACCACGTTTCTTGCACAAAATATGCATCACCCTCAAATGATGGAAACCATGCCTCATTAGAATTCATTCGCCGGCAAGGATGATCGGCG,225,51.56,Mus musculus
SEQ_774135,TAGGGCTGACGTATCATGTCGTGTTCTATCAGCCGCCTCCCCGTCAGTTTAATGCCCTTAATTGTTTCCTTAACGGAAATATAATGGGCAGAGCACAAGAGTCCGGCCTATCGTGGCCATGGTGGTATCCGCTTGATTTGTATGTAAGTGTATAAGAGATCGGGCCCGGAAGAGGCACCTGCAGGCGGGTATCTTTTAGCTGAATTCACTCTGGCTCTCTGCAGCTTAGTTGCATCTTAAGGTACCACCCCTTGTGGTTGGTGGGACCCTAAAGATCTTTAGACCCTTACCACGTGAACTATCTCCTCGGACGCCCGGAGTACACTTTGACAGCAGTGACAAGCCTTGTTTCTTGACATTAATAGTCGTAAAAGGAGAAGGCACCATGGGGTGGAAGTGAACCCCCCTTAGCGTAGGATGCGAATCTACTTTAAAGCACCAGTTCGATCTCCTTCCGGGCTTTATTTCAAATTGGCAGCTGTGGTTCACCATGGTACTTGAGTATGACGGCTGAGCCAGACCGCCTCTGTTCGAGTGTATAGAGGCAATCCACGTTACGACCAGAGCCACTCGGCTCCCGTTGACCCCAGCTGAGAGATTTTCTGGGGAACATACAGGGATACGGCTGTACAGTTGTGATGACAACCCCACTCCAACTGATTAGCCAAGAGGATACACTAATCTCCACAGGGGTTGTATGGCGTGCACTAAATTATCCTCGCGAGGGAAAAAATCATGGAAATTTCGCAGTGATTGCACCAAACATAAGCAGGCAGTCTTCCGGACCGTAGCTCCCCAGGCCTCAGATATAAGGATCCGTTATTATGTCTCTGGTACCCCACATGCACTTCGGGAAAAAGATTGAAGTGGGAGCTGGGGTCTATCAACTCCCTTCCGCCGGGCGTGCTTGAGCAGGCAGATCATCAGCACAAGTGTAACAGCATCGAAAGTAATCTTGCTCTTATCAGTGCACTTGACCCGACCTATTGCCCAACACGCCCTATTAAATTTTAGTGGAAGTTTGGGACATCCATCGGAAGCGTTTCCCGCGGTAGATCAGAGAGCTCTACAAGAGCGGGCGTAGCCCAATTAAATGGGATACCATATGAATCCTGAGTGTCCCCTCCCCGGGGCCCTTACCGCTATAACAACGCTTACTAGAACCGAACACGCGTGAAGGATACGCCTTCCGGGAGTACCGAAGTTAAACGCATCACAGATACGGGCAGTGTTGGTATGGGTAGGGCCCAAAAGCGAAGAGGGACAAGCAGGCACCATGATTCAAACCATAGTGCTAGGTGGATTTGACCGTACGAACTCGGTTCGTGGCGTACTCTCACTTTGGTGGATTATTTTGTGACGGGCCCCTGTATAACCTAAGTAATGGTAGTCTGATTCTACTCTAACAGATTGGTTGCTTCAGGTCCCACGACGAGAGACGTGCGTAGACGCCCACAGCCCGGTGAGGAAGTCGTATCGGAGGCTCATGTCGACGGGGTACTCTCTACGTATAACTCAGGGTGGATGCTCAGCGAACTGTTACTATGTCGCGGGTTTAATAGCTGGAAGGTACCGACGCCTTTACTGAGGAAACCTGACTGCCGGCTCACAAGTCGGGCCATGTTTCGAGAGAAGGACTCCTTGAGCTCGTGCGTTACTTAATTTCTCGGGATGGTCTAAAACCAGCGACTAGCGTGCGAATCTCGATCCTCCCACCTGGTGACACAAACGACACTTCACGAATAACATTGTCCTTGCTTCGCTGCCTCTCAGTCATATACGACCACATTGGATTACATGCATGTTATAGTGTATGACAAGTGAAACACA,1830,50.22,Homo sapiens
SEQ_708447,ATGTCGCCGCTGCATCCTCTAGAGACGATGAGATATTTGAACGCGCACCCTAATTCGGTATTAGGTGACCGACCCAGGCGTTCCGATGGAAGGAGTCCCATAATCGTGCCTGCATTGCGCCAGGAATTCAGGCTAACATGTTTGTTCAATCCAAACCTCCCGCTCACGACGGGTAAAGTGCATCATATAGACACGCTGACCATCAGCTCTAAGCTGAAGGTTGAGGGAAGCCGTCCTGTCGGGTGATAGCCGCAGCACCCCCTTG,265,53.58,Saccharomyces cerevisiae
SEQ_635876,GAAGTACTAAAGACTCTACAACCCCTTACGCACCGTTATCGCCCTCAACATGTTTTACGTCGCCAGGCACGCAGATCACGTGCGACAACCACAGAGATAAAAGACTCCAGACCAGACAAGTGCTTAAAAACTCTGGTTCAAAACATATCGGTGTAGATATCGGATACACTAGACGCATACTGCAGGACCTTTCCACTTCCTGACCCGGAAACTCCTATATAACAGTGCAGCGCGAATCTAGACTTACTAACAGGCAATCGGTACATACTTACGTCCGTCCCTCACAACGAAATTGACGGGCGCCGAAGGAGTAGTGAGCGCAGTAGATCTTACAACACTATAATTCACGACGCCAGCAGATTTAATCAGCGCGTCCGTTGCTAAGGAGCGCACTGTATTACGATAACATAATACCGTTCCCTAGGGTATGCGCTGCGATCACGTGCTCCCCCTGCAAACCAATCAAGAAATGTAACGACTTAGCGAGACGATTTATCTACGTGGAATAGTAGCCGTAAGTGAATAGCCTTGAGCTAACACACCGTGGCATACATCGTCAAGTAACTCGCCTAGAAAAACCTAAGGCGGATATCCCGCTTAATCATTATCTCAGCCACGCTTCGCGTACGAGTTGCACATAGAAATAACCGTCAGCGATATCGACTGAATCGCCGACAGGACTGTTCACCATATAAGTTTGCACATGAGGACGGGTGACTGAGCGACGGTTTTAATATCCGTAAAAGTCCACTGGAGGAGAACCAAATAGCACAATAACAGCCTCTTTTGTAAGGTTCGTTGTCCTCCGATCTCACCCTAGCCATGCGCGTTACTACCCGAGGCTTAACGGGACCATTACTGTCCGT,866,47.81,Arabidopsis thaliana
SEQ_537906,CACACCACCGTACAGGGAATCCTAGTTGCTTTCCGTAAGACTTGTCACCTAGTTGGGATGCGAGCGGGAAATGGCGTGCCCAATTCGTGCACAGTCCATGGCTCAAATCACTACGGTTTTTTGGATCTGCTGGTCTACAACTCATTTCAAGCGCCTGACTACAAGTACAGGGCAGAGCCTCAGATCTGATAGGGTATACAACGACAACCTCCGACGCTAGATTCTCGTTATAGCTACGCCTATCTGTAGTTGTATCCTACAGCCCGGTACTAAGCTCCCCCCTGTCTTACAGCAACCTTGGTATAACGAACTCCATTACTTGGCGCATTCCAAAAATGCGGATACAAGAAGCATGAAGCACGTCGAAGCAGGACTTGGCTAGATTACATTTGACCGCTCAGATTGGCAAAGGCACTGGCCCAGCGGTTTCAAACCGTATTCCTGAGATGGTCCGAGTAGTAACGATGAGCTATCTTGATCTAATCCTTAAACTTTTATCTAATGAACGTAGTTGTCGTTCGAATTTGAGAGTGCCGTCTCCCATAGCTTCTACGTAAACTAATTCCGGCTCACCCAACCCTCGGGTGTACATGCTGTACCAGGGGTGCTTTACAAAGGTGTGAGTTAGGTCCACGTCTTCGAGTTGATCCCGCTTCCTGTGTATCCGAACTGGGGTAGTTTGCCTAGTGATTAGCTATTAGAACCTAAGTGCCAACACCATGGTCAGGGGGCCAATGAAGTTGAAGCTTGAAAGTGATACCAAGCGGCCCTTACTTTTTGATTGCGGGATTGAGTATCGAGCAAAGTTATAAGTGTCACGATGAAGTGACCGTGCGCCATATTTGCCAACGCGAGAGGGAACCATTATTCGTTCCTAGTTACGTCTTACCCCCTAACGCAAAATTATTCCAACAGAGTGTACTGTCTCGCCTCACACACATACCCAGAATGCTGTAAACGTACCAGGTGTGGAACAACTGATGCTCTGTGTGTGAGGCTTACCACTCAGCGCTTACGATGTGAGTGGTAGTCACTGCATGGACTGTTATATCTGTCTATACCGAAGAATATCTGATATTGACGTACCGCATATAGACATCCAATCGGCACGGTGCAAGCGGGTGTGAATCGCTCCGTGTGACACCCGCCCTACGGCTCAAGGCTATTGCCCATTGTTCCGACCTCAACGTATCGCTGACTGTATCTACAAGATATCAGTCTTTTTTGTGTTCTGTAAAAGAGGACGGTTGTTTCGCAAGTGGTATCAACGAGTTTTGGATTCGGGTATTTTTATTTAACTAGCTCTTGAACTGCTGCCCCCAACTAATCCCAACCCGAGACATAACTTGTGGCTTCGGCTGACCATGTGGGCCCACGATTTATGACCGATACCCCCTGACCGCGGGGAGTACTAACTTTCTTCGGTGATGTGGACACGCCCCCGGTGTGCCGTTCCTTGAAACAACGACTAAGCGCTGAAACGAGTGCAAATGAGCGGGGTCATCAGCTCAGGCGACTCCCTGATTGAAATACCTGATGACGGACACCACGTCGTCAAACAAGCAAATTAAACCGCGCTTCTAGTTTAATAATAGGTTAGCTGCGGGCTAGATGTACAGGGACTGCCAGAACTAGCGTAGGCGACGAACTACGCGCGAAGCAACGTAGGGCTCAGCATATTCCAATGCCGAACCTTGAAACCCGCGAGTTTTCGATGTTGAAATTCGGGAGTGATACCTTTGCTAATATAAAGAACCTGTATCTTCGGAGTGCCACATATATTGCGGGCGTATGCCTCTCCGGACCTAAATTTTGTGCATCCCCATAGCGTTTCGTATCGCAAGAGACTCCCATGGTTCGGGTCTGTATAGAGCTTTCTGAGGTTTCGGATAGAGGAATAGCGTATACAGTTTTTGGTGGGCGAAAACAATGACTAG,1937,48.32,Homo sapiens
SEQ_438117,TACGTTCAGCAGGTGAGCATTCTTCGTGCCATGTACTTCTCGGTACTGACCAGGAAGACGTGGACCAGTCATGTTACAGACTTCTCTACCTCCTCCCCCGCGTCTTATTGTCGTCAGATTGTACTACTCCGCGCAGGATTTCCAGGTACTGAGACTTCAGAGACAGAAATGACACTTCCACATTCCTTCTCTAAAAGATGTTAGTCTAATAGCCACATACTGCCTAGGATTTCTGGTCCGCCATCAGTCTAATCAGCACCGTCGGGAAAAGAATCCGTAGGAGGCAGTTCATAACGTTGCCTTTGGATGTCGCTCATTGGCTCATATGGTTACGCCGTATCGTATTGCGATCTATGCATGACTCTCAAGGTTCTTTCGGCAGACCGAGTATTTGTGCTAATAAATCGAGCTAGCACTCTTAATGCAGTGATGATTCGTTCCCAACTCGTCTTTCTCGTAGGTATAGCCGGCTATTGGTTATCGATGCAGGAAAAATTACGGTCTGCATACTTGACGCGCGCATGACTGTAGTCCAGCTAGTCTTTCTCGTTGATAAGTGTACATCGGCATTGGTCAGTCTAAGGGTCCGGTCAAATGCCTGTCTGAGAATCTGGTATTCGCACACGGTGAGATAGCATCTCAGGCAGGTCACATGCCTAGATTACTACCCGGGCAGTTATTATACGCACAGATAGTCAGTCAAGTCACCTGTGCCGGATACGGCGATCTACTATGGACAATACTCGTGAACATCCTCCGGCCAACGGGTTACTTAAGATAAGGACCGGCTCCGTTTAGTTTAGCAAAGCAGCTGTATCGACTCGTTTACCCGAGGACACTAGGTGTATTCGTAGGCCAGAAC,862,48.03,Arabidopsis thaliana
SEQ_125779,TATCAATGCCTAGTGTCTTAGTTTGAAATGACCTAAGAATAGACAGCTAACTTCGTGGGCCGACAGTGACGTACTGATCCACGATGTCCGGCGTTGACCTGCGTAACTATGCACGAATGCACCTGAAGATGTCCGAGTATCGAGGCTAGTAAAACGCTTTCTCAGACGCGTTATGGTTTATTAGGTTTACCTATATTACCTTTGAATGTGGTAGCGCGTTCGACACTAACTACTAGATCCCTATCGACCAATACCCGCCCCGTTCCGCCCTGCCGCCGGTCTCCATGCGCGGGCTCGCTCCCAATCCAGAAGTACAACTATCTCTATCCGCCGAAAGGAAAAATCTCCTTAACTTTACTCTTGTTTTAGTTTCATTGAAAGCGTGCGCATACGGACGAGGTAATCTGGTGGCCATCTTGAATGATAGGGAAGTGGAGGAGACGAATCGATTACTTTTGTGATTAACAGAGGGGCCCGCTTTCGGTGATCAGGTCTAAATGTCACCTCGATTCCCTTGGCAAAGGCTGCAACTGGTTGGCTGTGGAGAAAAAGATCCGGCCATCAGCCCTCGTATTGCTCGCTAATGGCGCAGTTCCAAACCTAACAATATCTACGAGCATTACACCTTCTCGGTAGGAATGTCTACCTCAAGAATAGATGGTGAGCATATTCGCCTGTTGAACCACCCGAAGTCCAAGTATTTCTTGAATCTTACGCCGAAGAGCAGGGCGAACCCTACGTATTAAGCATGGCGAGAAATCGCAACATGTACGCAGGATGTCTATAAGTCAGTCGCGGCACCAGATAAACAACTTCATATGTTTTATACGCCGCCCATGCGTGTTAGGGGCCAAGCTTGTTCAATGAAACTCGGGACGACTTGCAATTCAACGTACGTCAACCGAAAACTTTGCCAGAAAGTCGATACCCTGGTTCTACTGGTACTTCGTTGTGCTAACAACACGTGGATTGCAGTACGGATGCATAAGCATCTGCGTGATCGCTGCTCTCCATGCTTTCGTCATGCAGAACCACACGAGGGATATTTAAGGGAAATTTACAACCCCTACGCCAATCCGGGTCGAACTTATCTCTCACTCTTCAACGCAGGAGGTCCAGCGAAATGTTTAGTACCTCGCCATTAGGGCAGACGGGTTAAATTCTAAGGTTCGTGAGCTCAATGCGACAATGCTTCGTATAAGGGTTGTACCGACTGAACAGCAGGTCCTTGACTTTGGTTCGTGTGGTTTGATTTGCGACGTGCCGCAGCCTCATATGACTACCCGTACATAGGCTAATTAATGGCGCTAAGCCGATGCAAGAAAGCACCGGCCGATCAGGTAAACCT,1348,48.29,Escherichia coli
SEQ_625754,CGAGGAAGTGACGTGTCGACTCCCTATGTAGCAAAGATTTATGTGACTCCCGTTGCGGAGAACTGGAATCGAAGGGGACCCCTCGGGCCATAGAAAGATCCTGGTGTCAACACCAGTAGCGAGGGACTCCTAATGTAAAATACAAGGAAAGGTAAATAGAGAAAGAATAGCAAGTCTCGAGCATGTGGTCTGTAGTCCCGTATTTGTACACCTATCCCCAATCCACACAAAAAGTTAGGCCTGACGACCGAATACCAA,258,47.67,Drosophila melanogaster
SEQ_131189,TGCTTCAATAAAAGTGAGATTGACCGATCCTGCCCGTAGTTAAAAAACTTAAGATCAGTGGCACTTATCTTCTTAAAGTTTAAGGGGGCTGATGCACTGAATCGGCCGGTCCAGGAATGCCGCTCGATGTGCCTATATCTGGCTAATAACGATACTATTCTATTAAGCTCGATAACTAGCCACATGGAATCGTTGGTTCGACATACGATGCCCAGTTGCACGTTCGCTGTGAGAGTCCGTTACTTTGCAACCAGAAAGTTGCTTCTGGTCCCGTCTACATTGGGCTGAGGTCAGAAGCTCAAAAAATAATCGGGTGAGTGAACCATGATACGCCATACGTATGTTCGGCGAATTTGGGCAGATCTTTGGATATTGAATGTCGTCTATGCGACCACGAAGTCCCCCCTGTTTAGAGTATGTGAGCTAATCGCCACAAAAAAGAGAACGTATTCGGACTCTCATGTCAAGGCTATGATTTGCTGGAACTCGCACTGGGCTAAGCATCCAATGTACTATAGAATTTACGGACGTTACCTCGTCTGGCTCCTCCCTTCAGGCGGCACATTCAACTCAGCGAGAGTCCAGTTTTACCAACGGTGTCAACCTCCGGTCCGAGCAGTCTTCACAATAATGGGGTTGACATCCAGGGCTAGGTGTGCCTCGTCAAGGCGAAGGCAGTGGCCAATAGCAATAGGTCTGGCAAACACCAGATCAGGTACCGCCGCGTTTGAATAATGGTCGG,742,48.11,Caenorhabditis elegans
SEQ_323341,CGGGCGGCTATCTCCGCCGGTGACGAGGGTGACAGTCGGTCGGCTATGCTTCGTCTTGTGCCAACAAACTCAGCGCACTTTGTGACAGAGTTTGTGCCCGATGCCGCAAATACTCAAAATCCAAAGCACTGGAAACTATGCACCACGGCTTTCCCCAGCTATAACAGCCGAAGGCCGATTCTTTCCTGTATGCCCCTAGTCACGCGGAATATTTTAACTCGTTAAACACTATCCGACGAAATACTTGTTTAGTCGGCTAGATGTTACCCAAAAACTAATCTTTGCTGCGTCAGCTGGATATGAAAGCCTGGAGTAACATATGCGAGCTATTTAGCTGGGGAGCCCCGTGGCTTGGTCCTTCCGGCCTTAGGTCGCTACACGAAAGACTGCCGAGTCACCCTTAATATTGTGGTATCGGATTCGTGTGGATCAATCCGCTCGTCGATCTGAGATTCCCTGATCCCCGCGGTGAATTAGGGCCGGGCATGTGTTCAGTTGCCAACTCCGCCCAGACCCTCGGGCGCTAGGGGGAGACAGCTAGTGCCTGCCAGTGTCGCATCGGTCGACACTGCTACTGTCGAATCATTTATCAGATCTGCGGAGAACCAATAGGATTTAAGGTCAGCACCTTGCGGACGCTCCGATATTCCTCTGATTACAATAACCTACTATGTCAGTACACGACTGTGTAAGTGAGGGCCGTGTAGAAATCACCTAAGTGGCGTGCCGTCGCTCCTTTCCCCCCGTCTTAAGATCGGGCGGGACCTTGCGCTGGAAACATGAAGAGTGGCCGCTATCGATATGGTGACCGGAGGGCGTGTCATAAAACTGTGGTTGATTGGACTCGATAGGCACAATTAAAGATAAACTGAACTAGGAGCCGTCGTCGCAGGCGACAAGGCGCGATGTCCAGCCTAGTAAGTGCAACTTCGTTCGACCCGATATGAGGCTGTGTGTGACTTGTGGAATCGAACAACGTCTCCTTTTATCGCATCGCAGCTGCAAGGCTCAGTCCGCTATATTGTTGCCTTCTGTTGTGTCCTCAGAGGGATGCAGTTCAAGGATCGTCGTAGGGTCATCATTACTTGCAGTGACTGTTCTACGCTCCGCCGGGGGTCGTCTCGGGTCCACTAGATATAGGCTACTATGAAAGTCGTTGTACATTAGGCACGCCCTGCGCCGGGGATGCGGCGTCACTTATACATATGCATTTTACTGTACTATTCCGACGGAATGGACCGTGGGCCGCCCGCCGATCGCAGCATTTCGATGACGCAGCAGTGATTCGGGGATTACAAGTCGCAATTTATAGAATAATCACGCAGTTCACAATGAACTACGAGCAGCTTCCCGCTTCGGAACATTTTATTGACGATGGGACCCAAGATAATAAAAAAGGTTCGTCTTGGTGACTCGCCGGGTTTGCCTGATAACTCCGCGAGTGCGGTCGATTGTTGGCGATCCCGCTGCGCTTGACCCTAGATGGACTGGAGACTAATCCAATATCGAGCGCAACCCGGAGGTGCGAGCGTAAGAACGGGAGCGCTACACAAAATACGTTATTTCTTCGCGAAGTGCGGGCTTAGTTTGTACGATCACTGGAATATGCTCGGGCCGAGTACATATTACTTGAGTTTGGTAACCCCGCTTATTCTGTGGTGAGATTACGCCTACTTCAAGCTGAGTCTAAGATCCAAGGAAAGCATTGAGTGTAGAAAACAAGGGCTACCAATGTTTTTAATTGTTAGCGGGAGAACACTTTATTCGGGAGTTGTACGTAAGCAAAGCATATGTAGGATACTGGCTCAGTGCTCTTACGACTACGCGGCGCAAA,1834,50.98,Arabidopsis thaliana
SEQ_183634,GTACCTGAGCTGCCGGCGAAGTCAATCACGACTATGGGAACTCCGAGAACGTATCTCTATCGCATCTTCCGAGACGTATGAAAATATTCTAGTGGTGTCCTTCGACAGACGAGTGGCGCGCCGGTCAGCGACTTCCGGTTGGCCGCGATCGTGCCTCACGTATAGGCCGCTATATTCCGCAGGTACTTCCATTCCCACGTGCAGCGAGAAGATGGCACATGATTTGGATGTAGTAGGGTCAGCTAGCGGCGTTCGTTTCGGACTTTACCGAATACGTCCTACCATAAGTCCGGAAGAGGGTCCCCCAGCCACTCACCGAAATACTGGCCAGACCACTCCGTTTATAACTGTCTGATCGGTATATCAGTACGCATTTCCAAACATGGAATTGTATTCAGCCGCGTGTAGAGGGTAGCAGTCGTTAAACAATTGGGGTGGAACCGTCTAAGCGTAGAGTCATGCTACAAATTAAGTCTAAGTACTACGGGCCTGAAGTGCAGGGGTCGCAAGCAAACTCCCGACTTACTTGGGACACATAGTCGTTGTCACGTTCCTAGCAGATTTGCAATTAACTCCAGAGTGGAATCATCTCGCTGCACTGGGGCCAAGTGTTCGGGAGTTGGTTCGTGTGCGCGCCTCTAACCTTTCGAACTCGGAGCTGGAACTACATGGTATGGATACTTTAAGGTTGTGAGGTAATAAGTCCCCCTTACTCTGGTTCACCACCTTAGTCTGGTGTAAACAACTTTATGTTATAAGCTGCTGATGATGAACTTCCCAATCTACGCAAACCGGCAAGATAGTTGGAGGGTCGAACCGAAATATAAACGATGATGACTGGTCGTCCGAGACTAGACAACCTCTCAGCATATGGCAAAACCTAACACTCTCAACCGCAGGACTTACGATCCTTGGCGGTGGTGACGTCTCCGAAGGTTAACTCTTGTTCAGTAGCAGTCTTTAGCGTACATTGCTATTGTGCGCTATGAGTAGTTAGTGCGAAGAAGTTGTCCTAGAACGAGACGCTAGGGCGCCTAAAAGTGGGGGCTCTCCTATGCGCTTGCCAGAATCGAAGTCACACACGAGCCCGGGGCGTTGGGCAGCGGTGGGTCCGGAAAAACGGTGATCTCTACCCTGTGTCTAACCTGATATCGCCAAAGTCCATACTATTTTAATAACCCGG,1183,50.3,Arabidopsis thaliana
SEQ_607114,GCAACCCTTCTCCGGGCTTGTTTTATCGCGCACGCATGCCTTTATAGGGTCAGAAACGTCAGACGACACAAGGAATCTATGTAGGGAGTGGACGGTCCGACCCGTATGATATAACGTAGGATTTCCTCGCGAGTCCTGATCACAATCGCGCGGAGGAGCAAAGCACCTCGCGAGCTCCAGCCAGACGGAATTACAATGAAGTGGTCATACATCTGGGCATGCGGGGGAACACGCTGATTCACCTGGAGTGCTTCCATATGCCCCCCTCGAGAGGGAAACGGGGCGTGTGAGGCCAGGGTTTCCGATCTGATTCCAATGAAATACCCTTCCATACACCACAGTTGCGTACCCTACTTCAGTGTACGGATAGATTGCTGTACGGTTGAGATACACTTGCCTAACCAGTATTGCGCCACGGTCACCAAGCAGGTGTAAGCCTGGACCCTCCGATTGCTTCGGGGGCTCGCCTAGGTGCGGCATGGAGCACGGCCCGTAGACGCCAGGGGCCGGCTCTAAGTTTAGGAACTGTAACTACGGTTCAGCTTGCGCTCTCCAGTATTCTGCATATGTAAGCATCAACTTGTACGCGATGTTTAGCTAGTGGATACACGATGGTAAGGGTGTAAAAAGGTGTGGCCGTCTAGGCAGACACTGGAGGCGGGTCATCTACGTTAGATTGTGATAGCCTCCCACACTAACGAGATGCAGATGACCGTTGCCGTAGCGACTGGTCGGTGAATTTTCTAGACAAATCCAGAGACCTATGCGAACGAGGCAGATCACACCTGGAGTTTACTCTGTAAACTTGTTGCGCAACCGCGTGGCCGGAGTTTTTCTACCTCGCTCAGAGTCAATGGACTCGGCGAAGGCAATGCACTAAGAAAAATGGCGGCATTCGCTTACCCTGGGTTGCGTTAAATTGATACGTTTGTCCTTATAAGGCTGCGCGCTATAAATGTTTGCTCGAGTAGAGAAGAGGACAACGAGACGATT,993,52.27,Escherichia coli
SEQ_856613,TGTGAAGACTGCCGCTCCGCCCAGCCTGCTGCCCGCTGGAAACGGCTGGTGTGTTTTGCCAATGTTAAATCCGTCGTCAGGTGAAGGCCCTCGCGGCCGAATACGACACAAAGGCTCAAAGGCGCACTGGGGCTCCCGAAAGATGTTGGACCCACAAGATTCTACTGGTTACCGATAGTGTCATCCTATGTCCTACATGGTTGGTAACGAATACTCTGAAATCCGAGCATCTGTCGATCTCGGGGAACTTACCCGCAGATCCATTCCTCTTGCCTAACTTTGAAGTGCTCCTCATCATGGCCACGAAGCGTATGACCACGATAGTGTTTTTCCGTTGGTGCAGCCATGGTCGACCAAATCGATTTACCAATAGCGTCACTTTGTGCGTCAGTTTATTCCCCGGTACGCAATGGCTCTTTCGGCTATCCACTTTTCGTTCCGGTGTTTTAGAGCCGAGTGTTCTACTATTACTAGTCCACACGAGAGAAATAGGGAGCAGATTAGTGACTTTCATCAGATGCCTGGGTTTGCGGTTCCGCTGAGGATCGCGATGATAATTTTCGACCCAACAGAACGATGTCGAAGGCTGTTAGCAGCTAGTGGTGCGGAGTAGTGGGGATGAGTGTGCAGCCGAAAGTCGGCCCAGTCGACTTGATAGCTGTAACTCGGGTTCTAGTGTCTTGAGGGGCGGGGTAAGGGACGTGTGCGCTGCAACACACTGACCGATCCGTCATAATAGGAGTCAACCAAGCCCTTCTCCGGAGAATTTGTCGACGACCAGTAAGCAGACACTTGCAATACCCCTTGGTCCCTGAGATTTAGTAGGGCACCCATTTAGGGTCTACACGCTGCTGATCGAGTCACACCTGCCTGCGAAAATTTATTCCCTAGCAGCTTGATTGCTAAGACACATTCTATCTGATTCTACAACGACCCGATCCACCACCTCTGCCGTAGATTACGCTAAGCACATCTTGTCCCTTCAGAAGACAAGTTGGCCTGGCTTATTGGGTAGGCTAGTGCCGGTCGGTCAGTAGGTATTAGCACCTGCGACGATATTTGTCGACCCCAAACTTCAATCCCTATTCCAAACAAACGGTGCGCACGCTGGACGTCATGACCGCGCGATCCTAAGAAAAAACTCTCGAGGTCGAGGTGCGCCACAATGTTTTCCCGTAGCAGACGGGTGGCACCCGCCTTCAGTCGATGTATTGACTCTTATTTCATGTATGTAACTTATCAGCGGGAGAAGCGATTACTTGGCAGGGCGTTGCGGCGTGAA,1282,51.48,Saccharomyces cerevisiae
SEQ_615981,TGTTGTAACACTGGGCGGGGTGTCCACTAATTAATTTATCGAAACGGACGTAGGTCTGGGCCGCTATGCAGTCGCGCCAGAAAAACCTTACTATGATGAAGTGAATGGAAATGCCCCCCAAGCCTTCCACAATACCGACAAGGTTTGTGGACTCTAAGAATACGCTGTATTTAAGATATACAAAACGGAGTAAAGACATCCGTTTATGAATCCCGCGCTCGGACTCCACGGCGGTCTGGGGTTCCCCACGTAAAGCTTCCGATTTAGTCGAGCCCTGACCAGTTACCCAAAATCATAGGCAAGCGCTTCCCAGGCAGTCCCGTCAATGGCAGCTAAGCCTTCCCTGACCTGCCTTGCGTTCGCTTGGGAGCACATTTACCGAGAGACATCTCCTATTTCGTGTCGAATTCTTTTCCCGTGTTAAACTGCAAGAAACCTGCTTTGGAGGTGACGACACAAACACTCAACCGCGACACTCCCGTAAAGGCGGATCACCATCTTCGTACATCCGCGGCTGTTGACCTGAAAGTGCGGCCCACCGTCCAGAGCGAGGCGCTAAGACCAAAGGGAGACGGCGTTCATCTATTTCAAAAGTGACAACCTGCGGAACAATTTTCACTTCCTACATGACAGGGCCTATTTACCACAGGGATAACAGTCGGTCATCACAATAAGCCACCGCTAATAATGTAGCCCGGTGGTTGCCCGTTTGCTGAAAGAGGTTCAGTAATACGTGTCGGGCCGCTCATTCTAGCGCAGTTGCTGACCGCTAGTAGGGCACATAAGGCCGGCCCAAGCGTATTGGGTTAGACCATCGTCCCCTGTAAGCTAATCTAAAAGTTTCCGAACCGCTGGTTGATAGGCCTGCTGATGCCGTTGCACATTGTAAAAGAAAGAGGTCCTGTAAAGATAATGCGACACACTTCCGCCTGCTCGATTGTGGCGTATTCGCGTGTGTCACTCAAATTCATGGAGATATGACTCGTCAAGATGGGCACTGCCCAATTCCACGATGTAACGGACCCGACTCCTCAGGAGCGGATATAACGTGGATATGCGTTACTCGGCTCGGTCAGCCGCTCCATACGGTACACAACCATGTCTCAAGAAACTGATAACTAGGCGTCAGGCACGTCAATGGCATTTTTCCGTCGGCCTAGCTACCAGACATGAGCATCGGGCGGTCAATCTCTTAGCTTGAGTGCACGAGCCAACTGATCCATAACGACAATTAAAGCCGGGAAAATTACGTATTCGGTGTGAATTCGTCCAGCCAAAACAGATCTAGTAGCCACCGGTTCTAAAGCGACACGGTCCCAGACCGTTTCAAACAAAGCTAGATGCTGTGGAACCTTGGTTTCAGAGACTAAGGGCCCCCGAGACTTCTGGAAGTAATGAATGCTATTCGATCAGTCAGCCACACACATGATACTCGAAGTTTAAATAATCTAGTACGAATTCGCAGGGCGACTACAGTTGCAGCCACCTTCTTACTGATTCCTACAAGTTCGAGTAGTAAGCGAGCTTTCTGTACGATCTAACTGTGGCTTATTAGAGACGTGTTTCAGAAAGTGGATGACGAAAGCTGTCTCTACGATAGGACTTCCGGCTGGC,1614,49.81,Drosophila melanogaster
SEQ_108859,TTAATTGATAGTCCGGGCGGAAGGCAAGGGTCATAAGCAGAGTGCAATGCCGCTTTTGACCTAGCCCAGGGATCCCTCTTTGGCTTCGCACGCGAACATATAAACACGACGACTGTCGACTCCCCAAGGTAGCGATGGGGCCGTGCAAGGCGCTTCCCTTTGACCGGGGGGCCCTCAACATGTCTGAATTCGCATGCCGAATGAATTGGAGTCACCCGTCAATATCATGCCTATAGTCGTGGCCTTAATATTCCGCTATACATTGTGTTGTATTCTGGAATCATATAGAGGGTATCTACGAAGGGCTAACCAGACCTGTGTACTAGTAAGTAAGCTTGTCTGTTACTCTACGCTGAGGTACTGGATCTAGCTTACCTCTTGTTGTCCCACCGGACATTCCACGCCACTCAACACCAGAGGCCCCACCCATGATATGTAGACCCCGCGTCACCAGCACAACCACGTGAGCCTTAGTATTTCGGACCGATATCATGGACTGTATACACAGAAGTAGAGAAGTCGTATCATACGAAGGTTATCCTGGCCGTGTGTGGTAAAGCCGTACCTTCTTTTCTAAGTAACTCCACCTTATTATACATTAAAGCGGCACAATTAGAAGGTTGCGCTGCGTGATTGCGTACAGCGCGGTGCGATGCCGATTGAATAGTACGGGATTGTTCGTTCTGCAAGCCCAAGACAGCGACGGACTAAGAGTTCGCGGTCTAGGGGGGAATTCCTATTGGTTCGTAGTCTAAGTATTGCCTGGTGGCCAGGGCTTCCATACCTATATTGTTGTTCATAACCAGTCCACTTGACGAGTCTTCATGGATATAGGGGAGAAGACTCGTAGCGTTTCTGCGGTAAGCCTATCTCTAGGGAGCCTTCGTTAAGTTTCATACTTTAGGTCACCATGTCAAATAAGCCGGGAGCAAAACTAAAGGCACGCTATCATTGGTTAGGTAGCTTTCCATATGCCGGCAATTTCACAGCGCCACACTAAATCAATACCTTTCGGAGCAGGTTTGTATGAACCTTGCCTCAGACGCGCCGGTCTCGCCCTGACGCACATCAAACAATTCGGATAAAGAGCGCGCAGTAGATGCCCTATCGCCGAATGAAACCATTCAGCAATTAAGCATGTGATTAGTGATTATACAACTCAGGGAGTACAAGCGAACGATGATCACTAAGAAACTGATCCGTCCATCGTGCTGCATGCAATGAGGTAGTGTCGTTTACCCTTCCAACCACGTGAAAAGTGACGCGGGAAACCAACGGCAGGTGATTAGTAGTGATAGTCTTATTTTATGGCTTAGAGCAAGCCTGTTATGACCGCGGACCAGGTCTTGTCGGGACCATCCCTCTTATGGCT,1372,48.91,Caenorhabditis elegans
SEQ_793406,TCTGTCACGATCTGTGGGCTTAGATGTGTAACGGGTGTTGAATACTATCTAAAGGACCTTGAAGCGCTCTAGAACAGTTAGCCATGCAAGTGTTGGTGCGGTGCGACCCAATTAGAGCGGCGTGACTGTTCATTTGACATGCTATCATTTGGGTGAAAGTTTAATGATTCGGGATACGCGCCCATTACCATTGATCCTGCCGAACAAGAATTATGTGTGGCATCTGCATAGCTAATCTGTCGTGCATGACTGAATCAATGAGTGCTAGTAGGCCCCGGCGCGTTTCCATCATCATGGCCTGTAAATCTCGCCGTTAGGAGGGGAATAAAACATT,334,47.01,Drosophila melanogaster
SEQ_629977,AACCGATCAGTAGTTATAGATCCTCCTATTCTAGACCGATGTGGATTCGGTCATTTTGATGATGTCCGAACATCCGAGCTTACTAGAGGGTGTACCATGAATCACGCATTGGACCGCCGCCTCGGATCCTTAGGCTGGACATATGGTTAGGAGGCACACTCGACTTGCGGATATACATATCGTGAGGTTATTTACTCCCCAGCATTAGCCTGATTCCTTTTTCACTCCCGGAGCGTTCGCTGAGACATGATTATAATTTTTTTATCTCCGTTGGATAAAGGCGGGACAGTGGACTCGCTAACTATGAGTCATGAAGAGTGAGCCGTGAAAAACGCATCTGTAAGCACTCGGGCTAGTTGCGGATAGCCCTGTCATATCCCACTTTATCTCTAAACTACTGCAGATGCGATTCACACTGTCCTTGCCCAGCGAGTTTGGGTGAGGCAGTTTCATTCCATCCAGATGCCGACATTGATCTTGAGTTGGATGGACATTGGACATACCCACTACACGTCGGCTAATTTCTCTTACTAACGGAGCTAGCTCGCGAGCCAGTAGGGACAGGGGACGACCAAGGCTAGCAGCGGTGGGGACCATAAATGTGCATACAGGGCCTAATTGGACCGTGTTTAACCGGAGGCATTGTTATTGCACTTGAGTAGGGAAAGGACCAAGTAGCGCTAACGCGGGATGAGGGCAAACTCCCTAAGCCGGATCTAACGCAGCTCACCTAAGCCCGCCAGTTACCGAGCACCATATCGGCTTAAGATATAATTCTGCACTTCCATGTAACCAACAAACTA,803,48.94,Drosophila melanogaster
SEQ_392762,ATAGAAGTGACTAAAGCAATAGCATCAGCGGGGATTACCCGTGGCCGAGGCACGATTGTGTGGGGGAAAGCCTTTTTGCGAGGAAAACTCGTCCGGAAGCAGCTACACAAAGGCGAAACGGCAGCAA,127,52.76,Mus musculus
SEQ_344700,ACCGGGCACTGAGACTTTGGAGACAAAAGGTACTCCGCACGATCCCTACCAACTAACCTCTTCTTAATGCGACCATTATTGCACTTACCGTCGTCTGATATGTTACGCTTCTATCTAATACGCAGGTCAGGGCCTGGCGCCGCCCTAAGCATAACACACTTGAGCTCGATTGGACAAGTGCGACAAGAAACATGGTTATACGCCATAGAAGCCAAGGCTCTGTTGGTGGGTTCGCAGGCTAACCCCGCTCTTATTATCCTAGGTCTGTGATTTTGCTGTGAATTCTCACCTGAGGTTA,298,48.99,Saccharomyces cerevisiae
SEQ_308174,TCGACGTCTATAAATTTTTCCATGTCCAGCACGCTATGTTGGCAAAGCCTGGAGAGCAAAGCCTGCAGGTAACTGAGCGGGGGT,84,51.19,Saccharomyces cerevisiae
SEQ_486485,TGAAATCCGAACCGGATACAGTAGTAGTAGTCCCCAACCCAGGGTCCATACATCACTGTAAGGGCTGAAGTTGGACGATGCGTCTCAGGGACGTCTACACATAAGAGGCCAGTGATCTCAGCGAACAAACGTTCGGAGCATTTTAATACACCGGAAATATATCCCGATCAGCCAATCGATTACCTTAAGAACTCTAGAGAGACTGGTGGTGAAGTTTTCTGTCCCATAGTATAGAACAAGCTTAAATGGGAGTGGTCTTATTCCACATACCTCTCTGGTACGGAGAGTTATTACCTCGGCTTCGGAAACGTGTTCTACACCGCAATTAATCGCATGTGCCCTAAGTGGTCTCGGTCTGTGCGCGTACCTGAGCACGCCTGAGTGAGAGAATTTCATCGGGGGCATGCCTGAGCGCAGGCTAGAGGGCCGATGTGGGCTGCGATCAAGAGCGTCACTCGATTTAAAACTACACGCCCTGTTATATCGGTGCTCACATACGGTCGATACCCCGTATATCCGCGCTCCGCACCGGATCCATTAGGACGCCGAGATCTTATTTTTCGTGATATATCTATCTCATGTCAGACACCTCGGGAGTCTCGACCGACCTTTGCATTTCGCTGGTCGAGGGCCTTAACGACACATGCCCATTTATCTGATCTTATCGACATTAGCCACTGTTAAGGACGGAACAAGGCCGGACAGTCTGGATCACGTGCGAGCCACTCTAGCTGCTGTTCCACCCCAAAATGAAACATATTATTCGGCGATGTTCTATCAGCATGGCAAGTTATTCCCATTTGATCTTCTCTGTTGCGAAGAAACGTTGCTTTTGGCTGGGGGTTTTGGTTTAGAAACGTTGGCATGACCTCGCACACAAGCTGGAACTCTGTCCAGATGCCCGTCGGCACCGTTAATTAGAGATTCCCCCGTGCGGTCCAAGTGCAAGCGCTAGGCAAAAATTTTACGCCGACCGTCTGTTACGGGCGCTTCGCTCCTGGATTAGCTTTCTGTCCGGTCTCCTATCATGTAAAGATCAGGTACAGGTTGCTGTCAACCACAGAATTCCGCGCCGCTCTTTGCAACTCCAGGGTCACGTGATATTTAGGACCTAAATTAAGAACTTACTCAGGGTAATAGTGTCGTCCTCGTTCAACATCTTGTTTGCCGACCCTCCGATCCAGCACGGAGGGCCGGTGATGGGGACGCATTCGCATTTCTTGGTTTGACGGCCCACAACGCTTGTTGTCCGAGTTTCCAGTTGT,1265,50.2,Saccharomyces cerevisiae
SEQ_561327,GTGCACTCACACCGTGCATACCACCGGTAGTTATCGTCTGCCTTGTACGTATATCGATCGTCTTCCAAAATCGGCTGGAATGTTGTCATGTGGGGATCAACACCTAGAAACTGGTGTATGGGTTTCGGCGATTCACATACGCGTTTTCGTTACTGGTTTAATTGATTTCCACACTATCTCAGAACATTCGTATATAGATGGAACTAAGCGACCACGCGGAAGAGGCCCTTTGGATGGTTCAGGCAGGCAATCATCGCTATAGCGATCCGAGCCGCCAATGTCTGTTTAAGAGGGGCTTTACGGAACAGGTCATCCCTGAGGGTTCCGTGCTACCCTACAAAGGATGCGCCTCGTAAACCAGCAGGTAGATTCATTACTCAAACCGTCAATGTTATGCTCTTGAGAATTCTTGACGCATCCGAGAATGTCCCACCACCATAGCCTACCGATACTACGAGGCAATGACATAGAGACGTACGCGGTCACATATCCACAATGATGCGGTGCTTATTCCACAATCATAATTGCGGTTTAGTCTATTGATGTACTACAGAGATGAATTTACAGGAGCCCGAAGAGTACGCTCGTGAGCTTGGTTAACCAGAGAAGATGCCTCCGTCGCTCTAGGCATAAGGCGTAGAAAATCTGTCTGCTTGGATAGTGTGTATACAGCCAACCATCCAGGACGGAATACGCAAATTTTTTACGTTACGCGTGCCTCGTAAGCGATATAAGACAGTAGATGCATGCCTTCCGCGGTTTCTTCGGTGCTACCCTTAGTGCGACCATTGGAAATCCGCGTTCACAACTACGATCGCCACTGCGGCAACCGGATCCTGGGTATAATTTTACATCTGGGCACCTCCCAGTATTTGGTTTAGCACTAGGCAGCCTGTGTTTTCGCGGTGTGATGTTATAATAATATCCATGTTATTGTTGGGGTGTCTACTCCCGCACATGCTAACAGATAACTGCCGTCGCTTAATATTGGTTATTGGCCAACTACCGCAGCAACAACTAGCGATTGGACAATTCCCCGGCAGACTTACTGGGCTAACAACGTGAAGCCTTTCCCTTCACCTACCCGTTCGGGAGCTACGCTCTCCCGAGGCCGAAAGCGGATACCGGTAGTAACGGCCCCCGGAGTTGTGGTAGCCGATCAACCACCT,1169,49.02,Escherichia coli
SEQ_395313,CGCACCGTGAGTAGCCAGCGCCGCCGTTACAGATACGACCTAGCTGAGAACCCATTGTCGCAAGCCTGCACCAGTGAGATAGCAATGACATTTTGTGT,98,54.08,Arabidopsis thaliana
SEQ_764339,GCACAAGCAAAACTTGTAGAGAATGCGCGGAACACGAGTCCACTCACTGTAAGATACTAGGGAAGTCCGGCTAATCCACCACCGGTTTAAGAGCCACGCCAGCTCCCGTAATATGCGGACCTACGCCAAGACCGGGCGACAACCAGCCACCTGGTCCCGTCGGCACATGCAACTGGCTCGTTTCTGTCGTCTCTGGAGGGAGCGAGGAGTTCTTACAATCTGCCCGCCGCCGTCCGGGTGATCGCCCGACATTCTGGTCGTGCCTTATGCAAGAATTATCGCCCGCCCAACAAGTTTAGGAACAGTGGCGCGGACCACGGGACATCGCATGGTACAAAGACTCGGTAACACCGTTAGCGCTTGTGATGTTTAACGGTGTGTTACACTCGCAGAGGCACTAAGTATCTCACCTTTGAGCGCGGTTTAGGACAGGGTACGGGCTCAGAGATTTTCTAAATCCGACCAGCGCAGTTGGTTTTTCTTCAGATCCAGCTTTCTTCGCAGCCTTAGACCGGTTCTGAGCGCGCTCTCTATTAAAAAAGACCTAACCACTGCGGAGTAGATAATTTTCTCTAAAACTCTAGCTGGATGGCGTTACGAAGAATAGAGATCTTTATTGCGCGTGCGCATCTACTACGTCTGTGTTTCTGATGAAATAAACACACGCTCGGTCGTGTATCAGCGTTTTTAGAGGTAGCATTAAGCCTCGTCGCTGGTTTCCAGACGCCCATCCGCCCGTTCCGACCATATTGTGTGTATCAGCTGTGTCCCTTACAAAGGAAGCCTCCTGGATACGGGTTCTACTAGTCTGCTGCGAGGACGGCTCCGCGAACAGATCACGGGTTGATTCTCTGTACCATGTCAGACTTGGGACCGTGTTTGGATCGCGAACCTTGTTAGCTTCACATAAAGTGATTAAGACAAGGAACCTCACAGCCCGTGGGCTGACTCGTCTGTAATTTAGTGCGGGAGTACGTAGCGGTACGGCTATTGCGGAATCGCAGTCGATCATATGCGTATTGGCCAGGTCATATCACCATCCCGGCTTGGCGAGAGACGATAGAGCCATGAGATAAAGCCGGATGGCTGGGAAGCCGTCAGCTGTCGGTCGGTCGTACCGACACAGCTATGGTTTTCTGGAAGCACAAGTGCACTTTTAAAGAGTCCGTACACCGTATCATTGGACCATTACGCGACATTCGACCTCCCCCGTTGATTTGGAGCACCTGGACCCAACCCATATAGGGTTGCTCTCACTTGTGGGATTGCGCCGTGACCCCGCATTCGGTGTGAGTATCTACATGCGGTCTCATTGATAAGACGAATGTTGCTAGTGGAATCGTAGACACTGCAGGGACGATGTGCCATTTGCAAGGGCGAGTTATGCGGACTTAGAGCAGAACATCCTGCGCAAGATTAG,1420,52.11,Mus musculus
SEQ_533155,ACGTATCCATATGTGTAATAACCTATGGACTCTCTTTATGACATGGACAGCCGACCAGCACGGTATAAGACACGATATGGAAAAAAACCGAACCATGGTGGCGTCGTTTGATAGCTGACGTTGTTGGTAACCCATGGTATGGTTATAATCAGAGGTAAGAGGCCCCGACAACAGACGCGAACGTTTTGGGCGGCGCGATCCATCATTAGAAGGTGTCGCGAGCTTCGTTCAACGGCGGTTCACCATCCCGATCGCTGCCTGTTTCTTGCGATAACTCACATATTACCGGATCAGCAACCACAAAATATAGGCTAGCCGACAGTTAAGTGGTGATAAACGCAACCACCTAGAACCGGCGGGAATGGTACTCTGTAAATAAAATAGTAAGAAAAGCACATCGCCCGCCACTTACGTGCGCACCGCGGAAAAGACAGGCTCCATGAAAAGCCATAGTTGAAGGTCGGATGTATAGGTATCCATGAATCATGGTGCCTAATATAGTATTTAGGGGACGAGATCGTTAGTTACGAAGAGGAACCTGCATTGAATCCTAATCGGGTCAAGAATTACTCGTGTTTTACATATCGCAGATGCATTATTCTGATTATAAAATGTGAGATCGGCGGACGTCCCCATCGAGACTTTCACGTTTAGGGGTCATTGAAGAGGGAGCGTCTGCTTAGCCCCCCTGGCCATCAATTGTCGTGTAGCCGCATGGTCCATCCATACAACTGATGATTAACAGCGATATTGAAATGCTACCGCGATCATAGCACAAGTCGTGTGCGGCCGCGATATCTTTGTAGACGATCTATGCCGGCGACACTTAGGAACCCGATAGCATGTTCGTACGCCTGTGGTTGCGTTACCGTAAAGGCTGGGCTATGACTGGCTGCACCAGCTGTTAAAAAGTTGCTTTTGACCACGTCTTATGGGGCCCACCGGAAATTTAACACCACCAGAGTAGCGATGATGGTCAAGGCGAGCGTGGAGACACGATCATTGTAAAATGGGCTCGGTCTTAAGAGGAATTATAAGCAGGGACGGGGCCCAAATCCGGAGCCCACAAATAGAAACTGTGGTAAGCTTTATTCCCACCGTGGACCTACTGGAGATTGGTGTATATTGCATTCTCAGTACGCCGGGTAACTCTGGACTCTACGAGTCAACGC,1172,48.38,Escherichia coli
SEQ_485861,GTAGGCCCGGGGGTCGGTTCCTGTAGGAGTACTCTTCACTAATTGGCCGGCGTGTCTGCTGTGAGGCATGACCTCGGCTTCACCAACCTATTTAAGGACAACGATGCGCACATAGGGAACTGACGGTACCACAGCATCTGTAAGAGCCATGTAGGGTTGCTATGAGACTGTTGTCGCACCCAAATGGAATACGGTCTCAAATCCTCGTGAATAACTACTAGCTCAGTATATCCATCGAGCAGAATTCATGTGGCCCATATCTTTTCTGGGTAGTGGGCAGCGCGCTGAAAATGGGCAACTTAAAGTCTGTCGTGTGTCGGTAAGGACAGGGGATTGGACGTGGTGACCATGCATTAATGTCTAAGTCCTGACCATATGCTTGTCACTTGCATGTGAGCTGATTATGACGCTTGAGCACCATCTCCGGCCTATGAGTCAAGCGAGTTAAACCTCCAAACGAAACCATATAATACATCTAGCCATGCGAGCCTTCCGGATGCCAAAACTGTAAATAACGTGCCATATAGCAAACTCCCGGTACGTCCCTGGGTAACACTGGGAGCATCATGAAGTGGATTAATGCGCGACTTGGAATGATTTGTAAAGACGGCCCATTGCCTACGCGGTGCGTGTTGCGTGGCTAAGCGTGCTAGAACTGTCTTGCTGGGCTAACCCTCTTCCGCTGTTATTATGTACTACCTCAGCCGTGTGGCGCCCCTTTGTGGACAATGGCGACTCGTGCCATTCATCCTCGGGGGATTAAAGGCTGGTGCCCTGAGCATTGCTATTACATCTACCGAAATTGGGTGTACCTCGCAATTCGAACATTTCTGGCGGCCTCCTGTGTGTTCACTCCTATATACGTTGTACCTTCCTCTGTACGACTAGACTCGCCCGATTAACCCGGGGTTGTGCCATCTCGGGGAGGTATTTTAGCATTCCAGCTACGACGGTTCCGTTTGACCTGCATTGCCCGCGGACGATCGGGCGCGTTCAATGCCTCAGTGGGGGGGGAGAACTCACGCGCGAGTCTAATTCCAGCCGCTGCTCATGGAAAGTTCGTATGATCGCGCATCTGACTAAGACACTCGCACCTAACGGCTTGAATTCTCACTCGGAGCCCGCATTGCAAAGTGGCCGGGTCAGGTTACAACATATCGACGATTTAGCAGCCCCCGAGGCGTGCTACCGAGACGAGGGTTCCTCAAGGGAAATGAGTTTTCCTGATTTCAGTTTATAAGTAAATTGCATTGTCACTGCTAGCTCTGGTCTTGCCCCATGCTTAGAGAGTAAGTAACTCTGTTTTGAGGCAGGAGAAGGATTGTACTGCTGGGCGAGACTCAGGGCGGTCATCCAGGGCGCAGCTAGAAGCCAAATTGCTAGTGGAATAGTTTTTCGCCAACTATCGGCTTCTATGCCGGTCGCTAGTCGTCGCGGATACGGACG,1446,51.59,Arabidopsis thaliana
SEQ_394996,CCACTAAGTGGGTAGAGTAGCGTTCCATAACCCGTGTAAAGCCCTGCCATAAAGGGCCAGCGCCAACAATCCCGTGCTTGGACAGTCGACGAATCGTATGCAAGTGAGGCTATCGCGCATAACCCGGCGTAATGCACTACTCTTGAGGGGATTTAGCTGTTCGAATCTCTCTCTTATGTTACGCCACAGACGAAATCTGAGGCTCAGGCTGCATTATAGCTCGACGTTGGGACAAGGTCCAAACAGGGGCGACCAAATGTGGAAAACCAGATTAATCCTTTACTGATAAGGCAACCTGTATGGGGACTAGAAAAACGGTCAAGCTATATTCTATTTAAGCATTTTATTCCGTTCGAGGATAGACACGGTAACTATTTGTAAGCTCCGCTCCTCGTGCATGCAGCAATCGCATACAAATCTAGACATAAACTTCAAGTATATTTGGGCGGATATCTGGGCTCGTATAACACTCACAGAACCACAGAGGTCGGTCTTCGCAAATCTCTTAGAGGAAGACCACGTAGAGCATTCAATTGGGGCGTACGTCGTTAGTCCCCCATGTCTGTGTCCAGCATTCGACAGCTGCCTTGGACCTCTTCTCAAACGAGAGGGCTTGTGTACGGTGTGCGTCTATGCTTTAGTGTTTCCATCTTCATCTATGTTCGACGGTCACGCCCATTCCCGGGTCATCAGGATTGTACCAATCTTCGCTTCCTAAACACCAACAAATCGGCCAACGAACTAACGGTCATAGGCTAATAGCCACGTTCACGGCGTGCGCAGTGGGCTTAGAGACCCACCATGTGTCCTGTGAAACGCCCTGCCTTGACGGACGCTCAACTCACAAACCGTGTACTAGCATACCTCGAATAGAAAAGGCACCGATTATATATGATCTGGTCCCGACGCTCGATAAGAGCAAACTCGACTGGGACACCTAGTTGGGCAGTTCCAGAAAAAGAACGGCGGGCCTATGGCTAATGTGAGGCTCCGGATCCGCCGACCTGATGACAATGTCTACGGCATTTTCCACCTTGCCGTCCTATACTAGGCCGTCGTGGCGTTCCAATGGTTGTAAAGACCCATTATGACTCGTGCCGTTTGGAGAAAAGAGGAGATCGTGTGTTCCGGAAAGTCGGCATATGGGCCTGCGGTTGATTGAAGCCAAATATTTTGCATACATCACGCATCACATAGCGCAGTTCCACTGGGCAACGCAATTGGTCCTCACTTGATCGAGCTCACAGACTGTGATAAGGGAAATGGCCGTACTCCCTGAAACTTTACGTCATGGTTGATGAGCCTTACGAACATGGGGTTTCTTATGTGATGTTACCATATAGTGTTCTCATTTCACCGCCACAGAGGTCTGGCCGGGGCTGAACTATAAGATTTGCCCTGTTTACCTTGGAAACCTTTGCCCATACCAGTCTTTAGACCTGTTCATGGTAGGACACTGTCAAACGACTAGGACTTGACCTCCATGTAGTCGGAACTGCACCTCGAAATTCACTCGATGCATTGTCTAACAGACCACCTGCCTTGAGAGCACTGATGGTTCTAGGTGCAGCTAGTAGGGAGGTCAAAATAAAAATGTTAGTAATCGGGCACGCATTATGCCGTTGCATCCTTAAATCCCGATTCCGTCACACAGAGCAAGAGATCCGTATGGTAGCACAGTAAGTAGGTCTGACTAAACTAGCAGCGGCCATTCTTCTCACCAGGGGGTCTAACGACAAGGTTCGCACATCCAAAGCCCGGAGCCAATCCTCTCTCCCGGGAAGTGTTTGCTGGCGACCGGTTGCGTAGGAGTCGAGTTTTCTTGAGGCTCGACTGTTCTCTTAGGCGCCATTGGCTCTGCTTAATATCCAAGAAGTCCTACTACTT,1887,49.34,Mus musculus
SEQ_439514,GTTCAGACTCATATAAGCCTACGCTCGCTAAATTCATGACGGATGCCTCGTGAAGTAGGCATCATCATCCCGAGAACTAGAGCTACGCGCGGATCGAACATGCTCTAATGACGGGGAGAACCCCACAGTGACGTATAGTTCGAAGCCCGCGCAGATGTTATAGTATCTGAAACACCTATCTCTGTACACAAATCTGCGCTACTACATATGGGAAAAGGGATAGCTATAGCTGGCTGCACAATTTGTCAGCTTGCGCGCAACGAAACTGAGCTCCGACGAATCGTAAGATACATAAGCGGATCTTCAAACCGCAGAAGGGAAATATATGTTTGCGATCCTACGAACAAGTCCGACACCGACTTCTCGCGTGGGCGCGGAAGAAATTCTTGCTGCGCGCGTCAACAGTCGCTTGCGATAAGTACTAACGAAAGTAAACGTAGGACTTAGCACATGCGCTTAACATTGCCCCCCTTAGCGGTTAAACTTGGTTGCGTGCGTGGCTCGGAGAAATTGTGTATCGAAAGTCATAGATGGCTGGGAACGTCGTAATCCAACCAGAATTCCACGGCTACCTCCCGATTCGTTTGCAGCCACACTACCCAATCTATAATGGGTCCTTTCTGCAAGTTCCGTATATGCGCAATCACTCCCCTGCTCGGTGGGTGATCTCTTAGCAATAGGTGCCAAGCCATCGGCTCTTTGGTTGTAGACCATCTAACAGGATTGTTTACTGAGGAAAACGGGTTAGACGCCGTACGTGATGTTCCGCACTAACTAGGCACAAGTTGTCTCCCCTGCCCTATACCACATTTACTGGATTACAATCGTCATTATGTTGACGTTCCCGCAATATCGGCCCTCTAATACAGAAGCCTTTGCTACTTCTGGCACGTAAAAATCCCTGCGCTGGCTGAGAGAAGTCTGCGATCTCCTCGTTCGGCCCCTAACAGACCACTCATGCACTGCGTACTCCTACCCGCGAACAGCATGATAACACAAGAACGGCCGGTGGGGCGAGTCGTACTCACGGAGGACTTTTTCCGCTAGATCTTGTTATCTCTCTCTTGTCGTTCCTAAGTTGACGACAGCGGTGATCCCGATTGAGCGACCAACATGGACCGTATTTTATTGTAATTGCCAAAATGCCATGAGGTGCTCAGCGTAGCTGTGCGCACGAGCAACTATTAACTCAGAACGCTGGCTCAACACCCCAAGAGATAGCCCGCCGACTCCTGGACCACCCCTGTTCCTTATTGGGCTTCAGTGAATACCAGCCTGCTTGCTCCGGCGCGGGAACCTCAATGACCCTTGCTCACTCGACCTTCACTGCGTTACCAAGAAGGCGTGACTCCTTGGATCGCCGTCGAGTCCTGATAACAACTGTCGCGCATCACTATTATTTGAAAAGATCTGGTCTAGGGACTTATAATCCTACGTAAGAGGATCTTATTCTCGAGGCCAGTCCGCAGATTGAGTGATGAGAATATGTCGATACCGGCATATAGCCCCGACTAGTGTACCCAGAGAGTTAGTAATAGGGATAAGGCCACACATCCCATCCGCGTAGCCATTTATGCGTTCCTAGACGGAACTACTAATGGGCACAAACGTATGAAGGGACTCGGGCCACCCCCGGGCCATCTGCGTCTGCAAAGCCACTCTTGGTGGGCTTAGGCTACAGTGGGGTGCGGTCAAGTACCCTCGACTCTGGGGGTGTGGCTTATTCGGAGTTCGTCCTGGCCGGGAATCCCAAGTGAACATCCTTCCCGCGTTCTGACGGAATGGTGACTTTTCTTCTACGTGTAACAAGCACTTTGAGAGCGACCCGATAACCCGATGGATGAGTACGAGCCAGTAGAATCATCCTCGCAGGGCGTGAAACTCGGTGCCAGCGAGTCCATAGAAATGTCACACCCAACAATAGATCCAGTTGAGACGCAGGAAGGAAGCTGGAGCTTTCACTCAGGCCGGTCCACGATTGCCCTTGTCTTCCCG,1995,51.18,Escherichia coli
SEQ_763344,CTTAGCCTGTGCTGAACTGATTATAATATGACAGATCGCAGTGCCTTATCGTATGGTTTCCCGGGACTGTGACTCGCCCACAGTTTGTGCTGGAGGCCGTGGTACAGAATGTCCTGTAACGAACGTTAAAAACGTGTTATCGACAGGAGCGGCGTAAAACGATCAGGTCGCCACGCCTTCACAGACATGCGCGGCGCAATTCTTCGACTTTAGGACAGTCGTGAATAGCGAGACCAATCCGATGGAAAGGACCTCCCTCTATTAGATATCCCTAACGGTATCTGAGCTTCGGGATAACAAACGGGCAGAAGACATACAGTTTGCGAAGCCCTTAATATCTCGCGAGTCTACTAACTTGTGATGTCCGAGTGTCGTAGATCGGTGTATAGGACTAGATCCCAATGTCCTTAGGCACTCGAAGCCATATGACTTCCTGCCACTAAACGACCAAGCGGGCTCTTAGGAAGTGTTTGTATAGCAGTACCGGGGCACTTAACTGATTGAGAAGCTTTAACCTCCACCCTATCCCAGCAATAGTATAGTTGCGTTCCGAAAGCGAATTTGAGAATACTTAGTTCAGCGGTACACGGCGCGATTAGCATCCGCAGAGCAAAAGCGTCCATAAACACGGTCTCTTTTATCTGTTACGTTAGAGAACCAGGCGAATCATATATTCCACACCGGGCAGAACGCAGGTACAGTGAGCGGGTGATTCCAGCGCATTTGCATGACTGGTACTAGGCGACTAACAGCTCCCGCGGACGTGTAGATTTCCGCCACGTTTCGTAAGATGAACAGAATGGGAATCAGCGGTAAGTGAAGAGGATTTGGGATCGTGTTTAGTGCTGCAATCCCACGGGTCGTACCTAGAATGCCGAGGTCTCAATTTTCCTGACAATCCAGTTAAAGCCC,912,49.01,Escherichia coli
SEQ_702846,TTGGAGGTAAAAAATGACCCAGACTCTAGGCGTTTATACGCCTGTCAAGGGCCAGACTTTGGTTCGTCGCGCATCTAGGCTATCTAGGCACGTTGGCGAGAAAAGGTAAGGGTAAAATCAGAGTCTTGAACAGGCTCTCTACCCTTGGCGGCCAGACCCTTATGTTCTCTTATCCCGAACGTGGGCATTCCCCCCTCAACTATATGCTCATTATTGCGACCACTATTTCCCAAGTACCTGGTCTAAGTATAATAGTCGTCCGATGGTAGCGAGAGTGTCAAGGGGTACCACCAAGCGTCT,300,49.67,Caenorhabditis elegans
SEQ_445643,CTTAGAGGTATCCGATCAGGTGCGGTAGTTTGTTAGGCCGGTGAAGCTTAAAGATCGGCGTTTGCAAGAGTGTACCGCGCCAGCAGCTCGAGATCAGGGGTCAGAGTTGCTTTGATTGTTCATGACACATGGGTTCTACAGGAGCAGTGACACGGGTTGTGTGTGATAGTATCGAGCATCCTGCCCCGGCTTCAATCTCCGGGACATTCCCACTTCGTATGTCCGTGGACCGTACGTTATTGGCACCATGAGACTTCTG,259,52.51,Homo sapiens
SEQ_368246,GCGCGCATATCCAGTATCCGTATTTACGAATCGCCCCACTTTATCCTTCTTAAGAGAGGCCGTTGCGCACCTGTCATTAGGTACTCCTACTTAGCGCACTTTCGGGGTTGTCACCCCGTCCCACGTCTGACGTGTTGATTCCCGAAACACGCTGCGAGACTGAGCCTAACCATACTTTTCCGGTTGGCCCAAAAGCGTACTCTACAGACATCGGGATGAC,220,52.73,Homo sapiens
SEQ_178447,CGAGATTTTTTCACCCCCGTGCACGTCCATACTTATCGCATTCCAGCTAAGGTCATCTACCCGAGGGTGTGTTCTGAGAAACATTCCAGGCCCCGTGGCCACACCTGTGTATAATCACATTCGTGGCCCCCGCTCCCCTTTCGAAAAAAGACCAAGGCGTAAATTACCAATCATACTCTCCTACGGTGTAATGATTGTTAGTTATGCGTTGCATTCTCGTAATCTTAGTGCACAGGACGGTGATGACCTAATCATAGGCGGTTAACGAACTTAATTAGTCGGCTGTCATGAGGTCGATAAACCATATCTCCGAAAGAGTGTTTTAACATATGTTTGGCGGCCGCAATAAGGAGGAACCTAACGAACCGGATGGCCAACTGGCGGATCCCTAAGATATTGTTCATCGATTCTTGTAGGCGTCTTTCCCCTATAGTCCCATCCCAACCTCATTTTACAGGTGTTTGTTTTATTGGCTACGGACACAATGATTAGTGTTCTAACAGTGTTATTCTCACCAGACCCTTATATGGATTGACCATAAATTACTCTTGTCTTGAGCCCACTCTCAGGGCCAGACACTGCGCAGCATTGTCGTCAGACTAGTTAAAAGTCGAATTCCGACCACCAATTCGTCCCTCCATGTACTCCCTTATCGTGGGCCTCAAATGCCCTCCATCGAGATGCTCCGGCTTAATCATGTGCTCAACGGTCAAGCCGTCTA,721,47.02,Arabidopsis thaliana
SEQ_538662,TATACAACCAAGATGGCTAAAATACTAGAGGTGTGCGAGCACGGAACCGTACCCATGCTGTGCACAAGCTGAGGCACAGCCCTACAGCGGTAAGTGGCCACAGATACCCCAATGACCATACAGAGTAGTAACATCGACAGATTGAGCTGACCCCACTTCAGACTGGCGGTTGTCTCGCTCAGCCGAACCGCCAGTGCCCGCTTGATCCGCGCCTGTACTGTAGACTCAGGTGCCCATCTGGACCTCCGGCGTGAAGGCCGCACGTTACTGGACTGCGTCTTCACTAGGTGATGAAAGAAGAGCACCTCCTCACCAAACGAGCGGAAAGACATGAGATTAGTAATCTTACCCAGCATGAGCGTATAAGCGAGGCGCCCAGTTTAGAAGCTGCTTCACCCCTTGAGAAGGTCAATAGTCGACAGCCGCAAGTAAGGAATTAAACCTCAAGTAAACCACGTATTGTACCTAGAATACATCCAATTTCCCCTTCGCGATAATGCAGGGACATTGGTGTCTGGACGTGAAAAAGAAAAACTAACAGAATAATGAATCCAGCTGTGAGATTGGGGCATGCGAGGTCTACCTTTGGGGAGGCCGAGTTCGGAGGCGACCGATGATCAGGGGATTTTACTCGGTCTTTTATGACTAGGGTCCATCCATCACAAATGCTTATCGCCTCGATCTAGGATATAACACTAAAGATGCTAGATGTGTGAGTGGACTGTACCTCAAAGCGGCCAATTATTCTAATGCCTCACGCTGAAAACTCCAATACTAAATGGGCACCAGCATTGGGTTACGCAATCGGGCGGAATGTTCCTCTCCCTATGATCTTGATTCATTATTGAAGTCAAATTCAGTTAATGAGCGTCTATACCCCGAGATTATACCACCCCGGCGTTGTGGTCCGCGCGCACGCAGCTTGTTCCCGTTCAAGTGTTAGGTGGTCATCTCAAACCACTGGAGAAAGCGGAATCAAGGACCTTGCTCTTTCATGACTCAACCGGGCTATGCCGGGTGGCGCGATTGCGCGGCCTCGTAATCTTCATGGGCTAGACATTACGAAGATGATGGCGTTGTTTCGTGACTGTCAGGGGCCGTGGGGGCACGGTCTCACTGCGGATAATTCGAGATACCCCTTCGAAACTAGCGCTGCGGGTTCGTAGGCACTCTGAGAGTCTCAGAATCCAACGCGGGTGCCCCCCAGGGAAGCAATGAACGCGCAATCGGTCGAACCTTGTCCCTCGGGTAGAAGGATGGGCATGCCCTACCTCATAAAATTGCTTGAATTCATGGGCGTCACCTCGTAGCCTTATACCAGGATGTTTCAGTTACAAGTAGAGGAAGCTCCCACACGTGGCTAATATAAACTGTTTACACTTGTCTGGAACGTGGCCTGCCTTTACCACAAAATGAACCACTAGTTTTGTCCCGGTAACATAGCGCACACGCCCGCTGAGAGATTGTACGGGCCCCCTAGGATAGTACTGTCTAAAAACCACATCCTCCGCGGACGCGTGATGAAACAACTCGGTTGGGCTCAGTTAAATTCACATCGTCCCGGTTTGAAACATAGAGATCCTCGTCGCTCTCTATAGAGACCTTGACATCGCGATTTCGAACAACCCTAGGCATGTGACAACGTGTCAACTCGAGGCGCATCCGATCTTGTATACAACTATTCGGATCAGATATTGTGCCATTCAGGAAGTGTGAAACAGTCCACACGACATCGTGAGGGCTCTACCGGAAGAATAAGGGATAGCGGGTCGAGCGATAAGCGTTACCCTGTTCGCCGACTCTCGACTTTAGATGAGCAGTGCTGATTCGGTATTTCATACATCAAAACCCTTTCACCCCAGAACTCTACATCCTTAAATTCCCTATAGGACAAATAAGATGTCGAAAA,1909,50.08,Escherichia coli
SEQ_382433,TAAGGTAATGTACCAGCAGCACGCTCATGGTGCCGCAACGATTAGTACAAGGCATGTGAATCTCGTGCCCAAGGAGACCCATAGGCGGCCGGTGCCATTAGGGAGGGATTGCAACTCCCACTGGGCAGCGTGAGTGAAACCGCAGGTAGTGCCTTGCCAGGGCAGTCGCGTCTACATAGTGGTGGGGACGTCGATGCGGTTGTGGCTTACATGCAAGCCGTGCCTGGCCAACGGGAACATGGGGGGCCGATTGGTTGAACGCTTTCCGTTTTCTCAGCAATGTCTCTTACCTTGGCAATTCACGATGGTATAATTTGAGGCTCAACACTTGCACCCTTGTATAGTTAAACCCCAAAAAGTACCAGGCGATTCTAAAGTGTGCCCTGTCCATCCGTTATGATGCGGGAACTTCGTGATCCTAGTTTTTGCATGCCGCAATTGGTTCGAGGCAACATTTGCTCCTGAACTCAGAGCTCGGATCTAACCAAGGCTACTGATGGTCGCCCAGTAGGATCTTCGGCAGCTCCATGCGCGAGTTTAGTGCTAGACCTGAGATAATAACCTTTTTTGAGCAAACGCCGTGGCACGCCGTAACCTAATGGTCCTACGATCTGATTTATTTAGTCATCTTGCAGTTCCGGAGGCTTCTTGACCCTTATCGAAGTAAGGATGCTCTGACATCACTCTACATTTCGGCAACCATATATAAGTCAACAACAGTGGGTTCGATAAGTCGTATAGTATTGCGCTGCGTAACCTCATAAGCAGGTGATCGTTTAACGTCTAGCTGTTCCGACTCGCGCACTGACTGTTCGAGTACAAATGTTAGCGGGACTTTTTAACCCGCGGGGATTACTGCTACATAAGCCTACTTTGTGTTAATGCCCTTCCTGTACGGTATTTCTTAACTAGGATAGGTCATGGGATGGCGGTTGGTGCAACCCCAAACGGAACAGTTCCTTATTTAATCTACCTGGGAGCAAGTGGAAATCTCTACTGCGCCGTACAAAGCGACTTTGTTGTGCCGGACATGCCCAAGTTGATGCAGGCTGCACGCTTGTTCGCTAAGGACCTAAGCCCCAGTGAGTATATCGTTGTTTGCAGGCGTCAGTGTTGTATCTATACCCCGATGGTTATCGGGGAGTAGTTACAAATAATGTTAACAGGTGTTCAATAATCTACATGCCAACTCGCTAACGTCTGTTTGGTAATATATGTGGATAATTAGGGAAGACCGCATTTGAAATTCTTTTACGGTGCACTCGTCTTGTTAAACCTAGGTAGAGATTATTAGA,1295,48.26,Drosophila melanogaster
SEQ_377878,CTCTCAGCTAATTCGGAGACGTCGGACCGGCTCGCGGATTATCCACACTAAGAAGCCAGGTATAGCTGCCTAGTCAGATTGCTGGTACCACCCTCGTGAAGTTATTAAAGGCCAGGAGCAATTTTTCGATTGCTTTATGTAATCGTAAGTTCTTATCCGTCTTAGATCTCTCATACTACCTGGAACTAGGTTGAAAATCTCCCCGCCGAGCTTTGACAAGGATGCTTAGGGCCTATGTCAAGCTTAGAAGCCACACACTCCGGCATAGCAGCGAAACGTCCGAGTAGGCCCCCGTTCAGCCAGTAAGTTGTAACGAGCCTCATGGCCTACTAGGTAAGGAACTCCTCTCCCAATCCAGTAGTAAGTTGAGCGCGTCCTAGACGGACGCGGCTCCCGACGAGCTGTTAAGAGCCGTACGTCAACCCAAAGCCCTATAATAATCGAGACTGACGAGGAAACAGCGCACCCGTCTAATGACCCCTTACATTACGTG,493,50.71,Mus musculus
SEQ_283015,TTCCAATTAGGTTGGTGAGAAGCCTGGTGTGAAGGTTCTAGAGAGGGCAGCGAGCTTGGTAACATATGACAGAATTTTTGGCCGGAACCATGCTTAGCATTTCGACTTCTGCCAACGCGATCCCCGGACACTGTAAATACGTGTGACCCTCACCGTATAACGACCGTGACTGTTACCTGGATTCACCCAACGATTGATTATCCTGACCCAGTATAGGTCGCTCAGGTTGGTTGAGGGGCCTTTACCAGGCACCCCGATATGCCGTTTGAGGTTATCTCGAACCGGATGGCGGGTATATCGAATGGGCAGCAAGAAGACGATACGATGTACCCGTATAGGAACATATATTTTTGTGGCGTATTAGGGGAATTACCTCAGCACACGTCGTCATCTCTAATTAGGGTTAAAACCATTAGATAACCATGGGAGGCTATGCGGTGTGCGACTTTTCGGGAGAACATAGATACCTCCCTCTAGCTCGTGGTACACGCTTGTGTTACACATCAAGACGGGACGTCTTCTCACTGATTGCCTTGAGATACTCTCGCCTGCGCTCTGTTTCCAAGACGCTCAGTCATTGATCCGTTCTTGGTTCAGAAGGAGTTCTCCGTCGAGTGTGGCACGTGCAGCGTACATGCGCGAT,643,49.77,Escherichia coli
SEQ_867587,CTCTGTCGGAAGTACAATCGTGGTTACTAAGCTTTTCGATGGGGTCCTCGGCACATTCTAATCATCTATTTGTAACGCAGCGGAGTTGATGGTTGGCCCTTATAACGTCTGACCATAAAGCCGCTGTGCTTGTGTTACTACACCCAGCGATTGTGGGCTTGTCAGGACTTAGATGTTCTTGTGGAGTACGAGATGGGAGAGGCTCAACATATGCGGCGCTGAGCGTCCTAACAGCAGGACTAGGGTCCCTTCGTCCTTAGTGTATGTGATACCTAGCACGGCTATGGATGCTGATCCGGAATAGAGACTAGTCGATTTTTATCTAAGAATGTAATCATTGTACATCGTCCGGATGGAGTTTTCTGCCTTCAGAACAATTCGTGAATGAGCTTTCCGACACGGATTTTCCCGTTTTGCGTACATGGTGGCTAGCCTCCTCAACAATTGATATGGCCCCACTTTCGCCGTTGATAGCAAAAGACTCAACTTGTGCACGAACGTACTACGAGCCCGTATCGATGAGCGTTGTTCCTAAAGGTGACATGTTCATGAGTGTCATCTAGGTTAGCAGCAATTCGTCGCAGCAATGTGTTGAGCTGAGCACCAATCACATTCCAGGGAGATAGATCCACTGGGAGCTCGGGAGAACATACATGCCACGTCGGGAGTTCCGTATACTCCGTCACCGACTAAATGAGCGGTAAGAAGGCTGGAAGGCCGTGTCGCAGGATATCTGGCACACCGTGACCTGGGGGCTAGTGACCTACGGAGCAACGGCTTGGTGCAGAAGTTAGGAATTTTCGTGCATT,809,49.44,Drosophila melanogaster
SEQ_126815,ACCTCGTTTCTGGCAGTACCTACGCAGATAATACAGACCAAAAGTCGGCCCCGACGGAGTAATGCGTTCGAAGGCATGACATAGGGCGGTTGAAGCTGGGTTGGAAGCACGACTGCTGAGTAAAAGGTTGCTCCATTTGATGACGATATTGTATCCAAACCTCGGCTCGCGCATGCAACTACTTACGAAACTGACGATACACGTCGATTGTTAGCATAGACTGCAGTTCGTGTGTCAAATTAATGCGCGTCAAATAGATCATGTTGTTGCTAATGCTGGCGAGAAACATGACCACTACAACCAGTACAGTCAACATTGACGTGCGGGGTGCGCGTCTCCACCTCAGCCGGATGGGTCTATGACTTACCAGTGTCTACTTCGCTGATAACGTCGTCTTCCCACTAGTACCTGCATGGCTGCATGTAGAGAATCCCTCTTGGTCTTGCTAGTCTGCCTCCTTCCTGATTGTGGTATTCGAAAAGAACTGCTGCGCGTTTCTTTGTACTGAGTTGGCTAGTCAGATCGACGGTCTCGTGCATCGTTAGACCCGATGTTGATCCTGATATTCTGGATGTACATCCGGATTGTATACATCATGGCCACTATCTATGACCTAGTTCATCTGGCATGTCCCTGGTACAAGGGTGAATGGCCATCCAGGTGTCAGCGGGAAACATTCTAATCGTACTTGTCTCGCATGGGCTAATTTGATGAAGTTAGGTAGAACTGCAGAGCAACCGAGTGTCAACCTCTCGACGTAGCATACCTCGAGCGGCAATCAGTTTTAGCACTCACACGGGATGTTGGTCACCGGACTTAACTGGGAGACAATAGCCGTAGACCTCATCCCTGCTCGGGCCGTCAGATTAACTGGACGTCCGTTCGATATATCAGGTATAGCTATCTTTTTCAGCT,915,48.96,Mus musculus
SEQ_840375,TATGCTAAAGCAAACCAGCTGGTCAATTCATAGTATGCGGCTGGCGACATATGTTGCATGCGTCCATTGATAGACGATGTGGGATCTCTAATACTTCAGACGGCCGTACCTGGAGCTGGTAGGTTACCGTGCGGAGTGACTACGTGTTGGCGGTACCTTCAACGGGGTT,169,50.89,Mus musculus
SEQ_612243,ATTTGGAAGCGACTTTGACTTGAAACCTTATGGAGCCGCGAGTGCCTCTCTTTTCGCTCCTATGATCACCTCAGCCGGCGGCGTGATTATGAAAAAGCCTACTGATCCTAGGTGACGATAGGAACCACAGCGCTAAAATCTTGGTGGCAGAGGCGCAGACCTCATTGTTCAAAATGGCAGAGACCTTTCGCGTGCTCTCCTTACTAGGCCATAGACGACTAACGCCACGGACCGTGTTCCCTCACAGTAAGATAATGACTATGGGCGATAGGAGCTGCAGACTAGTCACATACTTTTAACACTAACGGGCTGGATGTCTGAACTTCCTGTTCCACCTGTCAATGCCATCGAGCACACCGCGGATAGAGTACGGAGACAAGGGACGCTATGTTGCTTAATACGT,403,50.12,Escherichia coli
SEQ_744843,TTAGGGCAGTCGATCTTGAAGTGGTGTGTGAACCCGTTCCGGTCACGGCGCCTTACTCTAAGCTCACATTTAAATAACCAGCCTCAAACGTGACACTGTTTATCGGCTATTCGCTAAAGACACTTTCCCAGCCGTCGGTAGAGCCTTGTGTTACTTGGTTCGCGAACTTCGTTTAAGCCCAAGGCCTGAACTGGCAGTGATGCACCCATGTGCTGCACCAAGCAGGCGTCACCACAAGGGGTGATGCCCCACTACGCGTCACTGGTTAAATTGAGCGTGCTATGTCCCAAGAGAGACAAATCGCGACGATCACGCCAATCTGCATCCCTGCGAACGATTGGCCCAAGAAGACCTACTTCGACACGCTAGATCTTGATACTCTTATGCGTTAATCATGACTGTTGAGGTAGGGTATCGGGGGTTAAGAGCGGATCTTCGATAAATCACTAGTGCCCTATCGTAAATTATGGAATTGTTGTATGTGTAAGGTCCTCTGGGTCCCCTAAATATGACATCGAACACACGGAGCCAAAGGGGAATCAGTCCTCCGGGATGGGTCCGGACCCTATAAAGGCTTACGCAAGTAGGACCTCACTCGCTAGCACTCCTTGCTGCGCAGGCTGATTCCTTAACAAGAATTGGCTCCGGAAGGTGGCATCAAAATAAGAGATTATACATTACTCCTGCCTTAGTACTCGTCTTTGTGAACGCCGAACCTTGGTCCAGAGACGCCGTTGCCACTACTCGACCTAGATCCTCGATTTTCCCCATATGATGTGACCGGCGTCGTGAGGGCTCGGACCGACACTAACAGGCCATCGCGGCAGGTAAAGCTTTAGACGGCATAACATGACACGAATGTGTTAGTCGTGCACACCGCGCAGTTCGAAAGCGACAGAGATCTCCACCGGACCTCTTGTCGGTGGCGAGTGGGCATAGTGTGCTGTCACGTACGTTATCATGTAGATTCCGGCAATGCCTTATGCGCGACTGAACGTTGAGACGACAGAACCTACCTTATAGGGGGCACGTCACAATCGCCCCCTTCATGGGTAACCAAAGCCTGATTCTACGTGCTCACACTATTGATACTACATAAAATATATTTGTCAGTAGTGGTTACGAGACCAGATCTGTGTTCTGCATTGAAAACCACCCATATGACTGTGGGATCCAATTTATTCTCTAGATCAGGAATCTCTTAATATCAAATCTACAGAGTAGGACAAGTTGTCGGATTCGTGCTGATGGAAGAGGAGTGGCTGGAGCGACGATCAGCTGAGCGCGAAATCCCAGCGAGAGCCCCAGAGTGGCGTCCTGTTCAGATTAGGGACAGGAATACCATTACGAGTGCTGAGCATAGAATTCTCGCAAACCTGCAGTCTAACTGACCCCGCAGTGTCCGCTAGTTACCTCTCAGAGCGCATCGGGGTATGCTTACTACTGCTCTGACCAGGCTATAGTCCACCTACAGTTGTTTCCTTTAAATTATCGTTCTGCAATCAACCAATCGAATGGCGCTCCTGACTCCTTTCAATGCCTCACGCTAACTTCCGAAGCCGCAAGCCAGAAGTTATTCACGTAGCAACGAGTTAGCTGTAGTCCATTTGAGGCAGCTTACAGACGTTATGTCCTGAAAAGAACAAGCCTGACATCGTCACTCTGTAATGATATAAAATGGAGTCACTCGCATTTTTGCGCCAAACCAACCCATGTGTCATGACCAAAGATATACCGTGCAATATAAGCATGCAATGATTACCATACTTTCGTGTACTAAGCTTTCGCCGTAGCCGAATCAGAGGCGTCCAGTGTACAACCTGGCACGGCAACGCGGGGCGTCGAATCGATGGGCCGGGGCGGGGAAAGGCCATACGAGAGGCCCCATAGGGTACAGTCTACAGGCTTCG,1910,50.0,Homo sapiens
SEQ_892543,TCGATACTTGGGTAGCGCCCCTACTGACCGGAAGTTAAAACAAGTGACTTATCTGCTCGCATACGGGTTGAGATTACTACAATTTCCGCTGAGACCTAAGGGTCTTATCCGGTTTATAGTTTGACGCAGTTCGGCGCGTTGGTTCCTACAGCAAAACTAATGATATGATTGAGAAAGCTTGGATCTGGAATAGAACAAAATGAAGTTGTAGCATGTTCATCTTGAGCCTTTCCCTAGCGACCACAACCAATGCTGGTTTCACTTCTGATTGGAACTGCCGACCGAGGCACTAGCTGCAAGACAGACGTCCTTTGCTCCACGGGGAATTGTAGGTTAGTTGGCTGCTAACTCCATTGATCGTGGTCTGTGGATGTAAGCGCCTCCTACCAGTCTAACCCCCGTTACTGCAACGCACATTATGTCTCGTTAGCAGCCACACCACTACACGGCCTGAGAAGTTCGTATGAGTTCGCGTATCAATGAGACTTCAACCACACCGGGTTGCACCAGCAATTCTGGCTTAGATCGGGACCTAACGACCTGGCTCTTCGCATCCTTATCAAATCATCATATCAGGAATCACCATCCAAAAATGATCCACATCGACGCTGTTGTGATTCCCTGAGGTTTGGCTCTGTCTTGTTCTCGTAAGTACACAGAACTAGCTATGAGAATAGCTGCGTATGTGGGTTTTCCATTTGGGGCGCTGAAAGATATAAAATGGCACGGCCTGGATGAGTATACGGCCCTGAATTTAAAATAGGTGTACGCGAGAGGTCTAAGAATGCATCTTTAGTCAGGAGTGCATATGCTGCGCTATTGCACATGAACGCCCAGAAAGAATCCTACCCTAGCCTATCATGTCTGACAAAACAACATACGGTAAAATAATCGATATCTATTTTGCGCATCCTAAAGGTGATAAACCTCAGGGCAGCCCAGTTGCCGAGACTGTGTAACCTGTTTCCCAGTCGTCCCTTCTAGCCACCTTTAGCTTGAACACTTGTAACGATCTACTTGTTTGTGTCGCAGGTGGTAACTCCACCACGCCGTCATGAGTGTGGGCATTCGCCAAGCGAAGCACTGTTACCCAACCACGGAGGATGTGAGGGGGTAAGCTATAGCAGGTCGGAAGTCGCTACAAGTGGGCTGGAGGCCGCGCAGAAAAATCGAGCTACGGAAGACTCATTTTAAGAACGAGTATTCGGCGAGTAATCTGCTACGTTAATTTGCCCTAATTTTCAGGGTCGTCGAAACATGGATTGGTATGTAGCGAGAGCCTTGCACCACTAAGTCCACCTGTCTTTCCCGCGCCCATAAAATCAGAGTAGACCGGCCCGGTCCAATTCCGCTTTTGCATGGATTAAGTTGGGAGCAAGCGCAGTTCCATGTTCCTTGTACATTCCTGAGAGCTGTGCAGCCAAAGTTATGTGGAGTCCCTAAGACCCGTTCTTTGGTCAAGCCGAAGAACTTCGGAGTCGTATCGAAAGACAACTAGTCCCGTGTTGCAAGCCTTGTTTTCGCTATGGAGCTCCGACTCTAGCTAACTAGTGCTTGCACCCTAGATATAGCGGTCATGCAACGAACTATCACCAAAACTACAAGCTGCTAAGCACAATGAAACGCGTCTCTGACATTGTCACAAGCGC,1649,48.15,Arabidopsis thaliana
SEQ_707660,ATATTTGCAAAAAGTCGAGGACATAAGCCATTCTCTTACCACATAATGTGGTGGCGCAGGGTAATTCAAGGTCTGATTTTCCGTCCTCAGTACCAACCGAATCGGATCGTGTTCGGGAAAGTAAAGCCCTTGTATCGGGCAACTTAATCCGACGTCAGGTTGTTTTATTGTTGGCTCCCGCGGACTT,187,46.52,Escherichia coli
SEQ_496854,CAAATTGCTCCCTGTTCCGGTCCGGCTTGCTGGGGGGCATCGCTCTTATTCAATGGAGCGGTCGATAGTAGTGCCTGGTATCGGCGCTTACACCGTCAACACTTAGCAGAGTACATTTAGCTTTAAAAAATGGGACATATTATAAGACCAGGTGCCTATGTGCGTGTCGATGAGGATGTTGGCAAGTGTGGCAGAATGGCTCTACCGTGAAATGCATTACCACTAGAAGTACCCTCAAAGAATCGAGTTTATTCGGCTCGACGAGTTCCGAAGAGCACTACCTCGTATGTTGTGAACCATTCCCGCATGCCTTGTGGTCTCAGCACGCAGTGCTTCGGGACGCATAGATCGGGTAACACCAGACGGAGTACCGGGAATTCCGGTGCATTGGCCCTTAATCTTGCAGATGAGGCTCGCCCGGTAATCCAACAATAGAGGAGGCAGGCGTGTTTTATGCTCTAGTTGAAAGTGTGTTGAGGTTGCACCCTCCTGTATAGACGTGAGGGCAACGGTGTGCGCAAGTATAGTGCGTCTGAAGGCCTTGTCCTATTCCATTCTGACGCGTCATGACCAGGGCTAACATAGCTCGGTTGTAGTTTCGCTTGGTCTTAGAGTCGAGTGGCTCCGGGGTGTCACTAATGACTGGATCTCCTTTAATACAGTCCCCTGAATGAGCCGCGTGCGCGGAAGCAACAGATAGAAGGTAAATGTTCGGATTGGGATTGCGCGGCAGGTCGAACGCCCCTTCCGCGGCAACGACATAGATACTCTAATAAGGTGCTTCATGCTTCCGTAGAACCGTAACCTGTAAAGCATTACCGGGTGTGGCATCGCGACGGTACATATTGCGTGAGCGGGCCTGCTGTCCGGTGTAAATCATGCACCGCCTCAGCTGTTTGCGCAGTTCCCAAAGAGAAAGCCCTGCCCATTAGATACATACCAAGGGATGGCCAGCGATTCACTCTGTACGCTCCCGTGTTTATCTGCTCTTCCTCCCGTAGTGTGTACTGCGGACACAACAAACCAAACACTACTCGCCGTCTCTGGGCTTTCGTAAACAACGGCAGTAGCCATGGTGCTTAACCTACCTACGCGTCACGAAGCGGACAACGATACCACGCTACCTACACCTGTCTCACGTGAGTGTATCAGGTTTCCTGTACGCTGTGACAACTTTTACACTCGCGGAGAACTTCAGAGACGGCGGTCCCGACCGCGAAATACGCCTCTGTTGCGCTT,1239,52.22,Saccharomyces cerevisiae
SEQ_403563,TCGCTAGGTTTTGCGCGCAACGAAAAGCCCTTGGTCGTTCAATACTAGCACCCGTGTTCCAAACAGCCAGCCGCGCACAATGCGATACCCGATGTGAAACTTTCAGCACCGATGTATGGAGTGTAGAGAATTTATGCGAGATTTTTTAGGGGCAGTTCTCTCGGAAATAAGAGCAGCGCCTAGTACAATAGTAGGGTAAAAATCCGAGCATACATTTTCCGTGCCGTGCCAACCGGAGGAGCAGCTAGGAATTCGCAGCCCATGAGACATCCCGCATTAGCCTTGTAAGACAAAATCCGCTGCAAATAGCCTGTAGTGTGTCAAGGCTGATCCCCGCCGAGCGAGGGAGTAGAAATAAGATTCATAGTAGCGCAGACAGATAAACTTCTCCTAGCAAACGCTGGCCAATGCGAGCAAGAAACGGGCGGATACTGAGACTGGCAGGTTTAAATATTACGCTTAAAACGCCAGCATCATAAGTAATGGCGAAAAATGCGTGGTATATTCCAAGTCTAGGAGGGCCCGTGTGCGGTGGTGTAGATCAGCCATGTGACCATATTCATAGGTAGTAATGGTTGTGAACACCGGCGAGGAGTTGTTAGGAAGGATTACCAGTACCTTGCTCAAGTCCCAAACAACTAGCAGAGCGCGCGACGCCTAGCACGCCATACTGCTAGGCCAAATAACTCAGTATGTGTAGTCGGGATAAGTCTAGGTCAGGCGTTGTCGATAACATATTTGCCATGCACCCTAATCTAGGACAGCCTTCTCTCCTTTTAGCCTCTTTACACCGGTCCTTTTTAGGTAAATACCGCATAGCTCCTACTCGCAGTTGTAGCGATTGGTTCGAATGACTG,857,48.66,Saccharomyces cerevisiae
SEQ_179363,TACAACGAAGTACGTGTGACCATGTAGCAAAAAAGTGTGGAAGCGCCACCCGAAATTACTTGGGTGGCATGAAGCGTCCGGCCTACTGTTCAAGATCTGCCGTAGCAGGGCTGTCACGAATCAAACGAGTTTTGAAAAAGATCAGTCGCCAGCAATAAAACAGACCGCAACCTGGGTCACGTGTTCCCACCCCCGGAACTACCCTTTTGAAGTAGCGCTAAAGTACTGTCTAGGTTCGTTGAATCGCTTCGGTTAATTCCGCTAATTTGATGTTTGCTTTTACACTCTATATCGGAGAGATAAGTAAGAACGGCGTTTAAGGTCCGACGCCTGCTAAGGTTTCCGTGACATAACGCGCCGTGGTTAAGTTCCAACGGTCGGATAATAATCTGCCACACTCGTTGTACGAGATATCTGAAACCTTCACCAGGAACATGTATGCAGTATAAGATCCGTCCGGCGGGCACCACCGGGCTGGGAATGAGTGAATCGTATCGTAGGTCTTTAAAAGTCTCTAGTCAGTGGAATTATCATGACGCAAGATTTGCCTTCATTAGGTCGCGAGAATATTCCGTAACTGTGTGATGTTCCTCTTTCTCTGATATAAGTGGCTTCCAATGCATCACTTCCCGGAAACACGGACGGGTTCAGACTTCCGGTCGCGTTAAAGTGAACCCATGTTAAGTGAACTAGCTAGTCGATAAT,705,47.09,Escherichia coli
SEQ_505992,ATGCCCACCATGGACTCACCTTACACCAAGCCAGATCTTTTTTTTTGCAAATCTACGTGTGATTTTGTCACAAGTGTCTGCCGCGCGTACGAGAGTAGTTCCGGTCTGGTAACAAACGAAGAGAGACCCACCTCCAAGGCACGTATCGGGTTTATTTCGACCCTTCGTTTGCGCGGACAATCGGTAGGTCGTTTGCGGCAGCTATGTGCCGGTTTTCTGATGCAGCGAGCGCAGATTAAGAACGAAGGTCTGTAACCAGTCGCATGTCTACGACAAGACTTTGTGGGCCTAAATCAACGAGATAAGCGAACTGCACCCTACCCAACTAGTAGAGAGTCGGGCGGGTGGAGACCTGAGCATGGGAACTGCTTTCCGAACGTTTGCGAGACGGGTACCTTCACTTATCTGCCGCTACGTGCTTCCATCTGTGCACGCCATTTGTGAAACGGTCTCGCAACGGTAAGGCAACTGAATAGGCAAATAACAATATGCGACAGGTGCTACTGCGCCCACACTCCCACCGTAAGTGCGAAGGAGCGTCAACAAGTAAAGTTTCCTGCTGCCACGAGAAGCGACTACCGCTAGGACGGATGTGGGCTTGAACGTATCGGTCAAAGTTAACTAGGGTGTTAGCAATCCGGCACGTGGTCGGGCTGAAATTGCCCTTGTTTCAAACGGACGAGGGGACGGTTATACCGCGGGGACTTGCGCGCGGAGCGGGTAAAGTCCGCCCAGCCAGTAGTCGAACTACGTCTTGACCCATCTGAAATACTTGGCGGGACTGGGGTAACTCTATTTTTGATAGGTTGTTAACACGATGGCAGATTGTTCTTCAGCACAGAGGACCGGCTGGTTGGATAAATTCCGGATTGGTAGCGCCATCCCTTCGTGGTCAACAACAGGATCGCACCTCGTGGGATGCTAGGCTAGACATTACGATGAGGGGCTCCCTATCATGCGCGTTTATGCCCAGCGAAAGAACCGTCAAGGTCGGTGCAAGTATCCATACCATTCACAACAGCATATGCGTGCACACACTCCTCTGTTGTGGGGAAGATCCTCCAGTAGGCATCTCCTAGGGCTCAAGCCCCTATCGGCCTTTAAGCTACAATTCCGGTGTGAACCTCTAGTCATGAACGCGATCCCGTAAGTCCTGATAGTCTGGGTGGCCCCCGAACGACAGGGTGCTCTAAACGATTACTTGGTACTTAGGTACAGGGCCGACTATACTCCGCACGTTTTCCAGACATTTTTGCGCACCAGATGCGCCAGCTACTTTTAATCTCTTCCTAGAACCGTAGAAGGGTAATCCTCACACAGGGCAGTCACGAACGGCAGGAGGGTCGGGCGCCATTTTTAGAGCCTGAGCCCGCTTTTCTGTATCGCGTCCCCTACTCGGGTCTAGCAAGAATGGGCTAAAGGCCGTTAATCCATTTTAGGTCATAGCGCACACCGAGTTAATATCTCCAAGCACTCCCAGAACTCAACGAATTTTTCTAGCATACCTGGCCAAACGGTTGGCTCCCCCTATCGCACACAGTAATCAGTGTGTTCTACTTTAATAACTCTACAAGCTGTTACATACGTCGCGTTAGACCGATCGGTATAGTTTTCCTCAGCTAAGGCTCTGTGCCGCGGTTTGACAGATTCACCATCATCGATATGCACGTCGGATCGCAAGTTGATGGAGTGCGGTCACACTCTGTTGGTGGAAGAGACGGCCCTTTTGCCCGTAACCTTCCAATGCTCCAAGATCTGTAGGAGACAGGCGAGTCGCACACCGAGTCGTCCGCTCGCACCACGGTCCGTCAACTGTATATGCATGAAAGAGTATAAGAAGCATACCGAATTGTATGTTTATCTGGCGACCATGTAATCCGGATAC,1885,51.62,Saccharomyces cerevisiae
SEQ_667536,GCTAGCCTGATCGGGAGGAGAGGTCAGAGACGTCCTTTTGACACCCTGTCCCGTTGCCACTCGCGTAAGGCACCCGGGGGGGTCAAGTATGGATCAACTCCAGATTATAATGAGGCTGTTACCCTTAGTCAGACATGGACGCCAACATTTTGGTGAAACTGTATACGCAGGGCTGGACTTGATAGTACTTGCCCAGAAGGTGATCAATAAGTCGGCTCATCAGACGAGGGCTCCTAGGCCCCCCTTCCGCCCCAGTTTAAGTACATTTATGGATTACGTGTAAGAGGGGACTAGCAGCGATTCCATAATATTGTCCGACCCCCTCATGTCCCGGTCTATCACGCTGATATATGTCTATGTTACCCATTTAAATAACCGGCATGCCGAAGACCCAACTGGGAAATTTTTATTGAACGCGCACGCCTTTGAACTGAGGCCCATAGGGTCCGATGGGTGTCAACTTCATACCCGGACCTCATGTCAAGGTGGGGAGCAGCTCTAAAAGTGGGTTGATATACATTCTGCTTCCGGTTCAACGTTTTAGACCAGGAGGGCAGTA,559,50.63,Arabidopsis thaliana
SEQ_492738,TAGAAACTCGACCGGTCGTGGTTGGGTTATGCTAGAAGGAACGATCTTGAATCGCGCCCTCGAATTCTGGAGAAACCCTTCCCGAATGCGCGCTAGTATAAGATAGAAGCACAGCCGACGACGATATCTGCATCTTAAGTAGTTGTTAACGAGCGGCCCTTTGTCTCCGTTGCTGCTTACAACTCCACAAATTGGCGCTTCGCGTGTGCTCCCGTACTTGGGCATAGCGATAGGGCGTAGACGATGCGTTGTATCGAACATTACCGCCGGGTCGAGGCGTGAGGTCCCAAAGGTCATTTTTGGAAGTGTAGCGCCAAAAGTGTGCTAAGGTAGTTTAGGGAAGGAATCGCTATAGTTCACTTGCCACGATTTGGACATGTCGTATTGCTGGAAAGGGCGGATCGTTATGCTGATACTTAGGGTTATTTCGGCATATGCGAATATCGAGGTACCGGTGAAACGGCCTTAGGCACTTACCACATAGGCAGAACTCGTAATGGTTGTTGGCCTTCCGACGAGCACGGTAGTAACTAACAAGCGAAGCGAGGATGCCTATTCTGACAGTAGATCGGGAAAGGCGGGAACTCACGGGAGAGACCAGATGATCAATGAGTTCGGACTTGCCCCCGGCGAAAAACCTCTAGTGGCGGAAGTTCTATAGATGATGTCGGCTCCCACTCACAGAGTGGCACGTACCAAATTGGTACTACCTCATTTTAAATTCTCCTCTTACGTTCAATCGGTCCTGATGAGGGCAGTCCCATGTAGGACCATAACTTTCATCAGACTCTGCTGATCCCGTAGTTGCATTAGCCTTCCGCGCTAATTGAATGGAAGGCTCGACCTGCGCCGGGAATACCAATCTCCGTGGATGTGGAGAACGGGAGCGGAAACGAAGATCCCCGACTTGTGTAGAGAACCAAGGGTCGCTAAAAGGGTGCAGTCAGATTTCAATGGCACAGCTATCCTGAATAGTATTGCGACTCACCGAGGCACCCACATGCCGCCGAACAAGCCGCTACGGTAAAGACTTCCGATCCATGGGCAAGATGAATCTCCTTGAGTGCTAGAAAAGTCGTCCAAGCACAACACATGGGAGTGAATCCTGGAATAGTCTAGTCGCATGTGTAGATAGTAATGCTTTGGAACCAATTCTTTTTTGTCAGGTTATCAAATGTGATCTCGCTCGATATAGGCGCATACCTTAACCTCACGACGACTACCTCAGTACTCAATTTCGGGCGATGATGCACATTCAGTATAGGTACAACTCCAGAGCCACAAGACCGACGGAAACGGTACAAGAAGATGAATTATACCGCTGTGCCCAGCGTTTCATCGGATTAGCGCTGAGAACGTTCCTCTCCATGATTTCCTAGGAGAACCCCGAACTGCATTTTGGGGACTTAAAAAAGGTCAGCTGGGCGTTACAGAGATTTATAATCTGTCCCTTCCTAGCGCGAGTCCTATCGCCAGTGGCGTGGAACCTTCTTATCTAGTGGCAGTTGGCGCTATACCGCCCACTGCACAAAGCTCACCTCCCCTAGCCCCGTAATCCGAACTTAGCCCTTCACCGGGGCCATAGTCCGGTGTAGCTTTATCATAGCGATGTCGGAGATCGAGGTAGTTCGGAGGAAGTTGGTTTGCAGATTCTGGTAAGAGATTCCGTTTAATCAGAACTGCGTTGCACGTGGAAGAATTCAGAAAACGCCTTTTGTTGTATACGGATTGTACTCTATCTGACCTCACTAGCACGCAGAGATAGCTTGGCAATACGGAGGCTTATGTAGCTTGTGACTTAACATTTGCGTCGATACGTACGTGACAAGTTCTCGGATTTCTACCAGACATAGAAGGCTACCGTTTCCGCCATGCCTTATCATCGTCCTCCTGAGGCACCGTTTCGGGCCCAACGACATATGCGGAATAACAAATTGCGCATAGACACTAACTGATAAGATCATAATCACGAG,1973,49.32,Escherichia coli
SEQ_862312,TCGCCTAAAGGGGAAATCGGCAGGATCAATTAAGTTGTTTATAACATTTTGGGCCATGTATGTTATTAATCAATGCATAGTAATCGTTGCCCGGAGTGAAGTGAAGGCTACGGTTTATCGAGGTGCTGCATTGTTTGACCTGGAAGGTGCTAAACTCTAATCATAGTGCAGGTCTCGTGCTCTCTCACCAATTTAACGTGTACAGGTTCGTACCTACCTTGCGGTCGTTTGGACAGTGCAGAGGTGAAGCTACCGAACACAGGCGCTAGAATCAGTGTTAGAGTGAGCCCTAACAATTGCTGGCTGCTATCATACCGCAAATAGCGCCCAGAGGTATCCCCCGTATACAAAGCCGTGTTCAACGGCGATGGTACCGAGCTAGTTCTTGGGTGCGACAGCTGAATATTTGACTCCTCTTGCATGCGCCGAATTCAGATTAGAGGCTCGCTGGGCGACCGGGATGTGGATGGAACGGCATTAGAGGCAACTCTACTCTATCAGTCTTCGAATGCATTCAGGAACGAAGAAGAATTAAGACTGCCCACAAAGCCGGCAAATCAAGATCAGTGGAGAACTAAGGCGATGCTCTACGGGAGGGTACAATTCGAGTCAATGAGCGAACTTAAGGTGTTTGTCTTAAGGGATCGCATTTCTTCTGACACCCGCATCACCAACACCGGCCCAATTTATTAGAATCGCGCGTCTGCCTCGAGAGGGACGTAGGACCAATAAGTAGACGCGCATCTCATCACGCGTGTTCTAAAACCTCCCGCTAACTGCCGTAATCGGATCTGACACCAGTTTAATAAAGACCACGATGGTTATAGCACCGTTCTCGCTATGCCAGACCAAAATTGCGAGGCCCCCACCTCTCACGTCCTGAGGAAAGGGCGTATTGGCGCATCCTCAAGAGTAGCTGAACGGGTATCTACCTGGGATAACCTAGGTAGGGCGAGCTTAGTTCTTACCACAAGAGGTGCAGCAGATATTAGCTCGTTCTACATTTTGTACTACCCGCGGATATCCACTAGACCTCATATCTTGACCCGATCCTGGGGACGATCCCAAAATTATTGGGACTATTAACAAAGTCCGGAACATTCCGGCTGGATCTTACCCCAGGTAGAGCCTACGACGTGTTAACTTGTAGTGTGACCTCATCCTTCTTGATGCGCCCGCTGAGGCTCACAGGCTACCTTCCGGGTTTGGTAAACTTACTGTCCACAGTACGTCACCGGATTTAAACACTGAAACCTCTAAGCGTGATAAACCAACAACAACGGGTTATCAGCCGCCGCCGTTACCAGTGAAGTGTACACCTTGTCTTGAATACCTTTTCTGCAGAGACTCATATACACGCGATTACCTCATCGCTCTCCACGGTGCCATTAACTACTCATGTATAATCTTTCCGCCCGACGCGTGGCATCCTAACCGGGATAAATTGGTGGGCGGTCGTCACAGGAGCTACAGTCGCCATGTGTAAAACTTCCCTACTCCAACTTTGTACACGACCGCCTCCGAGCCCTAACTGGGTTTCTCCGGGTATTCCCAGTCTCGTAATAAGCGTGAACTGGGCTTGCATACGTCACGAAATTGGGCTTACTATCCCCATCCAGATATTAAGCTCTTGGGCCGCACCTGCTACAGTAATTGTAATTATCTGCTT,1669,49.19,Homo sapiens
SEQ_667976,ACGAAACTTTGTAGCTGAATTCAATCGAATGTGAGGTTGTTAGAGCACCGGCGCCGTAACCTAGCCAAACTACCATCAGCTGCAGCCTTCCGGCTAGGATCCTGCACTAGTACTTTTTGAATCAGTCCTCGTCAGTACACACTAAGTGGCCATGGCGACTCACCGCGCCTTCCTCGTTGGTGCCCTGGAAGTCCAGAACTTTTACCCCTCCACCGTAGTATTTGCAAATTGCCATGAGTACGGCGATGTGACGTCAGACGGCTAACGACGATGAGAGCCACGGAGAGAAAAAAGTGGCGCTACACCCGATTGGTTAGGTTGAGCGGACGGTTCGCACGCCGGGTTGTGAACGCTGGCCAGTCGCTGGGTTAACGGGATCCGCAATGGGCCAACGGGCGGGCGTGTAACGGAACGGTCCTACGCGCTCGTCGAACAGGGTAACAGCGGCGAAATGAATCGACTTGGGGGCATAGTCAATACACCCGGTCCTTTCCTCTCTATTCTTCCCGTATGTAACATGCTCCGCACGTTATCAGGTCTCAACCCCACGTTATTATATATGTACACGGTTAACGTACAATGCAGCGGCTGTAATGTGGACTCGAGTTGCTGTGGGCGACGGGCGGAAGGGTCTCTGAGGTTGGACTAGGGAGGCAAGTAGATTAAGGGGCCCCTTGTTGCTAGGGCTGCCGTCATTATTCTACATCAAACCTTCCTAGCGTTAGAAACCCACCACCGATGATAGGGTTTGTCCGTCCGGCTGTCATTCTGTTCCGAGCGATTTTACCATAGAGTATTAGTTTGAGAAAATGTGGGGGCGGATCTACACTGGTTGGTGGATCACCTGCCTAACCGACGTCAGCCCACTTTTTACTTATAGGGTGCAACCCCTTACGACATACGTAGGGTCAGCACCCTAATTGCGCCTGCTCCTTCCATAGTGTTTTCCGTTAATAACTGGATGGATCTCACGACACTCCTACTACCTCAGATGATAACTTACCGGTCGGGCCGGGAATAAGCCAAATTAAGTAGCTAATAGCCGACTGCTAACGATTTGTAGAGTAACTTGATAAGCCGCCTTTCAGATTTGGGTTCGATTTTAGGGTAGTTGCAACGGCCATTAGGGACCGTTACGCAGATTCTGGCCCTCGTTCCCCCTGCCCAGTGACAGCCGATTCGATCATCAAAACATCGAAATTTAGATCCCATGGTCACAAGCATGGATCCCAATGGTGGTTCGAACGTTGTACGAATCGGGATCAACGAACAGACAGCTTTGTACATGCGGAGCGGGCCTATGCTCATCTTGGATGATGAACCACCGGTCGATGCCGCGCGGGTGTATGGGTACCGTAGTCCTCCCGCTTTACTCCTTTCAACCAACAATTCTATGATTAGTCTTAATGATTGCCGTCCGCTAGGATTAGGA,1432,51.4,Escherichia coli
SEQ_984136,TCAAGTTGCACGTAGGTCCCACATACTGAAATACTAAAATGGAACCTAACCCAGTCGAGATGGTTGGTGACCAAATGGCTGCAAGGTTGACTACCTGTCACGGATGCGGTTGCAGCCCGGAATCTTGCTGTCCTGTCCTGTGGGGAAGTCCGTCGTAGTGGGAGTGACTATATCACCGCCTCTAGTCTTCAAGTCTTGCGACCAGTAAGATGCCATTCTGGTCACTCGGCCAGACCCACTCCGAGCTATGAGATGTCTTTGTACCAACGATTGAAACAGGGTATCCTTCTGACGATTTTCTCGGATGATGTTCGCAAGCGGCTCGGAAAACCCTGCAGTGTAATGCGCGAAGTGAAGCAGTCAAAGGGCGCAGGTTCCGGTACGACCACCCCATCTCTCCCACTGAACGTGCATAATGAGCGTCACTGTTCTTCATTCACTATTACGTCCATACCTGTTAGTGGATTGGTCTTAGTCCCAGAGAGGCGTGAACGGAATTCACTTCCTTTCCATACACAAAGGGACTACGCAAAACCCGACGCTCACGTGCGAATTCCTAGCTTGTTTGTCGACACTATTCCCAGTTCATCGTTCTGCATTATTAACGCGAGGACTGGCATGCTAGATAGACTGACGAATTTGGTGCAACTAACCCATCTGTAGGTGAGATAAAAGAACTCCAAGGCCTGGGTTCACCATTAGCGTGAGACGTAATCTAGGTTGGATCAGCGTGCTTGGAAAAGTTAGGTACGTGTTAACCGTAAGTTGTAGGAGGAGCAATATTAATGCCACAAAGTGTAGCGTCTACTGGTGGAATAATTAAGCTCTGTGATACGCAGCGGTTTTATTAGTTTGCTTATTGTACCACTCGCACCGAGAGATATAGGTTCTTGAGTTGGAAATTTCAAGTTGCTGATAATGCATAGCTAAGTCAACCGGCCCCGACCACAACTCCTATACCGCTCCGATTTAAAGTAGAACGGATATACATTCTCTTTCCGCGCTATATACACAGAGCAATTCACCCGTATGTCACACCAGGGGGGCATCTTCGACCGTAAGCGCTCGGAATCACACCACTTCCAATGTGTGGGACATACGATACGAAGGAGGCCGTCGTGTACATTGATGCTCATGAGAGTAACGGCGGCCTCATGAGGTATCGGAATATAATTACCAAACCAGCAATTTCGAAGACATCTACGCCAGGGTCGCTGACGTGCAGCTACGTATCAGCCTTACAATAGATGCGACACAGTGTTGGAAATCCTGAAAACGAATCAAGAATGATTAGGTCCAGGCGACTAACCATTATGTTAGTCGCGTGTTCGGTCCACTAATATTCGAGTAAGTAGGCGGCGCTCCCTCGGCAGGCACGAGCTCGCTGTCCACAACTACACGGAACCAAGGCTCTCTCGCCGTACCTTCAAGCCCGAAATCAGTATCACCCTGGACCCCATGGCGCTGGGAGACCGCCGACCTGCTCTCGTTTTTTCCCGCTGAGTTATAAAAAGAGTATAGTAAAGCACTAATGCGCAACGCTGGCTTACTCCGCGTTGATTAATGGTTCGTTATGCCGTACTCGATGTACTCCCTGCATGGGGTTTGAATAAGTCTTTGGGCTCC,1626,48.95,Saccharomyces cerevisiae
SEQ_786256,GAATCCTGCGACAGGTGCGGTTCAGGTGACAGCATCCATGTAGCCTTATTTTACGCTCCGCGGGACCGAGTTTGAGTCAAGGAAGTCCCCTATCTGGCAGTTCTCGGGTTACAGCCGTTGTATCGTCATAGCACATGCTTAATGGGACTTAAACGCAGCGAGTACGGCGGACACTCCGCGTCTCACTGTAGCAAACTGGTGTGTGCTTGCGCTAATCAACGCTTTCACAAACGGTTTAAACCAGATGTCCGGTTGATCTTTACCACACGAATGCTACTCAACTCATCGCTGGATGTCAAGTTCAGCATTCTGTAACCTCTACACCACTGAAAATCGTAGTAAACATAGCAGAGAAGTCTAAGTCGATATTCTATGTGCCATCGACACTCCCTGTCAAACATTAGGGGGCCCCCGCCTAGCGCTCGGGGACCTTCACAGGCGGTCCTCGTAAATACAATATCGCCTGCTGTCGCCTAGCTGATTTAATATAGCCGACAGGCCTACCACGGAGTAATCCCCCACACCTAGTGTCATCATCACCTAATTTTATACCCGGCCCTGTTACACGGCCTAATCACACTACTACTCAGAATAGAACCGGCGTGCGTCACCGTGGGATTGGAAGCGTTGTCGTAAAGCCCTCAAGACTTTAGTTACAGTCATCTGGAAGACTTTTATGCGGGTCGTCGTTAATTTCGCGGCCATTGATCAACCGCCAATCAGAGGACTTGAGTCTCGCAATGATAAACGGAGTTTGACCGGACTGAGCTAGTGAGCTGGGCGGGGTGAAATCATTATGTCTTTTGCGCAGATTCGACTTCTTCTCCAAGGATAGGGAGCCTTCTTTGGAGTAATGCCTGCCATGTCGACGTCGCAAGTACACCCTGGAAAGATGTGCGGGCTGGGGGTCGAGCTTAGCCTTGATGGGCTACTATCTCAAAATGAGGAGGTCTGTATCTGCATGAAGTTTGGGGTACCATCTAGCTGGCATAAGAGGACTTGGGGTATCTTTTGGACATTACAACCGCTCGCCGTTCGTAGTTGTTCAACTGGACCAGGTTGTAAATGGTGTACGTTAGGTCAGGAAGCACCCGCGTTGGCGAACCAGCGGTTCGAGCCCTTACGCCAACGAAGGCTGCTGTTGCCTGATAATAATAATAAGAATGACGTTGAGTTTCGACACCCAGGTCTTATTGTGAGGTCACTGTTGCGAGCGCGCCATCCTTTCATCACTGCACACGTTGACAGCTGCAAACCGAGGTTCCCCAATGGAAATCTCCCCCGCCCACGAAGGTCCCAACGGTATAGTTAGGAGTGGCATAAGACCAGTGTCTTATTAATAAAGCGGCGGTAGACGAGTTCACCCAATTGGCTAGGATTCCCACTTTATCGTACCTCATAGAACTGGACACATACTAGCTTCCTGGAACAATGCTTTTCAGACCCGTCATGAGCGCTTAGGATCTTTTCTATCGGGCTCCAACATCTATGAAACGGGGTAGGCCAGTCGTAACCACCTCTGGTTCGTCCCACGATGTCCGTCAACGCAGTACTCTCGCTGAGCGTCGTCCCCTTATGGTTCTCGTAGGTACTCTGAAGGAAGCAAGCGTGATCACTTTGAGATGCTTTGAAACTCAGTTTGTGGGAGAGACTCCTTAGTTAATTCAAAGCAGGTAGTCATGAAAAGTGAGCGTTACACACGGTATAGCGAGCTTTATAATTAATGGAGCCACCTTTATATCCAGTTCGGTTAGCCTCCCGCCCACGCCCGGTTCATTGCTGATCTTACCTAGCGAGTCTTATCAGAACATGCTGGTAGCGTCTCTGATATTGTACCAAGGGTTACAATTAACTTGCCGAATGTACTTCTCGCACGGATGT,1881,49.65,Homo sapiens
SEQ_231233,CATGCCCGGCCGTGTCTGTTCTTGCCGTAACGCGCATGCGCTATGTGCCGTAATAATAGGCGGCAGGCGCGGTTTCGAACCCATCCTTTTAGGCAAAAGGTGCAGACTCAAACCCAAGGGTCGAATGCGGAGTCAGTCTGAGCCCGGCCTCATCGCGTACTCCCAGCACGACAGACGCGGAATCAAATGAGCGTTACATAAGTCTACGTTCTTATTTCACCCCACACTTGGCCCGTCTGAAGCTGGCGAATTGTTGGTTTTTCGCATTAAGGTCACGGGTTAGGTGCCCAGGTCTGCGCCGCTCAACGGTGGCGGGGGTTTAGCGGACTAGTTAAGCGTTTCCACCGACATATATAATGAGGATGCATAACGGCCCTTTTTACTCAAGCCGTCTTTAGGGAGTCCACCAATCACATTACATGCGTCAAGAGGTAGGATGACCACGCTCACAACTCCCCGGTATAAGAAAGACTCCATATGGGCATCCAATGTACCTGCCTCTTGGATCAACTTTTACTCGCCAAAGTGATAGTTGAAAGATCAAGAACCTCGCCTGGTGCGTGCGGCGAATTAATTGAATTATCTGGGCACTACCTCTGTAACTACGAGAGTGGATGCACGCTTGTTGTTACGAGACACGTCATCACGAGAAACACTGCCCACTAAAGGAAAGCGGCCACATATAGCTGTCTAGAGATATATGCCGGCGGCAAATAGTATCCGAAAGGACCAAGCCCCGGTTCGCCCTTGACGCCAGCCGGTTACTAACCGATGATGCGCAGTTTTTTTCACCATCGCCACCATCCATTGAGGACCCTGATCATAATGGACGCCGCTGGTTTCGCGGAACACGCGCTCCCATCGTTCCTTAAGCGTTCCCCCCGCCAGACAGGTGCTGAGATCGCCCTTATTAACACACGCTCCATACACCTAAGGGGGACCCCACTCATCGGGCGTCCCTGTCGTTTAGTGGAGATGCCCCGTTCGGGGAAGGACTCCACCTATTGTCGCACCAAACAATACTAGATCAACCAAGGTTAGTCGCTAGTCTCCCCGCCGATAGAGTGAGCATCAATATTCG,1081,52.64,Arabidopsis thaliana
SEQ_428690,CAAAACGCTCGGTCTTAAAGTAAACTGTCCGTTATTCCGCGCCTCACAATGGTGTCGTCTCTAGTTGCTTGGATGAATGATCCTTGACTAGCATGCGCTCAGCCCAGTAGCGGGCCGATAATTTGAAACCTGTTTCATAGACCGGCAAGAGGCACTAAGATTCTGCGTAATGGGCAGGACCGTGTCCATCCGCTCAGCACCCTAGGGGCACGGCAGAGCGCGTGTTGATTGCACGCTCTCAGTTCTTGCTCGAGGTACTGCAGATCACTATCTCAACAGGATCTCGCGTAAAATGAAGACGCCTTTTTTTCAAGATACGTAATGTCTGGGTGAACATCCCGGATGGCTTCGGTTTTTCATGACAATTAGATGTCCAATAAGCTACGGTTCGTTCCTTTGCAGGATTCGTATAGTACGGCAGGTATTTTTTTTCAGACCGAGTGTTTCCTAACCTTTCGGTGGACGCTGGACCCGTTCGTATAGCCCACTTTCCTCTACCATACAACCTGGGCACATTCTACAATATGCTAAGTTGCTCTCCTGATATTCAGGTTTGATTTCGCTGAGGGCGGCAGTAAACACTTCAGACCGAGAACGGGCTCTAAAGTTTAGAACAACAACTGAGTGTCCATATTTAGTCCTGCTGATGCTGCACTTAGCAGACACCTGTCGTAAGCATCCGTTCTTACAACTCGGCACGTCCCGCTATTGATCGTAGCCATGCATATACCCGTGCAAGGACATGTAAGCCCAAAAA,757,48.35,Caenorhabditis elegans
SEQ_106280,CCCACCGTTGTCAGTCACACACAAGTTGCTGATCCTCGCTTCCACCACTGTATCCTGTTACCTCGAAATAAGTATGGAACGGCGTTAGAGAATGTTCGCTCGCGCCTCCTATCAATACCACCCCTTGTACTCGGCGCAGCCATCATTGGAGCCGGGGGAAAGATGCGCGCGAATTAGCCCTGGCTGACGCATGCCTCCACAGTGACCAGTGCTCCGCAATTGGGAGGTAGAGCCAGGATCTCCATAATCTCGCTGGTGGGCTAGATCCACGTGCTGGCTGGCTGGTGGCTCGGATAATAAGTGTTTGTCCTACGTCACGGAGGCTAACAATCCCGTGACGGGAAGGACGAAATATACGTATTTTGTAGAGTAGAAGTCCTGCCAGCTTCTACTCATACGCTATGCGAGGGTATAGTCATCGGGACTGCCTGCACCTTCAATGTATCGGCCCTCAGTAGCACCTAAGCGGCCCTCGCGCTCAGCCCACCACTCCATATTCTACGGCTAAATATTTTGTACTGCATTCACGAATAAGCGGCGACTGGGAGAACTCCTACCATGTAATAAGTAGAAGGAGGAGGTCTTATGTGCCATGGTAGTATACGCGACTATCGACTTCAGGTCATACACAAGGCGTACTTGGCTACCCCGCACTACTCCGTGCTCGGAAATAATGTAAGTCACGCAGTGGGATATTGATTCTTCTTCGTTCCTGGGTAGGACGTTAAACCCTAACTAGCGATGCCGTCATGCTGTACGTGTGGAGGGAAAGCTCATTCTTTTACTCCCCTGAGGAGATGACCAATCCCTCACGAATTCGCAAATAGAAGGGGTTATGGGCCGGCGTATCATACTCTCAAGGCCTTTAGACACAACCAGATCCCCTGCCGAAGGCTAAGAAACTCAGGAACAGGAGACACGTCAGCTAAAACGGCCCTGCCATACCCTGAACGATAAGGCCATATCTTGAAGGGCTGCAATACGAAATGGAGCCCCGTTGCAGGGCTCCCGCTCCTTAAACATCGGTTTAATACGTTGGAGGTCTAGTTAGCGAGCGGGAGGGAACCTGGAAGCCAGTAACCTCTTTTAAGGGGTGACTAGGAAAAGGATTAA,1113,51.57,Arabidopsis thaliana
SEQ_930352,CGTCGGAGGTATGTCTTGTTACCTAAATACAGTCCTTTAGCGATCAGAGCCAACCGGACCAAGAGTCAGCTCGTGTAATTAACTAGGCGACAAGAGTCCAGCCGTCTGTGGTGATGGTCCATTAGGCGAGCATCGCTCTGGTCTGTCTACTAGGATAAGTCTGTTACCGTGGGGGTTAATTCAAATGCTCCTGGCCGATCAGATCGTAACTGGTGCATAATTAGAGTTGGTACATGTTGAAGAATCGGAGTGCTCTTTTCCCCACTATCTCGATAGTAGTCTACTGTCCTCAGAAGTTGTCGATGCGGCCCGTCAAATTATCTGAGACTGGGTCAACTTGCATTACTATTGAGATCGCCGCCTCCTCCAAATACGCGTAGTAGTCTAGACTGCTGAGCGGGGGGTCTGGTATCATGGTGTATGCGAAAATCTGCTGGGGGATGGTTGGGAGCAAAATCGCGGTGGGTTGTACGATGCCTGGGTCCGACGAACACCACCATTCTGCAATTTACAGCGACGACACTAGTAGGAAGTGAGGCGGGAGCACAACAAATGCGGTGCATCGGTGTTGCGGATAACCGAATTGCTTGACTGCTCTCATTTTATATTGTGGATATATCAATCCTTAGCGCGCGTGACCCCGGCAAGTCAAAGCCGCGAAGGCATCGGGGTTAGACAGCTGCCATAGAATTAAGCGGTTCATTGAAACCTGTTTCCTAACGCCAGGTTTACACGTTGCGAAGTATGGAGATACTAGTATGGGCTCCACATCTAGGCGCCCCGTGAGAGACGGGGTCCTTTCCCATATAGAATGCGCGGTATGTCTCGTACCA,833,50.3,Drosophila melanogaster
SEQ_858118,CTACGAGGGTATCGAATTGTGGGTGTCGCTCGTTGTTGAGAAGACACAGCAGGGGCAGTACTGTTACAGCTAGAAACCAAAACGCGTATACTACTCGGCAGGAGAACACTAAAGAAGGCTTGTTATCTGCTGACATAACCTCAGTAATGCAGCAGGTTCTCCCCGTTGTATGCGAGGGGCCATCTTCTCTCCAGGGCTTCACAGACAACCCCTCCGGCCCTTCCCTGTAGGTTAACGGATAATAACGGAGTGACGTGAACCTAGACGAT,269,50.93,Caenorhabditis elegans
SEQ_826788,AGCCTCTAACCTCAATATCGATCCAAGGCGGGGTACAGAATCGCTGGGGGAGCGCGCCATGTCGGTGGTTAGGTTGGTCTGTGGCGTATTACGTGGCATACCTTTTCACACCGGTTGGTAGAGCCGGGGCACCTGTTAGGGCTGGTATCTAGAGGGCGCTCAATGGCCCAATACTAAGTTAACGTTATACGAAAATCCTGATTGTTCGATAAGAACGCATACCACTTAATACAGAGCGCCAGAGTCCTCCATGCAGGTCGAAGCCAAATTAGTGTCGTCTCGGCGACTCATGCGCAAGAGAGTAAAGCACGGGGCTGTAAAGCTGGTATTGCCCGGCGATGGCCTATTCGGATTCCTAAGGACCCTCAAATTTAGCAAGCTCCCCACGAAAGGCTCTTAGAGATCCCCCATATAACCGCCGCGCAATCTACTCCTTCACAATGGGGCTAACGGTGAGTTCTCAGCTATTGACAAATAGTATTCACTGCCAACTCGAAAGCGTTTGCTCGATGAGCGGACACTAGACCCTTACCTGCTGCCCTCCGGGTTAGTGAACATTCCAAGGCAGTGGCCATATAATTTGCTCAAATGAATAACAGGACAATCCATCAGAGTGCGCGAAGCTGATCTTCATATTGCATATTATATGAAAGAGGGGCTTTCGGCTGTGTAATCCTGATTAATCGTTCCTAGGGGTTCGGTGACTTCGTTCCTACAGAGCGGAGTGGGCGCACGATCATCGCGCTGCATTCGTCACGTTCGGTGTGCCGCATTACTGACGGTTATTTACTTCCGCACCATGTACGCGTTCCGAAGGAAGACTGTGCCTCGGGCCGGGAATCCTCGAAAATACCGGGATCCCTCAGTCTTCAACTGTACCGTAACGTGCCTACTATCGATAGGGTTTGTGACCAACGTAAAGGCGTAACACCATTAATTTTCTTCTTGACTCTGTTAAGACGTGTATGACGGCTAACTCGGTACCACTCAAGCGATCTCAATAAACGAGGCGGGTGCAAAGCCCGCCCTACCGCTTAATTATGTAAACTTGTAGCCGCTCGGATAGATACGGGTGATTGAATACAAGCGGGGTTGCCCCGTGGGTTGGCACGTAATCGTGTAGTATTCGCTTGGAGGCACCTCCCACCAGTTAGATCATCTAAGTCACCAGTGAGAAGGATTCACACAGCATGCAACGGACGCTAGGCTAGTTCGGTCTCGAGAGACCACATATGAAGAAATTACAACGGTGCTACCGGAGGGCCCGCGAAACGCCATATGGTTTTGACTACTCATCGGGTTTCCGGGCATCGCACTGGCGATTCAAGGACACTTTAAAAACTAAGATAGTCCAGGATCCTGACAGTATTTGCATCCGTGAGCTAATGCCTAGGTTGTGGGATCCACTAAAAGCTTGTAAATGTACATCTTTGCTTAGGTGCTTCCCCACACGCTCATATTAGCAACGGG,1470,50.2,Mus musculus
SEQ_839024,CTAAGTTTGTTCACAAGTGATTGAGCTAAGAAATAAGGGTACTGACATGGCCCAAGCTGACTTCGTAGAACTCTCTTGGCCGAGCCCCCCAGGGGCGAACTATCGGATGAGAGACACTTACATTGTTGCGCTCTGACCTAGTCGGGCTCTCACGGCTCCTGGCCATTTGGATATTTAGAGAATTACCCCATATGCCCGCACTGTTTGTGACAGCCCGACCTTCAAATGAGTCATTATCTGGGATGCCATCGACATCGCTTCCTAGCTCGAGTCCTCGCAGGCCCTAGGGTTCGTCTAGTGACCGTACAAGATGGTTGCTTGCATGATACCGTAACTGATTCCCAATTGTGGGAGACAGCCCTCCTCATCTCGGTGTTTACTTCTCAATAGAGAGACTCCCCTAATCGCGGGCTGGAGGGGGAACAGTCCTATAAGCATACGCCTTGCTGTACTCGGTCACTGCCTGACCCAGACCGGCCTAGGTTCTAATCGGCCTATTGCATCATAGATACACTGGTAGCAACGGGGTGGCCAGAGAAAGGAAGCTTAGGGACGGCTAGTAGCTCCACTCGGGAGGAGTCGAGCAGATGGGCGTTATACACTCCACTAGGGGCGCTCTTTCAGTTAGTCTGGGCCAAGTCCTACCCCTCTCGTCTTGGGCCGTTAAAGAATAGTAAATACCCCCTGCAGTTCCCATGGTAAGACTCGCGGGAAGGGGGACGATCCAATGCGTACCCAGGATTCTCGCCGAAGTCCTGCCACTGAGTACACATAGTGTAAAACTAATTGCCGTCCATGTGAAATTGCGCCCGATTCTTAATCCGAACGATTACTCTAGGTCGCATAGCGCGAGTTATCAGACAGGTCTTCGTTTAGTAACTAATTGGTACGAAAAAGCTACGGGAAATCCTACAAATAGACCGGAGTGGGTTAGACGCGACGGGTGTCTGGAGGTGTGAATTTAGCCGTTTAGCAGTTTAATACATCACTCGCCACGTTACTTTTCTCCGTTACGGCCGCCACTTTCTTTGCTGCTCGGCGCAACGTACCAGACCCGCTATTGGCGATGCCTAGTAGTAGTCGGCTACGGCCTTTGATTAATACCGCTGGTTCACGCGATTTTGTATATACGGGCTTTGAAGTCAACTGTGGTGTCGGGACATACCTGCCCATTAGATCTATCGGGTCTTCCGACGGTCGGGGGGGGTGCCGTCCCAAGAGTTTAGTATGGCTGTCAGATTGGGGAAGTACCCCACCCGTTGACTCGCGACACGCAGGAAGCAGGACTTTGTCGGTAGTTCAGGTGACGAACGACGCGCAGCAAGAAGTGACGGCTAGCGAAATCGATTTGGGCGGGATCGAT,1363,52.24,Caenorhabditis elegans
SEQ_357054,AGAGTCTCTCTCGTTAGGTTACTCGCTTTAAGTACCCGGAACGCTTTTGCTCGGTGACAACCTTGCTTTTACCTCCGGCCGGCAACTGCAATCCGGGCGTGTAACGCCCGGGTGCCCGTTCAACAGTAAATTCTCCCCGATTAGCGCTTCTCGTAACCTTAGCACTCTGCAATTGAAGTGTTACCTGTGTAGCATAGAGGAAAACCGCAAAGGAGATGACGCAAACATATCTTGACAGTCCGATGTGCACCGTGTCACTTAACTATTTCGCTAAGTCTCGTCGGACCGCACACGCCGTACCGTCCAACAGCCCAAAGCTACCAGCGGTAACAAGCAAACGCCTGTATGCACTGATACCCTCAGGTCTAACAAAGAGTTGGTGGGCCCGGTTATGGGCTACTTCCTACCGTAGATATTAACCATCATGTATACTATAATCCCTTGCACCTGGTAACACGGGTCCTACGACGTGCATCGGTCTATCTTCTTCGCACCAAGCCGCGCATGGACTACGCTCGTCTCTGGGCGCATGTGGCTCGACGTACATCGGTTCCGAGCACCACGCAGCGTAGTGTTACAGCCGGGTCATATACGCGCTGTGATTGGAAATTTCACTCCTTCGCTACCTCGTCGCAGGCCGACTTAACGCCATGAATCCAAATGTGCACCTGACTTTAGCAGGTCAAAAGTATCAATGATTTCGAGCCCCGGTACCCATATCTTCGGAATTGCGCGATCTCTCGGCACTGGTGTTCGAAGAGTCCAAGGCTTCAGCTACCCCACGGATAACTTCCCCTAGGATGTCAGTAGGTAGACTGGTGGCTCGTATCCAGTCTGCTTTAGAAACAGTTTTGCAAGACATCCTCGATAACGCGGGCGTGTGCCTTGGGGCTAAAATAATCGGGAAGCGGACCGTTTAAAGCCCGGTTCTTAAGCGGACGTGCTGCGCAACGAACAGGCAGTCCTGGCTGTTACGATCTGAAGGCTTTTTTGTAGGTAGACCTGCTGTCATAAGCGGTAAAAAGCTGCTTTTGTGAGTGAAACGTGCGATACACTGGGGATGGTGCATCGATGGATACCACACGCGTTTCTACACTTTGGAACTGACACCGTTGTGTTTCGATCTCGCGCGCCCTGCAGCTACGATCCCGAGTGCAACTGAGAGTCTTTCAGAAGTGCATCGAACCCCGCCCTGCGAGGTGGTCTAGTGCTTGGTATCCCCTCCGTTGGTGAAGGAAGGGAGGCATCCATCCAGACTTCCACCTGGCTTTCGACTTAAATTGCTGGAAACCCATTTACGGCCAGACCCTCGTTAATACTTGGTGCTATATGTACTATGTTCATAATTCCTAAGGCTATTCGAGACCCTCGTAAGTTACCGTTCCACTCGGCGTGTTACAAGGAGACTTTAGGAGTGCGACAGTGGGTATGATTAGGATGCCGCTCACTACCCTAACAACCTTCTTCCATTTCGATGAGACTTTCAAACGAGCAGTAATTACGTCGGGGGGAGGATTGTACCTTTTGGTGACATGGTCGTCCGGACGCGCTCGGCGATACATCCGAATCCTTAGCTTTTCTTTTGTGATAGTTTGATGCCCTAGTCTGAGTTGTGACACCATCGACGCGTAGGCCGCTGGCGATTATTCTGAGTCCTCACTCTGACTAGGTCTGGGAGGCGACCGCTTGGGCGCTCTTGTCTTACGGTGCGATTGGAAGAGCAAGGACGAAAGGCGTCATTTAGAACTAGACTCTCGCTGTCAGGATTTTTCGCGTCTGCCGAAGAGTAATCCGAAAGAAAAGGTAGCCAGGCACGGCTCGATAGGAATAACG,1833,51.5,Caenorhabditis elegans
SEQ_150465,TCAGAATGTACAATTTCGATCAGTTCCGGCGGAGGGGGGCTATAGCGGCGAAAGTTCTCCTGGGACACGCCGTGAGATGATGCCGGTAAGACCTTAATGACCCACTCAGATTTAAGTGCCTCGTAGACTGAGTGAGACACCCATCTTAACGGCGCACTAGACTCATTATGCGCAGCGAAGGTAAGATCGACAACTGACTGTATATGTTCAACGTTATGCCGGAGCTAGAAGAGCAAGATCTAGGACTGTGCATTATATCTGATAAAATTCCTTACAAGCGAATCGCAGTCAATGAGAGTATACTTACCTCGCCTAAAGGCACATCGGTCAGGCGCCATCTGAATTCACATGCCTGAATAGGCATCCTTGTTAAAGCAGAGGTAAGGACAGGCGTAGATACGGAATCGCCCGCAGGTGCACCTGTTCTATTTAGTGCAAGGGATACCCATTATATATATTTGCATCTAAGTACACTTTTGCGAAAGACTACACCGACACGACCGAGTATGGTACAATTGGGTGTCCAAATGAGAGACATTAGATGGTTCAAGGTTAATAACTCCTAAGGTATGGTACTGTCAAGCTTTTCTTGGAAAGCGCAACAAGTTCCGGCCCGGACTTAAGAGTTCGCCCTAAGATTAACTCCTGGTAGATCTTCCTGTTCTTCTGGTGTGGTGTAACACCAATTTTCCACGGAGACCCTGATAGCGGGAGACCTTACCAGTTATCTTGGACCCCACACCATACGCGGCCCCGGAGGGTAAGAATTGAGCCAACCCATGCATCGCAAAACGAACCGATCAAGATAGTTTAATAATGTGCAGCTAAGTTATTGTGTTAGAGAGGTGCTCGGTTTGCAGAAAATTGACAAATACACGACCTAGTGTCGAAAGCGTTGAGCGAAACGCGAAAAAAAAACACAATTAGTCTGTTCCGTATGGATTGGCAAATGCCAGGTGGGCGGTCACACTGTGATCTTCAGGTCGCCAGAATGATTTCTATGTGCTATAGCATAGCCGGACGCACGCCCCCCCGTTCGAGAGTTTGTAGAAGAAGACTGTGATAGATAGGGAGTGTCTATGATTGCACTGTCGGCGCAGTTCCCGGGGAAGGAACCGGCTCCGACAATCGAGTGCTCAAAATTTACTAGACGCATGTTTATACTGGTACGCTGAACACCGTTAATGAAGGGATCCTATGGCACACTGGTATCATCTGAGGTCGCTGATTATGCTTATGAAAACGAGGGAACGCCTGGGTTCTGCGGGGCGCGCTGACGACTCAGTACTTCACTCTGAAGCCTTAACGAATGGCCCCCAAAACCGACGCCCTGACGCGTCACAAGCGGTTCCGACGCACGAGGGCGTCGAATGTACGCAAACCTGACGAAGGAAGATTCTCCTAGCGGGTCTAGACACCCTTCCAGAGGCCTCCATGCAGCGGGGGTGGACGGGGGGAAGCGGTGGGCCCTCACTAAACCCGCCGGACTGGCAGGCTTTGAGTGTCTGAAAGGTTCAGTTTACATGAAGTCTACTTTCTTAAACTCTCTTCGGAGGTGTCCTGTCCACACAAGGCCCTGCCACACAATTTATTCCGCACCCGCCTTTAGCTCGTATTCTTTTCTTCACCCAAACATGATGGTACGTTCCAGGGGCATGCGTACTCAACTGCGCAACGTCGGGGGGCAGACGAAGTGAACGGGCGATCCGGTCACGCCATACGACAGTCCAGTGTGCTACGAAGCACGGGAACCCCTA,1757,50.2,Mus musculus
SEQ_379311,GTGTCCGGATCGAATGTCCGCTATCCGAGTATTTCTCCCTGCTTGGCGTATCAGCGTGCTCTAAATCGTAAAAGTGTGTGTCACTCTAGCACCTGTACTACGCGAAACGCTGATATGTAGCAAACATTCTAAGGCTGCGATCATTTAAAGCAACCAACAGAGTCTTTGGGGATACTCTTACTGACATAGATAGCCACGCACGCCCGCTGCGGATATCCGCTTCAACCGGGCACGCTCTTGAGCAGTAGTCTGAACCCCCGGTTTGGGGGGAATAATCGGAGAACATGGATATCTGGCCGATGGTATCAGCACGACTTCTGAGCCCTCGAATGAGCGATGGCGGAATGAGGGGTGAGACGCAGTAGAACGTCGGGATTCGCTTCAATATCAGTTTCGAGTGGGGTACGATCTACCTTAGTGAAGACTTTGTTCTTTAGGGAACTCTTGAGCGCACTATTCCAGGCCCACGGCCTTGAGTCTTTAACACCATACTTCCCCTGGAATCCGACGTACACGGAGCCTCTGGAGTCTCACTAGTATTAATCATTGAAAATTTAGCGCTTTGGGAAGGTATGGATTGTTGGAGCGATCATGGGTAATTCAGATGGGATGAGGTGGTTGCCGGACGTAGAAAGCCCAGTGACCTAGCACCATGCTGTCCGCCTAAATTCAACCATACTGCACATGCAAACTAAACATCGGCGAGCTACTGGCGGTAACATTGTAATCTAGGGCGAAGGGCTAACTCCACATCCGATCCAGGGAGGTGCGGTTAATAGACACTGCAA,788,50.13,Drosophila melanogaster
SEQ_387371,ATCTGCTCTGCAATCAATGCGCCGAGATACCTCAAGTACGTCTTGTTGTGACTCTGAGATATATCTCAACTATCAATATTACGCAGTCGCGCAAATAGCGTGTGCGGAGTCCCCTTGTGTAGTCTAGGTATTGCGAGAGATTGGACAAAACCATGTACCTGTAATTGCATCACTGGACAAAGACTTCTAATTTAGATAGACGGCGGCAGGCCAACCTGGAAGGTCGGAAGAGAGTGCTGGAAGCGCCTCGGGTACACCCGATACCGATACAAATGCACGCGGCTGCGTAGGAAAAAGACGTGAAGTATCGTCACTTAACTTCTCCTTCGGTTCTCAACCATGTCTAGGACTCTGCGTTATCGCGATTAGAAATGGATAAAACCAGCCCAAACAATAGGAGTCGTCTTACAACGTGAAATCGGTATCGGGAGTAACGTTACTCACTGGGGTGAGAATAGGGACGAGAGATTGCCCACCCGAGCTTATGAGGAACCTGTCTGGGCTATACCGAAGGTAACAAACAGGGCGAGCTGGCAGGATCTGACGGCGTAGCGGCACTGACTCCGTAGGCTCTGAAGAAACGCTACTCCCACGTGTGGTGCAACTATTT,610,49.51,Saccharomyces cerevisiae
SEQ_994927,TTCGGGCATCGGGTGCGTGGAAAGGACCTAGGATGGCTAGCTTGCCGCTGGATTCTGTTCACTCAGTAAGTTGTTACATGATGGCGTGGAGGGGTGGTTTTAGCATAAAGCGATTTCTAAGATGACTCCTATGTTTCCCTTAACGGTAGGCGGAGCCTCGTACGACCTGAAAACTGGACTCTTGTCGGTCAGTTTTAGGAGAACGCGT,208,50.48,Arabidopsis thaliana
SEQ_823487,ACACGCTCCGACGACCCTGGTAGGCAACATTGAGTGAGTCTTAGTGTGTGACTCGTCCCTATTCATCCCTAGCTCGTTCTCACTGGCTAAAGGAAGTGCGGAGTTTGATGAATAAGCGGACCATTTACCTGATTTCATATGGATATTGGA,150,47.33,Saccharomyces cerevisiae
SEQ_408489,TTGTTAGGGTTTAATAAGTGATCTCTGCAAAGCATAAGGGCCCCTCACCCGGTTTACCTCACCTTTCGGCATGTACCGGTATATGGCCAGGTCAGTTCGACTCGCGAGACTTGAGACGTGTGAGAACTTGTCACGCTATGTATCTAAAAGGTCAATCTCACACCACCGGCCAGTAACGCAGGTTGTAGGAGTTAGAACATCTAGTGCCATTCGCCCCACCTTTCACCGTCGAATCCCTCGGACGATGCTATTGTGCCGTAGATGTCGGAATTCCCCCCGAATGCTATGTACACATAACATTAATTACATTTCCCCAAGGATGGCGACATTGCGGACGGGTGCGCTGGAAATCACAAAAAGTAAGTCGCCAAAGATTAGAGGCTTGGAACGTGTGTCGAAGGAAGTAATGACTAGCGGTGCCCCGTTTACCTGTCCACGTATAGTGAATGCCGGAGGTGATACTCCATGGAGCGTGACAGGTGAGTGTAATGACATAGCAACAAGAAGGGGGTTTTCCTGGTCAGACATCCCGCGCGCTGTCCATGATTCATGGGTCCGTTTCCCGTAAAAGCTCACTAAAGTTACCAGCTTATGACGTTGCTAACCTCGCACCTAGAAAAGGGTCTTACTCTGGGAGTAGGAATCGATTCTGCCTATAATTGCCAATCCCTAGATTCGGAAGTTGGGGATAGGGCATTCTGATGGAATTTTTCCAGTTCCTTGCCAAAATTTCATGGACTCCAGATTAAGATCCCGACTGATTAACTTCAGATAGTACTTTGGTATGCATTCACTCCCGTCTCAGACCGAAACTTCTCTACAAGTTGCCTCTGTTTTCTGAGAACCGATCGTAAGGGGTCCCTTCACCCGTGATGTGGCATCGAGCTTATCCCGGCCGTAACGTAAACCGGTCAAATGTCACTCACTCCCGCCTCCTCCGGTTATCCAAGGGCCAACCAGAATAAGGACGCCCTC,975,49.23,Mus musculus
SEQ_554019,AACATGCCATTGGAACTGTGGATCATGGCTGGGGAAATGCCGTCACCGCAAGCCACTTGGGGTTTGCTCACTGAGGTTCGGCAATGCAAAGTACTTGTTGCTTTTGGGACAGATTTTGCGTGCTCCCTCAAGTAAAAAAGAGAATAAGTATCCCTACCGAAGAAGTTGCGGATAAGGGCGGTCCACTCATCTGATCTGGAATCGGAACCTATAGTCTGTACTGATCGCACGTGGACTCCTGTTACAGCGACGCTTGGTTCCTATAATTAAATAATGATGATGCCAACGCGGAGCCCTTGTCTTATGTAGACTGAGTCTTTGCGCTGTATACAAGCTTAGCTATTGCCTGGGTCCCCGAATACATCAGTCCTTAAGCATTCAGGCAATCTAGATATACCGGGGACGCAACCATGTGATGCGAAACTCGTGTAGGTAGTTGCGAGGAGCCCAGAGGTTGATATGGAGGGATAATTAACCGAATATCTTTAGCCCTGTCAGCCATAATTAATACAGGAGGGTACCACAGTAAATTTCACACTGGACGTATAGTTCTAGATTCACGTGGTACCGAAAGGCAAATGTACCGCACGTCTGTTGAACTTGGGACTCTGCGCTGCAAGGTTCTTCGAATGCACTTGGATAACTGGTGGGGGCTATGAACAGGGTCGTGGTAACCTTAGGTGACCCCCCATGACGCCCTGTAGGAACTCAGCGTTTCCAGGGCATAGAATGTTGAACTGACGACGTAGCTCAAACGCGGATCTAAGAGGGAACCGAATTCCAAGGGTGGCTCCAAGTAAACCTGCGGCGGTCCGCCTCTCGACTGTAAAGTAAGCTCTCAAGGTCGGAGCCCACGTTGCATTCGGTGCCCCTCTGGGTTAATCTAAAATAAGCAGTATAACCCGCCCATGTGCGGCAGTTATGCTCTTGCTGCCGCGGATTACTAAAAGTCTAGGAAGTCTTGGCGGTATAGGAGCTTCGGCCTACCAGAAGCGAATTGGACACTATGTTTGTACGCGTGCTAGAGGAACGTGTGCGCCTAACACGCCTGTCTGTATCCAAAGGCGTGACGATAATGAGAAACCAGTAAGTTGCAGCTAGTGGGGGAAATTCTTTGGGGACAGCGCTTTCCCATCTGGAACTCGAAAGGCGATGCAATGTGATAGTCTACTCTCGTTTTGTGGATATCTGTAAGCCGTCCGGAGTGGGCCCAATCTCTATGTGACATTCCGGTCAAGCGTTGATACATCGGGCGTATTCACTCGTGTGAGATTCATCTATTCCAACATAAGTGGTTTTGGCCTGGCTCAACGCGGGTGGCAACTCTCGCGTTGACGCTTGTTC,1344,49.7,Caenorhabditis elegans
SEQ_920380,GTATGACACGAGCATCCAGTTAGTGGCCGGCGAATTCATTTGCACTAGGGCCAGCTTGCGTCAAGGGGATATCTTCCCAGTACGCCTAACAAGCTGTTGAGAGTCGCTAGGCTTATGAGGCACGAGATATAATTCAGGGATGTTTTGAGGACCATCTACGTCCTTAATAGACCTTGCTAGCGTGTGATGCTTCACTCCGACAACAACGAGGTCAACACAGGTATCGGAGACCCTGCATTAGAAATCCACAGGTGTCATGCCGCGCCCGTCGCATCTTACTAAGTTGCCAGCAGGGAACCGTGCGCCGATCAATACTGGTTTACGTCCTATCAGAGGGTTCCCAACGGGCCCCTATCTTCCCACAGAACGTATTTTGGTTACTAGACAGCACCGAGCGGTTGGGGACTGTCAAAAAGCACTCAGAGTACCTATCCCATACAGTTGCGGCCCTTGTTAACAGGATCAGTCGTCCAAAGCAGGGCTGAGACATTCTGTATGTCATCCCAGCTGAGTGAGGTTGTTTTGGGGCTCGTTTCAGGCCTAGGACGCTTAAAAAGTCTCTACCTACTCATTGAGGTCACAAGTCACACAAGGAATTACTATGTTCGACTACAGACCCCACATTTCTGGGTGCGGAACCACCCCCTTCACGGTAATCTATAGCTAGTAGATGCGGATTGCGCCGAGGCTGCAAGTAGGCGCTAAAAGATGAGGGCCAGGGAACTAAAGTTGGTATCTTGTAACTGACTCCCCGCATATGTACGGTCGATTAGGGTGACAGAAGAATTTCCTAGGAAGAGAACGGGGTCCCAGCCCCCCGAAATAACTTACTCAATCGCAATGGCGGGCGTCAGTAATTTCAACGCACCCAACACAACGCCGGGAATGAGATCGGGATATCGTCACCGCTTTACAGTTTAGAGGACGCTTCCCGAAATATCCATCAAACAGCTAGGGTATGCAGGGGTGCCCCGAAGT,978,50.92,Saccharomyces cerevisiae
SEQ_506356,AAGCCTCGAAGGAATCGGGTTTGCTTGAAGAGGAACGCACCTTTCAGTACCGATCAGGAATCCCATGAATACACATAAACAGTTGGGCGAGAGTCCATAGGGGGACCTTATTGTTCATTCGTTGTTAATGGTCTACTGCGGATCGACTTACACGGTGAGGGCTCTCAATGGCCGGGACGACGACGTTTCTATGTCGGTAATGCGGCTGCGAGGGGTGGTTATGAGCGCTTGTTCCGCGCTCAGCCCTTGTGCCTCTCGAGGAAAATACTACGTGGCGCCCTAACCCCGGCAGAAGTGCAGTCCTATTCGGTGCATCTGCAGCTATGGCGTATGTTTCTTCTGAGCTCTCTAGAGGTGCCGTGTGCCCTCTTGTTGTTCGTAGATCCTCATTACGTTAAGTGCGCCGTACCGCTCCCCGCCGGCAGGTAGCTAGTTCGACTGCGTGGCAGGATAGGACTGTCATGTATTCTATGCCCACATCATGCTTTTGTGCTCGGGGGGTCATTCTGTTAGTGACGTCGCTACTCTATTATAATAAGCGCCGGCCGCGTTCTCAGCCAATTATATCACATATAACTCATACCGGCGAGGAGCACGTTGATATAGTCCCTTTTCGATGGAAATCTCGTGTGTGGTGAATGTTCATCTAATACAACGAGGTCGGGGAAGAAAAGGTGCAGAGGCCCCT,688,51.89,Arabidopsis thaliana
SEQ_377144,ATAAAAGCAGCTGTTGACATGCCTTCCACTAAAAGAGGCACATTTTGCCCGCCGTACTACATACTATCTAAGGGGTACTGGCGCTAATCCTCTGGAGTGCGGGTGAGGCCCTCACTGTTTAACTGACGACTTCGGCATATGTAGTACTTCGAAGGCAAATTCACCTTCCCATACGAGTGACTGCACTGTCCTCGGCTAACGGGACGTCAGGGTGAGGCTCGACTAGGTGAGGAACACCCACTAGCGTGCTTGGTGCAACGAAGGTAGGGCACCGAAGGGTGAATATCGAGACTTCTGCTATGTGTTCCTGGCCCGAAATAGGTAGATAGTAATCCGGGCAGTTGAGAAATTTCCAGTCTTCCTCTCGGAACCTTTGTATATGCTGTACCTTATCTAGAACATCTGTCCTTGCTCTCAACAGACTTACGGGGTATCATTTACGGTCAAGTCCTATACCACTATTGTAGTAGGCTCCGCGAACGGTCTAGAGGGCATAGAACGCTACTATCCGTTATGTCAGTGGGGTGTGTCATGAGCCCGGTGGCGTCACTAGGCTGAACTCTGGTTGTGTCCGCAGGCCGGCGTGCGTCAGATGACTAGTTCAGTTACCAATGGGGACATGACTGGCCGTGGATGCGGATCCGCGCCCACCTGCACTCGTGAATCAACCGCTAAACTAGTTTCACGCCCGCGGTAGGCAACTTATATA,709,51.62,Mus musculus
SEQ_816413,TAGAGTCCAACCAATATCGTCGAGCCAACCACTTCTGATGCTCGATTTAAACAGTGGGGTGCTCCGGGAAATGAGTAGCCGAACGCAACGGGCACCTGATAGGTAACGCCTATGATTTATGCCAGAGAGCCCTACTATGTTTACACAGAAGAAGAGACGCCTTCGCTACCAGGCGTGGCGTTAAGTCGCGGTTTGAGGTACAAGCCCCGTGATGCTCTGACGGCTCCCTCCAAGTCGCTCGGACGAGAGAATACCAATCTGCCATGTTGATTACCTGACATCCGCGCAATTTACACTCTCCTATCGACACCACTTTGCAGACACTGTGGGTAGGCCTCAGGCTGTCACACTCTGTGCCGCTTCATTCCTGCATGTCTGAAGGATAAACTAGGGGGGAGGCATCCATATACGGAGCTACTGAGTTTTAGATCTGTAAGTCCTATGTTGTGACCCCGAGACGTGCATCGGGACGACACTAACACACACCTAAGCTGTTATGCGTGGAACTTCAGGTAGTGCATCTCGAAGACAGGATGACACGATCTGCTAAGGCTGTCCTAGGCAGCCGCAATGCGGAAACCTGCTAGTGGCGCGGAATATAGGTAGTAGCAAGATGAGCAGGCGGGTTCGGAACATACAAGGGGGGCCCAGCACTTCTGAATCCTCCACTACCTATGCCTTAAGCGAAAGAATATCTAAGCTCCTCCCATTCATGCCAAGCTGCGTGGCTCCCACGTTCTTTTGTCTGATGTTTGAAAACTGGGTAGGAGGTTGGCACCGTGGTCATATATATTCTGGGGGCCTGCGGTATGTGTGCCTGGGAGCAGTGGTTACGGCATAAAGTTAAAACCGTCTCAAGCTCTGAGCCCTAGCAATAAACGAGATGCTGACTTTACCAGAATCGCCACGTCAAACAGGTAATCATAATTCCGTATGAGGAGAGTTGGACTAAATCGCTTGTGTTCCCCTTTATACCTG,978,50.82,Caenorhabditis elegans
SEQ_656885,ATTCCATGGTGCTGCTAAATTTAAGTTATTAATCTCTTGGACGTCATCGGGTTTACTGTAGTGCCTGCGCGAACGCATGTACGGATAGGATCTATCTTGAACAGGAAGAAATACATTCGGGGATCCTGCGGATGTTTCATGCTCTACGCGTCAATCCATTACGATGGAGGGCCAAGAAGTGACGAACGGACAGCTACAGAATTAATAGATGGACAGAATAGAGTCCTTGGAATGTTACGGAATCCTTATCCGCAGGGTCAACCTGATTGATTCCGCTCTACAGGGACTGTCGCGAACTGACTACAGCGGTTAGCCCGTATCTTATATTGAGTTCGCGCATATCGCCGAGGTTCAGTCTTTTAGTCCCTGCTGAGGCAGTAAAATTATTACTACGCCGTAATATTGTATGTTTATACGCTTGAGGACACCGGGTTAATTAAAATTCAACGTTCGCGCTTTGCGAGGCAATATAGGAGCTTGCCCTCACTGCCAGCCTAAACGGAATCTCTAGCGAGGCGAGTCTATGCATGAAGAACCCCCTACCGGAGTGCAGAGGCCCGTTGGTACCAGTCTCGTTGCCGTTTATAAAGAACATCGAGGGTAGAGAGCGAATGCATAAAGCCGGTCGGCGGATTTGAAAGAACCCCGAGACAGAACTCCTGATCTAAGATAGGTCCGGTTGGACTAACATCGGAGAAACACTGTCGCATCCCGGGTAGGTTTGACCAACCGGCACGAAGGTGGCATATGTCACCCTTTTAGACTCGGGACCGCAACTAACGTAAGGCAATGAACCGCCATTTTCAACGCACCAGGCGGACGTCTTCCAATCCATTTGCCTACCAGTCCAGGCAGACTGCGTCTCCTTTCATGGGTGGTCTCCTCCCCTGCGTGCCAGGACCGAACGGATTGCCAAGGCCCTCCACCCATTCCTCCAATGGTTAAAGCTCTGATCGCAGGGGATACGACGGGCGCAGTCTGCTCTATGTAATACTATTGGAGATGAGGTTGATAAGTCGCCCAGCTGAGGGCAGACGGAGCTCGCTTGATTGTCGCGTCGCAAACCCGACACATAGAGAGGTGCTAGACTGACGTTCACCTTTTTGAGCCCGTCGCTGCCAGTTATACAACGGGGATTGGCAAATTGACCAGAGCAGATTTACTCCAACCTAATAGCCACAAAGATGATGTCATGTGTCCGGACTTTTGAGAATTACCGGATTGCTAAGTAAGAGCTAATGTTATG,1246,49.76,Homo sapiens
SEQ_193704,CATGTTCCCTTAGGCGACGTTCCAAAACGTGTGGTAGTAACCCCCATTTGAGAGCGCGCGTACCGCAAGTAGCGCCGGTACGGTTGAACTTGAATGTTCAGACGGTAGCTGCCCCATCTGTATTGCTCTTGT,132,53.03,Arabidopsis thaliana
SEQ_183140,AGTGCAATGCGTGGGTCATTCACTTGCTCACATAGAACTGTCAGAGTACCGAGGTTAACCGACCACTAAGAATCGGGATGGCGAGTACAAATGAGGGTGTCACGGTAGGACAATTTATTTACTGAAACATACACAGATCTATTTAGGGATGCGCCTAACGTGCGTTGGCCGAACTCAACATCGATGAGAGTAAGGCCACCAGAGGTAAGAGAGGCGAGTAATAAATTAGCGTAGTATTGATGTGACACGGGTGGCGTGCGTAAGGTTATGCGTCGAGTGTGGGCAGTATGCAAGCGTCATCCGTTTTCCAGGGTGAATAGCTCTCGCGCTGGCTCTCAGGCGAGCGCTGAGAATACAGCCCGGGACTCTCTAGCTGTTCTCAATGCACAGGCAGGCTCAGGAAAAGGGTTACCGTTATCGAGAAAATCAGACGCCTGAAACCACCAGGGTGTTACACAAGATAGACAAAGTTGCACTAAGAGTGGTTTCAACAATTCATACTGGGCTACTTCGTCTTCTCTCGATCATAATAGCTCATCTAATCCGGGCCTCGTGATATTCAAGCTAAAGGCGAACTGTTTTCGGCCACTACTGGGCACCCCAGAATAGGCTAGACCCAGTCGTGCAAGCTCTGCATGCTAAGGACCGTTCTTTTTGCACGTTCACATCAAAGTTCTCGCAGCGAGCCTGACCAGCCTGGTCCTGGTTATCCTCGCATGGTCAGGTCGTTCGCAACAGCCGACGAGTAGTAATGGTTGGGTCGGTAAGATTCGA,774,50.0,Mus musculus
SEQ_205865,AGGTACCGCCCTTAACCCTCTCAAACTCTGGGAACCACTATGGCTAACAAAAAAAGCTCCCACGCGACCTCTGCCGTCCTTGCAACGGCATGGTATGCAGGAGCTCAATCGGAGAGCTTGGAGGTGCGCCTCCACTGGGGCTAGGCCGTTGAGATCTATAGTTTTGAACATAAAAGCTATTGCTGCAGCTTATGGGTGGCGGTATCTTGAAGTCGACACTTTAAACCGATGTTTGAGCAACACCACAGACAATTGGCCCCTTGTGGAAACCGGGAACGATAGGCGACGCGCCAGATGCGTGTAAAAGTGATGACTCCAGGGAACCGGGACAGAACGGGTCACATTAGACAATGAATCGCGCGAGACGCTCTGGATGCCTCGCTTTAGGCCAAATTGAGCATGGACTTAGTGGGGCGAACGGCTCAGCCGGGATAGGAGCTGGCCAGACGCGGTACTCCTCCGCCCGAATGTAACGCGACTTAGAGTGTAATTGGTTAGCTTGTCCCCACGAACGAAGGTATGTAAAACTAATGCTGAGATTCGGGCCGGCCACCACATCGAGGTCCACCCGCTCGAGGTTCAACACTGGGGTAATTGGTACTCACTGGCAAATCCGATGTGGTTTACCCGAGTGCAAAAATACTATGGTTGCCCTGGGTCTTAAACAGTTCCAGAGCCTTGTTCGTAACATGCTTTTCTGCTTAGCTTAGTTAGACGCTCGCTAACATGGGCCCGCCGTGGAACTGTCATCTGGCAAACGTCGAAACTTCACAACGTCTATCGATGGGAGCCTACGACAATACTGTACGTTTTGTTTCGTCACGACAGCTATAGCTATGGAGGATCGATTCGGCTCAAGTCGCGATGGCGTAGAGTACGCAACTAGCGGAACGGCCAGAGGTTTAAAGTCAGGCACAACGGAGTGAGCAAATATAAGGATTCCCACATACAAGGGATGTCGCGTCCAGGACATGCATTAATACCTGCTCTTTTTCTGACAGCTGATCCGTCTCCATACGCTTTCCGTGGGCCTTGTCTAGTTTACACTCTGGCTGCTGCATGTAATCTACTCGTCTTACACGGTCTAGAGAAACGGACGGTGTATGCAACGCTCACCTGTCGACCCGGGTCCAAGCTTCTGGGAACTCGCGAGCTACGCGTGTTAGCCGAGAGACAGTAAAGAGTATACATCAATTTCGGGTCGCGTCGCAATTAAAAGCGGGAACCCCTCGTACCGCTGTAAGAACCATCGGTGGATTATGCGGTTACTTTCACTTCCATGACATATGTACGGGAGCGATTCAAGATGCTATTATCTTAAGAGAGGTAGCAGGGTAGTGTCCCCCGAGGTATGGTAACCATCTGTGATTTTCAGTCTAGAAACTAAAGTGCTCCGGCATCTGGGCTACAATGGGACACGGCCGTACATAACAATTGACTAGGCTAAATAAACTTTGGAGACACGCATGTCTAATAAAAGTGCTGAGAAA,1490,50.6,Mus musculus
SEQ_665429,CCTCTCCGCAGTGCGACGCAGACATGCTCGCAATACCCTCGTCGTTGCCGCGAACTGGTCGGAGCGAGCCCCTAGTATGGGAAGTAGTCAGATCTAAAATAACTATGGCTTGAACTCCATCACATTGAGGAGAGGCTGAGTTAATTGAAGTACCCGAGGACAAGGGCAGGTGCAAATTCGGCGGCGGATTATCTGCGCAACTGTGACCTGACACTCAGTACAGTCCTGCCAAAAAGCTCCGGACACCTCGTCTATCATAACGCTCATGATGGCCCTTTGCATACTTGAGCAATCCTTTGCTCTTTTTCTGAATTATTGGACGGACGCGGATTATACTTCTGCGTTCTACTATCATAAAACGCCTATGCTGCTGAAACTCTAGACCATCACGCGACAGTTGGGAGGTGACCCCCGTTACGAGCTCACTTCTTCATCTGTTCCTCGAAAGGACGTGTAGACGGAGTCGTCTGCGCAACACACTGAAGGTAAATAACCGTGGGTTATAGGGTTATTGGGTTGGGAGCACCATCCTCCCATATGTTCCTGTTGGACTTCGTTCGCGTTGTTCCCCTCCCAAACGAGGTGACTTAATAGAGGAGCTAGGTAACCGGATTCTGTTGTATAAGTAATCTGACTACAGATTATACTTCACGGGCGGTTATCGGATCCGGGTAGGACGGAACCGTCCGCTACCCGTTGGATCTGATGATGTAGTACCTGGGCATTTTGTTGTAGGAGACCCCCCTCGCGATTTGATAAGATATTGACGGGTGCTACTAATTAGCGTAACCCACCTACGTCCTCTCACGACTTCATTGTCGCGAGTACCGGAGGCAGAAATTGCTCAATCTGCTAAGAACATTGTCATCCAGTAGTCACAGTCTTCGTTGCGGTGTCGACTTGCATCATAGGGGCGTTGAGGATCCGGCATCGAAAGTGATGTAAGAATCTCTGCCCAGGGCTACCTTACGATCCAAAACATGACGTCGCTCAACGTGCAGACTCTCGTATGCGGTGCTCGAACACGCCCACACCGTGCGTCTAAATACTTTCACGCGCACCTACGTTGCGCCTGTTTGTTAATGTCGTAACAAACCGTGCTTCTGCACGGATTGCCTGACCGGGTATATCTTATCTGGAGGCTGATAACTAAGCTGTCAGAGCACAAAGCTAACGCGATCGATATCAAGCATCCTATGAAATATAAGTGTTATTGGTATGCACAGAGGACGGGCAAGAGCTCCGTGTCTGACCACAGGTACTGGTCGCTCGGCACACTGCGATCTACTGGTAAGCATGCTTCGAAACCAACCAGGTGCGCACCCAAGTCTAGGAGGGGTCATGTGTCATAGGACTGGTCCTGCATCACTGCATCGCTTAAAGGACGTTAGGCTGCCTGGCGCAATATCAAGCGTCCTATAGTGGGTATTGATGGATGCAATTTGCTGGTTTGGAATGAGGTCGAGTTATACGAGGCTTTTAAACCACCAGGCGAGGGCTCAGATGTGAAGCTGCTCCTTGGCAACCGGACGGTTTGTACGCGCAACTCGCGGAAGCTCTTGTGTTCACGGCCGCGCAAATCCCAATCGTACCTGGCAATGGTCTCAGGCGAGTGGGTTGGCTCGGCTGACGTACTGTCAACCGTTTACATCCACGTGTTTCGTTCATGCTCATACATATTCATTCGGGCGGCATATCAAGAGCCTCCCGCCTAGGCCAGGATAGTACTTCCACGCCACATACGTATCGACGGGGCCAGGATGGAGAATTGGGGCACAGAATAGACAGTAAAGCTCACTACGCGC,1805,51.14,Saccharomyces cerevisiae
SEQ_344816,TAGTGCCTTAACCCACATCGTTACCGATACGGGAAGTCGTGAAAAGAGAATTGGAATTATGCGTGCCGGTCAACTAATAACTATACTGCCTCTCAGTATACCCGCCACCATGACTCAAGGACGTTGCCATTACCGTCGCGCTGCTTGTATGTGTGATTCCTTGTGACTACTGTGAGTATCTTCTACCGTGACAACTTAGCTCGTATTGATAAGCCCAGGGTCTCAAATTTTTTTTCCTATATTTGTGCCCATAGATTTGGTAACGTGGTTAATCGACACGCGTGACCCCGACGCGCTAACCAGTTACAGTCATTGTCGGCATCACTAAGGGAACTTGAGACTAGACGCCTATTGCCTACATCTGCCCCTAGTTCTTAGACATCAACACTTCCCTTGCCAACTTAAATGGGGGCTGGTATTTAGCACTAGTTCAGCCAGAGTCTTTTGTGGTCCTTGAATCGACGGGTGGGGCGCGCGTCTTAACTTTTATCGAGGGGTCTAGGGACGCCATGAGTCACTTCCTTACATCAAATTTATTTCCCTCTGGCGCCTTAGCGCTCCGGATTCGTGCAGGATTGGAGACAGGGATTTGCGGCACCAAGTTGAATTTTCGATCCTTACTTGAAATATATAAGTGCATGGGAGTAATACGATATAAGGTATTGGAGGATCGTCGGTAGCGCAGTGTCATGGATGGGCTTGTGATAAATAGTGGTACCGGTGGAGTACCCTGCCGGTCACCCGCTAGTACATCAGTTAGGGAGTCTGAAGTGGAATTAAGATCATCGAGTCGCTTCACCCTTGAATCGGCGTTTCATACTAGTTGGTCAATGTGTCAAGATTTACAGTGAATTCAGTGTATTCGAGAGGCTTAGCGCGTCAAACATCCGAACTCGGGCCAAAATTCCACGGGGCTGCTACTTGGTCCTTGATCTAACTTTGCTTACGTTAAGAATTTCTATCGTTTACTAGGTACTCATCAACGCATTAGAAGGGTGATCGTCGTTCCCCTTATGCTAGTCGAGCCCCCCGTTGGACCGGGAGCACCTAGGGGTGCTCCTCATACTTTGTACGTCTAGTCGTAGACATTTTGAAACGACTGTAGCTCCGGCCAGAACGTGCATGCCACCATACCCCATGGGTCTCATAATCAGTTGTACCGTGGGGGTTAATACAACCTAATCACTCCGTTTTTTTGCACCTGTGCTTGCCGAGCATTTTCTGACGGCAGGGAAGTTCTGAGGGCATCTTCCAGTACGCCAAAAACCGAGCGACAACCTGTCAAAAATGATAATGTGACGAGGACTTTAGCTCGAGGATCTCGGCCACCACCTGGCGCGCAGTAGATTTCGCGATAGGAAACCCTATAACCACGCAACCATGGGTAGCCAGGGAGTTACCCTTTAGGTCCGCATCATTCCTTCGTAGTACCCCGATGGGTTACGCGACGCAGAATTCATAAATTGTGTCCAGGCTGGGTAAGAATTCATCCACTACATCTCTTGACCACGAGGCTGAGTACTGGGGGAATGTGATCAAGCTTCAACTCACTCTTACTACTGGTTGCTGAGTGCGCCCGCGCCGACGTCAGAACATCGACTGGCAAGCGAATGCACATAACTGCACATTCGAATACATCTGGGAGAGAAACTCGGGGCCACCAGACACGACCGCCGCGCGACAACCGCGTAAATGAACGCCCAGCCTGTTGATTATTATAATCGACGGAGGCCACTCTAATAA,1743,49.0,Arabidopsis thaliana
SEQ_340389,TTCAATATAGAGGACGGCATCGGAAATAGTGAGACAACATTCTAGACATCAGCACAGACCATGAATTGGACAGATCAGGGTTCGAGTGGAGACAAGCCGAATAGTTAATGGCCGAGGTCCAAGGCTGAGGATCAGTCATTTTTATCGGACCCAGGAAGTGAAAGTATCGTAACTTACGTCCTAGAATGCGCCCGTACCCTAGGAGCGATCTTAGACCGACTTTAGGTGCTCAGCTCAATCCGACACCCGTAGATGTATCGCACAGGGGTAGTGACCCCCCGAGCGAAATCGGCTGGTCCCGCATTGACCGCAAGCTTTCTTTCGAACCCGCCAATCACGGTCATAGCGAAGCATCAATGCTTATAGTCGCAGCTTGGCGGCGTATTAGCCTCTCAACCGTGCGAGAACGAAAGGGCCAAGCGGCGACCTGGCCAACTCGGTATAAGGTCCGTGTCCTCATAGTGTCTATCCCGATTTATCGTGGTTACTAAGTATGGCGTGCCCCTCAGGTAGCTCAGACTGAGTGTGAATCAGTCAAGCCATAGTGC,548,51.64,Mus musculus
SEQ_117573,AGCGAAAATTTACAAATAAAAGGTCTTTACCTTGGTAAAACACATCGAGTTATAGATGAGATATGGCAACCACGGAAAGGGATAAAGGCCCAGTGCCCCAAGTCAGATGTTTGGTAAACCTACTCTTCACCTCTAACTGGGATCCTTTAAATACGCTCGAGCCAAGTTCGGAGAAACGGAGCGGCCGGCCAGTGAACCCGAGATGACTTTAGTCTCTTGGCTATTGTCTGGGAGGGCCATCCCATCAATGCAAGCGCCGAGCCCGACTTGTAACGCCTAGACCCATCTCTGACTTGTCGTCTCATGCAACCTAGAAACAGGTGACTCGGTTCTCAGTATTTCGACCGAGATGTGAAAGATTAGCCCGCCGTAGTAATTCCCCGCCGACGGTATGAACTTCCTGTTTCAGTCCTGCAATTAAAGGACGTTCATATAGCTCACTACAGTCTGTTGCGCTAGCAGATGGTCTCCCGTGCTTGCCGGCAACCGATCGAAGGCCTTGGCTAGAGGAACCCCTTTCATAGCGTGGCTTCTCCTCCAGGACGTAACGTCGCTTGACTTAAACCGCGAGAGTTCAGATCGACAGCTCACGACGCACAAAATATAAGCAAACAAGGCTTCATCAAGAATCTCACTACTGCGCGTTTGCGACTATAC,657,49.47,Saccharomyces cerevisiae
SEQ_720224,CACCCGACGGATGAGTTCATATCATACGTTTACTGTAAGCGCACGTACCGGACCCACTCTGGCCATTTTTGTCGGCGAATGGGACCGGCAATGGGATGTCTTTGCGGACGCACACACTCTCTATCAAGCCCCGTGTGTATGTAGTCCATTTATCGACACATGTCAATTTTCCATACATTAACCGGGTTCCCTGGTCGAGCATGGCATAACCATTAAAATCCGTCTAGCAATGGGCTAAGATTTTCACTATGGAGATGCTCCTGTGTGCCAGTTGGCGAACACTACCCGGTATTCAAAACTTGATACTTAACCAAACCGCAGATTGTAAATACCCAATGTCCGTGCGAAGCACTGGGTACAGCCTGCACGACAACTTAAACTATCAGTGACCAGAGGCACCTCGGAAATGTCACACTTAGATGGTCTCTGTATAAGGAAATAGTATGGGGGCCGCTTACCTGAAAAACATCGGGTTGACCTAAGATATCAAGCATTGACTCCTGCCTATTAAAACACTTTACATGCTTTCGATTCTCGCTCTTCCCGAGGTATGGTACGCTAATGCGATTCAGATAGACTTGTGGGTTCCTAATTACATGTACTTCGGCTATTGTAGATCCGCTTGATCCCGCTGCATCCAGGCTGGTTCCTTATTCGTCGGACCGAGCCGCGATGGAATAGGGAAGGTATAGCATTCAAACATGGGGGCGGCCAAAGCGAAAAATCTGGTTAGTGGGGTCCGTAATACAAGGATTCATCCTGGTCCCGTGAGCTGGCATCCTACTGTCTAGTACCTCATCGCGTTTGCTCCGTGCGCGTCAATAGCCGCGCCGGCACACTATTGTCTCGTTGAGATCTATGAGGCACTCCAGGGATCAGGAACCAGCTTAACAGGGCTTGTGCTAAATGCCAATACGAGGCTAGTCGTAGCGGGCGCCTCTTTGCTTCGACACAATGTTGCCAGACCTCACAATCCCCCACAAGGGTGCTTAGGTGGCACTGGAGGCATACCCAGTCTTTTTAGTACCGTTGAGACAATGACGCCACCCGCTCCCAGCGTGTCAGAAGTTCCACTCGCACGCTAGACTCGACCACCTCTATGTTCTGTTTAACCGGTTAAGCCAGTTCGAAGCTA,1135,49.87,Escherichia coli
SEQ_206482,AGAGAACAATGGAGCCGAAAGACAACAAAGGTATGGAGCCTTGCGTCCATCACGGGGAGTCCGGCATGGAGTGATATCAGCCACTAATCGCTAGCCACTGCCTCGTACTACTCGTTAGCGGCGCGGAAAGCAACCCGGCAAAGAGAGACAGTCCTCGCAGCTAGCCGGGTCGTATAACAGCCCCACAGTTCGGCAGGTCCATCTCATTATCAATTGGATCGTCCACGCCTCGTGGTTGTCCGGACGGATGGTTTCCCTACTGCCGCCTGGTTAGATTCTGCCTTCCCGCCCGACGGCCATTCCAAATATTCCGCGTCGAGTACTCTGACAAATGGGCCCTCACTGCACGGACGACAGCGTTGTCTTCCTTTGATTCCAAGGCTAAGTTTTCCTAGGAGTCTATACGTCGCGGCCAATCTTTCTATGTATGGCGAGCAGCCCAGAAAGTGTTTCGTGCGGGGACGTGTTGTGGTCATGCCGGGCAGGTTTCTTATGTCGACAA,502,54.78,Drosophila melanogaster
SEQ_529120,GCAATTGGGGATGAATCGCATCCTCACACAGGCGAGGAATTTCGAATGCCGCTCTGGTACAGGCCCCTCGATATTCTAAGTAAAGATGAGGTACCGCACATCGGACATACTTTGGGCTGCACAGTGTTGGGTTTTAGCACACCATGAGGTCGAGAACTCGCTGAAATATCTCGGAGCTTTCTACAATAGTTGCAACCGTGGCTACATAAAGGGAGCATTGGAAGGAATGGACACCTCCCAGATCCTCTGAACTGATGCGGCTTAACCCCCCTGCTACACACACTGATATAGACGAGGCCTCTTCAGAATTCATGTCAGTCGATAGACGAATCTGGACCGGATATGGGGCACAACGGTTGGACTGCAATCGGTTACATGTGGTCGGCGTTAACCGTACTTAAGCTACGCTCACTCATCCCTTACGGTTATTACATTTCTGCGGGTACCCATGCCACCGACTGACTAATAGTGAAGTAGCCTCCCTGGAATCTTCACACTAGTATAGTTTACCCTCGAGCGTGGCGGACTCCAACTATCTCCGCAAAGTTCAGAGGGTATACGGTGAGTATATCTCTTATGGGAAACCTCGACAAGCTGCATTTAGTCGCAGCACAGTGCGGCCTAGAGGTGGTGCCGCAATGTAGACTACGGGGTACGCCTCGCTGCCTTACTAACTAAGGGTTACCGTACATGAGTGAGCCATGAACAAGTTGCCCAGCGTCTTGCAGAACCCCGCCGATAAGGTAAACACGCACAGTCTCAATGAAAAGAACACTAGCCCAAATACAGGAATGCAGTGTAAGGAACCAGGGCGTCCCTGAACCTTGGTTGGAATGTTCCCACCGCTATGAAGGGCGAAGCTGTAACAGGATACTGTACCGGTCTACGGCACAAATGCAACGTTTGCCCCCACCTAACAGAGCCCCACGAGTGGATTAGTCACAGCTATATCCAAACGATATGCTAGTGATTTTCATAGTTAGGTTTTGGTATGGTATGACGATATGTGCACTCCAATCTCCAGTACTTGCTCGATGGAGCTTCGCGTGGAAGGTTAGTCACTATATTCAGTCGTGGCCCAACATGCTCCTGAATGAACTGCGTCGACCACAGAACTTCAGAATAGGCTCGCTATTTAAAAGTCAAAGGGAGCTTGAATGCGCACGCGTCCGAAGGCACATAGACAGTCCTACGTGGCAGGCACTCCACTATACCGGTCACAGTAAAATGTACCGTCACAAGGCCCACAACTTTTTTCAGCGGAGTCATTGAAGCCCTACCTTTGTCTTTGAAACCCGCAAGGCCTCTATCATGGGAAGCGGATAGAGATCCGTTCCATAGAATCCGTTACGTGAAACTTATT,1363,49.52,Escherichia coli
SEQ_975510,AAAGCATACCAACATAATATGTTCGTTAATAGTGCCGCGTTATCTTGCTCGGTCAGAATGCTCCCTAAGGCGTTATTAGTATGCTGTGGTGTATGGACTGGGCATCAGTACTAGGAACTTGCCATCGTCGCTTGTCTTATACCCGTGGGGATGGCTCGCAGGGATCAGGTCAGCTTGCAGCATCAACAATCTGTCGAGTGAGTACAGGCGATACAGTCGGGTCAAATGAGCAACGACCAACGCACGTGCTGTGGCGCAAAACCGCTCGCCCAATCTTGTCCGGGCCTATAAGTGATGGCTAACTTCCGGGGCATGTGATGGTTTATAAAAGAACCGCCAGCACTTATCTCACTCGGATTGTACTGGTAGGGCGGATCTGCCGGGGTGCCGCTCGCCTAATCATTGTTGGTGAAGCTCCAGCGCTAAGTCCCGATGGGGGAAGTCAGGTCTCTTACCGGGGTTGGGTAATAGACCAGAAGAGTGCTCGGTGATAAAACTATAGGGCAAGTTATACGGCTATGATTCTCGGGTCACCTGTAGTCTTCGTAATCCGACTCACGTAAAAACTGCTGACTTGGAAATATATAAATCAGGCATCAGAACGGTTTGGGTATTGCCAAACAGCTATTCAAAGGATCGGAGCGCGCGCGCGGCCAGACTGGCAATACGTGGTAGGGGTTGACTGCTGGTCTTAGCCGTTTTTTGTTATACGGAACCACGCACCGCCTAGACGTCATCACTTGTGTTGATATAGGGCCTCCGTGAGTGCCCGATCCATGCACCTCTTTGCAGTGGTCCCCATCTAGGAGCGACGCTTCAGAGCGCCAGATCGAGTTAGGAGTTCCCTAGACCAGATAGCCAGTTCGGCTTAACCACGTTACTGTAACAGCGCTTTGGTCCACATCTAAGGTATAATGGCAAGACACATCTCCACGTTAGGGCGGTAAATTCACTCCTACGGTCCTCGAAGTCCACGAACTATGGCGTACCAGTTACTTCGCGTCGGCTCAATGATTAGCCCAGTTGTCCGGGGTATCTGTCAAGGTGGTCAGGGGCTGCCAAGTGAATCTCAAGCGTCAGAGTGATTATACTGTGAGATCCGCGCTGCTAACCCGGCCAGTTCATATAC,1129,51.46,Escherichia coli
SEQ_603832,AATTAGGAGTCTAGATGAAATATTGATACTCAAGCTCATGTATTCGGCCTCTCTAACAGGACGCCGCAGTTAGGCTAGTCAAGGGTCGTCAGGGGACGCGATGCTGTCCGGCACCAATAAGTACATTA,128,47.66,Drosophila melanogaster
SEQ_356655,TCCCATGGCACCATGTCACGATACCTCGCAAGGGACCTGGGGCGAGCATCGGCGCCAACATGGGCTGCAGTATGAATCCAGTGCAAAACGCGGAATGGCAGTCAATGGCAGACGATGTTGCCCGAGATGGTATAAAGTGTCTGCGGTAAGAGTATCATAAGATATAATTGGGAAGGCTTTCCGACCGTGGCGCGGTGCTAACTCGGGCAAATAACAGGCGTAGGCTACGATCTCGCTCAGAAGAATCGGTAGATAATGGTGCGGCTACCGGCCTGCAGCCCCTAAGTTACCATCTTGGTCCGTTTTCGTATAGCCGCATTGATGGCGTCATAGGGCTCGGACTGCGAAGACTGTGATCTGAAGGCGAAAAATCTAGTAGTTCGAAGGCCTTCTGCACTGCGTAAGGGGCCCGTCTAGGCTGGAGTATGGGTGGGCTCTCGCTCATCCGGGGCATTCTACCATACAACAGTGCCCTTCGGTTGAGCAGTGTTGTAAGTTAGATACGGATGAGAAGAGCGATAGCGGTTGGCTGTGGGCTGTTCACCTTAGTATCGTATACTTATTAGTGCCCAGGGGCTGATGCAAAGCAATCCCATTTCAGGCAGGCCAACTGGTGCAGGCCAGCGGTTTTCAATTCGTAGCTAATCGAGCATGAGAGACC,661,53.1,Caenorhabditis elegans
SEQ_883955,TGACATCGCTCTGCTGCGGCGACCATTGCGAACCATCTTGTAGGCCTTAAAGGCCATCGATTAGCATAATGCTCCTTGACAATCAATCAATCAATGTCCCTTTCTCCCCTCCTTCGGGCGTCGTGAAGTTTAAGCATTGCACCATTGCAAACCACGGCTGTACATACATCAAGATCCCATCTGCTCGTCAGACATACCTGACTTTGAGATCACCAATCAGAGACCGTTGTAGTTCCCCACCCCCAGTGAAGTCACATTACTCGGATCAGTAGCCTGATCACATTTATAGTTCGGGCTAATTCTAACATGAGCACCCAGAAGCGGCTGGTCTATTTTGACGCGTCCCCAGGCCCATAGTCAGACTATTGTGTGGTCGAATTCGCTCGATCCCCGACTTCAAGAGGTCTTTCGTAGAATATAAGATCGACAGCTCGACAAACCGGATGCCCCTATATACAATATAAAAGGGTTACGAGAGGGAGTATTCCATAAATC,495,47.68,Escherichia coli
SEQ_634400,CTAAGCGTACATAATTGAGTCCCCATATGTGCCGGTCCATGCCGACCGCAACGGCCATACACAAGGTGCTGTCGTTCCAGGTGCCGAGGCGGTACTGCGCCGTGACTCATGTCGTTGTGTCACTTCACGGAGAGATGCCCTCCCTGGGAGAACAGGTATTTTCTGGATCAGATATCGAATTATAAATCCCACAACCGATATTTTCCAAGGCCGTATTGACCCTCGGCAGGATGAAGTCG,239,52.72,Mus musculus
SEQ_339961,GGTCACGGCAACTTGGAGACATGATCTAGCATGCCACACGGACGGTGCCCTAGGTCTGCTCTGTACACGTTTCGCAGATATCACCCGTGCGTCTAGACTGAAGGAGCGGGTTCGCGCCGTCTTCCGGTAGAGCTTACCCTTTTCCCGGTTCGAGGGGGCGTAATCTGGTCATACCATGTAGACGGGTATACAGACTCGGTCGCATCAATGGTGGGTGCATTCAGGGTGTCAGCAGATATACCCGGTAAAGAGCCACCTCTTGTTGGACAGTCGACTCTTCATTGTGCGCGCAGAGAGTATGGTTCTAGGGAGGGAAGTGGACCACCTGGATCCAGTTGGGTTGATAAAATTTCCCCGAGCTATCACTTATCACTGGACGTGGGTATAATTATCGTCCCACCGCTTAGTTCATCATCACTTCTTAAAACAGAAGT,434,52.07,Homo sapiens
SEQ_104907,CCCTAGTCGGCCAAAACAGGTGGGTCCCGACCGACTTGCAACTTTGAGCCATTTTTGACCGTGCAGGAATAGACTCCTGGTCAGGTTCGTAGGAGTCTCACGCGATGGCGCAGTAGATGAGTACACCCGTATTAAGATATCAGTGAGACTCATTACGTTTTCAGCGAGCAGGACGCAGCTCATTTATTCAGTATCTTTAGTAAGCGATCTTACGGAATCGGTCGGCCCGGCGAACTAGGTTGAGCATGGTTCTCACTGCGGTTTGTTCTTGATCGTTTCCCGGGATCCCAGATAGGAAAAGCACTGGAGAGCGGACAAGGCAAATATCACCAGACCGTACTGCCTATCGGTTCAGCCCATTCCCGCAGCTTCACCGAGCTACCGTCATAAGTAACGTCCAACACAGGGCTACTCGGCAGCAGCACGCGCGGACACTAACGATCATCTGTGTACTGCTGGAACTTGGCTCAATGCGCCAATTCCCTTACAACACTCGATGGGAGACATGATATTTCAGTGTCCATGTGTCTAATGGGGCAGCGTCGCTACCGCTGCGTTAATTCATGTACAATATAAGGCGCTCAACCTATAGGATCGCGAAGATATCGGGCCGCGCATGGGCGCAAACTTATTAGGCAGTATTTTATACATTTACCGAGAATATTCGACGCAATCGAGCTAGCGATGAGCCACTTTGTGGATCATGCGGACCTAAAAGGCCATCCTTTTTCTTGCCCCGATCGTGGGCTCCTTTGGTATCCTCCTTGAAGGCGTTAAACTCGGAAC,786,50.76,Mus musculus
SEQ_505079,CAAATTTTGTAGCTCCTTTGGGGTATGCTGTGGACGTACGTGAACCCTGCAGACCTTGCTGAGATATCTCGTGCGGGGCACGTTCGATTGATTGGTGCCGTCACCCAATGTGAGGTTCGACTTCGCGTTCCCTACGAAACTCGTTTAGGCGATGGAGCTGCAGACCAAGCGGTCTGTTGAGCTTGCAGGGGCCGATCTCTTGGCCCATGGGTTCTTAGTGAGTTCGAATGTAAAAAAAGCGTCATATGTCCTGGTAGTTAACATTTGCCCTCTAGGGACGATTTTAACCATAACAGTTTATGCGTTACGGCAATCCGGGCATAACAACGTTGCGTAGACGCCTACAAAAGGTGGAGTTGACAGCTACTCATTGTGGGGGCCACAGAGGCTCGCACGGACGGCTCCTTCCCACCGATGGCCCATGTTTGCAAAGGAGACCGACCCCAACTTGTGATTACCCTCTCACGGGATAGCGCGAATAGGTAAGTTTCGACAGTCTTAACGTGTGATCTCGTTTATGTCTTCCTCGTCGTATTTCGATAATGTGTGGGACACACCCCAGACTACGAAGGGGTGGATTACGTCTTTTTAATAGGCTACTATCTATTGAAATGTATTGATAATACTGTTTGGCACGCCGGAGGTCGCCTATTTTTCACCCCTCAAATTTGTGACAACGACCTGAACACGTTGCACTCTCAGGTCTTCCTTTCGTTAATTTGTGCTGAACTCGAAGGCGTATACAGCGCCGACTGGAAACTGAGCGAGCCGAATCGGTCTGTTTGATCGTGTACGAGCGTGCACGTTGTCCCTGACGGGACGAGACCGTGCGCCCTGTTTAGCTTTTCTGTGCGCGACGCATTGGCAATTCCGTTTGGTGGTAGCGGTTCTGCCGTTCTAAGTATGATCCTATGTTCAAGTCGGTGGCAGCAAAGATGCAGTGACAGCGCTCGCCACATTCACCCCGCCGCGAAGGATAATCACAGCATTTAGCGCTGGCTCCAATTGCGAGCGTTAGTGGTTAGCTGGGCGTGTCGCACCCCTACCGAATCGGGATGGCGGCTTGTATCTTTAACTTGGGGTTAATTGCGTGTCAAGTAGTCTGTTGCCCGATCATATGAAGCCCTGGAGGAGCTTGGACAACTGTAACGCATCAGACCCCCAATCATATGCATATCGCGTTTCCTGCGCCTGTTGTGAAATGCCAAATTGCCTAAAAGCGATGACGAGCCTTATACGGTATGCAGTTGATTTAAAACAGTCCCTCGCAGGCTCAAGGTTGGGGTCAGGACACACCAGCCTGACTCTCTGATTATGG,1318,50.91,Arabidopsis thaliana
SEQ_387157,TGTGGGGTATTCAGGACACATACGGTCTTGACAGCAGATATCGTATCTCGTTTCACTTGGACCCGCACGATGGTGCCTCCGATAGAGCGTCAAGTGCTTTGTTATCGGCGCGTGACAAGAGAACCCTGCATATGAAATAGCTGCGCTGCCTCTGATAGGAGAGACTAGGTAACTCGCGATGCTAAACCGGACGTGGAAGTCGAAAGGGGTCATCGGGTACCGAGGATTAGACATTGCAGTACCAACAAAAGTCTCGAGTCAGGAGGCGTCTTAGGTCATCTGTAGAAACGCTGGCTTCCACGGGGTGCCACGTGGCTTCCGCATGAAATCGCACCGAGTGGGCTTCCGCTGATCCATCGTAATAAAATGCCCCGTGGTTCCTTCAA,386,52.59,Mus musculus
SEQ_756503,GGAGGTTATCGAAAAGTCGCGTATAGTCTGCAAGTGAAGAGGGCCCAAGTGCGCA,55,52.73,Drosophila melanogaster
SEQ_665899,AAGAAACGGTCGGTGTTTATATAACGCATATATAGAGTCGTAGCGGAAGCGGCCGAGGGGGCCTACCAGCTGCCATCAACCTTGTCTACACGACATAGAGCCGGGCTCCCCTCCAGCGCTGATAAATAAACCTACGCGATTGAATCATACTTGACAGCTAGCAGCGAGATCCAAGAGATTTTTACCAGTGCTTATATAGTGGGAACATTTAGCCTTGATTAAAAGTGCCCGTCACATTTGACGAGTATAACTAGAATAACTATCCACAATAGGTGTTCCGAATAACCCGCTTACTTAGTCCCCAAGTAATTTGTAGTTGGGAAGCGCCTATGTACTTTCGGCTTCAAGGCATACTGTTTACCGTTGGATAGTCAAAGGCACATACATGAAAAGTTCGCCCATCAACAGACCGGGCCCCATACCTTTAAATCCTCGATATGCATTGTATTCTTAATTAGGCCATTTTCCAAGGGTGTGAGCTCAACTACTCTTGGGATACTTAGTTACGATTAACCTGATTTTAATTCTTTCAGATAGTACGTTTAGCGGAACAATCACGATTCGTTAGCCTGCGTTTACGATGGGGTGTGTGAACCAGTTGCCGTAGTCGTCATCCCGCTTAGATATCTCCAAAGAACTGCACCAGCATTTTGCTCTACCACACGCCAAAGAAACGGCCTGGCATACAGCTTTTATAACTTACAGTTAACCTGCTAAAGTAAGCGATATAAACGTGTTGACCCAGCAAGTGTGCACCAATGTAAGTCTGTTGTGGAACTTAGCGTCGGGCCAGGGCTCTCCCGAAGGCCCCGTTATAGCCGTGGACGGCTAATGAACTTTGTAGGTGAAAACCCCCGGTACAGTTTTCTATATATGGACCATCTAAACATCCTTAGAGGAGCTGGAGATGATCGTCAACGTTTGGCCTGACCTAGAATCACCAGCAATACCTCTTGCTTTACAGTTATATTATTGGTTCGAACCTCACCCAGAATAGCTGCCCAATGACTCGCTGGCTGTCGTGGCATGCCGGGTAGATGGAGAGAGTACTTTGTCTTTAGTTATATAGCCAGACAAAGACGACACGTCTCGGTTACGAGTCAGTAATCTTTCGCTTACGGTCGGAGCAGATCTTCATGAATCACAAACGGCGCAATAGTCGCTGGCATACGGGTGAGTAGCAAACAGCGGCGGTCTACCCTACATCCGACATAAAATTCAGAGTCGATCAAAGAGATTACTCGGCGGCCTCGTAGGTGAGACACGAAAACCAATTGCGACATCGGCTAGGCGCCACGTTCCATCGGGCGCAGAAGTATGATGGTCTCGAGAGGGGGATAAGCGTGGGGTGCCGACAGCCTTGTAAGAAGTCCTGTAAGACATTGCTGCCGAAAGTCTAGAAAAGAAATGCAAATTATCCTACTGCGGTGGCATTTTATATATAGACTGGTCTACTGACTACTAAACAGACCTCAAGACTAGACCGTCAACGTAGATGTACACTTCGTTGCTAAGAGGGCTAGTGGCAGGGAAAGAGTGCAGAACCAGCCGTCTCCGGGTGATCGAGTGAAATCACCGTCTAAATGGGGCGGGTCTTCCATCTATATTTCAAGCAAGTTGGACTTACGTATCCTGTCCGCCGGCTTGATAGCGTATACTCAACACAAGGGGCGAGTATAGCCGGGCGGATTTAACGATCTCGGTAACAA,1709,47.22,Mus musculus
SEQ_311719,ACCCTGTCCAACCAAAAATTATACTAGCCGGGGGCAATTTTATCTCCACTCTCCTCGGAAGCTGTTGCGCTTATCAACAGACGCCGGCTACCCACTAAGACACATATTCCGATTGGAACGCGCCATAACTACCATGATTCGAAACTATGCCGTTCACTACAGTCACGCACGGCCCTAAACACAGGCCAGAATAGCAGGTGGAGAATTTCTGGTTTGTAGAGGATTTCATCTTTTCACCTTGCCACGATTATCGATCTATCTTCTATCCTCCCCCAGGCGGTCGGGCTGACAATAGTCAAACGCTCGTCAACACCTCATCTTGCGCGCCGAACTTCAGGCAGAAAAAGAAGATGAAATATCAGTTCTCGCTGGAGCGATGAGTGTATGTACAGCTGATGAATCGCTTCGACTGTACATAAGGAGATCCTTATAAGTCATCCAGTTCGTAAGGTTCGGAGGGAGAAGTCACCCTAGCTGTCACACCTCGGTAGTCTAAACCTCCGTCGTATATACACCCTAAACTGATGTTCCATTCCTCTGAGTTAAAGGCCATTACGAGAGATGGGTCGCGACACCTGCGTAATTGTGTCTGTGTCCATTCCCCAACACGCATCATTTGTGGGCGCTATAGGAGGCGGGCCTTAGTGATCAGATTTAGTGTGTCAATACTAGGAGTGGGGTCACGGAA,688,48.55,Drosophila melanogaster
SEQ_710534,CCCCTGGAATGCCTGGCTAGTACGAGATTAGAGGCGCACATACCTAATTTTTCCGAGCCAATAGACACTACATTTGCCCTTCGCGCTGTTGTTTCGTGGGCTACCCCCCTCCCTCCGGAGTCCGATGGGAGATTGACGTACTTCCAGTGAACATTGTCTCTCTGTGGCGGAGCGTCCCCACAAATTGTGTTAGTAATTAGGCCAGCGACATTGCTAGGCCTTAGATGGGGGACAAATCTAGTCCTAGCTATACCTCGTTACTATGGCGATACGACCTAGCTCTCACAAGCACAGTCTAAAACTGAATATGCGTCCTATGTTGAAAACCAGCAGCAATGGGCTCTCAAATGTACGCTGGCATCAGTAGCGAGGTCCGATGATCCGCAGAACGGCGCGCCCATAACCTCACAGTGACTTGCTAGGTGGCGATTGCCCGAAGCGCAATACTTTATCCGCTATGCGAAAAAATATTAGCTCAGCCGCGGACGCTATTCACAACAACATGTTAAGGAGGTGTGTGCTGGGTAATTTACTGCCGACAACAGAGCGAGAAGCAGTTCAGGTCGTATTTGCATACTTCTTTAGAAGTCTTAAGCGTCATGACCCGCTAATTCGTCGACTCCTCAATTAATGAGAGTATGCCTGCCCACCAT,653,49.77,Caenorhabditis elegans
SEQ_129045,TCCTTAATTTACCTCTTGGCCTGGGTCAGTGCAGGAGGTACCTATGTTTGACTACTAGCTTTCCATCATGTAAGAAGGTCTACTCTTGTCTCCGTTGATAACTGCAACCCCAGATATTGGCGCCTTATAGTGGGGCTAGCGGAATGAACTCAAACACAGACGTGCCACTGGCTGCTGGCTGAAATCCAGACAGCCAGATAAGCGGGTACTATCAATAACGGGCCGGCTTCGAAATTCTAGTAAATGGGTCCAACGATACCCCAGGCGTTTCTTGTACGACACTCCGAGGCATGTACGAATTACGGGAATTATGCTAACCTCCACCTCTTGGACCAGTTAAAGATACAGATAGCGGTGGCAGCCTGATATAAAGTAGCAGCTCTGAAGCCCCTATAGTGATGGGCCTGACTTCTCAGGGATTGAGAGCCGCCTATCGAAACTTTCCAAACCAATCCATGGGTAAGTAAGTTCTTCGAGCAAGTCAACGTATTCGAGCAACTCTGATTTCAGAAACTCCACATATCCTGCGTTTACAGATCAACTAGTTTCTCGACCAGCTAAAGTCAGTATCCAAGTCCGGTCAGTGCTAAGAAGCCATAAAAAGCATATCTCAACGTCAGCGTCACATCGGTTCGCACCACAATTCAGCGACAAGAGGAGGCCGTCTCTATCTGATTTACCTTCCCCATTGGGACGCTTAGTTAAATAGGGGTCCCGGAGGGACAGGTTCAGGATCCTTTATGGGAGGCAGGAGATCCCCTCGCCGCTCCCCTGGTCAGAGTTTAGGAATCATAAGGGGGGCCGGATCTTACGTTGCCGCCACCACCCTAATTTAATTCGAGAACCATTCTCTCGAGCCAAAGAGTAGTGGTTCCATGTCAGATGACCAAACAAAATACCCCGAGCAATAGTTTCATCTCTCACAAATAAGTAGAGGATGCTTTGGTGACTAATTGGTGAACTGAATGTTATCACTCAATTTCCAAGACATAGCGGTTGTGAATTATCCTTGACATTATCGGGGCGCCGTCTCTTGATTGTAGTCACGGTTTAAGCTCTCAGGCCGCCATGGAGGAAAGGAGATCCGAGTAGAATGACGATCTCTTGCAAGGATCCCTCACCAATTCGGTTGCGGGAAGGTGTGTCGGTATACCTTGATGTACAAAGCCGATATCCAAGACCCATGTAATACTGCCCTTGCGACGCGAAATGCGTATGATGGTCACATCGTTTT,1234,47.97,Escherichia coli
SEQ_998413,CATGCCTCCCCTAGGGGCTTCCATTCGTTGACGTGTCCCTAAACGATGGCGTATCTTGAGAATGGAAACCGAAGCCAGTCTAGCGCAGATGCATTGCCAAGCTAAGGTCCGGAGTGGGCCCTTTATCCTTTTTATTCGTACACACATAGACATGTGACTTGGGAGGCCTTTGGTGCGCCGAACCTAATGCACTCACCGACCATATCAGGACGCATGCTGCAAGCAGGTGTAGGTCACCCCTGAAAAGATCAAACGGGGCTGAGTACTGTTGAAACACTTCCGTCTAAGCGAGGAGCGTAAGTCTGGAAAGGAAAACTAACATCGCCGGCGGGACGCAATAAGTTTCAAACTTTAAATCAGATGCACCACATGCCTCTGCATTGATTCGACTGTCATATCTATTTTGGGAATTGCAATGGAACGCAATTGAGCGACCTCGACGCCAGCTCCTGGCAGTGGGCATCGCTGGAGCCTGCAATAACCGGGGAATGAAACGGAGCATATGTTAGTGTACCTCGCGGTCAGCTTGAGCAACAGCAAATCAGGAACTCATCTGTTGGGTACGTGCCAATTGGCGTACATATTCAGAATTTGCGAAA,599,50.08,Drosophila melanogaster
SEQ_437840,CCACACCGGTTACACTGGTCTAATAGTTGGTTTTTTGCATTGATGTTGGGAATAATAAAATACTCTTAGTGACCAGGCCGAAAGAAAGAAGATCAGCCGTCACGTCCCTCCCAGAATCACTAGAGACGGGCGGTCTCTGACCAAGTGGTCCACAAAACCACACTGAGGAGTTCCCCGCGACATACCTAGTGCACTCACACCGTGCGTCCAATTCAGGTTATACGTTGCGCCCCTATCAATCACTACGTCGCCTCTACGGTTGCGTGAGCGCTAAACGTTACACCATACTCGCATCCCTTCCAGGGCACTGTTCATAGGTGAGCTGAGGCGAGGCCTTGGCCAGATGTGGTTAGGGGACGCAGTGTAGCGAGAACAATACTCGTGCCTGACTGCATCTTCACCAGCCAAATTCGCTAACCATCCTTGCAGCACTACCGTGCAGGGGTTCCGTTCTGCGCGGAAGTTCCCACCCGATTCCAGAGCTCTCTCCTCGTTTATTTTGCCTCCACGGTTTCAGGCATCAGGGGTCCGACCTTCCCACCTATATCTGTGTTCTTCTTACGAGAGTAGACATAGGTCGGGAGAAGCTTTTACAAAACTAACACAAGTGTCAGGGAGGTGGCAAGTGGGGACCGGCAAACATTATTCAGAACCTTGTTATGGACCGAAAACGACCGACTTCTCGATAACGGGGTTATCTTAGGTGCGAAGGTAATCCGGACTGCCAAGATGGTGACAGACAGCAGACAACAGGCT,756,51.59,Homo sapiens
SEQ_972086,GCAGCGTAATTTTATTTCATGATCAATTGATGTGCCAGCGCGCCTACATCTAGAATATGTACAAGGACCCCGTGGACAGGTCAGACGGAAGTCCTCCTGTCGAGTCTAGCCGTGTAGCAGATACCCACTTTGAGTCTGCCACCACGGAGAGCCTTCTGCGTCTTGCCCCTGGCGACATTTCGGGCTCAAATAGTTTAAGGGGATGTTTCGTTGATTTTTAGTTTCTACGCTATTATGACAGAACTCCCTCAGCCAGCAAGTACTGTGATAACGGGCGCTCTACACCTTTTCAATGCCGACAGCTCTTCACTTTTTGGCACCTTTTCGCAGGTAAGAAGACAGGTACTTGGCTACACAGTTGAGATTTTCTGCAAGGCAAGACCAGGAGTACGCATTCCGCAAATCAACCCCCGCTGGGCCTAACTCCCCAGCTACTGCAGACGGGCCCAAGAACTTAGCGTATGCCGTGCGTACCAAACAGAGTGTAATGTAGGGATGGTGAAGAATCGATTCCGTTATTATGCGACAGTAAGAGAGCCATAGAAGTACCTTGGGAACCCCCACCTCTCACCGTCTTACACCTGGCGGGCGTGTATTGTTGTTACGTGCATTGAATACATTCACAACTCACTGCTAACGATTTCATAGTAGGTCGTACGATTTGTTGCGAAGTCTCTGGATGGGCTATAAGTCAAAACCTTATATAACGGACCGGCTGCGTAGCGTCCACTGCCCCCCGAAGCCATGTGTCTCTTGCAGATGAACGTTGCGACACTGTTAAAAACGTTGAGCTACCTCCCTCGTACAGGGACCTACTTGCCAATGGAGCCCAGATTTCGATGCAGCTTTATCAGCCCCAAAGCACTACGAACTGGGCAATCGATCAGGGTTAGCTCGGCCACAATGCTCGAGCTTTTAGCTACGCCTGAGTCAATACGGTCACATGCCTGGTGAGGATTGCTGCCGCGTAGCATGCTGAGATGCACGACACAATCTTTGCTGTATCTTCGTCAAACGCAGAAACTCAGTGTACTGTCTACAGCTGTGTAAGGTAAACGGCATTGCAAATAATCACTCCACTAAACAAACTTTTTGCCCAACAATAAAAGCCGCGTGGGGGAACAGATCGTTCCTCCTGCAGTAGACTAGGATGAACTTCACGAAGGCCTCTTCACTCGGGCGGGTCTCAAGACATGTGATCTTCATCGCTTATCATAGATTTAATTACCTAAGGCGGGTTCAGCGATGATGATGAGTATATGCGTAGAGGGATCCAGTCCAAAGGGAATCTGGTCCTCTTATAGCTAATGACATGAGCAAGAAACTGATAGCCCGGGGTCGCGGCTTTCCGGTCAATGTGATAAAGGGTACCCAAGATCCTCTGTCTGGTGAGTTCTGAGTGGGTGCAACAGTACCACTGTGGTTCGCCATCGAGCATTGGTTGCGGCCCTACGGCCCCCCCTGAGCTCGGCGATCAGGGCTTATAGCGTTACCCTGGTTT,1501,49.97,Drosophila melanogaster
SEQ_212734,GATAGACTAAACCCCCCTCTATCATATAACCTTCCTAACTACACGCGAAGGTTCTGAAGACGGAGTATTCGATCGACGGAAAAGTGCACTCTAACCGATCATACTTTATTGAGCGACTGGGTCGAGATCCCTGAATGGAAAGGAGGTCTCTAACTAGGGGCAAGCGTTACGCTTGCCCTGTGACAAGAGCTCCACCGATTGAGCTAGTGCTTAGTCGGGCCGGACATATTTTGCAGAATGTCTTGAATCGCACAACGCTACAGCTGCCACCGTGGCACCACCCCTATTACATTGACGAAACATCAGGAGCAACCGTTCATAGTATCCAACTGAACACTAGGTTCCTAAACGACCCTATTCGATACGAACCACGCCGGGTACGCACAAAGCAAGCGTCTTTTAGGGTAATTATTTCATTCTTGACCGGTACAATTTACCATCGCCGACATCCCGCTCGACGGAAAATCTATTCAATACCCGGTGCCAATTAGGTCAAAACAGAAGGTTGTAGAGGGACCGTTCGCCCCGTGATCGTAGGCGAAGAATCGCCCATACGACATGTCCTTATCCATATTCTCAGCTGAGGCACACTTCACATACCTGGAAGCCAACCCCCGAAAACGGACGCTTATCGTGCTCGGCGCCTTTAGGCCTTTAAAACGGGTTTGGCACTAGGCCGACAAGTGCTAGAAAGAGCTGATTCGCTATTATCGTTGCTAACTCGCTTAT,729,49.11,Homo sapiens
SEQ_718551,CGTGGGTATCTGGATACATACGGTCTGTTTCCACGTAATTATATGGAGATAAAACCCTGGAACTCACCATGTATAAAAACGTACCCTCTGACTGCTTGCACAACTTATGGCTGGGGTATGCACTACAAGCACACTTAGACACCCCATAGACTGGTATGGAGTGTCAGTCATACGCTGCCCGGTAATACCTCCTAAGAACCATAGTGCAATCTGAGTACGTAGATGAGCATCTGGGGTTGGGGGACCGCAGACCAGAGGCCGACTGGAACTCGCTGAGGAAATGTAGCGGAGTGCCAAGGATTCCTATTTAGAGCCCCAGAGTGCACACGACTATCACCTGAATTACAGAAACGTGCCGCCAAGTGTGCGTTGGTGGGGTGACACTGGCCCGATTCACGTCACGCCCAGCTCTACTTAGGGTTTGAGAAACGGGGGACTATATAGTTGGTTTTGGGTGGGCTATGCGTACGGTTACGGGCTCCAATCGGGTAGTTTTGGTGACGGGAGAA,509,51.08,Arabidopsis thaliana
SEQ_648294,CGTACAAGCCGGATTCATGGGGGAGCTTTGATCTGCTTGCAGAAAAGTTTGCCTTGTAATGACCGTTCGCAGGTGTGTGCAGCTACCGCTGTCCAACCATAACCGGCACTAGTGTTAGTACTCGGTTGCGACCTGACTTGCGTTTATGGCTAAAAGGCATGGATTTTCGGCGGATCACCTCACTGCCCCATACACAAGTTATGAAGTAGTCCAATCGATGTCACTGGGATTAATGGGGGTACCTTGTGCTCTGGAGCGAGAAGCTGTCCCCCGGGGGGTAAATATAAATGCCCTATACCGGAGATCCCAGCGGTACAATAAGTTATCTAGCTCGCAGCCGTCGCTGAAACTCATTCAGATTCCTCGATAGGCTGGTAAGTGGGAGGCGGTGGTGGCCAAGGAAGTCCTCGAATTGACTTGAT,422,51.18,Escherichia coli
SEQ_997584,GCGGGGTGTCGGCGTAACTAGCATAGTTATGTAGGACTTTTCCTCGTAACCTGGGTTGTCGGACCGAGTAACAGCCGCTCACGAGTGCGTCAGTAGATCTTTATGGCCACTCTTGAGATTGTAAAGTGTAGCACGCCCTCGCTCCCGAGCTACACGGGCAATCTGGGCTGTATTTTATGACTTCGGGACTCACTTGGGATCTGCACCAAGTACCCGTGTCATCGTGAGGCGATAATTCACGTATCGATGACTCTAGTAGGTCCATACGATGATCGTATGCACGTAGATCTTGCCGAACGCCGAGGGTACTTTACGTCAATTTGCGGGCCTGGGTCCGCGACTTCAAATATGTGAACCCGTTTAGTTCTACAGGAAGCCGTACGCCGATTAGATTAATTCGGGTAGTCCCGTCGCGTGGTGCAGCAGTCGCCCCTGCATTCGAGTAGGCAGGTGCGCAAGCACTGCCCATGATCTGTGGCGTACGGAGGTT,490,53.27,Drosophila melanogaster
SEQ_224096,GAACGGGTGGCCACGTGACGGCTGTCGCGCATTAGCTCTGAAACCCCATTGCCCACCTTTGAAAACCCAAATCCCCTCTCCTATAGTATGCTTTCAGGCTGCCCTGGTGGCAGTAGATTGAACGATACTCTTATGCGTAAGACAACTCGCAGCCAAGGTCTAGGAGTATCACAGTCCGGGGGTGAAATTATTCAGTAGAAAACAGAACGTATGTATACGTAAAGCTTTGAGTCTGCGTCCCCTGGATGCAAGGGCTCTAGAGTGGCGAATGGATCAACAGCTTCAATTCCGTTGTGCAGTACTCGATCAGTAATCAGGCTGGGAGATCTGCGTGAGTGGCCCCCTCGCAGTGAGAAAGGCGTGGCATTTAATGAAGGATTATGCGTGAAGTTTCCTAGATTAGTTACCGAGCGTTGGAGTGGTTTGGGGGGGCCGGCAAATTAGGCGGCTTACATTGATCCCGGCTCCACTATTTCACCATCCCGTACGCGACTACGCGATTATGCAGGGAGCCCGTCCGCCGCCTCATAAGCGAAAGATTCAACGTTATCGGACACATCTCGGGTTATGGCCGCGTTTAGCAAGTATAGATCCAACCTAATATTTCTCGGGGGGGGAATAAGGTCTCGCTTACTAGATTTGCGACCTCCCACTCTTTTCAGGTGTATGCACGACTGGATAGGGTGACTTCCACGATTTCTCAGCAAACAGTAGGTGGTTCGATCAAGCGCCGTTTCCTATGCTTCCCGTGCAGAGGTGCAAACTGTCCTAAGCCACTTAGCTGGTGAGCGCACATCTGTTCGGGCGGGCTGACTGGGTCGTCAAGATCGCAGAAACGCCATTTACCTCATAGGAAGTGGCACATACGAGGTTCGAAACTAGATTGTCCGTCACGGGAATCTTTCAAATATTGTCTCCGTCCGAAACGTTGGTACGCCGATCCCTTCTCTGGACTCCCAGATTTTAGCTGCTTGTGGTAGAACTGTTTCAATAGCCAGTCGTTTTTGCAACCGTTATACCCTCGTTTACGAGTGGGGGGGAACCGGACCAGGCTTCAATCTGCGCGGCCCGTGTACCGAGAGGGTAGCTGGGGCATGGTACCTTTAATAAGACACATCCGTTGTGTCCTGAGTGCGTTAAGAGAAGGTTCACCTCGTAATCTTGAAGGGGCCGAGCCTTGCCGGGGGTAGGAACGGGATTATGCAATTCGAAAATAAACCTCCAATAGAATTCACACGACCGTCTGGGGTAATGCGGGTGACCTAGGGATATAGAGCCGCGGATGCTCCATTCGCACCGTCGACCAACTTGATTGCTAGCCTTTCCGGGAAGATCTTACCTATCTCACACTGTCTCCGCAAATTTATTCGAACCTCATTGAGTCGCCCCACAGACCTGCGTCAATCGCTTCGCTAGTATTTAAATCACCTGTTGACGCTCGGCTATTGGGTGCTGATCGCGCCTTAACCGACGCCTCCCCGACTTAGCCGTACTCAGCCCTCGGATCAATCTCTTCGCGAAAAAGGGTAAGGACGTGCTAGCTACTCTTCTCTGATACGTTGCGTAATGCTCCGCGTTTATTGGGCCGTTCCACTCCCTCAAGAGTCGGCTCATTTGTACGTGTCGCGAAGTGTACTACACCGGAAACGGTCGCGGGTTGATAGAGACCGGCGCGTATCGAACCTGATAATCCCAGCTAACGACCAGTGACTCCCAGGCATGGGAACGCTTTCTGAGCATGCTGAGCATCGTGGGGCTGCACGCCGTCGCAC,1772,52.26,Homo sapiens
SEQ_151522,TAAAGTCACAGCGGAACAGTGCTAATACTCATCTGCTACAGAATGCGGACGAGTGGCACGATCCAGGTTGATGAAACTTAGTGACGGGAAGCACTTATAACCGGAAGTAATATACCATATGGCGCCATCCTAAACGGTTGAATTTCAGTCCAGGGCCCTCCGGGTTCGACCACGGCGCGTGACTGTCCAGTTCGTTTCGTAATGGGCATTCTAGGAGGGTTCTGTTGCAATTATGATTGAAAAGAATCGTTCTTAAAGCTGACGTCGTCAAGCGAGTCTAACAGGTGGCGGATACACTTAAGGATTATGAAGTGAGTGACCGTAATACGAACATTGCCGACTGTGACATGGCATTGTGGTTAGATTGGTCACGCACGGCGACCGGGCTAAAATTACGCCTGGGAATGTGAGCGGGACCCGACCTGTGTTTCGTCCTGCTAAGTGTCGAATAATTAGCGTGTCACGAAGACAACTTGTGGTTTTGTTCTTGTAGACCTTGGTCTTTCCAGCATACGGTCATATCATACTTCTTCTAGATAATACTTGTTGCCGTACGTCCGTTGATCCTGACGACAGCCATCATAGAGCCCCGGGACGCAACATTAATGTTGAGGCGATGACTGTTGGGTCTGAAAGAACTATGCGAAGAATCCGCATCACTTGAGTGCATCAGGGCAGAACGCCCTTCCAGGAGACTGGGGCTTGTCATCCATGAATATTTCCTGCCGCATGCTACTTCTCCTCAGACAGGCTTTTGCAACTTATGGACTTCCCCCTTTTTTGCTGGCGTGGTACAGTAAACATGACTACCTCGCCACAATCAGACGAGAACGGACCCGCCGTTTGGAATGTCCCAGGAAGAGCGGGTCATGGATGCCGGTGGCTTCCCCGTAGTTGACCGCCCG,905,49.94,Homo sapiens
SEQ_310245,GCTCCACAGATCCGTCTAGGGGAATCCGTAAGGTCGCACTCACCGCTTTGCTGCCAGCGATTGCCTTCAAGTAAAGTGAATAGTTATGTTACTGCAAGTACAACGCGCTTACTGAAGGATCGTGTGCCTTAAGATAGGACTAGCTCAAAGTGGTAATCGCCGCTAAATGTTTCACGGAGACCCCGCTGCACAGCTAGCTACTACGAATGTTGGTCCTGACCCAGCATTAACAGAACTTCCTTGTTGATGGTTCTGAGACCCCTGTAGAGAGTAAGACGTCTGTATCCGGCGATTAGATCAATGTATTAGATAGGAACTCCTTTATGCATGCCTCTATAAACCGGCCTAGGCTCCGTCTGGTACAGACCTTACCATCCATCAAGGCCCTCAGTCACTCGAAACAGAGCCCCAGGGCTTCCTAATGGCAAGAACAATGAAATCTTTCCACCACGTGGGATGGATAACGGTGGGCTGGCCAGGCAAGGACCTTGGCGCCCCGGAGGCCTGCCAATGTGGGCGTTCGCCACCGAATGTGCCTGGCAAATCCGTATCCATCTGTAGTGGTAACGAAGTTCGGTTAATAAGTCACCACCCTCCATCGACGCCGCATCATCTTAAACAATGTTGTGTGCGGTGGCTCCTTTGACTCGTCGTTGAGTGCTCCATAGGACATCCGGCCCGACCCTAGGGGTGCCGCGCTAAAGATGGGAGTGATCCTGAACCAGGAAAAACACTACATGTGGCTACCGAGACCGGGTCCCGACTAGCACAGACTGTCATTGTCTAAATTCAGACGATCTGAATCTCATGATC,813,51.54,Drosophila melanogaster
SEQ_787337,GAATCAATTAACATCCCGCTGAGTGTGGAGTACAGATAAAACGATGCATTCTGATGCTGATAGAGTGAGATCCCCGTCCACGCGTTAGGATGTTCCAGGGAGCAAGAGCATTCCCTGGTCTCTCGGGCCGGTCGCAACCCCTATCATAATTGAAGTTAAGACGCAGATCACTACGCCGGCGCACTGGATTTCGGTACTGGGAGTGCGACACCATTAGAATATACCCGAGGTTACTCATTCCGAGGAGTCGAGTATACGCGCCCTCCCCGCACAAGGAGCCTTCTGTTGTAGACGACATAGGGATAGTACGCCGACGTTTGGGATTGGACCCTACTCGCTATCACGCAACTCAGCGAGAGGTATGGACAATTGCCACGCCAAAAAGCTAATAGCAGGACATAAAAGATCCGGGCACACAGGAGGCTACGGTATAGGGAGCGTAACGTAACTCATATATCGCTGGGCGTTAATGCACCACAGTCAAGAACCTACGTACTGGACTCTCATAAAGACACATAAGTCCCAAATCCAGACTGGGGGA,541,51.02,Arabidopsis thaliana
SEQ_808711,ATGGTTTGAACACTGTATCACTCTTCTTGCCCTAATCAATCTCTTGTTTCCTGACCCTTGCCACCGCACCGGTCTATAGTAAAATGTGAGAAGTCTGTTACCCGTGCACGATTTACTCGGCCTCCCGGGCATGCTGTTGTCGGTGTCCGTTACGATACGTTCCAGAAAAAAATGCGGTACGTTTGTGCACATCCACAGATTCCGGGTCGAAACCAACCGAAGCCACTGAGTGGTAAGGTCACGTCGGTGGGACTTCGGTCCTTGCTTCTTTAATCATGGAACAATGCTCTTGTTTACATCTCCCGCTTGCGATTTCATCGTCCTTATGGCCGGGCGAATAGCAACAGCGCTTTTCATTTGTGCTAGAGCGGGGCGAGTAATTCCGGCCGTCGTTGGGCTAATTGTGGAAGTTGGCCTAACCCGCAAACCAAAATGCCTTGGTCGGTTGACTCCGACTATTCACTGTTAAAAGCTCGTCGATCTAAGCTAAAGTTCCAGCGACCGTTGCAAGTCTTTAATTGTAACATAACGCGATTACCCCTTAGACACCTGGGGCAATATCGACCAAGACCCCACGGTATATTATGTGAAGCGGTAGGGGAGCTTCAAGGAAGTGTTCTAATGTTGTCCATATAAAAATTACAAGCTAATCGTAAGAACATGGGAGAGAGCCTGGTATGGGTGCCGCATACCCATGCAGTATCGGCCGGTTAACCGGTAGCTTCAAAGTTTTCCCATACCGCCATTTCACAGTGCGACCGCAGCCCCCGCAACTACCCCCTGGACCCTTCACTCACTCGGAGACCATGTTTCCCACTTATTATAAAGTTTGTTTATTATGTACCTTCCGGTTCTACTAATCAAGCCTCCAAGGCGCTTTACCGGACTGCATACTGAGAGTAGTGTCAGAAACACAAAACGATTGCCCTTCGAGCAAACGTTTAGCATAGCTTGTGGACACAAAGGCTACCGTACAAAATTAGGGTTAAATTGAAGCTGGGAATCGCCAGTTCTCATCTACTTTCCCAATTGCTTTAGGAGAGACCGATACCTATGGCCAGATAAAGCGGAGAAACTTTGCGCGCAAGCGACAGGCGTCCCGGGATCAACAAACGCTAACGCGCTAGTCTTCGTCTTACACGGTGCTTCTTAAGTTCAGGGAGACAAGCATAGACCCCACCTTCGGCCAGACATCCGGAAGCGGAGCACTCTAGCAGCCTACGTTAGCAAATCTGTGTTACGACTGACAGAGGGCATCCCCTTCTATTTAACTATACACGGTATGCG,1287,48.87,Arabidopsis thaliana
SEQ_848107,TTACTGCGAGATTGGCTTGGCAGTTTTCCGGTGGTTTCTTACATCCCACTACGTATTCAAACAACCTCCAGGCAACGGATTCGTCTTAATCTTCAGACGCTGATCCAAAACGACTGGCTGTCCCTGCCTATCGCCTTAGCCGCAGGCGGGGTGTCAGGAAGCTAACGACACTTGCGCCAGACTAATCTATTACCACTCAGTAGGCTTTGCATCCAAGGTTAGCTTTTAGCCAGTGTGAGATGTGTTCCTCCAACGGGGTTGCCGTGAAGCAACGACGGCAGTACGTGGAGTAGACACTCAAGGCTGCCGGGGGGCCCATGTCAGGGAGAAACCCCATCGCTTTGTTGGATAAGGTTCTCAGCACGCACTCGGTCCATCAGTACGTGTTCTTATGCTCCCACGGTTCTCGTCACATCACCGGATGAGATCCGAATCGCGAGCGGGACTGGCGGTTCCTCCTGGTATTGCGGCCGCATTGCGTCACCGGCGAACCGGAGGTTATAAAGAGACAAAGACGACCAAGCGGTTTTATTACCTCGCTACTACCGTTTTAGAGCATTGCGACAAATCAGGGTTCATGTTTGCCTCTCTTTAGATTGCTATTCACCGATTCTGAGACACCCGGGTATGATACCTCATAGTTTGGAAGGGTATACCAAGCTGTTGGGTCAGCGACAGTGTAAGTAGGGAGCTCAAGGCTGGGCACCCTGACTGGCAGGACTAATTTGGTCTGATAATTGACGAATCAATTGGCCTCAATCCCCCGTGGCATCCGGAAATATGCCGACGAAAATGGTTAGTGTGTAGAAAGGCCTCCGCGGACTTACTTCCCGGCAGGACTCGCAGTCCATTCTTACTGCTGCACGCGGCTAAGCTTCTTAGAATACGAAGCGACGAGGACCTCCTTAGTAACCCCGGGTTCCAAGGGCATCTGGTAGCAACACCTTGAGGTGTATAGTTCCTCAGTGTATTTAGTCGTGAGGGGTTCCGGAACGTCGCTAGGGTGTCTGGGTCTACTGGTTACAAGCAGGTTATCTGGTGCGCCCGGTCAATACACGGGCGTTTTACTAAGTGCCATTTGTCACTCATTAATCCCGTGCGTTTGGTTTCCAGGCACGAATCGGCCGTGCTAGCGAACCCCCTGCCCCGCCGGTCGCCGAGCGCCGGACTTCACGCCGCGGGGACAGCAGGTTGCCACAGCTCCGGCGTGCGGGTAGCGAATTGTAGACCCCACCCGAACTTACTTAAATGAGACACACCTGGCTCAGGGGGTCCCCTAGATCTACCGGTGAATACATCCCCATTGGCAACGATATCTCCAATGGGGCATGAAAGATCCGCTCTTTTTAGTTTTCTTCCCTAGCCGTTACTCTAAAGCCGTGTAAACCCTTGGGCAACCGTCAAGTCTGAATTCTTTGAGTCGTGGGACGACGGGATCCTATAGCAGCGAGTCCACTAAGGGTTATACTAAGCTGGTACCAAAAGTTACTGACGGCTGAAATGATACCTGGCTTGGTCCACGGACAGACATTTCATGGCTGTTCAGCTACGAATGATCGTAGCTCCCTAGTACGGAGATGTACGGGTTAGCGACCGGACCTCATGTTCAAAAGCGTACCCCCGACGGCAAGTCTCGTTGCCTATTCGTCCAATAGACCAACAGCGCTAGCTCCGGTTGGTCTCCAAATAATTAGTTGAGACCCGTCTAAGCAGGAATCCGATCTTCGGAATATTTTATTAATCCTGATTCAGGTGCTCGCCAAGGGGAAAGGTGTTG,1777,52.5,Caenorhabditis elegans
SEQ_266189,ACAGTAGGGCCTGGTCCCGTGGATGCAATGCAAAGTGTTCTAGAAATTATGAGCCTCGTTCGTTCAGTAGCGAGGTGTTCAAATCCATCATAAAGAACAGAACAGGACTTCTAGATGGATCCACCGTCAGCGGAGTGCGAAACATGAAATAGTGGCTATTACCAGTGTTTACTCTCGCCAGACCAATCTGCCAATGCTACGAAGCAGAAACGGAATCAGCCCATAGAAGAATTGAAAAGATCAACAGTCACCCCGTCTGGTTTATTGAACCTCTTTTGAGGCCCCGGCAGTGGCAGGTGAGGTCCAAGGGTCCGGGCCTCATCAATGCCCTAATCGGGTGTCCCTAGTGTTCACGCATGGGGGCGAGGTGGACGCAAACTAATAATCTGCAGGATTCTCGGCCTGGTAGCTAATCTAAAACAGAGCTTCAGCAGCGGAACCAATATCTCCAGTCGACTAGTCTCCAGACTAACGCCGATACTAAATCACGTGACTACACTGCTTCTCATACGGGGAGGAAACAGGTTAATTCCGAACGTGCACATCTAGCATCAATAAATACGATCCAAATCCACCCCCGCATGTTCTCGACCGCGTAACCGTGCAATACGACTTAACTCTCCGTCGCTATACCTCCAGACGTGCGACTGTGTTCCATATAACAGAATCAAAGAGTGCCCGCTGTACAGGACCGTGTGTTACTCAAGAAACTGACCTGAGGCCCTACATGATCAGACCTTCTTCCGGGTGTTACCAATGGGTCGGCATTTATAGATGGTAAGCTCACCCTGATCAGGCCTTTTTTTCCGCAAGGACCACTATACCGGCCCCAGTAGAT,838,49.52,Drosophila melanogaster
SEQ_793275,GGAAGGTCTGTCGCATATGGCCGCAAGATCCGCGCCAAAACTCTTAAAACAGGACGCAACTTACAGTCACACAGTTAGTATAACTGCCCGTCAGCCGGTGTGCCGTCATACGTCTGCGGATCGTTACTTCTTGGTCCGCGACCCTACGGTCGCCAGGTTTGGGTCAGCCTACATCAATAAGAAAGGTCTCTGGGTTCGCGCGTAAATCGTCGAGGAGGTCCGCAGTGAGCTCTGTGTAAGATAGTAGTCCGGCTTTACCATGAGCAAATACTGAAGATTGTCTCGACGTTGGAACCGCAGCTGCGCTCACTCTCAAATACCAAATCCGCAGGAAGTAGTTACATTATCACTCCGCGAACTGGCATCGACTGGCGCCATTGTTTTCGACGGCAACGCCCCTCTGCTAAGACAGTGGTCCGTGGTTCATCGTCCGAGAGCGGCTTATCAATCCGGGTAACATTTAGGAGTTCATTCCCCCTGTTTATGCATGGGGATAAGTTTACGTTTCACTTATACCCTGTCAAGCGGAAAAATTGTGCCCGACCGTTTACGTGTGGCTAGAAAGCAGGCCTTATGTACCCATCTTAAAGAGTGCTTGGCCCGCTAGGATACAGACAAAGGACCAGGCTCTGCCGCGTCCGCTATCATCTTCCAAGACTGCGCGCTATTTGTATCTCCCTTTCAGCGCTAACCTTCACCTCGACCCATGTGGATAGAGTGATCGGAACAGTCACGGACATCGTGCATGCTATAGTTGCGGGCACACTTCCAGCCGCGCCCACCAGCAAGCCACCTGTGCCTCGTCCCGGCATCTCCTTACGAGTACCTCGTCACTACACAAAGACAGTACCGCAAAGAAGGCGCTGACAGCCCCGATCGGACTTTCAGCCCTGCCCTACTTAGGAGTGCCTAGTGACGGCCCGGGAAATCCGCGGATTATCAATAAGTTCGGACTTTTGTGGCAAGTGATCGTGCCCCATCAGAGTATAACAACAGTTGACAGGTGTAACCTATTGTCTGAGCAAGCCGCCGACTTCGCGACGTCACTTCGTCCGGTACGAACCGGATGGACTCGGTGCAGCGAACACTTCTTGTCATGAGTCGAGTATGAAAACTGACGTTTTTAGGACTCCCGTGAACTAAGGTGTAAATCTGCATCCAGTCCCTCGGGGAAGCCGTGGCATATCTTATGTGTGAACTTTCTGGAACATTTCTCAAGTCTAACAATGTTAATCAACACGGTCGATATAATGGGTCATCGCATGATATTCCCTCCGAAAGCATATTTGTTTGATAACGGAGCAATGACCTGGGCCGACTGACGTAGGTA,1330,51.5,Arabidopsis thaliana
SEQ_658380,CAAAAGAGTGCTGAAATTGTAGAGCCTATCCCGAGATTGTTCTATAACCTGGTGAGTGAATCACGGCAGTAATTGCTGTATCCTCGCATGTGGTGACAAGTATCTCCCACTGCCTCGTGTTGTTCCGCCATGTCATATGAGGCCTCG,147,48.3,Escherichia coli
SEQ_966561,CTAACACTGGGGGCTTGTTTCGGACCGGCATGAGTCCCACACAGGTCCGGGGGAACCTCCCCAGCGGTGCCACATGCTGTGGATGCAATTCGGCAATCCCATTTGCGAATTCGCTGGCGACGAACTCTAACTTATCATTATGATGACCGGGTCGAGTACAACACGTGTCAAGATACTACGATGATCGCCTCCAGCTCGTTTCAGGCTACGGGTCAGCAGGGCATTCCGTGAGAGCTTTAGATTACCTAGATTGCTTGCTCACAGTCAAACTAATCTGCAGCCACGGCCGAAACTAATGCGGTAGGAACTTTCCCATGGTCTCATGTCGCTGTACTTAAAAGTGGGAGACTCTGCCCCCGTGCCACGAGCAGAGGTGGACAAGCTCTCGGAAATAAAATTGATTGCGTCCCTGCGGATTGTAGTGGGAGGGTGGACTATAGCTGGGTCAATACAACTAAAAGGTTTGGTGAGCGGGTAAGGTCGTGCGCCAGTACTATTAGCGTTGTTTCCTTAAGTAGCGCTTGAGGACTAGGCAACAACATTCATAGGAGGAGCCCCCGGCCAATATTCAGAAGTTGGGTCTCAAGCCTGGCGGCTTGTGACTGCCATGTTTTCTGCGTTACAGGATAGTACATCTCGATCACTCTGGCATGTGCAATTGCGGCAGTTGGCGTAAACTGACCGTGGGATTCGACACCTTCAAAGTTACCGCATGTCACCAAGATGGGGCCCTGCCGTGTTGAGGAGCAAAAGTTGCAGTTCTAAGCCGCCTAGGTATTTGTATTATCACCTTTGGCGTATTTGCTGTAAACCTCACTTGATAATGATGTGCATGTCTATAGCTGAGAGGCAGCTTCCCCTCTACTATCGAGTCACGCACGAACCCTTGAACCGTGCTTCAAGTCTGCAATACCCTTCTAAAGTCATCCGAGTGCAGCGTTTCATATCACATATCACGGGGTCTTCATATCCATGAGTTGTACCCCCTGTTACTGATTGATCGAGTAGGGAATAAGCGCGCGCCCGCTCACCTCACGCAGCTGGGTCGAGTCCTCTGAAGTACATGATCACCACGTCGATTGAGCGAGGAGAGCTTTTTTCGATTGGCACTAGAGTTTAAGTAAAAATAATATAAACCTTAGCCCAGCCTCTAGGCCGTGTCGAGGAGTCGCATGCTAGTTCCCACCTTAGCTACCCGGCGCGTCACCTGCCTGTGCAGGCGTGGATCCACGGCTTATGTAGATGTCTGAAGATAGTAGACCTGCACTCACGTTCGACCAAACTACAGGCTGCTACTCGGCCGTTTTGCGTACTCTCTCTATGTGTTATTATGCTGGGTGATACTTAAACAAAACCCCCCCCATTGAGAAGCCTGATCTGGCACGACTGCCTGATGCCTAATAAGGCTCACTTATCGAGCTACCCTCGTAAAGGGGATACCAGATCGACTTTACCATGCAACATTGGCAAAGGCTCTCCCGAACCCTGGCAAAGTTATACGCCGGCCCGCACGGATGGTTTATCTCAGCACGCTATGCATGACGGTAAGATCCCCGTTGAACTCCTCGGCTCGGTCGGTGTTGGAATAGTGGCAAATGGATCCTTCCGTCGCCGTGAACGCGGACAAATTCCTAAACACAGTCAGTAACCGGTGTGGGCTAGCTCGATAGTAATACTACCCGGATCTGGATCTCCGTTTTAGCCTCGTTATTACGATTAGCCGCTGTGCCATCTATGTGGGATAGTCCAAACAAAGAGAGTATTTGGTATGCCCCAGCTGCGCTCTCTGAAAGTCCGACCCGCTCGAAAGAGGCCACAAAAATAAGGATCGTGGGGTGATCTGCACTTCTAAATGTTTAGACGGAATAGGTCGCTCCCTGCATGCAGTCGCAGATTTAAACTTTGACATTAAAAATAGGCATCCAACTGAAGCCGGTACCTCTACCCCTCCTCCAGTCATTTAT,1964,50.61,Escherichia coli
SEQ_358026,AGAATGTGAATGGGTTAAGCGGGTGCCCAAAAATAAGATCACGCATTGGAGCAGTCATACCAACTCGCAGCGTTTAGTTAAATATTAGTAGCGCCGGTGCTTGACTGTTTGCATTTATAAAGAGCTCCTTTCTTTATTATGGTTGATGAATCCAAGCAGACAACAGCGGCCCCCCTACCCGGTACCCGAATCCTGGACGCTCATTTCCGGGGTATATCAGATTCGTCAACGCCGGTTATGCGAGAGCCGACATGAAAGGCTGTCAGACGGAGTATTATTTTTTTAATACGTGTTGAATTACCCGGGAAGCGGATTCCTCCCGGAATCCTTACGTAGATCCTCGTCTGAAAGTTCAAATAGAAGGATTGGCACTTTCTAGTAGGGATGTAACTCAACATCTGACAAGTGTAAACGCATAAATTCTGGTCGCCTTCGCACGTACTACAGACAGGTTGTCCGAGCGTGACTCTAATAGCTATTACCGTCAAACATCTGCTTATACTGTAAAATGAATGGTTCGAAGCTACGCGCCCGGTAGACACTTGCCGCCCCCACTCCACTCGGCGAATTAGTCTACCTCCTGGCGAACTGGAGTAGCGAGCACAGTAATGGATTAAAGTCACGCCATGCCGCTGTTGAGGTATTCACGGAAGAGCCGCGATCGAGTTAATTATGTTCCAGATGGGCCAGGATCCAAGTTCCTCCGATATTGCCAGGGCCAATCTTCTCAAAAGACACATGAACGGTTTGGAACGGCGCACTTTTGGCCCAGTACAATTCTATGGCGGCAGTGCCCAGCGAAATCATCGGACAAAAGCACCCTAACTTAGCTGTGACAGACCAGGGTATTAACGCCAGCTCTCCCAAACATTCAACCATCAGCCATGATTTAAATCGGCACTATTAACAGACGGGCATGAAGTCCGTCGGTTAAAGGATATGATCTGAGGGTCCGCTACAAACGACTTAATGCTTCGGCGAACCAAATACAGGGCGGCAAGTGGTTGTGCCTGATTTGATTTCAGACGGCTCATGATTGGCAAGCTTCATAAGGGCACTTTATCGTACATTTTGGATGATCCAGATA,1087,47.65,Mus musculus
SEQ_697599,CCACCCACAGCCTCTCTTGAAAGGTCATCTAATCATATATCTCCTAATAGCGCGGCAGCGATAAATACTGAAAGCTAAACGACCAGCAATACCATGGCCGGGGGGGACTTCCAGGGAAATACTAGGACCCCAATTACGTTGTCAGGTGGACAGCTCCACCCAGGCGGATTACACTTGTCTCCGCATTGCGACGCCACAGTTCGTAAGTCGAACGTATGAGAGCAGGCAGCTTTTGCATGCCGTTCCCTATCTGCAATAAAGTGGGAACAAGGCAAAACCCTACCAATGCTTCGCATCGCAGTAATACACAGCGGGGTCTTGTATGTTCAGAGTTGTAAGGTGATAATTGCTCCGATTATTTTCGACCATGCGCATTTGTGACCGTTTCGTTTCCTATTCTCCAGGACATTCGGCGAAGAACCTGCGACAGTAGCTCTGGGCGTCACGCTTCGGAGTCTTTTAGGATGAGTGAGATGAGTTTGCGTCATCCACGCAGAACTGCGTCCCATTACCGATAGAGCGGGCTATCGATATATTTCTGTGGGTGCTCATTATCCTGATTGCTACTGCTCTTTCAATCTTCTTCCGCTCCGGTTTATTGCTTCACTACGAGTTAGCCAACATTGGGAGGGAGTCCTGTATGAAGGGATTGACCTAACGACTTGTCACTGGATAGGTTTGGCTATCACAAGAGTTTTGACGCAACCCGCTCTCGGGGTGCAAGGAAAGAGGTGAGACGAGCACGACCAGGAAGCCGTATTAAGGTCCCTAATTCAGGGGGGCTACGTAACGTTGAGACACCGAGAGGTTAGATATAAGGGACTGTGAGGAAGTATTATCTTGAGGTCCTCGAATCACCTAAATGGCCCAGTTAATTTACATGGTGCTGTTAAATCTAGAGGTACCAGTACCACGTCTGGGGTCCCGGTGATCACAAACAGGTTGGGCCACGGCCAGGTAGGGCGCGTCCATCAAATCTCTCCCGCGCCTTCCGGATTTCATTACCGGTGTTCTAACCTGTGTCGAGCGAATTGGCCGGTATGTCTGGCGGCTGGTGCTAGAGCCAGTGGCTGAGCAACCACTCACAGCAGGATTAGAGATAACTTCA,1108,50.36,Homo sapiens
SEQ_447435,GGTCCTTCGGAACAAGGATCCCTAGACTACGTTAGCCGGCATCTTCGGATGGATTACGAATTTTGGGGCTCTGTGTCGGGCTCTATACACGATACATAGGATCCGTGAGGTACATTCTAATCGGGAGCACGTCGTCTTGACAACGGTGATCGGGGTTGCCTGTTGTTTTGAAGGAGCGAGAATGAGCACAAGAAGCTCATCTGAGAATTTTGTTGCATCATACCGCCAGCTCTAGACCCCGGTTAGGCTCTCTCGTACCTATGCCACCGGAGAGCAGGTAAGCGCGGCTCTGCAAATAGCCTGCATGTCCATGTCCTTAATAAGCGCATGTAAGCTGCGGCAGCACTTGTTTCTCAATCTATTGACTTCGATTTGAGAGTGACAAGGACTTGTGACCTGCAGAACGTGGGGAGATGAATTGCACTCGAGTTATTCTTCGGCATGCGTTAGGCGTAATCCACGCCCGGCAGCCTGTTAATCACATTACATCCTAGTTTGTCATCGCTACTATCCTGTGGGAAAGGAGCAGAACCTGGCAGTCGTGATGATGTGTATGGTAATCCATAATAAGCGCACATTTCGGATATGTACAACGTTTCTAGGTACAAACATTTTTACGGTCAGTGATCGCCTTAATATAAGTGGCCTTTAAGTCGGCAGGAGGAGTGTCAACATAACTCATTGTTGGGCGGTGAGTTATCCAATATATCTTCTGCATGCTACCGTTCATGAGACGACCTACCGAGGTTCCATACCCCCGGCTTGCGTTTTCATAACCACGTCTCATCTGACCTCAGTAATGCTCACCTGGAGGACATCGTTGGCCGCAGTAAGTAGCGGTTGTCCAGGCCCGGCTCTATTAACAAACCGCTGTGAAAAACCGGCCGGGAGGCGGAAATCCCGGTGTCGAATACCGACGGGGACCAAATTCCGCTGATATATCCGCCTAGGCACAGTAACATCTGCTGGGTTGGGGACACGTCAACTTGCCTAACTTACTAATGGGCACGGCTTGAAAAAGATTTCCCACAGAGCAACACCTGCTCGTCTTCGAAAGAAACAACATGCCGTCACTTTATCCTCTCCAAAGGATGCCCCCCAGCTGCCTGGCCTAACGGATTAATACTGGCAGGATTGCTCATAAGCCTGTGTGACGCGAAAAGCATCGATGATGAGCAACTCTGGCGTTGCTGGAGTACACCCTGTACGGCGCCAGTGCAATCAGATTTCTACCAA,1236,50.0,Caenorhabditis elegans
SEQ_996657,TGCTAACTACCATTAAAACTCGGTGAAGTTCCTGATGGCAGGAGGTTCGTGTGTGAGGAAAAATAGGTAACTTGAATAGACACTGAGCTCAATAATCCGCGACTCTTGAGTTTGTTGGGTGATGTACTAGATACATTGACTCAGATCACGATGACGACTGCCGTGCTCAGAGCTACCGCTACAGCCCCTTGAGAGATGATTTTAAGACTCTAGTTCTATATCAGTTTGCATGGAAATTACGTACTTCACTGCACGGGCGCTATTGGCACAGGGTCATACTATACGTTTATTATACGGTTCATCTGCTCGCATCTGTGTTTTAGAGGGTTCCGTTGAACGTTATCCGACGGAGAGATAAAAATCCACCGTTAAGGTGTAGACGATCTCCCACGCATAATGCCCTATTAGTAGACTTTCTCCGCCTGATTGAAATAGTCAATCGTAGAATCAAAGGGCGGGTATAATGCCTCGTATTGGCTGGTAACGAACAGGCCCGTGAGGCTAAAGAGCGGGTTGCCACCCGAAAGGTGGCCTAGTGGAGAGTGCAAAGATGGCGTTTTAGGCTGCGC,569,46.75,Arabidopsis thaliana
SEQ_724755,CATGGGCAGCAAGTGACCCGCGTCTCAAGGTCTATGTGTTCGAGCTCCTTGACCAGTAAATTGCCCATCAAACTTAGTATGTTAGCTGGGCCCGACGTACTCTAAAGAAAGATGCTTGTGTGATTTGGTGGCACCCTTTTGAACTTATTGCAGTTCGTTCGCCGTAGTGAATTGCCACTCTAGAGTTGACACGTTGTGACACCGTTTACCACGAAGTACGCGGTACTCATCCAGTTCCATCCTTTTAGTTGTGCCGTTCCGGGGCGATTCACATAAGCCAGGATCTCTACAGGGGCGGAAACATAAGATGGGTTCCCCGGGATCATAAAATCGTCCAGAAATAGGAAATTGCCCTCAGGCGCGGACTTTTGCTTTGGCCTTGACGTCTGTGCAGTCCCTCAGGGCATAAAGAGTTTCAGCCATGTTATGTAGCGACGCCTCAGACATGTTGTATGGCGCGAGAAGCCCCTGTCCGTCTAACCCTAGAGCTGTGGCTCAACAGGGTTCCCGGGACCTTGCGGATTATGGCGTGCATTCGCCCACACGATACTTTATGACGCCCAAACCCGCCATATTTAACAGGTTGAATACTCTCGAACGATGCAATGTCTATTTAACGGGTCTGCTACTTATAACCCAACTCTCCAACGGGCCGACCTTGCAACTGGTGGTTGCGGAACGGCGGCACACACGTCTAGTAGCCACCAGCTTCGTGTAGCAAATCAAAGATCCACCGCTAAGAATTAGGTTTTCCCGAAGAACATGTCTGTCCTCGCAGTCACGCCAACCCGTCGCCGACGTCCTGGGGGCTCCGTTGAGATCTGTAGGTCCGGCCTTAGGAACTCAAGCCGGTGGCCAAGGGAATCCCCACCCCCATAAAAGACAATACCATCCGCCCATAATCAAACGAGAGCTACTAGTCGTCCTGACTGGACATTTGAGGATCGCTACATCCATGCGTAAGTCATTTCGGCCTCCGTTCTTAATCCTTTACGTGCGGCACGGAGGCTCCATCAAGGTTGTGGAGCCAGGTGCTCTTATGGGGATAGATGCCCATCCGGATGATTATTGGCGCACAGGCATTTAAGATCATTCCCCCAAAGCTGCGCGTTAAGACACGAAGAGATGCGTATGGCGACGGCTCGCAGGTTAGCTGGGGAAAGTACAAAGCGACTTATTTTCC,1183,51.82,Escherichia coli
SEQ_316811,CGGTTCCACTCACCCGGAGACCCGCCCACGTGCCTTGTCCGATGGGCTGTCATCCACTTTACCAGTTACGTACTATATATTCTAAGCACTCGAACCAAATCGTTGGAAGACGAGCAATACGGGAAGTTGGCGCAAGCTGCACTGCCAGGCTTAGTACATGGGCGAATTACACTGGGGCTTATCACAGAAGGACATACAAAGACGGCGTTATTGCATTATCCCTGGGGATAGTAGCGGCCTCTGATAAGGATTTTTTGTATCTGCAGTTTGAACATCGTGCTAACGACTGTGCTTGATCTATGATAAGTATTGCTTCATTTTAAGGGCCTTGGTCGTGTGACCGACGATTCATACACCTCGGCCTCTTCTGACCGACCAACCGCGTTCCATGATCGCTGGGCTGTTCATAGTGGCTGTAGCGATGGGGATTCCGTTTCTTAAGGACGTTCGTTACCTCAGGTTGACTTCGCTATGTAGTCAGATTCTGTTACCGATTATAGTTGGACTTTAGGCAGGATCAACTATCACACAAAGGAATTCCCCCTAGTGTTGGCGTCCCTAAGGACATGCCTTAGAACCAAAGGTGTGAGCAGACAATGTCGCCCGGACCTGAAATAGCGTTTTCACGTTTACTTTCCCATATGGGTATCCGCGCTGTTTGTGTCGCGCGGCTAAGAGCATCCTCAGGCGGCGCACTAACGCTAAGGTCCACACGGGTAGAAACATATTAAAACACACTTGAATTCCAACCAATTAAAGTATTACATATCTCGGGGACTCGTATTCGATTGTACGAACCCAGAGTGTGGAGCCGGCGTGGAACTCCTCGGTGATGTGGTATAAGCGCCTCACAGCAAACGAACACAGGCTCAATACTACTGAGAGCACAGCTTGTCCTGACTTGCAGTCTGGCGGTCGTGGAATTCTTCAGCCGAGTGCTCTGGATCTAGAAGCTCTCCTGCGCGGTAAGGTATTGCGCGGGTCCGGTGTTATATAATGTTGCCAACACGGGTAGAGGCTATGTTTTGTCCTCTGCGAACAATTCGTCTAGTTGACATCATCGTCATTGTAGCGCACCGGAGGTACCAGTATGACGTTAGTTGGTCAACGAGCAGGCCCAAATTGCGCATACCTGGGCCGCATGTTCTTCGCAAATAGATCACTAGGCATCGCCCATGTGCCTGCACTGGTCTGACACTACGAGAGTGCGCGGTAAGAGAAGTCCGATTTGTAGATTGTTAAAAATCACTGCGCCCTCCCAGACGCACCCCCTCTAACGAGAACAGGCTGAACCTCGATGCACGCGGTGCTCTCAAACGGGCATGTAGAAGTCAATCGTCGCTTGCCGCCCGGATGACCTTTGTCGCGCGGAGTCCTGGTCCGGACCATTATACTTTACAATGTTCTCAAACTATCGCGCAGGCCATCAATGTCCCCTTCCGGCCAACAAGCCATGCCATGTGTTCTCCGTGTGATCCCTCCGCCCAATCGATTAACGAATATTAAAAGCAAATCTCATGCAGGGGATGTAAATTCAGCT,1540,50.39,Homo sapiens
SEQ_256068,CCGTCGTTCCGCCATCTTTGTCTATGCGGTCACAGACGCCGCGGGGGGGCATGCACATGAACCACCGCACTCAAGTCCCTAAATGGCGGTGAATAATCTTAAGGGTGGTATGGCGGGTATGGTACCTTGCGAGTTGTTGTTGAAACACAGGCCCCGAGGACCGACGACAGCTGCGTCTGATCTTAATAACGTTACTTCTGACGGTACATGTCCTCAGGATGATAGCATCTCCATGCCACATGGATCCATTGAAGGGTCGACGGGTTTTAGCCCCAATCATTTCTAGCCTCAATTATTTCAACCGACTTAATACGCGATAACCCCGTATAAGGCGCAATGACGGAAAGCGGGATGTGCGTATGTATAGTGTATAGTGCGCTACGCATGGCCTAGAGTTACCCGGCTTGTCCCAATAGTTCCGTTGGGATGTCGG,433,51.73,Escherichia coli
SEQ_985018,ATGGACCCCGTCCTATTTTCAATATCTTCACTGCCACGGTGAGGGCGAACGCGTTGTTCGCGACAGTAAGAATTCCATGTAGTCGCCATCATAATGTTGCACTATGGTACGCTCCCTTGCTCCTCTTATTTCTTCCTAGACCACTTAACTCCTGACCCCTTTCCGAAGTCCCTTGACGACCCTATATTGGGCTCTTTCGGACACCAACCCGACAGGGTCTGGACTGGAACAGTTCATACCCCACGCCGTTACCTTGTCTCAACACTGGTAGATGCCACGATATGGCTAGTACGCGTCCGGAAAGAGCTCCGATGGTAGGTCAACTGTAGGGTTAACGCAAGGTAAGTGGTCTGGAGTTTACGTGAACGGCCTGTCCCAGTCATATGCCAAGCGTTGGCCCTTCTTATTTACCAATCGTGTGGTACCACATCTTACTTTGCATGGGGTTAGATAGGCCGCATCCGCCTAGAGGCGATGGTTCCCGGTTACTATAGCTAGGACAGTGCTACCGTTCACCTGTACCTGACAAACAGGTGTATATAACGGACGGCTTTTTCCCCACAACCATAAGCAAGCAATTCACCGACAATCCAGATCTTACTTTAGCCGGATAAAACGTCTTGACATGCGCGCGTTGTCGCAGCTTGGTGCAGGACGGTTCTGCCCTCTCAATGCATGCATTTGGTGGGCCCAGCAATATGGGGATCTCTAATATAGCGCCGCTGGTATTCTAT,734,50.68,Saccharomyces cerevisiae
SEQ_276868,CCAAGGAAAGAAATGCCTCGGGCCCCGCTGAGGTCAGTTCAGAGTGCGCTGTTTTGGCACGTGCTTTTAACACCCCGTGGATTAACGACGGCGATAGTCATACGTCGGCATACATTCTCCTCGCTTTGCGAGCTTCTCCGTTCTTTGTTATATGGACGAAATAATGGCACGAATTCACTGCAAGTCTGAGGTTTCGACCTTTTTTTGCGAATAGTAGTAACCTTAGTCCCGATCGTTGGGTCGACACTGCGAATGTTTAGAATATCAGTCCCTGCTCGCCGGGAACCCAGTGTATTCCCCTCGAGGAAGTGCCCGAAGAGTCGACTG,327,50.76,Drosophila melanogaster
SEQ_859816,ACTGATGGCGTTAATGCGACGCAACAGTATAAGATATAATAAATTGACTGCGGTGGAGTAGCTTACGCTCTTACGTAGGCAGTGATCCTTCCGATTTAGGACAGAGACGAACCGTTTGGCGAGCCGGTAACTGACATACACCAAAGTCCGACGGTCTTGCCGGCGCTTCCTTTCTATAAAGCTGGACAATCCTATCCGACACTATCGGACAAGGGTAAAGGATACTCTGGCTGGGCCTCTTGCACATGATTCACGTCTCTAGAGATCGGTAGCAGTGATATTCAGACCAACTGAAGTCGGCGCTGGTTCCTGGCAAGCTACTGAGAGGACTCGACCCAATTCGTCTTACTTACTTACTACTCGCAATCAGTACCCTGGTCATGTTCTGAATCTCTAGGTCAGCTGCCGCGGTTTACTGCTGCCGCTAGAGTTAGAGTAGCAAAGGTATCGGTGCTATTAAGGGGTATAGCACGGGTAAACAGTGTTTTTTGGGTTGCGTCTCTGAAAAGGTCGATCCGACGACGTACTTGGCTATTGTCAAATCACCCAAGGTGGCAACCGTTTTGGGACACCTGAGGTCGCCGAGAGAGGCTTTAGGGCATAGCTTCGACTTGAATGGGCAGGAGAGACCTGGGTACACCAATACATCGTATGTTCCAGAGAACTTGAATCCATGCTCTCTGCGGCCCGGCCGGCTCTCTCACAGCTTCAAACCCTGGTCATCACTAGTGTTATAATCCGGTGCCAAACTGTGGATGCCTGGAGATGCTGCGTGCCTAAGCGGCGGTCAGTCCTCGACGGCGAACAGGAGATGGCCGGAGCTAGTTTCTCATCGGTACAGATATCGAAATTCGCTAAGTGTTCTGCAGTGGAACACCCAGCCGTCCTATGCGGACAGCCTACTTCCGCCCGCACCTGTGACGGAAGTGGGGGTCGACCCGTCTATTCGATCAGCCGTCCCTTTGTCTCAGTCGCATCAGGTATTTTGCTGAGTCCTCCGATCAAACGGTTGATGAGTACGACAGGCCTAGCAGCTCGGCTGTATTCAGCTTGAAAGGTAAGTGGAGTGATGCGAGGCATCTGCTAGCCGCCGGCAACGTTTGGATGGAGGTTTCAGCGTGACCCCGTTAGTCGAGAAGGAGCCCCAATCCCCCCCAAATAAGTACAGCACGTACGGATTTGAAACGACGTTCGAGCGGCCAGGGGGTGTCCGCCTAACGAACACCAGATAGGGCGGTTTAGGAATTAAGAGAACAAAAAGGCGGTCGTGATCACTCGAGGGATTAGAATTGATAACCAAACAGCCAGACTGATGACGATTCCAGGGCAACATTGGTTGGCAATTGGACTCGCCTAAGTTAACCTCACGACTAAGTGGTGATAGCCTGCCACCATCCGTTATCGCACCTGTTTAGCGTAGCGTAGATCCTCATATTCGGCATTCAGTGATGATACAGCACGGTCGTACGTGTATTATACCGGTCCC,1486,51.82,Drosophila melanogaster
SEQ_696999,CAAGGCTGGAAACCGCTATGTTCTAGTGCTTTTATTAATGTACCCAAGCAATTCTAAATAACCATCTTAAGTCCAGTCGTAACGGCCGGGTCCCCGAGAATGCGGCAAGTTAATAATCAACACATTCCACCATCAACCAATAGGGACCTCCTGCATGGTCGTTGCGCTGGAAAGCCAGGTTGTCATTCAGAGTGATGTAGTGACGGATTCGGCGCGCTGTGTTATTCGGTACGATTTTTGGCTCACATTCTTCGCGGTGAGTTCTACAAATCCGCCAACAGTCATTGCGAATCGGGTAGGTTTATTCTGGCTCTGTCGTCTATAGCGCAAATGTACCTTGGTCTTACTACCGGATGACCATCCCATTACGGAACCGTGACTTAGGTCAGAACGAATCCCTCACATTTGAGGATTGAAGGGTGCGTAGTTACCGTAAGACACTGGTGGCCCGCAGAGTATTTTCTCTAACTGAACCAGCACGCAGTTGGAGCACTTGATGGTTCGGTGACTCGAGTACAAACCATGCCACATCCTGGACGTAGCCCTACCGACGCGACGCAACCTTTCTGCTATTACGCATGCATCGCCTGAGGTTGGTTTTTCTGCTGTAAGCCTTCAGCGACCGGCTTACTTACCTACGGCCGCGGACGATCTGGGGGTGACTCAACAAAGGCAAAAAGCATACCCGACTCCCGATAACCTCGGGTGCCACCTTGAGAAAAAGTTCCCGTCAGTGATTTTCCGCCCGCTCGCTATTCTATTGACAGATAGGTAGTGAACCGGCCGCACTACTACGTGTCATGATGGTTGTATGGAAAAAGTATGGCCGAGAAATTCTCCCGATGGTGGGACGGGGATGCCCATTAGTACCCAGGCTTATACCGTCGCTACGATCCCGATGAGTCTAGTATTGTAACGAGTCAGCTTGCGGTAGAATCTATCGGACAAATACTACCATGAGCTAGTAAAATAATATCCTAGGTCCGGTATAGCTATAGGCCTTTTTGAGCCCATACTCGGACCATGGCCTGACGTTGGTACTATGTTCCACCAGAGCGGAGATCTAAGATCGCTACCATACTAGATGGTCGGAGAGAGCGATATTTACTCCTAGTATCGCAGCTCGATGACCCGGACGTCCAAAGCTAGGTAAATTCTATTCCAGCATCCCTAGTAAGGACGAATGCTGCTCAGAGTAGGGAGCGTAATACGTACTTTCAACCCAGTTGAGTATCCGTGGAGTAAAGCGTCCTACAATATTTCCAGGTGAGTCTCGTGCACTGGGGTAGTATCAAGTATCTGGATATCATTATGCTACTCAGCTCGATTCTGTACATTGCATACTTTGACAGCTGCTTTGTCTTGGGCCGTTGACGGCTGACGGGTAACCGCACCCAAGAAGTCGCA,1407,49.25,Saccharomyces cerevisiae
SEQ_809113,AGGAGCGGAGCATCTAACTGTGTAGGCTCTGTAAAAAGCAGATGCAAGGAGTACCCTATTCTTTTCTCTAGAAATGTACTCAAACACCCCGACCTCGACTAGAAACCATAACTTATTAAGTGTTCCGCAACTATCAGTTATGTACGATTCATAGTCCACGGTTCCCTGCGTGTAATGCATGGCGCAAAGTTGAGTGCGGTAACTGAGGGCAAGGCGGGTAACACGCTCTTTAGTCGGCTCTAAGTGCGAAGGCCCACGCCAGACTGAGTGCTAACTTTATCGACTATACGCCGTCTGCATTATGAAACACTCGGTCGTGAGAATCCCTGGGCTTACATAGGTCCCAAGGATGTTGTATCTTCAGAAGCGTCCTGCTCGCAGAGGCGTAGAGGACCGCCAAGTCCCAGACGTGAAAGCATTGCCAAAACCGCCTAAAGTGCCCACAAAATTGTTAATTCCCCAAACTGAGCAAGAGCTGAGGAGGTGTTCGAACCCGGTAGCTTGTATGGTCCTACCGTGGTCGTAATAAGTGACGCTTACAGAGAAAGAACAAGGCCAATAATCAGGAGCGGGAGTAAATCATGAACACAGTACCTCCCGGTCGACCGCGCCCAGGGGGGAGGAAATTTAGACCCACTAATGTTCTACCTAAAGCGACATGGGAGACCTTTATCCCACCGGGCCCAATAAAGGGTATTAATGTGCGCGGTCAGATATATGGGAGGAAAATAGCCTTCGGTGGATAGTTGATCCTCAAACTAGTAGAAATCGGATGAGCCCTACTATTTTCCTTGTAAAGACGTGCCTGAGCTAAGGTTACGGGGCCACCAGTGACCCCGTGACCTGGAACAGGACGGCCTACCAATAAGTGGGGAGTGGTTCGGCGGGCTATGAACACTAGGGATCCTGATTGCTCTGCCTTCGACAAAATTGAATTCGCCCGACACGTCGATTGATCGTACCTTGTGGAGGGTGAACGTGACGTGGCGCACCCGATATAAGAATGCCGGCGCGCAAAGCGCTAAACGACGCCCATTTTCATTCCGGAGCACCTGTTCCCAGTGCACGCAAAAATTTTAAGGGCATTATACTCTCACTACGCTGTGTTATGGTTCACAATATAACCTTTCTAGGTCGGTGCCTAGCCACCGGTGTTGGTGTCGATACTCCGTCGATCAAAGCGGACAATGGTTGACTACCTCGTCAGAAGATCGCTTCGCCTCCGGGATGATCAACAAGCGGCCACGACGCCCGGGGGCAACATGTTATTCGCATAAGCGCTCTTGTGCTAATCCAAAGACGTTGATTTTTTTTGCCACT,1320,50.3,Escherichia coli
SEQ_786124,GTCTAGCGACCAGAAGACAAGCCTTTGCTTAGTGGGTGATGCACCTCTACCCCGAGGAGGTTCACACTATTTCGAACGTCAACAACCCCGTCCAAATGAATTGATCCGCGCAGGAGCCCGAGTTCAGGTGCATGTGCGGGCGGGGGCCCGCGGGTACAATCAGTTAGAGCTCTTCAGCCTATGACCCATGGTTCAGCGCTACATCCAGTACCTTATCGGAAAATACATGAACAGGATGGTGTCCGGTGGAGAAATTTTACACATCGGAAAATATCTAGCGCGTCGCCAATATCTATGCCGTCAACAATATGGCCAACCTCTCACATCGCTAAAGTCGTTATCACGGCTGGGGATAGCTTCTTCTTTAGCAACTTCCAGGCAAGGTGTTAATCCCACCGGGCCAGAGCATTTGGGTACCCGAGCTCGGCTCTGTTCAACTTGGTCCGCCTTGTGGCAGTAACGGGGCCAGGTCGCAGACACCACATAGCTCGATCTCATAGCGCGGTTCGTGGGATTCACACCCAGGCATTATGACCGATATCATTAGGTGGAACCGTGCCACGCTACCCTTTGTCTCCTTA,581,52.84,Homo sapiens
SEQ_620248,GGAACGGCCTAACCCTAGGTAGAGCGTGAGATCGTCGCCGTAAGCTCGTCTGGAGACTGGCGGTCCAGGTGTAACGGACAGTGCTTCATAGACATTTCCCCGCCTCCCACATTAACCGGCAGGTACGCCGAACTACGAAGCCTTAGATAACGCTCGGTTGATGCTCCAGCTTTTCCTATCCATTGCATGAAAATCCACCGGCGTAAACAGTTCATTGAGAAACCAATAACCTCTCTCTCGGAATTCACTTGCAGTCTTCTCTGAACCTACAGGTATCCGGGTCAGAATCAAGCGCCCACTGATCCCTCTTTGGTCCGTTCAATACCTGGAAAAGTCTTCTTATGCCTACTGCACGCGCGGTTACCAGCGCACGGACAACCATTTGGCCGCGGCTGTGACTAGGGCTGAATTAATGTGTAATATCAATATGCCTCGTAACGGTTACCATAGTGCAACTTGAGGGATCCCCGTCGCCGAAGGAATCCTATATTCTAAGTGGTATGTTGTACCAGGAATGCATGTGGAGACAGTGTCTGGTACACGTGCCGGGGCCCGGGCACATTTCTGGGTACCTAGGAGCGGGTTGTATGCACCCCGCAACCAACTACTGTGGGAAGGATATGAAAACATTGGCCGACCGACAGAGTATTCCGAACCACACACATCCCTTCTCGCAGAAACTTAACACCTGCACGGAATCTATCTCATTACAAATCTTACCGATGAAAGCTTTCATTTCCATCATGCGCGCGATCTACCTAAGATTAAGGACGGCCCATTACGCGAGACGAATTGTTGGCATATACCTGCTGAGCATCCGGACTTGGCTATAACCACCGACAGAACAATTAGAGGTCATCTACGCCTTTACGCGACTTCGTTTGAATGTCAGCGTCATATCGTCCATTTTTGGCCAAACAGGCAGGACGGACCCTAGTAGGGGACGCAATACGGGAAGACGTGAAGTCAATAGAAGTGGTTAAAGAAGCAAGGGATCAATCATGTTCACGACCCAGCCGGTAGAATCAAATTGCACAACCGTTACTCCTGGACTATTCGAAAGTCCTTCCCACAATATCCCGAACCGGGCAGAAAACAGCCTGAGGTTGCTCTACAGCAGGCGCGCGGGACCCGGCTTCATTTTCTACTGGGTACATGTAGTGGGCAAGCCACTTTCTTGTCGCTACACATCTACAGGACTCCCTTGAGTCACGGTCTCTACTGTATGTGGGTGTTCTCAGGGCAGATAAATTTCTAGATCTCCCGTAGGTTCTTCCATATGATGAGCTTTAAGATATAGACAGAGCGACACTTGCAAGGAAGACATTAGATGCTAGTTTTGGGAGGCACGAACATCAAGGAATTGCAGCGGTTGCGAGCCGTCAAAGTGTTCGCAACTCACGCATATTGGGCAAGTCAGTTATAACACATATATGCCCGATTGTAGGAATTGTGTTCTAAATGTACAAACTAGTGGGCGGGGACGCTACTGGCACAGGCGCGTATTGCTTCCAGGTGTAAGCGAATCAGACCCCGATGTCATAATGTCACATTATTCCAGAACAGCCGAACCCTTATGTAGTTCACAAAAGCCGTTTTGGTCTCTTGGTCCCAGCTCGTATGATGTTCAGAACCGGCGGCTTGCTGGGCGAAGACGTAGCCTCGTCCTACATTCTCCGACGGAGTCAGAGATGCCATACAAGACGGAACGCGAGTAGCAGGAGTTAGTGCTCGGCGAGATACATTGTAATTTCGAGTGGCGCATCAGTTGCACGGCGGC,1780,50.06,Caenorhabditis elegans
SEQ_617565,TCATCGTTTCTTCCCGGAAAGTTGTCACCCAGGGTGGGTGGGGCGAATATTCCCCGCCGCCGAGAGAGATGCAGGTCGTCAATACAATGTAGTCCTGGATAGGACCGAAGATAAATAATGGTGTGTATTGGTAAGCCGTTCGCCGAGCGTGAGAAGCACAGGCCCGCCGGTAAATGCGGAAATTGTATTTAAATCGGCACACAGGAGTACTACAGAGGACGGCTCATCGACGTCATCTGGTTCCTCTCCGATAATGCGCGAGCACGCATCGTGGCTAATAGCCTAACCGGAGGAAGTAAAATCGGGGTTAGGTAAGGTCCACTAATTCTCGATGAACGACCGGTCGGTGAGGCTGATTGAGATGTTCTGAACCCCGCGATGGACAGCCAGCCCAAACTATGTGGACGATCATAGGTTCCCCCGTTCGAATCAGATGAGCCGTGATGATGAGGAGTCTGTACGTATAATCATTTTCGTCCGTTCCACGGGCTGTAGCGAGCCTGTGTAGGGCGCCAATAGAGAGGAAATCAGGTTGACTCAGGTTCTTTGTGCTCTGGTTGGGATGATGGAGCCTGGTGGGCTAGCCGATGAGCATAGCTGAGAGTAGTTGTACAATACTACCCGCCCTGGATAATCGGAGGTACCCTCTCTGTGGCCGGAAACACTTTCTATAGTCGCGAGGGGCCACCGCAGAGATTGTAAAACCTCACTCTCAAAAAAGTTGCGCAAAGAACTTAAGAATTGTGGATAACAATCAACGACAACCCCAGGAGGAGGACCTGGCTATTCACCGATTTGTATCATTCGCTTACCCCCGGCGTGAACGTTCAATATTTTATTATAAAGCCTCGTAGAAACTGCAAGCGACCCTATCGTCTCTCGCTGCATCTTTTATTATCGTATAAACCCTACACGGGGGTGTCGAAGCTAATTACGCAGCGACCCTCGTGAACCTATATCGGCGCACCCGCGGATTTCAGTTCAACGGCTGACTCCATAACTCAGAACCCACAGCGCGACTAACGACCGGATGAGGGGCCTAATGTTCGGTCCAGGACCTGACCCCTTCCTCAGGCCCCATGTCCACAAAGTCAGATGTCGGAGTGGATTGGCCTGTAGCGTTATGTTACTAGCTTTACACACGTGTGACTCGGTTGCTGAGAATATTGCACACTGAAGAACAGATTAATAGCGGTGATACTACACCAATCGGACTTTCATAATTCAGGCAATGGGCTCAATACTGGAGGTTTAGTCGTTCCGCCCCAACGATCGAAA,1278,50.7,Mus musculus
SEQ_159254,GCAGAGTATTAAGAGGTCATCACACACCGACGCGTAGACCTTGGTAGCCCGTAGTCGTCGAGCCGGGTATCATTCGATAAGGAGTATGATTGTATTGCTTTCGATCTCTCCAGCGCACCTTGAGCAGAGCGCGCTTCGTTAAGGCAATGGAAGTCCACTCCAGCCGGCTTATGGTCGAATACGAGGATCCCGGACTGTGTCTTGATTCGTGGACATGTTTATTACCAGAAGCTGTGCGCATGTCCATTTCGCTGACTGTCAACATCTAGACAGCACGATGCAGACCCACTAGTTGATGCCGCTATGAGAGGATCACGATGCGACGGAGGAAGAAACGCGTGAGCGGCGTGTAGGGCGTACCCACAGGGGCTTCTTAATTATGCTATGGCGTTATCGGCCGGGACGTATTCGTGAGCAGCCCAGGAGGGGGCAGCCATAAAGGGCGCCCTGCATTGTGGGGTGACTATCTTTCACCGGATT,480,53.75,Saccharomyces cerevisiae
SEQ_755668,CGACGGCTCTGTGTCTGATTGTCAATAGATCCTAGCAAGATATCCCCCAACTGGTATGCTGTCTCTTCTCGGCCGAAGGCTTGATTGCGAACAGGTCACTTATTCAATTTAACGCTGTACGTGACCAATCAACAGAATATCTGAATACACGATCGGGCGCCTACGTCCCTATTAAGAGCTCCATCGCCATCCCACCGTGCGTCGCTTTAATGTTCAGGAGGCAACTGGTACTGCAGTTTTCCATCGTAATATGATTCGTGCCCCCACGCACGGGTGTTGGCACACATTTTGGGCCAAGGTGAAATCACAACCCGGAATGGTCACGTCGAGTCGGCGTCCCAAGCATTAATATGATACGACACCAGTAAAAGTTAGACTAGACACCCAAAAGGGATACGTGGTCAGAACATTACGTTGTGGATCCCTTTGACGGATGATTACCACACGGGCGGTCAATTAGAGGAGAGACCAGGTCCCGATGATCCACTGCTTTGGGACTTCGTGAGCCAGATCGGCTAGGATGTGCCTGTGGTCGAACCTGTCAAGTTCATGTTGTAACTATACGTCAGGACCTTTGGCCTTAGTCGCAATTAGTGAGCCGACAGAAAGGTACTCCTCTAGTGCAGCCAGCGACCCTACAACTGGGGAGTGAGCTTGAGGGGCCTAGGCTCGATCTTCGGGATCCGCGACGAGAGTTGCATTTGTCAGCCAAACTTGTCGACCGAAATCGAGCAATGAAGGTTGCCACGAACGAATTAGCGTCATTCGTTACATTATCGTGTGCTGCACCTAACACAACTCTGAATGTTCCACCCTGAGTTGACCTATATTTGTGTGAGCGCATTTTCGCGCAAATCTTCGTTGACTCTACAATAATTTCCCTATGGAGTTTGCGTAAGCGCCCCAGAGAGGCCCATATCCTATCGGCGCAAGCACCTAGCGTACGGGTTCATTGAAACCTTATGTGCGACCAGCAGATGTGATGGGTAATTGGCGTACGAGAGATGCTTAATGTTGGCGTGGTTACGAACTGTCTCGGGTCTCGGTAGGGTCTAACGCATACGCCTGGATCGAACCCTGTGGATCCAC,1089,50.41,Mus musculus
SEQ_249006,ACACTGACGAAAGGTTGTTGTCCAAGTATTATAGACATCGACAGTGCGGCGAACTTCGGAGTTAGTTCTAGAGTGCAGGACTTAATTTACTAACGTTATCAGCTACGGGGTACACTGTTGTCCTAGACCATGATGAATATAGCGCTGCGGTTTGGTTACGCAGCCGAGCGCTAAACTTCGCGGCGGTCAATTTTCTTAACCCTGTGCAGGACCTCAAAATTCCGACATCGCGTGGAGTGGAATCGACGCACTACGTTTTATTAGGTCAATGGGGAATCCCTCAATATATGGAGGAGGACTTTTGACATCCCAACCCCCGATCTACTCATTGTCAAGGCCTTCGTTAATTAAGACTACTGATCGTCTTGTTTTCTATTCTCTTGAAGTAGCATTATCGAGCGCGAGGCCGGCTGCGCGTCTTCTGATTAGGCCTGAACGCATATAACATAGTTCTCCTCGTGTTCGCGGCCGTCCCGTACCACGATCCTTCAGCTCAACTAGGGAATCTTGCGAAACGTAGCCTCGGGACCCCATTCGAGACCTTCCCCTCGCTTCTCTCGGACAACTATTTCGTTTTGGAAGTGGATGTGCAAATAGTTCTGCGATCACGCTAAACAAGTGGCATACTATGCCATCTGGTTAAGAGGCCCCGGACTTTGTACTTATTACTATCGCCGGACGTTATGAAAGCATGTATGGAGAAGTTCGATCAGAGTAAGGTTTTGGCCCTGCAGGAGGGATATATGGCCTGTAATCGGGCTCCCTTTTGGATCGAGCGCCGTGCTAGTCAACGGGAATAGTAACGGCGGGCTTCTGTAACTTGCTGCTTGGGCAGTGAATATTGCCGAGAAGCTACATAATACGTTGAACCGAAGAACGTACGCCTCGACTTCGAGCTGGGGGCAGCCCAATTGCTGTTCCACTGAACGCACATGTGATCAATCAGTATCAACTGAGGTAGATACAGTCAGGGCGAATCGACCAATGTGGCACACACATAATTAATTAAGTACCCATCGCGTAAACATCGATACCCGCTTAAAAAAGAAGGGTTAAGCGCTTCCTACACAATGAGCTGCCCGCCGCACTGCCTGCCTGTTACGTCTTGCTTGGGCAGTTTCTGTTCATGTTACTATACATGAGCAGCATGTCATTTGGGCATGAGCTATCTACGGAGGGGTGCGCCGTTGGTGGGGCGGAACATACGAAGCTTAGATGGCAATATGGTAGTACTGATGAGAGCGCAGGGCCCCGTCGTCTGCTGTTAAGGAGAGCGGGTCTAGGCCCAGATAGCCAGCGATGGTCCTCGCTTCAATTTTCCTACGATTGTAACCTAACTTCGCAACGACCGATATAACGGGTATGCCCAACACTTTGCTTAGGTGCGTCGGCAAGATAAATCTAGTAAGCCAGTATACTACGCGCTGGGTATCGCCTATATTGGTCCTCCCCGGGGAGAATGGATCTTTGCACTAGGTACACTTCGTCGATCGACATACACAAGCTATCTCTAAGACCCATGGTCAGATATTCCCGT,1537,49.38,Saccharomyces cerevisiae
SEQ_242028,TTACGATGCCCTCACCTCGGTCAATAGTCCGTTTCAAAGAACCCACTCGGGCCAGCTGGCCAGAAACTAGTAACATGGTTGGCTATTCGATTTTAAGCCGCGCTTCGTCCTTAGAGTCGCACAGGTTCCCTAACCACTGCAAGTTTTTGCGGTCGTCTCCGGACCACCCCCATCGAGATAGAACGCTGGAAAGTACCTTGTGTCGCGCTGAGAAGGTGGGGCCGTGACCATTCACGTTCTAACAAGGGACAAGAGCTCAAGAAGTGTTTTGTTCAAGGGATTTCCTAAGACTGTGAAGACGTATCACCTTATCCGAGTCACATCTCCGTGCCGGCTTGGTTGCAGACTTAAGTTGGCGTCCACAGAAATCCAACGTAAAACAACGCTTCCGTGGACGATTCTAAACGTTAGTAGAAACTTCGCTCCGAAATCGTGGCCCCCTGAGATAAGCGACCCGGAGGTCCACCATCGAGCGCGTTGCCCGATGTACAGACGTAGTACTGGACCTAAATGCGCCTTTGACAGTCGCCTCATTAGAGCGTTGTCCGACCCACCCGAGCTGTGACCGTGTGAGTCATGTGTCGAAAGATTAGCTACATTTCGTAGGGGGCGCACGGTTATCCCAGTAAATCACACTTTTGCGAACCGGCACCACTTGAAGCGTATAGCGCAACTACCTCTATCAGTGAACCGTTAAAGATTAGTACGTCGCTACAGCCATCGGTACAGGCGAAGTTAGGTTGCTCCGATTTGTTTCAATGTCGAGCGGTTAGCCTTAATCAGGTGCATGCGAAAGCTAA,800,51.12,Caenorhabditis elegans
SEQ_551350,TGAAGGAATAACGCAAGTACGGACGGCCTGCTAGTCGTCCATTCAGCAACGCCGAACCGCGGACTTCACCGAACTGCATCAGAACAGTCTGTTAAACTCGTGGAACAAGCCAGCGTAGACGTATGAGATCAAACCCAATCGCATACTTCACGTGAATCAGGGTCTCTCGTCTAGCAGACGACAATAGCCGTCGTATCCGTACCCAAGATTAACCAAGAGGCCCGAGACGGTAAGTCGTGATCGGCCGACCCCGCTCGTTCTTCGTAGGTATTGCCGGGAATTAGTCAGCCACGGAAATCCTCGCATAAGATTAACGTAGGTGCAATGCCACCTTAGTTGTTTCTCACCCCATTCCGTGGTAGAAATCCAGAACATGGTCAAGCCCGAAGGATTATGTCATTTAGCAGCGGAACCAGGAAGTAACTAGAGCCCTTAAAGTTCCGGCAATTATTCGCGGCACCCGGGTACAGCAGGTTTATGCTCCATAAGCATTGTTATATGACCGAACTTACAGCGCGATTCTGTGGCAGGGCGGTCCACAGAAAGTCATCCCTGGACAAATAACCAAACCCTGCCGAGTCGCGGGTAACGCTCGAGGACTCCACGCGACTAGCGCGCAGGATCAGTCGTCATCAGCTCGGGCAACAAAGTATCCAATCTTCTGGGCCCGCGTGATCAAACCTCTTGTCGTAATCTGAGCTGACTTAGAAGCCCACTCCACCGACCCCCTGCGAGTTTAGTGTTCGTATCTTTCCAAGTATCCAATGGGAGCGATATTCATCCCACCTGAGCAAATGAATCACCGTATCAAGAGCTTTGATTGGAGGTAGAGGCTGTGCTCAGCTAAGATCTCAGCACACTAAGGAGTCTCTCAAGTAGGGGTCAAGTAGTTGTATCTTCGAGACCGCTAGCATTTGTATACAGCGGGATTACTCCGCAAGAAATAAGCAGCTGCGTACCAACCCTTCCAGTATAGTCCTTCGTTCCTGTCCTCGCTGGCCATGATATATGCCCAGGCAATGGCTAAATATAAGTCGCCCCCATAGGTATCATTTTACAATCTGGGTGGAGGCACTACCGTCTTTCTACCTTTAGCCTTAACTATAGTGCAAGCTCGGAACCCGATCGAGAACCACTAACGAGGCCGACATTATGGGTGAAGTATCACTTTCTTAATATATCACTCGCCTTGCGTAGTGGGTCGCGTATTGGTTCGCCCAAAGCCAAACGTCAGCCCTGGGATGTATAGGTGACACTTTGAAGAGTCCGAACATACGTTGGCTGCTTAAACGATTGCTTTTTCCGAGGCGGGCGGGTTGCAAATAATAGGCCAAAGGTTGGTATCCATTAGAGTGGTAGGCTTCATGAGGAAACGTGCCAGCTTTAGCTAGACTTATTCGCGCGACTCCAAGTGTACGGCCACCTATTTGACACTCTCGCATCTGGATAACATCGTCCATTGCATGCCTAGGGCTTCTACTAGCCGGCCCGGTCGTTGAGGTCAGGCAATATGCCCCTACAGCGGAAGCGTATTGTGATTGCAAGAGTGGGCGCATGCTACCGCCTTATAAGAGGTTTCGAGCTCGTCAAGCCATTACTATCTTGCCGACGCAAGGCTGGCTGTGCACGAAGTTCAGCCTAACAGATCACGTCGGCAACGATAAGCGTAACACACAGGAACTCGTTCGAGCTTGAATCCTGTAGGCGGTAATCACGTTACCATTCAAACTCGATATT,1737,50.37,Homo sapiens
SEQ_353771,AGTGGGGGATCTCCCTGGGGGATCATAGCCGCTGTACCACTATGGGTCCCGAGCGTGCGTAATAGCAATGCTGGAGACAGTGGGTTCAGGGATTAGCCATCTTAGCGCCAATATACTGGCTCCGATTTATAGTAACCCGGATGAGGCCAGGAGTAGGCTTTCTCTAACTCGCCCCAGAATCGACGTCTGTAGCCTATCATCGCTCAGAGTAACCTTATGTGATAATCCTCCCCCTCATGTGTAGATTATGACTATCTCTGTTGTCGCAGGGTCAGTGGAACCTTAATCAGGATTTAATGGTCAAACGGTTTGCTTTCCGTTGGAACGAATGGAGGACAAGGCCATCAACCCGTACTTTAAGGTTCTTTATCGGACCCGAGATCGCCAACCGCTGCGTAATTCTCGGCGTGGACGTGTCCCAAAACTCATTTCTTAGATCAGTATGGGCCCCACATTCCTGATCGTCTCTAGGATCGCCAGCTCTGGTATAGCACAGTTGGACGTCGAGTTACTCCGGCTATAGAGCAGCTTCTCAGAGATCATTCTTACTATCAGTAAAGCTCTCAGCAGTCGCCATTCAGAGATAATCCCACTTACTTACCACAAGCCATCCATGGGAGTGCGTTCTTCCACCTATCCGCGACGCCGAACTTTAATTGAGAGGGTACAGGGATAAGGTTTCAGGTTCGTGATCTAACCCTGTGCTACTACTACACTGTCTCGATGGTCACAAATCTAGAGCCATTTACACCAAAATTTGCCTACGATATCTATATGAACTTCGACTATGCCAAATGAGTGAGTAAAAACGGAGAATTGATCTAAAAACTAGAGCGGTCTTCCCACGGCACTAGTCAAGCTACATATATAGTGTGTCCTGATAATGGCGGACCTTCATCACAGCCTATGCCTCGTAATATGTGGTTAAGTCAAGGCTTAGACATCCTACGCTTATTGCTGTTCTATCGTCGCGTTCTCACGGTGAGGTGCTATGG,995,47.94,Arabidopsis thaliana
SEQ_731277,CGCGCCTCGTAGTAGATGCGTGAGCATGTCGGTGGCACTCGCGCCGCGAATCCTTGTAGACGGGGACTGGCCGAGGTCCGGTCGTCGAACCGTTATATGATCCTTATCCATCGAATTCTGATTTTTAATTACCCCCGCCATGAGGTATTCTAGCTATTGTCGATGAAGATGCTATCGGTACCCAACCTGATACTATCCGCCTTTATCTGTCGCCATCAGCAGACAAGTCAAACAATTGCTTGTGAACTACACCAGGATTAAACGCTCGGTCTTCGGGTTCCGCGCTCCAAAGCGCTTTGCCGGTACTCTGGGCGGCATCAATTGCGCAAGTCCAGTAAAGAGATAAATCAGCATTCGGACCAGGCACGTGAAAGACATCTAATTGAAGTAGCCGTCCGTCGGCTTACATGGTAGGGACTATACTGCAGATGACATGAGTACGCCGGTAGTGACGATGCTATCCCACTGAGCGTCAGGATCGACTCGCCCTGTAGTGAAATTTACATTTTCGCCCAGGTGCGTATACTGATTGTCTCAAGACGGTGCACTGCGGAGCTCGATTTATTCTACATATGAGCGATGCCGGGTCGATCATGCGAGCGTGGCGTCCGAACGTAACACTATCGGATCCTACCACTCGTGGATCGCCCCTCTTGTCTTGAAGGTAGAGTCTTTTATGGCCCCCTTCACACTAGATTTCGTCCCTCTACGTCAGATATCCATAGGTTCGGAGGTTAATCATTTCACGGGTCACTTACGTACGACTCTAAGCCAGCTTCGATAACTGGGGACGCACGCCAGAACTAGTCAAGGAAGGCCGCAAGTTCGTCAGGAACTACTGACATTCTCCGTTCTGCGGAAAACGGAGGCCATACCGGAAGGGGCACAGCTCGTGATCTGCCGCTTCGGTGCGTGAATGCGGTGGGGTGGCCTCCCTTAGACCAGAGCCCGCTACGTCCTTACGTCGATAGTATTAGAGCGTTCGGCGAGAACTCTACAAGAAGTGGGTGAGGTTGTATGTGCAACAGTTGCTGTAGGCGGGGCCAGCTCCCGAGGTGACCGTTAGTCCGCGAGGATTGACCTAGGCGTCTCGGTCACTGTGTGGGGGATGGGGGGAGCTCCGGTTGGCACGAGTTCAGCCCGCGCTAGGAGCTGAAAGTGCAACTCCGTTAAGTTCATCGCGGCTTTTAACAAGTTTGTAATAGGGACGTCCACTAACAAAATACTGGATTGGTTGGAGGCGGGTAAAGAAGTCAATAGAGGGATACGAGAGCTGGGTCCCTGTGCCTGGTTAGTCCTATCACACCTCGCAGCGAGGAACCGAAGGTAGATGATATCAACTTTTAATTCATTAAAATAGTTAAAACCCAATATTACCTCTACGCCAAGGTACAGGTTGGACTTGAGCACATTACCTTGCACCATAGTGCGGACGCCCCAGCGTCACCGAGTCGACAATCATGACGCGGACAATAAGTTGAATCATCGCGGTAACCCAGTTTAACATTGAAACGGCCAGTGCGCCTGCAGTCACGTTTCTGCTAAAGTGGTGTGTGAGTCTCAAGGCTCGGGCCGAACGTCAGAAAGGGGGAGCATATACGTAGCCCCATGAGCTTGCACATCAGGTGCGGGCACTGCGGCTGCTCCTTTCACCGACTGTAGGTATGCCGGGTATGTCGGTCGGAAACGAGTATCCGTCGAGAATCAGTCTTCACGTATATCCCCTACACGGCGTAAGCGGTAGTGAGGTGCCCCTGCTGTAACGTATTACTCCTATTCCCGACTCTACGACAGAAACTACGCTA,1805,52.41,Drosophila melanogaster
SEQ_369755,TCGGCCCTGCAACGGGAGGATAGGCTCGTGTAAGAGAGGTGCCTAACCTGAGACGCGTCTGTTCCGAGACTCCAATGGAAACGGATAAACAGCACATGTACCTAATTAAAGGCATGTTGCAGTGAAAGGACTCGTAGCCAGTAGGGAGCCTAACCTTCTGATTACTAACTAGGGCCAATGGGTGCGTTCAAGATTGGCGGCCTATGTGTGCTGGCATGGTACGAGGAATGTGTGCGGTCCTAGATTGCCGGGAGTGTTTTTCGATGTATAACACAGGCTATGACCCCAAGGCCTATTGGGGCTCGGTAGAATAGCTGGAATGTCGCCCGTAATATTTGACGTACGAAGTAGTAGCAAAAGACCCCTGTTGATGTATTGTGTGTCCACGGCGGAACAAAAAAACTCTACATCATGACAGCTGTTTCGGGAAGACTTGGTAATGTCCGAACCCTAATACATCATGAACTGGAGCATGGCCCATAAGTGTGTGCATACACGAGCTTCAGCTGACGTAATTATCCAGGTGGCGCTGTTAAAAAAAACATTGCCTTGCCAGGTTATAGCGCTGCCGTCGGATTGGAGTTGCCGAAGCCGTATTTGGTATAAATCAATACCCGTGATCCTGGTAACCCTGAGGGATTTTTCTAGGTCCGTCTAAGGGGCGGCGATGTTCCCTAAGTTCTTGAACAAAGCTGTGGTTAATTCCGCTCAGTTGTACTCGTGGAAAAGTCGCAGCCCGTTATGTCCTCCGGCACGGGCGTGGGCCCTAATAGCAAGGAAATATCGGCGTGGTAGAGTAGCCAAGGGGTCTGTTAAAAAGTACGCATCTATCGAAGCTTTAGGCTATGCCCCACTTACAAACGAGGGAGGACCGAAGTGTTCTTCCGTGTAGAGTGGCAACTTCTACAAATAGTCTAGCTGCAAGGCCGTGCCGAAGAATCGCGATGGTAAAAAACTACCAGCCCTTCTTTGTGAACACGATAAATGCTAACATCGTACCCCTTCCCCTAAGGCTAAACATGTGGAGCCTAGCTGCGGAATTGTGAGGCAGCGCCCGATTTCTGCCTGAGGGCGGACAGGAGATTGGTACTTAATACGTTTCTAGCCTGCCGAGCTTTACGGATCCCCTAATAATACCCTACCGGTTCTTGTAAGTAGACGCAATTGCGGATGGATGGTTAAACTCTGTGTAAGGTACTTTCAACAGTGAGGACGACGGGGCTGAACGTCAGGGGGTTTATTCAGTCTGGTTGATGATGCGCGGGACTCATTTTTAATTGATAAACTAATCAGTAGGATGATAGGGTCGCTAGTAGTGTTGTTAACTCCTTGATTGTGATAGGGGAGGTGCTTGGCATGCTTTTTGACATAGCATCTACCTTGTAACGTGGCTATCTGAGCTCAACTTATAAGGAATCAGGTCATGCCCTCAATGTTGAAAGCGATACTAGTCCAAACGGCTTTTCAATGAGCATCGAGTCTCTGAATGACGATGTTAGGTGTCGTTTCCGGACTGATACTGATCCTACTTGCATCCTGTATCGAAGGGCATTATTATTCTCGGATGGACGTTTTTATGTTGACTGCACCGCCTTTGCGCGATTCTCACCGATTCGTTCACCGAGTATGTTAGTTAACCGGGCGGTAGATGCTTTCGGAGTTCCTCACCTCATGCCATATCTAGCGCCTCCCTGTTCAGCAAGAGATGGCTAGAATCCGGATGTATCATGACGTCCCTCAAATTGACTCCTTATCATGTGCAAAAAAGATGGTGCGAATGAAATCAAACTACTTTTGTCTAGGCGGGGAATTTTGTGTGAGCCAATGGGTCTCGCGTACCCCGGATAGCATGTGTCGGCGAATGTGCTCAAATGGAGTACACCCTG,1886,48.36,Drosophila melanogaster
SEQ_432788,GCCCATATATCTTGCCGTGAGATGCCCTACGGTTCTTTGGGTGAATTATACGTGACAAGAGACGAGACCGCGACTAACGTGAGGACCAGGCGAATTCTGGCAGTCTTTAATATGGCCAGGGCCGGGTCGAACAGATATACAGCCTGGGATACTTCTGGACAGAGAAAAACTGACGCCACGAGTAGTATTAATCAGGTGTAACCTACTGGCCAATACACCAGAACCTTATGACTTAGGTACGATCCCTGCCCCGTGAACTGTCACTCTGTAGTCTCAATTGTGTGGGGTGGGGACATCGGGTTGTTCGAATGCGACTTGACATGAAGGACCCGAGGAAACGTTACGCGGCTCATGAGCGCGCAGATCTCTCTAATATCGTTGTAGGCTGTCGTTTTTATTACAAAACTGCAAGGCTCGTGGGTAGCTATTGCACGGGAATGGCGTAACTGCGGATTATTTGAACAACTATCAGATGAAATTACAAGACCGCGGCATAAGCGCTCGGTTCATGACGCAATCACTAACAGGTCTCTTGGTCTCCGGAGGACGGATCCGCAACTACGCAAGGCCGAAGGGGATGAATATGGCCTGGTATCCTATGTGTGCCGGTATGTTTAGTGGTGTATATGCTGAAGAACCTGCTAGCCATTTACTTTCAGTTATTCCATCGCTAAAGCCAGGAAGGTGCAGCATCGCTCTGGCTGGAGTCACATGCAAGTTATGGCGAGAGCCAGTCCCCGCACTCTTTTAGCATTAGTTGTGGGTAGTGTTTCTGGTTAGTGTAGTGTGGTTATGCCATGAAGGTAACATTTCCTTGTTGTACCCTAGCTCCGTAACCGGCCACATCACGATTGGGGGGATACGCTGAGGTCCATGAACCTAGAGGACGAAGGGCTTAGATAATCTCCGTACCACGAGATCACGTGGCACGTTCGGTGCGGTGAGTTTATTCAGACAACTATTCCCCGAACTATCCCCACTGGCCTGCTTTATATGAAGCCGCACACGCCTCAGTCATCCGCGGAGCTTGCAGTCTGCTTGCTTGTGTGGAGCTCAAGTGCCGGCATTTTCGGCCAGACAGTTCTCCTAACCGTGGGAAGACTCAGTGTGGGAATGTGCATAGTAGCATGAACCCACACGTCCTAGTCCCTTTGGCCTAAGCCGACTTTCGGGCAATCCACGTTGTCGCCTTGACGTTCAAAGGACTGCTCCCTACCACAGGTCGTGTTCCGCCGGGCTTGGGGATCGTACTCGTTATCGTTCGATCCGGCCACAAGAGGTAAGGATCGCTTCGAGAAGTCCAAAGCTACCTCAGGCTGGCCGCATACTCACTTTGCTCATGTAACTCTTTTGCTCTTCGCGGTTGACTTGTATTTTACATATAGTCTCTTTTAAAGTTTCGCGTCACTAACGGCAATAGTTAACATAATATTCATCGCACATCCCGTAAGCCTGAAAGAACGACGTTGCGTGATTGAGCCTATCCGCGTGTCTGAGTACTAGGTCAGATTAGCATCATTTGTTAAAGTGTGCTTAATTAGCATCTATCGTACCGTAGGTTATGTCGATTCCGACCCTACTACCCTCGGGCAAATTGTAACCGAAGGTCTTCCTCACTCACCGCGGGGGATCTTTAGTGGAGTCCTACCCTCACAATAAATCCCACACCTTAGACCAGGGGCGTAAGATAAGAGTATTGAACCCTGCGAGCGCGGACTAGTGTTTTTAAGAGGCTCCGCCGACTGGCCTGTGAGCAGTCCGGACGCGTAGGGATAGCGCCTTAGGTCAGTATGCGGATAAATTGGCGGGAAAAACTACCGGGCTGTGACCCGGTCCAAATGACATCGGGCCGTACCGTTTGGCTTAAAGGAGATTTTAGATACCGAGGGCTTGAATCCCAACCTTGTGTACCATACAATTATGGCAGCAGGTTTATCCCGGCCTGCATACCTTTTCCAGGCCTTCGGACC,1970,50.51,Saccharomyces cerevisiae
SEQ_334486,CTTCTCTAAGGAATTGGTGGACCGGTCATGTTCCATGGCTATGTAAATGCGCGGGTCCATGGTAGTCTAATGCAGATCTACTTTAAATACAGATGACGCGGTAGATGACGAAATATGTCCGTCTAACGTGTGAGCTTCGCTTCATGATGTGCCTCCGTGACCGTAATCCTGCCACGGTATCGGTGGAGCAGCACAAGC,198,49.49,Homo sapiens
SEQ_175221,GTTATAGCAGACGGGGTCGCCAATGCTGGAAGACGTCAATAGTACATCCTGGTCCATCGGCTAGTACACCCTCTGCTAGCATCACTTGACGAGACAATGCTTCGCCACCGCCCACCACAGTCGGCTGAGTTGCGTTGTGACGACAATGGCACTAATCAGTCTCTATCAGCCGGCAGTGATGCATAGTCTTCCCAGGGGTGCACAACCACTGTAGCTCTTCAGTCGGCGTAATGTCCTTCCATGGTCCGAAGTTATGGACGTTTAGAGCAGCGCAGAAGCTTGAAAAGGGGCGTTGTTTCTTTCATGCGAATTGACAGAAAGCCTGCCTGATGTCGGGCGTTGGTGAATAACCGCGTACCCAGCGTCGAGCGGCTCAAGACGGACCCGCTGTCGTCTCGACCAGTATAATGAACCCATGAGCTTTGGTGGAGGTCTTGGGGACACCTGGTCGTTTCTCCTAGAATTCAAGCCGAGCGGGCCTGTCTTTTCCGGTACCCTTAACGACCTGCTCATGTCTCATTCCGTCTTAGATAATCACTAGCCGACAGCGTCTCTAACCTGCAGGGCATGGATTTGACTCCAGAGCGGACTTCGGAAATCGTTCCCGTTAATGTTTGCAATGAGTTTCCCAGGAACCGAAGCATGCTGCAAGGCGCGGGAGTGGACCATCTTTGTCGCTCACGTTATAACCACGTTACCGGTATTCACACCACGAGTTGATTGATCCCATGAGCCGCATTACACTACTTACCCTAACTGTGGGAAAATGCATAGCGCCACCAATTCTGGCCCGCTGAGGACTGTTGGTAAACAGAGAAACACTCTCATACAACATGAGACTGGTCCTGTCAGATTGGCTACCCAGCCCCTATCGCCCGCGGGTCTGAGATGCCACACGCAGACGGACACCCCCAGCCCAAGTTCACCGTTCACGAGCTATGAATAGCTTCCCTCCGCAGCTGGTCAAACCACAGGCCCGGCGGCCATGCCGGCGGTTCCGCGGATGGAGTATCCATGGAGATTGTAGGCTGTGTCTCAGTTTCTCGGTGTTGAATCGTGACGTTCTTAACAGAAGTACGTTCCAATGTAGCCCATACAATACCCCGTGAGACATACTCGCGAAATAATTACATAAGTTAAGTTCATGGCACAGCGTGGAGTGGCCAGTCGAAGTCTCACAGTTCTATCGCGATTTACACGGAGGTGAACTAACCGTAGTTGTTTCAGGACATCGTCAAATGTTTGGCTTGGTAATAATGACAGGTAACGAGGTCGGCCTAATCGTGGCAGCGTAGTTACGACTAGACATTGCCGGTCTAAGGCGAACCAAATCGTGTTCGCAACTTCCGAAACGTTCACCAAGTATACAGGACGTTTGGT,1380,52.1,Arabidopsis thaliana
SEQ_348829,AACATTTGGCGATTATCGCTGGCGCTGCTACAACATACCTGCATTACGAGCGTGACATGAGATTTATAATAAAACCTCAGACGCATATCTGCTCAATAACCGGCGAGTCGGAAGACTAAGCTATTGCTATAACTACTTTGGCTTTAAAGTCGCAGATGGCCTAGAGTCACGCTGCTCTATCGTATCCTCGATCAACACCGGCGGAGCCTGGAAGTACATACTCTGGTAAAAGGGCTCGACTTGGGCCTGGAACTATAGCAGTTTTGTCAGTGGTCTTTATAGTGGGGAATTAAATCTACGACACCCGTGATGTCCACGTCGGTATGTTAGTGGAAAAGGGTTGTTATCAAGTCCGTAATATGTCCAGCGTAAGACGTCGGTGGATGTCCACCGTGTGGCACGTTCGGACTAACATGTTTCGCCTCCTAAATTGACTG,437,47.14,Mus musculus
SEQ_398770,CATACCACATTTAGTGGCTCGCTTCATATAGCCGCACGGATGAGATAGCATAGTGTCGCCGAACAAAACCATCATGGGCTATTGCATAAAATTATCTGCACGTGGCTATTACTCGTTCGAGTCTAGACATGTCCTTACCGGGAGTTACTTACGGTTGCGCCTCGCCCTCGTTAGAATAGGGTAGCCTTTCAGGCACTCCAGGACCACCCTGTACTCTCCGAGTCAGTTCAAGTGGAGCATCTAAACATAGCAATACTGTCGGGACCCAAACCGACGTTAACATCGTGTCTGCATTCGAAAATGCCCAGCGGAGAGAGTGCACCTCTCGCGAAGAGGCGCACTGACGTTACAGTTTAAATGGAAATGGGCCGTTCATTTCCATACCGTGAATGTTGTTGTCTCACTCACGATTCTAGGTCCACTTAAACCTTACATATGGCGTAGGATGAATTGCAGGCTCATGCGGCTCGCTGCCGGCATGAGGTCCGAGGCACAGAGAAATGAGTCTGGCGGTCAACGCAGTGAAGAGGTCTAACAAGATGACTTCGACTTAAGACATCTTCTTGTCAGTCAATATTGACAAATGTATGTTCGTGATATTTAAAGGACTTTGCGACCTAGCGTGGCGTAGTTGTAAGCAGTCACGCAACAAACAACAGTGACGATCAACCCATTCCCCACCAGGATTTGTTTACACTGGGTGATCGGGACCTAGGCACAGTCCCATGTACTAGGCAACGCGATCGACGGTTGCGGTCAGGAGGCTTATCGTTTGCGAGCCAGCCTGTCGAAGTGGGGCGTTGAAGTTGTAGATACCGGCAGACCAACTGGG,832,49.88,Mus musculus
SEQ_204723,CACTTGCCCCCCGCCGATTGGAACTCCTATGCTAAGCGATAGAAGGGAAGTTAGCTCTGTAACAGAGGAAGTCTCCTGGCATGTAGTAATGCAACACGAATAGCCGTAGGGTGATCTTTATTAACCCGAAGATAGCATTATACCTGATGGAGAACTCGCTTCGCACCTGGTAACGCGCATTTGCCCAGTTCCATGAGTTGGCTCTCCTTCTGCGCACGCTTGGAGTCAACCGGATACGGAGCAGGTGCCCTATCGTGCAGACCCAAGAGACGCTCCTCCGCAATCACAGTAATCTGGCTGAGTCCAAACAGCTCCAGGTAGAGCCGGTGCACCTTGTGGCAATTTAGGAGGAGCCGTTTCCATGTGACTCTGGTCTACATGTTAGTTACTATCTAGCAGAAACGGAACCAGTGGCAAAAACGGCCCCCTTCTCACCTCGTG,441,52.15,Saccharomyces cerevisiae
SEQ_221534,TTATATAACCGTAGGCTAGTCGTAACACGGCGGGGGGGGTGCAGCGTTAGACACCTGAGAACTCTTCGGATAACTTAGACCGCACGCCCATCCTGCCAGTATATCCGCGGACCGGCCTGGGACAAAAACTCTCAAGGAAATCATTCGGATACCACGACACGAGTAAACGATATGCGGGACGGAAATTGCGGAAAACTATGCTCCCAAACCGGGACATAAAGTAGGCATTATTACGGAGGAGACAGCGAGGATTGAGATAACGGTTTCGATCGTGTCGGATGCGGACTTGTTAACCGAGCGCATTCCAAACCACATCTGCTGGCTACTGCGCATACA,336,51.49,Mus musculus
SEQ_860590,GAGATAATGCTCTTGGAACACGCTCTAGAAATATCGTGTTGGGTGATCGCATGTGTTTAAAGGAAATACAGACAAGCCCACCCGTCCTCGTGAAGTTAAAGGAATTAGAGTTAAAGGAGCCAGGGATAGTTGTCATGCAAGGAGTCGTTGTCAGGTCGGCCCACAGTCGTAGGAGGAGTCAGCCGGTTTTGGCCATTTGTGTTCATTTACTGGCCGCTTCCACTTGAGTCGAAAACGACCAGCCATAGTTTGCGCGCAGATTCTAGCGACCTACGCGATCTCCTCTCAATCAGCCTTCGCAAACCAATTGACATGCCTGGATAGTTCAACTCGGTTTATGAACCATCTTACAAAAATTCTCTCATGAAGGCGCGGACCTATTGTCCCTTTACTTGCCGTGTTCGTGCAACCCAGCATACGTGAGGAGTGACACATGCCTGCATCCAGAGGAAGTCATCGGTGTACGAGGCGACAAAATCTGGCTCAAAGTTTGGGAGTGATTCCTTGCTGGATCCAATTGAGCCGGTTTGTAGTGTCGCAGTCGCAGCCGTTAGGACTCGTACGGTGAAATCAGCGTAGAGGCGGCGCGCAAGACATACCTTTGTACCCAGCAAGAGTCAGAAGGCAACAACAGCCGGTGGGGACTGGGTGTGCCGTTGACTTTCGGGCTGGAAGGATACATTAACGCCGGTCCCGAAACGCCGTTCGATCTGATCCCGCACAACCAGGCAAGATTCCAATAGCGGTTCGGAGTTCGTAGACTGCCTACCAGTGGACTAGTGCCGGGAGGAAAGTCAAGTGGGTGATAAATTCTAAAAGGACCTATCGATCTCTAACCTGTTCATTTGCTGGAAGATGACCAGTTCCGTTGCGTTTTTCGTACGGCACCCGCGATGATGGGAATCGTATGTGCTTTGCCGAATCAAGATCTGCAAAGTTGACACTCTTAAGCACCCCTCGGCACTCTTAAGCGGACATGCAGTAGCGCTAAACAGGACGGGTGATAGACTGTTATACGTGCGTTGGCGACTCTATGACCGAGTTCTAAGGCCTTGTTTGGTGTCCTGTTTCATAAGACATTTCCCTCATTACTCCCAGACGATGCGGTCAGTCTGGGTGCCATCTCAAATCCTGGTTTGCTGTG,1144,50.52,Saccharomyces cerevisiae
SEQ_581719,CGCTTACTAGCTCGCGCGGATTGAATTCATAGTTTACTATTCTGACCCGAACGAGATAATTCTTTCCTCGTAGAGGCAAAATCCGTGACCACATTTATACAGTTATCTAAGCATGCACCTTAGCCAAGAAAGTAGAGACAACTGAGATTAGAGAACGGGTCAGGCTATATATTAAAGTCCACAAGAAGTCGAAACCAACTGCTCCCTGTTAGTAAAGCGACAACGTAGAGATATTCGTCAGTTGCTGCCCTACATGTGCTAAAGAAAGCCCATGCAATAATAATTACCGGGGGACGTACTTTTAAGTCATAGTTAATGGTAAAATAAGCCCATGTCCGCGGTTGGCCAAGGTCCCGCCGTCCTCAGTGGTGGTCACCCGTCAGGTCTGAGATATTAACGACCTACGTAACACCAGAAAAGAGCGTGAAATGGTAAGTACGGGCTCAAAAGGCGTGGTATTGGATGGAAAAGGACGTGCCCTAGTACCGACTAGGTCAGGGTTAGGCCATATCTAGTTAACGGGGCATACCAGCACAATGCAGGGTAACATGTAAACAAACTCCTCAACCAGAGGATGGAAAGCCCGGACGAATACCAGGTTGCCAGAGAGTTCGTTGCAGGAATATCATGTACGACCGCCCACGACTGATGCCCATGCTATTTTATGATTGGGTCTGACCGAGGGCGCACACGGTATTTCTGACATTTGTTTCCGCACGACAAAACAGTCTGAGACCGCATCTGACGCTAAGAAACGACCCAAGGTACAGTGGCCTCATATGCATGACCAATCGCACATCGCCCTTATGCCTTACACTAGGTTGATGGCTTCCTCACGTGTACCCCTATCGCAGACTACGATTCTCCCGGGTTGATCGGCATTTATTGGCGAATGTTGTTTCCAAGGTTGTCAGAGCGGTGTTTTGAAACCAAGGTCCGGAATGGCCATCCGAAGGCGACGTCCACCGTAAAGGATTATATTTTACTGACAACTGCCAGATACATTAGCAATGCCGTGTTTTGTAGTACGTGACGCTGCCCCCGCCTACGATCATCAAGCCATATTGCCCAAGGCCACCAGTGAACTTCTAGAACTCCTTTTTTACAAAATACGGCGTGCGATTCCGAAATTTCATCAAGAATAAACTTGTGATCCGATTAGGAACTCGCGTGCCCGCTCTTTGCTGTTTTCAGATGTTCGGCTTGATTTTTTCCCAGTTTGCAACTTTCCTAACTGGTGCACGCGAGGGCGTCTGTGCCACTTTTGGTATAGCTGGTTGTCGTTAATCCTTTGACGTCTGGGTTCACTGCCCTACAAGAAGTGAGGATTGCAGCGGAGATCGCAGCGACGATCTAAAGCCTCCTCGAGTAGCCCGATTAGGATCCGTGTCCACCCGGATGCGTTGGCGCTTGGAACCCCCCACACTTGCTTTTAGACACAACCCAGCGTGCACTGGCCAGCCAATCCGTGGTTTCAATGGTCAGTATCGCGAGCTTCCAATACCTCACAATATCACTACTAGAGGCACTCGGGTTGGTCCGTAACGATAGAACCGCATGTCCGTGTTGCGAGGGTCGAATATTGTCCCGGGATGACCCCGCGCACGTACCGTAGGTGATTAATAGAGGTATCGCCGTAGCGCTATGTCTAGACGGGACTAGGTGATCGTCATACTACGCCGCTTCGTGTTAGGGAAAACAGACTACGGTAAGTGATGGCCGTCCGAATGGTTTCTAACAAGTTATTTTATGGTGGTAGGCGGTTTTAAGTAACCAAGAGCGCGAGTTAATATGCGCGCTTTAAGCCCGGTTAAGACCTACGTCCGGGTCTGGTGCCCAGAAATGTTAAAGACCGGGCGATGGGGCCTAGGGCTCTGTCTTCTCAACAGCGGAACTCCGGTA,1902,49.42,Arabidopsis thaliana
SEQ_559969,TGTGGCGCCCCTAGAGTTGTATGTCAGCGGAGGGCGTCATGCTTTGTTACCTTCTA,56,53.57,Caenorhabditis elegans
SEQ_961744,CGGCTAGGGGTCTATCGTGGTTCGCGAACTGGTTGCCCCTGAAAACTTGATTTAAGTGAACCGGAACGTCCCGCTAGTACCACACCGAGCCAAATGAATGCTAGCTCAGTGACGGCTATGTACCAGTGTGGGGGTCACGTGAATATTGAAACCGGGTACCGAGCGGTAGGCTTCGATGCTTACTTAGTCGTGGGAAGCCTAAAACGCGTGGAAGAACTTGGGGGCTCGAGAACCGATTAAGGATGAATGCAAAGTCTTGGTCTTACAAGATGCACTGCTCTATTCTCAGAGGGGTACTACCCCGAACTAGGGGCCTCTGGATGCGGTCGAATGCAAGCACGTAGCCAGAACATCAACTTAAGTCCGTCTCACCATAGTGCCGATATAATGGGTGTGATTAAAAAGCTATGTCAAGATCCCGTAGACGCCCTTTGTATCGAGACTTAGTGATGGTTTTTGGAGCAATATCTACGACCCTATCGCATAATATCTGCGACTTTATAGTATAATCACATGACACTAATTTTCCGGTTTTCTATAAATTATGCGGGTGGTGTAACGGGTACAGTTGTTGAAGGCGAGGTAAGGCCCACGATTTATGTACTCAGCTACCACCCAATCTTAGTTATTGGAATTTGGGATTACTATTGTGCTGTGCAGCAGAGGTACACCGCACGTAATGGGCTCGCGGGTTCATGTACATTTTAGTGGTACATGAATGCCTCTACCTGTCTACGTGTCTCTCAAAGACGCTGTGGTAACCGTGTGAACAAATTATCCGTGAGTGCCCAATCTAATCTTTGCCTAGCCTCGCAAAATAAGAAACCCTTCATCGTCCTAGGACTCTTTACCCCGACACCAGTCGCTGCTTCGCGCATCAGGCGTTCGACCTATTCTTAGTGAAGCACGTATGGCTATTCAGACGTTGCTTTTCTGGTAATCCAACGATTATTTCCCAGCCAGCCATGTAGTCTTGGGAGCGCTTTGGAAAGAACACCAAGAGCAGGGCGAGGCATATACAATACAGCGCCGTTCCTCCTCGAAAGCCACCCGATAGATTCTCATACGTAGCCGAAAAAGTGCACCCTGTCGAAGTGGTTGAGGATGTGCTAGCGACAATCGGTATCAAGGTAGCTAATGCCGATTTACGGACACTTTAACGATGCGTGCCTAAGGAGAAGGCTGGTACCCTACTGATAAATTGTGCGGAACTTAAGGCACACGTCAAGGGGGCTGGCTGGCTGCATCCGGTTACAGAATTTAGACACGACACGAACTTTGGGCCCTGGCCAATCCCGTGGTTCTACGGCGTATAATTGCATTGCCTGGACCTAGTTACTCACACATGGGTCGACCCTCGGCTGTCGAGAACACCGCTAACAATAACACCGTGTTGAATGTGAGCAATCCACGCACATCAGAATCTTGAACGCGGCGAACTGTGTATCAGGTGCACGACTAAACCGAGTTTCCTGGAGTTAGAATCCGGGCATGGGATCTAGGTCCACCGAATAGGCACGCATAATTTATAGCCCGATATATTAGCGGTAGGAATTCCGCCATTCCCCATTTCTCAACTCTATGGACACTGGGTCCAATCGCGGTTGAGCGTGTCTCATTCTGTAGAGTACTTATCACAACCCTACAGCATA,1652,48.79,Drosophila melanogaster
SEQ_374058,GCTCCGAACACTTGGTATTTCAGTTGTCTGGGGGATAGCCGACGTTTACGTTGAACACTCTGCGGTATGCAGTAGCCTATGACC,84,51.19,Saccharomyces cerevisiae
SEQ_297701,GACCATTCCAAAACCGGAGGAAAACTCACACACGTCGCGGTTGGCCACTATTTGATACTGGGAGGATGACAAAAGAGTGTGCACTTATCATAGCGAGTCCTTCTAGTGTGATAACGTCTCAAGAGGGTCTGGTTATTCGACGCTGGCCAATGCAACCATCCTGCGGGTAGTCTTAACCTCAAAGGCACTGTATGCACGGCTTACTGACGTCATTGTCTAGACTGCGTGTAAATCGACACTGCTAACGAACGGTTTGGATGTATTTGTCTCCGTAATATATAAAAGTCAAAAGGTGGCATTACAAGAGCAAAATTAACCTTAAGGCGGCCCTTCGAATCTGATGGCAGTCTGACGGTGCTGCCTGGCCAGGATACCAAGCACGCCCGAAGAGCATGCCGCGCTAGGGGCTTTGTTAATTATGACCCTCGAACGCTGAGGGTCAACACCTAGTAAACGTAGCCGAGATTTCTAAACCGCATTAAGAAGCGATCCACCTCGTTAAAGAGCGAATTAAAGATTGAAATCCAACTAGCATAGAGGGTGCCAGGAGTAATGTCTCTACCTGGGGCACCGAAGTCCCCAGCAGGTTTCTCAGACTGCGGAATGATACATGTTAAAGCAATAACCCAAACTCTAACAGTTGCCGAGAGTGATGTGGTGAGCCATTTCTCTAAGGACCTCACATTGGACCCGGGACCTTCCATTAGCGGTGTTGTGGCGGAGATATGCGCACCCCGTCGGCTACTAACTCTATTAAGAGGCACCGAAGGGAGGCCACTTCACGACATATATCTGGGGAAATAGCAGGGGTATGCAGTCCTTTTGCAGACCACTCCGCGTTAATTTAGGGTGCTCCATTTAACTTAGCTCCCGGTCCGCACGTGCTCACAAATGGGGCACAATGGAAGGCACATATATGGTATCCTCACTATAGCTGCCATGCTGGGAACGTTACTACCTCGCCTGTATGAGGCATTTCTAAGTGGGTATCATAGCTTAAATGTATCATTTTATCGATCGACCGTGCTCCGACTACACACAGATACATGCCGTAGAACACTTGAGCTGACTCTACGATCTATCAGGCCGGGCCTCATCTGGCACTGCAGACCAACCGAGCAGACAACCTAGGACGCATTACTGCAAATAGCTAAATCTCGAGCCGCGTGGTTCGGTTAGTATCACATTGCGTTATTGACACGTGCGATTTCGACTTAACCCCGGCCGAATCTTCGTTATCTCAAATTCCGAACTGCGGCA,1260,49.05,Arabidopsis thaliana
SEQ_190112,CCGAGTTCCTAAGCGATCCACCTTTCCCTCACTATGTCAATGTGCGAATACCCCAATGTCAGTTCTGATCCTCATTTAAAAGCGCGTATGAATTCCGAGCGGGAGATGCGAGGGTCTCGGTGGTTCGCACGTTCTGATTAAGTCCAGAGCGAGGAGAGAGGAATATCGCCGTCTGCAACGCTGCGTCAGCATGGGAATGCCGGGAGGGCGGGTGACCTCTTCGCTCACAGTGTGCTTAAGCACGATTTTTTGAACGGATCTGCGTGTCTTGCTGGGGTGCCGAACTGCTCGATCTGGCAACCCAGGTAGCGATGCGGCGTAATGACTCGGTTGATGCACTAACCACCGGAAAGTGCTACGGAGGCAAGCACTAATTCGAACACGGTAATAGGCTGAGCCGTCGAATAGGGATCTACACATCAGTGCAGCCACGTTTGTTGCTGCTACCATGGTATCGACCAGCTCTGTGGCCGAAAACTCGTGACGTTCGATCCGTGGCTACTGGACCGCTGTCGACAACTCGTAAATTCTGTATAACTAAAGTGGCATGTCCAGTAGACGTCCTGAAGTACTAGAGCGGTATCTAGCAGGGTCGTATGGTAACGGCAGATGGTACCGGGCCCTTAGTATCCTTCTAATCAGTGAAGTGTACGTCTGCAGCTGTCCGCGTAGCCCTATGGTGCGGAGGTTAAAGCAGCCGTGGCCGGCTAGCTCGTAATTTGACTTTGCGGATATGTCCTCAAGCGACAGTGTGATGCTGACGATCTATATCGTGAACCTGTTGCAGAAGTTTTCGGGGTACCGCTAATACGCCGCCCGCCTTCGTCAATCACCAATGTGAGAAGGTAGTGTGCCCGTCACTCTGCGGTGTTCCTAGCGGAAGGAACACAAGGATCCCTGTCTGTCGTTTAGTTGCTGGTTCTGCCAGCCCCAGGAACTTCAACAAGAGAGAATCTTCCAGGTCACGGCACAATACTACAAGAAGGGCGGTAAGGCTGATGTTCGCGGTGGAATACGCCCACCCGTTGGCTTCTACGAAGCCGGTGGCCTGACTGGCATCTTCATATATACCCCGTGGCCAGTTACCCCGTCAACCTACGAACCCCCCTGAAGTCACTGGAGGCTATAATAATAACAGACTATTGAACCACGTTTGAAGGTGCATCTACTGGTAGATCCACTTAATTCCGACTTCCTAATCAGTGGGAGATGTCCTCCGTCGGCCATCCCTTGCCGTCACATAAGTGTGCAACATATGTTCGTGGTCGGGACGTACATACCTTTAGAACGCTTTGTGCGCCCCCTCCACCCACGAGCATTTGGCGTATACCCATTGTTCACTAACGAGTAGACGCAGGGGTCAGCGGTACGCATGGTTCCGAAGCGCTGTTTTCGGGCCCTCCATGGCACTTTTTTCCTAGGGATCTCGGTATGCCGGTAAAACACTCATTATCACGGTAGGGAGACTCCGCCAGCCTTCCGCGCGCGTACACTCATGCCACAATGATCATTTTCGTCCATCGGGGCTAAGTTAGTCGAACTAAACTTCCAGCCACTATTCTAGGAACTCAAGTGGAGTAGGGGCCGGTCGGCATTAACTCTCCAGCGGGGGTTTGCGCATGCGCACGTAAGAGGTCTCTTCCTTTTTCACGAGTAACTCCCGCTATTTGTTTCTCTATGTGCTTCTCTATTGAGGCCGT,1700,52.71,Arabidopsis thaliana
SEQ_979639,CAACATACACCGAACGGCGGGGCACGCACAGCCATAAATTTGCATAAACGAAAACAGGAGGGTGGTTTGGTTAGTCCGGAGCGCCCTGCATCTGCTCTGCCTGTTTGCAAATCAACGATTGCCAAAGCGGGCTGATCGTCGACGCAGCGTGGGATGACTCGCGTCGATTTGTACAAGAGCACGCTGCCAAGAAACGCCGAGCGCAAACGGGGGTCAGTCCCAGAATGATTTGGGCGTTTTATCCATGCAAATTCACATGCAATAACTCGCCGCCCTAAAACCTCTTCACAACTCTGTTGAGAAGAGGATTCACAACTGGGTACATGCCGAAATTTGATTCTTTCCTATTAAGTGCGTGGGCAGCCGAGGTAAACTCGACTAAGCAGGCGAACCCCCCTGTCGAACCACCCTTGTGGCGGCTAGGGCGCCACGTAGTGGGACGGATGATACAGATACTATAATCGCTAGGAGGAAACGATTCAGCGCAGCTAGCAACTTGAAG,502,52.39,Drosophila melanogaster
SEQ_939656,GTGGGATCGCTTGCACTGTCCCCAATCTCTCGAGACCCCGTCCTTTCGATATGGGGATCGATCTATCGACTCTCTTAGATCGTTGGACGTGGCTTAACAGCATAGTGTGTAGGCTCCATCCAACGTCCCTGGGCGGACCTTATAATAATCAGTGCTAAACTCGCGACCTAGCTACACGCTATGCCCAAGAGGTGCGGCCGCGTTCTTACCGAAAGGTGTACAGAGTGCTCTAGGGCATTTATATCGGACTGGCTGTATAAACCATAAAAAGGAGTTCTCCGTCATCTGTTTTGCGCATTTCAGAAGCTCGGGTAATATCTAGAAGTGTGCCATGCTGTTCCGCCGCATTTCCGCATGGTGTAACCGCGCACGTCGTCCATTCAGTTTGGCAGCGGTTACAGTCACTAAGCGAGACTGGATCGGACTACAGCTTGCGCCAGCACAAAGCACGATCTCCGCTGCACATTATGGTAGTGCTGGTTCCAATCACACCTTTTTAACCAGTTAAGAGTCAAAAAGAAAAGGGTCCATTCTGGAAGATGCCCACCACACGAATAGCCGCGTCGCGTGACAAGGTGGGTGTCGGCTAGCAAAACGGCCAGACAGGTAATCTAAGGGGCCATCGCAACGTATGTGATGGGATTAGCTGAAGATAGCGGCTATATATGGGACCTTCATGAGTATCATTCCTTTCACGTGAAACGATAGTTACTCAACAAAGGTCTCCTTGTTTCGTAGTATATGATATTCGGGCATTCTTCATCTGGTTCTCCCCACTGTCCCAAAGATGCAAGGACGTTTGCTGTTATAGAAATTTACAATGTAACGTAACGGGCGGGATCCGTTCACGGGAGCTCCTCGAAGGTAGCAGGGCCACCCCGGTTATTGGCGGCTCGTATATGATACCATGCTTTTTACTCTAGATCGCCTTAATATTCCAAGGCTCTGATTATTAGATGCCCTCCGCATAGCGGAACCGTACTAGGAATCGGTCTGGTCCGACAATCACTGCGGCAACAAATACTTAACGTTGGGCTAACCCTCGCTTCGCACCACTATTGATCCGAAACAACAGCCATAGAGGCTTTCACTTCTCAAGAAGCTGGCCAAAACAACGACCGTAACTTCACTGGTCGCTTTCATTTAAATGGAGAGAGCTTGTTCCTACTAGAGGCCGACCACGTAGCGGTGGTGCGTGCTCGAGTAGAACTAGCGGCGGCTTACTTTAATACCCCTTATTACACTCTCTCCACTCAACAGGGCGCGCGATTACTTTCCACTTTTTCTGCGAAAGAGCACTCTCGAAAGGCTGTACGATCAACCACGGGGTTGAGGCTGCCAACCATCTCTGGTAATTCGCTACGCTGACTCATCTACCAAAAATAATGCCGCAGCGTGAATGGGCATCTCAAGCCCAATTCTTATGATGGCTACTAAAATCACCCTCCCTTGGATACGCGTCGAAGAGAACGTTGGTTGTTGTGCCTT,1488,49.46,Caenorhabditis elegans
SEQ_101769,CGTGCATGTTATTCTCAACTTCGTGAACAAGTACCGTTGGTAGAGATTTATATCCCGGGCAGACGTACCAATCCCTACTACTCTACGTGGTTGGATAGTTACATATAATTTAGTACTCGAACCGAAGATCGAACACCTAGCGCCCACACTCCGAATGATGGACCTGGTGCTCCTCCAAACTCGTGTTATTACCTTAGATCCTAGACGTTGCTTCGAGTGTCACCTAACTGTTTGCTGAAGTAGCCTCGCTGCGGAAGGCTTGGTTTCTCAGCATGAACCGTGGCCTACGAAGTAGGGGCAATAATTGATCTGCTGTATTGTTAGTATGCGGAACCGCATGCTTACACACGTGGGGCCTCGGGGTGTCTTCCAACCGTGGTTGCCTCGGGGCCGCTGTTCAGGCGTCATCGCTTTGCTACGCATTTGTCGATATTTTATCGGGAAGTCCGAAGCAGCCCTGCTCTAACCGAATCAACTCCATAACACCATAGGCTGGTACCCAGATTGGGCCTTTTGAATGTTTAGCTCCGGTTGTTGAGGTACCCCTCATATAGTGTACCTATATCAAGTAAGTTAACCCGACTTTATCCCAGGTTCGCGCCCGAACGGCGGCGGGACTAATACGTCGTCGTTCCGTGTGCTGGAACCGCCGCAGAGTCTTAAAACCAAGAAGGCTAGCATATAGCGCGGTTGGGCGTCGTCCGTCGGACCCCGATAGGTAAGTGTAGAAGGGGGAATTACACCTGGATCGAGCCCGTGTGATATTTCTAAGGACATGTTCAAGTTCGCCAGTCGGTAATGATGCGGGAGTTAGATTTAACGAACCGCTCCTCTTAACATGCGTCGAACGCGCACGAGGGGACCATGCTACGTTTAGTGTCATACGCTGCTTGCCCAGCACTCCCGATTAAATCTGGATTGCTTTCCACGATGTCCAATGGCCAGCCACTGCGCGTCACGTCGCGAACAAGGACATAGCCACGCGGGCGTCGTGGATACATCTCTTGTTCTGGGGGAATCTCGTAGTTGAGGAGTTCAGCTACTGCATGCACTTTTATGGTCCGTAGCTTCTCCACAACCCACAAATTGCCAAGGGGATTTGTAGATCAAGCGGCTGATGAATCTCTCGAGAGAATTTAGCCACAGTTATAACTTTGTTAGGTTATTATGCTTATGACTCCGACATCCCCAAGATTTTAGCTTCTGTCGAAGAGGCTATGTTTTTATTGGCCTTTCAACACATCTCCGAGTCCCAGTTACAGTGAGGCTTTGGCTGGTTTGCCGACGACGAGAATGACTCGTAACCCTACCGTATGGCAGACAGCTGACATCTTATAGGATCGGCACAACGCAAATGGTAAGATGAGACGTGTGGACTCCTGAAAGTATTTCAATCAAAATCTGACGCTAGCTCTGGGACTCGTCACCATTCCAGAGTGAAACCCGGGTGCCCAACGGACAATATATGAAGTGTAACACGGAACAGAGGTAGACTGCACGTAAATAATGCACTACTCTCCTAAAGTCCGTTTTGTTAGCCCGGGAGGTGATGGTGCGTAGTGACCCTTAGTTTAACGCCGTTCCATTTTTATCGTTTGCTTACATCGTCTACACAAAATCTTTGGGTTTAGACCGAATTCTTGTGCGTTACGCCTACATTTCCGTTAGTGCTCAGCCTCGCTAATTAACTGCGATACATTGCGACTCGCTCGATCGTCGATAAAAATGCTCTCGCCCGAAGGACGGCCTGACGTTACTTGATCCGGCTTGTCGCTAATATACCAAGTATAAAAC,1794,49.16,Arabidopsis thaliana
SEQ_966501,AAAAGGTGCGGATGAATCCACGCAATGGTGTTGATGTGCGGACTTAAATCGACCCGCGCGCAGGTCACCACCGCACCGGATCAAAAGTCCAGTATCCTACGAGGGGGATCACTTTGGTCACCTTGGACTTACTTACTCCCGTCTGGACCGGCGAGCCTGCTACACGGGATGCGGCCTACGAATTCTGCAATTAAATATCGGTAGTAGGTCTCTCGGTCACTATCGATACGGTCACCACGTTGAGAACGAGCTTAAGTTTTTTTAATCTGGACAAACCTACACTAAATTCTTCGGCTACCATTAACCTATTGGATCCGCTTTTAGACTCCATATGTTTACTAGTGTGACACTAACTCTTGCGTAGATCAGACGTTTTACCATCGTAGACCTTGTTAGAATGACGCATAAAGCGAATCACTGGCGGCTTCGCTTGGCGGTTTCCAAGCCGGGTTTCGTAACGTAATCGAGGCTCGGCAATGTTGGCAAACTAGGAAAGCTATCCCAGCTTACAGAGTCTTCGAGCAAGGACGCAGTTTGTTGGGAGTGTGCGATTGATGTACCTAGATAGGCCTTACTACACACGTCTAAGATGTATTTCAGCAAATTTACTTAATACGGTCCCAGCGACAAAGTTCATGAATTCACCCTTATGGGGACGAAACGTTAACCTCGAGGACGTATGAGTCGCGTTATGAAAGTTAACGCACGGGAGCGATATCATACTCCTGTGAAAATATAAGCCGATCTTACGGACGTTTTTTTGTCGGACCTATTTCTTACTCGTTTAACCGTAGCACTCGCTCGAACCTAGGGTCTAGGGCGAACCAGGTAAAACGACCTCTTAGCCCCTTTCAGAGGACGGACCGGAATCCGTTACTTCCCAGGGCTGAAATCCAATGAGCCTCGGATGGGGTTATTTCCCGTCCATCGTAGCGATACAGACAAACCAGATCTACCACGCATAACGACTTGTTCAAACAGAGCTCAGCGTGCATTCATGAGGTGGTGTCAACAACGGGTCTACTTCGACGTGCAATAGATCTGCGGTTTTAACCTGGGCGACTCAATCTTAAGAGTCTCCTGGCGGAAGAAGACTTTGCACTGAGTAAACGATGTCATGACTCCTTAACAACCTGTGGACGGCCTCTTAAACTTCTCAGAAATGCACGAAGATGCAACTTAACCCAGTGGCTAGTGTTCAGCGCGTGCGATAACTAGCAAGATTTCGGTTTTGCGGACCTAAACCATGCATATGGAAAGCGGAGACAAACGGAGGGTTTCCCCTAGCTATATTGTCCTTCTCTTTGCTTTATAGAGGATAGGTTCTAATTAGTTCGCGCGACTGGATCAGGAATAAATGGAGCATTCCAGTTTGACGCAGTACCGCACTGGTCAATGCGGAGTCACTCCTCACGGAGGCCACAATGGATGAGTCGCTTGAACCCTCAAGGACTCCCGAGCCAGCGAAGGAGCGCGCCACTACTCTCAAGCGACAGAAGTAGATAGGACTAAGATACTAGCAGTTAAAATAGGTATAACAGGAGATTCTCTGCTATTGATCATGGATGCGACTCTAGTATAAGAGCTCTATATCGCGACACTCCCCACAGTCGGTAACAAGGCACACTTAACACTGAGAGCGTGTTAAAACATGCGCCATGAAGGGTGGGCTGAGCCCAACAGTCTCCCCTAAATTTAAGCTTTTATGAGACTCT,1715,47.93,Mus musculus
SEQ_633698,CCCTAGCTGTGGTTGACCCAGTTTAAATACGCCTTGTAGTGGAAAATATGTCGAAGAACGCAGATGGCGTGGCGATGTCACCGAGTCCTCCATTGCAAGTGAGTTAATCGAAAAGTACTGGCAGCATTAACCGCGCTACAAACGTATTCTCTACTCCCAGGCTGCTTGCTAGGTTCCCATCGAGCGAGTCAATACAGATTTTACATATCCACCTCGGGTGGGTACTCGTTGTCGGAGACTTGACCACTGGAGGGCCGGAACACTGCGTGCGCAATTACCGACGTGCAAGAGCGAATGACCGGTATGTTGAATACGCGTATGCAGCCGGGAGATTGTGACATTACAACTCAACGAGGAACGGTTCGGAGGTGCCTGTGATCAGCAAACGACTTTATCTCAGACTTCAGAAGGAACTCCCTCGATGATACCGGTTGCGGTTAGATCGGGAGGCCTGGAAGTCCAACACTGTCGACCGGAATACGGGTGATCGGCGATCGGCTGCTAGAACGTACGTTCCAAGGTGACGTATTTCCAAGATACGGGCAACAAAGTCAACCCATATGAGGTACATCTTGGACAAAGCTGGGTGAACCGGCATATTTGACGAACTAGAGACTTGCGATAGAAGTAGGACGATACTAAGCTACCCATCGGACGGCCCCCAAGTCCTCATTCCGGAGTAGAATCTTTGTAAGCATACCAACAGCATACCCTCCGCTTCACAAATATATGCCGTCTTAATATGTTTCAAGAAACGTAGGTATCTAAATGCTACATTGCAACGCGAAATTGTCTTTGGACATATGCGTCAAGTGTGCCGAAGCGCCGCACCCCGCTGGAAACTGTATATAGGCATTATACTATGTCAATGGGTTCTCACAATTACATACAAGTATTTATCCTTTGACCAACCTCAAAGACCCAGCGGCCACATAATTGAATTAATTTCTGCTTCAACCACGTGGTGGATATCCCGTCGATTGCGACCATGCTTTTTAGATATGCCGTGTATAGAAGAAGTCCAGCTTTGTTAAATTCATAGAGTTACTGCAGCTACAGAAGTTCACATAACCTATTCTCAACGTACCGCGTCGTCTGAGCCTGGCAAAAAGGTACAATCCATCCCGTGGAGGTTCAATACCTCGCAATATTACTTTCTGATGGCGCGCCGACGCAGCGAGCGGGCAGATGTATCGACTCTGAAATCGACCATGGAAACGGGCGATAAGAGGAATGCGGTTACTGAGTTTCGAGGTCCACGATTACTACTGGGTAGTCCATGGTTCGTATCGTAGAACCCCAATGTTTGCATACGTCTGGAATTTGACATGTGGGGATTTTCGGCCTTTTGTATTGCACCTAATAACGGGGCTCGGAAGCTATGGATTTAGGTCCGTCTCACGCCTCCGGGCTGAGTGAGCAGAATGGGCCAGTGTATCGTACCCGTAAAACTCAATGTCCAAACAGGGACTGCCATGGCGTGACCATC,1489,48.62,Drosophila melanogaster
SEQ_677497,GGAAGAAACTTGTCACTTATCTTCCCCCAAACTCAGCAACGTCGTAATGATGAAAGATTCGTATCAAAGCCAGTGGATCCGCCTATATTGACATGACTGTCTACGATACTTCCGTAACGGTTCACTGTGACGAATTCTTGGGGGTGTGAGATGGTCGTTAGGACAAATATATCAGAGCTTAGTGACCTTATAAAAATCCCGCGTTGTGTAAACGATTGGCTGAAGGAAGTATACATCCAGGAGATTTTTATGATACCCATTCCACATACTTAGATGCCTCTGCCCCCAACTCGTGGCGACGGCGCTCTATACCTTAACAACGGAGGTGCCCAAGTGAAGAGTATATGTCTGAGGCCGCTGTAAAGCTACTAATTGCCTCCCCGAGGTAATAAGGTCAAGGATGGTAGAGAAGCCCAACGGACGTAAGTAACCTCTTGTTAGCTCTCGCTCGCGGAACGCCGGCTAACGTCTACCGGTCTGACATTAGTGCTCCAGCTTCTAGCGACTTCGAGGTTAGGTACCCTACCACAACGCCTTATGTTATGAAATGTGCAGCAGTAGCAAAAACGGTTCTGCCTGTAAGTAAAATATAGTCGATGCGACACAGTCGCCTTCAGAGGCGACCGATTCCATCTAGGCTTGGTGTAAGGGCTGCCGGCTCTAATTAAAAACCGGGGAGATGAGAGGCGAGTATATCACGGGAAAGCTCCTTGTGGGGACTACGAAGACGTATAATCCATTGCCGCTAGGTGCAAGTAAGATTCCGGGGGTGCCGAACTAAGCTATATTCTTTATTACACAAACCCGTGCCTTCGATCACAGCATAAAAACTTCGAACCTAATCGGTTATGTACTCCTAGGAAAGGGCTCTGTTCGTCAGCCATGCTCGTACCGGCTGTCTCGACCTAGCTCCATCGTATAGGAGTTTAGACGAAAGACCCCCCGCCATGTCGTTAGTGCGACAAACCGAAGTCTGACCTCACGGGAACCTCATATATCGTACGAGGCACGGTTGGGCCCCCTAAAGGATTACCCATTCGCCCCTGCGATCGTTACCCATAGTGTTTGTTTAACTAGAGTTTGCGTTAGCGAGTTAGCGGGCGAGACCTCTTTAGGACAAACACAGGCAGTACAATCGCTTGACTAGTACGGGTCCAACAGATATGCGGGATCTTACTGTTTTACAAAGGGCAAGTCAGAGTGATCAAGCCAGCGTGAGGCCCAACCCATTTATATAGCGAGCCGCTCTCGAGTGCATGTTCGAAGGGGCCTTCGAGTTGCGAGAGCATGGGCCAGAAAGAAGTGGGCTAACGTTGACGCGGCGGCCTTCACGCATCACGCAATGGAACCGTTATGATGCACCTACACCACATAGCTCCATTGGCGCGTGATCCCGCCCTTAAACAGCTTCGGGCGTCCTTCGCGTGTGGTGTACTCGCAGCCAGGGAAATACATCTTCGTCGCAATCCACGTTGGTTGGGGAAGAAGAATGGTGGTGAATCGCCGAAGCTCTACCGCTTCGAGAACCTGCCAACGCATATGGCCGCACTAGCCGCTACCAGAGCATTCCAGTTGAACTCCAGCTGCGGTGTGCTTATCCCGTCGACCAGCAGACCATATGTCTGGTTCTAGCCCGCATCTACTTGAAGGCCTGCCATAGGTTGAGGG,1668,50.78,Drosophila melanogaster
SEQ_668060,GTCCTGCGCGGCCTAATAAGGCGACCGGAAAACCTTGGTAAGCGTCGGCCTGTTATTCCTTGCTTCTCGTATGGAACGTAATATCGGCGTTCACATTGTTCCGGGGTATAAGGTTAGAAGACAAGGGGCTATAACACATGTCTGTTATCCTCGTTCGACGCACGATTGCGATATTGTTAAAAGTAAATGTGGCCTTAACCTTGGCGCAAGCACCGTATCTGATCTTGATGTATTACCTATCATCCCTCGTAGGACATCGTATAAATGAAGTAGGATGTTGTGGGCTCACTGAGTCCCCGCAGTAGGCCAATGAAGACATACAGTTAAAATACCAATTTTGTTGCGCTGCCAGGGCAGAACAAACACCTCCCGTATTCAATTAGCACTCCACAGCTGAAACGGATGTGCGCGTCTGTAGCGTGTCTCAATATAGCGGTTCGTTAGTCTGCCGTTTCGGGACATTCCACCTTGACGATTGCATGTTAGGCTCAGCTAGTCTAGGCAATTGGTCCGGCTCGTGGGGCTCATCGTCAAACGAATCGCTGCCGAATTCTGCCACACAAACGCATAACACAATGACGGGCCCCGGCGTCTGTCCCGCCGACACGGGTGACCAAGGACCAAACATATCTGCGCGATGTCGTT,645,50.08,Drosophila melanogaster
SEQ_972034,CACTGATTCGGGTTAGGGACTGCCAGTTGGACAGACGTCGTGCGTTATCATCTCGGTAGGGGTACTAAGACTACCGAGCTGCATCAAAGTCTAGTAGAGTTAAGCAGAGATGAGTTCATCGCCCTCAAGGCTTCTAATAAAACGGCTACATATTACGGGCCTAAAAGAAGCAAGCCAGGACGCAACGGAAACGTCGAGTCGCCCGGTTTCGAGTCCCATCAGCCTTTGAAGTATTCAGCGGATGACTCGCGTTTCCACTGCGATCGTGTGTATAGGCGCATTATACTCCTCGTCTCGGCCGTGGATTCTCTGGCTCGTCCATCCTTCATAGGTCCAGGTCCATAAAGAACGTGTGATCCTTGCATAGCTGACGAAACAAGGCCAAGCACCCGAATCCCTCAGGGGATGGTAGCTGGTGTTCCCTTTCCCTCCTTTCGAGATCTAATCCTTTGCATATGCGATAATTTCATTCGTTCTATCGGCGCTAAAGTCATGTTGTACTGTCGGCTCTCATCACCGGATTCAGTAGTCCCTTTTAGAAGATTCGACCCCCGTGCTTGTTACAATCGTAGCTCGAGCTGCGGACCGGTCGGCTAGGGCTCGCTAACACGGTTCTAATCGCGGCCCGATTGACACTCTGATCGCGGTCGTGGTGCATGTGCCATGGCGCTAAGCGTAAGTGCGCCCAACCGAGTAGACTATGAGTTGCCAGTACGTCTTGGCAAACAGGTTAGGATCAAGAGTCCTTATATAGCTTAATGGTTACTGACAGTATGATCTTTTCTCGGAAATTATCCAATG,801,50.44,Mus musculus
SEQ_723521,CCATTTTCTGTAACTAATCATGCGTATGGATACGTAGACTCGCAGCGATGCAAGCGGCGAGCCGACACCCGAATCCTGTGGAGTCGACCCGGACTCCGTCGTAACCACCGCCTCGAATAACTCTGTGATTATGGCCATCTGTTTTCGGCAGCTCCTCGTCAATAATCAGGCCCCGGTCGGGCCAGATATGCTACTATAGAAATACAGTGCCCCCAACGTTTTACGAGCTGCCTGACGCTGATCAAAAGCTCCACGCCGTGTGCAAGGTGAACATACCTTCGTTAGAACGGCCCCCCTTACCCATCAAGTGGCCTCTTCTTCTCCCAGAGTAGCCGCCCGAGTAGTGCGGGATGAGAGGCCTTGCGTTGGAGGGGTGCGTCAACTTTAACTATTTACGGCTCTAGACCAGGCTTAGACGAAACGGATCTATAAGCGGACGTGGGCGAACTGCTAATGGCGAATCGGTATGAGAGC,474,54.01,Arabidopsis thaliana
SEQ_150713,ACCCTTTGTCCGCTTCAGTGCGTTTACGACGGGATCACATCGGTCAGTTTCACGCTCCTAAGGAGAACTGGACTGCTCAACGGAGGCCTCGTTCGTCGGTGTCCAAAGTTACCGTACGTGCGCTGACAAAGTTGCCACACCTCACGCCTACGGCGTGTCTCGAAGGGCTATACATTCGATAGTCTTTGACCAGAAGTTAAAGTTGTCGGGCACGCTCTGCAAAATGCTGTAGATCTCCACTAGGGCCCATCGGTCGCCGTCCGGACACTCACGCAGCGGGATGCGGGCTGACAACGCGCTCTTAAGTTGTTCCGTTCGGAATGTGGGAGCATCACACAGTCCTTGACTGAAGATAGAGATCGACGTATGGGAAATGTAGGAACCCGGTTAACTTTGCATATAATTATTTAATCCGGCCGCACCCTACCCTAGGCAATAAGCAAGTTAGTGCTACCAAGAAATCTTGGAAGGACAAGGTCGGGTCGCCCGGTTGGGCTAAAGCATAGACCAGCATGGTATGCTGTCTATCTATAGAAATGACTGCCGGCGTTGATGTTCACAATGTACAGCATGCGAGCTCCACTAGTAGATTTATCCAGGGGGTATTTTTTCGTCGACGTTGGGGTCTCGTCAATGCAGCACACCGATCTAGTTGTCCTTTCGCGGCTACTACTGGGCGTTAGCACTGCAAATTACTCGCTAGGTGCGCTAGGGCACAACCGCGTAAACCCACGCCAGAAGGTCCAGCGGATAGTATGGCATGTTCTCGCTCCGCAGAATTCATTTACGTTGCGGAATACCGTGTCTGCAATCTTTTATAGCTGATTAGCTGGAGGATCTGGTGGTAACTCGCCATCGGGCTATGGAGTGCGGACTCGAACCTGTTGCATAACTACCATGTCCCCCCACTTGAGAAGCATTTTGTGTGAGATAATAGCGTCTCTTCATCAATTACAAAGACTCGTCGCCACAGGAGGGCGAGGGGGTGCCACCTGTCGTATTACCGATACGGCTACTACGTGCCTGTCCCAAACGCGCTATGCTGTCAGTGTCTTTTGTGAGACCCAAAGCCCAGGCGGTGGATTTTTCCAGTGCATGGACGAGGCCGACTCTTAGATTGATGTAAGAGCAAGGCGCCTCACTTCCAAAACCATTCCTCGTGGCTCGTCTGGGGCCGATTAATCATCAAGCGTGGCCAGGTAGTACGCGTACACAAATTGGAGTCATGACGTGGACTTGACCGCAGGGTTAGGTGAGGCAATGTCTAGCGTTACGTGTTTCATCGAGATGCTCTCTTATAAATGCCAGAAGACATGAGTGAGTTCGCTGTTGAGTCAGCGTGAGTTGGTTTCTAGAACCGATCCCCTGGAAGAACTTACTAGTCGCTGTGTCTCTTATGACATGAGGCAGGGGCCTTACTGTGGTATAATCGACAATCCCACTACAACTTGCCTAACGATAGACTCGATTCTCTGCGCTTTGTATCGTGGATGCACTTAATCTAGTGTTTAAGTGGCGTCGGT,1523,51.02,Saccharomyces cerevisiae
SEQ_999220,GCCTGTAGAAAACGATATAGACAAGCCTACGGGATGGTGGAGACGCTTGAAACAGGACCAACCGCTCTGGGATGATTGTAGAGATTCCTCCGTCATGGCTACCACAGGGCGATTATCGATGACTCTACCCCTAAAGCTGACACAGTCCGATATCTAGAATCTTATCGCAATGCAATCGCACACTTACTTCTAGGACGCTCCACGTTGTGGATTCGTCGCTAAGACAAGCGGTTACAGCACAATACTCAAGCGTGTCCATTTCCAAAGGCCGTAGTCGACACAGCACTGGTCTATTACACCAGATTTCGCAGATAAGAGGGACGACTCTCTATGCAAATCACGATCTTCGGCCGGTATAGACCTCAGCGACACAACTCCCTGTCTCGGTATGCTCACACAGGCGACGCTAGGCTGCGAGGGAGTTGTATTGAGATAATTACACACTGAATCCGCTATTGAGTTGGGCGCATCCCTAGGGGGTCGTGCCCAACGCAAGAGTACTTACATTAACTCCAGCAACGTTTCCTGGCTGGGAACTCCATCTTACAGGTTCGGTGTGTTGATAGTAATTAACCCTTGTTCCCACTTCGAAAATTAATCATTTAACCGGGCAATAAAGGTCCAACCAGAATTCACCCTAGTTTTTCTGTGGGTAGCTGCATGCATAAGTGGCGGTCGACCCTGTGCGGGTCACAATGACCGGGAGCTAGGCACGCGTAACGTGGAAAATGGGTGTAAATTCTTTGTGACATCCATACTTAAAATTTGCCCGTCTTGCTCCCGTGAATGCGCTGTTGCCACCTTTTGCGGATAGTAGACTTGAATGTACCCATAAGAATCGGGGTGCAATCTCAGGTTGTGCGCCAGATAAACGTCACTGACCTTGCAAGGTCG,894,49.22,Saccharomyces cerevisiae
SEQ_268066,CCCCCGAAGCACTTTAACTATATAGTTTGATTGCCCCCGTTATTCGGGGGCGTGCTAGGAGTCATGTAGGACGGAAGTCGTGGCGTTTGAGAATGAAAAGAATATGCGGCGGGACCCCCTAACAATCTCGCGGGCTGTGCCCACTCACTGCCAAATGCAAGGTTCTGTGATCTCGGAAAAGCCAGTCCAGGACGTCAGATCATTCCTGACAGTGGTCTGCGACGTCAATTATCACTTCACTAATTAAAGACATCTCGCCGTCAACATAGATATTGACTATCGCCCACAGTTCCAATTCAAAGTCACAAACCCGTTAGAGGAGCGGTCCAGCCAACGATTATTCTACCGACTACACTAGATACTGGTGTCAAACCAAATGGCACACCGCCATTCGTGTGGCCGTTAAAAAATTAACTACTTAGCGTCTGTCGAAAGGTTGAAGGCTATAGTCCTCCAGGACGGCTCTCTACATCCGGCCGTGACTTCGGGGGCGATAGTTCTTGGGTAAACCGGACGCTTGTGAGTCTGCCGAGTGGACCGTGATATATAATGATTGCGAGTTGGATGTGACCCTCCCATTTGCTCATGGAGGCGACGGAACTCATCGCCAGGCACTAGAGCTAGAATTCAGACCAAGGCACCAGCGTAGTACTGAATAAGGTCCTATCTGATAGATCTATATATCCCGGTTCTGTCTAGGCCCTGACCTACGGACGAAACCTAAACAACTCGAGCGAGGAAGAGCTTGAAGTCCTTTAAGTCATTTCGAGAAGCCAGACCCAA,783,49.68,Mus musculus
SEQ_158644,AAACTGCGCTCTAGCGAGCTATTCGTGTCTCAAGCCGAGCAAGCGCCACGGGTGATAATATCCTCTTGGATGGGAGGTGTCAGCTAATGTCAAGCAGGTCCCGGGGTGGAACAAATCCTGAATGAGTATGGCGTAACGAACCTATGCGCATGCTTATAACTTCATACGTTACATGTTAAATGCCGTTTGAAACGTCCACCAGCGTCGGTTCGATTGTAGCGGTAGGAAGCCACTACTTAGACGGATGTTTAGCGAGACGGATGAGGAACGAGTTTTACAAAATCCTCACAACTACGCGGGGGAGGCGGAATGGTAAAGTGGATTCTTACAGGAAATAGGCTGACTGCACCTCATCAGACGAAAATGGGAAATTTTGAACGAACAATCCCCGGCATCGCAACTAGGCTTGACGCGGCAATGATTCACCCGGGCCAGAGCATCCGGCAACTGGACACCCAGGAGCCACCTGGAGTCCACCGCGAGTGCGCAACCATCACATCATGGAGGTGTTAAGCGTCAATCAAATGCTCTAGCCCTCTACCTAATCTTTTCATTGCCCGAGGTCAGAGATTCGGCCGGGCCAGGCTCTCTGAGGTACGTTATGCCCATAGTCGTTCCCGTTCCGAGGGCCACCTAAATGATGAGCTGACAATAACTTTTTAGTGTGGCGCTTCGCGGTGAAACAGTGACAAAGTGAAAACTAAATCGATCTTTACTGGTAAGGGATGAGAGTTGACGTCTTGCATAATCATCCGAGACTGCATTCTGAGCCAATGAGTCGTGTCAGGCCACTCAACTGTACCAGACGCATTATGGCATCAACTCACATAATTAAGGGCTTCTTCTAGGGATTTCCGCTAGCTGCCAGTAGACGTCACATCTGTTACGCAAGGAACCACACCCGACATTGTTGTTCCACGGAATATAGTGGTTCTTACGCCCAGGTAGTAGATGATATCTTCGACTCTGACATAGGTTCCATTGTGTCCCGCGTTGAAAATTGCCTTGTCTTTGGATGACAGACCTAAGGTGACACGATAGGTATCTAACCAGGGTACGAGGCACTTCGTAAAGGCAGGCCGCTTGGTAAAG,1092,49.63,Arabidopsis thaliana
SEQ_963993,TCGCCACACGCCGCGTGACCGACTAGCCTAACGCTGGATGATAAAAAAGACGCAGAGGTGAGCACTGCTATGATCCTGAACGTGAGTTGGATCCCGCTAGGCGATCCCTCACCCGCAAGCACGACCCGGACCTTTACTGACAAAGGTAGTTCCAATGCTCAACGCAGTCGCGCTAGCCACAGGAAGGGGTGATAACTTCTCGGCTACCCATTTTTGCACATACCGCACCGCAAAGGTTGCGTTCAGTCAAGGTATCCATTCATGTCTGAGAGTTACTTCAAGGATTCGCCATTCCTGGTCGACTTACTACGAGCTAATGTCCAGATACCGATGGCTTAGGCAATGAGATAAAAGCAGTAGCTTAGCTCTCGCGTACCTGAGTGCAAACGCGAATTTCCAGTCGGCGGAATCAGGACAATGTTAGATTGTGTTCTCCTGGAGCTCTTTTTTATCGTGGTGATAACTACATCGAAACGATTACCATTGTTCCGCAAATGTCAAGAGTCTATGCAATATTTTATTCAGTTAGTTTTAAGGCTTTAACATGGGCATTGTGATTGTGAAATACATGCTACCTACCAGACCTCTAGTTTAGGGATCAAATAAGCTAATTCCAGGCGCGATCTCAATACGGCCAGGACCATTAGTACCGCTGGTACTCGCAGTAGAGAACCCCTCTTAGCTGTGCATGGCAATCACATGGTGATTCCCCCCCGCCACTCGAGACCATCCCACCACAGCTACCGCACGGAAGTGCGCAGCGAGTCGTCTCGTTTGAGTAGGTCCTGGACCCCAATACAACTAGGAAGCCGGGGTCCAGGCCGGTTGACTGCTGCCCGCGACGTTGCGGAACGTAGCCAAGCTTGGACTGCACTCGGCG,880,51.02,Caenorhabditis elegans
SEQ_368149,CATACGAATGTGCCTACCTAATAAGCTATGGAACTCACATGCTCTTTTGCGCTACATGGATCGTATGCTAGTTCAAGAATCAACCCTCTTACTTGATAGCGTGTGTAAGGTCAGCATAGATCTTATGCGGTGGAAACTGTTCCTAGGGATTATCGGCTCTATAGCGTGGGGTGCTGCTTGGTACCTTTGCGTTAGGGCTGCAGACCAGACACACTTACTCCACCGGTTTATGTACGACAGTTGTAAGGTGTATAAATGATCGATGAGAATCAACTCATTTAGGCCGAGTAGTGATTGCAAGCCAGCGCAATAAGCAAGGACTTCTGAATAAGGCCGGCGATGAGATGGACTAAGCTGCCATAAAAGATTCCCTCGGGTGCACGTGTTCTGAAACGTCATCGACGTTATACATAGAACGATAGCATCCGGTCTTCACTGCTGGTCGTTGGCCCTAATTGACGTTGTACAACGATGTGGACCGCAGTATGGCATAAGCGCGCCCACGGTTCATCAACCCTCGCCTGAGCCGAACTGGTCGAGGGTACGAAGTCGCGGGATGTTTCGCCATAAAAACGGTATGTTCTATTCTAGTACAAATTTTGGACTCGCAGATACGGGCGGGGGGTACGCCAACATAGATATCCCCAAGGACGGTCGGCAGCTATTATGGAACACTTGTAATCGCTTTGTACTTGATGCCCGGAACTCACCACACCATGTGATGGCCGAAGCGCACCAATGGTCCCCGTGATCAAGCGTTACACTAACGGGGTTGCTAAGGGAAATCGCCGAGGAGGCGCCTACTACAGCTCCGTACTCCCAAGACCGGTTTGTAGAGGTACCGTCGGTGTAGGAATGTGCTTGGCATTCGTGGCGGTTGGAGGTCGGAAGAGCCCCCTATCATCCATTGTAACGGATTTCTCATAACACCGGTAGGAACAGAGGATTTTTCTCGAATACAGCATCTCTCTACATTCTAGGCCCGTAGAATGCAAACGCATGTAGCGCAGACCCAGCCGCCGGAAAGGGAAGAGCAAGTCGGTTCCATGGCTCTAAGCAAGGGAGGCTTGCAGCCCGATTGGAAGACTACATGAGCGATAGATGCCATTGTGGAAGTCCGTTATCGTGATGACATGAGACCAGGCTTACTACCTAAATACTCAGTTCGTTAACCACTGTCCTAGGTTAACGAGCCAATAGACCATAGCTTTTGGCCCGCCTCACTAATCTCGGATTCGGGACCGCACAATACCAATATGGGTGCATACCTGGCATTTTAGGTTACGATAACGCTACCATTAACAAAGTAAAGGTTTGATGTCGTGGCCGAAGGGCCTTGGTTCGGCAAAGGGCTTCGGTTGTTAGCCAAAAGGACAGTAAATTTAGTAAGTGTTCTTGCAGCACGAAGCCCGGCCGCGAATTGGGGTAGCGATTCTAGTTGTCATAGGCATGATCTTTCCACTATGCCTAGTACTATAGGCCCGCAGCGTTCCGGAAAGATCCTGAGTACAGCTGAAATGGCTAGAAAACGTCCGGTGCTGTAGCTGCGTGTTTGTCCCACGCAATCTCGGTCGTGACTACCATGATTACGCTCCAGAGCTCTGCTCATACCCCGGGACAGGCATTAAACGAACGGTTGACTGTTGGGAGTACCGAAAGTCC,1662,50.12,Saccharomyces cerevisiae
SEQ_699000,GTCCAACAGTTAATCGGACCAACGAGTGCTTGCAACATGGAAATAACTGATTGGTCCTATCCCAAACTTTACCGAGCACGAATGTCGTACACCGACCTCCTCCAGCATACAAGAGGCCCCCGGCCGTACGAGTATGACCGCGGTGGTGGTCCTACTGCATATGAATGGGGCAATAAGGGCAAACGCTATGCTCGGTCCAGGCGGTCCCGATACTGGTACTATGTACAGGCGACATGCTCCGAGAGAGTGCCACCCAGACGCGAACTAATTAGGTCTGAACCTCTGGATACCTGTAGGCCAGTTTGCAGAAATTTAGAACACACTGACTCCGCGTGACTACTATAATTTGTCGTCCACACGAACAGTCCTGACGGCACTGAGCCAAAATTTGTCTTTGCAACCGTAGGGATGTAGCGATCTGGATGGACCGTTGCCAACAGAAAAGACTCCGTCGTGCTGGTCTTTTGAGTCTACGACCCGGCCTGAGTAAAAGGTGTAGGAGCTTCGAAGCAATTCGGGACAGTCATGTACGTGTGGTCAATGTGCTTTACTCGATTCTGCTCGCTATTTATTCACCAGTCCCTCAATTAGCTCGAGAATAGTTATATATAAGCTTGTTCATCCGCCCTGGGCTTCCCACATCATATTTAGTCCGCGGTTATATTCTCTTTGAGACCGTCGTTATACGAGTGTGCCACTTGCATATAAACTATCATACTAACCCTTCTCCGAGCAGTACGTAGGTCAAGCCACGACTCCGTCACCGCCCTTTTATATCAATGGGTCATCTCCGAAGCAGCAACCCTGGTTCGGTCACCCTATTCCCGCAGCAGAGGCATAGTTGATTTATAATAGACTATTTGCTTATCGGGGGAACCGGTGCTTAACTGGGGGCATGTGAGTAATGACGAAGGTGAAATGAAGGGAGGCGAATTGAAGCTAAGTACACATAACCCACGCGCTAAAATCACAAAATGCCGTATTGCAATCTTTGTACTACCAAATGTGCAAGGCGATATTCACCACCCGATACGGGGTAGAGAAAACCGGGCGGCGGTAATGGATCATGGTAGGATAGGCGACTACTGTCTATTCATCACAAAGCCGCGAGGCTGCTTACTCACATGAATCGTGGAGTCCCCATAATTAGGAGCATTCGTATGGGTAGTAAGACGGCATCTCTAAGTTTCCAAGGAGAACGTTCGGACTAGCTGTTTAGGTGATGCCTTATTGTCACAACTAGCCGTCGTGCCGGTAACGTCTAATTTCCACTGTAGTGCATGTCTTACCACTACTCTTACTTTCGCCCCATAACTATTACCAGTGCTTAAGTGCAGCAAAGTGCACTCAGACTAACTCCCGCACGCTAGGTAAAGACACGTGTAGCGTTTCTGTCACATTTCGAGATGGTCCCTTTCAACATGCTACCGACGTTGCGGGCCGTAATAGGCCCGATTTAACACAACCGTGGCTAGACATACCATAGAGGCGAAAGTAGTCGTTTTAATCTCTGGGTCGGTGAATCGAATATTTTTTCTATAGTCAACATATACGAAATCCAAACGCATCAAACGCTTAGCTGCGTCTTGCTTGCCTGTAGCTTTACGTCCAGAGTGGATTGTAGCAAGATGGGGCTAT,1638,48.23,Caenorhabditis elegans
SEQ_698774,GGTGCATTAAATTTGGACGCTCTGCTTTGGCAGGACAGTGAGAAGCTTTGCAATCTACTATGATACCGATGCGCTGGGAGCCGCTCGTGTCTCCTACACCACATGCCCGAAGATTCTACTAAGATTTATGCTAGGCCACCGAACCATCGGCTATCTACGCAGTGTGGGTCTCGAAAGTTCCCATCCCTATCGAACCGTCCCCATTCCGGAAGATGGGTAGCACCTGTTTTCTACAAGCTAACTTTCCCGTTATTATTTGATAGGCGTCAGTGCAAAACTATTCGCCAACAACACGACTTAAATGCCTCCTGAAGGTTGTCAAGCCGGCATATGCTCCCGTTGAGTTGCCATCATGTGGCGGAGGTATGCGCCTTAAATCAAGTTCTCGATGTGAACATGCCGCGCGCGCAGCCAGCCGCCCACACCAATGGCGCCGCGAGTATGTTGTAGTCGACACGGCGCCGCATTTCAAAATAAGTGGATGCGTCAACAAAGCTGATGCATTTGTTTTCTACCTTGTATCGCCTTCCCCGCAGTGCGGACGCGTTGACTGCGGCGGAACCCGGGCGCGCTCGCCCAACAGTGAAGTCGCGAGAACCAACCTCAAGATAAAGCAATTTGTGTTTCCTTAATTCTACACTAATATATGTGGTGGGCTCGCCTATCTCAGGAGGAGTATTGGTCAAAGGGAGTAACCAGCTCCGTTTTCTGTGTAATCAGTACCCGGAAACGGCGAGCTGGATACTAATTCCCGGTCGACTCACACTCTAAGACCATGCGGGCTCAGAAACGGAAACTAGGCAGACTTGAACTACCATGTCGACGCAGAGCGACCTTGGAAGCATATCTTTGGGCGGTTGTTAATGATTGCAACGAATCCCTACTTCAGCGTACCCGAGAATTTCAACGCGCGCAGCAATCTGAGGCTCACGGAAGTTCACGTTAACGTATTTACCGTGCAGGTCGTTTAAAAGCTATGGCAGGACTTTACCACACGAGGTGCGCGGTCCCTGTTACGTTGGACATCTAAGAGGTGAGTGTCATTGGCGTCAAGCCTATAAGTTCCAATGATCCACAGCGATCTCCTAACCGCCGTCACGTTGGGTGCCTAGTAGATGACCTTACGTGAAATAGATGCTTTGCACATCCCGCAGTGAAGAGTGCCTGTATAATAGGCTTGGATCCAAGCGAGCACCGGATCCGGTGTGCGCCACGATCTGGCTG,1224,51.39,Homo sapiens
SEQ_548591,AGCCGAGCAAAGATCAGTGTCGGTCGCCTGTCCCCTCTCTGATATCTATTAACTAGTAGGGTTTGTTCCCGTCCGTACTGCTGCACAGATGTAAAGAAATCCTACACTCTCCATGGAATTAAATGCGGGATCTCTGAGTGATACGTCTCTGAATAATGGAAAAGTAAGACGGTTTCCGTTCCAGTTTGAAATCGAGCGAGCGTCCTTCGCGATTGGCGAGAAAGTATTGGTACCAACCCCATCAAGTTCTCACACTGCCCGAGACAATACCTTAGATACTACTGGCACTTCTTTCCACCCTCTGGCAACATCGTCAGTTGGAATGCCCTATATCGCGGTGCGAAATCACGCGGACAAAAGTGCGTGGAGGGTCATACTTGACGTGGTCGCTTACTCTGACACTATTGATACGGAGGGGAGTGTCCGCTACCCCACTTGAGCTGCCTATTGAAGCTGTGTCCTAGATTGAAACACGCATTTGTAATTAGATTATCAAACGATCGGTTCAGGGACGCCGACTGTACCTATAAACGCTGTCTTAGGGAACTTCTCCTACTGGAGCTTGACGACCGGGGGAGCGATGTACGGATGGTGGTGAAGGGAAATTCCATGTCTCTAGCAGATGTCTTGAAATTTTATATGTTTTGTCAGTAAAGCCGATCTTGCTGGTCAATAGAACCAACTTTAGCAGGACAAGTTCTGTCCTTCGCTATTTGACGCCGCGGAAGGTCGGTTGCGGCTGAGAAGAACGATCCACTAATGCGCGGATTCTGCCTGGGGCGTCACTGCGTATCAAGTAGATTACTCTAGGGAAATCGTGTCGTAACGGGTCCAGTCTGGCCCGCCGGGTATCCATATCTTTGTCGTAACTGGGTTTGAACTCTCTTATGGATTGGGCACAGGAGAGTTGGGAGAGGTACTTTGCGCTGGAACCTCCAATTATGTTGCTCGTGAAGGCTCCTGTGTCTGTATCCTCATCTACTGCCACACGGACGCTTACCTCCCACTTTAAGTCCGTGACGGGAGTTGTTTCGGGTAATGTGTTAGGGGAGGTGTGTAGTAGAGCCTGTCAAGCTACCTCGTACCTCCAATATGCATGACGTGTGACTGCGTACGCTAGGTGAACTGTGTCAAAGGAAACCGAGACAGCGTTTGTAGCAGGTCTAATGACATAGGACAGCATAGATGGAAGTATTGCGTTCAGTTGCTGTCATAAGATAGGCGTCGTTGCAGGCGAGATGTTCTACCCACTTAACTATATATTAGAAGCCAGACATTGATAAATTGGCTAGGAGTAAGGGAAACACAGAGTGTTTACAACCGACGACCGCAGAAGATCCCATCCCCCATAGGGGTGACGAGAAGACCGGACCAGAAATTTAAAGACTACATGTCCCTAAGCAGCCGATCATCTTATGCTGACATGGAGCCATCGAACGGACTACCAGGAGCACTTCTATACCTCCTCTGGGTACGGTGTCTTCCCGGATCCCTCAGCCGATCGTATCAGGGTTTACAGAAGTTTAGCACCGGTGTTACCAGCGATTTTGCCCCCCAGGATTGGGTTTGGCTGATCCTGGCGCCCCTCCAAGCTGCGTTGTGACCAAGAGCGCATTTTCCCCCATTGCGTAAACCGCCTCGCACTCCCTTGCACTACCTCTTCCTACCGAAAAGGCTCAGCGCCTGGTCAACAGGCACCGGGCGACCGGGGGATACTTCCTGTTGGCATATGCATCTCTAAAACGCCCCGTAGAGGTGCATACGGTCGCGCTCTCTTCGACGTTAGTAGCCG,1792,50.45,Mus musculus
SEQ_423677,CAGACAAGTACTCGTAGAATGCGGCTACGCGCTTCTGATTATCCCAGCGCGGCTTAAACAGAGTGTAAGTCGGGAGCTGACTGTCGTGCCAAGACAATTCGTTGCAGTACACCCAAACTCTGGTGGAGC,129,52.71,Homo sapiens
SEQ_935149,CGGAGATGTAAAGTATATGGCTAAAAGCTCCCCTCGTCCGTTGTGCAGTCTGGCGCAAGGTCGTATTCCGGACTCACAATTCCCGCCATTGACGATCATTATTTGACTCGGCCTGTCGAGTGCCTAT,127,51.18,Caenorhabditis elegans
SEQ_281362,CTCCGCCCGTGACCAAAATGTACTGACTCTGTGAATAGACTCCAAACTTAGAGACGCGGCCGAACCTACTAAAAACGATTGTCTTCATCGCACCAGAAGGGACCCTAGAAGCACGACTCCCCTTCTTTTGCTGAATAACAAAA,143,47.55,Arabidopsis thaliana
SEQ_489481,AACTGCAAGTTTAACCTTACAACGAGGGGGATGTAATTCCTAAAATGGATTCCCCAAATGAGCAGAATCAAACATGGAGGAACTCCCGCAAAACCGATCCGCCACATGTGCTCTATCAGGGGTGAGTCTCGTACGTAAGTGCTCGCGCCGTGATTCTAGACGTCGCCGGCTGGGACCAGGTGGAATCAGTCTGGAACCAGCGGCGCGTCGGTATGACAGACCCCCCATAAATTATTTACAGCGCCACCACCACCTCGCCGGCTTGCTATGGATCGCTGGAGCCACAACACTGGCTATCGTTCGTGGGTTGAGGCTCGTTGTTTTAGTTTAAACTGCAGTAGACCCGTGTTAAACCGATCGGGTCCGACACGCAACATTTAGCAGGAGCCCGCCTTGGGCCCTTCTCCAACGGTTGGCAAGGCAAAAAAATCTAAGAAAAATCTCTCGGCACATTTATGTCAACGCGGCGCACTTGCGTGTATTCCATCCCACGATTAGAAGCCTCTCATAACAGTACGTTTCGGGTTGGGGTGCACTAATCCCGACTAATGAAACGCAGATTCTGTCATTGGAACAAAGGACTGACAAGGTGAGACCCCGTCACGTAGGCGTGATTGCCTTGGCCTCTGTAGAGCTAGCTTGGAAGCAGTCAAAAAGATATTGCCCTTGGGTCTAAAATAGGAATTGACCCCTGAGAGCAAGGCTTCAGATTGGCCACCTTCACCGAGTGCGCAAAAATTAGAGTAGAACACCTAGGCCTTTATCTATGGGGAGAAGAAGACTTTACTCGTCACAAGCAGAATGGCAAATGGCAGACTCTACGAAGTGGGGCATTGCTAATCGGCCATCTCCAGGGTCGCAGTTAAGTTACCATCCAAAGCCGCTGGAGACTGATTCTTCTACTCGTAGTAGAGTTCCTACGCTTTTAGGCAACTACTGAGCCAGGTGCCGAAGGCTAAAGTCGGGAAATAGGAATATAAGGATAGTCAAACTGGAAGGACTAAACCCAGAAGGCGTCGTGGAGACTTCCCGAGCCACGAATTCTTGCTCGCGCCCACGTGGATTGACGGTGCACGAGAAGTGACCAAAGAGGCTATCCCGCGAACAACGTACTTGGGCGGCCGGCCCATAGAGACGTTGAACTAGTTGCTAACTGGTGCGTAAGACGTCCTTGTAATTGAGTGTCACCTCTACTGCTCCGGCGCCTTACTTAAATGTACGTCCAGTGTCAACTATTTGTTGTCTATTGAGGCTACATCCCCTTGACGGGAATGCATAGGGTGCAGGGTTTCTTCCAGCCTGCCACTAAGGTATATTCGGGGCATACAAGATACTTCTGGGTAACAACTTTGGATGTCTGTCTCAGAAGGCACGTCTAAGAGTGATGGTTATGGACGTGGAATGCAGAGCATGATGAGGCTAGTGCTGGACCTAGTTATCCTTAGTATGCGGCTTAGCATCTCGTTATTGATCATTTTTCTACTAATTGCGACGTATCTACCCCTTAGCGTAATAGGGCCAGCAGCTTTTAATAGTAGCGATCATCAAAGGGATGAAAGATAGCCATAATACTAACGGCCAAATATTGTAAGAAGCTCTCGCAGTTTTCACGCATCTGGGAAGGTCGACCACTCACCGCACAACAGGTATCGCGAATAACCACCCGTCGCAAACTCGATTTGTAGCCG,1688,49.64,Drosophila melanogaster
SEQ_603346,CCTAGACCAATCCGCAGATCATTCATACCAGCTTTATGCCAATACTACTAGTTGTCTTAGCACGGTCTTGGAGGCAGATGTTCCAAAAAGGATAAGGCGCATCTTGGAGAGATAAGTAGGATTCGTTGATTTTTTAATTGTGAAGCCTTGCTAGGGGCGTGGGGTCTCCACTGTAAGACCCACCCTGCTCTCCATAGTATACCAAGTCTTGGAGGAAGTGCCATAACGATAAAAGGACATAGGTTCACGCGTCATTTGCTCCCTCGTGCACAAGGCTGAGGCCCGGTGGTCAAATACAGGATGAATGATAAGGCGCCGCCCGTGGCCAAGTCTATTGAGCTCACTTATTACTGACCTTCGGTCCTCTTGCCAAGTGTTGACAGGACCAGTACTGTATCGAGAAGATCTTATTTCTGGAGACGGACTAGTGCGTTTTTAGCAACTACAGTTCGTAGTTCTATACATGGTTTATAAGCGATAGAAGACCAGTCGCGGCCGTGACGGAAAAGCTGGCTCATACGAGAGAGTAGCGATGTAGGGAAGTAAAGGCGGTTCTGTATATGCATTCGCCGTCAGAATATGAACAGACGTTGGAGATAACGTCATCTGCCATCTAAATTGGAGGGATTGCTGTATGCGATCGTAAAATCCGGGCTAGACAGCTTTGATGTGTTACTCTCGAACATGAGAGTGAGTGTGTGTGTTTTCTAGCGTAGAAGACACGTAAGAGTCCCTAGATGGAGACTGAGACGTATTAACCATGTCAATGGGCGTTGCGGTACACCGCCCTTGACTATCGCGCCAAGACCATTACCTAGAGTGCACCTTTGTAGCGCGCACTCCTTAACGCTCACGGTGACGTGTGGAGATATGAGCGGTCACGAAATCCTCGGGCAGGGCGCTGGCTGTCGAAATATAACTGTGGAGTGACAATCGTCCCGCAGAAAAACCGCAAGCCCAGTCACTGCCGGTGGTAAGGCGACACCCTCAACAGTGCCTCACAACTTTTATACGCGGTGGCTTTCGTTTAAACAGCTAAATCTACGTGAATCTTCTAGGCGATACTACGTGTTCCTCACCGAGCCCTCCCGTACGGCGGGTAACATTTGGTGGTAGCGACTTGCTAGCGCCGAACTAATTCTCTCATCCAGCCCCAGGATTCACTGCCTACCTCAGCGGATCTAACTGTGGCGGACGGAGGCTACATTGTGCGAGACCGCAGTAGCGTCGCCGAGGCGCTAGGCCCAGCGTTTACCCGCATCAGTAAGTAACTGTACTTAATACTGCCTATTCGGATCCGGAATGCACCCTTAACGCATCAACAAGACCGACTAGCTGGGAGCGTTGTGCCACTGCCAATTTATATGACAGCCATTATGGCGCGAATCTTTATGCTGAGATTAATACATCATCTAATTTATGATGAAGGGAAATACAGCCGACTCATGGATGAACTAACGGGGGTATCGGTAGTTCAAACATCAACGGTATTTGTCCACGCCGGGTTCCGCGTTCTGGCGATAGTTAGAGCCTACTCTGAGTCTAGTAAAAGAGACACACACAGTGAGCGACGCACTATTTAGTTATCAATAATGATCATGTAATACCATATCGCCGGAAGGATTATAAGATCTCCCCTAGTGTCATAATTCGGATCGATAGGGATTGAGCTCTCAAGACGGACTTGCGCCACACGCAAACCTTGCTGTCA,1711,48.98,Caenorhabditis elegans
SEQ_302304,CCATCTACGGAGCCCGGAGTGAGCACGTAGGATCCCGTGACGCACGCTGTGGTTATTAGCAACTTCCAACCTAGAGACAACTGGATGTATTTGCCACCCTGGAACTACGGGCACCTCGAGAGCGGCTCGATTGAGCGTATGTAAGAAGTAGATCATGGACCAGCGTATGATCACAGATAACACGCGGCTTATATCGACCTCCTTTCACCCGACATTACTACTCATCAGTACCCTCCGCTATGGCGACATACAGGGTCATTACATAGATGCTCCGCGAGAGGGTCCTTAATTCGTTTCAACCTAGTCGGAAACTACCTATCGTAGGTTAAATTCACCCTGCGTTTGTTACGTGTCAAGTTACTTGTACGCGGGCGAAGGGCGCCACGTGCGTGTATGTCAAATTCGCACACGGGCATTGGTTCGCGATCGTTGTGTACGTGTCTTATCTGTTTACGGTGTTTATTTCTAGCTCGTAGTCTGGCAATGACGCCAACGCTTGTAATGGTCCTTGCTGTCTGTTTTACTGAGGTCGCCTCCACAACCCCCTAGTTCCGGACTTTACGCAGCGTGTTATAGCGTATCCAGGGATCCACGTTCAAGTATTCACTACGTGCCGAATAGGATTTTAGAGGGCCAACTTCCCAGACAAGGTGGTGGGTCCAAGGTCGGCCTTGATCTGTCATATCGAAACAACCGTGACGTGCAGCGGTAATTGTTAGGCGGATTGGGGTTCTTTGTCTTGTACTTTGGCAGTGAGCTAGCTTTTATGATTCGTCGGTGTAATATAGTTGAGGACGGACGTGGCTATCCATGCCACCTATCAATGAAATTGTAACGCTAAACCGTTGCAGTCAACGATTCAGTTTACAAACCCGTGATTCCCCACGCTATCTGACATAAAATATCTTAACGATACACGCCTAACATCCCCTGGTATTCCGCTGAGGAAAATACACTTTACTGGTTCGGCTTGTAAGCGGGGCATCTCTGACCGGGCCTCTGTCATGGTGGCCGCTGATAACTGAGGAAGCCGGTCCGACCCAAGGTCGCCATCGGGTTGATAGAAGAGAAGGTATAACCTCCTCTAGAGCGCTTCGTGGACATAATATGGGGGGAGGGGCTTTGGTCCAGAGATACGGAGCACGGTCACGATATTGGGATGTCCAGTCGTTCATAATTTGGGGAAACGGACATTAAGTCCCGTTTGATAGTGTGTATCTCATGCGCCCCCGTGTGAGACGGACCTTACAACTAAGTGTGCCAGCTATAACATATCCGTTACTTTCCACGCGAATGTTCGGGACAGACAGATTGCATGAATGTGTCCCGAATACCCTACCCCATCAGGGTTCCCTTCGGCTCCTAAGGCACGCTTCAACGTGTCCTCCGGCGGAGGCCAATCGCGGGTTTCCAGATCATCCGTCCACCGCCCTACAACCGTAAGGGAGGGTACATTCCCGCTAGCTCTCCTATAATCCACGAACAGACGAAGTTCTATGCAAAACATTGGCTACCTACGCTCAATTTGGGTTATTCAGTTTAGGATAGTCATTAGACATATGGGGCGTTGAACTCCGGAGCCCGCCGTAGCGATGTCTGATCTAGAGGGTTAGTCGTGATGATCAACACGGAGAGCTACGCATGAAAACATGATAGGAATGGGATGGTACGCTGGAGAGCCTCGTCCTG,1689,50.44,Escherichia coli
SEQ_934157,CGTGGGGGATAGTGTTAGACTTTAGGTATAATAGGATACTGGCATAAAGCGGACGGCCCGAGCCTTTTTAGCACTACTGTGTGAATGCAAAATGAATTCTACCTTATTACCGCAGACCTAAAATTATTAGACGGTAACAGCATAGTACGTAGTGATCAAGCTCCGCCCTTTATGCTCTACTGGGACCTGACCGTGCATTCCCAAATTGTAACCTTGGTAGGCAGGGGTCGGTGAAGATGGATCCTTAAGGTGATCCTGTTATGGGGCTAGTGTAAACCATGTACAGCCAGCTCTTTACACATTCTATTAAGGTAACAATTGACCTGGTGTCTACTGTAGTGTACTCACGTATTTGCCCGAACGTATTCTATGAAGTAGGGAACTGGCGGGTCTGTGTCCGGAGTACTGCTACTGAGCTATACCCCTGGCATAGTCTCCTAACTTGTTGGGTGTTGATCGTGTGTCCATCACTCGTCGACGGTCATGAGAAGTCTTACCTAATACTAGCCCCCTTTGAGCAAGCTCCTTAGGAACAGCTTTCGATGTCTCCGTTGAGAGTTAAGCATGCCACAGTTGTAATCGAAAGGATTACACGTGGCAGACCACATTTAGGCGACCTTAGGCATTTTAATGCCTTGCTTTTTCTGTTGATTTCCGACAGTTCCACCTTCCTACCCGGGTAGGTCAGATTCCCGAACCCTCGCCACATCTAACGTTCGGATTAACGCGGATCATGGCGCGCGTAGAATTTTATGTCTTCACCAAAGGCTGTTGTCGTGTAAATCTCTGGTCGCGCTCGCACGGCTATGCTTTACTGCATATTATTGACTTTCATATAGGTGGCTGAACCGATCCACCTTCAATGTCCTAGCCTGTTCAATAACACAGATAACGTAAAGCGCTTGACAGCTTAGGGCCTTCAACGCAGCAAGGAGACAAGTTCATAACCTGTTCTGAGAGTTATGTTTCAGACCAGACAGATCGGAAGTAAGCAACATAATTGGTGCATCCCACGTCGTGTCACATCGTACCAAACGACGTAGATGATGCTGGCAAACAAAATCTAGCGTCTGGGAACACACAATCACGAAGGTGAATAACGACAACTTACCCAGTGAAGCGTCCTGGTCCCACTAGATCTGTTATGCCGACTCTGTCAATCTTAACTCCCCCCCTCTATTCGATATCGTAGTGTAATGCGCCTCGCATAGGTGCATTCTAATGTCAAGCGCGAGACGCGCTCGATTTATCTCTGCCGCGTCCAAAGGTGTCACGCGTACACGCGGCCCAGCGTACGAGGCGGGCTGCTGGACCAATCTAACCTCTGGCACATAGCATACATACGACCACATTACATCCTAGATCCCCCCGAAAAGGGAAAATGAAGCGTAAACATTCCCTAGCGGCTCAGTTCTGCTCATCAACAATCTTTGCTGAGGTATCTATGAGCCACGCCTCGTCACTAAC,1467,47.92,Escherichia coli
SEQ_292590,CAAGCATGGTAATAACACCGACTCCCATCGTCATATGTGCTTAGTTGTTCTCCGTCAAATATGGGGCCTTAGGACTAGGGTAATGCGTGATTATCTGGCTGTTGTATGAACCGTTATACCTGATTCTCCGCTTTAACAAGATTTGTATATTACTTACGATCCCTGCCATACACAGCTCCATCTAGGAGGCCAACTGCAGGCCCTACCTTTGGACGTTGGGTCGGTGTTACTAAGTCCAAGTGAGAAAGTTCTAACCAGCTATATTCTTAGCCGGCAACGAATTTACACACATCCATGGCGGAAACAAGACCGCACACGGACTAACCGGTAGCTTACCTGGTTGAGTTGACGATGGGGACCAGGAAGTATTCCTCGAGCTCGCAGTTCGAAAGACGTCCGGCAAACTCAATGGAGCACCCTTGCACTAACAGCTTGTCAGACGTTATATTGCATATATGTGTGATGGGCTACGAATTCGAATCCGTCACCTTCCACGCTTCTGTAGAACGGCCTTAAACATTAACATGTCCAT,532,46.99,Homo sapiens
SEQ_821008,AGGAATTAATATGAGTATCCTGAGACGACGGGGTGTCACTAGTTACTCGTCGCCAACACTATCGCTTGGTTCGAGGGCTCAAAACTTGCCATTAATTCAAACCCCCAGTGAGCTACCATTATATCCCAGTAGCCTGGCGCAAATTCCTTATAACTTTATTGAGAGTAACTAACTAATGCGTTCATGAATTGGGGACCTAGGCCCCTACTGCTGAACTAGGTCTCTAAGTCGATTATCTCAAAAGCGCGACGGGAATGTCTTATAGTGCGATTTAAGCGACGAGGGTAGTACCCCTGATACCAGTCTTTACGTCACTCGGGTGCGCGGGACGGTGGCAAAGAAGTGTGTAACATTTGTCCCGCTAATGGAGGGTCAGGCGTGGGTCCAGATTTATCCCTTTCCGGACGCATA,411,48.18,Caenorhabditis elegans
SEQ_586646,AGCTAACTTCCAGAAGCCAACCGGACAGCCCAAAAAGTGTATTGTTCGAGTCGTACCTCGACCATAGAGCAGCCTGTCCTTTGTACAAGCATTGAATGACCGAATACTGCAGAAGGGCAGATGTGGCTAAAGGCCCCGGGGCCTTTGCAGGCATCCTCATCACCCGAAAAAGATGCTATGCACGGTTAAGAATCGAGTTTTGACACAGGGGGGCTGCACTGGTGCTAACGACATACATCAGGAGACGTCTGTAAGGACGCCGCCTTATGTTTTATATAGGTTCTGCTAAGGTAATTCTAAGCAGAATCCTCATTCGCTAGAAGTATCAAACAGTACACGAGTCAGTGTTTGATCGTTTTTATGGGCAGTGCGAAGGGAAGTAGTCTCACAGGATGAGCATACATGTCAACGTACATACTGACCGTCCACACCCTGTCTACAGTCTATTAGTAGTTCGGAGTCGATTGCGAGGAATTACAGACATAATATATTTAGTCATTATCCTTGGGCATTACTCAACTCTAGGCGTCAACTAGTCATTGTGCTTATCATCAGATTGGAAGTCGCTTAAGCCACGAAGCTGGATAGATTAAGTCGTCGCACAAAAATTACGACAGCGGGCAATGAAAGCGTTATTATTTCGTAGTGGGAATGGGCCTAATCCCTTTCCTCCCTAGCTGGTCTAAATGCTGTTGGTTACTGGACAAGTGTGACGTTTGTGCTCATGAGGTATCATGAGAAAATGTCGTTTAGATTGCCAAAACTAAGGGCCTCTCGAACATGGGGGTTGCCGGGTTGGTGCTGCAACATCAGGGGCTCGGCATCCCACCCCGCCAGCCGTCAGTAAGGACTCTAGAAAGCTTACCCACTAGCACGCTTAGACCGGAGGAACAATAAATAGTACCTTTCCGATCCGCATCATATCTTGAAGATTATTCCACCCGCCTCAGTTAAAGGTTCACACGCTCCGACTTTAGTTAAATCAGGCCTGTGGCTGGAGCCTAGAGTTCACGAAGTATCGACACCCTTGCAATCCATCAGTAGAACCAGAGGTTTTCAAGCTAGGGGTGGATTACCTTAAATAGTATAGTTCCAGTCTCGCCTGGCACGCTGTTGA,1117,47.27,Escherichia coli
SEQ_570483,AAAAAAGTAGACTCATCACGTCGGAGATGTTTCTTACACGCCGGCGGATTCCCCTGTCGGAGGCTGCGTTATCGGTACCAGCCAGGTAGGATACCGTAGGACTTGTCCCTAACGCTTGGATGAACAACATCACTTAGAGCTGATAGTTATTAGTTAAACTGGAGACGAGTTTCAGGTTACCAACTGGGGTTACCATGCGGTGATGGTGCTTAGCTACTCCGTTAATCTTTTACC,234,47.86,Homo sapiens
SEQ_353623,TGTCGAGGGTACGTGTCCAGGACTCCTTTTAGCAAATACGAGAAAGATCAGGAGGAGACGGCGCACGGGCCCGATGAGCTTAAATTGGTACCGCATCTGGGCTGGCCGCACATGCACCTTAGCTTCCCAAGAGTCGATTAGGATATCGGAGAGTTAGGTAGGACTCAGCTCTCGCGATACTA,182,53.3,Arabidopsis thaliana
SEQ_530482,CGTGGGTGGTCATATGCTGCTCTAAGCCATCCATGCCCGAAGTAACTATGATTATAGGATGTTCATAGGTGCCAGTGCCTACGAAGAAGCGACTTGATCTGATACCTAGTCAGACTTCGCCAGCAGACCTTTGGGAATCTCAAGTCGGACTGGGAAGGTTACCACAGACATGCCGATTGTTTCAAGCTATCAGAGCGGGCCCCGATTGTAGTACAATCCCCATTCGGCGTTATACTCGCGCTTCTACCCCTCGTGTGTTGAAGAGGAATCGCCCCGCGTTGCTTGCAATACCCAGTTTGATAGGCCCTCCGAAAATTAAATCCCGCACGAACAGAAATGGCGTGGTAGTCTCATCCTTACTCCGTATGGCGCAGTACGAACAACCCATGTTTTTCTTTTACTGAACGTCTTCTCTTGCGTCGCCTGACCGCGTGGTATTATTCGTCCGCGTTATTCCACCTATCATACCGGAGGCTACTACAGCTTTTAACAATGACCGCTTCACGGAGAGGTCAAGGACTGGACTAGTGAATAAGCAACGCGCCAATTCCCATGGACTGATGTCTTGATGCGCCAGGAAGTGCAATTTATTCTGCCAACCGAGGTGTAAAGCCCGTGCCGCGCCGTGGTTCCGCCTTGAGGGCGATCTAAGGATTTAAGATCACGGACTGGTAAGCTGTGTTGTGCGCGTCATCCGGCCATCAAAGGTGCAGATGGTCCAGAATTTGTGGCCGTAGGGCTACATTAAATTTATCCGAGGTGGC,764,50.92,Drosophila melanogaster
SEQ_383907,GAATGGTTGCCAGGTGGAGTCCACAGCAAGTATAATCAGATAAGGGAGGTAGGAATTGAAGGACTATGTAGCCACTGAAGTTGTTGATCTACGAATCGTTACACCCTCCTATCGCGACAGGTTTACATTCCAGGCTCGTCGAAGCGCGGATCATAGTCATTAGGACAGCATTCGCAATCTCTATAAATATGGTACATTAAAGTTCCCTCTGTTCGCCGAAAGTTGACGGCGAGGGTTGGTGCCCGTCCGCATGCTTCAGACCACGCTGAGAGCCTATTCGCTAGGGCTTTAAATGAGGGCGCCCCCTGATCTTCTACCATGCTCTACGCGCGTACAAAACCAGCCCCGGCCTGCCTCGGGAGTCGGTAGCCTGATCTCTTCATGTCTTTGCTTTCTCACAGGCGCCGTTTCCGGCTCGCAGGACTTGCGTCCGGTCTGGCACCTATAGGGCGGCCAAGGCTCCTGTTTAGTGCGTTTTTCCTTGCTCAAGACCCTGCAGTCCTGACTCCGGCCGGACACTATCCCAAACGGGGGGATTATTGCCCTCGGTCCTTAGCAGGTAGTACTCCCCGGAGTGTCATAAGTCTCCACCTACGCGGCATATGCTAAGACTGTAACACGTTGAATTCAGTAAGTAACATCTATTAATGGTGGTATCGTTATAATTTTAACTTAATTAGTCAAGAAACTCCTGGGCCACTGTGAGGGTGCATCCAACATTGCTTTTCCTACATGAACCTGAGCCGGTTGGCCCCGTAGCGTCCGATCCAGTAGGTGCGGTTCGTCCGTGCAGCCGGAGGTCAAACGCGCAGGCCTAATATGGGTGAAGCACCGGACCGGATCGTGTATGAGGCTAACAGACATCCGTGTGCGCGTGATGGGCCTTCTGTAGTGAAATTCTAAAGGGCCCATAGGTCTCTATCGTCCGGAGGAACGTTCTCCATCGCCTTATGAACACTCACCTCCTATCAGTGCGTCTATTTTACTGTCCTCTGGTCGGCAGGTGTACTTTTTCAAGAATTCATCCCACGCGAGCCGAAACTAAACTGCGCGGTAGTGATTCGGCGTGGGCGGGATTTCGTCTCGGGCCAAGGGTACTTGTTGTTCCTGGTCCTAGGTCCCTAAGC,1127,52.53,Homo sapiens
SEQ_917828,ACGAGAAAAATTGTTGTTCCACATAGCCTACATGGGCCTACTGCACCTGTCATTTCTCGACAATAGATCACGTGCGGGGATTATTTTTAATCTGTGCTACTACCGTAGCTAACTGGGTATGCTCGAGGATCTCACTAAAGTTGAGAGATTGGTCTCGTGTGGTCGCCACGTTTAATTTACCCGCAGTGGACAGTACGGTGTCGAAGTGCCTTTAATAGGATTGATTGGTAACCGGGTTTGCAGCATCAGGTAATTTCTTTCAGACTCTTCGGCGCGAGTACGGGGAGGGTGCACCTGCGCGATGTTCTGATATCCGAAGTTGCTGGACGCTGCGAAGGGAACGTGACAGTTATCCCTGACCCTGATTAATAAATAACCTCTGTAGTTTTCGAATAACTTCTAGATGGGAGTTGTTCCACTCTCCTCGAAATGCTTAGAAGTCTAGGCTGCAGCTTGAGGGCCCGTCGACAAATACTAGTAGGTGCATCGGGACCCACTCAAGGGTCCCTGACCAAGGCTCTGGTGGAAAACGCACACTTTGGGCCAGAGGTCCGGCCGAGCGCAGCTCCGTACCACTCGGGCTCGCCGCGTTGTGTTGGTCTTAATGTTTTCTATGACATCTGACCCATTTCCAAGAAACTACGCGATAGGAGAACGACAATGATCGATTATGTATCCCGAGACCTCCAAGAGTTCGCGATATGGCCCGATGAGAGTCTTGAGCGAATCGTCTCACACGCTGCTAAACAACCTCGTACGATGAGATCTTGGTTTTCTCGTGCTAGACAAGTCCCAGAGACTGTAAAGATCTCAGGACCCTGTAGGCATGCACGTGGTGTCATTGCACACTTGCTGTACACAAGCGTCCGTTATTGCACTTGCAAGTGTAAACTATTGGAACCTATGCCGCAGGGCGAGGTGACGCCCATTGAGGAGGCAGAGATCCGAATAAGCGTGTGGTTTTCCGAGTTCTCTGCGGGTTGCCTCCCAGACAACTCCGGAAATTTCTCCTGTTTGCATACTTCGTCGATGGTTCGTGGAGAGCTAATGAGAGAATGTTCGTCGATACCCCCCTAAAATCATAGCAGATAGCAAAGGTAGTGTACTTCCTTCTTTTAACTCCGGGGAATGTACTTCGCTGAATGTCGTACGTTTAGCCCTCGTCGCTGCAGTGTGGGTCGAGCAAGAAAGCAGGTCGGG,1200,50.0,Saccharomyces cerevisiae
SEQ_104552,GTCCTTCAGCGCAGCGGCTAGTGCGCTCTGGTCGACCCCTATCGACATAAAGTTAGCGCGTTTGTGCATAGGAATAGGGACCTCTATTTTCGATCGCCGTCTGTTAATTAGCGGTTTCCACGTACGATAACGTGTATGCGCGAACAATACCAGAGCAAACTTGAGCATGCAG,172,50.58,Homo sapiens
SEQ_844703,TCGCCGGGATCACGGTACTTAAGCCTGGGGCGATGTCGCGCTCTCGCACCAACGCTTATTGCGGTAAAACCTCAGTTAATCTGAAGGAATATATCGAGCGCCTCCAGTTGATATTAACGGTTCGCCCCGGCAGCACAGTGTTTAGAATTGCTCCTCCGACGGTGCTGGCAAACTTACGAAAGCTCCACGGATCCACATCTGAGCTAAGTAGCCAGAGTGTCAGGGTTTGTACCGCAGATTAGCTGTTCTCGGCTTTTGATACGTAACGTTACTAGCTGGCACCAACATTAACTTACATCTGGTAGGAAAGGCTTTGAACAGGGATCCGCTTGTTCAGGTACCGGCTATGGACTGGCGGGAGTTCACCCACCTTGCAGGTGGATTTACATGAAGCGCAGGCCCCAAAATTACCTCGAGTAAAGATCCACGGCCTCGTCGTCAAGTCATGTTTGCCATCTAGTAAGATTGGTAGCCGTTAGTCGCTCACTACCGCGACCTTATTGCC,505,51.29,Mus musculus
SEQ_826065,CGCAGGTGACCCAAAACCAGAAGTAACAACTCTAATGTTAATATAGTGTGGACCGCTGGCGATCTGTAGTCATCTCCTCTTCTGTACATCGCACCGCTATACTAGGAATGACCACTCAAACGCCACTTTTTGGTCCTGCTCGCCAGGTGGAAACCTCCAGCCCGTCCCCAAACCGTATACCCTGTTTTCCCACGCAAACCCTGGCGGGTTCTCGACATGAAAATCCCAAAGACGAAACTTGGGAGCACTTCTCTCAAGTCTGACCGCGCGTGGACAAAGCCTATTTCTTTTATACCATTAATCAGACTAGTCCTCAGAATCGGCTCTACTGCTACCACTGCTCGGCTAGCAAGTGTTGCTCTGCGTCCGAGTGAGTATAAAAAAAGAACATTAATCAGATGTACCAGGATCCTTCTTAAGCTCTTTCAGTCATTAGACAGAACGAACAGATCATTAGTAGTAAACGAGAAAGCGAGTTCGCCTCACGTTGATCAGGTGTCTCGACCGTATCTATGTGGTCATGGAGACACTCCCACATAAGGCGAAAAGAAAGTGTAGGCTGTGCTGAATAAAACTTCTCCTCGACTATTCACAGATCCAAATCAATCTGAATCGGCATGGTACGGGCGTATCCTTGTTATTGGGCCGCCGAAGCAGTGGCCATTTAGCCGGCTGCCGTGTTGCGCACCGTTGCCTTATCACCTAGCACATCTAAATCAAGCCAACTGTATCCCGAGCCCTCTCGGCCCTTGAGACGTTCTGAGTACCGTTGAATTTTCCGCGTGGCACGATCAAATGCGACCACGGATCACGTGTGTGTATATTATTATTCTAATGTCTCTAGAAAAAATATAGAAAGCAGCGTCTCCCTTCGGTTTTTGTTCGTCTATT,891,47.59,Arabidopsis thaliana
SEQ_695042,AGCACGTACAAAATGTTTAATGTTGGGTGGATGTCCCTTCTAAAGTCAATCAGGCGGAACTTCCCCTTCGCAGTTTTCTACATGTTGAGTAAGGTTTACCCTAAAGGTCCCACGCGCGGCTTATTGGGCCTTGGTTATATTCCCGCGGCCGTCGATAGGACAAGCGCGGAAGGGCTCTCGAAGTCCCAACGGTCAGCAATGCCGGTAGCGCGGACCT,217,53.0,Escherichia coli
SEQ_342318,CCCCAGTCCGCGCAATACCACATACAGGCCTTGTTAAGACACGGAACGCGCATATAGAAAATAGAACACAGTAATAAATACTCACTCAATAGCCAGTGACCTCGACAGGTCAAGTCATGTACGGAGCAAAATTGCCCCATGCGACCGGGGGCAGCGTACCGTCAATGGGTTCCGCGAGCGGAGTGAGCTTTTCTTAGGTTGTAACAGGAGTAAGCTAGCACGTACCCGTCATCCGTCGTTGCATCTAGTTAGGATTATACAAGAGCGGTGCTGCTGAGCCGAGATCCAGCCATCCCCCGAGCACCTCTTGACGAGGACGGTTACTCTGGCCACTTGGCCAACAAAGACTGCCCTAGTTGTGCCATAAATCGTAATCCCCCCCAATTGCCGCTGACTTAAGGAGTTAGCGGTTCATTCCGTATAGCAATTGACCATGACCCAGTGCCCTAGAAAGGGGAGCGCCGAGCCAGATTGATGCGGTCTTTGTGTCTGCTCTGGGCACGTTGATCTGTTCGCACGATTATATGATTCCTTGACGAGGTTGCAAAACATCACCGGCTTTATAACGAAAGGAATCGCGATCCTTGAGGGTTCAACATCCCCGAAGCGATAGACCCGAACTTTCATTGTTGTGCGGAGCCGTAACATTCGATTAGTCTCCTCATCCCGACCGGATCGGAACGAGAAGGTCATAAGCAGCATCCTCGATGGCAGCTCTCGATTACTTATATGGTTATACGATAGGTTCGCAACACCTGCACATTACTAGTTTGAATCAAGCCGCCTCCCCGACTGCTGCGTTAATTTATGAAGGACCGGCACGTGAGCATGCATCGACACTCAACGGTCGCGGCTTGAGGAGCTCTGCAGATTCTAAAGGGGACGTGTACAAGTTCGAGACAGGGTGCAATAAGAAGGGATCTTCCAGCTATGGGCGCGACGCTTCTAGAGCAATCTTACCTGCAGCCTGGTTCTTGGGTCCCATAAGATGTCCGTTTCGAAGTGTTATTTTGCTCTATCGCCCCCGGTATGTAGGGAATATGGGCTCCTCGGTTTAATAAGTGGCGGCCGCGCGCAGGCCCCCGCGTCCCGGTACTCTTTCGACTCTACCAAGAACGGAACTGATATAACTTATTTGTGGGCCTTATCAGGATGAATCATAGGGAGACCGGAGTGGCACAGCTTCACGGACTGTTGCGTCACTTCAATAACAAAGCAGGGTAGGCGGTCTTAACAACCGTGGCCCGTCGTGGAGCTGAAGCCAGATCGCTGGGATATACGCCGCCGACTTTGCGACGACCGCTGCACATATGTCAGGGAATATACTAAGAGGTTGGAGTCGCCTCTCTGTGCTCGTGGGACTAAAGATGATTTGTCACGGGGACTAACCCGGTAAAATGGGACGTCCG,1409,52.02,Escherichia coli
SEQ_156723,AAAATGAAGTGAAGAATATTGGCAAATGACGAAAATACGGACTGGGGCGTATTCTATTTCGGAAACTCCTGGCCCACAACGAGTATAAGTCGTCGCCCGGTAGTGAGTATTTACAATAATCATCCTAACCTACATTCGTGGTACGTGCATCGCGTGCGAGTTCACTAAACAGGTGTCGTGTAAAGGAAAGCTCTAAGAACCGCTGTTCCCATTGCCCGCCCGAGGAAAACTAGATCGAGCGGAACCCCTTATAGCCTCTCCTGTGTGCAATAGACATTCTCAATTCGTGGATAGCAGTCTAAGGTGCACACGGTTTTGCCTGTGAGCTCATGGAGAATTTGGCCTCCCCACTGAACTGCCATTGCAGGCGTCATTGACCGTTCGTACGCTACGCTGACCGCGGGGGTTCGGGCTATTGTGCCTGAGTAGGCCTCAATTAAAAGTAAAAAGCATGCGCCTCTACCGGGGGGTGGGGGGCAGAGTTTATGCTAATTATCTTTACGGTCTAGTGTGCAGGCTAAGAGTGATACGTCCGTGCCTGTATATACACCGTGTTTATGTCAGTTTCGGTTCATGGACCAAGACATAGCGAGGATGAAACCGCGTGCTCACCCCCCGATATTACTTGACCTGGTGTTGCGCTCTTTCACTCGGAGGACCTTGTACGTTCTTACTGAGACAGTACTCATCCGCTAAGGAGGCTAGTGTATTATGAGAAGAAGTGCTGCTCATCGTGGTTGTAAGACTGAACTGTGTAAGTTTGGCCCGCAGGCCAAACAATTAGGCGACACGCTGTTCACACTCGCGTATTAGAGGGTAAAGAAGGAATTATTAGTCCGCGCTGGTAATAGATTTCCTAGGAGGATGTCTTTCCCGGACGTATTGTATCAGCAGCTATCCACATTGCATCAGGCGATGTCAATGGCCCATTACAAATGCGGTAGGGCCCGAACCACCACTCGTTAAAGAAGGATCTCCCCGACTTACACCACCTGAAACAGCATAACACGCAAGGTTTTTTTGACTGACCGTATTCAGGGCAATGTATACTGGGTCTAACTGGCGTGACGAGCTGACGTTGTTTCTGTGATAGAATCAAAAGACAAGCTCTTTAGCGGGTGTGATTACTCTCTGCCCGCTTAACCCTCTGATTCCGGGACAGACGAAGACTCAAGGAGGCCGATCCCAGTTCCGGTCGATAAGGGAGGTCCGGAGTACAATCGGACAAAAGGAAACACGAAATGGGAGATCGTTTTAGGGTGCTCCTTGCGATTGTACCTGGTCTATCGCGAAGCTTCCCAGAAGCAGTGAGC,1313,49.43,Saccharomyces cerevisiae
SEQ_473498,CCAGGCATCAAGTGGGCCCTAAGCACTGAGGGCGACGATCTTCGCATCATAGCGTCATTAGTCATTGCGTTGATCCGGTCCAAACACGTGGTTTCGCTTACTCTGACTCGCGCAGATTTCGACCTAGATCCACCACTTCCGTTGCCCAGCAGACGTGAATACCTTTCATTCTAGGGGTTCGGCTATAGAATGCTTTTATATCTCCACTCAAAGATGAAACTCACCCGGTTATGTCTATTACTTTCTAAACATCGGTTACTCAAGGGAACTGCGTAGATTGGTATTATTATTATGCTAAGTTGGAAATGTTATCATGCGGCCAAAGCACTGACATTGTGGAGGCATGATATGACCTCGATACGAGATCAGAGGGGGTTCATGGCATCGATCGGATTTGTCAATCTATGAATAGGACGTTCTTCGCTGGCGGGACAGACTCACCTAAAGACTCTCAGAGGCACGCCTTCAGTCAATTTTCGCGAAGGTTTAGATTAACAGGTTCAGGCTTTGGAATATGGGTAGGGGGTGAGAGTAGCACATGAACGGACTTGGTCCGATATGGACTCCAGCGTTGGAAAGGATGTCATCCACCACAGCTCTGGCCTGACGTTCTCGTGCCATAGCAGCCCGAATCCTATTGTTAGCCTCCTTTGGGGCCGCACCCAGCGTACCTCAGCTTAGAACGAGTACAGCTGTAACAGGGTCAACTCTGAGGCACGTCTTAGCCTGATTGCGTCGGCATAGTGGAACGCGTTGTGGCTAGTAGCATTTTTGAAGCGAAGCATCCAAAGTCCGGTGTAAATCGGACAAAAGTACAAAAAATCGCCCGGGATAGTAAAAAGACGTTGGGGTGTAAAACAGGAAGGTTTACGCTCGGCAGCCGAGGCATATAATAGCTCTCGCCTACAGTTCAACCCGTTATTGTGCATGGCTGGCGCCACCTTACTGAATTCGCACTTGCATGGCGAAGATGACTCGACGGTGGTTAAACCAGTTGAGGCCTCTAATTTGGGTAAAAACGAGATTCAGACCTATCCGAGTAAACAACCTAGCGAAACACGCGGTAGGAGTTAAGCAAGTATTTGTAGCGCAGATCATTCAATCCCACGGGCTTCAGTGTGTTTCAGCACGGCCTCATTTTGCGCAGTAGAATTAAAACAACAAACGCCCGTAAGCCATGTGATGGGCACCCGAACATAGTGTGTAGGGGGAATTATGGTCGCCAGCATTCCTCTGTGACCGGATAAATAGTTGCG,1256,48.73,Escherichia coli
SEQ_318482,AAAACCATGTAATTCCTGCACAATGGCCTGAGTCGGCCAACGAGCTATCTTGTCGCTAGGAGGAGCGCTGCAGTTTACGATTGGGACCTACTACCACTCCGGTAATTCATGTGGACTCTAACAAGCTCACTCCTTCTAGAGATCGTCCAACCGCTTCCCGTAACGTCTCAGCAATGAGTACTCCCAAGACTCATATTACAATCCTCGGAGGACAACTACCTCTTTCCACTCACCAACCGTTAGATTGCTGCACTATGTGTTTCGCATCACTAGCTAAGCCGTGAGTAGTTATCACGAACCGCAGTTCCCCATTTATAATTTTACTAGTCCATACCCCCAATGCGGTGAGTTCGAGCACATTTGGGAGGAAGTTGTTTATTGAGTGTCGGGGCTCTTGTTTCGATCAGCGTCTCAGCCACATGTGGAAATTGTGTTCGCGTTGATGCGCTTGTGCCCGCATCCGATAGAAGTTAGGTCGGGACAAGGTCAACTTAATAACGGACGCTACATCCGTAGTGGAGGTTATAACGACACTGCATCGGATTTCTGTTGCGGGTGTATCGACCTGGAGATATACTCGAGGTGGTCTCCTTGTTGGCCTAATAGATAAAGCAACGACTATGTGTGTTTGGGGATGTAGGGGCTATTCTTCCGGCCTAAACCACGCGTCTGGTCGGCGCCTACGACGATCCACCCTAGTCCCAACCGCATACCGTGGAGTGCTTCGGCCTCAAGACCTGTGTCGCAGAACAGGGGAAACTAACGCCTGTCGCGGGGGGCTAATCCTTCTTCAATTCCAGGCCTCCGCTTGGAATAGATTACTTAGTCAGGCGGCTTATGTTGACCAAAATCGGTTGTCCACTGTCTGGAGTAGTAGTAAGTAGTTGAGGGTTTGCGTGTGGTAAGAGCAAGACCTGTCGCCACCCATCACACGTGGAAGAGCGTTATCGGTCGAATTGTTGAGGTATACTTATTACCCCTGCTTACCCGCAGACATCCCGTCTAAAGATGGGTGGGTTAAAGTTGAATGGACGCAGTCGGCGTGAGGCCAGTCAAGATATGGACCTGAACAGATAACGTCTTTGAAGCAAGAAGAGGCTACTTATCTGGGTTAATCCTTGTGCAACTCTAGGTATGCAACCCATGCACCGACCAAAAGTCCAAAATATACAGGCCTTCTATCCGTAGCAGCGATTCATGAGATAACCTATAATGGTGCAATAGACATGTCCCAGCCTCCTGCCGGAGTAGTTGCGTCGAGTATCTTCTCAGCGTGCTTCTAATACGTAATCTACCCGAGCGGCCTGTAGTACGTGGATGCGTGGAATGAGCCTGTCCGTGACGGTAAAGTCTTGACCTCGTCGTGCGCCCCAAGGTTTGCGTG,1384,50.14,Homo sapiens
SEQ_433983,CACGAAATCGGTTCTCCTAATGTCAACCCATGTGAGCCCAACCAGGGTGAGAGTTATGTCGAGGGGAGAAGCTGCAACAAAGAGGAGTCGTTTTATGCCCTCGAAAAAGCTAGGGCACAGTGGAGCCACAAAGGATTTGCCCAGGTACATGTGTGAAACGAAAAACAAACGGTCTACATGAGGCATCGCTGTCTGAGAGTGCGTATTCTACTCGTCACGCTTCTGTATGCGTGGAAAGGCTTCGATAAGAGTGTTCACAAAATAGTCATTGATGTGTACCACCCTTTACAGGGTGGAACTGCGCTAGATGGTTTCGCTGAAGTAACATAATATCTGATTACGATTTTGATCATATATTCAAACAACGGCGTGGCGAACAGTGCACCAGCGTAGTGGTTACTTCTGACACCCAACCTGTTAACTGTTGCATACAGACAATTCAGAACAGCTTTTTTGAAGTTAGTTATATCTGGACCTCATCTAACCGGAGGGGCAACGCTCCCAGGGCACTTCAAATCTACCGCTATGTGTTCGCTCACATAACTTCACCCACTGTGCAAAATGTTTTCACCGCTGAGCAGTAACATATCAAGATCTGGCCCGGGGCCGCAAGTTTGTCTATTGGCTCGTTCATCTATTCAGCACTATCCATAGAGAGTTGGCCCCTAAATTGGGTGCCGTCCTTAAACTGTATGAGTACTGTCACTCGGGCTGGAGGACCACCTCTGACCCGTTGTATGATACTATCACAAGATTATGAAGGCAGTTGGAGCGGGCAGACAAAATATTCCGGGAAGAAAGCACCTGCGTCGGAGGCGGTAGGATAGCGGTGCTCTCAAGGTCCCCAAACGGCCTTGGTTAAGGACGGTTGGCGTGTGTACAGAGGATGTCTAAGTGCGCGGACCACTTGGCACCTTTTAGGAGGTGTTACTACGATTCTGCTGGGCGAGCGGCGCGGTGGCCCCCTGCCGCCCCCAAATTTCGACTCCATGAGTAGACGCGTTCGGATTATAATCCTTCCCAGTCGCCAAGCCTTCAAGTCTCTTAGATGGCTACGACGAATCATGCTAGGCCAAGGTCCAATTTCTGACCAACTCGCACTGTGCTCACGATAATACGTGATGCGCAAGCATTATTACCCCTCCCTACTGTCTAATCGAAGACAAATTGCCCGCTCGCCACACTGCAATAGGATGACGTGCCAACGGGCTAAACCTTGCGCCCGTCTAAGGTGAGCTTTTACGAAGCTACCAACACGCAGATAGGGGATTGCACTGACTTGACGATAGTTATAATACGTACATTTCACATCTGTTAGAATGGTTAAGGTTTCATCAAGGGTAGTCACGTGTTTTCGATAGTTCCCCGGGGGCGGACAGCCTTTTAATTTTGAGTGCTATCAACGAACACAACGCAGGCTCTGCCGTAGAGTGCCAGAGTGTCCCGAGGCCAGGGATGGTTGCAATTAATCGTCCCACGCACCTTTATTTAAATTCGTTTGACGGTACGGGGAAAAGAGCCTATGAACTAGACGGAGAAGGGGTTACCAAAGAAAGCTTTGGCGGGGTTGAGCTCGAGGCCAGGGTCTTGTAAAGCCGCTGCTTACTACTAGTACTCATGGAGCAGTGCCTGGACCGTCCGTTATCCGAAACTCAGGCAGGTCGCATCTGACTCAACTAAGCAGAA,1686,49.58,Saccharomyces cerevisiae
SEQ_534361,TGTTACTGTCACCGTGTGCTCCACTGCGCTGAGGCCCCCGCGATGTCCCTCATTGAAGTTCTGCCTCAAATCTCAGAGAGTGAAGATCGCGCAATACGTAAGGCGAGGTCAGTACCAGTACTCCTGATGTAACATGGCAGGATCAACCGCCGGGGTGCATTAGTGCAACTCATGTGCTACCTTGGCATTACGGAGTTTGGCAGGCCCTTTCCCAAATTTCAAACCTTTGAGAAACTTGGTGATTTAGGATTACGATTTTGTAACTTGTATTGACCGATTAGATTATCATCGCGGATCACTACTTAAGGTAGTTTTAAATGACGTCTGTAGTTATTAGGAGAGCTGGGCAATTACGATTTCTGTAGTTGAGCTGACGGAGTTTCAACCGCACACAGACGTATGTAGGCCATCAACACAGATGGTTAACTGCGACTGTAATGCACGTTTCTGCCTCAATCCTTCAGTCGCATCACGTAACACGGCATCGTTCGGTTAACACGTGGTGGAGGACAGTTGGAGCGTTCGCGACCTTGATACTGTAGCTATTTTGAACAGTAGGCCAACGTGCTCGGTCATCGGTTTGCACCCAACAGCGAACAGTCGGAACACGAAGGGTTCGTCGGCCCCGGGGGGACAACTGGCTACAACGCCTTCTTGAGACCAGGATTATCGCACTAATGATGGTTGCCACCGCACACTGTAAGCTCGAGACGTTCTCATTGTCCTAACGAGACGTTACTCTGATACAACGCAGCTTAAACTTCCGAAGCCCTGAGCTCTTAATCCGGAAAGTGAGCACCCTGTTGAATGCGCGCTCAACCGCACCCCACTTTACCCTTTAGAGGCACGTCTTTTGTACATCATGGGGCTGACGGGTAAGGGTTAGTACCGCCCTTCACGACATCTCTACTTATGCATCCGGTGATTGATTCGGGTTTATGCATACCACAGCGTATCTGATCTAGGGCGCTTCCCTTGTAGTCCTTCGTCGCTATAGAGTAGTTGTGCGCGTCAAGGCGTCAGGGCAATGAGCACAGTGGTGGGATCCCTACGATAAACACGAACCCTTCACAGTGATTGATATGGCACTCGCAGAGATCTGTCTGCCGAGACAGTCTGTCGACAGGCCCATCAGCACACCCAACTGATCAATAACTCAAAACCACTGAGTACCCGAACACCTAAATAAAGGACAGGAGAGAAATGGAGCTATTGCTGAGTAAAGCGCGCACCAGATTCGATGTATAGGCGATCCGCATGCGGGTCAGATGGTCGCGGGCTCGTATACAACAGTAGATAGACAAACGACGGCTGCGGAGCTAACGTAGCTCCGTCCTTGCTCTTTACAGGAAGTTGTCAGTGCACGGCCACCTTACAACATTGAACTCCAACAATGGTGAACGAGAACCTAGGTGTTGGTCTATAGCACGATCCTTGAAATATATTCGGAGCAGATTCAGCATAACGTTATGAACTGCGCACTCGTTATTGATGGCGGGCTTTCAGGAGCCGATCCAGCAATGATGGTCCTCGATTCATTTCGACTGGCGACAAATCTACCTTCACTAATTTGAATCCGAACACGCTGAGTGCTCGACCATCGCCAGCTGGTCTCCTCGATGAGTGAGATACCGACGTTGTGAACCATGGTGGCATCAGGGCTCGATTCCACGCATGACTGATCGTGGATGAATGCACTTCAAGCAGTTAGGGATTCCCCGCGTGAATCACTCTTAGATTCATCAATACATACCGATCTACTCTGGGGCGCGTGGTAAGCAGATAGCGTCTTTCGGTATCAGATTCATCAAACGGTGAGGGTACATCGGACTTGTAGTCTTGTTAACACGGGCACCATGAGGACAGCCTCCATTGTGTAAGCACTGTGATCTCGCGGCTCGTACACGAACACGCAAGCGACAATGAATCGAGCCATGTATTTTCACGGAGCTGTAAGAATATTGAAGTGAGATTCACCCTTAACTAGG,1988,49.7,Mus musculus
SEQ_493560,ATTCCTGTATGCCTATACGGCTTCGCGTTCTATCCAAACCCGTCCGGAAGGGCATAACGTCAGTCTCAACCGCCTGAAGCCTTGCGGTTTCCTAAAAATCGGACCAGGCAAGACTTTGGAAAGCTCTTACTACTTCTTGTAGCCTAAATGCTTTCGCGTGGGCCACTTACGCCACGTCAAACACCCCAAAAGAATGTCAAGACTGATACGATGGAACCCGGATTATATACGCTAGAATTCGAACACTTCCATCCCGGAGCACATTGCGCGGAAACGTGAAACGTGAGGGCGTAGGTCCCTTGACAACTCCGAGGCTTACGAGGATTGCGAGACGTCTACAAAGTGCGCCTCTTTCACGATCTACCCCAGATTACATGATGCACGGGGGGTGTGGATAGACGGCTAGGTGAGGTTGTGGCCGTAGAGCTGAATAATGAGCAGCGATCTTCGCGATCCCAGTGACGTGTCTATTAGTGTAGAGTGGCTATGAAGGAAATTCGCGGACCGAAGAAGCATACCAATTGACGGCAGAGTGTACCAGCGTAAAGCCTTTGTGATGTCTCTTGAGAAGTTACTATCACTCCTATAGGATCCAAATACACTGTACTGTTTGGTCAGCAGTCTTTCCGGACTTTGCTGAGCTAGGGGACGAGTATGATTGCTCCTCGTCGGGGATTAGTTGCTCGCAGAGGGTTATTTAAGTAAGGGACGTCAGTTCCCATGGGACCGCGAGGATGAAAGAGTTGTGAAAGTATAAATAACAGCGTTGTGCCCGTAATATCGTGCCGCTCCCATTGTGCCAAGTACCAGTTGTGATGTGCCTTGGAATGGTATTATCTTAGCACAGTTTCATATAAAACGGGCAGCTCGGACCCTTACGATGTTATGTCGCGGGTAGTAAAGGAAGGGCTCGTACCGAATACTTGGGTGTTCACCTCGCGTACAAGCTAATAATTCCGGTTATGGTAGGGGCTGCGCTAGCACCACTTGATCGGTTGAAAATTCTGGGGAAAATTGCTAGGGCATTCACTCGCTCTCTGGTGTTTTAGTGGTAAGGGGCGTTCCCTTCTGCGGGTTAACTGCGCCGCCAGCAGGGAGTAGGTGAACGCAAGCTCTCTCTACTGAGCCCAGAGCATTGGGCTTGGTATAGTCCTTGTCAACCCAGTTCGCAGGTTATACGCGCGTAT,1187,50.13,Saccharomyces cerevisiae
SEQ_361254,GTTAGCATGACATTTCATCGCCCTATTCCTGGTGCGAGCAGGTCTGCACACGGGCAGCTAGGCTTAATTGATACCTTTTATACTGGCACGCGTGGTACGGCTAGCTTCGTCATATAGCATATATTCAATCGATTAAAGCGTGATTTCCCTGAGTTCATCCGATCAGGCATAGATCACCATAGGAAAGCGTGATATGTATATGAGATCTCCTTCACGCCCCAGAGGTTAAGCGACTTACCGAGTACTAGCGGTTGTGTGCACGGTTTACGTGTTCTAGTTCTTATTGCGCCACATTCGGCCCTCATTATCATGTCGGACTTAGCCGGGATGTGTGGGTAGCTCCGGCTGAGGCATAAAGCTAAATACGTTGACTCCCTATTACATATGACTCATTGTGCCAAGTCGATCTACGAACAGACTCGCCCCTCGACAACATCTGGTCATACGTCTGGCTGATCGTTCAAGCGTTAAACCTCCCGGTGACCTTTTCTACCATGTTCTCCTCACAGAGTTTGAATCTTTCCACTTCATTAAGTCCGATATAACTGTCGAATAAAGGGTGACTGGGCTCGTGGCGGGTGCAGGCTATCACTGGGGTTAGATTTGCGTGTCTTCAAACCAGCTCTGTCCTATACCGTATACTCCATGATATACCCAAAATGCTCGACCTTTTGCTTATTTCCTTACCAGACTCGACGAGAGAGCGCTGGCGCAAAATTTAGCTTGCCCATTTTGTGTATTGCCCGGACGCTCTTATCCCGTGTCCCATGGGAGGCCTTTCAGAGAAAAAAGTAGCTGAGCCCATACTAGTGCAGCGACGTTGTGATGGTTATAGGCTATATGTACGCGTGAGGTCCTGATCAATATGTTTAACCTGTTGGCCGAAATGGCGCAGAGTTATGTAAAACTCTTATCGTTGCACCCGTCCACGTATTCCTCTAGGGACACTACATTTGACAATGCGAGGGCCCGCTCCCCGCAAAATAAGCGAAGGAGCGTGGTCGCGCACAGGTTGAATTCAGATTAACTTGGACTGTCACGCACAACCCTGCCTGTTTCATATATGTTTTAGCCAACTAAAGTGGTATCTTCTTCCTTCCCTCCGAACCCCGTTATACAGAAACTTTTCTAAAAAAGCGCTTTGGATCTTCTTGGCTACCACGGCACAGGGGTGCGGTTCGAACTCAGTGGCCAAGGCCTCTCTGGACTGGGGAACTTTCCTGACCGATCGGGGGGTTAGGGATCGAATGACGCGCCCCGGCCCATTAGGTATCATTAAGCATTGAACTCCCACGTAACGGGGACACCTTAGTCCTGCAATGTGTGGGTGACGGGGACCTTCCATCTTAACATCCAGGAGGCCGATTTAAAGAGCAGCAGCCCACAACAATATATTCGAGGGTCGGGACAGAGTCTACACACTGTATTCTTTTATGCCCGGGCCCCCGTGTCACCATAGAGGATGACGTTCGTAGTCGTGATTTGATCTCCGTACGACTACTCTGTCAACCTACTTGGGGCCAAACCTACGTATGCTCTGTCCACTGCGCGATCGTTTCAGCGTATCAGTACGAATTTCGTAGTCAATATTTCACCTTCTGCCTCATTGGCAAGCTGTAGAAACGTCCGGACTATTATGGCACTTGAGCCAGGAACTAGCCCGGTGCCGCTACGATTAGGCCGCGACAGTTCAGAAGGCTGGGTAACAATTGCCAGTTCATGGGTATAACAGTCTGAAGGTTTCCGACCGAGGGAAGAAATTGTGAAGTAAACACGGCGTGCCTACGACATAGTGCTTTTACTGTATGTCAAAATGGTGTTTATTGGCGACAGGTCCATGTTCTGATAGCATTGCTTTTGAATACCTACGTTCTAGTGAGGTATTACATTATCGAGAGGTCACCCCGTGCGAACGGTTTTCATAATACTCTATCGGCCGGCAGCTGATGGCGAACCCTTAGAGGTATATGCTGTGACGA,1979,48.91,Homo sapiens
SEQ_697743,TTCTGTGCACTGACCGCGCTGGTCTCAGATAACGGCGACTCTCGTAACCAAATGCTCTTGTATTCGAAGCGAGAATAGCGGCC,83,53.01,Saccharomyces cerevisiae
SEQ_827239,CATGCTACATTACACGCCTTCTTTCAAAACGTGGTCCGGTGAGTATGCGATATCAAAACGCCCCTGATACTCTGGCTTTGCCTCTCTATCCTATCATCATTGTAACCCGCGCTCAACAGCGGTTATACGAAAGCTTGGGTGATTATGATATATAACGAGGAGTATTATTGGTCGCGCGAGCGCTGGGGGCTCAATGCAGGAGGGGCCGACAGTGGCGAAACCAGAAGGTTTGCGGTATGGGAATTTGATGTCTCGCTGAACGCTCTTACACTCGTCGGACCGATAACACTCGATACGCTATTCATATAGCCACCTATGGGAACCGATTCGAACTAGGTCGACTGCAATGCCAGATTAAGAAAGTATGCCACGAGCGGCATGTTGAATATTGACAGTAGAGTGATGCGCTGGAGAACAGCAGCATTTCCTCCAATTTCCTCTCCAAGTGAGGGAATTTTGGTGGACAAGGGCTGTTACTGCAAGATCTGATGGATTCTGTCTTCGTAGTCCCATCTGGCAACCCATCACCAGGCCCGCCTCGTCATTGGGCGTTGTCCATACCAAAGCGCAACCGACACGCGCCACGGTGGTATCGACATAGACCATCCTAGTACCTAATCTCCTACTCCCAACCCGAGCCCCGTGTGCCGGGGAGTGCGACGGTTTTTACTTGGACTGAAATACACTTCGCGTCATTCATATTCGCAGCTATATTAGCAAATAAGCGTTGTCGGGAAATGTTTGTTGGGTCGTTATGCTACGTACCTGCCGACATTCGGTCAGACACTATGAAACGTGCCGTCTGGTTCATTATCATAAGGGAGGGGGCCCCCTTCTTCCAGGGAGTAGACAGAAGTTGCGGAATAGATCACAGCATTCCTTAGTATACGAGTGCCACCACCTGGTGGCGTACAGGGAGGCAAAGCTAAGTTAACGACAACTTCGTTATGTCGTCTTTTGGTCTCAGAATTGGTACGTCGCGAGCTAGGCACGCTGTAATTGTCGCCGGTCGGGCACGTAAGTGACGGGATATTATCGGGGTGGTGTTGGCGCGGCTGCCTCTCCTGGTGGATTAGCCATTTTACGTTAATTAGCTAGGTGGTGTGCTCGGACGACCCGCAGATTTAGAGAGTAGGTCTTCGGATGGTGAGCATTAATGACTGGACAACTCCGGACCGAACCGAAACTTATAGAGAAGGGCCTTAATACGATTCTACACAAACCTGGGTGCATCAACCCGAGTTACCATTCGGCTATCGGAAAATGAGGAAAGGATGGGTCACTTATTGAGTATATCCTCGGTAAGAAGCCCCTCTTCTCACAAAACCATCTTAAAGGGGGGGCCAGGATGCGTTCAATAACGAGGAGGAAAGGATAAACGTCAGGACCGCGAACGTCATGACTTGACACCCCTATATAAAGCAACTCAATATATGGGGACCCGGATCACCCTCGTTTACCTAGGCTCGATAAATTCATAATTCGCGCGGAAGGGACTGGTAAGTAGCAAGCCTGCGATAGTCAGTTAATTTAGGGTGGGCTCGGGGCTTGGGCCAAGGATATTACCGACCAACAACAACCCCAAGTTGAGCGTGATGAGGTGGCCCTCGTGCTGCGCTCTTAACAATAGGCTTGACGGACCGAATGTAAGGTGAGGCCTATACCTTATTATCTAAAACACTACTGCAGAGTCTAGATTCTCGACATATGTATCCCGCAGTCAAACTCGCTGCGATTCGCTTTGATCCAACTAGGTACTGCAAAAGGGTGTACCGAACACGCCAATCGTGACTCTTCGAATAACGCCGAGATAACTGGGATAGATCACAAGGCAAAGCGTAGCTATACATTTTATAATGAGAAAAACGCAAATCCTGTTGGAGCAGAACCGACGCGCGAGCTGAGACTGGATCCCTCTAGATTCTTTTAAAAGGTTCGAACATAGGAAACGCCGA,1955,49.46,Arabidopsis thaliana
SEQ_942306,ATTTAGAACGTACTCTTCGCACGCACGTATAGTGCACGTACAATATAGCTTCGGCAAGGTTCCCGCCATATACCTCGTAGGAAGTTATTATAAGGTGGCCTCTCCCTAATTCCGTGAATAGTCTTGTCCAACAAGGTAATCCAAAAGACATCTGTTGGATAACATGACTTCTACGAGTGCAAGCACGGTTCGGTGGCGATTTGCAGTTACTTCTCTTCATTGCACTTCATCCTGTTTTTGGATTTGTCGCGCCAGTCCTAAGACGTATAACGGATTCCCCGATGTCTACTAGAACACCACGATATCCCTTCGTCATAACCGTACGTGCTCTTACCAAGTAGTCGGGTAATCCTCTTTTTTATGGTCTGACCGACTGGGTACGCAATGAATAGTTGTCCAGAAGCCGGCAGCGCATAGTCGGAAGCCAGTCGGGTGTAGAAAGGGTATTCAAACCTCCCTACTGAGGAACACCACTGGCCTGATAGGGGGCGCTGCAAGTTCACTCGGGTCGAACAGCAGGACCGCCCTTTAAAGACGATGGACACATACGTCTATTCATGTGCAGGCGGTCTACGTAGAAGCGAGCTTTTGAGCTAGATTAAAGCGGACCACTCGCACCCGCTACGCAGTAAGAATGACCGCTCCTTTTTACGGCACGACAATTGAGTTTTGGAACAGAAGGTGTGAGCGTCAGGTCCTCACTTTGCGCGTCGACAGGATAAGTGACAAAAGTTGCTTAGTGGATATTGTGTCCCGACTAAATGCCAAGCGCGTTTGGAGTACATTTTCCAGCCTTGTGGGTGTCTTGGTCTAGCCACCTCCTCTATTGGCTTTAGACACCCATTTATACAGAGGGATCATTAAGTAAGCCAGGTCTATGTGCGGCCACTTACTATGGTACCGACACCAACTTCGTCACGTTGCGGAGTTCATCAACCGTCGGAGTAAAGAGTGGCGGCAGAGGCGACAAACGGGAATATCCAAGGTATTCTTGGGATATACTGAACTCGCCCTCGGGGTCATCATAGTACTTGAGTATACGGCTTGGGCTTATGATGTAAAGTAGTTGCCTTGTATGGGGAGGTTCGTTGGCGACCGGAGAGTACTGCCCCAAAACCTTAATATTACGCTAGCATTCTGCTCTATTATGGGTAGCTCCCATAGAGGTCGAAGTTAAGTACTGTTTGCAAACATGACGCCAAAACGTTCACCAGCTCCTTAATACTTCCTCTGGTTTGACATGCGAAAGTCTCTTCAGAGTCTACTCTCACAATAAACAGCGTGGGGTGCTTGCAGGTGAACAATACAGCTAAAACGGGCGTTTCACTAATAACCGACGAAGGGGTGGAATCGAATTTTTCTTCTCCTCAGGTCATCCACAGTGGGTGGAACCCACCTACTACATCCAGCAACCAAACCATCCTCATAGACATTGGAGCTCGGTCGATATCAAATGTGCATCACCTTCCGGGTAGCGAAAGGCCGCCAGTTAGCTTGCTCGTCTGTTGCAAGATCCGGCCGGCTTCCTGGGACAGTAGAGACAGATTTTCCCATCGCTAGAATCTGCTAGAGCAGGAACGAGATGATGATACCGCCCTCTTTGTACACCAAACGGCCAGTACCCCTATTTGTCCGAGCAGATGAGTATAAGCGGGTCATACCGGGCAGGATAAATAATCTCAGTCCACTCTACCAGGGGAGGGGAGTTTCTATCAGAATTGAGTATAAGGTATCTGTTCTAACGCTGGCCTAGCATCTAAAACGCAATCGGATGATGGCTGCGTACCGGACCGTCAGAGATTTCCACTATAGTTTCCTGACGATTCTTTAAATATTTTAGTTGTTTAAAGGTAGGCTCTTACCGTACTGGGTAGTGTACATTCATACAATTTCTTGCTGCGGCCTATCTAGGAACCCGCGACG,1923,48.31,Drosophila melanogaster
SEQ_378726,ATGAATGACATCACTTCCATTAGGTCAGGAGAGTGCCGGCAGAGTCACTATGTCTCCAATTGCAATGGCTCCCCCCTCGACTATAGGGGTACACAACTGTTTGCGCAGCAGGACACACAGATGCTACGGTATCTAACAACGCATTGCAATATCGACTAGCTAGGGCACGCACTATACCACCTGTGATGAGATTTGTCTCATGTTGGGAACTCGGGTGATCTGTGGCTAACGGTTGTGTTTGTTCGGCCCTTTCGTTCACTATCCCTCGATGTCCGAAGTCGTGGGAGTTCGGTAGGGCTGAATGCAGCGCGGCTAGAAGACCACAGATGGGCGTCCAGACGACACGCCTTCCTCACCTTCCCTTGTGAATAGGAAAGTCGGCTTGTCTCACCATCGACTAATGTGCGTTATGCCCGAGGGAATCTTATATGCCTTAAAGTACCACCCGGGGATGTGATTGCTCTCATGTCGATCAGGATCCGCTTGTGCTGATGGATTCAGGTCTTCTGGAGTTTTACGGCGTTGACTGCTATTAACGTCGAGCGTATCGAGTGTCTCGGCAGCATGCTGCCTAGGAGTCCGGTATTTTTTTGGCGCGGCGACTGTAAGTGGTACTCAATAACGGTCGGTGTGACCCTCTTGAATTTCAACCATAGAATCATTCCACGTACGCAGCATTCAAGCGAACTTGACCGCATTGCTGGTTAGCGACTG,714,51.12,Mus musculus
SEQ_670286,GTCGAACTATTTCCTAGGCCCGGTCAGCTTTGAGGCCGAAAACTTGGAGGGG,52,55.77,Saccharomyces cerevisiae
SEQ_617135,TCCACCACATGTGCGGAAACGCTTAGACCACCGCCCGTGAAGAGTCTCCTGCTCTTAGATCGCTGCTCTCTCCTTTCTGGCTATAGTTGGACTGCGCGATCCAACACTCTCGAATCCACATCGGCCCACCTATGCGAAGAACTCCTATACAAAAAGCCCTGAGCGGAAAAATACCTCGGACATAGAGTCGTATAGCTTCTGGGGTCATAGTCTGCGTCGGTCCCTGCGAGAGCCAATGGGGAAACGTCATTCACCAATTCTAATAGCTCCGCCCTCCGAGACGCAACACTCCATGAAGCGGGTCTCCTCGGCCGAATCCTTGTACGTATTCCGGGCTATTGACCGAAGGTGAAGAAATGGGTCCATCAGTAAGTCTTGTGTGCTCACATAGTGAATAGATACGTGGGACCACGCATAGCTTACCACACCCTCCCGTGTGTCTTGACTCCGTTGTTCACGTTAGTACGGCCCGACAACGGTCGAGCGGGTCCTTGTTTAAACTGTTAGAGATACTTCGGGTACCTATGTCTACCCAGCAATTAGAAATAATAGACGAGGTAATCGTTACTAACTGCGATCAGTAAGGTCCTGCTATGCTGAATTGCAGTGCGTATTGCACTACCGGACAAGGGTGAGATCTCCGTGATGCGTCATGCGAGCTAGCGTCGTTGTCTGATGGGGGATACCGAATTGTCAGGCCACCGTAGCTCAAGCCGGCCAGTATAAAACATTCCCTCTGCCTCACGCTGCCCCGTTAACGTATGTTAAATGATATTCACTTGTGAACAGGCACTGGGGAAAATATGCCTGGATGGATTGGCACTAAAGAAAAAGCTCCTCCTAGTCATGGATAGGTCAATATGTACAGCTTCAGTTAGTAGCATATCTCACAACCCCGGGCAGGTAGTATACCGGACGATACGCGCCAAGCCCGTTTCTCTAGAGCAGGATTGATATCCTTAATACGGGGCCTTTAAGGATTTTACCTTCGTTGGTGCCAGAACTCAAATGTATATTGTCGCAAAGGGGTAATCGACACGCGTGTCGCGGCGATAACTTGGAGGGGGGTAACTTGGGCACTAACTGAGGCTTTATTACCTAGAATAACCTCCCTGGTTCAAGCAATTAGATTGACACCGCGAGAGGATTGCCCTGTTTTGCACAGATGGGTAAAAGCACACTAGGAAGTGTATGAGGCCCTCCCGTCGTCCGTTACCACGGCCTAGCCAATAGGAACATTACGAACTCCGCTGCCTGAGTAATGTGTCCTCAACGTCCGCTCTGGTTCACAAGGACTCCCAATACAACTGTCTATCGACCGCCCTATCTTTAGCATAAATACCT,1344,50.07,Mus musculus
SEQ_404256,GCATGCCATCAATTAATGGTATGTTGCCACATGGAAGCGTCCCTTATCCCGAGGGCGGGGGCGACTTTGAGAAGACCCAAGTCTTCGCATTCGACTAGTACTAGGGCCATCTAACAGACTGCGACTGGTCCGTGTAATATTACTATGGACGGTCCCATATGTCACGCGTGTTGGAGCGACTGCCAGGTGTAGATGAGTTTACTCATACAAATTGCCGGACTTCCCCACGGCTATGAGTGAATCAGGGGTTTAACTCAGACATTCCCATTCTTGGGTCGTGAACAATTGCTTTCAAACTTCTCAACAACCCCTAGCGTCTGTACGCCCAGTGTCACGGATTCATAGACGCCCCGACGACCGGCACATTCACCGTAGGAATGAACATAGGACTTCGGCAAATAGGAGGGCTGGAATTATGCCGGGGGTAGCCAGAGAGACACGACACCAAAAAGGAACTCGGGCCTAGAGGGGGAGCAAGTGTCGGCCTGATTCCGGAGTAGGTACGAGAGTATTACAAGCGTGACATTCGCCCTTAGGGCGCGCGGTCGGCTTTAATCACACTGAACCTGGTGTTCTTCTGCTTACGGGAGCGTCCGCTCGGCACCACACTAACGTCCACCACGATGTTACGATGAACTGATTCCCTGCAAACACCTCTTGAACGCGCTGTGTACCTTGACAAAGAGTGCTCCGGAAACACCTGCTTTCGTCAACAGCG,718,52.65,Caenorhabditis elegans
SEQ_164023,CCCGGCCTACCTTCTGAGCTCAGAGATCCTGCAGCTCACAACCCCTAGTGTAAATCACCAATATCTCGTACCGATACACAGCCTGATGCAGCTCCATGTTGAGGCTCGGCCTAGTGCAGTCGGATCTGTTATTACCCCTAACAGAGTTATTGCCACAGGGTTCATTGTTCTAAGGTCCACCTTATGTCCATTTGACAGCTTGAGCATTTGCTGCCGCGAGAAAAGATCCTAGCTGAATCCCAGCCGTAAGGAGCACTCCCACCGTCCGAACTTGTGGTGCGCGCTACTTGGCTAGGGGATCGGGGAACAGAACCTAGCGATGCGCGCATTGCGCGCGCACCCATTAGCCGGGAAGTATGGGTTGCGGCGGCATAAACAGTCACCAGCTAGCGAGTTAAACCCCTTCAGGTTGGTAAGAGGATAGGACAAAGCATTCCTGGACGTTGTATCACTGAACAACCTGTCGAGCGACCCTACGCCTACCACTTCCAACCCGGGTACGCACTCCCATTACAGCATTCCGATCTACCGTGATCACCTAAACAGACCTTAGGTAGGTGTAACGCCCTACAAAGAATTGAGAATCGAAATCTTGTAGGCGAGGTTCGCCAATACCTCTGAGCTCCTCGCGATGTCAATGCCATTACACTTTGGAGGTGCACATGCTAATGACACAATGATATGTTTGTAGACCTAGTTACAACCCGCTATACAAGAAGATAGCGGGAACCGATTTCTCGGAGGTGGCGGGGCACTGCGTGCCTCTGACTGGCAAAAGAGAATGGGACAGCTAATCCCCGCTGGTATTCCATATGCGCGTATAAAACTTACACTCTGAATCAGGTCATGAACGGCAACTAGCACCGAATGATTGTAAGAACATGGGCGACCAAATAGTCTTGTGTACCACAATAGACCCAGCAGGGCCCCTGGCTACAGGAGTAATCCGTCTGAATCCTAGAAACGAAAATATGTATGCTATACCTGTTTCTTTATGACGGGCAACGCGTTATACGCGGGAGGGCCATCTAGGCAAGCGTTAAGTTTAAGACCGAGCGGCTACCACTTTACGTTTGCCGGGTTGAACGGCGATAGTTTGTTTGCATATGTATCCATCAATCCAGCGCATACTTAAACTTCCGCTGGGGACGTGCATTGCAAAATCAATACGTAAATAACAGTGTCTCTTGTGCACCGTCCTACCCTTCCTGTCGGCCGGAGTCGTTTTGTTGTCGAGTCCCGAATTGCTTCTCAGATTGTGGTACATATACTTCTCGTAGCTAGCGGCTCCATGGTGGACCTCAATGACAATACTTCTCTAAACGCAAGAAATGAGATGACTTACCGAATTTTAGGATGACGCGATCAAGACTTCCAAGAAAGTGATCTGAGAGTAGGTAAAAATTAGATAGTTAGCACACTTACTGCGGACCCAGGGCGTCGTACACCAACCGCACGGGCGGTCATGCTAGCCGTCCCATAACTATACTGCTGCAGACGAACATCACGCCATAAGGAGAGTCTCATTACCGTTACAAGTAATCCGGCAGGCTTACGTGAGCCTTATACCTGACGTGGTTGCGACCGTAGTGAGGACCGAAAGCTATACAGAGGGGGGTAACCCAATCGCCTATGAACTCGCGAGTGCGTTCATGGCGTGCGTTCAATGGCGTGGTATTAGGGTAGTCTATTGTAACTCAAAACATAGCTTTTACCTGGGCGGCTGCTGTGCCATACGATTTCCCCCGCTATCCACAAGGCTCGCCTGGGCTACGCCGTCATCCTGTTACTTGACGAGACCGTGATGTGAACATATAGCTTCT,1823,50.14,Caenorhabditis elegans
SEQ_650137,GTGTCCAGTTCCCCTTGGCAGCCGTTGTCCACAATTGATGCTGGAAGATGAGTTTATAGGCCCGCAAACGCCATTTATCCGTTAGTATGTATGTACCAAGTAAAAGTTACAAAAATAAGCATTTTCCTTCACCGCAGCTCCATAGGTTGCTAGCTAAGGACTTCACTTAGGGGTAGACCCACGATTCGGTCCTGTCTAAAAATTGAGGCTTCACGGACCATTCGTAATTGCTGTGGAATCTATTTGCACAGTAGT,255,44.71,Caenorhabditis elegans
SEQ_773992,CCACCTAGGGAACGTCGCTCAGTACCATAACATCGTCCGGTTGAGAAAGGATATTCTCTCTTTCTACCTAGAGGTTCCCTCGTCTGCTTGTCACCAGCAGACTGAGTCATAGTTTGTTAATAGGACTTGCCAGAAACATGTGATAATCCCATTTCAACTCCTGCTTTTGTTAGGCATTCCAGTATAGATCCCAGTTAAAGCCATTCATACCAGCCTATCGCAGATAGACTTGCCCTAGCAATAGTGGTAGTGGCCATTTCAGCGTTTTCCACTTCTATCCCGTTGGTAGCCCCTGTTAGACCATCTTCAACATTTTGGGACTCATGCTCGCGGTCGGCCCCCAGTTGCTGATGGGTCGGTCCACACGGAGCTTCCATTAAGGGGAATGAACAGCTGGAACAGTGGTCGGAAGCTAAACAGGAGTCAGGTCCGCGAGATCCCCTACGGATGGCGCGCCTACATTGCCACCGCAAAGCAGGTGAAGCTGGCTAGGGTATTCGCATAGGCAACGTATTTGATAGGACGTCGGATGTTCTTCCAAAATTGCTAACACGTGTTTCCGGAATATCAGAACCCCAGCGCCGTTCAACACCTGACTAATTTACCTTCCTTACTCAGGAGAGTAACCGGTACTAGGGTGTTATGTCGACCGCCATAAATGGTGAGCCTACAGCATGTCGGCGGGCGGCGTACACATGCGCGCTCGTGGTCAACAACCGATCTATTGACTTTGCTATGTCCCCTCTCTCGGGAACGATCTAGCAAAGGCGCCGCATCTAGGGGCTCTGAATCTATGGGCTGCTAGGCTTAGTGGCCCGTCCTATTTCTGCACACACTACAGATGCACTAGAGCAGCAGAGGTTGGGTGGAGACGGAATCTTATTACTACAACATCTCATACTGGCACTGACTTCCCCGGCCCTATGGCACATCCTAAGTGTTGGTATTCGGTCAGATTATTGCCCTTCCGAGGTGTATCACAGTAAATTAAGGGA,995,50.45,Escherichia coli
SEQ_154509,AAAACATCTTAATTTCATGCCTACGGATATCTGCTCACGGTATGGTACGGCTTCGCGTTCGCTCTGCGACGTAGCCGACCCGTCTGAGGGGATATACCTGTTATTAATTAGTGTACGGCAGCGTTGCCTCAAGAACATCGACGCCTCAGGTGGTATGGCTAGAAGCCTCTGTCAATCGAGTCGGGAAACCACATGCGCCTTGTGCAACGTGTCAAAGTGCTGCAGCGGTCGAAGTCTTTTGCCTTCGGATTTAACTCCTGACTTCTCTATGGATAGATATATTCGCTGCGTAGAGCCGAGATTACAACGTGCATCGTCAGCGTGATACCTTTGTCTAGTCTGCCCATAACAAGTTGGACACGAGCTTGAAAAGTAGCCAAATCCCCCCAGACCTGGTCCATGCCAACGGCGGACTACAGGCATCCTGATTCCTACCAAATGCCTGAGCAATAGGCGAGTCGTATTTTTGCACTACAACCAGGAAGGGTACGGGAGACCTGGGTGGGGCACCGGCGGACAGAAAAGAGCTGACGAAAAGATCCTCATAAAAAATACCTGTTGGCACCACTTAAGCTTGGTTTATGACTCCGGGACTTAGGCTGCCCCGGATGCCACGTCCACACAAAACTAGTAGCCCTACATATCGATGAGGCTAATACGCCAACCTCACTCCGTTCCGCAAGCAACGGTGTTCAAAAGTTGTGACACAGTCGATACTTATGACTATTACAGCTCGGGCTCCCTAACCTGATTCCGTGAGTTGGTCGTGATAAGTGACTGCTAAAGACGTTCTGGTGCTGCCAGGAGGAACTTGTCGTTCCTATTGTGTTCTGATACAAGCTACCTTCGGATCAGTAGCCGGGCCGGCACAGATAGCTGGTATTCAAATGTACGGCCCATGCCAACGGGGGCGAGTCAGCAAAGTTCGCTGATCGCACTCTGGCTCATCATCCAACACGATTTGAGCAAAGAGCGGATGTAATTCCGACCGCGCCCATCCCCGCGTTCTGGTCGCGCGGGGGCCCGTTTATTCCATCATGGGTAGGTCCAACAGAGTTATATGATGGTTGTCTAACGGCTAAAATGCTCGATTCCAAGTCGACCTTCATCATGCTACCGCCTATATAAGGTAATCGAAGGCCCGCCCAAGAGGGGCCAATTCTTGAAGCGCCTGTCCATGGTCGGCCCCTCGTGCGGCAGGTCCGTGATCCTGACTGAGCCTACGGTCGGCGGGAAACCGCAAGGGACGGGACAGGCACCGCACCACAGACCACTCGCGCGGAATACTTGTTAGGGGTGTAAGCAAATTTAGCCACGCCCCGGTCTCCGTAGCATAATTTACGCAGGAAGGGACAATAGTGTCTAGGTCACGGTTCAAC,1379,52.5,Drosophila melanogaster
SEQ_296694,CCACGGTCCTTGTTTATTATGGAGATGCTGACGATTTTCGTTCTGCGCCCGGGTGGCTGCTTCAACTGATTGGCAACGAGCCCTGGATTACTTAATTAACTCCTTATCGGATTACAGCCGCTGAAGCTAGTCCAGAACGATGGGCCTGACCATCGATACGCGAAGTCAGTGAGAGGAGATCTGGGAACAGCATCTAAGAGAGATGTCGTGAAAGGAACCACCCATCCGGTATATCCTGTATAACAGAAAAGCACCACCCGGCGCCTTCGTCATGTATGTAAGACTACCGGAGTAATAATGGAGAGGGGTTCCAATTCTGGTTCCCTCCTCAGCAACTCTCGTTGACTTGAGCGCT,355,50.14,Arabidopsis thaliana
SEQ_785079,CTTGCGTTCACCCCTGCAGAAGACCCGTGACTTCCGGATTTTACCTTTGTCCCAACCTTGCCTTCATGTCCCTGTTCGTTCATATATGCATCAGTCACCTGCTCGACGGCTGTCAATGCAAACAAAGGGTTATGTGTCACGGCCCTTGCAGATACCTGCGACCGTTATTGCGTACCAATCTAGAAGAACTCGATTCGCCAAACTGAACTGCGCTCCCGCTGGTTGTATTCTGTCCAGCAAAGAGTCCCAAAAATGTCCGTGGCTAGTTTCCAATTCGTGACAATTCGCTTGTATCTGGTCGTACCGCTCTCCGAAAGATGTTTCAGTTTGAGGACCCAACCGTATGTTACGGAGGACTGGTCCCTCCATATATGTTTCTCCAGTAAGGACAAATTGAGGCTTGGACAGTCCTACCTTGGGAGACGGGTCCATTCCTGAGGCTCATCGCGGACCTCTACATCATTCGGACTCTCCGGTATATACGCCGCCAAATGGTATGTAGGTAGTTCTTGGTTTCAAGCTAATACTGTCTCGGCGGCGCACTGGAAAGACAGGTTAGCTTCGGGCATCATTAATCTGCCTTAGACTAGTTAGGCGCAGATCACCGTCTTGCTTTTTATCTCATAGTGGCAAGTATCGGAGACGGCAGTGTCGCGGCACCGGTATCTGTTATTAAAAATGTGAGCTATTAAGAATTGGTTTATAAAAGAAGTGGTATGCACCGAGTTGTATCCTAGCCACGGGAGCCTAACAAACTCGTTTTCTTTTGCCCACTAGTGTCGAGCGGTGTGTAGATGGTATTAGATAGTTTCACGAAACTTAGCCTACCCTTAATTCACGTCCGTTATCGAGACAGAGGACAAAGAAGTTGAACATTTATTAAAACATACTAGCAAGCGGCTGCGTGAACGATTGTCGAATGAGTCATATCGCCACTGACCTAGTCGCTCCTCAATGTATACCGCAGGATGGCTCAGCTCGGTTTCCAGGACTAGAGAGCATAGACTAATCTAGTACTCCCATCCTGAGGACAATACCGCATTATCCTAACAAGGGTGTTACCATTCACCCTTGTCGGTAGTCCTTAGTTTGTTCCACTAATTAATTAAACGACCGCCGGTCAGACGTCCCCCATAGCGGCGCACGTAAGAATAACCAGACGTAGGTGAGAGCGGCCATATACTCAAAGTTTGCTCACGGCTCTCGCTACGGACTTATAGACACGCAAAAATAGTAGGGTTGTTTCGCAGGAACCTCAATTTACCGCCATATGAACCTCGTTTCCATACACTGGGCCTATTGGAGGGTAAAGATCGTCGAGGAACTTTCTCAACCGCATGTGGCACGCATGTGGCAGCAACCCCGTTAATGTGATTTGTTCTACGACCGTCTATAACCAACCAGGAAGGGGGAGATTTTGAAGGCATGTAGTCCTTTGGTGGTTCGCTACGCTATCGTACAGCATGCATGACCGCTGAAAACGGTTGTAGGGGGGGACCGCATTTGGCCGCCGTGGATTGGGTCCATATTGTCGTCGGCGTGCTCTGAAGACTCCGTATGCCGTGCCAATAC,1572,48.73,Homo sapiens
SEQ_747559,GTCGCTACCTGCACGCCTGTTAACTCCTAAAGAGGCACGGCCCATCCGGTAACGCGTGTAGCTAGTGTCGAGGGCAGAAATGAGATGGGCTAGAAGTCAAACACACGCTGGATCTGAGATGTTTAAAAGTCACATATCCGGGCCATTTTTTAGTACTGTACCCGGCCGTTTACTAAAACGGCTCCCAGCCAACACCACCACCCCGCTACATACTATGTAACCTGCCTTGTGTTGCTGGAAGCAAGACGCGTACTCAACGCCTCAAGGTCCGATGCTTTCTCACAGCCAACTTATCGAGGACTCAGAGAATCAACAGTAAGCAAGAGACCTGGTCAAGCTCTGGTTTTAGGCCAACTTCTTTGCCGTTGGCCGAGCATACGCCAGGGCACTCCATCAGTCCACGGTTTGTCAGGTAGCGGTTCGAGACTTTAAAAATTGCACTTGAAAGATCGCTCGGACTGTAAAATAAACAGGTGGATATTGGGTAGCTCAGCACGGAAGAGGGGCTTAGATAGGTCCATAATCCGTCACGACTCCAATCTCACCTTGACATAGAACTGGCGCCATTATTATGGACTCCTTACAAGGCCGATTTCGTTATATTAATGCGAACCCAATTCCGTGTCCATAGCCAGCGATTACGCGGGGACCCTCTGGATCACCGGTGAATGGAGCTTTATATTGATTATGATAACACATCGATACAGTCTAGCCGGCCTGGCTAATGACTGTGGCAGACGCAGCACAGCTAGCTGTACATGCGTGGGTATTGACGTGAGGAAGAGAATGAGGCAGAGCTGTAGGGCCACCGCCGTTCCCGGATGTACGTTATGCTGCTCGAGCTGGAGAGTGTAATTTGTGGCTTTCGAAATAGGTGACTACCCAGTGAATTTTTACGCATCAGATCAGCTCCGCCCATGAGTCCAGAGGCAATGTGGACTGAGATTGACGACCCGAAAGGTACACCAAATGCCTCTACAACTAGCGGGTTACTATGATGATTGTCCTCTTTAGCGGGCGTGCACCATGCCCCCATCTACGCCGAGTGAAGGTGCACGCGCGCGACACCTCGAACCTGTGCAGGTGACGAATCCGGGCCGAAAAGGGTAAACCCGCGGTTCTTAGGGTGAGAGGTAAAAGTCTAATCTGCGGCACCAAGACTGAATATGGTCAAAGGCAACATGGACTAGAAGAAGTCCGCACACAGGTTTCCTGGGTCCTCATCCTGACGGGAATGTCTGATATCGGCTAGCAGTGTATGGTTGGGTTGAACGCACCAGGGGACTTAAGCTACCAGGATAAGTGTGGTCTCTTACGACTGAGATAGCTGATCGGCGCGTAGCCAGTGGGCGATAATCCCGATCTCGAACATGTTGCGTGGTGGCACAAATGCCAAGCGACCCGCATTTGTACATACACCGCTAGTTTCGTTCAATGGGTCTAAGTCCATTTGGCTACATCGACATCAAATCGAGCTCTAGAATGGTGACTGAGAGGCAGTATTCCCAGTCTTTCTCTATCGGTCGGTTGACAAGCGACTCGGCTGGACAATTGCTTGGTTAGTTCTGCGTGAGAGCCCCATCATCCCTCGTCCACTTCTAGTGAGAATTGCGAGTCAGCATTTCTCAAGGAGAATTGCGAGCTGCAGAACCCATTTCCTGGCCATTGCCTGCGTCATAGTTCCGGCGGCGTTCCGACCGTTTCATATATTTTGGAGGGCGCTCCTCTAGCGTATGGGTGACCAGTGGGACGCATTCGATCATTCTTTGCCAATTATATACCTATCCCCCTGATATGATTTGATCGCTCTCGTCAGTGCTGCCCCAACGTACCACTTACTAATCAATCAGGCACACGCCTGATTGAGGTAATGAAGGGGCGGCCCACTAATTCGACTCTGATCTGTACGTTCCTGCTCGTTTGCCTGGTTCAATATTCCATTAAACGCCGACAGAATAATCCCTAACTCCATACGCATCAAA,1982,50.71,Caenorhabditis elegans
SEQ_442482,TTCGCTCTTGCAGGTGGTAGTCGGATGGTTCTAATGGATAGATACCCGACCGGGATTACTCGATACAGGTACGGGGAAGAGGCCGTCAGAGCAGTTAGAAAGGGTAATGATCTCTCCTTTCATACGAGCTACGTCCATGCGCTACTATAAGAGTCACGCTGAGGTGCCACGATCAAGACTCATCAGTGAGAAGTGTCTCTTAAGAAAGGGGCTTTCTAAGTTTATTCATTCTACTCAGACTCTACGGAGGACATTAAGTTGAATGAGTCCCACACGGATTGTCGAGCCACTCTCTTTGGTGTGCCTTCGCATAGCATACTGGGGAACTTAACAGTACACGGCTACGCCTTCAGTTACCAAGTCAACGGCGATCACGTGTCATCGTGGCGCAACTAGCCGCAGTTGTGGTTACTCAGCGGAGATATATTCGCCCTATGATAGGGCACACAGAATTGTACGTTTCCCAACGTCTTCCGGTACCATTTAGGCGTAGGCGGCGTGGGCTACATGAGCACCATGTACACTGCTGGATCCAAGACAAAACAGGGTTTCAACCGACGCCAAGCGGCTGATAGATATAACAGACATCAAGCGCTCTGGGGAAGTCGGTTAGGATTACGGTCTGCTCACGGGCTAAGCTACTCACTGGCCTAAGTTGGCGGTGATAAATAGAGCCACGTCGGGCATTATAAGCCACCATCCACTGCACTATGCGTCTCACCCACAATCAGCCGAGGCGAGCTGTCCCGCATTTTTATAACTAACTCATCCGCAAGTATAGCGGACAGCGATCACCCCGCTCCGTTTTATTAAACCCCTAACAATGCATCGACATCACCTGTAATTTCTCAGGTTTGAGGCGGCGTTCCAAGAAGGATAGCTCTGTGAGGGACTAGACTTTCAACTAGTTCACACACATTAGAAGTTTTGTAACTTTTGACGCGCTGGCTAAAATAGGCCGGCGGTAGTGCCTACAACTAGACCGGGCTTAGGGTACAATGCAGTGCTCGGAAACATAGCGGGTTGAACAGTTACAGCGGGAGTAGGTGACGCACAAGTCTGTACATTCTATGGGCGGGCCGGGGCCCCCGTGGCTGGCGGTTGTAAACTTCATGTGCGTCCGTGCAGCATTTTGGTCATTGAACTTCGTCGATTACTGCAGTCTGAGAAAGACTCCACTGTAATCCTGATGTTTGCAGTCGCTACACGCACGGTGCGCACAACCCATTATGCTAGAATAGTATGCTGTTATCACGTGAAAGTTCCTATCCTTCTCACCGGTGAGATATTTAATCTAGTCAGTTTGAGGAATGCAGACACACCTTGCGTCACTGCTGTTGCTGGGTGATTTGTTCCCACGCGTCACGAGGTACGTCTTTCCTGGATCAGTGGCGGCTATCCGTTACTGCACGATAGCGCGAAAGATGATCTAGCACGTGACTAGAGGACATATACCCATCTCTTCCTACTATATAACGTAAAGACTTCACTCATCTAACTCAGAACTGATATTTAAGGTTAGATTGGCCCAACGCGAAGTTACATCGTCATCTCCATCTCACCCTCTTGTGCGTCCGCATCTATCCGTCGTCGTCTGTCCTCACCTGATAGAACGGCTTACATGGGAGGTGACACACACTCGCCTGTGAATATTGTTCGTCTATATA,1667,49.43,Saccharomyces cerevisiae
SEQ_986196,GGTAGTCCTCGCTGCTGTTTATCGTGCAGACAGTGTGACTCTGTTGTCGTTCACGTGTATCAACTACGGAGGATGCACTAGTGAACTACGCAGCGGGCGTTATAGTAGGAATCCCGTGCGCTCGGTAGTAACGTCGGAAATCTTGGATGCCCTCATCAACTAATTACAGCCTACCAGTAAGCCATGAGCACTAGTTGTAACTGTTTTCTGATAATTCTATGCGCTGCCCTGCTTAGTTATCTGGCAGCGCCATATTCACTCAGGCGTAGGTTTCTGAGCAAAACGCATAACAACCAGACAATAACTCAGTGATGTGCACCACAGGTGGGAAGAGCGGGCGGTTACTTGCGATGCCTGTTAGAGCTACTGGACAGTGAAAAGATAGCCTCCGATTAAGCACCCCACTATACGGTAGTTGCCTAGCCCACGTTATTAGTAGATTATAACTGTTGATGCGAAATGCGCCTGGAGTCCACCAGAAAAAGGCCCAGTGCCTTCCGCTTTCTGTAGGGTAACAATTCGGATCCGTCGATCACGGCGACGCGGCTGATCCAACGTGAAAGTAAGAGCACCAATGGAAAAGCCAAACCCGCAATAGTGTCTAGAGCGCAGAGTACCCCGTCGCCAAGAAGGATAAGTAAAGCCTCATGCTAGACTCGTACTATAAGTGAACAGCACGTCTTGCAAAAGAGTACTTACGGCCAGCAATTTATGGTACTCAAAGGAAAGCTCTTAAACTATGTGCTTAAAGGCCTTTGTCCGCAGCCTCAGTGTGACAAAGAAGCTAACCTTCCGATCTCAGGCCAAATATCTAAGGACATGTAATTTTCAAAAACGGGTTACAACCATAGGGTGATGCCCTTATAGTAAGTGTGTGTCTACACGGGGGAGTTATCAGCGCCACTGGGTCTGCCATCGAAGGCGTAACTCGAAAAGCGTGTCCTTGAAGCGCAAAGTTGGGTACCAGCTCGCAATTTTACACTGTCCGCGCGGCTTATGAGTTTGTCGTAACGCAACCCTTAACGCCGTTAGTCAGAAGCGTGGGTTGTCTATTGGTTGGGTCCCCTGAGTCGTAGCTGCGAAGGCTCTTGGGGAGGTGGGTCAGCCCTGTCTCGTATCAGTCGGTGATCGTTACCGGGGACCATGCAATGATGGAAAGAGTTGCCAAGCGTCACTCTACTTCTTTGCACCGTGGTTCTAACGAGTAATTGGGAACCTCTCTCATCTGTCCTAGCCCGGGCTTTATTAGCCTTTGATTCTCACCTCTGGTTTGCTTAGAGTAGCAGTGGTTCGCGGCGCGTGAAATCTCCTATTCCCAGAAAAGAAATCGCCGCACAATCCTACGACCTCAGCATCATATGTAAAATAGCAATTTTCGAGAATATGGCCTTCCGATTCACTGTGGGATTAAGCATGATA,1419,48.91,Escherichia coli
SEQ_100185,TCGGCTGGAAATAGCCCATCGTGACGGGACTCACGAGCATATCCACATTTTTCCAGTTCACAGCGTCCTAGGCCGCCGTGCGGATGTGTCGCCTTTCTCAGTACGCCGTCTTAATACCTAGATGTCGGTAAGCCGTACTTGCACCACCCCATTGTGGTTTGCGTTATAGCAACTGCAGCCTATCTGACAGCCGGCCTCTCATCCTTTGGAAGGTAGTCCAAAAGGAATAAGCCTGCCATGATCCGAGCGAATTAGCCCACTCTCGCTAACCGTTTAGCCCATTTCTGACATCAAATAGTGGTGGCAATTGCAAGAAACTACTATCGTTTTGGACGAGTGAGCCTTGTGTGCACGATTTGTCCGCGGGTTGTGCCGGATTCGGGTAGCTATAAGTATTCCGTAGGCCGTAAAGGATCCGTACGCGTAGGGTCTGTATATTGTACACGGCCGGCGTAATGGAATACGATCGACTGACTCTGCGGTAATTTTACGAGCCAATACGGATTTCAGCTCTTTGACTGAAATCGACGAGCTGTCATTCTCGCAAGCAGCGCGGTAGACGATAGGCCATAATCGCAGCTAACGCGATGATACCGTTGCGGGGGGATGTTCCTTATTTCATTTGGTCACCCTGATCGTGACCTTGTGACTACCGCCAACCGTGCGGTACGGGAACTTATTTAAATCTGAATTCAGCCCCATTTCCATGTGGTTGAATATGAAGGCGCTAAAGCTTCAACTTACTTGTTTCGGAGGATCTATCGCTGCTTACTCACCGGATAGTGGTCTCAAGCGTCTTTAGACTGGCCCACGCGTATCCGATGATCTCGCAACACCCAATGCGATTAGCGCCACGACACAGGATTAACAAAACTTGTCCTCTTAAGTCTCAGTGGAGTCAGGTCGAACCGTACACTTAATGCAAGGGAGACTTTCCGGATAAGTGTTCACCAAGTCGTCCAAGCTCTCACCGGGACATAGGACCAGTACACAATACTAGCCCTAGGATAATTCCGCTCACTGCGCTGGCAGTAAAAGTGGTGTTCACATTGAAATGCCGTGAGAACAACAAGAGCTGCGGGCATGCTACCTCGCGGAACATTTTCCCAACTCGCAAGTGTCAACGCCGGACGATACACTTCCTGAGAAGTGCACTTCTCACTCAGTCCCAAATCATATTTCAGATAGCCCCGGGAGATTATAGAAGGACTTTAAAGATAATCTTTAACTGGTCCCTATTGATACTAAGGATAGAGCACAGGATTTCCTGATTAGAAACCAACCACGGGATGTTCGATCTCCGGCCCGAGGTGGGCGTGAGTGCTCGCTTCGCTCCTCGAGAAGGTGCCCTTGTCCCGTTGCTGGGATAGACCAAACCAGTGCGTGTCATTTCAGGATGCCGTAAAGACAAGGATACGGAACCAGCCTTATCACAGGGGCCGTGGTGATGCAATGGTACCTACCCTGTGGCACAACCGATCCCCCATACCTCATGGCGAAAACGCGTAGGGCCTCCGCACGTGTGCGGCTACTTACACGCAGCCAAAAAGTCCGCTCTGAACACCCCTGACCAGATTGGGAGCGCAATAGTCGAGTCCGAAAATCGGAGCGTCGGTCTAGCAACGCTAGCGGGGGCACTAACACCTGATCAGAATTACAGGTGCGCCTACTATGAATTGTAGCTTAATCCTAATGGTTCGGAGGAGTAGTTATGGGGTTTCGGACTTAAATAGCACGAGCGACGATACCCCTGCCGATGAACACATATCAGGTTTGGCAAACGACACCCGGGTTTCCCGGGCAAGCTGGTTT,1812,50.94,Homo sapiens
SEQ_164305,TGGATGTAGGCGCATCTTCAGAGACAACCAAATTCGGCGATTGTCGGCTTAGCGGTAGCCGGACGTTTGAAATTAAGGAACTGTCGGAGTCTTACGTTGCTAGCCCAGATACTATTATCCTTTAAAGATAATAGAGCAGTCCAAGCATTCGCACTCGTGTACGACGGTCGACTGAACTGACCTCGGGGACTGTTGTTCTCTATCTTGTCACGGACTCAGCTCCTCTATAATGTGGTACGCGCCCTAGTTGGGCACCTCCCCGGGTCAAACTGTAAGGTCTTTGAAGAGATGTGGCTTTGCAATCTGCTGGTTTGATAGCCCATGTATGTACGATATACAGCATATCCGACGGCCTATTCCATTTGGGCGGAGCCATCATTCGGGGTCGAAGTTTGAAATCACCGAGTGAGTATAGCTTTGACTACCTCCGTTCATAAAGCGACAGCGTTACGGTCGTACAAGTGATTCCCCTAATGAAATCCAACACCGTTTCGGCAGCCTGATTCAAGTGTGAGAGCTTTGCAGAGCCGAGCGGTGCATGTAAGTTCACTTCCATCTAATCTGGATGGTGATACGGTAGGACCGGGTGTATAGTCTCTTTTACGAATCAGTTGGGTAAGTCTGGAACCGTTCCAGTCAAGTGGCCTCTACTATTGTTCTAACGGGATTCTAGGAGGGAAGTCTTCAGATACCATACGGTCGATCCCCTCTGCCGTGCAGTCAGAAATTGTAGAGGGGACTTTCAGGCAGAATAGATTTGCATGTCTAGACAAGTGACCAAGCCAGTAGCCGGAAGAGTTACTCCTATAGGGAGAAGGCCTCCACATGCTATCCTGACAGCCCTACATAGCTCTAGGCAGAGCTCTTCCCGCACGCTCGATCCTAGTCAAGGCGGCAGACGGTGACGCCGTCAATGCGCAACTAATGTTCTCAACCCACCCCAAGGATCGTGATTAACTCACACGGCAGAGCGCGCCCAAGCGCGATAGGCGTCGTAGTCATTGAACAGAATTTCCGTTCCCTCACATGATTAGTGACACTGGTGGTTCAACGCTTTGTCGCTAGGAGTTGGGTATCGAGTAATGCTCCCTGCGTTCACGTCGGGCTTATGAACCTTAGAGCCTAGCAATAGTCCTAGTGAAGGCGACCCACGTATGTGATAACATAAACACCTCGCAAACCGCGCGGAATTGGTGGGCCTGACGAGACGAGTGGGATTATACGAGCCGCGCTTAATAGGAATAGAGGCGAGATGTGGTGCTGACACCAATCGATTTAATTGAGTTGAAATATAATACTGAGTATTCC,1308,49.69,Drosophila melanogaster
SEQ_761831,GCACAGTTTTAGAGACCCAAGTCATACCACAACTAGGAAGGACCCCTGACCACCTACATCGAAGAGGGCATTCAGAAACTGCGCTACGAAGACTGTTCCACCGACACGGAGTCCCGATCCCGAATAGTCGCAGGGCTTACTTTTTAATTAGTCCAAGGCGCTAATCTACAATCTGTTGTTACTTCTTTACATAAAACCGCCGCGTCGTAAAGGGAAGCCCCCTATTTTTTTCTAAGGCTCGGGGCCGTGTGTCGGACCTGATTGTCCACGAGCCGGTTCGGAATGTTCCGATCTACACTCGTGATACAAGGTGCACGCGGCAGCATGTGCTGATCTCTGATTATGGCGCGTTGGCCTGAGACTAGTCCAGGGGCACGAGCGGGCTCTCTATGCCCTGTTAATTCGAGGAATAGTGCTAGCTACTATCCTTCCCGGCCACAACAAGACGACGGTCATTCGCGTATGTCTCCCACTAAATATATGGCAGTCGGTGCATAGCCTGTCTATGCTTGTAGTGAGCAGTTGCTGATTTTACTCTTCATCGATCGAACAACACGCGAAAAGATGGACACTCGCAATCGCCGGATAACGTTACCTTGGGCTCGCTACCTTACGGTACAGTCAGTCATGGCCA,634,51.1,Escherichia coli
SEQ_462614,CCACCAGAAGTCAGCTTGTCAACACCTTGAGAATTACTCCGATAGCGGGTCTCCAACCTTACGAATTGCATCAAGCGTGCCAACTGATCCTAGCCCGATGGCACGAACTCTCTGATTGCGGACGCCCACTTAAGTCCACTCGAGGCCGTGTTGGTAGGAGCTATCACCCGGAGACCACAAAACCTTTGTCTGCGATGCCATAGTTGACGCATAAGTTCGGTAAATTATGAAAGGCTAGTTTACCAGTTACCGGGAGATACGCCCTGGAGATTTTATAGGCTTAAACGTCCCATATCATTTTCTGCAATACGTTATATCTCTACAGACTAAGTCAGGCGGAGTACCTCCTTTCGTAGCCCCTTGATGTAAGGGAGTGCGCGAATGATTGCCGGTTATGCCGGTTCCAAAAGGTGGGAAAGAGACATCTGAGGCGAGAGGTCTAGCGCTTACATGGAGAGTTGGGTAGTATGTACTAGAGAAAACCCCGTCCGGCGTCGCCCAGGGAGCTCCTGTAGATATGCTTGACGCTTACCAATCGGTGAACGATAACCAGACACTTACGACGGCAATGGGTGACCCTACAAGGTCTCTCTGTCGAAACAGGGACAATAAGATCGGTATGGTTGTTGTGTCATCACGCGGCCTCCTTGCATTAAGCATTC,662,50.0,Mus musculus
SEQ_452424,ATCCCCAAGGGACTCTTACAACACTGCCCGACGGTGGGGGCCCGAAGGTCAGAGGCGACCAATCCTATATGTGTCTAGCTGTATTATACATCGGAGTCAAGAGGGAGTTCAGCTCGATCCGTCTCCCACTTCGCCACTATTATTCGAATCTATGATACAACGACCATTTAAATGATTCATCAAGGATGGGGCTGCAATCGAACATAGAATTCACTGTCGGGGACTGACTCGCTTACGGCCCCGAAGTCACACGCCAATGTTGCTAGTTAAAAATCAGCCCTCTGCAACCTCCCGCGGCTCCGAACGCTGTCATCTGCTCGGCTTGGTTCGACGGTTGCCCGGGTCTTCGTCTCCCTCTCCGTGACCATCGCCTCGGTCGACAAGACTCTGGCAAACCGTATAACTTCTCATTCTAGTAGCACCACGAGTTAGGAACTCCTAATAACAATGTACTCTCCGGCTGGCCCTAACTGATCTAGATACCTCTTGAATCGGCTCACATAAAGGGTCATAGGACCCCAGGATAATGAGCAACCGCAGACGGAATAGAGCGCTCATTATGGGACAAATTGGCAGGCAAGGTTCGGCGGCGACCACCCCAGCAGCCCAAGGCTTACTGGGTGGAGCCGTGTCGATTTGACCCGCTCTTTGGAGACCGTTTCGGTGGTCCGCGGGCAAAAGAACGAGTTCTCGTCACATCCGTGGGCATTCAAGCTGTCGTCTGCGATCGACCCCGAAAAGTATCCCCTAGGAGGGCGGACATAAAGGTTACGAGGGAGGGTAATTTGGCAAAGTTATGCGACTGAACCGCTAGCACGGGTGATCAGTTAGAAGACCGTGTAACAGCCGGCGGACGGATTTAAGGCCGGGGTAAGCGAACGATGCTATGTTCTTCTATCGGCGAGACGTAATGACATTCTGCTCTCTCGCGCACAGACCGGTTGATCAGGTTCGCAACTGCTATCCAACCCGGCCGGGCTGCAGGTGCATCAAGTGGAGGCAGTCTGGTCGGGAGTCTAAAATCCTTAAGTATACACTGGGATGGCTTCTTGGCTGGTCTTCATTGAGGGTATT,1074,53.26,Saccharomyces cerevisiae
SEQ_351103,CCGATGATATTCATCAATAGACACCCCAGGCAGCGAAACTTCAGTGCAGCCGGATACGGTTTAAGTCATACAAGGGGCCTAAATTCGCGTGACAGTGAAACCCATGGGTCGGCTTCATGAACGGCAAAGCACGCGTGTCCGGCAGTCATTCGCCGTATGGTTGAGCACCGCTCTACTTCCTGGATACGCCTGTAAATGAACCGTTGCGCTTAAGATGGAATCTGAATCATATGCAGACGGTTGAATGGAATAAGTCATCGGGGCCCAGCGCTTTGCTATACCAATTCCCGGTCTAGCTAATAGAAGCGCACGCGCCAGGACGTAATATCGCGACGTACCATCTGAATTTACGGAAACACAGTATGGTAAATATGAAAGCTAATTAATCAACGACCGCTACTCGCACCACTGTCGACCACGTTGGTAGCTGCTAAGTCATATCAAGGTGGGGTTGATCCGAGCGACGTCCGTTGGAACCGGGGTCCGCCCGTAAAACGACCGGAGGACCGCCGGCTGCGGAGCGGCATGCAAGCCCAGGTTACTCCCCGCAGCACTATATCTGCACTCGCTCTGTTCACGATGGCATTACTACATATAACTTCTGAATGGTGCTTGCTAGCGCCCGAGAATGTAGTTGTTTTTGACACATGGACATTCATTTAGAAAATAAAGCGTATATTCCAAATGATATTATTCCTTCAGGCTAGTCCAGAGTGAGATACGACAAGACTATTGTTCCCTCCCTCTCACAGTGGCAGTTGTTCCTCTGAGCCTTTACATTAGTCCGTGACACCACTCGAAGGGGCAACGGATCGATGCTGATGATCTACCCCCAACAGAGCCACTATGAACCCGGACGGCATGGACCCGAGCCGCCAATACCGATAATGTGACCCTAGTCTGCTTAAGGATCCAGTCCACTGCTGGTAATGTACAACACGACATACCAGTGGCCGGTCTGCTATATAAATGGCTGCATCATACTATACCCGTAGGCACGACGTTATGTCCTTCCGAGAGTTAGAATCTGTACAGAACACTAACCCTTCAAATACAGGCGGTGCTGAGCTTCGGAGTAGAAGTGTTGTAGCGATTACGGCCTCCACGACAGCCCTCTGGGGCACCAATAACGTTGAGACGCCAGCATAGAGTTGCAACATATTGATACCGTTACTGCCTCTAGGAACACGCGTTAGGCTATAGTAAATGTATTAGGCTTTGAAGGTGGGGAGCAGGCCTTCTGTTTGCTTCACATAGGTATCTTTTCCCGACAGCACCCAGTTTCTCGATGCGGAATATGATTTTACAATCAGCGGATCTGAAGGACATGAGCTATTGATTCACGGAATACTAAGGCTACTGCGGCCGGGCTAGGCACATACAACCATAGACTATCACCCAACCTCTGCACCGGAAAGGTCTGGCATACTAAATTCTCCCAGGAGGTGAACATCCATCGCGGAATTGGAAACCGCTTGGGAGAGATGGTTCCCGCTGACTTGAAGGTATTTCAGGGAGACTACAGGGGGCCGTCAGCTTGCGCACTTGGCTGAACGACCTTAAACAGTAATGAACCTCTTAACCTTGGTGGTAGTAGCAAGACGGCCCCCCTATACTCAGAGAGCAGTATGATGTCAGGCTCCAGATATAAGTTCCGTACGGACCGTGAAGTGGCTG,1677,50.09,Drosophila melanogaster
SEQ_374030,ACGTTGAACGACCCCTGCTCGGGAATAGGCCCACTCGCCGAACTGGCCACGCTTGATCGCTGAAGTAGCAGTTTTTGCCTTGTACCTTTTCGCTCTGATCGTACCTACAGTTTGAACGTCACGTATAACGCCACTGTGCGCTGCCTTCAACATCCTACCTGGGCGTATACAACCTACAAAATTCCGAGCAAACACTAACTGTGCCCGATCGTCCTCAGTAAGGGTTATATTCTAGGGGTCGCGCGGTCATTATGCATATGGAGCCACTCACAGTGCTGCGAAGTATTCTCTTAACTCTTCCACAGGCCATCAGGCAGCATCTTTCTATATAACCCACTCTGTTTCGTAATACCACCGTAAAGGTGGTTACGGGGACTCACTTACGCGATCTAAGACAGTCACTAATATACAGTACTTTTCGGGAGGCGGTTATATCCCATGTACGCATGAATTGGGTTGTTAATCGGTGAAAGACGAGGCCGGTCTTTTTGCTCATCGTAATAGTTAGTCCAATTCTTAGAGCGCCTACCATCCCTAGGTTCAAGCCCGGGACACAGAGTTCGTAGGACTCTAGTGACTACTTAACGGAACGGTTCAACTACGTCCACCCAAACGACGGGATGGCAAAGTAATGGTGGCGTCACTTTAAGGGCTAGCGGTTGCAAAAAAAAGACGTTCTGGGAAGAAGCGCGTTGAGTTGCAGTCTTACCCTAAGCTTCGGACTATCCTATATTACAATTATGCTCACAATGTCTGATACACCTGTCACCCTTATATACGAGTCGATAGGGACGGTAATTACACCGGATCTGTATAATAACCTGATTACGCCGAAGATCAGCTATTACCGATGGGTGCCTACCCTACTTGAGTGTAGGCCCGAAATTCCAATGTATGACCATCCAGGGTTTCGGGGGGCGATTCAGGAACCAGGTACTGGTTCTGGAAGCATACGATTTCTTGTAGCAAACGCTCTAAGAGGATTATGGAACCTAATTACGAGTTTATGGCGGAAACGATCTACTTCTTTACCTGCTCGATACCATAGGCCCGGAATACACTCCTCGCCAGCCGCACTGAGTTCCGTTCAAAGCTGATTCATACGTTGGGCCACCGAGGGAACGACACCGACGGCAAACCGTGGTTATTACCCCACGCTGGATCAAACCGGCTCAGACATCGAAAAACATTCGTTCAAGCGTACAGCGTCTTAACATGTAGTGCCGACGGATGGGGCACACGTCGTACCTCGTCCGTGTACGGTTAAAGTACCCTATATTTCATCGAATTGCTTAGTCCAAGGCCTAGACCATGTTGCCTGTTGCTTAAGTCGGGGGACCGGATCAGCGCAGACTACTATTGAGAATTGAACAACAATACTATTGGAGAATACAGTGTTTTTAAGGCTAACATATTGAATTTATACTGTCTATGAAATCGCTCGGGAGATGCATGTGCAGCCAGGACGCGAAGCTCACCATCCCTTTATGGATTGAGATGCTAATCTTTAATGCGCCATGACCCCATTGGCATGCGGTTAACGTCGCCAACGGTGTGATTGAAGCCTGCCGGTCTTTGGCCTTCCCGAAACATACGGGGACAGATGCTCCAACAGTTTTTGGCGCAGCAAAGGCTCCACTGATTATAGCATGTAG,1655,48.4,Arabidopsis thaliana
SEQ_554142,TTGAAAATTCTAAGGACTCATGTCACCCCGGCAGCGCGTGTCTGCTTACTCTTGTCCTTGATACAGGTACTTCGGACTATAAACTGGTGTCCATTTCAGATAAAATTGGCCCCTAATATGCCATGCGAACTTGCCGTCTTGCCATTGGCTTAAGCAGGGGCGGGGACTCTAGGACTTCCCTCCGTCTGTGAAATTAGAGCGGGCACTTGGGCAGCACATATCTTGGGTAAGAGGTCACCTTCGTAAGTACTCTGAGACTCACATCGTGTTAACTCTCGCCGTATGATTGTGGATAACCGAGGACGATATAATGGTGCAGCAGATTGTAATTCCACTTATCTAGGGATACACTGGTCTTTAATC,363,47.38,Saccharomyces cerevisiae
SEQ_994760,ATAGTAAGTGTCGACCGTCTGTGCTCTCGCCTATAACTTTATTGTATCAGCGCCGTCAATTATTTAGAGCAACTAGCAGATTCTAATGATTTAACACGCTACCGCACGGACGCCAGGCCCTTGTCCGGAGATATTTTTTAGTTGTTCTAATACGGGTTAAGATCTTACCCTGTAGGTGAGGAATCTAGGCCTGGGGATGAAGTACACATTGCGCTATCTGAGGGATCTGTCAGTATTGATAACAGCGACTTTCGGTCGGCCTCTA,265,45.66,Escherichia coli
SEQ_425524,TGTACCGGGCACGACCTGTAATGTGCAGAAAGTTCCCCGGGTAAGCCGTACAGAGCGACTAGGTAATGGTAGATCCTGTGATCCCGAGGCTGGGTTACGGATTAGCGAATCCAGCAAGGGCTAGATGTGTCATTAAATCAAATTACCCATTAGTTGGGCAATTCTCGTTGCCTGGCATAGAGATTATTTTCATGCCCGGGATATTATATGAAGCATATATAAAGCCCCGTCTGGTTCTCGGTAAAAGGCGTTTGGTATAATCGCTGATTAAAGGAACAGATCGTGCGTGGCGACAAAGGGATTCAGGCCCGCTCTATTCACCGCTGCTTATTGTAGGCCGTTGCGCCACTCGGGATTCAGCTCCCCCTTACTCGTGTTGACTGCTCCCGAGCCAACTGCGTTATTCTTGCAAAGTTTCGAGTTGGCATCGAGACTGGATCTCCCCGGATGTTACGACTGTTGATAACGCGGTACCGCAAAAGATCTGATGACATGCGTCTTCTGGTTCGGGATCAAGGGTCGATAGACTTTCTATTAGTAGCAGCAGCAGGTTTAAGGGGCGTACCTCTCCTCCAAGGTGTGACGCTTTCTTTCCTGGCCGGAGAGTTGATGAGTTGCTGATGAGGTCGCAGGGAGGTGCATTATTTTCAAGCAGCGGAGACTAGAGTCGTGATAGTGAAAGGGTTCACCGTTGTGCGAGTACGAATAGATTCTTAACACATATTATATGCTTAGAACTGCGCGTACGCATGACATGTACTCTATCCCAAGCTCGAATT,779,48.91,Caenorhabditis elegans
SEQ_699562,TACGGATATAGACACGCATCCACCGTTGTATCTTGCAGGTCCCCCAGCCAACGGATCAAACCGGTACTAAAACAATGGGCCCAATTTAAATGTGAAGGCATTACAGACTAGGCCTAGTGATAGTGGGTAAAGAATCAGGCCCCTAATTTAAATCTAGTCACAAATAAAGGCATTGGCCAGACGCAGCCTTATTTGCACGGTTCGATCCCCTCACCGTGTAAAACCGCTTAGGATTTGAATTAAGCGTATGTGTCTGGACTCCTATGATTTAGAGTTCATACGTTCAAGGGTGACAAGGCATCATCAAACCTTAGTTAGGTGGGGCCCTCTGCTCTAAGACTCTCGGAGACTTTAGCAGCGCTGCTCCGTCGTCAGCAGAAGTGCAGGCTAAGCCCAGTGTGACCCCGAAGTCCGGAGTTTGCTACTGGAAGGAC,434,48.62,Escherichia coli
SEQ_190734,GCCAACTAGCGAGGTAAGCTAAACACAGCTAGAGTTACCGACGCTAGAATCTAATCTTAGACTATCAATAATCCGCTCACGGGAGCACGCTACTACTCAGTCAAAATTTCGGCCCCAAATTGAGGGTAGGGTTGATAAGGTCACAGATGTACGTCCCCACCTCGCAAGGCCTTAATAAGGACACGCATTAGGCAATGAAGTGATAGGTTACGATTCTGTTGGACGCTGGGGAGTTAATAGTTCCTTATAGTGGCTCAGATCTCACCCGGCCCAAAGAATCGCTTCTAGAAACTAGTATGACAGTGAGCCTTTGTAGCTGCCACGGCGGCTCCCTCCTTTCTACGTCGTGTTTGGTCAAGTTAGCTCACCCTGCCAGTGCATTGTGGAGTACCACTGTGCTTCCGCGGTTAGGATCGAACAAAAGGGTTGGAATGAGTCTTACCCACCCTGTAAAGTTAATACGTAGGAAGGTACCAGCGGTACTCAGGCTCTTTCATTGAGCATCGTGACCCATTGTCCTTCAATCATCGTGGAAATGGCGAAACACATACCACAAGGGCCGGGCATACGACTCCGCATGCACGTATGAACCGGGCAAACGTAGTTCGAGGTCATGGTCGTCGGGACGCCTGCGATATTGTCCCTAGCGGTTCGTAGTGATACAAAACTAACACTCCAGGTGGCTGCTGCGAAAGTTCCTTTTCGGTGCAGGATTCTAGCAACGGTCCCGTCCACCTCCTTCGGCGTACATCGGCGCTATGATATGCATGCACCAGGCATCCATAATTGTAATGTTCTTTTTCATCCACCCGAACTACGGTGCGACGGTAAGTACGAAAATGACAGACACTAACGTCCTTCTGGTGATACTTGTTTCGGGCATCGAGACGATGTGTACACGAACTCTAGACCTCGACTGGATGACTCCAACACATAACT,939,49.73,Mus musculus
SEQ_612976,TGATTGCGTTGTGGGATGAACACAGAGTAAGCACGAAAGCGGACATAACTTTCGAGTAGAGGGGCGTACTACCAGTGCGACATGGGGATCTGCACGCAGGAGGCTCTTCGGGCACGAAACAGGAGACTTGGATTGCCTATAAAATACGAGCAGCCTTTCCCCTTCCTCCCTAAGTCTATCAGCATGTGGACGCCAGTTGCCACTTGGTAACGCGGTTCCACGCCGGCATGTGTTCGCCACGCCTAGGCGCGACTCCCGCGGGTAGAAGGAGCCCTGTCCTTATGCGAGCATTGATAAGTATACTTTATACGCCCTACGTCCAGACACCTAGCAGAGGGCGATCCGAATGCCGCGAGGTTACGCCTGTAGTAACGAGCGGCGTTACAGACAGGCGCTTTCTGCCAGCGCTCTTTGGTAAAGATATTTGACGGCCAACCATCAAAATTCCTGTCGGGTCTGCAGCTACAGGGCGCGTAGTCACATACTACGGACGGGAACTATCGTTTCGCCGCCATCCTGTGTCCTGAATTGAGCCCGCTACTAAGCTCGTCGATTTCACAAACTACGCATATGATGCCCTCACAAGCTCTAGGTCTAGCTGGTCAAATCGTTTGTGCACCGGCTAGTGGTAAACCCTGGTGTCACGCGTCAAGCCCACGGCTGGGGACCGATCGCGATAATCACGCCGTGATTACAGTCACAGCTTCACAGATACTACTTATTATATAGCCTTCGGACATTATGCTCAATACCGAGAGGCTCTTACAACCACGCCGTGCCGCCGTCCTACAAATATCCATGAAAGGCCTTTCGTACGATGTTAGTGTCGCCCCAACTTTGCCTATTACGTTCCAGGCTGGTAGGATGATAGAGCATTTCACGATGTGTAGCTATATCTCATTATATAAGGACCACTGCTCAGAACTCTAGAAGGATAGGTCTAATGACGGATCTCCCATTGCGGAGCACGGCTGCATTAACGATGCGGGAACCACATTCCCTCATTCTTTAGCGTCACCTTGCATAGCACTTTGTTCGACGGCTGCAATGTGCATTATAAGTATACGACCAGCGAGGGCGACCCTCATATTTATCCAAGTTTGCTACGCTGACAAACTTGGGTTACTACGGAACACTCGATTACTGCTGGACCGACTCCATAGACTAGTTCCGTGGCCACGATGTACAAACGGGGAAAAACAGGGTGGTAATGCACGTCTAGAGCGCTTTAGATTTCTCGCAGGTAGATTTTATTCGTTATCACTTGCTTATCCGAGTAAGAGAAAGCCAAATTCTGGCCCAGAAGTCCTAGAGATGTAAGCTCCCCACTTGAGTTGTCTCCTCGGGGAAGTCTGTTACAAGGTTCGGAATCAGGGCGTGTTAATATAAGTGGCCGCCATTTTCGGATGCCACGAGGAATGATAAGTTCGGAGTTCCGTATGCACTCACAGGTCGGGCCACCTTAACAGGCCACACGTTGCGTTCACAAAAATACGGGTGCACATCAAGAACGCTTGGAACCCGGTGTCGAACAATGGGAGCATTTCTCTGGGGTAAGAGCCTTGCTCGCACCCTTTCAAGTTGCGCTATGCTTAGAGTTGCGTCGTCGCGATCTCAGCCATCGTTCTCGGTTTAATCCGTTGGATAGAAACGCCTTTAGTTGGTGCAAAGCCGGAAAAAGTAGCCAGCAACATCCAAGACCCCGACATTAGCCCTATGCTATATGGTGTGAAGTAGCTGAACCCGGTTACAGGCG,1756,50.91,Mus musculus
SEQ_886124,CGTGGCGCGCACACCTTGGTGGCTTTTTGAGTATCCGTAAACTAGTTGAGCGCGGCGGTGTATAGCGAGGTGTGTTGGTTTGTATTACGAAGTAATTGCGTCCACCCTGTACTACAGACTGGCCCGTGATCCAGACTGGGACGAGCGACCCGTCTAATGTCTATGGTGTCTTATGGTCCAAGACTATAAGCCGATACATACCAGCAATCTATGAAGGCTCCCCGGAGCGTCGGTTCAGGCCTTGTATATTAGTGCGTTCGCGAGTTCTGCTTCCTACGTTTAGGAGTAAGTGAAGATGCAATCATACAATGAGATTACAAAATGACTGTGTTGAAGTCGGTGGCGAAGGGACTGTATGCTTGGGGATCTGACCGGTTCATAGCAGAGCGCGGTGAACTAAATTGTAGCCGCTGGTACTTCCGGCTAACGCGGCTCACCGCGGGCGGTATTCTCCATAAGAATTTCGGTTCCGTGAGTACCCAGGGGCCAAGCTTATGTCATAACGCAGCATCAAGATTAGTACACGCGTAAGAAAATGCTTGTGCCTCGTAACCAACTGCCTTACTCCAACATCGCACTCGCTCGAAGCACAGATTCACGTCGCAAGTAAGCTTTTTTATGCCAGGGTAGTATCAGTCCTGGAATACCGACAATTACATCGAGACAAGGTTGCGGACACAGAGAGTGACCGGATGGATGTGTGCCCCCGACATGCGGTTAATAACTGAGTTGGTCCCTCGTTCCGGCATAATAGCTACTCTGACCAGGTCCAAACATCTAGTCCAGTGTAGAGCTCGGGCCCGGTTAGCGCGCATTATCTCGGGGAGATGACTTTACCAGTCAAAGCATAGGGCAACTTTCCAAAATTCCGGCTCTGCGCAGAAGCTATTACTGACGTGGTAATCAGATGAAACCAGGCCCTGCGCTGAAGACTTCATACTAGTGTTGAGCACCGTGCCGCTATGTAATTACCCCCATCTTACCCGAATGTGCCTTTCGAATAACAAACCTTACTCGTGTGTCGATACACCCGGTCTACCAGAACATAGGCACGTTCTCGAAAATCGCGTGGAGGCCATGGAAGAGCAATGGGCTAGACTGACTCTGTGTCATTTTGCTTCACTTAGATTGAGGAATGGCCGAGGTGCCACCGTGTGAGATAGTGCCAGTTCGTCTGAGAGTTCGTAAACAACCCCACCACCAAGTGGCGAGTGGGGCTGGCTTTGTTTCGATCGCGAAATGGTGCCACCCACCTCCTGCCTAAAGCGTTTGTGCACAGGCTGTTGTTGCGTTTTCTCTGGTTGCTGGTGCAACCCAAAATGACTACGAAATGTGACCCCAGCGGTATCCGCGCCATTAATTCTGGTGCACCTTCCTGCCCTCAGGTTGGGAACGCGTCGCGAAACCGGGTTTGGCGTGCCGACGCCTGCGCACCGGGAGCGTCTGACAAGTTCCACCCGTGCCACCCAATTTTCAAGGTTGAGATATGGAGCTCGGATTTCCTAGGTGATGCTCTGACTACACGCGAAGTCTTAC,1536,51.69,Arabidopsis thaliana
SEQ_316996,CACGTCCGGATCAAGCATTTAGAACCCGTGGGTTATTCGTGAAAAGATCTCTGTCGGTTGGGTGGGAGCAGAATGTTCCGGGTGACGTTACTGGGTGAGTGTAGGCGGAAGATTTGGACAGCCT,124,52.42,Caenorhabditis elegans
SEQ_367530,TTAAACAGCAGGGAAGCAAGTTCCCCACGCAACTCCTGATGCGGGGTAATTGTATCGATAAACTTAAGCGAGTTGTATAAAGGCTACGGCACGTCTAGAGTACGAAAACTATATGACGTTCGCATAGCTAGTCTCGCTGGAAAATGGCTGAGTGCCTTCTTATGCCGCCTTCGATCCCACCCTACCCTCGAAAACCTGCCC,201,49.25,Drosophila melanogaster
SEQ_383425,TAGAACGCTGCCCCGTTAGTACCGCTGTTCTTACAAATATTCTGGACGGGTGGACCAGGAGGGACGGAGCGCCCTGTTGCAACTTCCTTTGATGGTCGCACCGCTTGAACGGTTGGGTCATCTGGTTCAATCAGCTAATCAGCGATCGAATGAAGACTCGTCAGAAATATTGTTTTCACAATTGGTGAACTTTAGGAGGAACCAGTGCGGCACTGTGCTATTCATACTGACAGTACACTTTTAGCGCCATACCACCATACCGATATAGACGTACTAGTTATGCTAGTCCTAGTGCGGAAGCAATCCGTAACTGGGTATGAGACTTTCTAATGGACCGCACCATACGAAAGCCAGTGTCGGGGATGACATTTTCAGCGAGCGCGAAGTGGTCCTCACATTGGGGGTAGCCTCTAGGTTCACACTGGGGCACTTGCACGTAGTAACGGGTTCATAGAGCACCCTGCATGACTTCAGAAAAGTACAACTCGACCACATTACGATGTTCGTTATACCCAGGCCCATAGAGTAGTGATACGATGTTAGAGAAGTCTTTTCAGTCCCGGCGCAACAGAGTAGGGCAGATCAAGTGTATTATCGCGTGAGGTATGCCCTCGAAGGAATCGCGTATCGGTTGGGTAGTATTCACATCAGCGAGGGCTCTGGTACTTATCACTCAACGTTTCCCTAGCAGTCTTGCGCGAGAGTACTAGCGATTCTCGCGTGTCAAGGTCTGGGGCTTTATACGCGCCGGTATGGCTGGACGAAATTAACACCATACGTACGCCCTAGAGACGCCCACGACTACTTTGCTGGATTGCTGCAGCAAGGGTCTCAAATCCGAGCGCCAGTCGAAGTTTAAGAAGACCCTCTCGAACTTGTGGTGCATGAGTGTTCATTTGAGTGTACTTGCTGAGCCAAATACTATGATCTTCAAGCGAAATCCGAACTAAGGTCGTGTACTTTCAGACGGCATTAAATGTCATGGCCACTGACTTGCAAATCAGGGGGTTGACTACGAATTTCGAATGGTAAGCCCGGGTTTCTGAACTTATCGTTTGCAGATGGAGTACTAGCATGGGCAGTACATTGTGAGAGCACGTATTTTTATGTGCTGCGACGCAGATCTTTCGTCCAGCTCTTGGTGCCTACTGTCGGGGCAGACCGACACTGGTTCAACAGACGAATTCCACTTATGTAACTCAGCCCAATCGAGCAGAAGTCTTTCGCAGGAACTATCAGCACTCTCTGACCCTAGAAAGAAAACAGAATTCTGTGGGCTTAGTGCATAACGTACGAATATGGTACCAATCTGGAAGGCCACTACATCTGTCTGATCCCCGAGACATGGGAACAGGAATCCCTACACACCTTAGAGTTCAAGAAGGACCTCTACTCGTGCCCTGGAGCTGCTCACTAAATCGTCGATACTTCTGTTAGTGTGGTATTGCAGGTTCACCTTGAAGTTGCGAACCGGAAGTTTACTCACACTCTTTTCATCAAAGGCGCTTGTTTGTTAACAGTCTCCATGACGTCTGCAGATCGCAGTTGGAATCTCTATTTATTCTTGGATCGCGAAGCCCGACAGCGGGAGCGAAATGTGGCGCCACTCAGCGTCCGCTGTTCGACAAAAATGTGTTCGACTTGCAATCAAGCTGTCGGGGAGCCAGGAGTTGATCGCAGATGTTATGAAGGTTCATTTACTCTACCGCAAGGCAAGATTATGGGGCACATCAAAGATTATTTAATTAATTGGATATTTCTCCAGAA,1767,48.39,Mus musculus
SEQ_952466,TATCCACTATTACCAAGGTATACAATTGTGAGGAAACTCGCACTCGGGCCTCGGGTGAGACGACGATGCGTATAGCGATACGATCAGTCTTAACAAAGATGCGTTATATTGGTAAATATTAACCAAACCCTTAGTGACGTGCCTTGCGACGGCGACCACGAGTGTGGGCTTGAACTCCGAAATTGCCCCTCCCTCTACTCGCTCTTTTGTTATGTACGGTGGCCGCGAATGGGATGGATATGGAAACTTCCTCCTGGCTCCTGTCTACAGCAGAATCGCACACGCGAGCCCCTGTACATCCTACCTAGCATGATGCAATTTGTCGTTTTACCTCTAACCGCGAGGAACATTCAACTCGTTGTCTATGTACCAGTCCGGTTAAGGCGTGGCTCTGTTCAAACGATCCATGCTAACTGTGGCTTCCTTATCGCCTTTGCTTCAGCCTGAATTGGCCATCACTTCTTTCGAAAGCGGCCCCAGGAGCATATGCACGGAGAGTTATTTTCGGCAGTTCTCAGGCCGTGTCGACTAGTGGGGTTTAGCCGGACTCTCGTCGCCTGACGTTTGTGCCGCTATTATGAAAACGGTTGTGGTTCCTTACGCTGGACGGTTGATTTCGTTGCCGGTCCATAACCTGACCGCATCGGACCTTTTATAAGCCATATTCCATCCTCTGGTGAGATCGGCGTATTGTTGAACGTCCATCTTGACGGAGGTCGTCGTCACCTCATACTGGGTTTAAACAAAGCATGCTAACTCGTTCGCTCTGGGGTCCTAAGCACACATCCCTGAGTACGCTCACGGTTTGCCTACTTCCGATATTCAAGTGCAACTACCCGAGTAAGCCGACATGTGAACATCCTTACCAACTACAAAATTGGAGCCGCCTATTTGCACCGTGAGTCTTTATTAGTAGCCGTCGGTGTCTCAAGTAGGCCGCACCGGCGTCCGGGGGCGCAGGACGCGTCCGTGCTAACTTACAAGGGGTCTACATCAACACTATTAAAGCAAGACCGGTGCTGCTTTCGTTCCGGTTATAGCTGTAACACTTATAAACATCAGCACCTAAGCGTCCCTTATTTCCACATGACCTGACGTACTCAACTATGAATTACGCGGGAGAACGCGTCTTAATCCCGCACCAGAGGGCCTCGCGCCGGGCTTCTCGTGGGACTTCCTTCCACGGTCGTGACTGCTGCTTGCTTTCAACTACACCGAGATGTGTGTCGCCCTCAAGCTGGGCTATTCGACAGTTTGGGCCAACATCACTATTGATTATGGAGCGCCTGTGGGGCCACGACAGAATGGCGCATAGAAATAAGCCACACTTAGTACCAGATGTCAAATGGTCTGCCTTGATGTTAGTTCCTGAGACGCACTATGCTTCTCAGATCGTACTGCAAGATAGGGGTTTTCTTTGGCGACTTGAGTGGCTCGGAAAGGCCCTTTGCTACCGTAGGGGTGGTTATTTGCAGAAGTGAAGGCGCGAATGAGGCTGGCCTCCTTACGTTAATTTCGTCCGCGGTCCGTTAGGTACACTCTCAGTTCGCCACCTTTATATCAGTACAACGCTAGAATGCTGCAGAGTGATCAATCTATCCCGACCGGTCAAATTACTTTCCGTATCCATCGTCGCGCTAACACCCTCACCCGGGACAGACGCTTCACTTCCGAATAATAAAGGGTGGTT,1690,50.83,Saccharomyces cerevisiae
SEQ_643711,CCAACTTGTCCTTGCTAGCTTCTTAGCCCTCAATGTCATCCCTTAAGTATTGTAGTAACATAGTGTTTGCTGGGCAGACTTACTAGGTCCGACACTTAGGTCTCGACAAACGACCCCCTGGCTTCAAGTTAAAATCCTGTGCCGCACGGTCGCGAGGGTGGTTTTGATCATTACACGTGACGGAGTGTCTGGATTTTCGCCCCAGTAGATCGGCTGAACCTCTAATAAAACGTCTCGAGTTCGAACTACACTGACTATAGAGTGTCGGAATAATATGAGACCCTTCAAGCTAAATCTTGGTTCAAGGAAGATAACTGCAGCGTTGTTGCAGGGAAAGCCTTTCCCCTCTTGCGCACCTGCTTGCCACCTCTTACCGAGCGGCGCCGCTTGAATCCAATTCGCTTCCCTTTGGAAGCCGACCCACGATCCGGGGTATTAGCCGTGAGAATGCAGCAGCAAACAGGAGAGCAGCTCGATGGTCTTCAGAGTAATTCCATCTTGCCCAGGCTCCACTGGTCTTTCATGAATTATACACCCTTCCAGATTGCCACGTGAGTGAGTCGATAGCTCATATGGTCGGACCGTTTCTGGCGAAGAGTTCTCCTCTGGACCCTTGGTGAACCTAGTTCCACCCCTGCTACGTGGCTGAGGAATTCGGGGTTCGATTTGAGAAGCATGTAATCATCATGAGGAGGAGCATTGAACAAAGCAGTCAGAAAATACGCATGGCTTGACTACTGAAAGTGAAAACCGGGATGTAGGAACGAAGGGACACAGGCTGTTTCATGACGCAGCACTTACCGCTATAAGACGCTCCTTACGGAGAGAAAGGTTCGATTGAGGGGTTAGCGCCCTTCTTGATTGTCGATGAGATTTGTCGCCCCTTGATGCGTCTCGAGCCAATTAGTTGTTTAGTCTGTAATATTGGCAAGTGAACAGGGGCCATGCATTATGAATTACTGGGGCTCATGTCGTAAGGTAATAGAACCGCTTATTGAGGCATGGGTGTTGGGCCCGACTATGAGTGGCATGTGTTTTCGCTCTCAAGCCATTAGCACATGCCATTGACGCACGGTACTCGACGTGTACTGTATATGCTCGGAGAGGCACTCGAAATTCACTCGGGCACGTTGTTTAGACACTCAGCTAGGTTCGACAACGAACTTCCTGCTACAAATGCCTTAGGTCCCTGCCATGGATATTTCGCTCGGTTGAAGTGGCTCATTAGCAGCTGGCGATGGTGTTTGCCACGTGTGATGTGGACGATAGACCCGTCCTCACCGCTCTAAGGTAAAGGAGCGTGAATTAGGCTGGACCGTCCTACGATTGGAGTAGGTACATTATTCTCCCGCTTAACGGACGAGATTAATTGGTAGGCCCGTACGTCCTAGAGCGACTAGGGATCAATCTTTGTGGATGGTCTGATAGTCCTAGATTGAACAACACTCCTTGTAAGAACGCTCGCCCTAGGAACCTCATATTGAACATGGGCGCGATTTCCTTTAAAAAGGATCGCGACACTCGCACTGAGATGATTAACGA,1542,49.48,Mus musculus
SEQ_971471,TTAACTTAGACTGACCAGGAGGCCGCAACCAAACATGTGCTCGCAATTTTCTCCAGTCTTGTTCTAATTGGTGCCGTATTTTAGAGCTGCCTACCGTTTA,100,45.0,Escherichia coli
SEQ_214145,AATATGAAAGTCTGAGGACGCGACTTCTACTTGAAGTGTTACTGTCCCTTACCACGACCCTTGGTCACAAGAGCATCTGCAAGACATCGAGAGCGATGACACAGATCGCATTTTATAATCGGAACATCAGCGAAGAACTCTGTAATAAAAGCATTTTAAATAGGTGACAATATGGCACGAGAACGTTACATGAGCCTTTCACATGTTTAAAGGGGGAACAGATCCCAGCTCCTATACCAAGCGGCGCACAATTGCAACCTCCTGTCCCTGAACTGCCAGCCAGATTAACCCGGCCCTACATTGTTATATTACGCCGCCTATCTGAATCATGCGTCTCTTGAAGGTCAGCCTGTCCACGAACAGAAACGAAACGTCTCCAGAACCTGTACCCCTCTCAGCATTTCCGTGGGATCCAATGCGTGCATTGATCACCTCCGCACCTTTCATTCGGAAGGTCACTAGGGTCGAGCGCAGCACCTCTGCCCCCCGTCGCCGACACTGATGGCGGGTTCCATGACAGTATACTACCTCAGATTGAAGGACCTCTCGGATTAATATATTGAAACCCAAATGGAGAACTACTAACGCGATAAACCGCAGAGGCTGGCGCGACAGCGATAAGACCAATGGAAGGAAACATCGACCAGTCTACGGAATTTCCTCTACGCCCCCAGAAGGGTTGAATAAATTGACGACGCATCCAGCGCCATCTGATCACGAATTACCAGCAAAGAGGGGACGCACCCAAGACCCTACCACGACATTTAAACCTTCCGTGCTAGCATCTAGGTTATGCGTTTAATGTAATTCAGGGGTCAAGCATTGATACTAACTACGAATTTTCTTGAGGAATACTACAGCAGACGTGTGCTTCCCGAGACAATCTCGGTCGGCAGTTGCCAACCTCGGGCCGCTTGATCATGTTTTCCGAATTCCATATTCGCAAGGGGGCGGTGCGTGGGTTAAAGATCAACGGAACATGCTGTAAGGCCCGAATGCCGAGTCGCTGCCCAATGCAGCTGGCGACGAGAATCGTATGCGACCAGACGTTCCTCCCGCATACTCCTGTTCACGTGATCCATCGTGCAGACATTACTGGGTTCCGAGACTGCAGGGTTCGAGGGATTCTTCGCGAGTTACTATCATAAGGTAGCGACATTTGTAATGCTGGCCCGGGTGAACTCCACCCGTCTCCAAAAAACAATCCCTTCAGGGTCTCAAGGCATAATCTTCGCACTTGTCATAGAGACAGCGTGGCCGAGCTGCATCTTGTCGTGCAACCTAATCAGCCTTGGATAAAGTCCCCAGTTGGTCGTGATCCAAACTGCTATCGGAGAGTCAGAATTAGTCACGTAGCGATCCCGTAGAACGTTCCGAGTAACCTCGACGTGAGTCGCTCGCCTTTCAGAAATGGCCCAGATTGAAGAACGGAGGGGCTATACCAGGACATAAAAAACAACACGCTATGGCAGATCTCCGCGTGGAGGCCGTAAGGCAACGGGAAGGAGTACGAGTTCTATGCCAAGGAGCATCTATTGAACCCCGTCCACTAAGCGCTTAATAGGTTAATGTGACAAGCGACTCAGGATAAATAGTGTGTCGCTAACATTCCTCGGGTCCTTAACCATTTCGCGGCTGGTTACTTTAATAGGCTCCGTATTGTTATCCTCTTGTGCAATCGCTGACACTTTTCCCATGCAGCGATTCAGATCGCGGCAAAACTTCCCCATCTGGCACATCAACACTCCAATATAAATGTGCTAATCCCGCATGAAGGTCAGAATTATCCTTTGCTATGTCCTCTAGGAATTTAACCCATCCAGAGCTGGCCATAGCAAGTCTGAGCAGATTTAGACTTTAACCGCCTTGTGACAGATTTTCTAGTTGCATCCGTGTCATGCTCACCCCATGCTCATGTACGCCACTTGGTTAAACCTTTTCGGCCAGAGTCACTGCTTAAACTCTTGTGCAATTGACTCGTCACTCTTCCTCGT,1994,49.35,Homo sapiens
SEQ_989528,GTAGCGTTTTCAGCCACACGACACTTTACTTGCGCAATTAGTCATCCATGATAATTTTTATAGCATCACGCGCACGCCCCCACCCTATGGCGCAAGAAGGCGGGCCGCCGATTAGTCCCTGGCTCCCCACGATAGTTGCTAGCCACAGGAAGGTCAAGTTCGCAGTTCGGGCAGTGTTAAAATAAAGGGGTACATTACATCCTAACCATCGGGGCTTCCAGCTTCATTTACTCATAAAATGCATCCGTGGCAAACGTGCGGTCTCACTTGTGTCGTGCTACCCTCCTTAAAGCTCTGACAAGTTCCACCGCGTGCTTTGATAGTCAACGAACTAGGACGCTCTCTAGCGCTATCACCGTAGGGATCACTGGACGATAGATCCGCGCCAAGCCATCCTTTGTCGAGAAGGATCTCGGATCGAACGCCGACTAGCAAACGCACGAGTCGGCCTTCCCTTGGCCCCGCAGAGAGTATATCACACAAGAGAAGCCTACCCGTACAAACCGTAGTACCACCGAAACTTTACACCCCTCTGAATCTAGCGCCCGCCAGTAGTACAGGAAGCCAACACTCAATTCGACCCTGTGAAGGACTACAGAAGTTTGCAGCGGCACGAGTCCGTTCCCTACCATGCTACGATTCCATTTATGAAACGAGAGTGACGAATTTTGAACATCGCTGTTAGGGGCCAAACGTTCTGACCCTACGAAATTGGTTGTTCCTTAGGTGTCGTGGCGTAGGACTCCCATGGGAATGCGGTACCTCCGGCACACTGCTGACTGAGAGCGCCTAAACTGAGAGTGTGTTTACATTACAAAGTGACCTAGTGTTAGTAGAACTGCTCCTGTCTATTCCAGGTCAACAACAGCTTGGTTGTCCGCGTTCATGTTTCGGCTCCATACTGGAAGC,909,51.38,Homo sapiens
SEQ_747456,GTGCGGAAGATCGCCGGCTATCCGATGAGATTGCCGCAATTATTGGACGACCAAGACGAGTGTAGTCTGGTGCTCTCCTGAAGCGTCAGGGGGAAGGCGCGCGATTGCGTGGGTCTTGGCCACTAAATCATGTTAGGGTTCTGACTCTCTCTGGTGACGTCGGTAAAGGTTTTAAGTTTAACCCATGAATACTAATATCACCTGTACTTACCTCCGGGTGCGATCTCATCCGAGTAACACTCTTTTTTTCGAAAAGTACAAAGAATACTCTTAAGCCTCACGCTACCTCGTTTAATGTTTGCGACTTGTGGGGCCTCGGATAATTATTGCACCCCCAAACAGAAATTTCTATTTGCTTTAACACTGTCAGGTTCTCTAGTCGTACTTGGCAGACTGGGGCTCTACATTGAAAACTCTTTTCACAAGTAGTTGCCTACAGGGATAGGCATCTGGAGGGACCACCTTATTTGTGTTGTAGGAAGGGCGACGAGTGCATTACAACGAACGCACTTGCGATAAAGCGTAGCAAGCGCGCCACGACATTGACCGGTCTGCAATCGGTTAGGCTCCTCCGCGAGTCATAGCCCTCCGAGCAAAAGACGTAGAACACCCCCGGAAACCGCCATCGGTCTAAATGCGGGTGTGGTATATCGGGTCGCTCTAAACTGACTAGGTCCGGTAACGACTATCCTGCGTGATTATGAACAATACGTGACACAGTCTGCCCGAGTGCCGGATTACGCGCGGTGTGTCGTTGGGAGCCTTGTCGCGTTGCAGTTTACTCGTTCCAGGTCCTGGCGTAATCCAGCCATTCGACATGGCGAGCGGGTGCCTCAACGATCTTTAGTCAGGCGGGCGCTTCCTCATTCGTAATTGCCACTGCAGGGGCGGTAATGCGCGTTTTTCTAGCTTGCCTGGGTGACGCAGCTGACAGCCAGGCAAACAACTCTTAAATAGCTTAGGGACGTGCCAGCAATTGCGGTAGAGATAGGGTTCAGAGTTGCCGCTTTAGCGGGTGTATCAGTCCAAACTCTAGTAAGTGCTATAAAGTGTGTCAGTCTTCAGTAAGTGTGCACCGGTAGCACGCATCCCCGTCTTCTGTATCATTAAACTCTGTCATTCCCCACACGGAGTGGCCCTAGACTTTCTGTTATTAAGAGGGGGGTGATAGCCATGTAGGTGAGAGCACATCTCCAACGCGATAGGGGTGGGCGGGAACTTCTCTAAGATCACTGAGTACGTCTCTCAGTGTGGGTATGCTACCTATACCGGATGAACGGATCCCTCATGGTAAACAAGGGTCCTCGGTGTACTCATTTAAATGGGCTAAGTTAGAATGCCTAGCTGGCCTCTGTAACAGCGGGATTCGCAAGCCGTGTCACTACTACACCCGAGATTATTATTGTGCAAAAGAGCCCCGGTCAATGGATTGTTACTACACTAGTGTCCACAGCCACTCCGACCGGCGCCTAGCCTTGTCACCTACGCCTTCAGGCACAAAAGCGTCTTGCTCTAGCGAACTAATTGAGTCATGCGGTGGGGCAGGCGGGCTACGACTCCAGCGTTGTCAAACCT,1575,51.24,Escherichia coli
SEQ_252694,CTGAATCAGCTGCTGGCTTCCCCAGATCCTTAAGCCACGCGTCTCAGACCACAGCTCGATGAGTCGGCGAATCCGTTAAACTAATCATAACGGTTAGGCCTCTCTGCGTAGACGGACGGAAGGTAGAGAATAACTTCGCGTCGCACGTGCGACGGTAGTCTCATGTTGACGGTAGGTTTAATCTCGCCTCTTCAAAGATCCCGT,204,52.45,Mus musculus
SEQ_624866,AGAGCCGCTTACCGTAGCCCGGGCAACCCAGACCCTACGAAGGATAGTACGGATGCAAAGCCTGACTCAGCACTCTTCTTAGTTTGGAGACAAGAGCGTAGCCGCAGCGCGAGTCATGATCCCCCTTAAGATGGCATGACTCTGAGGCCGCCGCATCACTTCAATCTATCGAAGCGTAACGAGTGTGAGCTCGGTGGTAGCTTTAGTAGCTCACGTAATGTACCCTCGCGGCCCTTGGTATCACGTTCGTCATCGATAGGCTTCGGCTGGGTTATGGTGAATATTCCGATTCTTGCGCGTTCA,303,53.8,Mus musculus
SEQ_583121,AGCACTAGCTGTTGGATATCCCCGATTTTTGCGGGATCCTATCGGCGACCAAACGGAACTACGTGTGGATCCCCTCTGTTTGCTCGCAAAGAATGCCAGAAGTGGATGTTCGCTTAGCGATTAATCTCCCTTCCTTTCTATCGGGGTCGTCCATGCTAGCCGCCTGCAACCTATTGCCTGGGGCTCTGATCTTTGGGGTGCAGTTCACAAAGAGCAGTTGTCGTTGAGACACCCTTCGGGAACCCACCCGGACGCCACCTCGTGGGGCGCTTAGACGTGTCCCATAATTGCCCCCGGGATAGACCTCGAATCCCTATCAGGGAGTCCGCGTGGCGGTCGCGATATTTAGCCCCTAAGTGATTCACTCGTGCGAACTCATTTTAGATGGGATGCATGCATGCCGATTCGATGGGATGATCGCACGAACGTCGTGTAGAGAAGTGGTGGCATCGCGCACGGCCGTCCGACGGAGCTGTGAATCGACGGATTACATCGGTATTTTCTTCGCACTTATAGGTACGAACGAGAAGATTTAGCGCTTAATTTTATGATGAGAAATTACCCCACACAACAGGCGTCAAGCCCCCCCGCTTAGGTATAGAATGGCCCCTTCTCTACTTAATCTAAATGCATCGGAACACCACTATCTGAGCCGACATAGGGACAGATGCGAAATCAAGGCCATAGACACGTATATTTCTTAGACACCAAGCCCTATTGGACTCACCTCGGAGACATTTGGCTGGCGCTTCGTCTGCCGGACAACACAATGCCCCGATAAACAGCTGCTATAAGTTCGGTATGGTATCTTCGTAATACTTCGGCTGGCTAGTTTCTGTCCCCGGACTCGTCTGGATTTTCTAAGTGCCTAGTGCACCGACTCCACCTCAATAAGTAGCACTAAGTCGCGAATTGTGAACCTCGGAAACTTATCTCTAACTGCACTGATAAAAGGTGACGGGAAATTCGCGGCCTGAACTTTACGCGGCGTAACCGCTGGGTGCACTCGGGAGCGCCCGGTAAATTACATGACTTCACCTCTAAGTGGTTAGTGCGCGCACCTCACCGATGTATGGGAACCCGGATTACTCTGAAGAGAGAGGGTACGGAACGTTCGCTGTTTCTATGATTCCACCTTCCGGTGGGGGAACTCGGGCTTTAGTCAGGGTATGACCGCTTAGTACCTATAGAGTGACAATCTCTACACTATACTTGCCATGGTTAGTACAACTCCTGACGACACGCATCCTTTGTAGCTGGCGATTTCGTCGGAAAAGCTAGGTTCTGCCATGCGTCTTAGTCTATCTGAATGGCCTCTACCTCTCGACGTCCCTAAACTCCTATTATTGAATGAGCAGACGGGGTTAGGAAATGTCTGGTGCGAACTGCTCAAGTGTGCAGCTGGCCAGCGTTTCTACGCGACGGCACGCTAGGCCTTAATGGCGTCCGGCATGGAGCTAGGATCACGTTACATGAGTCGCTGTTGCCAGGATCAAGAACCATACCTGCAATTTACATACTCTAGGAGCGCAGCTTTCTGAAGTCTCAAGATAGCCTCTCCCCGGCAAACGCGTCGTGGCTCCGGGGGAGGACTAACCTGGGGACAGTTAGGAGTAAGCTAAGGCCTAGTCCGCA,1635,51.87,Homo sapiens
SEQ_929840,AATATGACATATAATTTTGTGGCATTGGGGGAGTCCGTTGCTCACCTGCCAACGGCCCGGAGGTTGAGAATAACTGTCTGCAACGATCGTGTTTACATAAGGCAAGGCGCTACGCCTCGTTTCAGAGAGTATATCGACTTAGTATACAAATGGTTGTCAACTTGTGACGTTTTCCTTCCTTGACGGCTACTCCCTGGTACACCTTGTGCTGTACCCCAACAATCATTCTATGGAAGGTTCTTCGGATTGTAACGGTTGCCAGACGCAATCTCATTTCGGAGGTTGGGGACCCACAGCAGTACTCGCAGTCCAGGTTAGCCATGCCACTTGTGTTGACTCTTGTATACACCCCGCTTAGTGCGAACCTAGCACGGCAGTCACATGTTCAGAGGCTACTTTCTCACGTTTCTCACTCTTTGCCAGACGAAGGCATAAATTCGTCGGGTGCATAATGCTTGTGCACCCATAGTAGGATCTTCGCCACGTCGCTGGGCTCCCAACGAGGGAGCATGGCTTACCGAACATTATCGAAACGATTACACGACTTGAATCCTTTATCGCTTTGCTTCGAACTCGATCCGTAAGAACCTGGTACAGTCTTCCAGCATATTAAGATTGGCCCTTTGCTTCTTGTTCAAAAAATAGACGCGCGCCTGGAGACTTGCAAAGAGGACTAAATCGCGACCGCCCCTCTTCTATCCTTGTATCTCCCATTACGATCTTCCATTGGGATTTTGATATTGCTCAATCGAGTCCATACGCGTATCCGACTTAGTATGTGGCGATGGCTATAAGCTCACTGAAATTAAACGCAGGAGAGTCTCGGTTTAGCCTAAATGTAAAGTACGCCGGCACGATAAGTCATCGGTTCGAGGGGCACGTCTTGGACGAGGAGTCAGCGCCGCTGTGAGAATAAACGGGACACAGTGGGACAGGGCCGGAGACCGTGACTGTCACTGACTTGTATGGCTAGGGTTTACGTGATGCTAGTGCGGGACAAAAGTATATCGGCTTGTCTGTAGCTATGATGATACGACTGGCCTCCAAAACAAGACGCGTGATGACACACCGCAAGCTAAACCCCACACCTACATCTTCGCCGACTGTGTACGTGCTGGTGCCCTTGCGGAATCACGCTGAACGTCTACATACTGACTTTATAACACCTATCATTAATGCTGCGTTCGTATCCTAAATGACCTAAATCGTGTATATCGCTTTCGTTACAATGTTTTCGTAGGCGGAGCGGGTCTCCACCTGGCGGACTATCCGCAAAGGATTTGCGCCTTAATGGAAAAGTGTCCAGAGCCTAGAAGGTTACACATGGATGAGTGGGCATCATTTGACCGAGCAACAGTTAGATGGCATTTCAGCGCCACAGAAAAGCTCTACTCTGACAGGTTCGCCTTATCCCGGTACGACCAAAGGCCACTTTGGGGCTCAGGCGATGAGGTCAGCGACTAGCCACGGCCTTTCATGATTGGTAGTGGACGTACTCGTCTCTTAAGATTTGAACCTACGAGTACGGAGCGTGCCCAGAGTGTATGTATCGGAG,1555,49.45,Homo sapiens
SEQ_982629,GTACTAGTCGCCTACCTTCCAACGAGCCCCTGACGCGTAAGCGGGTTGAATGACATTCCCTGACGTATTCAGTGTTTTCCGTATTAGACGACACCGCGGGGCAGCCATTTCCATCCGTGAGCACGATATACGTAACGTGAGGATACCAGAGAGACTCGATCAGGATCCGTCAGTCCACGGAAGAGATGCGCGTTACTAGCCCTCCATCCGTCGTTTATAACGCTGTTGCCAGCCAACTGGCATCACCCGGACTGGAGCGCTCATAATTCCGAGTTCTTGAATTTGGTCGGGGACAAAGGTGAGACCGATACTAATCACGGGTATGGGATCGCGTTCCCCGGCACCCACCACATTGGGAATGCCCTGTTCCCCCGGGATGAGAAGAATCACAAGTCTATCAGTGTAAAAACAGAACACGATTCAAGCTCTTTTTTTGTCTAAGATTGAATAGGTTGTGTGACCCCTTAGTTATCACGTCGGACGAGTATATGGGACACGCTTACATTTACTGCGCGCTGCTCTCTAACGCTGTTTTTTTCCTTAAGCTCGCCGTAACATATACCAATCTCGATGTCGTCCGCCCTTAACTCAGACGAAGCGGAGCAACGCTAAGCGAAATGCGCATCATATTTCTTCCACCTCGGAGACCCCACTGTCTTCTGAGTTAATCCGCCTGGGTTCGAAACACTTGCTCTTTGCTGGGACCCGGTTATCAAGGGATTCGTTTAACTATGGGAAAACCGTGACAGGTACTAGGTCGGGAGTACAGTCAATGTCCTAGCTCACTACACGTCACAGCGCGCACCTATTCACCCGCCCTCCCCCTCGAATCCGCAACTTAGACGCAATAATGGTCAAAGCAATTTAGACTGCATATCGCCTCCGTCCAGAACTTCTTTCAGACATTGGTTGAGCGGTGAAGGTTGCCCAGATTGGCCTGCTGATACTCGCAAATTCACTGTATTGTATTTGCGTCCGATAGTTTACATGACGT,994,50.2,Homo sapiens
SEQ_332888,GACAAGAATCCATAGTGGAAAGCCTCTCTATACGCTTCGTTACGAAACCGTTGCCACATCGCCATTTTTTTATCGATGAATTCCCTGTCAGGGCAACAATTCGTGAGCGAAAAGCGCGATTGATTAGATGATTCTAATACCGTGGAAACGAAAGTTGGCGTAGAAGCAAAGGACGCCAATTTATGGGCGTAGCTTAGAGGCTGATTGCACGTTCGGCCGCGAAAGCCACCGAAATCGGTTCCCACCACTCGTTTAGGGATTACCGTGTGTTTTTACTAGAGCCCTTAACGACTTTGTGGGGGCTGTTGTAAGCTTTGAGCCCACACTTCAGCAAGGAGACAAACAAGTTAATAACAACGTTCACATGGTCAGAAGCCGGGAAACGAACAGTCTTTCCGATGGCGCCTCCAACCAGCCTACGATACGTGACGTGGGGGGAGGGACACTAACTGGGAAATTATTATGGGGTCTTGTGTACGTACGGTATTCGGCAGCTTGGTTCTTGACTTAAGTAGAGGTTCATGAATAAGGGATTACTCAGCGAAGCGTACTGGGGTAACCGCGCGGGACTCCGTTTGCGCCCTAACAATGTGCAAATCACAATGGTTATCGCGGTAGCCAAACAAGTATACAACGATATTATAAGTTAGCATACCCGTCAGTCCGACGGTAGTCGATATGGGCTCCCGTTCGCCTTGCCAGTCCAGCATCCCGATTCCCCCTGCGCGCCTCTTTATAAGCACGAGTCTACTCGCTCACCGTGTGGGTGGCGAGGTTCGTCGGTGTGTCTGATGGGAGGCGCGAGACTAGACCCCTTCTCCGCCGACGCAAGCATCTCCCTCGTGCACCTGAGTGCCCCTTGTACCGAGCGGTCCCAGATAGAGGAACTCGAGCCACTCAGTCTACACTTGCGTGTATCTAGCTGCACGGTTGAGATAAGACCAGCGTTAACACTGCCCAGAAAGGAGCCCAGCTCCCGTACTAGAGGTTAGGAGTGGCTTTAACGACACCTGAGCGAGTAATAACTAGACTATTCGCTCCGACCTCCTCTGCAGATTGAGCAACTAGAAGTGCAGTCACCCACAAACCTCGCTGTGAAGCGCAAAGCTTCCTCGGCGGGGGCAGTAGAGTAAAAATAGTAAGGGCTAGGGCCCTAAAGCAGGCTACTACGGGCCATTTTTTACAGGGTTCGCTGGCAGATCCTCGGCTGTTACGATAAAAGCAGCATAGGAGGCATCGGTTATGTATGGATCCTAACGTAGGGTTGCCAATGGATTTCTGTAGGAGTGTTCACCCTTGTTACGGTCCAACGGTCCAGTAACTCTCGAAGCGCTAGGAACGTTTCCCAACCTTTTGTATCCGATCGGGGTACAGTCCGATGAGAAATGCAAGTTGCTGTGTAAGGCCTGGTCAGAAGCTACTCCCAGGAGTCATCTAGAATGACCCCCGCGCACGGACGACGAAGCGTGATGACAGCAAGGAAGCGTAAGGAAGTCTTCTGTATCACTGCCAGAGAGCCAACCTAAGACCCGGCCACGGTAAGGCCAAGTGAGGGCTGAAGGCAGCCTAGCGCGCCAATTATCCACCACGGTGCAGCGTTGCTCGTTCAACTAAGAAAACGACGCTTTGCACACTGTCTGTCATTGATT,1649,51.79,Drosophila melanogaster
SEQ_848382,TTAGGCGCCCCTAGTTCAGGCTGGCGTGCGACACTACGTTGCTATTGGACTCGCTTCGTAGGACCGCCCACCCACTAGACGGACGGCGAAAGCCAGGACTTGTGTCCACATGTATGGCGTTAGTGCGCTAGAACGCTACATTCATATCCTTCTGGATCCGTTGCCACTATCAGAGGCTGCCGTTCTCACCCAAAGAGCGCACAGTGTACAATAGGCAAGAGCTGACCGGAAGACGCTTTGTCTGACAGCCTAACCATACTCGAAGAGCTGTGTGATATATTTTCTTCTGGGGGTCGTAGCATTGGTGGTTCCCCTGTCTGCTAAAGTTACTAGAGCGTCCCTTGGATAGTCAGGTCCAAAGTGTAATTCCGTAGAGGTACAACCCCCCAGACGAGAGGGTCATTGCCTGAGCGCGTCCGTACCGAGGATCTATTTAGACCGAGCTATATTACCCTACCTGTTCGCGTATGGGATGGGTTGGATAGGA,487,52.77,Caenorhabditis elegans
SEQ_785416,TGGTGATGACGCCAAGAGCAAGTCTAAGCAATTCTACTACATGATGCTATGAGGACGTAGGACCCCCGAGGTGTTAGAAATTGATTCTTGACCAGTAAACCTACTACTTAACTCCTTATTGGATGCGTAGAGTTGGGGGACGACGAGCTTGCTGCATCGGTTTGATTCGGCGGGGCTCTGTCTGCTTTGGCCACACAGGAGATCATAGATTTACATGTGTAGCGCTCAGCATGCAACGATAGCACGAAGGTCCAGCCGCACTCGGGTGTCGGCAAACTTAAAGCAGATGTAGCGCCTCAGATAAAAGACTAAATAGCAGGAGGACACGATTTCGGCTCACTTGTTTAGAGGAGATAGGCAAGACCGCTTCAACATCCATACCAAACACATTTCGTCGGTTGTGTGCGGAGCCGTCGTGTTCGAGTGGTCATAGTCCTATTTGATGTCAGAGAAGCTAGTAGTCTCATGGGCACAGTAACACTTCCAGTTAAACAACACAAACGGACTTGTTTTGAGGTTCACTGTGCACACCACGATGGGTGGCAGTTTTCCCTAGGGAGCTAAGTCAGTCTGAGAGGGGACCTCTTTGACAAGGTTAACGGGCCAGATATTCTCGGCACGCCGTGAGCCAATAAAGGAGCGCGGGGTAGTGTACAGTGAATGGTAATATGCCAAGATGGTTGAATCCACCGGACCACGACGCATGGTAGCAGGATTCCTGTTCGGCCGCAACTCTATTGTCC,743,49.8,Mus musculus
SEQ_729479,GCGATGAAGTTATCGCGGTTCCAGGCACGCAGTACGGTAATCTTAAAACGTGTTTTTCAGGGTCTACTGGCTTAAGGTCATGCTATCGCGTCGTTGCCCACTACCGTCGTCCAAATTTTTGGGTGTTCACCCGGTAAACAGCATAATTATGTCCAGCAGGCCAGAACCGCTTAGGGCTGGGTTCTATTCACTTAACTCTGCCATCGAGGCCAGCCGTACTACAAACGCCTCGATGGCTATGGGTGTAAATCGACCCTGATGGAAATTCACACGACCACTTAAAATCCGCAGGTTCTAACTAAATAGTGCCAACAGAAAGGCTGGCGTGTTCGACCCTCCCAATTGCGAGTGCCGTCGTCTAATGGATCTAGTCTGGGCATATCGGAGTCAGGCAGAACGCAAATACGCGTTCCACCACATAAAGATCCGATAGGGAGCAGTACTCGACGAAAATTCGCACGCCTACAGTATCTCGACCTTAAGGCTTTGCATAAAACTTGCGGCGGTATCGATCACGCCTTGCTTGCAGCAATCGTCTGCGCCGTGCTTAAACTCATCACGCTTCTCCTAGGATGTTATAGAAAGGCCACTGTGCGCACCTGAATCTTTTGCAAGCGGGGCGCACGGAAATGATCGGCCCTTTTGAATGATAGTCGTCCGAACGACATCTTGTTCAGGTAGATGCGATCGCCACAGGAGGACGTTCGGCGATCTCCCTATCAGCAACGCCTTAATTACGCTTCTGAAAATGCAGGCACACCAACCCGCAATTGCAAGTCTATGACACTCCTTTTGTAGTCTGAAAGAAATGGGTTTCAGTTGTAAGAGTGGTGACACACCAATGACTCGTACCCAGAGTGCCTACGACTTCGGTGCGCTCCCAAACCAACTGACAAGCTCGCTATCTAAAGATCGGTGTACCCGCAAGTACCTAAAACCTCTTAGCTAGTGGGGTTCGTAACAGCCTCGGAACGCAGATTTCACCGATACACAACTAACCCGACTATTCAATTATCTAGCATAAGTTAATAGCTGATGTTTTTTTAGATTCCGCA,1055,49.0,Mus musculus
SEQ_754906,TTGAAAAAAAACCTTGTACCGACATTTGTTTGCAAGGACATGGTTACATCCTAATTTAAAGCAGTTGATTGCAGTCAGGGGGGCCCGTGCACATATGGGAGAGGTGGTAAAAGGGAGGACATAGAGGTTGAGGCTAAAATTCTGGCCTGAGCTGGCCGGTGCCCTGTATCAGACGAAGGTGCAAGCTCTCTTAAAAATCGCGCCGAGGCGTTCGAATCTGAACTGTTATAGATTGGGATGGAACTAACTCCAACTCGTGATTGCGCCGCATGGTCACAAACTCTCTCAACCTAAATACTGCTATGATCATGCTCGATGACTGAGTCTATTAACTCATTAAAAGCGCAAGTACAGCGTCTAGGGAGGTTTAGGGGACGGGACGCGATAAAACGGCACCGGACTAATCCCTTACGTTCAAGCGCCTCTCCCACTAACCTACCTGCCGGCTGATTTGAGAATATGCAATGAGCGGACTTTGGCTGCCGGTAGTCATCCTACGCGACCGTTTTACGAAGATGTAGGGGTCACATTCCATGAGAAACCTCGTTAAATAGGTGCCTGTATGGGCGTCATCCCGTCCGACTGAACGTTTGGGCCCGTCATTCAGGAGAGAAGTCTCGCGAGCGAGTATGACCTACCGGTTAGGTAACTAGGACTCGATTTTAAATCGCTAATCCAATCACACTTCTCGGTTTTAATTATCCCCTGCTGGTACTTAGACAGATCACAAGGATCCGAGTCATGAGTAGTGATTTACATAGTGTGCCCGTATCTTCTGATCTAAAAGTGAACACACCCAGCATGAACTCGGAGTAGGCGAATCCGTCCGGTGTACCAACAT,841,48.28,Caenorhabditis elegans
SEQ_891377,TACAAATCCGTCAAGCTTAAGTGACTTCTTATGGGGTTCTGATCGAACGCATTAAGTTCGTTATGTCTACAGGAAGGATATCTACACTACTATGGGCCCGGAGTATCTCTTTTTTGGACACTGATCGGATTGAGACCGTTCGCCGGGTTCTAGGCCTGATCCTCCCGTTTTAGTGGTTGTCAGTCGTTCGCTCGCGAAGCCGCAAACCACGACCCGGTAAACTCTGATACAGTTAGTTTTGACTCTTGTGGCTTGCCACGTGTCCTTTGTTGACAGGCTCATCCCCCAACCGCTGTCAGCGAGATGTTTCTGTTCCCCAGAGGCAAGCATACACCGGGGGCTCCCCCGATAGGATGGTAGCTCGGACCCTATCACC,376,51.6,Homo sapiens
SEQ_626760,GCGCTGCATAGCTGTCAATTGAAAGAAGGCTTACTTTCTACACAATTATTGAACTTCGCGGACTATTTCGTCTGTTGTTGAGATAATACCAACTGATCTCCCAGAATTGCTCTTGTTTAATCGAAGTGGCGCAATCGGTTTCCTGATCATCGTCGCTATCGACTTCGGCGGAAACGCCAGCTGCCTTAGGTTCCAGGGAATGGGTGGTACATAGTGGGGATAAAATCCTAAATAGGCTCGCCACGCGGGACCGCAAAAGTTGAAGGGCGTGGAAGAGAAAGCAACA,286,47.55,Drosophila melanogaster
SEQ_788152,GATGTAGGTAAGTCATGTGAGCTCATGACTGATACACTAACAGACTGTCAAAAATCGGGACGCTCCTATAGCACGCCGAAGCAGACCGCCTACTCTTAGCAATGCTCAGCCTGCCGCTGCGTGGAAAGGTGCGGCAGCCGAGGTTTATATCCCGATCGTCTTCGTTCCCTCAGGGCATACCTTGAGACAACTGATTCTTAAGAAACTGTTCCTATCACGGATATTAGTGAGGGCATGGTTAACGACT,247,49.8,Escherichia coli
SEQ_908202,AATGCCCGCAGAGGTCACTCCAACTCAGATCCTTGCTACCGAACAAATTCGAGTACTATTCCGAGGCAAGGCGATACCAGATTGGAGCGATCAGCTGCCCCAGTATGGACCCCAAGGAGCCAGCCCGACTTTTCATCGATAAATGTACATTGAATCACCTTCCCGCTGTTCGTGGTTAAATAGTGGAATACAGCGGTAAAATTCTTTATGATAACTGTTGCTAAAAATAAATTTTCCGGAAACGAGGTACTTATGCTCCTATCCTTAACACCTTGGAAGCAGCATTAAACAGACCGTACAAATCAGCCCCTGCATATCGAACTGCGTAAAACGGGCAGGGCATGGCAGTGTCGCGTTAAAGCTGCACCCCTGTGCCGTATTACGACACGCCGCGCTATTCGGCCTATCAGCTCTTCGACCTTCGGTCGCGGATCTTCATAGTTGCTGCGTACTGCGGAACCTCCACCGAGA,471,49.47,Homo sapiens
SEQ_152424,TTCACGGGCGGTCTGCTAATAACCTCCAACTAGGCGGGGGGGACCTCTGTTGGCTATAGACTCCTATGTGTATACGCCTTGTTAGGGACTAACACTAATGCAGCTGGGATTAGGCACAATGTCGCTCAGCCCAATCATCTCTAAGGCTTCCCTATTTGACAGTGACATTGCCCCGAACGACCATGGAATCGCCGGCCGAGCGCCTCCATAACAACGCCTGATCCGGTTCCCCAGAGACATGTGACATCCTTAAGGAGACACGGAGGATGATTCTTCCGATGAGTATCCCACTAGATAAATCTTGTAAAGCATAATTGGGCCAGGCACGACGACATGAGACTCAGGACTGTGAAAGAGGGTGTCGTTTAGCCAGTATAGTCTCGGTGCATATTGGTGCTGAGGTTCGATTGCACTCGTCTGCGGCCCATATATCATTAATGGCTCCCCAGGTACGCAGGGCCCGAGGTAAAGTGCGCGATTAGCAGCGCACCCTTGTATTCCTTCTTTGGCCAATTAGTACTACAGCTTGTGGTCCGAGTTATCGGTCAGGGGCATCGTTAACATTTCATAGAGAATCGGCCGCGGATTGCCTGAGCGACGCAGGTTGTGCGCCCAAGAGGAGTCCGGAACATAGAATTTCGTCCACGAAGCCTAAGCGTTCACCAATATCAATGAACGTTTGCGAGCGGTACACCTAACCATTATATGGCACTATTTAATGTAGTCAAGGAGACGCAAATTTATACAAAGCTGTTGGGGGCTGCTCAGAAACCATTTGGACCCGTTGAAGTAGCCGCCGTAGTCGACCTTGAGGAATCAGGATTAACACAAGCCCCGTAGTAGACTTTTTATGGCTAGTTAAGGAGTACTTTTATACGGGCCCCAGCGAAGTGGTGGCGGTCTCATCATTTCCATACATACCACACGCTAACGTTTTGCACATGCTCATAGGCCGGACACGCCAGAGAAGATTTCGTGGATCGATGTACAAGCAAGTTGATTGTCCAGATCACGATGCCATAGGTGGTCAGACGGTCACTTTCCATATATTCGTTAACCGTAATTTTATCCTTACATTCAGGGACGTATTCTAGGCACATCAGCCAGCATTGGTGATTTGCTAGACAGACGAGGACGTATTCGTTATATGCCTTCCAGGAGCAACTAAGCGAATCACTAGGCAGCCAATCAAAGGCCAAATTCTTCGATTTTGCGCATTAACAGCAGGGCTCTGGTTGTGCGGCTAGTGTCGAGCTTGCCAGGTAACTTTAGAAAGACCATGGTTTTGACATACTACATCTTGACAACCCCTTGCGCTATGTCAAATTCGTGCTTGGGATCAACAAAAAAACAACGCCCAATCGTTCGTAGTTTACCAAAAGAATGAGGCTCTGATCTTGTACAATACAATATCCATGGAGTTGGTTTAGCCACAAAGCGACGCGGGGCAATTCTTGTAGTATTGTTCGGGAGGGCCCGTCTGCCAAAATCCTCAGATTCGATGACGGTCTCTGCTTGCGCATCAAATTGATATCCGTGTAGACCATGCGCCTGACAGGATCTGTAGTAGTGGATTCGTTGGTCAGCAGTCAGAAAGCAGTCGCGGAAAAGCAGACGTAACACCCGGAAAAA,1632,48.65,Caenorhabditis elegans
SEQ_706711,CCATTCGTACAGTAGTCCGTGAAATAAGACCAAAGATTCGCGTTGACACACTCGCACCTAGAGAGTGATACCAAGGATTGGACTTCGTACAGCCCACCGACTGACCAGGGCCCTTGCCAACGGACGTGCTGCTGGAAATGTGCACGGTCGCGGAGGTGACTCATACGTAAGCCAATGAATAATTTGGTCTTTACCTTTGTCGAAGGGGCTTAAGTGCAAACTTGTTTGCTCGTCCAGTGAGCTCAATTCGACACCGAAGTCACCTGATGCCACTTTCATGGGGAGCTTCACGGAACCGAACACAGCTACGTGTTTGGCTACTCGATATCCTCCTACGTCTCATTATCGAAACTACCAAAAATATCATGCCTGAAGAGCAGGCATTAGCGTGTATCTTGTTTAGTCGAGGTTGTCCGATGAGTTCCCGCGGTCGGACGGCACCGGGTCTGCGCTTGCAGATCTGCGCATAGTATCGACAACGCGAGCTTGTCAGTAGGTCTATAGGTGTATTCTCAGTTGACCCACCCCCAGGGGCAAATGCTACGCGGCCTAGACATATGACTTTCCGCTTAAACGGTGTTACCCCCCATGCTGCGCTGAATGCCCCCAAGGAGCATTACGCTGCTCGTTCCATAGTTCTAGCCGATTCGCACGGTTTCATGACATGGTCGACCGAGGATGAAGTATCCAGCAATGCAATCGTAATTATAGTGAAAGTTTCCCGTTGACTGTTGTGCGTTGGGAACGCTATAAGATATCGGATGGTGCCCACCCACAAGCCCATCCCGGACTTTATGCTGTAATGGCGGGGCCTTGACTTTGTCAGTGCCAGTTTGCTTGTGGCCCAGCTTTTGGGGAGCTCTAGGCTTCGCACCTTGATTCAGATAGCTAACTGAATCGATGCCACGGTGCAACTCAACTCTTTTCCTCGAAGTGTGATCTTCGGTCAGCCTGTGGCGTTGATATTCCTGCATTTGGCTTAGAGTGGTCGAGAGATGCAACCTAACGATAGTCCCTCTGCTCTGGAATAGCCAGATGATTTGTCCCGGAATAGGCTTGACAAGGGGATTCGAGCGGGCCGCGTCTTACTTTTCTGATATTGAGATTGGCTGACTCTGCCAACGACAGGCCTACTGAGCAAGTATCGAAAGAACTGGGTGCACGACGCCTAGCGTTGTCTCCCGTATATGCAACGTGGGTCTAGTGAGA,1209,51.2,Arabidopsis thaliana
SEQ_569851,TGAGGGAAGGCCTACTGAGAGTTCGGCTCGCGACCTAGGCGTATTTCCGTAAGTCATGAGCTTGTTGATAACTCCACAAGACGTGCACTAACCGATATCGTGGAGTAAGATACCGGGGCTATCTAATCTCTGGGATGTTCAGATGTGTCAACGCAGCAACCCCAAGTAGGCAACGTTAAGTGGGAAATGCCCTTATAGTACTTCGAAACCGACCCATACGATACTTAAAAAAGAAGAGCGAGTGGAAGGGGAGAACGAATCCGGAGATGTCCACACGCATCGTCACCCCTAGAGATGGTAAAGACATTACGCTTTTACGCTACACGTGCGTAACCACCGCATCATCTCCTTTTAGATTGCCCTAACATTGCAAATCGGCGTGTATAGTTTGCGGGGATATCTCTTATCAGTTGTCACTCGGCCAGCCTGCGTGTGGCGGTTGTGGCTATGCACCTGGCCGTGTCGCAGACGGGATGGCACGGGCAGTAGAGATTTACCATGTAATCGGGTTCGCGCGTGCTGACGCCATTAACTCGGTTTCGGCTAGTACGTCCCTGGTTAGGACTGGGACCGCCACGGAGGCTGGGCTCCCGTTTTGGCTGGAGCCGTCCGCATAAACTCCCTTCCGCTACTGACTAGTGGATCGGCTTGAACGTCTTTTTTGTAATGCTTGGCGAGAAGGGACCCCCGGGACTGCTGTCACTGCGGTTGCCGGGTGCGTCAGGACGAGCGTACATCATGAGGACCTGCCCCGTGCCGGGCTTGTCAGAACATTCGGGATTTAATCCGGAAGCCATCGAGCCGTCTTCACTGAGAAGACTTCTGCTTGAGAAGCATGAGGCGTACCGATCTCTGTCGCCTCTCAAGAGTGTCAGCCTTGGTATCGCAGGTCGGCGTTCCACACGGTAGAGCAGGAGCATCCCCGCATGAGGGCCGAACGGCGCGGGCCATCTTCTCCCAAACACGGGTCGCCAGAGTGCAGGAGAGCGCGATCGAACGCCAGTTGTGGGAGATATCACTGACGCGCTACTAGCCCCGGAAAACCGTCATCCGGCCCGGGGCTCGAATCGAAACTACACTTAGTTATCACTAGTGAAA,1098,54.83,Arabidopsis thaliana
SEQ_798928,GAATCCAAATTGTGAAGCGTCACGTACCCTGCCGCAAGAAGCTTGCAGTGAGATCCCCCTCACTCATACGTTAACTTCCTATAGGAGAAACTACGAAGAACAGCAAATACCACGATGAAGCCACCCTTGCGCGCTCAGCCCTACGACGCACATGAACACAGCTGACACCGAATACACGGTTGTGCCTGTGCTGAAATTCCGGCAAGTTTAGCAGGGGTAGTGAACATCTCACATCCACCCTCACGGAGGTACTAAACGACACCGTCGGGAGCTTCTGTTTTTGCAACACTACTGGCGCTACTGCCAGACAAGTGACGCTACAACGTGGAAGTAATATCGATTCAGCTTCCGATTGTTGAACGGAATACAAGTCCATTGTATTCATCCCGTGAAGTGCTCGCCATACGTCTTGGTGTACTAGACTACGAGGATCTTTCCGTACTTCTCCGGTCTTGTATATTAAATGTCGGTTCCATATCTAATCGAGCTTGTCACAGATAGGTGCGTCTGCCGCCTTAAGGGTAACTGCACCCCACGGCATAGTCGACCCCATTGTCATAGTTGTTCCTGCCAGATAACTGCTCCCCACCGAATTGTAATGCTTCTCTTTGCTGAATCCTCGTTCCGAAGCGAATAGAGGCATGGTACAGTTCGACTGTCTCTTACTGATTGCACACGATTTGCTGAAGAGGGGGGTACTTCAAGAATTTTGCTTACATTTCTGCTGAATGTCTTCATAGTTAGACATCAATCTATTTTCTCACCGCATTAGGCTTGTAACCCACACTGTGATCGCGGAGCCGTAAGGGTGAGAGACGTGCCGCAACCCGATAACTCAGACGTATAGTCAGCTATAGGTGGCCTTGAATAAGCCTCGAGATCCGATGGTCAAAAACGTCGGCGATTGAGTTACATTGCCGGTTTCCTGGTCCCGAGTTGGCAGCGAGGAAGGTTTCTAGAATGAAACATCTACAAGGTCCTATCCAACGTGAGGCATGTAAAATCTCCTGCCTCTGGTTGGCGCGCCAACATATTTCGTGAAGTTTAGAGAGCGGCCAGTAAGTGGTCCTCTTACAATATTCGTAATATCAGACACGGGAGAGCTCTCAGTCGGGATGTCGAAGCGCCGTCGAGCCTTAGTGCTATTAGTTATCACCTTGGCGGAAATCACGGTGCCGCTCCGGACTTAAGATACGGAATCGTACTAATATAATGATATTCCTTAGATGCTGCTGACGGGTTGGAAAGATGAATTTTAATATGTTCAACTGGCCGTGCGCCTATAAACACCCGAATTATAGTGTCGTACTCAACGACAATTACGTTGGGGCAAGTTGCAGAAAGAAGGCTTTTGGAAGATATGACCGATAAGCCAACTGCCTTAGGAATAACATCCACTTGTGTGAGTGTGCCACGCCATGAACGATGAGGTGGAGTAATGACGTGACGACGGGAACTGAACAAAAGTCCGGCGGCTGGAGCTAGCTTCTAATAGCCCGCACGGGGCGGTATCCGGCAATGCCCGCACATCCCTGGGTTCATATTGAGTCCTATTAAGGGAATTGCCCTTGGCCTGCCCCATTCCCCTGTTGTAATGTTTCTTGGATGGTGATTCTTCTGCTTTGAGGCCGGGCACGGGTCCGGCCTACAGTACGTTCGTGCATCT,1666,49.04,Escherichia coli
SEQ_976891,AGCTAAAGTAGCTAACATCACTGTCTAAGATCGGGCTGCGTGGGGTAGGCGAAGATCAGCGATGTCAACACCCTCGGCCATTCGGACCAATCAACACTTTCTCGGCGTCAGCAGCAAACATATTAACTAAGAGCGATACCAACACCCGCCCTCGGTATGTCCGAAATTGCACCGGCCCGATTTTAGGCGTGTGAAACTGTCCTTACTTTTCATTACGATTTCCAATAGGAAGGGGGGTCGCAGATCTGTTTTTGTTGGGACGGATTACCGTAAACTGAGCCCACGAGACACGGCCAGTTCTACCTTCGTCAGGTAGTCGTTGCTCATGTCTGAGCAGTTGACTCACCTAAAGGTTCCCTTAACGCACTGACTTTGCGCTAACAGGCTGGTAGTACAAACATTTCATTGCGGACGCCAGGGCGGACGACTTGAAAGATTAGGCCCGTACTACGAGTCCCGCGGAACAGGTCGCTGCCATCTAGACTGTTCGTCCAACCGTTCGCTTTACAGTTATCGTACATAGCAGATTGTTGCTTCCTGTTGATTCCTTGGAATAGAATACCTCTCCCCATACTTGTGGAAGCCTTTGATGGGGAGCTCCTCACCGGCACCGAGGGCCTTGCTTAAGAGTGTATTAACTGAGAAGATCTCGGGCTTACCTAGTAGCGGTATAAATCGTGAACAAAACGCTCTGGCCCCCGTCCGAGCGCAGATAGCTTCAGGATCATTGCCACGCGTCGCTACCTCGTATGATTTAGACTGCTCCCTTTGTAAGAATCTAGGCAGGACTCCGATTCTAGATAGACGGGACCCCAACACTTATTAAAGTATTCAGTAACTTTGACAATGTTCGCGACCACCATCATATTGAATTCATCCGACCACTCAAGCCCCTAATCTTTGGCCAACTATCTTATGAGACAAACTCTGAGTCTTCGGGTAGCTAGAATCACAGATACGAGAACTAATATCGACCTATAGACAGCCTAGTATAATCGTTGGTGTAGGCGTAGGGTCGAACTTACTTGGCGGAGGAGGCTTTTGAGTGCCTGTGACGGCGCGACGTTTAATCTATGTACACTTCTAAACCTAGTGACCTGAGCCACAAGTCTTACACGCCGATTCTAAAAACGACGATCCAGCGTGTTGGGTACTCC,1157,49.09,Homo sapiens
SEQ_725053,CCTTTGCAGTGTTCTCTCGGGCAAGTAAGTCTTATTGCGTATCTCCGCGGCTACCGTGCTCGCCCAGACGTATGGAAAGCTTGATCTCCTTGTTGAGTCAGAGTAGCCTGAGCACGGAAAGCGCACCAATGTTATATGTTTGAAACTGGGTTAGTGGGTTTATCATCCGACAGCCCATTGACTTAGTCTGTACCCGCACATAAAGGGGTGACAGAAAGTAATGACACTTGTCCTAGGGTGATGAGTACGAATGGTGTTCAACAACGACCCGACTCACTTAAAATCTTAATGGGTATTGCCACGGGCTAATTAGTACCTATCCCATGATGGGGTCTCACATGTGCCACGTAAGTTAGACGTGACTTCAGCTCCTATTAAAAAGAAAAACTCCGGCCGCGTTCAGATGCCCCATGACAGTCCAGGCTGCTGCACTATCCCAGCCAATAACCTGTTTAGACAATGTATTTCGAAATAAATCCTTGGCTCACGAAGGCAGGAAAAAACCTTCAGCCAAACGAAATCTCCGTGGGTATTTATTGGGAAACGACTATACTGGATCCTTGATTCTTTTTAGATAACCGTGAGGGCAGTGTATAATCCGTCCGTACCGGGGTGTAATCAACACACACTGACACGACACATCTACAACATACAAGT,657,46.42,Caenorhabditis elegans
SEQ_827787,TACACAGTTTTAAGAACAGGTCCGCTTACCTATCCAAGCTTTTGCTACAGTGACCTTGGCATTTAGCACTAGCTCGGGAAAAAAATGCATTCAGTCCGGCTCCTCTTACGCGCGCTGTACTAAATTA,127,44.88,Mus musculus
SEQ_871945,CCGCTGTGCGCTAGTGACACATCACTTCTCTGATGTTTCCGCACCCCTCACGACTTCCCGGGGAAGGTAGCGCTCCTCGTGTTCGTCAGATCACTATGCTCGCTAGTTCGGCGTCTGCGGCCCCACCCAAACCTGGGTATTTGTGAGGCTTGGATCGGACCCCTGTCACAGGTGAGTCCCGCTATGTACTTTTAGACGACCAAGACGGACCGCGCACCCAGAGCTGACATAGGCAACACGGCAGAATTTTCATAATTCTTGTTTCGACCGTCATTTCGTAGGGGAACAACACAACCTCCATCCTCTTGATGCTGTCACACATCGCTCCCACAGCTACAGCCGCAGAGAAAGTATGATCAGCGTCGATCCATCCGCTCGGGCACAAATAAAGCTCGAAAAACAGAACTGTGCGCAAATTTGCCATAGATATGGGCATTCCATGTCATCTTGGGGGCTGCCCTATTACTCCGGCCATGAAGCCTAATACTCGGCTTTCTCGACACCCGTGTACATCTTGCCAACTCCTCAACCTGCCTTCGGGGCGGGCTGTTGACGACGAGCCTGTTGCTTAAGACTCGGCCGTACATTAGACCTATTATTCATCGTTCGCTTTAGTTCAACCTGCATGGCGAGGAGACCGTGTCATCGACTTACGAGAATGCATATGCCGACTCATGATGATTAGAAGACGGTCTGGACCGGAACCCTCGTGCAGGGTCGATACTCTTAACCACACTGAGAAGAAAGTCCATTCTCTATGCGGCCCTTTTATAGGATTTAGGCCATTCCTACACCCGTCATAGAATTGAATGTGGGGTCGGGCTGGGCTCACGTCAGTTTTTTGGTACAGGTGGACCTCAACACGGATAACTTTAATTGCGAGCAGCTTCCGTTCCATAACTTAACTCGGCTGCGGCGATCTTTAGCTCCTAGTAGGTGTCTGACCTGCCCAGTTCCTTTGAGTCACACATTCGAAACGCTCCAGGCCCCATGACGAACTCCTGGACCCCGCCGTCCAGAAATTTCGCTTGGACTCTGTCAACTATTAAAGCATACGTCCTTACGCCGTTACCTGACTTCCCTCCAACACTATGGTAATGGCAACGCATTACTGCCCACCGCAAGTTGGACCTAGATTGAAACGGAGACTAGCCCCACAAATTCCCGCAGAGTTCTCTATGAAGTACGGTTCAACTTGTGAGGCCGCTCCCGATAACCAAGCCCTGGTCAAAACCGCGTTGTAGCAAGCCTTTAGCTGCGCGGGGTGCGTTGCAAATTTAAGGCTAGGGAGTATGGAAGTTGAACTTGACTGTCGGTTAACCGCTGTACTAATAACCAATTATCGGCGCAAGAGGGGTACATTCAAATTAAGTACCTTACTACAGTCCGGGGAAAGCTAGCAGGACGTTTCATGCCCCCCCTCATACCAAGGGTACCTGCCTCCGACCCCACACCCCTATATCGAGATCGCGGCGAAGGAGTCCCTTGAAGAGGAAAAACAAGCATACGATTGGCCAACTCGTCGTGTATGGCAAAGGACGACAACGTAGAGGTTCGTCGATTGGTATATACCGTCTATCGCGTGACACCCAACTTCTCTTTGTG,1605,51.65,Mus musculus
SEQ_709534,TGGAGGTACACAGCAGAAGCTTCTACTGCGCGGTTTAACAGATGGACGGGAAACAATGAAGTTCCCACAATTGCTGAGTGTCCGTGCTGTAAACTCGTGGAGTGGACATCAGGAAAGCCCTCTGATGCCTGCCTCTCGACGGGGCGAGTGGCCCCCGATTCTTTTGTGTATGCGGGCAGGGTCTGGATACATGGGAGTTCTAGTAATTGATAGACCTCGGAGCGTCAGACCTACCGATCCGGGGAGTTTCCAGTTCAGATGCTATGTGGGGTTCGCAGAAAATAGCCTACAAAGCAGCCTGCGTCGTTCACTGCTTGCGGGGGGTGTTTGGGGGAAGGAGTGTAGAAGGTGCTTGCATCTAGGGGGGCGGTGCTATCTCAGCCCCAGTTGCTGTGGTCCATAGCGATCAAAACTCACTACCACTCGTATTCACTGTTGGCAACGTTAGGGATTCTGTACTAATCGCTTACTGTTAATATCCACACGGGGAAGATGATGGGATGTGACCGACGGGACCTCTTTCTTGCACTCTGCGTAGTATCACGATTACTTTGGTACGGAGTACTCGGACAGCCTGACTGTGGCATCGTGTGTACCTTTCGGAAGTGGCTACAAAACCGATTTATCTGTTATGTCTTCGATTCGAGGAATTAACGAAGAACTCGCGCAGGGCCCGGAGCGTTACGCACTTTCCAATGGGGACCTTTAGTCAGGAAGACCGGACGTGAATCGACGCTGGGACCTGCCCTAGGCGAGTAACTTCCTTCTGCATATCCAGCGCAAAAAGTGCCTTCTCGCAAAAGCGTCCTCGACTCATATAGGGCACCTTAAGTCTGACGTCACAGTTCACTTTCACTCGCATAGTTAGATTGAGGCTCAATTGTGCAATCAACTAGTTTAAAGGGGAATAGGAAAGAGTGAATCATTTCCTATCTAGGGGTCACCCAGTGCTTCTAGCAAGTGGATCTCCACAGCCACTAAATATCTCGTCACCGACTGATGTTCGTCGGGGGCGCGAAAAGTGGAGCCCAGTGACTCACTCGAGGTCACATAACAGTTGAGAGGCCGCGTGTCTTCTAACATTTCAGATTACGGGCAGCGATATCTTGGAGATACAGCAGGGCCGGACACCCTTTCTGCGCACCTCTCACGCAGATCTTTCTTCCATCGTGTGTTAGGGACCCTACCAGTATCTCCTGTGCACATACTCGACTTGGGTAAGGTGACGTTGAGAACCAGACCCTCAGGTCTTACTGTCCG,1260,51.51,Arabidopsis thaliana
SEQ_323779,CGAATAGGAAGGAGAAAAACCAGTCGAAATTTTACAGTAGCTCTGTTGGGAAACGGTGTTCGGTATCCTCTTGATAGACCGAAGTAATTGACGAAGTGCAGGACTGTGGTTTATGTTGAATCGGCGCTTTTTATAATGTGTGGCTTGGACCTAGCAAGACCGGGCGATAGGGTTGCAAGCATATAGACGCCATGTCACTCAAAACCTCGAAGGTCCATGGATCGACGAGCTAGGAAGAGCTTGACAACCACCCGAGGAAATTCTCATACTTTACAACGCCCTCTTCCTGCATACGCTGTCTAGGATGCCATCCAACTGCGATACAACTCCAGGACCTGATACACTTCTGTCCTCGACCTGGCAGATAGCTTAGTCGTGGCATCGAAGCTGGAGGTGGTGGGTTTGCCTACATGGCCACTACTAAAGATCGCGCGGGTGGCTATTTGGGGTCGGCCCTTGACATAGATATTCGTTACGATCTAACTTACGCTTAGCATCGCACGTACCTGAGAGCGTGATGGCTTGCATTGGCTGACCTATTACCTAATGTGTGGCTCAGCTCCGCCTCTTGTGTGCACAGTCGCTGATCTCCATCGATAAGTTGAGCGTGCGAAGTGCAGCAAAGCGTAGTGTCGCCTAGCCAAGTCCTCTACTTGGATCCTTCATTATCAAGCAGCGAAGTGGTCCAACCGTTTCTAGACTGAGATCTAACTCCGGTATGCACACTTACAAGCCTACCCCGGGCGCTAGACCCGAGATAAAAAAATCTTGCGTTTTACCGCCCTGAACCTAAATTTTCTATATACATTATGGTTTGGCGTTTGGTTGTTGCCCTGGGTCTTGGCCTATGTAATTTGGTAGCTTCAGCGCTAGCTACGACAAGGTAGCGAGTCGAAAGATTGTTTCCGCTCGACCCCGGCAAAGACTAACCTTGATACTGAAGTAGTAAGCTAGTAATCAGATCTGCACAGTAGAATTTTAGCGTTTTCCTTGGACAAAACCCTCTGCGGTTGCTCGCTGAAGTGAACAGTTTTGCCCGACATAATGATGTGGAATTCATGAGTAATCTCCTTTCCAAGCTCTAGCTTTCCGAGCACAATATATCTGAATTACAACCTGTTCGCAAGAGGATAGTTTCTGCTGCGGGTACTAGCAGACACCTCCTCTCAACAAAATAGTTCCAAGGGTGTCGCTTATGCAGGATTGCCCATGTTATAAGAGCGCAGGCGGATAGAAAGGCGCGTAATGACCACCGTTATCATTCGTCCCGGTTGTGCACCAGACAAATGCAGTGGCATCTGACGGATTGAAGTACGATCATATCGGCCACCGCCTGACTGCTACACAGAAGATCTGAGGCTTGGCCAGATGCTAGAACCTTAACCAGGTTGTGGTGCTAACCGCTACCGAGCGGCTTTCTCCCCCGGTGTTAACAGTTAGTCACCTGTCGTCGTCCCCATCCCTAACTTAGAGGGATAAGTGTAACAGTGTCGATGGGATCGCATACAAGCGAGTCCGATCTCTCGTAACAGTTATGCATACAGCATCATATCGGCGACACCATCCGATCCCCAACCTTCACAGTAATCAAGTAGTATGGACGCACCTTCTTAATATAGCTTCTGCCTCGGCCCCTATGGCAGCACACTGGATTCTCTTCTGAATTATCTAAATGTTCCGTAAACAATGGTATCCTACTCGC,1702,48.59,Escherichia coli
SEQ_846275,GAGTGGCTGGTTATGTTACTACGTGAACCAAGCAGAGCGGTGCTATTAGTTCGCGAGCCATACCGTCCGCCTACCACTGGAATCGCGTTTCGCATCCCCGCACGCAAGGAATCAACCTGCCCGCATCGTGTCCCACAATTCTGATGAACTAATGTCAGTCTACTTGACGAGATTGTGCCTGCCTTACTACGAAAGATCAATCACTATTACGGGCTACGCTCAGCGGTTTAGACGGGTCATGACGTTAAATCAACAAAGTATTTAATTGCGAGTGCAAGCAGTAGCCCCTCTGCATCAGGATAGTTGGAAAGACGCCAGCCCTGGCTAGGAGACGTAAATGGTACCTGTGACCTCATACGCGAATCGCCCTGCGGAAGAACCGTTTGGTGACTTGTGCATAGCGGAAAGCCTATTCACCTTGTATACCCCCCGAGTCAGGCTGGTTCCTACAGAGGGTGCCACCACGACTTATGATGCCCGGGTCATATAGTGTTAGCGCCCCCCGACAATACGGAACATACAACTGATAATTGAGTCAAGCTCTCATACCTTATGTAAACATCTGGGTCACACACGGAGAGACTGTGCAACTAGAATACGACCGGGGCTCCCTTCGTGATCGCGTCCGTAGTTGACGACTTAGGGGTACTCGTTGAAATCAGGCAGCCAGCGTTTACATGGGCGGGTGCTGTCCGATATTTCTTTCGGATAGAATGGAGTCGCCCAGCAACAGCACTGCCTGCCGCAGCAGTGGCGTAAAGTCTAATGACATAAAGCAACTGTCCTGAAGATATAGATAAGTTCTCGATTATCCGGCACTCTCTCGCACTTTAGACCTGTCCACGGCTTCAATCCCGGCATCCGCACGACAGCGAGCGCCTGACGTACGTGAAGGCCAAGGATACATAAGGTACCAAAGGCTGTGAGGGCCAATTGAGACAAACATCCACCCCGAAATTGTATGTTCCAAAGACTGAATTCCTCTCTATGCTAGCTTGTACTCGACATCTCTATTGAATCATGCTAATGCGAAATGTGTAATGCTTTGTCAACGCTGACGGAAGTGCCTAAGGCATGTTTACAACAATAATCGCAGGTACATGCATTACGTAGTCACCCGTGGTTCGGGCAGTCTTCTGTCACAAAGCGTTACACACGCGAAGTGCGATTGGGGGTACGAGGCACCGCTCGCTTCGAGCGGCGGACTCGTTACAAGTCCTTTCGAGCATTCCCTAATCATTGTATGATACGATGGTGTTGGTTATGAGCGTTAGTGTCGTATTCCTAGATTGGTTGGTACACGTTGAACTTTAGTGAGTGAACCCAGTATCCCTGCCAAGATGAAATTCCGTCACTTGCGTACTTGGTCACGATAGGCAAGCTCCGCATAAGGAACGGGCGTACGAGTGCTGTTAGTCGTAAATGCTGGCCCGATCTACGTTCGACAAGTCAAATCGATTTTAGGCACTCGGATCATGCTCAACAATACATAGAAACGTCGGTGGGGAAGCTATTAAGCTTTGGCGAGCATGCCTGAAACGCAGCGCAAAACCCGGGGGTGTACCCTAATTGAGTGCTGGCGCGTGGCCCCGCTGCAAGTATTTTCAGCTGCAATCGGAGCTCATGACGAAACCCTAGGCATATGCTGGCCTTTCATGCGGTACATTACAATCTAACCTAATTTGTAATTGCCGGCCGGGGCATTCCTTTCAATAACAATATGTTGCCATCAGAAGCAAATAGAATAGTTATACTTTGTAAAACTGAAATTAACTAGGGAACCGACCGTTCCCATGATCGCTACGGGCGTAAGGCGGAGATTACGTCTGGCATTGGGCGATGCGTTGCAGAGTTACCATTTGGCCGCACTACCATGTGAGTCTAACTGCGAGGTATTGAAAGAGGCAACGGTGCTCCACGGCCAGCGGAATAACTTCGCTGGCAGCCAGCAACGTCATCATCATGAACTTGCGCTACCATGTAG,1984,49.95,Arabidopsis thaliana
SEQ_967336,GTGCACCTTCTAGGGCTTCTGCCTGAGACATGGGTTCAGCTAGAAGTGCGAGACTAATGCTGCATATTGGCGAAGCTCTACGCCAAGTGTTTCCTTCCGCACGCAACTCCGGAACCAAAGACGAGAATTATAGTACTCCTCCATACCAAGAGATGTTCTGTCTTCGGCACCGCTGACAGGCCAGTACGGAGTACGACTTGGTACTTTGTCGCATGCTGTTAGATAGCTTCGTGGACGCCAGGTTGACTAGTGAGACCCCAACCGAATGAATGCGTGCCTCTACTCTTTCATAGCATCCACCTGATTCTAGCCCCTAAATTAATAATGGTCCATGGGGGGCGGGCAGGCTTGGTATAGGTTGACAGTTGGCGTAATCCGGTCCGTCGATACCGTTATAGCTTTCGTGGTTTGGGTACATCATGTCGGCATTACCGTAGTTACCACCCATCCGGTGGTCCGATGTAATGTCGATTGGCGCGCGGTCTAATTAATGCTGATTGATGCCATTCAAATGCTAGTTAACTTGCACTGCTCCCGGACGTCTGCGCGGAGAGCAAAAGCCATGGCACCGACAGCTTGGGACGCCGCGGCTTTCATAAAACGGGCATTGTTCACCGATGTACAGGTGAGAATCCCACAAAG,642,51.56,Arabidopsis thaliana
SEQ_358959,TGGTTGGTTCAACGCACCCACCTACTTATGGATCCTAAAAGTGGGTATGTATAAGAAGTAAGGTGGAAGTTAGAAACATCAGGATTCCTATTGGTGAACCCATATCCATGGGCACCAACATGTGCTCAATAGCTACTTGAAATACAATGCTTCTAGAACACACACACGCCTGTGGATCAGATTCAGGTTGGGTCACGAGTGATATTGCACCTTCCATCACTACCGGTTAACCGTCGCCGGACTTGGTGGATATTACACAGGGGTAAGCTCCTGCTAGGACTTCAGCGACGACCAATCGAAGGCGTTCGAGGCTCTTTATTTGGTGCTCCGCCAAGATCCCGGTATAAATGATTCAAAAAACATGGCTGCGTTGTGACCTCTTTGCAGACTATTATCATAGTTCTAGCCTTAGATTAGCGGGCGTTCGTATTTAACCATCACTCGTAATGCCGGTATACGTATGACACCCAGTCCCTGGATCGCAAACCTCCTAATTCCCAATTAGCATACCGCACGCCACGTCACGGGGAGGGTGCGTCAGATATTGTTCACAGAGACTGTAGACTGCTTGCCACCTTAGTTGCTGGGTGCACTGGTATGCGTTTTAGAGCAAAGAGTTCGGCGCCCCATACCCGCATTTTAGACAACACGGCAACCAAAACATCCCGCATCACGCAATGGCTGTTAGCAGACTTTGCTCGTCGAGGATGGCCCTTACCCGTGCGTGGTCGTGATCCTGTAATGAGTCTCCTACTTACTGTAATAGAACTTACTTAAGGCAAGATTAACCCATTACTACAAAGATTGGTGTAAAACTGTGACTAGGGGACCGAGTGGAGTTATGGGTAATATTTGGTTTACCGATGAGAGACAAAAGTAAGCCCAATCCGAGCTGGCCATGTGAAGACGGCTGCCCCCTTCTGACATGGACTTTGCGCTCACTCGATGACTAAGTCATACGAGTCCAACTATAATGTAGAAGAAGGTTTGATCTGTTCGTCGGCGTGCATGATTGGCTTCTCAGATCCGATCTTTGCTCCATCAAACAGCTCGAATTCTTGAATGGCCGGTGCGTTGTTTTTCAGACTCCGCGGTCACGCGCTTCTTCGTAAGGGAGGATACGCTGCGAAGCAAGTTCCACGGAGTTGTGTT,1152,48.18,Arabidopsis thaliana
SEQ_747539,CGCCAAAGGGTAAAGGTGTCTAATGCATCTCAGACTATGCCAGTTAAGGTCACTAGAGGCCAACATGACTTACTC,75,46.67,Caenorhabditis elegans
SEQ_688637,GCGCTTCGGGTGCTACTCCGCGACTAGCCACGAGCACTACCTGACGAACGGTGACCTCGGTCTTAGATGTTATGTGCAATCAGACTCTCGCTCTAGGCCACCGTACGGAAGGTCTGCATCATCACCACTGTAACAAAGTCGTCCTCTGCTTACATCCGTCAGAGATACGTTGGTTCTTTTCACAACCTGTACTACTGGTCTCGCAGTTTACCTACTAACCGGGGGGGCAGGTTCCACAACATGTGCTAGCGTTAAGTTTTTAGGCGCCGGCTAAATAACTTCATGTTAAGAGTTCTGAACAAAATAATTAGTTGCTTCTTGCCCGCATAACAATTTTGCACGTGTGATACCCTTGCGGAGATTAATGACCTGTTCATACCGGTCTCGCATGACCGAGGCCTACCTCAATCTGATGGCCGCATTGCTAGCGCGAGTGGGTTGCCGCGGTAACCTCGAGGGTTCATTACTGCCAGAAGATTCCTCCGAAGTTACCACGTAGAGTTTCGCGTTGAC,513,50.49,Mus musculus
SEQ_242135,TGGTCGGGAGTCGGTGAGTTCCAAGACCGTTAGATGTTAAACCCTTTTTCCACAGCCGCCTCTAATTTCCCCATATCGGAGCTCTAGCTCCGTCGAAGCAACGTAAATTTCATTAGAAATGAGAATCGACTCCTCAGGGTAGGGCTCCGAAACGATGATATGGAATACTAACACAGTCAGCACGGGTTCCGATGGTCGGGTACGCATTGGCCAGACTACTGGGCGAAGGTCTATAAGTGCGGTAACCTCCGTCGATTTATGACTTTTATAGCTGGGGGTGGGACATCTCTGCTTAGACATGAGTCTATCGGTCCAAGAAGGAGCTGGGCCGTGTGGCCGGTCAGCTGGCGCTGCAAGGTCGTTGTGCGTACTTGGATCTTGGGAATTATGGACCGTATCCGATGCCCCACCGTATATATTGAATGCCGTCTCTAGCTATAAGGGGGAGCTTATCGAGGACATGAGCCCGGCTACAAGTCATCTAGTGTAAAGGCAGTAAGATTACCCTTTAGCTAGATGCAGGGTGACACCGGGTTGGTGTGTGACGTACCTGACATGATACTTATTAGTGGTTGAGAGGTGACTAACGGGTCGGTAAAGGATCTGAGGCAGCTCACTAGATTAGCCAACTGTAATGATTTCAAGTGTATATATAAACAACCTGAGGATCCGTCCACATACTGAGGAGGCCCGACTTTGCACCTCGGCGCTCTCAGCACGCCGTGCTGTACAGTACTCCCGAAGGAGTACAACTCATAGTAACCATTTTCTGGTCCGTCCAGTTTGACCGATCTCCTAGTAGAGTTTATCGACGCAGGGGGTACGTGACGACTCTCTTCGCAAGTGCGGTCAACAAGCACCTCTTACCGATTGAGCCACCAGCAAAATGACTGCTACGCCGCCGCGCTGGGCCGCCGATA,920,51.2,Saccharomyces cerevisiae
SEQ_674662,GCGTTGCTGAATAGTGCACAACCTCAGAAAAAAAGAGCGGTCGACGGGGGCGATTTGTATTGAATGCGGCAACAACCCTGACTACGACAAGTCCAAAAAGCTCGCAATAGAGTCTGACCGGACCGAAGGACCGGTTGGAGGAGCTCCAACTCTCTCGTGACCTTGAGCTCACGAATACTCTGGGGGTGATTCTTTCTTTCGTGCAGGTGCACGTAAACGCCTGCAGCTCGACGCCCTCGAATCCCGAAGAAGACAGCACCCACAACTAACCGTGAGGCATACCTTCAGTTGGCAAGGAGATATATCAGGGACAATTAGAAAGGATAGAGCAACTCCCCTTTTAGCGGAGCCTACACAAAAAAGAATATTCTACCGAGACGCAACTTACAGTCCCCCTAAATTGAAGCTTGGAGCAGGGGACAGTTCTACCTGAATTGCGTCTTCCAGTCGATGATACAGGGGCGCAGTCCCTCTGCAACAATTTCCTTTATAACCTGTGTACGCTCCATGTTCGGTAGTCGGAATCGTATGTGATAGCGAGACGTTTGTGCCACCGTTCGAGCCCACTCATTGAGTAGCCATCTTATTGACGGGGCGGTCTTACCTTGAGGCTAGTAGTGTTCGGATTTTCTTGATAATTTATGCAACTTTATTAGAGGCCAACTCGCATCCGCTGTTTCGTCTTTTGGAAAATTCGGTTCTGAATCATCCATAAGTGTTCGGGAGACTTCCGTCTCTGCGGAAGCGTACATACACTGAACTGATCCTTCCCATCCTTGG,780,49.23,Escherichia coli
SEQ_522340,TCGAAAGAGTCGCTATGTCTCACTTGCCGAGGCTCGGGGCGCCCCATGGTGCGTATGCCGCTCCTCTGGGCAGCTCAGTGTGTTAGTCGCAAGGACCAATTGAGTTTTGAAGACTAGCGTGTGGAGACTGTGTTGAGGCATTATACAGGTACATATCCCGAGTAGTTTCTGACTTGTGCGGTTGGTATCGCCAGGATCACTCTTTTCTGGAGCATTCTGCTATCGTGTGGCTATTTGCGTTAGGGTGATTGGCTGCAAACCGCAGTCGGTCTACATCCATGTTTCTCACTTCCAAAAGTAGCATACACATCAATATGTGGACCATTTGTTTAGGGATTTTGACTTAACCGATACTTGTAAGAGTCGCTGCAAAGTTAATGCCCTCTATTACG,392,48.21,Drosophila melanogaster
SEQ_610931,TTCGTCTTGTGAAACTTGACTTGGGCGGGCGACGAACCGCTCATGGCTCCACCCCATTACTATAGGTCAGAGGTACTTAGTTATCACCATACTGGGTTCTACGACATCTACTGCGATCGAGATCGTTCTTAGACACTAAACAGAAAGATAAGAGTACAGGTCGTGCTCCCCTGCTCGGCGTATCGGACTCTTAGAGCAATTTCAGCGACCACAACCACATTCCTTTTGCCCGCTCACTTGAGAGCCCTTT,250,49.6,Homo sapiens
SEQ_274900,TAACGGAACACCGCACTAATATTCATTTGCTCCTACTTGAATTATTGAGGCCGGGGAAACTCACCTTGACTTTTCAGAAACCGCACTTCTTTGTTTATACCACCAGGTGAATTAATTCATACATCTCGTAAGAAAGAATCAACGTTCTTATACGTGAAGAGCGTGGAAGGGGACCCTTGGTCGGGGCAGTTCTCTATTTTTATTTACCACAGGCGGAGATCGAGGATCGCAATGTCCGCATCTCTGGTTAGTTACTTGAGTTTGGGATGTGTAGAAATGTACCTACCCTTTTGCACCATATTCGGAGTCCAACCTATGTATTAGTCGCAATGCCGGGTCTGACGGACACACTTAATTGTCAAAAGCTGGGGATTTAACATGACCTAGGTAGATTTGCAAACGTGGAATACAGGCCTTTTTGGGAATGCTCAATCGGCACTTCCTTGGGTACTAGACGAAGAATCCATCCAGAAAATTGGCCTCGTACGCAAGACAGCTATCCCCGATCTGCCAACTCGTGATAAACTTCTCCACGCCCGTGGCTCTCGCTAGTGAGTGTTAATCCCACTGTTGACCGACGAGACCGCTCCGACTTGGCGAGGTAAGGGGACGTCCTGTATTATAGTGACGGTATGAATCCCATCTAGTGCGGCCCGGGGCCCCAGAGAGTAGTTCCTTGTATTGCAATCTCCGAACTGGCTGGAGCGCACCAGGCATAACGACGCAGTGCACGTATGGTAATTCGTCCTCGCCGCTTATTAGAAATATAGTTCTGCATGGTGTTAGGCATCGAGCGCCTTGCGAGGCCTCATTTGTCGGCGTAGAATCACTCCGCCAAACTCGCGCTGAAAGCAGGGAGCAAGAGGCTCAAGTGAATAACGGCCCGTGGTCTAGCTCGGGCTTCTTGACGACTCCCGAAGCACTAAGGATTGCCTTCATACGGAGTATTTGCTTACAATGACGCCGTACCGTTTTATATTTATGTTGATATATTGGTACGAGCCTAATTTAAATCACATCCTCGTCGGTGTAACTGCTAGGCGACCCTTCTCCAACATAAGTTTTTCCAGTCACCTGCAATCAGATCATATAAAGTGGTCTGCTAGTAGACAGGATAGGCTCTGGCATTATTGGAAATATCCAAAATCAACCTGATGCAAGCGAAGGTAGTCATTCAAAATTCCCGCATGCGGTGAAAAGCAGCACCCTAGACGTAAGCGGGACGAATGCCTCCATGGAGAAGGATGCACAGCGAGTGTCTTTAACGGAGGTTAGCGTTACCAATGCAATCTGTAAGACGCTTTGCCTTTAACGAGTCGTGGGATATCCCAAGGGATGTTGAGATCATACTGTCGGCGGGATGTATACTAGCAGCCACGTCGTTGAGTTTGTGCTGTCTGAGAGTGCTTAGAACGGCTAAGCGCTGAAGTCCCTCACGACAACGGTAGGGTGCGTCTAAACAGAGGACTATCTCCTAAACGAGATAATCGTAACCGACCAACCGACCGCCGGTCAATCTGGGCCTTTGTTTGACCTGGGTGGGTCTCGCTAAATTCGGTTGCAGGTATTAGTTATCATCTGAGCCCCACATGTCAGATGCACTAGGCATTTCTCGAACCGATTGCTTCTGATTCTCGGCTACAAATAGGCCAACACCGAGCATGGTGTCGGAGGCTGGGTAGCACTGTTGAAACGATAACCTGAAGCCATTATAGCAGCGACCGTGATAGCGGACCCAGGGCCATGTTTGGCTTAACATTCGTTACATTGTTGCATAGGCCAAAGATTAAGCTTTCACCGTTTTAGCCGGAGACTGCGGTAGTCGGCAATCGCTGTGCTTGCGTCGCCTCCAGATTA,1857,48.79,Mus musculus
SEQ_675160,TATTGAGGGAGGTTGACAAGTGCTTATAGTCGCTTTAAGAACCAATCATCTGTTGCCATAGCCACTCTGGTGCTATCTATCCTAAATGCACGACGCCTGGGCGCTCGAGTAGAGGCATAACCTGTACTCACACCAAGACATGCGACGACAGCTCAACCAAATATTTTGCATACATCCACTCCAGGCAGCCTGGAAGCACGGCGATCGAACAGTTTGGAGTTCAAGTCTGGCGTTTGCTAATTAAAGATGCTCCTCGTTAGCTCTGTGAATCCCCACACCTGGTAAAGTCCACGGAGTTTAGGTATATTGAACTATTTAAGGAAGAAACGCTGTAGATAAGAATGAAAGACAACTACGGCAAGA,363,46.01,Drosophila melanogaster
SEQ_978227,CCCCACCTTTCGAGGCTTAGATTAACGGAGTCATTGGTATGTGCAGCAGGCGGGCGTCGGTCAGTCTAGAATATTATACCTAATCTAGCACAGGCGGGTGGGTCTGAAGACGTGGGCTTTGCTCTGCGTGACCACTTCTATTGTATAATCCTACCGTAGCCGCTCTATAGCCCCCTAGCGTAACCGAATTCACTTGACTCCATATAGCGTACAGGATGTAGTTCGAGCATGATACATGGATGATTGTGGGCCAGTCTAGTTCTCCGTGGGCTTGTAGCCGGTTATAAAGCTTCGAGATCCCGTCCGAGGTGCAGGTACTATAGTTCAAATGTATAAGAACGGGATATTGGTCCTACTCGCCGTATGCAACCTTGTTGACTTTATTGGTAAAGACTCAAGGAATGTCTCAAGCTTAGACTCGCAAAAGTACCTACATACTTGAAGGAGTTTCCACACAGCACGCAACAGGGCCGAGTTTCCTTCGTCGATTCCGAGGTGGATGTGCAATGACCCCTCGG,518,49.23,Drosophila melanogaster
SEQ_212756,GCGCGAGGTATTTTGTAGACTAGGTAGTAATCGCGGAGTAAGCTCGCTCGAGTGTCAGGTGCCCAATCGTAACGTCATCAGTGGTCATCAACCTAACGGACCGCGGATACGCCTAATCCACCATCATCAGAAACCTTTCGGCGGATCGGTATAAAAGAGCCCTCGTCCGTGACGCCAAAGAAAACTCCTACGGTTGGCAAACCCTTAGCGGGTTCCAACATCTGGGTTTATATTCGCTACCGCGCTAAGCGTCTTAGCGTTACGTCCTACCCAAACAATCTTAGCCTGCTGGTGGAGGTGTGTAAAGATCTATGACTCACAGGTGTACGAGGCCTGAATCCTTTCGCCTGTTTTTTCAGGTGGGTTTTCTCGAAATAACGAAAGACACTGCTGCCCCTCCGTAGCAACTCCGTCTCCCTCGCCTGACCAGCTCATAACGGTCAAAAGTACGGCT,454,51.32,Arabidopsis thaliana
SEQ_993519,TCGGGGGCAAGCCGGGCGTCATTATGCCTGCATTCGCGGAAGTACCGACATCATGAGCAGTAGGCAACACTCGGTCGACGACGTAACCGAGGATATGGGACCGAACGTAAAGCAAAGTAACAGGTTTAAGCTACTCGATGGCCAAATATATCTGGTA,157,51.59,Escherichia coli
SEQ_754504,TCCCTGCAGGCTCGTCCTCCAAGAGAATCTGTCGCTTGCATGCTCTTAGACTCCTACTGAGTTTTTAAGATCTGAAGTTAGTGTAGCGTGTTACCTCGTGCGCAACCCTTCTGGGCATCTGTCCACCTGTCCTACGCAGGCCCGCGCCCTCTGTTTCGGTGTCTTGGATACAGACAGCTCGTCCCGATAGGCAAGTACGAGAAGCGACAGTGGCTTCCGGTCTCATATCGGATAATACAAGGCAGTTTCCTCGTTCTAACGGACAAAAAAAATATTTTTCCTTAATCTCGCCAAGGGGCCCCTACCAGGCATACCGTATCATAATACAAACAGATCTCGCGCACCGCAGGTGTGGGGCCAGCCCGGTTTTTAGGTGGTGTTAGCTTAGCGATTTAGCTTATCCCAGAGTAATCACCGGATTCAGAGGAGGTCAGCCTCGTCGCTTCGACTGCGTGAAGTATTTCGGTGTTTAACATGGTTAAGTAGCACTCCACCCAGTTCCAGATGATGGACGAGGCTTTTAGGGAACATGTCTACAAGACGAGTGACTCTAACGAATTTGCTGTTTGGACAGTCTAGGTGAGTTATAGAATAGTGGCGAAGGTTGACCATTTCGAGGATTTTACTCGCACCCAGGGCTGATCAGTTCCAAACGGAATTCCCGCGGCTGTTTGTATCCCTTCCCCGCGGTCACTGAACTCGCAGTATGTTTTTTTATTGATTCAAGGACTTCGAGTTCCCTTTTAACTCTAGGCGTTGCAAGAACTCCCCCGAGCGGATAGCTCTCCGCCTCTGTAATGGCCCCCCCCCGGGGTCCAACAGACTCCCTGATGTATCGTTATTTGCACCCTGGTTCGACGCGCTACCTTGATGTAGCCCCTCAAAGTGCTGCCCGTGAACAGTGCTACATCATGCAATCGCAGAACGAATCAAAGAAATCTCCAGTTGTGAGTCGAAATGTAGTATGCTTCACCGCATATTAGG,984,50.2,Arabidopsis thaliana
SEQ_877479,GTCACGTTCGGCGAGCAGCTATGTCGTGTCAAAATACCGTGTGTGGTAATACATCGGGTGACAGCGCGGACGATGTAGCGTCGGATGGGTAATGATCATAATCGTAGGGGCTATCGGCCTCTTAGTAAAGTAAAAATCAGCTGACGCTCGGAGGATATGATATGCGTTCCTAGATCGGTTCGAGGCGTCTCAATAGTTAATCCCCGATAGACATCCTTGGTTGATCGATGATTACGGGTCAATTATGGCCGGATCGGAGTGTGGTCTAAAAGGGAATAGGTTGCGGCTGTCTCTACTTAGCAGGGAAAGACCCATTCAATCGTCTGGGTAACGTCTCTGGGTAGTTGACCAAAGACTGCTGGAGCGTTTTGTCCTGGACAGAACCGAGGCACAAAAGAGCAGATTGCGTTAGTGACGCATATCCCATTGAAGCCAAATTCCCTTATTCGCAAGCGCCTCACCGAAGGATATGGCGAAGCCCTCCTGAACATGTTAGCACATATATACGAAGCTTAATAACTTACTATTCAGTGGTCGCCAGTCTGAAGTCGTCGTAATTGGTTCCGATAACAGGAGTGGCTTGCACACACTCCGGCCAATTGGTATGTGGAACCCGAACTCATATAAGCTCAAAGTATTATAGATTCCGTGTTATGTAGTCCTGCTAATATTACGAGAAGACCTGTGTAGCCGAGGGCACCCGGTCTACTTTGAATGTTTACGTATTAACTGTGATCGAAACCTCTATTGACGAGGATCATGCGGGAATGTCCGGGCTTCCAATCTCTCATGCGAAACCTATCAATTAAGTAGTGAACGCCTCTTAAGAGGGACTTAGGGGGTGATAATACTG,853,47.36,Saccharomyces cerevisiae
SEQ_947327,GAGCTGTTTGACCGACTATACAGTTAGTGGCTTCACTTGCATAGGTCGTCCGCTAAAAGACATTGTAGAGTGAACGGGCAAGTGGGGACGAATCGCTGCGAGTCTGCCTAGCATGCACTCGGGCGCCTGGCGTCGGGTTCACACGCGCTCTAACTATAAGAACTTACTTTCGTTATAGAAGTTTTGCTCAGGCTCGAATTTATGACCTTGCAAGGGAATATAATTGAGATGAACAAAATTCTCGGTAGAATTCGGACGTAGATAAGTATTTGTTGGGTGTCAAATTGGATCGGCCTTAACACTCTCGTGCATCGCTCTGATCTCGGGGACTCATTTCATAATCACCATCCCTCGAGGAGCGAAAAAGAGGACGATAGTCCTCACGACAAGGTCTCGACGCGGGATCGGTACTCCAAGACTGTACAAAGCCGCTCGGTGAATCGACGGTTCTGAACCTTGGAAAACAGACGATAGGAGAACGGCGGAAACGATGTTTATGGCATGGTGATTGCCGAGGGGCCCAGTATCCCTACCCCTCGGTAGCTAACCGTAAATAGGCATGTTCCGCGGTAGGCTCGCATTGGATATTTACTACTGTGTGTATCTATATCAGACCTTTCACGGACGCAACGAGTAGGTAGACCGCAAATCTCCCATTTGTCCACCGAGTAGCAAGTTTGACTGGTTCACTTAAACGTGACACGTACTACGAGGAGAAGGCCGCCATAGCTCTGGAGATATGCAGTCGAGAATAGAAGTAACCTATCCTACGAATGGAAGCAACACAATGATTCGAATCTGCCCCATGTCCACTCAAGGCTAAAAACAGTGATATCCAATCGATTTGACTGAACGTCAATCTGAGCGCTAGTGAGGCTAGTAGAGAAATTGAGTAGCGCGCTATTTCACACAATATAATTCGAATCGCGGCGTCCCTTTAAAGTGGGCTTATTATCCTAATAGACGCTTCGAATACGATAGGCAATTCTTTATGGCTCTGCGGTGCTAGACGTTTCCTGAAGGAGTAAGGTACGATATTCAGAGTTAGTTCAGCTAACTGTTCCGAACGAGTATGGCACGATTTGTCAGGGGACCGGGATTTAGGTACTGAAGGTATCACGCGTAGTTGTCTTTTTATTGTCCACTTACCAGAGCGCTTATCCGAGGTGCATGTACTAGAGTGCACATGGGTCAGGGTTCATTGGCTGGTCAGCTTCGATCCCCACAGCAAACCTCCACACAGATACATGTGATAAGTCGACGGGTTGCCCCATTGGAGTCCTACCCGTTGGGAAAATCGAACCTAGAACGCTTACCCCGGCCTCGGCACCTCCGAGGCGCGCATCCAGACGCCTCAGGTTACGATGTGTTTACCCGTTAATTCGCCCATGATGACACGATCATCGGGTCTCTTGGTAGGTGTTACGTTTCGGATTACCTTATGTGACGTGTTTTAAATACATCTGTTTCTTATCTAGGTGCGGGATGTATGCGCTCGCGACAGAAGTACCCGCAGAACTAGGTCTTGGTAAGCCGAGAGAAAGAATGAAGACCCCGCTGCATATCAAAATTTCCCGGATTCCCGCCAGGCCTCGCTTATTCCGTATAGCGACAAAACCTTATGAGTGAATACTCCACCCATTCTGTCTTTTAGTACAAACGCACTACACTCAGTTATGTGGTACCGACGCGGTAGGGGAATTTGAGGTTGCCGTGAACCAAACAGGAATAATTACAGGGCCCGACTCCGGTCCCCCCATTCTAGTACATAAAGAGGAAAAGTTGATTCGACAGCTGATCGAATGTTAGTCTCCCTCACTCCGGATCGCAGTCTAATTGATTTTCAAAGAGCCGACTACAACTCCACGCACCTTCATCTTGAGATCGGGAAAGTTATATATTGATATGTTTCGGTGACGGCCCCAATGGTATCCCGTAGTAAGCCGGAAAGGCCGAACCAGTGTAGAGATTATGCGCTCAGAATCCTTCCT,1991,48.27,Caenorhabditis elegans
SEQ_611494,AATACACATGTATTGTTCTTAGATACATCGCAGTACTTATTACCTTCCGAATGTCACCACTTTCCGCTACAATTAATTCAGGCAAAGGTCCGTTCTCCGATCCCGGTGCGATCTCCGTATAATGTCACTCTTAAGGCAATCAGTGAATTTTTAAGTCGTTGGATACAAATGGGGCTTTGCGTTTGAACGGTTGAAAAGACTCGTACCTATCTCAAACCTGCAATCCTGCAGTCAGAGCGTCATTTCGTAACAAACACTTCTACACCTTTGCGCGGCCATACTTATATTGGTGCATTATGTCATTTAGTTGCACCTCTCCCACAGTTGCTCTTGTGATTATTCGTACAATTCGGATGGCCGATCCCATCAAAATTTAGTCGATAGCCCGGTGAGAAACTCTTTTATTTGCCCAGAAGATCCCGGGAGCTTCTGAAGCCCCCCAGGGCGTCCCACTAGCATCGACTGCATAGAGAATCTTTATTGCCTGTTGTACCGATACGACAGAGATCACATTGATATTCAACATCACAAGTTCTCCGCATTGTACGCTAGACAGAGCATAGCTGTTGTTGTCTATTATACCCGGGCCACACCTCCTCTCCATGGCAGGAAATGATGCAGGACAAGTTGTTCCGCCCGTGGGAAATGACCCGAAGACTTTCCTATCCTGGGGTTGCCTCGAATCTTGCGTCGTTAGGCGCCGTCGTAATCTACACGATGTACCGGCTGGCCTGTTTTTCGGCGTGATCGTTATAACAGCCTAGGAAGCGCCGGGCCAGCTACACATTATGAGGCGGAGAAACTCGATCCCCCTGAGAATAACCTGTCTCATGTACCACGGCCAATCCTCTGCCTTTCCCCTTGCATGCGCAATTTTCCTGCCGGAGAGATACATTTAGACAGACTTAAGCGGGATAATTGGAAAACTTGGTCAGCCGCTCCCGCAGGCAGACACCGGCTATCACCGCCCCGGAAAACACGTGTCTGCAATGAAATCTTATGCGTGGAAGAAATAACGTTTTTGTACGAGCCCGGAATACTACCCCATTAAGTCCCCTCGAAAACACGTGATCATCCGTAGGTAGGCCCAACATAGGATTTTCCTTTTTACAACTGCGATAGGTAACTGTACCGTCTCTTATAAACAGACGTATTACACGCTGCCAAGTCCTTACGACCCTATAATTGGTCGGCAACTTAGGATCGTTCCGTTATAGGAGCTAACTTTACACGGTTCGACCCAATTTTTCGCTTGTAGTACGTGACTTAAGATAACGGTACTACTGGCTCCGATTGTCCGCCGCCTCTGGTGTTCCCGGGAGTTCCAACAAGCTCCTCACCATGTAAACCTAAAGGAGCTCGGAGCGGTTGTGCAAAAAGCAGACGCCTCATCGTGTATATTCCTTGCTCGATATATATATCTCCTCGGAACTACAGAGACTCTAAAGGTGTACGTACCCCCAATACAGATGTGGTCTGGGGGGGACGTTGTGTCCGCCAGTCCTAAGAGCGCGTATTAAATGTCAAGGCAAAAGGATTCGCGAACTGCTTCGTCAGCTGATCACGGCAACTATCGGCTCCACAGCATCGGGTGATAGGTTATTAAAGGCTGACCATACATATGTTGACCAGATCGAAGTCAGCCTTATGCCCCATATTTAACTAAAAGCGCACTTGGCCTACGCGTGCACGCGCGCACAGCGTTAGCACGGAAGTTACGCCTCCGAACTGGCCGCCTGCTGTGGGGGCCCGCTATCACCGAGTGGCAGCTTGCTCCCTAAGTCGCCGCCGGCTGCTCACGATTTGCGCTTATCGACGAATCGGTTGTATGCGCAGGAAACGCCCTTCCGGTTCGTGGTCTATCAAGCTCGTGATAGA,1878,49.36,Arabidopsis thaliana
SEQ_747389,TATAAACGTCTTTGAAGCACCACTCATAAGTGCGCCGCTTAACGGGTTCCAACCGGGTCAACGGTGTGAGGCCTTCTACAGTTGCTAGACTGGTCGTATCTCAAATGTGCGGTGCCATCCGGAGCGAACAGGGGAGAGAGTCCTCCAGCTAGTGCCGAAACAGAAACCAACTTACGAGTATCGGCCCCATAGACTTAGATCGCTCCTGTAGTAATAAAGGGCCTTAATTCAGATCCTCACTGATGTATCTTAATGTATCGGCGCGCTAGAAACAACGCCCAATATTGCTGTGCGACAAACAAGTTTAACCGGTCTCTTTACCAGGAAGTGGGTACTTGAATCGAAGGGCGATAATCATACGTATGTGATGTGGGAGAGGCGCCCCACCCACGACGTGTGATAAAGGTAACTTCGCCTGTCCGGTGTCCCCACGCCTGTCAGTTAGAGGTCACGTCCAAGTCCCTCGCGTGCACGCTTGCTCAGGCAGCATACCGTTAGCCTCGATTTCATAAAGCGGCCCCTACGGGTTGCCTTGTACATACCAGGGTATGACACTCGAAACAGCCCAAAACCGAACTCTAATGCTGGCTTTGTTGGGACATGCGCAT,608,51.48,Saccharomyces cerevisiae
SEQ_379996,TCACGACAGATATAAAAGGGGTCGTCTAATTTGCTTAAAACTAGACCCCGCGCACTCTCCAGGTGGCACTCTCCTTCAAACATACGTGCCGAGTCAGCTTCACAACTGCAGTTGGACGCCGTCTGTGCCTCTGGATAGGAAACCTCTGCCAACCTCAAAACCAATAAATATCACGCTGATAGGAGCTAGCATCGATCTCCCGCCTGTCGTACCTTTAACTTAAGCTCCTTTGTGGCCCTGACGTACACATCCAGCTGCACCGCAGCGAACGGTCAGATCTGTGGGGCACATACGACCACTGGAGGCATCGATATGAGGTTAACACTTCCCCTTAAGGTCAGACCGCCACCTATCAAGGATGCTCACTGAGTTCCTCTGCTTGTTCATCTCTGAATATTCAAGTAAGGAGGTTGTATCGCAGAATCCGGGACGTTTTAGCGGAGACTGATTGGCCCTGTTCTTACGATTTTGGGACGGCTAGTTCTGCCCCCGTGCATTTTCGCCGGCTACCTAAGATCTGTTGTTCTATATCGCTTATTCAACAAGTCTTTAGCTTGAACTCGTGCTGTGGTAGGCAATGTGTTTATCGTATGTGACGAATCATTCCGACCTCTGTCTAAAGAGCAGGTACAAAACCGCCACCTCTCAGGGCACAACTTTCAGTTTTGAGTTACAGTTAGCTTACACCGGCCTCCTCACCCGAGCACTCGATTCGCATAATATGAAAAGTCCTCGCGCAGATTCGGCCTCCATGTTTAATGGTCCCATTATAGTTAATTTGGTGCTCCGGAAGTAGGTGTACCGTCCGCTGGGACCGTGCGGACTCCCCACAAACCGCGTTCATGAAGATTTGAGTCTCTTTCGCTTAGATGTTCGGTGCCAGGTGCTTGGCGGCGTCTGCGGTAACTCCTTAAAGCGTTAGGATAGCTGGTCTTCACCTATGGAATCAGGTGGGTTGTCTTTTAGCTTCTAGACCAACCCACGGAAGTGCAGAACGACCTTTCGGTGATAGGTAACCGACAGATCACTCTGCGTACGCAGTATGCTTTGATCGACACTTTTCACAACCTCCGGAACCGATTGGCACTCTGA,1092,49.91,Arabidopsis thaliana
SEQ_138663,AATGGGCCGGGAGAGGTGATCCTTCGATTTAACCGTCAATTACATGCGGAGCTAGTAGGTTCGATTCTTCCTGACCACTGGAAGAATTTTACTCATCGTATACCCTTGTTGTGTTGAGCAGTTTGCTGCGACTGATTCGATCAAGAAGATTTCTTAGGCATATTGATCGTTAGGCTTCCTATTGGATTATAAATTTGAAGTCTAGAAGCGGGGTACTCCAGGTGCGATACCCCCGGAGATTAATAGGGCCTCATCCCGACTGGATTCGATGGCCTCGAGATAACGGGCATGACATTAGAAGTACTTGTCCCAGCCTCAAGGTGGCGATGGGGGCTCCTTAAAGACGGGGAGGCTGGATGCAAACCTGCGATTACTAATTTCGTTTGTGCAGGTTTCCCGTCGTGATCCAGGTTTGGACAAGATTGATTACCCCGCCAACTACGCTGGAGGGTCGTTAGAGGGGGCTTCATTTTAATCTCGCTAGATCCCTGGTCTGGATAGATCGCGATTTGTCGTCCAGCGGCCGACGCCACAGAATCCTGAGTAGTGAACTAGGATACCAGCTTCCTCTAGGGGCTACTAACAGACCTAAGATGTGGACAAACAGGATAGAGTGCCCGGCTCCTACTTTCAGCGGGCTAATCAAAACCGAAGGTCGGGGCGTCCGTGGAACTATTTAATATCTACCCGTGGCACCCCACAGCATAGCACTATGGCCACCGCTGAAGAGAGGTACCCTCATAAGCCACGCCGCATTCCATCTCTGTACGGGCGAACGGCTTACTATATCTCGTGAATGGCCAATACAGGACGGGATATGTCCCATGTGATCCCGGCCTGATTAGTAGCCTACAGACCATTGTGTTGTTTATAGCAGATTTAAAGACTTGTCGCTTGCTCTCTCGTCCGGCTCGCAGCTTCTATTGGGAGGAGCGATTGCGCATAATGTGAAACGTATGCAGGGTCTAGATGTTCAGTTGTTTTGGGTCCCGTCCAGCTCCGAATACCTCGGTGGTCAGGGACATATGTATCTCACGTTAGTCCGTTCGTTACAGGCGGTCGATTAGCGTGTGGTGACGACTCTGATCTATTGAGCCACACAGGCGACGAATACTTACACGGACTACTTAAACATCTTACTGCCAGTACTCAATGGCTTTCACTAGGAATTGTTGTTTCCTATGCGCAGGCACCCCTATGATTAACCACATGCCAACTAGTGTAACAAGTTCATTAGCGGGGAGTCCCGTATACAGCCTGAATTTCTGATGACTCAGCAGGCGCGTTGTTAGACGGGCGAGCGTTTCTCTGCCTAAGACTGAACACGCTGAGCTCCACAAATAAGCGAGACAACGGCAGCGACCCGCCACTGCCTGACAGTTAACTTGGCCTCCGGCCTTTTAACGAGCGGGCTTAGTCATGTACGACCTAGGTTGGGGAACCGTCAATTTGGATCGATCTGTGAGACCAGGGGTGGCACGTGTAAGGTATAGTAACCGTAAATCTTGGACCGTCTCCACAGTACGGAGTTGGTCATTGACCCTTGAAGCGTCAGATGGTCAAGTGACCCGCATGCTATCAAATGCTCACCATTGGCCGCTGTAAAAAAAATGTATAGTATAAGGAGGGGACGGCCGAGCAT,1642,50.3,Arabidopsis thaliana
SEQ_591843,GCTCGGGATCTGGGCTGAATGTCGAGGAGTGGCCACACCTCTGTAGGCTTGCCTTGAGGTAGTTGCATATTGTAGCGAGCCTGCATCACGGCTCCCATTAAATTGTCGTAGCGACTGCTTAGACTTGACGCGTTCTAGTGTGTACCGATGGTGGTGATGTGACGGGCGAATGTCTGAAGCCCCGTGAACCCCCACCTCGTGGCGATCCAGTTTAACTTAATAGGGCGATCGGTGCTCTGAGGCGCTCGGGCGCTGATCGAATCCTACGCACTTCGTATCCCCACAGGCTGGTGCGAACTTGTCAAGAGGGAGCCACTTAAATATCTTTAGTATTTAAGACTTACGCAATGTAACGAGTTCGCATATGATATCTTTCGAACCGACCCGACCTGATCCCCCTAGTATGCTCGCCTTATCTACACTCCTAGGGCCCAGTGAGAGTAATTCGTAAATCATATGCACGGAATTTAAAAAGAACGCGACAAAGAGATTGGATCAAACACCATTCATAATCAAAAATCCGGACCCCCTTTTCCGAGACGTGGATGGGGTAAAGCGTAGGAGAAGAAGCGTCTGCGATGACGCGGTATTTGAATGTTTGTTGGTATCACGGTAGACGACGGTGTTCCTTCATCTACGTCGTAACGACTTGTCTCGCCATGATTTTGGGGGCTCTTTAGAAGTGGAAGACAGTACAGTCAGAGATCCGGGCGCAGCGCGTCATCCAAACAGATAAAGACGTATTTAGCTTTTATAGAATACGATTCGTTCAGGCTGAAACGTCCGATTTGAGAACCTCGAACTGATCAGCTTCTCATCCGTCCCAGCTTGTGCTTGGTTCGCCTATTCCACGTTGTGCATCATTCACTTGATGGCTGGATACCCCACGTCATTCTACGAGTGGTTAGCATTGTTCCGATAAACGGTCGTCGAAACCGCTGTAGATCTGGATAGTAGGGGCGTCTTTGAAACGGTCCCGGTAAGCGGCTCACGGGCCAGTAATGTCGCACTCCGCGAGTGCAAATGGATCAGAGGCTAGCATATTTGGCCGCAACGCTCCCCCTTAGAGCCATATGGGGAGACCGAAGTTTATAAAAATTCACAAATTATTGGTATAGCGCACCACAATTACAGGCTGCTGATATAGACCTGAGGCGGCATGCGCCTGGAGGAAATCTTGTTAAATCAGCTTTAGGAGGTTGTACCGCCCGATTTTCGTTTCATCGGCGGGCGGCTCACAAGGCCTAAATTGTGTAACTACGACTAAGATTTGCTCTGCGTTTAGATTCAACCCCCATCGCTCTATGCAGTTTACCTCCAGTATATACCGGCGCAGTTCCGCTGATAAAACCGAGGTTCGCTCGAGGTGAGCGAAACTCCCCACTATATGGATCATTTTTAGCAAGCCAGTACGCACAGGACTAGACAGGGCAGATTTGGTGGCGACGCTCCAAATCCGTGAATCCCCTACCCAGGGTTTACTGAATGGATGT,1493,49.77,Mus musculus
SEQ_557804,CGGTTCTGAATTTATGCCCTTCTGTGACAGCCGAAGCGTGATTCGAAAAGTCGGGTCAATCGGCGACGTGCTTCACGACCCCCCTATGTACTAAACCAATTATTTAACTAAGAGATGTATAATTTCACCCAGCACACTGCAGATGCAGCGCCGGTCTCGCATATTGACTGCGAGTTCTGTCGGCCGCACGTGTCGGACTATACTTCGATCGTGTGGTTTTCGTTGGATGAGTAGGTTACGCTTCCCACGATCTGTGTCAATCTCAAGTGTGTTATACCTGGTTGCTTAATTCGCATCGGCAAGAAGCTTAGTGAATGCGTATTGTGAGCTTGAATCACCACCAAGACCTCCGCAATAGCACAGCTTGGACACTTGGACCCGCAAGTTGTCATGAACCATAAGTGTCATCAGAAACATTTGCGTACGTAGTTCTTGGTGTTCATCGCCCCCCCCGTAATCCTCCACGGAATAGCCGATTTACAAACGGACGTAAATCGTTGGGCACTTTCCTCAGACGCCACATTAGAGTGCGTTCGGTCGGCGCCGCTACCCGATCAGAGAAGTAAACGGCGTGTCGAATCCATGTCCTTCATAGTTGAATGATGAGAAAGCCAGGTTACGTGTACAAACTAACGGCTTTAATGCCGCGATCGCGCGAATAACTTATTACAGACAACAGAGG,682,48.83,Homo sapiens
SEQ_563199,CCTTCTCCTATGAAGACATGGTCCACCTACGTCATTCGGGTTGATATTATTCTATTCCAAGAGTGCAAAAAGGGACCATCCTAAACTTATTGGTACCCACGATGTCCGCCGATCAAGAAGGTCTGGAGTCCGCAGCCAGGCCCGCGCTTGAAGGCAGCACGGCGTGTCGCGAAAGCGTGGATCCCATCTGATGATCGCCACGTACCCGCCAGCGCAGCTCGATTACTTCTGACTTGAGCAGTACGGAGGCGTACTTTTAAATGACATCGCCTGTATCCCCGGGGAGTCGACCTCCGTTATTGCGCTGAACGGCGTTTATCGAACTAATGCCCGAAAGCCTCAGTGAACCCGACCCCCAAGTGCACCCCGGGGAGGAATAGGTCCGCGCTGGGATATCACCTTGGGGCATATTGCACAGGGTTCGTTGCTGTTCGTTATTACCACCGAACGGTCGCTTATATTGAATCAGACTAGGACCACTAAGCGGCGTATACAGAGGCGAGACATACATCATCTCGGTTACTCCGCGATAGCGCATCCAGAGAGATGTATACCGATGTTGGTGGTTAGCCCTCGGCACACGTTCTTGCGGATTGATTCCACTACAAACCCCAATATAGTCAGGGTGTGGATACCTCGTACAGCATCTAAGCAAGTTACTCAAACCAACGGGAACAACGTGTCGAGGATGTCCAAGATACAAAGGTGAAATGGCCAACCCGCTGCTCTCTACCCGACCCGTTCCCTGCCGAACTGAGGTAGCAAAAGCTTACAATTTCCTCCCCATGCGCTGAAAATTGAAAGCTTTCGTGGCGGCGCGCTGGTAGCTGAAAAACAGCTTCAAAATATTCTTCATCGTACCGATTACGATAGATCGTGAGACCGAAGGAGATCGGGCCGATGCGTCTTCGCCCCCACTATGCCCCTGGCTGGGACCATCTAAACCTGAGGGGGTTGAACAGCCTGGGGCCTGATCCGCCTGGTCCCCGGTAGGCCATCAATATGTGCTGCCGCCTCTCTTTCCCCTAACACAGTTCCGGACATAACGCCGCGCACAGTTTCTGGTACCAAAGCAGTTCCGACGGTATTTTGCCTTACATTTAGCGGTGAACGAACTTGATATATACATTATGACGCTGCCCGTATGAGCAACCTGGTACTGACAGCTTCGTAGGCTGTCCCTCGGATGCTCTTCCTCGGCCCCATATCGGA,1212,53.05,Saccharomyces cerevisiae
SEQ_920112,TTCAGGCAGCTGCGGCTGAACGGCCACCCAGGTCCCTAGGGATCACTATATACCGTATGCAAGCATCTCGACTAGCGCTGCAACCCCACGAACTCGCTTGCTAGGAGTTTTCGAAGTGGAGTGGGCAAGCCCAGATTCCATGGCTACGCCCCCGCAGGATGGGGTGCCTCGCTCTTGGTCATTTTAATGATCGATGCCAGAGGTCTTGGACTTAGACTCTATGAGAAGTGTTCGGCTATTATAGATACGCCACATGACTGGATAGCACGTGCAATTTCTCAGTACACGATTCGCCTACAGACAGTTCTCCTGCGAGCTGCCCGGTATCCTCAGGCACCCGGGAGCCTGGAATCAGTAC,358,54.47,Homo sapiens
SEQ_210058,ATGCCAAATAAGGGTTGTTCCTCATACACGGCACTGCCATCTTACGCGAAAGCCGATCTTAATACTATGAAACCGTCCGTAAATGGG,87,45.98,Drosophila melanogaster
SEQ_631679,GTTCCAGAGCATCGACGATTCCATGGGCGGCTACGCGTAGGGATGTCCCATTATGGCTATTCCACGGGACGGACCACCAGCAAGTAGAACCAGTTCATACTAGCACCTATTGGGTCAGATGGCAGTGCGGCCCGGTGTTCTTTATGATCCATCAAACGACACCGGTCGAACCCACAAACTGACACGCATTAGAGCCGATCATTGGGTGTGTTCGTTGGCCTTAGACGATAGATCGGGAATTGAAACTAGACTCCTGTCCATACCCGAGGTTGGCACACATGCGACTTAGAGGCGGAGGACCGGTGAGGGAGCGATTGGTATGAATGCTGAGGAGAAACGCCGTTGTATACGCCTAGATTGGGCTTCGTGACAGACCATACAAGGTCGCGAGTTTCGAGTTAACTGCCAATCCTGATTTTTCATGGCTGCCTGTAACTGGTCACTACTGAACACGTCGGAGGGACACCGGTAGCTTCAACGTACACGCTGGTCGTAACTTAAATGCGTCAATATAAATGACTGTGCGTCGCTAGGCCCGACCCCGGTGTTTGAAATAATGCTACCCAGTCAACATGAATGGATCCGCGAGTTCTCCGTCTCCAGGTGCTAGTTCTCTGTTCGCAGGGCTCTTGTGAGCTGAAGGGATTCCTGAACGACGCGGAAGAATTGTACCCCACTGGCCACTTTAAGCTTACCTCAATACAAGCGCTGCGCTCCAGCCGTCGTGCAAAATCGGCATCAATTCTATGTCCTGCACAAGTACAGAAAAGGGTCTGTCTGAGGTGTGTCTATGCAGCATGTTCGACTAGCTGTGTTCCTTCTACGAAGCCCCCTATGCCTTATTCCAATCCCTAGAACTCCGATGCACAGTTTATCATCACTGCGATCACTTTACCTTTGCTAAACGACCAAGAGCAATTCCCGCATTCACCGCTGATATGCTATATGGCTCTATGGGTGAGGGCAAGTATAAGCTTTGGAGGTTTGTCTGCGTCCGTTACATATTTTCTAGCGGACCACGTTGAAGGCAGTTAGCCGATTGTCGTTCGTCCCACCCAGAGGGGTAGACGGATTGCGGCAACACGCCTTACATTTTTACTATGATGTGCTCCTAGGTCCACTGTGTCGATGCCCCGACTCGCTGGTTCCGGCACTTGGGCTTCTTGACAACCACCGGCCGGCCATGTCCCGTCCATTTTAAGCCCCTAACTCTACCGAGAAGGTATGGCCCATAAGCTGTCTCATGCTCTCCCGATGTCTTTGCGTCACCTCTCCGTATAAGGACCCTGGGTCGGTTTTGCAGGCAATTAATCTTACTAGACCCTACGACAAAAGTAGTTTATACGACAATGAGGATTGGATATAGGCCCTGACGATTATCTTTAAGTATATGTAGTCACTCCCCATATTGTTCCCCTACGACTAACGTCCATTTCGGCGGTCAAATGACACGTGAGGTCCGTCCAGTAATCTACACCAATTACAACCCAGCTTTGGCCCTCATCCGACGACTCAGGAAACTCGTTGTCCCTAGCCCGTCAGGGAGCCTGCGTGGGTATGTAGTGCCGCCGGCTTGCGAGTCGTCATGAAAGGAAAGAACCCTGTGTTGCTCCAGAATGCCCTCGAGGCTGAAGATCGGGCGCCACACAGTGGGGTACTTGTTGTACGAGCGCGCGCCAGAGCATAATGATATTCCAAGGCATCATCAACTTTCACTTACGTGTTCGTGTTTCTGCCCACGCATTTCAATAAGTTTACTATCACGGACCACTTTATCAAAGCTGGGTTAGCGCAGGGAGTAGTTCCCCTCTAGAACGCGAAAAAATCCCCAAAAGCGGGTCAGGCTTAGAGGCTCATGCGCACGATCCGTTGAGCTCAATTACTCGTGTCGAAAAATGAATACGATACCCTCGATCATGTATGAGCACCAACCGCGATCGAGGCTCTAGCTGATCTGAACACTATAGGCTAAGATCCAATAGGCGTCCAT,1990,50.9,Escherichia coli
SEQ_500747,TAGGCGGGCAAGGGTATAGTAAAGTATCACCTGAGCAAACCCTTGAGGACCCCTACTATACGGCGGTCCCTTGCAAAACAAGGTCGGTCGTACGGTTACCTCAAGGGTCCACTATTGTGGCACGCGCGCACTCCATCAGCTCTCCACCGATGGATTATCCATCAACGCAGTCGCATACCGCACCCCGTACATTGTACGAGGGGCCCGAACAGGTAAACATCGCGGTAGTCGGTCGTTAAGTCAAGATTAGAGTCGGGCCCCCGAACAGCCTGAGTAGGGACAAGGGACGCGCGCGGGGACGACACCGGCCTGCAGCTCACTGCAAATCTCGCACACCCCATGCATAGTTATCTGGAAGCAACTGCTGGTAAACGGTGAGTGGGCTCACGGCCGCGTCGTTTCGCATCGTATTCATCGTCGCAAAGCTCTCAAAAACCGGGATCGACCACCCACGACAGCTCAGGCCCATGCCTATTCAATACTACAGCCAGCGGTACAATGTCTATTGATAATAGAATAAGAGACAAGTAGCGACGTCCATGGATTTTGTACTCTG,556,54.32,Drosophila melanogaster
SEQ_322993,TAATCAAGGGGCCAAGATCGTGAGGGCCGCGTGGAACACTACGTTGAGAACAAATCGTGACAGCAGTCACTTACTAAGACCTGTCCTGTACCAGGAATCGGAGGAGGGGTTTGATTACCAACTGCAGCTCTACATCTGTCTTTCCGGCTAGAATTGTGAGGCGGCGGGCATGACTAAGGGTCGAAGACTCTCAGAGCAGTTGAACAGTCTAGTATAGATGGCCCCGAAGAAACTGATAGTGTGCGTAATGTTACTAATTTATAAAACCTGGTGTCGCAATGTTGGCCCGACCGTAGGGCTAATACACGCTGCTAACTGTAGGGGGTTATTCCCCGCGCCTCATCTAACGAAGTTCTACATACAGGAGGTATGGCGCAAGACCCCTCCTATCTTATCGATTGTAACGACAAGCGAACAACGAGCGTGATTTAGGCTGCGACCCAGACATCCCCATACCTCCTACACGACGAACTTGTGCGTTCGACTGAAGCACAGTCCGGCCGCGTGCTCGGGACGGGAGGTAAACACTTGTGAGGATAAGAGTGGCTCTCGACATATTCAGTAAACGCAGTGGCTCGGCTTTTAGTCTCGAGTCTGTTCAAAAGCGTAGTGCCACTTTTGCGTCAGACCCCTCGACATAAGAACCTAGGCGAATTAAATCAGTTATCCTGCGAGTTACGACGACTTGTGAACAGGCAGTTTCCGCGGCCGCGTTGATATTGCGCCCTGCGCTTAGAGGGTTGTGCAATGTGGTGAAGGAATGATGTGTTGATGTGTGGGCCAAAGGTCTGGCATTCAGGCCAAGCACTAGGCTTGCGCCCCCACGGTGAATGCCGCCGCTGAACAGCTCGCGTCAAGGGTGCGATGCCTTTTGTCACCGTTCGCAGAGATCACAAAAGCGGAACTATTACGCTTCCCCATACTTTATTTGAAGACAACCACTAAGGCATCTGAGGCGAGGATCGTAATGGATTCCCTTTACGTTCCAAGACATTCTTCTCGGGTAGCACGTCCAAGAATCCAATGTCCCCTACATCGCACCCTATTAAGTAGAGACTGCAACTGCAATCACCTGCACGATTACGGACCAAATACGAGATTCCCGGCTGAACATAAACTTATGGCTCACGCTAGGGGACATTGCAAAATGACACACGCCAGCACTCCGTACTTGTGGGTAAGTGCCCAAACTAGGTACCTTAGAGGGCGCAAGGTCGGCGAAGAAATTGGGAAGCACAACGCCTCTTTTACTGTCACTAAAGCACCAGCAATGGTTCCGATCGGCTGGAGAATAAATCCCAGGGCCGAGTGCTGTTATGGGCCGGGCACCGAAGTAGGTCTATTGTCGGCAGCTGTCTAATGTGACCTCATAATGACCCCTGCGGAGTTTGATTGTGTTGTTCCCGACAACGATGGAATCGGGACATCCCTTTCCATCATCACTCCGGCGGGCCGCTATAAAGCCCTTTCTGTAGGCAGTAAGAAAGCGGCCTGTGCGGTTGTATATATCACACGCCCGCAGGCAGCGATAACAGGGGACCCTCGCCCAATCGGTGGGAAGCAGCGGGCACCCCGATGGCTTGAGT,1586,52.02,Drosophila melanogaster
SEQ_610430,GAAAATTAATGAACGAAGTACACCCGACCCGCGCCAAGAGAGAGGTCACCTTACTGAGATGTAGCACTTCAATCCTCAAAACACCTGGAGAGCGGTTAGCGATGTAAGAGCCCGAACAGTCCGTTGGAGCTAAAGCTCACTTCCTGGGGTATTCAACGCTTGGGCCGCGACGCATCATCAATAGCCCTTTAGATATGCCCAAGTGCTTACAGGTCAACGCACGAAAAAGCTACCAGACGGGTAATCGTTTAGTTGCCAGCCAATCAGCTCGTAGCACGCGCCCTGGGACCTGATTTGGAAGAACGCCGGCGTCTTAGACAACTACCTTGTAAGTTCTCGAACGATCGTGACAGACTGTGGTTTAATTGCACCAAGTATCCAGCTGTGTAGTCGTATCCTCTCGAAACGCATGGTCCCGCGGAATCAAACCGTGAGCCTTATTCAGTCCGAAAAA,454,50.44,Mus musculus
SEQ_429629,ACCTCAAGCAGCTTAGAGCGGTCAGGAAGCCTGGTGGACTAAGGCAACGCGATTAAGTAGAACCGACCCTCCGCGTCGATATCTATTGTTAAGCAATTACGGAGAAAGGTTCAGGGTGTCTGCGTGATGTGTGACATAATAATTATGAATATCTAGGATCACAGCTGCAACCGGTCTGAAACGCTCCGGTAGGTAATGGCTAAACAGCTTGACCATTATTTCAGTACTCGGCCCTCATATGAAGACTGATTTCCCAATTGAGATGTGATTTCCCATTTGGGCCAATGGAGTCAGTGGACTCACAGGCTATCCCGAATGAGAGTCCTTAGACTAGCCGGCTAAGAATGGCCTTTGGATTTGTTCCATTTGTGGGCAACCGCCCTCAGTGGGTGTCGGATGAAAGTCTTTGATATCTTCCGAAGCCTTGACTTTTGGTTAGAATTTCATTTCGGTGTACAGGCCATCGTGTACGATACCGATTTCATTATTTTTCCGCTAATGTTTTAACCCTTCATTGTTATTGCGCCGACTATATATTGCCACCATTCATTCGGATGTCACGCAGTGTTAGTGTAATGGTTGCTGACTGTTGGTGATAGGATAAAACTCCAAGAGTGCAATATCGCTATCGAGTTACATCAAACAAGGACAAGATATCGACATTGCTTGTTCCAAAGTGAGTCGACGGGCGTCAGTTACGCAGCTCCGAACACGCAGGTCCCGAGGACACGCTATCGCTTCGCACACGGTAAGCCTAAATTTGCGGGACCCTTAAATAGTTTCATAGAGGATTCATGCGCAACGGAACCCCTAACGCTTGTCCGATTAAATTGGCAAGGTTCAATAACTCAGCATCAGCGTATGGGTTGTGCTACAAGCGCTCTATATTTCGACTGCGCATGGCGCATCATATGCGACTAGAGGGTCGCGTTAACACCGTAACAACCTATTTCGACTGCACGCAAGGACCCGGTACTTGACGTTTTACACAATAGCAAGAACGACAAAAGTATCTCTCCGGGTAGTAGTTCCGCCTCGGGTGTCATCCGGGCGGGTTGTAACCAACCCGCGTTCTTCTGAGTTAATGTTTCTATTCACTCAAGGCGTCAAGTCTACCTTTGTAGTCTCGAGCAAATGGGACAGACTGTTTTGTATAACAGCATACGCGGGAGTTTCTGGTCTGGTCACCAAGGGTTTCACGTAAGCTCTTCCTATCAGAGAACGTGTCCTGTGGGGCAGCACTGGCGATGTCGATCTCGGGCATGTTTCCGCGAGTTCATCCCCAACTCGCTACTGGCCTACCAAACCCGTACAGAAGCTAAACGCTGGTCCCCACCCAGCCAAATATGCACCTAGGGGACGAGCACCTTGGTAGGGAGCTAGGTAGCAGTAGCTATTGATCTAGGTCACACATCAGCTGACCACCCGGATGACGAATGCACTTTAACATTACTAGAAATCTAGCCTAGGTGGTGGCGCACATTTAAGCTAGACACGGCTGATTCCGCCTGATGACTCAAGTGTGTACTACTATTTGGAATATGGAAGTTCAGTTAACACTTATTCGATGTAGGGACGTGCGCGACATACCGCAATGACTACTAGAGCGCTTACTTTCGCGACTCGGGTCGTGCGGCCTCTATCCACAAACTACAAGTTGGCCCGATATCACTCGTCATGGAATAAGGGTTCCTGAAAATAGAATATGAGCTATATAGCCAGCTTATACACCCCCGATAGTCGGTTCCTTGGCTGGGCGTGGTTTACGAGTCGGTAATTACTGGCCCGAAGTCTCCTGGGGGCATGTCGGTCTATCACCACCCTGGAGATACCCCGATCAACAACGAGAGATTGAACGGAAGAAGAG,1867,48.47,Mus musculus
SEQ_409687,AGACATAGGGAGTCCCGATACTCTCTCAAGTTATACCCAAATTGATCCGTGCATAAGCAGTCGCGAGTGACTGGATGGACAGGTCGCGGCTTCGCGTTTTTAACTGGAGGATGCGGGTGGGTGTTTCTTCGGATGCCAGCTCTCATGTAGACAACTCCGTAGTCCTGTTCAATTTAATATGAGTAGACCTCTTCCGCCGGTTATTTCTCTCGCAGTCTACGCACTGAGCCAACCTACTTTCCGAGTCTAGCAATGCCGATAAGTTGAAGTACGTCTTATTATTTCGATGAGTTCCTTTATGCCGATAATCTAGGTTATGCTAGTGTCTTACGTAGTGACTGATACCAGTGCTGCCTGGCGATCCGTGACTGCTGGCAAAGGTTCTTCGCCGACAGAGAAAAATGTACATCGTCTATCCGCGTAACACATACACGGCGACAGCAAAGATAGCAGAATTTGTTATCGGAGGCTTGCGTGACTTGGAGTGACGAACCTAACCGGCTTTCGTAAATCGTCTCGTCGGGGCCTGGCGACCCAAGCGGGCTAAGTAGTGTCATTCATCTGGGGACTAAGCTCGTTACCCACCTATGAACCTTCGCGCAAGATCATATCAGTGAGCCACGGCTAAGCATTTCCTAAAGTTGTGAGGCTATAACATAAC,661,48.71,Arabidopsis thaliana
SEQ_431000,GTGGACTAAGTAATCAGATGTCCAAGATTCATGACGGCCTATGCGAGCCTACGAATTCTTGTCTCGCATCTTTAACTAGGCCTTTGATCCTCGTGCAAAAGGGAAGCTTGCATCATGTCGAGCGCTTGTGGCTATTCCGTGCCCCAGTAGTTGGCGCTTGAGTATTGGACAGATCACGTCAGTGGTTGGTAAATCTAGCCGAAGTCCTTTAACTTCTTT,219,47.49,Saccharomyces cerevisiae
SEQ_933607,ACCTCTGCGAAATCAATTCGGTGGCTTACTGATGAACACGCGTGACCCGAATCTAATAAACACATTGGTGACGAAAGCACACGCTCTTTGAGCTCACCACCATTAGGACACGCCCG,116,50.0,Saccharomyces cerevisiae
SEQ_187022,AACATAATTGAGTTAACGACACTGCTACAGATTTGTGTAATCATTTGTTGTAGAGAGCGTTTGCGGGATCAGTAACGACGTGTATTGATTTAATGCCACCCAATATTATTATTACGCAGCCCTATTTGTGCTTCTTCACTATGACAGTTTCGCACGGCCACAAACGGGGCGAAACTGAGTGGTGTGAGAAAGACTTGATTGAGACCGTCGGCTTGTCTTTAGCGGGGAAATCACGCTTTGCACTTGACGCCGATTACACCATCGTGTGGGCGACGGAGGGTCTTGCGCGGCATTCTACTAGGCAACCCCCCCACTACAAACACTAAATGAAACGGAAGACAGGGACGAGCGGGCACTAATTTCGACCAGGCGAATTTAGGTAACAGGCTGTACAACCGAGCTATACCTAGCGTACACACAAGGCTAGGCCCAGTGGACTGAAACGGTAGTGTGTCCTGCAGCGGCTCGGTGCATTCCAATCCGCCACAGCCTGCACGTTCAGTGAAGTGGGCAAAAAAGCTAGATGGTCGCACCCTCATTTTGTTTACGCTCCTACACTTTGCATAGGTGGTACCAAACGGGCCCCCCCTGCAACTATTGTTAACTTTCCCTAACTAATTAATGCAGTACCACAGAGTATCGCCATCCGCACGCGCTAGAGCTAGTTCCTACACCAAGACGCTAGTGAATTGACCATTCTAGCGGAGAATCTTTTTCCTCCACTGTAATAGTCGATGACCTACCCTCCCCAGAAACCTCTTGAGGGCCGTTGATCAGAGGAGTCTTCTGTCGCTTGTAGATATCTCAGCAGCCCTCAGCGGGGAAAGACGGGCCGTCTATGTATGGTGGGTACCGCCAGATCCCATAAAGACTTCAGCCCAGGAGCACGGCCGTGCAGACTGAGTTGGACCCATCGATATTGATAGGTATGGATCGTCTGTTAGTAGTTAATGCGCACATGACGTCCCTTGTTACTTCCTTCCTTTGGCCTATATCTGAGATAATGCCCACTGTAGTTGCCGATCTCCTGGCCAACAAAGATAACTCCGGGGACATGGTACACGGTATACGATGGATGGTTCATACCGTGGTCAC,1095,49.95,Drosophila melanogaster
SEQ_438169,ACTAGAGGACTACATCGGCCAGCTGAGGGGCCCCTTCATCTGTTGAATGGGAATTCAAAAGGCACACTTCCTCCTAGTATCAGCCATCCTTTTGTTGGGGCTCGGGTTGATCCGTATTAGGTCATTCGGGGGAGTGCTTCGTAGATGTGGTATCGTAAGGACTGGAAGACGTATCGCTTCCAAGCTTCGTGGAGGCGCCTAAACTTAGGTAGCCTTTGGAACCGCATCTCTGAGAGAAGCGCGACCTTGGGCTAGCCCGGCAGTACACTTCTGTCGTGTCTCGAGGCCCCAGGAAGCAAATCAAGCGCAGTACCCCATTTTGAGTCTATTTGGTTACATGAGCTGGTGCGCGCTACCCCGGAGATTTGTACGTTACCTCCCTTCGTACCCGGATAGTCGGTCACCCCGGGTTGGCTCGTAATACCAAGTGTCCCGTGCTGTCTTTGAGGGACTTAGACGTTTTAGCTCTCATACCCTGCGAGATTGGGCCTCATAAACGTATCCGCTTCAACGATTACTGGGGGTAGTGTCCACTTTGTTCATATCCACTACGCGGAGTGACGTCTGCGACTGGCACTGTGAAACGAGGAGTAGCATGGTAAACGTTCTGGAGTGTTCGACACGATCGAACCTATGCACTAGCAGTGTTTCCCTGATTGGTAGGTGGTCTGCTTATTTCCACCTTTCAGGAGTGACCTGCAAGCAATGGGTTATCCGAAAGTGACGCGCTTGCCGGCTTGTAGTTAATCATATAGGTTCAAAGACGCGTAATGATGCTACCGCTCAAAAGAGTTGTCTGTGGGACGTCGGTCTAGCCATACGCACTCTTAAATGAACGAGGGCCCTAGTCGGACTCTCTGCTCCGCCAACGCGTCCAGCCTCCATAGAACGGTTGCATCTACGATGCTTCACCCCGTACTTTATCCTGGGAGACGAAGGCGAGAACGCTGCATCTGCCTATACCAGCAATCCAGTCAATCCCTTGTCAGTGTTGAGCTACGCAGTCACTAGTGTACGCCGCGTCCGTTCTGCGGCTGAGTGGTTACCAAGCGTAGGGACAGACTGTGAGGATACTGTGTAGCTCGCCACGTACATTAAGCCACACGAGCAATAGAGAAAC,1120,52.41,Escherichia coli
SEQ_868547,GACTTAGGAAATTGAAAGGAGCCACAGTGCCGACGTCCATTTACACCGAACTGCTATAGAATCAACAAATACGCCGCCCCTTCCCTGATTTTGCATACCGGCCATCCAAATTACGGGGAGTAACATGGATGATAAATCTCTCTCCGTGACGTAGATCTTGTGGCACGACACACCCGTGACGATACTATAATAGTACATAGGGATAATTTGAGCTACGGACAGGCCACATTTCCACTCTTTGAAGAGGGATCAGCGTCGGCGCCCCGTAGTGACCCGAGCTCACAGCCACGTGGACCTCGTAGCGGTCACGCGGACCACTAACGTGGCTTTAGGACTTCCGTACCTTAAGGGGCATTTAAGCTAAGCGTAATGGATGATGCCTATTCGCGCCTGCTGCAACGCGCTCAGTTAGTACTGCCTCAAAGAGGGCAGCGGAGCCTATATCTTAGCACTCCTATGTCTATGGTCCGACCTGCTACACCGGAACACCAATGTAGCACGTAACCGATTTACGAAACATGTGTGGGTAGCAGCTGATTTAGGTCGCAAGTCCCCCCCACAGGAACGAATGAAGTTTTCAAATAATTAGCAGTGCTGATCAATGGGACAAATAGCAAAATTACGTGATCTCGAACGTCACACTTCGTTAACGTCAAATGCTTCCGTATTCCCTTGTAGGCTCCATAATAGATATGGCGCGATGTCTGACTTGTAGCTCTTATCAGGTGATCATAATGCAGTAATTTGAACCACAGATAGTTATAGCGCAGAGCTAGTGGCTTTCTTAATATACGTTGTAGGTTGCTGGATGGCGGCCTATGATCAGAACCCACAACCTCCGACCAGTCATGCTTAATCTCTAGCGTAGCTGGATTGACACCGACGTGGAGGACCTGACCCCCAGCTTAGATGCCAATGTCTTTGATCAGATCCCGAATTCTGTACCGGATAGACTCGCAACGGCGCCAACTGCCGGTCAGAATAAGCAATCACGCAAAGGCCGAGGAGAACTCTGGCAAGCTCAGCGGGGTAGGCAGATTGCTATGTCAAGAAGTTTACTCGACTCGTGGCTCTACCGGTAACCCCTGAGGCATCCCATTGCAACCTACTATTGGTCACGACTATATATCGTTCGTGGTAGTTACCATGATGACAATCCCCAGTCTTCGCGATGGCCTAATCCTATTGCCCTACTTGTGGTCCCCGCTGATCCTAGAAAGTTCATGAGACGGGTCTCGTCTTCTGTCAAGTAGACTCGACCCTACTACAGACGTACTAGCATCGGATGGGCCTGTCTCCCACATCGACATTTTGGGAAGCCGGCTCTCCTCCTTCTCCTGATGAATCTTCGAGGGTCTTAGGCTTTAGGCGACCCACACGTCACTATTGAGGTGGGGCCATAAACCGCCCTGATGCTTGATGCGTGATACATGGATGAAATTCAACCAACTGGGTGAGCAAAACCATAAACCCAGTGCCCCATTCCAGCAGCCTGTTTGTACTTCAGGCCAATTGCTAGGCGAACTGCGGGCCATTGAGTTACATGCATTGGAGCACCAGTCCGACGAGGGTCAAGAGATCAACTTTAGAGCCTAAATGAGGCTCTAGCAGGGCG,1615,50.09,Saccharomyces cerevisiae
SEQ_633637,TATGAAATAAGCATCTTTAACCGGGCGTGCGTGTAATTATACAAGTCTATGTTAGAATCTCTCTAGATCTAAGACCGCAGGTATCTCCCAGTTGCCCGTTAATTATTCTAACATGCCGGAAGGAAATATTGAGACGTGATAATCGGCTCCCCCATACTTTACAACGCTAGTGCGTTTCTAGCAGCCCTGAACCTTAGGGCGCTTAATTAGGAGTACAGGATCGACATATTTTTCCGTAGTCACCAAAGTCCATCCTCTCTTCGACCGGTCGCGAGGCCATGACGAACCCAGTCGAGAGAAACTTGCATCGTCAAACAAGCCAGCTTCAAAAAGACATAATTGTCCGTGCATTTAAGAGTCTAGACCAATAGATATGCTTACTACCTTGCACCGAGTAAACTAGCACGCTCTGACATCGACGATCCCGTACTGGATGGCTTTAGAACTGACCGCATTTGAGGCTGGGATTTGCAGGTCCTCTAGATAGAAAACGAGGCAGGTATACTGGCGATCATATTGGGGGATCCACGGCTGACTGAGTGGGCACCCGAGCCGCACTCCGTGTGCGGGCTGTTATACACCTAGACGAGCGACCACATCTCCCACCTGTAACGCTTTACTCAAGTGTGGGGTAGCCACAACGTGGTCGGCCGCGACGCGAATAGCCTAGCTCAACCGGGAAGATCTTTCTACTCTGTCGATAGCACGCTGGGTTCTGGCTTTCGGCATCGAGAATCGTACCGCCTATGGATAAGAACTCAGACATACGTGGCAGATCTTCGGTAGGATAGACTAGTGACGAGTGGGCCAATCATACCAGTTGGCATAACTTATCGAACGTAGAGTGGATTTACCTTTATTCGCGCGTGAAACACGTCAAGCTGCCTGACCGCTAGATCCTGTACGCCGTGCAGACGTTGGGCTCGGGTTATAGACAGTAAAAGCAACTCATGAAGGGTGAAATGGGGTGGAGCGAGCGTGGAGTGTCCAATTGTTGGCGCTAATCGCTTAATAGCAAAGAGGTTCAAAGCCATCGAGAACACTGTGGAATCGGTATGTAGTCCAAAGGCAGGCCATTGCCTTACAGAGCTATTAGGGAGCAGCTACTCTCGTAAACCTTCGTGGTACAGACGGAAACGCCTGCCAGTCATAAATATGGGTTTCAACGGTGACAGAGGAAGTACCCCACACATTCGTAGTAAGGGAAACGTAGTCAACTGGAGGGGAACTGAGTCGGACCTATTACTAGCTGATATACAGGGTCCTACTCATGTCTCCTGGGCCTGTTCGTGACTAGACACTTAGGCGCGGTGTGCTACAAGGTCACTCCGCGTCCCTGACGGTACACGAGGAAAACCCGAACTAAGAATGAATTAAAGGGGCTCGTGGCGAGGTTTCTGTCGAGTGTCTTTAGCTCCTTCGACGTACTAAAGATTCGACTCAACATTGCGTTGGCTGGGCCGCCAGCTAGCTCCGAGGCCTT,1483,50.1,Homo sapiens
SEQ_721148,ACGGCCTCCCGCATTTTTGTGCTACTTGAGCTTCAAGGAGAATGAGTAAATATAGCCAAAACTGCAGTGAATTCAACCTTATCCCAGCGGTGTAAGCAGGAAGTCAGAGACAAGCAAACAAATAGTGAAACGGCCGGGTTGGGACGGGGGGGCCCCCAATGATGAAGAGTCCATCACGCGCGGAGAATTGTTGCCGTAAAGGCACATCCCCCATGAAAAGGAAACAATTTAGCTGCCGTGCAGGAGGGCAAAGGTTTATCGTTAGGTTTCACAACTTCGTTTCTGAGGAAAGCGAAACAATTACCCCCGGGTTGAAGAATTTGGGGATATGACTCTAATGATAGTAGCGCTGAAATGATACCTAGCGTACGATTAATGAGTTTCGACCGTTCGATCAAATCGTGATCGGTGGCGCCGCAGTCGCAAGATGCTTTACACACCTATGGCTCTTCGTGTCAAGTAAGTTTCAGAAGACGCACAAAAGCGAACTACAGCGCAAGATGAATTTCGCAACTCACTAGATAGAGCCGGGACGGACGTGACTTTACCAAGGTAATTAGAAATCGAGCAATTATCTTTCCGGAGCTTCACTTAGGGATCCTTAGCAACGGGTGAAGCGTTTATTTCTGTTTTTCATTCCCATCTTAAATGTTTGCTATGACTCACAATACGTATAGAATTGGATTAACACTTTACACGCACCCGGTTAAAATGTGACGGTAAAGGCGTGGTTCCCAAGACATCTTCCGTAGGTGTTAGATGCCGACTGTCAGTATCAGAACCTACCACTGAGTGAACTGGTATCTGCCTCGTTCCTTCCGCGAAGCGCGATCCCCATGTCGCGGCTGACGGCAAAGTAGGAACGAGGCCCCCCGCAACGGAGAGCCGTACTCCTGTTTCGGATATAACGCCATCATGCAAATGATCCTAGCTACATTGCTTGGTATATGATGCAGAGTTTAACGGTCCGAAAGGTGTCGGGTGTATTGGTTGTGTCAGAGGGCAAGCTCCGTGGATTCGTGAATGCGTGGCTAGAACATACTTGCCTTGCATTACGAGACCGAGTTCAGCTATTTCCGAGAGCGTGTTAAGGAGAGAGTAGGACACTGCGCATATCCGGGATTATCGCTGGCCGGGATGGCTCACCTTACTGACGTGGTGGTTATATATATCACTTACTCCAGATCTTCATTATGAATTCGTATGTCGACTATAGTCCGCTACTAAGAGAGGATTCCATGAGGGTTTCTTTGGCAGGATCAATCTGGTCCTGTCTCTCCTGATACTACATACCCAAACTCCTTTTGCCAATCCGCATGTCCTCTCTGAGAGGTGGTAGTTTCGCCGGTCACAGCGCCCATTCATGAGCACATTCGGCCGCTGGGGCGCGCCTGGTAGTGATATGTGTAGCATCAAGTTAGTGGTCCTTATACCGTCTGTTCCTGCAGCACGACGACATGCATGTTATCATCGCATATTGAAGTATCTAGTACCGAGGGGTGTTCTCGCTTCGGGTAATGTACAGAGGCCCGCCGGCTTGCACAGGTTGACTGTTAAAACGCCCGGCCGTGGTTATCAGGTCTAAGGGTCCTGTGTGCTCGTAAAACGTGACTGTGCTGGCAGGCTAACCATCATCGACCTATGGTCGTGGAGGTAATGGTGATACAATAGGGAATGTGCCTACATTTCGCGCAGGGTTGCAACAGCCCCATAGGATCTAGCTGGCAGACTCCCTATCGTTTACGCCACATAGTGCGGTCTAGGGTAAGTGCACGGCACGAAAATGGCCCTGAGATTGCATGTTGGATCAGGTAGTAGCCCCTCAGGAATTG,1832,49.24,Homo sapiens
SEQ_527654,ACAGCTAACCCTACAAACTCGCCTTTCTCGACGAGTCATCGTAGTAAGGTCAGTGCTAAGTTCGTTCCTCACTGGATTGATTTCCCTTAGCGTCCCAGGTATATGCGAGCTTATCAGTTGCTGACACTTAACGGATTGGGCGCCGGGTCTGTATGCAACACGCTACGCCCCATTTAAGTGTCCGTGCACCATCCTAGAAATCGGAATAAGGTATTCCTGGGACCCGGACATCCAGCCGTAAGCTGATTCGGACTGGCGTGCTACCGCAAGGT,272,51.84,Escherichia coli
SEQ_280272,GACCATCTCGGTCGTGTCTTTAGTTCGATCTCCTCACAGAAGCGTCTGCGATACCGCTTAAAGGCTTCGGCCCCAACGAATTGCCTAGTATCGTTGTTCGGCCGAAAGAGTGAATCGCCCGCCTTTACTGCAGGATACTTGAGGGTCAGCGAGGGATTGGCACCCCTCGCGATCGCAGTGTCCCGTGTTGGTTGACGCGAGCCTCCAACCACCCCGCACACTCTCTGGTCCTGGTTAGCGTATTGTGAACATGTTAGTGGAAGACTATTGAGACCCCCTTA,281,54.8,Arabidopsis thaliana
SEQ_374245,GCATAGCGCTACTGACCGTACTGACTATTAGGTACCGGTAATCTTAGAGATTCGCTGCGACCTCTCCCCACGTTTCATAGCTGTAGTACCAAGTCTGAGACAGTGCCCTTGCTTCTTAGCTCCTTATCTCGCATCGTTGACACGCCTTGACAAACACAATTCGGAAGGATTTATACAACATGGCTGCTTCATCGAGATTATAGGTCTAGAACCATACCTGCTTGGTCTCCTGTCAAACGAGACAGATGGTAATTGACGTACTACTTAATTGTCGGCAGTATGTTTCTGACGTTCTTTAAAACAGCATTAAACTTAGTGCCCGCTTTAATTTGAGCAGGATGTAGATCTTTATTGATGAGAG,361,43.77,Homo sapiens
SEQ_189079,AACCTACCGAGGTTGACCCGTTGAAAGTGGGATCTACTAGTTCCTAAACTATGAGTGATTCCACCCCACATATCTCATGCACCTGATGCCGAAATAAATAATGGACGCACGGTGTGAAACGCCAGAGGATGAGGTACTTTCCAATGCTATCGGATCTGAGGGGGAGTGATTTAGCCTTCGCGCCTTGCATTACAGACATCTAACTCACCTCATCTTGCACCATAGCTAGTCGCCGGAACGCTAAACCTAAAGATAGGAACCGAAACACCCCCCTGCATATGCTCCCTAGTGTTATTGTACTTACATCCTGGCCTCCGTTCCAGGTACTTCTGCTGGGGTCGGTCACGTTCTCCGTTCACTTGCACCAGCTGCCAAACACATCTGGGTGGGGCACTTTTC,399,50.13,Mus musculus
SEQ_796991,TGGTTACCTGACCGATTTCCATCTGCGGGAGACGTCTCTATGAGGGCGCGACTAACTGAGGCAGGTACACTTCGCCCAACGGTATTCGGTTGATCGACTAAACCCGGAATCGAGACGTTTACATAATTTCGTAGACCTATCTGGCTAACAGGCTCACTATCTCCCCCCCACGCCTATTACCTTTGAAACTGAGCTTCTTTGTTATGTCATTCTGAAGCTCTCCCTGCGGACCGTTACAAGTACTCAGTAGAATTAAAACGCCAGTACAAACGATTGGTACATTGAGCAGGAGTGGTCTACAACGACGTTGAGCCTCCCCGAATAATACATAAGCACTTATATCGCGTTAGCGCCGGGTCCAAGTCCGGATTTTCTCAAGAATAAATAGATGAGTAGGCGGGTTGCAATATCGCATGGGAGGGTTTTAAGAGGTGGTGAAGCCAGCTATCCCCCTTCCCTCGTAATCTGCTGCCGCGTACCATCGGAAGTAAACGGGCATAGCACTGTGGTATTTGGAGCGTACTTTATCACGCCCAAGGTTATTCGATCGATAAATCCTTGAGTCGGTTCAAAGGGTTTATGGCTCGAGCTCCCGTTTCTGAGGAAGTGTACCAAGAGTGGGATAGAAAGGGACACTGCGATTTCCTGGCGCGTAAGAAACTGGCCAATCAACACATTACATGGTGTCTACGGAAGCTCAAATTGCATAAGATTGGGCAGTTGCTTTACTCAGAGTATTACGCGTGCTGATTAACTCGATACAAATGACAGAAGAATTCGGTCTCAAGTTATGCTACGATCTTGGATTTTTGAACCGACACTCTTCTACGGAGAAAAGGTTAGAGCATGAACTTGCCTCTCCTCGTTAAGCTTATCCCCTGGCAGCATAGATATATGCCCAAGGCGACGCGTAAAAAGTCTAGATTCTCCCTTTAGCGCCCGGAATGGTTGCTAAAAAAAGAATTTTTGGGAAAATAGAGGATTTCGTCAGATGATAACGCAGCGTACGAACATATAGCTGTAGGCCGTTAGGTTTCCGTTATCCTACCCCGGAAGGAAACCGGGGCTTAGGGAGATCTCGTCGAGCTCCAAAAAGGTATGCTCGACAGAACAAATTTGTATTGAAACGCGCGATCCATCGAGCTACAGTAGAGAAGTAGTAGCGACTAGTGTACACCGACCAGCATTCAGCGACCCAGGACAATTCGGCATTATTATGCTACGTATTCACGGTGAACGATGCGCTCCGCAGACAGACTCCTACCGGCATCTTACATGGGAGGTTCTAATTACTCGGTACACAGCCAAAAGGTACTGTGGTAGCCCTGTTATAACATCTTCTTGGATTTTGCGTCTAAACGCGTAGCATGTAACACATTGGTAATACTATTCAGGCCCCCTG,1402,47.22,Drosophila melanogaster
SEQ_399603,GCAGCCGGCGCGCGTCTGGAGCCAAATGGAGGCCAGGCCACCCCAAGGGTATGAACTGGCAAAACCTTGCTAGAATGCGCTGAGATCTGCAATCCTAACAAGGAGGTACACCACTATTCATTCCCGTCATGAGTCCCCGTCGAGGGGGATTATACAGCACTGACTACGCAAATGTTGCGGGAGGTTTAGAGGACTTACGCTAGATTGATACCCAATGTTAAAGATGGATTGCCCAAAGTCCCTTGAGTGCACTTGCGAGCGTGTACGCATCGACCATGGAACCATAGAGCTTCTGGCTGGGCAAGTT,307,52.77,Arabidopsis thaliana
SEQ_534585,TCGCTTAGCGTACCCAGCGAATTCAAACTAAACCCGGAGGCTGATTGCCCGACTTCAGCTGCATCATGGATTGATGTAGCACAATCCTATTCCTGTGGGCTAGATGTGTATCGCGTCATAAAGCCTATGGTTTTGAATACTGTGGGGCGTCATTCGATGGACCACCTCAAGCGAGGGGACGGGGGTCGTCCTAACAAACGTGCTTATTTAATTCGGTCTAGTGCCTGACGGTGGCCACTGATCTACCCCTTCAAGAATAGTAACCTTTTCATAAGCAGGAGCCAGCAGTGGCATACCGCTATTCGGCCTCAAGGTATGTTATATCCGGGTGAGCGGTGTTACTACCAGATTCAGATGGGTGCTTCAGCATCAGCAGTGGATGACGTAACTTTGTAAAGACAGCTACTCACGATCGAGAACATAG,424,49.29,Mus musculus
SEQ_742323,TGTTATACAATCCCCGACGATAGTCCAGTTAAATAGGGCGAAATGACTTAACTCAAGACGAACCCCCTACCCGAAATGTAAGTCCCACACCGGCGCTGTGCATCCCGCTGGGGGGATTCCTCCGCGCTCAGACGTTGTGGAGTAGGATGTACACTACTTAAGCATTATGATATGAGTTAATAGTAGCACCGCGAGTCTAACGTCAAATACAGATTCTGAGGCCAATAGTGAATCTCGCGCCTGAGGCCTTTATAGCGCAACGGACAAACGCGATAGCCTCCTCAAGTTGATCCCGTTCTCTTATTAACACAATACAGGTTAAATGACTTCGGGCACCAACTACAAGACAGAGTTGGCCCTCCAAAATGCTCCCTCGGAATATTCACGTTATCCTTGGGGCGGAAGTTTGCATCGTTTCTCTTCGTTTTCTCTTAGCCCTCCCTGCAACGCCTGAGCAGGCCTAACATTGCCGGTTGCCGAAATGGTATTCCGGGGCGCAATCTTGGGCTATTTCAAGCGACTACGCTATCTCCAGTCCCAGTCGTCTTCGCTTAGCGCTACCTTCACTTCATAACATTGGAACAGGTATTTCTTGAGACTTCATTTGGCCGAGATGTGTGCGGTCATCCTCCGGTTTTTCAATACGAGTGTCCCAGAAAGGGTCTACGTCGAACACCACATCATAACGTCGGCAATGGTATTTTAATGTATCACCATTTTGTTATTGACATCGTTGGTCGTATGCAACCACCCCATCTTGAACAGTGCCATCGCAAGGTATTCCTGATGCAGGGGCCCACCCGGATGGGTAACTGCTTGAAGCGCCTCGCCGCTTAGAGGCTCACTTCGGCGATCAATCTCCTAACCATAACGACCCCACGTCGGTCTCTGAGGTGAGAATATCCCGCAATGCGATGTCCCGGCTGCACTATACGATTATCGTATCGTGCTCCCCCACACGTACAATTTGAACCCAAGCAGAGGGGGGCAAGCAACTTATTGTTACGTGTAAGTCACACACTTCGCGAATCTAAGGATGCGCCACTAGAGGTCCCCGTAGTTCCGGCTGTCAATTATTCCCATGCCACTGATACTCTTATTACTGCCCTTATCCGAGCGCGGTTTGCAAGATTTTCATGCGGCGTATCGTTCAGTCTCCGTAGGTTCGTTTGCAGTCCCTGGCAAATGTTTAAAAAGGTCTTCTCTCATCCAGGTCAGTGTGCTGGGAAAGCGAGGGACCTGTCCACGAAAGCCGAAACCCGGGGCACTTAAGGAGATGGAACAAATATAGAAGCAGATCCTTTCGCAGCGCTTGCCTAGCGAAGCATGGCCGTGGTTTATGATAGGATCTCAGCATCTGCCAGAGCGGCTCTACCATCGGCCTGCTCTGGCCAAGGCTATCTGCAAAAGCTAACGTCATTCCCCTCGGA,1430,50.42,Escherichia coli
SEQ_870052,ACTCCAAAGTCGAGTGAGCCATAGCCATTATAAAGAAAAGCGTTAATCACTCTATCTTATATACATTGTGATGCCGAGGAGTCAGCAAGGCTGCACAATAACCCAGAGATAAATTGACAACAACAACTAGTCTTAGGGACTCGTGCCAGCGCATGATGTAAAAAACTCACGTGTTATTGTTGAGAATTCGTCTTGATGGCTGCTGAAGCGTCCAGTAAGCCGCAGCTAACCAACTGTATTGTTTCACTGGGGATCACTAGCCGGGAGTGAGAATATGCTCTGCGGTTAAGAGGAGTTCCCTTTACTGCGGGCCTACGAAGTCGAGAAAAGTATTGACCTAACGTTGTCCTGTCTCAAATAGTGACGAGACACCCTTATCACAATTAAACCTGGTACATTCGCTGACGTCCGACTATCGAGTCCCAGCTGCTAATGGGGCACGACAAATCAAGAGTAAGTCCTTAAAGTCGTGTGTGCAGCCGTGCGCTTAGTAGGGTAGCAAGTTCGGATCTCGTAGGCCACGTAGTCCTGGTAGCAGTTATTTGCTGAAAAGTTGCAGATGCGGGCTCAGAATTAATCGTTGGAGCCATGCTGGTATAGCAGTCACCCAACCCATGTCTCAATAAGCTCGCAAGGAGCTAAGCCATACGAATGGTGGGCCCCGATCAACTGGCAATACCTTCCGGGATATTATTCGCCGCTGCGCTGGATGCAAATCTGGGCTATTCCCTGTGAATCTTTGCAGCGGTACGCAGTCGGGCTGCAGCGAACTATTTCGTTCAAAACATGGAATCGTTAACCGTTGAGGCGGAAGCCGTCCATGTGACAATTGTGGAAAAGGCCCACAAAATGGTGATAAGACTGACACAAGCTGGTTAATGGTCAAGCCTAGGCGATTGAGATTTTACCGGCCTAT,916,47.93,Drosophila melanogaster
SEQ_281011,CATTTCCTGTAAACAAAAACTCGCATGGTCTCTCAAGATAACGAAGTGTCAGCCGTGACCCAGTCGAGAAAGGCTCGGGTCATAATATACCCTACGGCGGCAGGCGCTTCACCTCTGCTGGCTTATAAAAGCAGAGCACGGGCGGCTTGGAAAAGCCGACTTGCTGGATAAATCAGACAGGTGCAGAGTTTGAGTGGGGACTTATGGCAACTACGCCAGAGCAAACGTTCCCCTGCGATAGTGGGCCGCTTCACGACCAACCCCGTCCTCGTGCATTTTGGTGTTGTCGGCATCAGGGACGTTTGCATGAGTGTCATTACGGTTAATAAAGCCTCACACTTCGCGCGACTATGGATGAGA,360,52.22,Mus musculus
SEQ_435096,CATAGTTGTCCGAGCTTATAGCTTGTATGTTAAGCGAATTTGTGTACGCGCACGAACACCCAAAACGACACAGCAAACACGTCAGGCGTTGAATGGTCCCCTCCTCCTGTTAATGCCGAGATGGCAGCGGGGGTGCTTCGACTCCGGTGTTGGCTCTAGCTCTACTAACACAACAGCGGGAGGCTGAGTTGCACAGATATAATCGACCCCTAAAT,215,51.16,Escherichia coli
SEQ_516894,CCTATGAACCTACTGTTTGTGCGGATTCCAAAGGTTGCATGACAACATTTCTTTGTCTACCCTGAGCAATATGATGCCTAACCTCAGGTACTCATCAGTAATTCGGGAGACCTTTACCTAGTCAGGTCGTGGAGTGATAAGACTGAAATCTTTTTAAGTCACGTTGCAGGACATACCATCTACGTGATTTCATATTCCACACCTAGGGTTACTCAGAGGGACAGGTCTTCGCTCGGAGTACGAGGCGAGGCTCTCGCGGAAGAAGACTCACTCAAACGCCTTAGAGGCAGGTGACGCCTCATATGCGATCTCCGTGTCGGGTGTCCATAGCATAAGGTTGCAGTAAAGGGGTTAGTTATAAACCGTTTATCCGCCAGCGAGATCCTATTTAGGCCACTTGAATTAGGGCATCGTCCACTTAACGATAGCTGGAAAAATCAAAGAGGGCGTATATACGCCAGTTGATCCTCCTATTCGGCTTGGTTTAGCTAGACATCGAGGTCTTCGACCCACACTTCGTAGAGTTTCTGTTAGCACCCCCCTTTTGTGTGTGCTCCGATGTCTGATCCGCCCGCGTCGATCACACTGCACAGTCGGCTTTAAAGATTGCGAGACATCTGAATGTGAACGTGCGAATGTCCTTCCGGCGTTCTGTAAAGGGAGAATATTAAACCGCCTGACCCGGCACGATTTAGATTCGGGACGCAACCATGCCCAGCCGCGGGTAGTGGCCGGGCCACCCAATCTCCTAATACCATCAGAGGGGATATCTCCCATAGCGCGGAGACCGTGTCTGGCAATTGGCCTGCTATGGGTACAGTATCCTTGCAGTGATGAAGAGGAGCGCTCAAACGAAATAGAGGTTGACTCTCTCGTATATAGAGAGTTGTGCCAGCCTGCGGGATAGCGTGAACGAGAGTTGGACTAGTGTTTCTAGGAGAGACACCTTACTAACTTTCTTGGTTCTGACAAGACGGGACGCGAGTCTGGCAGAGGCTCCCGACATCGATCTCTAGGGGGCGGCTACGACCAAGTTCTGAAGAACTCAGGGGGGCGTAAGATTCCAACAGCCTCCCGTACCTCCGAGCGTCTCTGTTGCGGAGAAATGGTCGCCGGTAAGCTCCTGGGTAGTCCGGGGCATAGGGAATCTTACGCTTCAGGCCCACACGAGAACGTGATCTTAATAGCCGTAGGAGTTCCGGCTTTTCTTTGTTCCCATGAGGCTTCTTCAATC,1234,51.13,Arabidopsis thaliana
SEQ_497337,AACGTATTTGATAATTACGTCCGCCAAGTTACAACCCACAATACCGATGCTTGCAATCGTCTCCGGCTCGCGATTTCTTTACGGCGGTTCCATTATGCTAAAACCGTCCCACTGAATGAAATAGATCTAGTCTCTTGCCAATGGCTATCGTGTGTCCCCGCCCGTGTCTTTCTCGGTTTTTATAATTGACCTAGAATATCGAGAAAGGTGCGAAGAAATTTGTGCAATGTACTACATTCAACACTAAACAGATCACCGTACCGACATGACTGGTGTTAGCCCATCTTTACAACACCAACGAGTACTCGAGTCGAGACAGGCGTCAAATGTAGTTTAAAACATGGAAGCTAGTACTTTGGGACAAGCCAGACTTCCCGGAAGGCCTGGATAGCCACCGCCTGTGCAGGTAAGTACAACGACGGGAGGTCCAGAAGAGTCTGACGTGGGTCCCAGCAGCCTAACACGGAGACTTTCAGCAGGCTTCGTGGTGTCTAAGTTAGGGATTAGTCCTATGCCGACCCGGCGAATTCTTTATTTGACGAACTAAGGAAGTGTAGATGACGGTGACTTCCAGTCGTTAAGTAGAACATATGTAACCCAAGAATGATATAGTGGTAGGACCACAATTTAAAGCTCAGCTACTCAAAAAAACTTGGCGTCGATGTTCTTAACTGATTTCCGCGGCTGCCACCTTCATTGTCCGTCACGGCCACAATGCATTCCTATAGGGGGTCATAACAACCTAATCAGTTCATTCGACAGACGCGCCCGCGTTTAAGTGCGCCTGACTCGGTGGATCATCCCCTCTAAGTTGGTTTTTGGGGCCAGGACGTTTGGACACTTGACACCCAATTTAAGTCAAGAGTCGTGTATCGGCATTTGAACGTTCACGCACGACATAAATGGTCAACTCCCGCATGTAGCAGAGGTGCGGGTTAAAACTCGCCTACGGGCTGGTCGCAGCCTACCTCGCATAGTATA,981,48.01,Mus musculus
SEQ_331878,AATTGTGGACCAATAGGTAATACCGGTTTCAGCGTCATAATTGAGAGCGGGACTCCAAGTCTTGCCCGTACTATCAATTATGGATTCGGGTAACGCCTCCATTACCTCATCTAGTTGATCAATTCCGACGAGGCCACAGGGATACGAATGCGGTAGTAAGTCCGATACGCTATGCTACTATGCTGTGTACGAAAGTGCGTATGCCACCTTAGCGAGCTCAGGCGCACCGAGAACTCATTACGGTCTCATGCGTGATTAGACTCCGGATGAACAACCGCGACACCCAATCGGACCCCATTCTTGGCAAGGGGACTCAGTGGAGGGAGTGAGGGAGAAACTCCGTAGGTTGCCTCAGCGTGCGTATCATCGGTTGGGTGAAGGCTTAAACAATCGCTTCGGTAACGTGACGTTCTTCGCCCATCATTGAACTTTCCTAGTTAGTACTCCGGGTAGCATCCACAACCACGGTTGCCAGGGCTCGTAGACTTCCCAGATAGCAAGCTGACCACCGTTTTGGCATCTTTGAAGGCAAGTAACTTATACATCGAGAGCATTCATATACACTTTCAGGGGTTAACTAATTGTAATCTAACATTCAGTCCGCGGTCATATCCCGTTGAATGCCCCAGGGGATTGGGTACGCTGGCCCTGAGTAGAGGTACGCGGCGAAATGAGAACCGCATCAATCGGCATGCCAGCTCGGCATCGACTGTTCAAGATGATATGCGCTCTTCTCCTTAACTGCCCCCCGTCTCAAGCTGCCAGGAGTCAGCAATCTCCTCTAAACGCCGAGAACAAGGTATCCGCACGGTCTCCGCACGGCGGCTGAATGCCGGAAACGGTCGATTTCAGCCTTTGGGCACAAGCCAAATTACATCCCCACTAGCTACGAGTTAACATGGGCACACATCCGCCAGATCCATGGATTCTAGTAGTTATTAAGTTGCCACTACCAGTATAGGCTTTGCGCAGAGCTACCAGACCGGACTCAGTTCGATTAGAGGCGGTAACCAGAAGAGCTCAGCGACCCAAGCTAAATAAGAGACGCCAGCCTTTTTAAACATTAGACGCAACGTCATGCCCGAACCGTCCCCCCTTCGCCGATCGGCGATGTGAAGATCACTCCGAAGAGTACGTTACCGGTAGCTACCCACTAATACCGTAATTCCCATGAGTACTGAATCCATTGCCGCTGATATAGCTGGCGGATGAAGGGTCTTGCAATCAAAACCAGAAGTGCTATAGGGCGATTTTAGCCCTTTTATCCATACTAGTACTATGTTTTACCTAGTGCCAGACCAAACCCGCTGCTGTTGTTTCGTTGCGGTTTTGACCGTTTTCATAACTTGCCCTGAGCGAACGACGGACAATAATCTACGTCCCCAGATTCTGTCCACTTAGATGAAATGCGCCACCCGCTCTGGTACTCTTCGCTCATAGTGTAATGCTCCTATCCTTAGCTGAAACGCCTAGTGAACAG,1480,50.41,Drosophila melanogaster
SEQ_593019,GTAGGGTGCGATTCTACGTACTGTGATCCCGAAGGGCGCCTAAAATGTGCCTAGCATCGCTCCGGCTAGTTCTTGTCGGCCGTTATATCCGTAATGATCATTATCACGCAGCAATAGGGTTGATTTGAGTGGCTTCCCT,139,50.36,Caenorhabditis elegans
SEQ_492671,GTCGGTCGACCCGTTCAATTAAAACAAGAGTTCCCTCAGCCGCATCAGAGCGGGCGGGGGTAATGCTGATACCCCCGCAAACATCTCACCCCTCATTCCAAACCATGTCACTCCAACTAGCACTGTTGACGAACATAGCGTTAGCGCGCGTTACTTAAATGCTGGACAGAGGTTAAGAGAAGACGTCAGCTACAAAAGTTATGGCCTTGCTTACCGACCGAGGACGTATTACTCCATCGTTGGCGCACCCCTATGGTGGATAGTGACTACGCACTCCTGGATGCGAATGCTTATGTTCGAGGTTATAAGTGACATTGACAAAAGTACGTTCTGAGATCTAGCGCCCCAATACATTCTTGTATGGACAAGCGGCCAGTGGTCGGTGTACGTACGTAGGTTATGTGAGGGCCGTTTAAGCATAAAGCCGGGATGTCTTTTTCTGACTGATACCTTACGGAGGGTCAAGCTGACGAACATTGATGGGAGAAGTTAGCTTTTTCGATGCGTCCCCATATATTTGAACTGCATAAGAGTGACTATAATAACGAATCACCTGCTATATGCTCTGCTCTTATTCCAGGTGATCTGGCGAGAATACCCGCTCGCCCGCGCCTTAAAACCCCTAGGGATCGCTAGTATCCTCCAAACTACACAGGTATGATGGTTACAACGAGGAATTGACGCAGACGCACCCATTAGATACCTAAAGCAACTCGTTTACGTAGGAGCACATAATCGTTAATCATATTGTGCATTATTAGGGTGAGGGTAGGACCTAGACTCGCCGGGTCGACAATTCCATGGTTACTGACTTCCACACAATCAACTGAGTAGTAGAATGTGGGAGGTTACAGCCGCCCTTACGCAAGCAGCAGTCCCCGGTGACCCGCTACAGTGGGGGCCGAACGGTTGGCTCGACCCCTCATTCCTCCGACAAGTGCGTCCATCATTAGGTGGTAAAGCATCTAAGGTAGGTGTCGATGATTCCGAGACCCTCACGGTATCTAACTTCAGTATAATTCGCTTGGGTGGAGAGTATGAATTGTTTTCAAAAACTTCAGTGGCCAGATCCAATTAGGGTTTCTAGCAAGCAGGACTCAGTCGCTTGATTCTCACTGCCTTTTCTAGGTCTACACGGGCTAGCGACCACTTGGCTTTATCATGCTTTAATATCTACTCAGCGTTACCGCTAGGGGAACTTTGATGTCCACTTGTTATTTAGCCCAGCATGCCAATGCTAATACACGAGGCTTTCTTAAATCTTGCCAGCAAATCTTCCGCAGTGAATTAAATGCCGATTGAAGTAGGTATGTTAAGTAATAAGTGACTTATAGTCCCACCTAGTGCTTGCCGCATGAATGGAGGGTAACAAATGATTCGCATGCAGCGATTGGGAGTTACCAACCATAGCGTCGCGTGGCTCGCGTCTGCATCATTATGGCTGCACCTGGAAACTAGGTTCTACGGTTCATATGTTTCGCAATATGGGGAGGAACGGGACTCGCCATATTACCACCAGACGCTGGTCTGCCGGTCCCTGGGGGGATATCCATAAATGTGGCCGCCAGAGAGGAGTTTAGGACTCTTTACCCCATAGAATCTGACTAAGCGTATTTAGTAGCACGAGCCTTCTGTCACTCGTGCAGAATATCAGC,1655,48.4,Drosophila melanogaster
SEQ_357057,TACCAGATATGGTACGGCCCAAATTCCCTTTAGGTTAAATTGTTAACCGCTGTAGGACCAGTAAAGTGAGCGTAGTGAGTTTTCTATTGTTACTTATTACCTTCACATCCCATCTGAGTCTTGCTCAGGCGGATCGGCGCTCAGCCCACTCTACTCTAGGCGGCTGCCCAACGGAAGGTATTCCCATACAGCACTCGCGCGCAGAGATACTCTCAGACCGATCCTGTGTGCTAGTTAATAGTCCTTCCGTGTCTGTGGCTACTAGAGCGTGCGACGGCTGGACGGATAGGCAGTTGCAGTCCAGTGGAACTGAGAGGGAGCCGTTCCAAGGCGACTCCAAAGGTATACAGTTAGTGGGTCCCCGGGCTAAACGTGGCAACAGTATATTTGAATCCAGAGTCCAGGACGCGAGTCTGGTTGCGTAACCACAGGCCGGCATTCCGGGCATGAACCGATCTGATCCCTAAGTGCCATCTACAATTAGGGAGATCGTGTAGGAATACCTGGCGCTATTCCGCTACGGGGGAATGCAAGTCCGAATAGGTAGTTTGCTGCGAATCCAGGAGGCTGGAGCTGGAAGCCTCGATTTCACCCGTTCCATCGCTTTTGAGGCCCTGGTGAGACAATCGTAGGTCGCCGTCTGACCCTTTTTAATGGAATGTTTGCACCTTTAGAGCCGATAAACCGGCGACCCTTGTGTCTCAAGATCCGCTCTTTAACAGGATACAGCACACTAGGCCCACTTATTATGACAAACGGACTGTTTCTCTACAAAACTTCCGGCTCAGATGGGTTATTCATGGCTTTGGGAGGATATAGGGATTCTTAGCTAAGTTGCACGTCGGTGGGGCCAACCCTGAAGGTGAATTGGTCTTTTAATCTGTCGTGCTGTACTGTACATCATTCACGTTGCTGTAGCGGCGGGAATAAATTGTTGACTCGCGTTTTAC,950,50.74,Saccharomyces cerevisiae
SEQ_926197,CGTGTCACTGTATGTATCCTTGCATCATATTTGCCAGGCTGTGACACACCCCAACAATTATGGAATATTCAACAATGCCGAGAGTCAACTAGCCGATACCATGCCTCACAGCTGAATTAGTGGTTAATCGATTCTTCGCTTAGCTCTAAACATT,154,42.86,Homo sapiens
SEQ_397345,TGACTAGCTTGCTTCTTAGATGTGTCGCTGGAACCCCTCCTCGGCTGCCCATAGGCTAGTTGACGCTCGCCCCTGTCTTACTTCGTTACAGAGACACTCGGTGAGCTGGAGTTAACCGGGCCGGTCCTAAGCTTTAAACCACACAGCTTTCTGGCTCAAATTCGAAACGAGGGAAATTTACACGCAGCAGCGGAGTGCGGAGACCCATAAGGACCTTAATTCATGAGTGTGGTTATCATACTTATAGTGTAATCGATAGCGCTGCCGACCGTGCGCCGGCTGACGGGGGGCGTAACCGTTTATGTAATCCAACAGGATGCGTAAGCCTTTCCTCCTATTATGATCTTGCATCGGGCCCAGTTATGAACTTTACGGAGATTAGCAAAACGCGCAAACCAGGATATAACCCGACAGGTTTGAGCGGTCGCTCCACTCGAA,438,51.37,Caenorhabditis elegans
SEQ_822873,GATAGTTTTCGAGTCCTGCTCCACGAGCATAGATCCCAATTATGCTCAATTCGACGTGGACGCCTCTGCCTCGTGCACACGGCAGCTGTGTTAATGCGCGACCTGCTACGAAGGGG,116,55.17,Homo sapiens
SEQ_913774,CCCGATCAACTTGAAAAGCATCTTTAAGAACTAGGATAAAGCGCCAGACGTCGAATCATTTATGAATTGCTCCCCCTCGCTGTGCACTCGGGTCTGGCCGCCTGACATAACACTGTTTCGCTGTAGAGCTCCTCTCGTAGTAAATGTCTCACTGCAGCAAGTTGAATTACGTCATAAGCTTTGCCAATGCAACCTCGCAATCTCTAACCCACGGTGATTATACGGCTTGCATCGGCCCCCAAACGGTTCTAATCAGAACTGCCAGTCCGCGGGGCACCGCCTTCGGTTAAAGTGCAAGTTAAGTCGCAATGGCTGAGCTGTTGTAGAGTAGAGGACGCAGTTCATAACTCTGTAATGTACTCAGCAGGAAATCTGTGTGTTAGGGGACCTACTATTCTCAGCATTGACGCGACCCATTTGGCAATTAGGGCTCGAATCAACTAACAAGATAATTAGACAGGTGGCTGTCCAGACTATCCATTGTCACAAAACTTTCGCAGGACTCG,506,48.22,Arabidopsis thaliana
SEQ_436964,CTGATCGTGTACAGGGGTGGAGTCCAGCCAGACAGAGCTCCCCCAATAAATAGCAGTAAAGCTGCACCCCTTTCCACGGGACTACCTTACATCTCCAGTTGATCAGACAACCCTGTTAGCCAAGGGAGCTGTAGCTCAACAGCCCACTTATCAGCCTTACTAACGAGGTGATTAATACCACGTAATAGACTCTACCTGGTCCGCAAGTGTGTGATGCCAAAAAAATGCTATGATTCCGAGGATCTAGAAGCATTTCTGTTTATGCACGCCCCGGTGCATCCTGGGGAGGGGTCGACTCCAGTGTTTCTTGGTCGGAAAATAATGCTCACCTAAGATTTCAGCGGATACCATGCTTTAACGATGTTTTTAATAATCACAGGGGGGGGCTAACCTACAGTAGCGTGCTGTGTAGTCAAGAATTATGGGGTCAGTGGTGTGGGTGCTTACAAGTATCAAGGTTAAGTCCCTCCCTTATCCGTGTGCGAGATAATTAACATCCAGACGTAAAGGCTCGCTTCCAGGAGGAGTACCACATAAACGTGTCCTTCCGATGCACACCGCGGTCTATAAGTATCCGGGCTCCGGTCGCCATTGTGGGATCAGTTCGAGTATGAAACTTCGATTATCTCGCCCTCACTATCAATGTTAAACTTCTTCAAATCTGGATCTGAGATGTGATTATCCGCACTCTAGGGTATGTTACCTCCTGAGACCAAGTCTCGGATCATAGATCTCCTTAAGTCCCCCTCTTACTTACCCTTCCCTTCCCGTGGGACATCGGAAGTTGATAACCCCGTTCAGCCGCGCTTGATCCATTAGTTCCGTCTTTTGCAACATCGTTCGATATGGCGACCCGTAGGGCTTCAGTCCGGCCCGTCGTACGCGCGTCGCCAGATAGGCAGCGTGCCACATTTAATATTCCGTACCAGCTTGAAGTTTCAACTAACCATTTTAGACGAAAAGCGTGCCCAGAATCCAGACGAGCCGCAAACGCTGGGGGGTCAGCACCGGGTCAGTTTACAAGACGATAACATCCACGCATAGAGCTCCATCCAGTTTGCTCCGTGGCCGCTGAGACCTAGTCACCATTGCATATCGTCAAACTCCGCGTAAGCTTAGTTCACGAGTTACGCAGACACACTCCACATTCGCACCGTGAGTGTACGGTATTTACGGGATTCGTCGACCACACAATAGATAGATACGTCTAATTCCTACGAGTCAATCCAGCCTACCTACGAGTGATATTCTGCCGCTAGGCTATTGCATAGACAGATCCTGATCGTCTTGTGTTTAAACGTAATCGTAAGGACATGCAAAATGGTATTCACAGTTCGAACTATAAATGGAGCGCTTACATGGAGCTAGAATAGCGCGTCTGCCTGCCTTCGGGGCGCCCTTTTGGATACCCCGTCAATGATCGTCCTCTTCGGCTGAGTTCCGCAGGTTAATTCATTATCACTTCGTTCTCCAACATATAG,1481,49.09,Escherichia coli
SEQ_244359,TGCAAACCGTACAGCAGTCCATAGAAGGAATCCGTCTGGCAAACACAAATTGTTGCGCCACCTCCCTTGAAATAGAAGCCGCGAAGAAGTCGGACTTAACCCGCTTGTACTGATGGCAGAGGCTGAACAATGCTACTGTTAGGGGTGTTTTTGTGTCCTTTTCGTGTCTGCTTGGGATTCGCCACGTAATGCCTTGCGGCAGGATATTAAATCAACCGCGGTACCAAATCGTACCTGGTCTAGAAATACCGCAATCCGCCAGCCCCGAAGCCAAGGGGTCAGGCGGAAAACTCCGGTAACGGCTGATTACTGTGGACTATTACTTCTCGATATGGGAGTCTCTGGGTGTTACTCCTGCCGTCCGTGTGGGCATTGCTTCCTTTGACGTCGGGAGATCCGCATGACTCTACCCGGGTTAATCGACTGGGTGGTCTAAAATAAAACGTCATTCTTTCTATGTCGCCGATGTTTTCCGAAAATGGTCTCTGCAGAAACGCTTTCCGGGTAGAACGTGGAGATAATCTGGAGAGAATCGATGACCTATAACACTCTTTGCAATCCCACTGAGGTACGCAAACTACCTATACCTAAGTCTAGGCTGGACCTCTTGGCGCCGCATTCTATTGAGAGGTCTGTCTTTAAGAGGAGCTTGGCAAGACTGACCAGTAATGCTTCGCCTGTTAAACATTGCCGACCGTGTCGAACCACCAGTAATATCGTCTCACACGTGGCCACACAATTCCTTAATCTCAGGCGTTACCGAGCATTCAAAAGCACCTCAATTGATCCTGCGTCTACGCACAGCTGGTACTAGGCTATTGTGGGTCGTGAGGGTGATGTAGTTCAATCCTCACGTTTCCGAAGTTTGAGCGATAGAAATTGCCCTTTCGCATGGGGTGCCAACATGTTATATCCGAATAGAGCTCAACCATGGTGCTAATAGGTGCGGGGACCCGGTGGTCACTTGCCTGCTAGTGTTGTCATCGGTACAAATCAGATAGGGCGAGCGCGTACACCGGCCGTCCGTGTCGGGTCTTCGACT,1042,50.38,Homo sapiens
SEQ_155120,GGTTGGCTCACTATTGAGCTCCCCGGCTTGGATGGTATAATTTGGTTCCAGCTCGCCAACATGAACACCTATCGTAAGGTCTCCATAAAGGGCTGGTCCGACTATAGCCCCCGCCAATATGTTCGATAGTGTATAGTGCGGTCATCCAATGCACAACACATATCATAGGCTGACTATGTTGAATTAGAGTGTACGACAGCCCAATTGGGCCTATGTCTTTTACGCTGCGCCTCAGTTGGGCGAATTCAAGGACGACTCCAATCACGACTCTGACATTGGCCCAATACAGTCGCAGCATCAGAAGAGCCACACGTCGAGAGAACTTTCGATCGATCGCCGCGCTGGCACCATAAAGACTATTATACCGCACAACATATGTAAGCAGGTGCCACTACCAAGTCGTATTAGGGCGAGCGCAGACAGCTCGAACTGGCATGAAACTTGAGTTGTATAGAGACCGGGGTTACACCATCGTGTTCAGGGCGTCCCCTCAACGTTTAGGACAAGGACTCTTTCGTGGTGTAAGATTGTAGGCAGGGTGCTTGACGATCCGATTTAACGATAATGTGGAACAAGGATTGGTTCTTTTATGAACTTCGTAACAGAGCGATCGGAACAAGATCGGGTACACCAGACTCGTAGTTAGTCACGCGTTGCGAGCGACATACGTCGAACATCTGGCTGCACGTAACGACTGATAGGGTTGATCCCCCGATTGGAAGAGGCGCTGACTGAACTGAGGACAAAAGGCACACACCGGACGCCATAAACGTGTCCGGGCTGGAATACTACACTTGGTCTTGCACTTAAGGACAATTTCGGTCTAATCTGGCGCTATCCTCTCGTTGGAGAATACCCTTGACCCCTAGCGCTGGCGCTTTTAACAAATACGAAGTCTGGGCAATCTGCTTTCCATTACTGGATCGACCGCTGTGCATCCACGGCGCTACCTACATGGTTGCTTAGCCGATCTTACGCATCGCACATCTGTGAACGTATCACGTTGGGACTAAAAGTTAAGCTAGCGTTGTATATAGTACAACGGTCCAGCCAGCGATAAAATCCTCCATGTGGTAGAGCGACGTTCAGGATTGACAACCGAGACTTTTTGGTTATACGATAGCATGTGTGGGCTAAGGTTATTAACACCCTGATGTCGGTTGCGGGTGAAGACTTGGATCCATGTCATGATTCACAATTCCTCCATGCCCAGCGGCTCCTCAATGATTACGGGAGAGAGCCTGGGTGATCTATTATGCCGATTCTGGCGTAGA,1274,49.61,Saccharomyces cerevisiae
SEQ_831245,ATTCCAAAATGTTTCTCCTTTTAACCTTCGTTAACCTCTATACGTCGCACGAGTGGACTTACTACCTCCTACCAGACCCAACGGTTCAGGGTATAGTCTCCTCTAAGACGACGGCAAAGGGACCGCACAAAGTGAGGATCTCGATCGGACCACCCAATAATCTATATCCGTGTCCCAGTGTTTACAGGCCGGAGTTGGTCTAGCTCCAATATCCAATGGGGGTTGACTGGAAGTCCCGTTACATTCTGAGAGTCTCCAAGTTTACGAGAGGGTGAAGCTGTCGGAAGGCTGG,292,49.66,Drosophila melanogaster
SEQ_755602,ACTTGAGAACATCGAGGATCAGAGGTACACCTATGGACGCTAATAACGACGGCTAATAATAGCATCTCCATCCCAATCTAACTCACCTGTGAGACTGCCCCCGCCTTGTCTTTCGGCTACTCCTGCATCATCACCTCACTGTATTATCTTAGAATTGAAGTCCTGAGTAACATATTATCACAGCGTAACCGGAGGCCCCCACAGTACGGTATATATAGAGTCTTGGTGCTGTAGAGATGGCTCCGCTGAACCCGTCAAGAAGGCGTCTCTCCGTGAGACATAAAAACGAACCTGTGTTCGATGCATACTGGATTGTCGGACCGCTTCGCTGTCCTCGTTCGGGAGGCTTGTTAATAGGCCGGACGAGCCATCTAGGAGCATTAATATTTAGCACGTAATAGCAGGGAGGTCATGTGTGTGTTATGCGACAGGCGCACAGTTGCTTGAAATTATGACCAAGACCCTGGGCGTGTTCACGGTCTCATATAGGTATGGACTTGAGTTCACTAGATTCTACCAGCCCGAGTCACTAGGCCACATGGGGACTACGCGAGTTTCATGCGATGAAGTGGACACTTTCGACCCTCTTTTCGAAGTGGTTAGGTTCGGGCCTGTAGTAGACGCGCTTAGATTGTATGAGGGACGATCTACTGCGTTTAATGCGCGGTCATAATTTACTTCGTCTCCGGCCGACGTCTTTACAGCTAGCTGTCGAGATCTTCCAGAGATGAAGTACTGTTTAAGGATCTCGGGTTAACGGCATCTATGAGGCCGAGCATACATCCTCGCAACATGATTGACAGAGCGAGACATCATTGGCCAAGGGGTCAAGCAGTATGGCATTATGCTCATAGCGGGCTCCCGTTGGCTGTCGTGTTTTCCAGTTGTATCCGTTCCGGGTTGGGTTTTTGTCAATCGCAGGGTTTACGACACCAGTGGCCACTGTAATGAGTGTCTTTCATATGCGAAACTAAAACAACAAGTATGCATGGCGTAAGTTTGTGCTGAAACTACGAAGCTTTCCACCCAGTCGTCTCCCTGTTATGTACGATCCTATGGCAAATGTGAAGATTACTTCTGTCGAAAAGCTCCAGCCTGCAACCACATTTCCAAAGTGAGCCCACAGGGCCCATCACACCTATGCCTGACGTGTCAGCTAGGGAAACACATGATTCCAGCCTCGCGTTGCCTCGGTAGATGCTAATGGGGTCCGCAGTCCCATTCTTTTCATAGGACCTTAGTCAGCCCAACTACACTAAGTGGATGTCCCATCCGTGGGAGAACAATACTTCTGGGCTAAATATTCCTTATCTTACGAGGTCGAAAATAGATCCTTGTGGTGCTGGTAAGCTATGTGGCCAGCTTCTACTCCTCAGCGGTTACTCGAGCTCCGCGCTCGCAGAAGTAGCCACCCCGGACCGACACCCCCAGTTGTTTCCCATTGAAGCCACACTATAAGCCTTACTCTACATTCTCGGTCGGGGCAGACAGAAAGTACTCCGGGCTATGGCCAAGACGAGGGCAGGAGTCGAAAAGAATGGCACAAACATTGCTTGACGAGATTGCGTAGCGCCGTGCGTAATCTCTTACTTCGATCTGGTCCAGACGGGTCTTACAGGTTTAGGGGATCAAAACCTAAAGTATCTGTCCAAACTACGCTAGCAGCACTGCCACTATCTCCAACGTGGAATCCCACGCACCAACGTCTTATCATCTTACAACCGTACACCTATGTTTGTCTCCTAACACCACGTGCGTCTATCGCAGCCATATAATTTCTTAAGTATAGGACACGCCTCTGCGGTGCTATGTCAACATACCACTTTACTATCAGAGCGGGAGTGCAGACCTGTTAGCACCCCCTATGCGTTTTTTATAAAGCCGCCAGGCCCCAAAAGACCGCGCGGTCCTACTCTCCAGATTGT,1925,49.66,Mus musculus
SEQ_801328,GATATGGCATCGACCAAGCTGTCGTAGTTTCATGTATATGCTAACTCATCTCAAGTAGTTTGCGCGAGTATGAAAAGAAGCCAAGGGAGTGCTTAAATGTACGGAGTCGTAAAGGCGGGGTACTTGGATCGCACCAGCCACTCGTCATATATTGGCCGGCCATCCGCGGGTCGAGACGGACGGCATAAACGATTTGGTGGGTAGGCTTTCCTACTGTTGTCGACTAAGCGAAACTATTACGGGTATATTGACCCCGACAGAAGGAGCCCCCGCAGACCAGTCGGATTGCGGTCCTATTTAAATCAGGGCTGCGGCGCTCAGAATCCGACCTACTAAACCACCACTAGAGGATATCGCCACCTTTTACTCAGAGCGACATTAAAGACCGCAAGTGAAAGATAACTAGTCACGGCGTTAGGACGCCGGGGTGTTATATCGTGTAATGGTAGAACGGACGCGCGCGTAAAGGTGAGGCCATGAAAACTCAGACTAACTTTCAGTTATGAGTAACATAGTGGAGGTATCTGATTATTCCACTGATGGGGTGGGTATGGTTAGTACCATTTTAGTGTGGGTTGGGCGTTCTTGATGGGGGCCCCACTACCGTGGACTAAACACTGCAGTTTCGGTGGCCAGCGGCCGCGCTATCGAATTTACGTACGACGTCTCCACAAAGTCTACACCACCCAGCTACGCGTGAAATACTACCTGCATCGCGTTTGTCGATGCGCGCATAAGGCGGTCACTCCACGTAATCTGATCCCGGAAGGAGCTAACCCGATTTACTCGGAGCTTGTAGGCTGCTAACTGCCCCGGGAACTTTATCAATGGAGATTCCGTTTACACGCCTTGTTAGATTAGAGTAAACTTTAAAAGTCACGGGAACTTATCTTGGTATCGGCTCAGAACCACAATTAATGGACATAATTCCGGCTGATCCTGACCCCTCTATGGACGCTACCTTGTGTACGATTCATCTCCGCATGTCTGCACTGTGCTACGCACGTCACAGTCATGTTCGCAGCCAGGCCCGTTGACCCGTTCATTAGGCAGGGGCATGTACGAGTCATTCAAATGCTTCCCCCATGAGTTGTCATATGCATATTTTGCAATAAGTTACACTAGTAGAATCTAACGGCGTGAGTCAAGTTTGCCAAGAGCAGTCAATTGGCGCATTCAGACGAATCCCGCTTAATATTCCAAGACGTCGGGTTGCCAGTCCTCGTGACGCACATCCAGCTCTATTACCAGTATAAATGTGATTAAGCGAACACTAGATAACCTGCCCACAGTGGACGGAGGCCATCGCGGGTAATAACAACATTCTGTTACATAAGAGGTACCCTGTCCCTGCCGTTACCACACTACACTGAGAATTAGAGAATTCATAACTTCAGGCTCCCGTCTTATGATATTTCAAGTTGAGTGAATCCGGTGAAGACTCAGGAGCACGTCATGCCCCTAAAAATGACCTAACAGGGTTTATTTCACATTGATCTCTTCGTTGGGTGCTGGGGACACGAAGGAACGAACTGCCCCGTCGCTTTCATCCTGAAAACCTAACGCCGTATAGCTTTAGGAATTACTCTAGGTCCCCCCGCCACGAAAGAAGCCAAACCCACAT,1624,49.14,Mus musculus
SEQ_954272,CATATACTATGGAGGCAAACCGCGCGAGATATGATGGCCGATATCGCTCAGGTGTTTAGCGCTTTACGTTCATTTAATAGCCCACCCTTCCTCGCGCGGTGCATCCGAAGAGGAAAACCTTTTACTGATACGCGTGCCTCCTGATGAGCAGGTCAGCGATAGTCGCATTGCCGAGGACTACAAGAAGAAACATAAAGGAAGGTCCTTTGTTGATAACTAAGAATGCCCGAGCAGAAGGGGTACACCTGACACAACAGATGAATCCTTCAACCCCAGCGGCGAGGGAATACTTCGTGAAGGGTTATGAAGGGCCACCCGCGTTGCAAAGGAATGTATATTCAGGTTTCTGTAACTGCGCATTGCGTAGCGCGAACGGGCTCCAAGGACTTGGCTTCGTGTGCGTGGTGACCTTTTATGCCAATAATCAATGCCCGCTCAAGAGCTGTGCTCTGAGCGCTTGGTGTGATCCACTTACCCTGGTGGGTATGCACTAATAACGAAGAACTCCGCATATTGTTAACTGAGTGTTGAGCTAGGGTACGTAGAGACTAGCGAATGTGTACGATTTACCGTCCACGCTTGACCTACCTCAACAATCCGGTTAATGCAACACTCGACCAGTGTTTCATGGATCCCACCACTCATAGCACCACGTAGGTGGCAGCGCTCCACGATTCGAAGCGCGAAAGTACTCGCACAAAGCCTTGGGTGGTTTGAACTTTAGTGACCCCCACGGGGTCTATTAGCAGCGGTTTCACTTGCCGAAGGACTCCACCCCAATGCCCTCGCACATACAGTCGCTCGTGTTAGATCAGCGTACTGAAGATAGCTGCCGGTCAGCTTAGTTTAGAGAGATTGTTACATATTGTTATGAATCATGCCCAAGTGCCTACAATTCACGTAGTTCAGCGAGACCACACAATTTTAGATCATATTAGGTGGCTAGGCGCAGTACCGGTTCAAATCGGCGTACACTACCGGGTCCTAGTCGACTAAGAACCTTCACGACACACTCACCCTCTAAGCCCTGACTAATGCACTTATACCGCTCATCTCGGGGGTCTGCTACTCTTACCCTACTCACACGCGGAGGTTTTGGCTTGCCATTAGCATAGAGATACGGGGTAGGCCGGAAATGCGGGCCAGAACTGCACTATAGAAAATTCGCAAGTTTTGTCTATTACGCTACGGTTCAAGCATTATCACTACATGGAGTCGACTCCCTATGGAACCTTATACGCGTCATAGAGTTAGTCCATGTTCACATTGTCATAGCGGTAAATAATAATCTTGACCGACATAAAAGATTTTCAGGCCACAATCCTTCCAGTGATCGGAAGGGCACAGTAGAGTATGACTAAAATGGGAATTTAGGAGTCCGCGGGGAACACGCGCAGCATCGGGAAGGTGGGGCATAAGC,1420,49.44,Mus musculus
SEQ_635173,AGGCTGATAGAATGGCCTGCGGTAGCTTCCCTCGCTTGCAATTCGGCCCTGCCCCACTTAGTCTGTTAAACGAGAGCAGCACCAGACTATTTATAGTCTCTCGATTGAGTTTAGTGGCATGTGTCGTGTGTAAGTAGACTGTAGGGGCGGGAGACTTTCCTCTTACTACACGATAGCACTACAACCCAAGCTATAGTAGAGCCCCTATTCGGCAAGAATCCATGTCCTGAGGATAACCAACCTAGCATTGATGATCTGTTGGGCGAAGCCCTACTGCAGGTTCTACAGCCTCCTGGCGGACAGCCGTTGATTACGTAATCGGTACTAATTCGCGAAAAGGAGATGGTCTTTCTGACATGAGTTAAGCCGGAGATCGGGAATGCCTTGTCAGCATGACTGATTCCAATGGATCTACCCGCGAGGAACGCGTCTGCACGGTTCCGAAATACAAACAGCGTATAAATACTGAACGACTCACGATAATCACCAGCATGGTTGACCAG,503,49.5,Mus musculus
SEQ_885079,AACGTGGACGATGTTAGTCCCTCTACTACGCGAAATAACCCTTACGTTGGCCTATCAGTGTCGAATCTTTCCCACCTACTACTGCTCAGTCTCCAGGGCTCAATCCTACTCTCAACGTCACGTGTGGCTTGACTGTTCGAATTTAGGCTATACGACCATCATAATGAACTGACGAGTATTTGATCTTAACGGTCGATTTTATGCTTTAATCGCAGTCCCGACAGTTGGTATAGACTCGTAACCTACAGGCGGGTAGAGGCGCCATAAATAGAATTGTGCAACGCGACGCACAGGGCAGCGTTTTCGATACCTGATATTTTCATACTAGGGCGTCTTGACCCATTAAAAAACTCTACCAATAGCTGTCTATGTCCAAGTCTTTAACGTCTGGAGACTAGGGAATTGGCTAGTGGGAGACGCGGAGTACATGTCCCGTTCGCGTTGCCAGGTCGCCCCCATGAAGCAGTATCCCCGTGTTTCGAGGCTACTACGCTCTTAATAAGCTTAAGTCGACTCTTACATGGTTCACGGGGCCGACTAGTCTCTCCTGTATTACGCCTTATTTGTTCCAAATGAACGGGACTAGCTTAGTAACTTAGTTTCTCAATAGGGCTGGACTGTCAGTCCGAATCAAGTTACTTGGAAGGTGAAACAATTGCACAAGGGTCTTAGCCACGCGTTGAAGGTGATCCGGCCACGGGTTCTAGTTTATTAGTAGCAGGTAGACTAGGTACGCGGTTTCACGGCGGGATCGCGCGCAACGTCGACAATTTTGATTTATGTTCGATCTACTCCACATGGATAAAAGGACAATGCCATGCCTTCGGCCCTCTCCATCGCAGAGGTCCCACCCTAGAGTTTTTTTTCAATGTATCTAAGGGGACAGGGCCTTCCAATATCCCAACATCGGTAGTGTTTCGGCGGTAGAAAGGACCGTGTATTTGAATATGTGCACCGCGTTAAATTTCACCTACAAGAACGATGAGCCACGTCTCTGCCCTCTTAACTCTGCATCCGGGTGTTCTCGCTTAAGGTCCGACGTTTATCTCGCCCACCC,1057,48.34,Saccharomyces cerevisiae
SEQ_796597,TTGCTAGCGCCCGTACGGCCCTCGAGTAGATCAAACCGAGCGAATGAAACCCGAAGACGACGGAGGAAGGGTGAATTTAGCTTAGACGAGGAAGACGCTGGTCTTTAATCCACTGTCTCGCTCAGTATCGCCCACTCATAGCCCGAGAATGCATCAAACGCCATCTGTTGATAAGGCGCAAGCTCTTGACATACTTTCCGATGCGTTGGTGGATCTAGGCCTTGTGTGGCGCGAGTACGACCGGCCTCGCACTTGAGGGTGTTTGTCCAATCAGGCAGTACCGGCATGGTTTCCGCAATATATGGATCGCGACACAGGACCTAAGTCGGGACATCCTGGCTGACAGAATGACATGTCGTAGGTGTCATGACACTTCGCAAAGAACTGAGGGTACGTAATCGTTAATGTCGCTCTTCTTGCTGGTAGGCGCGGTGTTATACTACTTATATGATCTCACGGCAGACTGGACCGCAGTGTATAAGCGCACTTCCGGGCAACTAGGTAGCTTTGCGTCCAGTTGAATCTCAGTGGAGATTTTATGGATACCCGACTGTCCGTGCTTACATAGTACACCCGGCCGAATTTTGTATTTAGGCGGTTCACCGTGGCCCGCGTAGGCCCCCTTCATAGCATTCTGCGGAGAACTCCTTGTTGCTGAGTACCAGGGATCTTTCGACCAGCGTAAAATCCGAGAGACAGTATCGGCCACTCCAAGAGATAACTGTGTTAATAGTGGGGCGCTTGCTAAGACCTGGCAACCCCCCTGGTCGCAGCCGAGCTTAGCTGTGCACCCAGTTCTACCGGTGTACCTCAGTCAGTAATGTTTCTTGGACACCTGCTCCTCGGGCCCATCCAAAGAGCCGCCCCCGAGTCGAAATCTTAAATTCACATAGGTTTGGGACGACAACATAGTCTCTAACCAGAAGCTGACAATGCGCGCGGTATAGGAAAGCAGCATTTACAGGGGTTCCTTAGGGGCAGGTAGCACATCTTCTAGCCTATCACCATTTCAGGTGAAGTATCTTCAACAATCGTAAGAAAAATTCGAGCGTGTAAACGCACCGTCAGCTACAAGGTCTCAAGGCACTCTGGTAGTAAGTTCCACGACCATTGTATCGCGTTGGGGGTACATGGATGGTGCACCGAACCGCGGTGGCTACGCCCTGACTCGACAGTTGTGCAACCCACTTCCCTGTGCCACGTCACTACGCGGCGGGGATCCTGAAGTTCAGAGAGACTACTCAATATCATCCCGAAAGTGGCTCAATGCATCCGAAGTTGTTGATTTACCCGGTAGAGTCGGCATTCTCCCCTTAGCATAAAATACCTGATGCCGCAGAGGGGATAAACTCTGCTAGCACTCTACCGTCTGGCAACTCTCTGAGGTCCCCTCTTTTCCTCTGCAGTGCAGCGACCGTAGCGTGTCGTGCGGCGGGCATCTCACTGCCAGTTCTCAGATTGGTCCCCGCATTAGCGTGTAGTATTCAGCCCCATGTGAAGGGCTTTCAGCTAATTACAGTGTTTTGCACCTAGACCGACCATTAACGAGACACCGTTTCGGAGATCTTTTCCAAAATTTGGTTCACAGTTCCGTAAGGTGAGTACGACTTGTCGCAATTTCTTGGCCGGATATACAGGCGACCAGCGGCGCTGAAAGCACGTCGGTAATGCCAATTTAACTCACCCCGTACTAGGGGAACGAAGTCAGAAGTGCTCGTGTAAGGCGCCGGGCGGGTTAGGGTTCCATGGTACAGAACGTCGTCTTTTTCTCATTGGAAATCCCGCCAGTTGCAATTACTCCTGAATACTTAGGCCTGCATATATTTT,1827,51.72,Arabidopsis thaliana
SEQ_198478,CCAGAACAAAAACATACGGGATCCTTACGCACTAGGAACTGGATCATGTACTAAAAAGACGAATCGAATCATCCGAAGCGTGGTTAGAGTTCTGCCACTTTCCTCTAGAAGAGTGAACGAAAAAGATGGTCGGGGCCCAGGTAGGTTCTCTACTATCTTGGTCAATTCGCAACAAAGCTTGGTCCGGTACCGCGCTGTGAAACCACGTTGGGCGAACGCTGTGACGAGTGCAAAGCCACTTATACACGATGATTGCCGTCAACCAACCTCTTTTGCTCACGTACAGGTACGACGAGACCCCTGAGCATTCTAAGTTCTGCAGTCTGATCCGAAAATCAGAGACTGGAGCCTATGGTCTTCAAATCTGCCCGCCATGAATATACCGCCTCATGGGGAGCCTGGGGGGATAGGGCACGAACCACCGATATGTGTAATCTCATACTAACCAAAGTTGAGGCGAGACTTCACGAAACGTCCACAGCTCACTTGTCAGGACCAGTAATTTTTTTCTCCCGATGGAATGCGATATGGGCGGGCAGCGAGTCCCCCTGACACAGTAGCAGTCGTCCCACAGTGATCAATACGTTAATATCAGTATAGGTTGAATCGGCGATGTAGACCTCTTTGAAGTTCGTTGGCCAACGGCGATATTCCAAACTTAAGGTTCCCGAGGGAGTCCATCGGCCTGCTACTTCAGCCTGTGTAGTTACACTTTGCGACTTAGAGAATTGCTTCATAACCACGCCGGGTGTTCCGTCACTACCCGTTCGTCGGCTTCGAATACTGAATGGGCAGACTAGGCCGTGTGGTACAATGTGCTGCGACGCAGCAAGAGAGAGTATGAATCGCCACGCCAAGTTTGTGGTGAATTTAGGAGGCTCACTCGCAAGGCCACGCTTGTTGTTTGGAAGATTTCGGGGCAGCCAAGCGAATCTGATGTCGGATCGGCTTTGGTTACGGTCGACTGAATGTAGTGCGACTGACAGGTTTAGTTTCCAATACCTGGAGCGGCACTTAGTGGGGCCTACTACCAATGTGCTCGAATGAAACTTCTATCGGGGCAAAACGGCGTTTGGAGGTTAGTCGATAACGTCGCATTGGGGTGGTCGCCGTTCGTACCAGGCCCTTGTCTACTATTGGCTTATCGAACGCGGACTATAGGCTGGGAAAACCTACTGAATCTTTTCCAGCTCTATCTTGAGGGCACTCCCCCCAGATCGCGGAAACATTTGTCGACTAGCGCATCGATGGTATCGAGTTTCAGCCGGACTCCATGACTTAAAGGTTTTAGCAACGTATACGAATTTGTATTTCGGAAAATCTCGCTAAATCCGTCGACGGGAGGAACATGCAATGACATTAGAAGAAGTCCCCGACTTCTTATGCCACTCGGATGTAGGACGATGACCGTTGGTGGAAGAGCTGGTTATTTGACGACGTCATAGAGTGCAAACCGTAGTTGGCGACATCCGATCGCTGGCGTCAGCCTCCAGCGCACTGGTATGCCCGAACCCTCTCTCCGGATTCGCACTTGATTTAACTACGGTGTGCGCTTTACCGGAGGACGTTTAGACACATAGATCGATGACACCTGGTCGCCCGGCCATATATTCTGCGGCTTCTCTATTCGCACCAATTATAGTGCTATATGAATCGGGTTTTTACAAGCAGGCCAGATACCCGAATGTAGCCCGCGCGTGATTTGGGGTAAAAACTTTCTGTCCCTGTCGATACAGGGATGGCGCACTTAGTCTCCGACAGATTAGCCACGTCAAGGGGCCCCTATAGGTAGAGCGGAAGCTCGCGGTATAGTCTATCTACAGCTAAGTAGGCCATCCGGGATACCGATAAACGACGAGACCGTAGGCCGTATTTGACCAACACTGACGAAGGGCAATAAGATTATAGCTACGCGTAAGTGTTAGCGATGCAGACC,1936,50.52,Arabidopsis thaliana
SEQ_325519,AGAATTGCTATGCAGCGTGGTGGTCGGGTTTGCAGGATAGTCATCTTAGCCCCACCCTGCAACTTTTACCACTCCTACTTGCCTAGATGAAAGTACGTTGGCTTCCAACACGGGAAAGCGTTTCAGAGCGCGTAAAGCGCGTGGTATCAACATTCTGATGCGGACGTCCCTATAACTACGGGCTCTGCAAGCCAAGTACCACAGGGAGATGCATCGGCGACACTATACCGACCTCTATGTCTTACAGAGTCTTAAACTGGTATGCCTGAGAGGGCGCGACCGCGAATAACGGGAGGCAAGGTAAAGGGAGTTGTTCGAGGACATGGCCAATGTCACGTGCTATGGCGTGGGGAGGGATACTGAGCGATGTGGGTCCCTGACTTGAGGAACCGGTATTAGCTATAACACTGCAGCTACCATATGATGAATGGTCATTTTACGCCCGTTTTTAATTCCCTGGTAGACATGGTGGGCGTTATTGTAGAGTCTGTCTGAACACCAATTTGTGCTCGGTGCTTTGATCTTTAGTAACCCCCAACTAGCGCCTACAAACTGATAACTAAAGCTGGTAGCGTCAATTGACGGTGCTGAAGGTTATCTTCACACATCGAAGCTGGACAGACGCATTTAGTAGTGCGTTTGGTGAGAAGCGGGGGGTTATTATCCGCGGAGCCGCGCTGTGACGTTTCTCCCCTCTGACGATCCACCCATTTCCGACCGTCATTCCAGTAGACGACGCCCTGAGGACAGCTAACTCATAGAACGCGAACGAGCCACAACGGGATCTGGGATTCCTACGAGCACGTCTCAACTATAAGGGGTGAGTTGGCCCTAACAGTTCTCTACGTAAGCGCACACTTAAATGCCCGCCCAGATCCAGAGGACAATGAGAGGGAGTCACACTGAGTTTTCATGCAACCTCATGACTGTACGGACACGCCAGGGCGATATCTGGCTTGTTGCTGAGGGCGTTGCGATGAAAGAATTTTTGACGCTTGTCTCAGTATAGAACTAGTACATTAAACGAAAATTCCTAACGAATCCCTCCCAAGTACTACTAGTTAGCTTTTTACGGTGGTAGGAGCCGGTGCG,1092,50.46,Saccharomyces cerevisiae
SEQ_540462,TGCGGTACTTATTCCGAGAATTAGTTCGGTCCTGGTATCCCAAACCCTCTTTCGGGCTGTCTTGATGCTGCCAATGCAACTATCGTTATATCCGCAAGCAAATAGATACGAGAAGCGGCGGCTACCCCACAGATGTAGCTTCACTATCCTGCGCCCCTCAGTTGGTTCGCTTGAGCCCGGGGCTATGCACACATGCCTCAGCAGGAAATCTACACTCACATATAAGGTTTCAATCTTGTTATTTTACGGCTGAGGATGTGATGTGCAAGTAGACGAACTTGCGAGTAACCTGGGGGGTTCAGACTTGAACGCCATTGTCTATTAAGTATAATAGGAGTTTGGTACTAACAGATCAAACTCGACTTGGCTGTGGCCGTCCGATTAGTGCGAAGTGCTACAAACCAGTTGCGAAAGTCCGGAATATCCCTGATAAACCCACCCTGTTAATAAGCGGCATAGGAGGATATTCCAAGTGACTTGCCACATCCGACCGTGGCCCTCGCCGGCCATTACACGCACATCGGCATAACGATTCTTTTACACCGTAATCATGGAGTTGTGGTAACTAGGTTTTCGAGTGATATGCCAACCACTGTGATACCGTTGCACCACATAGAGTCTCATTGGACCAGCCTATACCCG,642,48.6,Arabidopsis thaliana
SEQ_813728,GTGGGCGGATCGTTCCTTCCCTCCTCAACCGGTGAGAGGGCTTTTAGGCTCAACGCTACTCACGACTTTTAGTCCCAATGACGAAGCCGCTTATTCACGTGTTATAAAGGGGATAGATCTGCCTCGTGCCTCCAGCCGGGCCCCCCCATTTCGTTTCTACCCAGGGTCAGAGCGAATCGTCCCGTTGGTCGTAGGTACTTTGAGCACCGACTAATGATCCAGACGTGTAGAAATGGGGCTAATTTGGTCATCCAAAAGCCGAATAGTACCATCTTACGAATTTATTCCCCCTGTCATCTGTCGACCACTGGAGGCTCGTTGTATCTGGTGGATAGAATACGGATCCCTAAGGACAACCAGCCATGCTCGGCTCACCATCATTCCATGTAGTAGGAGAAAGGTGGCACATTGCATGAAGGGCCGCGCACCTCCGTGGTGGTACATTGATATTAAGGCAGAAGGAGGAACTTCCATAGGCAGGGCCCGCGGCATCCATACAACATGATGATTTAATTGCCCCATAGAACCTATATTGTAAATCTCATTATCATGACGTAAACAGACCAAGTGCGCTATAAGGGTTGTTACAGTTTGTATCGAGAACCGTGCAACTGCACCTGGGTGAACCAATCGCATGCGTTAGCTGGAGACCAGTACTGCATATGAGCTTTGTCATCTTGCTGGCTGGATGCTATGACAGCCTAATTGACGCTATGCTCGGCTATATGAGCAAGCTATAGCGTTTACACCTCCCTAGCAAGGGCACAATTATGCATCGGAGGAAATACCGCTTGCAATGAAAGATTTCTTTAACCGTAATGATGACTTCGTCGAACGTCCTCTAGCCCAGGGGATCCCAGTCTCCGGTACTCCCTTTTGCCACTTTGAGCGAACTTCCAGTTCTTTTCCTAATCGGTAGTTAAAGATTGGCTGCCGCTGACCTCCCATAGTACTGGGTACACATCCAAGGCCCGCGGAAGCTCGCGATATGTGGACCAGGGTCGGGCGCGGTTGAATCTTACCCACAATGACCCCGGCGAACTTCAACCGGAAAGTTTAGAGCTGCGAATAGCAATGCCGAAGCGCAATCGCGTGCACTGGTGATTAAAAGTCAACTGTCCTTTCATGTAGAGTGCCACATGGCCGACAGATGTAGATTCAACTCAGAGCCGGACACGGCCCAGGCCATTGCCCCGTACCGGCGTATCCCAGCATCGCTTGGAAGATAGTCGACTTGATAGGGTATCTACATCGTGCTATTCCGGATTCACGCCCACCTTGCCCTGACGTCCGTTGTGGCGCAAGTAATCTGTGTTCTAAACTCAACCCTGTGAACTTCGCCCCGAAGAGGTGGTGTCAATAGAAGAACCCGGCGCCATTGCTTGGCTGCCATCGAACATTAGTGGGAAC,1410,51.06,Saccharomyces cerevisiae
SEQ_849266,TCAAAGTTTTTTTCACACACTCGAGGGCACTACGATTACGCGATGCCGCTTCACTATTAGAGATTAGATCGGGTGCCCGAAATCCAGCGACCTACTGGAGAGCGTAATAGCGCCTGGCCTCGGGGAAGCAATTCTTGGATGGTTATCACCAATCGTGGTTGTCCAGACACTCCTAGTAGGTTGTACGGCTCTGAACGATCACCCCGGTACAGGAGCTCATACAGGAATTAAAGATGCAGACGGGTCGCTAGGTGGGGAGTACACTCGTGGGTGCATGTGGTAATACAAACCAACCTTCACAAGGATGAGCCATCTCGGCCAACTCTTCTGGGCTATATATGTTAGTTTACGTACTATCTATTACCAATGTTTCTGTCATCTCGGAGTCCTCTGCAGAGTTCTGATTTCCGCACAGGTAAAGAGAACGGAGATGGTCATCCGCCCGCCGAGCGGTTATAGTGGATTACGTAACTGACCGAACGTTAGGAACTTCGCTGGGCCAGATTACTTCGATGGTTTCAACGGATCCACGCAGCCGCGTTTTGGGCCTCACTGAGGGGCGCGCCAATAGGCAATGGGACGTAAACAATGTCATTTTTTACCCCACGACGCAGCGAGTTTCTGCACAGAGGTTAATTGACGCGGCCCACGGAAAAGCAATTGCTTCCAGTAGACACAGATGCAGCTCGGTTAAGACTGTCGACGTAGGACACTAATATGGATCCAGCGGCAGGATTTTCTACATGACCTGAGGCACGCTCTAGGTATATGACGACACCGGACCTGGTAGTATTAATGCGGCTCGTGTAGGCGCGCACTTTGAAATAGTTCGACTGAGGGTTAGATCTCGGAAGCGTTGAGAAAACCCCTATCACCACTCAACATAAGGTCCCCAGCCGGCCCTCCTTAATAACAGCAAATTGCACGAAGGTAAGACGCCGCGGATTATCAACGGTTCGCAGAAAAGGTCCCGCTGCCTACTAAGACGATTTGCAAGGCCGTGGGATTATCGTCCAAAGCACCCAGGCCAGCTCAGAAACTCCGTTAAATTCGTGAGTTTTACACTATCTCGAAACGTGAACGTGTGCCTGTTTGACCAACGGTGTTTAACACCATATTGCGCGGCGTCGGTCAAGGCAAACCTGATATAGGAAGCTGAAGCACGTGTGTTCACTTGGGTATAGGCGAGCATCCTACTCGAGCGTTTGCGTAGCTAAGGCAGGTGTCGGACTGTAAAGGGCGGCCCCGGCTAGGTAGACCGGCAGATATGGTAAGCGTGTCGGACAAGCAGTGTGGCCACTCTCACGTTATCATCCCTGTCGAGAACATGCGGTTCACTGCGACATCAGTGGCGGGCCGGTAATTCATAGGGCTGTGCCGCTGGAATTAGACGTTACATCGTTTTTGATGCCTGAAGGGGTGTGAATGGATGTTGCTGATAGTACAACCATTTGTTCCTACCG,1463,51.13,Arabidopsis thaliana
SEQ_803591,ATTGCTTAAGAATCTGATAGCCAAGACAAATTCTTAGAGTTCTGTTAAAGAATACCTCGCGTCTCCAGTAATTTCTCTTTGTATACCACTCAGCAGCTCATGTAATGTGCCGTCGGGCCAGGGTGAAGTAGTATCCCGGACGACCCACCTATTTAGCGCAGGGATAAGAATACAAACTTAGCAACGGTCCCCAATAACCTTTTAGGCGCCGGCAAGATCCCAATGAGAAGCAGAGTTGCACTTGTATGCCTAAGTGGCTGCCATTGCGACTTATACGAAAGGCGGAATCCCCTGGGCTATACCAAGTGGCGTACGGGCCAAGTCAAGTTAGTTGTAAGGATGTCATCATTAGGTAAGATTTTTCTGCTGGAGGGGCGACATGCGGATATTCGCAGATAAGACACAAGCTCTCGGTGAATACAGGGCCGGTGTTCACCGCTACCAACTGCGGATTTGATGAGACTGGCGATGTCACCAGGAACTCGCGCGACTACCACGCTACTTAGAACTACTTATATCGGGCTCTCATGGCCACACTCTACCGATCAATTCGGTTGCTGACAGCAAAGGGATTCGCTCTCAGCGGGAAGCAGCGTCATGTTTGTTTCCTGATTAGCGTTTTATCGTACCATTAACGAATAGCATAGTAACTAGGTCGAAACGGCATAAAGGTTGACGCTTGAGGTGTCAGTTCCGCCGTTGGCCAGCTCGGGGAGGCGTCAACCACGCATTAATCAACTCCCTCGCCTGACTACCACGCGGGTGAGCCGGGGGTTCGCCATGCGGGTGCGTTATCCAATCGCTTCAACCGAGTCCTACAGTTCTGCGTCCCGCTACCCGTAAGAAATATTATGATGTGGTCAGACGCGGGATAGTAGCTATTTTCCTTTAATATCCTCGCGTCTGCGATCACCCTACGGCACTGTGGACGTTTGCGGGGAGTGCGTTCATGAAACAGCCGGGTCAATGGCCTGTCTCGCGTATGTTATTCTTGTTCCAAATCAAGATCTGCTAAGTTAAGTAGCTTGGCTCCCGTGCTATCCTGTGAACAAAGTTAGCTATGTCCATCTTCAACCCGTGAGGGACATCGATCTACTACCGTTTTGAGCTACACATTATCTGCCTGGTCGGTAGCTTAAAGATAAGCGCTACTCCTGCTAGGGCCTTATCGTCCCAAAGGGCGAGCTTTTCCTGTAACTCCCCTTCACTAGGTCCACACAATTCTAATTCGGTAAGTGTTAAACCCAAGAGCGAGCCCCTACGGGTCAAGGCCGAGTCAGCCGGGGTTAGACAATCACGCACGGTCGGCATAACCCCTTTTCACCTGATTCGGAAGTCTATGCTGCGAGGCCAACACAGCCCATATGTGTACCGGCGACGCGGCAAACCGTTCCACTGAAAATCCTCGTCTCATGCGACGGACCACTCCGACACGGGAACAAGTAACATTCCCTCAGATGGCTGGGGATCCCAGACC,1477,50.98,Escherichia coli
SEQ_105163,AATAACTGGTTGAAGGCAATTAGTGTGATATTCTAACGTAGGGTCGGGGCGTACTCGGCGTGCGAGGCCCAAGTTACGACATTTTGCTGACTACACATCAAGTGAATAGCAAGTTGTTTAGCGTATTTTATTTGTCATAGCGTGTTCGCCGCTCTGCTTGAAGTCGGGTATATATTAGGGCCGGAGTTCCCTAAGTTACTTTGTAACAATCTCGGCTGCCCTCTTCTACTGCGCGTGGACCAGGCGGGGCACTCGGGCTGCGAGGGATAATAATGATCCGTAACGTGGGAATGCAGATTTAAGGTAGTGCGAGAAACACTCTAGTTGCGCGTTAAGTGTCGCCGGTCATAAGCAGAAAGAGCATACGGAGGTGGCAACGACTTGCCCAGCTGCGTTCTGCATCAACACAGCCGGTGTGGTTCCCTCCCATTCAAAATTAACTTCCGAATCTAACCATGAGTGGCCAGCCCTATATTCAGGGGTAGGCCTAGGCGTGTGTGTGGATTTATACTGTATGATGAGCTGGTTCTTGTTGGAACGGTGTCGCCACGCGCACCCCGAATCTCTAAGGACTATCCCATTATCGTTCGGTGGAAATCAGCCCGTCTATATAGAGACTAATGACCCGAGCCTTCATTGAGACCAACTATGCTTCTCCGATATATCGAAGTTTTGGTTAAACTCACAATTCTAGGGGTCGGGCGATATCAGGCGTGACAAATGTAGTGATGACGTAACGTGATTATCAGCTCCTAGTTGACCCCCTAGCTGTGCTGGGTATTCCCTCCGTTGTCCACCTGGATTACCCACCCGTTACTTAAATGCAGTAGAACCCATATTTCAGAAGCCCCGACAGGCAAGCTTGGGTCTAAAGTAAACGGTTATGGACGCCATAGATGAAACATCACTGTGACCTCTAATATCGATGTTGCGCGTTCGTGCTGTCAGCCGATGGTGACCCTATGGGAAGTTCAACCATTCGGGAGAGATCTGAACTTGTAATATGCGTGGTTCGGCTGCTTAGACCCACGTGCGGTAAATCACTCCATGAATGTCAGGACACGAGCATACAGTTGGAAGTCAACGCTGCTATAAACATACGGCCTGAGATAAGCAGATTTTGACCTAACAGTTCACCCATCCATGTTACAGCGGGTCGGCCTTTTTTTTGGCGTCGGGTTGAAAGCGGCGAAAGGTGACAACCGTGTTACCGCCCGGTAGCGCCGCTCTTCTAATTGTGTGGGAGCAGACTCCTAATCTAAAGCACAGTGAATTCCACCCCCCTAGCGAAGCATACCCGATTATTCCCTTGGGCCAGTAAAGCTAACGTGTGTTAGTGAACTTTAAATGCGACCCGAGATGAGCAAAGGGCAGCACCCACCGAGGACCCGAGCCATAAGAGCAGAGGTGTCGTGTGTCTGAGTACGGAGTTGACAACAGCCGGGTTATCGTCCCCGTTCTCATTTTTTTTGGCTCCAACATTCCCCCCCAGAACCTGATCGTAGCTGACCCGTCACGTTTGTAGGTATGACCTTAACCATACTCTAGCGCAGGAAATAGCTAGTTGTCTCTCGCGCGAGAGCGGTTAAAAGTGATATGCGCCCGGGTTCTCCACAGCTCAGATCATAATCGACGTTATTACACCCCTAAGGAAATGGTGAGATGACGTGTTAGACGAGTCTTGTCTGGCCCTATACTCCCGGCAACTGGTACTCTATTCTCACTTCAGCTCGTTGA,1737,49.74,Mus musculus
SEQ_639721,GGGCGTCATCGGCTTCTCTAGGTCGATTTCGGGTACCCCCGTTTATGCCATTCGGGCCGTTTGACACTCGCCGTGATCAAAGGAAAAGTTAGCCAGGCTTTATTACTTTCTGCCGTGTTGTGTCTGCATTCTCGACGTATGGCAGTCAATGCCTAGAGAAGGGATATTCATGTAATTTAGGGGGTCAACGGTGCGTTACATGGAGTACTCTGTCCCATAGTAGCACACCAATACAGGATAACAATAGGTGAAGCCCACAACCGGGGAGGGGTCCAAAATGGCCACGGCACCATTGAAACCTACGAGTGGCTCCAAGAAGCACACCACTCCAACTCATTTAAACCACTAATACAAGTTCTGGCGAATGGTGCAAAGGCACAGGACTAAACCGGTGCCTCTATCGGGGCAGCCGCCAGCGTACCTGATCATATGACAATGTACGCGTCTCATCTTTTATTTCTATCGAGTAACGCCTTGGTAGCTTACTCCGTGGGGATCTAGAGCACTCTGGACGAAATGAGGGGATTTGCCGCACCAACTTAGCTTTCGCCCTTACGTCAGCGGTCGCACTTTAAGTGTGAGAAATGTTATAGCGACCTCAATCGACTGGATTTATCCGTAGAGCCCCTACGATTTATCTACTCTTTAGGGTAATGACGTTGGACCGGAATAGCAGTTATATCGAAGGTGGTGCGCCCGACAGCGAGTTATACGCTCTTGCACAGCCGCTCCTCCGATAATCTCCGAAGGTGATTCTTTACATTCCAAGTAGCGTTGCCGAACATTGACTCAGTCATCAGCCGTTGAAGTTTAGCGCGGGCGGCTACGCCAGGCAGTGCTTGACAGTGGCTCAGTCCCCTCTCGGTCGGCCTAGCTGCGCGTTGAAGTGGGGCCAAGCGACCCACCATCAGTGCACAAAGAGTGCGGAACGCCCGCAAGCGATATGGCAGGACCCAGGCATGGATGTTAGTCTAAGACACTCCCGGCCCACAGAACTGGGTACGGCAGTACTACAGGACGTACTACCGGTGCGGAGTCAGATGTGTAATAGTCAACCGAGACCTCGACGTTCTAGCTGTCTGACCCATAGGCAGTACATCTAGCATGAACGAATAGAGCATGTTGACATCCTCGAATGTAGTGGAATCTCGTCTCTAGAGACTTCACGTACCTCCTGACTTGTGGCTGTGTGTTACTGCCTCCGGTCACCTCCTGCTCTGCGCTGGGCCAGGGTGGCCCCCAACCCGAGCCACAACTAGCTAGAACGGTTTTCATTCTAAACCCCTTACCGGAGTTAAAGAGTCTTCAAGCGCCCACTACTATATAGGAAAGAGCGTCGTTCCAATAGTGGACCGCTGCTTTTGTAGCAACTTACAGGACATGGACGTTACCTACGATATATGACGGAAT,1410,51.63,Homo sapiens
SEQ_969119,TCGGCATGCACAGCGCCCCACACATGGATAGATAATGTGCGCCAACGTATGCCCAGCAGACGAGCTGCCGCTTCGAAATATGTGACCTTGCTGCTAGCTAGTCCGGGCTGTGACGTCCTACGCCTGCCTACTCCTCATACTCCCAGCGGTCGACGATCATGAGCTAACGGGGCCTTCTATTTTGTTTTATGTGTGTGGTCTGCACTAAAACTGACTCCGCCCAGGTACCCATCAAATAACCTTGTCAGTCTGGTCCTAACAGGATTCGGCTAAACTCACATCCTGCAGT,289,52.94,Arabidopsis thaliana
SEQ_840783,GATGATCGGTGGTAACAACATCATAATGTGGCAAAAAGCCGGGTCCCCTGGTCGCTGAAAGCCAGCTCGATATTAACGATGCGGGAAGTCGCAGGCCATGCGTATGCTACTAAATTCCGCTGCACCCGCAGCATTAAAGACCACCTGGTCGCGATGCGGCCACGTCCCGAGCGTAGCTGATTAGTGTAAGTTCATAGTTTACGCGTCTTAAAACTATCGCTCCGCCTGTGTCGGTGATTATAGCTTGAAACCGCTCTATGAGCGTCGAAGCGCACATGAATACTGCTACACTTAGACCTCCGAGGTGGTGTCAGCTCTTCGAGCGGCGGGCAAAGATAGGAAAAGTGTTAGATCAAGACACCCCCCAGACCCTCCTACCCGCCTTTTTGTTTAACGTTGCGCAACAGGGGGAAATAATCCTAGAAAGACTTAGTGAAGGACATCGATAGATAGGCGAGTAGTAATGTTCCCACTTTCTTTGCTCCCTTCCCGACCTCTTGCGGCAGGGTATTAATCTTCAGGTTTCTATAACGTCACGGTGCGTTTGTTTCACAGCTCTCATTATAATATAAACCGCACTTATCTACGCGTTTTCATGCTGACTCTCTCCCACCGGTTCATAGAGAGGAGATTCCAGCCTCTTCGTATCTCGGAGTTCACTAAACCGGGTAGCCTCCTTCCGAGGATACGGCAATGGCGTGATTCTACAGAAATGCACGCTTCAGATGTTGATGACCTCTATGTGGCGGGTTAAAACTGTATTGTCGTTCGGATCTGAAGTTTCATTAGTACACGCTAGGCACGTCCAACTGGGATCGTAGCACGACTCGGCGCGTAACTTCCAAGCCAGGGGCAGATCAGAATGTTTTGCACATA,876,49.54,Caenorhabditis elegans
SEQ_478514,GTCCCCTTGGTAGTAAATGTTGGTCCAACTTGTTAACACATCCGCTCTGCCTTCCCACAAGGTATAGTGGGACTAGACTTATTCCCACGATTATAGATCCTAGTGACTATAGGTAGCGTCACAATACAGCGGTGCGAGCGGCGCCCTACGTCCTGCGTTCTCTCAAGACGATCGCGTGAATTGGGCACGTTTCGCCACACCAGCCTAGCCGAGGCTACACAGTGACCCGTCGATCCTGTTTCGTAGAGATTCTACCTACTACTACCAGGACTTAAAGGGGATCTCCGGGCGCGTTACATTCCCCGAAGGAACGCTATCTGGGGTACTAGGCCATGAGTTCGAGATAAGCGGTCTGAATAGAACGGGGTTAAAAACGTACCGGACAGGGCTCTTGTTCTCGAGTGGATTGTTGTACTCCCGACTCTAAATGTTTTGTCGTGCCCGGTCTCTCTTCTTGGTGGCATCAATTGAGTACTTTACGGCAATCCTGTCTGGCACTCTCCGCTATGAAGACTATCACGAAACTGGGGCAGGACTCACAACGTGCTCCATTGGCAAGCTACTAACGTGTTTAAGTGAATACAAGAGTGTCCAGATCATAGAAGTTATACATAAAAGATTTGTCTTATCTCTGTAGTCATGTCACCGGCTTCAAGGAATCGATCCACGCGCCTCCGGTACGCAATATCTCGCCAGACGCGTGTTAGGGACGAACTACGAAGAGTACTAGGTTATCGCAGCTCATGGCCGGTAACACTCGTAGCACTGGCAAAATAGACGACCAGCCAGGTTGGGTATCTATACCATCTATGACAATTAATTAACGCTTTAAAAATTGTATTGTCTAATAAACTACTGAAAGACATGTTCTTATATTCTCTTAATTTCCTCGCGATATTATCAGTCAATTATGGACGACTTAAAGGACAGGGTCTACCTGTATTTGCCACGCACTATATTGAGTAATTTGGAACCGATACTTTCGGACACAAGTATTCTGGATGCATGATTATTTGCCAGTTTAAACGGCTTTCTGAGATAGGGAACGCGCCGGATTACGGGTTATATTTCAGGTGAAACTAACAGATCACACGGGGTCTGTCCTGCTTGTCGTATAGACCCCATATACACGCAAATCCGCAGCGTACACAACGATCGTCAACCCAATTCTGAAGCCCTCTCCTTGTCCGTACGGGAGGCGTTGGTATATAGAGTTGCACTACATACGGCTTTCACTCACTAAGGGGCTCGGCCATTATTAAAGATTTATATAAAAGGCAAGAAAGTCCTCCTTCGTCCCCAGCAGTTTAATACACCGGCAGCTCGCTCATGTAAT,1336,46.86,Caenorhabditis elegans
SEQ_255023,TATTAAGAGGCCTTATACCCACCGGCTAACAAGCGGTGCCCTTTTCAAGTGGTAAACACCGTCCGTGATGGGAAGGCCGTACTTGAATGATGTGACTGTTGATCGCATGCGGACGACCATGCTGTAACGACAAGGTTTCTTACGCCCTAATAGGTACATTCATTCCTCGCGCTATTGTTTGAATTCCCACGCAGACATGTTCAGGATACCATCAGGAAGTCAGGCATAAACGCCCGGGACGGGAGACAGGCATGTGTCAGCTGCGCTTTCGGGATGCCAGGGCACTCTTGGAGGGGAAAAGCACCCCAGTAGGTCTTCTTCGGTCT,326,52.15,Drosophila melanogaster
SEQ_477472,TACTCGCATGCCCTCAAGGGACAGCCGAGCCCGCTAATCTAGAAGGGTTCTGCAGTCCTGATACCATGTCGCCCGTGTCGTATTGATCAATAGCGCGATCTCCAGGTCGGTTCGTCAGACAGACAGATCGTCCTTATGGCTACCGGGACAATTGCTTCTGACTCAATGAACCTCAAAGTCTCTACTCATTTTTACCTTGAATTTTTTAACCCACTGTATATTTGTTTGGGCTCACCTCGTCCCGTACCAGCCCAAATCGTTACACTCGGATGCCATCGCCACGAAGCCAGTAGACTGGAGCCAAAAATGAGATAACAGCTACTTGGTGAAATGGTGTGCGATGAATTGGGAGGCGATACAGGTGGGACTCCAGAAAACGAACGTATATCTACCAAAGTGTCATGATGCGCGTATGTCAGCGAATGCGTGGACGCCAGAGAACCAGGCAAGAACGCAGGCAGAGGTAACACGCTAAAGCGGTCCCCCCAGCACGAGCATAACGGATTCGCTGTAAACGCAGCCCATGGGTAGGCGGCATCTGTAGCCACCATAGGCAGTAAATTTGAATATTCCAGTAGGCGAGGGTGCAGCCGCAGTAAGGTTAAGCTTTAATAAGCGGGTTCTTAAATCTCGACTGAGCCTCCCAATTCCCGCCGTTGCTATCCCCTCGGTTGTTGGGTAGGTTCAGCTGAGGAGTAGAAGAGGCACAGTGGAGCAAAAAGACGTTACGAGGCTTTAGCTGGGAATTTAGGTCGGATGATATATTGCCGCGGGACCGAGGGATCTCTTCTAATCATGGACGGCCCCCAATCGGTTGGTCATCGTCAGCCTGGGGAGACGTTTCGGCTGATTCCATGCTGTGCGGAGAAGGCAGCCCGGCAAGAAAAGGGATTATCTCAGGTGCTGGAAGGGCTCGCTCTCATATCTCGGCCCTTAGACGGGGAAGACTTTGTGGCGGCGCGAATTCCGCGTGCCTGTTGGTTGGAGGACTCTTCAATGAATAGGGTGCATACGGTCCGAGGTGATACGCTGTCCCACTATTCGGAACATACCTCTCGTAGGTTGGAACAACTCGCACGAGTCGATGGCCGGAACCCCACAAACGCGTATTGCTGTGAACCCGGATCGATCGCCGGCGGTGCCTGTCGCTTAGGGGTAGCAAAGCAGCACATGCCGGTGCCTGAAGCCCGCCACCGGCCTGGGCGCGAGAGCACCTTAGAACTCAGATGAGTGTAATAATGAGGAATTGACCAACATTTCAGCAACATAACTTGCCCGTTTAGCGCGGGCAGTCCGGGACACATGTCTATGGTTGTCGCGGGATGATGACGACAGTCGCCCCGCGGGGGAAAAAAATTTATGGCCAAACATCTACACATCAGGTGCGTTCTAGGGATACACTGTCGGTGACGATGATGGCGTAACCCGGGCTTAGGGGTGACCTACTATGGATTTCAACTTTCTCTTTGTCAAGTCGCGAGAACGCGCTCCCCCGTTTGACGGCCCTGCGCTTACCATTTAAGGGAGAAAGCCTGTCTACGAGCTCGCCACCCGCCTCGCTG,1562,53.59,Drosophila melanogaster
SEQ_911305,AGGTGTGTGTTGCTGACTCGGTTGGGAGGGTCGGGAGATAACAGAGCGACCCACACTCTACAACGGCGTTGTCTCGAGTCCATGATTCTGGTGAATAGTAGATGAAGGTGTCTTGGCGTAGTCTGCTGGTTGCACCGCAGATTGGTCAACACCGGTCGAGACAAGTTTTGTTATCTCAGCGAACGAGAGCGAAATACCCAAGTCAGGACAAGACTCGGGTGGTCGTTAGCCTAGTCGCGTCCTTAGACTAAGAGTCCAGGATACAGACCTCGCTCAGGCTCGGCTCGTGTTACCTGAGGGCCATTCGTACCCGAGTTTGAGCATTAGGGAATTCAGGCTCTATAAAAACCCAGCTAACCCGAGGCTCCCGCAAGCGAGGGCACAGCACGCGAAGAAATACCGCCCGCCAGTTGAGTGTTCAAGATCGTCCAGACATGGATACGTAGTTGTTGTAGCTCTGAGCTCCGGAGCTCATGGACCCTTCGTTGGACTCGGCAGGTGAGTAATAGACCCTTGCTTTCACAGAGACGAGGTGATAAATCAGAGTATTGGTGCGCGTCTTTCATGGAGTCGTCGTGCCCATCCGTGCGAGAGCACCGTCTGGATTAACGATAAGAGACTTACTGGCTCTAGAGATGTCTGCGAGATCGGTGTTCTCACTGCAGGGCGCCTAGCCGAGCCTTACCAGGGTCGGCCCAAGTTTGCACCTTTGACAGGTGCTGGCGGACATCTGGCATAGGGACCACCATTGGTCTTCCGTGGATTTGTCATTCTGACTAAGTTATTAGGAGTGGGCGTGCGGCTGTTCCTAGTCCCTTCAGAGCTAACGGCAAGCATAAGTCACCCCCGAAGCACCGATCGCCGCAGGCCACTTGACCCGAACGCGGGGAGATCCGCGAAGTTATTCGGCGATTCACGGTTCTATGTCCCCATGCGGATGTCGTAGTACTGAACGTTGACAGCCTGAACTTGATGGATTACAATGCACCATAAGTCCATTTGACAGGGTCGTCGCCTGTGCACGGTACCGGAGTCAGTATTAGGCTCCGGAGGGCACGTTCCCTATGTTTATACTGAGCTAGCGAACCCAGCTGCCCAGATGCCATTGCTGAGTAGAGGTCAGGCCCGCCGCGCTAAGACCACCGTCTTAGTGTTAGGCCGAG,1163,54.43,Escherichia coli
SEQ_459713,CGTCCCAAGCTCGTCCTGAAACCCCGGAACTGATTAATCACCTCCCGACGCATTTAGAAGGCTTGATGTATGCAAGCTGGCCTATCGTACGCCCCTAACGGTCCAGAGCCCAGTCTATGCAAAAGGAAACCGGCTAATTATACTATTAATTGAGCTTACTAAGATATATAAATAGCGATAGAAGGATAGGTTCTAAAGGCACTCACCGTAGCCATATAAGCCGTCTTCATTCTCCCCGGGAGAAGAGAGATTTTGCATCGACAAGTCGGGGGGACATGAGCAAAACTATGTACGAAGTGGCATGGCTCTGACCGGTCCCAGTTTTTTTCTACTAACTTATGTGTTTGCGGGCAGCAGTGGCTAGGACAACCTTAACTAGGGAGGGACAAACCACTGCCCCGTCGTGGCTCCTTGCTCATACACGCTGAAGAGCCCTACTATGCGTGTAACTCGCATATCCCCATATATCTGTGGGGGTACTCTAGAATTAGCCACGTCTGCATCTCCCCGGGGACATTCCTATAGCCTCGTTCTTATAAGAAATGACTAGGAGAGTAACGAAGGAGCCGGATACAGATTCATCTAATCGCGATGCAGGCTAGTCATAATCAATGGCCGTCTGCGATGACGCAGGAGAGCGGTGACTTCTCAGTACCACCATAGGAACCCTTTTCATCCCTTGACACCGGACAGTCAAGGCCCGTGATGAAAACAGAGCTGTAAGGTCCAGGAACCGAGTTATACCTGGCCTCTGCCCTTTAGAAAAGGTCTCACTCCTGCTAATATACCAGCCCATCTACGGAACGAGTGCTTGTAACCTTTGAGACAGGACAACCTTTTAACCGATCGAGCCCGGCCCTGTTATGCAGATAACGTTGACGATACCACACTGTATCGTTACAGGGTGTTATAAGCAATGCGCTCAACAATAAGGCGATAAGCCACACCAGATAGGTTCTCCTGAATGTCTAGAAACGGAGATTCTCTAAGCGTCTACACAGGGTGCGCGGACGGCGTATGACCCTTCCTCCGAGGGACTGGATCCTTATACAATTTAATCGGTCGTCACAATGCATCGGCTCCGCTCATGGAGTTTAAACATGTGGATTGGTTCTTCGGGATAGTCGGTTAATCAGAATACGTATTGTAAACGCGTCGCACTAATATCGGTCGCATCACGACATGTTATCCCCCCGCGGTATTCGAGCATTCTAGTCTGGTATAAAATCCTGGTCCCGAGTATGTTTCTTA,1251,48.68,Caenorhabditis elegans
SEQ_519394,GGACATCAAGTGTCAGTGATAGAACCCATGTGTTTCGAGAAGCTCCTGGATGACGGACACTTGGAACGGTTGCCTGGTTGTAGTACTTTCTAAGTAGTGAAATTGCTTACTCAACGACATCACTCAGGGCAGTAATAGCATGCTAGCGCTTTTGACCCTGGTCAGTGTGGGGATACGAAGACTAAAACAAAACTTCCTAACCCTGCGTGTAGCGTAGTTCCAGTGCTGAAGGCCTTATTTAGCTCACGATACGACCTATGCTGGATTTCTTTCGAGCCAGGCAAAACACAAATTTGGAAATGATGGGACTACTCTCGATTTCACATGGGGTCCTCCTAGGGTGAGTAGGCCAGTAGGTACTTCCTATTTTGCACGATCTGACCGCGGAACAGTTTAAACGCCAATACTATACGATTGACCTGGTGTCAACCGCGGGGAGCGCCGCGGTCTTAATCAAAAAGTATCCCCCGGGCAAGTTTTTTTACTAGCCAACAGCCTTTGCGTTCCAACGTGTGCGGAAATACTTCGCCTTTTCGCGAATCCTTAAGATAGGTTAAGCTTTATCCGACGGCTAAATACACTAGTCTTCAGTCCGTAGGTCCCTGAGGACCTCATGCGTTGGAGGGCACAGTAAACCAACGAGAGTAGGGTATCCGCCGTCGTAAAATGCGTCTTGGCTCCGACAAACGATAGTCGGTTTAATGCCATGGGTCTCCGAAGACACTAAGAGCGCCTCGAAGAACGTTCATGGAGTTTCCGGGATTACGAAAGTGTTCGGTCAGGGCAAGGGATATAGATGAACTGTCATGTGCTATGGAGACGGATGTGTTGCACGGGTTGCTACACTGCACAGTCAAGAATATGGGGTGTTGCAGGAAGTGAAAGAAAAGAACTGTTGGGAGCATAGAGTTAGCCATTTGAGGTCTGTGAGTAACAAGAACGACAGACTTTCCATCTGCAGCCCTTATAACTAAGCCGACGAACAGCTGGGTATCTAATATACAGTGGCTGCCGTAATTTGCATAGCACTCATATCGCTCCCCTCACCCCCCTCACAGCCAACGGCTTTTGGTCACGCTCGAACTGGGAAGTGCTACGGGCTATGCCCGTCAGAATGCCTTAGCACCAGCGCAGATATGCAAATCTACGGAGAAGATGGGGCAACGGATCCGTGCTTTATAC,1182,48.98,Homo sapiens
SEQ_733643,GTGCGTCGGTAACACCCCCCACCCATGACGCATACGGCTACGACTCTGTTCTGCTAGCCTCGTATCGAAAACATTGGTGCCTGAAATTGGGTCAGGCAGGGGCAGGGTGCATTCATCCCGGCTCTAGAATGGATTTGCACTTGCTCACAATTTTGGCGCTTATCCTCACGCTTCCGTGAAGTTGTCGGGAATTCGCACCACCATCTTTCGAGCCCCGCACCTTGCCGCCCGGACAGTACATTCCAAGAGATAAACAGCTGGCAGTGGATCGTGGAAGCTTGTAGGGGAAATAATATGTCAGGCCTGGCTAGAAGTAAATCCTCATTACGAGCTCGGGAAGTCCTCCGGCGCAACGACAACATGGGTCGGATTAAGATGCCCGACAAGCCAAAAATTTAACCAAGTATTATCCCGCCTGTTTATTATTCA,429,51.52,Escherichia coli
SEQ_336914,TTGCAGATATACTCGTGCCGGACAGCTGTGGGACGGCACGACGATTTGTGCTTATAATCACAGCAACCGTCCATAGGGCGCCAGGAAGTGGTGTCCGGGATGTTTGCTGAACACGTGGCTTCGGCTAGTATGCTGGCCATCTTGGAAATAGCCTTTTCCTAAAATAGGAGTAGTACTGCGCGCGCGCCATGAACCCAATCTAAGTGCAAATGTGTATCGTCACTGACCATGCTTCCTGGCAAGCCGCTTCAGTCACGAGCGTTCAGATTTTCCCCCCTCGGGGCTTGCCCTGATCAAAGGACCGCACCACGCATGCAGGACGTCCGAACATGAGAGTGGATCTGTACCTGCGCCGTTGAGAGGCTGACGGGTCACGAGCTACTCGATGCATACATACCACGCCTCCCGGTGAAGAAAGCAGACACCGTCTAACACTCTCGGGGCTACGGGGTATTAACGGCGTGTTATCGGTGGCCCGTCCCATAGTTAGAGACTGACTAAACGCTCGTTGACAGGACTAGGAGTATTAAACACGTGGATAGAACTTAATTGTAATCCCCTCAAGTTGGGTCTTACGATTACTCGCGCCCAAGTCCGATATATTCCGCATGGCTTACCGTTCGAGGGACTCTTCATCCTTCGCCGTTCCTAGAAGTGCT,659,53.11,Drosophila melanogaster
SEQ_399390,GCATAAGGAGCATCATTATTAAATCCCCAGAAGAAATCGCAAGTTAAATTTCCTACGCCAATTGCAGAGGAGCGATACACTGCTCTTCCCGTGTGCATCAAAAAGCCACTGGCCGAGCCAGATGTTGGAAGGTTAGTCTCACGCATGCCTATAGGAACGGTACCTCGGCGCAATGGGTGGACAGCTATAACGTTATGGCAGATCGTCTGTGCACTTACTTCTGAATCATCTATTCCCACAACACTGAATGTTGAGACTTGCGCGGGGAGGTTATTCACGTACTGACTGGGCTGTAAGTATACGTATTCCTCTACGAGGCACTGAGCGGCCCAGGGTCTGATTTCGCACAGGATTCGATTATCCGTTTCTGTCTGAGTCAAGATTTGTGTTCGATTAACCGTGGGGCGGTCTTGACCGGGTAAGGGACGGTGTCCCATAGCACAATCGTGGGGCCTTGAAGGAGAGCTTGGAGTTAGTTACAAGATGAGGCCGTTACAATAGCCTTCACGTCACCTCAGGTCAAAGCGGTAATCATCAACACGGGTGTTTGAAACCTTGAACGATATAATGTCATGTTTCATTGTGCATCT,590,48.31,Saccharomyces cerevisiae
SEQ_827703,GCTATGACGTTTCTCTCTTCGTTTCCGACAGGGAAGAGCGCAGTCCCATAGGTAAGCCGAGTGGACTCACATCGCTGACTTTCCAGTGGAATAAACTGAATGTTTTGATGTATTTGATCCACCTATACCGATTACCTTCCTGCCGTAATCCGGACGGTTTTCCCGTGGTTCTGGGAGGGGGGTTATTGTAGGTATTGCTAGTATCTTCGGATCCCTCTTTCCATCAGAACTCAACTGGTCAGCACATACATGGTTCCAACGCTAGTTGTCTGAATCAGGTCCCGAACTACTGTCCCCGTAGCGCCATAGCTAGATTCCGATCAACCTCACTTTCTCACTGCCTTATCTTAATTCGGGTGCTCGGCCATTCGTTCAATATGGGCTCCAACAGGCGATTCCGGTTGGGCCAAAGACTTTTGGCCGGCTATATTTGATGCTCTTCTGGCCTTAGTACGTATGATAGAGTATTACTAAATTAGATCAGGAGCAGGCTGCAAACTCGCGAGCTGAAATTAACAATCAACGGAGCCTCTAGACCGGCTCTGTCTGCGATGTGAGCGATTGGGTGTCGACTGCCGGCCTCTCCGAGAGACAAACCCTGTGGGTATACGCTTGACAAAAGCGGACCAAAAACTACAGTATGTGGTTGTCCCCTTTTGGTTGTAGAGGGGAGTGGTGTGCATGCGGGTCCGAAGCTCGTGACGTTCCGCGTACGCAATAACAAATTCATTCGACGCTTGGGTACATGGGGATTCATCGCACATCGCCGCGAAATGATGTTTGTTCGTAAACTTAGGTCCTGCAGTGCTCTCCAAGTCACCCAGGGACGACAGCCCTAATGCATGTGATGACGCACTGAGTCCGCTAGATATTCTCTTCAGTACCGTTTATCGAAAATTCGGGTAAAACTTGCAGTTGTGCTTCAGGCCCGGCCTGTATACAAAATGGAACCTAGCAATTCATTTGATTGGGTAGGCTGTGAGTGAGCTCACTTACAGCTAACGCTAACGACATATTACGAATGGCTGCCTAGAACTTGGACGTACGGTTGAGATCGGCATGGCAAGGAGCGTCGGTCAATCAGAATTACATACTCGTAGTTACCTTGTCGTTGCAGTCGGTCAGGAGAGCCTAACTGCGCTGGTCCGCGCTACGCCTTCAGTTGGCGACGTCAGTTGGATACGCTTCTCAATTGTTTTCAGGTAAACACAATAGT,1216,49.34,Mus musculus
SEQ_122135,AGGAAGGCAACGTATACCGCACCGAAGGTATCGTTGAAGTACTCGCAGAGCTACTACGAGTTATTTCAATCAGTAAATGACCCAACTACGAACACCCTCTGAGATACATCCACTGACTTCTTTGATTAACGCTCCATAGAACGCATCGTTCCCCTAGCCCCGTTTGCTACTCCGTCTAGCTTCGAACCGAAAGCACGAGCAATAGTTTCAACATCTACGGAGGGGGCCCACCTGCCGGATTTGCAATGAATGCGATTCTTGGGCGTTCCTGGTCCATAGGACTCTGGTGTGGCTCCAGGAGCACGCATGCCGTCGCTGGATGTCCACAGCTGTCGAGTTCACTAAATGGTCAAAGAATGTGAGGACTCTGACTTTATATCTTATTACTTACACATGCTTTCTGGTTATGTGCCTCTCCGTGCCGACACCCGCATCAGGCCTTCGTGTAGAGCCAAAGATAACTCGATACACGCCTTTCGAGAGCTGCCGCAATATTGCTACAGACCTCTTCCGAGATAAACAATGAGTTTTGTCGTCTGTATAGATCCCTCGTGATCAGTGCGAGTTTACATATGCCCTTTATAAGGCTTCAGCCCTACGCCGCACCGTCCAATTCACAAGCAGATATTTCCCACGTTAGCTCACTGATGGGCACGGCGACGCGTCAACTAGAAAACCTCGCACCACGCCACAGTATAAAGCAGAAAAAGCATCCCAGTATCTCCCGGTCGCACCCGCCGGCCCAGACTCGATGAGGTAATCATCCTATCAGGTCTCTTAATCCTTCGTATAATTAGTCATCGTTACCGTGAGGCGTACTGTTACTAACACGATCCGGACTCTGCGCGTCTAACCGATGGTCCACCTTCATTTTGATTACACAGATTTAGTATACCCGGCGAGGCGCAACCATCTTCGATGCAATAGAACGTGACTTACGAGTCCTCACCCAATCGGTCGCGAAGAACAGGACAGCAGTGACGGAGAGGATGAGCGTGTGGGTAACTTGATAGCCCACTTCTCGACGACATGTGCTGCCCCATTCGTGCTCTCTTCTCCAAGAGTGAGCATCCGTCAATGTATCCCACGGCCGATTCAACCCGAAGGTCCCATCCCGATGGCAACAATGAATTTGAAGTGGCACAGGCGATGAGGTCCCCCCTGCATCCGCACGGCGTATGCGCGGGTAAACAAGAGTCATGAGACGCAAAACGTCCGACTGCTCTAAGATGCGGGCCGCCTTTACGCTGCTGTCCCGTGCAACGGTTATTTCGGGGAGAATACGTGTATTGAACCTTCCGCAGTTCTGTTTAAGGTCTAGCGGGCCGCAGCGGGCCGGACTTTCTTCCAACTACAGTTCGGTCCACCCTCCTATCTTCCTGATGCCACGACCAATACTGGAACCATTCCTGATGTTGTCGATCACAGAGACATATCTCTTACTCTTTTGCGTGATGGATTTCTACACCGACCTTTGTCCCGCGGTAGATT,1491,51.17,Homo sapiens
SEQ_485993,CTAATCCGTCCAACACTGTGGTGACCGATGGAGCACGCTCCGTGGTGTAGCCGCAAGGACTCGTTTGCACGCTCAAGTCTACGGTGCTTCCCTGTAGTAGGTTGAGCTTCGCGAGTAGTGGGAAGATATCTTCCGGCCGCCCTTAGGTTGTAGATAGACTTCCCCTACTTGTAGTGCATGATTATGACTTACGGTTACTGCTTGGCGTTGCAAATCCACTGGCACCTGAGTCAGGTAAGGAAGTTTGACAGATATTACAGATCCGTATCACTTGTAAAACGCGTATTTTACTTGGCGGCCCACCAAGCCGACATTTGGCTGACCGGCTTCCTCCCCCCCACCAAGCCGAGCTATTGAGCGGAAGCACGGTCTTGGAGTCCCAAGGGGCCGAACCAATTTCTGTACGCGCACGCCTCATACACTACACCTATAGACGCACAGGTTTCACTCACGGTAGGACAGAGCAACGTCCCGTCGGGGTCCACATCGAAATCCTGGGGCTGGCATCTATACCCATCCATGTAAGGCGAAGTTGAAGCCCCTAGAGGAAGCGTTCAACTGGCTCCAGGCATGATACGTAATCTCTCGAGAGACATAGATCTCTGGTCAGGTACTTATGTTACCAAGACCAAATGAGATATCGATCACAAGGCACCATGCACAAAACCAGTGTCCTAACGGGAGTCTGAGCGTCTGCGCAAGGCGTAATCCAAAATGTTCCTCCCCATGTCGTTCTCACCTTTGCTTAAAGGCTTACTAGTGAATGCGCCTTTAAGATGATAATCCAGTTTCCGCACCCCTAACAACGGCTTCTAGGACCGACGACTATAACCCGGGCAAGCTAGCCCATGCTTCAGACTGGGGGTCCCCTCTCAAGCCGACATGCAAGAGGCTGAGGCGCGTTACTCTCTGGGGTATGTGAGGAAGTTTCGTATTTGTGATTGCCCGGTAAGCGTATGAAGTGGTCTGTATAACCTGCACGTCGCGCGCATTACGCTATGTTCCGGCCTAACTACGGGGTAATACCAGATAAGATGTGTCACCATTATTAGTCGCCTGTGACGTAGCCTGGGTCTGCCGTAAAACCGCCGTTAGCGATGACGGGGAAATCCATGTAAAGCCGTCCATCCGACAATACCAGCTACACTATGACCCGGCGCGCTTTGGTTATCACAGTAAGAAAGGCTTCTATCCCAAATTACGGGACGCAGCAGTCCTTCGATAGTCGAACTCTGGTCGCGTTCGTTTGACTGGAACCGCTCTGGCCCAATGACCTCTGCGAATAGTACTCGTTATGCCGCGCGCAGACGTCTCGAATTCAAAATACAGCAAAATAACATCCATGTGATACGGGCTGGGGCCACGACTCTGCATTGGCCTTCGTGGGGAGCCAGATGCAGAGAATCTATCGAGACATGATTGTGGTTGCGAGGAGATGTAGTTGACGGCATGAGTTTCGGTAGTTTAGTTGTCGTGATATGTCTTATAGTTGATTTGTTCAAGTTTTAGGTGCTGATTCGGCGGATATTGCGAGCGCCATTGAGGCACGAAACTCAGGGATGGATTAAACTGGGAACCTTGCGACCAACGCTACGTCCC,1599,51.47,Caenorhabditis elegans
SEQ_943702,GTCCTCGTTGCGCGAGCCTCTCACGTTCGCCGGAGTATGATTTTATCACTTAGGTCGGTGTCACCCAGGCCTTGAGCGTGTGCGCTGTTCGACAGCTAAAACCCAATGCACTGGGCATGTTAGAGGGGCAACTCAGGAATCAAGAGGTTTAAAATAGAAAACAGGTCATTACAGACTGATGTAAGTAGTCTAACCCTGTGTTTTGGAGGTGATGTGGATATCCAACACGCAGGACTGGTGGCCCATCAGCCTCAATCCTCTCCGAGGGAGTGGGCCTCTCAACCACTGGAGTGTGTCTACTAAACTCCCCATCTAGAGAGCCTACCCACAGCCGGTAGGTTAGTGGTCAGTCCTCACAGAATGTGGCTCTCACTCACGAAGCTCGTTAATTGATGCACTATGAATGAAAAGGTGATGTATCAGTAATGACGTTTTACGGCTCTATATGACCCTATGAGGGACTCTGGAGTCCCTGACGTATTAACCCCTCTAGGAGAATTCTCACGGCGTCTTATCGAGTTGGATAGGGGTCGGTTACCTCATCCAGTAAATGCCTATTATCGTTG,566,49.47,Escherichia coli
SEQ_603446,GATCATATGTCGTAGACGTAGCAGTAAGGCCTCGTGGCCGTTGACGCGATTTGTAGTAAGTAAAAACTCTACTGGCCGTTAAGATTGATAAGTAACTGTTTGATTTATAAGAGTTCCACTCTATTCCTCCCTTTTTATCGCCTCTATAACTATCGATGAAATCGGAGTTAAGCTGAGCCATGCAAGACACTCGCCCTACAGTCTGATGGTTAGCCGCTCGCAGGTCCCCACTGCATCGGTTGTTAGAATCTAGCCCGATCGCTCAATGGAACTGCATAAAGACTTTAGCACGGAGACTTTTCCATCTCAGACACTGGGGTTCAAGAATCAGTAAATCTAAGAATTACTGTATTTCGGGGCGAGAAAGAGTGTCGTTAAAAGGGTAGGCATAAGGATGACCGTCAGCGAGCGGTGACCCGTCTGACTGCGTCATATAAGGTGGATAAAGAAAATAAGAAGCCTGGTGTTCGGTCAAGGGTATTGCTCGAAAATCCGACAGAAGATGGCACTTGCATAAGCACGACATCCCGCAAAATGTTGGCAGGAGCTTTCACATCTTGCTCTTTTATTCACAAATCAACCGAAAAACAGTATTGCCAGTTAAGCCCCGAGACATAGATGCGAGCATGAGACCTCAAATTAGCAGATTGGAGAGACGTCTCATGGTGTATGGGAGCCAGAGTAGACTGACAGGTATGCGCACCCACTCACCTTCATTAACAATTGGAGATGGTGGATTATAGGGATCGTTCGCCTAGCTTTATAGTCCAGCGGGGTGGTCGGCCAGACGGAAAAAGTAACTGTATATAGTAAGCAATTTAGTTGAGGTTACTTGCCAAGTACTTGACAAGGTAGGCGTTGGCTTGTCGTCCCTTTAAGCGGGTCTGACGTCTTCTAGTTCTGCTCAGCTAGAGGCCCCTTCTCAGCCAATGGCGACGGTAGCGCCTGCATACGTTACAGTAGTATATTATCAAAATAAGCAGCAACTAGCCCAGAGCCATCCCAGACGTGTTTCTACCTGCATAACATGTTTCGAGTCGGCTGCTTGAGTGACGACGATGAACGTGCCGGCGGGTCGCGTCTTGCTTAAGTTGATATGACGTCAACAGCGAGATAGCATCCAGGCCACGTGTGTTCTCGCGATCGCTACGGCATTAGTACTACACCATCCGGTGCAACACAGCGCATGTACCTTTACTCGAGCTAGCCGCTGCAATTCACATTGGTACGTCAGTTTGCGCGGCGGATATGTTGTGACAGTAACTCCCTCTACGCGAGGGAGCAAGCACTTTATACGACGGTTCCTGTCGGTTAATGCAGACCAATCTGTTAGCAGGTCGTACGTTTCATCGCCTAATTAGCTGTCTGCCACTGAACAGGTTCAGACATCTTGACGTCGTCAGAATATTTCTGGCATGCCAAAGTAGCCAGGGAATTCCCTCGTACACTGGGCTCTTCCCCGATCTGCGGTCGTCTACTTCAACTACTACCTGTGAGCCACTGTTTTCCGGCAGGAGGCCCATGCCCGACGCGTTGCTGACGTATAAAACACGTTTTGGCCTGCGAATATATATAGAGCAGGTTGCTTCCTGAGATGTCCCGTGTTCCCTACGGTCTAGACCGATCTTTACGAGAGGGGGCCCGTTGATCTGAGTAGCTACAGTTCACG,1669,48.77,Escherichia coli
SEQ_174118,GTACCAAGTCCTTAGCATCTAGAGTGCGGCGAAAGTGCAAGGATTTATTAGCTGTCTGCAGCTCGCGTTGCGTTGGACGCGTTCGCAGTCGCATAGAACTCTCCTTACAATGCTCATCAAGGATATCTCTGCACTATCTAGGTGTTGTAGTCGGAATACGTGCAAGGCTATTCTTAGTGCCGAGACCCTAAGTATCGCAAGCAACCGTACTCATTCATAAGTGGCACCAACACAGAGGCCTTCTGACCGGGTGTAGGTGCCGATCCAAATCATAGTAAGAACCTTCTTAAACCACTAGACGTGACCCGTGGGGTAGGTGGGTTCTCATAGTTAAATTGTCCGGGTGAGTGACCAAGATTTCACAATAGTACGGCCACTTAGCTGCGGTTTCACTCCAGCCTTTTTTATAGAAATTGCTCTAAATGGTCCGACATCCTCTAGACTTGTGCGCTCGAAACATAACCGTCCCCGGGCCAACGTTGTACTCTTTTGATTGTCTGACCGATAGGTGGTTATCGATGATTGCGCTGTATTGTCTGAGGAATTGGTGTACAATGATCAGCCCCTATGACGACATGCGTTGGTACACGAGCACGCGATCACCCATAAGCCAAGCTGTGCACACGCAAAAGACACATAGGAAACGTCCTTGAATTTAGAGGGACGCCCACTGCACTAACTCGGTGGTAAAATTGCTGATACTTCGACCAATGGTTATAGCGGTACCTTTCCGAGTACGTGGTAAGGCTTACGTACCAATTAGTCCTCACGTCAATATCGTAAGCACTAATCGAATCACTGCGGCTCGGGCACAGGCCGGGGCTAAACGAAAGCGAAAAATGTGTCGCGATATCGGCGCTGGGTAATTAAGTTTAGTACAATTCGCAGAGAGTTTGCGCGGCTATACTCGTAAATTGACCGCAGTAGGCGATGTTGAGCGCTTTGAGAAGCGTAGCAGCACATGAATCCACAGGTAGGTCGATTGCCCCTACCATAGATTGGTCTACCGTTCTTGAAGTTTCCGACTTTCCTCTAGGTAGGAGCAAATCAAGACTGTGGCCACACATACCGACGAATAGGACCAAGCCCGGATTAAACGCACGTACATCAAGACATACGGGCTCGCGTTGGTACGAACTGAATCGATGGATGAGTCGTTACAAGGTTGGTGGCGCCGACCGCAATCATCTGGCGACACAAATGTCCGCTCCACATAACCAGAAAAATTTACCGAGCGAAACATTACAGAGGGCTCTGCAGGTTGGTACACACAGCGTCATTCCCCAGGTGATTCAGTGTATCCTATTGTGAGGATTTCTTTCCCCATCAAGCTTGTATAAAGCGCTGTTAGGGATTAGATTTGGCATTCGGAAAAAGCCGCGAGTATTCTTCTCGAATCTATTCTTCAAAGTGCTATTTCACGTCTGCCATTGCAATTCCAGGTGGAGAGGCTCTCTTAGTT,1462,48.22,Caenorhabditis elegans
SEQ_357664,AGTATGTTTGGTGGGTCTCAAGCCTTTCACGGCTCATGTCCCGGACCTACCAAGGCGAGACGTCTCGAACGCAATTGGTAGTAGCTGCATGTTGCAAGGGATAGGGAAACCCAGGTGTCAGTTCCCTCTGTGATTGATCGTTATCGTAAGCAACGCTTGAGTACAACCGCTCTGGAGGGCCCGTCTAAATGACGACGGACCGTTGGTAGCAGTGCGCGTATGAGATTGGGGACATCTAGCAGGTTTATAATGACATGGGATCAGATGCATCTGGGAGGAGTCGGTATCTGCCCTACTCCAGGCCCCCAAATAAAGAGATGGGTGCTAATATGTGATCACGTAACGGCCGACAGGCGTGTATTCGGGTCAGTCCTTAAACCCTTGCTAACCCACCTCAACGACCGTCGCATTGTGAGGGGGTTTAATTCTACAAACCCGCCGTTAGAGTGGCCTCTTACACCACGCGTACAAAATGCGGCGTAGCGGCATATCGAGTTCTACACAAGGAGGTAGTCGCTTCTACTCCGCGGCTCGTACTGGGTCGTACGTCTCTTCACTTACGCTTCCGACTTGGGAAAGGAACCAGAACCGAGGAGAAAGGATCAACCCACATCGGCGCGAGCTTACTATTCTCCAGACGTGGCTGTGACACGTGCGCGGTCTCAATTATGGGCCAGGGAATAGAAACGCTTTCGCTGACTGCGAACTAGCCAGATCGGTGATTCTTGGAATTCTCACGGCTGTCCACACCCCCAGTAAGTACATAGGGCCAAAGTGGCTCCGCGCAAGCATCTATATCGCTTAGATATCGTACGCAACCGGGGCAATAATCGCGACCCATTCCACCAGGTCTTGTGCCGGTCGTAG,867,53.17,Caenorhabditis elegans
SEQ_193829,TTCAATCTGTAGAGTGACTGACCTCCGATACGCGTCCAGAACGCAGGTAGGTTCTTATTTTCAAGAACTCGATAACTCTGGAAGTGCCAGTAGGGACTGCCGATAAGAACAACTTCCGTTTTATCTACTACCCAAGTAGTGCGAGAGCACGTTGTTTATCCTCCTGAGCATCATTCCGCGCCCTCGAATGGCCGAGCTCATTACCGGAACTAGCATATCCGTCTCAGTGAGAATGCCAACTACTGTGTTTTATTGGAAGGAGACAGTGCCACCGACTAGGTTGTGAAGCGGATATCGGGCAGTTAATCTCATTGTTACGGGACCCTTGTGATACGAGACCCCTTCCTTAGGGTGGCCCACACTAACGCTTTTCGTGCCTTTATCGAAAACGCCTCTCGCAGGTTGTGCAATGATCGTCGGCATGCTCCCAAAGCGAAGCTTCAAAGGGGGAACTGTACCAGCGGACCCTGTACCGGCGGCAGGGACTGCCGAGCACTCAGGAACAGCGTCTGGCAGGTAA,520,51.73,Homo sapiens
SEQ_574011,CTCCCCGTTATGGTTTAGGGAGATTTCGCGGTGAACCATTCATGCCGTCATTAAGATTACAAAACTAAATATTGAACCCCGAGCGAAGGTGTCTTCGTCAGTGTACCGCCCGATAGGTCTAGTCTATGGTTAGCGGAAACGGCTGTGAGCCTCAAGAACACGACTATGGAGTCGACAAGACGTCTTGCTCTGGGAGTAGAAGTATCAACTTTGTTACAGATAGACGTAGAAGGCTAGGCAACGGGAGCAATTTCTACTATGTCTAATAGCTTTTCCCTTAAATCTAGAAGCTTAAATGAAGGATTATTACTCCCTTGTTTACAGTAAGGCTAAACTCGCCCAAATGGGTTCAACCGATGCGATAGATCTGATCGAACAATAAATAACATCGAGTTTAACTTTTTTTGTTAA,411,42.34,Mus musculus
SEQ_545680,CGCCGACTGTAGACGGCCAGGCCAAAGCGGCCTGGCACAGATTTCACCCCGGCCCAGATTCAATTCGGTAGGTCTAAGTAAAAACTGGGACTGGTTGTGACATCCGACGCTATAGTGGTTCATGTTAACGCACTGTCGCGCTTAAGTGCTGCGCAATCCTACGAAGCTGGAGCACCAGCCGCTCCTGCAAGTTGCAGCCTTAACCGGATAGGATTCACGCGCCGATTTGGCGTAGAAAGCTGATGTCAATTAGCTTCGACGCTGACACAGACTTGGCATTCACTACGGGCTACGTTCACAACAAGTACGAACACTAGGATACGGTGTCGTAATATACCTCTTGTGACTCAAGGTTCGCGTTGCGCACCTCCCTCGTACGAAGCTCGCGGTACGTTGCTGCTTAAAGAAGGTCGCGTTTCATCATGCGATCCACAAAGGCGGCTATCGCGAGTCTTCTTTGGTAATTTCGTAGTTGGTCGAAGAAAAGGGGTTGGAGCATACCGAACGCGTACACGGGCCTCATCCATGAGAAAAACAAACCTTGAATCCTAAAGGTATCCAATCTTCAAGCAGTGTGGGTGCGAAGCTCTCTCCTCCAAGAGAGCTCCTCTCAACAAACCTTTAGCAATTGTGTTGCTACGCTAATGCGTATTTAAAATTGTGTGACCGAGAGGTATAGGCCTCGCTTACGTCAATTACAGCTCCAGGTGAGGATACGTTTTCATGTGGAGCGTAATTTCCCAATTGGAGCTACCCGATACCAGCCGCGCAGCTGCCTAGAAGTTACGATTAGAGATGCTGGACTCCAACAATGAAGCAGATGGTTACCTCGAGGAGGATATATACCGCCTTCGATACTTAGGGCCAA,868,50.35,Mus musculus
SEQ_980427,CGAACCTCGGAATGGGCCGTGTGGTCAACTCTTCAGTTGATGGACACAACGGACACCTTTTTATCTTGTCTGAATTCCGTTGGGTGAGGACGCCAGTTGGAAGGTTGCCCGTCACAGGCGTTTCGACGAATTGGGTTTAACGCAGGCCTCGTTGAACAAGGAGATATCGAGAAAATCTTCAGTGGAGGGGCGGAGCCCCGCGCCCATGTCAGAATCTTAAAACCGTCAATACAGCGGCCTCTATTAATCAGGGGCTGCGATCAGTGGTGGCAGCCTAGCTCCAGATGATGATGTGATCCGCTATGGATGACACCAATATACTGGAGGCCTCGATATCTGGGGGACGGGTGTCCCAAAAAGAGATCTGGTGCCTGTTAGGCTTGAGCTCAAGACAGGCGTGCTGCATGGACGATCTTTTCGGCACGATTATTCGAAGGGTGTCAAAGATTCGGTTAACGTGAGGGCTTGAGATGGCGTCTACAATTCGGGAACCATCAGTACCTTATTGCGTCCGAGAACGAAGTGTCTTGCGGTGGGTGCCGAGGTCTCTCTCTAGGACTTCGGTGGGAGCGAGACATTCGTCATCCATGGTAGGGAAACGACCAAACCCCGGTCTAGTACACGATGGGTGAGGAGTCTACTGCCACCAACAAGTCTCCTTGGGAGTCTAACACACGTTGCTGCTTGGCCTCCCGGTTGCCGACTATCTAGGGTCTAAATGTGCTTCATATTGCTGAATACAATTCCACCAGAGCTATCGCGTCAAAAGCGATTGGCCAATACTTCATTGCTCGAGTATACACAGAAGAACATGAGTGACGCGCTCCGCTTTCTCAT,837,51.85,Escherichia coli
SEQ_878169,GAGACCGAGAAACACAAACGTTGTACTGACCCTGCATGCCAGTACCTTAGGAAAGACCAAACGGCACTGGTTGGTATGTTCTACTTCGCAAAGTCTATTCGGGTAGTTAGCTCCTAGAGGTTGTTTCCTGCCGAGATCAGGTATTTCGAGAATACAGCGGACGTGTCATGCGGCCCATGGAAAAGTCTTTTGCACCCCAGCATCAGGTCCCCGCACTGTCCAGTACGATTTGGCTTTGGCACGTTGCCGCCATGTTACGGGTATCGTCGCTACCAAGACCTTCATTTACTCTCACTATTTTAAAAATACTCACCCGTTATTATCTGCTG,329,48.63,Homo sapiens
SEQ_632253,GTCAGGGACCCAAAAAGGAATCGTCGCATTCTGACATTGCACGGGTTCATCTTGGTCCAATCATAAATGTGGGCGCGTACTCTGTCAGCTGGTCACACCATGGCAGCTGCAGTACGTTCGCTAAGTACGTCGGTCTTGTTATCAGAACGAGTACCTTTGGCTGAAATGGCCCGCTATTGGAGGGCAGCCAAACTGCCAAGTACTACCTCCGTTGTGCAAGTGTCGTCTTTTATTGCTCGGGATAGTCATTACAGACGACCGCCGCCGACTAAAGATACCCGGCCTGTTCTTTAGTAAGACTTAAAATCGGTCTTAAAGACGCTGAGTGTCGCTTGAAGCAAGTCTGGCGACCGTGGTAAACCGCGCTGATCCAGTCTCGAAGTATCAAGGATACTGGAGGCGGATACGCAGATTACAGGAGCTTGGATACGATCTATACGACCTAGGACCGTATGAGCCAAGCAGGGGGAAGCAAGAGTGGATATAACATTTTTGTGTCCCACAGACGTCAATGAACCCATTTCGCATGACACGACACGTTTGAGTGGAACTGCAAGATTAACAGCTAATGATTGTGGCAGTCATATCTTGAGTTTTTACCGTTCATGCGTGGTTAAGCAGACAGTTTTCAAAGGCGGGACAGGTACTAAGCGAACTTCCGAATTTAACCAGTTTACGCAGTATGAAGCATTCTAACGTGGCACCACAGGAGTACGGAACCATGGGTGGACGTGGCAGATAGAGAGGGCAAGTTCATACTTTAATTCCGTTCAGACGTGTGTGGCTGCAAGGCGAAGCTGTGACAGACAGCTAGCGGCAAACTAAGGACCGCTATTTGGTTTGCGGTCCATAGGAGAACGAAGACCCGCGTATGAGGGTTCGGATGTTACCCCCGGAGGAGTTCTGATATAACCTAGTGATCCACATTTTAGCCGCACCTGAACCGGACCTTCCGTATCATTCTTCTTCTGAGCGTTTCGCGTCTCGGTCATTAAACCAGGCCA,1004,49.5,Drosophila melanogaster
SEQ_779805,TGCCGCTGAAACGGAGTAGTTTTCCAGCCGTAAGCCGCTCTATCTACTCGTTAGAAGGGGCAACCAAAGGATCGGATGAGAATATCGCTCTGGGATCTCCGTGATGAGCAACTTGGGGACGGACGCAGGCCTCAACCCCACAGGCCGTACTGGCTGCGAATTTTACGTTCAGTCAGCTTATCTTTATGACCTGCAACTAGCCAGCACTCCAACTAGGTCGTCGGCGGCACTCCGGCAGGGCCCGATGTCACTCTAGTGGCCCACCTCCCTTGGCGATCACCGTAGTGCCATTTGTGAAGTGCGAAAAACACGCTGCGCGGCCGGTACATGGTACGTGGCAACGAAGACGGAGAGTGCGCGCCAGGAAACACTGGAATCTTTTGGACAATCGGGCATGGAGGGTATCATCCCTACTCGGCCCGCCGTTTATGGACATATAAGGTACCTACGCACCACTCTCTTTGTCCGCTATCGAAGCCTGGGGGCTCTATGATCCACCGTAAACGATCGTAAAGACCGCCTCGTAGTACACAGTACGATATCCCGTGGAATTAAACCATCGAGGCTACTCCTTGTCAAATCCCCGTGGGGCGTTTTCCAGGATTTCCCTTCCAGGTGCAGACGGCAGGACCTATCGCCTCGCG,644,55.43,Drosophila melanogaster
SEQ_555930,CCCGACAAGTTCAGGCTTGTTCCGTTTCCATCCTGAGATCAACTTGTGTAGCACGGCCGATGTCGACAACTTTTGCTCTCTACGCTACACTCACTAAGTGTGCGTTAGAGCAATGTCGGGCTAGGAGCACCTCCAGCCCGCCAGATCTTAGAGAGGTTCAGCGGTAGTGGGTCACCTGCCATGTTTGGGCCGCCCACACCCCTCCCCATTTCGTTATAGACCTGCGCCTGATTGCGATTATCCCTGCAAGCGTCTATCCGTTGTGGCAGCATTAGCGTGCAGGAATAGAATGCCCAGAAGTTTTCATGTTGAATAGTAAATGGGTGAAGAGTACTGGTGCACGAAAAGTCCCGAACTGGTGATGGAGTGTATTCAGGCTAGTTAGTAGATCGCCTGCAGTGCGTGTTTCAGGGGGGGGGGCAATGGGGTGGTCGATCGCAATCGCAACTCGGGATGCGGGCTTGACTCATTGTTTGATTCGTCCGCGAGCCTGGTCTAAGGTTTCCTGTTAGGCGTACTTGCAAAACCGAGCGCCGTTGGGGGGGTCAGGGACCGGAGCCTTGATGAATTGCAGTCGGAACTACCTCTTGGACAACGGTTACCTAACCCTCATCCAACATACTTACTCACAGATTCAAGACGCCACGTCTCCTGCTCTGAGGCTCCCATGGGGCCGCCAAGTCTATGACTTGAAGCAGCACATCTTTAATAAGTTGAGTTTTGCGTAGGTGCTGGCACAGATGAATGCTGTTGGACGATTAAACGATTCGCATTAGTGAGAGTTCCTATTGCCCGGCTCCAATCGGTCCTATGCCCTAGTCAGGAGGAAGAATGAACACCAGCCGTGTTCGGGATTACACATGAAAGGACCAGACTAGTACCTTATTCCCTTGGACTTCAGTCAAACCATTGTCGCTCCTGCGACCCGGAAGCTGCGTTAGAAGCCAATGCCCGTACTATCAGCGAGATTCTAGTACGGTTTGTGAAGATAGCCTATCACTTCACCCAGTTACCACTTTCTTAGAAATCACTTGTCCGACATATTCAAGCACCCCGAGTGCGGCGAGTCAGACGTTGAACCGACAGTAGTACTCCAATTGCGGTGCGGTCACACTAGAATGTGAGTTGTCCTCACAGACTAGGCGTATCCTTCTAAGCCGAAAGGTTCCTGGAGTAACCGGATTTGAATGGCTCCGTTCGGATGAGGTAACCGCGCCCATTGGAGGAACGAGTGTGAAAATCTGGTTTTGTGTGTTCCAAGATTCCTTAAACTTAGCTAGGACATTGGAGGACCTCCAGAGGCGCCGAAAGGTTTTAACAGGATGGAGGCCGCACCAGCTCGCGTAATGGACGAGGTATGAGGTGTGGAAGGTCGACACCGTTGCTTTTGAAGGCTTATCAGGTCATCAACACCTCAGCCACCGGAAGGTACTACTCGCGTTCACAGAAAGGGATCGATCGTAGAAGTTGGTA,1473,51.53,Drosophila melanogaster
SEQ_665898,CACAGGTAGAGAGGTCTATGGCAGTATTTTTATCCTAGTAAATACTTTCTGATCGTTTCTCACTAGTTTGCGAACTAACTTATCATTAAGCTCGTTTCTTGTTCATCACATGGGACAACGTAAGACTTGATATCGCTTAGTAAGCCTCGTCGGGTGTCGCGCCGCACCACGTCGGCAAGTAGCGGGAAGTCTGGTATGCGAAATGACAACCCAATTCTGTAGTTGTAAGCCGTGTTGAGACGAGGAGTCTTAGACTGCTATATGCGGGTCGCTGGGCTAACTTAACCTTAAAGTTACTATCCTTGCACGCTTGGAGGCCGGTAGGCCAGAGGGAGAACTAACGCAAATAATTAGTTATAAGAAGCCTTACCTTAAGACTATCCTTGCCTGTGCTAGTAAAGGTATAAGATCCCACACGTGTTCGTCGAATCCATGGACCGTCATTGCTGTCCTGTATATGTCTGAGGTGTTGACAAAAAAACAGTCGTCTCGCATGGTACCTTTAAACATCAAGAAATTGTGAGCATTATGGGAAGGATACGGTAACCTTAGGCCATGTTACGCTTCTACAGCACAACCAGCCGGGCGGTAAGGGGTTCAGCGTCCAGTATGCCCGGATGCCACTGGGTAAACCATTCGTACATGATCGTAAATGCTTTGGTATTAGACGAAGATCGTCCCCGATGCACGTAGGTAACTTCCTCTCCGGAATGCCTAGACGCATTATGCATGTAAGAGAATCATTTGTCCGCGTGAGGTGCAATATAATACGATTGGTACGTAAGTTATCAAGAGCTACTTGTTCGAGCTGCCGCGTGCTGATGGCCCGTTTTATCGAGCGTCTTCGCGCAGTCTTTAACGTGGACCTGCCCTAGTGCTACCAGACAAGCAAACCATTAGCTTCCGCAGAGGTAACTCAATACGGTTGGGGGATTAGCCAGCCCGTGATGGCTATGCCGCTGACCCCCGTGGGCTACAGCGTCGTGCGCTCCCCAAAAATCCAGTAAGTCGAGAGTCTGACTGTATGTGTGGAAACATCTGCCCGTTTAGCCCCAGGACCCGAGCTTGGCGATGTGGGATGTTGACGTTACAAGGCTCGTAGGCCGGCCCGACCAAACCGCAAAGTCGTGACTGGCCGCAAAGCTGAATCAAGTAGCCGGGCGAAGAGCGTCCGTATTGGGGGCTCGGCTAAAAATGCCGCGGTTACAGATACCGAAGTTCGTTTTATCTGTGTTGCCAGATATTCAATTTAACCTTATTTCTAACTGATATCGCACGCTACCGGCGCTATTGCACGGGCAGTTCCTTGAAACCGCGAACG,1321,49.36,Saccharomyces cerevisiae
SEQ_453177,TTGGCTGGGGTGGTGCGAACTCATGTAGGGATACACGTTACTGTAAGAGGCGTGGAATTATCTCAACACATACGCTGGGACTTTCAAGCAAAGTTCTGGTGTAAGGTTGGGACTGGCGAGATTCTACCTGGCTTCGGTTGGCAATCATCCACTTAATGGCGTCTGGAACCTGTTTTGTTTCATGTGAACCGCGAGAATGGTTTTAGCGCTCCCCGTACTTATAACCGTGCAACGCGGTATGCCGCGCCACAGACTATCATTGAAATCTAGGTCAACGTCCAGCGACATAGAGGGTCGATACAAAGGGTCGTAGTCCATGGACTTACGAACTGGAGCATCCGATCTCCTCAGTCCAAGACAGCTGGTCACTCTTCGGTAATGTCGATTACTACATTTCTATTTCTCACTGATTACCTTGGTATTCTCATCGAATTCCCAAACCCACTGAGAAGCCGCAAACGATAAGGCTATAGACTGGGTTTCGATACCGGCGGCGTAGACGTCGTCTCGTATGCGATGATCACATCGATAGACATAATTAGCCTAGATTTGAGAGGAGTCCTACACTGGATGGGCATAACCCCATGCACTCCGGGGGGGTTAAACATCCTATTAGCTCAAGTTAGCTAAGAAAGCGTTATGTTTCTTGGTTTCGAACTTCTATAAACAAAATAATATGGCCACATCCCGCTCCGGGTGGCATTTTTCAACACTAGGAGAGTACGGCTAAGTGATCTTTTGGTGCCACCCATGTGGATAAGGATCATAGTTATCAACCGATCTCGTTAAGGAGCGTCCCGAGTACAGGACTTAATGCCCGTGCATCTCACCCCAACCTCAAGTTGCAATTTCACGTTACATAGTCAAAGGGCGCTCGCGTCTTTTACGTAGCGTCTTAAAAACGGTTCTGTGACATTCATGTATGTGCTCCCGAAGTAGGTGAATGGGCGATGAACACTGGGATCTGCGGAGCTGCGTTTAGAGGTTAGACGGGACCTGGAGCAGTGACAATCGGGGCAATAGAGCGTCGGATATAAAAATCTACTGGGAGGCCTAGTTGTTTGTTATTCGGGTTGCCGGCCTCGGGAGATCCATGGTAAATTGCAATCATTGTTGTCGTGCCAACAAGGTAGGCCAGCCTAGAGCCGTTAGTATCCAGGCCCATTTTTCTACTTGCTTAGGGGTATCGTTATTAATCATAGGTA,1205,47.88,Saccharomyces cerevisiae
SEQ_758247,GTTGGCGATGTTAATCTGTGAGCAGTCACTTTGAAAATCTGTGACTCGGGTTCTAATTTGCTCGAACGGAGATAGGTCACATTGCCAGAGGCCGCAAATATCGTAATCCTAAAGAACTTCCGCACGCAAGGCCCATGCGTACGTGAAACCACTGACGGGATATTACTAGAGCGCTGGAGCATCAGACCACCTTCGGCAAACGGCAAAACCGCAGTGTGCCGGCAGGTTATCCTGAATTATATTCTAGAGATCCGGATCAGAAGCAAGCGGTCGCACGAGCCACTAAATGCTATCTTCCCGGTTCAATCGTGGGCAGAAATTAGTCGTAACAATATGGACGACCAAATATCCGGAGGATGTCTCTTCGGTGATTTTTCAGTGAAGGGGGTCTGGTGCCAAAAAGACAGTTTCTCCGAAGTTTCACACCTCATCTCTTGAACCGTCGTAGGTCCGAGGTTAGTGCGCGTCCCCCTCCTCCCAAGGTAAAACCACACACCAGCGTAGAATGTACTTCCCAAGACTCAAACACCAGATCGTCGGTTGATATATGGTGATTTGAAGGGCCACAGCCAGTTCCGGACGCTAACATGCAAGCGCGACTCGACTAGAACTCATGGCGTAGTCAATGAAGCCAGGCACCCCTTATACCCAGGCAGACGTCTTATCGGGCGTCTGGTAAACAGTCTGTCGAAACCCGATTCCGCAAAGCGACACCGGTAGGACGGGCGCAGCTGTCCCGATTAGCTGTCTCTTCGTTTCACGCCAGTCTCTAAAGGTGGTAATTAGCTACTATACATAATGGCTCAGGTTTTGCGCATATCTTGACCCGCGACCTTAAACAGGTAATTTCGCTGAAGATGATTGGATATGAGTGAGCTTTCAATACCTGTCCAGTCGTAACTATTCGGTCGGCCTGCTAGACCGGGTCCATACCGGAGGGTGCATCGTTAACCGAGTACGACTCCTCAACCAGTTGTGGACCCAAAAGTATAAAACTTTTCACTTAGTCGCGAACCTTAGGACGGCATTAACACTCACTCAGGACATGTTTTATCATGGTGGATCATTTTCGTCCAGTGAAGGAGGCGGCTACTGCTATACCATCTGCTCGAAGTCGACTGGGTACATTGAAAGTCCGCTGGGGGCAGGGAATCAAAAGTTCAGAGATGCGTCGGTGAGAGCGCCTTTCTGGCCACCAAAACTCTCTTCTACCGATAGTAAGCCTTGTTGAAATATACTCAATATGGGGGAGTCGAGTTGGTAAGATATCGTCGCACTTAATACGAGAAATTGTGTCACTACTTGAGAGCAGTAATTAATAATGGGTTAAATGGACACAACAACTGTGGTCTAATTATGTAGGGAGATGATTCGCGCCTGTTCAGGAATTGTCCAAGCAGGGTGTTCGGTTTGCTTACGCATCATAACTCTTAACGCCTGGTGCAGACTTTACTGCTTTCCTCGTCGGACCAGGTCGCCCGTCTGGCACCATTACGAGCTCCCCCACCCAGGCTCAGTAGAACTGCTGGTATCGCAGAACTTAATCTGTCTCAAGGTAAGTAGGACGAGCCTGGTGATGGCAGCATGAGACTGCGTAAGCTGACTTCAGCGTACAATTGTTGTGCCGTAACTTCCGGCCAACTTCAAGACGAAGATACAGACCCGCGTTACATCGCTATGAGGCTGTAGGAACATTTGCAGGGATCAACCGCAAACAAAGCGTGGCCCATTGTTACGAATCGGGATCTTCCGAAAACAGGGCTTGGCTCTGACCAACGTCTGGTCTCTTAATGTTACGTACGTCCCGCTTTATCCGACCCAATAACGAGTAGGGCGCTCTCTAAGGCTGTGTGACGTCTTTGTAAAGCTGAGGGTAAGCAGCGGAGAGTGGACAAGATCTGGCAGGG,1907,49.66,Arabidopsis thaliana
SEQ_686904,TTACTCAATACGATTCTAGTGGCCTCGTACATGCGGACTCACCCCTGCTAGTGAATTCACGATTTAGTCAATCGGCCAGCGCGACGATACGGCTGTATGAACAGACTGCGGGATAAAGCCGTGCTCATACGTCGAAAGGCACATATGTGATTGTAGGCATTTAAATGGCGTGGCCAGCCGACACGCTCATGTAACATACGCAGCGCACGGGGCCATTTGCTATTCCTGATCTTGTAAGCTTAAAGAGTGAAATTGGTCAGAATGTCAACATAAGGTATCTTTTGTTAATCTGAGAAAAGGGTAGCACTACTTTACCAGGTCTGTTAGTATCCGTTGCCGAGCGTACAATACGACTTTGTGGGGTGACGCGATCGTCGACGGTAAGCGTGGGATAACGCTACACTGACGTATCCTGAGACTGGCTTAAAGATTGCTGCCCGAGGGCTTAAGCGAAAATACTGCTGAATGTTTATTGGGTGTGAGCTACACGTCTTCCCAACTGCACCCATCATCCATGATGCTAGGAGCGATATTTAAATTTAGGTCTTATCCGAGGCTACGCTTCCAATCTGGCGCGTCGGAAAGGCCTCTTAACCCCGCTATGGCGGTGGGCGGCCAAACAGTTATCAACGTAAAGCACACCTTAAATCGCCTTGGTAATTTCCCGTTACACCCATCGACTATCCATCGCAAAACACGCTTCGCCCGCAACGTGAAGGGCTTTGCCGATAATGCCGTGAGCCTGTCTGTACAACTGGGCGGTGCCACCGGGGCGAAGTCCATTCGTCTAGTGTCCTCGGCAACAGGTAGAAGACTCCTGACCGCTGCACGGATGTCGTCCCTTGTTTCGTAACCAGTGTAATAAGCTGCTGGAGTTGCAGGTGATTCAAATAGCGTGCGCCTGAAGTACTGGTCATTTTAGGAGGTGAAACTCCGCAACGTAGTAGCTACGGGCGTGATTGATCCCTCGAGTTAGTAGAGGTCCCTCCAACAGAGGTAATTATACGTTCATAACCCAGAATTCCGCTACGCTGATCGAACTTGTACTCATATTGCGAACAACTTGTGGCCTGGTACTGACCTATGTGGTAGCTCCACTCACCCTTAATGACTCCTGTCAATCTGTTCGCGAGCCACCGTTCGTACATGAGTCGTTACTTCATCTGCGCCTTACAAAATCCTCGTCCATGTAGCATCGTCCACCTATTAGTGGGCTTATTCATTCGGATGAATTCGCCCAAAAAGGGAGGTCGACGTTAAATCTATCTTCGGTCGCAGATGATAACGTTGACACTATGCGATGAATAGACGCTTTGCTGAACATAACATAGTTATCTCAGCCAGAAACGCGCAGGCAATATCTGGCCGTCAGAAAAGGTCGTTGCCCTTTCAACCCAGTTCCTGAGAGGACCCACATGCCTTAGCCCACAGCCTTTCTTGGGCTTGACTATAGACGCAAGGAACTGATGGGCGGATTAGATAGCAGGCCGGAGTGTGGCGACACTATGGTCGCGTGAAAAGACCTCCATCTGGCGAAGTATTGGCAGGTTTCTCATAGTGTTTATTAATGACGGGCAACTATGTTTCACCTCACATAGTGAGAATCGCGACGATAATTGTATCAATCAACAGGGTGAGCGTCTATCGCAACGTGGTAACTCTACAACGCCGTGTTCTCCAGCATGTATTGTGATCTAAGGCACCCCGCTAGAATAGGTCTCCCCCGAGCGACTGAGGAGCTTCTTTGTAATAGGTCCCGAAGAGGCCAAGGACATCATCAACCATGATCTCTGTGTAAGGTCCCTACAATACCAAGACATTAGTCGCTACGTCGGGCCTGCTTCAAACCTCCCGTTCAGGGAGCGAACGTTGGGGAGTGTGCTTTCACAAGCTCGAGGCCGCTGCCAATAACGGCAGCCATACGTTGTGGCCTGAGTCGATATGGGCAC,1949,49.87,Drosophila melanogaster
SEQ_104730,TTCGCTACGCTCCATGCTCGCACCCATATCCGGAGATAGCAACCCGCCGGGTGGAGAGTCGATTACATCCTGCTGCACCAAGGAGATATACTGTAGCTGATATAGGCTTCAATAGACCCATGGCTGAAGACTTTTTGTATTCTGAAGCGCACACATCGCCGCCCTCCACCGGCCAGTCCCGCTCTTACGCGTTTGGGCCTGCGTAGTGGCTTTGCCGGCAATCAAGTGGACCGTTAATCGGCGGATACACCAAAATTTACGTGAATATAAGTTTGCCTTCCACTCGGGACGATCCGCATGCCGGAATGTACATGAGCTTTTTAAAGACGTAGGCGAATATGTGGCGTCCAAGCACCAGTGACGAGGTCTACAGCAGTAACCCGGTCTTGATTTTGTATCGAAGTTGTGATAAGTCGGAGGGATCTACGATTCTATCTCGGAGGAAGTGCTTGCTAGTTTACGATACCGTTCGGGTCGCAAGAATGGGAATTCGTACACATGCTGTATTACCAGGTCTCCGTACACAACGCTTGAGCATGTTTTAGTCTCCCGAGTACAGCCTCTCCTTTAGTAATAAGGTAACGTACCGCAAATGAGAATCTTGCAAGGCAATGCATGCTTCTTACTAAAAGACTACATCGTAGAGCCGAGTCGTTTGTGCTTTCTATGAGCGGCGCTCTTGCGGCTCCGTTCACAGTTCATCGGGGTGATCATAGGTAGTCCTTTCCGGTTCGCCCATATCCGTACTACTGGAGGGTCGACGGAGTTTATAAAATATCTTGTGCAGTACGGAACATCAAGGTGCTTAGAAGCGGGATAACTCAGTAGGCGTGGCCTTAAAACCAGGGCAGGTAATGACTTCCGGCGGGCTTACAAAAGCTAAGAGGCGCTATTGGTGAATTTAAGACCATCAAAAACAACCAGGGTAGATCCTATCCGACAGCAATTCTCAGTTCACTTGCGTCCCTGACTGGCGCATGGCCCAGATTTAGATTAATTCGATATGGGAAGCATACGTTAGGAGATGCTATCTCCGTTCTGATAAATTCCAGCGAAGACTGTCATTATCACT,1072,48.79,Escherichia coli
SEQ_458746,AGGCCCTAGGGGTTCGGGTACCTATCCATAAAGCGTCACCCTATGACGCTCGGGTCTGAAAGGTTCGACTCCTTAAGCCTAGATGTGCGGATGTGTCTCCCGACTGACAGAGGGGTCTACGTGGGAACTATAACGCTGGCCGGTGCTAAGGGTGTAAACTTTCAAAACCTCCAAAACCGTGAGTGCCTGGTTGATGTAATCCAGTACGCATCGGCGGGCTCCCATCTGTCCCGTACATCAGCGCAGACTAATTCCTGTTTGATAATATATGCTAGAACAGGTCAGTAATCAGCTAAATCGCCTACAGGAGAGACAAAGTGCATGATGCGCGGCCTTGGTGGGACCCTACTTACGGTGTAGATAACTATGGATATGGGACCTAGTAGCAGAGATGGAGGTGGTGGTCACACGTGGCTGCTACACGTGTAATACTCGCAACTAAGACGTGCCAGGAGACTGATAGTATACGGTCCGCTGAAGGCACAAATATAAAATTCCCGTTGCACTCACGCCCCTGATCAGGTTGCCTACCAGCCGTGCGGTAACTCCAGGAGCAAGTCCATAAGACGTCAGGAACGAGCCTAGGGATCGTCAGGATATGCCAACTCAGGAAGGCGTGGTGCGCACTTTACTCTCTGGCAGGCAATCCCTGTTGGACTACTACCTATGCCAAGATGGAGTTGGACACTCTTGCCTCCCGGTTCCCGGCTAGCAACCTGCCGGGACGACCGACTGCCTGATT,742,52.96,Arabidopsis thaliana
SEQ_993932,AAAGCGACGCCCTATACCGCGAGGTTATGCCGAACATGCGAGAGTGAGGCGAGAAC,56,57.14,Caenorhabditis elegans
SEQ_868869,AGTGTCACGGCCGCAGAGATAGGAAAACCACAACCGAGGCAATCCACAAGCCGCCTTTAGGGTAATGGGGTAGTCAGTGTATTTCAATGTTGATATGTGTGGGGGTGGCAACGGATCGGACATCAATGAAGTGCACTAACGCAGAAGATGAGTGAGTTGCATGGTGAAGCTCGATTGGTACGGGAATTCAGGTAATCGATATCGCGTAAGGACACTGTGGGATAAGCCTAACTCTCAGTCCCATATGAAGAGCTCCAAATCACCTATCTGTAATATCTTTTAGTACGGACACCCCGTTGCCGCAGACGGGGCTGGTAGTTCTGCACTATCGTGTACGGCCTCCATAAGTCGTAGGCCGCGGAGGGCTTTTGAGGCCTCAGATT,383,50.39,Drosophila melanogaster
SEQ_752490,GTTACCCACCCCCGTATACCCTCGTCGAGTCTGCATGGGTCGCACGGTCTGTACTTGCCGATACAGTGGCTCGATCATCTAATATTGGACTGAACCTAGCCGGACGACGGGGAAGGGTAGACGGCCGCAAGGTACCCCACCACCATATCTCATTGCTTGAAATCCATGCGAACAAGAGCTAGTTACAAATTCTGAAGGTTAACGTCTCGTGGAGTATTCTTGACGCTGCCTAGCACGTAGCGCGAGTAAACAATACTTACCCTTGTCGAGCCCAGACCCCCGTGACACGGATAAGACACGGGTGGTCTGCTTTCGAAAGTT,321,52.65,Homo sapiens
SEQ_631194,ACGTGCTTCCAGGTTAATCGTGAACAGTTTCTTCATATTGTAAGGTGGAAGACGCCTAAAGCCTTGGCCTAAAGTTACTCGATTAAAAGTGAAAGCCCAACTTCGTTAGGGGCCGTCTAGTTTCGGCTACACCGCCGTCTGAGTATCTTAGGTACGGCAGATCCATGCCCGCGCTGTTGGCTTGGCTTCTCCGTCTACTTCCTTATAGTAGCCTTATTCTTTGTCGGTTGTCATTAAAGCCGTCGACCTGTCCTTGGTCTCCCGTGCGTTATGTCAGGTGTTGGGGTTTCGCAAGGTTGCTGAGGGTCTCGAAAGTCACTATCATGCTCAGCACCGGGGCCGGTAAGCTTATGTGCAGTGGGTGCGGTTGGGTGAGTTTCAGTCTCGCGTTTCCGTCTTCCGCAGCGGGTGCATAGAGAGTGCGTGAATGACGGACGTCCTATATGCCATTATGAAGTGTTTATATCCTCAATAGTCGTCAAAGTTCACACAACTCTCCACAGTAAACGGAAAATTTATTCTAGGGCTCTTCTCATCCATATAAAGGCTGAGTAACTTTCGAATCTTTGGCCAGGTCAACTACGGTTGTTGAACCCCATAAAATGAGACTATGGTCGTCTGGATGAGCTAAGAAACTCATTTGTGTATCGAGGCCACCATAAAGCCTAGCCGAGGGCCTCGGTCGACATCGCTACCTGACGTGTCTGGACCCAGGACGGCCCTAGTAGAATAATAATGCGGACGCGGAGCAATATCTCTTCCTAGATATGTAATTGGTCCGTATCCAATACGTTTATCCCGAAACTAGTAATTGTGCGCGTGGTGGACTCATTCCCAGACGTAGTGGCGCAGCCTGCCATTACGGCAATGTACTTATCCGACCAGCCTAAAAATGACCTAACATATTGTAGTCCGTGATGGGTGCCTTAACGTTTGATGGACCTAAAAACTGATCTAGGGACAATGAAGCTCTTCGTCCGTGGCTCTACGGTGCGGAACAGTGTTGTACTGTGGAGTGACAACCAGGCATTACGAACACCAGCCGTACAACATGTATGCGGAGTAGAATGGTCGACGTAGATCGTTCACAAACCTATCCTGTGAGCTACACCGACGAGCTCTATGTATTTAAGTGATAGTTAAGTTTTTTTTGCACCGAGCTCAAGGCTGATCGATTGAAAGGTATCTAGAGAGCTCTTAGACATGAGGCCTGTAGTGATATAGACGATGACGCTTGGTCATCTGGTCCATTACGTGAATAGTCTCACTGAGGTGCAGCAGGGCTTTCGGCGGTGGCATAGCACAAGACCATTATGAAGTGGTATTTATAGCACACGCCGGGTGTTGTCGGGGGGCCCGTCGATAAGTGCCTATACCGTGGGTTAGAGGGACATTGGGCTTGCCTCGCAGTGGTATTTTGAGCGTATTTACGCCGGAGGCCCGAGGGCTTTATAAGATCTGAGAATGAATGTCCAAATGCCCGAAATCGCTGTGTCGAAGATAGGCTTCATGTCCCAAACGTTGTACAGACTATGTCTATACAAGCACCACCGTGCATTTTTGCGCTGCCAGCAGTTTGACGCAAAGATAAGTGTCCAAACCCAAAAATAGACTCCCCCGATCCTACAACATACATTCTGTCAACGGTCCTAGCGACGC,1659,48.7,Mus musculus
SEQ_246354,CTATTACTACTACAATGATGGCATGATATGAAGAACAGCATTTAGTTTTAGCCGGGTCCATCTGACTCGAGCGGTGTGTATCAACACGATAGTGGAAATGCTGCCCTCCTACCTTGAATGCATACAGCAGCCGTTCATACCTGGTGGACGGCCTACGTGACAATATTCGGCCAATATGCCTGAGTCCTCCCCTTCCTTTGACTTTGTGAGCCTAGCTCGTGAGTGCGAGGTTCACGAGGTTGGAGTTGTGACCCACAGAGAAAGCCTCATCTTTTCCTCGGCTTGACCGTTAGACGCATTGTAAGGTTTAACGTCATTACCGAGCGATAGGTACTATACAGCAAAAGCGGCGCACTCCTCGGGTATCCCAATGCCCACGGAATATTCTCATGGATTGGTCAGTACTGTAGCCCGAGGTTACAGTTGGCCCGTGCCCACTGATTTATGTATTATTATGATCAAACTCATCTACTTGCGTCAATTAGTTCCTCAATGTATCCAGTGGGCACCTATCCATTTGTGTTTATCTCCGCGAAGAGCCGTCGGCTAAAAAAAACCCGAACTTTAATTAATGAGTGGGGTGACTCTGCGGCCTGGGCGCCAATTCACAAGCGTCGTGCTCAGACATTATCTGGTCTTTATTGACGTCGTTCAACTCAACGCCAACAAACTCCATCCCGTTCCGCATGCTGTGACGCTTACCTCCTCGATTAATTCATAATGCTACGACTCTGTGTACGAGTCATTCGCACCGGCGGCAACACATATTTTAGACATCGTGAGGCTCCGCCCTCAGTCGTCCGCGCTAACATCGCACTGCGCTGCTCTCGCGGTAAGTCCGCCTTCTGCGCTTCGTGGGGTAGCGAGTCCGAGTGATGACCCGCAGGGACTCTAACCTAATTATGGTCGATAACAGTTTGATTCCTTCTTAGTTTGCTCTACTCTAGCTTCTATACCTGTAATCAACTAATTGGGAAGCGAAACAAGGCCAATAAGCTGCAGTTTCCCGTGGTGGGGGAGAATACTAGTAGCCGTGAGCTCAGCCGACGGAGTTCTGTTTGTGGCTCAATCTACATAGCATAAGCAAGGCCTCTACGATCGCTAATAGCCCGTGGAGCTATGAGATTAGTTCAAGAATTTGTCAAAGTCCCTGATGGATTAGTAATCCTAGTCGCGAAAGGGTGGTTCGCCTGGGTTATGATCTTAGACTAGAGGTGGCCAAGCCTAATGCCCTTATATATTGAGGGTGAAGTTGGGCGCGCGAGTACCGTTTGTAACGTGAATTGGACCATTGTTCATTCTAAGATATCCCGCCATCTGACGCACTTCGTACGCTCGTAGGTTTAGGTGAAAGTGGCCAATTACCCAAACTCTTGTGACTCTCTTTCAGTGATATGATTCCACTGCTGATTTTTCATTGCTTTCCGCTGCACAGGACGGCTGGGTCACCATAATGCTCCCGCCTCGTTAATGGAAAAAAGTCGGGGCCACTTAGCAGCTAGCATTGCCAGCAGTTCATGCAATCCACGCCTCAATGCTGTGGCGCGCGCGAAGTATTCGCTCTCGACAGATTTTTCTCCCACCCGCCTCATATATGAGAAAAGATACTCGCCTTATGGGCGTAATTCGAATTACGGACTTTACCGTATTGAGTAGTGCAGCGTGCGAAGGAGGTCACAGGCACTCGGTACACCTGGACATACCGCGTAATCAGAGTCATATTTCCCCACGGGACCTATGACGCGCCTTGAGATTGCGAGTATCACTGCGCCGACAACTGCGGTCCATTCATATATCTTCCGATCCCTCGTGCAAAAACTGGCTAGTCGAGAGTAAGAAGGATGTATTCTCCCTGAATACCA,1862,49.14,Mus musculus
SEQ_965227,CTGTTAGTCCCGAGACTGCTCGCTGACGCTGTAAATCCGCACGTGGGCGTCAAACCTGCAACAAAAATGTCAACAACGTGTGCGAGCAAGTGAATGTCCATTAACGCAATCTTTATTGCTAACGGACGAAATTTATCCACTCCGTCGTTGTGGGCTCTGAATAGGAAGCATTCAAGTTTTAACCCTCGAATACCCATTCCGTTAATGCAGCCAGTGCCCCCATAGATGGATCCGCCGGAATACGCATACACGTTGTGAATAACACCTCCCTACAAGGTTTCTCGAGTGACAGCCCCAGAGAATATTCATATTCGAGGAAAGAGGCTCGACAGGGCATGGGAGACTTACTTATGACTGAGCTCCCATCACTCAGGCACCATGGGGCGGTACCTTCTTCTTATCGAAACATAGCGATGAAAGATGCGTATGACGGTTTTCGTCTGCCCGGCCTGCTTGTCGCTTAAGCTCGTCACAAGAGAAAGAAATTAGAAGTAACTGGGGGACTGCTAGCCTGGATGGGTCTAGCTCCGCTTGTCATACAAGGGGTTTAATTACTCCTCCTGCGGCGCCATGTATTAGGACCGGTGACATGTCTAACCAAACTTTATTGGCGAGGTAGGGCTATTCGCAAGCCACAACTTGTGAAATGCACATTGATTCGGGAATAATCCGTTCCGATAAAACGTCTAACTATATGGAGGCCGAGTGACATACAGTTCACGCCGCCCTGCCCGTAACATTCTTACTCTCGTCTTTAGTCCTGCCTGAAACACGGAAATGAGCGTGCCTTAGGCTTTCGTCCTGGGTCAGGAAGTGTCCGTTATTATACCGCACTACGTGAAACTCCAAGTAGCCGCTCGGGTTCGGATCAGGGCGCGCCGAGGTAGGCTGAGAGCCCTAAGGGTTAGTGAGACAACAGTAAAGTGTGATTAGAACGGACCATCGGCCGTAACGCGTATTGCTCAGTCCTGCGACATATTGTAAACATATGTGAATGGGCCCGGCGCATCACGTTTCGGTGATTGAGTAACGTATTAGTTCGGTTCGATTAACTTCC,1057,49.48,Caenorhabditis elegans
SEQ_135046,CGGCGATAGCGACTACCCCGAACCCAATCCTCTGGGCCCACATAGCGAACCGCGTCAGCAGCAATCATTCTCATGTTGTTTACCGCCTATCACCTGGAGGGTTTCCCAAAGTACGTATTGGATGAAAGGTCAAGAGTACCGGATGGAATGGTTGACGTTAGCCTTAGCGAAAATTCTATCCAAGGTTATTGTCTATGTCCAGTTGCGATTACGGGAGCGACTCAGTATTAGTCGAGAGTGGATGGCAGTGCAGCCGGCACGCTACCCCAGGCATCCATTATCAGCTGTATACGCGCTGATCCTAATAACATTGTACGCGCTGACAGTTGGTAAGCTTCGAGAGTTAGAGAACAAGTCTAGGTACGGGCGCCGGAGGGGTCCGTGTCCCATACAGATATCTCCGCTTCAAACCGGGTACGGTCAATAGGCCGCGAATCGCGGCGGAGGCGGAATTTCCGGTAGCTCGTCCTGCTCACGTGCGATACTAACAGAATAGATATTCCTAGAAGTGGATTAAAATTGGGAAAATTTATGAAGAGGTAGATTGCGGCGACTCCGCCTCTGCGCCCTGGGGAACACTAACCTCTTGCTCCACGTTACGTACTTTGCCAGGGCGCAATAAAGGGCACCTTCACCCTCCGTGATCCGGCGGCACCGCCAGCTTTAGTTTTTTTAGGATACCGAGGATGAGAGAATTCCTCGTGAGTCGAGCACAACGCAATGTCTACTAGCTTATCGAGTCGACGACAGGTTAGCAGACATCTCCTGGAAAGGTTGTAACCCAGGATTGACAACCGATACTTGCTCGGCATCCACAAACAGGCCTCTGAGACTGGGTCCACGGCAAACGTTAATTGAACGTGCCACGACAAAGTGCAGGTACTCTTCTAAGACTACTAGCTACCTGACCTAAGTGCACAGTACGACAGCTCACTTCTGACAATGGTTTGAGTCCATTGGGTTGCGTGCTGTATCCCACATTTGTCCAAATTTGTATGGTATTGGGGGCCAAATACGGAGTAGCTAACAGCGCACTCTGTGATTCCCCAGTGGAAGTCTCTACTTAGATTCCTCAACCGGAGGGTCGCGGACCCGTTGGCCGCTTCCACAATATCGACTTCCGCCACCAACAATGATGGCGTTTGGAGCGCAACGAGCTCTGTAGATTGGTTCCTTTCCGGAGAGTCTGCAAAATCTGCCATCGAGCGTGCACAGAGCTCAGATAGTTATGCTATCCATGTCTTGGGGCATGAATAATGACTGAGTTCTGAGGCCTATGTTCATGCTCCTAGCGGGGAAACCAAACCTTTGTACGCACCCATCGGTCACGTCCATCGGATTGCTGATCTCATTATGTCTCTCGCAACACTACATCATAGCCACTTTGGATAGTAAACTATCGTAACTATGGTTGAGCAGACCTGCGTCTGATTGTTACTATCAATCTGAA,1450,50.41,Saccharomyces cerevisiae
SEQ_718321,TGGGCTAAGAAACCTGCCTATCCACGCTTTGAACGCGTTCCACAGGATCTGCTATTTCTCATATGTACAGCAAATTCGTCTGTGAGCCAGTGATGCCTGGCATCGGCGAAACTCGAGCAAGGTCCAAATTTGACCGACCGCAATACGGCTTTCTACAGTCCCCGCGCCTTAAACTTTCCCTTACGACTGTTGCTATCATGTTCCAGTTACGAGTGT,216,49.54,Saccharomyces cerevisiae
SEQ_620787,ACCGTTGGTCAGATCCTAGACTCCTCCTCCTTTCCTAATATGGGACACAATAATCAACCAAGCGCTATTCTGACCCCTGCAACTCCCTTTTCGTTCCCCGTTGAAAGGCGACACGCTCCCACAAACAGTCCAAACAACTGTGCATCAGGGACGACTACGGTTCGTCTCTACGTCGGTCGTATTGTACCGCCAACTGAATTTACGGAACTTAGCGCTTGGGAGTGCCCCGCCGTCGAAGACCACTGGGCCTAAACCCAATCTCACCTGCTCCTTTATAGATCGCGTAGGATGTACCGCCGACGGCAGAGTAGCTTAGTGGATACACGTTATGAACCATATTCGGTGCGCACTATCTCATCGTACTTCCAATTAATTGCAAACAAAAAATCGGTGATAGTGACTTAGTCGATGCCTAACAATCATGAGTCGTCATACATGGTAACTTAACGAAACTCGCATTGGAGGTGGGGCCGAAAACGGCGAACTGGCTCCGCATTCCGGGCGGAGTAGGCACGAAATCCCAGCGACCCGTCCTTCTTAGGGCACAACAGCTAACAAGGATACTGTCATACAGCCGCCCTATCGTTCCTTTCAACCGTGAGCTTTCGTCACCTGAGTGAACAGCTCTGAAATACCCGGAATAGACGCTTAGCTTTAAGGTCGCGGTTGAGGAGAACCATTTCGTGACCTGGAGAGAAAGACGCGGCTACTCGCCAAGAACCATACTAGAAAGCTATTAATCCTCGTGACAAATTCGTTAGGAGGGTTTATTCGTGCTAAGG,782,50.0,Caenorhabditis elegans
SEQ_944705,TCAATATTTCACCGTCCCGCGCATCGTTAAAGGTACTTCTTCTTCTAAGCCAGTCCGCGCATGAGTGCTATTCCACACGGCTAGCACTTGGTGAAAATGACAGCCGCACGTGAATGTTGTTAAGGTCACGCCTAATCGGCAGCGCGCTCTTGGAAATCTAATCCACGGGACAGCGATCGCTTCAAGTTAGGTGAGTCGCAACGAAGTACGGTTCACCGGCGAAGGCTAACTTAAGAAGGAGAGGTACTTGAAATCAAGCGACTCCCAATATCCTAGATGTCCGAGTCACAAATGCCCACCTAATATACTATCGGAGGCGAGGCGCGTATGCCTTTACATCTGGCATAGACGGAAAGCGCTGTCTAGTTTACGAGCAATAACGCAAACCCCCAACTGACCTAACTCCCCGACTGTTACCGAGGAATAGTGGTGGATACTCCATGATTATATACATTATTACATTGGA,466,48.5,Mus musculus
SEQ_637094,TCATCGAGTAACAACGCTTGTAGTACATTGGGCAGTAATAGACACGTATTCTACTGCGATTTGGACACCAATCCGCCTTAACGAGTAGTTGTTGACCGGATTGGCTACTGACTGCCGGCTGAGTTGACCTCAAATGGTTCGGACATACTCAGTAGCGCCTTATCGTAATGTGGCGGAGTCTCCTTCATGCCATAAGTACGCTGTCTTTATCGTCGACGCCAATTCAGACCGGGAAAAGCCCTTCTGAAATTAATATCTTTAGCTTAGTCGTGCACTCCTACGGACGCGGACTCCTTTACCTCTCATATCAATTCTTCGAGTGTCTAAACCCATGGAGCAAGAATGTATATAGCACGGGTCGTTTATAGGAGATTAGAATGCTACCTAAGATTCTTTGGCTCTATCAAAGAGGCAAGGGAGTGAGCTCAGATAGGTTGCGGTCACGTCCAAGTCACCGGTGTGCCAGATCCCGAAGTGGACCAAAGAAACGCCAAGGCCTACTTTAATTGGTTAGGAAAAGGGACGTTGAGTCTGAGTCACCCTTTTGAACTCCGTCATGAGGACGGCAGAGATGCGGACCAGCTAGTCGGGCGCAAATCGAGTAACGGACTCGATATGCTACCTAAGAATGTTGGGCACTCGCCTGCACGACAACCTACGTAACCCACTGCGGTGTAGGATATCTATAGGTGGGATACACTGATAAGTTCCCCGGGTGGACTATGACTGGAATAGCAACGAGCATAAATTTCTGTAGGACCTTTTTATTATTCTCAGTGCTCTCGTTAAAGCTCCTTCTGCTAGGTGTCCTTAAGGCAACTACTTTCCGGGACCGGCGTTGGACGTTCGAACGACTGAGGTTGGCCTCGTACGCGCACGTGTGCAAACCACGTTCATGCCCCGGAAAGCGTTGCCGCCCGGTGTCGGCCACGCTCTCCGGCCCACACTTGAGTCGCCATTAATCGAGTATTGCACAATTGTATTCAAATAGGGCGGGAATAAGGACTGCCGGTCGGTCACAACGCCCACAGAGGGCCACTTGGTCTATAAGCTTTTCCTACGGGACATCACTCCGATACCTTCGCCGGCCCCGGAACTATCTAGTTACTTTTGCGGACGGGCGTAGCTGATGACACGTTCAGCCCGCGGCGAGGGGAGGTATCACATGAGTTGTTCAAGCCACCGCCCGTCGGAGCTGGTCAGAAAGTGAGCTTTTCTGGATTAATTCGTACGAAGCAGCTCAGGCGTGAAGCCTTCCTCGGTCGGAGCGCTTTGGCGAACCTCCTGTGAACCGCGGCCATCCCCCTCAAGAGTCCACCCGTAAGGTTGCCAATTGACAGTAAAACATCGCGTCCGGCTAATCCTTTGGTTTATGTCTGCGGTGTATCTTCATTTGCAGCGTCCACTAATGATCATACTTATAAGGTTTATCTCGTTACTTAGAACCACTTTATCGTAACTAGTGAGACGTTGCAGTCGACATAGGCCGGAAACGTCCACATGCCTGAATGTCAGCTGCGCTCGTAGCTCCTCCACCGTAGGGGGCCCTATGGTTCGCTGTCTCGGGACCGGAAGGATGCTAACACGTACGGCACTGTCGAACAACTAACAGTGCC,1616,51.3,Arabidopsis thaliana
SEQ_410438,TGGGGTCCGCAAAACATCATTGAGCTCTCGCTACACCGTGGATCTCATTTAAGAAAAGTTAGGTGAAGAGCCGCCATATGGTAGCGGACGGTCGAGCCAGGATTAAGCTAAATGTTCTTCTTTTATTACCGCGTAAACGAATCGAGGATTTACCCGTTGTCCTAACAGATGGTAAGTGGAAAACCCTTAGCTGCAGGTCTCAAGAAATGGGCGAACTTTGGGTCCGGCTTTTATATCTTAATATAAGAAGGAGGCGCGGGAGACGAATGACCGCCTTCGTGCCCTGATGGTTCAGCTGCAGTTCTGCTGACTTTTGGCCTCCCGCACCGATGGGGGCGGGAAGTATATGCATGCCGATAGACTAGGCCGTCATTTCGAGGAGGTCTCGATCGCACCTCCTCGCTGCTTGCGTATCAGATTCACATCACAATTTCTTGACTCGTAGATGCACGCCTCTTTTTTAGTCAGGAATCATTGAGGCCCTTGCTTCCGATTAATCTGCGGTGGCTCGTAGCGAAGGACG,523,50.1,Mus musculus
SEQ_722140,CTCGGCCTGTTGTCGCTACTTTTCGGTGGAACCAGGAGAGCTCAATTTGGTTTACATCTTGGGGAAGATGAGTACAACGCACCCGTGGAGGAAAAGACATCGCCTTCGGTCTATACACGGCGGGTGGGGGAAGACTGTTCGAATAAAGCGGGCACGGTCACCACTGAGCTTGTAAATTCACTTCACGCCGCCGCTGTGGTGGTGCTTTCCAACCTTGACCCGTAGCCACACAACATTCCTTCAACTGACCTGGTGTAACAAGACTTGCAGTGTTGCGTTGTTTAACATAGCGAAGATCCTGGCCGGTCCACCGTGACACGCTTGCTCAGAGCAAGATGTGGTTCTAGATCGCGTCTCGAGGTTAGCTTTGCTCAGTAGTGACGTGTGACACCCCTACGTAAGGCTGCGGTGAATTCCGTTTCCCTTTCCCCTCAATGTATCATGTGCTCGTAGATCACAGCTCATTGGCATCTCGACACGGCCAAGAACCTTGCGATTTCAAAAAAACGCGCGAGAGCTACCAGCGAGAAAAGGTTCGATTCCAAGTTACGGCGTCGCCGGTTACATACTCACCTATCTAGGATCCTCGTCCAAAGGTGGTATGTCCTCAATGTAAGACCTGGCATTGCTTCCACCTCCGCTTTGACTATACGCCACATAGTGAACAGGCGGGTGCAGGTGAATGCTGCTGGGCTTATCAGAGCTCTCATTACCGATCCATCCGCCGATACATAATAGTGTACTAGTCTGAATGGGTCTCGGTTATAAGATGTCTTCATGCGGCGTAACGGGACGCCTTTCAAACCAGGGACTCGAGTAATAATATACAGAGCACGTTCGAGTCCTCCAGATGATCAAATAAACAAAATGCCTATCTTGGGTGACTATCTATGAGTGATCGTCGCATTATGGTCTTGTACTACGAGCGCAGTTATCTGTGCGCCTGGGATGGGCGCGTTATGGCGTGAGATTCATTCAGATATTCGATCTTTGGCCGCAAGAGCTCCAACCTCTAGAGAGCCGGGTACACCGTTTAGGTCGATGGTCTCGACGTGCAAACTGGTCCCAGGGTGTGAAAACTGTGCTACAAGCTGTTACCGTTACGGATTTTGGTTTAGTACTCCTCAGGCGCCCGACAATACCGCCAGTGCTTTGCTTTCCTTTGTGCATTAAATTATGGACCTAGTTTGTCGTCCAGATCGTCGCGCCTGTCTGTCCAGCTACAGTTAGATCGGAGGTTTCTGGGATTTCGTTCTTGTAGTGATATATCACCTAACATACCTTGGAGGCGGATGCTACAAGGTAGAACAACTGACGAGAAGTCTTATCCAGGCGATATACGCCACTGACATGCATCGTTCAGTAAGGACGGATCGCCGCGGATCATCAGTAGCTCCTGATCCCGCAACTAAACCTTGTGTGAGTGCGTCCCACAATGGGCAGTCTAGGAACTCGGCTACAAGGCATCGCATACGGGCCGGGCTCTCTTAGATACCCAAGTATTATGATATACGCCACGTATTCTGTCCATAGGTCAGCGCGTCCCTGCCCACGGGAATTTCTGCTGCGGCAGGCGGATACATGGACGCTGGTCAATGTAGTAAGGGAGCCCCAATACTTAGATCTTGGCGGCAACGGGTCAATTCGCTGCCTCAGAGGTCGTAACTGTATGGCGCAGATGACATGCTATGTAGGGAACTATCCAGCCATACTCCCAACCGATAACGTGGCATCGTCTGTACACTGTAGACGTCGATAATCGATCGCGTGAGGGGCTTGAACGTCGTCTACTTACCTCTGGGTTTATCTCGAGGTCCTCTTCGTTTGCAATGCCACGGGCTAGGGGTGCGTGCAGCATAAAGAAATTTTTACGGGGACTGCACGACCAAGAGCGAAGGCCATTTTCGAAGTGCAGCTTCCGCTAGTCTGGTTATCGTTATTCAGCCGGGGCCCCAGATAGACGTAGATAGTACGCATGAATAGTATTGTCCC,1992,50.95,Caenorhabditis elegans
SEQ_284227,CTGCACCCGGGGGGTGATCGATCATCGCGCGCCACAGGTAATTCGGGCGCAACCCGCTGCTGACTCTGGCCTGTGGTTTTTGTCCGCCGGAGTAGGTCATCGTCTTCTCGGAGCTACACGGTGAGCTCCCTATAGCTAAAATAATACAGCTATCGTCAATGAATTTGGCAGGTGTAGACGCTAGTATTGAGTCGGTAAGTCAAAGATAGACGTGGGGGGAAAGGACTATTGTAGGTGGCTAGCCAGGCTAATTCTACCAGACCAAAAGCACAGCTCCCGATAGGGGAGTGGATTGAGTTAAGAGTCGACCATACTCGATCTACACGAATGAGGCGGGACTTAACGGATATCCGCGTGTAGCTATGATTCCTTCCAACTTTTGTGACAGCGAAGCACTTGGAGTAACGCCGATTACGGAAGCAAGAGATTAGACCGATCAGTATGACTCAATGTTCGAGCATCCTGTATTCAGTCCTCGTAGTGCAGGCATCCTGGCGGCCGACTCGTGTGCGTGCGCGGGGACACATGAATACTCCGGTAATATAAGCTCGTTGGTAAGTGTCCCCGAGAACTTGAGTAGCTAGTAATAAAACCCGTGTAGGGGACGTATTGTCGAGATTTAGTAGAACAGATGCGGACTATTGAGTACTTAAAGCGTACGGGGCGGCGAACCAGGACCCCTAGATTCCGAGGGAGTACACAAGCACCATGGTCGCATAAACTTAACTTGTGAGGGAATACTTTACGCGCCGTTCAATTACGTGTTGTCGGTACCACGGG,780,51.03,Homo sapiens
SEQ_433655,TGGAGACTCAATTATGGGCTGAGGACGCAGGCGTCGGTAGCGTCGTACCTGTGCACTAGGCCTCCAAGCGCGCGTGTCAGAAGAAGGACAGTCAAACCACGTGTCGAATCGATTGACTGCATAAACTCAACCTGGCATGATGGGACATAGAGACTTGTTATCTTGGCGCAAAGTGGCTCGCCTGGGCCCCAAACTTATGGGACCGTCTTGTATCGCCCCGAGCAACGTCCCACAACAGTGGTAAAGCTTTCTTCTCTGTTCCCGACGATATCTCACCGTTGATATGGATAAGCGCATATTTCCATGATCGGTACCAAAGGAAAGTTTTCAAATCAGCTATCGACTCACAGCGCCTCACGGCTTTAGTAACAGTGGGATCATAGGGAAATGGTCGGCGGCCGGAGGCCTGTATCCACCCCAGCCGGGCTCATCAATACGCTTAGCGCCCCGTTACGTCGTTATTATAATGATTTCTACGACATAATGACGAAGGCGGAATCCGACTGGGGCGAGGTCGTACGTATGCTCTGTTCATGATCCTGCGCGCGTGATGATACGGGCCCGTGTGCAAGGCTCGAGATTGGTGAATGCGCGCAATGCCTTCGCATTAGTGTTCTGTGAGTTCCTCAGAGTCGGACCGGTCTTTAGTAAGGCAGCCAAGCTTTCCGTCACTGTCTTTATAGCAATATACCGTCTTTCGTGCCGCCGGCGGTATCGTCGGAAACGATCTATGATTCTTCCGTCTTTGAGCATGACCACTCACGCGTTAGAGTTACTAGCTGGTTTCTCCATGAGCCCTCAAAGCAGTTGTGCCCTGGTCGCCCAAGCATAACGGAGAGCAGGACAGGGCTAGACCTGATATACAGACGACCTGTCGACCTGAACAACTCGCTCGTCGAAATAACCCGCCACTCACCTCGAGCCCCCCTAGGGAGTAGGGTACTGGCTCCGAATCGATTAAATGAATTGGTTCCGCGGCCTGATTAGATGCTGATATACCCGGACGACTATCTCTCCGTGTAGACGCAGTGGGTCTGGCATCGGTGCCGGCAGTAACCTGGAAAAGATCAATTCCGACGGGCCTCGCTTTGATAAGGCTTCAGAAATTTGGTTTGACATTGCCCCACCATTATCTAGACTTGATGAGAGTTGTTAGTCGAAGGCCCGCGAGACTAAATTTCCTCGATTATTCCTGTAGACGCGGTCCACTCCTATGTAGGGGAGGATCAAGTCGCGATGGCGCGGAACTTTCGTTGCGTTTTCGACTAGGTTAAGAGAAACTGTGCGCCACGAATAGTTCTCCGATCCGAGATTTCCGTTACAATGCGTAATACGCCGGATGTAGCTTTCGTTTCTAACATCGTGCTGACTATAGCGTATTAGGGAACTCGCAATTAATCCCCCACTGGAGCAGGCCACGACGCATCCTCGAGTTCCTATTTGCTGCCTTGAAGCCCAGGATCGAAATACACCCGCCTGTCCCTTTGTAATTGATGTCTTGCACCTTTACTCACCGGGCGCGATACTGCCGTACGCTCTCTCCCCGCGGCCCCTCCTCAGGGGTGCTTGCGTTCTTTCCGTTTTGGGATGGT,1592,52.39,Caenorhabditis elegans
SEQ_820204,AAAGCGCGCCTAGACTTTAGAAGATACTAAGCAAGTAGGGAGACCTCGTACATCGTGCATCTGTAGACATCTAATATTAGATGGAAGCTTGAGTGTGCACCGAACGAACGCGTGCCACTAATATATCAAATGGTACGGTTGTCCGGCTTAAAGTGCCCTAGCGAATGCGTGTCTGATTTGGGTTCACAGCACCTGCTCTTATGTGGACGTCAGAATCTATCGTCTGACGGAATTATACCGTGACTGAGGCGGCCATTGTGAGGCAGGACCGTTGTGGTTATTATAACCCATACACACCTCTGCTTATTACACGCTCCTATAGGGAGATAGATCGTCTGTGTTGCTACGGCCATCTTATCCAGACACGAACCTCTTCGACGGCATTGTCTACGCTAGGTTTAACTGCAGGTCGGACTCGTACCTCCAAGTATGACTCTCGGCTCACGGGGGACCACTACTTCGTCGGCATATCGACTCTGGTAGAACCGACGGCGGGGATGTTACACACATTCGGCCTACTTCTGGCGGAGCTCGTAGAACTACTTAAGCCACGATATCTACTGCTTTCCGAGTAATTTTCGGAGATAATTGAAAGTAGTCCAATGAATCGGTCGCTTATACCCTGATCCCTTACTCATTCCAGAGGACTTGCAACGCTTATCAGGGAATATTGCATTAGCACAAACAACAGCTTAGCACAAGAGCCAGCACGAAACAACGAATCCTAATCTGATGGCGGCGTTCCATCCCCCACGTAACGACGTCGCGAATCCCTGGGGGCCCCCGAATCCGCAAGTGGTGTGCCACCCGAGTCTATGAGGTCCGGGGGCGCATCTCGCATGATATCCTCTTATCCGTTAGATTTAGCCTGTATTCTGGCTGAATGTTCCTGGCGACCTACGCACGCGCACCCCGACCAAGATCGTCCGCACTAGGAACAGATAGGTTAGCCGACATGATGCGCGCGTCTATGAAAATACCGGGTTGCCTACGTGGACAGACCCATCAGTCTATTAAAGGCCACGTCTCTTAGCAGGGGGCTATTTTCAAAACCCCATTCCCTGTTTGTCATTCGACTCGCATATGGGAACAGCCAATGCGGATCTGGCGCGCGGTCTTCCAACATCGCTCTTAATGGGACTCCCTATCGTTGGAAAGCTACCTTGCCTCTTGACGGACTTAGAAAGCCATCTTGTTCCGCTTGCCTAGCGTCTACACTTGCACGTTGCCGTTACCGCGCGTAGCCAATCGTTATA,1256,50.88,Homo sapiens
SEQ_979257,ACGATAGCTGCTATTAAGAAAGAGGCCTAATAATCCCGGGCTGCTCGGCAAACGGACCTGGGTTCCGCGCCGGGGATGAGAGCCTGACAAACTTTCCTTTGTCCCGAGAGAAGCATTAGCAATCTCTGCGCTCGTGTAGAGGGTCCTAAAGTGAAGATTCCCGGAATTTTGCTCGAGTCGAAAAACTTCTAGACCGGCATGCAATCGGGCCCTGTGGATAACCGCATCCTCGATATTCTTTAGCGATATATAGCCGGAGCAGCGAATAAAAACTGTCAACGTATGCGAGCAGTTTAAAAGCCAATCTTGGCATTACACCCTATAGGTCTAGACAGAGTCTCCCCAGCCCCAGGGCTTCGAGAGGCATTGGACCACATGGCCCAGCGCGAGCCGGACAAGCTGGCCGCTCCAGCAATTCCGCGGCCATCTTCGTTGCGATTCTGTGAAAAAAGCCATTGGCGTGGCATTGCCTGGAGGGTATGCAAGCGGGTAGAGCTACAGATAGTCGCACAAGCCTTGGCATACACATAACGCATTCGTGGTGCATTCAGCTCAGAGCAAAAAGTGAGCTTTCGGCCCTCACTCCCGACCACCTAAGAGTCTCGACCGGCTACACCGTTCCTCCGGATCAGAGTGAAGTAGCGTTAGTCATTCAAAATAACAATGGAAAGATCCACTTCTCAATTCGCCGTTGGAATATCGGGGCACATTGTGCTTGCAATTTACATAAACCCCCGACGGACCTGATCCATCATCACAGGCGTATACATAAAGGCAGCATTTCGCCGCACGTAGCAAGCGTAGTCGTAGGCTAACAGGTGAAACTCACAGTAATGACATTTCTAACGCCTCACACGACGGGGACACCACTGCCAAGTACTTGGGGGGGATGGCTTCTTGCTCGTCGGACGCTAATCTGGGAGCCCACCAGTCCTACTAGGACAAAGGGCCCCAGTGTCAGGCATATAATCCGGCAGATCTATCTCCTCAATTCCTACGCCCACATTCGAGAATGACGAACCCCGCAGACAACCCCGGGATGCAGGCCCTGACACATAAAACCGCTGGTCTGTTGCGCCCGAAGCGGCCAATGAGCTAGAGTACGAGAACGTAGCTCGTGTAATCTGCCGGACCCAATGCGCCTTGGGAAGAACAATTGTACGGGCAACGGGAACGAGAGTACTTGAAAGGTACGACACGTTTCGGA,1207,52.69,Mus musculus
SEQ_532560,GACGCTCTCGTCCGGCGTCACGCTAAGTGCTCCTGGAAGGTGCTACCACCGCGTCCGGACTCACCCCTGTCCTTGAGCGTTCCATTTCATACAGGTCCATTTCCCTTCTACGCACACGGGGTGGGATATCCAGACGACCGTTGTCCCAACTACGTTATCCTCCCGTCGCGCCTTCTTGTCGACTACGATATTACGCTGTATGAACCCCTCCGGCACCATGAGATATCAACCTAAATTTAGTCGAAACCCTAATCTTGTGCAGGTGTACCTGAAACCAAACTTTATCAAGTGTCCATAGCTCGGAGCTGAG,310,52.9,Drosophila melanogaster
SEQ_488274,ACTAACTTGGAGAAACAGTGCACTTTCTTATAATACTGCTACGCCCACCGTAGGGGCCACTCGCCGGTAAACTGAGACTATTTTTGCCGACCCAAGGGAACCTACTCTTATACTTCTAGTAAAGGCAATCAGCGGTGGTATTATCGGCCCTGGCGATTAAATGAGCATGGGTTACCTTTATTGCCTCTAGGGGCCTGCACACGTAGCCCAATTAGGAGCAGCCCCCTGATCATTCTCACAAATTTCCACCGCCTGCATAGCCATATGTAAGCTCCCTTCACATTCTGAGTAATCCAGACGAAATACGCTGACAGTATCTCTAGGCATCCGTTGCAATATCGCAAGTTGCATGTCTCGCGAGGAAATCTTTGGCGGTCCCATCCAAATCACCGGTGGTTGAAATAGTACTAGAACGAGTACCCCGCAATACTTTCTTATGTGCACGCGACATCAAATAATAGAGCGGTAACTCGTGTAGAACAG,483,47.62,Caenorhabditis elegans
SEQ_417699,ACTTCCTGGACAAGGCTCGAAACCAGGTCTACTTCGGTACACCTAACTTGGGGAGTGCTTTAGTCCTGTAATCAGTTGCGGGTCCTAACAGAAAAGCTTCCTTTAGCCCAAGACCACAAGACCCGATAGGATAAGATCGCAGGCGGCAAACGATCTGGTCCAGTACTCGACCCCGGCCCTCTTGACCATTATTTTACGAGTATATTTCGACTTGCTAGCGTACATGGGGCTCTCGACGGCTTCATTAATATTGGAGCAAACCCACCGCCTATAGTCTCAACCCTCCTGCCGGGGTTTCCCGAATGATCCCCTGGTTTCCGACGTGTATTAAGACCTAAGAACCCACAGGAGACTTCCCCAGCGCTAGATAAGCTGATGGCACCACAGCTGGGCGTATTTTTCGGGGAGACCCAGCCAGCCTGAACACGGTCTGACATGGATGTCGGGCGGTTCTCACTCGCACGGCTCGCTCACACCGTAACGTTATCCTACAGTAAACGTGTAGAGTATCAGTATTACAAGACCCAGTGCTGACACGGAAGGCCCGCGCAGCGCAGCCGGTACTGGTGCCCGCGTTTCAGGTCGCACGTCTCTACGTGTCGCGCTACCGTCTGTTGGCGTACATACACAACGGCGACCCGTTTACAGTGAAATGTGCACCCATGAGCCAGCGACATAGGCAGATCGTTCTCCGTTGGGCCCGTGCTTAACATCTTATCACCAGTCCGGATAAAGTGGCGCGGATCAACATCCTCCAATGTTCATCCGCTTACGGTACACTCGCTTTGGCACGCTGCAAGACTGGCGTGCCGGCACTGGAGGCCCTTAATCTTCACCCGAGACGGGGATGAACTAATCACGAAACGCGGCATTGTGTGTAATATGAGCAAGTATGATGATCCAGCCGTAGGTGATCTGATACTCCTCAGAGGTCTTTTGATTGACGCTTTTGTCATGTTAAACGCCAGAATTGGCGGGGCAATTTTGCAACTGCAGAGGGCGGGTAAGCACTTCGCGCGGGTTCGAGGATTTCCTTGTTAGGGAGGCAAAACTAACGACCCGACACTACTTGTAAGATTGGTCTTGGCGGACTAGATTTCAGGGTCAACGTAGCCAATCTGGCGTGCGTAATCTCTGGAGTGTGGACTAGTAGGTATGTGGCGAACTCCCCCGCAAGGGTGCGGTCTTACTTTAAGTTTCCTGGTTACGATTATAATGCTTCACTACCATGAAAAGTCCATTACCCACGGGGAGCTCGTAAAATATAGGTTGTGACATGAAAAGGTCAAACGGTTGCTTCATAGGGTCCCAGGTATGGCCTTGGAGTCCCCCCTGTGGGGTCCTCCTTAGTTCCACAGCAAACGCCTCCGTTATCGAGACCGGTATCAGATAATATCGCGTACACTTGGCAACACTGCTTAGGGCATAACCCGAGACTTAGCCCCTCTTCTTAATGCATCAAGGAACGAGTTGAAAGTATGCTTATTTCCTACCAGAAGCTCGAACTATGCATCCTGATCACCAGAGTCAAACCTCCAGAGACGCCTGTATGACGGGGGACAGGTCCTCCGAGCAGATAGCCTGTGCGTCGATATTCATCCCTCCCCAGAATAATTCATCACCGGTGCCGACTGGCCCCCAACTATACCGATGGGAAACATGTCGCGATCCTTCGTCGGCTGGTCAGAAATCTTCAAAGCGTATCGCAACAGAATCGACTATCGTCATCGGCAGACTCCCCCACCATTCTGGTTGACAGCCTCGAGAAAATGAATACTTCCTGATCACGCCGTATGATAGGCGGGTTTGCTATTGGCCTTGTGA,1824,52.03,Mus musculus
SEQ_395480,TAGACGGGTATACGCTTTACCCCGGCCGATACACATCCGCCATGAACATCAGCCAAAGTCCACTCTTTGTGCTCCAATACAAGCACTATTGCCCAAGGAACATAGTTCCTAAGGTAGTTAGCCGCCAATAACCCTCCTCGTTGGGATACAGGTTTTTTCCGATTCGGGTCCCCTGTATACGGCGCTCGTGTGTGGTAACACCGTACATATATCTTTGAGTAAGTTGGCTACGATTCAAGGATAAGTACTGAACCAACTAAGCTCGTATCTGAGCTACTCGACGCCGGATACCCGTATCTTTCGAGCCCGGGAGCAGCTTGTAGCCGTTCGTACCACAGTACAGTGTAAAAAATACACACTGCATGGATTCCCTCCTACTTGATGGGGTATTGGGTACAGGTATGCTCAGCAAAGGCCAGGGCCCTACCACTCCGACAGTTATCTAGTAGCGCATTAATATACCGCTGACTTAGACACGCGTTTGATTTCGTCAACTATTTTCCTTGTTGAAGACTTCATGGGTGTATTAAGACCATGATCACGTTTCCCTTGTACTCTACCGAAATTAGGTTAGGGTCATACGAAATTACGAGGAGGCGGTTTGGGAGGGTAAAGCACTGCATATGATTCATCGAAGAGGCCTCCACGTGAAATAAGCTGGATCATCACTTAGCTCAACCATGGACGGTGATAGATACGACTAGTGCATTCACCGCATGTGCTGGGTGCCGAAAGTTATTCGATCTCTCGCCTGCGAACCGTCAAGAAGGCCACTTATAGCCCGTATCTGTTTAGTATCCTTTAAATAGATGACGGCAGATGTAGGCTGTGAAAGACAGTGGCCGCACACTCACAGGTGATACCAGCGAAAGATCAGAAAAGTTTAGATTGAGCATATCCAGCCAGACGTAGGGTGTTGTCTGAGCCTTAATCTTACTAGGGCTACAAGATCAACCCCATACTTCCGC,968,47.62,Mus musculus
SEQ_311623,GATCGTTGAGTCACTCTAGCATTCTGATCTTGTTATAGGCAAGTTAAGGGTAAACGTGTAACCACTTATGCGTAGACCGCGGTACCTTTGTTCTCTGTCATGCTGGACCCGCAGATAAGAGTCCGGACTCGCTCCTAGCATATGCCACACCATACTCCATGAATGTCCTCCTTCCCGAACTGTTCTCTGGAAGGAAAGGGACGCCAACTAGAGGTTCACCAGGGAACAACCGCTAGCTTGCACCGTTACAAGTGGCGTGCCACGTCCCTTGCTGTGGTCGGTGGGGAGGCAGCAAAGATACATCGAAGTGAAACGAACCGGTGGACTCCATGCTGAGTTCATGATGTGATCACTGAGGCGAGCGTTGTCTACCATAAATTGTTCGTCGTCGGCTCGTCTAACGAGGTAACGAAATAATGTTTACCAACTTAGCCATTACGCATCTCGCTAGGGGGAGGGACCATCACGCGCAATTGGTTTTTGATGATACATTCCGACCGGTATCGTGATTGGCACAACGTCGCAAAGCTAGAGCAGGTATAGGCGCCTCAGCCATTTCGGATTCCGACTTCGGGGACTATATCTCGGACAAATGCTCCGCCTCTAGCAGGATCACGAACCGGGCATCATAGAATCTATCCCGCAAAGTCGCGATGATGCTGCGTCCGAACGAGAGATCCTATTCAATCTGCCCGCAACGTGTAAGCATACATAAGTCCCGAACGGAGCTTTACGTTTGCTTTAGGAGTACTAGCACGCGAGCCGACAACGTTTGCGCTCATTGTCAGGCGGAAGGAATGCCCCAACGAGCCTCTCAGAAGA,822,51.46,Mus musculus
SEQ_235440,ACGATAACGCCCTGTAATCCGAAAACCAAACTACTTGAGCCGACCACTGTGAACTCTGACGGAAAGCCAAAGGTGTGCTGCCCGGTTGTCAGAGCAGGTAAACACCGGCCTAATGACGAAAGCCCGTTTCATTCATGGTCACTTCCTGTTAGACATAGGAGAGCAGAAGCATAGGATGCTGAATCTTGTCCTGGGTGTCCGGAGTCGATTAACGAGCGTCGCTTACCCTGGATGCACAACCGAATCAACTGGCACAGGTCTCCGGAGGCTCGGTCCAACGTGTATGACGCGTCATAGCACAACCCGATGTGTATGGAACTGGGTCGT,327,52.6,Mus musculus
SEQ_978999,TCAACGATTAACTCTGTACGGCGTACTAACCAAGCAACGTCGCACGGCCTCGCTCTATTCCCTTATGTGCTGTAGCTGGAGGGCGATTTCGCTTCTGAGCTGCGACAGGTACAACATGCAGGGTCGGTACGTATAAACGATATTAGATCAAGCAAGTCCCAGGCAGAGACCTGATGTACACTGTATCGGCGCCAGCGAGGGGATCTCTGGTATGTTGGTGACGGTTATAGCCCGGCTCCACCGCCTTTACTTTCGCGAGTATCTGATTTTCTGTCTACTGATTGGGATCCGAATACCCAAATAATGGGGATGCGATCAGGGATAGTCAGGCACTCATCGCCGTATTCAATGTTAATGTAATTCGTTGAGTAGGGGTTTCTATACTATCTGGCGATGAAGGCTCCAGTGGTCCGAATAAAAAACGGGCAAGGGGTTGACTGATTACCACCCACGACCTGGGGCATGGGGGCGACGAGTTCTTTAAAGTGTCCCCGCCTAATCTATACGCCAGTAAATCAGGACGTCTACGAGGTATCTCTCTCGGGGCACGGCTCCGCCGAGATCGCGTTCTAATACGCTAATAGAGTACATGCCACAGGCTCGCCCGCCATTCCTAATATAAGTCGAAGCTGCCAAATCTAAAGATGCGCGTAACTAACTATAGTCGGTGACTGAGAATCAAACAGCTACGCTTGAGTCCGCTGTACTCTACTGAGGGCCTTCCGGCCCAGATTAGTCACAATGGTATAAGCTACGCGCTTCAGGTATACTATGTAAAAGTGTGAATTACACTTACAACCTAGGGTCCTCGACGGGGCAGAATCTCGATTATTAATGGCAGAATAACTGTGTAGCTTTTTATCAAGTCAAACAGCCGGTCGACGAACAGTGCAATCAGAGTTCCGAGTACGGCAGTTCCCACGACTAGCCCTGGGTGCTCACCCTTATCATCAGAGGAATAATCAATTGAGGTCGAAACCTGATACTGGCCCGGAGCCCGGAGTAGCCGTTGTCGGATTGAACCCGGGGACGTCTTTTACGTTCACTCGGTAGACCGACCGATAGCTAGGCTGTTGCGATCCAAATACCTCCTTTCACGCTTTCTTTGCTCACGTGTTTCGAGATTCAGTAGAAAAGGTCGACCATGCTCATCTTGTGGATCGATTCTAGTGTGACGCGCGCGCGCATACTCTGTTGATCGATTGCGGTGTGCATGTCCTTGGTGGTTTCACCCGGCATTGTCAAAATCGCCCTCTATTCTAGACCTTATCCTTATCTGACCCTCATTCAATCAGATAGGTCGGGCTCTAAACGCGAATGTGATATGCTCCCGACCTGAATAGCATAAACGCAAAGACTAGGACCTAGGGTGACACAGAAGTAATCGACGACTAAACCCGGGATGCGGGGTGCCAGTATAACCACCGGAGCACTAGGGACCATTTTTTTAGGTGGCTTGGCATTGTATTAGGTCCCCCTCGCCACGATCCCCTCGACGTCATCGGTCATCACTTTATATTACGGCTTTCATACACATGCCCTCAAAAGAGTCGCACTCAGGGCACGTCAAAAGATCAGGTTCTGTGAATATTCTGACTCGCCCTCTTATTTCATCTTCTCACCTTTACGATTCTGGATCCACGGCTGTTGTTTGGCCCTCATGAGATCCAAACATATCCGAATCCCATTCTAAAGGATTGAGATGGCACACTGTTAGTCAACAGATGGCTTTATATGTTCCGGCTGATTGAAGACAGGATAACGCCATTCCCGCGTGGAGGAGATCAATTCTTTGATCCAAGAGGGCTGACTCATTGAAGACTTGCCATTAAACTGGAGAAAACAGTTTCGTGGTACATTGAT,1863,49.06,Escherichia coli
SEQ_890339,TGGCCAAAGCCATTCGCCACGCCCTACGATGATTTCTGCGGGTGAGCGCACCGGACACGCGGGCCCTAGAGACTGAAGATGAACAATCCGCCAAGCCTATGTGCCGGTTGCTCCATAGTCTTCCCCTTCTGATTTGTAATCCCGTTAGTCATGACCCTGCACCTCCGATGGCCACTACCGTGAGACTAGAGCGTTCTACCCCGCTGGGCATACGGGGGTGTGTTAAACCATCTAGACACATGGAAAGCGAATATATGCCAGGCCTTTCTTGGACCGCCGTCCCGTAGCAACACCTATTTCTTTTACAGGATTGCTACGTGCAAGCTTCGACTGCAATCCACTAAGCAGCCGGTCGTGACGGAACCCTGGTTCGGTGGTACTCCCTTAACCATGACGTAGCCGAGTGAAGGTCCGTGTCCGGCGACACTGGGTTTCTTTGCTTATTGTACTTGAGCCCTTGGACGGGAGTGCCATGAGAAAAAATAAAGGCGACACAGCCTATCTGTCCACGAACGATGAAGATTAGAGGGTTACATCATCGCCTGACGTTGTCCAATTGAATCCTAATCACGCAGAGCTACGCTCGAGATCCGAATCGTGCTTTTTTATCGTCCTTGTTCAATAGGGCATGCAGAATCAACCCCTCACTGTAGCACCGGGTATGCAGAATATGTATGTCCGTACCCTGCTACAGAATAAGTAGAACAGAGCACTATGGCTCATGGGACTGCGGTGGAAAGCCTACTCGTATAGAACTTGAAGTTAGGACTTCTACCATATTTTGAAGAAACGTAAGTAACGAATGCCTAGAAGGTCTCATGATTATCCACTCGCGGGTCATTCCGATGGCGTCTACGCCGTGATTTTACGCACCTACTGCCCACAGCACCGAGAGAATGTCTCGGGCTCTAACGTACAAGTGTTTATCTTCTGCCTCCGACTGCTCCAATTCAAACTATTGCAGCCTATCGCGTTAAGCTGTATGCATGAACAATAAATCTGTGATCATGGGTTCGCACAGGCGCGGAACTCTTAGTGTGCACATGATTACTGATAGCTGCGATAGTATGCCCTTATCAGCGTGACTTGGCAGTACCGGCGCAGCAAGTAGCCCTTGCCCTGCCTATATGGCATTACGGGATGGGACGCATCAAGAGTACCACCACCTGTCACGAGTCCGGACGCACCACACCTAAGAAATCTCAGAAGTAATATAGCAGATGTGTTTCCAACTTCGAGATGCGAGAGTCAAGACTAGCTGTGTGGTAGTGTAGTCGTGCTGGCTGAAATGCCACTCCAGTTCGCCGTAATGGCGACGGCCGTGGTTCGGCGAGGGCTAAGGCGATCTCTAGGACACGGAAGAGTGGGGCTATCACTGAGCGAACACTAGTACCGCCTATATGTCCGGACCATTCGGAGCCGGAACCCTTCTTGTTGGGCGCGCCACGACGCGCACTTCCTACTGGTACCCGAGATTGCCCGGCTTAGGCTCCAGAAAGGTCTACTTTTATCTGGAAAATCCATTCGAAGTTAGAAATCGGGTCCGAAGTGCGAGTCGTCGGATATGCTTTCTTCACCCTCTTAGGCTCGGCCTATCGTAGGAGTTTCGGTCCAATGGTGATCTTTATAACCAAATTCTTTTACAACCCTTAAATAAGAGATCCCCGCTCAGAGATCGTCTGCATTTCCATACGGATCGTTGGTGTGAATACAAGGGCTTTTGCAACCGGCAAGCAACAGGAGTTACTGGCGCACTACCATGGGGAGATCCTTCGCTGGCCGCGCGGGCTATCTCAGTGATGCTATTTACTTACAGATGTCGCTCAAGCCGGCCCAGCAAGAGCATCCGAGATCGATATGCCAGAATGTGTGATTGCTAGAAGGGACAGGCCCGAGCGCCGAGATTGCTTCTAACAGCTGGAGTACGCACA,1931,51.42,Escherichia coli
SEQ_866215,TCGGCCAATCCGGCATCTCCTTGGTCTGCATCACTGGCGAGATAATTAGGGCAACGGCCTTGCTCGGCTTCTAATTGTAGAAAAGCCCAACTGAACGACTCGTGTATCCTCGTATACCCAAGAAAGAAATGTTAAAATACGTACCGTAGAACGATTAGGTTCCCCTTACACGCTCTAAGGCTACCGAAACTTTCGGGTATGCAAGTCCGTTGGTGACTTCTACGCGGACATAGTTTATCTGGGAAACAGATAATGACAACTCTGGCCTTTTTGGCTTGAACTTCCGTAGCGTCGTATACGTCCTCGATCGTCGACTTATAACGAGGCACAAAATTTGCCTTCCATAACAAGACACTTGATAGTACCAGGTAAGTGGAGTCACACGAACTTGGTGATTAGTTGGGAAATACCGGCATTTAGATCGAACGGAGCGAAACAGAAAGCGACGTGAACAACCGTCCTCTCGGGACATAGCACTCTGTGCCTGCAGCTCAGCCGAGCGTACGCGTTGGCCTGACAA,520,48.46,Mus musculus
SEQ_393837,CGCGAGTAACCGAGTCATATTGTCCGCGCCAGAGAACCAACGTGGAGAGTCATGCATTAATGATGAGAAATATTTTCGTCTCCAACTTGTATATCGGTCGCTCATCCCGTAAGACAGTATGATTCCATCATGTAGTACGTCCAGGGATCCAAGCAGATCGCCCAAGAGTTGAAAAAAATCCTCCGGCTGCTACTATCGGTGATGCAGCATGGCTAGGTCTGTGTAAAAAAAGCCCGCACAATACTGTAGATCTTCCGGTAAAATTGTATAATCGACATATAGGTCATCATTAAATACTAGTAAGTCCAAGAGTGAATTATTGTCAGTGAAGCTCGAGTCACACTAAGTCGGCGAATTCCAAGCGATCTCGTTGCGTCTCGTGTAAGGCATTTGGGAAACGTACACGAAGACTAATATGCAGGTATTATATTCTCAAAACTTAGAAGTATTGGTCTGGCGTACCCATTCGGCTATATACCGTCCAATCCTGACTCTTCCTTAAGCCCGGGCCAATTGTGGCGGGAAAGTGGGCCAGTGTGGGGATGATCCGCGATTAACCCCCGTCATTGCAGTGTGACTCTACAACGCCGAGAATGACACCAGCTTGAGAACTACCCCGGTAAAGTTTGCCCGCGGCGTCAATGTACTTCTAGCACGCATTACCAAACATCAACTGTTCATTGGCTGAAACACAGTCACGTCACTTGTGGCGCTATAGAAAGTCTTCAATTTAATCCTTCCAAGAGCAATAAACGTAGTTGAGAGTAAGATTAAATAAACACCGTGGAATTTGTCTCATACGGATGCCAATATTATTGTAGCACTGTGATCCCTCAAACGGCCAGGAGAGCCTCGAGACAACAAGCCCTTCAAATGCGGTAATCCAGGCGGAACTTTGCAGATGTGAACACCGGTTTGCCATGACACTTCGCGGATCCATCGAGTACCCGACTCGCCTGTGACGTACACATGAATTAGGCGTCGTAAACTGCAATCGAAATCCGTAGGTCTGCGTTTTGGACGTGCGCTACATTCGCCAAGCCTCTACTGCGATAATTGAAGCGGTGAATCACAGGGAACGATATAGCCCCAGATTATTCGTTAAGCGCCTGCATGACTGACCTTAGCCCTAAGCAATCGCTTTGCTCCCGTGAAACCTTTATCAATGCCATAAAGAAGCGCACGCGAGAGATTAATATGCAACTTAGACTAAACGAAAAGTTTCTCCACGCGTTTCCTGAGAATAAAGAATTTGTAGTCGTGGCCAGATGACTTTGATCGAATGACGGGTCCGGAGAGTCGCCTAGATTGATGTCGCAGTATTTAAATAAGCACCACTGTTCTACTAGACGGTTCTGCTAGAGTTTGTCGAGGCAATGCCGTGCTTGCAGTGATAGCCTTAGACTTTCAAGCAGACGTGTAACCTCGTGGGTCCCACCGACTGTAAGAGCAGGACTGCAGTGTGTGGCGTATAGGCATATGGTTCCCAGCGTTCGAGGACGACGCCCCCAGCAGGTATGTTAGCATAAAAGCAACGTCCATACGAACTTGGACGGTTCGATTTGTAAATTTACAGAAATTTTCAGTCGTAAAATTACTCTCGGCAGACGGAGGCGACGGGGTTCACACAACATGGTTGATATATTCAATCTCAGAAGCCGAGAATTGTGTGTTATACGTCTGGTCCGACGCGCGGGTCTCGTTAAAGATAGCCTCTACACATGGATCTGCGATTCGCTGATACAAGTCCGCGGATCGGCGTCGCACTGAGCCGGATCTGGACCCTTGGCCCAGTGAGCGGCTGTGGCGGTATGTTCGGCGGGTTAAATGTTTCATGCCACTGGCGTTTGAGTTACTGTACCGTGCACATTCTGCAACTGAGTCGTCATTTCTGCGGACGTATTGCGTTAGATGCCGAGACGG,1923,47.89,Saccharomyces cerevisiae
SEQ_154834,GGATTGGGATATAGCCGTCCCCGTCAAGGCGAATGAAAATTGTACGGGGCATCCTCTGACCCGGAAGATGTACACCGCTAGATAGTTTCGGTTAAGGTACCAGTTTTATAGAGTTAAACTGACCTTCGCGTGCCAGAAACTTGCAATCTTGACAGTGGGACTCAAGTTGCCGGACCATATCAATGCAAAAAGTCTGCAAGCGGCCGCGGAGGAC,214,50.0,Arabidopsis thaliana
SEQ_825346,ATAGGAACGGTTGTCGCATCACCGATTAGATCATTTTACATCAATCTCTAGCACAATACACAAGACGGCCGAGATCGTCCCAAACGCCGCGCAGTAAGCCTAAATTACAGAAGAGTGCTGCTAAAGGA,128,46.09,Saccharomyces cerevisiae
SEQ_763863,ACAGATCACTCTCATGTCAATACGCTTTGGGACAGTGCCTTCTCCAGATCGTGAGGGCAGTCACAGGTCAAACCATTCTCTCAGATGAATCGCTCCCCCTGCTGGAGAGAAAGTCCTACCTCCCGTAGATAAAGGCAATTATCTCGGTCTGGAGACCTTATCCCAGAAGAGCTGTGCGTCACAATCAACCATCGTTTACCTAGCCCTGGGTCATATGGATGCTATTACGTTGTGGGGTAAACGAGGCAAGCGCTACGGAGCCCTACGCGATATTGCATCGATATACCAAGAACAAAATAGTTGAAATCAGGTCCCGCTCCCGTTGCAGCGACTCCCTGCGAACTGAGATATGTCCTGCTCGTCATCTGTCTTTACACCAAGCTTCGGGACTTGAGCTCGGTGGGCCATCGGAATACCTTACCGTACCGGCGTTAGTAACTCTTCGAATGGACAGTAACACGCAAACAGGGTCAGTTACTGAGTCTTCGCTGTGCGGGTGTTTATCTCTGATAATCCTCCCGCCCGACAGTATAAACTTTCGTATGCGTCGCCCACACCACGCT,563,50.98,Saccharomyces cerevisiae
SEQ_892130,CCCAAGAGGTCGTAAGACCAACAATTATGCAACTCAGGGCTATCATGAACTTACTAACTTTAATTGGCAGGGACTGAGATTCGTTGCTCCTAGGATGCATGGCATCCCTGACTATCCCCACAAAAGGGGATCAACGCTTATCGCTAAGCTGCGCAGGGCATACATTGTAAGCGCTGCTCCTGCAGACACCAGTCACTGGCGGCCACACGCGTCTAGGTTAGAGCGTACTTACGAGGGGCTGCTCCGATGTTCCTTACGTAGGCATTATGATGACATCTTTAACAAGCCAATAGTACCACCGATCGGCTTGACTGTGCCTGGCGTTCATACCAGCTAATCTCTACGAGCTGGCCGGGCGCCAAGATCGCTCCCGTCATGTCTTTCGACCGTTCAAACTAGGCCACATGGCTGAGCCCCACCCTCTGCACTGCAGCTAAGACCGTCAGAATCAGCACCTTGGGATCGATCCTGAACCTGGGGCAGTAAATAGACATAAGCCGGAGAATATCTGTTTCTCCCGCCATCTTCGGATATAGAGCACAAGGCGTAGGGGTATCCTTTGTGCTGTCTCGGTAAAAGTTGGCCCCTTGAGTGGAACAACAAGATCCTAGGAGCACGGAAAATGTTGCGTAAGGAGTCACTCAGAACTTAATTCGCTATAGGGGTACTGTATTATTAGGTCAGGCTTATGCAGGAAATTTCTAAGCTGTCAACTTGGCTTGAGACCATGCAAGGTCGCAATATATGAATGATAATGAGCCCATGAACGACATCAATACCAACGATAGCCTGCCAGTTCTCCAAAGGTCAATCGCTAGTTTACCGCGTATCGCGAGTGTCCTGTGGTGGCAGTACGCAATGTTCTATGCTTACCCATAACCCTCACAACATGAGCCACTCAGCCGCCTCTAAACGCACCCGTGAGGATAACTACTATGAGATACGTTTGAACTTTAGGAGTCTACCAAGCAGTCCCCTCACCACCTAAATGATTTTCGTTGCCAGCAAAGAGTCTCGTACCTCGATATAAGTCAGTACATAGCTAGGGCCCAGGCGCAACCTTAGTTCTAAACTGAACTCTGCCATAAATGTCGTCCTTGTGCTACGGATAAAGTCTGGTCACGACCTGAGTGCACAACTTTCGCGACGTGCTCATGTGGGCAGAGTTGTTATACCAGTGAGGACCGCCCATGCCTAGCGTAATACCGGATAGGTGACTCA,1221,49.71,Escherichia coli
SEQ_543350,TGCCTGAGGCTCCATCAGGTAACACTTATCACAACCAGTCCCTCATTAAAGCCTTCCTCATTCTGTGTGTCCGAGTGCTCACGGCAGTGTCGCTAATCCTCGCCTGGAGCGGCCTAGATGCGCCCACAGTGGGCCCACCGGAAAGACGCTAAGTGGGCGCAACTATGGTCAAAGATACACCAAGTCTAGAAGTCCTGTCTTCTAATACTCGGAGACGGTTCATGACTGTACGGACGACAGGGCAGGTCTTCTAGTAGAAATCGTTTGCCGCCGTGTGAAATTAAGTGCTCGTCAACGACCCAATTCAAAAGTACCGACTCTTTCTTTCTTGTAGTCTATGGGCTAATGCTTAGTTAATTGGTTGACATGTTTTGAGGTGCTACCCGGCGGTGTCGATTGGTGAGTAGTCCAGGGCCTCTCGAACAATCTACCAAACATTGTCTAATATACTCCGGCGGACGTCGTTGGTGGTACATACGGGTGGTCCCTGAGGAGGTGGCAACAGGATTTTACGAATGCAATCAGGCGGTCGTAAGGCGGTTCAAGCATCCCCCAGATCCCTCACCGCTTTCTAGTTTCATCTGTGGCACGGAGTTCGTCATCTTAATATCTCTACCTATACCACTCCGTAGTGTCATCATATTAAACGCTATCTCTAACGTGTCGTTTGAGAACCTACAACTTTTAAGTTACTATAATTAAGTAGTGCCCAGGTCCTCGCTTTCGCGGCCCGTAAGCAACTTGACCCGAGAGACTCTTCTGCCACGCTTGTCTGTTTCCAGCTAGCCTGATGGGTGCAAGAGCGTTAGTTTTTGATAGATCTGCAATACCTCGTATACTATAATCTATTCTGAAGAAACGCCTCC,866,48.85,Mus musculus
SEQ_759616,TCAGTTAAACGGCGACATCTTCCTGTCGCACCGCCTTGTAAACCAGCAGGATTAAGCTCGGTGGTGAAACTACGAATCCTATATCTTCTACCTATGACCTTTCGCACAGTGGCTCTGAGAAAGATTCCTAGGTCCTCCGTCTCATCCCCCCGATACTCAGGCCGTTCGTCGGGACCACTGGAGTCCCAATACCCCCAAATAAACAGCGCACACATCTAGAAATACGTGACAACAGTTTGTGGGTTGCTATTCTGATATGACGGGTCGCCCGGACTAACCCGGTCTTCAAGGGTGGCGCCTAGCCAAGCACTAACTACCGGTAACATCACAATCAACCGCGGCCTTTTCCGGGTCGGTGCGAACTACGAATTGATGGGAGATTTCGATTACTCGTACTTCAGCCACATGCTAGAGTCTCGGCGATCGAGCATGATTTATCCTAAGTAAAAACGGCAATCGGGGGCCGATTCGTAACCGTAAGCTACGTAGGAAGGCTAATCCGTTGGATAGCGTGGCTTAGGCGTAAAAGATCGCTCCCGTTCGCGTGTCTCAGAGACGTACAAGCTCTTGGGTAGTGTTATTTCCGTTAGGGTTCTGTTGCACAAGATATGTAAAGATGCGTCCGAACACATGCCATTTCCGCTGGATAATTCATCATGGCTATCAGTTTCTATTTAGCCAAATCACCTCGGGCTTGTCGGTCGGCTACTTGGGATAGACACTCGAGAGACGTTGGACCGATACTAACATCCCCGTATGGCTCTATGCAGTCTTAAATCACCGCCATAGTGACTTCCACCAGATCATTCGATGACAGAAGCACCCGAGGTCACCTAACCCCCCATGTATTAAGCCCTACACCCACGGAGGCAGGTGTTATTTGGCTGCAGGTGCGGGTGTACGTGAGACGCATCAGGGTAGGCGTGAAGGAGCTGGGTTGTTGCATTAAGGGTGTATTGTGACTTGTTGCTGGATAGGTGTTGTGGGCCGTGGGCGTGCCGTGATCCCCATGACATCGCGCCTTTTTGTGGCCAGCGCTGGAGACAGCAGGGGCCGCTACATGTAAATTGTACGCTCATGGCTATTCCCGCGAGCTGTTTGACATGAAGTTGTAAAAGACCCCTGACTAACCCCTCGTGCCTATGCGCCGCACCCAGTGATCCAGGCGCACTTTCCTATTCGCCATTGTTTAGAGGCAGATTCTGGGGGCGTACGTATTACGGACTACCCCGAGGGATTTGGCGCCGCCCGGTTCAGTAACAGAAATCGGTTTTACCAGTGAGTCCACGGGGTGCTCTCCAGCACTAACAGCAATGATGAGTTATAGGGTACTAGCACAAAGGGGCAACTCGTGCGTGGGTAAAACTCGATGTTTCACGGCGGCGTACGTCAAACGACCTAGAAACGCCGATGAGAGATTCTTCGGCTTTTTGCAGGTTGTAGGAACGCACTTGCCTGTCAGAGGCATTACCACG,1475,52.0,Homo sapiens
SEQ_512541,GATACAAAAGACCCAGCCCTGCGTGCCCTAATCTGCGCCCGAGACTGTCAAAGCCAGCGAACAAAATTGCAGGAAAACGCGAGAGCACGGATACAAAGGCGTGGCAGTAACCATATGGCTCCGTTGCGGGCGTGTACCACGATTACGAGATAGTAGTGACGACTGGTTCATCTTCTATATGCATACTTCAGGGTTCCCGTTCTCGTTAAGCCAACACAGTTGCGAAACAACCGCCACCTAGGCCGCCAAAGTAAAAGCGTAGCTAGAACTTTGCCTACTGGGATACCCCTAAGGTGGGGTCCTGGGCCGGACCGGTAAGGGGTATCTGATCAAGACTAATCATACGCGGGCTTGATCTCACTCCGTCAGTGT,372,52.69,Saccharomyces cerevisiae
SEQ_888285,GTTGAGGTACGGTAGTCTCATTTCAGCGACGACGTATTGTGCGCGTGGTACCCCAGCCTTCCGGCCACTCTCCTCCTTTCAATTCCATCACGTCGTTGTTGCAATAGTCATCGATCTGCCCGCTTATTCAAAGTAACACCGCTGACCTCAGACTATCTGTGGAACTGATAGGAGCCTACGCCGTAATCCCGTCCTGTTAGCGATGCTCTGAATGCAAGAGCCTAGAAAGTTAGCGGTATATTGCCCTGTCATCTTGGGAGTAGTACCTGGGACGCCTTCGAAATCTGTAGGGCCGTCAGAATTGACGGGTGCGGTCGACTTTGATTGTAATAAGGTACCGCGCAATTGAATGCCTCTGACCTCGTGTAGTACACGACGGACAGCCACCGCACTTAGTATCGGATGGGTGTTAAGGTACGTACGAGGTAGCCACAAGTTGAAATGTCGTCTATCACCTTTCCACGTCACCTCGGAGAGGAACTCCTTGTTCAGAATTATGTTCGAGCCTCATTGTTCCAGTTTATTCTGTTTCGGGTGTCGAAGTCGACTGCTATGTGTGAGCGGAATAATGCGCAACCGGAGTGACTGGGATTACTCGTAATAAGCACCGAGCCGTCTCTGCTTCTGGAGAAGCGGCAGTTCCCCACTATGTGAGGCTTCTTCAAGTACAGACCGGGACGCTGACGAACGTCTAGTGTACCTATGGAAATGGTAGGAATATAGGCTTCGTAAACTGATGAGGCGTGCGAGTCGCTGATGATACATATGTGAAGCACTCTGTATATTGTAGCGTTGCTCCCTAAGTCGCGCTCGTCCAACTATATAAGTCGCGTCAGGTAAAAGGAGCCATTCTGCATTTTTACCCATGCCTTAATAGGATCCGAGTACGGACCCCTGCAAGCTTTCTTATGGGGCTTACTTAGTGTTGGCCAATGCCCGGCTATCAAACTCCCCCTTGCGGATCAGCAAAGGCTGGTTACCGGTCCAAGCGAAATGTCTAGATTTCAAATGATTACCAGTGTTGCATCTCGTATTGTACTGCACACTATCGAGTCGTCTCCGTATATGGGGCGTCCGGTCTCGTCCTTCGACTCACAGGGCTTGTAGGACACCCAATCTGTAATACGAATATGTCCTTGTCCCGCGGCGACCTTGTAGCTAGCTGTGGAACCTTATACATTTCGGTAATTGTGACGCAGCTCCGCTAGTCGTGGGAGCGTTAGGATACAGGATAATACATAACAGTTCCCAACTTACGTATTCTCTATATGGCCGTTATATCGCAACACTCCGCCAGCGAGCACATGCCCGTCATGCATCCCACATGCATGCTCGATTATCCTGTACTCTTGTCTGGGGTAAAGATGTGGTACTCGGGTTCTTGCAGGTCGTCACC,1396,50.0,Homo sapiens
SEQ_862382,TATTCCATTCCAGATTCAATTAGAGTCTTGAGCAAGAACGACGGTGTCAGACCTGGCGGCCATACCGTAAGACGTCTTATCCGCTTATATGGCGGCACACTCAACTTTCTCTTGTTATGAGATCGTGTGTTTAATTGTCGATCCTCTCTGCGGAACTTCTCTGATACGGCTAGGTTTGGAGTTCGTTTCTTCGCGACCTCCGGTGCGTGAGTTCCTAAGACAGATGATATGAGTCTGGCTTTCGGCTACTCCTAAGTTAGGAGCGTTATGTGACCCTTACTTCCTTGCTGCTCTCTAATCAATGAATTAGAAACCGGTGTGCATGCAAAAGCTGATAATTGATCTAAGTACGCGACGGGGGGGCGATGACAGGGATGACTCGTCGACTAATCAGGTAACAACACAAATCCAGTAACGATTGATTATATGCTGGTTCCCTATAATTGCAAGATTTGTAGAAATCATCGGTCCTCCTCCGGGACCAGGACGCTTCAATCCAAAATAAGAAAATGAGCGAAGCAAGGTACGGCAAGCACCACCCCCGTGTAGTAAGTATAGCCGTTTTGGGGCTGGTGCATTCTTGTACCCAAATATGATTGTTGTAACGGTTGGTATCAAAGTAAATCAACTGATAAAGCAGCCGGACCTACATCTGATGGGAAAGAGGTGGAGTGGGCAAAGTCCCGATTACTTAAACCCTGGCACGAGGGCGCCCGGATAGCGACTACGCGCGGACCCCCTAACTACCCGAGTGAACAGGATAGCAAACCTAGGGGCGATGCCCACAGCTGACGGGCCTAACAGGCCGTCATTTGATCTTGGATCTGTCGAGTTATGGAGCATTACTAACGTGTCCGTCACACTCTCACGGATCCAGCCTGTAATCAGGGAATTGAAGCTGTTAGACTCCGCCGAAGCGTCACTTTTGACGTGGCGCGAGCAGTAAAGAATCGTCGGCACGTCCACGAAGAGCCTGCCTATACTATGTGCCTATTAGCTCAAATTCAGTCAAGACTGCTTAACGAGTGATCCCCTCACAGGCTCACATCGAAAGTGCGGATGAGGTGCTTGGGGACTGCAGCGTGTTCCCAAAGCGTTAGGGCTAAAAGGATAAGAAGTATCCAATCTGGAGCGGATCGGTAGTCGCGGTCATATATCTCCAGCCATGACCTGCTGACAAGTGCTTTGGTTTGTGACGGGTTGGACTCCAGGCCCCCTTTGTTGTAGCTTCGGGAGTGATCGCCGGGGACGGATTCGATAGGTAACCTTTACACAGTTTATTTTTTCGCAGTACTACGTGGTACGATGTTCCCTACGGAACCCTCCGGCGCCCGAGGCGGCGCGTAATTAAGGTAACAAACAAGTAGACACATCGCCTCTTGGACGGTCCCACGTGATCGTCTCCCACGGCGTGCCCTATTAGCAGCAATCGGGCCCACTACCTGAACCGGGTTCATTGTGCCAAAAATGCGACAACCAGCGTCATCTAACCGGGGCATTGACTCTAGTTAGCATCAGCCTAGGCAGTGGTATACTAGGTTCCACGGGCATATATAGGACTATAATCCTGGCTCCTATTCCTGCGCGTAGGCTGAATCGTAGTCGAGGTTCCCTCCTAAGAATCACAGGTGGCGGACTCGGCTTGAGACTAACCAACACGGCACAGGTCTTAACGGGGCATCCCCACCAGGCTCACCAATCATAATTTTAGAGCCTACGGCGACCGATTTGAGTGACATTCGCTTTGTCGGGTCCAGTTGGCCCATCTTTGGTTGACCCTCTAATCATGTTCTAGACCGTGATCAAAGACTCTCCAGTTTAGACACCCCCCATGGGTATCAGCCTTCAGCTGTTTCAAATAGGACGCAGAAAATGTTAAGCCAAAAAGGGTTGCATGCGATC,1902,50.32,Homo sapiens
SEQ_453830,TAATCCGGTCAGGTGCCCGTGAGCGCGCCCAGCCATGTCCGCGATTCAATTGTACACTTCTTCTCAACCTACCGAATCTCACGTCGCGGACACTTGCGGTCAGTGTTAGTCAAGGGTCTGGCTGGAGTGTTTATGGAGGGACGACCGCCGCGCGATATGTTTCTAGATTCAACTAGATACTTCTGCCGGAGAAAATCACTGTCCCTGGTTTTAGAGGTTTACCTAATCGTGTCTACGTTTCACCCCGATATCTGCTACACCTAGCGATCTACTACTGACAACGCAATTGATTTGGACCAATGCCTGTTAGTAGCGTACGCACATGATACGAGCTGTCAGGGGAACAGGACTTAGCCACAGCGCCACGGCCGAGTACATGGTTCATCGACGAGTCGTTTCATCCAATGATCGCTAGCCGGATACCACGACATATGCAACTAACCAAATTGTTGTGCCCTTAGTCATACTGCGACATAGAAGGAGCAGTTCTGTTAACTGCCACAACTCGTTCGCCGGCGCATCTGGCAGTTATCGCGGCACCAACCCACAAATGGCAAGCTTCTTTCATCCACGACAGTTGCCGATAAAGACGTCATACCTCGGAACGTAAGGGGGTACTATATATAGGTTGTCAAGGCCTATTGTGGTACTCACTGGAGGGGGGCGCCTGCTGCACATTCAGGGAAAATCGTACTTTATTAGGGGAGTCATTACTTATCGCGATCAAAATCGAGGGCTCTACGGAGGCATCGTCGTCCTACAGATGATAGGCGTGTAAGTATCTATAGTCGCATACAGGCGCCCTTACCACCGTGTACTGGACCATGACACCATAAGTGCGCCTTTTAGGTCGGAGCAAGTAAGGAACTAAGAACTGCCAGCCCCTGCGGGATTTTGTTATGACT,905,50.5,Caenorhabditis elegans
SEQ_414959,ACGAGCGTATAACAGTTTGTGGGCAAGGTTTGAAAAAACCATCGCCTGCCCCGATTTACTTCCCAAAAAGCATTGGAAGGTGCTCAGAAGGACATTAGGCCCTATATGCAATGGAGCCAGGGACGCGAATTCGGGCACAAAAAGGTGTTGAGCCCGCACGGTAAGAACCGGCCATCGGGTTATCGTATGCATAAATACCCTGGGTTCCAAGTCTGGGGCCTTGAATCTTCTGAAACGCATGCATTGCTCAATAGTGAGGGTCTCCCCGTACCGCGACCACATCAGCACTTCCGGAGGGCATCAGCAGTGATGTAGCGTAGATCGATGACCTCCACATTCTGTGTATAAAACGTGATCATAACGGCCGCGCGTAAGCTGGACCGGAGTAAGCTCACGTAGGCAACGCCGCCAGGCAATCCGGCCGAACCTACCTAAGCAAGGCCATCTTGGAAAGAGCGTAAGAAGTACAGAGTCACGGTCGTTAGCGGTAAACCAGCTAAAGTCCCCTAAAAGGTGCTTTATCCAGATTCAAAAGGAACTACTCAAGGTTACAGAGATCCTTTGCCACGAAGCTATGGATACTGGTTAAATTTGCATATGCCTTGTAATGTCGGAAATCTCCTACTCACAAATTGGGTGAGTATACACAGCTAGGACACTAAAAACTCTACACGCAGTGAATATATAGATTCGTGACGCATCCCTAGGATTCCCAAGCTAAGGGGAGACCGCATGTAACATAGTCTGCGCGTAAGTACCTAACTACTCTTAACTCGAAGCTTGTCTAATCATAGACGCCCTCCTCATAAGTTTCCTCGCCGCGGATACAAGAAGGAGGTTAGCTCCACGCAATTCGTTTTTGGGCACTACCGTTCATACATGCCCGTGGTATTGCTTCGGGTGACCAATCCCGGCTGGGGGCTCTTGGAGCTATCGGGGCAGCCTGGTAGTGGTCTCTTTTAACGGGGTTTCGACGCGGGCCCCCATCTTCTAGTCTCAGGTTCTACCCTCGCTTGTGGGCTGGCTACAGTTGGGGCAGCGACCGGTATCACCCAAGGATTTCCTATAGTCTACTCAGATCGGACTCCTGCAATCCTCTACCTGTGGTCAAAAAATACGCGTCGCGCTATGGCCCCGACGGAGTTCCACAATCATGCGGTACGGTCTCAATGCACGTCGCTAGGCCCGGGTAGTAAGCATACGTGAGAGGTTGCTTGAATATATTCTCAAGTCAAGAACATCGTTAGCCTATCGACTAAGAAGCTTCAGCCCATCACCGACGATCTGGTAGTCTGACTCGGCTCCTCCACCTCCGCTGCCAAAACTGCCGATTGCCTTAGCCGAATGCAC,1350,51.04,Homo sapiens
SEQ_108608,ATGCGTGCCCCGAACTCTCAGGAATAGTAGTCACTGCGTTTCGCGTAACTGATAAGTTTGACCGGCACCTGTGCAGGGCACTCTGCACTTCGAGCTGCGACCCACCGCGACAGGCCGTAGTAGAGGGCAGCGGAATGTTTACCTTTTCAGGGGCCATCCCCGTAGTCCTCCATAAGTTATAATACAGTTACGATGGTGACTTGTAACGAAGAGATCTACCTACTGAACGTCGCAACGGCGTATATCCGTTTCAGCCGACAGGGACGAGCGTCTACTACTATAAAACGTAGGAGCAGAATCAAGATGTTGCGGGCGTTAGGACTAACATTATAGAACCGCCCGTGATGATTTGCACATACCACGTTTAGAAATAGTCGACCTGACCACGTTAGGCGTGATCCTTGCGATACTTCCAGATCTAGTGCTCGAGATATCAATAAGGATAGGACTTTGCAGCGCATCTTACATAACTCTCATCAAGCGACTACAGTGTAGCGCGTTCCCTCTTGGGGATATTTTTTTGAGTGTCTTAGTCGTACATGTAAAATCTCTAGCTTTCGGATATTGCCGATCGCCATGACATGCCTCCTGGGTGTGGTGGCACTGTCTCGCAGGGCGCCGAGTCGGTATGAACCAAGGGTGATAAGTCACTCGCTGTCGGACTAAGTAGTCGGCGTAAGTCCTTAGGAGACTACTTCTTCGCTGCGCCAGTTCACTCTAAGACGACAATACAGGCGTAAAACAATACAGTCTCAAGAAAAGGGAGTGCCAGGATAATGGATGATTTCTCATTATCTCTGAGGAGGCCACACGCCGGAAATTCATCATTCCTAGTGATCTGCAAGACGCGGGGTGGCTATTCCCCATCGTCATTATCTTTCATACCGTGTAATGCTCCACCTAAACGCCACATAGTTGCGGATCGGTCAGCATGCGTCGTAAATAGTAATTACAGGACTGAATCGCGCCGTCCAAAGTGATTTTCTTTCGGGCTAGACCGATGCTTTCAAAGTGGGCATTTTGTCTATTAACTTTCCTGATTGCGCGACCCTAGACAATTTGTCTTTCCAATGCTCTATCCGTTGGTTCCTGATTAGGAAGGGCGCTAGAATCGGTCCACTTACACCCTTCCGACTTGGCGATTAGGCGCGAAGTGCGGCTGACTGCTGCCTATAGTTCAGGGTACGAATCGTAT,1195,49.04,Saccharomyces cerevisiae
SEQ_664432,ACGGATGCGCAGTTGATTTCATCCGTCAAGTAAAGTCTTAATTACTCCACCTCTGAACCGTCGAAGAATTTAGATAGCGAGCTTGGTATTATTCCTAGTCCTCTTCCTCTTGACGAGCCAACACGGGCAGCTCGTACATAAACTGTGCCAGGTCTAAGGTAGGGTCCCGCCCTGAGTCCTGAGAACGGCTAATTCTGAACGTCGCTACGACCCGCTGTAGGAACAGTTCTAACCTCCAGCTCTGTACTGCGCAAAATCGAAGTCCCATTGAAGGCGAGAGAGCCACGGTGACGCCGTCATTGATATCCCAATCCCAGATAGAGCAGTCACTTGTGCCGTCCCAGCCAAGGGTCCAGCTTTGTCTCGTGATTCTTTGTGGTTGGCGATAACTTGACGTTTCGAGTATCGACTATCGGACTGAGAGA,425,50.59,Drosophila melanogaster
SEQ_870053,CTCGGGTAACAGACCCCAATTTCAGGCACCGCGTTACTTTTCACCTTCTCGTCCACCTTAGACTATCGCATAATGGTATGCCTCTTAAGGCAGTGCACTGCCGCGATAGGTCGTATATGGGAACTGAGGTCCGAGATTAAAAGGATCTCGCGCAGCAGGAACATCTAGCGGGGGAGGCACGGGTGCACTAATGTGTCCTTGATTACGGAGAAGCTGTCTGAATAACAAACACGACACCAGTACAACTAGCAATACGACATCGTAAATTCGGATAACAGCAACGTTGTAGCTAGCTTTCTCTGAAAACGTCATCCATTGTCCAGCATTAATTTTACGCAATGTTAAATATTTAGCGTAAATGTAACAACTCGAAGCAGGGTCCGGTTTGTTTCGGAGGATCTGGTTTGGGCACCATTCAGAAGTCGGCACTTTGGACTGTTACGGAGCTTATTCTGAAATTCAAGCCTTGTATGAAGCATTGGCGCCAATCTCGCGAACACCATTCCCTAAAGAGAGGCTACGCTCCAAGCTGTTGGTAAGGCACTAACTTCCGGTCCGCGCTGGAGTCGTATGTATAGGACTAGTGCATTAACACGGAAACTGAACAAGATGGTAGCAGATGTCAAGTCATCAGCCAGTTACTTAGAGTGGCTACGAGATAAAATACTTGTCAGGCTTCGTTTGGCATCCCCTGTCTATCACCAAGCAGCTGAGAAATTCAGCACTAGGAGTCAGAAGCCCGTTGGAACCTTCGTCCAAATGATGCCGAGTTCGCATGGGTGCATGGAATCGCTCCCCAGGCACTCGAATCCAGTCAACAATGCAGGCAAGAAAAGAATCTCAGTACTGTGTAAAACAGGGGGTTCCCAGTGCAGTAGATTGCATATCACGGGGGGAGATTCTACCCCAGCCAAATACGAGTCATCGGTGTAACAGGAGGTTGTTATCTCTTTAGTAGCAGCGACCATCGTCAGGGAGCTGCGTACTTCTTGACATTTATCCGATGGGCCCAGGTGGGTCACGCGTGCAGCGCGCACCAGCGATAAACACATGCGAACCAGACCGGGCCGTTTAAGGCCAATGGACACCCCCTAGCTCCCCTGGACCAGCCAAGTGTCCGGTCACGGGAAGCCTTGTGCCAACTTTTGCGCGTTGAGACCCTTTACCATAGTGAAAGCGCCCTGTATGCGTCACGTGGCTTCTGTAGCTTCCTTAGTGACAGGTACCGCTCGGACGTTGTCCGGAGAAGAGACAGGAACCGATCATCATGCGGGTTCAAAAGGAAACTATAATTGTCATCTGGCAGGCATTCGTCGACCCTAACATCAAGTGTCGAGTTGGTAGAGCCATGCCCGCATCATGGCACTATCCCACTAGGAGACATATTCTTTAAGGCATGTGCGAACCGGAACTCCATTCTATTTACCAGATCGCCAACCGCAACGATTTGATTGCCTAGCTTGGAAGCCAATCCCTAAATGAACGTACGTGGCACGAGTATCTACAGTGTGTATGCATTTCTTTAGCGGATTGAAAAGGTTGACCGCTCGTTAGTCTGGAGAATCACCGAGGCGTTTCACACCTACCTTGTAATTCCACTTCGATAGTTCCGGACCGGGTGTTACTCTCGAAGTGCCTGACCCGGCAGTTAGCCAAGGTCACAGTAATCGCGGTTGTGCATGAGATGGCTCCCTTTAAGTAGCCGCTCCAGGGATTATAATTAGGTCTTATGAATATTGGCCACGCCGACTTACTCCGAGCACTGCCCGCTGCGTCGCTCACAGTTGAAGTGGTAATGGCTGGTCATGTGGCATTTTTCATGACGAGACT,1830,49.84,Caenorhabditis elegans
SEQ_312374,GCAGAACCCTCAGACGGTGTTCCGATGAGCTTGATAGCCATCGCCCAGTGTCCTCCACGTCTTTTCATTTAAGAGAACGATTGGTGAGCAAGGTGAAATACTCATGTACTCTTGGATGCGCC,122,50.0,Arabidopsis thaliana
SEQ_691981,GCCAACGCAGATGGAATAGTCTAAGCGTGAGCGCGCGGCTTTTTCATTGCCCAGCCCTACCCTTGCGATGTATGGGCCTATCAGACGGCTTTTCATCAGGACCCAAGACTCCTAGCGGGACAGTAAATTCGTCCCGTTGAGCTTAGACGCAGAGGAACGGTTCGACAGTGTACGATAGTGACAGCAAGAACACATATACTCTCGCTTTTGACAGTAGCTAAATAAGTCGACGGAACTCGCTAAGTGCTCCATGTGAGTGTCCGAAAGTTTTATTCTGGAACTAAACTATTCGTAATACACAGACTCATTCGCAGGGGATACTGCCCTCAGTGACTAGACCAGTCTGTCTTTTATTACCAGTTATATATGCCCCAGGTTTAAAAGCCTATGAGATTTTGATACTCCTAATACCAAGGTTGCCCTTGGAGATACTGGGGTGGGCAGGATTGGCCATCAGTTGGAATAAGCGCACACACAATGGGTAGCCAAATATTCGGTCTCCGACGATAAAAGAGGATAGAGGCTCATCATATTTACAAGGCCTTGGCTACATATGAAAGAATAGTCCTGGTTACCCGAGGACGCATGGTCGAGTTGGAGCTGATTAACCCCCTAAGGCGCCACCTCGCACAGACTGATATATTGTTAATGATAGCGTGCCTTCTTCGTTGCAAGTCGAAACTGGAGTTGTGCTGTTTCTGCCTCATACAAGCCGACATCCGATAGGTGTCTGTGGCTTTTTACACAGAGCCAAAATCGCGCAGGGGGAACAGCGAACCTTAAAAATGTACAAGCTAAGTCGGTGTCCCCACGGTTTTGTCAAGTGTGAACGTACTTGATCGAACCGTTCAAACGGGAGGGGGTGAACTAAAGATTCAGCGTTTTGTGCTA,891,47.59,Escherichia coli
SEQ_203128,ACCAACTGCCATGCTAGCGGTACCGTACGTGGCGACTCCAATGCAACACTATGAGGGTTATACGATTGTTTAAGAGCTTATCTTTTGTTTCAGTCAATAGTGCCACTTACGGTCGTTGACTGGTGGATTATCTGCATATCACTATGGCGCGGCGGAGTACCGTCCCTTAGTGTGTTCGGGACGATGACATCTGAGTAGCAATACATGCGCTCGATTTTAACTAGTTGTTTGCATAACGACACTCCCACGCGTGTAGCAGAACTTGCCAAAAATGCAACGACTATAGTTGTTGGCATGCGATGAAACTAAACCACTTGTTCTCGCTGGGCCGCTTCGACAGGTATTCTGGGCGAGCCATGCGTTCTTGGAGATTAATGAGACCTTTTCGCCACACTTTGGGTTGCGACCATTTTGTACCAGATTGTGGGTCCTCATCGAATGTTTACGAATTGGTAAACTATACTGACCGTCTTGGGGGGAGCATCTTGTGTTTTTAGAGCTGCAAGTTTAAAAAGTCAAGAATTTGAGCCCACCCAAGCTAAATAGTCGTCCGGCTAGGCTGACGCCACCTATATACCTCATGTAGCCCCACCCAGCAACAACTCTTTACCAGCGTTGGCCACATAGCATTTAAGCAAGTTCCAGTGAAAGCAAAAGAAAGGCAAAGAAGGTGGCCGACTCGCTAAGTACCACTGGAAGGACTCACCTCGCAACACGGGTACTCAGCAGGTAGAGTCATCCGCCGGGGGAGTGTTGAGCACTTAACGCGCTGCGATGGTCCTTGTCACCATCTGCGAATACACCATGCTCAGGGATGTAGCGAGACTAGTTAGCCAATCGCAGTGAGGCCGTCCACTTAAATACTCGATTAGGCATGTTGAGCGATCATATGTCGCCACTGGCAAAACCTGACTTTTATAACTAACTACTCGAAGGAGCCCAGGTCCCTGGTAGTGATGCTGCATGCAGCCTATACGCCGTGATCCCCGTTAGTAAGGCCGCGTAGC,1007,49.26,Homo sapiens
SEQ_384357,GAGTGTGGGCCCTTTGTACAGAGCTCCAACAAGGCGTTGTATTGGTTGTACGTTATGCATGGAAGCTCTAGAACGACTCCGAGTTCAGAGAAGGTCTTGTAACTCCATGAGATTGAATGACTGACCCGTTGGCAGCATTCACGAGGAGGTCGGTAAACTGTGGCTGGTTAGCGACAGTGCGAACTTACCCGGTACACAAAACGTTGCCGCAGTGCTGCGCATGTCTTCGAGGAGGAATAGCGTCTTGCTCCTATCGCTAATTGGTGATACAGACGTTGTGATTAGTTCTCATAGACCCGCCAAGACAGCGTCTCTCTGTGTTACAAATACGATACCTCCCCGGGTAGTGCGCTAGGACGACAGCTCAACCCCAACGAGCCCCCTCATAACACCCCTAAATGCGCCCACTGAAGGCTTGACCAGAAGGCAATTGGCATTTGGCAACCTTGGACCGAAGTTGGGAACCATGCGCGAGCTAGACATATTGGAAACTATGGCGAGCCCAAGGGAACGGGAGCTTCCCAGAACCAGATTATGGCCCACCCCCAGCGACTTTAACAACGAGTTAAAGGGAGTTTGAATATAGTGCTAAAGATCGGCAACACCCCCAGCAGGCCGGGATACATGAAACGTATTCCCGCGTTACCCCTCGACAGCACGCTTTGTCGCGCTAACATCGAAAATAGTACCGAACCTCAATGCAGAGTAATAATCTCGTGAATAATCACGAAGCTAGAAGACCTGTATTGCTAGCATGTTCCTCGGCCGTCATTATTTCACAGTCACACATTTTGCTGCATCAGCTTCC,808,50.62,Saccharomyces cerevisiae
SEQ_136629,GTTAGGAAGTGGGGTTACTCCATGAGGAGTTATCTTTCCCTCTACATTACGTGTCCGAGTCTTTGCCTTTGGTCTCGAAGGTACATTTGCCCGGTAGATTACCATTCTCTCTGTGGATCTAGTCCGCTGAACGCAGATATAGCGTCTGCTCGAGACTGCAAGGTTAGCTCTCGTAACCGAGGTTATGCCCTCTTAGGGCCCCGGAATGATGAACATGGAGAGACTAGTAGCATTTAGCCTCGGTCAAAACGATTACCTAGCGGAGGCGGCTATGTAGATCGAATTATTTCAGTGCTAGCGAGGTGCGCCAGAGGTAAGGTTGACATACAAGAAAGCATGTATCGGTTGAGTACACATTTCCCTTTTGGCGCCAACACATTCCCGCCCGAGGCGATGGTGGTTGTCTCATAGGATTACGAAAGGTGAACGATGGGATAGCACGGGGCCGATCTTCTTGTTACGTGACACGCTACAGTAGTGTACGTTCAGTTTTCATTCGCTGGGTAGATATCAAGAATAAGATAGGAAGCTTGTATATCTTCGTAAGCTAAATTTCGAGTCACCTGAGCATCACTCTTCAACTTTGCTTGGACTGAGAGCCAGACTGGTTACTGGCTATTGGCCTCATCGACATGCTCGTTCGTTACCTCAATCGCGGTACGGCTTGTGGATGCCGTCTCTAGACTGGAACACTCTGAGAAATTGGGCTGCACTTAACGAGAGGCACCTCAATTCATACCGCCCTCCCTTGCGCGTGACCGGTTAGACTCACGTACTGCCTTCAGTACTACACTAGGGCGTACTTCCTAGGCCCCTGCGTTGGGTTGCTCGAACCACATCTTCATTCGATCGACCGGCAACTGTGAAGATTCTATAGACCGTAGCTAGGATCTGTTTCATTATTAGTGGCGCTACACGATAGCGTTCTCAGCACTCACCGATCCGTTCCATCATGTGCAGAACGGGTTGTACTCGGCTGTCACCGGTCCGGGCCAAATCCGCCCCAACGTGCATACTAAGAGCGGGTAGGGACTCTTGGGAGAAGAGAGACTAGAGTTTCCCCTACGTAGTGGCCCAGTGTACGGCGACTCAGTTTTTTAGCCCTCGCACAAGTGCACATGGTACGTACGGGCGGTAGGGGGGGCACACCTCGTTCTTAATCGCGCGCGCTTACACCGTAGAGGTGATCCTACGCAGGTGACTGTTCTGGTTATTAAGAAC,1221,50.94,Saccharomyces cerevisiae
SEQ_379090,ACTCGGACCCCTTCGATAATGTGATCAACCGAATGAGTCTCCTCGACGCCCCGAGATCTAGGGGGTTACCGGCAAAAACCGTTCAGGAAGCGGCGTCGCTCAGGCCGACTTTACCAAGCAGGCATCGAAAGCTACCTAGGTGAAGTCGCTCTATCTTTTTATACATTTGGGGGCGTTCGGGACGGTCACCAACAGTATGCTCCGGATACAATACTTTCATGTATGTCATGCAAGCGACCCTACTACATCTCACGGTCCGAGAATTTGTTCGCGCAACATGAACATGCCATGACGAGTTTAATGGGCCGCCGTCGAAACGCGCTGAATTCCTCGTTCCAGGGCTGCGGGATTCAAGTCCATCGAACTGAGAGGTGAAACAGAGCCTTTTGTCCACAAACCCGACAATGCCTCGCCATATGTGCCAAATCACGTTGCTTAGTACAGGCGCAGCGACCACGTAGTCAAAGCCTGTAGGCTCACACAAAGTGGATTTTCATGCGGGAAGTATTAAATCTCA,517,51.26,Escherichia coli
SEQ_708936,AGGACATCACGGCATGGCATCACCCAGCAGTGGGAGGTGGGAAATTGTACCATGACATCAAAGTGCCCTTAGAACCCTAGGCTTCACTCTTCATGGTGACTCGCTGTCTGCAAAATACCTCATGCAAGACAAGAACAGCGGATGATTTTCACATCCGAAAGGAATCGAGCAGGGGGTGATACGTTTCAAAGAATAGACGACTATCCTCGACAGGCGCTGGTAGAGTCACAAGCTTGTATGACAAGAAGACTTTCAATTAAATGCAGACTGGGAGATATGAACCATTATTAGAAGCGAAGCGAATGGAGATTAGGA,315,46.35,Caenorhabditis elegans
SEQ_718774,ACAACTCAAGTGGATTCAGCGTTTCTTAGCGGGTCCACCAGCCCAACCAGTTATATAGTTTTGATGAGAGCGCCAAGTTCGAGACACATCCCTCGTCCTTCAGCACGCCCCCAGTAGTTACACGTTCACGCACGTCGACATATGATTGCCCGTAACCCGGTACGACGAATGCTACAAAGGTAATATCTTTCCCTCTTGCAGCGTGGCCGTCGTCGACAATATCAAGTATCTTCTCCAATTGTGGTGCCATATATTGCTGGCCCGCCTTTCGTGTTAACCTGGCGGTGGCATCTCTGAGACGAGCTGAGCGAGCCCTAGTCTGCCCTTGCCTAAGATTGCACGATAATATATAAGAACTATCGGATACTTACTCATACGAAGACATTCACTTATTATCCGGTCCTGCATAGAGACTCCTTCAGTTGGATCGTGCAGGAAATAATTAGTCACAGCCGAGGCCATACCCCCTACGAACCTTGGCCGCAGTACCAAGTTACGCTCCTGAATCCGCTACGCCGAGGAGGTTCGACTATTATTTAAAAAAAATGACGGGAATCTATGAAACGCCGATTACTATACAGACCGTATGTTCTTCGTGACATGGTATGGACCCCCGGTGGTGGTCATGACCCAAAGCAACTGCCGTGATTATTGGTTAATTGAACTTGGTTCATGGCCCGCACGGACCGACATTCCAGACTGATGAGGACGTATCAAAACGCGCTCCAAGTGTAGTTGC,739,49.12,Caenorhabditis elegans
SEQ_196730,CTCGATCACCGTAACTAATTCCCAACTCTGTCCTGGCCGCCTGCAGAGAGATGATCTTTAATAAGGGGGCGCCTATAAGCTGGCAGATAGGTCCCTGTAAGAGGTGCTCGACCCACAAGTAACATCGACTACGTCATTTACTTTAGGACGACAGAAACCGGATTGCGGATTGGAGTTTCTGAAGTGACGCTCCCAGGCTACAGACTCAGGGACGTTAGGCATGGCTTCAATGGCAGACCGGATTAATTGCACGATGAGGGTAGCCGGAGTTTGTACCGGGTAATGCGTGAAAGGTTAGCCTGATCACAGGTGTAAATCAAGAGGTTGCCGGATGATGGGCAGCGCGATCCAGGAGACATATGACAGACTCAGCCCCCATCGCGCCTATCAGTGAGAGTCCCTAGAACATCATACTGAACTGATCTAACCTAACCAGGGTACGACGAACGATTGAACACGAAACGTTGGCGTCACTGAACTTGTATCTGTGAGATCTTCAAGAACTCAGTCCAACAGCATAGTTAATATGACATTGCCAGATATTGTATGACCCTTTCAAAAAGCCTGATTCCCTCAAGCACAAAATTAGTTCGGATGCCCATCTGCCACTATTTCGCATCGGCGATGGGACCGGAAGGGCTCGAGCCACAGGTAGCGACCGGTTTGGACATGGGTCGCCATGCCGCTTCGAGGGCAACGCTTGTGAGCCAGCCCGAATCGGTCCCCAGAGTGCGTGCATGACGCTATAAGTGTTAGAGGTCCCACCACGGGTCAACGAAACTTACTAATTTATAGTCTTTCTACCCCGTAGAGGCTTCTTCCAGTAATATCCAGGGGGCATCTTAAATACATCGTTTCTTCCTACCAGGTGGTACGTGACAGCGATTGGAAATATGCCCTCGAGCATCGCCGTAGTGCTCGAAAAGCTCCCACTATCACAAATCTGTCCACTCGGCGTGTGGATAAAATGTTAGAAACACTGTAACCGTCGTAACGCGCGCTGTTCCTTTGGCACACAGTCCATGTGGTCGGGCCGCTGTTCTTCGCAGTATTAATAATAGCGGGTCGTCATGGTAGCCTTATCGATCGTTAGATTGCAAGGCGCAGAATCTGGAACATCACGGAGCATAAAAATCATTAAACAGTAGGGGTTATCTACTCAGACTTGGGAAGGAAAAATAGGCAGGCGACAGTAGAGGAGTCGAGGTACGTATGTGGCTTTGAAATCCGCTTGGTCAATATCCGACGCATGAGCTGAGGATATCCTAAGCATAGAATCTTGATAAACGATACACGCGGACATCGGTATAGGTTTCCAATCTATGTGTCGATTCATTTTTAATGTGCTTGTAACCAATGTCGCTCATGTCCCCTATTTAACAGCTCTATACCTATAGACATGCCTGGAGTGAAAGCTACGCAAGGGTGGGAGCCTAAATCTGGCTCTTGCTATACACAGAAGACAAGCCGAGACAGCGAAATCGCGACACACACTGACAGATCGCCTTACCACTCGTTGATAGGAATATCCCTACCATCGTTCCGATGCGACGCAGGGTGTTCCTTAGCTGGGATAGTAGAGGACATTTACTATTACCGCGCTTAACGGTACGCAACACGGCTCTGGGCTACAAAACCGCCGTAAGGATCTACGCTCCAGGGGCGGCTGATGTATTAAGTGGCTCAAGGATCCGCGTAGCCTTCCCTAAACGCTCATGCAGATTAGTCCCCCGCAGTCGCCCGTGTACGAAGTCACTTATGGTACCGGTTTATATTCTGCCGCTCA,1786,49.61,Drosophila melanogaster
SEQ_380812,GATATTTGGGTGGCGTGCCCCCGGGTAAAGACCCCTCTCAAATCTTGGAACTGAAGAAAGTGGCAGGCCTTGCTGGTTGACGCTGCTAGAGTATTACAGTGTCAAACGGAGCCGTAGTGGATGCGGCCTTGACGGATCGCCGGAAGCACGCTAGGGGGACCGTCTTTGGACTGAAGAGGTTGACAGAGCGTATGGGATTTGACGGCCTCATGAAACTCGGTCACCTCAAAGGATATTCTGCGTAGCAGGGCTTACCAGAAACGGTACGGTAGGATTGGCCCGCCTGGCGCCCCACTAGAGTGATGTCGTGCCTGAACGAGCGGACTCTTAACGTCCGTTCACGTTCAGAAGGAGCACTACACTGCTGAGCTATAACAATGACGCGTCCACAAGTTGCTCGTAGAAATACTACCAGAGGCTAAAGGCCTCAGGACAAGTCCTGGTGAAACGAATATCGAGAATCCGATCTTACTTGGGATTGATCAACACCCCTTCGTGGGTATGACCATCTTCAGTATAGTTGCAGTATACCCGCTTGTTAGGGAAATCTCGTGACCATAGTCCAGACTTACGAATAGGGGAACTTTCGCACCCATTACCCCCAGGCACCAGGGACGAAATGATTTAAGAAGAACGACATGACGTAAAGATAAAACATATTCTTCTACGCGCGGGAAAGGGGGACTCGAGGTGCCCCAGTACCACTAATTTGAACTACGGAGGTATTCGTGTGTTGAACTTCACGCTACTTTTCCTAGGGATTTATCACC,770,50.78,Escherichia coli
SEQ_138738,TTCGAGTCTGGAACGATAAAACGTTGGGCCAGACATCAGGGCCGTAGCGCGATAATCCGTATTGCACAATTTGAGGGGATCGTGACCCTGTAGGCGTCCGTCATTGACCATATGTAATTCTCTACAGGCGCGCGGACAGTTCCTGGCAATTCGAGCACACAACCATGGACATGCGCGTTCCCTCTAAAGCGTTCAAATGGGTAGACCGAGGGAGCTTATCCCATAAATTTTAGACTAGTCCTTCCGGTGCCGTGCCTCTTGTTGTATGGTGCTGGTCTAGCGCGCACAAATATTTCGGGTAGACGCAAGGTCATGGCGAATGTCTTTTTACGCGATGACACGTTTGTTCTGGGCGGGGCTCATCTGGATTTACCGCACCTAAGATAGTTGCAGCTTCCCGGCTTAATGTCTCGGCATACGGGTGCCAGCTATACGGCTTCAGTAGCAATAGCCTGCGGTTCATCGACTTACGTTCTGCGATCTAAGCCCTACGGGGAGAGAGCTTTCTCGAAATCTTATACAAGCTCCAAATTTGGGCATCGAGTGCACAAAATCAATATAGGACCCTTTGCTAGAGACGACGCGACTGTGGCAACTCCGCCGCCCGCGGTACGAAGCATATCTGTGGTCCTGGTACGTTCATATTTGGGGCTGGATCCCGCTAGTTAAGGTCTGAAGGGTTCGGCACAGAAGAGCAAGTTCGAGTCTGATAGGAAGCTGACTACTCCAGCGACATCCACTGCCTTCAAAGAAATGACAGACCGTTGAGATAGCAAAACAGGCCATAACCAGGCGAGCGAAACTGCCGCGTTGCAATAGTAGAGGTATATAGGACGTTCAGGTTAATGGTATAGGAGCTAGTGCTTACTGCTTGTAAGTACAATTTTTCGAACGGAATGCATCGAATGAAATATAATGCAAACCTCCCCAAATTCCTTCGGCCCAAGAAACAATGAGTTCCACGTAATCCAGTTGTACTTTCACTGTCCACATACAAAATTAAGCCATAGCCCGCAAGGAACGCATACTATCTCGGTGACATTAGGGATAGTAGTAATGGCAAAGCCTGGGGCGGGGAGAAACGGCTAGTCTTCGAGGAATCGCGCGCGAATAAAAAGACCTGCCTGCGAGGAGAAATTCCGGCTGTTTAGCTGTGTACTCTGAAACTCATAACTAGGTTGCGACGCATTGGGCAAGCTTGTAGCCCGGAGCGTACGCAGGATTGTGCCGTGGGGTAGCTATGCTCTAACGCAGAAACCCGTCCTATGGCGATGCCCCCGCACCCAGGTCCGCATTGATGCTGTTGCATATGGTACAGTCGTGATTACAGTGCTGCATCCCGTCGATATCTCAAAGGACCTTTTCTCCTGATAACCACTAATTAAAACGCTTTTAGGTCAGGAAAACGGCGCAGTATAGTGGGCCCCTGTCAAGGCGGAAAGGCTGTGGGCTTCACAAGCAAAATGGCAAAGTCCCGTGTGGACACGTTCGTGAGTGGGTTAAGCAAGGCGTACCCCGAATAACGCGATGCTACGGCGTAAGGAATGGTCCAAGGGGCCAACTATACCAGAAGATGTGCCACCCGCACACGAGTGATCGATCCGCCTTTCCCGGTTCCTGTGTAAGGACCACCATGTCGACTTGCGATTTACTCGTTGCGGGACTTTTCTTTAATTAAGAGTACCACGGCGTGCATACACTTCGGCGCAGGACCAGGGCCTCTTGCTGTGCGTTGACACCATGCGAGATTCCACTCGCCTACATTTCTGGCTGATGCGAAACT,1783,50.87,Mus musculus
SEQ_568307,CATGCACGCGGGTACTTGTGCGACTGGTTTTGTTGTTGCTGCGAAAACGACGGCGGTTACTGTGATGCCGTAGCGCATAGTAAATCGTCCGACGGGTAGCTTAGATTGACTCCTCCATAGCTGAGCTCGACAACTTATATGACTGATAGGACGGCCATGATTTCGTTCCCAATACAATACGTCCACCAGTTGTATGGCTATATAAGCAGATTATGTCTCGATATTATTGGCAAACGATCAGTCTGAGGATGAGCCCACCGTACAGCATCGGTTGTTGCATGATCCATAACCGTAAGGTAGAATTAAATAGACCGCTCAGGGCCAGTAGAACGTCCAACAATGGTTTAGCTTTCTCGCCTCCGACGCCGCCGTTTTCCAGCAACCGCGTGTGTAGCACCGGGTAGCAAATATCCTCTAGCTTGGCGGAACGTAATGTGTTGGATTATAGGATGTGTTAATATGATGCGATTGTAGACTATATGCGTTACTCGGCGTTCCCAAGCTTAGCCAGTCACCAGCGAGATTGTTAAGAGAAGAACCCCAGAGACCAAGTTGACCAGTACGCAACGTAATGCGGGATAATTATTCACCCAACCCCAAGTCACGATACGAGGTACGACATGCTTAGGACTCAAATTCGACAGGAGGGAGACCATGCCGCATATAAGTGAACGCCGTGGTTGGTCCCTCGGTGTGGCAGTTGTGTTCGCAGCGACATAGAATACGCACATTGCCTCTAACAATATAGAGCGGACTCAATTGCCTGGGATGCAGGCATGGATCATCTGGGGGCACCGTCACAACCGCCCTATTGGCTCCGATACATTTCATAGTAACGAGCGAATGCATCCCGACCAGGAGGAGTCCGCTGCCGAAGAGTCCCTGATC,888,49.89,Mus musculus
SEQ_701450,TAACTCGGAAATTGAGATGCGAAAGGCGCGGAAGTTGTTATATCCACAGCCCGTTACACGGTGGTCACCGAAACTTGCCAGCTGTACGCCTACTGTTTGTGGTAGTATGCTTGACGTCCGGGGTGAGACTTGAACTGCTACGCTTTAATGGTAAGATGCCTTTGTGAAGTGCGAAACGGTGCCAGACCAGATCTGCCTGTAGGTCGACTCAATCTGACCTCGGGGATTATTATTGCGGCACTCTTGCCCTATACTGAGATATTGACCCTATGAATCAGCTGCACGTGTCCGTGTGTTCTGACGAGGGGGCATTACTGGCGTCCGTAGCACAAACAGGGGGGGTGGGGCTGCCTCGCTGAGCTCACCAATTAGGAACGAAAACAACCTGGGTGAACACCCTAGACTTATTGCGCAGCATCTGTTTGTACGGGGTTGGTTGACCAACGTCGTGGCGAAGGGTAAGACCGTCCGAACACTTTACCGCACGACCGTAAGCAGAACCCG,504,52.78,Arabidopsis thaliana
SEQ_846522,CGGGGCCAGGGCATCATCATTCAGTGCATCCGTGTTTAGTTGACCCTCGTCGAGTGTTATGCGGTCCTAGCGAAGCTACTCCTAAACGTGTAGTTCGCTAGAGCGAAGTGCAACTAGAATTTATCGTACGGGTCATTTTCCTCCTCTTTTTGAAATTTCTTTCGGCGGTGCAGTCTTTTGTTTCACTTAATTCAATTTCGTAGTAGTAGCAGTATCCCTACTAGCTTACGGAATTCGGTTGTACCCAAGTTAATCCCCACAGTGAGAGGCTATCTGTCATGCATAATAGATCTTTACTCATGGCAACACACCAAAAACAGGATCGCAGCCGTGGCGCGCCCGGGTTTTTAAAGGGAATTTAAGCTCGGATCCCGCGATGTCACACCTAAATCGCCTAGAGGTAGCCCACGACATATCTCTTGTCTAAGCGAGGATGTCGAAAATAAAATACGCTACCTATCATGACATCTTGAACTCATCTTGCAGTCCGTAAAGATCCCGAAGCCAGCTACCTCAAAGAGTGGACTGCAAGATGAAAGTCAGGGTTTAATTATCAAACGCGTGCTTTATGCAATCTAACGGAGATGCAAACGAAGGCCACTGATTGGGATCGGATGTCCCCACTCGACACGAGCGAGCGTGGTGGCCTTACGTTCACCGTAGACTGGACAGACCAGAGGAGAAGCTTTCCTGGCCGTAACTATAGCCTTCCGAGAATGTGTGGCAAATCGGTCCACCATCGAAACCCCGATGGTCCGAGCGCCCAGTCGTCGCGTTTCACCGTTTCCGACAACTTATTCGCACTCTAGTCGTGTCTTGACAAAGACTTGATTCATATTTTTGGTGTATTGCGTAAATCGTACGAATCACCCCGTTGGTGTCGAAATCGTTAAGGCCGCCGCGGGTTACGACGTCTTCCCCAACTCAGGCCAGTAGTCGTGTTGATGGAACTCGCAAAAATAAGTACAGAGCTACTCCCGTATAAACGGGTTGCTGTGGGGCTCGTTAGTGTCATGTGGGCTCCAAACGGATCTGGGTACAGCACCGGGAACGCTTTTTAGGTATATCGTGCCGACGCTCATGGTCATCAGGAAACTCCGCAGTGGATCTTGACGGGTGTTCTGTAGAAGACCCTGCACTGCATGTCCGGAGCCTTGTCAGTCATACAGGTTGCACAACTGGAGGAGTATTCCCAAGCTTCATATCAGGG,1210,49.34,Drosophila melanogaster
SEQ_855703,GCCCAGTCAGCATGGTTCATGGGTTCTGATTCGTGTCTGGCCATGATACATATATCGGGAATTATCGTCAGTCGAACCGTAGATATTCGGGGATTGTGCAGTAGAGCGAATGTTTAGGCAGTCTTACGCCCATACGGAGAGGAATAAGCCCCTTAGAATGGCACCCTTGAAAGACTATTTAATCTCAAGTCCACTAGTACTCAGAACTGACATGATCTTTAACCCCCGTCGTCCGATTCTCTAGAGCTACTATCGCCGTCTCACACTCGACTGTGCCGTCTCGAGTGTCACTAATATATACCCGACTTCAGACCAGAGAGGGCTTCCCCTCGGCTATAGCTGCAGATTGAGACTGCTATGATAAACGCCGTGAACACGTGGACAGTCTATCCCTTGCTGCTCAGGCGAAGGTCTCCAGGGAAACAATCGTTGCACACGTGCCCTTCAAACGTATTCAGAAAAGTGCGAGGGCGCTTCGCTAAACCCGAGAGGGGGACAAGTGTGTCGGCATAGTGCGCCCTAGGCCCTACCTTTCCGGGGGCTGGCAATTTATAAAACTAAGCACCATCTCGGACCTTTGCCCATTCACAGGACTCTGTTCCTGTTTGCAGCGTCACGCTGCTTGGAATCCCAGATATCAGCCTCAATTGTCGCGGGGGTCAGTCCCACCATCGAAGGATAATTAGGTTGTCAGAAATAGGGGGTAGGCGTTCAGACAGGACACCCCGATGGCCCCTTTTCCACCTTCACGCGCATCATTAACCCGCCGCGTCGACCGAAGGCTCTCCATGCTCTACGATGGGTGCTGGCCGGATGTTAGACTGCAGTCGACTCTGCAATGAAAAAGATATCCTAGCAACATCTCTACGATGTCCGTTTACGAATCATGTATACTCTCCGTGTGTCGCTTGTTCACTCTTCGTGTTTTCATCACAGGTATGTGTCTCAAATCTTGCACCGTAAGTCACGGCGCTTGGACAGGAGAGTGTATAAGCGGGGCGACCACTCGTAAGAGAATCAATGAGTGATGTAAATCGACGTAGAACTTCTGAACTATGACTGCGCCCGGATTGGCTGCCGCACCGTGAAGTTGTTTATTGATCCGTCAAACGTTGGGGAAGAGTTACTCAACTAAGGTGATGATCGTATATCGCGCTACTCAGAACACTGCTTCAATGCCTTCGGCATTTTTGCGTACTATTTATAAGTTCGCCCTATGGCGCTTTATTCTATCTCTTGCAGTAAAGAAGTCGCCTCCAATACAAATCAGGCTCTTATTCGAATTTGAGCGAGACGCGTTTAAAGGTCCGAAATCGTACTGTTACCTTGACTGCAAAGCGCTTATACCAAGTCATTGGCCAACCCTGCATAAGTGTTCTGATAAGTCAAGTCCTTAGAGGTGCTGCTTCATGATAGTAATCTGATCTGACGTTCTTGAGTTGGGGACTGGACCTCGGACTGCTAGAACCCAACGTAGCGCAGTCCGGCGAGCCAGTGGGGCATTGGTTCCGATCCTTACGTTCCAAAGCCGTAGTGCATTAAACCGAACGTCTGGGGCATCTCTCCTACGAGCCCTCGTGTAAGATAGATTTTGTCGCGCTGCCGAATAGGCTATCACAGCGTGTGAAGTAATGCGGACAATGGCGATACCATGCTAGACCCTTCGGTAAGGCAATGCCAAATAAAAAGTATAGCCGGAACATTACGTTACCAGGCATGTTCGCATTATAGCCTGACCCCTGCTCCCCAGCGCCTAGACTAAGCAAGCAAGTTGGGTA,1778,49.83,Homo sapiens
SEQ_429685,AGGGGTAGCGCTAGAAACTTTCGCTTTTAATTTGAAGATGGATGAACAGTGCATCTAGATGGTATGTTGTAAGTAGGACCAGTTGGTGGTGTGCGTGGGTGTACCCGTGCGTGGAAAATGCTAGTTTATCTTCTGATTTGTATGACGTGTGCATCGCACATGCGCGTCCAACAGAGTGGCATGCAAGTCATTATGTACGACTATCTTTGAGCCTACAGAAGGTCTCCATGGCATTAAATTCTA,243,44.86,Saccharomyces cerevisiae
SEQ_388999,CGTCAACGAGACTTAACGCCAGTTGATGAGGTCAGACGGTGGGCAAAAGAGGGCTGTACTAGTATCCCGTGAGGTGCCGTCTGCAAGGTGCATGCTACTCCTAGACCAAGTGGGTTACCTCTTCGCAGGCGGGGTATCCGGCGAGGTATACCCAAGCGTATAAACGGGAGTTGTCATAAACGGACGTGACTCCCATTTTGTTGCACTACAGCTGCAAGGTCGGAGTTGCGCGCGACTTTTAACTATTAGGTAGGCGTGAACCACCTTAACATACATTTAGGGCTCACGTCGACGTAGGAAGAGGGAATGTGCCTCTGTGTCTTACGGACCACAGTTACAATTTACCAGCCACACTCTCCCCTTCTGAAGCCGAACGGGACCTCCAGGTCACTCGGTTCCTTTGACAAAAAGGAAGCCGGCTATAAACATCCGAGAAGTTCATCTAAGGGTCTTGGTATAGCCGCAAGCGGGCATAGCCCTCTGTGATTCTTAACGTATAAGTGACGTTAGGTCGCAGCACTCGCCCCCGGCTTCGACTCGCTAGATTCGTGTCGCTGACACAGCCGCATCGCTCCCCCAAGAGACGCTGGGCATCAAATGACCCCTTGTGTTAAGCACATACCTCCAAGTTGGTGCTCCGGTAAACCTGGATTCTTATGGAGTATAGCCTAACCAACCTACGGCGTTAGATTAGACATTATGTCGGCATTGCTCGCGCTAAGTCAAGAACCATGCTCATCCCGGGGTCAGGCGTAGGTTGCGCTCTTGGCCTTGTCCAATACGATCCAGCTCTGCTACGAAGTCATAGCAGGATAGAAATGTGCGTGGCCATGCCTCCCAAGAGAGTGCTAACTACATTCTTTGTCTG,868,52.19,Homo sapiens
SEQ_381173,TAGAACGGAGGCACAGGAGGGATACTTTAAGCAGCGGCACAAACAAGAGAAGGACCGCAGATCCTAAATTGTCTCTGCACCTTCTATAAACTCAAGATCGATCCCCTTTGGGATAATACTCCTCCTGCCGTCTCCGCCTGAGATACAGTGAAGAGGGAGCTAGATTCAGAGCAGCCCAATTTCGTGGAATCAACTCTGTTAGGCTTAGGGTGCCGAACACTGACCTCTCACGCACGTCCATCTTGCTTCTACAGCGATGGAAGTAAAGGCTTAACATGAATCATTGGACCTGGATAGTTTATCGACACTGGCACGACTGAACCTGTCAACAACGTTGATTACCCCCTTGTCTCTGCGAGCTAGCTTCCTGCCTTTCACGGGTGGAGGATACTACGCGTCCCTGCGCGCACTGAGGATTGAAGTTACCTTTAGGCGTTGGAGAGCGGGCTTGCCAGTGCTAACAATAGCACACCCATTTATTCAGGTGTGAGTTCGTGAAAGAACACTTCGCGACTGCAATACCCCTAACGAAGCAAGACAAGCCTAACTACCACAGCACGAGAGTACGCTTTGAACTTACCTTGGTATCTGACTCTCCTCGCTGGAGAACCGCACAAACAACGGGGTGGGGATTCTCGATTAGTAACCAGGTCCGCCCCGTGTGAAATGTGCCAAACTCGCCATGTCCTTGTGGAACTGAATGGAATCCTCCATTATTAAATAACGTCTCAATACTCTGTATTCAGGCTCGGGAACGGGTATGTGTTCCCGCAGTCGAATTCGGAGGAGTCCAGGAGTCGGTCTAGCTGGTGTTCACCATATCAAAGTTTAACGGGGCCGCGTAGTGGCCAGTCACGGTGTCCAGGAGCAGACTGAGGGTCGAATAGCCCAAATATGGTATGCCCGGCAGCCGTGTTAGAGAGAAAACACTGACATTTAGTGTCACGCGTTCGTCCTCCACCGAGATGTTTGTACTATATTCTACGAAAGTGGAGAGTTACTGGAGTGTACTTTTAGCCGAATAGTTTTAGAACCACTTGACGTCGTACTCCGGTCGCGTTTTCAGGCAGGTCAAGTCGTTTCCGGGTCGAAACTCAGACCTGACAAAGACGAAG,1115,50.13,Mus musculus
SEQ_482167,AGTAGAGGCTTCCCTTAATAATTTGGCGCGGGGGGGTAAGTGATTGTAAATGATATCTAGAACCCTTGAAGTACGCGAGTATACATCGGAAATTCTCCTTTCACCGGGCGGGGAGTGAAGGGAACGGACTATCTCGACATGTTGTCGAAGCTCGGCGCGTAATCTGCCGCGTCCAAGGAAGGGCAGACGGTGTACATTTCAGTAGTTGATGGATGCCTGTAGGCACATGCTCCGATCGACTTTAGATTATACCAAGTCTGCTTATACCTACACTGCAGTCTAGATAATCACATACCTACCAGTTAGCTTAATAGGCCGCCTGTGCAATTCCTCTGTGGATGTGTCCTAGAATTTAGAGTATTTTGACTGGATGAGAATAGTGCTTGGTTTATGGATAGCCAAATCAGCCCCAAACCTCCCACTCCGAGCTGGCTAGGAAGCAAAGGGACCAGCAGTGGTGTGCAGCAGGCTCTTGAGGGTCAGGCATGACGTTGACTAAAAGGATGTGTGTCTACGCAGTCCTGAAGTTTTGAGTCACAATGGCCTGCTGAAGTGAACTGTTACACCCTCTTTCCTAGTCCGGGGGACTTGGCGGCGCACACGCCATGGCGCGGCCTCATGTTCACACGGAAAAAACACAATCCGCCTGTTTTTCCTGTGCCGCCCGGGGCAAAGCGCTGCTCTAAGGAGCAAATCTAAACGTGTTCATCAGTTAAAATGTAGGCAAACGGCTTTGCGGCCCCTTTCAGCTAGGGTCTACCGATACCGAATATGTGCAAGAGGAGGCCATAGTAGCCTCCCCCTGTTCCAGCGAGCTCCGAGGTTTTCAACGCAAAGCTCAGTAATCCGGACTCAACCGCATACAGTGCAATCGGATTTGAAGTGATAGGATACGGATGGTTACTAGTTACACAGACTTTCTTAGGCAAGGAGTATACTGTTACCGTCATTTGTCCACCTCTAACTTTACACGAAAGCTCGTAACTCCTTCGGTAGAGGCTAGTGCGGGATCTGTTCGTTGAAGTGGGTCGTCGATCCTCCGCGGTGCCTAATTAGCAGAGGCCCCTGAGTTATACATAACTATATGAGTAGCCGTGAACGATTAAAGATCCGAAAGGGTGTGAGTAAAGAACGTTACAACCCGTCCTGTCTTATTTGTCCAGTAGTTTTGGCCGTCTTTTGAGACTTCGGTCTTAAGCAGCCAGAAGTGAGTGAAGATAACGTTAAACGGCAAAGACTTGTATGTAACTTGACCGCTTGCCGCGGAGCGATATATCGCTCTTTGATGTCGGTAGGTAATAAAGTGTCATGTCGCAGCAAAGGGCAATGGACGATACTCACCCTGATAATAAGGCTGCTAGGTTAAGACACTATCGAACTCAACCGTTAGGGCACCTTGCCATGTGAAGGGGCTCTAGAGCGGTTGCAAATAGCATGAGCCTTGAACGGAGTCGAATAATATCGCAGGCTCGAAACTCCCGAAACTTC,1488,48.99,Saccharomyces cerevisiae
SEQ_293676,CTGTCGGTTCCCACAGGACGTCCCTTAAGCACACCCCACGCCCGACTGTAATACACGCGTAGCAAGAATCGGCATTGCCGTAACTCCTTGCTAGGACACCCCTTTCAAACGTGCTCTTCCAGCCACTAACGGAGAATAAATTCGGGGATTACCGCCAAGACCCCCGTCACGGATTCTTACATAACTGGACGTAGGGGCGCTATTTATAATGTTCTAAGCATAGTTAGAGGTTCATGAAGACTTAGGGTCGAACCTATAAGTCTGTCTAGTACGAGGGTCAAAACCATTGGGAACACACCAGGCGGAAGAGCCACACAGCTGACAAGACTGGGCCAGAATATCCGTACGCAGAGCAGGAA,359,50.97,Escherichia coli
SEQ_690779,GTCGAACTCCGCTCCTCATGTCGCATCGCCCATCGGATACGGACCCAACCCAGGCAATGGAAAGCCTATAAATCCAGACGATAAAAAGGAGTAACAGACAGTGTGGGGCAAGAGCAGGAACAAGAAGCCATGCGCAGCCATTGCCTAAACGAAACAAAACACTACTAACGCCATCATAGACCACTTTGGGTGTGCCGACGGCCAACGTTCAGTGACAATGCCGTAATTCTGAAAAGGGTGGCTCACTGGGGCCAATAGCGGATAAGATGGCTGGCTACATCGCCATTGCCGATGTTTTCGGCCTCAGACTCATCCTCTAGGTGTGTGTATGGCTTACTGTCATCTAGCCGCCTGGTTTGCAGTGCTGCCCGGTGAAGTCAGATGATAGGTGCGATGTCGGGAAGGTAAAACCTGATTACTGAGATGTTAGTGGGTTTCCTCTAGGAACTGCCTCTCGCCTTGGTGCTTGGCCGGTCTGGAGAGGCCATCTGACGTAGTGTAACGCTAAACGGTCGAGAGGTCCTCCAACGTTTGGTATGGCCTTTTTCCCTCCGTCCTATAGCAACTGTTGGTAGCTCAGGGAATTCCATACAAGCCGGGACGGACTAGTGATCGGACTCTAACCGAGTAAGCATAGCTTCGTCTCGTTATGCTCAGACCTGCACGGTGGAAGCGCGAGACACTAGCGCTGGCATGTGCCTGAGACGGGACACGTCAATTGACCTATTTTAAAAATGCTCCAATTCTGCAACTGCTCCCTCTAGGTACAAAGTTATTCGAAGGTCTATCCCCGCATATGGCCGAGTTACTGAACCGGCGGCCCCCTGACATCGTGTAGAGGGTCGCCAAGTAAGCAGCATGACCGTTCTGTAATGTCTGGGCCTACTGTCATACTAACATAACGGCGGAACATACAACGCAGAGAGGAAGTATAAAGAAGCAGGGTAAGGTCATCCGTCAGAACGTACCTGGCAGATAACCTCTCAGTACGGTTGGGGGAGCACTCACGTTTGGAGACATTGAGTCACGCGTCTTGCACATGATACCAAGTGCCTGGAGCTGAATTCGTATATACTGTAGGATAACTTATGGAATAGACATGGGATACCAGTGTGTGCGCTCCCCCAATGGCGGGACCGTCGACTTGCGTCGTTCATATAAACACTCTGATAGCGGTATAACGGTGCTATCTGCTATAAGGATGAGCGTACGGGACGCGACAGTGCAAGTCAACCTATCCTGCTACGTGATACCCGAGAGATGATCCTTAGATCAGGTGAACATGCTTATAGATGACGTGTCAAGCGTTCGGAAACTCGACAACCGGTATTGCTCGCGGCAATCACCGCACGACCACTAGATCACATATAGAAGACTTAGTTCCCCCGCCTAGGTAAACTACCTCGTAAATATCGGTCTATACGTTGAGCAGCCAAGTTTTGTAACGTCTTTGAGTATGACCCAGTCCCATAAAGCAACCTGGTGAACCAAATGAGACCGCTTAGAAGCCGACCGGGCGCCCTAGGCACGCGATTTATGTGAAACTAGTTTGAGTGGGCCATTTCAGGTCCCAGACATTTCAGGAACCGCAGTTCCTGTAGATAGCTTCCCGGCAACGTCGAAATTTGTGCTGTGGTGAACATGTATCGCGCACGCTTTCTGAGTAGCTGATGGGGGACGATTTATGTCTGTTAGGTAGCAGGGCTCTTTTAACAAGTTTTCGACAGACCAGTCACTTTAC,1741,50.6,Escherichia coli
SEQ_482301,TCCAACGCTACTGCGGTTGACCATCTCTGTCAGGTCCATTGAAGGATAACAGACCCAGGTAACTGCTTTCAACGGGGCTCCTGTAGTGACGTCCGTAATTCTGTTATCACCCAAATTTCGGCTTCATTCTGGATACCTAAATAATCCTCCTGCTATTCTGTTTTCGACTCGAGCAAATTTGCGGCTGTTGATGGCGTTCCCCAAACCCAGCCAGAGGATCATGGTCGGTTCACCGGACATTCCGAATGCCCATTAAGTTCGGAACTGGCCCTCACCTGTACTGGCAAGAAAAAAGTACTACCGGCCATGCGTCAGATTACTCGTAGTTACAGTCTAATTATGTAGGGACCCTTTTCTGTACTCATGAGTCTGTCAGCTCGTCGCAAGGGCACTGCGGTCGGACTGAGTAGGAATTAACCACGGGTTGCCACGCTCACAAGACCGGAAACTAAGCTCGACTGGATTGTCGTTTCTGTCCCATCTAGCCGGAAGGTGTGGGC,500,50.4,Caenorhabditis elegans
SEQ_379478,TTTACTCAAAGTTCGCGTACATATTGGACGGCTAGGGCTTGGGCGGAGATGAACGTCTGTCAGGAAGGCCTCGCTTGAGGAAATGGTGTTTGAGATTAACAATTTCTCCCTTTGCACGATGGAGTACGTTACACTTCAGTTCTCCTATGACGAGCAGCTAAATCGGCTATTTACACCTGAGAGGAGGGGTAAAGCTCGCGACCTCTTAAGTTGCGATAGACTCATCAGTGGTTATATTTCACTCACCGCTCGCCCAATAGGGGATTCAATATTCTGCCCGAGTGCCCCTCCAATCAAGTACACGTTTTTCTAGAGTGAAGTCTTTTTGAAGGTTACTGAATGGCTTGCCGCGACCCCTAGCCACCAGCCACACGGGCTTAAACCCACAGGGTGATTAGTGCAGGGAGGCACCTGGCCCTGGAGCGGTTGCCATTATCCTTGAGTCCTAGAATAATAGATAACCCTGCGATGCATATATAGCCCACTTTACCTACGTTCAGGGGAAACGACCGCAGGAGACCGCTTCCGACCCCATCTACTGCAACCCCTATTTCCGTTCTAACAGTCTACGTACGTGGTGATCGATGACAATCATGGACGGCTAGCTGTCTTCAAATACCGGGTAGGTTGACCATAAATTGTACAACGGATCATAGACCGCGGCAGTATTTAGAACCCTCGCATCTGTAGAGCGCCGTCGATTGACGCTCGCTAGTGGGAGGTAACGTGGTAATGTTGGATAGGCACAGACGGTAGTGGGGTACAAGTCACAACGAATGTTCTGGATCGAGTGCTGCTCTTCGGAATAGGGAACTGAACTCGCAGAGCGACACGCAGGCTATTCTCAAGGACCGACCTCGCCGCGGCCGA,870,50.92,Homo sapiens
SEQ_977502,CGGACTACCGTGGGAACCGTGCTGGCACGTTAAAACCCGGATCAGTCAAACGGTCCGATAGAGCTTGCTAGGCGCTCCAGACGCCATTGGCGAGTATGTATGACTAGAACCTGCAACAAAGAGTGAGTCGATGGAAGCGTTCTTCCCGAAAGTTGTGATATTTTTCCATGCTATGTGATGGTAGGCCTGCCCCTTCTAACTTAGCAGTGAGGCGTGGCGGCGCGACAGGGACCTGGCCACGTCCGATAGAGAATGAAGGAGGCAGTACACGGGTTTTATATGTCAGGGAGTGGTGTTGAGTGCTCGCTCACGGACAACTTCCTCGTCTAAGGGCGCACATTCGCATGGGTGCACAGACTATTATTTACCTGTAGTCGCGAGCCAATATGTTATTAGGGGTAAGGAGTCTCGTTGGGCACAACTAGACGCCCGTAGTGCAATAGCCCCAATTGTGGAGAACTTTGATAAGTGGAATGTTTGCCCTATATCATGAAACTACTGTATCCACTAAACGTGCAATGCCGAGTAAAGACGACCCTATTCACACCGAACCTTGCCATACTTCGCGTCGCGGACTACATGACATCTCCTAACATTCCCAGCGCGGTTTTTGCATGTTCGAGGCATCTACTATGATAGAATAGAGGACTCTCAAATGGGCCAACCGGGGGAAAAACAGGCATACGACCATCAAGCTGACCCGCCCCGAATGGCTTCTGCTGATTACTGGAGGCTCGCGACGTACGGACACTCGCACCAAGTACGCGTGTAGAAGGTTCGCGGATGCACGGGTGTGCGAGCACTGTTCGCGTCCGGCAGCTACGGTTTTCCGCGGATGAGTATGTCCCCGCCCCACAGATCCAACCGATTTTAGATCGTCCGGCTCAACTCGTAGTGGGAGTAGTAAGACTAAATGTTATGTATTCACCTCACAACCACTCATTCTCGAATAGTCTCAGCAAGCATCTGAGAGCCGCTCCATAGCGTGGCCAAGCGAACCAACATGGGGCTCGTAAGGAGGATCTGCCTTACGGCATGCTTGGTGTGTGAGTAGCTGGCTGATCTGAGTGGTCAAAGGTGCAGTCGTACGAACCAACTCACCAACGTCTACTGTCTTACGGTCAATGATTAATGTAAGTTTAAGCAAAGAAAGGTACTTCGCTCCTCTTGTGGGTTATGCCCTTAGAACTATGGGCGAGAACTGTTGTAAAGGCGAATGCCTAAGCTCACTCCTGGTTGATTGTCCCTGCAAAAAGGAAGGCCAAAATATTTTGCAAACGCCGATCACTTAAACTAGGGTCAAATTGCCTAGTCCTTATACGCTTTGGCGCTATTTAATGATAGCGTGCGATTTGCGTAAATTTAAGATCAACCAACGAGCATACATCTGGGAGCAGGGGGGGGCGCCGTTATACTTTCAGGTACGTTGCATGATGTGCGAGAGGCGTTAGATTAACACTGTCCAGGTGTTTC,1473,50.37,Caenorhabditis elegans
SEQ_813362,GCTTCGGCCGCTCCAACGGTCAGAGGGGTTCTCGCTGAGCGAGCATATTACGTCAAAAGACGTAGCTCGCTCTGTGGGGGGGGAACTATTTTTCCATTTAGTAGTCACTTACTCCTCGGGGACGAAACGCTTCTTTGGTCCCTAGGACGGCAATTGAACTCCTTTCCTTATCCGGGCAAGATTGTTTGAGTCCCGTCAGGGGTGGACACCCACAGCGCCGCGAAGAATTACCAGGGGGGGCATTGGGAGGTGTCATACTGCGGGTTTATAATCCTTGCGTCACATAAAGATGCGTGACAGCAAGCCATAGGCCCTCGAGAAGCGCCAAAGGCAAAGCCCACGAAGGCAAGAGCATGTTGACCCAAAAATCTATCGTCGTCGCGAGGCATGAAAAGCCGGTACCACTGCCGACCAACCGGCATGTCCAACGCAGAACCGGGGCCAATCGCTGATCTTCACCCTGTAGCCGCGTAGTTAACACACTTAGGCAGGATGACGGTATACTGGTATGAACTTACAGACTCGATAGCCGAGCAGACCTGGGGCCCAGGGTCAGGCTAGCAAAGCCTAGGCCCGAGGGAGATTCTATGCACGTTGACTACGAGCCTCATTACTTGTTTTGGTGGGAGCTCCGATCAAGAGTAACATGGTCACTTGTCCGCTCATTCGTGCCGGCCAGAAGATTGAGGGTCTGCTCGGTGGATTCAAGGTTCAAAAGCGGGTAGAGCCGATAGTGAAGTAGACGCGCGTTCGCGCATATCGTGGCGGGCCACAAAAGAATAGTACTTCTTTGGATAATAACCTCTACTGTTCTTTTCTCACAGAGTGTGGGCGCCCTTTTCCCTCATTCCACAGGGTAGCTAGTAAACTAAGATGGTAGCCCGCCGGAGGGTGTTGATGCGGCTGAAAGCGTTGTGGCCGCAGGAACCCTGACGTTTGTCACTGTTGTGCTCTCTAACTGAGAGTGATGTAGTCCCGTATCCGATCGAGCCCCGCCTAAGCTGGCTTGGCAAAGAGTGCTATTGCTTCAGTATAAAATTGGCGCGGTTAAGGCTCATCGATAGGACAAGTGCTTATCCGTGGGCAATTAGTAGCGTAGCCAAGTGTGGACGGAGCCTTGGTGTGGAAGCTAGGCCCTTATCAGCCCAGTTTAATTGTGTTTCGTAGATTTGAAATTTCATGCTAGTACCGCAGTGCGTTAGAAATTAAAGTGACCTCTAAATCTCACTGAATGCTATCTCCGACCACACGAAACGACAGTTCTCTCGTGTTTTTCGAAACGTCGAGGGACTGACTTGCCATTGTCATCGTTTAAGTTTTCAGTGACGTTACGCTAACATTAATACCCTAAGGGCGGCTTACAGGGCAATCCTAGGTCTAGTGATAATTACGATGGGCATCGCTTGGTAACGGCCTGGAAGGGATAAAGCAAAGTAAGGCTATATCTAAGGAGAGTGAGAATTGCGACAGAGTTACGTTTCCTGGGACGCAGGAGTAGGATTCAACCCAGAGTTATTACTGCCCGGTATAGAGGGGGATGCCGGGCGCTGGTTATAACACAGGGATCTTGTAAGTGCGCATGGACTGCGTGTTTACATATGTCTAGTCATGAATGGT,1617,51.08,Drosophila melanogaster
SEQ_421761,CGTAATACTTAAGGCTTTGGTGATGCATGTCCGCACCTACACCTGGAGTTGGCTGTTATGCTCCCGTGACTGGACCTGTCTTAAGAGTACGCTCCGAAATTAGATGAGGCATTGGTGAGCACGACGCCGGCCTCACCTCGGCAAGTCACTACCTGGCAAGCCGCTGCTGCACTAGGCAGCTACCAGCAGTTTGCCCGGTCGTACTGTATGAGACCGGACAGATTCACCACCACATACCAACTAAATACCAGTGTTACTAACGCCCATGGTGGAACCGCTAACATCAAGTAATCCAGTTGACTAGGCTAACCGATTGTATGCGGGGCATCTAACACACCAGCGAAATGTGTACTACACAAATATCATTCTAGACGCAAACCCACGACTGTTACCTATACGCTTTAGCCCGGGAGTAGTCCACTACCGCCTGTTGGTTACACGCACGTGCAACTGAAACGTACAGTACTTAAAACTACTTGTCACATTTTGTAGATGCGACCGCCGTCTACAGTTCGTTCTATGTATTCTGCGGTTCACATGTATCTCACGCGTGCAACTTGTCGCAACCACTGTAATCCTAAAATGTTTGTGGACTGTTTGTTCCCGCACGTAAGGCGTGTCCGAACTCTAGAAGTATACGTGCGCAGTCTCCATTCGCCATACATACAAAACACATGCGGAAAGGCTGATCGGTCTCACGTTATATGCTCTACACGGAATGACGCTTGTTCACGTGTCCATTCTCCTTTTTGCCAGAGACTGGATGGCAAGAAACCAAGGCGATTCGCATGACTCCGTGATTTTAACGTCGTCCGCCCTCCGGGATCTTTTTGGACGCCCGTGCCCGGGCTGGTAAGTTGCCACAAAATTATTTCCTGCGTGTGACCGTATCACACGATAAGCCGAAAGTAGATACGGAAGTCAGCTCGGTTCTAGTTCCCTTAAGATAGTACCCTACCGTTCTTATTCCAATAGCTGCCCCCTCTTGCGTTACTCAGTTGAACTGTCAGAAATGACAGCCGGTGACCGTAGTAAGCAGTGCGCCTTATGACGTTCGCACAGTGCGACGATTTGGACATTTTACTGCTAACATTGGCCTTCCGCTGTGCGTAAAGTGTAAGCCACTACAGAAGTCCACTGCGGGTTGCAGACCCATTCACGGCTACACCTAGCCTGGCGGAACTTCGACATTAGAAAAACATCCCAGTAGAGGCCCTGATTATGATCCAATCCTAGAGGTTCGAGTATGTTTAAGAAAAAGCCTGATCGTGCTGGATCTATGTTCCGGTGCGAACATAGCATCGCAATAGCGCAGATATGACAAGTCAGCCCAACGCTGCGTAACGTTCTACATGCATGGGTGAGCTGGGCGGCATGAACCGCGGAGCCCCCCAGGCTCACAGAACTGATAACTTCACGCCAAGTGCAAACACCAAATCAAATCCTCGTGCTTCCAAGCAGTAATCGACCGACAAAGAGCTTATACAGTTATGACAGTCGCACGAGCGCTTCCGGCGCGGCAGACATATTCATGGTAACTAAAGTCGATGCTAATGTAGCACCAGGTAGAGGTGAGGTGGGGTTCTACG,1589,49.97,Homo sapiens
SEQ_785578,AGCCCTGACCGCAATGCATTTATGGAACTGGGGTGTCAACGACCGTGGTTGTCGCGAGCCCGTGGCAGGATGCATCGTAAGTCCGTCTTTTGATCCAATATCCTGCTGCAATCCTGAGTAGTTAGTTTACCCCCCGCGAGTCATTAGCCACGGGATTGCGCACCGCGGAGCGTTTTGGGAAGGGGAAGCCTCCACCTACGGGCATGTGGCTCGACATCATCGATCTGTCGATAATATCGTGGTGTCTGATTTTGATGTGGATTGGAATCGTGTTTCTCGGTTTATCTTGTCGAGGGGTTAAGGACACGTGTCGGGGCTGGGGCGGTCTTTCCTGGCTCTGGGATCGAAGCTGTTACTTTCCAATTCTCATCCATTTTTCAGGGCAGTTAACCTTTGGGTCACAGCGGCTCCCAGGCTGGTTCCATGTCTCGAAAGGGAATACAGAATTCGCAACCGTTAAGGCCCCGTCAGCTAGTCCTCCCCCGCAGATAGTGCTTGGATAACTTGGTAAAACCCACGATTCCACAAACTCTAAGAACTGATACGGTCGCCAGCCCAGAGATCCGAAGTCGAGGTTTGTAAAGAAATGCAGCTCCTCCGGTCTTTGTTGCCGCTCCCGCAACGATTGTGTTAGCGGTCAGCGATGAGACTCGACTGTCCCGTACACTGCCATAGTAGTAAAGTACTTTGGAGGAAGAGAAGGGGAAACACCCAAGCTAAATAGGAAGACCGAGTACGGCAGGCGTATTGTTCCCTACACTCGTCTGTCGAGCAAAA,777,52.25,Caenorhabditis elegans
SEQ_160785,GGACGCAGGTTTATTGTAGACCGAACATTCACCAGAAAAGTCGCTCGACAGCCTACTAGCGATCCATTGACTGGGCGACTGCCAGTTAATATGTTCACTTCACCGTCTCTGAAAATAGTATGCTCATTTATATACTGGAAGTTCCAAGTGGTGAACCCTTTATGGACGCGCGTATGCAGGAGACTACGAAGTTGTACCCCCTCTCGGTATTCTTATGGTCTCCGGAGACGTCGCTGTGGGTCCACACACATGAAACGCTAGACAGGTTCTTGCACACAACTGATTGAAGAAGCCCACGACAACCAATGCTCCGTGTACAGATTGATTTAGCAGAAACGAATTAAAATTCCGCAGGAAGCATACCTATCCGATGGGTCCGTGCCCCGGTCATTCCCCTTGCTAACACTTGCGACCCCCGGACTGTTCAGAGAGTTGTGTAACATTAAGCGGGATGAACGTTAGCTCAACGACCCACGTAACAATATGCCATTCAAATCCTAGGGGCTCGGTACACCGTGCTCCTCGGACCGACATTAGCGCCTTCGGATGCAGTCACGCTTCTGTAATTCGTGGGGTAGCCGGTAGACGATTCACCGCTATTAATGGACACTAAAACTCTGCTAGATGTCCTTTGAGTGATCCTAGGATGTATGAAATTTTATCCAGCTGAAGCCAGCTTTGTCTTACTTCAACAGTGTTACGTGTACTCAACTCGATTAAGCTCCGAACGCAGTCTGTCTCGTCTTGGATGGCATGTTGGGCTTTATGTCGCTAGGCAATGCTATTCACGAGTTCCGAATTTAGGAGGGCTTGACGAAACAGACCTGCGGCCTTCGAATATAAAATAAAATCGTTTCAACCTCTTTGCTATAGACCTTGACCTATGACTGTAACGAGTTTTGCTCCAACATACCTCCTTTATGCCTCTCTCATCGCTCGTTATGCACTCCAAGAGTGATAGCCGAAGACCACATTGTCCCATGGTTTAAAATGTAAGTCCCTCGCCCTCGCTGTAAAAGCGCAGCTGCCGAGAAACGGGAGACCTCATCGAGTAATATGTCTACCTATTACCACCCCGAGTATGGTTCTTCCGGCTGCCATCCCGATGCAGTGGTCTAGGCCGGACAGTGAGTAACGCTACGAGATCACTTTCCCATGTCGGACTACGCCCTACTGTAACGTACTGCGTGGCGGCACGCACAGCTGATTGCCGGCGCTTCCTATTAGAAGTGTTACCAGGTGCTTCCACTTTTTATAACCCTGTACCTCGCAGACGA,1277,48.94,Homo sapiens
SEQ_593291,GAGCACAATGTAACTTAATTGCTGCACGGACCCTGAGTAAACGTATCGAGCCGGTATGGCGCTCCATTTCTGCCAGCAAGATCGATTGGAAGTATGTATCTTAGCCCAGAGTACAATAAAAGATATTTGTCGAGCAATGGCTAATGCTTGTCGAACTGCCGTCATGGACAGTGTTCTCGACCTACTATCCTCGTTGGCCGAGCATTTCCCTGTCCAGAACCTCCGCACGTCTCAGATGGTATCGCCTAATCGCATTCATACCGGCGCTTCCGTAGTTATACAGCAGAGCTGACCCATAGAAGCTAAAGGCAATTACACATTGCGGCTGCAAATGTGAGAGGACGATATCACCGACGG,357,49.02,Homo sapiens
SEQ_962938,AGCGCTTAGCAGACTTATCTGAATGTCAGTGATGTAGTAAATCTAGGTAGTAATGCTGGATGTCACAATCGGGACTCGGAGAGACAACCGACACAACACAAGACCGATGGCACAGACCGCACAACACGTCAGGTTGTTTCCGCCGCTCGGTCTGCCGACGGGCTTTATCGGACCCGTCAAAGGTACGTTAGATAGGGTAGTATACTCCCAGCAGCAGACGGGGAACCTCGAACGACATGCAGCGCAAAGACAAGACCATCACGGCAATAATCAATGTCCGTCGAAGTTGATCCAAACTAGTGCGCTAGAAACCTCTCATCTGTGCCGATAGTTGAGGAGCCATCTCAGTTCCGTCTGCTGTACAGGTGTAAGTTGAGCCACTCTGCAAAAGGTCATTTCATCCTTGGAGGAGTGAGTAGGGGTTTCTTCCTATGACATAGATTCGGGCCCTAGCTTGGTCTTGCGGAGTAAGGCCAAGTTAATACTGTTAGCAAACGTATCTGGTGATGGGCTCTTCCGGGGAGGTTGCGTCTCATCTGGCCCAAGCACAATATGGTCTAACGTACAGTTGGCTAAGGGGGAGGATCCACCATAGTATGGCAACTGGGGCGTACTCCCTGCATCAGTTGGATTCACAGGGGGAATGGATCGACGCGTTGCGTACAACGAATCACCTGGCATAGTAGAATCGAATACTGGGCTTGTGTGGGCAAGGATCTGGCTGGAAGATACGGAATTGAAAGAAGCTCTCAGTTAGTTATGGT,764,50.52,Arabidopsis thaliana
SEQ_324346,GGACTCTGAGTGACATCACCGCTATCCTCCCTTGATGCGTGACCATGAGTGCATACTTAACTGGCAGTCCGGCTATAAACTAGGATCTATGATCTGGCCTACGTGGTGAGCTTACAGTGCGAGGGCCATACGACGATCTCAGAGGGAGGGACTCGTGACGGGCCGGCAGTGCTGCCTCCGGGGGCGGAGTTACCAAAATCGTTCGTAGCCCCCAGTCACACACTGGCGATGTGGAGACCCGATGTTGAGAAGGCTTTTGCGTACGAACTCATCTTGGGAAAACCCTTCACGAAGCGGCGCGACTACGTCAGTTTAACTCGTACTTTTCTGAACAATCGCTCGGAAGGGTGGGGCTCGATTGAATTACATAGATGTCGCCACGTAATCTGAACTTGTTCTCTGAAAAACTAGGCATGAAGCCGGGTGCATACCGTCTGCGGTAGCGAGAACTGCTGCCGGGCCGCACGACAATTCGGACCCGCACATATAGTACGATGTCGCCTTCCGGGGTTTAATAAAAGATTTCTAACGTACTGAGTCGCAGGCACGATCAATCATACTAGAACGACCTTCTGATCTCCGAGTTTCACTTGGGTAAATGCTGACTAATGACGCCTCCATAGTGATGTGGCACAACGTTATCTCGCTCCCATCGTGAACCGTTAAAACGTTTAATTTATCTCGTATCGA,690,51.3,Escherichia coli
SEQ_139282,CGGCCACTGCTTCATACCTACTAACGAGCCGAGCCGAATCGGATTGTGCAGAGGCGGAACAAGCGCATTTGATGTATATGCAATGCAGTTCATTTTCCGAAAGGGGAGGGCACGGCAACAGACTCACGGAAACGACGAAGGAAGGCTAATGATTCATACCTACAGCAGCGCTCGCGACCTTTGGTACATGCCCAATTGATACTCAAAGTGCTACAGCCGTTCCTTGCATGTCTGTGCGTTCAGATTACTGCCTTCCCAAGATTATCGTAGACCTGTCGAAGAGAGTGTGCGCGTCCAAAAATGTTCGCTTTAGCCTAGTTGCACCAAATGCAACATCGCTAACTGACATTCCGTCAGTGGTGCTTAATGTTCAGATGGAGCGTGGAGAGAAATAATTGTGAAACCTGGTAGGGAGCGCCCAAAGAGGTGGTTATTGACCATAGGACACTCTTCGTACCCACGACGATAATTCTGGCGCGACCCCGCAGAAACTAGACAGATCTGAGCCGCGTCATGCGACTGCAAGTGACCCGCAAATGTTCTCAGCACGAGTTATCGGTTCCAGGGGTCGAGGATGCTTAGACAGTTGTAGTAGTCAGTTGTCATCAGTAGGCCGGCTGTTCGCTAATACCCAGGTGGGCGGTTTCTTGCTGAGCTAATAATGCGGAATTAATCATGACCTATCCTACAGCTGGGAAACCTAAGACGTCGAAGAGGGGGGCAACTTATACCTTAAGCCCCTTGGGGGTAGGAAGACCCTGAGACCGCTGCTTCAGTCGCCTTGATGGCTTTCCATGATATTAATACGGTCGACCCCCAATATCGCTATCTTGCAGTACCTGCGTCCCTCTGATGGGTCACATCCTACTCTTGTAGCGGATCCGGGGCATTGCGCTCAACTCTCTACGGCGTAGCTCAGAGAGATGCAATAGTTACCCGACCGCTTCAGACACGTATCCCAAAGACAATCTTCGTACTCGCAATTTCATTACATTGGGCGACATATCGTGGTAGACCCTCCACGCGCGACCAGGTAGTCTTTAAACAAAGCAGCAGGGATATGCTAGAACGAACTATAAGAACTGTTGACTGGCTGTAAGACAGCGGCTATGATGGCTGGGCGTACTATGTAAAATTCGTCCGCCATATATGCCAATATCGAGGAGGGTTGAGTCGTAATCACCTCCACCTACAGTTACGGTGGAAAGATACCTTATGTTCTGGCCGGAACGCTTCTAGTATGTCGTCAACGTTGCTTATAGCTCGTCTGTTAGTACTGATAATTCGTTAATGACCCGGCCCAGTCGGTGTCTGCGCTTCGCTCGTATGTGCTGTGTCACGTATCGTAAGGGTAGTCAAAGACGTGTTCCTATCTCCGGTCATGAGGTGAGGGACGCGGTGTCTTGAGTGCGAGGATACGAGCCTGAGGTCACGAGCGTATTGAAAGGCCTAGATTCGCGATGCGAAGCTTACCCCGAGGGGGCGCATTATTGGACAGACTTTGAGCCTGGTAAAAGGAAATCCAGAGACTGTTCGTATTACCGAACCACCCAGAATAAGTATGTGTG,1568,50.32,Saccharomyces cerevisiae
SEQ_126712,GTCGGGCAGGATGAAACCGGTAACAAAGTTTCACAGACTTGACCCAACTAAGTTTGGGAGAGAAACAATCAAGGTCCGTTGGTGGACCTATTAACGACGCACGCTAGCTAATGGAATTGGTATATTTTTTACGTCTAACAAATTGCATAACTTTCGCACGTTCCCATGGGTTGATTATGTGTCCAAGAAGACCACACGTCTCGGCGGTCAGGCCTCTTGCCACCTATCGAAGACGGCAATAAGTTCTTGGTGTTCCGTGACGATGCTTGGGGGAGTGGCGGTAGTAAAAATCCGGGCACGACGACCTCCCGTGGTGAAGTATGTACGACCATTTCTATACTTCAGAGTGTTGCCCTGCATCTTGACAGCCAGAATGCTTGGGTATAGCAGAGTCCTCCGAGAGGACCTTAGGTTCCTCATATTGCCGACTAACCACCCAACTAGGGTAGCCTGCCGTTGTTACCGATATCACTAAGAGTTACTGAGTCTCTGGACGATGGGACGCCCATTATATCCACGTCGGATGGGATACCTTGTAATTTGACCAGTCCTTAGGTTGAATTTTTCATAGCTGCGGGTCCGCTGGTGGGGCCGATCATTATCGTCCACCTTGATATATGCTGATTGGATTCCCCTGGACATGCGCAAGCTAGTACACGAAGAGTTTGCTACGGCCTGGATGTGAGGACAGCGCAATTCCGAATGCACCAGTTATTGGTAACGTTACTAGTAGGACGACTGTCACGTGAGCCAAGTGCTGCGGCTAAGGTACACCACTGCATACAAAAGCAGGTGGACTTCGACAAGTATCGGACGGAGTTAAGAGGATTGCGCGTGCAGCCATTTAAATGTTTGACGCCTCTGTTAACAGTGTGTCCTATTCCTCCTGTGGGCCAACCACACTGACAGACCA,913,49.51,Saccharomyces cerevisiae
SEQ_344515,AATAGTGGGCGATGACCACGGTTTAAACACGACGAAGAGGCTCGTCCGGCCGTAAGAGCATCAAGATGACTAAGGACCTAATAAAAATTGCGCTAACCTCACCTTTTGAATTTACAGCCTAGCGGATACTACGAAGCCCTGTATCTTACGGCAAAAATGCTTAATAACTAAACACAGCTCCCGCCTACACAAAAGACTACGAACTACATTAAGTCCTTCCGAGTTGATAATTTCTTGCCAAGTTAACGTACCATCCGATGTAGCGCGGGGCCCGCGATGGGTTTAATTCTGCTTTTGATTCCAACCACACACAGGTTAAACTTTAAGGTGAGTTAGATACTTAGTGGCCTACAATGCGGATATACATGTCGCCTCGAGCAATTAGACGTGTCTAGGACAGACACCCGAAGGGCTCAATACGTTCGGCAGTCCAGCGCGATTTCGTAGTGCTCTATGAGCGAGTAAACCCGCAAGAGATAGAAACTTTCGTAAGCAGGGACTCCCCACTCGTCGGCCCTGACACGTGGAAACTATTGTTAGAAGCTCCGAGCACACCCTGAGCCGCGCTAACCTGACTACTATAACAGACAATCGGCGAGAGATGACTTGCCTCTACCCCGCCGCATGTATTATCGGAGAATTCCCTGTCCGTAAAAAATTGGAATCGCATGTAGCACTACGTGTACCTCGGTCCACGGGTACAGGAACTTGTGTTACCATGTGAACTTGGATACTTAGTCAACCCCGGGCGATCCCCCTGCTTAACAGAGACATGAAACCAGTAATGACTGGTTGATCGTGATTGAAATTTGCTTCCGAATCCACTACCTCCTAATGTCGTATCTCCTTTACAAGGTGCAAACAAACTAGAAGCGCGGATGCCTCGAATATTCCACGTTCATAACCATCCAGGATTAGATGTACGATTGTTATAACCGCCGACTGACTGCGCGCAAACTTGGGTACCCATGAGACCGAGACCAGTACCCGGAACATCACAGACTAACGCCGAAGGTGAACTGTCGGTACAGTGTCAAAATTATGTACGACCTTTTGTATTAGTGCTGACGCTGAGTGGGCTGCAGGCCCAATATACAGTAATCCCCGCAAACCGAAGGGGATGCCCACAGAAGCTCTAGTGGCGACACTGGCCATCCCCGGAGGTTGTTTGAGTTAAGTTGGGCTTATGCTTCCCGCGAGGCCGGATCGAGTAGCACCTCAGGCGAAAGTCCTCTCTGGCTGACTCATAAGCTTAGCGTATCCATCGTTCTACACGTTGTCCTCCATTGTCTCAGGTGATGGTCTAGATTAACAACAAAAGTTTATAAGTAATACCAAAGCCATTATTTCTAATTTTTAATGAACAAAGGGTATTCGAGGCCTGTTAACGCGCGATGTGGACTTGTGCGAAAATAGCGTTCCGCGCGGCTAGCGTGTCCAACGTACTCAGATAAAACCCCAGTGGTGCCTGTAAGGGTATTTAAAATAAATCGACCAGATTTAAGCACGTTAAGAATCAAAGATGACCCGCCCTGCTATGCGCTTAGTCGCTAATTTCGGGAGCGGGAGTGTCGTCTGGGTATATGCGGTCCGTTTTACTTGCCCGAGGCATGCAATGAGTGCAGTCTAGTACATGACGTCTATCAAATATACGAGGTACTTAATTAATTTTCACGTAGCCTAATGTGGAAATAAGTATGTCGCCGTGTCGCAGTTTGTGGGTGTATCCCCTAGCGACAAATCCTTTTTGCGGCATACTCACTATAAGAGGCGGTGCTATA,1781,47.61,Drosophila melanogaster
SEQ_412173,GTGTGGCTGTCTGTGGACCAGGTCAACTTGTGATTTGACAGCGCGCTTCTAACGGTGATCGAGCGTCAGCCGACATCACGTCTTAGACGATTGCCTTAGCGCTCCCTTTCAACCCCGAGCAATTAACACGAGAAAGTTAGTCGGAAGGTTGGGAGACTTTTCACTTGTTAGTCATGCCGTTGATCCTTTGGTTAAGTAAACTTAGCTAAGTGTTGCTAGTTAGATGAGCGAGGTAACTTTAAATACGAGACCGGTGGCCATTTCTAAGGTGTAACCACCACCTCGGATAGTGCGATGCGATAGTGCTCAAACCGGGGGCCATGTAAGACAGAATCAAGGATTTATACTTCCTTGGGGACCGTCGAGGTCATTTTACGCCACAAGAGAAGATAGTAGTGAAGGTTGATGTACGGCTCAAGACGGTACATGCGTGCACTAATTGGACCATCTTTGCTAGGCACACTTGACGCGATCTCAACACGCGCAACTTGCGCATCCTTCACAAGTCGACACAAGCGAAGGGGATTGCACTGCCGCGACACGGAACTGCTTGAGCACTAAAAACCTAATACTTTCCTGTGGTCTGAAGGTGAGGAGCGGCAGGAAACTGCAACCTGCAGGCTAGAAGATCTTGTAAACAATTATCTACAAACTTTACGGTTTCGTGCTGTTAGCCGAGATCAGCGTATTCGAAACCTACTGGGGGTCGACCGAGTGTCTGACGGTTCTCACAGATGGTATTAGCGCAGCGTTTTCCTAAAACTATACGGTGGTTAAGGCGATCCATGTTCTTATCATTGTCCTAACCACCTACTCATTCGCCCTTAGAGATGACAGAAGGGGCTAGCGCTGAGCAAGCCGGTACCGCTCGCTAACGGGCCGAGCCTCTCGCATAATTTAGGCGATAACCTGCGGGACCTTCCAAACAAATATACCAAAGGACACACCGTCGCTTAACCAACTAGAAATATAACATAGGGGCTCGAGCCATGGCATCCAGGAACGGACTTCACAGGTAAGAGTACTAACTAGCTGACCTGTTCTGGAATTGCTGCAATACTTTTATGCGCACATTTTCTTCCCAATATCCGAGTACGAATTTGTGCTTCGTTTCTTAATTGAACATTACGACGGGTAGAAAGGGAGCTTAATAGGTGCTTGTTCTTCGCCTGGGTAACCCATGTATCACGCAGAAACTGACTTTCAAAAATTTTGCTGCTCTACCTCCACATTCCTGCTGTCAGGCAACGGGGGGTCCAACATTTTTTCTGCAGATCTCCTGACAGTGAGATCAG,1295,48.11,Drosophila melanogaster
SEQ_326500,AAAACCGACCAACCTTTCAAACATGTCTATCCTGTTGAGATACGTGCTATATGGACCACTACTGCTGAGTAGCCGAAGACACTAAACTCGAACCATTGGGCCCATGGAGATTAAGATCCGTAAAGCATTTCACTAAATTAGGCTGAATCTATCTCAAGCCATTTTTTCAATAAAGGCTTGTAGGGAGGTGGCTACGAACCTCTAGATTAGATTCTAGGAAAATATGTTCACGCCCCTCATTGTATGGCCGGTATACGCGATACCTGATGTCAGCCCAATCCCTGACTGCTCTCAACATTGGCACAAATTGAACACTTTCCGTCAGGTGCCTGAAGTAGGGCGCACTCATATCGAGTAGTATAAAGTCTTTCAGCTTGACTTGATCGGGAGTGCGACGATAGCCCAAGAGCAATGCCAGGGGAATCTTACCACTACATCCTGAGGGCAGCGTTACCGAGAAAGGAACAGGCAAGAGCAGGTTTTCCGGAGACTGGCGGCCTAAACATTGTAAGAGGAACGAGATCCGGATCCGGCATAATAGACTCTGGGCTCGGATAATTAGCTATCAGGCTAAACACCGCCCGGCAACACGCAGGCGTTATCACACGTGGCGTAACACGTCACATCGTAGCTTCCCACCCAAGCCTCTCCGATAGTCCTGGCCAGATCCTCTCCCTAAAGGTTCGCGCCCAATCCCTCTTGACGTAGGATTCTCACTGGCCAAGCAGGGTTTATAACTGGTCCACCCTCAGCCTATATAAGGAAGACGTCGGCAAGTCTGCTCGCGTGCCTGGTGCGCCGTGAACGTAGGATACGCATCTTCAGGCACCGACCTCACTACGGGACGCGAACGGTACGGTCCAGATCTTGCTCACCCGGTCGTAAGGAAGAAATGCAATTGAGAAATAGGGAAGGCTGTTATATAATCAGTATCGACCCCCTATTCTCCGTGCAGCATGTCGCAAAAGAGCTTTAGTCTCATCCCAGATGGATGATAAATTCCTATCATCAGACGAATATGGGAAAGCAAACCGAGGAGTCGCAATTACACACTCTCGCATCCGAGTCTCGAGTGAAGTGGGGCTAACTACCGACCCCCCTTTAGATCTACTAATTTCCCCTGTGAGATATGAGTAACCAGTGCCTGAATAGGACATGTATCGACCCTAACAATGAGTGGGCTCTCCTCTCTGCACGCTACTGGACCCTGTCATCTGCCCTTGTTCGATACTTAGAAACAAAACGTTATGAACCGATTTTTGCCAGATTAGTGTGATCCGTTCCATGGCTTACGTTCCGACATATCTGATTTGAAGACCGTTTCGACGACTCCTGCAGGACGGCGTAATGTGCTCGATGAGCGCGGGTAGCCGCTATCGCGTGTACAGTGGCGAGGG,1397,49.82,Homo sapiens
SEQ_347848,CGTCGACATCCCGGACGGAAATTGATTCGCAGCTAACTATGGGTTTGTATCACAACTGGTACCTAAGGTCCGCACTTCTTGCTTTTGGAACCCTAACGAAGGCGAGCTCTATCTCACGCTCAAAGGTTACAACTGCTACTCGCGTTGGAACCTGAGGAGATAATGCATAAGCGCTCTAGCCACTTCGAGTCGCGACTAAAGGGGACGAAACACGTTTCTTCACTCGAACGAGTAAAAACCTCGAATCCGGCATGCGGTCATAGCATCTTTGCTTTAGACTCCAATAACCCTGTGGAGTTAAAGAACGCGACATCACTATAGTAGCGAACCTCGGGGTGCACCAGATTCCGAAACCCCCACCCGGCTCCTAGTACGTGAGGGAGTGGAGTTGGATCGTCATGTGCATCGATTATCGCCTCGTTAAGCTCTCGAAGGCGGGAAGGCAGAGACTCACGCCCATACCCCCCCTGACGGCCTGGTTTTGGGTGATGCGGGAGTTGACTGCCGGCTGCGGCCGAATTGTGGCTCCCGGCACAAGGAAGGTTTGCGGTCCGGTTGCGCAGGGCTCGAGTGGAGACTGAACAATACGTCTGAATCTGTGGACTTCGCAGTGTCAATATCGGCTAGCATCTGAGTACCAATAGCGCCCATGGGCGGATACCCGCAAAACCCGTCTAAGGTAACTCGCATAAACGTTGCCGACCGGTCGCGCGTTCGCAGGCGCGAACGTAAGTCCGTGAGACCGAGATGTGCGGAATATCGCGCAGCCCCATAGACGGTGGCGCAGATTTTAGAATTTTTTCTACTTAAGTGCACCGCATTACCTAATCTTGCATTGGTTAAAAGGCAACTTGAATACTGGCTGATCCGTATAAGACTGCTAACCGCTTATTACATATAGATATAACGGCCGCTATTAAACCAAGTTTGCCAAGGCACCTATCCCTTAATTCAGCGAGACTGTATGTGGTTCATGCCTCAATTCTTGATCACATCCGTGATTCATTGCCGTGTCTCCGGCTAGAGAGGACTGCACGTATGATGTGGTCTATAGCGCTTCCTGAGTGGTAATGAACGCGAATAAATTGTTCTCTTCCAATCCATACTCCGTACTCGTTTATGAGAACTCTGGACGCTACAAAGTCGACTGCATGGGCAAGATCACCTGACTAAAAACATAGTTCAAGGAGGACGCATCTGATCACGGGGATTTGGTTTTGAGTTGGCTCGAGCCAGGTCGATGGTACCGAGTGGAACCTGTAACTTGCGAAAACATCCACTGTGC,1285,50.82,Drosophila melanogaster
SEQ_978635,GGTTTATGGAGCCAAGAGCGTCTACGCGACGGGAGTATTCAACCTGGCAACGACCGTACTGACAGGGGCGCATGGCCAGACTATCGGCCACACGGCAATGAGTAACACATACTCAACGTAGAATGCCTCTCGCCCCCCTGGGAGTTGTAGCGTCCTCCGCGGTAGCTAACAGTCCGTTGGGACAGAGAGGAATTTCGGACCCACGGAGGCGTAATTACAGGGTCTCAGCCGGATGATACGACGCTGTTATGGTTGCGGACGACGGCTTCGCCACAGCTCTCACACGTCTTGTCTAAAGATCTCCTTAGCAAGGTCTGATTGCCGTTCAAGGTAAGGTCAAATGGTCTGTTAATGAGCACAAATGAACACAGCTAAGTTGACCTAACCCCGGGTCAACCAGATTTGCTGGTCTGTGCCCTGCTGGGGTCGTAATAAACGTACTGCCTATACCAGTTTTTAGCACGATTGCAACAGGGCTATGCGATATTATTCGGTGGAGAGTCTACTAAATTTAAGGAGGTACTCCAATCGGGAGACCCTTGTCGTATTAAATCCGTCGACGCTAGGTTGTCATGCAAATACCCATGTTGTCCCCATAGAGCAACCCGCTTTGTTCTTTCCTCTCAGTATCGGGCCGACGCGTATAGCTGTCTTCCTAGAGATCCTCCTTCCCTAACTATTCCAGCGCGCTCCATTGCGTGAACGCATGTGGCAGCCAACGACCGTACAATGTACTAACGAACCCAGCCTGTTTATAGCCGTTCCCCGGTGAAGCATGCTGGGACCTCCACCGTGTCCTGTATGACTCACCTATGGTCCGAATGCAGCATGTGTAGGCTGCGATGTCAAAATTCCGATCTTTCATGGCGACAGGCGGGATACATCAAAAGCACGACTGCAACCCCATATAGTGACCACTAGAAGGCTGTCGGTGAGACGATGGGGATAACAGCACAGCCCATACCGGTAAGTGTTTACAGTGCGACCCAGCCAGATCGCCAGACAATCAATGGAATGAACTCTGGGATCCGCGAACGTATCCGATACATTAGCACGGCACTAACGGAGAAACTCACGCGCCGTCGGGCGCCTTCCTTGCGCGAAGATTCGCTCAGCTTCTTAAATGGGTGGCCAACGCTCGGCGCTTTTTCGGATCTGCAACCATCGATTATCGGTCTCACCTTTGTCAGACTGACACGTGTACCTAGCAACCTTTCCGTGGTCGCCCTCTACATATAGCTTTGTCAACTTACCGGAAAGGTGTTACACGTCAAATCGACCATTAGCCGTTAAGCTGACAGCTCGACATCCAGACTGGGTCTGAAATTTTGAGTTCTGCTTCCTGCTAGACTTGGACGCCAACCAAGTCTCTAGGTGTGCAGCGGGCGCAAAGGACTAGGGCCACAGGACATGTGCTATGTCGGCAGGGTTGGTACACTGGGGTGTTACAACCCTCCTGAACGGAAGGGAACCTGATTCGAATGGACTACGATGACGCTGCTGGCCGCCCTTTCCTGGGCCACAAAATTGGCATCCTAACATAAGACCGTCGGTAAGAATCACCTCAGACGAATCGTTTGCTCATGGACCTTACGGGGTTTTATTATGATCCGTAGTGTCTAAGGAATGTTTCTTGACCAGACATATAATAAGTACCCTGGCAAAGCACAAGCCAAAATCCCAAAGTTACATAATAGGGTCTATCCGGTAGCACCAAATGTGGGCAAGCCTACAATGTGGTGCTTCTAGAACCATGCCCTCATCTGGTGACCTGTACTATCCGTTGGAAGGGGAAGCACTCATTTGTTGTCGCTCATCACCCTGCGGGATGTACGATCAGCCACAATGTATCTTCTTCGGGGTTATTCAATGCAGAACCCGATAACCCCATACTTATCGGCGAACTTCCTGATGGCTCCTGGCCATACATA,1931,51.27,Escherichia coli
SEQ_114369,CCACCGTTGCGCCCCCAACAATACCACCCCGTAAGAGATTAAGGTTAATTGTTCAGATACCACAGAGATATTAACGGTAAAGGTGGACGGCTATATTCTGTGTCACAGGTTTAGCAGTAGAATCATAGCCTGTCTGAGGTATTTAAACTACGTAACCCACCTTTCGTTGTACACGGTTACTAGTCTCTTTGTATCAACTAAATTTAAAGTTTAAGACCTAGGCACCGCCATGTATAAGACGCGGAATCGTACCACTCTTAGCGCGACAAGGGGCGAGTTGTGAATAATGATTGGATAGCTTATCTCACTTTGATGCTCCCGGACCGGTAGTACCTCAACATTACGCTCGGTCAAACAGGATTCTATCGAGACCCTCGTTGATCCCTAGTTAAGATGGCACTTTCCGAAGCTTTCTTACTAGTGCGTGGGCACTTATTTTTCAAGAGAAACCAGCATCTATCCGGGTTTGGCCAAGTGGGAAGCCTATTGCCGAAAAGAGTGCCACTCATTGGTGTCCTCGCGGGTTTCGTTCAAATATTTTTTTTCGTTAGGCATGCTTCCCAGGACCGTTTCACTCTATGCCTCCAGAGATGGCCCAGACGCAGTACCATAAAATCTTCCACCAGCGCTACTGGAAATATCCACATAAGCAACTGCCACTGGATTGTAACCGTGAAATTATCCGCGGGTGCCGGGCAAAAGCAGGTGTAAACCTCAGCCATTCGTCAGCCCCTCCGAATTTCCCAATGCTCTCATCACATGGAGATCCAACTAATCTAGTAAGGGACACCCGGGCGTACAGGATTATCATGGGTTTCCTGGTGAACTGGCTTACCTTACATGATAAATTCATAGCTGGGACTATTGTAACTAGACTAAACGAGTCAGTGCCCTCAATGTCGAATCGCTACTATAGGGAGTTATCTTTGGTCTGCAACCTTTCGTTAGTCGAACGGATGGATTTATTCGACTTCCACATGTCGTTGCCAACCCAAACGTCCTTCGTATGCAAAGGGACTCGCTTTCTGGGAGGCATTGGTCTAACGAGAACGACGGCCCGCTGTGAGGTGAAGCATCACT,1080,47.04,Caenorhabditis elegans
SEQ_668713,GCAACACGGGTTTGACGACGGCAGCGCACGTTTGAGTGTAGCGACTGAACCTTTCCGTAAGTGCGGTCCGCCGTCGAGAGGCAGGTCTGGGCACCTTCGCCCGGATTGTGATGACACAGGGACCGTTACGCTCAGATAGTCGGACGTAGTCAGTTTTCTTACGAAGGAGCCCGGAAGTACAGAGGAATGAGACCTCTGATACTAGTTTGAGTTAATACCCTTTCCGAGCGCCCCCGCGGGCGTATGATGCAAATCGATCAAGCACAGCTCGGAAGAAAGCAGATCAAGTATGTCTTTCATGAATGCGACCACGCTGTCCTACTCATGTCGGCGGACGCTTAAACTACCTATGATGTCGATGCTTATGCAAGATGACGAAATGCGGGTGGTATCTAAAGCCACGACTATGAGGATATTAGAGCAGGCCTGACTATCCTGGGAGGAGCGATACACCAGCGTGAGGGCACTGGACGTGTCGGAATGAGGTTCCCCTCTTTGGCATAAGCGGAGGAGTATGCGGAGGGGCGACTAGGTAGTAATCGCATATCGACACGGACAAGGTGGTCTCCATATAACGTGCATATTGTACAGGGCCTCCGGACCGCGTTGGAGTGATTAGTAGATGGCCGCTTTATCAATTCTACGTGATGCTGGGTGACCGGTATTGACGGGGCATAAGGGGTGGGGATCTTTAGTAAGATTGTTAGCGCAGTTGTGCACCAGTATCATTATTTCGTGATTCCAAAGAATTTGTGTGATTACTGGAGCGTTACTATCGGTGGCGGGTAGCTAGTACTCGAGGAAGAGAAGCTCGCAACAAGTCTCGCCGGGCTTCTTTACCTTAGGGGCGTGCTGCTCCGGAATCAAATGCTAATTGCCGTATAGCCCGTCGTTTTCACCCGCACGGGGCCATCGATTAGCACGTACTAGCACGATCAGTGACCTAACCGAGTAGCAGGGTATTCCGGCCCACGCCTCCGTAACAAGTGAACAGGACGCCTTTTGGAAACCACAGGAAATCCTCTCCCCTCCACAGCTGGAAGACTTCCGGATCCATCTGGACGAAAGCTGTGGTTCTAAACTTGGGGAGATTTACACCAGCCGCTGACCAAAGCATCACGAGGTTGAGATGAAGATCAAGCTCGTCTAATAGCTTCTATTGAGTCTCCTAAGTGCTGTGTGATTTATTCTTCGCGGTCGGCCACATAGCGTTACCAGGGGCCATCAGATGATATCGGCAAACCACTAGACGTTAGCTCCTTGCGATGACGACGCTGTTGTCCATATCCTTCACTTGTCATAGCTTTTCGTACGCTGTTTTACATCTCACACGTAAGAAAGTCGTTGACCCGAGCCCGGCAGGAGACTCGTGATGCAGACCTATCTTTTATTGCTCGATTCCATCGAGTGTTCTAGCCTTAGTGCCTAATTACGGGGTTCATTTACTAACTGATGCAGCACGTGTCACGGGCGGCAACCCAATCCGCTAGGGAGGGAGTTTCCTGGGTTCACAAGTGGACATATCGCTTGAGAACACTCGGATGTTCCAAGTAGCTAACTGAGATAGTTAATATGTCTGACTACGGCCTAGCCAAACAGACCCCTACTGTATCGTCTTGGAACCTTTGGCTACCGTGGTATACAACAGCGAATAGGGTAACCCCTTCTTATAGCTTGGCTGAGAATGTGTCTGGTACGGCCTTTTCTGAC,1710,51.05,Escherichia coli
SEQ_278405,CTGCGCCTTTCCAGATCCAGGGCCCGGGTATCCTGATTACGTACGACTTCAGCAAAGCAGCAACGTGGGCTGGCGACGTATTATTGCCAATACGTCCCGATTCAGTTAAACAACCCCACTCGGCACCCTCGGAGATCCGTCGCAGGTAGACTCCTCTGCGAACGTCTACATGCGATCACGCGTCAATTAGCCCCCCTAGATTCCGTACAACTTAGCTAGTGGCTGAATGTACTGCGCGAACGTAATCCTGCCAGTTCGAGCGATCCCAATGCTGTTGGGTTTTGGGTGGCAGAGGCCGACCTAGTAGCAGACATACGGGGAGGTTCCCGCCGGACCAGACACGCAGGTACGAATGTTGGTTTATTCGAATTGAAGCAAGCCTACCCACCGTAAGGGCTGCTTACTGTCTTATGAGTTACCAAGAATCATCTGTACGGAGTCAGGCACCTCCGTTGACATGACCGATCCTTATGAGATCATCTTGCGTAATCACCACTATGGATGTCGAGACTGACGAGAGGTTTTGTCTCACATATGCCCCGCACCATATGAGTGCGCAGGCTGACGGAACCACGATCGGGCAGTATGTACATGCTCTGCTGCTTGCGATAAAGAGAGCGGCGTTAAGCGAGGGCTCGTTATGGCGACCTTTTTAACTTAATATCCCCTGTAAAAGCTATGTAGGGGCATGTCTGACCTACGGGAACGTCCTGCGCATTCACGGACTCCGTGGTGTAGAGGCTCAGCAGTAGGCGGGCTCGAGAGTGATCAGGGCTCTGCATTTACCTTAGCCCACATTAGTGACGCCCTAATACAGCCGCACTGGTATGAAATCTGTTCAAACCCTTAGGCGGCCTAGTGAATACTCAAGATACGGCATGTCAGCAGTTACTACATACTGTTCTAAACGCTCAGCTCCGCTAATAGGGAAAGCAGGGGACGCTGGCTCCGTCGCTTTGACGTCCTAGTTTTGAACGGAAGCTCGCATCACTATGCGGGCATAGAGGCGTGCAAAGAAGTAAAAAATGGCGGCTCGTAAAAGGTGTATGTCTCCCCTACAATGGATGGGGCCCAAACAGGGACCCTGACACACCGACGATTAGGGACGCAGTGTCGTGCCGAATTAATGCATGGACCGGTCCTGCGGTTTGGCGCAACATTAAAATCTCGGTATATCCGCACATTGAGCCTCATTACTTTGTGCTATAGGCAGGTACCAAATTGGTGTTTCCTGCGATTATACTGTAGCATGTACATCCGTACACGTCCCTGTATAGTGTCAAAGTAAGGACACTTTAGGATCCCACTTTAGGCGCAGTGGCAGAACAAAACGAATCCAGTATTGAGTAAACCCCTGACTGCTCCAACTACCGGTCGACACATCTAGTGAAAGATCGAAGAGGTACCACGTGCGGAGGGCACTGGCGCACTCAAACGCCAACGGCCTCCCGAAACAAAGGCAGGATGGTATTTCCCAATGTCATGGAAGATAAGAGTCTCATACGTCCAGGCTTCGTTTTGCCCGCCTAGTTTACCTAGCATTGGAAGGCTCTAGTATATGGCGGTGCGGGTTCACACAGCGGAGTGACGCTCGTTAATAAGGGCTCATTGTCTTCCAATTAAAGGGTGTTCTCAAATATGACTCGGACGAATAAAACGGGTAAATTCTACCGCCGAGCCTTGATCGATCTCTTGATAACGTCAACGGCCCCATTCAGCTCACGGTATACCGATATAGTTTCGGACTCCCTCTTTTCTGCTATACTGTGTGGCTCCGATCCATCCCAGCCGTCTCACTAGTGATGCGGCTTGGAGCTATGACACTTCAATGCAGCTATATGGTTATCTTAGCGTTGCCCAAGAACCCAGCATAGCGCCAGGGTATGGTAGGTTACGACTTTATATGTCCTGACCGACATTCGGTTCTATCTTGCGGTGCAGGCCCTCTTACGATAAATGTATTTGGCCCTCTGCATATACGCGCCTAATCGCAGTACCC,1999,51.08,Caenorhabditis elegans
SEQ_485796,CGACGATAGCTCGTGTTCTATAACGTATTGGGGCTTCCGCTAGCCGAGGCTCGCTACGCTATAATTCTAGCGCTGACTGGGAAAGCTATAATGCATCCGGTTTAGCAGGGTGGTAATCTCGGTAGAGAATCCCATCCCAATAGACACAAATGCCCGCCATAACTAAGGCGAGTCAGCAAGCCCCAACGCCGCGTTCGTCTATAGGTCCAAGCAAGACTTGAATCCCGTATATCATCCTCTATTCGTTATCTGTATCGACCGCTTATTCCAGGGAGCTGGACAAGGGGGTAGCTGTACCCGAGACAGTGATGTCGTTGGCCACATGGCCTGAACGTATGTAGATTTCTCCCTCGTAATTTGCGGGTATTCATAGTGAACCGTTACGAGTCTCTATGTGGTCGGGTGATTTCTGCGATGCCAGTTAATAAGTCTTTGAATTGAATTTTGCCAGTACAGAAGGGTCGTGTACGTCCGTATAGAGCTTATTGCCTTCATTCAATGACCCGTCAGAGTGATAGTCACTTTACGCTGTCAACACCTCCTCCCGTTCAGAAACGTGAATGTTCTTTGGGCTTCCCGTGTTGGCTAACCCCTACCTCATGTGACCCGAATGTTGTCTTCGCCGTTAGAACTGATGCGGGGGGGTTTAAATGTTTAGATGCAGATAGAAGCTAAGTGCTGTTGCTACTGCGCGCGAGGGCCTCAGCTGGTAATTATGGAATTGATTTACCGTAGCCACTTCCAGCTTCTTGAAACACTCTACGCATAATGAATTTGGCTCGCAGTCGTTCCTTCAAAAAGCGTTCATTCGATAGTAGAATCTACATCTTCTTGACCCCACTCTCTTTGAGCCAGGCAAGGACTATTGCCTAGTCGGGCACTTTGAACCAGAGGGGGTCCAACGCGATACCTACTAGCGTCTATTGGTCCTAAAAGCGGTGCTCAATGTCGGTGAGAGAAATTTTCAGACACACAGGTCTCTCGCGGAATGAAGATGACTGGGTTTCTTTAGGGCAAAGCGGGCCAAAACTATATAACTGCATAGGCGAGGGTCGGCTCGACACCGTGTCTCCGGCGGAAGTAAGTGTTGGCCTCAGCGATTTTACAGCTTGCGCTTTATTGCACTTAAGATTGATTCAAGGTTCGATACGTCATCTGCAAATCACATATGTAGCAGGGCGGGCTTAGTCACGACGTTTCTAACATCAGTAATGCCACGGTGACACCTACAGTTAAGCTCTTAAGGAATAATTACGGTCATAGACGTTGCTGGGGGTCCGTCTCGCCATTCCTGATAAGATTCGCAGTCGTCACCCGCAAGGCATCGTAGCAGAAGAGGCCATCGCTCGGTTGTGGTGATCACAGCCCCGATTCGTAAGCACGTGGGAGTGAGGTACGTATTTGCTAGTGCTTTGCGAGCGCGCCGACATAG,1432,49.3,Saccharomyces cerevisiae
SEQ_536625,GACTATGCGTTGAAGCCATTTCACAGGGAGTAATTAGTGGGCTAGGTTGCATAGATTCCCTTGGCAATGTACGATTGCCGCATGATCTGATGGCGTAAAAACAGGTTGTAGCCGACTTGTCGATCTGACAATCGCGCGTTCGAACTCAGATTTGGTATTCAGGTGTGACCATTCGTACACGATGTCCCTCGCACCCGTACAAGTCTCTCTGAAGCCAGTACAACCGGCTATATATACCATTGTCGTGTGACCTCTCGCCACCTGATAAGAAAGCCCACAAGAAGAGGGTGCTGCCCCCTACCTCGATAAGCCGCGGATCCCACGCATTCAATCAGCTATTGTGCCACTGCAATATTCCATGAACCTTTGGAACGACTAGGAGCCCCGCAGGGTCCGAACCCAATGTGGTGAGAAAGATCTGCGCAATCCGGCGTG,435,51.26,Escherichia coli
SEQ_428301,TTGGTCGCGGCTTAGCTGTAGGTAATGCAAACTTAAGACGGCCCCCCCCGAATCCCAACCTGGTCCCTACGAGTTTCAACGACGACTGGAGGCCGTCGCAGCAGCGCTGAGGGAATCTTCGAACGGGATTCAGAAGCCACAAGCTGATAGGTTCCCCACAGGCGTTCCCATCCACTTACGACACTCAAAAAAAGCTACCGCGCAACGCAGGTCTTGAACTAAGATCACCGTTGACGACTACATTCATGCTAGAAAGCAGATACGCGTTACACTAAGTAAATTTCCTCGATTAAAGCCTCCGTGACACCCCGTGCACTCTGGACAGATTCCCTTATCTAGAGCTGTTCCCCCAGGAGTGGGGTGCGATCGGAGTAAAGTACCATCAACATACCTTAACTCCACGAGGTCCAAGCGTAATGGGAGTACGTGCTAGTCGACTTGTCAACATAGGAATGCTTTCAGTATAGAAGTCATGTGAGTACTTTAAGCCTGACCTTCTTATTGAGCGCTCGAAAAGTTGATACCAAGTCTCATGCCGTCATCAAGGTCGCGGGAGCGAATCGTACCCGCCACACGTACGTGTGGTTATGTCACGGCTTGACTGCAAGCGTGCAGGATGTTACGGAGTTGAGCGGAGGGTCGTACTCATGCCAAGAAGATACATAACGGGCTATTTTTTTCGACGGCTGCCTTTCGATTACACTGAGTACTACGATGGCCCGTGTTGAACCCGCCCTTAGGGAGCCTGACGCACTGGAGTAGGAACGACAGTGGGATAGATCTCCCTCAACCAGTGCCTTAGGTCATTACTCTCCGAGGGTCGCGTAGGCTGCAGTTTTCCTCGGTTTCGCGTCGAGGATATTATGGGAGGAGTTCGACTGCTTCGTTATACACCCAGTAGTACTGCAGCATTGGCCGCACAGACTTTAACGTATATGATATCGAATACCACCTCACAGTATTATGACGCAAGGGAGGAACCGAGCCTAAACTCTTGAGTGGGAGTCCACGTGTCGAACGTTGGAACGCGCCCAGTAATGGTCCGAATCGATCGAGCTACTAAAAGATACATACTCCTAGTCCTCGAAAGACAGCCTTCTATGGCAAAAATCGTGGTAATAGAGATACTATACCTGACAGGTAAAGGCGCTAGGCCCCAGAACGTGTCATTCATGTTTTAACCTTCTTGGTTTAAGATATCGTACAATCTACTCTCTAAGACTCTCCTGCTATGTCGGGCTCGAGGTGGGCTCAGGCTAACTGATCCAGTTTGGCTGTCT,1280,50.23,Caenorhabditis elegans
SEQ_530085,CAGTAGCTGATTAGCGGCATAAGCCTGGAACACACCAAATGCTTTTCCAGCAGCACATGAGCAATAGCCTAGGCTTACCTTATGCACCCGGTATTGACTCTACTTGCGTTTTATAACCCAGTTGTTGTGAATGAGACAGTAATCGCTTAGGGAACACAAATTTGGGTACGGCGAGCGGTAGCTTCTATTGCCAAGTCATGCTGTCCCATTTGGACCGCCCTCGTGAGGATGGGTCACTCCAAATATTTGAGAGCATGCTCTTAGTATTTCAGCTACCTCACCGTCTGTCCCCGAAGCCGTATACCGCAACTCTGTCGGTAGACATCCGATCGCAGCATCAAAGCAAGACTGCCATGTCAACTGGTTCGTTGTCTCGAGACCCTGTCGCGGCACAGCAAGCCAAACTACAGCGATAATTTTGCAGCGCTCTGTGTCTCACGCATCGCAACATAGAGAAGGGGCCCAGCCCCATAGGAATTCACGGGTCCTGGCCTCTCCTTGTAAACGAATGCGGTCCCTCGCTTCGCATCGGCGAATGGAACAGCCGAGCCATGGATACAGTTAATCTCGGCTAGAGGAAATTCTTAAGGCCCGCTGGAAACCGCCTGCCAAATCTGACGCACAGCTCACGTACGAACGCAGACGTAAGGCCAAATCTGAGATAGTATAAAGTTCGGAAAGTCCTCTCACGATATACAAACGGACTGGCGGGTAGGAGCCTCTACGGGTGATCTACCCACATGCTTCCGACACTTCCCAAGGGGATATTTTGCGGTTCCGTCTTCGTTGTACAAAAGCAAAGGACGCATGCCTGCTCCTAAGCCGGCTCTGAACGCCATACACCACTTCCCTTATTGCTGGCTTTGCGACCCCTCAGACCATCGCACGCCTGGGGATGCGCCGCTGCGGGTCTGTTCCGATGGTGACCACGTTTGTCACTGTATCCCTCAGATCCAGTAGAAACCTGCTAACACCGACGTCGGTAGAGTGTCCGTCGACGCCATCTGCGAGGCTAGCGCGATTTTCATTATCGCACAACCGGACGCGTATGCCCGACTAATCAATGCGGGTATGCGCAGTTTTCCCCCTATTTCGAAAGCCTCTGAAGCCTTTCAATGAAGCGCTGTGGAACAAGTGCGTACTTGCACAGTGCCGAGATGGGAGATGCTAACACAAGCAACTGCATCCAGTCTAGAAGGATAGCATACGCTTGAGAAAATGTGGCCGGCAGCCATACTCGTCGTTGCGTCCAGTTATGACCACCACCGTTTAGGTGGTTTCGCGTCCCGAGTGCAGGAGGTGCAACATCTAATGTCATCCTCAAGACGCGGAGAGGGATGCCTCATTCACGTGTCGTTACCTCGTCTTACCGGCTGGTGTGAAAGGACTCCTGCATCGGTCATGCATGGCTGTTATTGCGGAGATTCTAA,1430,52.59,Saccharomyces cerevisiae
SEQ_815203,ACCTTTCAGTTCCAGTTTCATCTCAAACGATTATTTAAGACTGTACCCGCGACTGTCTATTTAATAGGAGATTTGATCCCGATCAAGTGAAGCCACGACATAGTAGTAATGTTATATGGCTATTACGGCCAGTATATGAATTTGCGGATTAAGTCAGGGCAACTCTACGAGCCACACGACCTCAGTCATGTACCAAGGCTGAGCGTAGATACCGGGGCTCTCATTACAGCACGTAAGTTAAGCCTTTATTACGCCTAATTGCGGAGAGGGCCAATAAGAAAGTCATAACCGAGGCTAACAGCAAATTTCGCGGGAGTGGTTGCAATTACCAATGGATGCTCCAATCCAGCATTGATGGATTCTGCCAGACACTCTGTGGATTATCAATGACCATTAGACCAATTGCCAGCCGCGTACATGGTGCTTGAGTTCAAGCGCTGCCACACACATGTACTTCCTCGCCCATGTATCTCGTAAAAAGCTTTTGAGTAGACAGCTTAATGTACCCGTGGAGTCCCATGGAGAGCGATAACGCCTGCAGGACTTGCTATTTTAGAATCATCGATGCGTTTTCTGCCGGAAAAGTGCGGTTCAGAACTGATTCTTAAGCCACTGGCTTAGAGAACAGAGGCTTGAAGCATGACTGACGATATTAAGCCCACGACATAGTATGGATAATAAAATTCCAGTGGAACACCGAACCGATTCAATAAGACCTCCCTGAGTTTCTATGAGAACACATCAAGTTGCTTAGAGTGAGGCCATCTATCCTGGAGGTGCATCATAAAGCCCACCATCCGTAACTCCTCGCATACCTGCTCTCTAATAATAGGCATCATCTTCGTCAGTCACTCTTGTCGCTATCAGGGCGCGCACGTCTGGGTTTACCGGTTGCGAAGACTCACGAATATCCACTGTTAGCTCGGTGTTAGGTACCGGCCCAACTGGCACTGACCCTTTGCGTGTCCTGGCTTGGCTTAAGTCCCAAGATTACTTGGTACATCCGTACATCCCCCAAATTTTTGACGCGGCTAGTGCGGTTCATAAGACCCCGCAACAGGGTATCCCTAATGTTCTTTCGCATTATTCGTTGAGCGCGAAGACTCGTTAACGCTGGATATACCGCCTCCAGTTGT,1136,47.18,Escherichia coli
SEQ_988563,ACGCTCGTAGAGGCTGAACTTGGCGACTACCTTTCCCCAAGTGAATACAGTGCTGGTTTGTCCTAGAAGGTACGCTTTAACACAGGCATGAATTTGTGATATTGAGCTCGAGCCGATCGGATGGACTGAGTGGCGAGGAAGTGTACCGAGAAATGCCTCGAGGGACCCTCTAGTGATTTCCCCGATCACGATCCGTTACGACATCCCAATAGAGTTCCGAGCATAGTAGACTTACACTGCCTGGGATGCCCGGATTGGCTTGACTAAGGCTCACAACCTGCGTAAAATATACCCAAAAGCAAGGTGTTTAGTTG,314,49.68,Escherichia coli
SEQ_217687,CACCTGTGTCTCGCATCGGCTCGCCGATAGCATGATTGATGGGATCAGCGAGCTGGCGGCTCTTAGCATGACTGTGATCCTCATTTTCGCGCATAGTTAGCTCGGAACGTCAACCGAACCCAAACAGACAGAAGCAGTGAGTATGTGAATAGTGGGATTCCTCTACGCCTCCAATAGCCTGCTCGGTGGCGGTTAACCGATGAGACATATAGCTGTCGCGTTCCTTTGCCCGCTCGCGGCTCCGGTTCGTGACCCGATAGTTATGCCTGGACAATTGTCCCCCAGTGGAGTATCTTTACCCTTGCGAATTGTCCCTTCTCATACCTCGAGATTCTTCTTGTTACTATTTGTTGAACCAGTTACAACCCATCGGATAGTTTGGTACAATCGTATCCGCGACGATGCATACGGTAAACTAACAATTATACGGTCGTGCTGGCGTTGGAAGAAAGATGGGCAAACTGGCGTAGTATATCGAGCGGACGCTCCGTTGCCACTCTACAGTTGTAGATTTGTCCAGTCCCCCCAAACTTGATTGTTCGTAGTTGCGGGATAATGCAGGGAAGACGTGCTTGTCTCGATTGAGCTCTACTAGATCGAGTTTAGACTAACTGCATCGGATTAGTTAAAAAGCCCCCGCAGCAAGCAAGCAAGAGATCACCTACTCACTGGAATACGTGAAAAAACGCTCTTATCATGTCTAATTCCTAAATGGCGTTAAAGAGTGATTCGATACTGTAAAGACGGCCAAGAATACTCTGCCACGTCGTTGCGACGGTTCGGACGATACAATATATTGACTCAGATTGACGGGTCGACATGAAATTCTTGTAACCATAACTATAGACTAAGGTTACTCGCATTTGGGCTGGCAGACTCGGAAGTCCAGGGCCCGGCACTCAGCCCAAGAAACTGGGGACTCAGAACTCCTACCCGGTGGAGTGGGTTTGGCACTAGGACCTCATGCCTGTGTCAATCATCCCGGCCGTACCTGGGGTAGGATCCCAGGGCCGGTCTGATTCCTAAGTCTTGTAAGATTTAGCCAGAGTACACAGTAGGGTTGCCCTCCAGCGTGACCGCCACCTGTATCTCCAGTATCAGAACCAACAACTGGTAAGGGGCTCGGCTTTCCTTGAAAGGTGTTCCCTACGTAACTAAGCGATTTCTATAGCCCAGAGTCCAGCATAAACGTAAGGACTGCGAAAGGCTATAGAAGTAGTTGATATTAGGCCTAACGGCGTCAAGGAAGCCCACGCGGCCCCTGAGGAAGTGGTGAACTGCCGTGGAAAATAAAGACAGAAATCCCCCTTATAAACCATATTCGTGCAGCATAAGCCATTGGTTGCTAGATCGCGTCTTGGAGCTAAACTGTCATCTCCAGGCACTGACACGCTGGTCTGGAAACGTTAGTCGAGACACGTACTCACGGCCCACGCTTTCATCTCAGTGTGGCACTCAGTTGTCGCATTAGAGTATTCCGGCTACGCGAATCCAAAGGTAATACAAATCAGCATCCCGTGAAGCTTGGCGACGCGGTCTCTATTCATCTCGTTAGAGGTGTAGTACCTGGGCGAGATGTCACGGGTATGGGAGCAGTACGTGGTGGCCCCATGAGTTTTAGTGTAGACCTATTACGAGCATGGGCATCAGCCCAATAGCGTGCCAGGGATCCCGGTCCAACCTCCGCCGCCTCTACATACGACACACCACTTTATGTCACACCACGCTCTG,1731,50.55,Caenorhabditis elegans
SEQ_906649,GCTGTTCATGCCTATCTAAGTCCGTATCGAAAATGGGGCGTTGCACACAATCGTAATCGACGAAATCGATGATGGAAAATTGCCTTGGGGAAAGTTCCATAGTCAATCACGCGATGAGCTGGTAGTCTGTTATCCTCAGTATGGAGTGCTGGACTCCCAAACAAGATTGACCTGTTATAGGTTATCCGTAGACAACGTGTCAAATAACGCGTCAAGATTCATTTCGCTTTACCTACCAGGACACCACTTGGGAAAGAACCCAGTCGCTTAATTTAGATTCGACATCAGGCGGGAAAGACTAGGACGGCCCTTGAACTTTTGCTCACACGAGTTTCAAGCAAAGCTATCCCAGTAATGGTAGGGACGCCGTGCTGAGCAGTTGACTTAGTATGATTACGGGAGTGCGATCTGAAACTTCTCCCCCATGCAAACAAATGTGTATCACTATTTGGTTGTGATGAAATCTGAGAGGGTTTAAGCCCCTACGGCTATTACGGCGCGCAGCCATCGTGTAAGTTCCGCCATCAAATGCTGCCGCAGCCCGCAGTTCGCTGGTCCGGTGCCCCGGGCCAGTGCCAAACAGGGGGAGTAAGAGGTGGAGGCATCCTGCGCTGACCGTCACGTACCCTACCGGATGAATCGTACGTAAAACGGAACGATTCGGCAAACACGAGGCAAATCGGGGGTTCGCTGAGCTGCCGAGCTGCAGTATCCATTAATTGAGCACATCTATCTAATCTGCAAACTTTACTAACGAGAGTGAACTATCAAACATCGTAGGACGGTCTGAAGATGATATGGGGTAACAACTGAGTACAGTAGCGCGGCCTGATTTTATTCCGGACAAGTTGGGCGCGAATCGATAAGGGCCGGCGCGGGTACCTCTGTTTCCCTGCAACTCCGTAATTTGACAGACTGTCCCGTGTCTAACGTTTGAAGTTCGGATTTCAACATGACACCGATATGTTTGATCGCTAAGCCACCGGCTTCCTGAGTGATGGTTGCCAGGGGTTGGGAGAATCTGGCTCGGAAGGTCATAGAGAATCCGAAGAGATCCTGCGATGCTCGAACGCCGAGAGGGTGACAAGACGAATTCATTGTAAGCCACCCCCGGTCATATCGTCGGCCCTTCCTACATTCAACCCGATTGAAGTGCCACAGTCCTTTTGCCCACGAGTTGCAGCCGGGCTGTACGACTCCGGCTCAGCTAGAAGGGAAAGGACGAGACCCCTAAAACAGTAAGGCGACCATCATCCGTGGGATTACCCAGAACGTGAGCGAGATAATGCCAAGTCCATGTAGGCTGTCGTATTCATTTGTCCCTCCCCTGAGTTGCCAATCACTCAAGACCATCTCGGCAAAGGAGGACTCCCATCGGTCCGTGCACTTCCCTAAGGTTCGGGTTCATAAACCCTCTATGGCCGGAAGCAGGGGCTGGTCGTTGATACCTTAGTAGCCCCCCGGTGATTCATAAGATAAGTATCAGCTCAAAATTTCGACACGGCCCGCAAGGATGCCTACATAACAGGGGAATAATTGTTTATCGTGTCGAGAGCCGCGACTGCGGTTGATAGCTAATATCACAGACATCTAAAAAGATTTACACCTATATTGATATGGACACTGCGAACAAAGGTGGATGTAAGGACTCAAGTGAGCACGCCGCGCAGCAAAGGTACCAAGTACACCGACGTTATAGTGATAAGGTTTGGATACGATGGTTAGACTTTCAGAGCGAGTCTTAGAGCTTTTACTCAAGGAGGGATGACCGTGTGAACATGGTGGCGAGGCCCGACGATGATAAAACTGTGTGGCGGGAGCCGGGCGTTTGGTATCACGGATACGAACTCGCCGCGTTACAC,1862,50.54,Mus musculus
SEQ_357436,ACTATTTACTATTAAGAAGGCGCATACCGTGGGGATCTTACGTGGGGTTTCCCAGGGGTTGTAGCTATTGCATTAAAGGGTCGGGTGCCGTGCAGATGGAGGCTCCGCGTCGTACTCGCGCGGAAGGGAGCGTCATAGCCACCCAGATCTGGCGTAAAGTCTCCGCGGCGCAAACCGGCGTATCTTTCTTTTAATAAAAATATCATCCAATGCCTCTGTACTGCCCGTATAGAGGACGTTGCAATCGCGGGTAGCACGGGACGGTTTCCATCTAATTCCCGCTCTCTTGTACCGTTTACACGCCATCCTAGCGGTCTGTCATTCAGCATGGTCTGAGAAGGCTCCCCCCGAAACACTTAGGCTAAGGACCGTCGCTCTTCCCATCAGTGTTAATTTTGGAAACACGCAGACAAATGCTGCCAAAGGTGTCTGGCTTTACGACAGTGCCTTATTTCTGTCACAAATATACGAGGTCTTTGGGTGGCTTCTTCGGAAGGGCTCGCCTCCCTTAGCGAAGCATTCTCGTCTGTGAACACTTAGTCTAACCGCTGAACGCTCTAGTAATTGGGATATGTCCATTACGCGCTGAGAGCGTACCTCCTTCAACCATTATCGTCTCCGATAAGACCTGGGTACAAGTCCAGAATCTTCGCTATAACCTACTAGCCGGGTGCTGATCCGGGAGTATACACGTTACATTTTATGGGGTGATAATGGTGTCGCTTCGGCAATGTGATCTACGCGGGTAGTCTGCATTTCTGATGCCTTGTTGAGAATGTTATGTCGACCATGCAGCGCAGGCGGGGAGTCGGGGGGTAAAGCGTCTGGTTGGAAGCTGGAGAGTAGGAGTCGCACCC,857,51.58,Drosophila melanogaster
SEQ_419470,AGACACGCGGGCTACCTCTTCGGTCCTACCGCATGGCTGTACTGGCCCAGTGTGGCCCCGAGATTTAGGCCCGAATAACAAGACAACTGACCCGTCTCCACTGCAAAGCTGGGTGTAGACACGGATCTGATACATTTGCCTGTTCGGTAATGCGGGGTGCCCTTGTCCTTGTCAGGTACACTTTGGCAAGCATGGCACCAAACATCATAAGACGTCGCTATCTGTGTAGCCCCTGCGCACAACCACCCTCCTGCACCTGCGTTCAGGTCGAACAACGGACTACCTTATTACCATAAGGACCGGCCATTTTATCGCCTATGCTAAAGGCGGTTGCTCAGCTGCCTTCTAATTAAGTGCGAGCTTAGGGTTAATTAGTCATAGCAAATGCCTGGTGTCCAGGTCTCCCCGCGGTGAGCATAAATAATAAGGCGTTGGCTAAGCGTAGGTAATTCAGAATTCGAACCTTCAGCTATGGTGCCAATCCCTCGACTTCAGTCTATTATATACGTTTTAGCGACTGCATTCTTACACCTACTAAATATAGTAGGATGTGCCTCCGACGTCTTAGGAAACATTTTCCTTCCGACCATTAACTTCAGTTAAGAGTTCTCTGTCGTACACGTATCGGGTACGACCTTATATTTCGCCCAACCACGGACGTCGCGTGCTCGATTGGAAGTTTATGGCACGAAGATTGGACGCGGGCCTGATTTACACCTGGAAGCTGGGATACCGTCGGCAGGTGCCAGTAATCGGCCTGATCACCCTTAGTGTTTCCTGAGGGTGCTGCAAGGATCAAAGAAGGGGTCCTTAAGCGCACGTCCTCGCCACTATCGTATCTTAGATTATGCAGGCGTAGAGGATTCCCAACGGAAAG,877,50.63,Caenorhabditis elegans
SEQ_455957,CATGGCCAGGTTTGCCGACCGTGCGGTAGAGCTAATATCCACTCGGGACGAAGTAACCACGAGCATCCATGATTGCTTATTGTTCCCAGAGTGGCTACGACCTCTTGAAAGCGTGTACGTGAACCCACCTTTTAGATTCCGCCCCGCCTCCTTCTATTCTTCCAAATACACATTCGCGTTGCCGGTTGACCAAGGGCAACACTAGCGTTGGCTAATCGATACGGCGACCGTTCGGTAGTGCCAGAACCCGAGAAAGCGCCACGACCTTATAAGGTGGAACGTTGATATATCGGAACTGGAAAGGCCGATCGTATATGTTACAGGGCCTGTCCTGGTGGCGAAACCCGTGTGTATGAATGACGCGCGTTATGCATGTATGTCGACATTTGAGGGGATGGCTAAGTGGGACCCTCTATCTCGTTACCTTCAACTTGTAGTGGTAGATTCCGTGGGCCAATGAACTCGTGAAACCGTTGTCATTTAGCCCTGGTTTTCGGTTAGGTGTAGTCCGTTGCGCTCTGTCGGGGTCTCAGTGGTACCGATTTGGTTTTTCGACTAGTCCCTATAGCCCCCATATCGTCCTTGCGTCTAAGGTGGCCGGTATCTCAGGTCCCTATTGTCAGTGCCAGAACTCCGACACATATATTGCTGGGGTACAATATTGGAGTTGTCAGGTTCTGGTGATATAACTATTTGTGCGACAAGACCTGTCGCTAATGGAGCCCAAATCCTCGTCAATGGCAGTATCGTGTTTGGAGTTACTGTACTGGAAGAATTAGACCGTCGCCCCATAGACATAGTTAACCATAGTAATGTTGAGCTGTGTTCACGATCTG,836,50.0,Mus musculus
SEQ_412707,CGCTGACCGGTGCTTGAAGAAGCGTAAAGGGCGTAGTGGGAGCGAGACTCGCCAACCGGAGTATGTGCTGATGATAGCGAGGCTGAGTCGAATAGCGAATTATCGAACGCATGGCGTAGTTGGAATCGTAGTTATGGTGTCTTTTATGGGTACCAAGGGTATCCAGCCCTAAATAATAGCCGACCGTAGTACGAACTTGGGTCGTTATGTCCTTTTTTGTTATTAACTAGCTATTCACTAAAAATTCGACTCCGCAACGCTCGTTTGCAGGGGACAATTCACTAATCTATTATAACCGTCATTGGATGAGCCTCGCACCTCTTTGCGGAGTCTTGAACCATGCCGACCTCGTGGGTATAAGGCTCCAGTTCTCTGGGTGTCGCTTGCCCTCTGGTTATTCGGAAGGGACTAAATTTTCAACATAGGTCATTTTTCATTTGACGTGCATGTTAAAGTGCGTTGGTGGTGCAGCTTCCTTAGGAAGGAGTCCCGGGCAGTCGCGTCCTAAGAATTGACCGGGGGACCTTTGCTCGTCCCTACTCTACTATCTTCGGACGCCTTTCCGTGGAACTGGTGGTTAAAGCCTTAAGTGGCGCTCAACTGCTCCAGGCATAAGTGATATAACTCGACAAGCCGCAAGCTTCCCGTTTCACTCATTCCCCACCTCGGTGAATCCAAGGATTAACACCTCGCGGTCTAGGACCCCTTGTGAGTTTCGTACGCATATAGAACTCGTACGTATACAATCGCTCACGTCCAGGAGCTCTCGTACCGGAGCATACACGTATTGTTGGTGGGTTACTCTGCCTGCAACCCGAGCAGGTCGGACTACTGGTCAACGGGCTGTTTACGTACCGTAGGTGGACTCGATGGTTTACAGCTCCATTTTCGTAGACTGAATCATTGGAAAATAACGCTAAACATACCGCGGTTTCACTACATGTGGTTGCTCTCGCGGCCCAGCGCCAAATTCATGACGTAAGCATACGGAGAGTACATCCGAATATACAGACCTCGAGTCCCACATGTTTGCTGTATGATGTGGCGGCCGATCGCGCGTCCAACTTTAACTGCCCATTAGGCTAGGAGCTGCGGGCGGGGAGTGCCATTTTGTAAATTGTGTAGCCACATCGGCGCAATTCTTGGAGTTCTGCGAGGTTGCCGTTGACATTGACGGACCAGATTAATGAATCTGTTCTCGCGCACTTGACGACAAGACGTGGGAGTACAGTGAGTCGGTAGAGCATAATCGCGAAGAACTCCTGTTTTCGAGTGATCACCACCACCAGGTGAACGAAAAGAATGGAGATTGCATATAGAATCAAGTTACGGAAAGTGTAGCGTGTAGCCATCAAAGCAATTACGGGTCTTACCTCCGCAAT,1382,49.71,Arabidopsis thaliana
SEQ_677707,TATTGCAGTTTTCACTATTACGACTACCGCCCTTACATAGAAACCCGCCGCTATAATCCTCACACGGTACCGGTGGTCACCATAAATAGAACGGCCGCGATTGGCTAAGGTAGGACACTCATATCGGCTGGAATCTCCGCGCGCGCACAGGTGCAGTTGTATACGGCTCCTACATGCGTATGGGATCACAGATTTCTCTCCCAAAGCCCCTTTCCTTAACGTGGTGGAGTTACACATCATTGATCATGCCCTAAACCTGATGACTGGCGCCCATTCAGTTCGGTTACCACTGCGTTGATCCCCATAGCGAGAGGTGAAGAGCTGGGAATTCGGGAGGCCCAAAGTAGGCAAGAAGGGCGTTCCTAGTTCGCACGCTGGCTGGCTACTAAGGCGGCTAAGAAATGACATAGTTGAGAGCCCGGGGACCAAGTGTTAGTGAGCCTTAAGGAGAGTAGTTCGGCCTTAACCTAGGTGTAGCATCGTTAGCGTCTTCACTCGCCACTCGTTGTTTGGGGACTTTGCCGCATTCCCCTTCTCAAGGATACTGAGGTGACGAGTTTAGATTGTGTCACTAACCCTCAACTGGACATGGCGGAACAACGGCTTGTCTGTGCCCTTGCGGCGTGTGGGACCGGGCCGTTCTCCTGTACGACCCAGAAATAGTCGATACAGATGACGATCCTTGGTATGCCACACGACTCCC,703,52.77,Caenorhabditis elegans
SEQ_202847,TTCGCGAGGTGAATAACGACCTGCCTGTATAACCACGACCTTGGTACCAATAGGGCGCGCGGTTTTTATCAAATCAAAAAAACCCGAGCGCAATGAACCTGTAGTTTAGTGAAGAGCTACCATCAGGTAAGTCCACCTGGTAAGCGAGAACCTCCTATACGTACAAGCGAGCTCCTCAAACAAGCCCTATCTTCTCTCCCTACTTGATACACTTGCGCTGACGCTCACGTCATATCCTCATCTGGGTCGGCAGGAACCGGAGTCCTGTATGGCCGCTTGTACCTTCCGGATGGTCCGAATCGGCAGTGAGGCGAGCAGGACGCAAATGGTGGGTTACTGTTTTCAACGCTTTTCTGTTTGCCTTGACCGACAGATTATGACGGATGATATTCCTATGCTCACGTCTACATTATCCTCCCCAAGCCCGAATATGCAACAACTGTAATGACCTGATTCCCTCGCAGATCTTCGTAGCCGAGGGGAGATTACCATGTCAGCGACAAAGAGATTTACTTCCCGTCTCGAGTAGATGACGAAATTACTTCGCCCTATTCGTCCTCTATTGGCGTGCCCCCATAGGCCAGGAACTCAGCACCCGGGGCACTATTT,609,50.41,Mus musculus
SEQ_817797,ACGTTTATTCAACCTTGCCTAACTCCACTAGTTGTTTTGTATTCTACCCCGCGAAAAGTAGGGTCCACCACGTCAGGCTTGCGGTCTCTGCTGTCGACTCTCCATTCGTATAGGTTAGAACACTCATTCTTAAATCAGTGGGCAGGCCACCGAGATGATCGCCATTAGTTCTTCAATCCTTAAGTACTACTCGCCTGCTTCCAAAGTTCAGGGTCTGAATTTACACTGCCCCCCTCCTTAGACGGCTCCGCCGGTTCCTGCCTGCAACTTCTAAACCAGATTAAGAGGCGCACATGCGACACTAATCTGGGTGCACCGTGGACTAGAACGCACAGTGAGAAGTCTAAACGGACCAGCTGCACTAATGAGGTTGATGGCAAGATAAAACTGGCGAGCCGTCAGCGCGGTGCTACAAACCTGGCTTATCATAACGTGAGTTGGAAAATGCTCTGTGCAATGAGTCAACATACCGTCGGCACTGATTGCATCATAATCGTTGTACGTCCCGTATGATGTGCACGTTCAGTCCACTTCA,535,49.35,Arabidopsis thaliana
SEQ_456321,TCCAATTAGTAGGATTCGCCCCTTACCTGGATACGTGATCAATTGCGGTCTCCAAGGCGTCAAGAGTGATGCTAGAGAAATCGATGAGCCGCAGTACTTCTTGTTCTTTCCCATTATCGCTACTCACTCGCCCTCCCGGGTAGAGAGTGCTGTCATGTAAAAGCATCTACGTTCGGTAGGTGAAGAAGTTTCACGAGCTGGGGCGTCATTGGGTCTTTATGTTGCTTTAACCAATGTCATGCGCCTGGACGTTTCTTGTGCTAACTGATCTCCTAACACAGAGTTTATCCGAGAGCTTCGTACTCTTGTCACTCCACCGTTGACGTGAATTCCGGATCGTCCACTAAAAGGGGCGCCTCCGACCAATTAGCCACCGAAGCGGGTACAGGTGCTTACACATTCCCTGATGCCTAACACACCTTCTCCAAGATTACTACTGAACGTGTCGGTCCGGCCGACTTCGTGATCTGTAAATCTGCGAATGGGGTGGATGACAGAAGCTCATTACGAAACTGTCTGTCTCGTTACGTGGACGCGTAGCGTAATCGGCCCCAAACGGAACCGAGCAGTATAAGGGCTGCATAATCTAGCTAACTGGCGCCTGGTAGGGTCTCCTGGCGAATACTAGCGCCTGGTACATTCGGACCAAAGTACCACCTACAGGTACGACGCAGTGTCGGATAGTGACCCCGTCTGGTTATCTGCATTTGTTAACGACAGCCACTGTGTTTACCTGCACTCGTGAAAAGTAACATAATCTGGCCAAATTCCACCTCTCTACTCAACGCCGACAGTTCTCACGATGATTTGGGACAGCATTTTGATAAAACCATCCCTGCCGTTGTAACGCCCTCGTTCTCCCCCAATTTACCATGTAAGAGCGTAGTGCGTCACAGCCTATCATAGCGCTCATCCTTGCGCAATCAGGTGGGTTTATCTCCTACGTACCTCTGAGTGGTTGTCGGTAATCGCAGTCCACTGTGCGGTGGTCTGTTCGATTCAGGGCCTGAAAGCGAGTCTTTCACGATCGCTCTGAGACCACCGAAGAAGTTCCCCTTATAACACGCACTACATCAAGGACCAGAAACGCCAGCATCGCTTGATTCTTGGATCGGATTTGAAGGATTATTTATGGAATTCGCAGATTTTAGGTCGGTACACAGCCTTTACCTCCACCGAGTTTACCTCTTTGTGTAGGGCGCACCGTGAAGCTTTACAATGAGTTGCGGGAGGCTATAGTTGCTGTTGACCGTAGCCTCGCCGAGCTTCTTGCCTATTAATTGTAACTTTCTGGTTTATCTATGTTCGAACTTTTGCCCGGAGGAATCGGGACAGTACTCTTTTTTTACTGACGATTGTACAACCCCGCCCAATTGCAAGGCGCCGGCCAGTAACCCCCATGGCTTCCGAAAAAGGTTACCGACGGATGAGTGGGTCCGGCATATCGCAGCAGATTCGAGACAGCATACAAGGATCGGCGATCCCCCTATCGCATTATCCACGCATGCGGATACCTAGGCAGACAATAATATGTAATTCACGGAGTCGCATCACCCGACAGGTTATGCTTAGGTGGGCGTTTCGGTAGCGTATTCAGGCTGGTAGTACACATATTCTGTGTACAATGGTCGACCATCTGAATGGCTCATAATCCTATTCGTAACATACAACCCGTATTCGTGTTGGCCCCATGCAAGACGCCTCGTCATTGGAATTAGATCACGCTCCCGATGAACGGTACGCTCCATGGCACGACTGGGGGACCCCATTAGGGTACTACTACGTCTAG,1789,50.14,Caenorhabditis elegans
SEQ_623122,GGTCCGACACCCTTGATCCGCATATGGAGTTAGTATATACCCAGTGCGTAACACATGGCAAGTGTAGGATCAGACCTGTAAAAGCAAAAGGTCGACCATTGTTCTTTAAGACTGCATCCCGGAATTTCTATTCCTATGCGCAATAAGCGCCAAGGTCCTAAACCCCAAGGTGGGCAGAGGGAACTGAACGCTTTTCATCTCGAGAACCGCGGTATTCTCCCTGTCTGGGGGCGACTCAAGAAGTCCGATCCCTACCGCTCCGGTTGCGTATTTGTGCCCGAGGAATTTAGTATCCTCCTGTTAGAGCGATTGTCGGCCTGATTTTACTCCCCACCAGATCTTACGATGCAGACGTAGCTACCGAGAGATGGCTACCGCACCCTATCAGCGGCTTCCTTGTTGGTTCATTTGATTCCCTGTTACTCGTTCTACGTTTGAGACGACCCCACAGCACAGTGCGGCGTTTCGTACGGTTTGCTGCATGTGAGACCGCTGTCATGGGATACCGAGATCCGTGGCCTTTCTGATCGGATTATACCCATGATGAAGACCATTGTGCCAAGCGAGTCGGATCCCTAGTTAAGGCAACTCACGTGCATTTATTCTGAGGTGCACAAGCTTCACACTCGCATGATATCAATCGCTGGGCCCCTATTAAAATTCTTTCAGCTAAGACGCGAGGTGATCATACGCAGAGTGCTCAAGGGTGCTAACGGCACATTTCGTCGCGGGGCCCAAAGAGGTTCGCCGCTAGCCGGGGGGTAATACGGGGGTTAGTCGCGCGTACGGGTCCCTGCCGGCCCGCCGCGCAATACGGGTGCAATTGCGCTGTGCAAAATTCACTAAAAAACGACCAACAACTAGTCTCGGCAATTTGCAGTCCACCTCAGATTTTCACCTGCTTAGTGTATGAGTAACGAAGTCCGTACGATTCACCCCTGCTTGTTCAAACATTTACATTCCATTTCTCACTAAGAGACAGCTCTACTACACAAGTAGGGTAGGTCACGATTCGGTGACCTGAAGACGTGGTTAAGTTTTCAGCTGGAAACTACGTTGAAGAGCTTCCGTACCCTCTCGTGGACACCTAGTCACGCGGGCGATTACTTTGCACTCTCCTGTACGGATCTACAGTGAATCAGAGTCTATCAACGTGCCTGCTAGGTGCCAATTACCCCGCCGTTTGAGGTGATTGGGATTCGGCAGGACCTGCAGTATTAAAAGCGCTCAGAGTCCTAGTCGCCCAGGAAACTCGCGTGGTTATCGCAAAGAGTTTGAGCTCGGTAGCCCCACATAAGTTTTTTCGATCACGCAACTAGCAAGCAGGACTGTCCTCGCTCCCTTGACTTACCTTCACCGTTGCGCCGTAGTACCCGCAATTCACCGTACTTGGACGCTTGCGATAAGATGACTAATATTGTATTCCTAAAACACACCAGGTGATCAGCAAGGTGTTTACGGGTATTCGAGGCCTAAACTATTGTCGCGGCCTAGAATTACACAAGCGTACGAACAAGACCTCAACTGGCATAATACAGAATCCGCTTCGTGTCCATGCGTTCAATCACCCTAGAGGAATCGGATCACCTTAAGTCAACT,1599,50.53,Homo sapiens
SEQ_493963,GATAAAAATATCCAATATAACAAGGGGTCCGGACAAAGTTTCATGAGGCCAAGTACCAAGCCCGATGATATGCCAACGGCGTGAAGAGCTCCCCAAGCGCGTAAGTTGGCCGTCCACGGATGACTGTGTCTTAATAGGCGGCCATGTTGATGGGCTAATATTACCTGACGGCATGGCTAACGGTCGTAATGCGGGGTTGCTATCAGTCCACGACGAGGAATAAAGGACGTTCGCTACAATGCCCTGCTATGTTCAGTCAGCCAAACTTGTACAATGCCTGCGTCTAGCATAAGTGCAGTAGATCGTGAGCGCTCAGAGCGATAGCCGCGACCCGACCCGCAGAATATGGCACTACAACAGCAACTACGGTCCTCGAGGTTCCCCGGGTCCGTCGCACTGCCGATCGGGCTGTAGTTTGTTGTCCACAGCGGTAGGATTAAATCTGGTCTTCATCTGTAGCTGCAAATCCTAAATGGAGTCGCATGTCCGTTTAGCATTGCTGGTCGATAACAAGAGCTATCTGCGTTCGTCTCCTTTTCAACGTGATACTTAGACGGCCACTCTATCGATTCGATCTTCGTCTATTCTCAGACGACTACACTGAAGACCGTCAGTAAGACTCTAGTGCATTCGAGTTAGATGTTCGGCCCGGACCCCGCATGTACCCTTGACCCAAAGGAGCCCTCACTTCACTGCGTGGGAAAACAATTCAAGCGGACTTTCTAGGGGTATAAATAGTTAGTATGTAAATCGATAAGACGTGTATGCTCAAACCGGGTTGATCACCCGTGTTAAATCGTACTTTAATGGGCAGTGTCGGACCGGTATGTAAGTGACTATAGGTGCCGGTCTTGAGAGGGGACCGACGAGTCCGGTGTTAATTATAAGACGCGATCTTCTTTACTCCATGGGTGGACGTTCCACACTGATGATGGAACCTCGTACGCAGCCGGCTCAGACCGCTTGCGCGACGGGGTATTGCCCCTTGTCGTGTTGTAACGGCCAGGAACTTTTGCTGGTCAAGTGTGCATATGAATTCCCCAGGAAGCGCGGGAAGGGTACAGAATGAGATCCACAGGATAACGTTGGTCGTATAAGAGAAACCGATAAGCCCTGTCACAAGCCTAAACTTCCGAGACCGATAGCAAACATCCCGGTCGTCGTGAACCTATCGTCTCGCCATTTCCTCCCCGCTTTACGACGTACCGTACGAGATTCGTGCGACTACTGGCGAAGGCCGCCAATCCGCTACGTAGTTTAGCATTCCGCGATCACGTACTGAATCCTGGTCTAACTTTCCTAGGCCTGAGTCCGTTCAGTGCAGCTTGGCTGCAACTCGGGTCGGAAGGAAAAGACTTCCCGCGGCTTGACCCCTATGCTGGACCAAACGAAGGGCACCCGTTGGACCACGCACCCTCGGGTCCAAGCTGCTTGCGCTACGGGGAGGGTCACCTTGCAGGTGATACTGACGGATCAATCTCACTTTCGCCTTCCCTATCGAGCCGTGTATGCGCCACTCTTCCTGTCAGTGAATACCGATCTAGCTCTAGCAGTTGGAGCTATCATCCCTTCTAGGGTTGTCACCCTTGAGAAAGAATCTTGGGGCCCGCAAACCTACCTGCCAAGAGTCCTCCTGACCATCTCGATATGGCTAATGATCACCGGTTAATAGAGTCGGCTCAGGTTCGAAAGGTCGCGGGATCGCCCATGCTAGTGAATATAGGTCCTGGCTTAACCTACGGAAGACAAAAAGT,1754,51.94,Caenorhabditis elegans
SEQ_772053,CGATTCCTTTTCTTTTATAACTCATCTACGCTGCTGTGGCGTGTATTCGAATGCTCTCGCCAGTGGTTCTTATTATGCATTTCCCTCGGCTCGCGGTAGCCGGTTTTCATATATATTATGACAGGGATTGAACATCGAAATGACTATGGTGGGGCTGAGGGTAAGTTGCCTCGTATCCTGACCTGCCATAGGCCTGGCGCTCAGGCGTCTCCTGACTCCATGAGCGATGATTCCCAGCTTAACCATCCCGGAGCTGACATACGTGCAGCTAAGGACAGTAGGTCCGTGTCTGGTGAGTAATTTAGCCCATGTTGTGTTTTCACAGTTTTTCATCTTGTTATTAGCTATAGCCGGCCGCGAGAGCTTTTGATGCAGAGACCTAGACGGTTGTGGCAAGTTTTGT,403,48.64,Drosophila melanogaster
SEQ_530186,GGTCTAGGTTACCACGCTGCATCTCTACTATCGGTTAACTTGGTACAATCGTCGGGCTATTCGAGTAATTTCGAAGCCTTGCATAGGAACATGCCGGCCACGGTAAGCTAATTTTCTTGGTTTCAGCAGGCACGTTGTTGGGGCTCCCGGTGAATTGTCATAAGGTAAATGGGGGCGGGTCCTAATCTGGTCGCTGAGGATGCGCCTCCTGGGCTGTGTAGACAATTAAAGAGCACACAAACGAAGGTAATGCTCTCTCGTAGCAAGCCTCACTTTACACCCGCGTGCACGTCTGTCTACGAAGCTCCATACCGTAAACTACCAGTCCGGATATATCGCCAGGTGGGACATGTTGCTCTCCCTGCCTTCCTGAACGCGGCAACACAGCCCCGCGTTGGGTTCTCGGCTTGGAACGTGTCAGGAAGGCAGGAAGATAGAAAGTATGCTTGGTGTCCATAAATTTACGTGGACTGTGTCCCTGGCAGGAGTTTTGCGACCTTTCAGATCAATCCGGAGCGGAACTACGAATAGGCGCTCATGTCCCTTGGCCAAAGGCGTGGATCTTCTACGCTGGATATCTGCGCAATTATTTTACGTCTGGTTCAAGACGTTTCTCCCGCCTGGCCATTGGTACAAGAACCTTACAAACCATTCGCTGGGTGCTGTCCGTGACCTTTTGGGGGATAAGCTCTCGCAATTCGTATTACCCGTTAAGTGCGAGGGGTCACGGCGCGACCCGGGTTTGAGTGGTGTATTGTCACCGGATATGCCGCGGAGCATTCAAGAAATCTCGTGACCTCTTACGGGATATAGGCAACGCGACCTTTAGTATTTTTAGGGCCGGAATCAGTGAATCTGTGCTACGTAAGACAGGGTTTTAGGTGCGAAGACCTGAGTGGCAAATGAGTAAATCCAGGGGAAATTATTGTCTCGGTCCCTGCATGTAACCTAGACCATGGGCACTGGTAAGGTTCTCTTCCTCATTTGTGTGCTATGGGAAAACTAGGTTTTAATAATCTACGCGTTTGTTGCACTGTGACAAGCTTCCTCTATCTGGCAGATATATCCTCTATTGTCACGGCGACATCAATAGGTCCCGGGCGACTCCGGATACTGCGGCCACTCGTTTCTAACTTTAGTTTTTGAAAGTGAATTGGACGACAGCGTCCTACGTTCTTATGTCACACCTATTGTAGAGCCAGGTCTAGCTGAGTTTTAGTTACTCATTCAGTTTAGAATAGGTGGGGTGGGTACCCCATGTCCGCTATATGATCATGTTAAGGTCTCCGATGAGAAAGTTGTACCGCGATTATACGGATACGCTATTTCTTCTTGGTCGACATTTCCCACAATTGTATGCACGCTTCCAGCGCCCCTATACGCGACTCAGTCCTCTGACGAGTCTAAAGGCCACCGCCAGTACGAAAATGCGGTGGTTAGCCCCCGGGGTAGTGTCGTGACCCTTCTCACCATTGTAGTTAATGTGCGTAGGCTTGTGCAAGCGTCTCAGACGGCCCCCCACGGGAGGCGTGGTCGGGGTCCTGATCACTCTATATCACCCTAACTGATAGGAGGACCCTATAACTCGCCGGTGTTTATGCGACACGGAGGACAGCCTCGGAACCTGTGTCTTTCGTTGGCACTCATGAGGGATTCGGAACACATCGTTATGAATTCGCAGCATCGGGCCACCGTTACACACAAGGCATACTGACTTTATAGCATTGGGCATCAGTTTGGCTTTCCGGCGAACAACTGGGACAAGTGAAAAAGGACCGAAGATGGCGACTGGATAACAGCTTTGTTTTGTTAGAGTGTTCAATTTCTGTCGAGCTTGCGTCCCGTGCTAGAGGTCGAGATCTTTTTAATCAGGCATTAACCGGTCCGCCTTACAGCCCAGGAAATTTCGAAATATAATACTGAGACTATACTCAACTGGGCAATCATCAATGCGATGTTTGTAGGAGTGTGACCAT,1976,49.9,Saccharomyces cerevisiae
SEQ_698579,TATCGGCCAGTAATACGTGGACCTATAGGGGATCCAGGACGAATTAAGCACAAATATTCGCTTGTTGGGTCCACTCTTTCACAATTCATGTAAACGCGAGCTGTTTTAGGCTGATCGCGGCGCTGAGGATACCCGGGCTGGCAGGAATTCCAATGATCTCGAGGTTTACAACGTACCTAAGTTGTGATGAGCCTAAGCTTATCTTCGACTGTCGTGGCTTGAGAGTATTGGGGCCACGTCCAATCCGTTATTGTGTGAACATAGCATTGTGGTAATAATGGGAGGGCCACTAACTACCCCAAGCCTCCGTTATCTCCATCGCTAGGCCTATGCTTCCAGGGCGTGTCACCATATAGACTTAAAAGAGTCTTCGAGCCGACAGCTAGCCGTACGGTAACAGTTTAACATTTGATCCCTCTGTCTATCAATGGCGGAAGTCTGTTCGCACGTGAATACGCGTTTCTGCAAACCCTGCGGGTGTAACAAAGCCTGATTGCACCCCGAGCCGAGAACGTCTATCTACAGAGTGTCAAAATCTATTAAGTAGCTCAGGCAATCAGTCGTACTCATATCCGCCGCCAATTGCCACCAAAAAGATTTCGGAGTATGGATCGTTCACAGGCAACCTGGAAGTCCGCGCAAGCTAACTCAGCGGATTCCCAAAGTATTGGGCTGAGACTAGCTTCATGTAGGCCAACAAACCTAGCGTTAGGTTGTAGAAGCGGAACCAGGGGTTGCAGATACAGTAAGCTTGTACCACTACGGCAGCTATAGGCAATACAATGTTGTATAGGCCTTTGCTCTGCAGATGTACTTTTTGCCCGTGTTGGTCCGATACTAGTACTCAAATGTGAACCCATCTATAGCCGTCAAGCGCCAAGGGCTGAACAAAGTTATAAGACTTCGATGCTCTGCCTCAGGAAAGGAAGTAGCCCCATCCTTACGCACAGTACCGAGAAGCGTGTCATAAATAGGGCGACAACGACAGGAGATACCTGAAGAAAAGACGCCCGCGGAACCCTCCCGAGACGAAACGGTATTTTACAGGTGACACTAACCCACTACTCATCCAATAGAGATAGCCGGGTCTGGTTAGCCGGCGTCACTTCTAAGGAGAAACTTTTCCCCCGTGAATTGCGCGCTAGTCTTGCCACTTGTGGCAAGGTTCCTCACCGGGGCAACAAGACTTTGTCTACAGGGATGTATAAATTACGCCGTACACGTTTAAGTATGATGCTTAACCCAGCGTGCCGTACATCGCCCGAGACGTTTAGTGATATTGGTAACCTGGCCGCCCTTATGCACCACCTTGGAGCACCTGTGAGGGTCTTCGACATCATTACGTGTTTGCGCGGCAGAAATTTTTATTTCTACGAAAACCCAGGATGGGGTGTCGTTTATTCCCGT,1407,49.18,Arabidopsis thaliana
SEQ_473210,GTCGCCATTTTGCACACGGTTTGGCTTTGCGTAAGCCGCCTAAGAAGGCCTTGAATCGGGCCTCACGGCACAGTTATAATGGGCGATTTCGAGGATACTAATTAGGGACGTTCGCGTATTTTGCGCAGACCGGCTACCACGTCTCAACCTATCTAGTGCACTTCCGCAGTATGTTGCCCCTTGTTTACCTACAGTGTTGGCCCCAAAACTCGATGGTGTCGAAGCAATTTCGAGCATCGCGGTCTCTATAAACTCCGATTGTTCTACGTTACGGCTGAAGGTGAGGGCCGGACGGAAACTAAGTCTCAGCTTATGATGTCGTTTTGTGGATGCCCCTAGAATGCCCGGTACGAATGATTTTGCCTCGTCGTTGCAAACCCAGACAAGCACTGTGA,395,50.89,Drosophila melanogaster
SEQ_974848,ATCACGTTCGGCTGGGTTCCTGCCCTATCGGCAATAGGTAAGGGAAGCATCACAATCTGGGAATTGCTCGTAGAGACTGCTTAGTCCACACATACGGTCAGAATTACACCATGTTGCGCAATGTGCTAAAGCCCTCTCAGTTATACCTGGTTGATCAATTCCAACACCATGAGCTGGCGGTGAAAAACAAACCTTTCGAACGATTATCAAATGTAAGCGTTTCTACTGTTGGGTGAATTCTCGTAATCTAATCTTTTTGGCAATCAGAGCGCAACGGCTTCCACCCATGAGCAGACCCATTGGATCGTATGCATTTGACGGATATAAGTCTTAGGGTAGCCCCGGGACGTAGAGTTACGTTATGGTGCAACCGACCGCAAGGAGCGTCCAGTTTTGTTCTGCTCAATCGGTTGTGCGAGTATGAATACACACAACTGGGCAAAGTAGCGAATTCTAATAATCCAATATACGCGGCGCTAAAGCGCGTCTGGGCAACTCCGAATCAGTGAGTTACGATCACGATCTACTGATTCCAGTATAGAATATTTCAAAGCTGTACCCATCGTCCACTCCATGGGGGGAAGTAGGACGAAGTTGATGATAGCTCACGGAAACTAAAAAACAGGGAAACTCGCGGGAACGCAGCAGGTAATAAAAGCCGCTGTTAAGAGGTCCCTATCTTACACCTTATCCCTGCCCCTCCATGATTATCCTTGATACTACACTCCTCCGGAATCACAGGGTGGTGTGCGCGGGCCTCAGAGTTTCTCGCGTGCTATTACCTCGTAGGAGGCGCACTAATCAATTCCGAGTTTGACATATAGATCCGCAGGGTGAGGTTTAATCTGAACTTTATGGTGCCGTATCCTGAGAAGCCTGATCACCTGCACTAATACGGAAAGTTTATTACTAAGGGGTCCTTGCCCTGGAGTAAGATCTGACGACTCATTAGCAAGCTTAAGATGCCATGGTATCAGTCCCCCGTGAGAAAGTCCAAGGGTTGCGTTACTCAGCTGAGAGGTACGGGCCCTGTGCGTAGGCGTGGGAGAACCCGCATGATCGGCAGATCGGGGGGGTTGGTGCTATAGGGCTCACGGCCACCTGGTCCGCGGGTTCCAATGTGCTTGAGATTCTAAAGACATACAGTCAGCGCGTCGTGTGGATTGAAGCCGCAGTAGAAGAGTAAGCTGTGATGAAACAATTCTGTACATGAAATCTCTAGTTCCCGCCAGGTGGGTAAGTGAGGAGTATGCCTGTTACTTGCTCTGCTAAGCGTCACTTACCCTATTGTAAGTACACTATGCTCGCCACCTCAGACCACTGTATCTTAGTGGTCATTTGACGGTCACGAGACGGACCGGACCTAATTTTGAATGGGAGCGGTCCCCGCGTGAAATCCAAGCCGAGCTGCCCGTCTGGTCCACTACCACCCCTACTCCGGATGGCACATCTGACAATTCTGATTAACAGTCGCCCGCGCCGTTAGCCCGCGCGTATCGTGTTGCGACTGGACGGCATCGGATCTTCTAGTTTCATCCGCCAGTTAACTTCTAGATCCGCGACGCACTCACCATACATAACGAGTGGTGGGGTATGTGCTAATTGTATATGTGTTTCCGCACTTGGAGACCAATTAATTTCTCACGTGCCCGCTATGCCCGAAGAGGCTTATTAGCGTGTGACGGGACACTCCGTCGTTTGGGCACTTGAACGACCGAGCGAAACAGTGAAGTCTGTTACTCGGGACATGCAGTACGGTTCCGA,1764,50.17,Homo sapiens
SEQ_584422,TGCAACATAGCGCCGTATATCAACGCGGGCCAGGTGACACCCGTACCCCAGCGGTATACTCACACGAAATATATTTGACCGACTGGGCACCCTAGTGGCCGCCCTTTAGTCCCCTAAGTCAAGTGCTGTAAGCACTATTCCAAGGTTGCGGATAAGAGGAGTGGGACCCACTACCCCGCAATTACTCACAGATTACGTTATGTGGTTGACGTGACGGAGAATACTACTTCGGGCCGGTAGTGAAGGACTTCGCCTCGAATGCACTAGATACTCCGTGCTGCTGTACGCGCGTTTAGTCCTCGATGCCCCGCACGTGTCTCGACATGGGGGGACGAATGGTCAGCTCTTGGACTGCCCGAGTCAGGTTAATCGTAGGCTCGTTTGTAGTGTGTCTCCAAGAGGAACACAACCGAAGGTACATGTTTATGCTTTAGACCTGGGGCTTCCCCTTATAACCAGTCCTTGCACGCTCGCGGGCTGACCTCCCCGCACTGTGCGTACCAGGCGCTCCTAATTTAACAGAAATGGCCGTTCTCCTATCTCAGAAAAATAAGGGCACAGGACACCTCTAAGGAGTAATTGAAGACTCGCCCTCCCAGCACAGTGTGAGCCGTTCTGGGGCGTGGTACAAGTGCGACATCCTGTCTAGCATACCTCAGAACCTGTCCGCGTGTAGTGCGGTAGCTGCCCACCGATGAGGCCTCCGACGAAGCTTCTAAAAGCGGGCATGGCAGTCTTCTGATT,744,54.17,Saccharomyces cerevisiae
SEQ_408839,AATCAGCACGTGATAGCGCTTCGACAGGTCGCGATGTTTTATTGGGCTGGAGTTGGATGGACAGGGTACCGAATTGACCTAGGATTGCTGAAAAGCCAACAAGCTGCTTTCGATCCTACGTGTAGGTTGCCCTTAGCACAGGAATGTAGTTATTGCTATCGACAAGCGGCTCAACAATGGCGCGGCCTCAGTCTATGCACGTTTCCCAAATGCCGACCCTTTCAGCGCTTTCACGTGGTCCAGACTGCTCACCCCCCTGCGAATCATTTGAGGACAAGATTCTCCTCAACAGTCAGCTTTCCTAGTTGGAGTGTAGCACGGCGCATTCTCTGGGAGTATCCATCCGATCCGCGTTTCCGATGAATTAACGGTGGCCTCCTCAAAGGCAATAATAAGTCATAGTCATCGGGACTGAGATTAGTAAAACGTGCGACCCAGGCTACCCTATCCAAAATGTGGTCTTACTTTCTTCAAGTCGTATTTACATCAGGTAAAGGTCGGCAAGGGCACGAGTCGTTAACTGAATAAGAGCCTAATGAGCCGTGTCTCTAGCGCGGCATTTACTTAGCTACAGAGCCCGCTGTACGACTAGGGCCACCACAGCTACTCTAATTCGAGGCTCCGTACTTTGAAAGTGTCTAAGGTCTAGGACCCACCCAATCCCACTCAAGCATTCCCAAGGCATGCGGCCTCACTGCGATTACAAGACAGCTTCACGCACAGGGCGGTTTAGAGGGGAGTTGCCTCAAAACACCCGTCAATTAGCACAGAACTGGACCCCCCTGAACCCGTAATCCCGCGGGTGCCTTGGGTGATGGACATCTTCGAGTGCATCACATCGGTCCTACTGGACAATCTTAGACGCTCCGATGATATTGCGGAGTACCTGGTTTGAGTTCCATGAATAACTCAAGGCGAGTTTCCCCCTAAGTTGCGCACAAGGGAGATCCGATGCCTTCTGATGCTTGATAGAAATACCGGTTAAACCGAAGTCGTAGTGAATCGCTGTCACTTAT,1016,50.59,Arabidopsis thaliana
SEQ_154426,ACTCCGAGCTGTCCTACCGAATATTGCCTCAGTTAGGATTAATAGCATCCAGTTATTCCAGTACTTATCGGTGACACCACTGTGCTATACATCACCGACACTTTCGCAGCAGTCACATTACCGGCTGGAGATCTCCCGCAACATAATCGATACGACTGGCGCTGGTCGAAAGGGGTACGTCACTGATCGAGTCCTTACGTGTGTGCCGAAGCTCGTACGCAACCGTGGTTAAATCATTGGCGTGTATTCAGAGTTGGGACGGAAGTTAGGGAAAATCCCCGTTCTCTTCCCCCTCGATCAAGACTAAAGCCACAGCGCTCCCGTAAGCTAGTCGATATATAATTGCGAATCTGATATCATCCGCGTATGTCAGAAGGGAGATTGTGTGTGAGAGCCGCCCTCATAATAAATCGTAAGACACGCGGCGCCACTGCGATCCACCGCTGGGTAGTCAGATGGGTGGCGCCAGATTAACCAGATAAATTTCAAAGATGTATTGACACTCACTTAAGGATGATCTCCGAGATCATTGAATAGCGCAGCTACCTTGTCGCGTCTTGGCCACGTATATTTCTTTATACGACGAAATTACACCAAGCCGATATATCTATGGACTCAGTGATTTTTTCCGTCATGTTGCAATGGTCACTCAGGTTCTACCCGAGAGCCTGCCATACCCTATGTACGTAATTTGGAAATGATAGTGGACATTAGACGCCAACGAAGCGCACAATGTTCTACCACACCTAGGGTGATATGTGCTTAGTATTTGAAAAGTCACAGGGCTTTTTTCAGTGAAGCCCGCACCAATTCCCACGAGAGCAGCGCCTTAGTACATTCGCCCTCTTGGCACGTATTCGCCAGACTGACTTTACGCCGTCGCGGGGGCTTTTCTAATCTGACCATGCTAAGACACTAGCGCCCTTTTCTAATATGGTATGCTGTGCTAGCAGAAGTTGATGTGATCACGTAGCAAAGAGGTATCGTGCTTGTCGGTCAGACAAAATAGAGTGCTTGAACCCAAAACTATAATTTGTTCCAGGGAGTAAGGGTATTGCGGAGATAGCGGCCTAAACGTGTTATTACGGTCATTGGGAGGTAGGCTAGCAAAAAGTCACGAATTTGGGGGTAAAGCCGGCAACTGGCTTCAAGCTAAAACTAAATGAAAACGCGAGAAGCCCAGGCGGAGCGACACGTGGCATTTAAACACAAGTCCGGGGCAGAAACCATAGGTCGTCAAAGCAGTCTTGGGAACAAGGGGGTCTTGGATGTTCCTGAGTAACCAAAAGCATACCGTCGAAGAAACAGGTTGCTGCAGTGGGTGGCTCGGCGAAAGATACAAAAACTTGGTTCTTCTATGACTACGATTTTCGGGATGTTTGTCTAAGCATCTTAAAGCTCAAAGCTGTAGGTTGGGATCGCTTGAATCCTACTTCGGCAGCAGAGTCTTTCTGGTGATGAATGCCAGACGCACTGCTAACGCGTTGAGCTCCCTCTACTACCCTCATTAGGCTCGGCAGGTTTATGGGCCGTAAGTCTAAGCATCAGACCTTGACTTTGCTGCTCCAGGGTACTGCGTCGTCTCTGCCAAAAATAGGCTAACAGCGATGCTTA,1614,48.2,Mus musculus
SEQ_976419,AGCTGCCGATTAAAGGTGTTGTATAGCTCGTTTTGATTTACCTCGTCTACGACGCAAGGATTGCGTGTTGCGTCCCCTACGAGAAACTGCTAAAGA,96,46.88,Escherichia coli
SEQ_551296,GTGTAAGCTTCCCTTCGGTACGATGAAGTCACCTGAACGCCAAGCAATAACGCTAGTCTCACTTATCATCCATGGTCAATTAGGGCTAGAGCTGGACCGCAGATACTCAGACTAGAGTCCGCAGAGGTGGCTGCAGGGCATCTCACCTGGGGTTCCGCGGGATGAGAAACGTTCTCTCCTCCACAGCTATACAGCCGTTAGGGGTGTGTCGGAATGGGAATGACAATACCCAATCAACGCTATACCTCTCACCGGTTTCAGGGATCCGGAAGTGAACTCACTGTGAGAAGAGAGATGATGCAAGTGCATGGGAGTCGTTTCCGACATGGATCACAAACCGCTTAAGTATCGACAAAAGCCATTTTCTGTTCAGGCTTTCGAGCTTGACTTTATAGGGGGCCGATAGCAGGTCAGCCTTCGCACTCAGCCCCTTTAGTGAGTCCCGTGAACGGAACCACAATAGTCAGCATTTCACGTGGAATGCGCATGGTGGGAGCAGACGATCCTGTTTCGTATCAAACCTGGAATTTCACCACTGGCTGGACGCACGCCTGAAGGGGGCAGACTCACTGAGCGTGTCCGTCCAACGTTGCACGTATCATTGATTATAGAGGTTCTATTTGCCCAGCAATATGCTTAATGCCACCGCCAGCCTGGACAATTACACTTCAGGCCTGAGTTATCACACCGCAACACCTGCTGTACGGCATCACATATGAAGAGGATTAAATCCCTGGACCCGAAAAGCCAAGTTGTTTGGCCCCTCGTTTTGCCCGACACAAGATTATGGGGCACACGTCTTATGTGGGTGAACCACAACCCACTTACTGTGGCCGAATTGCACCACAGCCAGGAGACCATCTAACGAACTTAGGGGCGGTGAACTTTACTCTCGTTGTTCATGTGATGTGATGACCCGTGTCCATTATAGAACACCTGTTGTACCGCATGTATCACCCCAAATTGGCGTGTCTGATGAAGAGCAGAGACACGAAAGATCGCTTACATCGACCTTAAAAACAAAGTTGTTGATTTTCTGTATCATCTGCTATTCATTGCCATAGTTGGGTTCCTCTCTGAAAGTTAGCCTTGTGGCGCTTCATTCGCGCGATCTGATCGTACCTCCACATCGTCTCTCACTCTGGTTCTGTCTGTAACACCCTAACTCTGGCACAAGACTCGGTCGCGTGGCCTAATATCGTGTATACGCCATGAAGAATACATTTATGCAAGTATGTCAGGCACCCTTAAAAGAAGCGTCCGTGAAAGGGTGTGGTCTTCCGCAGGTCTGGTTATTATTGTCCGATTAAGGGTTCCACCCTATCCGAAACGCCCTCA,1338,49.78,Drosophila melanogaster
SEQ_812552,GGGGGGCTTCCCAGTCCCTAACACTAGCGTATCCTTCTGAATGAGTTCTAAAATACAATGCTGTTAAGCTGACCAGTAAAGTCATGTGTTTCTCTTGGTAACCGAAGTGTGACGGTGGGGGACTCGCGAGCGTAGCGGTCTTACCACAAATGTGGCGAT,159,49.69,Drosophila melanogaster
SEQ_531258,TTGAAGCCATAGTATCCGATGACGATATTCTTATGCGACTATACGATTACACCGCAGTCCAGACGTGTATAGTCACAGGCTGCAGCTCTGTGGTAGCAACAATGTGCTGTAGCATGGATGACGACACCAAGCTGTTTGGCAATCTCCACTTTTATGATTGATCGGATGACGTTTAAGGGGTGTCTTCCGGATAGGATCAGATGTTGTGTCGTTTCCACAGATGAGGCCCGACGGGCCCTGGGTTTCTACTAACAGTGTGTGACTCCGTGAGCCGGTTTACAGTTGCTTCACACCTAGTACAAAAGTATAGTGTCACTTGATTATGGAACTAATTGGGATTCGAGAACACCAATTGTGTAGCTCATGAGGTACGAGCTTTGCCTCCCGTAACAGACTAGACTACCGCTTATGAGATGTGATATCGAGATCCTGGGATTCAGGAGCTAACCTCAGTTGATCCAACACTCTCAAAGCTTCCAATATCACGCTGGCTAGTACGGCAGGACTTCACTGGAACAAACTAGAGGCTGACCAATGGGAGTCCCTGGGATAAGGCTCGTGGACTATTATTTGCCGACAGTGAAGGGCAGGACACGCAGACCAAGAATACGAAGGGGTCAAGCTATACAAGTAGGCTAGACTGTAGCGTTTGGCGTTAAGTTTTTGACTTCGCCATAACTCCGATGTATCTCTGTCTACACCGGAGGATGCGTGAAAGTAATTTTCATGTCGCATAACCGCTATTTATGTTCAGCATGGTATATTCCATACAAACCCGACCAGATACCCTCTCTCTTCAACCGACAATTTCTCCCTAGTGGTGTTCGACACCCTAGGGTTCTTTATGGTCCTTGCAGTCTTAACACCCTGCCAAACTGAGCCTTGCGATTAGAGAGCACATGTACGACGTTATCAAGTGCACCGTATTATCTGCTCCCCACTCCAGCGTTGGAACACTTCACTGAAGAGTAAGACACTCCTGGTGTGCCGGGGATATACACGAGCGCTGTGCTTGTGCCGTTCGGGAGGAGATAGATAGGGTCACAGTTATCATGGAGATCCGTTGACTAAGCCAGAGCGCCCTAATGATTACCAAAATAAATATCGGGAATTCAAAGGCTGGTTGATCGGTTCTATTAAAGCTACATATCTTAGCTAGTCGTCCCGTACGGGAGATTGTGTCCCAAGGCCAGTGGTAGCCAACTGGACGTATCGATTCCTATATTTATGACAGTTCTAACAAGGCATGGGAGCACCCGCAGCCGGGCGTTCTACGCGAACGTAAACGACCTGCGGATAGTCGCCTAACGTTACCGTACAGACACTGCGCGCCGTGCCCTGTAAATAGAACTTCAATGTCATCGACACGTATCTCTTAGTCTCCGCCAAGCACAATCTTAGCCCTCTCCCACTCAACCGGATCCGCGGCTCCACAAATCGATGGGGCGACATCGCATCCAGCATTTCGCGCCTTATAGTGTCGACACGGGGAGGAAGCGTTGAAATTCTTACGTAATGGGCATAAAAGCCAGTTGAATCCGTTGAATCCATCAATGGTATACTCATGTTGGTGAAGGCTTTGGCCATTGGAGCTGGTGAGGACCATTGTAGTATTCGCTATTGGCCGACCGGACAGCAAAGTGTGCGTCATGGACTCATTCAGAAATCCAACTGTTAGGGAATTCCGCTACCTATACAGACAAACACCCTGGCGTTAGTCGTACCTGGAATGTTGAACGGGAACTGTGTCATGATATGATCGCTCATTTACAGAGGTTCTTTTCTGGTAGATCTTTAAATGTTACAATGAACCCCACGATCACAGAGAGCGTATTGATCCGGTTTCAACGTAAACTAATGGCAGGAGAGAGCATGACCAA,1880,48.03,Arabidopsis thaliana
SEQ_574551,TTGTGAAGGTGCTACGAGTGCGTCTTGACGTTTGACGCTGCCTCCTTACCACCTATGGGAGCAGGAGACAGAGGACTCATTGCTATGTTGCTAGGCCTGGTACAGTGCATAGGTAACAACCCGTGGACAGGCCAATATGTCGGTATTTTCAATTATCGCCTACGGGTAGTGGCATACCTTGGCTAGTATATTAGTCATTTTGACTGGCCCCACCTGTTTACGTTCACCACCAGATTAGCACCATCGCGGTCGAAACACGCTACAACACTGTGCCTGCCCTCGTAATCCTTGGTACCGATGCACAAGGTCGTATCATTACTCGAGGACCGGTGTGGCATAGCCAGCGGTTCTAGATCCAGACAACCGTTTGTCGCTTTGACGATGGGAAAGACGGTCCCGGAAACTCACAACCAAGATCCCTCCTTATGCAAACAGTGCATTGCGGGCAGGGGCTCGGCTACCGCTTTCGTTGGTATGGCAATATACAGAAACCCCCTTTTACGAGTCTCTAGGTTACGTCCCGCGACGTTAGCGAAGCTTTTTATTCATTCGTACCGGAAATAGGCAACTTTTTGGCCACTTGGGTGGTGAGTTGGTCTAAGTACCCACGTCTAGTCAACGCCATATCCAGTACACATTCTTTTCACCCGCGGCCTGTGCTAGCTTCGGGACCTTAAGCAATCAACACAAGTACGGTCAGGTACGAACGGAGCATCGGGGATCTGGGAAGGACTGAGCTGTTTTGGATTAATCCAAGGTAGACACCATGAGGCGGTGGTGCCCTTTATGCCCATTTTCACTTCCGTTTACGATGCAAGCACCCCAACACTTACAGAGGTAAGACTCAAGTCTTTGATGACCCGTATGTATCAGTTCCAGCTCAAAGTCATCGCTGGGGATGCGGTGTAGACGAATGGCTGTACGGCCTGACTCCTTGCACGCCAGGATCCCTCACCGAGGCATCATTCCATGCCTTCCCACGGGCCTGCCATACCCCGGGACAATTGGCTTATTATCGATCGAAGCAGAACAAGCTAACTTGCGGCGCACCAATCACCCCGTGGTTACGTGGCCAATTAATATAAACCGCTGCCGCTTACGAGGATCGAGGTTTGGTGGTCTCTTAGTGTACTTACATAGCGGCCTGGGTTGTTCATGGCCCCGGCACGGGTGCACGTATACCTCTGCTCCAGCTTGGGTATAGATGTCTAATACAGGTCGATCACGGCCAGTGCTTATCGCGTTCTCATAGGCCGGAATCCGGAAACCGACATTTGAGTAAACGGGTTTTGCTCTTTTAAAATGCGAGAACGCAACACTGCGGGGATGTGGCGTTCCTACCGTTGGATCGCGTGAAGCAAGAATCCATGGTCACGGCGA,1380,51.81,Mus musculus
SEQ_576230,GTTTTGATCTCGGGATCCGATCGGTATTATGAGACGCGTCTAACGGTCCAGCTGGACGCGGCCCTAACAGCATAGTCAGCTAGACAACTCGAAGTATGGCCTCAATACTATTTGGGTCGCAGAACAACCTACTTAATCCAGTGTTTGGTGGTAGCCCTTGTGATCAGTAAGCCAACCGCTAGTCGAGCTAAGCAGACTGGCACACTCGATGCTGCTCCTTACGAAGCAATCCGAGACGTGCGGAAAATCTTTGCTTCTCCGACACATAATTACGGATCAGAACTCAATCGACCTTTCATTGCCTATGCAGAGTTAGTCTACTAATTTCAACAGGCAGCCGAGACCAGCACCCATGTTGACACCGATAAAATCACCCTAACAGGCATGTTCTTATTGGCAGTGGTCATTGAACGCCCACGATCTCCTTTCTAGCGGGATCGAGTGGAGAAACTGAACGCCGATTCCTATTTTCAAAGCAACTCCGCGTTATCTCGTGTGCATAACAGACTAAACGATCTAACGCACGCTCACTCCGGAGTGTCACAGACCCCCTAAGGACACGATTCCCAGCGAACTCCACCTCCGCGTATCACCACGCTATATTTATTATCCACGTCAAGAGCAAATAGCAGGCTAGAGCTATGTACGTGGAGACTATGTACTTCGCACGGTTGACTAAGGCGGGGGTCTCAAGTCCTGGTATACCGATGGATATAGCCTCGCTAGATCAGCGCGCATAGGGCCGGTACCCATATTAATGGGATAAGCCAGACCTAGTGAACACCTTCGACGAAAACATCCACGAGCCTCCTTCTCAGCTCCGATTACAAAAAGGTAGACCCTTGACCGTTTTCTATAACGCAGAAAGAACACGCACCAAACCGGTACTGCAAAGGGTTGAGGACAGTAACGATTGTCCAGCAGCTTTCCCAAACACGAGCCATCTATAGACTCCGTATCTCCCACACGATAGTGCTCACTGGTAAGCTCCGACATTGATCCCTCACGGTGTAACGGCAATTTTTAAACCGCCCTCCGACACGTTCCGTCTAGGTAACAGAACGCCATCTGCCATTTCAGCCATAATTGCGAAAAACAGCCGAACAAGATATCCTGAACTAATGCTGAAGTGGCCACTCGGACGTTACGGACAGTAGTCTCCCGATGGAGATCTATAAAATAATATCAGCGACGTTGTAGCGTTTATATCTTCCTACAACTCTCTCAACTGGAACCAACATAGACTACGTGCAGCGTATCACCTTATCACCCCATTCGTAGGGAAACCCATTTAAGCAGTGGCTGTTTAGTTTATGAGTGATAGCCTCGCATACGGTCGTTCTAAGTGCCGCACGCT,1357,48.78,Homo sapiens
SEQ_638570,AAAGTAGTCGTCGTAGGACGTACTACGTATTTGCAGAATAGCAGCCAGACACGGTCTTACGTTCTATAAATCCCCGTAGGCCTTCGTGATGCGAACCAGGAGGTATGTAGCGATATCAGGGCGTGCTGTTGTATTTGTGTACTGAAATATTGGACCTGCATCTGTATGTGATACTTGTGCGGATGTCCACTAGGACTCAGCGCGACAGGGTTAATGATTGGAACCTTGCTTGAATAAGGCGGCACGTGCGACGGGGCTTAGCTTTGCGTGGGATATACTCGATGTTGTCTGAGATTAAGCGTACCGGTGTAATTGCGGGCGCGTTCAACGAATGCCAGCTTGCGGATTGTAGGATCATAGACCGGACTTGACCTTGATGTACATATGCATGCTCTCCGGGCTCCCGACATTCGCCGCAAAAGATTATGATTCCAGGCCAAGCACTAGGCACAGAAGCGCCATGATAATTCTACATGCTGACGCCACCCCGGAGCACGTCGTCATACTCGTGCTACCCTGGTCGTATTGGCTAACTGCCTACGTACGGACGCAGGAGTTACGCCGAGGCGATTTGGAAGTTGCTTGGGTCGCGGAAGTGTTATACCAAATGGTATTCTTGTTGTGTTGGCGACATGGGTCTACACACGCGGAAGGTCGGAGGTGAAACATACCTATGCTCTAGCCTTCGTAGCCCGGTTGGGGCACGATTAGCCCATCAAAACCCTCGTGCCTGCCGTTTGTTTAAAATCTGGGTCACATACGACCTAACACGATGTCGGAGCGTT,785,51.21,Saccharomyces cerevisiae
SEQ_547717,TAACAAAAGGCTTTGTCAGAGCACTCATCTCATAGTGGGTCGCAGGCCGTATTCTGATGAATTATGAGTTGTTTGCTACGCCTGGTAGACGATGAACACAGTAAGCCTAGTCAAACACAGTTACTCGTATCCTGCCGGAATGAGATCGCCCTACTATATGACTGGCTGCAAAAGTGTTCTTATCCCCCTATGTAACCTTAGTCCCAGCTAGCCCGCGAGTACCCTAAAAATTGACGTCACTACGCACCCTCCGATGGGCTCCCTAGCGCGTATCTGAGCTGTGTATGACTCCGCTTTACACCAACGGGAGTCCACTCCCTAAGCATGTTTGTCGGCAGGACTGTGGAAGGGATACTGAATTTTTTGTTCCTGCGTCCGCGGCCTCAAAGCGTTTTACACATTTGTCTTCTACTAAGCCGTGCTAAGGCGACTTAGCCTGTGCTTATCAAATTCTTCGCGATTCGATAATCGAGGGAGCCGCAGTCTTCGTATCCTTCAAGCTATCGGAGATTTGTTCAATCTAGTGCCCATAGTATCAGTCAGGGTTGGATTCATCATAACAGGCCAGGCAATGCGATAGCCTAGGCAGTAGCGCCTGCTTATGACCGTTATATGACCTCTTAAATCCTACCTGTATTAAATAACTACAACATACGCACTTAACGGAGACTCATGCCGGTACAAAGATCATTGCAACGCTGCGCGTGTTTCGAATGTGCAGGAGGGTATCCGAGGTCGCTATGAAGCGAGGTTACGAGATCCCCCACGCTGACTTCCCGGCAGCCCTGACCGCCCTCTTGTCCAGCGATCCTCCAGACGTACGCTCCCTATCCTGCCGCTGTTCCACCAACCCCTGCGCATGTGGCCGACTGGCTTCAACACGGCCACTTGCTGTGCATGTCCGGAAGATCATTTTAAGCCCGAGTAGGATAGCGAATCCCTATGGGACTGCAGTGGTTCTTCCACAGTTCAAGAAAATCGCTTAAGATAAGAAATTAATATCCGGCGCACGAGCTGGGATCTCGCAAGTCGTCACAATGGTGGAGTCCTTGCCGTAGTAATGCCCCCGGGGCTCGTACTCTCACTCGACCTACGGGCTCACCACCCGGGCTACCAACCTGGTTGCACGATGTGCCCGTATCTCCGGCTATAGTGTGCCTCGTCGCGCATCGGAGCCTAGAAATAATCCCCATGTTAGCCATTTACATGTTGCGTATAGAAAATTCTACTTCCTGAAACGTGATCATACGGAATTTAAACTTTACTGCTACGGGGGGCACGGAGCGGTAAACGTAGGAAAAGCTGTGATCCGTTATCATTGACTTCGCCTAGTGGTGCCTTGCTAGGCCCGTTTCGACGAGACCAGAGCCGCGGTACATGAGAAGAAAGCCTCAGCATCCAAACCCAACGTGGCACCTGATCATGCTCGATACCGTTAGTTGCGCGTACCTCGATCCATTAGTGAGGACAAACTGGTTAATTAGTTCTAAACGGTGTCAGTACCTAGCGTCGAACGAGCTCGTGCTCTCCACCGAAGGTAACTTCGCTGATGCTTGTCTAATATGGCCGCCGCAAGTCTCTCAGGTCGTACTACGCATTTA,1601,50.84,Drosophila melanogaster
SEQ_845142,TGGCATCCGGTCAACGAATATCTAAGTCACATAGTGGACATTGTGACTCAGGCGTCGGGGCTCAGTTGGGGATATCACAGCTGAGCCGAATTCGCGCCACCAGATTTCTATTTGCACACCAGAATTCATGAATCACCCCA,140,50.0,Mus musculus
SEQ_529763,TTTGGTAGGAACCTCAATCTGCAGCCATTATGCGAAGTTTGCTCAAGGGCCTCTACTAAAAGTCACACCTGAAATAATGGGACAGGAAAAGCTTGTTGAGTGATCGTACCGAGCTGATGAGCCACCGAACGTCTACGCAGGTGCTAAATTCTCTTCTGAACACGGTTGGCCCCTCACTAGTCTTACCTGACAATTGCGCGCAGGTTTTGTATAGCCTAGTTGGCGGGCACCGAAGGGAAGGTGGGCGATTAACCAAACATAGTGACTATATTAGTGTCAGCTATTCTTTTTGTACCCACTCCCGATCCGATTTCCCTTAAGAACCGGAACGACTATTTACCTATAAGTCAATTTTTCCTGGCAACTGCGTTTGCACGTATGGATTCTACCCGCAAGGATTTGGCTCGGGTAATCATATTACCGATTGCGGCCCAGAACCGCTTGGGTAGGGCTTTTAGATTACGATATTTAGGATACGCTCAAGCATAAAGCTTGTAGGCCACACCATGAGGCGGATGCGCACATCCAGTACGCATTACCACGCGAGGGTGGTACCTAACCTAATATGTGAGTCAGAGTAAAGTGGGCCTGTGTAGTGTCCCCGGACATCAAACGATCACTGCGAAGGCCCAGTGCCAGACTCGTTGTCATGGCCCGAACAGATGATGCTCGGTCCTGATTAAACCCCCCAGCGACATGAGATCATTAGTGCTTGGTGCCCGCACGGTGTCCATCTTGGTGCCTAATCGTCGTCTTAGTCGGGTCAAAGGCTGGCATAGTGTGGTCCCGCGTAACCCGAGACTAACACTAGTCATGTCTCTAACCGCCGTCTCAGACGCCCGGGAGTGATCAGGACACATCCCGCTACTGCGGCCAGCAACCTCGGTCCGGTTCCACGTGTTGCGCAGAACCACCCTAACCCCCTAACGATACCTCGCGTCCTTCCGTTGGGAAAATATCTAATGAATGACGCCATACGCACCAAAGGCTACTATCCGGGCCAGATCCGTGTAAAATACTAGTATGAATGCGTACCCTCCTCGATTGAAAGTCAGCCAGATTTAAACCAGCTTAGAAGACTGTTGGTCCAATTGTTTAAATCGGGAGTCAGCCG,1114,50.54,Arabidopsis thaliana
SEQ_136030,AGTCATTACAAAACCCTGTGAACACCGACTTCTAAAAGATCCGGCCCATGAGGCTACTACTACATATTTAATTGCCATGACTGCTTTGATTGCCCTTGTACGATAAGAGACTTGCATGTCCTATTTGGTGGTTCTGCCTTGAATTCACCCTCCGTACCTTATGTGAGTGGCAAACATTCTAACCCGGAGCTGTGCATGGAGCTACTAATCCAGGAGAATACTCTAATACCCCAGGGCCAGCCCCACCTTGGTGATTAGGTACCGGGAGCGGTTTTGGTGACACACGAGATGACCCGTAGCCACATTCGCCCATCCTTTTATCCCTCCGAAATCTGAGCGATGCATAGCCTCGTCATAGCCCGTATTCGCGCGTAGGTAAGGATCTACGCACTTGGGACGTACCTCGAGTCATCCCATTTCTTAAGGACACCCCTGCGGCCAATCGTGTGCGGCTGAACCCTCGCGCAAGAATTGGTACAGCGGTCCGCCTGACGCGATTCCCCATCCCATGCGATGACATTCCCCAGGCAGCCCG,535,52.34,Escherichia coli
SEQ_945676,AACGTTCCTCCACAGGCTACAGCGAAATGTTATGACCACAGCCGCACGTTACGTAGCAATCACGCAAAATATCACGGGGGAAGGTGAGGAGTAGAGACATTGACCCAAAACAGGTACTAGCTAAACTACCATATTTTATCCGTTACTGCAGTCGTGGAATTTCCTCTGCTAGGGGCACGCAATAACGGAACGGATTCGAGGTCCTCGCCGGACTACGGACTGCCGGTCCTATGCTCAACGAATACCAGATTCACAGTGTGAGGTCCGTACCTCCTCTGATTTACCAAGGTACCATTCCTAAGTGAGAACTCCTGGGCGCCCACGGGGCTATACCAACATTCATGTCCTCATTAACATCCAGATGACGACTGGGTGACTCCAGCTTTGCATAACTGCGGATAGAGATGACTAGTCCTGAAAAAGTGCACATGTCTCATGGGAAAAACGTGGAGTGTAGCTCGCTCCGAGGCCCGGAACTCTCAGGCAACTGCTCAGTTTCGGGATTTTAAGGAACTGCTGAGTCGTCTCGTACATTCAGAACCCCGCGGTCAACGAGAACCACTGTCCTAGGGTTTACTTTAACATGGCCTCCGATTTTGGAACCTGGCGCGACCTGCCCGTTGATGAAGATGGGTTCGTCTGCTGCAAGAGCTACAGACAACCAAGACTCGTGCACCATTGAACATATAACAGGGTTCAACTGAGTTCACATGGGCAATGCACCGTGATCTAATGCAAGGCGGAGTCGGCACGGCGGTAGAAGTTCCCATGCCGACGCGTGCGAAATCCCGTTTGATTGACGGGCACGTACACCCCGAAGGACGACTACGGGTAAAAGCGAACGCGTTAAACTATGATAAAGCGTAAACGCGGGATTGCTTTCCTGGGTGTGGGTTTCCTCTTGATGACAATACTAATCGAGAATAAATGATGGGGCTGGGCTAGTAGGGCACAGCTCACCAAGATCTATTACTAGCGATCCCGGGTGTAACGTAAATAGATGCTGTCCAATCTTCTGGCTGATAATACATCCCTTCTTGCGACGCGCTTTCACGGTCTATGCTGTCCGCCCATATTTCGTAAACCAAATGAAGTCAACACAAGCACTTCCCAATGACGCCCCACGCTACAACGATACTTGTGGATATTCCATTGGCGCGAAGAGAGAGTAATCTACTATGGCGCCCCACGATACAACTCTACAGAAACAACTGCCTCAATTTTGGGAAGCCTGCACTTTGGCCGTTCGAAGTTGTCATCTAAGTGGGGTGTTTCAAGGTAAATTGAAACCTCGAGACTCTGACGTCCACAATAAATGGATCACGCTTAGAATATGTCACCCTCCTGCCGAGGAAAACGTATGTCGCTGCACTACTAGGCAACCGATTTATTGATTGATGGCTTGACTAGCGAGGTCGAGCGGAATCTATCGTACATAGAGCGTATACGTCTCTGGTCATTTGCCGAGTAGTATTGAGATATAATGCTAAAAGTTCTCATCGGCGTGCCGAGCTCACGGCCCCCATGTTAGGTAGGACAGCTGAAGCACCCGTTTTTCGCTCGCGACACCGTGCCCAGATGGAGTATTATGACCCTGAGGTTGGGAGCTCGTAGGACGACTTATTCGCAACTTTGTTGGCGTACTAATTCGTAGCCTCAAGATATATA,1668,49.58,Caenorhabditis elegans
SEQ_595445,ACCCGCGAGAACCAGCCTAGCGCATAAGCTCGGAATTGAAACTAACCTTCCAAACAATCCATTCGGTGCATCTGGTGTCCACAGCTGAAAAACCACACTGCGAAACTAAAAATAATAATACGGGCAGGTTGGCGGCCGGACCCAATCCCGACGTGTGCACACATCAAGAGCTCCAGGTCGTTTAGAAAGCGACTAGAATATTGCTCGTGAGCCCTGCATCACCACCCAGAGACGAGCCGAGATCTTGGTCGGCGGCGTTGCATCTCGAAATGGTAGAAACTGAAGTTTCTGGCCACACCTTAGTCATGAACTGTCACACTAGCATCCCAAGCTCCTAATTGCAACTTGACAGCCAAATGCAGAATCCCTATAAGAACTGCCTGGGGATAGCGAGGTCGGTTATAGGTAGAGAAAGTGATGTCCGGAGGAAGACTGCCCCCCGAGATATCAACGTGTCTACACGAAGGAAGATTTACATGAAGGGCTTTCGACTGCGGCGACGTTGCTTGCGTATAACTTCATGCCATCTGGGCGCCAGTAAAGCAGGGCCCGATACTCCGGTTGAGACCCCTGATGTGATAAGGTGTTATGTCTCCTCCTCCAGGG,606,51.32,Mus musculus
SEQ_459882,CAGAGGCGAGTTTCGAACCCCCATACAATAGTTCCGGAGTATGGTGGCTCCTTCGTAAATGCTTACCCTGGTTCAGTTCGCGTTTGTCACTTAAGCAGGATCCCTATGATCAAGACTGTCAAGGAGATTTCTGGGCGAAAAACTGAAAGGTCTGGCCAGCATATTAGCTCCAGTGAGGAACCTGCATTCTCCGATTAAGTACATATTTTTTCCAGTCAACTTTATAAACAACCACGCTCTTGCGAGTATGCCCTCCACGCCGCACGCCGTCCTCTTAATATAAGACGTAAGGCTCGAGCTGCGTGTGACAGCTAATTATGGTAGCGCAGTATGAAGTCAGAAGTTCGTATTACATCCGATAACTTCAATCAGGGGGGGGCTAGCACCCGGTGTCCACATTTCTCAGGCTGCGCATCCATCATAGTTCCGTCTGAGGAGCTGACGAACTCGCGGCGAACACGGTCATTCAACTGTGCGGGAAGTCTAGAAAGCGCGGGGCGGTCGTGCCCTAGTCTACCACGCTTCAGTAGTATTTTTGACCACTCCTCTGTTCGTTGCCCCTACTCCCGCTGACGAACCTTTTTAACCGCCTTCCACCATTCGTTTATGCTGATCAGGACGTTAATAGATTCTGTTCGCGTTAATGATATAGTCCGCCCCCCAACACGGATAA,673,49.78,Escherichia coli
SEQ_130631,AGAGTTCCGCGGTTCCCCACCTGCGGATCGACAGCACCCAACTTTTTTGTGCCGTAAAGGCAAGTGCCGCTGGCCGACTCAAGTCACTTGTTGTGCGGCCTGAGTATCGAGACATGCGCAGTATACGACGGAGCCGGTCCATCACCTAAACCGCGGGGGACATTATACGACGTCTTATCATGTTGGAGTGCCTAATGATAGTCGACAGGCAGACACCCTGTGAGCAATGGGCCGCGGTGAAGGCCACTTGAGTAATTCTATACACTCCTCGTTATCCTCCCTACCAGCCCTCTCACATCCTTATATTATCGGGTAAAGATTGTCAGGTAGTGTTTTCGCCGACGGCTGGTAGTTGGTAAGATGCCCACCCTCCCATCCGGGTGCTTATATAATTAACGCTCTTACGAACACCCTCCATGTACGCTTGATCGCCAGGACCCGGGCGTGTTCGTGTATAGACTTAACTGATTGGCCACGTGTCTTTATTCTAAGAGTTTGCATTAGACAGGGCTTCACAGATAGACGACCTTTCATGACGTGCCGGGTGAGGGAATGTTATCCGGGGATAGAATTTCTGGATAATCTAGGGTACTACACGCGTGGTTTACAGCGTATCGTTACCTTTCAACCTTTTCGTGTTTCCCGGGACTTATAATTCCTAACTGGCAATTTCTAGGTTGTATTAACATACTAGGGTACGTTAGTTGTGCTGGACAGCTCCCCTTCCAATCCTTCGGAAACAAAGATATTTATGTCATATGTCTGCTGCTTTATTTACTATACGCATGAAAAGATCATAAGAACCATGCGCCGAGGACTCACCAGCTGTTGCGGCTTGCCCAGCCTTCGATGCGAGCCTTGCGACGATCCGATTAATTGCAGGACGAATCCCAGAGTCTCCTGCAACACCATTGGTAAAATAGTCCTTATGGCTAAGCTACCATTGTGGTCTATTGGGCCACTCGTCATACACTCCCGAGGGATTTCGACCTACGAAACAACTTATCTGTAAAATCCTCCGCCTACCCTAGGGTTATAATTCCTGCAAGCAAGGACTTCTTCCACCGTGTAGCTTGAAAGAGACGCTGTCTGGGAAACCGCTATCCTCATCGATTAGCCACAGATGACATTGTTAGGTATCTTTTGGAATGTGTGTCTCGGCAAAGTGACTGGCTATCTTCGCCCTTCCTTGATGGCGCAGTAGGTGCCGCTGACTCTCCAGGGTCTTTCCGACGGGACGGTCACCACTATGCTATTCAACAAGCTTTCTACGTCGCGTGTACCGCGTCCCTAACCTGGAATACCTGGCAGTCGTTCCCCCTCCGGCTACAGCCAGTCTAACACTCCCGGGTGCGCGGTAATCCACCATCGCCC,1374,50.29,Homo sapiens
SEQ_450431,GGGGCGAGAGTATCTGAAGTGTTGCGCGCTAGTACCGGGCGCCCTGCTGCTGCGACGATCCGGAGATCAACCGCAATTAGGCGCTGTCACCTACTTATAAATTGGGGTGGTAGTACGGTGTATCTCGTACTATGATCGACAGTAGTCCCTGACGTATTCGTTGGCTAGCTGCGTCTGGCACATATAACTCACCTATAATTAAGCATCAAGTACCCACAGTTAGTTGCGCCATGCGATTCAATATTCAATTGGATACCACTTATTAGAATACGATTGCCATACTAAAACATCGTGGAAGGGATAAAGCTAGTGCCTTAGTGATGAGCAGGTAGACTCGCATCTGCTCTAACTAAGTCAATAAAAATATGACTGGAGCATCCGGCCAGGCGAGGAATGGTGGGAGTCATGGTTGTCCCTATTTCCCACTGGTGTGGGCCATCCCGTCCCTTCTATCTGGCATCTCAGGTGCTATACTGGTCGGATTCAGTGAATACCTAAGCTAGAAGGATCATTACTTCAATGACAGAACTGACTAGTCTTTCAAAAGTACTTGATTTATTTAGCGGCCTACTTGCTCCCCATTGACCCCCTTCCTACTCGGTTATGTATCCGGATTAAAATAGCCTACACTAAGGCAACTCGGGCGCGAGCGGTCGTCCACCCCGCCCCGACCAGATATGCGCGCGATCCTAGGTCGTACTTTTGTGCGCTCTTTCTCTCAGAGCAGCCTTCGCCGCAAATTGACTGGAGAAA,753,49.0,Drosophila melanogaster
SEQ_451005,TTATGTACAAGAGCTAGCGGTAAGGGGCCATGCACATTTACTGGCTACAATCACTTCCCCTATAAAGATCAGGAGTACGATGTGTTATCATGGGTTATTGTTCACAAGGAGTAGAGTCGATCCATACAACCGGGCAGCTGTCGAGCTCCTTGTCATGAAACTTGCAATTGTGCCGTGTATTAGCGATCAGGCGGCGCGTTAGGCGGTATCAGATGACCATTTTTTTTGACACGGACCTTCCGCAAGAGATATATGAGAAGCTACTAGCAGCCACTGTCACCCTTCAACATTATACGTCATATTGGGCACGTGACTGCTACTGTAGGCATTCATTAGGGAACTGTCGTTGTTCAAAGGTTTTTACTGTGGACCGAGACCTACTCACTTCGAGATGCTCAAACCTCAAACCTTCGCAACAAAACATTCGGAATTAGTTAAATTCTAAAACCTCCTTTCACGCACTGTACGCTACTAACTGATCAGCCCTGAGTAAGGTGTCTCTCGTTGGTGTCCAACGCGCCTAGGAAGGAATGAGTCATTACGATCGAAATTAGATCCACCGCATGGTTGTCACTTTTGCCACGGTGAGCGTAACCTACGTTGATACACTAACGTGACATGATTGGCCTCCCGCGTTGCACTGATACCGTTTTGGCATTATAACCATTGCTTGCTTTACACGGGTGTACCGCCGAGACGGCAGATCTAGGCATAGATGCCAAGCGTTTGGAGATCAACAGATGACCATATTTACTTGAGCCCCTGCGGTGGCATGAATTAGGCCTGTGGTGTCGACCAGCTGGACGGACGGAGTCACCAGGATACAGCAACGACTCCTGCGATTCAGAGGCCCTAGGATACCAGGGGACACATGAATTGATCACGGAATGTGAGTTAGTTCCTCCAAGAGGGGGAGGGCCGACATTAGCTAGAGGCATGATAACCTACCTCCACTTCGTTGTCGACAGACATATGATCCCAGTCGCGTGCAGTACATCTACGAAGCCTTTATATAAAGCTAGGTTAACCTGAACCAATCTCATCTTTCTACGTTCGGGCAGGGCGGGATGCTGAAATTCGTTACACTTCGGGTCGACAGGCACTGCACCTATCGGGCTTATCCGCGAATTATCTCGGG,1138,48.59,Arabidopsis thaliana
SEQ_770679,TGTGGGGGCTGAGCCACTGCTTGTTCATCTGCCGGTCATTTGAAAAGCGGTGTGGGTATTTGCTCGATGGCATTTAGTGTACTTAGGACGGTGCGCGTTTGGACGGCTAGTGGACTGACGACCATTTTGGTTCAGTCAGTTCATCACCTTCCCTTATACGGTCGCAGAGTGACTCGAAAGATGCACGGTGACACACTCGACTAGACCCATTCACTGTTGCGCGGACCCAGGATCGTAAGCTTTTCGTGACTTGCGTCCCTGATCTTAAGGTGACTTGAGGAACCCACGCTAAATAAAGAGGTCAATGGTTAGACCGTGTGGCCTGGTTAGCCGACAGGTGTATGTTTTGCTCTAGTGGCTCCCGCCGAGAATTAAATCACTGGCGAACCTCCATATGTCAACCTGTACCGATGTCTATGAGCAACGGCTGCGAGATAATTTGTCATCGAAAGCCAGCCGGTCTACCAAGCAGGTTAGAGTCGATCTACGCATTAGAGTTACATCGGTGCCTAATCAACCCAGAGCGGGGAGGGCCTGACCCACGTTCCGGCGAGAGAATAGGTCTATTAACGGGCCTAGTCGAATATTGCAATCTACGCAAACGCCAGATGCATCGCCGCCCCATGGTCCGAACCCTGAATTGGGATAATCACGATGTCTGGGATGAAATGCCAGCATCTTGAGTTGACCCGACTTCGAAGCCAAATCTGTGCTTCAAGTGCTAAAACACCTGGTTATCAGACCCAGCGTAGTCCGCCCCGAAGAGGTGGCCGGTTTGCCTCGTGATGCGATTACTACTCAGACGTTTGATACAATAGTGATCTTCTTTCAAGACACGCAGCAGCTCAAGAGGTAAGCGCTCCACCCAGTTCAACCAAGGCACGCAGCTTATCATCAGAAGTGCATTATATTTTCCCAAGATGGTTTTGTCAGGAGTCTCGCTGGACATACTTCAGCGAACCCGGTGCCCTAAGCGAGGACTTATCCAAAATCCGAACTGACGGTAATCGTACGCGTAGCGATCGCGCCCTATTCGGTGCTCCCCTTTATTTCGAACATGCTAGCGTACATCCGTTCGCACCCCACAGTTTTCCGTACTCGATTACGGTGCACTACAAACGAAGAACTCCCGAGAAATGCTAAGTCGTGTGCATAATTCCAGTAAGTTAACGACCCGAGGCGGACGATGAGTAGCCTCCGTTGGGGCTAGCGCAATTGTATCCTAAGCATGGCTCAAATTGTTCTGTTATTAGTAGAGCCATTTCAGTCTAGGGCACCACGCGGAGCCTCTAGTTAAGATCGGGAGATGGAGGTGCTTGACGATCTTAAAGATCTGGATCGATACCGACTATCTCTATTCCACCAGAACGCTCTGCACTGACTGTTAAACCTATCTAAAACCTTTTCTGAACGTTCTAGGTAAAAGTTCGACCTTTGAGGGATCCTGGGGAACCTGCCCTGGCCTCGAGCTCTCTCTCCGAAGTCTTTTACCTGTTTGAGCCAAACAGCGCCTGTAGCGCGCCTGGTCTCGGCTGGATTGAGGCTTACATATCTATTATAACAGTAAATGTTGCTGCGAGTCCGTGATTCTATCAGCAAATCGTTGCA,1608,50.25,Saccharomyces cerevisiae
SEQ_467216,ATAGGAGTGAAGATACATTGCGTTGCGGGCTCGCCGACTTCAGTGTTGTAGTTGACCGCTTAGCACGGCCCTTTCTCTTTGACACACTGGGCTTAAACACTGTGAGCAATGTCACGATTGTCGGTAAGAGTTACGGCGCTTCGAATAGATACTGGGAGCACGTTAACCTGGGCATACGAGCGACGAGCTCGCCCAGTCGCAGCGGCCGGGCTGAAAATGTACTGCAGTTCACTTTTAGGAGGAGCGCAAATTATTCATAATTAGTACAAAGGCCTACTGACCTATGAAGCTAGCGCGTGGGCTATTCAGACCTCGTCAATGTCCGAGAATCGATGGACGATTGCACCTAAATATGACTCTTGAGGGATTGCCAGGCTAGCAC,382,50.52,Mus musculus
SEQ_466846,CTCTAATGTTGCGGGCCTCGCGGGATCGGTCCGATGCTCTTCCACGCTAAGACATCATCTGGCCTTTTTACAACGTGCCGACCGGTCGCCTAGAGGGGTGGACCCGGTCGAATCTCGACCGCTCTGCCACTCTCGCCAGCCGTAACTCACTAGCCAAATAGCTCTAGCGTACTAGATCCCGATCGGTCCAGTATACTGCCCTGGCACCGCGGTTTGAGGGAGACCTGTGGCCTAGAAAGGGCTCTTTCGATATTCGACACTATTGAGTGCGAACATTAAACAAGAGGGCGGTGTATCGGATATCAAACAAATCTGGTAGCAGGATCGACGACGTATGCTTTGAAACCCTCAACCTTGCATTCACCCTGAAC,371,53.91,Escherichia coli
SEQ_997365,AGTTACCCTGCCCCTAGCATGTGATTCCGGTGCAATGGGTGTAAATTGTGTGATCTATCGAGACCGCATTGTGCTTAGAGAGCCTCGTATTGCGACATTTAAAGTTTGGATCTGCTTAGGCGAAAAT,127,45.67,Mus musculus
SEQ_307066,AGGCTGTTATCCTTGATCCGTCCATCCATGCGTGCGAGCGACCAAACCGCCATACAGAGCTATTTGTGGGAGTACTCAATCTGGCTCGCCGTGAGAGATTCGGACTCTCCACCCCTGCAGTTGTTGAGCACGATTCTGGGTCGCTGT,147,55.1,Homo sapiens
SEQ_725425,TCGATCAAGCACTAGGGATAGAGGTCATTTGCGCAGTGCTTGGCCCGCCAGCCTTCGTGTCGGGTGAGGCTATCCAAGCGGCGCAGGCATGCAGAGCCAAGCGCACAGCGCGGACCCTGTAGAGGCGAACGTGCACTATAACTAAATTCAGCTAGGACGTCAGACAAATTCTCCTGTAGCATCAAGTAGGCCCTCGACCCCTCCCGATTTGTACTGTAATTGTCTAACAAAATGAAAGGTCCGTTCGAATATACAGGCTATCCGACGGACTCCTACGCCTGCTGGCACACGATACGAAAAACTCTCTGGGTCTCTCAGCGTACGGACATACCCAGCAGTTAAGGTAAAGGCTGTTGAGGAACGAACATATTGTAAGCTCGCATTATCCGTCCAGAGCAAGTCTGCCCATACTCGATACTCTCTATCATCGGTTTGCAACGGTCGAACGCATCGCATGCGGACGAGGAAGTAAGGACGAACAAGTACAGCGCCGTTACTACGTCATGAGAAATTACTCACACAGGAACTGGCTGAAAGCCCTTCGAAGTTCTTGTATGTCCGACGCGTCAGTTTTCTGGGTTTCACCCGAGTGAAGCATCTCCAGCATAATAGCGTTTGGAGGCTGGGATTGAGCTCTCTACGCCTGCCGGAGAGGATTACGGATTCGATCTGAAACGCTTGAGTTCATGATCACCGAAGTGGGTGTCATTCTAGTAGATCTTCTCCGCGCCAGAGCTCACGACATGACAGAGCATTCCTGACTAAGAAAGA,771,51.23,Escherichia coli
SEQ_645679,GCCTTTGGTGTATCGCGATCTCCGAAACGTAGGGATGAGGACGAATATCCTAGTCACAGTGCCGACATAAAATCAGTTTGTACGCCATCCAAGCAGGAAAGATTGAAAATGTAATTAGTTCAGGACTGTATCATCGTGAGGACGGCCGTTTTGTTGCCGGACTTACGCGCAATGTGCGAGGTCTCCAAGGGTACGACGTCACCCATTGGCGGGTATCTGTACACCGAAGCGGGTGAACATCTTCTAAAGACTGTTCACTATCGGCATTTGAGCAAGTCCCCGCTCAGGCTAGGAGCCGTCATTTCAAGGTCATCCCAGAGGCCCGCGGGATACATTTTCTCGGAGCAAGGGTGAACGATGGAGACACAGATATCGTTAAGCAACCGAGTAAGTGTTTCAAAAATGTTGCAGATTCTTGGCGTGGGAGTGGATGCAACAGTTGTAACATAACTGCGGCACATAGTCGTGTAGGGTCATAGCCCTGGTTCTTACCTGGGCTTGCAGTATCGCTATGGTCCAAGAGCGCTAGTTGGTAGATTGTTTGGACCCAACGACAAACTTTGGTATGCAATAAGAGACAGTAAGCGAGTTAGTTAGGTCAATAATCTACGGTACGGTAGTCTAGTCTCAGGCTCTATCTACAGGCCTATGGGCCGACATCGTGGCCGACTTCCATACAAGCACTCTAGCCCAGTGCGATTCTGACTTTAAGACTGACAATAGGCATAGAGCGACCTAGATGCCTGGAGCATGAACGATCTCGACCCAATGCCCGCCCCTAGTAGGTGACGGGCTGCGCCTACCATAACCCGAGAAACTGTGATCCTGTTCATCATCTACTTACTCAGGCAAGACGCACGTGCATATTTACGTCCTACGATCAAACTGGACGTTGATACAAAACTCATTTATAGGCAAATTTCTTTGCCGGGCGGACCTCCTTGATGCAGTGCGAAATACACGGGCTATTGGCTCTGTCTTAGGAAGTGGTTAGATTAAGCATCGTAGCCAGGAAGATGATACTAGCCAAACGAATAAGCCTCGCGCGCGTTAGTTGAGATAGCTTCAAGACAAGTCACATAGCCAGGCTGGTCTTTCTAAAGCCACCTCCACGCGTTCTTGGAAACTTCCAACGCCTGGCCAGGCATGCTTTACCGACCGTCGTTCTGGCTTTCATTTCACGGATTCGATTCATGGCTCCACGTAAGCCAGGATGGACAGTGCCAAGTGTTAAGACGGACTAGGGCCTGTATGATGTCACCCGAGGTAAAGTCTTTTCCCGTGCTCTGGGTAAGTCCGGGGG,1303,49.88,Arabidopsis thaliana
SEQ_354321,CACATATGCCCCACGAGCAGAACTATTGTATCTGAATGGTCTTCCACAGTAAAATGGTCCGGCCAATATAGCGTCTGCGATTATACCTGTTGTAGGGCGCCGGAACAGCCTGATCCCACCATAGCAATAGGACGATAATTTTTTCTTTCATGATAGTTGCCGATGTCGGGCTTCTTCCTCCAAAACCTACGGATGGTTCTAGCTTATTGTCGTATGTGAAAGCGATGTCCTCTTATGTTGTGGCAGGAACTTGCCCCCGGGGGTCCAACAGGGCGTAACAGTGCTTGCCTCATGCATAAGTTGCTTGCATTTACGGCTAACGGTGGCCTGCAGGTGAGCAGTGAGGTCGGCGAGATAGCAGTGGCAATCTAGAGCTGCACTTAGAGCTGTCCCAAGAGACGTTAGTCACGCTACTACGCACCCCAGTTCGGTGCTGCCCATCGACTCCCAATGTCGGAAACCCGTACGGCCCAAATCCCATGTTTGAAGCGCCCGCGGCTCGTAGTAAAGGAGCCTCATGTCATTAATCGGTACCTGTTGGCCAAAGTCAATGCCGTGGTCGTTTTGGGACTGGTGTTGCTTGGACGTGCTTTTGGTCAATGGACAGATATCCACCTTTTTTTCGCCCTTTAATCTACACGCCCTTAGAATAAAATGTAAAGACCGTTCCGTCAGTGACATGTCTAGGCAAACAGTTCTCAAACCGCCATTCTCGTCTCGTATATATCACAATAGATCAGGCATACCCTCATCGCCAACTCATCGTCGTGATCACGCGCCGTCTTGCAGGAGTCCCGCTTAAAACATCGGAAAGTAGTGCCCCGAAAGTTACGATGATATGTTGTGTTAAGTACAGTTCTAGACGAGTCGTTAGCTGAGATGACGTGCAAGCCTTTGCCACTTCATACTGGAATTAAACGGACTCCTATAGACTGAGCTGACCGTGTCTTCGTGGATCCCTGGCTGGCGATGGCACCCTTATTGGAATATATAGGGTGTCCTGCCGATTCCCACTGCGTTAGATGCTTACGGAAAGCTGGCCCATAATTCCGCACGTCCAAAGACGACCGTCCGGATGCTGGGCTCTGACCGAGTGCCGATCGCGACTGTCGAGTGGTCATGTTGATGTTACCTCAAAGAACTCTGGTACCGATGGGAATCCCGACCACAATGGGCCATCGCGTAGAACAAAGTGAAATCTAGTGCAAAAGTGCCTCGGTTCACAACGCTTCTGCTCAACACA,1243,50.44,Caenorhabditis elegans
SEQ_113327,TCGGCAACCGCAGGGTCGCCACCCTACCATCAGGGTCAGCCGGTGACGTTCGTACAGTGTGGCGACTCGCCCCTGTGTTGATTTTCCAGGCATACGGCTTAATTAGCGTAAATACCAGGGAGTCAATCAGCACATTATCCAAAGTAACGCCCATTACCATTCAGATGCTTACGCTTTTATAGTAGTTTGCCTTGGTCACGCGTTGTTTGACAACTTACTTGATGCCGGTCGCGTATGTGCTCATCAGGCCTGAATTTGATGAGAGTCTGCGGAGTTGACGAGCGCGTTATCTCTTCTATATAGGCATCTATGAATTCGAACGTGTGCTTGTGTAGGGCTCCATATTTGTGAAGAAAAGTAGTGGCCTACCGGCTGCGACAGAAGACCCTTTTGAAGCGCATCCCTTCGGGAATTTGTTTTATGAGTCTCGGATGAAAGCGCTACGACGCCTTCGTCATTGGCGTCTATTCTTCGTGTAAGAGGCCGAATCTGCTGGACCGATAACGCTTGGCCCACGTGGTTGGATCGGAACGAGTATTACGTCGTAGCCAAACGAGCGACGGAAGAGTCTACGCCGTAAAAACGTCTAAGCGTAGCTTAGCAAACTGATCGAGACGTCTAGCAAGGGAATTCGGATGACGGCAGATAAGCCGGTTGGTTCTCTAAGCATGACACTTTATCGGACTAGAACTCATCGTCCCCGAAATTATGTGAGCGGGGGTTTCCCCGCAGTGATGGAGCATTTGCCTAAAAGTATTCCCGAGTTTGGCTCTATAGAATATGATGGTTGGTTGTAACGTTGAGCCTACCGGGCTGGAATCTTGAGTCCTCCCAGCAGGGAGCCTTAGTTTTCCTGACCCGCGAATCCCCCGAAAGAAATATCCCACACTGCCGTTCAGCCCGTATTGACAGGTGACCCACTCTCAATATGGTTGACCGAGAAACATACGTCGTGGAATATTATGCGTCGCAGCACATGCCGCCCTTGATGCGTCTAGGCGGAGTCGCAACATACGGGACGCTGTAATCCAGCCTTGATGTTGGGGTGGGCGCGCTGATACATACACCATAAAAGCGATCGTTTCCAGGCCCTGAAATCATTACTATCGCGTCATCTGCATGCCATCTACAAGAGTTGCCTTGGTGGCACGTGGACATTTTTCA,1164,50.43,Drosophila melanogaster
SEQ_285751,TCGCAAGGTACAGGCCTGTTGACAAGCGAGGCTCAGCAGCGACATACCAATGTCCTCCCCTACTCTTAAGTCGCGATTCGATACATGTTAGGCGACAAGCTGCTATGACTCGATAATCCTGTAAAACATGACTTTTCAACATCTTCATGAAGCGAGCGACAGAATTGGGGTGTCAAGGTTCCGCGCCAGAAAGTTGATCCGCTTGGGAACGGCAGAGTAGCCCGGGAATAGTGATTCCGTATACCGTATTATTCATAGCTCCGGGGAAGAGGCCTGCTTGGTGTAAGCTCAGACCACCGACTCGATACTAGCATATACGTGTCAGGCCAATTGACAGAGCCAGACCGACTGCACAGGCCCCGAGCCACTCTCCGCTTAAATGATCGCTGATGTTGTCACCTTTGACGATCAGTGAGATTTAAGATAGCCGCCAGGGATGTGACTTCCACCCCCGGTGTAGTTCCTCGTTTGAGAATGTGTACAGAGCTCCCGACAGAACCACACCTTTCGAAGTTTGGGACACGCTAAAGGCTATCTGTGCGCCGTAACGACACCAGGCTAGTCTCCTTCACGAGGACCTCTGTTTTCTCGCGCGGCCCATAGCCCTCTGGCAAGGGCCTATCCTGTCCACTTCACTAAGTAATTCAGGAATAGAACCCCGACGCTCAGTCCGCTGACTTAGTCAGGCAAGGATCAAGCCTGGGCATGCCCACTCGGGGGAAGACTTTATGCTAAGTACCGTCGCTTGCGCGTAGACATTGAGCGGCCACTAGACTATAGGGTGCTGGGCTTTTGCATCACCGATTTATGGCATGCGGGTTGTCATC,827,52.6,Saccharomyces cerevisiae
SEQ_162693,AGTTAAGAAGTCACAAACCGCCTATTAATCTCCGTGCACGTACGTGTGGTGACAGGGCCACCTGTAGAAATGCCGAGCGAATAAACCA,88,48.86,Escherichia coli
SEQ_442734,ATTAGCAATCAAACCGGTGCCACATGCACCAGACAATAGGTCGTAAAACAAGGTCACAACTATCACGAGCTCGACGCTGGTAGGCGGCCTCCGGGTCTATACTTGTTGGACTTGGTATTACTTGCGCAGGTTCATGGGCCGCGCGTGAGAGGTAGACGACAGCTTGTATTGGTTATTACGTAAAGGCAGCGGCACAGTGAGTAGGAGTCGGTTGTGAATCGCGAGTTAGGAGCAACTTTCAGTGTCGGAGTCTGCGTCATTGCAAGATAGATTGCCCGCGCTTAGGGACCGATGTGCCCACGCCCATTTAATTTTGACTTCGTGATGCATTCCTGCACAGAATCTCTAGGTGACCTCGTCGTATTGAGGTTGGGACGTCGAGACGTCTACTCCCGACGTTGGTAACTCGGGTAAACTACCTACTTAATGCGTTCTCCTTTCTTATGACACTCTCTCTTATCTAGTCAGAACAAATCCTCCCTGCAGACTACGTTACGGTGCTTCAACAGCCTAATAA,517,49.71,Homo sapiens
SEQ_906940,CGCTGTCAGAATTTAGAGTATCCTACTGGATGTCTCCGGTTTTGTATGCCAAGCACTGTTAACTGGGGGGCTCGTGGCTGCAGATGGTTGGTATTAAGAATGAGGTACGATGACTGGGACAACAAGCTACTAGTGGATGCGTTTGCTGATATTCTATCTCCATCAATAATGGGAGGCGCATTTCTTTTACAGACTGAGGAGTGCGGTGACACATGGTTGGCAATATCCTCGCACGGAAGTTCGCTTGGAGACTTGGTAAGCATGTAAGAACATTCTTAGTTACATGTGAGTGTAGCAGGCATCCCCATCTCGGCCAACATAGGTAGTCATGGCTTGTCCGGCTAGGTCACCCACGTCTTGGTGGGCTTGGCGCGGCCAGGCGTATAATGTAGTTTCGAGCAGGCGCAAGCATCGTGTTCGTGCTTCCAATGTCACTTACCCTACACTGCAGTCGTTGGAAGTGGAGTTGAGGGTTACGCGCTGTCGCAGTGAAGGGCCAGCATGTTCAACAGATGTCGCACGAGCACGGTCATTGTGGGATAACGGCTCAGTCGGGAGGGGACTTTAACCTTCAGCTACTCTTGAACCAACTATGTCGTCTCCTCCGGTAGAGTTACATTGCGACTGTTTCGGAAAACACCTATATCATAGGCCACAATAAGTCTAAAGTGCTTTGTCACTCGGGGCAGACGATAGTCCTTACCCATATGTGTTGCAAATGTGCGAACTCATTAGACTATTAAACGGTACCAGATAGACTAGCAAGACGGGTCTGGGGCTAGTGGGTCCTTGAACCTGTTTCCGAGACTTATCTTCCAGATATCGGTGCTATCATTGAAATACTGATCTGGGTACAACTCACTGTGTACAGTTACCGTGACAAACCCTCTCGTACAAGGCAACTATCTGCTGACTCGAATTTACGGATTATGAATCCCAGCTGCTATGAAGCTTCCGACCTCTCCCTTTGCGAAGTAGTTCCGGAATACTGCATCAACTATAGTGGGAACAACCCTTTGCTCCTCGGAACTTCTCACCTCAATAAAGTAAGCTAAAGCAAAGAGTGTCCGTACGAATCATCGGAGGCTTAGATTGCACGGCGTTTGTAGTGTGCGCAACTTGTGATAGAGCCCCCAACGCAATAACCTGCTCTTGATTGGCATAGACTAGCAAGCGGGGTGGCCGTGAACCTTAGTAGGATCGGATTAAGAGATCAGCTCTACACAAAAATTCAAAGAACCATTCGCACAGCGCGTATCTTAGTTATTCCTGTATTGCTCTACTACCCAATGAAGTAGACTTTGGCATAAGATGCCTAGGGGCTCCCATTTCCAGACAGGAGTCGAACTAATCTATACACCGGCGAAGTCTTCCAAACGCACCGCAGAGCTGTTTCAGAGTCGGGTAAGCGAGGTTAGGCATATATCCATC,1431,48.36,Homo sapiens
SEQ_210067,CAGGGCATCGTGTAGTATGATCTGCGGTACTCGTGACACTAGACATTATGATAGGCGGGTCTCAAGTGTTAGGCTCTTAGTGGTCCTTCATCGAGAACCCAGTAAAATACGAGCGGTGCCTCCAGATAGCAAAGAATCATTGAGTTTTGTGATCAGCTAGGCCGGTGCAGACCCATCCCAGCGAGGCATCGTAACGGGTTAAGGTCGCTGCATTCACACAGACGCCATTTACACTTAGTCTCGCTCAATCTTCGGGTCGCATGTACTAGCTCTTGCTAATTCACGTGACGTATTCTCGCATAGGGGCCAGACGATGTAGCAATCAGAACTTTTAATATTGAGGAATAGCCTGAGTGTGGATCGCGCCGGCAGCGTTTGCCCGGGCGTTTACAGAAGTGGTTCTGCATACTCGTTCGGTTGGTATATGAAATCAGTTAAGTCGTTCATGTAGCTTGTCCAACCTCACACAGTGTATAGATTTGATAGCGCAATTTACAGCACCATCGTAAGACCTTCAGACGCATGAGCATTGATCCCAGCATTAGCAAACGCGCGCTAGAATCTGGAACAGGCTATTCACTACGACGTCATCCACGGTAATAGTTGTTAGGGGCAGACTTCCGGCATGAGTCTTACCGGTACGTATGCAAAACCCTGGGAAGCGCGCCCAGTTATTTTGACGGTCTTGTCGACCGGCAGACACCCAGAGGAACTGTTCGGCAAGTAACTCTGGTTCTGCTGCATGGTTGTCTCGCAGAAAATTGGTGTTATCAGAAGCGCCTACGCGAGGGATCGCAGCGATCGTGGACAGTTCCATGCGCTTATTCTACATGTGTCCCCCCAGATCAGAATTTCAAGACAAATTTGTTCAATGCAACACATCGGAGAGACATTGGTGAGTGAGTATTGAGATTCTTCATTCGGAACGTCAGTTTTATTCCTCCCCACGCGGTCAAAAAGCAGGTAACCATGCTACGTTGGTCGCCGTTGCATGCGTCGCGAGGCAACATCGATTTATCTTGTCTGCGATCCGGAAGAAGTTGCCTGATAAATCGTGCGATCAAGGGTAGACGGCATCTAAGTGCAGCGGGGCCTCGGGTTTTAATACCAACAAACGATTCCACAGAGACTA,1132,49.2,Escherichia coli
SEQ_370725,CCTTTACCGTAAGTGGGTTTACATTGTTCCACGCGAATTGGCGCTGATTTACGAAATCTCGGCCAAAGAATTACTTTCGACTACCTATAAGTTGGCGTCGCCTTATATTGGTTGTATAAACTTTCTTTTTTAAGAAGTTCAGCAGTGTTCCTAGATAGGTGTTAATCGTTCCGGGAATGACCGTGAGCGGGGCCCAGGGAAGGCTCCGCGCCTGTCACTCATTAGCGCTTATGTAAGTTGGTCGTGTTAAGACCACCCTAGTTGTCATGCTTTTGATTAAGAAAAAGGATGAGAAGTGCCCTTCTATCCGACCGGGGCCTTAGTGTAAGCGAGTTAAGTATTGTGAAGTAGGATCCGCAGTTCTCGCGTCACGTAAATGTGCGGGATTACTGTTTAGCCGTCTCCAACTAGCAATCCGATCGATTCGGACACCGTATCCCCAGCGGAACATGAAAAACCAACGATAACTTGCCGGCGCCGCCGCGTCGCTAACCAACGGATCAGCAACTAGGGGGCTCTACAGATGACGAAATACGGCCTTACGTCACAGGAGAGCGGCACCCTCTATGGAGCACAATAAGCTACCTTATGCATTTTGTTAAGCCGAAGCAGCCGCCACGACAAGAAAAGTAGTACAATGACTCGTAACAATGAGTAAGGGGTGAATCCGTTGAAGACAGTTCCCCATTGTGAAACGAAAAAGTCTGTCGTATATACGGATATGAACTTATTCTTGAGTTGGTATAATCGTGTCCCTAAGGAAGAATGTTTGCGCCGCCACCAAATATTATCACACAGGCCGGTCGCGATATGGCAAGGCTGTCGACAACTGAGGTGCACCAATAGGTAAGAGCCCGCAACTAGCGGGTAGCCACCAGGACAAATCGACATAAGGGTACAACTCTTAGCTACGGCGCCTCCAGTGATAGTACTCTCGTGCGCACAAGAGACCGGCACTTCCCCGATGGAGGAGCTTGCCAGGTACTTAGTCTCGGAGAGCCATCAAAGCAATTCGTGCAGACGATAATAAGAAGAACTAGGCACGTTTCTTCCATGCCGTAGGACGCGCTGAAATAGGCCAACACGACTCCGGCGCTTCAGGGGTGCCGAAATGTGCCCTCTCATGGATCCAAACGGAACAATGGACGCGACGTTCTAAGTACTCTGTGGCTAACCCAAGACCCACTTGTTTTGCCGTGTGTGCACAGGCGATATAACGGGGTCTTTAACCAGACTAGTTTAGGTGCTGATAACCACCTGAACACCGGGTCAGTGTCCGGAATCACTATCTTTCTAATTCCGAGGGCTCCCCTACCCGTAAGATCATGGTTAGGGACGGGAATCTCCACCGCGCACAATTCGGTTGAGCTGTGGGACGCACCCAGAGCCTGACCTAGACCAACCCAATCTCCCACGCGGGCATGTGAACTCTACCAAC,1438,50.21,Drosophila melanogaster
SEQ_407926,CAGACAATCCAGCCTTCCTGATCAAGCGCTCGATTTGTGAAAAATCGGTCCGTCGGATCCTACTGTCCAAAAGTACGCACTAGGTCTCTGTCCTCCCCTCTACCCCATGGCGGTTACATACTTGGGATAGATGACCTGGCTCTATTTGATGCAGCTATTGGACAGATTTCGTCTGTGACTATATAATAGGACACAGCGTGTGTACATTCGTACTTACTCGGACTGTCACTAAACAGCTGAGCTGCTGAAACATCCTTGTGTACTGAGCTTTTCTAGCTCGCCGGGTGCTGCCCTAATGGTAGGTTGTCAGACCCGTCCCCGAACCACCTCAAGATCCCGATCTTTCACCAGATTCACCTTCGAGGGTGCACTTGCATGTCACAGTAACCTATAACAAACGCGCATAAGTGTACAAGTGACCCTATGCAGGGAATGTTACGATAGAGGTCTTCTCCTACGTGGGGCATTGTTGTATGACTCTTATTAAAGCCCCGCTCATATTTATAGAACGGATTAGCTAAATACATTGCTACGTAAGCGATTTCCACCCTACGTCAAAGTCCGAAGACGACAGTGGAGCAGGTGGTCGAGACCTCTTCTCTCTCATGTTATAGACATCCCCGGTCGTTTCCGCCACATGCCGCTGCACGACATGCCAGCAGCAGGCGTTGAGATT,676,49.11,Mus musculus
SEQ_368863,CGCCGCTTACCGAAGTAAACCAACAAATCAGGACAATTTCATCGATCTGATAAGGTGAATAAGGGGGTAATATGAGACACAGACTTGGCTCGCGAGCGTTGAAGGGTGTTTACATGTAGTGTGTTAAAAGTGGTTAACATCGAGTGTGGCTGTATAATTCGCCTCTGTCCGCAGGTGTTCCCAAAGACTCACTACACTCTATTCGTAAGTGGGCGTCTTTTGCCGCTTGAACATGCTAGGCGTTCCGGGTTTATACATGTAAGGATCTTGATTCTCTGCACAGAAGATGGGCGGAAGGCGTTTCTAGGCTAGAAACCGAGGGGGGCGCGTTAGGTATCGTTTACGAAATGCGCATAACGCCTATCATTCTGAGATATTAACAGTTTGTATCGTTTGAGATATCCCCGACAAATATTGGAAGAGTCTCTGTCTGATTGTGTTGTCGGCTTGCGTGAATTCCCCGCTACTAAGGGTCGGCGACTCCAATCAAGTTTTTGGCGACAAGCATCGACACGTACTGGGCCGTAACCGACCAAAAACATTGTCGGTCGTGAGCCGACTTAGCCCATAATCTTAGTACGAATCTTAGCTAACTAAGAAGGTCTCTATTACGCAACCTGTACCATATTTGCGGCATTGCCTTCAAAATCGAAAAAGGTATCCCGGCTCTTCGTACTCGCAAACTCTAACTCCCCTCGACTCGGTGCAAATCGACTGAGTGTAAAGTGGACTAGTGAGTACAATCTTTCTATGTGGGCCGACCGCAGACTCCTTTGAATTTACACCCGAACCCTGCGATCTGAGAAACGGGTGTACTCTT,820,47.07,Drosophila melanogaster
SEQ_718055,GTGGGTTCAACGTGGACTACAACAACACATATCATAAGAGCAATTCCAAGACTTAAATTGGGCAACGGAACCGCGATGGTATGCTCCTCACGTCAGTGGAAGGTTGTTTTGTCCAAATAAGTGTCGAGCTATGGCCCGGGTGCTGGAGAGTTCAGTAACACAGCGTTTCGTGACTAGGATTCTCACCGGAAGCACAACTGCTGGACGGACATGCGGAGGTCTACACCCCCATCCCTCGGCGTTTATAGTGGCCAGGGCCTAGAGGTCCTCTCATTCGCTACGACTCATGTTATGACATCACAAAATGTACTATCTATGAGCGCACACGAAGATGGAATATACTAACGTAGTGTGTGTGATGTCGAGGCGGATTGG,375,49.6,Homo sapiens
SEQ_175601,GGTACTGCAAGACACCAGGGACCTAACATATGGCCTAACCGGGTACCGCCAGCGCTTTAAGGGCCTTATTTTGCAAGTTCCAGTATCTCATTACCTGCAAGAAACATCGAAAAACCGCGCAATACGGATAGCTTGGACTCTCCCAAATATGCTGGGTCCTCCTCCCCTCCACACGGTTTGAGTGACGGCGAA,192,51.56,Mus musculus
SEQ_367624,TGAGATAAGATACAGCCTGAAAGCACGTCAAATTAGCTAGAGGACGATCCAAGCCAGCGAATCGGGGAGATCAGTAGCAGACGTCATCGGCTCGACGAAGAACTAGCACCTTACGCAATTACACGGACACCCTGCGACACCCTGCTCCTCCATTCGGTACATGTTGTATATAACTTCCCAGCATCGAGTTCGGAACGATTATACAGCGACCACGGTAGTTGCAATCGCAGGACAGTCATGGTCAATGTTACACCCCCAAATAGGATTACTCCGAAGGGGATCACCTGGTGCGTTAGCCGTACCTCTGCGTTCTAATCAGAGTTTCGGACTGACAATAGGAGAAGGCCCCACGTGTTACAAACTCACCTACACCCTGTATTGTGAATGGGATCTTAACTTAACCACCGTGAACGGATGCGAGAGTGGCTCGTGAAGTGGGAGTCTTATTATCCCTTATAGGGACTTTGAACACCCAGGGGACGCTTACCTCTGGCGTGTCGCGGTGCCCGAATTTGGTTAGCCGCCGCAACTCATCGGCGAGGGGCATTATCTGTGACCGTTAATGACGAGTCAACGCCTCGCTGTATCCAAGGGTCGGATGCTCTCGTTATCGGGTATTTATCAGTCGGCGGTTGACAGCGCCCGAAATGGTCTATGAGACTCGGATTCGTTGTATTCCTGAAATGACAGCGACCGCCCAAACAGTGAATCCACCTAAGCTAGTTGCTCCTTGCATGCTGCACATTTCGGACAGGATCGTCTGACAATTTTTATTTGCCATTATCTCAGCCTGTAGTTGAGGCGCTACCGATCTGGAGAGCCACCAACACGATCATGCCTGGTGATTGTCCTTAAAAAAAAATTGTCTAGGTGGCGGGCCTCTGCTTAATCCTTCACTTAACGGCTGGAAGTTTCGGTCCTATCAGACCGAAGAGTGTGAGCTCGATGGACTCCTGCGAGATATAGAACCTCCAGTGCGATCCCGTCGTAGCCATTATGCAAGGCAATCTGGCCTAGTTCCGCGCCTGTGTCCAAGCGTTGTCTTTAGGCGGTTTGGCGTTTGAATGGTGGAATGATCCACTGTCGGAATTATGATCCACAGACGACGGTAAGATCAGGGGCAGATCAAACATACTTCTGCATCGCAAAGAACGTAAACTTGACAGAACCTGGAGTACTGCCGATTAAATCCGCGGGCAGACTAATCACATTTGCCGAATGTTGGAGTGAGCCTTTACTGGTGATATGGTTGATTATATAAGAAGGCTAAACGCTGACTTACCTTAGATCGGTCGCAATCCGGCACACGCGCGGAAAAAGCAAGCGCGTCCAATCGAGGCAACGTGCCGTGGATGGAATCGGGCCCACCGGGAAGTGAACGAGGATCTTGCTTTTAGAGAACAACCACTCATCTGAGTGCAGTTCGTAACGGGCCCCCCCACGGTGTCGCCTAAGTTTTGCGCTCATTAAGCGATTGCGCAAA,1483,50.71,Saccharomyces cerevisiae
SEQ_821370,CGCGCATCCACGGATGAGAGCGCAGGAACCCCCGCGCCGGCTCACCCGAAAATAGCTTTGCAGTACTCGCCAATTACCACTTGAACACATGAGGTAGGATAATGCGTGGATCCCTAACAAGAGCGAATACGATAGGCATATTATGGGATTACTGGACTGCGATGTACAATCCTCGCGGATATACTTAATTCACAATCACCCTGCCCCAGGTGCTAACCCCCCCGCGTCTCAACAATCTGAATGCATCCTATTCGCAGGATCATGAATGCAATCATTCCCCAGCGCGCTATTACGACCGTAGCACCCTCAGATAGCTTATAGCTACAGCGAACAGTGCAATCAATCCTGGGTGACAGTTCGCTCGTCTGTATGGGCATTTTTATTCCGCTGCGTATTTCACGTGTTACCCATGCGGCATAACCTGCACTCGTGTCGGTGCCCCCTTGCTTATACGGCCCGGGGTGTGATATAGTTAGGGTGACAACCCCGTTTCCTACTGAGCTCCCCAGTACAGCCTCCCAAGCCCTCCACGTCCCGGAAATGCCACTCGTCTACCCCCTCAGCTTTAGGGTCCGCCGTGGTATA,585,53.16,Mus musculus
SEQ_379082,CTTTGATCGTCCCCCAGATCAGCTCGAGGTCCTCCTTCAATCCAACAATGCTAGTGATGTGTTAGGTGCGCACTCTGCTAGTTAGCATGGATGTAATCCTTACTTACTGGCTGGTAACCAGAAGGACGTTTCTACAAGCCAGTCGTGTAAACTAACCCGCGTCGCCAGCATTTTGGCCCGATCATAACAGAGTCATGCCGTATCATATAATCGCGAACGCAACATTTCCGGCGAACTTCCCTAGTGCAGAGTCAGGCTTGACCCCGCGGACTGGTAGAAGACAGTAAGGAATAATCTCATGAATACTCTGGTGTCCCGACTTGCGTCTTCGAAATCCGAGTACAAACCGTCGGGGTTCCCCGATCTATGATTTATACTTAAGCACACACAAGCGATGGGGATTCTATTGTCCAGTCTGGGGGCTCACGACGGATTTGCTCAAGCCGCATAGATCTGCAGTTCACGTCGCCGCATGCGTCCGTACGGTCCCTGGACAAGCGCGAGCGCACCCGCTCCCGGTTCTTAAAAGATCGCTGATATCTCTCTCCGGCTACCCAATTGCGTGCAATTCGTCATAGATGCGCTGTGTTCCACAAGAAACGAGCGCTTCAGCGAGCCTCTTAACTCCCCCCAAACGAATTTGGACATCGCTTGCTTACAGCGATATGACTCCGGTGCATCATTCTCATTTGTTCGTCCAAGCTCTTACGTACTAAGGGACCGTGACATCGACCCGATCCTACGAACAGCAAGTCAGCGCCCACATAAGGTCCGCGTAAGTTGAAATAATAAGCTGCTGACTAAGCATGCTACCAGGCAAATTTTCCGCTGGGATAATGCTGTCCCTCACTACCGCCTAATTCACGTTCAACCTTCATGTTCTCCTCCTCGGTGCCTGAGGAACTCTGTGGCTGAGTACAGTCTTTGCGTTGAAGTCAACCCCCTATCATCCTGGCATCGGCCAGGATGCGGCATGCCTTACTAGGCGAACGCATTCTAATAGGCCAGGGACTGCCCTAAACCAACGCGAAAAGGCCCCAAAGGGTGTACTAAATGGTCACTACCAGCGGCAGACGGTGGATAGTGTTCGTCGCTAGCAACCTCTGGCGCATCCTAAGTTGGCGGGCTGACCATGAACCCTATAGCATAGTCCTCAAACAAGAGCACCATAATGTCAGAAGTAACTCCAAACAGAGATTTAGCCCAGTACCTTTAAATCACCCACCCGACTAGTGGGGACGAGGTCTAAAGTTCAAAGTTGCGGGTGGGGTTACGTTGCCCGTGTCTTTGCGGCTTAGATGATTGATTGAGCTCTCGAACCGCAGCCCGACACTGGAGAACCGGATGATCGCTCGATCTGCTCATGACTGGCATCACTGCCCTTGGAATATAGCAATTGCAGCCTGCGTATCGAGCCTCTTGCCTCACTTGTCCCGAAGATGCATGCTCTAGGAAACCGCACTTCGCGATCTTACTCGTTTACGTCATAGCGTAAAGTGGTAGATTTCTCCGAGCCGCTGGGCC,1524,51.71,Caenorhabditis elegans
SEQ_627354,TTTATCGGGATAGGCCGGTACTAAAGATCCACTATCTCAAGGCACTTACT,50,44.0,Homo sapiens
SEQ_246963,TAGATTGTGCACGGAACAAAGCGGTGTGTCATTTAACCCATACTTCCTTAATCGGTCAGGGTCACGTTACGGGCAGAAGATACACGAGCCAGTGATGCCCTATCGACCCTGGATTTGTGTGGCTGTTCCCGCATCTCCCACGCCTCTTTCAGAAGGGTTTTGTCAGTTAAACTAAATCAACGTCATGATGAAATTACGGGCCCGACGCACCCCATAATGTTTATAAGGCTAAGTCAAGCGTTCTCCATTCTGCCTAGTAGCGCCTCTGAATTACGCAGCCGTGTAACTCTTAGCGCTCCAGCTCGTTTCCTATAGAGGTTGCCCTCTTGCTCAAACTTTACCACAT,346,48.55,Saccharomyces cerevisiae
SEQ_708935,TGTAGGGACTATATGTCAGGATCAAAGGTAGAAGACCAACGGAGAAGGTGCGTATATTGACCCTCCTTCGAGCAGGGTTTCTGGTGGAACTTCAAAAGTGATTCATCCCGTGCGTGCGATACCCCGTACCGAGGGCTGCGTCAAAAAATACCTCACGGTCCCGTCCTCGGGAGCTATTGTACCTTCAGGACCGGCCGCTGTCCATTATTAGCCCCCGCCGTAATGCAGCACACTAGAGGACTCACAAACGGGTCAAAATCGCCGTCACTTGAACTTAACTGGTAGATTGGAGTCTAAGGAGGGTGCTATTACTATCATTTGACCCATGCCATAAGGAGTGAATATTAAAAAGCCGGCCTGGAGCGTTGGATGGCTACTCTTCTAACTATGCACGATGCAGCAGTACATCTCCAGTACACGGCAAGCAGCTGTAGAGCTGAAAGATTGAACACGTGCCGATATCCGATACAGCAGTTTATGTCATCGCTGTAGACGCGTAGTTGTTTAGTTGAAAGCCATACATTCTTCTTCTTAAGCATACGGCTTGGTTTACACATTGCTATTGATCTATCGCGTCGATCTCCGAGTGCTAAACCAGTGGTGTCTTTTAAACTACTAGGTGGACCGCCTCAAGATGGACGAGCCTTCCTTCGGCGCGGTTTTTTTCACGTGCAAATCAATGCCAGTTCACTACGACCGCTTCAGCTCGACAATCCAACAGCCCTACATAACCTTCCTAGAGCCTAAGAACTCTTATAAGGTTCCATTATCCAAATAGATCCTGCACCACAGACTTTCCGGATCCAAACACCAGATCTTGATCGAACGTCCCTGGTGCCCGCACCAGCTATGTTGAGTTACTGTGATATTCTTTTCT,877,48.12,Arabidopsis thaliana
SEQ_954812,CTGTCAAGAAAGAGGCGGTCCTGCGCTACCTGCAAAATATCGGTCAGCAGCGATCAGTTAAGGTGGATCTACAGCTCGGAGCATACACACCGGACGGGTTGGTGGGGACCTCCGAGATTTCGAAAAAATTGCTACTGTACCCTATGTTCCATTAGAGAACGGGCCATCCTCCTAATTTTCATCGCAAATTAAATATGATATCCCAACGGGCACGACGCGTTTGGGGCTTCGATTAACGGTGATGACGTTCTGGTTTACTGGATCGCGCCTTATCAACATAGATCAGGACCCACTATTGAGCGTCTGCATATAACTCGATACAGCAGAAAGGTGTAGGCTTGCGTTCAGTGGCCTTATGAAGTCCAACAATTGTTGCGTTCACAGCTGACGCTATAGGCCTACAGCTATGTCATGCGGGACGACACTCCTCATCTTGCTATCGCAAGGATGCACGTCAACCCTGTTAAGGAAGTAGCTGCATCGTCGAAGTAGAAGCACGGACGCCCTCTAGCCGAAGAAGTAGGTTGTGGTACTTGAAGCACACGATTTAAAACGGATCGGAGTCCAAGTTAGACAGCCTCATACTCATTCCCGATAACATGGCCAATCTGATCAATTATGCCCTAGGTTGACTTCTCATGTGCTGCACTGACAGCCCAAGTCGCCACAGCTAGCATTGTAGAACGTCCTTCGTCCCTCGATAGTTCTGCTAAGTTGGGCTGGAGCCCCAAATGAATCCTTGGGTTCTGGAGCCATACAGGTATACGGGACTCTCCTCTATTACGGTTAATATTTTGCCCGCGCTGCAAGGGTCCTAGGCATCGACCACATGCACACATAGCGAGTCAGAAGTGGCCAACCCCATTAAAAACGGGTAAGTAACTCGTGGAGGGTAGTATGAAAGCCGTCCAGCTCATTCCGTATTA,926,49.46,Arabidopsis thaliana
SEQ_756676,CTGGCTATGATGTGCATCTTTATCACCGCGTGGCTGTGGTCACCAGTCACCCAGCACTTGTACTGAAGACCTCCTGAGCTCGATTCATTCTAGTATCTTAATACATTACATGAGTCGCATGGAAACCACGAAACGGAGAATCTCGTGATCGGTGCACTATTTAGTCAAGCCGCATCATGGCGTTCGGGGACGCTCACCCTACATTCTTGGTGTTTGTCCTGATTTCGTATCTCCAGCCAGATTGCATCGTTAGTGCGATAACGTCTTTTTAAAAAAATGCATGTCCAGTGGTATGATGGGGCGCAGAAGAGTTTTCCAGGCATACTGGCCCATTCCAGAACCGGCCGGAGCTTAAGAGATATTTCAGAAAGCAGTAGACGACTCATACACAGTGAATATCTATTAAGGGGGGTGATACAAATTAACCGGGCTTTCGGCTTCTCGCCTATGAAATGATACGGTATTTAGCACTTACATCCTACCCAAATTCAAATTCGGCTCACCAACGACATACAGCTCACCCAAGGCATACTTGGATTTTCTAGTATTGCTATATTACGATTAAATGTCCACGTCTGACGTCCCTACTCAACAAACTACATTTTTAGCTTGTTTCCTTAGAGAGGAGGATCTCGTTACCTAGCGGCTGGCGTACATCGACTCGGACTTATGGGCATATAACGATTAATCGCACACCCGTAAGAAGTCTTTCAATTTTGCTGGGAACCGAATAATTAGTTTTTTTGCAATGGTCAATGGTACGACGGCGTCCGCTGGGCCCTAATGTGCCCGGACGCCAATTTAATACGGCGCCACGGTACGTGAAACCCCACAAAAGACCCGAGGCGACAGACGCTCCAATTCCATCTGTGGTGCTAACCTTCCAGGTATGCTAACCGATGGCAGTCCTGTAATCTCGCCTCCGGTGAAAATTCCGCCTCGGTTGTCCAACCTTGCGGTCCAGGGAGACCGCCGGTGTTCAGGTTTATTGAGATAGTGTAGCGGGCTGGCGAAGACAGATGTTCTCAGACTTGATCTTGACTTTCATTTACTAATGTCACATTATCCTAATTAGCCCAAGGCTGCCCGCCTTGAGTCGATCCGGTTTCGGTCGAACCAGTTGATCGGGCTCCCTGAGCTGTTCGCTTTTCCCTAAAGTCGTTTGTGGTTCGTGAGTCAATCACAGGATATGGGAAAGCCACCCACACATGCGCCAAACGTGTTTGAACGAGGTCGAAGCTTGCATGATTCATCATTATGGGCCGTACTTTACGTCCTG,1279,48.01,Saccharomyces cerevisiae
SEQ_201069,GTTAAGATCTGGGTAGGCGACCTAAGAACTTATTGAGGGTGGGCCAACTCAAGTAGTTTCACAAGCCTAGCGGTCAGCCCTGAAGGCGTTTGTCTCGCGAATTAGCGTAGAGACGCTATATCAGAATTTTAAGCTTGTAACATAGTTACATCGTGGGAGAGGTGACGACGTGTGACTTCACGTTCTGCCTCCCATCGCACCATTGATAGATAGTTGCGCAATCGTACTAGCTGTACCCGGAGAGGTGTGGTCGACACGCAGTAAGTGTGCTCTACCGCCGACCTTTAGTGTTAACTGGCCGGATATGAGATCGTGTTACCGATCATCGCTAACTCCCCGCGTCCCCATTGATCGGCCGTTATACTGCCGCGAAGCGCGAAATAAAATCTAATTAGCGCGTATTTTCCATCAAGGAGAAATAGTTCCGGACGCAGTGTTATGGAGATGACTTTATCTCCGATGACATTTTTTGCATAATAAGCTGTAGCCTCATCCTCAGGCTCCATTTGTCGAGCATGATAAGGATAACGATTGTAACTAGCCACCCTATCAATTTGGGTGCGATATTTGGAGAGGGAATGAGTCGAGATCATGTTTTCTCGTTTAGCAAACACTAGGCCTTTGCACATGGTCCATTAGTAAATAAGGGAGCGAACTGAGCATAGCGAAGCCTGATTCGGGGCCTCGCATACAGGCCGTATACTCGTCCTGCTTGCTATGA,721,47.85,Caenorhabditis elegans
SEQ_838114,ATAATTCAGGGTTTAAAATACGTTAACGGTTTTGAATTAATTAATCAGAGATTAAACGGGGGGTCCGGAAGTTTGTTTATAATGCTCCCGTAGATACTCCACAAATCTCGCGTCGGGGGCAAACATAAGAAACTTGGAGGGCACAACAAATAACGTCCGAGCTAGATGGCCAATATTAGTAGGTGTGGTGTCCATTTGTGTTGCTTGGGGTTACCACATGGAGTATCAATCCGCCTCCTATACTATGGATAGAACGCGCGGCGACCAATATCCTTAATGGTTATCAGCTCGACTTAGGACAGCTTAATGAGGACAGCTAGGTGCTAATTCATGTCGTCAGTTGCAAGTGCTGTCGTCGCCGTGGGGGTCCTGCGTGAGAGCAGGGTCATCAAGGCTCTTAGAATAAATTGCCGGGTTAGAGAGGCCACGGTGGCACAA,438,46.8,Mus musculus
SEQ_567203,AATACGGCGAACGTCGATGCCTGCCCCAATCACGCTTAGCTAATTTATATTTTATAGTGCAACAGATCGTTCCCTAACGCGACAACTTACGACTCTCCGTTAATACGCGAGGATGGCTTCTGTCGACAACTGCCCTCGAAATAAAATAAGCTGGCAAGTCTGACCAGAAGCTGGTTTACGCTCCTAGAGGCGGAACGGCCAAGGGGATATTTTTACCGGTGTTGGCGGATGCCCGACTCCGGCGGTGTACCCGCGCTCGGAATGTCGTGACGCACTCTTCCGAAGTCCCTATGATTTGTATGTAGAGTCAATGTGACTTGAAGCAAATCCATCGTGCTGTGGATAAGGCTTACTGGTCGCGCGCACTCAAACCCAAGAAAGATTCAAACTTCGACGCACTGTGACTGTTTGCTCGCTCGCGACGCCGACGGGCGGATTTAGTCGAGGGTCTAGAAACTCCGCCTACACTAATATATAGAGGTGGAGTTTCCGCATGTATGCTTCAAAGATACCGCGTTCGCGGAGTCAACGACACAATCTGACTCTACTATAAGCATCTACGTGATTTTCGTGGCTTGTTCTGGGGGGGTGATTATTTACTGGGAGCAATAACTGTGGTAGGCGCTCAGCAAGTACATGTACACTTAGTGTGAAAAGCTTATGTGCCAATGTATGGCATCAGTAACGTCTCCCACGAGGAACCCAACCGCGAGAGGCCATGGTTTGGGGACTGTGGCTGTACTGCCTGCGACAGTCCCACATGTGCTATAACTAATGCTCGATTTTCGGATCCATACGCCCGTAACTTGTTCCTCGCTCCGAGGATCTTTAGTATTAGCTTCGGGAAGAGGCGATACTAGCTAGCGGAAGTCGATGAGGCCCCTGGCTTAATTCGCTTGTGATTGTGCATTAGTTGAAGCGATGCCTGAAAGGCAAACAGTTAAGAGGTCCCGAGAGGGCTTCCGGGGTGAGGATCGCCTCCCTGCACACCAGAAACGATGAGCTTAACACATGAGAGTCGTCGACGCGAGCAGACCCGACGGGTTTTCCTTTTGAGTTCCCCGACTAAATGCGATAGGCCTAAGAAGGCAGAGACCGCAGTGCCGAGACACGTCTCACCATCAACGCTATAGGGCCATCTGAATATCATTAGCGCTTGTGCGTGTGAACAGGATCACATAGCTAGAACATACATAGCCCCAGTGGGTGTAACCCGGGAATCCTCTTCACGGACTTGCCACTGCGTAACTGGGGAACGGAGCGCTCAGTGAGCATCGTCCGTGTTTATAGACACCAATGGAGTACGCCCCAGCGGACGGGAGTGCACACGCGGGAATATCGACTGCCGCGGGAGGCTTACATGTGCGTGGTCATAGTGACCTAGGTATGAGAGTACGGTGGAGAAACCCACAAAACGTCCTAGAAACAAACGCGATTTTCTGTTACTAGTATCTTTGGACAACGGCAGAGAGTATGTAAGCGGTGTCAGGAGTAAAATAGAAAGTTTGTTTTAGTTCCGCTCTCACATCCCCGACCGATATAACTGTGTAAAAAGGATTTAACACCACACT,1571,50.67,Escherichia coli
SEQ_792818,GCGTTACACTGAGAGCGATTATCCCGTAGCCATCCTGTGTATGTTTCTATAAATCCCGCGACCTGAAGAGCTCCGAAAATTGTATAAGATCTAATCGCAGACTATGTTAAAGATACACACTAACATTGGCAGATTACTGGCTTTTGATCGACCACGCTAGTTGCAACTGCGATATTGCAGCCATAGCCGAGGAGTTGGTTGGCGAAGCACCCGTGGACCCCGGAGACGAGCGGGAGCCCTCGATCCTGTCAGGTTGAGACTAGACAGTCTACGGTGGGGCGACTACTGCAGGGTACCGGACCAAGAGTCACGCGCTAACAATCGACCAACCGGGCGCAGACCCCGGTACTAGGCCAGAATCAGGATGCAAGGGGCCAACCATTACGAAGCCTATTTATGCCATTACTTATGAACAAAGCCAAGAATAGGAACATGTCCATCGTCCCGACTTGGCAGTTCCTCTCTCGTGATTCTGGACGTTCAGCGGCAACTCTAAGAACATTGGAAGACCCAACCGCAATAGGAGTTCGCTTCGGGCCCTAAAAACATTAGCTAATCGTGGGCTGCACAGGAGCGTTTAGCCCCTCCGCGCTCGTCGTTATAGAGTAACGTAGGCCTAAGGGGGATTACGCTGCAGATCAAAAGAAGAATCTTGCTAGATAATTGTTCTTTTATGGTTGAGAGACCAGACAAACCCCGCCTCGAAAGTATTGGGAATTTATCTCTCCGTTTAGTACGCTAGCCCATCCCAAGGTCGGTTCCCCGGCAGAGAAAGGTCGGGTTCCTTATCGGGAGCCCGCGAATCTAGCTCCATCCGCCTACGCGTCTTTGTGTGGGACACGTTTCTTCCTGCTCTTATCAGATTTTATGTTCGTTTACCTGCATCACCTCCGTCACCTGGAGGATATTAATAAGTTGTCCTTTAAGAGGTTTTTATAAGCCCACTACAGTAACAGAAGATCTAGTTCAATGCTACAGTAACCATCGCGCAAAGGGTCCGGTAACTACACGTCTAACTTCGTCTAGCGGGTGGGGTTCTCCGCGTTATGGCGCCGGACCTCGGCTGTTCCTCTACGTAAATGGACCTGAGGGAACCTCATCATACAGCTGAACCCAGTCAAAAGAGTGGATACCACTACTATCGTAGACCCTGTTCGCAGTACATAGGAATTAGGACCAACGGCGAGCAAAGACTCGAAGAGGTACTTGCCTGAGCTGAAGAGATGGTCTATTAAGTGTGCGTTTAATTCTCTTTAATATGTAGGCTAGTTGGAAATAGCTGCTCGAAGGTCTCTCTGCCCCCGTAAAGCTAGCCTGGCCCCTGCATGAATCGTTCCACGTTATTAATCCCGTTATCGGGACCTAGA,1367,49.82,Drosophila melanogaster
SEQ_390679,AGGCGCAAAAGTTACTGACTACCATTGCAGGGTAGCGTGGGCTTTATGTGATCGGACTAGCACTACACGCCTAGGTCGCGATGGATTGTCTTTGAGTTAATTGGGTACGGCTGCTGCCCCATGGGGCCCTTTATATTATTTGTACGTTAAGACTTTTAAACCATCATTGTGGAGAAGAGGATGCACAAGGAAATAAGTCAGGTAGTCAAGTTGACAAGTGTCCAAACAATCACTTATTTAATAGTAGCAGCTGGAGTCGCGGGTTGTTTTCTAAATCGAGTTTATCCAAGCAAAATGCTTTAAGAGGCCACTACCACTAGACGAAAAGTGCTGATTATTAAGCTCCCTCAGGATGGAGAGATGAAGCAAGGTTTATCTTGTGTCCCAGAGGTGTTCCCCGAGCTTCTAGAGAACACGTGACAGAGGGCCACCGTTTTATGCGCTACCACCCGCCTTAGCAGATACGGGGGAGAAGCTCCTTAGGCGGTCTATGATGACCAAATAACGCCATCGGTATCGCCGTGGCGATATTTACCTCGCAACACTTATTCACGGTGACGCGGCTAATGGATTGAGTATGCCTCCAGGCGATGACGGGTCAAAAGACCAGCACGAACCGGATTATTTCGATTACTCCGCCTCAGATTGCTCCGTTTAATACTGCGAACAACAAGACTAAGCTGCGAGTTTACACTATAAACCTCTCGACGAGCCTGGTATATATGCGAAGCACTGCGGGTGTGAGTAGATTATGGGTATAGTTGTAGAGGGTCGGGGTGTTATGTTGAGTGTGTGTCTCATCACATCCCTAGATAGTGGCTATTTAAAGGACGGCCATGGTGTAGCAACATTACCATGAGCAGGAAATCTGTTTAAGCTTATGAGGATGCAGCGGTTTTGTCGCGGGCCCTTAAAGGTCGCGGCGAGCATAAAGCACGATTAAGTCTACATTTGTCTTGGTTCGTAGAACGCCGCATGATGTCGTTCCGCGATGCCACGTTTCGGTTGGTTTTCCCTGTAAAACAACAGGCCGGCTCAAGTCAGCCAGCCACAACGCGACCCGGGTTATAGAGCTCTGGAAATTATCCGACCTTAGGTAGTCCGGAGCTGCACTTTAACTAACTCCGTTCAATTCGACTGTTAGTTCTTCCGCATAAAAGCGTCAGATTTCCACCCTTGGGTCGTATAAAACTGTTGGTAGGATTATCAGATACTTAGACGAGCAATTGAGTCGATGGTTAACGGGCGGCCAGCAAATACCCTTTGCCTCCCATATACAGAATACAAGTCGGTACAGCCACGTACCCCACAGCTTGCAATCGAGTAAATGGTTTAGGGGCGGATGTTTAAGCCTCGGGAGAGGTTCCCATGCATTTGACCAAAGGCTAGAAGGTGACCCAATGAAACATGATAAGCGACAGGTGTGGGGGATACCGTAGACACCGTTGCACATTTAACCTTGACCTTATCCTATATTGAACAGTTAAACGGCAGACTGACATGAGTTCCAGGAATTATAGTTCTGGAGTCTTGTCGTTAAATGTCTGCCGGTACGTTGAGCCTTCGACCTTCGACCGGTCACGATCATTGGGGTGCACATCAATGCCGTACAGTGCAGGCGCGATTCTCACTTGAAGAGTTCCTTATTCTTCCAGCACTTAGATTCGTGCCAAACCCGATAAGGTTTCCGGCACTTGAGGTAGTATTATACAAGCAAAATATCTCTCTACGTGTAGCGATACGGCATGTAGACGAACGAGCGGGAGAAGTAAATTCCACCTTCTGCTCTTACTGTTCGAGTGCATCGTGACAGTGACAATCAGTATTGTCGTTAGCACTGAGGGTCCACATCTCTTCGAACACATAGCAAGGATTGAGGCCGTTCTGACTCAGCTGTGTTAAATGACTTATGGCCGTCCAAAAGATTCCTATGGGACATTTCACGGCGCCTAGGAGTGAACACTCATGTGCTGCATTACTGTCACTCAGCT,1991,47.66,Caenorhabditis elegans
SEQ_125051,CAGCTGTGCCTTATTCCAAAGACAGTCGTTTAACCGGAACACTAGGCTTTATTAATTGATGGATGGGTGCCCCGGTTGTATCACGCAGGCAACCAGCAACTTAAGTCCCTATTATGTAACTAAGACGATTGAGAGGTTGTATGGTGCTATAACGCCGACGTGAGAGGAATGTTAGTCGGCGGGGCTTCACGTAATATCAATAAGGTACTCGGCGATGGCTCGGGGGACGATATTGCACCTCAGGCGCACATCTGTTCGCAAGTGACCTACTCCATAAATTGCTAGTGTACGTAGGCACAGTGTGAGCTGTGTAGCGTCCACATATCTCACAACCTACCACCCTCAGGGCGATCACAGACTGTCGTAACAAACCCCAACTAGATAGGCAGCACGCCATCGTCCTGGGTGCGGACTAGGTTGGTCAGGATACATAAAGAAATAACGCCATGGGTCATGGGCCCTATTAAACTTTATGCGTTAACCCCCTGGTACCCTCTTCATTTCACACTCCCGCCAACGTCAATCAAACGCGAGGCCTCATGTGTTATTTACCCTTCGTACATACTACCACTCCCAAGAAAGGTATGGCTAGTCCCCGTAACGTAATGATAACTTTAGTGTGCGACTCAGTCTTTCAAAGCTATCCCCATTCGCAAAGGGCCATACGACGGAATAGCTCGTGATGGACGATCTCCGTGTGATCGCGCCCAAGCGCAGGAGTGTACAAAGTTAAGGCAAGCAAACGGTACTGTCAGGAGGTAGGCGAGGTTAATGACACTGCACGCGCGAACTTCTACTACGTAGTTTTACTAACGGTTAAGCCGCGGACTGTGGCGAGTATCATCTACCCGGTAAGCGACGGCTTACCGCGACAGAGGCGTGAACAAAGGCTTGTGTCCACGAAGTCCACTCCGGGACCGTAATCTCATGCCGACCCCTAAGTCAACTCGACGTATAGCTGTCCAAAAAGTGATGTACTGAATGATGACCGTTAAATGTGCGACGACTCTTATGTGCGATGCCCATATGTTTGTGACGATCGACGGTAACGGTATTCCGTGTGAAAGCTCTGATCAGGGACAGCGAAGTGGTAGAGGGTGTACCAGGAGTGTAGCTGCCTGTGGCGTGAGCGAGGTCGTTCATGTCT,1147,50.48,Saccharomyces cerevisiae
SEQ_437376,TCTATCACGCGAGCTATTGAAAGTGAAATAGCATGACTAGCTAAAAAAGCGTGATCACGACCACCCACACATACGCTCGGTACTATCCCCTACTAGTAATATACGGACTATACCAAAGGAGCGCTTCGTGTTGGCCGAGATATGTTTGGGGTCTCACGATCTGCTGCGGACCCATCACTCTGCTCTGCCGCGCGTAGCCTCACGAATGTCTGCAATACGCATTACGCTGCGGGACCCACGTGAAGGAGTCACGAAGGAAACATTACACTGAACCTGAATTGTCGAATCTAGATCGATGGTCGAGGGCGCAAGCGTAGGGGGGTATAAGCAGAGGTATATCTCCGCCCCAACTACGCGCTCGGTCGATGGATTATGGTGCGTACTCTAATTCAGTTTTGCCATCCGATTGCATACTGCTCGTCCCCCAGCTTGCGTTCACCTCAGGTCGTTCCACCTCCTTTCGGATGTGCATGGACCTGGGTCGTCGACTTGATCTGTAGTTTCGAGAATCAGGTAAGCCGGCCTGTGGTGGCACGCCTAGGAACTGAGTGCAACTGAATGACTAGAGGAACGGGAAAGCACGGGTATGATAAAATCTAGGCAACGATAGGTTGGACGCTTCACTCCTCACGTAGACTCCTCAGTCCTTCCCTGCGCCCGTGGATGTTGTTCGCCCTCTTCCATAAGAAATGAAAGGAGGGAAGCTGTCGCCTTGTATCTTACGTTGTACTGTCAACCCACCGAGAGTCCAGTTATATCCTGCCGACCGCGCGAGGGTAGCAGGCACGGTGCCAAATAGCCCGATTAGTGTGCAACAGAACATTCACTACGTGGTGCCCGGGCGACCTCTCCGAGAATCCGTGAATGTCAATGCAAGGCGTTGTCATTATGTGCTCGCGTTCCCATCCACACGGGGATATAATGCGGGACTCATTTACAATGGCTCCCGTGATATGCAGGGTGGGAACAATAGAGGGTACTAGAGTTTTGCTCGTTGGTGGTTTCAACGGCTCGTATAGGATTACCTGCTTAGCAAGCTCATACTCACCTCTATGAATATATGTGGCTAATTGCAAAGCCAGATCGCGGGCCTGAAGTCACTCCAGTAGGTTCCTACCCTGTGACTCCACTGCTACCGCGGAATACGTTCTCCAGGGACCCGCCTCAGTGACGAACTTAACGGCTCTTTAGCCCGCAAGAGGTTTCTACGAAGATAGCATTTCGCGAAACGCATAGTCGGGGCCTCTTTCCTACTACCCGGCCGATCATGTCGTTTGTTTAGTGTATAAAACCGAGGGAGCTGGACCCGTCGCACAGTAGGTAGGGTGATAACCCTCTATGTCTAACCAACGATAGGGTATCTACGCTTGCCTGAAACACACCTCTCTGACCGTTTTCCAGAGAGACTGTAAGCTATTACGAATCCGAGGCTTCAGGGTCTTTTAAGGAACATCCACGGGGACCCCTCTGCGCAGCCTCTCAACGAGGTTTATACGGTTCTGTGCTCGGCTCCATAGATTCGGGCAACCATGTAAGATATAATACATGACCTAATGTTGGATCTGGATATAATAATTTCCGTACGCTCCCGTGCAAGAGTTGTGCCTGCTCCACTCTATGACGGATGTCATATTATCCGGCATCCCTCCACTGGGTACCTGCTAAACTAAGACTACTAGTCCCCGCCAACCCTTCTCTCCAATCAGTTGGGATCGGCGATATGGCCCTCATATGACCATAATTTTCCCACGTTTGTGCAACGTGCTACCGGAGCCTCCTGGCATGTACTGTGATTTCCACTTGCTCGGCTAAACCTTAATCTAAGAACATCGACGAATAAAGTCCTCCAGCGCCGTATGGTGTTATACGCATTCAGATGATCCCTGTTGACCTACCCACAGATTTTGAGTGGAAAGCAAATAGCCCCCGTAGCGCCA,1937,51.06,Arabidopsis thaliana
SEQ_586428,CCCAGAATCTGCTACGCATGTCAATCCGTTTTTCTATTCCGAACCCGTCTTAATGAGAGTGAGATAGCTGCGCGATTCAACTGTGGAGAAACCGCACGCTTTATCCGATTGGTCATGGTCCCTGTGAGCTGATCCTACGGCTGTATATTGTCTTAGTAATGCGTTCGTCATTAAAGGTAAAACCCGCAGGACCACCAACCCCTGCGGGCATATTCATCACGGCACTGACGGTCCGCAGTGCTTAGCGGACCTGCCAGCGAAGATGAGCAGCGACTGGGCAGCCGGCAGTTAACTACGTTTGGGCTCATCTCACTGATACGACCGATCGTTTGCCACCTTAGCGGATTTTGGATCTTAGATCATCTATAGCGTCTCTGCTGCACTAAAATAGGGCTTAGATGCCTGCTAAAATTTAAACACAGGACGCCGCGCAGATTTGGCAGTCGCGCAACAAGTGCAATTTAGAGTTCAATAGTAATACACACGCCCATACTTATAATTGCCGATTTGTTTCACTTCTTCTGGGTCGGTACTACTACGAATAGTTCTTAGCGTCCGAAAGAAGGTTTGAGTCCCGAAATATCACTATGCAGACAAATACCCCCGGACTTGGAGTCCGACCGCCTCTTGTTCTTAGATCACATTATCGGATGTGGCCTTGGAGATTTTACTCGCACTCATCAAATGTGATCGCGCCCTGGTCCCCACAGGAGGTATAGATCATGAGCCGTCGGTACACCGAAAACATACGGTGCGATTCGTGATCCTATGATTTTACGTGCGCGCGTAACACTCTAGTTAGGTTCAATTCATTAACTAACAAGCTGGGGTTGTCAAATCGAATCTGTCCAACTTTTGGGCATTCTATTGGGAGGCTCACTCGGGCCCCCTTACACAGAGCGCGACCTGATATAACACAGATTGAAACCGTTCTCGCACGCGACGCTGTGTTCTCGGTAAATCGATACAACTCGACCACCGTGAGGACGACCTTCTGCAGGCAACAATACCGGGGAGCGCTAACCTCCGCAGACTTCAACTACGTCCTCATCTGTCCCTCGGCATTATATGAATGTCTTAATGTAGAGCCGCGGTACTAAAACAGTATAGAACGGAGAGACACCCCTAATATGGCGGCTCTTCGGCTGCCTGTCAGCCCCTTACAGACGACACTCCACACAACGGACCAGAATGTAACCTTTGTAAAACGTGAAGAGGGGTTGCCTGATTGTTTAAAAGAACATCCCAGTGTTCGCTTTACTAGTAATGTTATGCCAGGACGACGAACGTATCATAGTAGGTTCGTTTGTTCCGTAAAGTTCATTTCACAAGGACAAGCCATAGGCCTGTATAAGTCAGGCTTCAGCCCTTAGTTAGTAAGCTGTTACGGTATCGTTCTCGTAAGCGTCCATAAGCGATCTGGCGGAGTCAATAGACTACAGTTATTAAATACTCCGGACGTAGCTAGGTTTACGGGTTGACCCTTGTTGGTCAGCGCCTCACAATATCTACCTCTAATTTCTTGTAGCGCGAAAAAGATGCCACAGTGCTTGTTCAAACTTTGACGTCCGTCACTACTGCATCAAATATCGCCAGCTAATCGCCGCCTGCTTCGGGAAA,1620,48.27,Caenorhabditis elegans
SEQ_466630,GCTTGTATAGGCACCAGCCCCAAGCTCGCCCCAGGACTCGGGGAATCCCGCCCGTTCAGAATTCTTGACTTAAATTTCAGCTCCTCAATAGTCTTCTGGGTCGTAGGATCATCGAATTCATATTACATAATCACTGTTATCTTCCCCCGATGGATTAGGTTTGGTGACAAGTCCGGGGGGTCTCGGTGGTCTAGTGGGCGGTCCCAACATGGAATAAAAAGTAGTCACAGTTGAGAAATATCGACGTCGGACCTAGTGACTGGCTGACGTGCGGTGTTCCGATTGGATCACTTGGATTGCCTAACCGTCGGGGTATACCACGCCCACGCAGTGCCGCATCCAGGAGTGCGTCGAACTGGTGCTGATCTGAAATTATCAAACAGCTCCAAGGACCCCCATCGTTATAATTAGTATAGCCGTGTGAACCACCTCCTCTAACATTGCAATGACTGAGCCCGTTTGCCAATATGGATGACCCTGCGGCACATGGACCAGGGCCTCCGTATAGCTATTTCTTGCGCCAATAGATTGCATTTAGTCGGTTGGACACATTGGTTTTAGTGGAGTTTTAACTAGGTGACGAATTCGCCCCGTGCGTATGGTGGGCAACCGTGGGTCACTCATGGTTATCGCGACGGTATGTTGAACGGTATCAACGGATAGGCCCGAAATCCGGTGTAACCCCGTGTACGAACTCGGCCCACCTAGCATCGCTTTATTGCCGCCGGCTTCGGCTGCGACTTACTTAGGAAAATTCCAACAGTGACTTGGTAAAGGTGAGATGGTGATAGACTACTGTGCTCACCAGCACTTAGGCACATCCCCATTTGTTTTAGCCTGGGGCTGGTATCAGAGCCGCTCTGGCTGACGAAGGTAGCCGGCTCGGGTAAGTCTACGTACCGTGGAACAATCTGCTTAGGGCCAAGAGACCTCGGTGACAATTCTCCACTAACAGAGGTACGCATTAGAAATACTACTCGGGTGTAGCCACGAAATGAGCCGAGTCAGCATCACAGACTAGTTGCG,1026,51.46,Drosophila melanogaster
SEQ_143920,CAAAGGACCAAGTTTCATATCGACTAAGCTCGGTGTCAGGTGCGTTCTATCCGACTCTTCGTAGCCACCGCGCAACCCATTTATCTTAAAGTAACAGAAGTACAACAAACGGAATATAACGCATTAAGGTGCGGTTCCATAGGCCTGTTGGACACCGTTGAGGACTGAGGACGTATAAGAATAGGAGGATGTAATCCCGCATCTTACTATTTTGGGTCATAGCCACCACCATCTACGAACGTATCCCCGAGATACTTGATACAGTAACCTCTTAAAGGTTACTGAACGGACTTGACTGGCCAACGCGTGGCTTGATACTGGACGTGGGCATTATCCTCTATGGTGGCCAACTCGTTGTTGGACGTCTCTAAATACTGTTCCCATTACAGAGCTCGTAATAAGTACAGTGACCTAGCCACTTATCGCATACTATTCGCTGAGCGTAATCAAGTCAAGGGGGGGCCCCATAATAGGGGGCCGGTGGTGTACATTAATATATAATCAGTTCAAACATAGCCATGTAGACGTCCCGACCCAGACGAACGATCAATGGAAGAGGAAAACGCCATCCAAAAAATTAAGCGAAAGGATCAGGCTACACCCGCAGCCCTCAGTTAGGTTTGAGTGATAAACCATACTGCGAGCGGATCCAGAGCCGTGCACCTCAAGGCGTATTTATTGATGGCGGGGCTCAAGCACTGTTACTTTCCCGGCCAACGAAACCCGTCCGCTTAGAGCGGTCTGGTTTCATGCCAGCTCGCCTCACTAGACCGGCAGGGCCTAAATCTGTCTTTATAAGGATGACGTCTCTACCCGCACCACTTAGTCCACATGACTTACTAGGAAGAGTTCCAATAGAGTTGTTTAGAAGCCCAATATTATCCCAACATCAATGCCGCTATGTAATGACTTTATCATGACAGGCCTTGGATAGCCAGAGTATGCACACATGGGGGCGACCCCGTTGGGAGCAGGAATAGAGAGGTACGAATCTATGACTCGATTTGGCTAACCGGATTCTGATAGGTACACGATAAGCAGGGCATGGTACGCGAGCCCATCTGCGGCGGTCGATTAAGGCGAGCTATTCCATAACTCAGCCCTCCTGGGCCGATCCAACGCCAACTGTGTATTTAAGATCGCAAGTTATTAGCGTTCGAACCTCGCCCTAGCTGGGTTATTCATGCACGCAAAATGGATGACACAAACGGCTTGTTACTCGAACAGACTAAGAGATGGAGGTTGTATTCCACCTCCAGGAACTTTTTGCGGGCATCCAACCGGCTGACAACACCGATGGCGATCCAAAGATTATCGCATTGCATGGAGAGGGGTTGCACAGCATTTCGCTGGGATATATGCCAACGATACCCAGGGATACGAAAGGCTTGGTTGGGTCTCTTTCCTAGAGCCGTCGTTAGTTCGTTTTGCCTGTCGAACCTTTGCAATCCAACTTCGTATCCTATCCTACCTAATGGACAGCGGAGTACTCGACTAAAGAACCTCACAGTGTAGAATCAAAAGATCGTCCCAAGCTCATAAGGGGCCGGCCCTTAGTACGGTTTCATTATTGCCAGACTTGGTGGAAATCGATAGCTGGAGACAGCTCTGAATAGATCCATTTCTATGCCAACGGTGAAGCTCGGTTCTGGACGCTGGCGCCATGTCGCCTTGTATTCGAATTC,1685,48.9,Homo sapiens
SEQ_649828,GACGAGCTCCTAGAATGCGTTTGTCATGCATCGACGCCACCGGGCTGCCTACGACGTTTATGGGAGCCCGTAATAATTCATGACTTGCCAATCCTTACGTCCGGACAACATCGATCGCAGAGTCGTCCGAAGCTCTTCTCTAGCCCTGCGGGTTGTGAGTGGATCGCCCACAAATTGATCAACGCTGTACTGAAACCCGACCACTGCTGATACCATATTCGTTTCTATTCCAAAAATATAAACGGCTCATCGCTCGCTACCTAGTTTATTAAATTCAGTCAGCAATTCTACTGGGTTGTGCCGTGCTATGAAGTGCCAAACTGACGCTTCCAGGCTTCACTGTACATGTCCCGGCGTAGGAATGTAAGCCACACTATGGCCATAACTTAACTACGCTGATGGGGGCT,407,49.63,Arabidopsis thaliana
SEQ_792621,AGGCAAGCATTCGATAGCATAAATGTCTCGTTGTGTTAGTTGTGTATGGACTGTACATGGTATCGAGAATCTTATAATCGATTATTCGGCGTTGGTAACATTCCTGCACATGGCTTAAGGGCCTGTATCGTGCCTATGCCCGACGTCTCTGGTCAATCCGCTCGAGTGGAATTTTTAACAGCTTCCGCATGTCTCCCGTTTGTGGGTTGACGAAACCTCTAAGCTGCGCGGGTATTATCTTGCACAGGCATGCCGTAACTCTTCGTATTCGAGCTATCCTTCTGCGGCGTTCCGGTAGGATTCTTTGGATTGAGACCTGAGAGTTCCAGTATCCATTCTAAGTTTACCGAGTAATTGGGTCCCAACATGCAAGGAATCTTGACTTCGCACTTCGCACCAATCTAGCAATCTTCATCGCGACCGGCTCCCGATTAATACTCAGCAGCTTTTGTCTGGTTCGGAGCAAGTTAGTGTTTCAAAGCTGCAATCAAGACTACCTGCATAAACTTTTGGGGGCGCCGCGTAATCGTTTTGGTAATGCTAGGGTCGAGCCCTCAAAGGTCACCAAGATGTATAATCATTTGCCACCGTCGGCTAATCCAAAGTTATACGGCTACTTTCGGTTCTGCTCCCCAGCTACTCGGTTTTTATAGCGGTATCTCAGTTCAGATCAGTTGGCCAAGCGCATGCAGTTTTCTTACAATCCAACATGGCAGAGTTGTGTGAAATCCGATGACGTATCCGCTGCATCGTCAGCAGTATACTGGTTGCGCAAGGACCGGTAAGCGGTCCCCGAGTTCATAGGGGGCTATCCCACGGGGCCAAGAGCGGTTGTTCTGTTGTCGAGGAAGTTTAACTGACACATACTTGGCTGGCGGGGGGTGGAATACTTTCACGTGGTGCGCCGTTGATCACGGATTCCCAGGGCAAGAGTACATCAACTTGGGACTATTAGAAGCGTGTCGAACCCCATAGAGGTCAGATGAAAATAGAGCAGTCATCGTCCGTGCGGGAAACTTTCACAATCAGGGAGTTATGAGCTGTACGGGATATGTGCCTGCCTGGGGTCCATCATTCTTGTTGCGTCAAACTCCTGCAGGAGTCTGTGAAGTGCCCGTAGGTCATTGTGCTTTTGAACGTTCCCCGGATGTTATACGCCTCGTCTGACCTGGGGCCGGTGTATCACCATTACGAATAGGTTGGTTGAAAAAGGGGCTGGAACGCGGCAAGGTGACACAAGGACACGGGGCGAGAAAATACCTTTATAGCTGAACCCGGATTTCATACGCACGCCAGCCTGGAGACGCATAAGCTGTTCTAGAGGCAGAGCGTATCGTTAAGTGAACGGCAGGCTTTCCATCACGTCTGGAGATCGCCGTGTGATCTTTGCAGGGGAATCTGGAACAAGCACCCATGAGAAAGCTTAGAAGGAAACACTGTTTTGGTC,1447,49.83,Homo sapiens
SEQ_440689,CGGAGCTCTGTTCTCAATGTCGGTCATAGGCACTGCGATTTTAACACGACCCCGCTAAGCTGTCTGGCGCAGCCAGTGTATGTTGTAAAGGGCGTCTCACCATTTCCTAGTCACTCGAGTGCGTGGACTCCACCTTAAGGGAAGTCGCTAATGACAATTAGTTCCTAATCTAGAATCTTTACTGGTGCGCCGATGGCAAGTACTCGAGGGCAATAAGCGATGGGATGACTGAATTCGGTACGCGCGGCACAGTGTGCGTGCGCACCTAGCAAAGGAAAGCTCCGTTCTTAATATCTAAGGCCGACCGTTGCCACCAATTGTTTGTGTTCCGGAGTCAACCGATATCCTGTACGAAGATCGTAATAAATCCATTGGGTTCTATGTTGAGTAGCTGTTCGAATTAGGCGAAGAACATCG,417,49.4,Homo sapiens
SEQ_149188,CTCACTTGTGCTGCTCCGGAAAGCGAGTATCCAAGCATTATAGTGTAGTTCTAGCCCCGGCACTTAAACGCCCTAGACTCCAGATGTGTGGACCTATCTTAGACCGAGTCTGTGAAGCCACATTGCCGGTCTCCACCCTGACCATGACGATGAGAGTACTGTAGGGACCTCATTCGCTTCACCACTAGGTATTCCAGAGAAGAACAATTTTGGGCCTTGTTGACAGCTTTGAATTGTTCCCAAAGATCACGCAACTCCAGTGGCCGTTATCCTAGGTATCCCATATCCCATAGTACGCTCTCGCAGTGTATGCACTTTCCAAGCCGGCCGATCCTTGTCTTTTAGAGTAGCTATAGGATCACACATAGATATATTCATACCGAACTTAACCCAGCGAAGTTGTGACGTCTTCCAAGATGGATTGATTAAACCGGTTAACCGTCCTCCTACGTTGGAATTTTTGCCAGGGTAGTGAGTCCCGTGCTCTCTGCCATTAGACGCCTACTGGGCCATAGCAAAACGATGCGTTCCTCGGATATAACTGCAGTATTACTCACAGCGCGTAAGTGTTGGTGCTGTGCCCGTTGAGTCATACTCACCGCGAGAAGCCTATCATGTTAAATACGCAACCGCAGTCTTAAAGAGAAGGACATCAGTCTAACCGTTGGATTGCCATGCACACGTAGCTCTATGTCATCTCTGCCGGATAGGCTGTCGCCAAGGATTATTGCGAATCGTCATTCGTTCATGTCTGCTAGCGCCGAGCCAATTTTGG,775,48.77,Arabidopsis thaliana
SEQ_555269,CCAAAGTCCACCTAAATGACCACTCCGGAGGAGGGGACTCTTATCCGAATCACAAGTGGTCGTCTTAGGAAACCGGAAGGGCCGATCGGATTCATCCGCGCTGGACACGACTTCGCCTATTTCGATTGCGAGAGGGGGGCCCAGCCAGTCGCCTAAATTCAATCTAGCAGTGCCTGGCCGTAGTCTAACCTTAGATTCACTTAGCACTTTTAACAAATTTGTCCACTTCCCGTAGTCCTGCTACTCTTGACGGCGCCATTTGCGATAGTAAATCAGAGCCTATGCACTCTCCAAGGGGCGGATCCGCGGCCAAGGAATCTCCTTCATTAAGGCGTTTGTTTCTATGTCCGTGAGAATGAGTGAATTTATATGCCCGAGTCCGCTTTAGGCCTTGAGTCCAGTTATGCCAATGGATCATAAAACTCCATGAAATGCCGACCGTCGTTGCGCGGCGTGTCATGCACAACCTGCCGTTATTCGATGTATGAACGGTGTTCATAAACAAGAGCGAAGTTACTAACTTCCATACCCCATGCCTCCGCTAACCTTTGCTGCTTTGATTTACTTGCTTACTTGCGTGGTAAGGGTAACTCACACGGACTCAAAAAGAAGCGCAATACATATAGTGGGCGAGCCCCAACCGGTCTTACGGCATCAATACTCTACAACTCTTACGATATAGGATACCTTGCAGTAGTCGGTGTGTCTATAAGTTAGTGTTTGCGCGCGGCATCCCTCTACCCTCAGAGGGATAGCTTGATTAACAACTCGTGATACGCGTACTGATCCAAATTGCGCCTCCTAACAACTGGATTGAACGTCATCATCCCGGGTCTAGCATGTCGTGCGCCCATTGTTTCAGGTAGTAATCACGAATCTGTGTGGCGTTTACCTGCTGGCTTAGACAAATCTCTCGAACCGCCGGCTAAGGACGGCCCCCTTAATCCCAATCTGGCGGATTGGGTACTTTCATAGAATTGGTGGTTAATCCTTCCCCCGACTATTGCCATGATTGTCCCGACA,1023,49.56,Homo sapiens
SEQ_966125,AGCGCGCGGTTCGACAACCCAAGCAATTGTACCTCGCGCATGGAGATTGTCCGTAGCATTGCGACCGGCGAAAGCGCGCCATAACAGCGATACTGCTAGGGATCCACGGGCGAAGTACTAATCCTAACAATTTCCACACTTATAGCGGCGACGTAGATAGTATAAGCGTAAATATTAGCACAACGCATCATCAGGGCGCATGCCCGACCGGCTTTAATCGTTCTTGGGATCCGTTCATGTCGCCAACGACCCGTCTTTTTCTTCTGCAACCCGTCGGCGTGTGTTAATACTATATGTAAAAGTGAAAAGTACTTCAACGACTTTCGAGACAGTACCTGTGAGTACGCATGTGGCGCCTTAGCCACGTAGCGTGAAGGCTGCCGTGGTCCAATCAGCGTTATTAGGGGTAATTTCATCATACTAGAGCATGATGGGCGTCCGCAAGCCGAATACTTGTTACCGGACGGGGCTAATATCGTACGGGCGCGTAGTTGAGACCCAACCTTAGAAAAGATCTACCAGCGAGAGTATATCGGTCGAGGACGGACCTAACAGGGCAGAAGCGCCCTCTGTCTCCTCACCATGAGTAAACATGTATTGTGTAAACAATATCGTAGAAGATACGGGTGTAGCCACAGATAAGCTCAGCCGCGTACGCCGGACTGCTTGGGCGGGAGTCGGAAAGTTACCCGGGGTAACATCTCTTATGAGCTTCACGAGGTCCGTGAGCTCTGACGCCCCGAAAGGAAACGCAGCTGACAATGAAGTCTAGGCCGTTATGCAAAGGCCAAAGCGTCAGTAAATTCACGCTCCGTGGCCAGGTGACTTTACATCAGTGATCCTCCTTACGTATTAAGACAGTACCGCAGGCGCGTGTGCTGTCTATTTCCGTAACCTCGATACCTCACGCAGTTAATTGGTAGAGAGCCTATTGTTCATCTGCTGCTGCTGGTTAACCTGATAAATGGCATAAGGACCAGGCGCGTCACACACACTCGTTCAATAGGATACTTCGAAGCCCAGCTTGTAGGTATTGAGTAGAATGGGAAAGTAACAGGCATGCTTGTGGCACTTTCACTCTATATAGAATACAGCAATGGGGCCGCCGCGTCCTCATTTATACATAATCCTCATCCTC,1138,50.26,Escherichia coli
SEQ_748201,CGAGGATACGTCAATACGCGTTATGTACGGATAGAGTTGGGTTAAACGGTAACAAGGTGTATACTTCGAGCCCCGAAGTCTCCCCACCTCTGTTCAGCAAAGGCTGTCTTAAAGTGGTGGCTTCCGAGATTCGGCGTTGCTCTTCGCGAGGCGAGCCGGGGGGACACAAATCACACCCTGACTGGTTTCAGAGGCCATCGCATAAGTCCACCATTCCTCGC,221,53.85,Mus musculus
SEQ_737078,GTCCATGGCCCGGCCTGCGTATTAGTTGCCTCTGACAGACCCAATCTCCTCCGAATTAATTAAATCTTTCTCCGGGTTGGACAAGCGCACGTTATAGATACCCGCGATCGCAATCGGTCTGTCCAGCCAAGCGATTTAGATGTGGTTTTCCCCAGGCAACCATTGCGGATGATGAACGAGAAGGAGTGAACAACGCTCTCGCTGTGCATTTCATTTCATGTATATCTCTGGGGATGATGTCGCGAGGTTTCCCAAGCTTTAAGTGATCGGGCAGAGGGGTTGTGTCCGCGTAGGTGATGTTTCATATACTCACCAGCGAGCAATCAATAGTGGGGTTTAAGGATAAAAGGACGTAGCAACAGTGGATGAACGCAACCCACCCCCCGCTGGCTGCAACAGGAAGATTAGTAGTGTTGCGCGTTCCTGAGTCCGTAGAAGAAGAGGTCCCTCAGGATTTTTGTTCACAGCGAATCTGAATAGGACAGGCGAAGTGGAGAACATGCACCAAGGCTCCTAATGCGAGCAAACAGAGACTACATTAACTAGTCTGCCGACTAGACAGCCTCACCAGCCACTATTAGTTATTACTGTTGCGTATGTCTAGCGCATCTTTGGTTGACCTATGTCTCATAAGAAATTACAGGGAGCGCCAGAGATTATAGGGAATAGATGGGTACTTAGGTCACCTTCCGATATACAGGAGCGACTGATTTATTTGGCCTACCGCAGGGCCCGGGTGACAGGCTGATTGTTCGCTAAGCGTACTGTAATGGGGATTCCGTCAGATTTAGTGACAGAAAGCAGGCCGGCTAGCCTCAAACATAGACTAGCCAGTATCAGTCATGGATTATCGTGAGATAACGTCAGCTACTTCCTCTATTGATCTAAGGGCTGATAGGAATACAGTCTGACGCGGTAAAAGAGTAAATATCGCGCTCTCTTGATAGCAGTATGTTCTATCGCGCGAAGGATCGCTATCTATTAGACATTATTTATCTCACCCAGTTATGTCTGTAAGATGGCCTAGGCTGATGTAGACTTCAATTCTCGAATAAGGTACTCTGAACGGTTTTCTCCGCTTACGAGGTTATGTCATCGGCCGCTAGAAGTGCCGCAATATGAGATCCTTGCCCGTTGGCCCCCGTCTAGTTGTTACATGCCCTCTGTTACGACATAGCCCGGGTTAACTCAGACCTTTCCACGTAACTGTGACTAAAGGTTCTCACAGGGGTCCTGAGGATATGAATAGACTAGAAAGTAGGCATCAGTTAAGCTGTGCTCTGATTGAATAAAGTCCAATGACTACACTATCTGTACCGATGTTAATGATTGCGTTGAACCGCCCACTCTTTATACCTTTCGTAATCACCTGCTGCGCAGTTGGTGGTCTAATCTACCGCAATCGAATGACTTACTTTCTGTTGGCGCTTGTGATGGCCTTATTGCTATTTCCCGGTACCGTTCCTGCCGAATTGCGGAGAAAAGCCAATTCTCTGTCCGTTGAGGCGGTATGACTCATTATCCTATTCACATACGCCATGTCACCCAAGGACCCAATGCACATAATAGCAGCGTCCACCACTGCGAACTACCGCACGTACTTAGGTGTAAAAGATCTGCAGTCGCTGGCTGGCGATCCCTGGTTCTACGTTAGCGCCATATCTACATTAAGGATCTTTGAGGGCGACAACACACG,1696,47.94,Escherichia coli
SEQ_308876,GAATCTCAACTGCGCGGTAGATGTATCCGTCATTGATTAGGAACTCTTAGCCTAAAAGAGAGCTGAGGCCTCAATTTATTCGCGGCTACCAATGCTTAGGGAAATGAACTTTCGC,115,45.22,Homo sapiens
SEQ_159300,ACGTCTCAAATGTGTGCCGGGAAGGATATGTGAATAGTCGCCTCCGGGAAGGCCTGAAGTTGGATCCGGATCCGCCGCTGCGCGATATACTCTTAATAGGTAGGGACCAGGCCAGGGCGCAAGTTAAGTCTTCTACCAGTTCTAAGGAGAGCGGGGAGTGTCCGTGGTACATGCCACTTTAAGACCACCCGCGTACCGACCGTCGGCGATCATGTTGGCCTAAATAAAAAGTCGGCGCCTTTGCCACCTAACCTGGCCCTACACTTACTAGAGACATTCCTCCGTCTTGGTGCCCCAGCTCTGCATGTCTGACCTACATAGGCGGGGGTTGTGAGAAGAATCGTACGGGTATCCGATGATCGGATCGCAGACAGCATGAAGCTCTTGCGGGGTCTGTTTCGGTTGTTTGTGAGGTCGTCGCCTGATACAAAAGCAACACACAGCATCATTCGGTTTACAGACGGCGGACCCGGAAAACTGCGCGGGATCCTTCGCATTTCCATACTGTTTCTAACTTCAAGTTAGATTCTTATGCGGCAACCCAGGATATTCCCGGGAACTCAATAACATATTAATGGCCTGAAAACTGTAGTTCTCTGGTCTGTATAACCTCCCAGAGCTAGCCAAATCATTCCTTATGAAAGATATTGTGGGCTCTCGTGCTACCGACACATCGGCTTCCGGTTAGCCGGCTTATTGAGACGACAAGCTTGCGTACAGTAGACGACACAGGCAACTCAAATCTGGGAGCGTTCATGTAGCCCAACAGTTGTTCGGTTCCCCACCGCCATAGGTTGGGGCATATAATACTTCTAATAACCCGGGTCCAACCCCTGCGTTAACCATACCTGCTGAGGATCCGTTCAGGGTGGGGTGGTCGAACAGTATGGAACATTTAAGTTGCTGTCCTCGAGCACCCTCATCGTCATGTTGATATCCTCAAATGTTGTGCACATTTCGCACCAATAGCCCCGTAACGCCGATGCATAACGAGTTGCCTTGTTCAAATCAACCTGGACCTATTCGAAACTTGGATCGACACGCAGAATGGCGGTACGTATGAGTAATCGTTAGAGACAAGAGCAGGCGCCCGGAAAACGTAAAGGTATTCGCTGTACTAGAGTCGTCTCGGATTCAAGCGTCGACACTTTCTAAGGTCTGGCTCGTAGTGCTTTCATGTTGAACTGAGGGCCAAAGATTCTCCCCTCGAGCTGCACTTTTAAGACGTATCCTCCATATGCATGAGAGTTTTGGCTGCGCCTACTGACGCAGGCGTGGACACCGATATTACGGGTGCACGGGTCTGGTTCCTTATGATCTGTTAAGGGCCTCCTGGAAGTTCTCGTGGATGCGTAACCGCGATGGCTTCAATACGGTAAAACTGTACTACGCGGCGTAGGAGCCCTGCTTGCTCGTACAGCAAAATCGCTTGGACATAGAGGCCGAACCTCCATTGGGCCTTCCGGCTACAGCTTATAGCCCAAGCCTGAAAGACGTGGCACAGTGCCGCTACGCCGTTAATGCGAGTACAGCGCATCCGGTA,1543,51.59,Caenorhabditis elegans
SEQ_370377,TTTCTGCTTGGTTGAGAGATAAATAATCCGAAGAGAACCAATGCAAGCCGAGTTGCCTAGTCCGAAGCGGAGGTTCTACAGACTACTATTCGATTCTTAATGTGTCGCACGGATCCTTGGCTGACGTTCTACATCGAACGGCTCCCGCTGCCATTCCCGCGTATTCTCAATCGCTTGTACCGATATAAATATGTGAGACACACCTGTTCCGTTTATACAAGAATTTTCGCCTCGATAATCAGCAGCTCCTTACGCAAACCGGACACCTGCTTGATGACTAATTATTAACCTGTCGTCGCCTTATGTTTTTTCCGATCGAGGACTCAATCTATAGTCCACTTGGAAAACAGGGGTTATTACCCGCCACTATATTCGACATTTAAGTTTTAAAGAATATTCCCCCTACCAGACCAATCTCGCTCAAGGCGCCCCGAAACGTAGATGAGTGGCAAGAATCGTCAGAAGGGGGTCGTCCTCGACGGGAAATCAAGCTTTTGAGTCGTGACCATTTAGGAGGAACTTTAAACCCAGCTGGACCAGTACGTGACCGAGTTCCTACCCGTCTAGGGCTGCTCACAGGATGTCCATCGCCCCGGCTTGGTGCGTCTACAAGAGCATTCTGTAGCTTGTGTCGATCCCAGTTATCGGCCTGCACGTATGCAAAATACAAAGCGTATCGCGACCTCGTAATGCCCAGTCATTGTAAGAAGTATCAGGAATAGAGCCGCCGGTCGGGAGGTTAGTGGTCGGTTATCGGTGACACCTTGAGTCATGGGTGATCTGTCGGAGCCGAGATTCGCGATCCC,806,49.13,Mus musculus
SEQ_166150,CATTCTATCGCAGACAATAATTGCCCAAAGTACAACATCTGTGCAGGATCTTTATAGAGTCGTACCGTACGGTTTTCAGAGGTTCGCGCGCGGTGAGGCGTTCTTGCTCAAGCAGCCTTTCAGCAGGGTCGTTCTCCCCTCGGAGTGTTGCTTTATTTTCGGTCCGGAACCAGGCGT,177,51.41,Saccharomyces cerevisiae
SEQ_676342,TACGACTCACAGGTGAGTTCGTAGAGCATCTGCGACAATACTGACAAGTGTCTTGTAACCCGGAAATACGTTGATAACGGTACAAAGATATTTGACCCGGTATACTCAACTTTCAATGAAGCAGACGCACAAGCCGATAGAGACTCTATCCCAGGAACACGTACAAAGGACTGATTGTGTTAAGAGCTTTCATGATTACCTATTAACGAGGGATCCACCAGCTATATAAGTCGCATGGAGGTATGCGCTAACACGGTGGACGAGGCGAGCCCGGTCCGGTGTTACATTGGTCTCATCGACGGCGCACGCCAAACTGTTATTCAGTAGCCTACCATTGAGTCGCTGGGTACTGCGAACGTCGTAGTGAAAACCAGTCACCGTACTGAAGCCCCAGGGCCGATAACAGGCAGCTCCGCGGACGGAATACGGCCGAACCCCATTGGAGGTACTGCATCGAAATACATTGGACCTTCAAGTCTGTGTGAGCCGAGTTCGAGAGAAGTCAACGTTACAGCAACGAAGGTAAGTGGTGAAGATTACCATTGTACGCAGAAGAGTGGAAGACACTATCCTACTTTATAACTGCGTAGAGAATATAGGGGGGGAAACAAGAACAAAACTGAATTGTAATCACAGCGCGA,641,48.36,Caenorhabditis elegans
SEQ_311808,CACGGTTGTACATCATTATAAGTGGCAATGAACGGCGCTCTATAATCTCATATGCCATAGGAACGACATCTACCATAATAGTCATTGAGCATCTTAAGAAGATCAGGGTTCAATTAGCCCGATGCACAATGACGGGGCACAAGGGGTGGAGGCCCAGTCCAAACTGAATGCATTAGACCAGGCGAAGCGGTGGCAGGAGGCCCGCTCTGTCCATGCGGACGTTCCTTTTCATTCCGAGGTCCGTAACAGCCGATCACGACTAATCATCCTCTTATGAGTTAGTATGATTCTGTGGATAATGATGGGGAAACCTTCAGCCCTTGAGAGGGTCGTGCGTATCCTGACTAAAGACACCCGCCCATTCCGGTAATTAACGACAAACGGGTGGGCTATAGAGAACTAACATCGACCTGTCTAAACGAGGACACCGGGCATTGGCGAGAAATTCCAGCTTCTCGTTACGGGTCTGATTATCTCATAGCGCCCACCGGACCGACACGAACGCCCCCTGCTAAGGCAGGTCTACCAGGTCCAATCGCGGCACGACAGACGAACCGTGTCCCAGAGTCGGGATGCAAGCTCATGGTAAGGGTGAATACGCGTTCAGTTGATCCTAGCCGCACGTATTAGGTAAGTACTTTGCACGCGGCGATATGGCGCTTAGGGTTATAGCATGTGACACGCAAGGGTCGGACTCGG,699,51.93,Arabidopsis thaliana
SEQ_388954,CTGGAGGTGAGAACCAGGTCCGGTGACTGCTTCTCGGTTTAACAATTCCGCCGAAAGTCCTACCTTTTAGGTAGGTAGATACTCTCTTCCCGACAGGGGGAGTTCCAGCTTCGGGCGTAGAAAATTCGTCCTTACAACCGTATCAGTGGCCCATTAGAGGTCGTACGCTTGGCGCTCTGTGAACACCCGTATTGGGTGTATGTCTGCACTGTTGACCGCTCGCCACTGCAAACAGGACGAACTTCTTCTTGCCATAGAGCCGTGTACTTATAAACAATCTATTTGGGGTCCCTCAACCTTGTTATCGCTCATAGGATTGCTGGGGCGCTACCTGCAATTGGTCGCAAAGCCTACGCGTAATTAGAGGCAAACTCACGTGCAGTCGGTCGGTTCGGGCAACTATTTTATCGACTGTCCCGTGGAGAAACGTAGAGCGCGTGTTCGTGCTCCCCGGGTACATCAACCTACTCAACTATACCGCGTTTTAACCGAGGACATGCATCGGAGCAGTGCACTAAAACAGAGCTTGGTCCGTTTTTATGAAGATGGCAGTCATTGGTATTCCTCCTCTATCCCACTTTGACCCGTACTCAGAACATTCGACACACCAGTTTTAAACTACTCCAAGCACTTCACACGCCGGTAGGTAAATAAGAAGTAGTACTTGATAACTTAACGGTCTGATCAGTACCAAGTTTTGCTCGCGCAGGTCCCGCATATGCTCCGATATGGATGTAACCCGGCGGGTCACCGCGAGCCGTTTACTCATTCTCACATTTCACTTCAGTAAAAAGTGGCAATTTAGCTTGAAATTCACACAAGGCAGCGCCCCGAGCCCCTAGCGAACACGTAAGCGCAATGTCCTCTACCCTGCCCCCACATGGCTGCCTCAGGGTGTTCGGTCCCCTTGACTTCCTGAGCCAGTACCGGGTGTGCACTCGTTAGTACAATGGCGGACACAACTCACTAGAAGGGCAAGTTTTGCACTAAACTCTTAACGGAGTTTGAGGGACTAGGGAGGTTATTCGCGTTGCCTAAGTGATGAGTAGTAGCTACCGCTAGAAACT,1067,50.52,Arabidopsis thaliana
SEQ_677802,CGCCGATTTAGGTAGGGCCGGGACAGCCTACAAAGAACTTCGCCAAAAAAGATAAGGGGCCACATGTCGATACCGATGTCGATCCCTCAGTAGAAGCACTATTACCAAAGATTTTCAAATCACAACCCCATCCGTCACAAGCGGGTGCGCCTGACCCCCATACACCTAACCGATATTTAACCTGATGCTGGGATTGCTGGTATGGTACTTTACCATTGGTAGCTCCCACGGTGTCCATCCGTCCTAGTGGGCCTGTTAAGGTTCCCGCTTAGCCACTTCGTCGCACCGA,289,51.9,Drosophila melanogaster
SEQ_923119,ACACATTAGAGCTGATAGATTGTGCACCCGACGTGTACGACATAGCCGTCGGCCTAAGGCCGCGACGAAGATCGACCAGCTTTACTACGCCGCTATCAGGACCGCCCTCGGCGTAGCCTAGCTCAGCAAGTAAGCAAAGATGGTCGGTGCGTCCTTGTCGGCCCCGCAGGCATCAGATAAAGTAACTGATATCAAGACGATTGTTCGGGTGATCGTACAATCCAGCCTTGGGCAGGTGAGGGCAAACCTGAGTACCGCTGGAGACGCAAACGTTGCTCTCTGATTCGCACAATGCAGTGAACCTCGGGGTTAGAGTCCCTTGTGGTATGTCCTTCGAGCATTGGGACGTCTAATAGGCGGGCGGAAACTATCGCGTTGCCAATACTGTGAAGATAATTGAGACATTTAGGACACATTGGTATTATAGATAAATCGATATAGCAATATCACGGCGATGGTTGCCGTAATGACAGACCCATCTTCCCACGTCAACCAGTGTATCTAGCATCGATATCAGAGACTACAGCTAGTGAGGCCCGAGCGCGCTTCAGAAGTTGCTGCCTACTTAATGGATCTCCATACAGGATTGCAATGAGCTCCAATTTCAAACAGCAGAGCGCACCTCACACGACGTTCGTTGTATAGGTTCCGATAGCGAACATTATTCTCGTTGGAGCAATCACCAACG,688,50.44,Arabidopsis thaliana
SEQ_974719,CGCAACGACCATACTGTATTGGTTCAGGTCACACATCAACTTTTTCCGCATTAAGAACGGCGTATTAATTCAATATACAGACGATATATACCGAGACTGATCCCCAAGATAGGCGTTGGAAGTGAGTGTGCGAACAACGGTTCACAGATCGACTTCGCTAGTGATTAACAGGACCTCACTATGGAGGAGACTCGAGTAATAGGACTTCATCCGCCCCGCGCCGATGCACGGACCTGGGCTTAGACGATTCATCCGTCCTCAGTTTAGCAAAAGAAGCATGTTCGCCCAGCGCGGATGATTACGTGTATGCATGAGACAAAATCGTTATGAGCTTACCCGTCCATGGGGTTCATTACCATAAAATGGCAGGTAAGCTGAGTGCATGATGACCCACCAATCGCGTCCCAAGTCAACTCCGATGATTATGGGAGGAGCACACGTGAGGCTAGTGTTCCATCTCTCGACATTTAAGTGCCTCAGCATACTACATGATCGCTGGCGGAAAGTAACCTCAAACCTTCAAATTCATGCTCGCTCAGTAGCAGACATAGACTTTGGGACTCCTGCCCTGTTCGTACCTCCCCATTAAGACAATAGGGAAGTAGAATGTAGAACTCCGATTCAAATCGACTTATTCTAGTCAGGAAACCAGAAATCGGACGTCGCCAGGGGGCTTGGAAGAACACCCAGCCGACCCGTTGAAGTCTCCTGTACTAATGCGCAGGCTCATTTCCTGAATCCGCAGTAACGTCGAAGGCAAAGGTCGAG,768,48.83,Mus musculus
SEQ_522432,TCTCCGAGACAGTAGAAAGCACCTATACTTACCCTTGTCATCGAGCCTTCTCGTCGTCGTACGCATTCGCCAAGTTTGTGCCGCGTCAAGCAAGACTTAGAGAGGTAAGCTATCTATCAGAAAGCAAAATTAATATCTCCAAGCCCTTAGTCGGTAATCTGATCCATGAATGTTGTGAGAGTAGGGTGTGTGTGCCTAGATATTCACGGAAAACACAGTGCGCTGAACGATGTTGCTGTGTCTACGAGTAGTACGACCATTCGTGCACCCCTTTGGAGGCAGTAGGCGACGCCCAGATCAAGACACCAGTAGTGACCCCCGCTAGCAGGAAGATTCAAGCTGGCAATAACCTGACGCGGATAGCAACCTTCCCGCTGTGGCGAGAGTCGACGTCACTGTCGGTATGTGTCAGGCGAAAAATGTGAGCCCGACCACTTTCGTTGTCCCCAACCGTTGCCGTCGGACAGGTGCCCCAGACTGTTTCCTTCACGTACACAAGCGTCATCGCGTCGTAAAGCACATTAAGCGTAAC,532,51.32,Saccharomyces cerevisiae
SEQ_344215,TAAACTTCTGAATTAGCGTTGTCTGGGTTTCAAATTATCCGCTACCCCGCCAGGCAACCATGTATTATTTTGGGAAGCTCTTAAACAGATACAAATAAACCGAATCGAGGGTGTGAACCCAATCCCTAGGAACCATCTAGCCACAGAGTTCAATAAAGACTGCCTGTCGTGTTGGAATGCAAAAATACCCGCTGCTGGTGGAGAACACCAAGGAAAGTCTATATAATAAAGCCCTGTCCAAATCCTAAATGTGACCTTTTCAATAAAGTTTATATAGTCCTTCGCCCCGTCACTGGGTCGGAAGATGACAAGGCATGCCGCATACAAGTTATAGGTCAGTTATAATCCGTGATTTGGTAATGTCTCCTTCTGTGGATTGTAACTGAAGCAAAGGTATATGTAGTTGCTATTAGTACTATGCTCTTTGCGGACGTGAACCTATCGCTACCAGAACAAATTCAGGAGACTTTGTGTTCGTTTTATGGCCCCGACCTCGTCCCTGCGAACGCCGTCGTCTGTCATTGTCACGGAAGATAAGGGTTCTGTTTGTTAAGGCAAGTAGTTCCATGAAACCGAACCGCTGGTTTTTGGGAAATCTTGTCACGTTGGGATGTAAGCCAAGCTGTCTTAACAGCCGAGGGAATGGTAGATAGGGGGTCATCAACGGGTCGACGTGTCTCGTCCCGATCCACACCAGCGGTAGCAGCAAATCTGAGCACACGCAGCGTCGGGCACGACGTCTGCGATGGTCAGGCGCACATTAGCTGAGTCGCGCCTGAATATCCTTGAGCGGACACTCGCTCTTAGATAGCGTCTCCCACTATTCAGGAAGCCTCGTATCAGTCCTATCCACGGATCAAACCGCCCTAGGCTGCGTTGAAATAGAGTTCCGAAAATGTAGGTCGCTACTCGTGGCTTTGCCGAGCATAGTAGAATCTTTTCCTTGGTCAGTGGCTCACCGATTCGGTTCGGGAAAGGATCACTACGGGAAACAAAGCTTCGAGCCTCGTAGGCATTCCTAAGGAATTCGCAAGCGTTCAACTCTGATGGTAAACCGTCTGAACCAATCCCCAAGCAGGAGTGGTAACATACCCATTTTCGCAACTGCTGATCGGCAAATCTTCCGTACAATGTATTTTACCAGTGCTTCGGGTTTGAGAGGGGACGGAGAGGTTAGATCACAACAATGATCCCATCGTCCTACCAATGTATTGAGTAACACCCACGTGGGGTTAGAGGGGGAATCCCTGTACAGATAGTAATCAATCAGGCTTCAGACTCGTGTTAACCGGGGGAACCGTCCATGATGGCAATCTCAATCGGGCGGTTCTTCTGGGGAATCTGCATGAAGCAGGAAAATGTATGATCG,1369,48.14,Caenorhabditis elegans
SEQ_824612,CGGCGATGTAGACTTGAACCTATCACAATCAGGTTGGTTAAAACAGCGGTATGTATTGCCTTACACCCATCCACCCCTCCCTCTGACTGGTTACCTTCATAACACTAACCACTAGCTGGTCGTGGGAACGTAGCCCAGATACCTCCCCTCTTATGCGCAACCTGCGTTAGAATACCGCCAATGACGGTTGGTGCTACTCACCAATAATTCGGGGTAGCCCAATGATTCCCTGCCGTACGTCTCACATCATTCACTAGGACCCGAACTAGACGCCGTTTCCTCCCCCACACATCTGGCCGGCCCGCCCTCGTTAAAACAAGAAAAACGAGACACCCACGGAATGCCTTTGGCCGGTAGGGAACATTAGGGCCCCGATACCTTAGCGGCGCAGCGACACACCTGTAAATCTACGAAAAAATGTACGCCATGGTTGTGCGACACTCGTAGGCTATCACGGCAGACTCAAGCACACCCTTACATACCAGAATCCATAGTTCCACATCG,504,52.18,Caenorhabditis elegans
SEQ_427259,CAAGTTTGAATTTACGATACCATTGAATCTACGGTTACCGACGATCTAAGAACGATCTGCTTTACGTCTGTTGATGAGAGGCCACGCGAAGCTGGATGGTTATTCCAACGGCGCCTGTTCCCTCCCTATACTCGCGACGCGAGTGTGAGATATTTGCATCGCGCACAGTTGCTGGCTGATGAGCTATGGAGTGGGATACTTATAACGGTGGACCCAAAATTTAAGAGTGTCCATTAGCCGTGTAACCGGCTAGGGAGGAGCCTAGTAACGTAATGGATCATGATGAAACTAGACATGCCAGATTCGTGCCTTATCAGGGGGAAGTTAACGAGCTATATACGAAAATTTTCGGCGCGTGTATCTCTGCGCTAACCCCCATGATCCGTAATCGCTGTTAGTCGTGATCGAGACGCCGAACTCAAATGGCATCATTCTCTCTGATGCCCGCCAGGGGCGCTATCAGGTACCAAGGAGTGGCGATCAGAATCCGTACGTCATGGTTGGGATGCGCGGGCGGTTAACTCTCCGCACCAGGACGGCACCATGATATACACGAGTGGACCAGCATGCAGCTTTCGCGACTTTCGGTAAGATTCACAAAGTTGTTTTGTTCCTCGGTGGGTAAGCCCTGCTCACATTGTGTCGTAATGTAGGAAAAGTATCGCAGCAGTTGGGGCTAAGGAAATCCATAACCGTCATGGATCCGCAGTAATAGGCTTGACCTCCTGGGTTGAAGGCGTCTACGGTTTTCACTCCTGTCACGGATAAGTTGGCTATACCATAACAACGCAGGTGACGAGACCTCATACAGATTAGAGAAGATTGCAAAAACCCACACAACCGTGATCGATCCAAATGATTTTACCGTGTTTAGCGGAGCATCTATTCATGCCGCAGGCACCGGGCAGCCGCGTCCCTTACGGCGTACCTAGTAGGGGTATTTGTAAGGCGGCCCGTCCCCTATGTCACCTGCTACAGCTTCTTACAGCTGTATAGCCGGAGGTCCCCTCACTCCAACGGATGGCTGAGGCGGACGACGTCGGATAAGTAAACTATTCGTTACCACTACGTTTCGCCGCCAGTACTAGGGCGAGTCCGGAATTGTTAGATATACCTACTGGACTAGATAAATTACACTTCAAACTTGATGCAAGGGCATTACGACGGAGTTACTATCTCGCGCATCACGTGTAGTTTGCACGGCACAGACTGAGGTGTTCCTAGGGAAGGTACAAGAAAGCTGACTCAAGTGCGACGTAAATATCAACGGAGCGGCGGTAACAGTAGATCAGGTAAGGTCTTGTTTTGCGTGGAGCCATGCAGTCGAATAATGAGCAGATGTCACCAGTTCTTAACAATGCGATGCAATCCTCATGAACTTTAACAGAACTCCCTTCAATCGTCGTTCGCCTTCGGCTAAACTTTCGACGATAGCTCGCGGTTCAATTGCCGCTACGTATTTAGGACGTGGATCAGTCTTTTCGCGGGTGCACGTTGCCTGGTTCACCCGAAGTTTCAGGCGTGCCAACTTTTACCGCCGAATATATAACTACGTTAAATCTAAAGCTGAAATATGCAGCTAAACCCGCCGCTTTTCTACCAATGAGATCTTATACGCGACCACTTAGATCGCCCCAATCGGTATTGATCCATTCGATACTTAAATGCTGGATTGCGTGGCAAAAAGCTCAGAAAACTCTTTCTAGCCGTAGAATGTGTTGAGTTAAGTCAACCGTGACTCCGTAAGTCTAGTGGAATGCAGAAAGAGCCGTAGGGCGGAACAGTCCACTCCTCCATGTTTGGACGTCACGTTTCGCGTGTTCGGACTGCATATATCGGTGGAGGGGTCCCCCTATGTTCCGATGGAGCAGTGTTGCACTAAGATGTAAATCAGGCTTTTAGAGTATGGTGCGTTGCCCAGGCGACGAGCTCGGGGCAATATAGACGTAGCTTAAAAAGACTTCAACGCCCCTGAAAAAATTGTAA,1986,49.19,Arabidopsis thaliana
SEQ_221460,ACTTTAGATCAACTTGTTCGTGACTGTAGGGAAGCCGCTAAAGTCCTCGATCGAGAATCGTTAGAAACAATAGCCCCCG,79,46.84,Saccharomyces cerevisiae
SEQ_331915,CGCTATGGGTAAGATCTCATACCTAGATACTCCGTGACATAGGGAACAATGGTTACAACTATGCCGACCGGTACACGGGGTGCGTGGGCAGTAGTCCATCTTCTTGGTTTGCTTGACTAGTACCACCCTCTACTGGTAGTCAGAAGGACGTCAAATCATAGCCCGTTGATGAACCCCCCGAGCTCAGCCGTAGGGTTATTTTATAAAGCGAGCGACTACAGCTTTCCACGGCTTGGATAAAAGTGAAAATACACTTCTGTTAA,263,47.91,Arabidopsis thaliana
SEQ_857555,GCCCGGTGATGATTTGACGCAACCGTCGATCATCACCCTTTACTCCTAATCACTTAATCTTACTCCGCAGGTATAACGCGGCGGAAATGTAGGGTAGGCCGCAATAACCCTATTCTTCCGCTTAATTTCGGAATTAGAGCGAAATATATGGGATGTGTGGCTACCCAGGGGTACCGTATTTTAATCACATCAATGCGTCTTTCAGATGTCGGGAGAGGGAAGATCTGACGTCGAATGTATGATGTAAGCACTTAACTCATCCCTTCTCGCAATTGGCATGGTGGCCCATTCTATAGTGAAATCGCCTGGTAAAAAAGACCTTTTTGCAAGTGGTATTAGATGGTATTCTAGTTGATATAGGGATGGTCATATTTTCAGGTGGCAGAGTATCAATGGTGCTAACCTGTCATCGCACAGTGACTCTCACGGCCTAAGCGCTCCTGGCAGAGTTGGAACGGTAGCTATAACGAAAAAGATGCGTATCGCAGGCGTCGACGTGGTTATGCCTTGTAGTGTACTCCACGAAAGTATGCGTCAGTAGCTGTTCTGCTTAGGTGTTTTGTCAGTGCAACGGAACACAGCTAAGACCGCCATTAAGCGGTTGTGTGGCCGTATTTTCCGTCGGCCTCGGTGTTTTTCATCATGAGCTGGAGATGTAATCATGGCTTACGTTTTGACGCCCTAAGCAGCTCGGCCAGGAGGTTATGTTAACACGCAAGTGGTTGGCTAATAGTG,735,47.21,Homo sapiens
SEQ_379387,CGTTCGGTTCCATTTATTTCACAAACCGAATCAAGTGATTTCAACTACGATATAGAGGGGTATGAAATGTAACTCTGCGGACACGCCTTTCGCGCGATACGCGGGTTACTAACCTTGCAATTTTTAGGACCGCTCTCGCCCGCTACACTGGGGCTATAGACGTTGCGCCCCGTTAGGTTCTACGTGCCGAATGCTCTCGGTACCGGGGTCTCACAGCCTTAGCTCATCTTTTATGTTATTCTCCAGTGCTCCATCAGTAAACCACATCGCAACGAAGAGCTCGCGGCCGCGTGCCACATAGTTGCCTCAGAATATTAACCTCTACTCTGGATGCTGCTTACCTTGGATTCCGACTTAACCAACGATATTACGGTGCGACGTCTATAACCCCCGCCGTAAGTCAAGTAGTGTTAAGGGAAAGCGTGTGTCTATGAGCGCCGCTAAACTTCCGAAGACATATGTAGGGAAGATTACTAATCAAGTGCGTTGGTATTTGCTAACGCATCAAGGTTGATCGACCACGGTAAAATCAGACATGTCACAGGGTGGGTGAAGGTGCGATGACAAGTAGGGGTCCTCTCGTCATCACTTATATGGACACATCTCCCAACATCAACCGTCAACAACTTGGATATGCAGGTACAGGTAAGCTCGGGTAAAGCAGCTGATATCTTTTGCTCTCCTAATTGAATAGGCCTCGGGGATGCACCTATACTAAAGTCCATAACCTAGAGCCAAGACCAACGAAAGCACTGTCGCGACATGATCCCGACTTAGATAGCCGCTGTGTCCGATGGACTCCTATGCCTGGTGAAAGAAAGAAATTGTCGTTTAACATACAGTTCGCTTCTAGAAAAGCTCATCTACGATGCTATCCCTGCAAATGGATGCCAACGATAACCATTAACGGCTGACGGGGCGCTAGAGCTACCCCTCCATCAATACGATTAAGTCGTCAAAGTGCCTAGCTAGGTCATCTGATCTATTTGCTC,992,48.08,Arabidopsis thaliana
SEQ_936650,AGAGACTCCGATCACGTTTTGAATGAGCTTTGGTCTCGGGCAGAAAGACCAGGTGAGATTCGGACGTGAACCAAGTGGTTGTTTGGGCTCACGACCGGGCTAAGCGGGGATTCCATATGACCACTTTGAGTTGTGACGAGACTGCCCCTAATGTCTCTTTTCCTAAGCCCGGCACTTTACGCATTTTTTGGTGTCCGGATATCGGGCCTGACCGTGACCGCTACGATGTAAGACAGGGATGTCTTGCGGCCAGACACAAATTTAACACTTTGAAGAGTTCCTAAATTTGGTGTTCCGCTACCTGCCAGCAAAAGGCCGGCGGGTGCGCGCACGGATACGAGCCACGCATGCTAGATCATGACGAAACGTTTCGACTACAGTCTGTCTGCATTCCCTCGCCATCCCTCTGTGGTGAGCTCACTAGGGAAAGGGTCTTTTCCGAATTACTGCGTATATCTGGTACAGGGGACCAGACCATGTTGGACAAAATGCTCCTTGAGCTAATCGCCGCACATCCTACACCCGGGTAGCGGAGCAAGTGATGTCTAGGTAGGCATCCTGGGGTAAAATTCCGACGACATCAACGACTAATGTGATATCTGATCCACTAAAATATCAGTGCTACGTCCCGCAGGCTTGGAGCGACTGCCGAATCGTGGAATGATCCAGCACATGGACTTGGAATCGGCCTGTACCCCACGGTATTCCCGCAGTCCAGGGACCCCTGACATTTGCCGATATTGGCTCATCTACCTGGTGACCCAATCCGGGTTTTCTCTATGGCCAGAGAATTGAGCAACCATGATTCCCTACCTTAATTGCTGAGCCTTATGACCGGACCTGGACGCGAGTGCTTCGCAGGCCACCCTGTAATCGACCAGACTTAGAGGTCGCCGTTGCACGCTCGACGCAAAATCAGAGGACTGTGTTGTCTTCCACACTGAGTCCGCGGACGGGGCTTAAGAGGGTGCCCGTAAAAGTATACCGAAGCGCCTGCGATCCTACGACCGAGCGTTAGTTAGACGTATGTTTACAACGTGACGTTTATGGAGCGTGGCACTGGATATCTTCGGTATCTTGGGGCTCTATAAAGTCGCGGCTCGACAACACTGCGTATTAAAAGGTCCTCGGAATAGCACTGTCCCCCTATTGCCTACGTTTGGCTGTTATTCACATCGAAGGAGCGCCCCAAAGCGTAGAGCCACCCTTTGACGTAAAAGTCATCCGCTAAGCACCATACACATATAAGTTAACGCAGAGGCGCAAACACAGCGATCCATCTTTTCCTGCGCATCTGGCACTCTATCAGTAAGCGCAGATGCGGGCTTGTACTGGCGACGACAATATAAACTATTTTCCGAGGGGATGGAGGACTCCGAAAACCACGTGCAAGCTATAGCAGGATCTGTTCTCCCATTGGGTATTAGTAACGAAGTGCTTTTACGTGTTGTAATTCGTCAAATCTGCAAAATCTTAAGGCTGAATACTTATATACACCGTTAGTTGTGCCATAGTGGGTCTGTAGTTTTGGTAGGCATGGTGGCCCAAATAGCAGGGATTGAGTAACGGTCGACAGTGGAAAGTTATGCGACACAAGCTTTCATTACAGCAACCCTAGGCTATATGGCCCATCCAAGAAACACATCGTAAGTAGGCGTAACTTATAAAATGTTTTCAATGTCTCTACCACAGGCAACCTTTGCATATTTCTAC,1713,50.09,Mus musculus
SEQ_777566,GTGCAGAACGCGCACCTGGATAGCTTAAGGCCCATTTGGGTTAGTGGGATGAGCACAGCCACTGGTTTTACTAATGCTAAAACAAACGTGGAGGGAGCCTGGGACCCGAAACGGACCTCAAGGAGTCCTGTCTTACACTGCGACCAGAGGGGGCACAATACTATCTGTCATTCGCCGCAATTAATCCTGGTCAAGTCAATGGACTATACTGCTACAGCCCGGAGGAGGAATGAGCGTATATTTAGCAGATGCTTCTCACGGCGGAGAGGGGTTGGAGATGCATATGAAACCGCACTGAACTTCTACAGGTCACTGTGCGGGCCGTGGAGTCGCGAATACACTCACGACTGTTAGCGGTCGCACTACAGTTCAGTGAATGTGAGGGTCGCTGGCTTTTCAACTGAATACGAGGTCGCAACTGCTGGAGCTAAGCGGGTGATAGGTTGCACCAGTAATCGCTGCGTCATGATCACAGTACTGTCGGCCTCTGCACCGCAATTCCGCGGGTAGGGACCTGGTTCTTATCGTACGACTACGGGTAACTTCCGAGTGAAGACGCTCCGGCGTCGCGGCAACAGGCTCCTGGCCCCAGCTGAACAGCGATTTTCGTAAGTGTGGAGCCGACGAGACCCCTGAACTCCGAGGTCAGAGGTCGAACCCACTGTAGGCTCAAAGTATTCAGATCAGGATAAGTGCTTACAGTTGCAAGACCTGGTATAGTCTGAATTGATCAGGTGAAGACCAGCCCATCAACACCGTGAGACCTATCTGACTATAGTACCACTACGCTCCCTTAGCCGTACAACATTGATAGGCAGCTGCTTTATTGTATCTTTTGCCCCACAATTGAAAAGAAATCGACAAACGGTGTGTTAGTTTGTTATTAGGCAATTTGTGAGGTACCGTGGATACGCGCTCGGCCTTTTATTTTGACTCCGAGCAGTAAACTGTTCGGAGAACTGCTCAAGCTACCAAATATAGGTCTGCCTGAAAATAATAAGGAGTTTGCGTCGGCGCCTAGACTACTGAGGGCACACACTGAATGGAGAAATTTACCTTGATGGACAATACCTGAACATGACCAAATGTGGATCGGGCACATGCACTTCCGCCCCTATTAATAGTGGCAGTGCGGAAAACTAATTTATGGAACCAGTATATTCAAATTACTTAGTGAAGGCAGTTCGACTTGCTCAAACGCTAGCGCAGTTTGTTTGGAAAAGCGGGTATGTACGTAATGAGCGGATCACCACAAGTGTTATGGTGCGGTTGCTTCTCTATCTCCTAAACCCCTAGCGGTTTTATACATACGTCATCAGGTGGCAGACCTCCCTTCGCTTCAAATAGAAAGAAGAAGTAATTAGGCAATGGTTATTTTCTCATGAAAATTCTAGACCTCGATCGCCTTCCATCTGCGAATTGATTAGCGCGCGGCCATTGCCAAGCTGCACAATAGATACTCAATTAAATCAGGCCAAGCACGATGTTTAATGTACTCGAAAGTGGCCGATCCACTTTAAACCGACCACCAGAACAGTCAAAGACTATGGCGGTTTGGGGATCTTGTGCCACTCCTTGGCGGAGAGGCGACACCAGGAGGCCGGTGTGACCAGCAATTAGAACTATTGCTTATGTATCAATGGGTGACGGTTGATCAGGCGGACCTAGATCCGGTATCGCGTAAGATTGCACTACGAAATACCAAGAATGCATCACCAGTTCACAGGCATGAATATATTGATGCGTAGCCATCTGTTCTGATTCATGGCTTATCGGAGACCATCATTTTATGGATGCACGTGCAGGTTGTCCACAACACCTCTTCGGCCCTCAGTGGAGGTCCTGTTATGGAGT,1854,48.92,Caenorhabditis elegans
SEQ_407678,CCCGCAATGGAGCACTTGCCTCACTGCAAATAGCAGACACATATGACTAGTTTACCTCGGTTGTGCGTACGAAACCTGGATTTGCTGGCCCTCCCCACAGCATTCGCCTTGCCCTAAGCTTGCACGCTTACAGTCAATCTACACGCGGACCATCTGCAAGGAGCACGTTTCGGTTCTGCTTCTTCAGTAGCTCAGCGACACATAGAAATGTTTCTCCAGTTCGTAAGGATGCGTGTGCTACCTCGAT,247,51.42,Saccharomyces cerevisiae
SEQ_343735,CTCATTTTCTGTTAGGGTATTCAGGATACAAGGAAATGGTGGCCGATCTGCCGTCGATCGAGAATCATATCTGGTCGCACCGTGACTGATCAATCTAGGTGACTGTTCATCATGTACCTGCTAACCTGCTTCCACAGGAGGACTTATGGGCACCTAGGGATCTACTCCCATATCGTAGCAAATGGGCGCTAATATTATAGTTTACTTAAGGATCGAATTGCGCGTTATTATAGGGTTTTAGATAGACTGACAGTGTCTTTAACGATCAGTCCTTCTTCGAAGAGGGTGTTTAAGTATTATGGAACCGCGGGCGAGTGTGGAGGGACTACGGCTGTGGGGCGACTGATAGGTGGAGCCATTGACGTCCGGCTAGCGGCAAATCTGCTCTAAACTGGCCCAGTGACTTACAGACTGGCACACAACAGCGAGTGTTTGGACGCCACGGTAACTTTGCGACCGAATCTAAAGTCCGACAGTACGGGCCTTCCTCTGCCTCCCGCGATGCTGCCGGCAGAATGTGATGCCGCCGGGTATCGAGGCGGGAACTACAGGCGTGTCCTGTCAAACGGGCGTCACGCGAGGAAAATAAACTCTCACGCGGTTTGGGTGATCCGACCTGCGGTGATAAACTAGTATCATCTTGACGTAGAGGGCAAGCACTGCAACACACGGCGGCGACCAATAACTGTCCGTAGATGCCTGGCGTAAAGGAATATCACGATCAGATCGAGTGATATATTTCCAAGAACTCCACCAAGCCGTCCGTCATAGAGGGCCCACATTGTCGGCCTCAGTGAGTCGACTGAAAGCGGATTTATCTTCGGCAGGTGTATGGTTGTCTCTGAACTTGAACGCTATGGATGCTGGACTTTTTACGCGCCCGTGATGCCACATCCCTCCCTACAACAGT,910,51.32,Arabidopsis thaliana
SEQ_305149,GCTTCAATTTGCGGGGTAAGTCGACAGCATAGATCCGAGGCGTTCACTAATCGTTTCGCCAAGTCCACATTACGACCATGGGGGGGGTGGTAGGTGCACCTGTGGCCATGGCTACACAGTTTAATAGTCGTGCCGCGAAGCATATCGGAACGCCCGGAGCTCACCCCGACAGTTTCCGGCGATGTTCTCTCTACCGAATATTTTGGGAAGGTTGCGTCCGGTAGTGTCTTGATGTTGTAAAATTGTCAGATACAGCACTGGCAAGACGTCGGACACACCACATGAGCTTTAAAGCCCGCTAAAAGTAGATTGTCATCTGCCACTGTGGTCCCCGCCCGTAAATATTAGGAAGCTCCAGTATCGAACAATAACATTCCCAGGCATCGGCCCCGCAGGAAGTCAACGCTGGCCCAGGCGACATAGCATGTGCTCCGAATGTCGTATGGGAAGCACTTATACGTTTAGCCGGTCACAGCCTTCTAGTCTGCGCCATAAAAATCCGGCCCGAAGGAAAAGTCTAGATACGCGCCTAGGTGGTAGCACAACCTGGACTGATCCCTCCGTGTAACTCTAAGAGCCCCTTTGTTGGAGTGTTCTTATACAATGATGTTCCTTGAGACAGAGGATTAGTTGGGGCTCCAACCCCTAGCATTTCGCCACTGATTGTCAGAATAAAAAACGTTAAAGCACTTTACGAGACATTCTGACATACTACGCCCCCCAGGTAGTCGAGACGAAGCCCTCAATCGCCGCCCCAAATCGGGGCTTGTCTAACAGTCCAGATGCT,787,51.33,Escherichia coli
SEQ_112957,GGTGCGTCTGAGGGCGAGACTCGGATACTTCTCGAATAGACGCACAGCTGGGGGGAGTCTTAGGTAGATGGGGCTCCCCACTCCAGTTCTTAATAACCCAACGTTTAGTGCATGTTACCATCCAGACCAAAGAGATTGAAGTGAGCGTGACGCCAACCGCACATCCATAACGGAGTCCGAAATTGCCCTAAAACAAAATACAAAGATAGGTCGGCGCTACGCGCTTATGGCATTGCGCTGCCGAGGATCGTTAATTGTCTGATAACCGTGGGTCAACGTCATTCTATAGTACCGATAGTCTGGATGAAGGACCGAACGCTTTGTTGCTTAAACTTCTGGCTGCGTGGGCCTGTAGCGGTGACAGGCACCCAGGAATTGGGGATGCGTAAGATAGACGGGCTGGCACTCTCATCCTGTCAAAACAGACTCATTCAAAAGTTCCCCAAGCTTCTGGCAATCCTCATAGCTCTCCACGAACCTGTAACTCCCTTCACCACTCAGAAGAAACGAATGTACACGTCTTTCGCAAGAGGTTTAGCTCTTCCCG,547,50.64,Homo sapiens
SEQ_657911,TGGAGAGGGCGCGGCCGGGTATCATGGCACGCGAATATGATTCCGAGTGTTCATAGTGAGGCTTAGTACTCCCGCAGTATGATACGCTCCTCAGGTTGTGATGCACACAGAGGGTCATGTTACCGAGTTTGTAGTCAAGGCACTCCCGGCATTTTCGGATCAACTTCGCCGGTGCCCGGTCCTCGAGTATGTGGCTTGCTAAGATCTGACCACCTTAGCAAACAGCGACAGTGCAATCTTACCACGAAAGGCGATGCCATATTAATTTTTTCTCCGACTATAGGCATTCGCGACTCTTACACCCAGCGTGGTTACTTGCGCATCTGGCGTTAATGAAGCAAGAGGCGCAATCATTGACACTGGAGCGCGGCTGAAGAGTTGCGGTTTTAGTTGTCACAGACTAAATGCGACCCTAATAAACATAGCCAGGCACATGGGAGCAAGATTGAAGATATCTTAGTTGCCAGTCAGGGACCTATAGGCGATATCGTACGCTGGACAATGTAATGCCGTCTTGAACGGACGTATGCAGTCAACGTCGGTCCCATAGGCTTCAACTCTGCGTGTGAGTCCCATTAAGCGCTAGGCCTAGTACAGGAGTCATGCCCAACGAAAGCTTTGATTGCGATTTGACGAGGCTTATTTGGAGCCTATTTGGTCACGAAGTCACCTCCCCGCCTATCGCCACGGTAAGCTTGCGCCGCAAACCGAGGGCCCGTTATTTCTACTACGTCCCATCATTCATGTTCCTACAACTAGACGATGTTTTCAGATGCGCGCGTAACATGATGTTCCCTTGGTGCGGGGGCGTCGTCTTTAGCAGGAGACCTCCTCCAAAGATATCAAGGGGACAGCCCTATGTCTTACATTCTTTTGGAAATAGGTCATATTATGCGAATCGCCACCCCAAAAAAAAACAGTGGCTGAGCGAGTGATCACCTTTATTGATTATGATAGTCAACCCACACACGCCTTCTGATCGCGGCGCCGATCCACTTGTACGCTGAGCCGTTTGTCCAGACTCGCTTGTACCATTGCCAATCGGTTCCGACGTCGTTTGAATTGGTCCGGATCGAGTGAAGAATTAGGATATTAGAGAGCATTCGTTTGCCAGCAGGGCCCCCCATTAAATGTCCCAGATACGGACGCCCGCAATACTGGGCTCTGATCCGCGTAGACAACCAACGATAGAGGCTACAGGTTATAACCCGCTCTTCCAGCACGGACTCTATTTTAAGGACTTTCATTATTTGACCTTGTGCTAATTATTAAGCGACTTACAAACTAGGCA,1291,49.81,Escherichia coli
SEQ_375533,GAACCTATAAGTCCGTTCTCATACTATATCTACTATTCTAGACGCTGGCCTTGTACGCGCGTTATTTAGGTGGACCCGGGTGTATTAAGATGATTGACCATGAATACCAATCACCGCCCAACAACGAGAGCCTAACCCTCGTTCCGTGCATCGATATGGCACTGGGGTTCAAAGATTAGGACGATTCTGTGTGAAAGAACGTAAGAAACCGCTAGACCGCGCATGCTCACTGTC,234,47.86,Saccharomyces cerevisiae
SEQ_142283,ATTTAATCTGTTTAATATCCCCATCGGACATCGGTTTACCATCGGATATCGCTCCTACTGGCAGGAGTAGGGGATATGCACTTTCTTTAGCAACCCGTCGGTGCGAAGGCCGGTTCACAAAATAGATTGTTTGCATCAGATTCCACCCCTTCCCACACACGTTGCTCGATCCACTACCCGCCACTTAGTGCAGGGTACGTGTCATCCGTTGCGAGAGTTGTATCCATTGGAGCTAATTTACTCATGTTCTGATGCTGCAGGTAGGTCCTGCAGCGAGTTACGGCAGCCTGGTGGGGAGCTATCTGACACCTTTGACGAGTCAGTCCACTGTCCTTGTTCGGTAGAACCACTAGGAAGGGATCATCGTCGTGGTGTTTGCAAGGCCCGGCCTGAGAAGTTAGTGGCCCAATGAAAAGACGTCTGCTCGCCTAGGGTTCTCTAACAGTTGGACGGCCTAGGAGGGACTAGGGATCCCCATGATTAAAAAGCTGAACGCACGATAATGTTAGTGTTTCGCCTGTGTTCTAGCCACCAAGCTGTCATTGATAGAAATCAGATTCGGCAAACATAGACCAGTATAGGAGAAAGCACGTGCATAGTACCGGATAGTAACAACTAGCCGATATGGCTGCCATCCATGGTCCGTGTGGGTATTTGCACATCCCCAGCTTTTTCCAGTGATCCAGATGGGCAGACGGTCCCGCCTCAGTCTACCGATTTTATTGAGTTGGTGCCCTAGCCTGTCGATGGCCCCGACGACGATCCCTAACACATTTAGGCCTACGCCCGAACTTAGGGTGATCCGCGCGGAAAGTACCAATACCTGCAACGAGAAGTCTCGCTCCTCCTCGATTAAGGTGGGGGAGACAACTGCGGTTCGTTCGCTCCGGACGCGCGGAGAGAGAGTCGTCTCAGGCTTCAGATTTAGATGCGGATAGTTCGTAGACGTAAAGAAGTACACTTGAACGGCGCTAAGCGTGTCGGCTTTGGTAGTAGTGATGCCATCGAGACAGTTTCATGTCGCCGCGGGGTTGAAGGATCCCTAATTGACAACGGCGGTCAAAAGTCCGCATTATCTAGTATGGTATCTTTTTAGGTCCTAACACCCTTCGGACGACAAGGCACAACTT,1130,51.24,Drosophila melanogaster
SEQ_376607,GTGCGAGATGGGGGAGAGAGCTTCGCGATCGTGTAGTTAGTAGGCGACCTTGGCCCCCTGCAAGCTTGCCGAGGTTAACTCTCGTCGCACGCGACTAACACCAGGGAATACCACGGCGCAGGTTGTCTAAATGTGTTCCCACATAGATCTTCATCTGTCCGAGTGGGTAACAAGCAAGATTCAGTCCATGTGGTCTCAGCGACCTGATTCTATATCTCTACCATTGGCATCGTCCCAGGCCTTGATATGCCACAGGTCCGTTTCTTATTCTCATTCCTTACTCTTTAAGGTAGGAATTTGCAGTATCATCCCGGGCGCCCATCGGAAGACACATTTTGCGGGTAATATCATACGCTCACGGGCTTCCTCGTCAAGGTTTAGTCCCACGTCTCCCGCACCGGCTTTTCGCCATACCAGGTGTAACAGCGGACCATTGGCAAGTTGAGGGCTTTAGCTCAAAGTTAAAGGGGCCGTGATCTTATCCTGATGTAGCACTTAGGGATACGCTTACCGCCTCCTGTATTGTGTGCACTGACAATCCTGGCTCCGTCTGAAGTTCGTGTTATAGGAAGGTAATAGTCTAGGCCCCTGGCCGTATAACGTTTATACGATTCCGTTACTGACCTACGTTGTCTCATTAATCGTATCGCGGCTAAGACGTGAAGTTTCCTGGCCTCCGAGTGGATATAGATGTATTCGGACGTTCGCTTACCATGCGGTCTACACCTACTTACTAGAGAGTCTCTTTGCTTGTGACGCTATATAGAAACGTTCTTGCTACTAGATCAACGCTAGTCTATTAATGCGGCGCGTTCGGACCCACTCATGGAAAATGGCGGACGGGCACTGAAGCAGAACGGGTTGTTGCCACCATCACCTGTTCTGCGCCCATACAACTCGCTTTTCCGCTGCTTTGCTTCCAAACGCAATTATGATTACTTCCTGTTGCCTGCTCTAACCCTCCCTTATTACCAGCGACCGCAGTATCAGCACCGGAGTACCCTATAGCAAGTCGAGCCATTTATTTTAAAATACAGGAAGACTTATTGGTTCTGTGGTGGCGACAGTAAGCCGAGAGTACTAACTCGTATAGCTCCGATAATTTTCGCGTATTAGGTACGGGTTTAACGGAATTGTACACGGATGTTGCAACATTTATAAACCACGTCAAGAACTCTGGCTAAGCAGGACTTGTTTCCCAAGGGATCCAGGAGTGGGTGACCCAGTCTACCGAATTTCATCTTGTGGAGCTGGCCAGAGAGGGCCCGTAATCACATTTAAAGCGGTCTGGACTAACTCCTCTTCGCTTGACCTCCTATCCAGGGGTTATTCGTAACGAGCGAAGTTCAGGTGTTAGCCTTTCGGACCTACCTAATATTAGAATAGCCCCCCATCGACCCGGCCGAGTTACATGCAGAG,1419,49.54,Arabidopsis thaliana
SEQ_110687,CCAAATACAAAGGACGTGTGCAGCTCCGATTCCTGCATGTAGTTCCCGTCGCCAATCGTTAACGCTCAATGGTCTTGCTCAAATTGAGGCGCCTTTGAATCTATCTAAAATCAATTGGATTGTAATGACCTGCCAGATCGTTAGCCCTTCGTGAAAGGACCAGGCAAAATTAGATACTATCCAGCGCTTCAATGAGGATAGTCCTCAAACACTAATGTAAGTCACATCCAAACAACCAATATCGCGACCAGCTCGGACTAATGAACGAAGTCGGCTCAACTCGCTTTGCGGCATCTGGATATTAAATCAGGAATTGGGTCCGAAGTTAAAGATAATGTGGCCCCGGATTACGTGCCTGATGCCCATCCTTACCATTTCCAGGCGTTCATTGAGACGGCCCATACTAGGCCCGAGGGATGTGGCGGATGCCGTATTACGCGGGTCAGGCGCGATGTCCAGTTGTGCTGTAGTCAAGTCCGGGCCTCGCACACGGAGATACCTAGAGTCGCAATAGCCCATTTATCAAGATAGGCAGTAATTAGGATCAGGGTCGGGGTTTTCTCACCCATAACCTGGGCCTCGAGCGTAACATAGCTGAAAAGGGCAACAACGGCCCGTGTACCCTTCAGGCTGTACCATCAGTACCGCTTCATGTCCATTCAGTGTATGGCGGCGATTTTTTCGGGATGCTACCCCTGGTAGCTATTTGTGCCCAGTATCCCCTCAGGTGCGATAACCCCTTTTCTACGGCAGGTTTCAAAGAGTGTGTTGTTTATATCGTTTACCACAACTTCTGAAAGCGCTCATGCGCAAAGCCGACGTGGGTGTGTCTCAAGCCTGGTAATTGTAAAGCAAGGGGTATCGATACACACTTCTGCTAAACAGATCCTTGCTGATACATCATTCCACAAAGCAACTTTCAGTTATCCTGATAGGGATTACGACTTCTAAACGGCAGGAGTAATGTAGACCGTACCCGGCGCACGGAAATGATCGTCGCTTCGTGCCCAAGTTCCTGACTGAGCGTTTTCATAATTCTAAGTACGAGTCCCGATCGGGCCTATGCGCGGACCCACTATGGTCATTGCTAAGACAAGTGAGGAGTGCTGGCATGGGTAACCATCGCGGCATGGTTGGCTCCGATGGCATAAGCGTCCGTTAGCTACCCAGTGCAGTAGCCACGGTGTCTACCAGGGGAAGTTCCCGGACCCCTTCACCGTCTGGTGTAGCAGAATTGGCCCTCGACACTTGGTAGTCGGCAAGTCCCACGGTCAATATACCATGCAGTCA,1290,50.47,Caenorhabditis elegans
SEQ_392895,GTGTGGATTCGATGTCCGCCAGTAGTACATCTCAGGAACGGAACCAGTGAATTAGCAACGCTCTTTAGCGCATAATTGGGCAGACCTAGCTTTACTAGGTTACGACAACAGGTTGTCAGGCCAGGCGCGTCTGGAATACCAGTCCTCGTCGCTCCTACGCCAGACCAATGACACGATAAAGAAGGTAGGTGTATATGCGACTTAAATGTAGAAGGGGTAAATGACTTAGTGCCGCTGGGTTCTCAGCTAGGTTTGCTAAAACGACTTGGTGATGGTCCTTAGTGTTCATAGATCCCTCCGCGGGGCACCAGCCAGAAGCTCATTTTTGCTTATAAAGCGCGAACCATACTTAAGTATCCCGTCTTGGGATTTCTTACATTTGAAAACGCAACCGAGACGTATGCACGAGCCCATGTAAACGGGCGTGGACATTCCTGAATTGCCTCGGTGATGCTATAAGGGTCTACGCCAACTAGGTGCGATGGGCTAGGAAACAACTAGCATTCACCTCGCCTTTCAAACGACAAATCGTGCTGATCCGTTTGACGCCATAACTTCAAATTGGTGGATAACAGCGAGGGGGGATACGACCAACCCCGCCGAGGACTAGTATCGAATATGCATCTTAAACACTTGACGGCGGCATAATTGGCACCGTTCGGGACCACCTCGAACGCTAGAAAGAGCTCATGTCCTTACGGCCCGCGAAACAAA,714,49.72,Drosophila melanogaster
SEQ_177883,CCGCATATGATGACCAGCGATTGGAGCTAAAGCGACGAATTATGATACTTCTGCCTCAAGGTGTCCTCGCTCTCAATTTTAGAAAATGACAATAGGCCTAAGATATATCGGACACTATCCAGCCCGACCCGCAAAGTCTGGTGGGAGGGTCTTGAGATTCTGTATTTATACATCTTCACTGCGCAAATTGAGCGGCAATATTAGAGGTCTAATTGAATCACGTGGACGACGGTGTGCTCGCTGGGGGCAATGGAGTGGTAATAGAAAAGCCAAACGGTACCCTAGGGCGAGCAGAAAGATAGGTTTCCCTCTGGTAACTCTGCGTTGGAGCCCCAGTCAGAGCCTGCATGTCATGTTGACCCAACCAAAGTTGGGTACTCGAGAAGCAGCCATTCTAGAAACTTGGTCAAGGCCTCCTAGGACCCCGCCGCATTATATTCTCGAGCCCGTTAGGCCAGATGAGGGGATAGCATGTTTCTGTTTGAACGGTAGATTCCTGATCTCTATTCCAGAGGGTTGACCGTTCTAAATGAATGAGAGCGAGAACACGCTCGAGTTCGGTTGACGCATCGCTCCCAGACATTCTAGGTGCGCTGGTGTACAACATGCTAACGGCGGTGCCGGTACCCCGGGGCGCGGCAAGTATTGATCCTATACCCGTGATGCTATAAAAAGCTTTATAAAAGAATTGCGAATTGAAAACTCGAGGGCGGGGGACGATTCCGGTGGTGTACTTGATCGGAACTGGCCCACATAACCTGACAGATTCGAATCCTCTGAAGGTTTAGACAAAGTCTTTTGTGTCCCGAGGAGAAAAGCGCCGCTAGCAGTTCAAGGGTGGATATGAAGCGCATCGCGTTCCATGTATTTTCCGGTACTTATTGGGGAGCGTTATGATCCAACAGCCTACTGGGAAACTCACCAGCGGTGTATGGCCTTGATTAGTAGAGACCAATTCAGAATTGGCTCAACCTCATGTATCCCCCAAGAGTACCTGTTCCTTACCATCTAGACATCAGGCCTACATCTCATCATTCACACTGACAGTTAGGAATGCGGGTACATGCTATGGAGTTTTCCCTGAACGAGGCCCCCCCGGCGACGAGAATCAGAATACGTATACGGGAGTACAGTTATCACATACCCTGTACTATGCATGAGATCCGTACCTTTTAATCTTGTGGCTGTCAACTTTAGTCTGCAGACTCTGAAGCGGTCTACACTAAATCGGTCATATTCGCGCTAGCTCCCGCCCGGTCCAGGCGCATCTCACGCTCGGGTACGCCTCTGGTCATATTGTATGTAAGTGTCCATTGTTACGTAAGCGTAGGGCAGGGGAATAAAGTGGGCTTGCTACTCGCGTCGTGACGCCCGCGCTGTTCTGAACCGGAGACCATGTTACCCCGTCCGGTGCTAAGATGCTTGTCCCCCTGGACTTCGTTTAGCCAGGGAGAGAATGCCAAAAAGAACAGTCGTCCGCCTTGAATCTCAGGTAAGCTGGCAGCTGATCGATCCCTGCCCAGTGAATGAGATCGGGACAGGGCCCACGCCTCAGAACATCTCGCTGTAGATTGAAGTCACACGTCCAGTTATGTCACCAGCGTAAAATCGAAACATAGGGTGCGATTCCGATGGCAGTGGGATTATTGCGACCGCCTTTGAATCGATGCCCAAATCAATCCACAAGCCCTGACGGCAAATGCTTCTATTCCCTACCTACAGATGCCACTGTGGTACCCCCTGTTTTTCTATTATCGCCCGTAGTTATGTCTGCCGTCCCGCATTCAGTGCTCTCGCAGCGGCCACTATCCCAGACCCCGGCACCATAGGGCTTTTTTGATGGTGGACCACCGTGCATGTCATCCTCACGGACAAGGGCGACACTCAGCGAGTTGCGCGGAGTTG,1905,51.13,Drosophila melanogaster
SEQ_146759,ATGTAGTATACAGCGCTGCACCCCTGACTCTTGGGGTTCATGTTTGAGCCCATGCTTCAACGCAGCTCCACCTTCCTTGTGGGCAATAGTCACCCTGGTCTGCTCGGTGTCGGCATATGCTACTTCGTGAGAATGCCTCGTACCAAAAGACGGCTTCGAAAAGTCTCTCCTAAATGTTGACTCTCACATTCTCATAACGAGATTTTGTGAAACCCATTGCGACTCCAAAGATATTGTGATGGTCTTCACATTGGACACTTATGCAGTAAGGGCTTAACCTTCTTACGTTGCCATTATGGGACCCTGCTACCCGTCTTCGCACGAATCCATAATCCATGCAGTTTTATCTTCTCACCATCAATTAACGCAAACTATGATCGATCACGCAAACCTAATACGGTTTCGCTCCTTGATTGTAATGTTAAATGACGGACGAAGCGATCTTGCGAAGTGAGGTGCCAGACGACGCCATCCTAACTGGTCCTATTTCGTGGATAAAACGACACTCTGCGAGATCATCGGTTCAGTAGGACCTCATCGTGTCGTGTGGTTGGGCTTATTGACTATAGTTAAGGAGTACTCTTAAAGACGCAACGTCTAGGCGGTAATCATCTCTGGTCATTAACTGGACGACTGAACCTAATGTGTCCGCACTTGGGCCCCTCGCCATTTATGGGACTTCCAGACAATGTCTAAGGTATTATTTTTCGCGTTGGCATCATTGTCCCGTTTATAGGTGTGGAGTTGCTAGGACATACAACGAAATACTAGTATTCCCACCGCGCTCATGAATACCTTGCTGGAAGATCCGCTTCCAGATGTGTGTGGTTTCCGCCAGCGACCAGGATGGGTTGAATGATAAGAGTCATTGCACAGGAGCGACTTTTATGTAAAAGAACCAGCCACTTGCTACGTGCGAAGTTGCAGAGTAACCGAACATCCGTAGGCCGATCTGAGCTGAGTAACGCCATGCCGCTTTGCATGTCGCCTGGGCTGGCCTACGCCGGTACCGCGCAAGCAGGTGGTATGAGCGAACCAATTCGAGAGTCTAGCGGGCAGAGTCGTTTATGTTGAACTAGGCTACGCTTCCCTCTATCGCTCCCGAACGGAAAGTTGACGGCAGGTTAGCTGTGTGTCAGAATTTCACTGCTGGCGAAAATGCGGTACGACGGTAGCGGCGTACGTCGCCAGCGCCTACGCCACTCGAAGCCTATAATGAGGTCCACTTTTTGCCATAGCGCACTAGCAGAACGGGGATGTCGAATAGGTTGTGAGACAACTGCTAACTCTATTACCAGGTCGGGGCCTTGATTTTGTCCTACACAAATTACCAATACAAACTAGGTTGAGATTTATAAGATAGGATCAGCCTCAGATGGGGAATTAGTTGAGATCGCCAGCCGGCAAAGCAACTGCGATTGGCGCAGTAGGATCTCACCTCAGACGTATTTACAGGTGTTAGCGTCGGTATAGCCAACGAGATAATGAACCTAGGACGAAGTTGGCAGCTTGCGATCGTAGAATCACCAGGGGGTTGGGCCATAAGATTCACGCTCCGATAGACATTAACAGCAGCATATGCGCCACGTTTACCAACCAGGCGATATAACAATAATGAGT,1620,48.77,Drosophila melanogaster
SEQ_524190,TGTTAACAACTGTTTTAAAATCTCGGCCTCGCCCAATCCACGATAAGGAGGCACGCATGTACAGCTATCAGAGCCCACCTATGCCCTTTAGTTAGTGTTACATTAAGAAGAGGCTCGTAAAACTCCGGCATGGGGATACAAAAGTCCTTCCCGGCGGCAACGTGTCGTGAACTAGTCAACGTGCAATGCCTAGCTCCCGGCATGATCGGAGGAGCAGTCGGCTGGACTTCCAGGGTAGCATCCCAAATGTCGGTTACCGAGCGCAGTATCCGCACTGATTGTGCTCTTGGCTGTACTAGAGGAGGTACTTCTCCCAGGAACGATGACATGGTAGATGGTTAGTTTAACAAGTATCGATTCTATGAATTCTCGGCAATTTCCGTAGCGAAAAAACCATGTACTGCGACGGGTGTATAAACCCAATGCTGAACCCTTCTACACCGGGAAAATGTCCTAAGGGCCCCGTATATGGCCATGTAGGCCCACCAAGCACTTCACCAAGAGCCTGATATCTCCAGCCTCTGTAGAGGCTCGTGGCGTTCACATGCGCAGCGTTGTCTTTTGACGGATATTGCCCGCTAACAAGGCCAGGGTAGTTACTTCATAGTAAGAGTCTGAGCGACTCTATGTTGTTGCATCTCAGATGTCAGAGGAAGGGGTCACAACAAGGCTCAGTTCAACAACAATATACAACTTCTTACTGATAGAGACTTTTCAAGGAACCATGTTACTCCAGACTCTAGCTTCTATCAAGGACAGAAGAGGTTCCGGGTTCTTTGAGTGTTTGCCCAGTTGTACTTCTTATGCCTGATACGCACGTACTTTAAACTGACGGATTGCGGGTTATATAGGAGGGCCGACGGGTGCAAGCTATCCGCGACAAGATCACGCGCTCCTACCACGCGTCCAAGGCATGCACTCGGCATGTCTTCACACTGGCTATCTCAGATGGGACCTCATTCATCCTACCGGCTTAGAAACCAGGACCGCGGCCTTACTATTGGCACTGTGTATCAGCCGGGGTGTAACATGACAGCATTGTGTGTGGGCCAATGGGTCGCTATCATAAACGGGGAAAATATCCTGCAAGCTATCGCCGTGTCATCAGACGTCCTAT,1117,49.87,Homo sapiens
SEQ_780253,GTGTTGTTCTTGCACCCCTGAAAATAAACCAAGGCAACTATCGAAGAACTGGGGATGATAGAGGAAGCGATGGCCAGAGCAAGCGCCTTTACCTCTAATGCCCCCCTGCTCGTTCCCTAAAAAACTAATTCGGGTTGCGCGCTGCGTGCGCTAGGACAGAAGCCCGGAATTTAGGCCAGTGGATCGAGCATGGGCCGTATATACAAAGGAAGTGTGAATTAACGATCAACACTATAGTATGGGGTCACATATGCAGGCATGCTTGTACAACTTTTTAGCGCGACTTTGTTGGTGTCGCCACAAGCTTGTACTCCCTAAAGCGAGGATCGAGATGGACCTTGGGGCAGATGGTCCCTAGACTGTGCGATTAGGGGTTGTACTTGGATTTCGACATTGAGTTCCAACGTCTCTCTGTGTATTGACGAGATCGTGGGAACCGAGTCTGCTCGGTCTTAGAACTTCCGGCCTGTCGTGAGCGCGAGTCTGTGCTCACTCTTGCGATATACGGACCCTTGGTTCACCTCTCTCTAGTCCGAAAGACTCGAATGGTGCCTGAAGTTCCACACAGTACAGAAAAGTAGCGTTGGTTCTTCTCGTCGCTACGCCTCGACTATACAGCGCCAATCGACATAGATAGGGGCCTAAGTGTCGAGTGGTGTTTCCGACCTTCCAGAGTAACTATCCCGATTTCCTTGCAGGTTCATTGTCTTGCGTGATGAATGTCGCGCCATCCGGGACTAATCCCACTTCACGTACCATGGCGTATCCCAATAGAACTATACTTCTACATAGTCGAACATTGTAAGGTAGAAACGGTTAGCAGTAAGGTTAAAGCCTCATCGATACAACTTTGGGTGTATGCAATTTAACCAAACGCATAGTGGCATGCATGGATGTTTTCGGGTAGGGGTCGATAAGAGAGCGGTACTCTTATACTCGAGTATAGCGCCGTGGAGCAATGGTAATTTTATGTTTCGGGAGTTGCGGCATCGTCCCGTCTGTTAGACTACATCTAGCAAATCGACATTTGCTCTTCAAGCCAAAAGAAAGACATTTGTAAATAGCCGGTGGTAGAACATTCGCGTTATACATATACGTTACACTAGCCGTAAGCGCGCCTGCCGAACAAGCTAGTACTGTTAGTCCGTTAAGATCAGTGCGGTATTTGCCACCACCTTCAGAGACAACAGTAACAGCTCCGATACGTCACGGTTAGCCTTACCTTCATGCCTTGGTTTATATTAATACTTACCTTAGAGGCGTGTTGTGCTGGGATGACCTGAGCCGGATGTGGATTGCATTGTTCAAGCCAATTGAAGCTTATACCCCCGGGACGAACCGGCAGACCCCTTACGTATCATTTTCTCAGCTGAATCCGCTAAACCAGGGTCAGCAATACTGTGTATTCAATGATAATTAATGCTCTGAGAACGTCATCAGCTGTTTCCTAGTGTCAGTCGGGGGTTGAGCGTTGACGAGGGCCACAAGCGGACCCGTTGTGTCAATGAACGCGGCACCATATCTACTGTCGAGCCAGTTTCGAACTCCTTTGGTTACGAACCCGACTATGGGACGTCATCAATTAATCCGACCCGCCTTGTTGGGCGAGGCATCAGTTCACCCCGAATTGACACGTATTTAATTAATTAGTTACAAGTCCTATCCTACTACAATAATATCATGAGGAAACTCCACTTACTAGCCACGTGCAGAGAGGTCCGTGAAAGATTCCCATAGTTACGCTAGTAGCGTAGCGCCTTCTTAATACGTCCAGCTACGACATCTATTCTCTCCTGGATCTAGGGGTTCCGTCTTTTTAGTACACGTGTGCAAGGCTCGTATTTCCATTAGAAACTGAGACACCAAGTCCAGTC,1874,48.08,Mus musculus
SEQ_124888,TTAGGCCCTAAATAAACCTGATTTCCTTCGCGCCCTCACTTACAGGAATTAAGTCGCGCCGAGGTCATCGTGCTCAGAAGCATGGTCACTGGCGCAACGGCAAGTCATTTTCGAGAAACTTTTTGTCGATCGGTGATGAATCTCCCTGACTTTGTGCAGCATTCGGGGACGGTTTTCACAACGGTATGGACCCGTCA,197,50.25,Drosophila melanogaster
SEQ_972761,TTGTATTAAGGCCACTGCGCGCTCGGCCGGGACGGGCAGTGTACAGCATAGGCCAGAAAGGGTCAATCACCCGTGGCGCCGCATACATCACTACGTACAGTCCACAGTACAAATCCAACCGCCGCCTCCGCCCGTATCAGAATAATGCAGTCGCGTCCCCAGGACACCAGACCAAATGAGTTATTTAACCGCGACGCTAGGTTAGTCAGCTTTTGTGTGGCGTTATAGACTTAGGTGCATTGGGCTTAATATATCAGGGGCTTAAAGATTGCCTTAGATATTAGGAATTCTTGTAGTCTTAGGAATATCTCTCTTGCCACAGAAAGAGCAGGTAACTTGCCAGAAGTGCTCCTACTGCTGTATTCTAACAGAAATGCGGTTCCTGTAAACCCGGGTGGGACGTGTAGTATTGAGGATAAGAGCCGAGAGTTTTGCCTACATATGGGGAATCTATGCAGCGACTAAGGTGCGTTCCTGTGGTTGCGACCGACTTTCCTATAAAGTCGGCTAATGGGTGTCCAACTTGAGGCCTAGTTACGATTTCTCCCGAGTCCCATCTGTCAGGCGAATGAGTGAGTAATTGGTCTCGCCCGTAGTGGTTCTCTTATGCATCCTCGTTGGCACCACAGACACAATGCCCTAGCTGACGTGCACTCTGCCCACCTCAAACGTTGTCTTATGACCCGTTTATATAGTAGGGAACTGTTTCTTGCCTGATCTGTGTGTTTAGGCATGTTCGGTCGTATCAAAGTAGACACGAGGCTGTCCTAAGACTTTTAGTGTTAAAGGGCCGATTGGACCGGGCAATGAGTCTGGCACAGTGCATGTGCGGGGAAATGTATTATGCATCCAGCCCACGCTCTACGAAAATGCACACTCACGGTGGTTGATTTATCGGCTTAGTGGATGGCGGCTGTACTAGTGGCATGCAAGCCACATTTGTAAATAAGAACTAATGTACATGACAAATGCACGCGGCCGCAAAAGGAGTCACGGAAGCTATGAGCTGGCGAGTGTACTAAGAGGTACAAATGTCTTGCGCTCTTCCCGCCTGTCCTCTGGTCACAGACAAGTCCTCTAATCGATTATATGACTGCTTCACGGCGGAAGGAGCCGATACAGAGGCTGTGACACAATCTAGACACAAAAATTGTCGACATTCAGCATTACCCGTTACCGATGTCGGTACGTTCCGATGCGTATCTAGTTTGATGGGATAGCGCTATGTAAATACTCAGGGCCAATACAGCTTAATTGATCCTCATGGTCTTGTTACGAAACGTATCAAATGCTGATTTACAACGTTCGTGCCACATTCGCTGCTGGTTTCGCGTAATGCGGTAGTATTTTCCACCAGTACTTGGACGTTCTTCGGCAGCACCTGGTAGTCATGAGTTCTTTGCGCGCCGGAGTCTACGTTAATACAACGTATGAATCGAATGGCCATTTAGAGATCATATTGTCGATAAAACAAACAGCCATTTTAGGGTCTCGCGCTGTCCTTAGGTCGTGGTTTCCGACTTACCTTTCCTATGCCACTTGGGAGGATGACCGCGCCTCGATCCCGCTAGCCATTTGGCCCAAAGATAGGTTCCGATGAGACCAGCGAGTCGTCAGAATGAATACTGTAGATAGCCAGGTAAGTGAGTGATGGCTTTGACGGCAGAAAAAGAGGAGCCTGTCTAACTTTTTGATCTCGGTCGCGCACCATGCGAAGCCCCGGGTTAAAGATATTGATCCGCCCTCTAGCTGAATCACCTTTCACCATTGGTACCGCGTACCCTTATACTACCAGGCACATAAAAATTGAGAACGCTCGGTTCCTGCGAGATTGATTCGCCGCATGTTCTAGCTGCGTCCAGATGGTGCAGTCTCTATTCCTAACAGTGCGGGTTGAAACGCAAAATCATACAATATCGACAACTGCC,1928,48.76,Caenorhabditis elegans
SEQ_441036,CGTCTGGCAAGTCCGGATTGATCCATCTGCAAGTCAAGTTAGCCAACAACACGCGTGCGCCAGTAAAACCAATGTCAAAAGCGTCGCAGGCACGACGCGGCTGTATGGGGAGTCTCTTAAGGAAACTTGAAAGTATAGTGTATCCTTAACCTAATTTTTCGGTCGGTGGGAGTGGCAGCACCATAAGATACGGTGCGTGAATCAATCTCGTATAGTTGCGAATTGCCACACCCTGAGACACACACGATGGCGGGACAAGTTTAAGCCAATTGGCATTGAGGCA,283,49.47,Arabidopsis thaliana
SEQ_951278,GTTGTCCCATAATCAGGCTTACCCTCCAGGCTTCGCCAAGCACATTGAATATTGACAGCTGCGGTAGGACCTAAGCCCCGAAAACGTTCGTAAAAAAACTGCCTTATGTTGTACTTGATGCGCTGACCACCATCTCCCAAGGCGCCCATTAAGGGCACAATCATTGATTTTCCGTTCTTAATTTTAATCTTGATCCGCAATAGGCAGGAGATTCATAGCATTGGGTTGCGGAAGCACGTTCCGTTACTCTTTCTCAGGGTGAATTGCATATACCAATCGCTATAGCGCTTATGAGGCTGCGCGGCCTAGATTGTTCAAAGATTAGGATAGAAGCATTATAATGAAGCTCTTGTCGATCCGTAGCGATAAGCGCCTTAAACGTTTGTTAGGCCGGTCCGACATCGTTTCCCTCAACTAACACATTCCGCAGCGATCGTAAACTGTCATGGCGGGCCCCCGCAAAGAAAGCATGCCACACTTGTCAATTTTCCACTGCCCGCCAGTGAGAAAACCCGATTGTGGTACTATATATAACGCATGTT,542,47.05,Homo sapiens
SEQ_589926,CCGGGTCTAAAACGTATCGATAAGCAGATCTAACAGTAACTTATACAATGAAGCCTGCTCGACGGAACAACTGGCCGTAACAGTACCATAGGCGTCGGTCTGCTCAACATGGCGTATTTTGAAGAATGTATGTGTCATCTGGGAGTTACCAACAGAGCTCCCCTAGCCCGACGCTGTGCATACACGGCATCGTCCAATCGTTTCAATTGTACTGGAGGCACCTTCGACATTACGGAGTACTGCGAACCAGCAATCTTATACCATACTTGGGGGTTTATCGATGGACTAATTGTACATTTAGCTTCTGTATGATACCTTAGCATCCGGACTTCGCTCAGGATATTATAAACCGTTGGAGCCTTCCGAATCAGAGTGGGGAACACGACCGATGAACTACGTGTGATCATGAAGGGTATTATCTTAAGTAATCGACCTAGTGTAGGTTCGAAACGGTGGTGATCCCAGTTGATACTCTGTGGGTCCATTTGGGGACCTTCGGAATACCTGCCTTTCGAGGGGCATAAGCGTGTAGAGGACGGTCTACTGAGGTGTGAGATCACGACCACTGACTAAACTCTACGACGATATCCGGACCGCTAGCCGGATAGCAATGACCCATCTAGCGTCCGACATCAACGCCATGTACCCTGCCTTCTGGAGGATTAACCTAACGTTACGCACCTAAGGTCACGCGAGAGTAGCCCTTGTATGACACATTTCCCCCTCACGCACCATCGACAGCTTGAACCACGGAATCGCTACAAGCTATGACCATCGACCAGGATGATTGGAAGACTTAGGGCAACCCATAAGATGTGGGTACTCCACGAAGATCTTGCGAGGTTTTCGGTCCTGCATACAATCACGAAAGCTAAACGTTGCAAGGTACGGGACGAGCTTATATTCGCGTGTTCCATAGGGTACTGCACCTTCCTAGTGGTAAATGATTAGCAGTCCAGATCGGCGAACGAACTAGGATCTATTAGTGCTGCTGCAACGGCCCTAGGATTTCGGAATGCCGACCCGAACCCCCTTAGGGTAGGTCGGATTATGTGGAAATTCCCAGAAATTCCCTTAAGACGGGTGTCGAAAACCTGGCCCATAATCCGTCTACATAGGGATCCCTCGTGAGTGGGTTATGGTGATGTCTTTCTAGGGAATATCATCTATTGACATTCCAACGCTTTGCTTGGCACCATAACTGAAGCGAGGCCCCATGATCCGTTGGACGCAGCAATCATGACAAATCCTTGTCCGGCATGAAGATACGCGCCGCACAGCCCCGCCGCCGTGCACTCGAGCTGGACAACTACCGCTGAACCGTTATACCAAGCCCGCATCTGGATCCATAAGATATCCTATCGCTTGTGTTGCAAGCCGGGGAAAGGGATTTCTTCACGCGGTTCGCATGCCTAGTCAAGGTCCCGTATATCCACCTCTTCCCTTCTAGCAAAACTAACTTGGAGATTGTCGTTGATTGAGTGGCATAGTTTCATGTGCTATGATAGACCATCATAATACCGGCGGGCTCGGGCGACTCAACGTCAGCTGGTCGCT,1557,49.97,Mus musculus
SEQ_238632,ATTTGTAGCATTCACGGAGTATGTACAAAAGCCCTATGTCAACCAATTTGTTCTTACCCGGTCCCTACTACAAGCCGATCGTTCGT,86,44.19,Arabidopsis thaliana
SEQ_680783,GTACCCGACTTCTGGCAGACCGGCAATAAAAATAACTGATACCTATCTTCTTGTGCTTCCTTAGTGCGCAATAACAAAGGAGCGACGTATCAAAGCAACGACAACCCTTCAGAACGGCAGAATGGCCTGATCCGTCTAAGCGGGCACGATTATTTTTCAAAGTCGTTCTGCCGCTATGGGTGGGAACAGGTGAAACCGTCGATCATTGATCCTGTCGGGGGAGTCAGGCCCGCATATCGACTATACCTCAGTTGTCCGCCGTAGGAGACTGAACGGGGGTCCCAGTAGATGGAGGACTTACTACACCGTTACATCGAACATGAAAAGAGCATACCCGCCCAAACAGGCATCTCTGGATGAGCGGTACTCCCATCCATCGGAGGCTGCGCGCTCTGCGTCGTTTACTTTGATGTCTTCCAGCCGAAATTCGCCTACACTAAAATCACAAAGTACGAGCGGGCCGCCGGCACAACCATGGTTTTCGGCTAATCCACGAACTACTGGTCGAACAGAATTGAAATTAGGCGGTGGAACTTTCCCCGAAGGGTACAAC,553,51.36,Drosophila melanogaster
SEQ_439553,AAATGTTCATCCTAGTGCACTAGTAGTGGTTGTAATGAGACTTCCTCTCTGAACTTACATCTTAGCCGCGACTGGGATTATATGAGGCAGATGCGCGAGTACACGAATACTTTAGTACAGTCATTAAGAGTATCGTGCTTCTTGACGGCTTGGGTAGGAAAAACGGCTGGTACATAGGGTTACAGTCCTGTCCCACACGACAGTCAAAAGTTAACAACTTCATTCGTCAGTGCGCAGGCAGTTAATGACTTCGTGTACTTCCCACATAGCTTAGCGATAACAGGGCATCAGCAACCAAGAGAGACTTTGAACAGTGGTGTAACGCTTTGCGGCCCCCTGTCTAGCCGCAGCAAGTGCACCTGCAGGCCTCAGGTTCTGTTACTGGTTACCACTTTGGTCTGTGTAGGATGTTTAAATCAATCCCTTAGATCCTTGCGGGGTATCCTATGTCTTTTGGCCGTAACTGACCGTGAACTCTGTGATGCGAGCCAAGAGCCAATATAAACTGGCCCTCGACAGACAGGCTGTGTGGACCCCAGCGAGACCTCGGAAGTAATAATCGGGTCAATCCGCCGTTCGAACTCCAAATTAATTTGACTTTACGCGCCGCGATATTGGAAATTGAATCCACTATAATTGAGCGCGGCTACACTGTATGATCAGTCCAATGGTGACGAATGGTACGCGGGTGTGCTATGGCGTACGTTACCCAAGCCACACCCCCGGTGTGAGTGAGCCCGGGGACCAGACTGGGCAATATACCAGCAGGGAACATAGATACGTGCGCTGTGTACATATCTAGGTCGGACTGTGGGAGGGTCATTCTCATTGAAGGTAACTCTCTAACTATTGATACACCACTACGATGATCAAGAATAAATACCATTGCCCTTTGGAGACATAGCGTAATCGTTCGCCTGGTCTGGACGATGCCCCTGGCGCCGGTCTGTGCTGAACTGGGGCTTAACGGAGAGTCGTGATAAGTTCCGTT,991,49.34,Drosophila melanogaster
SEQ_559809,TCAAGTTCTTCTGATATTCCTAGTTCTGATGTACCCTTGAGTAGAATCATAACCTTGGTTCTTCGGGGGCAGTTGACATTACTCCTGCTATCTGACGACGCTCGCACGGCACCGAAGTTCGCGACAGCGAAGCGCTAGTTCGCGTGGTCCTGAGTTAGTGTACATGGAGAAATCTACGGTAGCGTAGTCAATGAAATGATTTCTACTCACACATAGATACTTAGGACGTGCTCTCCATACTACAACTTAATCAGGAAGGACCATTACGTCTCGCACCTTCAGAGGTGATGCTTGCCAGTTACTACCCTCGCCTCGCTGCGGCGCCCTATGGTAAAAGTAAATCCACTCGGCCCCCCAGTCGGTGTACTGCGGCCGTCGTATGTGTACACACTGGTTACAGCGAGCTGGAGCACCGAATTCTGTCACTCGTTCCGGGTCAGGAATAGCGGGAAGACAGCGGTATGGCTCATGATCTCACGAAAGCTGCTAGTACGGGGAGCTTGACCACATAAGTCCACCCGTGGAGAGCCTGCTAGCGCCTCATGCCGTAGAGCGTCGTACATCCAGGGCGTTCAGGATTCATTCGTCTTGCATATCCGCGACTGCCCACAGAAACTGGTTCTGTGTCGTTAAGCCCCGCAAGCGTGCGATAGTGTACCCAGTCCGCG,668,52.84,Arabidopsis thaliana
SEQ_994864,CACTTACTTCTGTGCGCTAGTGGGGAAGCAATGAGGCGGTTATTTCCATATTCAGGATAGAGAGTGTTCCCCTGGCCCGCAGCCAAATGAAGGATGTGATCATCCGCGCGAAGCTTTGCCATATTAGCGATGAAATACGCGGGCCCTCGAGTTAGGGGTTGGTCAGACACCGTATGCGCAGCTCCTCGAATTAGCGCCCGGTGTAAGGATGCCCCCAGAGTCTCTCCGGAAGCGCAATCGTTCAGAAGATGTTGCACATAACGGTAGAGCATGCCTCACATCGCAATATGACAGCCTAGGCGTTCTAGGCCCATTGCGGAAAGGTATACACATGATCAGGGGAACACCGAGAGTTAAGCAAGGGCTCGCTACGAGGTTGTTAGAATTCTAGATTGTCTAAATATCGAAAGGAACGTCCGTGGGTCCACCCGTTATATTATTACCAAGCGTACTATGCGATACCAAGCATAGAACCCTAACTCTCACCGGCGCGTACATGTCCGGAGCGTCGCACGAGGGCCACACGGACTTCTGGCCTTTAGCTAAAAATATTTCCTTTCTTACCAGCTTCCACCGTTGATGTGGTAACTTCCAGAGCGCCCTGGAAGCGCAGGACACACCAATCCCTACACAAAGAGGTTAAAGTTGCTGTCCAAGAGATTGCTACATTGATCTGGTTCTTTTCGGGTCGTTGGCAAGTCAGCCGTATGGCCTTTCGGTGTTAATCCCGAGATCTGCTACGGCGTTCGTGCCGACATTTTCGTCCGCCCGGCGGCTACACCTGGAGTCTCGGATCTATTGAGCCCCACGTACTCATTTCGGCCATCGACTCTCCTCTGCGTCGAGTAGTACTCAAAGCCCCCTTATAGACTTACCTGAACGCAATCCCACCAAGCACCCGGGCATCACAGAGCCATGTGGATGGATGCTTAGCTGTATGATAACTCACAATGCCTAATTTGGGCATTGGAAGGTCGCCCCAAAAAAGCACTATCCGCTAACATTGCGTGGCGTGTCACCTGCGCATTGTTGCTCGCTATTCGGTTAAGGTTAAACCATGATATAGGTCTCAGTCGACATTTCCACGTAGCTAATAATCGACCATCGCGGGTAACGAATCACCGAACAGCCTGACAATTATTACTTTTTCTTCCTGAGCGTACTTTTATGCACACTATTTGAAGCTGCGCTTTTTTAAACCGCACTATGAGTAGACATAAACTCACACGCGGTTATATCGGGTAGGCCCTCCATTATTAGCAAGTGTGTGCCAAGGATAGTAGCAACGGGTGCCAGGGCAACTCATACGGTTGTTTGAGACGTCGGTTCAGTGCGTTCGGTGAGTTTAAAAGCACACCTCCAGAGTAGCTTGGCCGTATATGAGCCTCACTGCACCAAGCTCCGAACCTCATTAGTTGCTAGGCATAGTGTGGCCTGAGACCCAGCTATGTGATTCCGGATCTCCCCCAATGGTCAGCTCACGGCCACGCGCAAGAGTTCATAATCCTTCTTCCCGACGAATTGTTTACTGCCTCATTCTCCTAACCGTTTTATAACTGAATGATACCGGGGATAGGGCCCACGGCCGAACTAGAACCCACCGGTTCTATGGTCGACATTCATTAGTCTTCTGTTTCAAATTACCTCAGCAGATATTAGTGATCGCCCTATCGGCACGTGTTTATGCCTGGTGACCGTCAGACTGAGGTGGCTTTTCTTGTGAAGCTCAA,1730,50.23,Escherichia coli
SEQ_288654,CTTTTGGATTCCATAACTGCGGAAATGTAACCTGTTCCAGATACGCTAACCCGCGTCACTTCACTGACGGCTACGGTCATCGGAGCGATGTGTTATACTCGTAACCAATTTCGAAACTTTTCCTATTCGCCAAATCATCACGCACTCAGACTATTCAAGCTTACCAGATTACCCGACTTTGAGGCCGTTACAGTACAATATCGAAGGACGCTGGTTGTCAGGGCCCTTGTGAAGGAGAATATTAGAACGCTATGCGATATACAATTGGATCATGTTTCATACGATATCCATGAGCAGGCATACTCGGCCCGGCCGGTACGCCCTCTCACCCCTATCAACTGAGAGGTGCATAAAGTTATCACAACAACCACCGATTGGGTCACCCGCTTTTAAAATAACCGAAATTTTGTACCAATTAGTACAGTGCGCGCGGTAATGGTGCTCAGGTTCCTACTCATCAGTGCCGTTTCGCCCACCCAACTTGACGTGCCCTTCCGCTGCTTCAGACCGCGGAGTCATCCAATCGGTAAGGGTAATCATTCTTGTGCCCCGCACCGACGTCGATCGAGGGGCCTGCGGGCCCGTTTTTGGAAAACTTGAGCAGATTTGGGGCAAGACTCTTACTATATCTGTTCGTGTACTCCTCGATCACTATGGGTTCTTATCTGACGGCCCCCATCCGGGTCCTTGAGAATATGCTCCGGTAATGTTTTTTCTGTAGTTATTGATAGCGCACGCGGGGCAGGTCGTACCCCGTGCTGAGTCGATAGAATAACACTCACTAGCAAACCGATATACATCGTCGCGAAATAAGTGTATCGTCACTCCTGGGGCTCGAGGACAAACACATAATATGTAGACGAGCTTGGCACGTAAAAAATGGTTACTTACTCGACACGGGCAACTATACTGAGATGTGCTACGCTCACATTCATGAACATGTTGTGTGCTGTGGCCTCCATTTACTTAATTTACTTAAGACTCAACAAAAAGAGACACAGAGGATAATGGATAAGGCCAGGCCGCGCCTTCGGAGGGAAGTGATACGACGGATCGCAATGTGCCCGGATGCTCGAAAGAATGTAGGCTACGGGAGGTCTCTTTGAATGGGAGATCATAGTGATCCACAGTGAAACAACTATGCACTGAATTGACTTGAGAGACGGTAACGATCATTTAGCGTATAAATGGCTGAGTTATTTTGCCGACAAACAGATCTGTCAACACTCGGCTCATGGCGTTCGTTAATGCGCCGGCATACCTGGGTGCTCCATGCACAGAGTTAGAGGTAGCTTAGGAGTTTCCCTCCACCCGATGCGAAATCTGATAATCTACCAAATGGATACCTGGAACGCGGGGACGGCGCTGCCATAGTCTGAGGAAGTTCGTGACCTAACGTGGTGGTAGGAGCTTCCCATCAGATTTATGGTTGAC,1434,48.61,Caenorhabditis elegans
SEQ_598681,CGGGTCTATCCTGCGCATCAACAACTGCTAAAGTTTCGTGCAACTGACGTGGGATTTCGCGTATCACCCGATACGGAGAACGGCCTATACCGAGGGGGCGGCTTCACTAAGGGACCAGGACATTAGAAAGGCAACATGATAGTTCTTCAACAGGATCCAAAGATATTTAAGTCAAATGCCTTGCTTGAATTTGAACCTAGCACCTGGGCTACGCGAGACATGAAGTATCCCATACTCTGGTTAACGCTCCTCGCGTTAAAGCCGGGCCTCATCTGTGATACAAAGGAGCACGTCCCGACATTTACGACGTCCCTAAAAGTCATCATTTCTTATTAAATAAATGGATATGGGTATTGCGTTGGGAGAGTACGGGAAATGCGCCGGACGTTTATGAAGCGGGTATCATTGACCTCAAACTACATTGAGAATGTGCGAGAGGGACCACCCACCTATGGTACGGGGTGACGTAATAAAAGACGCAGCCTATAAAGCACAGCTGGGGTTCGCGTGGTCTCTCGTTCTCTCGGAGTGTTAGAGAGACGTGCTAACCGGACACTATTAACGATATTCACCAGGCGCGTCTTGACCGAGATTATTTCTTACATTAAACCTGCGGATGCCGTTGCAGAAAAATATGCCACGCACGCTCATTTCAAGGGGAAGTAGCAGCGGCGGGTAACTCGCCGGCGGAGCATTACACTTTAGAAATCGATCGTTACGAGCCAACTAAAGATCTTCAAAGACCATGTTCTTCCGTTACATGACCACGGGGTGGAATAGCATTATAGACGCGAGGCAACCATGCAGTCGACTTTTAGGTACCTAATTCAATCCTCCGGAACCCGAAGTCCCAGTTTGGTTACTATACTCCGTGTCGCCCTCGATGTTCCCTGGGCGCAAGGATCTATAACTATCATTTTATGAGTCGAGGCTTCCAATAGGAGCACCTGTTCCCGTCCCATGATCGACTCAGATTTTGATTGGCTGCGTTACGAGAATGCCTGGGCCCGGGGGCATGATCCGAGCTATGTTCTGGAATCAGAGAGCAACAGCAGCTGGACTCTTGTATGAGCGGGACTCGGGCTCGGTCCCCCGAGTTCTCCGGCTCGCCTTCGACGCTTAGTGCTTGAATCCTCTTTGATCCTAAAAATGGCCGCATTCCGGGTACCTCTTGCATCCCCCGATGATGTAGTTTAGCCGATAGAGCGACTGGGCGACCTAACGGCTGGAATCTGGATATTATAGGTACAGTGCCTACCATCCTGTGCCAGAGAACTATCCCCTAATAACGGTCTAGGAAAAAGCATATGAGACCGGAATACCGTGCTAGGCAGTCGTGGGCAAAAGTGAACTGCTAAGGTGTTCCCGCTTCAATACGTTCTTGTTCCACAGAACGAAGATCAACAATCGCTTTGGCCCCGGCGGTCACTACCGAGCCCATAATGATTCATGAAGATTTAAAACGCGAGTGACATTAGACTTTCCGGGCGAGAAATCCTTTTTCCGGGGTGCTCGCGCGTCCACACAACAGCTTAGCCGACCTTCTTAGGATACACCTCAACCCGAATAGATCCACGGACGACTTGGTCGCGGGTCGACTCCGCAATGACCTATGTCATACGT,1623,50.22,Arabidopsis thaliana
SEQ_558304,TTGCGTGGCAAAGCGGTACCGTTTTAAGCCAGAACTGTGAGTCACAGACTGTCAGATTGCGGGATTTCAGCTGGGGAATGGCGCCTTTAAATTATTAGCCTCGAAGCACTTTCCTTATTGACATCTACTTGGCCATCACAGAGCTCGGCAAGTTGAAGCCCTCATGTGCCTTGCCTGGAGGTGACATGGGCTGCCCAAGGGCGGATCTAGCAACTTAGGATAAGCAGTAGCCACGGCTATATTACCGTCGACGCGTGATTAAACCTATTAATCACGCCATGAAAGTCACTATAGCGCAATGGTACCCAGCATCTACATCCGCCAGACAAGCGGCTACCTGGACATAGGGACAATAAGGGCAAGATATGCTCAGGTCGCCGGGGGGGCCAGCGCCATGACATGGCTTGAGGCTTTGTGCACGTAGGTAATGATACTCAACACGAGCGCATGCCTGGCTGGGTTGCGCCACTGCCTCGGGTAACTTCGGTGGGATCGGTCACCTCTTCCCCTGGGGCGATGGGAGAAAGGCGGTGTTAGCTGTGTCTCCGAATTTAAATAGTCGCTCTGCGCAAGAATACCGCAAGTCTATCGCGTAGATCCCGCTCAAGAGTGTCGTTTGTGGGTCTTGGGTTGCGTCGCAACGCGCGATTTCTGTGGGTTTGTTTTAGCTACCTAGTCTTCCCACAATGGAACGCCACGCGCGGGATCGGGCCAACACTAGTTTAGTGTCCGGCCTAGCCTCGGAACTTAAGGGACGATGAGTTACCCGCGCCGGGAACCTCTCAGCATGGTTAACGTGATTCAAGGGAGGTTTCACACTGACCATGGATGTGCGTCCCAATAGTCGCTTACTGCTCATTCCGCTAACAATAGCGCAAGTGGCATTAACAGCGTGACTTGTTGATGCTCACGACGCGAGCTAGTTAGGCATTAAAATGACAGGCAGTATGGCCGCACGAAGACACAGCCGACCAACTTCATACTGCTTCTTGGCCCCTTGCACTTCCCTCTGGGCTGAATTCAGAGGCTGCCTGGGTTCTAGCGCTCCGTATCCCACTAACAATCCCGGACTACGAGACTGTGGC,1085,53.55,Escherichia coli
SEQ_995131,CTTGGGAAAAAGGAAGCGCTGCCGATTCAAGACAGTCAACTTCTATACTATGTTGCGATGATCTATGGTGTGCCTCACCGTAGATACAACCCCCGCTGATAGGTCGTTGTTTGCTGACGAAAATGGTTAGTAAAGTAATGGTCTCTGCTCAATTGGGACGGTTGAGCGGGGACTGGGAGTGCCCTCAGTGAGCATACGGCGGCACTGCTACTATGCCGATATAACCACCTTCTGGCCTGAGTCTTTTCCCGAATAACAGATTATTCCCTTAGCTCCTGTAGGGCATATGCTCCGTCCTGGGAAGCTTAAGGATAACAAAAGCTAGAGTGAGAAGAAGGCGGTTTGGCTCGCTCGCTCACAAGGCCGAGTCGTCCGGGTCCCTCACTCAGAACGATTCCAATTTCTCCTCCCATGTGAGGACTGTAAGAAGATTTTAGCCATTTGGGGCGTGAGGCACTCGATGCTTCTGAGCTTTTCCGTGCTGCCGCGGGGTGCAGCGAAACCCGTCCCTGCACGGGTATTGCAGGTCGCTTCCGATATTGACAGTGTCGAAAGCCCCTCAATGTCTTAAGCGAGAATTCCAAATTCACGAAGGGTCCGTTTAAACACGCTACAGATTCGGGAGTTGATCCTTCGTATCCCGCCATGATCCCCCAGTGTGCCGAGTCGAGTTCGTTCCTTCTTACTCAACCATACACCATCCCATGCCACTATCGACCCCACCCTATATATGAGTGGTCTATGGATTCCGCCCGCACGGTTAGGTAGTCCCAGGAGGATACTGACGATGAATGGAGGTGCATGCGGAATCCAGTGCACGTAGGGTTTCACCATGCCAGTATCATAAACTTGATGGGTCCACACCGGGCAAGACATGGCCTATAAAAGGCCTATTAGTACACGCGGGTTAAAGAGTTGCTGTGGGGGTCCCAAGGCACCGATGTGGAAACGCGGAGTCTTGGGATACTATGGGACGTATGACGCTCACAACTTACCGCGGCTCTCCTAGCCTCTAATAGTTAACACCCAGCTGAGATTTTGAAGGACCCTTCGTCGGCGCCACCGCATTGTTCCCCACGTAGTGGATTATTATTTGTGCAGCAGGGTCTAACGAGTATTGTATAATTTTTGACGGCCTGCGACTATTCCGATGTCGAGATGGAGCTATCCGCCTAGTTTAGATCAAGCGGAAGATAG,1197,51.29,Saccharomyces cerevisiae
SEQ_293565,TGGTCCGATCGGCTATACCTCGGGTTTCGTGTCCAAAGTATCTTAAATCACGAGTTGCTATCAAACGAGAGTATATCACCCAGTACAGAAGCACTATACGTACGTCTACTAATTGCTATCACTGGCATCGAGCAGTACTCATAATAGAAACACCACGGTACAATTGAATCGCACCGGGCCCTAAACCCCAAAGGCGGATAGTTACTGGATAGGATGGCCCTTCCTCGG,228,47.37,Homo sapiens
SEQ_118718,GCAACTGGGAACCTTATATCAAATCCGGGTTCGCTGATGTCGGCTGGATGCATCCCCAGCCCTAGGTCGTATGTTGTTATGGTGAATTCTCACAAAATCATTTGGAGGAAGTTGCATCTCTGAAACGTAGGCATCTGGTTATTATGTCCCGTAAAGATATGACATTAGCTCCTAAAACTCGATAAACCCAACATGCTAAGTATCTAGACCCTGGGGTACAACAGACGTAAATAAAGGCTCAGCGCGTTGACTTATTGCTCTAAACACCTAAACTGCCACGCACTAAAACCTAGAGGGAACGCTGGCAATGTGAGGACTTTCCCCACGGTACTGAGTTTCCGGTCCGTACCGACAATAGTATCTTGACCTTAGCCCGATGCACAACTGTATTCTCTAACTACCTATTATTGTGTCGTAGTAACTTGACGTCATACTAGGGGGGACGTTGAGAACTCCAAATATTGATGGCCGCAACATTGGTGCTTAACTAATCAATCCATCTATCACAGACTCTGTATTCTCCTGTATGGCGGCGCGGGTGATATACGGTATGATTGC,558,45.52,Caenorhabditis elegans
SEQ_194506,CACTGGTAAACGGCGGCAACGGCGACAGAAACTAAGTCGAAAGGTGCGGACGATCCTTCAAACTCCCGGATGCCACAATTAGTAAGGCCGTAAGGCACTTCCCGATCCAGATTAAGTTCGACGATTCGCCGGTCTGTACAAGATATTTGAATTTGTCAAGTCAAAATACGGGTCAGACAATTCAGTACCGACATTACCGCATTTAGGCTCGACGTAGTCTGCACCTCGTGGTATTATGCCAACATCACAACTCATGGCCCACACATTCGGGGTCACGAGTGCGATTACACGCTCGACATTAGGGTCAGGGATCTGAACGCGAGGCTTACCCGTTTCCACTCGAGGTGAATTTCACGCTTTTTTCTATCTTGCTTGCTACGTCTTGCGTCCTTGGTGCTAGGCCGGCGATCCGTGAGCCGTTCAATGGTGCCAGGATTCGCAGTGTATATTCAATATATGTGGGCATAATTGGGGTTCGGTTGCAATAGTCCTGGCGGGAGTCGCTAGCCCTGCCCTCAGTGACTACCATCGTCACAGTATTCGAACACGAGTTCACCCAGGCTGCCGGTGCTGGACACCTTTTCGCGCCACGCACCGACGGGTAAATTATGGTGACAGGTTTTTCCGTATTCACAGTCAATACATGAGTACTTCAGTGCTTATTACCAGGCCTCCGAAAAGTTAATGAGTTAGGGTCCGAAGCGTTTCACACCTAAGTCCGTTTGCTGTCCCTGAAGGGCCCGTCAGGCGGATCATTCTTCTCAAGCTCTACAAAATGAGGTCGCGCCCCTGAGATTGAGAGTATACTGAGGCTCTCAACTTATGGGGGTGCAACGATAGAACGTCCCGGTCAGTAATGGGTACGTACCGTCATGCCGGTTTGAGCGGTCATCTACGGCGTCGAGCGCGCGAAAGCGCTTGCATTTTCGAAGACTAGTCGCACAGCATCTTGCACATGAAAACGCGAATTTTTTCTCTGAATTGCCTTTCGTAAAGGCGAGTCCCGATGATACGACACATGACGCCCTAGTGATGGGAGGCGGGCTCTTGCGTCGAGTCGCTTTTAAGGGCACCCATAAAGAGGGCTCAGTATGCGCATTGCGGAGACTACGCCGGTTAAGTAGGGGTAAGTACGCTATGACCTAAAAGGTATTTTATATGCGACAATGCCACTTAAGTATTGTAAGGCGCCGGAGTTCTTCCAGCGCTCCTATAATCCCCCTACGTACAGTTTGAATAAACGATAGACCCCCCTGCAGGAACAAAGCGTAACTAACTAGCCGGTTACTGTAGGTATTCCCAACGCCGTAACGATCACTGCTGGTTGGCTATGGGGAGCTACTTGAAGTCATTAGATTCGTAGATCGCCGTGGAGGTCAGACTGGGCTATACGACTTTCCTCAGGTCGCTAGCGCCTAACGGGTGAGCAGATACGAACAGATATGTTGTTTAATTATTCAGCGCTGGGGCACTAACGGATTGCTCAAATCGAGGAATGCGAGATCCCTGGAAGTTTCTTGTCTAAGAAGTCGGCCTCCGCAGTCTCGATGTTTCTGTTCCAGCACCCGTTCCCCGGCTGATGATTGAACTGATAGGATAACAATGATGAAATTTTCTTACCGCCGGACACACCTCTAACCATTAAGATCCGGGTCATTCTACAGATTACTTTCAGCACAGGGCCCGACAGGGAGGCGTGGGCACTTGAGGCCCGTTGGAAGAATGAAG,1728,50.64,Mus musculus
SEQ_906735,CCAACTGCGATCCAACATATGTCAGCGGATGTTATCGCAACACATTGGTGACGTTCGACGGACATATTCGTGCTCGGCGTACGGGCCTTGATCGACGAAGTAAACTCGTATGGCATTACCTTATTGTGCTAGCGACCCAACTCGCGGTCGAATGCTTTCTAACTCGGTTTTTACCGTGAAACACGGCTTCGTATAGGGTGGTGCCGTGTGAAGACCAATATGGCATGTAAGGGGCATTACAATCGGCAACTGAGTAAGAAGGTGATAGCTGTCATGTCACTTAGAAGGTCTATGGCGTGAAGAGATTCCAGGTCATCGCGCCATGACGTACCAGGAACAATCCAGAGGTCCTGGACCAGGAGTGATTTTTTCCGCCAGTAGCTATACCTGTCTTGACCTATCAGACTCACTATGCGTTTATAGCGTCTGACGATCAACGTGTTACAAATTCATCATCAGACATAGGGTCGGGGGCTTTCAAATTGGTCAAATCGAAGCCAAGCCGTTAGTCCGCGTAAGAATTTTAGCACCGCGCTTGTATCGACAAACCATCGTTTCTTCTGTGAAATTTTATATGCTTACGCTATCTACTGACGGCGGATTGACATGAGCGCAATGGAGATGGGGAACATAAAGATGTCAGTGTAGCATTGCGGCTTATAAATCGAGTAAGCAGCTATACTGTGTATCATTCGACACTGCCAGGGAACCCATAGTGGACAGCCTGAGCACCACATCGTAATTTTTAGACACAATTTAATTCGAGATAACCTTATTATAGTCTCCAGGCATTGGTCTGTCCGACCACATCCGAAGATGCTTGACCCCTGCGATCTGAATAGTCTCATAAAACCTCGCGACCGCTGTTAATTCTCAGCGTGACATGCTACCTTTTAACAAGAGGGTCCAAGTCTTTTTGCTCGCCTCTGACACAGATTGGGTGGTCTATCGAGCGCCGCGCACTGAGTGAGCCAGTATTGGCTCCAGCTCAACAACAGAATATACGAAGTGCGATTTATATCAAGGCGAATATTTAAGGACCGTTGCAATCGATGCTCTTGAAATAGTATGGGAAGAAGCCGGTGTCCTCCTGTGAACGCACTAATCCTTCTTGCCGGTAAAGTTCGCCCCGAGATGAGGGTACAGCGGGTTCACCCGGCCCGCCTCCGAAGATGCACACTATGTTCCAGGGGTCCGTGTCAGAATTCTGGATCGTACACGAGACTTCCTCCGGAAACATGCATACAAACTCATCAAAATTTAGATCCAAACGTTTAAAATCACCCCGAAGGGACTCGTTGCTGCGTACCCTTCATTGCAACTGAACGCACTGTATGGTCATATAAGTGACAGGCAATTAGCACATCCCTGGATTTACCTTGGAATTCCCGAGTGCCGGGATCGGTTCAGCCGAGGATCCAAGCAAGCATTCGAAATTATGTGCTGAGTCACGAATTAACTTGCTCAGGGTTGCGGTGATCTTTAAGCCCCAATACGGTTGGGCATTGACGCTTGCATCACCAACGTTGTTATTGGGGCGAGAGGAAGATTGCGTGTCCTCCTAGGCTGGCGTTTATAGTCACCTCCTACGTAGGTCTTCTTAGGTGTCTATGACTTCCGCCGCCAGTAGGTCGTCCTTTTTACTACCACTATAGGGCAGAATGATTAGAACGTTGGGATCTTACCCGAGCGAACAAAGCACATCTGACTGGCTGGAAGCGTAGTTATGCAGGACATAGAAGAGTTATGCATTTCGATTTATGACCGCCGTGTTTCCGGATGATAGATATCGATACGCCACA,1802,47.95,Escherichia coli
SEQ_660187,GCTGCGTCGTGTAACGGGATGCTTTTATCTTCCGGGATATGGTCTCTAGACCTGTTTAAATAGACCAATGGAGTTGGACTGAGATCAGGCACGGCGGGTCAGGTTTGTGCCCCCGCGAGATTGATAACAGACTGTATAGATCAATCATCCGGGTGACTGATTGTACGGTAGATAGGTCTCTCCAACACGCGAGTCACCGCGACGCGCATCAAAACTGGAAAGCCCCAAAGACTGTCCATATGATGATACCGTTGATAAATTATCACCATAGGAACTTGCACCGGACCAAAGCGTAAGCACCAGTGTGGGATAGACCGTTGTGAACTATCGCGTCTTACGGTGTTTACCTGAAGGGTTCAGGGATAGATGGACGGAGCTGGGCCAGTAACACCCACCTCTCGGAGCCAAGAGAGGCTTTGGCATGACAGGTGGCCGATTGGGCACCAGACTCGTAACGTGAGGATTATGGCGCATGTCCGACCCTGCCCATAGTGGCACCGAACGTTCCAATGATACGAATAATGCAGGCTGAAACCTCTCTTCGGCAATCGGGCTAAGAGCTGGAGCCAACTTTCTGTAGTGGGATTGCGGCCAACGCGATTTTTATTACTCGTGTTCCGGGCTCTACTAAAAACGCATGTGGTTTTAGTACCATGACTGTGAACCTCGTATCTGGTCGACCATGCTAAAACGAATGTACTTTTTGGCTAGAGTCGAAGCATCGTGAACGACTTCCTATCGACGACCTACGGTCGCGATCTGTCCCAAACGTGTATAGTGTGTGCAATGTGGCAAGTACAAAAGGACCTAACGTTCGACAAGGCTTTGGATCTCACAACACATGTATAGACGATATCCGGGGCCTGGCACATAGGAACATGTCCAACGCCTTGCCCCTTTCTGACGACGCGGCCCTACTTATCCTTGATCATTGACTAGACGGGAGCATTCAGTAGGTCCTGTCCCATTGTGTGCGCGGTTGTACCAACATCTATACCCGTCGAGGTAATAGTACAGTACAAAAATCTCAGCACAAGATAATTGAATCTTGCACTCCACGAAAGTTTCGCTCAGCGGGACATCTGCGCCGAAACACTTTGCACCCCGAGGACCTCATGCATGCATTGGCGATTGGACGGTGGTGGTGTAGGCGTTGTCAGCGTGTGATGTGAAGCTAGCCGCTGCTATGCCCCACAACAGACCAGATCTATACATCCAGATCTAGGGCTACCCCGGACCTTCCGTGTAAGGGACCCAAAAACTCCCCGAACGTCCCACATCAGTGCACTTTATTCGACCCGCAGACCGACGCTGTATGAGGTTCCATGGCCCACGATTGGACTAATTCGGTTCCACGTAAGGCCCTCTTTCTCGAAGCCAATTAATGTGTGATAGGAACCAAAGGTTGGCTGACATCGGAGTAGGTATTGCAAGCGCTAATCGGACCGGTTATTGTACCCCATATATAAGCCCCTTTGCGCTCGAGGCTACGTCCATAGACCGGAACTGGATCACGCGTTAGTGCATAGCTAACAGCCGCGGC,1543,51.2,Saccharomyces cerevisiae
SEQ_624965,ACGTTTGCACGCACCTTTTCATAGACATTTTACGCCGCCCCTTAGCCCTTCGTTCGCTAAGGGAGTGCAACTGCTGCCGTTTGGTCAGTGGCCACTAACTCAGAGAGCACCCTCCCCGACTTAGGATCGCTACTATCAGACTTATCTTTATGACAGATCTAGAAACCGGGACCTGACCTTGGTAAACGAGACGTCTCGCGCGATGATGATCCCCCCCATCGCGAGACCGCGAATGACTTTCGATTAAGGGTCAAGGCCTCCTGTGCCGGTCGGACTAGAGCCAGTAGCGCAAGTGTGCCTAGGACAGATCTTAGGTAGTGGGAACGTATATTCTTAGCGAATACACGTGAAAGTGCAGGGAAGCGACTTACGTCTCAGCTCGACAACGGGGTCGGATCTCCGATATCTATGAGCGGTCAAGCACCGACCTGCCAACGGAAAATCGGTAAGACGAGAACGTTAGCTCAACATGCCGTCAAGGTCTCGGGAGCCATTAAGCTGGCGTCCCGGGTACACATCACCTTGCTTCAGAAGTGTTGTGCGGGCTATCAAATCTTTCGAGTATGGCTGTGCGCCATGGTGTCCACCACATCTGTGTCAACTAAAGTGGGAACCATTCGCGCACCACCGGGTACTCGACCGCGTAACCGCTAGGGGATAACACTCATTAAAGAAATGATCCAGAGATTCCGTCCAAATCACAGCACTCCAGAGTTTAGAGGATCCGGTAGCGGGCTGGCAAATGGCCTCTTAGAAGCACATTAGCAAGTTAAAATGAAGACCGATATGGGTCATTTAAGGATAGCAGAAGTGTCCCAGCTTTAGGTGGGACACCTTGGG,840,52.02,Mus musculus
SEQ_549809,ACAGACGTTTTCTCATGGATGCCACCTGCTATTCTTATACCTCGTTGGCTTTGTATTGCCTACGTCACTCTGTGAGCGAGAGTGCGGTGTAGCGGGCGTCAGCAATTGATATTCGCCCGTGTTCTACAATTTTCCGATCAGGGCTTTCCCTACAGAGACAATGGCTAGGTCTTTACTAGGTTCCAACGTAAGGGTGATTTCGGCATCCGAGCTGTCCCAAGTAGGCCCTGTCGGACCCCAGGTAAAGTGGGGTGACGAGGGACACTGCCACCATGTAAAATAATCTCAGCCGCGACAGCATGTTAATCGAGCCACGTTATGTTTAATTTAACTCGGCTTCAATCCAAGCGAATTTACTGCGATCATGGCTTACTATAGATTTGGGGCTAGATGTCTGTACGGTTCCAGCATTGTCCGCACTATAAGTTTTAGAGGGACCATCGCAGCGGTGTAGCGTAGTTGTCACAAGCCCATGCGTTGCCGTAGGCGACGACCCGTGGCTGCCAACATCTCACCTCCGT,521,50.67,Drosophila melanogaster
SEQ_920353,CTTTCCTGACGAGCAGGAGGGGTTCCCGGCCATCGCCCCCGCCCGACGTGGACCTGCCCCCTGCCTCCTCAATATAATACCTAGGACGGCTAATGCTAATGATAGGGTTGTTGTCCGTGCCTAAGGGCTATCAGATGGTCAGGATTTCGTCCGCCTACATGGGAGTCGCTGGTGAAATTTTTAAAGGCACTTTAACGAAATCTACACTTAAAATGCCACCGTGTTCACTGACATTCATCGAAAATGGTTCCAGATGCAAGTACGCAAAATACAGCGCGTGAAGCGGACATGGTGGTCAGATCATTCAGCCGAGTAACTCGTGAAACTATTAGCTGACCTCCGCCCATTGCCCCAATTAGCATAAGGTGGCCCATTGCGAGAGTCATCGAATGTATGCGTGCCACCCTTGTCCCCCGAAAATAAGTCCGCTTGTTGAACCATGGTACTTGTCCCGTAAGCGTAGAAAGCACGCAGTAATAATAAGTGCAAGGGATACGGGAGCCCCCCAGCGGAGTCACTGCTTGAGGGCGAACCAGAACGTTACACGCGAGGTCCTTGCATCAGACCTTGGGTAACGTTTCTAATCTGAGTGTTCGTTCAAGTCGCTAGCCATCGTGATCTAACGCACGGGGAGTAGTCGCGAAACAGTGACGAGATAGAGTGGAGCTCCAGGGGAGCGTTACAAACCAGGATCCATCACGACAGCGATAATTAGTGAGCATCAACCTGCAATCCCACGAGCTCGCTGAATGCTGCAGAACAGTGGGGCTTGTCGGCACACGTTGTATTGCACAGAAAAGGGCTGGCCCTGTATTTCAGACAGCTGCCAGCAGTGACAAAGACATGACTCTAGAGCGAACGGAGGAAAGAGACCCTCTAAGACGCGTATATTGCTTGAGGCCCGACCTAATGTGGGACCATGGCCCCGGACTTTGGGGAGCAAGAAGAGCACGCCGCGAATCCTTGACACAAGTATGCTCACTCTTCAGCCGCAGTAGTCAATAGTCTAGGGCTACTTTTACATCCAGAAAAGATGTCGCAAGGGCTCTCGATCTACCACAGTAATTGATTTGGCTCAGCACCCGACTCGCTTAATGATCCTGGAATACTAAGCAGCAGGGGGTCTCACATATGTAGCTAGCTAGGCAGCTTTTCCGGCGTGGCGCATCCTAGGAAACGGTCTTACGGTTAGTACCCTTACTAAAAACCTCGTTTAGCCGAGACATCCCTTCGGCGGGCGGAAGTTGCTTGACCTTCACCTCAGGTGGTACACCCCTTACTCCCTGAAAGCACGCGCTATGACTAAGCGGTGGGCATGGCCGCGGTTCCCCTACAACGCCATGCCTAGTTTCTGATACCACTGACTACCCGGCTTAGCACGGCTAGGAGCGTGAGATATAGTATACATAGCGCCGTGGTTAGGAAGATAGCTGAATTGGCCAATTAGTAACCAGGAATTGAGACCGATTTCAGGGGCACGCCGCCTTATTAGAGGTGAACGAGACTAGTGATCTTTTTCTGCCTACCTAGTTGGCAGTACCGAGTCTCGATTCACGTCCTTCCCTGCATGGTGTAACGAGAGTAGAAGTGGAGTCACGTTACTTCGAGTGGTTCTGACAAAGCCCGAGTTCGCTGAAGAAGCGCTCGATTCAGGAAGGGTGAAATGGTTGATCGCATCGTATCTCGTGATTAACTACGGTGTATGGGCATCGATCCAATTCCCTTGTTGTCGACATTGTCGTATGTCTAATAGTTTTGGATGGGGGTGATGCTCCACTGCTGGCAACGACTACGACTGTGGGAGGTGACGGTTACACTAGACGGAGCGTTTTACCTCGTCGTCAAAGTCAACCCATTGCTGTTATCCCCATGTCCTCGCGCAACTCCCAACACGCTGCCGCTGTCTTTTAAACTCGCAGCGATGATCGTTATAAAAGCCCTTTCACGGACGTCGATCGGATAGGGCTACATTTCTAGA,1978,51.52,Saccharomyces cerevisiae
SEQ_101523,GATGATTACACACCTAAGTTCTTGTCCTAGCGGGATCGTAGGACGGAGTATATGATGCATAGCCGTAAGCTGCAGTATCCTGGTCGGGCCATTCGCTCGATTCAAGTCGGATAGGGTCAGAAAAGCTACCCCTCACATAATATCCTTTTAACGGGTACGACAATAATTCCCGTCGGAACTTGGTACCTGAACGCCCAAACAACACGACGCGCCTTCGAAAATTCGTTATTCTCTCTCTCATGTGGATTTCCCTTCGATCTGCATTGCGTACAACATCGAGCCAATGAGTTCCGACCTGCCGTAGCTATGAAGGGCAACTGTTACTTTTGACTGTGGAAGTGGTCTTCCTTTAGGCCACAAAAACAATTCAGGTCCACGGTACGGATGTCTATGTAGAAACCAAACACCACGTAATAATTAGGGACCAGGATTCTAATCTGCCACCATCGGGAAGCCCTCAAAACCCAGCCGTAGAGTATGTACTTGTGTCTTATCGAGAGGAAGGCCTATAAAACGCGTTGAGGTTTAGCAACCGTTAGAATCGGACTACCTGTGTGTTCACCTACGTATTTACTATACGTGCTGGGTCCGTCGGTTATCCTATAAACAAGTGACAAGTTAAGGAGCACCCATACTCCCAATTGCAATCTGAACATGTTTCGGGATGTGCGCCGTCCACACTATGATACTAACATCTGGATCTTCCAGTCAGACGTATGGTTAAACGTTTATGTTAACTAGGTCAACTTGCCTCCAGATTATTGCAGGAGAATGACTCCCCACTTGATAATCTATTGTAGTCTCTTATGGCTAATTCGGGCCAGATGTGG,830,46.14,Saccharomyces cerevisiae
SEQ_548067,TCTGTCGCCATCTCGCCTGTTCTTTCAATCACCGAAACCGACTATTAAGGGATGCAGAAAGCGTAGTTTCCAGTGCCGGTTCTGTATATCATCTATACAGCCCCCAGACTACTTAGACACGAACGAGACAGTCCCTTTCTCTATCCAATCCACGCCTGCCAATGCTACAGCAAATGCTATGATGCGACGATTACGGAAGAAGATTAATCAGTACACAATATATATATAAAAGAATTGGCAACTCACGCTTTTCTGCTGCGCAATCTCGAGGGCAATGCGGCTGGATTGCACTGCGATGAATCTCTCACAACACTCTATGCCGGTCGGTAAGTGCCTTAAGGAATGAGGCGATATTTTCCGGCCACAATTTTTGCTTGAGGTCCATAATTAGATTATGTGGCTATACTCTTGCGTTTCAGGATGTCAATCGTGTTCGTCGGGACGGCTGCGTTTTGAAATACCCCTACTTCGGAAGGCTCGTAGGAAGCAACGAACCCCATCAGTACTACCTGTTCACATTCAAATAAACTACAAGATGGGACCTATATACCGTGGTGCTTGGCGGTTAATGATATTGTGTAAGTCGCGCGTCCTGGA,597,46.23,Arabidopsis thaliana
SEQ_533568,GTATTGTTTTAAAATGACTCTAGCGAGGATCCACCTCTGCCTACTCCTCAAATGTGCTGCCCTACGAGCCCCTAGCTGTCGTCATACCCTCGTTGCGGCCTACCAAGAGGTTATTTCAGATCGAACGCCTAGGTACGACCTACAAATAAAGCGTGATTCAAAAGACGATCAAGTGGTTACCGGCACGCACGTAAGAAACGTGGCCGGAGAAGAAATCACGAGAATTATAGGGCTCGTTCATAAGGTTGTTCGTGACTATCGTCCATCATCCCTGTGTATTCGCTGCTCCGAGATACCTCACCACGGGGGCTATGAACACACCCCTGAGAGCGATTATGGGCACCTAGGTGTAAAAAATGTCCACGTCGTATTTTACAGTGTATTGATGTGTAACGAAGCCACACTACCTGCACTCGCCCCAGTGCGATCACTGCTAATTCTGGGCTAACACCCTGTCTTCACTCAAGATCCTGAAGGGTGACGTGGGTTGAATTATGAACGTGACACATAAGAGGGAAACAGAAGTAAGGGCAACAAGTAGAATGCGACCGCCTTAACTGGAAACCGAGTGTTCACCATGTATCATCGTTTGGCGGGGCCGAGTAAAAATACCAGCGTACCATCAAGCGATGGAGTTAGTGCCATAGCTGAACTACCTAGGGCGGTGTGGGCAGATCGTGGTCCAAATCGGTATGCGATGTTCCTTTGCCCAGAGGAGCATTTAAGATAACTCCAGCATATGTATTCGACCAAACGGCTAGAAAGGAGGTAGCATTAGGGCGATGCCAGGGTTCCAGTGACCTATGTTTTTGATTACGTTCTCTAAGGTGCGTGCATGGTCTTAAGACCCATCTTCTGGGTTTTTCTTCAAGGGGGTTTCTAATTAACTAATTAGCTCCATTTTCTCAGTGATGAGGATGATAAACGTCAACCCCGGAATGTCGCTCGCCGGAGACGGTGCCACTCCCGTCTTGACTGGGTGGGGCTGTTTGTACGAGAACTGAGCTGCCCGTTTTTTCAGTGCAACCGTGAAGGTACACTCACCATTTTGAGGTTGTCCTTCGATGACTTCCGGAACTCGCCTGGAGTTTAACTACCCGCTCGCCCTGGCTACTACCCACAGCCTGCAAGGTAGAATTCTATAAGGCTTGTCAGTGTTTGTCAAGTGCAACCCCGTCAATCCCCAAGCGTGCACGGTATGAAATTGCCAGGTGGGATTTGGCTCCCCCGGGATTCCAGCCACAGGTATGTCAGTTCAGGGCCGATCAGAGGTTGTCGGTAGCTGTGACATTACAATGAGAAAACTAAACTGGTCACTTTTGGTAACACTAAATACCCGTACAGCGGCTCAGGCGTGGCCTCCCCGGGAGGGGTAACGACGGCGGAGTCGAATAAACATTGGCGTCCGTCCCCGTTAAAACACGTGTACGCATATTGTTTGAGAAGACAGTTAATTATCCAGACCCATTATTTTGCATGAAAATGTACAGGCAACGCTTTGCTGGTTCGAGGTATTTTGTGTCTCCCGTTAAACAGCATCACTCTTCCACGTTAAAAGATGCGCAGCGCGCTCTACTATGCGTCCTCAGATCTTTGTTGCCGGGTCGCCAATCACTTAGGCCGGGTAGGATTGGGTTGTTGAGGCACGCCAGAAAGTTCGGGCATTGGTTGTCGAGCAGTACGATCCTAGCTCTAGGGCGATACTGCTACATGTGTATACACCAACCTGGAGCTGTCTAGTAGCCATCTCTAAGTCGATCTTCGCTTAGATTGTAGCCCGCGCACGCCCCCATGCGAAAACATTTAACACAAGGAGTATTAGACGACTCGAATGCCCTACCACGAACAACGTAAAAACAAACCTTCCGAAGAAGAAGTGAAGGACGCCTTGCCCAG,1896,49.68,Drosophila melanogaster
SEQ_324209,GAGAGATGTAGTCAGGGCAAGGCTCGATTGACTGATGACGCATCAGAACGGTGAAGTCATTAGACTGTCTAGTAATGTTCCCTTCTATCCATCTGAATGCCTTACTAAGCTTATATAAACTCCTCTACATAGGCTCGGAACTCTCGCCCTTTAATCATGTCCCCCTGCATTCTTCACACTTTGGCTAGTATAGTTTCTCAGCCGCACGATGAACCGAGGTAAAAAAAAGTCTACCGCACAAGGTGTAAAGGCTCACAAACCCCACTTACTGTCTATCTTGTTGGTCTGAATGTAGGTGTTGGATGGCTAGCCAACCGTCCTACGGGAGCGGGTACGGCGGGAGCTTTTATTCCCGGCTGCCCGCGGCCAGATTGCTCTTTGGGAGCTCATAGCATGCGCACGGTTCCTGGTTCGGAAGATTACTGAGGTGTTAAATTAAACGCAGCCTCAGCGTTGGGGGGGTCTCGCATCATGTGACTCCCTAAATCTCGAAAAACTTCTAAGAAATAACTAGCTGGCTACTTTTATTCGCACAGCCTCCCAAGCATTGGTTGCCACCTTCCCCTTAGAACTCTTCGAGATTAACTCCGAGTCCTGTAGTATCCTTTTATCACCAACAGGTCGGGGTTAGCTTACCGGAGGCAGAAACTCGATACTCCATCGCTCGTGCGTTGTGTGCAGCATTTTGGTCTACGGCTATAACTAATGAATGATTATGGGACGCGCGCCCGTGTACGATTGGAGCATCCTGTTACAGTCTCGTGAACAGCGGGATTGAACTTCATTGCAAGCTTTCCTACGCACGGTAGGTATAATAGTATCACGACGTTTATTGAGCGAGCTGAGAAGTTTGAACTCTCGAAACAGCCCAACACTGACTTCGCCTCTGCGGTTTTTCGCCGAAGCCGCTGATCCTCACAAAGGAGGCACCTCGGCTAATACCGCGTTTATCTTTAGCTCGTACCGACAGTCATCGAACGTGCA,984,49.09,Caenorhabditis elegans
SEQ_444219,TTGAAAACTACTGGCTTATAGGGCCATCTGCTGAGACCAAGATATGTCCTAAGAGTGACGCGAGTTCTCGCGCGGTGGATTTTGGTGCTGTTGTCTAACTGTGTCTACAATGTCGCTACGGGGATGTGGTAGAATCACACCGGCCTTGTGCGGGATGGAGCACGCAGTGAGTTCATTATTTCGGCAGGACACCTAACCTGACAGCGGGTGGCGGTCCCGAAGATGAAACGATGCGCGGGACTTCAAAGCTTTGCGATTAGAGGGCGTCCGAGCAAAATACTGTGTTCGTCAGTCTCGTACCATATACGCGCTGGATTACTAAGTCTACTGGAAGAATAGTACGCTCCCATGACTGGTGCAAGCGGAGGGGGGCATTCGCCAAGTTCGTGTATGGCTTACAGGAAGTCCTGAATGATCCGGGGCAATTGGGTGTTCAGGTTATCCCTCAAACGGCTATCTTCAAACCTCTGATTACCTCGACCGGGGCGGGTTACAAAAACATTTATGTTTCCGATGTGCAACTCAAGAGGGACCATTGATCCGCTACGAGTTTTACGGACTTTTGTTTCGAGAAATCGTCAAGAGGCTATCAGAGCAGTGCAAAGAGATCGCGGATGGGGTAATCCACTTGCGAGCATACTGTGAATAGCCACCAGCATATTGAAGAAGAGCGGGCGTCGTGCAATGCTGGTTAGTCGCAAGCTGTATTCCTATCATCCCAGGTCAACCTGGGAGACGCACCCAGTTAAAAATAGTCAGGGCTTCATCAGGGAGCGTCGTTTACAGAGAATCCACACGGCTAGGGGGCATTCCTTACGTCGGGCCCTGACGCCCCGTACCTTGGAACGGGGTCGAGCCTTCCT,863,51.8,Arabidopsis thaliana
SEQ_940800,ACGTATGTACCTGGCGGGGAGGTCTAGACTGTTGTGCTTCATCCTTACGATACCGTCATTGGCGTACTCTCCATACGTTATACCCCTCCCAGGACCGCTTGAGGACTCCCGGAGTAACGACTAAGACGATCGAATGATATTCATTTCAAGGTCGTTGAATCTTTACTACCTACATTACTAACGAGAGTCGTGGGTCCGAGCCGATGGTGCATCAATTTGGTCTTAGTAGGACACCAGTCTTTAATCGCCCGTAGGACAGAGATCGGTTGAGCAATAATCCGGACCTGGTCTAAGTGTGTATCGCCGGTAGGATCACCAACACGTGTTGAGACAATGTATGCGCCGATGAGACCATTGTCATCTCTTACAAAACCACCCACTACAGGAATCTCAGTCGAACAATCTTGTTTTCAATACGATTAACGACCCGCCAAGTGATTATTAATTGCACTAATTAAGTCGTACCACCTGGCAAAATATTCCATAAAGTTGCTTAGCATGATTTATTGTGTTCCTCTTTCCGTGTAAAAAGAGCACAACGTCAATTCAGATTACTGCTAATGTGGGTTACTGACGACCCGGTTCGTATACGCAGTAATTAGGCCCCTATATTGACCGGAATTCGGCCCCACCCATTCCGCTCTGTTAACGCTGGCGTTAATCTAGGAACGATCACTCCCGAGTAGTTTTAAAAGGCCTTAACATGTTTCCTGCAGCCTTACGCGGGTAGAGGGTTGCACCTTTCATCTGTCAACACGCAAAGCGCCAAATATCGAGTACCTCCACATCAAGGTAAGTGACCCCCACAGCAGGTTACGTTCATAACGCCGTATTCTGCTGTGAGCTCGCACACGATCAAATAATGTGCAGATAGTAGAGCACCATCGAATGCCAGCGCACTCTTTAAGTTTTGTAGACGTATGTCAGAGACGACTTGGTCTGTCAACGTAAGGACATGCAAATTAAGGTAGCTAGCTATGTATAGCCACAATGACACCCGAACACACTGTCGCGCGCTGATAGTAAACACATCACTTCTGAGTGCCGCGATCCGATTCCGGCTCTTTTCAGGCATGAAGCCACCAAGTTGGATATCCGAAGTCTCCATACTTTAGATGATCTGTACGTCCTTTAAACTTCCTGCAGCAGTCAGGCCGACGCCTGGACGTCCTCTGATGCCGAGCGATCGAACAATTTTGGTTGCAGCCGACTCCGTGCCCCCTATAGTCTCAGTGTCGGCCAAGGTCGCGCCCGTCAGTCGTAGGAAAGAAGAACAGCCTACGACTTCTCTCTAGGTCTAAAACCGACTTGTGGTACATACACAGCTCAGCGCTTGTATAACTCTAAAATAGTAAGCGTGTTTAGCGCACCCGCCAGGCACGGGAGGACCCCTACATACATGTGCGTAAGAACGCTGCCCACTGGACTTGCGACATGTCCATAGCGTCTGGGAAGGCACACTTTTTGGACAGCTCCCAAACTAGGTTGTCAGCTCGGACATACATCTACTTTCCTATTTAACGAGTTACCAGATAATATACGGCTCGAGTTAGTGTGTGATTACTCAGCCATCTAAGATTACTCACCCTCGGGAGATGC,1599,48.09,Drosophila melanogaster
SEQ_755859,GTCCGAGTTTTAAACAAGACCCGGCTCCAGTGCCAGCACTAGGCCAGTTACTATTCCGCCAAGCACACGTTATTCCTGTGTATCCAAGCTATGTTCCTAAGGAAGCAGGGAGAATTATCAATTATGCGCATGAGGGGCTACTAGCCCTTGACGTTGGGCGCAGGGCATTCGCTGTTTCGAACATAAGGACCGCGGCTTGAATTTCACGAGCCAGCTATCGGAAGCACGCGAAGGAAGTAGCTAACACCAGGCGCGTACCACTCGCTGTAGGAGTACTTATGCGTTGAT,288,51.74,Mus musculus
SEQ_401439,GGAGATCGTTCGCTTCCACGGGCTACCGGACGCTGGGGGAGAAAACCATTCTATTTAATTGGGTCCCCGTTGCCGCTATTTATGACTGCAGCACTACATGCGACAGGAAATGACGGAGGTCACGGTCTATCTCCCCTAGTAAACAGTGATTAGGCGGTCGTTGCCACTTACGGCTGTTCTCAAGATGTCTGATGATCCACCTTTGATGGTACAGCTGAAACGTCGCACTGAATCAAGGCGTTTCACGCTGCTTACACTTTATCATGGGAAGCTAGCCAGACGCACTGGTCGGCGATCGCAGTGGCTAACACCATCCCCTTCTCCTGTCTTAGTGCGAAGTTACAACATACCGGCCCGTACCTTGACACGACGGTGTGACGAGGACGACTCACGGTTCTAATGATTGACCCCACCTCTCCGTAAGTATGTCAGATTTTCTAACTTCAGTGCTCTCTTGGCAGGTTGTTAGTGTCGGACAAGTCGCATGAGGTGGACGAACACCATTGACCTGGAAATCCCGCTCCCCTGAGTCCACTTGACGCACAGGCTGCTTAGCACGTCGCTCTCGAACAAAGGCCGCCCTCTATACGCCCCCCCACTTTCGCCCCTAGATCCCTCACCCGTACGCCTAACCTTTGGAGTATGTGTGCTCTACATTCAAGCGAAAGGCTCCTAACTGCGGTATATTTCTACACTGGCCAGTCGAAGGTGCTCCACGTCACATACGTTCATTGTCGGGGTGTTCTGTTGGCGTAAGGTACCTTGCTGGAGGTCTCATGCCCAACAGGATCCGTGGCAAAAGAAAGACTTTTTTGGTGGCACTAGCTACCGAATTATTTCTCAGAGAGTCACTCCATTCATACAGTTTATTCAGGTGGACATAACCTGACCGGAGACGGAGGCGGGGGTCCTAAGACTCTTAACCTTGCCAGTCATGTCTGTAGATGGATATCTTGTGGACGCTTACCTCATGTGTCGTATCGAAGACCCCTTGGCCGAATGTTTATGGTTAGGCATACTTGGTCAGGCAATCATA,1036,51.45,Homo sapiens
SEQ_326774,TCTCGTCGTCATATCCACCCTCCTGATGATCACAAATGAAGTGCATATGGGGTAGTCAGTGCGTTACTGTGAAGGTACCTCAACAGTAGGAAACCTACTACTCTCGCGACTTTCCTGGGACTTGTGCGGTGGCAATCACGGTGAGACCTTGTTTTTCAGGCACAGACATATAGCATTTGCTAACTGCTTTGGTCACCCTTACCCGTTTACCCGAGGTCTCCGAATACGCTTATAATAACTAGGAACCTGCTTACATAATACTTATAAAGAGCAATGACCCCCATGCCCGTCTGCCCAGGCCCGGCAAAGGCATATATGGTGGCAGTAGGAACAGAATACATGCTACCTCTCTACATACAACACAGGCTAGACTCTAAAAGAAAGAATGTGTGCTCAGGGGACCGAGTTAACCGCCTCAAGGAAATATCCTACCGCGGGTCCAACTAGAGCATTCGGTGATTTTTTGTGAATTTAGAGAAAAACCTGGGCAAAACAGACGTGTTATGTCGATCCTATTGTCCACAACTTCCGCCTGCGCCTCGTAGTACGGTGATAGCCCGGGACTTCAATCTGTTGTTTGACCGGGAGGAATATGTATCGATAGCGCATGAAACATATAAGCCAACTTTTCCGAATACGTGCTAAATTTGGGTATTGCATCCCTCAAAAGTGGTAGTTGTTTGACGTGCTGAAGGGTAGTTGTAATGCCTACAATTCAAAGCGAGCCCCCTCACCAGACGCTGACTGCTCATAAAATATCAAGATATGTCGACCTTATCGGTAGGAGATCGACAATCTACGCGTAGTATTGGAAGAGATTAGGCTGCAACTGAGTCCTCTATTGATAATCTCTGCATGTTCAATCCAGGCCCATCTGTATGGCCTGGTAAGAATCAACAACGAGGACCTCATGGCATTAGAGCGCCCAGGGATGGCGCGGGCCCGCAGAGCCTGCAGGATATACTGAAACCGTCCCTCTTTTGTCACCCTTAGTTAGCGACTCGATTGCGCTCTCCTCTCTCCTTCCGGAGGCCGAAAAAACAAAGAAAAAGTAGGCTAGAGCTTTTGCCGTTTATGTACGGATCACCTAGCATGCTGCTCCTGGACTGAATTACTGAGTATAGCGACACCGAGAGGAGTACATAGTTTCGGTTGGGCCGGGGAAGAGACCTTGCCAGCTTGTTGCCTCGATCAACCCACGCCAGCACGAATCGACATGGGCTGCGAGGACGCCACAATTTGGTATCGAACTGGATTGAAGAGTACTATCCGGACATGATGGCAGCGCCATCTGAGCCTGGATTGTATTCACGTCGTTAACTCACGGTTCCAGTATGGCTAGGCGCGGGAAGCAGAGAGCCGTATTTGATTATCTCAAGCTAAAAGGACATGGCCAGATAAATCTGATGGTAGCAAGCGTGTGGCACAAGATTGATAGTCCAGACCGCAATAGTTTCAAGGAGACAGCTGATACCTGGGCAGCCATTGCTGTAGGTGAAAGTGATTATGTCTGCCATTGCCCTCGGATCTAGCCGTAGGTGTGACATCCGGCGGCAAAGACGCATACTCCGTGTGTCTCGAGCGGGCGCCTCTTCGGCCTTGCGTCGCCGATCGCATATTTCCTCAAAATGATGATTCCTTACCTGAGATAGGGTTTTGACGGTCGGTCCGGCAAAGAATTATGATGAGAAATTGATGTAAAACCTGAAGGGCTTCGCGTATGCGACTCTTCTTCTTTCTATCTACGGCTACAACGCTCTAGATTCTATCCACAGGGCATTATATAAATATTACTACTCTTGTCTTAGAATTGGGATCGCTGGGGGGTA,1829,48.5,Homo sapiens
SEQ_509312,GTGTGGCCTAGGAGCGAGAGTTATGGTTAAACAGTTCCCATTCAGCTGGGCTGATAAGTCTATCAAATTTCAGGTCGCACACCAAGGGTATCGTGGATAGTCTGCAGATCTGCTATAAGCGATCCGAAATAAGTGTGAAAAGTGTTCCATTTGCGTACACTATGATCGATAACTGAGGTAAATTCGTCAGGAATAGTCTTTAAGAACGTACGCCTGACCCTTCCGTGGTGTGAAATAAGGGAATCGGATGGAACGCAAGAAAACGCACCTCCATGGGCTGGCATGGAGCACGAACCTTGGGATCGAACGTTAACAGAATCGACCAATCCCGCCATTATTTCGTCGGGCTAAGGGGGTAAATGTACATTACGCTGGCACTACGTTCGTAAATAGCAATCTGCCTCTTGATGGGGCTGCGCAATATCTAGGGTCACTGCACGCTAGTATTCCGATACCGTGCTCCGCTTCCCGCGGTGGGGCATACTTGACACTTAGGCCGCGAATCATTTAAGCTACGTCGGCGTGAGTAAGCACTCGCGTATACCGGTTATTACATAAAGTGACCGCCGGGACTTGGCTAGGATTTTATTTTTACAAAGTGCCTTAAATCTGCCTGGGGTCCGTTCCACAGTCTCAGCGCATGAAAGGATCGAGGCAGCGACGAAGGGCTTCTTCGGTCTTGCTCTATGAGGTGTTCCTATTTCAGAAGACAAAACAGTTCAGCATCCAGAGTTGCAACAAGATTGTATAAGTGAGGGTAAAGGGCCAGGAACCCTATGACTAGCCAGGGGCCCCGCACTAAACTCAGCAAGAATCCCTGGCGTTCTTAGAAAGGCCGAATCGTAGAGTTGCCCCGCATTGAACACACCTCAGACGAGTCAATTCTGGTTGCATTACTCGAGTGCGGTGCTATCTCATAGTGCAGTGCTAGCCTCAGTCGATCAATGTGCGCCTTGAGTGACAAGGTTGTACTTGAGCGCGATGACGAAATTAAGTCCGAACCTCGTCTTATTAGTATGATCAAGAAATACAGTATTATTAATAAGCCCTCTCTCAGGAAGGACATCATGTCTTGCGTAAATGACGCCTTTCCCGCCGCTATGCTTGAGGTATATTCTAACATAGGCATTGGTCGATCCTTCAGTATAATTTCGCAGTTAGTTGACTTTCGTAGCAGCTAGAGTAATCCTAGAGCTCCTCCAACTCCCCACTTAGTGCACGCAACGAAGATCAGGGATGCGCGTCCCTATTCTCTCAAACGTAGGAAAGACTTTATTGCTCTGGTTCACATGTACCAGAACAAGGGACTTTGTTCTCAGGGAATGATCTGTATTCCCCCCCAACCGCCCGGGGTAGAAAACCAGCGGACTAGACCCGCCGCATCTCTCTTTTGCCCCTCAGGTCTATTGCAACCTGTCGTAGCCGTATATTATATCGATGACAATCCTAAGGACTAATCAGTGGCCAGTGGAGCCGATACTTGGTCAGTATAGAAAGATCTACAGGCTACGTAAGAGCGGGTCCGATGGAAACGGGGAAGAGACACAGGCAGTATTGCTTGATAAATATGAACCCACAGGCCAGCAAAGTGATTCAGAATAG,1602,48.25,Homo sapiens
SEQ_192314,TCATCAGCATAGACGGTGTAGGACTATTCCGGAGTCTTGATTTACCGTTTAGATAGTCAGAACCGCTCGAGCCCTGACGCATGCCCGACTCTTATAAACGATAAAGATTACGTACAAAATGATGGATGTACCCTGGCAGAGAAAAACCTCCTGACACGATCCAATGGGTTCTTTCACAAGAGTATGGGGCCTTCCACTATCCTAGTAGACCCGCACGCGCAGCCGTCGTTAATCCATTACTGTTGATTCCTCTGGTCCCTCGTAGCTCATCTGAACAAATGAGTCCCGAAGCTGAAGAGTTTCAACCAGCGGTGATTATTTCGCTCGGTATGTCGAGTTATATTGAGGCATAGAGCTCATAACGGAGCTATGTAGCGAGGACCCTTGTTCACTTGCTACCAGTCGAAGTTCACGTCGAGCTGAGATTGGATACCATGAAAGCGGCGAATCTCAATTAGGATTTCGGTAAAACCTAGCAATCTTATGTCGCCATTGTGAACGAGTAGCGCATAATTCTCTTGAAGCGGTTGAGGTTTCTCGCCATTGTGTTTAGGCGTCTTGAGTAAAACCCCATGCAATCGGCTCTGTATGCTCAACTGAGTATGCGTCTACCCTAGGAGCGGCCTCAATACGCTCTCGTATTCCTGTATCTAAGCTATTATGTCGGCCCGGCAAGACTTATAACAGTAAAGTCGGAACAAATGCTCTCAACGACCAAGACAGTGGACTCTGCGGTTACATACGTACTTATACAAACATGCGATATAGTAATATATCTAATAGTGCGCGCCAGTAGGGTACCACTCCTATCGTACTGACGCAGACCGGTAACTTCTGTGTGTTTTTCCAACCCTCCCAGTTCTGATGTGCCCATGAAACGATTATCATCACGCCTTTCGACTTGTTGCTGGGTATTGCAAATTGACTATCCGCAGTAAACGGGGCTACGCACTGGGTTAACCCGATGATCTAGCTCCTATTTGATGAACGCAGGAACTCTCGCCACATCGTAATAGCAA,1019,46.91,Escherichia coli
SEQ_104396,CGTAGGATGGAAAAGGCAGTTCGCGTATCGTGGAGACATTACATCAGCCATCACTGCCAAACACACGCTCAATTCAAAGTCGTGCCGGCCATCCCCATGTCTTATATCAATGACTGATCTCCGTGAATCGATATGATTAGGTCGACGGCGACTTACGGTTTTATGGAAAGCCCGCAAATACAACGTCCGTAAATGTCCGGGCGAACGTATTTAAATGTAGGACGTATGTTATAAAGGACAGAATAGGCCGTTTGAAAACCCGGAGTCAATGGCCCAATATGGCACCGGCTCCTACGATAAGCCGTAATTTCCATAGCACTACTCGGAGATAAAAATTTGCGCGTACATAACTAAGTGGCTGGACCTAACCCGTCATGGGAATATAGAGCGTCTACAATGACCGGCCGGTACCCATCTGTCGCATATCACTTCAGCAGTCTCAGACCATGCCCTACATTCGACACTGCGAGCCTTATTGCTGCGACTCAAACCATAGCCATCTCGTCTGCACGAGATGTCTCGGACGAGTGTACGAACGTCTATATAAGCTTTCCGCAAGGTGCTAAATCAGCCATATTAGCCGGTAAGGGCGTGGGTCGTAAAAGCGGCACATTTTAGTAGGTCCTCTTCTCTGTCCTAAGTGACACGAGCACGTAAAGTATTAAAGTCTGTAGCTAACGCCGCACTACGATGGGGGTATCATTCCATACACTAAGGACGGGCGTTCCCTGATCTGCCCCTGTCGGGTTACCTTGGTTTTACTACCGGTTGACGGATAGACCATTGACACGTCTCGCAAGAAATGGACGGACCTGCACGTGCATGCGGAAATTGGGGTATGATGAAAGCCGCCAGGCGGAGAGCCCACCCACATGGCTGCCTCT,884,49.89,Arabidopsis thaliana
SEQ_439708,CGCGGAGAACTTAGACTGAACCAGCTCAGGTTGTTTAACGAGGGACCGATATGAGAATGCTAACTAAAAACATAAACTGTCGGCGAGTGCTGGAGCGTTGCTCAAGGTTCACCTACGTCTCTAGCTCTTGGTCTAACCTAGTGCGTACAGCCAAGCAGAGACTTGACTTGGTGGTCACACCGTT,184,49.46,Caenorhabditis elegans
SEQ_655511,CGCCGCACAAGACTAGCGCTCAAAAGCTGCATAAAACGGCCGCGGGTTCTTCCCTATTTGCTGGATAAGTTTGCTTTTAGCCAATAGCGACCATACGGGGGGATACAGTTTCTCAATTCTGCGCCGAGGCCTACAAGACACGTTCAATTAGTGGGACGAGCCGCTGTGCGCCCGTGACTCTTGGCCTACACCGAGGATTCGGCGTGAAACCCTAAGGCGTTGATGACTCGCAGGTAGCTTTCCGTTCTTTAGAGTGAGTGACGACACTGAGGCGTGGGGCGGCAGGGCGGTGTCCAAGACGATTAGATAATATGGAACCTGTTTCACCGTTACCTCGAAGATTCGTTGTGTAAGTGAAATTAGAGCCAGAAGACTGACCACGTTTGCGGCCTTAATCAGGTACTTTTACTGAGCGATGACTGTCCGGTCCTCAGCGCCAAAACTTGATCTGCTACATCAGTCCTCTAAATCTGAACTAGCATAATTGCTAGGGCATAAATAACCTTACTTATACGGAACCCCGTAGTCTCACTTTGGGTTCGATCAGGCTCTATTGGTTATGGAGGCCACCAGGGCCATACTTCGAGCCCACCCACAATGTTGGGTAGGTGTTTACCGTAGCGCGGGCGAGTACTGAGTGGCACATCAGGCCCTTTCCGGGGTCTCGATCTGTCTGCATCCGCTCAATTGACCGGATATCTCCCAAGACTTCAGTGTGGCGGAGGCACGTAAACCGGTTATGTGTTGAGTACTAATAGCGCAGACGCGCACTGGCAACAACGGTGGACAACATCTTTCCTAGTCAGACTTCCTGTGAGCACGCCAGTTGTTAGGCTTTAGGCTTTCTAGGTCATGTAAGAACGAGGTTAAATGCCATGGACCGATTCCTCACCGAAACCGCACCCGGTCTATCATCGACAAAGAAGCGATACAAGACAAAACGTCTTAGCACACAGGATGTTCTCTGCTCCCGCCATTTAAACGACGTGAACTTGTATTATCTCCTTCTTTGATCTGTCTTGGATCACTTATATGGCTTAAGCGCACGCGGAGGCGCAATTTCGCCCCAATTTTACTTCCAATTATCATCGAGAAAACTTACGCGCACAAACAATATCCAGTCAGGATCTGACAAACCTCGGTGGATACGCAAGGAGCTTGGCATCCTGAAACGTAAGGTTATTGCTCCCCACGTATCATTAGACCTATGCTATTATGTAGTGCATGGGTTTCATACGGCAACATGAATGACAAAATCTGAGATACCGTCACTAACAGTCCAAGGTACTTAATCGTTACGATCCTCGTACAAACCAACCCTACCGCTTCAGTCTCTCGGTGTAGATCTAGTTTCTACCGGGCGATTAGTGCAACGGTCATCTACTATGGGTCCAAAGCGCGTGGCAACCAAGCAAGAGGTGTTCGCATATTACCTATGGACAGCGGTGCATATATTTAACCAAGGAACCGCTCATAATTACTTGCCCCCCCAGCAAGGCTAGACCTAATCGGTAGGCTGCACGAGTTATGTAGAACGTGCCGCATGCGGTGAAGATGTACTTATTCCAGCAGATATCTTTGTCCGTCAACCCTGTGCCTTCAGACTCCGTCTTTAGA,1617,49.29,Escherichia coli
SEQ_754681,GGAATTAGGAGAGGTTCTACAGGGCACACATATTCTGCTTTACGACGGTTCCACACAATTCGCCGCTCCGCATGCAATAGAGTACAGTAGTTATCAGCCCCCGTTACCTGTGTCGGCAGAACTGTCCTGCAAGGTCCATCACTAACAGCACAATTGAATCCGCGATCGTTTTGCTGACGGTGTGCTATATTGTCCAACAGAGATAAATTCCGCCGGGGAGGCCCCTCTCCTCTTTCTAGGGGAGTTAGTCTGTCTCGGGGGAAGAACCACCTGTCACCACCACAGTTTGTTACGAAAGAGACTACTCCCGAACCGGGAACTCAGCGCAGTATACTCCTTATAACATGCCTGCGAAGATTCCCCCGGGGGAAATCGCAACGCAGGCAAAATAGCGGGTCCATCCCGGCGACTCTAAACAGATCTGAGCACCCTAAGAGGAAGGCTCCTCGCAGTCCTGCCTGAAGTCACTATGCACTCCCGATGATCATCTGAGTAAGGGCCTTTAGATTTAACACTTGGGACGATTAAATCAAGTCTCCGTCTGCTCGCACAAACAATAGGTATAAAGAGCCTTTTTATAAATCGGGTATTCATGACTTAGACCGGAGGCTTGAGGCTAACATACCTCCCAAGGAACACTGAGTGCGGTGAATATATACTGTATCGGCTTTGCCACGCCACTTTATCGAGTGAAGCGTACATCGCTCTAGATGGGCGATGTCGTAACGTACGGACTTGATAGTATATTCCGTACGACGTCCATTTAGTTACCGGACCAGTTCGCGAAAGTAAAAGATTAGGATGCAGTGAAACGTCTGCGAATCTGCCAGGTGGGAGGGGGACCTTTCATAATCCCTGGACCTTGTCTGGATCGCCAAAGACGCCACATAGTTTGCCCTTTCTAGAATATTATTGGCCATGGTTTAACATTCTCCTTGATAGTGCGCCACCTTGAGTTCCTTGTATTATCATCAGAGCTTGGCGAAGTCCACTACGGCGTCATAGCGGCTTAGTTGGCGTAGCGTTCTCTTACGAATGCGAACATCTGTCGAGGGGTGTTCTTACCTTGGCACCGGTCAAAGGCCAGGTCCGAGGCCTGAACCCTAGGTGGTTAGCTCTGTTGATCCACTCGCCATTCACATACTATAAGGGCGGTAAGCGCGTGATGGGCGAACGTGGCGGTTCTACCGAGACCACACAATGTGCGTAGCCGGAAACATACAAGTCACACGTGAGAGAACTCCGGTTTGCACGTACTCCGCGAAACTTCTAGATCATGATTGTGCGTTCGCGCCTCTTCGTGCGACGAATGGATCCAGACACCTATCTTCACAGTGCTCTCACGAAGATCATAGCTCCGACCGACCTCTCGGCAGGGTCAGAAGGTGAAGCGGCAAGCACTACTACGACGTCACTGTGTCTAGTGAGCTGTCTCCATGTAAGAG,1445,50.73,Escherichia coli
SEQ_869325,TGCCGCCTGATGCTTTGGGCAGAGGGGATCGTAGTTAGAGATAATGTTAGGATACCCCTATCGAGTACGCACCGACGCCCTACAGAGCGGAGCGCGCGCTTCCACAAACCCCTACCCTTCGGCGACCATAAAATGGCATGAGAGTGATCCGTATGGGCCGTGACGTAAGTTAGTTATACTTGACAAATATTAACACGATAAAGGCTTCTCGGGGTTGGTCGACAGGTAGGGAAAGGACTTTACTATCAATAAGCGCTGAAGGTAGATCGCCTTTCTGTTAAAAGTCTTTGGAGCTTGGAGTATAATGCTAGCCATCGGGCCGCTTATTCACATCCAGGTGACTACTAGGTAAAAAATCCTTGAGGTAATATATTTCTGCGAATAACCATTAAAATTCCTTTGTCTTTACCAAATTTATCTATTGAGCGAAATGGTTGGTATAGTGTGGACACGTGAACCAGGATTTAGTGGTTAGTCCATCTTGAACGGCCGGCTCTGATAACTCCGGGGATCGGCCATGACCCATCAGCTACGTTTCGCTCCACAATCTACAAGCCGCTGGAACCTGGTAGTGCCCTAGGGGGCTTCTAGCGGGAACCGAGTACATACGGCCGGAATGGTGGCTATGGTGCCGGAGCGCCCGGCAGCGGTTCGATAACAATGATAAACTGCCACACCATGCGTACTACAGGGGTAAAGAAAGGAACAACAATATGATTCTCCTTAATACACACGGCTGTACATGGGCATCTTTAAACCCATTATCACCCGCTCCAAGCAAAGAGTTCTAATGCGCGTTGTACCGCTTAGCTCATCATTCCATATATTCACGTCGCAAGGTTCCGGCATTAATAAAGGGTACCCTCCATGAGACTCGTATTTTTTCACGAGGAGGTTTGCACCCTATCTCTGATCGGGAGCAGTT,925,48.11,Drosophila melanogaster
SEQ_314958,ACGGAGATTTAGGGCAGAGTGCAACGCTGTTAATCTGAAGCTGCCATCACTCCTTTGTATTCGCCCTTTCTTCATTAGCCTATCTCAGTACTTGGCACTGTATATAACGAAACTGTCGATGATGGTACGAAGCAAACGGGGAGCATCGCCTCCATGTCTGTAGCCATATTCGAGGTGTCTATATTCGGATTGGCTAGCATTCCGGAGAGCGTCTTTCGTCTGACGGGACAATTCGTATGTCAGAACATTACGAATAGTGCCCTGCTTTGCCATGTCCCCCTCCAGAAGCCGACAAATATGGAGGGACCCTATGGCAGGACTACACCCTTATGACAACTGGTCCTAGTACCGAAGAATATCGAGTATGGACTAGATCGCGCAAAAAGAGCGGTGAAGAAGAAGGGAATTTCCGAGTAACAAAGGCAGATGTCTATCGGCTATATGCATCTTATTACTGTAGGTCCTCTAACAATATTCAGCTCAATGGAGAGTATGAAAAACGAACCACATAGCGCTTAAGCTGGGTCCCGTCCGTTTAGTGCGCGAAAATCAATATACGCGTTTCGGTTATCCCTGAATAAAGGTAAAAAGCTGCTCCCGCTCGTTTCATAGAAAGTATATTGTACAAGTCCCTACCAATGCTAGATGAATATTGCGCCTGTTTAAAGGCATTTCTATTCATGGCGAGCCGTGGAAATCAATGCGATTGCCTCCTTGATGACACGAGAGCAGAACTAGTTGGAACTTGGTGAGGTGACACCCGTCCCACCTACATACGGTACGTACTAGCGCGAAATCTTCGTCTCGGGTCTTTGGAAAGGATGTTGCGGAACACATACATATAGCGGGGTAGAGATCGGCTTCGGAATCTCGATAATTGATCCTCAGAGCCCGAATGGGCCTCGTACAAGGTCCTTCTCAGTGGTTTCACGCTGCCGAAAGTCAGATGAGGGGAATGTTTGGTTAGACAGCCCGCAATACCGCTCAGAATGCCGTGATGATAGGCATCGGACCTACCCTACGGCGTATGTAGGTACGGATTCTGTCAACGTGAGAAATAAAACTAATGTCAGGTCGCGACATGAGATATAAAAATCAGTGGAATGGAAGACTTTGACCAACACACATATGTCATAAGTGCGGACAATGGAGGGTTACATCCACCAGAGCATATGTCCGCCTTAAGGTGTAACCGCCCTTGGCGTTCAACAAACCGAGGACCCCTATCATGGTCATCCGTGAATCAGAAGTAGTTTGGGAACCGAGCCAATAGCCACGTGTCTTCAACCTAGTTTATTATGGCACTGCCTGCCCCGCGATTTCATGTCCTAATCGGTCCCCCCAACCACGCAATCAAGGACGCGATCGCGAACAACGTGAAGTTTAACATGCGGGGATTTCCAACGGGTCTCACGTGTAAATGTGTGTCGGTTCACCGCGTAGGTGGGTAGGATCCCTCTTGTGATCTCTCTTAGCAAGAAGGTACATCACGACCTCACGAGAAACTTCTCATGCCGACGTACGTAGCTAAAATTGCTACATGCAACTCTTCTAATTAGGTACACGTCAACCCGACCCCTTGCGAGGAAATCTTTAATGCGGTACTCCAGACGCCATCAAGGCATGGTGAACAGTGGAGATTTTGCTTTCTTTGACATAGGGCGTAGACCTACTTGAAAGCTGAAATGTTCCGACTGTGAGGCGGCGAGAAAAGAACGATAGTCGCATGTGCTGCTTGTCAAACAGTTGAAGGGATTACCCTTAATGACGGCTACCGACTACCCTAGGACCCAATTAATCAGAATCTTAAAAGGTGGCTGTTTATCGCTGGCGCACCATGATTAAGCTGAGCGAACTGCAGTCTAGACTATATCCAGGAGG,1881,47.85,Caenorhabditis elegans
SEQ_622561,TCGGTCCGCTCTTGAACATTGGCCGGATCCCCAGCTATGTTGGTAGAGTTAACTACCCCTCAGATCTCAGAGGGCCACCGCGCAGACGCTACCTAACAAGTACGCCTCTCCGTCTTATCACTCGCCTAAGGGGTAATAGGCAGTGAAAAGATGAAGCATGTTGTCTTCTTACATTGCCGCCGCACAGATAGTGATCGGAGGCATCAAGAGGATAAGATTTGCTCAGGACCTCTGCTAGTATATAATAGACGATTGCGAAGTCGCGACTACCAATTTAGACAAAGTCGCGTCATTTGCGTGCATAAGGCGCCTCGCGGGTGACGCCCCGACTGGTGCACACGGTCTGGCTGGGGATACGTTGGGTTAAGAATGAAACCAGTACTGGAAGCAGACCAGGTATTGGTTCCATAGACTTACCTTCGTATATCGCTGTTATGTCCGTTGTAAAACCATTGTTATAGATCCTGCGGTACGAAGCCTTGCAGGGCGTTCCACGCCCCTCTTGATTTGTAATAGCGTAACTGGTCA,528,50.38,Arabidopsis thaliana
SEQ_384567,CAGGGGTGGCAGGTGAGTTACTGTTTCTCGCAAAGGTAAATCCGTTCAGGGACCGGCGTGATTTTATAGCGCCCGGACTATCCGGTCTCTCACGGTGATGGTGGACCTGTTGGCAACGGAGGTTTGGTCTTCGGCCCTTCACGTACCCTTATATAACACCTGAAAAGATTGGGTGAAGATTTCTCTACCTAGTTAGACGCGACACGAAAATTGATATCTATGGTTGACGTAACCCCAACATCGAGTTGAGGTGGATGTGGGTGCTCACACCTTGTACGTGTAAGAATACTTTGAGTCTGCAGGCAGGTAGCATGATGACGACGTTGACGCGAATCATTTAGATCGAATCCTCATGGACCATTTGGTAAGCTGGTTCACTCGAACACAGAGGATGCGCGTCTCAACGAACATACCTTACAGTCTGAACATAG,431,48.72,Escherichia coli
SEQ_593253,CCGCTGTCTGCCGAATCCGACGCCAACCCACTGACAGGTTATTAGCTCCGGGTCCTTAATGTTCTTGTCAGAGACTCCCTGAAACAAGCGAGTCTGAAGCATTGGTGGTCTGTACTAATCCAACTAGCATAGACGTGGTTGATGGGTGAGCGCGAGGCGCATTCTAGCCTGTCTGAACTATTCTTACTGACCGACATTGCCGGCGTGGTTGCCACCCTTCAATCTTAACCACATGACCAAGTACGTAAGGGGGGTTCGCCGTGCGGTACGATGATACTTACTGTCTCCCCGGATTGCAAGAGTTCCGACTACCTGTGTTACGGGAGCACCGAGAGCTATTCACTAGTCGCATTGTTGCACACTTTCGATCGCAGGGGAGCAATTTCAACGGGCATCTCGTGTCGTTTAAAGCTGATGCGGGTGACAACGCACGCCATGCGATCGTTAGGATTTGAACAAATCATACCGACGTATTTGAGTGGAACTCGCAAGCGTTACGACCCGAGATAGTGGATGTAAAACGTGTCTCTACCATCTGCTGCCTCTAGAAAGCGTAATGCCAGAAAAGGACTCCCGGGGCGCAATACTTGTCATAAGTCATTTTTTAACAAATCTCAAAGCAGCGAATCACCATTTATGATAGTTCAGAAATCCGGTGATCGTCAATGCCGACAGCCTGGGAAACAGCATGCCGCATATTGGACGTCCGCTCTCTCCGAAGTAACATCATTCACAGTTACCCGAATGTGACAAAATAGGCCGCGAGGGCCTGATGACCACGTTAGTTCCTTTAGATTATTCTACCAACCGTCAAGCTCTTAGTTGGAACTCCCCTACGCATTAAGTACGGTCTAAGATTTTCAGTTTATCCGCTGAGCGCGCAATGTTAGAGAATCTAAGTTTGTTGTTGTCCACCGCTCTTGGAATTAATGAGTTAATGTCTGATCCTGAGGAGTAGGGGGCCCCGTTCAATCTCGTGGTTCTAATTACAAAGAGCAACTAATCCCTCGACTACAATTCAGCGGAGTAGCGGGTATGAGAGAACGGGACCGACCCATTACCCGACTTCATGTGTACCCCTGTAGGTATCAACGTTGGCTACAAGTCCCACCCAGTTCCTCATATCCGTTAAGTGACATGACTCTTACTGAATTTCACTGTCGCCCGACCATTGAGCATTATGCCTGGCCATCCTACTGGCCTAGATGACCCTGCAAGGATGATTTCATCCCGGGCCTGTACTCCACTGTTGTGCCTTACCTCATAGTATTAATCAAGTGATCTACACACTTCATCAGATGCAAAAAGCTACAGGTCGCTTAAGCATCTGTAGGACTTGGAGTCAATAAACGTGTAGGAAGCGCCATCATGACACACATCATCACTTCTTGCGTCAGGCACCTTCTCGAGGACCGGTTGGATGGTGTTGACGCAGACCATCGTATCGCGATCGAGTCAGACTATCTGCCTATAGGTTACTGCGCTCCGCGAAACCCGCCGCAATTGTACAAAACACTACCTGCTCATAACGTCCCAACGCAGGTTTCTCAGCTGCGAGGTGTCGCGGCTGGCCAAGTCGTCTCCAGTCACCAGACTCGATTTGCGTCGCGACTGGCAACGCATCCTCGACGCGATTTAAGAGCCCTCTGACGCCCTCCACCCTCCTGATTATCGGAGAATCCACACCAGGAGATTGCATTCCAGACGAGTGGGCCCACGAGGGCAGACACAAGGTCTTTCTGCACCTGTTCGACTACCT,1759,50.2,Homo sapiens
SEQ_776043,TCTAATGCCGCAGGATGCGATTAGGAAAAAGCTAGGCCCTAAAAATGGATGGCCGAGATCCTGCCGATCTGACTGTAACCAGGAGATAACACTAGCTTATCAAGATCCCCACTTTGACTGCCAGGGCGCGTACCGCAATTTGTAATGGCTCGTGCTAGTACGATGTCTAGTCCCAGGGTATGGATAAGTCCTCGTCACACGTTTTGGGTGGAGCGCGTCTTCACTCGATCCGTCAATGTGCGAATCCACAAATTCTATGCATCAGCCCTGCCACACTCAATTGCCTACCTAGAGGGTTCGCTGCGT,306,50.98,Mus musculus
SEQ_406207,CTAACGGGGTCCGTGAGGCCTATCATCCCGCAGTGGGAGATGTCCGACCTACATCAGCCGGACGACTGGATATAAGCCGAGGGGGTCGGAGTACCCGATTTAAGTCGCCTCGCGTCTTAGGCAAATGACCGCGTGCACCTCTGCAGCTGTGGACAGAATGACTTCTTAGTCCATGACATTCAAGTAACCTCGCATACTCCGCTGTGCGCACGTCATTGTCGATCTGATCAGTGCAGATTTCAGTAAGGCTTTCCGCGGGTCCAATACGAACACAGCGTCAGATGTCTGCACCCTAATGACACTGTATGCCCGTACCTCCTGTGCACCGTCATCAAAAACACGGTTGCAGAGGAGTACGCTCTGTGGGTGACTAAAGCGGAATAGTCCAAATGTAGTTACATGCTTGTAAAATCTAATCTTTCCCAACCTGCCGATCAACGGTGGCTGAAGGCCGAGAGTAGGGTCATGAGTGATCAGATGATTATTACTCCCACAAGCGCTCCTTCGACACTAGGGTTGGCTTAAGTGTGCAAACCCCGTGGCGAACACAGGGGTTGCACGGGACCTGGAGCTGCGTCAAGGAGCAGCGGAATAGTATTACTTTTTCAGAGTTAACAGAACTCTCTATTTAAGTCCTGCGCAGAGATTAGCATAAAAACTGAAAATTAGAAAGGTATCTACCGCTACGCGTCTTCTGTAGCTTGCAATCTATGCAGTCTCCGTGATTGAGAATTACGGTTCTGTGTAAAGATTCTCGGATCCGAAGTGGGGCCCTCAGCTAAGATGTCCTTCCCCCCCAAGCCGGACCCCATGGCGACCGGCCTAGGAGTTCGGCAAGACACGCTTCAAAACTCGGGGTTCACCGTAATTATTGTATTCTTGACGAAAGCGAGAAATCACCCCGTGATGTTCAATCTTATGATGGAGATCAGGAGATGCAGACCTTGGGTCTACAAGTACGACTGTACTTGTGCCACGACCAAGTGAGGATGCATGAGTAACGCATACCTTGCTCTAACGGCTGATATAGGAATCGAATAACAGGTGCGGAAAGAGCGCTCATGTTAACATTAGGC,1076,50.19,Homo sapiens
SEQ_952752,CCTGCGGGATCATCCTATCGTATCATTCTTAGAGTTCAAAATGTCCACAGCTTGTTGCATGCGAATGGGGCATCTTGTGTTGGTCGTAGCACGATTGAGCTAAAGCGTTGGCGCGCATGGCGCAGAGGAGTGTGTGGATTCATATCTTTGAGTAGGAGTCAGGTCGCAGTAACAGACCTTGGTAGCTCGGTGTCAGCTTATGGAGAGTCCGTGGGTGAGTGCCCAACTACTACGGACGGCTCCGATCCCCTCACGATTAGGCGCAGGTGTACGAGCTCCACTATACGAAACAATTTTACTAAGAGTGGGTCACGAACCTGTCAAGGTGTTCGGCTGCCACCTCGATGGTTACCTCGTTCTTCCCGTCGCTAGAACAGCCCCGTTTAATTAGCTATTGGAGCGAAGGTGAAACTTATAACTTAACTCCGACTCTGAAGCCAGCAACCTACGACTTAATGTCTGGCATTACAAGTGCCTGAATCCGGGCCCCGTCCGCTGGGGAGGGCAGTGGACTCGTAGCCCCACTCGTACGAAGTGAAAAACGAAATCATTTAGGCATGTCCGCTACCCATCCGTATGGAACCTTTATGAGCTCCCGAGTGCAAGGTTCGAAATTAATGGGGGCACATCTCCCGGCAGCTTTGCACTTCATTCGTCGAGCTACTTACGTCTCACAGCTGCCGATAAGGTTAAATTCAGGGCAGAACGCACGTTACGGTGACCCTGACAGATCATAGGTTTGATTGGACAATCCTTCCGTTGGGATGAAAGCCGGGTAAGACCGGCCCCATCCGACCTTAGCAAAGTACATCCAATATAATCTGTCAATCAGATTAATTCTGCGCGAATGTCGACTTCCTAATTCGATACTACTACATTCATATGTACGGGCATTATGCCGCGATCCATGAAGAAACGGCATTCAAGGTCAATCAGAACTACGCCAAACGATTCACACTCCGGTTTTGACACGAGAGACCGCTGTTACTGGCAAAGCTTGGGGTGTAGTACATTTCTGTTACCATAGCTGAGGGGCGGGGAGGTGACATGTCAACATCACGCACAGAATAGTATACAATCGCATGCATCGACTTTTGGATGAGTAGATAGCGGAACCGGGTATTATGGATAAGGTGGCTACCCCTAGAACCACCCCTAGTGCATAACCTTGATTAATAACATAAGCTCATGCGTGTTCTTGATGGTGGTTTTAACTAGAAGCTAATAGTTTCTCTCGTTGGACTAGATACGGATTGTGCCTGTATTCCCGTTGCTCCAACTACCCTTTTTTTGCGCTCACTTACACGAAAAGGAATTGTACGATTTATTATGGTTAGTTTATGCTGGTGATTGCGAAGCGGCTTCCGATAGTCTTTTGAGGTGAGAACAATATTATGGACTTATTAGGTAGGGTACGGCAGTTTTTTCCAAATAGGCGGCCGCGTGCAAGTGC,1453,48.31,Escherichia coli
SEQ_462229,GCGCCGGTTTCAGGTGACCCAGATTCACCTCCTCACCCTGGGAGCTTAATAAGATCAAAGGTAGGGGGACACACTGCTGCGTGTCGGAACTTAAGTCAGGCGCGTCCGCTTGGTAGCGACGGGGAGCTGTAAGGGAAAGTAGCCAGTCGGACCGTTTAATTAGTTATAGCACGTTGAGCGTGCGGGCAACAAAGCCATAAGCGATTCCTTCTATGCACAGGGCAACTACGGGTCCCCTGGTTCCCGTTTCGTCGTTAGTAGTGCTGGCTATCGTGTAGCCAATAAAAGTCACTAGCTTCAGGTGCCTGTGTTTTCTTACTTGCGCGGCCATCCAAGCTGAATTTGCGTCGATTCGTTTTCAAGACTTCTCTTCAAATGCGTTACAAGATGTGTCACAGGCATACCCACGTCTGATACCCCATTGATTCAACGACGGCGAAACCCTCCAGTTTTTTAAGCGCCTTAAGTCCCCGGGCGGATTTTGGCCAGTGAGAGTATGTCTTTCTGGTCGCGTGGGGTCCTATTCCACCGGAAACGCATCCGCTTATCCATGCGCAGCCTATAAAAACTAGTCTATAGATGAGGTAAGATAACCCCCACGTCCATACCCAACCTGTCAGGGACTCGTACAGGACAGATTTGTTTGCTAGAAACTAGACCTTCCGTGTAGTCATATGCGGAATAAGATCTCCAGCTCTACTACGTCGTAAGCCAGTGTGTCTGGGGCCGCGAAGCTAGTCTTTCGTCATGGTTTTACTGCATGGATGTAAAGTAATCTTGCTGTACCTCCAGAGTGACCTTCGGTATAGGTGTCATGGCAGCATCCCAGTCCGGTAACGGCACTCTAATTTAAGGATTTACCCG,864,50.46,Mus musculus
SEQ_478569,GGTCTGCATACAAGAAATGCGTCTGGTCCCCTGAGTTATTACGAGTGTAGTGCACCACCGTCTACTTCAGAATGAGCATCCAATCGATGACTGCTTGTCACCCGGCTTCGGCGCCTAGAACAGAAATGGAATGACGGACGTTTTCCGCTCTTATAGCGTCTTCGAGGACCCGCCACCTTCCGTATTAATGAGTAGGTACCAGGCTTCGCTTCACGTAGAGCGGCGGCATTTTTGATACAGGTGCGACATTCGCAGTTAGCGATCAGGGCTAAAGATCGTGGTAAGTATGAGTGAATGGTCAAGACTGCACTACTCTAATGTCTCTCGCGACGTAAAGGGACA,342,50.29,Saccharomyces cerevisiae
SEQ_313614,AAACTCGATACTGCTGGATCGAAGTCCTCGACAATGTGTTGTTTGCTGGAACGCCCACATGATTTCGGTGAATGGTCCGGATGGTGGAAGGGTTGTTACTATGCTGGTCGCAAACTGACTGTCCCCCGTACATTATGACGCCTATTCACCCTACTGGCATACAGCCCGCGGGTACAAGCCATTTGTAACCATCCACTCTTGAGAGACTGGCAACGCAAATCCCGGTACCCTAAGTCGGATAGCAGGTCCAAGTCAAGTCGTTAAGTTTTAGTAAATCTAGTTTGTGCGCCCAGAAATAAAACAGTGATGGAAATCATACGACTGCCTTGATAGTGTATTAACGAAGGTGATTACCGGGGAAAGACCAGAGAGACCTTTGACTAGTCCTTGCGACGTTTGTAAACGCCGCCGGATTTGAAGATCAGACTCGGTTTAAGACAATTCATATCTATCCGGATTACTGGCACGGCCTTAGTAAAAGCTCACAACAGATTTCTGGTGGTTGGGTTGGTACTGCACCCGTATAAGGCTGAATAGGGCAAGACATAAGCGAGATGAAGTGGGCCTAGAAGAAACAGCGTAATCTACTGGTTCAGACCTCCCGGGACCGGCTGCTCGCGTTCTTACGCATGCATTACGACACGAACTCAGCATTGTGGGAAGTGCGAGAGACTTACCGTAGCTCGTACGATGTTAGGACGAATATATGATCCGACGTCGAGAAGGTTGACATGGAACCCATAGCATGTCAAGAAAGCAGGGGGCGATTCCTTCCTGGGTATGCCTCACACCTTTGTAAGTTCAGGAACGATCAAACAGTGAGCTACGAACATCAAAAGTATGCATATACCCGCAAGCGATGCCGTAAGATTTCTTTTACTCTAGCCGCTGAAGGTCTAAAAGCTCGACAGCGCCGTACAAGTCGACTATGACTCGCCCGCTTAGGGCCGAGTTATTCCGGTTTCGCGGGGTACGTGGACATATGTCAGACGCAAAGCTTTGCACGTTGTGCACTAGGTGTGGTCACTTAGCATGACACTTTCTGGTTGTCAGATTTTACAGCCAGAACATCGGTGCAGGGCGCATTTTTGCCAGTCGGCCCTGGCCTGGACCTGTTATCTAATTGAAAGATCATACTTCACAAACAGAAGCCATCCGCATGCTGCTTCCGAATCTGCTCCGAGAACCATTCTGGATTGAACATAGAATATCATTCCCTCGGAGGAAGTGTGACGCTATTTCATGACTTTGTCGACATGGGCCCCGCTAGCTAGGTTGTATTCGTCTCCCGGTGAACCGCGAGACGTCATTCTTAAGGCAACCTAAACCGTGGATAGCGTTTATAAGGGCAGCGTTCCATGAAACGGCCCTTTTATCTTTTCATCATCCCCCCTGGCGGGCCGGATTATTTTCTGTGGGGAATAAGGCCGGCTAGTGCGGGGTATTCCTTTCGCGTCCATTCATCTGCCAGCGAGTCGACATGGCTATGCGCGAGGTCAAGAAGACAACGTGTATGCTAAAGTACTCTGTTCACAGGGCACATCCCTTATCACCCCTGGCCCTGACGTACGCGATGCGAACTAACTGAGGGTCGGCCGGGATCGAGGGGTAATGCGAATGATAGGAGACAACCCTCCGTTACGTGTTGGAATTGGTTGGATAAACACTTAGAGTTCTTACTAAACGGTGGATTGCCGCCTTTATATTACAGCCACTGACGTAGCATCTGGGAACAAAGGAACGCCATGGATCTTACAGGGTCCTCGAACGTGGATCTACCGCGAAGCCGCCTGCGGACCTTATATGGAAGAATCAGCGACTGTGTGAGAAAAGTAGAATGGGAAGGAAATGAGGGGTCCGGGACGGATCGTACGATAACGCGCCTGAGGTGTCTTACCCTAGCCGGTGGACTGCATGCCATACGTAATGTAAGCAGGCTGGTTATTAGCCTCAAGAGCGTGATGAAACGACAGTCCGGATTCACATGGTG,1990,49.95,Arabidopsis thaliana
SEQ_880646,CGAGCGTCTGCTTCTTGACGGATAGGAGCGCGGATGCTGAGTTTCGGCCTATGAGGCGTCCAACGGTCTCCGCGGATCATGTATGCTGCGTCCGAGCAAGCGTATATAAGCCAACTGATATTTCAACAATCTTGCCAGGGGTTACCGATTTCGTAGCAGGTGCCTAACAGCCCGCCACCTCTGACATTCGTAGCGAGAGAATTATCGGCCCAGATTGTACACCCATGGTTGATACTAAACTGGGCTGACGTTTCGTAAGTCAGTCCACGTACGCATGCTACATAGTGGTCGAATGCGCGCGTCATCCATAAGTAAGCTGGACTCCTGAGTACTTATGTGAATTTGTGGGCCGTCCTATGTAGGCCGTTAGTCGTGACCAAACCAACAGATTGCGTACCATTCTTTACCTAAAAAGGCTGGATAGATAGATGTCCGAAACCCGCTGCCCCGATTCCCTACGAGATTTGGCCGGAGAGGGATAGAGAACCCGACCAGTCCAAAGTGGGATATACCTCAGTACGTGCGGCAAACAGGATTTAGATAGAATGACTTCGATAGTGAGGGCATTTCTTGCCGCCAAGAGCAAGACGAGAAACCTGGTCACCCTTGAGTACAACCGATCCTTAATCCGAGAGGGAACAATTAGGTCGTCAATAAAAAGTCTTAACACAACATAACTCGTGTATTAGCCAGGTCAGTGTAGCAGAGAATTGGCCCAGGACTTGAAAACCGTAGCCAAGGGTCTCCTTTGGATCTAGGGATGCCCCTCGTCCCTGGATTCGTGAGTACTCTGGCAATTAAATCGGTTTCATGTATAGTAGTCATG,826,49.52,Saccharomyces cerevisiae
SEQ_407527,GCGGCCTCATTCGAGCGTTGCCCTGTTCCACCCTTGGCGCAGGGTACCCGGCACAGCCCATTCGCAGGTGGCAGCCACTTGATCCGTGGGTACAGGTTAGTGTTCAACTATCGTTCAGCGTCGCTCAAATATATTTAAGTGGTTAGGGAATGTTCACCTAAACTCGCGGCGGGAATTCGCCTGGATAACGTCGAATTTAATGCCGCTCGAGTGCTGAGGTGCGCTATTCTTGCCTCAATTATTGTCCGAACCCTGAGCTAACTATCAACCGGCTATGCCCTGGAATAAACACTATAGGCAGTTTTGCCACGGTCTGAGGTCCAGAGCTGGGATCGGGCGCCTATAATCATTAGATCTGAAACTTCTATAAATGCTTCTGTCCAATTTCGAGTAGCCACCGCCTCCTACGACACTCAGTGGCCCTTATCCTTTCCCTCGCGAGCACTTGTAACTGCATTCCCGCGCGATATGATAATACAGCTTAACTGACATAGGGACTTATATACGCCAACGACCCGAAACACGCTCGTGTCCACCTCTGGTCTCCCGTAATTGGGACTTTGTAGCGTCCGTCTACAGCTACGTGGAGGGATCCAAACACCCTTAAGGCGCAGCTAAATTTAAGCTCGCCCACGTGACTACATATCGCCTCATCCAGACCAGACCCCTAGGTGATGTTATCTTCCGTGCCGGCCCCGCTGTCCCGGAATGAACATACATGTGGTGCTGAGCCGTTAGTCTTCTTGACGAAAACATTCCGATTGTAGTCTAGGTGACTCAGCTGAAGAGT,790,51.52,Arabidopsis thaliana
SEQ_179788,GGCCAGCTACCAGGGTATCTCGATGGACTGCTCTGCCTGAAGAGGACCCTACCTAGTACGCTTGTCCATAAACGAGAGCGTCCTCGCTTGTTGAAGCAAAGTTTACATAGAAACCCCCGCAACAAGAAACGATCATAAAACTGGATTCCTTAGGGCGGAGTTGTTTGGAGCGCATATCTCTTTGTCTAGCATTCCAACCACCTACGAGAGTAGCGTGACAACAAAATGACCATCGATAAAGTTCTCATACCACGGGTCCCTGCGAAACTCCGTCGTACACCCTGGACATTACCCGCCAATCTTGATGTTGTATTACTCAACAAAGGGCCCCAACAATAAGCACTTTTTATTGCCAAAACAGGTGCGCTCTAAGCCACGGAGGCCCTGAGGTTCTATGAAACATAGGTAAGATAGGCAAGGCTATTCGGGAGGGCCTCACCCACAGACAGTAGGGCAGCGTGCCCAAATATTGAGTATAGCTAAGGTTCGCCGGTGACACATGACTCTGACAAACATTAGACAGCGCGCTCAGCAACGAATACTGGGTAGAGCTGTTCGAATTTATCCAAAACCTAACAGCAACCCCCCTATAGTCCGGTTCGACGTGTATCCGGTACCAGGCCGGCACGAGCGTTGATGGTGCAGTACACAAACTGTATATGTTGTTCTTGGGGACTGATT,681,49.34,Caenorhabditis elegans
SEQ_504916,ACAGCCCGCGGGCAACCGAAACCCCGAGCTCCTGGGTGGATGGTGCGTATCGCAGTACGTCAGTATCGCTAGACATATTCAAACCGCCGGCACTTGGATACCCCGACCCACTCCAGTCCTATAAGATACCGCCCTAATAAACTTGGTCTAGCATTAACTTGGTAATGGATTCGTAATATGTTACGACGAAATTGAACCTGAGCTGTCTCGGTGTTCTCCATTGCGTTGGCATTCGTAGTGTGAGATAATGCATTCCAAAGCCATCGCTCTTGATTCTTGTTTGAACTTGCGGAGATACGGGAATCCTGGGCCCATGAGATGGTGCTCGGTCAGGATCTGTTACGAACGTGCTCACCACATCACGGTGCTGCCACGGATCGTGTGAGCTCTACCGGGTCGATGGAACTCAGTCATAAGCCCTGGTCCAGCCGCTGAGTCCCATGCTGGTGATGGCGCTGGCTGAGAGAACCCACTCCTACCATGACGCCGCCGGGATCTTAGGGGCGAAGCCCGCTCTCCTATGCAGCTTCGACACAGTCAACACAAAATTGCGGACATATGTGACGCGTAGATGCCTGCTACTTGACCCGGATCGAAACGATAGTACCGCAGTTTTGTCTGAAGAGACCTGACTGTGTAAAAGATATAACCTACTGATTGCACCTCGCGTGCCATGGTGACGGACGTGTTCAGGGTCGTCGCGTTTTAGAGTTCTAGGCACATTTAAGTAGGTCCACATGCTCGTAGAACGGCCCGGGCAGGACATCCTGCGATTAGACCGCTACACTTCGAGACCCATTAGTAACCGGTTTCCTGTGACAAAAATCCGCTTGCGCATTACCGATGGCCCTATTACTGCGAGTCCCGCGTCTGCGACACAATAATGGTATGAACCACGGGGATCGCGACCAAAATTGAAGGAGCGACTTACGAAGCATGACTTCAAGGCTAAGACGATCTTCTCCTCCGCGAATACAGTCGAGGTCGCGGTTGAGGATGTGCACGCTCACTGGCACGGCTGTATTTTCAAACACGATGGTGACTGGAGGCATCTGCCTAAAGTCACTAAGAAGCCTATTATCCCCACGATAGTCGGGCGACAGTGTGGAGGGAGGGTGTCACTTAAAGTTCGGCAAAATACGTCAGTACCCCCGGTAAACTAGGGGTATGAAAGTGTCTCTTGACCCGGAGGCAAAATTTCGGCTAACGTAAACACAATATTGCTTATGTTAGTGCAAGGACTACACACATTCATAGAAAACAGGTATAGTGACCACATGTGAGAGGTGTGTTAATTTTTCAGAATTGGGAGTGTGAATTCGCTTCTCAGCGACTGTTTTGACTACATTCCCAGCGCGAAACCATTAAAGGCTGATTGGGGAACAGACCACAACCCGTGAAGTGCGAGTCTAGAGTAGAGACCCGCTAGGCAAACATCCGTTCGAGTGCGTGCACTCGCCCTCCGTCAGAGGTAGATGCCACATTGAACTCAGTGCATTGGGCATGCGACGCCCATAGGCAGCGTACTGCCACGCCCCACGTTAAAATTAAGGTTTCACTTCATCCCTCCTCAACAGCGCACATCGAAAGCGGACCGGCAGGAAAGATAGCCGATATTAAAGTTCCTTTAATCCGCCCCCCTAGATCACTGGGCTTTCCCACGCCACTAGTTAACACTCCGTCTCTTGAGCTCCCTCGCTGCGCCGGGTTTTGAGAGTGCA,1721,51.66,Arabidopsis thaliana
SEQ_369618,AGAAGGTGTGCCCCTGCCGATCGCACCGATATTTTAAAGTCTGTAGTAAAACAACCGTGGGCAGCCACTGCTCTCCTATAGTGCGCTACACCGCAAGTGAAGTAGTATAGGGAATGGTTATATCCACGTATTCCCAACCGCTCGGCCGCAGCCCCGATTGGCTAAGACAGTTGTTCCGTTTAATCCGCAGGTGGGATCCTTGCGCACGAAGGGCGGATATGAAAGGAAGATTCGAGGCTAATTAGCTCTATACGTAGTTGTGGTAAACTCTTCTCTTAGCGTTACGTGTTCTGTTCAGCAACAACACCGAGATATGTGGTTACGCCCCTGCAGGCGACCTATGCGGCCGCCCGGAATTCTCTCCTTCAACACTACCCTTCGTGTAAGAATCCCGATCGATTCATGGAAACCTAACTCAGGGGAGGCCTGATTAGGCTGGTATAACTCCCTGACAGAAACAGGTCGGTGGAAGGCAGGCCTGGCAAAGTATCGCTAGGACTTAGCGAAGGGGTGGGAGTACATTCCGCCACGCTCACTCTGTACCACCCTAAAATGCAAGCCACGGCAATCCCCATCTCTCTATGGTATCGTAATTTCGGATGAGGTTACTATCGGCTAAGCCTAGTTCCTTAGTGTGTACGCGTCCCCGCAGGCACCAACATGTTGGAAAGATATGGGGCGTTCGGGGGGTCCCTGACACCACGCACGATCCTCTCCACCCCCCTTCGTGAACTAACTTCCACGCATATACATTTGTTGGATTCATACGCCGATTAGAGTCGTCGCGGACTCGGGAACCGTAATAATCTACAGATGGGCGCAGTGGATCCGACCGTCCCACTCTCCTTGAATATGAACCAGATTGTATCCATTCTCGCCTCTGAATGATGTGACTGAGTAAACCATGGCAGTGCCTGCTCAAGTAGATACGGCTCGGCACCCTGATAATGGTGATTGTTACAGGCGATAATATAAGTGAACTTCCCATATGATTCAGTCCCACCAGTAGTATTCCTGTGCATCGTAGTGTCCTGGTCGGCATACGCTGCGGAGGCTCCATATACAGGTCCGGTCCCGCAAAGCTTCGCTGACACAGACCTAACATGGCGACAACCGCTGCGTTTCAGGCACGAACAATATTTAAGAGGGTTTCGCGCACATGATGCCGATACCGGGTCGCGCGTACATCACGTTGAGTGGGGGTATCTTCTCAGCACGACCTAAGGCCGTCTGGCCACCTTTATAAGTTTGCTCAGCACCGCTGTGCGCTTAATTCGTTCAACTGGGGCGCGCACCGGGAATGGAGCTAATACACCTATTGTTAATCTTGTAGATCTGTCCCTTTATTTGCGGCCGCTAACGGCTCCACTTATCGGATCTAGGAAGCTCGAAAGGCTTTCTCGTTTGACTCTTACAATCCAACTTATTCACTGAGGCACACCAGGGATCGGAGCTTTCGCCCAGAAAGGGGCAGTGTCCAGTTATAAACTAGAAGAGGAACGGTGGTTGGTCATATCACATAAAACCGGCGCCGAAACATGTGCGAGTGAAAACCCATTTCCCAGGACCGCTAAAGACGCAAAAACTGTTGAGATCTGAGCGCCGAGGTGAATAAAGACGCGGGTATGGGCGGCGTAGCATGGGATTGATTTAACACAATAATTCGGCATGGGTGGTCAATTCGCTGCACTCGTGGCATATAACAACTTGGACCGGCCATGGAATCTACGTAGGGCCCAATGTGTGCGCTTCACTCTTTCAGAGAACGCAGCTACGATTCCGGGAGAGCTGTGGGGTGGCTGTGACTCTCGAGGATCCCCAACAACTAGGGTAACTCGGGGTGTCCGCGCCATAGAAGGGTACGCGTGACTCCTATAGGGTCGTACCTTGGTTGAA,1896,51.74,Saccharomyces cerevisiae
SEQ_983933,GTCGCGTTGCGCTGACTAGCAGTAAAGTCAGAAGGGGCACATATGGATGGGGAACCCCCCTTGACTCCGTTATAGTTTCTGCCGCAACCCGGGAAAACTTATTTCTCGCGAATAATGCATAAGAAGCGGTGTTGGGTTACGCTTGGAGCCGACCGAGAGTCTCTTACACTGTGTCGACTCGAAGTCCGTGCCGAGCGGCACCGACGAGTGGTTACTGACTGCTCAACCAGATCGTATATCCCACCTATGACGCTACCTTAATTCCTCTCGTAGACTTCCGTCGCGCCCTCAATAAATTGCGCATGGATTCTGTCGTCGGATATTAGTAAGTATAAATCAGATAACAAAACATATTTCCACAAGGGTTGTAAGACCGCAGGCCCGTTTCGCATAAAAGAGGATCGCGACGACTCCTAACTTTCGGTAAGCGTTGCCTGAGATGAACAGCTTCAACGGTCGGTTTACTGTGATGCACCGGTCATCAAACTCATTCACGCGTAGATCTCCTAATACGTCGAAAAGCGACGTAAAACGGCATCGTGTTGGCGTCCCTACAACCAGTGCTGTAGCAGCAAGGCCACTAGCCC,587,50.43,Caenorhabditis elegans
SEQ_177680,ATGAGTGTAAAATGATGTGATTATGAAGGCCAGGGATTGATCCCGGGCTGACGTGGGTCGGGAAGGTAGCCATGCAGGGTGGTGGCAACTTCCTAGACCTAATGCGGTAGGGGAACTATACACGAGGTCGAGGGTAGAGATTGTGAAAGAGTGTCTTCAAAGCAGCATAGCACCAATACCTCTAATTCAATTGCGTTGTAGTACGTTCCATGCTACCTCCCTACTTGCATGCTGAACCGCCGGTTGTGTCAAAACCCTGGGGTACGCAGATCACCCTACGTTCGGCTAGCTCAACTTTCGGAAGTAGCATAATTACATTACGCCCCCCGCGTCCCAGATTCTCGCGAGAAGCAGCCCCCACTTTTCGTCAATTAGCGGGGCGATTGATATGATTCCAGAAACGCACCCGTCATGGAGCTCTCCCTTATTGGGGGCAGCAATGTGATATGCTTAGAGTAACAGTCCCGGTCGTGTTGGCCCTGCGCTGCCGATTCCTCCCTGTCATCCACGCTCTACGACTCGAAATTAAACGCGTTGCCGTGCCCGTCCAGGCGACGTTACATGGACTCAGCACAAGTCTCTTCTACGCGGCGCCAGAATCGTTTGAATGTACATGTCCCCTGGTCGACATAACCCGGGTAATCCAGAATCGGCGAGGGGTCCATATCTAAGTACATGCCTCTGCTGAAAAGTGTACTTCCGGGGTAGACTCACTAATTATTAACTTGTCTTCTAGCCTGTTCGTCCACCTGTGTGGAAAACCCGTTACGTCGGTCGGTATGGAGTCTTGCCGTCTGCAACACGGTCTGCTATTCGTAGCCTACTGCCGTCCTCAGATGTTTTAAGGTGATGCCACTTTTTTTGCAGAGAACCAGCAACAATGCTAGGGATAACTGTGCCGGGTGTAGTCTTCGCCGTAACCATATTCTTGTTTGCGGGGGAGCCCTCTAGCATTATTATTCGTGCAGCAAATATAACATCAGAGAGCGTAAGCCCTCCAGCGTAATCAAAAGGTTCCAGCCGTAACCCGCTCAGCAGTATTCCCTTTGCATTACTTACACACTTCTGTCAAAGCAACCAGGGATGACACCCCTAGCATTCCACTACACTGTATCATTGTTGGCGAGCCCAAGAGGAGTCGAAGAAGATTGCTTCTGACGACTGGAAATGCTGGTAACAGTAGCCGGGTTCCTTTGTAAGTTGAACAGTCTGCCGATTATAAGTATGCTGCCTCTTTTTAGAGAGC,1246,50.4,Mus musculus
SEQ_421561,AAAAGATCCTTATCGTCAACTAATATTGTTTCGCACCCTGTTCACGTATGGTTGTTGCCTTATCATATTTCTTTTTCGGAGTGCTCGGTTGGTCATGTAGGGTGCAATCGCCATAAGGGTTACAACAAGGCCCTACATGCTTGTATGCTTGGCGGCCGAGCGATACTGCTCCTAT,175,45.71,Homo sapiens
SEQ_750867,CCCGGCCAGCGAGCTAACGTGTCTGTAGGCGCGCCACTCGTGTTTCGTGCAAGACTAACAACACCCGGAGGTGGGGGTGAACGTACGCTAATTCAGATCTAGCGAATCCGAAACCTAGCAACCTCCAACCTATCGCCTAAGACAGGGCGCACCGATTTTTCAGGTAATGAAGACAAAACGAGGGAACATGGTATGGAAATCCTCCCACTGTATCCGGCGGGCCGTCACACCGCGTGACATCTTGTCAACCCGAGCGGGGCACACTGTGATTGTCACTCATAGTTACCCGGTGACATCCAGAGTATCCTCAACAGATCTGCTCAGGCGTGTCCCACAAAGCAAATCTCATTGTTGCATCAGATAGACCTTTACCACCGAGAGCCCCTCCTAGGATAGTTGTTTTTCCGCTTCACTTTGACGCCCGGCTGATACGGATCCGCAGCCCTACATACTAGAAAACAGCACAAGTGCACAATACAGTAGGGGGTAGAACCTTTATGGTCGGGTTGTGCCAGGGGGAAGGACGTCGACATGCCACAAGGGCAACCAAATCGGTGGATGCGTAGGTTGACGACTCTTACGCACATACGCAGGGACGAACAGATAGTGAACACTACCGGTCTTGTACTCAGGGATAGTCCAACAAAGTGCTTGGTGGCCACCCAGAACCACACCGATCCAGTCCCCGCGGAACGCCTCGTCGGTGCTGAACACGATTATCAGTGTAGGGGCAAGATGTGCACCTACTGAGGATGCGCACGGCCATGGAGAGGTTCCCTGGGTTATGCCGACCTGGACTCGAGAAACCCAGGAAGTACAGTCCAACACGTCTTACAGCTCATGAGGCTGCCGACAAAGACGTAGCTGGAACCGATTTGATTCTTAACTACTGTTCTGAGAATACAAAGCCGGTTCTTCTCACGGAAGCAGGCGGCCCGCTACTCCATCAGGTTACGTATCAGCCAACTGGAACAAAGCGCAGGGACGTCTCAAAACAAGCGATCCTAACGGCACGTGTCTGGTAATATGTGTATCAATTCAAAGCCCTGGTGCCCCGTAAGCCCGCCGTTTATATTTCTGAAGTATGGTCCCTACTAGTGGACCGGAATAACACAATGTGGGGTGTGTAGCTGTCGATTTGCGGC,1145,53.01,Caenorhabditis elegans
SEQ_393039,AGTCGGTTCATAATACCCGGATGCCTCAGAAGCCGGGCGGGGATTTAAGGCGCGAATTAGCACCATACTGACGGATGCAGGCGGGCTCCAGACCCCCGCAATGGATAACGTCGCCTGGTGTGGACTTGGGACTCTATCGTACATAAGATTAATCATCTTCCTTAAATGCGTTTCTGGAGAGCCCGTGAGTTGGGATCGGCCGGATTCCAGTAAAGAATGTTCGGCGCCTAATATGTGTGGAGACGTAGGCGATGGACTGGGACTACGGCGTGGTAATTCGGACCGTTCCTAGCCCAGTCTAGTAGCAGGATATAAAACCACAAATGAAACAAGAGTACACCTGTGGCGTATCACGCGAATTCCGGTGGGGT,371,52.56,Arabidopsis thaliana
SEQ_681678,AGATCGTAAGGACAGGTCTCGACTTCGCAATGCGAAAAAGTGGCCGCAAGAGAGAGTGCTTCACTACTGTCGATCGCACGTTGCAAGGTAAGTGGCTTAAGGACGCCATCTATCATGTTTATGACCTAGAGCACTTTAGGACCGTCTGCGTTCTAGAATAGCATCAGGCCACATATCAGGTATGATCCATAAGGACGGAGTTTGGACCGCCCGACTCGGGCATGTAGATGCGTGAATTCAAAATCAATTCCAACCACGGCCACACAAACATACCAGTCAAGCTTATTATTAACACATGCGGCGTTAGGGGGGGGTACCGCACCGCAGCAGGAGTAAGCTATTCGCAAGTGGTAAAAGACCGAGTTGTACATTAGTCATGCGTCTTCACGGAGTAGGTCGAACCAGCTGGACTCGAGCGAGATGTTGATGAGAGATTGTCCCTGTTGAGTGTCACTGGTGTGGCCGGACGGACTCCACCATTTTTTTCAACCCCTGAGACTACCATTCCATTTCGCCGGCAAGGTGTAAAACTCGGATCTGATGGATGTGTGAGGGAGAGAATATAGTGAGGGCATGTTTTTTCTTTTACGGTATCTATGTTCATGTCATGCGGCGGGGCCAGTTTTACCGAGTTCACAAGCAGATCCTGGATCCTTAGAAATAACTACGAAGGATAGTACACCCTAAATTGCCAGGAAGCTGGGCTACTAGCGACGGCGCGTCGCGACCATATGCCCACGTTGCATGAGAAGAGACGGAACGGCGACCGCCACACTGTAAACGACCAGCCTCTTCCTTAATGCCGCCGGCGTGTAAGCCCACTCTACGTCACAGGTAAACTCTTCACCCGTAGCTGTCTAGTACTAACGCCGGTATTCTTACAGGAAGGAGCACGAGTATCTCTTCTCCGAAACTGTGATCTACCCTTCCCCAGCATCTGAAGGTTGAATTGTCGCGCACACAACGAGGAGGGAACACTGTCGGACTAACGGAGTCTCACGCAAGCCCAACGTCTTCGTAGAGGTGTGGCGATGAGCTCACGTGCTTGGCCAAGATGGCCCGATGTCCAAATCGGAGTGCTATAAAGCTTCCTGATCTAATACCGCTTATCTGTGATCGGTGAAGCGTGCCCCCGTACCTTAGGCGCCATAGGTATTAGTGAGGGTCCTCGGTCTACATTTACTCTCAGAGGGGACGATGACTGATAATATGAAGGAAGCCGTCTTCGATGTTCCTAGAATATTCGCCGATGAATCTGAATCATTTTTAGTAAACGCCGGCCTGCTAGATTTTATGGCACCAGGTGGCGCCGATGAGCACGCCCAAAGGGTCGTGCGTCATCCGCGGATTTAGTGCAGAAAGTTGATAATAGCTCGGCAGATGCTGCACATGCACCGTCGATAGCTCGCGATAGACTGCCGCGACCTGAAGGCTAGCTACATTGCCCAGGAAATCCGAATACTGCGAAAGTTCCAACCTATATTTTTGCACACTTCACTTAGGAGTGCCCATAGGCGCCAGGCTGTTCCGTCTCACGGGTAGCGCCGTGCCTCTCATCGGCATGATCACTCGGGGCAGGGCCATGTTTTGCGTTTAGGTTACCT,1604,51.25,Drosophila melanogaster
SEQ_156535,TCCCGCGACCGGCAGCTATGCCTGGTTCAAGTGACGCTAGAACACACACAATCTTGTTCGACCGATACATCCTTGTCACGGGATGGTTGCTGACCCCGTGTCGCGTAGGTGTCTACCCAGCTTGTGGCCTACCTACCCTCTGAGAGAGGCCCTGACTGGCTCGGATTCTAACCGGTTTACCATCATCATAGTGATAGCTCTCAGCATGATCGTTCCTGGGCTCCACTCACGCGTACTGGTCGGAGTTCATCCCCCGTGAATTTTAGATGCTCCTGATGTAACTAGCTGTCGTGCCGCCCGTTCCATGGCGGCCTGCGCGGACATCGTACGCAGGTTGTGTTATACCGAGGTAACGTTCGGGAGACCCATTTGTCTCGCCCACTCTCCTATCCTCCAACGCCCGTGTAGGGGATCCGTAGCAGCTTTGAACCCGATTGTTAAGAGCAGAGCTGAACTGGAATCGCTTAAGCTTGGACACCAAGTAAGGTCCCTTCGTTGGATTCCCAATGTGGAAGTTTCATTTCCATAGGGTCGTATTGCCGGGCCCGTTTAGACCAGCATTATGAGAATTAAGACGTTACGCGGAGTATCTGCGATGCGCTCTCCGTCCTCGTGCTACTTCCGTGCTGATTCGAGTGGGGGCTAACTGATTACAATTAATGTGAGTCCCAGAGTACATGTGAGTATAACCTTATAGACTCCGCATGACGAACTGGAATACTAACGTGAGCCTGGTCTCCTGATTCCCCCGAGCCTGCTCATACCGTGAAGTCGACCTTACATGGGTGAAAAAATCTTTCCACAAACGCCCACTGTTGTCTACTATAGGGGGCGCAAATTATCATCGTATTTCATGCATGGCGGCAAGAGTCGAGCCTACTGAGAGACCAAGTAGGTAGTTAAACTACGCGAGACCTCCCGTCGGAGGGTGCCAAGTAAAATCCCACCCGATTCCTTCTTTGGCTGAGATATTACAAAAGAGTTAGTCGGCTTTTCCGTTAACGATTGTAGGCCAGTTAGGATCGAGACGAAAGAGCGGGGGGCGGTGACGTGCCAGGTCTAGGGGCAGGAAATTCAGGGTGGATATGTCCAGGCGGCACGCATCTGGGGCGAGCTGAACTGAGCACCGTACCAGTCTCACTTTAGAGGGCTACCAACTAATCTATATGAACGGAACAACGCATGCTGGGGATCTCTTACGCCATTTGGGTGGGAGTGTTGATCTACACGTCTACGGTGAATCCCCAACCAGATTCCGTCGGACAGAGAAGCTTTGTCCGCCATGACCAACTGAACCCCCCGTAGTACAGCAAGACCACTTCGCACATATTACGCACGACTATGGAAGTCAGTCTCAGAACGCTTTTGCCAATATTTTTCTTTTTACCCTTAGTATATCCAAATCTTCTGCTTAAAAGAGGCAGTCTCCCATTTACGCTGCCTTTCACCTCTATGGACGCCACAATGTGTTAAAAAGTTCGAGCCTAAGGACCCGCGGATTAGACTTACGTCTCCGTGCAGGAGGCGGCGGGTAGGTAATGTAGGTCGGGACCTATTTAAGCTC,1564,51.47,Mus musculus
SEQ_329565,GACTCGTGTGAAGGCAGCGGGCACGTTTCCACGGTTGGATAAATCTGGCCCTAGCGCGCCTTCGACAAAGTTGCCGCACAGACCCTCTCTCCGGGGAGCCGACCGGTCATGCTAGCCACATCTATTGGGGAGTGCGGACTACTACAGCTATATAGGACCCCAGCGGCATGTGTAATCCATGGAAACGCCTTTATCCCTTCGAGAGGGCACTCATCTGCTCTTAGCCCATATGATGGGCCAGAAGGATGGGAGATGTTTCATATGCGTATGCGGACCCGGGGCACAGCGGTTGCCCGATGCTATGAGCGTATGACGAAAGGGTCGATTGGCGTGGGGCACCAACAGATAGCAGCAGGGTGACGAAAAATGACTGCGTAGCATGGAACCTTGTCCATATGTCAGCGACCCGCCACACCTTCGTGGGATCGAAACCAGCAATCTTACGCGCGTAGCAAGCACTACTTGACGGCGGTACGTCGCCGTTTTGCCCAGTGATTGGTTATGACGCCACCAAAGTTTTGAGAGACTATAATCATCAGCGTTAGCCTCGATGATCCTCTAGGCGAGTTTAGTTAAACACGACGTATAGACGTTCCAATTGATTACGGCGTACATGCATATGAAGGACGCCTGGTGAAGTTATGGCCATGAATTGCGTGCTACCAACTTAAGCTGAGCCCGTTATCTTCTCGCTCAGCCTACTGACGTCACCTGCCGACGAGTCGCTGTGCAA,733,53.62,Homo sapiens
SEQ_748581,ATAGGCTGTCAGGTGGGTGACAAAGATATCCATCCAAGTTTTGCGTAACTTTTGAGTCGGTGCATTGATACGAGCGCCACCCTTTGCGCCCGTTTTTGCGAGCGAAACATCTCTGGTCACAGCACTAGTGCGCTCTGTTTTATTCACGCCTCAAAGTAGCATGCCAACTTCAGTGGAAGTATTGAGGGAACTAGCCGGAAACCTATATGGAGTACAGTGCATAGGACGTTAAGCCCTCTTAGGACACTCTGTTTTTGTAAGGGCGCGGATCTGTTTCACAAAAAGAGAGCATAGATATACCGGCCCGTCAACTACAGTCCACAATTGGAAAGCTATCAAACGTGCTACAACATTACCAAGACTCAGATATGTGGTGCGTCTCCACAGTAGAAAGGCTTAGCACATATACCCGAGACTGCTTGTTTATCGCTGTTTACAACTACCACTTCATAAGAATTCTTAGAAACCTGATCCTATAGGGTGACCTTGCACTTTCTCAGAAAGGGTCCTGCACAGCCGCTGCGTAGACTGCATAGTACCCCTGTGTCTGATGCGGCCCTGGGCGCACGAATATTGACAAGTCTGACAACCATTCGTTAACGGTTTATACTAATCATAGAAGGGTAATATACCGATTCGGATTCGTGCACCGCTAGACGTTATACTCCTGGTGGCGCCTAGTCTTATGCCGGACGGTGAACCCGAGTTAGCTGACGTCATGAAAGAACCATGTGATCTCTAGCGCAGGTTGCGCCTTCGGGCGATAAGTATAACCGTGCATCGTCATTTGTATTCATCGAACCTCCTTCTATCTGTGTTATTGCAGGTTTTCCGAAGAACGCCCGGGGCTGCAGTAATTCCCAATAAATCCGCACGAAAAGTATGCCTTATCAGTGAAAACTCTCCTTAAGTTGAAGGTTTAAACGTCGCCCGGGCGATGACACCCTAGTCAAAGGTCAGTTAGTCAAGGTC,972,47.43,Drosophila melanogaster
SEQ_767794,ATACCTACTACTAATAATTGATTCTTGGCGTCGGGCTCCGACCAGGTGCTCTAATACGTCATTAGCGGGTGTCTTCGACGATTCCGACGGTAGTAGAATCAAGGGAGTATGAGCGTATGAAGTCAGTTTCCCAAGGTACCGTCCGTTGTAGAAAGGACTCAAAACCTCATAGGTAGAACTATATACGTAATTGATGAAGAACCGTAGGACGGATCAGAAACCAGAATGTCTACGGGTTTGAGAGGCAGCTGGCGAATCTTGCTGACTGTGGTATCCGGCGGACATTTGGCGAGAGCCGTCTCACGATCTACTCCTTGGCCCCTAACTCTTGCATCGCTCTATTTTCAAATATTCCGCGGATATAAAAAACAACTGTATGATTGTGCTCATCGCTAGTGTGTGTATCTGTTGCAACAAGGCCCTAACTCCCACTGGCCAGACATCGCTAGAAAGTAGGCTTCCGACAAACTGGTCGTCAGCAATAACAAATAACGAACCCGTAGACAGATTAATAGCCGCTGGTTAGGAGTCACTATCGCCATGCTGCCTAGCCTTATTGCGTGGCGTTCAAGGTCCTACGTCACTCTAACGGCGATCGCAGTGAATGGAAGATGCTTCGGCCGGGGTTGTGGGCTGAAGAAGGTGAACACGGCTGACGTTGGAGGAAGGGGGGCGATTATATTTTTATGGCTTCTTGCTATTGATCGCGATCCAAGCCGATCTCGCGGCAATAGCAATCTTGACGTCATCCTAATGTCCCTCACACGGGTGGAATTGACGCAAGCAAGTCATCCCAACGCCGACTTAGAGATGATAAATCTGCGTGAGGTCGCCCTTGCGCTGTTATTTCGGCTGCCGCCGTAGTTTTTAGCATTCTAAGTAAACAGGCGCTGAGGGGAGTAGAGTGGTGCTGTGCCAAGAGACGCGCTGTTCTCAAGCTCGGCACGAAAAGCCTATTTTCAGGCTTCCGAAAAGCACCAAGGTTTTGACTCGGAACTGCCTCAGACCGGGTTACTGACCTTTATCTTCTGAGCTGACGCGTCCTAGTAGCCACTATTATGGGCGCAACTGATATTACCGACTTCAGGATCAGGGCGCTGTTTTCGTAGAAGTAACTAGCTCGATCGAGGAACGCGGAAGGTCTCAAACATGTCCTTTGCTCTTTACTGGCCTGAATCTATTTAACCTTGCTACTATCAAATCTACCC,1208,49.17,Drosophila melanogaster
SEQ_890461,CCAACTAATAGTTGCAGGTTGCTCGTCGGGAGGACATGCACGTGACGCGTCCGCAGTTCGGTAACGCTCGCGCGAGCCAGAATTTCATAAGGAGAAGGGCTCTTGGCATTAGCGAGACGGCCAGTAGTAACGATAAGAGAGCGCAGCC,148,56.08,Drosophila melanogaster
SEQ_861146,AAGAACAGTTAGCGGAGCCGCAGTGTAGTTTGCTGCGCGGGCTCTTAGGCGCATCGCGCTCGAGGTGTGTGGCTGTCTTGTGGGTTACTCCTGACTATTGTTAACGGGGGGAGGCACAATCGCTAGTCGGTAAAAGAACAGTGCTTTTCCATGAGAGTGTCAGCAACGGGATGTC,175,54.29,Caenorhabditis elegans
SEQ_181529,ACTAATTTTCTAGAACGGATCTTAAACAGATCCAGATATGACGCTACACTCGCTAAGGCGAATCACCGGGGTCTCGCGGCTCGACGTGAGCGATTGCCCAATAAAGACAATCGCCCGGCCTTGTCTTCAATCGGCAGTCAATCTAACATGTATCTAAATGTAGTGTCAAGCGAGTGTTTCTTCGGTGATGCTTAGCACGCAGCTTTCGTACCCAGTCGAACGGACGAGGGCAATTTGGCCATGTTCCTCGCACCTAGAGTTTAGCTTCAATTGACCCTATTGATCCTTTGGTCCCACCTAATCCACTAAGCTGATAGATAACCTGGCCGTGGGTTGCAGAGGCGGCATCCGCAGACAGCATTTGTGTAGGCTCTAGACACACGAGCGCCTAACATTGATTAAAATAGTCTCAAGGAGCCGGGGGGTCTCGTCCCCCCCGTGTTAACTCATCCTCTGCGGAGTGTCGTCCCCAAGTACAAGTAAAACCGAAAAGCCCTTGTGTACAATGTTAACCGGGTTCAATAAAGCATTTAGGAAACTGTACGCGCTGCGAAAACGGCCTGCTATGAGCGCCACAGGAGAATATATCCCTCTAACGCCTTTGTTACCCCAAGCCCCCAGTCATTTGAAGCTGTTAAGCATCTGGAGTAAGCAGCTCAATGTATAACGTAGTAAGTTATATCGAGTAGGCTAGCACAGGGGGCAGTGTATTCGTTTTCAATGCGGAGCGGTCATATCTAAGGTCGCGTCGGAGTCCGGTGGTTAGCTGAGGCTAAGAGCTCACTTCAAGGTTAGGGCAGATCTGAAACGAGGTGACGATGCTGGACTGGGTGAAGCTGCGAACACATCCATCAGCATGTACTCGATTCCCGTCTCGTGCTCACGGAAGCCTACTATTGCGATTTATCGGTCGGTGTCACTATTGTACAGCTTAGAGGGGTAGTCACGTAAGGCTGATAGCGCGCGGTCCGCCTCGAGAAGAATCGACTTTCGCTAGGCAAAGGAAGAAGATCTGATGAATTATCTACCAGTCTCTGTGACAACCGGATAATGCGCACTCACCAATGTCGTGGGTTATAAACACAGTGTATCCCTCAGACAACGTGTTCCAAATAAGTAAGAATAGTACCTGAACCGCAATCCCTTTATGCTTGATGGATTGAGTCCTCGCTGAAGGATGATCGCGCACCATGGCCTTTCTACATTCCGGCGTAAGGGAGGACCCTGGGAGGTACGTCCAGCACTCGGACCAGTAGAACAGTGCGTCCAGAAGGCGTCACCCGCGCCTAGCACGCTACAAGCCATGCAGCGCCCACGACGTTTTAAGAATACCTAGCTAATGCCTACACAACATGGGTGCAGACGCTTAAGATGCGCGCAGACCCCGTTAACTCATTCACTATAATCGACCAGTGTCACCAGCATTGTGGCACCGTCACTCGAGTGAGGCGCAAGCTCAAACTCTTACTGTTCCTCCAAGTAGCCGGTGCTTTGCCTGTACACTATAAAAGTGATGAGGAGGATGTAG,1528,50.39,Caenorhabditis elegans
SEQ_758561,AGACCCGATGAGGCCAGGACACTACGCAAGTGAAGGAGAGGACACGTGGCTTACGTGGGGGCTCCCTGACGTTCGCATTGATCTGGGAAGTACTCTTCTTAATGGGATGGGAAGCCATTTAAGACTCGGTCTATGCCATGTCAATCTTGCCGAGCAACTATTCTCCCCAAAACGAATGTTAAACGAGCCATGGATCGGGCACGTACCAGATCTGAGGGTCGAGGGCGCATTGGCTGGTGCTTTAGAACTATTTCTCCCGCCACTGAACGTGAACCAAACAAGTTCCTGATAAACAAGTAGTTTCATGTCCCCGAATCGTTTGAAGAAGTGACAACATTGGAAGGAGAA,348,49.71,Caenorhabditis elegans
SEQ_154640,GCCTGTTGATGTCCATGAACAAGTCACCTTTAGGGTCGTCGTTTTCTCTAGAGTACATACGACCGAGATCCCAGCCTCGCTTTTTTCACCAAATTTAAGCTGCGAAGGCTTAGGATGAGCGGGACACATGTGACTAGAGTTTAAGTCGGGGCTGGGTCCTAAGACATTCTTCTGCCTGGTATGGGCCAGTAGTTCCCGTTCAAGCCAGACTTGCCAAATGCACAACTCGTCACGCCATGCCCGATGACACTTTCTGATATGAGCGGCGAGTGGGTTCTACCAAATCGTTATGGATCGTACTCACGCTAGGACCTCGGGCTTTGTTCGACTTATATTGTCCAATTTTTCACTGAAGTACAATTATATCCACTACACAGATTATGCCATTTGAGTGAGGTCCCCTAAGCACTATCAAGGAATAGGGGGCCCAAAGCGATGAGCAGTTAAACCACATCCAGCAATACCAGAGACTGGAACGTAATACGGTCCAGGCTCGCACGGCTTATCCGGTGCCGGTAAACATGGTCGGTTCTTCCCTGAAGTTAAGCGAACTGCCTCTTGGGCCCCCCCTCTAATCACAAAGAGTGCTTTGAGCGTAGGCCACTACAGATTGCGGAGGCTCAAGGTGTTACACCTGCATAATACAGCTCCGCGGACCAGTATCCGCGCCGCTCATTGGAGAAGGAAAGCTACTGATATTGGTGTCGGTTCACAAAGCTCGATCGTGGTAATTGATTCGATAACAAGAATCAGCCCGTAATTACTAACCTCTGTAATTTTTTCCATATACTATGACGCGGATGTACTTGCTGTCTACTTAATAAAGGTCGGAGGATTACCGCTCATATTTAAGTGCACACTAATGTCGAACACAAATGCCTGTAGCGCTCCAGGGAGCATTGTTCTCGTTGTCAGAGGAGAATCATAGGTCATATAGTGCGTGAGTTATGATCCCTTCCCAATCGATCTTCCCTAACTTTGTTTAACATTCGTGTAGACCGGCGGGCCCACTTTTAGCTACCTCATATATAATACTATAAGGGCCTGTGCGCGTCGGCAACTCGGGGCAACAATTTAACTTGTGGTTAAGCTGTCGACATTCAGCCAGTATTCTCTTCACGTTACTTTTCGAGCGCGGGAGGAGCCATTGTGATCGCACCTGAACCACGAACTCGTAGACTTAGTTACGGAAGGAGTGTTCAACAAGTTCAGGACACCCACCACACCCACTCAAGTTCCCTGGTCCCCTTTGCAGGTGGGCAGCCCCTACGAACGTGGTGAAGATAAATGGCAATGGAACTTCCCTATGGTATACAGGACGCTCGATCGTCTGTCGCCGACGCCAGTTTCAGATAGGACGTGACTCCCCCTTCTTGCGATGAAACTAATTACCAGACGACTCGCTGCGGCACAAGAGGCAAGGTCACAGGTCAGCTTAGCGTGCGACTGGTGAACTATTAGGAAAGCTTGTGGAAGCTTCACAGGACGTCTCCTTATAATATGCCCACCATTAGGCCCCGAGTAACTCCTGCGTACTCCTTCGTTAAACCCACATCCGGAGATACTGCCGGTCTCACTACCAACCGGAGACTAACATCTCGGGCTTTCCCCACATTCGCAACTACACCTCTTTGGTGAGGTGAGTGTCCTGCTCGGGTCTGCACGGCCGGGGGATAGTTCTAACACAGCTTATAGTCACGATTACATTCTTCGGGCGCCCGTCCCTATGGCAAGGGAGGGTCA,1743,49.8,Escherichia coli
SEQ_534785,CTTCCCTCACACTCGCGCGCGGCCCAGACTGTTAAGACCTCGACAAGAGTGACATCAGACGAAACCCATCAATTTCTCAGTAAATGATTCCATGTCTTAAAACTGCGTGAATCCCCAATATCATATTCACATGCTGCCGCTCGGGCCGCGGTAGCGCTACACGTGAACAGGGCAAAATCCACAGAGATTATGGAGGTGGCATGAAGCCTCGCTGGATTCCCGCTCCGCAATCCTTTCGTGACATCATCACGGGTAAAGCGACTAGCCTGTTTCCTCTAAGCTATCTACAGCACATCTTTCTCAGTACCTCTTGGGGGTGTGCGTTAGATCTGGTCGTGGGTTCCGCGTGCTTCACCTTAATTGGGCGTCATTAGATTTACATAGTCCCACCCTATCTCAGTTTTTGGTTGGCCAACTCGGTGCTTGTCTTATATTACCGGCGCGACCTAGTTCTTATGCTTATACGCGAGGTCTACTCTACGTTGACACATCAAGCAGGCACGAGCGTTCTACCTACCCTGCGCCAGCAAGAAAGTCTGATGGCGGTTGATATGCCCAGCCTGGCACCGATTACCATCCCATCCATCTGGCATGGGCCCCATCCACATGTTATTCTCGACAGGAGTAGCCCGCAAGTTTACCAAAGATTCGCGCTGGGACCACAGAGCTAGGTGAGTAGATACCGCCGATTGTCCCCACCAGCAGAAGATACCATCCCACGCTGAGGTCTGCTTAAAGCAGCGGAACTGTAACCATTGCATCGACTCAGGACTTGATCAAGCAAAGTGCGCATCTCATAGGCTGTTGTGTCGATCACATTCCATAGAGACTGCTCAAATATTTTCGCAGTCTCATGGATTCTACATAGCGCTTCAGCTGTTTATCACTACTTCCCGCGAAACATTTTGTTATCCGGTGGCTAGAAAGGCAGACGGTATCAGCTACGAGAGTGTGCTTTCGATCTGTCAGAAACTTATTGCTTATCCTAACTCCTGGCAACTGAGGCCGTTTATATACCTTGGCTACGCGGGCCCGTAGATCTCTCGCCAAAAGCACTGCTGCGGCACCTGCGTACCATTAGAATACCCTAATCTGTAGACTGTGAAAGATCTACGGTTACCAAATTTATACTAAATATATCCTATCCTGTAAAAGCACGACGATTCACGGCGACATTACCCCTGTAGAATAGTCAGAACTAAAGTCTAACTGGGCTCAGAGTGCGCCAATGAATGACCCAAAATTTATCTTCGAATTATCGTGCTGGAATCACGTTCCCGCCTTCGAGTGAATGTCTTAGCTCTACTGAACCGAGAGTTTGCCCCCGGAACGCACGGCACCCGCCAATTATTCGCCCGGTCAATCTACCTCGGGGTTCGTATATGTATGGATGCGAACTCCGGTATCCCCGTTGAACGGCATGCTATCCAGGCGCTCTTCGATAATCAAGCGTCCAACAGCAGCTTTCCTTACCAGCGTTTGGTCCTCGAGTGGCATGAGGATAACGAGTGGGAAACTTTCTTCTGTACTATAGTATTCGTACCTCGATGTCTCACGGAGAGATTCTCCAGCCCGCGTCAATGCTCTTGAGCGCCATCGTTAACATTGATGCACGGACCCTTACGGGGTGTCTAACTCACGAACGACGGTAGCATTTACTATCTCTATTCCAATACTACCATCTCCTACAGCCTACAACCGTGAGTTTATACCTGCAAACGCCGCTCCTCGCTCGTACCCCTTCGTACGAGCCGAGACAACTCCGCCCTAGCAACAACCTTCCATTACACTAATTCGTAGCACATAGCTGCGGGCGCCGCCAGAGCGAAAAGCTACAGGCGGGCATGAGTGGGCAGCGCCAAACCGCACGCATT,1874,50.37,Caenorhabditis elegans
SEQ_732122,GAAATCAGGGGCGTAGCTTAGACTACAGGCGTTAGCCTAGTGACAACAACCCTTGCTAAATCTCAAACCAGGGATTAGCAAGGTCATCCTTGCTTACGTACTATGACCCTGACAAGCTAGTAATAGCATTCGCAGATGCATAGCAGTGGAAACTAAATACACGCTTGCCAATCCCTATAGTTGACTCCCGGGGTTGACTAGGGTGGAGTCATAGCAAGAAAGTCCCGTGTGGGGCCTAACGGATTCGGAGCAGGCATTGGCAGTCCCCGTTAGCGTTAACGGCTCAAGGGACTTGTTCTCACTTGACCTGGGCTCTTGGGTTACAGGCTAATTCGTTCATAGGAACTCAGGTAGGTGTCATGGGAACGCCAAAGTCATGACATGACGTAGTGTCTCGATCTATCCAAAATACTGGAGGACTGATACAGAGGATCGAGGGGGTGAGGCTTAAGGAGCCATCCAGTACTTAAACCGCGTCCATTTCTGCCTCTCGGAGTGAGGAGATCGGAGTCCGACTCAACAAATCTGCATCTGTGAGCTTAAATCGGCTTGGTATCCGATGGTTTTTATCATCCGCGTTTGACGGGCGAGTAGCGGTCTTTTAGATTACCGACTATGACGCCAGGCTGGAGTTAGCCAGGATAGCCCGCTAAATCTCAGTACGGTCGGTTCCCGCAGCGCCCTGGATTCGACCATCACATAATGTCGGGGGTATAGTTGCCGTCGCCCGCTATTGCGCCAAGCAGAGCCAACGGGCCCCTCATACGGTGCGGCACGCAGGTCTATCGCAAGCCTAAAGTTGATTTGAAGTGGGGCTTGGAAACATTCTATCAAGGGCACCAGTATTGCACCCTGATCTGGTAGTACTCACTAGA,875,51.31,Homo sapiens
SEQ_431696,TCATGCTTGAAACCTTGCACAAAAATGGCTAACGCATCCACTGACGTCAGCTTTAGCTCTACAACAGGTTCACTTCAGACCCACGGCACGGTAGGGTCCGTACGTCTCTCGTTTTGTTTCGGTGCCTGAGAAGTGCCATAGAGACAATTAATCGTGGAAAGATAACGATTACCTGAAAGATATCGGTTATTGAACGTCATGGCCCGGTTAATGCACCAGGCAATAGAGTGAAGGTTGGTTTCACTCACATCTATACTCATATCCTTCTCTGGAGTCTAGCGAATTGCCCGCATACACAGGTGACTCAAGACCTAGGGAGACGGGCTTGATCATGTATATGTTATTTCGCCCCGGAACTTGGCACTAGTCTACGGTAATAGGGTCCCGTCAACTCTTTAGCCAAAGCACCTCTACCCAAAATCGTAATAGCTCTACTTCTTCCAATATACTGTAGCGGGTGATCCCCAAACATTGAGCAAGTAGGTGTTGA,490,46.53,Escherichia coli
SEQ_149669,GGATTAGTTGACAACTGCCGAAATGGTGTCCTGTGTTGTTGGGCCACACAATGCGTGACATTTTTCGGGAATCATTGTTATGGACAGGTAGTTCCCAATCCAGAACAAGTAACATTCGTCGTCGAGACTTAAGGAGGCAGAATATATTCACCGATGAGGCTCAGAGTGTTGAACGGAAAGGCTCCGTAGAGAAGCTCGTGGTCGATCTTTGAGGGACCGGACGTTATACGTGACGCCAGCCAACGCACTTACCTCGGTCCTCACTCGCGTGCTTCCGGAGGTCATGGGATCCAACCTACCTGACGCCGCAACATAACTCACAGCACGACGGCACATGAACTGCCCTTCCCTCCAGTTTTATTCCGCGGGGCATGCTACATCTGATTCATAAGCCTCAATTAGAGCCCCGTGACTACAGTTGTGTCATACCATAGCGTTTATATCCAACTCCCCTGTGTGGGAAGAGGGCCGCTCTGAATAGGGCTGTGATACGTGACTAATCACCCTGCATACCCCGAACTATCCTTTCAAGCGAACTCAGATATATACGCGATAGATCAGCATACTAAAGGACAAGTCAAGTACAATCTCACGGGCGATCACAGGATTGTAGTTTTAGCTTCATAGAATATCACCGTCTCGGGGAAATCATAACCG,657,49.32,Mus musculus
SEQ_798564,CCTGAATCAAGGAACGGCGACGAATCGTTTAAATTGGATGAAACAGGGACTGATAACGCTGCAAAGTGGTGTAGTCCTGAGGTTGCTCTTACTAATCGGCACACCGAGTACATCTTAATGTTTAGTCTACCAGCCTACATCATACAAGTGGACTGATGGGTGTCACGCTTGTTACACAATTGATACAGCGAGATCAATCGCTGGAATCTAGCAGTTTTTATTTACTAAGTATAAGTTGAAATACCGTCAACAGGCGTCCTCAAATCCACCACCGCTGCTTAAGCCCCAGCTGCCCGTGACATGCACGTTCCCGAGTGGAGTATTACTGATCAAGATCGTCGAGAACCGATATAGGAGGATGGGCCTATAGTAACAGGAGATCGACCATAAGTTTTACACCCGGAACGATTATTGATGCGACCCCTCCGTGTTGCTTGGCGACACTGGAGGTATGACTCTCATGAGGAACCTGAACTAACTCTCAACAGGTGGCTCAACTAGCTATTTCAACAGATTATAAGACCAATACGCCCGCGCGAGTTGTATTTATAGTAGTACACTGTTCCGTCGAGATAAATTATCCTCACGTTTAAACACTAAGTAGGGTAAATAAGCGATTCCGGTCCAAATAGTTGACCCAATGTGTATGATCTGTATAAACGGTCACGACTGGGTCCCAGCTTTGAGCGGTGAACTATCCTAATTTGTTACGATTCTCACACAGCTTCGACCTTCCTGCCCCGCCTAGGGGATCTGGCTTCTTGACTCGGGGAACCTGCGCAACCCGTGAGACATCACAAACATGGTTATGGTCACCGTGAAGACACAGAAACGGTGTTCATTTGATGTTAAACTATAGTCTCGGCTTGGCTATAAGCTCCAAACATTACTTAGCCTGTTTAGTCAAGAAAAAACCATCAGTCGAGATGAACTAGTAAGATACTCAGGCGTCGCTAGGACTACAGACTTACGTTGGAAAGCGAGTTGGCACACGTAGTCACATCTCCAACCCTGCTTCATCGGTCTAGCGCGATGAGCAGATAAAATCATTGTTCCTCCACGACGAATTACGTGAATAAGCCTCATTGCGCGGCAGAAGTGACAGGTTTTGACTTATATGGACTTTCACAAACCGAGGTCCTCCGGACCCGAAACCCCCTCAGCAGCACTCAGGTTTTTTGGATAGAATCTTGATTCATTACTTTGGATCCTTAGAGAAAAGATGGGTTTGACACGGGTACTACTAGTCCTACCATCCCTAAATAGGGAAAATGC,1275,45.96,Saccharomyces cerevisiae
SEQ_562022,GATTCATCAGCGTGGGCTCCGATATCGAATGTTGAGGTGTTGTACAATCGGCCAGCGGGCTGATTCTTTACTCTTCAAGTACCTTGTCTGTATTCTACAAGCCCTTGCCTATTCTGTCGCACCTCGAATACGCCCAACCGTCTTGAAAGGTCTCACTTCATTATATTTTCA,171,46.2,Escherichia coli
SEQ_843163,ACCTATAATCTGACCTGGAGGGCCCACGTAAAACGGGCCAGCCGGCGGTAAAGCCACTCCCTCTGTATTCCGAGGCCAGTAGACGACCGCTCTGCAAGGAAGCGGTTAGACCTTCAGCACACCTTTGGGTATGAATTGTCAACCCTAAAGGAAAGTAAACGGATCAGTTAGCACAAAGCCCACGGGACCCAAATATCGAACTCCTATCTCCAGTGAATATTGGAAAGTTTCCAGGAATGTGCTCGAGCCAGTCACTCAGTCAGGGAAAACCGCAGTATAACTACGATTAAGGCCGGGCGGCATTAATAAGATGAGATTAGGTTCCAGTCTAATCCGTGTCGCCGAAATGCAAGACGTGGAAGTGAGTACGCTCTTGTTTCATGAACTGGGAGATGAGCTGAATGCTGGACCGCGGCGCGGACTGACTGTAGTTACTACGATACTCTTCCACATGTTCTTCGTACGAGCTGCGCCAGCTGTAGCATACCCTTTACGGCTTGCTAGATCGTAGAATAGTAATGCTGTCGGCCTTTGGTTCCCGCGATCTGTCCACTATTGTTAACGTAAAGATCTTTTTAGTGCTGCACCGACGCACAGCGTTAAGAGTCTCGCACGTGTTTCCCCCTATCTAATTGCTTGAGATGTCGTTGCAAAGGATATATAGTTTTGATAAGCCCAGATGGGCGTACGGCGTGACAAAGAATTATTGGGGGTACGTTCCTACTTACGTTAGTCGGTGCTACTCCATGCTCATCCTGGGTGACGCACTCGTGTAGATTCCTTAAGCGGTACCGAGCAACGCCTTACCGATGGCTCTAACGGAACCTACTCTTGATCATGCGTCGGGAACAGACCACAGCATAGTTGCACGAGCTAACAGGACGCAGCCAACCAGCTAAACCCCCATACAGACTGAGACAGAGAGAAGCGACTGGTAACGCACCATAAAAAATCACATTGCCGACGGGAATCACAGA,977,49.95,Caenorhabditis elegans
SEQ_443836,TCTCCACAATACACGAAACGGGGGTGGTGGGGCTAACTGGTATGCACATCGCTTCGAGGACTCACGGTTCTTACTATTCCTGAAATTGCAGCGGGAAAGGATTGGCTCTCCGTGTGAAAATGTTGCTATGGAAAGTCCACCTTTGTCTCCGTGTCAACGTGTAGTCTTGCTGTGAGCGTCTACA,184,50.0,Arabidopsis thaliana
SEQ_899996,TGTTTTGGTGGCGGGTCGCGGAGACGTAGCTGGTCTACCAGGCGTGTGTATAGTTTCAACGAGCGTTGCGTGATCAGCTATCCGATCCGTTTCTACTCCATAATAACCGTGACTTCGCCCATTGTCAATACTTTGATTAGTTCTCGGGTTACGAGGCGGATTCGCCCCGGTGTAGTCATCAGAGCGCAGTTCCCCGCATTGGCAGGAGTCCTGGTAATCCCAGTAAACGATGTTCCAAAATCTTGACCTCGCAGCTTAGCTCTGGCTCAGGATGCCAGTTAACAAGATTTACGAGAGACCTAATATCAGGGTTGGTCTTCAGCTAGCGAACTATGACCACGGTCAGGAACTGGTCGGACCGTTGGCCCCCCCGCCATGAAAAAAGTTTGTAGTTACTTTCATCGGTCCCCCCGGAATGCAGTAGTTTCTTGCATGACTCAACAAGAAAATAAACCGGCAATCCACGTTGCTTATAAGAGGTAAAGTAGCTTGAGAACAGTATGGGTCCCATATATATAAACACGGGTGGTAGGACTCCCTCCTATTATATGGGAGTGGCAGTTTATATACGTTTAGGCAACTCATCTATAGAAGAGTCTTGAAACGCTCTCCGCCGTCCGTAGGGGCCGCGTAAATTGCAAAACCGAGTGCTTACCCTCACACCTTCGCTGTATAGGGAACACTGAAACATTTCCGTGCAGTGGTATGGCGACATAGTCAAACCGCTCTCATGTCTGCTCCGCGGCGGCTTTCGGGGATATCTGCCGCCGCTCTTCTGAGGCGACATGTTACTGGGTTGTAGAGATCCTCTTGTGCGAATTCCCGTTGACTCCCGTTGTTTCAACTCACAGGCGGGTGCAACTGCAGCCGGCAGATAGTTTTATGCGCGGATTCAGGAGCGCGCACCGTTCGCGTATCAGCTTGGGACGGTACACCCACGTATGCCACCGAATTTATCGATCTTACAATTGTGTATAGACCCACCCACCATAGCCGATTCACACCGCCAAGCAATGGGTTTTGGTTGAATAGGTGGTGAATTGTACTATACGTGCTGGTCTGTCAAGTTAATATTTTCTTCTTAGAAGGGCGAATTGAGGTTTCCGCACTGTACAGCAGGTAGTGGCGAGTCCTGGTTCATCTTAGAATAGCGGTTCTCGAATCCTAATCGTGTAACAGATTCCCGCAGGGCAAGTTTTGCTCCGCACGATTGAGATTGTTCTGTTATCCGAAGGTATCTTAATGCCGTACGGGCTGTTGACCGCAATGAT,1271,49.72,Homo sapiens
SEQ_717966,GAGTCACTCCTATATGTTGAGAACGAGAATCTCTCGTTCATTGCATGAGCCAGGGACGATCTACCACGGCAGGCTCCGCCATAGCCCCCGCCTTTCCAGATCAATACCAGCTTCAGTTCAATATGCAGCATTCTTGTTGGGGTGCTTGAGAGGTTGAGATCGAATACGTCACTATACTTAGCCTCGAACGTTGAGCGATTTGATTTAGTACTACAGTCCTGCCACATCCCGCTTACTAACGATAGTGTGATCTAGGATCGCTTTGTCGGCTTCAGAGTACACAGAACTGGTCCCGAATGGGGGGATTCGGCGTCCCAAAATACTGGCCCCCCAATCAGGGCTCACGGTGCAGCTCTAACTCCTCATGTTCGCTCTTCCCTCACGCTTAGACATATGCGGAAACTTCTGCTAGTCATTCTTGGGCGCCCCGAAGTGCGCAAAGCACTGCGTAACAATCTCCGGAGACCCATATATAAATCGGGCACGGATTTTGCTGAGTGCGAGTAGGGATGTAAGATCAGCGCGACCGGAGTCTCTGGGTCCATTTTTCGACGAGGGAAGGTTGTATAGTACTCGCTCGCACAAGGGTTTCAAGGCTGATACCTCAATAGCGCATGCAGAACGCCTATAGCCAATCCGCACGCGAGCCAACTAGTAAAGCGGCCAAGTTATGACGTAGCTCTTTACCCCCAAGTACACTCCATCTGCCTACTCACGTACTTCGGTCTAATTCCCATCAGTCTCCGTCCAGACGACCAGTATCGACATTAGGGTTTATCATATACTTATGGTGCAACTGTATAGTAAACCGTACTGCGTATTCATTCCACTATGACGCATAGGTATTTTCCGTCACTTCGATATCTAGGGGATTTCGGGCGTGCTCTTGGTTAGAGTGGTGCCCCACTCTCTTTTGACAGGTTGGAGTAAAACCCCGTCAGCCTTCCACTAAAACGAAGATTCCATAGCTGTGTACTTACGCTTTACTCTTCATCCTAGAGGGACTCGGGCTAAGATACGGTGGTTTCTGGAAGTCAACCGCCAAGTGATCCCGATAATACTCTCCGTTCATGCCATTGCGTATACTTTAAGCTGTCCTAGACTCCCACGGATGCCGATAAAGCTGCAACCGTTCATGATATGTCTAGCATGCGAAGGCAAGGAGCAAACAAGCATCCCCTACGTGCTTCCGGTCAACTATGTATAGCACGGCAGTACTTTAGGGTGCCGTCAACATTTTGAGTTTCGTCTGGTGGAGTTCCATGACATGGGTTGCGAATACTCCCACCAACGAAGCAGCGCACTGGTGTTGCGTCCCCATTGCGAAGTAAGTAACTGCAATGCTTCGTCCAGATATAATCCGACCCTAGATGACTAGACTGATAAAAGCGTGTCTTTTCGGATGATAATTCCGTTCTAAGCCCACCGCGGGACGGCGGGCCCTGTGCTTTACGCTTGGGTATCCATTGATACCACTATCTCTGGTTGGTGGCACTCAGAGCTAGACAGGCTTGAATTTAAAAAAGTCGACGATTCCGGCCATTGCTGGGGAAGTGCCGTCGCAAGTGCAAGGTAGTCTCGGCATTTGCTACAACATCTAACCGTGCTGTTGGTTCACGAAGGGGACATTGGCTATATCATGATGTAGCTATTAACCGATCGATAAAGAGTACAATACAGGTTGACTTTCGCGGTTTTTT,1700,49.35,Saccharomyces cerevisiae
SEQ_151205,TAGAACCACTTTTTTTTAGATTGGCTCTAAAGAGCTGGGCCTCCGAAACAGATGATGCTCACGATCAACTGACCAGTTTGATGTCACTCACATGCGGCACCGCCCGCGATAAGGACCATCATAGGCTCTTGAAGCTCTAAAGTTATGTTTGGGGATTTGATCATAGACCGAGTTGCGAGCAATAGATTCGTGAACGTGAAGTACCATCCAGCCCAGTTCGGTGCTCCCTGGGCGCAACGCACATCCTCCCAAATCCAAACTCCAAAACCCCTTCTCGGTTTTTACATTGTTAAAAGCGCTCGACTCTCTCCTAGTCTGTGCCGGAGCACGCACGTTCGTAGGCACACTTATGGTGCGATTTGGGTAACTTAAACCGGCCTAGGCAGCTAAATGAAGTCTTTGAAGAAAATGTAACCTGGTCCATAACCAACGTAAAGTC,439,48.06,Mus musculus
SEQ_153705,AGTAATATCGGCTCTGGACCGACGTTCACTAACTTTGGCTTCTAGCCATAGGGCGTGCAATTGCGCGTGTGTTCATGTCCATTACTCTGTGCAATACGAAGCATTAATACTTCAACTACGAAGGTATCTTACCCCTAAAGGTGCTCCAGCCCTTGATCCTACCGATGTAGCAGGACGTGCTTTGATACAATCAGCCTCCTCGATATAGGCTATAGTTCCGCCCAACGATTTCAGTACATGGTAACATAGTCGCCCCTTGCTCGGCATTTATCCCTAGTGGTATTGTTACCCTCTGAATGTTATCAATGGGGGGGGGTCCCATGGGCATAACGTGTCGGTAGGCAAGTCAGCGTGGGTTATAGGGCGGATGCGATTGGCCGCAATCCTTTGTCCCGCACAGG,401,50.12,Caenorhabditis elegans
SEQ_986917,ACAGGAGATCGTGGATAATCCACAGAGCGTTTACATCCTCGCGGTGACCTTCTACGATTCTCAGAGTGGCAAGCAAGCTCTTGGTTGACAAGGCTAAGTACCTTGTAATGCTATTGAGCGAAGGCCGCTTTTCCATTTTTGTCAGAACTTCGAACAAAACATAGATCCTAAGGGTTGAGTGCTCTGGCCTCAATACAAAGCGTCGCTAGATCTCTTGGATAAACGTCATATGGTTCTTACTGTGTGCCGTAGCATTGATCCACAGCTGCAGCACCAACGATCAGCGAGCTGATATTATTCCCACGCCTGCCCACTCTTGTCTAACGTCGCCTGGCTGATACACTATCGTGGGCAGATCAAGAGCCGTGATGATTTGACCTGATGATGGTCAAAAGGTATTGCCATCGCAGTAGCGCCACGGAAGAGACCTGAAATGAGAGGGCCATTCTACCTTATTTACTGACGTCTTGGCTCTGCCAGAACGAATTTGATTCCAAACCGTTTCAGTGACGGACTGTGTTAACGAAGCGACTACATATCGCCACGACTCTGAAGTTTATAACGAATTTGATGCCAAGGAGATGCGATGTGAACCGGCGTCCAACAGCTGCGTTCTCTGGCGAACTGGTCCACCGAGCAAAACCGTGATCAGAGTGATCGTTTCGCGGCGACGCCGACTACGGACGCGGATCCCGCTCGCCAGGCCTTAATACGTCGGTGTACTGCGTGTTGTTGTGAGGCGATCACCTATCGAAGGCTCGCCCACTACATGTAATGCTGCATGTATATTGCTCATTAAAATAAATGGAACGACACGTGGCAATGGCAAGAGGAGAGGCGGCATAAGATATGAGGACCAATGTTGCGTCGATGTCTTTGCAGTAGTTAATTTCGTGACGCCGTAGTTGGTGGAAAATGATGTCCAAACTTCGAGCCTATACCAACCGTTTGTAGAAGGTCGTTGCGATTCTAGTCCTGAGCAAGCGCTTCACATTTGTACGGACTATTATCCATGGACCTGTCACCAAGCGTCCCTTAATTTCATACTGACTTGCGCTCGAGACCTCTCAGTCTAGGGCGGGGCCGACCAACGGGTGGACTTTTCTAACGCGGAGATTGTTCGAGGTGACCCGACTACCCTCATTAGCCTTGAATATTGGATGTTTAAACCGCTAACGTTGCGGCGGGACAGCGCGCTTAGGGCGAGTCCAGAACACGACTTTCTGCCATAGCTTGAAGTGGGGATCAGATAACTGAGTAGCATCTCTATTCCTCCTAGCTTCTGTTCGGGAGTTTGGCTATTAACCTCTAGCATCATAATACAAATAATTGAAACTCACAACCTTAAAGGCCATAACTTTCGACCTCCCGACCCAGTTGTAACTCACGATTACTAAGCGATCAGATTGCCCAGATCACACGGGATTGTTATTTAGCTCCCGAGGATTGTAGGTCATATGGCAGGGGCGCGTTATGTATGTCGATCTGAGAGGCGCTCCGGGTCACTTCCGGGCAAATCGGTTTGCGAAAACGTCGAGAGAATCGGCGCAATGGATCTTGCGGCTTTACAGCGTAGCTCCGTAGTGTAGGCGGTATTGCTGGAAAGCGTGCATATATCTTGGGCTGAGTCATACGAAGGTGGCGAAGTACGTGATAATCCATACCTTGAATCCGGCGCGCCTAATACTCCTGCGGTGACCATTAGCATCTAGCTCTGCGACCACATGACGCTTTGGGGATATCGC,1745,49.63,Saccharomyces cerevisiae
SEQ_222671,CGGTCCCCATTGACGTCCACCTCCGGAAGTGCTAGAGCACATGTCATCGCCTGCACTGACTGCAGTCCCCAGAGGGTCACTTTCCGAGTAGCTCTCGACCGAGCACGAGAGGTACTGGACGTGATTGGCAACAAACGACATTCAAAAATTGAAGAAACGTATCGATGCGATGATGTTATCGCCTCATGTCACGCTCGGCGTTTTAAGCCGCACCACTTCGGGAGTCTGTAGCGATGGCCTGAACTGTTTTTAAGGGAGCAAGTTAACCTCCTCTCGTTAGATCGTGAAACGTCAGTTGACAGGCTTTTTTGGCCTTCATCAACGGACACGGCTTGCTATTCATTTAAACCGACGACCTAGACGAGCTAACTTGAGGCGAGTTAGCAACATCTTCCAGGTTCGGTACGTTAGATCCCCGGATCCTCTAAGGCAGCAGCGCCGCTCTGCAGCAGTCGTATCGGCACACCAGGCGCGGATCGACCGCCGAGAAACGATTAACCGGACACAATCGAAGCAGCCAGAGCTGAAGCGAGAACCAACGATGCGCGCCGAAGCTGTTTCCTTTACGTCCGGTCTAGCTAAAAAGAGTGGACAAGGCTCAATCCCCGCTGGACCCCCTCGTCATTGGCGCAGCGATAGCGGTGGTTCGACAAATAGACCTATCTACACCTTTCCACGTTTCGTACAAGTCGAAGACACTCAGCTGGAACTTGAATAGGACCGGTTATAAATCCAAGGGGCCCACCTAGTGGTTTTACACTCGCCGCCACAGTTGTGTCAGTCAGTGTTACCTATGCGGATTCCAATGCGTAATCGGATTACCCATGCTACAAACTTCGACTTTTGTGGATAAACCTATAGTCGGGACGAGACCCTTGGAATGCATCCCGTTGAAAAGGAGCCTATATCCATGGGAGTCATAAAGAGAATCGGGCCTTTGATAACCAAGAACCGAGAACTGTCTGAGGAGAGAGCGGCCTCTCATCTTGATAGGAATACATCCGCATGGACTTGTTTGGCAGAAGTTGAGCGTGGAGTGAGGTTGGCGGTGTCGGGCCGCAAGAACCGGATGACGATTTTCGGCATAGCACGAGTATCTTTTAAATACCGGGATTCATGTCAGTCACATTTAGTCACGGCGGAGTCGGACCTTCAA,1156,51.56,Saccharomyces cerevisiae
SEQ_271978,ATCTACGGGCCGGCGCTTGGGAAACTTTGAGACTTTCACAGCGGACCGATGCGTATCTAAAGGAGCCAATGCCTTAAATTTTTCGTCTCGCACGACTCCCTATTGCACAATCCGAACCCCTGCTCAATACGAGTAAAACCTCTCGGAGCGCCGCGTAGGTATCAATGTATCCGCTTCCGCGGGAGCGCATGATCGATCACCACTTACGTACCAGGTCTCAACTTGTGTAAATGCAAAGGGGAAGTACGCTTCCCGCTCCGCAGCACCACCCAACGAACCTCGCATATTTTACCGATATTCGGCTTACATCATGCATATCACCCCGCTTCTCCTCACACGAGCCTTTAGTGTATTTAACCAGATGTTCGAGACCTCCTCTGGTATCTCCAGATGGCCACGGAAAAAGTAGAATGGGCTATTCTTACTTTCCATGCGTTCAGCTGCGGGTTTATCCAGACCATTTAGGAAGCCCGTGGTCTTACCCGGCGCGACCTGATAGTGATAAGAGGCTATAAGTGTTTTTCGGTCCGACAGTGCACCGAATTAGTCATTAAACTAGCGTAACTTGGCTGTACGGTCTCGAGTACTGGGTGCACATCCGGTTTCGAAGACTACTGGTTACATAGATTGTGCCTTCAATAAACGGAGTATCTCTTGACCAATCCTTGTCGTAAGCGTACGCTGAAAACTACCACTGGTTGCTATGGCGTTAGTGTCTCAGAGCCACGCCCTAGTGTACTTAGTAATGCGCAGCCATTATAGTAGCTGTACTCTCCACGCCCTTATGTGACACTAGCCGTCAATACCTGCGTCGCAAGGTACTAACAAAGTGTGGGCGGCCCTCTGTTTCATTCACTGGACGTAGCAAGAGCACTAGCTTAATGCGCGGCTTGAGGTCGCGAAGCACTAAAAAAGACGGCTTGGAAAGTATGTCCCGGTAGCGGGAGTCCATCGCACAGCCAACTGTACGACAAACCGACCAGCTGACCGCCCTAATTCGGTTCTCTTCCGCTCCCTGGTCCTTAGATAACGCCTCGATGGTTGTCCTTGAGAGTGGCGGCTAAAGCGGCTTTTTACTACGGATTTGGGTGTCTCTGTATGAGAACCGTGCACGAGAGAACAGCTCTGTAGTCGGGGCAGTTATACAGTGTACAGCCTGCTGCCTATCGAAGGGCCGATCTCCGTCAGGCTTATCAAAGTAAGAACGATACGTGCTTTCCACATGTACTCTGTTCGCGCTATCTTATGGATGCCCCCATGTAGCTGGGGTAGAGGAGAGCCCGCACCGTAACTTCTTGATCGTTCAGCAGTGATTGTTGACCTCCGTTCTCAATACTATAAGATCAAGACAAGTTGCCGCCAGCATTTATACATAGGGCAAACTCCGACGAAAGGTTCGCCGGACCGTTCGTATTTGCTCAGACATCGTACGTTTCCAAAGCGTATGTTGACTGCTGGTAAGA,1463,50.38,Saccharomyces cerevisiae
SEQ_189692,AGGCTCTTCGTACGCTTGATTACCGCAATTCCACGCTCATTCGACAGCAAGTTTCCGAAGGACGCTGCTGCTGCACGGAGCCGGTAAGTTGACTTGTATCATGACTAGAATAGTCAGTCGGCTCTGGCTCTGCATTCAGTTAGATGGATTATAGCCGGTCTTATGCAACTCCGACTTTACTCATACGCTCTACGTACAATAACAGCACCCCATGACTTCGGGCCCCTTTACGGGTCACCTGGTTGGATACTCCTACACTCCTCGCCTGTTATTGCACACCAACTCACGAGCTTTTTTCAGAAAGTCGTCCGCAGAGAGTTAGTCCGAACGTGTATTGACAGTGGGCGATCCGACACACGCGGCGCATTCACGGTACTGCGTCTCGGTGTTTTGCTCACTTGAGTACGAAAATATATCTCCATCACCGAAACGTAGACACCGAGACTCAGTGTCAAAGGCCTGCCATCGGAAATAAGGGAGGCTATAACGAGAACGGGGCCGGACGCCCCTTTACATGAAAAGAAACGTTAGTTAAAGTGTGTATAACCCGATAACTTGGGGAGAACTCAAGCCCGGCTTAAAGCTTCTGCTAGACACTTGAACTATCCAGTGCACTGGGGCTCCCGTACGCAACGTTTCTCACTGAACAAGTAGCAGATGAGCGCTGTGGCGGAGCGTAGCCGGTGGACTAACGTGTCCCTGGTTCATTGTGATCCCTTGACTACTTTTTGTTTGAGACAACAACGCAGGATGAGACTGTTCCGTAAGATATCCTTATTTTTGGTTGGCGATGACGTAAGTACAGGGGCTCATTGCGCGATCAGTACATTGATTTGGCGTGTAAAGATACATGACAGTAATGGTCAGCCTCGTTTTCAAGGAGCTTGACCACTCATCAGCGATACAAAGGTATCCGTATTAATGCAATCACGCGATTCAGCAATTCTGTCCACCTAGCCTAGCCGATCCCGCCGATTCACGCCGGTTTCGTGTGATAAGAAGTAGTTTTTAACGTAGCTACGTTTAGGCTTACATAATATGCTATCGTACCTCAATGAAACGAACAGCCAGTACCGCCTTTACCCTCGATATAGCCCGATTAATATACTCATTCGATTTGAATTGGTTATAGAAGTATGAGCTTACAATTACCCGGGGGGGATCGTGCACCGGTTAACTGTAGCGCTCGTCATTATGGAACTCTGTGACCTAAGTTCCAACGAGCCAGAACGAAGGCTGCCATCTTATTGTTCGGTAGGTGACACAAGAAATACCGTATGGGCGAATGGTGCATATGGAAGGCTCACACTATGATGAGCCCACGTCCCAGGTGTGTCTTTATCCCACAACCTTCTGAAAGTATGCTATAGTGGAACCTCCATTAACGAAGTGAACGTGTTCTAAGGTCTTCAAAACCCGAACGGCGGAATGTAACGCTGGCGCCTAGGGTGGTCTGAGACAACCGGCGTCTTACCCCGTCGACACTTATCTG,1492,48.66,Caenorhabditis elegans
SEQ_482425,ACGGGATGTACCAACGTTGCGCGGAATCGTCGAGCTGATAATGACTAAAAGTGCCATAGGAATGGCTGTCGCGAGAGAGCACAGAGACGCGCGCTTTGCCTAGATCCTACCTATGAGACGCGAACATGAAAATCTCCCCGAGCCAGCCGGGTCGACCTAATT,162,53.7,Drosophila melanogaster
SEQ_225968,AACCAGTAGGACTCCCAAGGGGTGGGTGGAGTGTTGTGAAGTCGGTTACTAGGGTAAGACAAGGACTATGGAGCAAGTGCTCACGACGCCCATCGGTTATTAGATCGATGAGGTCTGCCTTGGGGTTTGCCTATCGAAGATGCTGCATTGGTAGCCCTGAAAGGGATAGAAGCGCAAACCGACCGGAATTGCTGAAACCTCCTGATCATTGCGTTAAGACGAAGCCCGGAATAAGCAGCGCGCAGTTCTGGAAATGTCGGGTAGGTTAACAACCCGTGCCAAGCACCTCTTACCTCCCGAGCTAGGCGTGTTTGAGCAACGGCTCAGCGCCATTCTGGAGCAAAGTCCTACCTTCGGGAGCGTGGAGCACCTAGAGGGTGGCTATAAAACGCCCATATTGCCCCTTCGGGGGGGAGTAAGAAACCGGAAGTGCCCAGGTAGACGCCTTAATGAACTACTATGGCTTGCGTCTGGTTGCGTAAGAAACTGCGTACGTTTCTAAGACAAGTCATACCCCGCCGCCGACAACAAATAAATAATGGGCAATCATGGACTATGCATAAGCTACACAACCGCGGCCGCAATATCTCGTTATCACTGCCTCTGCAAGCGTGTAGCGCGCAGGGCCTGGCCGTAGCTGCGTGCCCTCTGCAA,654,53.67,Saccharomyces cerevisiae
SEQ_400465,CTTAATATACAAGTATAAAAGGTCCAGTTACCCACCACGCCCGACATCTACCCTCTATACTAGTAATACCTCGAATTCGCTGGAGAGTCAATTAGAAGGGTCGACCCTTACAAACTACTTTTGTACGAATTGCAGGTCGCGATGGCCCCGAGACGGGATTGGGACACGTATACAGTCGCAGTCATCTCCGAGGGTAGGTGTTAATAACTTATCGGTGAACGACGTAAGCGTCTACTAATGTACTTACGTTCTAAGTCCGAGCCGACAGGCGGATTAGTTGAGTCGCGTCGGACGCCATGCGGCGATTCAGGTGCCCTCATTAACAGGAACACATGCTTTGTGAATCATAAGTCCACATACCGGGCCACCATGCGTTTGACGGTTAGATACCTGAGCGCGAGGACAAAATGGCGTCGGGCGCCAGTGTGAGTCATTCCAACGCTGTTAGGGTTTAGCGAACTCATCTTAATCCTACGTTCCGCGAGGTTGGAAAGACTTGCTTGAATCGTACCAGACTAACGTGTCTGTCTTTAGATGGAATCGGGACGGTATGTCGAATAACCTGGGGTACGAGACTGTTCGTCTACCCCACCGTGTATTGATTAACTTTGTGACCTTTTAGTTCCCGTGACTTGGTGAGATTGTTGACCGGCGGCCGTCAGGGAACGAATCGCAGATTACGCTATTTCGGTCAATCCACTATTCAACAGCACAAGTAGTATACTAAATAACCTGAAACACGCCAGAGTACGCACAAATAAGTATTAGCACGTGAACTGGACTCTGTTGATCTACACTCACTGGTGAGGTTGTAATTCCCCCTGGTAAACACTCACTAATGGGGCAGGGTCTCAATGATCACATAATGGTAAATCCGGATCGCTGATAGCAGTGAGCTTCTCCAACCCTTGGTCCGTGGGGCTGTAAGCGATAGGACTGGTAGCGGCAGCCCATGCCAGCCATCTTTAACTGATATTGTCGGGTTGGTACGAAGTTGAGTTGATGTAGCAGTACACATAGGGGGAGCCGGGCTGAAGGAGTGAAGTAACAGCGCAATCTGTGCTCACGCCGGAAGTCCCGAATGATCCGTGGACGCGTCATATGAAGAACACAGTTACTCAATTAGAGCTGATCATTATTTCTGAAAAATGGACAGGATTTTCTTGAGATGAAACTGAGATTGGCAGTGATCACTTCGTTAAGGACGCGTTTTGAGTTTGACAGTGGTCACCAGCCGAGCAGCAGGGGCGAGCGTAGGTTGCTAGTGAATCCCCCGTTTTATCAACTTTAACTACAGAGAGCAGAGTAATTCATAAGCAACTTCTTAATTATGACAGCGCAGCATCGCCGTGTAGCTGTTGCTAAGCGATCCTAAACACAGTAACCCTAGAATAACTTTTACAGGGGGCTGGGTGATCTTGCGCAAATGTTGCGAAACTATAGCCGTGTCCAGGCTTAAAGGTCGTATTACGACCCCTAAGTAAGGCAAGTTAGACCCGCAAATCCGAAGTTTCCTTTTTCATTGGAAAAGCCTTTGCAGAATGATAACTTATACAAATGTTTTCAATTGTTCGACTGTTTCGCCCGCTTCAAATCCTCTCCTGGTACTGATGCTTGTACGCATTGCTTTAGTAGTTTTGTAGGTGTGGCTCTGCCAACGACAAGTAAAATTGCAAGAGACTTACATATGCGCTAAGGCGTTTAAGAGAGACTGCTAATGAGCCTACGGGTCACAACGGGTCTAACGAACAGCGCTAGACCGAGTTCGCGATTTTGGTTGGGTTACATCACTGGTGGTGTTTGCCA,1806,47.45,Caenorhabditis elegans
SEQ_281832,AATTGATACGGTCTAGCCGACCGTGACGCGCCAAGGGACGTAGAAGCTCCGTATACGGTCGGCATTGTACTCGTACCAATTTCCACCCGGGGGTCAGCTAATCTCGTCAGATTAGGTGACCACGGGGTTGTTCGGAGTGTTCAGTCTACGTGCTACCAGTACTGCCCGTTTATATTTCTAAACTCCGTACCTCATTAAATCCACGTTAGGCCTCCCGCAGTGTGCGTCATATCGCGGTGCTGCGAGGTTCGAACCCTGAATACACTGAGTCCTGATAGATCGATGCGGAGTACACTCCACGTTACTGAACAACGCTTAGGCGTGAGAGGATAGTCGACTACGAAGGTTGTTAACAAGGAGTGCGGCTAGAAGCTCGTGATGGCAGCTTAATCTT,394,51.52,Caenorhabditis elegans
SEQ_285731,TCGTACGGTGGTCCTCGTCTTGCTACCAAAACAATTGAACCTAGCCCATAGGTACTTGGCTTTTATTGATTCGCCTGATGCTTAGTGCCTCGTCTTGTCATCCCCCTACTGTAAAAAGACATGCTAACAATTTCCAGTAGGAGTAACACCTGAGCGTAGTCATGACAATACCTGCCACTAGTAGCATCTGTACCGCTTATGTGGCTGAGACAACTAGCAAGTTAGACACATGCACTCCGGTTCAAGAGCGTCTAGCTGCCAGCCATGTCCTACGTTAAGTTAATACGTTGACCCCGTCACTGTCAA,306,47.06,Homo sapiens
SEQ_172135,TGTAGTATTAGGTGATTTAGCCTGGTAGACCAACCGCCAACGCTGTCGCCCTGGCAAGGTATAGGCGCGGCGTTAGCTAATATCCATAACGTCTAATGTGAGCACCCTAAAGCACCCGTTATCGCTTATTACCTGCGACTCTCCCCGCTACGTACATAAGAGGTAGCGAGAAGAACTCAATTGCACCGAGTTGACTTGTTAGACGGGCGGGTCCGCCACGGCTCTCTGTAAAATTGTACATGTTTTCCAGCGTGCCGAATAAAGTACAGTCGCGATGTTCTTCGCGGTAGTCGAGCATAAGGATCAGCCCCTCACCGTAACTATAACGGCAAAAGAGGCCAATATAAACTGTTCCACCTGTACCTCTTTTCCCGTAATTCGTAGTTAGGAGACTCGCACCAAACCCATGAGAAGACCGAGCGGTAAAGGAAAAAACAATCAGTCGCATAGCATGTAGTTGCGTGTACTAGAATGCTCTAACGTTTGCCAGCCTGTGGCTATCTAGGTTTAAGAGTTCAGAAATAAGTATGGGCTTTCCATTGCAGCGAACATGGGGCTCTTCTCGTATGGTCCCGTGTTCGGAAATGCTGATCGCCACGGTACTCCCGACGTGTCTGACCTCAGATAGATTTAACGGTATATAAACTGACCCCGATCTGCATTCAGTTACAAATCGCTTACGCGACTTCCTGAAACGAATTTACAGCGGACTCATATACCAAATGCTATCGATCTAAGGGATAACGAGGACCCAATCCTGCAGCAGATTAAGGTTATCGTCTCCACCGAGAACTCGTGAGGAGACGCCTCTATGACCTGACGCTGTCCAGGATTCGTCGTTATCGTTGCTCGCGCGATGACGAACAAGCCCTGTACGCCCTGTGACCTAACGCGCAGAACGTCACCCAGGTCGCAGCTACCCATCAAGATTTCAATGTATAGTATGGCAGGTGAATGCAAATATTCGTCACTTGAACTATGCCTACGATGAGAGAATTTTCGAATTGTTTTGATTTTGTCAAACCATTTCGTCGGATCTTGCACCTGAGCTTACACGCCTGAATAACGATGTCTCAAAAATACCGCAGCCAGTACAACAGGCCGGCCGTAGAGATGTGCCGCGTGTGAATCTTCATCCGATGGAAAAGACACAATCAGTCAGTCCAGCAATCGACAATCCCGGTCATTGCGTGGTCGGCTTTACTAACCTATCTAGTACGTATTTAGGCTAACTCCACATGGCTCCACTATGACGTGTTAACGTATCGTCTTTTATAACTATTCCCTTTGTTTTTGCGAACGTAATCCTTTCGTTTCCTTCTGTATGACTATGTCTACACTGTCCTTCCCTTGCCCCTGTGGTAAGTCGCATAGGCTCCTTCTCAACGAAGGCGCAGTGGAGGCCCTCACTTTACTTTAGCTGCTGATGCTACCCCGGGTTACACTGCTAAGGCTGTGGTGTGCACTACGCAATACGGTATCTCGTGCACTGGTGGATCGCAAAACACAGTCGTTCAATGGGTCGAGAGCCACTATCCTACTTGGTATTTTTGTTCGAAATAGTTCTGACGGCACTGGAATAGACGCGAAAATATGTTTGTCCCAGTAATCGGCAACAAGTTTGCAAAAGCTTGCTCTGCGTGTCCCAGCCAACAGGCACCTGCGATATCACCTCAATTACCTTGTCTAATCCCGGCACGGGGCTCCCGCCTTCGCATAAGCATGATAAGTGGGAGATACCTTTCTGCGAGAGCAGAACTTCACGCTGATAAGTCCGTGAGCAATACACTCGGTCCCATCCGATCGACTCGTTGGCCCGCCCCACGGAGACTTGAACAGGGCTAAG,1846,48.81,Drosophila melanogaster
SEQ_954658,TCCCTACACTTGTCATGCGAGGCCTCGCTAAAAACCTGCACTAATTCTTTGTGTGGTGCGTCAACCGACCTCGGAACCGCTCGGCCGAAATGCCAGGAACGAAGATGTAACTAGCGAGGCCAGAGTCTCGCTATTCCTAATTTGCAGAGTAATCACTTCAAGGGTCGGGAATTATCGCTCTTCGTCTCCGGTTACACGGAATTCTTACGGGCGCTCTCTGCCAGGATTCAGGTCACTTTTGGATTGTTCTCACATTAGTCGGGGCTGCCAGGGACGACCCCAGCGTTTTCGACGGCGAAAAAGACACCGCTCCGTGCTCTTAAAATCGCCATCAGACCGCGAAACTGTGAAGCCTTGCTCGATTCGCATGTAGGAATCGAATACATTAGGACGGACGCGCGGGCCGAGAGTTTCAACTCAAGCACGAGGTAGTCGGCCCAAAAATTGACTTCACATAAGCCTGTCAGTCTGCGGTAGCGTCTTTGTAATCCAGAGGTTCAGTCGTCAAAACGGATCCAGTCTTAGAACCCTTGTGGCTAGGCCTCTAGGCGAACGCTTTGTCACTGAGTCTGGTCTAACGCGATCTTGAATCGCCCGATACGTCTCTAGCGTGAATCCCTGTCCTCGATTACCTTAAGGTGAGGTTAAGCTGCAGCACGTGGATCGCGTCGGGCCGTAACCGCGTAACCAGTAGCACACATTCTGTCGTGTGGCCTTCGGGCGAAACTTTATCGAAACAGAACTTTTAGACCAGGGCAGGACGATTTCCAATACGGGGTAATTACAAAGCTTTTATACACCTGAGAGTTTCAGATCTCCCCACAATTTCCCGCCTTAATATCGTGGGAACTCACGTGTATGTGCGTCACTTGGCAGGATGATGTCACCTGCTACTTCCAACCGAATCAGATACACTAGTTGACACGGCACCCATCGCTTTGGACTCCCGCACACTTCCGTCAACCTAGCTCGCAACCGATATACAGTATAGTCATAGCAAGCCTTCGGTATCACCCATCGAATGTATTCTTCTGCACAGGTGATAGGCGTTCATGACTGACCTGAGTAGTCTTATAGGTACG,1082,50.83,Mus musculus
SEQ_862905,TTATGTGAGAAACTTGACTATCGACGAACCTCCTTTCATCAAATTCCACTGCTGCGGTTCATGGAAGTAAGACGCGCCTCAGCCCAGGTCGGTGTCTGCTGATCGAGTTCGAGACTTTAAGTTCTTAGGCCCCCACACCCGTGTCCCGAGATTTCCAGCGTGCTGGATCATGGTTGCGAGAAATCGGTCTCATCGAGATAGGTAATGGACGAACTACCCGTTCCACTGGGATTTTTCCAGCGAATACATCGACCCAAGAGCGGCGTGATGCTCGGCCTTATGGTCCAAGCGTATTAAATGGTTGGTAGGCGCCATCTGGGGTCACAGACCCGTTAAGCCTGGAGTTAATGCGACACCACACGCCTTCCACCACAATGGACCTCTAAACAGAACTGCTTCACCTGCCTAGCCCCCATGGCCGATGCAACTGTCGGCTTAGTGGTCTCCGACGCCGTGCTTACCCCAACAAAGATTACCGTTTATTTTCCATTGAGCGTTACTAAGCACCGGGATCGCATTCTTTTCCAACTCTGAAGGCTCACTGCCGGCGAGAGCTGTTTATCTAAACCGGATGTTGACTCACTGGAAGTATAAAGGCTCGGGGAGTGCGCGCTCCTTCCTCTTACCGAAATGTCACCGTCCATGTAGCGGGATCCACTGTGGCTCCAGGTACTTGATTATCTACTGCGCTTTTGAGAGGCACGTGGATCTGCTCGCCGACTAGAAGTAAGGTACGACCGTCATTAGCGACGATTGTAAAAAGTCCCAGGTGCCATGTTTACGCGTCTTCGTGGCGGAGCCGGCCGGATATGGGTGCCCTGGTAATCCCGAACGGAACCTAAGATCACTCCCGGCGAGTGCCAGATAGCTAAGGCAGGTCCCTTAGGAGAACCCCCAATGCTGATCAGCGAAGCACACATGCAACCAATTTGTAATTCGGCCACGATATGTAGACGAGGCGAGCGGCCGACTTGTTTAACG,981,52.91,Drosophila melanogaster
SEQ_230848,TTCAGCCAGCTGTGTATAACGAGTGAGGTTGTGTTTCGTAGAGGCCATAAGTGAGCCGATTGCCTTCTTTACAATGCGTAAACCTACCGTTCTCTCGTGCCGGGACCTCGCCATCCGCGACCGTTAACCGAGACGCTAGTATGCATACTGAGGTCAGAGATCGCTATCGAAAAATCAGAGAACATGAGAGTACAGCGCTGGCCCGGTAGGCCAGGCGCGGTGCTCGGAGAATAATGAAAAATGGTGTGGAATCATCGTTACACTCACGATCCAACGAACAACGTTTTATTAATTTAACTTTTCTCCGAATCTATAACACAAAGATCCGTCCGCAGAGCGGGGTCCCCTAATAGGAGATCGCTGTGCGTCATTGTCTGGGGGCTACATCAAAGCAATACACCTAGTTTCCAAAGTCTCTTGAAGCGCATATTGACACTCCTCACGAGGAAGTTCCTTATAAGATACCTTAAAGCTCACG,478,48.12,Escherichia coli
SEQ_446913,AGCATATGGAAGCTATTCTAGAAATGCAGCTCTACACATTCTCTTCTCGTCGCGTGCGTAGTGATATTACGTATGTGGTAGGGTTGCAACAAAAAATCCACCCCGCGTTGTCTTAGGTGCCCCCCCTGAACCTGGATGGACACCGCGTCACCTTCCAATCCCCAGCTATATGGTTCTTCATGGTTATCCTTTACATAATCTGTGCCCCCCTGCCCATGACCAATCCTAGCGTCATGAACAAAGAATTTTCGGACCATAACAAGCCGCAGACCCCACAAGTCTCCCTCTCCGGACTCCGGGATCTATTGCAGCACCCTTCGGCTGACTCTCAGGTTTGGTAGATGATTCAGACAACTGTGCGTTCAATCGGAAGTGAAAGTCTGGGTGCGGGTAGCTGGTAGGTTCTTAAGTCACGTAGATTTCTCAATATTTATACTCGTCCATCTCATACTTGGCACGTCCCAGAACTATTTCTGTCAAAGTTATCTGGCGTTAGATGAATTGATGGGTAACCAATGCCCTCGGGAACGCGATATACTATATAGGCGGACGTATGCAATGTGTAATCTCGATATTTCTTGGCCTAGAAATCCTATCGCGAAACGGGCCCATGAAACCGAGCAGAGGGCGCCACACATTGTTTCCACCTGATACCAGTGAGAGGATCTATGAGCGTAACAGGGGTGAAGCGTGTACCGTGAGTTCTCGAGGGTCGAGGCCGTTTGTACCCACATTATCATTGGTAATCCGGGTCAGACCTCTCGGCGGCTTTACCGGCGGTGTTCGACCTTGTAGCGAGCAGCCGAATCCTGCCCTCGATCGGCTTTATTGAATCGTCTTCAGGTGAGTCTATGGCTTCCCTGTAACTAAGATCATATATAAA,883,49.15,Homo sapiens
SEQ_887989,AACGAGAGATGCGTGGGGGCGGTCGACGGCATGGGGCTAATAAAAAAGGCCACCCTCGAATCACTGAGGGGTTCCCAATAGTGGTTTGCTAGATTCAACAAGCATCGTGAGTTACATCCTTGCACGTCAAAAGCGTCCCAACTACTTAGCAACGTTACCAAACCTGGGGAGAACTCAGGCTCTGTTGACTCCCCGCTAAATGTGAACCCCAATGCTACCTCATCGCCGACCCGCAATCACCGCCTATTCGTGCACGCGACATGGGGAATTATCATGTGCGCCAGCTGGTTTGCTACGTGGCATTCAGCTTGGCGGGTAGTCTGCGTAGGGGATGACTATGTCGAGTCTCAATCTCTTCTACGAACGCAGGCTCACCA,377,53.32,Escherichia coli
SEQ_255748,CGGCTAGAAAGCAGGCGAGGGTTGTTCGTCTCTGCAGTTATCCTGCGCGGCTGTGCTCGCCCAAGCGTAGTCTTATGTAGTAAGCGCCTCTGTAACAGCTGTTTCGATTGTGTTATTATGTCCCCTATGACGTGCGCGCAACGGAAGGATTGCTGTCTTAAGCAATATAGAGATTATGCCCCAGCACCCCCGAATACCGGAACCAGTCCATTTACGAACGTCTAAATACTATAGGTGCAGCCGACTGCTTACAGTGCTAAAAAGCGGTTCGGCAACTGGGATATCACTTTTCTGGGGAGAGCAATGTACGCGAACGGGGCGGCTGGGGCTTATATATCCGTTCCAATACCTAGTTTC,357,50.7,Homo sapiens
SEQ_361705,AGTCCCGCGGTGCCGCCTTCGTGTTGTGCAGTCATTCCAAGCCTCTACGTGATGAACAGCGGAGGGTTCGAGGGGGACTCTATCAAGCGAGCTCGGTGGTAGTGCGTCAAGGGCGTTTTCGGGATTCGCCTCATGAGATTTCCGACCCTGGCCTGCAGGAAACTACTCATTCTGTTTCTCTATAGAAACGGACGAGTGGAGGGTAAAAAGACTCATATGGATGACATGTGACTCACAATGGCTTACGTGTTTTCTGCCTTGGTTCAAAACTGTTATCATCCGTTCGACGTTCGGGGTCGTATTTCGCACCTAGGCAAATTCCACCGAGGTTTGGTGTTACGTAGCGAAGTTGAAGTTCAATTAGGGCGGACCCGGAACCTATCCTCCTCTCATTATAGCCGCATGAGCTAGGTAAGTAGCCTCAAAAACCGCCTAGGCTCAAGTGCCTTACCCAACGAGCCGTTGACTCGTATGTGAGCGTCATGCATGGGAGGCACTGATCCCTAACCCCGAATGGGACGTCCTATTGCAATCCAACCTCCAAGGTGAGTCGCCGTGCAGCATAGGTATTAGCTACATATATCTCGTGGTCCTACCGCACCTGCGGACTCAATCGTGCCCGTTTTAGGCATTATATTGAGGAGCCACCCTCGCACTCAGGCAAGGAGCGAAATCCAGACTGCGGGGTCAAATGCAAGCACGACACGATGCGAAGAGGAGATAAACAGCCCGGTACCGCCGTTTGCGCCCACGCTTGCGAGTATGTCAAAACCAGGAAGCATAGCCTGCATCAATTATGCTGCGCGCGAACTGATTGGGAGTCCAGCAAGATCCTCTCGCTGTTGATAGAAAGGCGCGTCAATAGGCGGTCAGATTGCAGGAACATGGAAGTATATCGTGTCCCAGTTAAGCTAGGCTACTGGGGCCACTTAAGGCGGGTTTGAGAGTGTGTTTACGAACGTATCGCGTTTCGGAAGGACGACCGGGACGGATTGTTTCTAGCCGGTAGCAGCCACAATCGCTTCCCTCCAACCTCTAGTAATCTCAACTAAGACAGGCTAGTGTCACATTCTCATTCGCGCTCTGTCTTGGTACTTGAGGTGGTATCTAGTTGACACGGCGCCTGGGACAAGGCCGTGAATCATCTGC,1149,52.48,Saccharomyces cerevisiae
SEQ_738369,CTGATTCGGGTCAGTTTTAACGTAAGACCGCCAGCGGGTGTATTGACGCAGACTGAGCAATCTCTTTCCTTGCCAACTCCGCTGCGACATGCTAACCGAGTGAGGGGTCGAAACATGAAACACTTATCTTCTCGCAGTTAAATAAATAACTTGCCATCTCATATTCACTTAGGCCGTTGTGGGGCCGAGTTAGATGGCGTAATCTCTGTCTGGTGCGATAATGCCACAGTCTGGGGGTGTCTCTTGAGGCCACAACAAGTTCATTGATGGGTACAAGATCAATCAGTATGGGTATCGTTACACAGACTAGGCGAACTGCGCGAACGTTCAAGAGCACTCGGAAGCCCTACGAGCGTGGCTTTACGCCCACCCCATAACGTACCCACGCGGTCCACATTGCGAGAGAGAGGATGTCGGTACTCCTCTTATCGGCCGTTCGACTAGGTAATACGTTAACGTCGCACCCCAGCGCCAAGTGACGTAGAATGCGCGGGCTAATGGAGCAGCACTCACGCAAGCTAGCAGGGGCTATACACGGCTCCGAATAA,548,52.01,Escherichia coli
SEQ_308071,AAAAGCTGTCCTCACGTTAGTGTTTACCACATTGCCCTCGCGGAATGTGCATGGGAACAGCCGCGCACCCACCGGCTTCGGCCGCCAAAGAGCCTGCTACTCGCGGTTGATGTCAGACCTCAGCTAAGTATACCAGGCAAACTGAGGGGAAGACCACCACTGGAGGTTATGGCAGCGCGCTAGCTTAGTGCTAGAAGAACTTTTCACCTATTCCTTAGAAGCATCTCTTTTGTTAACAGATGATAGGGGCTGTTGAGCGAACCAATCATTTTCCATAAATGCTTATTCGATTTCTGGTGCTTTAATACTTGTTGAACGGATCACGTCGGATACCAGCAACTTAGAGGACGCGAGCTACATCCACCCGCCTTGATGTTTTCCAGTACGACCAACTGCCCTAGGTGTAAGTTTGGAACTCACCCCTCTTGTGTAGATTACAGCTATGTTGATGTCCTTCGGATATTTTACCAGCTAATCTCATTAGGTTATCTAACCTCCTTGGGTAAATTAACGCTGCTATACTCCAAGACGCACAGGTGCCTCGGCTCTGTACAGTCAGTAATAAAGCATGACAAGCAACTCGTATGGTGACTAAGTTGTCATTCAGGGATCTCTAGCAAGGCAGGGAGAATCCCCGACTTTTACTGGTAGCAGCCGTCACGGGATACAAAGCGGAGAGGGTTAAGTTTGCGCCGAATATGGGCTACTCACCAGTCATCGGAAAAACGCCCGCATGCAGGAGCATATAGTCCCTACTACGCATTACCTAGCTAAGCTATATAAAATTTTGAAGCCTCACAGCGCCGGCCATGGGTCTCCGTCTGTGTCGAGTTCATGCAGCGGAGCATTACCGATTATTTAGAGCTATAAATCGACCTGAGGTTCCTTTATTGGCCGCCAGCGGACGGGACCTCTGACACTCGTCGAAACGACCCTGTGAAAATTCGACTTGTTTGGAGAGCAGCCGCGGTACTACCATTACAGTGTGGAACTAGCCACGCCTGGACTTGTTACATCCCGCGAGGCGCGCCGGTAAGTGCTTCTTCGAGCTCCGACGTAAGATCCGCGTACCAAGGATATATTCACTCTATAAATTCCAATTATGACAGTTGGGCAATTAGTAGCCTCGTTTCTTAGCTCTTGCCGCATTTGACTTTGGCTAATTGCTGACTCGCACGAAAAGCCAACAGGAGAATCGGCGATGCTACGGGTACGTTTGCGGGTTGAGCACAGGACCCTTTATAAATATGGCCGTTATTCCCTATTGCCCCGATCAGTGCTCTCTTCAATTTTATGGGTCTACTTCCATCGGTCCAAGGCGTCGAGCGGCGGTCGTCCGGAGTGCGTTATG,1351,49.52,Caenorhabditis elegans
SEQ_981767,GTCTTACAGGAACTGGCCCGCGTGCTAATTCGATGATTCAGATCCACCGTGGGCATGCGGTGGTTCACAGCATACGTGACCTCCGTCACAAATCGAGCAAAAACCGAAACTACTGGACAAGAATGGACTGAATCCTCTCTTCGTATGTTCTTATTGCTTCTCATTCATCTCTCTGCGCGTCCTAAGAAGGCTTAGTTACAGGGAGCAATCCGTGCTTACAACAATCTGGATGTACTCTGGCGAAGAGCACATAAGGAAAAAGGAGACGGCTGGCGAAACACTGGACAATGCCTCCAGGTTAAAGTAATCCAGTTCACCTCGAACTTTAGAGACCAAGGTACCTCGTCTAAAACAATTTAATCCAAGA,367,46.87,Caenorhabditis elegans
SEQ_265585,ACCACTGAGGCAGAACTGCAGTTGTAGTGAATGCTGATCTGGGCCGGCGCGGAGTTCTCTAGCTATGGCGTCTTTTCAGGCACATGGTGTGGTAATAGGTTCCCAGCCTGGCCAAATAATTAACTTTCCCTAAACGACCTGACGGCTAAGGTTCTGCAGCTGGTCTCCTGATTACCCTCCCGCCCTTCGGCGTGAAGCGAAAAGTTCAGTAGTCGGATCCCGTTTGGTAATTGCCGAATAGTCGCCAAGCACCAGCCTTGATCTCGCGGCTATACGTCCGGTGAAGGGTACTGTCCTGTGGTCGTGTCTGCTCCCAACTTGAAGCGCTCTAGTCCTGCCAACGGTAGCCCCCCCCGTCGTCGGATACTATTGCATCCCTTCAAGGTAGAAGCATGCGATCACCATCATCTTATCGACAGGGGAGTTATGTTCGCGAATGGGTGAAACTTCTGAGTTTAGTACTGTTAAGCCCCTGTTGGCAGACACAACGTCTTAAAAAAGTTCTATCTTGCAAGTTCACCGCGGCATCATTGCGTCAAAATAATCTTCCTATGATACTTCATTCCCCAACCATGATGTCGGACTTCTGCATTGAGGGCCCAGGATGGTCTGAAATAAGTAAAGACCTTCCCCTCGAGCGGATAACTATTCATCGCATTTGCTTATAAAACATCAACCTCCCGTCTCAGTAATGCGATATACAAGTCGGGCGTCACGGGGGTATACGTGCGAACACTGTTGATGACACGTCCCAGCGGAACCGCCATCGATGTTGTTTAAAGAAGCTCATTGGGCTGATTAAAGGTGCGGTTAACGATTACTGTCAATAGGTCAGCGCCTGGGCTTGTACCCATTAAGAGCAGGCACGCATCTATACGCATCACTATTCTCTCGGGCAAATGCTACCTGGTCCAGTTGCCATCGTAGTCGGAAGGAAAGAATGGTAACCCGATGGAGTACTGAGGTGTACTTTCGGTGTTCTTCGGAAATGAATCTCAATATCAACACTGGTCGCTTTCTTAGTGTCGCAGCTATTCGCTTGTAAGGCGCATCCCTCCTCCGGTGCAAAACATGGTCGAACAAACTCGTTCCTAAAGGAATCGTCGGTCTGCTCTTCGTCGAGGTCGGAATTACTGTGGAAGCGCAGGTTATCCACCTCTTATATGAGAGAGAACTCGTGTACGATGCATAATAAAAGGATT,1202,49.42,Saccharomyces cerevisiae
SEQ_783650,TGCTAGACAGACGCGTCCTACTGTGCCCGTGATTAATTGACCTTCAGCGGAGTTTAGCGCCTGGTCAGTAAGACCCGTCTGAATGTGCTTCGCAGGACTAAACAACTGATCAGCTTGCGTAAAGCTGCGTCTCAGAACGGGTCGTCGGCACTGACAGCATGAAAGCATGACATGGGAGCCTGCCTCGCCTCCAGAACGAGGGATTTTAATCATGGACACGATCAGTGTACTGTTACAGATAAATAAATCGAGCTCCATGCACCATCGGTAAACATGACCTGGGGCCGGCTCTGGCGCAAAGGGGCACGGAAGGAAGTTTCTTCGCCTAAACCGGTCCGTCTAGAATCCCAAGTTATGCAATGTGCCAACGTATTCAGCTGTGTCGTTTGAGAAAGAACCGACTTAGGGTATCGGGAAGTGTGGGCGCGGCTGGAAGGAACGAACCCACCTTTCCGTAGGTGAATTACGTTTTGACCAGAACTGAACCAACATCTAATTGCCTCTTCTTAACGTCACCCACGTCCGCCTACCTGGTATACTGGCTACGCTCATAATGTAACAAAACTTACGTCCTTAGCGCGGGCTCTTGAAGGGCTGATGAGGTCGATAAGGTCCAAGCAAGAGTCACCGGCCATAAAGGTGATGGACAAGCTCTCTTTAGAATCGCGACGGTGCAAAATGGAGATGATATGGGGAGTCTGAAATCCGCTAGTAGCTACTGTGCTTGAACGACCTCGAGAGGAACCGCCTCATGGAGTTAAGCCTAGCCCTCGAGTGATAATTAGCTCTGCGTAGATAACGATGTTTGTAATCGTTCTTGAGCCTGCAGTGGATCATTGGGCC,843,50.65,Drosophila melanogaster
SEQ_755986,TTGGTAACGTACCTATCTATTACGGAAATATCACACATACCGTTGCGATCATACCGACTCTACGGAGAGCGCGTGAATTTGCTCTTTCGACTCTCGGGCTCCACTCTGTTAGGACGAATTTAGTATGTCTCTTAATAACCAAGGTGGTCACACTGCGACCACCAACGACCTAAACGGGTACCGTCATGGAGACGGCTTCGCGTTCCCAGCCTCGTTCATCCAGCCACCGCACGATACGGCCAAGATGTTAGATCTTCGGTCATTTAGACCAGCAAGCTCGGGCTGGGGCGAGTCGTACATATTTCCAACGGCTACCGTTAGTGTTATTTAGCCCTTTGAACCCTCACGGAGCACACGTGCTCCAGGCACAAGCATCGGCCTTAAGGGTATAGTTATGGGCCAGATAACCCGACCGAAAATCACGAAGCACGTAGGTACGGAATACCTAGACCCATAGCTCATTACATTTCAACTGCTCAGACTGGATATTATGGGTCACGGTCCCATGGTATAATATTCAAAGGACCTAAACACGGAGATCAGGCCCAGATCCGGCGACCTAGAAGGGCTGATCTTCACCCCCACCCGGACTCCACTCCCGAGCTTCTCTAATCGGTCTTCGTTCTCTTTCAATACTAGCGCGGCATTCAGTAAGAGCTTATCGGTGGAGGAACTTGACCTGTATTCAACATCCTGGCTTTATTTTAGGAACCTTCCAAATTAACACTACATTGGTACAGCACCCAGTCTCATGTCTATGACTGGCTTTTCACCTTGGTGGGCTGACAACAACAGGTGGGTTCATTTGGTTAGGCGAATGAAGATATGTTACTGCGCCAAATCGTACCGTACCGCAAAGTCATGGAACCTACTACCGAAACTAGTCTGTATGCCGGAGCGTCTCACTGCGGACGTAATACCAGCCCCTCTGGAGGCAAATAGTTAGCGATAGTATTCGACCCAAACGGTCTATGTAGTCGCATAAATTCATTACGAGCTCACACAATTCACCGCTAGATGCACTCTCACTGCTCTCGATACTCAGGAATTTCTAACGAACAAATACATTGCGCGATCTCGCCATCATACGACCAGCAGGGAGGGTCAGGTCGCTAACGATGCTAATCCGCCTGTGGAGTCCGGCCGGGTTGGCCATAGGAGCATCTGCTAGCCGTCTGGTTTTTCAACCGGGCCGATCCAGGGTGAACTTGGGCCTGCGGGCGCCGGTTAATCTGAACGTGACTCTTAAGTATACGGTCGTCTATCCTATTTGCCGCCCAGACTCGGCTAAGCAGACCGAAGCTCAATATCGAATG,1316,50.3,Arabidopsis thaliana
SEQ_938359,CATTGGCCATCCAATCAGAATACCGATATGCTCGAGCGTTCCTCAACAGCTGCGGCACAATCCCCCACGCGATTCTATTTGTGTCACTGCACCACCCTGCTGCCACAAAATAACAAAGGTGCTTTCTATACCACTTCATCCTCGCGCTACGCCGTCGTGAGATAGGAATAGCTACGCTTGAATCAGCTCTAGCTCAATCGCCGGTTCCGCTCCGCACACCGTTGCTAAACTTCGTCGCGCGGTTACCCTGCTAGAGCTTCTTGAAAAGTTGGGACACAGTATACTCAAGGACCACTCCAGATGTTAAGCAAACGCTTA,318,50.94,Drosophila melanogaster
SEQ_686366,AATACTAATTCAGAACTTGGTCCGTATCTGCCCAACCAGACACGCGGATAACGCTATTCTGCTGACAGAAAGTATGGCCCCAACAAGTAAAAGTCTGATACATTGACCAAACCTCCGGAACCCATGGTTTGTGAGTGCCTAGGTCGTGCTACAGAGTTTGCTACTGAAGTGTTCTCGGGATCTGATCAGCCCCAGGCATTTGCGGTGCTGTAAATGTGGCTATACGCCTTTTACCGCTGATCAACTCAACGTTCATTAGTGATAAATCTGCGTCTGCCGTATTTGGCGTGGCGCGCCTTCTGTTGGGACCAGCACTTGGCAATGAGTTGTCCTGCTACGCGTAAGCACCCCGGGACCTCTAACACGTCTCACGTAGTGTTGAACGCTTGAGGGTTCCCATTTTCCACCCCTGACCTAGCTTTGAGAGTATTCCTGACCAGTGGTTTGAATAACCAGCCCACTTGCTCCCCCAGGCCTTGACCAGCCCAAAAGCGACAAGTTGGCTTCGCAACAGCGTATGTATTACCCTTCTCGTATTTCGTAGCCCCCACAGACCTCTGCTGATGAGCATCTAGGAGAACGAGATTAAATGGCTGGTATGAAGGCGCGCGCTAACCTATGGACGGCGGTACCCACTGTCACGGGTTACTTGACCAACAGCCATCGTTGGCAGGTCGCGGCTTTCCTGCACTTGGCTAACCGTCTGATGCAGACTAGAGCGACTAACCGCCCAGGCACTACCCAACCCTATTCGAATAGCGAACGCTCCCTTGGCACCTAAGGTAACGAGTGCAATCCCTACTTTCCACACTTCTAATAGTCCATCTTATTGACCACACCCCGCAACAGTGCGCACAGCTGAGCAGGCAATTACGTCTGCGCTTCGATCGGTGGGTATAGTTAGCTCATCGCTCTTGGAGTGACACCCTATTGGTAAGTCACTCATGTGTCCTCCTCCGGCGTGTGATTGGTCTTCCACCGCCACGCAACGGGATGCAGCCCAACTTTGCCGTTCTGAAGCAATTATATCCAGAAACCTCGCTGCGACCCATTAAGCGCACTAAACGGTCTCACTGTTGGTCTATGTAGTTTCACACGGACTGATGATTCAACCGGAAAGAGCCCGAAGTAGGGTGATCGCATGTCTTCGCGGGCTCAGTGGTTTTGTGGCGTTATGGACCGATCGTCTCATGTAGGCTGCCACGCCGAAGCTCCCTAAGCACTTCTACCGGGCCTCATCCCCCATGCAGCTCCCGTTGCGGTGGTCACTACCGAACTCGTGGTCTATACCCTGGAGAGCTGTCTTTGATGGGCTCGGCATAGGTATGAGAGTAGTCCTCTTCTTTCCTCACTCTGGTACAGATATTCTCTGCTCTAGGAAAGTCACTGAAAAGCATCCGCCGACATGCGTGTGGTGCTCAGAAGCGGGGGGCCCCGATTCCACACCTTATAGAGGTCAATTGTGTCGTTATATGGTGCCAGCGTTCATGAACTTACTGAATGTCGGAGCTTTGCGTGTTACCGACTCGTCAGACCGCCTATGCCCATTGGGTAACCTTTACGGATAAAAAGACGTGCTTTCGCAGAGCGGGATTCTTGGTCGAACGGATTCTTCTTGGCTAGTCAGCCGGTGTAGATGCGCTAAGTT,1648,52.31,Caenorhabditis elegans
SEQ_214645,CAATCAGCTACGAAAACTTAGGTCTCAAACTTGACCGACCCTCGTTGTCGTCAACAATAACCTAACCTCCCTGTGCCCTTCGGAAGTCTTCAATGTTAAGTGGTTGACGCCGTCCGTCAGGCCTCGCCCGCCGGGACCAACACGTAACAAGCGGGAAATCAG,162,53.09,Homo sapiens
SEQ_653336,AGCGCTGCTTGACGTGCATCCTAAACTCCCTGTCGGTAAGAGATCAGGTATGACGAGGGCTTCACCCTCCTCTTTGCTTAACAGTTGGCGAGACGACCTGAATCTTGAATCTTTAGTGCTCCCTTCAATTGCGGCCTGACAAAATCGAACGTCAGACTATAGCAGCTAAGTATGGTCGTATAGGAGACGTTTGTTAAATTACTGTCCTCCGCTACCATTTGCGGTCAGATGTACGGCGGTGGATCACGAAAGACCCTTACTAACGTGCGTAGACGGATGAAGCAAAGATTAGACGCTTTTGAATCTCGAGACGACGCATACGTGAGGGTTAGGACTTTGAGCCGTATGGTGTCGACAGTTTCAGGGTAAACACTTATACGTCCACAGGGGTAATTGTTCGTGGTATGGCTCAGGAGTTTGTAGTTATGCTATGATTTAGAATCGTTCTTAGCAGCTAAGTCATGCTCGCTTTCAAGGCGCCGATCTTGTAGAAGAGAAGCCTCGGGCGTGCAAAATCCGACGTGCTCCGCCGGAGCCTGCAGATATATCAAAAGGAGAAGAGAACGTCAGAGGTCCCACGACTCAGGGGCAGCACCCATTCATTGACAGAAGGACTGTTTTTCCCCATCAAGTAGAACAATGCTGCGTGTTCCCTGATTCGGAACGTTTTAGTGTGCGAGGCCGACTCAAGCGGCAGACACTGATGCTCCACATAATACCC,721,49.24,Arabidopsis thaliana
SEQ_125569,TAGGAAAAATAAACCCGGGGACGAAAGCGGTGAGGAGGCGGTCTAGAAGGAGGTGGGTTCCTCAAATACCTTAATGCTCTGCTACCAAAACAGTGGACTCCTTACGGAATATGGAAGTACGCCCGATATTGTAAGTTCGCAACGACAGGGTTGCAGGATTACCGCTAACAGGACGTCTCGAAGACCGGAAAATCTGTTGCCACCTCGCGGTCTCTGAAGAAGCCCTCTTGGATGCTCCGACATGGATCTCACCGCACTCGCGAAAAGGGCCCAAAAGCTTCCTTTGTCTCAGCCCGGATCTGGGGCCCAGAGGCACAGCCTGTAATCGAGACTCCGTAGTAGGAGTTAGCCCAGGAACTCAAGACCTCAATACTTATTATGAATCATCCGCTGTCCTGCGTGCCTCCGATTGGGTGGACTCTAATCAAGCCGTGGGTGGACAATGTTGATAAGTGTTTCCCACCGCCGGCCGATGGATGCCATGGATATACTGTCTGACTTTTACGACTTCCTTGCCATTTCATGGGCAGTGGATGCATGGTTGTCGCAGAGACACGCCAGACGAGATGCCTCTCCACGACTCTGTTCCTCAGCGGATCTAGACGGGGGCGCACTAACAGATGATAACATATACCCCCGTAGACAAAAACGGTCAAGCGACAGGCGTGTTTTGCACCCACATTCCTTCGATAATTATACTATCACGGAGCCCTTGTCGCCCTGACGGCCCCTACCTACCATAGATTGCAAAATCCTGAGCGGCGCAAGAATGAGCTCATCAGCTTCAAAGAGGGAGATATCTGTTCGCCTATCTTTACATGCTTTGCATGATTTATTAGGTGGATTCGGCAAAGATATAATAATGATCGTCTACTAAGCGGGAGAACTCAGGGGAGAAAAGCATCGTGTGAGCCGTAGTGGTGGTACACTCTATACTGAAGGGGCCGACAGTTAAACGGTCTTCGGCTCACAGATTAATGCTGCTACTCTACTGATGTTACAAGACCATGCGGTAAACCTCTAAAGGCACTAATGGTTCACACAGTAAACTTTAGGGGCTCATACTTATCGCACTTCGCAAGTGGGAATAGCGCGCATTGTAACACGAAGTGGAAGCGGGTACTTTGGCGCGTGAAACCAATTTTTGAGAAGTACAAGGTGCTGATGTTAACGTTACCGAGCGTGTGTGGCTCATGCCTGCATTTTACAGAATAGCGGAACTTTATGAGCTAAGCGCTTACTCCGAACTATCTGCTTCGATCATAAAGCTAGAGAAAATATCACCTGAAGTCACTCATAATGATGGTGACGATAATGATATGTAGCTGTGCTCTCTTAGTGACGTAACAGTTATTATAAGAGCCATATTATGCGAAAAATCCGGTTTATCGTTTGGGCTAGCCGACTAGTGAGAACGGCAGATTGGACGGAGGCCATACAATATTCGTACTTAAAGCGAGGTTCCGCGAATTGGTGGACTGCGCAAGAACGCCACTCCGTAGCGATAGACGAAGTTCGCTGTAGTGCGGCGAGCGACACGTAGTAAATAGTCCGTTCTCTTTGCAGCGTAAACATGTCGCCAAGAGCCATCATGGCGTATTTCCCGCTCTCAATCGGGCGACCGTCAGCGTGGCTGGGCACATTGCACCTCACCTGGCTGTAATCTACATGTACAGAGCACGCTTGTAGGACGGGGTTACTACATTAATTACACACTGCCTTAAGAATAAAGGCCGGATGTAGTTCATTACCGTCTA,1757,49.0,Saccharomyces cerevisiae
SEQ_275303,TACTCCATGGACGCGAACGCCCCACGAATTATCTAGCCGAATTAACCCCACGCTATAGGCTAGCCCTAACGCAGCAAAGAAGCCTTATAGATCCCAGTTGTGACATATAC,110,49.09,Escherichia coli
SEQ_605756,ATTTTGAGCAGTGTCACTGTAGTCCGGATGGTAGAGCGATGTTCGCCCTCCAACACTAATGATAACCTTATCTAGAAGCGATGCGTCATAGACATGACAGTTAGAATGCTGTTCCATACCAGCGAAGCGGAAGGTGGAAGTTTATCAGGGAAGCGGTGAAGCGTCATTCGATGTATCACGATGTTTAGGGTTAAGGAGGCTACAATACACAGACTACGGATCTACCACGTTTGCCGCCATAAGTCAGGCGACGGTTCCAAGTCCACTTCCTCAAGTTACGCTGTGCCGTTGCTATGTGGTTCATTCCCATTGACGAATCTTAGCCCTCGCTGTCTCAGCGTACTAGTATCAACAAGCCCCCATCCTCAAGAAAGCTAGAGGCACCATTCAGGAGACATGCCATCACGCAAATTCAGTCCTGTCGTCCGCGAGGCTCGGGATGTGCGGCTCTAAAGGCCACTAGAACGTGCGAAGTATGTTTTCTTCGCAACATCTCGTGAGTCCTGATTTTTACAGCACTTAAACGTCCCCAATTCCTACCATGCCCACTCATGTTTTC,559,49.02,Arabidopsis thaliana
SEQ_229016,TGTCCGGCTATAAAAAGACCTGGGGCAATGCACGGGCAGTTGGTGCGCAATAAAACTTGACTGCTAAGCTTCGATTGTACAACATTGTCCACGTAAGTCCTGTCGTCCCCCTAGCCTATTACGTGAACCACATCGATCAGATGCAGTGTTGCGTGTTCAAAGACCTATGTTAATTGGTCTTTGGGGACGTGGTCCGGTACACGGGAACTATAGTAGGAAAGCTCGAAAATGGTTCGGTGCGCACTTCGACCTGACGAGTTCAAGGCGAGACGGACCGTTCAAAGTGTGGCTGACCCTTCGCCGACTGGGAGGAAAAAGCTTCTCGTTACGCGACAGCTTGGGCTCGAGTACGTCCCAGTAGCCAATCGTACCCTTAGCGATGTCACCGGATGCGCCTTACAACAACACAGTCTGGGCCAAAGGGCTCTCGGCACTGAAATGTGGAGGTGACCCCCCTCGGCGTACTATGACTACCCTTTAGTTCAGGCCCATAAACGGGGACGGTCGCGAAGGGAACGCCTGTCTGGGGATGGCGGAAGAGTGTGATTTAAGCACGGGCCTGCGTCTTTAGACAATATTATTTCCCCGATACCTTAGACGTTTCGATGTGAGACCAGTGGTGCTAGGACACAGTCTCCAAGCTAATTGCCTCCGACTAAGTCCTTCGGCATGTGATTCCTTCCCCTAATACTGGGCTCTCGACAACTCACGTGAGTGTAATACCTGGGCCCAAGGTGAAAGACTCTTACAACAGCGGGCAATGGGATAGCCACATCTAAAGTTGGGACTTGTTCTGAAGATATGACTCCCCGGGTTTGGCCAGCAGGGGTAATGTTGTAGCAAACGAACGGTCGGCTCTAATTCCTCGCCATATCTTTATCCAGGTCCCCTACCGGTTTCTACCCCTAGCTCGCCTCCACGGGCCTCCGGCACCTTCTAACCCTTCCCGCATACTAGCGATATCTATAGTTTGACCTGAACAAGAGCCGGGATATGTGATCTAAGCTGTGGCAAACCGCATCCAACAAACGGCAAGATCCATAGGTTAAACAGCGGACACGATCAGCTGGTGTAAACAGTACGCCTCTTGACGGCTGCACGATAAGATACGTGAGAAGTATACGGCAAGATCAATCTCTCAATCCCAGAATAGCTCAGATGCTAATCCTTTCTAGGTTGTATCAGACAACAGCCAAAGTTAATTTGAACCTATGACAGCCACTAACACACAGACACTCCTGGCGACTACCTCGGACAAATTTCGCCGTATTTGATGGTACAACTGCCACTCATACGCGGGGACTCGTAGAACACACGAATACTGATTCGGACCCACCACCGATACTGCTCCCTGGAATGCCGCTGATTCTTCGCTCCCGTGCGTTTCATAAAATCCGTAGAATGAAACGATTCTAAGGGTTACGTCAGTCGTCTCCTTCTCCCACAGCTGAATGCTAATTGAAGTATTTTAATTAAGCTGCACGGCTGTTCATCACTACCTCCGGCCACCCGAACTCAGGTGCTGACTCGAGTCGTTGCGTCGATGGAAGTCTAGAACCCCCGACACTTTCGCGTCAGTGCAAATGCCAAATGGTCCATCTCCAGGGGACTGCCGGGCCGGTACATACATTATGCAAGCGCCTGCGTGGGTGGCTGAAGCGCTGGCCTGACGAGTCTGCAGACATATCGCTCCCAATCCCATAGGCCTAAGCTTTGACGCATTACCTCAGGTGTTTCGCGGCTAGGACATCAAGTATGCAGTTGGATCTGCATGAGCATAACTAGCCTTTTAAGATACCGAGGTTTACCGCGAGGCAGATGTGACTGGTATGAGCACGGCCAACATCTGGGCGCTACGCGGATCGTCAACTTGGGGACTAGCCAAATATACGGGTGCACATAATATCGTACCTTTGCGTTGTTCCAATCCCCCACCGTACGCAGATGTCTCATCTCCCCTTACGAAGGCCAAAG,1974,51.52,Arabidopsis thaliana
SEQ_243053,CAGTGCAGGTTGGAAATCGCAGTATATCATGCGAACTGAAGTACGAGTGTCCGCTACGAAGGCGGCCCTACGATGGATCTTTACATCCACTCAACGTTGAAATACAAACTAACCAGGTGACGGTAGTCAGAATGCGTGCTAAAAAGAGTTCGACAGTGCTGTGTGCGCTATATGGTCGCGCGACACCGAGGCTGTTCCATGACCGGAAACCAGGCATGTTTAGCAGGAGCTGTTAGGCGGAGGGAGAACAACAGTGTACCGTTGCGCTCTCCTCTCTCCTTGTATAATACCCTGATAAGCGGCCCACACGCCAAGGCATTAGTCTTGCGGGGCGTGAGCTTCACCCACGGCCATGA,356,52.81,Caenorhabditis elegans
SEQ_932550,CCCCGCCTTTAGGCTTGTGGGTCGCCCCGGGCCAATTCAAGTACACACGGAGGTAAACCCCTCGGATAAGTCGACCTGTCCTCCATGTTCACGGTAGAATAGAAGAACGGAATTGGCGACCCTTTGCGCAAAAAAGGCTCAGTTGGGAAGGACAGTGACAACGAGTACGCCGGCCCTGCAACGCGGCACGCAGCGCAGCAGACGGCGCGCTAATTACGGACCGTGGGGAGCGTTGGCGCGGATAGTGCACGGTAGTGCTCCTGACAAGCAAAAGCGCCCCTGGTGCGTACAATCATAGTTTGCGTGGTACAGTGTCATCAACAATTTGTTATCACTTCACTACCCTGGACATGAGCGCCGTTTTGAGTCGCCTTCGAGCTTCTATTCTTCGTTCCATTCGTAGAGCCTCCGGGCCGCTGAAACTTTGAGCTTTTGGAGATCTCGCTCCCTAGACCCTGGTAGCTGTTTTAAGTCTCGAGGTCTTGGGACGGAGTGATTTTACAAATTTCCTTTACCCATACGCTCGACGCCAACCCCTCCGTGCTCCTTAATGCCAATGGACTAAGCGATAATGGTATCGCTCTTCGGTACTTAAGGGATTCTCTGTGTATCGTTTACATAAGCCGTTTATTTAGTTCCAACCGCTGGGTGTCAAGACCATCCCGCCGATCACTGGCGTCGCCAAGGGACCCGCGACATCTAAACAGCGTTGAGTACACAAATCGGATACATCAGACATTTTGCGACGACACGTTATACCAGGGTGCGAGTTTGAATCGAATAACCTCATTTGGTCGTGAATGACATCTTAATTTACACTGCCTGGTTCGGAGGGCGGCACCTGATCGGATGTCAATGGGAGTGACGGGCTCTCACGTCTCTGCCCGTTCATGCCAGGCTCCCCCAGACACATCAACGTAGTGGCCAACACGCATAAGTTCCACCTTCGGCAAGTTATATAACAGCGCCTTTCACCTTCTTTGCTCTAATTAGTACGTACGCGGACAGGTCAAGGCTGTGTCTCCGAGCAGTAGGGAATAATGGCGAGGGTGGGCCGGGTCACGTACTGCGAATCGAATGCAGGATACTATAATCGCTGACACCCGACAGCTTTCCGCCGTACGAGCATATAGCTCGAAAGTTAGCCTCTCATGTCACTGTTAACGCTCGCCTAAGTTGCCGGGTACAACTGGCCCGGAAGACTACTTCTTCAATCCTGCTTAACCTACGACAGTTTTAAGGCGGACATTATGAGGCCAGTGTTAAGTACATATAGGCGTCAGTCTGAGAGATCACCTCTGGTTCTCCAGATGGATGTCGCAAAGCCCACTGGGGAGGGCGGAACGGAAGCCATACACCTTGTAGACATCCTCACTACCCTGCAAGCAAACGCACGATCGTTCATCGCATTTTTTGCCCGAACCGACACAGTAGTGCATTCCCTGACTGCCCGGATGCTCAAGCCGTCAAAACCGGAAAAAGGTGTGAGCGTTTTGTGAGACCTACATGTCGGAATCTGTTACTAGCACAAGGTTCCACGAAGGTGTAAGCTCCCCTGCTGAGGACTCAGCCCTTCTTACAGGTAACTCACGTCGTACATTTTTCGGAACTAAATGGAGAGGTAAAGTATTGGGAGGTTTTTCCGTTGTTTTCAATTGAAGCTTTCCCGAACATTAAAAAGGCTCATAGACGTTCGTATCGATGCCCTACCTTTAACGCCATGATGCCAA,1730,51.33,Arabidopsis thaliana
SEQ_349900,AGGTGACCTGGTATTAGAGCTTCAAAGTGGTCAGCTCTGTGAGGTCTTGTCGTCAACTGCGCTTACGGGGGCCGACAATGACAACGCGTCGGAATTTGTGAGTTCAAGCCTGACCTGCTGATCTTAGTCCTCCAACCTAGAAGTTTTCTGAGCGCTAGTTGTGCCTGAATGTGTCGAGCTTCTCGACTTAACCTAATCTACGCCTATGTAACCGACGTCGTTGCAAGGTTCAAACTGTATCATGTTATCCGGCGGAAGTTCAGGTGAACGATTTTAATGTTCTAACTCGAACGACTCCACAAAGCTAAAAACGGCTTTCTGTCCGCCTAATTGATGGGCGCTGGTATT,348,47.99,Saccharomyces cerevisiae
SEQ_702690,CTATTGTGCAATTTCAGTCCACAATGATGGTGGGAAACCGCACGGGTCAACTAGAATCAGCTTCGTCGTTTTCTAAAGGAGACTGACCTGACACTGCGCCTATATACAACGCGGGTGCCTAGACATGAACGAAAATTTTACTCGCCTCATAAAACAGCATTTCGGATTTACAAGGCAGTCACTAATGCCCAAATGTTCTACTAGAAAGTTTCCAGCATATTTTACACCGCTACCCGGCGGCAAGGTCACGGAGCTTTTCGCCTAGTAAATCGTCGGACTAGCATACTCACAGGTCTAATCTTGCTTATTGCGTTCGGTCAGATTTAATCCCAATACTCTTTTGCAGCAGCCGGGCTACCAGCGCAGATTGAACGCGGAAGAGGAAAAGGATAGCGATGCCTAAACGATCGGACCTCTCGAACCAATTTAGGTGCGACTTAGACAAATTATAGAGGTCCAAGGCGCGCCTTCGGATTAGCAGAAAAGTCTTTTTTGCATAAGTCTTAAACAGCGCTGCTATTACTAATGTTTATAAATCGCGCGAGACATGAATCGGTTGCCCCGTGTCGTTCCAAGCCTTCACTCGATATGGTATCCCTGCTACTATGTGCTTAGTATCGTTAACAATGGAGTTATAGGCTTCGGGACCCACGCGGACCTTGAATGGTGTGACTAATGTAGCTTTTTTTCTCCTTTCGTTAGTCCCGACCGATCGCAGTAGTTGGTCTGTCCACGGTGAAATTACGCATGCACGACGGAAAGGCTAGATCTACTACTTGCCGGGATACAATGCTCGAAAGAGTGCCGGTGACGAATCTTTTGATCAGCGATGTGGGTGGCGAACCATTGGAAAGGGAGCCAACGCGGCTCCCGAGCCCGAAGCGTTTCACAGTGGAGCATGCGTGCCTTTAGTCTCATGTAACAATGTATGTTTGCGCGGCGTCTGTGAGGAGTATAAATAATATGCACCTGACTAACGCAGGTCTACTTCGTACCGGGGTTGTATAGAAACCAGGGAAAGAGACCACGGTCTCGGCCAAGATTGCTAGGGATGGGAACCAATCCGATCGTCTAGAAGGTAAACTGTAGGTGGTCTCGTCGTTTCCCAACTCTGCTTACGTCCCTCTGGAGAGGCAAGGAAACACCGGAGACCCTTACAGCAGTTGGACCCCAACGTATGGTGGGCGGAGTAGGTGATGAGAATCACGCATGTTTGATACCAGAGTATACCTAGGTACTTGCGATAAATACTAGCCAAATCATGAGATGTGGGCGTAGCCTTTCGGCTAGGTTTAATACAGACTATAGCGTCCAGAAGGAATCGTGACCACGGCAGGTTTAACTGGAACATAAACAGCAAAGATGCACGCCTGGGTAACTCGGATCATTGATTTATGGGCGGGGGCTGATTGTAGATATACTCAATGGAACCAACTGTGGTCCCGGAAGAACCGCCACCCGACGTAATACACGTAGTACTAACGAGTCGTTGTTCGCCGGAGCACGGTCTGGGATCCCACCCATTCCTATTCTCCAACAGGAGACTAGGCGCCAACGAGGGCCAGTACGCGAGAATAGGAGGCCCGATGCTTTGACAGCATAATTATGCCAGGCAGTATTAGATCAAATCAACCTAGGCAGGAGGTGTCAGTAGCGACTTGCACCTG,1667,49.01,Escherichia coli
SEQ_292063,CGGGGGGTCAGTGAAATCGGCTAATAGGGGGGTGCCGAGGACCCATAGCTAATGGTTACATGGCTAGTAAACACTTATTGCACTCATCTGGAGCCGGGCTGTTCTCAGAGATGCAACCATCATATAGAAGTTCGATAACCTTAAACCCTACCTCATGATATCCCCACTCAGACGGGACTGGCTCAGGGGAAGGATTGACTAGCGTGGTGATAGAGGGCTACAGTCCACCGTCCCACTGCTCATATATCGGTGCTGTTAG,259,51.35,Arabidopsis thaliana
SEQ_363700,TACGATACAACGAACCAAAGTCGTAGATAAGATGGGCCTCAAGGTAGCGACACTTACTTCCCGGTGGGTCAATTTTATTGACAGGAGAATTTGCCGCTCTAAAGTGTCCGCTTAAGGTAGTTGATTCTCCGAAACAGTCTACCTGCTCAGGGCCCAAACGCATGAACAAAATAGTGCCTCTTCGAGAAGTACAGTTGCAGTTATCTTATTGAGTCACCTCGTTAATAGGGAGTGACGGCCATGTTGTGTGGGTCAATGCCATTAATGTCTCCTAGCTGGCATGCAGCTTAAGGATTTACGCCAAGGAGAGATAACCGCTACTTCCCCACTACTTGCACGCTAGATCCGGGGTGACTACTCCGCTGCGTTTAACGCCAATTGATACTCGCATTCATATCGTCGTCGGTGCATTCGCTATATTGCAGGGGTAGAATGATTGCCGTCCCGCTGTTCAATTGACGAGCGGCGATATCGGTAGGACATGTACGAGATTGATGCAATCAGAACCACCCGTGCGGACAACTGTGCTTATCAAGTTAGGGTCTACGTTCCCTTTAACGAATACTTAAACGTCAGGTTACTTTGATCTTCCTGATGCTCTAGCTTAATCTTTTCTGGTGCCAACCCGATCTGGAAAATCGACCGGTGAGTCGTAGGTATCCTGCGAGTTTTCTGTCATGCTTGAAAGGAGCTTAAAGGTTATGCTATAGGTCTATTGAATAAGACTTTTTCGACCCCAACGGTCGTCAAGGAAGAGCTTCGGATCTGACGCCGGCTGGAGACAGTACTTACCTACGCTAAATTCTACGTTGATAGCTATTGTGCAATCCCTTTCCACCTGCAGGATCTCACCACTCAACGTAAGTACCAGATAGTTTTCAACCTAATCACTGAATTGTTGTGAGCGCTGGTACTTCCCAACGAAGTGAGCAGGGATCACGCTAGTCAGATCTTAACTCCCCGAGATTAGCAAGCATCTATATGTCCCAAGATACACAGTTTTTGTCATTCAGCCTTTATCAGACGGTAACTGTCCTGGTGATCCACCTAGGCCTTGAGAAATCCCTACATATTCATGACTGAACCTGCACCAGCCTCTAGATCGGGGCGGTCCCGGATACAACTATCAACGTGTACTACAACACAACCACGTGTGGGGCTATTCGCATACGCCCGCGGGGAATGTGCTGGCTTTGGGACAAGCTAAACCCACGTATAATGACCTAGGCGGAAAGTATGAGCCAGATTCCGTGCTAGTTAGGTACTCGGCGGCCATTCGAGACATGCACAGCTGGTATTCAGCCTTGTACAATCATTCACTTACAGTTTCGTT,1333,47.56,Saccharomyces cerevisiae
SEQ_986140,AAGAAAAAAGAATCAGATCGGGATCTACCTATAACGTACTTCACCATGTCTAACCCACATTCTCATAGGCACAGGTAGGTGTTCACCAGACCCCCGAAGATGGCAGCGACCTATAGCGTTAGCCGAGCCACTCTAGTGCCGGATACTAGTCAAAAATGGTCTACACCGTTGTGGCAACGAGCATCGCATCCACTTTATGCATCACACTGGGTCCATAATGACCGAGGTCTTATCCGCCGGCTCATATTTAGTACCACTAAGTTGAGGATGTGATTCAAAGCTTTCTAGTCTCAATACATTCCCACCCGACCGGATGATGTTCTCAGCCAGCTCACAGCGCCCCTACAGGAGGGTGCCGCCCCTTATTCCAAATTTTCTCAATGTTGACCGAAAACGTAACTAAGGCCTGAGAAGTTAACAGGCGAACATTCCGCGCTAGGGACTAGCTGCGACATGGGGTATCGTGTTGGAGATCTAAAGCTAGCGTTAAAAAAAATATTTAAAAACTAGCATCGGTCGTGGCCAGGCTCCCCTTACATTGGAGGAGGGTGGGTTCGGTGCACTGGGGTCTACGGGCTCAGGCCCACCTAGCCTTTAGCAATCTTTGCAACCTCTCGTAAATCTCCTCGGAACTCCACGCCTGTGGTTAGTAGAGTATACGCGTAGATTATAGTCAGCTGCCGGCTCCGCTCCGCATATCACACAGTTTGTCGCGAAGTCGATCCTGCAGCACCAAGGGAAGTTCAAAATACTAACTCCCTGGGTAGACATACCGCCCCCACTATAAGCCAAACCCATCAAAGACTAGAACAGATACCTCCAACGAGACTTTAAGTCCCTCTCTGCGGGCGGCGCTGGGTAGAAAATAGCACCTTCGATGTCTCAGGGACTATATTGAAACGGAGAGGTAAGTGTGTCCCACGGGGGGGCGGTATAGGATCTTGGTGTGAACTTGAGAATCCAATA,966,49.9,Drosophila melanogaster
SEQ_957503,CAGACATAAAATGTGCACACATGTTACTCTATCGCTTTCGTGGTGTTATGCTGGGGGGGCCAACGCGTATACAGCGATGCCCGGTCTCACAGCGACGCTCCTTACGGATGAAAGGTTAGCGATTTTAGCCGGAGACACTTAGACCGCTACGTATTAAACGAATTCTTAGATAATAAGCATCGTGTACAGGCTGCCCTCGGCAGTAAGATTGCCTTGGTTAGTCATTCTGAACATGTCAACCTGTGGCTTAGTCCCTAGCCGCTAATAGTGGATGTCATGTCTACTTGCTGCATCTAAGCCACCTTTCCTTCCCGTTCCCGATGTCTCATCGCCTATGTTCATGACGGCCAGTCTCTCAGCCATACCTGCGTATGTTTTTAAGACGACTCGTCTGAAGTAGGTTTTCCCTCTATTTTTTAAAACCGGTCAGGCTATGGTGTGGAACAGTTCAGTCTGCCGATTGACCTACATGTTCCATAGCGTATAAGGGAGGCCACTATAAACCCAGCGGCCCCATCCCATCCCCCAACCCTAGACCGCGATTGAAATCTCAAGTGTCGAAGTTGAGACTTGATACACTTTTCTAAGTACCGTGTTTAACCCGGTTGGAGTAAACTTCGTCGGAGGCCGATTTTAACAATCCATCTGCACGGTCTCGCGGGGCTAATTCTATAAGTAACGGGACGCTTAATACACCTTATGGCCTTGCAGGTACTCGAAGACGACGCCCAAATTTGCCTCGTCAATAGCCTACGTAGACGCTTAAATAGACGCGCGGCTGCTTGTTGTGGCAGATTTTATTAAGCGCATACTTATCTCCTGCGTATGTAGCAACAATGACTATTACAAAACAGGACTAGACGTCTCGTAACTAAGCCTCTCAACCGCGAAACGTGGACCTCCCGTGTGAGTAAAATGTAATGCAGAAACTCGCGTCGGAGGCTAACAAGAACTCCGTTACACAGCAAACCCACAACCCTCGACAGAGGCTGGGGCTCTCTCGCGTAACCGAACGTGGCGCAGTACCTTCTTCAGCTATCGGGAGAGGGCGCTAGTGACGTGTCGTTCTACGTTCGCTACCAGTCAACCCGCGATGTTGCCGTAAAATTGGCTTTCAGGGGCATCCCTAAATGCATAAAGAGGCGCTGTTTAACGAATGATTAATACTACAAAGCATCTCACGCCGTACCAATATGTATTACCAAATGTACAGCCCCGGGCTACGAACACAATGGCCGGCCGTGAGAATTTTAGCAGACGCCAACAGTGGCGCTAATCAAAGAAGATATCTTGCCCTCGCATACGCCCACCGTCAGCTAGCACGCAGGTTTTAAGTAGGTCGTTTATCCCTGATTCGGTTAATAATGACTCTGGAAGTATATCTCTGTCTTCCATGCCAGGACGTCGTTTAAAATCTTATCTTATTATAGTACCCGTAAGCAGGATAGACTCCGAAACAGTCTGGAGTCCACCTACCAGCAGACTATAATATATGATGATACGAAGAAAGGCCCCCATTCAGTTGGATCATCACCAACGTTGTCTGACAC,1550,48.19,Homo sapiens
SEQ_904850,AGATCCAATGGGAGCCGATTAGTGCCGATACATGGAGCCAGATACATCTTAGCGCCACGCGTTTCGTGGTATGGAATTATAGGCGTGCCTTATAAACTATGTATGCGCCGCGAGAGGCATATATTTTGACGCCACCACAGTAACACGCCTTTCAGTCTTCCTACACGTGCGCGGGAGAATGTGGCTATAATAACTACAATCCAGTTGGTCTTAGTTCCGGCCATTGGGAGAAAATTTGTGGTAGCCGGGAGGTACGACTGGAAAAGAGAGTTTTGTGTTTCAGTCCAGTGTAAGTATTATGGTTAAAATCCCGACTGTGACATCGATTGAAATCTTTACAAGCAAATCCACTGCATGTAGCCCTCTTATACGGTCACGTTGCTACCAGTTGAGGGCATAGGGCATTTTCATGGCGAGAAAGTCCTCAGTACGGTTCGGGTTGGGCTGGAGGCCATACCTCCCAGACATTTGAATGCCTAGGACGTGTAGACGGACATCAACCTTCCCTCCCGCGTGGCGCCTAGCCAGACTTTCAGTCGTTCATAAGGGCCGATAGTTCTTTCCCTCGAGCCTGCGCATCCTCAGGCTCGGTGCCATTAGGGGTGATAGAGCCATGTCTTTCAGCTATGAGCGCAAACCCTACCCAATACATTCCTCTTCGTGGAATATAGAGAATGTGTCCGCTCTTTTGGTAGTTACCCCGTCGCCTTCTAAGGTACACTTACGCTTGTGGTACTGTGTTGCCAGAGGTCTACATTTGTTGAGGAAAACGCGTTGCTGCCTCGGTTAGTCTAATGAGACCGCAAGGAACCGTTTTTCCCTGACAGTTATTCCACCCAGATTACGGGCTCGGGTGAGCTTGGTTCAGCGAGCCGCTATATTGTTGGATCCAGGGTATCCCGAATTGAGAGTGTGACGACACCTTTATTATAAAACCTGCCTGATGAACTTGTTACACTATCGAGGCCAGGGTGTAGAATGAAAGTATAGGCGTCGAGCAGATTCTAGGGTTTCAGCCATGCCTAAGTACCTAAAAGGCCATAGTTCAGGGGCCTTTTTGAAACGACCAACATTGCTTAGGGGTAGGCTTCCTCGTTCCGTCTTGTTTTGCTTGGGGAAGTATGTTTCGTAGGTGCTTTGGTGGCGAGGCTAAAGAAGACTTAAGCAGTCGACATAAGGACGAAGCGGTTAATTACTTACTTTTTCTCTCATGGGATTGTACAGATGGCTGGCACAGTGAGCGACTGGCACTGGAGCATTGGCATTGTTTTTCCGGTAATATAAATGGTCCATACCACGTAATGAGCAAACGCGGCGCCCTCTACAGCAGAATACGTCTGCTACAGATGCAAATCATGCCGTCTACAGGGTAACCAGGTGCCGTCCTTTTTAAGCCGTGTCGCTCGAGGTGCCGCCCTCCGATACCTAACGGCTATATCCCCTCGGGAACTGCAGGTAGTGCCTTAAAGAAGTTAAAATAGTCCGGCCGAAGAACTGTGTCACTCTGCTGACCTCTTGCATTACATATCTAGATGGGGCTTGAAAATAGGATCTAAGCTAGTCCCACGGTGAGTTCCTAGCAGACTCCGGCGTACGGCCCTCGCTAGTGTCTTTTCGGGGCTCGCAACGGCGCTCCAAGGAGGCTACGATTAAGCGCGATGGGTGGTCACCGCCTCTTCGAATCGTCGAAGAAACCACCGTTTTTGGCCCTCTGAATACTGACTTCGTAGTGAGCAGAAACCAGGCCATCACGATGTCCGCAGGAGTCGGGCCTGCGGCGGTCGATGGTTAACGAGGCAGCCGTCCTTGGTCTAAGGTGGATTGATAATTAGGCGTTCTGGTCCGCTTCACTGACTGAC,1859,50.3,Caenorhabditis elegans
SEQ_853672,GGAGTGAATCTAAGCAGACTGATATACACCCTCCCCTTCATACTGAAGCGGGCGTTGATTGGGATTCTCTTCTGGAATCAGCGAATTCAGTCCCGCTAAGCCTATACGTTTATCATTAGACTTCCGAAACGCTTTAAGCAGAGATATCAATATGGCTGAAGGCAACACAGCACTACCCCCTTAAGCGACATATTGTCTGGGTAAGGTAAAATGGGCCGTGTGTTGGTGACTCAACGCTAGCGTCACGCACGAATTTCGTGCTAGGCCACCCGAGTAACAATCATATTTGGAGAGCATGGACCATCCTCCATGGTCGAGGTCGATGACACTTCCTGTTATAGAGGGATATAGAGCCATTTAATCGCTTCATTGAAATTCGCCTATCGTCTATGTAATAAGGAACCATGGTTCCAACGTACGACTAACTATTTTTTGGTTTGGTATGGCCAGTTTTTTGCCGGTCAACGTCAATTCACTGATTTCCGGCTCTTCGAGCCTATTAATGCCAAGAGATATTTACAGTCCCTAGAAGGGCTCGTTTTCGGAAGGAACTCTTGCGGACGGCCTATGTACGAGATGTACTTATGGTGTTAGTAGTAGTTGTAAAGTCCCTTATCAGGTCAAAGTCGATTAGACTTCTTGAAGCGCCTGCCGCCTGCACAGTCCAATCCATGGGGTTAACGCCTGGAGAAGAGAGGTTATTGCACCGCTACTCTCCATCGCCCGATCTACACGATCTTTTGGATCTATTGCAGTCACCTGATCCCAAGTGAGCCTTAAAATATTACTCTTAATGGTTGTAGCATCTACGGGCCGTGTGACAGAGCCAAGGGGAAAAGCACCGCTTCGAGTAGCCTTCGCGCCAACGATCTTCCCCGTCAAGGAGTCGTTCTCTCTACGGGGCGGGGGGTGCACCTGGGCAACCCACGATAATGGTGACCTGATGTGCAATGCCATACAATAGTAGGAACGGATCGGGGGCATAGCAGAATGGATGTAGTTTGAGATGCTGGTTGGTATGTTCGGTTGATATATGGATGTAAAGAACTCGCTTGTGCGGCTGCTGGCGTACCGAGAACTAACCCCTACCAGCGCGAACTACGAGAATACAGTCTACGTTTCACCGGAATGGTTTTCCACAGAGGCTTGAAGGTAGTAAAGTAATAGCTCCTTATTACTGTGTCGTAGCTTCTGCCGAATCGTCTGCTTGACTATTGACGCGGCCTAGCCCTGCTGTGGAGACTGTATGCTAAATTTTTGCATCTCACTGCTTCAGCGAGTAATAGATGGAAATTATGTGCGGAATGGCCCGCGTGTCTGTGCCTGCCTGGGCGGAACTACCTCATCCAAATACCGCACAGCAAGCACGCACGTCG,1376,48.62,Escherichia coli
SEQ_672674,GTGGAAGGTCGAGAACTGAATGCTGCACACAATGGGTTTATCTTGGTCAATTTGCAGAACGGGAATCAAAGAGTAAAAACCATTTTCACCTAACTGAGAAGCCCACTGATGGCCCCGCAATGGCCGGGCTCTCTGGGTTAGATGCCGTGAACAGTAAAAACATCGTGTGGTAGAATGAATGTGGTAGAGGGGTAGGGTGATTACAGGACTACTATTTCCATGCGTCGTGGCCAGCAGGGACTAGGCCTGAACCGGAGGCTGGGACACACTTGCCGCTTTGTACGCTAGTGAAAACCTTGTAATCTTTCTTCGCGCACCCGACTGCTAGGAGCAGTACTTGCCTGGTAGTTTAGTAGGCCGCGGCGCAAGACTTCTCAGGCTTTTCCAGATCAACTACGCTGGCCATCAACATAGTCGGACAAGATAGTTTCCTACAGTCGGGACTGCGAGGCATCCAACTTTTATTATCTGTTGGAGTTGAAAACCGTTCTGAAACGGGCTAGATAGCTCCCCAACCGTATGCCATGGTCAGACGGGTGTCCACTTTACGTGAAGGATCAGAGCGGGTACCGGAATGACCGTGTTGGTACTTATTCCGACTTCCAGTGGCCGTCAAAATTGTAAACTATTGTGGGCACCAATCTGACGAAACGGCGAGTGATTGCAGTCCGGAGACGGGCTGGTGCTCCACCAACCTTTCTCGCGTCGGGGCTCGTCGGTGGACGAGTCTTAGATCCAGCACCCTAATCGCGAGAACGTCGGGCGCGCCCCCAACGCCTCAGTTGGTATTCGCAACGCGTTCGGACTAGGTACCCTGCTCAGAACGTCAGCTTATGTCTACTCGACCAAACAGCAGCT,858,52.45,Escherichia coli
SEQ_996282,GCCGTTTCTGTTATTGAAAGGATCGGGTGCTCCGCTCGTCGGAGGGAGGCTGATCGGGGCGTAGGTCGTAGTA,73,58.9,Saccharomyces cerevisiae
SEQ_864132,AAGGCTACAGGAACCCGCTTCCCGGTCTCCCACTCTGTTCATACGAGAAGCACGTCCGGCTTGGAAAGTATGAGTCCCACAATTAAGGGATGGCTCCCTGTCTAGTTTGTATAGGGAAACCTCGTGGCGCGCCGCCACGTCGGGCCCTAGTTAGCGGTGCACGGGCTCACCCACGGAAGGTAACTAGGATTACCCTTATTGGTTTAAGCTAAGTTCGGGTTTGTGGTCTATCAGTCCCAAAGCGTTATGTCCTTGTTTCGTGAGGTTTCACATTCATGGATTTTACGGTCGCCACTTGCGAGAGGAGGCTTGAGACTCTCCTCGCTGGGCAGTTGAGGACTGATGAAATATGAAAAAGAAACCGATTACCAGCGAGGGTGGGACGGTCGTTACGCCCGATTCAGAAATAGAACCTTGGTTGGTCTGTGCACACTTCAATGCTATCTGGTGTCGGGTGCGGGGCGATACATAGAAGATCTTGGAAGTGTTTCGGTTAATCCAACTACCTGCTAAGCTGTGACACGATACATGCGCAGCTGTCCCGACCCACCGGGCGGGTCGTGAGGTTCTCATCTTATAGATTCGGATCGACATTCATTGGCCGGCGTGTATAGTCATCGCCGTCGTTACTTGTCTCGTCATGCATCGTTCAGATTAGAAACATGGAGGAATGCTATGGATTGTCACGCCCCTGACGCTGCACGGACAACGGCGTTGCAGGGTTGGTCTGATCGAAATACCGGCAACAATTCGGAGCTGTCGGCACAACTGAGCCCCGGTCTATTCTAGAGGACATCAACTCGAGTTCGTCCACGCGGGGGCAACTTAAAAGTCTAAACAACCTGAACGACGTTAACGACTTAATGCATTCCCTGCTATGAGTGTGGCCGCATCAACTAGGATTCAAGATATTGAATGCGCTAGTTCAGCCTCCCAAGCGTTGAGTTCGTTTTACCATCAATTCCAGTCACAAGTGACCGCACACCGGTCCTTCACCGGATTCACGACTCAAACGCTGGGAGTGAACTACTGGACTTCAGTACCGAGGACCTAAAGTTTGACAATACCATTCCTCGGACTTGTTACTCACAGAAGTCGATGGGAATTCAATACTCCATTGATGTAGCCCCATACCAAGCTCTTCCGGTCTACCGCAAGCTTAAGCTTACGAAGCCCCATTAATCACTCTTTGGGGGCATGATAAATCTATGCCCATTGCAATTCCTGATTATCTCATATAAATCGATACAACTAACGCGAGCCGGTAAGCGTGTCAGCTTGTTTCTGTCAGGTCAAAAGGGATTGTGTCATTTGAAGTTAGCCACTAGAAATGCGGCTTGTTATTCGGGTTCTGTGTACA,1360,49.78,Escherichia coli
SEQ_954151,GCGCCCTCTAAATCTACTAGAGCGTTGTATGCCCTAAACAGTACTGGATCTTTATATCATTTATCTACGGGCTA,74,41.89,Escherichia coli
SEQ_787511,GCCTATGCCATGAATAGAACGCCTTCGCTGGCTGCTTCTTGAGACTTGGCAATGTAGTTAACACG,65,49.23,Drosophila melanogaster
SEQ_262316,AGCTTTCAAAAACGGTATGCATAGAGATTCCGTTCGCGTGGACCATATGGTTGATATTCGGCCTTGTCTGATGCGGTTGCTGTTAAACACCCGCACCAAGCCTGACGAGTTGTGAAGACGAACTGGAATGACCGGGGTTCACCTGATCCCTTAGTGGCGGCGTCAGCTAGTTGTTTTGATTCTGTTGGGGTCACAATAGGCGTATGTTAAGCACACAAAAGGTATGTCGAGGTGCGTCGCAATGCCACGAGGGCAGGGCGAAGTGTAAGTGAGGGGCGTATGGAGAGGCCTTACATTGGTAGTTCTATTGGCTGGTCCCTCGCAGGTGAATTTCTGCATGGTTCCTAGCGTACAATCCCGGCCAATCTCTACCGCTCACCCGTTACGGCCCGCAAGACTTGTAGGCTTGGATGCGTTGGGTGCGTGCTAATCCCCAAGCCTCGGGTCAAATTCGGATGTGAGCCACACTCCGCGCTCGACTTAAGACCCCCTATCCCGCTTTATATATATGGGCGGAGAAATCCGGATCAAGGTCCATAACCCCACCTTCATACATTGGCAGCTCTCTCGACATTCTACTGGGTTAAGGGCGCCTTACGGCGCCTTATGTATATTAATTGTCCTCCCCGATCCCCCCCGAGTCGTCCCCAACGTTCAACTTCAATGCGAGATTTGGCGAGTATAAGGAAGGCAAGGTGTTAAGTCAGGTGTGTCGAGCCGCCAGACTCTCTTTAAACGACCAGAGAGACATGATCTAATACCGAAATTATCAAAGAACTGCCGTATTCTATATACCCACAACGCGTACTTTCGTTCTTCCCCAAACTATGTAGTATTATTCTTCACGATAAGCATTGATTCAAACGTCAACTCTGGTAACTGCGCGCGGTTCTCAGTGCCGATTCTAGATCGAATGATAGTAGATCCAACTACCACGGCTAGTCGAGTGTAATACCCCGTGTCGTTTTGCAAGCTTGTCCGTGATTTGCCGTAAAGGACTTGCGATCTGTGCAAAAATTAGATTCATCACCTTTCCGGCTGAAGTAAGATGGGCGCAAGCCTGATGGGGTGAGCGTTCACTGTAGAGAATATTCAGAGGATAGGGGATCAGCGGGGCGGTGGTTGTAATCCTTCTGTCGCTCAACCCTATTAGTAGACGCTCAACTCATGTCTTTTCGGGTGGAGATCCATGTGGAGGGAGGACGTCTAGTTGATTCTCCCATCAGCGGGACATATGATACCGATAGACATGTGTTACCCCTCATGGGGATGCGCGGAGCTAAGGCAGAGTGCCTAGGATTCTGTAGGTTCTCACTTTTGGTATTTTTTCACCTGCTTCCAGATACCATGAGGTCGCACACCACCATAGAACCTGTGTGTCCTACAGTCAAGGACTCCCCAAGCCCGTTCACGTTTGTGAAGTGTGTCATATTAAGTGATGAATGTATCCATATCTACTATATATGGCAAGGGCTACTCTTAGCGAACTGTAGGCAATCTATATGGTGCACTCCCTCCTTTCCGGCAAGACACAGTCGACAGACCTAGACGTTGTAGTTTAGTTGACCATATCCACATATTGAATATCGGGTCTTCTCAGTGTGAACAGGGCTCACAGGATTTTGAACTAAAGACTGCGTGCCCTATAATATTTCTGAAGGTGGGCTCGTTTAACATTTTGCTTAGTCGTTTGCAGGAGATGACATGGACGACGACATCTTATACAACTGTCCCACATCGCATGTTCGCAACCCTAGTAAACCAGCGTTGTATTATTATCTTGACCTATGTGGTCTCA,1798,48.61,Saccharomyces cerevisiae
SEQ_668100,GTAGGCGCATTTTGCGTGGACCGAAACCAGTAATGTTTAGATAATCCGAGTAAGGCCTACGGCCTGAGGAGAGGCTCAACGAACGATTAAGCATCCACAAGCGATAGTCCGATCACAAGGCGACGCTATTGTGTTATCCGAGACTGATGAGATCACGTCATGCTAATCTCTTGAGCTAATGTCGGCCGGTGTGATATATAGCCTATCCCCGCCAACCGATGTGATACCCCTCAGCACACGCTCCACCAAATTACAAAGAGGCGGCGTGGTTCCATGGACCTCTTATTGAAGGGTATTCGACGAATGGCAGCACTTACCCGAAGAGCAGAGAGAGGTGACGCCAAAGGAGCATCCTCCGCGCGGACCCTTAGCATATACCCAGTACGAATCCAGTTGGTGATGATCCGCATTAAACGGCGTGGGGGTACTACAAGACAACGCTCTAAGTCTTAGAATAATACTGCTACGTTTCCATAGTGGACAGAGAGATTGTTGAAGAAAACTTTAAGCCCATGGCTACGCCTGGACCCACGCGTCCTCTAGGGCACGACGTAGAGTTCGAAGCGCTAACGAACGTTGTCTGGCGTGCTCAATCATAAACGTATGCACCTTTTGAGTGATCGCTGTAGATGTATTCGACCAACGCGTTCACACGTGCTGTCGAAGTTGTATGCTGAGAGGGTGCTTCGTGGCCATGTCGTCCGAAGAATAGCGAACCCAGGCAGTAACTCT,732,50.68,Homo sapiens
SEQ_348564,TCCTTGTCATAATGACACCTAAAGGTGGCTGTCCGTTACGGCCAGATCGTAGTCAGACTACAGGGTGGTTCGGTTTGGCCAAGTTTAAAAACTTCTGTTCTGGTTGACCGAATCTCGACAACCGAGGAACCTGGCGTGGCCGACGCGTATATTCTGGCCCGCCGTCGTGCTAAATCCAATATGTCGGTCTGTTGGCTCTTTTCGCGGCGACCCGTCATAAAATGAATCTATCTTCGAAACCACCGGTGTATTCCCTGAGCTACTGTGAACCAAATGCGGGGCCCCGGGATAGACTGACAATGACCTGAGGGGAACGTGCATTGCCACCACGGAATCACTTATACGCAAAGAATGGAGACGTCATCAGGCACATGACGAACCTAGTCCAAATGCAGCGATATGGGGGAATCACACCGTATAATTATAATTTGGGCTAACCTGATTCACTTACACGGACTTATTACATCCATTCGGTGGGAGAGACAGTTTCAGTAGAGGTGATTTCGGCTAGTGCGGCCCACTATTTCGCTTACGGGTTCCTCGGCAGTACTCGTCGTCCTCTGTCTGTGCCCGGTAGGCCTATGCGTAATTCCGAGATTCGCACTTGGGCTCCACTGCCTAATTGCTAATACGCGTCGCCAGCTCTGGTCTACACGGTGTCCGCTCGAAGCTGACCAATGGTAAGGTATTCGGGGGCTTCTTTATTAACCAACGTCCGGACGCTTGTGCCTTACCCAACCGCGATATCAACAGAGCTGCAGACTACTAGTAAACTGCAATGAAACAAACTTAATATACCTGATGGCTGGTCCCCGGTAACGCCGAAACCTACGTACACGGAGCTCTGGTGGCAGCGAAGTATCCCGGCTGAACCTTGATCAGGCCCCGTGCTAATGCCCCCTAGTGGTGACCCCCAGGATGAGAGGTACGCGTGTGCTACTTCCTGATCGTGGGCCTTT,959,52.03,Saccharomyces cerevisiae
SEQ_834113,GAAGGGCGGGCTCCCATTGTTACGAGAGAAACCATTCTTGTAATCCCTATGTAACCGGAGTGAACCGAAACTATTCTTCCGTTCGGAACAGAACTTCAAACAGCTGCCATAACACCACTAGGATAATTGGCGCGCTAGCTCATGATACGTCGTTTTCGGGCTACAAAGCGATTGCGGCCTTAGGTGTTTTCCACAACGACAGGCCGGCGCGGATCTACTGGCTGACACGCGATTACCTATGTTGTACATATCATACAAATCTCGTAATCCGTTCTGCAACAACACCTCGGTAACCCACAAGGGTGAATGCTCGTGTATTTCCCCGAATAGAGAGGACTGCGTTTAGCTTTCAACGCTGTTCCAGAGGTTGTATGACCAATCGACCCGAGTCTCAACACGAAATAAATTGCGAATCGCCCAGGCCTAGTGGCTAATAAGTCTGTACGGACGCTTGCCACCACCAGAGGTCGGTGGTAACCTTCCCGATCTCGGTCCACTGGCCCGGAGGAGTGTGCCCTCAGGTCTTTCAGCCATGGTCCGTGCAAAGCACGTGTCTCAGATCCCCTCCTTGGTCCAGCAGGTCGACCGAAAGAAGGGGTACCGACAACCACTACAAAGTTGCGCCCTTATAAAGCCTGGCCACGCATCCACCAGTTGATTGTGTCGACTCGGCGGTAAGGGTGTGGGTTAGGAGGCTCGACCGGATTCTGGTGGTGTTAGGAACCCGTTCCGGACGTTCTCAGACGATTATTCCAGTACGTGTGCTCGAGGGCTTTACGTGGCATTCCTAACCCGCCTATCCAACTACTACAGGACTATGCATCGGTGACACTATTGCTTTGTCCTTTCTCTTGTATACGCGCCCGGGATACTTCTACTTCCCTTCTGGCAGAGTAGTCATCGCGAATATAGGTACGCGGGAGAAAACGTACGAGACCTATTAAGAAACTGGGTTTCTGGCTACGGAAAGCTCGAATTCGGGGTATGTCAGGCTGATCTAAACCCATTAGCACATGGATCAAAGAGCAACCAATTGTGAGAGCCTTACATGGTAGTTGCCGGAAGTCTTCTCGCATTGATGCGTAAGAAGTTAACCCCAGAAGAGACGGTTTTTGGATTCGTGGCAGTACAGCTGTGTTAGACAATCAAAAAATGCAGTACTTTTAAGTATCCTTTTAGCGGTGTCTCTCAATGAGCAAGATTTTGCACGCGGTTCAGTCGACATTCCATCCGTGTCTCTACTCTTGCGCCAAGATAAATATGCCTCGAATCATACAGCGTGCGTGTTAACTGCACCTGTAAAGTACGTCGGCTAGTGACGGCCGACCCTCATTGCTGCTGTCCCCGGCATGACAAGTTATGGCATAGCTTACATTGCATCGTCGTTGACATTAAGGCGCAATGTGGGCCGATTTTCGAGGCAAAGACCCGGATTGACAAATTCCAAAGGGCCCCGTTCATT,1462,50.27,Saccharomyces cerevisiae
SEQ_113785,GTGGTAACGAAGTGCCCTCGTGGCAGCAACGTGGTCTGGGGCCGTCAGCTTTGGCATTTTGCGTTTAGGTGTGCTCGCTCTTATTGATACTGAGTACATCAGGCGGACTCTGAGCTAGTTCCATATTCGTGAGTATATCTAACAAAGTTTGCCGCTTTCGGGTGTAGCTAGAAAGTGTGGGCTACCGGCAGCGCGCAGGCAACGATGGTACTTCGTTCCAGGAATTGATTATAAGGTGAACCGCTTACTACTTGTTTAGCGCATAATGAATACAGCTACCCGACGTGAACAGTAGGGGCCGACATTACTGGGTGGCCCCCGATGGATCGCCCGTCATGATAACTTCCGGGGGTATTAATGGGATCAACAGTGGGCTGTGTGATGTCGGTTTTAGACGTCTAACCCTACTTGTTTCGCCCGCAGGCTGGCCTAACATTCCGATACGCATTTTATGCTGGGAATTTGTGGAATATCTAGATGATTCGCTGAGCGAATTCTAGGCGAACCCCGTCTGGATGTCACCGTAGATAGTCTTGCTCCTCGTCTTCCTATGTCCTGACGCAGTGCCAGGCCCAGCCCAAGATTATAGCGTGTTGGGGTAGGTTCCCCTTCTAGGAATAGAGGGTTGCACACCTAATCCGATGCTAAGATTCGGCCATACGCCATGATGTGAGCCATCGTCGAGTTTTTAAGCGGACGAAACTCGCCGAGATACAGAGCTGTATTCTGGTTTCTCGGTCTAATTACTTACCGGTGGTTCATAACTATTTGCTTATCCAGGCGTCTGGGTGGATCTATCGCACTAGCCCTCTTCAATATAGGTGACCCAAAGATATTGGGCGGTCCACGACCTGACGTCTTTACAAGCAGCTTTGGTGGTCTCCGTCGCGCTATGCCATCATTTACGCAGTAGCACCTCGTAGCTTCGTTTCGAGGACCGCATAATCGATCGGTGCTGGCCGTAACTCTGAAGCGAATAAGGCGGACGAGGCTGCTGCTTCCAACTGAGGGCTACCCGAGATATGGTGGTAAGCGGGTGATTGTTTTACCCCTTAGCGAATACAGTATAATAATGCTCGGTACATTCCAGCTTCCCTTGCCGGTCGTAGATTTGGTGCGCCCCGGAATCACGTATACGACCGGAAGTATTATATCCAA,1158,50.69,Arabidopsis thaliana
SEQ_372318,GACCCTTACAAATGCAGGGCTCCTCTCGCCTATAAATGCCACCGACGCGGGCACACGGTTCGACTTGACATGATACGACGAATTTCACTTCAAATGAAAACGCATTATGAAACTGCTAAAAGTCCGTCTATCCATGTTGTCTCCCCTGCGTGTCCCACATTGGCTGGACGAACTTCCACGGCACTGTTATTCGGTAGGTGGAAAGGTCCGACTCTCGCTCCCCTAGCTCTCTTCTCAGGAATGAAGCAGTGATCGGTCCTTAGGCAGCATTCGTGTGTAAGCATATCGAATGTCTGGTATTTACTAGAATCCCAATTGAGCTGCTCAATGTGTACCAAAAGATCGGCCGGATGCACGACCCACGAAGACCTGATTTGGAGAGGACCCTGCTAGAAGGGAAGCAATCTTGATCAGCTCTTGATTGTGACCCCTGGATTTCCTTTGGAGTGTACTCCCCCCTTCTACTTTTAGAATACCATATGGGCATGATGTTATTTGGGTACGGCCGGGTTCTTCATTATACAAGGCCTGTTGGGCTATTGCGAGGATGATTGGTCCTTGTCCATGAGGCATGCTGATAAGTGTGATGAAGGAAGAGTCTCAACTATACCTCCGAGCGACAACTGGAATCGGCATAGCGGCAAATTACAGAGTGCACAGTGTACGCAGTCTCTGGGCAAGAATCAGGTTATATAACCTTTTTTTAGCTTATCCTTTACTATTGGTAAATCGACGAGTACCTGCTCCGTTGCATCGATAAGTCCATACTATAAAGGTCGCGGTTATTTGGCGTCATTCCATCGCAGCGTCCTGAGGATGGATCATCGTGTGTCATAGAGGTGTTACCCAATTGATGGCGTTGGAACATTCCCGAGAAACCACATTCCTTTACACTGTTGTAGAGCAGGAATTCAAAACTCTGTTTCGTTCCGGCCAGTAACCAACTAAGTCCCAACTGCGATGTCGAGTACGTTGTTATAGCTAGGGGACATAGATCAGATGGCCTGCTCACAATAAGCACTTAAGCACACTAGTATCATTGAGAGTGCATCAACTGACCTTTAACCCCCGGTCAGTGGAGCGCGCTGGCGTTGTGACCAATATCCCTATATCTAATCTTGTGTCGCACTCTTTTAACATTACCTACACCCGGGAGTTTAACTTTGTCAACGATGATCCGCGTTAGTCAGATACACGGGCTCGTCTCTTTTATAGAAGTGTCCATCTTCGCGGAAGTCCTGAACTCTTCCATTTCCGTCTTCGTAGTAGGATTTTCTAACGTTCGAACGCGGCATACCTGGGATAAACTATCACCGGGTTACGGGACTCCTGACTGATGAGGGCCCTGCGCACGTACAGGACCTTATGGATTCGAAGTAAAGTAAAGAGTTCCATCTCGCTAATCTGTTATTCTGATCTGTCACTTAGGCAAAATCAACGCCAAACTCATTCCTACACCTAAGATCTCTCCAGTACAGTGGGAATCTTCTCGTGGAACTATCGCTGGCCTCTTCGCCTCGGTAAACCTCCGTAACCAATTTATAGATATCACATAATGTGTATTACTACTAACCCGAATCTATGGACAAATCAGCCCACCATTGGTGGAGCCCCGGCTCGCTTGAATCGATTGCCTAGGGCTCCGTTTACTCGGAATACCCCTCATAGGACCCCAGTCGATTATCAACGGTGTTGATTTACGTGCATGAATGTCACGTAATCCTAAGAAGGTCAAGGTATTCTTGTTGGCCTGCTCAGCGAGTTAGAATCGCCACGAACCCACGGGGCCGTCCCATTCTCTCGATGTAGCACGTGGCGCCAAGTAGTCCTGA,1832,47.76,Escherichia coli
SEQ_393634,CCTTTAACGGTTCGTAAGACAAATTTATTATTGTCGATGCAAACTAGCCTGGTAGAGTCGTCGACCAGTATACGGATGTGACGATTTACTCCGGCGCTAGGTATCTGCACTTCAATTGACGCGGACGTGTTAAGGTGATAGGCGCGAACTCCGTGAGCATCAGAATACACCCTTTAGCATTCTTGCATGCTGCCGTGGCGTACGCCGGCAGGGAGCGCCATAGGGGGGATGTAACTCGTGGCGCCTCGACGTTTTTGTCTTGCAGAAGAGGAGATCAGCTGGAACATCAATCTGGTTCACGGCGAGGTAGTAGCTGTACTTTAAACGTCTCAACCAGCCCCAGCTACTTACGGACGATACCTCACAGTGACAAAGGTATACTCAGGTGGGCCTGGGTAATTCAATACCGGAACCTGACTCTCCCGAAGCTCGTCGTCTCCTCATCTCGGGACCCGCTAGGAGCCTGAAGCTGACCAGAGATTGAAGACGGCGCTAACCTCGAGTCAACCTGGGACCGAGATAATTGGGCTCCCTCGCGCTTGATAGTGCCAGTACAACAGGCCTAGGCCCTTCGAACTGGCCTGTCACTGCCAGTCAGATTTGTCTTGTTTCTGATGGGGCCAACCCGCTTCTCTCACCACTGCTCCTACAATGCCGTCGGTGGGCTGGCTACTGAGAACCGTACGGAGCAGGCTTCCCCCCATTCAATCATGAGAGCAGGCGGCTTTGTCGTTACGGGACTTATGCGAGATTTTGTAGCAGTCGGGAGAGAGTCGCACTACCGACGCTCTCGACCGGCCGAAAAACCCGTTGCCAACTTATGTCGGTAGAAGGA,835,53.89,Mus musculus
SEQ_212310,TCATTGTTCTATCGATGTTTCTGAACTTAAATCATGACTAGTCGTAAATCGCTTACTGAGCACAATAGTGCCTTAAAGGAAACTATGATGGTGCGTCAGAGTAGCTCCGGTTCCACAATAGGTTGAGTCATGGGAGGGTATGTGTTACAAGCGAGTTTGCTTCGATATGCGCATTAAACCGAGTATTGTCTAATGACCCAAGAGCTTCCAGTCGAAATAATCCTGGAAGGCCACGAAACCGGACTCGGGCGTTCGTGGTTGCCGCTGCTTACTTTTCAGAAATAAGGACGGACTGAGATTGGACAAATAATCACGTAAAGTTCTAATCACCGTGTTCGGCGCATGGAAGGCTTCGTAGCCTAGGGGTACATTTCCAGGGACACGCCTCCAGAGTCAGGAGCTAGCCGTTATCCCTCATTCGTCACTTGATAGTCAACGGACGCCGCGAAGGTCGGAGTTCCGGGTGCCGGAGACACCACCATAGGGGAGCGCCTTCGCTGGATCATCATAGTAACTCTAGCATAGTTAGGTGTAGTCTGGACAGTTCCAAGAGGGGGCGGCAGAAACCGTTGAGTGCCACAAAGGCCACCCGGTCGATAGACTAGCGTAGAAGGCCAGTCCACCAA,626,50.16,Arabidopsis thaliana
SEQ_829346,AAAGCCACATGGCAGTTCCCTATCAGTTGTTGGCATTAGCCACTTACTGTAATGCGTGTCCTATGGCATATTCGAGAGAACTTAATTGGACACGATGCGAGAGGACTCCGTAGCGGAGACGGAACTTTCCGGCGGTGAGTGTTGTCTATCTAGGGTTCCAGATTCTGACTGTGAGCTACTGTGGTCACGTGGCAATGTGTGTAGGTTGGTCATTGAAGTACGGGATAGTATCTGAAGCTTCACCCATCGGCTACCATTTTAGAGACTACGAAGAGGGTGTCCGGGAGCGTCCACTGAGGGGTCTATATGACCCTAGAACCCCGGTTGCACATCGCGTCCGCTAGGCCACGATTATTTATCGGAAGGATGCAGAAAAGCTCGGGGATAAGCCGTATTTCCGTAAGGTAAATCGAGCGTCGATGCAAGTGCTGGACCACTCTGGTGTGCTGTCGTTATATATGGCTATACTAGAATCTGATCACACTGTGAAACAAGGAGGGGGGAGGCTACCGATTTTAAGATGGTTCTACACACTCTGAATATTGGGAAGGTTCCTGGGACCCCCCGACTTATACTGGGAATGCATTTTCGCAAGCTACAGGTCCACTACGGCCTCGTCACCGAATGAAGGACACAAGGTAACTTTCTTATAGCGTTGTCATACTAGCTTACTGTGGCAACGGTTGGTAATTGCTTTATTAACACCGTGTTGGACACAGATACGAAACTTCCGGCATTGGTTGGCCACTTGTTCACACTCAACGTAGTTGAGACTCGTTAACGTACGTAGTTATGTTTAAAACTCTCAAAGTGCTCGCCGGGAGCTCTTAGGTAGATTAGAGAGCCTTAACGACGCAGATACACCAAGAAGGTGGCGACATAAGGCTGGTCAGCGCGTACTAGTAGGACCAGTGAACGCGACGACCTCTGCTGGCCCCTGACACACTTGTCAGAATTGTATGTAGGTCTAAGCCCTGTTACCGCATCTAAAACCGCCCGCATGCATATCAACACATTAGCGGCCAAAGCAGTCTAGCATCGGGCCTACGTGGCCAAGACAATCGGGGCTATCGTAAACCCGCACAGCTGCATGATAGGGCCCTCAAGTCCTAGTAGACCCTGGGGACTCACTATAACCAAAGCCTTTCTTTTCGTACGCAATGTTGAAGCGTGCTCTACAGTCTTACGAGCGCATGCTCTGCTCGGTTCCGTTGGACTCTGGTTGCCAGTCGTCCAGCCGAAGTGATGACACACCGACGGCGTAAAATTAACGACCGTATACAGCAACTGAA,1292,49.92,Drosophila melanogaster
SEQ_143135,CGCTTCTGTAGCGACAACATTGACAATTTCGTTGGTGCCGGTGTCCTAAAAGAGAGTAGCAAAGGAGTTAGATAATATTTCATTTATGTGTGAAAGTAACTAATGAATACGGTATCACGGTACCCTATCACCACGGTACGATGTGCTGTGTAGGTCGTACATATCACGTACGGTCATGAAGTTAGCTGAACTGCGCTTGATAATCAAGCTTGTGTTTTCACAAGGCACCTACCAATATATTGGGACTTTCACTTTGGTCCTTCGCGGCTTGGGTAGGCACATCAGCTGAGGACCTAAATTCGTGAGATTCCAGCTCAGTTTTGACATGACATCTTCCGAATTTGCTATGGCGATTCAGCAAATCACAACTACTTTGGATAAAAGTCGCAATGTTAGTAAGAGGCTTGGAATTTGTCGACTCGTTTCGAAGTCAATCTTCCTAGTCAAGCGCCTAGTATAAACGGCTAACACTTCTACTTCCACCAGAGGACAGCAGAGCTTACCAAGATGCCCTTACACATAACGTCTTAACGAACGCTAAGTATGGACCAAAATTGCGTCGGGGAAAGATGGTATAAACGTGCTCTGGGATTCCCTTTTAATATACCGTACGCTTCGACGCTACTTAATCCTACATCCGGGCACTGCCAACTAACGCTTGCATACTCCCGCCGAGTGCACCAAAAACTATTCAACGGGCCAATTGGAGTGGACCAAAAGGCAATTGAAAGGATTGCTCCGTTACGTGTTATTTCGTTCATTTTGCGCTGTAGGGGATGGGGATTGGAAAGGCTGACTCACAAATTGTAAAAGAGGGTTGTCAGCATAGTATAGCGGTCACCTCGACCTGTAATGGTCCAAGGCTAGGCACGTGCACCATTATCCGCGACTGTAACCGCCGATCCTCAGACCTCGCCTCACCTTGTACCCTTAGCGTTCGACAATGTGTCTGTAGTGCCACGGGCCCGGTTTTTAGGCTGAGTAGACCCGGAGGCGCTCAGTGGGGGCCCCTCTCAT,1017,47.2,Arabidopsis thaliana
SEQ_759189,CGTCCCATAGGTACAAGAGAACGTTGACCTAATTTTCAGAGGCTGATCCTTTATCGCAAGCAATGTAATCGCTCCTAATCGGTATCCGTCCCTTTCATGTAGAGCAGTTGTAAGTGCGT,119,45.38,Arabidopsis thaliana
SEQ_650922,TAGAAAGCGCGCAAGGGAGCAGGAAGCCTGAGCCCACCCACTCATAATAGGGGTCGGGTTATCCACTAATT,71,53.52,Mus musculus
SEQ_497261,TCTGGATTCACATAATTCCTCTACGCAGGCTATCGTCCCGGTGAATAGAACCTCGCACTAAAGTATGCCTGTACGCGAAAGGTGTGTTCGACCTACAAGGGGGTGTCCACCCGTTTTGGGAAGTACAGAAGATGAAGCGTCGTTATACCACACGGATGCAGGATTGCTGAGAATAGCTTATCAAACGCGACTGCGGTAAAGGCACTTGTCGAGTTGGTACTGTCCTTGCTTGCCGGTATTATAGACTGCTGAATGGGTATCGGATTCGCAACAATAGCGATTCGCCCTGTTAGATAGGCATACTGACAGCTCTTAACGCCTACTCACCTAATCGGGGAAATTCTCCCTGTCCGTTTCACGGTGTTTGGGCAACGCAGATAACCCCATAGGATTGCCAGCGGTGCGTCGGTCAGCCGCTTACGAACGATTGTGGTGAATAGGGCGAAAAGCGAGTAATGTTGCTTAGGGTAGAATGGACAAGATGGATAGAAGGAACCACCGCCGAAAGCACCCGATGTAACTCGACCCGGAACAAAACAACTATAAACACGGAGGAAGTCCGGGTACCGGGGGGCGTGCCTAACTACCTAGCAGGAAAGTTACTGCTGTCGACGAAGTTTGTTGGGCCCCTCATGTTCTAGCAAAACACGCCCTGAGGGTCTAGCAAGTAGGGGTTGAGGAAGGGTGCCGGCAGGGAGTGCCGGTTGCTGTCGGTAATAAAGCCTCGTAGTTGCATAATTCAGAGTTGTACCTCGCGGGCGCGGCAACTACTTGTGCCAATATTTAGTGTGCGGCTCGTAAGAGATCAGCCAAAGCCTTATAAGGGCAAACACTACGGAGTCCGATCAAGCCGAACAACGGAAATAGGCTCGTTATTCACACCGGATGGAATTCTAAGAGTCCTTCCGGATGATTTCGTTGGCCGATATAATAGCGAAATGAACAAGAACTACGCGTTTAGGTATTCTCCACACCGCGGCGCTTCGCATAAAGCAAACTCCATATGGAAGCATAAATGGCGACCATTTGAATCGCCTGTGGTGAAACCGTATACGGCCACAACGAGGGGGTAGGCGGCGTCCTCAATCCTTTGGGGGTCTGCCTCCCGTGCTCATTGAGGCTAATTCATCGCCCCACACCCCTGGTCGTCGCATTATGCACCACAAGGTCGACTAGAGACTGAGTACTTTTAATGGGTGGGACTCAGGGATAGTACTCCCTCATCCCGAATCACGTAATGCAAATCATCATTGTTTATGCCGATTGAAGGCAGCGTAGATCGTACAAAAAGACTCGTCTACAGTCTACCCGGTCTGGATTGGACACCAAGATGTGAGTGACAGACAGAGAGCCCTGTCGTAGATTTAGGAGTGTAATA,1378,50.51,Arabidopsis thaliana
SEQ_535215,TTCGAGGTCGTGCATCAATCTACCTAAACTTCCTAAGATTTCAACGTGCGGCTGCGGATTTACCACAGGGGGTCCCATGCACCGTGATGTCCAAAGCCAACGGGTAAGAGCCCCGCACTACGAGAGTATGCCCAGGTTTTACCAGCTACGCCGGAGGTCCTTATATCGTCACACAAGCCTCGGATTACTCTGGCCAACAAGGGAACTAGCCAGTAGTCTAAGTAGTAATCGCGGTTGATGTGCCTGGCTAGTACCCCGCTTGTTTATTGTTCGACAAGGAGGGTCGGGGGTAAGTTGACAGATTGCGTGGGGCTACTTTTTCGTGAGTGGGCCTGTACGGTACTTATAGGGTCCCGGCATTCTCAACTAATCCCTAACCCTTCCTTCCTGTTACCAGAAGAGCCATCTCAGGGGTCCAGACACGTCACACCACAACGGTTGATCGGAAACTCGCACTGACATTCGTGAAGAATAAAGCGCGCTCTCATCCTTCACGTGCTGCTAACACTTTGTAGATCATTTGATTGCCCTCGTCTCTATAATAGTGGTCATCGGGAATTCCAATTGCTCCACAAAAAATCATTTTAAACGTAGTGAACGTGTCGGATAAATTGGCTATCAGCGTGCTCCTAATTCCTATCGAAGACGTTGCTGGCACCTTTGGCACTGCCCCTCCCCGTGCTAGCAGATATCTCCATCCAGATGCCAACTACCTCGTTGCCACCGGATGTCAGAAGTGGAGACGAGGACACGCCTCTAGGGGGGGCAACGGACTGCGAAATATATTAGGACCCCTCGTATACCCCAAACGGGTAGATGACTAACCACTCCGACGTGTGCGTGAAGGGCCCTATCTTTGACTTTACCGCAGCTATTTGTATTGGGATTATTTGCTAAACTAGTACGGCCAAATACTTTCAAATACACATCATAAGGCGCTACGACGGAACAGGTCTCTTTCTTCGAAAACCTACATAGGGTGCAAACCGGATCTAGCAGCCTCTTGGCGGTTTAGACGTGAACGCAGCTGCCTCTGAAGCCAACCCTAAACGTCAGGTTGCGAGGAGAAATCGTTTGTGAGAGCTCTTTTCCCGCATTGGCCCAGGCCGCACGATGACGGTCACTGGAAGCTGTTCACGTTACGTGTCGAGACGGTCTGTGATGCATATTCAATTTCAAGATTTACCTAGCCGAAGAATGGGAGTCCTCCAGGCTCACGAAGTAACTCCATCCTAAACCGAGATCTGACTACACGGCATCAGTAGGGTCGCACTTGAAATGTGCCGGGTCATAGTCCTATGCACAGGGTTAAGTTGCGTTACCTCGTGTACTGAACGGATAGCTGTCGGCTCCTGGCGAATGCCGGCGTCCATTTACTAAGGTAGCGCCTAAATAAAGGCTACCTTCTTCAGTCGTATCGGCATAACATAGGCCGTGCAGGCGCTAGGTGCTAATAAAACTAAAATGGTCCGCTTCCTAACAAACCTTGATAACGGGTACGGTCTAGGGAGCACTCTTGTCGCGACAAGGTTTTGTTAGGTTGTTAGGTTATTTTCTCTGGCCAGCCTGCTGCGAGGCGAATACCGGCAATGGTTTAGATGTGAACAAGCATCCGTCGCGATGTGAATAGGTTCAACACAGTGTTAGGCTCCTGGGACGTCAACATTCTGCACAAAAGACACTGTCGCTGGCTAGAACACTGAGCTGGATACGAGGCCCATCGTTTGGGCTAGCCCAGTGATGCAAATTCGTGATCCATGGCGCGGATGGGGATCATCGCCGCAAAACCCCACGTATCGGCGCGACGTTATTTATACCTAGAGCGAGCGTTTTTACCTGGGCGCACCGTATACGACAGGCGAGAGGG,1867,50.83,Drosophila melanogaster
SEQ_954115,GTTGAGAGGAAGGATCGCTAAACAACTTGCAGCAGCTTACTCGCTTTTACGCCGACAGAGCCTGGATACTCATTTGTGGGTGCATCTTCTAACTGCGAAACCATTCCGCGCGACTTCCCCGTCTTTGGTGTGCCAAGGCGCCCGACAGCCATAGCATCTTCGAATCCAAAATCTTGCTAATTAATTACGCTGCCTGAAGTCGTGAACTGAGAGAGGTAGCCGCGCGTGAGATCATTTGCCGTTTTTGGTCAAGAGACAATGTCTACGCGGAACATATTAAACTCGTTTTTACGATATTGCAGCTATACATCAGTTTGAACGGATACTGTAGTAAGATGAGGCCTGGCCCAAAAGCCTTCCTCGACCTGGTTTTTTCTCATAACCAGAGTGAGTCAGCGTTAGTAACTTGGGGTCTGTACTATTGCTGGGGGTATGCGTTCATACCACACGGAAGGCTTAACGGGTTAGATCTTCACGTTGATGTTACGAAACCGGGTTCTTCAAACCTTACCATCCTATAACAGGGTCCACAGGCCTTCATGAGGCGGCCGGGAAGTAGGGTGGCACCCTGAAGCGTATGGCGATTTTTCATTACCATAGCCGACGGTCAGAGCATAGTGCTCATGCACAGCAGCGGGTCCACCACCTTTCAGCAAGCGCAAAACAACCCGGAATCTCCATTTGGTGTACATATTAACATAGAGCGAGAGCTGCGTGACTCAAATTACTTCTTTTGTAGCTTTTGTGCGCGGGCGTACGGAGTAGAGCTTAAACTTCCATTCCTCAAGGACCCCTTGTCTGTAAACTGGGAACCGATAGAAGCAAATTTGACAAATAAGTCGTAATTGTGACAACCATCTTTTCGTCAAGAACGCCCTGTCAGAGTACAGATTTGGGGAAGGTGTGATCCGTGAGACTCCGGATAACGTGACACTAAG,938,48.19,Mus musculus
SEQ_988806,ACTATCACTTTTCAGGTTACCCGGGTTCAAAACAGACTTGGACTTTTGTCCCTCCCCGCATCTGGAGGTTGGAACTGTCAACTTGACGTCACGTGGAACTTACGTAGAGCTAACTGATGGGAATACTCCTCTACACTCAGAGTAAGCTCTCATTACGGTGGTAGTGGGATCACGTCCGGCCCCATCGACCGGGAGTCGCATCCTAAGCTTAAAAACTCGTAGTCTTTAGGTAGCTGCATATCACAAATATTTGGAACGAGCAATTAATTACTGATATATGATTAGTCTCACAAACCCCAGGCCTAAATATGAACAGAATTGCATGTAGGGAGATTTCAGAAAGGTAAAGTCGACTAATACCCCCGATTGGCTTTACGTGCACCGCTGGAAATCCTTACTGGAAAGGATCCTAACGTGTGATGTTTCAAGATAGGCTTTTGCCGAGTTAGTAACCGGCGCACCCTATTAGCAGAATACGCCCAAGCGTGAGTAGAAGGCACGTTTAAAAGGAGTATAGTAGTATGCCAATGTACTGTCAGGAATTAGGTTCTGAGAGGAATGCGTTACGCGCATCTTCTTGTCCAACGTCAGACAGTAATTGAGGATTTTAATCGTTAACCACGTATGGGCGCACGATGCTGTTGTAAGCATCTAACACAGTTTGTGCAGGGTCGGGGCCTTCGTCCCTTCCTTCGTGGCGAACCGGTCCGGTTCGCAACGGGCGACACCCTGGCACTTTAACGGCTTGCGGATAGGAGCTACCCCGGACTATAGCACCAGGGAGGCGCATTGTAGTATACATTATATTGAGTACAATCCAGCTGATAGCTAAGAAATACAAGTAAGTCCTTTGGGATCGCTGGCTACAGTGAGTCGCTACCGCAAGTTCCACGACTGGACGCTGCAGGCTCCAGTCAGGTCCGGACTATTCGGGATTTTCCGGCCATTGAGGGAGTCCGTGGAGAACGCAGCTTATGGTACACGCCCCACGGTCAGTATCGCCACTGTAGCCAATATGGGTTCACCGTAAGTGCTCTCCCCTTTATTTCCTATTCCGGAGGTGTATATTGATAGCCAATCCGACACTAAGCATGCCGTTGCCGGACACGATCAAACGCAAACTGCATATGAAGCGCTCGTTCTGCCGGGCCGAACCACAAGTTGGGTACGGAGCCCCTGATCGAGAGGGGAAGCTGCGTATAAGTATCTGAGCACGATACACAGTAAACTACATGCCAAACGCTCTGTGAGCCCTATTCTAACAAAATCTGTAAACGATACACCATGAACGATACATACGTTCGTCAAGGAATGGGAGTTCTGCCCAGCGTCGTCCGACGTGCCATAATAGCCGTTTCAATCCGAGCAAAGAACTACGGTCCCTGACGGTCGGCTACCATAGCTACTACCTTTGTTCTCGCGTACTAATCATCCGGTCGCCTTCCTAACATGTGTACCCGTTATTCTGGAGGCCGAAAACAGGGGAGGCCTAGACACTGGATGACATCGAAGAGCCTAGCCGGGGCGGGATCAAAAAAAAAGCGCAGTTGACAACCCGGGCTCAACCACGCCGCTAATCAAGTACTTTAGCGAAATATGATCCACAGGATGTACTAACCAGGGCCGAGTCGCTGTGCCTCGTTGCGCCTTATTGGTGAAGATTTGCGAACTTTGAGTTGTGAGTCACGCGGGGTGGGTTGGAGATCAGCCTTCCTAAATATAGTCTCACGGTATTGACTCCCGTACATATTGGAATTCCCTGGGATTGGCCAAGTATCCAGGCATCATCGTCAGGTGTGTTACTGGCATTCCCACCAACGGTTTGCCAGTCGGTTAAACACCCCCAACCAAGAGTGGGAGTGGACACGCTTAGTATGGTTGCTGACATCCCGATCTCATCCGGTCTAGGGTAAAAGT,1917,49.82,Homo sapiens
SEQ_398761,GATCGATTTTTAGAAAAACCAGAGCACCATACGGCGCGGGATTCTTTGGCCACCTCGGTTGGGCGGATTGCCACCATTATCGACGCGTAGAATGTTCATTTAACGTATTTTGTGATCGGCTAGGCTTTTGGTCCCTGTCAAGAATCAGCGCACCCAGGACGGGGAAATATTTCGGCGTGTGTCCCAGCTATCCCAAGACAAGAATACACCGTCTGCGCGCGTTGGAGTGCGCTATTGAGCATTATTACGACGTCACTTACCTCATCTACCGACCGGGGGAAACGCGGGGAGTGACATGAGCAAGTGTCAGATACCAAGGCACCACGGTTAACCAAGAACATGATTGGACAATGCGAGGAAAGGTAGCAGCCAGGCCCCCAACGTTACAAACATGTTAAATTCGATGCTTCGGAAGCAATCTGGGCGACCGCGAATGGGCGTTCAAGTCCAATACTGTAACTTGGTTGGTGTCAAAATTAGTACAACAGCCATCGTGCCTCTGATCAAACGTCCGAGTAATCGGGAGACGGTAATAGGTATACTCCACTGTCAGAATGTGTACGTAGTATCCGCTAGGGCGTCTGTGCTTGGATTGAACGCTCTCCCGAAGATTAGTATAGGTCAGGACATATGATGGTTCCAAATGAAATGCTTAGATGACGTGCCTGACTGGTCTGTCGAAAATGGCGCGATCGCTGTGATCGCCCGGTAACGCATTTTACGTAGATGTAGGGGCCGGGCGTATTAACCCGGATTTGCTAGGACCGCGAAGAAGTAGCATACTTGTATAACACGTGCGCGCACCTGACGGCGTTCGGTGGTGGGACTTCGTTTCCGTGCCGCATTGCTGTAGTCGTCGGATCCCGCACGGATCCCAAAGCAGGTTATAAACTTATGTGAGGAGACTCGCCTCGTGCGTCATAAATCAGCAGGTCGCGTATGTCTATGCCGCTAAAGTCGAGACTCTTCTCTACGGTGGAGAGTCGCCCTGTTGAGATTGGCGGATAGTTGTGCGAGACCCACCTGGCTCGATCTGGTATAAACATTGAGCCTCAAACCTCGCCTATCGAGCCACACGAGCCCGCTCATCGCGGAGAGGGAACACCCCAACAACTTAAGCCCGAGATCCATACAGTGGACCTTACAGGGTGTGAGATCGCCCGGCAGGTCACGTGGTATACCGCATCTTAGGTCGGTGTGGTTGCCCATATCAGTTATCAACTACGTAAGGACACTCTGAGTGCTACTAAAAGGTGGAGTGACCGTACTCATCAGTAATTCTAAATCATAACTAGGGCTTACCTAGCTTGTGATCAGTGAACCGGTTGTTTGCTGAAATCAGAAGGATTACCCCCAAAAAAATGGGCCCCCTAGGACCGGTGCAACATACCTGGAATCGGTTTCTAAGCAGTCCCATGTGTTTTATGCCGAGCACCCGCCTACCTGGCCAAAGTCGGACAATCCTGCACTGCACAGATTTAGTTTGCTGCGACAGCAGAACCGAATTTCACCCTGTTCTATAGTACTTCCGACGTGACAGGGCCCGGGCGTAGTGACCTATGTGCGCAGTCGTGCTTGCTACACGCGATAAAACACGTAGGAACGGCGACTGCACTTTTCGCCAGCAATGGTCTAGTGCCCGCCTAGTCCACTCGCACTTGCAAAATACGCGGCAAAGTAAGAGAGCGCGACACTTGCACGAGCTACATAGACTAGTTCGTTCGCCACCAAGGGCCACCAGGGCCGCATAGGACTCAGTATAGCGAGTTGGCTTCATATGTTGCAGGACGGGTACCACTGAGAAGCTAACTGCCGACCATTGCTTGGGTCCTGTCGCACAATCCACCACGATGGTGCGAATGGATCGACGCATGACTTCACCGTTCTTTATACAATCCTGCCATGACCCGTGGATCCGATTTGGGATACCTATGTGAATCACAGCAGTACGAATAACTCAATA,1963,51.5,Saccharomyces cerevisiae
SEQ_953923,GACCCATATATCAGGGTTCTGTAGCTAGTGAAGTGAGCGAATATAATCACTCTAAGGTAAGGTATTGTAAGACGAGATATTCTTTCTGAGACAGAAACCTCGTCCACAGTATAATCCTTATTCCCCAGCTTTCATAAGCGATTTCGATCAACGACGAAGATTCGTCTACCGGTCAGCGTGCGACGGGTTGCTACTTAGTGATTACTGAATGTCACTTAGAATCGCAGCGTCTACCGTTCGG,241,44.4,Drosophila melanogaster
SEQ_388861,AAATTGTCACTTGGAACGCCAATTGCATGCGTGTGTGTGTCAGAAGTCCGTGCCTCGCAAGCTCCATCCAGATTCCGCCACCCAAGCCCCCCTGTGGTTGCTGTAGTTGGCGTGTTTGTACAGTGATTGAGGGTACGTCACACTAATTGTAGGTAATACGTCGATACAGAACGAACTCTCGCTCGCCCCTACGGGCGGCTAGCTGCCGCAATACTCTCGGCTTTATAGAGGGGATCCCGGTCAGCATACAAGGCCATCACTCATGTATGCATACTGGGCCTGTTAGACTAGGAAAAGAGGCGTGTCTGCGATAGTACCGGGTATTGCTGACTGGTTAAAACCTAGGTCAAGATTCGTGATAGCAGAGACGTTCGCTTAAAACTATCTCTGATTGGACGCTCGAATTCCTACAACCCGAAACGTCTAGGGGCAGGAGTCACTGGCTCATTTAACGACATAGGCAGCGTGTCCATCCTGAACCATCTCAAGCGGTTATACTGGTGTCTGCTAGTGCGGGAAATGACCTGTAATTCAGACCGAGTGGATGTACTTCAGCACGCCAAGGATGGTAGGACCGACAGGAGGGTGGACGCGAGCTGATCTTCATTACCCGAGTTCACCTGATGTTACATGAGACGGTTGTAAACTCTCGACAGTCCTTTCTAGGAAAGATTCAGCGATATATGTAACGCGTTTAATCACCAGCCGAGGTGGCACTCACACGGGGGAGTTCGTACTTGATTCCATTACTGGGAACGGAACTCTAAAGTGACTGGTTAATACGCTGCGAACATTTTGTATTTGCAAGCGTGCGGAATTAGTGGCTGGTTAATGAGGCACAAAGTACTTATTTTGTCTGGACTTATAAAATATTCTATTGCTTGACCCTTGAGAGAGGATAACAGAGACTGAACCCTAGGGACGGTTACGTAGCGATGCGTAAAGCCCGAAGATTTGCCACTCGGCCGTAGACAGGTGTCGCCTCACTAGTATACAAAATGGCTATACTAACTCTGGGAGGCGGTTAGTTTGAACCAGCGTGGCCATGTAGGAGTGTCCACTTGACGGGCCACTTTCCTCCCTCGGACAAAAGCACTTTCATCTACAACGGTGTGACTCAAATTTGCCTCTGTGCCACGCTTAGGTCTCATAAAGTGAGAACGCGCTCGAAGTGGCAGTACAAGATAAAAGCATAGGGCCACCACCTCCGCAATTCGTATGATGGAAACGACCATTGTGCTCACTCCGGTTAGCACCCAATGCCCCCCATTATGAGTTTGTTGTACAGTTCGAGTGAAAAAATGTTTGTGCTTCGTTCTCAAAGGCGTCAACTCGCCTGTCACCAGATGTTACCACGCTGCAATAGTACACTCATGCCCTGGTGCTAATAATCCCCTGCTATCTATTCTATGTATCGCATCTCAGCTAGCCACTGCGGACGGGCACGTAAATCCGAGTTTAAGCATAACATAGCGGTAACCCGATATCCCACATTGTATATGGGTAATAACCAAGAGCCCCTAGTAAACAGAGGAATTCTTATTCTCAGGAAAAATGCGGAGAAGGAACCCGAAAATTCTCGGACCCGTGTTGCAAAGCTGAACCCGGATATTGGTTAGGCATATCCGGTGTAGACATCTTTAAGTAGCTATACCCAATGGGTCGATGCTGACCTACCGCTCTCGATAGGGGACAAAAATCATACCTTAGCACACGGGACCCGTGGATACGGTAGGCATTTTGGCCAGATTAAGGCTGCCTTTGAAGGAGTAAAGATTTCCCAATTGGTGGAATTGGTATTACAGAGCCACGCCAGGGGACTCTACAACC,1830,48.74,Saccharomyces cerevisiae
SEQ_376195,ATCGATATATTGAGGCGTAGTCATAACAAGTCTCTAGGTGACATAAAGACAAGATTGCGGCACGCATACTCGTCCGTATGCGTCCTTCGCCTCGATCCTAGTGATTACTTGTGTTGAAGAAAGACTGCACTGCCGGACTGACTCACGTTCACAACTCGCAGTCTGTTT,168,47.02,Saccharomyces cerevisiae
SEQ_211032,AGACATACCGAATCCTTGCTCGAGTTACCCACCTTAACCCGGACCATGGACCTTACTGGATCCATTCCCTTCCTTTTTGACCTGCGAGTGTGACGGTTCTGGTGCGGCTACGCGATTAATTGGTATCTACCTGAAAGGTGGGCTAACAGTTGGGCAATCTTCTGCTGCCGGGCGGGCAGTCAACTGCCGCAAGTATTTATTAAGGGTTCATTCTGGAATTATTGAGCACTCGAAATTGAGGAGGTAGTCGTGCGGTCACTCCCTGTCATTCCACACATAGCTACAGCCCGATTAATTTGACGCAGGACCATCAGATATAGTTCTTGACGTCTAAAAAGGTCAATCTGATTGAAGCCGACAAGAAATCCTGATCTCATCGAATTGCGCGAGGTAGGTGTTATCGAATGTAAAAGTGGTTCACTCAAAATCGGCTAAGGAGGCTCGACTCTAGCTTTAGTTAAGAATAATGATGGCGGCATTACTACTTAAGCTTCCGTTTTCTGGCACGGCCGTACTGCTTTAAATCGCTCCTACCATTACCGGGGAGTCCTTCACGGTTATTGTCTAAAACGAATGTTGTAGATTTACAACCATTAAGAGGCCATACAGCGGGGTGTCTTGTAAGTAGGGCTGAGAAAAACAGCAGATTACTCTGGTTCTAGTGGGCCCTTCCAAGGAAGAATAGATTCGGGTCTCGCCGTGCGGTCTTCCCCTCCGGGACCGTAAGCCACTTAAAGGCTTATAAGATATCGTTGGTAACGAGACGAAGCTCTATTCACTGCTTAGCTCATGAGTGAATCCGTTGTCTGTCTTTCGTGTAGCCTCCATGATCTATTGAGCCCGATGTGGATTGTGAATACTGTAGGCTCTAGGCCCTTCTGTTGCATCCGCGTGTGTTATAACGTGCCGTCCTCGCGTCGAGGGGAAGTATTTTAGCGCGGAGGACAACGAAGTCACTTCCCCCTGCGGAAACAAATCTTACATCTCTCAAAGAGGATTAAAGCCGCCGCCCCCCCGAATAACCCCATCGAAGCCGTTTAGCAAGCCGGCGCCCTCCAAACTGCGGCAACGGTGGACTGCCTCTCGAGTGGGAAGCGGACACAACCTATCATCGCGGCAGAAGTGCTCCACGTCGCAAGCATAAGCTAGACGTGACTGCGCACGCCGCGCAGACTTAATAGTGTGCAATCACTTCTAGACAGCTCAAGGCGTGTCAATGCGAAGCAGAGAGTAGCAACATTGATCCCTCAGACTTGAGCATTTCGATCTCCGTCTGTACGCGCAATAGCGATCTGACAGGTTTACTCCTACTTAGCTAGGGCCAGGCCCGCCGCCGCTCGGTCGTATAGAGTGATGGCGGTCGTCACCGGTGTCGGCCGCTGAGTACTTAATGTACGTATAAGGAGTGAAAGGACGCACTTTGCTCGGTAACTGGAGTCATAATACCTACTCTCGGAATCCGGTACTCAACAGGGCCTATTGTTGACGCATGAGTGAGGAGCCAGAGCTAACACCTCACCCTGGAGCAATAAGCGACTAAGTCCCTTGGTCGCGACTGGCTAGCAAGA,1568,50.57,Saccharomyces cerevisiae
SEQ_245244,TATTCAATTGCTATGGCGTGACCGCACTCCCCATCCTCTAGCGGGGACGGCGCCCTCACCATCACGCCATGCACATGAACCTGAGAGTGAGAGTGGTCGGTCGCGCATCGATTCCTAGCAATTCTTAGGTGCTCATAGCCGACTCACTCTATCTTCGAGTGGGCGTACGAGCCCAACAGCTCGTAATTGTCTTCACCCCTTTATTTCTCGTGGGGGCCACTTTTAAGTTAGAATGCGTTGGCCCCAGACCCGGTGAGGCAGGTTCGATAAACGGCAACTGGGTAATTCCGGTTTTAGCCTTGCCAAGAAAGGTAAGCTTAGGTAGGTCACTCAGCAACCCGGATTTTGACACCATAACAAGGGACACTATTAACGGTAGTCTGAGGCATTAACTCCCGCATCATTGCAAGTAGGCGGCTGGGGGGGTACTATAGTCTTGCGCGGTCTGAGCCGGATGGGGCGAAGAGTGGCGGAGGAGTACCGTCCAATGACCCTTTCTTGTTATGCCAGACCGCGGACTCGCGATTCGGGCGACCACGACTCCACGAACTCTATCTGTACCGCTTTTTGCCCGGAGTAGTCATCGCCAGAGGTTATAGGCGGGCGGAGTGAAGTAAGTTGGCCTAATAAAATTAGCGTGCCGAGCCCAACAATAATGTAGGACTAGTTTCCGTTACGGTTGTCACTAAGAGGGCCATGCTGATACTTATACGGTTGAGGCAGGGTATGGTGTGACCGTGTTGTGCATCGCAGGCGCCAACAGGTTAAAACGGCTCCTTGCCACCGCTAGAATCGAGTATACGCAGACGAACGCAATGCTTGAGCCACGTTCAGCCCGTGAGCCCCTGTGGACTTGCCTTCCGAATGGAATGGAGCCCAAAAGTTCACTAGGTTTAAACTGTCTCAGTGCGCATTACACCGCACCTAGACACCTCCTCATGCCCCCAGAAATGTTTTTTTGCATGGCCGTGTCCGTTGTACAATGTTTG,989,52.98,Caenorhabditis elegans
SEQ_312356,ACGCACAGTGGGAGGTACCAACGTGGACCTGTACAGAAACCGCTGGCCGCCTAGGCTATTCACCGTTCTATGCTCCACAGCAACTAACCCGGGTAAGTTGGCCGCTTCGCATTCTCATGGTCATGACACACCTCGAAAGGGTATGGCATCAGAGTTTTATGAGCTAATCGACAATATGGGCAGCGGGCTCACCCCCTCTATAGGGGCCAGAGGATTTTACCTAAATATACCTATTCCGACACATTAGGCGCCTCCCCATACAATCATTCGTGGCAAGGATGAACTCGGGATGTCCCTTGTCGAGCCGGTCCGCTAGGTTACTTGCCGACCGCGTCTTTAGCTGCCCTACAGAGATCGATCGGCACGGTGCTCCCTATTTAGCGCCTTTCGAGCTAACCTACTCAGCCAGAAGCAAGCGGGTAATGTTCTCCGAGTTCAAACGCAGCATTGTTGAACATCTATTACGCATGGCTCCCAGGACTGGTTTTATCCCACTGGTCTGCCGCCACTAGAGGGCACTGTTTCCTTCCAGGGCAAGGCATTACACTAACGCACAATGCCTTCGTACTGATCGACGTCCACTAACCAATCGGGAACCTCGGAGCGGTCCTCAAAATGTCCCACTATGTTTGTAGGTTGGATCAAACGTATAATTGAGAGAAAGAACTTTACGCCGCACCGAAGTCGGCCGAAGCCTCACGTTCCTTAATTCCAGATAATACGTCGTCTCGCGTTGCCCTGCGTCTTGAAGTCCAGGCTGGATCGGCTCTAAGCTTACACCGGATTACACCGATTACAACTACAGCCGCTTCCAGGACAATAGGATATTGCTAGCGGAAGGCAGACGCTCCAGATAGACACATCGACCCGTCGCCGCCAGACATCCGCGGGGAGTAGTACCTGGTGTACTATCTATCAGGTGGCTAAAATGAGAGGGCCCAGAACAACGATT,952,52.42,Caenorhabditis elegans
SEQ_417204,TAGAGAACCTTTAAAACTAGTTTAGCTTTGAGACCACGGGAAAAGCTACTAACCTGTAGAAATACACATTTGCCATGCTGGTAATTACCTACGGAGACCGGAGGCACGTGCGGGCTAAGTTGAGATACTGGTGTCCGACTCGAGCGGGCTCAGCTAGCTTGGCCCGTAATAGTTAGTTAAGTACCGCCAAAAACCAGGGGGTCCATTATAACTACGAACCAGTCTAGGACCGAACCAAAACCAACTTGCCAAACCAAAATGCAATGCGCCCACTTTGATTTAGTTGAATGATTCACATTAACCCCTCCTGTTGCCACAACGGCGGGATTTGGGCTAGCATACACGAGGCTCTAATATCGGGAGAGTAAACCCACACCAGTTTTATGAACGTAGTGGGGATCCAAGAGTACGCAATAGAAAAGATGTCTTCTCTCTAACATTCCCGCCGATAAGTAGCACTCACGATGCCAGCCCTTCTCTATTGGCCGACGCTGATTAAGCACGCATCAGTCCTCACCCCGGGCGCTCTGTTAACTGATCGTTAGTTCTGCGGGACACTAACCTAAAAGGGGACAAACCAGACACGGGTCAGCCCCTCACCGAGCAATGGATATTTCTGCTAACAATGATTCATATGTACATGGCGACGAGGACCGCGTGGCTGGCCTATATATGCACGGACTCGATCGGGGATAAACGCAACGTGTTAGTCTGCCCGAGGGGAGGCCTGACCAACTGTCGAGCATTCCAAAGCGGGTTTGGAAATTACGCGAAGGTTACAGTTTTCTATGTTTCTCCCCGCTATTCTAGCGTCCGTTTTTCCCTACCGCACGTCGCGACTTGATCCATCCTGGGGAGTAACCACGGGGGTTGTCTGTCCCTCCAATCGCCAAATCAGC,899,50.17,Escherichia coli
SEQ_183784,CCAATTCGGAGCCCCTGGACGCCAGTGAATCCGTCTTAATATTCCAAGGCGGATTCAGGCATTATGTGTGGTTTGTCCAAAGTATGTATGGTAAGCCGGTCAAGACCTAAGTCAGATATGCGGATCATTACGGAAGCGCATTGCGGTATCACCCCCCGTAGCCATACGGAGTGTCTTGGCTAGTTAAACTCTTCGACTTTCGCCGTGACTCTTCCCTGTTGTCACTGTATTCCAACCCCGCAACCAATAGGGGAATTTGTACGACGAAGAGCGACGCCAGTGAACGAGGACGCCGAAACAAGAGATCACTGTCTACAACCTAGAGTGCCTTCCGGGCACAAGGTACCGCGACGTGACACAGTCGTCGCTCCCTCGGATCTTACGCGGGTAGTGTTCTAGAGCACTCCGACCTGCACGTGACCAATCACTGGTAACAGTTATCTCCTTTCGGGAAGGGCGGTCTACAGAGTAGCCTAGTCGGGTGCAATCAGCATCGAGAAGACACTTACCCGGACGATGGAGACCCCACGCGTGTTCCCTTGTTTCGAATGGCTACGATGTTCTTGTAGCGTTTTTCCATCCCTTAATGAAGAACCTAAACCTATGGCATCGCAGGAAGTATTACGCCACGCTATTGAATAACTGAGTTGAATATAGTCGTCCTGTGATAAGACCTCTGCCTAGCTCGCTGAAGTCATGTTTTGACCTTTTACGGGCACCATTGTAGGGGCACTCACCATGAACGGTCGAATGCATGTGTACAAAGGACTCGATTCTCGGTCGATCATGATAATATCCTGCCGAGCCAACTGACTGATTCTGTATCCTACCCCCCCAGACAAGCAGTACACTAACGTGAGTCGTGATCCTTAGGTGTTAAAAAAACACTGGTTAAGTAATGGCTCGCCGTCTTCCTGTAGACTCACTGGCTTGAGCATCCAGAATTACAAATAACAGCTTGCTTCGTCCGGCCTCTGCAGAGTAAAAATTCCTCACGCAGAGGTCGACAGTGGACAAATCAATGACAGTGTCGGTTTGGTACCGGGTCCTGCGAATACGAGTGCAGAGTGCACTTGACCCGTCATTCGC,1089,50.32,Arabidopsis thaliana
SEQ_781448,ACGACAATAATTTCCGGCATATCGATATCAACCCCCTTCGGTCAGCTAACTCAAAATCAGTCGGCTGCCGGCTTCCAACTTGTGATAGACCGCGTATATCCCTGTGCTGCGCCTATTCATCAGAAAGTGCAATCTCAGGTATATGTGCAGGCTTTACAACCTTAATGGGGAGCGCTGTTTTCACTAGCGCCCCGCCCTGGGGGGAGTAGGTAGCGCGACTCCTATCCTATTGAGGTTAGCCCGGCCATTTGTTAATCACCTCATGACATTATATCCCATTCAAGACAGATAATGCACCATGGAACTCTCTTAGTAAGTTCCACCACTAAGGGATCAGCACCTCGGGCGCGAAATCCCGGAGAGATCGTACTTGGAGGGGGATAGCTAGAACCTTTTTTCTTAATGCTACTTCGGAGTATGGCGAGAAAGTGCAATGGAAGATACCGTGCTTAGGGTTCAGACAGCATGAGGGGTTCACCAGGCCGGACTCTCGATGTAGTAGCAAAGACAAGAACGAAGATGATGACTTCCTCTTATTGTAGGACGGGGCAGAAAATACCTTTTCTGTCACAGCGCTAGGAACCACTCAACCCTACTTCTTTCGAACTATTAAACCTATGGAAGCCCGGACGATCGCGCAAGCCGTCGGAAGCAGCTTGTCAGTAAAACGACCAGTACAAACTAGCCCTTATCAATCACGTGCATCGAAAGCGGGACCCTTTCAGTGAAAACTGTACATCTCTATGCCTCCCCCCCCATTCAGTTATTCTGCTAAAACGCCGTTCTTGGTCTGTCTCGGGCATACAAAATGCAATTCTTCGTATGTTATAGTGTTGGGCCGAACGGATACAAAGAGGTGGGTCTCGT,867,48.79,Drosophila melanogaster
SEQ_273144,ATCTCCGGATCAAGAAAGAAATAAGAATCTCGAATTGTAACCTCATTAACCGTCTAGCCACCAGTTTCATGGATTTCATTTCGTTCCTAATTCGCAGGCTCCAAGAATATCAGGGCGGGTTAAAGATTTCCCCCCGAGAATGCTGTATTACTTGGCCGTCCAGTTGACGATACTCAGGCATTTACGTGAGGACACCCTATACTCAGCAAGTGGCACGAGCGCATCAAACAACAAGGAAGAAAGCGACGCTCAGCAGGCTGATTTTGGGACTGCTAAGGGTGTGCCCCTACTCATGTGTCTGCTCCACCTACCCGATAAACAAATTCCATGGCAAGCGACACATAAAGTTTCGATAACGGGCGGGGTGGTTTCGCGTAGGAGGGACACAAATATACTAACTTGGGGCCGAATTTAGGTATTAATTGCAGGAGGGGATGCAATCAAGCTCGCGCCGGCTTCAATGTAGATGACTCATGGTGCTACAAGCAGGGCATTATTAGCTGTGAAATATGGCCACAACCAGCCCTCACTAAGCAGAATTATAGACCATGCGCTAGCATGCGTCTGGTCGTCGGGCTTTATCTGATCAGTCCGCCCCCAGGTTGATCACCTGTACTCGACGGAACTAGCCATTACATATGGAGGTTTCCACGTGCACGATTGGAAATCATCCATACGCATGTCATGAGTGGTACAATATAAAGGATCAGAATCGCGCGGCTCGACTGAAGTCAGACTGAAGCAAGGATGGGCTCCTGTGAGCTAAACGACGTAAACGAGTACACCAACTTGGGGGCTAGGACTCTTGCGGCCCCGCTCCTGCTGTGACGGTTGATACCACGGGCGAACATAATTAGCTAATCCGACAGCTCGTTTGCTCGTTGGAAGAGCTATGCCGACATCCCATCGACCCCCTGAACCCAGCGCATGGACGTTTCATTCGTACAAAATCCGGTTGTGAGG,963,49.84,Escherichia coli
SEQ_696633,CTCAGGTCTAGGGATCCACGGGCCGTCTTTGGACTCTGCCAGGGGGCCCGTTGCGCTGACAGAGATGCAAGCAGGGGGTATCTCGTGTTAACTCTCGATTGGATGAGGTAAACGGCTGGAGCTGTCCTAGTTTATATTTCGGGAGTCCTATCGAGAACCCCGTCACGCTGGGTTACCTCAAAGCGCTGAACCTCGACCTTTAGAAGCTAATCTAGGAACGAGCCACGCGTGATATCGAGGGATAAACATAGTGCATAACGAGGGCCAAATTCGAGTCCCATTAGAGCGTGTCTCCATAATTTGAGATTTCCACGGTCATCCCCTCCCATTCCATCCGGTAGTAGCTCCGATGACCCCCTTGCGGGCCCCAGGGCTCCCCAAAGTCTGGTCGTAGCCTAGGCTAATCCTGTCCCAGCCAGCCGTGATGACTCAACCCTCTACAATGTCTACGCGATGTGTATAGTGCGTCGTCTTGCAATTTTCATTCCACATCGTTGACCAAAACGGTGCATCTCTAAACCGCCTTCCGTGAGTAGCACTTAAACGAGGAGGTAGGCTTGGCGCCAGGAAAGTGCCTATTGTTCCGGTGGTAACACTTGATATGACTACGGTTGTCGTCGTTTGCTGGCAATCATGCCACGCGTAGTTGGATCTGGCGAATCCGTGCAAGTGTCGCATCGCATTCTTCGTAATATGGCTGTAAGAGTGTGTCTCTATCACACGAAGCGTGCAACAAGCTGTCGTCAGACTAACTGACTATGTTATCATTCCTTGTGACTGAAGCGCGACTCTACAAATTCGTTCTTTAGCTCTAGTGGGTGACTAATTTATAGGAGCTGGAGTTCGGAACATGGATAGTCTTCCAGGTTCTGCTCTTGAGTTAGCTGGGTTAGTTCACAAATTGCAATGTCAACTTAGTAGCCTTCAATAAGCCATAGCCGATTGCTGTGTTCAGGCCGTCTGGCTCCATAAAAACCACATGGATTGCAGAGCCTTCTCAATCCTCGGGTGGGATATTAGAATACTCTAGAAAGCGTAAGCTGTGCGCGCGTCGGGGGCATTAGCCCCGTCGTCGATTAGGATCACCACACCTGCAAAGATTAGACTCAACTAAC,1115,50.49,Mus musculus
SEQ_525482,TGCCGATTCGGTGCTTCCCGCATCCATGCTGTGTTAGGGGTGGATTTCCATGCGGGAAACCTCTAGTGAGCTGAACTCCTTGCGCCGACTCTAACAACATCGGTGTAACATCCACTAAAGCTCAGACAGTTGTACACAACACCCTCGGACTACCTCAGAATGCCTTGCGATATCACGACTCCGCAGCGACAAGTCGGCCGGCGCACTGATGTCATGTGAGCGCCAGCGTTTTTAAATGGCAACTGTTCACGCATAGGTGATAGCACACCATTCGATAACTACGGAGACGCTATGGGTGACGTGCGCATGGAGCAGGCACTGTGCGGTCGCGAATAGCGGATTTACTCTACTTGCCACGCACACTTTGTTGTGTGGGGTTGATTAGGAAAGATTCCCTGTGTACGTCCAGACTCCCAGGTTTAGGATCCGCGTTATCGAGTAATTTTGAACCAAGCGTACAGAAACTGTCGGGAAAATACAAGTTACATGATCCCCGTTAGTCGTAGCAGATCGCTTGTGGCACTTTATCTATGCCGAGACGCAAACGTGGCTTCCGGACGCTAAACTGCTGT,572,51.4,Homo sapiens
SEQ_471991,AGACCGTTTTACCTAGCTAGCGAACCGCCCTCGTTATGGCTTGTGTTCATAGCCGGGCAGAGGTGTGCCATTAGGTCCTTATCGTCGAAGAACATGTTAGAGAATGCTAGAAGCCTATTCGCTTGTACGACACGTGCTAAGGGACTCCCAAAAGTCGGAGCCAATCAAATTGGCGAACACCTCATTGGTGTGAAGGATGGACTGTTCTATGTCGCCGTCGTCTGAGCCTAATGACTGAATGGGGTTGTCTCTGATAATTCCTGGCATGTCCTCCGAGTCGCGCGTCACTAAGGCCGCTTCGATCTGGGCGAGTTGGAACAATGAAAAAGGAAGCAGGGCCTTAAGTATCCCCTTGAGGTAAGCTCTAAGGTAGACATGATGGAGGTAGTATCCTGGTCGTCATCAAAACGATTGTTTCGTTTTAGAAGCAATGCCATCGGCCCAAGGTGGAGGTAACCGTGGAATATGAATGTAAACCGTCACATCATGTGGGCTTTGAGCCTTGGCTATTGGCACAACGACTCTTACTTGAATATCCTACCGAAACAGAGCTTCACGGGGGCTCAATCAAGAAGCGTGACCACAAAAAACACTATTCAACGCCCAAAGAATACTGATTCTAAAGTTGCAATACAATGAACGTCGCAATGCCTCGGGCTGTTACCACCACGAGTACAGAGGTGTCTTCTAACGATTTCGCCCACAGCACGATTTTGCGTC,720,48.61,Drosophila melanogaster
SEQ_770689,AACTCTTTCCTATAACGCACCGGATGTTATTTTAACGACAACGGGACTTATAAAAGGAGTGTGCCTCGTGCATACTCGCTCAGCTTGCGTGTCCTATAGAAACCTAGACGCGTATCCATATAGTTGGGCCCTTGAAATAATGGCCACTAAATGTTGCCGTCGGGCTGGCTCGTTACTGAACAGTGCTGAGCCGTGCGACCTGCAAACGAGAGGTTAGACGCTATGGTGGAAAGGGCCGTAGACGGTAGCATTAATACTCACCCTCTTTTCGAAGATCCCCTAGCTATTGCCTACCTCAGTTAAAAGCCCCCTGCGTAAAGACAGTAGGATTCGGTAGGGCAAGATCATTACGAACCTCGCCCTACCCAAGTCCTAAAGTATGTGTTCTAAGTGCGCATACGGGAACAGCGATAGGGTCATATTTGTGGCCTTTCAGAGTAATGGCAGCGGACTAGCGCCGCACTATAGGGTTCAATTCAGTAGTGAATCTAGTATGATAAGATACCTGCCGCTCCCCCATCGAGCCCATAATGCCTTTAGTCT,543,48.8,Homo sapiens
SEQ_699121,ATCAGGATCATTCTCGTGACCCAGATAGATCTAATACTGTGGTTATTTAATCTTGGATACCCCGGAACCCCTCTTATTGACCCTAGGAGTGCAACGGAGACTTTACACGCAAGCGTCCATCTAAGACCGAGGTGATCAGTACGGCAGGGTAGTACAAGAACTTATGGGGTGTCAACTGAGCACACATAGCTGCACGGCTTGAGACAAATATTACTCATACACATCGAGGATTCGCTGAACTCTACGCTACTCAGCTATCACCTCAACAATCAAGGACGCTCTGTTGTTGGGGGAAGATACCAGCTCAAACCTTGCCCATAGTGTGTAGGCCATACCGAATCATGTACGCGACGTTACGGTCATCGCTAGAGGCCGTTTAGGACGGGCTACATAAAATGTGACCATATCTTCAGAATTTCTCGCCTGTCTGAATCGCTGTACCCTTCCGCCTCTGCGACCTCAGGCATTTGCCACTATGACGAAGCTCAGCTGTGAAAATGCCCCGTCTCCGACAACAGGTGTATTGGCTACGGGATCATCGCCCTGAAGATTCATTTTCAGGCGTTTTAACATCAAGTTATTTCCCTTACTAGTGCCAATCCGGCGCACCATGGCGATACTGTGTCCGTAGAGCAGAAGTGCCTTCCGCATCATTTAACCTAATTAGAGCTCAGGAGCTTATGACTGTCCTTTAAATTCCCGGTTAGAAAGGGGGCCCCCAACGGGATGGTAGCTCCTCGAACCCCACGCTAGAACTATGGTTGACCAGTCCAGCGGAACTCCCATGAAAATGTCTCCTTATCCACCAAACTGGACCCAGCCATAAGTTGACTACACACGTATGTTTCCGCGCTGCTCGAAAACCCCGCGGCGAAACGACGGGTAGGGTGCAGCTATGGTAGGCGTGCCAACTCTATTCGAGATGATCTACACATAGGATTCTTATCCCTTCTTCTAGTATTTCCTAATGAACTCGTAGTCAAGAGAATCCGCCATAACTGCCCTCGGCCATATCGTCCGGGGCGCTGTTAGGCAGTAATCCCGTCCCGTCTGGTGTTATAGAGCACGCTCTATAACCGTACAGCAG,1087,49.77,Caenorhabditis elegans
SEQ_604753,GAGTAGACTGCCGTTGTCGATACCGTCGAGCACAGAGCTGGACAACAGCCTGGGATCGAAAGTTCCTGCGAGGTTCACAGCCTAATTTTTCGGGCGACTCGTTATGAGGTCCATCAGAACAAAAGAATTGAAATTCCACAGCAGTACGCCACCTTTGGCGGCGAATGGGACGTACAATGTACACGGCACACATTAAAACCGGCGCTTTTCCTAGCGCGCGCGAGACACGGACGTGAAAAGTACGGCACCTGAGTATGAATTTTCGCTTGTTAGCAGGGATACTGACATCGGGTTTCTTGGGACTCTTAGGTTAGCCATATGTCAAGGCGCGTACCTTTGAAGATTGGCAACCGCTTTGGTTATCTCGTTGAGAATATACCACCAATTACTTGTAACGTCTAGCTGATGTCGAAAGCTTCCCACGCACCCACCTCCACCCTTCGGCTCCCTGTTATCTCCGGCCAGTAGTTAGGATTGCAGTACCGGCCTCGTAATAGGCGGGTTAGTCAAGTGTCATGGCTTCCCGTAGCCTGGACAGAGGAGCCTTTAATAGCTACGGCTACTCGAGGAATGCGACACAACTTGTTAGTTAGTCTGCACGTTAGTTAAAAGTAATCGCGGTGATGACGGTCTGAGCTCACGGCTACTGGCACAGTTTAGAATTGCGGCTTAGGCGGCTTCCCGTTCCTGCGGTACAGGTAGGAAGAGTCACCCGTAAGCATTTCACGTCTTCCTTCCGACTCGAACTAACACAGGTAAATCCGAACCGTTTGCACAATTGCTCACTGTCGAGGAAGGAGTTGAAAGGGTACCCTCAGAGAGCTGTGGACCCATTTTACAATCACAGTTGTACTGTAAGTAAGGGTCAGGCAATCTAGCCGTGGTGAGTTTTCTCCTACCCATCCGTCCGGATCTCTGAATCTCTGCGAGTTAGTTCTGAGACCGTATCAGCCACGCGGATGACTGATGCACAGCGGTACTATAGTCTTGTTTTTGTTCAGTATGATTGTTAACCAGCCCGATATATTTCTCTGCCCAGCCGTTTCTAGACTATCTGGTCATAGTGTCTACAAGCACCGGAAGGCGTGGATAAGGTCAAACATTCTAATATGTTTTCGCGGGTAGTGACGGGTTTAGTCTCTATGACTCCTCAGCTTGTATAAGTTCCTCAACATGTGCTTGAGGCCTTAGGTGCTTCCAAATTACGGTCCAGACAAGAGCTCGTTGCCACTAATAGAGACGTACTTGCCAAATCCGCCGCCGCTTCCATCCCTATAGGATTCCAACACGCCTTTATACAGGTGTGAGGTAGTCTGTTGCAGCGCAGTATAACCGCCAGGTCTGCAGAGGGCGTGGCAACTTCTACTCTGGGCTGGTAACACGACTCGACTCAGTCGGAACTTTCCGCAAAGGGGGATAAAGCCAGGCCTGTACTGCATCATGCATTTGGAATTGGAATGCTGAATAAGTATACTTTAATAGAGTGTTAGCAGGGTATAATACC,1504,49.4,Saccharomyces cerevisiae
SEQ_285048,TGTCGCTATTCTAATGTGCGCGGGCAGAGTTATTTAGCTTCGACAGATAAACCGGGTGCGCCGGACGTGCCACACATGATATCCATTCCTTGGTACGCTACAATATCGTAAATTGCAAGCCCCGAATCGCTAATTTCCTCTTCTTGCGGTACCCGGTCGATCTCAGTTAACCATTCCCGCATCGGCTGCAGTATCATTGGGACCCGGATTACACACGGAACAGATTGGGAGCTTATTGTTCACCGTATCCCTTTAACCCACGAGTCATACGGCCAGAGTATGTGAACCCCTCTGAACATACACGCAAGGTCCGCTTGGCGAAAAAGAATCTTCAGGGTTACCCTCCCAACATGAGTTGTCACTAGTAGCTCCATGCAGGTCGCGATGATTACGAATTGCTCTGGATAAGCACTCTTACATAATGTGTCCCAGCTTATTGACTTTCTAAGACTAGTCGCTACTAGAAACAAATGCAGGTTACATCTAGGCGATGTGTACAAGACTTCTTATAGGTAGACCGGAGGGCCACGCTCATTTACTGTACAAAATAACCAAACCTAGAACATGTTCTACCCCAATCTTGTTGTAAGGTGGTGCTAAGACCACCCTGACGACCTTTTTCGTGTGATGTGTGCCCAGGCCGCTCCAATTTCTTTTGATGCTTGGCAGTCCTGAAGGGCACTATCGGACTATATGATCATTGGGGACCGCTTGCCGCCGAATGCCACTTCGAAGTGATAACCATGAGGGAAGGTGTTCCGTCGAGGGACACGATGGGCCAGCCCGCCGCCAATGATGGGGGGGCCTAATAAGCCTCGGTAGGTGTCCCGTCAAGCACGAGAGTTCCAGCGGAGAGTGCTGGCGCACTTACCCGTTGATCTACACCCGGTTGCTAAGTCCTTTCACCTCGACGACGATCCAAGAATTATTGTATGTACCAGATATTAGCGCCTCCACTCCTACGCCTGCCTGTCGTAGTAGTCGTGGCGGTCCGCGGTAAAACTGGTCAGTACCAAAGCATTGTCGAAGG,1030,50.49,Escherichia coli
SEQ_780730,TTGGCTTATTTCGCGAGAATCCACGTTGATTACGCTGGCCCGCAGCCGGAGCTCCGTCCGCTAAATACCTCGCGCAAACATGTAACCGAGCATGGAGCGATGAGGGCGGTGACTAGGTAATCATTCAAGCTGGATGCGCGTAGTCGCACTCCTTAGCATAGGTCAATGAAATGAGAATGTTCACCTCAGTGTAAGGCACCTCCGAGTTCTAGGGAGTTCCATTGAGCCCGCTAGCTACGACATCAGATAACCTTATAGCCGGTAGCCCACCGTCGGCTAGATAACCTATTATTTTCCGTAGGCGTGGGTAAAACAAGTGCCTCTTTCGAGATCTGGATTTTCCGTACATTAGTGAATTGTAGCGGGGAGCAGCAGACAGGCCAGCCGCCCGCCTCGTCTCTCTGAAGAATTTACTGCAACGATTCCATGTGCCGGTCACAAACTATTCCGGTTGCCACGTATACTGTTCTGTAAGTCGACTCTGGTCAGAAGTCGCGGGCTTTCGTTGTTCTTTCCTCTTCTAACTATGCAAATGGATTTGTCGTGCCTACCGGCGCTATCCGATAACCCGTGACG,576,51.22,Arabidopsis thaliana
SEQ_580728,TACCCGTCACGATAGACAAAGGAGTGGTAGACACGAGGAATATTTCCTCTCTAGCGGAACTCAATTTATCGAAGTCGCTACAAGTTGAATCGGCAAGATTGAGATCCCTCACTAGCCAGACTGTCGTTTGAGACTAGGGCAATTTACATCCACGTATAGGGAAGGTCCCTCTTTATAACACAACTTTCCGAAACACGCAAAATATGTCGTAATCAACAATCGAGCTATGAGAGACATGGATGGCGGCAATCCATGAGTAAGTGTCCTAGTCGCCGGATTTTGACATACGCTCAGCTTGAATGCCTCCCCGGGCCGATGGTGATAACATGGTGGCCGGGACCTCAACGTCGCAAAATATACCCCCAAGGCCACCAATGAGCGAGATTTCCTTCCCATCCACAAAAAGTACAGAGCTTATCCCTAGAACACTAATCTTTGTTCAGTACTGAGCTATAATGCTCAGTATAGCGCCTTATTTGGTGCGCTGACAGCGACCCACACGTCACAGATAGGGTGTTCAATGGTGATTACTACTATCGAGATTATTCATTAAGAGTTGGCAATTGACCCGGCCTTACGTGCACGCACTAGTTAACCCTCAGCGCAGCGATCTAAGTGCCGCACATCTGAAAAACCATGTATAGGTACAATAAGCGCTAGCCGATCTCGGGCTTCACTCCTTTTGAGGAGCTCGTACAGATCGCCCCTTT,710,47.46,Arabidopsis thaliana
SEQ_428853,GGAGCCAGTACGCCAGCAGTGCCGCCATACTGGACTTATGTGTAGCACTCGAAACTCTGTTAGTACACGTCAATGTAATCAAGCTTGCGTAGGCTATTTTCGTGTTAAGTTGAACCGGACGACAAGTGGCTCTATCCACTCGGCCTACGGCCAAGTTAAGGAACGACCAGGTGCCCATGCTAAGTGAGAGACCACTCACCCATAACTCTAAGGTTTAACGTGGTCCACTGAGACTCGCACATCTGAACCAGTCGCAGTTGCTTCTGATGTCTGGGACCTTTGAGTTCCGCGGTCATAGGCAGAGTTGAATAACGAAACGGCGCAACGATCTCCAAGGAGCAAATGCGGGGCAGGAGATGCATCCAAGAAATGTATGCTTGCTCGCACAATGTCTGTTTATATGGTGCTGAAATCGTCGGAGTGCGTGGTACCGACAAGTAGTCGCTATAGACAGGGAAGGGAGAACCGATGAGCAACTTTGAAGATGAGGGATGCCATTACATCCTCTCACTGGATGAAACCATGCGAGACGCGCAGCCGAAGTGCAGACCACAATAGAGGCAAGCGATCAGATAGGGTATTGATGTGTACAGGGACACAGTCACCGCATGCCCCAAGAACAGGGCTAGGAGTGAGGCCTGGGTTCGCGTCATCAGTCTATAAAAAACTTATACGCTGCGGTCCGAATTTAGGCAGCCTGGCCATGCGGGTAACCAAATTATCTAGAGAAAATGCAGCATGTTCTTACGATGCAATTTGTAGGTACACCCTCCGGTAGTACTTTTAAAGCTAGGAGACAATCAAGTTATATTCACCCTTTGGTCTATAGAGCTGCGGTTGACACGAACGTAGCACGAACTTAACATTTCGTCTGACGCGGTTTCTGCCTTCAGGGTGGTACGTCTGAACATAAGTACATCAGTGAATGGCACGAACAACACCTGCGACTGTCACCCGGCTGCTGCGCTGGTTTGCGAATCACAGAGACAGAGTGGTCACCGCCCTTCCACCTTCTCGAACACGTCATCTCAATACGTTGCCACGAGTTAGAACTAATCTGGATGTGGTCACGTAATTTACTGATGCTAAAAAGATGTATTTGATACCTAGGCTTGATGTGAACAGAATGGAATGTACATTCATCGATGAACGAACCATCGGTCGATACAGGGACAGCTCATTGGAGGCGTTTTACCCGGCGCGTTATTAACGCGCGGAATAAAATATGGGGAAAGTCTCCTGCGTATAGCAATTCTGTAATTAATGGCTCTTCTTACTGAGGAAGGTGTATGCTATTCCTTCGCCCGGAATTGCACCAGTAACCAAAACAGTCTAACACTGAGGAATTAGCAATTTATAGATCTTATGGTCTAGCCGCTCCCTGCCAGAGCTACAGGGCTTCCATCAGTTTGGATGGCCCATCATTACATCCGTGTAGTATGTCCAAACGGCGCAGAAAACTGGGTCATGACCAAATGCCGGGCACGAATGCCGAGCTAGTAAGGACTTCTGGAACCTGCCCAGTCGAATCT,1532,48.76,Arabidopsis thaliana
SEQ_960845,GACAATGGATGTCACGACAACAGACCGACCCGGGGTTTATGGCCCTGCCACACGATTTAACCCTATACGCACATTGGCTGAAGGCCCATTAGTCACATAGACAGGTCTATATGGATGTCGGGTGTGGACATGCACCGAGCTTGTAAGTGTCAATCAACTCCTCATATACTTGGCATAGCCACTGATGACTGATCGAAAATGGTCGCAGTGTCATAGGCCTACAAGGGCGGCGGACACGTCTAGTTTGTCTGGAGTACACTCGGAGACGCTTCAGGTTAGCGACTTCGGTTGAACAGGTTAGCAGTTTCTAGTTTTAAGCCCGCTGTTCGCTTGTAAACTTATATAGTTCGCCCGACTGGACAGGGTAAGCTGCGAATATTCTTAGGGGGTCGTTCTATTCCCCATGTCCAGCTTCCTTGGCGTGGGACTCACGGACCATTAATGCCGCCAACCGTTTCGAACCCTTTATGCTTCTCCTCATAACATATAACAACATACGCCCTCAAGAACAGCGGTGATCGTGGCTTCATAGTATTCGCGCTTTGCGCCTCGGCTGCCGTAGCGTATTTCTTTAATGCCGTTTCGCATTGCCGTCCGATGACCCTGCCACCGGTCGTGCGGAAGTAACATCAGGTCATGTGGCATTATCGTTCGACTAACTGAAAGGGAGGCCGGTCCGCACCGAACCGGGGAACAGACGGGATGGCCTGTCATTCATATAGGGAAGTCGGAATTACGGAAGACACCTAACAGAGTGGGTCACAGTTTATATTAAACAGACGACAGCCAAGCGAACTGAGTAACGCATCTCCCATATTACCATACAAGCTCAGCAAAAAGCTAAGGTGAAGCGTACCGTGGCGCGTGGTTCCGTGATGTCTCGTAGGCGGCACCTCATATGGTAAACATAACCCTATTCGGGGCATCCATCTCGTGTCGTTTAGGTATTCAGACACTTCCCTCAGTCACCCAAAGAACTTGCGTTTGGTTAACCGCCTGTTATTTGAATGGCATACTTTAGTAGACGCGACTCGCATCCAAGGACGGGGGAAGTGTTAACGGTCCTCTTCTTAACTGCGCGGTCTGAGCTAGTCATATGAACCATGTACAGGGGTGAAACACAGCGGCCGAGGCGCTCGATGTCGCGTCGAACTGCAGCGGTTCCTCAGACGACGACTTCTAGCGCCCCTACTTTAAAATTTATGCACCCTACTATTCGTGGAGGGTGTTATCAAAACTGGTAACTCAAGTCTGCCCAAACTATTCACCAACGCAGGAGGGTCATATAAAGCGGAAGCTAGTTCTGCCTGGGTAAGAACATTTACTAGGATGAATCCGGGTTCTCGCTTCGCGACCCATATAGCACGCGCACTGATGAAGTCATTCAATTTTTGAGCCGTTCATCCATTGCCCCTCGCAGTAAAGATGTCTCTAAAGGTCAACACGACAGTCGAACCATAGATCCAAAGCGAAAAGGAAGCACATAAGTACGATCCGCCCTGTAGCTGTTTCTTCTTTGCTCTC,1524,50.0,Homo sapiens
SEQ_330104,CGACTCGCGACTATAGTGGGTGTGCGGTAACCTCCTCAATGGGGAACCCCTATTCCCAGCGTGCCCGGTCCGGGATTGGTCGCTAGCAGATTTAAAGAGACACTTGCTAAGACTCCAGCATCTCCAAACGTTATTCTGGCCGCCATGCTGCCAATCTATGTTAAGTCTTACGTAAAACTGGAACTATACCTACCGCCGCGTCAAGCGAACAATAGCACAATATGGCCTATCGACTCCGCTTCGTCCTTTCTGCGGAAAGCTCTGGGTGTGATCGCTGTTAGGTCGTATCAACACACAATGTTATAGTTGGTTTTTGGCCTTACCCATACAAATTCCAGGTTCCGGCCTCGTACGCGGCGTTCGATGGCATAACTTCGCCGATAAATGGTCGTATATCGCCCCCGAGTAGTCCCTTGACGACTTATGGCTAGTAACGTACTATACATGGATAGCTATCCAACTCACCGGCTTGTGTACTGCAACCGCAATTTAACTGCCCTCATATAGCATCTGGGGCGTTAGATCAATTTTAGTCCTGATCTCCATAAAAGGCAGACTGCAAAGTAATGAGCCAATTCCTTGGGGATCGACTTCTGAAACACACTCGTAGGGCATTAATTTCTGTATCACTCGAAGCCCCATGGATACCTCCATCCTTTATGTGCATACGCGGCCTTGGCTTACTGGAGGGAACCCGCTCTGTAGATGGTAATAGTACCTTGGCGACAAACGGGTCCTGAACCCCGACAGAATGCATGTTGCGTAAGACAGTAACCTCATACCCCAAGTCCTACACTCAGTTTCCTTTGACACTGCGCACCAGGCCAATAACAGTTATGTCAACTACCGAATCGGAACGGGCAGATCAGGCCCAATTACCGCGTATTGCGTGTGACAGTCTCGCAACCTTGGAAGCCAAAGGTTTCTCTTCAAGTAGAACTATCTCTTCGCCCGATATCGGTAGGTTGGCGCCCGCCTCAGAGTATCATGAATACACCTACTACGGGAGAAAATTGTTCACGCGTAATATCCGGCATGGGTAGCGACGACGTGAATCTTTAACCCTCATGGCAAGGAGTATGACCTAATGAGGCAAGGGGTACGTAGTAAGTATGCACTAATACGATTGAGGTAGTAATCTCTTGAGGAGTCCTTCCAGTACTAATAGTAGTCTGGGGATGACTCTGTCTAAAACATATGAAGTAACAGTCTCGCTGTGAAATGTCACAGATTTTATGTAGCTTAGACGGCCGCTTTTTTGCCCATGATTTCATGATGTCTCACTGCACGTTAACTCGTAACCGCGTCAGAAGAGCTTGGGTATAAGAGAATTCACGGTTGAGCTTATAATGATTCTCCATCTGCCCACGCCAATTATTTTTCAAATCAGTGTACGTCACTAGAGATCGGAATACCCCCAGTCACTCGAGGCCTGCCTATGTTAATCTGTAGCACTCTAGGGGTGGCATAGATGGGTAACATCTTCCTTAGCGAGAGGCGTTCGCATGTATTTAGATATGATTCTCTTAGCCCGAGCTTAACAGGACTCGCCAGGCATTGTGCTAGCTAACATAGCAGGCTCCAATTGTCCTTTTTGCATGAATGATAGCCAGTGCTGACCATTCCATTGCGCATACTTCTCGTTTCCTTGTCCCCAGGTGACCGCGGGTAATCATATAAGCGAATACCCCCGTCCGAAATACTTATTTAAGACTCTAAATCACACTGGAGAATTCCAATCCCCATCATCTTAGTAATTTGCCTGCCATGGGAGCGTCCGGGCATTCGCAGGATTCTAAATCATCCGGCAGCTCCGACGCACCCGCCGAGCAAGTGGCCTACACGCGGTTACACCCGCGAGCCGCCGATTTAGCGCGAGTCGCCCTCGCGCCCCGTCTAAACAATCATGACGGGACTACCA,1921,48.83,Arabidopsis thaliana
SEQ_720040,GTGGACGCTATTGCGAGCTGTTCGTCAAAGTTTAGATAGGAACGGAATATGAGGACCTCACGTGGAGGATCGACGATAATGAGCGTAAGGAGTTACGGCAGTGGTCATTAATCGCGGTATCAAGACGCCACCAGGGCCAGCATAACTGGACTCAGGCCGTCTGCGATGACGCGAGGGCGCTAGGACAGTGAACACCAGTAAGCTTAAGATCTACGTTGTTGATATGACAGAGCGATTGGGGT,242,51.65,Saccharomyces cerevisiae
SEQ_401576,AAACTTAGTAGACCGCGCAGCGTCTCAACCGTAAGCCTTGGTTCGGGGCCTGGTCACGACTGGTCGGTGGGATGGACATCATGTCTGTTTTAACAGCCCTACCAAGCTCTTTTAACCGTCAAGATTCCACGCGGTTGGCGTGATGTGGCCTAGTGAGGCCCCAATCCAAAGCGCGCATTACCAGGTAACCTCTGTAGGAGTTGAGGGTTAGGTCCGTAGGATGGGGAGACGTAGTCGCCTCAATCTCGACCGGAGAGTGAATAGTACCGTTGCAGCGCAATGGTTAGCGAGTATATGTGACCTCGGCTTGACCCGTAGCTGTGAAAACTGCGCGCTTTGGTTTCCTGGACTCCTTCTGTAACAAAGTTTCGACCAAAAGAGTGAAGAGGAGACTCATGATTACTGGGATTAAGGTTGCTTTCATCATGAGCTCTCGGCCACTAGCGAGGCTTAGACCCCTTCCAACACGTCATTGGCGAACATGCCTCTCACGGTTAAGTTCGGACTCTTTATAATGTATCGCTGTAAGGCGTTTTTACAACTGCGACCC,550,51.45,Saccharomyces cerevisiae
SEQ_694624,GCCGATTTTTGAGCAATGACCTGGACAGGACCAAGTCAAATGTTATCGTTGTACGATCTCGTTCTTAGTAAAGTGGGGTTTATAAGACTGGATTTCTAGTGCTGACTAGGCTACAGCATGGGTTCATACCGCTAGGGCAGACGACTGTGGCAGATGAACCATTCTCTGGTTCCAGCCTTAATAGTGCCGGAAGAAAATGCTTTACGGAACCGCCCTTGCTGGGGCATCGCTCGTACCGAAACGGGTGAGCGTGAAGACCGTACATTGGGCGAATTGCATGTGGTATCGGCAAAGACTCGCAGCTAGATAACATTGCTACAGACGGGACAAGGTTCAGATCACAACCAGGCCGATCGAGTTACTGTGGTGGCGATTGAAATCAGTGGAGTATGACGCGCGCCAGTGCCTGGGACTAAGGGGTTTTATCGGGGTTCGCAGTGTCTTTAAATCGACACAAAGAACAGTAACCGTGTGGGATGTGCCAGGTCGACGGACTTTCGAGGTGCTTTACCGTATGTGATGGAATTCCGTGGGGCGCTATTTCCCATTGTAAACGTTGGTCAAGCTCTTCCTATAATTACTTTCCACCTCCACTTAATGGCACGTGTCACGATCTCAAGTGCTTGCGGGACATGGAAGTCCAGTGGGACGAACCTAAGACGCTATCCTTTTGGTTTCATGTTCTCTCGCTCCGCTCATCATGACCAGTCAGTCCCTCTCCCCGCAACCGTGGTTCTCCTGTATAAACCTTACAGACATATTTTTGGATGCAGGGCTATAGAATGACAACCGGTATGTCGGGCCAGGACAGTGATGTAGCCAAGGTATCCAGCTCCATTTTATTACTACACTCAAACCCGAGGTTACTCCAAGCCCTTCGTCGTAACCCCTCCCTGTAGGACCTCGCTTTTGGACTGTAGAATACCGTGAGATCGGACTCCTACTAGCAGAATAAGGGGAGAGCTTCGTCTTACGCATACCAAATTTTCTGCGATCCGTCGAGACGCCGCGCAACAGTGCTATGAGTTCACTATGGGCCACTCATCACATCCAAAATGTTAGGCTTACTATGCCCTTGCAGACACCTCCAACGCGCGGTCATCAGTCTTTGCAAATGACACATTAGGTCTTAACAACGGTATAATATTTTAAAGTCGAGAAGAGCCAATGGGTGGGCAACGGATGCTCCAATATTGCACCTCTGGCCTGCAGCTCCAACCGGTCTGGAGCCCCAGCCGGGCTGGCTTGCCGGACTCACTCTCTCTGAGGCAGGCAACGGGAGCGTACGCTCTTGGATGCATGACTCATAGAGACATGCCCTCAGAATGTATAACTAGTACTGGTGCAATGCCTCGGCCGAGGCGGTTCCAATTTCGTCCGTTAGAGTGAACTGAAAGTCCTTTGTTATAAAGCTAAACTAGCGCTCAAGTAGCGGAGACAAAGCACCCACAGGCTTCTAGAAGTACGCTTTTGCTTCAGTTCCTATTTGCGGAGATGGGCTATGCGCGCGAGCGGTTGAGTCATGCCTATACGTCCTTTCGGGTTAACATGTTGTGCCTCCCATAAGCTGGTTCGTTTGTCTTATTTCATTTAAGAATTGGCAGTGTATCCACCTACGATGACTATGATCGTCAGAAAGACACCAGATACTGGTTGGCAGGCGTGCCCATCATTGCTTTCTGTTCCAAGGACCTAACCCCAGTCCTCGCCATTAACGGGACTATATAGTGTGCACATGATGATCGAGATGCTCGTCGCGCGCGAACCAGTGCGGACTGGTAGCCAAAATGCGCCAAAGCACCCAGTATGACGGCCCCAGAGCACTCATGCTCCACCCCGTCTGTATCGACCCTGTCAGGTAATGCACGCGGCCAATATTAGACGGCA,1887,50.61,Homo sapiens
SEQ_753185,GTGGTTATTAGATCATGCGTCGTTCCGTTACCATTATCTGAAAGCATGGGTCTAGTCTGCAGAGTGCGATATTCTGCTCGACTCCCGCAACCAGCTATCCTGCACACAGGCCCTGGACACTTGCTGCGCTACGGCTCCCTTTCAGCGCCAAGGGCACTTGGGCAACCACCGTAGAAGGTGCACGTTACTCCAACTCGCATAAGCGTTTCGCGCCACAGAGATTACGCATGAGATGTCTCGTTTGAGCGATATGCATTCCGTCTCTCCCAACTCTTCGGTGTCCCTAGGGCCTTTCATCGGCTCCGTCTTCATGTACTCACGATCGGCCATGACGCATAAGCTATCGGGTTATAAGTTCATAGTGAGTTATTTGAAGTGTAACAAGCGTCGGACGCTAACAACATATATAAGTATCTTCGGGGACACGATGCTTGGCGGGGGGACTTCGGAATAGCTAATTTCGTCCGGCTAGACTTTCCGTATCTACAAGCGTCATCCTAACTGCTAAGCTGTTCGAATTCTGAAAAGATCTCGACGTATCGCTGCATCCTATACATCGCGGGTGGTGGGAGACAGTGTATCCATTGTCGGAGTTGCGTAAGTGGGCGGTAAAACGATGAGACCAGGGTCGTTGAACACGGGCGGATACGCTGCTTACACTGTAAAGCAAACCGGGTATGAGGTGGTTTAGAGACTAGGGTTCATTTGGGGGTTTAGGAAGCCAACTGGAGGAATAATAAGACATGCGACAATGGCGGGAAGAACTTGCGTCCCCAACGTAACACAAACCGGTTGCGAAGTGACGAGCATACCCGGGGAGTAGGCCTAGCTATTCCTGCCAGTAGTGGGCCCGGGCAAAACGGATTTCCACCGAGTACTAAGATATTTAGGGCGGAGCGGCTGCCCATGTACCTCGGAAAAAGTTGACGTATGACTGTTCTCATGGAATCTTCCTCTTCAGCTGGCAAGCTGCTAGCGTGTTAGAGAACCAACATCGCTATACGTTTATGTAATGCATTTGCATAGGTCGATTGACACACCGCTAATCTTGTGTTGGTGCTGTCAAGAACCCAAGAGGAAACAGGGCGAGACGTAAACTAGCTCATATTACTCGTCCTATGGCGCATGGTTCCTCACCGGCCGGAGGGGCGGTGCCAGTTCATTCAATATATGCAGAATTTCCTAATTGTTTATTCATGATGCAGTGTGCGGTGATTCATACGGCCCTGTCTTATTCCCGGAAGCCAGGATATGCTTGGCCTTCGGGCTTTAGATAGTAATCAGATAAACTCTGGCAAACTCGGCAAGCATAATCTCGGTTGAAGCAACATCGGCGTGGAATTCTTATATGAGTAATCGCCCTGCATGGATACTTTAGCGAAATGTAACAAATCCACATCTACTTGGGGCTTAGTGTTTCGCATACCACTTAGACTTGATCCGACCGAAAGATGGCGGATTCATTCAAGTTGCCCCGGATATTAGAGCGTCCTCCCCCTGCAATACAGTACGATGCCTGGAGCAGCTTCAATGCTTCGTACACCTTGGGCTCAAATACGAAGCGCTGACTGAAGGAGCGGAAATGGCTTTCGATCAACCTGGATTGCCACTCGGAATTGCGTTCGTCGTGATAACCTAATCCTCCATAGGTGAGAAGCTATTGATACCTGGGTAGAATACCTTCCACGACTTCGTGTAAGCAGTACTCTGAGGCATGGTGTGACTTGAACCGTTACCTGGGTATCTGCCTAGGACGTCCGGGAGAGTTACTTTGTTAAAATTCGTTCCAACCCACACCCCAGTCAACGATGATTCTAGGTTCGACAGCTTTGGGAAAGGCATTTCAGAACTCAGTGCCAAGTGCGGTTTGCTTACCAGAACCCAGCTGCCTGCGCCAATGCGATTAATACGCAAGCTATTCCCCTCACCTATTGCGGTGTCATCGGTTGCTTGATCGC,1958,49.69,Caenorhabditis elegans
SEQ_318604,CGCTGAAACCTCCGTTAGTTCATTAGCGCCCCACTAGCCTCTGAAACCCCGGAGTGAGCTTTGGTGGAATTAAACAGAAGCTCTAATGCCGTAGGCGTTCGCTGTTCTCGTTTCACATCAGGACCCCAGAACGACAAAGCAAAAATATTAGAGAAGCGCTTAACAACCGTTGATGACAAGGTGTCAGTAGGAAACACGCATAATGAATCGATAACAATTAATGGGAGCTTGCCAGGAACTATAAACATGAGACGACTGCCACACTGGTACAACTGCCCTACTCCCTGGTGGCTATACGTCGACGTTGGCAAGATTTTACGTGGGCACTGACAGACCGCCGATCGAAAGCATTTGGCGTTCTTAGATTGAAGGCGTGGTCACTCGCCTGAGAAACACCCTCCTTCGAGCCAAGAGCGTAGGCGACTATATAACAGTGTAAGAAATCGTGCTGAAACTTCAAGGGCGAATGGCGACGCGGGATATTTCTTTGGCACAGATCACTCTAGAGAGACTGTTCCGCTTGTTTAGATCGGGGATTGTATAGTGAAACTAAGTCTTAAGGGCTGTATAATCTAACACAAGCGAAGTGGGCTGGGGGTCGTGGGTCGTAAGTGCCCGCTTCACCCAGCCGAATATTACTCATCTGGCGCCGGGCTGTCGC,661,49.62,Caenorhabditis elegans
SEQ_889023,CTAGAAAGCGCTATTATGGTATGCCTATAAGCGACTAAGGGGAGTGCGGTGAGACCAGAATCATTTCCTCAACCTTGATGCAACCAGTAGTTCGCCGTTTCCCAGAAGTGTGG,113,48.67,Mus musculus
SEQ_437780,ACGGAGCGGGCTCGAACGAGCTTACAGCGGATCGGTACTGTGAAATGCCTGCTTTAGGGTCGGAGTCCCCTTGAGGCCGCTATAAGAATATCGCATGGCAGAATTTCCGTAAAGACGCGTAAGAGTCACGTACCATTCCTGGGATATTTGACCTCATCAATGGGTGCCAGCGGAGACAGGGTCGGATTAATATCCATAGATAGTTGGGAGCATGGAGAACTGTTAGGACTTGACGGCTTGCTGTATTCTAATGGTCGGTGACAACGATCCTCTACCATTAAGAGCGTTCTTTTGCTAGGACCAGGTAGGGGCGAATGATGGCGCACGCGCTGCCGGTGCAATGCTTGCCCCCTTATATTTAGCTTTCGGACTTGGTTACTGATGGTGCAGGCGTCTGGAAGTTGCCTTCTCGATTGTACGAAGTTACGCGAAAGCTGCGTTCATGTTCGATATAACGATCACGTTCGTGTACAAACGAGCTTTAGCTCCTTGAGACGCAGACCGG,505,50.89,Escherichia coli
SEQ_520166,GACACGGGTGTGTGAATAGCTCCGATTGTAAAATGCTTTGACACCTAGGACAATAGTGAATCGTAAGGGTCCCTTGGTCTCCTGCCGCTAGGTACATGCGCTACAAACACTTTTGTCTGGGAGATCTCGTTGACAGATAAGTAAACAGAAACATTTTTATCGCCACATCACACGGATTGCTAGGCTCCCTGCTAAAGCTCTATTTGTGTTAGGCGTCTGTCCAGGCGCCAGCCTGAGACGCTTCTAGTCAGCCTGTTGCCTCGCGCGGACGAATACAGGCATTTTATAACACATGGGCAATTCCAAATCGCTTCAAGTCACATCGATACCTGTCCTTTCAGCACCTTAGGAGATAATCGTCGATCGGGCTGACATCCGACATGGTGGACGCCGTGGACTCCAAAACTGAGATACCCAGCCACGACCCGGTACATGCACCCCCTCTAGTATTAAAACGGGCTCGCTCGCGATGTATAGAACATAGCATGACACTGACAGCCGCCGCCGGTGCTGTCCAGACTATTGGAACTACACTCGAGAATCAAGATTGATTATCTTACGCTAGCCTGGGTCAAAGGAAAAGCGCAGGTTCTACTGAGCAGTGGGTTCCAACAATTGGCTCTACTCGAATGTCATAGCTGCAAACCGTTCCCGCTCCAGCATAAGATGTTAAGCAACGGTAGGATGATCTTAAGAGACGGAGGTAGTATCGCCGTATGTTTCTCCAGCTCTAGTATAGGAGATCAATGAAACCACGAAATCAAAGGGTAGGAACCGGATTCTCGTTTTAGGTGATTGGTGGATTCCTAGTGGATTTCCTTAGCGTGAGGCATCTGGGGGTTAGTCAAGTAAGGCGTCGGTGGAGGCGCAATCTATCGGTCGAAATCAAGGACTGATTCATAGCACTCTGATGTGTAAGATCTATGAACCTGAAGAGGTCCTAGTATAAACAGCATGATACCCAATTGAGAGTGTTCTTACGGCTCCTGGCTACGCAGGTAAGCATGTGAGACACAAAGAAGACCTTACAACGATATGTCCCTATACGGCATTGTCAAATTCCTGTAGCAACGGAGAAAAACTGTTATCATTCCTCAGTCCTCTGAACTCACCGAAATAAACACTATCGGACTAGCCAGTCTACAGCTGTGTTGTTTCGATGTGAAGTGTGTACCCCGCCAGGTCACTCCAACCTTCCTTTTGAGTGAGCCTTAGGTCAACCGTTCCAGTCGGCCACGCCTGTAGCGAGAGAAACTTGGCACGCTACAATGCACCGGGTTTTTGCTACATCCGAGGTGAGGTGGCGAGTGAGGACAAATTTTTGATGCTTAAAATATTTGTCTATCGTCTGGTAGGTCTCCCTTATAGAATTGGGTTTCAGGGTATGGCGGCACGATTAAGATCTTTTTTTCAGTTTAGATTTATGCAATATCATCGTAGTTTTTATTACCTGGGACACTTATGGGGGGTATCGACTGTATAGGTAGGCGAACAACCGTTGATACCTGCTCTTCGAGCCATAGTACTGACTACGGTTCTGTCCATGATGGCGGAATAGATTGATAAAGGGTGCGGGTTTTTGGCGAAAGGCGGGTTTCCGACCTTGAG,1608,47.7,Homo sapiens
SEQ_943105,GCGGGAAGGATACGGCCAAGTTTACCTCGTCTGAAGAAGTACCGATCGTACGTCCAAGCCGCACATGTTTAGCCCCCCTGCAAGTCGCGTCGTCATCGATCCGCAAGGTTATCAGTAGTGGCTGTGACTTGATCCCCTACTCATGGGTTCCAAGGTGGGCATCCGCGGCATAGCTCCCCTAGCGTTTGGCGAGGCCCAGACGGTGAAACTCGTTGCACTTTCGGTCCCCGAATTGGCTTGATGCAGTATTAACCTAGTGACACTAACCTAGGCCGAGGTGCGAGTCGTCGGCTCTTTACTAGCAACTGGTTATCGAGAGCCTTTATCGCTGCGGGTTAAACCCGAGTCTTGGGCGGCTAGGGTCTAAACTTATCTATACTCGGGTTACGCAGATGCCAAGTCCAACGCCGGTTGCGATATTATGGGGTGCGATTGCACGCACTGTGGGCTAAAACCTACCTTACAGACCTACAGCGCCTACAATGCGGCCTGCAGGACTGATATAGTGATCAACCTACGCGTGCCAACTCATTAATTCCACGACATTTGATGCCCTGTCAACTAACGTGCCGGGAAAGGTTGTTGGTGACAGAGTTTGCATAGTCGCGCTATCCGAAAGTTGGAATCGGTAGAGCTCTCACACGTCGCGCACCGCCAGCCTGCCGACGGTCTCATGTCGTGCACCGGTAGAAACTGCTAGTGGCACCGATTTCTCGATTTAACGCGCAACACACTCGCGGAGCATGCCCACTTCTGTCTTTCAAGAGAACCTTTTCTAGAAGTCGCATTGGATCCCTTTATGTTCGCAGTTTCATCACTTCCGGTTGTCCTAGGGGACTAGGAAGTGAGACTAATGGAATCCCGGAGAACACAGGGGCCATAATAGACGTTGTGAATAAAACGGGTGTCTGGATGTATCTGTGAGGGACAC,931,52.74,Mus musculus
SEQ_559953,GCGTAAATTGTTGCGGGGGGCGACCCAGTTCCTATTGCAACGGGCAACTTTTTTAAAATACCCGACCTAGCTAGGAAGGTCAAGGTGCCCTGAGCAAGATGGCATTATAAGCAACGGTCATCAGCCGAAAAATCTATCCGGCTGCGGTCGCTATTTAACCTTTGTCCTACGGTTTTCCAGACCCAACGTGGAAATTGGTACCTCCAGACTCTAACGAAATCACAGTTTCTAAGCACATATGTGAGAAATACTCCACATCTACGCGTATTATTAGAAGGACTCTCAACAACCGATGTCGTATTTATGGATCTCACATCACTACACGGATATTTGTTCTTGGTAGTTAGAAACGTTTACGACGTATGAAGAAGAGGTATGTCATTGTGGTAAATCTGTGGCACCACGGGACTCAGGATCTGCCTATTTTTAGTAATAAGCAACGTGCGCTTGACGTTCACCGGGTTTAACACTGGATTGATACCCCGAAAAGCAAGTCGAGTCATGAGTTGCTACAAAGACAGCTTGTACCACCCGATTTTATCCCTAGAGTGACGTCGAATTTTGTACCGAAGGAGTACGTCTCGCATACCGCCAGCGCGCTCCCTTATAAGGAAAGGGGTACAGTCACGATGATCACTAAACTGCTTTGACGAATCGGATCATTGCCTTGTTAATAAGAAGTTATATGCAGGACTTACGCTGCACTAGGCGTACCTCTTATACGAACGACTGTGGTCTCCCCTTCGACCGCGGACGCTTTCTTACCGATGGTCCTTCTTACAAGAATGCCGTCAACGTAATGCAACTGCGTTGTGAGGCCAAGGCGCGCGTAATCACCCAGCGATCCTCTAGCCTTGGGGCCAGTTAAGGTG,872,47.25,Caenorhabditis elegans
SEQ_511625,CGGGAGAGCAAGACAATGAACCATGTGCGCCGCCTCATCAAGAGGCAACCTTCGAATGTTCCGAGTGCGTACCAAGCCCGTAACCGCCGCTACAATCTTGGCCTAGCAATAGTCGCATAGCGGTCGCCACAGCGCCACTGGAGGCCCCCGAACGCTGAGCTATAGTGCCATCACAGGGCTTGACTATCATTCACTGTGCGGAGACTGCAAGGACGAGGTAGCCAAATCAGAGGACGACGGAGTCAGCTGCCCTGGGTTCTCTCAAGGCCCGCACAAGATCCGGCATCGCGGCGCGCAGGAGTCGCGTTAGTGCGCATGACTTAGCAATGATGGGACGGTTCGGTCGTAAACATAGCGTAAGCCAATCTCAAACATAGAAGGCGCCCTAGGTACGAAATATTCAGTTGCTTCTACACTGATCTATCGGCTTCGGCAGAGTCAGGGAGCCGATAAGAAGAGGAGTTTCAAAACCCTGCAAGTTGCCTCGCGTCACTACGGTTTCACGACTCCGTCGTCTATCAGGATGGCGTTTCTTTCAACGGCCAGAAGCATACCAACCCTGGACGCAGCCGTAATTGACTTGTCAGTATGCTGTCTATCTTGGAGGAAAGCTCTCATAAGAGAACTGGAGAGCCGGAGCGATCCGCTGATGCCAGGCTGACTGCTGTGCGATTGCTAGGCGGGTATCAGTTGGATAATGCCCATGTGAGCGACCTGTCAAATTATAGGATGATTATGCCTAAGCACGCTTGATGACCGCGCCAGTATCTCTTCCTTCAGAGCGACGTATGGGGTTGAGAATATACGCCGCTTACATAAAGATGGGGCTATGGCGCAATTATATCAGCCCATACCATGGGAACCCTATCATGGACTACTTGAGGTGATCGGGTTAAAATATTTTCTCGGGCGTAGGCTTTCGCTAACCTATTGACCCGTTGTGTCTTAGCGTTCTAAGTAGGTACTCTGGAGTGAAGGTACCATTTCTGCCACGCCGTACGGATGGTAGAGGACGTAAGAGAGAGCACGGAAATCAACAAATGAGTAGGACGCCGGCGCTCATCGAACTAGCTGAGACCGACACACGGCTCGCGCATTACTGGGTATGTGGACTTCGATGTACAGAAGGTGTCCTGACCGGGTAATAGGCAAGTAAAGGCACGCCAGACAGATCTATGTGCCGCTGTGACCACCCAGCCGTCTACCCAACCGTCCCCTTTCCCACGTCTGGCGCCTACCCATTTAGTCTCGCGCGACCCGAGCCATCGCTTGTGCTGTTTGAATGCCATTTCCCAGTAGCCGAAAGGAACGTTATGATAGTGTGCGGCTAGGACTACGTGAGAGCCGTTTTTGCGAGCGGTCAATCTACAGAGTTTACAGCGCCAGGGCGACGCATTCCGCTGCGCCAGCCATTCATCGCTAGTACAAATCAGGTCAGAGTTACCCTCGCAATCGGGCGCAAGTATACCAGTACTTCGGGTCGAGTCGGTCAGGTTCCCACTTGAAGGAGCTCTTAAAATCTAATCTTATGTCTAAGTTATCCATGAACCGTTTACTTCCATTCGACTGTTCGTGGATGCGCCGTCCTACTGCGTCGATTGCTTACAGCCGTCACTGGCACATTAGGCAGCGTGTTTACCTAGAGATTCCTCAACG,1656,52.84,Arabidopsis thaliana
SEQ_691184,CCGCTCTCAGAGCGCCCGCGATCTTGGACAACCAACACCGGCACGACAGAGTGATATCGGGGGGTACTGCATGACCCCGCAAAGCCTGTGAAGGCATTAAAGTACGCGCTGTTCACGTTTGTCTTCGGCTCGAACCTGTGGATTTCCACGGTCAAGCAACATGGCCGACTCTCATTAATAGTAAATAACGCCTTCGCCAACCACTTAGGGGGTTTGTCATATTGACCATTAGTCGTAACGGTGGGAGAGTATCAAAGATCCTCTATATAACGGCAGCGTAGACTGAAAGGTGACTTATGTGAAACACGCGCGACTTTCACACACCCAGTATTCACCGACACGGAAACATTGTTTAATTGGACCGTTGCTGTGTCCGATGGCTTGGGGAGTCAGGATACTAAGGGATTTAATTGAGGCCAAGTTACCGGTATGTGAGCATGTCGCATTTACCGACTTAGCAGTACTCGTCATGCGAACTAATCGTATTCAAATCGCGGCCCTTTCCGGACTATGCCCTTTGTAGCGTATTTGGGTACCTGTAGTTCCATTCGATCGGCAATAAATAGAGACGACCCTACGCGCTACGATTGCGGTCAGGTATCCCTGCAGGTTACAAAACACGAGGCAGGATTATTTAGTAGAGGAGGGCCATAGGCATCGTGAAGTACAGGGTGAGTAGAGACTTCCTACGATTTCTTATACTTCGGGTCTGATGAAGGGGTGCGGCCATCGGATGTAATGCACGCATAAGTTGGTATGCACTCCCTGATGTATGTTACGAGACTCCAGCTCTGGCCTCGACGGGATTGTATCGATCCACCTTCGCAATTGAGTCGCGGTTATCACCAACCCTCAATCTCCTATGGAGGGGACTCCATACAATCGTCGACCACATACTCAACTTGTTTATCGTAGGGCGAACGACACTGCTCCTCTCCGGTGGGGCTTTCAACTGAGACCGCACGGAGTGTAAATTAACCGTTAATGTCTTCAGGGTGTAGCATTCGACTTGGCATCCTAAGGGGCGACCTTTAAGCAACGCAGGCTTGTGCTACAGTGAATGGCGACCTGGGTCCTTGCCTGTGGAAGAATTAACGCACCCGTTGCCGAAGGCTTCAGCTGACCGCGTTACCTCAGTACACCACGTTTGTAATTTCACATTAAACAGTGTGTGCGCACCTTTCATAGGAGTTCAACTGGGAATGATGTTTGTCTTACACGATAAACGAAAGATGGGGTGTCTCTTTGGGTACGTATCACATGGCCGCCCAGTCTCAGAGGTGGTCATTTCGGTTGGATGGGCGAGTTCACGAATCACCGAAGCGACACTCTTAGGCCAGTCTCTATGCACGGCGCTGGATACCACAAATGCGGTAGAGGACCATGTCGTTGCCGTCTTTAAGGGGATACGTCGAATACTGTTATTCGTAGTGCTAGGCGCAGAATGCGGTGGAGTTCTCTCCAGATATAAAATCAGAGCCAAGGGGTTACACAGTTCGCGATGTTCAGTTTCACCGTTCCGCTCGAGAGGTGCTAACGTCTCCGTGTCGCGTACGTGTGCCCATTATAAATTGAGACGCGGGAGAGCGAACCACCCAGGAATCTGTGGACCAAGGCCCAGAGTCGCGGTGACAACCCACGCCGAACCGCCGCCTGTACGGGAGCAGAGTGACTTAGATCGGCTATCGTTGATACGCTGCGGTATAAGACCAGTCAATATAGCGCGCATGCAACTCCAGTAAGCGCCACATTACAGGGCACCCCCTTGCACTCTTGCTGATTAGATGGCTTAGCCATCCATTGTAGCATGAACCCTGGTAGCATTGTTACTCTAATCCGTTTGGTAGATATATAGTGAGGCGACATTCGTACGAGTCGTATATGAGCGCGTGTGAATGGTGCATGACCAAGTCGCCTGGACACATACACCGAACACACTGTTGCCACAGCGGG,1953,50.9,Arabidopsis thaliana
SEQ_941151,CATGGAATTACGCAGCGCCCCAGTAACGATGGCATGCGCTAGTTCGTCAGGTCGGGCTCAGACCTTTAGACGCGACCAGCGCGCATGTGCAGCGCACGCCACCGAGTTCAAGTTGCCTGAGAAGGCGTATAGGTTCACCACACCGAGGTGTACGATATTGATTTTGGATAACAACAGGATGGGATGCCATACAGAGTCTATTACTATCACCACCACGGTCATTGCATCATTACCTGTTACTGAGTCTGGGCTGCTAGGTGAAACAACGACGGTAAGGATTAACTCCGGAAAATTTTGGCTGTCTAGACATCTCGTGGGATTGGTGGTTAGGGAGTATGACTCCGAATAAGGGCAGTTTGAAGTTTGCTCAACCGCGTGAGTATTGTATTGTGGCCCGTCTCCAGTTTGCGGGCGGCTCTCAGACATCTTAACAGCGATCTACCTTGCGATAGAGAATTCAGTTTCATACATGGGCGAGTGTAGTATCGAAATGATCTCCCAGTCGAATCAGCACATTTTAGTTGAAACTCGACATTCGCATTCGATCCAGTGGGTAACCCGTGCCTTAAAGTAGAAGGATAACGGTAGTTGTTAGTGAACTTAGATGCAGGTTCATGCCATATGGTCCGGTATAGCTTAGTCCGACGACCTGCCTTGGTATTCAGTGATTCGCTTGGTCCACGGAGCAGCCGCACAGGCACTCTTTGGACTGTACTAATTAGCGTATGGGGACGGTTGCACGCGGTGGAAATGCGCATAGTATCCTGGAGGCGGGGGGAATGCAGGCGAGGCGCGCGCCTGGTGACCCCGACATCAGCAGAGATTAAAGTTATAGACCCGTATCATTCATTGCGAGGTAGTATACGGCGGCGACCGGGAGCATCACACAAATTGATGCTCCCAGTCACTTCGTTAGATTATCCTGATGTCACCCACGCTCCACTCTGACTTTTGGGACTCATTACTTCTTCCCTTATGACTCGGGGGATCCTACTTGCAGGTGCGTCCACCCTAACAATCGTAAGACCGTGCAAGCGGCTCTCCAAACGCCTACGCGGAGTCGTTACAAACAGACATTCCGCACCGGTTCCAGACAGGGGAATGGATTGCCATATGAGGTGAGTTGTTGATTTTTAAGGACCGTAGATCGCGCTGGCTGGGCAACCGCGTATGCCTTACGACCTAAAACTTTTTGTACATACGTCTCCACGTATGCCTAGCGGAAGAGGGCACCCGGGCAAGGAAATTACATCCCTAACTGCCCGTCCCACAGTCTCATTGAGCTGGTTGCTGCAGTTGCGTCATCCCGCACTCTGTTTGCTTGTGTCGCTACTGCGCCTCTCTGGTACATTCCCGACCTTAATTGAAGGCTCTATGCTGTGTACGATGTGCAATTTTACTAAACACGATAATGCGACATGCATTGATCTGAGCAAAGGATCCTAGCACAGGGGATCATGTCTCGGTGGCCTGTGTATGCCTCG,1484,51.01,Mus musculus
SEQ_172579,TCTGTAGCCAGCGGTTGATAACAAGCAAAATACGGTCTACGTCTTTGAGTGCAGACTGGCCACTTCCGCGTTTATGACCACTGAACGTGGAGGAGTCGAAACAGAGCTTGTTTAGTTGCGGATGTGTGTAAGCA,134,48.51,Arabidopsis thaliana
SEQ_782924,AATAGATAACACCTGATAGTTGAAGGAGTTGAGCACTTACAGCCTATTTTTGAGTGTTACGAACACGGATAAACCTATAAACGGTTGTTTGGGCAATGCTTATCAGTTGGTCAACTCCCTTGTGATGAGTGTTAAAGTCGTGAATAGTTTGGCGGTGGCGTTGTGTGGCACTCTGGGTGACGGTTGAGAGGCGCAGCTCGAGTATCGAGAGGTGTATCCCGCGGCGCATCTTATGCTTCCCGGCCCCGCCCGATTCATCACCCTTCCCTCTACCCATTATCCGATCTATGACTGAGCAGTTCCACGGGACGAGCGTTAATAGTTTCTTTAACCAATAGTCTTCCTGCTAGCTACATCATACCATGAGCTGCGTTCCCCACGCGCAACCGCCGACAAGATAGTATGTGTTATGACGCGCTTGTAACCAAAAAATTTTAGGTAAGACCCTGGAGTGACACTAGTCCTTTAGCTTCGAAAGCCCCACCTCTTGCTCCGCAAAACTTCTGTGCGCACAGGGGTGGTAACACACGGTAGGTGATCTAGACAAGGTGCAGCACTTCTATTAACATGCCGTTAGTCCCTCCTTTCGACTCGGGCACTACGCCCCCATATTAAGTCTGTTCTGACCTTCGACCAAAAAGGCCCAGACCCGGCCCCTGTAGTAGCATTGCAAATAGCTTGCGACATCAGCACAAAC,697,49.64,Caenorhabditis elegans
SEQ_994265,CCCGCGAGGCAGGTCCGACAATAATCGCGGGTGGAGACGCGCGATACATATAGAAATAACGCTCGAATGCGCCGGGTGGGACTATCCTCAATATCGACCTATACCCTGCCTTTATCTTTCTCGGGCTTATGT,132,53.03,Drosophila melanogaster
SEQ_394470,ACTTTCAATGCAAGGGGCCTTACTCCGGCTCCGCACAAGCCTGCCTTTCGGACTTCTGTCCCTTATTGGCGAAAGCGCCGCCGCTCGTGAAGTTCACCGAGAACTCAGAGAGTTCCTTACGAGGCGGTGGAACGTACATCATTGGTTCGTAACAATGAGGCTACTA,166,53.61,Arabidopsis thaliana
SEQ_316967,GGCCATGGTCTTTAGTAACGAAGGTTTTTGATCGTCTATACATTCCGTGATCGTTCCCTTGATGGACCCCGGTCGCATACCGGACTCGTACAGAACCAAGGGATGGTAATCACATAAGGGAGGTGGCCCAGGCCACGTACGCCCGAAGCATCCCAAGAAGCTTGTCTAGCGCAGTTGAGGGTCGCGTCGCTTATACAGCGAGAATACAGAGTTAACCCCTGTCTCCAGTCTAGGACAATGCTGTTCGTTGGGAGGGACCTCGCAGCTGCATGCGCTGCCGAGGGCCTTAAGGTCGGTCAGGACGGAGGATGCGAATACATAACGTTGCGGCATGGGAGTACGCCTATTAAACGTTAAACAGGGTATTTAACCTCCTGCTTGTACGACGGGAAGCGGCGTCTCGAGTACTCATCGTGATCTGCGCGAGTCCATTTGGTGTCAAGAAAACCATGCCCGCGGATAAGTTAGAGCGGACGCGTCACCGAGCGGGGGTGGGCCGCGGTTTGAGACGTAGGTTTTTTCACAAGGCCCGCCCTGCGCTAAGCGGCGCCCGCTACTTCGTTACTCACTGCACCTTCTAGTGGTAATGGCCGTGCATTGGAATAGCACTTGCGCTTCTGATTCTCCGTCGACCCTGGCGCGTAGATGGTCGTGTGTTGTAAGACACATTTGCTGCGTCACCAGCAAGAGCGTGCATTGTTATGAGAGCCACGCTTCAGCTTCTTGTTAGCCTCACCGCTAATCAGCGCGTCTTTACTTAGCGAAAAAGGGTGTATGTGCGGCCATGTATTCGTTGGTTGAAAATGTGAAAGTGGCTTAACTACTATATTCCCAGGTATTATCCGGTGATCAACGATGCTGAGTAGTTAAGTTACGTGTCTCAGCCGTGGCAGAGTTCCGGGCGCGGGGCCGAATAAGCATCGAGCCCATACCATGCAAATCACGTTGAACGCTTATGTCGATTGCAAAGGTCACGGCTTGCACATGGAACGGTACTTATATACTACGGACTAGGCTTTACGACTGAACAGTCCCTGAGTTGAGGGATACCAAGCCATCTTTGTAGCCGCACGGTTGTCAAT,1082,52.68,Mus musculus
SEQ_616015,TTATTCTCTACTGTGGGAGTTCTGGGTCCTGTCCGACACTTGAAGTTCATTCCCTGGTAGGGCTCAACTGCCCGCGAAGCACTGGTAGCTAGGCTGCCGCCTAAACGGAAGCGGCAGGTAGTTTTATGCAAGCTATTCGGGCGTGGGCACTCGCGTGGACGAAAGTGATCGTTGACCAGCCCAAGGGCCGACGGTTATCCGTGCGCAGCAAGTGGTAAGTGAGCTGAAAACGGAGCCTTGGTAGTCTCTACAAACATAAGAAAAATATAGAATTTTTCGGAATCTGTCGATTTGAGATAAGTTGCCGACATGGAAGATGGCAAAAAACTTAAGATCAATTCAAGGTCAGGGAGACCAGCCATCGTCCGCGCTCTCCTATGCGTGGCCCTTTCGTAGATATACTAGTCATTACACTTCCCTCCAAGGAGTAATGCTACGCCCAAGGGGTTTCGCCTTGTGCCCAAGGACCGAATCCTGCGACGACAGCGACGTCAAGCAGCTTAGGTGCTCGAACCCCGATTCAGCGGTCTTCCTTCCATCAACGGCTAGCAAACCCTGGTTGGTTGCCGGGAACAATGTTGTAGCTTGGGTATATTCAACCCAACTGGTTTAAAGGCGGGTTATGTCAAGTCTACGACCACGGATAGTGGACTACTCACAGGAACCTGCGCAGGATAGTCTCAGATGCAGTCTGACCAGATGGTACTGCGATTCATGAACCATTAGGTGGTAGCATTGGCTTTGGGCAGTACACGTTATCACTTATTGTCCGCCGTTTCG,780,51.03,Homo sapiens
SEQ_530426,ACGGAACTACGCAACTCGATCTGGTATATCACGAACTAGCGGGTTAGCGACGCCGCTCGAAATGGGGTATCCCGTGATTGTGTGTACCACAACAACGCTAGCGGTAAAGTGTGTCGGGGGGCTGATAGCGTGGTGTTTCGGTTCGAGTATATCTAGGGCTTCTTTCTCAGGAGGCCTCAATTTCTGGGATACCAGTACTGGGGTCGGTATCCTGAGAAGCTACGAAACGAACCGGCAACGAAAATGCGGTGCTTTTCCTCAGAGTCGGTGACTCCGCAAGCCGTACTGAACTGAGTTTTACCGGTCATGTAACCAGCTTCAAGTACCGCTGATTTGCGCCGACGGCATTGCCAGATCAGTTGGCAAGTCATCCGCTTAAAGCAGTCTCGACGCCTCTTTGGTAGTTCTTCCGAAGGGTCGATCATTGAGTTGGTTTGAAGACCAGAAAAGTTCGATTTTTTTGCTAATCGACAATAAAAGTGTTCTCATGCATTGATGCCACGGGGGCGTCCGTTGAAGAGGAACGCCTCCTGCGGATTTGTGTAGTCAAGGTTAAGGTGCTCACCCTTTTGTAGCTGCGTGATAGGTGAATGGGTATATAAGGAATGTCCAAGACCCGTTTCGTATAAGGCCAGCACCTCTGATACTCGAGGTATCGGAGAGTCCTGCTCGGCCAATAAACAGGGTGTAATTGCATACTGCATATTTCTAGTAGTAAGCATATCTGCACAGCTGCAATTACGGACGGATACAAAGGCAATGAAGCCAGCCTACCTTAACCGTCTCCGGTTGTTTGCCAATTTATGATACACACACTAATGGCCCCGCTGCGGTAGCTTGCCCTAATATCCCCTCGATCCCCGATCAGTCCGTATTAATATGAGAATCCGTGAGTAGATTAACGACAGACGTCCCTACCATCGAACTATTCGATATCCTTCGTGAATGATTGTGGGCGCTGCCATTGTCGGCGTATGGAGCACGGATGAAAGGGTGTTTCCTCAATAACTTCGAATGGATTGACAGTTTCAGGCTCTAAGTAACTTGGGGTTAGCGGGCTACCCATAGCATGCCCGTTGCTCTTTTTGACTGAGGCGATTACTGTTCCGGCTCTACATAATTACTACCAGCATAAGGGACTCGCGAGTTCATTCCGACCGGCGCTCGTCTGGTGCTGCGTGTAACTTGTTGCCTTAGTATCGTATACGAGGGTCGTATTAAAGGAGTGGCCAGTGAGGGTCTACATCCGGGGGACACAAAAGAGTCAAGTTCGTCTGAGGGCGCGCATATCGGTGGCTCCTGAACTAATA,1310,49.62,Escherichia coli
SEQ_305075,CTATACAGAGCGCCCGATCGCTAGATCGATGGCGTATCCGATCTGGGGGACTTTTTGGGATTCTCACCGTAGTAATCACTCTGCCAACCTTCCTGCAACCGCTATAGAGTCTAGTCACCAGCTACTTTTCCAAATGAAACCCGCAAATATTGCGGCGATGGCGCGTGACTAGGAATAACTCGCAGACCTTCTTATCTGTTTCGTGGGTGGTAGTCGTACACAAGATCTTCACGTTAGCCTCTGTAAGCTAGTTAAGTCATGTCGATCTCGTTCGGAACTTACTCCTCGCGTGTCGGAGTAGTCGCGACTATTATACAATTTTGCGGCAAACTAATGTCGCAAGGCTACACACTAAGCCAGGGGAATATGGGGCATTCGGAGACAGGCCGCCGCCGGCAAAGAGTTGTCAAAGTAATGCTCATGGCAATACACGATGATAATATTCTGCACCAATCATACCACCACAATTACTGAAATGCGTAGAAGGCGTTGTCACTTCCTGTCGTCTAAGTTAAGAGACCAAACAGAGACAGTTACCTGCCCCACGTGGAGTCGGGACTGTTGTTGC,568,48.77,Drosophila melanogaster
SEQ_755911,GACGAATCGCGTCACAAGTCGGGAAATGAATAGAAGGACGAGCCGCCATAGTGTCAAAGACTATCAACCGAATATGATGTAATTGAAGAAACCCGCCGACGACTGGTTCTTTATCAACCCAGTGCTCCGAGTTATGAACCAGAGACAGTCGTTTCGATTTGAGGATTAAACAGGCCTGCTGCTCGGTGTTTACACGACCCTGGTAAAGATACTTCGGGCTGTGTGCCGGTTGAAGATTATTGACAGCAACATCGTTGGCTACAAACCTGCTCTTGCCTCACCGTTGAGGCCTCGCGCGGCGGTGTCCTGTAAAATCAATCGATATCCCAACGGTGGCATACACAAGATCGCTCGATCTGGCTGAGAAGCCAACACGATGCCACCACCACGACCAAGCGGTAGAGAGCCTGTATTCTGCAGGTCCTACTTGGGCCACTCATGGGCTAGAAAAAGAATCTTGGAAGGGCGCCGTTCTCCACGTGGACGCAGGACCCTGGTTCTATGAGGGTTTTGGTTGATTTGCACGTATATCCGTGGGTGGAACCGATTACTTTTGAATTTAACATAT,568,50.0,Mus musculus
SEQ_253329,GCGATTCTCAATTCGACGGCACTTGAGGGACATGGCCATACCGGCCACAACTATTTCTAGTACCCGATGGAGAAACGAGTCTCTAATACTGGCAAGTGCATTAGATACCAGTCTTACCCAGGAGGGCCCGGACCCCCCTTATCATTAGTAAATTTCATCTGATTACTGAAAACACACTGGTAACCTGGTCCGGTTTTTCAGCCATTGTGGCCTGAGGCACTTGGATAAGCTTCTTCGTTTTTTCCGACTGAATCGCTCACAAAGCTTACGCGTGAGCCCCATTTATAAATTCACTGTTCCCGCTCACTTCATATTGAACTTATTATAGCCAGATTCACACCAATTGATAGGTAGTACGCAAGAAAGCCCCGAGACTGTAGTCATTATCATCGCCCTGCAACACCTCGAGGTAACGACCGTCCGGTTGCATGAGCGTAGCGTTACGGGGTGAAGAGGTTTTGTACCGGCACGCCAGAAATGGCGTAGAGGCCTACCTCTCACTTCGTCTGTACGGTCGGACCAGCTGAAACATTTATCTATTAGGAGTCCGTGCCCGTGTCACACGAGCACGCAGATTTAGCTGACCCCCCGTGACCGCGAACGACCACTAATCTTTTATTATACCCTAATGGAAGGAGATCTTCGGAACCGATTTCAATAAAGACCAAAACGTTCGACACCGGCTTCTTGCAACCTCAGGGCTTGAAGGCGAGAATATGAAAGTATTCGAGAGGCGGCACAATGTTAAAACTACAGGCCTGAGATCCTTACATATTACCACGTTTACCGCCAAACACTGCATGCTATTACCGGATGGTCGTGAAACAGTATTATCCGTACCACGCATAGGATAAAACCCAAAGCATGATTTGCCAAGAATCTGGGACACATATTTTTATGATTGCCGGGTGAGTACCAGCGATCTCATTCGCACATGGTGGGCGCCCATACGGGTCAATTACAATTCCGAAGCAACCGGCGTAAACACCCTAGTAGTTGAGTTTCGGGAAAAGATACATGCCTCAGGGCCTGACCTAAATCAGTTAAACGGTGTTGAGTAATCGTACTCCCGAGCTCAATGGGTCTACCCATCTCGAGTACATACGAAGACGGAGGCATTGTATGTCCGGTCACGCCAGTTGGTTCCGCAGTTTTTCTCCAGGCAGAAGAAAGTGTAATAAGCCGGCGGTTCGGGGTTCGGGTTGCAACCGATCATTGTTGAAAGGTTATCTCATCCCCACTCCCATCCACTTATTGATGTGCGGGTGCGAGGTAGCTGTTTTCCCAGAGTACTCACTTCAGACTCTCCACGTTGAGCTCAACCGACCCGATATACGGCCCGGGATCATGCCTACTCTCCGGTCCGCCCTTGTTTTGCGCAGGTGGATGAAAGGACTGGAAAGGCGCAGGCTACTATTGCGACGTTAGAGTAACAATGGCCAGTCGGTCCATTCCGCCATCGTTGAACGCCAGCAAACAAAGGCAGCCCACTACATCTGGAGCTAGTCGTATTAGTGGTAAGATTGTGTTGCATCCATGCCTGGACCCTTCCGGCGACGAGTTATACG,1568,49.55,Saccharomyces cerevisiae
SEQ_626003,TTAGCGGAGAATGCGACATCCGAATAAGACAGATTTACCACGAAGCATGGCGAAACTGGGAAGGCGACCTAATTCTCTTCTGGACAACGACATAGTTGTCTAAAGGTACTGCTATTGGTGGGATCACGTCTTATTCAACCGACATATATTTAACAGAGCCATCTCTTCATCGGCTTCGCGATATTGAGAGCCGAGACCAACAAGGACCCGATTTGTTGCATGGTCAGTACGTCGCACATCATGGACCCGTCCTCGCAAACAAATGTGTAGTTTAATGCATTAACATAGCGAGCAGGACTAATTCTCATCTCTCTCGG,317,46.06,Homo sapiens
SEQ_642111,AACATCCTCTACTTTTAGCAGCGCATTATAAGAGCTCCATGTCATGACATCAAGCCTAGAATGGTCACCCAGTCCTAGCATCGTCCGCTTCGCGCCGGATGCCTACATACATTCGCTCCTAGGTGAGGCCTGACCAATTCCCTACACATGACCCTTCACCTGAAGGGCGTAACTAATATCGATTTGGAGACTCATGCACTACGCCGGCCTCCCTGGAGGAATGATAGTTAAGCGCTATGGTGTTCTGGTCTTAGCAACTTGTATATGCCTCGCGAGCACACCCCAATTGCATAATTCCCTGTCTGTCAAGTTTTATAGGTGACACAACCCCCCCCGTTCCCGAATGATAGGTCGCAACTTCGCACAATTCGACGCGCGCCTGGTAGTGCACCAGATCGGACATTAGGACATGGGGCGGAGTCGAATATAAGTAAAGTCCGTCTACTATCCCTATAGAGCCGCGTTGCGCGTGAGACAATGCCAGCACACATCATATGCCGCCAAGAAGTCGGGTGCGGGACTCGGGTAATGTCCATCGGCAGGACCACCACGCCTGTGGCGTGTAACCTATCTGTCTTTGTGGGACAAGGGCTCATCAATCTCTAATTACGGGACTGGCGGAACGTCCCACGGAAGAAAGAACGCCTGAGTCTTCACGCGTACCGATGCGGCTCCCGCGGTGTTTTACCGTACACCAACGGGGTAAGCTGATTCGTGATATGCTGACAATCTTGATGACTAGGATAGGGTTTATTAGATACGCTGCTTCTGGTGTTCTAAAAGCTATAGGAATAGAGATACAGCCTAGCCGAGTCAAAGACCACGCGATACCACCTTTAAAGCGACAGGGTTCGTAGAGCTGTGTCCTTAAGAAGCGCCTGGGAACTTGTCAGTCAGATGGATTAGTAACAATCTTACTCTGGGAAAAAGGTAACCCCATGTTGGGGAGTGCCCATTCTTGCGCTTAGCCCTATGCCAATATAAGATCCTGGCCAGCAATGCCAGGGTTAGGTCTGCGAGTTTTCTAATCCTGATCTTGGAATGCGAACCCTATCAACTTACAAAAACAAGGGTTATGGTCTACAGCAGGCCGGTGCTTCAGTGGTCGGTTGCTGTGATGTATAAATCAT,1130,50.35,Caenorhabditis elegans
SEQ_242506,AGTCGCTGTTAGCACGGACACTCACGGAATCGCTTTCGCGTGTCCTTGGCCATTACTTGGGTATTCCAATGTGCAACACGGCGCTTGGGAATCTTTACCTATGACAGCGACGGTACACTGACCACGCATAGTGTTCCATCGGATAATTTCACCTATCCTGCGTGAAGCCATAACAACGCCACACCATTTAGTTGGTCTCCCAGGCCGTAGGTTCACCGTAACGCCCGGGAATGAGTCGGAGCCCAAGCAACATGTCTGAGCTCGTCAGAGGCTGGAGGCACCTGTTCTCACTCTCGTCCACGCCAGATGTTTTAGACATGCTTGAAGTCGCTTTCATGCTCCGATAGCCATTACTCCCTCAACGCACTTGCTCACAATTCGACCGTCTAGGACCTTCTCATCTTTGTGAGTGGTAACTAGTATTTGGAAGTAATCTCTTGTTAATTTCCTGGATCTGTTTATTGGTCGCAGCATCGTTAGTAATGTTCTTCATTGCGATCCGAGTCGTACCGCTGTGTCCAAGAGGCCCTGGGCCTCGTATCCAGACGCAATAACTGCGCCCTATCGTCTCTTCTGTCGAGGCTCACCTTAGCTTTGAACAGAGGTCTGCACCCGCAGGTTGAGTTACCGCTGTGTGCGCTGCGGAAACTTTCTCCAGACCGTGTAAACGTATGAGCGGAAACATAAATACTGCAAGTATCAACTGCAACCCACGGTCTAATCAAAGACGACCCTACCCTCCTCAAAGACAGCCTTGATCCACACGTCGTGAGATGCTTACCCGTGTTCATTCCAAACCTATTTGGCTATCTAGGTCCACTTTCTCACCGCGTGGTGGCGCTGGACGGGGCAACAGTTCCCTCCAGCATTCAGAAGTGTTGTGATATACACCCTGGGGCCGACGCTATTATCTACTGGTGAAACGAAGCCCCAAGAATTACAAAGCCAAGCCCGAGCTACCGTTAGCTAAACGCAAAGTCGATCAGATTACGCGAGCAGATGTTAATTACTCACGCACTGTTCTCCTTTGATCGGCGATGCTTCAAGTGCTTCGGACGCGAACAGAATGGGGCTGGGATGATAGCGAAGAGCCTGCCTGTCGCGCCTTTGCATGTTTAAGACATGTTTCAAATGTAAGAATCAGGTGAACTGCAGTTTTGCCCTAGGCAGCCGTGACCACGAGTCCAATCAGACTGGCTCTCCTACGCTTTCCAAGGTGTCACGACGTTTGTGTTATACTTCGTCGTCATAAAAGAATGATTTTGAATCTTGCCGTATCAGGAAATACAGTCCATCAAACAGAT,1304,49.92,Arabidopsis thaliana
SEQ_132667,AATGGTGCGTTTCCACGTGCGTGTGTCAGCTGACGCCCAGGAGTACCTCTTTTTGTAAAGCTATACCTTCCACTATGCTTGGATCCTCTTCTCACTACACATCAGGCCGAACCAATCCATGTAGCACCACGCCGTGACTTATTATACGGCAGTAGGGACATTGGCTCTAAGAAAACTTTTCGGGGACCCGCTTATGGTTCTACTTGATTGCCACCTATAGCCGTTCAGTGAGCCCATCATGTTTATCCTTGTCGGCTACCGAAGATGACGTAACGTATGCGACAGCGAGAGCCCCGGGTGTAAATTAATCCCCCTAGCGTATCAGTGCCAGAACAAACCCTATAACGTGACAGCTAACCATGTGAGGCAGTAGCGCCCAGTACCATTCGTCACCGAGATGAGAAAACGCTGTGACACCTTTCAAGTAAAGGATAAAGCCCCACACTGTTCCATTCCTTCGCCGGGGTCGCGGGGTGGCACTCAATTGTACGCTGTAATTTTAGTGTGTTACTGAATCTCTACCCCATGCACGGACCGGCATGGATTAAGAGCCCGATTGACCGGCCGCTACCCCTATGTATGAACAGTGATGGTCAGGGAAGATCGAGAGAAAACTTCACTTGGGACTACTCGTATATCCCGACGTCGGCTGTGCCCGACATATCAGACTGACTCGTACCGTGCGTAGTCCCGTAGCACTAGCCGTTGTATGCTGAGTGTAAAGGGGAGTATCTCAAATCGCGCATCATTCTTTCCGCCCGGCGAATTAGGACAGTGTCTCTTACTAAACTGTCCCTCAGAAAGAGGCAAGAAATCATAAGGTGAGAGGAGCTGATGCCGGTTACTATTCCCGTTTGTTCCCGAGCGGCGCAGTAAGCAGCATGCGAGGGGGCAGTCGGCATGCAGTATGCAATGGCCATGTAATATGTTCGCGCACGTTAGCTACAGCTAAATATCGAGCCTGACTCGGGCTCGTCCTATCGTTCGTGTCCCGAAACCGCATCATGACTTAGGTACGGGACCCGAGAACGCGCCATGAGACTCTTTAAAGCGTCATACTTCCCACGGCACCTACTTTATCGCGATTTTTGCACCTGGATGAGGGATGAAAAGCTTATGGCCATTACCCCTGTACAGCGGACGGTAAACCGTTTGCTACCTAGTTCCCAAGATTCCAGCGGGTCGCAATCCATCCTCTACATGGTCTTGGGTTATCATCTTCATTAATCTCTTGATGGGGACAGTTTGGTAGTGTCGAGCATTTTCACGCTCAAAGATACAGTACTCTTTCCAGCCTGGTAAGTAGTGAAAGGCCTTCTTCAAGGCATTACTTTCATGGTGTTCCGACCGTACCGACTCTAGAAGGCTTTGTCAGCACCAATGACAGACCAATCTATAAGCTTGGCAAGTGAGGAGCCCGCGTCATCTCATTTCA,1435,50.31,Saccharomyces cerevisiae
SEQ_752931,TGCAGACCCACCAGGCGACTTCCCACAGGTCCTTTCACCAAGGCCTGATTGTGAAGCATCTCAATGGGTATCACGACTTTTCCAGATCCGCTTCATATATTCGCTTGGCGTAGATCAACTGTTGGCGTCTTTAATGACCACTGCGCAGGCCTGCCTTGGGTGCCGACACTTTGCTGCTTAGGGTTAGACCATAGTAGAGGGATCCCAACCAAGTATGATGTCCAACGCTGTAGCGGTTCGCGAACGAATTAGAGTCGTACAGGCTAGTGTCGGGAGCACCTCACCCCTAATACTACGCTGGTTCGCACCTAAAGTAGTTACCTCTGAATTCGGTTTCGGGAAACCAGCGTGGGTCCAGAGTGTAAACTGCTTTTAGCCATATCCACACGCCTTCGTTCGGCTAATACAGAAGACATAGGTCTGGTAATGGACGGCTTCCTCGGACCCAATAAGCACCGAACAGTCGTCACTCTTCTACGCAACCACTTAGATCGGCTCTCGTGTTATGGATTATATAGGAAAATTTCATCCAGGCTTCGCATATGTGTCGATGGGAGGTCACCCCACTACAATCGCCAGTGTCTTAGTAGAACGATTCTAAAGGGGCACTTGCACTCGACGCAGACCTTCGGCGTAACCCACAACTCGATTGGACTATCTCCGGAAGGAACTTCCTATCCTGCAATATTAGTGCCGAGGCGCTCCAGAATCGTGTACATAGATTAAGCGACCGCGTTTCTACCTCGGTGCCCGACCATATGACTACCCCACTCCTGAAAGCAGTCAATAATCTCTGCTAGCCCGTCCTCACATGCAGCGAGTGAGCTACTTGATTACATGCTTAAGGTGGACTGGAGGCAGTGTTTTGTCAGTCTAATTTATATGAGAAGGATGAGACTCGCGCTAGACCTTAAACGGTATTTGGCCTCTGCGTGACATGATCCAACGGCGTCGATAGTATTCATAGATAACTTTATTACGTGCAAGATGGAAATTCCTAAACGCTCCCCAGCCAATGCGTCCAGTTCTGTCGGGATACCTCAGGTCCTGACACCTAGGGTGCAACTGAAGGGGATTAAGGCTCCAATGCGCAAACGAAAGTCAGATGGACGCTCTGGAAGTACGAGTCTACCCTGGTTCTCTATCGCCAGCAGATCGGAGGCTTAATGCGTAATTTGAAGAATGAGTGTGAACTCGCGCCGACGACAAGCCTCTACCCTCTCCCTTAATATGCTTCCTTGCTGTTTCGTCCTAAAGATACATACCCTCGGCACGGCTGTAAGTATTGTGTCGGCCCGCGCAGATCGATAGCCTTTGACGTTAAGCACTTACTCCAAAGAAGGTGATAGTCCCGCGTTGCTAACAGCCGATGGGAGCCCGTATTACATTTGTTATTTGACCGAATTCATTTGCCCGATGAGTCGTGGAATGTGGAATAAGAGCTTACCCGACGAGCTGTAAACAGCTCAGCTGTAACGGGGTTTTATGGCATATGATTAGAGCAAAGGCCAAAACTGTTTGTTTCTCCCCAGCAGCCTTTGGT,1543,49.58,Caenorhabditis elegans
SEQ_420374,TGGCTATTCGGCAACATAAAATATATCCTCGACGGTAAATACTCAGTGCTACCAATTCTAGGAGTTCGTGGTGCCTGTTGCATCCTCGCTCCTAACTATTATGCCTATCACGCTGAAGACTCGGCTCTCGTACTCGCACAACATCGCGTCGCCCGTGGGAGGTTTTCCAAAGGTAATACCCAGATGGATCTACTGTGAGCGTGTGGCTGCTCCATACATGTAGCCTACATACAAGGTCGTATCGTTTGACCAGGTACGATCACCCCCAAACGGGTCTTAACCCCAGGAATGTAGAGTGCGTGCCTCTCTCTAACGGATTAAAAGTTCAGGTAGCGACACCTCCAACCGTTCTACACCCGGGGTAAGCTCACGCGAAGCCGGGCGTCGGGAATCCCGCTATGCTGGCTGCACGTGCAACAGCTAATACAGTACATGACCCGCAGAAGCTCATCGCCATTAGATGCTGCAAACGAAGGGTCAAGTGGACTTGAGCGTTCGGCACCTAACCAGGCGATATTAGGAATGACCTAGCAGGGAGATCACGCCATGCCGAGCCTGTTAGTGTTTCATATAAGAGTAATTATGATGTGTAGGTCTCCATCACCTGAACACCCTGGTTCCTAATCTCCGCCGTCGAGCGCGGCACACGTGTAGGTTGGTCACACTAACTTGGGAGTTTGACACGTCCAAAGGTTCATTCCAGACGTGTGACTTATGCGTACCGCCACATAGCGAATTCCTCAGTCGCAATCACACTGCGCCCGCACAAGCGGACACCCGCCGGGGAACGGGTTCAGTTATAATTTCTGAACGAAGAGATTCATACGTTGGTAAGGGTAGGCCCCGTTAGACCTAGGTGCGCGTCAATCACGACTGGATTTAGATGTTTGCATAGGTTAATTTCCCCCTCGGGTCCGGAATATCCATTGAGCTTAGGGTCAAAATCAAGAGCTTATGGAGTCTAGCGCCCGTCCAAATCGACGCCAGGTTGGAAAACAGCCTGAGAAGGAAGGCATAGCACCGGGCGCGCCTACTTCTTGAATAGCTTTGCCCGCGGCGGAAGTGGGGACTCAATCGCCGGGCGGGACCTTCCATTAAGCTGTCCATAAGTGTGGACATTAAGATATAAGTCGCTAGAACCGAACCCGGGATTGTACCGCTGGGTAAACCTTGGAACGATTCTAATGCTAGGTAAACCACCGTTTTGGTATACCTAAGAATGTAACTGAAATAACACTGTAATCCAGAGTGCTAAACTTGCATTTCCTGTACCACGCGCTTTAAAATGCTCTCTTCCATGGTATACATAGACTTTTCCTAAGTTAAGATTTGCTGAATACTTTCCTTCTCCATTTCGCGTGTGTTATGTTGCCCTCGTTCCGTACCACCCGAGACACACT,1400,50.21,Caenorhabditis elegans
SEQ_925745,ATGATACGAGCCATCACTTGTCACATATACCACCTAAACCCTCCTACCAAGAAGTCGGCTTCATGTGAAACTATTTAGGACCGTAATGCATAGAATGCCACGGGATTCATCATATATATACCAATGACGCTATCCGAATGATAACCCGCAAGAGTGAGGTTACGGTCGTGCATTGTGTCCAAAATTTCTGACTGAAGACCGTCCCGGTTTAGTCTTCTCAGCACTGTGTCATTGGGGCCCCAACAGAGGATCGGCTGCTGATTCACCC,268,47.01,Escherichia coli
SEQ_692902,AGATCTATGTTCACAAACCCACCCTTCAAAGTTCACTAATAAACTGGAATTTTAGTCCTACGCTTGACCTGTGAGTAGACTCACAAAAAGCTAGCACCTAACCGTGGCTGACTATGTCCAAGGTAGTTTTAGATGTAGTTGTCTTGCTGCTTTGCAAGTGTATCGTAGGTGGTTAATTAACTATAGTATGGTGATCATATTGGAGCGCAAACAGGGTCCCGCGTTCATGTTGCTTCCAAATCCTGCGGACGCAGCAATTCATGTCCAGGAACTATGGGGTGCTCGGGAACGAGGGCGATCGTATACTCAATTGGCACTGAAAGTTTCAAGCGAAGGCGAGGCAACCCATCTCATAAAGTTTTTCTCTAGCGTCAGCTGGATACATCCCCGGACGACCAGATGACAGAATACATTAACAAATCAATTCATAACCCTTAAGTAATCCCGCCCTAGATCATCCCTAAGAACTGTGCTCGCCTTTCGTAACATTGGGCCTTTCACGTTGCCTAGACTTGCTATTATTAGCCATGCCATATTGCCGGCCATTATAGTTCACTCTCCTCAGGGTGACAGTTTTATCGTAATGGGTCGGCACGGCATAAAGTAATGGTTAAATCTCCCACATTCCGTATGGCCAAGTAACGTTAACACGGCGTTCGACAACTGCACTCTACTTTTAATCGGCAGACATTAATATGTACCTGTCTACATTATGTGGGCACAATGCCCGCACTATTGGAGTCGCGAAGATACCTTGTAATCAAGTGGACGACTTAGTCATATGCCATAGCGTTCGACTATTCTCCTAGGCTGCTTCATCGTCCTTATCCCTAATCAAAGAACCACCTCACTCCTGCATAGGGGACGCTCGTTCCGTCAAGAACAAGTGCTTAATAGTATCTTGATTGCTCTTATGACGAGAACCCTGTTATCTCCTAGAGTTGTATGTTACCAACGGATTAAGGACTCTGCTCATTGGTTCACGAGCAAATCATTACGCGGCGAACATCCCCTTACTGTACCGATCGAACTACAAGTCCTAACTGTTTGAGCCCGGACACCATAACTGCATACAACTCGCGAGTTAGTAGCATCAAGCTCTGCCAAATTTAGCTTCGATATTCGCGCTAGTCCATTAACACATAGGATATCGAGATTGGTAGGGGCCTCGGCTAGCGTTACTCGATATGACGCCCTATTGTAACCCTCCTCGAGGAGAATCTAAGATGGCTTCTCATAACTGCCCTTAAGGAGTTGAATAATCTAAAGTGCGTACGGACATATAGAAGTCGCATCACTTGGCGCAGGAAAGCGGAGGGCTCGGCACGTTACCGTCGCCGCAGGTTAGATATATAAGCCTTCGCTCGCCGGGACCCATGCTAGCCCGTTGCCGGATTAAGAGGTTCACTACAGGCTCGAAATCTACGATGCACGACGTGCATGTGATCGGTCTGTAGCGCAGGTGACCA,1469,46.9,Drosophila melanogaster
SEQ_918056,GACGAAGTTATTGTTGATTATGATAGCAGATGGAGTTCTACAATGAGAAACATCGGCAGTCAGGTAGACCTGAACGATATTACCTGTAATGCCTATGTAAGGTATCCTGACACGATGGGCGTTCGGTAGTTCGACCTACGTCAGTACAACCCTCCCGACGGGACGCGCGGCCAATCGGTTTTTTAGGACACCGCCTAGGGCTTCTCAGCTATCTATACCGGTTTTAGTCGGACAGCAGACGATTGTATGATCTGATCCACACCGAACACAGTATCATTAGGCGACAACATAGACAACCGAACGTCTCTCACGGAGGTTTCGCATTGTCATTGGGGACGGTGAGTGGGTAGAGCCGCTCTAATAATAAACAAGGAGCGTACACAGCCGGGACTTCTTTCTTTCCTGGGGCGTTGTCGTCTAATGGCCAGTTAACAGTTATGGCTCAGAGTATCGCGGCAAATAGGGCCACCGAGTTGGGTGCCTGGTTAACGAGCTTAAAAGTGATTCGTCCCAGCGGAGATGCAAGGCTCCCTTCCGATAGCACTAACCGCTGACCAAGCGATTTAGGTGGAGTTGCACTAGCGAGTGACTTTATGTAGTGGGAGGCGACCCGTAGCTCGATGCCCATTGCAGCCAGACATAGTACAAGGAACTACTTTGGGAAATATTCTAATGGAAAAGCGACTTAAGAATAGGGGGGGATACGCCCCCATACCGATAGAACCCACCAAGACGATTATTTGATCACTTCTCTTGTAGTATAACTCGAGGTGGTAAATGATATAACGAACGTGCCTATCCCGTGGTCGACGTAAACTTGAAAAGTGATAGAACATTATAAATTTTCGCACGTCCGAGAAATATAGTCAATTATCCGATTATAATGGAGTCGATGTACCTGAATCCCTAGTGACGGCGAGGCGCGCCCATTTTCCTTCTCTAGAGTCCTGTGGATTGTGGTGAACAATCAAGGTCGGGGGCAACTAGCGGAGAGCGAGACCGTTTGACTCTACGAGGGCATGACCCCGGGCAAGGTGTCCCTAACTTCGGACGTACGAGTACCTGTACACGTGAGGCATCCTAAAGCAATATCATCGTACTAGGGACGAATGTGCCATATTGCATCTCTGAGCAGTCCGCGAGGGCACGCCGGCACTGGCACCCCCTCAAGGCAACGATAGTATCCCCGCTATTTCCGTGGTCCAAGATAGACGACCCGCCCTTGTGCACATCCGTAGCTAGCCTTCAACTACGGAGAGGCCTGGCTTAACTTTGGTTGGACAAGTGCATCTACGTCTTGTCTAGATCGTCCAACCACCCGAACTAATACGGGCGAGAGTATCTCAACATCAAGCCGTTCAATAGTGTTGGGGTCTAGGTTTCATAAGGAGACAATTACTACAAGTAAGGGACAATGCTTATCACGCCCGCTCCGCGGGTGATGGCGTG,1449,49.97,Mus musculus
SEQ_216653,TACGTAGGAGAACGACGGTCCGTGTTGCTGGTCATATGTTATGTAAGTTGTCGCATTCTATACACCGTAACGTCCAATTCTATGCTCTGTCGCTTTACAGAGACCCTGTCTTGTGTAGTCTTTCGATGGCAATATATGGCGAGGGTCGTTGTAGTCGCTAATGAACAGACGTTATCCGGCTAAAGCCTTAACACGCCCGTTCTCCCTTGTGCACCACGAAAGTGATCTATTCGATAGGGCTAATCCGTCCTCTACGTCTCGTTTTCACGATGAGTATCTCGTGGCATCGGGAGGGGTTGGAACCAGCAAGTGCAATCTGGCCTACCATCCTAATCCGTGTGCACGGCTATTCGATCAGGTGATAGTGTGCTGCAAGCCTACACCCCGCGCAGATCACAGAAAATAAACGCCCCCCTTGAGTGGGTGGCTTGGCCGGCTAGTCATCACCAAGGGTTCCCTAAGTCCAATAATAGACGTACCTAGAACTGTGTTAGGTCATCCCACCCATTAGAATGTGGCGGCCTACTGTGAATCCGACCAAAAGGTGCGTTGATAAGACGCTCGACAACGGCTAGAATCGTTCCGATAGGCTGTCGTCTTTAAAGGCAGAAAGGTTAAGAATTCCGAATCGTACTACCCGTTTTGCGCAAGTCCCATGAAACATAGCAACTTTACAATAACGTAGATTGTGGTAACTTTACTGTTGCTAATCTCTCGGCATATGGCTGATTTCCTTGAGCAACTTGGGCCCTGGAAGAGGTCATAGAACGGAACACGCACGAATATAAAGCTGAGTACGTCGGTCACGGAAGTACTTGTGACCAAATTGATTCCTGATCCGAGAGAGCATCAGCGAGTTAGGATCACTATACTCGTTGGGGCATTCTTCTCCGCCTTGGTTAGTTAGAACAGGCTTGCCCCTAGGAACCCCCATATAGTACGCAATAACTAACAGCTGTACTCAACGGGCGTACGCGAGCGGCCCACTTGTCCAAGAGTCCGCCCAGCCTCTTCCGCGCAATTTACGCCTTTCTGCCGTAGACCCGTTACCATTTACCAGTTTAGCTACCAAGGGAGACCGACGTTGATCGTCCGTTCGTGTGATCTTTACTGCTAGTTAACGACCCGGGCTGCCAATTGAGAAGTCATAATTGTCAGGTGGATAGCCAGGTGCACATTGGTCACGAAGAGGGACGAAGCAACGACACACCATGGGACACGACCTTGCTTCGAATAGCGCCCGCGCGATGAGTCTCGGACGATCCCGCCTCCAACGGGCCAACCGCGGTATGTGTGTTTGTTTGAATTCACAGTTTGATACCAGCAGTCGGAGTTCGGTAGGGCTCGCCAGGTCAGCCCTGATCCGGACCAGGGCTTAAAAAGGCGGACAAAGAAGAACCCGTACGCCTAGAGACGAACTCGGACTCTCAAAAGAGGCGACACGGATTACCTGGGCTGCGGAGGTCCCCAGATTACGCCACGTTGTAACGGTAGCTGGAGGGGGAACAAAACTGAGGAAGCACAAGCCAAGTCGGTGGCGGCGCCACGTATCCAGAGTCCGTATCCTAGGATAGCTCGCTACTACTGTGGTACGGCATACAGCTTATGTGACCGGCCTGACGTTCCTGGATCATGAACGGCATAACGTGTGATCCACTTGCACCTCATCTTCGCGCCCATTCGGTGTTTGTCCGTGTGATGAAGCTTTATTAACCTCATCTGTGTCATGGCTAACTGGAAGATGAGTAAGAACCATGTTATTCTTTCG,1768,51.07,Drosophila melanogaster
SEQ_276315,GAGTTAGCATAGTGCTTAGGGATCTCCCATAGGTACTTGCATACGGGAAGGGTCTGGCACCAAATCAATTGGAAGTTGGCACCGCTCATCCATGGGGTCCCAGGAGGTTGTAATAATGTATCAGCCTATTACTTCTCTGTTGTGAAGTAGGCCCCGAGGGCTCTAAAACTGGCTTTTGTACATTGTCCACGGAGCGACCAGCTTAAACGCCGTAGTTTCTACTGCTTATTAATCTATTCAGAAACGGACGTCGTGCACTTTACAGGTTTGTACCTCAGGGATAAAGGTTACAAATAGTACGTGGTGAAGTCAAGCATCTAGAAGCCTGGCGCTCCGACTTCGATCCGCGAAGTGCCGCAAAGTCGAGGATCCCTTCCACGGACGGGGCCCTAGAAGAATATACTTGGAAGGACGGTCTCGCTAAACTACACCGTTAAAGGCTAACACCTCATTAGTTCGGCAACACGTCTTCGAGAAATACTATATTCGTATCTTTTCTCGCAGACGAGGCTTCGTCGGAGGCTCTTTCCCCTGTACCCTAAGGTGATTGATCCATGGGAACTTCAACCCGAGAATGTCGTGAGGGCCATACCCTCTGATGATTCATTAGACTATTGGGCTCTGGGCGCAGATCGACCGAGTAGAGTTGTGGAACCGGTTTCTGTTAGACTGCCCCGAAATCCTACTGATGCTTGTATAGTACCGAAACCGTCTCTTTATGACAGCGCGGGTCAGCATTAGGATGTCTTGGATATCCCGTAGGGATCCGGTACCCCAGAAGGAACGCCGCACCCGGCCACGAATATGTGCCAGGAGCGACTCGCCAATACTGACGACGGGATTCAGTTGAGTACGAGCTAGGTCTCTCATTGAACAATACGGTCACTTTCTACTTTGTATGAGGGAACTCCAAATTATTTTAGCGTATGAACTGCATCAGATAGACTCCTTTGGCATCAACGGGGTTTCGACCCCAGGCTAAGGACTGTTTTCTATCATACTACTTCGTGGTTCTCAATGGGGTCCGCGTTTTGTGCTGCGGATGTGATAAAGATTTATTTAGAAACACCTATCCCCTCCTAAGATGGAGCCACATCACACTAGATGTAAACAGCTTATCGCCTCCCATGGAGACGGGAAGGTTTAGGATTCCGCAATAGTGGTTGAACGATCTTACTCACATCAGAGCGGTGGCACAGGTATTCAGAGCTTCGTAAGGGAGTCCCACTCTTTTGGGAGCTGCTCATAGCGGTGAGAGCCCTCATAATTTGTGCCCGGAGTCGTTCACAGCGTACCGTGACACCTGGAGATTTCTTAGATGGACATCGAAAGGGAGACACGCGTATAGGCTTCCGAAAGGTCTTTAATGCGGTGTTCACGCGGCAGGATAAAAAGGGTTCGCTCTAGAACTTGAATTTCCATTACTTTCCCGGTCACAACTTTTTCCTTCGCACCTAGCCCGGGACTCGGATGGAACCCTTCTCTCTAATAGAGGTGAGTTTACAGGACAGGAATTGCGTGATGAGACGCGAAATTTCCGTAGCCGGAGCACTATCTTACCTGGTGGAACTAAACGATGGCTCTGTGTAAAGGTAGATGGGATACCACCTGGAAACTAACCCGGTCCCATAGAGCACTCCCAAGACAAAGGTATAGGGTGAC,1662,49.16,Escherichia coli
SEQ_413225,AGCGCGTTTGGGGACCTTAGGTCATAGGTATTGAAGACGCGGAGAAGCCGCTACTCGGCTATTCTGCCAGGAATATTTTCTATCCATAGTGGCTGCTGATGGGAATAGAATAGGGCAGCTCCGGATCCCCGTCTCGATGAGGGGCAAAGCCTAGAGAATCGGTTCCTTGTACACTCCGGTGCAACTGGGTTGTTCCAGAACCTTGCGCAGAATTGGAACCGTGGCTCTATAGGTCTTAGCGATATACCCACGAACGCTCCCGAGTTACTGGAGCGGGCAGGAGCTTCTAGCGCTACTCTGATGTATTAGTCCTCAATTTGCGACTCTGCTGATTTCAAGTCTTGGTTAGTTAGGGGGGCAAAGCGGCTAGGTTATGTGCCCCAAAGATGTTAATTCTGAAGAGCTGAGTCGGTGACTTGAACAAGAACGTGCAGGTGAACAGCCAACGTACTTTAGGTAGGTGAGCTCGCGTCCCACGCTTGTCAGTCTCATCTAGCGTCTGATACTAATCCGCTGACATTCCCCCTCTCTGGACAGTCTTTTAGGCACTTCACGTGTGCAATCCACTCCAATTGCCACTATGTATAGATTCCATTTTACATCATGAGTAGCTCGCCCTGGGTTCTAAGCGGCAGGATTCTAATTACACGAAGCGTATTCCTTGTCCTCAAATGTTAATACTCTGTCACGAAGTGTACAGGGAAGAGCGCCAGTTTTCGAGGTATGAGCTCCTATAGCTAAACCTTCTCTTGCTCGCCGCAAGGGTTCACAGAGTATGAAAGGAAACGGTTCTGGGCCTCCGCACACCGAGCGTTTACCAGAAGAGCATCCCTTTTATACGGGATTTGATCATCTTAGCACTCGTTGCAACTAACTGGTAGTCTCAAAAACTAGTGGGGTTTTCCGCGTTCTGGCCATATTCTCAAATAATCCGCCGAACTTATGGATTCTCGCGCACATAGGGGTCTGGAGTTTGAACCAATGGAGAATGCATGGCAATTAAACATCAGATACCCCGTTCGTGGAAAAACGCCGGTATTAATCATGTGCCGCTCTGGATTGAGGATAACCCGGATTAGAGTAGATCACGCTGTAATGCTAGTGTACCACCGCAAAGTATAATTATCCTTTGTGACCGTGCACTCAAACTTAACCCCGGTCGCACAGTTAGAAGCGCCACTCACAGGTTAGCGCAACTCATGGAAGTAACCCGCCCGAGAGAACACAAAAACGATCATTTCTGTTTGCCGAGGAGTACAGAAGGCGGTGCACGTACGAGTAGCCAGGGACTACGTTTGCCACCACACAATTGGCTTGGGTCTTAGGACTAAATGACCCTTATACCTCTCGAACTTGCGACTATTGTACTCTTCTAACGTAATTATGATAAGTAGACCCGCACGGAAAGTGGGATCTCCACGAGCCGCGCTAAATCAGTCCTTGCGATCTAGACTTGTCAGTCTCCAATGAGACTGGATAGTTCAGCCGCTTCGAGACAATCCAGGGTGCCTAGTACGCAGAGGAAAATGTTACCGAGGGCAATACACGTAACGGGGCGTTAAGTGGGCAGATTTTTCACTGATGCCAACTGCGGTAGGCAGTCTCGCAATATGCGCCGGCGCTACGGAACAAGTCTCTTAGGCGGGTAGTAGTATAATGTAATTCAAGTCCAAAGAATCACAACGGCTGAGCTGCACACAAAGGGTGCTTGACA,1714,49.12,Saccharomyces cerevisiae
SEQ_192825,GCGTCGTCTTGTCAGGTGGCTGACTAGCTTCAAGCCTTCTTCTTCTTGAAAGCATAGAGCTGAGATGATGCTGACTTCCTCCAGGTCCAGTGTATACAAATCACCCGATGCTCACTCTTGTCCCTGGGTAGAACTGGGCTTAGTCTTGACAAGAGACCCCAGGTCTCCAAGCGAGACTGGCACGGTATATTGGGTCTCGGTCTCCACGCCGTAAGTGATATTTCAATGGCTGATGGGCATGCCGGCTGCCATAAGTGTTCACCTGTGTCCCCGTAGCAAAACTTGGGATACCTTTACTTGCTGCTAATCGCGCGTCTCGCACATTTAGAATAACTTCGCAAAGAACGCATTCTTCCCGGCGCTTCCCATGGTGGCTTATACGGCCTTCGGATTTGCAAGAGGCGATACAAACTGGATCATTCACCTCTATCGGAAAATGCAAGACGCGCAGCACATGTCGGAACGCTCTGAAACGGCCACGAAGAAAGATATGGATTCCCGAGAGTGTAAATTAACATCGCTCCAGAGACCCGCTGGGTTTGCATGCCGACTCGGAATAAGAGGTGCGCACGTTGATGAATCTATTGGCAGCGCGCGTATGTATCACACGCCCGAATGGGAGAACGCGGATAAGTTGGCCGCCGCATAATTTGAGCCACGGAGACACAATGTGATCTTTAGTACTGCCGTATTCTTTTAAGAATAGACTCAAATGGTACGACGGTTGCGCGGCGCGAAGCGGTGTGGACCTCGCACTAGAGCTTCCCCTAGCACCGTCATCTGTAGAGTTCCCAGCCCGCCTATAAAGAGGTTCCGCCATCGATACTCTGGCACGGAGATGCTTTATCCCGTAAAAGCCTATACCTGTCTATACATTATTTGTAAACCACACGGCCCGTTCAGACATAGAGTTCTATCACGCGTACAAATTTAGGAACTAGATTACAATAATGGCGGATCGCATCCGTCGACACGAACGAATTTCCCCCTCTGTATTACAGACGCAGAGGGTCTCGCTGCATGCAGCCGTCACTCACCGAGGGAAGACTGCTATGGAGGCATTCTCCCTGATATATGGCTCGGGTTCAGGATACTTTGGTCCTGGAGATGTGAACCTTTGATGCAGCCATAACGAGGTAATGGGCTCAGAGTTTCACGTGTCATCCGTACCTACAGCCGGGCCGTGTCGTCGCATAAGCGCGATTCTACTATGCCAATGTACAGAGATGATAAGGTATGTCTACAAACTGATTCAAAGTACTACTTGACGAAGCCTATACGGCTTTCCCTGCGGGGAAAAGTCAGATAGCGGTCGGACAGAGGCTTACCTATACAGCGGAGAAGGTGCGAGACAAATCACCATTTACCCCTCCAATACGCTCAGGGCCTCGGCAATAGACCCAGCTTAGACTACACACTGGAACCTTTCGGTCTTGCGTTTAAACCAACAGGTGGCACGCCTCGCAGTAACAGCCTATCGCGTGAGCTCTACTCCACACCGTCCTACTATGTTCGAGTGTACGTCAAAATAATTTAGGCCGACGGGACCCCTCCGAGGGTATTCATGCATATGATCGACCCGAGAAGTCACTGGGTGTGGTTATTCAAAAGAGTTCAGCTATTCCGACAGACTCTCTGATCAGGCTCGCTCGTCTATTATAAAAAGTCACTGCGTCATTTTCAAATGCTAACAAAACGGGTATTTCCACAACGACACGTCTCTGAGGGTGGCAGTGCGACCAGATCGTCGAAGCGAACACTAAGGTAACGGGAGGTGCAAGCACATTGTGGATAGAAATCTTACGGACG,1809,50.36,Drosophila melanogaster
SEQ_132442,CAACACAAGCGGGTCTGTAGGCAGGGTCCTCCCATCTTTCCTCCGATTGTACGACCTGCATGAACCGCTTGGCCATCTCGGCGAGTCTCTATACCTACGAACCGCAGTCTGGTGCGGGTGCTAGAAGGACGGAATACTCGTAGATAGTCTTCCGATCGAGATCCCCTATGAATATTTATGACAGTCATCATTCGCAGAATTAGAAGATCAACTTTAAACAAAGTCGCCCTACACCGTAGTCCCCCGTTGGATAAACAGTCATCAACCCGAGAAAAGTGTCTGTGCACCGAACACCGAACGCGCGGATACATCGCCTAGTACCCTTGCCGACTCTCTAGATTTGTTTCCACTTTACTTCCTACCGTACCACGCAGTAAACTTTTATCCGACAGGATGGGAGTAGAGTTGGCTGCGAACATGAAGAGCCCGACATTTTCTAACAAGCCAATGGCCCGCGAACAGCAAAGGTTCAGTTCTTTTCACGGCACGGTTATGACAAACAATGATAAGGCCTTACCTTTCTGGCTCTTCGCGCAGATCTGATGAGGCATTGTAGCTAGCTGGATTACGCCTTTCATCCGACATTAAAGAGAGCCCGTTTCACCTAGAACGGAGTCTCTAAGGAGTGCGAGGCAGTAACGTCGGGTAGAGGGGTGCGGTCAGTCGAAGTCGTCACCACGATCAGCGCACCGAGGTCGAGTGGTCTTAGGAGTCTGTGATGCATGTCTGTAGACGCCTCCGGACTTCAGTGGTGAGTGACATTCCCTGTACTTGCAAAGCGTCTTGCGCTCCTTGCAAACAAAACGCAATCCTGTTCAATTTCCTCACTTAGCGCTCGTATGTTCGCAACGAATGTCGGACTGCCTCTCAATTCTAGCACAGCGATAAGATGGTGAGTGAGACTATAGGATACCAAAAGTCGGCTGCGATCAGTATCCAAAGAACTGCTTATTGTAACGGGTCCCGCTTAGCGAAAAAAAAGCTCTCGTGAGGACTTATACTGTGAACAAGTTTAACGGTTTAGCATAGGCCCGCGACGCACCTTCGAATGTTGTTAATTAGCGGGTCTCTCTGGATAGGTCGGCAGCCAAAGCCAACGTAGTGCAACCGTCCATACGAGGCACACGTACCTGTTAAACCGATGGTGAACCCGTGCAGCAATCCGGGTGCGGAATACTAGACGCCTTTAGTAATGCTGCAGGGAATACTGGTCATATCGCCTGTGTGCATACGCACGAAGCGCGCTTGCCTTACCACACGTCTTACTATACCTGGTAGTAGAGTTCCTGAATGACGTATCTCGATCGCAAGCGGTTAATAACCCTGGTCATACACGTGTCGCGATTGTCCACACCGACACGTCTAGCCGTTATGCCGAACTTCGGACGCATGGACCGCTAGCTCTGTTTAAGCGTGGATCACTAATGATGGCGTAAGATGTCCGCCTGCTAGTCACCTCGCATCGGGCCCCGAATGAGGGCCAACAGTGGTTTTTAACCTATGTAGCTGAATACTAAGCAACCTTCCGAGGCAGCGTTATTGATCTTCTCGCAGATCTGGGCGAAATCATTTCCAACAGTTTACACCGTACTGGCACGTAAAGCGTTGGGCACTAATACCTCGAATGTTGGAGCGGCGAGCGTTTCGCCGTCTGAGGAGGTGAAGGACCGGGAACTGACCGGAGGGATCACTACAGAATATAATACTTATGCAGCAATGAAGATGTAGTTTACGACGATTCATAGGGTTTATGAAGTGAGTCCAGGTGGCTCTGCGGACCCATACACCTGCACGATCCCCCTAGTGGAAATGTAGCCCGGGGGTTAGACGACCTTTACTACATTTAAGGCGAGATACTCACACCTTGGTGAACGATTACGGGAATCTGAAGGAACCCTTAGTG,1903,50.34,Mus musculus
SEQ_798930,GGTGGTGCGACAGTTGTCATATTGACATGCCCGGTAGAGGCGAGTGCGAAGTTGATCCAGTATAACGTGGATATTATCGCCAGTGGTCGATTCCCCTATCCTTAGAATGAGAGTTATTACTATTGGCGGCCTAAACATAAAAATTTCTGTTTTGCTGAGTGGGTGACGAGACGTTCCAGATGTCATCATCCGGTTGCCATATCGAACGATCTCCCACACGCCACATGGTAGGAAATTCTGGGGTTTTTAGAAAAAGGACGTTGCGAGACCTATACGTTGGCTGTTGCCCTGACACCCCCAGGGGGGGGACTATCTACCGCTGGAAGTTTCAAAAGATAAGGACTTAGAGCAGTTCTTGCTTGTGTAGTAAACCCGGTTACCCGGCCCTTTATGAATCTAGGACTTAAGATGGCACGGATTGAGGTAACGCCTGCCGTGTATCGAATAAGGACGACAGAGATACTCACTTTTCGTGTCATGGATAAGCATGCATGAAAAGTGGAGTATCTGTTATTTCTGTTGAGCTAACGACACGACGCCGAGACGCCATGCTTAGATTGAACACCTTGACGCATCATCAATTGAGTTTAATCCGTATTTACCACAAACAAAACAAACAGTGTGCCAGCGCTCGTAAGAATTATAAAGGCACAATGTTACGAGACCCTGTCGCATGATTCGGTGCCAACGTTGACTAGTATATAGACGATTAAGTGAGGAATCCAAAGGCCCGCTCTTGCTCATGGCGTGGGATACTTCAACACAGTCAATAAATTCGACTAATAAGGTGTGGGACGAGCTCCCATCGCCCAGGATGTGTGTTATCGCATGGAACCAAGCGAGTAAAAATCCGTAATGTCGGTCAGGTCTTGAAGCACGGCTGATAATGCGCCCAATGATTGAGGTGCGGAGGCTTTGACCAGACCAAAAGGTCGTCCATTTGAGAGTCTACGTGAACACACAGAAATAGGTCGTTAGAGAGTGGCTGGCCCTACATTACAGAACGCGTAGATATACATTCTTGAAAGCGCGAGCGCTCATGGGAAGCCGCTAACGACCAAGAGTGGTCCTCCATGGTGTACCCTATTCGACCGGCCGTGGCTAAGCGCGGGTATAATGTCGATAAGGTCAGTCACTTTGATGGCTCTAGACGTTAA,1157,47.71,Saccharomyces cerevisiae
SEQ_739377,TCGACTTAATTGGATTAGTTCCAAAACATTTTTAGTCACCATAAGCAGGGACTGCCTCAAAGGGCACGAGGGCTTCTTCCTGTCGAGGACGAGTTTAGGCTTATGATCCTCCCTGTTGTGAGCATCACTGGGCGGCGCAGCGGAAGGGCACCGGAACTAACGATGGTCGTAGCCAATATCACGTCGTACACTGTCAGGTCTCAAAGCCTGCAGGTGCCGTTGGAAGGACCACTATACGGTCGGTCCAGGCTATGGGCATGCGGTTGGACCAACGCAGATTAGCAGACAGTTATCCGCTCGGATACGGCAGCTCATCGATTTCCATGTAGTACAGGTTGATATTCTGGTCAAGAACGAATGGCCGCTGCAAGGGCCGTCGTGGGCAACAATATAAGTATAAATTACGGGGAGTGCGTTCCAAATACATATGTGCACAGAAAAACTTATCGAGACGTCGTCCGCCATCTCCACGAGTGCCAAATCGGATGGCTCTTGAACGGTATTCTGTGCGGCAAGGCTGAGAGATGACGTGTGACAACATACCAGAGTGTTGATAGCTTGGGTCGTGTCGGCATTTAAAATTCCAACGTAGGGTTAGCAGTGGCATGTCGCGTACGCGTCGTTATACCGCACAAAAGGACAATCATCGTACACCCAACCTATCTATATAAATCCCGGTTTGTGACTCAACCGTTATGTAAGTGTTGTCATTAATCCAACTTTGCACACCGGACAGGGTGCGATCCCCCATTAACCTTGCCGACATGTGGACGGCCTTACGTAAGGTCTTCAACGGCGAATTAGACTCACTTTGAGTACATCGTTTGCCTCATGTGCGGATCTCTCTAAAGATCCTTAACCAGCACAGGATGGGTGAGGCTAGGCTGCAGTATTCCAGCTTCTCAGCTCATGAATATCTTTTATTACTGGATCTCTAAATGCTGAACCGGATATAGATTATAAAACTGCGCGCTTTTAGTCATATTTTTAGAATGCGAGCGGGTACTCACTCGCTCACTACTGGGATCTACATACTAAGGGATAGCGCAGGGCCACACCGTCGAAAAGACCGGGATATGCATGACTATGATGTTGACGACATTCACGCGCCGATATCGTGGAACGTCTGTATCAACGGAGCCTATGGGGTGCCTGCCTCGTGTTCGCTCGGGCTTCGGGTGTGCGTGAGACACTCGGAACAATAAAATAGTATTGGGATAGAGCTCGCTCGGGCCTAAGGGAGCCATACTGCGCCGCACAGCAGTTCTGTGGTGAGTGTTTGCACGCACCATCTCTTGCAATCTCCCTCCGGAGCTCCACCTAACCTGCGGCGCCCAACGGTTTCGCGTATGAGACAGTCCGCGGCTGACAATTCCCGACCCGCCGAAGTAATAGCTCCCTAGCAATAATTCACTTATCTCGAGGTACCGTTAATAAGCCCAAAGACTCAGTTCTTGGGACAGAGGTACGTGGAAGTCTGTACTTTGCAATCATCAAGCGTATAGGCCAAGCTAAGGATTAAAACTGGTTCAAATTACACTTAGAATCCATGACAGGTGTTATCAAACTGTTTGAAACACCTCTGAGTATATCGGGGGCGTATGCGAGCTCATTCTTCACCAAAAAACTATCGGGCTTTGGAGTCTATGAGGTGCATGGTAGCACCAGTAGACGGCCCTGACGACGTACCTGACAGGCATATCTACAACAACTGGAATAATATAATGGATACTCGGCGCATTCAAGGTTGTGCACAAGGATTCCATTACACGTATCGGCACCCAGAGAAATAGGGATCGGGACCCTAAATACGATCCATTCTCCGCTTGCGCGGATCGTCGAGTTGCGACGGGGACCCAGTGATCTAACCGATGCGGGCCTTTTGGATCTTGTATA,1896,49.63,Mus musculus
SEQ_480119,ATAGTGGAGTTTGTTAAACGCGTTCTTCGCCTATTACGGGTGGATTCCCTCATAAAAGTACGGTACACTTTTATGCCCCATAGGGTTACGGCATTGGCATAAATGATCAGGAGACGGAGATCATGCAGCAAGCCCAGCTTTGTCAGACTTACTCCAAACGTCCTAAGATCTGCGTATTATAGCGACATAGCTGGTGACGCGTACGGAGCTCGAATTTCCGGTTAATCCTCCCATAATGCGCACCCCAACATCGGGTGGTGTATGTTGAGGCCCTGTGGAATACTAACTGACACTCTATTTACCCGCATCGGATAAACCTAAGCAGACTGCATCAACAGCCTGTAAGCTCCAAGTAGTGATAGCATGTTGGGACGCGTTTCCGTCAGAATTGCCTAAGGAAATGCATCCTAGAAGAAATGGTATCTCGCGACACAACGCCCACTACCAAGTATTATGATTCTGTTTCTACCTGTGACCGACGGTGTGTGGGATTCTGAGATTCCTACGTTTCGGAAGTATGCCGATGGCAGCCCTTACCCTACACCCTGAAAAGAGTGATCGGGCCGAGGCTATCAGGTCAAGCTTGGAGGACCTGGCATGGCGGTTGTTCCATCAAATCATTAAGTTCTCACGGTCCAACGTGACGGCAACCGAGGAAATTAAAGGTGACTTCGCTGGCAGCAAACGCCAGTCCCGAGCACGCGCGAACCTTCTTCTCGGCGCGGTTGGAGAATGACTACCGGCCCCGCACAACACAAAGAACATTACGGTAAGGCCGGATGCATACATGTAGACAGCTTTGACTATACAAGCCCGCACTGCCGATTCCCTCCTCTCCATTGTCAGCTAAGGGGTCACTATACCGGCCACTCCCCGATGCGATGACCACGTCAGCAATCAAAATTTCGTGACTATTGATTATCAGGCGTGTGGTGAATCCAGGATTCACACGTGCCCCGACGCTTGGCGGGAGGGCAACTTGTAGTGTGGATTCCAAGGCACAAGTGATTTGTCGGATAGATATGTGATAGGGTAGTATCCCAAATAATAGATAACAGTCCGGAATTCTTTCGGCACTTTGCAGACCTCCACTCAAATCTCCTGGCCTTACGACGCTTTGATAACCCCATCCTATGTAACAATCAGTGAACAGTAACGCGCAGGCTGCTCGTGTAGGGGAGAGGCTATAGTTCGCGGTAAATAGTATGTTGAGGCGGTTGTGGGGTTCGCGCTGCACCTTCCTCGCCGCAAGTTTGGGCAGGCGCGCCCCTCAGTTATGGACGTCGGCTTCAGACGATTCGGAGATCCTTTGGCGAATAGACTAAGTAGT,1330,50.6,Arabidopsis thaliana
SEQ_502090,CTCCATGGTGTTTGGTGCAAGCAGCATAGGTTGGCTGCGTGTGCCTTTCTTGCCAGAATAAGCGTAGCAATCCAAACCATCTAGGTTTCAAGAGGCTGACTACATTTGTGTGATTCCAGCCGCCGTTAGAGAGTAGACATTGATGTCACGTATTCTAGATAGTCCGAATTTGAATCGTATTCCATAAGGACTGAGTTAAAAAGTAACGACGAGAACTACCCACCCCCACTCCATTCAGCGACCTGCACGCTTATTATCCGGGAACGCCAGAGGGATTCTCACGCGAACGACGGGTAATTGATAGCATCCAAAGCTCTGGTTAGGGCCTAGATTACGCATTACGAAACCCTAAGCCGCCTGGACCCTTTAGCTAGTACAACCGTACACGCCCAGCCGACCCTTTCACGGTTAGTTGATTAGCGTTCGAAGGATGTTAGAGCCAGAGATTAACTTTGCAACGTTTAGCAAAGGCAGCTATTAGGCGCCAGAGTGGGCGACGAGTAGGGCAGTACGGCTGCCTACTACCGACGTGCGGAAACTAAACAACCATCACTGGACAGCTAGACTACAGTATCGGGAATAATACTCCCAGTGGCGATCTGCCACAATCCCTTCGGCGTTACCATCGCCCCGCCAAAGCATCAAACAACGCTGCTTTGAAATCGCGGCGTGTCAAAGTGAACCATGAGAGTACATAATCACGGTAGTTTGGTCTTACGGCCAGTGCTACGGTTCAGGATGGTCACTACCAATAGCGTTAATATGGGCGATCATATCGCACTGCCTAAAACAGTGGGACCACAAGGGCAGATCCGGTACGAGAGTTAAATATGGGTTATTAGAGGGTAGACTCTATTTTGCCAGGACCAGAACAATCTATCCTTTGCAAAAGGTGTGCATGAGATCCGTCTCCACGGGCACCAGCGAAATCTACGCAAGGCCCCGATCAGGGGGAGCGGTTATTGTTAGCTTCCGGGAGCCCCAAATGCTTCTCTATATTTCATCCGGCTATTTTTGATATCCGTGTATTCGCGGCCACAATGGGTTTGCATCTGATCCAATGCATCCAACTAATACATAGACGTCTAAGGCACGCAGTCTCGACTGAAGCGTGCGCTTCAGCATCATGCTGTGAACCGAGCTATCGATCCCGGAAAAACAATCCGTCGACCGTTCTAACGGCAAGCGTTAAAGGGCGTACTCCCCAGTCAATATAAAAGCCTGTTATAAACTCCGAAATGTCCTCCACAGTACTTATATCAAGTCGGTCCCCGAGTGCCCCTCGTATGACCCAGGAGGATACTGGGCGTGTATGGACTATCCCAGGAGCACTGTTGCAGCGAATACCCTCGCGCAACTGCAACCACCTCTCCATGCATACATTTTGTAACCACGACGGTCAAGTTATCGTGTCGTTCAGGACTGAACACTCAACATTGACGTTACTTCGACTTATCCCCCCTCATCCACTCATATGGACATCTCCAAAGGTCCAGATGTGCAATCTTCATTCCAGTTGACGCTACGTTACAATAC,1536,49.41,Arabidopsis thaliana
SEQ_377002,TGTATTCAGGCCATTCGAAGCAAAAGTTCCCGAACCTCCATGCCTCGCGATGACACAGCCGTGGGAACGACTAGCAGGATACTTTGGTAATAAATGCGGGTTTCCTGACAGATCGCCACGCAAATGCGTCCGACCGTCGTAGGGGGGCTCACTGGCACTGGCTTATGGACTCCCGTAGCGGGTCGGATACCAACCGATCCCTACCTCGCGGCTGCTCCGTCCGCGCGCCGATTCCGTAGATCTAAGGTGTGTGCGGCATCCCCGACACGTCGCAGCACCGTACTGAGGAATCTCATTCTATGAAGGCTGTGTTCCGGCGCTGAGGAAGCAGTCACACGGATGTTGGTTCAGGGTTCACCCGGTAACTTGTCACCGGATGTTTTTCTTCAGTTCCGCTTTCGGATACTTAACTGCAGGTCTTTTATGGCTGCTCAAGTTCGGATTAAGACGAGTCGATCTGTTCGCTCGATGCATTCGAGTCTATTCGATCGTGGCAGTACTATCGGACTTCGGCGCGCGAACATTTAGAGGCACTATAGTCAGTAGAGATGTATCGTGCCTGCGGCGAAGGAACCCTGTGGTGTGAACGGTCCATACGCCAAAACTTGTCCACAGCCCAGCTTT,624,54.33,Mus musculus
SEQ_373188,ATCATCACATACGGTAGACACTATATCAGAACGCCGAAAAATGTAGCTCGCGAGGGTATCTTCCGATGGTTTGCATGGAACCCTGGCAAATACCAAATCCCCTACTCGCAGCCGCCCGGCTAAATCTGTCCGGTATAATGTACAACCCCGCGAGTTATACTAACCATAGACCATTCATTTTCACACATTGCGATAAAAGGGTGTCGGGCGTTCGGGGTGATTTCCTCTCACCCTTGAGATCTCATGAGGGGGATAATACAGTTAAGATCAGGCCGCGGTTACCGAATAGAAACGCTCGGGGAGTGTAAGACGCATTGGCTGCGGTGCGATAAGGCCGAACTGATTCAGAATTATTCACTGGAACTATACGAAATGCTGGCGAAAATAGGCGTTCTTACTTGAGCACACAGCGTAACGTTATCGAAGGAAGAAACTCACAATGGGCCGTTAACCAAGGAGTGGAGCACAACGAGGAACATACGAAGCGACACAAGGAACGTGTGGTGCGCTTCGGGACTTGAGAACTCTTACGGCATAGCAGATAGATCACGCTTATCTATACCGAAACACGTCATCTGTGTATAACGTCGGATGTCTTACAGCCATGGGTCAAAGTAGTTTCCCAAATTATCTGTCACAGCTCGTCACTCGTCGTTGCGACGGTCGGACATCGAATACCTTTCTATCAGTTCGGGCAGACTCATCGAATGCCGCTCAGCTCGCACGTCCGAAACGTGATTAGCCATTCATGATGATGATAGTCTAAAGATGTCGGGCACATCAATTCTTG,790,48.23,Caenorhabditis elegans
SEQ_834264,CGGACAGGCTGAGATCAGGGCTGTAAGGCCAGCGGTCCGAAACAGACCAAGAGCGTCGGTGATTGACAAGATGTACAAGCTGCTCTCTAACCAGGAATGACGCTGCACCTGTAAGAGGCTTATCGCCCGTCGTGGGGTGCTCGGCATCACCTGGCACATAAACAGCGGACTAGGCCTCGCTGGAGGACCGGAATGGGGGTAGTAGAACTATTCTCAGCGCACTGGCTTGCGGGTAACAGCTTCAGCATAAACGGTCCCCATTGGGAAAGGGCGGGGAG,278,57.55,Drosophila melanogaster
SEQ_792429,GGAACGACGCGCCTTTGGAATGGTTAGTGTGGATGGGGCAGATCCATTCATAGCCTCCCGCTTGAACCGAATACTTGTGGACCGGAGCGATGCCCTTCCACAAGCGCTCAGCTAATGGTGTTTAGGATTAACGCCCTGGTGTTGGGGCCCAGCGACGAAAACCCGAAATGTCAGGACGCGAGCGGCCGCCCTTGATGGACTTTAGTGTCCACGCCACGACTACTTGACTTCTACGTAATAAACCTTAAAGCGTGCCGAAGCACGCCGCGCAGCCGCTTGATTGTATAGTGCGCGCCCATTCCCATATGCGTCGTCCCTAGGCTTTCAGGACCTAGGGGAGTTATGAATAAGGAAGGGTCGTATTAGACGAAAAGGAACAAATTACTTACATGCTGTCGACGGAGGTGCCTGCCAGCCCGAACTTAGTCGTCGAGATTCTCTCCATCGGAAGTCATCGTCTCATTCAATAAGTACAAGTTCTTGAGAAGTTTAGGCCTGCTTTATAATTGGTTTTGTTCAGCCGCGTGCGAATGCAACAAGGGGCAGTGGTACACCCAACTCCAGAAAAACACGCCTGTCCGCGGGACAGTTGAGCATACCAAGCATTCGTCACTGTGTCATTTGGGAGCCTCCCGAAATGGCTTCTGGGTCACGATGAGCGAACGAACGACCCTCGATAGGCTAAAATCACGTCACGGCGGGCGCCAGTTAGACCGTCACGTTAAACGTTAGGAACAAGGCGCGTGGGACAGTAGCTTGGTGTCTCGCTTTGGCATATGCGCCACGGCGCTGTCCGAAGTGGGCGTACTCATTGAAAAAGTCCGCGTTGCTGTATCAGAATTTAATAGGCGACAGTCTGTGCGATAAAATTCAACCTGCCTTTCTCGACATCGTAGTCGGATTACAATTGCCCACGGTAGTGTTAATATTGCAACTCGAAGTCTTATTCGTTTGTGGTTGACGCCCGTGAGAGGAAAGTTGCCACAAAGCGTTTCTGTCGCTAACGTTTTATAGTACGGGCATCGACGTCAGTACTCAAGGATATCCGAGAGGAAGCGTAGCCATGGAGATCGAGT,1076,51.49,Drosophila melanogaster
SEQ_756567,AATGCCGCGGTTGCCGAGAGAAGCCCTTTCCGTCCGGTTCAATCCCACGCCTTTATATAAATTGAGTATTCTCAGGCGGTATCCAGGCTGAAGGCGCATCCAAGCCTGCCCGTGTTATAGAGGAGATCTAACGTGGTAGGTTTCTCAAGAGCATGGCGGCTGGCCGCATCACTTTCCCACTCGCAGTACCTTAACGGGAGCAGCATCGCCAAGCTTTTAGTCACAAATTATTAAGCTTCGCTTTGCTTGAGCCTGCGGGGAAATCGATACAAAGTGCTTTTGGTTGGGACGTTTCTCGGTGGTTAACATTTAGATGTGACAGGGCGCTTGCGCACCGATAACCATAATAGTCCCCCATACGCGAATCGCAACTATAGCTCAGTTCCGGGGTAGTCGAGTTTACTTA,406,50.49,Mus musculus
SEQ_914320,ACTAATGCACTAAGAGACATGGGGATCGAACTACACAGGTACAGGGGTAAACCCAGGCACGTTTCCTTGTCACTACCAACATACGTCATACTAGCTAAATGTGGGGTGAGGACCTAGAGGGAGTAGCTTAGGTGAGTCGCGGCTCTCCAAGTGGAGATTAACTCCAGAAGCTGAACGTCGGCGCCGTGATCCGTCTGAATTACCCATATCGACCACTATTACCGCGGGGATTGATGGAGTGCACCGATCCATAGCTAGGATCTCGCCGGGGAGCACCGGTCTCTGGACCTTTTCAAGCTATCGCGAATACGCTTTGGTCACTAGGTAGATCAGGCGTTATTAGTCTCCTTTAAAGGTCTGATTGGACTTTTCTATGTTCTCGCGATTGAGAATCTACGTGGGGCGATGAACGTCCGTTTTTACGGCGCCCGCTTGTCACACTGCCGTTCTTGGAGACACTGATAAGGGGTTTCGCCTGCATTGGGTACGGCGATCCTACGATGTCAGCGGTAGAGCCCTGTACCTTCCTGGGTAGCTGTGGTTATATATGATTGTGTGCACGCCCACGGTTTATTAGAAACAGCCCGCGCCTGGTCTCGCTTTATGAAACCCACCACTGGCAGTTGTAGGGCCTACGTTCTTAACCGTTAGATCGCGCATTAAACCGTGAGCCAATCTACCTGACGTGGCATACAATTGGAATTATGTTGTGTTCGCGAAAGTGATCGGCCTGGGTTCCACGCGAGACTTCGCGCTGGTGTATGACATAGTTGCGCATGACAAGTGATGGTTACAATATCTGACTTATTAATCTAACTGACCACATTGCCATCAACGTATCCTTGTGCGTCATACATATATAGAGATCTTTTGATATTGATACAGACAAGGTGAAACGTTCGTAGCATTTCCGCAGCCCCACACTTACAATTGAGCCTCGTGTCTAGTAGATCAAAGAGAGGACAGCGCGCAATTGCCATGGTCGAATTTCTAGGGGGTTCCGGGCGCAACGTTGATGTCCAGAAAGTGAGATCCCTGTCTTTCAGGAGTCCCACAACGGACCAGGAAGAAAAATAGGTTTGCAGGAGTGTAGCAAGGGGGATTTTCGATGATGCTCAACGGGCCACACTCGTAGCATTTGGAAAGAAGATTCTCTGCTTCGCCCCTTTTATGACCCAAACCATTATTGATTGACCGCAGGTGCCGTTTCTCGCTTCCGAGCTATCAAGTCCGGACAGACAAAGGGCCTGTCACCCGGATCCCTGAACCGCACGACGTGAGACCGCGCGAGGCTCGAACGTATCGCACCTTGGCGTCAAACGCAGCGTTCTTATCCAGCGGTACAGCGATGGCTGTGCGAATTGCGTACTTGTATCCAAATAAGTAACATTGTAAAACGAACTATCTGTGGACCTCCTCCTACTCTACCCCAATGGTAGTCTAGTTCCCGGCAGAGGATGTGGGCCATTCACTAGCATTTGTCGGGGGGATGACCATAGTACGTTTTTGTCCCCAAGGCCAGCGAATTTCCCCGTTCGCTTCTTCGTCGCGAGTCAATGTAAGAGGCGAAGTTGGTGATTCGCTCGAGAAAAGTCAATGGATCCCGCAATAACCGCATAACTCCGGGACTCCGGGGGTTAGGCTCCGGTAGCCTCGTGGTGAGCGTGAAAAGTCTCTTTGTACAACTACCCAAGGCTCTGCGA,1703,50.73,Drosophila melanogaster
SEQ_472224,ATGATGCGTTAGATAGTTCGAATGTATGCTCCGCCCACACGCAGGGGGAAAGTTACCGATGTTGCTCGACAAAGATTTTAGGAGAACATAGTCGGCAGACTCGTCTGCGGTAAGCATCAGAAGATCGGGCCTCAAGTCTTGGAGCCGGTACTACCTAATCTTCATCCACGGGGACAACACCTCCAGGACAGTAATGATCCCATCTTTCGGACTCGTCCGGACTATTTCACAAAGTTGGTTACAGCCAGTATGCGTGAGACATCACCGCCTCATGCGGCCCTGCCAGCCAGCACCGCCGTCAATCTTCATGCTCCCCGAAACGAATCCTCCGGCATGGTTCCGCCAGTCTATAGAACAGCAGCACTATGTTAGCTTAGGTCCGTCAGTTGATGGTCGGAGGCGCGGTACGGATCTTGGTCTACTCTGTTCGCTTAAATTCACCCAGCTGCTTGCGATCCTCGCGGAATATGCTTCAGACGCGGCGCACATCCAATGGATTAGACAGTGGTGACGCAGATAGACCACCTGTGGTACCGTCCTTGATCCCAAGTAGCGTAGCGAAGTTTTCTTTGCTTGTAGGGACAATTACGCGGAGTCGAGGAACTGAAAGGGGCAACTGGGTCATGAGAACGTGGGTGAAATGCACATTACTGCTC,656,52.44,Drosophila melanogaster
SEQ_459050,ACCATTGCAACACCGAATAAAATGCCTTTAATACAGCCTCCTGGAGGTGACCATGCGGGGGTACTTCGACGTTCTGATGAATTAATGTTCTCTGACACGGATAATCGGAGCCTGGTAATTTAGTAAAACAGATCTTTATACTCTTAATTAACCCGCTCCTTAGCAAGATCAACCGGCACAAAGATCCATTTGACTAAACCGAGTACGAATCATAGAGGTAAAGAGTAAACCGGATGAATTGTAAATTACTCAGAGCACCTTCCTGCCTCGAGCTATATATGAGAACCACGACCCTGATCATGTGAATGACGACAAAGTAGTATACGGGCGGATTGCGGGCTCCTGCCTCTAGCCTACGAGAAGACCTCGTCTTCCCACCCCAGCATAGATATCACATAATAACTGCTACATGTGGTTTCACCCAATTTGGCCGATGGGTACGCAGCAGGGGCAATTATTCCTCATATTCAGACACCCCCGGCTGCGTAGCGGATGTTGGATCGCCACAGTTGAGCTGCCGCGGTCTCCGTCGTGGGATCCATCCGGTTTCGGCTTGTGCAAAGCCAACGTAAAGCCGCTCAGAGAATTATTAATTTAAGCCGTAGGTAAGTCCTCCTGTAGCGGTTACTATACGAGACCGTGAGTTCAGAAGAATATTCTGCAAAGAGCTTGCTGCCATGATGGTCCATGCCCCAATAAGTCTACATGGGCCGTTTGCTGAACATAGCATCGGTGACATCGATCCTTAAGAGATTACCTCCCTGTTTACCTCACGCCTACCTTCTCCAGTAGTATACTTGTTCCCGCGGGCCGATTCGATGGCTGCAGCATTGGTATCCTGACTGCTACCGGACTCGACTTGATCTAATAAGTCGCCGGCCATTTCCGTACGCTGGCTTATCGCGGGCACTACATACCCGAGAACCCCGATCACGCGGAGCCTTCTATCGTCCCT,955,49.21,Homo sapiens
SEQ_965312,GTTAATGCGGTCTCGTGTCAATAACCAGAATTACTAACTGCGGACGCCATGGATGATCGTGACCGAAGCACATGACGTATTTTGCCGGCACCATTTTCGACTCCCGAGTTGCTTGAGCGTCTGAGTAATCGGGGCCCCATCTTGGCTTGTTTTCGCTGTCGACGAGGGTGAGCACTGCTATCCTTCAATTTGTAAAAGCGCTGTATCTCGCGTGGCGGACGGGTCAACTACAACCACGTCCGCCTAGATTAGTGATGTGTCGTCTATTACCCCAAGTCTACTGTTGCAGGAGAGCTGAATATGGCGCGTCAATCGCCGAACTTAATTAACGGGATGCTTTAG,342,50.58,Escherichia coli
SEQ_701034,CTAGGTAGATTTGAGCGGCAAGAACGAACTGAACCCTAGCCGCTTGGTATCATGACCCCGCCTGGGGGACCTCCAGGAGGCCAGCCTACCAGAGTGGTCGAAATATGTTCTTTGAAGCCTACATTTACTGTTATGTACTATCCAGAGTCACGACAGAGTAAGTGCAGGAAGCGCCTATCACAACGTAACGCAGCCTGCAGGAAGCCCGAACCAGCACTCCAGGAGATCCGGCAGGCGAAGGTATCTGATATCGCTATGGCGCGAGCCCATTAAGTGCGTTGCAGTGCCGTGGCGCGGTGTTGTGGGTACTTACATCAGAGCCATCTCTGGCCAGTAGATGAACTCTCATCGAGGATGATGCAGGCGTTTAGACAGCCAATCGAACACCAGCCTCTGATATAACTCACTACCGGCATTCGTCTAACAGCGGTTAGTACGATGTTCCAGCCGGCAACTAGTACGTGTGACTATGTTTGTCAGGGAACTACCCGTGGCCGGATCAGGTACCATGGGTTATCGAAATGATTGCGAATCAAAGGGAATTCACCAGAGCCCGACGGAAACGGCTGTTTCCGACTGTGTATAAACATATGTTATCACTCTGTGTCTCTTGGCCCTCTGTCCCTAAAATATGCCGGGGCACCAGAAACCGCTGCGTTCATCACGCTCGTTTCTCCGCCCTTACTTATTATGTCTATCGGTCCCTTATTCACAATGTGTTGCGACTGAGCTGTCCACCCCTTGCTGATATTCTATATGCCGATATTGACTAATCAAGGCTTTGTCAAACTGCAGTGTAGACCCCCCTGCTATCTGTCACTTCACCCCGACGGGGATAGCCCCCCTGGAGCTGTCCAGCCGGTCAGGCTAGCGCAATGTAGCGTCGGGCGAGGTCTTACGACACCGGGAGAAGCAAAACCGGATAGATAAGCTGGACGGAGATTAGGATCGCTTGCATGTCGTTAATCCTTGTTCGAGAGTTTTGCTACCGGTGTCCCCTCCTTTTCAACAACGATCACTGTGTATCGA,1029,51.9,Drosophila melanogaster
SEQ_199922,CTGTAGACGCTTTCAATTACTATACTAATAGACGGCTGGAGTTCGGTTCGATCATTGAACTATGTATTTCTGATCGCGTATGTGGGGTGCGGAAAATACTGGGAACAAACATGCTAGTCTCCGCGCTTGTACTTGCACTTACGAACGCAGTCTGCCATAGCCAGGTAAGAGTCGATGAATCACCGCGCTCACGTTCGCGGTCAGTACACTAGGGCGCTCTTCTGGCGCTCTCATCACCTAAAATAGTTTCATGTCTAAAACATACGCCGGTGATTGGAGAAGTGCATCTCGAACGCCTAAGTTAAATTGAGCTAAGCGCAGCAATCTCTTTACAGTGAGGGTAAATACTGCCATTCTCTATGTTTACGTCACCATACGCGGTGTGTGAGTGTGCGAATGCGATGTGACACTATGCTAAGGTTTAAAGCGTTAGGCACGTACGATCTTCTGCGAAGCCCTTTTTTTTTACGCATACAACACCAAGATTGTCTCTGTAAGGGAGTTCAGGTCTCAACTTTTCATCGGCGGATAATAGCTAAATGACTCGCGTATGGGAGTTTTGCTGAGCCACCGTCCTGGCTTGCTTGAAATGTCACCTTTGACCGCGGAAGGACAAGACCGCCGTGATAATAGCCGCCCACAGTCCGATGGGACTGAGATGGCATCACCGTTTCGTGGCTAAGTATTACGACTTGACCGGTGTTGTGAATTCGAGGGTCGTACGGCTTCTTGTGCTCGGCTCGCCGCAAGGGCTACCGCTATGCGTACGGAAATTACACATCCCGCAATCGCTACATCATCTAGCTGGCCGCTTAAGAATCGCAGATGTGAAGGCAATTATCAGGAGGGCAGGCATAATAATTCGGCCATGAGGGGGGACCCTGTGTAAGCAGTATGCTTACCCTCCCGTGTCATACTTCAAACGGAGCTCATCCACATAAGGCTCTCACCTAAATTCGCCTCCGACACATGAAGCAAATAACCCCACAGGTTTCGTTGCCCCCGGTCGTCACAGGGTATGGTCGGTTCGTGATTTATTCAATAAGAGTGACCAGGCGCTGTTACTGCAACCAAACGCCTGCCTGACGCAGTTATCTTTGTCGCACACTGGTGCTCATCAGTAAACACAGGTGGCGGTCCTAGATGCCCGCAGCCAGCTCTCGGCAACTGAGTTGACTCCACCGTCGGTAGGGAATGCTCTGTTTGCACGCCTGTCAAAGACGGGTGCATAAACGTTCAGAGCACTTTCCACACGTATACGCGTTGCGCTAGGTTCTGAGCAGCCTCTCAAACGGCTATAATGTGCCGACTGTTCGTACGCCGATCGTCTTGATGATAATAAACCCATCATGGCTGCGTGTGATTACATGAGTGTCACAGTCACGCCTGCGAGTGAGATGATACGATAATTTTCACCTTGTCCACTCGCAGTCTGATTACATAACCGAACCGCTGCCGGTAGGGGTGCATGTATAGGTGGCACGCCACACCTAAATTCTATG,1502,50.07,Homo sapiens
SEQ_437861,AGCCGAGTAGCGCATTCGCAGAGCCCCTCGTCAAAGGCACCCTCCAGTATCGAGATGATATAGCTTCAATAGGCTAATAAAGCAAGCAGCATGCTTACGTGCAGGTTACGCCGCAAAGAAGTCGAGGATACATGCCCATACATATAAAGTATGCCTTAAATCCCATTATTTACCCAAAGGTCTTCCGACCGGCTCCTGCCCTGTGACCATTCCCTCCGGTTGTCGGTTAAATATCTAGACTGAGCGTTATTGGATGAATGAGCTATCAACGGGCTCCAGTCTTAAAACTATATCAGGACAACCTCTGGTATAGCGTACGAGAATGCGGATTCAGAGGGTCCTGGAGGTGCAAAGCTAGCGTCCCTACAAGTTATACCGCGGACAATTATACCCGTTCATCTAAGTTAGCCAAGCGCATAGCCGAGGTCTGAAGATAGCGAATACGACTAGGCGATTCCCCATTGTGACGCAAGTTCCTGCACCAATAAGGTGTACTTCCCCGTCTGAACTTAATCTAACTTATCCTCTTAAACCAAGACCGCACGGGACCTAGTGGTTGGTTCACATAGCATGGACTCCCCTAACCAATTTGAGCCTAGCATATTACGTTCTACCGATTACTGAAAACTACGCATCCAACCGTAACCTGCTATAACTCTACTGTTGCTTGCTCTCGGGACTTCGTTCCCTACAGTTTTCAGAGCTGGCGTACTAAACCAGGCCCAACAATATCATTTTCGAGGTTACGGTGCTTACTTATCGTAAATACTCCGTATAATCCGGGTTCTCAGGATTGCAGGTATCAACAATGTGACAATTTGCATCCGGTTAAAAACGGTGCGCGCGATGCGACTGGCAAATTAGATGTCAGCAGTGGTGAGGCGAGGTTCTATACGCCGGAACCCATACACATATGGATTCCTCCCGCCTCTATAAAGATACTTAGGGATGTCGAGTGGGAAAAACCCAGACGCCATGGTGGAGCAACTGACACCACTCGTCAGGAGCAGTCTTTTGCATCAGCCGTTTTACCCTTGCAATAATAGGATTCGATCTGCAGCAATCGGAATATGTTTGCTCCTAGGCAGGTACCAACTACCTGTCAATGGAAGGGGTCTCCAGACAGTGAGCACTGAACCACTGTAAACCGACGCTAATGAACAGCCTGCGAGAGGCGAAGGGTCCCCTGACAGTTAACATTCAGGTCTCTGAACAGTCCTTTGGATGCTCCCTTCCGCCCCGATCTATTAAGGACCTGCGTAACGCCAATATGGCTAGAACAAAATGCAAGAGACATCTGGTAGAAAGATTGCTTTCATAGAGTGTCGAGCTGGTAAATCTGAGATTCTATAGTCTTTTCCCTTCCCATCCATCTGCGGAGCTGCGTGCGTTAATTACCTTTGATTTCCCTAGACGCACGCTTCGCATGAAAACAGACGTTGTTGGTCGGGGCGTCATACTCCGTGGTTACTG,1473,48.13,Caenorhabditis elegans
SEQ_286445,TATAAGGAACCAATGCATCTCGAATTGGATGGTCTTCGTCCGTCTCACGACCGCCGGAGCTGGTTGTGCCATCGCCATTGTAGCACCTGAAAGGTCGTAGGCCGGCACCGCGCAACCGTAGGCGCGATAGGTAGCAAAAAGGAATATGCGTCAAGAAGAGATACGCTGATAACAGGTCGTCTTTTTTGCTATGGATCCCGAACGTACTCTCCGAGTGAGGACCTATCGCTCACCCTTAATAAGATCCCATGAGTAGACGCGCGGACTTCTTACACCTTCCTATAGTGATGTGGTGTGCGAAGACAGAGCCAAAGAACCCT,320,51.56,Caenorhabditis elegans
SEQ_878896,TGTAGCAGACCCTCGAGCACGATACGAGCGACAGCGGACCAACGCCACGCATTAAGGCGGACCGTTGCACTCCTTCTGTTACTTATTCTTGCGAGATAACCGCAGGACAGTTAGCCACCACCAGAGGTTAATCAGAAAAGTTACAGTGTGGACTCAACCCGCCATGGTGAATAGCGTGCTACGTATGCTAACGGAGGTGGCAACAACCATAAACAACTCTTCCCGCGGTCAAGGCATAGGGAATGGGGGCCACTCTGCATGCCATCAGCCTCAGCGATCACCATGTCTATATAAGAGATATAACTCCTGCGGTAACATCTCGACACTAAGAAGAGATGCTAGTCGCATACGCTAGTCAGGGATATGTAGAGGTAAGAATCTGGCACGGCGGTGTCACGAATAATCCCCAGACTGCGTCGTATGCGTTCAGTCCCCGGAAGGACATTTGGGACCACACTCCACGGTAGCATAGAGCACGACCAACACTGTCCGGGTATCAGAAATTGCATCGAGGCGGCGCTATATTTAGGATTCATCGATAAGTGTCTTTCCAGCGTTTTGCTCGCATCTGCATGATCCGTTGCCCCATTTCGACAGGCTGAGCGTCCGCGACTCGTCCCCCTCCCCAAAGGCACGACGCACTTCGAACTAGGCCTCACGTACACGGCCAAGCTCCGGTGTGTATTTGCGTCGACCATATATGTAGCAATTACTGGTGATAAGCAGAGAGCGCGTTTGTCCCAGAGAGCTGCTCATCACTCCTCGTCGCTACACCGAATACTTGCAGATAGAATGCAAGTTGAAACAGTAGTCTTAGAACTTGCATTCTCCTACCAACTGTTTAGGTATGTATACTTAGCGCTAGATACTCCGTTTCCGCTGCGAGCATGCAGCATTACGATCCAAATAACCCGGGATACAAGCGCCCCCAAAGCTA,937,51.33,Escherichia coli
SEQ_868867,GCAGTATCGGATCGAAGTCTGTCGTCGTAGCTAAGCCGTTTCCGAGGACTTTGAACCAATCTTACTGCGTTACATTTAAATGCCCGAGATCTGGGTTCTGAAGGATGCCGAACAACAAACATCCACTGGAGAATTCTCCCAGGTTTCAGTACAGCCCCTTAGCGAACGCTACAGGTCATCTTAGGAGCAGGCCGCTCACGTATACACCCAGGCGTCATGTGAAAGTACACCTTCGAGCCCATTGTGAAGTGATTTCTGATGCTGACTCGGTCCACGAATACTTTTCATCTCAAATAGGGCGACCAACTGCCCACGATCGGGCTGCGACTGCTTTGTGAAAAGAACGTTAACCGTGGGCTTCCCACCACTAGTACGCGGACTACTGAATACACATCCCCACACCTGTCTGTGACTCAGCCCCTGTACGGTATGAACAAATTCGATGCATCAATCTAACACTAGTGTCGCTCAGTAACTCTGTTGGCATACTTTGTTGGGTGTGCACAGCATGCCTGAATTTACTAATAGCGTTTTGAGATAGCCCCTTTACATCCGTAAGCTACCTGTAACGTGCTGACGGGACCAGATGGTAGATAACGAAGAACAGAGGTAAAGTTTAGCTGACAATGCGTTCACAAATTTCCCGCCATCAAAGACTGCTTCTCACCCATGGTCAAACGGCAGAGGCGCGGGACAACTGGTCGTGATGCCCAGCGAATGGGCTTTGTATTGAAACCATACATTGGAAAGGCCCCCAGTAAACGACCCCAGTCAGTGGTCCCGCTGCCATCTGGGTAGGATCGTTATAGAGTCGATGGCCCGCTATGGAGTTCCCTGCAAGTGTCCAACGCAGTATCTCTGTTCTATGTCCAACGTATGGTGGCCTCTGTTGTTTCGCTGAGTTCTAGTGTGCAGTGGAATCAGAAGACGGAGAACCCAGCTCCGATGGTCAAGCTGCTTTAGAGCGCCGCGAACTACGTTGTAAGTTCGTGCTCACCGCACATCGCGTCTTCTTATACCAGAACCACATGAGACTAGATGGCGGCTCATCAAAACCAAGACCTACAAATGACCGTGATGTCGTAGGTGACACACGGGGTTCGTGTCGTAGAGAGGAGTGGAGACGGAGCTGCGCTGTAGTTCTCGCCTAGACAACTTAGCGCCCTGAAGAAGATACTTTGTGGGCAGTGTAGCCTTAGTGCGTAAATCTCGACGAGTTAATATTTCGCCAACCAAATACACGGAGAAAAAGTCGTATGCCTCCCTGTAGATCGCTCATTCGGCGGGGTTTTCCAGTACCTATCTCAAGTGAGGGGTCGTCCACATACGTTAAATGTTTAGGGACAATTGATCAGAATGAGGGTACTAAACGAATGCGACTTACGCTAACGCACAATAAAGAATCAGGGAGTCACGGAGTCAAACTGCTTATATGCGCCTCCGTCAGCTCTATGTAAATTCCCAGAACGGGTATCATACTGAATTATGTTATTATCCCACAAGGCCAGTACGGGCGCGCGAATGATGAACCTGATCAGTAGAGATCTTAGTGAGAGAAGTTGGAACTGTTACAGGTTAGGCCTTATGTCGCAACGGGCAACACAGGTAGCAAGGTTAGCGTCGTACACCTCTCATCGTATGGCATTTGTCTATCTCCATTGGGGTCAAGGAACTGCATTCAAGAAGGATCCCCGTAACGAGCATATCCCACCCTCCACCTGTTTAATGCGCAGGGATGCATTTATTACCAGTGAGGTTTCAAGGTGGTGTAGGCTATTATCACGGGATACATCAATAAGGTACTATGTGTCCGTTCACCTCGGAGGATGCTTAAGGAGTAGAATATCCGAACCAGTCGATTTCCTCGA,1868,49.04,Saccharomyces cerevisiae
SEQ_291748,GCGTGCGAGTGGACCAGTGGTTGCCAGACGTGTGGCGGGAGGACTCAAAACTCAGCCCATAAATGTGACTGTCACCTTGTTTCCACTAGCTGTTTGCGGCACCCGTAACCCTTAGGATGTGCTCACATCCACAGTGG,137,55.47,Drosophila melanogaster
SEQ_356826,AAAAACGATGTCTATGAGTAGTATAGACTACCAAGTCGTGGGAGCGGTCGTCTACTACCGGACTTAGTGCGCGGAACCTCCCCCCCTAACGAGCAGACGCTTCCTTATTCCCCTGCCACAAATTCTCTAGTGTCCATCACCGGACATCACAGACTTGAAGGAAAATGGAATCCAATCGCAGTTCGATTTTAGAGGTGGCAGCTTCTACTCGGGCCATCCGCAACTTCTAGCACGGCTGGGCTCAATGCGGCGATTAACAATCGCGGCTGTATGATATCACACGTAACGTGAAAGAGTCTCAAAGTGAACGCCATAGTACGTCCTCAGTAGATGCCCCAGGGCCTACGCAATATCATAACGGTTTCACATTAGACTAGTCCTCTGGGGTAACGGAGTAAAACCCTATTCGTAAGCGCTACGAAACTTCAATGCGGTATGTCACCTACGTTTGCAAGGGCCGGATTGAATTGAGGTAGGTCGCAATTGACTGATAGTTGCCTACTACCACCGAGCCCACGCGCAATCTAGCCTTATACACAACGGATTCAGATTCTCACCCTCGGTAAAGATTCCCAAACGTAGACTTTAGGGGAAGCTCCTACTATTAATCAGATAATTATGCACAGATAAATATACGTCCACTTTATTATTGAGCGTTAACATCCGATACAGGCTTCCCAGGGCAGAAGCACCGTCCACCCTGACGGACTAGCCAAGTAGATGCCCGTTTGCCCGATCGATCCAATACTGGGTACCGGGGCTACTTGAGAGCATCACTCAGGATGACAATCAATGTAGTCACGACGCGATACAGTTCCTTGAGCCTCATCTAAAGGTAGTACATGTGACTAGGGAAAAAGCTTTAGCACCGGGGGCGCTCAATCCCGGACACCGCAGGTGACTACGCCTGCCGGCCTAGGATGTAGAGTATTTTCCTTCGACATAGGAGAGCATCTGTTCATAGATTTTATATGCGCCGGTGTTT,985,49.04,Drosophila melanogaster
SEQ_636183,GGTTGAGCTACACGAAGTTCTGGGTCCTCCCCAGCGTGAGGACCGACCGGGAGAGCCTGCTGCGACTCCGGCCTTTTTTTCAGCATCCGCCACGGATAGGAGGCTCATACTGGTACAACTTTTGTTTCATGACCAGATATGCTGTAACCTCCTTTAGTCGGACTATCAAAGTGATTTCTTAAACGCTTCGCAGCGATGCACCCAATGTCTCCGCCAATTGATTCATCCGGAACGCGAGGTCAATCTGGATCTAATACGTCCTACAAGTCAATAATCCCAGGCAGAATCGCTAAGGACAAGAGCACGTAAAGATAATTGAGCTCTGGCTAACTTCGCAGGCACTGACGGGGGTCTACCGCTTCTGTAAAGAACTTAAACTGTGTCGGTTTGAGACAGCTGGTGATGATCACCACTGCTAAACCCCGTAATATCTGGTACGGTTGCTAGAGCGCGACTTCACCTGTGTGAGCGCGAGAAGTACACGAATTGACAATTAAGGTGCGAACCCACATCTCGGTGGGTGGCTCGGCAGTTACCCAACGTATAGCCTACATTGGCACTTTGCTAACCTATTGGATTCGGCGAGTTGACTGGGACCTCGTTTCGAGGGACCTGTAATACGGGCCTGATAAGGGGCATAACAGTAACGTCCACGCCATGTATTAGGGAGAGACACGCTCAGCGTCCCATCGGATTCGGGCCCCCCAGGAGCTAGAAGATCTTCCCGGATGCTTGTCTGGCTGTTGGGTTGGGCCATGAGCGGGAAACCGAAATGCGCCAAAGCTGTTACGCCCTGAATGGACGGAGGCCTGTAACCATTTGGAAAGATGCGTGAACCGTTAAGTCTTTGATTCGCCGGTTCCTTTGAAGCGCCGCGACTATGGAGGATACGAATTAGCTGGAGCTAGCCGCTGTTTACGCACCCGTAGTCGAGCAACTCGGTTCATTACGTCGCCTGTACAAAGCAACGATGGGAGATTATGCCAATATGGGCCGAATGGCTCTCTACAAATTTCGCGCACACGAGATGCGCGGGCTGAATCGCCTCGGTGAAACATCATCCATCGTGACCAACTATAACAACCCGTGCACGAAGGGCCATACCCAGATCCCTTTGATGGAATTAGGACTCAGTCGCTACACAATGAGGGATTGAATCTCTCTTACCGAGGTTCCATTCCGACGCGAATTTAGACCCACATACTGGAAGCAGGGATTCGTCTGCTTAAGTATATTTTAAATTCAAGCCTCAGTATCCTGGAAAACGCGGCTCAGGCCAAGACTCCACTACCGTTATAAGGTCTCCCGAATTGATCTCTAGATGCTCCATGGGGGCGCAGAAGTGGAGTTTTGAGTATTTATGGCAATACACTCCCATTTGTGTCGTAGTAGTAACAGAGGGGCTCTTCGGTCTGGGCTTAGCTCTACCTGATAAGTCGAGCCAGAGTTATGTTATGAATCAACTATCAGCTGTAAGGCCCAGGGGTAGCCGAGTATAACTTGTAGGGAGGGACGTTGCCACGTTTTTCGCGTTCCCATTCTGTGGTGAGCACCTTGCAATTTCGTCTCCATAGTAAAGTGCCATTTAAGACCGATCTTCACAGCCGTCGGATACGAAGGCGGCCGCCGATAGGACTCTTTTAGTAAGAGGCGCAACTTTACCTGACCCTACCTAGCGCGAATAGATGTCCCACGGTAATCTCCTGTACATGCAGAGACCACCCTGCCAACGTTGTTGTAATCGAGAGCCCCGACCAGGGCCCAGGCGAGGGGATAGGGCTCGGAACGCCAACTTATCAAGACTAGATAGTCTATAGGTGTGAAAAAGGAGAAAACCGGTCTGATCTGAAGATTTCAGCAATGTGCAGGGTACTCCATAACTGGACCGCCTGGCCGGATCTACGGTGTTATCGTTAATCTGACACAGCCCTTCTCACTTGATCATGGCATCCTTCACCCTGA,1962,50.97,Arabidopsis thaliana
SEQ_702621,TGCCTAGGTACAAGCGGTGCGCAGTAAGAAATGCACGGACTGGTTGAGTAATTACGAACGCGCCTGACAACGAACGAGGGTATATATCTGTGCAGTCCGATGATTAGGCGAGCTAACACGCAGACTCCTTCTACTTTAGGCCCCATGACAGCATAACACGACGCTGGACCATGATCGCCCCATGCGCTACGAAAGTCGATAATGTGATCAAGGCGTAGGCTCCTTCACGGAACAAGATTGAACTGGTACATACTACTAGCACGTTAATAGCTGATCTACAAGAACGAAGGCACAGTTGCGGTAGCCGGACATATCTGCGCTTTAAGAGTAGCTGTTCATCTACTTACATCCGACGTCAAAACCAACAGCGCGCGAGTTCGAGCAGAAAAGCCACTCTAATGAGGTAAGGGTCACTGGGTTAGACTTCCGAAAGCGCATGGGTATTGATCGTTGTCATCACA,461,49.24,Arabidopsis thaliana
SEQ_399315,AAAAGTAGCGATTAGTGTGGACCAATTAATTAGGGCACATGAACTCGTCAAATCTGCAGTTCCACATGGGAGGCGGTCCAACCCGTTCTTAGGGGTTATACGAAGCCCACCCTCCAACAATTCTCCTGTACTTCGACAAGTTGCATTTCTCTGGCAATCCCTACTATTTTTGCGTTAGAGATACGTAGCCCTGTATTAACGTGTCCCGTGAATGTACAGCGTATGCACTCTGTGGTTCTTTTACCAGTATAATAGCTGCGATGACATCGGCACGTTGATCTAGGGCTTACATGCGATCAGCACTTTTCACAATAGCCCAACATTTCGTCCGGTTGTGGGCCGAGCTCTTTATTGGCCTCAGGGATAGACTTTTACGTTTGGTCAACAACTCGCGACAGTGAGCCGTACCACAGCCCTTGTCCGACTGATACGCCCACGATTCCATACCTAGCGCATCTCAAGGATATCGTGAGGATTTTAACAGCATAGTTTAGTTCGTCGTTCTTTTTCTGCAGCATCGCTCGCTGAATTCATAGGCCATCGCGTGCCCCGGAGATCGGGCGCGACGTCCCTGATAGTTGCCAAGCATTTACAAAATAATGGTGTAACCATTTTTATATAGCGTTCAGACGAAAACCTGGATGATGTCTTCGAGGATACCAATACAGATTTCAGCGGAAGCTGCTCTTTATGTCCGCGGGTGGAGGGAGTCGGGCCACGACAAACATAACTATCACCAGAGAGCCCTTTGAGGCAGCCACAGGCCTCACCCTTTCTAGGAGTGGATGGTTGCACGCACACGGGACTGAGGCTAGCCGGAGACGCGGCCGGCGAAGCCCTAAGAAATTTGAAGGAGGGCGCTATTCTGGAAGCTGTCGGGGTCCAACCCGAGAAACCGGGATTATGAACGTCAGAAGTGCGTCCGAAGCATCGTAGAAAAGGTTGACGTACACTTCCGGAAGCGGTCACGTCGCTATATTTCATGCCCGCGGGGGGGTTCCGAGTCAGAACCGTCCTGGGCCTCCGGCAATCTCGTATGGTCAACATAGATTTGTGTGCAAGTCACTTTGGCCGCGGACGAGGGGGGTTAGTTGAGCTGCTTACGGCAACTGACACGAGGTGGAAGGAAATCGTCATGTCACCACGCTAGCCAGCGGGATTCTCCTATCTCGCAACTAGTAAAGCACTTCTTGGTCGTCATACTCAATAAGAATGGGTCCTCACTTATGGCTGTTGTTAATCCATAGGCCCTGTGTGAGCATCATGGAGGCACCCTATAATACTCACGCACGCCGTACGCCCCGTTTGCGAAGTTCGCGACAAGGAGAAAAAAGGCAGGTATCTCTCATGCTGTCTGAACCCAAGTGCGAGTGTTATGCACACCTGGAGTGGCCGTGGCTCATTAGGCCCTTGCTATATACGTTCCGATCTAACCCGCGTCTCTAACTG,1449,51.14,Escherichia coli
SEQ_148795,GGCTATAATAGATTTCAAGCGACATTTCGGTAGCCTTTCGTCTTCCCCGAAACGCGTCCGCAAGCAGGGGCAGACGTCCCGATATGAGGGGTTCCGTTGCCCCGAAGTATTGCATAGATTTGTGGGAAAGGGGTCTCCGAAGAAATGAGGATTGACCAAATGGCTAGGTTAATGATATACCTTGTCCGCTAATCGTCCGGGTAAGTCACAAACGAGATTACACAGGATTCATGAGCCCCCCTGCCGAATTGCTGGCTGCACGTACTACGTAGTTAAAACCGTTGGGTCTCACTCTTCGCTTTAACCACGGAAAAGGTATGACCCAGCCGCACATTAGGTTTGTAGAGCGGACATGCATACCAGGGCTACACCATGTGAGGCTACACCGTTGACTCAGTATTCCGCGGTAGCTCAGAGATGATGCGACCTTGGGTCACCGTGCCATTAGCAGTCCAGCGCTAGACCCCACATGTCGACCGACCCACGAGTAGGCTCCTCCGACTGCTCGTGGAGAATACGCTAGTCCTCCTTTCAAAACTTGGTACTGATATGTATTGAGAGTAGCCCTTTCAGCAATAAGAGTTCCGAGCCTCATGGCAAAGTGGTTTACCTAGAACGTCAACCGCCTGGGCATCGGTCTGTGCATCCAAGCTTAGTGTCCTCAAGGCTTTACGTTGAGCTACGAAGTCGCGGCTACCGTTATACATGGTAACTACACGCTGTCTTCAATTGGATCTTGGTAAACCATGTTAGAGCTTCTCTACTGGGTTCCACTCGGGTGGCAACTATACGAGGACTAAAAACTTCCAGCGACATTCATCCGTAATTGGGTTGTGCTATCCTACGTGGGGAGGGTGTTTCTATATGAACGGTGGGGTACTACCGTGAATCGCTGGGCGTGAATACCCGAGCAGATCGACTGGACTCCTGGTACCGCCAGCAGGTGGCATAGGACGATGACGCTGCCAAACTAAGGTTCGTGCTTACTCGCGGTGGTGAACCTAAGCCGATTTTATATACTCATCGGTCTGGCTTGAAATTAAGCCGACGCACTACGTGTGAACAGTTCGCCCGGAGAGTGGTGTAGTAGCCGTGAGGCCGGTCCTACCCTCACCGTG,1118,51.7,Escherichia coli
SEQ_262938,ATCCGGTAGGTGCTTGGTATTCCTTCCCGCGATCGACACCCTCTGGAATAAGAATTGTTGAGAGCTGTTTCACCTAGTGTCAACCCGGCCTGGCTCAGGTGAATTCAGAGGAGGGACAGGGAGGGAGACAAATTTCTACACCATAAAAGATCTTCAGCTAACCGTCCTACGGAAGGTGACTGAACTTGGAGCCGAGCAAAAAATTAGTTAGATGCAACTGATTAGCACTCTGTGAATCACCACTAGCACACCCACAAATCTAATACCCCACTTTCCGTGTAGTGGTGACGGTGCAGTAAATCGCGCACTTCTAGTAATGATTCCCGCAAGTCTACCTAGTGTATTGAAGTTTTTGCCCAAAGTTAGAGGTCGACTCCGAGATCCCCTGGACGCCATTCGCTGACCAAACAGTATATAATTTTAGTGCACATGCGATGCGTCAGTTTGGGATTTCATCCCTGCGTTCCTCCGTGCTGTCCTCCTCCAGCATGCCCCGCCCGTAGACGGTAGTTGCAGTTCAAGGCAAACATGAGAGTTCGCCCATTGCGTTATGTGACGTGAGCGTAAGCGTAGCTCGATTGATTATGGATGCTAACCCTAGATGAATTTTAGTGAACCTCCGTTGCTAGCAAAGTCGGGATACACAACGCTTAATCACGCGGACAATAATCGGCTCCAGGCGGCTAGATTCCCGACCTACGGAGTTTGGTCTCAGAACCCCCGATTCGCATTGCCGACGCTGGGCATCACTGCTGGTGCATTTTCTGAACCGTCTATGAGCTTTATAGTCCAAAACCTCACGTTGTAACCACATCTCCATCCTCTGCAGTACCTATTACGTGTGAAGGTTTCAAGCTCGACTCGCGAGCAGACCGCCCGGGACTACTTAGAACCGAGTCGAGCACAACGTGAGCACGTTTACTATATATGATCAGACCACATGAGCTCTGCCCCAATCGCCTTTTACCGCTAAGCCTGACATCCCATCCAAAATATAACTCATGTGGTAAAGTTCGCATCTCTTATCCGAATCCCTAGTGTTCGAGCCACGCCCGTTCCACTGGCTCAGAGTTTCTGGAGCTCTGAGTAGATGGAATGGATT,1102,49.46,Mus musculus
SEQ_135558,GGTCAGAAACCATGCACTAAACTTACTAGTGGACACAAGGCTCTTTGTGCTTGCTAGGACGCCCGATCTGCAAGGCGACAGGATAGCTTTGTTCGTCAAAACGCGGTTTCTTAGCAAGTTAAGAGGCGGGTCCGTCGCAATGCGATTCCCTTGCCATGTGGATTTCGATGCGTCTATCGCGCTTTAGGTGCGGTGCCAAATCCGATTGGGAGATCCAGGAGAATATTCGAAGGTGCTGTTGAGCGTAATTCTAATCTACGCTCCGCGCCAATCCGACTACACAGCCAATATGACTATCGACGATGATGGTCCACGCGTCTAAAGACAGAACCGCGTCCCAATGCGACCCACGGATCTAAGCAATTACACAATTGCTAAAAGGTTAGTGAGTTATACGCCAGGCTTGCATTGCCGACATCTGCCACAGCCGTATGAGAGAATAGGAGCACTACTCTAATCAGCCGAGGGTCCTAACGCATGGGGTCTAGTGGGTAATTCGTGTGCCACTGGCGTTGGCTACGTTGACTGCTGCCCGGGATTCTTCAGACCTGGCACTTTCCAGTTAGTCAATCCCCGGGGGTCGCTCGAAGCAAGCTCACCACGTGAGCGAGTCCAACCACTCATGTCTTCGACCGTTTGGATCTCCCTGTGCGAATTTTATTATTACTACTTAATAATATTTCTTTTTGATCCCGTGATAGTCTAACTAGGTGTAGCAAACCCACCGGCGAACTGGATATCACCGCGTTCCACGTCCGGATGATCTGGAGCCTAGTTCGGAGCCACGATCTTTACAAAAGCGGCACTGGCAGTTCATCGGTCGGGGCGACCTGCTCTAACACTTACATCATGCGCAAGAATTTGGTGGGTACATGTGAAGATGTTTGTCCATTACGTGCTTCGAGGCGTCGTGTTGGGTTTACCGAAGAGTGTTTGTCGGAAACATGTGTCGACGGCTAAGCGAGGCACGGGACCGATGCTCAAGGCATGCCAAGAGAATGTCAGTTTTCACGAGGCCTAGTACGGCTATCTAAAACACTCATTCTAACCCGCCCTCGAAGTCGAGACGGCGCTGTGCTTCAAACAATACACATGCGCGCTCCTCAACGGCCTGAACAGGGCATGCGCGTTATACTCAGTAATCGACTGCCCCTGAGGACTACAGTGATGGATGCCCTATGTTCAAATCAAACAGGGTCATAGTATGACAAGGGTGCATAGGCCGACGGCCAAGTCAGGCAGTGCGCTAATTTAGTTAGAAAAGCATGTGCGGCACTACGAGGTTGTAGAATAACCGTTTGATCTGAAATAAATATCTTGGAATGCGCGCTCGCCCTCCCCGAAGTGCTAGCTGTTGCGCCCGGTGCAGGGCGCATTTGGCCGCACTTTACGGCTAGCGATAGACGCTATACCAGCATAGTACACACGATTCGGTCTCGAGATTGGGCTCAATTGTCTACTCTGAAGACAACACCCACTGCTCCAAGACCGGTAGGGTATCATGCGGAGTGCAGTGGTCAGCGCTCCGGCACCACGGTGAGCCGTAGTCTAAACGTGCGTCTCGTGTTTGGGTGCTACTTTGCCTTGCGTGAATCTGGATTATGATACAGTAACACCGCTAGGGATAATGGCGGACAGAATTGGAGAATCTAAACCGCAGTAGTCAGATCCCACCTATCGAGGTCGGCATAACACTTGTCAAACAGTCCACCTCTTACACCAAGTGCGGCAAATGTTTATCCCAAACCCCAGCGGCACGGTGACTTTAATTCCCATGCCCGTGAGTAACGGAAGAGAAGGGCGAAAGTTCGAATCTTTCGATAGGGGTACCGGGCAGTCGGAGCTACGTGCGCTCCTCGTTTT,1863,51.48,Saccharomyces cerevisiae
SEQ_996681,GTGCTGGAAGGTTGCACTAACGCATACTCCACAATACAGCTAAGAATTCGTAACGTGGCGCTGCGTGAAAGATAAGACTCACGCTGGGGCCTCGATCTCATTACCATTTTCGTAATATAGCCCACGGAGAGGCACAATCAAAAATCGCGATGTCCGCGTATGACGATATAACTTAGAGAGTGAGAGAGAACACTGTAACACATGCTCTATGACGGGAAGGGACCTAGTCAATGCCTGCAATGGTGAGAATACCAGCTTGTATCCGCTGTCTTAGCAGTCCGGGGGCGATTGATCAGCAGTAGGTTTGACCCCCTTAATTGAGATTTGCAAGGTCTCCAAAGGTATCCAGTAGGCACAGCTAGTCCGTATCTGTGTGATCCTCGCCTCTAGCAATGTGTAGTGTCAGATCAGATTTGCGTTGCAAGGCTACGCCCACTACGATAGCGTGGCGAAATTGCAGTCCCCTCCTACTGACCGGGGGCACAGTGTAAGCCGTTTAAGGGGGCGGCAACTTTCTACCGTCAGCCCATTCTGTCTCCTTCGGGGGACATGTCCATCATTGTCAGGAAGGTGATATAGGTCAAGCCAGCTTATATTCATGCATTACTCGACGTGATGTGGTAGAGACAGGGTACAATAGACCAATGTATGAGGGTAGGCCAATACTTAGTAAGGTCTAGAGGCCGGCCCGAATGACCCTAACTACTATCGACTTAGACCTTGGTATCTTGAGGTCCCAGGCTAGATAAGGCGGTGAGCTAGAATTATATTTGACGGCTGTGCACAGATGCCCTACTTGTCCGCTCATAGTTACGGAAGGCTTACAAATATACCTTCTGCTCCAATGATGCCTCTTGTGAGCGAACTCGTCCCGTGCATTCTTAACCGTGTCGAAGGAAGGCAATTGAGCACTTTGTTGCCCCTCTGGGCGTAATCTCGTAAACCTGAGCTGTCATAGGCACAAGAAAGATCGCAGCGGCACATTGGAGCGCCTCCATTTATTTTCTC,1008,49.4,Escherichia coli
SEQ_670400,CACACGTATAGAGGGGGACAAAGCATCAATACTACATGTGGTCGACATAGGGGCAGCGTTGGCGTAAATATCCGACCCTAGCTGAACTCGTCACACCTAACAACGATGCAAGAGTGGGTAGAGGATGGATGCGTGTGCGCCAGATGGGTTTTTATCCACCTCACTAGTACAGTTCCGAATACTCATGAGGTCTGTTAATCGGCGGGGTTGGGCATCGGTCAAACATCTGCGCGACATATATGCTCACCTTACCGATCCATACCCCAAGGCGCATCAAGCTTACTTACGACACCGTCGTTCTGTTCTGAGTATCAGTTTCGGTATGGTCATCTGCCCAACCACATTGAGTTGCACAAGGCGAGAAAACCAAGTCGATAACGCGCGAAATATGCTTCGATGTAATGGGTCAAAAAGTGTATGGGAATTATTGACTATGGATAGTGTATCGTTGTACCTTTGTGTACCAATATACCGCGCCGACTGGGTCGAAGGTGCTCACTGGTACGAATCCTCTTGGCTTTCTCAACTTGAAGTGCCACTCACCCTAGCGATTTAGTAGAGGCCGCCACATGAAGCCTCGCATCCCTGGATGTAAGATGAGGCCCCGGAGGAGGTCGTCCATATGCCACCCATCACTGTCTTGGGATCGACATTGGGGTACCATTGTAATCGTTAGCGTCCTCAGTAGCGAACACCAACGAGTTCACCATAGAAATAGGTTCTAGAAATACTGACCACGGATAAACGAAAAGCAGGGGTAAGTCTCAAACTGGTCTACTAATAGTACTGCTTATGATTGCTCATGGGTCGGTATAGATGTCTAATTGA,828,48.31,Caenorhabditis elegans
SEQ_376344,CTATTGTGCATACGAAGGACGTTATTAGGGGCGTCGATGGCTCATTGATCCTGCCATAAAAGACCCAATCCCCTACTGTCTTTACGCTGGTGTTTAACGCAACGTCGAGTTTAATCGTACAATCATAATGAAGCAATAAACCCGTATGTTGCTAAGCAAACCCATTCATCAAGGTTAGGTATCTGGGTCTGCATTAATAAGGTTACGCGCTCTGACCCATGGGGAGCCTAACCCTTATTCGGCCCTGGGCTCGTCCGCGTCCGTTGTTCAGACTGATCGCTCCATTTGCAATGATGGTATCCCAGGTACAACATGGCTATGTCGATCACATTTTAGATTATGAGCTGTTCCCGTCGTCTTTAGCCAGTGAAGTACTGGGATACCGTAAGAATTGTCCTCCTTGGACGACGAATAAATTGCAACCTGGCTACAAACTTCTTCACGTTGCCATATGCATCTTAAGGGATTACGCGTGACAAGACTATGATAGAGCTTCACGGAACGTTCCTAATCGTCCTGTGTCGAACGGTCAGACACATATGGGTGAAGACGAATGGCGGGCACCTCAGAGACGAAGGGCTACCCTGAATGTGGCCCATGTCCATCGTTTCA,612,47.71,Caenorhabditis elegans
SEQ_834041,CACGCACACCCAAGGGTCAGTCGTCATCCTCAGTTCCTAGCTGGCTGGGTGAAAACTTGAACAGGTGGCGCGGTCAATTTGCGAGGCCTGGACACACGATTAGGATGAAGACATGAGCTTCACGCCTACACTGTTCCCTTTCGAATGTGACACAGTCGTTATATATATCTAAGCCCATGCCTTAGAGTGAGATATTCTCTGAATGTAGGGAGGTAGCACGGACTAATGATTTATTCCACAACTTGGCGAGGTCGCTCGCAACCTAATACGTCGCGCATCGGGGACGGCCATTAATGTAGTCCTGGCCACCTTCTGATCGTTTCTGCCCGCAATACTTTCGATAAAGCCAGGACAAACTCTCAGAAAACTGGACGGTAGAGCACCCTCACTCGGCGTTCCCTGCTCCGCGAGGAGCTGGCACTAACAAGTAGTAATCGCGTCCTCTCCCCAGATTCGTAATGTTCTCATCGTCCGGCCCACTCGTTCCAGTCAGGATCTCATGTCGCCCGCGTTGGAGATCGTGCATATCTTAGGTAATCAGCCAGCCGAGTTGGGTAGTCGTGGAATGGAGGAACAGTTAGGCCAGCGCCCGTTGGCCCTGGCCCCTTGGAATTGGAAGTATGACACTATGGGACGAGACCCATCACTGCACTTATCTGGCGCAGGTACGACGCAACGCTTTATGGAGCCGTTAGACGCTCAGACGATGAACTACACACAATCTACATTTCGACGGGATAGTCATGTCCAGCCGGCGCAAACTCAGTGATTTCCGCGTCACTGGCCATGTCGCCCGTATAAGTACTACAAATCCACTCCGTGGGCAACA,829,52.71,Saccharomyces cerevisiae
SEQ_382848,GGTCCGGGCGATATGGAACCCGCAAATTTATGAGGGCACCAACCAGGTTAATACCACCGTTGCAGTCTGCTTAAAGGCATAATCTGTTCCTAAGGCCTTCGGGATGAGGAAGTAAAATGGATTCAGCAATGGCATTATTTTTTGAGGCGCCCAGTGCGCATCGATGCGGTTTCAGATGAAGTACCCCCCACTCCATAGTAAACCTGGAGTCGGCCATAGCTGCATGGGGAATAGTTTCCGAATGAGCACGGCCATGAGCAGTAGAGCAAGTTAAATCCTATACGTACTGACTGTTATCTCAGTGTACTGATTAGAAAGTGAGTGTCTTGGGGGAGTCGTTTTGGCTCGTCTGTTGCGGTGGGGTCGGCGTGAACGTGGATCGGCAGTTCCGGCGTATGAAGAACATCGTGGATGGTGTCTTTAATGCGGTACAAACGAACATTTGAAAAGCTGGCTAGTCAGATGCGCACGTGACTTCTATAGATTTCATATTGCGGGACCCCTCGTTCTAAATTATGAAACATGGAGCAATAGGTCCGAAGAGAGAAGGTTGTCTTCCGGGGTACAAGGCTAATCACTTCATTTTCAGGACCCAAGAATCGCAGCTCTCCGCGGGACATACCACATTGATAGTACTGGAATACGCTATTTAAACTTTTAATTGCACGATACAGCTTGGCCTATCCGTAAAGGAGACAATATACTTAAACCAATCCGGCCTAGTTTTCACTCCCATGAGAGTATTCGGGCCTTTGCTCCTTGGATATTTTCCATACCCAACAAGGATCCAGTAGTGGGGACGATCAAACAATATACCACGGCGTCCAAGGGCTAATAGGAGGTTCGCCTTCAACGTTCTTACTGCTGTGATAGCCCGATAACAGTGCCGGAGGCATTCGTCCTTGAGCAATGAACGGGCCGGTTAGTAAACAGGCCTAATCAGATCTCCCGTATTCACATCAGTGTTCCATCCTGTTAACTCTCGCAGTAACTGACGGAGGTCTGATAGAATCACCTGGGCGCCACAGCATGCACGACGTTAGGAACATTAATGAGCCGCCACAACTGGCCAATCCAGGCAGTGCGGTGACTCCGTCGTAATTTCAGGGTGCCATGCACATGATGGGGACGCATGTCGATCGAGCCCGCTAGTCACACTAGATGGGCGCTCCTTCCAGTTGGGCATATGTAGAGTTTTCGGCTCCACCAAACAACTATATAGTCGTGGTTTGGGATGCTACTTCTTCGCTCGAAACGCTCTCCTTCCATCGGACCGGGGCCTGGTTTCCTGGTCAGCCCCGCCGAGGAATCCTTAGACCGAGCGGCCAAAGCAAAAAAACAACCTTTTATTAACAGTCTTTCGGACGTCCAGAAGACCCTGTTATAAACAATGGCGCTTCCTATGACACCTACATACGGGTGCAGACTAATAGACTAATGTATGTAAGAGCCTAGGCAACCGAGTCGGGGGAGCCTTAATAGTTACCAGGCTAACCGCATCAGGAAGTCCACGGCGAGTCATCCGTCTACCAGTGGCATATCAACCTGCTATGCTATGTGCTTGGTACCCCAAAAGATATGACGTAGGACAACTCTTCTGGTAATTTGCTGGAGGCATGACCACACTGCGATTGTAGTATCGCAAGGCGGCAGTTCTCTGTCACGCTAGTCGGCACGCCTACTAGTACAGTTCGGCCCACAACAGACCATACCAGCGCGCGTTGGCTAGTGATCTTTCCGGACGTTGCTATGTAGCCTATCATAGACATGGCGTCAACCGGTGAAGTGGAGATATAGGCAGGTGTTTGCGGATGTGTATGATGGAGTCCAGGGATGATACGTTCGACGGTGCCAAACGTTGGATACTTAAGATCGAGTACTCCAGATTTAGGTGTCTACAGTATCCTGCGAGATAACCTATAGGACATTAGCTATGTATCAGTATGTCGGATAGCGACGTAGTGGAG,1967,49.42,Homo sapiens
SEQ_389466,CATCTTAGGAAATAGGGATTGTTATCAACTCCCTTGCGCTAGCTACCTTTGGGTACCTTTGCGGCTATCGATAGAAATAACTCCGCTGTCATTTAGTATTTTACTCGTAAATGCAGTTTAGCTGGTCGTACAGGCCACTGCACAAGATCTATGGGTTTTGACGACCACGAGCCGTTTGCTAGCCGACTTTATCGGCCTAACGGACGAGCACGCGTGCGGTCTTTCGTGCAACTCCATGAATCATACGTGACGCACCAGCCATCTCCGACTTTCGAGGTTTCCGGACAGATGACTTCACCCATTGATGCCAGAAGCCCCTCCGAAATGAGCCTAATGTGTCCGCAAACCCCTATAGACTGTTGTCCATAAGGAGTAACACCGGAATAACTAGCATGCGTTTACTAAGAAAGTCCATAGTCTGGGACCGCGGCAGTGACAGGGGTCAACACAAACCTATTAATGTAGACCTGAATAGAATGGCCGTGGCGCACAGCGTGTTAATCTAGGTGAGATGCTCAACTTTTAGTCTAATCTGAACACCGGAATGGTCAGTAACGCATGGTAGGGATATCATCTACCGTGAATGTTCCTGCTAGTGGAATTCGTTGGACGACGCCCACACAGAATATTCCGGTATTAGCTTGACGACCATTCTCACCTCGATTGTGCGTGTATGCCACGAGTTGCCGAGACGTACTACCTGAGAATGGGGTGGGAGTAGTTTGTTCGACGACTTATATATCACTTTCACGTTTAGTCACACGTGCTGTTATTCCAGTTCTAAAATCCTGTCTTGAGCCCTACGGCTGATTCGACCAGCAAAGGGCCTTCAAGCTAGAGGTCAGCGTCGGTCAATAGTGGGCGTGAACGCACTTTCGCCCCGCCAGAGTTGACCCGCAGTAAAACGATAGTATAATATGTATGATGGCTGCTCGGAGAGCTGTAACACTGCCCCCTTGGGAAACCTATAGACGTCTGAGAAGGAGACTCCGCCATCTAAGAAACATACGGGACAAGACACAGGAGAGCACGGG,1034,49.13,Caenorhabditis elegans
SEQ_273211,TTCATAGACGCGGGCGATTTGACGATCGGTTGGATTCGGAAACTGTGGAAAGACCCTCGTTCTACTGGCTCTGCGGTACCCCCCGACTTACGGTTCCGCGAGCATTTCGCTTATATTTACGGCGATTCTAACTCAATCTCTTATAACTTGGCCCTAGGCGCTGCACTTCCTGCAGCCGTGACATCCCGATTGATGGGGTCTCACAACGCTCATTAGATCTATTAACACTATTTACGTGGTGCGCTCACGCGCTGCATGATCCAGGGTCCCGCCAATCGTGGCTTTATACATCACGATGAAAGAGCTCCCCACAGAACCGGCCAAGACGTCACACTCCGGCACTCGTACGTGTATGACTCGGCCCGAGCTTCGGTGCCCGAGTCCTAAGAGCAAGACGAACACATACGATGGCCTTAGAACATCCATCTTCGGATGCTGGGAAGTTGAGACACTGGAGGCACATGTTGGAAAGCGCCTACAACTTACCACACCTCGCCGACTCAGGCCGACGCCATTCTAGGCAGTGGCGATTTTCCACCATGAATCGGGAAGCAGTTTGGTCATATTCAATAGTTTGATAATTTTGCGCGGTCACTAGGACTGTCGTGCTCCCTCCGGGACCCACGCTGAGGTCCGACTCGACTACCCTGAACTCTGATGGTCCAAAGGAGCCGTTGCGGCACGTCGATGTTGAGGGCTGGATCGTCCGCAGTCGTTACACAATGGTTCAGGAATTATAACCTAGCATCGTTCACTAGCCTATCCTGACCATGAATGGTGCCGTAGTTGGCGCCATGTAGCGTCTTGCTTATTGTCACCTAGCACTCTTCATAGGCGGAATCGATTATACTCAAGGGAGAGTCGAGCCAAGAAGGGGAACTATATGCGTAACTGTAAACCCTTCGGGGCTCCGCAGATGGAGTCCTATCGTAATACCGGCTGGGTCATGTTTGGCGGCGTAACATCCTGCATAGTCGACGTGGGTATAGACTAAGGGTATTATGGAGGGCCCCCATGGCCTTACTGCCTGGAAAACGACTCGTTCCGGTAGAATTGCTATCTACTGATCCAGTAACCAGGTAACGCGGCTACGATGCGCAAGTGGGTCGGTCGCGGCTGATCATAGCACATTCAAATTTACTCGTTCTCAAAACATGGCTGATTCTCTCGTGATTCGGACGTTAGGTATGCTTTCGGACCTAAATAAACCCAGCGGTGTACCCAGTCGATTGCTCCACCAGCTCGTTTTTCTAACGG,1257,52.19,Saccharomyces cerevisiae
SEQ_300571,GCTCCAGTTCAAAAGAAGTCTAAGCAGCGTCTTTCGAGCTCGTCGCCTGTGTCACTACGTGCGCGAGGCGATTTAGCCTGTGATGTGGGTCTTAGTCAATCCGTACACAGCTGACCGAGATTACCCTCAGACATACTGCGCTCCGATACTGCCGGGAATTGTTGCGTGACGCTGCACATTACTGGAACTCCATAGGGTCAATTGACATTAGCGATCACATGTTGTTATCTACTCGTGCCCGCCGGATTCGTATTACTGGTCCGCTGAATTGCACCGTTGCGCTGACTGCCGCACCTTCTGTCGAGGAAAGCTCCTGCACTTTCTCCTTTAAAAAAACACCCGGCCCCCTGCTTTTGAAGCATGGAAGAGGAGCAAATCAGACACGCGCACCCCGAAACCATGTGATGGCTTGTATACATGGTGGTGCCTAGAACTGGCTGTGCCCTTCTACCGCTAACATTTGCGACCTGCAAAGATAGCTGGGGACGCCCTATCTATTATTTTCCAATCGGAGACAATAGCCGAGGTGAGGAAGTCAGGTAGCTCTTATTGGAGATTCAGTTTCCATGAGGATCTTTATCCAGATTGCTATCGCGAGTCACTAATTGATTTCGGAACATGTCGCTGAGCTGCTTGCGCGCGATTAATAATTATGGGGACGTTACTCTAGTTCTCTAAGGGCCGGCAAGAGATTGTGTATAAGGCCTCTACTGACCGTTAAGAGTGTGTAGCTGCAACAGTGGATAAGATTACAACGTTACCCCCGGCGCACAAAACAAAACCAGGAGTCTTAGTACTCGACACATCCATTGCATATGGCGGGATGGATCGCGAGAATGCAAATAAACGTTGGACCCCTGATTGGAAGTACATCAGAAAACGTAAATATACGCGCCTTTGTATTCCTGATTTACCAGCGCCGTGACCGCTTATATGCTGGGTCGTACATTGGGGGGCCTCAATGCATGTGACCAGCGTGGGGGCTAACCAGCCATCCACATCTAATGCTATGAGC,1015,49.75,Arabidopsis thaliana
SEQ_347908,CCCGCGCAGAACTAAGACATGTAGAAATGTGTTGAAAGTTATCCGATACAGATATTTGATCAGGGGTTAACGCTGCCCTATATCGGGCTTTTATTCCAGCGTCATGTTTGACCGATCATACAGTCTCACCTGTCCAATCCTGTGGGCCGTTTCACGTCGACCGCCGGAGTAATAACCGAATCGATCCCAGTTGCTTGTCGGTAACTGGCAACTGATGTAGTCTAAAATAATCTCGCATAATGACGTTCTAACTGGTAGCTCTAGAGACGGACAGTTTAAAGTGCTCATCCGACGTTTCTATCAATCAGGCAAATAAGCACACGAATTCTTCCGGGCCCCGTGTCATCTCACCTCTATCTCTGCATTGACTCTTCCAGCTGTGATGCTTCTTTTATGAGGTCCATATTACTCACGCCGTACGCTGC,425,46.82,Arabidopsis thaliana
SEQ_780020,ACAGTGACTTTTGATACTTACTTACGCGTTAGCAGACACACGTAGTCACCTTATCCGGGATCGCTCCTCCTTGCTTGGGGTACGCCAAACCTCCAGCGTCCCATACCCACCTGCCTTTTGCCCACTGAATCGCTGCTTAGTCTTGTCGCCAAATACGTCCAAACGTCAAAGACTACTGGGGAAATATAAGGCTAGGTCCCGAACGTTATTATTTTACGCACTATCACAAGCAGTTGGACTCCCCAGAGCTACGTAATATATCAAAAGTGGCGACCAACCGCAGTGCTACGATGCCTCGCATTCCGCGCCTAACGGCAAAATACTTGTGAAGGTCTCCAGGTCTCCATGGCCGCCAATGCGATTGCTCCTTTACCTTAAAAGAAAATATTAGCCACCTAAAGGTATTCTCGCTGCGACACGTGTGCCCGGTATCGACAAGCGTGTTCATTGGACAACGCGAAGCAGTGAAAGTCACGCGGCATGGCAGTTGGTGCGTTACAGCCTACCTCCCAGTTCACAGGTTAGATCGGGTTCCTGATTCTTTACCAAGTAAATCACAAGCCATAAATGTGTTAGGTGGGCACGAGCCTCCCTAGGCCCAGGTGAACTATCTAAAAAACTACCCAATATCATTAAGCAGATAGACTGTGGGACACGTATAATCGGCGACGTTACCTCCTAATATGCTGACGACGTGCCGGGTTAGGTACACTTGTCCTCTGCTAACACCGGAGGACGAGAATCATGAGACAGAGCTATCGTAATCCGTGTCTAACCTTGAGAAGTCAAACCATCCAAACCATGAAACCTTAGCAGCGCCAGTATCGACGGCGCGAAATCTTGAATGCACACAAAGGCTACCCCGCGATCATGGGTCCCAAGTCCCAAATTTGAGTTCATTACTAGAGCGTGAATGCCGCCGTGCAAAAGCGTTTTTAAGAGAATACACAGTGTAATTTCACAATCGAAGCTTGGGTGATTGCCGCGCCATAGACCCCCTGCGCCGATCCCCATGGTATTAGCCATTTGGGCCTCCGCAGAGGCGGGTTATCGCCTGACCGGGATGCATGGTAAGGATTTCCAAGATGGGGGTGTCCGAGATCCGAGAGGATCGGAATTGCTCAATGCGTCTGCCAGGGCGATTCCAGCCCAGCAGGCACCGCTGGTGTTAACTTGAACAGCTTGCGAAGGGATCTGAAGTGATCAGTCCCCTTAGATTCCGGAAGCCTATAAGTTCGAGGTACCCATGGTCTGTACCTCCCGCCTCTTTCTTCTTTGCCGTGATAACATCTGGTCCGGCCGTCGGACTTCTAGCCATCGAAGGGTGGCGCAGTTATATTCAAAATAGACTGCGGACCTCGTTGGTGTGTCAGTTGATTCGAGTTCTGTTCCTGTACGGCATTAGTACGATAGCATACAAGTGACTCCGAAGGAATTGAGCGCGCGTGCGGCGATACGGGGCCTTTATCTTACGATAGCCTGCGTACCCCCTGCGTAGTGTGAGCGCGACATGGAGTTTTCCCTTTGGTTATACTATATCGTTCGGAATTTCTACCTGGTTCTGGAGAAACGTCTTATAGGAACCATCCCCCAATGAGACAGCTTACGCCGTCACAGACTGGACGCCGCTACCCTCGCGCGGGTGTCCCTATTGCTAAAAGCGTCACATTAGCTGACTAGCCAACCTTGCAGGGGGTATCTCCCGGGACTCAGAGACCCCGGTGTAC,1727,51.3,Homo sapiens
SEQ_756313,GCATCCCTTGGCTCCCGCTTATATATTTCACCCTTAACTAATGATGTGGACGGGAGACCTTGCAACACCCTACGCACGATTAGGAATTCCGTAAGCCAAAGTTCGAAGGTAGCTGAGAGAACGGGAGCAATGGACGTTTTCAGTTCTACGTGAACGCTACGACACAAGCCCCGTACGTTAAATGTCAAATTGGGAACGCACATCATTAACCTTGTTGAGCTAGACGTCAAAATAGCCGTATGGGTGCGCAATGGGCGCAGAGTAATGGGAGTGAAAGTTTGGCTAACCTTTGGCAGTAACGTTCAATTCTCAAGCCCTTTCGCGAGATCTGCTTGTATGAAACTCCCTCAACAGTATCGCAAACAATTCTCTCAAGTCACAAGTTAAAATTCCATGTGAAAGCTGCGTGCGCTTACAGGGTTTTGACAGGAGCCACACATGGATATCCCAAGCACCGTGTCGTGAGAAGTGCTCGTTTTGTCAAATAACTAGGCTTTTACTCCGCCGGAGTCCGGTCTCGGAAGATGTCACGGAGCACCTATACTTACGTTGCCTCAACCCCTTTTGTGGGCTAACTGAAAGCCCCAGTGCTACTAAAAACCGTTAAACTGGCACGGGGTCTGATCGAGCAGCGTAGTCCATCCTCCGCTTTCCTACCAGAAACACAGTCAGTCCTCCTCGACCCCGGTCTGCCCCGTGACACTTAAAAAGCGTGCTCCTTCATATACAACGCGCTTCGACCGCAAGAGGATATTTATCTGTTCGGTCTTCCAGCTACCTGCATTTAGCAAATGGTCGGATATTGGGACACTGTTATCCCGAACCGTAATCAATTTGCATG,841,48.63,Caenorhabditis elegans
SEQ_661678,GGTGTGGTTACTGTATGGGACCAAAGTACAGATCCAACTATTGTAAGACTCATAGGTTGTAAGCATGGCCGATCACAGTACCCGGGTGGCGACTTGCAAACGATGTATATTTCAGCGCACATGGTCCCCATCTTATTCCGTAAAGTTGTTGCACCGCTCGGTCTGTGCGGTCGCGTCTGGTCGCCGAGTGTCAGATAAATGACGGGAGTTCTGTTCAATAATCAGCCATTGCAAGTTGAAAGATGCGACAGCCACGCCACTTCCGGATAGTGCTCTAATGGGCCCCTTGTATCTCGTGGAAGAAGCAGTCCCGATAGATCGAAGCAAACCCGATAAGTTT,340,49.71,Drosophila melanogaster
SEQ_762657,CTTGCCGGGATTGCCTTCTGTCTACGAAGTTCTATTATCAGTGCGAACACGCGGTTACTCTTTCTCGGACAAGTATGAACTATTTCGATGCATAGCTGTACTCTCGATTAACTCGCCATTTGGCGATTCGTCGCTAGGACAGTTCCACGATCGTAAAGTTCCGCAGTTGTATGGCTGCCGGCTTCTGTTGCGTCCGCACCTGCCCGTACCACCAGTTCCATCTATTATTTCAATGGAATTTGGGCGTACTATCCTATAGTTTCGTGCAGCATATGCACGCCTGCGTCCAAAGTCGAGCTTACAGCTAAGATGAGAGACCGTTTCCGGACACAATGCCTGACTGGTTAAACAACAGACAAGCATGTTTAAGAGCACGTTAAGAGAACTATAGTTCGCAAGGATCGGGGCACAATCTACGCGCAATCTTGTCAGTGTGGACAACGGCCGTTTATATAGACCTAAACGGAATGGCAATAAAGCACACTCGTATGTAATACCTACCGACTAAGCCTCTTCGGGGGTTGCTAGTATTGTCTGGCTCTATCAAGTGCCTTATGCTTGAACCGCGAGTGTCCCCCACATGGTCTCTCTAGTCTGCATTGGAATGTTAAGTCCAGGGAAAGTCAGAATCGTGCCGTGATGGGGCGACAAGCCCTAGTGCGGTTCGGGTCATCGAGTCGATACGCTAACGTGTGAGGCTCGTGGGCCCGATTCACCCTGCAAACCGTTCACCTCCACACGGTCATTCTGTTCAGCCTAACGAGTTTCGAATGCCGGACGAGGGCCTCTCTTAGAGGCTTAAGAGAATTGTCTAGATCAATCATCTATAGTGCGGGTCAAAAATACGGATTCCGTCCGCGCACATGCGGCCTGCCCCGTACCCGTGATCACACAAACCTGCCGGAGATCAGTGCTTATAGGTTCCGACCGGAGTATCGGCTCCTTGACGTTAGTCGCGGAAATTCGTCCAGAGGTTGCCCCTCAGGAACTGGAATTAGCAGCAACGTATGACTCTTCGTACCTCTAGCCTAATTGGCCGGTAACCTATTGCTTAATGAGGCTTTGTAGCCCGCGGTCTGGAGTCAGACATTAGCACTCCTACCAGTAATTGACGAAAAACTTAATGATCGATCTGCGCGCATGCCCCAAGCCGGCGCTACACT,1163,50.56,Homo sapiens
SEQ_314950,GTGCTCTGGAGCGCACGTTCTACTACGCCAATAGCTAGTTTGGTGGTCTGGAATAATCCATGCCTACCACGTACAGACCTCCTTGAGATTGACGGATCTTGAAGAATACCCTGTCAATCTACTTAATCGGTGTATCCGAACGATGACTCGGCATTCGTACGAACGTATGTTAATTCACTGGACTTCGCCCGCCTGCATGCTACATGACGAACGTAGTACCCACGACAGGAGCGCGCACGAAAGGTGTACCGCCGGGCAGGATCCAGTTTGTCGAGTTCTGCCTAGTCTGGAGTCAATTATGAATATACGACCCAGCTTAAACGGAGCGTTGGACACCGATA,341,50.44,Homo sapiens
SEQ_268398,CTTACGGTCGCCCGGTAACCTTCTAAAACTTCTCCAGAATAATTTATCACGTTATGTCATTGTGTGTTATATTCCAGGGGGGGACAAATTCCTGCGATGCTCTCTCGGCT,110,45.45,Mus musculus
SEQ_652062,GTAAGAGCCCCCACGGATTCTCCTCTGGCGGATCGGACGCGGGGTCAGACCGAGCCTTTGTTATTACTAGCATTACGTCTGTACGGAGCTCTAGCTAAAGTGAAAAATGGCTCCTGTGAGAGGAGAACAAGTCCGTTGAAGAGAATTAAAAGTAGGTCAGTGATCAGATCAGAAAGGTCGGCAATCATGACTGGCGAAGTGGATGAAGAAAACTGGTATGGGGGTTTCGTGCAGACGCATCAATGCCTCGCTGGATCGGCTCACTCTGGACTACAAGAGGGTAGTTGATGGATGGTGTGGCGGAAGCGCCGGGTCTAAAAATGTAAATCATTGGATCAACGTCTTCGGTAATCCCCATGCCCAAACGTTACCGTCAACGATTTCTGTGACGTTGAAGCAAAGCACGTTGATCCGGAATTCCGCTTCCAGAAGAGACAACATAGGGTCGAGGTATTCTACCGCGGGCCACCACGCAGCATGAGAATGCTTTAATATCACATAATCTCGCTCGTCCCATATTAATCGCGCTCTACCAATGGACCGCGAACCATGTGCTACGTCACGCTATAGCTTTTAAGCCACAACTCGGGCGCATTGGAGGCGCGATTAAACGGTCATAGTTGACGACACCGCGATTTGCTGTGGCCCGATGCG,654,50.76,Saccharomyces cerevisiae
SEQ_329628,CGGGATTTTGCCTGGAATTCTATATTTGGTTTGCCGTTTTGGGTTTCAGAGACCGTTGAGGAGGTGCTTAGTATAGAATAGTCCGACGCTAGGATACCGAGGATGGTTACAAGATTGCTGTGATTCTAGGAAAAGGCCAGGCTACATCCCGGGGATCACCCCGGACAGCTCGTGTGACCACTTATTGGACTCTACGATGATTGAGCGGCGCTACTGTCAAGCAAGAACGTCCATCATAAGACCGGTAATTAATTATGTAAGGTTCGGAACCCCTAAGGGCAGCCTCCACAAAGAGGGGTGGTTCCGCACACTGGCCAAGGACACTTTCAATCTCTCTGAATCATCTCCGGAAGCCCCCCCAGGTATAGAGGTGACGTAATTCTTTACGATACACCTGCAATCTCCCAAATGGACGGCGAGTCAATCATAAAGTCGTTGTTTTGAAAACAACTTACAGGAGAGTTCACGCGATCTCTCCCCGTGCTTTTATCCATACAGCGTTATCCATTAAACTAGGTCCGAACAGATCAGTGGAATTCGTACTGTAGTCACGTACTCAGTCTCGGACCAAGCACTCCCCCCTCAAGTAAACAAGTCGGCACAAACTCTATTGTCGCCGCGCATGCTCGGCGTAATACTAAGGCCGACTGGCAAATCTAGCTCCGAAAACCGCTGTACCTTGTCCGGACCCATGCCTCGATCAGAACTCGCGGCCTCATGACCAAATCTAGTCGAGAACACTTATGAGAGGACTGACATGCTAGCCGACAACTGATTGTGTTTGAGAGATCGGTTATTGGTCTTAGATCATTATCCTTCGGCAATTCAATCATCCGAAAAGAACGGTCGTATCTTACAAATACGGAAAGCCACGCTCGCCCGAGCGCCCGCGCTTCTATCGTTGTATGTCATAACGGTCTTGATTGAAGTGGATCATCAAATTCCTGCCAGTGGTCCTTTGATTATTTTCCGGAGATCTTGGAGCATCCAAGGTCAGCCTCTCTTGTTTGATAAATGACAGCTAGTTGTAGTGATACCCTTATACATTCCTCTCCGCCAGCACACGACACTGATAGCTGGAGCGAAAAATGTCCATGAAAGGGGGCCGCGATCACACCGAGTCCAGACTAACCCTATTTGAGACAAATGAATAAATTCAGTTAGCGAGTCCCAATGCCTGCAAACTCGGCGACGAGACATCATATTCATGGGTTCGCTGGTAGGGTTCGGCGCGAAGGTGTGTGACCTTGCGTATTAAAATGCTTAACATTGAATGGTCCTGTATCGCTGGTTCTAGGTAGCAAACGTCCGACAACCTAATTAGAAACGAA,1331,48.16,Caenorhabditis elegans
SEQ_574976,ATCGGAGTCAGCCCACACGCTGATGATGTCTGCAATCTAAGGCATCCGTCTTTTTGTTACGATTTTTCTCAGGTGTGAGGTGGCTGAAGGTGTACGGACGGAGCTAAAGCTATTGGATTCGCTCCTATGGTTGAGGTCATGGTCTCCAGCACTCGTCTAGCACTGTCTATTCCTGTGTATGACACACGCCCGTATTGGGGGAGAAGTTCGTCTGCCTTAGGGGTAAGCTGTCAGCGGTCGAAAAACATCCATGACATGAGGCTGGGACCTCTAGCAATTTCGTCGCTATCTTTAGCTAACAAATACGTGACGAGTAGTTAAAGTCGTTTGGCGCCGGTGCAGAGCATTCTTTTAAAGTTATGGGGGCCCACGGGAATTTGCGTGAAAAAGCTTTGAACCACTTCTCAACGTACCATCGGGATTCGATCTACGATTTTGTGAGACGTGGCGACTGCGCCGTTCAGCGGCGCTGCGTTACTGATGGGATTCCGCATCCTTAGATGTAGTAACCCGGGATCGCGGTTCCTAGCGGCAGTGACGCCAGCTGGCCGCACGAGTCTATACAGTAGTAGCCTAGCTTCCGTCTTTCGGGCGCAGAGGAAGCCCTACTATCAGACATAAATATGCTCCATAATACCAACCGATATCACTGCAGTCTTCTAGGAACCTACTCTCTTAAACCTCCTTCTCTTCACCAGTGCGTGAGGGTGATAGAGCATTCCTTAGCGGCACAGCGGGGCGGGTTATTATTGTCGACCTGCTACCTAGCTCTGCGTGGGTGGGTACAAAAGAGCTTATGCAACAGTCGTATTAACTAAATGAAGTAAGAACCAATCGTGTTCGGTCAAGAAGCTCTTATTATCTAACCCTCGAGACGGAACCGGGGATACTTTAACGAGGGGTCGCGTGGGCGTACTTCCGGATTCCAGTGTAGGGAGCCTGTAGGTCAATCCCCCCGGCCGTAAGCAATTCATTTGCCAGTTAGCGTGCTCTGAATCAGCAACCCATTGGAGTATCCTTTCTAGGACGGTTTAAACCTACTTTAGCGTTGCTTAAGCGTTTCAAAACTAGTTGACGAGAACGCACAATGTAGATATAATGCGATCCCGCCGTCACGGCAGGCAGCGTCCTAGCTCCCGCAACCCCTGTCAGGTCTACTTCGTGTAGGGATTGGGACGAAACCTACAGTAATTTCATGTGCCAAGCACTATAAAAGGTACCGACAGGAAGGTATGTTTGACAGCGTCGTGTGTATTGGACCGATGGCAGTAGTCAATCAGGACGGCCTGGCACCTACCTTTTCATCCTGCGATTTTGTAAGTACAATACGGCGCAGCACGCGACACGGGCGTATATGTC,1359,50.4,Escherichia coli
SEQ_756607,AACAAATAATGACTACAATCCGCTCTCGGAGCCGACATAAGACTAGGCTTTATCTGAATAATGAAAAGGTGGATACATGTGGACGAACTAAAAATGCCGGAGTAGTCATTTCACGGTGACCTTGTTAAATCTTTGAGCCGGACGGTACGTCTCGCAGAAATCCCTCGACGGCATACTATCCTATTCAATTCAGGTATTAGAGTGGGCTAAACAATAGGAAGCTTAATTAAGGTTCCCACCCTTACCATTTTACGGAAGTCTCTCTGTACGCGCGCCTATCAAAAGTATGCGCCACGAGCGCATGTGGAGCGCCATTTCTTATGTTGGCGCCCATAATTCTCGCTGTTAGTGAGTATAGGTACTTCAAGCGATCCGCCTTTCGTCACCTATAAGACAATCGTGTGACGTCGCTCTCTGAGAGTGTGGTTTTCCGAGCTAGAGTCGTCTACATCTTCGCGCTTGTCTATGCTTACAAGTTAAATCGTAGGCTTAGCTGGCGCTAGCACACCATCACTATATCTCGGCGGAAGAAAACGCATAGAACCAAACAGTTATTCTTTCATGCAGAATAGTCTGTTACTTAGTTAATCACAGCGAACCGTTACCTTTTCCTCCACAGAAATCATACCTTCTTCAGGTAGTAAGTTTTGGCCGGGCACTCGAACACATCAGTCGTACCTCACCCTCACGCGAACGTATGTCTTTACGGCCAGTCGATCACACCGTGGCTGCGTTAAGACGGGGTCATGTCTCCAAATTACCCATGACTGTGAAGTACTCAACTGACTACACGTGTGGCGTTAGCAATATTAGCGAAATCCCAGGTTAATACTGCTTGTGTGGTAAAGAAGTAGACCTAGATGGGCGCGATTATGACTCGTAGACCAGCGGACGTAGGAATTTTGAGTAAATTACCGAACAAAGAACACAATGTATCGACGACGCCTCATACCCGCATGATCAGAAGACACGGTTGTTCAGCGCAGAGAGTACGCCGGGGTATCGAGACCACTACTCTAGTCGTTAGCAAGACGGCCAAATTAACTGCAGTCGACTCTAGCCTACCAATAGTATTAACGACTCGGGCGCGTAGAGTGCTTAACATCTGCTAGTAATGCCATCACTGATACTCAGTAATACTGCCTACCCCTGGCCGAGGCTCGCTCTGATTAGAACGAAATTAAAAGGAGAGACAACGTTTGTTGCCGAGTTGCCACTCAGCCGTGAATAACGTTGTGACCTTTTAAAATTTTCGCATGCTCTAGTATTTGGAAGAGGTGCCGTGGGAGTCACAATTCTTCCGGGCTCAGACATTGATACGCACCAGGGGTACTGTAGTGTGTCTAAGTGGCTCCCCGTCTCAATTGCGTGCCCTGTTAAGGCACGTTACCAAAACGCTTCCGACACCGGATCCACTGACGACGCTCTTTCAACGTAATATACCAGTACTGGGAAGTGAATATGAGATGGACTATCGGCTCTGAGAGCGTATTTGATGCTTAAAGACTGATATGATTCCGCATCCGTAACTCTCTTGGTACCGCTTTTTGTCATAGAGACCGTGCTCTGCGCACTAGTAAGCACCGAAGATCGTAACAGTAGTGGTTTATCAGAAGTTAGTAGTGAACAAAATTGCGTACCCACGAGGCCGCTCTGGGGCCTGGTGAGGCAACCTTTGTGGGAAGAATGGTCTGGAATCTAGTCATGGTAGTGCCACCGCTTCCTGCCTCGATTTAGCACATGCTACTGGAAGTTGGAGCAGAAATGCTCTTTCCTCCATCCCGCAATCCTAGTGAGAAATCTGCGTCGCACTGGGTCCTTCCGATCATCAAAATTGTGAAGGGTGGGGAGAGAATCGATTCCCTATCCAAGTATCGACTGTTCGATAGATAAGATAGTGAAGTGTTAGGCGGATCTTTCGGCCTTCTCTCTGTTTGAAGCCGCCATCCCTGATACTAACCGGTCTCTCTTT,1972,47.41,Mus musculus
SEQ_963669,TCATCGGGAAACTCAGAATCCGTCGGGCTAGTAGATACAGGAAGTGAAAACGCACAAGAGTACAACATCTCTTGCGGTCAAAGTATCCTTATACAGTCGAAATAACAGCCACAGCGGT,118,45.76,Drosophila melanogaster
SEQ_206111,TTTCACGACAAATGACAAGCCTGGAGCTTTCCGAGATCACTCGCTAGGGTGATCGCAAATCAGACTTGTTAATCATTCAAGAAGGATCCTTAACTTAAGGGCAGGATCCTTTTAGCACCCGAAAATAGTGTATTGGGGGTCCATCTTACCTGAGTTCCCTCCATTGTGGGGGTGGACATTTCTCCTCTTCCGTTAAAGTTCCACTTACCGTTCCTCGCGGTTTCTTATCTGCGTTAAACCATACGTTCGGATCTTTGAGGTTGGTCTCCATCAGGACGTTCAGTATGCTTGTACGATGTTAGGCTCGATAGGCCCTGCCTAGTTCCTGGGGGGTAGTTGAAACACTCTGGATGGGGACCGCGATATCTCAGGAAACGAAGCTGGTTGTCTGCAAAACTGCATGGCCTGCCGACTTTGGGTGAGTAACAAATGCAATTTCGTCACCGCATTTCTCAGCGCCCTTGAGAGCAGGGGAGAACGATTTACGCGGAACATCGGCATTAGGCTACCGCTTGGTCTTATCGAATTACGATATTTCCTGGGGGTTTGTAAGAAATCCGTACGTAGTAGGGAAAGGGCTAAGCATAGCGACAGCGAGTGATCGTATTCCCAGCTACCAACTGCCGTTAGCGTCTGGCATTTTACATCGAGTATAGGCATCATCTTGCAGGAAGCACACTGGGTTCCGAGAGTATCCACATGGTCTGAGTCCTATTTGGGACCCCGTCAGAGCTGGAAAATGGTACAGGCTTAAACACCCACCTGGTGAGTCGAGGCATCAGCGGGGTAAGAGCTTCTCTATCTGCGTAACTTGTGGAAAATCAATGAATTTGTTCCGAGCGGATCAAATCTGGCTCCCCATTGTCTGTCCTCCGTAATCCGTCGTAAGAGCGGACACTATCTACCTTTAATATAGATGCTTCCGTTAATCGGCCAGCGTACGTGAAGGCAGTAGAGAAATACTATGTCTCGTAAAGCGATCTTGGGCAACGAGATAATCTCTATGACTTGCCTGTATTATTAGCATTGCCTACTGTTAAAGGTCCGTGGATACAAGTAGACCCAAGTTTTCAAAATCCGCGGACTAGACCAATATCAACTAGTGTATCAGCATTTCGACGAAGGTTAATGCGGAGGTAACTTCACGTGATATGCTAGGCTCCGTATCTTTCATCCATAGTGAGCTCCGCGCCGCTGTCGGAACACCCTAAGT,1213,48.06,Escherichia coli
SEQ_181609,GAAATTCCCCGAATGGGGTACGCCACCGCGCCAGGGGCATCCTAAAATGACTTGCTAGGCGGATTAAATGTGATCTAGGCTTAGCGTCGACGCTCAGTTGTGTTGGGTTTGCACCCAGCCCTGGTTGGTGTCGAGCTAGCTAATAGCAGTGGAAGCAAGCTTGGCAAAATATAATTATAATTTTGTGCCGTGCACACAACGACGGTCACCGGATCACCAACGTTTATAAACTATTGGCACCAGGGTGTGGGAAGCTTACAGGCATACCGGTGCCAGGTCTCCATAATACAATGACCGCTACACACGTGGGCTTTCAGCAGCCAAGCACGACCTCATAGCATCGCCCTGTGCTCCGAGCTCGGCACCCAGTGCTAAGCCGTAAGCTGTATGCAAAAAATTCGGCTGACAAGCCAGAATAGTGAAGTTCACGCATACCCGTCCCCTCAGGTTATCGGGCATGCTAACGCATAACATGACGACTAACGTCATTCTTCCACACTGCTATCTACAGCCTTCCGGACACCAGCCCTCGCCCTAACTCCCAGGACGCCCGGAAATGCATCAGGCCGATGAAAATATTAACGGCCGAGCTATCGTTTAGGTGCCGGATGGCGACCTCAGCGGAGAACGAATGTTTAAACGGGGGACGGTAGGCCCTGTTACCAGCAATACCTGCCGATAATACGCTGCGCGAGACCTAACACGTCGGATTAGCTTGGTACTGAGCGGCGCCGATCGAATAAGCGAGGTAGTGGTGCCTGTAAGTGAGGGAGCCGCGGATCAAGGGTCTTAGTTTCCAGACTTTTCGAACGGCCGAAACTATCTCTGGTCTGATGGTCCCATATGAACGCCAGCACGTTCTTTTTGTCGTTTAAAATACATTTTTATCCCGAAGGAAAGCCTATACTATAGGTTTAGAATCGGATGAACACGGTGTTCGGTCTTCGTAGTAGATGACGCGCGGACCTGATTATGCCGGTATGCACTCCCTTCCTCACGGCGGCCCGAATACCACCCACTTGCAAGCGTAGTCCTCGGGAAACTATCGAGGTCACCCATAACTCAGATGGAGGTTTCGCTCAAATGTGCTCGACTCTTGCCGAGTCGTCTGACCTTCTGAACAACTGTATAACAAATAAGCACTCCACGTCCTTGCGAGCCGAATTGATCGGATCGGTGTTCGTTGGGTTTTGCCTGTG,1199,51.88,Drosophila melanogaster
SEQ_299237,TTCGTCCAAAAGTACAGCTTGCTAATCTCGCCGCTCAAGATTGAGGTGACGCTGACGGCCCTAACGTTTAGGACAATTCACGGCGAAACCTGGTGCCGAGGTACCTCTTACTACAAGCGGGCAGATCGTCTCTGACGACATAAAACTCTGCACCAATAACCGCAAATGAGCATATATCGGCGGAAAACTGCACCACTTAAGATGGCAAGGGATGAGGTTGTGGCACTTAACAAATCCCCGTTGTGTCCATTGGAACTTCAGACCAGCAGCATCCGCGCACACCCTGGGATTCGAAACACTGTTATAGTAGAACGAGGTATAGATAACTTTTCCCCGAAGCCATAACAGCGTGCGCCCTTGACTCGTCTTCATTGTACACAATTTTCCCACTCCCAGGAATGCGTTCGTGGAATATCGGCGCATCACTATTACGCCCTCGCTCAGCGGACTAACACTTAGTGTAGACTCACAACAAAGAAGCGACAAGCTGTCGTCTGAACATTCTGAAGTCGGTTCACAAGCAGGTCTAAAACTCCGCGTCGGTGCTTGAGCTCGACAGCGCGTGTGAGGATGGATGGCTCTCTTCATAGTCTGTATATCGCTATAACGAACTGGGGCGTACGAGGACTTTACGTACGAATGATTGGCAAGGATCGCCAACGGGACATCCAGGCCGTAAATCTTCCGCGAGAGTGGATTACCGCACACAGACATGCGAGGTTGGAGGACACACGTTTACTGATTCATGTTGGACCTACACCTCTGGGGTTCAGGTAGACGAACCGCAACATGACATTACTCCTGGTAAGTCTTATCCCCATCCCAATCGTATACTTGCGATTGATCGTCGACAACAGTTAATCTCGAGAGATAGTGGGGCCAGCCCAAACACAAGTGTAACACCCTTGGTGCGTGCTAACATGGAATGAAAATCAGGTCATGACTACTTTCCTTTAGGTGAATATGAACTGCCAGCTGAGGGTGCGTGTTGTTAAGAAGTTTGCTGTGAACTCGGAGGTCCCAAGCCGTATTTTCGTGCGTCGGCATTTAAGCTGAGTAGTCGTGCCCCACCGCAACGGGACCCCGTAACTTTTCGTGCCTTGGTCGTGACGCTCCTGAGATCACCCCTCACAGTCTAGACGACGCAAATACGAAAGTGGCGAAGGCCGGCCCGGTTGTATTATTCTCCATCGCCCACTCGCTAGTCTCATGCCGATTTCCTTTATGCCCTCTCTGGGAGGCTGCCGTAACTCGAGGTCTGCAGGATCACGAGCGACCGGGATGCGGTCCACCCATTAGATTTACGGTGTTTCTACTGTAAGCCTGATGTCAAAACGCGCATCTTCAACATTTGTTTGCGGTGGTTGTGTACCCGCGCAATTCCGATGGGGGGTAATTCTCGTTGTAATTAGCCTCTACCACATGAACTAATTGCGTCTCAGCGCCTTAGGCTTTTAAGTTAATTCCACACCGGGCGCGCTGCTTTGGACAATACAAATATGAAAGAATTCACCCCTTTGGATGCCTGTATGAAGCAGGGCACTACTTATCACGGCACGTCATCTAAGCTTGGCAGTTGAGCAAACGAGGACAGGTCGTGGCTAGCGC,1608,50.56,Caenorhabditis elegans
SEQ_210909,CGGATCAGTGTTATCTGGGTACCTACTCGGATGGCTCTTCCTTCCTTGTAATGTTGCGGATGCCTACCGGAGCATCGCGTGAAGACTGTTCTATCGTGTCGTTGTACACCAGAACGGAGTCCACAGCCATCCGCCACCTAGCGGGATTCTCCGTAACGCCCATTGAGATCAGGATGCGCATTTTAAGAGGCCGGTATTCCCGCGTTCACAATTGTTATGTGGGCATCGACTTCGTCCATTCGTAGACTGCGTCAAGAGGTTTCTATTACCTTCCTCCCCATGGTGTAAGGCAAAAGGTTCTAAACCCGCCTTGCCACGGGACTAAACTTACCAAACGCACCTTGTGCGGGAAGGGCAAACAACAGCCCCTGGCTGGCAGCCCCCGGCGCGTTAATACATTGTACTACGGGTGCGCACCTCAAGTGACGGGGATCCGAGAGGTAACGACGTCATCTTGCGCTCTTTTTAAGGCGGCGACAGGGTTTACACCAAGGCCTCGGACAACAACATCAACTTACGGGCGCGCCGACGCTTTGTTCTGCCGAGGACCTTAGCACGGAGTAACAAGAAATCACCTTATAGTATCCGGCCTTCTGTTGGGGAACACGCAGCTCATAATTATGGTGAGAGCCACCTCC,638,53.61,Saccharomyces cerevisiae
SEQ_807994,ATTCGGATTCCGCTCGCCGGAGGAAATAAATTCAGCTGGTAAAGTTGGGGCTTCAGCCTTACCCCCGGACCTAGTAATAAGAGAGCAACGACATCTTCTCAAATGCGGGCTAGCACCTAGGTTGCGACAGTCATGTCAACCCAAAGAAGACTTCTAGGCGGTCCGGTAGCCTCGCCCCTAATACTCTGCCCGATATTTCACGAACTCACCTCTTGTCTCGCGTAGGGACCTACGGACGTCGTCCGGAACGTACAGGCTGAAACCCCATTGGTCTGTTTTATTGCTAAATTTGCCAACGCTCACACTGAGCAGATCAATGATAAAGGAGTGACCCACCCGCTTCCTTCAAGGCCATATTGCAGTGGACACTTGAGAATGAAACATCCACTGTGGTAAGGGTTCGGGATCGAAACCAATCAAAAAGAGAGGTAACCATGTCGCAGTCTATGCTTAGTCTCCTCAACGGGGCTCGCCGTTCATGAAATGACCGCTCCGTAGGGGTAAAAGCGATACTTAGAGCTAACTTGGTGCGTGCCTGCCAACCGTCACAAAAGACATGTATACCCTGGGTAACTATGCTCAAGCCGCATCTCAACGTCGTTGAGAGTCACTAAGCGGTCCGTCCTAATATTTTAGGATGATTTCGGTTTTCCATTATGGCGCCAGGCCGTCCCTTTGATTGGCCGGACGTGCAGCCCCTGTAAGGCGTGCGAGTTTTTGAATAAAGCACCGATATCGTCCGAAAGTAGTGTTCAGATGAGTCAGAATCGTGATGAGCTCATCGTGAAAGCGCATATTAGGTCATTAGGGCCCATTCAAAATAGGTCGATGACTCGCTCACCTAACCCCGTTAGTAGGGTTTAAGTCTACGCTCTAGGCACTAGGTCTCCGCTTAGCATATTGGCTGGATGCGGGACGTCGCCATCACCACGTCGACATATAGAGCGGACGCAAGACTCCTCGTACAGGAGTAGGGTTGACGAATGGTGCCTTTAACGGGGACCAATCGAATCATACCTGGATGACGCTCCACAGTCGCACGGGAGCAGCTGGGTACCACGATTCAGGCCAATCTTGGGATCGCAAATCAGCTTACAGATTGAGGGGATTGTTAGGCTTGGTTTTGCGTGATGCTACGTTCAAAAGGACATGTATCTAGTACCGTCGAAGGGGCATCTTGTAAGACATGCGGGACGATTCTAGTGTGCACCTCTGCATGGACGCGCATGTGTGATTGCACGATGCAAGGAACGCTCGTGGAAGTGTTTTCTATAGGAAATCATCTTCTAAATGAATTTAGAGATGCAAGGGAACGCCGTACTAGGCCATGCCCCTTCTAACCTGCGTGCGTCATATACGTAAGGAGACGGAGGCTTGAGCGTTTAAGACCGATCCCTATCCTTGGTGCGTGCAATTGTGAGTCCGGCTGGCCTGCGTTGTAAACGATATGCCTGCGAGGTTTGGGTTAGATTTTACAACTTTTTGCGCTCTTTGCGGCGCTTATGACAAAGCTTTTGGATAGGATCCTAGAAGGAATCGTGAAAGTTACCACGCTTTGATTTACATAAAGTCGTACCTTACATCGCGGTAGAGCTGATGTGGAGACCTGACATCAATTGGAGCTACGCGAGCGGGGACGACGCCGCCACGACATTTACAAAAGATTAGGTACGTGCCGAGGGTAACTGAGGGGGAAACAGCTTACGATATAACGCCCGTCACCCGGACTGACCTCTCCTGATCGCCCGATGTTCCACTGCGTGTCACACAAAGGAGGCGCGAAAGCGGGCCGATGGCTCTCGGGTAAATAAGTT,1814,50.61,Caenorhabditis elegans
SEQ_682088,ATCCTTGCCAACCATTGTTCTTGCTCGGACCCTCAGGGTTCTCGGCTCCGCGCGTAACACTTTCACGACGTCAGCGTGATTCGGGCTCTTCGTTTGAAAAGGTTTGACGAACCTTTTCGATGATAGATGACACGCCTTCCAAATAAGTAGCCTGGCCGATACTGAATTAGCTACAATTAGGTAGCGACCCTGTTCTGCTGCTCCGATACCTTCTGTTAAAATCCTTCCCAGGAATGCCGTGTCCCATACGTTAGTCCCAAGAAACCCTAGCGACTGGGTGGTGTGCAAGCCGATGTTGTCCCGCGGCGGCCTGGGGAAAATCCCTGGTCCAGGGACTTTCCTTATCCACACCGGCCGCTGACGCAAAGACCGGCAGTCACAAACGTACTCTTAGAGGCCCTCAGGGCTGCGAATAGGATCGGGGTACGTAACATACCTGTCGTACTCATTGGGCATAGCTTCAAAGGGCCCCTGTTCTATCCGTGTGAGTTAGAGAGGTTCAGAACGCTCGATATATGATCCGCCAGGAAACCCGACGCTTCTGTACGAACGTGGTATACGCACGTAGTTAAGTTCACGTCGTCGACGAATAAGTAGTAGCCTGGTTTACAATAAGTAGGCAGAAGCTCCTGAGCCTGGCCGAAGTAAACGGCGACCTGAACATGGCATTTGATGTCTAATAGGAACCTTTGGACAAATTTAGTCTGAGCTCTACGTAAAGATAAACTCTAAAACGCGGTAATAGTTGTGCGCCCACACCATTGTCTGTATTGTTGTATCTATTTCCTCGTGAATTACTTGGCGACAAACAGAGAAAAGACGGGTCGACAGTGAGTGTAGTTGCATCGCTGACTGATCCACCGCATTGCCGTTAGAACTATTACAAAGCATGATCATCACTTTCCTCTACGATAATGTGTCACACTCTTTTGTACATTCGAATGCCTTGCAAACAATTTTGAGTACCACGAAGCTATTCTCAATGCGCAGTTTCCCGCTTTAAGAGGCGATATTGACGAGTTCCGAAGGTTGGGAGAAGCCATTTGTTGAAATGGTTGCTACGGTTCTCGATGTCTGCAGTGGGAACAGATGAGTCGGGCCGAGCGCCTGAGTAGGAAGAGACCACATAACTCTCTCGCTCCAGTAACACAATAGGCGGTTGCTGATAATATCATAGTAATGAACGCTATATCAGAGGAAGCATATCTGTTGTCACTGTTTGGCCCAGAGCAAGTTGCTCCAGGGGACCGAGTCTACTTGGTTGTGCCGGTGAGATTGAGAGGGTGGGGCGCTCGGAGATTATGCACGATAACTCACCCAAAGTTCAACACAGCCAAAGGCGACCAAGGGCTGGGTGTAAAGGAAGTGTAGCCTTTAGGAGCACTGCTTTTTCACGACCTCTTACGATTCAGATGGGGACCG,1422,49.3,Arabidopsis thaliana
SEQ_738839,GACTGGGCGTGTTATTAAACCATACGTGGAAGGTATAAACCATAAGTGGGAGCGCAACACTAGGGCGCTATTTAGGGTCAGTTCAGAAGCGGCTATAGCGGTGTCTTCGGCCCAAGACTGAACGGAATTAGG,132,50.0,Mus musculus
SEQ_844437,TGCCTGGTCAAGATGTAACGGTGTGAATGGCGGCGGATGGATCGCCGCGATCGAAAATGGTGAGACCCTCGCTCTGAGAACACGCATTCCCACACGGGCGCACCAAAGTCCGATAACTCGTTGGTATGTCCGTAGTATTGGAAAAGAGCCACAACAAGTCTGCTTAATTTCACGGAAGTTACATCGAAGACTGACAATTACCGCAGTAGTATGGGACACCCCATTAAGACCTATTCCTAAGGTATTTACTTATACGCGACGCGACTGGTCCTCTGCCAAACCTCTGGGGTGAGTGCGCGACAACTGAGATGGCGGGTTAGAGTCTCTCGCATTACCAACTGGTGTCAAAGATCTGTTGGCCGCCCATAGATACCACTGACCATGCGAGCCGCCCTTTTTCTTGACATTTTCACATGCGTTTGTGCAACCTTACGTGCCGGGGCTGAACACGTTCACAAGTCATGAGTTATCGACTAACAAACGGCTAGTCACTTAGCCTGACAGCGTTAGTATAAGGAATCTTTTGTTTCATTAACGGGGAGGTTTACGTGTAGTGGTGCCCCAGTACGGATAAACCGCTAACCCCGCAAAAGAGGCCGACTGTAGGATCAACAGTGATAAAACAGACGTGTCGCCCCTCGGGGGATCGTAATATATTCAGGTGTCGCGGACTGATCACGACGCCAGCGTGGTATGGCCGACAGTACTTTAAGGCTAGCAGGTGGACGGCAGGGCGGCAATTGCCAAAGTGACTCCACAGCGATGCACCTCCCATCCACGGATTTGACGAACCAGGGCTCCAGCCGTAGCCCCCGGAGGGACCTACATGTAACACAGATATGAACCGCATATCAGGCTTCAGCAAGGGGAATAAGAGAGTATAAGACTGGCTGTCACAAATCGGAAGTGCTCAACTGTCACGCGTGTAGTGAAGCTCAAGACAGGTTGCACTAGAACCTGTAGTGGGGCACGCCAAATTTCATATATTACCTTCCGAGTCACTAATCTGTCTACTGCGAAAAAGTGCTACGTCATTTTTGATCTGGCCATGGATGCCCCGGGCATTGGTTCA,1072,50.93,Mus musculus
SEQ_209130,GTAGAGGAGCCAGTACATCCGCCCGTGAGTGGACCCGTAATCACACTCCTACTGTAGGGTTAATAAGTGACTTAGCGTAACCATCTTCCAGCCTGGCTTATGTAGCGCTAGACGGATGTAGCGTCGTCGTACTGCCCGATATGCTAAAAGCGCAGCAGCCGATAACCAGAGTAGTAGTCTATGTTATATAACGCAACTAATACAATTGCATGTAAAACGATACAACTCGGGATAGTATTGCTCCCGGGCACCTCGTTCAGTGGTATCGGGATGATTATCTATTGGTATGGGGAGCTACTAAGCCACGTCGTCGCCGTGCGGTCTGTTATGGGTTGCTGTCGTAGAGCGCCTGGCGCTCATAATGCTGATATTGGCGTAGGCTCTCGACCCGCACATTGGCACGTACGCTAGAAGGAAACGAGGTGAGGCAGTGTTATAATAATCCAACGACGATGAAACATCGCACTAGCCCACGCAAAAGCGTGCGTGCAAAATAAGGTGA,502,50.0,Arabidopsis thaliana
SEQ_783658,ACTAGAACATGGTCGGTTCCGAGAGGTATGCTACGTTGGATAGGGCGATGGGCCACACCTTAAGAGCCCACGAACGGGCAGGGATCCGTAGCGTACATATCGGTGTAGGAACCATCCGACACTTTGTCCACCAGGCCAGAAAGCCGACCAGCACCGTAAACCTAGGGGGCAATTCTCGCTAACTGGCGGACTTCGATGCGGACCAACCAAGAAAGAATGACAACTAGTTAGTCAACATAAATCCGGGAGAGTGACGTCACTGGAAAAGCGCAAATCAAAGTGAGTTCATCAGATTATCGCGGTTGGGAAAAATCCGACCAGCAATTACAAGTTACAACCATCTAGGCACCACGCCAGATATCCGTTGACTTTGGGGGCCAATCGTAATCTCCCGGGCTTCGTCTGTCGAACAGGGACCAGCCACCATGGCTGTCTTTTATCGAGTATGTGAGGGGGCGGCAGGTGCCTAACGGCCGGCATTGGGATCGGAAATGTGTGCCATCGACACTTCAAGTGGTCAGGACAAGAATGATGCCACTACTGCAGCACGACAAACCGGCACCGGGTCTCCGGGACCACTGCGTAAGATCCTTTCAGAAGAGAACTTAATTATAAGTCTCTAATATCGCGAACTCGACTGATCGTAGTATTTATGATCAAACCGCGCGCCCAGGATTTGTCGAAGTGACGGGTTGCATGAGGCGCTACTGTAGTTGGCAGCGCTGGCCAGGCGTGACACTATGAAGATAGAGACACCGATCTGTTCTCTGTGGCTGGCTCAATGTCTATCTATAATAGAACAAATCACGCCAATCATTCTCCCGCCATCCGCCGTCGGAATCCACACTTGGGACAAAGTCCATCTCGAGTTGGGCCTGATATTGGGTCGCTT,892,51.79,Caenorhabditis elegans
SEQ_216642,TGAATGAAGTTGACCGACCGAGGCACTTTCTGACCTAAAATCACGGATTGGGCACAAGCTGAGAAATTCGTCCTCGTCCAGATTGGAGGAGGGCACAAGCCCACTGTCTTCAAGGCAGGGCCAGTCAGAGCAGTGCGAATCTGCTCGACACCAATACATCGCCCAAAATGTTGGTCCGAAAGTTTCGGGGGGCGTTCTGTTAAGAAACGCGTTTTGGGCGTCACCCAGTGACGAAGGAATCGACCTGCAGGTGACGACCCAGGTTGAGCTGGTTTTTGGGATGCCACAGTAGTTGAAGCGGGATACTTATTGTACGGAGAATACATGCTGGCGCTGCTACGCTCACCCTGTTCCCTAATCCCAATGGCATACTGAGGCGACTCCTGGTTGACATATCAAAGCCGGTGGTTGCATCCAACTACGCCGGCGAACTGAGCAAGCAACCACATTCTGGTGGTTGTACCAGCCGGATTAGTGAGCGCGTAGATTCAACCAGCGACGGCGCCCCTCCTGCAACGTCGCGTTCAGCGGGCTGATCGTCTAATACAGACCATCCGCTCTGAGTACAATCATCTCAGCTTACAATGTCACGTTGAATTCCACTGGAGTGCAATGGGTTCGAACAGGTGTTTCTTTTTATCGTGTCGAGCCCGTGAGAATTCGCCTACGGCCCACAGTACGAATACACCGTATGACACTTAAATTACTCTCGCACAATTTTGGAGGGATTAGTACTCCTGATTCTCTGCGGTCAATTGCCAACGATCAATTCCTTGGAAACTGACTAGCAATCCCCCCTTAAATGTCATCGAATCCACAGCTTGTTTACTCAGAACAAGCAGCAGACAACGCCCAGGACATCACATCTTCCCGCATCGAGAGTGTCGGGACCAGATAGTCAATACTCCCGATAACGATAGATTTTACCTCCTTATGCCCGTGCGGACCTCACTTA,955,51.1,Saccharomyces cerevisiae
SEQ_178787,TAAAGTCGGTCAGGGATACCTTGCAGCGATCTCTTTCTCTGTGAGAGAGACCTCCTCGGCACTGGGAGACAGGATATGGAGAGCAAGCGCAGGCAAACATGCAGTGGGTTATCACCTGTCTTTGGATTCGAGGCCTGCACGTGTTGCGGAAATCCCCCAGTCCAA,165,53.94,Mus musculus
SEQ_116882,CTATGACCCCGTGTCGCGGCGTTTAAGGGACACACCTTGCCTCAACACAAACTGAGATTCGTCT,64,53.12,Mus musculus
SEQ_843107,CACTTTTATCAAAACACTGGCGCAGACGAGGCTTTCTAGCGGGGATGATCGGGAAAACACAGCCGTCCCTCATGCACTTATTCGACTATATCAGTGCAGAAGAACATAATCGCAGCGAGAGCTTGACGAGATGAGTCATTGTCCTCGCCACACTTCTACTCAGCCATTATGGGAAGTAGCTGAAACGTTTTCCACTAGTTAGTGTGGCGTGTTAACAAGACCTGTGCATCCCTACTGCACCTACATGACCGCTCCGGTCTAAAGGCATTTCGATCTTAAGGCAAACATAAACCAACAGTCGAAATGCGCCTCTTATTTTGAAGTCCGGGCAACTGTCACGGAAAGGGGAATTCAAGGTTATCCTATTAGTAAGCTGTTTCCACGGGCTTTATCCGAG,397,47.36,Mus musculus
SEQ_969247,GCTTAGTTGACAATGCGGTCTTGGGAAATAAGTACCCCAACGGACACTCTTGACGTGCCCCGACCATTTTCTTTACCTGGTGATATTGTATTAGTGACTAAAGCCGAGTAGGGCCCTAAGATGAACTAGTAGGGGCCGCCTCGTAGGACAGGCGTTAATGTTAACGACGCATTGCGTTTGGCCTCGGCTCGACATACGTGTACTGTTAAATTTATAACATGCTGGTCCGGTCAGCCAGACGGTCGATGATCCAAGGTACATAAAGGGGCTTTCGGTATGTTTCTACTATGATAGTGTGTAATTGCCGTGCATTACATACCGCTGAGGTGTTGAGTCGCGCATCTACCTCCAATTGGGTGCATCCCCCTCGAGAAATAGTTCCCGGGTACGTGCCGCGGTGATTCAAATCTGTTTGTATGTCGGGCAAAACAATTGAGTATCCTTGTATAATGATAAGTGACGAAGTACGTGGGAGTAATAAGATTAAAAG,490,46.94,Homo sapiens
SEQ_357007,GAAGATGTGCGGCCTTAATAGAAATTTCGGAACTTCTCCAAAATGCTGGCGGGTGATAAAGTTCGTGTCTCAAGTGATTGGACGCGGGCTTAAGCAATGAAAGAAGGGGCGGCCGGCGTCGCTAGGCCCACCTATTTGAGGGCCAATACGGTCACGCACCTCATTTCCGTCTAGCGTTATCCTTGTGTCCGGAAAATGACCGTCACCCCATTGCATAGAAGGATAATCCCGGTCTGCCGCGCCGCGTCCCTCACCAGTGCGAGGAGTCGTCGTAGAGAGAGGCGCACCCAAGAGCGATATACGTTCAGGAAAGCAGCAAGCGAGCGAGACTTACGGGCATTACGCAGATTCGAGTGCCACACAGGGGGAACGGGCTTATCATTGATAGCGTACATTGATTCTCGGCGTGTCAGGATCAGCACTGTAGAAGCACCGTCGAGCGCTCCGAGACCTATTTTGCTCTGCGTGGACACTCCATCTCTTCGCTGCCTGGGGGAACAAGGTAGGGGGGAGGTACAATGTGTTTAGGGTGTGATTCAGCGTTCTTGTCGTCAGTCAAATTGGGTCTGCCTTCATTGCGAAAGCTCCATTTTACAACCTCTGACCAACTCTATAGCTTTCTTATCGGTATTAGGTGAGTAAATACCTTCGCCCAAGTTGTGTAATATTAATGTGCCACACCCGTCTCAAACCGCGAGTCCAACTAAAAAGCACGTAGGGACCACGAGCGGGAACGCAATGAGCGTTACTTGGAGGTTTGTTATGGCATGATATTTTGTCTCCGTGTGAAACAACGGGATATGTGTGCTTTCCGCGGTGTGCCGGGAATAGCTCGGCTGGTTACATGGCACATGATTGCCTACGCACGGACGGAAGGGCGCCTTGTCGCTCATCATTACTTTCTCGGTGAGCCATAATGGGTAGTCCTGGCATTGGATATGAAATCTGGGTTCCAAACGCTTGTAACCGGATGGT,975,51.79,Mus musculus
SEQ_805416,CAGAACTAGTGCCCAGAACGCTGCCTTTGATACCTGAGAAGCCTCTACGGGCGTTCAATTCGAATAGGATCTTGCTCTGTGGGGCAAGGCAGACGCAGGAGCTGCCGCCGGTCAAGTTCCTCTATATGAGCCATGGATAAAATTCGTGTTGTTCGGTCCCGTGCGCCAATGAACTAACGTACACAATTTAGCAGTATGCATGCTCATATAGCGGTCAACTGCTCGTCTACCATTGCGTCTAGATACAGGAGAATGCGATGACAACTGCTAAAGATAGGGTAGCGTTCCGCCAACCTACATTTAGCGTGCCGGACCCGGGCCTGCCGCCTTTCCAGATAGGATCAGAGACTTGTGAACAGGTGTTAAACGCTACCCACTCGTGATCACGTGGAAGTTAAGACCTCTCCTACCCTCGTTAGCCAGAATAGAATGGGTAAGTTGAAGGATACAAATATTTAGCGTGAACGTTAACAGCGTCTGACGGCCAAAATCTTCTTCTTGCAACACAGAGCTGCGTTCTTTTATATCAGCTACCTGTCGTAACGTATGCCGGCAAGCAGTCAAGATATGCGGCGTTGACCACATATCAACTGGAAAACAGAGCAGTGACGCTAAGGGCAAACTATCCGCACATAGTCGACCTAGCGGAATTTGTACTCGGGCGAGGTTCCATTCCGTCGTAACCAAGTTTTCGCGGGGACGTTACCAGTTTCGAGGGGCGCCGCTTTACTTTCGGCCCTGCTAACGGAACTTGGTCTCTCTGTCCCCCTATGTGTCTCGGGCGCAAACCTAGTGGCCAACACATATGCAAAGGTTTAAGGTGTAGGTGATAGTTTTTGGCCTGATTTTGGGTACGTCGTGTAATGCAGTAAGCGCCGATCTAATGTATTCTCGCTGTTAATAATTTCCGTCTTAGGCAATTACAAGCTACTACCTAGACAATTGTTTTATGCTACGCTCAAACTACCGGACTCTAGGGTGTATAATTGGTTCTGAGAGTAGACGGCGGTGCGCTGTACCGAAATAACAAAATGATAAGGAGCCGGAGGTTTGCTCCACGCGACCCAGAAGTGGGGGGGTATGCTGAATATTGCTCAGCAATAGCAGACCACAGTCTGCGCCCTCTCGCGAGGGCGACGAATGGCGGACTCTTCAGTGAAAGGCGAGGTGGGTCTCGGGCTTCTCTTGAAGTCCTCACGCACGTGCAGACTAAAATTATCTGGTAGACGAGCGATCTCTAGCCTCGCACACTATATAGATCCCTTATAAGACTGTGATTAATGGAAATTGATTGTGAGGGTCATCAGTAAGGCAGGTGTCCCTTAGTCATTAATCCTGTGGTACGAAACCCTTTAAATTGCTTAAATCATCTAACAAACACTAGAGCGGAGCTGCAGGTCGCAAACCCCTGGTATCAGCCTTCAGACCCGGTGCTACGGTCGAAGCTTTACACGACCTACGTGCGAGAGTGCCGAGGTCCTGCCCGGAAGAGCAGCGTGAAATGTATGCTCTGACCTCAGTAGTGGGAGAATAGCGTTAACCGTGATGACTGCCAGCGTGCACGTTTGAAAGAGGGATTTTGATCGCCTTCTCTCCGCGATTCAGACGCAGTAGGGCTCCGAGTTTGCACTTTTGTTTCGACCTGATCGGCCCAACTTCTATGGAAGTGGGTTACGGGTTGTGCCCGACAAGGCCCCTGGTTAGTGCGGTAAAATTTCTGTCGACACGTCGTGTTGGATGTTGCGCACGTTCACCCGCGCTGATTGTGCATATTTTTTGACCTGCGGTCGCA,1792,50.17,Arabidopsis thaliana
SEQ_772445,CAAAATTCGATGTCAGGCATCCACCAGACTCACAGACCTATTTTTCCAGCCGAAAACCCAGCCGCGGTTGATTACACGCGAAGTCCTCGCTAATTCCATCAGAGTGGGACCCCGAACAAATTATATAATAGAACTTCCCATAGTGACGATCCCAGGTTTTCGGACGGGATAGCCGGGCAAGTATGTTCGCCTTTGACCTGAGGTTCCAGGTGTTCCCTTAATCACGAACTGCGAGAGTTCACGACGCA,248,50.0,Caenorhabditis elegans
SEQ_456625,ACTCCATCGCAAATCACATCGCAAGCGAGCGTCATAAGTTAACCAAACTCGCACAGCAAGTACGACTGGTATTTTGTGAACCCATTCCGCTTTCTGTCCGGGACTAGATGGTTCGGAATGGTAACGCTGCTAGTCACTTCGAGTCCAAGCTTAACGCCCCGCGTCAGCGGGCGTAACTAATTGCCTATGACACCATATCAATGAGAATGCAGGTTAGAGCGATGAATAGAGCCTTATGCTATTCCTAGCCTTTTTCTCCTTTACCTGTCTACAATCTTACGAGGTTCAACTTTCATCGTATATACATCTATTTTCGCACTTCGACACATATCGCTTAGGGCCTAAACTTCGCGAACGGTTCCGGAAGTACATGGGCAAGAACCCGGTTCACAAAGAGACCGGGGGGATTCGAACTCGTAGTTGTTTGAGGTTCGCCTGCTAGTAGGCCGTCCCGTATTGCGGTTGATACGCTGGGAAACTTCTAAAGCGTCGAAACCCTATCCAAAGGAGCTATCCTTTTTATCCGGATCAGTTCCCGGCGTATGTATGGAATCCCTGGTATAACCGTCGGGGTGCGCCCGAGGGGCACCACCGCAGTGCCGCGGATATAACCGTACGACATATATATCCTCGTAGTACATGTACGCAATCCACTATAGTATAAACTACCAGGGCTGAGAAAATCCATAGGGCAAGAGCTCAGGTCTGCGGAGAAGATGTGGCTGACTGCCAGCGGGTATACACGACGTGTCGACTAAACCAAAGCTTCTGAAGAGCAGATGGGATTACGATTGAGTTACTACGACGTCGCGGTTGGACACAATAATTCAGAAAGGACACTGAAGCTGTCGGAGGGCCCAGCATTCGGTGCAGAGTAAATGGCGAGTTCATTTACTATAACAGGGGGTAACCGATTTTCACGGGAGCACCCAGTGAGCTGCTGCTTTATTGTGACTTAGACAATGTACTAAACCCCGCTCAGGTGGCGGCGACCATGCGTCATTAGTCGACTTCTCGGAGCCGGACCTAGATGGCGCGATACAAAACATGGGGGAAGCTGAAAGTGTGCTGTATAGACCTTGGCGGAGTTGATCAGGACGGTATATGTGCGACTGTGATATACGTCCGCATTCGTCGGCACCAGGCCGTTTTCGACATGATTTTATGTCACGCATGGCCCTGATCACCGCCCCGTTCAGGTCGGACACAGGTAAACGCATATAAAGAGTACGTACCCAGCTTTTGACTGCATATCTTCGTGCGGCGGCGTGACCTACTACGACTCCAGCCGGCAGTGAATTAGTGACTGTGCCAGTTTGCCTCTAGGGCATAATTCCCTGTCTCTACATGCCATATCTTAACTGGGCCCAAAATCGGTCTGGGCTGTGGCGAATTCTTAGGCCACTGGTTGAAGCTACATCATTCTACAGCCTAGATTGGGGTGAATGTCTGTTCTACCCCGCAGATAGCGTTGGCACGCCGGAATCGCTGCGCGTATGTAACATTTTAAAGAAGCTACGATGAACCGGCCACCTGATTACGGAAAACCCCATCCAACGATTCTCCTGCTATGACTTGAGCGCACGAGAGGTTCGTATCAGCACAGCGCAGATCAGTATGAGTAGGTGAGAGGAAGAAAGGCGGTGCTAGCTGTGTCTCTCCCGTTAAATTAACGGGATTTCAGGCGATCACAAAATACGT,1701,50.21,Mus musculus
SEQ_331463,CCTCACCCTCTGTGAAATTACGGAGCTGCAGAAGAAGTTCTAGCTACTCGTTGAAGACTCCCCGCTTATCTTGTCCTCGTATATTGAAGAACGTAACTCATTAGAGCTATAATTTAAGCCACGTTGAACTAACAGTACGGGTGCCTACGTCCAGCATCTAGTTCCCAATCCCAGACACTGCCGCATTAGCCTGTCCCTCCCGTTCCGGTTAGGACAGTGCCACCCGTTCTATAAGCTATATAACCGAGGCGACACCATACTTTGCCTAACCCGGTAGCATCTAGAAAGGCCCCGGCGGGAGGTATGAATGCGCTAACCCAATACAATCACAAGGGGACCGTTTGAACACCAAGAGGAAGCGCACCGTTATCGCCCGCATGCCCCTCGTGCTCCCACATTCACGGGGCTTTTACACGCGTGTCTCGGCTTGACGATTGTGCTGAACTCCAAGAGTATACCGGCGTGCATGAACGAGCCTTGATATTTATGCGGCCTTCCCATTCGTGGCATCCTGGTGGGTGCCAATACTTGGACTGTTTGCGTTCCACGATTGGGGGCGTTCGAAAGCACTGCCTGCACAAGTAATATCCCCAGTCTTAAAAGCTAAATTGTCGTTCTTCCTAAAGCTGTGCCTAGACCAGACAGCTTGGTGCGGCACGTCTGTGCCTTAACTTCCTCCTTCACTGTAAAAAACTACTGTTCGTTAGTAGTCGCCTTTATCGATAGATAGGTATTTATTCAACAGCAACGCGAACCCTGAATCCATCATTTGGAGCAGGCACTACTCCTCAACGCATTACCTTTTGTAGAAAACAGTACCAGAGCTTTGACACCAGAAATCCTTTCTTCACACGTCACTAGGTGTGAATCCTTCCGCAAAAGAGATGGGGTAGAAGTGAATTGGGTTCTAGGTAAAGCACGAGCCATCCACCTCTATCACACTTCGTTAAGGAAACGAGGCTAGTTAGAGATCACTATAGAGTGGCAGCTTTCGAGCACAATTGTGACGGATTGAAACGTACTTCTGCTAGCCACAGCTCATTAACCATGGTATTGTAACGGCCTTGATGTAAAATGACTTAATCGTATCATTTTCAGCCGATAATACGAGTGGCATTAGTGCGCAGCTGGCAAGTCCTGGAATACTTGGCTCATCTACCTGGATCCTGCATCAGTCGAGCCCAACATCTGTTAAATATTAGTCAAGCCTCTATTAAGGGGAGTCGGATTCGGAACACAAGGTAACTTCTAACTGGATGTAACATCAAGCCTTCAAATCGTAGGCAACGTAGCAAGTTGCCAGCACGGGGGGTGGATTAATTACCTCCCACTATCTTCAAGATAGGGAAGAGCAGCCTCAGTAGATCCCGCTAACGAAATTCCTTCGACATCCGCGCGCGACAACAGTAAGCTTTTTCCCCCCACGATTGTAGAAATCAGTACAAAATTTCAGCCTATACTTGTGCACGTGATCCTGCTTGAATCTCCGATGACTCATCATGCGTTGTGGCT,1512,48.02,Escherichia coli
SEQ_526052,GATTACACTTCAAGAATCCCACACAGGGGGCGTATGATGAGCGGTAGACGGAAGTTACATCGGGCCAGGAATCGAGCGTTTCTAATG,87,50.57,Caenorhabditis elegans
SEQ_725203,TTCGCCAATACCGGGCTGGCATTGAACATGTGGCGGCGAAAGGGCACAAATACGTGGACTACCAATATTACATACACGTTGACGGATCGGAGCCCTCCTGTGCAGGAGCCGGGAATCGTTGTTAGTCACGCCTCGTTCGTGTCCCAATAGCTGTTAAGCATGCTTGTTGGAAGTAATTGCCGTTGTACGTTTCGTTATTAGTGAGAAGGATAAACATCGTTCCAGTGTGCGGAGGACCAAGGTGAGAAGGCCCGGGTTAGCCATAACCCTTACCCTTGTCATTTGCCGGCATATCTATGCAGCATGGCCTTGCTCAGAAAGTCTAACCGGTGGCTATACGAAGGCCCCGATCAGTAAGCTAACGTGGCAGCCTTGGCCAAAGTATTTAGTACTTTCGGCGACCGCGAAGGGGCGTGAGCTTCTCTTTGTCTCCCGTTTAAGATGCGGAGTCTTTTACCAGATGTCGAGATTAAGCCCAACCCATCATAACCATGAATTTTACCGCGAGCGTCCCACATCTATCCGCTCGCCAGACCGTATGGCAAATCAACCGGTTGCTTCATTTGGCTCCGCGGGTGAGATCCGGTCAGCCACTCGAGAAGGTCAATAACTTTGAAGACTTGATAGGATAGAGGGGTTAGTTTGTGCTTATCTCCAAACTACCAATGAAGCGGGCTGGTATGTGCGTGACCCTGGGGTAGAAGACTACATAAGTGTACCGAGTGGGCCCGTAAATGAGTCCGTAAACGTGATGCGATCCCAACTTTGTCAGCACTTTCGCACGTTTTAAGTGTGGTAATCGTTATACTTATGCAAGGGGGCCTCGCCCCGTCCTCTGTGGCCGCGTGAAAAAGAAGGCCAAAAACGATCGACGTCGCACATAAGCTAGTCTCGAAGTGTATTTGGGTTTGTTTCGTAACGAGGGTATTTACCCATGAAATAGTCAACTCAGACGATTGAATCTGATAGACGCCAAAGATGCATTCAGCTCAATAAAGCAAGCTAAACGCCGCCCTTTTCTGATGCCCAATAAATTTTCACTTCGAGCCGAAATGGACTATCTCCCTGTCCAGATTCCACTGCAACGGATGAAGTCCGTCGACTCGTTCTGTGTACTTCTCGACGGTGTTCTGTCGACACTAGCTCTCATGTTAGTGGTCCGCCTGGACAAAAGTACAGGACACCCTTACACATTATGACATTATCACCCTAAAACGCGACGACTTCCGGAATCCTGCGGGATACATACTGTTGCCTCTTTATATAAATTAGCGCAGTCTATCATCAGATTTATGTTCCCTAGGTATAAGCGCGAGATACCCCGGAAGTACAACGGAAATTCGATAGGACTTGAAACTGGGAGGGGCACTGAGGCAGATTCATAGTCGGGTCCAAGGGCACAATCCCGTTCACGCGATGGATCGGGCTGGCTTCCACTCGTTCCCTTCGGGCGCGTGGTCCTAATCTTCTCGATGTTATGAACCTACTTCGGCC,1494,49.67,Caenorhabditis elegans
SEQ_915681,GATATCTACTACTGACACACATAGTTGTTACTTGAGAAGCTAGTCTTGTTCACTACAACTTGGGGCGTCTGTAGGCCCGGCGCATTGTTCAAAACTGGTACCTGAACGCACCACTAGCGGGCCAGTTTCATTCCAGGCACTTGTGATCGAGTCTTCATCCCGTCCGTCGAACTATCAGTGTGCTAGTGTTGTGCGAGGCTCGACATGTCCCCGCTCAATGAGATCGTTCCATTTAGTGGATGTTAACTGTGGAACTATTAGGCTTAGGAAGAGATCGTATGGCGTCCAGCGTACGACCTGGGTTCTATCTCTCCAGTAGAACTCTCAGATAACGATATTTGGGATTATACGACTGAAGGCTTTTATATTGGAGACACGGGTATTGATGTACCATCTCGTTCCAGCGTGTATGCTGTGAGCAATCGTACACTCCCACCAGCGCATGTCAATTCGGGTGTTGGGTACTTTCAGTTGGCTCCTTGAGAGGCCCCCAGTCAGTCCTCGTTAGTACTTAAGATACGCGGATCCTTGTCCAAAGCCCTGAGGATTATGTTTTCAGTTTGGCGTGTGCGAACCCAATGTGCTGCTGCGTGTTTGGTGTAGCTGCCTGTGCGCGAAATCCTGTAGACAGTGCCCTTGTGGCAGGCTAGGTCCGGATTTGGAGGCGATGCCCACGGAGCGTCTCACCTCCTGAATGAAGACATCTAACACCCCGGAAGATCGCGGCCAGGTAATTCGCCCGTTAACGTTGCCAGAGGCTTTCCGTTATGAAATGAGGACCACCTCTTGGAGTGCCCACAGCAAGGCTTGTATCTAGTTCATTGGTCCACTGGCTTTGCCGGATTAAACGTACTCTCAGGAATTACTTCACGTAAAACGCACGTAAAAGGAAACCCTAATAAGACGTACCCTCGCATGCATTTGCATTCACTAATTTGAATTTTTGCAGCTTCCCTATAGGTATTACATCTAGTGTCACAATGCTTAATGGTCACACCCGGGCCGTCACCTTTGCGTTGGATTACACTTTCCAATAAATAAGAAAGATTAGAACGATGTAGAAACTTTTAACGCCTTACTTTGATGGTAAAGCGGATCAGCGTAGTCTACTATGCAAACGCAAACTTTTGTAATTGAATTAGTCAGTAGAAAATTTCTAGTGGCCAACAATTCTCATCACTTATTATCCCTTCGTCTTAAGTCCTGGTCGCGACTTTGTCACATGCTTAAGAGGAAGCGCGTTTCGCGGTGGCCCCAGTAGAATTGGAAAGCCTTTTAGTCTAAATCGAACGGAAATAGGATTTGTCCATATAGCACCCTGAGTGAAGACTAGTCAACGCAAACTGTCTCAATACCGCGCCGTAGCAAGTGGGCCGATCTGACAGA,1386,47.4,Arabidopsis thaliana
SEQ_195402,CGCAAGCGATGCTGTTGGTCCACAATCGAGATCGAGCAACTCCTCCCGTTGGTGTTAGCCGGTCCACGTTCCGGTTAGCATCTTGAGTTGGCTCAAATTACACCGCTCCGGGTCCAGCTGCTCCCCGCTTAGCTTCGTTACATCGCTCCACGACGTACTAAGTAAGTGATCAGACACTATAGTGGGTTCTGTTCTCGTGTGAGCTTCCCGTCGATAACGATTTCAGTCGATTTGATCCCCCAACGAGAACCGATGGTAGCCGAGAAGGGATTCGGTAAGGTTGGCCTAAGGAAGCGCAATCCGTATTTAGAAATCCTCATGACTTCTCAAAACCGTCCGAATTTTGCCCGTTGGCGGTGATGCCCGGCTGATACATGTCATCGCTAAATCTCCGGCTACATCGCAATCGCTATAATCGGGTCCTC,425,52.0,Saccharomyces cerevisiae
SEQ_187264,AGCGAAAAACCAACGAGCAGTCTGACGAGCCTTTTTGCGAAGGGTGGGACCAGGTATTAAAATGGTGTTGTGCTCCTGAGCGGTACCTTATGACGTGAATAGAAGATTCCCAAGTATAGACTCCTCGGACATCTACTTACAAAGGTCTAATACGGGTACAAATCCGTCTGAAGAGCAATCATTTCGGCGGCTGCTCCTCCAAGGAGTTGAGGTCCTTGGCTTCCAATCTTTTCCATGGGCTGCCCTTACGAGAGTCGCCAAAACGCTAACGGCGTCTAGCCACCAGGCGGTATCGTGGGTCGCTGGAAGATTACAAGTCGCCTGACGAGTAAAGCAAGAAGCAAAATCCACAAGTTAAAAGTCGCAAGATGCCAACACTTAAGAACGTCTATATTGGCGATAAGATCTGAATCCGGGGTCGTATGAGCTCGTTCGAGGATGCGCAAACCGGTTATGAACGATGTGGCGTTACGACTCACCATTGTCTGCGTTACATTTATTGCCCGATCCGAGGTCCTACGAAGGTCCAACTACGGATGCAAAGTCCTCCGGGTAGAAGATGAGAACGATCACGGCATAGATGCGTAAGGAATTTAGCCGTTAGTTCGGCCTACGAAGGGTTCCGTGAGGTGCAACCGGCGGCTCTGGGATC,652,50.31,Drosophila melanogaster
SEQ_617276,CAACGGTCCCTAGCCGCAGGGGTCTTGCTCGAGTTTGTTCACTCCGTAACTCCGACGTCATGTTCAAGCTCTCTAAGAAATACGGCTAGACCTGAGAGTAAGCGTTGTTGCTGTGTTGGTTACTACCCGCAGGGAGTTAGCCCGTGCGGCCGCAGACTGGGTGCAGTATCGCGCTTCGCCACCTAGAAAACGATTCGGAAGCTACGCAGTGTACGCCAGCGGAGAGCGTTCCCTGAATGTTTGACATGTGCACCAAGCAGAGTCCTTATTGTCCTCGCCAATCCGAGCAACAAAAACGCTTATAAAACCTGATTGTTGGTCGGTCATGGGTCTGGTAGGTGAGCGTGAGAGTCTATTGGGTCTTTTCCATTCCATGATCCCAAGGGACTCAGCCGAATACGGGAGCTTTCGAACTGATCCGGGTGATATTCACACATAGGAGTACGTCGGGATATACGGTGGTGATGTCTGGCTTCAATGCCGCTCGCGCCCAGAGAGAATACTGGAGTTCAACCTTGGATAATCCAATACTTGGCCTTGGGTGCACGCGAAGCGCGTTTACGCTTTGTAGGTACAAGGGGACACACGGGCTTCATAACTTAGTAAGGGATAACGGGTTGGCATCCCACATAAAATGTTGGTCATATGGCGGTACCTGAGCGGGGACGCCTCCAACAGGAATTCCCATGACCGGAGGTATAGGCCTCGTCAAAATATCGCACTAAAACTACGTTTTTTATCCCGCTTATCCGATCCGATTCGTCAGATTTGCTGCCCTGCGGTGTACTAGGAAAATACGCGGAAAAAAAGAGTATCGTTCCATGTGATATATACGTCGTGTCGAGTCTCACCTCGGACAATAGTGCTCTTGGGGGAGACCTAACGCGCGTCCCACAGGCACAATAAGAGATCTAACCGGTTCGGCAAGCTTGGTACCGCGACGGCGTGCGTATGCACGGCATACCTCGCCCCAGAGTTCGTAGTTTACAATCCATAGTGGTAAGAGTCTAGAGGGTCGCTCACACTACTAGCATTTTCTTTCTCATAGGAGGAGTATTAAACCGTTCTAAATACGGCGACAGTTGGAACTCAAGACCCCACGTGTGTGATAGTAAGCGTATAACTCGTCGATAGGGAATTCTCACAAACAAGTTATATGCGGGACTCCATAACAACCAGGTTTAGCACCCCCAAAGGTATGCCTAAGGTCTTGACTTTTACATGTAGTAGAGGTACGACCGTTTGGGAATCTGTTTAGCGCATAACGATTAATCCTGGCGCGTAGCGTAATTCCTTAGCGCTCATAGGTTATCAGGATAAAACGACCACTCTTGTTTCTGGCGGGTGTAACCACCGCACTCAAAATTATGCATGCGTACGTGCTCGTTATCTATGTGATTAGTGAGAACGGGCACATCGCCAGTAAGAGGGCATGAACGTGATAATCCCGGCATGGGACCTTCATGCACGTTAACATGCGGTGACTAAGGCCAGAATACTACCATGGTGTAGGGTGGGATGGAATGCTGTTGCACGAGATCGCAAGACGGGCGACATAATGTGACTTAATAGACCGGACAACCTTTCTCTTCACATTGTTGGGGACATCGGTATGCCCCCAGGACCGAGCAGTGCTTATAATTGAAATCGACGGCGATCCGCACTGAACTTTAATTTTCTAAAGCAGTCCGTCGCTTCAGTTATCTTTCAAGCTATGCGAACGGCTTCCCAGCGATACGTAACGGTTTTGTTGACC,1756,49.72,Escherichia coli
SEQ_211220,GCCGCATATACTCTCCATGGTGTTCATGACATCATAATACGCTCACAACATAGTAGATGGCCTGCGCCTCCCGGGGGTTATACTGTCTGAATTTATCACCAAGGAGAACAGTCGGGCGACCTACTGGCACTTAGTCAGGTGCTTGCCCGACTCTGGACCTGCTGCCTAGATCTTCTGCCATCCTAGTCGCTACAGTTCTCGCCATGGAGCTATTGCGGGACTCGCTCAGGACGTTTGATCGTTTTTTCCATACGCTATTGGGGACCGCACACGACACGTTCAGTATGCAGGCAGTGAATTCTTGGTGGCCACGCCAGCTTGTCTTCTATGGGGGTCGTACAGTGTCGACTCGGGCGAATGGTTCATCGGGACGTTTCGTCCACGCGGATACCCTGGTCGACCAAGGATTGTGTCATGAAAGCTGATCTCATGCCTGTATTGGTTAATTGCTTTGCCTAGCGCTATGTCCTCTAGGTATCGGAAGCCGGCGCGTGCCAAAGAGTTTAAGTCCCGCCGTTCTCACAAGCAGCCTAGCATGTGCTGAGCCACTTAGGTTCAAATATGGATAGACTTTTACCCCGATGGTCGACGTAATGCCCCTGTATGAAGACCAGGTGATGGCGGGAAGCGCTTGACTCTACGTGATGTCTAAAACCCAAGCGGCTCCTAGTCCCTCAGGTGGGTGTAGGCAAACCGGCCATAGTTAAACCTAGGGGGATGACCCGTTCTTCGAAGAAGTATAAACATAAAGGAGCGTGGTAAATCATAGCCCAGTGAACTGACACATCCTGGAGCAAAGGAGAGGGTGGGTAACTAGTCTGCTGTGGGACGTACCCTGCCGACGGCAATTACTATTTGATACGAGATCATGGGCCAGCTGATCCTTCGGGCTTACTCGAGGAGTTCCATCGTGGGTGTGAGCATGCATGATGCCACGTTCTTCGGGCAAAACCAACGAGATAGTTACGAGGGATTACGCATACCGTCACTTTCACGATGTCTACATCATACGCAACCTATTGCGGGTCTCTTAACGACGCACCGATACGAGGCTTTGGTGTAAAGCATAGTGGGGAGCGCCACGCCTTTTTCTCGTCAAGCACAAGGGATAGCCGAGATAAACCTATACCAGACAAGCTTCGGTCAGTTTTACGCTGGCGTTCGACTGATTCTTGTTAGGCTGAGCGGGTACGCTACATGAACGAGGTCTCTGTAGGTCCTCGCACTGTCATCGGAGCTCATACAAGTCCGCACAGCATGAAAGAACAGCATAGATGTGTACGCCCATTAAGCGTATCTAGTCAATCGAGCCATCGGAGTTCCGCCGGGAACCGACCCTGTACGTAATTTCGACTAGCCTCGATCGGAGTCCCAATGACTCAACCGCAATTCGGTCTTAGATACAACCTC,1410,51.84,Arabidopsis thaliana
SEQ_210950,CACTAAGGTGCTCTGTGGAATTATGCGAGCTTCCTACAGGGTTCCACATATTATAGCCAGCCCTTTGACATATTACCTAGTGAGGACCGTATACAATTCCTGGCCCGACTGTTTAAGCAATAGTGGTAATACATTCAACGGCCTTGCTCTCTCGGGGGAATGCCCGTAAGTAATTGCGGAGTC,183,47.54,Caenorhabditis elegans
SEQ_149215,ATGTTTACCAGTCGGAACAAAACAAATACGCGAGTTCCACATGATGTCTGGCTAGCCAAGAAAGAACAGTCGCGTACGACACGGACTGCATATCGTCTAAAGATCTAATCATATTTGTAGGCCCTAAACAGCGAAGGTAATCGGCGAACGAAGCGCGAGTCATATGCAAGCTACCATGGTACGTCTCGAACAGTATTTCTAGTAATCAATTACCACTAGGGGGCGGGCATCGTGCCGCTCATGCTTTATCTCTGACGGCATAGATGCTATCCCCGGTTACCCCGGAGCCCAGGTTAATACGACACTGCTTAGGTACAGCGCACCCATAACGGGGCTACTACGCCTAAGTAGGCCTTTGACACAACTCGCCCGACCGCCCCTAGGTCGTTTGCGACTAATTATCCGCACAGTGGAGTGGAAGCAGCCGTCTATTGCACTGGTTTTTAACATCAGCTGACGATATCGGGCTGCAAAAACTCATTAGCAGCAAACCTGCTTGTATGACAGATCCCATGACGCAGGCCGCCGTCAAAAAAAGTTCTGGTAGTAGACAATCTGTCTCCCTGAGGCACAGAAGATCTACTTCCGAAGTAGGTCACGTATGCCCGTTGAAAGAGATACTATCTTTCTCGCCCTGGATCGCAGCTAAAGCGGTGCCCACGTTGAGGGCATTGGGCGAATTCCCAAACTTTACCACTTGCAACCGTTAAGGCGGTCTCGCCCAAAAATCGCTAATTCCCCGGCTGCTTTTGCTAAGCCTCGACTCCTCCTTGACGGGACGCCTGGTTCACCTTAGGTTGTGGGGTTACAGTTCACTCTTTTCCTGAATATGGTTTTTCAGTCCATACCGCTTAACGTATGTAGTGAATCGAC,873,49.94,Drosophila melanogaster
SEQ_143895,TCCGCGGGCACGCAGTAGTATTAACCTGATACAGTGGCCGCGATCAGTATGCTCACACGCGTTGCTTCGAGTCATTCCTACCTGTCATTCCTGCAGCTTACTGTCAGGCCAAGGTTTTCGCATTATATTTCCACCTGCACCCGGTTGGCAACTATTGTACAATGGACTGGGAACTGTCCCGTCTTGGTGGGTCCCCTTAAGATGCCATGTCCCAAACTCAATGGGAAATTGAGTATGGACTTAGGTTTGCACGGGCGTAAGCCACGTGCTGGCGAGCCCTTAAACAGTCGGTAACTTCTGGCAGGTAACGTACGCTCCCGTAAAAGACCACACAGCTCTATCTTATCGTTGGTCGTACCGCGGCCGTAGTAACGGTGAGCCATGCTATATGCAAACCACGGACTCGGAGTCTAGATTATGCGAACAGGTACTCGATTCTCGGGGGTAGGTGTAGTTATTTCTAATACGCGCTTCGAGACCTAGCGCGCATTCCGGAAGGACGTCAAAGGGGGTCATCTTTGCTATCTAACGCGGGAACATGGTTACTAGTGCGATTGTTCTTCCACGAGTTTACTGCGCTCGAGTTTATTTCCTTGACGACATGCGGCGAGTACGTTCGCGGGGTATGCCTTACGGAGGTCCAGAGGCACTGGACTAGTGCCAAGTGCTAAATCGGCAGTCCAAACCGGCATATGCGCGTTAGGGGGCATAGTGGGCTTTACGTTCCTATTTCTGATCTTGGGTACGATGAGCGGCATCGTTCTCAAAACGCGGATCGATTGGCGAAAAGGACCATACTGGACGGTCAACCCAGTACTCTCGGGTTGTTTGTCCTAAAGGATCGACCGCGGAAGGGTATGGGGCCTGGTGCAAGCATTATCGACTAGTGTTTAGACAGAATGACATCAATTGCGGGAAACGATCTATTACTAGAAACTCCATATCTGAGAAATCAATAGTTCAGGCATCAATCTGGAAGGGCATGTGCTGGGAGTCGTTAGCCGTAACACATAGTATAATAGCTCCGATAGGAGTATGATACGAGTTGAAATTGTGGTTGTGCTAGTCAAACGTACATTGAAATCGCAGGTGACAATCCATCCTCCCAATTAGTTTATGCTCGAGCGTTCAAGGGCGACGAGAAGAATCCCACTTGCCTGATGTCTAGGGAATTTGGAACTCCGACTGATCAATTCCAATGACTCCGTTCGCCTTCTGGTCGTGCATATCAATTGTCTGCGGATTACCGTGGTGCCCACTCGCTCAATCAAATTAAGGCTGATCGATTTCCTAAGCTCTCACTCTCGGGGGCGGCGGGGATTATATTTAGCCTGGAATAGTAATAAGACGGTTAACTTGCCGTATTCATAACTCAACAACCCTGCCCGATCCTTCAAATTTCCGTGAAGTAATCTCGGTAAAGAACCGTACTCGGAGTAACCAAGATAACCTTATATCCGGTCGCGATACT,1471,49.29,Saccharomyces cerevisiae
SEQ_188002,CCAGAGCTGCGACAGTGATTGGCAGAGCGTTGATCAGCCGTAAGCCAAACTCTCCGCCACGTCTCCTTAGGCGTTTTATCCGGGCGGTCGGTATCATAAAACGACCTCGGGTGAGAGGAGACTTCTCGTTCCAACATTCACGGAATAGAGACTTTGTAAGTTGTTTAGGCACTCCAATGTTGCTCCGAGTCATCTCCAATCAACCATGTACGGGGCGCCATCAAAGGACTTCTACAGCATTGCGCAGCCCGCAACCCATGTTTGATAATAACGCCGCAGCGGATCGTAGACGACTGACATCCTACTTGAACTACGCCGTTCGTGTGATAGTATTGTAGTCCATATCCTTTCACTAGTACTACTAGGTTGCAGCTTCGTCCGATATTCAAAGTCTTAACTATTAGACCAGAGTCAGGTCATCAGTATTGCGGTCCGCTGCGTACGCGTCTTATCGGGTCAACGACAGGGACTCGCCATGAGTTTAAGAAAATAAAACAATTTCGGTACAACGCCTTAGCCGGGCCCACTCAACATCGCCTACTCACCTGGAAATCCTGGAACGACTGGCGACTTTGTATCCTCGTCAACCATCACGGGCAGGGGGCTCCCAGTTCGCTAGCGATGACCATAGAAATTGGAATAGCATTCACGGATATTGTGTTGCCATTCATCGCGATAGAGTCGCTGTCTCATAGCAGCCTTTGCAAAGGTGAATAACCGGTACAATACTGGTCCTTGCTTTTGGTGGCCCATGTGATGAGACCACAACGGTCGGGGTGACGGTCTCCAATAGCTTGGACTGTCCTCGTGACCAACACGTTATGGCGTTTTCGACTATAGGCGTCCGTCATGCGGTTTTTTATGGTGTATTAACGTTGTTTGGAAAAGCTTAGTTAGATTTGTCTATATCTATGTTATCCATGTAACCCATCTAAGACCGCGCAGCGGCGGCCGAGTAGGAGAGAGGACAATGTCAGAAGAAGTCTGCGAATACTGCTTCATGGTACTAAACCGCTATTATC,1022,49.02,Escherichia coli
SEQ_906306,GGAATAACTCGAAATACCAATATAGATGAATTTCGGGTTTGTCAGCCGCAAGACCTTACCTAAAAGGTCTGTGAGAGAGAACGCCGAACACGGTAACATTGCCACGGTGATCGGTCTAGTGGCAGATCTCGGCTCTTGGCGTACACGTTCAAACCTTTGCTCCACAACCCAGAGACGAGCACCGACG,187,50.27,Mus musculus
SEQ_857666,AATGGTCCAAAATGGGACAACCGACCGTTTTCTGTAGTTCATATACGGCAATGTTCCATCGGATCTACTGTTAGGTGTGGCAGAGTCGGAATAGAGACCCCTCCCAGTCACCCTACTTGTCTCGGCGAAAAAAGTGAGTTCCACCAGCTCACAAGGGCGCAGAGGTTAGTCGGCGCCGGGGATTGGCCCGGTGCGACCGGGGACGGCCTACAACTGCTGTCCAACCTGGCCTCTCGATAGTCGTACCAGAATGGAGTTCTCAGGTGTCGTCGACTACATTTGGTCCAATAAGGACGATATGTCCAGAAAAGATCCTTTCCTAAGCAATTGTGCGGCTTGACGATAGTCGGGTGCAGGAGCCCTATGTTTTCCTGATGTCGGCCACCGGGAAATTTTAACATGCTCATTGGATCATCAGCGACCGCCAAT,429,52.45,Arabidopsis thaliana
SEQ_274245,AGCCCGTTAGGGTATGTGCAGACTGACTATTACTTGCATGTCAGTGTGACAACTTGGCATAGATACCATGTTACCTATATGGCCAATGATCATTGAAGGTATACTCCACTCCTTGACCTTCGAGTTTGTTGAGACGGTCATATCAGGCAACCTCATTACGTTTGACTAGACCACCACACTACTGGCGGGGAGACTGTAAGAATCGACACAACCTTCTTGGAGGCAAAACATATGGTAGGTCTCACATGCATCAGCCCCCCGATGAGCTAATCTCCCAAATTGATGGCCTTTTTTGTATGACCACCGACACAGGAGGGACTTCCAGGCAGCAATTACCCCTATGCCGTCAATCTGGGACCTGCATTTCGGACGCCTAGAAATGAAGTTGAATACTCCGTTGTCTGGCAAGCCTATGAGGTTTACACTTGTCGCCAAAAGCGGATCGTTCACACTGGCCAATTAAGGCCTATTTGCCGGGAGGGATCCCGCAGCGACTCGCAGTCATATAGAATCAGGAGAATATTCGGATACTGCAATACCTAGTCGTTACCGAGCGAAGCCGCGCGATTTAACGCTGCGAGCGGCGAGAAGTCGCTGAACATCTGCAAGACGTCCCGTGGGTATGTGCTGTGGTGTGGGACGAACGTACGAGAGGCATTGACACCGCACACATTGGGCATCTATACCGAGATAGAAGGCTGCTCATGTCTTGACCATGGCCTGCTGCTTCATTGCGGCAAGGGAAAGATAATAGCGG,757,50.2,Escherichia coli
SEQ_430241,CCTGTAAGGGAGCGGTCGGGAGACTGCCCCCCTGATATTGGTGAATATGGGACAAGGACCCGGGGTACCCGGGTGCGGGGCCATACTTCCGGCAGGTAACCCAGATATTAGAACTAGTCAGTCCTTGGCTTCCAAGTAGGTAGTGACAAGGGATGAGGGGTTTCCTTGTTAGGGAAAAACTCGGACAGATCATGGACTGTCTTTCGTGCTCAAACTAACTCTAATCGAAGCCGAGACAAGACTACGCGTGCAGCTGGCGTGGTATAATTTCGAATAGCAATTGGTTTCACCTGCTGCCTGTGAAGTCAGTCTCGGGGGGTGAGGCGCCTTCGGGTGACGCAACTGTCTTATTAACGTATATCATGTGACTGATGGATGTCCGGTGCTGGCGCAGCCCGCCGGCACAGTTAAGAGACAAACCGAGGCGAAGTCTTTGTGCCTGACCCGACACTGCTGGAACCTGACGCCTTACTAATATCGGACCGTCCCCCGAGCCCCAACCTTTCAGGACGTTTAGTAACAATAGGAGTGACATCCATATGGTTCAGTTGTAAACCCGTTCATGACACGGAAGCCGCGCCTCGAGCCCGCGACTCTTCTACTCTTACATAAATGAGCGCTCGGTTGGACGCGTGAGTTGGGCTGGTCATGTCGCCGTCTACGACCACTACGTCCAATCCCAAACGATCATCATTGTGGTTAACAACAAATACGTCGGCAACGGGTACCTGGAATTGATAGTTGGTGAAACAGAACTTTGTCAAAGTCGGTTTTTACCACATGCCACTCTGACGCAAGGGAAGAACACCAAGCCGTCCGCCAAAGAACGGTTGTGGGATCGGTAGCAACTCCAACTTAACGGAAACCAAGACTCATAATAGGCCAG,886,52.26,Drosophila melanogaster
SEQ_230509,GCCTAAGATATCAAACTTCGAGTATGCGCCGCTCCCCGTCCCTATACCGCATACACCGCCACAGCCTGGGGTTCGCTCATTATACAGCGTTCTGTCCGGACCCTCTGAGAGCTTGGAGTCCGTAACGATCGCCAATGACTTACTCGTACCCGAGTGGGTCCCGGTAGGCAGCATCTACCCCTGGGTTCACCTTGTGTCGCCCTGCACTCACTGAGTCCTACGCGGCTTGGGGGTACGGTCTACCAGAAGCTTGCGCACTTTGTATGCCCGCAGGCGGGCGTTACGCGGATATACTGAGAGGAAGGACATCTTCTTGCAAAATAATGCAGAACTCTTACCGTTGATTCTAAGTTCACAAGCGACAACACGCGGACACCTGATTCGATCATCACGATTGACCCGCAGAGGAAACATAGTCTTTGAGCGTGCTTAGTACTCACCGTACAGTGGTCGTTTGACTGGGGGCTCTTCGCTTCATAAACAGTAATTAACGGTCTCTACCTAGAGCGCAGGCCTGCCCTAATACAGTCGTAGAGGAGGTTGCACGCAC,550,53.82,Arabidopsis thaliana
SEQ_298262,TCACTACCAAGTCCCTTCTAAGTAAAGCTTTGGCCCCCGACCTGACTTCATACAATGTATGAGCGGGTCCGTGGAGACGACAATGTAAGAACTCCGGGATCGTCTCCGCATCTGCGGAGGAATATGACAAATTTAAGCGTTCTTAGGTATGGATCTCGCCGAAGAGAGATATTTATTCCGGCCTGTAGTTAGTTTTCGTTTTCGTGTAGCATAGTGTATTTTCGACGCTATCGAAAGCGGGCTCGTCCCGAGATAGTTGAGAACATCACAATGCGGAGGTATCTTCAGTCTTTTCCCCCTGAGAGCACATGCGTCCGGAATATCACTAGGCAAGAGAATTGCACTTCACTTCGAATTCTATGGGAGCCTCGAAAGTCGCTGGTGAGTAGAGTCATACGCTAGGCTCCCTTACGGGCAGAATCTCTCCAGAGAATGGACGAGATCTATATACCCACTACATCATAACCCGTTTATATTATAACCCTGGCGAACGATGTCCTATTCCGCCACTCACGGGCCGGGGCCTTCAATACCTCCCTGTCGCAATAACTCCCGTTGTGCTAGCGGCTTCATATACTACACGTTTAATGCCCCTGCGGAGACCGCGGGGAGCCGAACCCACAGGTGTGATTTCATTATGAGGAGGAAAAACGGGGCACCCTGGTTTTAGAGTAGTACTGCTGTATGTCACATGAATTCTATGTGCCGGAGAAGTTGGATACTGAGGCAAGTGCGCCACGCCCGCATGCGCCACCTTCTGCGTTCACACCGAAGTCGAGATG,782,50.13,Arabidopsis thaliana
SEQ_733072,AAGTTCCAAAAGCCTAGCTTTCCTCAAACCTTGCCGTGTGAACGCATCATCTGCCTCCACTGTTGTCATGTAGTAAACCTGTCCTTTCGTACTTTGACCATTGAAGTCCTAGCGGAACACGCGTGGGGTAACTAACAAATTGCGCTATTCTTCTTCGCCATGGAGTGAACTGCATCCGCAATTGTTCAACTCTAGACTCCGCTCAAACGAGGCTGCCATGGCAAAGGGCAAATGCCGCCCCCTTTGGGCAGCAACTTTAGTGGTGTCACATCTATCATATTTCTTCTCTTAATAACCATTACTACTTTGAACGTTCAGGCAGATTTATTTGTAGCTCTAGGTGGAAGGTTGTGAACTGCG,360,46.39,Saccharomyces cerevisiae
SEQ_694432,AAGGACCCGGAAGGCCCGCGATAAAATGCGTAGCCCATCCTGGCTCCCAAATATGGGCGCGTACTCACCTGTAAGGCCGAAGATGGAGGTTGGAGTGGAGGGGAGCGCTTATCCGAGTATCAGATACACGTTGAGCTGACCCAACCGGGCATGTACCTTCACTATATCGATCAAACGCATAAAGGTGGGTGGATAAAACTCAAGTGAGGGCTATAAAAATAATCAAAACCAGCACATAGGTAACCCACGGCACTTCGATGTACTGGGACGTGAGTGATTTACTAAACTTCGAAAAAAGCGTACATATGCGGCGTGGCCAATTCCCTCACTTCTGGAACATATGTAAACATGGTAGGGCAGGTATGTTGGCAGGCGCTTGAGCTGTTACCCTTTTTCTAGTCGTCAACATTTATTCCGAGCCTAAGTAAGAGCGTACGACCAACACAAGCACTCGTGTTTAATGCTAGAAAGTGCGAGATTACATGGCCTCGTTAGTCCTACCGTAATGTACTCTGGGCCTGGCGGTGCTAGCTATTCGCGTCGTGCATTTTATGTAGAGCGACATGGCATCTACTATCTAGCTCCTGCTAAGGTGACTGCTGCGAATGGAGGGCCGCTAGTAGGATTTGACTTCAGTCAATCACGCTATCGTGCGGCCGGTTCCATTTCTTCGTAGTAGCTAAGGGGTCTTGACTTTGGGTCATTCGAGTCGACTAATTATATCGCGGCGGTCGCTAATCCTAGCAGGAATTCTAAAGACCAGCGGGAAGGATCCTCAGACCGAAAGAGGATCTAAGCGCCCGCTGGTAACATATTGATTTGTCTAAGTAGGCAAGAGCTCGCTTTGGTGCACCTAGCTGTCCGAAGAGTTAGATCGTCTCAAGTACTAATCCTTCTAGAGTACATCATTAGGACTAATGGGTGAGAGCGTAATAAATGCTATGCCTATCGCAAGATTTTGTGTCGCGCGACATGGACTTCAAAAGGTTTGGGGCAGAATCCTGTAGGCTGTAATTGCGTGCCGGTTAGCTGTATTCATGGCGCGTATGAATTTCAGAGCACAAGGGACCTTATTGGCTTAGTCCCACAACTATATAAATATCATAATTACGATCGAACGGGCATAAGATATCGCTATTCCTCAAGAGTCTTGGAGGGGACCAGACCAATGTGCCAGCAGATGGCGCCCTTCATCGCAAGGGGTGAGGCTATAAGCAGGTAGGTGCATTGATTAAGACATGCCATTATTATAACAGACTCAGCCCCTGATGTGCTCCAGAATCCCCCCCAGATGCGATCAATGCTCATTAGTGTCGAAAGCGCTTCAACCCTGCTCGCATTGAAGG,1346,48.37,Saccharomyces cerevisiae
SEQ_163733,GGTTGTTACGCCGACAACAACTAATCGGCGGCTTGCCATTTATGTTCATCTTAAAAGTACTGCCGAATGTCGTTCTTCTGGAAACAGTAAGTGCCCGGAACGAGAACGCTGCGAACGATCGTGCCACGTGCAGGGGGACTCCTAGCCAGAACGTGGATGGTCTCAGACTGCAATGTGGCCTGCGCTAAGCGGCAATATTTGTTTCACGATTGACACGGGGGGCCAATAAACATCTAACGTATTTCGCGATCCCTTATGGTAACTCGAAACATGCTGGGCGAGAATGCCCAATTACTGCCGTCGTGCATGGATCCTATTCAGGAACGGAATAATTTACGGATGGAGGTTCAAACGATTCACAGTTCCTGGAATCAGGCGTGTTTTTGCTGGTATCTTCGGGGTACTCAAATCTCCTGAGACTATGGCGCGATTGCTACTATGCCTCCTACGACTTTCTTACCGTCGAGGCCACAACACTTGTGATCTTAGCGATTCGCATTGAAGTTCGGTATCAGATGAACCCAAGCGTAAGTCGCTCGTCAGTTGCCGGCTTACAGTTACTTATCCGCCTTAGGCTGAACGGCTAGGAAGGTCGCTTCGCGAGTGGCAAGGGAGAGTTAATCGTTGGTAGGCTTCCCTGATTCATTTCAACTTTAGAGTGCTATTACGTTAAGGGCCCTATCGAATGGCAACCACAAAATATGGAGGTGGCAACAGACTTCTAGCCACCAGCACCTTGAAGGTCGGGTATCAAACTGTACAAGATTGACGTCTACCTGACGTCGGATTAGGCACTCTCGCGCGTCTCATCTATGGGGAGCCTAGTACAGGTCACTGACTGTAAATATAATCTGCATCAGGAACTACCTATATACTGGGCCGTCTAAGCTGTTGCTGACTCTCTATACAACCAGTTAGACCGCCAGTTTTCACCCCCCAGCACCTAGCGTCTTGCAAGATAGTTCGCATGCATAGGGAAACGCCGCATACACCGTCCGTATCGAGGAGAATGCGTCAGTCAAGCCGGCCTAAGAAACTCGGTTAAACGGCCTTCGGCTTACTAGTCGGGGTCAGTAGAACAGGCTTTCCTGTCTCTATTCTAGGATTGCGTCTGGTAATTTTACTAAACAAAATGACGGATGGCTTAGCCCTCTTCTAATACGCGGATACGGTCGCGGGCATCAGCGAAGAATCGGCACTTTTATATCGTTAAGGGCCGCAGGGTCCCAGAGTTGCTGCGAAACACGAG,1249,49.8,Homo sapiens
SEQ_199053,TTTCGGCTCTGAGCCTCTAAACAGACGTTAGAGATGGTTCACGCAATAACCCCCGGAATAGCGTTCTTTCGGAGTGACTCCTTAACAACCGCGTAAGTCGGTGGTCCACATCTTGAGGACCGCTTTAAAGAGACCGCAATCTCATGTAGGGTGACGAGCGCTAGTGAACGCAAGAACATTATAAAGAACACATATCACTACTCTATAAAGCAAGTAGGAGGCTAGTTAATAATTTTACGGAACACAGTCTATTGGCCATGAACCGTAGCTCGGGTCAGCCGCACGAGACTACAACCCGCGGAGCCCCCGAGTTTAGCAAGACGCAAGAGACACCCACAGTAATTATCCGGATATCATTATTAGGGGCCGACAGCTGCGGGAGCACTTCTTCCTCCACGTTCCCGGAGCGGGGAGGCGCGAGCAAGTTGCCGTACGAGCTTTCGCCACCTCTCCGTGAGATTGTTGGGTTATTAAGGGTACTCCCAACTGTGCCCATCATTACGGCAAGCGTAAAACATGGAATACTGACATTTATCTCAGTAGACCGTGGCAAGCACCCTGGGGAATGATACCAGCCCGTAGGTGATTTGCCTAGCCCTGTGGCTTCGCCTCCGCACGTCGTGTCGCCCTGGTGCGAAAATGCGTATCAAGCTACGGGGCTAATGGATCAGATAACGGAATCCTAGCCTATCCAAGAAGCTCCAGGATAAACCTGATATTCCAAACTGCGAAGGTTTGTTCCGCGGCCTTTGCCGATCTATAATTTTCAATGGGGGTGGGAGCCCTGGGAACGCCCATCCCCGATCCAAGGCGGCTTTGTTCGATCAAAGTGGACCTGGACAAACATTGTCAATCAGAAGTAGATTTAACTTTAATATCGCGGGACCTAAGAGCTTAGTGCGCCGGGCCGAGTCCAAAGAGGAGCTCGATCGACCCAACGCAGGAATATCGGGGGTGCCCTTTTCTGGCACGGTCAGAGTTGATATAACCTCATAAGAATTTCGTCACTGTGGCTGTGACAATCTTAGCGTCCCATTTCTTGTGGGTCGCGTCCGACCTCCGGTCTACGCTCGTCTGCCCACGGCAGGACCGATGAAACACGGCGCGGATCATTACTTAAAGGGATCATAAAAAGTTTACCTCATCATGCAGTATGGTCTGACTCAGGAAACAGAGGTGGGACAGGCTCCGACCACGTCCCAGCAGAGCGCGTCCTGATGTATTGTTAGTCTGAGGGCTCAACGTGGAAGGAAGAGCGGACTGTTTAATAACGAAGATTGGGTCCGCTGTTGGCAGGTGCAGTGGATATCTATGTAGATTTCGAGCCGTTTCGGCTCACTGACTGGCCGTCCCCGGCGTGGATAAAAACAAGCATGCGGGCGACAACACTAATCCCCGGGGAACGTACAGATTCCGCATTCCGGATCTACTGCGAGCCTTAGGCGATACACACCCCGATGTCTGGCC,1467,52.22,Caenorhabditis elegans
SEQ_987836,ACTCAGCATGAGAGCTTTTCTCGGAAAGAGCAACTCTTAGCCTAGAGCTGCTCTTGTTTTAAGAGTATTAAATCGCGATCGGAGCCACGCAGGGAAAGCGGAATATTCAGGCAGCTTTCAGGAACTGTTGCCCAGTTCGCCCAGAGGATTACGGAGCTCGTATATATTCCACCAGTAACACCTGATAGGTTTTAGCCACGCAAAGCCGAGCTACAAGTCTCCACTACAGGTATAGTTTGCTGAGGAGAGCGAGAGACATAAATGAGATAATCAAGCTCAGACTCGTTTATCGGGACCAGAACTGTGCGAGTGATACTTTCACAAGCTACATTAGCTCCACTTCGGCACCTAAACAATGTCGACTCTTACAATGTCCATGAAACGAATGAACGAACGAGTCGCAGACAGTAGTGCGTTGTCCAGTAGGGGTGCGGTCTCAATAAAGACGTCAGCATGGTTTGATTTTTTTGTGAAACCGAGTATTTTAGATGGTCTGTAAGCGAGTCTTAGGCAAGGCGTATCAGGCGGCTTAGGCGATTCCTTACGTATTGGCTTCTTTTCGAGCCGTCCATCCGCGCTAGACGTATCGATATCGGTTCAAGTTCATTAGTTGAATCACGCATATGAGCTATAAAACCTGAGAACAGAAACCCTGATACTTAATCCCTTTTTGCGGTGCGGTAAAACGGAGTTGATGCGTCTGCCTTTCCCACGTCT,717,46.58,Mus musculus
SEQ_147382,CACACAAAGCAATTGCTCTATGCATTCCATGTCATAACTAGCACTCCCATCCTTTCAGATGGAGCTGACTTTCGCTGCATTTTCGAAGGCATCATACGGGCTAAACTGTTATTATGGTGTTAATTCCAGAACTGAAGACCCTCCGGGACTTATGTCCGTTTGAGACTATCTTCAAATTCTGAAAATGAACTCGCAGCTGTCTGTTCGCTTACTAAGCCTGTGTCCATTTTGTGTCGCGCGCGGCCTTGACACACGAATTTAACAGGTCGGTGCATCCAACACCCCTACAGATGAAGGCTTTTTTTTAAACTTCAAGCGGACTATGTCGGTTTGTGAGGGCAGGAGTTCTACGACCATGCAGCAATCAGTGGGACACCTCCTGGCCGGAAGAGATGGGGTCAGCCCCATCTGCGATATTCGCGCGCGCCGAGGGATTTATCCGTTAAGTGCCTGTATTATTGATCGTAGTTCTACTACTAAGTGCGGACTTCGTTTAATAATTGGACGGTGAAAGCACCTTCATGAACCGATATAATCCGTGAGCGAGTGCGGGACTCTTTCTCTGCTCTGGCGAACTCCCGCGCCCGTATCACTGCTACAACACTTTCCTTTTAGTGGCCCAGCAACACGTATCGCAAGGCTTTAGTGAGACCCTGACTTCTACCCATAAGGCGTATCGCAATCGAACTGTGCCGCTGCGTCCCGAACGCCCTGGATGAGACTAATTACATCGGACAGGAGTTTAGACAGAACGGGAGACTGTCTCCAGCCCTATCCTCAGCATGGACCGTTCCCCTAACTATCCAATGTCAGTCCAAAGAAACCTACCATGGGGTCAGTGCATAAAGAGGAATCGAATGCAAACGCGACAGGCTGACGCCCAGGCGAGCACGCGGATTTGTTGTACGGTCTATGTAAGGCTTAGATGGAAGAGCTAGCGCCCGCTGCGTTGATAGCCCGACACGCTACTACAGTAGAAATCAAATCGTCTTGTGGTCCGATTCGGGCCATTCTAACTCCAAAAACCGGGTTTCTGTCCCCATAATCCCAATCCCAAACCAAGAAACCGTTTCGATTCGTTCCTACCCTGCGAATTCGGATTTATATGACGCGAACGAACTTTAAATTTCACTGGTACCAATCATTATCGCCTAGAACTGCTTACTTTTGGGCTAACATTCCGCTACCACAAAAAAAAAAATTTTCGAAGTACCGCTGAGTCCAGCCATGGCTCGTCCTTGTGTCGGAAGAGTACATAAGTCTAGTATCCCGAACTGGTATACATTCTGTCCACTCTCGCTCAGCCGCGTCCTCTTGTCTCTTACGTAATGGCCATAATCTCTTCATCGTAGTCGTCTATCAGGTACCGGAGCAACAATAGACACTCTTATCCTATTTCTAGTACTCGCGTCTTTGAGAAGTTATGGTTGACCTTGTTCGCTCACTCCTTAGTTACGGAAGTACCTAGATGCTACCGGAAGTCTACATACGGGGTAGTCTGTAGAGCGCCAGAACATTTAAGACGATTGAAAAGAGATTGTGGACGCGTATAAACATATGCAACACCGGACTAAAGGATAAATACTCGCCCTCTCGGTCTTAGTCCCGTAGTGTCGAGTAAGTCTGTTCTTCATAGAAGGTTATCTCTTAGCATGTGTTTCCCCTCGCGATCTCGGGGTGTCCCGAACTGAGGGGGGTCAGATATATGGCTTCACGCTCCGTTACAGTCTGTG,1733,48.3,Escherichia coli
SEQ_532699,GTACGCGAGGCCGGGGTGATTATTCAGCGCCTAGCATTATATCCAGGCAATCCCAATTGGCTATGCTATGAGTTACACGTTCGTGACAATTAGGGTTTTTGGCTGGCTAGGGTTTTTGCAAGGTGATTTCATAGGTAACTTGATGGGTACGACGCGGCTGAACAAATACGCTCCTGTGCACAAGCCCCAAAGTGCCGTGTCATAGCAGCGGTGCCTTAGTTTAGTTCCAATCAATTCTTGTTCTGATTGGTCTATTAGATCACGACTTAATAATGACTAGATTATGCGGACAAGATCCATCCAAAGTTCGTATTCACGCACACCGGAAGAGAAGATGAGAATAAATTGCCCACGTCCGTTATGAAACCTTCTCCCACCCTCGGATGGATTTGCCATGTAACCTGGGGAATCAAATGGTTAATTCTCCAGGCGTGCCCACCACCGGATTCTTCCGAGGCACGGATTGATGAAGGGTATTAATGAGCGTGTCATGTCAGACCATTGGGTAGAGTTGTTTATCTCGAGTTCTCGAGACTGTTACTGCTAGACCACCTTTATAGTCTAAAGACCCGACGGCATTAGGAGGCACTGTCGTCTGGTCTTTCGTCAGCATGACAGTCGAGTCCTACGCAATAAAGCGCGTATTCGCACACCATAGGCGACCCACGAGATCAACCCAAACTCCGACTGCTACGATGCAAGGGCGATAGGGCCTGGAGGTTAATGATATTGTCATTATGTGGATTAAGGTTCACTTCACAGGTGCCCGCACGATCCACCGATACGACGCCCAGCAGGTCATAACTACATGCAGAGACGCTGGAGGCCCTCCATATCCATGCATAGCGCCACGGACTGAAGATTGAAGCGAAATCTCCGCTTTTATGCCCTTTCTGTTCTTCTCTACCAATGT,913,48.52,Saccharomyces cerevisiae
SEQ_600934,GATTACAGATGGATATGCGAACAATGACAATTTGGCATAATGCGGGCGTGGATAACCGGGCGGTCCCTGACGGAGCCTAGAGACGCTGTATCCCAAGGGTTTTTGTTATACCGGAGTATATGATAATTTAAGTCCTCGAATATTCTCTCTGCGTCCGTGGGTTCACGTCCCCTCAACCACATATTGCCTCGTATCCTGCCTACAAAAAGGAACTGCGATCTCAATAGTGACTCGTTGTCCTTGACACAACATCGTAACATTATGCCTACCAACATCAGAGAAGCCCTAGGCGGTCTATAGGCTGCAGCAGGTAATAGACAGTCACTAAGGCGACAAATCTAAGTTTCACCGCTCACGAGTATGAGCTCAAATACGCGAGTTGCTGACCGCCGACTCCCCGCGCTGCAGTAGTTTTTGTATCGCGGCCGAACTCCTTGGCCATTGTGTAGCTAGCGAAGCCTCCATCTTGCGGGCTCCGACCCTAGCGTTCTATTGAGGTAGATCGCCGCATTATCATGTCGTGACACTGAACCAACAGAGAAATCCGCCGCAATAATTATACACGCCTGTTTGCGATGGCGTGGCTCCGCTGGAAGATTTTAAGTGTCCAGAGGGGGGCGGGCGTCCTAGCCGGGTAAGAAAATCTAGATGGCTTATTAGCCATTAAGTTTCAGGTAGCGCCGGGGGCATCTGGGCTACGGGACCTCGCAAGACACGCTGTGTTGACACTATACAGACACGGGGTCATCCACTATTGCCTGCATGAGGTTTATAGCGGGTGAAATAGGCCTACACTAGGGGCTAATAGTGGCGCCGCGGGCCCTAATCTTACTGGCTCTCTTCAG,845,51.36,Saccharomyces cerevisiae
SEQ_209097,AGCCGAAGGCTCTTGCCGCGTCATGACCCCCCAGTCGCCTTACACAACGTATTGCACAATTAAATCATTACGTCTAAATTCCTGGGCGCAATCTAATGGCAAGATAAATTGTGTTGTACGGTGAGTGAGCTCGCTTGCTAGTCTCTACAAAGCTCATACAGCTTGAACTGAGGTCGCCAAGATTTTCCCGGAGCTTAGTATTAAGACCGCAGCTCTTAGAGTTTCACACAGAGCTAAAAGCTCGCCACGATACCACGAGCTTGATAACACTCTGCCCCATGTGCTTTCAGTCAAAGATGTTGGTACTTTGGATTGCATTACCAGTTTAACTTCATTTACTTCCGGGTCCAAGTTGCTCGCTGCGACAGGCCCAACATGGCACCCTGATTTTCTTGCAGGACGGTCCCACTCGACTAGGTGCCGACAGACCTCGGGCGGTCCCCACGTGTGAACATTTAGTGTAACCTTTTCGGGAATCCAGACCATCAATGGGTTGACCCGATCGCGGGCTCATAGCGGGTCGGTAGGACTCCGTAATTAAGGCGTTCCACTAAACTTATCGCAAACGAACTTGCGTGCTCTTGGAGGCAGAACACTGAGGGTGATCATACGTCGTTGTAACGGGCGGTCCCC,633,50.55,Caenorhabditis elegans
SEQ_565719,AACTACACTTATTGAGGTGGTTAGGGATTCGCATGTGGTCTGGTCCCGTGTGGTCGGACTCGGATGCTAAATGAGGAGAGTAAGTTGATCGCACCCGTCAGCGGGATATAGTCATCACTCAAATCAACGTATTGTAAAGCGTGGAGGCCTGTTCCGATACCCCACCTTCTGTGGTACCGGGCTCATGCAGGCGGCGAATGACTGGTCGTGCGCGGTAACGCGTCCAGGACGGTTTTGAAGTCTTCCAGACGCACAACCCGCGCCATAGTGAATGATAACAATTCGCTACAACCGGGACTAGCCCAACCTGTCTAAG,316,53.16,Arabidopsis thaliana
SEQ_199750,CACTAGGAATGGTGCCGACTTTGAGGATCACTTGCTCACGGACCTTTCAAGTGTCGTCACTGCTTTCAGCGAAGGCTTAGCAACGACATCATGCGCAGGATCAGGATCAGGATCTCTGGCTAATCGCCGTCACTTGTCCCGCTGTGCATTTTTCCTTCGCGTCCAGACTAGGTGTTGGTCTAGGAAACATGAGCCGTATAGCAGCTGCGCGTTGCCGAATGGCAACAATGCGTTAGGTCTATTTCAGGGAAGCGGTGATACCATTCTAGATCTTGGCACAGATATGCCCGGCGCCCTCTGCACGTATAAGTAAACCCTGGGGTATAGCCGGACCTGTTAACAAATGTCGGTCACCACCTAGGTCGAGAGATGTTTGAGAATTAGTGAGGAGATGACTACGCGCATTAGACCTGCCCTGATGCGTTCTATGTCCGTGTATGCTTTTAGGATGTTAGGGCATTGATTTAGCCGACGCGACCGTTTACCTGCCGGTCTGGCGAAAGAATTAAAGCAAACCAATTATCGTAAGGGCACTTGAGCTCTAGTATCGCGTGTTTAAAAATCGTAGTTGGCGCGAGAGGGGAGTGCTCGCGCTCCTCGCTTAACATCTCTTATCGGGCTCACGTTAGTAAGACTAGACGGGACTTAGTACAGACCTGCAAATGACAGGACTGGGCTGGGATGCAGACGGTAAGGTCGTATCGGGTCGTTGGCCACTCAGGTGGACGCGAGTACTTAAGGCGTTTAGTTGGAGGGTTTGGACAGTGCAATATCGCGTTTTTGTAGCGTTGCGACGGATAGCAATGTAAATCTGCACGAAAACCAAGGCCGGTGAGACACTGCACACAACGAACGCTGAGAATCCATACCTGTCGGAGAACTACCGTCTGTTAAGGAACCAAGTTATGACCAGTTCCCCTGCATTCTAGAACGGCATAATTGGAGTGCTTACAGATAGTTGTTTTGTCTGGATCCGTACGAAGACCTGGGAAGCCAGCGTTGACCTCCAACCCACTGATCCACAGGAGACCCCCTGCTAAGCGACACGCAAGATTGAACTTTGTCCCATGCCTAGTTACGCGATACATTTGAAAGGCGAGACTCGGCGGGCAATTCTCACTTAAATTCGTAATCTAGGTTAGAATCCGGATCTTCCGCACGATGTCAGGCAGGTGCGTACCCGGCCTCGTTGTTGCCCAGAAACTACGCAATGAGGCCCACATAGGTGGTCCTCTTATGGATGCGGGCTATTGGGCTAAAGGAGTTCTGAGTGCTCAGACCGTAGTTCTCAGGTCACTGCCCTTGGACGACTTGTAATATTTTGATCCCTGATGCGTTTCGCAGATGTGTTTCGCACAATGACCCATCGGGACCTCGTTAGTGGGAATCACTCCTATTCAGCCCCTCAGTACAGTGGAACCTGCTTCCTCCTTGCGATATCACGGGGCGGCAAGGGTCTACATCGAATAGTACCTTGGGATGTGCCCTCAAGAGAAAGAACACTCAAGGGGTTCACAAAACACGCAGGACGCCGAGAACCAGAATTTTTGTACTTACGCCTGGGAAGAAACTTCAGGGTGCAGGCACCCCCGCCTATGGAGATGAGGTGACACAAGTGCACCTAGGCAGCGAGCCGCGTACCTTCGTCTATCCGCGGCGACGATATCAGGTCACTACAAGGCTCTCTGAGCCGACGACGATT,1702,51.53,Escherichia coli
SEQ_213619,CATTGCCCCGGGGGGCCGAAGGCTGTACACCTAACGTCGCAAAGTAGATCTCAATAGATCATTAAGAAAGCGTAACCGAGCCGTTCGTCATTTCCGCGTGTAGGTCGGAAATCAGGAGCCGTGATCGTAGTTACTGATCGAACTACTTAGTGTGATTCGTCTGCTACCGGCTCATCATGGAATCCCACAGTCTACAGGCTTGCGGATGGATTTACCCCACTAGCCAACTCATAGGTACGCCGCGTTGTTCATCTGTCCCGCACCACTAGGATCGTGAATAACCTAATCACCAGACTAGGCCCGTCGACGCGAGTCCCCGCCAGATAACATGGAAGGTTAGACCTCTAATCATTCCTCTGTTGAGCTACCGGCTGCATTTCCACCTGGATTAAACACTTCGCCTACCAAAAACTCGGGAGTCACTCCTTTAATGTTAGTTTTGTACTACGAATGGGAATCCATTCGGAGGAGTATGACTTAACGACCTGCCGTAAACCCCGAAGAATTTCGTCAAGAACTGCCGGGTCTTTTTGTGCGACTCGAACTTGTTAGATGCGCTGGGTATTACCGACCTGATGGTGCCTGTACGGTACGTACTTACTAAACAACAATGCGTCGAGAAATTGCGCATACCTACATTTCTCCACCGCCCGCATCCTTCGAGCGGATCCACTAATAGTACCGCGGTAGGTTTACCTCGGAGCATGAGCGCACTTTAAGAGTGACCTGTCGCTGGCAGGTGATACATGACAGACGTTCTAGACAAACCGCTATCATACGATGGGGGGGACTGTCATACTGCTCTTAATACTTATGTGCTCTCGTGATACAAGTGGCTCCACACAGACAGCTTCGTCAATTTCGTGGTTCCCTCATAGAAGTGACTTGTGGCACTCCTCTCAAAGGCCTGCGAGATACGCATCCCCGTTGTCAGAGTTCTTCGGCAGGTGGGCTGAACCTGAACAGCAATCCTAATTTCGCCCATCGGCTTGCACCAGATCAGATTGCTCTAATTAACACGCTGATGCCTACGTCAAAGGCACGTTCATCCTACGGCAGAGGCGTAGGAACTAAGCCATATCCAAATGTCCCACAATTCAAGCTCA,1106,50.09,Mus musculus
SEQ_528674,CCGTGCTTTCTGGGGCGGTCGTAAAGGAGTACTGCGTAATGCGCATCGCGAGCCATAAAAGGTAGCCTATCCGGTGCCTCGGCTCTTGAGACTCTCGTAACACATTAGCAGGTTCCAAACTTTCGCCAGGGGAGATCGGCTGCTTGGGATATCCTTGGGCTTTAAAAAATGTATGATTAGGGATGTCCACACTACTCGAGCGAGGGACAGCGGAACGCGATACCTGAGAACAAAAATAAATACTTCCCGCCGGTAGCGACCTAGGAAGGCCCTCACGTGGTGCGGAAAATGCAGAACGCGTCACTGCTGCGTGTCTTCCAGAGTGCTAGTCAAGACCAGGGGCTCTCTGTTCTAGCGCACCCTGCCGGCGTAATATCGCTCGGCGTTTATCGCTGACTATGTTCTGGCACCCCATCGATGTACGGATGTCGTGGTTGTAGTAATTGGGATGTGGCGATTCTCTCCATTGTCCGTGCCTGTGCATGTTGAGTGCCGACCTTGAGTAGATGAGGGTCAATGGTGCGTGGCCGCCGGCATACCGCGGGCGCGATTATTCGATGGCGGGGTAGGAAACTCAATAATCTACCGTACCCCTCGTTTATCGCATATCAGGTTAACTAGGAGCAGCAGTTCCTATACCCCGTCCTGCAATTATCTCAGTCTCTGACCGCTCCATTTTGCGTCGCTAACGGTTACGCTTCTTAGTACTATACGCGCTCATAGCCCTAATCGCATATTCCCCAGTCGTTCGCCGTTTCCTACACCTCATTTAACGCCTAAATGTGTGCAAGACCTAGCAAATTAGTAAACTTTTTCACAATTGCGTCTGCGTTTAGGATACATGTCGCTGTGACCGACTTGCGCGCGCCACAATACAGAGACTGATTACCTGTTCGCCAGCACAGGACACCAGGAGGGATTCGTGGTCCTGGCGAGCAAGATTCCCCCTCGCCAGTGTACAGCTATCACGTCTAAGGAGCGAGAATGAGGTGGCAGACTCCCAGCTGCCCCTGACGAAATAGTCTAGAATCGTGTAAGCACACTTTAGGCAACATATATATAGATGGCAAAGTGCCAGTAACAGCTACCGCCTGTCTATTCGTCTGCGACATTTCTTGAAGGGGATACTTTGAGACCATACCGTTGACATTGCACGCTATCCACTAGAAACAGGGAGTCAAAAAAAAAGTCAATGTTCCCGATCTGGGGTTCGGCTTGTCACGGCAATCGCCTCTAATGTGTGATTACGCGTTTGTCTATTTAGCATTTGGCCGCACTAAGGAGTAGAGTGCCCTGGTTCCACCACTGCCGGTACCAACTATATGGCAGGCCGCACAGCTCGGGGTGGGTAGCCTCGGCTATCGATGTAAGCTGTACGCGACATTAATTAGGCTCTGAACTTTCGTATGACAGTGGGAATATGGACTACTTACCCCTGCGTTATAACTAGGGCTGCTGATTTGGACTACAAACGGA,1476,51.22,Drosophila melanogaster
SEQ_586526,CGAAAGGGCCGGTTTCGTATAGTTGGGCTTACAAGTTCCATACGCCCGGGTACGAAAGGCGCCATAGTGCCGGGTAGGGGCTCTGCGTACTCTTCTGAGGTGAGTGTATAGCCCATTTACATAAGTCGCGAACCTACCGACGGCAGACCTATGAACAAAAGGACTAAGTATGAACAGGCGTACTAATCAGTGGACTGGGCGTATGGGGGTACCAACCTGCCCAAGCTGAACAAGCTAGTCCCACATAGAAACCCGGACTCCTCGAGTCAACATCCGGAACTCACATGCACTCATCTTCTACGTTATGCGTGATGTGGATGTTCG,324,52.16,Escherichia coli
SEQ_120070,AGGTCAGCTTATGAGGGGAGCGCTAAGAACTTGCGGGATATAAACGTATAACACAAGTAGCGGGCGCGCC,70,52.86,Mus musculus
SEQ_153430,GGGTGCGGTCACACCCTGTTGTAACGCTTAGTCCTACAATAGGGCGTCGTCGTCTTTGAACCCAAACACCGTGGACACGGACGCGGTCGCCACATTCTTAAGCTCCAAAGATGTATATCATTTGATTGACACAACTGTGAGGCGTTGACGACAATTGGGTGTCCGATGTACGGGTCTGCAGACGTGACAAAAGGGATCGTTTTCATCGCGTATCCGCGGGGCGTATCAAGCTGGGACCGAACGGTTATCGTTGCCAAAATACGTAGGCTTTCTTAGTCCGGTCGTGTCGAGCTAAATCACGTCTCAGGGCGCCCGCACTGTAGCCCCTAATCGTAGCCTCGTAGTTCACACCCGAATACCCAAGCAATGGAATAATCTGTGTACCGTCATAAACAGTGAACCATACCGTTGCTATTACTGACTCTTCCAATCGTCAGTTAATCGGGGTCTGTACGAACGTCCGTCTCATAGCGTTCGCGGGGAACGCGACAGACTAGTGGCTGCAGCGCCTCTTTCGGAATTGCAACTGGATCGGTCTCGGCCGGGATTTCTCAGGGCCAGAATGCACAAGGTCAATTGTATGAGGATGTACATGTCGTGTTGAGTGCTAAATCCTGAAGCCTATGCTTCCTTTGGTTCATAGTACGTTTCCTATGGGATACTGTTCTGGAAGCGAGTTGTCTGCCGTCAACCTCGTAAGCCATCAGCCGCGGTGTTCAGGGGCATCAAGAATAGCTTTGCCTCGTCGCGCGCTACTTGTACACAG,766,51.7,Escherichia coli
SEQ_584369,AGTATGTAATGGTTCCTTACGTTTAGAGGCTGCCCCGTGAATTCTGATTAGGTATGCTCTATCCAGCTACGCGATTGAATTGGCCAGGTTCGTTACCCCTAAAGGGGAGCCAACTAGAAGGGGCTAAGTCGATGGTTATGACGTAGTACGCTAGTGAACACATGTTCGTCGGAGGCAATAAATCTGGTGAGGCTCCCCGAAATTAACAGGTATCCCGGATTTAAACGGAGGAACATGTGGGCGATTTAACACAACAAGCGTTTTTGGTGTTGTTGCCCGACCGCCAAGTTTATCAACTTTTCCTGAGAGGTAATAGCTTGCTGACAGGTAAGGGTAAGCCCGAGGAAATTAACTATGACGCTCTAGATGTCTGCCGGCTACAACAGTACCGAAAAGACATGGATCCAAATTATACACAAGTCGCCCGATTGCATGTACGACCACGCATCATTATACTCCCTTGGCGCTATTAAATTACCACTCCGATTGACTCTCAAAGCGGGTCGGGCACATCAAAGTATGGTTGCGACCCTCACCCTTGTTGGCCCCCAAATTTGTAACCATAACAGCAGTCTTATTGTTGGCTAGGGCTTTTTATTGGTAATGCTCATAGATGACGAGGTGCTAGCGGGTCGGAAGGAGACAGTGGCACTGCCAGCCGCGGTTAAACAGCAGTTTCTCATCGGGTGAGCCATAATTCGGAGTCAATTGGGGTGATACCCTTACTTCTTATCCGCTGTTGAGTTTAACAGCGGAGAAGACCGAGTCCTGATAGAGGATCTGTTTTATCCCATGGCCCAAGTTAACGACTCCGTAACATCGTGCCTCAAGTTTTAGATCGACTCACGTAGCGAAACCACCATCTGCGAGTGTTTTCCAATGTCCTACAATGTACTCTGGTCGTTCGTCCCATACTAGAAGGCTCGAGACGGCTAAGAAAGACTCCGGCCTATCGCTTGAAACTGGAGATGAAGCTGTTGACTATGGTGGAGATCCCATGATTTCCTACCGCCTG,1015,48.08,Homo sapiens
SEQ_412044,CGCGACTACATCGAGTTTGATGAATATTAGCAGACATCCCTTGTACCACCCTCTTTAATCCAAGAGACCAGCCTGGTGCTGAGTTAGTTAAAATCTATCGTGAACATAGCGGCATCGCACGCGTACTCTTAATAGATCCCGGATCGGCATTCTTTACATGCTCGAGGCAATACATTAAGACTCGTAGCACCATCAGACGTCCAATCACGTAAAGCAATAACTACAAAACCGGTCTGTTCGAGTGGTGTAAATCTAGAAGGAACAGTCTCACCAATAGGGCGATATGACCATAACAGACACCTCGACGACGCACTAAGGCAGGGAGAAAGTTGTTTGCCTCAGGCGTGCAATTTGTAATTAGGTGGCGAAGATACCGCACGAGTGGCATTCCATAGTATGTGCTTAAATCGAGAATTATACTCTGCCAATTCGGCTCTATCTCATTGACATATAGGGGCCCGGCGAATCAATTGTCATTCGTGCTCAAAAGGATGCCCCAGTGCCTGCGTTAACCCCTTCTAACGCGGGTAGGTTCGGGGCATACCTGAGATAGCGAGTCTTTTTTATTTGGCAATAAAAAGACCACATAGCTCTAGTAGATAGGGACTGCACCTTACCGTACAAATGACGAGAAAGAATCCAGACTGGAGTGGGAAATTGAATTTATTTCCACCCCTGTATGTTAGTGCAATAAGTTGGGAGTGTGATCTTCAGGTTAGAGTTATTGAAGGAATTTACACGTCCATCTAGTGGTCAACGCGAACCCTTTAATGTCTAGTCTGGAGGGAAGTGTTACTACTCACGATGTGATAAAAGCACGGCTTTCCAGGGCTGGTCAGTTAAAGAGCACTAAAAAAGGCAACATTGTAGCAGTCATAGGAAAGCGACTGGGGAAGGAAACCAAACCGGTTCGCCCTCTTTTTAGGGTTTGGTCTCCATTTCAGTTTGGACCGAAAAAAAGGTATGCCGCCGTCCAACAGAGCCCGAGAGTCTATCGCCCTGGCTTTTCGACCCGGGTGGGCTAAGTGATTGAAGTCAACTACTCAATATCATCAGTGGCCAAAAGGCCATCAACGTCGAAGACCTGGAAAGTGCACGTTGTGGGACCAAACGGCTATATCAAAGCAACGTTCACTGTTCAGCTGCTATGACTCCAGTCCAAGGCCCGTGTTGGGAATTTTTGTTCACCTAAGCGAACCACGGCACAC,1208,46.77,Arabidopsis thaliana
SEQ_972052,TTCGAAGTGGCCATGGCGGCCCCTTTGGCCGTCACAGCCGAAGGTTACGAAGGTGTTTGCCCAGTCAGAGCTAAACGCTCCCGGGTGCTCTCAGACACCTTAGATGCGAAAGCCCCTCGGGGTCCAGACGCACACCGTGATAAATTGAAGCCCACCCCGTATTTACACCAACGCTCCTATCCCGCGCATAGTTGCGAAGCAATTGGCGATAATCGCAGGCGGCTGAGTGCAATAGCTCGAGCGTTAAAAGGGACCGTTTATGCTGCAGGTCGATATATGCGACTCCACTCCGATAGCTAATTGAGCCGCGCACGAGTTGGGTCACCCACCAAACGTAGCTATATGCCTAGTCTCTGCTTGCTATTCCAATCGACGGCCATAGAGAAAAGTGTCAGTTGTCGGGATATTTAAAATCCTGACAGTGGAATCTATAGTACCGATTGTTCACTGTCACACTATGGGGTCCAAACTGCCATCTGATTTCAATGAGACGTTAGCTTCAACACCCGAGTAAATAAGGTAACCTAAGATTCGGAACCTGTCAGACTACATAGGATCGCGTGGAAGATCAGACGTAAAAAACAGTCCAGGTTCCGGGTAATTGTTGTCCTGGCACGCTCTTTAATCCCGAGAGTAAAAATTCACCAGTGGGAGAGCGATATCTACGATGAACTGGGGTTAACATCAACCACCGATCCCTTAGAGTTGACATCGTCTCAGTACTCTAAACTTCCGTGTTTTCATTTGCCAGGAGTTTAGAGCGCAGTCGCCCACACCACACGACTTTGAGATCGACGTTTCCGCCCAGTGGACTTCAGGTTCTAGGTGCGTAGTGTATTAGAAGTCTTTGCTAGCATGCCTTCATAGAGTGAGTTCACCAGCGATGAGTAACGGGAAGTTTGCATGAGGCACCTTACCAACTCGAGGTAAGATGGACAGTCCAACAGGCCTGCGACGAGCTGTGGCTCGAGGAAAGGAGTGCGTCCATGATTCTAACGTCGCTGTTCTAGAACTCATTTTATAAACTGGCTCGAAGTGCGGTGACACTGACCTGATCAAGCAGGGGGACGAGCTATCCGGAATGGAGAAGAACGCCAGAGGGCGTAGTGAATGCGAATATTGCAGTGATCGGTAGAGCAATTAGTGGCAAGAAGTCCGATGTGCCATTATAACGGCCCTACGTGTAAGGGATACATGGGTAATCGGCCCCCCCTCGTGGTCCTACGTCCGGGAAGAAACCCCGCACCCCTGAAGCAGTCTCGAACCAGCGGATC,1274,50.94,Escherichia coli
SEQ_435690,GCTCAGACTAAAGCGCGATGCCATGGATCTACTAGCATCAGCGGTAAATTGCCGCCTGTTGGGCACGGGCTAACGTTCCTAAGGCTCTAATTCTCCCAAGTTGCGTTCCATTATCAAGGCCCCTTTGAACCGGCCTCACACGTTGTTGCTCACGACAGAAGTGATATCGGTTCCGATACCCCCAATATGTGTGAAGCTCGCCACTTTTGTGATCCCGAGAAACACAAGATCGTAAACACGCGACTCCATTTATTGTTAGTTCGGAAACGCGGAAACATGTGCTAGATCCAGCGTCTATCTGTTCAAATTGGAGAGAGGATTCGCTCTAGGACTAGAGTACTGCCGGGCGTTAAACGCAAACCGATGGTTTAATCATTCCGGCCGTAACGCTTGCCACTATACCACGCGGCTAGGACATTCACGACTACCAGGAGATTAGCGGCAGCTAGGATCACGTAATTACAGCTAGCTAAGAAGACAGCATCCGGGTTACGATGTTCCGGCAACCTGGTGAACCTGTCACCCGTTCATTATGTTAAAGTATTTACCTTCCAACTTCAAGACTAGAGGGCGCCCAAAGAGTCCGACGGGTACATTGTTCAATTCGGATAGTGTAGCCTCGCAACAGTAACCAGTAGACGCGGTGATTGACTGTGCGATTACACTGAGACCGTACGGGTATTCGTCTCAGTTGCACTTGATCTTGTCCGAATGCTAGAAGCCTGCTCAAGACACCGACTCCCAATTTCCAAGATACCTTAAGAGGCATTCTGTGCAAACGGTAGGAATTTTTAGTCAGAACTTACATACAATCCGCATGAGATCGGCACTAGCTGTGAGAAGTTCGAGGCACGTACCGTTTCG,864,48.96,Escherichia coli
SEQ_376490,CCAGCCCTCGACGATTAGGAAGCAAGTACATCGCATGAATCCGGCACGATTGAATGACGGAACCAATTACATTTTGCTTCGAGGTCCTTTTGTGCGGCTGATCGCATTGCCGGGGGGGAGAAATGCTTCGATAAACCGAAGGCACAATCCTCTACAGACCCGAGGCCCGTTACGCTGGCCGAGTTGCAAGAGTTTCTAACATTAGCTGGTGACGCCTTCTACTCAGGCAGGCTGACGTATGGTAGCCAGTATCTGTGAGGGATGACACTTGCGTGAAAAATCATAGTTCCACCGACTTCGAGCATAGGAACGGCGCTCTCGGGCGCGCCCATTCTCGGTCAGATCACGGGCCGTTTACCGGAAGTTCGGA,370,53.78,Caenorhabditis elegans
SEQ_121167,GGTAAGAGCGTTTTCGCACAACTTATCTACCGCTCAACGCCTGTAGGCTGGCCGAACTTTTTTGACTGAATTAGTGACCGCACCCTCCTGGAGTAAGGTACCTCCCATGTGCGTCAGGACCAGCCTACTTGGTAGAACTCAGCTTTTTCCTGATACAAAGGAGAAGGAATTGGCCCACTCAGTTTGTTTTGCACCTAAGTTTTGCCTATGCTTTATCGGTTCCCACGCAGTAAAGGGGTGTAGTTGACTCGTACCTTTCAGTTTAATGTCATAAGCAAGTGGACGGGAGGGGTGATACGCCCTACGTGGGATTGCATCGGGGACCCTGCGAACAACCCGGGAGTGAGATTCTCTGTACTCTTTTTCTCATGACACCGCATGGTCGGACGCCACCAGCCTAGGTGATCCTCACAGTTCTATAAGAATCCGATGGACTCGGTCCACCGAGTCGCCCCCTGGGACATCAGTAAGGAGGGCGGTACCGTTCTGGTTACTCCTGCTGAGTGATCGAGAAAAGATGCGAGACTTCCTAATTACAGAATGTGTTAGTTCTCACTTCGGAGCCTCGCATGCGAACAAGTGATATGTCAAAGATGTCTGCTACTATCTGTACGGCTGTTTTAGGAAGTACTGTGCCTTCTAAGCCACTCCTATAACGATGACGCAGATCAGGCTGTTAACATTTAATATATCCTAACACCACATATGCCTTCCATGGGAGAGATGACGTGACCGATCGTTGTTGGAATATAAGCAAGTACTTCGATGTACCCCCGGAGGCG,782,49.36,Caenorhabditis elegans
SEQ_726646,TCTCTTCGAAATATGCTACGGATAGTGGAGTCTTTGCTACTTCTTGGCTAGAGACCACCGGAGCCATCGCGCATCCTGCCAGAGGTCCCCGGAAGCCTACCATTCCCCGTTCATTGACTCCGCAGAGTTTGGGCACACCCCTGTGAAACAGCTATTCTCTCAGTGTTTGAAGGCTTCGTTTAGCCGTAGTCCTACACTACCGAATCCGATGCTTTATAGTACAAGGTTATTTCGTCCCGTTTTAGCTCCAGTGAAGTGCGCTATTTTTCTTCATTGACAGTAGCGCAGAAGGTGACGAAGCTAGGGTTAACTTAGTCTTTACATCTAGCGGCGAAGCCCTCTCACTAACGGTACGCGCAACAACTGAGGCCCAAGATCACTGCACACGACGGCTGCGTGTGATCAGAAGGACCTTTTGTAGGAGGCCCTAATACAATGCGTTTATTCTACGCTTGAAGGCGGCTCCTTTGGTGTGCGGAATTCTGTTGTATCGCGGGACGACCTGGTGCTAATAATCCCTGACTCACCTTCAGTAAGCTGAGAACATGATCACGAAAGGTCGGAAACCAGAATTGATTCTAGATCCGGTTCGCATTTCAATCGGACATCTTGGGCGTCGTCTGCTTGCCAATATACTCTTATGTTCGGCGTTTTTAACAGGGACTGTCGCCTAGTTCCGGTTCAGCTGGCAGCCTATCACTGGCAAAACCTAGAGCATAGATACACCCAGTCTAAATGTCGGCGATACTTTCTAGGCATAGCAAGAGCACCGATTCAGCCGAGTGACTCCACACCAGTACCCGCCGAAATCGGGATATGGTGCTCGCGGCGGCGGCACCTTGAAATTTATTGTCCGGCGCCTTCCTCTCGTATGTAGTACGCACCATTCTAAACATCCAAGCATTCGGGGGAAGGGAGTGAAAACTACTACTGGTAGACTTCCTAGTAGCACCGTCAGAGCGGCACTGTCAAGGATAGACCTGCAAACTTAGGGCCTGACCGATCGCTGCATATGGATGATCCTCTCTTTCGGTACGTCGGGTTGGCTCGCCACCGAGCCTTCCTCAGAGTCCTAATTCGTGCTCGGAGGACAGTCTCCTCCCTGCGCTGTAATGATTTGGCGCGGTACTACGTAAATCTGCAGGTAATCCATTAGTCAGTGGTGGGTCGGTCAGATCTCGATGGTTCGGACGCTTACTATCCTTGCAGGTTGGCATTAGGAAGCTGTTGTTATAGCCTCTGATCACCATGGGACACGCATTAACATTAGACCGGGACGAAGGTGTTCCGGGGGCGAAAAACGCCTATGCTAACTAAATAACCATGCCGTTTGCTAGATTGTTGAAATTCATAAGTCCCGGCGAGAAACGTCTGTTAAATATGCTCGTGGAACTCCACCGGGACCTCAGAGTGCAAACCTGCAATTACAAAGCCGCTTGGGGTTCCTACCGCCGATAAAATCACTCACCCGTATTTCCGCGTCGCCCAGTTCTCTCAAACTATGTGTTTTTTGTATATGCACGGCCACAGTCCTCGACTGACCCAGGGTGAGGACGCGAGAGCGCCCGTTCATTAGCTTGGGTCCTCGTGGGGCTAGTTCGCTCCCGCGCTGTCGACCCTCGATTAGCCGTCGCTGAGCGCACGCTGACGAGTTGGCAAAAACTGGCAAACTCTCCAGATAATGTGCGGGTATAGGAGTTTACTGCTCCGGATACCTTAATCAGTACTGAGAATTACCGTTTCATGCCTCTGTCTCATACAGGGGTGCACACATGTTCAGTAATCGGACGTACTAACGAAGTTGAGTCCCGGGTATGTTGCGGGACCAACATGCGGAGTGACCGAAAGGGACGTGCGTATTTCAACCAATATGCATCAATACACATTATTTGAATAAGCGCTGGGAATCTGTTCGCCTCATTCTCCAGGATACAGGTCGTATCACACATGCGGGTTTATGTACTTTGGCTGAATGACCTATGCGTTGATGTTAGCACTG,1999,50.68,Caenorhabditis elegans
SEQ_210132,CTTACTCCCGTAATGTGACCACACTACCACAGAAGCGCCCAAACGCTGTCATATGAAGAATAACGGACGGTTCAAAGCAGATCTAACGGTATTACTGAACAGTGAGGGTACGCAAATTCCGTGGCTTGAGCACTATCACCTCTAGTTCCGGGACGGAGGTGCCCGACACGTTGTTTGAGGCAGACCGCTTTCTTCGCTAGTCCCAGCTACGGAGAATCACGGACTCATAAGCCCGGGGCGCTGAAACTCGTGGGACCCGACAATTCAGGATAGTAGACCTAACGAACGTTATGCGATCCAGTCGCATGATTGCAATGGCTACAAAAGATTCAAAGGTTGGTAATATCGCCCGATAGGTTCAAGAATCAGTCTCTCTCGGGAGCCGGAAAGGGCTATATTTCCTGTACTATCCATCGAAGAACTACGCACAACTTAAGTCACTTGTACCGCCAATGCCGTCGAGTTCAGAACGCGAATCACTGACTAGCTCCCCAGTACGAGTTCACTGTGAAAAGGCCAAAGACGTACCAACTGCTACGAACTCTCACTCAGGAATGGGGTTCGAGTCACGCCGTTCAGCCGTACCGAGGCCGATGACAGATATAACTTTCCAGGACGTTTGCACCGCAACCAAGGTCCATCCGGCGTTAATGGATCTACAAATAGTATGCGCGGCCACAATTAACAGTTGAATTATTGATTCGGGATCAACGTATATCTAGGAATATGGAACTTGGCTCAGTGTTATGAAAGGACGGTGTTAACACTCGTCGCCGGATGAGAGAAGCTTCCGGATTACCAGATAGCTCTTCGACATATATGAAGCGTGCAGTATAGACAGCTCCAAAATCAGGCCCCCTCAGGCTTCTGTTGTATGGTAATGTTTTGTAGACTAAAGATTGGAGATTACATAAAACAGATGTTATTCATCCTTTCAGTTGGCAGTGCAGACCCGTCTAAATCGCCAGCGTAAACTACCTAGCGTCAATAGGTAATAGTGGTGCTGTAACCCCCTGTGAGTTGGACGGAACCGTCCTACCCAAAAGAGGGGACGGGTGTAACTCCCGGCCTAAGCACTCCAGTATAATTTTCTCGATCCTGACGAGCAAACATAGAGTCGTTAATCCATTAGGGGTGGGCGTCGACGGCTCGAGGCGAGCCCAGCAGACATACCGATACGTCCGCAACCAAATTGGGTTATATTAGCCGAAGGCCCCTTACACTCGTGATGTGAAACTTGCCACGAGTTGATTTAGGCGGCGACCAATTATAGAGAACTGAAGAGCCAACGCGACGCTAGTTCCACTCGTCGGGCTCTCAGTGTTCCCCAGCCCTTGTATCATATAGCTCCACGCATAAATAACCGGGAGGAGATTTGACGGGGCCCCGAAGACCCGATTCCCTGTTAATAATTTAATGTCAGATATATGTGTCGTAAACACTCACGACCTGAAGTTATTTATGTGAACGATAATATATGGAGTCCTCAGAGGATTGGTTCAGCAAGTTGTGAGAACTGATTAGCTAGGCGTGAATTACCAGGTCGATCGAATCCGTGGAGGCTGCAGGGGGTGCCCTTGCATCGCAGTCAGCCAAATGAGATGTAATTACATCAGGTAGTT,1622,48.71,Escherichia coli
SEQ_912774,CCCTACTCTGAGTAATTCGTCGGTGATTTAGGCAACGGCGAGAGGGATGTTCTCTAGTGGAAAAACTGCATTCCTTTGACGGTACATTGAGACTGATCTACACTGAATTATGCTAATGCGAGGAACACCGGTCCTGATAAA,141,45.39,Drosophila melanogaster
SEQ_256449,AGTTTCCCACGAGGGAACGAACGAAACCTTCGCGACTACCACTCTTGACTACACGGAATCGTTGCTCAGGAGCGAGGAGCCAGCACCATAACACATAATACCATGAGTGCTGATACAAAGGCGGTTAGCCTCGTTTCTGACCGGAGAAGTGAAGTTTATGTTTTGTACGGTCTATTCGCGTTGATAGAGTGACCAAGAACACACCTCCCAACGCCAAGCATTTAGACGTACTCCGAGGCTATGCCCTGCCTGGGAGGATCGCATACGTAACTCCCTAAGAGGTTGCACCACCGGCATCTAGAAAATGTCCGTGGGCACATGCTGGCACAAGATTAAGCGCATTTGGATCCCGTCGAAGAAAAGGCGCAGCATTTGGATTCCTGGTGGGCTGCTCGGCCATGGGTGGTCACCGTACCAAGCGGACGAATCGCTTGTTACATTTTTCTGTTATAACCAACACAGAATTAAACTAGGCGACACGCGAACTAATTGTCGCCTGGTGGAGCAGTTACCCATCTTCGTCTTGAAGAGACCTTTATTCTATAAAAAAAAGAAAATATGGAGTTTTGCTCCAGATTACAGAGGGTTTTGCCAGCGGGCGGACCTGTAGGCAGTGGTCAACTCCCAAGAGATGGGCGTGCCCCTAGATGGTGCTAACTAGCCTCTCTAGATGTGTGCAATGTTCCCGATGCGCCTGGGCCCTAGGGTTTCTGGTTAAGTAAGATCAGAAATAGATAAGTTACGTTCTGCTGAGAAGTACGCTAACACGTCACGCCTGCAGGAACCCACTATGGTATTGCATCTCTATGCGACAGACGCCGACAATGCGGCGCAGCAACGGCCGGATCTACACGGGTAGAAGCGCGAACTAACGGGATGGAGGACCGCATCATCTACGTTCAGAAAATAGATACCCGCGTTTAAATATCCATTCTTCGGGGAATATAAGAGGGCTGGCTCCGTGTCTATGACGCTTAGATCCCACATTGTGGGTAACTGAGGGGTTGCAAGAACACGATCGACAAGACTGAGGTGGGCAGTATTTGCACTTACTGAGTAAGCTGGATATCCCGCTACACGGTGATAAAGCCGATACCACACGGCACAAGGGAATAAGGGGAATGCGTCTCAATAAATGATCCCATTAACTTTATGCCGAGTAAATAGTTGACAATGACATGCTAATACTTCGAGGAGCACCGAGACTCCATGGTGACACAATAACAATCGCAACGCCGGAGAACTAGTCATGCGTTTATTACCGGAGCTCTAGCTCCCGCGGGAGTCCGGCCCACCAACAATCATTATCGTTGCTGGTCGGGTGATCCGCGCGCGTTCATGAATGAGTGATGAGGAAACTTGGACCCCACGGTCGCACTTTGCGCCGAATTAACTAATGCTCGGCTAGCAGTCAAAAGCCACCACACGCGTGCAACCCGATATCGCGTGACTAGAGTTCGACCATGCCGTATCAGGCATAGACTCCCGACGATCCTAACCGGTCAAGGAGTATTAATTCTGAGAGTGAGCCTTGTAATCGGGGCATAGTTGACTCAGTACGAGACAATATGTGCTTCTACCGGTGCGAAAATCTTCACACGGGCGCCGAGGAAGTAGATAACGTTATACCCCATACCACTCATAGCTAAACGTATACGACCGATTACAGGCTGAGCTGGCCTCCCCCGGTACTGTTTTCGACAGGAGACAGAAGTATGAGCAAGAACCTCATAAGGGATTGCAAAGCAGACCA,1753,50.14,Saccharomyces cerevisiae
SEQ_775097,ACACAGCGCATCACCGCCCCCGGTTTTTGGAGTAAGCCTGCGTGAATCGCCCCAACCTTATTTGAGGGCCATTTTCTGCTGCTCGAGAGCCTGATTTATCGAGTCGTTTACAGCACCAGAATCTTTTCGCTAACGGTTTCGGTCAGGCCGCTTAAAGTCCGGGGAAACAGGAAAAGGACGTCCAACCTGGTGTCACATGCGGCCGGTCGCATCCCTATTTATCTCTGTTGCTCTTCCGCGTAGGTATCTTTACCTCCGTAGCAGGATTACCGAATATAGGTGGCTAAAGCCGGTGTAAGAATGTATATGTGCGAGATAATGACTTATGTTCCGGTGGATACCTGTCCCTGACGTCCGCGCTTTGTTTCGTAGACACGTTTGGCGATACCTTATCAGGCGGCACCTTCTCCTAAAGGAAACGGGGGACGATGTGTGCTCCAAAGCGCTCCCCGTTTAAGGTGACCATAAAGTTCTGTCCGGACTCTAATTTACAAGGGGTCACCGGCCACCAAGATATTTGAGGGTACCGCCGCCCTGCCAAGCTGAGCGACGGTCAGGGTCGGGAATGCGCCAGCACTTGGATCCGTGCATCTGCGGCATTACTGCGGATAACTTACGCCTACATCGGGAAGGCGTATCAGATGTGTGTCGCGGAAGCGCCACGACCGATCGACAGGCTAATCAGGACGGGACGCATGCATACCATGGGTAAGAGGTTACTAGAGTCTTTCCTAAAACATGTAGGGGGGGTGGCGATGCTAGTTGTGGCCCAATCCATCCGCAGTCCTGTTAGGTTATCTGCTGATCATGGGACACAGTGTGGTGCGAAACTTACTCCCCAGGGAGTGTGCATGGTGACTCGGAAATGAGGGTTGTCTAAGATGTACAGTTTCATATAGTCACATTTTCATTCACTCTTTTAACATGGCCCCCCCGGCCTAAAATGGCAATTGTAACACATGGCGGGCACGTTTGCCTAAGATGTCACTGTGCTTTAGGAGCGTGGCGGTCGCACCACCGGGCCTTTGGGAGATTCTATTAATACCAGCTGAGCGTTTGCATTCTCCCCGAGATGGTCCGAAAAACACGTAGTCATACTAATCTCGTTCCTTATGAATACATCTAAGG,1128,51.68,Drosophila melanogaster
SEQ_107806,CAGCCTGAGAACAGCTACTTGTTGGGACACGTTGGACTTGGTATAAAAAAGGGCATCGTGCGCAGGTCATGTGGACGATATTGTCCAGCCTCAACAGAATTCCTGACGATGGTAATGCAGACACACACAAACCTTGCCTTTGAGATAAAATAAATGCGATCTCGGATGACTCACTCCGAGATGAAGACACCAGCAACGCGAGAGTGTAAACCTACCGGCGCCTCTCCGCGGTATTATGCCGGGTGGGCAGATCATGATTTCTACGGTTCGCGTCTTCCAATATGAGTATGATAGGCTATTTAACTGGCTTTCTTGCTGTCAATTTTGATCCCATTAGAGTTTTTACCAGGCTAAACGTATCAACCTTGATAGCGTTCCCTTTGTTCGCTGTTCAAGGATTCAATCGCGCCAGGATCATATACTGGCTGCCGGTGTCCCCGGCGCAACATGAACCCAACTCACGTATTCTCACCAAGGTTTCTAGACGCCGATTAAATTTGTATTCATCGAGTGATTGATGGCAAAAAGTTTAAAAACGTGGTGCGGCCCATCGTACGGTGACGCCTGAACCGACACCGGCTTTACTGAAAATCAGTTCCGACGTCCTCCGGTCGCTCACACACCCTCAGAGAACTTACACGAGGGGTAGGGGATGCCGCCCGTGCACTGGATAAGTTTCGGGTCAACCATGTAAGACAGCATAGTTGGCATTTGGCATTGTTTTACGCGTCTCAAATTTTTTCAGGTCGGCAAGACGCACTTGCCAATCCAAACATATGATGAATTTAGTCCACTCTTAGAAAGGTTAGGGTCTGTAGCTGGGACTAACATATCTTCGTTCCAGATTATGTATGGCCAGAGTCCTCTACAGGTACGATGAGAGTCCACCTCTTTGGAGTCGCTTAAACGTAGAGGGTCAAGAGTTTGCCCCCCCGCCCCGCGTGAGTGATATAAAGTGGCGCCACTGGCTTTTGTATTATACCCCTGTATAGGCCTCGTTCAGGAATAAAGCGGCCCGACAACTAAATGCGTGTTTCACCGAATCTGTGGAAACGGCCGCTCGACTGTAACGGCAGTGAATATTATAAAGAATGACAGTTGAATACCTAGGTTCTGCGTTAATTGTCAGAATCCGTTATGGAAAGCTGCTAGTGCAACCAATTCTGCCGTCTTTTGTAAGGGAATCCGACGCTGTCCGCATACGTAAACGGGGACTTTACTCACGCAGGTGCCTTCTAAACGCGAACAGTAAGTTCCTCTAGGGGTGTCGCGA,1273,48.31,Escherichia coli
SEQ_657491,TCGTTCCCTACGAACGCGTTTTTTACCTTGCACACTGTACATCGTGAAAGGTGCGAAAAATGAGACTACTGTGTATATGGGAACAAGCCACCAGACCCCGTTTGATTCAACTGAATTGGTGTTCCGTTACGTAATAGGAAGTTGCGGGACATATAGATGACGACACAAAACATCGGTCACCACGTGCCACCGAGATTCGAACCATGCAGACCCTTAAACGATCTGAACGTGCCTTGTTACGTGATTTGTCTATCTAGGCCCAGCCTCTGACGTTCTTAGCGCGCCATCATAATACGCCGTCCCCACATATTCCGCGAATGGCTCAGCTAAGATCGCATCCCTCACCCTTCCTGCGCTCTGGGAAACCATTCGTGCCTAGATCGATATTTGCCCTCGTCTTGTTAATAAAGAAATTGCCTCCGTAATTTCGACAGAATCATGAGTGTCATACCAGCTATTGATCAGCGACAGGGACCTAGGAGCAGTTACAATCGGTCCGGTAAATCTTGAACTTAACATGCTTTTCGGGTATGCAATCGCATTGCTTATGCGCCATAGTTAGAAGTCCGCCAAAGTGGGGCGTACACTGCGTGGGTCTGGCTCTTTATGAGGGAAGTT,618,48.06,Caenorhabditis elegans
SEQ_896386,ATGGTCCGTCGTCCCATTACCATTTACGAACAGTTACTAGATATTCGGGCAG,52,46.15,Mus musculus
SEQ_314311,CAAAAAATGTTCCAGCGTGACCCAGAGTTGCCCGGCCATTATCAAGCGTTCGGCAATTTTTGCGCTGCCCCTTTGTCGTTTTAATGAGTATATCCCTGAACAGCCATGTATCGTACTTTTGTTAAGACGTAGGGAAAACCGACGTGTAGCTATCGCGGCTTTCGCCAAGCTAACAACTATTGGGTGACAGGATACGAATAAGCCAGCGTATGCGCCATTTGGTACCATAGTAATCTTTACGGTGCTTGTCCGATATTAGAATGTTGTACCGGTGTTACTATCGAACGCTAAAGTGTAAGCACCTAAACGTCGGGTTGATGAAGCCCGTCAAAAGCAGTTAATGGCCCCGGGTGTATATTATTGATGAGGCTACTTGAGTATGAGATTCAGCTATGAGGGTCCTGAACTAGAGTACTCGCATGAAAACAAAACTGACGGAGTTCTACGGAACTTGAATGGTGCAAGTTAATTAAGACACCGTGTCATGTCTCACTGCTCGCCCAATTCCGTCTAACCGTGCATGAAATACGTCTGCTTGTGGTGAGCTCGTAGAACCAGGCTATTAGGCGTTTACTCGGCGACGTGGTCCTGTAAACCGGGCCACTTAGATAAACGCAGACCTGTATATGACCTAACCCTAAACCACTTGGGGATGGTACGAAAGGTGATATCCGGACCCGGCTGTTAGGAGCTTATCTCCCCAACACCCCATGGCAGTCGAGGCTGTTTGGCTTTAGTTTCTCGTACTGTGGCCAGAGTAGTACATGCCCGTCCACAAATGCTATCTATTCGGGTTGCCCAAAAGGGTATTTCTGGTCTATAATTATGTCAACAGGTACGGGGATGGGGCGGTACAACCAGGCAGTTTCCGGTGCCAGGAATTCGCTCTAGGCCCCGCAGCACAATTGCCCTTGACCAATTCTACCGATTACCTTGTAACAAGATCGTTGTACTTACGGTACTTGTTTCAAACAGTCATACACAATAAGTCTCTGTTATGTCGTCGCGACGGGCGCGTAGGATATGCTTGAGTTCATTATTTGCTCACTAGGGCAGCTGCTCCTGGGTCGATTAGCGTCGGAAATTCAATATAAATGAGCACTCGCAACAGAAGGCCTCCCACTCGGCGTACAACTTTCAACGAACTTGCTCGAGTGCCTTCACGTTTACTAATTTCGGGCGATACATAGCGCACGTTAAAAGTAAGATTCCGTGGGCCTATACCGAGACACGGGTGCGACAGTTCTTTTTCCTTTCAGATAGCTGCGTTGGCAGCGTCGCTAATCCGATTTGTCCCCAACTTAATCAGGATCCTCCCAAGACGTACCCTTGAATATGGACAGCGCTAACTATGGGCTAGGTTGACTATTCTA,1373,47.92,Mus musculus
SEQ_359928,ATGACGTAACGGAGTAGAAGCATTCCGATGATGAATACAGTCCAGCAACGCGGCTGGCAAATACTAAACACCCGGAATGGGCAGGAGAATTCGACCCGATAGAGTTAGAGGTAACGTTAACTCGGACTAGTCTTGAGATCGAACGGATAGGACTTCGGCTAGTTTGCGTGTGACAGACCCGTTATTTTTCCGTCTCAGACTCGAGTGATTGCGCTCCCTTCACGGTGCTTACTACCTCACGGACCGGTCTATCTCTTGTTGCCTCGTCAACCCCTGACGTGATTATAGTTCGTTGGTCCATCAAATCCTAGCCGCACCCAGGTGCAGTGCCATCTAACTGTGTCCTGCCACTTCGACACGAGCGGGCACCTACTCCCCGCCCTGGCCCGAAGTTTCGCTCCCTGGTGTCTAGATACCCACATACACTCTTTTTGGAGTCAGGTGACAGCCTAAAAGCTCACTAAGGGATGACCCTATGATCAACCCCAGAAAAGCACATACACAGAATCTGCTTAATCACCGTCCGGTATTTGCTAGAGAAGAGGCATTCGCAAATCAACTGCATCTTGGACGGTACGTGGGTACCGCTGGCGGATTCTGGCCAAGGCCTAAGTTTTCTGTATCACATCTGGGCAGCAGCACTCTTGGCAGAAATTCAGATCACGTATAGTATATGTGGCATCTAACAGCCAGCTACTCACGGAGAAGGACAGATTGCCTGAAAGCGGCAATTGGAATTGATCCCGCATTACGTATAGTCGCAACACAATAGGAAGAGGTCGAGCAAATACAGACAAACTCCAGGCTGTTTATGACAGGGGCGCGCCTCCCCTAATTTCTGGCATAAGTTCGATTCCAGCTCAGAAGTCATGTGAATAGTGGTATGAAGACAGTTTACTTCAGGGGTTAACTTAGACGCCTGCCTTACCGCTTTTGTTTTGGCTCGCGCCAGGTTTAAAGAGGGCTAGTCTCCCAGTCCGTGCTGACCACCTGCGTAACAATCTATTATCAACATAGCAACTCGCTGTTTTGAACCCGCCGAGTGTCTTCGTATACGAGTACCCTATGTGATCCCGTGAGACACGGTCGTAGTGAGAGAAGCGACGCTTGGTGTTACGTAGGTTTCCAAGGGCGTCGCTCAGGTTTGCAAATTACTTAAGTCCGAATGAGAAGTGGGCATATTCTGCAACTCCCTAACTAGGACATGACGCGGTATCTAGCTTAAGATCTTATACTGGGAGTCTTGAGATAGAACGCCCTAGACTATAGCCCTATATATGGAGAGAATCGCGATCCATCAAAGAGAGTTACTATTGCCGACCTATAAGCAGGAGAGCGGGTCTTGCTCGTCGTCGACAGCCGATTCGTGATAGTCAAACTCAAGAGGGATATAGTTATAGGTATGGAGGGGTATGAACGAGGGGGAGCTGCTTAACTAAGTCCATTCACACTAACTGACAGCCCGGTCGCAATGAGCCCCAAGTAACTTCTCACAGCATCAGAACATAGCTCGTA,1515,49.37,Escherichia coli
SEQ_497285,TTTCATAGTTTCCGCATGTCGCTTAAAACGAATGTCTCGCTAGGATCTCTATTCGGAAAGGACCTCGGGGATATCACGCGAATATGTGGTACGCTGTAAGATGCTACCTGTGATCGTCAAGAGGTGGCGATTGGTCGAAGTGTGTGTATCAACAGTCTCTCACTTAGGGTGTAGTGAGTTGCAGGGCCTATGGTGTGCGTTAAGAAGGGCGATCGTTCAAATCAAGAGCATGGCTAACAGGCATCAGCCGATGTACACCTCCTCGTGAGTAGAATTTTGGGCTACCTTCTATTACCAGGACCATAATATCGATAGCGTTGGAACTTGTCCTATGGATAGCCATAGCAAACTTGCCACGCTGACATGGTAACTTCGGTGTTAAACATATACAGGGTAATAGCTTCGCGGTTCTTTAATACCAACCGCCCCGCGCCATAGTTAGTCTGTCACCGTGTAGGTGCTTTTCCGGTATCTATTGCCCAATATACTGAGTACCATCGAATACGTCGTTGAGTCGTAGCGCAGAGTGCCCCTTGGAGGGCACTTACGAAGAACGGCGACAACGGGGCGCCATTTGTACCAAGCCGATCCTCCATTATTAGGGCGCGCTCATCCTGACGATACAAATGGCACTTCGAACAAACTCTCGACGTCGACTGCCGTGAGACGCGGTTGGAGGGAGCTTGGTAAAATCGTATGCTGCACCTTATCGTCTTCTGCACTGAAAGCTGTATATCTGCTTGTTAGGGTGCAGGGACTTTTTATTCCGTAGATCAGTTTCAATCAGGTGTGCTTACATAGCGCGTTCTCATATGCCCTAAAAGTGTGGCACACCCCTGGTTGGGCAGGGCGAAGAGAATAGTCGACCAAAGCTCTTGAACAGGTCAATTGGCAGTTTCGTATAAATCCAAGCACGGATAGCCAGCGCACGACTTGTGTGCAGCGACCATCGGAGCCAATGCCCCGTGCCTGTAATTGGGATAAGCAGGCATGTGTCTTGGTCCTCACCGATAGTTGGACCCCCCGGGGACTCAGCGTTCCACATCCTGAGCCGGAATCAATTACTCAATGGCGCTTATACGCTTAGACATTCTGCTGCGACAACACTGTGGGTCGTATGCATTCCATGTGACAAAATTGGGCGAATTGCTCATATCAGTTATACGGTAGGATATGAGAGTTAAAGGGGGGTTAATAAGACTAACTATTCGAAATGTGAGGCAAGCATTCCTATGCGGTCTCCAGGGATCTGGATCTCTGCGGAAGTTATTACCCAGGGCACGGCTCCCGCAACTTGGGAAAGACATTCGCACGACTTGGAAAGATATGTATTGTTCCTAACCATTGCGCCCTAGATTTTAACTTGCATGAGCAGATACCTGTGCTATATTGATGGTACGGCGCTACATAGACAAGAGGCGTGATTCACATCTCGATGCCTGGAAATTCGCTGGGCAAACGGTCATAAAACATGCTTATCTGTAAATGCAGCTACTACGAAGCATTACCGAGACTGTAAATCCTGACTTACCCCAGTGTGATTATGCGCAACAATTGTAACGCAGATCATCACCACCTGAGTGGTACCCCCAGGCCAAATGGGGAAACTCTTACCTGCGGCCCTATGTCACGATTTTCAGCTACCGATAGACAGCTTGGGGCAAACTCCCCGTAGTCCTCCTTAGTTCCAAATTGGGAATTTAACTTGCTCCAGTTGTCTATTATCCTTTTTGCTTCTCTCTTTGGACAGACCTCCTCGC,1760,48.64,Escherichia coli
SEQ_508977,ACACCCGCTTGAAGAGTGAGGTCTAATCTCCCAGGACAAGTCTACATCAATCGCCAACACTACGAGGCTGGGCCATTACTTAGTAAATAACAATCGTACTTCTCGCCGATCCGACGGGCTACCTATATGAAGAAAAATCTTTTACCCCATTGCAGGTGCGATTAAGTTTAAGTTTTTCTTATTCGTTAGTCGATCCTTGTCAGGCTGAGCGGTACATCAATCATTTTCGCAATCTAGAGGTTAAGAGATAATTGCGTGCGCAAACAGCCCCTGAGTTGTCGTGGCCTCGGCTCAAACCACCACATTCAAACATTCTATGACCCCGGAAGCTGTAATCGTGAGGGGAAAACGAGGACAGGTTCCGGGGACTGGTGAGCGAGCCTTTCCTGGTTAGGCCACTCTGACGATCCATAAGGGTTCAGCCATTCAAAAAAACCGGCCAACCGGTCGAGTCTTGTGGATCGAATTCCAAAAAAGCAGCACGAGGCGGAAACAAACCATGTCACAGATATACGAAGGGATACATTCTGTATTGTGCAATTTGACTCCGGGTGCTTATTGCCTGACGGGGTCGTTACTACCATTTACTCGGGAAGCACAACACACAGTGACCATATTGAAGCTTATCTCCTGGTTATGGTCATTCCGAGACGAGCGTCTCTGACTCTATCCGGTCCTCCAATCTTGTATCTAGTCAGCTACCGACGACGGCGTGACAATTTTGCCTTAAACTCCGCAATAGGCTCTCGCGTATAATTATGGACAGGTCGGTCATAAATTGCAGTACCTGTTTGAATACACCACTGGAGGTGTAACACTCGCCGAATGCCTCGGAGTCTCTACGGCTCAACTCGAGTTTTGCGGGTTAGCTTATACTATGATAGCCGAAGCATTCTGTTACCGCCAGGGGGTTGGGGGGCGACTGAATGGAATACAATAGTGTACGAGACTAAAAG,956,48.01,Caenorhabditis elegans
SEQ_900831,GGTACTCGGTCGGATTACGTGCATCTCTTAGGGGGGTCGAAGTTTAAGTAGCGGCCTTCGCGCCGAAGCCATCCACACTTCGCGACGCTGGACGGAGCCAGGGGAAAAGAAGCACGAATCTCTTGACTAGGTCTGGAGATCTATCACGTCGTTGATATTGACATAGAACCCTCGTGGATCCCATCAAACACGCGCATATGTCTTATAATATAACAGAATATAGGCGCTGGCGACTGCGTTGTATGACGATTCGTCACATCTTTACCTATCTAATCAGCTTGTTCCTACGTTGCGGTCCGGGCATCTGAGTTCCCGAACTCGCTTCCGAACCCTGTTAGATTGGGTCTGGATGTTTGCCTAGGGCAGATAGGTACGTGGTCTTTAGTTGGGAGCAGACACGGCGAGGGGGGGCCATCGAAGATTGGTAGTTGTCTTAACACCTGAACTGGAAGAAGTCGTAGGCGAAATAAGTCGGCCACCGATTCCAGTTACAGGCGGCTTGGGCACTGATGCTCATCTGCACCTTACACCATTTCCAGGTGAGCCCATTAACAGCAGTACTCAGCGTGGGGGTTGAGGTGGTGTGTACTGACGAGACAAAAGGGGCTACTGAACTCTCGAATAGTAAGGAAATTCTTAAGTTCCTAGTGATCTTAGAGTCCCGCCACCTCTCTATCACGGCCTTGGGCCTACAACTGATCCGGTAAAAGACGGACGGACGTGTTCCACCGGGTGTGGCCGTGACGAGTATTATGACTAGTTCATCGATGGGCAAGTCTCTAGCCTGAGAGAAATCCTGCATTTGGTCCCGATCACAAAACGTAAGAGGAACAGGCCTCCTCTCGAAACCTCTTAACTCCCTGCACCATGATGACCTAAAGTTTAAGAGTACCGGAACCCGGATGGCATCTGATCCAAGAATCCAACTGGGTGAATTCGCGCATACGGTTGTGAATGATGAGACAGAAAACCCCTACGCGGGGCGGAGCGCTCGTGAGGGTACTGCGGGATGGCGCTGAGGTCGAGCCTGTTTTCTGGGGACCACCCCCATTTGCTTACCCTAGCGAGCATCTCTATTTACACGAGGCACCTGATGCGGGAAGTTAACTCTGACGCCTGAGAACTTGGACTTCGCGCGCCAAAGATTCGAAACTCCTGCACCAGCGATCCCGCAGAGGCAGACATCGTTAAGGGCGACGCCAAGTATTGTGGGGCCTAGGGCGATAAACGCATAAAACACCAGATCAATGTTATATCGGCTTCATGTGGGGATTCCATTCGTAACTTGTGCCCGCTCCTCCAAGATGTCGAATCTCGACAGTCTGTCGCAAGCT,1334,52.1,Caenorhabditis elegans
SEQ_868783,AAGCGAACCTGTCCCTACCCCCTATCGCTTCAAGTCGATATGCGACAAACTATAATCGGTCTTTGCCTTAATGGAGACTCTCGTTTTGCTACATTTACAAACGAGGACGCACCTCTAGTCATTACCAGCCCTATTTGGTGGGTAGCCCGGTATATTGGAACCCCCCAATGAAAACCGGGTACGCATCCCTCAAGTATTTAAGGACAAACGGTATATGTACGACTCGCACAGTGTCCACACACCACTGTTGGCACGGATTCTCCAAACCAGTAAACGGGGCGTGGAGAGTAGTTGGTAGTATAACTTGGAAGTCTAACTGGGCAGTTCGTATCTTTCGAATATTGCCCTTGCGAAACGTGCCCCTCTACGCCCCTGGTTTCGTACTGCTCCTGGTTATCCTCGCCTGAATAGACAGACGACGCGTAATGCGGTTATCTATACTTCCCGAAAGCTCAATTTCCAGCCTTTCCTTGGCATCACGTTCGCAACGTTTGCGATGAGCGGTGCATGTCGGTCGACCGGACTAGAATGAATAAACGCAAGCTTGTAGTTTATAAATTTTGACTCCCGCTAGTTTGAGCTGTAATTCAACAGCCTCAAAGTATCAACGCTACGGCTT,619,48.14,Drosophila melanogaster
SEQ_899806,CGTCTTAGCCAGAGATAATTGAGTCGCCCTGTCGTGCACTATTCGTCGGTCGCAATGAATGCTTATCTAGAGCCATTCAACTATGACAGAACACCGTTTGCTCCATCACGTCGAGACTTCTGGCCATCAGACTGAGTCTCCCAATGTAACTCGTCGGTCCTTCGATGATTTCCCCTCCTCTGTGGTGGCCGTAGCCCACGTTGAACGTTGGGGAATCACGAACAGCGGAATGATCCTTGACCCCAGTCTGCGTACGGCATCACCGCCGTGGAATTTGCCATTGGGAAAGTCAGAGCTATACACATTGTGGACCTCAGGTTCCCTAGCTGTGTTGAGATATCCCATACCGAATGTGGGTTGTGCCTCCTTCCCTTTGCGCTTTAGCTAGTTCCAAAATGAGGGCGTGCGTATACACGGTGCGCTTTGGCTGCTGCAAGCATAGTCACTAGGGACGTAAGGCAGCTGGGATTAGGCACTGCCATTAACTTCCAGCTTAGAGGCGATCTGGCACATCAGTCAGCAACGTTTTCAACATTGGGGATCGTGCAGAATTGACGCCATAGATGACGTCTCATCGGTTCGAGGCCATTGCAGCACGACGCGGAGCGCGCTCTAAGATGGTTAGAAAATCCCTACAAAGGACCCAGGGGTCCGGGTATCATTGGCAGTTAGAACCCGGCCAGCCCCTTGATTTTCGGACACTATTCGTTTGCGGCACCAGATGGGTTCTCCGGATTGAATGTATTCCCATTAGTCTCAGCAATGCAGCCGCACTCGCCTCGAGCATTAAACACGAGGCGCTTATAGACCCTTTCTGCATCAGTTGGGTCCGGAAAGACAGTTTTAAAGCACAACAGATGGTATACTGGTTCCATTCCCTTCGTCTCTCGCACCAATGGATGAGCAGATTCATGGAACTGCCGTACATCTTGTTACAAGATGGCTCAGCCTCCAACTGCGGCGTCGATCGACCCAGTTCCCTCCCAATGCCGGAACTCTATTTGACATAGGATTTACGCGAAAAAGGCGGCAATCACCCCGCAGGGCCAGGGATATAAAAGCACATAACCACCCCGATGGCAGACGATTGAGTATCCATTGATATCTTAAAACAGCTGATCCACTGCTGGGAATGTGGATAGGTAAGTGGCGTGCTGCAGAGGGGGGCAGTTGCGTCTGCCATGACGGTTAATAG,1195,51.72,Arabidopsis thaliana
SEQ_982309,TTCGAAGATCTGGTAGGAGTATTAATCCGTATAGAAACCCAAACGCGAGCTAAAATGCAGCACCTTCTCCCCGACAGGAGTTAGAACATCTCCACTAACGAGGGGTCCTCCACGCTCGCTTGCGGAACAGGCTAGACTTTAACAACAAAAGGCGAACTTACATGCATAAAAATAGTACACCTATGTAGCGCCCACCGGGGACACTGGACCGTGAGCCCGTCGCGTCGTTTTGACCCAATAACGCGAGTCACCAAAACTGACCTCCGTTGCTAGTGAATACTCTCTTGCGGGTGAAACTACGCAGTGTTAAAAGGGCACGGGCTTTAATCCTCCGAGGCTTTTGGGCGTAGGCACGGGATTAAGCAACTTCTACCGACAAAACTCTTTGTTCTAGGATTTGGTTGTTTAGGATTTGCGCGAAACACAAGCATGGTACTGGCTATCTTAGTCCACGAATAACCTCGGTTTTGAGTTCGACGCTAAAGAAGCAACTTGACAGGATTCGCCAGTACTAATAAATCCCTCGCCTCTAAGATGGGACAGCTTCCTTGACACACGCTTCCTAATGGCCGGTTGTCGTACGGGAATGTCTGCATTAAAACCGTCCATTACGTGGAGCTACGCAGAACTTCAGAACACCAGTAAAATTAGGACGTCAGTTACAATAGAGAGGTGGGGTTATGGCCCTACGTGATCGGAATAAGGGTGTAAGTTAGCATGGGTTAGTTCCCACCAACTCGTAAATGACTCGGTAATCTCGTTTAATAACGACGTCGCTGCGACGTTCGTGTGAGCCATTGGAACCTGGGAAACGAGTAATGGCGTGAAGCGAATGCGAGTCTTAGGCTCAAGGTGAGCACCGAGCCGCAAAAAAACGGTGAACCATCTGATGTATGAGGGTCTACGAAGAAGTTCTACCTTATGATGAAGACGTTATGATCAGGGTTCTCTGGCCTGTTTCAAAGCACAGCCCGCCCTTACCGCCACAAGTTACCCACTATATTCACACATACCGCATAGTGAACGGTCATTCCAACGGCCTAATAGCCCCAAGTCACGTTCGTACTTAATGATAGTCTCTAGAAGG,1087,48.3,Caenorhabditis elegans
SEQ_387787,ATTAAACTCCCGTACCTACCCCGTCATAGGCGGAAAGCAAAGTAACGCGAAGTGTGACGTGCGTACCTGAGGGTTACCCTTCGTGGCAGGTGGCCTTCGACGAGTCCGGCGCGACGCGCACATCCTGATCCCTCATGATGTTAACATGTATCCGAGGGCTATTAGCGCGGATGAGAGTCGTCGTATGCTGTCCGTTATATGGGTTGTGCCCTTTCCACGCGCCTAGACACCGTATCGTTTCCCTGGTCCCGCTTGACTGCCCCTTGCTGGCTAACGGTGGTCGACGTTACCTGCAGTATAGCATGCGGTCTGGACTAAATCCGGTCTATATAATTCTAAAAACTATCCATGCTCCTATGTACAC,364,53.3,Arabidopsis thaliana
SEQ_421180,ACCGGCTGTACAGACTGTGTGTTCGTATTACGACCGCGATGTGTCTTATCCTGCACATGAAGAGGACCAAAGCACATAGCTATTTACAGAATATGTCGGCAATTAAGGTTCGTGCCATAAGGTAGTGTACCATGGTATCAGCTTTCCATTGAGATCTCAAGTTGGCACGTTATGAATGGTTTGATGGGGACCCGCGGCATCCGGCCGCGACTGGCAGCCACATTGTCTCAGCGCCCACCGTTCTACTGTGACAGCTAGGCTGGGTAATCCGTGGGCTCCTATTCAAGGACGACACTTCATTCTGCCTGGGCTGCGCTTTGACGATCCGGTCGGCGGACAAAGCGATAAAACAGGAGTGGCCATTATTGCAAAACCTGCGGACTCAAATCCCGAGGAGTGATAACCAACTGACGCCTCCGCTGAAGCTGTAGTGAGCTACGTCATAACCAAGCTCAGAGGATGTTGCACTGATGGGCCCCCATACAGACCTCACTGACGGAGTATGACCTTGTAGTGGAATTTTCTCAAAATTCCCGGTGGTCATTAGAAAGAAAAGGATCTGCATAAGGGGCTAACGAACCACTTTCCCGTACGGCGTTTAGAAGAGGAGTCTTGCTTTGATGTTCAATTCAGAGTACTAAGTCCCCCTCGCATACGAATGGTGGGAGTTGCGGTTCTCCCTAGGGGAGTGTTACATGCCACATGCCTTTGACCATACCTGCAGGAAGACGGATAGTGAATGTGTTAGATGGTGTGCGAGTGTTGCATGCGCACGTTGGGAGCCTGCTAATTTATCATTACGGCCCGCGTGCATGTGCTCCAACACATGGTCTTGGGCTTGCCGAATAATTAGTCCGTAGACATCCCGCCTGACAAGCGATGTTCAAGTGGATTAATACTTGTCCGGCAACAGTGGAAACTCCATACCATAGCAGGTAGTTGCTTTATGGTTCCTCGAGTTTAGGACTCCCCCGGCCGTCTTCATCATGGTAAACGGCGGCCAGCTCACTTTTGCTTGCCCCCAGGTTGAACATGGCAGATTACGGTGAACATGGGAGGTCCAACAACTCGAGCCTTCAACATTCCGACTTAGCTCCACGAGTCGGCTACGGAAATGAACCTACACCTGTTGGCCTTGAACCTGGGAGGGTGACATCCGTTCATCAAGACCGGGCGCGAATTCCACGAAAGACGAGTCGGCATGCCCTTTACCCCGGTTTGAAAGACATTGTCTGACCTCAGTAGAGTAAAAAGGCTGGCATGTGCGGGTACTACCCCTCCACTCTGCTAAATATTCCAGGCCTCCATTAGAGCTTTCAACCTACATATCATACACAATGTTAATATCATGCCATATGATTACAAATGAACTGCCATCCGGTCACAACGTCCACACGTGCACAGTAACCTTCAGGTCGCGCATTGAGAGATGTAAGGGAGCTGTACTTGTGCTCGTATGAGATATCGCTCCTTTCATACATCAGCACCCGCGGACAGTCAATCTAGCCCCCTGGTTAACGGGAACCACGAAAATGCCTAGAATGTCAACGTGTCTTAATACTATCTTACAACACCTACGAGGAGGCATCGGTCTCTAAACGTGCACTTTCCCCCTCCTCCTGACCATACTCACCATCGGCAGTGCCTCCGCTGATTGGTAAACTCCCAACACTTAATGCGTGATCCCCAGCCGATAGTTTACAGTGATTGTGCTAAGCTGTCATATAGGGGCACTACAATGGGCCAAAACC,1751,50.31,Arabidopsis thaliana
SEQ_780814,AGGGTGTGAGGTGAGTGAGATCTGCACTATAATGTAGGTAATGCACCGGAATGTACCTCCGCTAATTGCTAACCCTTAGGCGCTCCCTCCTCTCTGGAAGATTATGTCAACCAAGGTAATGAACTGCAACTCTGGAGATACGCTCCAATAAGGTGCTTACTCAGGCCATGTCAGCTCCTAAGCGGGACATTTTCTTCGTTCAACCCGCTATGCGTTCCATGAACGACTGCGGGCAGATAGTGATGGGGGGGCA,253,50.59,Mus musculus
SEQ_237075,ATACTTGCGTATGCTCACGGGCTCCTCGAACGTCTGATGCTTGGGCTTATCACCAAAGGGGTTGGAAGTGGTCGGTAGGGCAGCACTTAGTCGCCGGGAAACCTCACCAACTTTGCATAAAGCCTACGTACTGTCTGAAGTGAACGGCCGGCTGCAATCGACTCCTCATGTGTTACCGTCTATACGTAATAGAAGATCTAAGCGCTCAAAGGCTGCCAGCTCCTGGGTCCGCCGCAGTTCTAGCCTAGCACTCCTCGGTTTCATAATCCTCAGGCGCATATGATGCGTTGTAGCCAGCAGGAAAGGAAAAGGCCGAACCAGGCTATTGGGCAATGCGGAGGACCTACGGTTGTGGGCGTGGTGTAAAGATGTGTAATGAGAGGGGGACACGAGATGGTTGACATCTATAGCGCTCTCGCGGTTCTCGGCGTACTGGCAATTCGGGCAAGGGATTGGGGAGCTGAGAAGCCTGGGGCGCTGTCGTCGATATATCCTAAACCCTTAAATAATATAGAAACCGAAAGCCTACGGCGGCAACCCCCGCCGAATCTGGATTCGCTTGCAGATCTAATTCTAGGCGGCGAGATCGCGTCCGACCTCGCCTGTCGTGGGGTCGCCTCCACAGTTTCCAGACGTAAATTATCAGGCGGCTTGATGGGGGAATCTGAGCGCCATTTTCTGGTTGGGGAGGGTCGCTAGCGACAATTCATCTGTGCATCCCTAGCCCAAAGGAGCGACTACATCACCGGCCACTAAACCTCGTCTAGTAGGGATTTATCTGGCATTGAAAGCCGAGGGCGGGACTAGCCGAGAATCGGAAGTGCTCCCCAAGCGCCCCGAGGTCACGTTGCAGGAATACTCTCGAACATTACGATCTCACGCAAGGGTACCTTACCCCGCTAACTCGGCTGGTTATCCTGAGCTGGATTGCCGTCGAGTGGACGCTGAAATACGTTGGTCTTGTTGTTCGTAAACGAACTGGGTATCTCGGGATAGATCCTTAACCTTATCGCGAAACAGTCTACCGGCAACGAGTGGGCGCAAATATGATTCATGAGCATCCAGCACGCCATGTCAAAGCAGTATAGCTCGTAGTTATCTTATCGCACTAGTTTTATACAGTCTTCCACCTAGAAACTGCGAGCACTCCGCACCGCACCGGCAGTGGACTGTAGTTTCCTCAGTCGCAGGAGTATG,1197,53.38,Mus musculus
SEQ_685492,GTTATTCATTGCTCTGTCTTTAAGTTCGGCAAGTATTAGTGCAAGGACCAGTCCACCCGTAGAAGGCCTTACTGCGACCCCATCTATGAGGGCGAGTCAAAGACAAGCGTGTTCGATCGGGTTAGTTACAAAAAGGGGCGTTTTTTGCAG,150,48.0,Arabidopsis thaliana
SEQ_837418,CTCTAGCCTACATGTTTTACTAATATACTTTACTCAGGTCAGTGGGTCTATTAACACGCCTACTACAATCCTGATACGTCTCTTCTTCCATCTTAACATTTCTGCCCAGGGTTATACTAGTTTGAT,126,38.89,Saccharomyces cerevisiae
SEQ_168415,CCCGAAGATCGACCCTCTTCATGTATGCCGATGAGTTTAAAAATAATACTATTCAGGGTGCGTCGTTAGAGGTACCCGATATAGTCTATTCACCAACCTGAACCGAGGAGTCGCCCCTAGCGGAAAGTAGAAACTGTTGTGTTTGTGGCTTTAGACCTTAGGCTCCTAACGGTTTAGATCGTATCGGGTAAGCCTACAAACCGCCAGGCCGAAGGCGGTTGGACGGAGCCTCATCTCGCAGTTCATTATACGTGCCCGTCATCCAATGGGGACTTAACACTGCTGCACTTCCGACGTCTAGCTCCTGGGATTACCCGAACTACAAACGTTAGGCGCGCCAAGTTCGTCAAGCCTGCCCTCACATAACAAATCGAGGGCCCCTATCCCTTATATTCTATTAAAGCGCGTATTTCGCAGGCATTCTGCAGGGATGGCTGCGGCGCAAGAACAGGAAGGGAGCATCTACTCCAAATTCAACCTGGGGTCGATCAGCGACGAGGTCTCCCCCCAACACCCCTTTCGAAACACGTGCCCGTTATCCGCTCGATAGACTCCGTATGACACGGATCTGATGTGCGAACATACACTGTGTGGCCTTACAATCCGATCTAAATGCCGCTAATGTGACCTCCGATCAGGAGCGTGTACGGTCAGGGGTAGATCGCTGGTTCCTGGTCAACCACGTCCAACAAGCATTAGGGGCGCCGGGTTCATGGGCCCTCGCGCTACAGTCGCCGAAATTAACCTCCGTATACATGGCCTCGTCTTGCCTAACGTGGGTTGGACCGCCCCCGACACGGAGCTTATATGCCTGTATGACGAGCGTTGGCTTCTTGAGGCCTCCATCATGCTACATGCCATAGTACCTACAAGCACACTCGAAAGGGACGTTCGAGTAGTGACTTCACGGGACTTACAAGTGTCAAGTGCCTACAACTTAAGGTACATTGATATTACTTTTGAGTAGTCGCCTCAGTTATAAGCAGAACGGGATTGTCCAGCGACCAAGCTACCATATTTAAAAGAATACGGTCGTGATATCGAATTCGGCCGACGGATCGAGAGAGGCTCGCTGACTATAGCTTTAGAGTTCACTTGCGGCGGTCGTGCAGAGGTTGTCTGGTGGTTCCACAATAAGGTATACCCGTGTGGGTACCAAGCCTCCATCTCTCATGCCTCAGTGCGAGACCATGAGAACTGCAAAGTATCCAAGTTTAGTAGAATTGCCATGGACCAGTTGGAAGTGACATAGTTTGTAAAGATCCGCGAAATACGGTCTCTACGGAGGTTAGGAAACAGACCATACCAGTTCACAACGGAATCCGGGCTATCGAG,1335,51.16,Arabidopsis thaliana
SEQ_539656,GCCGATCATACTGGCCCCGTCTATCAGATTGCGGAACCAACCATCCGAAGCTAAATGAGGGGGGAGGGCAGTTCTTTTTCGGCGAGGGGCTTTTGCGTAGGACGTCCCCCTACTGGCGGCCTGTGTTTGTTAGCCAGGGGCTGCTCACAGTGTGTCTCCACAGACATCATACTAGCTGTGAATTATGTAGTATAGAATAACATAAATCGGTCACAGTGTTTATAACTACAAGAAAGGTTTCCGGGTCACTCAAGAGGTCGCAAAAGGCCTTTACCACTGTAGCCTAGTTTTTCACCTCGCAACGGGAGGTGATAATCTGTTAGGATAACGGAGTGGCCCGTCGATTACACGCTGCATACGAGTGACTCGGTTGAATGAGACAATAAACTCGAAAGGGATAGCATGGAAACGGTATTCCATCATACCGGAGAGTCCAATACCAAGAAGTGCTCACAGGTATCTCGTACATATTTTTCCATTCACGCAGCCTAAAAAAGAGTTTTTACTAAGGAACGCGATACATAGATCTTTAAGGCTCGGAACCCTGAGCGATCGTTGAACAGATGCATCCCCGTTTGTGTTTGTAAAGTCAGTCAGATTGCGTAGACCACGTCGGCTCCTAGTGAGCAACGATGGGTTGGAATATATCGGAGGATGATCCACTCGTAAGCGAGGTTGCTGCTCAGCGTGCCGGTCACGCACTGGACGCTGTAAGTCGCAGACCCAGAGAGGAGGACGCCGGTAAAAACTGCGCCAAACTACGCGTTTACATACAGCAGATTACGCCGATGGGCAAGGGTTACAAAAACATTTGTCCAGCGTAGGCAAGGAGTCACAGAGTCGCTAGCGGTCGGAGGCTGTCGCAGACACAAGAGGACCCCTTAATAGGGTTTAGCTGCGTGCATCTTCGTTTCCGAAATTGAAAATCCTGATCAATGTCAGGGCAACACAGAAATTGGAGGACGTTGGTGAAACAACGAACTTGCCGGAAGTGGCCTGTTCACACTAGGTTGTGCGGTTCGTCCACAGATAATTTATCTCAGGATCGACCGGATAACTTTCACCGACGGCATCGATCCCCGCCCACTCAATCTAAAACAAGTCACAACCACCATTTGGTTGCATAATGCGAATCCAGCTCTGTCTGTTGGTACAAAACAATTGCCTGCCCGCTCGCGTTGTCGATCACATAGAGGCCTAAACTTCTTCCGCGAACGTGGATATGGATCCGCTAACGTGGCCAACCTCGGACCCGGGTTTCCAGATTCTTTAA,1273,49.57,Saccharomyces cerevisiae
SEQ_407217,TTGAAGCGACCATCACTCCTGGCGGGACAGACGACACTGACGTATATTGCATCGGAATGATATGCGCTTAGTCCTCCGCCCACCTAGACTCAGCATGTCACCTCAGGTCTTTAAATAGAGGGTAATATCGCGCCGGAGATCGGTTTTTCCGTTGGCAATTGGGGA,165,51.52,Drosophila melanogaster
SEQ_527759,CCTTACAAAGGGGACTGGACCACTCGGGTCCTCACGTTACCTAGATCATGGACGTCACTGGAATACGTATTTCCACTAATCATCCGTACGGCCCGTTCAGTGTCCTATTTCTTTCCCTTAAACCGCTAATGGGGTACCGCTAGTATGGAGTACGGGTTGGCTGTAAACCCCGTTATATACACGTACGGCCGAACGTCAAAAAACGCAACTTAGCGTTAGCTTGCATTCGAGTGATATGTTGGCACTTGTGCTAGAACGTGTCCAGTACAATATATGCCGTAGCTTTCCCGGAATCAACTCCGCTGTGTCGCCCTCAAGAAAAACCTACCGTGGAAGGCGATAAGCCTTACGATGATTATATAGGGGAAAGTGCTAGGGGTCAAGACTACCGTTATCGTCCGGGTCACGAACGTGTATGGGATTTTCAAGATACCCCAGGAATAATGACTTCAGACATAAAATCGACGTGGCCAGCGAGATTTCATTGAAAAGGGCTCCACCTTAAATGGCGATATTTACCTGTCACGTCTCCTGCGGGCAACAATTCGTATTTCAGAGTCCACAGAAGAAACCCAATGTGTATGGTTAATCTTGCAGTTAAAGTTGGTAACCATCCGAGGTCTCTGGGTTGCGACATCTGACGTCCGCCAGTTACTAGGAGTGGTTTGTATTTGACTGTGTCATGCCA,688,47.53,Caenorhabditis elegans
SEQ_191618,TATACGGAACGGTGCATACGCTTTGTGGTCTCACCGGCCTCCAGCCTTTCCCGTCCCATTAGTTTATGCAAAAGCGCTTGTAGAACGCGTTAACCCTTCCTGAGTGTGGCCAGTTTGTCTCAGTACACCACGACATTAACGTCGGTGGTATAAAATAGCTCTTATTGTGATCGATGAACTTCTCTGGTATTTCGCTTCTAACTTTAGTGGATGCCGTCTGGCCCGGCGTGGGGTGGTTGAAAGAGTGCGAGTGAAAACATAGTAAGTCTCTTTCGTGCGAGCCTGTCAGGCATCCTCGTGTTGTACACAGCTACCGTACGTTTACGTCCCCCAAACGAGCAATCAAACACTGTATATGCGTAGCATTACGCGTATGAGGGCACAGGGCCATTGGGTTGGAAGATTATTAGGGAATAGCACCGACCCGGTTCGTTTACTCAACTTGCTGGTGTAACGGTGAGGGCGTGCAGGTGTACAACAGTTCTCACCCTAAGCTTCCTACTCGACGAGAGCAATGTCTGCGATTCGGACTGTGGCCGCTTCATTCAGCACATAGAGCACCCTTTCACATTCCGCTTTTCATTCCACAAGTTAAGCAACTATTTGGGGAAGCAACACCCACCTCCTGTAACATGGCGTATACCGTGCCTGGCATACATTTACAGTCATACGAATATTCCGGACAGTTCACCGTGTTGAGATGGCGGATTGTTATTCTGGGATGCGCCGTCTACCCGATGCACTTAGTAAGGCCTCTTCAGAATAACA,768,49.35,Saccharomyces cerevisiae
SEQ_635628,TCTTAACCGACGAATGAAGATCGCGGTCTTCAGTCGTAGTGCCCTTCTACGGATTATTCACCGAAGTGACTCTTCGTCTCCGGGTAAAAACTCGACAGTAGTGGTTATTTACTATGGGGACTCTGCAATTAGGCCTACCGTTCGCTATGAACCAGTCCGCGAGCTCTCGCATTCCCCAGAATAAAGCTGACGGACTCAACTCTTGGATTGACTGTTTGTAAATGTGAGCTGGCCCAAAAGTCGCACGCGAAGTGATGAAAGGAGATTTATCTTGCAGATTTTATGGAACCTGTCGTGAGTCTCCATTTCCACCTTCTATAGGAAATACAAAGCACGCACTGGAAACGATATTATTTTTCTCCCCTCGTAAGTACGGCCCCACAGGTGCTCGCTAGCAAGTTAGGCCTAGCTGTTCGAATGGGCTGCCAGTTTTTAGGGGTACGGACGACGTGTCTGTCAGTTCGACTAAAAACCACACTTGCTCAGATACGAAGTTCACAGAGTTCTGGCGGCCTTTTTGTCGTGGGCGCTACAGGGGTCCCCCAACAGATAGCCTTCTGGTATGTGACTGACAATGAGTACTGCTGCTCCCTCACAAAGGTGAAGAGCTTAGCCGTTGCTGAGAGGCGGAACCACGAGTAGGGCTCTCACCCGCCTAATAGCGCCGCTAATTCGGTCGGCCAAGTGTGCAAGCTGTCATTAAGCCGGCCCGCCACTCGTAACTCCCAGACGACTGTTTGATAAAGAGCAACTTTCCCCTATATAATAACCGAGACCTAGAGAAGAGTATCGACCAATCTGGAAACAAACGCCTGACTCAGCACGTCCCACTGCACTCAGGGAAGCCCATTTCGGACCTTGCCATGGGCCATCCGCAACGTTTAACTTAATGTTACGCCTGGTCACTCACAGAAACCCCCCTTTAACCCCAATCGTACAACACTCTCACAATATCGGGCGACACGTAGCAGTGACGGCATGGCAATGCTGCTCACTCGCAAGATCAATAATCACCCATTGCCGACGCAACGTAGCGCAACAATCAGTCGGGCGACGC,1057,50.8,Arabidopsis thaliana
SEQ_746495,TTGTGTAGGTAACCGAGGGGAGTGGAAGAATGGGGGTTATAGGAGAAACTTGGGAGACCAGCTTCGTACGGAGACAGCAAGTTTGTTTTGGGAGATGTCTTAGTACACACCGAACAGTTCTCTCGACTAAACTAGTACTGGTTCTATCGTTTGTACCTCGGCAACCATCTGGCCCAGTCCCCTGACCCACTACGATGCGCAGTCACGAATGCCTTGAATTAGTCACCTTCTCTGAGCGGCTTGATATGGAATTAGCCACCGTTAAGGCCCCTTTTGCTCCGAACAGGGCTGACCCTGGTGGATGGCCTCCCCGTGACAATTAGCAGAGGCAATCGACCAACAACAGCCTGGCCAGGACTGCGAGAATCTCCCTCGGTCTTGAACAATACAATATATACAGGACCGCGGAATATGTGGCGATGTTACGTTCTCCGGTATCCCTCAAATAAACGCAGCCGATGTTGACTGGACGCCACTGAAGGCTGAAACGGCCCTTAAGTTCTCTACAGCATCAGACTCTGGGGCACCTCGTGTTACCGCTGGTTGGATGCTACGCGTTCAGTCCACGCAATAGATATCCTTGTGTACTTTGGCACCGACCTCACCGGCGACCCTTCTACTTGCGGGTTTCGGTGA,636,52.2,Saccharomyces cerevisiae
SEQ_251442,CGGGAAAACACCGAATAAAGCTTCATCCTAAGATGACGGGTTACACAGAAGGTTACACTTAGGGCCTCTTGCATGAGCAGCGTTCTTGGTACTTCACGTTCAGTAGCACCCGGGCTTAGACACCAAGCCACCCGGCCCTAGGGAGTCTCGGAATGCCGCTCCTCCACTGCTGCGCGATGAGTGGTTCTCCGACAGTGCGTTTCTGTCCGTGAACGACCGGCGCGTCGGTTCAATGTTATTTAAAGTTGGACTGAGTATAGATGGGCGGTACGCCACCTTAAGCTAAAGGCTATAGGCACCTCGTTTAAGCGTTCCCATCGTCGAGGAGACTACGAACCATATGATGCCAATGCTGGGTGGGTAAACTCTAACATCTAAGATGCATTCCTGACGAAGCACTAGAACTAGCATGATCCCTTGACCAAATATCTCGGTCACCGTATAATAACACCCTGGCGGAAAGATAACTGTGTACTCGGCAGACATGCTTGGTGCGGGGGAAGGAATATCGGACTATATTCCCGGCGATCCATCACTCTGTCTAACTCGAACTTCGCAATTCGCAGCAATGACATAGTCAACAGACGAAGTTGGGGGGACGCAGGTCACCACGGCTGGACGACTGATAAGGGTCTACTGCTGATCGCTTTAGTACATAGATAACGTAAACTCTGCTCGTGGAACAGAACGGACACACGTGGGTGA,705,51.06,Saccharomyces cerevisiae
SEQ_554635,TGGAGTTATATCAGGAAGTCACTTACGAGGCAGGACGAGAGAAGTAAACGTAATACAATTATGGTCTCCAATCAACCCTAGTCGTTAGCTCCTGGCGGGCGTGTAATTTCTCGAGGGAAGCGACCAGCGCATTGTGTTCGTGTTTTGACCTGGGAATAGTCACACGAGGCCGGACCGACTGGAACATTTATTGGATACCGTGGATATAAGACGCACTTCCGGTTGCTAGTTGGCGTGTACGGGGAGACGAACACGGTCATTCCGTACTAGACTGTCATACAACACTAGTAGCTGTTGTAGTAATATACGCAAGAAGACGCAGCAATTAGTCCGCTATTTGGTACACCCAGGTGACTTATACGTCAATGTATGCGCCGAGACTAGTAGCCAGTATTGTCTCGAATCTACGCAGGAATGCCGGCATTAGCTTCGCTAGATCTTCAGACGACTCTACTCTAGAGCCCCCCTGAGTAACGACCTAGGCCGCTCACAATGTTGTGTTCCATGGTTAGCCAGAGTTGCCACGTAGACCACGGGCGTACCCGTTATTGCCTCGTTCCGCCATAGTCTATCGTGCTATTTAAGCCCCGTGGGTTATCCTTGAGCGCCATGAACAACAAACAGTTTTTGTTGTTATCGGGATGTTCATTAATGGCGTGTAATAAACTTAGTAAGCACCGTCAACCCCCCCTTGCAACCGCGAAAATAAAGTTTCCCGGCACAGTTATAGACTTCGCCGTATCACATCATCACGGTAAAGTACGAGGAACATAAATTAAGGGGCTTAGACCGCTCCGCTGCTATTAGACACGCCTCGAAACAGATCAAGATCCTGGCCGTTTTGAGACGACCGGGTAAACGTCTATCTTAGCCCGGGGTCGTCTGAGCGGTGCTACGCATAGTCTACTCGAAGAATCCCGCGTGCCTGCAATCAAGTCGGTTGACCAGGTTTCAGATGACGTTCTTCAAGCCCTCAACCCTTTCTCATCTCCTGCCGCCCTTTACCGTCTGCCATTAATGGTGGACGCCCAGTTTGAGTCTAAATATATTCAGTGAGTTAGGGCCAGGTACGTTCCCCGCTTTGAGCTCCTTATAACACAAGCTCCCTGCTCTGACGCCACCGATGTGTTGCTAGGAGCGTCACCCGAGAGCGCGATTCTAGCGTAACTCTTCCCCTGATTTGCAGAAGTCTGTGCGAAATTCCGTCTGTTAGACGCGCGAGTCCCTCCACCTGCCGCTGGTTGGGTGGTATAGAAATCGAGGCAATTTTGATCCGTCCCAGTTCCTAAGAAATAGCCAAAAGGTGCGTGGGGTCAGAATACCGATGGCTCCTAGCCGCATTCGCTCCAGCCACCTGGGGGGCATATAGGGGGGACGCCTGTCTAAGGATAGCAGTTTAAGGGCCATCTTTGCCGCACACAACTATAATCAGAGTGTGCAGGTCAGCAGGAGCAGTTCATGGGTCTTGGCGTATTTTCAGCAGCCCCGTGGACAGACATCTGACCTATCCGTGATCGTGGATATCTTTCGAAGCCGTAAGAGGACGAACTCCGGTTCCTCGTCCGACCGCAGTCCCCTCCCAGAGTGCAGATCTATAGCTGAATATAAGGTCTATAACCGTTAGTTAACGCCGTAGGAGGGGCCACTAGTTCGAAGAATCCAAGCGTAGAGTCTTTAATCGCGTGACGACCTCAACATTCCATCAGGTCCCCTGTCCTCATGCATAGTCTAGATCTTGGACCCCCTACCTCTTTCA,1756,50.85,Caenorhabditis elegans
SEQ_360879,TAGCAAGTAACGCCCGCAACGAAGCCAGCCGCGAATATCTAGTGATATTAGCGTCTTAAACTACGCAGCGATTTGGCAGTAGTCTTGAGAAAACTAAAAACTTTTCGTCATGTGCGCCGTTTCTCATTAGAATGACGTGTAACAAAGTCGTCTCTAGGTGGTTAAGGTTGGCCTGGATGGAACCTATATCGACTCTTCAATTAAAAGTAATTCCGCCCCTGGACGGAACTAGAGGTAAGCTCGTGCTTACACTTATGAATTTACTCCTAACATTAAACCTAGAATCCTCGTACGGGGGTGGAGGTGGCATGGTCGTTATAGAGCCACATGACCTCAGGGAATCGCGTCCCCGGACCATGCAGGAATACCAACTAGCCCAGATTGAAAGTAACACGACAAGTCAATCCACCATGGTGCCTCACGATATAACCATCTCTCTGACTCCGATGAAGTTACGTTATCCACACGTGCGTACGGAGCAAGTTTGGATAGCACCCAGCTTACGAAACTACACGATCTGTGCAGGAGATCAGGTTGGATCATCCAATGACGTTAATAAAATATACAATAACAGGTAGGCATGGACTATTCTAGACAATCAACCGATGTTGACATGTCGAAGGATGCGTGGCGAATCGGGCTTAATCCTCCGAATTAGACGTTCTAACGCGGCGACACGGTGAGGGTGAGTTAATACTAATGCCCTCCCACAGGTACTGCGATGCGCCGGCAGTGATCGACAGAAGTCCGACTCGAAAGACCGCAGACTATTGTTGGGACGTAATACACCCTCTAGTACTTGCTTTCCAGCGTTTTCGCTCAGTGAGCGGACGACAGATGGCGTGTGGTGATCTCGCGAATGTCTGTATCTGTTTGCTAGATTTTGCCGCCGCCGCACTGATTTAAGATAATCCTTGAGTTGGCATCATTATGACAGCAGTCTAGCTGTAAGTTAGCGAGTCGGAAGCCGCTT,973,47.79,Drosophila melanogaster
SEQ_380688,GACGGGGTAGCGGGGCGAAAGCCGACGCGCGACCATCAAACTGGTTTGTGATCGTTCAGCTTACAAGGCCGCAAGTCGCACGGATTGAACTCGTCCTGATCTGTCTAATGCGTATCGAAGCCGGTGCTTCCGTAAGTATCACTAGGCACGCTTTTTACCCTAGCCTCCGACTTAGATAAGGAGGGCCCCACGACACATGTCCTCGAGCCTATGCCGACGGATGCATGTTCGCCTTACATCTAGTGTCTGTCGCCGTGAGACTACCGTTACCTGTGGAACTTCGAGTGAACACAGGGCTCTTCAGATGGTTGTAGTCACACGCGAAGTTTCAACCACAAAAACAACACTAAACTTGTGTTCTATCAACCCGCACGAGGGGAACCGCAGTCAAGAGGGCTCTAGCATCCCTTGGTTCTGCCCCTCGAGGCGTATTACTCCCTGATGAGAAAGTTGTTGTTGGGGGTGCAGCGCGACGGTCCACAATCTTATGCGAGTGGATTCCCTATCGTCACATCATCCTTTCCACTGGATCATGATAGATCCAATGGTAGCCATCCTCTGCCGGAGCTTCGTGTCAAAGATAACTAGGTCAGGAGCTACAGTAGTGCGCTTTGACTTCAGTGAGTAGTCGGCTTCGGCTGCATTGGCTTATGAAGAGCTGCACAATACAAGTAGGGCCCTGATCACAGATAAGAAGGTCGGCATCTTTGAGGACATCTACCCGCACAAAGCGTTCGATTCGAATGTTGGCAGGAACGGAAGTAAGGGGGGGGGCCCTTAGGTAAACGAAGGCCATGGAACCCATTCCATATTTGACCGTTGGTGAACAGAACAGCACTACGATCGACCAAAAGACGGACTTGTGCTGTCCTCCGACCCCGGCCTGTCACATGTCGCCCGTAAATGTCGGTTTATTGTACATGACATGACATTCGAAGTACACATCTGTGTCGGTGCGTGAATTGCTGTACGTTTGCGCGCATTCCTGCCAGCCGCACATGATGGTTCAATATCGTCAATAACAATCGGGGGCACGGGCCAATAGGTGACTGTCTCTAACCATTGAGGCAGTAATTTTTTGCTTTAATATGGTGTCTTTGTCGGGTGGATTGTCTTACGTACGGGAACTCTAGGCCAGTGGTGATGCCTAGGAGCAGTAGTAACCACTGCGCAACGTCGACGTGTGACTTTAGTTAGGTATGTTTAGGTGGGACCGTGATCTGACACGGGGCAGATAGCCTGGCATGGAAGAGAGAAAAAGTCCGTGATGAATACCTATTCCATAGCGCCAGAGACGGTGATGCGTCTACGCGCCCCCGAGAGATCCCGATATCCGGCCCTAACCGTGGCGAGCAACTTTATTCTCAGAGGGCGACCTACACCAAACTAACCGTACTCAGTCCGGGCAGATGGTCGCATATTGGGCTCGTCCACGCTTTGCTCGGGAACCTTGGTAAGTGCGCTCCAAAGACATTCCTTGTGTTGCATTTTCTCGTCTAGGTGTGTCGATTTGTTCTATAGCGGCGTCCTGCTTTAATGTCACAACTCTATGCGAATCATAAAGCATTACGATCTTACTGTGCCTCACCTAGACGGGGTAGCTTAAAGACAGACGGAAGGCAGGTGAAAGTATCTCTCAAACGCCGTGGTGGACATCCGAGTGCACCTGAGCCAAACCGGGTGTAAATCTTGTAAGCCAACGTTTTGGACAAACATAGCAAAGAATTAGGTCTACTCGCGCCACGTTTGGTGGCTTGTGTCTTCACCAGTCACGATCGATCTCTCGTTGGAATTCAAGATACTCGCGATCGATCTTTGTCTATCCAATCCGGCGTTTACACCGGCGGTAAGTTAATTGACGTTCAATATGGGATTGTACTTCTCTACCGAGTAGAGAGA,1899,50.82,Saccharomyces cerevisiae
SEQ_218427,GAACCGTAAGTTATCCGGGATGCTTGTTCAAAGGTCAGACCAGCTGGTAACAAGCCTAGAGTGCACGACCAATATGGAGTGCAATAGGAGTTAGTTTGCCTGCAAATGCCGTACGTGAAAGAACAGATTCACATAATAATCAAAGAGTTGCAGACGTGCGTGCGCGTGAAGTTTACTGTTGATTAGAGGCACCGCATGGGGCATGGAGAGGGGCGCGGTTTCGCCTGGACCGCAGGCAATCACAGAATCAACGTTTAGCTTCTGAT,266,49.25,Caenorhabditis elegans
SEQ_470776,ACCATATTCAGAACGACACCCTGCACCGAGAATTTTCCGTACGGAATGACTTGAAATACTATAGGAACGATGGACATTTCCTACGGCCCCCAGAGATTTAAGCAGTTTGTTAATTCAGGACCACAGACGCTGTAAAGTCCTGGTCAGAATTACGCAAGGTATCAAATACTCAATTATTGGGATCACTTGCGTGCGTGGTCTGTTCCGTAACGCTCAGTGCTCGGCGTCAACCTCTGCATACACATACCACGTACTCATTACCTGCGATACCCTCTAATTTGTCAGGGTCCAAGGAGTCGAGAGTTCGAGAGATTCGCAA,319,46.71,Drosophila melanogaster
SEQ_715641,AAAATCAACGCAAAGACACCCGCTAATTGTCCTCCCAGGACAAGATTGCCATACGGTACGCCCAGAAATACAGGCATTCCTGACTCAAGTCAGTTTTGGTAAGTATACTGATCACCGAGGTAGTTGGTCGACTCTGCACAGACACGAGTGATGGCCGGAACTCCAGGCGGATATAGATTACGTTGCTCGTCGGAGCGTTGCGTGTTACTTACACCAGGGTAGCCATAACAGTTGGGTCTGAGGGCCAGCGTATTTGCCGAACTCACATCAAGGGGCGCGCCATTGTGAGCTAAGACCTGGTCAGACACTGAGCTCTGAGCGCCAGGAACGTTTTGCTTGGTCGCCCAGTTATAGGACTAACATTCCGAATCCCGCGGCTACAAAATACAATTGCGGGGGAAGCCGCACTCACACACGGCAGGAATGACAAACGCGTACCAGAAGCCAGAGCGCCAAACGCCCAGTGGTGAAGCGTATCTGACTCCCTAGCTTTTAAGACCGTACCAACATTCGGCCATTAGAGCATACAGTAATGGATGAGCTGATTATGAGCTGAAATATTGATTGAACGAACGCCTATAGTCCTGTGATTCGCTCTGACTTCGCACGCGGAAATCGAGGTTCACATCCCCCTCTTGCAGTGTGTACTTCCCCGGCCTTTCCAAATTGCAGTTCGAAGGTATCTTACCCATGCATGAAAACATTGCTTGCACATGGTCTTTCTGTTTTCACTCCTGAACTTTCAAACCTAGGATTTCAAGCAACCTAGATGGATAGCAGAGTAACGCGAAGAGATCATGAACACCTCCAATGTCCCGAGTAGAGGAACCAGAGGGGTGCTCCGCTTGGTCTGGGGGTTGGCTAACCCTAAACTTAAGGGAACTTATTGGTCCTCGCATACAAGAAGTGGTCCGAACCGTGGCTCCAAAGAGTGTGCGGTACAAATTGTACTACGCGTAAGCCGAGCGGTGAGAGTCCAACAGTACGTTCTTGGAGGAACCGTAATCAACCTCCAAAGAATGGTCCTTGCGTGTTTCAACGGAAACGCGCTTAACAGGGACTTGATCTGGGCACCTGTGCTCCACTTATAGCTCCGTCCATAAGCTTCATTACACGGATCGTGTGATGTAGAAGTAAGTTTCAATCTATCCTAGTGCGTAGCATCCTCATAATGCCACCGGGCTGTTCCCGAATTGTCAAGCATTCTACTCTTGTCTATTGATTGTTGCTAACCGTTTTATCGCTCTAGCAGGTCGAGGGTAGATCCTCATCGGGATAGGAGCCAGACTAGTTAGTCGCTCTTGCCGAGTCCAGGGTTATGATCGAGCGACCATAGACGGGTTTTCCTCTCTTCTGG,1357,49.89,Homo sapiens
SEQ_644838,TAGTCATCATGTGACGACTGACTGAGGACGCGCTAAGGCACCGTAAGGGACCCTCTACACACAACGTCGCCCTGTTACGAAAACATGCCCACGTCATCGTGTCCCTTGGGTGCGAACTCTTTGATCAGACGAGTCGCATGCGGTGATGGTGAGCCAGGGCTACCTTGAGTTCACAGATTTCACCCCGACAACCTAAGCTCTTTCAGGCTATTCGGA,216,53.7,Mus musculus
SEQ_182611,AGTGAGTTGCCGGTAGGGCCAGGTTCGGGATATGTGCTAAGGTCACGCTCACCGACTGATGCGGGGACGTAGGGATGCGCAGCGTTGAGGGCCTTAGGCGCGTCACTTATATTACCTATTATTGTACGGTCAGGGGATGACGGGTGCTTATCAGTCCCAGACATCTCGCTCGCTGCCCTATATTCCCGCTGCCAATACTAGATGATTCCAAATCGGCAGGGTATAACTAAAAAATGCGTCCCTCGGTGGTCTTACTTCTAACATCAGGCTGTTTTCTCCCCACTAACGGTGTTGGCTTTCAGCCCGACCGTACCCGCTGCGATTGCATCACTCGCTTAGAGGGACCTTAATTACATACACCGAGGTACAGGACACGATCCTACAGAGAGATACGTAATTTCGACCTTACCGGAAAGGCAGTATACCCCAGTTTTGCGGGAGCTCTCTGCCTTTATGCAGATGCTGTTTTTAATAGGGCACTGGTGTCCGCGACTTCCAATAGTATCTAAAAATGGCAGGCAGACACCCCGCGCCAGAAACGATGTACCGGGTGCCTGGTGTACTGTTGGGTGAATTGGGGCAAGCCATGGGTCTGCCGCAGCTTTCCTCATGTGTAATCACTCGTAAACCTACCGCCAGACGATACGCGCCTTTTGAAAATACTACCGTGCCGTCGTTACGTCTCCTTCTCACAGATCCAATCAAACTAAGTCCACGTACATCTCGCAATTATCCCCAGCACGCAACGGGTGCACTCCAGCGGGACCCCCACCCCCTCTGCGGGAATACAGTCTACCACAAACTAATACTAAGGTGCCATTGACTGGCCTAATCAGAAGCAGCGCGTCATGCTGTTTTTTATATAGGTTCGGTGCTACAGTGGTCGTTTACCTTACGGTTCGAGTGAACGCGGACATTTGTACCATACCAGTTATATATTTTGGTTCCTATCAAGAGCTCCCATGGCTCTTGCCATCAGAATGCAAACATTGGACGTGAAACCGGTTCGTCAGAGAGAATTACGCAAGTACCGATTTAAAGATCCATGCCGACTAATCTTCAGTCGAACTGATTATCCATACATCAGGGGACTCGCGCCATTTCAAGTCGTTTTATGCGGGAGGCCCGGCGGAGATACTCTCACACAGCGTGTGTCGCCGGCGCTCCACCGTCCCAGCTCTGGAAAGTATGGTGGCCTTTCTTCACCTCGCAGTGAAAGAGATACGGTCGGATACAATCAACTGTACCGTTCCGGTGTCACGATAACATATGCAACTCATAAACTCCCCTCTCCCTAACTTCGAAGCGTTTTACTCGGTATCCCCGGGAATTAGTAGAGGAGCCCACGGTACGCAGTACCGTTTCGTCGGTAGTTCTCTTGTACCTTTAGCACGTGAGCGAGCACACGGTTAGCGCACCGAAGTAGGGCCATACAATGTATGTTTATACCATGGAGAGTCCTTTCCTCTCCAACGAGACCTACATTAGCCGTTACCACTAAATCTTTTTCTCATGCGAGACTCTGGTTTATACAATACCACAAGATGAAGGGGGAGGCTTGGCCGGACGGGGCCGTATTCGAAGGGAGTGACCTACGACATTGGTATCGGCGTCGATGGGCGCTACGATGTTTGTTCCTATCGCGTTGATAATGACCCGGGTAGAAAGGTTACATACGCGCCCGCGTCCTGTGCCGGAAACACTACAAAAGGGATCTAGCAAATTCCCCCAGGGCCGCTAAATTACTCCACTCCGAAATTTTTAGTAGTGGTCCAATGCACTCGCGTACTATCATCTCATCTCCATCGTGCTTTGTCAGCTAGCGCGGAACAGGTGTTATATGTGAACTATAGATGTATAGATTCTGCAATTTGATTCTATCGATGGGGGCTAAAATTACTCGTCAATCGCCTTTCTCCACAAATATTCTATTCCATTGGGCGGTACCTAGGTACCACGCGGCCTT,1966,50.25,Drosophila melanogaster
SEQ_992014,GTGACCTGGATTAACATCGAGCGACGGAATACTGCTAACTAGCCAAACGTACTTACGGTAGAGTCATAGGCTCCCGGCTTGTTCCTTACCGTCGCACCCTGGAGGCAATAGGAAAAAATTACCACCAGACACCCCCCAGCTGGGCAAAACCAGAAACCTCTATCATCGACGTGTACCAGGAAGAACGCCCATATGGAACCAGCCCGCCGTTCTAGTATCATGTTTTGGTGTGCTTCTTTAACGAGAGCGTAGTGGCAGCATGAGGGCGTTACCTCGGTCTAACACACGTGCGCAAAGAGCCCGTAGTTTGGAGCTGCTAAAAACACGGCGAATACAACTG,340,51.47,Escherichia coli
SEQ_581552,TTAGAATACGAGTTGGATCAATCTCTGGGTAGAACTGAGCCCCACGTTTTATAGGTACCTTTTCAATTGCTGCATAGCGCGCTCCAGGCGCATGGCACTCACCAGTTAGCTCCAGTCCACGAGCTCCTCGGCGGAGGTTTGAAGGTCTTTTTGAACAATAACGAAAAAGCTGAGTATCCGCCGCGGTGTCACGTATTGCCGTACGCCGTACAAAGCCCTGTAGTGCACCGACGCCACAGAGTTAGTGCTACGCTTCACTCGGTTAAAGATGGTCCAAGAACGGATTGGGGCGGCGCCGTGTCGACGTGGCATAGACAGATGGCAATTCACGGGGGCCATCGGAGAGCCGCGCGGGCTTTTACCCCTCCCGCCAATTATCGAACCAATCAATTATACGGCTACTCCTATTTTCCAAACTGACACATGGGAAGTAAGGTTCAGTATTACGTAGATAAGAGATCCGTGGTCGGTACAATTACTATGGGTGTCTTTGCCTTTTAGGATCGATGCCTGCGTATACGGTAGTGGCCCGTGAGTTTCGACATAGCGACAACAGACATTTCTTCCGTTCGCCAAACCCCGGACGTGACTCGGTGGATAAGCAACTGCTCCCAGCGTTGGGGTAATATGACGCGCAGGAAGAGTCTGAGGTATGCCCACTGGCCAATAGCTGGTACTGGTTCCATAGGGTAGAGCTGGAGGAATTGACGGTCGGACGCTGTTGGGTAAGATCTGCTAAATCAGTGCTGGTCCTAAATTAGATATGCATTTCACGCGAGTATATTGGGAAGTCTATTGACGTCACAGAAGGC,812,51.23,Arabidopsis thaliana
SEQ_106215,CTAATGCCTTGGAGGAGGTCCCACTATCACACAGGCTCTTGTAGCCACAATTAAGCCGCGTTTCCACGCGAAATGCTAAATTCCTATTTGAGACGACAACCACTTATTGTGGTTTCCAACAAGCACCAAATTGACTGTTTAAGGCCTCTGAGTACCGTAAGCCGCTCCGGCGCGATGATCACATAGTAATGTTGATTACGCAGTCTGCGACATCTCTTGCTAGGTCCCTCTAATTCCAATCCTGGCCCGTTCTGATCCACATGTGGAAGCAGTGTTTCGGACCGCGCGACGTGGAGTCTAGTGGGCATATCCATCCTTTACATGTACGCCATCACCAGCAGACGTCGAGCCTTGGTTTGGACCACCGTAGACATCGCCAATCCAGTTCACCGTAAATAAAAAAGCATGTCCCGTGAGTGAGATCTCATCGTAAACGTATGTACTGCTGCGTAAAATGTAGCGACGCGAAGAGCCCGCGGCTTACTATTCAGCCGGTACCAGTGAGCTAAGCAAAGCACACTTGCGCGGCCAAAAGGCATTATCAAAGTATTCCGATAGGCTTCCAACATCTATCGGAACGCAACACCCCGAACCAGGTGACAGCCGGTGCACTATTACGACAGTTACCGCGAATGGTGGCATCCCCGAAAGACAACCTCGTAAACGAGCAGTGTAGATCATCTTTTGATCTACTTCCCGAGTGTGCAAACATGACCGCCGGACTACCATGCAAGCATCGGCTAGCAACCAACGAATCCCCAATGGACGCGAACACGTACGAGGTAGCGTAGGGGATACAAACGTTCTCTATGGCCGCTCACTAGCGCGGTCTCCGCACGGATTGAAAAACCTACATGGTAAACTAGCGGAAGAGGACGGGTGCTATGGCGGTTCAAACCTCGCCCTTGCCCCCAACTGATTCCCCCTCTGCAGGTTTTTTATAATGTGTTGTGGTCGCGAATACGAGTGAGGGCCTACAGGGTCTAGGTGCGAGGATACGACACATCGAATGAGTCTGGGTTTTCCTCACGTCAAAGTAGGATAACATGCCCCTGGTTCGTGTCTTGAATCAGTTTAGTGGATGGCCCTAAGAAGCGTTCCTCATTGGCCTGGCATGTTGTTGGTTTTTAAAGGACGGTATGACATTGGTGATAAGGATCGCAAATTGCGGTTTAGCGCCTTCCACCGGCCTCTGAACTAATATTACGTGCAAGGGGGAATCGACTCTTCCGATAACTATGGTGGAGCTTGACTGCGAACAGAGAACTCCAGACACCTGTCCAACCTAAGGACGCTACAAAGGAAAATGACGCTCCGGCTTATACTTGATCTAGGTAGGGAACTTAACGCCGTCCACCTGGCGTCTCTGTCGAATCTTCAGATCACTCGTGATCGGTGAATCCATAAGCGGCGGGCAGAGGTACACGAGGTTCAGTGCTCTAAATCCCTCCTAACGAGCTTGTAGGCCGAAGTCATCGGAGAACGGGTGGAGTGAAGATCTAGCAATATTGCAACTCTCGCACAATCAGCGTTTCCGATTAGTGGGTGTACGTGCGGGGATGGGCCCCCGGGCGCGTGAAACCGCGCGCCGCCAGGGCGCTTGAGGGTCTCCCTCTTTGGGCAGAGGCTGTGAGTACTAGGCAGTGCATAGTATTTCTGGGCTTGTAATTGCGTCGCATGTTGAGCGGTGGAAACTAGTAGAGTTGAAAGAACAT,1715,51.43,Arabidopsis thaliana
SEQ_866824,TGCTGTATTTTAGTTACGGTCGACGAAGTGTGGTCATCTTTGCAAGCGCGAATAGAAGTGCTGTCTAGCCTCATACCGTCGAAAGTATGCATCATGAAGAAGCCAACCCCCTCTGCCTGGTATTGTCGGTTGGGATCAAACGCGTCTCGTTGGAGCTAGACCTGAGTTGCGTTAGTCCTACTACCTACACACCAAAAAACCTGGCCGACAGTCCTCCTTTTACATCTTTGAGGAATATCGGTAATCGGCAACATACCTAGCCTGTGGTGATGTCTGGTTGGGTACCCGGTGAGTATAAATTGGTAGCGGAGTGTATATTATGTCCGTGACCACGGCATGTATTTCGTGTAATATCTTGCAGCCTAGAGCCTTATAGGGCGGTTGGGGGAAAGACAGGACTCTGTGGTAAGGACCAACGCTAAGACGATTAATTCGTCTCTTCGAACTAGGGGGCTTG,457,48.58,Saccharomyces cerevisiae
SEQ_782602,GATACCATATGGTACGTGTTCCAGCACTACGCTTTGTCGCCGTACGCGCAAAGCGGATATGTTAACGAAGATATAAACGACCGGGCGGTAAGGCATCTCGTTCATTGTAATGGTAGCCGATATTCATGGGGGAAGGTGGGAGAGGACACATACAAAGCCGATGCGGACTTTTCCGCTGCTAGCTCAAGGAAATAATGTCATTGTATTGTTTCTGCGGGACGCTTTCTACACGGTGGAGGCACACCTGGGAGCCGTAGCCCGGTTCACATCCTACAGTAAAATCAATACCCGTTTAATGCGTAAGTACAGGCGCGTCCGCGTCACCGGACTATTTTATTGAGGCCCGGCGCCTTTACCCGAGCTAGAGTGTGAGATAGCCTACTTTACAGAAATTCCTAGAGGCACCTCGTAAAACATTAGTCACTCGCCTTACCATATTGACATCCACTTCGGCGGTCGGGGCCGAAGGATATCGACGCGGAGGAAGACCATTATGCGGGCGGCCTCAGCAGCAAGCAGATGATGCCCTCAAAATGCTGCAGATTCTGTACGACTCCCATTTCCCCTCACATAGAACAAGGCGTTTGCATCGGCCGGAGGTTAAGTGGCTTTCGATACACCATCGCTGGGGTACCCTGAGTAAAGAACGCCCGGAATTCTTCTGTCCGCAGAGCCCCCCAAGGCCGTACTTAAGGTATCCTCGGCGATCATCAAGCCTCTGCGACAATCAGTCCGTAGGTGGATAACGGCTAGCCGATCGCGAATGCAACTATTACACCCAGTGGAGGTCTACCATGAAACAATGGGATCCAGATACAGTGCCGCCACTTCCCTTTACCTCACCCTTGTTGTACCTACCTCGACCTACGATTAAAGCAGAAGAGATAGATAGTTTGGGACTTACCCCTCAGCCAGGGAGTAAAATGGCTTTCGTTACAAGAATACTACACGGTCCTGGCTTGTGCACCGATTAGCAAATTGTGTAATGAGCATGTTCTATGTCGGTGCTGTGGGTCAGCGAGGGAGCTTAAGATGTACCCCACTATTCAGCACTTCTCAATACGAAGTGTACGCGGATCGCGTGCGGTAAAGCCTTCATGTCGCG,1105,51.22,Saccharomyces cerevisiae
SEQ_786437,ATCAAAAAGTGCACACGGGATCCAATTTGCTGTGTTTCTGATGGCAAGCTCCCAGAACTGTAGTGTGACAAATCCTATGTCCAACCTTGCCACCCACAGTTCTGACGCGACCGACTTTAAGTGGCTGGTTATCGATGAGTTGTGTATGGAGGTTGTCGTATGGCTAAGGACGTAGGTACGTCAGGTAAGAGGGTCAGAGTTGCTGGGAATGGGTTGGTGGTACATACGGATCAACTGGCATCGCAGACTGTGCCGAATTACCTCGCTTCGTTGTTCGGCGGTGCTAGCTACAAAGCGGTTAGGCACAGCGAAACATACATACTGGTTAAAAACACGGGCATGTCACACTAACGCTCTTAAGCTATACTATCATGACAACGGCACGCCCCAGCCATCAAGGCGGTTCGGCAAACGCTGGGCCAGCGTTCTAAGACTCGTTACTCTGGGTGACAGACCTGAGCACGAACTGAAGCTCTCACAGCGCACTAGCGGAAACCGGAGTCCAACAAGAGTTCATCCTGCACAATATACCTAGATTTATGCAGAAATGTGCGGCGGGCCGATAACATGTCGCGGTACAATACTTCGCCTCCCCGGGCTGCATTTCGGACACGCGAGTTGAACATCCCTGACAGTATTTGTATAGACAAGGACGCAAACTCCCATTTGTACTCGATACCCACAATAATGGAGATGTCGATTTACGGCCTCAAACAAATGTCGTCAAACCGCACCTCTAGTGTAATGAAACGAGCACAGCAACCAGCACCGGTCGGGGAGACGAGCACTTCGTACCCAGAACCGGACTGACCGAATAAACTTCCATTACTCTCAAAAACCCCAGAGTCGGCTTCCCCATCAGCGATCATGCTGCCTCTGTAAACGAACAATTTGCCTCAGAGCAAAGCGCCAGGCGTGTCCCGCAAAGCGAGTTGAACCAACTCGAACAGCGCTCGGTTATTAGACGGAGTCAGATCTCGCCAGGCCCGATTTAACTCGCGTCGCGGAGTAAATGAGTCTTACCTTAGGTCAGGTTGCGGACAATGACTCGTGTCTTCTGTTAACACCGAATGACTGGGGAGCTAGTAAAGTGCCAATCATGTTGGACCACTTTAAT,1117,50.67,Caenorhabditis elegans
SEQ_356054,CGGGCCTAAACAGTCATGACATCTCCCGTATCGTGGGAGTCCGGATCTTTAATGTAGAGGCATGACGTCACGTGGGAGTTAGATTCTAGCTAAAAACGCTGGCCAATACTGGTCCCAAATACCGGAGCTCTGGTTCGGGAACGTGCCTATGGCGGAACTGATCGTCGATGCAATAATAACAAAACCTGTGAAAGTGGATACACCTGAACAGTCTAACAACGTCGACAGTTTTCGGAAGGTCGGGGCGTTAGATGACTATCTTAGGCTCCAGAGCCCACCACGGACTATTAACCCTAGCCCCATGTTCCTCCCTATTTGACTGGGTACGGGTGACACATCAAACGCTCCCTCGTCAAGGCCCGATCCTCCTAAGGGGTGCCGACTTGCGTACCGACGGCTTGACAATACCATTGCGGTTCAGCATAAGAGAGTACGCCAGAGACAGCGGATCACGTACATTGGTTGTTAGCGTCCTATGTTTAAGGGTGGATTGATACTTGGAATGTTGCCCTATATTACAACCCGGACAGGCCGTTATGCCATTTCGTGCGGCCCGAAGAAACTAGTTACACTAGAGTAGCTCAACTCTCCGATTTTATCGGCAATCTTCCCAACACTTCAGACGGGCCGAATAACGCAGTGGATAACGCATGACGAGATTTCCCAGGACCAGCAGAATACTAACGGTTGACAACTAAAGCAGCTATCAACCTCGTTGGGCAGCTTAACCATGAGAACCAATCGGTTCTCTTACATGGCTAGCCGACACTAAAGCTGGGCGTATGGGGCAGTCCAAAAACTCCTGTACCATCCCTTT,817,50.18,Saccharomyces cerevisiae
SEQ_510378,GGGAATTGTCACTCTCCGCCGGACTGGTTATCTTTCAATCTCGACGGTCACCACGCTATACCTCTCAAATTGCTCTACTGTACGGAGGCAGCAAATTGGCCCAGAAGAGGCCGAAATGTTAAAATTATCCAACAGTCCTGA,141,48.23,Saccharomyces cerevisiae
SEQ_606372,TCACTGCCAGTGATACAGCATCCAGCGCTAAAGAAGAGGGGCACCAGAGACCTGTATATTGTTTATATAAGCTTATCGGCCGGGTAAGGCCGTACTTGGGGGGAGATCGCCGTAGTTGATGAGGACGTCTATATGCCACAAGTGTCGGTTGATGGACGCCAACGGGATGACACCTCAAGCATGCGTGTAATAGTCGTTGTAAATGCCCGCTCAACGATTCGGAAATACTGAACCCTGAAGAATGGACCTTTTGTCCGCCAAATACCCTCCATTTTGCCTTCGGCCCTACGCACATCGTACGTCTACCCGTACCCGCCGTTAGACAGGTTTAACCATTTTATCTTGAACGGACTCCGACATCGTTGCTCGCGCTCACAGAATACCTAAACCTTAAGAATCCTGGCACCATAAGATGTAGTAACATGTCGTAGACGATAATAACTGCTAACCGTTGGGACTCTCCAGCTTAGCGAATCCGCCCGGTGAGATAGGTTGATATAAGAAGGGAGTTAAATGTGTAGCGTGATGGCAAAGCCCGAGCGCACCCCTTGGCGGTGAATCTCTCGACGTTCCGTTGCAGTTAATGCCAACGCACCCATAATCACCCCAGTACCTGGGTTACCGTCACTGTTCGTACCGAAGATTCCATTGACTCGGAATGCTACTAATTGGGTGACCTCGTTGTGCATCGAGTAGAAACTTACCCCGGACTCTAAAAAGAGTTATATTTTATAAGTCGTGGAAGACCCCTGGAATGTATCTCTGAACTGAGCTTCTTCGCAGAACAAAAGGTAAGCTTCTACCGATGGTGAGGCCGAGCGCCATACTTGTCAGGTAGAATATATGGAGGTGCCAGAGGTCCGAAGTATAGTGGGCTTGCGTCCCTAAACGAACCGGAAGGAATGTAACGGTTACTAGACGTCGAGACGTTTCCTAAGGCCATACTACCACGCGTCACTGTCAGAAAAGGATCACTGCAACCAGGTAGAGTATAGCGTCGTTCGCATGG,1009,49.36,Caenorhabditis elegans
SEQ_318682,CCAGCATTGATGTTAGATCGACTGGTTTGCCGGTCGCGAGCCCCATCGGGCAGGGAATCCATCAGTCAGTCCAGCCTAAGTCACACGGCGTGTTCTATCTTCCGTGACGAAACATATAGCCCCGGGATCTACGTCCGTCGAAAAAACTGGGAGTAGATAGCCCCCAATGATGGAGCATCAGGTCGTCCCTAAAATTTGGGCGTTTTGTGGGCTCTGCGACGCGCGATATCCGACAATACAAGGATTGGACAGGCCCAGATGGATCACAAAATCGCCTTTACTTGGTCCCAAGGTCGTACTCGCATGTCTACTGAATTACCCCATGTACAAGAAATTCTGAGTGGTCCCCAGCTAAGATCATGACTCGCGTTCAATAAAGCGCCCCGGGGAATTGTCGCGGTACAAATCGGTTATGCCTCAAGGTCTCAATCCCGCACGTCACCCCCCATAGTCCGGGCACAAGCAACACCGGGCGCGATGAGAAAATCTCTGCATCTCATCATTCAGTGGTCGACTGTAGACGGACGGTCAGACATTTCGTACATCTTTGGTCCACGGCGCATAATCTGACGGGCGAGTTTAACAATAGTCCCAGCCTGTTGCAGGGGTACTGACATTTTACATATGGCATCATGCCTCGACGTATAAGTACAAGCTGCGACGCGCCAATTGTCATTGAGGTGCGGGCACCTTCGTCACCAATGCGCGCGAGCTCTGTGTCGAAATGCGAGATACACAAGCCCGACAAGTACCGTCGGTGGAGTTGAGGCCGTCCATTATTCACGCCAACAGGTGTTAAGAAAGACCGACCAGTAGGTCGTGTTGGATAACTAAGTAAGGATAGATCCTTCTGTATCCGACTCAATGTAGCTATCCGAAATGATTCAATCCGGTTCGGCGGCGTATCCAACCTGGGACTAAATCCGGGTCAAACAGCTAGTTAGGTATCTGCGGTTGCGCCAGGGAAATTATCCACGTCCATTGAACTCGAAACATTTGAAACAGTTGCGCGGTCCTGCAATTCTTCGAGACAGCGAGCCGTTATCCAGAAGTTAGATTCTTCTAACGCACATTATCCAGATCGAAGTCGTATCGTCCGTTCGCCCCAGTTTGAATGGTAAATGTGATAGCAGGGGACCTAGCGTGTCACACAGATCCGGT,1161,51.16,Caenorhabditis elegans
SEQ_347447,ATAAAATTAAAGAGCATGATGCGTCTCAGAGGCAAGATGTATAAGCATTATGAAAAAATACCACGCGTGCGAATCTACGTGGCTATTTCTACACGGACGCCTCACGTTGATTACAGTGCCGCCTGAAGTTCGGGCTCATCCTAACCCGCCGAGCTACGGTGACGTCATTGAGGCGGTGTCAACACAGGGCCGCGACGAGCATACGTACCCATTCCACCTGGAAGTTCGTTGACATGCAGTCTGCACAAAGGAGCACGATACCATCGTATAAGCAGGCCCGCAGTGGGGTTACGCGCAAGGGCACGTGGGCTTTCACAGACACCGGGCTACGAACAGATTTGCATTGGAGTTTTGTGAGGGTGGCCGTATGAGGCGCTCAGGTCACGAGAGTGGCCTCGTGAAGGCAAGAGCGTGATATGTCGCCAAGAGCTGGGACTTCTAGCCTCTCGGTTAGTATAATGGAATAGTTAAAATGCCTTTTCTGCAGCAGGCGTGTGGTGAATGCGGATCTTTCCTCTGCTATCCCAGAAATTTCGAACGACGCAACTACCTTTCCATGTGGTGATTCTGTCCAACCAGTGGCTAAGACAGCCGTAGGTATTGCTAGCTTCATCTCCGTGCTACGTGCCATACTCCATACAGGCGCATGCCTTAAAAATAAAATCGATAAAAAGATAACCCCAAT,685,50.36,Caenorhabditis elegans
SEQ_154004,TCATCTATTTCTCACAATCACGCTAACTCCTACGGTTTAAATTCGACGAAGACACGCGTCTCGAGGCTAGACGAATTTCTGAATATTACCTGCGTGTAGCGGACTGTCCGGGTGAGCCGGCTAAGTATTCGCAGGGTTGTAACTGGATCTTCGATATTGGACACCCAAACTACGCGTGGAATAGGGCAGGCGAGTTTTGTTCATCAAGAATCACCAGGTTTCCCAACACACCAAAAAGGAGTAGGTCGGTTCCAAGTATGACGCCTAGCTATACTAGTCGACGAACTTGGAGATCCATAGAAGAGCCAGAGCAGCTCTGG,320,48.44,Mus musculus
SEQ_407227,TCAGCGGACTCCGTATGCCATCCTACTACGACGCCGGGACCACTACGTTCCTGGGCGCAACAAAGCATCCACTGCTAAAGAATTACCTGACGCCGGCAGCCTAATCAGGACATGGTTCACCAACAGCCCCATTCCCTGTATCCGAGGATAATATACGACCGCGCTCCGTAGGTCTTCCCAAGAAACAAAGATCATAGACCCGACCCCCGCGCCACGCATTCTCGTGAAGGTGCTGGCTTGTGGGGGAGTTCTGCTGCTCCGAAGGCTGGCAGGGTCGTACGAGTTGGTACTCGTTAGTAGTAAGGACAACTTGTGTTAAATGGATCGGAAGACGGGTACCGCACTGTAAATAGGCTTCCACCTAAGCCAGCGTAGTGAGCAGCAGCTACAGCGCCGGCTAGCAGCCTGAGATGTAGTCGGGGCCTTGCCGCGCTAGCTTGAGTCCCGTCCGCCTTCCGCTTTTCACAACTGATGACGTCATTTTAAGCCCCTTAATGAAACCGCTGGAGAGCGCTAATTCTTTCAAGTCCGGAGTAACCGTCTCATAGCGTGGTGTAGTCGGGCGGCGAGTCAAAGGCGCGAAATGAGGTTCTTCGAGTGCACCTTCGAGGGTTAATAGAGACCTCTCCTCAGGTGGCGTCTGATCGCGGTCAAAACCGCGTTCCGGCCTCACTTCTAGAACCTGAGGACTTTTGCGCTAAGCAGACGGCCACCCTTAGTTTCAATATTATGCTTGACCCAACACCCTGAGTTCCTTCTAACTGTCCGAAGAGACTCTTAACGGTAGAGCCCGACACACATTTTTATATAAGTTGCTGGAGGAATAATCTTACACTCCATATATGCATAAATGAATCGACTGCTCTTTGAGGCGCGTAACGCTCGAGTACATCCTGTCGACTGAGCTCACTCGTTTATTTGCATACTAGATTCACTTAGCTCAAGGTCTGCATATATATTACCTAATATGTTTGGACTGCCGAAGCACAAGTCTTAAGTGAGCAGGCGTTGCGGCCTGTATGGCATAGGCTCCCTTTAAATGTACTGCATAGATTCATTGTCAGGACTGAAAACTAAAAGAAGGAGTGTGACGTACCCATGAGCCAGTCCCCCGAGCAATAATCACAACGAATGGAAAGAGAGCTCGGTCGCATTCTCCTCCACGTCGATTCCACGGGAATTCTCATGGGCCAAGCCCCACTCGGCTCCATTATCCAAGCAAGCGTCGGGTTGGCGTGTATGCCCTTCGCTCTGCCCTGGTAGACGGGGCT,1271,51.93,Drosophila melanogaster
SEQ_543834,TTGCAGCTATACGCTTATATAGTAACTCCGTCCTAGTCCTACCTCTGTTATGGCGATACGGTCTGCA,67,46.27,Caenorhabditis elegans
SEQ_480688,CGAGACTGACCCAGAATGGTCGACTTGCCTAGCATCAGCACGCCTCAATTGGGTCAAACGACGGTGTCGTGTCAGCACACAACCTTGCTCGTCATGCAGGCCGAGTAAAGCGCGATCCCAAACTCGTGTAAGCTCAGCGTTAATTTACTCGCCGTATCAAATTTGACTAACCTGCGCTATGTGCGCTTTCTACGATATAGAACGATCTAAGTGGTTGCTCGGTGTGGCAAGGTGGTATCAAGACTAATCCCGGACCGGATAAATTAAGAGTCAGTTCTCAGTGTTACATTATTCATTCGCGCCGCAGTGATACTCAATCATTCCGTGGAATATGAGTAAGGTAAGTAGGGGATACTGGAAGTGCGAACCCTTCCACGTGGTCCCCATGAGTATCTTTCCGCCAAGCATCGAGTCTTGTACGTAAGGGAAGCGTAGCATGGCGCTCCGGCAACCAAGTAACTCGTATGCCTAGGATATACCACACAGCGTAGAATATAGGAAAACGATCTTCGTGCAAGGAGATGCATCCCAGCGTGTGACTCGGGTGAGAAAAACCACGGCAGAAGTCGGCCCCCCCTATTGAGGTAAGTCTTGAGTCAAGCTGTCAGCGTCTGGGACAGTAGGCAAGGATGGCCTCTTGATAATATAAGTGTGTATTCACGGCCACGACTTCGGGTAGAAATTCGTATTAGCGGAATCATTCAATTCGAGGGGCAACTTCTGAACTCCGCTGTCCTATCAGGGGGGCGCTCATAAGAAGTGTCTGAGCAGGCCAGGTACGAAGTGCCCCGAGCGAAAGGAAAAGGCAATAGTGTTAAGGGATTACATCATATGGAGTCGCAGAAGATAGCGCAATAGACTTCAGCTCTTAACCAATGCTTTCCGGACAAAGCCCCCGAACGGTCACTCCGTTTGAAGTGCCTGGAAGC,929,50.05,Arabidopsis thaliana
SEQ_738846,GGGGACATCCTTGCTAGAGCCTATTATGAAACGACGAGTATAAGTACTGTTCGCATGGCTGAAATGACAATATGAGAACGAGGCGGTGCTGTCGTCTATGATACCCGGACTATCATATATCTCCTGTAAGGGAAAATGCAGTAGCCAATAATTTGGGATCCAAACAACTTCTAAATCTGTATCTACTATCCAGTTCGCAAGAGTTGCAGAACAGGACCTTCGCGTAATTATCGTACCTGGGTATGAAACGTAATGGAGGCCCTATCCCCTTCCGCGATGAAACGAAGTTCACGTAGGCAAGATCCTCGCGATATGCGTGACAATTACACC,330,45.45,Escherichia coli
SEQ_558435,GTACTCCGCTCTTCTGAATCGAGTTCTGAAGTAACGGAGGAGATCACGTAGGGGAGCTGGTACCCCGAAAGTTTAACTTAAGCGGGTTACGGTTTCGGGTCGAGAGTCCGATGTTAGACCCCTAGTACTTTTGGCCGTACAACGTTTTGCCCTTATGTACCACCGTAACTTGGACCTGCTGAAGCGCGATAGTTCTAGGCCACCGAGGAAATAGGCTCAGATTTTTACTGCTGCTCCGTCAGTGACCAAATACGACATCCCCTTTTGAGCGTTAAAAAAAGTAAGCTACGTCCGGCATGTGGAGATATGGTGTCTCATGAGCAGTAAATAGAAGAGTAACCGGTCATTTTCTTCTCAGTAACAATAAGGCTATCCGAACTTGCTCAGTACTATGGAACGTAGCTCATGTACCGAGGCACGCCCATGTATATCTGCCATTGCGGATTAGAGGAAGTGGAAAAGGACTCGGACTTTCCCTTATTGCTAAAATTGGGGGGTTTCCAGCACGACTAACCGCAACGTGTTTCCGAACAGCAGCACCACCATTGTTTGAACGGTCCGTAAAAACTAAGGAGGCTAGGTTATGAAACATAATCACACCAGGCTCAAACCATTAGAGATTCCAGTATCATTCGGTGAGAGCATGACCTGTCGATTTATATCAGGCACGTCCTAACGCCCGGAACATAGTCGCGACTAGGTCGCTTGTCCCATTCAAAACCTTTTGTCCCCTCGCGAAGGTTTCATTCTAGAACACACTCTAAGAGTTAACCTGAGGATTCCTTAAGGTCAAAACGGATGCGAAACTTGATCTTCTCATAAACCTCTAAATCTGGCGCAGCCATTCCTATGAACGCCGCTATCACCTGTGAGAAAGGGAAGACCGGTGGTAACAGACGTCCCGTTCAGCGTAGGAG,917,47.66,Drosophila melanogaster
SEQ_691336,CTAGGAATTTATTCTGTGCGGGACGTCACGCAAGCGGTCAACCTGTTGTATATAAATCCTCCAAAGTCCATGAGGTACGACCAACGTCCCGATCGAGCCACCCCTATCACGTCCTTGCCGGATTAGACATGACCTGGCGAAAGATGTGCCTCCTATCTTATCAAAAACTTCACGACTTACATCGAATACAGGATTTATCGCGCGATAGCTACCTCATGGAATACATCGCTCCGAAGTAGCTGTGGCTAAAATGCGTCGCCAGTAGGGCATCGTATGTCGCGGTAGCGGTAGATACGCTCGCATGACACAGAGATTAATAGGATACATCCTGCAGAGAGGCTGGTAAACGCCTATGCGCACCACGTTTGGCCCCATCGGTTCAAGCGGAACGAAAGGACCGGGAGTATACCTGTCGACCTCGGCATCTTGCCTTAGGACCATACGTCCGCGCACCATACCGGTAAGCACTACGAAAGCTGTAGGTGTCAGAATCGCATGTATGTGAAGTGGGTAGCATGTCTCTGTGCCCGTGAGTGTCCGTAC,543,51.57,Escherichia coli
SEQ_548436,TGTGACATACATAATTTAGAAGCAACCAGACTGAAGCCTGTGCGCTGCCTAAGCGTTCGGCGTCTATATCTCTCCGAACATGCAGGGGTACGTCATTGAGAGCGGAGGCAATCGTGGAGAAACAATCCACTACATGCGTTGTTTGCCTCCAGCAGAACAGTAATTAGATACAAAGTTCCATCAATGAGATAGTGGCTAATACAATTTCAAAGGAAGTGTAACCGGTGCTGTTGACAGAATTCATGGGAGTTTTCTAAGATCTTCCTGTGTGCCGTAGATGGACAGTCTTAAGGAGGGGAATATTATTGGGACCTCTAAGCGGCGTCACGCAGTAGGCATTGCGGTGCTATTCAATAGATCAGGCCTACTCAGTAGTGGCCTGTAAAGTCATATTCTTCGAGCGACTGGATTGCACGTTGATTTACACTGTCTAGATGGGGAACCTACAATCGGATAATCTTTATTTCTGATGCAGTAGATTCAAACGACGTGCGTTGCGGCCCCCCCCCTGAGGGGGAACTCATCTGAAAGGCCGTGCGCTTATACCACATCTGTTGCGGTCGCATTGAGTCGGTAGTAATATTGGTCGTGAATCTCGGTCGCCCGCCGCTTTTACATCCCGAAGCGCGAGTCTTCAAGATGGCTTAAACCGCTCCTTTTACACCCGAGAGGTGCCCCTCACCCGTCTGTTGTGAACAAAAACGCAATTGTGTAGATTTGTGGGACTGCCATACCGAGACCGCTAATGTAGAACGAGCAGATACATGGGTTGAACGAAACCGGTCACACCCATGGGTGCTGATATTAGGTGTTAGCTTTGATATAAAATGATATCCATGTGCTGCTGAACATCATCACCGGATCCGCTAGACCGGTTCTATTATAACTTAGATGTTAGGTCCCCGAGCGACTACCTACCCATCCTCTTGAGTTGGTAGATGGCACCACTGCCATGAAGTAACCTCTCCCTCCCGACCTAATTCGGTGCTCGCGATACTCTTGCATCCCAGGATTTAGTTTGCCGGCTACTCCAAAAGAAGCACGGACAGGGTGGCTATAGGTGCAACACTCTAGCCTTTGGAGGCAGATGACAAGCGCGTTGCAATGCCCATCCCCGCTAAGGCCTCCCCATGACAAATCTACACCCCCAGCAATCTATAATACGCTGGAGTCTCATGTCTCAACTGCTTACAATCCGCACTTAATGCATCCCTTTCTATATTGCTAGGACGTTCAATAGCCGTAGGTGAATGTGTAATGTAACTCGCACCATTGGGTTCTCATTGTGTGTACGGTGGCATTATAGGGCTCATGGCAACTTTCGGATTAGACTGGGAGCACAAATCTCTCATCTATCAAAGGGTCTCGCGAACGACCAACCTTAAATATGGCGCGGCGAATAATAGATCTCCCAGCAAATGAGGTTACCACTATGATCGAGCTAAGTGCTCGCCTGGAAACAGCCTGCTCAGGTGCCCGTTCGGATCCTTCTATTGGAGGGTCTCGGCCGGGTGGAACGGACGAAACTTATG,1532,48.89,Saccharomyces cerevisiae
SEQ_425188,GGAACAGAGACCTGTGATATAAAAAAACCAGAAAAAAGGTCTTCAAGAAAGCTCCCGAAAATAACAAACCACTTACCGTACCAGTCTTGTTTTCGGTGTCTAGCAAATATCCAAAGGCGCATCTCGCCCCTGCGTTCCCGCTCCAAACTACTACCGATAGCATCATCCGGGTCGCTACGCCCCCCTTCTGCCGGGGTATAGACATCCTTTCTCCTCGGGGTTTGTGCCGGGGGCTCTATGACTGTGGTTAGATTGCAGAGCTAATTCGGCGAAAAACGATTACCTGGATACGGGCGGAATAGGCGGCAAGAGGCTCTTATCCCGAGCGAAATACATGCAGTGCGTGATGTTCAGAAATTCAGGGCTGACGCACGCGGGGACATAATATTTTAAACAAAGTATCGACAAAAAGGCTACGCAATGGGCCTATATTCCGTCCACTCATTAGACTCTTACAGGACCCCTATAGTATGGACTATTTATGGCTCCAGTCCAGGGACGCATAATCACACAGAGAGGAGGTGAAGATTTAGGATGCGCTCGCAAGCGAGGAAATGAATTCAACAGCTGTACGAACGTGGTATTATTGACTCGAGCTGAGGTCCGGTCCTGGAAGTGGTGGGGAATGTATGTTTGCGTATCGAATGCTTGAAACGAACGGAATCGCCGTCCGGGGTCGTACGCAATCTCGGTGTTAGATATGCTAAGATGAGTCTAGTAGGAATAGTGTATAACGCCTCACCGTTGCATTCAGAAGGGTAAGAGGGGGTGCGACTCTTCAGCCCCCGATTACGTATTCTAAACTGAGAGGGGATGCCGCAAACTTGAGTCGACCGGTAGGCTCCGATGCTGAGCCTTCTAATAGTTCTTGCTACGATAAAGGTACGAGATTTGCAAAGGAGGAGCGCGGCATAGTGCAGAACTGGATGAAACCTTCTTAATCTTATATACAGGATGCTCCGTCAGTCTGAGATCTGATTGAAGCGAATATGTTTGGGTGTAGTGGATCCTGCGGGCGTGACCTCAACATACGCATCACTCTGCCTCATTCCCGACG,1057,49.2,Drosophila melanogaster
SEQ_395050,GTCTCAAGAAGGGCTATCGGTACACGTGCCGTGAACCGGGTCATCGCGGGATTCTTCAATCACTGTGAGAGGTCGAATAGCACAACCAGCGTGGGACAGACACACGTAACTCTCTCCTTCGACCTGGTGAATATCTGCGATTTATTGGTTGCACATTTTACGTGCTTAAGAGCCAAATCACTAACGTCGGCCGTGAGCGGGTTACCTGTGAAAATCACCCTTAGTCGATCTTATCTAATTATTGAATTGTTAGGACGCTTACTCACTCGTGAGATTAAAAGACGTAGGACTGAGCAGTCCCTTAGTTAGCCGAGACGATCCGATAAACTTTGAAGTACGCTATAGAAGATGCGATCGATAAAACAACGAAAATATTGGCCTACCTAACCGCCCAGCACATATGTGTGATAGCGAATTGCACATGGTGGCCTCTAAAAAGCATAGGACTCCTATGACCCGGGTGTGCTTCTCTACGTTCGACGCATGCATTGGGAGAACCTTATGTTCGGAATAATGCTTTTGTCAGGACCCCCGTCTGGATCGACACTTATGGCCTTTCTAATGCTGAAAAAGGGGTAACGGGAGGTGTATGTGTTAACTGCTTAGACG,609,46.96,Escherichia coli
SEQ_937843,TTAGAGCTATGGTGGGCAGAAAATGTGGTAGAGCAAGGGCTTTGAGGGCTGGGCGTAAAGATTATTCGTGCTACCGAGGCAACTAATCTGTTCTATTCTCGGCTTTTTCGAAAATTAGTGGGCATTTCAATGCACCCCTTGAGAAACCTGAATTTTTGTCACCAGACGAATCGAGCGGCACAGCTCCGAGGTTCCCTCTGCCTGGTCCAGTCCCCGAGAAATGAGCGCGTAAAATGGTGTCTGTGGGTTTTACAACACCTGTTCTGTAACTTATCCCGGTGGAACTCTAATACTTGCGTGCTACTTTAGAAAGCGCTCGGGTTACTCTCTGGTCGATGGTCATCCTGCCGGAGGCTCCCAAGACCCTTATTCTCGCTTCAAAACTGGCTTCCCAACGGCTAGGAAGCGATGCTTATTGGAACTGACACGCGTGCTTACGCTGACCACTAGTTATTACCGTTTAAGCGAGCGACGGCCGACACACGGTCAAACCTCTGGTCTCTCACGTAACACAGACGCGGTTACCTAAGCACGCCCTTCGCCGGCAAGGGGCCCTTTGTCGTATTCTTATAACAACGAAAGTTTATGTCGCAGGATCGTTCCAAACTACACGTACCGCGGCTCCTTCTTCACGGTG,637,50.86,Arabidopsis thaliana
SEQ_892271,GCATTACCATTCGGTAGCAGGCGGCCAAAATGGGTCGACACCATATCTCACATTCTCAGTATCGTGTAATAATCAAAAGCGTCCCGAGGTAAACGGAGCCGCGTGTATCATTAAAGTGGGTAGATCAAATACCTCATCGATCCAGTGAGGCTGGTTAAGCCTCCATACGCGGCCGGACCTAAATGTCTATCTTAAGGGAACCGAGCCCCAGATTAGGCCTATCAGGGATCGTGCCATTGCTGTGGGTCAATGTCCGTCCCGTTGCTCTGCGTATCGCGACACAGTGCACTGCGATAGATTTATTACTCCCTAGTCCCCGAACAACGGTTTTACCCCGGGTGACATATGGGAGTCCTCGGTTCTCCATGGGCTGTAAATTGGTGGCTATCAGGATCTTCAGGGGGCATGTCGGATTCCATCCATGCATACGGTGTCACGCTGCGCTCACGGCACGCTAAAACTGTCCGAACATGTCCCCACAGAATGGTGGCTTTGGTCTAATCTGGCGGAATATGGTCCAGACTACCATGTTGTTTCGTTTCAGTCCCGATAACCAACAACACCGTGAACCTCATCTTAACACTTGGCAGGGGCACCTCGGAAATTGTTGCTAAGTCTATATTACAGTTCGCCCCCTGCACGGCACGCGATGGCCCCGGTCTCCGGTTCTACCCGTACACTAAATGAACGGAAGACCATAGCCGATCTGGTTATCTTAAACGGCGGTCGGGACTTACCAT,740,51.76,Mus musculus
SEQ_913219,CTAATTCTCGAGACCTGCATCCTATAGCAGCAGCGGTCACGCGTTCCAGCTCGATAGACATCAGTTCACTCAAAATATCCTAGTATAACACGCACAGTAGCTTCGTATGGGGTGGGATGCCAAAGGGCACACGGCAGTTGACCCGCCACCGAGGAAACACCGGGGCAGGTAAATTTACGTACTTGAACCAGGTACAAGGCACATCGTGCTCTTGAGTCACACCCCTTTTGCTCAAGACCCGCGCCACATTCCATTGAGGACATCCGTGGCGCCCACCCTCTCGGTGGTTTCTGTTTTGGTACGGACTGTGACGGATGAAGGCTTTGACCAGTCTTCCTATAGGGCCCAGTGTGAGACTAGAAAGACATAAATCTTCCAGGTACTCGAGTCACCGTAGCACTTTTCGCCAGCCAGCAGACGATTAGCAGGCCCCAATATGCAGTTGGTATAGCGAGTAGTAGGGACAACCTCTCGTCACTGGTTCCGTCGCCCCCCCTGTTATACGCAACAAGGGACAGCCAACCAATCTTTCACATAGAGGCACCAGTTCACAGCCATCTTATGCGACTTGAATGACAGCTAGCCCCGCTTCCGTGATCAGGGGTGCACTAGTATATCGTGCTGAATGGCCTGTGTAGCCGACCAAGGAGGTTTCTTGTGTAAGCGGACGGTCCCTCCGAAACCACTAATGGTCTGCGCCGACGCTAGTTGTCGCGACGTTTGCAATACAAGGTTCCTCTGGAATGACGGGGGCCATAGTAGAGGCCATCTAAATGGAGTGAATAGGTGGATGGCCGGCGCCTAACGAATATCGTAGAACACTGTAGCCCGCAGCATCTCGGCTACACGATAGTCCTCGCGAACAACCTGCCTGTTCCCGTCAGTACGCCCGTACTAGGTGATGGGAAACATTAACTTTCATTCAGGTAACGCAAGTCCGCTTGACGTTTAACAGCGACGCAAGCATGATAGAAGCATCATGGTGACGGACCCGGTGCATCTGCAGCGTGATCACAGCAATCGAATGCATACCTGATCCCTAGAGTATACGCTTTGAGCACACAGATAAAAACCCCTGTTCGTCCCGTCATTACCACCCTAGACCTAGGGATAATGCCACTAGACTGGTCTCCCTTCTTATCGAGTGAAAATCACTTTAATCGGTTTACACGGGGCATCAGAAATAGCGCTAGACATACAGAACCGGACAAAGGTAGGTCCTACGCCACGGGGCTAGTGGTGACTTCAGGTCTTGCGTAGAGACTCCGTACTCTTTTCTACGTCAGCGGATGCTGGCTAATAGGAACCGGTAGGCGCTTAATGCGCGTCCTAGGCTGATAGTTCTCTAGCCCTTAAACCGAAATCTGTACATCTCGGTGGCCACTCAACTCGCGGACGATACGTGTAACATGCTTTAATCCCCAGTCTGTGTTTCGACATTGGTCAGACACGGTTTTCGGCTTGGACATGGGCATTCTCAAGTAGTGAGTGACAGTCCCTACCGCGCCGACCAGGGTGCTATAGGGGGGGATTACTGTTCCTGAACCCCCGCTGCCCATCGGTGTGCAGTATAGGTCTGAACGGGCGATAGAGCAATTCGTTACAGGTCAGCAAACCGAAGTACTAATCAAACGTTTCACGCTACAGCCGGTTCCGTTAACTTGCTAAGTTATTTATTTGAGTTAGGCGTGACCGCACACAGGCATTCTAGATACCATTGTTAGGGATGAGGGTTTGTGGGTGCAGCCTGTGTCACTATGGCATGCCTGTATTGCCTGTATAACAATTTCTGTCTCGCTTACAGTTAAGAACCACCTTCGCCTTTCAGGGTTAGGGGTCTGTGCCCCTAGATGCTTC,1857,51.59,Saccharomyces cerevisiae
SEQ_787505,TGTCTGTCAGTGAGCGTGAGTTATAAAGTGGTCCAGGCTTTTGCGTGGGTACTGACGATGACCGCCCAAACACTCGAGGGCTGACACGTCCAACATTTGCGTAGTAAAGTGCAAGTGCCGGATGCAGTACCCCATACGGAATAACGCGGCGTCACGCACTGCTCGTAGATCCGAGCATCCAGAATCCGGCGTCATTCGAGAGTAACGATGCATAGGCAGCAACTGATCAGCCCAACTCGAGGGTCCACATGCTTCACTGCACCGGTGGGATTAATTACGCCAGTAAATGCCCACGCGAATAACACTAAGAGATTTCTCGATTCGATAGCCTGACACTTAATC,342,51.75,Mus musculus
SEQ_492300,TAGAATCTACTCATCAAGTGGGGCGAACGAAACCTTGCGTTGGTATATGTAACGGAGTTTAAACGTGTTTGATTCTGGAAGACCAGCAGACCGGCTACCGATCCTCCATTACTAGCGCCGCGTGTGGTTTAGTACGTCCCCGGAACGAGCCCGGACGGGAAGCGACGTTCACTTTCTGATGTTTTAGAAAATAGGGTGTACTCTAGACGCGTTTAGGACTCGGCCTGCTCGGATGCTTTGGTTTAACGCATTCGGAGAGTTAATGAGCGTGTCCATTTGTGGCCGCAAATCGGAACACCTGCCTGGAGGGTTTTGTCCCACTTGATATACTCCGCACGGGTTTCCTCTTAAGGCCAACTTCCTCCGCCAATTAAGCTACGAGTGACATGCTGCTGTAGAACCACTCAATGATCACTAAATCCTCTGGAGCTCTCTAGATGAAACCTTCGCGAAGAGCTCCATGATGCGATGAGTCTCCTAGTCCA,485,50.1,Saccharomyces cerevisiae
SEQ_761873,GGCCGGGAATGGCGACACTAGACCTACTTTTAAGGGATCTAGGTCAATTTTTTCTCATTGAAACGTATATTGTCTGTCGCATTGTAGGCGCGTAATGCCTCTTATGACTCTTCGACGTTCATTACCCACCGACCCTTTATGTACCACCGCGACGCTGGAAAAGCGTTCTGTCAGACGGGCCAACTCATGCCTTGTGACCTTCCTCCGGTATGAACCGGAACGGCTGCCCGCGGCTCGGACGATGAATTGTTATATGGTCATTCCAGACTAGCTGGTAGAGTATCTCCGAAATTTCGGCCTGCCATAGGTATTTTGTAGGAGCAAGCGCCGTGATTCTCGAAAGTGCAAATCAATTGTCCTTGTGGATGATAAATGATGGCGGCGTGGGTGCGTTACTAACAGCTTGATATGTTAAAACTGAGAATAGAAGGGGTATGAACTGTATGATCTGCACGCGGGGAAGAGCCGGGGCTAATTCAGCAACGTGATATAATCCGCGTCAATGGAACTGTAGGGTTATGCCTCCAGGAGAACGGATATAACCTTACACGGATCCAAATAGACGTTTCAAGAGATGATAAGTTGTTTGGGAGCGTGCTTATCTTATGGCCTACACAATCTTCATCTCTGTATCTGTCTTCCCAACCAAAGTACATATTTCCGCTTCGCACTTTCTGCACAATTACAGTTTCACGTAGCCGACGGCCCGCGCGGAGCACGCCTCAACCCTGATACGCCACCGCGGGGCAAGAGCTCACGCTAGTAGCGAACTCGACGTGGTTCTCGTTGTATGGGGAAACGGCTGTACATTCCCAACCGGCCTCTCCAAGGCTAAGTACGATTCATTTAGCGTGGCCACCACAACTTTATAAGTACGTTGCAGGTCAACTACTTACGCCGGATTGAGTTATCGTCCGGGTCACACGTGATTCATTGCGTGGATCTCAGTTATAGACTGAGCCACTGACGTGAGTAATTAGGGTATCGGGTGGTTTCTAGTGCTACCCGGTGGGACGCAACGAACCATTAAGAACGCGCGTACTTCACTCGTCCACCACACTCTTATCAGGGCAACCGGTAGCTTTATCTGCTTTGTCTTTACACGCTATGGAGTAGGCCAAATGCGCACGCATGCGTCTATTTTGAGTTAAGCCAAGCGCGTGAACGTCGGATATATACCCGCGCAGGCACATCACATGCCTTTACTTAATTCCCGAGCTATGTCCGCCGCTGGGACGTTTCTAGGAGGGAGAAAAACAGGACGCGGGAGGATTCTTGTGACATGCTTTGTGTCTCAAATGCCTACTGTGATAGAGCAACTTAATGGATTGTGCAGAACTCTGGCATACATACGCCTGCGCCAATATTCAAGCCACGTTGTCGTGGTGGGCTCGTACGCGACGTAGACGACTCGTTGTCGTCGACTTAAGCTAAGAGTGTGCGTCAAGGAAGAGGCTCAAGCGTTCCCTGGCACAAGCAATGACAGTGACTTTGGGAAGAATTAGTGGTTTTTGATAGACGGCAAGATGGTTGGCCCCCTCGGCAATCTCTAAGGGTTAGTTTTCTAACTCCGGCTCAGAATGAGGTGACTCGTTCTGGGCCGTAATATGAGCAAGTTTTGAGGGGTCTCAACCACGAAGTCGCCTTCGTAGCACGTAATGTGTCTCAACACAACTCGC,1679,49.79,Drosophila melanogaster
SEQ_783712,TAGAACCGTGCGGCAGGGGTCCATGGGTACCAATGTAAGCGGTTTACAAATACACCCAATTACCAGGCCACCGAGAACCTGTAGGCAAAGAGCAGTACAACTGGACCGACAAAATTCGGGGGTAACTAAGGGCTGCTTGTCCCTCGTGCGTGTCCTATATGGGGAGTAATAGCACGTACTACCAGGGATTGAGTTCGGTTGACTGATTAGAAGACACGGGCGAAGAAGCCTATCCTACGCGACAGGTGCCGCTGCCCGTCGCTGAGTAAATCGCACGCTGTCTGGATTCACGGTGGCGCTACCGCAGGGCATCGGTCAAATCGCATTCAACAACCGATCGTCCGTAGAAACTTTGAGACTTTTCGACAGGAGCCTCAAACCGCATATACTGGGACACATGAAGAAGGGTAGGACAAGCTGCGTCGTTAAGTGGCATTGGCTGGCTTGGCGGCCCCATCCCCGACTGTCTTTTGGTCTATGAGAGATGGGCTGAGCCTCGAACGCGTTTTAATTAAGCGCTTGAAATCAGTCGCTACTAGTGATGAGCTCTCCAACAGTTTCTCCACTCACACGTAAGAAAACCGGCTGATCGGTATTTCTCCACTAGTTACGTGTATGTGGGATACCACCCTGAGCACCCGTACGCCAAGCTGACATTCGGGCCATTGGGTTATGAAAACCTAAAAGATTTTGATCTCTGCGTAACCGATTGAAGGATGCATCATCTGTCGTCGTAGCGGGAAAGGTAGAATCAATGAACCAGCGCACAATGAGAAATGTATGCCTGTACTGCCGTGCGGCAAGTATAACCCCCATACCTAAGACTGACGATCTCTGTTATCGCTCACTGATCTCTTACTCGGATGAAGCAGATGGCGGATTATCTCACTTATATGGCGATTGTAATATCTGCGGGTGAATCTCACGAGATTATTATTGGTCCGATCACGGCCTCACTGACATCTTTAGTAACAGTGTCCCGGATAAATTGTTTCCAGCCACCTTAACACACTGTAATCTATAGTAATCCAGCAACTGTGGCGTATTACTTGCTTAGAAGATAAACCCGACAAGGTAAAATACTTGGATTCTCCTTATAAGGCTTACCGCTATACTCAGGAGAGATTTAGTTCGTATACTAGTAGTAACCCAAGCAGGTCCAGAACATATATTTGTGTGAAATATAGGGTTTGGTCCGTCCGGACCGGCTATCAATCCACCTATACTCGCATATGATGTGGTAGCTTGTCAAAGGGTGTTATGGTGGGATAAACTCGCATAGACGCTCCAAGAGTATGGTACTGCCAACCCCCCCTAAACGTAGAGGTTGAGGAGGTGCTTCTTTCTGGTCAACGGTAATTTGTTCGACTATTGACAGCATAATAACCGGGACGCGGTTGTCAGGTGAGTCTGCACTTATTTAAACGCAGCGCAACGGAAATCAACGGCAGAACCTCGATGAGTATAGTGGAACGGGCGGCTGCATGTCTCCTCCGTCGGGGTCTGTCACGTGACTTTAAGTAATGCATCCCATCAGGGCGCTCGGGGCAGGTCCTTTCCCAAAACCTCTCGTCACG,1577,49.02,Arabidopsis thaliana
SEQ_230910,CTGGCTACTATAATATCTGGCCTGTCCGAGCTAGCGGAACGCTCTCGTGCTCAAACGTTAGCAATTGCTACCACGGTGCTATCTTCAAGATAATTTAAAATGCCTGAAACGGACCGATTAATGGACGCTAGAAGTAATTCACTCGACCTCGAGGTCCGGGTAGAATTGCTCGGCGGTGTCGCAAACAGGTCGGAGCCTGTTAACGGTGATTGTCTTTATTTGGTATCCTTGAGCACCTAATCCCTCCGTGACAGGACGTGGATGGGACACGGGGTCAGTGCGGGAAAGTGTCAGGGTGAGCGACATATCGGCCCCTCTTATTAGAACCCTGGGACGAGCAGGCGTGATCAAGCTTGCTAGCAGGCAATGGGGGAGGAACTAGATGTGACACGTAGAGTAACCCTGCATGCAGATAATCCCCGATGCTCTATCGGGAAGCCCAGGATACTATCCACGTTCTCGACTGCGCATGGGGATCAGCTAATGCAAGCCAAACCTGGGTACTCTTTTGTTGTCTGACACAGTTCACGGTTAATATCGGATCATGACGGACTCCTGTTTGGGTGGCTTGTGAGGAGTTGTTCGGACGCGTCTTGGTCGTGTTATAAATATAGAACGCGCGCGAGTTAAAATCCCGCGGTTTGTATGACGGAAACTTGCTCTATCGCACAGCTGGCGAGGGCTTACGTACGCACAGACGCCACAAATCTTAGGCACCCTAATGATCGGTGCGTCAATGCTAAAGCGTTGAAATTTGAGAAGCTTAGGAACTCGATGCGAAACTTAATCCACATTCCGAGAAGAATTGGCAGGCAAAGCCGTAAACGAGCGTTATCATGCAAAAGATCAGAAGGGTCTAAGAATGGCTTCCCACGCAACTATTTAGTAGCGACAAACCAATTCCTTAGACTTTAATGGGGCAGGAGTGAATGCCACTCTTTACGGTAACCGGTTTCTTTTTATTCGTCAATTCGTTTCGGTAATAAGGTCAGTGTCATTGGCTGCGTGAGATCAACAGCTTCTGAGAAGTGATGGGCGGGAGCCTTACTCCATCCCCCATCGGCCTTTGAGTGAGGGTATAAAGCACGTAGGACGGCGTACGAGTAAAGTTGACTGGCCAGATAATCTCTGCAATCCCTGCAATGCCTGAAGTCGGGGCTCCAATTTGGTTAAGAAGTAGATGTATCTCGGTAGGCGAATGGACACGATTTAGTCGCTAATAAGAGTGACCAGGGTCTCTGTCTTTTGACTAGGGAAGCAGTGTGTACGCAGGCAGGCCCAGCGGCCTCAGTGAGTAGCCTTCGTCGCGGCCGGATGTCTTATACTATGTGATCTAATTCCACATTGTGTCTGGCTATCGATAAGCTCGCAATGTCCGTCTAGGTCGTTCAGTTGAAACAGGGTCAGCGGGCGTTTTAGACACGAGTTGTCGGTGTTACAGGCCGTAGACGATCCTGGTTTTGACCAAGCATTCCACTTTTGTGGTCAGCTCTTAGTAACACATCTTATATGCGTTTAGGGACACGTCTGGTACGTAGGGTTGGTTGATTTAAGGGGCTAACAATGCTTCTGGACCTCTATTGGCCAAGCGTGCGATGTAAAATGTGCCTATACTGCTCAATGCCTTCGGCTCAATAGGAACGTCTCCCATTAAGTAGTTAAGCGAAAAAACATAACCCCAAATTTTTGGTTAGTTACCCTGTCAATGAGGTACCATATAAGTTTGGGCCGGCCCGCGTCTGTTATAGAGGAGGTAGTTAATGGAAACGCCATTGTTAGGGCCCACGCCCCCGGGCCTGCTGCTACGGGTTGTCTGTGGCCAAAGCAT,1828,49.4,Drosophila melanogaster
SEQ_419099,GGTACCGATAACATGCGAAGAATTGCACCTTGTTGCACATTGAACGGGCAACACGTGACTGAGAGACAAGCAGTATCTACCTCGGACCTAGGTAGATCGCAACTATTGAGGCCGGGTTTCAGTGTCAGTCACTATCGGGGGGACATACTAAGCCCGGTGAGACCGCTAAGATACCACGAATTGCGATGGTGGTGTGTACCGAATATTTTCGTGCGCATCAGTCACTAGGGCAAGGTATAGAGTGAGCGGGCCATTACGTTAGTAAATTTGCCAAATGGTTTTTTTTAAAAGTCAACCCAAGGTAATAGGCCTGACTGCTCCTACTACCACCGGCAGGGACAATTCTTTCTGACCCATATACACCCCATGATAGGATATCCTGCAGGACCGTCGCCATCCACAGCGTGGGGGACCATATCAACGGCATAGTGTTTTTTGGACACATACGCCGCTATAATTTATTATATTGTCTGCCTTAGCACCTATCTGCTATCACCACTAGTGCCGCAGGCGTCGGGCGCCGGAATCTCCCGGAGTATACAAAAATGAATGAAAGTATATACGGGAAAATACATGTATTGTAGTAAGGGTCGGCCGGACCCGCCAGCTCTAAAAGATATTTGCAAAGGGATATTACGGAAAACCGCTCAGACTATGCTGTCGCTCGCATCAGACACAGTGCATATAAACCTTAAATGCTACACAGCACGCCACTGACGAAGGCCAGTTAGCCCCCAAAGCTGTTGTCGAGCGGTCGTAGACAATGCTCTTTGAAACGCGTTTCATCCATAACCGTGTACTCGTTACCGAGGAGACCTATACGGAAACCCGGTGGTGCTAGATCTGCTTTCTTTACCAGATTAGACGTATCAGTAATAATGCTCCCTTCTTGTGGCTACCTAACCGACCCGTCTTAGTCGTATCAAAAGTAAATTAAGCTAGAAGCCTGGAGTCGCACCTAGCCAAGGAAGTTGGAATGCCATGAAAAGATTGGGCCGCAGGAAGCTTCAAAGTCCCTAACAGAAGAGACCCGTTCCGCGTAAAAAGTAACAATTCAGCATCCTTACCGATTCACTTAGGAACGAATCAAATTGCG,1096,47.72,Caenorhabditis elegans
SEQ_189010,AATTACGACCTTCTTGGCACAGTAGGGTTATAAATCTGGGTCCTGGTCTGCTATGGACAACTCTTTTTCGCACGGACTGAAATCCGTTGGGTTTCCTAGACTATGCCAGATAGCAGAGCCGCGTACGTGGGAGTGCTCGGCGAGCATGCATTATCAGGCCGGACACGCGATCCCTAAGTTCAGACCTCGAGCTAAGGTCTATAAGAGGCGTCATAATGGTGATGGCCCAGGAAATTAGAAGCGGCGTCTGGGATTAACTTGTGCTTTCATCTGCTTTCTAAAGCTAATTCGGCGCAGAACACTTTGCAGGTTCACGACATCGGTCAAGACTATTGGCACGAGATATAGCCATTATCTATTGTACTCGATAGACGTCTTGATCAGCTTGGTTAAGACTTACGAGTGTTATACATAGAGCCGTCGCCTCCCGGAAATTACGGTACTGGTGTAACCCGGCTTCCAGTCGCGGGGCGTATCTTGTTATACTAATATGTAGAGCGCCCTGATAAAGTGCAGCTCCTTTAGCAAATTGCGTATCAACTTAAGGGTAAGGATGAGGACGTTCGTCTCACCGTGTTGCGAACCCACAGTAGTGCCCGTTACACAAGGGACCCTTGCGAGTTCGGACAATACTGATGTGAAAATCTTAACCATCAACAAGGATTGAGTAAAACGGACACCGCACACATCAGGATGTCACCGTTAGAGTCGCCTGCCCCTTCCGCTTCGTCGGCGACTCAAACTTGAATCTAACACACCATTTTGGCATACCTCCAGCTCTTTGCGCGTCGCTATGTCGAATTCACTATCCCATAATTGCTAAATGTGCGAGGTTCAATCCGGAATTGGCCTGACGCACTGCTAGCAAGACTGGAAGCATTGACTTGAGGGCCGCCATGGAATGGTTCACTGATGAAATTGGTTTATTAACACCACCCCATGACGTAAAATGGTTGGACGTCCGGGGTCATGTAGGATCTTAGGTTTCTATGTCAGGGAAAATTCCAAACCAATTTACTGTGTTCGAACCTTCTAAATCTGGTAAGCCGTTACGCACGATACCAAAACAGTCCACGGCTCGCAGTCACGTAATACCGGTATCATATAACCTATAGAGAATGTGCCCCAGCAGGACACCTGCCGTATTGACGACGCACAGTCAGTTGCGAGAGTTCGAACGACGCCAGCGTGCGGTTCGACTAATGAGATATTGGTACTTTAGTAGTCCCGCACTTTCGTTTGATAAACTAGCAGTTGATCTATGCGACAGCAATATTCTAAAATGGATATTTTATAGCGTGGTCAGAAAAGACGGATTTGGAATTATGCTAATCGGTGAGGTTGCCTAGTATTATCGCTCATACTTTCTGACAATGCCACGTATGGCACAACAGTGAGATGCTCTGCATCTTATGCAGCCGCTATTGTTACCGCACTTACGAGGGGCGGTTGGTGAACCCCGATTATGGTTTCGTTAGACATATTACACAGCCGACGAGAAGACTGACAAATGGCGGCCGCGCCGGATTAAACGAGAGTAGATTCAATAGGAGCTTAAAATCTTAGATGCTGCTCCCTCCCTGGAT,1586,47.6,Escherichia coli
SEQ_437937,ACATGAATAGTCCATGAACTGTGTTTCTCCCGCAGTATGAGAGTCTAACCCGGACCCCGCGTGATGAACGAGACCAACACAGCGAGCGACCGCTCCGACAGCTTCAGCGATCCACGAATATTTGCGTGGGCTAAACTTCCGGTCTCCAGGCATACCGTCCTTAGCTATCCCATGTGACAAGCCCGCAGTAACCGTTTTCGGTTGATAGACTAGTAAGGAAATAGCCCCTAATTCCGGCTCATCTACAGGGACGCTGCCGCGCTCCTCTATGATTACACTCCGTAGACTTCTAAGTTGCAAACATAGTTTTCGCCGCGGATTACGCTGACTAAAAACATACGATTAAAGGTACATGCCATCAACCTCCTAACGGCGTTCGCTCTTAAAAACTCGCTTCCATTTATCAGGGTTTCAGCGTTGGCGACTATGCTTGTCGAGCCGTGGTCTTCCCCATCTCAAGTGGGGTTACCACGCGCAACGGAGCGTCTCTACAAAGGGCTGACCACGTGAGTTATACCGGCATACATTTGCACGCAGCGCGGCTGTAATGAAAGCGTTAGTGACATAGGAGGTGTGCGAGCTTTAGGGTCGCCACCACGGCGCAATGGGTACCAGAACCTGTCGGTCACGATGCTCTTGAGGGCCACTGCTGACAACCTTCCCGCCACAGGCTCCCGATAGACGCAACAGACCGTACACAAGTGCACTGTTCTCCAATCACATTTGTCCATTGAGCTCTTAGACTATTGTAAACTTGAGTTGGGAAGGAGCCTACTGGGCCCCTTCCTCCCGCCTAATGACCCATACCACTGGGCAGTTTCGGCAACTTGTTTACATTTGGACGCGCCTCAGGATGTAACGTCGGCTCTCGCGACTGTCTCCAGCACTCTCACCGCCGCACGCGGCCCAAGGGAGCCGCATATCATCAACCCCGTGAGCGCACCGCGCTTTTTGAATGTCCTACTTAATTTCATGCCTGGTGAACTATCATCGCGTTCAGAGTGGAATCTCGCATTACCGAACAAAGAGGGGCGTGGGCAGCTCCGGGTCTCTCCTTAAGGAGAGTACGGCAGCGTCGTTACTGCTTGATTCGTTTGAGTAATGCCGCGGCAGCGATCCGTATCACAGACCCTTTCTGAAATATCGCCAACAGCGCGATCCTGTAACGCCTTGTCGAACATGACTGCCACCTATCACTGGATGATGCTCGCCAAGTAGACAATCCTTGTATTCATGTTATCGCGCCAATGCGTCAGTAGAGAATGGGACAGGCTCACTACTGACTCACTGCTGACGCGACAGTAGCATAACCACACACCGACGCATCTGTAGACAGACCGAGAAAGCTCAGATAGCAACGTATGCAAACGTGTGGATGTATTGGTCTACTTGTCGTACCTGACTCTGGCAACATTGGATGCTCGCGGCTTCCGAGTCAACTCCCAGCGGGGAGGTCACTTAACATCATTCTCCTCCCCCGAGAGCCTCCGTAATTGAAGGGTCCTACCATTCGTCCTCTTAGCTCGGTCGGATCTTATACAGCCAGGACAAGACAACTATCCGGCATGGACGCGGAGTTAGCTTTCTAAAGTTTCACCTATCAGCTCGAGCAAACGACTGCTACTCCCACAATCGAGGGTGAACTTTGAGACCCCGGTATGGAGAGCGATTTTTTCTCGTAATGGCATTAATCGGTTTCTCTGAAAGTAAGTCGGGCGACCTGACGACTTGCTGAGCAACCTTTTGACTAG,1751,52.26,Arabidopsis thaliana
SEQ_292534,AGACGGGCTGGGGAGATGCATGACCGCCTATTTCTCCCATACTCGGCCCGACCGATCACGCATA,64,59.38,Homo sapiens
SEQ_479614,ATTATAAGTCGGAAGACGGTGTTTACGTCCATTCCGCCTGAGATTGAAGGCCCGGTGTCGACAAGCCCCCATCGATCTTAGGGAGTACGACGGGGTACTTTTTTAGATTTTTTGTCCCTCTTACGAGCCGGCTTAGGTACAGCCACTTTGCCAACTCATAGGAAGGAACTAGCGTTTTCGGGACCGTGGACGTAGATCTAAAAGCAGGACACTGACCTAGTAGCCTGCTATAATTACATATCAGGCAAGACTTTATTTGCTTACGGCACGTACAGGGCAAGATCAAAAGTGCAGGTCGAATGAACGACCACGAAATCGCGAAACTATAGTTCTGGGAGGATCCGCATGTGCTTCGCAGTATTTTGAACCAAAGTCCTGGAGTTCTCAGGTCTTATCGCGCGGGCTTGGTCGGACGGCGCGCTCCCACTGACCATTATACAACGAAGATTCTGAAGCTGAGAATGAAGTCGGCTGTTTGCACTTGTTCGTAATCAGTGAATAGGTCGGGATAACCGCCGTGTAGCAAGGTGCAAAATGATATAGCAACGTCCTGGTAGAAAGCCGCAACAGACGAACAGCGAAAAGTCATGGCCGAAGCAATCGGAACACTCGATGCGGAGGGCGGTTTTTCACTTACGCGTAAATAGCATCGAGTGAGGTGACGTTTTTATCGAGATTCGTCAGCTCAGGCAATGGGGCGACCGCTGCGCGGTAAGCCCGAGTCAATATCCTCACTAATGGGGAACCGCCCACTGAATACGTATTGTCTTTATGTCGTGACGTCCGACACTTACTGAGCCCAGTGGGAGGTACAAATAGCGGCCTTGCGCCGTGTGTCGCGGCCCTGTGCCGTATGAAGGACTACCTTCTGCTATGGATCATCCAGGACGCTACTGCAGTCCTCAAACTGGAGAAACGTGAACTTGCTATCGAGAAGTAAGGACGCTCAGCGGGCCATGATGCTTATGCAGAATTCAACCCTGGCACCCTGGTTATTGGTGTTATGGCCATCCGATTTCTTTTACCCTGGTGGGGCCACAGAGGCACACAACAGTTCGAAATGTGGATGCAGAGGATCATCGCATGGTATGTGCCTCCCGGGTCTGTCAGTGCGTCAGTTGGTTTAAGACGGCCCTATTACTAGGGTTCCTATCGCCGGGTCCCTGGGAAAGGGCCACACGAAGTGCTCTGACTGTTTTATTATGAATACCCAGAAGTAATTTTATCTTTTGTTGGCCACTAGCAGGAACTGCAGTCGACGGTCACCTTGCCGAACGCATGACTCACACGGGAAGGGCGCGGTTGCTCGGACTAGCTCGCGGCTTTTGAACTAGACCTTGAGCCCTGACCAGCGAATCGGAATTGCGGGTCGATCAAACTTTAGGGCCCGCAAGTGATTTAATCCGGGCGGTGTTCAGGGAACGGGCGCTATAGGCGTGACGCCAGCCGTATGTAAAGAGCAATTTAACGATGTCCCAGGCGAACATGGTTAAGCATATATTTAAAGGGTACTTCTATGGCATGCTCTAATACAAACTTGACCCCAAGCAGGTAGCTAGCACCACAACTGCTCGAGTGAGCCACAAGCTACCCCAACCGGTCGGCTGCAGAGAACGCAGACTGGTTGAGGTTGTGGACTCGCT,1643,51.43,Mus musculus
SEQ_882068,TAGGCGCCGGCATAATACTCGATTTTTTTCGTGGCATGGAAGTCGGCGACGATTTCATACGGGTAGCGCGACAACCAGAGAAACCCCTGTCCGAGCTCGCGTTGCTCCTTGGTCTAAGGAATAGAGGAACAGGATGTCTGCTCTACCCCATCCCGATTCGAGGGTCAGGTATTCAAGCCCGCTGAACTAGGCGTTTGTTCAGCGCATTCAATGATGTATAAGGTACCGTTTCTCCGGTGCAGCGAATACGTCCCCCCAGATGTTTCCAGGAGTTTAGTCGTAGTCAGGAAGTTTGTTCGTTTACTCTCATACGGTAGACCTCAGTCGGTAATTTCTTGAGTATCCGTTCGGCGGGCCGTGGAGCGCACTAAGTCCCTTGGCACCGCTAGGAGGCAATCGTGGCTTCAATACGAACGTTTTTAAACTTCATTACCAATGAAAGCTGAAACTAGGGGAATTTCTTACTACAGGGGCGAATCCGCTGACAGAAAGCGGCGCCTCTCAGTCACGGTACTACAGCCTAGAAAAATGCTGTATGACGCCAGGTATCGCGAACAGGATGCGGACCGCCTTCGACGGATCGCATACGTACCCAGGCGTATACAGGCCCTTAAAAAGAATATGTGCCAACGTCTTCACCCTGCCTGTTGTAGCACTGACGAGCGCGCTCGGGAAAACTCAAGAAGGTGTAGGCTGTCCGCTTCGAGGCTTGAAAACTCGTGAGCACGGATGCAAAGCGCTAGTTCACTGAACAGAGACAAAATTAAAGTAGGACCGCCCGTCTTGATTCGCTGAGACCTAAGGCCAGCAAAGAACTTCACGGCGCATTCAAGCCGGTACTGCCAATACTGCAGGGTAGGCTTAAAAAAGACGGAAGGCCGATCTCAAATACCGTAGATGACCAATGCAAGCTGCGCTGGTTTGACTGGCAGCACCGAAGCGGGAGTTAATGGAAAGCAGTACGCTGCGGTACCACGCCGACTCTATCACGATTTGGTGACTAGCCCGCCTTTTGGGAAGGGATGGCACCACACGCGACCCCCTAGTGATCGCAGGGATGCACTTTCCTGCAGCGATAACGGCATGAATCATGAGTGCTTAAAACTCAGAAGGCAATACGTAATCCCCGGGCCATCGTCATTATACTCGTTTACCTAACGTCGCGGGAGGGCAGGACCTAAATAGAGTAAGTCGGGCCATATCGCACATTAATTAAGCTTACTAGTTGCCGGCGCATTGGTGGGGTTCATGGCTCGGAATAG,1262,51.82,Mus musculus
SEQ_683092,TGGTAGAACAAGGCTGAATCGTAGTTAGCAAGGCCTATCCGCGGTCTCACCAAAGACAAGATCGGTCGGGCTCCGCTTTTTTCAAGCCCTACTTTAAGGTGCCGTCGGATAAACATGAGATTCATCACAAGACGTCGAGTTTTGGCTTTGGTACTTTACAACTTAATATGACACCTAGCCCCCCAGGCGGACGGATATACCCGATTCTCGGAGACGGACGTCACCCCGGGCCCAAAACCGCAAGATATGCGCTCCAGACGAGGTTATTGGTAATTTAATTCGAGGGCACTCCCTAGAAGATATACATCTGCGTACCAGGAACTACCTTAGTCACCACGGCATAGCCAGGGTCGGCTATAAGCTGAACAAGCCTTGCTTTACCCGGCTAGTACCTCACCCAGGTACAGGACCGCGCGAAGCTATTATGAGAGGAGTCCCTACCCCGCCCCCGTAGCACATCAGGGAGCTTTCGGGTAGGGACTGGCGTGGCTAGATCCCTTAAGTCCTAACGCGGCGCTGGGAGCTCGCGAGCTCAAGGACCGCCCGGCTTAGACGCGTAACTAAATTGACAGCTAATAAATACACATTTAACCCTTAGTCCGCGTGTGTAGTACGTGCAGTTCGGTCCCGTCAACCTGAAAAAAGCTGAAAGATCACTATACTCGATAGCATGGGCGAACGTGCATACACCCGGTATCCAATGATCCTATCTAAGGATTACCAGTTCGACGACACCGGAGCCGGGCCCTAAGGATTATCAGCGTGGGCGCTTGAATCACTGCTAGTGATGGCCTAGGGATGTTCAGATGAAACGTGTCTAGTTGTTCTTTTTCGCGGCAGACTGCATAT,849,51.83,Drosophila melanogaster
SEQ_612699,TCACATTTTCTAGGCTATCCAACTCCTATGTCGCGTGTACACGATAATAGGGCCTAAGCATGCGAAAGGCTACAATTGGGAGACTGGATGAGGGACGGGTTGCAGGTATCCACGCCATTGCAGTATAATGCAGAAACACAGACTTTGAAGTAGCTTCCATGCAAGATGATGTGGCTGACGGGCGGAGGCCGATTTATTGACACTTCATGCCACGCTGTTGAAGCAACATGGGTTTACTATTTAAAGCTGCGAGCGGAGAGGTGACACAACTCAGCGCAAGACTAATTCAGCAGTGGAGTGGTAAGACTGCCAGTTAACATGAATGCTCCCTAAAATGTTTTACTTGTTGATACACGGAGTGCAAAAGGGAAACATGTGTGAACAAGAAGCGAAGGGGTGCCTTCCCCCGGTATTGCAGTGATGCAAAAGTTAAAACCACTTATCTGATCCTTTACGGAACCCGTTACTTTCGCCAATGCTATATGTACGCGAACTTGACGCCGAGACCTAGACACGTCGCCTTCTATAAAAGTTCGCCTGAATCGTATAAGGTTACAACCCTACACGTGAGGTGATGAGCCCATCGCGATGTACAGTTATACCAGTGGCCGTAATTCGTTAGGTGTCTGTCTATGTGGTGCTCATTTTCTGCATCCAGGCAGAACGCTGCCAGCATCACAGGATGTAAGAGTTATATCAACTCCCCTTGATCTTCGGCTTAATAAAAGAGGAGCGGTCGCCACGGATATAATTGCAAGTGAGCACACTCAGGACTGTCGACAAGTTGACAAGATGTCACACAGCGGGTGCCGACGGACTCGTTAAGTAGGAACGTAAATTCCTATAGTTAGAGTGCTCCTCAAGGTCCTGCAACCCGAAATCGTCCGCAGTTGCAACCTGAGTGGATCGTCATTTATGGGGCACAACGGGGCTTATCAACTCATCCCACGCTAGTTTCTGCTCTTGTGACGGTAGACACGTTACACTGCTGCTGTACCGCCACGCTCGATTCGGTAACGGATCGTTCCACATCGGTATATTCTAAAATCTCTTGGTTGGCCCATAATAGAGTTCCCCCCACCGACAATTCAGGAAAGCTCTCTTGGAGTGATTACTACATGAGGTAAGCCACTGTCCAAGCCTGGGTGCTCCCGGCTAAAAGGGCCGGGGATATCGCGCGGGCGCGCTCGGTGTAGTTGAGATTTTATATCCGGGGAATTCGTTCGGTACGACAAATAGCCCGGCCAGGCCATGAAAGGATGCGACCTCGCGAGGTAAGGACTAAATGTAACCTACCACTCCATGGGGAATTGGATTTGAGTCAGTCAACTTTGATAGCCCAGGGGGTTAGATTGGGGTATGACACGGCCGTCCGTACATCCTTGTCAGAGCTTTACCTCCCGAAACAGTATCCTAGAGCGGGGACCATACGCGAGAGACACTGCCAGACTTTGCCCACTATCCATCTTATGGGGAGCTCTAAATACCACTCGTCAATCTTCCTCGTTACTCCCCACCATCCATAGATACCTTCGCTGATCCGTTTTATATCGTGTCTGTTGTTTTGTTGGCTCATTCTCGTACGCAGTTCTTCTGGAGAATGTCGATGCTGGCTCT,1617,49.23,Mus musculus
SEQ_300778,TTAATGGACATCTTCTGCGCACGAGTGACGTTTGCCGCTGGTGCTTGCGTCGCTTCATTATGCGCATAATATGCCAGCACCCCGTCCAGCGATGCCAAGCATTGCGGGGACACATGCGGCCGGGTCTTATAACCCGAAAGTCTCGATGCATGACGATGCGACGTTGAGAGGCAGCGTCATGTCCTTTCACCTACACTCATAGAGGGGTGGTAATGGTGTTGGAAAAATCCTTGCGCGACTCCGCTATCCCGGTGGGGCAGCCATACTTCGAGCCGAATACAACCGCATACTTGAACGGCAATATTGCTCTACGTCGCTCCAAGGGACATTCTTATCTCGACACCTACAAAGATTGTCTTAGACCTGAGGGGAGATGGTACTATTGGTACATAACGGCATAACTATATAACGTGGGATGGCATTAGTTGGGAGTATCTACAACGTGCGCGACAAAGAATATTGCTTGCGCCCCGAGGAATTCATCCTGCCTTCAAACGATGAGGGTCGGAGGTTTTATTTATCTGTCCGCCTGTGAACTAAGTAGCACTCATAAGCGCCACCTTCACTGGATGAACGGGAAACGGATGCTATAGAAATATCGTGTTTAGTCATGCCGCACAACCGGTCACCTTCTAAGACTCGGTGCCCCCATATAGGGTCCTGTGCAACACTCGTTTTAGACGTTCGCGTAGTGTTATCGGGTGGATTGCCGAGTTTACTTTGTGTCCGAGCCACATCTGTCCCGTCTACCCACGTGGCAGGATTCCATAAGCAGCGCTAGCTGGACAGCGGTGAACTGAAATGCTCACATCTACTATGATCCAAGTGCACATTGTGATTCCGCTACTGAATACGAACATAGCATATACAATTCAGAGCGCTGCCCCTACGTTGGTTGAACAAAAAGGTGCCCATCGAAAAAAGGGTCTGATCCTCAAGACCGTTACACGGAGGATAAATTGGTGAAGAGACGATCTTGAGAACAGTGTTGAGATCCTAACTGGGTGTTGGTTAGTCTCCGGACTGTTTTTGCGTGTGCCCTTCGGGTACTGCAACTTGCGATCTTCTAGCTGCCGAGTGCTTGGGGACCGCCCAGGGACAGGGCTATGACGCCACCGTCTCATATGGCTAGGGGCCAGGAATGAGATCTTAGGTACTCAAATCGACGACTGACTAATCCAGCTGATTTTTTCCAGCTGGCTCTGAAAGTTAACTAACTGCTGATGGAGTGCACGTTATATCCGAACTATGAATGAGTATCTATACAACACGTTCAACTCGATTTAAACTCGTCGACGTTGTTGAAAGCCGAACCCCGTCATCCATGGCAGTACGAAGATCACCGGGTGGTATAGACGCCCGAGTGACCGAGATATTGACTTCGGTTAGACGTGACTAAGAATCTAGCGGTAGTGAGTTCCTACCCTTACTGGCGAATCGACTGTTGTTGTGGATCATTTGCTGGTGGAGAATAGCGATACATAAACATCAAGGTCGATAACTACAGAGATTACGCAGCGTATTAGGACCAAAGTAAGGCATTGAGCGGTCGCCCGTGCCGCATAGCTGAAAGTGTCTCAACCTGTTCTTGTCGTCCTAGTTTAGTGTGACATGCCTCTGTAACGCTGGTGCACTGCGGGCATTAAACAGGATTGCATGTCTAAATAGATAAATATCAGAACTGTTGGGGAGTACCCTTTAAACGCTCTCTTGGAGGGGGGACGGAGTTTAGATCCGGCTGGATTCATTACGACTGCGATAAGACTCGGTTCGATGTACGGCCTGCTGCGCTGTACGGGTTATACGGTTGCCGTGTCTTAAGGATCTTCTTATCTGGTGGTCAAACCGCGTAGGTTGCCAGGACAGGAGGTACCAACTCACTTCGCTGGGGCACATCGTCCTGAAGGGGACTATCGCCAATTGAACCTCGACAAGGCTCAGGATCGCATCCAAGAAGCTTTGCTGAGATCACCTCGAGGATCTTGAAGGGAGTGAGTTTA,2000,49.7,Homo sapiens
SEQ_431434,GTCGAAGCGTGGTAATACCCGCGCCGGAACTGAGCGGAACGGGTATGGTAGCTTATCATACCCCGCCGGGACGTAACATATGCAGCCGACCAATCTGATGGTGCAAGTTGCCCATCTTCTGCGGCATAGACAGTTTACCTGCAGCAATCGTCATATAGGCAAACCGATATACTAGCTTAGGGGCCTGTGAGGAAATACGGGGGTCTCCTTTTTCCTTACGGCGAGAATCACCATTGCTGATGTTCGCTCTGATCGTATCCACGTTCACTGAAGGCTAAAATGTATGCGTGTCTATAATCCGATGAGTTATACGGCAGTGGCAACATCACTACTATACCTACGTGAATTCTACACGACTTACAGTGCGCGGGAAAACGTCCCATCCATGTACTGGATGCAGTTCAGACGTATGCAAGGATTCTAAGCGAGAAGTAAGGTCATGTATCATACATGCAGATCCTTTACTCACCCAAATCTGGATAGACCGCAGGCCTGTATTCCCCGGAGGTGCTTATGTAAGTTAACTGTGATGAGGCAGGTCCTACTTGCTGTACGGGATAACCCTTCCATAGTATGCCGAGAACAATTCTTAAGACTCGGCGATGTTGCTCGGTAGTAGCGGTCACCTATCATACCCAAAAATAGTCATCGCATGTATTTCGATTTCCATAATCTCCCGGGTGGCTGATCTTCATAATTTGTCCTACTCCCCACCACGCGCGCTACTACGCGCTGTGGGAAGTTCAACGTTCGTTATACCTGGGGAACGCAACAGTCCTCCTATAATCGACAAAAGTGGAAGATTTGCTTTAGACATATCCTTGTGTCGGGTAGCCCTTGGCATTTGTCGTTAATCGTCTAGTAGTTAGAAGGGGGAATAGGGGTAGGATGACATGCCATAAAGGTCAAATTGTAGCGCTTAAGGATTTTTTCATTCCATTGACCGATCCCGAGGACTCCGAGATTGGGTCTTCCACGTTCGTCCCTCTACTTGCAGGCTGAGTCCGCAAGTCTAAGTGTGGATAACATTAAGCGTGACGGACCCTTGACGCGAGCTACAAATAGACGTGATCATCCATTCCATTTAATGGAATTCGGTCGAGCTCCCGGGCACTCGTTGAACCAAAGAAAGTTTTTCTCTCGATGTCAGCATTGTAATGGATACGCTGAACCTGTGAACGTTCCATTCGTTCAGAAGAAGTGGACGATAGCCGAAAAAGGTACTGAATAAAAATGGGAACGCTGGTGTTGTCTCCCGGTGGTGAGCCAATTCTATACAACTCAACGGAGGCTCCGCAATTAGAGCTGTTGGGGGGGGCTAACG,1324,48.19,Caenorhabditis elegans
SEQ_296067,CCCCGCCACAGCCAGGGTTGACGTTTTGGAAACAGCTTTATCGAATCCTATTGGCATCTCATTCTGAGAAGCTTTGTTCACAAGCTGTCCTGGCGTCCTAGGTTTCAGGGTATCAGCAAGTAATAATGCTGCGCGGCA,138,50.0,Saccharomyces cerevisiae
SEQ_946861,TAAGCGCCTCCGGGATGATGGTGACGAGTTGTCAGGAGCTGAGCAATCGTATTTGCTACTGCAATCTGTTCTGTTGAAGGCCAGAGAAAACGACCCCGACATTGTGAAGATCTGCTCTGCTGTAGCGCTAATGACCTACTACACCAATCTAGGCTTCATAAACGTCATTCGATTACCCACCTCAATACGGTTGCTATCCTCCCTACGAATCATCCTTGGGAGTTAACTCGACAATTTAAGCTGAGGCTCAAGCTAGATTAAATGAGACG,269,46.84,Homo sapiens
SEQ_885126,GCGTAGAAGAAGGAGTGTATGGTCCAAGGCAGATGTAAAGGGGAGAATTCCCTCCGGCTCACCTGAGCTGCGAATCTGGCCTCCTGACAACTTTGTCACTGTGCGGCAGGACCGGTTGTTTATTGAATGATAGTGCTGCGTGGCTGAGGTTGGGGCTTGACGCAAAACTACTAGTTTTAGTGTTGACAAGTCGACTCGCGCAGTATGCATCTCTAGGCCCTTCGTTCAACCAAGGATTGGAATAGCTTAGGTCGGGAAACGTTGACTGTTATAAACTCAGACAGTTACTTCGTTATGGCCTGGGGCGGCTATCATGGGACGCACTAAACGACTTTTCTCGGTTATACTTGTTTGATTTCCCAGTAGAGGAAGTTTATCACTGGTCTCGCTAGCCAACTACCCTTCGTGGTAAAGGCTGCGACTCAGACGTGCCTGAATCGA,441,49.66,Caenorhabditis elegans
SEQ_689604,CCTCTCCAGCATATACCATAGTGCAACTTACACAAATAGTGCTACGTTAATTATTGCAAGAAAGTTATTTAGGTACAGTCACAGGAATCGGCCGAATCCCCGAGCATATAATCGTACAGTGCTTCATCCAAGTTCATTGTGCATATCACTAATATTCTAATTGCACTTAAAATCCCACGCAGCCCAAGCGTATGTTGTGGTCGAGATCGATTTTAGACGGCACTGGCTTTGCACCGAAAAGTTAGTCGCCCTTGGAGCCTAGTTAACGTGTTCAGGCGGCCTGGCAAAGGGTTACCTGTAACTTGAGCCGTGGGTAGATTTGAAGGGGAGTTGGTTACTGTTCTCCATGTCATTTTCTAGCACTAGCCGGCCCCGGACCCAGCGGACAGCTCTTTTCAATAGGCGAACTTCTTTGCTCCAGATCGTGCGATCCTATTCTGAGCACTTCAGACTATTTCAGGAGTAGGTGAGTCTTCTCGATTCCCAGAAAGCGTTTGCTTGCGGTTCGTAGGTATCCGGCCTCGAACGGGATTTAAATAACCACGGCTAGCCACGGATTGGATGTCAGTATGTTCGAGTGTTGTCTAGGAATTTCTTTCGGGAGCGAAGAAACCATGGATACGCTCAAGAATCGCGGGCGACGAGCGCCTGGTGTGCTTCATCCTACCCGATACCACGTAATGGGTGATCGAGTAAGCGGGGAGTCTCAATAGTCAACTGTGACTTGAGGATCCGGCGCGCGTTAGTTGGAATGAGACAATTCGTCATCGCGGTGATACATAAACGCCATCCTATAAGTCAGAGTCGAGCGCCTAGGGTGTGTCCGCTCACGAACTACTTAACATAGGGCCCGAGGAATCAGCGGTCTTACAGTTCTATTACTAACCAGTGGAGCTCCGATAGCAGGAGCTTGACTTAGGGCAGAATACCAATAAATGCTAAGCATCTGCAAATACAGCCGACGCAAAACTGGGACCTTGCACACTTACCAGATATCCCTTGGGCGCCACATCTAAAGAATCACTATCAGACAGACCAATATGGTCGGTGCAAACGATTATGACCGACTGCGCGTTCTGTAAGTAGTAGGCACCGCTGGACCGTGGATCACTCTAAGTCCTTCTAGGGGTACATTCACTCTCCTAACTCAAGCGCGGTGATGTCTATGGTAACGCGAAAGTATATAAACCCGCCAAAAGAGGCGTATAAACCGTTGATGTTACGTGGAATTCAAACTTCAGCCGCCATAAGGAAGTTTAATCGAGGCGAGCGAAGCAGTGTGGCTAACGCGAATATACCATAGTTGTCCGAGCCGTCGTCATATTGCAAAAGGCATCCAGCCGCAAGGCGTTCTTGGACAATTTATCAGGAAGGGACCGGTCGAGCATAATCCCGGCAATTACGTAACTGGGAAGGCATTTACACCTAGAGTCTTTCACTGGGGCTAAAACTTTAGAATATCTTCCCTCTGGTCTTCACCCCGTCTTCGACGGGGGCGCTACAACAATATTCTATGTAAGAAGTCAAGCGA,1531,48.47,Homo sapiens
SEQ_363232,TTGGGCTAATCTCTTCACACTAGGATCCCGTAATTATTGCATCTTGACGCCGGGACTAGAGGCTAGTGGGATGGTACTCCTAAAAAGAGGCTGGGCGCATAAGTTAAAGGCCGTGCATACTGGTATGACAACAAAGTAGGGCCACTTGAGGATAGGGCCTCGATTTGACCTCGCGGTGGAGTCAGGCTAAAAAATAATCAATGTGCGTACAGTAGCGCGCTCCAGGCGCGTGTGGGGGGGGAATCACTAGGCACCAAGCGACCGATGGGCTCCCGCTTCATTTATCACTGGGAATTCCTTAAACAACCGCGTAACACCTGTGACTGTAAGGATCCTGTCAGACATACTCTTCGTCTACAACGGCCGGAAAGACATGCCCCCCAATCGCGATAGTG,395,51.9,Mus musculus
SEQ_169897,GCAAGAAGCGATTGTGCCGAGACGTAAGATAATGTCGACGGAATGGCTAGGGGAGACTCAACTGTGGAGTAGCTATCAAAATCAGTTGGCTGTATACCCTCCCCGTTTGTTGAATGGACGCACTTTGTGACATACTCTAGCTAGCTACTTAATGTGACTCCATCATGAGCTATTGTGGATATTGCCGTTCAGAAAACCCTGCAGTGGGTGGTGTTTTCAGGTCAGGGCCTCACTTTAACAGCGCTATCGATCAGGGATGACGATATGTTTACCATTGCCCGTAGATCAAGATAACTCCAGAGGGCCAATGGACCTTATTAATGAAGTCACTTTTATGCCAATACACGCAAGGTGCTAGTCGCCGAATGTAGGCTTTATTTCTCGGTTATACCTTGATCCCAGTCGGGGGCATATTGGGCTCGAACCATTCTGAACCTACCAGTTTCCAGCATGTCGTTAGCCGACCGATCTTTATTAGCACTACCAGGTGTCTGCCTTGTTAAGTAAGCGGAGCCCTCATGAAACCTCTCCTGGAGCAGTATCGGCCTGGCGTCCATCGGATTCTCGCTTCGGTCGTTGTTTCCACATGATAATTAACAACAATCTTAGCGGCGTACGACTTTAGATCTGGCTCTGATGCGTACTAGACAATTTTGTTAAGTGGGGGAGGCGCGGTAACGCCTAACCTTTTCGATAAAGCACAGGGGTCCGGGCTCGGCAGACTGGGGCATTTGTGATGGGCTCACGCTTTCCGTTCAAAGGTCTTAAGTGCTCGAGCCATATAGAGCTCTTTCGTTTCAAAGTCGGTGGCAGTGACGTCCATCATGAAACAGGTGTTTTCACTAATTTTTACAAATGATGTAGAAGATGGAGGTGCCTAGATTCATGCGATCTAATCTTACCCCTCACGTGGGCGCATATGGAGTCCGAGATAGTGCCTATTGGGTTTGAAACCGCGGACACATCTGTCTCCCCTGACCAATCTAATAGCACTGTATACCACGTTCTGTGGAGCAACCGACTATCACGTCGGTATCCTGTGCCCTTTGTTTATACAGGCACATCCTTACCGGGGCTGTTCGAAACACCAGGGACCACGGGTGAATATTTGTGGCCGACGGAAGCACATCCCTTTTTCTCACCAAGACTTGACAGCTGCGCTCTGCCTATGATGGACAAAAATGCTGCTCCACTGTCCAAACCTCAGAACATATCTTAGCCCCATCACGCCACAACGTACAGTAAATTTGCCAAGATGCTCCCGGCAGCGGAA,1273,48.78,Arabidopsis thaliana
SEQ_248148,CGCGTTCGTATGGGGGGCACTTAAGGGGGCGTTTTAGTAGCGCCAAGACCGATACAACTTCCGGTCGTACGGTCTCCGGCGTTCCTTTCTGCCACATGGTGAATAGGAGTCCCAGACCTCATTAAGCAGTTGATGTGGCCACTAGATGGGTCTGGAACCCTCGCATCTCCTGCAGCTTTTGTCAGCTGGAGTTCGTTGAAACACTCGCTATATGTGCTCCGGGCGCCGTAAGACAGAGCTACCTTCTTCCACTCACTTGAGACGACAAGTAACCCACTGGGCTGGGCAGCTTTGCACGATAGTGGCCCCAAGCGTTCATCAAGTAATTCCGTCACTCCCATCTCTTTGTGTTGATTGTCGGCCATTGTAGTTGCTTCGGAAGGTTGACACACGGAAGCAGTGCCTATAATCCTAGGCTGCGTCGTATCTTCCTGTGAACACGTGGGATCCCGCGAAACATGTGCCTATCCATCATCAGTATGTTCGTCAATCTCCTGGTTGACCAGTATTGACACTGGGAGTTTGACAGTGCGCGTGGATGAGCGTACCCCCTATGACCCCCTGAGCAAGGATCCCGTAAGACTTTGGGATAAACATCGTTAATGTGGCAGTTGGCTAATTCCTGACGGAGGTCCCATTCACGCGGAGGTGTAATGTGGATTACCAGGCTCGCCACTCGCTATACCGAATACAATGCTTAACCTGACTGGTCTTTGAAAACTGAAGCAAGCTCCCTCGTTGATAGGCTGCAACGGGCACTCCGCTAGTTTCAACTATTCGGCTCTCTGAAGAGTGCAGCCAACGTGCGAGTTTACAACTGTCGATCCACTATGCCACTGTCTAAGCTTGCGATGTGCGGATTGTAAACGGTCAACATATCCGGTTCTCCATCCTAGCGAC,900,51.89,Caenorhabditis elegans
SEQ_311760,AACCGGAGCATGCTCGGCGGCGCAGTCTGAGAGTAATTTATCGTGAAGGTAACCGAACAATATATCTGCACTCAAGGCCTGAGTTAATCAGGATCCGCTGTACATGCAGAACGCACGTCCATAACCTCGGACTGTTTCGGGTTGAAGTGGCGCATACCAAAGCGACCTTTGCACCTTACCGGGAGACTGCCCGTGTCTAGGACGTCTAGCTCCCGATGTATTGAGTTATAGTCTATTCATATTCGTAGGAACTAAACTGGGTTATAGGGGCATAAATACTTCCCCACGCTACCGCAGAATCCGCGAGAGACAGGCGCCGATGAAACCAACCAGTTTGCTACCTTAGCTTATAGCGGTCTCCAGGGAAGACTCCTTGAACCGTCTGCATCATGCTTGAGCGAGGCGGAAGAAAATTGATTACTCAAGGCCCAGGGATTGGTCGTATATTTGTGCGCCATGCAGCGGTCTGCTGCTGAAACGTTGTCCCCTGGCCGAGCGAGCATACTGCTGGATCCTTCATAAGAGCCTTTCTCTCTGCTGCGCACCTCATAGTGAGGGGGGAGCATGACCCGTGAGCTGGAGTCATCGAGAGAGGAGCGGCTAGTATATATACTGCGGTGATAAGGTTCAAACGACGCACTTTTAAGTTGGCTAGTGAGTTGCACTGTAACCTTTATCCTGGAGTCAGCCGCGTACTGCCTTCTTACCCGCGATACCGTGTCCTTGGAGTGCTGCTCCCTCCGATTAACCCCAGCCATAGTTTTGGGTGATTATAGTATGGGTCCATTATGACGACGAAAACACATTGGGTGATAAGTGACTACGATGAATGCCTAGTGTTGTTTGAGATTAACCAGAAAATCCCCTATCTTACTGACACCAGATACAGTATTGATGATGCTTTGCGCAGGGCCAAACTTCCACGTCACTAGGAACGCTTGCGAGGCCCACGACCAATGTGGAACTTGTTCGGGCGTAAACAATCGACTTGAAGGCCGTAAGACGAGTACCTGACAACGAACGAACACATATCAGCGGGGTATACTTCCGACTCGTAGCCTTTCTAATTCACGTTGTCGTCTACATTCCACAGCTTGCGTCTATGGGCGTGGGGCAAAGCCTGACCGTCTGAAAAAGAGGGACCCTGAATCGCCTCTTATTCGAGAAGCTGTTGCGGAACGAATTACTACAGCTTCTAGGACGAACCCT,1209,50.37,Homo sapiens
SEQ_691830,ATTGCAAACAATGTCCTGGCTAAGGCCATCGGCTATCCGGTGGTAGGGGGTGTATAGACGCCCTAGCCGATCTGTTGCCAATGCCACGTCTCAACCTTATGTTACAGGCAACTTTATCTTAGCTCTATATTCCAAGGGAGCAAGGGGTGTAGATGGTAGGCACGATACCTCCTACATTGCGTGTCCCCAAACTTCGTCGACCTCTGGTGGAAACATGGGAGTACCGTCACATAACTGTCTGCGTCAGGTGTCAGGCCTGTGAACCCGCACGAAACAGGGCTATGTTACCATACGGCACGGGTCCCCCTGGTAAAATTTACATAGGCCAGTATGACCATGCGGATTTTCTCCGCCAATTGATGCCTACTTCATAGATCTATTAATTACGGATCGACACTAATCAGTGGTTGGCTGTCCGATTCGGTTTCGCAGGTGATCCACCTTAGCCGGACTTGCCCGTACCGACAAGCTAAAATAATAGATGTTAGAGATGCGGGCCGATCGCTAGGCTTTATGAGACGTAGTACTGTACGTGTTTCCTCCCCTCCCAAAGATGACGGGTTCATCACTAGCGACAGAGATAAAGCTATCCTATATGACGTATAAGTCCCGTCTATTCCAGTCAGCCAACGGGCCGCCGATTAACTCCGGATGCCAAGCCCTACAACCCCGGACGCGAGGGTTCCAGAATTAACCCGGCACCCCTAAAGTTCTGCGACGCAAACTGCAAATTGTGGGGGCACGGAGGCAGTCGAGTAAACCATAGCCAAGCGACACTATGCCTGAACCACTAGTGACTCAATATCGTCAGACGCGCTAATACGCGACACTATAGCTAGAAAAGCACAGATCGATACATTATCTTTAGATTAGGCAACAACCGTGCCTGCGGGAAAACGGTTTTCAAAGGCATTCTCACCCTTTAGCACCCCAACACTCACTAGTTAAGACAGGTTTGTGTGACCGGGACTCGAGACGCCTCACAGCTTTA,991,50.35,Arabidopsis thaliana
SEQ_896767,AGAATATTGACGCGCGACCCCCTGAACGAGTCAGGCGGCCTATAATACTCAGGCTTGAGTTACAGCAAGAGAAGGCAAGTAGCTTCTCGAGGATGCCGGTACGTCAACAAAAGTATCCGTGGCCCGTAACACAACCCGGACGTAAAGCCTGTTGAAGCGAGGTGTTTACGGAAGATAGGACTGGCTTACTTTGGACAGTGCATTTCTACATTATACAAGTGTGACGGGGCTAGAGAAGCTTGATTGATTTGATTCGAGTAGTAGTCCGGTTGTATATCCCGGGAGGCCTTTCTATGCCCCTCTGCTACCATGCCAAAAAAGCAGATGCTGCGCTAATTAGATTGATTGCGAGTGCCTGGTATGTCAAATCAGTAGGAAATCTGCCAAATTCATACTATAACCGCATACATTAGCTTCAGATGCGACCCATTGAGGTGACACCCGGGTAGCCGTCAGGCGGACGTTCAAGTTACGAAATGCCACGTGCATATTCGTTCAGTTAAGATGTACAGTCAACAACTGAAAAAATGACCCAAAGTGAGCCCTACTCGGGAGCCTTGCTCTAATTAA,570,47.54,Homo sapiens
SEQ_935459,CTGACCAGGCATATTAGACAGCCCCCACTAATTGTCGGCGCGTGTCGTGTAGTCCACTTAGTAAGGGTCCAGGTTTGATCGACTAGAAATGCCTATGTGGTATGGCTACGCGGCTGGACTTCAGGTGCAAGGCATACCATTGGCAGCCCCCATAAGTAGCGAGGTCAGCTCTGACTTCTTATCTGATGGTAGACCGGGGGGGTCTGGTGAGCGAATAGTGAAGATGTTGGTTTGCTTCATTCCTCCACTTTCGCCATGTCCTCGACCCAAGGTGAATAGGAAGTAACTTGACTCGCGACGCGTTTAGTCGGACCCAGAATACAACGAGTAATGCCTACGGCGTAAAAAGAAGAGCGCGGCCGATGCTCCGATTCGCCCGCCAAAAATATCAAAATGGCATCTGAGGGGAACGGAGTGTCATAAGCTATATGGACGACTGTAATCTGCACCTGAATGGGCATTGGAAAGTGATGTGGGTCATTAAGCCGTTCGCGCCGTGAGTACCGTACTCGGAGAGCCTGCTCCAGACTTACGCGCAGAGAAGAATTTGGTGAGGCTT,559,51.88,Drosophila melanogaster
SEQ_529948,TCCGTCCCTAAGGTGTGAACGCGGTTTGCCAATTTTGACGATAAGTGTCGGGGGGACGTGGCAGTTCGCGTGCGCACAGCAGACAGGACGCTTAGGTCAGAGTAATACCCGGGTCTCGATCAGAAACTTCAGTACTCACCTAGTCCATGTCAGATTGGAGAGCACGCACCTCATTAGCATGCATAAGTCCTCCGACCAGGGGAGCAGGAACGGCGAATGTTAGGGCACGAACAACCGAGCTTCAGCGGTCGATACAGCACAGGTACATATGAGACAATACTAGCTCGTAGAATGTCTCTATTTTTTAGCTATCTAGAGTCTCAACCTTCCAGGCGAGCGGTTGCTAATTGAGGTTGCGCCATTCTATGGCATGAGATTGTAGTGAGCGCTCTATCATGGTGGTTCTGCAGGCAATTATTAAAAGACGTTCCAGAACGACTACCACAGATGACCAGGCTGTCGGACGGCTGACGTGTCTGGAAGGTCCGAGTTCTAGTAGAGACAGAGTGTCCGTATGAGTTCGATTCCACTTTCAGAGATGCGGAATATATTAAATGCTTCCCTTCAGCAGCCGCATACCACCGAATTACGCCGTGGCTCATAGGCCATGCTTAGTTTGTGGGAATCTCCTTGTACAAACAACTGCGCGACGAAAACGATAGGATCGCGTGTGTACTGTGCCACGACCTTCTAGTTTGCACCGATGAGGCGCGAACTCACTTACCTTTAGTCTAACACCAGCACATTACAACAAGAAACCGACTCGTAGTTACCAGCTCAGTGGAGGGCAGCCTTAGGCAGTAATCCACCGCCCTACGCGATTAGATGTTCACACGATCCCTATCCAAATAGAACCCTAAGCAAAACAGCACCTAAAGGTCCAACGTCCTCGAATTTGGTTACGTCATCTCCATGCGCAGA,921,50.05,Drosophila melanogaster
SEQ_951328,GGAAATCCTGAGCGACTGCAAGAATTCTGCGTGTGAAGATCCGAAATACTTTGGGCAGCTCCTCCTAGTCCGGTAGAGATTAACGTAACATAGGGATAGGCCTGCAGAAAACCGCAAATGAAGTAATATGTGGACTGGCAGGTATGCAACTAATGGATACAGTATAGATTTCAGGGTCCAGGAGAACTATATCCAGGGGAGCGGTCCAGGTGGGGCGTTCCCCTTTCTGTGCACGCGATACCCACGATCCGTGATCGAACACGCGCGTATATCTTAGAGTGATTCGTATGCGCCGGGAGAACAGATGTTGAGGTGGGTAAGCCGTTGATGTCCCGGCTGCAAGGGAATTGTTGGCGCATCCAATCCTTGGTCGCTCCGGTTTGCGTAGGACTGACTCTACTGATTTCCATGTGCTACCGATTCTGGAGTGTCCGCTTTCGCATAGGCACTCAGGTTAACTGTAAGAGAGTCTGTTCCATAACGGTGCGCACGTTTTTTAGGATCCCGGGGGAAGTAGGAGCTGTTCCAACGACCATTTGCGAAACGATAGGTTCCTAGGACAGCTGGCCGCACACGGCCCGGTTTTACGACACCCCCTCTTTACTGGTAATGGGAGGATGAGCCACCTCTTTCAATGCCAAACGTATTGTTATCGTTATGTCCTTATTAGTGGGGCAATGAGCGTCATACGATTAAACTTGCCTCCTCCGGAGAAATCGGGCCCTCATCACGCTGATAATTAGGGGGCATGACATGTGTCACACCCGTCAAAGGTTGGCCAACCCGAGTCGAGCTTTGTCTGATACAGCGAGACTATGACATTATTTTGTTGGGCCACCGGCTCAGTAAGGCAAAGGGCGTTAGAATCCGTCAAGAAGTCCAATTCAGAGTAATGGCCTCGTAACTAGGAAATCACTACTCCGTTGCCCAAATTTTCAGGATGGGATCTAACTTTACCCTGGACTGACCATTAAGATTCGCTCTCCCCCGATCCTGTCATGTAACACCCTAAGGGGAAGGCACCAGCTAGCCCAGCTAGACGGATAGATAATTCAGCTATCAGTATAGCTCGGACGCAGCACTACAATATGTCTTAGACGGCTTCTTAGTTAAAACTAGTAACGTGACGTCATGTGAAAACTTATGAAGGATAACGGCACTCCTTTCTTTTGTAGAGCTACAGTACGGACGAAATCTGGTAATGGGTGGCATCAAAGGCAAGGCTAAGGGTATTCGCATCTTCGTTTATGTCGGCCAGACCCTGCTCGGTATCGTA,1276,49.45,Mus musculus
SEQ_461732,GTTTCGCCGACAGTCCCCTAAGCATCTGCAGGAACATGCCTAACGCATCTTAGCGGGCTGCGTGGAATGGACTCTTTCAGCTTCCGCCTTATGGTCCTTCGGGTTGCCCGTATCGCGTGACCGGACTTTGGATCACTTTAGGGGCCACAAATCATATCTTGCGATCGCTCGCGGCACTGGTCGGGTAGACTCTCAAATTTGTAGGGCTTGGGTAGATACTACCAGTGACAACTATTTAGCGTACTCGTAAAGCTGTGACGGAGGGGGCAAACGTAGATCCACCCGTGTAAATTGAAGGAAGGTCGTGTTATTCAGGACTACCTATGCCCAGGCTTGTCCAATCACATGCCCTTATCTGTAATATAGCTGATTCTATTATTTTTTAGTGATCGTCCCATCTTTTACAGGCCGGCGATTCACATCATAGTGTCTGCCGCGGTCAATTCGGATCCTGACAATGAGCCATTAAACCCGCTGGGCCTATCTGCCATGCGTGAACCTTAGCAAATTATAAATACAAGGCGAATCAAACAGGGTGACAAAGCGCGGATTTGTTCCCAAACCAGTAGGTAACCGACTGGTGTAGTATTCACCATCCCACGTCCAACGTGACCATTGAACACGGTAACTGTGTTTACAAAAAAAACAGCATGTTCGGTAAAGTGTATCTTCCGAGCTTAGTGCCTGATATCACTTTTCTTTTGATGCATTGATAGGTTGGGGCTGAGATACACCACCAGGTCTCAACGCTGCCTTCATTATGGGAGTAGGCTGTGCACAGAGATCCAACATTGGCATGGGCAGGCATTAGATCACGCTTGGAGGCACCTACACGAATGGTGCATTGTGCACCCGACCATTGGTGTATGAGTTAACGACAACCGTTGCACAACCATCTGCGGTAGATTTCAGACTTTCAGAGTATCCAAAGTGCATCGAGCTTAAGTCATTTACAAAACGAGCGTAAGGGCCACGCCGTTCGTATCCGCTGTATGAGTAACACTAAGGGGTCCAAGGGCGGCGCCCCAGTACACCGTTCCCGCCCTAAGGGTTCGTCCAAAAGCGCGTATCTACGCGGTGAGGAAATGCATCCTCGGATGAGGC,1104,49.55,Saccharomyces cerevisiae
SEQ_177681,AAGCTGAAGATCGAGATAAGCCCCGCTCACACGGCTAACTGCGCACGTCGGTTCCCTTGCTGAGACTCGTAGTCCGCAGTGACTGACGGGTGCGTTAGAAGAGCGTCAGCTGCGTGCAGTCAACTAAACACCGTCACCATGGTCAGCCCTTACTTCCTCTACACGACTCCGTATCCGCGTGATTTTGCGCCTCGGAGCAAGTCACCTAAGTGCGGATACGTGAAGCGCACGTCCATGTGCAAATACACGCCTAAGTATTTTAGGAGTATCCTACATACTATATGACGCGTATCTCTGCCGATAATGTAGCCTCCAATATGTTTAAATCAGTAGAGTGTCTGACTTCAAGGTCATATGGAACTTGTACTCTAAGATCTGCTCCAAGTTTGCCGTTCCAAGACTAGCATCCGTTACGAACCCCCTTGGAAAGGACATAAGAGGGTCAGGCACACATCATGACAATTATTTTAACCGATCTCTTTAAACTAGGCCCCTTTTACCCCACCAACAACTGCAGCGTGGCCAATCCCTCCCGAACACTATCGTGAACACCTGCTGTATTGAAGCACCCCCGTAAGCGTAATTTCGATGGGTGACGCCAGTCGGCGAGTTAAGAGGCTGCCTCGCTAAGTGGTACGATAAGAATTCTTCACTGCTAATTCCTATTATCCCGCCCGCCAGCATTGCCGCTGTATTAAGCAAGCCAACAGTCACGTATTTTCTTCCTTACTTATGCAAAATACCCACGACTTTCGGGGCATATTCTATAAAGCGGCCTACCCCCCACCAAGTCGCGAGCTACCACTCAATTTTGGCAGGCCATCCCGGCAACCGGTCTCCTGCTATATGCCTCGTAGCCGTTACTCGCGGT,871,50.29,Caenorhabditis elegans
SEQ_774405,CAGTGGGGGATATGCTACCCCCATCGTCTTACCAGGTTGCTCTTTTGCTTTACGCACCGCCGCTTTTAAAACTCGTTGGCATACTGTATCGTTGATACATGTCGATAACGCCAGTGGCACAGTATTCCCAAGGACGGCTATTCTCTCAAGGTGATGCCGACTTATACAGCTTGAAAACTGTTACATCAAATTGCTAACGTCGAATCGATTAAGTTCAGCGCGTTCCAGGAACCTGAAGTCCATTGTTGTTATTGTATCACTGTTGCCACTTTCCGCGTTAAGCGCACATTGTAATGATTTGATCAAGGCTATTT,314,44.9,Saccharomyces cerevisiae
SEQ_314393,TCTAATGCTGAATAGACGTAGAGAGATCAGTTATCATAAAGTTGCATAGATGCAGCTCCCGCCAAGTGACAGATCGACGGGTAAACGCGTAGGTGATAAAGAGCCAATATATCTCCGGGGTACTGAATTTGCTGTAAAAGAATTTTTCCCATTGCAACTCGCAGCACTCCACGCAGTACCGTGGATGGACGTTCTACCATCCCGATCAAGCCGTTCCTCATGGGAGACCAAGACCATCCTTGTGCTAGATGGAGGGTTCACGTGACGCCTTGGTTGTGCGTAAGCGTATAGCCTGAGAACGATCACTAATGACAAAGCTCGTCCGCTATAAAAAAGCCGATCAATGAGAGGTGATCACAGACAAAGCCAATCCTAGTGGAACTAATGTTACAGTGAATGTGCAGGCCACCGCTGTTCAGTATGATCTTCAGTAAGTCCTTAGAACGCATAAATCGCGTTGGTAAGCTCGATCCCTAAATGTGACATCTCATTCCATCGGCCATCCCACATATTCGCGGTTAGTCGTCACAAGTGGATCACATCTTTCTCAATCCCATGACGGATTGGCATGCACAATACCACAACCTGAAACTTCGTGCGGCGACATAGCGGCCCATACCTTTACGAAAGTCAAACATTAAGTCACCAGGCGCCGATCTCTAAAAACCCTGGGCTTGCCAGTAGATAACGTCCGTCTCTCCGAAGGCGAGATCCCAATAGTAATGGTGGGCCGGAAATTTCCTGTACGAGCGACCGGGTTGGCACAACAATGGTTCGATTACGGCGTTCGAACCCCCAGACCTGCCGGGGATTACAGTGTGATAAGGGGAAATGATCGGATAGACTCTCGCTTTTGACAGCCTTTCCCAGGCCTTCTACTTGGTTCACGTACATATAAAGAACCTAAGGATGTTTAAAATCACCTAGCTGCGCTTAGTGGGTCGTCCCTCCTTTGGTCCTGTTTTAGTCTTCACAGCGGCCGGGTCAGGATTAGAGCCGCTAATCCTGGCGCGTGCCTGGTGGCATCTTAGACTTAAACAGCGTGAGAGCCTTTGGCCAATGTTCCCGCGTACGACCCGGTTCATGACTCCATGAGGCATACCGCGAGGTCATACTGCGTTTATACTTGAGTCGGATGCGTGTGCCCAGTGCAACTCCGGGTGTGCACCACTGGCATCCATTCCGTAGCCAGTCAGATGAGACGGATCCGCGAGCGTAGCTACCTCTGCCCGGAACCGACGGGAATCCCCTTTCCGGGCGGCAGGTAACGCATGGCAGATCTGGTCGGCAGCAGGGAGTGCTGAGACATACGGCCAATCTGTCCTGCGTTTCTGAGTATTATCCACGAACTCACTGCATGTGCTGAGATGATAAAGCCGCCCACAGCACTAGAAGCAGCGAGATACGCCGTTGGAGCGTCTATACCCTCTGGTTACATATCGCTGCGCATTGACTTGCCCTAAACGAACGCCGGATAGAGGATTCTCTTCCTAAGGCAATCTTTCGCCCGAACATAGGTAGAAGTGTCTCGGCTGGACGCGGCGGACACGTCGTGCCAAACTCACAAATGTTCAATCGCCCTGGGGGCTTTAGAGTCACCGGGAAAGGGCCGTCTACGATCTGAGACTCCGGGCTTCCTTGTTTGTTAAGTACATAGGACTTATGCCGCGGTCGGGTCTTCTAGGGCCTTCTCACCGTCCTAGGAGAGGACGGCTTTTCGCAGGCCCAGAACCCAGAGGGCGATATACTAAAGGATAGA,1759,51.79,Homo sapiens
SEQ_266571,AAAATTCTGTTTAAAAGCTGCTGAGTATGCAAGGGGGGGTAGGGACGCTTGAAAAAATACAGCTACTATGCGATGAGGATTCGTCAAGGCGACTTTAAGAGAAGGATCGGTCTTATTCTCGGTCGCGTGCGGTAAACAATCCATGTGGGACGTAATCTCTCGCAGTTCTAGTGGAAACTTCTAGTTCTAATATCACATGTGAGCCATCTGGCTGATACCAGCTTAATGTCCAATGTTCACTTCTTATCGACGGGTTCGCCGGAACTGCTTGCAACGTGTGTCTTCTTCCGTAAAGTGAACATCAATCTGTTAAGTGGCACGTACGTGACCGGGTGAGGATTGAACAGAAAGCTAAGAGCGAGCGGGCACTGCGCGTTGCCTGCAATGTTGTCCCAACGTCCAACTCTAAGTGGGACGTAAAATGCCGGAGCTCTTATGAAGTGTCGTGATAAACTCTTCCAGACTGGTTTACACCTGTAAGGATACC,487,47.23,Homo sapiens
SEQ_582175,CCGACACTCCACGAGTTTTATCCTCGAATTTGGCTGGTTTCGTCAATCCGACGGGACTGTAGCAAACTAGATCACACGACGACCCTCTTGCCACCGGAATTTGGGGCGCGAGCTAGCTGACTGCAACTCGCTAACAGCTGATCCAACTAGCCTCCATTTAGAAAATATTTAGGTGTTGGGGTCCGAGTAGCAGCCTCTTGTGGTAACTGTCGTACTATCAGACGCCCAACCTTTCCCGCAACTGACCAAGGTCGCTGACTATTCTTCTTGAGTGCAATGATGATACGTGCAAACACCCACCCATCCCGATATGGGATGTCAGT,323,50.77,Arabidopsis thaliana
SEQ_587485,CATCAGTACCTGTAAGCAGATTGTGGAAGGATCCAGGAATCTTAGGCGCTTTGCGGCGATCGCTAAGTCGATCCTAGATAGTAGCGAGATTGCCTATGGTACGTTGGTTATACGCACGCCTAGACGCCTGAAATACTTCGTCCCCTACGATTATTGTCGCAATATGAGCGCCTGAAAAACTTGTATTCATCTCCACCCATTGCCGCTCATCCGGAAAAAGCCCCGAATGCAGGTGCTGTTAACTAAACTGGATACATTGTCAAGGTGACAGCGGACTACGCGGGATTCGACGAGCACGCGCTTTGCGGGCACGAGTGTGCGGGGGCTAGCGCCTCACTTTGAATGTCCGCTGGTATTTGTAGAGCTTTGCGCACGGTAATCCGTTAAAAGGAAAAAAGCCTATATCCTCCGGAGCCAATAAATATGATGCATTATTGGGGGAAAGCCTATGACCCAGCCACTTCAGGGTCCGACTGCGCAGTTCGCCACCAACAAGGCTGATTCGCTGAGGTAGTCACAGGAGCAAACTTTTCATAACCCATATAGTGGAGAATCTACGTGCCCCCAGTTATTTGCGCGCTGTTGGGACTTAGGTTCTGTACTTAGTGTCGAGCCAATCGACTCGTCTTATCTATTTACGACTATTGATACCAGCCAGCTAGTAAGATTATCATAACAATATAGCGTAACGTCGCAGCAGCGTTGACAGTTGCAAAGGACTCAACACTCAACATGTTATCGTAAAGATGGCGCACCGGGCTTCACCCTAAGAACGTCGGGCTCGGAAACTGCTGTAAATGAGGATATGGGCCCACCAATCGTCTCTGGCTTCGTACAACCGACACGACAGAATCCACATCCTTCGTCCACGTTATCCCGGTATCGCGCTATAGCCCGTACCTGGGTCTTATTAAACACAGCGGGTATAATGGTATTAGCAGCCTAGGAATTTTATGCACTTCACGAGTCCATCTAGAAAATGTGCCACGTAGTATAGCGACCGCTAAGTGTCAGAGTTGGATCGAAGACGAGACCGATGGACCCGGAGAGTTATTGTCATATTCTTCCGTGCCCGAGTTCG,1081,49.31,Saccharomyces cerevisiae
SEQ_594581,ACACCGGGCAGGGCAAGACTGGAAGCGAACGCGCATACGGAAGGAATCCAACCGTGTCGCCTCATGCTGGACGATAGGGCATGATACCACT,91,58.24,Escherichia coli
SEQ_519041,TGTTCTAAGAACCAGTAACAGTTTCAGTAACCCAGGTCGTCCCCACAGGCTTCCCGTGGATATCTGATGATGGCGCCTAATAATCCGGACACTTGTCCCTTGTTGAACAGCACGGGGCCCTGACTGCTTGGCTTAATTAAACAGAGCCGCGGATCCAAGTTGGTCTTTTCCATACTAAACCCCTAAGATTTACCGATCTAGGTATATAAGAACTGCCTGTTATCTACACTTCCTTGTCTTACTAGGGTGTACTGGGAGCTTACATAACAGAGTACTATGGTTGTTCTTAGACTGACTAACCCTGGTTCATACCCACTGCATTGGTTGCATGGGAGCTTTTATTTGTTTGATACCCTGAGTATACAAGATGCAAACAGATGGGGTACCTATGTTTAGACTAATACTATTGAAAGGTACTATGCTCGAGCGGCAACTGGTCAGAGAATGCCAGGTCGTCGTATCAAAGGATGTAGATGGCATGAGGATGACAACGAATTGCCTGGGATGTAGGAATTTGAGATTCTTCAGGAGACAACCGGGAATTTCAGGCCCTGTAGGTGGTTTGTTCTCACTTCGAATCGATATGGCAGCCTGCCACACCATCCAGGGCTTTTCCTTGTGGTGTGTGGGGTCAGGAACGACTCACTCCAATCGCTAGCGCCGTTGAAAGGGCGATTATCTCCAATTCTTGAAAGAACTGGGGGTATTGAGAAACTTTTGCGTTAGGCGATATGTGGTTGTGCACTTCTTAACAGTTAAGCATTAGACAACGGGGCTGTTATTAAAGCA,789,46.01,Homo sapiens
SEQ_589016,TGTTGCGGGCCCGGGAGGGCAGTTTTTCACGGTCCTACGCCTACACGATATGTTATGGATGAAATATTCCAACGGTTTTTTGGAACGTGCCTGGTCGAACATGGGGCTACTGATTCAATCTCGTGCCGTCTCATACTGTCCTTCTCAGAAGATAAACGTACCAATCTGTGTCATGCGCACGGTCAAGCAACGGCAGCACGCCACTAGGTTTAAGCAGAGTGAGGAGGCGTAAGATGTAGTGAGGTCTCATGTCCCTTTTGGAGGTGACATCTGGCGCCTCCAGTCGCGGCTGACCGACGAGACAGCTAAAATTTTGTTGAACTTATGCATCTCGTGAGCCCGGAATCTACATACGGTTTCCTGACTGAGTCATGCTGTACAATCAACTGTCCGGCGAAGGATCCACGCGGTTTCGCGGAGGAGCCACAGCTGGGCTGCACAGGTGTGTGCAATGTATAGTTTTGATTTTATATCCGCTATGCTATATACCCATATTGGTTCCTCCCAAGCGTTTCGCCTGTCACAATGATGCTTTGAGGCACGGAGACACTGACGTGATTATCGCTTCTGTGGTAATTAATTTGAACCAGCTCTCTAAACGAGCAAGTCTGAAATTGCAAGTTGAGATTCACAGGCGTCGAGTCGTTATGTACCATATGCACGCTATACGGGTTCTATATCACTAGTAATCGTAAACGAAGGATGCTAGCGTCCGGGCAGACTCACTCGTGCGGTGTCTCTAATCGCAGGCTTCTTGCGTAACTGCCGCTGAGGGTTCACGAGGATGATGCGGCGGGCATGCCTATATAAATCCACCCCCAGGCGCTAAGCGACGGTCGCTGCGACCAAGCGAAATGTCTAACGGTTGATCTCCGAGATAGCCTCACGCGCAACCTCAGTTTCCGGACATTTTGTTTTCTTGCCACCCACCTACACTACCTTTTAAAGACGTCTCACGCTGCACGGACGTTAAATAGAGCTATATCTTAAAGAGGTATTAGGAGGGTTTGATCTGCTCCCAGTCTTAAGCAATGAAGTTGGTCGCAAACGTTCTTTCTGGCTCTTACAAGAGGAGGTAGAAGCGATACGACTCATGATGCGATGCGTAAAGTCTAACGTCTGCTTGGGTCGGCAGGCAAGACTGATATTATAATCTTGAGTTCGTACGTCACTGTTCTGAGCTTCTCGACGGTAGTGAGGTGGGCTAAAAGAACATTTCTTTTGATCGTTCCATCATACACGTTGCGTGTGTTGATAGGGCCATTTTTTGAGGTAATGGCTTCGTCCGCGAACCAGCAGCACGAGG,1306,49.31,Homo sapiens
SEQ_399649,CCCATCCAAACAAGCTCGCACTTTTTTAGACGGAGCAGAGGGGAGGCCTAGACGTGGTATGCGCACAAGGAGGTCTGATGAAGACAGCACTGCGCGGTAAGTACTCGTCCGCAGCGATCACTCAGGTTCATAATCGGGTCCAAAGAGGCCAGACGCGTGAAGTTTCCACATTTCCGGGCGGTACCGGCGTATACTTTTCCCTTTTTGTATTGCGACTTGGTTCGGAAATAGACGACGAAGCGCCTGCGCAAAATTTGTGGGTTAGACCAAGTTTCTTAGGGCCTGGAGCTCTGTAGCTTTGTGTAGCTATGCTCTGTCACCATTCATCGTATCGCGTCGCCATTCATGAATCAGTACATTTTACTATAAGGCTTTGTACCATGAGAGAATGCGGCCGTAAATCAGTAGATCGTAGTGAGGTTATCGCAGTTCATCGTGTCCCAATCGTTGATGTTCGCCTTCCCACGTAACTACTCCCTTGTTAATTGATAGACGGCGGGGGCCCAGCAGCTAATAGAACTGGAGTGCATCTAGGCGAGCTTACCGTACGAGATGGGGACTGAAAATGGCGAAACGATGGGTGTGCGAGAATTGATCCTATAGATCTTGAAGCAGGAGCTGCCATAGATCTAGTCAGAAGTCTTTCGACGATGAGGCTCTACGAAATACACGGAATAGGTAGGGAAGCGGGATTCACCGTGGTCCGATACCTATAATATTTGCCGGTGCTACATGACCGTCCCTACCGACGCGTGGAACAGATTGGCGCTTTTTCGTAGGTCAATAGGGAAGGCGACCGGTTCGAACGCCCCCTTGGTGTCGCCGGATGATTGATCGCGCAATTTGAGATCCGCGAATATCTAAAAATATGGATCAGGTGTTATGAGTACTGGGCACGTCCTCGTTACCATTCAGGGGG,919,50.38,Saccharomyces cerevisiae
SEQ_445509,TGTCAAGCCGAGACGGCAAGAGTCCATCGAACACACCTAAACGGGTTAGAAAGCGTTCTAAATCAGGATGTTAGGGCCTTGCACCCTCAAGTGCTTCTTCTCCAGAGAACTTTACACCAAATCATGGTGGCTTGACGTTCAATACAGGTTCTTGCGAAGGCCCACACCACTCACGAGGCCCAAAAGAAAGTGACTGTCGACCGTGCACAAAGTCGATACGTGCAACAGGAATCAGTCCTATTGTATAATTGCACCCTAGGCGCATAACATGTGTTTAAGGGTAAATCAGTTCGGTTACTTTCCCAAGTCCGATCTCGTCATAGTACGTTGCGACCGCCCACGATAGACGAAGAATCTGGGCGCACACAGGGACGCAGAACTTCACAGTGCGGATTACTAGGAGCGACCGGCAAATTCAAGTTGCTTGAAGTCGTACACCACAACTAACTGTAGCCTACTGTAATGACTCCAGTTTGCACTCTTGGGCCGGTGTTACAGGTCCGGGCCCCTGCTTCCACCACACCCCGGAACAGATTCCATGACGGAGGACTAGCTACCCAGTTTTCTACACGAATTATATTAGGCCCCATGTCACGTTGAGGATTAATGTGAACGCGAACTCAGACAACCTTCTTGCCCATTATGAGTGCGCCACTGTCGAAGATTTTAATGGCGAGTCCACGTACCGTTCTGCAATAAGTCGAAGCCCCGAGAATGACTTTTTCAGCGTAAATCGAGGTTCGATACCTAGAGCTATGTAGCACAAGACAGTGCCCTCGAGGAGGCGACTCTTATACAAGACCCTTCTGTTTAGCCCTTGCTATCCTTGGATGAGGTAAGAGCTTACGTCTGTCTGTTGGCACCTTTCAGCCGAGAATTCGCATCACGCCTTACCGGAACATGTGTGATTCATGGATGCGTCAGATATCCGTTCTTGACTATGGCGTGAGGCTATCGTGCCTTGCTGATATGTTCCAAAGCGTAAGCTGCACGAAAATCGTGCAGAATGTACTCTGGACTAGTACCGGTCAGACGGGACCTTCGTTCTCTTGGAAAAAGATACTGTAGGCTTCACCGTTGATCCATAAAGTTTTAAAATTAATTCCAGCGGTTGTTTGGTGAATGTCGTTGAGCCGTCTGCCCATTAGATGTCCTTACCTGCCTCTTATCAGTGCACTCCCTTCACCGAGCAGGACAAACATACATATGAGTACGACACATCGAACATTGGGTATGCGCGCATGTGAGCAAAGCTTGTATTCATAGGGCTTAAGTACCGCGTAGAGTAGTTCATTAGGTCAAAAGTTACTATCGTACGTCTATGAGGAAGTCACTCATCTCACACAGTGAGACGGATAATCATTCCAAACCTCCTTTTGTAGTGGGGATTCATCACAAACGTGCCCCTATAACCGGCAGGTCTGCCTACTGTGGACGACAACCTGAACTGCGACGCTGCTTTATTTAACCGTGTCATCGTACGTACTTCATTTCCTTACCAATAAGAAAGCATGACAACTTCACGTATTGCCAAACCTAGAAAAGAGCGAACTAGACAGGTCAGCGCGTAGGTTACAGACCACTATTGTTAATCATTAGTCACCCTGGAGCCTACGTAGTAACGGAGGTGAGGCTCCTAGGCTA,1644,47.99,Drosophila melanogaster
SEQ_382722,CACGCGGGTGCTTTTCGGTTGATTAAGTACAGAGATAGGGTTTGATGAGACCATAGTAGCGCTCGGATGGTCTGCTCTGAAGGCATCAAGCGCGTACACCGCGGCATAGCTTGCGAGGATCTGCCACTATTAGCACCTTCCGATAAACCTTCATCAGAGACCGTGTGGCTCGAGGCCGTCCTCGTCAAGTCTGCGCTCCACGGCGCACATCCAAACTGCATCGGCTCCCCCCATCAGCTACAATTTCGATGAGCACGAGACGATAGTAGGCAGTGGGTCGCGACCTGCTGAGCGGCCGCAAGATATTCTGAGGGCGCGGGAGACATCCGATTGTATGCACCTCGGTGCCACGTCCGTCGGAAATGGCGATTCGAGATGTGCCGATCTCTTTTGATTAAACCCTACCAGACCCAGAGTTTGATTGCGAACCAATGTATTTCTAAGCATCGGGCGGGAAGAGAGGAGATTATGAACCGCATGCAGTGATGATATCGTTGAACTATATACCTCTCAATTAATCG,521,52.78,Saccharomyces cerevisiae
SEQ_605189,TTAGCGACGGAGATGATTCTGAGGGTGTACCAACTAAAACTACGAATCGTCTATTAACGGTCGCTGCGCCGGGAATCGACCCGAATGTTTTGAGAGTAAGCGTACGTTGAGAAGCGGTTCAGGGGTCCCCGGAGCTTAGTGCTATGAAGACCCATGTTAGATTGCCCATAATGGTGCGCATACACCGTACACTGACATAAGAATGGGGGGGATGGGAGAGTTTGGAATATTTTTGTCACGGACCTGACCCTTTTTCGCGTGGTGTCAATGTAGAAGCTTTAGGGCATGACATAATTCCAGCGTTGGACACGCATTTAGCGCTGTCGCAGAAATATAATGATGGCCACGTACCGGGTGAACTAATCGCCTAGCTGGAAACTCCCTTCTGCGGCATGGGCCACCCACCTGTTGCGAGACGGACGAAAGCGGTTCTCCTCTTATAGAATGAGCGCATAGCGAAGTTAGGATTCGAGATTTGTTAGATAAGTGGTCCTAGGCGCCCCAGCGGGACAGCGCAGGTCATTGGCAAGCTGGTAGCTATCGAACCTCGAAGACCTTTTGCGTACGAACCGCGTCTTTGTTGATCAAGAGCGTCAATCCCACCGAAGTCTTACGGGCGGACTAGGGTTAAGACTGATTTACGGCTACGGCAAGCATCAATTGATGGGAGGACCAACATGTTGTCGGACGACCAGCCTTGAGCCGTCATCACCTGGGACTCTTTGGTGTTCAACGAAAGTTGACACGTCTAGGACCAGTGCACTCTGAAGAACTCTGTGGTTGTCAATTCACTTCATGCTTGTAGAACTATATTACGATACGAGCATAATCCGTATGCCTTACACAAAGTCCAATTTTTGTGTCATTGCATTCCGACTCGATATAGCGGCTCATTCATTCTCCCTTGTCAAAACCACCGAACATTGAGGGTTCGCCGGGTGTACAGGCAGCCGTGAGGAACGGGGCGGCCGACAGATAGAAGATGAGCAAGATGACGGCATGACGCACCTCAGTTCGAGCTTAGTGACCCGGAGCAGCGAAGATTGTGATAGGGAACCACGGCGGTAGGAAAAGTGCACCTCTTGGTGCGTTGACAAACCAATTCGGAAGGGTGCAGGCCTATGCCGAAATGCTAATTCAAGCGGCCCAGCGATTCAAAGGCTTGTCCCTTCTTATCCACGCACGCGCTTCAAGAGTCCTGAGAACTAAATGTGACGCCTTAACCATCGTTGAGTTCTTGTGTAAAATAAACCCAGCTCAATTTGTGTCCTCAAGTTTAGCTTCTGGCGAATCCAGGCGGGTGAAAATCTATCAAAATTCGACCTGATGACGAAGAGAATATGTCGCTCTCATCCCGGGGCGCTTCTTACAGGTCTCGACTTGTAAGGGCCTAAGATAAACGGGTGTGTTGGAGTGGCGAGTCACACAAAAGGCTCCTTGCCGATTCCTGTATATCAGATCTCTGGTTTACGACCACCCCCTCATATGACTGTTGATTCCAATACTGGCAGCGCGTTAAAGGTTGCACAATACTTGGCAGGATAGGATTGCGGTAAGTCAGCATGCAAATTTATATGTCAACAGATTGCGTGCCATTCGTGCGATGGAAGATCTTATAGTAATGCCGACCCGCACGGACCCGTGTTGCGAGATTCGACGGACCTCAGTCAAATAATAGTCCGAGTCTGACGTCCCTAACTGTCGGATAACAGCATGGCAAGAATACGTATGGCGCTAAGGAAGGTTGGATTAGCCACGTCGCAAGTTTAAAATAGCATAGCACCGATTCGCTGCGCTTTCTGGGGGCCTTTTGAGTCCTGCCTCAGGAAGCACTTTAGGCGAGGGAAGACCAAATGAGCCTGCAGGGGATATATCGATCC,1880,49.95,Drosophila melanogaster
SEQ_125449,ACAATATTAGAGTCTAGATTATGGCCTAATTCTGTGCTTTTACTTTGAGTGAATCCGAAATCATCAATTACCTTGAATGGGAAACCAACCTATTTGGTCTTGTGTGCCTTGCTGGAACCATCAGCTCTCTCTCCCGGATTACGTGTTAGGGGTTCCGTAACGGAGATTCGTCTAAAGTGCCTTAGACGCCTTTACGAAATTAACTTAAGCGGATCTTCCGTATGTGCTTTGCATCCCAGGGCCTTTGTCCTGATTGGTCCGACCAGGCACGACTTAGTGAGGTAGAAAGGGTCCAGGCCCAGATACCGGCGGAGGGGAGCGTCATGTATCATCCTGAATACGAAATCCAAGTGCACCACAGCAATGAGCTCTCCGGTCCTGTCTAGCGTTTGGAAGCGGCATACCACAAAGGTGTAACTGTGGTTTCCCGCAGGGAGTATGTCACTCGCGGCTACCGTTGTCGATGCACTAACCGCGTAGAACGCAATGTGATAGCAGATCTAAAGATATAGAGTTTTCAAATCTTGGCCCCTATCCGCTGTAGGCTGGCAAAGCGGGTTGCTCTAGGATCACTTCTGGATCAAGAGTAGGTGAGCTTCAGCGAAACCCGCCGGGGCTACGGCCAGTCGCCGAACCTTTCAAGTTGAATGTCCCTGTAAAATTCATCAATCTTTAACCTCGAAGTGTTAGCAGACTCGTTAAGCAAGTCATTGGAATACGTTGCGAACGCATATGCTCGGACCTAAGTCTTGCGATCAGGAATCGCGCCTGAGTTACCGTAGCAATACGCAGTCTCTACGTTTATCTTTATGTATCTTGAAATGATCGTGTTTCAGCCCCTCGCATACGCGTCTCAGCGACCGATCGGAGCGGCCCCGTCCTATCTCTTTTGAAGAATAACTACTCGCTAGTAAGGCATAGCTACATAGTCGCACACGACAAATACACGAAATTCTAATGTGTAGCATAGATGCGGAACGGGACCTCTTATCGACCCCACCATACGTTGCACCACCCTTTTGTCAGGCCTTATGCCTGCACCTTAGGGGTGACAA,1055,48.82,Caenorhabditis elegans
SEQ_808205,ACCCGGCCGTTCTTACAATTAGGATATCTCCAGTCGGGTTACTGAGCTGTCTCTTGGTGGAGGCGAGCTTAGACCTCTAGGCAATCCAGCCTTCGTTTGCTACGCTTGGGGTCCCATTTGACTAATGTAGGTAGGGAGGGAAGTGTTTATCCTCCTCGTCAGGAATCGAGTAAGAACCCCGTCTGCTAGCCGCTGCACCGAGCAGTGTGCAAGTATTGCAAGGTAACATATTATTAAAGATTCGGCCTCTGTCGTACGCACGAGTCTAGATAGTGTCGCAGCTGAGGGCCTGGTATAAGACACACCTTTTCCGTGAGATCGAAGTGCATTATA,333,50.15,Homo sapiens
SEQ_852070,ACTACCTAGTCGGATCTAAACCCACGTCGCTTCTGTCCCCAGACTTTTCCGCGGGGGGTGGAAATCTAATTATACGGCTGTCGCAAGCTCCTACAGGACCGGTGTCAGGACGGGCCATATAAATTACGGTAGACTAGTCCTTCCTCCAGAACGCGGCACCGAGATGACGTTAAGCAGGTCATAAACCGGCTGATACGTGATGCATACTTCTACTAAGGTTTATCCAAACCCACGACGTGGCGCAGTGTGACTGATCCTACGATTAAATGTACCCGAGAACCATTCGCGATTCATAGACCGGCGTGACGTATAATATTAGCGAATATGCATAACCTCACGTGATTCGGTCAAATTATCTCCGTCTAGTGGAGACATATGCGTTAAGTAGTCCGTCTAGGGCCATCTCGTGGGGTCGGGAGTAATTTTGCTCTATCCCGCGATGCTTAGAGT,450,49.56,Drosophila melanogaster
SEQ_572783,TCATACTGGATGTCAAGACCGATAGTTGTAAATCGAGAATTAGTGTAGTGGCAGCCCTCGTTTCAGATACGGATTGCCGCGTAACTCAAGTTCAAACAGCCCCACCTGTTCCAGTCGATTTCACCATAGGCCTTCGATCTCCACGAACGAAGTCCGGGCAATGACTCACCGAAATGGGCTACGACCTGTCTACTAACAGGATCACTCGGGCATACGGTATCTATAGAGCTACAGGAAATAAAGGCCCCCAGTGAGGTCAAGTCCACGCAACCCGAGTCTTAATCCGCGAGGAACAGTGTTCTCCAGGCGGAACTAACAGCGATGAAACGGTAAGGACTTATTCCGGGTCGAGCTGATGTGCTATCTCATTTGATTTCGATACCTGAACCGTGGACATTCGAGATGCTTAGATGGTTTCTTAACAGCGATTAGAAGAACGATTTGATGCTTCTGGTCACAAACGCGTCTGAACATCCGAAGCGGGTCGGGCAATTCCAGAATTTCACTCTGAGCCAAGACGCGACCGAATGCACTTAATTGGGCCAGACCGTACTATCCGAGCATCATGCGTGGCACGAGTTCGAGTGTGTCAATTAACTCTGGACTCTTTCCGGCTGGTGTCAGGGGTTCCCGACACATTCGAGCACTTCATTCCGCTCCCCTGTAGGCCCCGTACGCTTGAAATTCCGACGCGAGGTTTCAGTGAAGACGAGGTACCCAAGCCAGGTGAGTTGCGTCTTAATACTTATAGAGGTGAGCCCCGAGTGCTCTCATTTAAGAGCGACGTGATGACGCATCGGGTAAGATACAGCCAACCCTACGGGGGAGACACTTTTCAAGCGGCTAACAGGGGGCTTATGAGAATTGAGACCCGCATTTCCCTTCTTTAGACAATGCGATAGTCGCTCATTCATCAGGCAAAATTATAGTCATAACATCGTCTCGTGTCGGGGTATGTTTCGTCCCAGATCTGAAAGTTGGGCACGCGCCCAAATTCAGGACGACATTAGTTGTTATGAGTATAATTTAGAATAGTTACACACGCAGATATCTGGTCAAATATCATTACCTCCGGCTGATTTGCTCGGGGAATTTGCGACGAATTAGTATGGTCCTCAGAAAAACGAGCGTCGCCTCGAATCGTCTAAGTCCCACGCTGGAAGGCCACTGTTGATTTGGAGTGCTCTCTGTCTCTCCATCACTAGCGGAAGACGGACACACTGTGACCACGGGGTCTCGTGAGCCGGGTTCGTCCAG,1257,50.04,Arabidopsis thaliana
SEQ_960171,CATAAGGAACTATAGTTCGAGTATTCGACGAAGTGATCGTGGAATCATAAAAGAGAAATTGGAAGTCAATACTGTACTTCGCCCGATTGGTAGTACCGATCCAGAAAGTCTTTGGTCAAACATTTCCGTTTAAGATATTTGGCGCCCATTACTCCCTTGAAGAGGCGGTCATAGTATAGCCTGAGGCGTTACCGCTGAAGGGTTCTAATCCCACTGAATGAGCTTCCTTCGATGCCGGACGTTGCTGATAGAAATAGTGCAACTATGGGCGGCAATGACCGCAACATGAAAGCAATATCTCAATAGCGATTGCTTCCGAGCCGCCTGATCCGACGTTGTCGAAATGCATGAACGCGCGTGAGTCGGCGTGTTCTCACTATCGCCTCTGTCTCCTTACTGAACCTTTGATAAGGCAATCCTTATTATAACGAAGTAGAGCTATCACAAAAGGGGCCGCTGGACTCTCTACGGCTTTTCGTGTGGCGCGGGATAAGCTTTCGTGGTTCTAAACGCGTGCTGGCGGCGCTAGTCGTTACGGGGAGTCCAAATCCGTTCCCAGTATTTCCAGTCCTAACGCATGCGTATTACCGCGATTCCCGTGAATCGTTTTCCCTGCCAGATTCGAATACTGGGCCGATTGGGCTAAGCAGGAATTGGAAGGGGCGGGAAGTCTCTTTGAAGGCGGGTATCCCAAACGAAAGGATGACCGTACTCGACGTCTTTACCCTTGCATGCCACGAAAGAATCGCTAACCAAGCAGTGTATAACCCTAAATGGGGCCCTGACTAACGTCCAACCGCTGAGATATAACAGACGGGCGGCGGAGCGGAACGTGCAGCCTGAAAAATTCTAGCCTACAAGTTATTGGTTCGTTGGGGCTCTAACATGTTAAAGGGCCCGATTGTCCATTAACGGTGTTTTCGCTTCGCCATACGACGTATCGACAATCCTCTTCGGTCGCGAGCTTTATTCGCCGCGATATCTTCTGATCCAGGACCCCTTGTTGCGCGGTACGCTCTCCAAGATAGCCGTGGGGAACATCAATTTCACAAATGTGATCGGTTTATGTTTGCACATTATGAGCGTTCCCTCCCACAACGTGCGCTTTCGTGACTTCAATGTATCTCTCTGGCCTTGTCTCGAATTGGCGCGTTGGACACCTATGTACGCCCGAATGTAGCGTTCTGCGCCTAGAGCTGACATTGACACATGGCCGGAAACCCAAGAACCAATATACCGACGTTGTGAGGTTTGGGCTGCCCACAATCTATATACATGCCCCAAGACATCATGTCCAACCAGCCGTTGAAATACAAGTCCATTCGGCATAGACCCATTGACCAGATACATCATGAATCTTTCCGTCCGCGCCTTTCGGATCAATACTGCTTGGCCATCGGACGGGTATGCAGAACTGCGGACTTTCAGCGAAATTGTGCGAACACTTTAATATGTTCGGATGCCTACTGTAAGCATATATAGATGGCATCTGAAGTCCGCTGACCCCAACCCGGGGGTCCGCGTATTAATGAGGAACTCAGCGCCTCTTGGCGCAGCTACGTCCGGGCGATAGCAGAGTAGGATCATGAAAGTAGACCGGAATTGTTGCTACAATGGCATCATGCGAAGGGAGATGACAGTTTTAGGAGTATGGCGCATTCAGTTTTTCTCTCTATGCTGCCGGCGTGCACCCAGCTCCCAACGAAGTTGGCAGAGGAAGAAAAGGTTTAAGCCATTACCGAG,1743,49.91,Mus musculus
SEQ_159068,TTTTGGTCATCGTGCATTATGCAGGCACAAAGTTAAGCGATGTCATGAGATCATGTTGCCGAGTGTATAGACCATCTCCTCCTTTACTTGTGATGATATAAAGAACTGCTGTTCGGTGCTGATGGAGGCGACCA,134,44.78,Saccharomyces cerevisiae
SEQ_673514,GTAACCCATGTGCCTATTCGACAGAGTTGTTACATCTGCATAGACTCGAGTCGCTATCACCCGACGCAAAGAGGGGCGTGCTAGCCGTGCTCGAAACGGGAGGCTGAGTATTAGATTTACGCCGGTTCTCCGGAAGTGGGGGAATGGACGGCGGCCATTTTGTGCAAAGAAGTTCCACCCCAAAGCGCGAACCCATCCTATTGCAAATGTGTAGTCCGTTAATGTGATCAGCCACTGGAGCCGTTGTCCTTTTCAGCATTGTATAGACATATACCTTCGCAGCAACAAGTCTTGATCGCGTGGATTCTTATATCTCACGTCGACGAGACAAGCGCTGGGGCCAACATTGCTGCCTATAGCACGAATCACACTGACGGTCGTTTGGCCTTATAGGTCCAAACAACACCCCGGGAGTTATATTCTATTTGTTACCCGATTCAACTCAAAATCGAGTCTTAAGCAGCCACGTATGCCTTCGGGATATCTTTAGGAGCTGCCTATGCTCATCATCTGTGTACCAATCGACGTTAGGGAATCTGAGTTGAGCGAGTTATTTAAAAGAAGCTGGTTGAGGTATCCGCGGTATATGGGACAGGCTCTGTTCAATTCATCTCAGGTACTAACGCACCAGCCGGCTCATTAATATGTATAGAATATGCAGAATACCTGTAATTTAGGCTAAACCAAACCAATGGGTACAGGCGATATGTGCCCACGTAGTCTGGTGCCATACACCATCCCTGATGCGAACAGGCTCCTCTACTAGGCGGATTACCATTAGCAGCCGCCGTAAGGTATAAGTTGTTCAGCAGAATAACCACTTAAAGCCTCGCGGCGCCCCGACTTTGAGTCTACTCTCGCTACGCCATCTGTGAGCAGTAGTCTCGAGTCCAGCGTGCTGGGATTACCACCGATTTAAAAAACGCGCAAGAGCTTGAAGTTTAGGTAGTGCGGCAATTTTGTCGCTTGGAACACGTGGCGGGATTGGTGATTGCAGACGAAACAAGTAAGATGAGGGGCTATCTAGTACGAATGGATCCCCGGGTGAAACGAGGTATGACGCACGGCAGCTTGCTCGCGTGCTATCTAAG,1091,49.4,Escherichia coli
SEQ_470903,TACCATTAGTTACCTGTGTAACAAGGGTGCGAACCTTCAACGGCATCTACTACCACATCTTTACTCGTGATTACTAGCTGACATCTCTATAGTTGAATTCTACAGTCCCGTACTCACTAACGCGGTCCGTGGGAGACAGGCGATCTACTAAGGTTTATCCACACTGACACGCCAGAGTGTCCGACTAGGAATGCGAGTATCTTTAATACATAAGTTCACTTCGATAATGGCTGGACTCTGCGCGTAGATACGAAGAAAGAGCGTTGATCGCCCCGCACGTTATTGTCTGTCTCAAAGTGTGAACTGTCGCCTCTAATCGTCAGTATCCTCGGGAGGCGTACCGCACCACTCCACAAGGATTCGATGTTCTTTAGCTTATGTATCCTGACCCCTTAAGCCGTTTGTGACCAAACAATGCCGACGGGGGTAGCACCCCTTTTAGGTGGTTCCGCCTGGAACAGCTGGACTCCTCTCCT,476,49.16,Drosophila melanogaster
SEQ_353621,CTCAGAATATTATAGCATACGCCACTAAGATACGCTCGCGATTCTTAAATTCTGGTTGTGAGGATATAGGAATCTCCACTAGAGCAACCATATGGAACTCCAGGGAAGACGTTCCCTTGCGCTCCATTCCTTTCGCTAGCGGCTAGGTGCGTCTTGTATATCTGCTAGCCCGCGATTCGGAAACAATCGTGCATGAAAGCGGAGCCTACCAACCGAGGACCCTCGGGCTTGAGGGGATAGCAACTCACTTTAATGCCAGCCTTCCGAACCTCGTGGGATACAGTTACAAGCGTGTCGACGAGACAACGTGATGGAGAATTATCTCCGTCTCTGTGGATCGATACATTCTCTCAAGGGAATCGGTACAAACACGGAGTGCACAATCTAGGTATGTACGGACCGATATCTACATATGCTCGTGAAAAATGGCGAGGAGAAAGGACGACGATAGACCACAACTCCTGAGCGCACCGTAGGCCAGTCCGCCGGTGGCCTAGAATCCCCAAATTTTTTCTACCCCTCTGTGAGGGATACCTTCATCTGCGCGCAATGCCACTTAAAGGCCCAGGCAGTCAGTAGTCAAATCTTCCCTCTTCAAGGTACATCAAGACGCGCCGCTAGGAATGCGAGGAGTTATCTGTGCTGACTATGGGGCGGACGATTGCGGAGACTAGGCTTATTACCTTTAAGGGTTGCAATATTTTTTTGCCCTCCCCTATAGTGGCATATCAGGTCGGTCAGTTATGCAGCGGCTGTACACTGCCGAACTCTTTCAGTGTGAAGATCATTAGAGTTAAACCCTTAACGCCTGAGCAACATTGATTCAGTTTACTGCTGCTCCTACTACTGAGGCCTTAGCGCGTTGCCATTATCTTAAGAGGAAGGGTATTTATTCATCTTCCGGACCATAGCGGCCTCTTACCTTCGACGCACGGAAGAAATCCTCGCTAAAATCGGATATTTCGGCGGCTTGCATACTAGGGACTGGCAGCCTAAGATTCTGTTCCCCGTTGAGATATACGATTTTGACCCGACGATGCCATATCAACACCAACTAGAAGATCCAAGATTTCAGATAAGCACAAGGAATCTACGGTGTAAAGCAGGGAAGAACGGTTTGCCGTTACTTACTAACTCTTTGTGTGAATGCTGGCATATTCCACCATGTCAACGCGAGTTTCCCTTGTATTTAGACCCGTGACTACGGGATATCGTTATCAACAAGATGGTTATATGATTCTTAAAGGGTATGTAACGTCTTTTTCTGGAAAGTCCGGCACAAATACATCGACCAGCAAGAGCTTAGTTCCAACCTCAGAAGCTGATGTTCTACGATAGCCTATAGTTAGATGCTAAAACATCTGTTATGGATACGAGGATAGAACGATGTCTCGGCTTTCTTAGCAACTGCTATAGTGCAACAGGGGAATATCCGCCATCCACTACTAATAGCGGTTAGTCAAGAAATTCCCAAAATGTGTTTCGAACGGTCTACGAGGTGGATAACCCCGAATCCCTTCACCGCTGCATGCCAACAAGATCTGAAGAACGGCGTGTCAAGACCAGAGATATACTGATCGGAAACTCCGATAATACCC,1598,47.37,Mus musculus
SEQ_142085,GGGGGCCAGATACCTGCCTGATCTGCTATGCCATTGTGGAACCTCGGGAGTTGTCGGGAGGGAGCGGGTCGTTAGTACCACCTCTCGTGATCCAGAAGAGCAATCGAACCAGGAATGTGCTGGTTAACAGTACCGTCAGGCACCGAAGGCTATTACCGTGTCCGGCCCATTGGATGATGATCTGGACGCAGTCTACAGTTGGTCAGACCGCAGGGTCATGTCGTTCCATTTCTCCCAGCGGGAGCAGACAGGCTGTCGGATTAGTCGGAGAATTTAGGAAACCTCTAAAACTATCAGCCTAAAGATTCCTCACCAAGTACCCATCCAACGAAAAGTTCTTTGTATGTGGCTGGCTGGACCATACAGGCTCTGCATACACCGACGATTAGCCAGAAGCCAGATTTGGGGATCCCGGGTTTTTTCCTATCTAGAAGAGTGAACGTACTTATATCGAGCCTCCGGATTAGACAGCCCGTCTCGTGTTTACGAGGTCCAACTATCTAGAGCAGTTGGGTTATTCCCTGCGCTGAATATCTGACCTGCCTCATGCCGGCTAGCCCTTGGAATGACTCTGGCAGGGCGTGGAAAAATATCAGTGGCTCGAGCCGTCCGACCATCCCCCTACTATTATTGCTGGCCGGATCAGTCGCCCGGAGGTGGTGCCCATGAATATCTCGTGTGAGTCTAGGATAGTAGGACGGCATGCCAAAAAGCATGCACCTTGCCACAACCTTCCTGTTGCCTGGCTGCCGTACTCGTCTTCGAATGGTGTTACTGATCCGTCGTGGCAACC,793,53.09,Homo sapiens
SEQ_992938,TCGTTGGTGTGTCTAAAGAGTGGATCGACATACGCGAGTAGAGAACCGGACGAGACGCGCGCGGTGGTTTCCGCAAATCGTCTCCAAGTGTTCATATTACCCACGGTCCTAACGTCTGTAAAACCCTACCCCTGGCCGTTACTGCCAGCCAACACGTCACGTTACTAGACGTAC,174,53.45,Mus musculus
SEQ_558087,CTACGGGACAGCTGCGATGCTGTGGTAGGATGTTGTGGAGTTGTCTGACTCCAAGGAGACATACTTACGGTGGGCGCAATTGGGGCATTTTGCGCCAACTGGGCCATAAAACCAATGTCATGGGGTACTTTTGATTCTCGGAGCTTTGGCGTATATTCATGGGCCTTAAGTATAGTCTTCTATCACACTTGCAATTTAT,199,47.24,Arabidopsis thaliana
SEQ_430676,AGCTACTACCTGTCAAAGTTGGGATATCACAGAACTACTGTTAGGTACTGACGCTCGAGTCAAGAAATGGGAGTTGCATAAAACGTAAGCACTAACGGGGTACCGCGAACAAGTTAAATTTGTAAATTTCTCGATTTTAGCACGGCATCTCAGTACAGTAACAAGGAACCCATAGGGTCGTTATTCCTGTGACCAACTCATTCTTGGCAACTCTCTTAGCGCAACTCAGCCACCCAGCACAGGTCTTGCGCACTCAGCAAACATTTCGCGATGAGAGCGTAATCTCGCGGGGGTGCCCTATCGGGAGTATGCCCGGCTAGAGGACTGAAGTCCGACCTACACGAATTTTCGCAAGAGTGGTTGGGTGGCAGCTTAATTGCTGCTTTATTCGACTGCACACTCGAGAGCAGATGAGGACTCCTGCCTAGAAGGAGCACAACGACTGCTGTCCCTGGTTTCCATGACAGGTTAGCCGGGAGTAATCCTTGCGCTTCGCATATCTCCACGCACTTGACACTAAAGACGAAGAACCGTACTAATGCAGCAGTGATGCTACGTAACTGACGGAAATCTCGGCGGGTGTAACTATTATACATCGGAGGCTTATACCACGCTCAACGAAAAAAAATACGATACCATTATTGAGTGGAACTACCTGTCCCCGTTAACAATTATAATCCTGTGAGACGCTAAGAAACGCCTCCCGTGTCCGGTACCTTTGAAGAGAGGTCTCATGGAGGTCCCGTCCGCGAACTCACACTTTA,764,48.69,Mus musculus
SEQ_489764,TCTCCATACATGAACTTCCGTGTGATGACCGTTCCGATGTGAAGTATTGCCCTATGCGTAGAATCATACTGCACGCCCGTAATACCAGCCTAAGCAGACGCTAGAAATTGGTCACCAGGAGCCTGGAGACTAGGTGCCATACACGCTAGGATCCGGAGAATTGCTTCTCGTAACTTTTGCTAAACTCCAACCCCATTCTCCAGCTTACGGTATTTATCGCGCGCATGGAAGACGAAACCTCCTCTATTGAACTATATGTACAGATTCGTCGTATTTAGGTGCAGTCGAGATTGTTATTAATGCGGTGCGAAAAGATAGCCATAGAATTTAATTTATAGATCAAACTCTCGTGTCCCGACCTTAATATTTCTTCACGATCATTAGCCTAAGCATTCTACTTGCATAACACTTGCTGGCTAAACCAGCAGGTCTTTCAAAGACGCGGTAGATTTAATGGTCGAACGAGGGTCTAAACCGCTCGTCAGGCCGGGCTGAAAACTCTCAATGATTCACCTTATCGAACCTCCCGGCCTATGTTCAATTAAAATCGTTACGCATCATTAGAAATGCGATTCAGGGCTAGTGGCAGAAAAACCGAAACTATTACTATAGAAGCCGTTGAGGGTCGCTCTGGCACTGTCCGCTTAACTTACGGGCTATGTGGTTCATGATACTGTTCCGTCACGTAGATACGCCTCGCTACAAGAATACGACAAAGAGAAAAATAGGGCGTGAACAAAAGCCTTGCAGCTTCACCTTGAAATGGCTAGCACGGTATTGGTCCATTATTGCCACCACAGGTCTACGTTCTTTTGGGGCGCCCGCTAGGACACTTACTAGGTGTGGAATGCATAGGGATTCGCCTCTGCGCGAACGTTGAAGGCACATTCGTCTTGTTTATTCGGTACCCCTCTGACAAAGTAAAACTGTGCCGTATTGGATCGAAGTGTGAGCGACGCTCAGAACGTCTTTAACACAAGATTGGGGATTAGCTGCAAGAATTGGTCCTAGCTGTGCCCCCCGGAATGCACTGACGCCAAGACACTGTCATGGTTTTACGCCGCTTGGCTTTTTTGGATCTTACTCACTATGATCCTGCGAGCAACATCCCGGCTTGGCCAAGGAGCCAGCCCAAGAACCGTATCTCATCCTGCGGCTCCAGAATACGTTTAATAAACAATTTGTAGATTACAAAAATACCCGTCAGTATTCAACTTTATCCTTATTCACGCCGACGAGATAGTCACTGTCGCCTTTATTGCTAAACTAATGTAGTAATGGAACCGCACCCGCTTATGGCGCGGAATGTATAACCTCGGCCGCATCTATATCGTATGCTTTCGTCTTAGTGGTTCCTCTCTCTAGGATCTTATGGTAACCTCGTATCGCAGGCTTATCGGTTCCATTGCAACCCTTCGCAGGGATACCTACCTCACCAGGCTCGGCCGAATGGAACGGGTTATTCGGGGGAGAGTGCCCATGTATGACTCAAAAGACTTCTGCGACTTGCCACAGTCGGTTACCTGGTTAAGCGGGGATCCAACGCATGTGCTGGACGCTATCGCCAATTAAGCTTTCCTACGGCTTCACTCGGCTGCAAGGCGCGGCAGTGGGTGTAAGCATGGGAGCAGCTAAGCTGCCAACGTTCTAGATCCGGTTATGTCCGCGTTTTATCTGCGGGCTATCCGCAAGGTTCGGGCGATTAAGCCGAGCAAGCGACTCTGGGACCGGTCCTTTGCATAAAGACGAAGTATAAATGGTTCGAATCCCTTAATGTGTGGGCGGAAACGTTACGATGAATTTCTTAGGTAGAAAAGATACAGAATAACACGCTAGAATTACTACCAACGACCACTGGGGGACTGTGGGGTAGTGGGTCCATGGCGTGCCCCACTGTTCTAGCAGCACGGCTCGGTACATCATCGTACGAGACACGAGGTTGCCTGAACAATACATATTGATACCTACTTAATAGGGATGGAAATTTATACCTACACAA,1999,47.97,Caenorhabditis elegans
SEQ_244439,GTTCCCGGCATGGGGTGTAAGCTATCGCGAACGTCCACTGAAGGTACACGCCTCCACCGCATTTAATCCCGTGTCTGTGCGGCAGGGAGACCCCTATACTTTGTGAGGCATTCCGTTAACTCAAATGACCACAGAGACCCGGCCTGGGTAAGGGCAGGTTCACGTGCATCGAGCTAGACTTTCAGATTCTACGTTGCTCCGGACAGGTATTTCGCGCGGCTCCGAATGCATGCCCTGGTTAGCTCGAAGAAAATCTACGCGAACGGAGACGTTAAAGCGCCGGGACATAAATCTACAACAGTTTGCACGGGGACATTTTCTTCAGCGAGCCGCTTCGTGGGAATTGGACGTCCGCCCAGCATGTACGGAGGGGCTGTATGACGCTACTCAAATTGGCAGCTAATATGTATGAAGAGGGACATGGAGTGTCTTGTTGTGTCTCTTTCCTCTTTTCAACAGTCCCACTGCACAGTCACTTACATATCACAGCGGAGGGATAACAGCCGCGTATTTCACATAAACTAAAGCACGAACACTTGACATATGTATTATGGTACGATTATGCCTCGGGTGGGAAAAGCGCATACCAGCCTCTGTTCATCAAGCGGCTCGACCGCGGTTAATTTGATTCCACTAGATGCCGAAACGAGAGTCCACTAGCTCTTTGCTTACGGCTGTGCGAAGAAACAGGTGTACCGGGAAGATCACCCGTACATAACATTCGTCGTATCCTACGCGCTATGTACGAGTTACGCCACGCGCAACTGCCATTTGTGTTTGATGCAAGTAAGAAACTCCCTGTCTCAAGCGTAGATCCGAGGGTGTCGAATATAATGAATGCTAGCGTGAGAGATACTCCATCACGTGCCCGACAGAGCCCAGGAATGGTTTTAGGCTGCTGCACAGTGGAAGGAGCCATTACGATCATCATTCCGACGCCGTGTGGACAAATGTTACATGGAGCTCCGCCTGTCAGGAGAAGGTAAGTTGGCAATCTGGTGTGTGTGAGGGGCAACCCTTACATGTCTCCAGGACAATTTGCTCAATTGGGTTGATCCGGAAGGATCGAATGCCTGAGAATTCGTCGCAATCGCTTACCCGAGAGATCCGGGCAATTTTTTGACAGATGATCTACGAAATCCATAACACGTGCAGCAATATGCCGTCCGGCACTCCTTCATTCTGTCGCGTGTCCTAAAGCCCGACTCAAATAGCCGGCTAAAAAAAGACTCACGCGTGGACAGCAATACACGAGGCTCTTACACGAGTGTTAAACGGCTGGCCCTCCAACGGCCGTATTAACCGTACACAGCAGTAGTGATCGGCTAAAAAACCATTCATCGCTGAAGAATGGGTAGACTGTTAATGTACACGTAACTCATTCTGTCCTGGACATGAGTCTCCGCGCAAAGGACTCTGGGGACTA,1426,50.56,Mus musculus
SEQ_863798,AGATTCCTCCCTCGACTGAGAATTTGGTTCCCGTTTAAACCCCCTCCGAGGATGTTAGTACTGATATTCGGACTACGTGGTGCCGCACTTACTCTCAAGACTTAATACCTACGGCAATCGCCACTTATCTAAACTAGCTCTGTTCAAGCGACAAATGATTCTTAAAACCTATACAGAGCACCCCGGCAGTCCTACATCCAGGCTAAAGCTGACATGTGTCAGGCGCATAGTGGTGAACCCCCGGGTATATGGCCAGGAGTTGATAACTAAGGCACAATGCACCTCGCCTCTTTACGGCTGATGCTGGGGAAACTCTCTGGAGTTGGCAAGGTTCTCTTGATTAAGATACGAGACAATACAACGCGATGCCAATTTCCTCGGGGGATGCTGGAACATGAAAGGCGCTCGCCTTCCAGGGTGAGTATACTTTCAAAATTGTGAATACTTAATGGTTGCAAGTGTCAGGAGCGACTGCTATGAGAGCCACAAACCCAAACTAGGCAATATGCCGGGTAGGGCCCCGAGGAGCAGTAAATTCTTATGTATACGGCCTGGTTAATATGTGTCGGCCCTTGGGAGTTTCTACCTCTATACCAGCTCACGCGTTTTGCAATGGGATACCGTGTTTGGCTTCTATATCGATGGCGGCATGCTAAACACGCTTTTGGGCAAGCTAAGAGAATTATTGACCTTATGTTTAAGTGAACACGACAAGGAGGCGGGGATCAAGAACACGAGCCGCAGTTAAGCGTGAGTAGTTGTGATGACTAGCTACGCTGCGTATCTTCCCTCGTTCCGCAGAGTATCATCAAACTCAACTACGCAAGTAACAAATAGATTCACAGCATCGTCCCCGCGGAAACAATAACACTGGAAGGATATCGTTCGGGGTTCCATCTATCTTTATCTTTCCTAGAACGGTTCGAAAGAGAACGCTGGGAACGCATTAACTACGTCTCAGGCTGCTTGTCGAACCCGGTGTTCTGCATCGGTAGACGAACGCAGTGCCGGCGCTTTCCCCTTAATCTACGACCAAATATGAATACACGACCCACAACGGCATTCGGGTTCGGGTTTTGAGTATATCTTCCGATTTGAGGAGTGTATAAGTTTCTTAGGACCTGTACCACTCCGTAAGGTCTAGTTAGATCAAAGTCGCGAGACTACTCCCGGACTTTGCCGTATCTACTGTTGTTTTATGGACGTCGTGTAATTCCAATCTAAGAAGACGGACGGCCACAAAAGCATAACCTTTAAGAAGATGGGTGAATATGATGTCAAGCCGCAGGCTATCGCGCCCCTTTTACTTTATTAGTACTCAAGGACGGAGCTATCTCATCACGACGAACTCTTCGAACCGGTAGTTATCGAGCTACTGTAATCTGATTTTTAACCTTACTTATGTACCCTCATTGGGTCAAACTGTAATCCAAGCTTCTAATTTGCAACCTCTGCCATATGGTCGGGCCTAGGTCGCAGGAGGCGCAAGTCGTCTATCATACGGACAAAGTAAGAAAGTCAAGCTGTGTATGGGGCAGCCATCGTATGTTGGGTGCTATAATAGCGTTGATACTCAACAACTGGGTCGTCCTCTCGTTC,1599,47.47,Homo sapiens
SEQ_628774,GGCGGGGCCGTGTCCTACACACTTAGACTTCACGGTACTAGTGACCAGAGGTTTATACAACCGTTAGCGGTTCGAGGTTAAGTACCTGATTTTCGGGCAACGTTCAAGACTTTACACGTACATATTCGAGAAGACCGTATGTCCTGGTCCATTACCACAAATGGGCTTGCGACGCCTTAGTGTACAGAGTTGTAGTAAGAGAAGATCCGCAGAACCAACTTCTCCCTGAACGGCCTAGCCCAGTAGTATCTTCTCATCTAATTCAGCCTCAGTAGACGCTGTAAACCCGCCTCGAAAATAATAACTCAGCTAAAAGGGAGTTTCTAGTCCCCCTCGAAGAGTATAGGCAATGTCGTCTGATTTCACATGCTAAATGCCCGTGCGATGTGGGTACGCACCGACCTCGACGCCCAAGACTTCGGACCTGCCGTATGTCGTATCGATTGATCGAGAGCAGTGTGTGGCCACTTCCCACCGCACGATAAGATCGTAAATCGGAGTTTTCAGTCAACATTGGACCCGAATTTTCTCACGGAGAAGCGCCTCATAAACCAAGGCAGTAATCGTCTTTCCCCCCAATGTACGGAGTCTTTTCAACATGCGGCGATCCGAGGGCACTCAGAGCATGAGCTATGAGTGGGAATTTGATGTGCGGACGGTGGGGTGCTTACTGCTATTGGTGCACCGTGCGGTCTTTAACATGGAACGTCCTTCTCGCTAGTAGCACTACGTTACGTGGGATTCGATATGAGGTCCCCATCAAATTCGCGATTGTAACGCACGGCTCCCAGCTCTCGCGTTCCTGGACCAACTAGCAAGATTATGACCGGATGACTACCCAGGTGTGTGCTGAAGTGATTGGTAAGTATCCTGTGGTTCTACACCAAGTGGGTGCTTCTCCAGAGATATCGTGTCAGGCATTCGAAGGTAGGAAACGCGATCGCCCGTTATATGAGATTGCAGGGGAAGCCTCTTTCCATTTGGCCTACGAGGCTAGTGTACCGTAAAACGTACTATGGCGATCCGAATGGCTCAACACCTTCGCATTTTGTCTGACGTTGTAGGTGTAGGCAATAGTTCTTAGACACGCACGCCGCCTAACTTGAAACAGAAAGCAACTATTTTTACCATCTGGCTCAATGTTGACCCTGCCGTTTCACAGAAACACACCGAATCATCTTGTGAGCCGGCACTTAAAAAAGCTTACCCCAGGGTATTGTTGTAATCCTTCAGTGCGAAAGAGTGATGAACTCGTTAGCTCTAATCTAAGCTGGAAATTCTGTTCTTCATGAGCAGCGATAGCGCAACGAACAGGACCATCGACAATGACTCATACGTGAGCTTACTACACAAGCTGAGTAGTGTATACTTTGCATCCGGGTACACGTCTCACTCTTAGGCAACACGTTGATCTGGCGTTAATTTAGAGGCAATCCGATTCCACCCCTCCTTAAGTGACAGATTCTTCTGACAACCCTTAATGAGTCGCTCCTCTCGTAACCCGACTGTTGTCGGTTTCACAGCAAGTGCCCTGGTAGACTACGGAGCAGTGTTCTAGCGATTATGTAACCGGGGCGCTTTCATTAAACGTAGACCTCTAACCCCGAGGTCCTGCTAGCCTGGCCCCTAACTCCAAGTCAATACCCGCTGTGAGGGGCAGTTGCTGTGGGCAATGAACTGTAGGTAAAAAGTTGGCCAGACGTTAAGGCCTCGTATGGGTACCGAGGTTGTGTCGTATAAGCGGTTTCCAT,1751,49.4,Mus musculus
SEQ_513154,TGTGTGTCACGGTGGTACTGGCTCTGATCTGTGTCGCACTTGCAATCTGTCGTAGTTTGGTTAGCCGCACGCAGCACGCCGAAGTTACACTGATTTCGGTTTGACGGCCTCCGGTCGGCCATGCGCCAGGCAGCTGCCTGGGATGTCATGTATACCTGCTTATGTAGCCGTTCGGACGGAATGACCTATTATTTGACAAATGTTTGATACCAGTACGCTCAAAAATGATACAGAGCGACCTAGTAAGACATCGGTATCGACGTGGCGACGCTAAAAATTGTTGAGACACAGGACACTTCCAAGGTGACAACATCCAACCCCAAACTAGTCGACTTGTCTATCGCACTATATGGCCCTACAGGCTTCCACTCTTTGCAATGAGTGCTGAGTGCGGCTACCCCGCTACCTACGGTGGATCGTAGCTGAGACCAGGCCGGTGACCCTAAGAATTAGGTTACACGGCTATGACTCTTTGTCGATCACTGCCTACAAGCCCTAATATCTGGGTGAAGGTACTGGATGATCACACGCAGGCCTAGGTACAGTGGGGTGCAAAGTGCT,561,51.34,Saccharomyces cerevisiae
SEQ_385490,ATGAAGAAATACGGAACATGTCAAGATAACCCCTTTGAGTGACTAAAGTTGCAAAGCGACGGACTACCCCTGAGTCTCTACGGAAAGGTTTGGTCCGTTAACCGTTTAAAATTGACCCTTTTACTTGTAGGAGGTGAAGGCGGCGGCGGGATATCGCGGTCTAAAAAAACCACCAATACACGCGGGGCACTACCAGCCTCCCGTCATGATACCGTGCTCTAAAAAGTTCGAGCGTTTACCCCTGCCAACTTTTGTCCTTGCCCACGCGTTTTACTAGCGTTCTGGCACCATTCTTCAGAGGAAAGGTCTTGCGGGACTAGCTCCCGTCTTGAAGAAACAATACAAGTCCTGTTATGGGACTAGCCCTCTGGGTCTTCTCGATGTGTAATTGGTCAGGTGCCCCGCGGGGTTGACGGTGAGACCCTGCTGATAATTTACCGGCCGGGTAAGTTAATGACCCCTGTTTTGACTCAGGAAGTCACACATCTTTTTGACGAATGTACCAATATTAGAGCTAGCGTATCAATTCTGTAACCTCCAGGTATCGTCGTAAGAATGAACCCCCTTGCGGGTTCGAGTATATCAAAGTAATTTTGTGCCCTTTTCCTGTGGGTCCGTTATGATCGGTATCTGCCAGTATTCTATTGGGGTCTGTTTGGTCATTTTCCCAAACCTGCCCTGCCCAGAGGTTCGCAGTGTTGATACCAGCTTTTATTCGTCACGGAAGTTCTGATAGGCATGTTGTCCCCTAGCTTTGGCGTCCCAAATAGAGGTATACAAGAATCGGACTTTATGCGCAAGAGCGGTGCCTGTAACTCAAATTAAGGATGTTCGCTGTGAGCGGCTTGCGCACCAGTACGCTACTACTGGTGCCGGATGAGGCATCACCTCGTGGACGACTGATTGCACGGAGTTAAGTGGTTTGGGACTAGTCGCTATTTCTGTAAATTTCGTGCCGCACCCGAGACTCGTTCTTGCAACCACCCCCTAATTGGGCCAAACACTGATTAGCGGCTCCAAAGGTCGAAATGCGCCCCTAACACGCGGCCCGGATTGCTGGAATTCGAGTAAGTCCACGAATTGTTCGTAATTGCAGTAGGGTTTACAACCAACATCTGTACGCAAGGTTGACGGCAGCCCACAGGCCGGCACAACTCACTGTCGCGTAACCTCTCGGCCAGAGCTCCCCCTCTAATTCCGAAAAGCGCGACATGTACATCGACGCCAAGCGTAGGTCAATCGGAGTAGCCCGGGTGCTAGTAGCGAACGAATCCGTTTTTCACGGTTATCAAAGGTAGTAGCCATTATCTGCGAATGTTCAGGGCCAAGTGGGTGGTATGAGGAGCAGTTCGACCCCGTTCGACTGCTTTCGTTTGTACTGTTAATTAGGTTCGTACCGTTCTCTGCTAATTTAGTGATCAATGTGTTTATCCAAGACTTTCCTTCTTTTCCGCTGACCTTTCCAGCAGTCGCATGGACATATTTCACGCATGTGGGGAACCTCTAATAGCGGGAGCTGGGGCTTTCGAGCGAACGGCACCCAATCTGGACTACGACAAATCCCTGCTGCTGGCACTCCAACACACCGCCATGTGGTTGCACCGGTTAAACCAGGCAGCTTTCGACGACCCGAGGCGACATGAGGAATATTAA,1653,50.27,Arabidopsis thaliana
SEQ_918938,CCTATACGTAATGCTGGGTGGCGAATAAAGAAGAGTTCAAAGGGTCGAGCCTACGTACCGCGGGTCCGGAGGCGCCATGTAACGGAATAGGTCGCATCAACTTGCCCCAACTCCGAAGTGACGACAAGGTCTCTAGACTCAGGA,144,54.17,Mus musculus
SEQ_944336,CACTAGCAACCGCCGGATGCCTTTGTGAGTTACACGTACTCCCAGAGCCTGTAATCACGATACCATGGGGGTCAACTCTAACTGAAGATTGGTGAATGTTGAGAGTTCAGACTTCATGGATCACCCCTTCCCACTTTCAGTTACAGACTTGTTTACTATATTCGGCACTAGCTGGATTGTAAGCCAAGTGAGGCTGCTTGCTCAAAAGTGGTTAATTGATTGCTCTTGGCAACAAGGCAGAAGCCCCAGGAGCGTAGGAGGTCTATTACGCCGGCCCTTGGCTAAGGCGCTCTAATAACTTCCAGTCCCAGAGCACCGGTGGATCATCAAGGGCCTATGTTCCGATCTCTGGGATTCTAAGGGAGTGGGTCGTGCCGATCTGACACTGCCTAGCAGAAGCAGGTAGCCCTCTGGGCGGTGATAGCCTACACCCGGACTACACTCTTGGTAACATATTGTCGATCAAGGCAGTTAAGGGAGACTACGTGCTCCTGTGACAGTAGATCACAAGCAATAATAGGACTCGAGTAATGCAGGTGACTCTCTCGTCAGTGTTGCCACCACATATTCCCCTAAATTAACAGGGTAAACCCCTGCACGCCGCGTCATAGCTGGCCACGTGATACGGCGGTAATTAAATTACCCCCATGTTCTTGAACCTACGAATTCCCGTACCCGGACAACAATCCGTGGCGGGGGGGACGCTCCAGATTTCTAGCCAGGCTGAATGCGCCATACCCCTTGTATGCTGGGTGATTCATTCGGCAGATCTGATGCAGATGCCCTGAACGACCGAATTCCGTGAAGTTTAATCTCTGATAGGAAGCGTGACATAATCCGCCTGTATGACAATGTGTCATGAAGTATTAGCACGTAGACGACTTTCCTGAGCACCTGTATCTAGGTACGTACTAAGCGTCTTGTCGAGGATACTCTTTATTTGAGCATTCAGTTTAGGTTATTGGGAAACACTTGAGAGGCATTATC,987,49.54,Homo sapiens
SEQ_723411,GAAGCACGGCCAACAGGGCAGTGGGACTTGATTACCAGCTCGATGACGCCACGTGAGTCACCCCCTGTGTCCAGACTACCACTCCTACGCACTCTATAGTCCGGAAAAGTAATTTAGGGTGTCGCGGGGACGTGAGATTGCCCCATACCCAATAACTTTCTGAAGGCTGCGGTGTGGGGCTTCATAAACATCCCTTTTGATCTTTAGACAAAGTAAGATCGGTGCGAGTCGTATGCAATCATTCGTTTGCCACCATTCGCTATAGCTCTGTCTGGGGCACTGTCTCGGTGAATGCATCAGGGTAGCTATGACTCTTCGCCGCTAGCGGTCGATGCACACATGAGTGTTCTATGGGGCAAGGAACGGACTTGCGCTGCTCTTTTTCTCGTAAATCTAGACGTGGATGGCGTCCGCCTAAAGTCAGTGCCCGAAGCTAGATAGATGCATACATGACGCCAGTGCAAGCGATTAACCATTAATTTAATCGACGTAAGCACGCGGTACACATACAACAAGCAATGTAGAACGCATACGAGGCGATCGAGATCCGCCAGCGAGAAGTTCCCGGGACAAGTAGGAAGCGGTGAGTGTCTCTGCTAGGGTAAAACCGAACCGCCCATCTCCGTGAGCGCACTTAGTCAATTTTCGGCAACCTCCATAAAGGGGTACTTTTTACACGTAGGTTACGCCTTCGTCGCCAGCTATTGCGAGGCAGTATATGAGCCTTTTTGGCTCGCCGTTTCTCGCATTATGCACCGTGACAACTGAGTCCACAATCTCGCCTTGTCCGGTATATC,797,51.32,Arabidopsis thaliana
SEQ_627292,GGTTCCTCAGGGATATCTTAATCCCAAAAAAGACCCTGTACTGGGCCTACCCCTGGGTGAAGTTCTTAAATAGTCGATCGGTCTCCTCTGGTCGTTTTAACGTAAAAGCCGTTACTTCGCCTGGCCCACCTACCCCATCGTTAGCTACTCAGACGGAAAAACGGCATTTCGGGCGTGAGGAAGGGGTTGCAATAGACCTGAATCCGCATATCATGACACCGTTGGAACACCCACACGTAATCGTAGACTCTTGCCGCAAAGAGCCGTGACTATGGCAAGAAATGGACTCGTACATAGGAGCGGCAAAGCCGGAGCACAGACACGACACTCTTAAAAGCCCTCAAACGCCATGGCCTCAGCGCGGGCCATACATTTTCTAGTAGGTAAATACCAATAACAGTATCCACATCACCGGACAGACAAACGCGTAGGGGTAGATGGCTTGGTACTGATCAGCCGTATGAGCGTGAGTGCAGGGGTTTTTAAGAAGGCCAGGGTGAGAGTGCTACAGATTTACACACGGACCTATTACAACCATAACTGTAAATCTACGGTCCGGTTGACAAATTGTCTCGAGCCTTAAGCACGATCAGGGTACCCGACTTTTCTTCTAAGCGGCATGGACATGCATCCGAGACTGAATAACACAATGCTACACCACTCGGTACGCGACCCTGAAGGAATGAGTACGTCCAGGCGCTACTAGTGGGGACTAGACGGGAACCAGCCATAGACAATTACGTCCCGATCATGCCCAGCTCTATTAGATCTGCAAGTCCTACCTTTTTCAGGTGAGCTGGATTCATTTATAGACAGAGCGGTGACACAGTG,831,50.06,Saccharomyces cerevisiae
SEQ_900658,GATCTTATTCTATTGCGACGAAGTTCTCTATCACACTTACTATCGTTTGGAAGTTATGGCGGTTCCTTCGCCAATATACATTAGTCAAACATAACACCAACTAACTTGCAACTAGCAAAGTTCTAGATCGATATCGTGAGAGCTTGTTACGGCCCAGGATGGGTGTTATTTTCCAAACATCACGACTAGATGTGGCATGCTCGAAAAGATGTATACGAAGAGGTAGGTCATCTGCGAGAAGCCGATCAATGTGACCCCCCCCAGCGAGGCCATAGAGATTAGGAAAGGGATAGTTAAGATGAGAACTGGATCAGAGTTGTAACACGTTTACTCTAAACTTGTGGGAGAGCATTCAAATCTTGTCTTTCTACATCGTTAACTGGGGTTGCATGGTAATTGGGTGTTCACTATTCAGGATTATAGGTAGGAGGATTTGCGACAAGCTCGTGCGTACTAGGATGAATCTCTCGTCTGGTGGCGTGATTCATACAAAGGGTCGTCAGTCCGATTTGCTGGACGTCAGCAGGGAGGCAGTCATCCTATAGATGGCCAGTCGACATTAAACAGTGACACAATTGTGGCTACTTGGTTCCCGTAACGCAACGGTTAGGGTGATCAACTAAACGCGCGGATTTTGTACATCCCGCTCGGACCAGGATCGACGGGAAATGTCCCTAGGCATTCGCGAATGTCCCGTATGTGGCTTTTGGCCCGCCCTTTGCTTAAACCGGGTAATTCATGCTAGTTTCGAAAGCGTAAGGCATTATTAAAACGCGGTGTATATCTGGGGAGTCTTAGGAAAGCTCGATGCTTGGGTATAGAAATATGAGCCGCTTCCACCAGCCCACTGTTCTAAACACACTAGCAAATGCGTCACACTTAGGTAATT,889,46.12,Arabidopsis thaliana
SEQ_750974,ATGCTGTCCGCGCCATTCCATAGGTGTACTGATGTGATGCGGAACCGGCCCGTGCCAGTTTATCTCTGTGCATTCGCGATCATTCTACCGAATAGCTACGCAGCCGCCAAGGTCAATGGGAGGAGGACGTTCAGTTACTCCTATCCGGAGGCCTAGCCGGGATTTGCATGTAGCTCCCGATTCAGCCCATTTTATGAATGTATTCATGTACTCGTTTACCGGAGAGAAATTATGCAACAGCCTGCAACGCAATAGTGGTGGCCCGTCGGTGCATACCCGCCTTCTAGTTGGTGCATAGCAAGATGCAATGCGCAACAACCGTACTCGGAGTCTAATAGGAATAGTCTAGGGCCAACACGCTTTAAGGCTTGAACATGAACAGGTCCAGGCTACCCGGCGGATTCTCGGAATCGCGGACCCGCGCAGGGTCTGACACCCTCAACGACGTCCCACCCGGATTATGTTTGTCCATGAAGGTTTACATCATGCCACATTTACGGATACGATCCCAGCAGGGCGGGTCTGCTCATAGCTGTGTCTGCATCTTGATCGACGCTCCACAGATATTTTACTGTGCCGGCCACTATTCACCCAGAATCGTGGAAATTACACGTTCCGACCGCTATTGTTATAGCGGTCAAGGAGCATTAACGCCTCCACTTGCGGGTTGGTTTAGTCTGGGTTTATTTGCCTCCAACGGTGTCCCGTGCGGGCCATAATTGGTGAGCTTGCCGTGCTTCGGACTTAAGATATCCACGTAACAGATGTGGTCGAGCCTACGAGCTCACCAGAGCCCCTGGGCGGAGCTTAAAAAGCAGGGACAATAGCCGATAATGAACCCTTCCTCGTCCTTCTACACGCAAATTGACAGGACAACCACTCATACGACCTCGGGAAAACACGCCTCAGTACTACGCGTAATAGCGTCTCACACTTAACCCAAACCGGGAGTGAAAGAAGCCGTGAGTAGGGGCGACGTATCCGTACACGGAGGAGAAACCAATCGCGCCGAACCTGTTTCTGAATAGGTGCTTGGGAACGTCCCGGGGTCCTCTTTGGTACCAGGGCCGACGGCGCACTATGGTTTAGGCTGGTAAGTAAATCCTGGCCACCAAGAAGCTCAACACCAGCACACACGATAAACTCAACCGCTACAACGCCTAGAGTGGATAGCG,1175,52.85,Mus musculus
SEQ_275520,GCTTTATTTTGAGGCGACCAAGGTGTGAAGACTGGGTATTCATTTTATCATCACGTGCAGAGGGGTCACTTACTCGCCACTCAAAGGCAAACACGAACAAGGGCACGTAGAGTACTATCAGCGACGTACGCTGCGGAGATGAGCGACTTAGCCTGACTCCGCCACGGTCCTGGTGGTGACACACTGATAGCATTGCCCGTGGTTAAATAGGGAAGGCGGGACCTTCCAGTTGGTACGTTCATGGCTCGTTAGCTGGTGTCCGACTCACCGATTGCGCGTGAAAGCGAACCATTCGGTCGTCAATGTTCCCTACTTAACCTACGCACTCGACTTGTCGCATCTCCGAATACTAAATGAGAGGAATCCAGTTGGATATAACACACATCATGAGATCAGACCACGACCTAAGCGCTTTACTAAAATCGCGAGCGATGAAGCCTAGTGTCGAAAGGATCGTGCCGATGATGATGGTATGATTGACCCTGGTGTCATTATAGAGACCCGTAGGAACCCCGCTATGATTGCAACGAAGCTTTGTTGGAGCTAATCCGGTTGTGATCTCGCGGCGCCAGGTCTTCACTCAAGCCCAGCCCACCTCTCGGTCGTGTGGCAGGAAGTATGAATCGGCCTAAAAAATATTGCGGTGTCAGGTGGTCTCGATCCCTGATCGAATAGTCAACTGCAACGGATAGGCTTTACAGTTGACGTGTCGGTCACCGTTGGAGAGATCTAATGGCGCTAGAAAGATGATATCTGTACGGATGGGCGCTGCGTCGTATCAAGGTTGAGAGACGGAGGGATATGGAGGCCAATGCACATACGCCCTGTTATGGTACGGCAATAGTAGTCGTTTGACCATAGCGCCGCGAGCACCTGAGTTTACAGGCACCACGTAGGCGAGCGCCCCGAAGCGACCGGTCAAATGGTGATAGCCCGCGGATCGCGTTTCCGTCATTTGACCGGAGGCCCACTTAAATGTAAGGAATAGTACACA,994,51.81,Homo sapiens
SEQ_892304,AATTTCCATGGAATTTGACTCTTACTTAGCGTAGCAGAGAGGAGTCACCTCATTGCATACTGCGCCTCGCCCAACGGAGCGAAACATTTACCAGAACGCGGGCTTTACGTCATGCAAGTCGGCACAGCGTCATAACATTGATCCAGCCTGTCCGCGGTGTCCCTCTCAAACCTCAATGCGACACGGTCAGCGTCCGGGTAGAACCATCTTCGGGGCTCCGTTATCGATCCTCTCCGAAAGTGCGAGTAGACTACCCGTGAATTACGATTCCCCCCAATTACAGCCAGGCCAGAACTTTCGAAGGCACGGTGGTGGCTTGGTCTGCGACCTTTTTATTCTTCACTCGGGATGTTGGCTCTGGAACTTGTTAGCTCGTCCTTAGCGCACCCATGCGAGTAAGGCAAAAGGTAGTATCGTGAGACCTTGCGGTACCCTAGCGTCATCGAAGGGACGACCAACCGTTAAGTACTCGCGCGTATGTGCGTCTTGTAGTGGTTCTGTGACTGTGCCTTTCTTCAAGAATAACGCGACTGTTGCCCGAGTGATTATTCGCCGGGACCGGGTGTACACCCAAAGGTTTCTTCCCAGTACGCACCAGAATTGTAGGAAAAATTCCTATTAATATAACCCAGCCCCAAGGGGTCCAGTGGTTACTTGTGAAGTTTACTCTAGAAGCACATAGACGCAGACACTGGGGTTACTCCGTTGGTTGGTTTAGCTCTTTACGAGCATAGTCAGCTCCAGACTTTGACCCAGAGTTGTCAC,765,51.24,Drosophila melanogaster
SEQ_598250,AAACGACCGCCATGAGAAGTGGCTGGCGTACCGCGAAAGATTGAGTAGTTCGAGTCTGCTTGGTATCGTATAGTGGGTTTTCCAACCCAACTTCGAGCGGAATCGGGGTAGCTACGACGTCCCGGCGCCACAAAGTAGGTAGCAGAGGAGAAAAGCTGTATAGTTTCAGCTTCCGATCGAAATATCGATTACGCAGCACTCGGTAAGTAACCCGCCTGGAATTACTTAATGGGGTTAAATAACGTGCAGCTACCTCACTAGTATGGGGGAGATCAGCCGAAA,282,50.0,Escherichia coli
SEQ_456843,GGCAGTACCCGTATGGTTGTTTGTCGGCATCTCCTGGATGTCTATTGACGAGACAACGCAGAGCCTGCAAACGCTTCGGTGAAAGGTTCGCTATGATTAGAGGATCCGGAGATACATTAACCTACGATCAAGGTACATGGTTCTGTACAGTGGTAAATCAATAGAGATTATTCGTGAGTGATTAACGCATTTGAAGTTCGGGGTCTTGGGTTGTCTATGTCGATAGCTCTCGCTGCACGTGGGCCTTGACGCACTACTTCCGGGGTGCCAGGGGTCTAGCGACGTTGGCTGTTCTGCAATGCGGTTACTCAGCTAATACAACTGATCAGGAGTCGCGTCAAGCTACCGCCGACGATACCGCTTACCAATGTTTGAATCGTGGTCACGAAGCAGTGTAACGCATGTTCTAGCTTATTTGCGCCCCGACAGTTGTCAGGCGAATGGCATTCGAGGGCTGTGAACCGGGAGCCCTATTATTGGGACTAGTCCATGGACTTGCGAAGGGAGCCTAAACCGTGACGGTCGTATATTTAGATAGGTGAAGAAATCGCGCATATCACGTCTTCGCTGCTAAACATCCGTTACATCGGCTATACGGGCACCCATTAGCCCTGCCAACAGGTTTGTCTGAATCCCTAGTCAGCGCACAAGAGGCCCCATTACAAAACGTCTCCCCATCACCCTGCATGCATGTAGGAACTGGATCGAGAATAATAGCAAGGAGCCGACC,730,50.68,Saccharomyces cerevisiae
SEQ_279512,TGAGCGCTACGGCGTGACTCCGGTGGGGGTCCACTTATCCTTTGAACTGGTCCGTACTTTGGCTACTTTACGCTCTGTCAAGGAACATCGCATGGACAGCGCTATACCGTTGGTTGAGGGGGGAAACCAAACAGTTGGCCCTAATATAAGTCGCAATCCTCCATCAATTCCCGAGTGATACACCTTACGTACGACGGGAATATTGTGCGGGAAGTGGGGAAGTTCCCCTCGTCGCTAATATGCGCGCGTTCAGTCGCACTAGTAGCCCTCGATATGTATAACGATACGGAGACACACCGCTCGAGTAACTTATAAAGTTCATGGATGTGCTATTCCCACTCAATTAATCAAGCGTATCAAAGTCCTTCGCGAAACGAGATAACCGAATGGCTAGAAAGAGATTACGATCGCTAGCAAATCCGGCGGAAGTCTCTGAGGTGGATACACCCCCTTATGGGCAAATTCAGTTTTAGGCTCTACTGGAGACCCACCGTTTGACCGTCATCCAAGTACGCAGAGGGAATGGAGGGCTTAATGCACAAGACCGGAGTGCCCCTTTCGGAAGGTACGAGGCCAATAATAATCTCTGTTTTTTTATTTCGTCCGATCTTTCTGATGAAAAGACATATAGCCCTGCTGTGGTCTAAACGCTGTCACCTGAGCAATGCTACGACGAGGTGTGATTGGGTGAGACACTATTTAAGAGATGTGCAAAAGTTCGCGGATGCCGGTTAACTGATGTTTAGCGTTTCTGGGCTATCTCCTTTTAGATGCTTCGGATGATGACCGGCCGTGGTTGCCGGCAGCGTTTTAGCGGACTAGTCGGGTTCTAGCTAATGAGTGCAAATAAGCTCTACGATGCAGCCTGTAGCCTTAGTGGGGATAGCACGTCTTCCGCTTAAACAATCTAATCGGACCTGGCCTGAACGGGGAAAAGCGCCTTCTTCATACCGAGAAGCGAACAAGAGTAAGTCAGCATTGCCTTCAATCAGCCGATCCATCGCCAACCTTAACCAGGATGCTGTGAGCAAAGATATAGGTTACAGCAATTTCGCAATAAGGAATATGCAATGTTTTCCATAAGTGATGAGTGAACTCCATAGGCCCACTAGCTCGTACCCGCAGTGTGTGGGGTGGTTGATTATTCCCGAATACTACCTGTGATAATATTGAGTATCATGACCCGGCATGGAGCTTTACCCTCCAGAGTAATTCCTCAGACTAGCCGTCGATCGAACTCTGAGTAAGCCCTGTGCTCACGTGCGTATTAGTTTAGCCACCGTCCGTAGCTTTCGTTCTTAGTTGTATATCTTCACTCACAATGTACTGAGTTACCCGCCGAGTTACTACACCCTCAACCGGC,1363,48.64,Escherichia coli
SEQ_573241,GCTCTTTCCTCCGACAGGTTATCTGGACACCCATTTTCGCGCGCAGGACACCGACGTCCCAATTGCCAAGTGCGGCTTTCAGGTGGTCTCCCTGCAATCATCCTACCTTTATCTATAGAAGGCACACGTCGGCTAGGCTCGTATGATTTGAGCCGGTGCCATTATATACGCGCGGCAGGGTAGATAACCCAAGCTATAGAGGCTCAGACGGGTGCCGGTACGCGCGCTTGCGAATGTCGTCTCCACTTTTGAATAGCGCTCTAGCCTCGGTACCGTCCAACAGAATAATCACCGGGCACAAAGTAACCATGGTTCAGCGGCGCATGAGTGTGATTGCTCGTTTACAAGCGCCAGAAAACCTTCGCCAACTACTCAGCACTAGACCGGTGAGGGAACCAGGGGGCGTTGCCATGGTACTCCTACTAGTGAGGGGAGGTTAACTGTGGCCCGAAGTAAATAAAGACCAGGGGGTCGGGGATGGGCGCGTCTGCGACATCTCGTCGACGTTATTCATCTAGAGGCCTTATGCAAGTCGGTAATCGTTAACTGGCGATATCATGGCTAGTTTATTGTGCGACTCTGGCCTAATTTCGTGTTAGGATACTAACACGGACAGCCCCAACACCTGTTGAGATCTATGCCGATGAGGTAGCGAGCGACATCGCTTGCACGGCACCATCCGGCTACTTAATTCAAGCAGGTGATTCTTAACCGATTATTTGCATTGCCTGAAGGGATGGACCACGGACAATCCACTTGAGCATGCCTTCGGCACTATCAAGAGTCACTAAAAGTAATCGCGGACATGGGCCATTCCCATTGGAGGCGCAAAATCTTAACCAGACTTCCCTGTACTATCCTCGGGGGGATATACCTTTGAAACCCTGCGTAACGATACCGACTAACTAACCTTTGCTTAAAGCGTAACCATTATTCGAGGTATCCAACCATCAATTAGCACATGGAGTCTGGCGGAAGTCTGGCTTCTACCGTCATAGTAGCCGGCCTCAGGCGTCGCTCATGGACTTTCCAAATTCCTCCGGGACATGAGAAAAACCGGGAGCGTCGATCCCCGAGCCACCCGCCGTCCTCCGCGGGCTTAGGCTTGGTACCACCATGGAATGTGTGGTGGTCTGGACCCAGCAACTCAGGATGGAGCCGCGGACTCCAAACCGGACTCGCTCGCCTTTCGATCCCGAGGCTTCTACGATGAACGACATACGAAAATGGTCATAGTAAAAAGGTTAATTTCGTACCACCTCAATGATTGTTGAGTCTACGTGCATTGATTGCTGGCCCAAGGCTGACGGTCAGTGTAAAGTATGGATACTTCCAATACATAGGTGTTAATCGGATCGTAGCATGTATTGGTCTACTATGTATTACGTATAAAAGCACGG,1400,51.43,Drosophila melanogaster
SEQ_670602,ACTACCTCGCATCCGGTAGCAGCTAAGGAAACCTATGGTAAAGCAGGCCGGTAAGCAACGGTGGGCCCGTTTAATAGACCGGGTTGCTGTAGCTGTCCCTTGAAGTATCGAAACTGCCCCACATTATACAGAGCTCCACTCAAACCACCCGCCCTTTTTACTACTGCCAACAAGCGCGAAACCTACCCGAACTCGCTCCTAAACAGCGGTAGGCAATAGACAAGAACCTTATTGAGGCTCCCCCGGGCGTCTGACGCTTGTCCTAAGGCGTGCTTCCTATCGTACCGGGCTGGCATCGTACTGGGAAACGCTATTCACTCCGCCTTAGCGTTGGTCGAAGTAAAATTCACGCGCACTAGGCCGTAGCCTTAGTTCGCGGACGCACGCGTTAACTTAGGGCCACTCACCAACAGTTAATGAGTGTCGGTATCCGCCATGCATGGGGCAGTGTCGTTACCTTCACCGAAGGGTCGACTCATCGGAAATGTGATGAACAGCCGCTGGTACTGTCGGATAGCTGCTGGCTGCAGTGGGCACTCTACAAGTGAAGTGATTGGGCCTAGCCCTTAAGTGCGAAGCGTATCTGTGTACAGAGGACCAGGAATCCACTGCAGGGTTCGGGGGGGGGTTACTTGGCCGGGTAGTACCGTAAGGACCATCACCCGCATAGCGTGAGGTTCCGTCTCAGTCTCTTAGACGGAATTCCGATTACAGACGAGGAAGATAATTCATAGTCGAACTTCCTATAATGTACCCCTACGCGTGCTTCTTGGCTCGACAAGTCATGTTCCTCCGCCATGTGTTTAATTCTG,812,53.33,Caenorhabditis elegans
SEQ_225753,ATAATCATCGATAGGGTTTTTCTCAGTGACTAATGCTCTGTGTGGCATAAGCCAATAGACAGCCCACGACCCTATCGTCTGTATCAGCCTAACTGGTGACTTGAGTCGAACCTTAGGAGTATGGAAAGCTATTTTTTGTTATCACTCAGCGCCGAATTTGCCCTAGGCATTGTTCTGTGCGGTATTGCCTCACCGCTCAGTGGCCATGGGCCTGTCGCGTGTACTCAAGGGGAGGAATGATGCAAATGGAAACGGAACAATCCGTGCTATCCCCATCGGACCCAGGGGGGGAGAGAAAGCAGAAACTCCGGGGCCATACGACGTTTATTTAATTTGCACGTGTTCCTATCCTGCTATGCGTTAGGTAAGACGCTTAGCACACCTAAGCTATAGTCTAGTACCGGGGCATGAGTCTGTACTCACCAGTATACCTCACCGCTTGCTTCGACCCGCATCTCAAAGACGTGCCGTGCATTGGTACTTTTGAGACTCTTTTTTGGCTTAGAGTGGTTATAGATCCCGCGCGCCCATCGATATGCGTCAAACTGCCGAGGTTCTTCTAGGAACCAACGCTAAGAGTAACTCGATGAACCGACAAGTCAGGGCACGCGATCAGACAGTCGTGCTGGACCATTCGCATGTAGGGCTAATACGTGGCTGTCCAAGTCGACCAGACATGTTCGGGTTTTGTTTACTCCGCACCCTTTACCGGTCCGGAATCCTACAGTGTGTCCCGTTTACCCCGGTACCCCAACACGCGGCGCTCAGCAATCCTTAGACTCATCTCCGATGTACGTATCTCTATTGGCGTCAATTGAGATTT,823,50.55,Homo sapiens
SEQ_610590,ACATTCTATCATTCACGCGCCATTATTGATTGGCAACATTCTGTCGAATTGATAACTCAGCTACTCTATAGGCCCTAAGATACGTCGGTGGATGAAGCTATCTACTAAGTGCGTGTGAATATGATACGTACGCGCAGTATTAGAACAACCAATTATGGCCTATTGCAGATGAGTTAGATACCAGGAGGCTGCGCTTCCGCGTACTCACATGTTAAGAACCTATTCAAAGCCCACAA,236,43.22,Escherichia coli
SEQ_561854,ACGGCTAGGCAACCAAGGTACTCCCCGCACTCGACCGCAAATGACTAGAAGTTAGCGCCCCGTGGGACAGACGCATTGCGTTACTACCCTAGCGTCTGAGGTTCAATGGACGTCGGTTCATCGTACAAGTCAAGTACGCCCGCTAACTCACCAGTCACACGATGCTCCCCCAACCAATCGGCCCTTATGTGCATCCGCGCCCCGGCGCCCAGTTGACCAGCAGGAAGCAGACGGGCAGAGGGCCTGGGCGTGCGCATCTGGGAAATAGGGTACCACCATCAAATCCCTACATAGGATCGGCAGGTAATTCATAGGCCGTTCCAGTTACGCCTCCATGAACACCGCCTTCATCGCAGGCAGTTGCCGTTCGGAAATGGTGAGCATCGGAGGGGTGCCTGTTTGTAATATTTGCAATGATACTCCGTAACTTCATGACCAACAGAGAAAGGCCAAGATGAAGTAGTTATTTTCAGGCAGGATATATCGGTGTATGCAATACCACTTGTCGCCGAGACTGGATTAGGAGGACCCGGTCTCCCAGGTCTTATCAGACATGAGCCTCAGATCATCTAAAGACAAAAGTCCATATAAGCTACATAATCCGACCGCACATTGTAACCGTTACTGCTGAGATGGTTAAAGATGATTCAATGATTGCTGGCTTTGAATGGATGCTACAGTAAGAGATACCAATCAACCCTATTTTCGAAACACACGGTACAAATGGTTGTGGAATAGGGTGTACTCGTGTTTACCTAGGAGTCCCGTCTTCCGCAGAGATGTCCGCCGTCCGGGCGCCCCACCCCCCGCATGCTGACAGCGATAGCGAATAT,833,51.86,Escherichia coli
SEQ_453736,TAAATCAGGATGGAGTAGTCTGCCGGTTCCACTTGGATGTATGACATATGCATTGCGTTCACTTCCGTGGGAGACTAAATCACT,84,45.24,Drosophila melanogaster
SEQ_626706,GGCTAGACAGTGTAGTCTGAAGGAGTTTTACTGGCTATACTAGGCCGCCCATATCTGTAGCTCACTCTACACTGCTTGCTACGGACATAACTGTGAGATCGATATACAGCTGTCCGGAACCACCGCAAATGCTCGAATGCCACAGACCGAGAGTGGTATTGGCAGCGGATTCGATAAAGCCTGACGAAGCGCGGTTCTGTTAAATCCATTTTCAGTAAATAGATTAACAGGCCCGGAAACGAGTGAGGTGCGAACAGGATCAGAAGGTTAGCACTTCGGATAAATGTTGAATAACCGGCGGGTTTATGCGAATTGGCAGTAATGGTTCAATAGACCTTGCCTACACTGATAGGAAGTATACCCAAGAATTTTAACTCACCTAATTCTGGTGGTTTCCGTCGGATGGGGTAGCGGGGGCAACTCTTATGCTAGAAACTTCTGTGTGTTTGTGTTAGTGGCCTGCCAGACTCGAAAAAAAGCGTAAGTGACGGCGGGTTCTGGTCGGAGCGCAGGTAACGTGAGAAGCAAAAACGCCCAATCGCAGCCAATATGTGTCGCATAGAAAACCTTCGCGACAGCCAC,582,48.45,Homo sapiens
SEQ_168085,TTGGGGATGGGGAGACTAGCCTTACTGGCTCCCGAAACTGGAGCCCTCCCGTTCGATTGGTAGATGAGATCCGAATCGGCAATACTGAAGCGGCCCGAGGTAACTGATGCACATTGATGTAAATGTATTGCCCAAGTTAGGAGTTCAATTGGCGTTGGAAAACTTGGGCATTATTAATATGCGTGTTATGACATGACACTAGTACGGGTCCGCGATGTCTGTGCCGCCTTTGAAAATGACAATGGTGTACTTATGTATCAAGACCCTGCTATACCCCCATTTTGTCCCAATCAGGTGGTACGGACCATACAAAGTACTCATCTCTACTCATAACAGCACGACACTGACGCACGGCTCCTAAATGTATCCGCCAACCCCTCTAGGTTATTGCGTGAGTATAAATAGCTGTTGCACTTGCATGCTTTCGCCCGCCCCGCCCCACTAGGCGACTGTCGAGTATAATTTGTCCCAGAAGAATTATAGGTACTAGCTCTGGGTAGGGTAA,505,48.32,Drosophila melanogaster
SEQ_401495,TAGTCCACGCCCTTGGAGTGTGCATAATTAATAGTTCTGTGAAGTAGGCAGTACGGCGAGACAGAGGGGTGGCCGTAGGGAAGGGCCTCCGAGATAGTGGTGGAATACCCGCTGGCTGCCGGTTCCCAGCTGGTGACCAGATAACGATTAGGGAGTATGGGAGCACATGCATGAAGCCCGGTTCTCCTAGCAGGGTATGGTAGGTCAGACAGGCGAGCCCTTCCTTGCCCTTCGAGTTTCAATTCGCATGGCCAGAGGAGAGGGAGCCGACGCGGTGAAGGTAGGGGAATCGTATGCGAGATTCGTAAACGGTTGCAAACCAAAGAGGGCAGATCCTTTCCTGAGAAAGTCTCGGGATCGACCTCCCTTCCCGCTCGCGCCAACATAGTAGCACCCGACCAGACGGGTAGTGCAACAAAACGCTGCACGCTGGTCTAATCATCTGCGGCTGCAACTCAATACGAACTAGCAAGGGCGGGTATTGGAGGTGGTAGTAGTAGCATCGGAGTTAAGCTTACTGTTATTTATGCAGATCGGTGACGCACGCCAGCCCAAAGCCGTGGCTACGGTGGTCTTCCGGACTCCGGTTCTCAATGACACAGCCGGCGCGTAGTGACAACGAGATGGTCTAAAACCTAGATACGATCTCGAATGAGTAGTTGGATCCTGTTTACAGAGCCCTGTTTGGCGTGGGAGCCAACACACTCCGGCCACACAGGGTTGCGACCATTGGGGAGAATCCTGTTAGCAGACTTGCTAGGACCGCTGCACCCGGTTGCCACGGCAACGCCATAAGCCCCATCATGCCTATACGGGCAAACACTGACAGGTA,832,55.29,Escherichia coli
SEQ_999471,GCGCTCGCGCTCCATTATCTCGGGTCCTTCTAATTAACATTTGGGCGGCTGATCGCTCATTGTTGGGCCAGAGGGGTAGCCACTACGCTACTTTAATTCACTCCCCCTTTCGGCCGACTTAGATGAGACTATTGTATTATGTGTCACCGATAGTACCACTACAACCTTAAGGCGTCGAAGTTCTCAATTCCTGACGATGATATTAGAACCACGTTTACTATAGTATCAGACGTAGCGGATCGGGGCTGCAATCCCATCACATTGGAGGTAGTCACAAACCCCGTTTCTGGTATAACGCAACATCTCTGAAATAGCTTTTCAGACTTGTTGCTATCTCACATCAAGTGTAGTCGAGGCTCCCACTGCCGACTGTGGGTGAAACCGGGGGCAAGCGGTGTGCAAGGTCGGTTCCTCCTGTCGATAGTTGGGATGTGTTCAACGCAGAATTACCTGATCACTCTATAGGTCGTGGAAAAGGAACTAGTACCGACTAACTAGGGTTGGTTAGTCGTGTGGTCCGGAGCCATATGGGAGGCTTTAATGGTCTTGGTCCACCAAATACAAATTAAAGATGAAACTCATCAATTCCCGATAGTGTGAAGTCCATTACGCTTCCTGTACTGGTTACTCACGAACCCGACATCTCAATACACGCAACCAAGGGGGCCTGGCATAATCCTTACGAGTTTGGACTTTCCTCATATCTAAACGATTGCCGCCTGCACAGATTCTCCTCCCTTTCATGAGC,748,48.13,Escherichia coli
SEQ_170612,ACTGGCGTAACCTCGGTGGTCCTATTGGTGTTCCTTGAGGTGGGTCTGATCCTGCGCTTTTGAGTATACAATGACGAGGCCGGGAATAACTAGCTTATGCCTACACTGGGTTTACACACCGCCATAGACATCAGAAAACTTCTTGCCTGGAAGGGAGACGAGGACGGACTAGGGGCAGGGTGTAGGCGATAACCCTAATCCGGAAATACGTATCTATCGGTGGCTAACAAATAACCGTGGTACGCAACCCGGGCGATGGGATTCATGCGAGGGGAAGTCCCTCAGAGAGGGGCCTGCCGATGATCTCAATAGGGGCATTTTAAAATCGAAACTCTGACCTCCCTCGAGTAAACTGGGCTGGGTGCGAGTTGGCCCTAACAATCACCAAAATGTACAGCATTGTCCTGAGTAGTAAATCCGTAGTTGCCGTAATAAGAGTCTACCGAAAAAAATCGGTAGTCCACCAAAACATCGTACGATGTCGGGTTACCGTTGTGGACTATTTAGGCTTGTTATTTGGCGCGAAAAGGTATTAGTTCTTCTACTGTACGTCAGAAAATTCTGGAACGTATCATCACCCAAACGTCGCGCACAAATTTAACGCCCAGTTTAATCTCCGTTAGTGTAGACCAGGTGAAGATCACCTCTGCTGAGGCATAGCCCGGCAAGGAAGATATAA,679,48.6,Arabidopsis thaliana
SEQ_945046,GTTGAATTCACAGCTACCATCCAGCTATATGAAACTCCCGATTGCTTTCCTGCGCGAGCACACGGCCCGGTTTACGAATGACTAACCGTTCAGTGCCGGGTCGATCGGAATTACTGACCTTAACTAGTCCTCCCGGTAAAGGTTCGTGTGTCCGCGGTCCTTCCCGGCCGGCTGACTTACTTAGATCTCAGAAGGGTCTTCGTCGCGCTGTTGATTCTGTAGGTGCTCAATACGTAGACGAACGCATACGACGTATGCAAGGAGCATCCGCGTCAGTTACTATCTGACCATTTCAAGAGAGGTGTATGGCATTTGCTT,318,51.26,Caenorhabditis elegans
SEQ_557307,CCTCTCGTGCACCGGTGGCGCAGTAAGGAAGTCAAGTGATAGACTGCCGAAGACTGGCCGAATCAAGTGTGCAGACAGGGGCAGTAATTCATTTACCCTGAGAAACGACACGCGCAGTCCTCTGAAGACCGCCATCCTTAACCTCGAATTAGCGCGACGGGTGCAGCCCAGAAGAAGCTTTACCGCTCCGAGGAGCCGATAGAACAGGCGACTCTGCATGGAGTAACGCCACCTAGTCTATACCCTTGTAGGAGAATGACCTTCAGTCGATTGAAGTATCTTGTACCTATGACGGGTTTTCATATCCGTACAAGCGCGTACGCAATGTCCGATGTTACCCGTGCCTCTCGCTTCGTAAAGGTGGGGGCTAGAACTATAGTTTCCCAAATAGAATGGTGTTTCGCATTCTCGTCATGCTCTTATTGGTATTCTCTTGTGCATGGTCAGGGAGCCACCACCGATCGAAATTCATCCACTCGTTACAATTACGGGCATCGGGGGATGTAAAATCAAACCACTCACTAGAGAATTCCCGGCTATTGTCTCTGCGC,551,50.82,Escherichia coli
SEQ_845884,GAGAATGGTTCTCACTTATACACGTCAATAATTCCCTTGCATGATCGCATTCGAATAGGTCGCCGTCTTCAGGTTACTCCGGGTTATACACATAATTAGTACGCGCCAGGATTGGCTGCCAACCATTACATCTTGCGCATATGTAGCCTGCAACTAGGGATCACCATAAGATTAGTATGAGGCTCATCAGCCGCGAGCAACAATCATCGGTTTCGACAAGATGCGGCTCAACAGCCAAAACGGTGTTCTAATACCAGTTAATGATTTGTAACGAGCTATGACATCAGCTTATCCTTACGCCGGGCACGCGGCCTCTAGCTTGAGACTGTTACGTTAGATGTGAGGAAACAAAAGCGGAATAGATAGAAAGATTGTCATGAATGCTGG,387,45.74,Escherichia coli
SEQ_153635,GCGGATCGCCATGGCATTTACCGCTATGGTCATGTAAGCAAAAGAGCCTAAACATGTACGGCATCTGCGCCTATTACTACCGGAGAAGCAGTGGCTCACGGTATTGGTCGGGCAAAGTGAGGGAAACTCTGACTGGGTGTACCAATACCACGTCAGCGGATGCCTAACCACGACCGAATTATAAGGGTAAAGTATGCGTGCAGTAGTACGTGTGCCAATGATGGATAGCCACGCCGTGTGTAAGCTATTTCATGAACTATGGGCATAGCCCTCGCCCCCGTATGGACACCAGGTGACCAAGGCAAGAACCTTCATGTGGCAACGTCGCTAACGTGCTACGTATGTAGGCCTAGGGACTCGGCCGGCATCTAGTCGGTTTTCAGCGGGTTTAAAGCAGTGGATTAGCTTAGCGGATACTTCCACTCTTACCTAGCCGTACCAGGGGTGTTCACAAAACCTCTAGTGAAGGTCGAGGTCTTTTGCCTCACCAGGAATGCCATCCACCCCCGTTCATCTCATCTTGACAGGACGGAAATAAGTGAAGTCAGCTCTCAGACGTTCCTTCTTCATGGTCGTAGTCGGCTCCTAAACGAGCGCCAACCAGGGTGTCCGTTGAGTTCTCCCGCAACACACTGTGCTGCGGTTGAGCTCGTCGCATCAGCCCTTCGATGGCGAAACGGTGGTTATCCCAAGTGGCTCATCTATCAACTTCGTCCTTAGATCATACACGCATATGTACCGATCTTGGACATTGCATGACCGTTCGTATATAGCCTGGTTAATTGGTCTGGAGCAACACTCACATTATCCAATTAAGTTCTCGTAGGTGACTGGGAACCCTTTTTTTACTCTGGATCCTCGCGCCAATTCCTCGAGTGTCTGTCTCAGGCTCTGGGTGGGCGGCAATCGTCCGACGTCGGGAGCGCGACGATGACCTTCTTGGTTGTCATCCCTTTCCCGAGATAATGGTAGTAGGGCGGTAGCGCTTCGGGTGGACTGCCACCGATAGGTGGCACGGCTATAGATAATTCAATGGCGGCCTACCACTGGTACCTGGACTCAACGCGTATAGTCAGAAAGCCACATAGCGATCTAGTCTGAACACCGTCAAACAGCTTGTTGTGTGGTCCTTAACTCGTTATCAGAAATCCAAAGCTAGGGCAGGCGCCTCTAGTATGGCGCAACCATAACAGGCTGGCCCAGCCGAGGGTGTATCTCGCCCGGATAGGCCTGCGAATCGTTACTTCCTGAGACCCCACAGCGTCATCCCACTTCCCGCGCCTATCCACTGTTGATCAGCAATTAGTAGATGGTAGATAAGCTTTTTACCCAGTGGCGCAGCACTGCCATGCCCGCCGCCCGGGTCACGACCTGCGGCAAGCTGTACTAGAATCTTCGTCAGTAAGAAAAAGCCCCTGGTCTGTTAGACTAGTCATCTCTATCAAGCGGAGTCGATCAACGCATCCCTATCAATGTATAAAGGACAGCTGCAGCGGAATTGCTAGAATCATTCCCAGTGCTAGATCCCGCGAGTCGATTAAGTCTCGCCCCGCACCTGATATGAGAAAAGCCAGCTGCGATTCCGCTAGTAGGGACGCCTAGTTCTGGCGGGTAGTAATG,1620,52.47,Saccharomyces cerevisiae
SEQ_722614,CAAAATACGCCCGATAATGTGTTTGACGATTGATTCTCATAGGTGGTAACGAAACGTCGACATGTAACTGCCCTATTCTGAGTGTTGGCCCCGGCACTAGGAGCCGACCATTGTCCTGACACCTTTATGACTGGAAATAGTCCTCTGCATATTAACGCCTCTCAGGAATCCACCCAATCCGGACCGGTTACAAAACTGCGGTCGATGTGTGCGACCGATCATATGG,226,49.12,Arabidopsis thaliana
SEQ_738734,AGTAGGGAAAGTTACAAGCCATAGTCTGTGCTATCCTAGGTTGCGACCTGGTCCATCCGGAATCGTTAGCCGCATTTCCTGGTCAATTAACGTACGCAACCTCCACTTTGATGTAGTATTAAATACCACTTGGACGCAAGCGACCGATCTCCATATGTAAAGTGCGTTATTCTCCACGGGAGTACGGACGATTAATCCGCTTAAAAGCGCCTAAGGGGGTCGAAGGTCTTCTACTCCGATCCCATAAGGGGCCCGCGTACGGTCCCAGGGGCAATCTGTATGTGTCACGCTAACTAAAGAATAAGGACCATGGCGTATCACACCCGACTACTATTGGTGTTCGGCGAATCCCTGAAAGAAGACTGACGTGAGCCGTAATCGCTGGCAGCCAACATCATAGCGGGGTGCGGTTCATTAAGAGACAATGATAGGTGTGGTCTTAAGTATTGGCCAACCGGGACTGAGATGTGCACAGCATTTTCCTCACTGGCGGATCGCCGCCCACCTCCGCTGGGTGTTAAAAAGCGATTTTAGGTTATCTTCTTACCCGTAGATGTGGCAAAATGCAAAGTCTGGGGCAGCATATCTTTTGCTCTACACTCACTTTCTTAACGGATATCTCCGGGTCTACGTGTCATATCCCCACTTTGAAGAGGCGAAATCCGACATAAACCTTGGGCCTTTCTCGTTCCGGAGAAGCTATGATTTCGACACGCAGTTATTTCTAAACGTCCCCTCGTCTACGTCTAGGTCCAATATATCGGCCGCAACCTTCTATAGTCGTCGACCATTGGACAACGTACCGGAGCGGTGAGACAGCGTGCTGACAGGTCGCCAGATAAAGTGTATTGCCAGATCAGAACGTTTTCTTAACACTAGTGAACTATTCATCCGAGACCACTCACTAAGAAGACAAGGGTGCGTATTAGCATTGTGATTACTCTTCCCGGTCCTGAGCGCTGGACTATGTAGTCGATATTCAAAATATGCGCAATTGCACAGCCGCACATATTTGCCGCACATGGACCTTAAGACGCATAATATCCGAGGCCCTTCGACGCAAAACAGATCCGTGCTACCTAAGAAGGGTGGTATCTAGGAGGTAAAAGTAAAGTCATCTTTTGGGTGTACCCGGGCCTACACTTGGGCGAGAGTATCATTATGTGCAGTGCGGTAAAGAAGCCCACGTCAGCATATGGACTTTGCGATCATCCCAATATAGCCCGTACTCCCGATTTTCTAACCACGATTAATACATAACATCTTCGCGCATGCGATTGGCGCTGACCATGGTGATCTCTAAAGTCTCAGGCGGCAATCTGGCCTTAGAATCCATGTCCCCGCATTGTCTCGTCCAACGGGGTGGTTCACTAGGGTCTATAGCGCCAAAATATTTGTCGGTAGTCCAATTGACTAGTTGGCGCTTCCTAGCGAAGACATACAATTCGGGGTTTTATTGCTCGATGAAGTAACTTAAGACTCGCACAGAGAGATGTAGGGGCACAAGTGCCGAGCCACCTATTCTTTCTGGCAAAGGCTGTTCGTTAAACCTATATTTCACCTTTGTGAATCTTACGCTATCCATTACTCAACCATAGCGGGTCCCAAAATCTCAAAGCCCATCTTATGTCCGATTTCAACGAGCCTAATCAGAAATCCCTTTTTCAGTTTCAGCGAAGCCGCCCGCTTACCCGTAACCCTTCATGACCGCCCTTTGGGAAACTCCTAAACGTCCAGCGACTCTTCGCTTGTAGTTCGGGTACAACAATGGAGATGCAAGTACGCACTCTGACTAGCCCAAATGTGAGGATCCAGAGGC,1819,48.6,Arabidopsis thaliana
SEQ_257987,GGGATTTGGACCTTTTCCATTTACACTTTGTCCCTTCCAGCTTCTAAAGGGTTTACCATGTGACTCAAATCCAGCATCGTGGGCGGAGCCAACAAATCCAAAGACCACAAGTTATCCAGAAATCCGCGTTGTTCTAGTCATTCACTTGGGTTACGATGCGTTTCCGCAAATTTAGGCTATTGGGGAAAGCCGGAACGTCAGTCTGGGCATTGGATCGGTATGACGTGCGGACCCCTGCACACCCCGTGCCTTTTATGTAATTACATTGTCCAAGTGACTATGAGCGCAATGTTCACTGAAATATTTGATTGGTAGTGTTGTTATAATATGCTCGTCTAACTAACCTCAGATGAGCCGCGTAACTACATCTAAATAAACAAGTTAGATATGTAACTGGTTAGGGTCTCTCCCAGCACGTGACGACAATGAGCATCCTACTCATTTCGCTACAGAAATTCGTATGGATTAATGGTTCTACTGTCTCGGGGCTGTCGCCCTGAGCCGATCCATTGATCACTGCCACTAACTATTAAACCGTCTGGTCCAGGACCATCAACCCCGTCGTAAGGGCCGTCGTCTGGTACCTCATACATACCAAAGTACCTCATGTCTCTTTATATTATATATCGTCAAAAGTGAAAGAAGGCGATCCAACAACTGATGACGCGAGTTTGACCCGTTATCTGACAAAGGCCGCTCGAAGGTC,706,46.03,Homo sapiens
SEQ_255996,TGGGCTCCGAAGCCGGATTTTCTCCGTCTTCATTGCCTGACGGCAAGTTGAACACCTCCTCCACTCTCTCACTTGTTTTTACGTCTTACGAGAGCTGGCTGTCCTGTATCTACCGACCTACCGCCGCGACTGCAAGACCTCGTGGCTTACTATCACCGAGAACGTGGGCATACTCAGACCGGGGTGTACTCCCCCGGGAATTTTTCTCAAAGCGATTCACGCCGGACATATTGGCTTGTGTCTATCGCCTCCGGTTCTGATTCATACAGCTTACGCATGATGACCTCATTCGAGTCTTTGCCCGTCTGGAGGACCTAACGTTACGATGACCCCGATGGAGCCGCGGCTTGGTCCCCGTTCCCATCGACCGCCTGAAGCCTGCCTGATGTGTTGTAGATTTTATATACTTAGGTCGGCCCTCATCTTAAATATACTTACACTCCATCGAGGGCTTACCCGCTTACCTGCCGTCGGGACGGCCGAGGCTCCAGAAGCCTCAGAAAGACAGTCTGTGTAAGACGTTTTCTCGTGTTCGCTACGTGGTACATGGTATTAGCAGCTACTTACTTGGGCGGTACCCGGTCGAGATAACGTATACCTCCAAACCGGTATTTCGTTATGGCGAGCCCTAGACGATGTTCCCTCGTTCAATCGAGTTCTCAATAGACAGAACGTAGTATGCGGCACGGGAATTTCCTGGTCTCGTCACGTGGCACTAGGACATGAACCGACAAGCCTTTGATCCTCAGTATCTTCGAATCGTAGCAAACTAGACCTATTGACACCAACGGTGGCACAAGGGGTGACCTTCCACCCATATCGCCTAGTGCGTATCGTGAAGAGGTGACTTGTCGTTGCAGTAGGCATGCGTCAAGTGGCTACTCCTTGAGTCTACACATT,900,52.22,Homo sapiens
SEQ_226048,GCCTGCACGCAGCTCTGTCTACTGGATCACGGTAAACAATAGGTTAAGCTAGCGTGCTATTTGAAGGACACTCGCCTCCACACCAAGCTTGGCAGGGCTTAGTTTTGTCGTATATATATAGGAAGTTTCGCTGGAGCGTTGGTGTGGAGCTTGCCTGACTTCTTCCAGTTTCCTGTACCTTAGGGATTCGCGTCCTGCAAACCCGTACGTTCAACTCCGAACAAGCGGTCCATTTAAAACGCAAAC,246,49.59,Escherichia coli
SEQ_321769,GTCATTCGCATACTTCGTCGGATTCCGAACAGGCCACGTGACACACCCACTCCGAGCGTTTCCAATCATAGAGATGCTATCGGCCTGGGCTGATTTTACCGACGTCCCATGGATACACAAACAGTGGTCACAGACTGGGACGGGTAGAGCAACTCTAGCGTAGAGACAAGCCTGGCTAGGAACTTGTCACAAATCCCGAGGTCATTCGTTAATATGTCCTTGCCGGCTCATATATGGGTGGCATGGGTGCGGGTTTCATCCGAGAAATCGAATTGCGATCCAAATATGAAATTTCTGAAAGCGGATCATGTTACGACAGGCCCTAGGAGTATAAGGGTCACAAGCGTAGTAGTTACTATATAGGGCCGGGAGCGACTTTGACTTGCATTTGATAGGTCCTCTGCCGTCATGTACAGCGATTTGTACAGCTAAGCGACTCACATAAGGTGCGGGCACTGCATTGTACCGGTCACCGGCGATGTGTTGCATCCTAGATGGGGAAAGAACTTCAAGTATGCAGTCACGCCATTCCAGACCCAAGTGGGTCATTCACATCGCCATACCGCCTCACGTGCAACATGTTCTCTTTTATTAGCTAAAGAGCGAACGATCCAGTTCCTCGAACCAGGCGGTGGTGCAGGAATAGAGGCTCTTGTAGCCACCCGATAATGGTGTCGGCGACGTCGGGGGTGTGAGAGCAAGACGGACGGCGTAGCGGCAATGCATAAAGTGTCTCATCAGCGGTTATCTACAGATATTCTGGACCTGGAAAACTCACGTCAGTGGTACGGTTAGTTCATATAAAAAGTCCTGCGTACGCCCATCCCTCACAGTAGGAAGTTGGTGAACGGACAGTACCCTCAATTAGGGGTAAGGCGTGATGTATCGGAGTCCCTATACCACCGGATTCTCTCTGTACACCAGTGCTCGGCCAGATACCCCACCACGACCGGGAGCTTGCGCGAGCTCGCAAACTTGAGCTCTAGGGCCGATAACCAGCGGTAGGACGTGAGACCAAGATTGGTGGCCCTGTACACATGTTAATCTCATTGTCTATTCCGGCAGCGGCTGTTGACCGATAGACGCCATAGTTTCGCCTGACGTACGAGAGCCCTTACGGTGTCTACGGGCATAAGTTGGAGCAAAAATAGTACGGGTATCAGACGGTCTCGTGTTCTAACAATTACGACGCTAGCTGCGTGGACCTCAATTTGAGTAAATAGGAGTCTATCTCGCAAATACAATAAGTCCTCGCTCTTTACGAAAGAATTGATAAGCCTTAACATCCGTGCAAGGAACTGACACATACTTGTATAAGTCAATTTGGTACCAAAGAGACCGACGCGCTTCCAGAACGGTGTTCACTTTGAGTCCCCAGTAATATCGAAGAGAGCCCGTGTTGATGAAAATACTGCCTTCAGGGGGGTTATTACCCAGTCCAGTCTCTGATTTGGCCACTACCAAGGTACAACAGGCGGTTCCCTTTGCTCTTTAGGTTTGGAGCTGGGCGGCAAGAGTGAGATGGGTAGGAGGTTTGGAATAATCTGGAGACTTTGGGACGTCCGTCTCGAGCAACGTTTAGAGCGCAGTTGCGCGGAGCGACTCACACGCCGCTCGTAAGCACTTCCCATCCGGATTGTATGCACATTTACGCCGTACAGAGCTATGCATAGCTGAATTGGACAGCGATGAACGAGCGCGGGTACCCGATACCGTAGGCCGAACGTCCATGTAAATACGGCAGAGGTGGCTATTTCATAGCTCTT,1766,50.79,Saccharomyces cerevisiae
SEQ_195386,GGCACGATACTTAATCCTCTGCAGTCTAGTATTCTCACACTAGGAATCGCGCCATTCACCGTGAGGTGACTACCCTTACGGGGATTCAATGATCTGAACTACCGCTCTTAGGTCCGATGGAGAATGTAAATTAGGGATAAACGCGTTCAGAACCGAGGATGAAGCTCCTGTAACCATGTATCAGCTGCCCAGTACCACGCATCAGGCCTAGCAGTGACTGCTGGCGGCCGAGCGGTTTCTTGGAAGTCCCCGGAATCCTGATGATTCCCCTGCCGGTACTTCGAGTATTATACGGAAGGCTACGGAGCTTCCTCTGCAAAGAGACTAAGTTGGGGCCCTTTCAGGAGTTTCACAGTGGCTACAAGTGTAGGGCATGAGGGCATGCCGTTTCCGGCGTTTACCAGAATACCTGAGACAGGGCGATGCGAACCTTCTGGGTGACTAGGTGAGCTAATAGTGTTTATCCTGAGGTTACAGTTGTTCCGTAAGGACGTTCTAATGGGTAGTTTGTCGGGCCCGAGACCAGCGCTGATGCTAAGCAGGAGGGCGGGGGGGCGTTGCCCGTATAACTCTTGGGTGGATCGCCGGACAATGATCCCCTACGGCGCCGATCTGGCAAGCGTATGCACAGTTTATGTGAGGTAAAAGTCAAGGATTGCCCCACGGAGCCGTGCGGAGCTGGGCTACTACTCGGGTAACGCAATATGCCGTCAGGCTGTCAAGGCGGAATCTGATTATCGTTGTGGCAGTCGCTAGATGGCCCGTCGGTTTAGGCACCATCAAAGTTAGGGATCGCCTAATACCCGTACTCACCTGATGCGGCCGGTGATCGAACTCGATAAGCTGACCCACACGTAGCAAGGTGCCTAGGGCCTATTTCGTGTAGCGTCCTTCACTTGCCCTGTGTCTACGATCTACAAGCATTCCACTCCTTAGCCGTGCTGTACAGGAGCAAGATTGATGCTCGATCTGGGGTGCAATCCGGCGTACGAAAACAACTTCTCTCTTGTTATTACTTGGTCGGCGGATCTCGGACCATTCTTTCGCATTAAATGGCCGTAAACCCGCCAGCCTTTCAACTGTTCCGTGGTATATACCTGATAACAGATCTTGAAATCGGGCGGGTGGGACAACGCGGGCGCGGATCGGCGGGTTCTGACTCCGCGCTAATTAATGCGGAGAGAGAGAGGCGTGGGTAAAACCATGGATCACCTCGTGTGCTCGGACATGCGACTCGAGCAGACGCAAGTGCCGGGGTTACGTCAAACGGTACCAAATGACTGTACCGCTGCAATGGGGATGCCACAGAGGGGTTGCATCTGTAGCATATGGTAAGTCGGAGGGTGAGCGACGCTGAATTGGCAAGGTTATCCCGACTCATTATCTTGGTGTCTTCGAGCAGCAAAAATACCGTCTTAGTCGCAGCGCGTCTATCATGGTACGGAAGTACTCGCGGGGGACGTCCACTCCGACGATTAACTGCGCGCACGACATTCTTCCACGGTGGGCTCCCACGGTTCGAAACGTTACTCTCGTTGACTGAAGGGGCGTCTAGCCAAGCTCAGCCTTTCACTGACTCCGAACATACGTGCTCCATCGGTGAGTTAGATATTTTCGCTCACATTTCACTATTTGCTTTAGTCTTATCGCCATGAGTACGTGTTTCCTTCTGGGCCTATGGATAGACCTTATGGCTGGAGTGAATTCAATTATGATTACGTGGGCGAATTACTAAAGTTATGACACGAAACGACTTTTGGCTTGCCGGCAACAACTGAGTATTATCCCGAGTTGAGTCCATCCATGTACGACCACGGTCGCGCGGTTTGTATGACACAATACCGAGCTTCAGCATCACTGCAACCGCAGAGTCGAGCCGGATGACCAAACCGAGTTTCCAGTCTCTTAGTAGCAAGAAAGCAATGAGCACTTTGGTTTAGTCTTACGCTAAATAACATGCGTTGGAAGCGAGTTGCCTACGCTCGATGG,1989,52.29,Saccharomyces cerevisiae
SEQ_847803,CAGTTAAACCTGTAGCAGCAGTCCCCCCGCTCAGCTCCCAAAGTGTATTTGACTGACGTGTAGGGATCAACGAACCGCCTTCGTTGTTCTGGATTGAACCAGGCACCGGGAAGACCGGGCCTCAGCTCTAGATGCAGAAGAGCTTTCGCGGAATCTGAATAAACGGTTAGGTGAAACAACGAGGTGGCCTCAGGCGCCGTGCAACACGCGTCACCCAATGCCCCGCAGTAGACCAACCTCGTTAGTACGTACATTATCGGCTAGATCGCTCTTCTTTAGCGCAGAGGACGGTACACGGCCTTATGGTCGGGAATCACGAGCACCCCTAGGTATGCAGGAACTAAATGCCAGCCAAGTGTTACCACGTTACCGGCCCTGGTCCGCACGTATCAACGCTATGCAGCAGTCGCCCCGTCGACCCCGCACCGATTAAAGGGAGGAGTACACAGCGACTGCGCGGCCAAGCGCGATTGACGCCAGTTTATGAAGTAAACTCAAAAGTACACAAGGACCCCTCGCTTTTCGAAGCATTAATGGCTCAACTCGGGGTATAGCGCGCCTTCGGATCAGTCCTGGGTTGAGTCGTGGCCGTCTAATCAGAAAAACCTGAGGGCGACGTGCCTGTCGAGTCTGGGGGTTGGTGGGTGCGCTTTCGCCGGCATCGAGGCGTAAAACTAAGGCGCGAATCCACGAGGGTTCACGATATCCTTCGAGGCGGCTGTCTCCAAGGTTGTAGCCCGATGTATCGTGAATACTAAGCTACTAAATTTACTCTACAGTACTGGCACTATCTGTCTGGCTTACTCGGGCGTCTCGCTTTTTCGACAGTCACGGTATGTCCACGTGCGCGCCTAGAGTGATCTGTTATTTCGACTACTCTAATCACGAGGTTGGTAGTCTTATGCGGCGAATTCTGCTGGTGTTAATGTACCTAGACCGCGACCATTTGCTATCCAAAATTGAGTCTCTATCGTAGGCGGCTAGTTTTACAGCGTTTATCGCGCGGACAGATACGCTCACTTAGATTTCGCAAAAAGCGTCAACGCGCGGCGCGGCGCCCCGTTAAATGAGTTGTGCGGGGGCTCTATAGTAGGCTATTAGTGTCCCGTAGCGACGCAAGAAGCTCTCCTTACGCCCGGATTCTAGTTGGGGGATTGTTTGAATCTGCTCCGTGATAACTGCCCACGGCGGGAACTGAGATCAAACTGTGGTAGATCCGAGGAGTTTGTTGAATAATGTAGTGCGTCATGTATTGGTCTCCTGGACGGGACTCCGGCGGATGCTTATAAGTAATCCTGGGCTGGGCCACTTCCGGGGGCCCATCAGTTTCCCCTATGGTTGAGATGTAATCTGGTCCCCGCTCGTCCTCGATGTCCAGAGAAGTTGCACAGCGCAAAAGCCCTCCGTATAAGTCATTGCAGCCACAACTTTGAGACTATGTCTACCAGCCAACTTCTTATTTGGACCGAACTAAACGTCGCTGGCTTCCGCAAGATAGAGAAAGTCCATGCTGTCTCCTTAACTAGTTTCTTGGTTGAGACAAAGCGACTTATACACAAGGAGCAAAGCATAGACCTAATTATATTATATCGACTACGACAACCCTATGAGGTTATCATTAGTATGGGTGCCGGATTGACCGTGCGGTGCTAGGATGAAGGACGGGTCATTGCTTTCTACCATGTCTACAACCCCATCTCGTGGGGTCTCTTCTCTATTGACGACCTTCACTGAAG,1736,52.07,Mus musculus
SEQ_952241,TTCCGGGAGAATTGCACTGGCCGACTGTTTAGCCGTCCTCTAAGGATTGCCTGTTTGTAGATCCAAACGTAGCGGCAGGTTTGTGTTTTGCCGCGCTCTAGCGCGACGATGAGGGGCTACGAGCTCGGCCTACATGGTGCTTAGTCCGAATTAAGCTAGTACATACAGGCCCCCGGTATTGTGGGAGTACTGCCGTTCTGATCGTAGCCGCTATGGTTCTCTGAACTGTTATGTGCTAATGGTCATTCGCTTAGAGTGATCTATCCCTTGTCCTTGGGAAGGTTTCGAACCCATTTCACCATGCACCAGTATCGTATGCCGAAGAGTATCACGGGCTTCCGATACCTCCGGCATATGGTGAGCCAAAACGATTGAGGTGCCAAGCTCGATCTACTCTTGGCCGACGTTCCACCTACTGGGGCCCGCCAAGTTACGCTGAAAATGGGTGGCGCAATATAGCTCCCTTGCCGCCGATGTAAAATCATTCCGTTTATTATCTGGATATTACTGAAAAATTCACACTTCTTGTATCAGAGTAGCCGATCCCTAGAACATTCTGGTTGGAATTATGCTATCTTTCTCGCTGGTCAAAGTTTATACTCCATGGACTTGGGTCTGCGCGTACGATACTAATACTTCTTGCCGTTCCATCCGTTCATTAAAAGATCGGTAGATTTTCAAGAACGGAATGTTTGGCGGCTGCTACCGCGTGGTGTTAGCACACTGACCAGACGCATGCGTCGAATACGTTAGTTTGAAGACGTCGCTAGTATGACCGTGAGTAAGCGTTCACAGTATACTGAACCTTAGCACGGGGTAGGTGTCTGGAATGAATTGCATTGCCGGCTGCGCCTAGGGTAGGAGCTGGGTGCTTAACTACGCGGCCAACGGTAGGTCCGCCGCCGACTTAGGTGGAATGGAGGAACGGGAATAGAGCATCCGGATGGGAAGAGCGTCGAGGCCACATTTATGTGCCTGAGGCAGTGCCGTTGGGACCGGGCTGGGCTCGATAAAACAAATGCATGCACCTTCAAGACTAGATATGCGAGCATACTCATTCTGAATGAGCTAGGTTATTTTTCTTTGGGTGAACTTCCGGCAATATGCCTCCTTTTCGGCACTTAATCCGATAATTGACGCCCGCACTCGGACGTGCGATTATGGGCTTAACTTTACCGCCAAAGTTAGCATGATAACAGAATAGATCGCGGATATACAC,1219,49.88,Caenorhabditis elegans
SEQ_263118,AGGCCGCAAGTGAACTCAGTCGGCAAGCTTATCAAGCGTGCTTCGTAATCTAGCAGCACCTACGTATCGGGAACGAACACGTCGGCGAGCTCAGTCTATCATATAGGTAGCAGCCATCCCCACCGATGCGCTAATTGAGCTACGAAACTACATCATTCCTACGAATACCGCAAGTGATGCGAACAATGCAGTCCAGAATGCTAGCCACATTGCCAGGTCACTGTGTGATGGTTAGCCCATCAAAAGTCCCAATGCATAAAAAGTTTTCACCCTTACCGGCAACCAATGGGACACCGTTTATAACCCCACTATAATACCGCGCGCTGCCGACCTACAATCAGGACGCCTACTTTGTAGTGCGCCAAGTGACTGGCCGCTACTATCCCGTTTGGATACGCCCCTGAGCCCGCACCTACCACAAATTAGATAACATCCAATTCCCGAGAGAAGAGTCAATTATGCTGGTCGAGCACGCACAGGTGGCCCATGTGACTAGTTTGATGCCCCTCGGTATCGGCCATACGTCCATGTATCCACTAACATAAAAAATGGCTCGTCGAAACACAACAATGCTGGATTGTGAGGTTCGTCCGGGACCTATCCGCCGATCCAGGGCTCGCCAGTACCGGTCTGCTCTTAGGGCCACACGATATCGGGCACGAACATCCGTCTAGCCTGCTATTCAGTCTAGTGGATCTTTCCTTACGCACCTAATTTAGGCCATGAACGCTTCTTCGTATACTAACGAGAGTTCAGTCTTTGATTAAGTGCGATGTTTAAAGTACGGAAGGTGCGGTTACTTGCCCGATTTAGGGGCAAGAGCGCCTCTCTGCTTCTGTATAAATCAAGAAGCCGCAGATTCGCGACCCAAACGGGCAATACGTACACTCGGAACGCGGAGGTATCCGCGATGGGCCTCTACGCGGATGCACCAAGCCGCCCCCATTTGTCACCGGAAGACACAATAAGGTGGAATCTAGCGTGGTTACAATTCGCAAGTACAACACCCTTGCGGATGATCACACTCAGGGGCAGCTTTCCACGTCTTCGCGGGACGCGATTCCGATGAAATAATTTCCCCGCCAAAGACAACGGCACAGTCGACGCAGCCGGCGGATCAGGTCTACCCTACATGATACCTGTGCTCCAGATTAGGACCGTGACCAGCACAATGTCAATCCATCCTGCACGCTGGTCCCAAAATATGAAATCACGGCCTATCCCGCAACGAAAGCGATACTCATCGTTCTAATATATTAGCAGCGCTCTATGTTTTACTGAAGCGCTACCTGATTTAATCGTGACTCGAAATAGGAATTGGGGCAGACTGACCTGTAGATAG,1342,50.97,Saccharomyces cerevisiae
SEQ_603315,GGCGACAAGGCTTCCCGCACGCAACATTTATGAACAGTGGTAGGGGACCAAACTCAGCAACTTTTACATTGAAAGGCAACGACGGCATGTCATCCCAAAGGACGAGGTGTTAATATATTAATGTTGCCTCAGCAAATTCATCGTCACATGACTGCCAAATCTACAGGATAGCTCAGTAACGTACCATCAACGTCATATTTTTCACCCATGAGTTCGTTTAGGTTAAGACGGCACGCTTATGTAACGTAGCCTGGGCATCCCACCGTTCGAAGGGCCGGGTCATGCAGACCCGCGAACGGCTCCGTATTGCCCCAATGGCTTTCCGTAGCCTTATCGCCACCGAAGAACTGTAATTGCCGGTTTATAAGACCCTTTATAATACAGTGGCCAATTGCTGATCCCCGAACACGTATGTCTGTCGCCGAGTATCGAGTCACAGTGAGTTTAACTGCCTGAGCATCCGGCCTTTCCTTGAAATCGAGGATGTCTGCAAAAACCGCTAGGTTCGTTAATCAGTATCAATGCGCCCGATTAAGCACGTTCTTGGATGATAGGTCCGCCTTAAGAGGAACACCGACCCCGAGTGCAAGACTGCTAGTTAGCGGCGAACACGTACTAGGCTGGTGACGCGGCTCAGCAATCGGTCGATATTGCGCGCGTGTGACCGGTCTGAACGGTGTTAGACTTCACCTGTAAGTACGTCTGGGCACTGGTTTGGCAGAGAGTGGACGGCGTATTAGACGATGCGCGTACAAAA,757,50.46,Mus musculus
SEQ_538843,TTTTCCGAGCATTGCCCAGTGTGTACCTGCCGTTTGATCCAATTCATCATGGATGCTAAGGAACACTTACCGACTTGACATTACTGGTAGCTTACCCGCTAAGGTATAAGGATATATCGAGACTTCCTCAGTCTTTAGTCCTCCGATTTGCCCTTATATAGTCTAAATGATAGCTGGGCGTTCCCTCATCGCCGACATATCTCGGAACCGATATTGTTTGAGCGCCGTGTCCACAACTCTACCTTAAGTAATTGAGGGTGAGCGCCTTTTACTGCGAGTTTTCGAAAACGGGCGCTGTCAATCTAGAATGTTCCTTATGTTTATACTACTGACTTGTCAGGCAGGTGACCGTTCGGAACCCGTCGAATCTGCTTGACTTCCATTTTTCCATCCGGATCCTCTCGTCTCCCCAATCGGGTGTTAATCTATGAGAACTATGATGCAGTTGGGATACAGACAGAATCCGCTGTCGGCCGGGGTATCCGGCCCTGTGTCGACGCAGCTCGAGCGCAACCTGCCCTAAATCCAGCCCCTATTTTAGCCAACGGTGCGATTCGCTCAGTTATGGATAGGCTACCGACCAACCGTCTATTCCGGGTTACACCGGTCTAAGAGGGATACTTTGCCGTCTCAGCCATCACGGAAGCATACTGACTCTACAAATGTCAACACAAGTAGGAAATCCAATGTCTTCAGACAAGTCGAAAGCACCCCTATAGATTTATGTCCACAGTCATAGTTGCCCTGGTTTGCATACCGCAGATATTGTTACTACGGACCTGGGGCACAGGGCTTGACTAACGAGTGACCCGTTTACCGCCTGGCCCCCTGAGACGTTAAAGTATGAGTAAAGGTGTATCGGGCACATACCCGATATTCGCCCTCTCCCTCTGCAGATACGACCACGGCGCTAGCAAAGAGGCGCCCAATAGCCGCTGCACATGATGCGAAAAGGGCCAAGCTATAAATTCCTCCCGGTAATTGGCAGGAAGCAGGCGTCTCAGCCAAATCTCACGTGGGCCCCGTCGCTGTTTCGCGTCAAGAGGTATCGTAAGAATAAATAAGTTATCAGATGTGTGTGGCGTCGGTTTAAGTTCTCTGCGGGAGGGCAACGGTATTTCGCGTGTCCGGAAGTGGAAGCACCGTGTGTACCCACTCGCAGAACATCTGGCGTGTTGTCAGCTCGGTACCACGTGCTCCAAACCGCAGTCTGAGTGTAAATTCGACTCCGCTATTCAGACTCTAACCAAGTTATTGTTTAGTAGTTGGTCTGGCAAGATCAACAATAATTTCGAAATGCAATGGATCTTAACTCACGAGCATGCACCTTGCCCACGTTAGCGGGCTCATGTGGCCAGTCTTATAGGGCGCGTTGCGTGGTCGCTGGAGTTCCATTTGTGTGCACACATCAACGTCGAGCTTATTGGAATCTTGTCACATCGGGGGTGATGCCAGTGCCTCCATTTTGAACGACATGTCTGCACGCCGCTTCGTCTCTGATACAGATCGCGTCTGGTGGGAGATCGACTAGAGCTGC,1537,50.42,Homo sapiens
SEQ_427496,ACCCCGCATAGGCCTCAATTGCCACACGCTCTGAGATAGTTTGCTAATCGATTAGTCACAGGGGAAGCATTCGACCTAAAAAGGTAGGCCAAAAAGGTAGCTGACATCTTAGATCGCGGATAGGTACCGGAATCGAACTTAATTAGGGCCCCATCATCCGTACCTAACAGACGTTGAGACGCTTCGGGACGTCTCAGGGTGGTCAACCACCTGGGGAATCGCGTATTGCGTAACGTCGACATTTTACGAGGCTTTCTTTCCGAATGACAAAATCCTTTAGGTGAGCCATAAGAATTTGCGCGCCTCCGCTACGGCCAATCACGATCGACACCTTCTGCTGTGTGGGTTTCCCCGAGTGCAGTTGTGCCGAGAGCTGCCATTTCTCGAATGGGTAGGACCTCTTCTGAAAGGTTGTCTACTCGCACTTTCAAACCAATTATATCGCGCAAAGTAGGGCATATAACGAGGGCGCATGGATGCTGGGAGCGGTGCCAAGACTGACGTTCAGGGTGCAAGCGACTACGCAATAATCTGACTGCTACAACCACTGACACAAATTACGTAGTGAAGGCGGTTACAGGCATGAACCTGCCAGCGCACCGAGTGCGGGTACGTCAGCTAAACCTAAGCTCCAAGTTTGACACTGTCGCGAACTAGAGCCTGCATATTATGGCTACGGCGGCTGAATTGGCAACCCGAAACCGGCTAGAACATAGTCCACCGAACCTCGCACTGTAAGAACTGAGGAAGCTGAAGACTTCCACAACTTGTGTGCCGCCTGAGCTACCTTTATGTGGCGGACTTTATGGATTGGCCGTAGGTCACGCGAAGAAGGGCCACAACCTTCGATTTGTCAATGTATTATGCCACTCGTCACCCCCTCGCGGGTGCATACTCGAATCTACTGGCCTCAGCAACTGGAAAGGGATCTGTAAGGATCTCTCCCTCCTGAATCGTCTAGCAGATTGCGGCTGAGCAGGTCAGAGTCGTGCAGCCCGTTAGTACTGCACTGGCAGGCCCCAAAAGACATAGAAATAGCGTTCAAGTC,1048,51.72,Caenorhabditis elegans
SEQ_102828,ACGATTTGCATGTGTTAGGGGACCACAGTCGCCCATGCGTTCGTCTTTAAAGAATCAGCTCGCGTGAGTATCCCCTATGTGCGATACTAAGCCGACCAGACAAGTCATTTCTAAGCAACGTCGACACCACGTAAGAACGCACGTATATGTTGAGCTTCTTCCCACGTCACCTCTCGGAATGCCCGGTCTTACACCTCACCTTGATACATCAATTCTCCACATCGGCCGTCATCATCGGGTGACCATTACTGGGAGATCGGACAACATGCATCCTCAAACATCTTCGTACATCGCTCATTCTTCACAATAAACCACGATATCTGCCGTCGCACACGATACATAATGGAAAAAAGTGTAAGGTAGTAACACAGAGTCTCTTTCAGCTGACGTCAACTTGCCCCGTTTCCGGTGAGGCGAGGAGGCTCCTTGCATCCGGGGTATGACGTGACCGGACGCTCGTCTTGTGCAGTCGCTCGTGTCTTGCGCGGCCCTTCGTAGGAGTCTATCCTCCGTTCGCCATTGGCCGCGTTTCTCTTGCGATGAGAACCAAATGGCCTAGTATGGTATCAACGCAGCTATTGAAGTAGTGGTAGTTGATAACAACTGATCGGCCTGTTGGGGTGCTTTTTCCAGTCAAACGCTGTCGACTTTCCTTATAGTGTTGCTAACCGCGGAGAGAGCCCAGTCATGGCGAGCGCAATGCCGGGTTGAGGATTCGCGACCTGGGAGGGGTGCGGGAGGCAGCTTGTCGGCGAATTTTGGAGGGGTCAAGGCCGGGAGCAACACAGCTCACCGGGCGACTACAGGCTCTTGACAAATTATGGAAGAGTTTGGACTTTACTTACCCAGTAAGTTGACCTGTGCGGACTAGTCCCGTGATCTTGGTGACACGCTTCTGCCTGCTGGTGATGTAGTTTTGGAGTCTGTAACTAGCAACATGGCTGGGAGCCGCACCGTTATATAGACGGAAAGCATACACGGGTGATCGTTCCATATGGCAACAGGCCTATCCTGGCCTCAGGGCTTCCCCCGGTCGAGTATTTCAGGGCTCGACCAGAGAATTGGCAGGACCATGTTGCTGATCCAGACAACACATTTTTTCCGGTTACTGCTAGGATTTTCGGGGGGGCGTAGTCCTTCTATCCACCCGCCCGCTTCGGGAGTGTTACCGATTAATGACGTTACTGGTTCGGTTACACAGATTGGGTAGATCCCTACTTGACTTTGGCAGGATTACTACAGAGATTAAACCCACATTAGTGCTTTCCGACGCAAAAAACTTTTAACTGGCTCGCTCTTAGCTGTTTAGACCACTCCCCAACTCTCCATGGGAAACGCCCCACCCTGGGTGTTAATTTTAATGTATGTTAATGGGTCGTTAGACTTCACTCAAAGAACTGTCGGATAAGCATCTCGAGCCTTATAGCATGGAATGCTGGATTACCGTCTATTTCTGTCTAGCTTGAGTGATGGACTATGAAATGGCGTATCCAGATGGGGCAGTTGAGATGTATTTCAGGCTACTTTGTCGGGTGTATTCGCTGTCGCAAGTCTCTACTACTTTGACCATAAACGTTATGACTACCCACATCAACTCCTCCGGGTAAATCATAAGCCCTAAAGAATATCGGCCCTCGCTATCATTGTGAGATTGGCGTTGTACGCTGAGAATTCTGGTCCTCTCAACTCCCGGGTTGACCTCCCTGTGATACTGAAACAACCGCCTCTAAGGCTCTAGGTTTGTCATGGAGAGCGTTAG,1759,50.31,Homo sapiens
SEQ_362877,ATTGACAGTTGTAGAAGAATGAGAACCAGGTGAAGGGGACTAATAAACAATGTGCTGGTGGCTATACACTCGTGCCGGCCCGACCTTCGCAGCGTATACGCGGGGCTCATTCTAACCTTCAACAACTACCTGCTTATACCTCCTGGATTCACTCCGCCCCCCGGCACGGAAGGCAACGAGTCCCTAGCAAGATTGGTTGAAGCGGGCATGACAAAGTCCCTGTTTGGACTGCTCAACTATCGTCGCTTTTCCCCGGTCCATGAAACTGTCTACCGATTAGTCATTGTTTCAATAGCTGCTGGCTGGGTTGTAGGAATCTGTCCTCGTGGGCGAGGACGCGGCCGAGGGACCCTGGGACCCCCCGGGCGACATTTGATACCAAGGAACCATGGTGCCTAACGCTATGCAGTTTATATTGTTACCCATCTGTCGACTCCGCCTGGCTATTAGCTCTACCGGTTTATACTATCTCTCCATGGCGTAGAGCAGATGGCTCACAATTGCCGA,507,52.86,Saccharomyces cerevisiae
SEQ_988770,GTGAACTTAGTGAAGCATACCTTACCGGGCTAACGACTATCAAAGCATCCAGTGTGTTAAACGGCTCACAGCTCTCCTGTCAGCGTAGGCTCCTGAATCGTTCGCCGAACCAATTGACGAATTTCCCATCGGGTCCCTACGGGCAGGAGACGAGCACCGTCGCCCGGTCGCTGTCATGTCCTAGATCGTCGTAACGTACGTCGAGAGAGTGGCTGATTCTGTTTAGTGGCGTCGAGGGCAAATCACTCTCTACACCGAGCCGCGGCGCTAACGCGTCGCTGGAACTTACTCGCAATTCATCGTTAAGTTCCGGACCATTTGAAGCAGACGGAAGATGTCAATCGATCTTAGTGTTACAAATCAGGCACTCTGCCCCCCCGCGCTGGACGACTTCCTAGGCTTTAGATTCTCTCATCGTGGAAGGGAGCCAATGTGTTGGAAAGGACGTGGGCCTGTCGTTCGGACGAATGTGCCTAATAGAATTGTATCGTACTTCAACTCCCTATTCACTAGTGGAGGTCGCGTCACAGGCCGCCAAGCATCATTACGACCTACACTGTTGTATCTAACCACGCATGTTAAGCCTAGCATCAAATGCGCGAGACTTAAGAATTCGGGTCCGGATCTTTCACTGCCCACTCATGGCGGCACTTTCCTAATCAAGCCTGGACGGATCCCGCAGCGAAGCGTATGCGGATAAAAGTACAAAAACGTCGCGTAACTACTCGCTAGCGAAAAGCACAGTTCGGATGGTAATAGCGTCTGAGTATCTTCTTTGACTACCGTAACACCTAGAAGATGTAACGTTGAGGGCAGCTCAGAGGATACGGGACTCTACATTATAACTCGTGATGCAGTTCGGAAGTGTCAGTCGGTGCCCGCCTTAGCCACGTTCTCCTGCTTGCCGACGCACGTAAATCTTCAAGCGGAAACGAGTCAGGATCGGGTCGGCACAATTGCGTCGCCGTACAATCTAAGTTAGCCAGTCCGCTTACTTCCCGCACCCGATCCGAAACTCGCATATGCAGATCTCTGTACCGTTCCTTGGCTTATGGCCTGTCCGTAGCTTAGGCAAAGATAATCCTAGCTAATTAATCAACCCGCGTAGTATGGGGAATCAGAACTATGGTGTATATTCGTGCCTCACCTTGTCCCCTATCGTCTCTTGCCCCTGGGGTTTCACTTATATCTCTACCATGTCCCACGTTCTTTTGAGCTGCGTTAGTGAAGGACAGTCGTGACCGCTAACGAGCAACATTAACTTGGGATCCTAAGATCCCAAAGCGTCTAGTTCAGAATGATCTGGGCAAGAGAGTACAGAGGTCGTGACGAAGTAACGCGAGCAATGCATGCGTCATCGGCTAGGCAAAGTGGCCTAAAGACGATTACCTCCGCTACCTGAGCTAAATAAAAGCTCTAGTTGTATACCTTATATGGAACAATGCCATGGCACATATTACCCAAACACCTGACCAAATCAAGGGTCGATCATCTTCCAATGGCCCGTTCCAAAGCTTGCTACTCGGACAGAGGACCAGACTACGTATTTGGGTAACCTGAATTGGTTACATAGAACTTCGGACGATTACGAAGAGGACCGCCTCATTTATACACGGAACCTGATAGCTCATAAAGGGACAGCTCGATAAACTTAGGGCAGAAAATTGGCTTCAGTCCCATATCAACAGCGGTTGTTACGTAACGTCGCCCTGAACGGACGTGTGTTGGGCTCTATACCGCTAATACCGAGTTCGAGTCTCGGTGATGAGGTAGGGTCTTTGG,1782,50.17,Drosophila melanogaster
SEQ_671688,TAGTCTCCGTCCTGACGTAATTCATACCCCGAGAATTAAAACCCCCGTTGACAGACTCTCCATATGGAGAGCGCCAACACCCCCGATGATTTGCACTCTGGGCGCAAGGACGTCTACCGCAGGTCGGGTTACGGTCAATGATTAGAGTTTGGAGAAACTCGGTTCGACTTTTGAGGGCGTAGCTGCGGACGTTTAAAGTTAGTTCTAAGTAGCGACGACCACCGGAGGCGAGTCCGCAACAATTCATAACGCTTGAACAGCGTAGTACGGACAAGGTACGACAAATCCCGCACCTGTCGTCCGATGGAAGGTCCGGCGAACCCGCACGCGGACAAAAACAATTCGATCAATCCGGATGCTTTGGCTACTCACCGACCGACTTGCAACTGTGGAAGTTCAGATGCTAGAGAGGCGCGTTCTTGGTCCTAGTTGCGTATCTCCCATCCGAGACAGGGATTCACTCTTAACCGTAGCGCTCTCCCACCTGAGTCAGAAAGAAGTTGCGTGAACGCAGGACGCACTGAATCCCGGTAGCCAGCATAGCTTTTGCTGCAGCGACTTTTTTCAACAAGAGGCTCGTTCTAAACTTATCCACTATAAGGTGCGGCTTACATTACACGGGAAATGGCTTAGAGCTCCTACAAATTGAGCTATAGCGCATTAGAAAATTACAGTACAGTGTGTACTGGCAATGATATAGATTTACGCAGAACTGAAGCCGCTATGCTACATTTGGGCCTACATCGAAATCCCCCCGATGCGCGGGTAGATACGCTACCTTAACCATGATAACTGCAGGATTAAGTAATGCGATACACCGCGCAGCTAAGCTCGCTGGTAATGCGGTTCAGATCCATTCGAACACACACCCCTGGGCCGTGTTCATTACTCATGGGGAGCTTACTGTTGTAGTACGCGGGAGCGTAGGGAGTACGCGGGGGGACGGTGATAATAATTGCTGATCGGTCGAGCGACGTGCGTATAG,985,51.07,Homo sapiens
SEQ_746306,GCCCATATGCGCTTGTTCAGCTGTTTGCGAGCCCCCACACGCCGGTCAACTGATTATGGTTTGCATGGTAGAATAAGATTACATGACACTGGCCAGAGAGGGCGATCCTCGGACAAAGAAAAGAGTCGGCAGTGAGCGAAGACCCAAGAGCGTCCGTGTTCAGTTGATCAAGACGCCCATGGACCTACGGTAACTAAAGTCGGGTGCACCTCGATTAGCTGGGTCAATATTTCAAGAACCGGAGGTACAGAGAGCCGATCCAAGCTAAATATGATTTCCTGTGATCCTATAGACGTTACCGAGCAGTAATTCCTCACGCAGCCGCCTTCCTATGATACCAATCGAACAAGATTACCAAATAAAAGTACAGACGCCGAGTTGTGCTGTGGGGCTAGACTTATTTGAGTTCATTAGTAGTCCGTTGTCCCAAATGAACCGTGCTCGCCTGATTATAGGTTGAAATAGCGCTAGTGATGCTGTATCGCTGACGGCTCGCACGGTAAACCTACCTTCGTACACGCGTCGCAGCCTCGAACGTCGGACGAGAAGGGAGTGGGTGATTAGATGATCGACTCGGTGTTTGATGGACAATGAGGCTGCTTTTTGTGCCGTATGATATGTCTAGGCGGGACTCTCGTTTCAGTATCATCAAGCGCCAAATCTACCTCGTTCTAATTCGAGTGCCCACGGCATTTCCCCGCGGCAGGAATAAGACCCGCCTGTCTACTTCCCGGGCCGTGAACGGAACCCCCTCCGATGCTACTCATGTCATTACTGCGTTGGCTTCGGTTTTCCGATGTGAGCGTCACGGCTAAATTA,819,50.79,Caenorhabditis elegans
SEQ_321022,CCGCTTCCGGTCTAGCGCCAGAAGGAGATAATAAATAATCGAATTGGTTCCGCATCGGGGACCTCCGTTAGACATGAGAATCTCGTAGAGAGAGTGCGGCCACGCTGGTGGCTCTCGAGGGCAGTGCTAGTTTATAAACTGTCCGCATTATAAGTACGCGGGCTGCAAGTGTGTCAAAGACTCGGCATGGTAATCATATTAAATTCCCTTCCCTGTACGACGTCCCCGTGTTCAGTTGATCCTCCTGACATCAGAGTGCGTATCAGGCTACCTAAAAATCGTGGCGAGTCACAATATATTCGCGTGTCTGCTATTGGACATATCAGCCGGCGGAATGACCTCCATCCAGATACTGCGGTCTCGGTTAACCCTAGCCGCCCGTCAAAATCATATCACATGACAACAATATGTATAGAAGTACGTCCCGTTGCTACGTGGCTACGATGCATCCACGCGGCTGTCAGACGGATTAAGCCTCAAGTCGACTGGAGCAGGTTCCACGGGTGCGTGAAAATGGGTAAAAATGTTTTCATATAGATTTCAGGCCGTCTAGCACCGGCAGACGCCTTCCCCCACGAGTACCCTGTAGCTGATAATAGACGTGAGTTTTAAGCCTGGTCGTCCATGCTGTCTATGAAAAGGAGTGAGGTAAGTTGATGTTTATGCTATCGAACACTGGGACGGTTAATTAAACCTCAAAATCGATTGCGTTCGCTCACGCAAACTCATGCCGGTCCTGTCAACTCATAGTATTTCACCAAAGGGCAAAGCTTACCGGCCCACGCAAATAACGCCACCTCGAATTTCCGCGATCGGTATAGTTTGATAGCCTCTATCACACTACGGCGTACTGATTAGGACGAACACCCCGCAGGCCGGTTTGTGCATTGGTACGAAGGTGCTATGTGGAACGCAAGAATCCTGCTACATCTTCCTGTAACTGAGTTTTCAAGTTGTCGCCTTAGAAAATCTAGCGATGGTACGCACGTCAGTACAAAGGCCACATATGCTGGCCAATGGGTCGGGTGTGAGTTCCGCCATCCATAGTATAAATATCCCGCTCTTCCACCCTATCGGCTAATCGAATGCAATTTGTACTACGCGGAATATCTGAGGCGGTCAGGGTCTAGAGCGCGACGCCACCCGCGATAGAGCCCTATCACCTAGTGGCTCGTTGATGCGGCCCGTGTTCAGCGCTAAGAAAAGGGACTAGTCAGATATAACATATAGAAGCTTTTAACCTGGATCCGCCTACTATAGACTAATGGCTGTCTCTTATCGACAGTAATTACCCACAGCCAACGTGAAACACCACTGAAAACGTGCTGTAATCAGTGAGTAACACGCTGACAGCCTGTCGAATGCACACAATGAGGAGATTCACGTGAACATTAGCCGGTTCTGGTTGCATGGATCCCTGATCGCTTAAAGGGGTAGATTGTAAATGTCCAGTCCACGGAGGCTGCCACAGAACATACCTTTTGATTAATCTAAGTCCGCCGTCATTATCATACCACGACCGCTTACAGAGGATTGGAAGCATACGCAAACGCGGACTCGAAAGTACCCTGGGA,1574,49.24,Saccharomyces cerevisiae
SEQ_764042,CCGCTCAACTTGTGGATCGTTAAGGCCTACCTTACCCGATGTCAGTTGATGCATATATTTCGCGGCGCAGCACGTGCGTTAGCGTTGGACATATTTAAGATAGGGATAACGGGAAGTCTAGCGCACATCAAGACTTCTACGATAGATAATCTATGGTATACAAAGTGTAGTAGCATGCTGACATGTGAATAGCGTAAAAGAGACATTTCCCTATTTCTCATATTCTTTCGGATCCCATAGACTGCCAACGCCGTCGACCCGACTCGACAACCTTTTCCTCTAGGAATCGCAAGCGAGTAATTACCCTTTCCCGGCAGTGAGTTAGTGTTTACCGTTCATGGGGTGATACAGCCCTCAACACAGACGTGCGACGGCACTGGCACTGGGAGTCCACACCGTAGATACTGGCACACAAATGGTACGCCGACCTAGCACTTTGGTGACACCCCGAGACCAGTACACGTGGTAGCATAAACGCACGTACAGGTAGAGATGCGTGAGATCATCAACCAGGCGAAAAATTGCCGCAAGAGTTACAGAGTGTGTGAGTGGCTGATCGAGCATGGTCGCATGTGCTCGCAAGATGTTGATGCTCACGGACAGTAATGAAGTTGGCCAATGTCGTCGCCGGGAAGATGCTCATAAATTCATAAGGAAACCTTTGAGAACTCCAAGAGCCGATCTCCAGTCTCCGTGCCAAGCGGTATGACATTCATACCATTTCTTAACTAATTGATTAGGAGTACAAGCACCCCGCAGCTCTTTGCAGTATGTTAACATGTAATGTAATGTACAGTCCACTGGACGCCTCCGAGACTCCGTGCTAGTAGAGGAGGTCTGATACGTGCTATTGTGAAATAAGTAATGCAGCTGTACGGAGCGAGCAGTTTAAAAGACCGGGGGCTACAGCCACGCTGAGCGTGAGAACTCACCACTGCTAGAATAACCGGCGTATCCATGCGACGCTACGGTCATGGCACAGAACTTCCGACCATAATCGAGCAACGGGCGTGATGGCTAACAACACTCACGGAACCGTTGGTAAGCTCAAGATAGATATGATGTCGCTTAGGCACTAGTTCTCAGCGTCACCTCACGCCTGAGTGTTGGCAGTAAGCTCTTTTCGATATTGCTACGCTCCTTAACGGCTCGC,1153,49.35,Saccharomyces cerevisiae
SEQ_874395,TTTGGACTTGCAAAGTCCTTCTGAGGTAACCACAAACCCTGGGACTTGTCCAGGCAGACGTGTGGGCTTCGTGAGCTACCCCCACCGTGCGTCATGCAGTAGCTGGAGCTTGCATCTTATTGGGCGCATGTGCTACAATTGGTCCCGCCTAATCTATCGCCCTGGATTACATCACCGGCTTAAATGGTCATTGGGGAATGAAAATGCTGTGTCCGCCGTCATCTACGATCAAGATCCTGTTAGTGAGACTGCACGCATCGGAGGGAGGCGCATAGATGCACGCAACGGACCGTAGAATATCCAATTGCATAAGGTGTTCCTAAAGTGAAGAACAAGCGATGCAAGAATCGATCATAAAACGTCCGGCAGTAGATGGATCCTCCGACGTGCCATGGGTCTGTCGGGCATCAGGTACATCTGTGTGCCGGACGAGCCCGGACATGATTGAAGCCGCACTCTAAAGCGGCAATCATACGAGTAGCTATGGTACTGCACAGGGTCACGTTCTGGCTGCCATCCTGGATCGTGGTCTACCATGCGCTTTCTGTACATCTCAGCGCGTCGTTCTGTTAGTCCATAAGTCCCCGGTGAGTTGACCAACCCGTTTATATAAAGAGATGGTAGATCCTTGGCTTCCCGAACAGTGCCGTTATCCACATTTGAAATCTGCCAAGGATCTTTTCGCCTCGGGCACGTCTCGGGGCACTAAAGAGGCTGTTTGATTTAGTTAAGGGTTCCAATCGCCCAGCTCTTTCCATATGCGCCTCCGTCTCACATTACCAATTTTTTGTGTACGGTTACTCTTTCTTAGTAGACGCCATGGAGATAAGTGGAATTTGCCTGATATGATAACACTCTCTCTTCATATCAGAAGTTTATTAAAGTAATCTCTGTTTGGCTCCAGGACGAAATAATCGGTGCAAGGGAATGCTTTCCGAACCCGCGTATGTTTTTGTCTGCCCCGGAGGACAGGTCCCCATCTAGCCATGAACAGCGCGCGCTATGCGTAAGGCTAGGGCTAATTCACCATCCGAGCACTGGAAGTCGTGAGGGAAAATGTCTGGCACTCGCCGTTACATGAAAATCCTATTCAGCCTAATTACCATTACGACTGCTTATCGATACGACTCCCTGAGCTTGGCGGTGGACAGTTCCGCCATGGCACTATACGTGGGCGGCACTCTGTCCTAGGGGACCTCCTACTACCCGTACCTGCTATGGAGGTGACATGGCGTGTATTAAAAAGCTCAATTCTCATATATTCAGGTCGGGACATGCCATATGAGTCGTGAACTGATCGGCCGAATGCGATAGGAATTAGTTATAATTTCCGGCTTCAATGTCTTTCACATCAACCGTCTCAAGTAAATACCAAATTTCATTGCCGAAGCATTAAACCCGGAGTTGACTCGCTGTCGAAAGTCTGCACTATACTCTTTTGCACACCTGCCACGCATATTAATGTTGGAGCATCGCACTACGCCAGTTCGTGTCTCACGATTGCCACCAGGACTGTTAGAACGACGATCATTCGACTATCAATCTAGGCACTGTTGGCTTTTGGTGCTATCGAGATTAACGTCATACCAGGTATCCGAAAAAACTAGCATTGCCTCCTTTATCACTTAATTTTATGTCATCGTGTCGGACAGAATAGTCTCTCTAAAAGAAATGTACGAATTCTCATTCGAGAGA,1695,48.44,Arabidopsis thaliana
SEQ_621505,TTTTGGAGCCCTATGCGCTATAGGAGGCGCGAAATCCAGGTACAAATGGGCACTATACTGACATCCAAATTCTATGCCGACGGACTCAAGGATTCAATCATATTATTAATCTATATCAAAGAAGACAACATCAGGTAAGTCCCTAGGTACCATGTGCATAATTAATTGTTGGGCGGACACCCAATGATCGGCGAGTTATACGACTGAGCAGTAGTCCTTCATGCTCTAAGTCTCACGAATTCCGTTGCCGTTTGACCACACGGCCAATAATTGGATAGTATCATCTGATCACACTTGGGAGATTGGCACACCATAGCTAAATAATGCTCCCTCTACAGTGGCTTAGTAGGCCCGGTTCCGTATGATATGTAAGTGTGCGGATGCGCCTGTGCCTGCCAACGTTTTGGAACGCGACGGCGAAGGCACCACGACCGCAATTACCGGGACATGAAGCATCAACTTCCGAGTAGCACAGGCTATCAGGGCGTAAGTAGGGGGTACCAGCGAGATGCTTAGGGGGGGGTGCACAAGCGAAGTGATCCAATTAGCCGAGAAGTTACATGCCGTTGTTACTTGCCCAGCCTCGTAGCCTTGCACGGAGTGGGAAGACCCCAGCTCGGTCGGTCTTTCCGCGTTCCTGGCACAGCGGATATACAGGTAACCGAGGCGAGTACGGGGCAATTTTATGCCGGACATGAGCTGTGGGATCCTTGGAGGGAGACGATCACTGCGCTAGCTATCATGTATGTGACGGTGATTCAGGTACCCGGTAACCCTGGACCAGGCGAGCCACG,794,51.51,Caenorhabditis elegans
SEQ_458778,GGAGTCGTGTAAGGGATGAAGCGGTAAGATGTAGCGAGGGTCCAATACATCTGCCCAAAACTCGCGA,67,52.24,Drosophila melanogaster
SEQ_893190,CACAAAACCTCGCAAGCTTAAACCAGATGAGCCGGGGTCCTTGGTTAGTGGTAAAAAGTCTCATGTGAAAAGGACTCTCCCACTAAGTATAGCTTGGAGTTCCGCGCCTTCCCTCATAATTCACACCGCAGCGAACTGATCCTAACACCCTCCTGGAGAGATCCGAGGTTGGCTATGAGAAATCGTAAGGCCTAGTCGCTGCGTTATCACGCCCCGCCCAATTTATCAATCTATCCTCTTTCTGGTAAGCAATGACAAACACTCAAGCTCCGAATCTGACTCTTCCAGGAGAATGTCTAGGCTCTACTGGAAGTTTAATAGACTCGTACTTAGTTGGGTTTCCAAGAAGCACACTCACCCTGGGAAATAAACAGACGCAAGCGGGAGAAGGACCCAGGTACACAAACTCAGTTTGATAAGAAGATTGTCACTTCGGGCGGGTTCCGTAACCCATCCCCGTGTAACCGCGCTCTCGACAGTATCCAACAAAATATGAATCCAACTGACTTGATTCTAACGCCTCCTAACGCCGCGATTTTTTGATTGTGAGACGTTATTGTGCTGATATTACGTCGGGGAAAATGGTCCGTGCCCTGTCGCTCAGCGCGGTCATAAGTGGCACTTAAAAACTGATTTGCGAT,641,48.05,Homo sapiens
SEQ_453633,AATATGGCACCCATGAAAGTATAGTGAGTCGAAGGATAGCTTTAGGGCTTGAAACGTGCTGAGAGGCACTACATCTGCTAGGTCCATCGTATGATCATATCCTTCATTTAATTGATTTTCAGGTCGGTCTGTATGTGCCGCGAGCGGATTCTATGGCTTCGAGGTATCCGCCTGTCTGTGTGTATAAAACTCTGTGTTCCTTAACGGAGGCGCCGGATTCAGGCAGTTTAAAATGGATTGGAGCCGAATCATCACTATACTAATCGATCCATCAAGTCCGGGTCGAAGTGGTAGCTTGCGCGGCACAAAAATTCGTTACCAGAGATTGCGAAAAAATGCGGGAGTAGCGGTTGCGCCTACTAGAGAGTAATTCACGTGCCGAGATAGTGTATGGGCTAACCACGAAATGCGTTAGTGTCATTGGTCTAATATACTTCACTTGGCCATCCCCTCGTCAGGCATACGTCTGGCATCGCTATTACATTACGTCCTTTGTACCGGTTGGGTTTTGAAGTTGCATCTGGAACAAGATTGACGTGTGCAGGAGCGTCTTTCACCTACTAATTACGGTGTCGTTAATGCGAAGCTCACCCATGAAAGTAGACTTTTATAATGCGGGGACGAAGCAGGAGTCGAATTGTCTATGTCATCCCTGGCTTCCCAAAGTTCGGGGTCGGTGAGGTGAATGGCATCAACAAAGCTCTTGTGCTAGCTGTCGGACCTGCAGCGATCGTCAAAACATGGGCCGTGAGTGACGGGCCCTCGTTCAAGGTCTCACTAAGCTCGCTGGAGATATTGTGAACCACCAGTCCGGGTCTTACGGTTCTAAATCTCATAAGCACGAATGCAACGACGGTCGAACTTAAACAAAATCCACCTGCCTAGGGTTTGCTCACGAATACGCTAGCCTTCGGTAGCAAACGCTAACACACTACTAGTGGCTTGAGCATGACAGCCGAAAAACTAACTCCATTAATGATCTTAGTCCAACACGTTTTGCATAATTGAACGAACAACATGCTATCATACGGGCTTGGGTGATCTCAGCTCCAACCTATAAGAAGGAAAAGCTAAGACCTGATCTGAAGAGCCCCCCTACCCCAGCCGTGTTGACAGCAACTGCGGATACTAGATATTAGGTCCCCCTCGGGATTTCAGACAGTTTAACGACACCTTCAGAACTGGCAGGGAAACGTACTGTGTTGTTGTACAGGACTCTATACTTCCCTTGCAACTACGACTCTATTAGGTGACAATTAGATGACCACTTTCTTCAAGATCAACCCAACCTCTACAATGCTGGTGCTTCTACCCCCTTGGTTAAAGTGACCCTGGGAAAGATCTCGTTTGAAGGTTATTAATCGTTATTCAGCACGTAGCCGACTAAAGCCAACATTGTCTCAAAGAGGCGACTACCGGAAATTGCTAGTAAGGCTCGGATATGACTAATCAACCTGCTATTGACCCGGGAGACAAGAGCCGTGGGCCTACTAATCACCACGTCAGTATAGAGTCACTTGTACGCCGAAAGAAAGTCTACGGAGTTAAGATGTCTGGTACATACAAAAGAGAGAAACAAAACAGAATCCCTCATTTTTAAGCCTCTACTCTGGGTGAGTGTTCCTCCAGTCCAGGGCTTCGAACATTGAACTGTTTTCCCGGTTCCAAAACAATCTTAGGACACACCTTCCTTGACGGAAAACTTCCTTAGCGATTAGGCTAAAAAGATGGGGACGATTTTAAGTAATACAGTCTAGTGCCCATTATCGCGTTTTGTAGGTCTCTCCTGGGGCCCCTGTGTAACTACGAACGCTACTACCATCCTCTTCAGTGGGGGAGCACGACCTCATGCCTTGATCCAATTGACCACGACTGGAAACTTGTTCATCATGCTGCTGCGTCGTCGTTCCTATCTGCACAGACTTGTTCACTTC,1934,47.16,Escherichia coli
SEQ_484746,AGAGGGGGACGAGCGATGCGTACGAGGTGGCCCATTGGATCTGTTATAATCGCAGACGCCCCCTAGACGAATGTAAGACGGTCTCCATAGATCACTGTTATGCCTGCCATGGTTCCTGGATTACTTCTTCTGTTTTTCGTCAGTCTAATCACGTGTTCCGTCTTGCGTCATGCGCGGAGGTACATCAACGTTGACGGTGAGCCCCG,206,52.91,Homo sapiens
SEQ_756608,GCAAAGGGATACTCATGTAACACGAAGCGCGTTATTCGGCCAGCAACCCCACATTGTTGAACTGACCAGCGTCCGGTAACTTAGTAATTTTGACGACCCCGTACGGGTTTTGGAGAGGAAGTTGTGGCGAGACGCCCTCACGCAAACTGTTCGCTGATCATGACGCCAAAGTCTTGATAATCTCCATGTTACGGGAAGGCGCAGGCTGAGAATCACGGGGCAGTCAGCACTGCTAAAGTTCCGATCACGGGGTAACGCAACGACCTACCTAGACTCCGGGGGCATCTCGACCGTCTCTACCTAAAGTATGACCCTCGTGCGATTTAGTGGCGCCATTCTAGGCGGGCCTCACACAATCATCAAGTGCCTTAATAGTGTAAGCTACTTGTCAGGTTGAAATTAACGTTTTCTGCGCGTCGGAATATAAAGGTACTAGCTGATCTTGTTCAAGGGAGGAATTAAGTGCATGCATCGCCGTCTGGATGGTTGTACAATCATTAGCAACGGAAGGTGCGGTTAAGTAAGCGGCAAAACCTTCTTGTTTATACAGAGAGATTACGGATGTACTGACAAGCTGGCACGTGACCGTCTCGAAACAGCCTGAACGCAGGTTGCCGAAACGGTATATTATTAAAGGGGCATTTGCCGCCTTTTTATATGGTAACCGGTATTGAGGGCTAGGGCCACCGCTGTTCTTGCATACATGTCCAGATGGAGTTTCTCCCGACGAGGCTCACGGACGGAGGCTCACCGACGTATACTCCACAGCTGGGTGCTCCAGGAGCTCAGCAATAATATGCACCGCCGGACGGATAATAACTCTATCGGTACGTTGCAGAACATAAGGGGATAGGGCTAGGGAATTAACGATAGCTAACAAGAGAGTTTGATACGAAGCCATTTCCGTGGTCGACGAGTAGCCGCATTGAAAGTAATTCGAATGAGACGATGTGTAATTAAACCTCTTTTACTACACGGTGTATGCACACGATTGGCAGTCTGTTCTTAAACCTTGCTTTAGTCTCGGGCGATGCCCGGTTGAAGGGAGCAGCCACACCATTTGACATATTGTAGGGAAGTTGTTTTCGCGAGGCTACAGGTTGTGTAGCACTTTAGCGCAAGAGCCTACACACACTGCAAAGTGTTGCTCGCGGGATCGGACACACGCACGATGAGGGGACGGCGAATAGCCACGCGATATGCACGAACAACAGACCACCGTGATTATTAAACCGCTTTACTCCTATTACGCCAGGCCATTGTGTACTTGAAGACAACGGACGTCCCCGCTAATTGTTGCTCCTCCGGAATACGAGGTTCTCTAGTTACGAACTCGCTCGTTTCCCACCTTAACTATGTTCCTATCTGGTTAGATATTAAAGTGATTTCCACCTGCTTCGATGAGTCTCAGTTTTTGGGCCTTCCTGTTGCGATCTTTTAGGCAAATTGTAAGAGCTACCGGTGTTGTCATAGGGAACAGAACAAGGACTATCTCGTGTGGAATAAGGTGATCCTTAGAACATTCTCTGTTCCAGGGCCAAAATCGAGAATTGATGTTACAGTCAATTATGAGTTCGAAGAGATCTAAACGACTGCCGTGCGGCTTTGGCATTCCCCTTAGCACGCGGCGACAGCAACATGACAGCATCCAAGTGGGGGACATTAAAACCGTCTGGTGCGAAGTTGTCAGGAGAAACCAGCGCGAACAGGACTAGTCAGGGGAAGTAAATAACGGCGACAACCTATGGTGAGCGAGTAGGCCGACCATAGCATGCCGTTCCAATAACGTGAGGAATATACAATCTATATCATCTTAAAAA,1820,48.74,Escherichia coli
SEQ_323558,CAGCAACAACGCGCTTCCATGATGGTACGCGTGCTAATTCTCACTCCCTAAGGCTTGGTACCGGGGTTTAACAAGGAAAAGGTGAGCCCAAAACCTTGCCATCGGCTTCTCTTAGGACAGCTGCGTTCCTAAACCACTTACCGAACGCTTTCAGCAACCGCCGTGTATATGAGTTATTAGGGGTTTGGATCCGTTGATCACGAACCTCGTGATTCTTTATGTAAGCGAACAGATCTAGAGTATTCTTTGGTGCATAATTGAGGCATCCGATCGGCA,276,48.19,Mus musculus
SEQ_399494,GTGCTGCCCAATGCGGTCATTTTAGAGTGGAAAACATTAATTCGCGTCGCAAACCACAGGTGCGCTAATGCTCCCGAAGCCCTATACCTAATTGGATAGGGGGGCAAATAACCCAGCTTATAATAAAGTTTGAGGCATATAAATCCATCCAAACGCGATCGCAAGGTTTAGGAAATTCAAGGTGACTATAGTCACAGATTTGGCCGTATTACTATAGTGTCGCGCCTATACTTTGCGGCGGACATGCCTAACGAGTGCATCCACGAAGGGGAGTCAATCCAGGCTCGGTGCAGAAATCAATGGCTAGCTGGCGTCCCCGGACCCGAATATCGAAATATACCCTATATCCCCTAGATTCAGTGCTACCACGCCAAATGAAAGTTAGATCTTGTTCGATTAATGAGGAGCTGCAAGCCGTGGCTCTTTGTCCACGTGATATTGTCGTAAGCCTGAAATTGGCGGTGTACCGCTGCAACAGGCAAAGCCTTATGCGATTTCCAACCTTTGATTACTTTGATCCTTTTTGTAGGTGTACATACGAGGCCCACCCTGCTAAGAGGGAGTGACTGGCGATTATCATCGTCTTTGTCCACCTCACATCTCCCCTGAAGATTG,615,47.64,Caenorhabditis elegans
SEQ_280923,CTCAGCAGGAATGACCATCCCGGGGTGACTATATTACCGTAGGTTAAGATTAGGTCCGTATACAGTACGCTATCAATTGTGTGTTACTTGGACTCGTCGCGGATTATCATACCGCTAACTATGCGGACAATTATGCACCCGTGCTAATGAGGACAGATTACTGAAGGTAGTCATTTAGTTGACAGTAGACCAAGAAAGATGAGCACGGTATATTCCAGGCACGCACCGATGTATGTAGATTGTTCGACTCCTGAAACCATTCACGATCCGTCGCCTCGCTTCCCCGTGCGGTTTCTTGCATAGTCATCCCTTACATACTGGTTTGGTACCCGGCTTCCCAGTTGCAGGCGTAGGATAGGAATCATCGTATCTTAATAAATACCCCTGCTCGATTCAGCTAGATGACACCGCCCTATTACAAGTGTGCGAGAAGTGTCGTATTATAACATCTTATTTGGAACATGGGAGGACTCGTGATGCGGGAATCATACGATCTGTAAAGTGAGCCAAAACTTCACAGACCCAGGCACTAGTCAAAATGGGTGGACGTTTCGTTTTATCCCCTAGTGTGCCACTGTCGTGATCATATCCGGTCGACATTGGGTGGGCCTCTTCATCGCTGGGACGGCCCGTCCTCGCATTTGGACCATGTAAGTGAGCCGCCGTACCGATAGCTCGACCACGAAGCGCCGACCCCGCTCATATCGCCAAGAGGCAAGGATATGATACCGGCATCAACGTTGGCAGTTTTATGCACGCCCAGGGAAATACCGGGCACCACTTGTGTCGTGGCAAACCCACAGGCTCGGCATGAAGATTCCCTTGACTACGTCACCAAGTGCGGATCCACCCTCCACAGCTTGGTCTTATTCCCAGTTAGGTCGTCGTCCGGACTAAAGTCAGTACTAACGATAACCAAGTAGCGTTCACCAGCACCCGTACCCAACGTCTAAAGTTGGCTTAGGGTGTATGTGTCGAGTGTTAGAGTCAAACTTCGCACTCGTTATGCCCGTAAGACTGTGGATGCTAAGGGCACGGGGAGAGTCGACCAAGCGAATCCCTACTTAAGGACTCCGTTAATAAGAAAGAAGACCGTATCACGGCCTTTATGAGATCGTCTGGATTCGCGTGTCGGTCCGGCCAACAGCTTACATGTTCTGGGGTATTCCTTGAGGGCCTTTTTAGGAAGGATCACTGAAACCGCGTACTTTTCATTCATGCGGACTGAAGTTTAATCGAGCTGCTCCGAGCAGCAGTGAAGATGAACATGCCATACGCACTCTGTCATCGGGGTGATCCCTTGTAACAAAGACCGACGTGAACCGGAAACCCACCTTGAGCGCTCGTTCAGGTAGATTTATTCTGCGTCCGAGAAACGTGTGCCAGCAATCAGCTTTTCTGACACGAAGAGACGCATATTCTATTGTTCCACATATTTTCCAAAAATGGGCGTATGCTGCACATTTCGTAAAGATCTACGGGAATAGCACACATGTGTTAACAGGTGAGTTCAACAAGTAGGGGCGAACCAGTCTATCTGTTCCCCTGACCGCACTATCTGCTGCGAAAAAAGGATCTGATCCCACGCTTGAAGCTGCCGCTGTGACTGCTCGGTACAGCCACTTAGAAAAAACACTTGAATTTATGTTCCGCAGAAACGGTTCCTCTGATGGCATGGGCTTCATCGAGAAGGTGTTCTGTTTCCCCTAGGAAGATCGTCAGCTGATGGCCAAGGAAGCGTATCGTGCGAGAATGGATGGC,1761,49.69,Caenorhabditis elegans
SEQ_500080,GCCGTGTCGCCTCAGTCCCGCAGCTGGCCGGTCCAATGAATTTGATAGTACGCTGAACCCTTTAAGGAATACACGGGCATGACAGAACCTATGGAGATGTTCATGCCAGTCAAGTAACCGTGTGTGATTGGGGTCCGACTGGACTAAATGCCAGTTTCCTTTCACAGCCGGCTTGGGGGCGGCCGACACTGAACGAGTGGACACGTCAGACGCACTTCTAGAGGCATAGACGGAATTTTATAAACTTTAACATGGACTTATGAAACAAGGTTACGGCCCGTACCCATCTCCACCGACGCCCAACCGCAGGCATCCGAATACCGGCGCGCCTTGGTGAGAAAGGACATGTGAGTCTCGATTCCTTATTTCTCCAAACGGTGAAAGACTTAGGGCTATGCACTCTCAACTAATAGCTGCTTCGGGCCCACCAGGTCTTCGTCCGACCCAGCGGGGATTGTACGACCGCGGCCTCTTATCCCTTTATTCCCAACTACCGGGCTACTCAAGCAAGTTAAGCCAATAGTAAAGGGTCTCGAAGTATAGGTACTCATAGTATTCCCTTGAAAAAACACCAAGGACTATTCTGCTTAGGTGGGGCGCAACCGACGAGTCTCCAGCATCACCCGGACACAAGATGATTGACCTGGAGCGGCTCGATGTCGAAGCCTCATAATCTCTACGTACGGCGCCACCGTTCCCAGACGGGACGGCGGCAGACAAGATAGAACCGATCATAGTTGCTTCTAAGGCTTTACCTCTGTGGCTCAGACCCACATGGCATAGGCCTACTCCCGTGATGAAGGCATTCCGGTCAAGCTCAAAAAAAATTCCGAGCTTAACACAGCAGCGGCACT,854,52.34,Mus musculus
SEQ_155991,ACCGGGGGGGAAAGATAATATGCCAGAGGCAACAAATAGTGGTGCGCCGACAAACAGCAACTGTTGATCGTCCTCCCAAATATGCGAGAGACACCGACAAGGGCAGGTCTTAGGGCCATGACTAAACCTGACACACAATTGGGCTGCGGCTTTAACTATCTAGAAGCGACGCCGTGCGTGCCGTCCCTTCAACTTATCACAGGCTGGCCAGTATTCAAACTACCAGGGGGGCTACAGTGTACTCGTTTTGTCCATAAGTGCGTCGTATTATTCGGGCTGTCCACTCGCTATCAGCAACTCGGGGTTCGCCGTAGAGTTATTAGTAACACTCTGGTAAAGACTTCGGTAAAGCCGACGCTCCAGTTGCACCATTTAGCATATGTGTCCTTCACTAGGCGAGTGCCCGGTGGTTTTCTCTGATTAAGTGAGCTCCGGCGTCTCTATGCAAGATGATAACCAACCGCCCACAAAATCGAAGTACCAGGACCAATTTAATAGTTAAGACGTACACACTTTGTGGATACATTCAGGAATGTTAGACCAGCAAGTCTATGCCGCACATTCTTTCGCAAGAGGGAGCTATGTTATACATTATCCGATGGCGAATGCTGACAGCCTGGCATGGCAGCGACCAGGGTATTGGTTGTACATTGCTCCGCGCTGGCTATGTTAGCAATACCAAGTAGCCCAAGCACTTAATTAGAACTCTTGTGACAGACGTGCCGGGGCGAGCCGCTTGGCCATCGTAACAAGTTACTTAATTAGCCTTAGCGACCTCGACCACTGCTGAATTATTTTGGGTGGCGGACTAGCGCTATCCTGCCACCGTTACCACCCACTCTTGGCAAGTCGTCATTACGAGAGCTT,867,50.06,Drosophila melanogaster
SEQ_320206,AGACTGTTGACTTATATCTAGAGTAGCGTATACAACGTACCGTAGTCGAGAATTCTCTATGGGGAGGTTACGCTCACCCTGTGCTGGTTGGACACGGGGAATCGCCCGAAAACCAGAATAGTTCGACGCCAACGTTGCACTGGATCTACCAGGCGCTCGCAAGCAGCCTCCATCAAGAGCCCCATTAATCATATAGTGTAATTAGGACAGGGTCATGTCCCCAGAGCCCGCCCGGTTTCGTGCACCAGGGGATCAACTGCGATCGGAGCGTTCAACTCGTGCGGAGGTGCAAGACCCGCCGAGGCGATGGTTACAGTTGTAATGTTATGTACAGCTCAACAGTTCTTACAGGTATGCGGTCCTAATGGAGGTCACCATAGTGAGAATGAACATATAGACTCAGTCCCGGTACTAGGTAGGTCCATTGTGTAATATGCAGGGACTGCCACTTGTGGCTACGTTTAGCGAGTTGAAAAAATGTGCGTCCTTCTGTAGTACATACGGATCGTAAAACAGCTCGTACCTGGCGGTGAGGGAACAAGAATGCTTGACAAGTACCTCTCAGCGATCGAGCTCCGTGGCATTGCGCAGCCTGTACGATGGCCGTGTCCTTTCGTCATCAGATGGACGATCGTTTTGATGTGAGCGTGGGTCCTTAGGAGGTGACCTACCACAACTGTGAGGTGTAAGCCTGAGGAGAGATACATTCTCCCGGCGCCACACGTGCCGCAGTCGGACCGTCGATCGTCCACCCACCCTGATACTAACCGCTCGGAGCCTCTGCTCTCCGCTTACAGTAGTGTCAGACGATGGAAGTTATCGCTTATTACCGAGTGATTGCCTTGTATTGATAATCAAGTGTCTATCGCTTTCTCCTTGGCGTATAGGCGGAATGGGTTGCAGCTCGATCAATCACAAACAAATAATGTGAAGCAAACGCATATGTTAATTCTATCTAACCGACATAAAGATTATGCAAGGGCTTGGCGATTACACTGGTCACGTTCATACTGTCGAATCGTAGCTAGCAGCTTTGTTCCATAGTTCCATCCTAACGTTCCCAACCTCGAATGGAGGTTGCAAGTGGGACCCACATACATTAGCGTGTACTCGGATGCTGAACACGCACCAGTGCATGGGCCGACTCTAGTCACACGTCCTTTTACCCAATGCAGCGAATGTACTACGTATAGAATTTCCAGATTCAGTCTGCCCGAACGAGGGGTGAGAGCTTAGCAAACAATAAAGGGTTCCGATCCCTCCGAACGAGATATATAAGCGATGACACGTGGTCCCGGGGGCATGAACGCGAGTGCTTAAGGTTGTCCATTTTAAGACGAGAGGAGATACCTCAGCCCCGGCAGCCCTAGTTTTCGCCAATTGTACGACACTTCAGAGTCTGACAACGGGCAACCACACCAGCACGACTGCTATAGCGCAGAACCCGGGTCTTGTAAACTGCCCTCTCAGGGCGATCTGATGGTGCGGGACACTATGTGTAAACCAAAAACTTTAGGGCTGCGTAGCGGGTGGGTTAAATACTTGT,1546,50.65,Caenorhabditis elegans
SEQ_247468,TTCACTCGTAGCGGTCGCGTATCGAGAGTAAAGCCAGAGGTAACCGCGCGCGTCACTCGCATGTAAATAGGCAGACTGAACCGAGATTCGCCCTTTCCTGGTAACGAACTATCATTGGTAGGTTGCAAGCTTCGCTAATCGAACCTAGCAGGTCACTAACTATGGAAGTGCGCGTAGGCCCTGACTGTGGACCCTATGGATTACTCTGAGATGCCGTCTCATTAGAGCTTCGCCTGCTGGGCACTCGTGACGGCGGATTGTAGGACGCGGAGCTCTAGAGGGATTGCCCCTTATCAGTCGAGTACTCACATTGATACACAAACAAT,326,52.15,Caenorhabditis elegans
SEQ_351878,CGACTCCAGGAGCTGGTAGATGTAACGCCCATACAGATTCTTGGGACATATGTGACCTCTTCGATCGATACTTAAACATTTGTCATAGGCAGAGCATTGTTGCAGGGCACCTAGCAAACGAAAGCTGCAACCTCCCAGGACCCAACTGGTCTCTAAGTCTAATGATGCGGACGCAGACTCCTCTGGGCGTTACAAAAAAAATCTAATGCGGCGATCATAGGTCGCGCGTATCATAATCGTAGATGTAGGCCCCGCGTAACTCGTAATAATAATCCGCTGGAGACGTAGATGTCGGGCAGATTTTCGTGCGCCGCCGGCGGTTACTACCACGGACCGCTCATTCGCGGATTGTTGGGTATTAAACCTGAGTTTCTTCAACTCGTTTTACCGTCCTCGTATTCAGTGTAGTTGTGAAATTAAGCCAAATCTGCTTGCCAGAACGCACTCGGACCAATCACGGTCCGCTGTTTACTGGGACACCCTGCTCCAACTTCACCTTGAACAATAACGGAAGGCGGGGGGGCATTCACTGTCATTTTGTTAAGGTGCGTACGGGGTCCCCGACTCCTAGAGTTAAGGATCGGGCGCTTGCGCGAGCTTCACCAGAGAAAGGGGTTACCTACTTCGGTCTAATACCAGCTCTAATCATCCCTACATAATTCGTTAAGCCATACCGCCATACGTGGCCGATTCCGGACTCTGTGATGCCGAACCTAGGGGTGGCCGATTAAGAGTTCACCCCGATGGCCACTGTATATGTGTTAAGGAACACAGTCCTTCGAAACTCAGATATAGTCAAAGCTGACCACTGTTGCGCCGAGAGGTTCGCCACAGGTCGGTCCCTGCGGGAAAATCTGTCCCCAAACAGCAAAACTGGCGAATAGGTAGCATAAGCCTACCGTCGGTACTGAATTAACCTCATAACTGGGGCCACCTGCTTATCTCGTATCGCCAAGTCCGCGGGTTGGGCAGTCCTAATATAACCGAGAAGTTTAGGCTAAGCATGAGGCAACAGAATAGCTTCAGCGGCTACATCATTTGCTTCTACATCTCGGGTATTTCCAATGTAATAATGGATCGTCGTACCATAACCTGATCGATAGCTCCAGAATTGTTGACGGTAGCTGAGGTAGTTACCCATTGGCGACTCCACACAGCTTCTCCGACGAAGATCTGCACGAGCGGCTCGGAGAGCGAACCCTGATAGTTCCTGGGGTTGAGGTGGTGCGATAGACCCATCCGCGGTATCTTTGCTACCTAGGGAGGGATTCCATTGTTCGGTCCGGCTCGTTGTCGAATTAGGGAGGTCCAGGCGACGTTATGTAGAAGTCTCTTTCAGGACTGACAACCGGGCAAGTAACACTATTGTTGCCGAGGCCGCATTGGGAAGTGCGTATTTTCGCTCCTGTGTTGAAGCGGTCTAAGTCTAGATGGTTGTTCAGGAACCTGAGTAACCCGTCTATGACGAGGATTCTATTATACTCCCTTCCTTAGGTGCAACAAATATTGGTTAAGACTCATTGCGATACCGTCTTCGAATGCCCTCTCACTCTCTTACATTTCAACGCAAACTGAGGTTAGCATACTCTCATATGCTCACATCGTATTACCCCTGAGCCTGCCACCTAGTTCTCACAGCGATCAGACAACTTGTACGTCACCGTGCCAGACATAAAGGGATTAAGCTGTCGATCTAGCTAGTGAACGCGGGTACGTGGACGGCGCAAGGGAGGAACATTCAGCTGTGACGAGTGTATCCGCGCTCGA,1767,50.42,Escherichia coli
SEQ_297762,TTCTCTTTTCGGGGCGTAGGCATTAGTCTTTTACGCGTGTTGCCTGGGGAAACCGCCCCTTCCGTTCCAC,70,55.71,Caenorhabditis elegans
SEQ_559876,CGACGAACGCTGCACCTGCACTAACGGCAAATGAAACTGTCGCGTGGATTACATTTAATAATGTCCTACCAGATGACCTATTATTATGAGTCACCCAGGCCGCTGACCACTGGGCATTCAGGCTATTGGAGACTGGTATTCTTGTGGGTTCCTCATGCGGAAACAAAGTCTGCAGTGTGCTACAACAATCTGGC,194,48.45,Drosophila melanogaster
SEQ_877046,CTGCACCTTCAGATTATGGAGCCATAGTATACATCGACAGGTTGTCGTCGGGCAGTTTAGTTTGAATGTCAACAGGACCCATTCGAAGGATTGGCTGACGCTCGTTAATTGAGTGTCATATCTCTATGCGTGCGTTCCTGGGCTACTGGACACCGTCCCGTGACTGAATATCCCCGTGAGGATCTTCCGTCCACGGAGTACGATTTTCCCCGACTGGAGCCGCGTCTAAGTCCAGCTACTCCGCACCACGAATTACAATGCTGGCCCGCTTATTAAAGCCAGAACATTGCTTTTTCGCGGCTAAGACTTCGTACTTCACCCGCCAGGCGTACTAGCTTGACCTTGTGACGATTGTACGACCTCCGGTGCTCGAGTAGTTCTCGGTGATGGCCGAGACGAGAAACCAACCCTCCTAACCGGAGATGAATATCGGTAAAGAACTGTTGGAACTTTCCCTGGCCGAACTGAATTATAACAGCTTGGGGATTGTAGGTACGGAGTGTGTGCTACTCCAACATGCAACCTATGGACCCTCTTGTACACCTACTAGGAATCCACCCTGAGCATTGGCATTTAGAAACCGGGTGAACCTAGAGGAGACTGTGAGCGCTGTAGCATGGAGTTTTGTGACCTGGCGGATAATCTATGACGACTAACGAACCGCGGATTAGAGAATCAGACCCTTGACCATGCTGACGGATCGGGTCATAATGTTCGAGGAATTAACACGAGACTTGAATGCGGCAAACAGCCAGGCACGTACTTCGATACGCAAGAACCCAAAGGAGGGAAACTGATTGACCGCGGTGTCAGATCACCCCGTAGCAAGCTGCTACATCCCACACACGTCCAGCTCGCGACCCACGTCCTAGTATGCGTAGACGTGAAAAAAAGCGCTCCCAGAGGCGTATTATTGAAGTGCCACTGCTAGCGCTATGCCTGTGTGACTTACAAAGACCGGTGACGGTACATGGCATCAAGGAGTCGTACCTTTATTAACGCCCCTCTAGCTTTGAGGTGAGGACGAATTGACTCCGTTGTAAAAGGTTTTAACAGTGCTGTGTAAAGTGGCCGTTGTCAGCGATATTGAAGATACCAACGTCTAGTATAACTAAGACCCAAGAGTATTCTAAACACATGGCAATAGGGCGAAAGCTACGACCGCCTCTTGACATTGAAGATGGACCGTTCACATCTGGCCCGTGCATGCCAAGTCAAATCGTGCGTTCAGCAGCTTTTTTAAAGTTTACCTTAGTAAGAATAGGTGCCGATTTTACGGCATAATCTGGGCGGTGGAGCGTTAACCCACAAACCGCATCATGCGCTGCTTATTTTATGAGAGCTCATCGCTGAGAAGGGCCTAAAATGGCCGAACCGGGCTGATCGTTTTGTTAATGAGGCTGACAATGTCCCCTCCATCCAATCCTGCAAGGTCCCAAAGAGGGAACACAACTCATACATTCCAATGGGCCAGAACTATGGTACTAATTTAGTCTCTTAGCTGCGCGGGTTCGTTACACCCCAGCAACGGCATGATACACTCCACTGTTCAGTCTTGTGTGTTACGGACGCCGCTTCAAGGTCATTTAAAAACACCTCACGAGCGCGGTCGGTCAACCTAAGTCCTGGCGTGGACGAGGATGAAAGTGGGCCGCCTCCCGGTATACTAGGATGGCTCAAGTCTTGCCGGGGGCGATTATCCGCGATCCTCGCAGCCCGCTTGAGCAAGCGAAATTAGCATAGGGCTCGGGATAATC,1757,50.54,Caenorhabditis elegans
SEQ_327040,CAGATTCCCCAGGAAATCGTCTACTGTTTATCAACACTCTCGTTGTGAGGAGGATACGTGAATAACCATGAGCAAGGCTCCGAGCCCGGACTCCTCAGTTTGCCTTTCCGACCGATTTCGCTATAACCAGATTTGAGGGCTCCGGCACGTGATTTCACACTGGTTTACGACAAGTAGCAGCAACACCGGTGCCGCACCTAGGTGGGGCCCGATCTGTTCATCACGTAACTATCCCTCCTCCGTGGCATCACGCGGCCAATTGAAGTGCATTTCATCGTGCGGGTACTTGTTTGATCTTAGCAGTCATTTAATAGTGAAGATGCACTCCGGTCATGACTAACTTGCGATACTTGACATTTCCGATAAGCCTAGAATAGCGGCAAAGTAGATTTGCCAGGGGCCGCTCCAGCCTATTTTGTCCACTGTTTCAGGACTACCGTGCTACGGTCCTTGCGAGACTCCAAAATTCCTCTCCCTTGCCCCTAAAAACTGACAGGCACATTAAAAACAGCACGACTAATCTAACTTTGCAGACTGACCCAGAGCGGCTGCCTCGATAGAACTAGTGATCATAAAGCTCCACAATACAGGTGTCTCATTAAGGGTTGTGGACATCGAAACCGGGATCAATGAGCGGGAGGATTTTGGATGGGGAGCTCATCAATTCTATCCACGGTCAATTCGTCGGATAGTAGGCGTGAAGCGTGCTAGGAAGCCGTCCG,722,50.0,Caenorhabditis elegans
SEQ_694661,ACTACGTCCGGCCTCTGAGCTCGCGAACAGTTGGAACTAAGCTGACGTAGCTCGGGAAAAATTCATCTCCCCATAACGGTCAGGACGCTCCTCACCACTGACTACCCTAATCCGGTTCATAACTACCTGTGCATAACTCGCTTAGGCTTGCTCGCCAGGTGGACTTGACACTAATGATAGGGACATAATTACTAGGAGGATGGAACCTGCAGGTTGCGCGGTTCAGGTCGTATGTCGCTGTCACTCACAGGTGCTGTCAGACTGGTTTGACTCCGAACAACGCTGGATTAGGCTTGAAACTTGAGTCGGTCCGAGTTCGGTCGGCAGCATACTCGGCGAACTTCCATGAACGGCGTTCCTTTTAAGCACCGGACCAAGGTAATGGTTTGTTACTCCGACATTGCGCATTATAAGTTGTTGCTTAGCCCTGATCTCTGGGATTCGTCGCTGAAAAGTCGAGCCGATTAAGCCCATAGCGATGACGACCTCAACAATAGTCCATCTCCATAGTACTGGGACACCTATTTTCTAGCAAGCGTCCCCAGTGGTAGTTGCTCTTGAGAACTAATGACCGCTAAGACACGTACGAACCCCGGTGACGTGGGAAGATGTTTGTCGATCTGACCACTGATGCTAGCGTCGTAAGGTAGAGGCCAAGAGTGCCACCAAGTTCTTAAGAAGATTAAATTCCCAGGCTTAATCCTGTCCCAAGGATCATATCTGACTGGACGGGGTTGACTGCAGGGATACCGGGTTAGAAGGGCAGAGACTTAGTTATTCTGGAGTCGATTACACACCATACTGGTTAGTGAACTCGATGATCCACCCAATGTTCGAGTACCCGGAGCCAGACACCCTCCCCGAGCCTCATCCCACGATTACAGTAGCGAATACCGTGAAGACCCAACTGGGGTAGTGTTCAGAAAGAGTGTCACAAGAGTCTTTCCAGCAAGAAACTCTAGTTCGCTAAATAAGGCTAACGCCCGGATAATATACTATATTGGTCGGCAGATTATGGTCAGCAATGAACGAATTACGTACCGCCGGACCTTTACTGTCATTTCCGAAACCATCGCATAGTACTCTCAGGGCCTCAGCGAACTGAGATCAGTTTGTGTTTATCGGGCGACTGATAGTTAGCTCATTTAGAAAGATTGTGACGTACCCTAAACGGGTGCTCTTCCGGTATTGACCACATAGTTACCAGAATACGGTTCATTCGC,1223,49.3,Saccharomyces cerevisiae
SEQ_598476,GGAACTTGTCCAAAATCGCTGCGAGACGAGGTGTAGAATCGTCCCGACCCTTTGTGTATAGTGAGATCTGTATTGTACTCCTGTCCAACCTACATACACTTAGGGAACTGCCAACCACCGTGCAGGGACGGACAAGTTCCCACGCGGCTTCACCTGACATAATATCCCAGTACCGGTCCATTACGACACCGAACCCCTCCCGCCGACGCAGGCCAACCAAGTCAAGACCGCAAGGTGCCCTAAGAGATCCCAAGCCGAGTTAGTACTAATAGGCATCATGGCAGACCGTGCTCCACGCGCTAAGATGTGTGAGGGCAGACTTCCTTGGTCGAGCCGGTAAGCAGTGCGCCGTTTCTGTATGCTACGATCTTCGGAGTCAAGCTAGGGTGAGCGGTCCCCTGTAAACGAA,409,54.52,Drosophila melanogaster
SEQ_900130,GTGAATGCATGCGACTCTAGACTGGAATCTGTACGTTGCCTAGCTTACTGTGTTCCCCATGGCGGTTACAGGCGCAGCTTAGACCGAAGCTTAGCCATACCGAGCGAACGGCGGTTGCCTCACTATCAGTATGGGGGTATATAGGGTTAGTCGCACGCATTCAGTATTAGTTAGCGGACACGTTCGATGGAGGCTACTTGGGCGACGACGCCAGGAGCTACAGTGGAACCGAGTCCCTTTATTTGCGTATCCCCAATCTTACCCCTGTCTACGATCGTGAGAAGATAACACGCGATCCATGGGTTCCGTTGGAAGCTCTGTTATCCGCCTTGCGTACAATCGAGTCGGGACGCCGGACTTCCTGATAGACCCCGACGAGGATGATTTTAGATTTGGAACCTCCAGTCACCCATGGCTGGTAAGTAGCGCCACATCAGATACCATCTGATAATTCTGAGCGATGCCTTGGGCACAGAATTCGACGCTGCTGTTCATCATGTAGTCGTCAAGATCTTCAGCGCGATTTCTGGAAACACACGTATCGTTAATGGCACTGGAAGGAGGTATGAAAGGCATAAGTCCTTCACGTCGGCAGCGCACGGCCCTAGATATCGTTTTGCGTGGTCGCGAAAGTTGGCCCTCAGACGTGCGGTGATCCTTCTCAAAGCGACCGGTCATGGACCTGGCCAATATGTACTTGGAATATATTGTGACTCAGGCTTCCAAAGCGAGAGCGCGTCATCGCAAGCCCACGCACCGTACTAGCAGAGAGCGGGTTACCCACCTCAAGTGTATAAGATCAAAGTTCTGCATTCGGTTACAGAAGACAGTGACGTATCCGTGTTATCGGGTGCACAGAGTGAGCTTGTTTCTGTAGAACCCGGGAGGCCTACCGTACAATCCGACGAAACGCGGTGTACTACACAACGTCATCTTCAGCGCTTAACCTCCACACCGGCACCGCTGACTTTCACCCCCCATCAATAGCGCTAGCTCATACTTGCTGCCCGCCTCTAGAACCGCCGCTGTTGGGGTCACTTGTTGTATTCTCGACTCCCGGGAGGCAGCAATGCTACCGCCCCGACAAGGTATCGACCTCGACATTCAACTACCTGTGACGGATTAAGCTTCTGTAATGAATAGCCAGCACCGACTTCCCAGGAATCCAAAAATGTTCATGACGGATAGTTATGCCTCTTCCAGAATGTAGCTTCACGGGTCAGTTGGAGTAGTATAGTCAGTGGGACTCGATCTAACCCACTCCTGGAGATCCTTCCCTTAACGATCAAGGCCGGGCGGGAATGTGACGCGTTTAAAGTCCTTAGAAGCACGGTAATAAATCCCTGGCTATATATACCAATGACTACCACCGACCTTGTCAAGCACACATGAGACCCAGGCGAGTGCGTCCCAGCGCCGTAGACCACGGAATCGGTCAGGTGCATGGTATTCCTCGCTGAGTCCTAGGTGCTAACCTCTACACACGGTGAAGTGAACTTGGTGTAGAATCCCGTCTCCTAAAGGACATGCTCCCTACTCAGTACCATGTCCTCAAAACCCCCCCGAAGGAATTTTAGTCCTCGCCGGCGGGGTTTCTTATAAGTGAGGTGTTGTTAACGGCATGGGTACAACCTCAACTGGAACGAAGCCAGGCTAGATGCCTTGACGAACCATTACTCAAATTGCCTCATAATGGCTTTCAAGCTCAAGCCGTTTCCGAGCCCCAGCTGACAACAATTCGGCCGGTACAAGCATCGCAGGTACAGAAGGATAACCTGTCTCTGGCGGATTCAGACTTCGGCTGAGGTATTGATAAGTTAAGTCTGTCTTGGTGGCTTCACTCCGGATGTAGTCGCTGGCAGGATCGATATATTCACCACACTTGAGCGTGGAGGGAGACCTATCACCCCATGACCTGTTGCC,1923,51.95,Caenorhabditis elegans
SEQ_441204,GTGATATTACCGGCGTTGAGGCGCAAGGCTAGAATGAGAGGAACACTTAGCGCCCTGTTGTAGGGTACGGTGGCATGCCTAGATTTTAGTAGACGTATTCCCCGCCACTCTGCTTACCCAACTCTTGTTCATCCCGAAGATCTCTCCCGAGTCGGATTTAACCGAGTGTGTTTTAAGCATTACACTTAGCGACGGTCAATCGAAATCCCAGACGTACGACCCTAGCCCGGCCTCGGGAGATGATGCAGAGCTAAGGTGCCTTCAAGACCAAATGTTAGAGTAGATAAACTCGTCCGAGGCTATTGAAAGAGTAGTAAAGCAATGTTCTTCCGAGGGACCCACCTCACACGGGGCGTATACGGGTGACCCTTGCTTGTTAAGTCCGACGGCATTAGCAGTTTTCTGTGCGGGCCTAATTCGCACATATGCGTCATAGCATGCGTTTATATGTTCTTAGGGAACCTATGTTAACTGCCGGAGCTACACTACCTTACACCCGGCCCGAAGCGAAATTAAACATCGCTAGCTTAATCAGTTATCTTTAGCTTAGTACCTCACTTGCGCTGCATCAATATCCACAACCTACGATAGGGTGGTTCCTCAATTACCTGTCCCGCTTGCTCTTGCTGGGTCGATAACACCAATATCCACATCAAAACAGGTAGAAGCTCTGCAAACACGTCGCTCGGTGTTCCTGTTTCGTTTGAGTTGTCTAGGAACCTATATCTTTTAAGCTGTCGCAAGGGGCGGGCAAATGAGTTTGGGTGCTATTCCAATGATACCTACAACTTTCTGTTACACAAATAAAGGTATCGCACACACGGATATAGAAGGTGACTATTTAACTCGGCAGCTCGTGACAAACCCCGTTCACGTGACTGA,882,48.07,Caenorhabditis elegans
SEQ_375503,AACCCCCACCTTATCGTTGACGACCCTGGTATGGTTCACTACGCAGGAGGTAAAAGTACAGAATGCAAATAATGTTACGCAACAGACGCTGGGTAAGGTCCTATTTAGGGTCTTATACTGGTGAGTAGTATAGCACGGAGCATACCAGGACTAACGGACAAGCTCGTCAGCTAACTTACTCAAGTCCTGAGCTGCGTGCCTCCAGTGAGACCTTTTAATGGCAGAGACTGATGCATCCGGATTCGACCTCAGAAAGCGAAAAGAGATAGCTTTCGGAAGATACTAACTCGCGGGACATAGAGCGCGAATCTGGGCAATGGTAAACCAGAGGTTAATCAACGGTGTATCACATTCTTTATCCTTACAACGGTGTCCTCTCGAAGTGCCAGACATTAGTACATCTCCAGCCCAAATGTAGACAAAAAAGCGTACGAGACGGTGGTATTATAGTGCAAAACTGAGCCTGTCGATCGTGCGTAAGGATGGCTATATGGCAAACCGTCGGCCAGATTCTTTGTTTGCTGTGCAGGTTAGAGATGCCACGCAACCCGAATCCGCCCTCAGCGACCGACTAAAGAGAGACTGGTGCGCCAGAAAAACAGTCCGGGTCTCTTAAGATCTTATACTCTACCCTCTACGATGAAATAGCGATCTCAATTTTCGATGGGTCATCAGTAAGGAGTAGTTAGCATCTGCAGGGAACTCGACTAGGATTGAATACGAATGTCCATCCTAAGGAGTTAGCACAACTTTTGCCTTCTGCTACGGTGGCAACCGAGTCTTGCGGCGAAAATACGTCCTCGGTAGTGCTCCCGCAAAACCCCCGGGATCGAATGAGCAGCTGATCCGGGCCGTGGCTCAGAGTAGCCTGTTCCCCTACAAGCCGTTTGGGACCCCCCCGTGTAACCCATCTTCCGTAACGAGATACGCGAGCCTCGTCAAATGGCTCAGTAGATATCTTGGCAGTTCTGGATGTGTATCGAATTTATCTAGCATCAGCGCCCAGTCCCTGCGAATCTGTAGCTCTTCCCGCACTCCATGAAAGGGCAAATAACATCCTCCGTATTAGCTGCGTCGATACACAACTATTTTTATGCGAATCGGCCGGGGGTCAGCCTCGAGTGGCTAGTGCCCACTCTTGGTCGATCTCCTCAATTCTACTGAAGTCGCAGGACCTCGCATAAAGGCGGGCCAGGCCATCGTTTTCCAGGAAGGTAAGCTGACTTCTAAGTTAGCTGTAACTTCGACGATTAGCGCACTTTTATGCATAGAGCTGTTCGAGGTTTAAAAAACATGCACTCACCGCCTCTGAGCGTTAGGCACGGAAAATTCAAAGCTTGCGGCTAAACAAAACAGAGTGTATACGGAATTCGTCTGGAGGTTGAGCGTTGAGGCCGACGGACCGGAACGCCCTATCTCTATCGTGTTTCTTCTTAAGTGGCGACGTGGCGAGTTACGACCCGTGGGCAACGAGGCCCCGTATGCCGACTAGACCCTATTGGCGTAGGTAGTGCTTGTTGACCTGCCGGAAAGGCTCGGATTGTAATGGGTGGAACAATCGATAAAGGCTCATCTGGGATTGGTGTCTCTTTCTTGTTTGGGGAGTCTGGTCGCCAAAGCATGTCATGTAATCGCGCCGCGAGCCCCTTAACCTATGAGCGTGGTGCGGTAGCGCTAGGCATGTGGGTCCACAATGTTGCCTGCATGTGACGATTTCAGCAGTCAGTGCATTAACTAAGCAGTTAAAGAGTAGCGGCACGATCCGGGCCATGCCTCCTCCTAGCGGACGGGCCTATCAAACTTAGCTTCTTCA,1813,50.63,Caenorhabditis elegans
SEQ_982776,CTCCTGGGAATGGCTGCAGTGCCGACATTATTGTCAAATTGCTAGCTGTCATGAACTGGATCACATGGCGCAACGGAAACGGACCCAGCCGGATTGTGAGTGAATCCTAAGGGCGCGGAAATACCAAACTTCTTAATTCACCCAAGAAACCTTAGTAGTCCTAATGTCGGGTGAGTTACTTGTCCCATCTACTTCGGACGTAGTGTGTGCGAAACGGGATGGCGTTACAACCAGCATCTGGCCTCCTTATCGTTCCACCCACTTGTCAGATGAGAATCTAAGTATAAGGCCGGACCCACGGTTGAGGCATGTGCTTAAAGCTCCGATGGTAGCGATCAATGTGTGCGCGGCCGACCGCGTTCACATAAGTTTTTACGGCTACGTATAGTCGGCGGACCTACAGAGGCGCGGGGCAATTATTCGGAGAGATGATAAGGGCTGATAGAGACTATCTTTGAGAAGAGGTAATTTCCAATGACACTCCAAACGTAAACCAAAGATCTGTTATTATACTCAATGCGCCGAATGTCCCACATGCAGGAAACAGGCAGGATACCGGGTCAAGAACGTAAATTTATGATGCCGCATAGGTTATTGGTAATCAGCAATGAGACTGGAACCCTGTCACACACGTCCATAATCATACCCCCGCCCTGAAGCCCCCGTAGATAACCAACTGAGAGATTCTAAGATTTCATACACCACGCCGGAAAAATTTATCTCAATAAGTAGGCGAAACCTTAAAGCACCGTTGCATTTGGTGTGAATATCTATTGTAATAGTTTGGAATGACTAAATGGAAAGGGTTGAAAAGGAAGGCGAACATAGCACCGTGATCCAAGTCCAAAATTCGCGTTGTAGACATACTCCCAGACTCGTGCCTACAAATTCGTAGAAACTGCGTCCCCTCAGCCCGCACCTCTCATAGAACCCTTGTTGGATCATGGTTATAGTAGGACGCCTAGGAAGTGATACCGCGCCGCTCCACGCGCTAGATCCCGTCTCTCCGATCTGTGCACTACTAGCCCCCCGAAGTAAAAGGCGGCTATCTGTCACACCTAACTCAGCTTCGAGATCGGCATCCGCACGGCACTCGCAAGCTCCCTTACCCAGGGGACGATGTTGGCTATCACTACACGTACCGGGTGGGATACATTACGCAGGACGAGAATAACTGATCCAGCGCTAATCGGGGACCATCCGACGCTTCTTTAATAGGGTTACCTGGTCGCTGATGACGATATTCGATTGCTGGCAGCCCGCTGCGAGTAAACCTTGGTGCCCAACAGTAAGTTGTACAGTGTGCCGGAGCTATCCACAGTCCACAACGATTTAGACGTACACAAGAAAGAGACGACCCACTCAGTAAGTCCTGAAACGCACTAACACCGCACGAGTCACTTGCGCCGCAAGGCATGGAAATTCGTAAGTCGGCGTTGCACCCTCCGAATGTCTCGTCCGATAGTGGCCACTCTAAACGCACACCGACTCAAATTGCATTGGGTTTAGTCCATTCCCGCACCCCGCAACCCACCGTTCACATGACGCCGCCGAACGAACGGTCCGTACAGTCTGTAGTACAGCGACATATTGGGCAGGTGTTTCACTTATCAGACATGACAGCACCTTTGGAAGAAAACGAGAAGGAATCATCTCTTTTCAAATGCGACGGGGAGCTTGAACAAGTAGCTCTCACATTATGGCGATCACGCTTTAACCGATGCCATAGTCGACCTATTAGAGATCAATCGAGTCGGCTAGGAACCCACGACAACTTTATCACAGTTCCCACACATTTGAGGGCGTTTTAGCGTTTGGGAGCTTGGATTCAGGCATTCTTAGGTCACGTTCCGAACAGGTAACGGTAACACATGTGTAGTCTACATAGAGATGGGCGTCTCACTTGATGAAGGTCTCGTGCCGCTCTTCCTCA,1933,49.72,Caenorhabditis elegans
SEQ_786984,GCTTCGCGGTATTGAGTTGATCCCGGTGGGAGACGCGCACCATGAATATACTGAGATTTCATGCACTTTTACTCTTGCCGGCATCCCAAGGACAGTCAGCTATGACAGGACCACACGAAGTG,122,51.64,Mus musculus
SEQ_873645,CCTTAAAAAAGTCACTCGGTCGATGGGAGTCGCTTCGAAAGCTGTGCTAGATGATTACACGAATGATCCAATTATACGCGGACGTATCCCCGATCACAACGGAAGCCTAAACTCAGAAATTTATTTACATCATCAGAGTGGACCTAGACTAGTCCATGCCAGTCCTCGAAGTTGGGGGAGACCTCAGCGGGCGCCCATATATGTTAGGGTGTCGTGGATAGGGTTTAAGATAATCTCTATTAAAGACCGCGACGTGGAGTTTAACGTTCCCTTACCCATTGTCACCAAGACGCAGTAGACGGTCTGAAGTTGATGGCTGGCACCATTGACACCGGCTTTACGCGTTGAACGTCATATCACGAGCATTCCTTATGACGGGGCGACAGCTTAATTACGCGGAGGGACTTGCCAGTATTGTAATGCTGAAAGGTACTCCTATCAATGACGGATTTTCTCTGCTCTTTCAACTCGTGTTGTGACAACTACATACGCCTACTCAGAGAACCAATAGTCGACCGTTTGACTCGCCTTTCGCGGTCTCCAAGAAAAGCATCTCAGGTGCTTCGATTGTAGATAGCCTAGCTAGGAAATCAACTGTACTTCTACGTTCCGAGTGCATTTACCTGCCTTGGATAACTATACGGTTCGGCCGCGATGGGCGTTACTCGAATTT,673,47.7,Homo sapiens
SEQ_545274,TACGGAATGCATGAGTGTCTAATTATTAATGTCTCCAGATACTCGTTCAGTGAATGATATAAAACGGTAGCGACGCCTAATTGGAGTCTTATCGTAACAGGGTACCCCGATAGCAACAATAAAAATAAGGCAAGGCTACTTTAAGGCTAATACTTGTGAATTGAATTCTGTACTCATACCGGGGCAAGGTGGTTTGGCGTGACCGTATATTGCTAAATAGATGTCACGAATAGTCTCCTCGTGGAGCTCAGGCAAATCGCACGGAGCTAGGATTCGTTTAGACTATGCTCTAATTTCCCCCCCCGGATTTACCGCCGGACAGAATGCTCCTATCTAGCGATCTCCAGCTTGACGAGCGACTTAAGAGGTCAGCATGCCTCCAAGGATTATCTTACAGTCAAGTGAAGCCCCGGGGCGGCTAAATCTTACTATATAGCGGGCCATAGGGAGACCACTGACGATGGGCCTGAACATGCGGGGACAGTGGACTGTCGACCACAGTCGCTTCTCTGTCTAATCAATATTATCCGACGCGGAACAGCATCGTATATATGAAACGTTCTAAATCAGCAGCGAAAACCGTAGTGCCTAGATTAATGGCGGGCGGACCTTACGGATGTGGAACTGTTCAGCGAGGAACGGGTATGATAATACCATCGGGTTTTGCGTAGCCATCTCACTAGAATCTACAATAGTATGACAATTGTTTCATTCACCGCGCTATTTTGGAGGTGGTTCGAGTAAGCTGTATCTAGTGCGAAGTTAAGAAGATAACGGCCCTCTTGCCCGAACGTGACGAACTGGCGGACAAGCAAGTCTATCAGGGTAAGCGGGATGTAGTCGGGCTGATCGTATGCCGGACCGAAGGCACAGAGATCTTCCCGGCGACCTTCTCCGGCCGGACGCAGCGATACAACAAAAGTAAACTACTTAGGGTCGGACGACAATGACATGAGGCAACTGTAAGATGCGGCGATTGATTTCGACCAGTCTGCCAAACCAGTCGGTATTACGAATTATTAACTCACGTCGATACCTTAAGTGCCATCTGCCGCTACCGAACTCTGACATAAACCGATGAATCAAGATGCAAGTAATCGAAAAAGTTAAAAAAATGCTCGGCATGTTAAAATACGACCCTGGTTCGACGGGACACTGTTCAACGCATAACTAGGATGTATTGAGCCCTCAGACGACGATTGGTAATTTGTACTCACTGCATGATCTCGGCACCCCTCAAGCTAATTTTGGCTACGCCTATTGTCTGGCT,1270,47.48,Saccharomyces cerevisiae
SEQ_860112,ACATGCCCGAGCTAGCACGGGAACAATTCCACCAGTCGCGAAGGACCTAGGAAAGTGAAGAATGCTATAGTGCTCGAGACGCCTGTCCCCGCGTTTGTCGATTCTGCATTGTACTACCACTCGGTTTCATAGCTTCCTCCTGTTACGAAACGCCGCTGACCGAGAGAGTCCATTTTCTCGCTACCGGTAGGTAGATGGGCCACCCGTGTTCTTAAATACTAATAATCAACAGAACAAGAGCTCAGCTAGAGTTCGTCCATTTCGAGCGTAATAATGCGTCAGAGAACGTAATACGTCTCCCTGCTAGGCTCAGTCGTTACCACATCATGGAGTTCACAATAGCTGACGTGCACAGAGTGCCATCCTAGCGTGCCTCGAGGCTAAAACGATTACCGTATGCTATCTCAAGTCGCGTCTCGTTATATGGTTCACGATCCTGAGGAAACCCAATACAAATAGGGGAGTCACGAGGTTAAATTTTATGACACAGTTAAACTATGTACCGGAAATTTTGCTGATCCAGGTAGAAGGCTCTCGGTATAAGATTAAGCAGAGCCTAGAGACTAGTCCTCGACCTGGGGGATGGCGGGGTCAGGGAGCCTCGTCACTTGAATATTTTAGCTGTGCCATTCCTACGACTGACGCTAGCATGAGATAGCTATGCACGTTTATCCTTTTACCACCTCAGCGTGACCTATGGGGCTTAGCCAGTTGAGCGGCAGCGCCAACCGAAGCACCCTACCCAGAAGCTTCACATTTAATTCACGTAGTAAAATTAGCTTGGCTGACGTTCGTGTATAATAATAAGCGGGTTAGAGCGCGGTCATGTGTACTTATGGGATGTATACTTTACATGACCACAGCGTCCCAATTAACCCACCGATCTGGCGCGACCGCTTAGCACGTAAGCCGATGCTTAAAGAACAAGCGGACAAGCTCAGGTGTTCCGTTTGATTATTAGTTAACATTGAGGACGCCGAATCGTAAGGGCCTGACAGATGTTGCGTGTCTGCAGAGAGAGTAAGATTTACCTTATTCTGCACTGGGTCAGCTTAGTTCAATAAAGGCGATCGAAGTTTTGCCCTTCAAGAACGAGATCCCGCAGTGTAGATCCACGCCGAGCCAGCTTCCTTTAAAGCGACCCACAGAGCCTAAAAATCGTCGGTCGTTTCTCAGATGCCTAACAGATGTTTACTTCCTTAGACGTCTAGGAATGGTTAAGAACCCATTATACCATCGCCAACTACGATAGGCAATCATTAGAGATCTGAAACTTTCACAGCGGACTTAAGGTTACTACCCACCCGCAGATGTTTGGGAGTAACGACAGGCCCTGCGAGTTACTTGGTCCATCATATCCTCTATTTTAGGACTCCATTGATTAGTTCTAGTGGATGGGATCGTGGAGCTCTCCGGCACGACCTTCCGCCTTATACGAGCACTACCGCAAAGTGCTAATTCACGTCTAAACTGAACTCTAGGGGTGTCAGGTCAGATATAGAGGACCCCATACAATAACCCAACTACGCGGAGTTAGTGTCGTGCTGCTTGCTGGACATAGTGGTAAGTGATGCTACTGTTTGCCCTCAGCATTGGTAACGTGAAGGTGTGGTCGTACACGACAATCGGCTTATAAATGGAGTGATGCGTGTTCTCTTTTCAAATCAGGCAACAAGCCACTGAAAGACCTAAATCCGCGTCTAAACCGGTAAGTAGAGTACATGGGTTCCCGTTTAAATTCAAGAACAATTGAGACGCGAGCGATGAGGGACTCAAGCGTGCACAGGAACTCGGGCGCGCGTCCATTAACAACGTTACTCGGAGCGTGTATCTTGTTGCTTATTACAGTCTGTGTGGTCTATTAATGTTTGGTAAGGGATTAGATGTCGCGTCAGCGCCTTAAAACCAAGGGATTGCAGGGAATTTGCGGCCACGGTACGCTCACGCTACGATCCTTTGTGCGGCCGACACTTC,1974,48.33,Escherichia coli
SEQ_911571,GTCCACAGCTGACACTGGATTGTAAGTATGTAGAACACGGCTAATGTGCAAAATAGAGCAGCCGTTTAAGGTACTGGTCATGTTGGGTTATGGCTTCCGTTTATGCTGATTCGGGACGAGGGATATCAGCAAGTATGTAATCGGGTAGCCCCCGGTGCCAGGTGTAGAGCCCTATTGAGACAGTGGGATAATGACGCTACTTCAACTCTTACCGGCGTTACCGGAAAGCCTTCTTGTACATGACAGGTCGGAGGTGATTTGGCATGGTCGTTGCTTGCCCTCGGAATTCGGAGGGCGTCGAGCCTTCTAGTTCTTCCCGGCGGCACGTCCGAGGCAAAGACGCTAACAGTCCTGCCATAATCTCGCTGTACCCGCATACCCGTTTCGTGCGTTGGTTGCATTTGTCTCCGTTGGTTTTAAAACACTCTGGAGGATCTGTTCGGGTAGGATTCCAATCCATGAAGAAAATCGGGGATCCCGTTGATAGGCGATAAGCACCGCAGTTGCCAAATGAACAGTTGCTGCCTCCCTCCTATAACTATATTGCTTTCTGCATAGTGTCACTGTCATACTATGGATGAATCGGGACTCGGATGAGTCATCGCCCGTTTGAAGGGGCACGTTGAACATGATGTGTTGCAGAGTCGTTTAGAGATTCTTGTCACAACGTGAACTCCTTGACTCTCATTCCCTTACCTGCCCGGCAAGCGCACGCACAACGCGATAAGAATATAGGAGTTATGCGCTACGGCAAATCGTTGTATGTGCTTCTGTGTAAGAAACTGTAGATGAAGTTTCCCTGTACTTAGCCGTGGCTTCTTGAGCTCATATTTCACGCATCACGGTATATCCCCGGGGAACTACATGAAAGTTTCTAACTGCGCGACTGC,890,49.55,Homo sapiens
SEQ_548729,GACAACCTGATGCCGTCATTTTTCATTATATCGGTCGTGCGATCCGATATGAATTGATCTTTGGCTCCAATGGCCTAACCGGGTTTAAAAGTTTCTAACAAATTGCTACTAATTGGGGCATCAGTTTCCGTAAATCTTGACACACACTACTTACCTCTACCAACCACTGGCTCTGCGTCAGAACTATACGCGACCGATCCGGAGAAAGTAAGGTACCTAGGTCATCGTAGGCCGAGGTGTTCCGTAATGGCAGTAGCGAGGGTCGTTTTGCGATTGGCAGGTATGATATTCATTGGCCAGGAAGTGGGCCTTTTTTGTGGAGATACAGATAGATCCCACCAGGACCGATCAGTAGCGAGCTAAAGTAGCAATCCCACT,378,47.09,Caenorhabditis elegans
SEQ_834129,TAAATACAGCGTCATGATACGTACGTGATGGCCAGGAATACGATCCAGGTTCACCTTGGGTGCCAAACAGTTTACGGGTGCGACCCCACAACGAGTTAACTTCGTGATCCGCAATACACGGCGTCGTGCGGTTTCGTGGGGCTTTTGAGGGCAGCCGCGAGAAAAAGAGATCCAGAGATAATCTCGAACCTGCACGACATATGTATAGCTCCCGAAGCCTCACCCTATGCTTCCAAGGCCTGTTATGTTGTGAGCACAAGGAGCAATGCTGATGGACGGTCTATCGGAGCACCAAATGATCCTTGTAACAAGCAGAGTATAAGCCACTTACCAAAGCTGACAGGCGTTAAAACAGTAAACTCAGATACTAAGCCAAACAACTCATATAAAGAAGATTGAGTGACTATTCACTGGAATCGGAGCTTCATGTTACTCTGCAGCGGCGGTGCTTCATGTAAACCGGGCCCAGTGAAGCCTCTCACGCTGTTGGTTGTCAACTAAGCGGACGGTGGTTATTCTCATCGAGTACCCGGCCCGTGCTTCTTAGGTGCCCGTTGAGACACTCGGATATCATCTACGTGATGTTCTATCGGCGGGCGATTTGTTCCATTACTGTCATTTTGTAAGACCCTGCGGAAGGAGGGCCTGGGCAGACCACGGTGTTGGACGGGCGATCCACCGATGGTTATCAAATGTCTCCCCCCCCTCCCTCCGCACTCTAAGAGGGATTACAAAGGGGTTGCACGGAGCAACTCGTAACGATGTTTTTTGGCCCTGACGTTGAACGATTTGCCTAGGAACTCCGTCAAACGTGCTATCAACGTCGCACGGGACTTACCCTCTACTCATCGTTGATTGATATCTTACCGTTGTGCGTTGTCATGGGGAGTATAGGTTCATTTACGCAAATAACAAGGTGAGAATCAAGTAAATTGATAGTGTTACGGGGTAGGTACATGCTACTCTATGGGAGTCCAACGTTAACGGCGCCCTTTTGAAATGTATCGCACGCGCTTGTACGGTCCTTCTTTCATCGACCACTGCCCACTAGCGATGTTAAGCACTTGGTTTCGTTACTTCCCGAAGCCTAAAGCGCGTCAGCACATCACATGCATAGAGGACGGAAGCGCATCCTATTCTACCCTTTCAGATGGTTTCGAGGGCAAGCCTGGCCTAACACCACGTGTCGTCCCGTCGTTCTAGCTAGTTACACATCTCTGATTTGCCAGGCACTTCTCCTGTGGAACCACCAGAATATCATTTTTCTTCTATATCATGGAACACCCCTAAAGCCTGAAATCTCAGTCTGTGCCTCACCGATGAAGTACTCACCCGGTGAGCCCTTTTGAAGGTGTGCGCACCAGTGTCCTAGGCAGGAGGCAATCTAGGAAGTGAGCTAAGTTACCGGGTCTTCAAGCGACGAACCTTTTGAGGTCGTCGCTTCTACCCGGTGCCTCTTAA,1461,50.1,Arabidopsis thaliana
SEQ_114026,CAGTGAGCTTCAGTAGGCCCACGGTGCAATCTTTTCGGGGTTGTGTCAGATTATGCTGCTGAGAAAGACTGTATTCATCACCTCCAATTCTCTAAAGAGTCTCGACCCCCGACCCCCCTCAGCTGGCACCAAAAAAAACGCTGCACACGTGGATCCTCACCAGGTGAGAGCCTCCAACGCGAATTCACCCTACCACGTAGGGCCATTGCTTCACAACCCCTATTGCATCGGAATGTCTGCAATCCGACTATATTGTCGCGGAACAACTTGGGTCTCTACTGATCAATCCGTGTACACCACAGCGAGCCTAGTGGTTTCGATTTTACGCCAGCGGAGATCGAACCACCGGCTAAAAAATGAGGAGAGGCGCTCAGATTCTCATTAACCCGCATCTCAGCCCTCTCACCCTGGGATATCCTTCTTGCCGATGTCTGTTTCGTCCTATGGGACGCGTAATACCCCCTTGTTCCCAGGAGCATCTCAAGGTATGCAGAGCAATCTTGTGGCATACACGGTTTTTGCGGAGCAACGATTTTCAAAGCGGATGAATGCATAGTCATCCTACTTCCTGTAAGTACCGATAGGAACTGACCCTCTTGAAGAGGCCCCGAGTGCGTGAACATCGGTTAGAAATTAGAGGTAGGGGCCCGCGCACCTTCATAGACT,666,51.35,Drosophila melanogaster
SEQ_638025,CCACTTCGAGACAAGTCGCCCGTTCACGGTGGCTACCGACCCTTCGTTCCCACTTGTAAGTGAGAGCATAACGTCCCGGGACTGGGCGTAGGGAACTTAGGACTTCTAGGGTCTCATCCGAGTAAGCCTCGTAAAAGAGCCCTTGCAGCCCTGGACAGCTATAGACCCCCCTTGAAAACAGGCGAGTGGAGGGACAAGGAGCCTTACATTACCCTTCATTCACTGGCCTATATGGATCCTAAAACGCCAGGTGGTCATATATATAAGCGATGGGTACCCGCGGGTGCACCGTGTGACAGTCTATCAAGGACCGACGGGTTCACACATAATTAGGGTAATATCATACGTTACGCAGCCCGGGAATGTCGGAAGGTAGACCTATCCCCCCGCGTGTGGGATCGGGGGACGCTCAGGTAGACACCCCAGTCCGGGTTTTGGGGGCCGATGCGACCACCACAAAGGTTATCTGATGCAGACCCAACAGCGGTGTACGCTGGCAATAAACGTGGCACTTGGTGGCCTTTAGCAAGGCCGATGACGTTCGAGTACTGATCTATGTCTGAAACACGCTGGTGGCTAAATGAGAAAACAGACGACAGCCTGATGGACTGCTCTCATTCTAACGAATGTTTTGTTGGGTGTAGCTCACCGGTAGGAAGGGACCGCCTGAGGTCATTGCTAAGAGGGAGTTCCTGCTAATGCTTCCCAGTACCTAAATCTGGACACCTCGAGAACTTGTCGCTATACAACCCCCAGGCCGGCTTCCGATGATCTTTTGGAGACCAAATCTTGG,793,53.47,Homo sapiens
SEQ_724402,TTGTAGCCGGAGTTGGTATCACCTTCATCCAACCGGAGGCGCCGGGGCCTCGCCGTTGTTAGGCTTCAAGCCACACATGTAAAACAGGTCTAAATTAAATACCATACTCGCTTACGGACTTGCTGCATTGACGTAATGTAGACCAGGAAGTCTCTATTCTCGGAATAATCCTTAGCAAGGCTCGCTACCTACCCACCGATAACCAGTCGTATGCGTGCGAATGGGAGGGAAGAGTGCAAGGACC,244,50.82,Homo sapiens
SEQ_942339,CCACGTGTTTGTAAATACCCGTATGGGCAATGGGGATCGGCTCTAGAACTGGTCCTGGGCCCATGTGAAAGAAATACGGTTGCATACTGCCTGGTTGTCCCAAGCATAAACAACCCTCTTTGACGATGTGAGACATCCAACCCCAGTCACTTCCTCATTGACTCTCGAATGGTACCCAACGGTACTCCCAGACAGATAATAAACATGATACTCTGAGCATCTGCTTATTAGACGCGCCCGATGTACCTAGTTTCCTGAAGTTGGCATCAGTCTAAGTCCTTTATAAGTCGTAAAGGAGGCAGGAGTAGGGGGTGAGATCCTATGACTCCAGTTAAGCATTAAGGTTTTAAAGGACCCCAGTATTAGTAGGGGCCCAGAGATGTTCGATCCGTTCCAGTTATTGTCCCCGGCTGAACTGGGCCGACGAATTCGTGGGCCGTGCGTACCGGCATCTGAAATACGCCGAGTCACACATGATCAAAACTAGATTAGCTCCCGTTCCTTGTAAGACAGTAGCGAGATTAGGACTAGTACGCGGCAGACGCATGTCGTCAGGTCAACGTTAGACTATTGCGGGTATGGAGACTTGGTCAGGCATCGGCATCTAGTCCAACTCGACCTAGTATAGCGCGGCGACATGCCAGGTGTGTTCTCCCGCGCGGTCCCGGAAGTCCCCTGGCTTGCCGCGCTCAAGGTCTCGACCGCAGTAGTAGCAACGTGCAAGTCCGGTATCTACTACCGGATGGATTCCACACGACAAACTGGTGCGTTGCCCAGAGCGCCAGATAACGCCCATCGTTTTCGACAAGTGTAAATCGTGTAACGGCACCCACCTTCGGGAGATATCCCAGGCGGGGTGGTGTCTGCACTTAGCGATGTACCTAACTTATGATATTCCATCAGCGGATAGCTCCTCTTGGACGGATTTAGGCTCTACACCGTTTTGAGGCCTCGCCATCACCATGTTACAACATATCCCTTAGCGCGGTGCAGACATCAACTAGGATGGGACTCTAGGCACGTCAGAACCAAATGAATGAAGTAGCCCGATGACACCACCTGACCAACTTCACTTCTGTATAGCATTCCGGTCTAACTAGATTCTGTGTTACTTACAGGCTGAGTGTGAATACCCCCAGCAGCTTTCGAAAAGGGCATGTATTAGTAGAACAAATGAGGTATCAGTTAGCGGTGGCAAATAGAAGCAGGTGGCTGATACAACATTACGATAGCTACGGGGGAGCAGCTGCCAACTCCCGATGTAGGTGTTTGAGGTTCCGCATCTGCGCTGTAAAGGAACGCCTACAACGTGGTTGACCGCAATTAATCCATTAGCTCGCGGCGACAAGAAACAATAAGACAATGTGGGGTTATCGGGCGTGATCACTTTTCTGCAAATTCCAGATCACGAACTATCATTGATATAGGTTCGCCATGCCCGTAATCAGGTCTGGTCCCCCTTGGCAAATCTGTCGGCTGTTTAGGCACCTTGAAAAAACGTTTTCTACATGTGTCCGAAGGCTCCGCATCCCGGGTACAGGTTCCCTCGATTTCCTAGTTGCCGTGTATTGGCGAGTGATTCACCGTCGCGAACATAAAGTTTATGAAAATTCCTACCGATTCGGCCTCGTCTGTCGGGTCAGGATTCAGGTGTCAGAACACCTTCTGTCCAAAAGGTCGGCTAAAAGAGAGACGCTGGACTTCCGGTCCGTTAGATATGG,1721,50.44,Escherichia coli
SEQ_666228,TCGACAGTTAGTAAGAGGGATATTGGATTGCCAGCGCAGATAAAAGCCGGCGTAATCGGTGAGACGCTGTCCCCCTTATCCATGGGGAGCGGTTCTATGCAGCAAGCTCGTTTTAAACGTCGACCTCCTTAATGCCGACAGTCTGGCTCTTACGGCGATCCCAAAAACACGAAAAAACAGCTCTGGTACACCCGTATTATTCCTAACCCAAAGTTACGTTCTGGAACAATGCGGAAGTTGGCACAGTCTTTACCAAGTTAAGCAAAAGAAAATTGAAACCTGCCCGTGGCGAGCACAGGAAGTGCAACTGATCGTGAGCTTACGCCAGCGACTCACTCGCAGACGCGGTCACGATCGCCACGATCACGACAGCAGCAGCCCTCTCACTGTTCAGTAGATGTATCCTGGCGTAGTTTCCCGCCTCAAGACTATGGCCGTGTCCTAGGACAGCGGCCGTTCCGTGGGATACATGTGCCGTATCAATCCTATGAGGAACGAGACTAAGAGACCAGATCACGGGCTGGGGAGATTCGCGGAGTCGGCTCATCCGACTTAGTGGTATTACTGGATACCTATTCACGAATTCATCCATGGACATTGAGAACAACCCTGAAAAGTGCAGGAGGTGCGGCCGAGCGTGGTGCATCCAGCACAGGGGCTCTTATTGTATTCGTCGATGGTTAGCTGGGGAGTGTATATCCAACTTGCTGTACCGATTTTCAAAAAGAACGTTAAACAAAGCGGGACGATACACCGCAGGCCTTTTACGCCTCTCTAGATCGCCGTGAGCTACTAGACTCTCCCTAACTGGATTACTTAACTTAAGTAGGATCTTACGAGAATAGAGCAGCTCTACCCCCTCTATACAGGTAAAACATGGTGTCTCTTATGACCGGCACAACCCAGTACTTGTGTGACTCTTATGTGTGATATGTCCTAGCGGGGGGTAATTTGACCGTAGACCTGGCAGCTGAAATGCTTTTTGGCCGGCGCAATTGAGAGCTTCTAGCTTCGATTGATCACCGATCCACAACTTCACATTTTATGAGATTTACTACG,1059,49.76,Saccharomyces cerevisiae
SEQ_448968,ATACTAAGCTATCGTGGATCATTTGTACTGTAGCACACAACTTAATCGAACGCCAATTGGGCCCACACCCATCCTCGACACACGGCTTGCACAAACCCTAATCCCCAGTCGCCGGCAACGGATGATACTTCTTAGTCCCCTTATATTAGCCCATCATGAACCAATCGGACCACCGGACGCAATATGTTGTAGTTTCCGTCGTTACAGCTCGCACCGTTTCGTCACCGCCCCACCGTTTGTAAAGGAACGTATGTCCAGTAAGTGCAGCACCCCACACAGAGAGTTTTCGTCTCCAGTTTGGAGCCCCGGGAAACGAGGAGAGTTGCACTTCGTAATAACTCAGGCGCTACTCCGCCCCTAAGGAAATGCCGTTATGTTGACAAACCACCGCAGGTACCGTCATTATAGGTATCTAGTCGAGTATAACGTGAGTCTCATAGTGTGGCCGCAACGTTTTTACCGGTGCAAAGATAATTGGGTGTCCCCTCATTCAATCGAGCTGTTGACTGAACGTTCGAGGTATAGCGCTCTCACGAAAAGCTGTAAACAATATTAAACCCTACTGAGAATAGCGGACTCAGCTCGACACACGACGGCAAAGATGGACGACTAGGTCGTTGGCCTTTCGCCCGAGGGCGCTTATACCCCAGTTTTATGCGGGATATTTTTTACCTAAGTACATCTATGGTGTCCACTCAGCTTCTGTAGGTCTATGACCCCAGGCTAAAGGGTGCCTCCGAGGGATGTTACGAGTCGAGTTGATTGTGAGAACCAGACATATGTCGTTGGGGATAGCGGCCTTCCCCTGTTTGCATACATATCCTCCGGGTCTCGGTAACTCTAACGCTGATGCGTCGCTCGCCGCTGATAATTGGCTACCACAAAGCCGCTCGTGGTATTCCGTCCCCAGGCTAACGGACTATTATCCTATTACGTTCCATGCTTTCTCTATAGAGAGTTACTTTAAGGGCGGGACTCAGGGGCATCCGTTATAATAGGGGACTTAGGCGTGTGAGCCGGTAGTGACGGGATATCAATCTTCCAACCTCCGGGACGCAACGTTAAGCATCGATTACTTCAGGGCGGTGATTTTACAGAACTCACTCACCTGGTTTCCGGGAAATCGGGGCTTATGTGCTGCGACGCAGACCTTAAATCCACGCGTAGGGTTAGAGTGCACCCTCCTGTGCCCGGT,1195,50.79,Homo sapiens
SEQ_940958,CTCAATAGAGGTTAATGTACACAACAAACCCGGGAGACATAGCGGGGCGTGAGAGGTGTACATCTCCACATGTGATAGCTTTCTTAACGCACGATGTCTGCAGTGACCACGACGTTGGAACATGACTCGATAT,133,48.12,Mus musculus
SEQ_874522,CATCCGGGCCGCAACTAATATTTATCGCCATTAAGTTGCGACTATGTACTTTCAACTCCCTTCTTGGTTAGCCCAACTTCGTATCACTACAGCGAGACAGTCTAAGGCTTAAGCTTCTAGCCATT,125,44.8,Arabidopsis thaliana
SEQ_767356,ATGAATAATCTGTCAGGACATGTGCCCGAATGTCGAACCAAAAAAAGCATCTCGCGCTACGTTTTTACATATTGCATGTTGCCAGCGAGCCATAATAGTTGCTAACTGCTTGCGACTCATTAGGTAGGTCCGTGCCCCCCTGAAAGAGCTCAAGAAGAATGTTTGCTATGCTAGACCAA,179,45.25,Escherichia coli
SEQ_183965,TTCCCGCCGTTTGTACGGGGCAGTCCTCAACGCCCGATACTATTCACCGCTTGGGTCCAGTAACACCCCAAGACCAAATCGTTCCGAGTAAAGATGGGTCGTTTACTCAGCTGATTGAGGTGAAAGCACTACATCAACGCGAGAAAGTTCCAGCGCAGCGTCCACCGACTATCAGGATTGACCTGTGCTGTATGTATGGCATGTGGTACCTGGCCCATAGTAACCGATCTGAGATTAGAATAACGTCCCGAGAAGGATCGATTACCTGAGCTTACTCAATTTTACTGATGTCAGGAGGCGGGGCCGATCTGGTATCAAGTTGTGACGGGTGGACTTGCGCGCGTGGCATGACAAACTATTACAGTTATACTGGTCCGTTTGGCCCTAGACTACTTCGGTGCCGTTGCCATCGGTCTAGGTTGACGCCCTAGCACACAGTGACATTCGCGACTTGCTATGGCTTACCGGATATCGATCTAATGCAAGGATCAGCGTAAGGCCGATGGGGCTTAGATGAACCCCACCTCGTCACGCACGCCGATTTCATAGTGTTCACAGGCTGGACGCTTACGCCCGCTTAAGTCTCACATAAGAACGCACTAGGTTGAAGGTTCTCGGTGTCTCCCAAGCTCGAATCAGACCGAGCTGACAAACTCGCCGTCCCAAGCAGATCTTCCATCCATCGGGAACTCCGAGAACAGCGAAATGCCTAAGATAAAAAGAACGAGCGCTGTTGCAATCACGCTCGAATGCATACCCAAGGAAATGCTCTACAAACGGGTACCGTCGAGCCCCATCGCCTACTCAGATGTGAGTTCTATGCCGCGATGGGCTCCAAGGCAAAACCGAAACAATGGACTACTTCCATCGGGTGCTTGCTCCTGAAGCGAAGCGGCGGGATGCAGTGGTCTCATCAGTGTGTCGTCCCGTTGTGACTAGCGTAAAGGATGCGAGGCGGGGTTATCGCGCCTGATCGGGTACACCGTTGAGTCAACCCCGGTTTAAACAGATTCAACCCGCTTGAACACACGCGCAGCGGTGATGCTTTTAAGCATCTCAAACTTATGTTAGTATATTTGTCGAGAGTTGCAGAAGTTTACCCCGAAGCTGAATCAGGGGTGGCAAGCAGCTTGTGCGGATTACCGAAACCGCTCTCGACCTCCTCCATAAGCTCATGTAAGTTACCTGAGGCTACATAGCGTGAGAACTACGTTATGAACTGGTTCGCCCAAACCTTGAAAAACTGGATTCGAGCAAGGACGATATGTGGGTCAGGGATGGTCAGAGATTTACAGAATAATATACCAATATCACCTGATATTCCTGGTTTTTACTTCAACCACAGTAAAGGCAGCGGTCCAATGTGACCTTTTTGCATAAACCAGGCGCCCTATGGGGGAGATATTCTCTTGTTTAACAACTCCGCACGGATCGGCAACGTTAAGTTAATTGGCTTGAGCAGGCTTGTACCAGGGAAGACAAATTGACACCAAACTTTCCTAAATAAACAGCTGTGGGGTAACGCTATTTCCATCAGGAGAAAGACATAACTACCAGAATTGAGACGTGGATACCTTCTCTGACAGTAACAGACTCTGCCTTTATCTTGCAAAAAAAACGCAAGATTACCATCACGCACCAAACTTCCCTTAGACCAACGCCATTCTTGTCAAGAGTTCA,1680,49.58,Escherichia coli
SEQ_941928,CATGGCCTTGGTGACCACCATCGGAAGGTCTAAGACGCAGTTATCGATGTCATATACCACGAGCTCCCCACGTGCGGGTGTACGGAGTGCTACGCTGACCTTTGCTGGGCGTTGATCGGGGCTGCAATCCGGGCGAAACGACAAGTTGATCTGACCTATACTTCTGGTAGTTGGAACGTATAATTAAACTTGCGAAAGCGTATGAGCCCCCGATATTGGTCGACGTTCAGCCCCATTAGCTGCCCATGAGTCTATCACAAGTTTGGCAATCCCGTCTTAAATCAACTCAAGCCGGGCCTCGTATACGGCGTCAAGGTCTACTCAATAGTAGCCTGGGTTGACACCTAACTCAACGGCAGGTTTTTCTATGCCTTCTGTAGGAGCGCTCTTTCATCATGGCTGAGTCAGGGGAAGTCTGACAGAGGTTAATTCCGATGGGCTAAAGCTTCGCTCGACGAGCCTCTTGGGCGCTCTCGTGCAAGGTGACTGCGTCACGAGCCGCCACTCGTCGCCGATTGCTTAGTCCCGTTGAACTTCACTGAATCGTCTGGTGGACTTTAGCCCGAAGCGCCTACCCCGTCCTTTTACCGCTCCCAAAGCTCCTACGTTACCCAGAGGAGAGGTGACTAAATAGTGTGGGTTCTCGTGTGCCCGCTCAGACCAGAACTCGCGGTCCATATACGTAAGATTGCCGGAACGGTTTATTACAGCAGGAATTCACATTAAGACGTCTTTCGTTCGAAAGTATTGGAGGGTCGTAAGGAGTTGAACTCTAGTGGTCGCGAATTTTCTACAGGCTCAATGCCCCGTAATGTTAATTCCTCTAAACAAGGACATGTAAACTCGACGTTAATCGGTTCCAAACTGCGGCCGCGTACATCTTATCGTTAAGGCGTGGGGAAGACCAAACCTTGCGATTGAGCCTCACAGGCCGAGGCTTCAGGAATCAAACTAGTTGGAGTCCACACGTGGTTACGTGGTGGTACCGCACCGCGACGCCTCAATATCTGTTACTTCCCAGTGTGCAGAGGTCTAGCCGATGTGGGCGGTCACTCCTGAGCCGACGGACTAACCGTGCGGCTCATGGCGAAGACTTTGCTGCCTACAATCACTGAATGTGTAGCCCTACCAATAGGCTGGGGAGTACGCTCTAGATTCCCGCATGCAGCACCAACTACATCAAATACTTTCTACTTGCATAGCGTATAGGGCATCGAATAAGGACCCTGGACCACAATGTTAACTTTCTATCGGTGCGGTTTTATGCTGCTCGGAATATTATGCGATGCCACGACTCGTCGCTCTCAACTCTCGATCACACGTCAGCTTGGCAAACGTCACGTACTCGAGCCTCCTGACCGATGGGAATCTACATGCAACGGAATGCCTGTTTCCCCCATCAGCGCCATACACGTCAGAGCAGGAGTTGAGCACTCGTAATGCGTGACATAACTTCCTAGGGGACAATAGGTGAACTATTTACGTTGTAATGGGTATGCGTCTGATCACATATGTATTGATTCAAGGATAGACTCCCGCTTCTTGTGCAGTCCCTTGAAGGGACCCCTCCCGAGAGAAGGCATAAGGAGCTTACCATTGATGCCCGTCAGCATCTCTTAAAGAGGGCGTACACTGCTCTCCGATAATACCGAGAATAGTGCGCGTCTAGAAACCGACCCAATCGTCACACGAGCCTTGTAGGGTTTTGTCGCCCTTGACCTGGTGGGGGCTTTCGAATACCCTTGTTCACCGTAGTAGCTCCTATTCCCAATCAGCGTGC,1780,51.57,Mus musculus
SEQ_672462,GTCGGGAAAAGGAATAGTCGAGCGTGGGGTAACCGAGTGACCTCGACGATGGCAGGTTTATACGGTACGCTGAGTCCTTATGCCTCGGGTGGAGAGTTTCTACAACAACTCACACAACCTGGGGGTCGAATACTTGCGCAAAACGCGGCATATCGCTAACGGAGAGAGGCAGACACTTCACTCCAACATATTTGGCCCCTCCACTGAGGTATTTACAATAATACACCCCGCAGAAGGTAGCGCCCATGAGATTGCCGAAGTAACTCCTGCTAGGCAGTGCCGGCCCCGTTGGGAACACGTAAGATCACATGGATCAATGACTTGAGCAACGTCTAGCGCCAAAAACAGGAGCAACACCCTCTATTTCTCGCGGACAGTACGGTTTACTAAGTTTGGGATCTGATGCATCGAGAAGGTTGAACTTCCAACGTGTGCATTTCATGGTTGACGCGATCGCCCATAGTTAGGGGATTACGATGCAGACCGATTATGCATTGCTCCTACAGATCCTTTAATCTCTGAGATTTGACGAAATTGGAAGAATGCTTCCGAGTACGAACTGTGATCCGGTCTACTCACGCTTATGTCCCCTCGAGTCGCGGCCTTATCCAGATCATTAGGTTTTTTTCCTGCACACTGGAGAAACTTCTCGGAAGAGACCATATCTTACATGATATCGTACGCGCGGCTTTGAGCGCTAGACACGGAAGTCGTCACTAGCTGCCTTCAAGCGCTGTCATTTTCAAGTTGTACCAAGATCTCCATTACACGACTCTGCTGGCGTCAACACTTGCGCCAACCTAAATTGGCATCTTGTCCTTCTGGGAGAGGACGCAAAATACGGGCCTGTAGTCCGATCTCCAACAAAGGAACTTCTGCGTTAGATACACACCGGAGCAGCGACACTTGTTCGATCCCACTGCGATAAATGTTGAATGATTTCGTAAGCGCCGCTCGGCGGAGGAGTAGTTTTGTATCACTTTTTCAATTGGGCTTGCCTCTCATTGGGAGGAGAAAGCATGGGCTCCGTGATGGATTGTGCAGTCCCACCTGTTATCGGTAGAGCAGGAAAGCATGATCTACTCATTGAATCTTATCAAGGGCGGCTAGCCGTTAAGCACGCGTGTTACCAGAACGACAACTTTATGAACGTTGTGGTGCCAACAGGTAATGCTCGACAATGTCGGAAAATAGCTTAACAGCTGCGGGTAGAATAAGCTTAGAGGTAGGGCTGTGTCTAACAACTCCGCTAGAAATTGGGCTTGCCTAGTTTACCGACCGCGCCCCTGCATCTGCGTCTCAAACATACCAAGTCCGCGACGGAGTATACCGCATGCACTCCAGGTAGCATGTTCGCATTAGACGGCTCCAAGTT,1375,49.82,Caenorhabditis elegans
SEQ_830469,TCTAGCTACAGTAGCAGGTGGTCCACAACTAGAAGATCTACCGTGCGTCGCTCAGGCATCTGGGAGGCGCCATTTCTTCATATAGTCACCACAGTGGTGGAAAGCAGTTCACCGAAACAGGCAGGCTAGAGGGTTAGCAAGGAGTTTGTCTTGGCCTCCTCGTCGTCGGTTGGCCCGCCGGAACCTCGTCGTGGTCAGAGCCCTCCCCGCGGGGTTGCAGATACCCATATGACTACGATCAGCCATGATAACACAGGAAGCAACTATAGGATGGTTGCGAAGCTACTGTAACGTTCTGCCATAAGATATGTCTGCAAACAGTGTTGGATAGATGAGCCAGTCTATTGCGGTGTATTTAGGACACTGAGGACGCCAGGAGCTCGACTCTTAGATATGGGGGTCGGGCCCGGAAGCCCACGGTGCCGTCCGGGACAATGAGGTCCAAACACGTCCCCATTAGATCTCTATTTTCAGCATTAGTTGGCTTTGGGTTGCTGGCTTGAGACATACTTTATCCACACCCCGCCTCTCAGGGATCTGTTCCAGCCTCGTATCGTGTACTCAAGACGCTATTTGCCTGAATTAAGACGGATGAGTGGACCATAGACGGTTATGAGAGATGCTTACGTGTACACGATTCTGAGTGGCCATTCGCTGAGGGCCGTCTTTGAGAGTTTCGGATTTGAGTCAGCATCCGAGATCGACAATGCGGCTGACCCGACCCAGCTCTGAAACGAAGATAGGGCGCGTGACGGAACTCTCCGATCTGTTGGTTTCCCTCAAAGGCGAAGTACACGTGCCCTGCATCAAATCTGGTGTAATAGAGACGCCTTAACTGTTGGGCTCTGTCAGACAGTAGTGGATCAACACAAGCGTACTCCCAAGCATGGAGCGATAATTCAAAGGCACTAATACGCTATTATTCTCGAGGGCTCAGGACATATCCTCAGCAAACTTCAATTTTGGTTCTGACACATGCTCGAACTGCTTGTCTACAGTAACGGACGCACGCAGGTGCCAAAACGCGACTTTCATGGAGGACTACGTAAACCTTGCTAAGTAGTTACTACGATAGTCTCACCTCACGGCGGTGAATTTCATTATAAACTC,1110,50.9,Saccharomyces cerevisiae
SEQ_338001,CCTGGAAAGGGGTGAATAGCCACGAGAAGCCATGCTACTGGTGACACGGACAAACGACCTAGTATAGCGTGCTCTTCCATATGGTGGCGTTAGCCAACGGGCTTGAACATGATAACACTCGTGTTTGCTAGGCGAACAGTTAGTGATGAGCGCGTACCACCAGTTAATTTCTATCCAACCATACTATATAAAGTATACAACAAGCTCTTAAGTACCTTCGTGAAGCGCGAGGCTCGCCCTGAGACTTTTGCGCAACCGAATCCCACCGTAGGTAGTGATAATCCGTCTTAATCCGTGGATCCAGTCAGCGTCGCGACGATGTACGAATAGGAATATAGGGTCAACTGGACTTATTACTCTTGTGACAAACTTCCCAGTCAACCTTCGCGCTTAAGTAAGGATTCCTAAGTCGCGTCACTAAGACGCTCCCACGATCTACTGCAGCTTATGCAATACGATGCCCACAGAGCAAGTCAGGGTAGGGCCATCGCCCGGTACGCCAGGCACGGTTCATGGTTCATGCCATACGTCCTCACGTGACTGTTGGCACGCGGTAAGGGTTGTCGCCTCATCGAGTCTCTAGATACAATATAGGTTATACGCTCTTGCTCTACAGCGTATTCCGGAGCAGCGATGTTCGGCGGTTCTAGATCTGTGTTCCAGGACCTGTGTTCTCACTGCCCTTCATTAGTGATGGTGAAGAAGAGTACCCTTGGAATACTTTAATGGTGGCTGCGACGTTGTTAAGAGTAAGAATATGGTAAGCTCGTATGAGTACGCTGATTGGGTAATCCAGTGCTATCTGTGGGGTGCAGATCCATTTTCCTGCTTACTATCATGCAATATGGAACCTTGCGCTTGCGGGCGCAACTGGTAGAGAACTCGCGAGTGCCTAGCAACGGCACGACTATAGTAATGGGTATCATTCGTGCTCTCTATGGTCCGCCTTCGGGATACCAAACGACCAATATGTGCACAAAGTTACACCGCAACGAATACGTTAAGCCCCTAGGTAAGTTATGGCTGCTCCCCTTCAATCAGCCCATTTAGTATACAAGAATAAATCCGGGGAGCCTATGGTCCCATCAAGATAACCCAGACTTTATATAATTACCCCTCTGAGTACTCGCGTCAGAATTAGTCGATTTAAGCCCCGAAGTTCCTGGGTCAGATAGCCTTACAGGGACGTCTAATTCGAGGGTATTTCGACTCGATGATCTGGCTAACTCGCCTTTGCAACGGAGCGCGCATCTCATCTTTTATAGGGAAACTGGTGACTCTTTAGGGGCTCTCGGACCACCTGCTAACGCGTTAACAATTGAAGGCTGTTGTTGCTACTCAATCTGCTCGTCAGCGCGCAGTTTGGTGTGTCAATATGGCCCTGACAGATCGATATATCGGGTAAATGCTTCGCAAGCCTATGTCGGTCATTTAGTATGTTTTCAATCTTGGTCCCGGCTCATCACTCCCTGGAAATAGAATCCTTTCGCTTTGGTCGTTTAGAACTTGCTGGGTCATCTCAAGAACAGTCTCAAGAGTAGGCTGGGTAGGACCAACGCAATTGTCAAAGTTATG,1575,48.51,Mus musculus
SEQ_983307,CGCTAAAATTTTCAACAGCCCAGCAGCTTCGGAGTGCTCTGGATGTTTTTGTGGGATGTCTATGATCGTGATTTGAGCCCATGAACGGATGAGCGAAGAGTTCATACTCCCATGTACATGTGATTTGAATAGCTCGCTACGAGTGCGGCGCAGCTGCTACGACTAAGCAACAGGGTGCGATGGACAATGAAGGCCTAAGATTATACGGTTGGCCGCCTGTCGCTTGTCTTGTATCTAGGGCTATAATAAAAACTTTCGTACAGGTTAAACTATTACAGACTATTCGATAGTGGGTCGCGGTCGCAGTCACCATCGTCTCCACCAACACCGGAGATGCCCTGGGACTGCTTAATTCCCTTTCCAGAAATTGCTCGAGCGCAACCACCAATCCTTCCCGCAAACGGCTCTATGACCGAACAACTGTACTGAGCCAATGTCTGATCCGCAACGTTACGGCTCCTATCGATGGATGTTACAACCCGCGAAGCCGATATCTCAGTACTGGATAGGCACTTGGTCTGTTCTGCCTAGTCGTATACTCATCTGGCGTGATCCGTGAAAAATGGTATAGACCGATAGATGATTCGTACGAGCCGCTGAGGGGGGTGAACGAGCTGACGCGTGCTACACTGACGAGAGGCCTGCGCTCAATATCTACTAAATTCACAAGCCATGCGTAGGGAAGGCGGACGTTAAGCGCGTTAGGCGTGCAGCGGTATTGAGAGGGACCTCCTTTCGCACGGCATTAATATGTCTACACGAGTAGAAGAATGGGCGCGCTCACGATAGCTGCTGATTGATTCTG,805,50.43,Caenorhabditis elegans
SEQ_466210,TTACCCAGGAGGCTCACACCAGCTGTCGCGTTCTGTTACCGAAATGCGGTAATTGTCCCACTATCCTGAACGGTCGGTCTTGTCGTGGTGCGCAGGAAAAATCGTGGAGTGCGCGAGAACGCTGGTACCCAAGATGAAAGGTCGCCCGTGGCTCCTACTTATTGCGCATAATTACACAAAAGCGTACTTTGCCCCACCAGTGAGTCGCGCTGAAAGTTCAAAGGTCGACTGCATTGGCTTATATGCGAGCGCCAAGGCCTTACAATTGATCGCCTTCTAGTAGGCTACTTAAGTTGGTGATCACCATTACGAGACGGGCACTTTAGTCGGCTCAGAAAGTACCACAGAGTAGCAATTGGTGTTAAAGTGGACGGGACGGCTATTTAAAATTTGAAAACGTCTTGTATAGACGTGGTGACACCGTGGACTAGGGCTTATAATAGCCTACAACCTTATAAGGCCCTTTTGCACCTGATGTAGGTTTGGGTAAGCGGAGCATTATGCGTTTGATTCGTCGCGTACTCATGTGCCCGCGTTGTCCGCGAATCGAGTCGGAAAAGGACATTCTTTGCGGAGCGTGTTATAGCTTTGTACACTTGCTATATATACGCAGCGTCTTAAAATCAGAGGATCTTCGAGGTCCATGGCCATCGTCCTGCCGACACGAAAGACCCGCTAGACGCACTTCCGACAGGATTTACCGAAGGCTAGGAGCATCTACAACTCGTGACACTCACCGGTAGGGTGC,748,50.13,Caenorhabditis elegans
SEQ_742995,CTCAGGAAGTAAGCCGCTACTCCGTAGCGCAGACTATAGGTTTCTCTAGACAGATCTCACAAGGGAAGAGAACCGAAGGAAGCCCGGGACGTTAGAGCGACTTAAACTATAATATTCTTGGCCGAATTATTGTAAATATCACACAGAACACCGCTTTCTGCGCATCTGCAGTGGGGATAATGCTGGCGGGTCGTGGAAAATGAAACGCAACTCACTTTTCACTCCAAAACTGCAGTAATTGTAGCAATACAGAATAAATTAGCTAATAACTATGCGCCCTCTGCCCGTGGTCAACGCTTGCATTCGACAACAGCTAAGTAAAAAACCGCGTTGCATACGACGCGTAGGCAACTTCAATACGTTCAAAGAGTCTAATAGTTCTTGACAAGAGCGGCAATATAATTGGTGGCCAATACCATGACACGCACCCTACACATCGCGAAAGGTCGGGAGATCTTGTCGGATCTCTCGGACATCTCGCTTGATACGCATGATTGCACATGCTTAGCGACGTGGGCTAAGGTGCTCAGGTGCACTATGACGAAATTGTTCCGAGTGATATGCCGTGCCCCTTACGCGCGTGGGGGCTTTAACAAGTTGCAGCTGGTCAGGGGTCCCTCGGCGGCCTCCGGCTCTGAAGAAATGGACGGCTTTCTTCGGTAAATGACGAAGCCCAGGCGATATTTTTTACACTGCGACTTCTTAACGTCTTTGACATGAGACTGAACGTATGGGTACTATTCGACAGAACTCGATGTACATCGGTAAATCAAGTTTGAATCGTTACTTAGATAGGTGAGAAGTGAACTCTCTATACCAGCAGGCGCCTTGACCCGTCGGGACAGTAGTTAGTCCATGGCGATACGATCCGGTGACTTCACACCTCAGTCATGCGAAATCAGTCCGTTGTGAGAGGCAATCAGGAGCTCGGGTAGTCCCGTCGAGCCGTAGGTGGGCCATGCAGACCATCCGTTCTCGACACAGTCTGTTTCGGTTCCGCCACCCTCCAGCTGGGATATCAGGTCCGTATACGCTTTAGATACTCTGGTGACAGTCTGCTTCCCCCTAGGAAGGTCATACTGCTATAGCCTGTCGGAGCGGTACGCAGTCTCCCTGTTGGACTCAGAGACATCTCCGTAACGCTCGGAGAGATCTTTTAAGATCTGAGGTTTGCAGCACTTAAGTTACCCCTCGAACATTGCCGGTGCCCTGTTTTTTCCTCCGCCAAGTTAGGCATTTTGCGCAGAACACAAGCCGAATGTTGAAGTGCGAAGCAGTATGCGGGGGATACCGGTTGGGCGCTGAAAGCCTGGCAGCGTCTGGATCATGAGTTCTACGTTCAGTCCAGAGGATTCAATGTTCAAGACATAGCTGAGGGTCGATCGCGCAAATCGGTTAATACCTGCCGCGTTCCACGTTAACGCTTGTAACCATATATAGACGTGCCTCGTCTAACATGTCACCTCACGTTTACTTGTGCTCTGGGCAAGTGTAGCTTCGACGGCGACTTCGGATTCATCGTTGTGTTATGTACTCTTGCGCGCGGACCATCAGTATCGCTGTTGCCACAATCGGCTGCATTCTAGTCCGTTAGAAACCGGGCAGTCGAATGTCGAATGTACGTCGTCGCGGGGCAGTCGGACCATGTCCAAAGGCAAGGAACAGCAACC,1670,50.54,Saccharomyces cerevisiae
SEQ_958991,ATACCCGTGAAAAATGTGCATGCATGGGTAAACCTCTGTTAATATCTGCTTCGGAACACTTGAGGT,66,42.42,Arabidopsis thaliana
SEQ_177478,CATTATCAAAGATCGAAGCAAGGTTGTGGCGGTCAGAGTTGGCGCTTTTGATCGCAGCAGTCTGAATCTCACCCCTGACCCCGAGTTCTAGGAACTAGTCCAGCGGCTGGGTTACAGAGCAAGCCCAGAGTATCGTCTATATCAGCCGCGTTGGACGGTACCCGTGTAACGTCGGGGTCATTCGTTCAAGGAACTAAACGGTATTAAACCTGGTACTCGGCTTAAGCCATGCGACCTATATCTGAACAACTGGTAGGCTATCGCCCTGTCTAAACTGTTTTCCACTCAGACGTCGAGGCCACGTTGGTGAGTCGTTGACCATTTCATTAGGTCGTCTATTAGGAAAGGTACAGACTCTTTTATTGTAGCTGAACCATACGGTCGTTTAGCATTGATTGCCGGCGGGATTACCAGCCAGAAACACGTAGATGAGGACTGTAAGACTCAATGCAATGAACAGGCTCAGTGTCTTAGCGCTTGCAAGGCCCAGCCTAGCTCTGTGCAGGCGACCCCAACCAAATATTCCTTGAACACGATTAGGCCTTAAGTACCAGTGAAGGCCTTCCAGATAGTGTAGTATGAGTAGCACACAAAGTGGGCCCGTAGTCACTGTCGCATACCGAGAGTTCTCCACCGCGAATAAGTCATCGTGGCGAAAAGAAACCACCAGGCGGACGTTGTTGCAGGCAGTCACAGGGGTTTTTTTGGTTATTCCAATGTCCTTCTGCATTATCGATCTACAATGCGAGTATCTTGCCGCATGGCAAGAGAACTTTCGTTTATTGCCCTTGACTATAAGAGAAGCGACATAGCTTAGTCGCTACGATAGCCATAGTGTCGGCTTCGTTGATAGTAGTTTCGCGCCTATTATGTCGGACATCTACGCCATTGAATGCCAAGCAAGTCCATCCGCCCAATGTTAACCGGGGTAGTGGCAAGGGGTTTGTTTCCCTAGAACTGGAAGCCCAGCAGAACCGTGTGTACCATATTCTCTTTTTTAGTGGGCCCCAAGGATACCCTTGCCCCTGCGTTCCCCGAACGCGCCGAAATTGAAGAGACCACGCGATAGGCACAGCGAGACCATCTAGGCCGCGCTCTCGCCATGGCGCGACTATACGGAGACTTTGCGCCACTTTTGCATGGGTGCTGATGGGGAAGTTCGCGCGAAGGGACACGAGGTGACTTTTTTCCTGAGGAGTGGACATGCCGATAGGTTTTATCTTTGCGGATTCAATTTTACATTCCTTAGCGTTGGGTCGTCGCGAGATGTTGGGGTCTTTTCTTGTATTCTTGCTCAACGCTTAAATCTCCGTGAAGATCTACGTGCCGAAGCCACCACAAAGTTGCATTTTCCATGCGAAAAAGGTCTCAAGACATGGTAGTCGCAGTCACCGGGGATATTTGTCACGGCTAAAACCGGCTACAGCGGACTTAATTGGGGAGAAGGGCCGTATGGTCGAAAGCAGCTCCGGTGCAACCCAAAGTCCTACACCATAGTCAAATATAATCGATGGGCAGCAGTTCAAGGCCGACATCGAACAAACATCCCCTCTCATCTTTAACTTGGGACGGCTTTCAGTAGCACTTCGGGTTACACCTCATCGAAGCAAACGGGAATATCCTTCATCCCATAGAGAAACAGAGGCCACAATTATACTTTTACATTTCGGGGAAGGGGTTGCTATTTCTCCAAGTAGTATATTCGTGTGTGGCGCTGCCAATTGGTACCTGCCCTCACTCGGCAACAAAGCCCTGCTCTGCGATCTTTGTACGACTCCATAAGTCGTG,1788,49.89,Mus musculus
SEQ_704612,ATCATAAAAGTCCTGACTTGGCTCCACTCAATTCCCGCTGTACCAGAGGTAATCAGCCATTCGTGTTGATAGATTAGTTACCAGTTTGCACTGTTCACCCACGGAAAGCGATCTATGCTGCATCAGTGATTCTCCGCTGAGTTCGAGCCAACGTCTTCAGGAGGTTAGTACTCATCCCGTCACGATCTAAGACTGTCCGAAGTACTTCAAGCCTATGGGGCGCTCCGGTAGATCTAACGAAGCTCACTATCCGGATTTACGATCCAACGTCAACAAGGACCCGCAGACACCGTAGATGGAAAGGGCCGGATTACTACAATTAAAACAGGAGTTGGGCGTTAGGAGCTATCGCTCATTCCCGGAAATAGCCGTCAGAATGTGACAGCCAAGTGGCCATGATCTTCCGTTATAGTGAGCAACGCTGGCTTAAACTAGCACGCAAAGTATACGAGCATCTATACACTTTACGGCACAAACCGGCTGGGCCTGACCACGATCTGCGCCACCTTGTGCAGAGTTGCCACGTTCGTCCACGGGAGGTCGTCATTTGCTTAGGGAGAGCAGGAGAATAAGTAGTTCAAATAGAACCTACCAAGAAAGTGGATCGTCGTCTAGTTCCCCGAGTGCTCTAACATACTGTATTTCATAGTCTGCATACTGCGTTAGTGTCTCAATTAACCCCTGCCGACTCACACTCTGGAAGGCTTTCACGCGCGCAGTCTAGTCTAGGGTTTCTTCACTACGATCGTGCACAAAAGCGCATAAGATCATAGGAGTCCCCGTCACTGCTGGTACGGCTTAG,802,49.63,Homo sapiens
SEQ_807854,ATGACCTCTCATTTACAGTCCTTTTGGCTGGAACGTCAAAGACAATCGGGCCCTCCTACTATAGAGAGCGCGTGGAGCTCGATGTGATTACGTGGCTTTCATCGGGATTCGGTGGGTAGATCAGGCTGTGTGGAGCTATGGCCGGCTATACTGACCCATACTTGAATCCTAACTAGCATTCCACCGGAAAAGACTCGACGGGCGCCATTCTGGTTACATCCTGATCCGAGTCGCACATCCATCGGCAGCTATAAGGATGGCCGTGGATTTCGAGCTTAAAGGAAATTTTGTGCCCTTTATATATGGCACTCAGTACAGGCGGCACACTATGCACCAAATTGATTTACTACCCGTCGAATCGTCGAAGAACACACATGCCAGACACAGAAGAGTTCTAGTGAGTAACCAGGGTGTTCATGGGGAGTGAAACTCTTTCGACGTTATGTCAGGCTGTCTCAGTTCGATAATAATCTTTAAGGAAAGCCACCTACTGCCGAAGGCCTTTCTTCGGCTTTCTTGTTAGCGATTCCGCCCTTTACTATGAACGCCTCTACATTTACCTGCCATCAATTCGACAGAGCTCATAGCGTGGCGCCGACACTATAGTATGCCGAGCCGCCCGTCAGGAGCATCGACTGATCTACATCACCGGGCGCGTAACAAGTAGGCCTGTGTCTTGGGCTGGCGAGCATTCCACGACGCGTTACCAGTGACCGAGGATACGGTCATCGTTGTCATGGACATGCGGGCCTTCTGCGATCAATCGACCCGGGATGGATAAACCCTGGAGATAGCACCTCAACCTTATTAGCGACTATTGACAGTCTCCCACATAGCCTACTCTTCGACCCATGCGCTGATATGTCGCGGGGGGGTACTATGGGAAGCGGTCTTCACCCTCCGGAAAACACAGTGACTTCCCTGGATCTCGTATCTCACACGTCTAACATTCGAGGAATAAAGCTCCAAGCGGCTAACTCTGGGCTCGGGATAGTACACATGGTGATAGCACGGGAATCGGGCAGTCGTAGACTCGCCGCAGTCGAGCGGCTTTTTAGGGGGGTGTGCGTTTACACCCAGAGGATAATTCCATCAACACAACTTTACGCATTCCAAACCGAATTTAGATCGTTCCTGAAATAGCCGGTCTACCGGTCTTCGCGGTGAACTTATTCCATTTCCCAAATACGTCACGTAATTACCCGTTTCCAAGGCATTGAGATGTGTACAGTAATGGCGTGGCAGAGATCTAATAGTAGCATCAATAGGCTTACGAGAACTCGGGTGTAGCACAAGACTCCGAAGGTCACACCGCTTCTATTTCCATTTCACCTTCGGTAAAGCTTAATCAGCTCCACCTACCACACACAGAGACAAGCGAGTCATTGGTTCCTCCTTAAGAATGGTAAACGCATGATCGAACGATGAGGATTCAAACCGCGTACGCTTCACGATAGTGAGACAATAGTCGGAGGTTGGCTTCTGAAAGAACGGAGATCAGATTTGCCCCCGTACGTCTAAATGGGTGAAAGCGTGTGAAGCTTGTGATTTGACGACATTCTGATGTTTTACCGAGTCTAGCCGCGTTTTGCCGAATTTATCTTTGTATCTTTGAAGTACTACATCGTAAGTGGGAATGTTGACGTCTTGTATCCTAGATGCAGTAAGCGCAAACGGCATGTATACGGACTCCCTGCATAGGGGCAGGGAAGGCGTACTTTACTAGAATTGATTGACGATACGGCATCCCTAAAACGTGATAGTGCATGAA,1771,49.29,Escherichia coli
SEQ_837967,AGGTATCACGCATACGTAGGACGAAAGATGTCTACGACTGTCGATCGGCCGGCGGATACAATTCCCGGCCCGTCGGGATGATTAAGCGCCGAGTCGGTGTCAGTACTTGGTAGGTTTCTAGCAACACTCTGCTGGAGCATCTACCACCAGCCGGAGATACTCGACAGTGCTAGATAACAGGGATAGCGTTCAAGCGATGTCCGAGGAACGCGGGATGTGGACACTCGTAATTCGTAACAAACATGTCAGAGTACGATAATGGGCGCCTTAAAGTCTAAGACTAGCACGCGGTCTAGCGCCACGAATGTCGAGATCAATGTTTATGCCGATACTAGCGATCGTAGGGTTTGCCCGCCCTTTCTTACAAGAGGGCCCATATTATCACGTTCCATGCTCTCTGACAGGTGAGCACTTTCACGATGTCCTGTCTGGGCCCCAGCCAGCTCTATGATATTTGACCCAGGAACCCAGTGCCCATTACGAACTTCTCGTCACGGCGAAACTGCACGTACTAATCTCCCGAATTTTAACGCAGGTCCATTCCTCCATACCCTAGGCTGCCGCCTGTGTGACCTGGATCATAACTCCCCGTAAACCTCTTAAAGACCAGGGGCGTACGTGATAAATCCGCCGCGCCACATCAGTGGACACAGGGTATTGTAAAGTCTCTAAATAATATTGGAGCGTTAGTAGACTGGCATCCGAGGAAACAGTCTCTTTCGTTTGTGGTGCACCACGAAAATTCATACGCTGGAAGTGTACTGTCAAGGTCTCACAGTTTGCTCCCTAGAGTCTAGTGGGGCTTCGAGTGCCAATTTTCACGGTTGCGTCGCTGCCTACCGACGCCGGCACCAGCTCTATTGGTCGACATTCGAACCTCTTGCAGCTCTCCATTGATAACTAAAGGGTCGACCGTCACCTTAGTGCTGGCCGAGACGGGCGTTTCAACAGGTGTCCCGTAGTTCGGGCAAGCATTGAAAAACGAGGGCCTCTAGTCTAAAAGCGTGGTTACAGGTGATCATTTTCATGCGTGCCGCACCGAAGGATTCCCCCGTGCGCACCCGAGTACATACTTCCCGCCCTACGGCGTCTCGTCCTATGTTCGCAACACCTAACCGCTTTTATGTAGTACGGACAGTTCATTATGCGAACAACCTCGGTAGATACTGCTCGCTTATCTGCCGGTGCCCAGAAACGACGATCGACCTGAAAGCGTTAGGTACCATGAAGGTCATGTTGGATCATTCAGTTGATTAAAGTTCTCACTATCGTCTAAGTGGAACTAGGTTTAACCTACGACCGCCAACATAGTAACAATAAAGATACAATAATAGGTCGTCGTGCGCGATACAAGCGGGACGCCGTGTGCCGACGGCCGTCGTTTGCAACCACTTTAACGCAAGTTTGTGGCTAGTTGTACCGATGAGCGAAATCGGGTCGCGTGTTGTTGAACACGCGAGCTGAGCGGGGCCGGCTCGATACTCCGGGCTTTGTCGTATCCTGTACTCCCATTGCCAACTGGTAACTACTGACGATCGCTGGGAACGGTAGACGATCGCCCTTTCCTTGTGTGCAACAAACAAGCGGGCTGATCCCTTGAGGATGATAGGTCACCAGACCGTCCACTATAACACCACGGATGGCCCCCCCTGTTCGGTTCAGGCCTTCCTTTGAGCCTCGGTCGGGTCACACCCACTCATGCGGCATCCTGTTAGCTATGGAAATCTTGTAACAAAGGGTCGCTGTAACACTACGAGGCGGTTCCACCGGCTCTAGACGCAGGTCAAGTCGTACTGGGGTGGCCTGTTAATATTAATGCGCTTCCTCTGGGGATCGGTTAGGTTCACCGGTAATTCATGTACATAGCCGGGGCGCTT,1877,52.26,Arabidopsis thaliana
SEQ_674072,CCTGCTTCGTCCAAAAACTATTTTGTCGTTTTCCAAGCTAACTACTAGCATAAAAAGCCCTCTGAAGACTGTTGGCCGTGTATAGCTAATGTGCGACGGGATCAATCAGTCTGGTTTTGATTATACATAAATATCTCCTGACAGCAGGTCTTGAGAGAGGCGCAACGCTTTGCTTTGGGCGGGAGATTTGGAATAGGTGCACAGGCTTCTACCGTGTGTGGAAACCCGAGACACCGTGGAGCGGGGACTATATAACCCTGCTCTAATATAAATAATATTCGTAGCGAACAGCGCTCAATGCCGCGCCGGGCCCGGCAGGCGTTACCATGACGGATATGACCTAAGCCGTAGGCGGCAGTGAAGGAAGTGCTCCCATCTAAACCTAAGGACAATAAAGTGCCACCATATTTGATAACCAAGTAGATTCTCCTTCGCGACTGCTGATGCGTTGCCACTTCGAGGCTAGGCTGGATCGATGGAATCAGAGTCCAATCCCACCAGTAGCTAGAATTAATGTATCACAGCTACGCCACGCATATAACTGTGTATCCGGGATTGTCCTCTGATGGTTCACTTGCTAGGAACGGGGGCCATAAAAACTATCCATATTGGGTCGCGCAGTTTGTGCAATGGTCGGTCTACAATTTGCGATCTATATCGCGGTTAAGTACGTCCCTCTTCGGTGTCCACGCGCCGGCTATCGCCTCAGTCCCGACCTCCATATTACCTTCGTGTTCTGTGTCAGACCATTTGTTCTGGACTCTGGCCTATAACGGGCACTAGTTTCGTGATCTGGTACATTGGAGGTCACATAATGACCACGCTAAGTATAGTAGGTAGTGGGACAGTCTGCTCTAGCTCTCTTGGACCACGGAACATGTAGAGGAGTTATCTCCTGTTTTGTGGTAGCGGAAGATAGTGGATGGGAGAGTGTTCCCATATGGTGACGGATGGCCTAAGCCCAGCTAACATGTCCACCCAGGCATGACCTATGGCGAATTCCGCCAATTGCGACGCTGTAATTCGGATCTACTTGGCCTCTCAGCCCCCTCAGATCGGCGACACCTTAACCCGTCCGGGACCCAATTGCAAGCCGCGAGGGATGCGGTGTGAACGCAACTCATCGGGCGACCTTGTGAATCGGAGA,1147,50.65,Caenorhabditis elegans
SEQ_762667,CCCATCGTTCAACCTCGCCGCGTAACCGCCTGTGAGCCAGGCTCGTCCGTACTTGCGGAGACTCGGTAAAGCGGTGGCCGCGTGGAATTCCTCAAGGAGACAATCCTGCCTGCCGCACTCGCTACAGGTTTTACACAACACCTGGCACTCCTTTCCGTGTCAACAAGTGGGGCTGCTGAGTATAAAGTGTACATGTTTATTAAACTTGGCACAATCCACTCCTATTTCACGCGCCAAAGAATCCCCGCGCCTGTACGGGACCTCACCCGACCCAACCCCCATGAATTTATTGATTAGAGTCCGGTCGCTCCCTATATGAGCTAGGAAATCGTATCTGGGTATATGTTAGTCGTCGGCCCAGGACTTCGCAAACGCCATGAATAAGTGCATCTTGTGGACAGGGGAACTC,409,53.3,Arabidopsis thaliana
SEQ_289259,CGAGCGTGATTCCGCAGTCTCGCGCGTCTCGATCGGCTGGGCGGATCGTGCGAACACAACATCAAGACAAACGCTGGTCCCCACATGTGGGCAGACAAACTCACATTGATTTAGGCAACTGCAAGGCCGCTGGCACTATTGGAAAAAGCCACACGTGAAAACGGCCTTTTCCAACGACAGTAAGTTCAGCATGGCACAGCAAGCGTACCTCCGCGCGCCTGGCGAGGGTTGTGTGTCATTGATCACGGTTCAAAGTGACTTAGCGACTAGTCGATTGCGGATTGTTCGAATAGGCTACATATTTGGGCCATGGTGGGAGCTTCCGGGCACAAAATGGT,338,53.85,Escherichia coli
SEQ_708540,AAGACGCCCGTTCCCGTAGCGGCCACATACGAGTGTCACCTCGGCAAAATTGACGGTTACACTTCATAGTAATGCACCAGTTGCACTTATTGACTCCCTGCCACCCGTAACTGCCTAGAGCTTTCGCTCGGCTAAAGGTTCCTGCACAAAGGCTCCAACTATCGGCGCGTGGTTCCTTTCGGGTACCCACCTGTCCATGGTACAGCAGTATCCGTCCTTGGTAACAATTGGGGCGCAAGCATGCCTGTGTAGTGTACACCAGCCGCCACTACCTAGTGAGGCCCGAAAGTGCGAAGTTCCAATGACCGCTCAGCGGGTACTGGATAATATCACACGGCTGTAAGGATGCGTATGAGCCCGCATTTTCGATGATCTTCGAAAAACACTTACGCCGACATTTCGGCACTCGAATCTGCGCGTTCGGTGAGCACAACGCCAGTGGGACCCAAGTCGATGGCTGTCGAAACCGGCTCGACCGGCCCGTAGCACAAATCGCTGAGTGAATGACACTCTTTGGCAACGCCTTAACCATTAACGGATCTTGTGTCGACGGTCCCCACTGAATCCATCCCTCTGCGGCTAAGCCCTTTCCAGTTATTTGTGTGGAGCTGTCCCTCATTCAATTCCCAGTGGCATGAACCTAAGTGAATTCCTGTCCGCGACACGACAGGGGGGATGAGCCGCACGGGAGGGGAGAGTGTCC,703,54.62,Caenorhabditis elegans
SEQ_433945,GTCAGGAATCGAGATGAGATCGAAGACCGCTTGATGGTAGGCAAACTTGGAACTAGGGTGTGAAGGGGGTTCCAAGCGCTACTAACTTAATATGCCGGCTCACGACCTCAGGAGCCAGCGGAACCAGTTTGCCCAGACCTCACCAGAGCTTTGGCAACTGTCGTCCAGGACGGCCGCTTCTCGCGGTCTAACCAAAACGTTGAGCCTAA,209,54.55,Arabidopsis thaliana
SEQ_922205,TTACCTTTCTACCATGAACGGCCCGACCTAGAAACCACCGGCCCCTCTACTATCAAAGCCGAGGCCAGAGCTTAGGTAGCAGATTTAGGGTTAGGCTCGCTTCACGAACTCCGCAAGGCCCTAATCGTTTCTCGCGTAATTGTCCCATATAGGCTCCCAATCTACTAAACACTGATGTATTTCTTCTATGCTATCATTGTTTCTATGGGACCTTTAACTTGCACTAAAGGCGATCACGCGCACCTGAATTAGCGGATACTGAGCACACCGAATAAGCCCCCTAATGATGGTGGTATTAAGTTGCCGATGCAGACTATTGGATCCGTTCAAGGGAAAGGGTGACAGGCGTATATCTGGGCAAAGGGGTTATGGCTAATACATGTCACTGGTGGTCCAGATCGGCGTCCGCCCTGAGCGAGCCGCCGGCATCTCTCAACCCCTCTAGTCGGTACGGACGCGAGAGATAGATAGTAAACACATCCCCACTGTAACAAGAGGTACACGAAGCGAGTCGCCGTTCATTGCTAGTTTTAACTACTGGATCAACCGATGGAGCTCAGAACTAATAACGGGGATACCCGGGCAATAAAGTAGAGACAGTCGTTAACCGTGTCGAAGGCCTGAGCGTGCAAGGTTGATTATACCATTCGACCTAGCATAACCTTACTATCTATTCGTCGTACATGACGGAAGGGATAGAGTTGTATGACCGGCAGCAGGGATAGTAACTAATACCACGCGACTCGTACCAAGGGGCTGCGACCACTAAGATGGTCCCGGGTACAGTCATGCTTCAGTTAGATGCATGGTAACTAATCGGTGGTAGGCTGGTCGAGGTGGACTAGCACGATTGAGCTGACCTACACGACGATGTTTGTCCTACCGTATGACCTGGGTTAGATGATCGTAGCTACCCTTCTGGTTATGTCTCATCATCCGTTACCTGCGTGTTCAACAGGGGTGTGTGGTGTTGGTTCAAATGAAGTAGGCTCGCATGCAGGGCAACTTAATGTTGTGTGTGTAATCGCCGATTGGTTCCAGACGAACGAATACCATCCCTTCGCACGAAGTGGATTCGCCGCTCGAAACGTCTTTGACATCTGGCGCGTTATGGGGGTCGCAACCAACACGGGCCAATTCACGCGAATCCATCTGGAGATGCATACTTGGCAAGTTCGTGCATCCCTTAGCTCAACTCTATCGCCATTGAGTATACCTGCGAACTACATCGGAGGGTACCGCTACTGAGGCGTGTTCATGGGTGTCGTGGTTCAGTAACAGTCCGAAGTTTAGTCCAGTACGGCCGTTACGTCCGTCCGCGCGGTTCCCTAAAGTAATAAGTGCTTAGTTGCGGTCTGAGTCCTGCCCTGATGTTGCCATCATGGACAAAAGGTTCGGTAAGCGGCTTGCTGGTGTGAGTCATACCTCCGCTGAGCCCCCAATTCCCCTGAGCGTACCTCCGACAGCTTATCCACTTGCAACACCTTCCTACATACGCTAACTGGTGCAGAGTCGAGTCTAGTTCCAAAAATCCAGTGTTACGCC,1545,50.81,Drosophila melanogaster
SEQ_182528,ATGATAGTGGATTTCTCTTGTATCCTGCCTAAGGATCCGTGCTCTGATAAGAGGCAAGTTCCCTCGGGCGGAATTTCCTCCTCGCGGCGCGCCATGAGGGGCCTAACTTCTCTATACTCATAATGGTAGGGGATAGCATCGGGTAGAAGGAAGTACTCCTGGCACCATTAAGCTGGGGCTCCAAGACATGCTCGGAGATATACTGGCGCACTAATAAGCCCGCGATTTTGTGCAGTAGATCTCGCTTAATTTGCATTAGTGTACCCCTATATAAGGACGTTGTAAATAAGCGATCGTACACTAGCCATTAAGGGTAACAGAAACGACCCGCAAAGACCTTTTATCCACAACTCTACTATCGCCTTGACTCGGACGACACATCTGTGCCATTCAAGTGCTCATCCTATGGGATATATGAACGTGCACTCAATCCCGAACCCATCCAAAGTGCAAGTGGCCGTTACCTAAAAGATATCGTTATACGACAGCCAATCAACAATACAACCTCGAAGGAAACTGTACGATTAATCTACGGACCGGCTCCATTGCATATTTCAACAGCTCGTTTCTTACTTGGCAGTGTCTGAGCGACGAGCCGAATCTACGCGCGTCACACTGCCCACCAGATATATCGTTTTGTAGTCCAAAATTTCTCTGCTCCTTAGTAGGCTAGCAAACGTGAACCAGTGTGCCTAGGTGTATCGTGGCGAGAAAATTGCACGATTGAGTCAGACGCAGAGTGATCTGAGTACAGCTAGGCAGGCCTACCACCCGTAGGGTGGAGAATAACCCTCAGTTCCGGCGAGGCGAACGTGCGCAGCTCCGTTTGTAATCTTGCTTCGGCTATCCGCTAGGAAGACCCCCTCCGTCACTAACGTGCAGAGAAAGATTTTATTGCTTAATAAACAGCTGATTACACGATTCTGATTACCTCCTTTTATCAACGGAGTCGAGGTTGGACAACAAACGTCCTTTTGGTAGTTCCGTGTGGTACGCAGGATCTAATGTCAGTACACACAATCTTAAGGAAATATCTACGCTTGTTGCACGTCCGGCGAGATCAAATAAGTCGCTACGGCGAAAAGCTCGGGGCATTGCCGCCAAACCTCGTGCCATGTGGCTACCATGCCTTCTCATTGCTAAGGCATTAGGGTTATTCTATCATAATACCCGGACCAATTCGTTAACTCAATCTTTATAGGCATAATAAGTCATCTACGTGCGGGGGGCAATGCGGCCTTCCAGCGAGCTCTATCCGCCTCAGGTGGCCATTGGCTAGAGCTGAACCTTGTCATTTTGACTAACTGGTTGGTTATTGATGCATCTGTGAACTTGATCGCGCGAGCCTTGCACAAAGTAAGTCTATGATCGAGTCAATGGACGATGTCTTTCAAGTCAAAAAGTCAGTGTGACGATGCCTTGCGCGGTTGCGACCATTCGCTCTATACCCCAACATGCTACTAAGGTAGGAAGCCTCAAAGCTTTTAATGTCTCTTACAGCAGTCTGACTAAAAACTTGCAAGGCATACCGGTCCGGTGCGTATTCTTGAAGTGTCAAAGTATAAAGGAGCGACCAGCCTAACACCCTCCAATCCACGTGTAGAGGCGGTCAACTAGGGGGCTTTCAGAACCTGGCCTCTTACTGCCAACCTTGCGCTAGCTCCTCCAATCGACCTTCCACAAGCAGGTTTGAGATCTGAACAGATCCGTATCAGAGATCGACTTTTACGTCAAGCGGTTGACATCGGCGGCGGCCTCCTCCTGGTAACCAAGC,1774,48.65,Escherichia coli
SEQ_725588,TTAAGCAGTTCCTAGCATCTGCGGGCTTCGTAAGGGGCAAGAGCTCAGCTAGGCCTTATCTACAACCTCAGCTCACAGGTCCGTGTATTATAACGACCCAGCCTGAACGAAGGGGCTTATTAGAGTGGTGGGGAGTATGTAGACTTAGGCATTCAGCTTGGGGGCAGCCAGTAGGCGATAAAGTGCGGAATCAAGATCTAAGGCCGACTGCTTTGATGTATCAGATTTAATATTACCAGTGATATTGCGGGCAAATTTTAATCCTACAGTATATCATGCCCTGTATGTGGATTCGCGGGGAGATACCCCGGACTACCGCATGGACTGCGCGGAGTTTTTGCGCCTATGAAACTCTTGTCGTCTTCGGCGGAATTCTCCCGCAACCATCCCTAAAAGCTCACATGAGTAACCGTCCTCTCTACTGGTTGTACGCTGCACAGGAATGTGAAACATAATAACTACTGGGGGTACGTACCGGTCGGTATGTCCCTGCCAATTGGTCATCCACGTGGCAGCCTGTCCGAAGACAGTAGTTCCGATATCGATATTGCCTCACAGCACAGTTTTCGTACATGATATTATTTTTGCCATTGTTATCGTTATTACGCATTGATCGTGGGTATGAAGAGATATATTGTTTAGTCTGCATAAGGATGGCGATATTCTGCCGGTAAGCCGGGTAGAAAGTTCAAAATTACTACAGCCTTAGTCACTCCCTCCCGTCAACCAGTCACGGACTGCACGCCATGCTGGCGTTCAACAACGAGGTTTGTCCACCCCGTTTCGGTCGCCTACGTGGTAATGCTTAAGCAAGCAGCTACCCCTGGCAATTCAACAAACCCTGCCCTCGCCAGATATGATTATCACGGTACCTATTGTCTCTGGGGAAGAAAACAGGTAAATTTGGATCGCATCGAAGTGTTCTTGGGGGTTTAATGATAAGCGTCTGGACTAGTACAAGACTCAGACAGCTAGCTCGTACACACACAGGCTTTCGTGAGACCACGAATCGTCAGTTTACCTCTGTACTGCGTGGGCGAACTCTTCCAACCTTTGGCGCGCAGTAAAGCCAACAGCTTCCCACACGGTA,1090,48.81,Caenorhabditis elegans
SEQ_796946,GTTGCCCGAATGAGTAATACCTCCATTGATGACAACACAAATATGGGGCCGTTCCGCGGTTGCGCCAGCCCACATCTATAGAAGATGCTGCCCTCGGTGACTTGCGGTTAAGTCCGCCTGTTGTTCCTTGGAAACCGCCACTGTATCTTGGAACCGTATTCTGTTGTAGATAGAACTTGGAGCCGACGTTGCCCCGTCGACTCAAGGGCTCTTCACGCGCTCAGATACTCTATGGCCGCGCGGCCGTCTCGTTTACGTAGCTCACCCTGTGGTCAGGGTCGCGACATTTTTCCTTCCCGCCCATCCCGTGCTGCATTTGATCTAAGAGCGTGCACATCGCCCGGCTGCTGCGCATCAATTGTCGCTACTCTTCGCGTGTTGCACAGCACCGCTTGGTGATTCCTGCCCGCCGACATGACTTTAAAGTACCGCGAGGTTGGCGAAACAACTCTCTCGTATACCAGCGGTCTTGACCTTAACAAGTGTTGTCTTTGCTGTGTTACCATTGCCATCATTAGGTCATCAGAGCGCTCCAATGATAGTAGTAGGTCCCCTGGCTCACTTGGGCGGGCCAGTCAGCACACTTCCATCCACGTCCTACGATCAGTCCAGAGGGTCACTCAGTTTATCGCTCGTAAACTAGACTTAACTGGCGTCTTCACCCACATACTTAGTATGTCCAAACTGCTATCGTCTAAACAGTTCAGTCTCGGTTGAAGTGGAGGTGCCGGATTGTCTCCGGAAGTGGTTCCACCGACTTCAAAGTATAATCGTATCATATGTGTGTCCACCGCGAAGTGCGCTGAGGATCAAATTACGCCGAGTCCCAATGCGAAAGACTCGGATTGGACCTGAAGCCAAGGGTGACGTATAGGAGGCGCCGGGTTGAAGTGGGGTTTAGACAGTGATGGACTATTGGCTCACAGAACTGCAAGACGCCCGGGGTGCTGTGGGCCCGTAGACTTAGGAGAGACGCTACAGTACGGGGTTCGTTCTATAGTCGTCTATTGGAAGTGAGTGTACCACATGGAAATTAGGCGGTAACATTTGGATCCTCCACTTGGGTGACCACTGGGGGACCTTCCTGGAGCGTAGGGGCAGACAGGTTGAAGAAGAGGAGTATATCATTTCTTTACGCAGCTAACTTAGAAGTTAGGAGAATATTAGTAACTATTATAGCCTGTGGTTGCACCAGTCAGCCGGTTCCGCCATACACAATACGGAGGTCCTGTCAGTGCTGCCAGAGTCGCACGGATTAGGCCCTTTCGAACCATCTTGCATAATTAGCCACCGTACACCTTGCAACGGGCGGGACTATACATTAGTAGCTAGTAAGCGCGGCCGGAGCGATACCAAGAACCGGCCTAACAGGGTCAGTACGACGGCCCGTGCAGCAGAAGTTCTAACCGAACTAGCTGCCTTAGCGGGAATAACTTAGAACGGTTGTTCAAGGT,1454,52.34,Caenorhabditis elegans
SEQ_872909,GCCGGAAACATGGTTGCGACCGCGGATAAAGCCCGCTCGGCAACAGCTCCGGACATCTTGAGCAGGAGCTTGGTTATGGATTTGCTAACGTCAGAAGATGGGTAGTATCAAAATAGAGTTGGGCCAGGTGTGACGGACTGATCCCCTTGCTGCCCTGCCAAAAGGTAACGTTCTACCGGACTATTTTAATTTACGATAGTCGAATCGAATCTTCAATACCAGACTTAAACATGAAACTCAACGAGGTGGTAAATACCAGAAAAGGGGTAGCGTGACGGGGAAGACAAGCACATTAGTCGACGCAAGTCGCCACTCCCCGCCACCAACTTATAGATCACGATGGGGAGGAGTCACCGTAGTCCAAGTTACTAGCTACAGAGGCTATTTGAACAGACCGTGCAAGAGATAACTCTCAAGCGCAAGGACTCGAATTAGCTTTAGACGTCCGTAGACATTTTAAGTGATGGAGGTTTAGCATGAAATAACTGCTAGAGCGACCCCCGTCTTCGTACCGTTCCCCGGGAATGTGAGCCACGCGTGGTTCGCAATAGGTTTCTCGAGGCTGTAGCGTTGGAAATCCCACAGGAGCTTGGCGCAGTCGCTCCGCTGTGACCAACGTTGATCGCATTCCGTGTGTTTGGTCCGGACAGGTAGAATCTGACATTTGCAAGTTACCGCTAGTCGAAGTGAACGTGCCGACAAGCGCGATTTCGTGTGGGGCCCAGACGAGACGCTAATACAGACATCCCCTGCCATGCCTGGGTTGCTTATGGTTGCGTGTGATCTCCGGCATTCCTCGACGAGTCACAGACCGGTGACCTAAGATCCCCAAAGCAAGTGAGTAGATAGATCGCAGGGCGATTTCTCATGATACGAAAGCAAACAAGACTAGCAAAGCAGTTCAGCTATACGCCTGCAGGAATTACGTCAATCAGACCCGAGCTAACCTGCGGAAAATGAGATATCGTTACGTTTAGGGCGCCCATGAAAGGTCCCTCCATACACCTGCTTGCAGAGTTCTGGCAACTAGTGACACTGATGGTACGAACGCGAACTACGCGCGGGGCATACACTAGAGGCCGTCTTATGTCCCTAACTCCGGTAATTATCTCCCCGCTCAGGGATTGGCGAATGCGTGCCGTTCTGGATCCTCCCTCTAAGCCTGTTGGGTCAGGCACGACGATCGCGCGGCTCCGATAATAGACTTTGCAAACCTGGTTGGATATCAGACTAACCTTAGAATCCGGGTAGTCCGCTCACCTTCGCTGGTACTGAGCGTCCTATTATCCTGGGCGCTCAGTGCTTGGAACCGCGTTAATGATTAACTCGGCGCGCTTCTCACCCTAGTTAGGTAGCTCAGGGACTTGTCTTAAGGGAATATACACGTATGGCCGCCTCGAAATTCTAGAGCATATGGGCTTACTTTGATAGTGATATGTCATCGAGTATCCCCGCGGGGTTATTACTCAGATGTTGCCGGACCAGCCTAGCATAATGCTATTACGTTTAAGCGAACCAGAAACTTGTTCATCCTAGCTATCGAGCTCGCAAGTGATGTGGAGCATTAGAGGAAGAGGCTGAATTATTTAACACATTATCCCATTCGCTGGCAGGGGAGTAACGGTTTCGACCTACTCCGAGATCTTGGTAGTGGAATTCCCTCCGGTAAGGGGATATTATCACTGCCGGAGCACTTGTCCAGAGTATCAGTAAATGGTTTGAATGCTACGCCCAGTATACAGAGGCTGTTTAGATCTTATAATCTTTTAGCCTTCAGAGTCCGCGACATGCAATAACACGGTATTGGACCCATGTGGCCGTGCGTGTTCTCTGGGATGCTACTCCGCACGTACAGTCCTATGGCCCTATTGCCCAGTCCGTTTCAAAAATGGTATTGATAAGGCGTGTTCTTTATACA,1918,50.21,Homo sapiens
SEQ_222613,CCGTTGACGAAGCCTTGACTATTTTCGAGAATTGTTTCATCTGCAGGGGGAGCTCCTCTATTCAAGGTCGGCCATTCTCGGAGAGGGTTGAACAGCGCAGCCTCGGTTTCACGTCGTTACGGGCCGTTAAAAGATGCTCACGGGGAGGGCCTTGGAACTGGTCTCTCTTCTAAAATATTTCACTTATAACCACTTATTTTGCCCACATACACCCATCCCATATGGCTGCTGTTAAGTCCATTGCCGACCTGACTCCGGACTAGACAACTGGAAAGGCACAAACTCCGCATTCCTGTACCAATCATGAACCTGACCTTGTGTATGCAGCATACTAACCTCTGAGGTCTAGGCTTCATGAATGGGAATCGAAGTCGTCGTATTGCTCATGCTAACGGACGCTGATACATCTTAATAGAGAGTAATCGACGAACTGGACTCGGGCACACTATCATGGT,455,48.57,Drosophila melanogaster
SEQ_746525,GCGCCACAGTCGGCAACCCGTTCGCTGCGTATCGGCCCCCGGGAACTGTCGTCTAGTTAACTCTTAGAGATACGACCTCATATGTACTGACGCAGCGCTCTCAGCAATTACGTTTCGATCGT,122,54.92,Saccharomyces cerevisiae
SEQ_808856,GAGTAAGATTCATGTGTGCCGCACTGGTGCTGTACAGTATCGTTAGGATTTGGGAACGCAGCTAAGCATGGCGCTATTTACTAATTCTTAGGCGCGCGTCTTTGTACAGTAGACAGTTCGTTAGTAGTAATAACCGGGGGGATGTAGACAGTCAACATCAGTTATAGGCGAAGACTGACCTCCAGAAAAGTCGAAGGGGGGGAAAAGTCCGCCAGGAAGGTGCCACTCCGATCCGGACCATGTGCACCTACTACGCCCTAGAGCCAGTTTCACGGTCCAAATTGCCCTAAGCTCAGCGTGGAAAGTGAACTTACGGGGCAGGAATCGGGATGTTACGGCTACTTGTGAGCTTTAGGTTCCGCGCGAATGCGGTCGTGGTGATGTCTCCAAGGTCTCACGGGCTGCTGTTATGAACCCGTCATTGTTCCAAGCCGGGCCATTGATGCACTCCGGACACGAACGCTTAATTACATCAAGTG,479,51.77,Mus musculus
SEQ_760709,CGATGTGCAAGTGCGTTGTCATGCTAGCAAGTCTCCGAGGGTCGTAATCCGAATCGCTAGCCACCGCTGTTTAGTACCTATTTACCATATTGATTACCGATTGCCTGAGCGTGAAAGTATAGTCATGTGGGCACTTTAGGGACGAGGGCATTCCCAAGCGACCAGAGATCAGCTAGCGACCACACCTAAACGCCTTAGAAACGCATATTAAGAAACGACCAAGCATATCTCGAGGTAAGGATCGATTGTCGTCATGCGAGACAGTCGCACGATTTGCGCGAACTGTGTGAAAAAGACAATTTGGAAATCTGCGGTCTAGCAATGTAAATCAACGAGACCGACCAGGCCCCGGGGCACCTTTCGTAAAAAGAATACTCCGGCGGCCAGTGCGTGCCTCGACAGGTGCGGGTCGTAGCTACTGTGCGGCAGAATATTTGGGGTGTGCACTGCAACGCATTGTGCCCAGGGCGGGCGATTACTATGCATCGATTCTCTAAATTCCCCCTGATGAGTGTGAAATCAATACTTGAGTAGCGACGGGGAAATCCATTGATAACCGTCCGTTGTCGCCCCCAATTCAATGTTATGGGCAGGATCGTACCGAGCTGAGTTGGAACCGGTGACTTGCAGTTTCTCCCCTTGGCCGTCTTATGGTGGATAATCTCCTACATCGATTACTGCCTTACGGGGTTAGTTTCGCAGAAGCTGCCGGAAGAATATACAGACTGACTACCCGAAGTATACGAAATCGGTTGACACCTCCATTTATCACGGTGTTACCTCTAGTCCAATGCATTGGATTCGCAGAAGCGGCCCTAGATTTGATGCGCCACATCCAAGTTCCCTGGGGCTTAGAGGTGTATGGATAATGGCTACCCGGGAATAATTCAACTACCGGCATACCGTCCATTGTGGGGCGTGCCCTAT,927,50.49,Mus musculus
SEQ_690816,AGTAGCGCGCCGGCGCCCGCGGTGGCTCAAGCAAGGAAAAGCCGCAGTCATGAGATGTCATATTGACTAGAATAGGAATCTCATTGCCGTGTGCAGCTGACCGCAACCGGGCGAAAAGTGCTCAATAATAATGGAGTCTCCAAGACTCGTATACAGAACGATTGGGCGTTTTGCGAACACGAGGAGGGGGAGGATTGTGAGGTTTAGATTCACAGCGGCTTATCAACGCGCGTAGCAGCTCTCCGCACTCAATGCTCTGA,260,53.08,Homo sapiens
SEQ_584086,GATATACGCCCCAATGTCTACACTACCTCTAACGTCAGTTTCGTTTGACTCCGTCCTGTCCGGACGATGACTGGTTCGTTATGCAACGTTATAGTAGATAATCGAGACGAAGGTACCATGCCTTTACTTCGCACAGCAAGCAAGGGTTGATGCTTTCAGGTCTCGGACGGCACGGATATGCGGGAGGCCGATGACTAGTATCTCGAGTGGAACAGCCACGCCGCGAACCGAGCGACGTGCAGGTTTTGGCGTCCTTGTGGCGCTCGTATCGGAATAGTAGAAATTTCCTTCGGCCGTACTCTGCTCGTCAGCAGTCACGTTACAAAGGTGTGTGTCAGTTGGGTGAGCGTATCAGCACGAACTTACCTAGGTAGGTTAGGCCCCACGGTCGTTGTCCGAGGCCAGTAGCTATCATGGAATATGGCCGCCTGGTTTATCGAGGTATTGTTCCCTAGTCCTTCGGTCACAAACCACTTGTGAGTCCACGAAGATCAGCGCCAGTGCGCGCTTCGCCATACATCAAATGTATTTCAGGCAACAACAGTCTGGGAGGCCATATTAGGCGTGGGTGCTGACTGGCTAATCACTAGACTCTCCTTTACTCCGAGACCTAGCCTTCGTTCATCTCGCAACATTGTGTCTACGTGCACCGGCATTCTTACTCCCTGAATTAGGTATGTATACCTTTTAACTGGGGGTCCTATAGTTAGGATCGTAAATATGACATACACTGTCTGAGTGGTCATCAAACTGTCGAACAGTTCCCCAGGGGATCGTTCTAGACCCCGCCTCGGTTGTAACTTCATACCCAACTCCTTAGTTGGGAGTGCAACTTATTTAATAGTGCAAAAAC,853,50.18,Escherichia coli
SEQ_373088,TTTGTAACTGCGATGCCTTTCGCCGCTGTCGGGATAGTGGCACTGCGCGGTCGAGTGGTAAATCGTGGGCTACACATAACGTCATGGTAAGGGATCCAGGATGTACCATCTTTATGCCTCCGCTCAGCAAGACCCGGGGAATTGCGGAGTGTCCGACGGCACGGCCTGTTTGGTCTGGCCGTAAGTACTTCCAACTAATATCTCCGCTTGCGCCGATAGAGGGGATGAAAACGCTTCGTTTGCCGGTGTCCCGTGATTGTTGAAGGCGAGAACCGGGGTGCTGTGTATCTGCGGTATTACGAATTACTACTTGTAATGCGACTGGGCGCCGATGCGAATAACCGAGCGCATTGCGTTGCGTGTGTGAGCCACGACCTCGTAGTATGCCAAAGACGCGGGCGAAGCGACCGCACACCAAACAGGAACAACCCCAAGGCGCTGGAGCTCGCAAGTGCTTCATCATATAGAGATATTTCGCCCTTGGGCTTCACCACACCCAATTAGCCGTTACACTGCCAACTGATGCACATCATGTTAACGAGGATTAGGGGACTACCTCTTACGAAGGTTAAAGCCATTCCAGTGATTGTTAGAAGGCAAACCATCTATGATGGCGGGCCCCCAGTCCCATTTATAACTAGACGGACCGCGGTTGTCGGTGTCGCATGAGACTCCCGAACTACGGGTCACTATAAGTGTCGCGCGATTGGACTGAGAACGAGCGCCGGCATCGTTGTCGCAGTCGGTATCTGAATTCGCAGACACGTTTGATGTGACAAAACGTAAATCCTCAGAACCAGGGACTTCTTCTATAAGATCTTCAATTTTAAGTGGCGTCTTTGTCAATCTTCCAACGGCTAATGGGGTATTAAGTCGAGACAGAAGACCTAACCGCTATCACTATGCTGAAGCCCATCCGAGTGCACTCATCCAACTAATTCTAAAATTCCTGTAGCTCGTGAGACAAGACTAGGCAAGGAGTGCGCATTGCACGTCCACGAGTTTTGGACCAGCGGTATATGATCGTTCTAGTGGTCTGTTTGCGCAGGGTTAGATTTGTTGAGTATCTTGCCATACAGTTGGTCCATGAGGTCGGATACGTCTAAACAAGCGTGGTGGTGGAGGAGCGGTCTCACGTTAAACACAGAAAAGAGCAGTACCGAACGACGGAGCAAATTAAGGTACGGCCTTATTGATCTGTGCACTATGTAAGCGGCTGTTGGTATTAGGCGATAGGTTAGTAGACCTTCGTATAACATATGACCTTGTGGTATTTCGTTAGCCATCTCTCAGGCTAGCAGCGCGGTCTTGCAGAGTCCCCGCGGAGCTATGCCCAGCAGTACACTATCATTCCGAGGACCCGTGTCGTTCCCGGGCACTCGGCAGACCGAGTTTGGTTTATGAGGGGGGATCTTGCCGGATAAAAATCCGATACCTTAGGTTGTACAGTTTGGATCTGACTCGCATCCGACAAGCTATCAAGGATTCGGCCGATTGATTTGCATCCGCGCAGTACACCACACATGACTCACGAGGAA,1538,51.11,Homo sapiens
SEQ_347351,AACCGTGGCAACTACACATAACAGTTGACGCAAAGACATCAGGGCTGGACCGGTGTGCTTGCACCGTGAGGGCGGTAAGTCATGTTTCACCTTTTGCTGTGCGGTAGGGTAATAACGAATTTAAGCATGTAGCACACTCACAAGCATCGATAATGGAAATGTTTCACTAACGCTTGTTAAGGGCGACTAAAGTTTGGTTGCTAATCGTAAGAAGTAGCTCAGATTCAGCAAGGCAGAGCCTAATTAACGTCAACCTACTCGGTCCGGATTAAATTCCCCGATGTTACGGTTAAGTTTTCTGTTGCGCAGGTATCAGGCCACGAATCTCAAGCTCCGCCGTCGGCCCGCAGAACCGGTGCAGAGTCGCTAGTAGTGGGGGCACGCTATTAGCAGACCTCGAGGAGACATTGATCATGTGCGAGTGTCGCTGATACATTATAAACGGAGGAGGTCGCATCATAGTGAATCCAGCTCTACCGCTGAGTATATCCCATATAATGGCCGCGTCCGAGAGTTAGAGGGCAAGCTCGGGAGTATTAAAACCGTTGGGGGTTCTCGTTGGCCTGTAAGAGCGCGAATAACAGAGGACACCTCGATGCTTAATGACGCCGGAGTGTCCATGAGTGACTCGACCGAGCTTCGTTTAGCAACCAGCAAAAGTAGCCGTGCTCTCCTCCTGGGTGTATACCCTGATCGCGGTGCTGGACGATGGGCTCCCCGATGATATGCCTTTCGTACAGGGCAGAGGTTTGCCGCTTTATAACCCGGTATCGTCAGGTCGCCGGAGGCTACCTGAACCTGGTCGACCAGGTACTAGCCGTCCTCTATTCCCTTCAACATGTAGTGTCA,849,51.47,Caenorhabditis elegans
SEQ_507800,ACACTATCCAACAGGCGGCATTGAACCTGGCTGAACTAAAGGAGGGGGAAGCCGGCGAGAACGGTAATACGATCACGCCACGCGCATTCTGAGGTTGACACACGTCTGTTTTTCTTGGAAGTCCCGCGCGGTCCACCTCCCGGTAGCCTTCCCCCGATGGCCGGATTGGTAATTGGGATTCCCCCTTGAGAATCCAGACCGGGCACGAACAGGTAATCAAGAAGTGAAACGGTAGATCGCGTTCGTTGGGATATCATTATTATCCGAAAAGGTTCTTAATCGAAAGGGAATTCTGCATTGGACTCAGGTCGATGTTGTCCCTTCTGTTATTGTAACCGAAATACGTAAATACCGATCTCTTCCACTTGGCGC,372,50.81,Drosophila melanogaster
SEQ_455316,ATCACGTCAGTAATCTGCATTAATAATAATTACGCTTACAATACGAAGTGCTTTCGGCTAGAATGTACATCTGCTCAGCGTCTATCAACGAAGATTATGTGGCTACGAAACATTGGAGTGCTTGCACTGTGGCTGACTGATCAACGAGAAGGGCGAAAAGCTACTGCGCAATAAAGGGACTAGTACCTTAACCCACAGTTCGCAGATCAGCCTCCCGGAAATCGGTAAGTGTGTTTTTTCAGTTAAGCGAAATGCTAAGAGACTGGTGGTCCCCGGCGAACGTCTCGAGGCCTTTATTCGCTTATACAGCATTACTCGGGTTCCACGCCAGAGGTAACGTGAAACGTCGCTTGAATCCTTACTAGTGAGTGACTACATTGAGATAAAAGGTCGCCCAGGGTGCGGGGACGACACGAGCAACATACGACTTGACAATCTTAGTTGATTAGGTTCTTGCCTAGATTCAGCAATTAGTGCCGCATGGTAGTGTGGGGACCAGCAGAATTAATTCCATCACTCCATATTACCCAGGGCTGGTGAGCAATGGTCAAATGGCGGATGCTAGCTAATTAGACGTCAATACATCATGAGCCCTTTGTCGGATGCCAATTTCTACTTGGCCAACTGCTTTCCCACTAGTTAACGGGGTTGTGGTAGCCCAGGGAGGAGGCGGCCCGGATCGTGTACACGACGAGTGCTTGCCTCGATGCGGCTGTGGTAGGGCTTAGGTCCTAGGGTCCATACTGGCATGAGACATGCTACGATAACAGTGACTGCCGGTGAGCGCACGTTGCTTGCCGACACGACCTCCAGACTAGAG,820,49.63,Caenorhabditis elegans
SEQ_940805,CCCATTTGGGCAGAGCGTCCAACGTTTTGGTCGACAGCACCTCGTACACCCGGATTCTGGTGCACTGTCGATGTTCGGGCCTTCTCCGCGGATCTCGCGAATACTTGTATAGACCTTAGGAGAGTTACAGCTAGGGTCCCA,141,55.32,Homo sapiens
SEQ_895513,GTTTATGAGGGAGGGCTCTACCATTCCACAATGTTTACTATTCATCCTGTTCAACCACACATTGCGCAAGGGCGAAATGCGTGCAGCTACAGTTATGAAACTTTGAACCCCTACATGGGAGCGGTGTCCCGCGTGTCCTCCCACACATGCGGATGTGCTGAGGACAGCGGTAGTCTGGCGAGCACCCCTTTAACCTGCCTGCACCCACGTCATAGGTTCGAAGTCCAGTGATAATCATTCCTTGGGTAAACTACGAGTGCGCAGTGCGTGATCGCCATGGTGCTTAATGAAGATCCAAGCCGCGCGTCGCCGCCAGCAGCCTTAACTTTCCCTCTCATTAATGGGCGATACTGTTTGAGGTCGCGTATTGGGTCCGCCAAATCGGACCACCAGGTAGATATCTAGTCACTTAACGGGGCTTATTGAGTAGTCTGTCACTAGTTCTTGATTAACAGTGTATATGACGAACTGCGTAGGCCCTGAGCTAACAGCGCGGTTCGTAGAATTACAAAGAGGCACCCGTAAGGGTCAGTCGTTCGGTTAGCTAAGATCAAAGTGCTGGCTCGTGTAAAGCGGATCCGTATAGGTAACCTCAGTGTACTCCGAGCTCCCTGAGGATTGCGCCTCTCAGCACCTTATCTCTCTTCCTGCTCCGCAAGTCGTGGCGCCCGCACTCAATCAATCCACCGAAGAGGTTGCGTTGGGTGTGAGTTGAGTATCTGTTCCGCACGCGGCCTGGGGTAATCACGTACCAGTATCTCAGGGGACGTCGATGACCTTTGAGGTCTCCGTTCGTCACTTTACGCTCCGACTGGCGTGAGTAACACCGACAAGCTTATTCGAGCGGGCGATTATCTGGGCTTCTTGTTGGCAACCCGGGCGAATGTGCTTCCTTTCGACAACACATATGTGGGCGTGATTTGTCAACAAGCTACTTTTCGGTATGACACTATGCACTCGGAGTGAAAGATCGCGGATCATGTCCAGGGTAATATGGCTTCCGGTTCGGATTGATTCCATTATGTCAGATCACCATCTCCCCTTGTCTGTAAACAGTACTTCGAATTTTAACTAGAAAACCCCCATCAAGCACACTGAACCCGTGTAGCTTGGACTTCGATCCTATCGTACACTCAAACGGCCTATGTAGAGTTATAAGCTTAGAAAAGAGTAGAATGAACCGCTTTTTTGATCTGTCTAAGTACGCGAGAAAACTCATTATCTCCTACATTGTCAGTATGTTAACCCCGGGAGGGTCATCGCGGCTTAGCCCGTGCTGATTTGGAAAGGTAATCAGAGGTGCGCGATTTATAGAAAGGCCCGAACTTCGCATAATGTCGAGGTTCGGAGCGAAGCTCTTATTGAATCTTGCCGGTCTCATATAGCTCTGCTCCGAACCTCGTAGATCATGCAGTACACTTAATAGCGGAGAACGGTAACCCTTCTTTATATGCATACCTTGCTTTAAATCCGTTAGGAGGCATAAACACCAGCT,1495,49.7,Drosophila melanogaster
SEQ_453996,CAGTGATCAAGATTGTACCCGCGGAAACCACCAGTCAGACGAGTACGGAGATCATAAGTCCCGGGGCGCGAGAGTTACGCCGTACTCGAGCTAACAATTGGGTCGAGTAGATCGTCTCAAGTTATCCTTGGGTCCTAGGCTACGCAGCGTTGTCATGTTCAATCGTCCTGTGATCCATATGCGGTATCTTCCTACTGTTAAGCAATAGGTCAACGATGGTGTATCCACTCGGGATTGGATCCCCCGTGTGCCTCAAGAATGGTGATCCAATCGTGCATGCAGGTAAGGGACTGGCCCCGGCACTAGGGGATCCCTACCTGATCGATTCTTACAGGGGCAGACCTCAGGAGCCTAGTGGCCACCATGAGTTATCAGTACGGTTTAAGAGCTTGCCCCTACCGTCCGGTAGCGGGCGCGAGAGGTCAGAATTACGGAATGTTCAGTGTGAGATTCACGCGTTCAATCGATGGTGGACCTGAGAAATGCGTCCAGTACTATCCTCCCCGCCGATCTGGCGAGGGCATACGAACACACCCTTCAATCAGTCCTCCATTTTTCTTCTTTCCCGCAATGCCATGGTGAACAAACGGCCTCTGAGGATACAGCTGCGGGACAGCTTCTTAGATCACATCGATTCCTCCACTGAGTTGCCGATCTATCATAGTCCCTGCGAATCGCAAAGAGCTCCCACCGCTTGTCGTAGGCAGCAAGGCGGCTCGACTCATCCTTTGTTCATTAGGACATTGAGGAGACCAGTTAGTCCGTACACAATTGGTGCCAGCACGATGTTCACGGAAGGGTTTAAGCGACACTGGACCCCGGAAGTCGAGGCAAAGACCGGCAATGATGCGTAATACTGTAAAATTAATGGTTCCGGGCACAGAAGTACTTAAGCTGTAAACCTCGGCTCACCTTTATTAATGCGACCGCTACGAGTCGAAACAGGTACGATCAGGCTCATTCGCGCACTGAAACTGATCAAAAACCAACCATAAACAAATCCCGGGCTGTATATCAGCGCGTCACTACAAGAAACCCTGTGAGGTACGCGCTTCAGTGTCTCGGCTTCTTCGTGCCATTGAACGATTGCTACGGCAGGGATAGTTGCGTTTAATTGTAGCTTTCTTTTACTGTCCCTCATACCTTGATAGAGATTCTGGACTATGCCACAATATTCAAACAATTTGTCCAAGGCTAAAAGCTAGCCTGACGAGTCCGCTGCCAGAACGCTATTCTGACTGTCCCTTGTAATCTACCCCGAGGGGTTCAGGAACGTCTGGCTCTACGGCTTGTCGAATGCCCTGTAGAGACGCCACCTTCGATTGGCTATTGAGATACGACTTGAGGGTTGGTCTCCCGTTGAGACTTTCCTGAGATACGGGATGAAACTCCACGAGCCACCGCGAACATGACACTGTGACCCGGAGACCACGTTCCCCTTTGGTGCCATAGGTTCACACTCGGTGATTGGCTTCTCTCAAGGGCGTGTCCGCGCAGTGGACCACACTAAGTACGACAAAGCTGGTGTGTAGCATACTCAGCCCGTGTTGGCGAATAATTGGGGCAACTGGGATCCGCCGTTTCGCCAAGCTATGCTAAGTATAGCACTAGAGTC,1615,51.64,Arabidopsis thaliana
SEQ_850498,AAGCCTCAGAATGCTCGCATTTTGCTGCCAATTCACACGAGTCCCCGTTCTAGTCATACCCAGATGAGCACAAAGAAAGTAGAACCACCGTACCGCAGGTTTGACCAACCACCGGCGGGAAGAACCCAGTGACAGATGCTACTTTCTCAAAGCCTGGGGTTTCCACATCATCCAACTCTCGCATCGAACATCCGTCGCCGCCGGCATACACGTGTTAGGTGGGCCGCGGCGGCGCTGTCTAAATTCGGGATTAGGGCGACATAATGTCCTGTTGCAACAGTCAGACGGGCTAAGTACTCTTACTATGGTCTTTCAGTGGCACTGACGCAACATCCCTGATGAGTTCTTCGAGCCTGTCATTTTTCAACGCACATTCTGAACTTCTGGGCCCACGCTTTTGCGGAGGGCGGATTACCTCCCTATGCTTCACCACCAATCGTAGGGCAGACCCGTCGGTATGTGTAGTTATCCTGCAGTCGATGAAACCCTTTTGTGATACATGCCCTGACTGTTGGCATTGGATTATATGGCTTTGTGTGGTAGTCGGTACCACTAAGCATTTGGAATGACGAATCCGAGCAAGGTACGCGGCTCGCCCGACTTGTCGCCTCGTGTCGATTGCGGTCTAGGCCTGGCCAACGACAATGCTACAGAACCTGAGTGCCCTACGGACCCCATTCTTAATACAATCATGATTACCCTCGTCGACAGATTCACGCACGAATGGGAAGTAAAATCTCTCGGAATTCTCAATACGCCGACTAGAATTTCTCCGGTAACCCCATGGCGAACAACGAAAGTGATCGGCTTTATCAGTTCATTGCCCTCGTTGGGGGCCAATTCATCACTTCGAACCTGTAACCCCCATGGTCTTTTTCGAACACCGTTTGGTAGGGCCTCTGTGTACAGCATGGCGATAATCCCGGAGGTTAAAAACTCGATTCTTAATCCTATAACCGGCCCTATCGGTGACCCGAGATGAGGTGTTAGCTATTCGTCCATACGGACATCTCTATTTATGACAACGAGTTTGGCATGTCCCTCCTCTGATGTCAGCAGGTTTCCCGCTCTTTGGATGGGACTGGCCCTGATACAGGGTGTATAAGTAAACTACGCTGAGGACATCTTCCCCGTCGTGTTTGCGTTAGCGGCGCCGTCCGAGATCCACGATTACTAGATCGAACTAAAGCACAGGCAACTA,1201,51.04,Caenorhabditis elegans
SEQ_314854,TACGAAGAATACATGTACTGATACACAATAGCAACTGTGAGCGGCTTTAGCCACTCCGACGGTCCTAATGAGATAAATGGCGGCACGCTTATTCTTTGTGTGCCGGAGCCCCATGGCCCACATAATCATCGTAAACAATCCGTCCGGCAGCAGTCGGGCTACAGAATTGGGGGTAGACGAAATTTACCATCGGTTACATAGAAAAGTATGTTGGCTAGTGCTCTGGTCCAATGCGGCGTACCCCGGTTGTAAAGGATCCAGATTTAGCCGGCGATGGGATCATCCGAATAGTATTCTAAGATCAAGGGCGGTCACAATCAAGCTCAAACGGGATTGAGTCAAATATTGGGGAAATGTTGGTGGTGTAACCGTGTCACTATGACTCCGTTGCAGTAGCACCGGCGGAGGATTAGGGGTGGATCAAGTTTTATCGACTACTTGTCTCTATCGCTGCTGGAGACGGTCACTCAAGACATTGTCGTTTAGGGTTTAATGACTCCCCTTCGAGTTAACATTCTTCACCCCTACGTTCGCGTGGACCCAAAAGTCTTACAGCGGTCCGTAACTCGTTCGTCGTGCGATCTAGAATGCTCCATGTTCGATTGGCTTGTTCCCGCGGTTGATAGTGCGCGACAATTGCCGATCCGGATTTACGGGCTTTTGTCAGCGTATACGATTCGGCTCCTGACATGGCCTATTAATCGGGGGCTTTATTGTTTAACGATGGCCTCCAGGACCGGAGGTTAAACCTTCCGCGTTAAAGTGCCCAGGATGTCAGTCAGAAACATCTCTTAGGTAGAAGGTCACATTGTCAAGAAACATGGGAGATTGCGATCGGGTACTCTAAGTATCTAATAATGTGGGCAAACCTGAAGTCGTCTAGCGTGGGCTTAATTATAGACAGCTGCCAGGAGAGTTAAGTGCATTGCGCTCGGGTCAAAAATCCACGGGATCATTCTCGGTAATGCCCACGTGAACTTTACTTAGGC,989,48.74,Caenorhabditis elegans
SEQ_135452,AATCTTAGCGTCTGGGCGTACTAGCTAATGGCTTGAACCGTGACCGACGCCGTGGCCTATAACGAGCTCTTGACAGGCATGGAAGGAAACCTATAATGAAATTATGTTCTTACTCAAGATTGATCCTTCCCGCGCTAATCGTGCCTCCCATACATCTTTTGCGTTATTCACCGCACTGAAG,181,47.51,Arabidopsis thaliana
SEQ_509015,TTGAGCTGTAAAGTTGTAACAATGGCCTAATTCCTCGATCCAGGAGGTACGGCACACCCATTCAACGGATACTGGGCAATGTGGTCCTGGCCTAAATAGGGGAATGAGTTAGTGTCTATTCAGCGTCTAGTGCGTTATGCAGTTAACTGCTGCTTCTTCACCTTCGACGGAGCTTGCATCACACGATGCCAGCTACATTCTCGTAGAAGTGAATCCACTTAGATTCGAACCTTTTTGTCAGTGTCCTATCCCCTTACTCTTTATACTACAAGCGGTAGATATGCCACGGGCGAACATAAATCATGCGTGAGCTTCTTAAGTCGGGGATAAAAGGGGCCGTCTAGCGCTGTTGCAAACGTACCGTTGGAACCGACTAAATTTTTATAGCAGGTAAGATTTAGCAAATCCCTACTTGCCTACCCGGAAACGAGCCTCCGAGCTGTAGACCCCGAATAGACAAACCTGAAACTGAGACCAATCTCACAAAATGGAAGCACGACGGCGTAGAATTCATTCCCGTATTACGGGTGGTTGTTAACCCCAAGTAACAATAATATCGCGTATCCACGATACCCCTCTAACAAAAACTATAACATCTAACGGATTTCCGGTCCCTTCAACATCCTGAGTAGGGAGCTCCTATTATGCTTACTGAGACAGGGAGATCATTAAACACAGCCATCTCTACAACCCGTTTTAGATCACTAGCAATCATCTTGTTTGCGCTCGGATCCGCAGCTGACTTTTATCTCAAACAGTCTCAGTCTCCCGGACCAGAGTACAGATAGGACCTAAGTCCAGCGTAGCGATTGATACGGTGCGGAAGAAGTCCGGTATGATAGGTGCGTCTAGCCGGTTCATTTTGGTCGTGAGACGACACTTTTACTAGATCCGGAGTTTCCTTGGGCACAATAAAGCAAGTGGTCCTCCGTCTAAACCTCAAGGAGGTGCGAAGTCTATGACATTGGACGGTAGAGGACAAGACAACTGATCTAAACGTTGACTCGTTTGCTTTAGTCCTGACCGCCAGCCGGGAAAGCGGAAAGATACCACTTCCCACATGAATCCCGTAGGCAAATACTGGGAGGCGCCTGGACTAACCTCCAACCAGGAGATAACGCGCCACGTCTCACTCTAAACCTCCTTACGGTTCATTCAGCTGGATAAAGCGCGTTCAGTGCCTATCTTGGCCACTATCAGGTGTCACCAGCCGCAAGGACCTAGATCCGGGTGCGGGTGCTCGAAGGTTGCGGACGAGCGTTACAAATGAGTCTAGGCGCTAGCAGCGCACCGAAGCGTTAGAGACCGGGGTAATAACTGGCTATCAGACACAGGTGGAAGCTCTCACGATCGATAACAATAAGTCGAGCCATGTAAGCGACGGTTCTATACCTTGCCCCCTGTCCGCGCTGCTTGATCTAGACATCACATCATAAAGATTCTCTTGACAGGGAGCATCGCTACTTTCTCGCCTGCATGCTCCTACAACCGTCTCATCCCTAAGAAGAGCATAGCGCAGATTCCGTGTCTAGCTTACTGGCAACCACTCTGTAAATAAAGGTGAATCAAAGCTTACGGGGCTCTTAAAGCGTCCTACCAGGCATGACGCACCCTACATCGGTTCTGTA,1628,48.96,Mus musculus
SEQ_962753,CCGGCCTCTATCCATTAGCAATCGAAACAACTCCAAAAGACTCTGCTTAGCCACGGAGAGACAGCCGTGAAGAACGTATAGACTAATGGGCCCGGCTACCCATAGCATGACCAGGACGAGGCGGGGATTGGGTTTCTTTGCCACGCAGTGAGTAATATTGAGGCGGTTGTTAATACACGCGGTCTAATATATTTTATGATAACTGATTTATTCGCCATATGAGCTAGAGTCCACCCAACTCTCTCTTAGTAACCTCGTACCAGAAGCGCTGTCTCTTAAGTGCCTTATTGGGCAAGACAAATTATACACTGTGTAGTATTCAAGAGGGATCTACTATCCATTTATAGTTCGTGTAGGCCTACTCAGTCGACGCATTTGTTCAGTCCCCCGGATTTGTGCATGGGCAAAAATTAACTCAATTAGTAATCTCCATCATTCTAGAGATTTTTCGCGGCCATCAGGTGATATTTTACATACCCTGCTAAGGGCGCCATCTGTCCAAAGAGATGGCTGACCTTACACACTTATGTCGGCAAGTACAAACCGCGTGATCGCCCACTAGCGACATTAGAACAGGTATGCCCCGAACGGCGCCTTGACGAAACTGACAGAAATGTAAATTGAAAGAGTGAACCGCCGCAGCTGCGGTTCTACATCTTAAAGCGACTTCGCACTTCCTTTCACGCATTGTACGGCACCCGTGGCTACTTCTCATCCGAAGACGATAGTGACGGCATAGCGAACGAACATGTCGGTAGCTATACGCGGCCGTCTACTATTCAAACAGAACTCGCGGCTGTGAACCCAACTGCTATGAATGGTAAAGGACACTGGTGCTACAAAATCGAATTATTGCAGTATTGAAAATATACTATACTAATTGGTTGCGGTCGATCGTATGCCCACACGGAACCCCGGCAGCTCAAGCCCTTGGCCTAGCGAGGGTCGGTTTTCGCTCTTGAGAGCGTCTGGAACGCCGTGAACAATATTGGTGGGGTCGAACTTCGATAAATCATGGATTACTGGCATGTCCCGTGGAGTCTTTGTTGGGAGATATTTCATTTAACCACACGACCATTTCATGGGGCGTACGCCGATTGGCCGTATAGCCGGAGAAGGCGTATACGACTTGAGAAGTTGGCTCCACTGTTACGGCACCGGCAATCAACTGTTACCCATCTAGCGAAGTCAATACGGCTGGGCCCAGCTTGTATCCCTAAGGCTAAAGCTAACTGAATCTCGTGGGATTACCGCGGCCTAGCGTCTCCATCATTAATCGCATTAGTCGTAATTAGTCAAAAGGCGCCAGCACCGGAGGCATTTTTTCGATGATTCATGATCTAAAAGCAGAGCGGTCGACGTTACCCTCTACAGAAACTAGATATATGTTGTGTGTTACTTGGTACGCTGCCATTGGGCCGGGGCTCGGACCACGTTCTATTATGTCGATGAGGAACTCGGATCAGAGATTTCACCTACACATGTGCGTGGATCTTCCAATATCGCAAAGCTTCAACAGCTAATATAACCCTCGGTTGTGGACCCGTGCCTACCTGAAATTCGTAGGACCGCGCAAAAGATACCCGGGGTAATGTCCATAGAATTTAGCGAACTCGATGTGCGATAAAACAATACCGCCGATCAAGTTGAGAGCAAATACCACGTCTTAACGCTGGACGCGCGAGCTGGTGCACTGGAATATCTACGGGCCACGTCCGGTAGGCCCTTTGAAGACGCGATAGAGACCTATTGGACGCACTACCGTGCCTGAGCCCATTA,1779,48.62,Drosophila melanogaster
SEQ_440721,GAATTGCGAGCACCATAGTCTACAAGTCCGGGATTCTATGAAACTCTATTCGCATTGTCCACCGGAAGAGACAATTTGTACCGCCGCGGGTTCTTGCGAAGTGATGCATTATCCCTTAACGTGTCAGGACTTGTTCACCACTCAGCGAATCCTACAGCATCACCTCAGTGTTGTCCGAGAAACTTGCTCCTGAACCGCTGAATGTCCCCGGGCTACCTTACTAAGCCCTGACTACCTAGGCGTTAGTCTTACTTTGAAAGTTCGCGACCCGACGGCTCGGTAATTTTGTTGCCGAGGCTAATGTTAGGAGCTAGCTATTCTCGGAACGATGCCGTGCTAAGGATGAAACCAATGAGCAGGAACCGTGGTGTGTGTATTCTCCGTCCAGTAATGTCCGTTCTAAGCTATCGCGCGAGGTGGGGGGGCCCGACGGGTAAGGCGTTCCCGCCACATGTGCGGGTTCTCATGTGTCACGTCCCTAAGCAACCGCAGTTGATAAGCGTTACGAGGTCCTGACGCCCCTCTGAGGCATGGCACGCAATCTGAATTGCAAATGGGGGATGTAACAAAAGAAGGAGAGCTAGGTATCCATTTCTGCGGATGGCGGGATACCATACTTTGACACAATTTCCGTGTAGCACGTTTCGTAGTTCGACCACGCCGGCTTCCCAGCACTTGCGTAAAACTCGATATTCCGGTCACGACAATGAATGAACGCTGAACTTCTGTCATC,733,51.57,Arabidopsis thaliana
SEQ_257825,AAGCTGATCAACCCACCGTAGTCCGTTCGGGTACTCCAAGAGCGTCTGTCTACGCGAGGGAGATAGCCCATCCCGCGGCGAGTAGTGCGGACCGCCGATTAATAAAATTACCTGTTAAAGCGTGCAATGGAGTAGGTGGGTAGCGCCAAATGACAAATCCTACCCTTGTGCTCGGTCAACTTGAGGGAGATCAAGAATGGCGGACACCCTCCTTTTTGAATTGACGGCCGGTAGCAGCACCCTTCACTTTAACTAAACGATCGCCGACAGTTTTTAGGGATTCCCACCCTGAAGTAGCGAGGGCCTGGGCGTTCACAACTAGACGTAGTACCAAGTTAATCCGAATGGATTGCCTACACCCCCAGCGCATGTAATTTATCATGCGGCTAGCCTAGTCGCGCCAGGCATCTGAACCCCCGTTTCTGTTAACGCATATTCAATAGGGTGCGAAAATGAAGTACGCCCTGTCTGGTAGTCTAGTAAGCCGGGGACGACTATAAGAGCATGAATATCCCCATTGTGAACACGGATGTGTCCTGAGCGTGTCAAGTTGGGTACCTATTGACTCGTTGACGCCTTATGAGGATTCAACAGATTCGACGCCTCCACTTTACTTATAATAGTTGTTTCCACTCGGGTGAGACTAGATCACATCCCTATTCGACAGTCTGGTACGCCAACGACCACATTTGACGTGTGTTAGTTGGGGCCTTTGGAATGCTAGCAGTCCTACCAGTACTGCCTAGCGGGGCAGCTGTCGACTCACGTCGTGCAACCGCTGGGGAATTGTACATCGACAGACCGAGACAGTTTGTCGATGCGAGCCTGCGGGAGGGTTGTGGGCACAGAGGAGAACAACGGCTTGGTCGGTGCTCGTTGCGTAATCGGCGTGTGATTTATCGCAAAACTTGTATTGATTGCTGTTTAAAGTACAGAGCGGGATCTAAGGGAAAGTAATCTACCCGCAAACTAGCTGACAGACCACGAAGTACACGCGGCGTCGGACTGACAGTGAAGGATCACGACGTGGTCAAGGACGACCGCTCCAAACTCCTCATATAAATTGCCGTTTTAATTTACCTTACACCATTAAGCCGGTTGTCCACTTCTTGCAAAGCGCATCAGATACAAGTCAGAGGGTCTGAGCCTCGTGAATCCGGCACGTTCAAATGGTACCCAATCGCGATCAGGTGGGCTGATGTACGTCGCTACAACTACGCTCGTCGAAACCGCGACCGGCCGTTCGTCACTGTTTTGTTGTACGCGAGCCTGCTGAACCTAGCACTCAAAACAATCTCCGGGAAAGCTTTCAGGAAGATGAACTATAGATTGGGGGCGTTTCTTTAGCACACATAGGCTGCCACTT,1366,51.1,Mus musculus
SEQ_733010,GCTATCGATCGATCCAGTCCTGGGTTACGGTAAGCGACGTATGTGATTTTGACGTTGACCATGGACACACCCCGGGTTTCGAGCCACACTAATCGGACAACTGGGTTCGCGAGTGTTTGACACGAAAGTATGCCGCGAACTACAGGGCAAGATAAAGTATAGGAGACAAGGGTATGATGGGATGCACTCCGCATAGGAGATAAAGGGGGTAAGTCGTCGGTCAAGGGCTTCGCCCTGGTGCGACAGGTATAAAAGCGATCCGTCCGATTGATTTATAATAGCACTGCACACCCCCATGAATAAACCTAACGTATTGTAACAGCCGGATCGAAAATC,336,49.7,Caenorhabditis elegans
SEQ_633315,TTCCGATTATTTTTTCCTTATATGTGAGGATGTTCAAATAATTCAGGCACAAAGCTGCGCTGTAGGCTCTGTCCTAGGTGTGCTCGTAATCTCCAAAACTAACATATTAACGTCCCCGTGATTAAGCTACTAAACCGATCTTAAGCTGCACGTAATCTATGCTGATCGTTTGCCAAAATGACCCTAAAAATATACACTCCCAAGCGTTTAAGCCTTGTATGGGGACTATTCCTAGTGGTTGAGACTAAGTACCGCCGAGATTCAGGGCTCCGCGCAAAGAATAAAGTCGCAGGAAGTACGAAACTGTTATCCGTACATGTTAGCGGAACCCGATACCTTCTACGGATTTCGAGACCAAGACTGGCCATCCTCGCATTAAATCTGTTTTGTGCGCGATATATATGTAATTACCAGGTGCAATCCCTCACGTCGATCGTCGGATCATAATCATCACGTACATCCGCTCTAACACAGGATGCTCCCCATGTCATCGAGTACCCCCACGTGCTCTGCCATTTAAGGGCTAATAATGCGGGGTATGAACGACTAGGGAGGATTTTTCTTTAGCAAAGCCGCGGGCCGTCTCTCCCTTTACATGTTTAGGCAGGTTTTAAAATTTGAAGGGTCTAGTATCTCCGGGTCACTTCGGACGGTTTACACAGGCTTTAACCTCTCGACGCGTGTCACAGTTCCCCATCTGAGTTTTCTATCAATCCTCGCCTAACTAAGAGGGTTGAACAACTCGACTTTACATATGGCCAAATGAAGGTAAATTACCTCCTCAGTAGTAAGCACCGCTGAGCAGTTGGGACGGGCATCCCCTCACTAATCCGCACGTAATGCATTGATAAGTGGCGGTCTTCAAGCGCAGCTTTAACTGTACTTTTGGTCAATGGCCAGTTATGCCGTGCCAACGAGAAACAGGACTCTGTTCACTAGATAGGGCAAAGGGAGCCTAGCCCGGCCGTATCCGACTGTCGACACATGAGAGGCCCCCCCTCTGTCCGGGGATAGTATGTTCTGGCCAGTACGCCCCGCACTGGAATTCTATGGCATATCGACCTTGTTCCCGTTTCACCTATCAGCGGTTTTATAAACCCCTCACGTCATTCGCTCACGGCGATATCCTAGTGGACACCGTTATCTCGCCTACCTTCGCACAGCTCTAAAAGGTGGACTTTCTTGGGGAGAGGTAGACGTCTCCAATGCCAACAGGGCTCTACCAGCTCGTATCGGAGCTCAGAGCCTCGCCTGCTCCCATTGAAATGGGACGGCGGTGCACTGTACGACTGTACGGTGGCAGAGTATCGACTTAACATACGCGCGCCATCGGATGGCCGATTCTACCTCGAGTAAATACAGACGGTACACCTTGAAGTGTTAGGCACGGTTCGAATCAACAGTGTCGTAAAAATCTGTCACGGTCCCTGTACCCTGAACCGATCGGTTGATGGCGCACTTATGCAGGCGCTATAAAAGTTCCGCGGGTCGCACCGCATATGTTCACATTAGCCGTCCCAGCACGCCAGGTTACCAGGTCCCGAAACGTATTCGCCGCTTATTTGGTTATGAAACTGTTTGGAATCTAGCTGATTTCATGTAGAGATGACTATCACCATCGCCCGGCGTTCAGATAAGGCTTGCCTGTTGGTTTGGCTCTGGAGGAAATGAAACTCTCCGAACTCAATCCTTATTCAACCGCCAGAAGGCAAAGGAGAGGCAGAAGCGTTT,1731,49.28,Escherichia coli
SEQ_132545,GAGATGACTCAAGGCAGTTCAATGTAGGACTCTGTCATACTACTGCGTTTTGAAACATTACGCGTGTTTCGGATGAACGAATTCCCCGCGGCTTAACCAGACAAGCCACGGCAATCGGATTATATAGCTACCTTTCGATCGTGGCGAGCGCGAACTGTCGAAAAGAAGGATGCGGCTGGTGAGTCTATGCGGTTATCTTAGGTGATGAGTCTGTATACAAAACTATAAGGCCTTGGAAATGTTCTGACGTAGTGGAAATTCATAAGGGCTCGTTCACGCGTGGACCATGGGACTCATAGCACTCTAGTGTACGACCCCAGTATGCAGAAGTAGCAGAGTTATCTGGCCGCTACCCGAATGGTAGCTAACGTCCTACGGTTTGATGAAGGAGCGATGCATATCTCTGCGGCTCGCGGTCACCGAGTTAATGTAAAGAAGTCACATTCCAGGGCAAAGAGCGGTGAGCCCGCCATGGTGATTATCACTGCTTACTTAGGTAGCAAAACACTTTAGGCGTAATA,521,48.37,Caenorhabditis elegans
SEQ_254866,TAGCCCTTCTGGTAGGAGGCTCCTTAAGGGTTACTGTGACGACGCGCGGTAGTGAGCTGCACTGAAAGCAAATCGGGAGCATTCCAGGAGGTAACAACGGCACACCTGTAATCCGCTTATAGCCGAAGCTTAGCTAAAGGGGTAGCGTACACTTGACATTGTTTGATCTATGAGAGCTAGCATCAGAAGGTCTCGATCACTTACGGCGAAAGCTGTTCGCGGTGGATTGGATACGACGAGGTACCTGAAGAATCACGGCACTTGTAAAGGAGGAGCCCGGGAAAGATCGC,290,51.72,Caenorhabditis elegans
SEQ_513595,ATACGTGTACCACACCTAGAAGCCGGTGCTAGAGTCCCGCCTTTCAAGAAGTGCAGTCCGCCAAATCAAAGAGACGCCGGAGTCAGACACAACTTCGAATGGGTAAGACCTCCCCCCTTATAGGGTCGAGACGCGGAATATCGCTATACCCTATAGGTTATTTACTATTTGCCCAGTACCCCCTGATTATCTTCAAGTGTGCCCAGAGCCGGAAGAAGTACCTGGACGTAGCATAGACAACAGCTCGATAGTATGGTTTGCTCCGTGCGTGGGGTGACGCCACCTGTTAGCGGAGACCATCGCGCGCCCGGGGACTGTGCTTCTAGATACCATCAGAATGTCAGATCCTATCCGACGGGCTGTAGGCGGTTGTAATCGGTGTCGAACTGTGATACCTATGCTTACTATCTGTTGATACATTTGCATCATCTCGTTTTCCCTTTATTACCAGTCATTGCGGTCAATCTTCAGCCTGCGGGTACCGCCCGATAGGAGGTCATTAGCCGACGTCCCATGAGAATGTGTCATCCGCCGGTCTGTCAACAAACAACCAGTCGCCCTGAGGACAGTTCCACTGGGGAGATAAGCCGACGGTGACCGGGTATAACCACGTTTTACACTAGGATTACCCCTGTGTCATTTATGAAAAGAGGGATTTGATCTCCTAACAATCTCCCTTGTCATCAAGAGGCGGATTATCCAGCAGGTTCCCATCCTAGAAGGCCCTGTTTGACGCAACCATCCTGCAGTTTATATCTATTGAAGGAACAGCCCCTCGGACACTCCGTCTTATAAAGCTGTAGGGGCGAAACAACGGCTGATCGCCCGTCCACTCATGTTACTTAGCCTACGGCAGCACGTGACGGTACCACAGCTTGCATTGCTAAATCTCGACAGGCTTCCCGTAGGAACGGCATACTGCCGGCGCCCGAGTTCCGGACACAATAAGTACGCTTTGTTTGAACCTGAATATTATACTTGTAGAAAGCGCAAGAGGACGTCCCGGCCCTTCGCGCCCCCTGCGACCCGGGCGCAGCGACGTTCTCCGAAAGCCAATGCCTCTCCCCCCAAATGAGCGCCTTTCAGTACGTGTACCACATACTCTGCGGAACCCCAGGCAGCCGGGTGTGAGACAATGGAAGCTGATTAATGACCTTGACGTCAGAGGACTAACCCCCAGCATCCACTCTTGACAACGCTCTCTTAGTCTATGGGTTGAGCTAGACGCCTGCGACCCATCTTTAGAGACGCGGGAGGCGAGCGGCACCACTGGGATATCCTCTAAGTCATACACCGCTCATTAATAGAAGCAAGGTCAAGGGAGCGAACAGGCACGGCTACACACTAGACCTCAGACTTCTCCACCACACCCGGCTGCTCCGGAACGGGGTTAACCTGCTCGCCCGTTGGTAAGCCTACCACCCAGGGCGTCTACTATAATCGTCATGTATCTCCAAAATGGACACGCTAGGCCGTGGACTCTAAGTTGTGCACGGCAGACGACAGTGAGGCCTCTTCGGCACGTAACATGGAGATTGATGGATGTGCGAACTGATTCTACACTGCTCGAGACAGCAACTCCCTTTTCGTGTTGACCGCCGAACTATGCCCCGACACCTGTTCAGGCTGTCACAGAAGGTAGAGTCCGCATCGAACGTGGATATTGTCCTTCGTTGGTAATGTAGCAGCCATAAACGACTGCCAGTAATGATAAGCGCGCATTAACGTTACAAGAATGCGACGGCATGCCGAGGAGGTCTCTGAGGTGGTTGCCGTGCTGGCGGAAGTAATCGTAGAGGCTGTGTTATTTCCCCTTAATCCTCCCAGTGCGCCTTTCCGACGCCCTGACTTGGAGACCCATCATGAGAAGTGAAAGCAGCTGTAAGGGATGGGTATCTGAGTAGCAAGTAACCAAAGCGG,1920,52.92,Escherichia coli
SEQ_332392,ATGGCGACCGTGAGAGAGCTCAATCACCGGGGTATGAGAGTAGCAGTAAACCCCATGCCCTGCAGTAGAACTTGTTTAAACGCCACACCGACTGGCCGTCATAGGCCCACAGGTACATAGGTCGAGACTAGACCGAATAAGTGCTAAAGGTTGCCACCCCGCCACACACTGTAAATGCATAGTTTCTTGACCGGCATATTCTGGTGGGGCACAGGGATCCATACCGTACGACCCAGAGCATCAGTCCTGTTCCAGTTAGGAACGGTAAGGGCTCTTGGCCTCGTCGACTACGCTACACGTCATGCCCGCGCTTCAGACGTGCACGCTCCATCACGTGGCCGAGACCATGCGAGTTCGCAGCGGCACTAGCTCCTGTGCCCGAATCTACGATACTTACTAGCCCGGTTAAAACGTATGTGACGGTACGGTTAAGAGTTACTATCGTCGCTTCGAAAGGCCGGGCTTCGTCAATTTCGTGTCCTTTGTGTCGGGTAAACAAAGCGAGTAGACTAAGCCGACGTGTAAGCTGGTAACTAATCGGGTTCCCGACATGTGTGGTACCCATGTCAGGAGGGCAAAGGACGCGCTAAATATTAACTGTGGTTGTTCCAATGTATTACCAACGTGTTGACGTGAGGATGTTTTGCGCGCGTATGACATTGCATGTAAGGGGAATGAGAACGGTTGAAGCCGTTCTAAGCCCACGTTGTCTTTGAATTTACCGGCGATGGGAAGACAGATCCCATACGTCACCGGTTCATCATCAGGAGCCCGACAAAGTACGGCGAGGACGGATCCCGCAGCGTTGCCTGAGGACCAATTGATTATGCACCTTCCTTCTAGCGACTTCCACCTACATAATCGCTAGACGCGGAAATTCCAGTCATGGGTACCTTGGCTGTATCGCGTCCTCTGTGGACAATAATGCTAGTTTATTAGGAGTGTTGTTTTTAGTAAACCAGGCTGATTTGCTTTTGAAAGTCGCAGCCGTTGACCATGGAGCGAGGGCACAGACTGGCATTGCCCGTCTTGATATAGATCACGAGGAGCGGTTCTCAACATCCGTGTCAGAATTTAACAGCCCAGTATGGGCGCTACGCCCTAAAATACAAACAGTTATTATCTACGGTTAAATCCTTCGTCAATAGTGATATTTATATACTAGAGGCCGGGGACTTCGCCCAAACTGGGGAGTGATGATCCACCGAGGCGGAACAGTTGAATGTAAGCGGTGGTGTAGCAACGTCAGTGTTATTCCGGCAGTGAGATAGACAAATAGTCGCTTGTGACTGGTATTTCTCCGTCACCTGCTGGTCAATAGGCGTCCAGGTACGCGCCCGGCATCGGTATCAGGACGTAGAGTTACATTGTCTACGTTCGTCGACATATTCTTCCTCTATACCATGAGATATTCGAGCATTCGGGGTCTACTAGACGTGGCCATAGTGGACGGTCTCGTCCTACCCAACAATTATTGGGAGACCTACGTTTCGCCCCCTTGCTTCGCGAGTCCGTGACGATCTGGGCGACGCGGATAATTCCACGCTCACAGAATAAATAGGCTCGTTGGCACACTTTCCCGAGTTCTCCGCTCCTTCCTAACCGAGGGTTAAGAAGCTTGCCTCACAGGGGAACAGCGATAATAGTAACGCGTGTTGAAAGAGAGCCGTGGCTTAGCCTGTAGGTCAAAAGGTTA,1696,51.0,Arabidopsis thaliana
SEQ_920800,TCTATGCCGATGAACGTAAAAAACCACAAACGAGTTCGACACCAAGAAGGGGATGGTCATACCGGTAAAATGATAAAGGTTTTCGGTAAACGCCAATACCTGTCTCTGAGGGACCTTCCCACTATGCCCCATCTCATGTGAGTTCTCCCCAGGTAGAGTATTAGTGGCATTATCTCAGTGTGCACACACTGTGACTTGCCTTCTAGGTTCAGAGGCAGAACGCTTGTGATGACTGTCTATGTTGTCAATGGGGCTAGTACTTCTTGACCACTGCTGGCCCCCGGAGAAGCCACTGCTACAGGTATGGACAAAGTTTTTCAGCGAGCTTGGCAATGTTACAGACTAGACTGACCTAATAGGTCCGAATATTTTGGCAGGGACGGACCGCATCTTTAGCATCGCTCATAATATGCCTCTTGTTTTCCAATAAGCTTTTTTACATAAAAAGGCAGTGGGTAACGACCGCACGTAATAATGAGATGGTAATCCTTACTCTTGGTTGAACTATCATGGAGCCTTTTGGGATCAGTGGAAGTATATAACCATAACAAAAGAAGCGACAGGTTCTAAGAGGTCCGGTCACGATACTGGTCGAACACCTGTGGCAAGCTGGAAGATGTCAATACTCGTCCTAAGGGTGTAGCTAAGATGCCGCCGTCGCACCGACGGGTACGTCTGTCAAGTTGTCTAAACTTCAGGGGTCCGACAAACGATAAGCTCCGCAAATTGCTTCGTCTAAGTATTGACACACATATGAGGTGAGTGTTCAGGGTGAAGGATACCATGGTACCACCCCATTTGTGAGCGCGATCGTCAATTGATCCGTGGACGTCCGCGCAACCTCTCGCAAATCGTGGGTTGATACCGTCAATTTTTGGATTTGGGAGGAAAATTCTGAAAGAGGCCTCATACTCATGACGTCACTCCAGGTAGCCCCCCCGGGCGGCTACGTTTTGTATAAGTGCTCCGCAATCGTATTGACCTCATAACGTCACGAAATTAAACTTAACACTACTGAAGGAATTATGGGGAAAAAGCCCATTTGTACTTGGTGATGCCATGCGAATCAACATAGCTGTCCAGATCATGAGTCTGTCTGAAGGACTGCATACTCATCCACCATCCTGACGACAACCATCCCCCGGCCGGTCATTCCGATAATGGCACCTAAAGCCCACGTCACAAAGATACAATTTCGGTAGCACCGGTCGTCAGAGGGCTCAAGAAAGGTTCGACAAAGCCAGGGCCCAAAATTTACAACCGAGACGCTTACAAAGCCGTCAAATGTGACTCATATCACGTTCCTTCTGCATGGATCTATGAATTCCATGCTACGGAGGAATCATCGATAAGCAGCTGTGACAGTACCTGCATTGGAAGCTTGCGCACATTTTACATTGTGTGATGTATATTTTGTGTACCATGTTTAGAATATGCATTTCTCGCAAGCTGGCGGTGAAGCAGCCTAGCTTTTGAGAAACTATCGAGGGGAGCTGCGAGATCCTCTGGGTCTTGTTAACAAGTACCCTACGCCGGTTCATATACAGATTTGGGAGCTTGATTAAGGCTGGTTGTAGGGTGAGTACTGGACCCTAACGTGTAAAGTGATGGGGACTCTTGTATTGACTAATGCTACGTCCTCTCGACAATATGACCTGCGAACATACTCGACGACGTGCTGTCGGACGACAGGCCGTGAGAAGGCCTTTTTACAGGCAGGTTAACAGGAGTTGGTTCGCTCGGGCCGAATCCGTAGGAAGTCAACATGCAATACTGCCCGCTACTGCGGATA,1792,47.77,Drosophila melanogaster
SEQ_849859,GGTGGGGGATCAGAGGGGCGGCTATCCCTGGCGGCAGGTCATAGACCGATCGCACTGGCGACAATACATATTAGGGTGGTTGGACCAACGGAAAGTTACCCGTAGGATCTAATTTAATTCTAATGCAAACGGCGCGAAAATAATTAAGTGATCCCAGTTATATACCGCCCATGTAACTCGCGACCCGACACATCCAGGGGTTGAATAATCAATGACACAATGGGGGAATCATATGGCAACGATCATAATCACCGTCACCGGATCATGGTTCTAGGACGAGTGTGGCAGGAAACCACTATGGTATAGGGGCCTGTAACAGGCGCGACTAATAGAACCACATGTAGCAGGTACGAGTAATGCGCCTGAGGCGTTCGTCTGCGCCGCCTTTTTTACACCATTTCAACATTACGGGGCCCAGCGTATGAGGCCGCGAACAGTCACACACTATTTTCCAACATAGTTAGTTGGGCAAATACTCCTGAGTCCTAGTAAGTTGGGTCTCTGGAGACATACTAATGTTCGACCGATCACACGTATCTCAGAGTCGCCATTTACGGTACTCAAGTTGGGTGGGCCCACTTCAATCGGAGGGCAAGCAGACGAT,604,50.0,Homo sapiens
SEQ_481494,GGGCAAGGGGGTTCTTTTCGAAAAATGCAAGAGCGCAAATCGCTGCGCTCGGGTTGTAAGAGCTATCAGTCCCGTATGAACGAGCCAACGCCTGCCACCTAGCGAGCGATAGGTGCTGAAATAGGTTGATAGGATCCAAGTCAGGGCGTTGTCTGAGAACCTAACGGGGCACAGAGACCACAGTTTTCGAGTACCGGGGCGCCGGAAGCTGCGAAGTTTTTTCGTTCCTCAC,232,54.31,Mus musculus
SEQ_205558,CTCAGGCAAATTCACCTGGACGATTGAGGTCATGCGCCCCCAATGTGGTGAGTGTGTTCAGCCCCGCGCGATAAAGGTCCGGACGTCTGGAACTCAGCGCGGGGAATGAGCAGGTACCCCCCTAGATTACGGAGCTGGATGTACGAAGAGCTGGGCTATGATTCCCCTTATACGGGCTGGCTTCAGACTTAATCCATAGACACCGTGGCAGGCCGCGCTCGTAGCCCAGAAGTCATTTAATACACTTGCGGGATCGTTAAGAGGATTTCAGTATGTGTCTAGAATCAATAACCTCAGCCTCGCTTGATTATACGCGATTTGGACAGCGTTGAGCCCACAATACCACATAGTCACGCGTGAGGAGTTTCGCGGGCACATCTCGAAGGCTCATACTCGGTTTCCGCCACTCGTTTTGAAGTGCCGGACCTCGAGCCGTCAGTACGGCGCCAAGACGTAATGGTGGCTCGGGGAAGATTTATGGGCTGGATTATGGGTAACCGTCCTCCAGCATACTATTAAACCAGTTCGCTAGTCAATGGGAAGAATTCTCCCTAGAACAGGGGAATGCGCATAGAGGTGCTTAATGAGGTTAAACACGAAGAACTCACGGCGTTATCTGGAAACTCGCTGCAGGAGAGGCAGCAGTTGTCCCTTTTAACAGTCGTTCACGGGGTTGAACATTCCACTCGCGACCGTGAATAGTAAATGGTTGCGGGTGGTACTCTCGTGGCGAGCTAGCTTTACTACATCGTCGGATAAACACGAGGCCTCCCATTAGGTCCGTTGTCACACAAATAGGCAACTCGGGACAGTTGGTTAATTTGCGTCTGGAAGCTTAAGAATGTCTGGCTTTTGTCCCCGAAACGGGTAGGGCTTATCGGGTGACAGCAGATGGGCATTCATCACATTAGCATATTAATTATATTGATAGCTAGTAGGGGCTTGACACTCCGCTCGTGGGTTTCAAGTCTCTCCTCAGACAGAATCGGACAGCATGATGTATTATGCTTCGGTGTGACCGCCTTAGATACACGTTGTGATTTGGCGGTATGTGAGGAACCTTGTGACGGCGTGTGTTTGACGGCAAGTCTCAGTAACCTTCGCGTCCTACCCACACTAGGCTTAAAACTAGCTGTCGAGACCAGGGTGCGCGCGACGACCTCACAGTAACGGAGTACCCGCCCCTCTTTCTAACAATTTAATGCTACTACCCTAAAATTATTCGTTGTCGGGCATGGCGCTCGGTTGCTGGCGCCACCTGGCAGCCGGCGTGTAATCCGGATAAACTACATCTATTACACAGCCGGAGCACTCGGGGGTCAGTTGCAACGAACGATTAACTACGGTAACTTGAATACTAACGCAGGAAAAACCCCTACCTGGACTGACGGTACCCGCGGCTCTCCATCGGATATATCACGCAGCGAGACTACCAAGGCGATGCGGGTGTAAAATGCATGCTCTGCTTCTAACTCCCACAGCCGCGTAGAATTCATGTCGATATAAGACCTTTCAGACCAGGTCCTGAG,1529,51.47,Drosophila melanogaster
SEQ_224157,CTACGGCGACGCAGGCTCCCGTGGTCGCGTGAACCTGTAAGAGTAGCATGCTCGAATAACTCATTGAGTTGCATATCAAAAATTGTGTAGCCAACCCATCCCCCCCCACCTAACAGCTGGCTAAACGTGATCCACGGGACAAGGGTCTAGCTTATTATATATGTTTATTGCCTGAACAATCAAAAGGGACATGTCACTCTCATGAAGACTCATTGAACAGATGATCCATAATTGCTCCCACTTAAACGTGTGTCCCGTTATTGAAGGAAACCTTGCACTACGGAGCAGCATCCGACAGGCGCTCCCTATCACTTGGTGCGCCTCGCCGAACATGTCTCGAGCGAGTCTCATGGGTTAAATCCGCCCGCCGTGGCTTTGCATGATAAGTCGATTCGGCCCATATCAGATTCAGTGCATTCTTTCCCGCAACTCAACGGGCCCCGCGACTTTACCAAGTGAACAGATCTATAAACCTCGGTAGAAATAGTGAGTGCCTGGCGCGACAAAAATAGCCAAAGACATCTCAGGTGCGGCCCCGTTAGCGATCACAGATGGGCGCCCAAACATTTCAAAAAGACCGACTTACTGGGGTCGCCAAATACTACGCGCAGGATAGATTCCGTACAGACGAGTGTACCAAATAGGCGTTGCCAGATCGGTAGCGAGTAAATCGATGTTTCTTGAAGTGCGCAGCACTCATACGCGGGCTGTGGTCGGCAGGCCCCCAGGACTATACAGGGCGTTTAGCGAGACCACCGAAGCGCGGCTCGACCTTTGTAATGCACCTACAGCGAGCCAACTGGGGCGGAGATGATTCGAACGAAGTAAGAATCTAAAAAGCGCGCACTGTACGCCTATCATACTGTCGTTCATCGGCTCAGGTTACTTACATACAGGCACAAACAGCCGCAGACTTTTTCGCCACGGATGGCAACCTCCAGTTTACAAAGATCTTAAGGAA,961,50.88,Mus musculus
SEQ_699225,AGCTCACCTCCGATCTTCCGCGAAAAGATTCCTACTCGGTTGTTAACGGCACGCTTCACAATTCTATCGTGCCAACTGTCGGTTTATCTGTGGGAACCACCCGATCACTATCCCCAGAAAACCGGATACCTAACTCTGGGCGCCGGGATACAAACTATTCTTATAACCTTTTGTCTAAGATATTCAGTCTGCTGCCTTCTGGCTGACGATACGGAAAGGATTGGGCGAGCATGAAATATCACCAGGCTAAATTGACGTTGGAGCGGGTCGCGTGCGCTACTCTTATCGAAAATGGCCATCGACTGTCGCTCCAACTGCGCTATCAATCTAGACTATAACGTTCGTGGATGAGGCGAAGCATAGGTTTTAGTCCATAAAGGCGTCGGTATAGGGACATCTGACGACCTATAGTTTCGCTAGGCGCACGACCCACATATATTACCAAGATCACAACTCGCCGTCATGAAATCTCAGACCTGGAATTCACCGATGTATGCCACTTTTAGGCTTCTACAGGCTATATGAAAAATCCGCATTCCAATTCGAGATGCGATCGGGTTATTGAGTTTCAAAAGTCCGCCAACGGGTCTACTCGGATTCATCAGAAAGTGCGCAACTATACGAGAGAAGTGTTTAGATACGGACAGTCAGATTTCTAAT,660,46.97,Arabidopsis thaliana
SEQ_994419,AAGTTGATCCCACGAGGTCAAATCGCAACTCATCTTACTTATTAGAGACATTCGTCACACCCCGCGTTTTAGAAAATCAAGCTTCACCATGGCTTGTTCGAACACTGTGCGAGTGATATAGTAGCGCGCTCCTAAAAACCTACGCCAACAGAATGAGTGATTGCTCTGCTGTGGAATAGTGGCGGGCATTCGCAATACGGGAACATGTGTCACTGTACCGTTCTGTGACTGGCGGTGACTGAGTTCTAAATGTACACCACAGGGAGGACGTCTGCCGGTTTCCTGTCTGTGATCATTAAGCCCTTATGTTCGCCATTATATTTCGGACAAACTACGAGGGACTTCTCAACAGTTCCTCTAGATCTGAGATCTTCTTTTAATTCGACCGGCACGCCTGCTACTGTGTGACAGCTGATTTAATGATTTCAGAAACTACCGGCCTCCAATGTGGTTGGTCTGTGGTCGCTCTTATGCCACATAAAGTCCCTCGAGTTTGCACGGAGTGACGCCGGAGCTTGCGTATTAGTGGGATACTGCCTCTCGGTCGCGCGGTCATCGAGTCACCGCCAGCGGCGCGACGGGTTACACTCGTTTGAAAAATAGGAATGGGATATAGCCAGTTATTCGGAGTTTCGAAAGGATCGAGCCCCCGAACTAGTTGAGGATGGGCACATCTATGTTCCACAATATTCGATCGAGTGTAGTCGACCGTGAGCGTATGTTATTCGGACCCACCTGTGTTACATTTTACCTATACTTCATCGAGCCGGCAGTGCGAGCGCCTACCACGCAATTAAAGCCACGTTTCAAGGCAGGTGATCTTGTAGAGTATTTGGAATTTTCCTTATTGTATGTTGTGGGGGTGGGCCGGCTTAGTACGCATATATATATGTGCGGCGACGACTTGCTCTCTACTCTCTAAATAATGGCTGTGTCAGGAACCTTTTCCGTATCTAGATTACGCGAGGCTCCTGCTTCACGTGCGTCAAGTCTTCCTTATGCCCCGAAAGGATTCCATACATTCCGTATCAGGTACTTAGCAAACATATGAACGCCGCTGGCTCTCGCGATACGCGTTCGCTCTGCAAGAGGGGTGAGGCCCAGGCTCGATAAAGCTATTAGATCCGGTTTCCTTTGCGTAAAACACTGGGCCGTTATAGGATGGACGTCGGAGCGAGTGGTAAATCTCTAGTTGGCACTTGTAGTGAGTCGGTAATGACTCCACAAAAGATTATTAGGGGCCCGCTTTCCTACCCTTACCTTGGCGGACAACTAGTTAGCGGCCGTCCGACCACCGGGGGGGAACGCTAGTATCGTGCGTCGAGTGATCGGAGAAAGGCCGAGTGTCACGAATCACGCAGATCTTGCAACCCCCACTTCATTGTCCCTGCCGAGGATTCCGATATATGACGGGCTACATCCAACTAAGGATCTTGTGAGAAGGGCCGTAGACGGAACTATTCAAGAGAGCCTGGGCAATGGTGGTAGGTGTCTAGATCCTGCCATGGCTTAGGCAGTGAATGTGCTGCGAAGCTCAGCTAGGTCAGTATCAGTCCTTGCGGGATATATCCCGCTAATTTCCCAATTAGGGTAGTCCGAGAGATGTAGTTTCTCTGCGAATGATATTGGACTTTCTTCAAATAACACGGGTGTGTGTCACGGTGATATAAACGTAGGTATTGTTGTCACTAAGTACCGTCGGACTCCCCTATTAACCGCAGTCCCGCGTTCTTCCGCGTTGGTTCCGTTCGCAGGGGGGGGTCTGACCTGAGACCTCTAGACGCGTTGTAGGGAATTAGGGCATGGCGCCTTGAGAATTA,1820,50.11,Saccharomyces cerevisiae
SEQ_113798,TTCTAATCGCAGGTCTCCATGGCCATCCGAACTCAGGAAAGTTAGTGCCAAAAAACCTCTCGATCAGATAGGGACCGCCCACAGTGGAGGCACGCTGAGAGGACCGAGACCTGCTCCTCAGTACCTCTCTTCGGGGATCGGTCTTTAACTATTGACACAGTGGGTTTCGACACGAACTATGTAGTCGTACCGGGTAACGTTAAGAGAATCGCCACTTCAAACCAAACTCAGACTTTCGTAATACGAAAAGATCAATTGGTGACACGGAACTACAGCCCCTGAACTAGCATCAAACCGGTTAGCGGAGTGTATTCCTCCCATTGTAGAACGTTTCAGCATAGCTGACATCTCATTCGCTAATGGCCA,366,48.91,Saccharomyces cerevisiae
SEQ_787488,GATCTTTCGGTTTTTATTGACGTTGATCGTTCGCGAGCGCCGTGGTAGCCACACTAAGGAAAATGGAGGGAATTAAGTGGCCTATTACACGGCAGCACGACGGGACTAAGGCACAACTGGCCGACGTCCGCGTCAAAATAAATCGCTATTTTGCTATAATCTTCGTATCCGCTACGGAGCTCAGCATCTTGACGAAATTCTTACTTTCTGTTAAGCGGAGAGGAACCCGATAAACAATTCGATGCAGCTAGGTGTAACACCGCTTTAAATTATTTGGTGGATAGAATACTGATCGCTGATAAGCTTTGGCGAGCTAGTTCTGCTAACCGTGACTTGTCTGCCCTAGGGCGGCCGGGAATGGCCATGAAGCTTGACGGACTCTCCGAAACGGGCTGATGATGGACGGGCACGCGGTGAGGGGTTGCGTATCTCATGAGGTCCACAGAGTTTACAGCTTATCGTCCCGCAACGAGGATCCCTCGCCGGTCGGCCGTTACCACAACCCTAGGAAGGCAGATTGGCTCATTGCCATCGTTTCTGGAATTGTCACCTCACAGAAGCAGAGGGCAAGGCGATGACCTGTTCTGTCCTCCAGACGTAAAACCGGCACCATAGTGTTAGGCTAATGGTGGCCGTGCGGACATGCACCGGGCTAGCTGCTCTAAAGATTATCGCGCGGAGGCTTGACGCAGAGCGCCTGGTTACCCAGTTGGCGTTTCCAGCTTAGAGGTCGTGCCGCTTTCTGATACCCCCGGTAACGTAACCTGAGAGCGAAGCTCTCAGGTTACCCCGGTTCGGTATGTCGGTGACTCTCGCTGGACACCCATCTGATAGGGGTAGTGGATGAAATCTGTTCGCATTGAAACGTCCTAAATCGATTTATCTGCGACGCCATGACACCGCAGTATCCCCGACAGGTTGAGGGAGAAAGATATAACTCGGTTACACAATGACGGGCGGGAGTATACGAACTGCCAGAGGACCGGGGCCGTGCCTCTACGGCGACACTCCACTGTTTGTTAT,1023,52.79,Homo sapiens
SEQ_725124,TCATCGCTCTACGCTCAAACGGCCGATGGACTTACCTGAACCGGTACTATTGGTTGCAATTGCCGAATATTTTGGCGATTAGTTGCCTTGTAGCTATTCGAGGTTGTTAATTAAGTGCAAGCGGATCGTTGGGTAGAAAGACCCGGAAGAATGAGACGTAGTATATACGTTAGATGGGCCAATTTGAGGTAGCTTCATTGCTATATGGGGAACTAGGTGGTTTTCACTTAATAACGTCTTATACTACTACGATACAGTTCACAGTCTGGCACTGACAATAAGTTTCGATTTAGCCCTGGCGAGCTAGTCAGTCACCGACGGCAGATTAAAGTTAAGCGCATGGGCTGCGTGTTCAGCGGTTAGCTGGTGGACCAACGGGGAAATAAAGTAACCTTAGACAGCATCGAGCTGGTGGACAGTGAGGTATTTATCTATGAAAGAGTAGGTCCCCTAGGCATGGTAGAGTCTGCTGACTCCCTCGGGCCAATGACGGGCCACCATCAATCAGTGGAGCGACTGCTCGATCAAAACCGTGTCATCGCGCAAAGTCAGGTGACCTCGACCCTTTGCTGAGCCTAACTTTAATCCGCGGGGGAATGTCGATTTCGAAGTTCGCCGACAAGGACTTCACTTACCCATCTTGACCTTGTTGAAGGACTTAACTACAACTTAGCCCCGATTGCCAAGCTGCACGGTCCAGGACTGTCCACGGATCAAGCACTGGAGTCTAATAGGCGTGTTTATTTTTGCTTGGGGATCAATTCGTCGTCTTAGTAGTACCTCACCATCGTCCTCGTAGCTACATCAGTGCCTAGTAGGATGTCAGACAGGAAAGTTGTGCCTCTGACTGCCAGGCTACAAACAGCGCACTATGCTACGTACTCGCTATACCTGCTTACCTCCAGGGGGTCCTGTGGTGGCTCTGCAACCCAATAACACACGTCGCGCTGGCGGGTTAGTCGTTCAATACAGTGACGCTAGTTGGGTTTTCTGTTACAGTAGGTCTGATCGAAACTAAGGTCTAACGACGTGACTCCCAAGTGGCTCTTTGGAACCCACGTTGCCAGTCCGGGACAGGTCCCGGCCGACTACCAGAAAGAGGCTATTAGCATCCAGCAGCTACTGAAAAGAACCCCAATAACTCGGTGGGGAAATCAG,1158,49.74,Arabidopsis thaliana
SEQ_647598,CATCACAACCGCTTCTCCGCGCGACGTCGCAGGGTGTCTAACGGATAACGGAAGAGCTCTCATGCTAAATCTAGATCACATTTATTACTCATGACCTCGGACTATTATACCAGAACATGGTACCATAAACTTGGTAGCGCTAGGCCAGTCATAATCACGTCACAGTGGTGACCTCTAGGCTCCGATCACCCGCACGCAGTCCGCGCGGAAAAAATGGCCTGGGGTTTTTCGACGTCCGAAGGAAATGAAATTGCGGAACTAAGTATATTTGTTTATGGAATCTCGGAGAACGCAGGTCGTAACAGGCGCACTTTCTCAAACACGGGGGGGTGTGTAATAGGCAAGACAGAGCTCAGGTCCTAGGATGGATCCCGTAGATGGATGTCCGACAGCTACGGATCTAACAGGCCACATGAGCCTCGGACGGTCGCCTGCTTTTTGATACTTCACCTAAAACTTGACCTACATTATGCGGTAGTATCGTATCACTCCAATGAATTTTGGCTTAGTATCGGATGACGGGACGCCGTGTGAACACATACTCGCCAGTACCCCGGGAATGCCTCGGCGACGGTAGAACATCAAAGAACAGAAAGAATATGAGGACAACAGTTTGGGAGGTAGGGCAAATTCATACCAGTACCCTCGCCAGCGCCGTACCGGATTGGGACGATCACTCTACGAGAACTGGTCAAAAACATCATCTGGTAAACCGTTCCTCCACTCCGACCCTCAAGTGTCACCTTGTAAGGCGCCTTTACATGTTCGAGGAAGCTGCCAGATTCGGAACTCTCTGCCGCCTCTGACTGAATGGTCGTAACGTTGACACCCACAGCCGTGACAGGCGGCATGAACCATTAAGATGCACTACGACCAGCGTTTTGGTAAACAACCTTCCACTACATTCCGTGACGAAAGTAGAGGTCGCCGCGCTCACCTAATTATGTGGCCTAGAGCGCACACGGAACTAAACCTAAATATGAATAGTTTGGAAAAGCTCCCGAATACAGCGTCGTGCGAGTGAATTACAGAAGATGGGAAGAAAGTCACTGGGAAGGTTTTCGGAGCTGAGTATTTTCAGCAAATTCCTGGGGAAGATCGAGGGCCAAACGAAAGTGTCTTACAGAGCCGTTTCTGCTAGGTCGTGTTAAATGCTCACAAGTTGAGCGCTAACACGTCAAACAAAGAGTAGTTACAATTACTATCCGCATTCTTTGTACAACAAACACGGCGTTAAGCAAGGCTCAGTCAACTCAGGTCATAGTCATCAGGTCTATTTATGGTGTCCCTCTCTTCACAAACCCGAATTGAGACTAAGATATTTGGGTGCCCAAGATTGCGCAAAGTTCGGAGTGCAGCTTCGGCCGCCGCTACATGCGTGTTACGGGTTCGGGATGGACCTCAGGTGTCGTTCCCCCCCTTAATTGAAAATACAACGGACATGGAACGTCTTTTAACTGATCTACCCACGCGTCTTAGGACGAAAAATTAATTTGTCGGGCGCGATCTGTTATACCGGGCCGAGTTCAACAACTGTCGCTCTTGTCTCGTCTATTCTTGTACTCTCGGCCTCACGAGTTTCGTATAACCCCGGAGAAGCTAGTCGAGGCTTGGGTGACTATACTACCAGACTTACTACGCATTATGCAAAGATAGCTAGCTAGGGTTCGACACGGCCCCATATCGTCGCAGCTGGAGCATACGATGCA,1709,49.33,Drosophila melanogaster
SEQ_923625,TTGATTGTGCCGAAGCCTGTGCGTGGCGCAGGCACGCAAGGATTTCTTTAAGCGAGTCCCGTACGCCCGCCGTGCTTGTTATCGCTCCTAGTCGTCGCGCCAATCACTATTTAAGGCGCCTCGGCATCGCGACCGATTATGGTCACTAGGCTCGCTAGGCCAAGCTCAGGACTATTTGGCCACAATGGGGAAGATCACTCAGGACCACGATCCCAGGAGGTCGTCGGATGCCCGCTTCCTCCTTACACGGGCATCTATAATCTATGGCTTTATGTGTTAAGTGGCGTTATCAATACAGGACGCCTAAAGCATACCTGGAGCGACAGTGCTGACGCTGCAATGAATGTGTTTGAGGAATTTTGTTTGTCTTTACATAATCGAGCCATCCGAGGCCATACCTCAATAGTGGTGATTACTTAATTTCGTAATTGTGAGCTACTGATTCAGTGGCCAACACCGCTATGCTCATGGCATCCTCGGCCGGGACCTCCGCCAGAGTAGCTTACAGAGCCCCCCTCCGCCAGAGGGCGTAATTCAATTCAATCATGGAATGACTATCTCGTAGGGTCCAGATCTAGATCCGTTGTGGACTGTGGAGTGGGGAGCCGCCGTAGTGAGCCTCGCGGTATTTCGCCGTGATATTTGTCAAGAGGGGTGCAACGTGGTGAAGACTGCCGAAGGTGACGATCTGAAGTATATACAACCGTTGAGTGTTCAGGTATCGCGAATTGTATTGAACTGTCTCGTCCCTTAGCTGCTTTGCGTCTATGTTTGCCATTCAACCCCACTACAAGGCACGGAACCAATGTTTGTTTTAGTGAAAGAGAGAAGCGGCCGTACCAAACGATGAGACGGGCTTGGGTCCAACATAGTGATCTAAAAATGAACGGGACTCCGTGGACGACCGGTGCAACTAGTTCGGTGCCCCAAGAACAGGACAACTTTATGCCAGCTGTTTAGCGATCATATTTAGAAACCGACAACCTGACACGTCTCGTACACTTCCCTGGAATACGAAACCGGAGGTCAACATGGTTATTAAACCCTTACTACTATTTACCGGTGTATATATCGAGTACGCCGCCACAGACGTACGCAGTAGTCATACCACTACAGTGTAGTTGGCATCTATTACTATGAGGGGCTTACTAGTATTGCGAGTCTCAGCGGAGGAGTAACTCACGACTTATGGCTGGTTAGACGTTAGTTTCTTTAAAACGGATCGAATAGCTGCCGAACGTAGGGACGCCTATCACGCCCTAGGCCATAGTTTACTAATAACGTTAATGTAAGTTTCATGCTT,1303,49.58,Arabidopsis thaliana
SEQ_875872,ACGCGACCGTAAGCTGGATTGCTATTTAGTTCTATGAGGTAAAGCGTGATCAGTCAGGCCGGTTACTTCGACCTAAGCTACAACAATGTATCTCGCCCGATTAGGAGCAAACACAATTAAAAAATCCTACCTGAGAAGAAGATCGAGCGCGGCGGGGCTTCAGAAGTAGGCAACTCGCACACATGCCTACTTGTGCGGGCCCTAGGCGAGAGAGCCGAGCTCCGAAACATTGTAGCCGCGTAAAACTCTTTTGGCGAAACACGAAGTATATACCTTTCGAAGGTTGCTCCTGTTATCACCCTCCTCTTGTCCCAACTGTGCTCAGGATGTGCAGGAGGAGGACAGGGACAAGCCACCGCAGGTGGTTGAATCCTGAATACTACGTCATCGTGTACCCCTACTATTGGACTGCCCTAAAGTATTTGGGATGCCCTGCCAGAGTAGGCATGCGGAACGGCCACAAAAAGTGCGCCGGTAAACTTTTAAATCCATGTCACAAGCAAGCCGACCTGTCTCAGACTTATCGGTACAAAATGCACAAACATGGCTATACTTGTCCAGTCTCCGTTCAGTGCCAACGACGAAATGACATAACATCACGGCCAGCTAGCTAATTCCATACTGCCATAATACGTAAAATGGTGCCTATCATGACTACATAAGCTAGACGTTACCAACGACCTTAGCTCCGGACTTGATGTCGTTAGCTGATGGGGAGCAACTGGCCTTAACCTCACACTGTCGCTTTGCCAGGTAGAGCCTACTAAATAATCACCTGACAAGTCCTAATATCAATTTATACACAAGCGCAATACGCGGGAGCGAAAGATTATTATCCTGTGCCAGGCGGCCCTCTACGTCATCGTTGAGAAAGTGACTACTTCTTCATCAATTTGAGCCTCAATTGGCCGAATTTCCCTCGGCCTGCAACTATCACGCTGCAGGCAAGCTTTACGAGTCCCCTTAAGAGACGCCACAGCTTGCACTGCAACTGGCCGGGGGATGCGACGGGGGCAATTTCAGTCCTAGGTTTCTAGCTTTAAGCGAAAGAAGACTAGCCCGCTACGCCGTAACCCTCACCGAGAACGGCCAATAACATGCAGCCCGCAGGTAGTGCATCCCTAAGTATCGGATACCTGGCGTATTGCCCCGCCCAATAAATCACACGAGGCAATACGGTCTGCAGAAGCACTCAGGTCTTTGCGGAACATGGGTGTTTTGCATCGCACCTTATCTGAGACCTCGTTTCGGGACCACATTGGTGGGCGCAAGACACGAGCTTTGTCGATTCCTTGGCACCTTAGATAGTACGCCGATTGAAGAGAACCGTTGGTCTCGCGAACTTCAGGATCTCCACATGAGTATGCAACATAATATCCATGCGGAGGAGCGCACCACCCATTATGGAGTCTACACACGTCTGCCCTAATAGCTATTCCCCGCAACCGCATGACGAACAGGCGTTGCTCACATCGTACTTGTTGTGGTTATTTCCGACAAGCTCGCACTGGACAATTTATGCGAGCAATCGGTTTAACCCGAAGAGCGCTCATCCACGATGAGGTAATCAACTTGGGATCAACATGTGCACTTAGGGAAAAGATATCTCGATCGAGTGCCCATACTCGAGGTATGATCACGAGCCGCACGGGCGATAAACTTGACGTTACTGTGCGGATCTTACACCGCCATGCCATAAGTCACATTCATATTGCGCGGCAGTTGTAGCTTCGGCTGAGTTTAGTTAGTTCGTCTCGCATAGGTATCTTGGAGTCGACACAGAGGCATAAGCTTGCGGCTGCGCCATAGAGATAGATTATGGTCGGTATGGGTGCCCCTCTTGAGGAGGATTTCACTCATGTGTCGAGGATGAACCATGCGGATTCGCCATCACTCGGCGTGAACGAGTTCAAATAGTGAAGCTATATACACGGGACCCTTGAGAAGCCTAGCGATCTCAAAGGACTTG,1969,50.13,Escherichia coli
SEQ_371238,CCTCGCTTAATTTCTCTACGTGTCGCCGGGATTGAGTCACCGCGGCATGGCTTTAAATTGGGTGCCTTTAACCGGCGTGAACAGGGTATAGGTGCGCTGAGGTTCAAGTCCTCAGCAAGCTGCTATTTGGTAGGTGCGTTCCGGTCTTCTCGAAAAGTTACATCATACTAAGAGTCAGGGTTAATTTAAATGACGTGAAGGCTTTCCGCCGAGACTGGGGGCGAGTGTAATAACTAAGCCGAACGGAGGGATTCAACTTGGGCTACGTTCTTGGATGAGGGTATCAGCGCATGCAAGTACTGCGTGTTCACAATCTGGGCCTCCCTTCACAGAAGGTCAACTTTCGCGTAAATCACGTGCACGATAGTCTTCTACGTTATAACGGGAACCGGTTGAGGTACATGCCGACCTTCGCGATAGCGGATCTAACTTAGGATTACACGGGCGCCATGAGTCCGTCGAGTCTGTAGGTTTTTTACGCGAGGAGTGGATTGCTGGGAACACCGTTACGACCGGTTGATGTGGACATTACGGCTACCGGTTGCTATTCACGTATGGTCGACTCCTTTATACATAGCGGTCGGCGTGGATCATTAGAGTTCAATAAGCGGCACCCGTCGCGGACACGACAATTATGAAGGTTTCCGTAGATCCGTTTCTGAAGTATGACGACTCCACCACCAGTCTTTGCCCAGGGTGGAGTAGTCACTCAACTTACGTGTGAAGGGTACTACGCTCTTATCCAATATCAAAACTAAAGCAACCCCTAGATGGCCCAAGCGTGATAGGGTGGAGGTTATGTGGACGCTCTTTGGTTTATGGTATACGCACGGGAGCGAGGAACTAATCTATGCCTGTTTCAGCCTTTCCCCTAGCATCCGCACGTAACTAGAGCCCGCGCCCAAATGGATGCTAATATCTGTAACCAGCCGAAAAATCGTGGTAAAAGTTCGCGCCTGGTCGACGAAACGCATTTGCCAATGCTAATGCGTCATAAGTCTCCTGGGTTGGAATTTGACGGTCCTCGACGCACTGAGTTCGCACAATTTTACTTAGCAAATAACGTAGACGAGGTGTTTTAAAGACAATCTATGCACGAGTGTCCAGTTGGAAGGAAGGGCATTTTCTCACGTCCAGATGGTTGATGTCACGTGCTTGCGTTTGCGTTGCTTAACAGTTGTGGGACCCTCGCCCGCCTATCAATCCTCTGAAGTAAGTACTAGGGCGTCCGCCAACGCCAATTAAGAGGATTGTCTCTAATACAAAAGGTCTCCCTCCGGGACGTGAGTAAGGCTATTTCCATCCTGGGTCCTGTGTTACCTAGAATGGACTTGGTTCTCGTCATCTACGTACACCGCTGCGGTGCCCCAATTAGTTCAGCATGAATCCTATCCACAGGGTCCCCCCCCAACAAATGGGTAACTCAAGGGTCCTAGCTGCTCTTTAGAGCTCCTGGAAAAACGTACTAGGTACTAAGAATTTGAAAGAAATAGGAAAGACTATACGTGAGCTTCGGAGTTTTGATCGCATTGCTATGAAGAAAAGTG,1547,49.26,Caenorhabditis elegans
SEQ_306123,GATATGGTATCCGCGCAGTTGGCTAGCCGCAAAATCGCGTAATAAGTTCGCAGTCACCTGGCCAGGTCGGGCAAACTTTTTGGTGCGGCGTACCGTCGAACAAACCCCAGAGGGAACTAATACTAGTTGGTATTGTGAACCGGTGGCGATATTCGACGATGGCCGGGTCTCGGGGGCTACATCCGTCAGCAGCGGGAGATGGATCAGAAAGTGAGGTCTACTAATTGGGACACGGCAGGAACAGCGGAACCGCAACCCTAACGACTAATCAGGATGCATTGGGGCCACTACCCCGATGTGCTCACACTTTCTTGCAACCAGATACTTTTCATACCCCCCATAACCAAAGGACGGCGGTCCGCACCCATATGCGAAGCCCTGGCGGTCGTCTGAGCGTGAAGAGCGAACAAGCCATTGTGGTCCTATTGAGTAATTCCGCTTTCATTCGATAAGGCAAATCAGTTAGGGTGTCCCTCTGCCGCACGTTATCGACGAATATAGAAGTCCCGGTATTCATCCATGCGATCTAGAGCTCGGCTAAGACACGCCTGGCACTCTTAGCACGCCGTGTATGGTACCTTAAGTAAATGCGTGACGTCACTCAGACATGCGGCACGCGTCTGCAGACAAGGGCCGAGTCTTTCCCTAGACTCCAACGCGATGGATCGAGGGAGTAGGGAGTCGGAAGCTAAGTCTGAGTGCCAAGTATAACTTGTGGAACTGGGAAATTATTTCGTCGGAACAGTACTGATAAGCCTCGCCCGGTGCTGAAAAGAGTGAGAGGGTTACCTCGTCTGCGCACGCTTCTAATACAATTTTCGGGCTAGTGGAGCGACTTCAACTGCTCCGAACACCTGGAGAGGCCCTTGAACGC,874,53.2,Homo sapiens
SEQ_716998,TACTACATCTAGGACCTTAATCTTACCTACTTAGCCTAGAAGCGTGATGAGAATTTATACTAACCGACACGGCGTGTAAGATCTTGTAGAAGCACCTCAGGGTCAAGTCCCTACCGTTGGAAAGCCGATATGGTACATGAAGTTTTAATTCAGTCTGTTGCGTACCCTCAGTTGGCTACCGCGGAGGTGCAATGCCTCCCTTCGCCACCCCTAATATCTGATAGGTCGCTATTCGAGCTTAATTATCCTCGCTCAACAATCTTACACCGAGCGAAGGTTGGGGGGCCTCCCACTGCTCTAATAACTTAGTGATCCCAGTGACCCTGGCTGAACGCACGGAGTTAATCCTTTGCACCTCAGACCGTGGACCTGTTTCCATGGAGGGGCATCCAAAGTACTAAATATACCCTCTCTGTGTTAAATAACGGTTAGCAATTTCCGCGAACGCCAGAGTCGCACATGTGACTAAATTGCTTCAAGGTGTAGCATGCGGGGCCCGTTGGCTCAATTCATATGCTTCTTGTGGCCGGGAGGTAATAGGAGTTGCTTAAAGGCACCGCCATGGAGGGCTTGAGTATTCGATTCGGAGCCCAGCGAGCCCCTAGGAATAACTCGCAAATTTGTGCGACGCCAATACGCGATAGAAGCTTGGAAGCCCCCCTGGGCGGGACCGGTCTGGCGAATGTTACAATTTTCATCAATCGTCCACGTCACGACTATGTACCGGGGTCGCGCGCCCTTACTGTTGGAAGCCGAAACACGCGTCGGCAGGTGACCGCAGAATCCCTTACCCATGGATTAGGTCCAAGCGAGCATCTCTAGCAAGCCGAGATAAATTGACGTAACGTCCACAAAGCGCTCATTGACTTACCTCATACGATGTCCGTCTATGGCGCCAAGGCCATAGCTGCCCAGACACGCCAATGGTACCGTGTGCTGCATAGGACTACGCTACGTTTGGACCACACTTCTATTATCGAGACCGACCCGTGACACGAAGAAAAAGCGAGGTGGGTGAGGCCAGGAAGGTGGACCCAACTTATACGTGCCTTTGAGAATCGTACGACAACCAGAGCTTTAACCAAGGTTAACCGGCTTGTGCCCAGTTCCATGCACGGAAGGAAGCTACCTCGGTATGCACATAAACACTACAGCATCCTGCTCCAATGGACCTCGGCATAGAGGAATAGTGAACGCTCTCAGTCGAGAGAGATTGACGGCAACAGGTCACTTCGCCATACATTAACGTGTTGATATGCTATACGGTCGTCGCGACTTATCATCCGTTCCATTGACCATCCGTGGCGAGGTTATCCCGCAAACGGCGCACATTGCGCACAAAGTCGACGCCATAAGACCCACCGATATTCTTAAGAGTATTGGAGCCACAGTGGAATAACGCGATATTCCATATTTGGCTCCACAAAATAAAGAAGGCCCTCACCGAACCTTCCGCTTTTACTATGGTGATCAGACTTCGGGAGTCGGCATAGCGGATAGTAGGCATAAAACCACTTAATAAGAGCGCGAATATTACAGGGAAAAACGCATCTAATTGGCGGTACATAAACCAAATTCGAATATCACACGGAGATCTCAGCGATACTAACGCGTGATTAGGAGTTTCACCCGGTTCGTGCTGATTTTGGTGGCGTTCTGTGTCAGCGCTTCGCAGGAACGGTCACCACTTACGCCT,1696,50.41,Escherichia coli
SEQ_469016,GCTTTCGGCAACTATCGGTAGTAGGCCGGCCCAACGAGCGCGGGTTTCGCTATAGAAGCTACGTTATTATTGGAAGTAGCGGACCCTCGCCACAGCATAGGCCCGTATCGATTGCCTCGTATATAACACACCCAAAAGCGAAGACTATAGATACTATTGCATTAATTCTTGTACAACTCCTTAAGTGGCCTCCACCTGGGAAACTTGTTACGCGACGCCGTTTTAGAGACAAGTAGCCGTAGCCTCCCGAATCGGTCCGTGCAAAAGGGGCGCCGCCCAAGTTCATACGGGTAACCTGCCCACATTTCAACCCTGGAAGATGCCTAGTGTGCGAGACAGCGTCTGCACCTGCTCACCCGATAGTAAGTAACCTGGTCGTTGTACCTAGACGTAGACCACTCTGTGCCCGGATCACTCCCTCCCCGGGTTGTAATCCAAGGAACGACGCTCATGGATTGCACAGCTGGGGGCCCAGAGTAAGTGCGAGACGTCGCTGACATGGCTAAGAGACCAGTCATGGCACGAGAGGTTGTCTACTGAGCCGAATAGCCGGTCATCGGCAGTGGCGACTTGTCCCCGATGCGCAGATCAAACAACGGTTATGACTGAACGGAACTTATGTTCGGTCCAAGACTCCGTCGCATCAGACACATTATCAAGGGTATGTTTAAGCCCGTGAAGATATCCTTTTCGCATGATACTCAAGTGGACAATCCTGCGCACAACAAACCCCAGTCATCTCGTTTCAGGTGAAAAACAAGTAGGCTCACAGTCAACAGCGTACGTTACCTGTCTAAATTTAATTGCGGTCAAGAGCACAGTGCAACATGCCTCAGAATTACGGGAGGTGGGGAGGCCTGACCACCTTTAGGACCTTCGGTGGGTGCTGAGGAATATGACGCCGAAACATGTGGTCAGAAAATACTGTTCTCCATGGGACCGGCCAATTAGTTGCTAGGATATGGGGAGGGTACAATAGTAATAGTGCCGAAGGCATGAACATGAACGCTATAAGGGGAGGCACACTTGTGTACAGAAAAACCGGTCCAATCATCGGGTGAGCATCGACTGTGGAGCAAGTGTCTATGGGCATACATGTGTAAACTCACCTAACATACTGCAATACGGACGTTAGGCCCATGGTATACGACAGATCCGAGCTCTTAATCCTTGGTTCTCGACAGTTGGGGGGGGACGCTATATATGGATAAATCTAGCGAGTTGCTGTGCCATAGAAAACCCGAGGTTAGTATGCAACCCGCGCGTACCAATAGAGTAGGCCAAGCCAAATAAGCACATCACTCCACACAGCCCCTTATGACCGCTTGCCCCTGCCTCCTGAATTGGCGACGCGGATCCGAGGACAACTGGGCTTGTGGACACTACCGCTACACTTTTCACAAACCGTTAACCGGCCAATAATTGAGCATGACTCGTCCTTGTAGAATAAGTCAAAGGAACATCCTCCGTTACGCTGCACTCTGTTCACTTTGACAATTACAGAGCGTGTTTGTTACGCTCTCGCCTGCACGAGTTATGGGAAGAAATCACCGTGCTCTTCTTAAAGATGGGGTATTAGTGTACAACTCGCTCCAAACCTCTATAGAAATGCTCTATCAACCGGGACTCAAATCTAGGTCACTGTCGAGGGTGAGAGTATTGCACCGCGTTCAGAAATCTGAGATCTACCCTTGGTTACTCCGGCAAAACGTGTCTTCACTCGGGCTGAGAAGCCTTGTGTATGATAAGGGTCGGGCACATTGGCATATCGGGGAGCAATTAGTTGAAAGGTGTGCTTTACAAGCGGCTGTAAGTGAAAACCTTCATAACTCCGTCCAAAGGATGCGTCCCTACATCGCTGCCGCCTCAGTTGAACTTACCCATTGGTGAGACGAGCACGTTTGGCGACCATAGACGCGAATTCAACGCAACAGGCACTGACCTCTCAGAGCTGACTTCGACACCTGTTC,1970,50.56,Homo sapiens
SEQ_895252,GTGTGCCTAGCCAGTGAGGTCGGGGGAGCCGCTAACTACTGTCTATCGTCACTGAGCCAGCGGCTACTGCGTGAGACTCAGACGGGTCGCCAACACGCCGAAGACCATCTTCCGCTTGGACTTATAACATGGGGCTTGATCCTTAAAACTTAGTTCCGGCTCAGCACGTCGCATCGAATGTCAAAGCACAGTAGAGCCGTTGGCTAGCGCCTGAGGGTCGAGATTGGGTGCTACGACCACGACCTCACTAGCACAATACGATTTTGCGTTGAACGGCACCCATAAGCCAACCGTTCATAGCCTCCACACTGATCACTCGGATGCCCGCTCATCTTACCGTTGCCGTCGCCCGCGGATTGTGCCAGTGAGGGTCTTTGACGGCACAGTACGCAAACTATGAGCGGAGGAACTTTGCTAGCATCTTTCGAAAATAAACCGGCTTGCTTAAACTGGTTCAACAGTTCGCGGGCGTAGATGTTCTTGCCATATCTTAGGAGAGGGCTCAGAATGGGATGCTCGACGGTTATTGGTACTCGCATCCTCCCGCTTCGTCCAAAGACTCCGGGGGACATCTCTTTTCCGCTAGGACGCTTCCCCAGTAACCCTATCCAACAGTAGGCCATGCAGCACTGGAAAAGAAGGCTTAAGGCATTGGCTCCCCAACTGTTCGTTTAAAGTACGCCCGTGCATTCACTAGACAAGCAGTTTGATCAAGTCAAAAGCTGACCGCTCCTTACGCGACCGATGGCGTTAGTTTTTATGTTATTTTTAGATAGCCAAACAGTCAGTCAGTTAGTGGACAGGGTTTTGGGACCCAGTTTGGGCCCGTTCTATCGCTGAACGGTTGGGGGGAGTGCTGGGCAATGGGAGTGGCCCTCCTTCAGCTACAGTGAAGGTAAAACCCCTTGCTGAGCTGATTTTTTATGTATGCGCCGGCAATTTAAAACGTTCGGGGCACCCTTTCAACGTCTGAGTCCCTCCGGATCTTATACTTCGGGCTCATCAGCAAAGGAACTCATTCCTATTACCGTCGGGCTTGGAGATAGCTTATATTCATGATAGCATATCGAGCCGGGATATGCAATTTTGTTTACACTGTGAGGATAGCCTCATCCCGTTAGACATATAAAAAGATGGCTCAAATACATTTGATAGATGATATCTCTGACAACAGCAGCAGTTCTCCTCGTCAGTTGACCTAAAGCACCTGTATCGATTAAAGGGGTCCGATGAATTTGTTTTGCGTGGGGATGGTGAGCACGCTATCTCTCGTCAGGGAAGGATCAGTGTGGCGGCACTCTGCTCCAATAACGTGATTCCCTCCTAAAATAGATCAGTTTGGTGGACCTCTGGGCAAAGCCGATGAAGGTTTAATTTCAACAGTCAATTACACTGGCCTCACCGAGGTCCATGTACACATAAGGACCCTAATCTGGAGGAGGCGAGCTTAGACCGGTTGCTTAATATAACTGGTAATCGGTTTGTAGGCCGTCTTGCAACTTGCCCGAAATAATTCAGTAATACCGCCAATCGAGGCGCTGCATTTGCACCGATGATATAGCTTTGGCCAGATGTAATGGCCTAGGCTAGTGTAACCTACAATTGCGACGCTTCCTGCTGCTAGGGTCTAATAGCGCCAGCCTTGTTGCACCAAACGCCAAACTCCTATCTTAGAACAGTCTCGAGCCAGTGTCGTTTTGAGGGGAGTGTGATGGGAACATACCTCGATCGCGAT,1735,50.2,Homo sapiens
SEQ_189895,GCACATCGTGTGTGGGGGGCAAACCGCTCAAGATGGGTCAAAGCTTATGCCCCGGATGCTCCACCCGCGTAACTGATTAGGTAGACCCGTTGTCAGTTTAGAACATGAACCAATAATATTGAGCGCTACTCGTTACGTCACGGATATAGACGGAAAGACCACGAATTTTACGGACTCTTGTACGCGGGCAACGAACACTGACCGCGGCGATGGCAGATATTGTGCTCGCCCGAGGCCTCTGCCTCTTACGCTACGATTGAAAGCCATTAGTTAGCTGACTGAACTACGAAATCCGCATTCGCATGTAGCTTAATCTAAGAACCTTCGGCAGGACTTCTTAACAGTCAGGGGTTGGGGCGGCGTGTTCGTACAACAGTTACCTATCCTCCTTTTAGTTGTCGGGTCCGTCGTCAATGGGAAGCCTGACGAACGCTCCACATTTGATTAATCTATCTCCCTCTATAGCGACCACACGTCTACAGGCCTGCTCTAGATTGGCAAATTCGATTGACGCCTGGGGCAAACAGTTTCTCATATGCTCCGCTTGCTCTGAAAGCAATAACGTAGGCCATTATTCACTTCGAATCAACAGTCCAACCGGACTAATCTGCGGTTTACCCCAGTTTATACTGGAGTGGCGGGTGGGACGTTTTTATCCGATGCACCCGATTCTCTTCGCGAAACACGCGATAAAGGATGAAGTAGATCAGAGAAGTTGTAGAGTGTCCGCCCCGGTCAGTAAATCCCATTATAGACCCTCCTATTGGTTTGTGCCGGGCGGTTATTTACTTATTTGCGCAGTCGTCGTATATGACGTAAGTTGTCGAGAGGGACCCCCAACTAATCGAATTCACCCTCCCTTCGGGGTGTATTCAATCATCTCACACACACGGCTTTTGACAGCTCTCTTAATGGGAGTTATCAAACTCGAAGATAGGGCTTGGGACAGAGGGGACGAAACCTGTTGACTAATGTTATTCCTGCGGCCGGTTCCAGCTAGTATCGGGCTAGTCGCGAATAACTGGGGCGCCATCTCTATTGAACTGCGTTGAACCGAACGCTGGCCCCCCTGGATGCGAAATGCAAGACCGGGCTTATTGGGGGCAAGCCTGGTAGATCTATTAGGTAGGCGGTCCACTAACACGCGAATCTACCGAGCGGTTTTTGCGGGTGTGATCCTTTATGAGACACGGGGATATCGGGAGAGTGTCCTGGACGGTGCCTAGGAGCCGTGGTGTTAAGGATCTTTCCGGTTCTAGCTGTGGCTAGGGACGCTGTCACTACCTCGAAATCCGGAGAGCTGAGTTCCATGATCAACGCATGTAAACCGTGCGATCAGTAATCCGCAGCTTACCCTAC,1359,50.92,Homo sapiens
SEQ_468149,ACTCCGATTCTAGCGTGATACCTTTAGAGCGGAGGGGTTGTGTGTGACTGTAGGCCCGGTCTTGAGGCCTTGACTAAACGGGCTCTGCACTTTCCTTAAGCTGCATATGTCAACATACTGCTATCTTAGATAATATTTGACCACTCACAGGTCAGTTAATCGAAAAGATACGACCCAATTACCCCAGTACGCGGTATAACCTCGCTGTGGTACGTGTCACCAATTCCAGCTACAAGGCACGCAAAGAATTTTAGAATACGCTTGAGTCACCGAACGATTTATTTAAAATGCGCATTTACATCGGAGCTTGACCGACCTTGTCGGTGAACAAGAATTAGTCTCAAATAACTTGGGCTGTCAAGCGCCGAGCGAAATAAGATTTAGCGCCTACGATCACGGGAATCATACTCACACATGCCCGAGTCACACCTTTTTTAAATCCGAGGTGTATACTGCTACATGATATCTGCGCTTCCGGGTTACGACCTTCAAAGGTTACGGATTCGTAGAATGGCGCTATACAGTCTCTCGCATATGCGGGCGCGTGGACTGGTAGATCGGTGATCTAAACTTGTAGCTTAATCCTCAGTTTTGAGGATTTTAGTCCGGCTTCGTTTTTGGCGTGATACCGTGGAGCGGAGCTTTCCGGCTTGACTCGGACCGTTTGCACATCAGATTGCGCATAAGCCTGTAAGCATCTTATCCCGCGGCGCGGTAGGAATTCACTAGTGGTCAAGCCGGATCAAGATCGTTTCTGGCCCGTTTCTGTTATCTCCCGCTATATGGCTCACGAGGCATAAAATGACGACAGTTTAGTCCCCTTATAAAGAAATGACACCCAATCGGATCAACCATCGAATTCCATGAAGATACCTGGGCGGTTACTTGATTTGAGCTCAGATGACTTCTCGATCCTCGCGACGTTGGATTCGCGAGGAACATTGCCAACCCTGTCTTAACCTTAGGCCTTTTCGAGGAGGACGGGCGACAAGTAGAATCATAAGAATTCACAAAGAGCTGTCTTATGGCATACATAGAAAACACTGTCAATGCTGGCTTAAATGTCACGGCACTTTTTGTTTTCCAAGAGGTAGATGTCTGCTTTTTGCGTTTCGAGTGTGGAGCGGTTCCGGCGGGTCGCGCTATGCGAGCGAGCTCCGATGACGCTA,1169,47.82,Escherichia coli
SEQ_802844,GCCCGCGCACTCCATCTTTTAGTCACCGCGTTCGAGGTGCAAGGACATTCCCCCATAAGACCTGATCATGGGTGCTGAAAGCAACTCACCCCTATCTATAATTTCTCGCGCACTTTTTACAGTAGAGCAACCGACGCTCATACCACAATCGCATTCAAGGTATCAAAAATTCATGCAGTGCCCTCCCCCACGACCTTCTGTAGATAGGGCGACCCTAGGACTCTATCCAAGCTACTGAGAAATGAAACAAATTCAGTTATATGCTTTATTACTCCACGCACTATCGGCTTTTTTCATGTCTTCTACTGAGCGGCTATGTGCGGCGCTGCCGAGTGGTTTGACATATCGAACGTTGAGTGCTACGAAAGCTAGTGCTTAGAATCGGCTTCCCCACGTGATACTTAGACGCCACATCGTGTAATGCCACCTCAAGGCTGGGCCGCAACATCTCTGGGCGCGTATTACGTGAACGGCTCTGCTTCGTTAGCGACATACAGGTATGTCGGGTGCTCCGGCTCCCTGTGTACAGAATAATTACTGCGAACCAGGGGTAAATTAGGCGCCCCTGGCGATCACAACCCAACAGGTGCCTAACGCCGGCGAACTGGACGTATAAGCTGTTACACTTCATATTGAAGTTTATGGGGCACAATCAGTCCGGATCCAATGGTCATAGTGCCACTTGAGGCAGTGAAGAGATACAGCGGGATCCAGACGACCAACGTCAATATTGGCATCACATAAACGGGATGCACCTTGGGGTTGGGACTAGCCTCGTGGAGGCTGTGGTCCCATTCGGCAATCCATGTATCCCATGGAGGGAGCGCGTCGAGAGAGGCACGTGCCCTCGCAAGTCTGCAACGTATTTCCGGGGAGAAAGTGAATTTCCTGCACTTCATGCGGGGCGCCTGCCCCATCCGTAAAATTAGAGAGCAGAACCTAAACTTGACCAATCACCTACTGAGCATGAACGGTATGCATCATGACCTAGAGGCGACTCTTACCACACACAAAACGCATCTCATATATCCTATTTTCTTTAGCTCGGACATGAAGGCTTCCCGCGGGCAGGAGCTTACTTCCGTGGTATAATCTGAACTAGTCCAGTCACGAGTGGTCACAATGTAGCTGAGAACCCGCTCCGCTACACTGAGGAATGTATGTAAGTGAGGACGATCGTCTTGTGTCGGCGTGTCAACAAGGTTACAATGAGTCAGTGTTAGAGGGACTTAAGATGTACTGTTCTGACATTTTGGTTTAATCCTAGCTCACTCTTGTTTACATTTGCCTTTCTGCGCCTTCAGTCATTAACAACTGACACAAAAGGCCGAGGAGGACAATTAAATGACTTGTCACTATATGCGGTAGGAGGCGTGTGAGCGTAGCCATATACTATTTAGCACCTGGCAGATTTTGAGAACTTGCTCATTTGAGCGTCTTACGTATAGTTGCGCGGACGACTTGCCTGTGGTGATACGGATGAGATCTCCGAACAGGGAATACTGTAAAAACTCGCTAGAAGTCAGTTCCTCTTGCCTGGATGATTCTAAGGCGTTTATGCAGCAGGCATTAGCGGCACACCAGACAATGCGGATGCGCGCATCACGATGTGACCCTCAATGACCGGACGTTATTCTCATCTGTAAGATACCAGTGCAGCAACGCGGCTCCACGGTATAGATTACCGTGAAAAGTCGATAGAAAAAGCGCCCATGGAACTTTACTCCGCGTACCATTAAAACCAGGAACTTGATCTTGTGGTGGCTCGGAGACGGCCAACAACATGCGTTACCTACTGTCGAGCTGGGTGCGTTAGTCTGTTGTTTTCTGAACGGGCAAGTGCGGTCACTCCATGGGCCCTGGCTAGAATCATCGCATGACGAGCCGTCGAACTCGTCCTACAGGTGAGCGAGGCAGTGATAGGGGTGGTATGTACGCTTAGATGGTTGCACAGGCGGAAGACGGTCGCTTAACTGGTTTCGAATCC,1987,50.13,Caenorhabditis elegans
SEQ_466823,GATGCGCAGCCATACTCTATGGAATATTAAGCCAATGGACGGAGATCACATCCCAGTGCTAGTTTTGCCGCTGACCCTCGACCAAGAGGTCAGGCACTTTCCTGTGGTACCAATTATCCGCTCCATATAAGAGAGTCCAAGCCCAGGCCGAAGGGTATCTGTAGCTTCAGATTATCTACATAACAAGTATTGTTAAAAAATCAATAACGCAAGAGGCGTCACCTGTATTCCTGATGGCTAAGATAAAGGTCTTGTACCGTATCTTAGTGATCACATGCTGATGTCACCAGAATAAGTTCGTCGTGACGACGGAAGCAAATGGTCGCAGCGGGACTGCTGCCGAGCCGAAGTCTAAGGTTATTTGCACCGTTAGATCGTTCTAGAAGGATTATTATGTGAGGCGAGATGCTACTATACACGCAAAAGAGACAGTTGCACAACAAAATCCTTGGTAAGGCTAGA,462,45.89,Drosophila melanogaster
SEQ_569564,TGTTGTATACGGCGTCGCTTCGGAGGTTCACGGCAATGTTATGATTCAAACAGCCGGAATGCCCGGTAGAGGCACTTAACTCTCGCGGTTGTGGTGGGGAACTCCAACTGGAGTCTATGGAACCGGAAATACATTCTTGGCGATTATGTCTGGTGATCAAGTCATGATTGCTCCTTACTTGCCTCTGTGTATCACCGCAATAAGGTACGGTCGAAATTGGCATAGGGCCAAGATTGATATCTGACGCTCGTCCAAATTGTGTAGGTACTGATGTGGGGTCTCACCTTTGCTATGACCAGG,300,49.0,Caenorhabditis elegans
SEQ_316212,GTTACGACAGTGTGCGCAACCTCTTTAACGTTTGCATAACAAGGTTCGTCAACGAGCATTTCGGCCATGTGAACCCGAGTTCTGGCCGGAGCGCAGGGCGCAGCCTTATTACAGTGAATGCTCATACATGAGCCGTTATCAGTCCCGTTTACAGAGCTCAGTTTCGCTCAGTACACCTGGAATGTTCTAACTCGCAGGGTATAAGTCGCACCCAATCGCCAGGGTGGTAATGTACACAATGCAAGTTCTATGAACCTGGGTTATCAGCGTAGCCGCCTTGATTTATGGCTACTACGATCCAACCGCGCATATGTGCAGAATGAAAGTTAATAATTGCGGGAGATCTAACGGAATGGGGGCGCGGCGCAGATGTCGTAGAGAATGTACGTTTTTGACCCGGCGTATGAGTGACATCCCCATATCCTCCTCCTCAGCCCAAACAGTGCACTCTGGCGGCTCGACCGACAAGGACCAACCGCGTTATCCGTTATCCGCCCAAGACGTGAGGATCGTTGAAGATAATTGGGACACTACGTTGACAATTGGCCTACTCAGACTTCGATCGGTGTGAAAGGGAATACAAGGCAAGTAGGTCGGGTGTATGAGACCGAATGTTTCTTACCGGTTCCGCGACCTAAGAGCGAGTCAACAGATGGTAGTTGCGAGAAAGTGTTCGGTTTGCTCACTTAATACGTACCTACCTGCTACTGATGCAGCAAGCCACAAAGACTCGGTATACCAGGTACAGTTTAGTAAACGCGTTCGACGGGAAAGAATACGCGGGGCCATAGCTAGTTAGCCGCTATTCTTGCATCTGCGTAATATAATCACTGAAACTAAGAGACCAGGACTCGGTCGAATAGTGATTGGTCCATACGGAATAACAACGCTTCCTTAACACCTATCCGGCCAAATAGGCCCCTAACGGTATCTCCGTGATAGGGAGGTTTGCGCACGTCCACCGTGCACACCATGGAAGCCCGGTGACTTGGAGAATTGCGTTGGTTAGAACGGTAGTGCGTGAATTTCGGGCTAGTACGTCACAGCAACGTTCGCTTAGTGTCTCAGCTGGCGTGCGCGATAGGAGGAGTGCGTGAAGAATGTCTTAAGACTAGTGTAAGGCCTCACCATTGTCTACCTACCATTACAGCGACAGCCAGCAAGCGGGGTACTGGTCCGCTCCTCGCCCTTCACAGTCTGCCAATTTGAGGCCCTCTCGGAGCGGGGATCACACAACCGCTATCATATGGATTGTATTCCACTGGACCTAACG,1273,50.98,Escherichia coli
SEQ_546614,CACAACGTTCCACATTTGAACACGTGCCTACCTGAGGGGGGAGGACCGGGTTCACGACGGCGTCATAAGTCTTTCACATACAAGAACAAGCGAGATAGGCGACGAATCATCGAGTCTAGGGTGTGACCGTTTTCAATCAAGCGCGTGAACGCTACAGGACACTTTGAGCTGATCAATGTTGCACGGAATACAGCAGCGATACTGCTGGTCAAGTTAACCACACTTCCACTATCATTCCTACTCCCTTGGAAGCTGCTATTATCAACCCTAGCATATGGCAAAGTCCGTGGGGGAGAGGCCGGCCATCCGCGATACCCGCACTCGCGTATAGACAGCGGACGGATAGCGAGGCCTATAGTCACCCCGTCAAACCATTGGCTATGAAACGCCGTGCGCACGGCATATATCGGGGGATCGCTGACTCGATGCGCATATCTGCAAAACTTACAAAATGTCTCGCATTTCTCGCCTCATAATCAGGAGGGGAACAGTGACATTTTCAGTGTTTGCTACAATTCAATTATGCCTACTAACAACTAAGAGGCCTCCGCCAGCCGGAGCTCATTGAAGAATCGTAGGGTGCCCATACGCAGCGGACAGGGAAATTTATAGCTTCCTTTTCCTGTGTGCGCAATTAGCACGGAGGTGTGTGCCGCGGCTCGATACAGCTGGCGGGGTAGTGTACACGGGACACAGCACGCGAACACGGTTAGCCTACTGACGGCTTGTTCAGATGGACGTGAAGGTTTGTCCGGTATCAAATGGTCCTAAGTTTTGAGTACCGGATAATTATTACCGTTCAGCGGACAGTACAGCGAT,819,51.4,Mus musculus
SEQ_297186,GTGTATGCGCCCGCGTGACCTTCCTCAAGTCTGGCAGTGTAATGTATGAGATACCTAGCTTACTTTCCGTTTCGCTGATGAGCATTGCCTGCCTAACTACGCATGATTTTTGGAAGTAGGAGGGCACTCGATTTAGGGACGGCTGCCAAATAGCTCTCTCCTCCTCATTATCCAACGGGCCCGAAATGGCAATGTCGCGTGACTCATGCAACCGCCCAAAAACAGGTGAGGAGTAGGTCGCACGGCACCGCAACCGTACTCCGAATCCAAAGGCCCCTACCGATGAGCGTCATTTCATCTCGAGAACCGTAATCCCTTTAGTTAACACACAGTGCACTTCAGCTAATTGTCCAAGCAAATTAGACACTACTCTTTGTCACGAGCGGCCCAAAAGGTACTACCTGTACCGTTGAAGTTGGGAGCCGCTGATGTCTGGCGGAACCAGAACAGTCACTGAAATGTAGAACAGTATGACCGTAGCGGCAGCGTTGTGTGAATCGAGAGATTCAGTCGGGCTATGTCGCTAGGTTACTGCCTCTCTCTCCCCTAGTCAGCCCTATCGAGATGAAAGAGTGGATACTACTTCCGCAACCTTTTTAAGACCCGTATACGGCGTCCTCCCTGCAGTCTTGACCCCCGTTAAGATATAGAGATCCGCGGCCCCTCGCGAGTTTAAATCTCTCAACAGGCGAATGATATCGAGTAGCAGTAATTAATGAAGCGTTCCTGCGTTCTTTGCCGCGTGGTCGCCGGGATGATGGTCTCTCATAAGAGTAGTCGTTCTGTCCGTACCGAATAAAGTGTGGTCTAATCCGATCTCGTATCGAAGGCCATTTCGGGGGCGTCTTTGTAGGGCTGCATGGACAAGTATCTGGTACGTACGGTACGTATTAGACTTTTATGGCAATTGGCTGCAGACCTTGGCCCAGTTAGGGTAGAACCAACGGTGTAGCTCGGTTCGGCGCTTAAACGCGTGCAAGTCATGACGTCATTTACGCGCACTTGATCGCTTGGTGCCGCGGTGCAATCGTCTGTCGGTTGATGACAATGTACAAAGTAGCCCTAATAACAGAGGGTTAAGAAGATTCCTGCTCCTCATCTTCCATCATAGCTCGTACACGATTGCTAAGCTGGCGACACGCGGAGTATCGGTAATGTGGACCGAGTTGCAGCGTGCTGATGTAGATTGTAGCCTTCTAATGCAGATGGGCCACGTGCCATGCTAACTAGTGACAGGTAAGAGATACCGATAGGACTGTGGCGCATGCAAACGGCCTGTGTATTATCGAACAGTAATCGTGAGGTGCGTGTTCAGTACGTGCATTTGATGGAGACCTCGACATTTCCCTGGCGTAAGTTGGAAGACCTCTGCCTTGGGTGGTAGGGTGAGATGGCAAGTGGATGTGGTAGCTCAATGAGATTGCATACGTGTGAGACGATACGCTGTATTTCAACGAGCTGCTATTTATCTTCGAGATACCGGGAGCGATAGGGATTATCCAAGTCCACTCGCGAAGCACCGATACATTACGCAGTCGGCTAGCGGGTTGTTGTTGCATCAATAGGAAGGGCCTCATACCTTATATTAAACCGGTCGGAAGGAATCGGGCTTGGCGTATCTATTGGATAGTTACTATACAGTGTGGATTAATTGGCAAAGCGCCATTGACGTCTACCGGGCATATCGCAGCATCTCCGTAATCCGATTCTTTAAGCTAGCTAGGTGTCGGCGCCATCATATGGAAACAGTTTAGGGGGCGCTAGGGTACGATTTGAGCTCTAGCTCCCTTTGCCTGGCGCGTAGCTTTCGGAACCGGTATGCATCGGAACTATTTCCTAATAGGGGGGCACATCGATGTAAACTGGTGTAGTGGGTTCGT,1880,50.37,Mus musculus
SEQ_362125,CGAGATGCACGTGGTCGAACCGATCTGCCAGGCACTGCCGAGGCACAAGTGTCGGTATCGGGTGTCCTTTCACAACAGGCCAGGGAAAAATAAACGGATACTGACTGGGGCACAGGTGTTCTGGATCAATAACCTACCGAAGCCATACAGCCCCCGAACTGCTGGAACGGCCGATTAATGTTCAGTGTCAGAAGAGGCGCGGCACTCCCAATCATATGGAGCGATTCGACTGGCACCAATCGCGATGGTTTCTTCCGTTTGATCGGATCTAGGCGATGTAACCGCCCTTGAGGGACGGTTCGTTCTGAGTCCCTCGACTGGCGCCGATGGGACTCTATCTAGAATCCTAAGGCCGGAGGATTTCTCCACGCCCCTTATGCACCAGAAGATAGAATCTACGGCAGCGCCGGCCAAGCGTTGCATGAGGTCCAGGAGCTGCACAATTACCCTGGCCTAATAAGTTGAAGCGCTTGTGCGCTGGCTTAGTGCAAGGCGCGACTAGGACAATCGACGCGGGAGCGCGTATAGGAACCACGTGCGGATTGCCGTGCGTCAGCATGATACGCCTACTATGCGATGAGGGCATTACTCAACAAGTCTATAAGGCCTTCGGACTGACGCCGCCAGTCGCTTGCTCTGCCCCGTCCCCGCGTCGCTTGCTAGTCCACATTGTTCTCAGCTCCTGTATCAGCAGTATTTGGAGTGGGCAATGTTATCGTGCCTTCGCACCCGTCTGCATTCTAGCAGAGTTCGATGGTTCAGGTGCTGGCCCACATTAAAAAGTTCGAGTGTTGCCATTTCCGTGTACTCTTTCCCCTCGTTCGGCCGGGTGAAAGCCCTTAAATCAGGACAGAGCCCGTCCGAGTGCTC,870,55.4,Mus musculus
SEQ_447217,TTACGCGACGAACCTGTAAGCACCGAAGGAGTTCCCCATATCCGGATGCAGGAAAGAATTGCGAAACGATGACGCAAGAACAGCTAACCATAGTGTCTGACCGAGGGTTGAATTAGCAAAAGGGGCATCACCCTGAGACCAGCAAGATAGGTCCTGAAGCCGGTACAATTGATTTGCCTGGATTGAAATTTGAACTACTCTGGCAGATGTCTGTAATTGTGTTCGCAATCCTGTAACGAGCGGCTTTTGTGTGCAAACGTTGCCGGCCTTAGTCAGCGATTTAAACCATGACGAGCGAGGTGTGTAGAGGACCTGCGGTGGTCCGCACCGTGCCATCCAAGAGATCCCCGTCACAATGGGCGTTCACTCACCTCTTAGACCGACTATCAATGGAAACGTTCAGCTAACCCATGACCGCAGGTATAGGATTTTTATACGGTCTCGAATGAACAGGTGCAGGTTACCCTGCTCTGAAAAGATGATCGAGGTCAGAAGTTGCAGTTCCTACAAAAACCTGACACGAATGATGATTAGATACCCGGTCATTGCACGACGGTCTAGAGGGTATCGTCATCCTAATGATCATATCAGGGAATAAATGTACTTCAAAGTGCGTTCTAAGTCTAAAGCAAGCGACACATCAGACGGCAATCGTGTATCCCCCTCTCGGCCACACAAACTATTGTGGCTCATGCACACAAGAGAGTGTCCCCGAAGCTCTCCTTCCCATAGAAGGACAACACTTACCCTCCCGCTAATTGGCCTGGAGCACCTTCGGAAGAGGCAAGGAGCGACCCCCCGTACTCGAGGATTCGGTGCTTGCGATCGTGCTGCGCGGTGCGCTTCGTCTCTCTGGAAATCTATTGCTCATTCAGTGTGTCCTAATCCATTCGATCCTCGCTCTTGAGCCAATAAGTGTGTTAGGTAAAGGGTGGTACATTACGCCACTCTTCGCTGGAGGAACATCTGACGATTAAGCAGCCAAATTTTAAGTCAACACGGGCGCTACGGGACTATACGGCTTGACGGTCTACTGCATACAGGGTCCCTACGACGACCCTGTAGGAGAAGAGTAGGGGGCTACCCACCCCACGGGGACGGAACATGACCGAGATCCATGTTATATGCTAATTTTTTTAGTTGCCGCAATCATTACGGATGAACCGACTCCGGTCGGCGCCAAATAAAACTGTGACCCAAAATAGGTAAGTGCTTAGCCTAAGGTTTCGCTTGCATCCGACAAAGGCGGACCGAGTAAAATGTCCATAGATTGGAGTTTATAAGCTAGTTGTGCCTTAGGCACTGCT,1307,49.73,Homo sapiens
SEQ_546132,TACAGACGTCCTCGGCTAGGCTAAGGAAGATCATTCACGATGCAGTGATCGACTCGGCGGATGCCATCCGCCTGTTAGGACGTATCGTTCGGGACATTTAACTTCCCAGATTGTCTCTTTGGGTACTACCCCGCTTCGCTTGAAGCCTTCGCCTTCAGCGACTTGATATTACGTACCAGGCCCCGAGGGTAGCACTCTGCATAGCGTCTCGTACGCATGTACAAGGGGAGATAAACTAGAATATATAGCGCAGATGGCTCTTAGTGAGACGAACGAGCCAGGCCGTATCTGCACTACCGGTCGGTCGACGCATGCACCTTCAAACGTCTGAGCGCATAGGTCTGTACGCTCTATAGAAGGGAACTCATGTTGAGGTCGAACCTAGCCATGGCTAAGAGTAAGTCCGGATGTGGCGATAGCGCTTCATTACGTTGTTATCAATTGCTTCGAACCCCTCAAATTCCCTCCCCAAGGCTCGGCACAACTGCGAAGCGGATTACGGGTCTTGGGTCCTTTATACACAAATTAACATTCTAGTGGGGACTGGTGCAGCTAGTCACCTGTGAGGCGTTACGGGATCGGGTATCGGGTTAGACATCTATCAAGGATCAGCGCCTGCTCTTGCCGCAAGTGTCATCCGTCCGCGAGACAGTTTAGTTCAGTAAAGATCGACCGGCGGGTTTCTGGCCGGTCTGAACTATCAATAGGCCGCTAGGGAACCATGATGTCCAACCCGCACGCTGGGCATTAGATGGGATAGAACTTCGTAACCATGACGCCATGTGCATCTCGTAATCGGGACGAATGCTTAACCCATGACTTCCATCATAACTACCCATTGAGGATGAAATGACGAGTCCAGATTTGAAATGATCGTTCGAAGAACGCTTTTTTGGCTGGACATCAGTAAAAAATCCCTTTACTAAGCTGGAATGCACTTAGAATTATGCGGGATTGTAATGTGCGCCTGAGGGAGTCTGAAGATTCCCCAGTGCAAAGTTGAGTCTCGGGTCACCTATCCCGCGTAAGCGTTGACAATGGTGTGTTAAAGAACTGTGCGTTACCTCCACTGATTTCCCATCCGTGACACTCTGTCAGGGCGGGCCCTGGGCGCAATCGGTACGCCCTCTACGCCAAGCTGCTTTCATTCGCTGCAGGCAATGGGCCAGAA,1171,51.32,Mus musculus
SEQ_345028,ATTCCTTAAATGCTCTGGATACGTTACTGGACCAAATCTATTGGTCCACTACAGATACATTGCAGGGTACGGTCTCGCCCTAGAAGCTGGCAGGATTTTACTTACAACGTTTTATTACCAGCACTAACTTTACCTCGCTGCCCTTCGTCATGCCCTTTAGCCAGCTGACCGATCGCCTATACTATGCCGCCTGTCCGCCTGGCGGGCCATATTCCTGACAAAATAGGCAGCCATGCCAACCATGTTGGCTACAGTCGCTACAGTACCTAGTTTGCCGTACGGGACTTTATGGCGTTCAGAATAGCAACCCATGGAGCTGCTTGCCGATTGAGCTAGAGTGCGACGTGTTGTAGAGAATTCTACATAGCTTCTCACGGAAGCTTTACCACTTATCTCCTCCCAAGCGATAGTCACTCTATACTGTCGATGACTGCACGACGAATAAACCCTTCCTACATCATCCTGCCTAGTGGGCGTTGGACAGGATAGAAGCCGCCGTTTCGAACGAAGGATGATTGGCTCAATAAATGGGGCTACGATAGGGCTCTACTCTTCCGATTGGGACATCAACGGTCCCCCCACAAAAAATTATGGCACCACCAGCACCCTATGTAGGACAGGTTACCAATATATGCGGCTCCAGTTGGGCTTCTAGGCTATGCTAAGAAGCTCGGGAGACCATTGCTACTAGATACGATGTTATTGTCCTTATGTTATGACTGACAAGGGATTTTACGGCATTTATACCCGGTCGCTCGTCCATTCCTAGTCCCACCAACCATGCCGAGATGATAGAAGGGAGACAACTGCTAGGAAGCAGACCAACTTTCGCCGGTGAGCGGTAGAGTATTGACCCCTGGTTAATCGGTCCTACGAACTAGATTCTCCTTCACAACCACATCTCATTAGCCCCGTTCGTTCCTAACTGAAAAAATAACTTACTATTTCGGTTCCAATCGTACGGACTATCGCTGGGGCTCGGTTAACTTAGCGACCCCTTGAAACCAAGCGTAGTCGAAATCACACGTGACTATTGAGCCTGACTACATTTTATCCACTTCACTAGTTTTATAGCTCGCTATGAGTAGGTAAGAGCTTTCTAACTGATTATTACACTTTTCCAACGATGGGCGCCCCTCTGGCTCTCCCTATAAGATCGACATCAGCGATCAAAAAAGCGAGGATCTTAGTTCACAGGCGCCGCCTGTAGATCGGCTGTCAACTAGTTCTTACATGATTGCTGCATGGGCCCAGCAAGCAAGGTCACATGTCGAATGATCTCGCCGCTGAAGCTGAAACCTGTCAAGTTTCTGGGTCCTGTGCTGGCTACGTTGGTTGGAGACCGGGAAAT,1351,48.63,Mus musculus
SEQ_389895,GCCCCTCTGTGAATTATTAAGTGTTAGTTACTAATGGCCTACCCGATGTGGATCTCTACGCACGCCATCGGCGGCAACCACACCGGATTCAGCGTGCGGGCCGCACCCCCTCCAACAAGCGCTGGGTCGCAAATCTAAAATAGGACACCGTATACCAGTGAAGGCGGCATCAAACGTCATCTAGATGCAAGAACAAACTAGCTGCCGAGCGCAGTCGTACGCCCGACCCATATGTCAGATCATTTAGGTGACTGTAACGCGGCCCCGCACCACATATCTGTATAA,285,53.33,Arabidopsis thaliana
SEQ_424870,AGTAGCGCTCATCTAATTTCTTTCCATTCACGAAGGTGACCTGGGTACTCTGCGCAACCTTGATTCTACTTTCTATTAGGCCGCTTCTTAGTGCTTAATAACGTGGGAAGCATCGCGATGCCAATTGCTTAAGTATCATCAGGCAACGTTCAGGGCGCTTCACCACCCCCACCTAATCGATAGGATAACGGAAATGCGGAGGGGCGGCACAGAACGTCCCAGACTCATCTAAAGAAGTGTCCAAGTGAGTCCACTGAGAAGCCTTCTATAGACAAACTTTAATAACCTAATCAGGGGGACATTGTGATATGCGGTACGATTGGCTTGTGGGTGTGCACCAATCCGTCGCAATTGAGACCTTCCCCGTGCGATGCCTGACTCTTCGTCCTTCTTGTGAAGAGTTGCTTAGTAACAAGGGCCTGTTCGAATGAAGTTCCATTCTCCACGACGGAGGGAGGCTTTGCGAGCACCTCTTGTCGGGTTGGAAACCATCTTCGTGTGTACCTGCCGATATTGTCTAAAGGAACCGTCTTGTACATAGCGACATGTTCCTATGACCACGCTTGCAGTATTTAAGACGTAAGTTAAGTAATCCCAGATATAGTAACAGAAACGCCTCCCGTAAGTGGATCAGCATTGTTACCGAAATAGCTTTGGCCACGCTATATAGGACATCCGTGGTTATCTAATCAATGGCTGGAGGATGGCTTAGCCTAGCCTACACATGTTACGATTTGTGTGTTTGATACGGTCCCATAGTCCGCTCCACTGAAAGTTTCAAGGTTGCACGAAAAATTCGGGGCCGCCCGTCAGGGGCAGACTCAGTAAGCGTCGATAAATGTAGTTCTTAATGACACCGACCTAGTGGCCACTATTTCTGCGATCTCTCAGCGCCACACGCGTGGCCGCGTGGCATATCTGTTCGTGGTCCGCGTGATCATGCCTAACCGCGACACCCCCGCTCCATCGCTTCAAGAACCTAGCCTCTTATAGTACGACTAGAGCGACCTGGTATAAAGCTTTATGGCGCCAAGCAGCGAATATTTCTGGGCAGTAGCGTTAGAAGAGTCAGTCTCGGCTTAGTGACACTCATATGATCTCCGATGCCTAAACTTCGTGCAGACCATCTCGGCTATCTTTGAATCCATTTTGCTCCCCCATCGCA,1165,49.18,Escherichia coli
SEQ_454549,CGTTGATTCGATGGTCCCGCATTTACTTCGTTGATCGTGGCTTATATATACCTGAACCCATCCCACGGCCGCAGCACGTTCAATGGTTCGTGTCAGCCGCCTCGGACACACTACCAGTGCCTGTCACGCTAAACGACGACATTTAGCCCATCTCGTTTGGTGCTGCGACCCATAAGTCGACAGCTTGCTCGTGTCTAGGTTCCGCTGGCTGCAGTCCGAGGTGAGGATCAGGATCTACGGATTGCGGTCGGCCATCCAGAGCAGGGTAAGACACAACGATTATCATATCGGTCCGCCCTCAATGCCGCACCTGACCACTACACAGAGAGACCCCCATATAAGGTCAGGGGGTGAAAGCCAGGGATCATGACTAAGGGGGTGAACTTACTTGTCTGTGTAATGCCAAAGGATGGTTATCAGTCGTGAGCCATTACAAGCAGAATCACGGAGGGGTCGACGCGCGGGTTACTTGTGGTTTAGACCTGGGGTCTTCACAGGTCTAGGCATGAATGACTTGTTATCGCGTCAAAACGGACAAGGACCGAGGATGGGTCCGTGAGAACTATAGTATTTGCGTCGCTCAAGTCAGGAATCGAATCGCCCCGTGGGATCAGCAGGCCATTATAACAATATTTGTGCGGAAGGCTCGGCCCAACGCCGCATTGAATACGAAGTCACGCCGCACTGAGTCGCCCAGAACCATGTAGGAGTGGTCAGCCCCAGTACAAAACTAGGGCGTCCTCCCGTGTGCCCATCCGTATTCTGTACGCGCGGCCTCGTCACTTGTTACACCTATGTCATATGGATCAAGTCTAATAGCCCGTGACCCCCTTTTGGGATTACACTCAACTGCTTAACTCGTCGAATCACCGTGGTATCTGGTCCCGGCCATGCGTCCAAATACCCTC,908,53.52,Escherichia coli
SEQ_143475,ATCGATTCAAACTCAGGCCAGTAATTTCAGATGAGGTCTTGATACATTAACAATGAATGGTTATGCGCAGTTGGTGGCGGTGAGATGAACTACCGATAGGCTGAAAGAGCTAACAGGATCTCCGTGGAGAAGATTAAGCTTTGGGCTACCGAGTAATGTGTCAAGGAACAATGCAGCCTTAATAAGTACTCACAAGAAGTTGCAAACAGATCAGGAATAGACAATCTACGTTGAGATATCTGGAACGGGGCATCAGCATATGGACGTATCCCCTCGTCCGTTACTGTTACACCGTATGGTAAATGCACCGGGCGCAAAGGCATTGGATAAAGTCCATGTCTTCCACTCACGGCACATGGCTTTCCCTCCCCTGAAAAAGAAAACACCCCAGTCTGCACCGCCGTTCATGAATCACTGCTTTCACTTCTGTGTGTCATACCCCGCTAACATGGTCTAAGTTATTTTGGCGGTAGCAGTCTATCCCCCTAGTCAAACCGGTGTACGAGCGCCTGTCATACTATTCTTAGAGCTTATAATCTTTTGGGTCAAACGGAAGGATAGCAATTTCGGCATCCTCTAACGCTGGTAATATATGCGCGTCCACTCATCAGTCCGGTAATTCCAGACCTGGATTAAATTTCGTTTTATGCTTGATTGAACCGGCGTCCCAAACATTGCCGACCCTGTGTCCCGAATAGTTACGCGGCATACGTTAGCTGTGCCGGTTCAACATTCTGGAGCTGAATGAGCCGAGAGTGGAGCACGAAAGTAGCTGCAAAGTCAATGACGGGTTGAGCAATGGTCTATAGCACGGACCTGAGCACTGCCCGGTATTCTGGTGGCTGGGTTTAGCTCACACTTATTCCGGAGGATACCTCTGAGTCTCGCCGGACAAGCGAGCCATAAGGGAGACTCCCTTTCGGGAATGACACGGCCGGAGTCGTGGCAAGACGGCTTGGTTGTCCATGTTAGGTATGAGGTTGAAAGCGTACAAGCGACAAGGATAACGCGTCAGAAAGTATTAAGAGGTCCAACCGGATAAGGGCGCTAGTGTACCTAGATACTCTGAATAGAGAGAACTCTGTCAGATCGTCGGACCGTGACTCTATGAGGAATGCTTAAGTTCGGAAGTGCCTTTTACTTGAGGGTTTCCTCCTACCCTGAAACTTGTGCACAGGGGCAACACCGCTGGCGTCTAATTCTCTTGCTCCTGGAGCGGAATATATGTTAGGGTCGGTCTGTACCCCTATGCGCTTGATGTTAGCGAATGCTTCCACCATGAAAAACCATACATGAGTGCAGCACACGTAGTGTACCGGGCAGCACCTCACGCGCTCTTTTAAAGCCCAGTCCTTAAACCATGAGAGTCTATATTGGCGTAGATATCTTTAGTTGTGCCTCGGATCAAGCACACTAGCATTGGCGAACACTTAGGCCTTAGAGCGACCTAGAACAAACGGAGTGGCTGGCTATTAATCTTAAATGAGGTCGCTGGAGGTCGAAGGGTAGTGCTCCTAGATTTTACATTTGTGTATGGG,1538,48.5,Homo sapiens
SEQ_334023,TAGCGAACGCTCGAAGCCGCGAATTATACGGGCACCAAAATACGCTCGATGAACAATCGTTGAGGTGGGCCTCGGGAACAATGCTCTAGGATTACTGGGATCTGGTCAAAACTGAACGGCCCGCTGGAACACTTAGTAGCTATACACTGATCAGGCACGTCTTTAGGTTTATACCCTTTCCTAATGGTAGCGCATTTTGGTTAAGGCATATGTCCCGCTTGGCCGCTACAATTGGGTAGCCCTGAAAGAGTCCGCTGACTAATAGAACAGATAAATCACCTCATGTGATTAACCTCTTGGAAGAGTGAAGATTCGTCAACGTGGAACAATCTCTCCACCTCACAGGCCAGTCCTGACGGTCATTATGGGCAGGACTGTATAAAGGGATATAATTTTATTGCAACTTAAAACGAGCCAATGGGGGCGATAGGTCTGTGCCTCTGGCCCCAAAAACAAACTGGATCACGAAATAGTAATCGTACCGCAATAGTGTAGACTGCGCCTTTTCGGAAGAGTTTGGAATGGGGGATCTTTCTCATGTTGAAATGAAGATCCTAATCGCACGGTGGTAGCAGCCGAATGACCGCACAAAAACCTTGGTGAATGATATTAAATGCCATTGCACCGGAGTTCTTCGAAGGGTACGGCTTGGCTAGTTGTCATGCTTGCTAGCTCAGTAGTCTCGGCACGCACATGCATCGCCGGCGTACATACACTGCTTCTTGACCTAACCTTCAGGGTAGGATGAGAATGTCCATAGGAGGTACGTGTCCGGCATAAGGCTATCAGTGTTATATGAATCACCATGGCCCGCTTCGTGGTAATATGCTTAGATTAACTCTTCACGGTCCAAGTATGAAGAGCGGGAAGACAGCATTGATATCCGCCCCATCCAACTCGAGCCGTGCTGCGTGGGCGTCGGGTCTAGCAGAAACCCGTCGGGGACTCATTAGGTTACACCTCCGTACCAAGGTACGCAAACGGTAGTTCAGTGCCAATTCGTTAGTACGTCGTTCCACCATAAAACTTGTGACGCACGGATCGTGGTCTTATGGCCCTAATGGGTCTCCTAATGGCAGACAAACGCGACACACTCCACTAGCGACGATGCGAGACCCGCGATTCCTCTCCATGGAAAGGCTACTTGTTTACATAGCAGGCAAAGCATCGTTATCTCCCTGAATTGCCTCAATACTAGTCACAGGCATACTCCTGTATAACCAGTCGCATAGCCGCCAGATATTAGATATTTCCTGAGAAATGCGTATACTCATTTACCAAGTCCCAAAATAGGCCAACCGAGGTAGGGTTCTAACGCCTTGCTTAGAAGAGCGGAAGAGTTATTAGTAACCGATGCGCCCCCCACTTCATGCGTTGGTAACGCTTTGATTGTGCTTAGAGGAGTTACTAAGTGTATCTTTTTAAAGCCGGAACAAGAGTTTCCAGAGAAGCGCATCCCGCTGAGCGCATAGAGCAATACCTTCCATTTCCCGGGTTTTACCCCGATGAATCTCTCCTCGGAGCGGCGGCCTCGAGCCATGGGTACATCAACGCTAGCTTCAGTCCTGCCCTTATTGATCAGCGCTGCCTGCGTTAGTGCATTTGGCCCAACATCGTGGGTACGTTGATGAGTGCCAAAACGACACTCTCAGCGTGGCCAAAGCCAAATTTTAGGCTCGAATCTAGAAACGAATAGAGATTATCTGAGGCC,1711,48.98,Saccharomyces cerevisiae
SEQ_311761,GGTGGTGTCAAAAGCCCTTCATCAGCAGTGTTGCGTCGGCTTTTAAAATGTCCCTAACCTCCAATTCCCTCTCGACACCCGCGGGTGTCGTTTGTTAGGTCGTTACAACCGGATAGCAAACCCACCATTCTAATCAATTGCTCAATCCCGCTCTTAAACAGGCAATTCAGCACGGATTAAACACTCCATCGTAGGCGTTCTTAATGATAAATAAGCCACGTACTGATATGAGAATATGAGTGAATGCCAAAAAACTCTGTGACAGTCAGAATGCCGGCTGTTGGGTTCGCGCTCGCTGCGGCGCTCTTCCGACTTCGTTAGCCCGGAAGGACGCTATTAGGGACTGCCGTTGGGCCTGCACCCGCACGATGATAATACATTTGAAACGCTTGTAGACAATAGTCTGAGTGACACAAGTGTTGTCGGGCAGGACATAGTCGACACCTGGCATCATTGGATAGCCCTATTTAATACTATCACCCTCCGGACAGCTCCTGCGAAACGCTACTGGGCAAGACTCGGAAAAGCAGCGAATTGTCCCGTTTGGCCCTGGGATATTGTACCCAACCAACATCATGCCCGGCGTCCCTTAGTTTCTTCAGTCGCCAGGACGGATTTGTGACTCGCGAATAATAAAATCTAATGTGATTCGACAGATTTGTGAAGGCATATCCTGACATTCGCATTGTCAGACGATCCTGGCGGCATTGCGCACCGTACGTACGCAACACAGTAACTCGCCACCGGCAGAGTCAGTGGTTTATGGCGCCCATAGAACGGCGTTTATGCGCAAGCCTACGATTGACGGGGGCGGTACGGTAGACAAGGGGTATATAAATTGCCATTAAAGATTCGATCGCAGATCGAACCATTCATAGCACCCTCATTTTTCAAGATACATTTACGAACTTGGTTACCGGGGGGAGGCGAGTCCGCGTCCCCCACTTATAGGTAATAGACTTAGCTCGTGAATGACCAAGCCCCTAATGAGTTGCACTGTGTTATCGGCCATACTCCCTAATGCGCCGCAAGTCCTGAGCGGCACTTAAGACTGGCC,1057,50.14,Arabidopsis thaliana
SEQ_715763,AAATAGGCGTCTGCAGCTGCTGTCAACTTAATTCGCGTTGCAAACATTCTATATTCACATTTCTGGCATTTGTCACGATCGTCCACGTCATTGGTAGTAGGAATTTTGGTATTCAATTTCAAGAGGTAGCTATGGTCGAGCGAATAAGTTCACATCTGAGAGACAGTAGTGTGACAATACACAGTCGGCAACCGGTGTGTAACCCGACAAAACCTTAGCTGCTATTCTATAATCTACCAAAAATTGTGTATTAACCCGGGTGCCAGGAGTTAGCGCCGGGCTCGTTTTGTGGTGCGCCACCCGGCTGGCTTGGCGCTATTGGTGGTCGACTCCCTGTATACCATATTACGTAATGAAGTAGTAGATCAACAAGTCGAGTCGAGCGCTGTCTATTCTGGACGTATCAGGTTGACGTATCCTGAGAGTAGAGGCACGTCCTTCGGTCACGCGACGAAACGTCCATTATAGCGTATTGAAATAGTGAATGTGACTCCCCTCGAACGTCTTCCAACGGCGGACACGTACAGCGTATAGGCCCTTTGACTTTTGGCCATGATTACAATTATTAGTCTATATGACACCGTGTCCCTGCTAAATCACGTACCCGACAATTGCTGGTTGTGATGTAACCGCTTCTTGATTACACATATTTGTTGGGTCCCGGCAACCGATACTAATGATCCACTCCAGTAAAGTGGGTACTCGTGCCAGCGCCGGCTTAAAAGTTGAATGTGAGGTTCCTCCTTTACCCCCCAAAGCCTGACG,765,47.32,Saccharomyces cerevisiae
SEQ_756240,TGGAGAATGGACCAATAGTGTTTTTATGCGATTGCCTGGACCTGAAGGATTTCACAGCTTGGCCAACATATGTGTACCCTTCCTTCTTACACCCGAATACAACTTA,106,43.4,Caenorhabditis elegans
SEQ_258820,CCGACCGGTAATCCACTTGTGAGTCTGCCCTGATATGAGACTTTGAATCTGCTGAACGATACGAAATTCGGAGGTAAGTTAATGCCTTCTGTATGTAAGCTTGAATAGCCATCGTTTAAGCAATACCCCAGCGCTGTTACTCGTTCGTGTACTACACTCGGAGACAATCCAAAACTATGTATTTACGTTCAGCTGTTCCTGGCTGGCTCACTATCTTGCGGACGTGATATTGCAGTGCACGTCACATCGTCTAAAAGGTCGTTGAGTTAGCCTGGGACGGTAAAAAGTACATCGGCATCGTATATTCCTTGATCAAATAGCTGGATCGTAGGGTATGAGATGCACAGCCCACTTTCTTCATTAGCCGGATAGCACTGGAGTAACACCAGCAGGCCCCGAAGTAATATCTATCCAAAGTCGTGCGGTATTAAGATAACACGTTCTGACAAAAGCCCAACCAAGATCGGTACTGTTGTAAGTAGATGTTCTGTAAAGGTCCATTCGTGCTTCCGGGGCTGATCAGTAAGCGGCGCTGCTGTGGCACAGACAGGCTAGAGGCAAGGTCGTCCCTATTGACAGCAAAACCCTTTGCGACCCGTAGGTCGTCAGCATATGGCCCCAGGTGTCGTTGTCTGAACGGCAAACGTGTTATATACACTAATGCAGGGGACAGGGCGATGCGCTCACGTTTGGCTGATTATCGTGCGAAACCCCTTATGAGATCCCGTATTAAAAGGGCGTGGCGGCATTAGGTGCCGACCAATGAAGCGAACTCTACAGACCTCAACCGGTGGCTCAACGGCATTTGTCTGTGAGGCCGAGGGGCTCCCCCCGCTATCGGCTAAATTGACCTAAGGAAGTTTAAAAGGTCCAGTATG,878,49.32,Escherichia coli
SEQ_678926,GATTGAAGGGGCTGAGCTCAGGGGTTTAGAATGGTATTTTCGTCGGTTCTCAATGTGTATGTGGGACTCCAGTTTATGGGGCAACATAATCCAATTACAGACTGACTGTCAGACTTCTGGTGTCCGATGAAAAAATATACTGCAGGCATCCTGGAGACCCATTACTCACCTAGCGGAGTCTCTGGATCGAACACCCTCAAACCATATCATATTGACACTCCACTCGCCCCAACAAGCTCCTCGCCATATTGAAGCTACGCGGGCAGTTTGCCGAGAGGCTGCTTACTTCGGGATATGTCCTTGTCACGTGTTCACCTGGCTGGCTAGTCTAACCTCGAAGAGCATCGTTTATGATATCATGTGAACTCACGATGGAATCCTTGCCCTACATCTCAGGAGTTCAGGAGCACCCTGGTAGCTTAGGAATGGATAGAACTTCTTTATGCCTCAGAACCGCGAGTAGGTGTATGAAGCGGGAAGACCTAAGATGGTGATGTTCAACCTTTTAGGCATCCAAAGACGCGAAGTATGTTGTCTGTGCATTAGAATCCCTTTCACGGCCCCACGGGGCCATGCGACGGACCCATTGCCAGCAGTGCACATTAGCGCGATTGTCAAATTATTTCATGGCGCCCCCGACCGCTGCCTTTACACATTATGTCCCACCCATATTTACAAGATCCCGAGCTTCATTGAATACAGCGTGATGATAACATCGCCATTACCAGGCGCTTGTTACGCAGATCGTTATCGGACGGAGCACATATTATTCGTCCGGGTGGAAATGGCCGACGCACCCAATTGTAAGTCAAAAAACTGCCCGCCGGGGCGCCCGAGAGAAGTGTTTTGAACGCCAAAGCGTACCGATGGCCCCAGGTTCACGAAGCCGACTCAATTTGAACACACTAGAAGCACCGGCTTGACTAGCTGTCATCAAAACATTGAGTAGCCATCCGACGTCTTGGCGACCACCCGTCCTCGTTAAACAAACATAATTCGTGTTAAAGTATGGAGTTCCTGCACGACTCTGATGGTGTGCGCTGCGCGTAGTCAAGGAAAGTTGGGCATAAAAAACCATACCACAATGCCGGGTCACCCAAAAGGCGGACCGGCTGCCGTAAGGCCTCGAAGAATATGTGAGAGCAGTCCCGGCTTACCCAAGTATTGATTAAAATCGCTGGGTCAAAGAAGTGACATGCAAAGAGTTAATGTTCTCCTGTTCCGTAGATATTCACGAACGCGCTGGACCACAATCGAAGGTATGATTCGAGCCACGCGCACAGAGCATAGTACGGGAAGACATCGGTACCACTAGTCTCTTACTTATAACTGGAGTACAGGTGATCACATTGCTCTGAAAGATGTGTAGCACGAAGTGCCTGGCGGAAGGGCCTACGCCACTTCCCCAATCGTTCTGCCTCCTATACACTTCAGCCAGCGGTTCATCGGCATTGAGCTGGGCCACATGATACAGAGCTTTAGCCCGGATTATCAATATTCAACTGACATAACTAGTGACCTCCAGATCCACACGGCCCCTAAAGATGACCTCAGCTGGGCTTGTACAAGTGGTAGTGATCCGACCGACGTCGGACGTGTTGGGCATGGCTGCATTCGTACGCCCGGTCTCTTCCCGTTACTGCTGATGCTCGAAAAAGATAGGTTAGCCTTAGTTTTACTCAGTATATCGCACGCCACGACTGGAACCTGCGGTGTACTATAGCACGACTGCGAATCCCCGACTCAAAAGCACCCTCCTCCGTCGGTCCGCATCC,1775,50.54,Mus musculus
SEQ_875357,AACGCTTAATCGTAATAGTGACCCACGGGACTAGGTAATCTGAGGGGGGACTTTGTCTGTGGACAAGCGGGAATTTCGAGCACTACGAGCGGGGCCATTAGAGGTCTTCCGCGACACTTCCTTTCCTAATTGGGAACCGCTAGAACCGAGGGTCAGTAATGTGCATGCGGGAAGTACAACAACGATCAGGTAAGTCAATACCTTCCTAATCACCAGTAGGAATTCGTGGATCGGGTCGCACGCCCCGGTATGGCGTTCTACTAATCGACAGTCGAACAATAGAAGTTAGTGGGATCTTCAATCGTTACATTCCAACGATGGTTCACATGCCAGCGTCCTCGGATCCCGCACATCTGCTCCATCCTCACACGATAGGGCTTTTGTGG,386,51.04,Homo sapiens
SEQ_328545,TTGGTTCAATCGGTCACTTAAACCGTAAGCGTTTTCAGAGGATTCTACGAGTGGATTCGCTGTGTTGCTTAATGTTACGAATACAGTCTACTCCGCGACGCCTTCCGGAGTG,112,47.32,Caenorhabditis elegans
SEQ_153458,AGCAGAGTCAGCCTCTATTAACCAGGTCCTACCGAGATGGCCCCCGCCGGATGTAGAAGTGGAAGTTCAGCGATAGGCCCGCAGCCGCCTAGTGTACCCTGGTACAACTGTCACATGTTTGCCATAAGCGGCAGTTGAAAAGATCAATGTGGGCCTTAAGGATCCATAGCCTCGGCCGCGAGTATCAACGGCACGAAGTAGGATCGCGGAAATTAGTTGAGGTATATATTTGCTGTCCCTCTTACCAATATTGTGAGAACGACAGCGCAGACCTTTCTCGCAAATTTTAACTCAAAATGGAATTATCCAACTAGTGGATTTGTAAATCTCAGAGACCAAAGTTGTAAGCCTCCAACCCAGTCAAAATTCGCCCTTGGAGTCACGTAGGAGACCCGTCATACGTCACGCTCATTTGCAAGGGGCGGGTTGACCTTAGCCGTAGGTATAATTCTTCTATACCTTATCCTCATGGCATCACGTACATAATTCGGGAAGCTCGCCTAGAGGACTCGGGCGGCTAGCTGGACGAACTATTTACATGCGAGAACGGCGCTGGTGTGCGGGCCGTGCAGTAACTAATACTAGTTTATTAAGTGGGTCCTCCTGAGGAATCCCGTTTTTTTCAAAATTGGTGCATTACTAGCCCCTAGCTTCTTTTGGAACACTAAAAAAGCAACTACTGCCAAGCTAGCATCAAAATCAATCCATCCCCACTGGTCCTCTCAAGGAGGCCGAGTTGGCCGTGGTTCCCAGCCACGTACTCAAATCGATCGCCGCATTTTAGTTGTAGTCTACCAATTAATTCTTAACTTAGGTTTGAAGCCACAGGACAATAGTCTCCCGCCCGCAATTTTACATGTGGAAATTGTTAAA,873,47.77,Saccharomyces cerevisiae
SEQ_459340,AAGAATGGTGTAACATAGAACACAATCGGCATTCACCGTCACAGGCTCTTGCCATTAAGTGGGTCCGCGTGAATCCTTGTAATATATCAGATGGTATACCCCTGCATCCCGGTTGACTACTGTATTGTCCGAGAGAGAAGCACGGCAATCTGTGCCGTAAAGGCAGGTGCCATTCGTTGACAGAACTTTTACTACTAGGGTGTTTTCACGGGCTTAAAATTTCCAACACCTTTAGAGTCGTGACCCATATGCGTCCTTCGCGCATCAGGTCATGGGGAAAAGCAATATACGGTTGCCGTAGCCGGACGCTAGATCGAATTGTACTTGAC,329,47.72,Homo sapiens
SEQ_462723,CGAGCCATTATCGAATAAGGACAAGTCATGCCTGCACAAGTGCTGTAAACCAGTGCCTCAGTCGCCTGCGGCATTCGCCAGGCAGCACTAAGTTGTGTTCTAAAATGCACTAGGAACGAGTCGATCGGGATCACCAGTACGCGTGGCCCCGGGCGGTCGTAATATCCTACTCCTACCTTGGACTCCCCGTTTCTTTGCGTATGCTTGAGATGGCTAAGTCTATAGAGGCGCGTCGCATGCGGTCGAGGGTTTAGGGCTAGAGACACGGGCGGCTCGCACTAATGATTGGCAAATCTTGAATTGGCTGAGACTTTGATGCCAAACTATCCGTACGTATAGGTCGGCCGAGCGCAGCTCCAAACAACTGTAGTCGACGTTCTCCTTTATATCAAAGGGGAGGTCATAGCTTCTTAAGCCGGGCTACCGAACTACAATCCCTGCATAAATGATGGATGTAATGGCATCCGAGCTGCTCAATAAAGTCTCTAGCATTCCAAGGTTAACTAAGAGTCCTAGTGACCGCCGTAATGGGTTGATTCATCAGCCAGTATGGACAATAAAGCCTCTGTCGTTAGGAAGCTCCTTCAAATTCTTTCAAGACCCGGCGTTGTAACGGTGCGAATCGTCCATCACATACTAATAGAAGCGGGACGAGTTAGGCATCAAGGTTCAGTAAAGTGTGTCGTACGATGCGACCTTATAAACGAGCCTGGTTTTAATCGACCTAATTCTTTCTACGTTTTGGCAGTACCGCCGAACCGTGCATACCGATTCAATTCTAGGATCATCCCACCACTCAAGTACCGCCCGTTCAAACAGGGGAGCGGGCGGCTGAACGTAGAGAAGCTAGGTGCCAGGGCGGTAGAATCTCG,872,50.34,Saccharomyces cerevisiae
SEQ_582047,AGGCATATCATCGGACGGAGGTCCTCGTCCGTTGACGATAGTAAACGCAACAGCGAACCGGAACCAATACTATTCTTCGTAATAGGGAGGAATTAACGCTTAGCCTTCCAGAAAGCCACAGGCATTGTCAACGACAATTAAGTTACCACTCATTACGCGCGAGGCTGGCCGCTCTCATCCAACTTAGTCGCTTGTAGATTACGGCAGCCGGTCACGTGATGATATGGGTGGGAATTCTCCTCTCCCCCGATAACTGGGTATTTTTAGTTACTACTCAGTGCACCGATTTGGGTAGGTGGTGATTCAGTCCGAGAGGGGATTAGGGGTCAAGATTCGCCCTTGACTTAATGGGCATCACATTCCATAGGATCACTTACTGGATGCGGGGAACAAAACGACAAGGTAGCGGGGGCTAGTAGTGTTATGGGCATAGCGGGTCCACGAAGGCGCGTAGTCCTACCAGGACATTCTGCATCTCCGCCCAATTAAGTTCTGGATACCAGCCAATTCACATTCATACCAGATTTATCGACAAGTACGCATGAACTTTTGTGTTTGCCCCTGCATTTAACGGGTCGCCGGCGCCGGCGACGGCGAATAACTAACAGGAAGGACGCTCGAAACGGCAAAGTCGTCCTGTTCGTTTCTGCTGGCGACACGGCCCTAAACCCTTATCGCGTGGTTTATGGCTAATCGGCGCTCCGCTGACGGGACAGTATAGCACATCCTCGGACCGGTGAACTTGTCCGTACCTGAACACCTCCCGCGA,769,51.89,Saccharomyces cerevisiae
SEQ_207501,ATGTAAGGGCGCTCCCGCGGATATGTCGCTTGCATGAGATCGGCTTTTAATCGGCAGTAAACCGGAGGGCTTCTCATTCAAGAGGTTTACATGCAATAATCCCGTTGACGGCGTCTCGGCAATCGCTCAAATTGCTCCTAACGCGATGGTAAAGCTTCGTATGGTTAGTGACGGCATGCGGCGTGGAACTTCATGATGAAGTGACCTCGGTACCAGCTCCTGTCCTTAACTCAATGACCAAATTAGGGTGACGTTTGACAAGCAGGGAAAGTTCGACGAGTTTATCACCGTCACGAACAGCTTATGTTGGGCTAACATGAGGTGGCGAGCCATAGATCAAAACCACAGCCTCATTAGCTTGTCATATTGTGATAGTGAGCCCCATTTGCCCAAGTTACATACAATGTGGGAAACGTAGTAATATATAACCATACCCTCCATTAGGTTGAGTCTCGAACGGCGCGAAAGCCATATGGAAGTCTATGAAAATCTAGTATCAGGCTGCGGACCTCTGTGAAGATCTATATGAACAATGTAGCTTGCCATGGAAAACGATTCCCACGTTGCGAGCCTGAGTCGTGACCGTCGAGTTGCTTGCAGCTTCTGTCGTCGAGATGTTACGTGGCGCTGCATGGCGATGTGCTGTCAGAGGAGCTAATGGTGCGTTAATGGGAGCTCAGGCCGTAGTAAATTATACATCCGAAGAAGATTCCCATAAATTGACATTCTCTTATTTACCATGTATGGGAGGTAGCGCGCGGATCCACTCCAACGGTGACTGGCATTTTGAACAACGTCTCAATGTACTTTGGACGGAGGCCGTTACGGGAGATGCCCTTACATGCGCCGGATGCCCAGTGTGTGTGGGTTACAGGGTTGTCTAGCCGATGCCGACCTCATTGCACGAACTAGTACCATCTGGTGCTACTGGGGTAATTCGCACAATAAAGCCGCTTATCTGGGAGACGTCCCAGTGGCCCACAGGCTGGTCATTGCAAATGCGAATGTTTCACCAGAGGCCAGGCCACCCGGTGGTTCTAATAGACGCGAGAGTTTTTAGTATGTATAGAGGGCACTTGTGAAACCTCACGTTCGAACCATCACCACATTTGCTAGGCTACCGCGACTTATTCGCTATAAGTTCGGCCACAGCCACAGCGCACTACGTGAGAGACCCAATTCTATTAACTTGAATAATGCGGGTGTAGACCCGCTGGTCTTGCACGCCGCACGCACCGCGGCCTTGCTCTACCGATGCTTTAAGCGTCCTTTTCGAGAGCACTTCATCTGTGGAAGTTAGGCGAGAATGACCTACCGGAGAGAGTCGGTCCTACCCGTGACGACACGTCTCTCGTGTATCCTGGAATTATACGCGTCAGCTTCCTCGGTCATCGATTGAAGTTCCTTATCGACATT,1416,50.07,Arabidopsis thaliana
SEQ_948528,TTGATTCGACACTTCACCATGAAATTCGCTTTGGTGGTTACTTCACTTTCGACAGCCCGAAGGACTTATTTCATTTTTATTTCGGGCTCAATTCGTAGCCAGCGTTCTGCTAACAGGAGTCCCGAGAATTAGTGCTTCCCTGCCACACCCCGTGTGGTTCTCGACTAAAATTTCATATGATGACCGTCCAACGCATTATACGGGCGTTCCGAGCCATCTCACAGAACAACGTGCCAATGAGCCTCTAAGATATGACCTTACTTGTAAATTTTGGACCAAAAGCTGATATTATATAAAGGGAAACAACTTCCATGCCTACACAGTACAAGCCGGTTAGTCTGTGGGCTTCGTGCAGACGACGGGATGCTCTCGTTAGGGCAAACTTAGTTGATTCTCGTTGCTGCGCTGACCGTGGTGCGGAATAATACTGCGCTCAACCCGAACCGAGTAATGAACGTCTGCGCCCAGGTCCGCCCGCTATGAACTATACAATGAGGTAGCTAAAGGCGGTCCCCTTTGGGGGGAGTTCCGGCCGCACGCGGGTAAATAAGTGAACACCTAGATATTACACGACGTCGAATCCAACCTCATTGCTTCAGCATCATAAGTGACAGCGGTTGTCAACCCTGGAATCCAATAAAGAGCACTCCAAGTCCGAAAAATGAGGGCGTGTAATGCTACTACCCGTGGCGACCATCCGACTATTTGCGAACAACTGTCAAATAGAATTGTGGTTCCCAGAAGTATATTGCGCAAGCCCTTGAATGGGTAGCATAGTCCTAGAGTAAACGCTAGTAGATGGTCTGCCCTGCAGCCACATATCTTGGGCGACACTTGGTCGATCGATTCGCCGGTGGAGGTGCCGCACTCAAGGTCGGAGTGGATACACACTAAATATGCTTGTGAGCACGCGTACTATTCGTGGTGATATGGTCCCGGCGTGTCAAGAATCGTTGGGACGCGTAATCGGTGACAAGATAAATTGTGATCTTGTCGTCGCATATACTATGCTGAATTCATTTCCCACCTATGCCATAATAGACGGGGAAATACCGAGAGTATCAGGGTACCTTATCGTTGATCTTGCCCATATTGAATACGATGTGCAAAGTGCATAAAGAGAGTGTAAGACTCACAGGGCCGAGGAGGCCCCCATACCGACGAGGGGGACTGGATCGCTTTTAAGTCATTTTAATGCATTCCGCGTAGATCAGATATCTCATTATCATCGTTACGTAAGTGCAACGGGGGCGGGCACTACCGGCTGACCCCGCAACGTCGCAGAAAGCACACAGGACAGTTTTTAAGTCGGTACAGCGTGGGTGCTCCAACCCAGAGCGGACGCATATCCCATGTTGCGCGGTTCTCAAATCTGCAGAAGCCACGGTGAAAGCAGTTCCTAGCTCCCTAACCAATGTAAGCCTCCGCACTGCGCTATAAGCCGACTGCTCCGAGCAGTAGTCTAGGACACCGAGGGTCATAATTCCTGATCCGTGACCACGCTCGGGTACTTAGCTACATATGGTCAGGGCAAGTGGACCAATTAAAGGCTTCATACCG,1560,49.68,Mus musculus
SEQ_654801,GGCAGCGAACAAGCCGCTCATCATTACTACGCCCCCCAGTGGTAATTCACGCGAGGCCGGAATCGTTCGAACAATGACGAATTAGAGGTAATGGAGGTCACTCGGTGGTGGGTCGATTTACTGAACTAATCGGTGTAAGATACAGCCCGCCCCCGGAGTCAGCTGGGTAGTCTAGAGCAACAGGGCATATGCAGCGCCACATAAGCCAAGTTTTTCCCATGTTGGTCCAATCGGATATTGTAATCCTGTGCGGCGGGCCTTTTTACCGACTACATGGCATGTCTAGAGAGCTGCACGGCAGCAACTTAGTGTCCTGGTCGCAACTGAGGGGGGCGGGTGGCGGCACAGTTTAAGCGGATCAGGCATCCGGGAGTCGAGAAGAATCTAACGGAGCATACCCTGAAGACCCGGACGGTGTTGGATGACCACACGGGATTTGGCTTAGCAGATTATGTTCAATCTATACTATATTTGGTGCCCTTTTATGAACATTCTGGAGTTCTTCTTCAATAGAGACCAATTTCTCTGCGGTGAACGCGGAGAGTGTATGCTAACCTCACTAATTAGCGAAGATAAGTATCAATTCACCAATATGTAATCGTAGATCCTGTTTAGCCCCGGGTGAGGAGAGATCCAGCCGGCATGCTGTTGGCGC,655,50.99,Homo sapiens
SEQ_165118,TGCTGGGAGCAAAACAATCGTGGCGAGTAGGGCCAGTTAAGCTTTATCACGGGGCTGAAACGCTGGGACCACACCCGAGTCTATACCCGTTCTCGGTAAAAACTTCCTCTTCTTTTAAACGGCATTAACAGGGCACTTAAAGAACACAGTTTCTAAGGTAATTGATAGTTTTTCCAGGGATTATTCTCATACCCTAGCATTATGGGGATTCGACAGGTATTTTTAGTACCTGGGTGACTAGACTACCACCCTAAAACGGTGTAGAGCTACATGGACGATACGGATATTTCCCCTAGGGACTTGGCGCTGTGTCTCTCAGTCGTCC,325,46.77,Escherichia coli
SEQ_962704,ATTAAGACTGGACATGATCCATTACTGCCCGGTATTGACGATCCCAGTACCCGTGACTACCTCTTTGACGTATCACACGCCTTTCACAATGCATTGAGTTTGTCGTTACTCGGCCCAATGAAAATTCCGCATACTCGATATGTTGATTCTTTCACTTACGCCCGCCTTGGAAAGTTTCGGCTAACTGTGAACCCCGGAGTTATTTCATCAGGTTTTTTAATGAAAATGTGATTAGCCAAAAACCACCGACAAGTTTAGAACCGGAATTCAAATCTTTTTATACAATGACGAACACCACCCAATATTCTTCAGATGTTTGTGGACTACTAGAAGGTGTTCTGGAATGGGGATCAGTGGTGTTCTTCTCTTGAGTGGAGCAGCGCTATAGCGCAGTTTAGAGCGTACGAAAGGCATCATCGTAATGGCTTAAGCAGTAAGTCATCTACGATTGGTCACCTCAATAGCTGTGAGTAGTTGGACATCGAAGCTAGAGGAGGCCAGCTGAGGAAGGTCAACGGGTTGTCTACTATTATTTTAGACGGGACCAGCCTTTGCCTCATAATGCGATACGGCGTCGTATGATAACGCTCCTTCAAAGCGCATAACCAACGGACTGCACCCGCCCAAACCTCTGCGTAACGCCTGATAGAAATAGTGCTCAGCGTCGGTTCTAAGTTCCACACCATGAACCATAACGGGGCAAGTCCGCCTTGAAGCTCGTCTAGTGATTTTCTTGAAGGAGTCCTTATCTATGAGGTAATGCAGTGACATGTTTGACCGGCATCTGTATGCTCGGATGAGTAACCACGCAAGGCTCAACACGCAGCGCGTATTGGGCAAGCACAGGTTAAGAGCGCGGCATGGGGACATTAGCGCATGATCGTGCATAATTGGTACATCGGTCTTCCCGCAGGTTGAATCAGCGGCGCGTTTATCTTCCCTGGCGGTGTTGGGACAGGCAGTGCCCAATCATATTTCTCCTTATCGTACGGTTTGGTAGGTTGCCAGCCCCGCATCTGGGCATCATACTGTCCCTTGGAGGCCAGGCCTAACTCCGCAGCTCATTTGTGCGGGTTTCATCGTAATCCTCGCTCACTGAGGGGAACTAAGGCTTTAGAGTGCTTTCAACTTCCACAAGAACCGTCGTTAACTCACGAGCTGGGGAAGTATGCTAGGTGACCTCCTGGGACTTATTTGGCAAATCCCTGGCGCGAATCAACCAGGTGCTAACCTTACGACTAGGGCGCCTGCGATATCCTTGTGCTTTGCCCGACTCGTAGACAGTGGCAGTGTGGAGTTAGGTCTATCTATTTCACGACGACCCTCCATGTCTACTTGATCGGGGGAAAGAACATACCGTACTGACACTCCTGGCCGAGGACTTTCGGTGGTGTTCCTTTCCAATAGGCGCCATGGCTCACAGTGTGAGTTCGACCGATTACACCCTGATTTGACGCCATCCCAGCGGTATGCCCCATGAGAATTAAGTCACGGCCTAACGTAGACAACAGCTACAGGTCGCGACACACTCTACGAAGCGGAGCTTTCTAATCGCGCAGCTCAATCCGAACTTTAGTAAATTAAACTGCGGCCAAAGGGCCAAACGATGGCGCCTGGTCACGCATGAGGACGCACCATATTACCATGTAGGCGGCATCGACGAGAGCTCCATGGCGTGCCGAACATAGGTATTCCGTTCTTCCTGCCCTTCTGATGAGTTTGAAGGCAACTTGGGTTCGAAGGACTCACTATACACCTATCTGTCCTACGGGCGTGATTCCGACGCGCCATG,1792,50.11,Homo sapiens
SEQ_500272,CGAACGTTCTCCCTGGGGTGTGCTGATAGAAAACGCGGCACGACAATATCCTAAGTCTAGCTAGTTCTATGCACTAAAGAGAGCCGGGAGACGACACCACGGAGATCCATAACGCCTAGCCTGCTCGCTAGTTTTGCGACAGCGAGTCCGACTCTACACCCTGACCTAGACCGGAGAGGGTATTTCCGCGAACGCATCTTCGCAAACTAAACTACGCTCTGCGCTGAGAGGCAGGGGGTACCTGTGAAGATTCAAGTCCGGGATTCTACTATCATCTACTACATGACATCCTTCGCGAACGCCCGCAGGCTTTGTACGCACAACTGAGCCTTGGACAATTCTTTGTGTTTCTGGAAAGCCTCCATTTATCGATCCCGCTCTGGAAAGTTATTTTCCTTTACTTAACTCCGTGCACAGCAGCTACTCAAGGCAAAACGAGACAGGATAGGTGTATACGGTTGACTTACGGGGTTGTAGGCCCTATTGCCGAACAAGCTCCTCGGCGACTGAGGCATACGGTGAACTC,526,51.52,Arabidopsis thaliana
SEQ_469292,AACGTTAGTATATTGGATTGAGTTTGGGGCTGCGTGACATATGAATGCGTCAAATAAAGGCTCAGAGATGTTAGGTCGTTGGGCGTTTCTACACCCCGTCAGTCACATTGCTGGGCAATCAATAAGACTGAACACCTAGCAGCGGGTACAAGGTGGGGTCGCTTTCCCCCCGAAGTGCCTGAGTCGGAGCGCAGCCGCTCCTGTGTGATGAAACGATTACGTAGTACGCTCCCCACCCCCAACGTCTAACCTACCAACTAAAACCGGTGTCAATTTGTTGCGTCGCCAGTCTAGTAGGTTGGCCTGAAGCTACCCTGTATAGAAGGAACAAGAACAGAACGTCTTGGCTCCGTGGTTGTCACCGCGTGTGCGGTCTAAGCCAAGTGGGGGGGCCGCCGCGTTTGTCAGTTAGAAACAAGCCCGCTCAATCTTGTTTGACGCCCCCGCTCTTTATCGCAGTTTATGATAATAGGTTCTTCTTAGGCTCACACATCTCAGATCTGAGGAAACCAGTACCGCCCGTACTACCCCACGCTGGAGGGTTCCCCAGAAACGAGGGCCGGACTGGACTCTGCTCACGCGCCCCAACCCTAGTCATGGCGCGCGGAACTCCTGGCCCCCGGGAGACACGGATCAGGCAGGAAGCACCGAAGAGCAGTTCTAACTAGTTAACCTCTCAAGGGGTGCGTATCTGTGAGAAGGTAGAAAGCGTTCTTGTAGGGAGTTTGTAACGCGTAAGGTATTCATGCCCACGCTCGCCCATCAGAGTAAGGCTAAGAACCAAAATCAGTCCCCGCCTGTTTACCCATTCTTCACCACCTAAGTCCCTTAAATTTGGCACACCGGGTAGTTCCAAGATATGTAGCGGAGGTGAGTTACAACGTTCTAGGTTTCAACTGTCGTTCCTTTTTACAGCACACCCTGAAAAAATTCGGCAACAGTAGTAGTAAGGAGACTTATGAAGCGGACTTAGTCTCTTGCATTACACAAGCCTCAGGGTGTTTGGTGTAACTGCGCTGACATATTCCAATTTCTAAGACACCCCGTTATCGGAGTTCAACAGCGTTGAGCCCTTGGCATATAAGTATTTCTCTGCTGTGGAACTCCGGAACTGCACCATCTGCGCCACACAATCAGACTAACTAACTCCGCCGTGAAAACTCCCCGACTTCAAGGATTTGCATTCTGCGTTTTTTACCTTGAACGCGATAGTGTAGCATTATGGGAAGCGCAGTTTATATTGTGGTCTCGCCAGACGTAATGTGTAATGACAAGGTGGGTCCGTACATGTGTGGGTTTAAGACCGATATTGAGATTAAGCTCACGGGGTATCATACAGATGAGGTCAGAACAGGTAGGGGACCATCATACCCGGTCTGTAGGAATCGCTTATTACGCCAGGCCCAGATCTACATATTGGGATTTCGTTTCGTCGCGTACTCAATATGATCGTCACATAATCGCGCTAAGTGACAGGATTACGCCGCGAGCCAGACAATAGCTCAACACCACGCGTGTACGCCACTATTCTTTCTATGTCTCTAGAGTTGAACCGACTTGTCTTCACTGTGGG,1573,50.29,Drosophila melanogaster
SEQ_840553,TGCTTTTTGCCGTTGGATTTCTGAACGTGTTGAACTGAGTTAAGCTTACGATCTCCCGGCCTAGGCGAGGCGGTGACCATAGGGGTTATCGGCCTTAAAATGGTCGCGCTACGTGGAGGGAAGAGGTATCTTCAGAGGATAAGCCGTAAGGTTTACAGGCGATGGCGACATCTCTTAATACATCTATTTATGAGAAAGTCCCAATAGAAGGGTGTTTTGGACATGTGCACATCTGGGCGGTTGTGTAGCGAACCTTCAGTTACGTTAAAAATGAGTAGATTTACTCAAACAATGACTGTGCCAGTAGACACCCGTAGAGGCGTTAACAACGAGAGCTTTGGCGCTTTGCGACTGGTGCTGTAATCGATGCGTTGATGTAGATTCTTGCGCTAGGTTTGAGGAAGACCTACGCCCCGCTCCAGGGACCGAAGGCATCGATGTGGCTG,446,49.1,Caenorhabditis elegans
SEQ_849265,TAGGAGTTCATACGTTCTTATCACTTCAATTATTAAGTATCTCTATCAGGGCGGTTGACAACCATAAGGTCGTGCCTCGAAATGTTATGGTCTATGGAAGATGGATTCAAGTCGGTTCGAACTCGCACTGCTCTGGAGTTAAGCCCCACTGGGCCTCCATCTGCCTAAGCATCAACGTTTGTGTGAACTGGAGTGACGTTGCATACGTGAGAAAGCACCCTTCTGGTCCTTGGGCCGGTTTCCATGACAATGTGTGCTAGGACCGCGGTGCTAAACTGCTGGCACTTTTTCAACTGGAAGTAGTTGTGCGGAAGCCCGGTGACAAAGTCGACAGGCGGACTGCGGAATGATGTAGGTAAAAAGTACCGAGGCGAGTGATATAACCGCCGTTGGCGCATGCCCGCGAGTTGGGGTCCGGCAACGATGGTAAGGAATCATAGCCCCCGTCGGGCTCCACTCGTCGACTAAGATCTGTGACCCCGGATGTTATGTAATATGCCGGTTGTACACTAAGCTAGGCACCTGCATGGAAAAAATGCGCGACTCGCGTTGTTGTAAGTAAAAGCCAAAAACCTATTCTGGATACCTGGGAGTGAAAGAGTCGAATCAATATTTCTTCTGCTTGAGGAAACCCTCATTATGCACCAGCCCTTCCGATGGCCGCAATAACAATGTCTATATTGGGTGTGGGCGCTGACAGCCCCCGTGTTACTCAAGTTGCTCCGCCCGTGGACTGAAAGTCGTGGACGAACGAGTCTCGTTTTCGGATTCCCGTTTTACGCGAGGCATAAGCCCCTCGTCACCTCAGGACTTGAGTCGCCGAGCACATGGTTGTACGGGCCGTGTACAGCTGCCATAAGACCACTGGGCAACGCTGCGCACAGCCCGTTTACGATCTCGTCGGACTATTCCTTAGCATAATGGCCAAGGTCGGTCGCATTACAGACGTTCTTAATGCACCGTGTCACGAGCAGGAGTCTCCTTGAGGGTGATGAACGCCTTTCTTGATACTTCCGAGTAGTTGGCTACAGACTGGAAGCATGCCAACGGTGCCACGGCACACCTGATTGTACTAGAGAGAAGTTGGTCGATTTTAATATGATTCGTCCCTGCCAAGTGGGTACAATATACGTACCTCCATGTTTCGTCCCAAGGAGTGGTGTATAACCAGTCCGTACGTCGTCTGTATGCGTAAGAGAAATTTTTAGGTATTGTGGTTGGCGGATTCCCTATAATCGTAGTTTTTGGGTTATGAAGGCACGACCCTGACGCGCCTGAAAGGTCAGGGGTCAGAGCTGAGCGCAAAGGAACGGATCTCACTCTTCAGACGAGCTTTCGGCGCCTCTTATAATCGGGAACACATGATTGGAAGCGACAGACTCGATACGGGACTTTCATCACAGGTGTCATCCCCCATCTCAGAACGGGCGCTGTTTGGTTTGATTTCAAGCTTTTAGGGTTACTGCCCATGTCAAGTATGTCATAGAACATTCAATTAGTTCGTTGGCGCATCAAACCTATCTCGATATTACGCAGGACTAGCCATCAGGGGTTCCTATAAAACTCCCCGTTCTGGACCGGTATGATTTCTGCGCTGCGTAGACTAATTTTAGGCCAGAACGGGTATGACTAATTTACGTAAGAATCCTCCGTGCGAAGCATCGCTATCTCTATTGCAGCCCGCGCAATCT,1691,50.21,Drosophila melanogaster
SEQ_590626,GAAGATTAGGCTCAAACAAACTAATTCAATGCGCTAAGATTCCTTCTAGTTCCTGACCTTAAGTGGGATGACTGTAGTAATCTGGAAGATCCCACGCTACCCACACGCTTTAAGTGGGGCAAGAGGCGCTGAGTACCGGGACGTAGTTTTTCTTCGGCAACCCCATACAGTGCCCTTGCCTGCGGCAATTCCCCACGGTAGGACAGTGAACAGGTATCCCGTATGTATCAAACTTCCGCAGCCCTGGCTCCTGGGTCGGCCTCGGAATCCCGGCAGTCCAGATACTTCCATCCGACGCCACCGGGTGCGGGGAGCACCCATAAGTTGTGTC,331,54.08,Drosophila melanogaster
SEQ_406636,GGGGTTTCCAGTGCTCCCCGTAGAGTCCACGTGAATAAGATCGCCAAGGGTATAGGCACCCAGCCGATAGCGTCATCTCTAACCATGATCTCCATCGGTCGATCGCACCGAAAGACACAGGGGTTATCAGGGACACGCTACTTATAAGCCCAAGAAGCATATCATAAGGGGAAGGCCTGGTGTTGACCCCGACTAACCCTAAGTATGGGGTGATTGGTACAAGGGCGGACCATGGGATGGTTGCCAATTGTTTTAGATTACCCCGAGCTATTGCTCTGACTCATTCAAGGGAGCGGCTTGAAAGAGTGCCGTTATTCCTTGACACTGCCAAAGACGATGTAGGCCCAGTGTCTCGGTTCGGACAGTCAGTTTTCGTTGAGTTCGTCAGCAGATGATTGACCGACTGCCAGACCCATGGCCAGACTGTTCATGGCGTACTCTGGGGTTCGACGGAAGTCTGAGACTAAAGATGTTTGCGTAAGTTAGTGGATAATCGATATCCGCTTTTTCTGAGCTCCAGAGAATCCTTGAAACCTCTAAGGTAGTTCTGTCAATAACATTGTGCGTTGGGAAGCCTGACAATGCCCGGGTTTATTTTGGTCCGGATTCCAAGGAAATTACGCCGTATCTAGGATCAAGAATTCCGTGCATCTTTGCCGCATAAAGAGTAGCTACTCCCAGCCATGGACGGTCAAAATTCTTGTCTCTTCCCGGCCTGTCTTCCCCTTTTACCGTTCTATGCGAGGTATACTGTCTTGGCATAATTGAGAGACAAACCGCGTACACTTAAGAGCAGGTCCGTCAGCAAAAGGGTGACTCGCTGGGTGACAAATACCAACATATCAATGTCTGGAAGGATAGCCCCATACCTGAGCCAAGAGCATACTGGGCTTTATTAGAGTGCCGATAATGTTGAGTAGCACGCGTGTGGGCGCATCCTAAGATCTTATCGTGGAAGCCGCGGGGTTATCATTCAGCCGCTACGGTGAGGGGCCCCAACTTGGCTACTTCGGACCTGATAGTTACGAGATTGACACCGAACATTTGGGGTTACCGCTTTCCGATGGCCCATAACCTCTTGATATAGGGGAAGCTCCTTAAAACTGTAGTAATATAACCACTCGGTCGGCATGTCCATGTGGAAAAGAAAGAACAGATCCAGACCCCGCTTTCCCGTACCATTGGCAGCCCAACAGG,1197,49.96,Caenorhabditis elegans
SEQ_296360,ATCCATCGATAACATCCCAAAGAGGTTATCAGCGGCTTCGACGGGGCGTGTGATCCGACGTAAAGGGATTAAGGGTCTCCTACCGACGTTCTTTTTACCGCGAGTCGGCCCTGCATCTGTTCCTTTCCCTCCAAAAATGACTATGGCGTAAATATGGCGCCTGATGACGAGAGGAGAAGTTTGATTGCCAGTCCCCTCCCAACGATGTGATCCTGACTAGGTTCAGTAGGAAGACACTCCCTGTGCGGGTGATTATGTGATCTCGCACACTATTGGGCGCTGCGTGGAATCGGCTTCGCTCTAATACAACGACGGGCGATGTCTTTACCTTGCAGTCGATTTCTTACTTTTGCTAAGATGTCGGGGTGCGCGATCTTCATATAGCCACTGTTGCCGTCAACTGCGATG,408,51.23,Escherichia coli
SEQ_124182,TAGCTGAAGCCAACGAGTCTCGAAATTGCATCCAAAACGGGAAACAGTTCAGGTCGAGTTGAATCGGAACTAGACTGTGCCAAAAATATTCTTTCCGGTCGGGGCAAGGCAGTCGAAGTAACGAACTCATGTTGAGCGGAATAAAAAATAACACAATCTGTCATGGCAATTGTCTCATATTGCTCTCAGCTAGTACACATACGTTATCTCAGGAGTCGCCCAGAAGCAGGGGTAAGGT,238,45.38,Drosophila melanogaster
SEQ_355928,CTGACTCCCAACTAGTCCCCCCATCGCACAGTCTGAGGTGCGCCTGGGCGTCCATAATGGCCGATGAAGGGCAGCTAGTGCAGTTTGTATCAGACCACTAGAGGTAAAGGATGTAATTAAACTCCCCCCACACCGGCCAGCCGAATGGAGTGCCGTAGATTCATCAGCTAGTATCAATGGGACCTGAGTGCTGTTTAATGTTATAAACGACCATGAGTCCACCATTAGGAAGCTTCTCACTGGATGTGTCAAATTAGCCCGTACAACTTGCGGACTGGTGCACGCCGGGGGAAATCTTAATGGAGAAACCAAAGGCGGCACAGAAATCCGGGGACGCCATCGAATATGCCGTACTGACCACCATAGCAGCACAGCTAGATGCTTTCCGGGGGTGAGTAACATTGACTTACCTGACGGAGTGCAACCAGACGGAAGAAGTGGACCGTGATGCTTAGTCAGCAAATGACACTGCCACATTCTAGTCCGTTTCGAACCTTCGCATGTATACGATATGGGTAGGTGGCTGAGGTTTTAAGGTCCGTGCCTAAAAACTGCATTTAGATCCCCCAATGGGAGTAAAACGAATTCCGTGGCAGATTTAGTGTGACTACATCCGCCGTTCGAAGCTCGGACGTTAGTGCCATGGTAATGACGTTTGGCAAGGCTACTATGCGTATTTCATTTCTTAGCGAATGATCACAATCCTATCCAGGTATATAGCCTTCTATGGTTCGTGGCGTCGAACTTGACAGATACTGTTGTTTCCTAGCCCGTAAAAACCAGCCCGTCCGGGCCGTGCAGCACGCTAGGGTCACACTTAGATCTACACTGTTGGCTAAGAGCCGATGTTGTCCAGCCCCGAGGTCCACGGCGACAGACGTAATTGTTTGGATTTGTGGAAACTGGCGGTTCCCTGGGGCGGACTCAATGGCGTTTGTGTAACTCGTGCTTCCCAGAATAGTAAACGCGCACTACACCCGGTAGACCCAAGATTGTAAAGTTCCTATTATCTATCGATACTGGGACGCTCTAAGTGCAATATTGCGCTGCCTCACATTCGTGCCCTTCCTGGGGTTCGGAAATCTCAAATGGAATAGGTTGATTTACTGTAGCCCACCAACGTATGCTTAGCGCCTTACAACGCCGAGGTCCTCATGCCGACTGGCTGGGGAAACCGCAGCCACCCTATCAGTCGGTACCAATGTCATTACCACAACTTATTTCATATATCGGTTGAATCATCCACGTAGGTGTCGCTCAGAAATCTATAAGGTTTATGGAGCTGAGCAAGGTCTTTGGCTTAAAGTGGCGGTTAGAGAGGAGAAATGTTACGCTCCACCTTCAAATGGCCTTGCTCAACCTAGTCCATAAGCGTGCGACGGCCGTGGTAATGCATGCGCTTGCAAACAGCGGCTTGAAGCTATCTCATTGGAGATTCCAAAACGAATGTCACCTCGCAGTGACGGGGGGCCTCCCCCCATGGCATGATACCAATCTGCCTTTCCACCCCTTGCGAGCCCGTCTTAGCCGTATGTGTGAGGACCTCGCTCCGCCATAAAGTATGCCCCCAGTTATCAATGTGCCAACAACATAGAAATCCAAAGGACAAAACAAATTTCCACCTGTAGCACTGCGACATAGAATTCGCTCGGATCGAAACGGCATATAGCACGCAGAGCACTGGTGTCCGCTGGCTTACCGGTAGTGCGTTTGGTCACATATCTA,1725,50.43,Saccharomyces cerevisiae
SEQ_188107,TAGAAGCTGCGTGAGCCCCGCTCTCCTCGGATGGACGTATGCCTCCACCGATCCAGTGGACAGTTGATGTTGCAGTCTGAATTTATTTATTCCTCTCCACTCCCTTATTGACGACTCTCTTATTTGGGGTAATGTTGGATCTTCAACCATGAGACTCAAAGTGCATGCACATGGCTTTCGCGACATCACCTGAACAGATTATTGCCACAATCATGGACAACAAATCCTGGAAGGTTCGCTAAGCGGCCTATGCCACTACTTCACGACGCTTATCGTGCAGTCATTAGGGCAGTGCGATGCTATCGCAGTAGCCTGCACTCGGTGGTACTTGCCGAAATGGGAGCTTGGCGCAAAAACGCTCTAAGCTCTTAGTCTCTCCTGACGTGAATGGGGGCTTTCAACATCACTTCATTCGAAAAGAGTTCGCTACCATCTTAAGCATGGCACACCCCGGAGGTCCACAGAGTCGAAATAGTGCTGGAATAGCACGGCTCCGGTTCAGCGTGACACCAAGCATTTTGAGCCTGACTTCGGCGAAGACCTAAGGAGCACGTCCGAATACGCCAGCCAGTCTCCAGAGACTGAAGGCACTCAGCACATGTTAATTTAGCAGTAGTGCATCCGGGCGACAAACTTTATCTCGAACCCTTTCCGTGCTCACTCGACGGCAGTAGATTTTCAGGCTGCGCATTTGATGCCGTCAATACGATGCAGGGTTTATTTGAGTCGTTAGCAGCGGCCATGTAACCCCCATCCGATAGACCGCGTCAGGAGCAAATGCGACATGCGTTGGAGGGTATCACGGCCTATGCGACAGAAAAAAGAGCTGGCTCAATGCGTTCCTGACGATAGGGAGCAATGGTTTTAAGATACATTTCGCATTGATTTTTCAGTTTGGTTGCCTCAGGATTGAAGTAAGGTCGGACTGTTTAACGCCCCTAACGAATCAAGGGCGCGAAGATGGAATGTAATCGGCAGCACCTCGCTCTAAGCTGACAGTTGGTTTCGACGGGTTCGGACATCTTGAACCAGTTTCAACGCCAGTTGTCCCTGAGGATAGCACGGAGGCAACATCCGTGGCATATGCGTTTTTGGGACTCCCACACTAGTATGAGAACTGATTGATATACCGAAACATCGGTAAGGAACAATGACGTCTCAGGTTTGAGGATGGGGTGGTACAGAGGGGCGGTAGTAGCTGAGTATGTTTAAGGCGACGTGATTGTCAGTCCCACCAGCGGATACCTCTTCTCGTCTCGTTGCGGAACAAACCTTGCTTCGGTTCTAAGCGGGGGTTATTGAACTCTAATAGTGCGTGGCAATCAGCTAAGCGGCACATGATTAGTGCTTGGGTGGACTCGACCAGAGCGGGGAGAGAACGCAGACGGGCGCTTTGAGCTGTCTACACGCGAAGGCCAACGTAGGTGTGAAGGGCAATTTCGTCGAGAGACGTGTTACGTCCACTTACATAGTCTCTACTGCATGAAGTTGTACATGCGGTCTCCGCTTCGACGACACAACGAAAACGTCGTATGTCTTGTCTTTAATGGGGGATAGTTTGAGTGGATAATGGTCGGTGGAGTGTTTTAAGGCGTGCAACGGACTCTCGGCCGTCCGCTAAACCAACACCACGTACATGACTTATATGTGCAGTATACCCAGCATGGTCTCCGACACAAACGAATAGGTAGTGGCTTTTATTGACGTAA,1709,50.32,Caenorhabditis elegans
SEQ_742542,GAGCTACATATCACGAATAGGATCTGGCTTGAAGCGGTGTAGAACATGGTTGGACAGCATGTTTCCTGACTGCAACTCAGAGGGCCGCTAGGCTCGCGGATTGTCGTTCGCGCAATGAGTTATCCGGTCCGCTATAATGGGTTCACAGAGTTGGTCCCGAGTTTTCTCACACTAGACTAACAGGTTTACAGCATACCGACGAGAACCGGCACGCCCCATGCCACCCCCCTCATATGCCTCTATCCACCTGCTTGTTGGTCCCGAATTCAGTTTCGTCACTGATCGTATCCTGAGCAGTTCACACTGTATTCGTATTCTGCTCACTCACCATCGCCGGGTCAGGTCAATATAATAAAAGACACTAAGGACGAGCTCGACTTTGAGAAGGACCTTGCACAGAGTGGTTCGATCAAAACTATGCGCGAACATCGTGAAGCCACCCACGTTCAGGAAAACACATGCACCCACTGGGGTCAATTGTCATGATAGCAGGGCAAAGAATGGCTTGGCTTGCAGGGTGCTATCGTGCCGACCTGTCTGTATCGCTTCTTACCCGATGGTAACTTGTGTAGAAGTCGAAGCACACCCTGGTCTCGAGCAGGCGCTCAGGGTGGAGTCGGGATGGTGAATTACGAGATCTTGCGTGGGCGGCTCAAACGTTTGGATAGGCTGCCTGCTTTGCACAATTTGTGAAAGGGCAAAGAGGCTCCGCGTGATTTGTTTAAGTATGAGATAGTACATCGCTCTACTCTTTGCAGCGGGGTGTTATGAATCCGTATGCTCATAGTAGGCGTTACTACTATCGTTGGGAACCAGTGCGAATTAGCTACGTCCCCTCAGAACGGCCGCCAGCTGATAGAACGGCCCCGGAATACCGGAACATTTAAAGTCTGTGCGGGAGAGGCGCTCTGGAAGATGCTTTGCATAATAGCGTTCAAGATTCAGGACGACGCGATTTCGGAGCAAACTCGAATTGCTCGTAGCTCTTTGTCGCAATAGTCCGTAGCATTTCTGGCAGCACGGGTCGCTCTAACGAATCTCCTCCCTTCAATACAACAAAGATACATTTGGGGTGCCGCGCCTATATTTTCCTCCCCGCCGATGACATCACTCGGCCCTGTGCTGTTACATCAGATTCTCATCGCGTGCCTGGCCAGGCGCATGCTGTGGCAACGAACTAAGAACCGCCGCCCATCTAGGAACAAAATCAACAAGAATTTACGCGTGCAGGTTGGACGGGTGCTTTCTCGGGCCTTGGATGGTTATTTCACCCTTCAAGAAAGATTGACCAAAGCATAGATAATACGTTAACACGCTGCTGTTCGAGCCTTTGCCTTTAGAAAGGAT,1347,50.85,Saccharomyces cerevisiae
SEQ_882479,AGGTTCGCACTCCTTATCCTCGCTCCAACGGAGGATACAAGTCTTACGCCAGGATATAGCATCAACATTGGGAGTTGCTGTCCGTCTTGAGGCAAGTACCCGGGGCTGTTGTCACCTAGTGTGGTATCCAGGAAACTAGGCTGCCCCGTTCATCTTGTGATGGATTATTCAATCCTCAGTAGTGGATGTGGAATCATGCGAATGCCGACCCCTCAATTATCCGTGCATACACGACTTTCTCTTTAATCTGGACTATGCTTTGATTTACGTTTTCTTCACTACACCGAACAATTTTCTCGGAGGCCTTGCACTGGCAATACGAGAGTGCAAGCAGCTCATGGTAAACTCTAAGGCAGAGTGGTTAGGTGTGGCGTAATGGCAGATCGATAAGTGCCAAAAGGCTAAAAACCTCGGAGCCTGGGACTGCACTCGGGATCAAATTTCCGAACAAGTCCTGTACAGCTCACTCATTCACGTGGCTGATGTACCGATCCATAGCATGTCAACAAGGAAAGACATCTTCAGCTAGCATTAAAGCTGGTCGATATGGCATCAGGGCTATGGTAATAACGTATACCGGCTCGTCGGGGAAATGTGTTGCGCTAAAGAGTTCTTAGTGTTTAAATCTTCCATCCTGAAACGGCAGGCACAACCACCTAATTCACAGTGTCCAATTTTATTTTCTCTAACGGGTGGTTAGTTTCGTTCTGCGGTAGGTGATCCAGGACAGAATGAGCCGGACTCCGCATACAGATAGTTCTCACCTCATTGGTAACGACAACTGCTTCCTCAAGCGAACGAAGCCGTCGACACCTACACTCCTGCTCTGATTATGCTAAACTTCTAGGTCTGACCCTTGCCTAGCCATTTATTACCGGCATATCAAGGACGCCGCCTGTGTTAATATATTGTGTTAATCGATTGACTCTTGGCGTGGGACTACTCAGGTCCCCATATATGCAGACCATCCTTAGTTAAATATGCGTTAGATTGGAGATGTTCGTTCTCGAGTATCGGAGCATAGACCATGCAGTCATTGGACCATCAGGAGGGCATCTAAAGTACCGGGCAAATGTAAGACTCTCCAAACTCGGTTTCTCCCACTTCGTTGATCCCATTTGACACATTTGCAGGAGAGTAAAGATCTGACTTCATAGACAGCCCATGCCCTGTGCAATTTGAATGCTGCCAGATTGCGATCTAACCTGTGCATGGGCCATAGATAGATCCGTGTATTATAAGCAATCATGTGGATGTAGGTAGGCGTTATTATACTTTTTTCGCTATTCCAGCACTACAACTATGGCCTATTAAGAGTACACTTACAGAAAGGACAAGCCCTGAGGTGGACGTACTCCCCGAGCCTGCCCCCTCCTTGATCATGCGCCGGAGATTGGGTCCTCCAGTTATTCTAAGACACATCACAAAGTAGGGGCAACACTCAATCTTTACGTACGAGAGGAGCCCAACACCCGTAGCCTTGTGCATACTAAACTTCCAGATATCTGGAGCCACCTCGATAAATCGACGGGGCGACGGAAGGCCATGTGAGCCAACCTCAGGTTGTCTTTATACAGACAACTGAATCCACGTTCGAGGGCCTGGGTAATGGACACGAGAGCTTCAATAGGTCGAATTAACTAATCTAATGGGCGGCTCGGGCGCGTATCCTTCTCAGCCCACGTTTTCCAATATCACACTGCCTGCTTCCGTCGGCCTTTGTGCTCCGACGGACACCCACTGTAGTGAGGTCGTAGTTTTTGTCAGGTGATTCCACCGCAAAATCCTCTCTAACTCCTATATTGCCATTGCACGGCGCATCAATCTTTCGCGGGGCCAGGCCTTTTCGTTGCT,1854,48.22,Caenorhabditis elegans
SEQ_647876,CGACAAGCTAAGTGTTGTGGTGTGTAGCGTTATCAGTTACCTACTTAGAGTGAGCCCGTTGTAAGACACGGATTCTACCGACCAGAACGGTGTTATCTTCTTTCAGCTTCAATAGTGGTCATGCCAAAAATCACGCGAGATACTGGGGGACGTCTAATGAGAAGTTCCAATTACCGACTCTGCCACATATCTTATTTTCGTGTGGGATAATGTTGGAATACGTATCCTTTAGGGTTCTTCGAGGCCTTGAATTGAGCTGTAGCGGCGCACTCGTAAAACAGGTTTACTAATTAGAAGGGTTTGGAACCACCTCCCCCTTAGTAAATAAATCGACCACCGTGTTTCCACCCGAACCCATTGTCCTGATACGGCGGGGGTCTATAACATCCGCGACCAATTGAGCCGGAGTCACCGGCTGACTCCAGCTCGAAGGGCTGATCGGAACCCAAGTGATACTGGCGATGCATCTTAAGCAGCCCTTCGCGGTCAAACAGTTGCTGCCGAAATAAGTATGGAAGCCCCGTACGGGACAACTAACCTGTGGGGTCGAGCAACTAGCGCTGGTGTCTGAAACTTAACCTGCAATAAGTTAGGCAATTACCCGATCGACGCATTGATGCTATAGCTCGCTTCGGAAACAAGAACACAAAGGAAGACGAGGGGCGATTGTCTACCCCAACCGCCGTCTCACACTGTCTTCCGGCGACAAATGACCATACTTCGTGCTGGCAGGC,734,49.86,Homo sapiens
SEQ_512077,CTTGGCGCGCCTCTCTTCACAGACCCATCATCGTATCGGTGGTCTTTGCCCGCTGGTAACACAGTATAGCCTCGGCTAAGTCCTTCGCACCTCGCGTCGCAACTCCAAGTTTCGTGAACCTATAAGATATGCTGAAATTCCTGGTCAATCTGACATGTTCGGCCCCCACGATTTCACAAGAAACAGTGTATCCGGCATGGTAACGCAGGAACTGCGGTTCCACTTAAGGCATTCACCCAACTTCGATACTTACCTGATATAGTTCAGGCACCGACCTAGCTCGAGTATACTTCGTGTCACCATCGAGATAAAATGAGACCACCAAT,326,49.69,Arabidopsis thaliana
SEQ_725645,AATACCGTATGAGAACGGTACTGTACGAACCGCGTCCCGGTGCAGAAGTCACTTTCTTTACGCAGTTTGCTCCGGCGTCAGGAGAGCCTGCCTTCTTTCGGAAAAAAGCACTCCCTGGAGCTGGAGTTAAAAGGCGAGCGGTTAAAGTCCCGCCGTGACCTATGATACCCAGCTGCATATTATTACTCCACC,192,52.08,Caenorhabditis elegans
SEQ_403526,GCCCCTTCACCCGATCGTTCGTTCCTTAGCCTAAGCGCCTCTTCACAAACTTGGTGCATGTCCATGATACAATATGATCACAATGTCCACTGCACGGTCCTAGTGCCTAGAAGAATAACAGACCGGTCAATCCGTAGAGCAATCAATTCCAAAGGGTAGGATAAGCACTTTCATCAGGGGTTTCAGCTTGTCTACAGTACGGGTGTTGAGCTAGATGAACCCCAATGACAGAGGCTCCCTTACAATAAGACGGTCGAGGGAGCCTCTTTCGAACTGCAACTTGGGTAGACGAGAGCCGAAGTTTGACTATACAGCGTATATGGAAAGGTTACTTTTTAATCGCCTTATGAACTGGTCCACGCTAAGGGGTCCGCGGATCCTCGGCATAAGTTTGGAGTCCCCATTGTAGAACCTCGGTAGACTATCAGGAGCAGTACGTGCTGCTTGACCTAAGTTACGAGTGACGATCCTGGAGTAGATAAAATTAACGCGAAAATACCAGTCCAATAAGTTCCGAACGAATTCAACCACTGGTCTAGTCCGGGTAAGGAATACCTGGCCGCTCGGTCGAGGCGATGCGCTGAGTCCTTCCGACTGCGTGACCATAGAGGGCACTAACACTTAAATTTCCGCTACTATCAAGTGAAGATAAATTAAAGTTCCATAAACTAGGTTACCGAAAATCGCCTCTTCTTGCTTGACATCGCAGAGTATGAGGTGGCTAGTGGGGTTGCAATCGATCATTTTACCTACGATAACCTCCCGGGCTAACCGGCAGAATGACTGCGACGCTCCGTAGTGAGCATTGTACCTCAAGACTTTCCTAACGGCCAGTATAGTAATTGCACATATTTGTCCAAAATAATATCTGCAATCCGTTAGGGAGGCTCAAGATATAGCGCGTGTAATCCCGCCGCCGCGTAAAGGCATGCTGATCCCTTGCGGCGACCAGCGGGCTTCGGAGGAGTCGATCCGCCTAACAGGTAGACGGCCCTCCCGGTGGCTGAGTGGAGTATTTTCCCGTTTTGTTCCATATACAGTACACCGATGCGAGCTGCTATGACCAATAGTCTGCGCCCGTTCGAGTCTAGCGAACTTAATTGCCGGGTATGATCTTGTTTGACACGATAGGCGCCCGGGCAAGGAATGCATAGCGCCTGCCGGTACACCATGTTAGTCTAGTAGGCGTGATCTCCGTCGTCCGTGCAAAGTCCCGAGCCTTGACTCTTGCACAATTTTCACGCTTACCGGTACCCTTGCCGTAACCGCTTGCGCGTTAATTACTTAAAAATAGCCCACCCCCAGAACCACCAAACATGACCCAATCGGCCGGCCGGATGGGACTCCAATGTAGTCGCAGGTACTCCGTCAATGACCATCTACACTAGGGGATTATCGCTTGGGTCTAGGTATGCAGAGAATCAGACAGGAGACAAGCTCTCTACGGTGATTCTCGATTAAGGGGACGTAATTCCGGATATCTCTCCTGCAGTTCACTGTTAGCCGACTATGGCCAGTTTCAGCCGTATCCGGCCTAGACCCTCGTTAGTTCTCCATATCGCTCCAAAGCGTCTCATACTGCGCTCAAGGGTCAAAAGCGTCGCTAAACAAGAGTAGAGCTACCGCGCGATCAGGGTTGCGGTACCATCTAATCACGGTTCTTGATACGCGCTGTCGAAGTTCTGGGATCCACATACGCCAAATTGGAATTAGGCGATTATAAGCTCGATGCTAAACTGCCGCCATATGGCACATACCGCGGGGAGGGGGATTAATTGCCTTGGGCGCTCTTGACTCGTATACGAGTCACGACCGATCGCTAAGCTACCCGATACTGTCAGTTAACTCAGATGCGTCCACCCTCCCAGAGTGGTAGGGGTACGGTTGAAATCGTCCTTAGCT,1902,50.58,Arabidopsis thaliana
SEQ_633807,GATCAAGACATTGTTTCGTCCTCCTGCGGTGGCCGCGAACCTATCGATTTAATGCGTCTGGCGGAGTCG,69,55.07,Mus musculus
SEQ_288382,TAGAAGCGTCGTCAGTTCGTAGTGGACAGCATTAGACCCGTGCAATTAAAATTCGACAGCTTGGAAAGCATTCCACCGATCTAAGTCCGTCAGGACCGTCGAGAACGGACAGAGACGGACAGGTGCCCCGGCAACAGCAATAAGGAAACGAGTCCTATATTATGTATCATCTGTGACATAGTGTCGCGACCACGAGTCGCTGCAATAGTGTCGTAACGGTGGTCGCGCTGCGCTGCGTACAGTCGATACTCGGGAGCCAGCTTACCCATAGTTCACTGGATGTTGTTTCTAG,292,51.37,Mus musculus
SEQ_943288,CGTACCACTGCATGACGGAGATAGTGTGCATCTAGACGGCCAAGCCGCGTGCGGGTGTTGAACGAGTTAGGTGCTGTGCCGATCGGGTTACGCTTGTAGACCAAAGCTTGTCTTGCTAGAGCCCGCAATCCCAGCTAAAATGTATGGATCCCGCAACTCTTTCATTGTAACAACGCCAATCACGAAATGAGCCAGCCGACCCAATGCTACGGACTGGACTACGGGCTCCCTAGCCGGATTGGGGTCCTGTTTGTAGTTGCCTCTTTCGAATCGTCGGGGCTATACTGGTACAACATGTGACGCCAATCTCTGTGCCGGGCGGGCGATCTCCATGAGCCAGCGTGGTTCACTGGTCGTCAAAGGAAGTCCAGTGACACTCCGCCTGCCTCCTACGCTTTCGCCACAACAGGATACCCAACGTGACACATAAGACAACCGAGCTTCGTAGTTTTACTTTCAAAAGCATGACCTGATCACTGCTCTGCTCTAGCCGACACACGAGGTCATACGACAAAATACATGGGTGGGTCTAAAAATCCCGTTGAGCTGCGTGTCCAGTGCACGTAACCTAACCGGTCCGCGGGACATAGACCTGTTTCTTTGTACTACTAAGTTAGGAACTCAAATGCGAAATCTTTAGCATAGGTCTCGTGTTGGCTACCGCCATCCGAACCGCATGTACAGTCCATCGACTCCTTGGCAATTAAGAAGCATATTGTCTCTGGTTTGACCCCAATGAACGGACAGTAAATTGTAAATGGTGACCATCGTTCACTCATCGAGAGAATGCGCGATAGCAGTTACTGCTGCCTTGACCTAGTATCCACCCCAAGGCCGCGGGGGTATCTAAGCCCAAGTAAATTGTAAGCATCTCCCGCCATGTGCGGGCTTAACCGGTCCTTTTAGCAGTGTACGGTGGCAGTTGTAAATCGCTGGTTACACGGTTAGAGGGGCTTACAACAGATTGGAGGATGCAGCATCAACAACACTCTAATCACAATACCCTTATCGGCGCCTAGAAACCAGCTCCATGCAC,1036,51.35,Arabidopsis thaliana
SEQ_733140,GGTCCAGGGGACCGCTATAACATTTCCTCATTAAAGTAGCTTACCACTTCACGAGAGTCGTAAAATCTGTAAAGGCTGCCCTAGCAGTGGTGCCAGAAAAACCCACAAGGCGCAGTCGCGTGAGGCTTCGTCGATATCTTTAATACCTTGTGCGGACCATCCAACTCTGGTTATAACCCAAGATAGGGTCCAACGTCTGTAGATTTCTTATGAGGAGAAGCGGGAGTTTCGCTAAGCGTTCTGGTGCTATTAGCGATCTACTTGCTAATGTAAACGATATCACGGATTACTCTAATGTCAGCCCAGCGTGCCTCTCCGGGGACTACTTGCGTAGGACTTGTCGCATTTAACTACTTAATATATGTTTTGTTAGTGTTTGGCGCGTTCCATGGGGGAGATG,400,47.25,Drosophila melanogaster
SEQ_548140,GGCCAGGACCCGTATTATGATGTTTTCTAAAGGCGTCGACTGCCGCACTTCCATTTGAATTGGACACAAGTAACTATTTAGTAATACTCGTCCAAAAGGTGGTTAACTATAGTTTCTCTTATCATACGGCGAACCGGCCATGTTACGGTCTACATATGGTCTGAAGGTGTTAACATACTACAAGTAGCGATTTGTTTTACCCACCGGTTGTATACGCAGACGAGACCTCAAGCCATAGGACGCGTCCTTAGCCTGTTAAGTTTTCATACGGTGGGCCGAGTAACCCACCAGTTTTTCAATGCCCCCTGCGAACCTGGCCCGAAGATAGAGGCAAAAAGTGGGAACCGTACAGCACATTACGAAATGAGTACCATACTTGAGTATCCGTACGGGAGTGCGGACGAGTAGGATAAGAGCAACAGATTCATTCATAGAAAACACGTAACTAAGAGACACCGCTGAACCACACACGCCCGTTTGCTATAGTAGAGCCGAACAACGATAGCTTATGTCGCTTGTGCCAGTGGGGGAGGAACTCAGTGAACCCTTGCGCGTTTAATCAACGATCTACGTATGGCCGGATTTGCGTTCACACCAATCAGCTGTGATAACCCGTCGACAGTCGCGAGCATTAGTAGTCTTTGCGTGGATGCTATATTTAGGTTGTCGCACGCGGAACGATCTATGTAGGCGGGTAAGTGGGCCGATATCAAAGACTGAACCGAGCCCTTATGCGATAATCATTCTGTGATCCTTCCCTGATGGCCGAGTAACCTGTCGCAGCAGCGTACCGAACGTAAAATCTGCATGGTATGGGAGCGGGGATGGGGTCGCGCGTTAGTGCCGAACCCTAAGAGCCGCCAGCTCCTATAAGATAAGTCTGACTGGTTCTGAATAGCATGGATTTCAGCGCAGGCACGAGAGTAGTTGCCTTGGTTTGCCCGGCCCAGTACTTCGAGGTACAAATGTGGAGCTGCGCCCCAGGGATTCACCGGCCTCCGGAGAATGGTAGGACCATTCTGTTGGCTCGGCCTTTATATGACATCCTACGCGCTCGTACAGGGGCCCCCACAATCACGATCTCAAACTAACTCCACTTGCACGGTTACGGCGTTGGCTCACT,1123,50.4,Arabidopsis thaliana
SEQ_144502,GGACTGAAATCAGAACGCCAATGCTTTAAAAGGTGAAGCGACAACGATGCATCTCTCTGTGACTCGAAATCTCTTGTACCACGGCGCAGGAGTACTAGCAAGTTAGTTGAGTTAATGGTGACGGCGAAAAGATTGCGGGCTGATACGATCACCACTGGTAAGTCCACGTATAAAGAAACCTTTCTTCATCCGGCCGTCTGATCTCAACTCTGATACCGAGTGCCACCTACGAGCGACGTAGTAGGAGAAAAATCAGCGTTCTGGATGTACCCCGAAACTACCAACCTGGCTCTTCGGAGCACTGTTGAAGAAACAGAGTACATGCCGTGACGTCGCGGTTCACCAACAGGCCTGGGTAAATACGGTAACATTATTCGCTAATCCTATGAACTCTACTAATTAGTAGTCGAAGCGGTCGTCCATTTATTTGAGGCACCTGTGACGTGCCTTTGTTCATTCTTTTTGGGAGGGGGAGTTTTCGGACTCAACGACCAAGAGGTATCAAATACGGACTACTGACTACGGTCTGCCGTGATCACTTCCGAGTAAGACGGGGGTAGCCCAGCAAGTCAGAATACACAGGAGTGCTACACGTAGCACCGAGCATTGTCGACTGTTTCGTCAAGGGCATTGCCAACCATTGTAAATAGAGTTCGACATATTTCTTCGAATTAAGGTATTAGGTCTACTGCGAACCTCATATTCTCCTAGCAAAGACACACACGCGACGACCCACCTACAAGTAGAATACCATACATCTTATCGGCCCAGGTCGTGATGAGCTTTATACAAGGCTTGCCTAGCACCAAGTTCTGAGCAGATCTCGTGGACCGCCGTCGTGCGGGCTTCTGGTGGGGCCGTATATCCGTTTGCCTCGAGTACCATGTGATCTCGGGACAGACTATTAGCTCTTGGTGGTTGTTAATAGGCGGATATCTACGGTAAAGGAGCCTGATCTAGCTAACGTCGTCTGCAGCTTGTCGTATGGCCCCGTCGGTTCCGATTTTACTATGCTTCCCCCTCTGGACTCGTAGGGTCGTGTGGGCGATCAGCTTAATGCCCAATTGCGCAGTGGCCTTGGATAATACGTTTACAGACCACTGCAAGAGGTCCGCGTGTCCTCCTACACCAGCCTCCCGCTGCGGTTCAGACGCGGTTGCGACGTAACGATGGCGGTTTATCGTTAGGATTCCTAAGTAGTGTGGGTACCTGTACAGATAGGATGTTCAGACTCTTAGGCATTCCTGTGTGACATCAATTGGTGCCTCGAGTAGACAGATTAACCAGGGAGCATTACGGCACTGAGCACTACTCTAGCTGCCTGGCAAAATCCGCCGCAATTACCGCACGCCTGGCTCTCTCCCGAGCATTGCAGCCCGAATACTCATTTTGGACCAACGTACCAGTGAGGATTTGTTCCCTATGTAGCACAGCCTTGAGGGCAATCTTTACAATCTGGCCAACACGGTCAACCGGCCATTTACTCCT,1488,50.2,Saccharomyces cerevisiae
SEQ_869674,GGCTCCTCTTATCCCCAACAGCCGGCGACCAGTGCCAGTTCCGATAAAGACAGACCCGAGAGAACGGTTTCAGTATCGCAGGGAGAGCTGGTCTTGAGGTACAGAAACCGGCCCTGTGAACATTTGCGTACGGTTCGCATAGGTGGTGGGATAGGGCGACGATGTGAACAAGGTCGTCACGGGAATAGCGTACTGATACGTATTTGTATCTCGTTCGAAAGAAAGGACTTGTAATCGACATTTACTCATTGACCATGAGCTGACGCAGGCCAGCAGGTCCAGCCGTACGTTTTTGAGGTGGCCTTAGAGGGGTAGTGCAAATCGCAATGTAATCGAAGCTTAAATCCCAAGGCTCGCATGTCTGCAGTACCCCCAGCGTCACATGTTTTTAAGACTAGAGCTCCCGAGCCCCCCTGGTCCCTTCTCCTGGCTGGCTACAGGGAGGAGTGGCTCCCGTGGTACGTCTCATCACGGGCACTTGCATTAGTTGGCGGCCATAGTACCAACTTGTACTGGCCTCGCGACAAAGTGTTCTTAACGGTTGGACCCGGGCTCCACTATAA,563,53.46,Arabidopsis thaliana
SEQ_409465,TGCTAAGGCCCCCTGAATTGACCTAGACCTTGAAGGGGATTCTACAGCCCGGAACGCGCTGGGAACGGGCCTAGATTATGCTGGTTTCTGTTTTCGACGTCTTTCCTGCGATAAACGCATTGAAATCGTCGGACTGCCTCAAGTCAAGACCCGTCTCCAACTTCGAGGATGTATGATGCGAATGTTGAGTCGCTTCCTTGCACCCGTTGGGGCATAGGACACACCGTAGACACCTCATTAAACGGTGCTTTAGAATGTGTGTTATCTCAATATTCCCTCGGGATGCAGGCACTGCATTCCACGTCGTCTGACACTCAAAGTATGCGAAAGGTGCTGTTTTGGTAGCTGTCGGACACACTATAAGAACATGCATC,374,50.0,Escherichia coli
SEQ_638599,TTTCCTGGATCAGGCAGTACTGCTTCAATGTAGCCAATGTTAAGCACACCCAATTGGGCGCGTTATTCCTCTGTTTACCGCGTTGCCCAGGCACCGTCCGGGAACACTCTCCAGTATATATGCCAGCTATTTCCGCAAGTATACATGGTACCGGTTAGCAAGTCGAGCGTCCCCGCAAACCCCGCCTTAGTACTTTATTCGTACCCTTGTAATGATGTACGCGTCCCGACGGCATTCAGCTCCCCACGCACCACTACGCCCGCGCGAAATCCGATGTGCTAAGTTGGGTATACAGGCCCTCCGGCGGTCTCGAGCCTCCTGTCCAGGCCGGGTTAGTGGCTGTTCAGTCCTTTTCAAATTAAGCTGCCGACCGGTCGATACAAACCTAATCAATATAGACTTTAGGCATCAGGACGACGGCAGTATTGAG,430,53.02,Caenorhabditis elegans
SEQ_730344,AACGATTAGCGCACGAGCTCATTTTTACGACATTAGCAAGGGGATATTTCGTTCATGCCGTTGGACGGATTCCCCGCACTGATTATGGCGGGGGAACTCACCCTCGAGTGCATACTCGTTTTCTATATCACGCCTGTGGATTGACAGAATATACTGCGTAGACAACCCGGGACCGGACGGATTGCAATCGACGCCACAGGTAGCCGTGGGCATATACAGGCGCCCGCTGATGCTAGAATGCGTGGATGCGGCCATTGTCTAAGGTTACATGCCAGTCTGATTGTGGGAACCACATGGGGACGGGCCGACCGTACTAATACGAAACCTCGGCAACCTATAAGCTATCTTAGTGGTTTTGCTCGAAGCGCCGCAACTAATCCTGGGATTCT,389,52.19,Saccharomyces cerevisiae
SEQ_483456,CGTTGAGGCGGCTAGCTTAGATGGATACATAGACTTTATGTTCCTCGGGGCTCACTACAGCTATTGGTCTAGCTGTGGCGACGCCTTCTCTGCGCAACTCGGCTCCACTGCATGGTTTTCAAGATATCCCCAATTCCTGCAAATACTATCGTCCAGTTTCAAGAGTATGGGTGCCCCTGTGCTATCATGTAGGCCCATTAGTGGGGCCCTTGCAAGGGAGTCTTCAGCTACGTTCGCGAATAGTTCGATAAGCACGCTGTGCCATCGGCGCAGTTTAGCTATAGTGCCTTTTTATTGTACCCAACGGAGTCCACCGTCCGGGAGGCTTCACGCTGCACAGACTTCTCGGCAGCTGATCAGGGCGCAAAGACTGCTCCGCCCCCGTCCGTTTAACCGACACCCATCCGATCCGGCAGGCGCGTGGTGGGGGTGGGGAGTGTACGCCTCGGAGATCGATCCTCTAGATATTAGTGTATAGGACCCTAGAGGCGACAAGGTGTTGCATGGGTTTTTCACAACGAGTAGAGATGTCAGTCAAATTAGGGT,546,53.66,Arabidopsis thaliana
SEQ_753863,TTCAGATTGTCTAGGCATTATACACCATAATTTTACCCGTTCGTGCTGAAAGCCGACACAGGTGCTGGTAACCAGTTGCTCCGTTGGAGGCGCGACATTGGAAGACGTCCATAGGTAAGACTCTGGATCTGCCTGGCGCACGCATCCAAAGCATTTCTCGATTGGGCTCGTCAGAGTCCCTAGTGGTTTTCTAGCTTGCTCCCAGCACCGAACATGTGCACGACGCTAGGGTTAGGGGCAGGACACATCAACTCCCGGCTGATAATACACTTCCACGAGTGTACTAGCCGCGCTCTGTTTCTGTCACGGGCTACTGTACCTTCGTCTGGCCCCTGCGTACTCGCGCAAAGTGAATTCACGCAAGCGCACCCTAGAGCGTATATCAGTATATCATCTAGAAAGTGCAGAGTGGGATGGGTGTTGTACTTAACCGAAGAAGAAACGTGCGCAGAAACGCTTGAGCCTTCGGGGTAGAGGGGACCAGTCCGGAGTATAGGCGCCAGGAGCGACGGGAGCGATGGTAGAAAACGGCGCAAATTTGATGAACCAACCGCGTTGTTAGACGGCCGGACTGCTGTCACCTGCGTTAACAAGAGGGATTTTATGGCTGTAAGGAAATCGACAATCCAGGAGCGCCCTGCCCGATTGCGAGGATGAAGACCGTTAGTGTCCGTGCTCGGGGTTCAAATTATGACGCAATCACTCGTGTTCGTTAGTAGTGCCATCAGCGTAGGCAATTGACCCGCGCGTAATCAGTGCCATCGCTGCCACTTTCGACACCCGATAGATATAGGTAACCGGAAAGGGGGTGAGAGCTCACTGGCAACCACTGCAAAAAATCGTATGGAGTCTTATCACTAGTCGGCACCCATTTGGATCGTAAGTCCGGTGTTATTCATCAGTTCGCCCCATGCCGTCTTCATTTGCCTACCGTAGCGGGAAGCTCGGGTTTTCGTTAACCTAGTCAAGCTCTAGTGGACCAACGTCACGCGTAGGCCAGGTTCAATGTTTGGTCGTTTCGCACCACCCCTCTTTAGTCCCGTGGTGTGACTAATTTATTCCGTACATGGAACCGCCAACTCGCCGACCTACTATCCGTTGGTACTCGGCTGCTATTATGAGAACATTTGTCAACACCACTTCTATACGGCGTTCGGTTAAACCATTG,1168,52.05,Escherichia coli
SEQ_230794,GGCGTCTGTTATCAGTTCTCGCGCCACTCCAAGAGAAATGGGCTCTAGAGTATGAAAAAGTGCGTATACAGTGCATATCTTCTATGTCTTGCACGACTCACCACCCGCACTTTTAGAAGTGATCAGTCCGCAGGAGGGGTGCCGTCC,147,51.02,Homo sapiens
SEQ_354672,TAGATCGCCACTTTGGGAGCGCGTTGCTTCGTCTCGGCTGAAGCTTCCTCGCCATACTATAGCTCGTAGTGTGTTCGGTCGTCGGTTCCCTGCCGATATACCGTGGTATCCGCGAGAGTAGTGGCTTCGCCCTCGATTTTTGCAACTAGTAAGTTTACATATCTAAACAGCGTCATATGCATAGAGCGGGCCCTTAGAGGTCAGCGGATTGTCGTCTGTGA,221,52.04,Drosophila melanogaster
SEQ_320613,TACCATCAAGCCGTCAGTATGGCTTCAGGTTGGTACTACGTGTTTATCGAGGCAGTTCAGAATCCAAGCTCCTTAACCACTTCAAGGCTAACC,93,47.31,Escherichia coli
SEQ_331028,TACCATACGAGGCGCCCTTTGAAGTTCGGTCGTGAAGTCCCCCGTAAACATCTTCGTAGTTCTTCGACGGATGAGATTCCCACCTCTCGGTTAGTCGTCGCCAAAGGCTATTCAACTCAGGCCGCGTACTTGGTTGGGGCGATCCAAACAAGCTGGCATTGCAGCATAGTCACTCTTTACTGGAGCAGGTGCTAGTAGTGCGGCATTCATCGCAGGCGACGACAAGACTTTAATGCCTCACAGTTTCGTGTGTACCACGGGTGTCTGAGCCCACCAGGGCATTACGTTAGAGGCTTTCCGCTACCGATCCATCAACCCTATTAGGCTGTGACTGTGAAACATGGTAGTTGAATGATGAAGTTAACGTTTTGCTGACTTTTAGCGAGCAAGGAGGTCAAACACATGAAGATTCATTTGTAGGTAAATGGCTGGTGGAAGATTACTATCAGGGCTGGCGGCGCTCATTGCACAACCGATTATCCCATCTTGAGTAGAACTAAGGCTTCTTAGGCTAAGCGCAGAAACGATCTGCGAAAGGCGGTTGGCGGATCCC,553,50.27,Saccharomyces cerevisiae
SEQ_257484,AGGAAGTGAGTACTCCGCTGTTAAAAACCAGGCGACGGAATAGGTTAGCGAACACGTCTACGGCGGTCTATCGGAATTTATCTCATCGTAAGGACCGACCTTGCTAAACGAGAGCGAGCGGGTCTCTAGTAAGAGATGATGTGCGGGACGAGGCCCAGCAAAACACAAGTTCCCCATCTAATATTCCCCATGAAAAGAACTCGCTTGATCGGGTCATATTTACGCCCTATACACCTTCTCCACCTACCTTAGTTCGGATCTGGTTATTCTTCCGAGGAACAAGTGCTTCCCGGCTTATTAGGTTCCTCATGTAGCGTTGATGAAGAACCCCCATTTTCATAGTGCTATCACGGTGTGGAATCAAACGATAGCTAGCAATCCTCCAACACCACACTCTGATGAACTGAGGGGGGATGGAGAAAGCGAATGGGTAAAAAATCCGTCGACTGCCGTTCCCCGTTATTCAAGTACTTTGAACAGAAGCGAAATCTAGATGCCGTTTCTATTATTCGATCAGGACGTATACCGTCTGATACCTAACTGAGATTTCGTTGCATTTAATGGGTCTGTTTGATGAAAAACCGCTGCAACACGACCCTTGAGACTGTATGGATTACATTTTGAGTTCGGAGATCGTACGTACCAATGATAGCTTGCCTTACGGTCGACGTGTCGTGAAGGTATACTAACAACGAACGGCTAAGTCCGTCTCTCCCAGAAAGGGTGAAGGTGCAGGTTTCAGTTACCCTGGTAGACCGTGACTCACCAAACTTTGTAAGTAGCCCAGCCTTCGGCCAGACATGCTAGGGCCTTGCATGACACGTAGAAGTCTAGCCATGGAGAAGGAGCGGATTAGATTCAATATAGATTATACCCGGAATGTGGGTATCATCCCTCGAAAGGTGCAGACCAGGACTTTTTCAGCATTGCCTTCTGGGGGGCCCCCATCGCTCTTTCGTGTTGATGCCGTGCACTTATGTCACAGGGCTGCCCTGAGCCCAGCGTTAGCTAAGGGCGGAGCAAGTCCTTCTTCACTTGTCGGGCCGTCACGGGGTAAATGGATGAGGATTATAAACAATACATTGCTAGGGGGCAGGTGGAAGATTGATAAAGTAGGTCCAGGGGCTTTGTGCTCATCTTAAGAACAACGTGATCAGGAGGCTCTTTAGTTACTCTGATACCCACCAAAACGACCCCATGGCTACCCGAAATCAGAA,1217,48.48,Escherichia coli
SEQ_420945,TCCGGGAGTGTTGAGATCCCAGAAGTTGCCAGCTCATCCAACATAAGATGATACATCTCCCAAACGCACGGCTCACGACGCCCCGGTTTATCTGCCTAGTACGAGACATGCTAAACTGGGAGAAAATAGACGGCCTATCTAGCTTCCACCAGGTTTCAAGTCCAAGTAGGAAGGTATTTTTTCAGAGCGAGGCTACTAAGCTCTCGCGATCGCCTAATCCCGACCTAACCGGTCCCA,237,51.05,Caenorhabditis elegans
SEQ_498990,CTGGGCGGTTCTTTTGAATCACCGGATGGTCTTAACCCCCATTCACGTAGTGGACGCTCATGAATTCTTTATATCGCAGGTTGTCTCCGCTTACATGACCGGGGAAGTATGCATGGCACTGTGACGTCCTTTGCCTAAGTGATTCGCGTCGTATTGCCCAAACAGCTAATAGACCGCGTTTTAACCGTTCGCCTGATTGCTTGTCTAATCTCATGTCCGGAAGCCGGCTACATCCAAGCAGCGCGCAATTCCCCCATCAGATGTCCTAAGATCGATAAATTAAGATCTCTGGGAACGTAGAATGCAGACATTTTACGTTAGCTGTGAAGCATCCTTTACTTATCAATACTGGCATAGCTGTGAAGCGTCATGCGATTCCTTTTGTTTGCTGGGCTTGATT,400,47.25,Drosophila melanogaster
SEQ_353072,CCTCCAATGTATCAAGTGGTGAGTTAAGATCAGACTAACATGCGACATGTCTAATCCGTGGTTCAATCCGTACGCAGACACATCTGTAGGTCACGTTAGAGACTCGGCAGTGATCTATAGTCTCGAGTATACCGCTCTCCAAACTAAGTGAGTGTTCGACATCACGCTAGCGGAGTCCTTCACCTGCCTCGACACGGAGAAGAGCCTCCCCCCTAGGAGACCGCTGGGCTGA,232,51.72,Arabidopsis thaliana
SEQ_704502,TCAAGACCCATACTCGGTGATTTCCGCACAGGACGAAGACAGTTGAGCCGCTTTCAATTCCATTCACTCTGTCTGATCCTGTTGCGCATCATGTCGATAACAAATAGAACGAGGAGCACAACCATCTTCGACTAGGAAGCGAAGGGTCGCGCGGAACAAGTTCCTTCTTTTCGTGAAGCGGATGACCCGCGCAGTGTCAGACTGCGACCTATTAGAGACTCGCAACTCCGTCTAGTCACGTGACGAGAATCCAGTCCGATTAGACCCTCCAGGCAGTGGCTCGAGTTCGACGCGTCCGTGTGCAAATTTGTGACAGCCCGGGTTACCGCCAGGAAGAGGCGGCAGCTGAGCGTTGACTCTTCTTGCACCTGGGCTAGAAGAGTATGGTTACTTAAGTATAATTGAGTCGCTAGAACGCATGTCTCAGACAAAACCAACTCCACTCAGCAATTGTAAGTTTATGGGCACGTCTGTGTGACACGCACTTTACTCGCTTTCCTGCTAGTAACACGCGTTCTGCGGTCCGGTAAATCCGCTGATTCTGCCAGTCGAAGTACGTAGAAAAGTGTCCGGGAATCCCGTTCTGGGGCCATAATCCCATTGAAGGCTGTTCACCTGCACTTGCACGCATAAGTTTTCCCTACAGGACACTGAACCAAAGTTCCTCTTGTTTGCGTGGACTGTCCATCGCCAATTGCGGTTCACAAGCGGATGCATCGTATATAACTCAGCAAGCGCGGATTGCGAGTATATTAGACTCAGAGAGGCCAATCATTTTACTTACCTGAGGGGACTGTCAAATCGGGTCTTCGGTTGATAGCACTCCGAGAGTCCTAGATGTGATCTCAGCGATCCTTTGACGATCGCGAGGGGAATACATGCACTGGATGCCCCCAGATATGTCACGCCCTTAGCAATAACGG,923,50.92,Caenorhabditis elegans
SEQ_770161,TGTGGGGGAAGTTTCTACGTATACCGGTCAGTTTCAACCCTCATCCTTTAGTAACTACAACGGCGTGGGGATAGTTCGTCGGCCTGTTCTCAAGCATCGAGCCTGTAGAATTACAGTCACGTGTCCGAAGTTTCAGCGAATCCCACCGTATGTGCCAAGATGTGGAGTGCCTTGAAGCCCTGCCCGCCCGGTAGTAGTCTCCAATCGTTTGACAGTATTTCGCAAATGGATCTTGATCCCATACGCTCTCAGCGCAATACCTCTTTCCTAAGGCACTATTCCACACGTCGGTGAGCATTATCCGACTGAGCAGCACAGCGTTGGTGGGCGAACTTAAAGTTCAAGAATTGAACGTTGAGTCGGGGTACATATTGCACGTAGTATTGTACCACGCTTCTGGTTGAGCGTTACGTCCTAGAGGTCACTGGCGCGGCCTTTGAGTAGAAACTCAAGGAAAGGGGCTAACTTCATATGTCGCAACATTACCTGGGGTCAGATCCCACTCGCCTGAGTAAACAGCAAGGCTTAGGTGCAAGTGCATTTACAAGTTCAATGGGATAAGTCCCAGTTCTCGACTCCATGCCCTTACCTAATGAAGTGAACAAGGTACGCTAGTTACTTGGCTTGTACGGTAGAAAACATTGGATATAGACGCTGGAGCTGTTGTAACGCTCGATTCGCGTAAAATCTATAAAGGCCGTGTTTCTGTCGTCCGTTGGGGCAGTCTAAATGGGTTTCGGACCCGCGAAAGTTTCAACGGTTTCGGGACATGACGATCCCCAGTTTTAAAAGTTCATCTAGCCTTACCTCAATAGTACGGAGGCCTGGCATAATAGAGTTTATCTGGCACGTTGTGCCCGTCTCGAGGTGCATCTCCTACCCTGCAAAGAAACGCGTCATGTATTGCGAGCTTATAGGCGCTACAAATGTTAATATGTTAGCGGTCGCACTACACATCCTCATTAATTAGTTTTAGTGCATTGGAGGGTTCGAATACACACCCGATCCCGGCGAGAGCCGCGTACCATATCGTCAGACCCGTTCGGATCCCTACCCGTACGCTTTGCTGTTTGGCGGCGTGCCTAGTCCACATAGCGGATTCCTAACGGTTGAAAAGCAGAAGGCAAGTATACCCACGTATCGACTTATCAGAGACACAACCCAATGTTGTAAGCGTTTTAAACTTCATTGATCGTTCCTATACTCCGACTATGCGCGAGTCAAATCATTATCCAGAACAACCACTGTGCCTGATGACAGAAGGACCAGAAGACGCAATATTAGCCATGGGTCTAGACAGGCCATCTTACTCGTGGATGCACCAATGATCACCGTTACTAACAAGAGTGCATTGGCAGCTCAATTCGAGAGACCGTATCGCCCGATGGCCAGACTTTGGGCATACCCCCCCTACGAGCGTGGCTTCCAAATCTTGCCCGTGGCCATCAATAAACCTAAAATAAATAACACGAGCGGTTTACTAAAGAGATCATATTGTGGTAGATCGGCTGTCACCGCCGCCTGAATCGCATATTTTCCTGCGACCTCCACCATCAGGGATAAATGCGAAGTAGGCTCTTTCTGGACTGATCAGACTGGAGGATACGGGATACCGGGGGTATCCCGAGTGTGAGAATAGGGCTAACAAAAAGTGGGAGGATACACGTTAGGAGGGAGTCTTACTCAGTCCGGTATTTGCCTAACTACTGCTTAGTTACACATGAGTAAACCAGGCGAATTCGCTTATGTTCAACTCATCCAGAAAGAGGGGACGCCGG,1778,48.88,Arabidopsis thaliana
SEQ_419909,AAACTATGAGTAGAGGCCGTCCATTTGGCATCTCGTTAGGTCAGGCGGAAGGCTACTCTTTAGCTGCCAGTGCGTAAAAACCCGAACCAGATTATATCGGTCAAGTTTTCGCGTAATTGGCGGGACTATACGGTAGCGCGTTAGTGTGTGTTCGTAATACCTGTCGCTATGGTCCTTGTTTTTGATCGTTGCTGTACGAAACCTTCAACTAGGTCAGCAGGGAACGTGGGTAGGTTTTCGCCAGACTCTGGTGGAGGAAGTCATACGAACCGTTAGGCCGCTATTTGTCGAACCTGCAGCCGTGCAACGGAGAAAAGCAGTAGATAATCGTATGCGCATGCCCCGCTTGCGCTTAACTGTTTGCTAGTGATAATCTTTGTGATGCGTTAAGACAACACATTTATTGCGAACAGGGAAGTGGTCACATCGCTGCGCCACGATGGCGGCTAGAATACAATTGAGGTGGGTTCGTTTTCCCTGCGTTATCCGGACTCTCAATCTTTCTCGAGAATCTCCCCTCACGATATCATTTTTGTCCTGTCATATATAACCACATACATACTCAGTGTAAACGGTCTATCGACCAAGTATAGGTTACTACGGTATAGACGGATAGGTCAGCTGTAAGCTAGCACCGGGTGAATAAGGACCCTGTACCGGCCCCGGTGGCGTACTAACCTAAGAGGTCGCATGTACCATCGAGCGCAGTCGAATTGCGTCTTTTTGTGCCGAACGCGTTTGGCGACGTCTAAAGAAGAGGGATACGATTCGCCTCTTACCACCCTACTCGTACCGGCCCTGTGCAGTCAGGTGTACCGGTAAGGAATGCCAGTTCCGCCGAGTGCGG,847,50.06,Saccharomyces cerevisiae
SEQ_602124,TCGCCACGGGGGCAGACAGTTACATCTACCACTAGACTGTTTCTACTTGTGACGTGTCATTGCGGATGTCCAAGAATACCCCGAGCCAGTACTGAATATAACTACAAAGTGGTGCTGCTTTCGTTGAACGGCTCAACATGGTGGTAAATCGGAGTACCCTATGCCGCGTGACATCAGTTTGTCCGTAGTGACTCACCCATGGTACTCATGTATGTTTGGGGACTCAGAGTGTTTATAGCATATGAGTCGCCCTTGTCAGTCGGGCGTCAGCCGTGCACCAAGCGTGTCCGCGCCGTCAGAGACCCCCGAGCATTGGTTGTGGGGATCCGGGGCTCGGGTTCAAGCGGTAATCTAAGACAGACCCGGACTACGAGCAGTGACCCGCTGAACGACGCACCGCGCCCGCTTCTTCCCGTTGCCGTGTGTCCTAAATCTTGACTATCTCCTTGAATACGAGAAGTTCCAAATATAAGCAGAGCGTGTTTCAGATTGACCAAGACTTGTCCCTTGAAGACCTCAAATTAGCGTGTAGCAGGGCATGCTTCAACCAACGGAGTCTACAATATGTCATTGGCCCGGTGACGAATAAATCAACTGGCGTAAGATTGCGTCAGAATCCAACGTAGCCATTACTTCCAATGAGAAAGTGTAACGACGGTAGACCGCGCTGAGGCATGTAAGACTCCAATAGTTACACGAGCCCTATTATTCATCAACGGCCTAGCAAACTTATTGAACTGGAACCTATGGTTTCAAGCTGTGGGTCTGAATGACTCTACGCATCTCGACGGGGATTAGGCCGCCTAACTGAGGCGCGCACCCAAGAGTGAGCACTTTCCAATTTTTCCCTGGGATAGTAGAAATGTCGATTCTTCCCCGAACTATAACCGCGATTTGCGTCCCACTCTTCGTACAGCCTCGCTTACAAGTTTGTAGTCGTCTGTCTTTAGAGAAGTAACGCGTGCGAGCCTTTTATGAAAAATCTTTAGGTATGGCTCAGGAGCCAATATGACCTGATGCCGCCCGCGGCACAAGAGTGAATTGTGCGTCCGCAGCAACTGCGGAACCAGAGTGGGGAGTTGCTCTCAGACAAAGAAGTGCAATGGATTCTCGCGAACAGTCGCCCCTCAGCTGACGGTTCGCTTTTTAAAATTGCTGCATGTACTGGCCATATGTGTCGTGGATGGGTGATCACGGTATTGAGTTTAAGGACGTCTCCCAATTGAGTCAATCTAAGCGACCTAGCACATTGGGCTGAATGGCATCCTTAGTTCGCTCCGCGACTCACACGAGGCAAGCCATGTTAAGCCACGTAAGCTTTAAGCCATGTCGTCGTACGGCCCGGTGATAGGCCTGCGTTAACTCACTGAGCGAATCAAGCGGTCAACTCGGTATCCGGCGTTGTACTTATGAGGAATAGGAAGGGAGTGGCACTGTACTGATGATATGCACGGTCCTTTATCTCGGAGGCGTCCATCCAGATAAACCCATGTTGACACCTATGACCTCCTTCCAGTAAGACTTCGTCCACAAGTGGTCCGGAATTCTGAGCGTACATTACTACCTAAAGTTACCTTTAGTCCGTGATCACTGTGGCCCCT,1601,50.53,Mus musculus
SEQ_477401,TTTCCGCTAAGCAGCACATCGCCGAAAGTTGGCCGTATCATGTTCAAGTCGATCTGAGAACACCAAGACACGTCGCTTTTAAGTCAGTTAGTTTTCAACAGCGGTTGATGAGCGCCGACTCATCGAACCAAAACGAATTGCGCTCACTAATAATGACTTCACTTGTAATTAGGTCCCCCGAATACCTTGACTAGTGGAAATGCTACACCTAGATTACGATCCTGTAACACGTATATGTGAAACGTCGTTGGTGTAAAATTTCTATCTTTCCTCAGGATGTCTCCGGGGTGGTATCACTGGATGTGTTGCCTCTGAGACTTGGCGGCCGGTAGGCAAAGGGATGGCGAGCTCTTATAGGCAGAGTGAAGCTGCGTTTAGGCCAACGCGTGAGGAAGCATATACTCTCAGCGAAATCCACCATTTGGCGCCAACGACCGGAGTCCAAGCTCGATGTGCCTTGCCCTGGCGTTAGACGAACAGAAAGACCACACCCTACAGATAAGTAGTTCACACGAAGTACAGGGC,525,48.95,Escherichia coli
SEQ_320302,TAATCGATTTATGGGTAGGAGAGGAATGCATGTTTATTCGCCTACGCACATGTCCGAACTATGATCTTGTCCGCTGAAGCCTCACAGGCTATGCCCGCACCCAAAGCCCAAGTCGCTACGTAATACCGACTCCGTCCGCGTTGGTGTGATGTATCGTAATATTGAGATTTTCTCGTACTAAGGACATCCCTAAGGATCAGTTGTGCTCGAGAACCACCGACGCCAACGGGCTTTCCGATTCACATAAAATACGTAGGCATGCTAGTGGCCACATTCTGCATTGGCCCGCACTCCATAATGCATAGTTAGATCTGGAACTTTATGGGAGCGAAACATTTGCGACATACCTGTCCCGCAGCCCGAAGGTCGTAGCGTAT,377,49.34,Arabidopsis thaliana
SEQ_926148,AGATCCTGCCGCTAAATTGCCATCCTGATCTAAGCCAGTGTGAGGTTTTAGATCCGATGCATTGCCCGTAGGAAGGACTACATCTCTAAATCTGACAACCGGGAAAGACCCTGGACCGGGGGCTATCTGGTTTGTGCTATTTACACACGGCAGAGGGACGGTGCTTTACCGAGTAAAGCGGTTTCGGTCACGGGGCCCCCTGGGGTCAAGCATCCACAACGCTGTGCTACGTAGCCGTCACTGAGGTGTGGTAAGATAGATTGGCTAAATATCGTTATCTACCCGCTGTGTATTACGAATAGTTTATTTACAGGAGGTTGTAACCGCAGCCAAAACCCGTTAAAT,345,49.86,Drosophila melanogaster
SEQ_217386,GAGGCATCGCGGTCCCAGCCCGGACACCACTCGGCTGCGTCCGTTGAAAACAAATGAATAGCGTGCAATGCTCGTTCGAAACACGGATCAGAGGTCCGTCCTCCAAGACTCGGTTATTGTTAACGAGCCCAGGTTGGCTTAATCCAGTGTGGGAATAAGCACCGTCGCGGTACGTACTAGACAAGGACCTGAGCTGGTCGTGCACATAGATATTGTTAGGCAAAAGGGCTTAAAATGCTAACCGGCCTTACTGAAGACCTTCGCGAACACTAAAACATTAGAGGCTTCAATTGGTATTATGATCCCTAGCACGGCGTAAGATGGTCATGTGGTTGGGGATTGACTTCTTATATTTCGTTCCTACCGCCTATAAAAATGATTGTGCATGGCAGCAATGCAGTTGTTAATCGCTGGTTGGCAGTGGCGGGATTGGAGCCCAAGGGCACTGCGGAGCATGAGAGCTTTGCAATGCACGACAACAGCGTTGGACACGACCTCCATGTACAGACGGCGTTCCCGTACCCGCGACAAAAGCTAATAAGCTCAGTTACAGACGAGAACAAGGAAAGCGTCGACTGTATTGAAGCGCTCTCGTCTGAGTGGGTTAGCGTCATTCCTATGGTACTATTCGTCTAGACGAGCCGGGCGCTACCTAGCGTTGGTGACAGTAGGCGGCCTATTCTTCCGTATACCAGATGCCCTATCCTGCCTGGATGCAAAAAAGCGTCTTGTTCCCTAATTCCAGACTCATGTCGACCACGTCTGTATATGCTAGATCTCATACCCAACTGGCGTTTCATGCCAGTTCTGTACACCGCTAAACGACTGTATGTCTTTGCATTTTACAGGCTTGGCTTTGGTTTAGGCGTCGCAAGAGAGTGTAGCCATTAAATGTCGGCGGTGTAGTCGAGAATGGAAGTTGTTGAGAGGCGCGGTCCGATGCGACAAGGCCCGTTTCGTAGTAGAGCGGATTAGGGTCTTTACACGGTACATGTTCCTCCTTCGCCCGAGGGTTTCTACGGGGAAGTCGTAAGACTTTCATAGTTTAAGGGTATAGGCTCCAGGTGTTCTTAATCGACATGATTCCTTAGTATCTACAACAGCCCACTGCAAAGTCCCGCCAACAGTTCACACCTAGGTTTTTGACTTCAAAGCTTTTGAGCGTGTCGAACTGGAAGCAGCTCTATCCTAGTCCGTATCCCGAGGTAAAAAAGAATACAACGCTTACAAAACCGACCTTCCCGAGAAACGTGACTATGTGAGCTGTTACTTGGGAATGTGCACAGATTTGGGATATCTAAAGTGGTGTTGGTTTGTAGGGATCTCCAAGGGTCAGCTACACTATCCGTAGCTCTTCAACGACTTAGCCCTCGGTGGCTAATCGGCCCGGGTACACAGTTGGAGGCTCATCCTCCGGCTTCGTGTATGACCACACGATGCGTGCCTCAGTGGGCGTACGACTTCCATCCCACTCAGATGACAGCGTTCATGCAGCGATGTCGATTAGGATGGTCGCTAGCCCATGGAGTGATTGACAGTGGATTAAGGCCACCGACACTGACAAAGCGGTCTACGCGCGGCATGCGTAGACAAATACTCTACTAGTACCGGTACTCTATTGAAGAAGACCTCACGTAATAAAGGTGGGGCTCCAACTCATCCCCACCCGTCATAACAACCCTTCCTGGAACTCCCAGCTAGGCGGTCTCGGGTGGGCCTTGCTTGTCAGGTCTCTATGCAGACGTGGCCTAGGACGCTGGGCTTGTCCTCTCAGACGTATAATGCTTGGCGCAGTGTGAACGCTCCGGGAGCTCACGAGCCCGGGATGTGGGGCGTCCAAGCGCTACACATTTAACAATACGCTTGTTTTTACAAAATTTGTAGAATAAAAACGCATGCGTTTCCGGTCTGGTGGCTACGATCGACGGCATCAACCAGCTCAACAAACAAACTTTTAA,1958,50.61,Drosophila melanogaster
SEQ_530880,ATACGCTTGCAAGCGGTTGTGACCAAAGCAATGATGAATCATGCTCATCAGCGGGAAAAACCGGAGGCTCATATCTTAATCCTGGAAGAAGCTGGGATCATTTTGGGGTCGTCACGTCACGGTCGACTGGCATCAACACCGCGTACTGCCTTACACTAGTCCGAATAAAATAACGTCGGTTTTCACACCTATTTGGGACAGCTCATAACCTACTGCCACCAATGGTTCAGTTCTCTTCCGCACCAGCGATATATTCGCACGAATCGCGGCCCTACCGGCCGTGCCTAGCCTCCCGTCTGTGAGTGTTCTGTCCTTCGTCTGGTCGAGCTAATCCAGGACGTTGGCTTTTTCCGGAGGCATTATAGCTGCAGCTATTGACACGACACGAACGACTCTGCTACAGCGGTCAACATACAGCGTAATTTAGGTAGTTGAGAGTAGTCACAGGCTCTAGACGTGAAAGTAAGCTGAGCCTTGTATCCTATCTATGCGCTATGTTCATTCATTGGCCAAGCTCCTCTGTTTTTCGTTAAGTTAACATTTTACAGTCCTAAGATAATGTAGCTTCTTGTGACGACTTGTCGGAGGGAGAGAATGCTACGGCATACCCAAGTGGATAGCGGCGTGAACCATTGCATAGGTTTACGGTAATAGGCACTGCAGTACTGGTCTAACTAGCTCAATCTAGTCGTCGTTTGAGTCGTCCATTCCGGCCGAGATAGTTTCAGTGAATCCCCTATAGCCTAACTATTAATTCGCAGCATCTCAAATCTAGCTGAGACCCGGTTCAATCGCGACCTACAAGACGCGGATCTAAAACGGTACCAGCGTGACGTAGTTAAAAGTGCTTATAGCGTGAAAAGGTTGTCCAACCGTAGCCCAACCGTCTGCGAATGACTACTACCCGACACTGATCTGTAGGCGCGTTCAGCAAACTAATCTAGTGCTGGTGCTAATGAGCACGGGCCCAGGGAAACGCTTTTGCTCTGTAGTCCTCAGCTCTTAGATCGCATTCGGTGAGATGAGCGCTAATGCGTGAATTACGGCTTCCACCTGATGCGGCGGAGATACACATGGGTCTTTACCGCGTAAAACCGGCTGAGTCAACAGTGATTCCGTGCTATACTCCTTGTGCGAGTCTAGGGTAACTGAAGTTAACCTATTCTGCGTCAAAACATAACTGATTTAACCAGGAGCTACTCGCCAGATATTTCTAAGGAGTCTTCTACGCGATGGTTTAACCATCCTTCTTATGGTTACCCTGGTATTTGCTTGCCTTATCCCTGTGTGAGCAAC,1296,48.38,Drosophila melanogaster
SEQ_602015,GGTTATGCTACTTGGCGGCAAAGGTCGTATGTGAGGTTTGTAGGGCAACAGCTTTTATCTCGCGCGGAGTGCTACGGGCCTGTAGCAGGTTCCCGTCGCCGGGTAATCACTTACGAGCCAGCCCCGACGATATGAGGCTACTCACAAGCAGTTCTTTTCTGGAGTGTTAGTCTAGACGCACGTTTAGCCTGAGGCCGGCTCAAATTTTAACATATAGCTACCAGAGACGGAAGTACCCAAGGTAACCTTAAGCAAAACTCGGGTACGAACAAGGATCACTTAGTGTTTGGAGTATTGTGCTGCCTTCCTTATCCGGAGACGGAGTTTGTTGGATGTCACAGAACGATAGCATGCCAAGTCAGCCGCAATAGTGGATATTATGCGAGTGACAGCCCTGATGTTGACGACTGATGGCTCTTCAGGAGACAGTTATGCGGAGGAGTAATTGAGCTGACGAAATAAGCTATCACGAACATCAGAAACTACGGTGCCATAAGCGTCTATTAACTGTACTGGAGGACCAGCTGCTGTTGATCTGCGGTGGACTTCGTGAACCCTCGAAGCACGAGAGCAACGTTGCAGATAGCGGTGGTTCCCTCATGTCGACTCTAAATAGGCTTGCCGTCCTGGGTGTGGCCATGCCCACTCAAGTAAGTTGACTGCAAGTACGCACTCAAGCCTCGT,684,50.58,Caenorhabditis elegans
SEQ_162604,CGATATGGTATGGTGGGCCAGTACAATAAATTACAACCTTCGATTCGGGGACGGTTACTCCGCCGACAGGCGTATCGATACTCTCTAGTTTCCGCGTATTACGTTCATCGGGGTGGACTAAGAGAGAATGGGTGCAGGGGGCATTCCTGGGGCGAAGGGGGCGCACAATCCATGTTACTCGTCCACAATTCAGAACGCATCTGAGCTAGCTCCCACTGCAGGTGCCTCAGGTTACTCACCTAGACAGTAGGTCACTATACGTGTTGCCGGAACTATTATTATGACTGGAGCGCCCAACATGGGAGTCAGTAGTGACCCGCTGCTATCGTAAGGCGGACTTGTCGTACAATATGTCCACCTCGACGCATCAAAAGCCGTATCAGTACCGAATCACAACCTAGTAATCTCAACCTAATCATCTGAGTACATGTAAATAGCTCTAGTCTTCGTAAGGGTCAAAACGTCGCATCCTACACCACTTACGGATGGGCCATCCTGCACACAACCCGTCAACAGTGATCAAATAAATGAACGACCCAGTAGCAGTGTAACCTAATCAGTGGAGCTTACGGTGAAAACCGCATGCGATATTACAACAATTGTGCCCTGGCAGGTTCGCTTGGGCACTTCGCACCAATCGTTCCCATCTGTGTTTGTCTGCTCCTAATATTCCGGGCTCGTCACGCCACTCTCCCAACATGTGGACTAGTGGAATCTATGAATGCGTCGAAGGGGTTATACGTTTAAATCGGTCCCTTAAAATTTTCAAGTTATGTGACTGACAACATGTAATTTCGTTTACCTCGGACGGTGTTGGGGTCACGAGCAGACACAAATCTACTGAACTCGTGCACATACCGCCTGTGAATGCGACGGCAGACAAAGCCAGCGATGAGGACTTCTTCATGAAAATCGACGAAAGTACCGTCCTACCTTCGCTGTTGTATAAGATATCATGCTGCTATTTCAGGGTTCGCAGACAACCTTGTTAGTTAGCACGGGGTTGAGGTATGTCGTTCGTCCCCCGTAGAACGGAGGTGTCTAGTGGTGCTCAGAGGTGTATGCGCGTAACCCGTCCATGCGCGGTAAGTGCGTCCCTCTTCGCGCCTTTCACGCAAAAGGGCTGCTTGGCCTACCTCTATACAACAACATGACCAAATAGATATACTGTCCTGTCAAAACCCGTCATCGAGTAGAGCGATGGCTCGCGTGATAACTATACATGGTGAGTGTGGTAAGACGATTTATATGCAACCGCGCACGATAGAAAGAAAAAGATATTTACGAGTAGGGAAACCTTACACACAACGGCCGTTCTTTATCGATGAGCGTACTCCAGCGCCGTTTGACTTCCTAACATGCTTTTCCGCAGGCGGCTGCCATATGTTATAGCGTATATCTAGGGCGGACCTTGGCAATTGCGGGTGCAGCGCTGTAGTCATGAGTTATGAACTGCAGTTGCAAACCAGGCGCATGGCTTAGTCGTTAGTGCGAAGACCCCTCTCGCGAGTCTAGTCGCTCTCTTTACAAGCAAATACCAGTAAGGTAGGCCTAGGCTGCTACTCAATTTGAGTACCACGGCCAGCAGAAGCCTGGAGGGAATTATCACTACGCG,1615,49.54,Mus musculus
SEQ_670389,TTCGTCTTGGGAATGACAGTCCACCTACACAGTGCAAAAGACGCAGGCCTCATTGATACGAATGAATCTGGAATCTTGAGTTTTCGTTATAACCCACAATATGCGCATCCAGCCTGGAGGCGCACGAAGTTGCGGTCTGTCGTCAGC,147,49.66,Escherichia coli
SEQ_489635,TACTCTCGTCCTGCGCGCTTAATCGGTCGATGGATCATCCATGTGAAATTCACATCGTTACACGACTTTTAACTTCTGTGTGATTTGTTGAACTGATCCACTAGGCCTCCTACTTTAGACACGCCTCCCTCGATTGACGACTTTCCGACGAGGCCCCAAGTGAAGCACGAATTACAAGCGCAAGTATGACCCAAGCCCGCCCCTGATCAATCAACACTCGTGTTCAATAGGATGCCATTACTGGTAATTATACTCGCCGTTGTCCTCAGTGTGATTGGAAGACCGATAGACACTAGACACCGTGAAGGTCTCAGGAAACAACAGAAGCGAAGACGACAAGCATTCCAATGTCCTGGATTGAGAGATAAGATGCGATTTGTGGTGGAGCTGTTCGAATGTGCTGTAAAGGTCGGATCCTTTCCTGCGTGTGTACTAGATTGAGAGAGGCGCTGGACTAAGTCGACGGTTGACGGCTCACCTATTGGTAAAGTCGACCGGATTGCGAGTATCCAGGCTTAGCGCCAACGCCATATCAGATTCGTTCGCGTCGTTGGTGTCTCCCCAGAGGGGTTACGGCCAACTCTTCGCACTCGGCCGTTTACCGGGGTGCGGTTAATCCATGTCCATATGAGAGTGTAATACTTTTCACCGAATGGACCGTGAATATACTCCGTCGACAAAAGTTGTTGATACGGTGTTTCGAGCGCGAGGCAGGTTTATAATACCACGAATATAAAAGACAAAACGACTAATGGAAACGGCAGTCCCGGAACAAGGTAACGTCTGGTACCTATTAAAGTAGAGGCAAGTTACCTACCAACTTGTGGCCACACCTAGGAGCACAGTGCTTATTGAACCTTTGCTATCGGCCTCGTCTGGCCATGCCGCCAC,891,49.27,Caenorhabditis elegans
SEQ_914234,CAAACAACAAATCCCCGTTGAAAGTGTTGGCCCCATCTACCATCTTTATTATCACTATTTGACGGCCTGGGCCTGGTGCCAACTTTTGACCCCAGTCGTCTCACTCTCCTGGGTTGAACAATGTGCAGATGATGCGTACGCGATAAGAACCGAAGAAGGGTTCTGATGGTGGATGGCCTCCTCACGTCGCTGCTGTTTCGAGGAAGTCTCCGCAATGGCCAGTACGTCGTCCCAGTTTCAGCTGTATACTAGAAGTAGAGCCGTGGCTACCACGAGATGTGAACGAATGCTACTTACGCATGCAACCGACCGCTTGAATGTTAATACGTGCAGTGCTTTATATCTTGATAGGCCGCCTTCTTCCATAGAACTAGGATGGGCGCACGACAGTGCCTGATCAGCACGTTGCCCCAGGTTACAGTTAGCTATCCGAGAGAATAAGCCTAGAGTCAATCGCCGTACTAATACAAATCATTTAAGCCGTTAGGGGGAGCCGACAATCTCCAACGTCGCGTCGTAGACCCATCCAGGGACGGTC,538,50.93,Saccharomyces cerevisiae
SEQ_429695,CTAGTTAGACTAGTAGCCTGAGTCAAGCACTCTTGGGCGTACTCCACATTATGAAACCACAGAGGCCTGCCACTAACTACAGGTTAAGTGTTAGAGAAATCTCGGTGCTAAGTTGAGGGCAGACCTACGCTGTCGTCGGCGAGATGTATAGCTGTAGGTGTTTTCCGGATTTTCGGCTTGAAGGCATAGATTTCTTGCAAGCGAGGGTAGATTGTTACTTATTA,224,46.43,Saccharomyces cerevisiae
SEQ_991121,GAAAATGAGAGGCTGGACGTACAGTAATCGTTGACCAATAAAACATCGTTGCCGCCGTGCTTAACCCAGTGTTTGGAATTGAGCGTCACGTAAGATCATAGGTGAACAACCCGATCCTAGCACGCGAATGTGCAAACCTTAAGGCCCTAGTAATCCACAGGTGGGTGTCTGTGCGCTGGGGGTCGGTTAGGTCCGACAATTAAGCGTTTCATGCATACTATATCAATGAAGACTTTGGGGAGAACGACGGTCAACCCAATCGACCCTTCACTTGTTTTACCCCCGATCGCTTTTCGCTAGAAACCATGCCTGACCAGTCTCCCATCGTCAATATGAAGTCCTATAGAGCTTTTAGCCCTTGCACCCGTTCCTAGATTTGCTCCCACGCGGTCGTTTATACATAAGTAGAGAGAAATCTCCCGACGTGACGCCGACTCTTTTAAG,444,48.65,Caenorhabditis elegans
SEQ_126018,GCGCACGGGTTAAAATAGCGATAAAGAGGTTCGGTTGCTTGATTGATCTAAGCTTGTTTCAAGTATCACATCAGAACAAAACACGATGAGCCACTTCACGAAGGGTCATTAGCCGCCTCGAATGCAATCGTCTGACCCCCATCGCGGGGTAGGCTTATCGAGTTCTTGCCGGGGAGACCCTATACTTTTTAGGTCCTCTCTGCTCGATCCGGGCAACGTCCCTAATCAGGCGGTTCACGAGTTGACGACAATTCGGCCCAGCCTTCGCATGTAGCCC,277,51.99,Escherichia coli
SEQ_405099,TTTTAAAAAAGTGGTCAACGCAAGGTCTGTTCGTGCTTCATACTCAAAGTACTTTCATCCTGTTTTGTATTTCACAAAGGCGACTATACAATCATTTGCGGTCAACTACCCAAATAGCGTCCCAGAGTTGGGTGGCCCAGCGTGCCGATCCCGCTCCCCCTTGCGTCCGCCTTGGGGACTACGCTGGAGTAGACCTTGCACCGTATTTTCCTTATCGAATCCGTTGTCTAAATACTGAGCCCTAAGCTGATTACAGCCGAGCCGTGGTAAACGAAACCCGAGGTATGAACGAACTTTAGACTCTGGGCGGCACGTATTTCACCTATCACTGTTTTTTCATTGCAGATAAGGCGCCCCTTGTGAGGAGTACGCGCGGGCTCGACCATTGTTGGCTCGAATTACCTCCCAGCACGAGCACGGCAAACCAGTTCGTCGGGAAAACCGCGCTCTTCCGCAACTAAACCTCAATCAAAAGCTGGGGTCGTCCCGTTACCAGGCCCCCCCTATAGAGAACCCACCGGATATGAGTGCGCACGAGATCGTCGTGCGGTCCTTTAACCCTAGGGAGTTGCCTGAAGCAAGACCTTCCAGCCGGGCCTGCGTCTTTGCCCTTGGGCGTATTTAAGCGAGTCGGTGGTGATTAAGCAATGAGGCGGGCTCCGGACGTCTATTGCAGGAACATCGTTACCCGTCCGTAAAGCATCGTTGCTACTGCGGAGAAAAGGAAGCACATCGTCGTGTAGAGTACGACCCATAGATCGACGGTCGGACAGCCTTAATGGCCAACGTAACGACTGGATGTAGCTCGAGACACCACTAGCTCTTGGCTTAAAGCAATCGCGGAAGGTGTCCGACGAATTCACTTGTTTTGACCACATAAT,881,52.21,Mus musculus
SEQ_402673,TTTGGGGAGTGCTGGCAAAAACCCGCAAGCACGGGCATGTCTGTTAGGTGGCGCCTAATAACGCACTCCAAGCAATAGACACGCCGTCCACAAATTCATTACGGTATCCCCCTTTCGCTTCTGGGTACGTATGTCGATTGATTACGGGATACGGCATGTGGGCCCACTGGAGATGCTAGGCCTCGGGCGGACGGGTGCGAGGGCTCTTGAATAACAACAAATCACAAAGCTACGCATGCATGGGAAATCAGCACCTGCTTTACGTTTACTAATAGTCGGTCGAACTGAATACGTGAATATAATTATCGCCTCAGGTATACATTGCGACCGAAGAGGCGCCTGCTGGTGTTCTAGATGCACATCGTACCATCGGGTCTTCTTCTCTATGCAGTATGCGTTTAACGTCGCCCCTCCCCCGAACCGGCAAAGGAATACTTAGCAAAACGAGAGATTTCAGTGTTATGTATGATGCGAGAAGTCGAAGCGTGACCCCTTGGAGGGTCGAACTAGGCAGTGCGCTACAGGAGACCTGCCACTCGTGGTACTGTTCGGTGTCTCTTAACCTCATTGGCACTTAGGAATCATAACCTAAGAATTACAGCATTGGCCTAGGTACCAAAGTCGAA,626,50.32,Drosophila melanogaster
SEQ_994469,TGATCCAGTCATGTAGGACGTGTCCCCTGCCACCTTAATAAAATATATTCTTCTCAGGATAGGCAGGATTTACATGTAGAGAATTCCGTATCCCACGCTTGCTAAGGTACGGGCCGAATGACCAAGTGATTAAATTGTAAATTATCTCAACCATGTCACGTTGTAACTCGTTACCGTGTGCATGAGGCTGGCTATAAGCAGAGTCGTGACGTACTAGTATTCGGCATTAGTTGCCTGGCGAGCACTAGTCTTTGGGGGAAATCGGAAACTAAGCGACAAATGTATGTTCAGAAACTATGAACCGTCGCTTATACTAGCCAAAGGAGGGTCGAGGGCCACGTAGTAACCTCGGGTAGATTGAATAAATGCGCCTCTAGACACGACTGTTAGGAATTTCACGAGCAGCACGTTATACGAGATTAAAAAACCATCGTCCCACATCGGCATCAAGTCCTAATACGGTTTCGGGATAGGCAAACTGCACG,485,45.77,Mus musculus
SEQ_432109,CTTGGGGGACACCGAAGCGCAGTGGTGTCCGGAGCCGAGGTTACCGGTGCAGATAGGATTCCTATAACGGACACGAACCGCGCTAACGCTGTAATTTTACGGATCAACAAGAGCTAATAGTCCTCTGCAGTTGCCCGGGCACTGAATGGCCCGCCGGCGGAACACTAAAAGCGAGAAGTGATCTTACGCGCGTTGAAGCGGCTCAAATCTATGCTGTGCGCTGTTATGGAGATGGGGGGCTTGGGCTGGAAACCTCAGAAAGATTAGGGATCTATGTAGATCTCATGATGCTTTCCTCCTTCTGCCTACCGGAAGATCGCCCTGTACGGTTTTGACTTTGCTACACAGTAATATTCGGTACCACATGTCCTACAATGCTTATAATCCAGTGCAAATCCCAATGACGGTACCCTTGTTCTGCATTGGTGTTCCTCTCCATCTTTTTAGGAGGCTACCCGACAACCATAGAGTTACAAATGATTCATGCGATATTTCGAACTAGCCGGCTACTTCCCAACCTTTTAGTTTATCCGAGTCCATCTTCATGGGTCCGGCTACCTATATACTGTTCACCTATGCGAAGAGCCAAGTATCGATAGCCTCCACTGGGGAAACTAGAGGAAGCATCTGATTACGCCTAATAAGGCCGCCGAGTAGGTCGCCGTGATCCTTCTTTCTTGTGGTCACCCTGTTTGCCGGCTTTCCCGCTGCGATTACCACCTGAAGTTTGCAGTTGGAAGCACGCCCCACGAAACTTGGCCAAGACCGCTTAGTTCACCTAAGGGAGCGTTCGGTGGTGCCTGCTTATCCAATCCTTATTATAAGCTACATTGGCTCATGATACGTAGACGCATGTTTTCCATGGGACTACAGGATTGACGGTGGCGAGACAAGGTTCGCGGAATTGCACCAAGTGCGTGGAAGAATTCACCTATACGCTCGCGTAAGAAATAAGGTACCTTTAAGAGTACCAAGTTGCCATGACGTCCGCGTATAGAAGCGCTCGTGTTATATACTGGCATACGCATTGGCCAATCTCATTCAGATGCCGCCACGTTCACACCTCGGGTATCATAAGAGAATCCTTACTAGGGATTCCCCTTCAACTTTGATCTGCTGCACGTGGAACGTTGTTACGTCATATACACTCCTCGGGTAATCACTCGTCTCAAAGCGGGTGCAGCATCCACGCAGAGTCGCAATGAGCAGTATTTCGGTTAAAATCATTCTCAGACCAGCTGGGTTCCGATTTAAAGCCGTTAGCGGCACCATGACCTAGCCAACCCTAAACTAGGCTTGGTAATCTGACCCGTCTAACCTAGGGTACGATAATAGCTATTGCGTCTGCGTAATAATTGCCGTTGTGAAATGCCTAACTCGGCTTCGCCGTGGTAGACTTATGGTTCAGGTTGGCCACAGAGCGGCTGCCGTGGTAGTATCAGATAAGCGGGACATCCGTGCCCATCATAACTGCGCGGAATACAAGTAGTCCCTGAGGTGCTAAATCCTTGCGCAGCCAGGCATCGTCATGTAAATCATAGTTGGATGCGCCTCATCACGGTCAGCAGATCACCCAATAGTTCTGGGGTACAGATATCTAACATATGTAGGAATTAGTGCCGAACACAGGGGCTGTCGGAGCCTTCCGCAATTTTATCTAGCGGCGCGTTTTGCGCGGGTTTGGAAGAATCTACGTACTAG,1701,49.85,Escherichia coli
SEQ_422354,CTTTGAACGTACCAGGTGTAGAAGAACGGGTTTACCGGTAATACGGAGCCTCTTAGTCAACCATGTCCGAGCTTGTTTCGCGGCTCGTTGCGCGCAAATATCTCTGTAGGTAAGTGCGGCTTTTGCCTTGACGGAAGGCGAGGATCCCCATTAGCAAACTGGCACCACACATTTCGCTCGACTGGCAGGCTCATTGATATATTCACACAATCTTAGGCTCTAAATGCCCGGGCTCCCGACCGACAGATGTGCTGTCGTATATCCTGCTGGTTAGGGTCTGGAGTATAATGTGGATTTGTCAACGCTGTGTGAAGCATATAGTCCTTTTCAGTTGCGCAACTATAGGGATGCGTTAATATCTCCATGACTGATAAATCTGCATACGGGTAAATATTGCACCCTTCTTTCAGGGGGATGAGGTTATGGGTGAAGGCTTGGATGGTCTCGCAGGCTTGAAAAAAGGCGTGTGATTAGTTCAGGGACTTAGCCTGGACACCGAACATTACACCTGGCGTTCTGACAGGTTCACCTTCGTGGCTCTTGCAAATATTACAATGACCCAAAGGTATTCTGCGCCTCCCTGGGTCTTCGCTTTGTACGTGTGGGGGCAGCATTGACTGCGACATTGTTCTTTAGAGCCCCTCTAAGGTGGGGCCATCTTTAAACACGCATATCAGGTACCGTGCGCAAAGAAGAACACTGGACAATTACATACTTTATACGACGCCTCGCAGGCGGAGTGCCGTGCCATCACGGCGTGAATCAGGGTCGCTAACTACCGATCCGTACAAGAGTTATGATTATAGATACCTCAGAAATCCATTGTCAGTTGTGAACTTTAGACATGTTAGTTCAGACTCCGTGCTCATTAACGCATAAAGCTCCGAACGGGTCTATGACTATTGCTTGAGGATAAGTCGGCTTGTGTACCTGAGTCTGAAGAATATGAGCTTGGAAGCCCCGCTGTCGTGGGGTAAAATGCGGAGTAAGAGCTGGTACAGCGGGCGTGGTGGCTAGATCTCGCCGGATGCTCCCATAAAAAGGCACCAGTGCTTTTACTAGCTACTATAAGGAAAGGTCGCGCTGGATACGCAACCCCGTCGTTCGCCTTAGCGATGCCAAGGACGTTACGAATTGTACATGGGTGTATCCAAATTATGTTGTCAAACCTGCGCAACACGTGGCCAAGTTGATCCACAAGGACAGGGACATAGGCTATCGCCACGGCTAGTAGAGTCTAATGAAGGCATGCTTCTCCCCGACTTCTTAAAACACGCCGACAGAGGCGCCCTGATTGGATAATAAATTACGTTGTTTGAGATCTATAGTTCGTATGCAACCTTCAACTT,1349,48.85,Caenorhabditis elegans
SEQ_826405,TGGTCAGTATCTCAGCGGAGGGGGAAAAAATTTTGCCTTGATGCACTTGGGACTCTAGTTGCTCTGCCTAGCTGCTCCTAGATCGACTCCAGCATTCCAGGTCGGGAATTTAAAAACCCAATCTTCCTTTTCAGGGCATGCCGTATTTTAGCCAGGGTTCCTGTGCTCCACGGTTGAGTTAGGAGACAGAAGCGGTCGCATAGATCTTGCGTCTCATTTTCCAGTGGATATCCCACAATCGATGTTACCGCGAGAGGGGGTTGGTCGCTCTCCCTCTACGGAGTCCATCACCACAGGAGAATGTGTGACATGCTTAGTTCGACTATGGCTTATTTTCTAGATACCTAACCGATCTGTAGGCCTGATGTCGCCCGGCCCGTTTAGTCCACCCGTGGTACCAGAGGGTGGGTTTTTATGACTGATTCTGATAAGCGAAATATATGCTAGGCCCCGACGGAGTAGCAAAGGACCCTAACAACACTATGTTGAGCGGGAGAAAGATGAGAACAGGATAACTCCAGTTTGGATGACAGCGCTTCAACAGCGGCCTCGGATCACGCAGGAAACTTGGAGGTGCGAGCGTACAAATTTTACGTACCAGACCACAGACAAGGGCGCGCCTGGACAGGGCCTATTGGCTAATGAACAAAGAATCAACAATGACTTATTTTAAAGTTAATGTCTTTGTCTAGTCTGCCACCACGCGATAGGTCGCTGACCCTCGACCGTCAGATAAAGTGGCACGGGATAAACGGGGAGGTCGGGGCTTTTTACCACATCCTGAGAAATGGTACGTGACCATGAGCCTGAAAATGAACCTGATACCCTTATGGCCTTACACAGTAGCGTGTGGAACGCTTCTTAGTCCAAGTGTAAACAAACGCATGCCGAGAGCAATCGAATCAATGCCCTATTGCACGCTTAACTTTCAACTAATTTGAGCCATGCGCAAAAATGTGTGCTACTGTCGCCCTAGCTAAGGGTCGTTACTTGCTAACTTACATATAAGCGTGTGCTGTTACAACAGTTGAGGCAGTCTCCTCTCTTTAAGAGTATTTGTACAGATTAGGGTCCATATCCTGCTGGTCAACAGTTCTAGCCAAGTCCCACCGTCCAAAAAGTCGCATTACTCTGGCCACCGGATCTCGCGTCGAAACACCGATGCCGCCGGGTACGCGAATTCGCAAGAGCGCTACCGTGCTTGTGTGCGTATGTTATATGAGGGTGCTCGCCCGAATTGTATCCAGCATTATGCACTTACTGGCTTGTTCTTCCGAGAACGCATGCGCGTTCCTAGTTCTTGATAACTCTAGCATTCCACTGCTAATTCCAATGCCACGTCTAGAAGTGGACGCACCGGGAGATAACCACCCAGCACCTGGCTCTGTGCCTTCCGACTATTCTCCTCGTTTGTTGCATTCAGGGTGTCAGAGCGGACGTGCACCGTTTATTTCAACAGTACACGGACCCCCGATAGGTGTACGCGTCATGGCCGAAGGTATTTATTGACGCTATACAGTACTTCACGCATCACAGTGTATTTTGAATCGCGTCCAACTCGGGTTGCGGACTTGCCACGATCCCTTATTGCTCTGATCTGTGAAAATCTCATCCGGGGGTCTTTGCTGCTCCTGTGGTAACATCCCTGACCAACAGTAGTGTATGCGTGTGATTTGAGAGATTTTTTTTGGCCGCCACACACGCGAACGACCGGGCACGCCGAGTCCAGAAATCCATGCTGCCCCCCCAGAATGATTAAGGTTCATACCATTCGCTTAGCCAGGTAATCTTGCAGTCGC,1799,49.92,Homo sapiens
SEQ_370316,CCCGGACACGGAATGAGTGTAACCCATATCGGGCCAACCAATAGCTGACACACGACCGATGGCTGTTTGTCCGATCTATATTTATAACGCCATCAATTAAAGTTTTTACCACGACTTGATCAACAGAAAATCGGTCTGACTCCCGTCGTGTTTTATGCTGGCTCGTCTTCTCCTGTGTCTCTGCATAGTTGCCGTGTGAGGACTGTTTACGAGCCATAAAAACTCATGCTCAACCGCAGGTTTAACGTTGTATGCAGGAACATTACGCCACAACTAGTGTACTGTTTCTCAAGCATTTCCCCGCGCGGGCCTGCGGCATGTTCGAGTAGCAAGTGTCTTATAACGCCAGGCCTTCTCAGAGAAGTTGTGACGCTCATATCGACCTTTGACCTCTATTTCTTTTCGTATCTAAATAGATAGTGCCTTCTCCAATCACGCTAGCGCCTCGCCTCGTTCTCGTGTTGCGACTCATTCGAGATTGAGCTTTCCGTACGCGTGGCTCAGCCTGACGGTAGCCCTATCCGCTCACCTTGGCAAGGCCTTCTATTGAAAACGCGGCCGGCGGTTGTCTCCAGTGCCATCCTGACTCATGTCATGTACAGGACATTACTCTAGAATCTGCCCTTTCAATCGCGGTCACAGTTATACGGATTGGTTTATCCTACTCGGATGATTACCGCACCAGGGATATTCCCAGACATGCTCGTAGCACGTAGACCTCCATAATGATATGCTGGGAGTAATGTTGTATGATTCGGGAGCCTTACAAGATCAAGATTCAGAGGTCTACAAATCACGAAGAAAGTTGACCTCCCTTGTCTGGCATCTTGTGCAACGGTGGTGTGTAGTACAACAACAACTTTTCTCCCAGTGCTGACTCCTATAATTGAACTAATTCCCAGCGAGGCAGATCTACCGGCCGGCCTATTTGTCGCGCCGGAACTACTATTAATATCGTAAATTAGTTCGTTCAGTAGACAGAAGCAAGGAAGACGGGCGTAGGTGAAGAATACACTATCAGACCTTCTTTTAGAGCCAAGCAGCGGCGTTAGTCGAACGTTACAATATGTTCAGTGAAACATTGAAAGAGTCCCAGACAACACGGAATCAGCGAGTGATCCGGGCAGGGTCGTGTTCATTAGCGTGGCATAACACTAAATTCAGGTATCGGCCCACCATCTGGTTCCAGGCTCGACATTGCGTAGTTCATTACTCCCTACGGAATCGACCGTTTCTATCTACTGTGGGCGGATTCTAGA,1259,48.21,Caenorhabditis elegans
SEQ_143591,TTTGTTTATTAAACAGAGAGGGGGCTTACCTGAGGGTGCACCGCGACCCCCCTCCGGCACCTACAGACCGTGTAAGCGTCCGTTCGCACCATTGTCACTACGAAGGATCGATCTGCAGAGTCGCTTTTGCGTTACTGACTCGTCTCCGTACAGATTTGTCTGTCGGGGGCCCCCTACCCGACCGGTGACGTTACATGTTACCGGTGACTGGGAGAGCCCTAGGTGGCGTTGGCGAGAGCCACTCCACGAGGAAGACGTTTTGGGTAGACGGACCTAAGCACTGTAGGATTTGGGGTTGGATACAGGCTTTAGCCAATCATCGTTTACGTTTTGGGCGGTATGGGTGTCGGGGTGACTAATCAAGCGAGAGAGGTAGGCACCAGCACAATGTGGCAGCGGTGGATATTACCATATACAAGGATCCCCGGTGTCCTTTTATCTAGTGTCCGGAACGGTCGAATGTTGGCGAGGAGAACGGTTTCACCAAAGCTCTTGAGTAATTCATCTGTGCAATGAGGTCCCTCCCGTGGACGCGTGCCCGACAATCCGAACCCAACATGTTCAACTCTTTTAAGGGCGTTCGGTTCATTTGGTTTAGTCCCCGCAAAGTCCGAGCCTGGGCAGAGTGAGCTGTTCGTACCGTACCGGTGAGAAGGTAAGCAAATAATACAGACAACACTGTACTAGGACTTGGGCCCCCCAGCCATCTCGAACCGATATCGTTGAAGAAAGGGAACTGGGAGACACTCGTGATCGTTGTACCATTAGTTGGCTTACGCTAAAACCTACCGGCTACGATATAAGCAGACCTATTCTTGCACTTAAAGGCTTGATTGTCTGTCACCTGGGAGAAGAGGTACATTTTATAACACGCACAATGCGCGCTAGATATACTAGCCAGCGGGACCACTGTTTATGAACGCGCTTCCCGCTGTAGCACAGGATTACCCGCGGAAGTTTTTACTAAGCGGAGATCATTGCAGTTCAGCAGGGTCCTGGC,1000,52.2,Saccharomyces cerevisiae
SEQ_148856,AGACGTTACTGAGACTTAGCTTCGTTCAAAATTTACCGCGAAAAACGCCCGTTGCGGAACGACAACCCATATGACCCTGTTGTCAATTTCTCATCCGACTAATAGGTGTCCATGAGATGGCGAGTATCTTGCCGTGAGCCGGAAAACCGACTAAGGCACTGGCACAACATTCGAAGGTATGGCTTATCCCGTCCCGAGCGCAGGCGTAATGCGGGCTAAAACCCTTGAGAGCGTTGGAGGTGCCCTTCCTATATAAGTTGCAACATTTTGGGATCGATATAGAACCCCATTCCGTTTCTCGCTTTTTGCTTTATTTATATGATTGCAGGTTGTACTGGCAACCCCTGCTAAAAACCACAGGTGGAGGCTTACCCGAGCAAGCGAATTACAAGGAGTTTTGGTGTGCTATTTTATATTAAAGGCGATGGGGGAGGGAATCGGTGGCCGACGCAGAGCTTAGTTCGGCCCCCAGGCCTCAGGGCACTGAAGTGTTCGTCAACGATCTACTTCTTAAGTTACCGGTGTGCTTCGTCGGATCGTACCTGGTGTTAGAATGCGCACCCCCTAACTTCATACAGATCCCCGTACCGCCCGCGCTTAACCGATCGACGTACTATGTGGCAACAGGAGGCTAAAGGGTAAGCCATGCAGGCGTCAAATCAATTCGGATTGGTTGATCACGGTGGTGATAAGTTGAGCCTGCCCAGTGACGAACGTTTTCTCAAAGTAGGTGGAATACCGACTAAGAAAGGCCTGGCTCTACGGCCAGACTGCATAACAGGATCTATCCTTATAATAGGCTACGTTTCCGGTCTTGTTCGAACGTCGTTGTGTTAGTACGCACGTAGTTAATGGATTACAATATAGTTCACTTAGCAGCAGCGGGGTGGCTTCCGGTACGAGATGCTATGGGTAACCATGAGGAGATCCGTTAAGTGCGGCCATAGCCTTTCACCTAATGTCTACGGTTGTAGGTCATGGCCGCAAGCTAGAGGCCCACATACTCAAATTCCCACGATCTCGTCAACAGACGGTACCAATCCGTGCCGATACGTGTCCAAATAGAGCTCGGGGCCAAACGACTGTGGAACCTTAACCTATCACTAGCCTTCACAGGCATAAAAAGATTATAGATGACACATGTTACCGCGTAGTACTAGCATATTGACATGTTACATAAGAACACCCAGGCGCAGCGGTCGCACGTCAACTCTGATTTAATGCCAGGCAAGATCACATCCATTGGCCGTCATACATACAGGCGTTGAATTAGGATTAGCTGAGCAAGGTATAAGTACGCAAGTGACTAATTCGTACCGATTCCAAATGATGCGTACGTCCAATTGATCAGTGAAATCCTGTATCGTTGGTATAACCACTTCGCG,1385,48.66,Escherichia coli
SEQ_444148,TTTTGCGGGCAGCTCCTTCATTGAATGACTCCCGGATTGGTGTCTCAGAAGGCTCTACCCCGTATTACCCATATGCCTGCAGTGACGTATTCACCCATAGGCCAGGACTAACTTACCTTGTGTTTTGTATTCGGTGCCTCTACTGAACCTCTACCCAATGCCGAGTAGCGGTGTTTTGTGACAGACTCACGAGGCAGAGATGGCCGTCGAGCAGTTTCGACGATTAGCCCGGTATCTGCATGACGTTGGACGTGCTAAAAGAACCTCCTGGGAATGCATCCCGTGGATAATTATGGGTTCAGGACGCTCAAACTGGCGCAATGGGAAGCCGGACAGTCCTTCGCAAGAATGATTCCTTATGGGCTGGGATGTCAAGGTTTTTAACTCGCAGGACCATCAACATACCTTATAGAGATGAGAGTTTGCACTGCAAAGCCTCCCACGGTAGTACAGAGATTCTTAAATTATTCGCAGAGCCTTTCCATCTGCGGGCCGGACCAGGGATAGGAGCGGGATTGCGGTGCTGCAGAAAGCAATAAAAGACTCACTATGCTCCCATTTGGTGTTACTGATGCATCAGCGAGAGCCCCACCTATCCCAGCTAGATTTATCTGTGAAAAAAGATGGCTGGAGCGATGAAACGGGGGCCTTCCGTACAAGGCATATCTAGATCCACTAAGATAGAAGCCAGGGCCCCGAGATTCCCTGTGCAGTAGCGTGACCGGTCACACCCACAGTTTGCGGCTCAGCCAGACTTCTCACGACGATGGGAACATTCCCGTGATCTAGATAAACTTTCGCCTGCACGAGTTTGTGCACATCCGCGGTGTATTTAAATTATAACCTCAATCGCGACTGAGCTTTCCCTCGCTGAATGAGTATTAGTCGGCTCATCAGAGCGTAACCTGAAATAAAGTTAGTACGGCCATATGGGAAATGATCTGTCCAGGTCAGGATTAGCGGAACTGCGTTCATTTGAAGGCTAGGGAGGAGTCCACGCTTTCTCAAATGCGCTCCTCGAGACGTCCAGGCCTGGGTTGAACGTCGAACTAAGAGGGACCCAGTGGGCTCGTACCAGCGGGGCATTGTGTTGAGGACCGTCTCTCAACGCCGAAGATTCCCTAAGAGTATGCCACTGCCAACGATGGAGTTATGTGGTCAGGTGCTGACGGTTATTCCGGACCTCGGCTGGCACCGAGTAACACCAAGGAATTGACCTTACAAACTTAACCCTATCTGGACCTGCCTGCCTCAGGCCAAAAGTGAAAAAAGGCCTACAGGTAGGTCATTAGTCTTGAGACACTAGTGTCGTTCTCACTCCTTGCGTACCTACCTGCACCATAGAGCTCCTACCTGCAATACAATCGTTCCGATTCCTTTCACAAGAACTGGGTCGTGGCGCAGAACGGTAAGTTATGCGTAATGATAGTCAGCACACGTGCCAAGGTAGCTGGAGGGAGTCGGTATGGACGTGGTCCTCACGGAGTGTGTCAGCTTTGTTCCCACCGGGAGCGTCTGCAAAGCAATCAAGCGCGTAGGAATGCGTGGACCCGTAGTCTGTATCTATGCACTCAACGGTATCGTAAACAGCAGCTAACGCCCACAGCCAGCGGGCTATTACCGGATACTGCCGCGTTAGCCCCTTATTAGTGAACAGATCGGGGTCCTGACCTATCTCGGAAGGGGACGTCCTAAATCGTTTTAGCGCCATGTTTCAACTAGCGTGCTACTCAGCTAATTAAACTGACCTTGTTATCCGACTAGCGTCAGAGACCTTAGTAATTCGGCCCCTCTCGTAATAAAAAATCCATTAATGTGACGATGCTTGGGCGTTAGTCGATATGGTTCAATGCGT,1855,50.84,Drosophila melanogaster
SEQ_392823,ATCGCTACTCAACGAAGCAAGCAGAGTGACCCTGCAAGACACGTTAAAGGATGCTTAGAGGTGGAGAGATATCGTGTAGATGTGGTCGTCGAAGGCTAGAGGTAGACGTCAGCATTTTGCGAGACATATCACATGAAAACAAAAATTACCTCTAAGTCCTGAACCTCCCTTTTATGAGTCCCCCGAGAATTGGCTGCTAACACACCCGCGACTTTCACCGAACCAAGTGCCCACAGATCAAATCAGGAGCGTCTGCGTAATTGAGGACAACCACCAACGAACCCGAACCGCCGTCTGCGTGGAATTTAGCGAAATGAGAGATGATGGTCCTTGCACGTATCCGCGAGCATGTTCATATTCCAAGCAGTGATGCCCCTTCGACTAATCTACCTCCTCCAGACGCGACGCGGTGCTTACCTAGACATGCATGGCATGCATAAGAACCCCACATGTTGAAGGTGTGGCGATGCGTCCGCCGGCCCCGCCATAATTGGTCAAATTGTATACCGGAGGCAATTGATTTATGCGTCCAGTGAGGTATATAGATAGCAGGAATCATTATGTTCTTTTTATCATCGACTATGGGATCACACACCTTATGATTTTTATGCTCGTAGCATAAGCGTGGGTCCGTAAAACCAACGGTGCAACTCAACACTAATATTTCGTGCCCCGTTTTCGGGGGTGAGACTTTCTGTCCCGCCGTATAGCGTCGAATGACCTTCGGGGGTGACAACGCGTCTGCCCGGGCGTAACTCGCGGGCCGATGCGCTTTAGTATATAGTAGAGGGATCAGCCATGCGCTCCAATAGAATGTCGTCTGAAGGATTTCGGTTTCGGTCGTTGGAGCTCCCCGTCTCTACTGCGCAACCTTTGCCTCTTTAACGTTGAGGGCCATGCAACTAGCTGGTCTCCCCAGGACTCGTTAAACCCGTTCTACTCATAAACGTCTCTTGGGGATCATGGATCGAGGGGCTTGAATAGGACCTCCGCGTGGCAGAATTGTTCAGGGGTGTGAACGAGAAAGACTGTAATTGAGGCCCGGCGTAGTTAGGTACGAGTGTAAGGTTTCAACTCTGATTTGAAATGCACTTAAGTTCAACGCGCAAGCCAGCTAATTCCGGACCACATAATCGATGCAAGAGTGACTTCCTAGGCAGCTCGTCTTATTTCGAACAACAGACACCAGTCAGCTGTGCATCTACCGGGCTTTGTAGGACTCGGGACGTATATGCATATACTGTATAATCCCATGTCTTGATCTTCGCGAATCTTTTAGGGGGCGACTAATCTGCCAGAGCGTCCCAACACGTTATACTAGAAATACCTCATTTCAGGAGAATCAGCGCTCTCAGGCACGTCTTTAGACTCATAACCCAGTTAGACTGTTAAGTTGCATCCCACGGCCAGCAGTGGGGGCCGGTCCACCACGTTTCGACTCCATTCATGTTGTACGCTATCTACTGTGATACAGGGGATCAAAGTTGCCAAATGCGGCGATGTCGAACTATTGTCTCGTCCTATTGGAACGCACAGCGCCCCGCTCACAGTGACCTAGGATACGCAAAACTAGTGTAGGGCCGAAAGACCAGCATTCCGGGGTCAGACCAGGTGACCAACTGCTACACCTCTGGCCGGTGGGTAACGATGAACACCGGTCGCCATAAAATGCCTGGAACCTCGGATTTTCCGCCTAACACGGGGACCACGTGAGACCTCTCACAGCGCTAGATCCTAGAGGT,1742,50.63,Caenorhabditis elegans
SEQ_981669,TAGAATCCATTCCTTTCAGAGGAGAAAGAATTTTTAACGGCGTACACGCCATTACATCGACCTGGCGGTTTACCATTATCGGGGAATACACCGCCTCGAAAGGGTGTATCCGGTACCGCCATCACTGGTTGATCTTTGTAACCTCGTCTAACGACCAAAAACTGCAGGGGTCACTCCTGAAAGGTGCGGTGGGACATGGGAACCGTTCCAATGTTGATTTTACACTTGTACAGACT,236,47.88,Escherichia coli
SEQ_369579,AGTCATCGGCCCCCGGGAGGCAGATCTGCTAGCCTCCAGAATCCACTCTGCAATGGGCGTATAAGCCTTTTTGGTGCATTAGATGACACAGTAGATAACACATTGGTCACTTCCCTCCGCCATTGTATAGCGGTTTGACGAACGAGATAGTATACGTTATCAGTTCACATTTCTTACAGAATGCTATGTATAAGACTACTATAAAATTAACCTTAGCAGTTTCACCTGGGGGGCATTACTCTTAGTGTGGGTAGAAGTTACCTCAGTCAGGTATAGTACCTAGGGCCACCCACCACTGGGTCATAGAGAAACCCAGAAAGTATCAGGCTGTTTATTATGTAACCTGCGCCAAAAATATCCGAGAATAATTGCACGTCGCTAGTGTTACTCTGTTCACTTATGGATCCGAGGTGGTACGACCGACTCGGGAAAGACAACGTCATCTCCCCCGTCC,454,46.48,Arabidopsis thaliana
SEQ_719370,CGACTAGTTAGACCGCCGCTTTCGGTGTAGGTGTTCGCTTATGTCTAGAGTTTGGATTGCTGTAACCACACCAAGTTTCATACTGACCTGCTGCCTTAAAAGCTAAGGTGGAACATTGACGAAGTTACCCGGCGCGGGGCTCTCAGCTGGGCTTACAGCGGGAGGGCGGAGGTTATCCTCTGCAGCCTAAAACTGGCGGGTACGATCTTCTGCACTCGCATCACACCTAACAGCTTCCGTGAACTCGCCGGCACCCGAATGACCATTTGGAGTCTAGAAGGGCTGCTGTTGAACCTGTGCGGTCTCACTCCCCTCCCGCCTTACGCGAGACAACTTTTTCGGTACATACAGCGCAGAAAATATAGGAAGCGACCGACTATATCGACGACCCTCTTCGTAACAGGTGTATTGCCGATGAGATACAGCTTTCGTAACTCTCGAACGAACATATTGAACCACAGACGGGAATCACCTCCCAATCTTTGACACCGATCTTACAAACGAGGTTGACTACGTGCGGCAAG,524,51.91,Drosophila melanogaster
SEQ_542851,CGCGAAGACGTTCTTGGCTACACGCTTCGTCACCACGACATCCTGTACTATTTTGCTAGTTAAACGCTTTACATGTGAGTAGGCATGCGAATGCCAGACACAGTGTGACGTGCGGTCCTTATCACTCTCTGTTTCCTTTGTCCCGGTTCTTGTCAGGCGTGATGACCCAATGAGCACCCAGATCAGCGGGTTTTAGAGATGTCTCAGCTAAACGTCCGAGTCAATCGGGAGCGGTGGAGAAGCACCGGGTGTTCACCAGGGTACGGCGAGATTACTGCGGTGTATGTATGCGAGGTGCTGACAGTTATCTAGCTGTGGCTGGGCTTATCGTAATCCCGGCACGATCGAACGGCATGGCCCAATTCTCGGAAAGGGTATGATTGTCCGATTCCGCGAGGATTCAGCCGGGGACAGGAGTTCGAGTGACGCATCCTTTTGAGTTTATGTCCAGAACTAACTTACTGCAAGTCACCAGCCCTCACTAACCCCGCATTCCCTGTCTCCCGCGGTAAACTTAGTTATAGTAACGATGAGTGTTTCGGGTACAATGCGGTCGGACGTTATTATTTTTTCTTTAACAGTCACCGCCCATCCGATCACCATGCGGCGTGTTTGTTAATGGAGTACGACTAATTCAGCACGTTCTGTGAGTCCGTGTTATATTATACTTTTCCCTACTTCTGGCGTAGTTGACGTTCCTCCCCAGGCGGGGGAGCCTATCTAGCTACTATGCGCTCGGCTCTTATCCCTGGGGACACATGTTCCTAGCAGAATCCCGCGATAGCAACGGATTTTTTATTAAGTTAACATGGGCCCTTCGGTCTCCCTGCATCATGCTTGCTTCATAGATAATCTCTACAGTGTCTCCGAACTGGGAAACAAGTTTCACTCGCGACTAGGCTCAGACGACTAACCACTCGACTGAAGTGCCACTCGGCCGGCCGATAAGCCGTGTGGAAATGGTTATCGCCCCTTTGCTTAATCTGGTTGACGCTGCTTCTGGAAAGGTGTACGTTACTGCTACGCGAGCATATGCTCTTACGACCCTTATTTATGGTGTTCCGAAACGAGAGTCCAATTGCTTGCCCGTTTTCATTTACTACTTTGGCGGCTAACTTGACTTAGTTAAATTGGAAGAATTCATGATTAGAATTTTGCTCAGCGTGTCTCGGTACACCCATGGATCTATCTTCCCTGGCGATTCTAGCGGACGTTGGTTTTCTCTAAACACGCGCCCGGAAGCGTACATTGCAGTGCGGCGATCAGAAGTAACTTGAGAAGTCACAACATCTAATTCACACACCGCGGAGCACTGTTCGGTTGCGTGATTAAGAGAATTAAATGGCTGTGTTGTACCTACGCACCTGTTCGTAGCGCAATATCTGTATGAAGGTCAAGGGGATTTGCGTACATCACAGCACTGAGCTAGGCGTTCGTTGCCTATTCCTCCCGCGTAGCCATGATGTGTGATTAATACGTACTTCGTCTGTTTAGGGAACAACCGCGAGTGGAGGTACTAAAAGTGATGGACACCTTGTA,1539,49.38,Homo sapiens
SEQ_139990,GATTTCGGGAAAACTTGGGTGCCCAAAAATAAACAGTCACGGCCCTGTGTGCAGTACCACCTCAAGTTGTAATGATCCCCTGCAGAGGGTGACGGTCATCATAAGTATTTCGGGTTGCCGTCTGCGAACTCGGGCATTATGTGGATATTAGCACGGAAGCACGAGCGGTTCGCCGGCGTTACATACAAGAGGAACTGCCCCCGTAGGATCGGAATAATTTCGCTGAGCTCACTTTCTATTGTGACCAGTGAACAGTGCAGCATATTACGCTTGTCTCGGGGCCGCGACTAATATTGTCCATACACAGAGAGCTGTACTGCTCGTATTGATGCGAGTGGAGCTATCGACTTTGCTCGCTCGGCACCCAATTGTGCGACCATACTTCATCGTGACTCCCAAGGGTGACGATAGTTCACATGTGCGTCCGTCAGCATGTACTACCTATTGTCTTGCCCTAGCTATCGCCGCTGAGTCTGACGGCATAACTCTAAAAAAAATGGCGCAGACGGGGCTATGGTTACCCCGATTCCGAGGACTTGACGTTTTATATTAAGACTAGCAAGGCGATGCAATGGCAAGAAGGTCGTGGCGTCTCTCCAGGTGGGTTGGCACTCCCTTCTTCCAATCGTAATGGGAGTGTCTGTCCAGCGGCGGCCCGGAAAGAGGCCGGAGTTTGCTAGTACGTGACTGGCGTCATTTTCGAGCCGGCCCGGGTCAACCATTTAGGGCAAGCCCGCCTTCCTCTCTCGGTTTGCCACTACTCCGCGGAGATTCCCGCAAGAGTAAGATCTACATAACCTCTGTCACCCAAGAATTTCTCAGGATTGTAGCTACAAACGGTTAACGTGGTCAATCTGCCATCTTTTCATGCCAGCACGTCCATAACACGCACTCTTACCT,900,51.78,Arabidopsis thaliana
SEQ_920669,CAGCCCCTGTCGCCTGAAGATCGGAGTTACGTTATAGAAGATGAGGGCGCGCTCAGTTTGGGCGAAGTTGAGTCTACCCCGAAAGACATGTAGTCCAAGCGTGCTGCGGGATAGAGGTTCAATATTCACATGGGACCGCACTATGACTTCGCCAATCAAAACATGAGCACTCGCGGGTTGTAAACTGCCTTTTCACGTTTCAAAGAACCTAATAATCAGGGTCCGCGAGCTCTCATCTTCTGACGCACACGACACAGAAAGATCTCGCCTACGGAGGTTCATGCCATAATACCGGGGTATTTTAGACTTACTTGTAAATAGTTGATGGAGGCGAGCCGCAAGCGACTTTCGTGTTACGCCAGTAGACACCGTTGGTTATTATCCGGCATGTCTAGCAGGTCCAAAAGATAGTGGGGTCACTTAGGCAGGCCATGTCGTTCAGCTCTACTTATGCCGTCTCAAGGCGTTGCACCACCCCCTAGCCGCTCTTTGCGCCCGATAGGCAAAATAGCCATTCCACGAAAGAGACTGCCCCTGCTTAAGACCCCTCGAGCTAACACAGAGCGATTGGTACTGCCCGGTGTCTCCCTCGCTTTTGGGGAATCAATGGCCCATACAGCAGATCGGGACTCCACTGTGCTTACAGTGATTGCTCTCTCGGGCTGCCCCATGGTCCGCAGTCGTGGTCCTTGCGAAACTGTTGCAATCTCGGACCTCTTGTCCACGCACAGAGATCTCTAGCGACTCCGTACGAGTTGATACTCTGATGAACAATACGCCCTCTTCTTGGTCTGCGGAGGATACGAGCAAAGACTTGTTAAAAAACTGATGACCTCTCGCACCTGTACTTGTCTACTAATATAGTCCAGCCAATGCAGATGACCGTTGTCGGACGCTTCGCCTGACTCCGAACCAGGTTCGTCCCACGGGGGTTGCGCAGTCTTTGCCGCCTCAAGGCTCGTGTATTGTTGGCTCTGTAAATGGGCGTCCCTTTCCCTCAGTTGTACGGCTCGCGCGCATCTGCTTAATCTAACACCGGTTTGTCCCAAGTTCTAGCGGATATTCTGACAGAAGGCTGCACGACAGCAGCGCAGGTGGGAACCGCTGGTAGTTAAGGGTCCTGGCATTAAATCATGACAGGGGAGAACGGCTTGATTCTCTTAGAGTCCGCCTGTACAACGTCTATCATAATCCGCTCGTTGGCATCCCTTTTTAATGGTTCACGCTCGTGGCCGTTCCTGCTATGTGTATAGATACCCCAATAATTTGCAAACCCAAAATCGTATGGGAAGGCAAG,1297,51.81,Homo sapiens
SEQ_704063,AATATTCAGCGTTCATTGCTGGCTGTTTTGACACGCTGATCATCTCCATTATGCCTGTTTTTATTAAATCGTGAAACGAATCCGCTAAGAAACTTGGCCGTCGTTTCGGAGGACCGCACCCTTGAGCCCCTGGCGAATTGGACCCGCTGGTTCAGTCTCTGACGGTTTTCTTTCTCAGCGCTATACATTTGAAAGGCACGATTATCGGGCGATCGCCCGCCCTATCATGACCAACGACTCTGCGCACCGTCTTGTACCTGCACACCAACCTTCAATATAGACATCGACTTTTGCTTCGATGGGGCGTCCGTTACCTCAGCTAGCTGCTCGACATATACTCACGGGACCAACTTTCGCCGATACGCGGGCCCAATAAATTCCCATAAGGGAAGCTCGTGTTCCCGTATATGACGTAGCGCCGCCTAGGATTCTTTAAATCGAGAAACAGCTGCTCCTGTGTATCCCGATTTATTAATATGAAGAGTTTGGGAGAGAGGGACCTTTAGCTGAATGTGAATGTCATTTCGCAATGGTGTGTGCCGGAGGATTCTTTCGCGAGGGGGACCTGAACCAAAGATATTGTGCCGATACCAGGTCCAAAGGAGTTGACCCTCAAGATGAAATTATCATGTATTGTACTAATGCGCAGTTGTATTAAGGTAACGTCCGTCCG,673,48.59,Mus musculus
SEQ_523366,AACGTGGCGCAGTTAACAATAGCAGCGCGATCCTGTCTACTGGAACAGACGGTGTGTACGCAACAGCCGGAATACTGTCATATGTTATTTCACCAGAACACTCGTTGGCCGTTCTTATCGTTCTGTTGTAGTGCCCTACGGAAGATAGGAAGTAAACACTGCCCCCAACAGGATCTCTCGATCAGCTCCCCGTGCTCCGGCTAAC,205,51.22,Escherichia coli
SEQ_744960,CGCCAAGTTAACTCATAAACACTCAGACCATGAGTCATACTACGGAAACGCGACCGAGAAGTTATGTTTAATTGTCTGATGTACCTTGAGGTTCCCGATCAACGTGTAACTCATCACTGGTCTGTGGGAGTTAATTCGCGTGGGTACCGGTAGGCAACATAGCACAAGGCAAAAACGTTGTAGCCGTATCAGGATTGC,198,46.46,Homo sapiens
SEQ_622472,CGTCACCCGTTCGGTCAAGGCTGAACATCCGTCGTCCGGAAGGTTCTTCTTCGCATGTATCGCCTCTCTGCATTAAGCCTTTATAAAAGTTGTTGTATGCCCCGATCAATGTACAGCCAGGAAGACTCACAGTCGCGGTTCGCGGCC,147,53.06,Drosophila melanogaster
SEQ_809567,AGGCTTTTTGTATGCTCTCAAAAGGGTAAGCCTCGCGTAATACCAATGCCGAAACTAGAAGTTGTGTCTACCGGCTTTATGGTTTCTCGATACGTGGCTCTGAATGCTAGGTTTGTTGCTTCATCGCTTCTAAGGATGTTGATTCCTTAATTCTATTGTTGCGTTTCTGACCAGACAAAACAAGAATTCGACTATTACGACCGTCAAGAAGAAGTTCAAATTTCGAGGTCTATGCCTGAACGGCTAGCTGCGTTCAAGATGGTGAACTGTGGCTTTTTAGCGACTGAATGGCCTCCGAGCCCTTGAAACAGGATGGTAGCGCAAGAAATGTTTATGTCTGCAAGCATGATTTTCCCATACGTAACTTATGCGCAGGGTCTGGCGTCTACCACTGACACCTATAGAGAAAATTGTAAGCACTTGTGCCAAAAGCTCTTGTTTCGTCGTATTCTTTGAAATCAGAACCATCATGTGAATTATCAAAGCAGGATGCTAAATACAAGGTAAGGTTAAAGATTAGGCATGTAAGCCTCCCCTTCATGCACTAGGCGCCTCTTGCCGGCGCGTGCGTCACTCTGGTTACCCTCAGACCACCACGACTCGGCGGGTGCCTCGACCAACGCCATGCCCAACTGTAATACTGATTGACCAACATCTGACAGTACGCGACAAGGCTAAACTTACCGCCGCACGTACGAGTAAGCAATGTATAAGTTCTCTACGGGGTTGTCTTTGCACACTCTGGGAGCCGCGAGCAAGTAATTCCCGAGGAATTAATGACCCCCGTATAATATACAAGCCCTCCTCGAGG,811,46.86,Mus musculus
SEQ_672258,GTTTTTGTTCAAAGTAACGATGGCGGGGTCCCAGCAGCCTGAAGGGAACAATCACGCCATGTTGTCGATAGCGATTCCTGAAGGCCTGATGATTCGCGATCTTAATGATATCATTAATCTAGCGCGGTTTTATATCAATCCACGCGCCCATATTGGAGCCTCACCCCAACTGGATCACTCCTGAGTCAGCACATCTGTCGCGAGATCTGCTCATTGCTGGCGTTTACAGTGTGACGCCCTTCCGCGTGCCATGTATGTGCATTAACTCTCTAGGTGGCCCACCGTCTAGACGATGAGTGACATGTCCGCTTACATGCGTGGGAACGATTGCGATTCTCTTCTGTTCCAGCCGGCGAAGCATTCATGCACAATCGCTGGTCGATCAGCCAGACTTAGTGATTAGAACCTGTATCTAACTCTTAGCCGTTTCGGATATACGCACGCTTCGGCGATTCACGTAACCATGTGCCGTCCCAAATATTTGGATTCCTAGCTAGTAGTGACTTTCGTGTGAGTGTGGTGGAAACTCAAAGAGTTTGGGTATATCTGGGTATCCTACGCGCGAGATCACTCCTTTTATCCTTAAGTCGAAGCCTAGTC,600,49.33,Escherichia coli
SEQ_849845,AAACGCAGGGCCCAGCCCGCCGACATGCATACCATTCCGTACGCGACTTCCACCTTCTTGCCCTGGCAAACTGGACTTAGACGAGTCTCGTTGCCCCACCTTACACTGTCGGAGACCAGTCTTAATTTTCTTAAAAGGATTGGAATTCAGGAGTAAAAGAATACCACCTCATGAGGAGATGACTACCGTTATGATTGCGTACCAAAGTCAGTTTTCTCTCGTACAAGCCCCAAGCCTGTCTAGTCTTGTTTGATTAAGTGCAGAGTGCTGATCGGGGAGCACCACTCGCTAACCGAGCCAAGTAAGACTCTGCCAATACGAGTTGGGCGGTCATAGAGACGTAATGTTTGAAATCAACACGTCAGCATTTATCCCAGACGAGACTTTTGTTATAACTTGCACAGATAGAAACAGACAGTTACGGATACGTTGCTTACGCATTGAGAGCAAACCGCCCTACCCTGTTAACGCCCCAGGCTATCGGCCACCGAAGTCGACCGAAACTAATTGCAGTGCGCTGTCCCACGCTGTGAGACGAAAAGGTTCTTTCGTCGTCCAGCGGTCGTGCTCACCAGGCGTCCGTGAGTATGCGTCTTCTTGTCGGAGTCTGCGAGCCCCAGGCCCTTAATGTTGTGTCCCCATCGAGCCTGGGGTTACCCTTGTTTCGGTAATCTCAAGACCAAGTAATGGCCGCTAGCAACTAGCATAGTACAAGAGGTTCCGAAGAACCCACTTCCAACACCGCGGTTATCCCGTTGGGTAGCCTGAAGAAGTCGTGCTCGAGTTTAAGAGCTCCCATTCGTCACCGCGCTGATTCGGCATTCGGTGCCCTAGAAGTGTGGATAAAGGAGGTACCTCGGTAAT,864,51.16,Mus musculus
SEQ_503200,CCGCTTTTTTGTGGGTATACAGCCCGTCCCCATTGCTTTAGCTGTCGCTTGCGATAGCTGTAGATGAGACCATTCCAGCTCAAAAAATCATACCAACTATACCAGATGCTATTTATGTACATACGGGCGACCTCCCAAGTTTTTACGCGAAAACCAATGCAACCAAAGAGCACCCACCGGTCTCCCAGTTACATGTCTGGATATGAGAGGGACCCCAAACCTTCTACTTAAGGACAGGAGGAACCATTGCCTCCAAGCGCTTTTGCTCGCGCACGTATAAGAATTGTATCTCAGTATGAAAGAGATAAGGTTGACAGTGAGACCTTTCTGAAAATCGGACCTTCCAAAGCGATACATTCGCTGCCTTTGCTTCTAACTTAGTGAGTGTTAGGTTATAATCTCATACGCTATATGTAGTGCCTAAGGGTTCAAAACGCTACACACACCCCTACGGGGGAAAAGCTAATTTGACGTTTCAGATATAGCAATATTTCATTCGACCCCCGACACTGCAACCGGGATATCGTATAACACATGGCACTCCTTCACACGACCTGGTAAGCTATACAGCGTTCACTTCCCGCAAGCATTGCGAACAGTAAAGCATCCCCTGTAGTGTGTTCTAGAGAGACCCTCAAGCCAAATCCTGGGGAAGGACTTCTGGATGCGCGTACCGTATTGTGTTTTATTGTGAAGAGTGCTGACCAACCGACGCCTACGGGGGCTTCAAGCGCAGAAACAACTATTCATATATTTGTGGCCCCGGTATCAGCGGCCTGTCGCCCCAACCGTCTAGGTTTAACCTAGAAGATTTACAAAATTATCTCAGGTCAAGC,836,46.89,Drosophila melanogaster
SEQ_699315,TGGAGCCCTAAGGGCATCCCTGACTTCGTCTTTGCATTGCAGGCTGCGAGAGGGATCTGCGTTCCACCGTATAGGTTGTACGGGTCCGCTTCACTCGAGGACGAAAGGGTCCGTAGGCTGCTCGATGCCGAATATAGGTTGGGTTCGGCCTATGAACTTCCCCCGGGCAACGTAGCCTGAAGTCGGCCCAGAATAAGTTACACTGAACTCACAAAGCCCTTCAGCCAGTATGAGTCTTTGCCGCCATGTACGTCAGCCCCTCTCTAGAGGGCATGCATAACGTTTGTTCGTTCAATTCCCATCAACCAGAAGTGTAACTTTATTGTAATAAGACAGGCTGCTAACAGGCTGTCGTCGCCCCCGCTGAGCTTTGCAGTAACCTCCGACAACGAGAGCAGAGGCAGCCCTGGCCTATAGAACGTTGAACGTAAGTCCGCAGCAGCGCCATACAACAATTCCTCTTCAGGACGTCCCCTGCTACTGTCACACCTAGTCTCTTCCTTGATTTCCCTTTGGAAAGCCCTACATGATCCAAAGGGCCCGATCAAGGACCATTCAATATGGTCCGGCGGGCATCGACTCTGCGGATAAAGGCGTTCGGACTTCATAAGGTCCCCATGGTCCATAAAATCTATTTTCGTGTTTAGTCCCCGGGGGTGGGGTAATTTGGGCAGCGCGGGCGAACTATGACCGAGTTGTCTACCGAAATCTATTAACTCGTGTCAGGGGTTAGAGATCTACGATGTTTATCGATTGGCCCATG,763,52.42,Saccharomyces cerevisiae
SEQ_264118,GCACTAGTAGCGATGTTATAGTGGGGTTCATGCGGAACGTTCTGACCGTTCTGATTTCGGTAAAGGGAACCATTCTTACAGGACGCAGTAAACACTCATGACCAACGTACTTAACCTGTGACTGACAGATTTCATAAGCGGCCGTGCTGACTAACAGATGAACGTGCTGCGGTCGCTCAATCGGTTGCCAACGGGATTGAGTTATGTGGTGTTAGTTATTATGCGACGTTGGCTCGCGCAGAGGGGTGGGGACAGCTATGACATAAGACTCCAACAGACCCTATAGATGTTAGTCTTAGTATGGCTACGACACTGGAGCAACGATGATTGGTATTTTGAAGGACAGGCGCTGGCGAAGGAAGAAAGAACTGGCTCCAGACGTAGCTAGTCGGTAAAACGCGATTGTGAAGCACCACGTGCCAATTAATGGCTCGGCAGATGCGTCGTCTCTGCCACGACAATTTTCCACCATTAGTCGCATCCTACAGGGCTATGGCGGTATCCCAACTGAATGAGGTACTGCAATTGGGACTGGCTTATGCTCTGAGAACCGAGCCGATCGGACGAGGGTTATGAGAACGCCACCCACTGGATACAAACCCAACGCAACGGTCGTAAGGTAAAACAGACTCTCAACGCTGACTATAATCCCTCGCGGGTCGGGCGTTAAGGTAACGGTTCATTCCATCTCCGCTCGCGGCCATGGACGGAAATAAAGCTAGTACACAGGGGCGGGTTATGCATTCTCTGGCGCGGGGTGGTACATAAAGGACTCGACATGAGCGAAAACGTCAGAGTTAGTCACCAGAACGATTTTCACTTGGCGCCTTATCAGCAGTTCGGTGACGTGGGGGTCGGCTTACAACCTCCTCATTAACAGACCAATCCGCGTTTCGAGTACCTCTATCAACGGCGGCCGCTGTGGTGTCTTCGGTATCGGCTCACCATATCGTGAGTAAGACAGCGCCAGAGTTCTAAGTTAGGTCCGAAACTGTAGCGGTCGGATCTGAGTGGAGATGTATCGGTATCCATCTGGTCCGGGTGGAAGAACCCTAGCCT,1059,51.56,Homo sapiens
SEQ_127369,GCAAACGAACGTCAATCCGTGGGATTCGGCATACTGGAGACACAGGTTGATAGACGTAATAATATAGTATTCCATTAAGGCTTTCCTAATACCAAGAAGGTGCTAGCCGTGCCTTATGGCATCGGACATGTCGTACGGCAGTCCACGTAGACTGCCGGATCGGAGAGCGGGTTTGATAGGAGCCAACGACGGGAATGCGTGTGGGATCTTGCGTGAGACTATGTACCGATTCTACGACGGTACATCAAGGGAGGGTGGCAATCTGTGCCATCTTGTCGCACACTAATCAACGGGCCATTTCCAAATAGTGGGTGACACTGTCAGTGGTTGCTCAGGCACTGTACTAGGATTACACACAATCCCAGCCAACATCCCCATCTCAGCTCAAGCAACTTCACCGAAGAGCAAGAATGCAGTAATCGAGTTTCAAACTTGTATCGCGCCAGTGCATCGGGATTTACCATAGGA,468,49.79,Drosophila melanogaster
SEQ_708230,TTGGGGGGATACAGAACACGGCTGCCGTTGGAGTACTGCCCCGGTATTTCGCCACATCCTGTTGACTCCTCCCCGTGAGAAGGGTGCGCCTGACTCTAGATTGAGGTGAAATTACGGAGCAGAACGTCCCCTACGATCTTCATGGTTGGGTCACTAGAGCACATCAGGTGCAAAATATTGCATGTACGCTTGGGAGGGACACGACCGCCCAGGCAGACGCCAGGCCCTCTCATAGCTCACGAAGGGGTACCGCAAGGAGCTATTTCGCCTATTCTACTCGCTCTCGTCTTGATCCTGAGAGAACACGACATGATGTCCGGGACGCTGTTTAAGCGTACCATTGTGTAGACCGCCAGCGGAGCTTGACCGACCTCTGACCGTCACATGCCACCGGGCGTTTAATTCCGTCTAACCGATTCACAGTAGGTTCCCAATCGATACGAGAACAGTAATATCACAACACAGAGTTACCATTGAACTGGCTTTGTGCGGTTTGTCCTACGTACCAACGACAGGACTCACATTGTCACAGAGCGCGA,539,53.43,Mus musculus
SEQ_437868,AGGGAAGCCTTCTAAGTCAAGCGATTGCCAATTGGGTTTCTCGAAGTGCTCGAGCCATTCATCTAGTGACCTACTTTTTTAACCGCTTACTTAAGCTCCGCGGAGCCGTGGATAGGCGCTAGTGCGGTTCACTCTGGCTTCGCCCGGGTAGCTCCTATGGACGCACTGGACAGTCCCGCCGCCCCATTAGACAATACCTGCCGAGTCACGGTAGGATGCTTGGGGGGTTGGAGGTAGTACCGCGTGTGTTTACGAATCCGTTCCTATGGCCTTTACTTACGGTCGAGCGCGATGGGCGGTTTTCTTCACGGTTGCCGCACTTACCACGCTACTAAGACCACAGAGTGAAAGTGAAGACCGGTGTACGTATCGCTTCGTGACAATTAGCCGAGTGTATGTGCTTTGCGGTATGTCAAACCTTTCATTAAGTAAGTGCATAGCATTTGCCTTTATATACTAGTATCGGTAAGAGTGGCCCCTGCACACCAACATCCGGACGAGTCAACTCGCAAGGATTACCTAATCTGGCGCTCACGATATTATTAGATACTCCACCTATGGGGGGCCGCACAGTTTCGAGGTGATCTAAGTCACGGACCAACTTGTTTATAAGGTTCCGTCATTTCATAATCGAGTCGCGGTTTAATCACGCTTCTCCCGTGCAGCTGGCAGTGGGAACGCTAATGGAGAGTGACCCTGCGGTATAAGGCCTGAGGACTAGCGCCGTAGGACGAGAAGTCTTAAAGCGGGCATAAGCGGTATTTTGCAGCTTCCACAATAATACAGCATGCGGGTGCGTTCTTGAGATAGTTCACGTGGAACCGTGACCGTTGTCAAGTCTTACAGTGCATACCCAAGCATACTTGCTCCCCGACGCGCTGAGACGTTGGCGAACACGATGAGTGAATCCCGAACTGGTCCGCTTGCTTAGGTTAGGTCACTGAAGTATTTAGGATAGGGTGGCTAGAGGGAATGCCTATGCTCAAATAAGAGCAACTACTCTACTACGGCTATATGAGTGAAACGGCTTTCCGTGCTTTCCTTAGTGGCCGGGGTAGAGGCGCACTTTGCCAAATCATTGCCCCGATATGCTGGTGTCTGCTACCCGCTCAATGGTTCCAGTAGTCAGACGAATGAGGTGGATCCAGGTTCATCGCTGAGTGTGTTGAGTTCTGTACAACAACATAATACTTAAAGGCCGGATTTGCACTATGCTTTCGAAAACGGGAGCTAATTGGGACTCCCGCTACCCAAGAGTCGATTGTGAGGCCTT,1273,50.82,Arabidopsis thaliana
SEQ_557688,ACATCTATTAAGACACCGTCCCGGGGTCTCTTGGATCCGGTGGACGCGCCATGCGATCCATGTCTCTGTTCTCGACCCCAACTGTCTTCAACTATTTTGGTACAGTCTACTATCTCACGGACTTAATTTACAGATGTATATGAGGACGAGAGGTCTCCGACGATATAGGAGGTTCAACCGTGTAGCGTGTAGCTGCGGTTGGAAACACCTGTTTTCCCACCAGAGCCCGTTCTCCACGTGACTTGCGCCCCAGCCGCGTAGACTATGAATGTGTTCAGCCCTAATCATTTGGCGCATCCGATCCTCCTTTTATCCGTTTGTGTCGCGACCCGTGTGGGATAGGCTCGTTCCTCCGCGCACCGACGCGTTTGCGCGTATAACTGACCGACTTGGAAGAGCCGCCAAACCCCAGCCGTTTTGAGGTCGCGCAGATAATAAGACGGAATCTGAGCGGGCAAGATATGCTCGGCCAAGCTACTGTCCCACATTGCAGCATTTTTACCGCCGTCTGGAGAGCTTACTAGCAGACTTATAAATTAACACTTGACAATCGCTGATTAAGCAAGGATGCCAGATACACTCTATAGAATTGCGCGTACCGGACGTTTTTCGAGTCCATGGCTTAGTCCCTAAGCGCTTCTACGCGTATATATCGACCCAAGGTGACTCGAGCTGCGTTTATAGAACGCTAGAGCTCTGGGATGCCCTTTTAAGGAGGTCTTACTGTGGGTCACTTAAAGGTATAGTCGACGCACATCACTAGAAATAGATGGCGCACTGGAGCCAGTCTTACTTACTGGAACCACGTAAACAATCTCCGGGACAGGGGCCTGTGGTTGCGTGAACACAAAATACGGATCAGCCGCCTGTCCTAACGTTTTCTATAAAAAACAGAGCATCATACCTGGGGATTATTTTTTACTCGCAATAGACTATATCGTCCAACTTTTGTGTACAGGCTACGACTCGATCAGGGAGATAGAGACAAGGGTTTACTGAACACACACATAGCAGGCTCCCTTCGTTCGCCTTACAATAGAAGTCTAACCTCCTCCCGTATGACGACTATATATTCGACCAAAATTTGTTGTACCCACGCGTTCACGGGCTTAACTAGCGTCCCAGTGTTGTGAGTGTTGCAGCTACAGCTATCGGCTCGCAGGAGGACACCTGCGGCGCGTAGTGAATTCAAGCAAGATGTCTAGTCATCTCATAGTGAGCTCCGTGGTACGACACGAACTTGCTGCACCGCATACACTCCTGACGATACTGAGTCATATTCTTAGCTCAGTGCGGGACTTTTGTCGCCCTACGCGCCTTGCTTTTTATAAATCTCGC,1338,49.78,Arabidopsis thaliana
SEQ_749172,TCTGCGCTACCCTTACTGTTTGGTGACATAAGATCGCCTACGGGGCGGCCAACTAAACAACTGTCCACGTTGAGCCCCCGAGACTGTGGAGGGATCTGCCCTATTGATCGACGAACGTGTGCGTTTGCTGACACTAAACTAACCCATCAGGTTCTGCGATTGGACTTGTAATGCGGTTAGAGGGCCCCCAGACGTCTCCAAGGGAAAGCTCCTACTAGTACATTGTGAGTGAAGATGGACCCACGCGCTACGAGGTCACCGAACTGGGAGCCCCATTACGCGGCTTGTGCGATATTATGGCGCAGTCGTACACCGGCCTAAGTAACAAAATTGTTTACTCGATGCGCCCCAGTTACGAAGTGTACCTTACAGACTACGGTCTACGTGTGACAATTAGATGCCCAACTAATTCGCTAGCTTGAATTCACGCTACGACTGCAGCTACCAAAAGTATCGACACGAGTACAGCAATAGCGGAGCCATTGTAGGATGGTGCCTGTCGATGCACATGAGCTATACAAACCCTAAGTTCGCCCGGGGAGATGTCTTTGCTCTTGATAGCTCAATGTGTTACCAACGCAGGTAGCTAAGTTCAGAAGAACAGTCGGATCTTAGGTCATTAGCGCACCAATAAGGTGCTGGATGCTCTATTTCCGTGTGGGTACGCGCCGTTGGGGTAAAGATGTAATTGTGGTATGCCCACCCTGTCTGGTTTTATC,719,50.63,Caenorhabditis elegans
SEQ_415311,ATACGTGCATGGCGTGGATTTCCCGCGGACGCAATGACGTACCGCTTGTTAGCTGTATTATATAGTTCGCGGGTCCAACTATAGCATCCTTTTGAGCCTATAGACGTACCGTCAAGGTTGATAGTGGTTAATACTGCTTATGCAAAACGATGTATCTCGGATTATAATAATTACGACCAGCTCGGGGAGAAGTGCTGACCGGACCGACTCACCGACCCCTACAGTCCCAGGAAGCCTAAAATTCATCCGGGAGAGAGGTAGCTACAGCCAATTGGATAGACTTTCCGGTTCTTGCTAACGGACAGTCCATCCGGCGTTGTTAGAGCTTGACTTCAGATCCTAGGAGAACATTGTCCGGGGACTCACCGGTGTCGCCTGGCTCTTGAGCAATACAGAGCACGATTGCCCCGCCCGCGGTAACTCGAGATTTAGAACCATAAATCTCGCTACATTCCCACGAGGGGAAATTCATTCGGGCGTATGACAGAGAAGCGTGCAACCCAGGAACCCGTCTGATCCACCATTAATATAGGACGTTGCGCGCTTACAGGCCCAATCACAAAGGACCTGAACACGAGACGTAATTATACGCAGGCGCCTATGATAGTTTAAGTTGCCTCCTACAAGTCACGCACAGGATCCGTGCACTTAATTTCTACAGCTACGATGTCCCACATCACCGTCAGTAGGCCTGGTGAGACAACGTTTGTTAGCTGGGTCGCGCCTGTTGGGGCTATATGCGACGCTTACACTCAAAAACACAGACTTACAAGAGCTTAGGGATCGGCTGGCACGTCTCTCATCCATATTATAAGTCTCCCGGGTTTGTGTTGCACCAGGGAAACTAACTGACAGCAGCGCATTTATTAGTCAATAGGGTCGCGCGGTTATAATACCGGCTAGAAGATCATGCATGGTAACATAGTGTATGTTGCTTGAGAAGATTAATATGCCATAATTGACGGTTGGCCCCAGTGGCCCAACAGGCTGACACTCCCACCACAATAAAATTGGGTTAAGACTGGACAGTAATAACGCGAAGCCCATGAGCAGAATCTGCACCTTTAGCGCACCACGATTCGGATGTAGGCGTGAATCGCGTATGGAAGGCCACCCAAAACGAAGTCTATGTCCAAGCCTGTGGTACATCGAAGTACCGTTGTACGTCTAGCTAGTGCGTCTGGGTTAACAACCCTGTCGGTGCACGACCGCTTGCCGCACAACTAACATCAAAGCCTACCTACCGCACCCAAGACATACTCCATTGACGACAGTGACGCAGCGGGATACTCAGAGTCTGCTGCGCTAAACCTTATCTGACCGCGTCAATGTCAAAACGGTAGCTCGTTGTGTTAGCGGCGAAGGACAAGCGCGCAACAACTGGTAGCTCTAAGTGATTTGGTCCCCCACGGGGTCGATTTATAGTTGATTCAGATAAACGGCGAAACTCAAGCTGCTGCGTGGCCGCAGTTAAATGGATAAACGTCAGGTGTTAGACCCCGTGGACAGGCGCGGGAACCTTCTCCCGGCAAGGCAATGTATTCGGAGATGTGGCGCACCGGCTATAATAAA,1572,50.45,Arabidopsis thaliana
SEQ_277619,GGCTTAGGCCAAGACGCGAGGGTCTACGTCCTTGGACGGACTCACACTAGAGTTTATGTAATGCCACTGAGCCGGACACTTGCAGCGAAAACGTCAACTTGCTGTGTCCGAACTGTGGGTAACACCTTTACAAGACCGTCGACGTCCTCCAGTCGCAGGTTGACTGCCGTCCTCCGTACTAAGTAACGCGGGTCGGTAGAGCACGCGCGAGCCCAATTCGACTACGGTTCGTATCCGTTGTAGTGATACGCTCGATTGTCTTCTATTCTTACTGGAGGCACTACTACTTCTTTGGGGTCTCGTGTCCAATCCTAGTAGAAGGCCGGATTCAGGTCCAGGCTGTATATTTGTGGACGAACTCCACGATGAGCCCTTGCTCCCATAATGAACAGCCTGAATGAAGTATACACTGCTCGTTGAATGCAATTATGTACCTATGGCGACTTTGCTGACTAACAGGCGTACTCGTTACCCTAGAACAAGCAATTGGTTCATATACGGGAGTTAAGCTTTCAAACAGCCCAACAAGGCGCTGGCGCTCACGGACGTGTAAGCTAATACGAGTTTGACTTCGTCGTATCTGTGGCGGATTCACTATGTGCGCAAGCTGGGAGGTTGACAATGGGACTTGTCTAGATAGTAACGTAGTTGGAATAAATCTCTTGGGTTCTTATAGGCTGAGGTCGACGAATTTCTCGATGAAATAGTCCTCTTCTTCATGGGAGTAGGTAACAAACATAGGTGGACGCTTATTTTCTACACGATCGGATGATCGGCCGTGTCGAGTAAATACTGCCAGAAGACACTAGGTGTGGGGATGATGCGCGGAACGCAATGGTTTCTTTGTTTCAGGTTGTTGCACGCGTTCTCCTCCACGTACTTTCTACCCCTCTCTCAGCTCAGGACTAACAGTTCGATCTTGACCTCTACCCGATTGCAATGTTGACGTTACCAATTCTAGGGTACGCTATGCTGCCAGTTGTTGAGTTTTAGCTTACCGCGAGCACAAACAAAGTCGTCTAACGGTGAAGCAGAGAGATTCATCCTATATCGTTGAGCGGTCCGATTAGATATAGGTTCGGTACTCCCTGGGGTACGTTTGGCTCAGCTAGTGTACGCGATCTTGGTGCCCCTTTTACTTAACTCTGTCCTCAATTGCCCCGTAAAAACCGGTCATTCTGTTTCAAATCCCAGTTTTATCACTGTCCGCAACACGGCCACAGTTCCCCATATTACCGAGTTCAGTTTACCAGAGAGCGAAGTTCCCGACGTAAGTACGTCATGTGCGTGAGATGGTCGTAGCAACCTGAGCTAGTTTGTCTCGGCCAGAGGATGTCGTATGTGCCTGGC,1350,49.26,Escherichia coli
SEQ_230692,GTATAAACAGAGCGTCCTGTATGTAACGTTTGGGTTCAGGCACAAACACTCACTCGGGGTTTGTCAGATAACTCCCGATAACAGTTGCGTAGAGGTACTGCGAGTTATGCGCAATCCAAGGCGGCGCAAGCCGCAGTATAATCAGAGCGGGTTCGTCGATTATGAGCCAAAGAGGGGGTTCTAAATATACTCTGAGAGTAAGGATTACCCGAACCCTCTCCTTAGCTGACCGCGTGAGCATTTACAGCAACGGTCTTGATGCCTCCGGAAAATGTAGAGATTAGACGGAGTGCCATAATTTATCGCCCACGTTGATCAAATCTTGAGATAAGCAGGGTGTCCATAAGTAACACAAGTTCTCAAAAGTGCGGGCAGGACTTATCCATAGCCCACCCCTCGGTTTCCTGAGACGTACAGCTGGTGATTGTAAAGTCCACCTCCCACGCCCACAAATAGTCCCCGAGCGAATACTACACCGACCCACACCATCGGATCTATGGCTCGAGACGCAGAGGCACAGAGTGATAATATCCGAGGAGGGAAGGAACCCAGTTACATCACTGACGTTCGTTTAAGTTAGTTCAACTGGCGGCGTCATACTAATTCGGAACCCTTGCGTGTTGCCTAGCATAAGACTGTTAATGGTTAGACATCTGCTCCATAAGACATCATAATACTCTGCTGATCGCTTTCACTGAGCGGCGGGAGCTCAAATCTGTCAGTATCATTCCGAAAAGCGCGAATAGGAGTCGTACGGACCTATGCCAAGAACGCGGCGACGTGCTAATAGAGGTATACTAAAGCCCTTTATGGGCAGGGGTTGCATAGCGACCAGCATAATAAAACAAACATCCAATCCATTTGCATTAGCAATTGGTAGATGTAATACGAGGCCACTGTCTCACACGTCCCTCTACAACCGAGGTCGCGTCACGTCTGGGTTGGCAGTTGGCTGTCGCTCAGAATCTGGCCTCTATCACAAGGTAG,987,49.14,Caenorhabditis elegans
SEQ_710167,GTCATCCAAATTGGGCGGGGACCAAACTTAAGATATGGCTCCCCTGTGGTATTAACGAAGATTTGAAGCTCAATGAGACTCATATGGGGCGAAAACCAGTGTATCAGCCGTGATGTACACAACTCTCTAATAGCACGCCCATACTACTCAGTAGTTTCAAGCTGGATTTGGGGAGACCCGGGGGGGGCCTTACTACTCATCATCTTTGCACAAAAGGCTTTCCATGTTTTATTAGTTCTAACAGCTTACTTCGTTCGTCTGTATCAGATGGATTAGCGGTGGTCTCAACTTGTAACCCGATCTAACACGTCTCGTGCGAGCACAAGGTACGATTTAACTCGTGCAACGAAGTACCGCACGCGGTAAGTGACCGTACCGATCATGTCATTCATGACAGAGCGGAAAACCGGAGCCCGAAGGTTCGCCATCCATCTCATCTGCCTATTGTGTCTCGATTACTCGGCTTTCCCAGGTAACACGACTGACTTGGAGTGCAGTGATCGGTTCAGTCCTTCCGCTCCTACTAGCGAACGTGTACTAGCGAGCTAGTGCACGCCTCTAGCCCGGCGCCCCCACAAACGGAAGACGTTCGCGGAGGTGGTAAGCTTCTAAGAGAGTGGCACAGACTTAGATCTTTCAAAGTGCGAGCTTCAGTCCCTCGCTCTACTTCATCGGGAAGCGTACAAAAACCTATAGATCGCGTAAGGGACCCCGCGAAGGTCCATCGAAACGAACCTTCCACTGCCCTGATCCAGATGATTAGTATACATCAATGCATCATGGAGTTAGGTCTCATCCGAGCCTACTTCGCCTTAAAGTCATGCGTTATTAGAGACCGGAAAATTGCCAGGCTGTAAAGGTTATTTAGTATGATACCCATGTAAATTGCGAGCTAGCTGCGGCAGTTTACCCGCGATTAGCAAGATCCCGCCATAAAAGGGTATTTAACGCAGTACACAACATATCAGTCTAGTCTAAATTTCTGAAAGGAATCGGCCTGACGGCATCACGTGCACGCTAGACTGTTGCTTGTTATCAGCCTTGTTCCTCTCAATCCCCCGCGTCCACATCCGCACAGACATACTGTCCTCCAATCCATAGTTCCGTCATCGACTCAACACACTGGA,1127,49.16,Homo sapiens
SEQ_202588,CGAAACTACGACTTGTTCCGGGACCGCCGAAATCCAAATGGACGTAAGATACAGCGCCAATTAGGGCGGCCACCAAACCCGGGGTGTATAAAGGGATTTGACTCCGGAGATCACGCCGTCTAGTGTTGCCCGTTTCTCTGGGAGGATTGTGCATTCCGTAGAAACTATACAATACCTCGCATCAACTTAGTAGTATTGGAAGGACTTTGAACGTGAAGCGAATTACGGTCAAGAAATGCAGGTCGAACGACCAAGAGCCCATTACTGTGACTTATTGCCACGAAGGGTTCTAAGCAGGGGTCCCCCCATACGGTTGACGTTCTTGATCGCTAACCTCTGCCTCGGTGGGTTCTGGCGAAGGTTTCCCCCCGGACGAGGCATAAGGCGAGTTGATAGTCTAACATTCAAAGCGGATCGCAGCAGTTCGGTCGATATCTCCTTAGTAAGAACTCATATGGGGAGGGGACTGCGCGAGCACAGTGCAATTTGCATCCACGGTCTGCGCTCGCTACGCACCCTTTGAACCACGGATCGGGCGGCTATGAAGGCGCTAGTTCGGGGTTAGGATGTTGTGAACTCA,580,52.41,Escherichia coli
SEQ_880489,CACCTGAGAGTAAGAGCATTATCTGGGCGGACCAACGTCCGGCAAGCTCGCTATTATGTTGATTACTCCCAGCCACCAACATGGACTCTCTCTAATGGAAGTGCAACCAAGCTGCTGACATATGCCGAAGCTGATTGTCCCCTATTTGTATCTAGGGCTAAATGTTTTGCGTACTCCAGTCGGGCACTAACCATAGGTTTTTATCTTACAGTTTAAGTTTTATACGTCTGTTCGAACGAGTAGTACTAATCCGACGCGTCGGCTGTAAACCTTCCCTGTATCATCTTATGAAGTACTTACGTAGAAAAGTATGACCAATATTGCCTAGTGTCACTATTCTCAATGACTCAGACAGGATACAAGTCTAGCGCGGCTTCATTCGTGTACCATCACGTAATGTCATCATGGACCACTTTCGCAGGTCCCGAGTAAAGAGGGGCACGGCCTGTACATAATATTGACTGAATTACCTTGGGTCAGTCGCCGCGCCCCTATGAAACTATAGTCCGCCGGGTTCCCCAAGATCTAGGCACATTAGGACAAGTTAGCAGCAAATCAGGGCCTTGGTTTGAAAAGCTGGGGGACGCGTGGACCAACACAGGCGTCAGGCTCTTGGGACTCGGCCCCTGAGGGGTCTCACTTAGTCGCTCCATCATCGGCACCAAACCAAATGACCAGCATCATCTGCTTGCATGTTCCGCAAGCAGGAAATCTAACGGACCGAGGAGCCACTGCGTGGCTGTGTCCCTAAACCCTCACTCGCATCCTAGTGCGAGAAGCGAAGAGTACGAGGGTTGTATTGCGACCTTTAGGTACATGTTCTTGCTACGGGTCAATCGGGCCCTTTTGTTGTGAGCCTTGCGATGAGTTACGACGATCAATCCAAGTACTCGCGACGGCATACCCGTAGTCTCACAGGTACGAGGAGACTCCAATTGCGCCAAGGGTCCGAAAGTCGAAGAATGAAGGGAGAGCTACCTCGCGTGGAAAGGACGCCCACCGCATTGTAGGACTTACCCACGATCCCCGGATTACGGAGACAAGACTTTCCTTCCACAGATGGCGCGACTTTTATCCGCTTGTTCCTTGAAGTAGAGCGCTTTACATAGGTGCTCAACCAGAACATATGTTAGATATGCGATTCAGCGAGCACCGGTCGTATTAACGTAGTGCGTCGTCGGTTAACTCTAGATATCTATGTAGCCGGAGAAAAGTTGCTAGTCGGAAAGGGTCTTAATGTTACATACGTGATGAGCGTCGGGACCAGTTCGTGTAGGGTACTCCGCTTCATATCCACGCAGTAAGACTTGTCGCCCTCGGACACTATTACTCCTTAACCGTGGTTCGCAGCCCATGTTTACGACGGTAAGGCGAGGATAAAATGCATTCACTTCGCGCCGGCGGGTTGCGCCTTGGGACGTCATCCGGGCAAATGGAGGCATCGGTTAAACACCTCAGTAAAGTGTGACGTACATGAGGAATACCCATAGTGGCTCTGATCTCGTTTGGGTTCTGCTCGGGATTAATGGTTCTAATTTTGAACTCGGCAGATGATGGTACCCCAGGGTTAGTGTTTCCTCAATTCTCTTGACGCACGTTCGGAGGCTGGAAGGGTGAACTGTGAGCGAGGTAGCCTTTCCATGCCTGCTCAAAGCAGGGTTATTGCATTGCGATGCTCCGCACAACAGA,1689,50.38,Drosophila melanogaster
SEQ_827814,CCTACACAAAATTTTCCCGGTGGCTATGCGGATTGAGCACAACCACTATTCGGCGATAATCGCTATCTACCCTGTTCTACATTCATTAATAATCACAACCGTATTGCCCAGGACTGTTTGCCCGATTCCTACCACTCTGCCTCTATGACGAACAGGCCCGTCTAATGTGCGGACCTACTCTTAGCCAAATAACACACCCTCTTCCATACTTATATGTTCGGCACTTCTGTATTGGTGCAGGCTAATGCCACGATAGTAGCTCCACACCGAGGTACAGGTGGATAACTGCCGTCAGTCACTGATCGGATAACCCTTTAGGATGGTTGGCAGCTCATTGCAACGATCGTTGGAGTCGGGTGAATGAGGAGCTGGCTACGATGCAATCTATGCAGATATTACATTTCCGTTAATACAGAGCCGACAATCCCAAATCGGTCTCACAACTCTGAGGATAATACTTGCATACTAAAATTCGGGGTTTCACCCCTTCCTATGCTGAAGATTCTGACATATACGGTAGGCCAGACTTGGAAGGTCGAATACCCTCACGGGGGAATCGCCCAAGTTAGGGGTGACTTACCATGACAGGGCCGCATGCTAGTATGTTAAAAAAGTGAGTTTGAAGATAATCCTCGCTGTGCGTACACTTGCACGGTAAGCCTGACCGGACCGCTTTCCACTTCAAGGTCATCGAGGCTATCGACAAGCCACACGGTCTCGCCCGGTGCAGTATGTAAGCCGGCCTTGAGCTGGGTCTACGACAGGTAAACCCAATAGGGACGCCTGGTCACAATGTTTTGAAAGCATGGGCAGATTCGTGATCTACTGTGAGTATATGGTTTGAGGGTTAACCGATAACTCCCTCGTTCCAGGATCATGATGGATGGGGTATACACATCGTGCTCACAATGAGTTTGATGAAGTCTCATTGTTATAAATATATTCAGAAGTTACCTTTGTTATGCCGTCAGGGAGCGTGTGCTCGAGAGTTGTCTGTCTATATTAATCGTATGTCCGCTATATAAGAAGCTGCTAGTGGAATCATCTATGGGCCGCTCTACGCAATATCGTTTGACGGGCGGTGTTCTCACGACTGATGACTGCGATGGGCGTATTGAAGCACGGCATTCCATCTCTGGGGTGTGCCACAGAATTTAAATGATCGACCCTTACCAAACCTGGCGTCAGGCCAAGGAGCTAGGTGCGTTATGCCTCTTTATGTCAGTGACGCTTGAGTAAAGTTCATGAGATCGAATACTCGTCCATGCTACTTTCTAGATGTCCGTGTGTTGTTAGAGGTCACGGTCGTTTGTCTTGGTGCAGTCCCTAGTGTAGGGGACTTAAGGTTCCCGTATGCGGTACAAACTTGTGTATTCTGGATCCGTATCAGGAACGGAATATCCGTGACTTGACAACTCCTATGAGGAAGTCGGTCCGAGTATGTATACGAGCGTGCGTCGTCGGGTTTGATGTACCATTTGCAACCTTGTCACGGACATCAGGTTTCGGGATCGCTGTCGGCCCTCACATCTGATTGCCCTCCACCTGTAAGGAGGGTTACATGGAACAGGATTGTTCAGGTCAGTCACAATATCCCATTTATCCGGGGGTCGACCTCTGTCAGGCGGCAGTGCCTACCCCGCCCGACGGTCGAAACACGCAGCCAGAGGGGTCAACGGCGATGATGGTCCCTGTCCCCGTCAATTTGTCCTGTGGGCCATCCGCGATGAGTGGGGAGTATTGCCCGCCACTGGTGTACTGTCAACTGTACCTCTTGCGCTACGTTACGTCCACCGGTTCTTACTTTTCGTCGCTGT,1817,49.75,Mus musculus
SEQ_750337,GACTGGCGATAGGTGCGATCTGCCGCGAGTGGAGTAGATGCGTGAGCCCCTGGTCTACATGCGATGGAAGGTTACTCACACCCTCGTGTTAACGCACTGCTCCATTAAGCCGCACACCCAGCAACCGCCAAATGTCGGACTTTATCCCTCCGATGACCCTTTAATGGCTGGTAGAGTGGGAGACCAAAATACTGGCAACTCGATACTCCTCGGTTCATTGATATTCCTATCGCGCGGACTTGGGGAATCCAAGATTGAACCCCCTCAAAGCGGCGCACGTACAATAGCATCCCACCTGTTGGGCCGGAGTACATTTCATCCCATCGGTAGAACGAATAATCGAGCTTTAGATACCTGACCCGAGTAGTAGGAAGTTTATTGTACGCTGTAGACTATGACGAGTCTAGTATGCAACTTCGACGAAGCGCGCGACACTGTATGTGCCGTAGATTGGTAAAAGACCATTTATGCAGCGCCGCTTACATGTTTAGACGATCCTTTTCTGGCCAAGTTTACTGCGTCTAAGAACAATGGCATTTGGCTGGACTTAGCCGGAATATGCGCCACACCTGAGCCTCAGAGCGTGCTGAACGGACCGTATGAAGGGCCGACTATCAAGCAGTTTCCAACCCTTAGTTCCCGCGCTCTAAACGACGGATCCAACCACTCGTTTCAACTGGTCATAGACGTGGTCGATCCTGAATAATTACCACGGGTATGGATGTTTACCTCACAGACCGTTCAAGCTGAAACTGGTGCAACTGCCCCCTCGATAACGTAACAAAAATTCCCGGCGGCTCGCCGTTTTATGGCAACCCCTTAGTGTGGCGCTGAGAACCTAGATGTAGCCATACTGTACGACTCTATAAGCCGATTCCTACACATTGACTCGATATACTTCCCCGTCATGGCAGGAATGCCGTAAAACTGGACCGAGCCGATAGTTGCCCTCAAACCCACTAGCACGGCGCTTGCTCCCGGCTTCCTCGCTATGCACAGCATAGGGGCCCGTCAAGTATCATCGCGAGTTCCCTCGTCTCTAGTCGAATGCCTATGAAAAGAAGAACCAATATTGCAATCCACAAACCGTGGTCTACCTGCCCGCCAACGGAATCCGATCGCCCGGGGAGCTTTCTCCGTCACCTCCCATGGCTCTGTCTGTCTTGGGGTCCCCAGCTGTTAGAGATTTCACGCATGTACAAGTACCAGGTAGTACGTACGACTCCGGAGCCTTCGATCAGATCGTATCATATGACGGGTTGTTCCTCACACAAAACCGATGGA,1284,51.71,Caenorhabditis elegans
SEQ_427559,CCATGTGGCATTGAAGAGAGAACCCTCGCGCATCACAAAGATCCGCTGACTCCAGGCGATGTTACCGCGTTTAGGGTCACGTAC,84,54.76,Escherichia coli
SEQ_474485,GTAGTCCATCCCTACGGGGTACTTGAGTTACGAGGTCGGGTCCCTCCATTCGCGCATAGGTTCTAACTTGCCCCCCTGTTCTCCCAACTCTGAGACAGCCAGTACGCAGGCCCCGGCGTGCTGACGCTGGTGAGGGAGACACAATGACCGTGCAGCTACTTAATAAGCATCCCGATGCACATGGGCGTATAAACGTATGTTGCAATCAACAAGTGCCCAGGTTGCTTGATCGGGCTCGACTATGCATGGCCTTGATGTGCGCCCCTCCTAAGGTGAATTTGGGGTGATAGCTGAGCATTCCCTACCGTGGTCGTGCGAC,319,55.8,Mus musculus
SEQ_152828,CATAAGGTAACGTCTGGCTGTACACTTTTTTACTTTTCAGAACACCATCCTTAGGTGGGACCATAACATCGGGTCGGTCCGAATTTCTCTACCCCCCCATAGTCCCATACGTATCGAGGCTCTAAGCCAGCTCCTCCATGGGTGGTACTCCTACGACCTGCGGGTTTGTATACCAGGCTCGTTCCAATGGTTCTCGCGTCGCGAGCTCGGTACACCAATTAACAGCAAAAGACAGACAATGACAGCCAGCCCTAGGCTGGGTTTCGTTACAGTGTCACGGTTTCTAACATATGTACGTCCGACACTCACTATTCCTGGCGACGCCATGCATGTGATCACTTGGCTCCTAGAATGAACAAGAATCAGGATCCCCTACACATTTTAGTCGAGAGACCGTTCGTTCGCGATTTAGTACAGGGTCATTTCGCGTGCGTTTCTAACGCAGTGCTAAATGACCATTAACATCGCGACCCAATCGACCTGTGAAGAATGTTGATTTAGGTAATAACGTATCTTGGTCGAAAAATGGGAGCACGCGCGGTAGCCACCAGCGATTTGCGAAGTCATTCTAGCTCACTGTTGACTATGTGGTGCCTCGAGGAGTCTTTTAGTACGGACTTCCACGGAAATACCTATACTTAGTGTAGTTTAACGACAGCTAAAGCCTTTCCCTGTCAATGGGGGGATCCCGCGGTCCTGGCAACACCCGTTACTGTGAAAGGAAGTACTCTACGCTGGAGACCTAAAGTCGGTTGCGAAGATAAATAGTGGTGCGGATCGGGGATCTCACAGCTTCGAATTTTGATTTGGACATTTGTTGCAGCCTTTTGTGACTCGTATTCGTCTCCGAAATGCATCGTTCGTTGGGCGCTGATATCGCAGTGGTTTGACATAATACATTGTACATCCTTTGGGGGCCCCATTTCTGCGACGGGGGAATGCACGTGCAGGACTTGTTTGAGGATCGATACTATTCGACGTCGTTGGCCACCTTAATGCGGAAGCAAGGGCCCTGAATTTGTGCAAGTGTGAAATACAATAAGTACGAGGCGTCGAAAATACACTCACCTGAAACCCATTTGTACTTGGGCGCATTGACCCGAGTCTCC,1109,48.96,Saccharomyces cerevisiae
SEQ_562270,TATCACCCCGCCTTGGCATTCCCCACAAAATCACCGGGCGTTCAAAGTGCGCCAACCCGTATTCCTTGCTGCCATTGACGTCACCCGGACTAAGCGCCCAAAGGGATGGCACGTCACTGAAAG,123,56.91,Arabidopsis thaliana
SEQ_749547,AATGTCTGTAGCATCCCGGACCACGGGTCCCGCGTCACCCCGATTAGTATATAGGAGTGTCTTTTGGTCATCTCTCCGATCCCCATAACTTACGATAGAAATCTTCTTCGTGCGTAACGGGGGCAATATCCATCTTTCCTCTATACTCTGGTGCTAGGTCGTATAGTCTGGAAGTTAGGAGTAATAAAGCGCGGCGTCACATTGCCTATTTCAGATTTATTATAGATTTAACATAAAGGGTCGACCTGCTACGGTCTTCTCTGGCGGCGGAGCAGTAAGCCCGGGGCGAGTCCAAGTCCAGGCCTGTGTGTCGGCTCGATCGTGGTCGGGGAACTGTCCTGACCGAGTCCCCATACTCCTGGGGGCATGTTGCAGGTTAGAGTTCAACGATTGAAACCCAGGCCACAATATGATTCACCAGTTAGAACAGGGTCCGGCAGGTGCGCGATTCTTAGCAGCATTAACTGTTCCTAGAATATGCACTAGAACACCATTCCTACGCCTAAAGGCCTTCTCAGATTTGTGGAAAATGAACGTACAGGTGCGTCTATTGTGCGTGACATTTACGTGCTCATTGATTAAGTACACCCAAGTTCCCTACCATCGGCCCGCCCAGACTACACCAGGGGGGGAACCCAATTGTCGGTTTGGACACTTGTTGCAAGCGCTCCCCTGTTCTTAAATAAGAAACTGCTTATTTATTTGGGCAAGGGCCACGATCGGAGAGCCATTAGCTCAGCTGCTGGAAGGACCGAGCCAACTCGAAGTCTCCGAGGCTCCGGGGGTTTGTCACCACAATCTATCTTCTAAGCAGGATTGATGCATGGCTCTAATATTCGACCGAGATTTCGTGCGAAGGACATAGACCTTAGACTTGTGTCGATCTACGCCGTCAACGGATAGTTAAAGACGCAGAATCAGTACATGTCTCTCTCGGCCATTTCCTTTTATAGATCGCGCGCTTAAAGTAGGGGGACTCGATCCCCAATATGGTCGTAGCGTCAATGATGGAAAGTTAACCCAGCGACACTAAGTTATACAACCTCAGGATTTCACGGCATTTGTCAATAGTTTACTAATAGTGGTTTTCCTCCTGCGAAAGAGGGACTCTACCGGGGGGCTTCGTGCCCAGGCGTATTCGATTGGCAGGGGGTAACGCCATGGATTGCGAGATATTTAATGTCCCGTGATGATACTCCCGTTTATATAGTAA,1213,49.3,Arabidopsis thaliana
SEQ_715804,GTTCCAACCGGAGCTCGGAAGTTTCTTATCCATAGTGGGCCTGCCTTGCTGATCGGGATAACATGAGCTGTTACTATGGTAATAGCTAATAGGTATTGTGCCCATAATAATTGCGGCTGGACTTTTATCGAACCAACTAATCTGATTGGCCAACCAGACAAGGCACTAATTCCAATTTCATCGGGCGCTAAAACGTCAATAGCTTGTATGGACCTTCAGCCCGTGTTGGCGTATTTCGCAGAACCTCTCAGTGAACTAGGTTTCGTTCTATACACGCGGACAAGACCGCTCCCGCCTATGCCTACATGACATGCTTCTAGTCGAAGTTAGGTGAATTATGCCCTATTCGATACGTTAGCGGCGGAGACGCATTGAATATTGTGGTCAAGATCAAACACTTTGCGCACGACCAACATAGTCTAACCTGCGTATCCGAGGCAAAGGTTCGGTTTCGCAGAACCTTACTGGGAGCTGATCATACATCCAGACAGGACTAAAACTTCAGTCCTTGAACTATTGAGCAAGTGTTCGAATGGCCATTAGTTAGCATGCACTGCGTTGGGTCGGCCGACCCAGCCCAGATGCCCCTCAGCCGTCGTACGGGTAACAACCGCAGTCCATGAGTAGTGTTTTAGACGAAATTGGCCTGGTTCGCGATCTGTGCCTCTAGTCTGATCTGGCTCAAGACGCAAGATTGTTTTCGTCATTCATCACTCGCTAGCCGCGAGGAGATGTACGTTACAAGAAATTTCGTATGTGGTTTATACAAGACCGAGGGATACTGATGGACAAGATACCTCGCCGTGACAGGTGACTAGATCTTGTCACGTATGCTTTCGCTCAACGTCTTTGATGGTGGTTCCTCGTGGTCACGGAGAGGTTCCTTGACCCTTCGGGCTCTCGTAAAGGTATGGAGTTCGCTGATTGGGCGGTCGCGTGGCCCATGCGACCCCAACCCACTTCCATCAGCGGTCCCTCCGTAGGTTCTTATACACCAACTGCCGCTCAGAGAGGATGGAACCCGGTACGGGGGATGAGGGCCGATTAGCGAATCTGGATTTCCAAGTGACTCTCAGTTCCGGAGAGAGCGAAGAAAATAAGGTTATAACACCTATAGACATACTCCGACTACAATACCA,1139,49.6,Escherichia coli
SEQ_292497,TAACTCGTCGAGATCCGACCGTGCCGAGCGGCTTACGGTGCTGTATCGTGACACTCTCTAGATATCGCGTGTTTCGTCCTATTAGGGCCTGGCCACTGACGGTAGCAGTGACTTGCGCTAAGGACCCGTAATGTCGGCACCAGTCCGCGTACTAATACTTTTATACGAAACTCCTTTTTCATTAGCCGGCGTTACATTAAGGATGCACTTGTGGCATGTTTATGATCATCAAACGCTCGACTGCTAGTCTCTAGATAGTCTAGCAAGACCACGGCCGGTATCCACGATCCGCGCAATATCTTGCGCTTACGACGTTCAATAGAAACACAGGAGCTCTTGTCTTAAGTCAGGAATAGCTCCACATTCGTGCGGCCAGTCCTAAAGACCTGGAAGTTTGTAGCTCGAGACCCTGAAATTAGCGGGGAATGACATCACATCGAGGCCCGAGGTGACCTGGCTCGCCCATCCAATAGTGCGCCTGTCAGTATGAACTGTTCACAGATCATTACCCTTTCCGTCGCAGTAACACTCTAATCTCGTAACGTTGACTTACTAATGGCAGCTTGTGGTCATCCTTCAACAGTGTTCTTCTCGACTTATAATCCGGTGCTGCAATAGAGATGGAAAACGCATGGCAAAACAGGCTCTGGTGTCAATATTCGTGACGTTAAAGTGCTCACCTCTCGATAAGACAGCAAGGGTATTGACACCTGAATTGATTAGTATGGCGCCAAGATAAGGTCGCTTTGTACTCTACTATCTTGAGGTAGTTCTAAAAAGGATGAAAGTTAAAGAGTACCACAACCAGATAGAGTCGGTTGTGATTCTCCACTTTCGTGCCAGCAGGGATCCGGGTCTGTTGGGTCCCTAGTTGATCTAGTCGATTACCCGCGGGAAGATCCAACAGCGCAAAGATCCAGGTACTCCCTTATTGATTTTTTATCAGGCTATCGAGTATAACGCCGAAGATTCTGCCAGGCCATATCGGGCTTTTTCCTGGAGAGCGAACTGAGCGTCAAGATCTCATGAGAAAAAACGAAAAAATCATGGCATTACGAGAGCGCCTACTCTGTCCCC,1077,48.1,Homo sapiens
SEQ_172744,GCCGAGCTATGCAAGTCCCACAAAATGTTTAATAAATGATTGTACCGTGTGGAAACCAACTCCCCCGTTTCTAATAAACATAACGATTGCTGGAAATCGAGAGTGTCGCTTGAGCGATCGCCGGTTACGCGAGTAGATAAATTCCTAAGACCTTGGATACTTTCGTGGCCTTGGACACGGATTGGTAGCAGTTATAGTCGTTGATCCGAAGACTCGTCTCCTCAACTCGCGATTATGTAACTAGGTCGCCGCGTGAAAGTAACATACTTACAGCCCCCCCCCTAGCAT,288,47.22,Arabidopsis thaliana
SEQ_693723,CTGTTAGAAGTGTTGTTTCGCAACTGCACGATCTGTGTTGCTCCGCCCAAATATGTCAGCTTTATAACCATAGACGACGGACGGCGGGCCTAACAAATCGAGCGTTGAATCTGAGATTCTTCCGGAGTCTTACTCCCACATAACCACCGTAAGCGTCAAGTACTACGGGTAGGCTTTCATAGGCTCCTAGGATTCCTAGCAGGCTCTTCCTGGCTGATGAACTCCTCTATTTCAGTGGCCCTTGTGGTAATAGAGATAACCAGCAAAGTTTTCTCGGTGTTACTCGCATCTAGGTTTTGCGAGCCTCACAGGCGGTGTATCGGTCGCGTCTTGTCCCTGGTTATTAAACAACAAATAATTATGAACCCCCCCGTGGCAGAGTAGTAGGGAGAGAATTTCACGGTCTTTGCACGGGGAGGATCGACCCACCCGGAGGCTATCGACGGAGCCGTTAACTGTCCCCGCGAAGTCAGAGTATGTTAGGAGCGGTAGCTCATTCGCACTATTCCGCAGGGAGGTGCAGAAGATCGGCCCCGCCCAATCCGATGCTGCCAATTATCTGGATGAGGCCTTACCATGGAGAGGCCCATCGCCGCCACCTGGTACGTCAGCAGACCGCGCGCGCGAACTAAGTCTGATCTAGAATGTAGTGGTAAAGGCACCATGGTGGGGTGGATTTTGTATCATGGTCCCACTACCCGCTTACGACACTGTAAAACGAGACCCTAGTCACGCCATAGAT,742,52.16,Caenorhabditis elegans
SEQ_672920,GAAGGCTTACAAAATAAACGCCAGCGATTTTCTGATTCTGTGATAGTTATAGCACTTAGGCCAGGCGTATCCCTCGGTCTGGCGGACCCAAAGTACACAGTCATGATAGGCTTTCACTGCGTCGTAGGTCGACGATTCGGCCACACTCACCAGAATGACCCGTGACTTACCGTTGCATTCCAGAAATAACAAACATCGTGAATTGGGGCAACGTCGCAGAGATCTTGGGGATGCAGTTTCGCCAATCATACACGAGCTTCACAGTGGTGAGGCACTATTGCGCCGACGGTAGGTATCGCTTGCTATTAACTGGTCGTCGCACTCCAAGTTCTTCTGCCCTATTGTTCCATAGCGATTAGTTAGAGGGACGAAAGCGTTCATCTGTGCATCTTTGAGCCATTCCTATGGTGAATGACTAAACTGAATCGCGTCCTAACTGCACGTTGTCCGTCCAACGTGCACTGAGTGGAGTCAAAGTTAATTACAGGACGTGATCACAAGTCTCAGACTACTCCGTCGCGCGCAAGGACTGTTCCCAACAGAAAATACGATAACGACATGCCTACTTCACTTCACCAAATTATTGTCTCGAAACGGTACTGAGTCGATAGTAAGGCATTAA,622,47.91,Drosophila melanogaster
SEQ_599559,CAATGCCGCCGAGGGGGAGTCCTCCCGCCCTCGGTCCGTCAGGAATTTCACTAGTGGTTCTACAATACTCACCCGTTCGGGTCCATCTCCGCGGAATTCCATCAATAACGATCTCGAGTTAACATCGAACCATACGGTCGTGCTGATAAGGGCAGACCCGTAAGTTAGGAAGGGACGTATAGGCCTTTTGGACGATCTGTCCAAGTTATTGAGCCCGCCTCGTCATAGATTTTACTACCTATGCTGACTCTTCAACAAATGAGGTGGTCATCTAGCTCTTTTGTATCACAGCCAGGACCTGGAGGGTATTTCGTTGCAGCCGTTGCAAGATGAGGGAGACTAGTGGAAGCGGAGACTGACCTGCCACCCCCAGGCCCTCTAGTAACCTACACGTAACTTCGGCATCTGCAACGCCCCCATCATCTAAAGGGAAACAGTCATCGCGGCCGCTGCATTATTGAAGTAGTAACTCGCAGTCATTGACCCTAATTTTGGTAAGTATCTAGCCCGCTCCGCAGGTACCCTACCGTGTTCTTTCAAAATATCCCCCGATTTGCCACCAGCTATCTTTTTCTTACAGTGCAATGTACTCACGGCGTGGTATGTGTAGTTTATGAGGACTCATACCTAATTGCAGATCCCCCCAGCTGTTGATTCCACTTACATATGCCAAGACGACGTGCGCGAAAGTGATCCATTCTGCGCGAGCAGTCAATACCGTGGCCGTCTGACTCCTTTTGCATCTACTTAGTCTTGCAATACACGCGAGGAGTCGGAGCTTCTCTAAACATCTCATACGGACAAGATGAGTTATCAAAGCTTTCAGACTGCTGGCAAACATTACCCCAGAGAATAAGACTGGAAACCGGCTAAATGCCGGTGTGGCGTTCCTTGGAGAGATGGTCATAATCTGGTTGGCTTTATACCTATTTCATATTAAGGTCCTTGGAATAACACTTACTCCCGTGAAGTCATAGATGTAAAGGGATTAACACCCCGCAGCGTCGACTCTGTAGACTAGGCCCGTCATGCTTTACTTACTCTATTTGATATATGATACCAAACCATGTTGTACCGGTGTGGGTTGTACTCCCCGGAATCAATCAAATAGCTATTTGGGCGACGTCAGATATTTGATGAAGGCCCCATCCGGAGCATTTTATGCAGTAAGGAACCCGCAGATCCATGGGTGCCGGATGCGGGCTAGAGGCAGTCGATAGTGGGGTCCGTAACTTACCCAACGTCTTGCTTATGCAGTAATTGCGAAGTCACAATGCGGCGTATCTTCCTATGTGCCATTATACCAGCACTATTCCCAGCCCTCCAAGAGGTTCCGGGTAGTGGTTGAGGAGTGAAATGAAGCCAGTGGCAATCGATCGAATAACATTCGTTTACGTCATCAGATATCAGTGTGTCCGGCAA,1422,48.87,Saccharomyces cerevisiae
SEQ_546232,GCTGAAAAGCAAATCCATCATAGGCAGTTTCGCGAGAGTCATTTTGATTCGAGCGTTATCTTCCACGACCGAGAGAGGTCAGGGGTTACGTCTTCAATTACGGAGATTGTGGCTAATCGGGTCACATGTTTAATTGGTAGTCGTAGCTTTGTCAATACCGATCTTGACTTTACATAGGAATAGCTGCTTTTATTACTACCCACCACTAAATCCGGTACAATTGGGGGGTCGTGCCAAACTATGACTGAACTCGCGGTAGCAGTAGCAATGAAAACAAGTCACACCGAACATAGGATTACCGGAGGCGATAGTCTCCTCTGCGGCCACATCCGTTTGCAAGCAGGTCCATGGGGCTGTCACCCCGTTCCTCCTCTAAGTCTTCGCCATCTTCCCAAAGCAAAGAACGGAAGAGGCTCCAAGGGACGCATCTACTGAGGAATGTCCCCCTAACGTGGCTCCTCACGTTTACTCGTGCGACCCAAATTTTCGTGCACGGAGACGCTCTATAATTATAGAGTCCCCTCGCGCGGAGTACTGCTTTTGTCAATTTGATATCATAACGTGGATCACATTGATCTTCATAGCTTCTGAGTTTTCGTTTATGCCACGTAGTTGCTACCCAAACTTCGATCAAGTTTGTAAGTCAAGGACTGTGCCGCTTTGGTTGAGATCGGACGAAGGAATGGCTCATATTGGCTGGTATGGAAACGTGTTACCGGGTAGGAACGAGGCAGTTTCGAGATGCCACCTCGTTTCGAGTGTTACTGACACCGAGGTCCCCTTATTCAGTTAGGAGCCCCAGCTGCGCTGAGTGGAGGAAGACGCCACTCAGTGGCATAGTGAGTGTTCAGGTGGGTGCCGGAGGTTAAAATTCCTGACAAGGG,884,49.21,Saccharomyces cerevisiae
SEQ_698732,GAGCACAGAAATTACCTGCCGGCGCGATAATCATAGGATCCCCACAATTCAGCTTGCTCGACTTTGTATGGTATCTCTCACCTTATTTCGGTTACCCGAGCTACATTGCTAGGCGCCTTTGCTTTCATTTTTGGTCCCGATGCTGATCGGCTCCGGATTCCCGGAATCAACTGCCCCAAACGCCTCAGGAGAGAGGAAAGCAAAGTTGCCTCCCGCCTAAGGCGGCGTTTTGGCGATCTGGCTCAGATTTGAGAGGTCCCTTGGTCCGAGCGCAACCCAATCAGAATGGTTACACTACGCGTCGGATCTGTTACCGGTGAGTAGCCGGACGCTGCGGGCTTGTGCAACAATCTGTCGCCTCGAACTACGCTTCATAGGCCTGTGTCATTCGAGTAACGTCAATGCTTATGAAAGGATAGAACGCCGAAGGACCATGGTATATTACCGGCAACACGGGGTCCAGCACTAGATCTCCCCGCTATGTCGTTAAGCCACTGTACACCTAGTCCACGATTAGGATAATGTAAACAGGCGTGAATTACAGGAGCAACACAGGATTTATTTCGCGCGTACGACACAACATATTTCTTATGCTCAGACACGCAGAGCCCGGAAGGTCGGAGTCGACGTGTGGAGCGCGGCAAGATTGACTCAGCTGCTGTCGTAGGAAGAGAGAAGCACGTACGACATCTTTCTACGGGAGCTCTAGGACAATCGCTCTCATCCGACCACCCTTGTTGGAGCGGCCCGTATCTTGCCTGCTCTCGGGCGAGCTCAACCAGTCCTCTGTATTTTATTTAAAAGCTACGAGCTGGTCAATAGGGGATTTGTGCGAAGTGAGTTCCCCCACTGTCCCGGGGTCTGTGTTTGAGATGTCTCTCTAAGGATGGCGTGTCGCCTATACGGATGGGCGCTTTTTCCAGCAGAGTTAACCATGGAGCCGCATGTACCCTCAATACTCACCTCGCACATTGCTGTCAAGTTCACGAAGAAGGTTAGCACCGTGGGGCCACTACCCAGTCTGCAGCCCGCAGGGTCGATGGAGTGCGCATGGATAAATCTACCTCCATATTGCAGTGCGCGAAAATAGCACCTCATCACTTCCGCACAGCCGAGCGACCATTCTAGCTGCACTTGGATGCCCTAATGAGTGATTTTGACGGTAGGGATCGTGCACCTGGTCTATTGGTCTCAAATACGACTCACTTCATGACCTAGGCCTGTCAACAGCTATGCGAGAGAATTGAAGACGCGTGATAGGTGCAACCGGGACACACATACACTGCACTGGGATGCCTGTGTACGGACCCAAGACATCCACAACATAGCCTGCGGTTGGCTATTATTCCCCACGCAGTCATTCGACGGAATAAACCACGCGGGAAGACTCGACACCCCTAAGCCGCTAAAAAGGGAGACTCACTGACGTACGATCGCCATAGACCGAAAAAGTACGTCTTCGTAAACCTTGGACGTAGTAGCCCGGATCGTGGGAGGCGGAAGCTCTAGGCATCTAGTAAATCTCCCAGAGTATCTCCCTGTAAGATACTGTACGCTTGTCCACCCCGTGAACACCGGCTACCAAAGCGACAGCCTATGCTCTCAAGGAGTTACCACCGCGCATCAAGAATACGTCTTGCAGCTACATTAAGAGCTAGCATTTCTACATTGAGCCAAGTCACTCCTATATTTGGCACTCTCTTGTTACGCAAAAACCTACCAAATCAACAGGGGACTCAGTAGAATGGTCCAACTCTTAAAGTCTCCAACAACT,1774,51.63,Escherichia coli
SEQ_629838,GGACATGATTACGTGATTCGATCACAGCAGTGTTTCCGTGGTGCATTTAGTAACGCAGAAAGACTAGCGCTGGGAACGCCATGTATAACCCAGGTTAGGATTATTTAGGGTGCATGTGTGAACCACGAAAATAGTCCAGAATAACTTTAGACATTAAGTTCTTAAAGTGAAGTATCTTCGTGACACCTGCACTCGTCGTTCGCCGGTATTTAACCTATTCACGAATATTAGTCCTTCAAGGTGAGAAATATTCGGTCTGCCAGCAGAGTGACCGTACTTGAGTTTGGTCTAGCGTTGAATTATGGATTCGTGATCTAACTCATTGTCCGGTGTTAACATAAGTTTAGCTTATCGGACGTGAAGTGCCTTGATTATATTAGTCCGTATGAATAGTCGTCCCGGTGCATCAAATTCGACTACATCTCTAATTGGCTACAAATGACCAAGTGCTCGGTCTCGGTCTGCGAAGCCGTTATAGACAATTGTGGTTTAAGCGTCTTCCTAACCGTTCGGGCACGGCAGAATTCATGTCTCCAAAGCTTATGAGACTAGATCAGGGCCGTTGGTCGAGGGCCC,576,44.79,Arabidopsis thaliana
SEQ_174448,CATGGCTGAGCAATTCCCTGTGCGTTAGCTAGCTAGAGAGCTCTACTAGTCATCCGGCGTTTGACACGTGATACAAGTTCTCCCCGACTGATCCAAGACGAGGCCATACAAGCTTAGAGGGTCACACTGTTTGTCGTGCAACTTCAGAATTGCTCCCTAGGTATTCCACGTGCAGGCCGTCTATTTGCTAATAATTACGTACCAATGTAGAAGGCCGTGATAATTGCGTTAGTTCAACGATACAACGACATCGGGTCGCCAGTTTTCTAAAATGGTGACATCATTAGTTTTAAATCATAGGTTGTAGCGAAGAAAGCAATTTGCAGTGGTCACCAAAACATCCTATAACGCGTGAAGCGACCTCCGGGGACCCGCGTAATACGTGAAGGAGGAACTCTACCTTTACTCGGACGCAGACCTAAAATGACGATTCGTACACATGATCGACGCTCCGAAGCAACAGAGGCTGAGAACAGAACAATTTGTCGATCGCATCTGATGATGATGAACAAGTACTCTCCTAACAGTGTATCAGGGTTCTGGGTAGATTGCCCCACCATGACATATTTAGTCCCTCATGGCGACCAAATCAACCTTTATGTGCATGAATCTTGACTAATCCAATATTTACCGCGCACGCCCCTTTCCGCTCGACTGGTCCTACTGGTTCACCCGCGAACCTCCCCACTATGTCGCCGGTGCGAGACCAATTAGAGATGATCTCACTAGCGCAGTATGGCACAGGGAGGGTAGTTTTTTTATACCGTTTGTAAAGAGGGATCTAAGGTAATTACCGAGCCAACTAACTAGCACGTACTTAATTGGGTCATATTTCAGCGTTGTTTATTTTTGTAGCGCGGACCCCTCACACACAGCGGAGCGCATTCGCAATTGCGTCCTGTTCGTGAGGAAATCCATTGCCCACAGATATAAGAGCTCCTTTGCCATCGGTTTAAACGCACGTCAATCCAGTGGTAATAACTCACGCTTAACTATATTTGACTGTCCTTTTCTTTCCTGGTCCGTATTAATGCCAGACTGTCTCCCCCTCCAATGTTGTCCGGGGTGGGGAGGCCGCCCATCTCCTTCTTTTTCCATATGTTTACAATGGCCCCTCTATTGTTTCGCTCTCCTGTGAGCCGCTAATAGCGTCTGGTACCCGCACTAACGGCAACAACGTTTCATGTAAATGTATATGCGTACTCTGGGTAGAAAAATCGCGAGTACAACGGTCAGACCAGGATCTGTAGCTATCGTCTAATTCCTTGTCCACTAGTTCAGCGATTCATCTGGTTGGAGTTGGGAAATAAGTAGATCATCCTACGTCCTAGATAACCCGGATTACGCTTCCGAAACACGCCCGATGGCTTGCCCTTAGCTTGAACTAGAGGCTGTGTATAAGATTTAGGCTGGCTGACGGCACCAACCGAACCGGAGATATGAATGGTTCTTTGTTCTGGCTGACATCGTGCCCCTGGTAAGC,1483,47.74,Arabidopsis thaliana
SEQ_775168,CTCCTTCAGAAAGTCAACATCGGCCACTCGGGTATGGCTCTGTCCCCGCAGTTGCACCTAGCGGCATTGCCTGGGAACGGAGAGGCAGATTACAGGTGACACTATTGAGACAAGCACCGGTAGATGTCCTGAAATTGGGCGAAGAAATCTATCGCGAAAGTCCACGCGTCTGTAAGATGTTGGGGCACCAACTTAGGGCGAACTATAGGCCCATAAAGATGTTGCAGGATACTAGAGGCTAAGGGATCAAGAGATATGAACAACTAATCCTATAATGCGGTTGCAAGGTTCCATTCATGTCAGAGGGTCGAGCTCCGGTGTTAGTTGAAGCGTTAGCCTATGGTCGCCCGCATTTACCATGGTTCTGAGAACTTGCACAGATATGGGCTAGGGGACCTCGCGGGCTTCACCCTTCGCGCGACCTCTATATTGAGTGACGCGTAGAAACAAGTTATCCACCCAGCCCGCATTAGATTGTTTTCGTCTCTTATATCGGGGTAGCATACATCTTCTATCTGCATGGGGCGACGCCCATTGTTAAGACGATCTCGTACTTCAACATGCGTTAGAATTTGAATCACTGGCGGGCCACGCGATAGCGTCTAATCCGCGCACCATCTCCCATTGAGCCCTCCCATACTCTTATATATTGGCTGACTACTCTGCATTCTCCGACAGTCTTTGACTATATCACCTCCGGCACAGCGAGCGATAAACATTGGTTTGAATATATTTATTTGATGGTCGCTCACATTATTACCATAAGAGACTAGCGCAACCCAGGAGTGCCGCGCGACTGCAGGGGTGTAATTTAGCTTCTATCGAGTACCGGACGA,836,49.64,Escherichia coli
SEQ_522387,GAATAGATTATAAATTACCCCGGTGGTTCCGATGATTCTGGTCCACATATCGAATCGTTTACTGGTCTAATCGTCGGTAGGTGGCTTGGTGATGGAGTGTACACGTATGGAATGTCTGAACCTGTCCTATCGGGCATGGGAGTGCGGCCTCTCGATTTTGAAGGATGGCCCCGTCCGTTAGATCAGTATCATAGAAAACCTTGCATAGTTGATGAAAACAGATGTCGCTGGACGACTTTCATGTGAGCCGCCCACCGTCACGCAGCAATTGTTCCAAGTTCCGTAGGCCGTACTAATGGTTGCTTGGAGCGGCTCCCGAAGGTTCATACGTTGTGACAAAAGATCTTGGTAAAGGTACACCTTGCGTTAGCGTTAGGAGACGCGGCTATAGAGAAGGGGGCGGTGGGATGGTCATCGCAAATGAAATGTGTTCGTGCTGCAAGCCCCATCAGGCATCCACCGCTTTAGCAGCGTTTGATTGCACTCAAAAAAGGAAGTAACGAGGCACATAGGGGAAGCATAGTTACTTACCCGCCAGTTCGGATGGCCAGTATCAATATCCTCCGTCCGCCTCTATCCACCGCCCGTAGAATCTCTGTTTACGGTGTGTGCTGGGTCTTGAATCAGTTCTATGTGCGTTCGCATCATGACAATCCCGTGTTAATTGGTTAGGGTCAACAGGTACGTAGGATATCACGGCTTTGAAATAACCATCCTCGGTCCTAGTAAGATCAGT,736,49.32,Mus musculus
SEQ_848537,GACACGGTTTCAGCCTACACACCGTACGCGGCCCCGACATGGTATACTGGTACTCAGCAGGAATGCAGGTCAATTGTCTGGAGCAATACTGTCTCCTTTGTTGAACACTGACGAAAGAAAGCGCTCTCGGTCGTATCCCGACAATCGCACGGGATATAAGAGCGCTTAGCAAGCGAATGCTGCACTTGGCCTGGGGAGCTACCAGGAGCCTAAGCGTTAGGGAGATCAGAAGTGGACTGTGCGCTAATACCAGGCCTGGCACTAAAGAAGGTCAGAATAAGTCCTGATAGCCAGTCGTGATGAAGTAACTACCGTCCCGCGTTAGCCGTCAATGACGTGGATACTAGGGGCCCGAGGCGAAACCCGGGCCTTCGTTAGCAAACAGGGAATTGGACCTCGATTGCATACTGGTCCTACGCAGAAAGTTCATAATTTCTGTCGGTCTCGGAGGACCTACACATGCGGAAAGAATCGC,475,52.84,Saccharomyces cerevisiae
SEQ_210268,ACCCAGATTGACTCACGAGGAACAGCCTTCCTTCAAGATATGGAATGTTGATCGGAGTATTTTGGCATACTGGTCACTTGTATACTATTCTACGAATGCTAGAGAGGGAACGAGGCCACTTCGTAGCAGCCTCACTTATGTAAATTGTGCATGGTTACAATACAGTTCGATCCGCCTATAACCGTATACGTGGATTGTCGATCGTCGTGAATAAGGGCGGAACCGCCCTAGTAGCTTGGACCAGAACGTCGGACCCTCGCACCTACGCTGGTTGACACGAGTTCCTCGGTCACAGGTCATTTGAGACTGCACAACTCGGGTGTGAGTCCCTACATACCCTCTACTAGATTTCTGCTAGATGTCATATAGCATGAGGCTCTCTCCGACGGCAACCCAGTACTGGCGGATTCCTATGTCTGTGCGCCCATTATCCAGAGTATGAAATTGGAATCAATAAGTCAAGCACTCAGCACTTACTGACCATTGGTATATGTGCCCAATGCAAAACATCGATTACCACAGGAAAGCTTTTCACGTACACAATCATTTTCCACAAAGTGTGCTAGTTTCTGTATACGTTGCCCGGGTGGCTCACGCGGAGTATATATTAAACTGTAGGGCGTATTCCATACGACCTCACGCGGAAAAGACCCACCAAAGATGTAATTGCCTGGCACGAGGGTATGATAAGACGGAGGCCTAGTCATGTCGGAGTCCTACTGGATACCCAGCATTGATGCGCCCAGTGTTGGGGCACCGAAATAGGTAATGCTCAATGATCTCCATTGCAACTGAACTTCGGTATCCACAATATAGCTATTCTCCTCACTTAAGCACCTATAAAGTCCAACAACCCTAACTAACCTCCCTGCGAAAATCCGGATAAAGCCTACGTGACGCCAAAGAAGGGATGCGGCGGTGCCAGGATGCCGAATTAGGTTAACTCGTCCATGCATCGAAGTAGGGCAGCAACAGGCACCGTATCTTACGGTGCGATCACAAAGGTGCCACATCAATCGATTTCCATCTAGGAGTAAGGTGCAGATTCAAGTTTCGATATGGCATGGAATAAGACTGGGGCCCCGCGCATGATGTCCGGTGAACCTCCCGCGGGTGGAATTGTTGCCGAAGATTTAATTAGGCGGTGGTAAGTTTCCAATAGACGTCGGCCCGATCGACATGATTCCGCTAGGGCCAGAGTGTTCAGTCGGGGAAATAACCTTGAGGGAAATAGCTGGTGCTGGGTACTGGAAAGTAGCCGAGCCGACAACTCCCTGATGCAACCCCATAAGGAACTCAGTGCACAGCTGACTCCACCATGCCTTACTGACGCATCAAAGCTATCGAAGGAAGCTAGCTAGGGAACGGTAGGTGGAGGGAACGGTAGTCATTTTACTGGGATTTTAGCCTTGGTGTGAAATAGCGGTCTATCATGATCCGGTCGGTTGAGCTCCTATCGGCAGCATTACATGAAAGTAAAGCATGTGTCCGCTAGTAGTCATCGGAACCCGCCTGACCCTTTTGTCGTCTTGACGACAGGATTGAAGTTCCCAAGCTCATACGTTTTGAATGTGGTCGGTGAGGGTGGGTAGATTCCGCTGACCGTTCATTGCGGACTAACTTGCATGT,1629,49.29,Homo sapiens
SEQ_590723,GGTCCTGCACCCATGTTACATACTAACTGCGCGTTACACTCTCCGCGCCTAGGGCCAAGACTGCGAGCGACCCCGCATAACCTCTTTGGGCTACAGACAATTGCTGAGGGTACCCCTGAGTCGTGCGGCGGATTCCTGGGCATTACCCCCCCCGGCCCGCAAAGAGAACGATCCCACATCGGCTGAGTTATGCGTAACTAATTGATGCGCTACTGAAGTACTAGCAAGGGACCTCCTAGGTAGAGGAGATAAGTTCTACTTCAGGGTGAGGCATCTATAATGTGCAGTCCTAGATATTTTTGTCCGTGCCGTATAGGTGCATATCAAATACCCGGGCCATATGTCCTTACTGCCATGGCTCAGCCGCCCAAGGGTGCACCGTTCCCCGGCTGGTTACTCATCCCAGCCTGTCCAATATGGGTTTCGAGTATTACTTATGCCTTTCAGCGCCAGGGGAGGAAGCGGCCCGAACGAGGACCTCGGCAAACACACTTTGGTTGTTCGATGCGTGTCAACTTCCCGATAACGTGAAACGTATCATTGGTTTCTAAAGATCAGGAATATGGCCCCGAATGGATACACTAGGCTTGATGTTGAAATCAACCCCGTGTCCGGCCGGTGGTTCGAGCGACGGTTGTTAAAATGCGGCCAGGCCTCA,658,53.5,Mus musculus
SEQ_430127,AGTGGCGTAGTACTTAAAACGGCTCTACATCTCTCTTGAGACAGACGATTCATGCGCATTGAGGGCCGATGGAATATGCGTCTCTCGGCCACAAGATTCCTTTAAACTGTATATAGAAGTGTGATACTTTTTGATCAGGCAGTCCTAGCCGAGATCAATGAATCAGCTCTTTAAATTGACTTGCAAAACGCGTTATCGCTCTGTCTCGGAAAGCTAGCTGAATTAATCCTAAGGCCAGGTAGGGCTACGATCCG,254,45.28,Caenorhabditis elegans
SEQ_295282,CGCCACTAGCGGGCAATAACTACGCTAGCCGTGCCTAGGTAAGTTTTATTATCGCTACGAGTATATTTCCAGAATCATCGGCGCTCTAACCAGTTTAAATGACTGCGGTTCTCCTCACTCATCTGATTATTGCCCGTGCGCGTGGGCTCGACTTCACGGCCAGAAGTACAAGTGGGCGGTGATGACTAGTCGCCGCTAAGCCAGGCCCTATAACTTAGATGACGGACAGGAGAACAGGGGACACAGTTGCCCTGAACTCCTCGGTGATGGCGATAAGAGCCTGCGACCCGACAGTCTAGATCTGGGGTTAATTCCCTGTACTGGGCTACTATACCACTTCGTAAACCCGAAAGCAATTACTGGCCCAGGCGTCGGACCGCTATAGGTGTTGGCGATGGTGGCTATAGGCCGAGGACATGTCGACTAAGCCGCCCCCTAAGAAGATTCAGCTATCTGCTCTAGTTGGGTTAGTTAACCCGAACTAAACAACGTATGCGAAAGTCATCGCATGCTGCCTATCACGGCAATTTCAAGGAGGCACTATCCTGCGTTCGGTCGACTCGATGCGGGGTTGGCTGGTCCAGAGGCGAAAACTTGTCAGGTATTACACAGCAGCAGATAATTTCTGGCTATGGCAGCTTTCACCCGATACATGACTCCAACACAAGGCCTGAGTGCGCCCTATGAGCGGTTGGACAGATATATAGCCCGTATCCTCAAACGTAGTTTTGGAAGCCGGCTTTGCCGCCGTCCTCCCAAGCCCCGGGCTCGGAGCCCGGGCGAAGCCAACGGCCTATAAATGAACATCTTTAGAGATCCGGGTGCGGGGCAGTGTGGTCGGGGTTATTAATGCAGTCACATGGGTTGACATGTGCTAGACGTGACCAAATTAGGCACCTTCTGGTGGTAGGCTTAGTATATGTTTGGCATGCTCGAGTTAACAGACGCCCTTAAGCGCAGTACAGAGGAGGTTTTTATACCTCTCTAACGTTGTTCCTACTAAAATCATTCCTTATATGGGGCGATGTCCTTTCTACCAGACCGGCATGTCTCGTGAGCAGCCTCGGCCCGTCGGCGGGGAACCCTCCAAGGGTCTGAGGGAACCATCCATTGTCCGGCAAGAGGGTCTTTTTTAGCAGGTTCGAGCCCAGTCGTTGCAGAAAGGCAGTTGCCCCGCTTCGCACCTCAAAACTTGCTTGTGACATGTAAGCTAAAAACTCCGGTTCGCAAGCCTTGTTCTTTCTGAGATAGGAGTTGCGAGCCACGATGCCATGATCATGTTTTATATGTATATATATACCTGATGGCGCCACGGAGCGGAAGCCAACCGCCCAGCC,1337,52.43,Saccharomyces cerevisiae
SEQ_787016,GATGTAAGCGTAGAATACCATGGCATTGGAAATGCTCCCAAGCGTCGTCTTTCTTTCGTGGCGAGTATCCCACAACGAGCGAAGCGTCGCACTTTACTGTGTCAGACATCTCGTCCTGCCTCCTGGCCGAGCTATAAAACGCCTGCGTCAGCCGCGAAAAGACGGGGAACTGGCCGCGGTCCCTACAATCCGCCAAGCCTAGCGGCAACTACTAGCTCGGGCACTTAGGTCACCTACGATTTTTGTACATGCTGTTTTCTGTTCACGTCACGGCAGCACTATACGGGGCGGCATTTCTAACCGAAAGGGAATTCCGGATCATCCTCTGAGCACACGGGTTAAGATTAGGCTTCGTGTTGGCGAGCCGGCTCTCGACACGGCCATGGTGACATCTGGGCATTGACCGCCTGAAGCCTGTCAGGGACTTAACGCGTAGAGGTGATCGTCCGTTTAACCGACGTTCCCAGTGTAGTTCTGAACCTTCCGTTGGGTAACGAATGATTGACACAACATAGGAAAGCAGGCAAAGAGTTGCTATCATACCCTACGCCTTCCGCGCGTAGCGCATGACCCTCCATTTCCCATCCGAGAGCTCATTGCCATCGGATGGGCAGCAAGGGTTGAGTATTCTCTGGCGTAGATGAAAAATCCTAAATGATCCTGCGGAGTCCGGTCGTGATCCGGCTTCTTTCCGCTCGTCTTATCTCTGCTAGCCTGAAGCGACCCCACGTAATGACAAACACCGATACACGTGCTAGACTAAACTCACGGAGTCTTTCGTTCAATAAGTGCCCAACCGGGCGGAGAACTTGGAAAGCTGAGTCCTGGACTCGACTTCGCAGGGTGCCGAGACATAATTTCGTAACTTCGAAATGCGGGGCCCACTGATCACCAGAGGGTGGCTGATAATTGGAATTCACCCCGTAGTGCGTGCGCAATCAGACGTGGTGACGACCCATCCTTGCGATC,969,53.56,Drosophila melanogaster
SEQ_453956,GGCTAAAAGACCCTATCCCTTGGATGCCCGATCGGCAAATTTTGTAGCAAGTAGAAGAAAGCCGGAGTCACGAGACGTTACTATCATGCTACTATGATAGATACGAGAGGGGGCTACGGCGTGTGCATGTATCGTACTCGCATGGGTTGGCCCGGCCCAACTAACTCCAGAGAGGGTTCCACTCAATGAATTATCTGGTGTTTTCCAGCTCCACTGCTAAGGTTACAACACTGTTTATGCTCACACGTTTGCCGCACTGGGCACTAGAAAGCGACATAACTGTGTTCCTCTCTCATCTTGTTCCGCCGTACATGTAATGAAGATCTCGTCCGGGGAAATTCTAGTGAATGTCCCGTGAATTGGAGGCTGAATGTTTGGCCTCAAATAGATTATGATTCCTATCCTAGAGCTTCTTCCGCAATATGGTTCCGTGAAGAATGAGTTGTTCACGTCCAGGTAGCTCGTCGGACTGCACCATGAATATGACATAACACCAGGGTAATAGTCGCCGAAGATTTCTGGATTCCTGGCGTCAATCCACTCTGGAGGCAACATGTCTCCGCGTCCACACTACATCTTCAACTCACCCCACGTAGTGCGCGTGACAGGGGCCCGAGAAGCCATTGAGCCTGAGGTTACACGGGCACCGAGCCTGGACTACCTCCACCCCAAGGCGCCCATGTCGGTGGAGGTTTCCCGTCCAAGAGTGCCTTCGTAGTCAGATTCGCAATCCGTCCCTAGTATCTCCCCACGGGTGCAAAGTTTTGGGCCCGATAATTCGCGCGGTTCAACCGTGCAGGTCCCACTGGATCTTCACAACTCCTCCCGGAACTATTGAGGGTGGACGCCATGACTGCGGGTTACTCCTAGAAATTTGGCACCGAGCAGCCAATCATCAGATCTTCAGGTAATATATCTGCTGTCTGCCTTCTTCCGGCCGGTACTTCGCGTAGCGTAAGTTACCTAAACTAACGTATCGCACGGCGTCGTCAAATATACCAGAGAGTTCCTGAATCAACATAGAGGTACGTGACTCGTGCATCGCAGTTCGCATCCTGAAACCAGCCTTAGAACCCCAGAGATTGATCATTAGCGCTGAAGGAGGCAACAAGATCACATCG,1121,51.2,Saccharomyces cerevisiae
SEQ_308534,CACGTAGCGCCCGGCCCGAACGTTCCTTGAGTCCAGTCAGCGTTAGCTCCCGGCCCCACTGCACGTCAAGTCACTACACACGGACGGGCGGTTACTAAGACAAGCAATTTTGAAGACCATGAGGCTCATGTGCACTCCACACTTATCAGGCCCATGTGTGTCACGCCCCGCTCGTGCCGAGGGGAGTTTGAAAGGGATGTCGATGATCTTGAAGCGCGTTCTGCTTCGGGTCTACCAGTGTCTACGGATAGTTCTAGTTTTGATTCCGGAGGCGGTTTCACCTATGACATACTATGTAGGTTTCGCTCGTTGATACAAGACGCTACAAAGGCGAAAACACTACGAATGCGCTATTCTGTAGGATCCTTCGACTTTTCCCGGCAGACAAAACCTCTTACGTATCAGTAAGCTGTGAAGAACGTCAGTTTGTACACCAATAAATCAATCGGTCGCCTAATCTATGCTAGGTATACGTCTACTTTCCCCATCAGCTGCCCTAAGGGTCGGACAGGGTTACAATGGAATCCCGCATCTCACTAAGCATGGTTCCCGCCCCTATAGGGCTGTTACTGCTAGTGATTGTCGATTAGGAGATCGCTGGCCCTGTGGGGTGGTAACTCGTCGAGTAGAAAGGACGGGACTCGTCAGAGTGTTATTCCTGTCCTGATGGGATTTGTGCCTGCGTTTCCGACATCAGCTAGCGCCTTAAGATTGTCTCTTCGTTAGAACGTGGAACCACCCTGGATCAATTTGAAATTGGAACAGTCGTATATAAGTGGTGTATGAAAGTTACCAAAACTGTCGCAATACTCTCCAGAGCGTGACACGAGCGCGTGTAAAGACCAAGCGCCGGTGTCCGCTTAAGCGGTATCTAGACAGACCTCAACAATGAAGGGCGACGAGATTGTACATGTTCTTAGCATCTTATGACTTTTTACCTGCAAGTGCAATTACTTTAAGAGGACAGGCCCAAGTTTGGCCAAAACATGTGCCCGCAGCTAGCGTTTGCCGCCTTAGACTGGGTCCGGAACGGGGCCTCGGCGTGGTCCCGGGGCCATCTTCCCCCGACACACGATTAGACGAGGCAAAAGTCTATAAGGGCTGGCTTGTCGATCTGCCCAGGGTACTGTACCCCATCTACACATCTCGACCGTGGAATGGGTAACAACCTTACGGCTCTCCCGGTAAATGTTGCCCATACAGAAACGGGAAAACTGGCGAGTTTCGAATCGTCCTACAAAGGAGAATGGTCTACAGGGTTAGTAGTGCGAGATGTACTCGTGAGCTACTGGTGCCTTTGCAATGCATGCGTAAAAATAATGTATGTCGCTCTGAACGCGGGATATGCATAGACACCTGTAAACAAATGTTTTGACCGTAATGGTGAACGGCTCTAGATTCGTTGAAGCGTGGAGCCGGAAGGTATAGCAAGTTCCAGCTACATGCTTTATCATCACCTCGTCTAATAAGAAACTAGGCGTAACTGCGCTCTGTCTAAACGGCGTGGCTACCTATTCGCAATTCAGTGGTTGTCGCCTCCTAAAAATCAGGCTAGGCCACACCTGGTCAGCCACTCGTCTTGGCCTAGTCGTTGACGAACCATATTACTAGGCACATTATAAGTCCTTTAGATATTTCATGTGCGATCAGCACTGGTCTAGCGTCATGTGATACCAGCGCGGTATATACTGTACTTTGCAAGTGTGCCAATCTGACCTTGCCAAGGATGCGCATGCACGATAGCTCGGATATTACGATTCACTTGTTCAT,1770,49.77,Caenorhabditis elegans
SEQ_256888,GTCATAGTTAATACTAGTACCCACGTAAATCCTTTGCCGAATGTACGGACAAGGTATAGACCAGGCTGGTCGCAGTTGAGTGAACGCAGAAACGATACCGAACATATCCGTACTTAGTACACCGTCCAGCGTCGTCGCCTGACTCGTACATTTGTCCATATGGGCCCGAGAACTTCCATGGATGAGCAGAAAGGTGCAGTCCGTGCACTTTGACCGAAGTAAAATTGCCTCCGCGAGAGCTACGATCTGCGCGCAAAAAAGTGCGTACCCGTCTTACTGAAGAAGGGGAGAGCACTTACCCGCGACCATCCGCTAGTAAGTGCTATGGCGCAATGGGTCGTCGAAAGGCGATCACAGCACTCCAGACCGGAGGCTATACGTAGCGAAAGCGCGCGGGGAACGCCCATCGGTGTCGATTGGGATCGAATTAAGGTCCGCTCCACTTCATGACCAGAGTTAGGGTGAAGGAAGTAATTGCCAGCCCAGTGAGGGAGAGAGTCCCGGCAAGCGTTAAACTTTTCTACTCTTCGGGGTAAGTGCAGTGGCTGATATGCTGCGAGCCAGATCTTGCCCTTGCCTGTAAATATGTCTTCAGGCTCCTGGTTGATCTACCCGGAGATGAGATAGAACACGTGATGACTGGAGCCTGTTTCATCGCTTGTGGGCATATGATGACCAAGAGCGACCACGAGGTAAGGGGACGAACACCGGGGCATAGCTATTACCCAGCTTACATCGCTTCGGTAGTGGAGTCGAATAGGCGATTGCCGTGGAGTATTATCATGTTTATCTTTCGACCATGTAGAGATATCGTCGACCCAGACTCAAGTTGCCCGGCGGCATGCGTGTGAGTACCACAGTGTAGGGACGCTTTTCCCCCAATCTAATACGCCGACATTAATCGGGATAGACCTACGCGCTTCGACTTATCGGCGGCCAATTGAAGCCTATGACTAAAATTCCACGGTGTAAACGTATATAAGACCAAGAGCCTTAAACGCCACTCGGATACCCTGGTGATGATCGACTGTGGGGTTATGGTCGATGTCCCT,1052,51.71,Caenorhabditis elegans
SEQ_725417,CACTGGACCTCCCGCTCATATAAGTCCCATCGCCTGAGAATTTACTAATAAGCCTGGTTAGTGACTCCACGTTCTAAAGCCATGGGTCAATACGTATACGGTGCCAAGTAAAGTCTTACGTAAAACCACACGCAGAAGCGTAGTTAGTTTATCTTGAGAACAATAAACGATCGGCAGAGATAAGGTGTAACTGGGATCACTGATAGCGACAAAGCTACGGGTCGGCGGAGAAGAGTTGAGTCCTAGGGCTATACTAACGCTGGATCTCTAGATGGAAGCTGATATCGGTGACTGAACTGTCTGTTGACTGCGCATACCTCGAGGAGAATGTGCAAAGAGTTGGTGGTAGACTTACTGCGAAATCAATCAGTTAACGCTCACCTGAGTTCCGTAATTGATTGTACCCGCAGTGTCGTCGCGTCGTAATCGCCTACGCGAGACAGTTCAGGGGAGCTACCTGCTAGCCACTACCGGGGTTGGCTGCATACCTTGCGCACGAAGATACAGTTAACTCAACAGTGATACCTTCGGAATTTCGAGCGAACACGAGTCCCGATCTGACTGTAACATTTCAGTGGCCCTGAAGTCATGGTAATTATAATACTAATGCAAACGCCACACTCGGGTGTTTTACAGTGACTAAAATAGTTCTCCGCACTCCCGGATACGCTGACGGAGCAAATAAATATCCCTGTACGACAGTGGAGAGTCGAATATTAGAATGATGGGTTTTCCGTGTTGCAGGCGTGCTCCACATATTTCTCTTTGTATGTTAGAGAAGTCGTGGACTTCTGCCTCGCGTATTAATCGTGACGTGGGCCTAGTTAATCGAGTTCTTTGACTTACCGATATCCCATGCGGCCTTGACTTTTAATAACGAGTTACATGTCAGCAAGTTGCTAGGTCTTACACTGTTGCCTCTCTATTACTATTAGTATTCGGCCAACTTTCTACTGTTGTTTGGAGCTTGATCAGTCTCGACCTAGTCCGCCTAGCTGTGACAAGGACCGACACGCTGCACCTCGGTTGAGCCCAACGGCTGACTTTAACATCAAGCTACTCCCACGACATCCGATTAAAACTGACTCCTTTGCGTGACAAGCACCGGGGTCTCCGTTTGTTGACACGGCGAATGGGATACGGACAGGCCTTTAGATGGACGTTATGGAGTATTATCCATTTTC,1184,47.47,Arabidopsis thaliana
SEQ_748827,GCAGCCCTGCCGATCCCATCTGTAACTCGTTCGACGGTCCTAGTCCCTATCGTTAAGGTCGCAGTGGGGACACCTTCCTAAATATGCCCTCAGAACACCTCGTTACGGCGATACTCGGCGTACACTCGGACTCCAACACGCTTCGGCTATGCGTATTGCCGACATATTCTCCGCCCGCGTTCATGCCAATAAGTCTTGATTTTGAAGCCATGCGTAGGCACCACCGGAGTAAACTGGGACTACCCCCCCTGGTATTTAGCCTTACTGTTATTTGTGTAGTACCGTCACCATGTCGCGCAAGTCAGACACCCAGATTGAAGACGAAAGAAGAATTTTCCTACGGACGACTCAACAAAGTTAGGGACCTGGCAGCGCACTGAGCCGACATATCCGTTCTGCAGACCATCACCTAGCCGCCCGAGGGGTCGTGCTTGATACCGCGGCCGAACTCCGTCCCAGGTTGTGCCGTTAGCTCAGTGGGATACACGCCTACCCCACTCCGCTGTTCCCTTCTCATAGATCGAGAATAAGCGCCACGAAGCGAAAGACTATGTTCAACAGTTAATGTCCGCATCGTAGGGGGTTCGTGGAGCCCATCTTATCACAGTGATTTAGCGGGGTGTTCAAAAACCGTACTCTCTAGATTGTAGTCAGCCAAGCTTCAGGCCAAACGCAAACGTGGTTTGGATTATTCCAGGCGGGCCCCGTAACTAGGTCCAGAACAAACTCCAAAAATATGCCGACCTAGGGCATCGTAGTTGCTACGCTCAGGAACTTTGGTCCTAATACGGATGATGTCTGGACTCGACATGAGCATGCCATTAAATCTACTCTGGCTCCGCTCGGAGGCGTGCTATACGGGCTGTTGGTTGTTATACTATAAAAACTTGGGCGGGCGAGACGCGCAACGAGGATATGCCGTTCGGATGGGGTAGGGACTCTGTTCCTATAAAACGAAACTGCCCATCCACGCCAGCCAGTTCCGCAGGCTTACATATAACAAGCCATCGAGTTGCATTGCGATCCGAAAAGGCTATTTCGTCCTCTAAATACTTTTCAGCTACTACAGATACGCGCCGTGAATAATCACTTGCCCCACTTACGACGTGTCGTTAAGGGTGTGTCAAACATGCGAAAGTGGGTGAATAATCTACACTCTCTAGCTCCGTTCCGGTGTTCCAGTCGGTCTCTCTGTAGGCAACGTTCAGAGCTAGTTCCTCCCGAATCATAAACTGTAGAATCTGGGTTAGCTTCGTAAGCAATATTTCTTACCCGGTTTAGGTGGGCACAGAGACTTTTCAACACATTGCGGCGGGCGAGATTTCGTTCCTCCAAGTATCGGCAAGGACATTCGTTATCAATACGGCTTCCATGTTCATCAACGCAGCGATTATATGAGTTCTTGGGCCAGATACGACGTACTAATGGATACCATCGAGGTCTTCTTGCCCTTTC,1455,50.79,Drosophila melanogaster
SEQ_977780,ATTAGCGAAGTCAGGATGAGGAACGAACGTGGTCAGGTGACGCCTTCTCGAGAAAACTAGAATATTATTCCTCTGATGGGAATTAAGAAGTCACTGAATGTCCTATAGGGCTTAACAGCCGGTGGGAACCAATCTAAATATCGTAATAACGCGTGTGAGGCATGGGTGCGGTCGCCTAGACATCCTACTGTATTCGGGGTCTAACACTGAGCGCGTCGCAGAGTCTGAGCGAGAGATGCGGGGTAATTGATAATAGCAATCTCATAATATCCTGGCAACGACGATGAGAACCCCGCCATTCCCCACGAAGACGGTGTAGCATCCGTCCGCTAAACCTGTCTAAATAAATTTAGCGTATGTCCGGTTAGGTAGGGGCAAGGCCTAAGGCGAACCCCGGCGCATAAGTGGTTACCGACTATTCCGTATACTATTGCGTACTAATCTTCACACACCCTTAAAGCGATGTTATCCTTTCAAAGATTCCCGTGCACCAACTACTGTCTGACTATCGGTACGCGCGAGCAGTCCTGAATCGTCTTCTAGGGATCTTTTATTTTGTGGGAAAGTAGGAGGGATTGGTTACGGATGAAATCCGGGAGGCGTCGACGCTTGATCCACCCTCTTTTCTCTGTTAATGGAGCTCTGTTTACTGGAAGCAGACGCTTGAGGTTGCAGTGAAAAATTAACTAGTGAAGAAGTCTTTCGGCTATATGTACAGGATACTGTCGAAGGGTGCGGCACCCTGTCGGGAGCCTCCTAATAACTGCCGGGACGTCCGCGTAGCCATGAGGGAGATTCCCCCCGGATTCAGAACCTTCCAAGACTCGATGGTTCGGGAGCTTCCTCGCAGACGTTTGCGACCTAACTTTGGGGTTGCAAGGTGCAGTTTTGCGACAGAGGGATTCGAGCCCTCGGCCCCTAATGCTTCAAATTACTCCCGGTCCGTACCTTACCGGACCGGCCAAGAGCCCTCGACCTGTGTCCCTTTGTCTTTGCGGACGCAGCACGTAAATATTCCAGATAGTTGGATAGCTAGTCCTTAAAGTCGTTTCCGTGGTAGAAGGTAGAACTTGCTGTCGTTGTCGGAAGATTTATCGCAATGCCTGATGATGGGTATCATCTATCTACCGGTTCGTACATGGATGGAAACGTTTTAGTAGTCATAGGGGACACATATACTTAGGCGCCCTTCGCTGCATGATGTTCCTTTGACCACCGGTAGGTACTCGTTGGTGTTTATCACAGGATTAGCGCACATATTTCCCGTTATTTTTACGTACTCAAGAACGTGTCGTAGCAATTCGCAGTTGCGTCAAAAACGCTGTATGATGTTTATCTAGCTTACAGACATGTGCCAATATAAAAGATAATTCCAGCCCTCCCCGATTCCAGCTTCTAATATTTGAACGGACAGTATATTCGCTCACCTGATATCCTCGGAGTCTAACCATACATCCGTGTCCTTATACGTCTTGACGCCCCGCACGTCATACGGAGTATCGGTACAATCTGAGCGCGCAACCTACCAGGTCTTACTGGATAATCGTAATGAATCGCGTACGCGTATCCCTTCGTGAGGAGACTGCGTCTCGTGTAGAGTTGAATGAGATCTGGTTGTCTGAGTCTCAGGTATTGGCTCTGAGCCA,1646,48.78,Mus musculus
SEQ_755351,TGCCGCCCGGGCTGAGCACTAGGTATGCCAGATAGAAGGGCCGAAGTTGTCTACTGGTCCCAAAGCACGTATACCCGGATCTAGTGTGACTAGTCCCGTCGGTGTGTCTACTGGATAGATAAATACAACAGCCAACGGTATCACTATTGTTATCGCGGAGGCGGCTTTTAAATGCCAGACGATGAAATACCAAAGTAGTTCCTTTACCGCGACATGACATGCATAAATCATTGCAATTCTGTAGCCACGGAATAGCTGCGTGCGCGACCAAGTTGGGTATTCGCACTCTTTCACTCCAGCGCCTATACGCCGTCCGGGCCCATAAGAGCGCAACCGGTGCCCGACGGGCACTTATGGCGGGTTGTGTAGCGAGTAGAGTGGTAGAGGCGATCATGTATACGTTACAAGCGCCGCATATCATTCCGGAGAGTTGATTATTTGTCTCCACACGTCCGACTGTACAGACATGGACATTTGCCTGATACATGTGAATAGCAATGTTACCGATTGGGCTGCGCCTTAATTTAGCCTTCTGTTCTAACGCTACGATACATCTGCGCTGATCTATCACCCTGCGGCTCGAATTGGTTAACTAATGGACCAGGCGGATCCCATAGTACGTCCGATATTAAGGAGGTGATAACACGTGGAGTTCTCGAAGAACGTGCACAATTAAAAACTCGTAAATCATTTACGAAGGCATCTGGGGTGTTCCGCCCCTTGATTCCAAGTCGATCCCTATCGCAGAAAGCACACCCGCGCATAACCACTCTAACATGACGCATTTGAAACGCTCGAGTTGGTCTTCTACATGATATGTTGCCATACGGTACCGGTGGCTTTAACGTGGTCAGTGACACTAACTGACTATTCATAACAATCCCGAACACAGAAGCCCTCAGCTATCGTGTTTGATTGCGTTACGCGATTCCCGGTTTGCCGGTCGACTCAAAAATCTTTCACCTGCGTCTGTGCTACCTTGGTGATGACTGGGATGCGACGACGGTTCGTTAGAATAACTATGCGACTATTCAAAACAAACTATGCGTGTAGGCTGGCAGCCGCTTCTAGGCGTGGGTCTCCCGGCGAAGCCACGTGTATACTCTAATAAGATTTGAGGCGCACGCAAGTGACATACTACGTTTGCCGGTCTCAGGTCCTCGATGTACAGGGGGCGTCAAGCACGAGTGAATCCCACGCTCATTCTGGAGTCTTGTCCCTACAGTTACAGCGGTGCGTGCTCGGAATTACGGCCTATTCGAAACTCTGGAGTCGCTTTAGTTGTTCCATCTTAAGGTAAAGCCGAAACTATAAGAGATTTCTACCTGGGATGAGGCACCCGTAAATCTTTGCGTCTTGCTGTACGGCCTGCATTCACCAATCTCCATCGGCCCTCCTTAAGGCACCCTTGTGATGCAATCTCATGCGACTGATTAGGGAGCTCAATTCAGGCTACCCTCTTAGACAACAATTCCCCGGGCATTGTCAGAGTCAGAGTCTTTCCGAGCTTTTTAAGGCGGACACCACGGGTCGACAAGTGTATATTGTCGGAACCCGCCCACCCCGTTGTAAGCTCCATGGCGATGTAAACCGATCGTGGCATCAACCGCCACTCCCATACATGAGATACGCGACTCATCTTGGCTTCCTGGGGCCAGATTACTGTT,1667,50.27,Escherichia coli
SEQ_132062,ACGCGCCCCTGGAATGGTGACTCCCGTCCGGTTGAAGGACTACGATCCCCC,51,64.71,Caenorhabditis elegans
SEQ_945119,CATGAAGGTGCAGGTTGATCCGCAGGAAGCGATCAGGCTGCGCCAATACATGCCCGTCAGTCTCTTTAGTCTGATCTGCGATCTAACAAGTATGGGTACACCTCGGAGAAGGGAAAGCACTACGGAATGGTCCGATCGATGCATATGCACCCCGTTTTCGTACCCTCTGATGTATAGAAATGGAGCGAAACTGTTACACCCATATTTAAACCCAGAGTATACGCGCACGCCGCCTTTCACTAGTGAGATTGTCGGCTCGTACGGCCCTCAAAGATTTCATAAGCATCCCTATTCGTGATCATTCATCTCGCTAACCCCAAGTCAAGTTTAGTACAATTTGGCAATCATCGTCTGCACGCTTCCTTCTATATGCGAGGCTCCTATTGGCCCTACGCGGAACGGCTATATTATTCTTTACTTGACCTGGGTGCGACTAATAAAGGCAACTTGGCGTGGTCGATGATGGTTTTGTTGACTCGCAGATGGCTGTTTAGACGTGTGCACATGTCCGCTCGAGCGCAATCGACCCAATCCGGTCAATGGCTGCCGCTCTGACCGTCCGAGCATGAGCCAGAACTATCAGTTTGGACCAAGCCAGGATAAGTAGAGCG,611,50.08,Caenorhabditis elegans
SEQ_716824,CGTCCAAGCTTTTAAGGTTTTGGCACCGACAATCTTTACCGTGCCAGGTTTCAGTATCTGTTTGCGGTGACCAATGCATTTCCTCCGTTCCGAATTAGTTACACAGGATGCAGTCATGGTGCTTGTTTCCTGATTCAAGCCTTTCACGGCTCGCACTGCAGGACAACGTCCGATCGGACGTAATAACCTAAATCATTTACTCGTTTGTGCAGAGCCTGGGTTTTGGCTGGCAATTAGTCCTAGGTGCCTTTTTGCGAAAAATCGTACTGGTCGATTGCAGCAACAACAAGTAGTCACTTTACCCATGGGAAAGCTTGTCATGTTATAGATCGATTATATTGCAAAACGAGGTAGACTTATATTCCCGAAGATGAGTAACACTAGGGCAGGATCTAATCATGGAGTTAAACGTACATCATCAGCCGGGTCTAAGTACTAGTCTGCAAAGGATATCGTAGCTTTCTTGGTGGCCAATCGTGGACGAACAGCGTAATGCCTTATTCTGGATACCAGCTGTGGTCCACTTATATAATATGATAGGCACAATTCAGTCGATCTAGCTGGCGCTGGTTTCATTGAACTAAATATGCCGGCACGACCCGTTGCTGATGTATAGAGTCTCGCTTTGCAATGTTGAGTAGGCCGGTGGTTGATTCTTAGGGCAATTTGTAACACTCTATAGAAATGTTGGCTCGATAAGGAACCCGAAAGGAGTTGATAATTTCTAGAAAAAAAGGCTATCCGGGGTGTCGAATGGAGTCAGTCCAGCACCACACCATTCCGATTGAATAAACTGTTAAACTCGGGCCCTGCAATAATCGGCAATACTTTGTACTTTGTGGACATGTGCCACGGCCTAGTGACAGTTAAGGTGAGAGGCCTCTTCCCTTCAATTCCGTAGGATAGATAGACTGTCATCTGTCCACGACAGTGCGTAAATTTAATACCACAACGCCCCTCGCAAAGCCTAGACCTGGATGGCGGTTTTAAGCGCGATTTTTAAATCTTCCAGAGATCCGCCGCATCGTCATTTCTTTTCTACCGCCCAAATCACATAAAGCTCTTGGGCGCGACCTAATGCGCTCCCAGTTTTCTCGCGCTTAGAACAGGCATAATGATCCTAGATTAAAAAAATTGGTTCCTAAGACCCCGCGACGCCAGTCAGACCTACTACGAACGCGCCTATAGCGTTATATGAGTGCATATGCTATCTTCCTTACATAGTATCACTAGTTGTGACTAGACCAACGGAGAAACGACTTCTCGCGCGGCATATTTGATCCTTACATGATGAGGAGAGTTTGTGAGTGGCGGCGTCTGAAACCTAACAGGCGGATATCGGGATGTATAATATCCACCGAGTGGTGAACAATAAGATTCGGTGCTACTTTGCTAGTTAGGATAAATATTTTGTGAAGCATCTGTAGGAGGGGTTATTGTACTTAAATGATAGCCCTAATCTGGCGTCCTAGTACACACGCCTATGGGCTTGGCCGTGGCAGCCGGTCTTGGGTTTGATATTTAATAGGACAACGATATCCCAGCAGGAAGATAGCCTCGATACTACATGCACTCAACGATGCCGCCTATATCCTTTGTATCACGGTTCGCAAGATTGGCTCGAAAGGACGAACGAGATTAACCGCACCCTCTCAATCATTGGTTCA,1667,45.83,Homo sapiens
SEQ_251039,AAGCACATTGGTATTGCTCCGCCCTCTTCGAATACTTTAACGGCCGGAGCTGATGACGCCTATGGAAATATCGCTAGATGATTCCTCATACTCGAGCGAACAAGGGACAGGCCAATGTACTCAGAGTGGAACCATTACCACGCGTTGGTTTACAGTTCGATGCCTTCAAATGCCACACAATGCAGTGGGTTCCAGATGGGAATGATCCCCGAGCGGCCGACCCCCACCGAGACGTTCCTGGCGCCCCAAATTCTATAGGATATGGTGGTCAAGGCTGCCTTCTGTGCGGAAGGGCCATCTAGTCTCGGTGTATGTAGCGGCTTCAAATACGTGTGCCGTCCCAGCTGTGCCTGTACCGTGCAATTCTGGCTCTGGCCTAGATGTTATTGAAATTCGTAGCGCCATAAGGTTTTTTTTGATGCGCTACCGTTTCGCTGAGCTCCGCAGCAATGATTTGACGTCTCAGGAACTTAATCATAGAAGTCATGCTTTTCAAATCCCGATCGCCGGACTCACGTTTTAGAGGTATGCCATTATGAGTGACCTGGCCATCGCGTAGTTAATTTGGCCATACAATGGTTCTCACTTTCTCCCACCCGCATTAACATTCTGCCGGAACCGTAAGGCATGAACTAGAGCGGTCTAGTCCACGCGATTGTGCTGTAGATCGTCAAACGCCGTGGCTCAAAGCCGGAACTCGACCTACCAGCTAGGTATTTGAAGCCGAGTTGCGTCTGAGTTAGATCCGGGTACCGGACAGGGGCTATACTCCAGCAAGTAACTATTTGTAAGGCGTTAAATTACCTTTAGTGCCACCAGTCAAGATAACAGGGGTACTACCGAGCTCTACTCCATAGGAGCAGGTAGCACGAAGGTGACAACTGAATGTTCCAACGATCCAACGGGACACGGATCAACCCGATGTTTGGTCTCGGTGGATTCATGCTCGGCGTCATACGGGTTTAAGGGGATTTGAATCGAATCCATCATTTATCAGTTTGTGAAGTCTCGGAACTAGAAGTCAGCTCACCACGGTGGAAAGACATCGGTAACTGGAAGCAGAAGGCTCACTCACGGCACGCATTTCGAGGTTAGCATTTCAAGAGTGATGCTAATCCCTTCTTGATCAAATGACCTGGCCTACACTACAACGAGGTCGCATATCCGGACTTGAGACGTTCGTTACTCGCGCGGTCTCCGCGAGTCTACACAATGTGTATCTCCCCTTGTTATGGAGACAACGTTGCTGTTGAGGGACAGGATCACATCCTGGGATATACTGCCGCACGAGCATTGTACTACATTCAGACCTCGACCACGGGGTGTGGCCTGACTACGTTCGTTAAGTCTTCTAGCATTATCCCTCCTGTTGAGGCAAATATAATCCATATTGTGTCATCGGGCTCTGAATTCG,1414,50.0,Saccharomyces cerevisiae
SEQ_989393,TCTACGTTAATCGACCGGATGACGGCCGCTGTAGTATCACATACTGAAAGGCTAGACCATGAGGGACCGAAGAAGTCCTGCAGGGCCTATTAAACACAAGTGCGGGGGGTGGTCTGGCCTAATAAGGAGATTGAAGCCACACTCGGAAAAGGACCGTTGCCAAATTCTAGGGACGATCTACATTGTGACCACGTGCGCCGAATGAATATCTAGCAAGGAGCAAACATCGGTGGTGGCGCATATCGCGGTACTAAGATGTTTGCAGGATTCTTGACGGAATCTCCCCGCGCGGGACCGCGATCTGTTAGTGGCTTTCGAGAAAAGGTCGCATCCTTACTTATCCATAGCGACCTGAGCCTCAATCGCTAGCGCAGGTAAGCTGGTCTCAAAGGAAGTCCAAGGCAGGTAAAGCATGTTTGCGCGTATAAGTGCTACCTTATGGAGGGTTAGCGACTCCTCAGATCTATCCTGCAGTTATGGAAACACCCGTGTCAGCGCCTTACAACTGATCGCTAATCTACCTCATTACTATTGTATTTAGGAGTAACTCGAGGGTGCCAAATCACCGTTATGAAGAGGAATCTAGTTCGGAGTATACGAAAGCGCACGGCCGCCGTGATTATAACAAGGAGTACGACGTACGGTGTATTAAGCATAGGTGCGTGTAGGGCCAGCACGGCTGCTAAAGAGGAACCATGGACCATGGCAAATAAATTACTATTTACGGCACACACCTTGTCGTATCAATGATATCAAAGCTGAGTGTTCAGCGCGTACACCCACGTCATTGCAGCCTCTTCCACACTCCTGGCACACGGACGTGTTGCCGTCGGCATATCCAACCATGTATGACAACCGACACCGGAAGCGCCCTGCGCATCCTCATCTACAGAGAGGTAAGATTCCTGTCTGAACATCTAGTAGTTCACCATTCGTCCAACCTCCCTGATATAAGATCCGACGGAGGAGCTATCGGCATAAATAGAGAACCCAGGCGTTTTACTACCTGA,1010,50.0,Saccharomyces cerevisiae
SEQ_755117,TCTTGTCATTACAGTTTAACGCGAGTGAACTGGCCCTCGTTCCGCACATGCACTATAGGGCGTGACTCCAATGGGAGGTATGCGATAGGTGGTAGGAGCATCGTAGACGGGCATTTGCCACTCCTTCTGCCTTGGCGTGGGCCTAGGACGGGCTTATTGTCTGATCTCAGAAAAGGGACGCGTGCCCGCACCTTAGGTCAGCCCACTCGTTTAACGATATAACGGCTCCCGGTTTGGCCTTTAGTCAATCTTTGCCAGAAGAAATACGAGGTAGGAGCGTAGACGTTGTGTCTCTCTTGTAAGTCCGCAAAGTATGCAAGGTAGTCCCCTGGGTTTGAATACGCGGTGAGAATTCTTCTAAGCGACAGGGGGTGCCATGTTAACAAGTACACCTAGGAGTTACCCGGGGTTCATAACTTCACACTGCCCCTATATCAATAACACAAAAGCCCGTGGTCCATGGATTGTTGTTGGAACAATTGACAACTCGGGAGAATTAAGCCTTTCCGTCTGCCCTGCCGACAGTCTCACTATCCTTAGCTTATTGAACCAGTTACTGCCACCGTCATATCCTTAGTGGGAATTTCAGGTGAGTTCATGATACGGTGTACGCCAAACGTACGAACTAGGGTTCGCTAACGACGGACATTGGCACGCTTCGGCCACCAAGAAAGGCAGAAAACTGTGACGATAAGGACCGAGCGGCTTGCGGGGCATCCAATCTCTAACATCCGGGGTGCGCGGGGTATTGCGGTCTGCGATTTGTGAGCGCATCATCTTGCACTTCCAAGGGACCTATTTTTAGTATCGTAATGGAGTAGACTCGCTTGCGAACCATTACGCGGGCACTCATTGTTCCTAAAGGCGATTTAAGCCAGCTACGTAAGAGCCCGGGGAATCGGTCGCTCTTCTCTGGTGCCCAGGGGACCTTTGGTACCCCCCTACATCTGTGGCCAAAGTAACTCGTATACCCTAAGGACACTTCTGTCGCCGCGCATCATCAATAAACACATCCGATAAAGTATGTCCCGAACCAGCAGTAGGCCTAAATCACGGTTGGTACCTGTGCGAAGCTTCCAACCGCTTCGAGCAATCCAAATATTGCCAGTGCCTGCAGCTGTGCATAACTTTGCCCTCCAATTCCACACCAGTGATTACCTGATGGTTACATCCCGCCATGTTCCCGGGTACCGTTGATCCGTTTGCATTTTAGGGGGCAGTCCTAACTCGCCAGCGTCAATTTTATGAAGCGCTTTGGTTGATGACAGGCAGCGTCCAATACGTCCTTTGGTCGGAGCTTGTGCAGATCTTTGCACACGTGGGTCGCTTGACGGCTAATTAGGATGTTCGTCAAGTGACCTCCGTTGGTATAACCAGGAGCATCCTGATCCGTCGTTCCATCTGCTTTGAGCCCCGATTGACACCACCGTGATGAGTGGCCGTGTAGCAGACGGTTTGCTACGCTGAACGAAACAGTCTTCTCAGAACACTCGCGTGACTGGGATGTACAGTGCTCATGCCCAGCACGGAGCTG,1534,51.69,Caenorhabditis elegans
SEQ_729058,ACATTCTCATCTTGCACTAGTTAATAGGAGCAGTTCATCCCCAAGCGCAAGCTGTTGTAAGAAGGGACTATAAAAAATTTTCGTTTATGACGGGTTGTAAGTTTGATATATTACGTCGACAGCCCACCGGTCTCGGTTCGAGCTCTAGAAGCATAGTTTGTTCTTACCTTCGACCTTATCGGCTACCAGTCAAGCTAACGGAGCGAGGTCATCGGGCAGGTCTGCGTTCAGTCAGAGCTAGGGAGGAATACTGTGACCGGTTCAGGATACCACCGCAGGGGTGAAAAATACGTCGTCAAGCTCCCTATTCATCGTTCTGCAGTCCGAATGACTACCCAGAGACCGCGGCACTAGATGGCTAACAGATTTCTCCTGCGCGGAGATATGCAAAAAGTGCACACCTGTCATCACCTGAGGATCCATACATGACAAAGGACGGGAGACGATTGCAGTGTCGAGATCTCCTGCAAACGGTCATTCTGGGATGGCCCCAAAGACCGTTATTATGCTAAAGAACGAGGCCACGCACGACCGAACCCATGCGTATTTATGTCGCTCATACACGCTAAAATTTTTCATTCCGCCGGAAGCTTCGGTTCCGTAAGTGGACAAGGCCGGGATCTCCTCTCAAGGGAAAGTGATGGCCATAGCATTGACTGTCATGGCAATATCTCGGAATAGGGGTTCGACAAGGTTGACTGTGCTCTCCCCACCTCTTTTCCAGTCCTATGTTCAAACTCTTCATAACGTACCGTTTTCTGCACGTCAGATAGAATCACACAAGTCTCGTAGAGCGTACGTGTCACTG,808,49.01,Mus musculus
SEQ_921448,TCAATGTCGGGGGGACCTGCGTTACGGTTACCCCACTGCTAAGTTCCCGCACGGGCAGTTCGAATTGGTTCCGGGGTCTCATCGATACCGCAGGTTCCTGCTGCGTTATTCCATAATTACTCAGACCTATAGTAAAGATATAGCCGCCCATACAAACTATTCGGGGCTATAAAGATTACCGCGCTTGTCGTAGCCCGCCCTCCGCACCCTATGGGTGTCCACCAGAGGAATTACGTAAGGAAATCCATATCC,252,51.98,Drosophila melanogaster
SEQ_735874,CGCTTTGAAGCCGGAATCCGACGCAGTACACTGTCGAAGCGGATTGGTTCTCTGCGCTCGCGCCAAATTCTTCTCCGCCATAGTTCAATGCACACGGCGCTGGTCCAACATGAATAATATAACCCAATTATGAACCTTAAGTGGGGCTGTGCAGGGGCGTCTCCACTGAACGGGGGGTGTTCCAGATGGCTCATCGGTTCTCGTAGCTGTACATAACACTCAAAATAGGAGCCGCCAGTCGGAGATATAACGCTAGTTAGATGCTCTTGAGCCGGCCCCGCCATCCCGCCATAGTTTTGCTCCGTCCCTCCGAACTGTGCCGATCCGTCCCTATGTCAACGCCTCACTCGAACTGAGTCCGGTTTGCAACGATTCTAACCGACTTCCTAGGGAACCGTTGACTACTGAGGACGCTTGCCATTGGCCCAATAACTTGTAGAAGGGACGTGATTTTGCAAACGTGACCCGTGCCGGTTACGTTATAGCTCAAGCTGTCTTATCTCGCTATCGCATCTCAGCGAAGTCTCAAGTACAGTACTGATTCTGCGGGTAAGAGCACACTCTTTGATAGGTCCTGGTTGAGTGGAGGCTTGACAGCGAACGATCCAATTGCTCAGTCATTGAGATCCTCCCTTACTTCACACCTGTCTCCTAATGCTTCAATAGATACTTTATATTTTGTTTTGGGTCAAATCCTACGAAAACTACAATCGACTGACCTGGAGCCCGAATAATAATCAATGCGCACACTGCAAGATATGATGCCTATCGTCGGCAGGTTAGTTCAGGCCAATTCAAGTATGGATTTCACTTGGAGCGCTAAGGGTTACGACAGTTTTTATACGTTTAGGGATTGGTGCCCTACCCACGTGCAAGCAATTCCTAACATGCACTCGTCACAGGTGACGTATAAAACGGGCCTACTACTTTTCCTCCCCATCACCTTCAGAGTGCCTGACCCGCAATGAGAAGTGAGGGCTATAGTTATAGCAGCCAAATTTGCTTTAGGCTTGCGGCAGTACGAGGATCCAATTGGCACGCTTAGGTAGCGTGGATAAGGACCGACGGCCCCTCTCGCTGGTTCGGCACACTCCCAATAAAGCCTTTGCAAAGCATTAAGTTCCCTGCTCCTATCGCGCGCGTATAGCAGAGAAGATGGTAGTCCTCGGCGTCGAAGTCTAGGCGTTTGGACGATAGAAGACATCGACTGTTAGGTTGTGCGTCCCATTCACGACGAATTTTTATGCATGAGGTTACACCAACCCGTAGTACTTTCAGTTAGCGAGAGACAGATCATATGTTTTGGCATATTTCCAATCGGCAGACACGCGGGCGAAGATATTGTAATCGTCCATTGTGTGTTTTTCCGCTGGTGCATCGACATAGGAGACACTATGGTATCCCGGATACATCAAGTTTAAGAGACGTGTACGCGCAGCTGCATCAAACAGCAGAGCAAGATTCCCTGGACACTCTCTACAGACAACTGTCGTGATGGGGTCGACAGACTTCCTTCTCGTCGAATGTCGTAATGAGCCATTAGGATAGCAATTCGGTAGATCCTAGCACCGCGTAATCGTGATCACGCTAAAGGGCTTAGAGTATTCGGACTGCTCACATATTAGGGGATCAGGGCGACGGGTTATGGGCTCCGAC,1656,49.7,Arabidopsis thaliana
SEQ_253974,TTAAGCGTGTCCAAGCCGCGAGGGAAGACACGGGCGACGAAATTCTTATAGAAACATGTCCACTGCTCTGGCCTACAGCGCGGCCATACAGTCCATGTTTGCGGACCCGTGAGGGGTATTCAAGTGCTCTTTTCTCTAGATGTGTTAACAAATACGTCACAACCCATAGACCAGTAGGATGTCACGCCCAGGGATTTCATGAACTGCGACGAATTGTGCCGCGCGTATTCACAGAGTGCTACACATGGGTCCTCATTGAAAATCTAGATGAGCGCCTTTGCCACATATGATCATCAGGTTTGCTGCAACCGAAGTACCGCCTAATGCTCGGTTCCCAACACATCTCCACGAAACACGTTTATCGCCTCATGACTATCTACGCCTAGTAACGGCGCGTCCTTGTATGTAAATACGCAACCTTCAGACCAGGTTAGATGAGCCGGTCGTCAGCTATCCAATGGTCGCTCTTCCAAGTCCTCCGAGGCAAAGATTTCACGCATGAGGGAGAGTCCGCTCGTGTTTGCCAGCCGACCTCACTGAATCAAAATTTTGTGACTGCAACGTGGATGAAGATGGTCACCACTATCCAATTTTGTTAGAGCTTTCTCCGAGCGGAGCGTCCCGTGTGCACTATAACCCCGCTTCGCGCCCCTCGGCACCCCGCACCTAGAATGATGAGGAGACTAAAAAGCGCCCAAGAGCACCGCGATATTAGAGCCTGTTAGGCTATAGTCATTTACTATTGCTGACCCCTACAGCCTAAAACAGAATAGTTTACTAACGATGCGTCTGGTGGCGTGTCCCTGACAATGACCGCCTCCGCGGCCTCATAGAGCTACTCGCGGATCGCGGCCTGGTAGTTCTTTTTGTCAAAACCTCATTAACAACGTATTCCACTGTTAGTCTCGACTGCGACCACACTTAATTCCCATACGGTTATTCCCGTATATTTCTAATCCTGTCCACAAGCTGTGAGTGCTGGTACACTTACCCCCATGCGGACGGTGTGGCTTTGCAAGTGAAAAATATTGGGTAAGGTCAAGACTAATCTATAGTGTTATTTGTGGTGCGCATTAGTTCAGCTAATTCGAAAGGTAGGCCTCCGTTCGTCTAGCACGTCGACGCGTCCCAGTGGATGGTTCTGGATGTGGTAGCCTAGAAACGAAGAACTGTTGTTTCAAATTACATGCGCAAAGGACTAGTACCCTGCGTTCTCGGGTAAATATACTGCGAAGCACGGACCCCGCTCCAGGTGGACATCTCATTTACGTAGATCATTCGTACTCGTGACCCAGTACCATATCGATCGACATGCACTTCAATGGATTCCTTTATATCTTACATACATTTGCGGAAGGATAATCATGTCCCCCTCGGCTTCCAGTGCATCTCGTATCTGGTAAAGACACGATACCTAGACCGATATAGGATCCCAGGGCTGTCAAGTTTACAGCTTTTTACATAAAATCTAGCGTTCAGTAATTGTCCTAAGTACCATACATAAAGAGGATACGAAAACCGTAATACCGGACACCCTCGACCGCAAGCGGCATAACGGCCGTTGGGTTTGACCAAAGGTTTTCGTTACGTAACGTAAACCCACTGGACCATCTCTACTAAAACGGTCTCATACTAAGAGCCGCTAATCAGATGCTGACCCTTCTGGCGGTAGTG,1674,48.81,Drosophila melanogaster
SEQ_761214,GCTCCATGGTCTCAGATTACTGAGAATGTGCGAATATATGCACTAACGCAGCAAGATTTGATGTTACGTCCCATGATCCGGCCGCGGGCCCCACCGTGGAGTACTCGGTGTAGTGCCACGAATGACTTCCTCTTGCCGGGGTTCGATCCGCAATATCAAATCCATCATTGAGTCTTGTGTGCATGAAGTGTTGTCGAAAAGATCGTATTTCGTTAGTCCGACAGCATCATCATGGGTTCGCTCCTAAAGCGTTCGTGGCAAGGGTCAAGTAAACATTCTCCTATTTAACGTGACTAGATCCCGTCCGGGTCTGGCTTGCAGTCTGCAGAACAGTAATGTAAAGTGGACAGGATCTTACGCTAAAATCGTTCATTTATAGTACCGAATCGCCCCCGGCTGCGCGGTTCACGCACAGAGCGTGTCCCGACCCCGCAATGGTCCTCGTGGCCTAGTAATTTACCGGGCGCTCGATCTGTCGATTCGAGCTTGGTTCCTGTTCTGTGTTTTCGGTGCGCTCATCCGCCGGCTCCATTGCGGTCGTGTACTTGACTGCGGGCGCCCTAACGGCAGTTATGACGCGCCGACTTCTTGAATAAGTAGAAATATTGGTCGTGTCCGTTCCCCCCCCGCACCTTGAACTAATCTTGGTGAGCTGACTAAGATGGGACGTGACACTTCTTCCGGCTAGACATTTGGGTGCGTCAGACCCCCACCATTCCCTCTGGCTGTATTCGACGTCGTCCAGCTATCTTGGTTCAGCCTTACGTACCCATGTATAACTATTATAACCAGGAGCACCGTTCAGGCATAATCTTACGAAGGGGCCAGTTTGCGCTGGGCGACTAGTAGGCGGACCTGGATGATCCCCAATAGACCTTCCCCAGTAGGTGGTTGAAGCTAACCCTCCTCGGATGCTCTAACGATAGAGGGCGACTTGACTTATCCTCCCGAAAGGAGCGAGCATCGATGTCTGGCCCACCGTGTGTCATCAGCCCCCAGCCACATGGTAATCACGGTAATGGTCGTGGCACTCATGAGCTCGCGGAGGTCATTAGAGGGCAGCTGCTGTCGACTGCTATTGCCACATCCGTGGATCTGCCATCTAGCCCCCGTCCTGCTGACCCGCGCTAGAGCTCAGGCGGACATATCACATCGTGGTCTCGACTACTCATCGATTGCCTCTCGGTCCGTTCTGGATAAGAATCAGGACAGATACGATCGAGCACAAACTGCGTTAGCCGGGTATTTTAAGGACCACCGGATCTGCCCTGCCGTGATTATATAAATTTGAAGTGGACGTAACGTAAAGTCGGATCTGAATTTGGATAGAGAGGTACC,1338,52.69,Saccharomyces cerevisiae
SEQ_425389,TTTCAGTGTACCACCAAGAACTGGTGAATAGCATATCCGAACATCCTACTACAGGTACCGAAATTGGGCGGGTAACATTCGTAATAGCAGTCACAGGCTATGCAAATTCGTGCAGTATGGACCGTTTCGTAGGGGGCACTCAGTTACCATGAGTCCTTACGAGCGGTGGGTTTGTGTCGCTTAGAGCTAGTAGGGTAGGCGGGTATTGGCATCTGCTCTCTTGGAGGGTCACTGGTACACAGAATGGACCCAATTACCTTTAACTAAAGATCGCAAAGCAATATGTTATTCTGATCCACAGGATGCATTCCCTTATAAAGGCTTTTTTGCTTGAGCCCTCATTCGAAGGTGGATTTCGAAGTAACAACCATCCTTGACGCCAGGTTGTTCTTAGATTAACACTGATATGTAACCGG,416,45.91,Escherichia coli
SEQ_999029,GTTCACGCCGAGTGTTTAGGCCGTAGTCAGGTCTGCCTCCGCAAAGAGCGTCATCCTAATAAACAAGCATAGAATTTCCCTTCTGGGTAGCGCAAGATCTATGATTTCCTATGTTGACTTGATCCGACTTATTGTTACCTTTCGTCTGGAAAGGGAATACTCCTCAAAGGCGTTAGAGTCGGTCGCCCACAGAAAGTAAGGTACGGTTCCGTCCAGGGGATGCGGGATAGCGGAGCGAAATAGATACACCTGTCAAGCCAAGTGCGGGAGCACAAGCCTGATGACCCGTCTTTTCCTCTCGGCTGGTCTTCATGCCTATCCAAGCAATGATAATGGTCTACTTCTCTATTGACTCGATCCTAGGCCGGTACGCGGCCGGGAGACAACTTAACCACTCGGAGACGCCTTCGACAATTTCCCCATTATGATATAACGTAGAACTGGTCGACAGCCCTAGCGACACCGCGCTTACCTTCAAAATGGGAGCTCTATGGGCGTACAGTGCCGATTTGTAGACAGTCTCTCACCCGGATGGGTGTCGACCTGGCCGGGCACCGAGTATCATGACGGTTTCCAAGCATTCCGCGTAAGTCGCGTTTGCGACCGGCTGGTCCGGGATAGTGTTCGTAGTCTTTCTACATAGATATTGGCAGCATGGATTTCGCACGTCTGACTTAACTGAAGCGATCGTCAAGGCCTAATCGCTTGTAAACCCCCTTTCAGTCGCTTGTCGAATTAGATCGGCCTAGGTTGTAATAGAACAATTCTTGTTTTCAGAAAGGAATGAAAACGCGCGCGTCTGATTTACGACCGTTTCAGATCTCCGTGTGCAGTACCTTAGGTCGCTGGCTTAGCGAAGGACGTATATCACCTGCAAGGTAACCCGGGCTGCGCTAGCCAGTGCTTCGGGTGGCTTGGACGTGCCATAGAAAGTTAGGTCATGCCAATAAGCCTTATTCCTCTGCAACACGTACGGGCACAGCCGCCGGGATTGTCATACTTCTTAGTGAATTAAGCC,1018,50.98,Escherichia coli
SEQ_909885,ATACTTGCTGTTCACTTCGTACTCTTGCCCATTTTAGGGTCCACCTCTTCACTTGCCTATGAAAAGGCACGCCTGCTCTAGGCCGGTTTACAAGCTAGGCTTCTTCACTAGCTGCCCTGTACACTAGCTCTACATTTACGGAACAGTAGTTCCTATAAAGGCATAGAAAGTGCCATCTCAGGGATGCTAACGGTGTCCAGATTAGGCCTACGACATTTAGCGACGAGCGTGAAGCCAAGCTGTGAG,246,48.78,Mus musculus
SEQ_388477,TTTGAGAGACCGTACATCGCTAAAAGGCGTTCGTTCAAGGTCAGGTACTGACTCTCCCCTTCGTGGCGACATAAAATACACGAATTAGCTTCCATCCGCGTATGAGTCAAGCTCGTAGACAATTATTGTGGAGATCAACACTGGTGCAAGTACAGTGTGTAAATGAGACACACGCGTCCCCTCGAGCGTCAGGTACCGTCGCAACTCCTATCACTGTCAGTGGCTCCTTAATCGGCTGACCAGTCAGACCAGGTGGCGCGCCATTGACCGAGATAGGATAAATTGCTAGACCCCCTCGACCCCGCCACCATCACGCCCTCTTCAAACTTGTTGGAACGGTGCATGTGCAGAGAGAAGTAGTATGCCCGCTACAGAAGTAGGATTGATACACTCGAGCGATCACCGGCAGCCGTGTCGTACTACCTAGACCCGCGATCCCCAACATGTATTTAACTTACAGGCACGCGGACGGCACACGAGCTAAAGTTCAATCCTCTCGAAATTTAAATAGCGTAAGTGCTATCGCTTTACGTGCGTCATGCCCTCGTTGTTGTCTTAACGTTAAAGCAAGGGCCAACTTTGCCATCCATAAAGGCTAACTCTGTAAAACTCCTCCTGTACGGCACGCCCTTTTCTATCACAAAATGCATCTCGGTATTCTTGAGTATTACCCGAATTCACGTGGCTCAACTCCTGAGTGGACGTAGCTGCAAGGATAGCCGTTTCTCGACTCAACTTTTTGAATTACTCCAAAATCTGTGCCAACTTGTTGGGTGCAGTATCGATAACTACCCCGTGAACCGAAAAACCAAACGCAGAATTCGAGGGTAATAGAGGCCCAAATTTCAACGAGTCGACACTAACAAAAACTATTCATCAGGAAGTTGGGTGCCAAGATCGTGCAGAGTGTTCTTACTGCGGGCCAGTCTTGAGTGTGCCCGACCAACGGCTCTATCCACTTGTATGGGGACTGGTAAGATCCTATGAATACTACGCCAAAGAATGTCCGCGT,1012,49.01,Homo sapiens
SEQ_532985,CAGAACGGCAATATTTTCTAGAGCCAAGCACTCCCACCCTATCCACCCTGTTCTTGTCTGTGAGGGTAATAACTCGAGTACGAAACAATGCTAGCGGACATGAAAGGGAGAGTCAGTTTGTTCCACAGCCGTCAGCAAAAAGAGTCAAGAGAATTTTAGTTTCCACACGTCTCCAATGATGTTTGAGCAGTCCGGGCCCGAGACCGTCGGTCTTAGGGATTCCCTGCTCGAGATAGAATCCGAAATGATCTTAGTACAATATTGAACAGACATTTTGCGTAGAGTTGTTCGACACTCGAACGTGTTGCCCTGTGTTTACGATACGCAAACATGATCCGTCGCTTGAACTCACTCAATAGAGCTCTATAGGCGCCCGGAGCCAATAATGGGGAAAAATGAGCTATTCATAATCGTGACGCAGATGTGTATCGAGTACGGTCCTACACGCGCTTATACGGCTATGCCACTCTGATGTCGGTATCCGCCACAGATATGTTGGTTCAGCATTAGCAGGTCGCAGTGTGCTCTCCATATTGCATCATTGCCACATAGTTGTGCAGGGCCTGGGTAAGGCGACTGGCGCCGGAACATTATAGAACTACAACCTCGGTTAAGTGGAGGCCGGATGATTCATACACAATAAGCATATCGAGACTGGAGTTCACCAGGAAGTATTTTGCCAGAGATTCATGACGAGTGTCAATTCAAGCTAACAAGCGTTGTACAACGCACTCTGGGAGCCGGGAGTGTTTCATCCCTTTCATTACAACCGGGCGCACAACGTAATAATGTGCCGCCAGGCCCACCAACGCTATGTTGGCAATTAAGAAACCACTGGAACCGTTTTCTTAAGAGCATCCTTGATTCCTCTGGCCCCTCGGGGCACACTATGATTCCTGTGCCATCCGCTTTAAACGGTGATCTTCACGACTTATTGATCTCATCTAGTGCGTGGGACATACCCGCCCAGCTCGCCGACGGTTCATCTAGCCTTAACCTAGAAGATAGTAATGGTAGAAGGCAAAAGCGGGCACCACCACAGTTCTATCTGCACTATGGTCAGGGAGAAACTGGGGTCAATTGATTGTAGGCATTACATCGGTCTGCGGTCTACGTAGACGGTGATCCGGGGGGTGCGTTCGTTTACCACCCCAACTGGTGGTTTCTTGAGCAACGCGTCTGGAACTAGTAGCTTCTGCCACGACATCCCGAGACGGCGGGGAGCCATATCGGTATCAAGCCTAGGCATGGTATGCATTCTACCCTTATGAGTGTTAGGACCCAACTTAGTGTCTGTCTCAGATGGGGCCAACAATTCTGGGGCCTCCACAGAGAGTTCACAGAGAACGCGAGAGGAGCAAAACGGGTGCCCCTTTCCCCGGTTTTCTATGTTAACACACGGTGTCAAAAAGCGAGCACGTAAGATGTCAAGGCATATAATGCTCAAGCTCTGGCCTAGAGTTGTTTCTCTCAGTTTACCGTGGGTCCTGTTGTACGCTGAAGGCCATTGACACATAGACCCGGATCACGCGGCTCTTTCTTCTTTTGTACAAATAATAGATTGCGATATGAACTCCGTGCGTTTCATCCTCGCGTTTTGCAGAGTGTGTCCATCG,1616,49.44,Saccharomyces cerevisiae
SEQ_664767,CGTTGCTGCCGGGCTGTACGTCTTTTTGACTGCAGCAAAGATATAAAGCGACAACGGAGCGTAGAAGGAATAACCCTTTATCAACCAGTCCTCGCGACGGTGAAGTGACATAGTTTACGTTAAGGTCTGCCTGCGTAGAATTACACATCTCCCATTCGGCCAGCTCCTGGCGACATCAATTCGATCCTTTGATCATTTTGACAGCGCATGGCTATGATGTGTTGTGTGTACGTTACTATGCCTTCCTTAATGGGATGAGGATACGATCGCTTAAAAGATATACAATTTTTTACAGTTGAATAACCGCGGAGCTAAAATTTGCCGATACCTGGCTCCTCTGTCCTGCCCTCTGTTATAACAGGACGGGAGCACCCCGGAGTGGATGGATGCACCGCCAACACACGTTGAGCTGGAGGAAGTGGCATCATCACCGGGACCTTCCCGGGGTACGGCGAGAATACGCGTGAGGCTGGCGTCGCATGAAACGAGTTCCCAGTTCACTAGTTATTGCCGGTCGCAGGCGGGAATGAATCGTAAAAATCTCCATCGTGCAGCCGGTCGGATGACATTGGATGGTACCCGGTTGGGTGAGATTGATTCTCCAACCTCTCTTGTGCCCCGCAAATGCTGCGCTTCAACTACTCACAATTCAACAGAACTCATTTCAACAGTTGTACATCACTTAGTAGTTTATAGGCCATGTTCGGACAAGTCAACAGCCCCGCATTTGGGATAGTCCCGAGTTGTGCTTTACTAAGTCTGTCCAGGTCGTCGATCCTCGTTCTCTCAAGCCAGCCTCAGAACGTCGAGACGACCGTTTGTAGCTTGAAGTCCTCCGAGCCCCTGCGTCCAGATCCACGTACCTAAGAAAAGTGACTGGCCTACAAGCTAGTAACCATTAACGTTGGTAGTTAGGATTGAAATCTTTAACGGGGTCTGCCGGCCGTAAGGATTCAGCCAAATCCGTGCATACCGACAATTGGAGAGCTCGCTCGCTACGGACAAGTACTCTGCGGCTCTACATTACCGATACGCTTAAGCTACAACAGAAAACGTAGGGCATCGGGGGGCGATAAGGAAGTTTCAATCTAAAAGTTATGAGCTTGTCGACAGATCATAGGATCCTGGATGTACTTGGTCCGCCACAAAAGTGCTCCTGGGGTCGGCCGTCCGCACTTTACCTGCCAATGTATGTTAGGGCGGGGAGGCTTCAGACACCATGGCGCAATGCTGTGTTCAACGGCGTAGATTGAGGTAGTTAGCGCTCGGACCCGGTAATCAGAGTGGCCGGGA,1293,50.73,Saccharomyces cerevisiae
SEQ_472102,GCAGTTGCTTGATAAAATATACCTGTAAAAGAGTAAGGTGAAGGACCCCGTACTTCCTGTAGCGGAGTGCTGCGCAAAAGATTAAACCAGAGGTGCGGAGTACTGGGCCTCCATACGGTCGGAGCAGGAGTTGCGTGCTACACCTATTAAAGTTATGCGGCTTTAGATGGCGTGCACACTCATATGGGCACCTAATCGTCACCTCGTGGATCAGCCGTCACTCCAAACCACGTGCGCTTGCGCAGCGTAGCAGGAAAGGCCTGAATACTCTCGCCAAACGTGAAGAGCCTATCGTACGGGAATGCTAGCATGAGAGAATGTTTCACGTCTAGGCGAACAACGTCCGTGCCTAAGGTTGCTACGTCTCTATTTTGAGTAGGCGGTCCATATCTATTGGATTGCAACTGAATTAAGGTATTTACAGCGACTACGATCGCTTCACTGAAGCGGCGCGGCACAAGCTCATCCGGCGCGGGCAGACTGCCTCAGTCCCGTCGGAGGGCCAGGTCGGATCCATCTTTGTGTCTGACTCTACTAAGAGTCCAGG,547,52.29,Escherichia coli
SEQ_782740,ATCCCCATACACTTAGCGTGACCTATTATACATCCACCGGGGTTCGACGCCTGTCTTCTAAGCCTTCTATAACTCAGGATTTCCTGAAAAAACTGCCACTCTACCGTCTTCTACCACGACTTGGCCTATGGGCGGTGGAAATGATCAAAACTATTAAGGTCACATCGACCACCCATGTACTGCACGTATCGGTTGACGACTGCCACCACGAAGAAGATGGACAGAAGTCAGTGTGACACGGCTTCAACTCATTTGTGTTCTTCGTAAGAATCCCTGTAGGATGAAACCATCAGTTGTATGAAGCCTACAACCTAGAGATGAAATTTTACTTGCATCCCTTACACTGATGTCTGTCAACTAAGATCGAACGGTGTTCTGCCGTACAACCTTCAATCGGAACGAAGCCGAGACGGATTGCCACTGCCGTAATCACTTGACACATTTGCCATTAAAATGCTTGCCCCCCTACGCGCGACCGAGAGCGCTCTCTACGGCCGCACCTGCATCTCTCAGGCCCCGTTCTGCGTAACGGGACTGTACGACGCAAACGTTGCGATGGTTCATATGATTAGGTACCGATTTAGCCTCCGACAGTAACGTGCGCCCAGCTTACTCTTACATATTACTCCTTATTGACGTGATGCGAGTACTTCCGATTTGGCGAAACAAAGACCGGCCAATCATACTACGAAAGGAAGTGCTAAATGTAAGAGTCTCGACACGTTGGAATTCGACCCATAAAAACCGGACCACGTAGAGGAGAGCTCCTCGAGGGGGGAAGACAGTACAACTGTTCCCCAGGCCCAAGTCTAGATCAAACCCTATTACCCAGAAAGCGACTGCGTAATCCCTAATCAGGACGCCCCGTGATAGTCATAAGGGGTACTACTTTGGTTGGAGTGAACAAACACTGCCCTAAACAAAACAAACCGGAACAAATTCATCTGTAGTATAAGAGCGCAACTTTATCTGAAGGAAACTAGGTAAACTTAACCACTCTTGGATCTTACCGCTCGCTTATCATAGGTCGACCCTATTGTAGTTGCACGATTTGTACTTGCTCGAGATTATGAATATTGCGGTGCATCCTACCCTAACCGGCAACTTATTCAAACTGGGCTTAAGCGACCTACCG,1135,47.67,Mus musculus
SEQ_500236,TGGAAATACGCTGTGATTCAGGAGCGGGACATCTTTGAATCGGATGGCATAATGCTATTACAACGGAGATTATGATGTTTCTCGCACTTTGACCCTATACTTAGGAAACTGCCCGGGACATATAGATTTAGAGCTCATACAGGCCTGGTCCTCATTCACATAGATAGTCCGTCATATGATGCGGCCACCAGTACATACACTCGAAGACTCCACTGTACCTTTTTTGGTTCTAAGTTCCCTATTACTCACAGAACCTCTTACGAAAAGCTTATCGGGGTTTGACAGTGCCGTATTGCCGGTAGTATCTCTCCTTTTATACTGTGTTGCTAACCGTTTCATAACAGTGACTGCAGGAGATTTCATTGCGGAGCTAGTATCAGCTACATTGTGGTTCGATCACGGCTCGTGTTACTCGTGAACTCGGCTCTATCCCGGTGACAGCTGTACATTGCGTAAAAGAATGAGCCCACTCTATAGGCTTGTTTTCTCTTATCGTAGATGGCAACATGGTCAGATTGTCATGACCTGCCAGATGAAGCTGCGAGTGTCGCCATCAGTCCACTTTAAGCGGCGGCCTATTATCAATACACAGCGGTGGCCTGCACCCGCCATTTGGTCGGGACTTGTGCTCCCCAAGAATTAGGCATCACTAAACCGGCTATAGATCGCAACGCGGGCCCAGCGGTATGATACGATCGTTCGCAGTACTGTGTAGCGGATGGGCACAAGCTTGATCGCGAAGTGCCTATCTTTAGGCAATTCTGTAGGCGCGGATAGATTTCAGCGACCACCGAACTTGCGGTCGAGGCTTGCTAACGATTACTAGCCGCGGGCAGACCTCGTGTCCGAGCGCGCACCCGGAAAGCACCAGCGTACTCGGATACAGAGCAGAGTTGCCCGAAACAGTAGTATGGCATTGACCTTTTAGCCTGCCACGCCACGGGTGCACCTTGAAAATTGTGTTCGACTAATCTAACTTTCGCCGGCATCACGTTGGAGTGGAACGCGAATTAGCGGGCATAAGATAACGATTCTGGGCTCGTTTCGCCAATAACTCTTTCAACGAGGTAACCCAAGCAACAGCATAAGAACTAGAAGTAGAACGGCGTATAGATCGTCCGGACGGTTTTTGTTACTTGAATCGGGGTGTCGGGTCTAAATGGTCAGATTGTCTTGTAGTAAGTTCGGTAGGATTCACCAAAACAGCCATCGGACACATTTTTTACACAAGTTCGTCATGGCCAGAGTTTCCGTTGCGAGGCGTCGCCCCCGTCGGAAGCCCCATCCCTGAGTCTAGTGGAAGCACGATCCGACAGACTGTTGGTTGTATCCCATCTCGTGAACGTGGCAGTACTTTGAGAACACTGCCCGACTCCCCGATAGTCTTGGGAGATGGTGCCGAACGATCCTCGACTTCTACTGGGGTGGTCGTATATGAGGATATCAAAGAGAGAGATGGACTAAACGTTCTCAGCGAGCGGCTGCTTATGAAAGCCGGCAGGAGCACTACTGTAGGGATAAAGTAGACGCGGTGCTGTTCTACCCATTCCACTCCACACTCTCTGAAATACGAACCATGCCTAAATAGGTGCGATAAGAACCAATATCATATGGAACTGTCCCTACCGTGTCACCGACCGTTACGAGATCATCCTAAACCAGGCTCGACCGCCGCGGCCCATATACGGCCCTAGGATGCGCACTTCCTCCCTGTAT,1716,50.17,Mus musculus
SEQ_426525,CTTGAGCTTACCAGGCACATTCTCCGCTATGTAGCGTCCTCCCTGACCTCCAAGCGATCCCCCCAATATGTCAGGAAGTAAAATGGAGTTGACTAACCGAGCCACATCGGGTGTTACCGCGTTTCGCTTTAGAGTCCATCCTGAGGATCGTAGAAGCAGTACGGGCCCCTCGATCAATGGTGCGAAGTCCGGTCTGGCAGTAGATAGAGGCGGTTGTATGATTAACATGTGGCCATTTCCTGCACAAACAGGGATAGGTTGTTACGCTCGAGACGGTTCACAAGACACATCTACCACCCCCTGGCCTGGGATATGGAGCTTTGTCCAGGGGCAGATACTCTCAGACCGGGGGGCATGTGACTGGTCCGGTTGGGTTCAGTCGAGGGTCTTGGCTCCCCTCCCAGGCTTTTTAAACAGTAACCCCGAGTGCCCATTTTCGTCTCGTCTTTTTTGGGCCCATCTGTACGTGTTATACCCAACTTTGGACGATTGGGTAAAAAGACAAGTACGTACCCCGGAGCCAATTGGGACGTGATGAACAAGAGTCGCCTTGCCTGATTAGTCCTCCATAACGCCCCCGCTGTGTGAGGCGGCGCAAGATAAATTAAGCCACCTGTACAATGGGGATTATTATCCGCTACCGCCGCTCTCCTCTGCATGGTATGTCGTGTGGGGTACGCCATTCCGCCAAGGCCGCGTATTAATTGCAGTCCTTCGCATATCAACCACGTATAGACTAACTCTGTACTAGACACTATTACTATTATCGGTCTTCGTTACCGGTGGACGTTGCGCAACTTGTCTATGTTATGATCACACCAA,822,51.82,Mus musculus
SEQ_256053,ACGACCACATGATCAAGACGGTGATCAGGTTCGGTGACTGGTGTCATAGCCCTTCGTGGCTTGCAGGCCTGTGTAGCAAAAATGCCGACGTTAGCATTTTGCAGCAATGCCTTGGGGCGGAGGTATCAGCGAGTCAAGCCCCTCCAGGAGTTCTGCACTTTTTCGTATAAAGGATGTCCTACGACGGGGGGGACTTGATCAATCATCAGCTGAGATAATAGTGAAACTAGTGGAGAGATGAATTATACTAGGTGTCTCCGATATATATTGTAGTCCTTGGCTGGTACGGATCAGTGCTCGCCACTACCGCCTGTTGGCAAAGATAAAACAGTGACGACTCAGCCCGTTTACCCATGCCCAGTAGGAGTGATATGGCGGTGGACTTCGAGTTCAGGAGGTTTATCTCCCCTCGCCCACCCTATATAAAAGCGGCGGGTTTGCATGCACTAGTAGCCTGACTAACGGAGCGGTGGACCTTCAAAACGATGGCCGGACGGGGTCGTGTCGGGAGTAAGGACCACAGTAAGCGGCCAGGGTGTTCACCGGAGGGGCCGCTCGGTCAGACTTGCCGGAGACATCGAGGTCTACCGAAGGCGCTTTGAATCATTCCATACTCACTCTTCATGTCGACCCTATCTCAAGTACAAAGCCAGCGGATGACCGTTTTGACGCTCCGCCGGTCAGATTTCAGCTTAGTCCCGACGCTCTCGGTACGGAGAAGACCCTTGCGAAGTAATGGGGAAGTTGCCATAGGAATGGACCTCAACTCAGATATGGCACCCCCACGGCGGATAAGATGAACGTTTACTCTCTAGCCTTAGTGAAGATCGACGACGGCCTTGGGACCGTTGTTTATTTTCGATCCCGTGTATACTGCGTAAAGTCAGTTCAGGATAGACACCGGCCTAAGCATGGGGCTCAGGGTGTCTTTAAGGCGCGTCTAGGTACTTGAGATTGGGCGGGCATGTGAGATCTTTTGAGCTTTCCGCACGCCGATTCATTGGATCTCACTATGAGAGCTGCCCACAGTATAGATTGCCTCTAATATCTACCCGTTACTTGCTTTTATAGAAAGACCGACCATACTGAGATTTCAGCACAGTAACCTCTCTCACAAGTTTTGGGCGTCGCTTTTGATGAATCATGACACCGGCAACCCCCCGAGTGCGGCCCCACCCGTTGTTAACGAGCGGAGCGGGATCACCATGGGTACTCATGCGATTGTTAGGCGCAGCCTGTATTAGTTTGTTTAGTACCATTTGGGTGGGCCTCAAAGGCGAGATCCTTTATCAACCCCATAAGAATTAGTCGTTCCAAGTTGGACCCATATCGTTTTAATTCATAGGTCGAGACCGTGGCCAGACTCGTACCGACTCGCACATCTTTACGATTCGAGAGTCTAACGGCCGGCCACAAACAATCAGTTCCTAATGCGTGAAAGCATGACGGGCACCACATGGTCCCCCAA,1468,51.63,Escherichia coli
SEQ_150797,TGCGTTAGGCACGTGCATCAATGGCAAACAGCCCCAAGTTGACCTCATCTCAGTTGTGGTTTGAGTGTCACGCCTAGTGCGACACGCTTTTTACTGCCGCTTACGCTAGATGCCCGCCTTGTTGCCACATAATTGCCCTGGGTCACATGGAGTGTTCCTATGCTCCCAGGATTGAGGCATCGCAGCTGAGTGGGTAATTGAGGGGACAATGTAACCTTGAATCATGGGTGACGCGTAGTTGTGATGCTTTAACCTGAACGAACCATACTGCTTAGGCGAGGCTACAAACGTCGGCGCACATAGCGGAAAAACTTGGACTAGCCTGCCGGTAACGTCATGCAGACATCCTTGGTGTCGATCGGAGGTTCAAAGAAAGGCGTTCCTCAAGAGTGAGGAGTTTGCCGTGGCTTTGAAGACATTGCACACCGTAACATGTCCCCCGTTTAATTTTCAGCGGGGCGTTCGTAACGGACGCTCGGAACCAAGGGCGGGCAACCAGGGATGAACTCCCGCGACTGTACTCTAACAGCTGGAACGGCGGACACACTCGGAATCGAACAGGAAATGTACATCTTCCCTACTTCCTGCCATCGTGCATAGCCTTAAGGTGTCCCGCACCGGAGGTTTCGACAAGGGACATAACAGGATTTGGCCGACCGATATGTCTACTGTATAATCAACACTGGAGCATTGGTCCAAAATGGCATTGGGACCGGATTTCATCCAGAGTGAGATCTGGATATGCTGTTGGCTTGTAATGTTCACTGCGCTATCCAGGCTTGACGAACTCGTGACGTTAACTTAAGGTGGGACGCAGGCCGCGTCGCTTTTTTTAAGGCTTTAGCAATCATACCCGACCGGCGCCAGGTGTACAACCAAGCGCTCGGCCCCCACGGCGTCGGTAATACCCGACGAACGCCGTAGATATCCTGGGAATTTTCTATGAGAATTATACTGGAAGAGTATCTTGTAACCTGAGGGAAATGGCGATATGACGCCC,1000,51.9,Homo sapiens
SEQ_156605,GTTAATTTAATGGGACGGCTAGCCAAAAAGTTGAAGGATAACTAGTAGTTCCCCTTCAATTAAGCCGCCATCAGTTGGTGCGGCCTTGTAATGCTTGAACCAATTGAAGCGCAAACTATTGGTTAAATCAACTGTAGGTCGTTGGCGGGACACCAATACAGGAGTCAGGATCTAACTATCCAGAAGAATATTAACGTAGGAGTATGCGATCTCTATCATCTCGCTCTAATTCGAAACCGCGCGAGAGGCTTTATATACCAGTTTGACGATACTCCAAGCCTTGGAGTGGCCGATTTAAGTAGTAAAAATCCCACAATCCGTAATGTGTGGGCGATTAGTTACGGCCACATGGTGTGGCTCCATTTGCCGCAGCTGAAGCTACTTAACGATCCGCCAAGACAAAGACGTCCACCCCATGTAATCCGACGCCGGCACTGACTTACTGGGCTATAAATGGCTCAAAAATCAGCATACTGTACAGGTATAGTGGGCAGGCCAAGATGCTAAGATCTTGGCCTTGTGAAAGCGCCCTAGGTAGCTGTTGCGTATTCTTATGTGCCCCTTCTCGTGTATGGTCCTCTGCACATTGCAACTATTACGCGGTTGTTGGTTATAGTCTTTATGGTAGGCCTCAACCGCTTGATATAACCGCGAAGTCCGTTGACAATTTCTGTGTTTCTGCACTTGATTGCGGCCGAGTGTAGACCATCCGATATATGGCTCCCCCCGCAGACTCCATAAGTTCCCCTGCATAGCCAAGCGAGGTACCTGCGTCTGAAATGGACTGAGTCAGAATTCGTCGGAGCAGGGCGTGGCAAAGCTGTTAGGTTGATCGCGCACGGCTGTCACGTATGACAGCTCTGGGTAGGATGCCCTATGTCGCTAATTTCTAGTCACTCTGGCTGGAATGTATAACTCAATCACGGGTCTCGTACAGTAAAGCTAGGGGGCATTCAATTCTTCTGAATAAACTGTTTTGGTTCCAAGTACCGCGAAGCAGGCGAATTCAATTGCCCGTCGTCCCCGACCACCTACAGCAGAGTGCCGGGCGATGGAAAGAGGTTCATTTAAGGTAAGAAGGTTAACCAAAAGCTTGACAGTTCACGAATTACAAGATACTAGAGAACTCCGGTTCCGCGTTCTCACGTATACTATCTAAAGAGGATTCTACTGGCCGCATAATGTGAAATACGGTAGATCATTGCCTAAGTTTAAGCAAGGGTCAATCTTTATAGAATATCTATCTGGGCCGTAAGTAAGACACTGTGGTACGACAAGATCCGTTAGATGGCACGGGGCGTGCACGCGAATCAAGATTCGCGAGGGTCGGTGGTGTAACGTGTTCGAGCCATGTTACCTAGTTATGGGGTTCGCTTTTGCAAGCAATCGCGCTGCTGCTGTACAAGCGGGGCAATGGCGGGTCGCTTACATAAGGCTTGGCACACGGTTCAGTGGAAGGCGCGAGTTCCTGCGGCGTCGTCAGGCGAGATGCTTACACCAGTAGTTAATGCGAATTGTTTGAGCCCGCCTTCAAACTCGCGACACCCATAGCCGATCGTGTCTGTGTTGCACAGGAGTCTT,1581,48.89,Saccharomyces cerevisiae
SEQ_651829,TGCAAGGAGCGTATAATAAGGTGACCCAGCCTCTCCCGTAAGGTCGCTGTTCTGGCACTACCGCCTGCCTACCATCGCCGTTTCGTCCCGACAACCAGGCTCCGCGGATTATGTACAGTTAATACCACGGTTCTTGTACGGATCAGGTATAATAGCGTCTACGAGTATCGACGCCTTGAACTGTGTGTGCAATGGGGGTTGTTCATCCTATTCATGCTTACTGAAAAAAGAAACATCTATAATGATCTCACAGCCGACAAGTTTATGTAACGCCTTCAGCTGAACGGGTTGACCCGTCGTCAGCGACATCAGTCCTGCATACGATACCTCTCATCAGCGGGGGTGCTTATCACTGTGCCTCGTCCGTTAATGGCCCGTCCGCAGCAAATGTAATGATAGTCTTCTTTCTGCACCCACGATCCCGGGTCGTGCCGCAGTGTCTCATTCCGCCACCGCTGAGGCATAGACTTTCGTGAGATTGGACAAGTAATTGATCACACCCATACTGTCATCTGAGAGCAGCCGGTACCATTGGAACGACTAGCTACATGCGCATGCGGTTTAGTCCGCAACCCTACCTTCTCTCGCAATTACATTTCCGAATTCTCGACAGCATGGTGAATGAGACTCAACTAGGGTGAGATGCGATTATACATCTAGAACAGAAGTAATAGGGAGTCCCTCTAGATGCTAGGGGGGCCATACCAATTTACAGTACGACTGTCAGACGACCATAGAACATAACAAAGCAGCCGTACTTCGCGTTGTCCTCGATTACGATTATTTCATAAGCTCAGTATCCGGACCCTCCGAGGGGTGTAAACCTGTGAGTACATCCTTACAAGACGCTGGACCGGGGATGGCGCACCTATGGACCTCGTGCCAGAGAACTTGCCCGCTGTCTCCTCGGCGCGCAACTTGCAGGAATAGCTGGCCCCCCTGGACGGACGAACAATTAACGTACTCGCGCATCCTCCCGTCAAACTTGATCCAGAATAGTTTCGCCGCGGGGAACACTAAGCAGCTTCGGGTCTTCCAACATCGCTGTCTGACTAGGGTGAGCCTTTCCAATATAAGAGCGCCAGGGCGGTACAGGATTATAAGGCTATTTGTTACGCTTCTTGCCCGGCTGTGTCGTTCTGCGAATGGACTAAGCGTATAATTCCCCCGGAAGTGGCACAGGAGGTCTGTAGGCCCAGTCGGATGCAGTC,1211,51.69,Escherichia coli
SEQ_904597,AAAGCGCTAAGCTGACAGATTGGGATACTCCCAATACAATAGGTGGACGAGTTCTTATCAAAAGCCTCGCCATAATGCTGACCCAATCTCTCACGAGCCTGCGACCTCGCTAATAGCCAACTTTAACTGACCAGTAGGATGTCATTCGCAGGTCGATTGGGTAACGTTTGTGCACTATAGTACTGTGACTGACAGTATGTGTGTTTCTGAGTGTGGGTGCATGTGAACTCAATGTATCGGTTGAGCTAGCCCCGATGCGCACCGATTCAGACTGCATAGCTATTTGGTATAAATTACGGCCCACGAACGCAGGCCGCCCAGCCATTATACTCTAGAGAAGTTCGCGCTCCGGCGCTACCGGACCAATCATTCAGCGATGGGACCTGCATACTTATAACTGGGAGAGGTATGCCATGCGTTCCTTGGGTTATTCTCCAGTCAATCCGATTGGCTAATCTTCGAAGTGGCGGATATATTCCGGGATTGACCGTAGATCCAGCGTTAGATGACGCCGCGTAGATCCTTCACACGACGGCGGCGGAACATCTCGACAGGGAATAATGAGGATACCGATGTTCGTTCGCTTTATGAGTCTGGAGAAGTTTCGTGTATAAGTATTTTAAAGCTCAGCTACGCTGTTTCCTCTAGTTCCTTCATACACTGGTAGCTGGATACATGTTTAAGATTATCTAGCCGTATTTACGGGACATTGGTGTTTAGTACCCATCATAGTATCCCACTGCGAAGAAATCGTTAATTATGCTGCCTGTTATTCTTGAGAGTCGATGCGGCTAAGCCTGTTGCTGTTGCCCGGTGCGTAGCACGCCCGTCTGGGAGCCCGAGCAAGAGCAATGGCCCCGGCAGAAATGTTTCAGGGACGACATGAGCCACGCCGCTAACAGGGAACTCCTCGGGAATCAGAGTACGGCAATTAGCGCCGGTTCGGAGGACAAATGCCATGGTTTATCGATCTTTGGTACACTAATGTAGTGTTAATAGGGCTTTCAATTAACGGCGACCCACGGAGCGGATTATACCCGCCTGAGGCGACCGTATTTTGACTGCAGCTGGCTCCGGTCAAAATATGTGAGCTAGGCGCTTATCTGCCGCGCCAGTTTTCTGTAAAGGAAATATAAGGACACCAATAGTGAAATTCCTAGAATGGATCGTAGGGGTATTAATAGACAAACGTGCAGTCTTAAGTACTAATCATACGTCAAGAGATAGGCGCGAGCAAAGCTACGACTGCGCTTATTTGTTGCCGCGAAGCCCCAACTGAACCACTAACATGACGATAGCGCTAATGATTTCGATTATGGCTCGGTGTCTCTTAGACTCCATTTGCTTGTGTGTTCGTGCTAGCGATATTCCCGCTGCGACGATAGCGGGCTTAGATCGCTTGGTCACTACAAGGTGCTGGTAGCAAAGTCGTGTACGAGTCGCTTATTAACTTTTATACTTGCCGCGGACTTACCTGGAGACACATAGACGACATCTTTGACAAGACGCTTCAACTCCTATTCGTGAGTATGTATGGTGAGAATTCA,1547,48.42,Homo sapiens
SEQ_575185,AACACCATAAAAGATGACTAACAACATCGTGAGGCCCTTGGACGCCAGTACCTAGGGATTCGTGCACACGCGTCTCAGGTCAACCTAACAAGACTTTCTATGTTGTAAAATGCTGTAAGGGGACCACTCGCCTTGGTAGCAATTCACTCGATGGCATGGCCGGTGAACTCACTGAGGACGGTTAGACTAGGTAGGCCCCCCGAGATAAGCGTGCCTGCCGGAGGGGGGGCAAGGGAAAGCTCTCTGCGCTAATTCCGATAACTGGGGGGCTGGCATTTATAATCAATCTCCGTCAGTGACAGTGGGAGCCAAACGCGGGGTCGAAACGCCTCAGACTAGGACTGTTCGTAGCCGAAAACCACTGCGCAGCTTCACCGTGCGGGTCAAGTTTTGTTGAATACGGGTTACTTTCCTCCATACGTCAGGGAAGATCCGCTTACCCCGTACTGTAGCCGCACACGCCCTTATTGCTCCCTGCGGGCACTACGGGGTGACTCAATTTATGCGCCTCGGTGAATCATCTTTTAAGCGTTGCGGTAGCTACGCTAGCATTCCACGCCGACCACGTGGAGGACGCTGGGAAAGGGGAATAACGTCGTTACAGTACGAATAACTTTATCCACGCACTGGCTGCCCAGTTGACCGTTACCACAATTTGTATGGGGTCTTCAGCGTGATCCGAACAGTCT,689,53.41,Saccharomyces cerevisiae
SEQ_765402,TTGGGCACGTTCGCGAATGCAACTGTGGTAGACCTACTCTGACGAGTTCACTTCGATCATCTATGACTTCTCACTCCCCCTGATCGTGTGCGATGATGATGTGACGAACTCAATTGCCTCACTTTATGAGTGTGGAGCGGGAGTCACCCCTCCTATTTTTCGTTTCCCAGGTTACTGATCTTGAGTAGCAGCTTCAGATTTATTAGTGGGGACGCATCCAGGTAATGTAGAGTTACCATTCGAACTTCGACACTATGATGGCGGTGGAATAATACTACAACATCCACTTGTCATGTCCGGAAGTGGGGGGCTTGTCACTTTAGACTATTCGTCCATCCTAAAATGGCCTAGACAGCCTGAGACCGCGCAACCGCGTTGGGTTAACTAAACGAGTAGTACCCTATTAGGACCGAGGGGCTCAGAATCAAATCCTGAATCTGGATGCGCTACGCATGCACGGGCAAGCACACAACAGAGGGGGTGGACGAGTGCTCACCTGTTCGCTATTCACCCAGCACTGGCTGGACTTACATGGGCCCCCAAGGCCCACTGCTCTTTTGTTAGGAAATACTCGTCGCTTTGCCCTCCCCTTTCCTCTCTTTCATATCGACCTACGCGGGGGAAACTGCACTCTAGATCCACATTAAATCCATGAGGTCTTTTGATAATCGCTCGTTTAATTGATTGCTGAGAATCGGGCACCGTAGTCCGAGACTTCGATTCTATGACCCGAGTTGGGAGTGTCCGTCGGTAGACGTGTGGATTTACTTCATGCAAGCT,780,49.87,Caenorhabditis elegans
SEQ_954861,TATCCTTTAGGCCGACCTGCCGTGGTTCTTGAGCCGATCGTGGGTAAACAACCGATTGGAGAGAACAAGTTCAACATTATGAATCAATCCTCCTCGACCCGCCTATTGGCCCCAAGGAATCGGGTATTAGGAGTATGACCGGCCTTTGTCCGGATTCGTCCAGTCGTAGGGTACACCGCGCTACGTGAGCAATCAAACACGCCTAGAATACCTTAGGGATACGATTTCCCTACCATATCAATGACGCGTCCGATTGACTCAAAGAAGCAGTTTGACCCACACGATGAGAATACTGGCGGTCTAGGGCGGGAGGCACCTCAGTGTCGTAACTCGCAGCGCGCCGCGGGGATGGGACAACCGTGGCCGTGGGCGTGGAAGCTGAACATGCCCTAGTGTATATTACATCCTTTTCTCCCTATATTTTGGTAAATCGGTTGTTGGTAGTCCAGGTAGGGACAACCGTGACTCAACGTGAAAATATCGTTTCTGATCAAGAAGGCTAATTTATTTCAAGGTTCAATGGTAGCGTACATCTAAATAAATGGGTCACAGCAAGAGGAGAAGAATTCTCGTTACTTAGGCACACCCTTTTACGCGTCCGTTGCTTTTGAGTAAATGTACGATTTTCGATCGACATGCTATGTAAATGACATGTATAGGTGCGACGTGGTTTATCGCTTTACCGGACATAGTAGCCGGTTATGTTACTTTTGCGGGAATAAATCGTTGAAACTCTGAGATTTCTATTTACGAAAGCGGTCCGCGGCTGCTTGTTTAGGGCTTGTGAAGATAGGTCTCCAATTCTATCGCCCGTAGCATCGCGCAACCCACATGTTTTTTCTGGTACCATACAAGGACGCATTCAGATTGTAAGGGCGCAAATTTCCTCAGCCTACGAGGCGTCGCACAGTTTTCGTTGCAACTCGACTCAAGATCATCTCCCAAGGAGGGCCTAACGACTTTTGTACTTAACGGGGGACAACCGTGAGCGCGATCGATTGCATGACGCCATACCTCGGTTTTGTTGGTTGGGGGTGCTATAATCACAAGGCAAGATACACCAGACTCAGCGGGATAGAATGCCTACCTAATCCGGTGGCACTTACCTAGTAAATACGCAGTCAGCAAGCGTGAAAGCGCTGACGCTTTTTAGTCACGTAGCGCGCATCCTATAGGCTGCAATTCGGGTGTTCAGATCTTAACACGCTTAAACAAATTGATTGGGGATACTGGCTCATTTAATCAGCTTATGCAAGATCCACGTTTGTGGGGTGTTTAAGGGTCGGCGAAGAGGGGTCAGGCCTCGGAGCCACCTTTGCATAGGATGTTGCGCTAGGATGGGTGTCTTGAGAACCGCTAGATTCAACGAGCGGCCTAGTCCTATTGGCGCTAGCCACTTAGCTTCACATGTACAAGTAAAATGCGCACTGTTCTTCGGGCGCCTGGTGGTAACCGCGGTACTGAAGATATGCCAAAATCCTTCCACCGCACCTTGGCTACTTAGTGCTATTCGGTCCTCATCGGCGCA,1528,49.15,Caenorhabditis elegans
SEQ_705538,CTGGGCCTATTGCACCGGGGTCAGACTGTGTAAAAACGTGAGAGCTTCAGGGTCGGAATCGTGGCCAACAGCCTGTTAACGTTTCTCATACCGAGCTGTTGACACAAGTTTTGGTCGTGCTTGCCGCAAATAAAGGGATTCTGCCCCGACGTTATGGTCTAAAGTTTCGGTTTCCCCCTCTGCGGCTCCTACATGCGTTTCCCAAGAAAAGTCTACCATCCGCTTGGACTATACGACTCGGGAAACCGGGGGATTATATAGGTATTTTGACTTCCGAGTCCTGGACAATAGGAGACAATACACATCGATTACTCTGACGTGAGCGTTCAGCCTGGAACAACTCCCCTTCCGCACCTTTGGATGTCAACGATCGCATGGACTGCGGGAAGCCTTAAATGCACGCATATGCGACGGCGCTAGCGAGATGATGGCACGAGATTCCAGGGAACGTGATCCTGACCAGTGGTCTCTGCTGGGTCTACAGACTAAACAAGGGACGGTTGATTAAAGCCTAATAAGTATAATCCAGACAGTAGGTAGGCTGGATTCGGCATGTTTGTCCACCTCGCTACTGGACTAACGAACAAGTGATAGCCTGTCTGGTCAGACAGATTTAGACTATGACAGTGCCCTTCACCAGTTCCTTTTGAAAATGTGGTGTTCGCACTCACGAATGCGCCATGTGAATGGCCTGGCCCCAAGCTATTAAACGCGGCATAGCCTCATGAGGGGTTTACACCAATAGTGCCTCCCCCTGCGTAGGGTCCAACCACACGCCGGGCAGATTAGAGAAATTTAGACACGTTACAGTCGAAAGGGAGCTCGCGGTCCTGCGTTTACTCGGTCCAACGGAAGTACTGTTAGTCAGCCTGTGGCTTAGTCTCCACGCTATAGACGGGCCGTGGTGGAGTCCCAGTTGGACGTAGGTCTCCGCTTTCGACACTCGCGCTTGTACTGGGGGCAGGAAAGTGGCTCACCGGACTTTGCGTATTCATTATGATTGGGTACATGAGTTCGGCTGTAGGCCTAACCTTGCCGACCTACTACCCCGCATATTCCGCCCGATCAGCTGCTAAGGGTCGTAGGTCTTAGAGAGAAGATATATCCACAAAGGGGAGGAAGTTACAGCGTAGCGAAGCAACGATTGCTCGTCTGTTGGCCGTTCCAGAAAAGCCCTCCTGCTGTTCCAACAGGTTTCGCGAGAAAACTGGGTTCTGTAGTCCTTTTCGATCGAACCGGGATAACTACCGGACGCAGCACGAAAGGACATACCATACACGATATGGCGGGGTACAATTCCCGCCAATAAGTCCTAACTAAAGAGTTTACCGGAAAATTGGCCGTATAGACCCGAACGCGGTTACCGCAATATATGCGCATGCCCTAATAGACGTTACGCAATAACATATCTGAGTATGTAGCGATTTGTTAACGTTACCCTCAGTCTATTACCAACCAGTGGACAACGCCATCGGGGAGGCGTACTTTTGGGGGGGACCCATGGTGGACCAACGTGGACTGACCTTAGCTCGCTGGTTCTATGTATAGTTGTGCTCAACACGACGGCTGAAGTCCCAGCGCAAACCGTCCGCTTATGTCTTACACAAAAGTAGAGGAGGGAGTACTCTTGGTATTTAGAGGGATGCTATCTTCCTGCCTTCTGTCCCAAATTACCCACCTCACGGCGAGTCACCACGGTTGGCCACGGTG,1710,51.46,Saccharomyces cerevisiae
SEQ_664311,GCAGCTTCCAAGCCATACCTTGTGCTTGCCACAATCAGCCTTATCGCTAACTGGAGAGGTGCTTTTAGGCGGACCGGCTGGGTGTGCCGTAAGACGATAAACTGTAGCAACTGCCCTTACTGCTGCAGCGGCATCTAAGTCATCCGTCCAGTTTTAAGATGGACGGAAGTTTACAACTATACTCTAAGTGCTCGGCGGAGATGTGGAGCACCTCGGTCTTACCTGCTACTAAGAACGAGGTAAAGATTGGGGAAACCCGCATGGTCTTATCTAGTAATTATGGCTTTACTACAGGATTAGTGATTCTAAGAGCGCGCAATTCACGTCCAAGCACCGAATTGGGGCGCCTTGTCGATGGCTGTGCAAATACTGACAGTAGGGCTTTAAAGCGATCTCAAGAAGGCCTCGAGCGTGTAATGCGGATAGGCCCGAGCTGTCCTTGCCTGTCTTGGCACCTGAACGGTATGCACAACACCCTGCTCAGTGGCACGAAGAATGGCCGCTTGATGTTAACTACCCCTTGGTGCTGTGTGGGTCGTTCACGTTTTTTCGGTAAGCATGTGATGCACAAGCGTCGACAGTTGTTATCAGATGAAGTAAGTACTCTTAAAGATGCTTGAAGTGGCAATCAGGAGTGCTAGATATCACCAGGTTGCATATCGGACAACAGGCTGGCGTAACTTCGGTTAGTTTTTGCGGTAACGGTAATTGTCTGAGCGCCATCAGTGTGCCAGCGAACTGGACGAGCGGGCTGGTCCAGGTTGGTGAAAAACAAACACTCGTAGCGCCGTGCAATCTACGAGGCCATCTAACCCTCTGGCATACATGATAGCATAATAGAAAACGACCCGTAACGGTATAATACATATGGTCATCAGCCTGCGGTAGACCTACCGCTGTCCTATGTTAGTGCCTCATTCCCAGGGGGAAGATAGACCGTGATAGTAGACTAGAACATCTGCGGGAGGGCTGCTTGCAATGGATGGCGCGA,991,50.35,Arabidopsis thaliana
SEQ_689728,TGAAACACGTCCACCCTGTACTCATGGCTTGTCTGACCCTAATCGTTTTCTCACAGTACCGCTTCTGCGGCGGACCGTTTTGGTTGCAGCGCGTCCCTGAAGTGTTTGCAAGATGTGTGAGTATTTAACTTAGGTAATATCCTCGGACCAAGTTATGCCTGAGGTAATAAGCTTAAGCGTAGTGGCTCCTTAGCAGGAGAGATGCTGAGAAGTCGTTCCAGTGCGAAGTGCGGCGCCTATTGTAGTGATCAGCCTACTCGACGCTCCTGCTAAGACAATCACTCGAGTCCCGAGATCTGAACATAGCACTATGATTTGCGAATCTCGGGTATGCGGGTCATGTGTCAAGTACCGAGGTAAGCTGCTTCCCAACTCCGCGTGTGTCACCGGTTAGAAGACAGAAATCTCCCCCACAAGCGAATCTCCGTTGGGTGGCTGTGTGGCTAGACTCAATGTTTAATTTTTTGATTAGGTATCACAGATATGCTAGAGAAC,495,49.09,Drosophila melanogaster
SEQ_230057,CCAGCTCGGGGTCCCACACAGCATAGCCGCCAATTCAGCTCGGCCGCGATATCTCGAAGTTACGCCAGCGTACTTCACGGCGCGGTGCTCGATTAGAGCCCGGTATGACTCTACACACGCCCAACTGGCGACCCAGATTTCGTTACACATGTAGGAGAGAATTCCTGGCATAACGGTAGACGCCCGATATCCTGATAACCCGACCAAACATCTCGGTTGCGCACACCACCGTGCACTAGGTTCTAGGGCAAGGTTTAGCAAAGGGTCCAGACAACTAGAGTTAAACTGTTTCACTGTGCTGTTTACAGTCGTTCCATGGCATTCAGACGGTAGTAGGTGTGTGCATTAGTAGTAAGGGAGCGACCTGACGCGTCGGTACAGGGTGCTTTGACTGGTTTGGCATTTGGGTTTCTGATGAGATGGCCTGACACCGTAACCATGGTTTCATACTATAGCGGGGCGTACCCTACACCATCCGGGCGGCGAGGTTAGGTGCCTTGACGAACGTACAGAACTATGTTGCGTCAAAAGCAGCTTACTTAGGTTATAGGTCGCCTTGTTCATCTACTTCCATCCAGGGAAACGAGATCCCCAGACTCGCCGTTGGACTACGTGTGTTCTATGTGTTGTTCTGCAGTTACTTACTCGTTGATTCGAGTGTCTTAATCAGGTGGCTCTGGACCCCATGTTGCGCAGCTGCGGAACTCTTCGAACTGGGTGGACCGGGATTAACATGCCCCCTCGTACTCTTTCGAGCCTCCCTCAGAGAGCGTCCATCGCGCCTTACATGGTCGGAACGGTTGTGTCTACGTACTATGCAAGTACCGGGCTTAGGTCATACTTACATCTCAAAGACAACATT,862,52.32,Homo sapiens
SEQ_885604,GGAGGCTGAAGACACGTGACCGCCGGTCGCGACCCCCACGTCTAGGCGGACTTTGCCGAGATACGGTTGCAACGGACGTCGCCTTAACACTAAGCCTTATCACACTTAAATAAGAGCTCGGGATGACTACACGCTATGAATCGGGATTAGGGTGTTTCACCTAAAGTATTCGCACAACAGTATAGGGGGATGGAGAGCGTTCCTAACACCGAATCCCTTTGCCTCTTGGGGCTAAATTTCACTGCGATATAGAATCTGGCATTCTGGGCTTTGTAAGAACGACGTCTTTTGCCACAAGAATGCACCACATGGCCTTGAATACAGCCTCTAAGTTTACTCCCGGACCGAATCCGCTCGGAAGGAGAGCCGTACGAACACGATTGCGCAGCCTACGTCCTGCAGAAGCAAGGCAAG,414,51.93,Mus musculus
SEQ_114147,AGGACACCACTTCATATAGCTCCGGTTGTCAGCACAAGGTGAATTCTTCGTGCCCCCTGCAGATGACGTTCTACTAAGTCGGCTCTAGTATCTGGCCTGAAAAATACGAGTCTGCCCATGATTCCGACACAGGGCCTAGGATAAGAGGGTTGACAGGTCGCGTTATTTGGCGCTATCAGCAGTCTACTTATTCATGGTTTGCTAAAGCGCGATTGACAGGATGGACATTTCCTCTGCCGACGCATCCGTGAGGTTAATGATTACGCGTGCTCGTGTTTTGTGGGCGAACACTGAAGGGATTCCCGAGCAAACATTGAACCCCTAGTTAAACTCATTTTGTCAAAAGGTCCCAAAAACTCTCAGCATCGTAACTCTCACCCACGAAGACCTAGGAATAGTTAATAAGTTCTTCGCGCCTCTTGAACCGTGCACACCAACCCTCCGGTTTCGAGTCTAGCCGCGACAGAGGACTTTGGTCGCTCGAGAGACGTGGGTAATTACTAGGAACCATCACGCTGCGGACGGTAAAGGAAGGAAGCTGTTATTACGGCGTTATTTGTTTCGTGACGCAATGTGGGAACAAACGCGATATCCGAATGGTATAAGCACTCAAGCCTTCTGGATAATGAGTTCGGATCCCTTCCAGAGTACGAACGCACACTTCCCCGTTACTGACTGTTAACATTTCCCA,691,48.91,Drosophila melanogaster
SEQ_513099,GCTAGAATTCATTCCGGGTATGAGGTTGGGTTGCGGCGCGACCGATGCGAGACTGTGAGGTGCCTTGCTGCGAGCTCTGAGCGTGGTCTACCGTAACGTAGTGCCCAGGTGAGGCGTGCCCTGTCAGTTCTTCTCCGCCTAAAGAATCTTACACCCAGGTGAAATTCTGGGGTCGCTTGACTGTGTGAGAGTGACGGACCACGGGAGGGAGGGCCGGCTCAAGTGTAGCCTTTTGGTTCGAATGGTAAAAACCGGTCAGAATTGTTACGCGGTATCGAAAGCTAAGTTCCCTGGCTCCGTAGTTGTAATAGTTGCCTTGCGGAGCTTTTCAGTTTCAGCTTAGGTACTGTATGCAGGACCCCACCGCTCCCAGAATGAATTTATCCAGAGTATTTAATCGTGTCCCGCGCCACTCCTCGGAATGGATCTGCTCTGGAGCTAATACCAAAGTTCGTCGCTTACGGGCTTGGGTACGTTGGAAGAACAGCTGTATCAGGAGATCTCTATTTACGACTAGGTCGATGTCTTAATGCGACATGCTAGGTCGACTAGATAATTAGGGCTGACGGTGAGCGCTGCATATAACTATCAGTCGTGGCGCGGACTATATCCCATCAGTTAATGCCACAGACTCTACCGGGGGAATTACTGTTCTTAGACGCCCATCTATAAAGGTTGAACTAATCAGGTGCACGGCCACGTATAGGCCAAGTAGACTAGCGCTACGGCGTGGTTCCTTCTTGTGAAACTTATACCACGAGGTAGCCATCACGGACGACTATTCTGTCTGGCGTAGAAGGGGTGTACGATTCGCGCACCCTCCACAGGACTTCGTGCGAACCTGCCTACACTCCACCCGTGCGCTGCTAATAGTATATCTCACTCGATTATAGCTTTTTCACTGCGTACCGAGTGGCTTGTTCCAGCCATTATAACCGCTGGGAGGTGTAGTATAGGGAGTATTGACATGGTCATTTGTTAGTTCAGGTGCGGGGAGCTCTTGGGACTTAATTGAAGGACGGTATATCTAGTATACCAAAGGCTGTCGAAGAAAGCAGGAACAAGCTTGAGGCTGGCTCGAATAGCCTGACTCCGTCGTATTCTTGTCGATCTCTTCAGCTGAAGAAGGGGCTCGAAGACTTTAGGGTAATGGTCTGTGAACAGGAACTGGTTCCAGGGGCTCACTTGCAGGAAGGACTTCCACGCCAGTTCTGCATGGGAACACGGCGGACGACTTCCGCCTGGTCTCCTTCGTACTATTTCCAATTATAGGCATCTAACAGCTTTAAACAGGTTCCCTGATTTAAATGAGATACAGGGAAATCTTAAGTAGTGACGTACAACTTATCACTCTTAGAGCTTCATTTAGAGAATGATGGGTGATTAACCAGGACCTATCTCTGGTCTCCCGCACGGTATGCAGATGATGACTAATTCCCTTGGCTACGTTGCCACGTGGTGTAAAAGCGGCATATTGAACGTTTAAACGCCGTGGGTGCCATATGGCGTCGGACTAGTCCAGAGACTCAGATCGTATGGGCTCTTACTCATAGGGTTTTGAGTTATTCTGGAACTAATGGAGTGATCTGAAAATGATTCCAAAGCTAGGCTATAGCATGACCATACGAGACGGAGTTCTATATTCGAGTCCTACTGGAAACCCAGGAACTTATTACAAGCCATAAGCGTCCGCGTTCTTAATGACGGCAACCAAGCACTCCTTAGGGTAGGAGTCCTACTGGTTAATGGTATGCATCAATTCTAACTGCGTAACTACAGTGTTCATAACCCACGATAAGGAGCTTTGCGTCCTACAGTTCGTGCTTCCCGAACACTCTCCATGCAACGATTAACCGCGCGAGATTTTACGTAATGCGCGGGTACTTACACTAGCAAGGAAACTTATGCGTTTGCAAAACTCCCATAGATCTCGATAGCTCTCGGACTGACGCATGGACAGTTGCGTATGCCACTAACTAAACCTTAGCCATCAACTT,1997,48.97,Mus musculus
SEQ_237159,ATGAGTCTCTATTCGGAGTCCGGTATATGAACCTTTCGGGGCAGGCGTGATTCTTCGGTCATGCACCTCGTTGCCCCTCAATTCTACCGTGAAGCGTTCTGCAGTACCATTTGTAACAGGCTGTATCTAGAAGTAGGATCGGCTCCGCACGGCAATGCTTCTGGTCCGGTCAGGGAGAACCAGACGGGAACGCATGTGTGAAGTACACTTTGGAGCTGATGTACTTACGGTAGCTGAAAACAGTATAGGAGTGACCGCAGGGTGCAGGCGGCGGTGCAGGTCCGCTAGACACTCAGTAGCCCCGGTTCTTCCATTGGCTGTCGAAGAGTCGTCTACAGGGCCGGTCTAAGACACCGCTCATAGCAGGACTAGCCGGGCCCCGGGGATCGTCAAAGGTACCTGCCATGGTGCAAGTGACCACCTAGTTAGGAAGCTCTTTCTGTAGTGTGGGACTAATCGTAGAACTATGAGGACAATCCCACAGAATGACAAGATGTGTCCAATTGTGTTATTGTGGCGCTTGTCTGCAATGCATGACTCTAGATTTCTACACACAGCCACCTAGCGGCTTTCCCTTCTCGGACTATTATCCTTTTATTGTGTTATACTATTGCACTTTAGACAATCTAGCAAAGAACTCTACGAGGTGGTAGTTTTGCTAGGAGCTAGACTTATAATGTCATACCCTGGCCCCAGGGGTCTTAGATCAAATAGGGTGACAGACCACTAATATGGGCTCATTACCCCAGGGCAGGATACCTATTTCCTGCCCACATTTCCTAAATCAGGTATTACGGTCTTGGCTTTAAGGCCTTAAACAACCAGACAGAATTCTCTCAAGGAACAAATTATCTAGGCCTGGTGGCGGTGAGTAGTTAAGAACATAATTCGCACTGCATTTAGAACCCAAAGTGCAACCCCGTACTTAGCCGACCATCTACATCAACATGCCCAAGGGGCTCATTGGCTGCTGCACTAAGCCTGTATGTGAACTTTATTCACGGATTAAATTTGGAGTAACTTACTTTCG,1030,48.64,Mus musculus
SEQ_767913,TTTCGTCAGAGCCATATTCCGGGGGAACATGTTAGTACCGCCAGATGAGTGTCCATAACTGCAGATATTATCCGCGGGGCACATTCGATGGCAAAGTTTTAGCCTTAATCGAGCTCACACAACTGGGAGTTACCGAAAAACAAGGCGGTTAGCTTTACCATAAGGGCACGGCA,173,48.55,Saccharomyces cerevisiae
SEQ_472619,CTTGTGCTAGTCGCTCACACTGGTCAGGCACCCAGCTAGGTACCTCGTGCTATCAAGGCGGATTGTGCTCGCTTCAGCATCATACGAACAGTAGCAAAAAAAGGTAAATGGGTCCACTATCCGTGTATCAGGCTTCTGATATCTGGCGTTCTTAGATACATAAATATACTATACCCAACTAATGAAGCAGTAGGCGTACCTCACCAGCATGACTGCCCGCCCGTCGGAGACCAAATGCGATACTTTCGCCATCCTGGCAAAGTAACACGATGATCACCAGGTGTACGTTTTAAAGACCCGTAACAATATTACCGGC,316,48.1,Arabidopsis thaliana
SEQ_349244,CGTTAGAGACAAAGGAAGCGGGCCCTCAACGCGTGGTGTATTGCCCCGTAAATCACGCGAGAGTATCCAAAGTGCATTCCCAATCTTGTTTTTGAACCTGGCAGCTAAGATCAAAAGAAACGCTCGTAAACGATCGGATGGTTGCGGCGCTGGCCCGCCTACTCGCGCCAATACTGCCAAGAAGCCCTAAGTGCGACTGATGGTCTGCGACTATTTAGCGGACCATACGAACCCAGGCGCGTACCAATCTGGACCCGAATTCGTTTTGCATCTCCAATATCGCTAAACCCGGGAACGATGCACTGGGAGTGATGTGTCAGCTACCCATTCGCCCCTTAAGATCTCTTGAATGAACCCAGATATGCTAACATTATGGCTGCGCATTACTGCTTCTCTCTTGTACGCATCAACTCGCCCCCCCCACAAATGTAGTCAGAGTCCCCTGATCAGGTGTCCGTGAAAGCTCCATGTCCTGGAGTACAAAAGACCCGTACCAGCAAGTAAATTCAAACTGTGGGTCAGGATGTTCTTGCCAATGTCTTTCAAGGCCATTAAAAATTCT,562,50.18,Saccharomyces cerevisiae
SEQ_130502,TCCCATGACGAGTGCTTGGCGACCAGGCTGGGCCTCGGTAACGGCTTTCAATACTAAGCCGTTTCTAGGCCTCGGTTGTTTATAATGAAAATAGACTGCAGCACTCCGGGACATGGATGCGAGTATGACAGCTGCCGAACGGTCACCGACGCTGACTAGGAAGACTGGGGCACAACCACAAGTAAATTTAATCGACACCATCGGATTCAGTGGATAATTACGTCATTGGCATCTGAGCAGGTCGTTCCCGACGGCTTAAACGACTACGGCAGCTTTTTGCACATTAAACGGTACATAGACTCATTTACGACTGCATGGTGAACTATTGTTGACATTTTCACACAGCTTTGGCGGCCGACCGGGGAGGGTCTAGAATTTAAGATGGACTGTTCAGTGGGAACTATAATCACCCCTCACCGTGTTGCCAAACATGGTACTCTTAAAGATGGTCTTTTCAATTAACTCACGCAACCCGGTTATCGCCGGGTATAGCCGAGGACTGTATATGTATCCATACCCGTACTTCACGACTTCCTCAAAGCGCGGAAACCAAATACTTTTAAGCCCATGTCGATCCCGAATTGCTTGCGGCTAAGCGTAAGCGGCTCTACAAAGAAAAACATGATTCAAGAACACATCCCGTGCGAACTGAGGCTTGAGACGGATGGCAAGGGGAATAGACTCACCTCTCGTAGGCTCAAGGAATCTGAGGCCGGCATCCGGGCCAGTATCACAGGTCTCTCGTTCTTCGCTCTGGTGAAAAAGGTAATGTATGGGAATCCCAATCCGATTAGAAAGAGAATACGGGATTGGACCCATCGTAGAATGTACTTAGGGTTATAGGTATCTGATAAGTTCGACAGTATATACTGCCCTTAAGCAGGGTTCGCAGCCCGATCAGCACTCCCAAATATAACGGCCGCTCCTAAGCATGCGACTCTGTAGTATGGAACCTTTTCTGCGTCGTGACACCACAACGACTGAGGGTCGGTGCTTGCCGCCGCAGCAGTGCCGGAAATTTTATCCTGCCCAAAGCATGAAACATGATTTGAGACATCGCCAACTTTTCTGACTTCACGAGTTCGTCGCTGGAACAACACCGGAATGGCTGGATGAGGCTTGTCACAGCGAGACGGACTGAAGTAATGTTTAGCAGCATTATCTTTTTGGCACTGCTTCGCAGATATGAAGCAGCTTTAAGTCTTGGGAGTACCGGGTTACGGACCAAGGATGTCTAACGTTCTCCCACTGACTCGTCTCTCACACCATAACCCGCTCCATACGTCGTCCTACGAATATTCCTTTCAAACAAAGTCGTCCCGCGCCCGACAGCTATTTCAATAGGTACAGCCCAGAGTGAGCAAGGCAATAGGAGAGCAGAGTGTCCGGCA,1391,49.39,Mus musculus
SEQ_532339,CGCCAGTTCTCTTTTAAGGTCTTTAGAGCATGATCGTAGTAAGGCGGCTTACAAGCGCTTTCCGCGGTAGCGAGACCGTAGACCCAGAGGATCGCCACAGTTGACTCGTCGGGATTAACTCATTTGCTTCATGCTAGTCAAACAAGTGTGTGGAATATCAATGGCGGACCCTTTTGGACACCAATTACAGGGCTCGGTACCTTAAGAAGCC,211,49.76,Arabidopsis thaliana
SEQ_326872,GAGGCTTTATACTTGCGACGGACCTATAGAGTGGTTGTTATACAAATTAAGAAATCGTCTAGATTAGCGGCGTGTGACGTAGCAGAGGCTGACTATGGTGTAGCAATCTAGAACGGACGTAAATTGACGATCCTCTTGACGGGCCGTGAGCGCGATTAAACGGTAGAAGGGCTACGGCGGGTACCTGCGCGCTAGCCAAGTCGCAACTCCGCCCCAGTGTCTCGGGGGCTATGTGTGATAATGACGGTTAGTGTCTCCATAGCATGCGGAGCCGTTAGTCGCTCTAAGTTGGTCTAGTCCGAGGCGGCGCGACTCCTGGCTATGGTGATCCGTCGATTAGTAATTTTCTAAGTGAGACGTGCCATAATCTGTGATCCGAAGGTATCAGAACAATATTGACGGTCCTAAGTCGCGACTACCGAATTGGATTGGGGAACGTAAACAGCGTACCGCCTGGTCTGTGACAGGAGGGAGGCACCATGCCGAAGATTTGGTAAAACTGAGTTCTAGTGGTTTGACGGCAGCGCTTAGTCAAACCCACGTCTTGCGTCCAGATATCCTCTGCGCGTATGACGGCCCCGGGCAGCGATCTCCGTATATTTCACACGACGACGATTTCGCCGTTCATTCACGATAGCAGAAGACTGCTCGGCGGGGGGTTAGCCCGGATATCAGATACCAGATAGGGACATTCCGTTACTTTTTACTTCTAGAAATACATACCCAGTGATTGCATAAAGTTGGGCAAAGTGCCAGTGCAAATTGCAGCCGGGGACATCTCGTCACCTTTATAGAAACGGAAAAGTTACCTTTTAGGTACATAGAATGTGGCTAGTCCTCAAGCTAAAAAATCAGTCGGCGAGAAGAGGCGCTCACCGAACGTACTCCGTGTAGAGTGAATGTTCCTAAGAGTTGTAAACGCCATCGTTCACGGCAACGCACGGGGTGGCAATCATATATCTCAGAAGCAAGAACCATTACAGACGAATGAGCCTGTACTCCCACCCATAATAAGTAAAGTCCGGCCTGCTAAACGTAGGGACGGGTAATACTA,1054,50.0,Caenorhabditis elegans
SEQ_471200,ATGGGAGCCGTTCCATGTTTTGGTAAGATTGTCCCTAATTACAGCTCTGGTCTCGATGTTGGCTGGCCCCTATTGGGCCGCTGTTATCGCCCCGCGAGCGAGTATAAGATCCCTGAGTCTGTCACAGATTGAGTCTAACCTGCATCTAACGTTGTTGTGGCTGCAAAACTTACACTAATAGAAGTATTAAGACTGACACTGCCGTAAAGAGTTGTCAAATATCAGGATTCTTAACCGCCCTGCTTATCGCAGGGGGGCGCTACGTTTTACGCCTCACATGAAGCCTGTACAATAAGCCTATATCAGGTTCCAGATAAACCACGCCCTTTTCCATTAGCCCCATTCCGGGCCCGATGTTCATTGCTAAATGGGTCGGACTATAGAGGAATTGCTCGGCTAGCCGGGAGTCCCCATTGGGTTCAAATAGTTTTGGAGGTAGCTAAATAGCTAGACGTCGTTTAGCATCGAATTTTGTGGATACGAATCTCCGCGCTATCATT,500,47.8,Drosophila melanogaster
SEQ_703183,GAAGTATTTTTAACCTATAACCTGTATACCTAAATGGAGTTCTAGGGTACCGCGTGGCCCATATGCCTAATCGCAATAGTCCCGTCGGTGAGTGTAGTAGACTATACTTTCTTCGTGAACTGTGACATGCAACAGTGGTTAGTCCCAGGCTTCGGTCACACTAAAGCGGATTAATGCCGCGTTTCGACGTTCTCACTGTAGCGCCAAGCAGCCTAGGAGAATTGGAACGCCGTACAACTAACTGGTAAGGGTGGGCGGAATTACTAATTATCCCAGGATAGAAGACGCGCACAATAACCAACCCCGAGCTACTATCGAACGCGTATAGGAATTATACGGACGTGGATAGGTTCCCCCTCCTTACCCTATTTATGTTGGCGATAGGACTATCTGCCGATGTACACGTGCGGCTGACAGCCCCATGACGCAGTGATATATAACGCGATGGTCAGACCGCTCGGTCCTTCCACGCAGCAGCTCCCAACACGGTTCGATTTGTTCTGTGACTGTCGTGCACCTCTGGGTGACGGTATATTAGTACCTCTTGCGTTTTCCTTGAGAGCATGGTAGCGGCGGCCGCTCAATGGGGGCAAGTAGCGCGAAAGAAAACCCGGAACACCTAGTCCATGTGTTATGTATAAAAATCTGACGGGCGTTCACCGGTTTTCTGTGCGAGTAAAGACGCGAAGCAGAAACCTAGGGCAGAGTCTATCCAATCTCAAGACATGTGGCTGGAGCCGAGATCTTGGCGTTCCGTCCGAATACACGCGCTTAGTTTGGTCTGGTACTCATGACTGGGCCGACAGGAGTAACGACCGGGAGGAAAGGCTACCCCGTTCATCAATTTGGGCTGCAGTCGAATTCCGTCAACTCCGACAAAGACTTTTCTTGAGTATAGCATAGTAAGTAGGTAGGTCAAAAGCTGTGTAAGGGTATCTATGGGGGTCAGTTAACGGTAGGTCATTACCACGGCTGGCACTTGCAGCACCAAAATTCTCGCTATAGCCTTCTAATCTCGATAAAGACGAGTGAATCTGTGTCTAACCAGCGATACGAGGCTACTCGATGTCAGGCCAGGCCTTAATTAATAGCAGTATGTCAATTTCTTCTCCGCCGGAGCCGTCTTACGATCATCTGAATGAACAAATACTCCCCTAAGCCGGGACATAGGGTCGACGAGGGGGTATAGGATAACGAGTCAATGTCTACGATATTGCATTCAGTCCGGAGACCTAGTCAATTTGTGAATAAGACGTATATCACTATGTATGTGCTTCATTTTGATATTCGAGCTATTAAGACCTTCACTGAAAGTTCGATTCTCTAGATCCTTGGTCAGAGTAGCAGACCACAACTCTTTTAGATTGTCTAGATTCCCCTCCTCACACCAGCATACGCCTACCAAACGTCATGACAAAACGCATAGGTCGTACGTTTACGTTCACTTTGAAATACTTGATTTGAGTCACGTCTCGTGCTCGGAGTGCGATAATACGGGCCGGATGCTGCG,1510,48.48,Saccharomyces cerevisiae
SEQ_753315,GACCTTCTTTGCCTTGCCTCACAGGGGGAGACTTAGGCAGTAAAAGGATGGGCCGTCGTTCCTTTTAATGATAACACCGGTGTTGTCCGGTCCTGCCAAAGTCACTTAACGTGATTCTGGTCGAACTCAACTCGGGGTTTCTTAGAGAGTCTGCTCCCTTTCGCTGTTACATGTCTCTCGAAGACCTTGTTGTTAAGTTCTGACTCCAATGTATCGAGCACCGCTAGGTCGAATCGGGACCATCGCGTAACTGGTCGCCCGTTGTCCGAGCAAAGATAGGAGTTACTGTGTGAAGGCATTGACAATCTCCCTTTGCTGTCTACTTTACGCACTGCTACTAGCCGGCCTACGCAGTGACACATGATCAATTAACTCTTCATGGTAGAAGTCATGCCTAACCATCTTAGTTCCAGACGCTCCTTTTGAAATACCTTGGCCGAGGTCATGGTTGCAGTATGATGATTGGCCCCTCCATAGCCTGGCGCTAAGAATCCCCGCACGTGGTAGGCCAGGCTGCCCCTCTAGTGGCAAGTCAATTGGCGGACCGCAAACATGGCGTTAGCCGTTACAGCGTATGGCAAGTGGCATAGCAAGGGACGGGAATGTAGTTCAAGTGAGCATAAAATCACTTCTACCTCGGGTCGAGCCCGAGTTTCCTGATACAATCCAACTTTAGCCAAACTGCCCCCGAGTCATTATTCACGCACCTCATGTAAACACAATCTAGACCTACCTGAAGGTTGGTCCAGAGCTAGTTCAGCGGGTGATGTCACGGATAGTCTCAACTGACCCTCAACTACACATACAAAGTTGCAAGTGCTAGGTAATGTAAACTCACTGCCTTATGGACCAGCGCATTGGATGCCCGGTATACGAAAGGAGCTTTAATGCATCAGGCTATGTTGCGGGGTCGTGTGGACAGTAACCCCGCGGTCGTATTTAATGCAGAGATACTATTCGACTGGAACTCATCATCTAGCCACTGCAGGAGACATATCACTATTCACTAGGCACAGACCCTTCAACGTGCGGTCCGCCCGAAGATTCACCCGTATCAGCGTGTGATAGGATCTAACTCCTGATATTATTGTATGCATGACCACACACGTTGTTAGACATACCGAACTTTCATGCAGCGAGGGCACTTGCAGGGAGAGGCCTTTTCTAGACACCCAGGTCGCGCTCCACCCTCATATGCATTAGTTCAACGCGGCCGACGGTTAAAAACCCGGATGCGGGATAATCGTCTAAATCTGCAGTGATTGAGCACAAAAAGGTTCGCATAGTAGTCTGGCCCTCCTCTTACCTAGGCGCATCCGGAAGTAGTGAACCAAATATTCGTTGCCTGGGTAGATCAAAGCACTGCTAGACCGTAGTGTGACACCATATCCTGGTTCCAAGATCGTCGTTTAGTTGGGCGACAAGACGGCCCGTCGTTCGCATTATTAGGGGGTCCGTTTATTGCCTCAGAGTTAAAGTCGCCATCTAATCGAAGGCTCCGTAGCCGGTTAGAACGAGCCCCCCAAGATACATTTACCCCTCAGCCACTAATTAAGCGCCACTAGGGGGTGCACTTACCATTTTAGCACGAGACCTGTTGAATTGTAAAGTGCCCAATGACGACCGACCTGGTTTCCAACGATAGCAACACATGGTTGTAGACTCGGGGGCTAGGTGCTAGCTTTCCTAAATCGGAGGACGGTGACTATCGGATCGGCAAAGCACATGGTCCCGGGAATGAAAAGGTGGTGCGATGATCCCTGCAGAGATCATGCAGGGATGCGTTTCCT,1790,50.39,Escherichia coli
SEQ_404701,CTTGTAAGCCTATACGGTAGGGAACTTACGATTTATAGCCGCTTTAAACCACTGCGTAGTTTGTCGTATCAGTATCGGCCCTGTAGGCATTGCCCGACGATCCATCCGAGGCTCCAATTCCTCGGGCAAATGGTCAGTAATCCCCGTTTATCGCGGCCTGGGGTTTTCTTTAGTGACTTGTCTTTCAGACGAGTAAGCATCCCTCCCTCACCGAACGGACTTCCGAGGCTTCCACAGCCAGAGACCTGTTCAAGTCTTGTCAGTGGTTCTTATGCGCGTTAAGTTAGGATAAACCTATCCTCCCATAGGGCTGGATTGCGAGATGGACGGCATTGACTCGTTGCCCCCTGCTTGCTACTAAGGGTCACTCCAGGGCAGCCCATATTATCGTTCGGTCTTTCGTTGTGAACTGAGGAGGTACTCGACTCCTATTTTGGTAGTACGGCTTGACTCTGTGAGATCAACTGACGCTTGATAATCACTGTTCCAAAGGATGCTTCCCCTGTCCCAGAAGGGTGAGCCATCTTACGCAAAATAGCAAAGAGTCGCGGCTATTAATGAGGATGTGACGTTCTTCAACTACTGACCGTTACGGAGAGGAGCCAATAACTAACCAAACCAACACGTACATATATCTCGTATGAGATAGCCCGGATGAACCGGGCCGTTTGATATAATCGCACAGCAGTTTAACCGATCCACCGCAACAAGGTTCGAAAGCGTTAGAAACCCCTCTCTCCGTCCCCCCCCAATGCGTAGCTGTAGCTGACCCAGACGACGGGGGAACAAGGCGTCCTAATCGTATCCTCGACAAAGTACGTAAGAGTAACAAATTCGGAATGTGCACGAGTATATGCATCCTATTATTTGCCGAGCCTTATCCCTTTATTGTAGACAACCAGCGCACCCCGGTTAGGTGCCTGTGATTGACCCGGGGATGCCAAGACAACGCCAAATGTGCGTTCCGAAATGCGAATTCATCACAATAACCTACGGGCTTTACACATTTAATTTAAGCTACGTCTCCCACTTGGGCCAGATGCTCGAGGAGCCAATGAGTCATCAGGCATCCGTCTGCGGTCCGCGCAGGTGACATAGTTGGGTATCATGTACGTGCCTTCGTCCATTTTAGCACTTCCATAGTGGTAGCATCGTATCCCGTCGGATGGAGGTTTGTGCTTCGGGTGGGAACAATGTCGATGGCTAAATTGCAAGCATCGGGCATCAAGTCATGTGAAAGGAGTGTCTGCGGTACCCTGCGCAAACCTAGGCTAGCATTGGGGATCCCTTACTACCCACCTCGGCACGTGATCAGCTATGCGATTCTTAATCTATGAACAAGCGTCTAGACAGATCGGATGATCAGGGCCTATCTACCATGACAACCTCTATTTCGTTTAGGTTAACCACGGACCGCCGCGATGATACTATCGCTAAGACCCCGTCGTGGACTTGGA,1457,50.24,Mus musculus
SEQ_432246,ACACTGGGCGCCCCTAGCTTCGGGCCAGCTGAATAGTGACGTGGTGGTACCGCGGAAATGAGGAAACACTAAGGGTACAACTGCAGTATTTGAACTCCATATACCCCTAAGTTCGTTTTGCCTGGGGCATCAGTACTCGGTGAGGCATCACCATGTATGTAAGCGGTCTTGCTGCAGAGTTTGTCCGCTACAATGCCTCGGCGGAAGACCAAGTATAATAATCACTAGCCCCGATGGATCAACGGCCTATTATGGTGTCCCCATCGATTTAGCCGATCTCTTTTCACCGTTGTACATACTTTGCTGGTGATGGTAAACTCTGATAAGGCAATGCGTGCTAGGTAACGCCGTAGTGGATCGCATGGGCTGTTACTCGAGAGCCCGCCCGACGCCGTCGATCACGCGTGACGGACTACGAGTTCCATGAGTTCCAACGTATATGCTCTGGCTCGCAACCCAACGAGAGTCGCCAGCGTCGGCACAGTACCTCTCTGGCTCTCTGGAATTGACCCGTTCTAGATGGTAGGCTCAACGCGAAGGGATCGACCAGGTCTAGTATCAATGTAGATACGAAGCACAACGTTCTGGATGTTGATAGGTGTAGATATCTGTACGAGATCAACTGTGCTAATTCATACTGGATCACGTGGCCGGCCGAAGGTCGAGACGCTAGAGTCGAATTAAGGAGGAGAGCGGTATATCACAGTGACAATAGGAGGGAGGCCACGGCGTTAGGAAGAACTATGACTCGGCGTAGGGAATTTTTACCGCCCCAGAGGATCGGTGAGGCGTTGTCAATTAGGATATCGGGGCAGTTATACGTGTCAGGAGGCTCTGCATGTGGGCACGAGGTACAAAAAGATTTCACTCTCTGCTAGACTTGGATACCGTAAGGCGCACGCGCTCGTTAATCGAACGGGTGAGTAGCCTCATGAGTTAGGTTAAGAGTTATAATGCCGGTGTATTTCCCGCTGCATGTTTTGGGTCATAAGAACCTGGACCTC,1004,51.39,Caenorhabditis elegans
SEQ_948520,GGACATCACCGGCCCTTAGTGATACCTCTCACTGAATGAAATATGGGACAAGTCATATGTGACTATCATTGCACCTAGATGGAAAAGGGCTCGTAGGAGTCCCAAAGAACGTCCTAATCGGGTGAGAGGAGGCCCGTCTTACATGCGGGAAGTTCGAAAATGACAAGCTTCGCTGCGCGATGAGGCTTCAAATCTTTTAGAGCGGTATCTTGAATTCCGTACCGCGGCAGCTCTAGCGGCGCTGGGACTGAGCATACATGAATCCGCGCTTGTAGATGCCGCATTTCTGCCGTTGAGGCTATAGAGAATGTCCTACTCTTCTGGGTCTCTGATTGCCGTTTTCGACTATAATCAACAGGCAAAAAAGACCGTAAACACTAGATATACGGAACGAAGCCTACTAGTTCACAAAAACGTTATCCATATATAGCCTACTCTCCCTCCACATGTTATAGTGTAACCTGTACACCCAGATCCCAGTGCTGTCGAGAGTGATCTGGTGCCTCAACATCATAACTATAGCTATGCATTACCTTCAGGTGCGCGTCAAATGCGCCCGTCGGAGGTAGCCGGTACCTCAAATCTTTAAAATTCGAGATTGGGGAGAAATGAGTACCGAAAGTTGAAGGGCACTGTCAGACATTACATTTTTGAGAATTTGGTTCGCATTCCATCATCAAAAATGTCCTCAAGCGATCTGCATTACACTGGATAGGGGTTACTGTCATGTAATCGCATCTACGGATTATTGCGAATATCAAACGATCAAAGGGCTGTCCCCTCATTAATTTCCTGGGGTTGAAACTTAGGATTCCGATAGTTAGCTGATGTCCAGTCTTAAAAATCGGTGGTGTGCCCGTACAGATGTGTGCCAGAGGTTGTCACATAGTCCTTGCGTTCATCACGGACTAGACTCGCGTAGCACGAGGGTCGAGCAGGTACTGGACTCGTTCCCTAGGTTGTGGTCCCATTGAGGCTACAGGGTGATATCGGGGTAGTCCCAGAATCACTGATGTAGTTATAGTTTTCCAGTAGTTTACTGATCGCGAGTACCCGTACAAGTTCGATCCCACCCTGTAATACGAGCTTTCATCCGGATAGACAAGTGACTGAGCCCTTATTACGGCAGGTGTCGGTTTGACTTGCATCTGTTCGCTGAGCAATGGCTGTATAGGCCTCCCCATCAGGGAGCCACGACAAGTTAATAGCTCGTGCTTCCTCGCTCTTCTACTACGCCGGGTTTTGGTAACAACCCTCTTCCTGGCGACAATACCTTCTGCGTAGATGTTCCTCCGCTGCAAACGTGCGTCGATCTAATAGACTATGATGCTGTCCTCATAGGGTTGGAGAAATCGGGTGGTTTATAAACGCCGGTCACTGGAACAACCCATGACAGCTAGGAAGGGCTGAACCCCTAGACAGCTGTCCGTTTACGGTTATCTTACGAGGCTCAGCGACCTCTTTCTAATACCCCTCAAAAATCTCCAATAAGCGCGAAAGAGACAGTGTTGAAGGACTTCCACAGGCCTGGAATTGCATGATCAAAACCAACAGGAAATTGGGGTATACACAGCTAGGACCTCCTTAAGCCGGCCACATCCTCTACGGCAAATGGCGCCTGAAACGGCACTAACATATCTGGGAGTTACCCACCGAAAAAGCCATCTGTGCTGCATCCTGCAGTAGGTGCCAATCCGGGGCCTAGGTCTCCTTTGACGTCTCTATGCGACCCTACACGCCACCGCGGCAGGCATATGGGTCGGTGTGAGGTTGGGTCGTTGTTAATTGCCAACTTGGCTGGGTTCGGTTGGCCCGTAAGATTTCTTTCGAATTGCGTTTGAGCTTGCTCTTTGATGGACTCTGCCTGGGGTGAAAAGTGTGACCTAAAGGA,1891,49.02,Arabidopsis thaliana
SEQ_979398,GGGATGATCGCGGATAGAGCACGGACAGCTACCGCGGGGAGGGCGGCCCTCAAAACATTTCGTACAAATCAAGTCTAGATTACATTGCATAATGACCTTCATATTCTGGCTATTCCCTAAACTTGAATCTTGGGTGGGCGGACCTCATATGTTTTTTCAGTGTGTCCTCAAGCGGAATAGAGGCACTGGGGCGTAGGGGTCCCTAGACCACCCAAGTCACAACCGATTTCCTCAGTTGGCTAGGAAGTATTGATGGTGTGCGCGCCTACCATAACTTCACTACCCGGCCGGCGACTATCACCCTGGCCGGATACATCAGGCTATTGATTGGTCCACTCTGATGCTGCCTCACTTGGCCTTAGGAGACCCGCACGCCTACTGGGTTCGACCTAGTCAAATTGAGTTAATAGTGCCGATAATGCATGTCGCTGACATCGCACCCGTCCCGTCATGATTTCTGTGCATAAGTACCTACTGTGCTATGGTCTTGCACTTTTTCTGTAAGGGACTCATCTTCTCGTGTCGTTCCAATATATTCACTCCGCAATAGCTTCACACACCCTAAGCACCACCTTACTTATCTTTTCAGCAGTAACCTCACTGCGGTCTCGACGTCAGGCTTGCCGGTTGTTGCATATCATAAAACAAAGTCGTGACGCTGTCAAAGGGAGCAACGAGGAGTGAAGTGCTATGTGCACTTTTTTAAGTCCTTGATAGGAGGCCCGCAAGGGACTAACAACGGCATACCAGGGATTTAGAAAGGACGGATCAGACGCCTAAATGCAGCGAGCTAGGACATTTTGTAATCGCAGTCAGGAGGACTATAACGTATAAGAAAGGGCACCCTTAAGGGGAACAACGTCTACGCATTACCCATATTAAGAGGCGTTAACCCTTATCCAGAAATGTTCACATGCTTAACCCGGGGCTGCTTGCTTCTGAGCTGGCGCACAGTACGGCGGCTTATGGCGAAGCGATTTAGCTGAATATCTAAACCGGTCAGCACGTGGGTGACTGACCACTATTTTCTCGAGGCTTGTGCCTCTAAAACGTTTAGAAGTCGCTGAAGACCCTTACACGACAGAGGCTCAATTTTAACCAAACCGCGCTATTGGTGCCCGGATGCGTTGTCTTGGCTAACGTCTACTTTCAGGAGTGCCTGAGCCAGAGTGGATAACAAGTTGACTGCGAACCTGGCGCCTCGTAGGAGGGCTTAGCATGGCCCCCCTGGAT,1233,50.2,Arabidopsis thaliana
SEQ_787988,AGTGCCTCATGACGGAGAGCCATCCCTGTGACAACCATTGACCCCGCCTATAGGCGTCCTGGAGAGCTAAGCAGACACGAGGCTGCTATACCTCAGTCGCGGTAGACCATTCATGCAAACGACCGCCCGAGCCTCTTTACGCGATTATCCCTGGCGCAGATCACATCCTAGCCAGATTGGCCAACGTAAGGTAGAAGCAAAACCCGTTCTCCATAAGGTAAGTTCAGCAGTAGGACGGTTTAGGGTGGTAGTTGCTAGCGGTGTATTTACGATCAATGTCACAGGAAGCCTACGCTCGGTCTGACCAGTAAATAACTGTTAGCTTTTAATCCAGCAGACCTCTATGGCTTTGGGATCTTAGTTCAGTATGGCGTACCAACTTCGGGATACTACCACGAGCGCAATGCGCCTGAACGCCCCCCCGGGGGTACAATCCCACCCTGATGCGCGCAGCAGCCATCTGTTACCCGGCGCCCGCTAATGATTCTTACGTCTCTACCCGTGGCCACAAGGATAGTCTCCGGTGTCGGATGAACCGATACCTATTTTGCGCTCGGTTAACCGGATCTTTCGTAACCGCCTCGACGTACTCTATCACTGACCGAAGAGTCTCCCCGTGGGGGGGCCTAGGACTGGAATTTTACTTTCCAATTGGTATTTAGTAATCTTACCAGTAATTCTCTGATACCTTCTAACCATGTGTATGAAGAACCGCCGTTGTTTTTACGCTAAAAGGCAGCTAATGTCGTCGTGCCCTTGGCAAGCCCCAGTGCATCCAAACCTTGTTCCATGACACACGTTAGAGACCATCACTGTCTGTTATAAGAGGAAGAGTGGCGTACCCGAACTCTTGGGTGAGCACGCTTTGAAGTGTCACGTAGCACCGATGCCGTGCACGGGGTACCAGCCCAGCTCGGACGAACCGTACACTATGTACGTGGAGCCTACACAGGATGCATCAAACGGTCCGAAGTTAATCATAGTCCTCTCGTTAAGTTAGGCAGTTCATGAATGTATTCGCCACACTGTCTCGCCTGCCAGGTCTCATCATACGCGAGCATAAATGAGCCACAAAACATCTGTGGGCGACTGCTTTATTGCAGTAACTTGTCCGTCTGTTCTGGACTCAGATAGGCCACCCTTATGGGAATCCGGTCAATCCTTTGCGTTCACGACCGTTCTCATAGGCCTACAATAAGGTTCTTGTACCAAGCAGTGCGCTAGGATACCCGTGACCGCCAATACCTCACCATCCACCGGATTGGCTACAAGCATTGTAGCTAAAGTCTACCCATCTCCACGGCAACCATACACGACGGACCCGTCGTACGGTTCTCGGATATGCTGTTCGCGGGGCTTTACATTCTTAGCGCCCTATTGATCTGAAAGAATTTTGATTAGA,1402,51.28,Escherichia coli
SEQ_809643,TACTCCCGTGCTACCGTTAGAGTCGATCTAACGTCGAGCCGGTCGTGGACTCACCCCTTTTTCTGTTCAGACTGTTATACGGAACTTGTGTTATGGGTGTAGCCACCTGTGGTCCCCACGCGCCAAGGTTATATCCCGTGGATAATGTTCTGAGAACGGGGACAACCGGACCTAAGACTACTGCAGCTCAACAGAGCTTTGCAGTGACACGGCAGCTGGAGCCCCCTTCCGTGGAGTACGTGCGCTTACCTATTTCTGAGTACCGCATAGGCTCGGATATAGCAACCCATTTCAACCGGGTTTATTCAACGGCTCGTCAAAGGGCGGTTGGAAGCTAGTTACAGTCCGGCAGGCCATCTCGTATAGAACGCGATGCGACACTCACATAAGACAGATCATAACAGGCTTGTGAAAAAGGCATTAGGTATCGCTTGCAGTCACTCGAAAAACCAGCGGAGTTCTCTAACTCGGTCAGTTGGACTGATTGTAAAGCGGGGACCTCATGGGCACGGGAAGTGGCCCCTAGACGCACCTCCAGCAGCGATTATTTTAACTATTGAGGGTGAAGCGACCGCCTCTGCGACACGTAAACCGGAAGCGAGCCAATACGCGAGAGTCATGCGATTGCGGACAACAGTTCGTGGTTCAATTGTGAGCCGGCGGTCCGCTAGAAGGGTCCACATGCTACTTTACTCTACTAATAGGGCCTCAACTACAAGACACTTTCATCTGGCTGCTTCTACGCGCTATAAAACACACTACTAGCACGAGAAACCTAAGTGTGCCCTAACGAGCTGGTAAACGCCCGCCGTGCGTGGCAAGTTATGAGCCCGATTGACTAATCGGACTAGTACTGCGTGAGTGAGTGCAGCCTCCGAGTACCTACGCCACATACATCTGGAGGGCTCAAAGGTAAGGTTTGTAAAAATTCTAACGTTCCCACTGTGGCGACCCAACGATTCGGACGCCACATACGATCCTGCGACATTCCCACTCCGAGACTTTCGCTTCGATCTAGAGAGCAACGTTCTCCGTAAAGGAGGACTCAGCCTGGAGACGTATTCACAGCTTTACGGTGCTCACAGAATAGGTCGAAGACGTTTTCTTTTCACCGCCTAGTTGACAGAGGCAGTACCCGCCCAACGACTAACGGCTCAGACGTGAGTGACCCGCACCGCTCTAACTATTTAAGGGCTGCCCCTACCTCATAGCCATCTTCCAAAACGGTTTTAGGAGGCCTATCAGCCGACCGGTGCCCATACGGCATCACAAGATCGCGGCGTATCGGGGTTTGGCCTATAAGATTACGTGTGATCTCGGCGTGGCCTGGGTATCAAGGCTCCTGTACTAACTATGTAACTGCGCCAGTCGTTCCTATTTCGCTTGGGAAGTCAATCGACCTTCGTTACTTGATGAGTACCCATAATCTATATGGGTGGGCCCTCTCTCTCCTCACTCGAAAGTGTGTTTGATGGACAAATAGCAAAAAACGTTCGTGCTCCCGGGTGTCTGACCGTGGCGCAATTTTCGGGCCAATAGAGCCCACCGCGAGCTACTGGCCGGATAGCGTTCGGGGAT,1578,52.41,Mus musculus
SEQ_697180,CTTAGAGTCCTCCTGTGACAGACTCGCACTCTCGACGAGTGGCCACATATACGACCGCTCAACTTCTCACCGATGTTGTCATACATTATCACTGAATAAAAAGCCGGGCCATCTCACATGAGCTATTGACGCGGTGGGCCATCTTAGAAAGGGGGCCCGCTTTCGTGGTCTACAGAGACAGATGGGCTCGTATTCCCCTCGGGTAAGGGCCGCCAAAGGAGGCCCTGAAATGTCGCAAATCCTTCGTGTTCCCGAGTAGTTGACTGAGTCTATTCTGCGAAGACGAATGCCATAGCTTAAAATATTGCTACTCTTAGCAAGAAAGTTTTGAGCGACGGTTTACTGTCCAAGTCGCTGCCCTGTCAAGCGTAGGCAATTTTCTGGGTCGGTGTGCGCCGCGACCCCCCGCTGCTACGGCGGCGAAATGTTCGTGGACAGTTCATTCCTACCCTTTAAGCGTTTTTTAAGATTATAGTACCAAGCTTAACCTTACAGGGATCTTATGCCTGCAAGATAGGTCTTGTTTGGGCTTCTACCGCGCGGACGACGTCTTGCGGCGCGGCAAGAATGACCCTGTACATTACAGGCAGGATCGGACTAAGTAGTCTGTACCTCCACATTGGTTGAGCTGCCGCAGCACGCCGGCTAATGAACCTGCGATTTTAGCTGAGAACCTAGCTGCGGGCAGCATATATCCCCTCTCACTCCTTGCCTTGCCTCAGGAGACCCGGTTACTAGCATTCATTAAACTCGACCACTCTATACGCGAATGTGCAGGTGTACTGGTGACAAGACATCAAGGCATAGTTAATCAATAACCGACCAAGGTAGTTACATGGTCCTTCGGGGGTGCTACGAGGTTCATAAAGAGGCTGCGACTGAGCAAAGGCAGTTATAGACCCCCTCGATATTTACATGCATCCAGAACACTACTCGGAACCCTGTACTTGCGTTGCCCCCTATGCCCGCCCCTCGGCTCTCGTGGTATACCAATACTCACCACACAGTGCGACGTATTATCACTGATAGGTTCGTCTGACGTAGAGACGACCGGTGTGGCGCGAGCTTCACTAATGTCGTTTGACAGACAAGAACCTGAAGTTTAACATTGCCAATGCTGGACATATGGCACGCCCTTAAGGACTTCGTAATCTTTGATAGTTGCGCAAGTTAGGGAGGGAGTCTCACCCCTTACCCACGGCATCGGCGCTAACCAACGGCTGATTTTGGTCCCGCGCAAGAGCAGACAAAGCTCGCACAGCCCCCGGAGTCTGCTGCGCTC,1282,51.95,Caenorhabditis elegans
SEQ_966871,CTTGCTGCCGGTACCCAAATAGTGCATAATGGTTGGGCTGGGCTAGACGGTAATGAAAGACCACGATCTAAGGGTAACATGGATACTTATATCACGGTGCCACCACCGCCCACGATTTGGTAAGTGACCATGTTCAACGGTGACGCGGTTGGCTTACTCTCGGCAGGTATCCGTAGGACGGCCAGTATGAGACCGTATTGGCGGCCCCGATTTACACACACCTGACGGCACAGGCGCCAGTCACTGCGTGCATTGCAGGTCACAGCTGTGACCTGGGGGCCGCTATTGGAGTCAAACTGGGATCAAGATCCACGTAAAAGGACAGTTCTTTATGCATTTAGGAACTCCAGAGGGAGCTGGTATTGCTCTAAAGTTTGCGAACCGATCAGATCCGATGCAACTCCCACAAGTCTGGTATGTAGAAGGTTCCTATTTTTTGTCGTGCATACTACTATTACAGCTGGGCTACAATTCTGTATTCAAGTTACTTTCCCGACAGTGGTGAGCTAGATATCGCTAAGAGATCTAACGGCGTGCCGGTCTCAGGCCGGACGCGCATGCCTGTGCGATCAACGAGCCGATCTTGATGAGGGCTGATTATCCTGTACTCAGGCACGGATTGCCCCTAGTTCCACCTTGCCAGGTGAAATCATAGCGTGCAGTATGAGAGGAGTCCGGTGTCAAAAGCTGGAATGCCATCCGCTGCCCGTGACTTCCAATGATTGAACCGATAGCTATATCGAGTTGTCGAACTCGATTGCCCGAGTCCCATGGAAACGTTCCTCCACTGTTTGCATGAAATCCCCTCACCACTGTAACATTCTACGGCCGAATCATCGTCTCAGGAGTGTGCCCGTTATAGATTGTGCTTCCTACACATAAACTTTGACTTACAAATTAAGTGCGCGTATACGTTTTTAAAAATAAATTTATTCCCGAGAACTGTTATGGGAGTTGTAACGTGTGATTGCATTGCTGTGCTGACATAGTCCATGGCTGGCAACTTATTACGGATCGTTTCTGGTCCTTTTAGATCAGAGTAAGATGGGCATAACTCTCGGGTGGATG,1068,49.16,Arabidopsis thaliana
SEQ_157415,GTACTAATCTAAACTGCTAGAGCTGGCCTTGTATTATCCTTAGTATCTCCCATTTGAGGCAAATACCTGGGTTAGTAGTATAGGCACGTAGAAAGGCGGAACCAGCATGATGTGTGACGTAGAGTAATTACGCCACCGACGCTAGCAGCCAGGTTTTTAACCGATTTTTCCATGGATTAATCGCGATGTGTTGTAGCGGGGGACCTGTTTCTGGCACAGCTGACGATAGACTGTGCAGTGCGACACGAACTTTACGGTTCGAGGCATGCTAGCGTCAAAGTAAAGATGCTACGCATCACGTGTGAGCGGTCCTATGGCTATTGTGCGGAGGTTGGATTATGCGAAAATGTCGCACTACACGGAGATATTAAACTTCGGTAAGAGCTTCCGCAGTGACGACGGATCCCTCGAGGACGCCCTCCGGTACTGCAATGAAGGCGCGACACCAACACTCCGATCGGGGAATACTCAGGTTTTTTGTGGCCTGGAGAACAAAGAGAGAGGACAGACAGGAACACATTGTTCACCGCTGGAAACCCAAATCCCTAAAGCTTGTACGGATCGGCTAAGAATCATAGAGACCTGGCCGAGTATACTTAGTCAAGTTGTCCGGTAGCTGGTTGTAGTCCAGTGGACGACGCCACGACCGCGTAGAGATAATTGACCTAGACCATGTGATCGGAGTGTCCTTAGACAAACAAGCTGTGTTGCCTCCTGTCATGTAAAAATTGTCGTATTGTGGCAATAATGAGGTTGCTCGATCCTACTAAGCGTCGGTATAGCTTCCTTCGACCCAATCGGCTAAGAGCTGATTGGTGATTGAGCATGTGCCACCCCAGACAGCCCTCACGCCAATCAGGACACTTGCGCAGGTAACCGTACGCATACGCAAAAACGGGGCGCTGTATTTCCCTAGGGTCATTATGCGCTCCCTTCTAAGCCCCCAACTCTCGTGGCGAATCTAAACTTGTACGCTAGTGCTAGCGTACCGCAGGCAAACGCTCCTCCGGCGATTATCGCGTAACACCGCCTCCGTGGCAACATCCGGCGAGCACTAATTTAATCACTAAACCCGAGCGTCCCAACCCCACATCGTAAGCGTGGCTTTAGTTGCTGAGTGTTAAACAGTATCCGAAATCGTCGGACGACATTCCGCCCGGGCAGCACCCCGTCTGGTACACTTCTAGATGCGGACCCTCATCGTTTTATGCAGCCCATAGTTCGAGAGGCCGAGCATGATGAGCCACATCATACTTAACCTTTTAACATTACTTTGACAGGAGACTCGGTAGCAGGCTTGGAGATTGCGACTCCAACCGGGCTGCTCCATGCGCATCCGGATCTACGAGTGAGACCGCTACCATGTAATCGGAGGGATGGTCGCATTGTCCTGCGACCTTCTCTACTGGTAGTCTAAACGTCACTTGGGGACTAGTATGCACAGGCTCGGCGGATTCTCCGCGCAACGGATCGCGCCACTTTTCGGACTTTGCGACACGAATTCCCGTCGGTTCAAAAGGTATTGGGTATGGTACAATTTGTTACGGGACCGGCACTTTATCCGTGGTCGTGGGACAGATAACACCGCGAAGAGGCACCCGAGTCGTAGTAACACTGAGTTCCCACCTACCGCCGCAGC,1639,51.8,Homo sapiens
SEQ_543123,CCGCGAGATTGGACTCGAATTGTTGGCGTTGTTTTACAACAACCTTATAAATCGCCCCCGCCATTACGAGAGCCGCCACGCCGAGGATCCTTCGGTCGGCTCTGCACCTATCTAGTCCTGTCGAAGAGACCTCGTCCTACGCTCCGACGTGGCCGACTTTACC,163,56.44,Homo sapiens
SEQ_151711,TTAAGTGGCAGGTGTGCTCAAAAATATTTAACTATTCTCTCGGTGATTTTGAGTGCAAGTGACAGGGTTTCGGAGGCTGGGGATCACGCGGTTATAACCGTAAGCGCTGTAGTTTCGGGTCTAGAGAGTAAGGGTGTCGCAGCAGACGACGCATAGCGAATTTCCTCTATGTCGGCGCACTGTATCGTACGCCGCTCGAGTTGGTCTTATATAATAAGCGGCATCGCATGCGCCTCTCTTGCAGTCGTGCATGTCACGATATTATAATTCCGGTCGGTCAATTGCATTTTGCTTCCATTGGCTTGCCCATCAGGTCTACCGTAGCGAATGTATAACCTAACTCTCAACACTACACTATGGATTCATTAGTAGACCTCCTAGGTTGGTCAAAAAGTTGTGCGACGGTTCTCTAACTCTCCGAGCGCAGTAGGGAGAATCTCCGTCCTTATGCAGTACCCCCATGAGATAAGGCCGCCAGTGCAGTCACGGGCCGCAGCTACAAAACCAGTGAAACCTGCGTTCTAGGGCTGCAGAGAAACTATTCTCAGTCGGACAACAAAAAGCAGCACTATCTAAAATATGACGATGAAAACAGTAAGTACGACGCTACACTGCTCGCCTGCGCTGAAGAGAGAAGGCGTATCCATGGCCTATCTTGACCCGTTGATAGGGACTCCACTGATGGCCATATTTACCGGCGACTGCCTACCGATGCTGTTCCCGCTGCCATGATGGGCTACTGGCGCCAAGAATTATCCCCTGGTGAGCTAAGCTAACTTCGGCAAAAAAAGCTTGTGTGGCAGCAGGGGCTCCTCTTATAAAAACCTAGACTACATTATAACACGCGGAGAGAGTTCCTTGCTTCGGACAGTCATTGCAACCCGCTATGGAAAACCTAGCCGTACGAATACTGAACCCTTCTTCGCATCACCGGCGGGCAGAGGATATGTAGTCAGTGGTTGAACAGTTGTCCTATACATCCATTCCAGCCGGAATGCCATAGCTTCTTTAGCCCCAGCTACGATCCATCTTTCGCACCGCCGAAGCGGAACGTGAAAG,1059,49.86,Saccharomyces cerevisiae
SEQ_981670,CAGCTGTGCTAACCTGCATAGTGATAACGTGAAAGGCAATCGCATAAGTGGGCGAGTGCTGAATGCATAAGCGCAACCGGGAGAATCGTGACATGACATGCGGCGGATATCTGTATGTTGAAGTGTCTAATCTAAAGCTAA,141,46.81,Escherichia coli
SEQ_787408,TATCGGGAATTTGACAACGGTGTTGACATAGGTGCTGATCAACAGCGGTATCTCCATGGTCAGGGTCTACATTATAACGCCACTTCCCGTGGTACTTCGGTCACGGCGGTGTCGCGGCTGCCCATCTTTCGTAGTGCGCGGAGATAAAGATGTGGCATCCGGTATATCAACAAGTACAATGGCAATCGAAGCTTGTAAATTTCTCCCCTGAAGCCGGTTATCACTTAGTGCTTGAAGGACCGAATAGGGCAACTGGACGTATCACTTGTGTTGAGCCTAATTGTAAAGCAGTCCTCGTTAATAATGCTGCTCGGAAGTCATGCTACTTTTTGGTACACCCCGCACTGACGCAGGGTGGGATGCCATTATATCACCATGGAACCCGTACGGACCCTTGCTGAGTGAGCTGTCGCTAGACTTCTAGGAAGTAGCGAGTAAACTTACATGGTCCAACGTACTTTTCGAACTGTACTTAACGACACGTCAACTCAGTTCATTCTCTACGGCCACTCGCACCAGGGTCAGAGGCCAAAGGCTAAATCTGTCATTCCCACGTCCGTAGTTCCGGAATTTTGAGCTTGCGCTTGGAGTAGCTCGCCAACGATAGAAATGTGTTCCTCCTTACCTGAGCCCGGTAGTCGTATTTGTAGTAGGGCATAGTCCAGTTCCAGCTCGACATATCATAGGGAACACAGCGTCAACACCAATGTTTCGCTCTAGCGGATATGTCGAAGTCTCATTAACCAGCCCAGGAGTATGAGTAGTGTATTAAGTAGTCCCCACATTTATAAAAATGTAAGCAGCATACATCATCACATCTCCATGAAGCGTAGATACTCCTCTAAATCGACACTCTTACTCTGCGTTCTACGCGGGAGTAGAAGTCGGGTCGGACTGTTTGGGCTTAAGTAGGATAGCTAAAAGCGGGAATTCGAACGTAATATCGTTTCTTTAACCCGGGGACTCACGTTGTATGAGAGCACAACATCCCCTATGCGGATGATTGCCCTGCCAATAGCGCAGGTGTTTTCGTACTCCACCAGAGAGCAGTCCAACACACAGTGTGTGATTTGACGTCATTCGCGCATAAAGTTAGCAAGGATCGCCGTGTCCTCGTCTACAGCCCATCCCCGACTACCCAGTTCGCCCGTTGGTGGACAGGGGGTGTGGACAGGCAGGTGTATGGAATAGGGCTAACATATGATGGATATGAGATTAGGAAATCGTCCAAGCTAACTGAACGACCTGGTGGGATAACAGCGCGTAAACACGAGCGCTGGGGAACTGTCCAACTTGAGGATTACCTCCCTCCCCTTTTCGGATTATACTTCTTCAAGCTCCCGGCGTCAGGAACTCCCATCTTACCCTAATGTGCACCAATGGCGATTAAAGACAGATTCACTATTGTAGACCCCGTTCAGGACGTGCTTAGAGCTTTGCAAACCCCCCGTCGGAATACTTAGCCCTTGCACTACTTAGGCTTAGACTGGGATGCACAGCGCCCAAAGCCTCCCTGGAAAACCGCACCCGACATTGATAATCACTTATGAGGCCGCAGTCTACAA,1565,49.39,Homo sapiens
SEQ_401090,CTGGATACATTAGCGCCAGTATAATTGCTGGTTCATTCCCCATTGGCCATTCGAGCGCCCTCAGACGCGTCGTCGGCAGAGACCTTGTAGTCTGATCTGTGCACTGTGCTCCTTACAGGTCATACCGGTAGTTACATTTGCGCCTCGAAACCTCCACAAAGAAGGCGACATTACCTCTGTCGTTCGTCTAGGATCCTGACTAGCATACACAGAAAGCTACGCATCGGATATCCTCCGAGTAAAATTTACTGCTGCAAAATGGGAGGGGGAAATGGAGTCGGTCCGTGCATGTATTGGTTTAAACGTCACTTTAAACGCGTGCGTTATCGCCACTACCCTGAAAAAGCGGGCGGCACAGCCTAAATACTAGAATCGACTAATACCCAACTCGTGATCCAAGGGGCTATCGGAAATTAGCTTCGCTCGTGGTCCTTCCGACCGACTAAGACCCACAGACAAGGCGCGGCCAGTTTTTAGTTGCCTAACAGTATTGAGTACCAGACAG,505,50.1,Homo sapiens
SEQ_166022,TGCATATAAACATGTCTAAGTTCACTAAAGACCCGCCAAGCGGAGACTAGGGGTGAAATACTGCACTCTAGTTCCTAACTGTGATTCCAATCGACTCCTCTGACTAGGATGCCCGGACTGAGATACCCCTTTCTTTCTCAAAACTTCTACGTTCACTAATATAGCATTTCGCGCCACTCCGCAGTAGCACCAGACAACGGTCACAGCTTGCGGTAAAGAATCATCCCCTACGCCGGGCTCAACCCGCTCAGTCGAAAAGTAGCGGTCCCCGGGTGCTATTCATAGCTCTCTGCCTGATCGATCGATGTGAGATTGAGCACGTTGTCAGAGGCACACAATTTCCACGCAAGTAATCTGTATTTGGTAACTCCACCCGGGGAACGACTTAACGCGTGAACCACCAAGTCCCTATCGAGTAAGGGTTGCGTAGACGAGAGTGCGTTTGCTACCGGTGGGGCACCGTATCCGCATACGAACAGATAATGCTGGCACATCCCTCGCCGATTGCTCATGCTGGAGCAAGGACGACGCGATCGACTGGCATCACGACAGCCCCGTTACTTGCGAGTGTAAGGGGTCCTTGACCGTGTTGGTGCAATATGACAGAAAGCGGTGAAATATAGGCCGTATGTCACGGTTCAGGATGCAGTTGATCGGACTTTTTGTCGGGCTTTAGCCTTTATAAGGACGGGTATCCGTTATCTCCGTTTAAGTTAACCTGCCAGAGTAGATTTCCACCCATGTGTGCACCCACAAATTTCATCCTCCAGAGCCCGCACATTCAGCCACTGCTCTTCAACCAGGGTCTGCATACCTACACCAGAGGGGTCAACCCAGTTTCCTTTGTTGGAATCCCTTTGATAATCTTCACTACCAGGAACCTTCTCAAAAATAGGGCGACAAGCGAACTTCACCACTCCGCTAGATGCTCTCCTATGTGCCCCCGGGGCTAAGGAGAGAGTTCAAACCTAACACCCTTTACCTCTGGTGGGAGATCTGTAACCAACTGGGCAGAGGAAATCGCGGAACC,1030,51.07,Homo sapiens
SEQ_459385,GCTTGGCACAGAGGCATACACACCACACTAGGGCCTTGTGGAAGGTAATTTGCGGTACAACGAGCGAGCAGTTTCCAATGCGAATTCTCTACGTTGGTCGCGTACTCGCAGTTAGCTCGAAGGTTGGACGGGCTTTACCACCTTTCGAAACCCGCTCCTCTCTGCGGCTATTATCTGAGCCGCGGTGGTCGGAGCCCCATGTATGCCGGACGGTCTAAAATACTTCCATACAGAGGAAGGTGTTCAGGCTTTGACATTTGGCTCTTGGGCCAGTCAGTCTCAATGATTGGCGCAGATATCCCGCTTCTGCTTGAGTACGCGCCTCTGAAGTTAAGCCAGTTGAAGATAGGTGTTCCTTTATCGCCCTCCGGGTTCAGAATGCAGCGCCACGAGCTCCGAAAACGCCGAACTCTACCGCGCGTTGCAATGGCTTCGCGTAGGGCGCCGAAGAACTATTAAGTAACGCGGAGACTACGAGCGCTAATTAATCGACTGAGAGCCCGTACTTAGCTCGATTCATAAGCGAAGAATCGGGGAGGGCGTTGTTAAAATCCACTACTATACCTTCCAGCGAGGGCAACACCGACTTCTCTTACTCACCATTCTGCACGCCCCCAGTGCGAGGCGAAAATACA,635,53.07,Saccharomyces cerevisiae
SEQ_210977,CTGAGGTGGCCGTGCCGCTGCGCTACTTGTCACAATAAGCCACACCTCGATCTCGCAAGAGCTGTCATACCTCCATGGCATCAATGGGCCGTCGCGACCATTATCTCATCGACTTCACAGGCTCTCGAAACGGTCTTCAAGCGAAATCTAAGCTCCGCATGTATAACTCGAAGGTCTATCCGACCCAGAAAAGTTGGAGGGCACGCCCCGGGTTCGTGGTCTTGAATCTGGACAATTCTGTACTTGAAGAGAGACAACTCCCACCTCAGTCGTGGGTTATTTAACTAACACCGTCGGGCCACGAATTAGGCACGCAAACCGGCCTACTTGACTTTTTGAAGGCTGCAGGCAAGTTATCTCGTCCGGGATACTGCATTTGCATGCTGATGCGAAAGTGTCTCCGGTCAATACTATGTAGCGTCGTCCACGCGATTAGACCAGGGACCACAGAGCTGATTGCTTCATACGGCTCATGGACGTGTAGTAGCCGCCATCCCTGCGATGTTGGTGTGAGATAGAGAGAGTATCGATGGATTAGATTACATGTTATCTTCCGACCTAGCACTTTTACAAGGGACTTATTAAAAATTGATGTTACAGTTAATCCCCCGAACTAACTTAGTCGAGGGTCGGGCATCTCCGCGGCGTTCATACGACCCGGAATTTAGCCGGTTGTGCGGGAACGGCGTTATGCACGGAATGGCGAAAGACGCATATATTTATACCTCAATTGGTCTATGAAATTCATCCCATAGGTGTCCTAGCCTGACGCACCCCCACCTTAGTCGGAGAATGCTGGCTCGACCAGTCAAAACCCCGAGGATGTCCACGTGAGGCCTTAAATGCGTACAGATCCCTATGGGTCAAGACAGAGTTACGTCAGTGCGTTTCGGCTTAAATTGACCTAGGTAAGGGATCCGTAACGAACAGTTGCAAGGTGAACTCCCGTGGGAACGCGATG,961,50.78,Drosophila melanogaster
SEQ_111464,TAAACTCGGGCGTCATGTGGGTATAATAATATTACCCCGGTGATAATAAATGTGCTTACTAGAACGACAGTAACAGCTATGGGCCCTCTCTTAGAAGCTAGAAGTCGAAAAACGCCCGACTTCCCCGGATCTGAGATTGTGTTGACCCGACCGCAACATCTTTTGGGTAAAGGTAAGGACTTGTCTTATGAGTCTAATAGCGGGTGTAGCCGGGGTCCAAAACATATTGACTCGCACGTGAGCTCCAACACAAGATGTCAGTGACTGTAGAGTCGTCCGGTGGCGTTCTAGGCGGGGCGGAACACAAAGTGACCCCTGCCTTTGTTCGGACACCGTCGACGCCCGTCCCAGATCAGCCACGTGGCCGGGAAGGAGAAGAATATGTCTGTTCTCCGCCTCAAGGTATAACTCGTTGGTCAGGCCACGGCAGGCGACACGTAAATGTACGGATCACTGAGTATGAACGTATAGGCGAAAATGTCCTATGAAAGCCAGGGTTAGGAAATGCATTAGACCCAAAGGCCCCATGTCGCCGGACATCTTCCCGACGCTCAACGGAAGTTATATATCGGTAGCCTCTCAAGCAGTTCTCCCAGACAGCCGGTCCTAGCAACCCGCACGTGGACGTTGACCTAGAAGTGAACGCGCAGCGCGTAGAAACCCCCAGGACACGGCCCCCCGGAACTTTTATACCACCACATAAGTCAGTGTTGAAGATCGCCCGAGCATATTTTACAACCCTGGTAGCCTGGCCAATTAGCACATCATCTTTTTCATAGCGATGGCTGTCTTTAGAGTTAGGCTTAGGGACTGAATAGATTATAACGTAGATGGGCCACCGGCTCGATTCCAGGAGGAGAGGTTTACGCTTCCCGAGGCGTAGCCGAATCTTCGGGCTGAACCTGTGTAATGATTACGAATTTATATGATTACGGGTACACTCGGGGTTTGCCCAGAGACGGACCGGTAAGTGCTGCCCATTTGAGTGCATTTAAAGCTACAACTACTCTCGC,1013,51.14,Mus musculus
SEQ_537554,GGCAGTTGTTAAGCTTATGATGCGTGTTTGGCGGAGGTGTGCATTTGAATGCCGAGATACCATGACATAAATAGGTCGCTGGAGAGTGGCGTTTGCGCAGTAATAATACAATTCCCACGGAATAGTAAGTATGAAGGACGCATTCTGGCAAAAATGAACTGTCGTCTACCGGGGCAATGATAGTCACGACAACACGGTTGTGATTCAGTTAGTACGATGGCGGGTGTTGGAATCAACCTCGGGCCAAAAATGCTTCTTACCTTCGAAGACACATCAGTCGAGGCACCGCTTGACAGCGACGTTGGGCGCAGAGTAGCAAGATCGATGTTGATCAAAGGACATTGGCACAATGGTAGCATGTCAGTGGAAGTAGCGAAATAACTAGCGTCAGGCGTCTCCATGGGACGCCCAAATGGCTGAGCAGGACTGTCCGCTAATATTCAGAGAACAGCCGGCGGGGCAGGGATGGCGATAGGTTTGGAGAATTCCGGGTTTTTAGCTAACCGGCCAAGGCTCTAAGGATCACCAGTAGGGTGTGTCGGTGAAAGTGCCGCGATATCGTAGACATGGTCCCCTACCAGAGTTATTCGAGGTAGCTTCTCGGCTTGGCTAGTTCTCGTGAGGAGGCGTCTGGTATCAAGCGAGGCCTGACGGTGTATGCATGACCGGAGAAGGTCCCACATCAATACATACGTTTCTGTCGAAGCCATATACTTTACCCCGGGTGTCCTTTGAGCGTTGGGCTCCGTGGCGGTTTTTCGACCGAATAGAATCCACTAAGCGTGTGTTTTTGCGCTAATCACAGTTCTGCCACTGTTGGCAGAGCTCACGGCCGCGGTGTATTGCAATAGGGAAAGCACTTGTAAAGAATATTTTCGCAGCAGGCAATGCCCACATCCTATAGAGTTAGGTACTAAAAGAGGAGTCCTGTATAGGCGGATAATAACGCGTATCTCTCTGGTCTAATGATCAGGGGGCCGCCAAAGGATGTAAGCCCTTGACTTGGGTCCCGCTAACAACGTGACCGCCGAGCTGGAAGGCAATTGATCAACATATCGCCCGGAGCCAATGGAACACGGGACAGTTGGCCGTCAGTGCTTACCTGGCCCACTGAAACATTGCAGAATGTGTTTGACATACGAACAGGCATGGGCGCCTAAGGGGCACGGGGGGGAGCCTTCATACCAGATGGAACTGACGCTGAGGAGAACATAAAGTTGCTAAGCACACGACAGCGTATGTATAGCAGGCTGCCCGCGCAGACACGCATAGTTATCACACTGGTGGTGACATATCTAGGCTGGGGCCTACGGATTACTTAGGGCTAGTTGGAGATGCCTGCCTGTTCAATATTACCGATGCTTAGTGAGGGTTGCCAAGATTCTGTACGTCGTAACATCCTGAAGCTTAACAGATTCGCAAACTTGGTTTGACCCACAGAATCGACTACTGATGCTCATAGGCGTGGAGCCCCTATTCAGAACTGCGATTGCACGTCGGCTATACTCTCCTAACTGTTGGCAGGAGGTCATCGGCGCATGGGGGTAGTATTGGGGGGCGTGAAGAGCTCTACCTTCATAATTACGCCGTAGAGTTATCGAATGATATGCTATCGCCGGGAAGCTCAAAATGCAGTACGCCCGTCACGTCGATATCGACAGCGTGTCGCCAGTACATTCCAAAATTGTTTGCTTGGTGTGTGCTTCATCAGGAGCTTCAGCGTACAAAAGGCCGTTCTAAACCCGTAGCTCTCATATAGTACTTGTTTCCCTGACAGCTCTTTTCATTTTACGCGGCGCCATCTAGAGGAGCACGGGTTACACAAGTTCTGAGGCAAG,1838,50.82,Caenorhabditis elegans
SEQ_592596,ACGACCAACAATGCAGAATTGCGTGATACCGATTACGCCATTCGGTGTTTCCACTTCTAGTAACAATTTCAAGGATCTTCACGCTGGCTAGATTAGACATTCCGGTTCCAGCCCGACTCACCCGCCCGTAGACACGCGGTTCCACGTTATGACCTATGACCTTTTGCAAAACGCCTGCCCTATCTGGCAGGAGTTTGATCATATTCTTCCGGACCGACCAAGATGTACGGGTTAATCCCCAGACCATAACGCGGGCGAGTTCACTTCGAGGTCCGTATGTCTATCAAACCGCTCAGCAGTCACCATAGATTCGAATATACAGGAACTAGCACACTTTGAACGCCTCGACCCTATAAGCGCAAAATTGGCTTATGATTATAGAAGACTCTGTGACTGCGCCCGAATCGGAAATAACGAGCGGCTGATCTGTGTTCGAATACGCTCGAACAGCCGATTAGCCGAAAGACCCCAGTTTACTGAGGAGATCATTGCAATGGGCCATATCGGCGCTAACCCGGGAAGCCTGACTTAACCGTCATTTCTCAATAAAATCAGATCTAGCTCGTTCGACGATAAACGTAGACAACCATAGTTCGCTATGCTACATGACACGGTCCAGTATCTGAGGTAGGACTGTACTAATGGCGAGGAGGAATTCGCGTCTGGCCTGCCCATATCCAGGAAGGTTGCGCGGACCATAGCTACGGTATAGCGCTGGACCGACCTACCGGGTCGAGGCCTTTCTGAATCTTAATGCCGGTAGGTCGTGCTTGGATACGAGGCAGGTGTTTCTTGAGATGCACCGTCGGGTGGCGTTTTCTCTTATTTGCACTAGGTCTAACCCCCGGCTGGGTACAATACCTCATTGCCTCATCCATCGGACCTACCTGACAGGTTTAATCCCGACTTTCACGATCCCTCACAGCTCTGCTGGTATTAGCCGTCGTGTCATACATGACTGCACCATTACACGCACCATTTGAAGAAGGTCACGTAATAAATCGTCTACGAGCGCCCGGTCGCACAATAGGATTAATTTCGACAGTATTCCAACTGTTCTAGTCCACCCTTAGCGTCAAAGTCAAGCTGACTCGAAGTCGGGTCGGCAGCT,1111,50.23,Caenorhabditis elegans
SEQ_346217,GAAGTCAGTGTCTAAATATATAAGAAATCAACCCATAGCGACTCTGATCTTAGCCCCGCCTTATAGCTTAATATAGGTCGGTACAACCTTTTTACCTTAAAATCGATACTCGAGGGTACCCCGAATGTTGGCGTAACCGGGTCTCCGTACACATCGACGCTTTGAGACCCTACCACCGGTGAACTGTTTTTATTGTTGTCTCCCTTGATCTTGGGAGACGGTGGCAGGTCCGTAGAAACGTGAACCTCGTTAACGGACATTCAGCCTAGGCGTTGTCACTTGTCCACCACAGTGTTGTTCCGATTTGCTAGACCGGTAGCATATAATTCTACCGCTAAAATAAAAATGCCAGGACAAAATATTAACTCTAATAAAATGCGCGGAATTGTGGCCGGTATCTACAATGTGGATATCAAACCTGAATCCGGCGAAAAGGTTGACAAATACTTGATGACGCTGGCTTAGGGCAGGTGTCATGACGCACTTAACCGGGCACACTATCCCCGGGTGATGTTCGGTTTCTCCTCGGTAACATGGGCCAATTGGAGGACCCGGATTACAAGTATACATTAGATTACGGACGAGGTATCTCTTATCAGTATGTCAGCGCGATTGATTTATCTGCAGCCTGGGCGCCACACCAGCCATGACCCCTGGGCGTATTAGTCGGTAGCGTTGGACATTTATGGTTTGCCCGGACGCGTGATATGCGGTCCCAACGGGTGCGGGTGCGTATCTTGAATGTGAATCAGGAAGTTCACGGATTTGACGGCATCTGTAATAGTGCAAGGCACAAGACCGTGAGTATGATCCTGACTATCATCTCGTTCATGAACTCCGTTATCAAGTACAATTTTCCGGGCCGTCCTTAGGCCTGGACATTCAAGGAGCACGGGCAATACTGAATCATCCGGGAGACCGGCACAACAAATCACATTCCTCTGGAGGTGCGATTCGTTTTATAGCCTTAGCGTGCTCCCGACTCATGCTTTGCGGGCCCCGGGAGGTGCCGCATTCGGACGGGATCCTACAGCAGGAAGGGTTCCCAACTATCAGCGGACTGTTTGGTTGAATTCTTAAATGGGTATCATCAGCAGGTACACCACTCAGAGCGATTTTAGGCCTCCCTAAGCAACACGCCGGCTATCCAACCAGTCGTTGTCTCCTATATTAGATAGTAATTTGCCTAACGACGTTACACATCCATTATAGGCGCTCATGCGTAAACCAAACGATGTCGGTTTCGATGTAGAGACCTTATAGCGGCGGGCAACATTTGGCGGGATACAATTAGTCTGCGCTCATTGAAATTAACCCGTGTTTCCGGTACTGATCGGGCTTAATGCCGGTAAACTCGTAAGAAAGCCTCGATGTTGGCGTTACTATCGCTATACTACACTGCTAATGCTGATTGGCTACGCATCGAGATGGACAGCTATGCGGCAGATTTGAAATAAGACCCTAGAGTACCCTGTGGAAGGGCCTTGACCTTGCCTGCGTACGTCTACTGCTACAGAATTATTTGTATAGATTGAAAGCAGCTCTATGGCTTGACTCGTAACGTGGCACATCATGAGCAGTTATATAACTTGGACTCCGTGTTTCGGGTCTAAGCGCCCATGTCGATAACGCACGAGCAAATTGGGTTTGCCACTATCGCGAGTCTGGATTCTAAGAAGGGGGGCCGTTTCCGACTCGCTTCGTTTCGTTGGAATTTATGGGCTAGCGGTTGGGGAGTCCAGTTGGCAGGTCTTAGGCAACCCGCGAGACGCGCTGCTGGTCTAAATCAGTGTCAGATCCAGAGGTATCAA,1811,48.92,Caenorhabditis elegans
SEQ_566617,CATCGTTGTATTAACGACTAGCACAAGTTAGCCCCCGCGTAAACCATGAGCTTCGGCGCGACGGGGCTTTGCAGCCCCATGCTACGATTCAATCGGTCTTGGAGCTTTAGGACGTCTAGGACGGACGACGACTTCCGTTCGAAATCCCACAGATCTTCTTTTAGCGCCTAAGCTGGCTCTACCATTCTTATCTCTTAAACGGAGATGACGGCGGAAAATCTCTATGCTCATGTCTTACTTTTGGATCGTCCTTGCTAGACCCAGCATCCCCGCTCGAGTAGTAGTATTGCCGTGTGCTTTGAAAGACACTGGTCGAGCGTTCATGTTCCCCCGCTGTCATCACGGCGCAGTTCAATCTCTATCTAGGAAAGTCATGAGTGTTGCTACCAGTTAATAGCAGCGCAGAAAGTGTTAATGCTGTCCTGGTTGAGAAGTATAATGTGGTCGACCAGCCATCGAGGACTTTACTGCATGACTGTAGGCATCATGCCTGATACGGTGCCGTATGAGCGACGGTTGGAGAAATTGACGACATACGTATACGAAAGATTTCACGTATATTGTAGACCTGGATGGTTAAACGGAGGATATGCAGTAAGTATGTAAGTACAATTATGAGGAGTGCTTGAGAGCTGACATTGATTCATCAACTCCGCCTACCGGAGTTGGGAACACGGTACGTAACCCGTTGTTCTAAACCCCGGTGACCGTGCGCTCAACTCGTGACTCAGGTCAGGAGCGGAACGATGGCAGCTAGTCGTGTGGTTATGGCGCATACCCTCGATTTTCGCGGACCATGAGGTACCATACGCAG,814,49.75,Saccharomyces cerevisiae
SEQ_289605,CTGATATTAAGGCCCCGCGGGTCGGAACAAGGAGAGTAACCTTAATTGCGCTACTGATGCATTACTCCAGCAGATATACCGCTGCCAAGATGTTGGATCAAGGTTAATACTGCGCCGGCGTTGATAAAATTGTCGATGCCCCTAGCTCTGATTCATCTTAGAGAGCGCGACGGACAGCCCTCACTGCTAAGGGTCGGCAAGATGCCCTCTATCGCGTTGCAATGCAGCGAATTCGTCCGGACAGGAGTGTGTACTGCGGCATCTCGCGTGGTAAATTCCAATAAAACGAGTGATGACCTCGACTGGCTGGTGACTGAGTGGAGCTTTATCCCGAAATACTATCGTTCAGGGCGCGTTATCCGCTATGGGAGCACTATCATGAACGGTTACAAGTATTGTCTTTTCCCC,408,50.74,Saccharomyces cerevisiae
SEQ_298502,GCGTTTATGCACGGTAGAGGCTATCTACCGCTTATGACTAGCCTGAATTCGATACACGGGCGGGTCCGGCTGGGCCCTCATCAGTAGCCCCACGTTCTCTTACGCAATCCCCAGCGGGACCGCGCTTCAGATGCCGTTGTTGCGGCCCACCCCAGCTGTCACCAAGCATTACCTTTCGAGTACGACTCAGTATAGAACATGTACTCCTAACCGCATAAGGGGGCGCTGTCGCTTGTTAGTATAATTGGTTGCTTTTCGGTTCATTTGCATCGTGGGTGTCCACTGCTCGGACATGCTGCATCTGGCAGTCCTGACAGAGCTGCTCAGCCTCGGGGTCAGAGGTAAGTGATGGCTCTCGGTTGTGTGAAGCCGGAATACGTCGAAGATTCCAAGCAAGTCGCATACTTTCAACAAACATGCGTTGATCCCGCGTGCGTCTTTCAACGACGCTATAGAAACGATTCACCGCGGAGTAACTTGTCATCGGGTCTTAGCGGCTAGTGCGTACTCTAGTGATCTACGCGATTCAGTCTCGTACACGTAGTTTCGAGGTGCCTGGGGAACAAAGGTTGAGCTAGGAAAGCGATGCGCCATGTACTTCGTTGTGCAGCTCGAGGAACGCGGTTACTTTTCTGGATCTCACGATTACACAATA,655,52.82,Escherichia coli
SEQ_721104,GACAGATCCGCTCCGCGCATATCTGATACGATAGGTCGGAGAAGTGGCGCCGATTCAGGTGGGGTTAGACAGGGCCTAACGTTCAAGTCCGTCCATTCAAGCAGCTACCCGGAGGTCGGTTGCCCAAGAACTCGTGCACTGTGGAATCATCCGGCAACGCTTCGTAAATTGACTCCGCGGCGACATAACGTTACTAGGCGTGACCGGGATGCTCCACAGTCAGTCGACCTGAGAGCACCGCCCAGCAACAGTACTTATGCACAAAATGGTGAGGAGAAGGGATATAGTGTCGAATCGCTACCTTTGATGCAGTTCACAGACAGACTCGGAAGTGTTAAGCGACTATGACTCGCGAGCAACGTGTTCTTGGGTAGCCAGCTTCTGATATCATGCGGGATCACCAATGTAGTCCTCCTTATAGTTGAAAGGGTCCCGAAGAACAACGGTTGGAATCTAAAGAGTGTATGTTTGACTAGTTGATTCCCCATGTACCTAAGTTGACATTTTTTTATACGCCGTGGCGGGTTCCTTATTATACAGGGTAGTCGGGGCCGGAGCAGCTTTACGGCTTAGAGAGGTGTGACAGAAGCTTGCAGAGGGAGTATACGGCGATTTAGGTTTTTCGTGTTCTATGAGCGAGGACCTGAACATTTTAGAGGTCCGGGTCCAAACAATGAGTTCTCCGTCATTACATTGCCGAGAGATCGCTGTCATGATATGAAAGGTAGACCTATAAGTAGTTCTTGATCTGGTTTGGCATACGTAAATATCTCGATGAGATATTGATCGTAAAAAACAACGCTGGGAGACAGGTTCTTCCCAAGAACAACGGGTGCGTTGATTTGCTGTAGTTTACTGGTGCGAAGCCCTCCGATCGTTAACACACCAATTATGCGCATCATTGAGTGCGGCCTTGTCTTTACAATCTAACAGGAGATTAGCAGCCTCAAGCTCTATAAGTAGGGCAGCAGTCACTAATTAGGTGCAATGGACGTACCATAACGGCCGCATAGTGTATAGAGTTCCGACAAGAATCTGCGCAGCTTCAATGGTCCACGATACTGGTATATCAAGGCTGCTACTCAGACGCGTCATCGCTCAAACTCCCGCGCTAGCAAGAAACCGCTCAGGAGTAGCAAGCGCCCCCTGGCGTCGTAAAGTATGATTTGGGGAGTATTTCATTGACGGTGTG,1192,49.08,Saccharomyces cerevisiae
SEQ_430837,TGTACGTACACATTCTTGGCAGAGAGGTCCAGGCACTACTCGCGGGAGACAAGTCTATGCAGAAACTGTCAAGGGAATTTCGCCACATTCCGCGCAGATCGTGGGATTTTAGGATCGGACGATTTTGGCGCGTACTCGTATACGCCTTGATCGCTCAAATTTGCGCGGCAAAGATCATATTCACGATACCCCTACCTATCCTAATGTGGACTCGAGACCGAGGACGACCAGGAGGGCGCGCGTCCCCAGCTTCGCGCATTCGATGGTACTTTACCTTTGGTGCTCCTCAGATAGGTCATTCGTGTTTAAACTAAGCCTCCATTAGATCGTGTAAATTCGCAATCAATGTAACCCTTCTTTCTAAATGTCGGCTCGAGTCAAATACCCTATCTAGGCGAGCAACCCTTGGGTGCCGGTGAGGACTGTGACGAGGCAGATTACGTACCATTGGACTCGTGATCTAAGCAATATTAACAGCTCATATTTCCAGTATTGGGTAGCTTCAACGCGCGTCTGGCTGGCTCGTGATGATTCGAATTCAGCGAGGAAGTAGATTTGTAAAGTAGGAATTATATTGTATTTATCACTTGACGAGCAACTCTGCTCACTCAACAGTGAGCATTAACGGCCTGAGGTCTCGAAAGCCAACGAATTGGCAAACAGTCTTGAAATCGCGACAAGCCACTGCGTGCCCACTGAGGGAATCTCTATGTGCTGGCACGCTCGTTGTCTCCTAGCCTTATAATGGTGCGGAGGGTGCCCACACGCATGTATACCACCTTCCTTCAATTCTAAGATATGCCCCGCCTTAAGCACAGCCGCCATGATGGATTCCACCCGGGGTAGATTTAGTCTCCATGATGGGCATCTTAGTCTGCATGGTTGCCACGCTAATTATGTCCACAGGTTCTCCGTTCATACACCGGACAATGAGATTCGGGCGGCGCTATGAGCCAGCTGGATTCAAGCCATGTTTACTAAAAGCGACGCACTACTTCCTAAGCATCTCGCGGCGCCACAGAAACTAGAGGCAAGGTGTTGGCTTTACTCAGTTTGCTTCATTACGCAGTTCTGAGGCTGGTGTAGCTAACGTGGGGCGCTGACGTACTTGCAATTATACTTTGTTCGATCAGATGACTCGTGGACTCACCGTCAGCTGTGTTTTTAAACCTAACTAACGTCTATACTAGGCATCTTCCCGTTTTGTAAATAGTCATAAGTTGCCGCAATCGGCGGGTAGGACGAGGGAGGTCGCAGTTGAGGGACCCACGAATAACGATTTAGTGGCGGGGTGTCAAACGATATCGAGGCTTATTAGGATCCCAGGCCGGATTCATACCCCTATATGCACAACTGCCCGGGATGCGAGCAGCTGGGGATGACCATCCCGCAATCAAACATATACGCAGACGCCGCTTGAGAATCGCTCGGGTGCAGGACAGTATGGTCCGTAGGATCCACTATCCGCGCTGCAGGTCAACGGCGGTCTATGGGCTAGGCCCGGTCACTATCTCAAACCGAGCTCAGATTGATCATCTTAATCTGGTGAAGAGTGGTCTCTGCGAAGGGGGGTGATGTACGAATTCTTCGGGAATGCCACACCGTATGAAGCTGTGCTATTACATCCAGTGGAAGGCGACCAACCCTTACAATTCCGTCTACTAATCCCTCACTGTCTGAACCGAGCGGCGATCCAAATGCTGCCGTTGCGCTAGGAACGCCTTGACAGGTTACGAAAACCTTCACCTGGCATAAGAACCTTATCCTTAATGAGAGGAGCACAAACAGCTTAGGTGTCAGAATCGGTACGAGAAGTATCGGAATCGAGTTTACGGACAGTCATGATTGTAAATTTTAGATCAGGGAGGGGTGCAAACCGACGTTGAACCTGAGTTAGTATGGTAGGCTGG,1910,50.05,Drosophila melanogaster
SEQ_807625,ACGAGAATGAATTCCGAATAGATACCAAAACACATCACGAGATGTCCGCAGTGGACATGAGCCGCGGTTACCCTGAGAGAAGTTCAGGAGCCTACGCGTTCAACTATGACTTGCCAACCAGATCACATGGATGATGCAGTATTGCGTGTACGGCCTTTACCTGCTCTTTCGGCTTGAGTGACGTCGGTACGGTTCTTACGTTCTAGTCCGTGAATACGGGGAGAGAATAGCTGGATTGTTGCCAGCTCAGGTCAGGGGAACGCTTTCTTCTCGATGCAGTCACGGGTTGATATTCCAGACAGAGGTGTCGGCATTGTCTCCTGAGGCTGGCAATCGGGTCACCGGCGGTAGTCGGACAGGCTAGTTCGACTATTCGTGGGAATGACGAAAGAGTGATAAGGGTATCTCCTGTTACTAATCTGCGCGGGACTTCTTACACCACAACTAAATCCGAATGTTCATGACAGTACGTAAACGATCAGAGCGGGCTCGCTGAATATTTATGGACGAAACATTCAACGACGAGCCGTTGGTCCCCCACCTTGTAAGCCGTCGCAAGAGACAGGATCGACGGGCTGCATCCCAGTGCATACCTCGAGATATCGGAAGTGGGGGGCGCGATCTCACCTCATATTCGGTAGTGGACTCACGCCGGTGGATCAAATCGACGTCGGGCACTCTCGAGGGTTACCGCGATGTGCCGTTTGAGTCATCTCAGACTGGTTGGTGGGCTGGACTGTAATGGTCAAGTTGAGTGGGGAGTCATTAAGCAATCGAGATACCTGTGTGGAGACATAGGACTCTATGAGGACAGAGCTTGTAGTAATTTATTGGGTAGGCTTATGGGCGTAGCAACCACCGGGTTGATAAAACCTGGATATTAAGCACTTAGGGCCAAAGCCATCTATAATGAGGTGTGTTTTGTGTGGCGTAAGATCATACTGTACGAGCTAGAGCTAAAGTCCGAGCTTGAACCCGTGGTGGCGAATTATTCGTAAGTCCGCAAGCAAAACACGTCGGCGCAAGACTGTAGTGCACAGAGTGCAGGGCTTTTATGACCGCGTCGGTCCGCATCTCGGAGGTGCCTGCCCGTGAAAGCGGTTACCGTACGCACCTTCTATTGCGCCCGACTCTCATTAGGCCTCCCAACACTACCAACGCACACACCGGGCCCTCCAGACGATCCGGTCGCTGGGATAAATATGCCCCCTTTGCCCTGTCCAGACTGAGGGTCGCTCCACACGGGGCCCCATCAAATACCCCTATCGTTACAACTCATTATTTTCTCGAATCCAGTACCCTGCTCCCGCTGTGAGCCAGGGTGGCACCCCCTGGGGGAAACTTAGAGTCCGAAAAGCTGCTTCCGATACCTTTTCGCAACATAAGTATCGTTAATGTTTCGATTACAAAGGGGATGTTGCCAAGATGAATTAAATAGCAAGCGGGAGCTCTCTTACAATAAGTTCGGCCTAAAATCTCTCAAGAAGCGATGGCCTTTATTCCCGTAACACAACCGATAGTCGACCCGCCCTGTGCATAGCCTAAACGACACGGAGGAGTATACGAGTTCAAGCGTTGAGTGAAGTATATCTGGACGCTTTCGGGTACTGATGAACGAGGGGAAATGTCATAGGCCGCCGTATGCAAGAGGGCCGGGCGCAATCTCGAGAAGCTATCACCGCCCGTTACCATATCCCCCAGCGACAGAGGTTCGTTGCGCATACTTGATGGGCCCAGT,1738,51.96,Mus musculus
SEQ_625852,CTGCCGTGCTGCGAAGGCACTGTGATGGAATTGCGAGTTCTCCAGGCTGCCAGTACAGTTTTTATGGAATTCTCGGTTGGGAACAGCGTGCTGATCGATCGAGATCCCATCTCACGAGTGGCTTCACGTCTCGCACCCCCTCGTGGACACGGTTGAGGGAGACTAAGCTAAGATATAGACCTTTATAAGACTCAAGGAGATGATTAGTCTTAGTCACTCTCCAATAAAGCGCTGACATTATAGCTCAAGCGAATGTTCGGACTAGCCGAGGGTCGCCCAAGGCTGATTAGACGTAAGGGCTTATATTGGACGATATTATCAAGAATACCAGACGCCAATGGCGGAATCTCCACAATCTATACAGAATCTGAGTACTCGTTTATAAACATCCCGCGGCCAAAGACCAACATGATAGTCTGCGAGAAGCAAACAGTTATGACAGTTAGCGATTGGCTTCCGATGCCGGCTGCGACCGGTATTGCACAGAGCGTAGATAGGCTAGAACTGAGGCTTCAAGGCTCTAGGCGTTACTCGAAGGTGACCGACTCAATTGCCGAGTCCTTCAGGTTGTACTTATAATCCGCAGTGCGGGCCGGCTACGGCCACAAACAGTATTACGTCTGAACAATGTAAAAGAGTACACAAAGCTTCCCGTCTTCCTACGACACTGCTCTCAGTAAACTACATAGTGGGATAAGGCTGGTCATGTGTGTCATCATGGAGTGTCATATATGGTTTAAGGTGCTAACACGGTACAACCCGCTGGACAGGTTAAGTGGGAGAAGGACAAGATTATACCGGCACCTTGGCATACTCGTTACCCAGTCGCTAACTGTTCCCCCGATATTACTGACGTGTGTGAATACCGGACTCGAATGCTAGGGAGGTGTCGCTGTGTATACCATCCCGCTGCCAGTAACCCTTGCCACCCTGATATAGGGTACGAAGTGGTATAAGGTGATGTAAATATCTTGCAGGAGAAGGGACGGAGCAGACTGATTGATTGCCTGTGTTCCGGGAGCTCTAAGAACCATTACGCTGGGGTGCTTACACGGACTGTGCGCCTAGCTCGTTACTGAACTTCGATTGCCATTCCCGTCTGTGTCGAAATATTTTACCGTGCGAAATACGATATCTGACCAAACTTAGGGATGGCGGCCCCGGAGCGGCATTTAACTGTGCGTACGATACTAGTTTAGCAGCCGCTTAACTTCAGGCCCACGGGACAAAACGGACGTCTTGGCTAGTTCCAATGGAACGAGAATAGAGACGCCCGTGGGAGGTACCGCTCAGGGCAACTATAAACATCCGGCTCCAACGATATTTTAAAGTACTCTCCGGGAGGGCTCGGAAATATTAGAACCACGAGGGCGTGAGGCATAAACTTACGGCGGCCTCAACAGAAATCTCCATCTCCCTTACTTGGTGTTAAGTATGGCGTCTTATGCATACACTCTGGGTCAGCTCCAAGATTGAAAATCCCAAGAATCCACGATTCGGCATAGACAGCCTTAGGGCGTGTCAGGTATTCGCTGGGATGTTTACCTGACTAGAACCACCATTGGACAGGTCGCCTGGCTCTCTTTAGGACAGTAGGAAGTTCGACTCGCACGCGAAGGGTAGACAGGACCCGGGAATAAGCGAGTTTGTTAGTTTTTGAACCA,1664,49.7,Arabidopsis thaliana
SEQ_407515,ATAGTACCGCCAGGAACATCATAGTGGTTCAACTAAGTGCGTTGAACAACTTCGCGGGCCCTTAACACGGGCGGATTTATATGAATCGCGCAGCCCACTTCGTCGCTATCGACTTGCGCAGTAATACTACGAGCGGCCGTGCGTGAGATACTGGGGAAACTACTCGGCCGCTCAGTACAGGGCCACGACAGCAACCTAAGCCTAGCGTTGGTTACGGGAAGGCCCAGGTGACACCAGAGTGGGAAAGCCTCGATAACCCCAAGTCGGTGAGCACCTTTCGTCTCTTTCTTGGCCTACAGTTGATGGAGCCGCCCGCGCGCTTCCTCTGGCGGCTAAAACAGGAACCCTATGGTGTTAGTAACTACATTGAACCACTGGACCCTCCGCATACGGGTCAATGCGTACCGGCTCGAGCTGGGTCCTCGGTTGCCTGGCTGGAACTGATTAGTGTCAGGTTATACTCGCTCCGGTCCAACTGCGCCAGGTAGCCCATGATCTTGTTTTTTTAGATACTGCTGTTCAAACCTACCACGGAAAAATCAAGCATGTCTTGTATGAAGTCCGTAGTGCAGTCAGCCTTATGAGCGCGCTAAGATCTATACTAGAGTTGATACACGCTCGTCCAATCCGCGGTCCCCTACAGTAGAAGACTATGAGTCAGCTGGTAAAAGCGCTTTTGGTTGGATTCATACCAAATGCGGACCAGGCGCCGGGCGTGCGCGACCACCTAAAACTCATTTCATTCCCGTGCCTGCATCTTAGGTGAGGTAGATTCAATAGGGTTGTCCGAGATCTGCTTTTCAACCTGCCATCGCTTAGCTAACACCTAACTGTGTTCGAACCTAACTACATGTACTGGTGATGCTGGAAACGTTCGAAATCAGCCGTCGTATTAGTGCTTACCAAGGCAGCAGGAGTGCCTCCGGTGGCCGTGCTACTTAGTAGACTGGATGCTTCGGGAGCGTAACACTTCACCATTTAACGTTATTAGTAGGTCGTGATGGCCATACGATAACGACCAGCCTGGGACAGTCGACTACGTGTGGGTATCCGCGGTAGTTGTTCGTTCTCAGACTTGACCATCGTTTAGGGCTACGTTTCACGAGTTCATGTTAGGCTACATGTTTGTTAAAACCCGGAGTAATACCCCTGGCAGTTCTGCTGTCCGGACAAACTATGGGCACTTTTTGGTCCTGTGCAGCCGTTTCAAGCTCGCGCGACTGAATTATCTCGTCCACACGGTATACCTCCGAGTACGAAGAGCAATCGGAAACGCCCCCCGGGGCTCTTGAAGATACGACTGCCTGAGCTGACCCCTGGGCCGGATTGCCACCAAATTTATGTCGCGTTATTTCACGTGGTATCCAAAGTAGACATTTGTACTGGTGGCACTCCGCCTCTAGATATTGTTGGACCAGTGTGCAGGGCCCGTTCATCTTGTGGTATCTATGAGGCAAACACCGCAGAGTCTAGATCAACTGCTTCTCTGACCCCCACCAAGTAGATCGCCCGTCTTCTTCAAAGACACGGTTGGTACTCACTCAGATGCGCATATAGGACCAGATGTGCACCATAGATCTAGTGGGAACACACGCTCGCTACACGACCGTTGCTACTGTTGTTTCCGCCATAGTGTCCTTCCATCGGCATTTATACGGCGAACATGGTCGTTCAAGGCCTTGGGAGAGATATATCAACAGTCGCATTAGTGTAGCTGTATGTACTTGTTCCACTCGATTTTTCGGTTGACCCTAAAACAAGGCCCTTCACACTCGCAGGCGCAGACGCTCGGTGATCCAATTAATCTGTTAATCCCATTAAGTGTGCCGGTTACGTGGGCCGAGGAACACAGTAAAAATTAG,1862,51.29,Escherichia coli
SEQ_249943,GACGTTGATGGCTTATAGGACGTATACGTATCCCCGCCGGTCACCTTGCCTCCGTATCCCTGAGGTCTCTCCATTAATAACCACTCTCCTTCTTTGTATCAGGTAGCAACAATTGGCTGCATGTGGACGACGGCCCACTTGAATCAGGTCCTCATCTGGTACGTGTTATCGACTTTACATGGTGTTTCTTTATTATAAGAAAGGTGTGTCTTAACAGCAAGCCACACGTAGCCTCAACCTTCTCAGATGCCTAGTGGCACCTAGAACGCCTTTGCGACATCATCTCAGGGCTTAAAACCTTAGGGAATACAAAGAGGCGCCCCATCGCTAGGATGATTCCGGATTTTTGACGGGGTGATTCATATAAGCATGGTAAACTCAAGTGCTGAAAACGGCCTGTCTGCGCCGAAGTTCTCGACCTGCCCTTAGTCTGACAGTTATT,442,48.19,Arabidopsis thaliana
SEQ_689925,ATAGGACAGGGCGCATTGCACGCATGTCGCCGCTAAACCGGGGGTAAGCCCTGAGTGTTCGTTATATTCAATAAGACCCTTCTACCCCTCTTCAGAGAGCGGCTACCGGAAAGTCGGTACTAGCCTACCCTACGAATTGCTAGGTATCATATCGAGGTTTGGTCGTTAGAACACCTAAGCTAAGTGGAACGGCCGTCTCTGAGGGCGCACCGGCGTCGATACGAGGCGTATTGCCCCTTAAGATGACATACAAGTGCTTCCTTCATCCTAGTCATTATTAAAGTTATGTAAATAGCTCCGGTGCCGGCGACTGTCCTGGATTTTCGAGTTTCTGAATACCGTAGAGGGGTCGCACGAGAGTCACGATGGTGGGGTACTACGAATCGTTACGGAAGACAAGATGCAAGCTAGATACAATATTAAGCACAGTTGGAGTTACGAGTACCTTGATCAGGTTGATTCGCCATAACCCTGGATAACACCCTGACCTCGATAAGCTTACGCGCCGGAGTGCTCGGTGCCGTACAGCCCCGAGGGCACTGCGTTGTTTTACACATACTAAGAATCGTCCCACCATATACGGCCACCCTTAACGTGCGAGGAACGGGTCTGCGTAGCTTTACTGCTGAACGAGTATCTTTGGGGAGCTACTAACTACAGTTGAGTAAATGGTAGTACACCCAAGCGGTTGGCCCCTCCTACGACACTTACTGACCTACTCTGGTCTCGTCTCCCTTCCGTAACGTGACCGCCAAGTCACTGGGGGAGTGGGCTGTCCTCATGCAATATCTTCAATTCACAGACCGTGAATAATGATATAATCGGTCGCAACGCTCTCTGATCGTACCAATCGAATGCACGCAGATCCATACCCGTGTACGCCTTTATGAGGGATTGGGTCAGTCAAAACGATTACTTATCTCGAGGCGGACGCCGGGCGGTTGATCTATTTTTAAACGTATTCGGGTGACGCTCCTATGTGGTACCGCAGTGGAAGAATTTTCTGCTGCTATTCCATCAGCCCCATACTACAACCTACCGACCACAACGGCGGCGGAAAAGGCGATGCACTAGAACCAGCTTCACCACGAATTATCCTCCTTGATTAATCTAACAGGATCCGCCAAGGTAGACGTCGAGGGTTGCCCTCTTAATTAATTATCGATGGATAGTCACCGCCGCCTGACTGCGGTGGGCTTTCTTGTAGAAGAGAGTCTTCGCGAAATGGTGCCGGACGACTTAGTAAGAAGAACTGTATACGCACGCCACATGTCTTAAAGGGTTGGCTGGTCTGGTTAACCTATACAACCATCCGGTTCACAGAGTTCTTCAAAACGCACCTTGTTCCCGTTCTGCTTCACGCCTACAGACGATTGGGCAGCGTCTTGAAGAAGAGTGAGTTCTGTCCCCGACCGGTCGTAAGAGCGGGGCGTCTATATGTAGGTTTCACTTTCTTACTCGGCACCATTGTCCTTTGGAAATTAGGTGAGGAGGGGATCCGGTCTATCGGAATCCTATAACGGCCGTTCTCATAATATATGTGACGTAATAGAGTGATGCCAAGAATAGGTCCCGAAGCTTCCCTTTAGCCGGTGCATTGCTCCCTCCCTGTATTCGGTTCGTCTTATAACTTGCAGGACTAGCCAGTGGCAGAGGAGACTCAGACATGACCCAAGGTCCGGCACGTCACATTGGTGTATGCGAATCTGAAGGACGTTGGATTATAACGCAATTTGGATAAAAGAACGGCGATCACGAGAGTCTTGATTTCTTTAAATTCTGTCGGCTTGTTCAGAATTACTGGGTAAGACTATTAATCACTGTTTAGTGCAGAACGGGGCTGACTGGAAGGAAGACCAGTCCTTCATCTTCGGCACCTACACTTAAAGTATATAGGTTCGTAGTGCGATCTGCGTTGCCG,1921,49.66,Mus musculus
SEQ_837778,TGTGAAACCTCTAAAATTGCTCGGGGTACACTGATCTCAGACATGATACACAACCTTGGACGTGCTCTGCTTGTGACCTGCAGTTTTTTTCTAGCCAATTCTAGCTAATATACATAGTCCATGGCGCACGCTGGCAGCGGTTATTCCCTGGGGAATTCATACTAGAGGCCATCCATTGGGGCTCTAGAGTTGTCTTCCATCCGCTTCTCTATTATTGATGACAAAGGATTGAGCCAACAGGAGGCTGCTTATCCCGAGCAAGATCTCGGTCTGGCCCTTGTTCGGGATGGAACTCTTGGATTATGCAGGAATCAGAGGATAGGCCTTATAGCTGGCGAGCGCCTCACGGGTTGAACTCGCCGCATTAATTAGGCAGTGGCTAAGCCTTGGAACGGTCCAGCTGATAAAGACGGCTTTAGGGCTATCAGAGTGATTGTTACTGAGATCTTGAGACAATTCTCCGGAGGTAAATGATTGGATGTCAAAAGGCGGGATGCGTCCGATGGGCGTCTACGGCTCAAACCCCTCCCATATTCCTTGAGTGAACGAGTAAACCCGCGTGGCGATCTGAGAAGAGGAACCCGCATATTTAATTCGCGCGTTGCCATCATCCATTGGCATGTAGGTATTTATATGTTACCGCATTCCCAATACATGTGACTTGACACAGCGCGAAACGGGTCGGTACCACTGCAGTGGACACTGTAAGACCGCTGCAGGCCTCCTGAAAGCTTATTTCGAATGTCGCCGCCAGGCTGGTCTAACCTCAATACGGACGTATGATTGACTCTGAGGGCCTGTCTCCCAAGTATGTCTTCAGGTTAGTGTATCACATTCCTAGAGCCCTCTTCCTCTTCCACGACGCACGTGGTCTGTTCGTTGAATGGATTAGGCGTCTGGTGCCGCAAGTCGATTAAGATCGTACGCGATCGGACGATTCGTTGACCGCAGTTCCTTACCCGTCAATTTACATGCCCGTAGGAAGGAGGG,990,50.3,Saccharomyces cerevisiae
SEQ_349205,GGTGTCGAGAATACTTTGCTGGTCTCTCCTAGTAGCCAAATGTGATTAGACGTGTATCCAAATGGCACGTGGTCCCGCAGGGGGATGTCGTAAGTACGCAGATCCCGGTAGAGCTCGAGTTGCCCGCTGAATTAGGATAGGGGTGTCTGAGACTAAACGACATTCCGGGACTCTAAAAAATCGAAATTAGGTAAAGGCCGTCTCGAACCACTTGGTTAAGCGAGTGCGCTTGGGTACCTGTCGCAGCATGGGTTACTAGGTCCCACTCCCCCTTACCCGAGCTAGGTGATAGTGTTTTATCCTTTTTCAGAAAATCATAGCAGAGCTGACGACCAGGAGTAGGCCTTAGCTGTTCTCCAGTTCCTACCACCGAGGCGGCAGGCTCTGTTAATCCTTACGGAATGGTACGGATGCAGAATAGCGTGCCGACGAGCTACGCCTTAAAAGGCTTGTGCGATCCCACTTTCAACCGATTCGCTATCCGGGCCTCTACAGGCTAGCGGGCGGTAAGATTTGGACCAGTTGATAAGGAGTTCGTGACCTTATGAATATGAGTGAACGTTGCTGAATAAGGCGCTACGTCCTTGACACACCCCGGCGAGTGATAATTAACGTTTACTGAATCTTGTTTCCGCAAAATGCCCGTATCCCCTGAGGTAGATAGCAGTGCTTTGTGCTAAAGCGAACCTCATAAACTTCGGGTAGGCCATTTGATGCATCGAGCGTCCCCGTCTGGACTCTAATGCCGGGCCATGTGTTTTAGGACTGTAGGTCTTGGTGATTGTTGG,788,50.63,Caenorhabditis elegans
SEQ_549918,CATGCGTCCTGTTGTCAGCGTCTCAGCTGCCTCTTTTGGTGAACATTTGCCGTCATGACAAACGTCTTAAACCGGAGATAGTAGTGTTAATAATCTCTGCAGCAGTATGTCCGGAGGGCGATCCCGTAGTGTTCAGACGGTGAACTCCGCCGTTAAGGGGACATACTGTTGTGCGGCTTGGTTAGGTATATAATGACCACCCGAGGTGGATTACCATACTCAGAGGCGAGAACATATAAAGTTATGTTGGCGACGTGCAGAGGATTCGTGAGGTATGTTAGCACGGTGAAGTAGCGCATAAGATGGTAATCATTATAGTGTGAGTCCGGGGCTCTAAATGCAATGCGAAGGTAGACTTCTAGACACGGGTTACCCTACGAGCACACTACGTGACGGCTTTTGAACACGCACTACCCACCCACCTTCCGAGTGATTGCTCCCCTGTGGATCGCCGGCGCTGGCTAGCGTTAGAGCGTTCTAGCCTCGGGCCCTGACCCAGGGATCCGTGAACTAACACCCGCCTTGACGGGTCTTTCTCAAATACAAGTTGATTAAACCAATTTCAATGATTCCTAGGAGAAGGATAATTTACAGTCCGAGTGCCCGTATACTGCGGCCAGGAGCATAAATTGCGGAGGATCTGCACATTTGTTTCTTGGACAGCTACGCATCTCCCCAGATCCAAGATAGTCCAGGCCTCTCGTACAGCTAAGGCATATGCCCCAATCGTTCAAACGATGTAGTTGAGCCTATCCTGTCTGTAGGACCAGCGTCCCCGTTGTACTCTCGTATGTGTAGCTGTTTATGTATGTGTAGTTTATGGACCTGGCTTTGAGGTGTCCTAAAAATCGTTATTCAACGCGCTGACGTTATAAGTATCACAAAGAATTTGTCGGCGGTTGTAACCGCACGTAGACTTAAAAGTCCGAATCTATGTATCAAGACCGATGTTGGTTTGGTACCCGCCTAGCCCCTCGGGGGTACCAGCGACCCTGTTATGGTGACAAACTAGCGGCCGGGTGTAGGTTCGAGTGTGACCCTCCCGGCGACAGGTCGGCTAAGTCATGATAAGGGTATGCTTAAGTTGACCGGTTGAAGGGCGTTGGTGAGTAGAAGAAGACGATCGGTAGAAACGCGAATGTGTAGGATCGGAGTTGGAATTCTTAACGTATTCGACTCTCAATAGACCCTCTTAGAGTCTATCCGGGCGTCCCACACCTTTTTGTGGGCTTTGTGGATAGCATCGCTGACAGTCTTCACGCAGGGCGGACGCATCGGCCCGTATATCAGATTGCAAAACGCGCTCAGAGGCAGTTTGATTCAATCTTACCTGACAGGGGACATGAATCAAGACCATAAAGAAATGGGTCAGTACAGGTTTTTCGGTTCACGTTGTTCAAACCATATAAGGAATGGTTGGTGCCCACACCGGACCACTGCAGGCACCACGTGACTACGCAAGAATGCCGAAATCAGCACACATAAGATGATTAAATTACTTAAAAATTTAAAAACGAACGTGCGCAGATTTATAAAAAACTACCACACTAAGCGGGATAACGTGTTATTGTAGACTAGTGGTGTTCTTGCATTAGCGGACCCCATAACCCATGTCGTTCAGCGGACGCTTTATGTTATATAGCTTTACCACAGAGGGAGTTCACAGTAAAGCGGTAGGTTCTAACGGCCAGTTCACGATACCGAAGAAATAAACACCTTTAGTCCGCTATGTTTCTTCCTACTCTGTGCGAATCCCATTGTCAAGCAGCAATGTGACGGTTCGAGACACCGTTCTGCCGCGACCCTATGACCTGCGACTTATAACATTAGTGAAAGGAGCGCGTTCTGTTTTACTACCAAGGCAATGTCGCTAGCACTCGAGACGGTCCGCTTATTACAACCAGACCTTTCACGAAGGGCCCACACCAGTCCGAAA,1936,48.71,Escherichia coli
SEQ_504908,AAACATTCTCCGGCCACGGATGCATTCCAGTCGGGGCCCTACTGCGTAAATCTCGCTTAGTTAGGGCATCCTTACAGGAACATCGACTTCG,91,52.75,Caenorhabditis elegans
SEQ_452314,GACGACATGCGCTGGTAGCCGTTATTTGCGGACCCGATACGGCTAATCCTTTTTGAAGCAGCGCACTTCCCGGTCATTACGGCTATTGCCAATCCGTCAGGTTCCTCCCACCCTGCAGGATCACGGGGTCACCCTGTAGTCTGCGTTAGTTAAGTCCAGGACCCGGAGAGCTCTCTATGGCCTACATACAGAGGTTATCCCTTGGGGATCTCGAGGGTTTGAAACTATTTGCTCTCTGGACTAATAACAGTTGATCAACGGCTAATGACTAGTACACCCTTGTGTATCAACGCTTTTAACCTGAGGAGTCGGGGTGTACCTGGCGATCTACTGTATCCAGGGTATGCAGCTTAATCTTAACAGCGCATATCGTGGGCAACTGGCGTAAGGTTACAATTCGCTAAGTGGGACTGATTCCAGCCAACAGAACAGTGGATCGGACCTACCATACTGCTGAATTGGCGAGGTTAAGGACGAGAACGACCCATGCGCGACCCTCTCTGTTTTAAAAACGAAAGTCTCAAGTGCCGTTAAGACACGTAGGTTATGGACATTAGGTGCGTTGCGTTGACATGCTCTTGCTGTCCTACCGTCGTTGGCAAAACGTCGTGTGTTATGCTCCCCAATGTTGCGGACTAACGCGTCTAATGCCGCAACAGAGGTGATGACTCTTGTGCTCTGGAAATATCTACATCTCGTGATACAGTTACTAGTATGCAAAACTCCTCGATCTTAAATTCAGTGCCACTAGGCTTCGTTCATTAAACCATGATCGGAGGCAAAATCGCCGGTCGCAACTGCAACAACCCCGATCGCAGTACATGCGCATCTTTCTCGCTAAATCGCTGATTCTCACCCTACCCAATCGGAACAACCAACGGTATAGCTTCTCTTCCGTAAAAAGGCACGCTATACTGATAAATCCCACCCCCGCGTAGACCACAGAACCAGTAATTTATGCCGTCGTTTCTCACGGTA,978,49.39,Escherichia coli
SEQ_221091,AGTAATTTACCCCAGTGATAGCAAGACAGCTCTGCATATGAAAATCTAGCTTTGCGCCGGGTTGTTTCTACCTCGCGCCGGTTCCTACGGCCTGGTAAGCCGTTGGCTAATCGCTCCTGCATCTGTTGGCCGGAAACTCAAGCGTGGTCGAAAATTTGTAACCATGATGTGGCAGAACGTTTGCAAGTCTCCGTTTACCACTCCAGGGGTACACTAACGGGCGGGTATCGTTTCACCGATGCCGTCTTCCTCTTGAGAGCAGAGAGTATCTGCGGGTGTCGCCCGTAATTGACCGTCTTACCCTTGACGACCTAACCCATGATCAGATGCCACGGTACGCCTAAGACTCCCGTTGGGATATATGTTATCGCTCCATCTGGTCTCAGCCAGCACCTCGCGACGCTGTCGCATTCTGACAACAATCGCTGGAACGACGTCGCATGAAACCCCGGTAATCGAGCTCCGGCGGAGCAGCGTACTCATTTCATCTCGGTAATACCCTTCCGACAGCGTTACTCCTTACAGTTGTGCCGTCCCGAGATACTCCTTTCCAACCCCCGGAACCAAGGAGTTAACAAATCGCACCTCCATACTAGTTTTACTTCGCTACAAAGGCTGAGCTGTAGAGTGATGTTAAGTTGGGGACATTCGCTGGGGATTAGCTCCTATGGACTGGGTTTTATAACAGGTATGGAAAAAAGGACATCCATAGACAAACCACGGTCGGTCTCCTATAGAATTGGGTTCGCCTGCATTAGCGACGCTGGTTAAATGTTAACGGTTGTCATTGGTCTGGGGGAACTGGATAAATGTGTAGTCGCATTGAATTCTACTTCGATCGGAGACCTATGACCTCGTTCTCACGCCGTGAAACGAACCACATTAGGCACTACACGGAAGAAATTTCAAGTTATAACTTGCATCCTAGACGCCAGAGCAGAACACTAACTAATAACTCTGGCAGGAACACTGATGACATTAGGTCCAGCGGGGACTCATGCTGCTCGGGGCTAGCGGACCGTATCATGTAAAAGGGCGGGTAGGAGTGATCCGAGTTATCGTAAATCCAAGCTATGGGGTAGCGCACTGCTCTTCCGTGTCATCGTAAGAAGCGCAACTAAAAAAATGTGTCCAGCTTAGATCCTTAGTGCACTTTTTCAATATTCTTGGGACCGGATAATCTCGCTGTCCGGCGCGCGGAGCGTGGGGGTCCCGCCGAAAACACTAAAGTGTCTAGTGCCAGCCTCATCCCACATAGCCGGACAGAGTACGAGACCCGGATTCGATCTAAGGTATTGCGGAGCTTTGCTACCTGTTTTAGCATCGTACGCGTATTGTGAGAGATCATCATCTATTCTTTCGCGTTCCCTTACCGCTATTCCAGGAACGACCCATATAGGATGGGAGACAGGGTCCAGCGAATGAATATGGTCTACGTGCGGTATCGGTCCGAGACTACTACTGTGATCTCCGCATCTCCCCTTGCATAAGGAGAAGGAATGTCAAACTCTGACGGCAACGGATACAGGCTAGCTAGTTCGGGGAAATACGCGGAACTGGCTAGTTTAACAATGTCCGCCTGCCAATTAGTCGCCGTTAGATATTGTCCGAACGGCTGGTTTACGAACGGGGTTTGAGTCTTCAATACCCCCAGAACTTCCTCGAGTTCGTCGTTGTCCTCCTGGACGGAGTCCCCGCTAGCAGGAAATGCTGCCACTAGCCACTAAAAGGCTAATGAATCACAGGATTTATCAAGTACCTCCTTAGAAGGCTCGGTAGCCAGGCCATGGGCACTGCAGGGGCGTAGGCGCGCCAGTATACGACTTGTGACGC,1833,50.95,Arabidopsis thaliana
SEQ_374313,CTTCCTCAGTGATATACTCCCTCACATAACTGCATTGCGTCACTAAGTCCCGCGCCAAAGCTCTCTGTTTAACTCCCGCAACCTGTCTTACCCCTCATCCGCACCTTAGCACTCAAAAATAAGTGATGAAGGTTTATACGACCATTTCAGGTTGGTACAGAAAATTGCCCGATTCGGGGGTAGGAAAACTCGTCGAAAATATGATTGGAAACCAAGTAGTGGCTGGTATAGAAGCCGTCTGGCAACCAAATAGTTCTGTGGATGGACGTTGGCCGTGATTTACACATCGAACGTAGTAAGACGCACTAGCAACCTGGAATTCGGACAAGTCGTCCGCGCTGTATTGCGGTTCACTATACTCCTGTCTACCCCGCTTAGGCCGAAGTGTCCGAACAAGCGCAACCGAAAAAAAGTACATCATCCTCCGTGTCGTATGACGCAACCAATGCTAGGCATTCCTGCACTCTAGGTACTAGACTTGGTCACTCGAGGACGACAGCCGAATAACGCCTACCCGCGCAGACCGGCGGCCGCTCTGAAGCGGACTGGTAAAAGTCCATAAAATAATTGTGTGCTGCAGATCTGTGTATCCGCCAATCTCAAATTGGCTATAGTTAAAATCCGATTGATAGGCGGTAAGTTGCAGATTGACCAGCGAACTTTCATATTGAGCATAGTACCTAGATATAGTCTCTCTCAAAGGCTCCGAGGAACTGGTAGGCAAAGACCAAGGACTCGTTTTACAGCATGCCTGAAGGCCGCTTGCAGTACTTTCAGGGACTCGTGTTGATTGCAGTCGTCCCACAAGGCACTGACCATCATGGTGACAGTTGAGTGGAGAACTTCAAGCGCCTTAACAGAATTCATCGAACATGACTGACCGCCTAAGGATCGGCCATGATGATATCAATGCTTCAGGGATACGATGTCCCGGCTAAGTTATCATCAGCATAGTCATGGTCCTACCCCCCGTGAGTTGGATACTGGACGGGCAAGGTCCCACCGACGCCTATCCACGTTTGTAGGGACGACTAGGAACCCGATGGCTGGCAAGACCCCAGTTGTAAAGCTTCTGGGGTGTTGTGGGTCAAGGACGGGCCAGTACACGTGATCAGATGGAACAGATTGAGAGTTCCGAATGAACGGTAAGATGACGTGGTCAGGCACCGTAGCCTGTTGCAGCACGGGATTATTTAAAGATCCTAAGCGGCACTGCCCATCCTCGATAGATTATACTACCGATCACATCTGCATGCTCAGTGCGTGACAAGCGGGATGAACGTGGTCAAGGACATAAAGGTAGATTCATCGGCGGAACTATGGCGACGATTAAGATCGGCCTCTTAGCCAAGTGCCTCCAC,1361,49.89,Mus musculus
SEQ_574544,CTCAAATTAGCGGTGGTATCAAAGGACCCATACATGACCAGGAAGCACTTTCAGACTAGGTTACACATTAGTCCCGAATGAAAGGGACCCTGCTGATATCCTCAACGGTGTCTGGATAGTGACGTTATACCAAAAGGGAGCAGCCAGCCGCCCTTAAAGTGATAGCCCAGAGGCAGGCACTGAAGAGGAGCTGGTGGCGATAGCTCAATCTTCTTTATAGAGGGCGTCAGCTGTGAACTGAGTGGGAACCGCAACAGGATGTGGCAGGCAGCGAAGACCTTGAAATGACCATTCGTATCACATTACCAATCGCACTTCAAGCCGCCGTTGTCGTACGGCAGGCAAGCAACCCTACGACCTACGACTTAACCCGGACTGTCTTGTTTGCTACCAAAAGGCACTTTTCTCTAGCTAACTGAAGTGTGGAAGACAAAGTATCGATTGTACCACTTTAACTACGCGCTACATATAAATTCGCCTGGGATCCGAGAGAGAACGAGGGAGTTACCTCGACGACGCGCTCTAAACGCCAAACGAGCGTCCGGTGAGGTCGTCCAACGGAACGTACGTGGTTCAAATAATAAGGGAAGTTGGTACCGCTAATTGGCCTCACCAAGTCCATAGCGTCACCACCACAACTAATTTCGCGGATCCATGGCTGACTCGGCGGGACCTCTACGACCCAATGGAGCGGGTACTATACTTCTGAGAAGTCTTTGGGCACAGCGGCGATCACTCAGTTGTTAGACGGCCGCTCAGGATCTGACAAAGTCTGCAACGTAACTGGTATCCGCTTAATTGCTTACGTATTC,812,50.62,Homo sapiens
SEQ_103470,TCGCTGTGAAGTTCACACGAGGCCATACACATCGTTCGCTAACTTCGTTGTATACATTTAATCCTGCGCAGCGATCCGCCTAACCATGCCAGCTTTTCCGGCCTACAGGACTATGTGGCGGAATACTTACTGCTCCATGAAGTCACCGGAAAAGCGTTAGGGAGTGTATACCGACCGGGGCCATTCCGCTTAGGAAGCGACCAGATACTGTGCGTCAGATTTTATCGGCACGGAGAGACCCGAAATCCAGCTTCTTCTGAAGGCTCAAATCTAGCGAGACGGTGCATTTGCTGTCTCATTCGTCAGAAGCCCCCGGCGCGATCTTCTGAGATACATAAGTCCACCTCAGTAACGCAGACTAACTATGCGTTAGAAGGGTCAATACCTTGCCGGCAAGCTGGAGGCCGCAAAAGATCCGCGACCCCACCGTGCGGGCTCGCACTACAATGACTAATCGAGCCCTTTGTCGACCTCGCCATTAGATAAGGCCTCCAACGCTGCCACACCCCTGACCAATTCACAGAAAGAGGAGTCGCAGCGGAAAGCCACCCATGTAATGTAGATTCGACCACATTGCAGACCAGGTGGCCAATGTTTAGACGCAAGTGCGCGGCTGCGGTGCGTCGTTGGCCCAGAGTTAGCAAGCAGCTGAACGCGCGTTCTAGTGGGAAAGCGACTTCCAGGTGGCGCCGCGCGGCTGTCGTCCTGCCACACTCAAGTCCTCCCGTGGGATTACGGTAGGCACTAGAGTGATTTATCTAAATGCCCGTAACTCGCCTGAGCCCTCGATCGACGCAACGCTCAATCCTGCTACACTCGCACACCGAAGCATGTCTATTGCAGTGCAAGTGCTGGACGTACCATCTGTACATGTATTGAATCGATGGTGCCGCAGGTGTGGGTGTGGAGGCAGATAGCCGGGGTAGTGACGAGAGATGGTAGCGGGAATAAATACCAAGCAGTGCTACAATGAGGTATACGGTTCGCCATTGCGAGTCGAGCCGCTCTGGGGGTCCGCCGCGTAGAGACAACAGTGACACATCGCGGAAAGAGGCTCACCAATAGACCTGGAAGAACTCCCAATGATCTAAGACCACGATGACGGCCGGGCTTAGTATCTCTTTGGATACCCCACAAGCGCAAAGACCTGCGCGATCCTTGTCGACAATGACAAGTCGGGCCGACAGCGTGGGTCTATTCTTTGGCATGTGCTATAATACCCACCCTTCTCGGTGGTACGCCTGGCGAGTTAGACGACAATCACGATGGCTCGGATTAGGGGGCCCATAATCGCAGGAGTATCGGATCTCCGCGGTATCGAACAGTCTGCGACAATAATACCTTTCAGTCATATACCAGCTAAGAATAATCGCATACATGGTCGGTGAAGTATCAAGCCAGACCTCTGGCCTTTTCTTTCGGGTGGTTAGAGGAGAGCAACTTTGGACAGTCTGCGTTGTGTAGTTCCGTACCCGACATTTGATGGTCGATCGTCAGACCGCAATTACGTGGTTGTATGAGGGTTAGGCGATTCACCCACGCTCGTAGCAGGATCCTTTCTTTATGCTCGATGAAGGAGGCTTTTTGACCGTAGCAGCTCGCCATATAAGTGGCTGCTAACCAGAACGGCGCAATTCACGAGCGAAATTGGTGGAACCGGTCGACTAGAAAGATTTTCGTGAGTCTGGGATGGTAGATACTCTTGTTCTGGTATGTGATGGTAGACCGATCCGTGGTCAGCAGCCTCTCATTGACCGAGGCATTCGAGAGGGGGTCTATGTGCGCCTCCTATGTTGCAAAGGAGGGTGTATTGCCATCAATTTTCTAGCGTAGCCAAGGGTCGTGCGTTACGAAGAACCCCTGCATATTTCTTGAGCGTTCTGTGTAGAGATCTCTCAAAGAGGTGATCCCAAATTCTAGGGAT,1924,52.75,Caenorhabditis elegans
SEQ_413774,GTTAGCGATGGTTCCAAGCGGCGGAGCCAGAGGTTTGCGAAGCAAACCGGGGCTTCCCATTCTACAGCATCATAGCTTCGTACTGTTCTTTCGGGTGGAAGTGCGCACTGCCAGCAATTAGTAGTGTAGCCGAGTATACCAAAGCCTGGTGCATCTATGTTCCTCTACTATGAGCTCTTCGCGATTAACCGGTATGAAGCAAAGTCTCGGCAGGCTATGTCAAAGGCCTTACTCTCGCCATAGTCCACCAAATA,254,50.79,Homo sapiens
SEQ_736562,CCTCATCCAAGCACGGCTCATTATAATCTCAGTCCATACGATTTACGAAAGTGGGGTACGCGCCAGCTTGGTGGAGCGCAATCTACATGGGCCTTAAAACGTGCCATATATGTGGTTTCTCGGCCGACCTGTGTGGCTACCTCTAAACAGCCTTTCCTGAAGATTAGGATGTCGTTTTTAAATAGACCGTTACTCCCAGCCTAGGGCCTGCGCAGAGATATCGAGAACTACCCATTCCACTTTCAGTATTTTTCTGACAGACTCTAACCGCTATCGTG,278,48.2,Caenorhabditis elegans
SEQ_649108,ACGTGCCCGGGTGAATCCAAGTTTAAGGCGACAACTGGATCATATGCCCGACAACTCCATGCCGTAACCGGGACAGTGAGCGTACCCGTGAACAAAGGGAAGGGCATCGATAGTCCTATCATCTATAGACATACCTTTGGTTACTGAATTGTCCGCATTGCCGAAGTAGTGGACCCCCTGCTAGTAATAGAGCAAGGCCCTATACACGGCCTTAGCTATCCCATATCTATTCCCCTGCATTAATTCTCAAGACAGGTTAAGAGAGGAGAAATGATGTATGTGGCTATATCGGTGCATCGTTCAGTTGCCGCTTCTATTTTAACCAACCGACGTCTTGGGTGTTCCCTTGAAGGGAAACATTATGACTAACCGTCCCCTTCACGAGGCTTGGAGCGATGTCTCGTTGTCCCCCGTGGGTTCAACTAGGTAGATATGGTGTTAAGCATCCTATAACCAAACTGATCCGGAGCGAGACTCTGAGGCAGAACCGAATTTTTTACATCAGTCAGGACCAATACCGCCGTACGAACATAACGGAAAGGCTAGAGCATAATCCGTCATACTGCCCATTACTGCTAGGACCACTGTCCACGTTTAACGCGGCAGGCAATCCGTCTTGGCATGATTGTTGACTATGTCCACTGGTCCGAAATTTCATTCGAGGGCTAATTGCTGAATAATTAATATTGTGGGCCGTAATAGCTTGTTAAGTCCCCTTAATCATTTCGACCCTGTGACCTTACTTACCTCAAGATGGAACGCCGCTTTAAATCAAGTCACATATACCATAGAGCACACACAAACAGCTAAGTACTTTGGACCCTCCCGTATCCGTTGCTCAGCTCAACAGTTCGAGTGGTGAAGGTGTGACACACGGTTGCTCGTATTACTATG,894,47.43,Caenorhabditis elegans
SEQ_293961,TCACTAAGTATTCCGCTATTCGTTCGGAACCCCATCAAGCCGCCAGACTCTAGGAATGAACACACCAGAGTCGCTCTCACTCTTATTATATTATGCAATTGTGTCCATGACTGACTGGGTGGCGATCCTAGTCTATTAACTACATCGACAAATTAAATGATGTAGAGGCTGCCTGTAATTCGCACGGTGCAGTCGGCCTCATCGAAGTTTGGTGATCTGTAATAATGATGCTTACAATGTACGAATGCTAGGAGGGCTGGCTCTGCCGACTAACATGCAGGAAATGCGCCAATGAAAGCTCAGGTTACGCATCTTTCTGCCCCTGGTAAATAACGTACTACGGGAAAGCAAGAGGAAACTATACGGGTTGTAATGACAAGCTTTGATGCCGACATTATGTGATGATAACCGAATTCCCTCTATCGTTCGTATATGCGGTAATAGACTATTCCAGGGTAGCAGGGCTCGTCGCGTAATACCGGCTACTGAATGTGATGTAGAGTCTGCCGGTAAAATTGTCCCCCATGTGATGACCATACCAGAGCCCACGCTCATCTCTACGCACCGCTTCACAACCGCCAAAAGTTCCCTGAGTTAACTAAATCGATATAAAGTCTGGGTCTATCTGAGGTAGTAAGTCGCTTGTTTCGCCGGCTTATAAGCGATTTTGTAGAGGTGTGCATTGAGGCTGCAAGTGAAAATCCACGGGTGCAAAGAACCGCTGGATCAATAATCCGTAACCGATAATCGACTGTCGAAATCACATTTCGTGATGTAGAGTTAAATTGGTGTCGCTTTTTTATAGTATCCACAAGGCTATCCAACTCTATAATAGGGAAACTGCCCTTGTCCTCTGAGGC,860,45.7,Arabidopsis thaliana
SEQ_275806,CGGCATCTTAACGCGCCAATCGGTGAGCGGACCGCTAAGCGGGGGTTACGATGCCAACTGCCTTGAATGGTCATGACTTGAGTTCAGGTTTCTTATTCAGGCAGTTAGGGTTATCATACGGATTCCAGACCAGCGGGCAGGTAGTTGCACTTCCTCCATAATAAGTACCAGATACGCTGCTCAGCCGGCCTTGACGTTGTGAGAGTAAGGACGGGCGGCTGGCAAAGGTAAGTAGACCTCGCGATCTCCATCAACTCGATATTAAGAATCAGTTCGGGTTTATCACAAGAAGGTCTGACAACAACACTTGTAGGAGTTCCGTATTTGAGCCGGGCGGAGCGTATGTACATAATACCGGGATGAGAGACACCCAGGGAGGCTTAGGTCTTCTTGTTTGAGGCTAGAGTATATCCGGCACGAAGTGCTCGGTATATCGACGCATGGGGGAATAGACCAACAAACCACACACTCAGGCACGTCCTGATAGGAAGAGTGCCTACATGGTAGCGAGAGTGCAATCTAAACATTGCTGAGCTGGCAATGGCCACTTTATTCGATGGGATCAGGGCTCGCAAACGATATACGCCATCCGGCGCAGGGTAACTCCTTCAGAACCGGTTGCGGGAACGGTATTGACTGTCTGCTCAGCTACGGTAGCTCAGCCCTCCTGTCGTATATCCCATCTATAGCTTGCCCCGTCAGTCCGGACCACCCGAATCCCTACGACGCTTCAAGCCGCTATCGCCAGCTTGAAGAAGTTTCCGAATCTCGCTAGGAGATCGTAACAGCG,790,52.28,Escherichia coli
SEQ_518838,CTTATATCTTTCGCATCTATTTCTAGGTGAAACGAAGCGCCCCTCATGTCTTTACCGAAATTAGTCAAATCACCCTACTGGCGCATGTCACCCTAGTCATCCAGTTGCTGCCCTCTTCAATCATGCTCATTGGTACGATTTCGTATCACTTCTACCCAGACACGCGGCTTTACTCTTTTGGATGTTCCCATCAACGTAGACTTTATATGACCCAAAGGTTATGGATCGTGCGTACATTTCACGGCGACTTAAGAGTCTTTCGCCCAGGTCAGCTGGGATTAATGGGAATTCTATTGGCATGAACTGCTCAATTAACATGTCGTAGGACGCATTACGTCGCGGGCAATGTCGGGCAGGACCCTACTTTTCCTTTCGTGTCCCACACGGATCAGCTCGCATCCCGAACGAGACACATGGTCTGGTGTACTGCACCGCACGGAGATTTGCATGCCTGGTTATGAGAGGCTATGAAGCGCTCAACCGTGCCTCTCTGACGGTACCATACCTTCTCCTCTATTTGAAATCTCGACCTGCGGCGAATCCTGACGAAGTCTTAAGCGCGTCGATCCAGGTTCGATAATTAGAAACCGTACTCAACTGCATCACGTGTGTGAACCTGGCAGTAATGCGGTACCACAGCAAGGTACCCAGCTACACAGTCGAATTACACGGCTGGCGGTCCGGGGATTGTGTCATGTTGGACTCTCAGTAACACGCCCTATAGCTTGTAGTACAGGAGCGGGTCGCGTATTTTAAGTTCTGGACGTTCTTCCGGATTTAGGCGATAAGGTTCGCAGTTCTTAGCAAACGAAGACGGGTTCCAGTTAGCGAGCGTTATCATGCGGAAAGGGTAAGTGCGTTGCAGGGACGTGCATGGGTCTTGTACTAACATACGGCCTACTGGTCTCCCAGGCTTTGTCCCTATACGTTGTCGACAGTCTCCGGCCCAGGACCCAGACAACCCATGGGCACTCGAATCGGCGGGATACATGTTCCCTAGCCAACGGCCCTCCATCCGATTATTCGACTATCTTTCGCGTTATTTAGGCGGAAATTCATGCCACCCCCACATTCTCAGACGCGCTACTTACTTAAAACGCCCAAAAGGCGCTATCTAGATATTACTTGGTAGATAGTTCCCATGCCATCAGCAGATAAGCAGTTGGAAGACCTAACTGTTTCCTTGACATATCGTTGCAGCGGTGCACAGGTATCGACCTTTTCCGGGTTGTAGAAAGTTCGGTCAATAACGTAATCAGACAGGCGGGTCATACTGTGTTAGTTCTCTAGGCTCACATATGTTATCCGCTCGCCTGGGTGAATTGATTCTCTAGTGCGTGGTTGGACGATCCAACGGACAGTAGACCACCCTCGCTTCAACCTACGATAGTGATAACTCGTAATACGTGGAGACAAGTATTAATCTTACGTAAGTTATACGCCTCTCTTTCACCAATAGATCTAGCGTACGCGCGGATAATTTTAATGTCCCGGGCGCATCCGCGCGTCACTTTGTATACTAAGACGGGTTCATTG,1536,49.35,Saccharomyces cerevisiae
SEQ_637620,CTCAATTACTATAAGCCGTGATTTCTAGCATAGTTCGCGAATCGTTGTGAACAAGAGTAACTTCGGAACGCTGTAGCGGGTGCTTCATCAACGCATCGATCGGCACTTTTTCCTTTCAAGCACTCATGGGGTGAAGAACCTAGACTTTCCGTGATTCTATATCTGATGTGTCACCAGCCTATTAGCCAGTAGAGCCACAGACCCAAGAGAGCAAAATACGTTTCGGTGGCACGCTGACCCGTTGTCTCGCAAAGTACATGTTGGATTCATATGCGGCGGGAATTTGTGAACGCGGTATGTCACGCCCTACGCCCGCGCGATGTTTGCAGCCGACACGCGTGTACGGATTAGTTTAACCACTCGTTGAGTAGACGAATCACCTATAGGCCCGTTGGCACGTTGAAATGGCTAGCGTTCAGCGCCCTAGGCTGGGGAAGTTTTAAGGCGGTTTGGCATATGCTGTCAAATGTTGGGGGACCACCGTCGCGATAGACATGGCGTCTTACGTCAATTGCACCCCGTCTCGCCGCACGCAACACTTGCTATATTTGTCACTGAATATGGGGAAGTTTCTCTCCCGGACACTTGGAGAGTCTGTGTCAGTTGTCCGTGTGAAACATGCGGGGCCGCAGTATCGACATATAGACCAGGCTTTCCTGTTCTACGTCCCATCATGGTCTTGTACAATTGCGTACGGCGGAGAGCTCTGCTTATTCATTTAATTAACAGACGTCCATTCAGACCTTTTTTGCCTGATTCGATTGTACGTGCAAACTTCGACCGGATCCACTCAAATAGCCTCTATATTCTTGGGGAAGGTAGAGCGTTCTGGCACTTGTTCCATTAGTGACGGCAATAAGTTCTTCTTAGTCTTGTTCCTTCCTACCTTCATTACTGCATGTAGCACGCATAGGAATCAGAAAATTAGAGGTGGCGGGGGAGTAATGCACTCCCTCCCGAAGGAGTTAGAGCACTGACTTACCCTCCGGGGCCTTGCAACAAATCTGTCCGCGCATAGATCCTGAGTCACTTGTGCAGTAAAATCCAAGAATCGGTCGTATAGTACTTTTCCTGGAACACTTGGCTGTGGATCCGCCTCGAATATCTTGGAACTGAGGTTCGACATATGTGCTGCCGTTTGAGTTAGAAGGGTACTGAAGCGCCCCGCCTTGAACACCCTTCTAGCGCCTCTTATTGCGGAGTCTAAGACTTGCCGTCCTAGCAAATGAGATCCCCGACAACGTTTGTAGTTACCCAATCAGAATCTCCTGGTTCGACGGGAAGGACCTGATCCGGTGCTCACGCGCAACAACCTAATAAAGGGTACCGAGGTCATTGACTTAGCCTTCTAAGTAATTCCCAGATACATCACCTGAAGGTTACTATATCAAAGTGACGGCCAAGTACAGATCGAGAGACTTGTCTGCGAACTAAAGGCAGTGTGTCCTGCAATGCTCATTCAGCCTCTCCCAACAACGGTTATCCGTACGTTATGCTCTGCAGTTTACACCCAGTATTTACACTCCGAAGGCCGTGTAATGGGCGCGTGCTCCATTGCGAAACGGGCAGTCGCAACTTGGCGCGGTGGTAAAAGGCCGTTGTTGGTGTATTCTAGTATTTACAAGACAGACACGTTTGCCCGATGAGC,1648,49.51,Mus musculus
SEQ_743856,TGCAGATTTTCCTAATTTGGCAAAGTTCCGCGGACATGACCCCCACCAAGTAACAACATTTCGCACGCAGTCTCGTATATGAATCCTCCAAGCATAAGCACGGTGTGATTAATTCTGGCATATTCACATTATCGGCGCTAAGGCTTAATCTTTGTTTAGTGTTCCGTAGAAATCTGCAGGATCAGATGCGTTCGCGTAATCCGGATGTAAAGCTTCCTGAGCTGACATATTACATGTACTAAAAATACTGCCCGTGGAACTGTGGTAGTTACCCTACATTACGGCTTTGGCCGCAGGCACCGTTCGCTTAAGTGGCGTATTCCGTAGAGGCTTTATGCAGGACGCAAGTTCCCAAGTTTCCCCTGTCCCCTGGCAGTTGAGACACTTAATCTAAAACAGCTGGTAAATCCTATTCTTATCTCAGTAACATGATCACAACAGATGAGGAAACAATAAAAAGGGGGCTCTGATAACGGGCGGTACTACATTAGGGGGCTATAATAAAAGAAATTGTAATAGTGTCTTAACTAGCGTGAGTTACTGATGCGGTGTGAGCGTCGCCCAGATACTCAGCGGCTCTCTATCGATCTTTACCGAACTTAGGCGCCACACTTTCGAAGCTCCCTACCCTTCGCTCGACAGGTGCGTCACGGACACTGTCGCACACGCAGACGCCAAGTCTAGCAGCCTCTGTCCTGCCTACTAATATACGAAGAGTAATTCACAAATCAACTATGCTAGCGTTTGAAGGCAGGATTGACCGCGCTCAATTAATAAGTTTAATAGCATGTTGTATTGTCATTCGAATCATATTTTGAACCATATTATATATTTCAGAGTTTATAGTGCAGGTTCTCTTCAAAATAGTAGGCCCCTGTCCAGTGGTCAGGCATTCTTTAAACTTCTTACGTAGGTTCAGCCGCAAATATTCTTCTTTCTTGTGATGACTGCACTCAGTTCTACGTGAGCCGAAAGACCCACGGATGTTCGAATCTACGATGCCAGTCGACGTCGACTTTGTCAGTGGCAACGCAATCGCCGAGCCTTGGCATGCCAAGTCGCCCCGATTGATTGCGGTAGTAGCCCGAGCTTGTGTCCAACCCTCTGACTACGTCAACAGTAAAGCTGGATGACCCCTGAAGTTGGGATTTAACGCATCGGGTTAGATGGCGAGCATGTCGATAGTAGGGGAACGTGTTTCTAAGTTTTGCCGGTCGGCAAATCTTCGATTAAAGTGAACTTTGTGTTCTATCGCTCCGTTGCCTTCCCTCGATACATGGAGTGCAGTCGGCTAACGACCCTTACGCGGTAGTATGATCAAATCTCTCCGTTCATTTGCTTGATGGTCATACTCAACTTATGCTCTTGCAAGGGTCTATCTGGTCTGCATAGATAGTGAACCCGTGGGTAGAACTATAATGCCGTCTCATATGATGGTCCCGTCGGAGCTTTCTCGCGGGCACCAGGCCCAGTATAGTACGCCGTACGCCCATGTAGGTGGCACTAAATAGTCTGTCAGCCACAGGCCCTGGCTAGGACCACGTTCTCGCGGTACATCTTTATCGGGGTTGCCCAACTAGACTGAATATTCTCATCAAGACTTCCCATGTCGATTCGCACACCGAAGATTACATCTTAAAAACTCAGGAATAGCTGATGCCAACGCATCTTACAGATACGTAATACAGTTCGTAACTCAGAGCAGGGTTGCCACCGTCAATTGTCATGAAGCTGGTGCGGTATCCCGTATCGGAGGTTTCCACCAGCACGCAAATAGTGTTGCCATAAAATCAGGACGATAGCTTAATCTGTACGTTGCTGGGTTTACGGAAACTACTGCCAGAGAAACTAAAGCCTGTAGGACAACTGAACCGTAGGAACATACTCTCAGAGACTTTGTAATTAGGGCGTTTACCGGGCCCACCCCAGCGTGGCAGTGGCGATTCTTGAGAGG,1954,47.39,Saccharomyces cerevisiae
SEQ_412603,GTACTGGTACCAGCCCTCCAGTATTGGCGTGGGAATTTACCCCACTTACTTTTTCACTCACGATGAACGTGTCGGCTGGTGAATGATCACGTTGGGAGTTAGCTGATCCTTCGGAATCCTTGAACAGGTCTCAGGGAGAGGCAAGGGGCACTAAGTTATCCCGACATCTGATGCACCTCCTTTTTCTCGGAATCATGCACTACAGGATAGGGCCCGGTCGCAGCATCCGCGTACTTATGCTTAACGGTCCAAAACAGAGGGCTTTCCCTGCGGGTCGGGCTAGGGAATTTCAGGCCGATACGACTTGCTGTTGATCAACGAGTAGAGATGGTAGGGGTTCCACAGTAACTGAGTAACGCGAATACCATGATCACTGCGGTGAGCTAGTGCGTCGATTTATGTAGACACAACGTTTCAGTCTCAGAATTGAATCCAAGACCGGTACGCCCCAGAGATATGGTCGCTAGTGATCTGCGAGTAAGTACACCCATTGCG,495,51.11,Saccharomyces cerevisiae
SEQ_691406,TACCACACCAATACCATATCATCATTGCAAGATGACGAAGTTCCAGTCGCGACTTACCGGCTAACGCACTTGGTCCTAATGGCAACCGCGTCGCTCAAATAGATTCGTCGTTGGACAAGATATGGCGTCCAACGGGCCCATTCTGTAAGCCTCTGGACAGCAACAGGGGTTAAACGTATCTTAACTCCCCCTCACACGCAAGGTACGGCTTGGGAGCACTAGGTGGCAATAAATACCCTTAAGAGGGAGCTACGTCACCGGACTTCAGGTTTGTGCGGCGCGAACATGACATACAGCGGCGGGTGAACCGTCGAGTAAATGACCGTGGTCATGCTCACACAGGACACAGCAGGCACGTTCTACACGCGGACCAATTCGCATAATTACAGCGACTCGACGCATAGAGGATGGTGCGCCGACACCACGCGGAGCTGTACCAACCAAGGCGTACACGAGAGCACCCCGGGTCATACCCCGACTTGCTATGTCTATTTGGTAAGGTGATCTTATAACAGATCATAAAATCGCGATGGGACATTAGTCTTATCGATGTGTGTCCTCCTAGCTCAACGAGTTGATCGGATATCCATGTTGCACTCACACGCCAAAGGGTCGATGCTTTAATTATCTGTCGTTGTGGACTGTCCACCCGATTTTGCTTATCAACTAGTATTATTGTCTCCTCGGGGTGAGGTGAGCGTGGAAGTTCAACCTGGAGAATGTTTCGCATATACCGAGATGGGTCTTGTGATGATTGTATTACACAGGGTTAGT,774,50.26,Caenorhabditis elegans
SEQ_999039,TATGTGCTGATTAGAGAGTGCTTGCCCCTCAATGATTTCGTGGTCCCACCTCTATCAGTGACTTCAACAGCCAGGTTGCGAATAAAAAGGTACCGTGATTTCATCCTAATCCTGACTTCGGTCCATCGATGGGTAATGCGAGGGGTGGCCTCAACTCATGATTTACGATGCGCCTGTCAGGCCCACCGCACACCCGTAACTATCAACTTACGTGCTGCGGTCACATAGGCCGATTTACACACCTGCTCCAGCTATCGTTGGTTGCACCTCAACAGCAGCAAATTTGCAAGCTTTATGTAAGATCTAGCTTTGTCGGATCTGAGGTAAATTCTTGTCCCCGATCAAAAAAGAGAATCGCATGTACATTACACGTGTATACGTTCTGTGACGCCGACCACCTAAAGAGCATGCTCTCAGATCCAACTGAATAGCGGACGCCCATGGTACCCCGCCTGTAGTATTAAAGTGAGGGGCCCTTGTAAACAGCATCAGGATCCTTCCTCCAATATTCGTATGTTTACCATGTTGAGGCGTAACAAAACTGCAATTGCCAAGGAATGCGCCGGGCCTTTACCGTCTGCGCTGGGCGCCGACCCGTTTAGGTACTAACGTCGTAGACGATAGGTTTTGTACTTACGCGTCCCATCTCCGATTATACAAGCAGTGATCGGATGCCAACCTTGCCTGCTTCCCGCGTCCTGTCGGCCTCGCCAATTGTGGTTGGAATTAATACGCGGATCGAAATACCAAGCACTTGGGACGTGAGTCTCCAGCCGATCGTGCTTGAGACTTGAAGTCCCCGGGCTGTATCTGCCAATGTGTAGTCCGAAGGCAACGAAGCCCGGTTGACAAGAAACGTCTCAAGACTCTAAAGAGTCTGCTGGAGTGGTGCGCTAACCGGAAGAAGCAAGACTCCGCTTATTCCTGACAGACCTGCACCGCCGCTGGTTAGGTACGCAACTTCTGCCCACATAGGCTGATTAGATAGCGAATACAACACTGCAAGGTTGGCCGGTTCACCGGAACGAGATCGCTTACAACTTAGCCGTATTCACACCTCATTACCGGCCATTACTGTTATGTTATGCAGCGAGAGTTTACTAGGATGACCCTGCAGGACTGCGACACAAGGGTTGCTACTAGAGGGTCATTGGAGGCTTGCTCAGGGCACGGTGGGGGTTACATTAGGGAGGGCTATGGTTGGATTGCCTCCGGTGCTCGAGTGATTATGGGCTCATGCGTGCGAGCTACAGTCCAGGGCAGAAGGTGTTACCGGGCTGTGTCTACCTCATCAGCAGTTACCCAGTGCACCTGATACTTTCCCTCTAGGCGGTGGGCCGCCATGAAGAGTACAGCTTCATGGCCTGACGAGGCTGTGGTAGAGACTTCTTGGAGTAAAAGACTAACGGCTTATAGGGCAAATCGCACGATGGTAATAACGTTCAATTCGAAGATTGGTAGGGCCATCGGAACAATCGTCCGAATAGCTCACTTTAGGGCCATAGATCATGCGCTGAGTTGGCAAATGCAACCTAAGCGGCAAGTATCAGGAAAA,1555,51.06,Mus musculus
SEQ_311387,TAAGATGCCGGTCAAAAATCAACGAATAGGAGAGATCGTCCCCCTGGCACTTATTGCCTCCAGAATTACAGACTATCTTGTCTTAGGAACAGTTGAACTTTGTGCGAGGATTATTGGATCCTAGACAGGTCTTGAGACTGAATACCGTCATGGCTCATCGTGTACGAGCAAGCAGACAAACGGACCGCACCCTAGACGGACTACGGGGTGATTTAGTATCACTTGCACCTTAACACCACCTTAGTAGTTCTAAGATTTAACGACACAGGGCGGACGGGTTGGACGTTCGATAAAATAACACTCCGGTCCCCGAGCATACTCTCGATGTAAAGGTGTGTAGCGGCGTACGGCGGCTGAACTCGCAGGCCCTTTTGAGTGCTATTAAGAAGTAGACCGGCATTACCTGCACAACATCCCCAGCCAGTAGGTCAACGTGGCTTCGGTGGATAACACACACCTATATACGCCTATTAAATGAGTCTCTGTTTACCGAACACTAGAGAAGCTAGTTGGGGAGGACGCTTGGCGCTACATATCACAGACATGCGAGTATTGTTGTCTCCTTAATCTACCCTGATGTTCTTACAGACAGACTTGGATAGTATTCCTGTGTTGAGGGCCTGACAGACTGACGTACTGACACTAGGACACCCCAAGTACGAACTATTACATCAACGTCGAACCTCGAAAGAGCAAGGTCTAGAGAGCTGGATCTTATAGGTCCTGTTTCGGCCGCTCACTCAGGCGCCACCCGATAGTTACCCAAGGACTGCGCCGTCACTATATTGACTAACGGTATTCCTGGGCCCGAGGGCACGATCGAGCGTGACCGGGTGAACTTAGCGAAATTTTCGATGAAACAACGTTATCGATTTTCCTAATGTAGACTAATCGTAGCAGAGACTATAGACACTTTCGACGGCGACGTGTGTAGCCTATTTAGAAGCCATTCTGTTTCCCGCTAAGAC,968,48.55,Saccharomyces cerevisiae
SEQ_512601,GCCTAGCGCGTGGGGCGTGGTGGAATACAAAATCAAGACCTAGACCAATCACTGGGTAAGACATTAAGTAGAACCCGACGAAATCCACTAGCAGTAGTATAAAATACAGCAAGTACGAGCTGTCGGCCCAAGGGCGAACCGCCGATTGTGTGGGACTCGTCCCCCGCGGATGAGACGGGTCTGTACAGTGAATCCCTATCGCCACACCGGTGGCGTCTGTTTTACAGCAAGTTATGCGGTCTAGAGGTGGCAGAAGGCGCTCTTTCGATTGGATTCGCCTTACCACACCGGCATGATGCGGCACACTCGCTTTATGCTAAAGGAATCAAGCGCTACCCACGTGTTCAAGCGGGCCCGATTGCGGGGATTGTCCACACTCGAATAATTACTTCCCTAGAGTAGCCTGGTGGGTCACACGATTTCCTGATGATTTCTGCGAGAGGTATTTAACCGCATCTTGCACCTTACCTCGGCGGTGCTCGTGTCGTTGGTATCGCGTTTGGATCGGCAATATGTGATTTCAATATATGGTTGGGAGCGAGTTAGTGCATTACTTACAACCGAGGCACGAAGTTCGGCTCGCACGATGTCTTTTCTTAATTTAGGTTCGAGACCCGCCCGGAATGGTAATCGCGTTCAGTAAACTTAGTGTTCTAACAGCAACCGAGGTTTCCACCTAAATGGGTCCTCAGCTAGATCTATGTGCCGCACGGCCTGGGGATGACGCTTCGTATTGTCACTGATCAGTTAACTGAAAAGCCGACCGATTCGCTACTAGAGAGACCCTTTGCTCTGAGCAGATCGGTGGCATGCGACAAATCGGCAGTTCGCGTCGCCAATGTATAGCTGCTCGGCTAGCCTTGGTCAGTTAGTTTCCCATTAAGTCAGTTGTGCGGGGTAGTCACCGCATGACCTTTGGTGGGCTGGGTTAGTATAGCGCCCGCTGCTCGGAATTTTAGGCTATAGGTCGCCTTATCGTTTCTCCGAAGATTTTCTTGAGTAACCGGGGCGTTGTCGGGCCTGCATATCGTCAAACAAAACCCGAGCATTATAAGAAGAGCCGCATTGTTGCGTCAGCCCAAACTTCCCGTACTCACTTGGGATGTAACCAATTCCAGTCCTCGTACCCGAGGTTCCGACAAAGATCTGCCGTACAGAGCGTAGCTTCTCGTCGAGGGAGTAACCCTGTGGGGTTGAACCAAATACGACTTGCAAGCGATCTATACGCCTCCTCCCTCCATGCGTGCCTCGTCGGCACTTATACTAGAATCGCCGCGTTCGCAGCACTTTGTGGAGACGAAAGCGAATAACGAATCAGGCCCAAGACGCGATATAGCCATGTCAGGTGATATAAGCCGGGAGAGGAGAAGCCCTGCTCGTTGTAAAATACTCTATGCGCGAACAGGCATTAGGCCTGCCCTGCCGCTTGACGCTCGCTTTACGCGCGAGCAGACTTCAACAACCCCATCAACAAGCAAAGTAGGCCACGCAAGTGCGCGACGTACCTCCCCCAGCTGTCCGAGGTCACGGAAGCGGGAGGGCGTTCGCGCAGCCAAACAGGGTTGCAACCTTTCTGTTTCATGACTGCGGCTTTCTGCAGCTAGGCGCGCTCTAACTGATTCACTGCATGTGATTGGAGCATACTCCCTAACTACTGGGAACAAGTGGCATCGCAGTGGGGGAATAATTATTGTGGTCTTCTAGAGCA,1708,52.52,Arabidopsis thaliana
SEQ_738795,AAGTGGTTTATGGGTTGTTCCTGCACTCCACTCCCCGCCAAGTTACAACCTATAGTCCACTATCCCCTGAGGCGATGAAAAGTTAATTTGGACTACCACCTTGCCGGCTCATCGAACTCACTTACCGCTCCAGAGGCACACTTTAGGACTCTCGGCAGATCGAGGTATCGGGGAGATTTTTACTCTGAATCTCCTTGAACGCTGTCTACAGGCGTTCAGAGAAGACGGAGCAACCAGTAGAGGGTTTCCGGTTCGTGCGCCTGACTTGGTTTGGGTCTATCCGTTACGGGCCGGGACCTTGCGCACACGGTTCATGGTATAGATATGAACGTTGTATCATTACGTGCCTTTTACGTGTTGAACCAAAGAGCCACCAACCCGACGTCTACGCCGCCGCTCTC,401,52.12,Caenorhabditis elegans
SEQ_946622,CCTACACAAGGGCCTCTACGGACACCGCGTGTACTCGTCGTTTCCTCAGGTGAGCTGATAACTTTTCGGACTCCTAGTCCAAGTAACAGGAACACGATACCATCATCGGCGATACTCGCCCGGCTCTGGAATACATCACGTTAACGTTCGGAATGTGGCTGAGCGTTCCTCGGTTCTAGTTATGTTGAAGCAGATCGGGAGCAAGATTAATCTGAACCTTCACCGTATGAGAAACAACAGGCGGTAACTACGACGGGCCATATATGCTACAGCAGGTTTAGACTCTTAAGGCAGTATGATTCATATATCGGAGGAATCGAAATCCTAGATCGCTTGTACTTCATTTGAGCCGTCATCACCTAAAAACTGTGGAAGATTCCCCTTACGGTCGGTCCAATGTTGTGACACGACGACTCCGGTAGGCCGACTTAATGGCAGACGAAACTACACCTTACCGATACCGGTGTGTTTAGTACTACCTTCGCCGAACAACGTGCCGGCTATAACATCGAGGTCGATTGGAGGCGATCGTCTGCCTGGCTGCATGAATCACTCGGGACAACACGCGAGATAAACCGTGAGACTTGTATAGCTGCCTATCGAGTGAGCCTTCGTATCTGAAGGGAGCCCGATTACACACTCGCTCCATTTCATACTCCGCCTTCATGTCGGCAAAACTCATTTAACGGACTGGGTACTTGTTCTGTCAACCGTGCTCCGTCTATGGTTATCATACAATACTAAGGCTACCTTGCGTATACAGGGCGGAGATTCAGAGTAGCCCTTGTGATCCTGGCCTGTCGCATCGATGCTAGGACCTACTTTCCAGTCACAGCAGGTGAGCGGATTATCTTGGGAGTAGTCAATCCCAAGTTTAGTTTGGTAACCGGATTGTTCATGTAAGATATAGTGAGATGCTTCGATTCTTCGGGAACACAGACTTCAAAGATGATGTACATTAGAGCTTTTGATGACCAAGTGGCCATTTTAGGGTCGGAGTGCATACGGACAAAACTTCGGCCCAGCATGTGAACGTGTTGTAGAGAAGTCTCCCGATACTAAAATTCCGGCCTGTGCCCTATGGTTGCTTGGTCCAAATGCCCGAGTTATATAGCGATCGGGCCACACATAATGGTGTAAAATACTGCCCGGAATTTTATATATTTGTGCGTATTTCAACTTGGCCGTAGACTGCGATAGTTTCACCTCACACCCGGTTACTTTGCCCTGTCGCTAGAACCAATTGCACAGCGACCGCCTATTCTCTTTCCAGATTCTTATTCGCAGAGGTATTTAATTGAGAACGATGTGGAAACTGACGGTTTGGATTTCCCCTTGGTATTAGTCCCGATTTTATGGCGGGGCACTTGTTTCCTTCGAATGCACGTGGAAGACCTGCAGTAGTGATACGGGAGAGTAGAGAGTGTTGACGGGCCACGGGACCTCGCACGTATTGCTAATCCAGGATTCAGTCCCTGCCCGCTAACCTCGTTGCGGAGGATCGACTTACCGAGGTTGTTATAGTCCAGGTAGCCAAGTACTAGACCTTTCGGGGATCAAGATTAGTGAGAATTGGCCTGACATATCCGCCTCGGGTTTCAACAGAGTCGTTGCAAAGCCAAGTACACACTGGGAACAAATTGCCGTCTGATTACTTACTCATCGACCCGGGATGTTGCCCCCTACTGGTTGTAACATGTTAAGCCGCGATGAACCATCGATTATGTATATAAGGCTGCGTATCT,1745,48.48,Homo sapiens
SEQ_556000,AAGAGACTTAAGTTTGAACGGTCTCAGGTCAGAACTACACTGAGAAAGTACCCGGACGTAGGGAGATTCGCGGGTAGTACCTTAGTTGCCTATACCTTGGTGGTCAGCGGGTGGTTTTCCTCCGATCGACCGAATATGGCTAAAGCGCCTTGCGCTTGAAGTTCTTTCGAAGCCCATGGCCGACCTACACCGGACACGGGTTCGGCTTTTGATTAAAGAACCGCCCCAACCAGCTTTCATATGGCTAGGATGTGAGCTTCTATTAGAACTCTCAATTCACTACCAACGACATCACAGGCGGCGTCGTATAAGTCGCAATAACACTGGCAAACCATCGCTTCTATAACGACATTTGCTCGTACTGCAGGGATTTCGCCCTACTGCCGAGTTCTATTATAGTTCCATTCAGACATCGTGCCATGCGGTGTGCATAACATAGAAACGTTATATGCGACCTGTATATGGGTACGGATGGTACCAGATTTGCTGTACTTCTTCTCTCCAGGCGAACCACGGCCCTCAAGCAAACTTGGGATTCATCACGAGTCCCAGTTTAAACCAAGCGGGGGCGCTGTAGCCTCAGGCTTCTAGGCAGTTAATCGTTCCACTGGCCTTCTTTCGGGCGCCTTTAGAAAAACTAATATAACTTGCCAAGGCTCGGACGTATTACGACTTTTGACGCCCATGACACCACCAAGACGGTGATGTACTTTCCTTCCGTGAAGATGGGGATCTTGCGGAGCACGGTTAATATGATTGGTGGCCCCTGCAGGTGCTGACTGAGCGGGTTTGGGCTCGGACTAAATTGCCAGAAGTGCAAGTAGGCCTCCCCCTCTACCAACAGCCGATGGGTGTCCTTCGCTCTCTAGCCGGCCCTCTTAATCGCGCGGCGGCTCTCCAGATCTTGAAGGTGACGCACAGTTACTCCCGTAGGGGCAGGGCTTACGGGCTCATCTTGGAAGACAGGCAAGGGCATGTCCTGTGAGATGGGCTTTCGGAAATTCTTTCCGGAAACGGACCTTTTTCATCCTAAATACGTTGTCCCTTGGAGGTATTAGAACTAGAGTCAACGGCCCTTGGGGTATACCGAAGCTAAGGACTAATTGGGAGAGTGTTATACTTTATATAACATCCATACGGCGCAGGGCTCGGAAGCAGTTGGAGGAGTTCGAGCACACGGGGGGTACTAGATGCAACAGAAGCTAGTTTGCCCTGTGGAAAACCTTCGGACGCACAGCTGAGACGTGATGTCCCGTGCCACCGCGACGGTACCCAGGTAAAGAACGTCCCTCCGCGTAAACTGCTTATAACTAAAGAGTTAAACGGCACTGAACCTAGCGCATGTATTAGATTTATACGTATATCCGTCCCCTCCGCATTCGAGGCATGTAGAGACTCGCAGCCGGGTGCAAATGACTGGCCGTTATATTAAAACAGGAGGTAGCGGAGAAAACGTCGCTAGTATAGAATACCCCCTCGAGTTCCGTGAGGGCCTAGTTAAAATTTTCGTGACCACCAAGGCTATATGAGGATAATTGAACCCAACCAGGTGCCCCAAGGAATACCACGACTTTGAGTCTAAAGGGACTTAACAGAACTAGGGGGCATGATCAAATTGCTAAATTGCTGGGCTACACTCTTCCAATCAGCGCTACTCAAAACCGGGAATGAGCGGCACTTTTGGGAGTGTTGAT,1694,50.47,Arabidopsis thaliana
SEQ_856186,TATCTCTTAACAACTTGGCGCTCTTGCAGGTCAACTTATAAATTTGGGTCTTCTCAGCTGTTACCCGCGAGATGGCTTATTTTGTTAGAACTAATGGTAAGAGGAGAGAGTCCGATCCAAACAGTTTCGGCGAGTTGACTCTCTATGACTCCGTGACTTTGCGATGCTATGCGTTGCCTTAGCGCCCGAACTGGTTCTCGTGCCATCAAGAAAGAAAGAATCATGCTCTGCGTTATGGGAATCTTTGTCTACCGACTATTTGCAAGTAATCTGCCGGAAAGCACCCGCCGACCCAAAAACGTATCGCCCCGGCACCGCTAGCAGTAGAAGTCCACGCACCTCGCGAAGAGACAGTTTACGGGAACCAGACTCGTCCCCATGCCGGATTAAGCTGAGCGTGACCAAGCGCGCGGCAGGCTCTGGCCACGCATAGTTCTGGCTTCGCGACTCCTTGGTGCTCAGGAATTTACTCATAGACCGCTGATAAGGAAGCCCTAATATGTAACTCGGACGTTGAATACTCTTTTAGCAAAGCTAGACTAACTTCATGTTACGCCTCAGTTCTTGATATGGGTTGTGGACGACGTTGACTATAGTGGACACTAAAGGTACATGTCTTTTCATTAGTACGATTCCTTGTGTGAAGTCGATGCCCACAAGAATGCCGAACTCAGGTGTGGGCAGGCGGCTCTCCAATTCACCTGGTAGCGTCAGATGGCGTCTCCTAAAACTTGGCGTATTTCCACGGTGGAGCAGCACTTTACCCTGCGGTACGTCTATTCGTTACCTTACTACATCTAGGGTGGTGCGCGACCCTACTAGCAGATTGTAGCACCTACTCTTATTTCGAAGCGTTTTAAGAAATGATCTGCCAATATCATCGCATTCATTACGAGGCTTTGTTGCTTGCATTATCAGCTCA,922,48.7,Drosophila melanogaster
SEQ_123892,ATAGCGGGTTGCATACCTACGGACGTCGTATACTTGCTTCCGGGTTAAATGGACTGTCGGAGCAGCTCGAAGTCTTCGAGAAGCCTCGAGGTAGTTTGATTTGCCGGAAAAGTCCATCGCCGTCACGTGTGGTTTTCCTCACGATTAACGGTCCGGGGCACTAGCTGCAATGCTTAGGTCCCGCGTTTTCGTGCTGCTTGACCGGTTATGGGATTACCGAGCAAAAGTACCATAGCTTGTTCCACGCCATCTTCGGCTTATAAGCAGTGAAGTAGTATTTATCCCCCAACCGGTACGGACATTGTGTTCGGCTATCTTTGGAATTTTTCTACTCGCGAGACAAGCGGCCCGGACTACCAAGCAAGTATCTTTACTCTATCTAAGTTGCAATGGGTGTCGCCCACCCCTGTCTTGAAGAGGCGTGAACACTTAGCGATTGATGTGTACGCGGTACCTCTCCGATCACATCCGGGCCATTACTTCGCTGTATTTCAGTCCCAGAACGTCGGTCCGGTTTAGTATCTTCCTGTCACGGAGCAATTTAGCCCCTAACTGGGCTTTAAATGTGGGTAGACGTACGTCGTAATCCAACAGCGGCGTAGCTAAGTATTATGGTAGGTAAATATGGACTATTACTTCGCATGGAGAGGCGCTTGTCTCCTGTCCCATACGTATATTAGATACGAGCCAGCAGCCGCCAGCTATTATGTACTAGTGAGGGGTAATTATGGCAGACGGCCGCTATCTTCCTACAGTGTTTGTCGCGTGCGTCTTTCGTTCGACCATTCCGTTGCAGCCTAGGGAGCATATTAATCAAGAGCGACGATGGGGCCCAAGGAGGTTACAGGATTCACACCTCGTTCCAGGCTCCATGAATTTCTATTACTTTTCGGGCTACGCCGACCCTGCCAACCCGATGACGACCAATTTTAAGGGGTACGTAAGAAAGACGCTCCGCTCTCCTTTCGACTAATCTTGGTAGAAGTATCGTCACATGTTGATGTCCTATGGAATCATGCAGGACGCGCATTCCATATCACGCGGAGGTGCGGAGCCCGATATACACCTTGTCACTATGGTAGCGTTGCGTCGGAAAGTCTATG,1103,50.23,Escherichia coli
SEQ_700548,GAGCCTGCGGTATTACTTTTCGAATGAGCACCCAAGAAGGGGGTTGACCGGTGTGCGTAGTGGACTAGAGAGCTCCTATAGCTGTAGGACTCAAGAAGGGTCGCCCTTAAAATGCTCCCATTAACTAGGTTACCCTGATCTTATGCACGCTGATCGTGCCTACTCTGCTTACCCGATTCAAATAGGCAAGGTGACTACGTGCAAAGACGGCGTCTCTCCGGGCCCGCATTCATGTTCACATCAGGCAGCACAATTCATGCTCGTGTTAGGCCGTCCGGAATGTTCTTGCTGTATAGATGGGCGTGTTCCTTTGTAGCTCCTCTCAGCCTTGGCTGAGTGGGAGACTCTCAATTAGATCCAATGGAATTTCCTTTTGTCGGGCTCGGCGGCGACCGGAATCGATCCATATCGATCAATACGCCAAACAAGCGCTTTGTGGGCATGAAGTGAAGTGTCCCACTCATAATTATGCGGCTAACGACTACGCTCGGCATCGAAACATCGGCCGAAATCTACTACAGTGCAAGTCGGAGAGGGTGACCCTGGGGCTAATTGAGCAGGGTGGTCTTCATGGCACGCGCGGCACCCAGAAAGCGCACTCTCTTCGCGTTACTCAACACCACATTCTGTTCTCTGCGAGCCATAATGACCCTTACGCGTCACCCGATAGCACGAAATTGACTCCTTGAGCCAGGAACTGAACGTGTATGCGTCGTTGCTGGTGTCCGATGGTGGTTCGCGACCGGGGATTTGTCGCGTCCATCAGAATCTCTGAGTAGTACGAACTACTCACAGGTGGTAAGACTACATAGTACACAGTGTGCGTGGCCTTAAGGGACGCGTTCAAATCACCACTTAGTTGCTACGCTGCTATCAGCCAAACCTAGTAGAAGAACGTGGGTGTAGATTACAGCTCGCCAGAGATGCTACGACGGCTTACGGCTGCCAGCACTCCGGCCGGCGCAATTCCGTGCCGGTTGGCGTTTATGATGGATGACCCTACAGCCACCCAGATTCCCCGATCCCGTAAACACGGGTGCATTTACCCATTCCAGGGCTGAGTTCTACATATGCCAGATGCCTTTCTCGCCAGCAGTAAGCCACCAGGCATTTCGTTGACTTCGTTCCAATACCATTGACCAGTGCCGATATATCTACGCGGTAATAATCTTCGCGGCCGCCTGCGTAATCAAGTCAGGGGACCTTCTTAAGTCAACGTGGCTCTTACACTCCCGCGTACCAGGACTACGAACTACGCGTTCTGCCGAACTGGGAGCAGAGTAGAGAACCATGTAACCGGACTGGCGGCGGCACGGTCATAGTACTGAGACATCCCAATTCCGAGCGAGTACGAAGGGGGTAACAGGGCCAGCATTTGAAGGCGAGAGTGCAGTGGGGTGGATTGGTTGTCGATCACCACTTTGAGCATGATAAACCGCACTATCGATGTCGTTTTCCCGGAACACCCCATTACCCGCAATCATTGCAGCCGGAGCAGACCCCCTACGTCCCAAGGCTTCGTTGTGAGTTGGGGTAACATGCTAAGACTTTCCCGGGGATCCTAAA,1566,53.07,Mus musculus
SEQ_934341,CCGTGGGGAATCGAGGATTAATCACGCCACGCCTGCGTTTGTCACCACATGCGAGAGCAGATGGAAGATCACTTTGGGTCACCTTACCTGGGTACACCTGTATCATCTGCGTGAATTTGCTAAATCAGTCGTCGGTCTAGGCAAGTGCGCATGCAGCTTCTGACGTGACTTGCATGTAACTTTGAAATACCGGCTGCCTCGGGCTGCACCGTACAAATTGTGTGACGGCCCTATTTACCGCCGGAGCCTACTGCGTTGTGTGGGACGGTGGGCAGGCGAAACGACCTATTAGATTTGCACACTTTGAAGAAACGGGTCGTTCTAATAAGACCGCACGATCAGTCTGAGTACCTCAGACGTCTCGCTAGACACTGGGCACTTTCATGGGCTTGGGATGGATACAGCTAGACTCTTGTGATGGTCCTTGGAAAAACTAGCGTGCTTCGAACACAAGTAAGAGGGACCCTGAATGACACGATAAACCACTAAAAGAGGCTTCGGTTCATAATCCTAGCCAGTAACTGACGTCGACGGGTCGATCACATGGATCGGCATATCGTTGTGAGATATTAGGCCCTCAGATCCGCTTTCCCACAGAAAGGAGAGATTTTAGTCGGGCGAATAGTTTCTAAGCTTGGCTGCAAGGTATGGGAGTACTACGGCAGGATATGCTCCTAGCACCATCGCCAGGCTATGTGACGAAGCCCAAGTCTTGAAGTATGAGCCAAAATTTCCCAAGACGTGTGTCCGCGCCGCAATGCTGATGGCCCGCCTGGGTTACGGGTGCGTCGTCTAGGGGCACGATGGGACA,811,51.91,Saccharomyces cerevisiae
SEQ_841653,GAGATCTAACTGCTCTCCGATTGGGCGGAAGCACACCCCTTGTGGAACATCACCAAGGGCCTGTTCCTATTCGTCCTCGTTCAGGCCTTTAGAAAGGCCGTGTGGGAATACTGTCAACCCCTTCATGAGAGACCGCGTACCAACTCACTATGTTATAAGACAGCTTCGAGTGGCAATATTTGTCTAGTGTTCGAACATTGAGTACATCCATCGCCCGAACGTTGATGACGGGGTGGACTTCAAGTGTAGTGAACTCGTGATCTGATGAGCATACAGAAATCAAGAGAAGTGGAGTCTCGACTCGTATACCGGTAAATGTTTCGCTTAGCGTATCTATATTGAGCTGTTGGACACAAAGTTCTATGGCTGGTTGAGCATTCGGAGGGTTTGTAGTCTAGCGGCAGTAGTTGAGGCCTGTTTCATCCGCGTAGTCAAGGTAGAACCTCTCTCCTTGTGTACTATCTCGTTGCTCTGGCTAGTTCGATGCGGTGCCTTCTCATGAGAGATATCGAGCAAACTTGTGAGAGAGTGCCTACCGTCCATGAGAGTGCTATACAGCTGTGGCCGCCTAATTATCGCTTTGGCACCGACCAAAGGTTGGATGACCAAGGCAAAGTTGGCGGGATTGGAACGACCTCGGTCAAGATCGTGTGGTCACCGCGCCGTAGATCTCATGTCACAGGTGCTTTGCGGCCCTTGTATGATACTGGAGAGAGCTCCTTGTCCGACTCGAGCAATTTATGGCGAATTCGCTCCATCGTCAGACGAGCAATCCGCCATAGCTGTTCGAAGTAACGCTGAAGTTACTGGATTGATTCGTAACCTACACCGTTATGGAAGTTAACTAGTAGCTGGTCAGAGGTCCGCAGCAAGGATCTCAGCAATAAGTAGGCTGGCGGCTGCTGCTACCGCTTGTGGCTGGGTCACAAAGCTCGGTATTGGGTCCCTGGCTCGTGTATTTGTTCCGACTTATAGTGAAAATAGGTGCCGTTCGCAGTGGAACTTGTAGGCCCTTTGAGTGATAGTAGTATAAAGGAA,1038,49.81,Caenorhabditis elegans
SEQ_856029,TAGAGCGGCCGCGGCCGAGGGAGCAGACCACACGAGTCTCGCTGTTACTTCGCATTTTGGATTTGCGCAGAGCGGCACGATTAAGGACGTCTCTAAGTGGTGGTCTCCTCAAGTGTCCCTGGCCGTTTATTGCACCAATTTGGGTGCGTCGAGATGGTGGTAATTTGGATCCGAAATAGGTCGGCTTGAATAGAGAAGCTAACAATCACACGCAATGTGCAGTCTACCAATTTCGTGGTTGACCGGGGTAAGACCTCGCAAGGAATAGGGGTATTGATGACAATCAACTTCTGTAGATATCCGAGTCATGCATGTTGTCGCAGTGAGAGATGATTAAAATTGCCAGCGGTAGTCAGCCTATCGTAGGACACAGTTTCCCACCGTATGCAAACTGTACTGCAGGTCTGATTACTACGCTGCCTGAGCTACGACGGACGCTACACGCTCACCGGCAGCTATAGTTCGCTGACCCTTTTGGAATATTTCTCAGGCCTTAGTTTTTCTGCACTATGTATCACATCGGGGCGGGGAACCAGCTCGTTCCGGTTAGCGGATCCCAGTAGGACCCGTAAATCCATCCGATTTGTAACACGTCGACTCCTTAAAGCTAATCCCTTGAGTCGTCGTGGGTTGTAATGCACTATTGTTCCTCTCCTTTTTTTAGGAGCAGGGACAGGTTCTGGATTTTGCGTACACAATATTGTGTTTATGCCTTTTGACCTATATGTGAGATAAAGAACCCACAGTAATGTATAACGCCGATTTGTTATCATTACGGGCTACGGTCTTGCGACGCAACAACAGCTAAGGAGACTGCCACGGTAGTGCGTAAGAGACAGGAAGCTGCCTATAGGGCATATTGCGAGGGGAGAGGGCGGAAGTGGATGAACAACAAAAGTCCTCATTGAGGACAATATGCTTCGTAAACTAGGCGGGTAACTTAATGTGT,949,48.68,Homo sapiens
SEQ_407390,ATATCGTGACCGGAAGATAATGTGTCCGGGGATTTTATCCAGGTGGATCGCATAGTCTGATCTTTCGGTGTATCTCAAGTCGGTATAAACGTACATAGACTTCTCGACTCGCGTAGACAGTCTTAGCGCTAGCTCATGTTCTAACTACCTAACGTTACAAGCGACTGTATTCTATTATTAGGAACGCGGTGCCCTCAAAGGGTCCATACAAAGGCGTAGCATCTTGTCACCGGTAACCCTCTCGCCAAAAAAAGGGGCCGTTACTTGTTTCCCATCGAAAGTTAATGGATGCCGCCATGTCAACGGACCGTGATGCTGTATTCTGGGTCATGTTAGGAGCCTTGCGACTAAAGGTAATTATTTCGATCGTCTTTCCTTGCGAGAGTGATACATTCTGTGCAGGTAGCATAGTCAAAAGGTGCCGTTTCACTCCTAGGTGCTATAGATACCACCCGGCTATCGCCCCTAGAATCTCGAGAGATCCGGACGATGGACGCTACTGTGCGGAAACGAATTGTTAGACACGAAAAAAAGCTTAAAACCCCGGCCACCAAAGCGAACTTTAAGTTGCGTGCGTGATAGATGACGAGTAGACTGAATCATTGTGGTCGTGCCCGCTCGGCCTAACGGCGTAACAGGCCCCGTCCGACGGACCTCTAGCGCTTTCAATTTGCCTTGAACTGTTGTACCCTTCTAGGGCTAATAGCTACAGTTGCTCATGAGGCGAACTTGCCCTGGAGTTGAGAGTTCCAACGCGCATTGGAATAAGACCAATGCCGACTGTCATTATTCACTCTTGCCTCCTCCACCACACTCTGACGCTGGAAGACTCTCCACGATAGTATGTGTTGTATCTAAGATAGGAATAGAACTATTGTCTCCACCCAGGCTCACTGAAAAGGCCGCCAACGAATTAGTACCGTAGACTTAGTCATACGTGCGTTAGGGAGGATATGCCAACGGCTAGAATGACCGACTGGTTCTGCTGGTTCACTCTTTGTTCAACGGGCCCCAAGGTACACCTAACTTAAACTCGGTTGCAGATGCCCTCCTTCGCCGTAGCGTGTGCATTGCACGCGATTCTACCGTGATCTGTCTCCACGGCGGTTCTGCAGTAATTACTGGCCAGAATTTATACCTGGCAACGCCAACATCTGCTACTTATCCGTTGGATGTGAGCCGTCGGCCTGCATATGTCCGAGATGATCTAGCGGCTTTATGCGCAACGAGTCTGGTTTATTCCTGTTTCCTTGAATAATCAAGTCCACTGGGCTCGAAACTAGCACATCCGTCCTCAGATGCGCGTTTGGTTTCCAGGCTCCACCGGGGGCACTGCTGGACCCACACGTTTTACTCCACCCCCAATCGCAATATTGAAACCCTAACATTTAACTGAGGATCTCCCTCGCTACCTGACTGTGACCGGACCAAGGGGCGCCTTATTTTGCACGGATGACTTTAAATATATGTCTACCTTCGCAGCACCTGGTAAGTAGATCATTGGTTACTTGGAACTGGTAAATGTAAGGCCCCGAGCACTACCAAGGCCTAACGCTTGAGCTTTCCCTATATTTCCCTGGTTATCGTATTCGCAACGGGGAGCGCGCCCATTATGAATCAGAATAGATGCAGATTGCGCCTCCAGTGCATGGGAGTAAAGGCACTGGGCGTCGCGGGTTAGCAGGGGCCATAGCCTCGTAACCAACTGTTAGCAGAACAATGGCGGCAATACTT,1734,49.77,Saccharomyces cerevisiae
SEQ_359269,CCGCGCGGACTATTTTTAGTTTTTCTAAGGAGCCCTGTGCACTGCTTTTTGTCGTGCATGGATGGATCAACGACAAATTACGCGAAATCTCATCGACGCTTAGTACCTCAGAGGCAATTAGCATGACCCGTCGTAATGGGCGCACACGTCGTCCGAAACGATTCAAGGCGTCAATTAAGGAACCCTACTAATGTGGTAATACCGAAGCGCGGCGGTAAGCGCTAGCTATGCTCGAGATGGTTGATTTGTCATGATGTGAACACGTTCCACGCAGTGTATTCGTCAAACAAATGGGACCACTCGGCGTGTTCGTTAGGAGTATGGGAAACTGTTTATTACCCGGCACAGTCAATGTGAAAACTGTCTAGGGGAGCTCGTCACTTGTGCGCTTAGAAGGGTAGGCTATGCTCTACGAGCCTAAGATTATCACGAATCAGAGAATATTCAAACAGCTGGAATCAGATGAATTCACGTGCTAAACTGCCATTAATCGCAGGACCGGAGTCCCCGCGGAATCTTACGGCATCCGGCACTAACTTCCAGGTACGTCTTAACAAGAGCATATTTTACGTAGCATGCCAGTATTCTATATGGTTGGCCTTCACACGAAAATTGGTGCAAATTCTACTCAGCTAGCAGGGTTAAATGTTTCTCCACCAACTCTGACACTATGCAAATACGCATTACTTGGACACCACGCGACAATTAGTTTATATTTGGGGTAACTAGTCCCATGAGGGGGATAGCGGATTCCTGACAGAATGGATGCACACCTGGGGTCTTACCCCACCAACTCTCTATAATTGTGCTAATTCCAGAGGTTGATCCGTATCCCATCTGCCTTGCTCGGATGGGCTTGACCTGAGGAGGCCTGGGGTCTAGGTCACGAACCCACAGCCTGACCCCCATGTTGAACGGATTAAATTCCAGCTAAGCACGGGTCCCTGATTAACTCTATCAGCGAAATAAATGCGATTCGCGGTATCCACGGCGGTGATCCAGAGTACTCAGCCTTAAAAGCTTTTCACGTTGCCTTTTCGCTAACGCCCATGGAACTCAACCCCGAAAGCACAAAACCCAGTCAGACCCTTACATTGGCAGTATGTGTTGTCAAGCATATTTGCTTTGACTAGTCCCGGTTGGACGGGAAATGGGGTTAAGGCTACTGCATTTAGGGTACAAATACCTCAAGGTGTCGGTTTAGACATTGACGCCATCGTATGTCCGCAGTTAATCCTGATAATACCAGATCGTTCTGGAAGCAATACAATCCTCGGCTGTGGGGGGACGGCCACGTGGGTAAATACAATAAGCTGAATGATTTTTCACGCCGGATTATGACTTGGTGCTTTAACCCAGGAAGGGCCATTGTTAGCCATATATACAGATAAAACCGTTGGCAAACTCCGTTCACAAATGCGACAGCGCGTGTTGTAAAAACTGAGCTTCCTACAAACCGGCCACGTGCACAGACGTAGGATCGGAGAGCGCTCATTAGTACGTTTGTTAGCGTGTAGTATACGTTTCCCACTAGGGTACACAATGACAATCTCCTCTGCTGGCCTGCGAGTGAAGACGGACTAACATAAAATCGGTGGCTATCGACGAACTACAGTAGAATGTGTACGAACGCACTGAATCTGCCACGGAGTGAGCGCAATGTACCCAGTAGTCAGCAACTTCGTAGTCGAGTTTGCCTATCGTTGGCGCAACCTCTCG,1719,48.17,Caenorhabditis elegans
SEQ_477074,TTGCAGCTTGAAACGTAAAGGCACACCTCTCAGTATTATTTCCTATTACAACAGGGATCCAACGTATAACTGCAGTAAGCTTACGTGTTACGCCTTTAGTGTCGTAGGGTATACCCCTGAAGCGTTACCATACACGTCCCGGGCCTATTTGCCACGTACAGCAGGTGCTGATGACCCAGCGCTCCCACATACCGGAAATACCCAGATCTTCGTGGGAGGGGGCGTGCTTTCCTTCACGAGGCGAGTATCTTAGGCTGTAACACCGGACAGTAGTTTAAGGACTATGAAAAGGAGCCCTTGATTCTACTCTTCATGTGAAGGGTAATGCGGCGGCGAGGTCGGCCTAACGCCTCGGTCGGGAGTTAAGCAGTAGTAACCCGAAAGCAACTGGTTCATCGGGGCTACTAATAGTAGGGTGTACGGGTTGTTGAGTGGTTATCCACGGGTGCACGAGAAAGCGGTTCGGAACGCCTCTCGATAATCCGAAAATTGATTGTATTACGGTATATGATTGCTGGCGGAGTTGATTGACTCGCAGAACAGGTTGCGTCGTTAGAAGTTTAGCTTGGCGTGAGAGATGTTGCCTAGCGCGGTGTGCAGGCGAATAAGGACTCTTGGGCGAAGTTAGACCGTAATGGGAGAGTCTCTGCTAG,653,50.69,Caenorhabditis elegans
SEQ_826958,ATTTCCGGCCAGGGCTAGATCCACCGGTTAGTGGCCGGTGTCAAAGTGGAACTATGATAATGCCCGTAATAGAAGAAAGGTCAATTACTCTTAGGTGACTCAACTTCTGGACCTAGGACATGCCTGAAGGGGTATGAGAGGCTATTCTTTTCACATGGGGGCTGGAGAAGTACTACCGAAATCTTTATGACCATTCCAGCTGGATATCTAAGCCACAGATGGGACGCACCCCGAGTCCCTGAACGAGCATCACTATCAGTTATGAATTTTAGGTTCGCTGTAATGGATGTGTGTGCCTAGCGGGTATTCTTCTGAAGCGTACCAAGGGGAGGCATCTACCGGGTAAAGCGTGATTCAGCCGCTCTCACAAGCGACGGGCCTGGGTGGGAGCCGCCCGAAACGTGGTGTCGAGTATCTACGCCGCTCCCGAATTTCCAAAACGACATGGGTAGTCCGCATCGAGAATAGCTGTGTATTGTATTCCAGTCCAGCAGGGATGTTCAATTGCGAATTAGTTTGGCACAGCTCCGATTATTTCGAGTTATACATTATAAAGGAGGCGAACTAGTCCTGGGAGTGGTGGTCTCGTGTTGAAGATCAGGCTGGATGAGAGTTAATACCTGAACCGGACGAGGAGTGGATCCATTGAGTCAAGTGGTCTACATACCCGGAGCTCTCCAGCGCCCACCTGTGGTCCCGACTCGATGGGAATCTGTGTCGGTATTCTGGCACTCTGACCGGAATGAATCACGGCGTGCATATGGTGTGATGAGTTTGACCGCAATGCTGCAATCTTAGTATGCTATGCCGGCTAGGTTACGCATGTATCATTGGGCCGTGTGATAACCCTGCAGACGCAACTAATAGACTAGCGTCCTCAGTGTCCTATTTACACGTAGCTGGCGTTCCGGTTCACGCCTCAGTGGTGGACACACTACTCAATGAAGGGGTGAACACCGCTCTGAGTATTATGACCATGTTGCTGCATCCCACTGCACTGGTGTGGAATTATCCGCCTTTGGTTCATACGATGGAGGGGTCCAAGTCTCTGCTG,1054,50.85,Escherichia coli
SEQ_420329,TATATACCGTGGGCACGCTTTAAAACAAGCTGCGATCCTCCGGACTGGCAATGGAAGGTAGGTAGTATACCGGCATTGCTAACAGCGATATCAGTAGCGGGTTTATCCACGCGCGCCAGCTAGCGCCCAGTTGTTCCCCTGCAGGATGTTTCGGACACGTCCGGGCCTACGACGTCCGGAGAGTAGTGTATACCCAGGAAGCTTCTCTTCCATACATCTAGAAAGACAGGGTTTAATTACCGAGAAAGGTATCCCACTATTGGACTTCATCAGCATCGGATGTTAGTACCTTGAGACCACTATAACGTACGCTTGGCTCGGCGAAGATGCAACAGCTTGGAGGCCTTAAAAGATTCGGGGTAAATAGCATACTATATTTCGCTCCGGTACCACTTTGAGGCCTATACGAACGCCACCTAGTCGCTATCATGTCGTGAGAAGTACGTGATCGTCGCATTACGAGAAGTTAACTCTAGCGTCAAGATTGCCGACGGGTGTGGAGCGACTAAGTCTGGAAGGATCTCTGCCTGAAGTTCAAATCCTGGTCGGCTGCGCTCCTTGTGCACATCCTACAAATCCGTACATACCTGTGATGGTTTAGATGCTGGTCCACGACGCTGCGCAAAATGGTGTACATGCCATCCAAGACCTGCCAATGGCGCGACATCTCTGTAGCGGCACCCCGTGATAGGCGCAGTCCAGTGAGGGCTACGGGCCCGTTATCCCACAGTATATTCTGGCTGAAGGTGCTTCGAGAATGTGCTTGGCATCTGGAGCGCCCTCTTCCGATTGGATCAGACTGCGATCCAGCAGCTTATATCCCTCTTGTCTAATGCGCCCCAGGGTCGACACCATTCGAATGGCACAATAACCAACGCGTTAGGTCAACTTTAAGGCTTGGTACGATCGTCCGACCGCTTCCCGTGAGATGGGGAACGTCGCCCACTCTCGAGCTCTGCA,960,52.4,Caenorhabditis elegans
SEQ_911468,ACACTTCTTCTTCACGAGCGGTATAATTCAGGGGCGCGACGCCACTACGCCTGCCCCATAAGTTCGGCCGCCGTCAATCAGCTTTTGCCACGTGCGGTGCGGAAATGACTATGAGATGTCTGGGCATTACGTAACAACGAACAGTTCTGCCGGGCTGCCGCACTTAGCCAGCGACCACTCACTCCGCCATCAGCGCCATACGACCAGGCGCGATGCAATTGCTGTTGTGTACTAAGGACATAAATTAAGTCTGGATCGCCGGCGGAAGATTATGCCGTCCTCTGAGGGTTATTCCGATCGCGCTAGGTCTCTAATAGAATGCAGTCACAGTTGGCGCACTGACCTGACAGAGTACGACGGCCCCCGTCAAATGCTCCGTGCGATTTTAGGGTATCACGGCACAACTATAGGTTGGAATCATTGCGCCGGCTCCCCCGGGTACCCCGAGAGTTTCCCAGCACTCGTCTGGTTTACCTGCGTAGTGTATATGGTTAAATAGTGTTAGGCTCATCTCGGAAAAGTATACACGTGGCGCTTAATATGGGTCAGGTTCCAGTGTGGATGCTCAGGCGACACCGCATCAAGCTGATGGTACTGATAGGACCTAAGGGTGGAGTGATCAAGGACTTCACCTTCTTGTGGACTACACAACAGATTGAGGCGTCGCAAGGTCAAATAAACGGGTTACTTGCACGCACACTGCAATAACCGTCATGCCCTGGAGAAACGACATAAAGCTTCTTTCCGGCTCGTCGGGGGAACTAGGTATTCCGATCGCACTTGCATTTCCTGCCTTATCTGCATCCTACTGGAAGCCGATACGGTGTGATCTGATGGTCGCCGGGATGCATCAAGAATTTTTTAGCACAAGGGCCCTTCGGTACCCGCGTATGTAGATGAACTCAGCAGTTGTGAAATTAACCCCATTGAGCGCCCCTTGTGGTTCCATTGTTATATAGGCGCGCCCCGAATTAAGTTGAGGGCTTCAGTGTTTTCTTTTGACAAACACTCCTCTTGAAAAGGTGCACAAATCTTTATGACCTATGCGTAACAGATAACTGGAATCAAAGATTATCTACTGTCTTATGAGCAACAATGAGCTCCCCTGTCTTCTTC,1116,50.63,Homo sapiens
SEQ_869382,TGCCTATCCGATTCGCTGACGACCCAATCTTCTCCACCTGTTCGGAATCAATAATATTAGCATACTATATAGGGGAATG,79,43.04,Saccharomyces cerevisiae
SEQ_962311,TTAGAGTTGCAAAAGCGTGAGGCCTCAATGTCCCTATTAATTCTATATATCCGGATCTGCTAAAAGGTTCGCTTCAGCCGAGCGCCGTGCCTACAGTCCAAGTACTGGCTCAGACTACTTAAAGTAATGTGGTAGGTTACGTGATTGTTGTCTGCAAATTATGTTCGCAGAATTCTGGTTCCTCTGCCAAGTTTTCAAGAGTGCTTGACATTTCCGTAGTCCGTAACTCCGTAATGAGCTAAAAAGTCAAGACCGCCGCGCAAGGGGCGGACACAGATGGCGTGCGGGTCAAACTTAAGGACACTAGCGAGTATGAGACCACCACAGAAGGGACTAGGTTTCGTTTAGCGTCCCGAACGTGTGTTGGGCGAAAGAAGGGGTTCTAGTCGATCTCGTCGCCAACTCCACC,409,49.14,Caenorhabditis elegans
SEQ_878785,AACCGGTTTCTCGGCACCCGTGTGTCATGTGCTTTGTACGGTGTGAAGCGTTGATAACTCAACCGGGGTAGCCCAAATACCACCTTACGATATGAAGAGATGGCGCAATAAACAATGATGGTATAGCGCAATGATAGTCGCATCTGCCGACGGACCCTCAATAGTCTCTTATGGACGTCTTCCTCGGACCACGTTGCCGATAGTTCATGCATATGCACTTTACCGGGTCCCTCCCACAAAAGGAGTGATGTATCATATCCACGTTCGCGATCCCG,275,50.18,Drosophila melanogaster
SEQ_417810,AGGGACCAGACTAAATCGAGGTTCTAGTCGATACTCAAGCTTACCGGGGTCCCGGCGGAAAGGCGGGACCCGTGGTAATCGGCGTACACTCGCCGTCGTACTAGATCAAAGCATGTAGCACCCCGGTCGGGAGCGCAGCACGGGATTTACCTCCCCGCATCCAAGGGTATGTGTTGATGTTAGGAGTGACGCACCAATATCTGCTTTACAGAACACGTTCACTAGCTAACGAACTTCAATAGAAGCTCCGGCCGGTGTAACCTTATCGTGCAACACCTAAGCTGGTCATTACTTAACAGCCGTTTATTAAATTAAAGTCTTGTCTCAGAGAATATCACTTTTAAAATCATGCCGGATGGATTTTATCAATCCTTCATTCCCATGTATTGTAACTCGCCGAATTTGGGGTTAACTAACGGAAGTCGGGTGCTATTTGGTATCCCGTTAGATATGAATTGATCACATTTTTGGGAGTATCAACCGTGCGACAAGCTGATCAAGACATGTTGGCCGAGCCCAGTCTTTGACAGGCCAGTAGCCATCCCTTGTACTGAGAGATGTTTGTAAGCTGGCTCGTCTGCACTCAGTTGCAATGTCTATACGGAGTATGAAACAATGGACTGTGGGTCCTACAGAATGCTGCACTCTACCAACAACGCTACTGGCTGTAATGCCTTCTGGGCGACACTAGGGCTCGGTTAGGTCCTCGGTTAACTTCTGGTATAACACTCCTCGTACTTACACAACGTGTCATCCTGAGTTTCAATAGGGTAGCCAGGAGGGGGGCCGCTAATCGCGCTTGTAACAAATCCGACTGCTAAAGTGTACCGCAGACGACGCCCCGAGCATACTGATGCGGCTTTATCCTGGCGGAGAGAGCGTCCGCGTCGAGACGGCATTGCCGGCGCATCTGTAGAGGTGGCCGCGAAGGGACTTAGATGTCCACTCAGTAACGAATAACGAT,964,50.0,Mus musculus
SEQ_858122,TGAGTACAACGCTGCCGGGTCCTCTAGAGCTTTGAGACGATTTTCAATTTAGTGCACATGCAAGACCCTTACCGAGAGCTTAAAAGTCTGGACAGTTCGTCTGCTAAGAATCCGTGAGGAGGAGGTTAGAGTCCAGTGCTAGGCGTCGGCCGACTAATAGTGCGATCTCGTAGGTAATATTAGTTTCTGATCGTAATGGACCCTTATGAGCCACGTGGATCACAGCACGAGTAGCACGAGCGAATCCCGCATGTACCCGCATACCATCGCTCTCCATGCCTTCGTGTCGCTAGATTGTGCAATAAAGCTCCAAGCGAAGCACCCCTCTGTCGAAGTATATGACATGGCGTCGCTAGCTAGGGTCCTTACACGCGTCCGGGGAGTGGTTCAGCTAAGATGTTAAGAGCGTGATTGTCTAGACTATATCGTCGACGGAATACAGCACTGCTGCCAGAAGATAGAAACGGTTTTTTGTTTCTCCCCACATCTACGTTGAACACGGCTCTCCGGTCTAGTATCAGGTATGAACCGTATAGCCGGGCCGAGTGGATACAAACCCTATTGGTGTGTCTCCCGTCTAGCCGGCCACTGAGACCAGAACCCATCTAAGTCGTATAAGATTATAGCGTATTACCTCATGATTATTTTGGTTACGTTAGCTAGGCATTCGTGGTACGGTGTGATAATTTAGCGTCATCGACATCGGTGCGACGCGAGTCAGCCTATGAGTACATCCTTGCACGTGCCCCAATCCCTCGATCGCTCGTGAGCAACTGCTAGAACTCGGTTCTATAGGGTACGATGTAGTCGCCTGGCAGGTGCTCGTCCCTATGCAGATATCCCGGAGGACGTTCCAAGCCGCGCTCGTGTCAATCTGTATTAGATACTGAGATGGAAGCAACCTAAACAGAGCTGTGTTTACCATCTTCCGTTACATTTAAACAAGCGCTGTCATTTATTCTAGACGCATCTCCAGACTCTACCCTTTCACGAGCCAAATCCGACAGGCGGCTGGGTGTATTTTATAAATTGCGGCGCTATCTTGTACGTTTTATACCATAAAGCCACCAGCGGTTGGGTCGACTATGCCGGTCTGAAATAACGTAATCCGGCATTGTAAGTCGAACGAAGATCCCTGATAGGAATAGGTGGGACTACGGTTTTCTGCAATAAGCTCGTTCATGTAGTACCCCAACCCTTGCAGGGCGCCAAGGCGGCGCCTATTACACCAATCACGACTGACAACAATATTTGGTACCCCGCCGTATAGGGCTGAATATTAGATCGCGAAAAGCTATCGAAGCGACGCCTCAAAGAGCGTTTGCAACACGGCTTAATAGGAACCGTATGATTTGACGCCGGTGAGTACAGACTTACGCCATTGGCGACGGGCGCAACGTCGGGGAGTCTACGTGTCTAGGTTTCTGGCAACCGGTTGCTACTTTCTAAGGTCTTACCGTGTCCACACACCATCATGGTCTTACTATGGATTCGTCTTTTAATCGTCGTTAGTCATCAAGTTAGCGAAGTGGAAGCTTCGCATCTATCGGCTATCTGG,1558,49.55,Mus musculus
SEQ_764191,ACGATAGCCTAACAACATGTATTTAGTTTAGATAGCGTCGGGGCCCCCAAACGGAGAACTCACTATAAGCAGCCATCTGGTGATATACCAATCTCTGTTCGTGGCCGCTACGCCGGCTTGTCCTTATCACTACCGCTATCAGAAACATGCGACCTGCTAATGCATTTTTCGTAATGTAATCTACGGCCGGGGAGTCACTGTGCCACTGTTTGTGCCTCATCCCTTTGCCGAGATTCCGTACCGCCAAGTTGCAAGGCACTCGGTCCACAAGCTCGCTACCCCAATTAACCTGGAATCCTTTTAAGGAGGGAGTAGGCGGCTAAAATGGGCATCCAGCGGTCGTAAATTGTTGGGACATCTCCCTGCTAATTCCCAGGAGGCACCATAGTGGCTAAGCTGCAACTTTTGGGGCGGCTTAACGACCCCCCCGTCACATCCAGCTACGGGGTCTTCTTCTGAACGAGTAGTACAGGGTGCCTCACTGGTAGGGGACAACCTACACCAGCTATCTCTCTGGTCAGCTCCAAGTCCCCCATATTCGTGTGCCAGTCCTTAGCGGCACTTTGCATCCCTTAAAGACTAGTGTTTGTGTCGGGGTAGACGTCTTGACATACCAGCTACCATCTGGGTCTAGCTAATAGTGAGTTCAGTAGATTCGACTAGTCGCCTGAAGCAGCAGTCAGCTCTCCGGATAGTTAATGGACCTGAATCAATGCGGTGTTCCTTAACCCTAGAGAAAATGCTCCTATGGCGGGAGTCCATGCCAAGAGACGCATTGGATTGCCTGCACGTTTGAGATAACGCGACGGCCCGGAGTGGGCACCTCTGCCAGGTTTGATGATAGATATGCAGGGAGCGATAGAAGAGTATTGGGGTAGGAAAATACGTTATACGGTAGAAAGGCCTCGGGCGGGGTGGGTCTCACATTGGTGCGCACCAATACGTGGGGGTAGTGATTAGGTGCGCGTCCTTGGTAATAGTCTGGAAGCACAGTCCCACACATGATTCAGGGTAAATACATCGTTACTTCCTCTGTTCAAGGTGACGTAACGGTCAGGTATCTAGCCGCCTAACTCGACGGATCGACGGCTTCACGTTTTACGAATGTATGATTCGGAGTACGGTTCTCCCCTCGTCAATCTAGTCTGCCTAGGCGTCCTGCGAGTCCATCAGGCCGATTCTAGGGCAGTGGTAACCTTGGCTGCTGAATGAAGCCCAGAAAGTTGAAACTTTTCCGCCCTTTACTCTATGATTTGTTATAGACCAGAACAATCGTGCCCTGGAATAGTTAAGATTTGAACTTCATCAGATAATGAATCCCAACTCATGGAAGAGTAGAAGCCTAATGATCTAGGGGCCGGATGAATAGTTTATTGCATGTCAGGGGACACTGCACTTCGGCGACCCATAACGGATAACTGTAGGAGAACAGGTTGAATACGACAACT,1448,50.35,Arabidopsis thaliana
SEQ_222033,AGCTCTCTCGGGACGTCTCGACACAAAGACTATCACTCCTTTGACTCGGGCCAGAACGATGGAGATGTCAAGAACCGGCGGCCCCACTGCTTCGTCCCGGGTAGCTGCTAATCGAGTTGGCCCGAATCTCACTAAGCGTGTGCCCATCATCTCGCTGTCCCTCTAGGCTTGAGTTGTAGTTACGTATCGGATCAGGCGACATCTGTTTCACATACTCCGCTCTGTTTGACATAGTCCGAAATACTCGATACTAATTGGGGATTCACCTGCGTGGTAGTATAGTCAGCCTATGGAACAGACTGGATTTTCGCAGCACGGGCCCGTTTATCTCGGAAATCACACACACAAGTACTCCGATGTGAAAATTCGGAACGCTTCCATTATGTCCACCAATCAGCTGCCAGGAATTTGACCTAAACTGAGGGTAGAGCTAGTCGTCGGTAATGATATTCGAGGCGTAGAGAGCGCGTGTAACCATCTACTGATGGTCTTTAGCCAAAATCTTCGTCTAGATGCTTCAATGTTTCCCAACCTGAGTGTCATTAGGTAAGTGCGTATTGACAGCCCTGGGTATCGTTCAACGCAGATTATCTTGCAGTCACTTCTTCGCCCGATGGATATGAGTTCCATTCAGC,635,49.29,Caenorhabditis elegans
SEQ_430383,GATTGCACCGTACACTAACTAGTCGCCACGGACCGCTCTCGGTCAACCAATAACCACTCCGTTGGTGTAAGGTGACATGAGACTAAGTCGTAATTAAATCTTATGAACCTAGGTCGGACTAATAGGAGGCGTGGGTCCCTACGAAAACCTCAGTGGTCAAAAGCGAGACTGACCATGCATTGCTCTCGATCCTACTATATATTGCTAAACCTATGGTCATTCTGCAGATGCCCCGGCACTGGTGCTATACTCGGCCATTACGCCCGAGTAGCCCACGATAAAGACAACACCGGCCAAGGGAGCGCCGCAATGTCCATGTCTACATCCGGGTAAGTTGTCCCTATTGTTATGACGATAACATTCCAATGTATTCAACAGAGCATAAGTTTTCACAAAATCGCTACGAAGAATGACTCTTTGATTTCCTCATGAGCTGGGCTGACTGCAATCGGTATACGCCAGTGTATTCTTTGCATGTTCATTCCTATTACGGCGGTGGATGGACCAGTCAAGATAGAATCTCTAGTTGAGGCATATAGTGTGGGTTGTACAGTGGGCCCCGCTCCGATGAAGATTGCTACAGTTGGACTTCGATTCGTCGTTCGGGGGAGTGGAAAAAATACGTTCTGGTGTATCCGCAGACGGCGAACCGAAGATCGTCAATGGAGACGGAGGCCGCCCAGCTAGTTGTTGAACCGGACGACGCTAGTTAGCATTAAGGAGTGCCCATTCAAGATGGCCTGCGCCCCGTCGATCTGGACTTTTAAAGCCGGCGAGAAATGAGTGGAGCCTGGATTGCTAGAAGAGGATTCAAGCGACCGCACCCAACTCACCGAGCGAGTGTTAGGAAAACGCTCCACGCCTATAATTAAAGGCCCGTATCACAGATAGCCAGCGTTATCGGTCAACGGACTTTATACAGAGGCGAGCAGTCCAAGTGTTTTCGCAGGATCGTCCCTTTGCCCTAGAGTTCGATGCAGACGCAATCGATGGCACATGGGTCACAGGCCACCTGCGCGTGAAATTAGCACCTGATAGCAGACTGCACATGCGTGTAGGTTCGGATTCGCCATAGTCTTTGCTGACATATAATTGTGCACAATCCTTAGTGGCGAGACTATTCCGCGTGGACTACTGCCACTGCTAGATGTTGAAGTCTTTGACTTGTCCCCAACACCTCAGGTTGCTCCACAATAACTATTTAACCACGGCAAAGAAGAAGACATCGGCTCAGCGTTTCCTATCCAAAACAGTCATTCCTAGTCGTAAATAGTAGGTGACTCTCATACTATGTTTTAAATATGAGGACCACAATCTGCTGAAGCTGTTGATGCTTAAAAATCCGGGATGACTCCTAACACAGTTCTCCTAGCATACCTACTACGCTCTCATGGTTTCACCTACGAGGGAGGACTGAACCAATAGGCCCGGACCCTAAGCGTTCGGAATAGCTAAACCGTATGCAAGATATAACCGGACGTGACCGCCGTTCTCGTGATAACTAGTTCTCGCTTACACAATGTTTACCGGGACAAGCCGAACCACCAACATAAGTAGCGCCGTTGGTCTCCCAGTCTTCCGACCTTG,1587,49.21,Arabidopsis thaliana
SEQ_732936,TTAACGTGTCGTGCATGATTATCCGTCTCAGAGAATGTTCTTTACAGCGCCGATCCACTTGGCCCGTTCGAATCGGCTACAAGCCGGTCTTGCACCATATATTTTCTCAGGGGTGTTTGTGCTTGGAACGACCTAAGACGTTCGTAGGGCGGACCTTGGTTAGTATAGGCCCTTATTAGCAACCTTACATCCGAAACGGGCACCACGAAGCCGTTTATCAAGCCTAACTGTGTGTCACACCCCGATAACAACATGTTGGCCAGAAGCACCTGGATCTACCGGTACACCGCAACTTGGGCACTGTGTCAAGAGTAAGGTCTCGAGGTTTATCGGTTAAGCGGGAAATGCTAAGAGCACATAAGCTCGAAAGTGGGAAGTTTATTCTTAGGAGGCTTGTTGCACGCGAAGTGCTGCATCTCTAACGGTATTGACATAGCTCAACTCTTACATGGCGCGAATATCTGTAATAAGGTAGCCCAGAGTGATCAATCGTTTGCGATGTTGTAAAATCCGAAACCTTGTTAAAACGCCTTAACAACTTAGGATAGCTCTCACCATGCCCGA,564,47.7,Escherichia coli
SEQ_447906,GACTGCCCTTAGATACCCGTTGCATAGCGTCCTCCGCGAAACTGGCACATCCGTCTCCGTTAAGCTACTTTGTCGCGAGGTGGCTTGAGGCAGATGGATCATACGTCAGACAGACCAACCTCTGAGTCTTGAACGTCCAATTTTGTTTTGCTCTGCAAAGAGCCCGGCGGGTTTTGTTACTGCCTTAACCACCATTCAATTATTGTAGGGTTTTGTTAACGCATGCGACGACACTGTGGAGCTGGAGGTATGTGCGGAGGATGCCCTAGCCCACCCAGTTTTCTGGGACGGCAAGTACGGCTGACCTTTTCAGATTTATCTAATTTGCTACTTGTCTCGAAGCTATTATTTTGTAATATAGTCAGACAATTAATAAGTTTTGGGGGAGAATGTAATACTCCATACTTCCATGAGTTCGGTCAAGTCCACCGCATTCAGTAATGTAAGTGTCATCTCACGATCATTCTAGACGCCACTTACGATATTTCTCGTCCACCGCGCTCGAATCGCGTGACTATGACAATGGACGGGTGGGCGCTAGATGTTAATACGTCCTGTATCGTTCGAGGGAGTGGCCGGTTGCCTTCATCGGAATCAATCGTTTTCAAATGAGTTCTAATCGGGTGTAAGTATTGCCGATTGGTAGTTCTCACTCCCTCCTCTCGCCAAAGCTCTATGTCGAAGCATCGTGGGAGGTGCATACCCGTCTGTTGCCGCTGCTGCCACGCGACATGCCTAACTAGATGTGGGAGAGGCCAAGGCAGTCGCACAGATAGCGAAATCGCATGGTATACACAGACCTTGCGGAGCATGGCCAGAGTTAGAACTATAGGACTCTGTCTATGTCTGAGCATGTTCGCAGTCAGGATAAAACGCCTTAGCCGTCGCGAGATTTGAACTTCCATAGGAGAACCTCAAGCAACCCATCACAAGATTTGCCACTGGTTGCACCCTACCACGATAACGGCTTAATAGGGTCGCGCGAATGAGTAATGA,996,49.0,Mus musculus
SEQ_496368,CTGGTAACTCCCGGAACTTACCGGCCAATCTCTCTCATCGCCATGTTATAATAACCTATCTCGGTCCAGTATGAAACTCCCTTTTAAAGAACAGACCAGACAAACGTCGTCTGCTCTGATTCTAGCGTCAAACGATACAGCACGGTTTTTGAAGACCGTGCCATTCAGACGTCATCCGTTAAATTTCCGCAAGAGAAGAGAGCCCTTTGGGGAAACGTATCTGGCAGATGTTAATTTGTTGGGGAGTGACAAAAGTGAGTTTGGATGTCGCCGTAGCTGACGACGCTTACCACTTTCGAATTAACGGGCACTAGAAATCTCTTGCCTTCAGGACATTCGGCTAGAGCGATGTGGTCCGGCGCTATATATTTGTTGCCATGTAGGCAGGAAGACCATAACTCCGGCCGCCGCCCAACGCCGGGCCAATTTTGAAGGGTGCCCAGGGGAAGGGAGCATCGTCAGCGAGTTGTTTCCCATTCGCTCAAGCTCTGCGAATTCTAACACGTCACAGCACCATATGTTGGCGTGGTGACGCTATAGTGTGTACCCGGCAGTTGATGTGCGTGCTTCTAACCCGTCTCAGAAAAGAACGTCCCCTAACCGCACGAACATGCGGCCGCCTGATCCCGCATGATGCGGAAGATATTCGAGGCCTAATGGTTCATCACCTAGGATCAGTTTTGCTATATGGAATGCAAGCAAGAGTTCAGCGCATCTATTCCAACGACTTGATTACCCAATGCATATAGGGCAATCGTGGTAGTTCAGCCTACCCACAGATCTTGGGTTGACCACTCTCCGCGGCGACCGAACATGCGCCTTCGACGATAGTAGCCTGCTTCCCGAGTGGAATTTGCCCGTACTGGACGACGGGACCATCAAGTCACTGCGATGCCGGTCGACGCTTTCGTCTTACGCGTATCCGCGCCCAATAGGTTGTCACTGCGCTCGTCATGAGATTCTCCTGTCTAGACGTAATTTAGAAAGAATATGTGTAGCTGGCTGCAGCACTCAGACAACTGACCTGATGTAGGTATATCTTGCATGGACGCAAACTGGGGGTGTTTTCCAGATCGCATCACCCAGTCCAGTCATATTTCATTAAAACGGGTTTGCTGCGCCCCGCCCTATCGCGACCATGCAGTCTCTTCTGAACTTTACACGGTTTCGCACCAGCCACTTGTGGAATACTCCGAGCACTGACATTGATGGTGCTTCCGAGTTTTGACCGCACAAGATGGGGCAATTTTGTTAGAGCAGGGTTTTATGTGATTCAAGCCGTATTACATAGCATACAGCAGGGTGATCTCTCGTCCGTAAAAGCGCGTGATATTTAACTCCGTTGATAAGTCTATTAGTCAGCGTCACGTT,1371,50.18,Mus musculus
SEQ_808640,CATGACGCTTCTAGATTCACCCCTTACAGTGCTTACGGATCTCTCAACGACTCAATCAATTACCGCGAAGGAACGTCTTCCTAACCCGGTTTAGTAAGCATTGAAGTTAGAAAGATAACCGGCCGCGTACAATAGGCCGTCCAACTCCGTAACCATTCCGGCTGTTGCTTGCATCTAACCGCGGATTTTTTGTACAGACTCTCTCCCGCCGAAACATGGTTGAGGAGTCTCGATCTATAGGACCCACCTGCGGGCTTTTATAATTGCGAGCCGCATATGGCACGTACTGTTCGCGGGCGCCTCTGGCGCTTGGCACCGACTTAGAACCTATTCTCTGCTGTGCTGGTTTGAATGCAGCCTCGTTCTTGCACCTTGTGCTGTCCACGACTAGCCGGTGTGTCCCCAACACGCCCGTCCTTCGACCGCATTGCCCCT,435,53.1,Homo sapiens
SEQ_907258,GTGGCTAGCGAAAAACTATTCCATTAGTGTATGTGGCAAATTACTTGTCGCTCACGGGCGAGCAAACATCTTCCTGGGTGTTAGAAACTTATACGTGCCTTAGGCTTTGTACCAAGGTGCGATCCGCACTTACAGCAGCTGTAAAGTAGGTATCTCGGCCACGGAACCTAGAAACCCCCACCGCTTAAGGATCTCCGTGATTACTGTAGGCTTGGCTCCTATAGGCGTCGAGCTCAACCTAAGTGACATTCCACTTCTCCATGAGTTCCGGAAAGGTTTGTGTGGGTTCGCAAATCGTACAAAGCGCACAGGGCACTACCAATCGCATGAGCACTTGTTTGGCCATGTTCAAGGCATCGGACTTCCTGCGTATCTGTTCGCTAGGACGGACTCGATGTCTTCTGAGGGTGCCCTCGGAACACCATTAGCGAGACCTCTATGGCTCGATAGGCATGATCTCGTCTTCTGGCCACTGCAAGTCTTTCTAATCGAACCCTCGTAGCCGCTTATATCCCCTGAACGTTGATACGGGAGTACCTGACTGCCTTTAATCATGAGTAGTGTGGCATGGAAAGAATTAGCACTATGGTGCGGATGGGACGCTCTCCCAAATAGAAGAGAATTTGATTTTGCAGGGTGCGGCCACTGGAGCACGCCGAGGGTGGAGACCAATAGATAGTTCGACCGTGTGTCCGTCGAACCAGCATTTAGAAATAACTATGGGATTTTGTACCGCATCGTCTTCATTGGCCAAAACCGTACGCAACCGACTACGTACGCGGTCTGTAAACGTGAAGACTGAGTCTCAGATCGGGTCCGCTCTCTAAAAGTCGCTCGCTACAAGCATCATCCCCAGTGTCAGGTCGCCTCATAGACTCCACTTCACCATTCACCTTCACGGTCACACGTCGGCCTCACCTCTTCGTAAGCGTCACCGGGAGAAATGGCGCCAAATGGTAGAAAGTGGTGCTTGACCTTGTAGTTGGCTTCCGGTATTCGCCCGCCCTTTTCGCGTCATGCGACGCGTTGGGAATCATACCCTAAAGTCTACATGTGTTGTCCTGACGTTCGCACCAAGTAGAGCGTAGCTTATCCTATACGGCCTATCTTCCTGGGAATGTTTGGCCCCGTCGAGATCGAGCCGAGAACTCACTCAACGGGCACGTGACGACTGGGCAGGCTGTGAACTGCTGTAACGCGAGCACTGTAGGGTACGGTTGAAGCAAAAACAGAGGTTTGGTAAAGTACCCTCTGAGGATCACATACGCGTCTGTCTTCGATCACGTGCTTCATGGAACCTTCAACGCGTTCTGTCCACATCGGTTGGTTGCTCTATGCTGGACGGCCATGCGCGGAACGACAGGCTTCAAAGCAGCCTCGTCACGATGAGCGATGCAAGCTAGAGCTAGCTCATATTGAGAGATTTTGGCGTCAGAATTGGAGCTCCTGATCGAGAGACCTATGTGTCCGAGGAACTGCCCGAAGCTCA,1489,51.78,Homo sapiens
SEQ_438821,TCAGGATTGCCAACTGGATATATAAACCTGGTCGACCCACGTTCGATTAGGGCATTGACTCAGTGCTCCTATGACTCGCCATTATTACCCCGGTGAACCAGGACGTGTTTCTGTTGCCTGAGGGCACTGTCGCGAGGAACTAGGGACCACTCTCTATTATCTTACCTAGTCAGGCGCCCGGTTCTCGAAAAATGGCGTCTAATGCCGTAGCTTCGGAGGACATTCCACCTATGATAACCTCACTGCATGTTAGCATTTACTGAAGAACTCCCTCCAAGGTCGTCGGTAGGCGGAGCGTCCCCATCCTCTAACACGCATCTACACCGCAACTTTGCGACGCGTATCGGATATACCCGTTAGGAGGGCGAGTAGCTTAGATGGGGTATAAGACGAGGTCCGTTGAATCTGCTTGTCATTTTAAGGGCCTTGGTTATTTTCGGCAACCGGTCGCATCTCGACCTCCTTGTGTCGATGGCTACGTTTTAGACGGATCAGAGTCCCATGGGCTTCTGAATAATCGCAGAAAAGACCTTCCGCTGTAATGACCTTGTGCGAAATGGTCTGATGTTTTTTTATGAATTAGGGGGTGACGTAACACCCTTATATCAAACTTGGCCCTGCTGAGACGCCCTGCGGCCAATAGTATTCCGGCGGTACCGCCGCGATTAGATATCGTTTCTGAGGGCTCTCCACCGAAAAATGTAGGGGGATGACCGCGTGTGGTCAGAGTTGTTCTAACGAGCCGTAACTTACAGACACCAACTTGGAGCACGTTTTGGGCATGCACGATTGCAAAGAGAGCATCTTGCTGCCGGAGCCCCACTTATGCATCTCGCTAGACGCGGGAACGCCGACCACACTAGAGGAGTAGGCCGGTGAAAGCGCAGCCGGCGTGTGGTTACGTATAATAGTATCCAGTTGGGGATTTGGCGGCCTGAGACACGATTGGATTCGACTTCTTTATGCGGTTCGCTGGTACCAGGAAGCCAGATCCAAGAAGCGGTAGCAGCGTTGCATAGGCATCGACGTTCGCCTGTCCTGCTGGAAGATAAAAAGTCCCGGTCCTTCTTGAGTGAATAAGGTCATACCGTAGTTGTGGTCCCACTTTCCAACCCCAGCCCGGCAGCCAGTATGCACGCGCTCTGCCGCGCGTTCCCCCAATTGCGCGATAGACAGCCGACTCTCTTATATTACACCGAGCAATTGGGGCTTAAGCGTGCATATTGGGGACGAAATCCTCTCACTCACGTGAGCCTCACGATGCATCATTAGCATCCGGAACCGGACACCAGAACTGACAGAGCTGCACACTGTTATTCCGACCCAGGTCACGTTTTCCAGCCGATGGATTAGGTATATTAGAGCGTACGCCAACCCATAGCACAAGCGGTGAGCGCATAGCCGAACGGAGCCTCCCCGTCTATCTTCATGAATGTCTCGTCAGTATAGGGATTCAGATCTTCGTCATCCGGTTAATAGATTATCGACGTCTAGTTCCATATGAGCATAAACATAAGAGTCACGTTTCGTGCACACCTTAGAGTATTGGATCCGCATGGTCGGTCCGTCGCAATACAGATGTCTTGGTTTGCCTTTCGCAGGTGGCTGGTCCGGCCGGCGAATGATGGGATAATTCGGCTATACCGGACCAAACATGCAGTAAAGGACTACCGTTTCGTTTTGCACTTTCGGCACCCAAGGAAAGAGACCGCAATCGATGTGCTAGGAAGGGATCCAGTAGAAAGTATCCGTTCCGCAACAACCCAATAACGACAAGATAAGAGGTGTGACGGGTTAAATAGTTTTTCATCAAACCGCACACACAGATGGACACAGACCTTAGCGCCACCTGCGCCACCACCCGTCCGCATGGTTCACGACGCCTTAGTTTACGTAGGACACCG,1904,51.73,Saccharomyces cerevisiae
SEQ_623584,CGCAATCACAAGATGGTCCGAACCTAACTTTTATGTTGTTTCAATGACAAAGCTACCAGGCGTAGCAAAACAAAAATCAACGAGGGGCTTGAAACACCCGGAGTAACTAACGAAAGATGTGGCACGTATCTGGAAGCTGCCGTTCGCTGCGTTCAGAAAACGGCGAGGAAACTCCACTGCTTTTGACTTTGCTTGAACATCTGGTGGGCCGGGAGTCGGGTCGTCCGAGTCGAGAGGAGAACAGCCGGCCCATTATGAGAGTGCTGGGCTACCGGACTTGACTTATCTCCTCTTCGAAGAGAGTGCTTGCATTGTGTTGTTGTATTAATGGTTGGTGGCAACATATTACAAAACTTCATACCTGTAGCACGCAACTTGGCGTGCGGGATGAGCCCGACTCCCAGATGTTGTTGTTCTTGGTCAGTACCAATCTGTTTTGACCATCCAGATTATCTCTGCCAACGCGGCAGCATCGGCCGCTTCAGGCCGGTATGGCGGTAATCGCATTTCGGTTGATTCGGGCACGCTTCACATTGGAAATTGAATCCCGCCAGTCTATATTGATATACCTAAAAGGTATCCATTGCGGGACCAAGATTTAAAAGACACGTCCCAAGAGCTCTCCAGCTTCAGTCGCGGATGTAAGAGTCTATCGATCCAGGGTGGGCTCGCTATCATTCAACGAAAGAGAACATTTTCAATA,703,48.79,Caenorhabditis elegans
SEQ_702607,AATTGCCGACGCTTAGCAGCGAGCCTTAGACCCTTGGATCGGCGACTGCAACACCGACCCCGCACCAACGCGAGTCTTCCCATTGGAAGCAT,92,58.7,Saccharomyces cerevisiae
SEQ_383180,GGGAAGACTACAGACATGCCTTCGCGATCGAATTGTAACTACGCCTTAAGAACGGGCAAACCTCACAAGATCAGTATGTGGCCGCGTGTTCCAAAGGTTGTACGGTCCCCGCCTAGAACGATGCCCCAGAATAGGGGGACTAACTCGTCGTACTACTAGAGGATGTATCGAGCTGTGGAAATGCGCTCCTGCGGAGGTGCGGTGTCAATCGAGGGGCAAGTGCCGTAAACCATCGAAACAGGTAAAAGACCTCCGCTTCAATAACCACTGAATACCCCGCTTGGACACGGTCCCACGCAAGTCCCCCACGTAGATTCCCTCGGTCCTGACAACTGATACATTAGATTAACCGATTTTGGTCTCACTACCATGAGAGGAGGAAGATTCAGATTGGTCGGTATTGATTTAAGGTGTGAGACTTTGGAAACTAACAGTCCTGGGGGATCTCGCCATACATCCCTTCGGTAACCGGTCTCATCCGACAGCGCATTCGCTGCCGCGCCTCAGGACTAGACTCCTGCCCGGATATTTGTTTGGTAAGATACCAAGAGATAGGAGCGACTGGGTGAGTGTGAATTGTTATGAGGTCCTGAAATATGCTCGATAGTCATGATGGGGGTCAGTCGCGGAGCCCCGGGGTCCCACGTATGACTGGGAGGCTCCATATTTTACGACAACTCGTCGGATTTCTCGTCGGCGAGGTCCCCAGAATTTCGAAGGTGGCTGAGAACTGGCTGTGTATGATTATGGGGCCTAAGTAACTGAACATCGTTAGTCGAGAATAGATGCGAGCGAAGGAGTTCATATTGCCCGGTCCTCATGCCGTCCGGAAGCGTGGACTTATACATATCGTGGTCAAGGGCACGTGCGTAGACGTTTGGGAGAAGAGTCCACACTTTGCTGAGGAAAAGGTGACCAGAGGGGCCCGCCCAGAAGTTCAGCTCCTGTCCCGCTGCAAGATCTACCTACCATCGGAGGCATCGTCCCCGACTAAGTTAGTAACGAAAGGTGCCGGGCCTGCACACTGACTAGTAAATAATGTGGGGAAGCTGCCCCGGAGCCTTTTTAAACGATGTTTAATGCGGGAAGCGAAGGCTGGCAACCGTTTAATCCATAGAACTCTTAGAGAGCCAATATTTACGGTGATCAACTCACCGACCGGAGCAACCCGCGCCATCTTTACGTCAGCATTTCGGCGTCCCTGTCTGTAGGTTATCAGATTCCTACAGAGGCCCGACCTCCGGTAACACCACAATTACTGCGTAGTGACGCTTGGTTTTCTATAGCGGTGAGGAATGAAATAACTTTGATCAACTCCGTCTGCCACAATATTTCAGTAGTTCTGACAGCCGACTAATCAGGGAGCGACTGACTTTTCATTCAGCATTAGGTGCCGATTCAATTCCGCACGCTAAAATCCAGGGTTAAAAGTAAGCAATACTGGCCCGATTTAGCCTCGTGTCATCATTGCATGGCATCGCGATGGTTCCAAGCTGTTAGTGAGGTGGTAAAGTTCGGGAATTCCAGGCCCACCGCATGCCTAAGAACTAATCGGTGATGGAGGCCGAACCAATGCGGATAGAGTTGATTGCAGGCGCACGATAAAGCACTGTGGCAAGTCCGACCATGGTGCGTGGTCTAGCGCATGTAGCCGGTAAGCGACAGGACATTGAATCTCCTGCGCGTTGTTTGAAGCGGATAATGCCACTCTGAAACGGTAAAAGCTCAGTACAGTAACGATGAGTGACAGAGTATGACGTGCTCGCGTTCCTATCCAATACCAAACAATTATCCGGCAATGCAGGGTCTGAAACAGGCACCTAGCGTGCTGCTAATTTAAAATACATTCTTGAT,1854,50.81,Drosophila melanogaster
SEQ_491402,TGGGATAACGTTTGCGCGGGTACAATTACTTTGCATTCGCGCTACTCCAGCCAACGCTCGCTTCGGTCTGCGGGATGAAGAACGCATCATAACCTACACGAGTGTGGGAAGCCTCGCAGTCGATACTGCTCTCTGTATTTATAAATTGAGGTGCAGTTAGTACTAAGCCAAACAATGTGGTAACAGCGAGGGCAGGTAGTCGAGATGGTTAGTAGAAAGGGAGTTGTATTTAGCGGTTCCTAGTAGGTGAGTTATCTTTAAGAACTTGTATACGCTATAAAAACCCGGTAGCCGTAAATTACAGTCTCTAGGGTCACGGGACACATCCGTCCGCCCATCCAAGAATATTAGCACCCTCTCTGACTTCCTAGGCGCTTGCGAGTGCTAGAGTAGGTGGCTGTTCTGTATAGTTTTGATATACATAATTATGGCGCGGAGCGTAGACATTCCGGAATCTGGCACGTGGATCGTATGCAACGGTCGTATATAGAGTAGGGGAGTGAAAATAGGATAGGTGATCGGTCGATAACGAGCACTTTCTGCGCTCGCGGAAGTTAGAAGAATAGTTCTGGAAACTCATTGCAGGGTGCCCGCGACCTGTGGCCTGGAATAACCTTCCGTTTATGACGTCCCTGTAGTAAGTTTCTGCCGGTGCGCTGGCCCAATAGCCGTTACAGAAAGGGTGAATATTAACCAGCTGAAAAGGTGCTTAAAACTCTCTAGTATTACCAGCCACGAATTCAAGCTCTCATGAGGTTCGTACGCATATCCGAACCTAGGTTGGTACGGGCACCTAGTCGTTTCTGACGTAACTTAACCCCCTGTATCGAGAGCATCGCGAGACTTACATTTTTTCCAGCATGCGTAGAGGCTGGCTTGTCATCGTTTCAGCTTGTAAATTTGTTTATACTGTACTACTACTAGGACTAGCGTAGGTGTCAACAGCCTACGTATGCTCGCTTTTACTTTAGCAATCCGCTTCATTCGGCAGCGTGTACTGGCCACACACGTGACGTTTTCTTACTTTCTTACCATGCTAGGTTGATTAAGGTAAACCACCTATGTTTGATTTTTAAGGAATCACGCCATAAATTGTGCAGTCACCCAACTGCGGAGACTTCCTTAGGCCGGGTATCCACTCTCATCAGCAAGCTTAGAGATTGGAATATTCAAGAAAGTTGGCTTTGCTTAGGACGATCACGCACTAACGTAGTGCTGCGTGCCGTTTTGTCAACTTTCCGGAACGTGGCAATATTACTCGGATGCGTCAAGCACTCCTGTACCCTAACTGCTATAGGGTGGGATAATTAACAACTGAGGTCCCTAGGAC,1330,47.14,Mus musculus
SEQ_509475,CACCAGGGCCCCCCCCCGCTGACAGAATTATATCAGCGCCCGCACATCTTTTAGAAGCGAAGAACATCCGGTATTATCTACAAGCAATCAGCCTGGTCGCCAACAAACCGTAAGCTTGCGGGGTAGCCGTGATCCTCGAACATTAATCACGGACGTGTTAGGAGACCGAGTCAACCTTGTTACTTTCAGGAATCTCAAGACCCGATAAATCAACTACTAATATTTTGAGCTATCAACTACTGTGAGGTCGGCGTATAGCGAAGAAAGCGTCGAAGTTATGGCCCTAACTCGTAGCACCGTGGAAAGTCGACTTCCCCAGGATACGACTTCGAACTGGAGCCGGCTGCAATTACACGAGTAACCGCCCCTCGCTTCCAGTCTTCACCCAGTTGTCGTTGAGTCGCGACCCCAATCAGCACCACAAGGGCATACCTGCGATCGAGGGGCACTGCAGGTAAAGCATAACGTGCTTTCCAGCTCCACCGCTCATTATTGAAAGAATAATTCAAGTTATCTTTGAGGAAAAAATGAGCCTGTACGGAAAGTACACGTTATTACAGCGATTAAGTCCTTCATTTGGTACTGTACAATGGTCATCGATGGTTATGTCGCTACTTTGCTTCTATTGGCCCAGGTAATGTTTCAGGTCCAGC,653,48.7,Homo sapiens
SEQ_932334,CGTGTGGACATAAAATTGCGCCCGTAGGGTCTAGTTAAGACGGCTATGTGTTCTAGTAATAGACGTTGCGTCGAAAAACTAAAAGAAGCATTTCGATCTTCGACCTTCAATTAGAGACAGTCCACCGGCGAGCGATGACTCTTCGAATTGACTAGGTCCCAAAAGTTCGTAACCGAAAATCAAGGCTCTCCTCGGAGTAGCCATGAACGTCGATCAGTCGAGGGGTTTAAGATACTCTGCCGGGTCCCGATAGCTGGAAACGAGCAACGGCTATAGTGATTATCACCCCTGCAGTGGACCCCTACGCTGTTCGTGGAAAACTTAAACTCGTTAGGCCGAAAAAGGGTGGGTACGATCCACCGCATTCTCTTTGTTCCCTAGTTTTTATCATGGCGACCATGTGTCGCCCCTCGCTCACATATAACTAAGTATTTAGGTTCGAGGGTGCATTGATGAGGACGCCTGCTCGCCTTGTCGGTTCTGCCGAATCCACGACGATGCCCAAAGGATACTCACATGTGAGTTCTGCTTAGCGCCAAAACTGCACCCACACTATGAGATCATTACTTCGTAGATCTGTCGGGGGGTGATCCGGGGTGCCAGGACAACGATGCCTTGTTCACGCGGTTGGGTCAGAGTGCATTCCCTCGGAACGACGACAAAGCGGTGCCGGACCAGCTATCAATTCCCACGTCTGATGTTACGTAGTGGGCGACTCAAAATCTGGCTAACTTTCTTCAACCATATATGGTGGGGTTTGTATGCTCGGAGATACAGGCCTACGAGAGCTTATAGGAATCTTAAAATCGCAGCATCCAATAGCGCGAAGATGGGAACACACGGATAGTTCGTGCAGCAGCCGCACCCCAAGATCGCCTGTATACCCAAGAATATATATGTCGTGGCATCTTGTCATAAACTTAATCCCGGTCTGTGCTGGGCATCCACTTATTACCTGTGGGACATACGGTGTGAATAGTCGCACCGTCCTGCTCCCACTAATCTAGCTAACTGAGACACATGCCTTAGTATTACCATGAACTCTCTTGCTGCATATCCGGCCCCCGTGGCGGTCTTCAATCTGCGCAGCGCTCAGCTATCATCGTGTTGTGGTCTTCTAGCCGACGTCAGTGCGGCGCGGGCTAGCTGTGCACGAGGCATATTAGGAGGGCAACCCTAAATACGACGCAACTGCTTGCCCCCTATGGTTAACCATGTCAAGCTAGGGTTAGAGTGATCCCATTGTTGGGCGAGGAACGACCCCCCATTCAAGGTGAGTGTAGAGCGCCCATCGGGCACTACAACGACAGTTCGTACTGCGGTTCTTTGTCACGGCACTTCGTCAGATAAGGGCAATATACTAGCAGGCAACTTGAAAGATACAATTATTAAGAGCACTATTAGCAAAATAGAAGAAATTGACCTTAATCTGGAAAAATGTGTCAGCTAATACGCGGTAGTACACCTACTTATTCTGGCGGCAGAGTGGACCTACGGGGCGCGCGTTAATCAGACACGATCTCAAGGTTAGCGATATCTAGGCACATATACTGAGACTAACTCCCTTGGACAAAGATGGTACGAATAGACTAGTTTGCCATGCCATACCGAGCTTTCTACTAGCTGATTGAATA,1634,49.51,Mus musculus
SEQ_780158,AGTGGGCGGGTGCTTCCTGATTAATCGCAAAATAGCCTTGTAGCAGACCGAAGACAAAGTTGTCTATTTCCGTAAGACGGAAGCTAGATTATCGGTTAGACCAACAGTAGCCAAATTCCATGGCTGCGTCATAGGTCACGGGGTTAAGCGGCGCTCAAGTCCTAGTCGTTCCCGAAGCCTCTTGTAAGCTACACTATGCGTGACTACGTTCTTCACCGAGGTATAGTCGCGCATTATCTATCCCGGCGCACAGGACGCAAACCCACTCCATTTGGGACGTGTACGCAGGCTGAATTAAGAGCAGCGGCACGTAACCGCCTTTTCGTTAGTGAATCTTTGTTTTTACCTACCCTACTCCCGGCTCGCGTGTTATTGGGTTGCGTAGCACTATTTGCCGCCCCAACAAGTACCAGGGAAAACGCGAGACAGGTGGATAGAGTTGGGTACCATGATCTGAAAGAAGTCCTGGGCGAGGCCATAGCCGAAAGGGCGGCTTTCGTCATATGGACAACGTCTATCTGTCTCCCCCGCAGCTGTAACCATTTCGTTGCTCTCCAGCACAACAGTTCGTTGGTACTATTCGGCGGACTTTGGCTTCGTACCTCGTCCGGGCCGAGGGCGGTATTGCGGAATCAGAGAGTATGAATACCCACTAAACGCAGACACGAAGCGTGATCCGGAGCTTCCGACACCGCGTCTTTATTTAAGGGAGATTATGCTCCGTAGGACCGGATTGAGGGTCTAAGCCGCTGGCTTCGCAACCCCGCTGTAGCGGGGCGAACTCGTAGTAGGAACATTGTATACATGTCGGGCCAGCTGGTAGCAGTGAAGTTACCAAGGGCGAGCTCGGTTCCACCAAGGCCACCACCACAGCCTTAGAATCGAGTTAACGTCCTGAAGTTTGGACCCCACGTTTGAACTCATAACAGAGTTCCAGATAAGGACGTGGGAATGGGTAATGTTAAAGTTAGCCGTTCCAACTCCGCCAGTTTCTGTGAAAGTACTTCATGTGCACCTGTTTCCTAAACCTGAGTTGTATGCCTCCAGCTAGTATCGGACGTTCACTGGACAAGCATCTAAACATAAGTAACTCGAGGTATCCATGATCATCAACTCTCCGTCCTCCCTAACGAGCAAGGCGTCTATTCAACACCTGCCATCCCTGCGCTGCGATGTTCCCGCTGACCAACCCCGTCAAATGCTTCATTTCCATGCCCGTATCTGGCGGTATCGGGAATCCGCGACCAAATTAGAGCACCAGGGTCGTCGTCGCATTCTGCTTCGCACGGTCCAAGCAGTGCCACCACGGGCGGGGAATGCCTTACAGTCCACGAACGAGCGGGGGGAACCGAGTAATGTATTACCGAGGTCATGGTTTCACCTTCGCTCTAAAGCCCTGTCACTGGATGCGACATGCCCGACGGAATTGGTTATTTGGCTCGTTTACAGCGACGGGTGTCATTCCAACGCCGTTACAATTGTGCTCTATCCGGGCGCACGATTCTATCTATTACAAGCTTCCTGCTTGGTTACTTAAAACCACGAGACATACGGACTCGGGACAAGCTAAAAGCCCTATGGAATCTCGAATTATATCTTTGCAGGCTCATGATAGACAACAATTCTAGTGATAATGTTGCCTGCCTGGCAAGCTATCACCTTCCACATATTATGGCTATTGAGACTAAGTGTACAGCTTAGAGGGGCGGACACTAGTGGGCGAACCCAGGACAAAAGCGTCACCCGGTAAAGCAAGTTGGGGATTGTCGCACCTACATAGTTGAAACAGTAATAGGACTCCATCCAGGGAAGGTTGCCGCCCCGGCGCGGAGTAATGAGGCGTATCGGCCGAGGATCGCGTGCTGTGAGAAGCGTCTG,1878,51.92,Homo sapiens
SEQ_645670,CGCCTTTTGTAATCAAGACACTATGTGTTTACGCTGTTTGGCCATACGCGCCAGTGCTGGGGACTAAGCTTTGTAATGGGTTCCACACCAGCGCGATGCTCTCCCTTTAGTAAGAAACTCTGGCTCACCAGCAGGTCTTAGTATCCATGCTCCATAATCCCATGAGTTTTGGGCTCTCCCTCAACAGGCCCACTAACGGACGTACACTACATCACTGATTGTGTTGACCATGAAAGCCAACTTTGCATATAGCAGGTAGCAACGAGCTCGATTCAGCCGCGCGATATTCAAACATAAGCTGGCGCAGGGGACTGTATCTTCTTCGGAAGACACTGCTCGGCTTTAGTCCCATGTTAGACCGATCCTCACAAGCACACATCATTGATTGCGGGGTAGCCATTCGGTTGGCCCGTGTAGTTAACGTGTGCGTTACGGAAGCTCTACCTTGGTATGGCTGGATCAAGACTTCATCTAAGAGATACCACTGTCCGCTAGAAACTGATCGGTGGAGCACAGAAATTAACCTGCCGGTACAACACGTTTGCACTAGCCGTCACTACAGAGCTTGATCCATCAGCATTTATGAAATATGCAACTTTATATAACTAGGATCTGCTCCGTGGGTGCCGTTATACGCGCAACGCAATGAACCATCCCAAACCTCTCATGTTCTTCTAGTAAGGTCATGTAGTAGACCCTCGTGTTTTTTCGCACGGAGGCATCCGTACTTGATGACAAGCTCGTCCGTGCATTCTTAGAGATGTTGATGTCAACGTATGTAGGACTTGTCGGTCGGCAGAACTGTCCCACACAGCA,816,48.77,Homo sapiens
SEQ_924660,ATCACCGGTCGGTGAGGGACTAATGGCGCCTACATCCGATCGCATGTAACGAGCCTTCGTCTCCTCACCCGCTCGCACGACTCGGGGAAATCCAATGTAGCCAATAAAGAGCCATCCCATGCTTATTCAATTCTTGTGCGCGCATTCTGTCAACCTGCATGGTCGGCAAACGTAAATCACCTTCGTGGCGTTAGCTTCTTATAGCACATGTCCGGTTCAAATTGCCGTTGTCCCTGGTGAAGTTTAGGCACAAAGCCAGAATAGGCTTCTAGGATGTTACATGCCAGCTACGCATGTTTTCCAAGCATTCCCGGCTTGGATCTTAGTGAAAAGGAAGAGCGATGCACCGAATTTATATAATAACGGGCTCGGGCCAGAGAGTAAGGGGGTTGCCTGCTTTCAAGTACCCTCCCGAAGGCTATGCTTCGTCCCTCCGTCAGCACAGGTGCAGTCTGGCTCCATGAGGTCAGACGACATGTTGGAGAAGTGGAACGTCAAAACTCAACATCTACCATAGTAAGGAAGGCTCGAGTTGATCGTCGGATGACGCATTTTCTTATAAATTCACGGGAAGGCGCTGTTCCTTTGTCTCTCTACTGCCATCAGGGTTTAACTCTAGTGTCTTAATCTACGCTACTAACGACCGGATCTGTCGATTAGCCTCTCAAACGTACGGCAGGAGCAGGTTGGACCTCTCCAATCATAAGTCGCTTGTGTGCAGCTATCGTCCATAAACATCCGAGTCCTCCGTCGAACGTTTATCTGACACGCCCCTCGTTACCTGTGCGCCGAGAAGGGTTTATTCATGTACGACTAAGTCCTAACAACTACGCCGCGGCCCTAGGTAAACTACCAAAGGATGCAGACCTACCTAACAACTATATCAGTATGAGAGAACTGGACGCCAGACTGATACTTCAGCAGTCATGCACGGTTTACCCTCCGCTAGTTAAATGCTGATCCGACCACAGTGTTCTGACTAGCTAATAGCCGACACCGGTGGTGAGCATAGTGGCAAATAAGATCGATGCACTGTAAAGTCTGCGAAGCTGCTATGGGAGACCAGCCTTCAAAGTCGGTCATAAGCTCGAGCCAGATATCCTGCGTGACTTACAAGCTGGCACGGAAAGCGGGACTAGGCTACGTTGTGAACGCGACAACAGCAACACATGTTTTATCACCTACATCTGCAACTATGATTATGGAATACTCAGCAAGACTATATGGTGGTGGTTGCGTTGCCAGGTTCATCAGTGTCCTCAAACAGATGCTATTATTCAAGTGACGTCTCCAACGCATCTTAGTATTGGTTACTTAGTAATAGATTCAAATAACATCCAGTTCGCACAACCCACACTTGACCGTGGCACGCTGTAGGTGTCAATAACTTCGATAACTTAAAACAATTAGGTTCATCACTCGAGTTAAACGTAGCGGGATATATCGAGTGTCCTGCGCTTGGTGGTGTCGCTCCGATCAGTGCCCACCAGACCTGGAAAATGGTCAGGAGTTGGTAGCCAAAGGACCTTGAGCATTCTTCCATTTGATCTAGGGTCCTATTCTGAAAACCGTGTATAACCTGAGATAGTTATCACAACCGACGAACTCAAAATCTTGTAGACTTAGCATCATGTAGGGAGGCTCCCGAGAAACATGAAAACCACAGGGGGAGATCCAATCAAAAGGATTGACGTCATCACGTATATTCTTTTTGTCGAGCGGCAACTCATGAAGATCGTCCTAGCGCCAATGATAACCCCAT,1762,48.13,Homo sapiens
SEQ_735201,AGATTCTGAGTATGCGTGGTAAATCTCCGGGTGACCCGTCATCTCAGAGGCTTCTTCGGTCTTAGTTCGCGCCTCTCCTCATCGTCACCTCCGTACAATGATCGCTGCATGCCCGGAATTAATTGTTATGGCTTTAGCGCCATCAGGCACGAAGCTGGATCTACTTTACAGATCCTTTAGGATGATCTTGAATCGCTAATGGTTCGTGAAGACGACGAACACCGGATCATATCAACAAGTCTCGGGTCCAATTTTGAGGGCGTTTGTCTGACGCCGTTCATTACCTGTTCTATGCAAATTGCCACTGGAGCACTGATCTTCGCGTCCTGCGATGCTTGCGTGGGTTCTTAAGGCGTGGAAGATTGTGGCGCGTAACGCACATCCCGAACTTCAGACTTCGGTATGCTGGCTCCTATCGGGTGATAGTCTATGGATTATTAACTTCTGAGCGGTTCCGAAGTGATTAAGAGCTATTAAGCTTATCTAGAAAACCTCGCGTTAACATGGTACTCACTGTTGGGTTAGCGCAAATGTCGGGCAAATCCCTCGCAAGGTTTGACCCGAGGCCTAACGCGGCGGCTGTACGAGTTAA,592,49.49,Caenorhabditis elegans
SEQ_208541,CGTTAGTGCGGGTTTCAATCCGATCCCAATCCGTCCCCCTGTGTTGTTCCTGCCTCCGCATTTTCAATTGTCCTGTTTTTCGGACCATTTTACTTTCAAATGTAGCTACAGCTACCGCTTACGAATGATAAGCTTCCGAGACGATATTTTTTAGATTGAGCATTAAGTCCTTCGACCCCTATAATTTGTCGAGACTTCCGGTCACCTACCTACGAGTTAGTTTGACACGCAAGCTGAGACTTACCATTAAGTTCGGTGGAGTGAGTTGACGGAGTCTTGTTCGACGTGCTTTGACGAAAGCGCCGCATCAAGGACAGATACACATGAAAAATCACATCAGACCTAGTCTTGTTTTGAAGTCTCCGAGCTTGTAGTAGGAATTCGGCGTAGCTCTTCTAGACACTCAGCCATGTAGGGGGCACGAGCTTCCTGTGTTGACCGTTCGGTATTCTATACAGAACCCCAGCATTTCCACGCCGGATTAATAACGAGGAATTACGGGAATCAATGCCACTTTTAAGGCAGATATGTCAGCTAAGTTGGTTCTGTAATAAGCGTCCTTCGCAACTTCGTGAGGAGATTGTTCGCTTGAGGCCCTTAACTAGCTGGATCTAAGTTCTAGTTATAGGGGACGGGACGGTTTATTGGCGTTCGACCGGCGCAAGGCCGGAACGTAACCCAATGACTCCCGCAGGTTAGTATAACATAGGGCGAACCATCAGCACGAGCACACAGCAATTACAGGTATATTCAATGAAAAGAATTCCCTGTAGCACCCCCGGAGGTCTGCCTTAAGGACTTGGTTGTAATATACACCCCTTCAGAACCTACAGAAGCCCTCATAGCGAGTGCGGTGTAGACTAGCGATTATGCATCACTGGAAGACCATCATATTAAACGCGAGCACACCCATAGCGTACGCGGTACAGTACGCATCCTCTCTAAAACAGCTTACGGTTGGTTGCCCCGCAGCTTTCTTTGCATCTGTCACTCATACAGGATCCATTTTATTAGTGTTTAAGTAGAGAATTGTAGACTGGGGTGAATCCACAGGAAGTGCAATGTAGGTAATGAGGTAAAAAACGGTTAGGAATCCATTCAATACATGCGGGGCACCTTCGGGGATCTTTTGAGGGCTAGAAGCCCTAGCTGCACGCCATTTGCGGAAGCGTGCGGTCTATAGACCTGATATGGGCGGCGCCATACTCGCGGA,1213,47.82,Arabidopsis thaliana
SEQ_978855,ACAGTCTGCAACACACCGGAAGGAGTAGCGCACTGGTATTAAGACTTGGCTCGCGCGTTGGATAAAGTCTGGTGTCGTATCGGCAGGGCGCTGCGGCAAAGGAATATAGGGACAGCAAGTCGGCAGTTTTATGCTTAATATATACGACGATGAGTTTGGGTGTGGAGCCTGAATCCGGTCCGTCAGGTCATATAACGGTAGACGTGCGTCAGCATGCCCATAAAACCCTGTGAATTCCCGAATCTACCTTTTAGGATGACGCGGGTGCGACGCTGCTTGTGGCTAGCCCGGTGGTCTCCTATGCGAGTGCAGGGGCCGATTCAAGCTTTCCGGCAAACACGGGCAGAAGGAGGACCCGCTAGGACTACATGTATGCAGAATACACGTACTAACTGTTCGTCATTGTCTTATTCCGGGAACGGTGGGAAAGGTTCTAGGGCAAACTAGGCTCCAGATTCCAAGTCTCCGTCGAAGGGAGACTGCACTAGGGTAGAGAACGAAAAGTTTGGTCGAGACCGTTCAGCACTTCGTTAAGAGTCCGAATTTACCTTGTTGGTTCGTTCATTTGAGCCACGGTACCCTTGCGTGCCGAGCGGGTCTAAGG,604,52.48,Escherichia coli
SEQ_905528,CCCCTCCGCACTAAACGAGTTAGAAGGTTTCTGTCGTGCTAACTTCACTCAGATTAAGCGCAAACTAGACTCAATACTCGCGGAGCCGTCAGCCGACGCGCGTACTGGCGTATCGAAGAGCAAGCGATAATTTCAAGTGTATTAACTGTTGAAATTAAAATCAGTGCTATGGTAATGAATGGCTAGGATCCTCGTCCTGTGGTCAATGACTTGATAAGGCCCTGTTGGACTGCTGAGACCGGGGTGCGTGTTCGAACGACGCGACGGTCCGGGGTCTCTCAGCAGCACATGACGGAGTATCTCCTGCTGGTGAGTTGGGAGGTGGAGTTGAAAACGGTTTGATGACGAGCCGCTAACTTTGCTCCCCTCGTACTACGAGGGCGCTTGCTGAAAGCCGATACAGCGTGGAGGCCGCCAGATGGACGAATTATGAACTATCGTTGCAACCACAATTTACTAAGAGTCATGCTCGAAGGCCTGCATTCGTGTAAATTTCGCGTGTTCGTAATACCCGGCCGTTAATGACTCGGTGCAGGCGTGGAATGCGGTAGCCAGCGTTGAGCTAGAATCATTGTCCGACCCCTCAATTCACGAGGCGTCTCCGCGTGAAAGGATGCGCTAACCAGTTCCGGAATTGTGTCGGATTTCACATCGCGTCCTAGGATCGAGGTCGCTGATTTCCGGAGGTCTTTAACTAAGTTTGCAGAAACTGCGGTTCTAAAGCAGGGGAGCATGCAACAGGTACCCGCCTTACACCTTGAAGCCGTGACGATCACGGATTCTGGTCGAGGACAGCTCAGGCTTCACTCATAGAAGGACGGGAACCCACAATGGGGCACCAGGCACCCGAATGTCAATACAAGAAGGGTGCACAAGGGGGTTCGGAGATAATGAACCTCGCCGGTATAAGACTAGAGGGAAGGGTTAGAGGTTAGGTATGGTTTATATGGTAGTCACCCTTTGCCTACGAACCTGTTCATCCTCCCTTCCTGCTTAGGATCTGGATAAGCAGGGCCAGACATACCATCTTGGTTCATTGTCACAGAGCCTTCTGGTCCGTTCTCATACTTGTGTCGAACTTTATAAGCATACCCTCCATATAGTATAATATCCAAATAACTAGTTCACAATCCCTACTCCGTGTTAGTGAAATAGGGCGGTAAAGGGCTGGGCTTCCCGTTACGGGGAGTTGTCCAGCCTGAGGACGGCTTTTCGCACTCATGTCCCACAAGTTACACGCGGACCCACTTCTCGTTCTAAGTCGTTAATAGGGTAAGTTAACTTCGATTCAGTCTATTTATCTCCAAGCGTAATGAACTCCGTTTGATCGCAAGGAATCACATGGGACGCACTCACATCCATTTACTGGCAAGCGACCCACGAAACACGCGTTTTAGTAAGTACGTGAGATCGCAAACGAGCAAAACTGAGGGAGGGTAAGGCTAGGCAGCCCGCGACGGGTGGTGCTCCCGAACAGAGGCCGAGAGCGTTCTGGTTTCTTCGGCCCATAACGCATCCCATGAAACTATTGGAATACTTCCGTGAAGACAGACAAGCTCTGCTATATTATGGGTCAAGATTCGTTGGGGTTAGACGCATGAAAGGTGTCAACAAGACTTCCACCGAGATCGGAGACGGGTCGTAAGAAATGACGGTGTTTACGTGACGCGTCCAAGGCTGGGAAGCAAGTCCTCCGGTACTCGGAAACGATTGGGAGACTGTTGTCTTCAACAATGAATTTTGCACTCGGGCCCGCCGTACATAGCGGGGTGCATACAAGTTACCCGGTAGCATCCCACATGACATACAATCATCCTTCCGCGATATCTAACCCTTACCTTATTTAATTCCGTAAAACTATTCCATGAGTCGGTGCCTCTAGTAGTCTATCCGTACCGGCCGCACGAGCCATTGGC,1916,50.63,Mus musculus
SEQ_649835,GGGCTGCGTGGACTGGGTTTTATACTGGGCGCTAACGTCGCATGATCTCTACATGCTAACCGCCCAATAAAAATCTCGGTAACGGGGCGATGTTACACTCGGGGGACCGAGGGGCTCGTAGTAGATTCTCTACTGCTAGGTGACTCTACCGGGGCTCCTCATAGGGATTGGCTTGTGGGCATGGCTTTCCATCCCGGAAAGGATGCCTTGGTGATATCCCTGTGGTGCGCCCCTCTTACGGCCTGGTCATTCTGTTCTCTCCTCGATGCCACAAGCGCCGCGACTACCGTCCGGGATCTTACAAGCGGCACAACCTCTATGCTGAATTCGAAAACCGATGTTTGATAAGTGAGCTCAGGTCCTACGTGCCTGACGATGGGGTTAATCAGCCTTCGTGCGTACTTGAATTGGATCTAATTTCAGATGCAACCTTATGAGGGCCTGTGCACTTTTGGTAGAGACTTTAGACGTTGCTTTTGGGCGCTCGACCTTAGATGCGTGTCGGCGTCTCGAGAAAGAAAAGGCCACCTCTCTCTCCGCATCAAGGGAACCAACTAAAGAAATAGCGTGTGTAAAGCGAGGCATCTGAAGCATATTACGTAGACGTCCATTAGGTGTTTGATTCGCGAACGCTTCATACCCTCGCGGAACCGTATACCCTCGTGGCGGAAAGATAGGACTAAGGGACTGAGTCGATCACCAGTATCTCTCGGAATCGGCTTCGGATATGCCCTTGCTCCTGCATACGCAAATTAGGACTAATGTCCCAGCAGCGTGCTCATATAATAGGGCGCTCGGCGTGCGATTTAAACTGAGGCCTTCCGTATCAGGAGCAACTTGGGGCAACTCCGCCAAGGCCTGGAGTCCAGAAGAGCGCGGCTCAGCTATCCACTTTTAGACTGACCCGCGACGGGCCTGCACGATCGTCGTAAAGTGGATCGAGAATAAGGGTGAAAACGTCCCGCTGGACCGCTGGAACTAAAACACGGGTGACGGGACCGACCCTCGACGGTACGCCGATCTCCCGGTTTAGCCACTAGTCACATTCTAGGCGTACCCTCTATGTTGCGCCTTAGAACGAATACCACCAGTGAACTGGTGGGAAATGTTACTATGCACTACCGATTGAGCGGAGGCCTAGACTTATGCCCGCCTATTGATGAACGGGCAGCACTACGCCATAAAGTAACAAATATCTGCCCGGACCAAGATATGAAGCCCGCCAGGCTAGCCTCCGACGGCCCTGGGTATAACCGCTTCGGAAGAATGCTTCATGTCGACCCTCGCAGCCACAACGAAGATGGAGAATTGAACAGCCAGCTTATAGTAGATTTTAAACCCGCTGAACTGATCCTACCTCCACGCCTGGGCGGTGATTATTCGGCCCGTAGAATCCCTGCCATATGGGTGGCGCTGACACGTCGACTCCTGCTATTGCTGAAAGTCATCAAGTCGCGAATCCTGCCGTAAAGATTTCTGTGGGACTACCGGGTGATACAACTGCTTGCCACACAGGCGGTCTCCAGCCTAATACTAATCAGCCACCTTCTACATGCACTAGGAAAGGCCTAAAGGAGTCCTCAACGGAGCGAGCGATAGTC,1601,53.09,Escherichia coli
SEQ_876938,AGGTGGAGTCACATCATGAAATGACGTCTGCTCCCAATGCCAGCGGCTCACTTGATGATTCAGGCTGGGGAGTCTATACCTCGCTAGGGGCTCAGTCATTCGTACCCCGTCTCAAAAAAAGTCTAAGCATGACGAATCTGCCGTCAACCTATTGTGCCCCGGTGAATCTAGCACTACCTGCATGCCCGTTCTACCGGCTTCATAGGGCACGTTATTGGGCACATAGTAACAGTGACTGTTGGTTTTTGCTGCCATGAGTGTCAAAAACGACCTTTGGTGTCGCGATGCCAAACAGCAAGCAGTTCTGAGCTTAATAGGAATCGTTCCTGTTAGC,334,50.0,Saccharomyces cerevisiae
SEQ_532943,CCATTACTAGGCCGCATCAGCTTCACGAGCCGACTTGTCGTCCCCCGAGCACAAATTGAGAGCTTTCGCTAGCGTCGGTTCCATCCCCACTTTCAGAGGTTAACTATCATGCCTTGCAAGATTCGGCTGCTGAATGCACTCGAGTTTCGGTACAATGACTCCGTGATATCGTGGCCTAATGAGTCCGAAGGCAACGAGAACTGGCAAGCAGTGTTCTGATACCCTCACCCCCTGCGTTTTTATATAATAAATCTTCCTGAACGCTAAGGAGACGTTATCGGTCCGCAACAGACATTCTGGAGTAATCGTCTTCTTCTGTTATGATATGATCGTAGCCATCAACATATAGTACGAGGTTTAAACCTATTATAATTGCCAATCCGTGAGGACGTACATCGGGTGTCTCGTTTAAGATTGCTATACGGACTGATTGCCGAAGTGGATAATCGTACGAGCACCCAACTTTTCTTGTTGTCGAGAGCAGAGACGGTTAATGGGTACGGAGGCAACAACGAAGCAAAACAGCTTTTCCGGTACTACCAGTTTCCATCGATCCAGAACCAAGCTGAGGAGGGTTTGCACGTCAGCCTATGCACAGCCATAAGCGATCCACCCTTTCCTGTATGTGCCTCATTAGAAAGAATGGTGGTTGACAGACGCATCACATTGATCTCCGGAATCTGAGCCCTTGTTATTCATTTTATGACGGTTACGTGGACACGTCGAAGATAAGTTTAGAACGATTACTTCAAATGAACGCGCACTCCCGCAATCCCTTATTCCTTGGGTATAGTAACCTTTATATAACGATGAACGTCAACCCCGAAGAAATGGCATTTTGCAGGCAACAAAGGGTATGTCAATGGCCAACCTATGTATATCAAGGTTGACTAGATAGGGTGGATGCACGCCTAGATCGTAATCCGGTTATGTTTCCCAGCTCGGGGTGCCGAGCTGAACTCAGTGAAGTGTGTCTTATACCTCACTTTATCGCGCAGTGGAGCGAGGCGAAGATTATCCACATTCTCCTGATGAGCTTTTGTCGCACACGTCAGAGCTTAGACAATTTCCGTAAGGGATATCTTTTTTGTAGGTGAACCTAAGGTTCTTGAGTCGTCCGGGAGTTGGCGCAGATCGAATGCTACCGGTGTAAACATCACTATCGCATCCTGTGCACGAGCGAGTGAAGGATAGGACTGCAATAAAATTGGCGCTCGGCTTAGCCGACCTAATCCGAGCTTCTCGGATTCCG,1252,47.44,Drosophila melanogaster
SEQ_751649,ATGTTGGCCTCGCAGTACGTTTGCTGTCCCGGGGAGGTAGAGGCTGGCCTTTTTCGATAAGGACTACACAAGTTGTGATCTAATGGACCAGGCTCTTGTGGTGTTCAAACCTCAGACATTGAAGCATCACGGTGCCCGCGTCATAACGAGTCCTAATGATTCCTGCGCACTTCCTTCTGAAGTAAGGAATTTTGTCTGTGGTACGGAACTGTTGTGGTCTGTCGTATCGAATATAATCGAAGCTGTGAGGTCCTAGCATTCCCACCACTCTCTTGGACTGACATAACGATTAACGGTCTTCCGTCGTGCCGGAGTGTCCAGTTCGTACGGCTCTACACTTTGTCGGTAGTATGGTCTGAGAATATGCCCTACAAGCTTAAAGAGGTCAGTTACGGGCATGAATTCATGCACAGTTAGCGGCGGTCTGCACGACCTGGGCTCGCGACGGATGGTTGACTCAATTGTAGTTGCGGTCATCGCATGAGTACTATTCCAGATTATCCCGTCCAGAGTTCTGAGATTGTAGACTTGACTTCCGCAGGACCTCCCGAATAAGTGCGAACAGTCTTAAGCTGCTTATTACGAGCTGTCGAGGGCTGGTCGAGTGCGCACGGGGACGATTGCCAGAATTTACACTCTTCACAAATTTAGCGATTAATGACAACCGATGTCGTGCGTTGACACCACAGGAGTGAGCCTGAGTGTGAACACCTGCGGCACCGTGATACTTAGGGTATGTTTTGGGACTTAATTAACGTAGCAAGCAATCTTGCGGCCGAATAACGGGACTAGTTCTAATACCTCACATAGAAGTAACTCGGCTTTGCCACACTAGCGCATGCGGCTGAGCGTTTAGGCATCGAATAAGGTTTGCGACGTAGTAAATAAAATATGCTCCGTATTGTCCATGAACTAGATGAAGGCGCGTAATCGAATTACCGTCGTGAGTACACTACGATCAACGCCCTCAATTGGCCCGGGTCACGTTCCCGTACCTTTGAAAACAATGTCGTCTCGAGAACTCGTGTCAGGAGGCCGCTAACTCACAAGCCTCTTGAGGGGGTAGATACAGACAACGAACGCTGCCCAGTATGTCAATTCTGAATACTCTTGGACTACGAGTTAAAAACTTTACCCGGAGAATCCACTCTATTGAACTTGGCGGATCGAACAATGCCTGTACACATACGTTGTTACGGGCGTTCCGGACGATTTCTTGCATGGATGAACGCCGAATTATGCTCTGAACGGAGCGGATGATTATGTCTCGCAGTAAGGTGATTGCTGGACCAGCCTTTGCCTTCCCTTGGCACGGGATGCAATGCTACCCAAGTCAGCTTTATAGCTCCGTTAGCTTCGCACTTGACTCCTTTCTCGTCTAAAGTCTCCGAAGCATGGATACAATGACACCAGCCGCAGTTCCCCAACTGAGCGGGACAATCTGGTTGGGTCGAAATCTGACTCCTCCAATTGATATAGTCCACCACCCTGCTGAACGTAGGTACGGTGTCCGTTTCATCTTCGCATGTTAGGCCAACGGTGGGTGCGTGCGTGCGAGTCAACGACAAATCGTTTGCTCTTAAACAATCCTACTGCGACGCCTGC,1605,49.66,Mus musculus
SEQ_196567,AAAATATCTCATTCTTTAGTGGTTGCAGTCGAAACACGTCAACAGTGGTTGTGTACGCACTACAGGTACAGCGTAGCCCGTGGCTTGAAGCGAGTCCTAGATCTTACACATCAGGGTTCCAGTCAGTCTTAGCGCCAATGGATAAAGATTTGAGTTGCGACACTCCCATATTAGCGCCGCTAGTTAACCTCAACCCTCAGATGTATGCGCGTTTCTAACAACTGACCCGACCAGTTTAAACACGCGGGAATTATCGGTACCCGTTTCTAAGTTAGCAGACAACCTGGTATAGGAGGATTGCGCATAAGTGATGCGTTAATATTGGTCCACCGCGCGGACCAGAAAGAATGAAAGGGTCTTGGCAGGAATGTCCCAAACACGCTTAGGCGTCTAGTTCGGGTCACTAAATTAACTGGATAATTGCACGGAGCTGGCCTTAAGTAGTTTCGCATTGACTGATCGCTGTGGGGAGAGGTGTTGTGAAGCTTTTTGGCTTCAACTTTTGTGGGTATATATCGTTAGATAGGTACGCTCTCTACCGCGACAGCAGGTGGAAACCTACGGGCAGCAATGACAAGGGGGAAGCAAGGTATTACCAGAGAGCGCACGGTTTAAGACTTACTTCCTGACTCGGCTTCTGTCTTCCGGAGAGCCCGCCTTGAGCCATTATAATAGACAATGCGGAGCCTCTCCCACCCGAGGCTCATGGTGCAATCGCGACAAGCCCTATGAGGCTGATAATACATTCGCAACTCTAGAGCACAATGGGTCATGCCAACTCCTTAGGACTGATGTTATACCCCACCTTGAATGCCTTGCACAGGATCGGTGAGTTGGGCACAACTTGAATAACCTTGAGGAGATGATTCGTGTACCTGGTAATACCGCATCTGTTCGTGTAGGTGCTCTGGGCAACGACCTGCGTTAACCCGTGAT,936,49.15,Saccharomyces cerevisiae
SEQ_721619,ACCTGTCTTATGACCTGAATGCAGGATTCTGACTTGTGATTTCCCGCATCCTACGTAACCGACGAAGTGCAATTACGCCGAGGAAGTGGCCTCTAATCTGATACAATTACGTTGGGCAGCATAGGGGACTGGCATGTCCACGTGCAGCCAGGATTGGGCGCGTAGCCATCAAAGTCGAGTAGGGTTCACACTTTGACTAGAATCGTCGCTCCACGCAATGCGTTATCTATCCCGATCCACGGTTGCAGACTTGTATCAGGCGATAGCGCCGACATCTCCCATAGCGTGGTACTAGTATGGGCTCCAAGTATCATTACTCATTTATATGTATTAACATGTACGACTCGCGATCGCACATAGCTGTCCTAGTGGTTTCGAGCTAAAACAT,388,48.97,Caenorhabditis elegans
SEQ_407501,AATCCGAGAAAAAGGTGCATGGGCTCTACTTCCTGACATTACCGATATTCCAACAATGCGAGGCACGTGACCAAACGGATAAGCTCGCTAGTCCGCCCGAAGACGGGTAG,110,51.82,Caenorhabditis elegans
SEQ_235859,AATTCCTCCATGAAAAGGTGGTCAACTTACAGCTGTTCTGCACTGCGCCCTACACAGCCATGTACCTTGAATACGCTGCACCTGACTACGAACCCAACAACCTGTCTCATGAGGAGGTGTTGTCATGGCGTACACACTAACTAAGCAGTATCCACCAAAGTCCACGGCTTTAGCAATACCGGAGGGCGCGTCGTTAGGAAGGGCTAGGCTCCACTAAGCGTTAAAGATGAACAATTGCGCCTTTTTTGTCGACACCAGAGTAGACTCCGAATTGCGTAAAAGCTGAATCGATAGTCATAGTTTCGGCTAAAATCCGATGAGCCGCGGACAAACTTGATATAGATAATAGGCCCCATGCGAAATGATGGATTACGAATAAGTCGCTCCACGAGACCCTAACTGCACGCTTGCAGCTCGGGGGCGAGCATAGCTAAGCCTCATATGTACAGTCTCACAAGCAAACGCAAAAAGGCCCACGAACGAGAATAGTGAGACCTTTAACCGGATCTTTGGTAGCTTTCCTAGGGGACTAGGACATACTAGGTCCAACAGCCCACGTATGATGACGTATATACCCGCTCTCAGAGGCATTCAAGTGGTACCGTAGTGAGGGAAGCCGGCATACCTATTAAGAGGTCTGGTGTACGATTGCCCCCTCCACTTTTGAAGTCTCTTCCGCCCATTCTGGCTAACATTCTCGGGTGATTGTACATCACAGGCTGGATATATCTTCTGCTGCGTTCACACACTAAGATTTGTCGTACCCGCGAACCTGCGGTCGCCTTCTGATCGCTCACCCGGTATACTATCTCATCGACAATTCCCAGACAGCAATAATTCGCTACACAGGGAGCATATGATGTTAGTAGAGGTTAGGGAAACCCTCCCGGTTAACATCGATATTAACCATTCGGTAAAGACCCGCTCTATATCTTGTCCGATTATCTTGCTACCTAGGAGCGGCCCATCCTAAGCAGTTGCGAGCCGTAATCATGCGGGCGCAGGTATACTGGAGGCTTTCAGCTCCGCCCGTGGCATGGGCGACAGATACGTCTAAAACCCAGGTTTGCTTAGGTGTGGGGACATTTAAAGATTGCTAAGCTGGACGCCATCACCCCGCAGTGATGTTCGTGGGGCTAGACATTTCACGTACGGAATTATCCCGTCTTCTATCACACCTATCTATCACCGCAACAGGGTTTACTCTCAGATCAGTCAGCCATGTCCGACACCCCACCGATAGAAGTGTGGACTAGCGCTGCCCTAGTGGTGGGCGTGCGGGAGTTTGCTACTCCGCACATAAAGCGTTGAATAGAGCAGCCCCCTCACTCAGAGACGTGTCGCAATCAAAGTTGTGATTAAGCGCGTAGATGGACCATTAAAGCGTCGACTAGACTGCCCTCACTATTATTTAAATTATCCAGATACAATCTGTCTCGAGACCAGAATATCAGATTGTTAGGGAAAAGTCATGCACTGGAGCAATTTGTGGCACGTTACGATCTATAGTGTGTGGCGTGATCAGTTGGCTGACCCGAACCAACACTCATCGATGAGCGCATGATTATTCCAGTAACATCACTAGAGTAATCGGTGCGCTTCCGAT,1606,49.32,Mus musculus
SEQ_437625,GAGATTTATTTGGCTTTGTCGGATAGCCGCCATTGTTTCCTTCGGCAACAATGCACCGACTTCGCGTTGACCACTCTTCCACGTCACCCGCTGAAGGGCGATAATTTTCGCGCTTTACGCCTTTAAACACGTTCCACGGTGTCTCAATGTCTTGTTACCAGCCGGGCGGATTGTTACGCGAAATACTATCAGGCCCGTCACGATCGGTCATTAACTTACGAGTAACCGCGGTTTTGTCATTCTTCCGTTCTCAGCGGTAGACTATCGACTCCCCTCACCCTAATTCGCATTCGTTGCCATAACCCACATCGTGTTACTTATATTTACGTCCTGCGGGGGGCACGGAAACCATTCCCATACGACCTGAGATCGGAAGAAAAATGTCTTCCTGGTCACGCTGGTCCTAGCTGCTAGGCTCTACAATGTAATCATGTGATTAGACTGCTCTGCTAAGGGCCCTTAGACGGCTGACCTAAGAACGTCATTCCAAGTGGCGCCATCTTTATCTCCATCGGATACCCGTCTTGCCTGTAGCTCTAATCTCCTTGTCGAACGTTCGGGATGTACAATAACGTAACTGAGCTATCTATTTATCGAACGCGCAGTGGCGACCTAGACATAAAGCTGGTCACAGGGCACTTATTGCTCGCGCTTTTTTCCTAGCGCCGCGGTTCAGGTCGGTCATTTACGAACGCAGCTCGGCTCCTGCTTATCCCATCAATACGTGTTAAACACGCCGGGTAAGCGCGACAAAAGGGTAATTCCCAGCTCCTAACGCAAATAGATAGGAGTGCACCTGTCTATTAGAGCATTTAACTAGTCGCCGGAGCCCAAGATATGGCAACGAGGACAGCCGAGGTCTCGCAAACCATTCAACTCCTGCTGACTCTCGTGTCCACTGGACGCTCGCGAATTTCCTATAATATGACTGGCAAGAGTAACGCGAGAGAGTCGCTTTGATAAGGCTGTAGTGGTAAGGCTTAGTAGGGCGCTGAAGGTAGGTTTAAGCAACGATACCTTAAATCTATAGTTAATATTATCACAAATCAGGCTTCGACCAAATGAGAAAATAGGGCGGGGCCATTGCACGTGTGGCGGACAGGTACTCTTAGATCTAACGATCGTAACACGTAAGCACTATGATTGTGCAGTTCCGGGCATCCGTAAGGGCAGACATGTTGCTTTAGGCCTATTTATTGATTCTATTATCCATCAGGGCTGTAATAGTATCACATCAGCACTTACCCATTGAGGGCGTACAATGATTAGCCAACCTATGGTGCAGCGGCAGGACCAGATCTTTGAGAGTTAGTGTGTAACCCAGAAAGTCAAGTGAACATGTTGTGATCTGCCTCTTGCACGAATTTCATTCGGTAGTAGTTTTGAGTTAGGAGCAGTGTGCCGGCACTCGCGCCCAGTTCGCCCCCCTAGGATTTGCATTAATAGGTTCACTGTCGTTTAAACGGCTGGTGCCAAACTACGCTTAAGGTTGAGCTGTAGAGAAGGGCGCTAATTGCCGAAGAGAAGGACTGAAAATGGCGACACAGCATGGGCACTTAAGGTCCTCCGATGTGGCGGCCAAGTCCTTCGCGCAATATGGATGAGGCGCACAACGCCCCCATCCAGGTCGATAGATGTTGAAATGAAGGTACGCACACCCATACCTCCTGCCCAGATATGTCGCGAAGGACCTACCGTATGCTGACTACCGTGAGTCACCAAGGCGGTGTGTAGATCAAGGTATTCCCGCTTGCGCCTACGTTTAGTCTTTTG,1773,49.52,Drosophila melanogaster
SEQ_315329,ACTGTTGAATTGTCCATTAAGACGCGATGTCATCGCTTAGAGGAACGGAGACATAAATCAAATACAAGAGTCGGTCCGCGATCGGCAGGAACGTAAACCTTCGCCACGCCATAAGGAAATGGAGTAGGTAGTTGATCTTTGTTTAGTCAAGACGATAGGACCTGACGGG,169,46.75,Arabidopsis thaliana
SEQ_381210,GATTGGCCTCATGCGGTAGAGTGAGACGCTACGTCCAGGTCCCGGGCATGTCTGTTCATGCCGTATCAGAGCTGGAGCTTGGCGCTACCTTCCTCCTCGCTTCAGACCCGGCCTCTTGACGCTGGTCTGGGCCCATGAGAACGCTATAGCCCAGACAATCTTAAACGAGGGCAAGTAGTTGAGACGTCCTCTCTACCAGAATTCTGTGCAAGAAGCTAGCTTGGATACCCACATTAATCGAGTGCGTCGTTCTACACGGGAGTCACCTCACCGAGGGCGGGGTTTGCAGTCAACGATTTTTGCAAACCATACCCTTAGGATACACGGTGCGATCCGGGAATTAAGTCTTACCATCCTGAGCGAACCCTTGCGCAACTATGATCCAGGAGAGTGCCGAGCCAAATTAAGGTGAGCTACCATGAATACCTGGAATACGTCCCGTACTAGTTCCGCGCGCGCGTTTCGGAAAGCACCGAGATGGAACCTCGAAACGGACTGCACCCCGAGCAGACCGGGAGCCCAGGAACACTAATGATAAACACGTTCTCCCAGGAGTGGGTACTAGGTGGGATGTGCCCAGTTGTCATCCTAGGTGTCTTCAAACGCGATACGCAGAATGCGACACTGTAACCCGCATACGTTGTTCAGTCTACGTTGAGAACCACATTACTGATATGGGGCCGAAGTACCTTAGCGACAATCTCGCTTTCAAGCGAGTTTCGGCTGCTACGCGCTAAGTTATCTGGGTACGCAAATATAAAATGCAGCTCATCAGCGATACCTCTATAACTGTTACAAATCTT,803,52.05,Escherichia coli
SEQ_739139,GCCGTGCATTGCAATAATCCGCGAATCACAACTAGCCAAACTTCCGGTCCGTTTCGTCGAAGTCCGGAGCGTCTGGGTATGTTTGAACGTAATGTT,96,50.0,Saccharomyces cerevisiae
SEQ_768101,GGGTGAGTCGGCTCCGGTCACCCCGGTACAAGTTCTTGTCCGTTCGTGTACCTTCCCCCCCACCTCAGCCGAACGGAACTGTTAATAGCGGGACTAGACGCGCACCTCTACGGGACCTTGATGTTTCAGGACTCGTTCTTAAGAGGTCGGCATGCACTATAGCTACGTCCCTTCGCAATGAGGCTGATCTTCTGCGCATCATACCCTACACTCTTCAAATGACTACACGGGCCCGGCACCATAGCGACGAATAGTGCCTGAAACACCAAACATCTAGCTGTGTTCAGAAGAGTTTGTATTCGAGCTCGAAACGATATCCTCCGAACATTACAAGCTAGAACCGAGCATGGATAGTCTTTTGTAGGGAAGGGCGCAAGCGAGGAAATGCGATTCTTGTGCCTGGACCTGCTACTAGAGTCGTTGCGTTAACGTCAGCACATGCCTAGAAAGGAGCCTCCTGTTTTAGAGTTTTGTACAATGGAGCGATGCGACCATCGCTAGCGGAACATGGACAGCGACTCGCGTCCAGCGACACGGACAAGGGCCAACGCTTGTGGAGGTCCTGTCGGCAGATACTCCGATTAAACTAGTTTTTCGGCACTGATTTCCTGATGAGCTTTCGTACGCGAAGTATTCATTCTTGAAGCGCACGGTGGGCCGGATTTCCGAAGGAGGGCGCCCTCACTTGTCGAATTGAGTCCTGAGGACAAGTACCGAATCGCGAGCAGGTACGCGGCGGTACAATCAATAAGGCCCGGGAAGTTTTTATTGCGGTCATCGGTCATAATCTCTGTGGGCGCCAAAGCACGAGATATGGCGCACGAATGCCCCTTGTCCATCACTGGGAGCGGATATGTACTACAAAGTAATGCGCAACACGCCGGATACTTTTCCAGGCACGAGACGGGGGAATAAGATGTGACCCTCCGACAAGATTAGACGCAAACTGGGCACAGCTTTTAGCCCGTGCCCTTATTACGATAAAGTCTGAAGAAAAAAACTGTATTCGCGACCAGAAGAACTGTAGTAACCATCGCTCCGGGAAAGTGAGGACGTTGAGTAATTCCGTACTTACCCGTCCATGGCCAACAAACTATATCCTGTGAATGGTGATGAAGCGATGCTTCGCTATGGGTCTGCAGTCTAGTGAACGTGGACCAAAATAGAGTGGATGTATCGCATCAACAATGTCATGATCGGGCGTGTTGGCCTGGCAATTCTCTACGAAGAAATATCTCTAACTGTCGCTTTCGGCCTAAGGGTTGCATAATTAGTTCTGGTACGCAAGTATAGTACATATAACCTTGGTACAAGCCGTT,1319,50.57,Homo sapiens
SEQ_287189,ACAACAAAGCAGCGCCAGTGTGTGGGAATAAGGATGGATTAAGCGATCACTAGTCAAATACGCATTGCCCTCGAGGGATGCTGAACTCTAAGCAATCGTCACGATACTATGGCGGTTGTTTATCTGCGCGATGTGCTCCTCTTCGGTAATCACGTACCTAATCAAACTAGCCGACAATAGCCACAACATAGGTATAGTGTCAAGGTCCCATGGCGGCGGAACCCCGGGCATTGCTACGAAAGCGAATACGACAAGGATCGAGATGACACCCTGCTAGATGACCACTAATGTCATTCCGCCGATGAATTACGAGTCGTGAGAAGATTAGTCAACCGGCCTGCGTGGATTAACTATCATGGCGGTCACCCCTCATTGATCTACGCTAGTCGGCCGCCCACGTGAAAGACGGGTCGCTACTGTTAGTCCACTGCTGTCCACACGTAAGTTGCGCGGACGGCGCTATGACTCTGCCCGGAGACGTAGGACAGGTTGATCAAACGCGTGCCAGGAGGAGTTCGGGGTCTTAGTATTATGATTCCGTCCGTGTATCAGCGATTTAACGAGATAAATAGTGTGAACGAGATACAGAAGATTTGTATTCCAGCCTTTTACGGGAACTGAGAGCGGCAGCGTCTTTAAGCCGAATCCAAAGCCCATTGTGCATTTCAACAGTAATTAAGCCTAATCTTGAAATCTTAATCGCTTCACGAAGGCGCATATAGTTCGCATCATTCTAGTATTGAGTCCCTATTGGCCTCACACGTTCTCCGATCGAAAAGTGGTTTACCCTTCCCCGTCCTCGAGCGAGTGTTCAACAGGAGCATCTTCACCGTATGCCCTACGCTTTCAACAAAATGTGCTTTGTCGCGAATGCGATAGATACACAGCATCTGTGCTCA,899,49.17,Drosophila melanogaster
SEQ_354217,TTGAGAAGAAGTTAAAAAATATAAGAGTACGAGGATTAAAAGTCGAAGTATGGCGATGAACTACTACAACCAAGCGGGAGAGGTGAGAGGATTGTACGTCCCGCTTTTAGATGAGCCTGTCGATGCCCGCTATTCTTACTGTTATGTCCCCTTCCTTTGGCAGCGCCATCAGCGCCCCTGAAACAGTACTCCATATGGTCAACGTGAAAGCATTGAACAACCAGTACTGGCTATTTTTCGACATGAAGCCGAAGTAACACGCACGGCAGATCAAGCTTCGTACGCTGTAGCCTGTTTTCCGCCTTACCAACGAGTTTCCCTCTGGCCACTACCTGACCAAAGGAAGAGCATAGGCATCTTGCTACGAAAGTACGACAAATAGGGTATACTCACACGGAATCATTCCACCGGGAGGCTCTCTCACTACAAATAGCGAGAAAACACGTCAGACCGCGCCCTTTGACATGAGGAGTTTGGCCCGGCTACCACTTCCCATAACATGGCCTTCGCTGACCCGTGAGGGAAAGGCTTTACTGCTTGATTGACCCTCGCCTCACGTGTACTCTATTGTTGCCTACAGTACACACTTAGGGGGTTTTTGTTCTCTTTGCTCTCCGTAAGAGGATCTCAAGTGTCAGACAGGAACCGGAGCCAGGAAGGTGACGTAACGCTTCGTGATTACTTCGCCTCTTCACAATGTCATTCTCTTTAATAAGTCCTGAATGACTGCAGGTACGAGCTCGCGGGGCCACCACGAGCATATTATAGTTAATGGGGCATCGGCGGGTATTTTGCTGTGCTAGTCTGACCAATCAGCTGTGCGCATTACGGAGAACGTTTGCGACCGTGGCAGCCACTCAAGTTCATCTCACGCAGCACCGCAACAGGCACCCTTCTTGCAGTGGGAACTACAGGCCACTACCTGCAGTGCCTACACGTTCGAGTTTCCGAAAAATAACTCCGTGAATGTGATATGGTTGAGTGCTTCGCCAATGACATAAATGCTACCATCTGACGGAATATGCGCCATGTACACCAACAAACTTTCCAGGACTTGCATGGCTAACAATCAAGACCCAGATCTCTCCCGGGCGGTGGTTAAGGCATAGCCGCAAACTTTAGAATTATGGAACGTCGGCAGACCCATCACCGGGGGACGGGAAGGACATGCAAGGATGGTAATATTCTCCGGGAGGCTCCGTGCATGAGGTGGCCAGGAGCGTAAATCCGTGGGGTATCCTATAACGGTAACTTACAAGTTTAGACTAGAAGCTCGGACGAGGACTACGCTCTGTTATCAACGTTCGGCAGGCGGGATTTGAGGAGGGAGTCGAGAAATCGCCATCTGCCAGACTAAAGGAAGATCTTATCCGACATGTTTTCAAAGGTACCTGATGAACTGGTTCGCTGAAAATCTCACGTAGGACGAAGGTTAAAACGGTTGAACCTTTCACAACTCAAACTCAGCTGAGATTTCTGCTTCTGAGCGTTCTTGCACAAGACTCGTCCCGGTGAGAATGGTTTCCGCTGATTGGAAATAGTTCGAACAACCCCCCTCAGCCGAATGGAAATCAAAGTCAAGGAAACTCAGGACGCGTCTACCGGTCAATTACTCCTTCTGCCGGATATCGTCTTTATTATTTTACGCGCTAAATGATTCTTAAAGCGTACTAACAGATCCGGCTTGGAATGTTTGAAGGAACCAAGGAGGCAACAGGTGTTACGCAACGTACCTTTAATGCTTCCTGTGACGATTGAACGGTAGCATTGCTTTCGTAGGCTCTGGGGGATGGGACTGATGCCCGGGGGTCTCTCATTGCGACAAGGTGATGCAACGGTGTGATCACGGACTGCTCTGAACCATGAAATTGAGCAGCTGTCTCATCGGGGCAGTACT,1897,49.45,Caenorhabditis elegans
SEQ_351721,GTACCAACCATAGTCTCCGGAAGTTTGCTCAGTGTTTAGTCACACCGTCTCGGCCACTTTTTCGAGTTCACAACGACAGGATCGGAGACGATCGATTTTCTGTCTCGGCAGTTAGTGCCAGTTGCGAACCC,131,51.15,Escherichia coli
SEQ_639588,AGCCTCGAGAGCTAGGGTGGTCCTATCCCATTTCATCGCGTGCGTTCTCATCCAATATTCTGATGGTAAACGGTCGAGGAAGTTATGATACGATTTGGCAGTCTAGTTACACTTATGTGTTGCACTATAAAACGGAGCAGGAGGAATTCGATGTCATTAGTAGTTGTAAATGTCGCATTTACGACTCCGCTAGGGATCCGAGATGATTGTGGGTCTCCTCACTGGAAAAAGCCTTTAGGTTTCTAGATAACGTAGTACTTCATGTACGCGCGGCGGCTCCTAAACCGAACGTCCGCCAGCCGGCAGTGATCCACAACCATGCTGAACAAGAGGTATTCGAAGCACTGAAATTAAGGTGCAGCCCGCTGCTTCCGTATCCTGCTGCTTGCGGTGAAACTGGACCGACATACGTTAGAGCATGGAGCTGGTACCGGGAAGCATCTTGGAAGCGACGCAACTCAGTTTATAGAGGTGGGTTGCATCACGTCTCATTTAGGTTTCGTCAACCGGTCCTTTTAGGCCTCTCCGTCTAAAGGTCCCATTTAGTCTTCTCCTTGTCGAGTTTGGAACAAGAAGAATATCGTGCGAAACTTAGCGTGAAGGTGCCTAGAGCCACCATGTATCCTGTGCGCTATTGACTCGACATGTTTTTTTTTACGATTACTTCGCTCCGCTAAACGAGTGATCGCCCCGTCGTTA,699,48.5,Escherichia coli
SEQ_491448,ACCAACCCTAGCGGTTCCATGTATACAACATTACATACCCTAAATGCGGCCCGAGATCTCTCGTAGGCGATCAGCCGGTGAAACCCCAAGAACGATTATCACTCTGGTTTGGTTGAGAGACTGAGAATGCGACGGAGTCTGGTTTGAAGCATCGACTTACTATTTGACCGTCGACCCGGTTCCGATTATCCCCTTTCAGAGTGTAAGCCTACTCACACTACGCATAGTAAGGGGAACCGCCTTCCTCGGATTTAAGCCGGTCGGTCTTTTTAAGAGCGGTATCTCCAATAAAAGCAGGACCCGCCCGCACAATCGAATGGTCATCTCGCCCAGCCATAACATCTTTCTTCGGAGTGTCGTGTGAGCCGTGTCTACGCAGGCCTGTCGTCAGATTCATTAAAGTAGGCGACATGAACGACGCTTTGTAAGGCTCAGTTCGCACACGGTCTGACTAATCCCTGTGTATAATCCTTTTCGATTCTTAGCCGCGGGAAGTGACGCCCACGTAGCTTTTCAGTAGAATTATAGGAAGGAACGTCGTACATCAACGCATTACCAATCCGTGGATCTTTAGTGCGCGTCAGATTCCGATGATCAAGAGAACTACCCTGTGATGTGCGGCGCGTAAGACAAATACATGTTTGTAATCCTTCCGGTGGAGAAACAAATTCAAAGGTTCCGTAGTGTTCAAACCGGACACGAGGTGCCAAGGGCAGATAAATATTTGGGTGAACTAGCAGGTTGCGTGCACTTTTATGGACTTCGAAGATACAGGTCTGTTTCTCCTCGGTCATAATAGATGTCAGGCTTCGTACGGACGTCCAAGTCTCGCGACCGTGCCAGAGTTTGGGTTATCCGCTTCCAAGGAGAGAAGACGGTCGCATAGACGCACTTCTTGCAATTCAAGGCAGACGGTCGTCGATTCCTACAGAAAAATCTTCAATTTTATAGTGAGAGCGCGCGGGATAGTGCACGGTCCATCTGCCCACGGTAGTATCACGTATGCCGAAGCGCCGCACATGAGTGCAGTTTTTCTGAGCACCTACAGGTAGGGCAGCGAGCGGAGGACTCGAGGCTTCCCATTTCCCACTTAAAGAGATCTCTGACTGCAGTTGGCGTTTACCTAGCTTAGTGTCTGTTTTCACCAAGCCCTACTAAGTGTATCGTCAGCTCGATCGAGGCCTACTCACGTCTAACGGATGTTCTAGTATAGACTGCTGAACAGAACCAGGTTAGGAAAAGCCTGACTTAGAGCAGCAAAACACGTCTCCCGACTTACCTGACGAGATTCTTGCTTCAGTTCAAAAATTTTCGATCGAAGGACCGGCGTACC,1333,49.44,Caenorhabditis elegans
SEQ_160124,CTTTTTTCTTGCGGGCCTATCTCGTCAACGAGAGCCGCGACTTTAAGCACTCTCTTACGGCCCGTACTTAATGAATTCTTCACTGGAAGGGTAGCTTTGAGGGACGCCTACCGTCGGGTCCAAGTGTTTCATGACATTCATCCAGCGAAGGAGAACTCACCGTTGCAATGGAATGTACACGCAATAAGGGGTTGAAGAAGAAGATCTACCGAAGCGGCGTTCACGGTCATGAGACCGCGATTGATACACGCCTGCTCGCATAATGTCAGTAGCGCCCGGGATCATACCGCTAGAAGAGAATAGCCATGCCACCATCACATCTCGGTTTGGAGTAGGGACAGCATGACACGGCGGTCTGCGCTTCCATATTGCTGATCAACCCGTACAGTAGCACTTCAAGCACGAGTCATCCCACGGCGTGATAAGGCATACTACTTTAGTAAGTATCTACGTTCGTTGACAGCCACGCGCATGCTATGGCGGACCCGCGAATGAGGCTGGGCAGGTAGAGTCAAAGCCATACCAACGACGGTATCCAACTACTCAAATACGTAGTTGGCAGCACACCCATCTCGGTTATCGCTTCCTAGCTTGCGTCCCGAGTCCTTGCAGCGAGGCACGCGATGGCCGCAGAGACAACACGTAATCGATCGATTATAGACGTAGGGCCCTGTGAACAACCTCCTACTGTCACTGTTGGCGCTTCGTATTGCGAAGAGGCCCAGAGTGTAGGATGGGATACTAACCCTCGCGGCATATTATGGGCTCACCGCTCATTAACAAGTGGTGTCCAGTTACGAATATGAAGGAGTCCTCTGGTACACGACGACTGGTCAAAGTTTACATCCTTCAAGCTCAGCACTGAAGAATGCGCGCATATCTGATTGGGGATAATGGAGAGCCCAGTCACACGAAGTCACTCAAGCTGGGCAGCCAGTCTCAAGCAGGAATATGCTGAAGCGCCCGATATGGGCACAGCAGCGAGTGTGTCTCCTAGAACTTAGTCTATTCGC,1013,52.02,Homo sapiens
SEQ_327663,CAGCACACGATGCCCATGGTGCACGGTGCAATAGTGCTATTCTAGAACGTAAGGACTCCACGCGCGCGGTTAGTTGACCCAACGCCAGATTGGATTTTGTGGGGATCACCCTTAGAGTTGGACGCTTTTTATTGATCAGCACGTGCGCTGACGAAGGTTACATGATCTGAAAGCATCGCGTACGGACTAATTAAGCCGCTGCAGGGTTCAACGCTTGCTGTCAAGTTCACGATTGGCCTATCCTGGTCTGGGCCGGCAGGGCACGAAGAGGGGAGCTGACAACACGGGACCTCGCAGGTCTGAGAATTAGAGCTGCAAAGGTTTAGATTTGCGCCCGGGCTCGGAGGAGGCTAAATTAGGTTCAAAGGCGACCGTTAGCGCGAGGCGTTTTACAATTGAATCCATCATTAGTTGTAAAACACCCGACTTAAGCGTGGTTCACCGCATTGCGTTACCGTGTTCCCGGAAGCGGTCACGCACTGACTAACCGCGGGTTATTCGTGCCTTCCGATTGTCGTAACGTCTTATAGTTTTGTATTATCGGATGTCCCATGTCATATAAATTTACCCTTTAGGGGCTCATCACATTCATTTACCCCTTAATCTGCCTTAGATACAGGAACATTCGTTAATGACTTGTCGGTAGGTGATAGACGCTCTCAGTATGGTTTGATTAAGGCGCGCCCTGCCGATTGCCCCGACAGGATGGCTAATGCGCACGGCTTTGTGGTAGCCATTATTAGGGTCGGGGCCTCAACCAGACAGTTGAGTGCAAGCCGTCATTCCCTGGATCGTCCAACACCGTGTAGCAAATCGGTTCGGCGTTCAGGCAGGGAGAGACAACAGTAACCCTCGGAAAACTATGTATCAGGTAAAAAATTTTGAGGTGTCAGGATCTGGCGTGTGCTCAGACTGTGAGCAGACCATGGGCAGCACCGATGCGAACTACCATGGTAGCACACTTCAGTTTCTAATTCTGATTTCCGAACCGCGCTGCACGCTCCAGGAGCCGAAGCACGTCTAAAGTATCTCGATTAACGAATTATGCGGCACACCTGGGGGAGGGCACCCGACTACTACCGAATTATGGTTCTTAGAAGATCATCAGGTCGAGTATATGTACTCCGATTGTGAACCAGTGTTGTCAGATGGAGATAACGAACGGGCTTGCCTACATTCCGAGTGTCGGTGGTGGTCTAGCGGTCTGTTTCATCCGGCATGGTCCGATTTTATGAATGGACGGCACTGTTGTAGTACATATCCAACAAGTAATAGCGGGGTAGGGATTTGTAGTCTACCAGTTCCGATTGTGAGCTGTTCCCAGGGGGACCGTAGCGAGTGAGGGGGCTAGCGTGCTGTCGCTCCCCCTATTAACCAATGTAGAGGATTCTTGACCACTTGATTTACCTAAGGTGCGGGATGCCGCATTGCACTGACGCCGAGCTCAAGCATATTGGTCGTGATTGCAGGTGAACCGCTGGACACCCCCCAGGAGGTCTTTTGAGTCGCTATGGACGAGGCAAAGAGCCTCTGGGCATAATCGCCCTATAAAGCTGTTAACCCATTCGCTCAACTGGGCATTAGGCCCGTATAGTCTCTGCAATTCCATAATTGCTGTAAAAGCACTCGCCAATATAACTAACGACTTACCCCGAAT,1657,50.81,Saccharomyces cerevisiae
SEQ_844677,AATGAAATTCCATCGACCTACACCCGGGCAGAAGGCGGGAATTATTGCGCTTGCAATCGTTGCCGGATGGAAAAACTATCACATCACAACAAGTGTGCCGCGAGACGTCCAAGTCCTCGCAGGTTAACCATTTTTCCTTACGGGGATGCATCCTAAGAGAGGACAATGTCCTACA,175,49.14,Saccharomyces cerevisiae
SEQ_113487,CCCCGGGGAAGGAATCGTCTTACCCTGCCCCCACGGCAGCCGGCATCTTAGAGGGTCGGTTCTAACCCTCTGATTCAGGCTATGCACAGAAGCCCAGCTTATTCCGTGAAGAGGTTAACTCATGTACGAACTGATGTCGTGCGGGGGGCGAGGGGGGTACTCCTTCCAATTCTGGACGCGACACTGGGTATTAATTTTCCCAGGGCAGTGCTTCATTAGTTTTACATCCACGATTGATGGATCCCTCAACCCGTCCCCGGGGAGCGTGCAGGGTACCTCACGGTGCGGGTCCGACTAAAGCTCTATTTTAGATGGAGGGCGTACATGGTCAACGTAGACTCCGGGGACCCTCGTATCATAAGGCGACGATTGCTGGGTCAATAAGGTGGTTCACGGAAATTTACCAGCTGCTGTCTACGAATACTGACCGTTGTCACTGCGGTACATCCGTTTAGTGAGCGTAGTTTCTAAGTCAGTACCGATGCTCCCCGGATGTTGACCCGGCAGATGTGGAAATACTCACGTCGAGGCTAACCATTATATATCCCAGAAAGAACAAGATGATCAATCGTTGACAGCAATGCTACTAACATACCATCGTTCTATAATTGCGTTGTACTGGTGAGCAGGATGACGGTTCTTTTGGTGCGTATGGACTGACAAGGTGTTAACCGCCTCTTTCGGTCACCCCTTGCACGGTGATATGCGTCGACGCTGTTAACGGTCATATACGATAGATGTTTCAGGATTAATGGGATAAACCGATTTAGTTTCGGTTGATGCCCATTTGGTAATTGGTCGCTTAGGTATCCGTTTTAAGTACAGCACTTTTTGGTCACTCCCGATATGGTACGACGAGGTCTGTTGCGCAGGGACACCGCTTACTCGATCTCATTGAAGGAAACCTCCCTCCATACATAAAACAAAGATAACGCTATAATGGAAATGTCCAATGTTCGCAGTTTCGATCCCGAGGTCCTCCTTAAGCATATTTACTTTATAAGGAGGATAGCGTGTTCAAGACTAGGCCGGTACAGAGTTGCCAGTGGTACTCGACTCTTGTTACTCTCTGCTCCACAAATCTCGCAGGGTGTGAAATCCAGTACACAGTAGTATATCATACTGAGCGAGGACACGTCGCCCCTCTTCCGAACTTGGTCAGTCCGGGCACTGTCGCTGGACCCTGTAGCAACTGACCTTGCAAGCCAGACCAGGCCGCATTTTGTTACAGCCGAAGTAGGATGGGTTTCATAAACAAGCATGGAGATATGTAATCGAAACCTATGTGGCCACCTGAGCATGTGGGCGATTTCTCGCGAGCCAGTCCCCCGAGGCATAGCCGTATGCACTTGATTGCTTGATGGGTAGTTCCAGGCTCCTTTTAGCAGCATATCCCCTAGCCTCCCGCTCTAAGCATAGCTGGCAACAAAATGAGTTGACCGAAAAGTCCACAAGCCCATCTTGCACTTTCGCCGGTCTCTTTTTCGACCGACTGCCCCGGAATTCCTTGCAGGTCCTCCGCGAACACCGAATAGAGTTACTACCCATACCAGCCAGCTTGGCTTGGGTACGGACAATTATGTGCGCCGTCGTGTGAACGAAATTAGTGGCGGGAGCCCGAACATCACGCGTTGGCCCCGATCCAGTGGTTAACGTCCTTGTCCGCAAGGGACGGTGAGATTATCTCTCGTTGCTCCCACGATATTAATAGCAGCGAGTTTGTCGATGCCCGGCAGACTTGTCTTTTATCCGGATGCTGTCGATGACAGGTGCCGGGTGAGGAAATCCGAATAATTTCCCAGCCCAGCCCTCTAC,1815,50.91,Saccharomyces cerevisiae
SEQ_222554,TTTATTGACGGAGAACAGTGGTTGTAGCGTAACGGGACGGTCCCGCCCGTTTGGGAACGGGAACTGTCAATTTGTAAAGTGTCCGACCTCTTACCCTGAAGTTCCGTTTCCGGGGCGGAGTCAAGTCGACCGGAGCGAGATGTCGGAGTTGCCGTTACAATTGGTCTCGTTTTCCGGTATAAGGGCGCGCCCCCTCTGTGGACATGCTTGACTGGCATCTCAAGTATGAAATTAATTTTGGCCTCGAACATCCCTAGTTCCTCTACAATGAACCACAATATTTGTGTGATGGTCGAATTTTCTACGTGCGTTCATCCGTTTAGCATCGTTTTCAGAGGACTGGGAACCAGTTGCGATTACGGACATTCACTTTCACGTAGGGTGGTTCGTGGACGCGCGACCTTGGGTCGTGGCGGTGCTACTCAGCTACCTCCGAACTGGTGGGTTCCAATTCCAATCGGTTGGTGGCGCTAGAAGATCAAACACTGCCGGCGTCTGATGTGCCGATTGTTTCTGGCTCTATGCACTTATTCTCTTGATCTTCCGTGCCGCAGCAGAATGGGCAAAGCTAAATCTCAGTGACAATAGCCCAGAGCGGTATCTGGCCGCCCGCGAATGCGTACTATGGATAGGAGTGACCCTCAAACCAGTACAGTGCGCACAAGCTAGAAAAGCGGCTAGACGAAAAGTACCAATCAGCCCTCTAGATCTAAAGCGCAAAACAAGTCATCTCGGCCAAGCTCGTACTATGTGTGGCGGGCATATCTGCGGTGTTCAAGCGAGTGAGCGGCCACCCGCGCAGAGGTCAAGGCTGGAAACGCCTCTCACTAGCTACAGACAGGCAAAAGGATGACTTCATTACTGATAGAAGCTATATACGCCAAAGTGAATGAGACCGCCCCGTAATCGTATATACACGATGCCAAGTTTAACTGTCGCCGGGTTATTAAGGACGCCCCCAGTTAGTGACTCCAAGCTGCAGCGGCGTAATCCTTCGTACGTATAGGGCAGTGCGGCCAAGAGTCGTTTTGACTAAATAGGCCATGGGTATAGTTACGCCCTATCCGATAGTTCGGTAGTTTTGGAAACAGTACGACCTTCCTAGATATAACTGTAAGACAAGGGCGGAGTCACTTAGTCTATCATATCTGTAGCTACGATGAATGCGAGCGCGTTGTAGTCGTACATGAATGTCGCACTTTTGTTTC,1208,50.5,Homo sapiens
SEQ_272166,TTAACACGGCTCCCAATACAGGTTTGTTTAAATTCTCACCAGTATGGTTAAAGCGGGTCTTTGATGGATTGCCTACAGGCACACCCCCGCCACTAATGCTCCGCTAGACACCCCGCGTAACCGATAAGATTATGCTGCACAACTCCCCTCCCAAGCGTCTGGTAGCCCGCATGCATTGCGTCTTCCCGGGAAGATGAGTTAGTTAGGGCTGTCCAGGTAGAGTAGTCTAAAAGTAATTCAAAAGGACCTTGCTACGATTGGTCCGACAGAAGCCCAGGACTATACACATCCTTTCCCACATTGTATAATTATTATGCAGGATGGAGGATCCCTTTTTCCAACTGATAGGGAAAGGGAGTTTTTGTTTCATCTTGACTAGAGGTTGGTCAACGGCGTGTATTTTTGCACACACGGGACCGTTACACATTGTGAGCAGTAGGACTCCTCCCCTGATACTTGACATAGTACCTCTAGGAGAGCATGTATGTCGGTGCTCCGAGCACGTGTAAGGCGTTTCTGCCGTCCGGTTGCCGACGCCAGGGCACTTAGCATACTCTCTGCCTAATCCGCGGGGGTATCTGGCCCCCTAAACTATACGCGCCGCCAACGAGGTAAAAATGGCCTCTCGCGGATCTCCAAGAGGCCGCAGGTCACTTTCGTTCGAGGCGCGCCTTGGAACCCCAGGCCGACGTCATCCGTAGAAGCCCGAACAACTCGGCGCTACTTGGACTTTAATTCCGGCTCAACCAGAGCAGTCATGGAGGATTGAGGTGGGTAATATGGTCCTTGGGGCGTACAGCCCTGCTAGTAGAATTATGAGCAACGGGTTAACAACCAGGTATCGGCTTTCGGATAACGCGTAATCACCCGGCGTTATACAGTCCCAAAGTGCCCTCGCATGGGGAATATAGTGCACTTAGTCCATCTAAGGGCTGCCGACTGTTCGACACTCCATCCTCGAAGTAAACCCGTAAATTCCCGAGACGTTTACAAATTTCATCAAAGCGGTCGCTAGCAGGCATCCCTTAACCCAGACCGCTCGCTTGTCTCTTAGGGTTCGATCGTGGGGGAGACAACGTGCGGTGTATAGAATCGTCGGAAAGTATTACCTTGTCATAGAAAACCTTGCCTCGATTTCGACATAACTTCAGGCCTGGCCATGCGAGAAGCTCCCAAGTCACTGTTCACAGTGCCGTTAAGATTGGCATCTTAAACATTAGGGACCTATGGTCGTCAGGCATACGTAATATGAATTCTGTTAATGCTAAGAAGCGCTGCGTTCGGGGTGATGGTCACCCTTTCTTGTGTAGACAAGATGA,1319,50.72,Caenorhabditis elegans
SEQ_492417,GGGATATCTACCATCCAACGCACTGTAGCGTTAAGAGTCGCCAACGTGACTGCCGGCCTAATAATTGCGGGGCGAAGGCCAATACTCTTCCGATACCAGCCCGAATAGTGCGCTGGTCGAACCGCACCAAATCCAGCGTACCGTAATTGACTTGCCACAGCGATGCGCTAGTTGCCCCTGCGAGCTCCGATCTTGCCTAGCTCTCTAGTTATAGGAACTCGTAGAGTGGGATTGGGCTCTATCAACCATACCTTCTGAGGCACGTCAGGAGGACCACACACTGCCTATGCACACAGCTACTGGTACGCGTTCCATCCCGGACATCGTAGTTATGTCCGGATGGAGCCGGGTGGCCGCCTCCGGTACTCGATTGGACGGAATCGCGTGGGGTGTAAGAGCTCCCTTGCAACCCCGTAGGTTTTGGCTAGGTACGTGGAGTAATATTGGAGGGTGCGCGTCTTCCGTATCGGGAATTTTGACGAACGCCTAGTTGTGGCGGAGGGTTCTGCCTTAGCCTCTCCTTGAAATTTTGTCAGACTGACGTCCCAACAACATGATTATCTGCTAGTGTCGGCATTCTCGGACTTCGCCCTTAACTTCTGCCTACGCTAATGGTGGACGGGAGAAACCTAATGGGGCACCCCTGCAAATTCGCCTTATGAAGTGTTCATGCTTTGAGATCAAGACCGTCGTTGGCTCGAGTTCTGGCCTGGAGGCTTGACGTCCTACGTTGCTCTATCAAGTATCTGGACCCCACTGATAGTCAAGTACAGTCACTTTACAAAAACGGTAAATAGATCCGCTGACAAGGCATGGCTTCTTCAGCCAATTGCATACTATTTAATGTAGGCATCTGGGAATCTAGACCACCCGTCTTACCTTCCCTGGACTACGCGTCTGTAGGAGTACGCCTGCGGAGAGAAGGTGCCCACGAAAACTCTTATCGTGAGCAACCGGACACGGCCGCTAGAACGGGCAATTGGGACAGGCTGAAATATTTCTGCACAAGGAGAACCTTTAGTAATCCACCCGCTGAGTCTAGTCGAGCCTAGCAGGCCAAACTCCCAGGCAATCCCCCTCAGTGGTATACTCGATTCCTTTTGGATCTGGTCCTGAACGAACTAACTACCAGCAGGGGCAAGTAGCGGCATCTCGATAGAATGCGGCAGCGAACGACTGTTAGCACTTTTTGGAGGGCGACCAATCAACACGCTGTGCCTGTTATGAAGTCGTGTAGGCCTTCCCTCACAGAATTCCGCTTGCCTTGTAAAAGCGAAAGCTCCTATGTGCATAAGCTTGGCGACGAAAGCGAGGGCAACTACAACTACCGGAGGAACGCGGCCTAGAGCCACCAACCGTGCCCTTGGCCGGTGGAGTGGATTAATATACCATATTGAAATCAGCCAGAGCTTAGGCAACGGCGACCCCGTCCCTCAATAAGTACAGGGCCTACAACGCTCCGTTAATAGCCTCTGCAATGTAGCTGGGCAGTAACCCAAGCAGATCAACAAAAAATAGCGATGGACAGAGGCGTTGAATCATTGCGAATGTCTACGCACACTCCGCAGGCGATACTGCTTGGGCTCGCCTCCTCTGAGAGTTCCTTTTGTTACC,1614,52.6,Saccharomyces cerevisiae
SEQ_504129,GCAGGATCCTCTTTGGGTAGCTAGGATGCGTCGTAATAATAAGATGCTGATAATGTAGTCCAGTCAAAGCCGAGAGCAGCCCGCAAGTTCTAAGTGTAGGAATACGGGAAAAGTTGATCAGTTACAAATTACCGGGGGCGCGATCTGGCAAAGATCGAGCAAGGAGGGGCACGGTGAGAAGCCGCAATCTAGATGTGGGACGATCCAGAGGGATTCTCTTAATAGCTGTCCTGCGAGACTTGGCGGGGCCACTAGAAGCACTCTTACGCATCACTTATCGGTGGTACAGATGCAAACCCCCCCTACACTTTTTTGGACATCTCCAACTCTTTGAACAGGCAGAGTGTGGGTACGGGGTACAGCGGTGGTTCTCCCTCATGCCCCGCACGCAATTCAGCTGCTCCGAAACGGCTCAGATGACGCGAAGACGTAGATACTTTTCTTGAGATGGGAACGACGGCCACGCGAGGTATGATGTAGGCCCAGTTACTCGAATACTGAAGAGACTGATGAACATGACTAGTCCCTCCAGACGCTTAGCCGAGCGGAGGTGAGTGGGTCTAGTCGCTGGTTTGACCTCGAGCTAGGCACGCATTAACGAGTCTAAGGCCTGGTCCCGCGTGATCTTCGGCGACACCGGAGTGGTCCGCTGCGGTCGGTTCTGCGTGTATAGCGCTTAACACAGATTGTAGCTGCCGTTTCCACATATATATAAATACAACAGTCAGAAGTGCGATCGTCCCTGTGATACCTTCACGACCGCGAGTTGACTTAAACTGTAATCCAATATATTGATTGTCGGCACTCGCTTTGACACCGTATCGCATTCGGATAGAGAACCAGTCATGTATCCTACCGGCTTAATAGGGAAGTTCGAAATCTTCACGAGAGATATTTACAAGGTACATCTGTCTTTTGGCCCCCACCACTGCGACGTTCGGTTGAGGAAACCCAACGCAAGCGAGATGTACCGGACAGGATCTCTTGGCTATTGCCTCTCGTTACTGCGTGTTCGGGAGACCCACTGTATGAAAGAATTCGGTTCGCGCCATCAATGTTGATGTAGGAGCTATCTAGATCTAACGAGGATCTATACGGTAGACCTGCGTTAGTAAACAAGCTTGAACCAAGCTGTAACGTCAATTTGCTTGTAAGGCGCGATCTCGCCAAATGTGCGCATCTGTCAGAGTCTTTCCTTGAGCCACAACTCGTACGAGTTAGGCGCGCCGGAACTACACGGGGCTATTACACGGCGCGAAGTAATCTTGACCGAATCAACTGAGGCTGTTGCATACACCCGTTACAGACGAGCGACCATCTCCCTTTGGGCTTTATAAGAAGGACGGGAAACAAACTGAATGCATAACATACGCGGAAATCCGTAGT,1386,50.58,Arabidopsis thaliana
SEQ_760672,GCGGTCGAGATAAGAATTTGAGAATCATTGGTAACCAGAAGGCCCGCAAACAAGTCGCTAGACGTATGGTCTTTGCAAAAGGAAGTACACTGTCATGGCAGGCCCGAAGGAATGAGTGCATCGATATTTGTGCTGCTCATACGAGTATGTCGCTTTTAACTCACTTGGAGGCCCAAATCTCAGAGAGGGATTGGACGAAGTCCCACAAAGATCCAGTGATTGAGCCAATCATCAAAAAGAGCACGAGTCCTTCCGGACATTTTCCTATCCAGATCTCTCGCAGCGCCATGTAGGCAGTGGAGCTCTACAAACGTGACCCACATTAGAATTCTGGCGTGGGTGTCGGTTAAGAAATGAGCGCAAGTAATGACATCGGCGGCGGCCCGATCTCTTCCTTGTAATGTATTGTATGGTGAGAAATAGCACTACTAGTGGGTACGGCTTTCCCTGGCGAATTCGCGTTCAAAACCCGTTCTGCATTGGTATAACCTCCAATTTCGCATGCCGCGAACCTGGCCCGTTGGTTATTCGCCTGTTTGACAGTCGATGAAAAAGACGCTTGTCGGACATTTATCCTGCCATCTGAATGATATGATATTAAAGGTGGACCCCTGGCGTGCGCGCCCCGAAAAATTAGTGCCTAGTCTATGAGACTTTCGGACCAGTTTATTCGTAACGCCACGTTCCCATCGCTGACATCGCTCCCTTAGAGATGTGTGTGGAGATAACTACACGACTGCCGTGGTTACGGAGGATTCTGTTCGAGAGTCACCGAAAGACCTTACGGCATAGAAGTTCTTGTCCGGGCGGT,811,49.2,Caenorhabditis elegans
SEQ_742367,GGAGAGAGAAACTAGCATAGAAGCCAAGTCGCGCTCCCAACAGGCGCTCGCTGATTGGCCTCTGATGACATGCTGCTTGTGGTGGAAATGATCGGCGACTAAGTGTCACACCCAAGCTAGGAGACATCTTTCGTTTCTTGAGTGGTTGAGTCTTCTCCCCAAAGTACAGTCGCCTCTGCGCAATTTCGGATTTCATGTATACTCACGTTCCACGTACTCTGGGCATACATCCGTTTGGAGAGTGACTGTTCCGCCATGCGCCAGGTAAAAACTGTTAGGTTATGCTGATCTTCTTAGGAGGTCTGTCTAGAGGTATCCAGGTTCACTGCAGGCTTTTTTTAGGCATCTTAAGCGTATTCGTGTGCCAGTCGCGGTGAGTGCACCAGGTTTAATACACTGTTAGAATTCGAGATCCAACATTCAGAGACGGAGAGTTCGGGCTTACGGTCAGCCACGCGTAGCCGCCTTTATGACCCTAAGGATTGGTAACAGTACAAGTCTTGCGAACGGGGATTGGGGAAGTTAGGGTATCCGAGGACCTAGGAAACAGTTACTAGATAGTGCTCGGCAGACGGGCTTCCTAGACAGAGAGGACTGAAGTCTACAGAGTGGGGATTCAGGTTACTACGCTCCTACCTCCTTCGGCGAGCAACCGAAACTAGCGAAATCGACATTCCTGCATTACTATGTTCGGTCTCAAACATTCCTTGAAATCATTGATCCGTGCCGTCTAGCGAATGAAAATCCGAACACCAGAAGAACAGTACCAGTGTGCGGGTCAGAAGGCCATACCAGGTGCCCCCGTCCACACACTTATCTTAGCCGTTGCTATTGGTAATCGTCTGGGATGGTGC,854,50.12,Saccharomyces cerevisiae
SEQ_500860,TTGTTAGTAACTAAGCCTCCCAAGTACAGCGTCCACCCTATCTCCCATTCTGCAGCAGCGACATTGTGGTAACCTCATTGGCGTACGTTGGGCGTCGCTAACTGGACGCGCTTCCAATTCTTCGACACTGCGACGAATTCTCGTCGAGCCTTGGTCGAA,159,52.83,Saccharomyces cerevisiae
SEQ_854484,CTGGACACGACTAACACCGGGTTACGTACAATAATAAATTCTCGCGTAAATGGTTGGCATTACCCGTCAATGCTAGATCTTAATACGCAACTCCTGATAGCTCTCCACGGCTGTCTTTGCGCCTAGACTGTTGAAGTCTCACTGTCCAAACCTTCTTTAAGTACTATACTCTAGTGAAAGTCAGCTATTATCACGTTGTGATGAGTCTCGTTCTAAGGGATACAATTAAGTAGATGTTGATAGAGGGTGGTGTTGAAAGGTTTCTCAATAGTAGCTGCTTAAGCCTGTATAAGGTACACAAGGAAGCGCGTCCACCGTCTGCACCGTAAAGCGGTTATTTGGTTTCCTAACTAGAGTGGAACCGCTAGATCATAACCGATAGTGTATAAAGATATCCCGGCTAGACACGCCGAGGGACGGAATTATAGCCAGATCCCCACTCTTCGCGAACGACTATGACTATTATGGAATTGAATAGTGTCTGTGCCCCAGACTCGCAGGAGAAATAGACATGTAGATAAGGCTGCTAGTTTATATGTTAGACTGAAACCTTGTTGCCGGGAACGCTGATCCCCCACCATCGATTAAACCTTCAGTGTGCTAGAACGCACCAAGAGTACGGACGGTCAGGGTAACTTTCTCATCAAGCGAATCATCGCATAAAAGGCGATCGACCTGGAGTAATGGTCTTGTCGGGTGGTAATATCATACTACGTTTCCACGTTTTCGACACGCTTCAAACGCACCACATTAGATGCTAATCCTGTGGCAACATTTTAAGTCAGGTGAAACTACGAATCTCAAGCCGGGCTCGGCAGACTTTCGCTTCATAAACTACCGAACCACCCTACGTAGTGTAATACGACTCCCTGTTTTCTTTCACTCATCGTTTTGGTGTCATACTCGTGCGCAGGGATATTCCCCCCTAGCGAGCGATCTGATCCTTCGCGCAGGAATAGATCATTGTCTCAGTGTTAGGCGATTGTCGGAAATGCAAACATCCCTAGTCTCTAGGAGATGAGCAGGCCAAGCGGTTACGCCTAAGAAACGGACTGGTGCGGGTTCCGTTTCTGCGAGGCTGAGCGAGTCGTATGCGACAATTGCAGTTTAGCCAGTTCGGATGAGGCCCAAAAGTTCGCTCCAACCATCAGTCAAGTCCCAGCAGCGTCGCAAGTCGAAG,1180,47.37,Saccharomyces cerevisiae
SEQ_616653,CCCAGGACATCCCACAGCCGTCACCGATTCATGAAGAGGACGTCAAAAGTTACAAGTAGTATAATGGATTACAAGTCTTGGCTCTTCCTATACTTCCTCGGCGTGTATGGCTTCTAGAGCTCGTGCTGGCTTCTTTTACGCCCAACATCATGGCCCGTTCAATCAAACTCGGGGTAAACATTTGCTGGTTGCCTAGCACTCATATAGAAATTTTAGGGACGGTTACGAAGGCAACCACTTATCGTAAGATCGACCCGACCGATCCTACACGTTGGTAACATCGGACGTGAAAATCAAGTTAATTAGAGTATCATCGCTCATAGTGTTATTACTACCCCCGGGCTCGAAGTACCCGCTACTGGTCTACTACATGGCCCAACGCGACCACCGGAAGAAGTTCCGCTGACCCCGGAAGCTTTCCGCGCAGATATGGACACTGCCATAACTAAGGCTCGAACCGAGTTAGGTGCGTGCATTCACCAATTATCGCGGTATCTTGGTGGTTCCAGCTGCTTGATAGGCAGAACGTGACTACAGAGTAAGGGGATCTACGCCGGCGCTATTGAGATAATGTGGGTGTCCGAGTGGGTTCAAAAGGGGAGGAGATTACCGATCTCTGTCGTTTGATTAACCGCCCCGTCCTTCCAATAAAAGTAACCTAATTTTCTAGACGAATGCATA,681,48.75,Arabidopsis thaliana
SEQ_440550,GGTATACTGACTCAACCATATCTTCGCCTAATATGATACAGGGTCAAGGTACCCCATATACTGTTTAGTTGAACCGCGTTAGGCTTCGATGTTTAAGATGCGCGTCACAGTGTCCTGACGGACTCGCGTCGACGAGGTGTCTCCTATGGTAGCGTACAGAATGATGCCTTGCACGCTCTTTACGGGTCCAGCTTGGGGGGCATCAGGCTACCCCTTGACTATCAGATATGCTCTGGCCCGCTGTGAAGATTTAGTTACAAGATCCAAGGCTATTCCACATAATTGCGGATCCTCCTACTCGTCAAATCGTCCGCCGCTATCCATTAGCCCCGGAGATTGATGCCCCCAGGGTGGGTTATGAAATGTAATCACCGCAAAAGCAAGGGACAAATGTGTACGACGGTATCCCTTTCGGAGTTCTTGCTAGCGCAATGTACCAACGACATACAGACTTAGAGTCACTTCGCAGAGCCTACGGCTTGAGGTATGTAACCGTCTCGCATGTACATATCACTTATAACGACCTTGATTGGATTCCTCCGCATAGAAGTAGAAGGGCTGGCCTGGCCCTGCAAGGCTGAACTAGGGAAGCATCGGGTCCCCTTACCTTGGATTACTCAAGCACACCCGGCATAACGCAGCACAAGCGTCAAACACTGTTACGACACTACCGCCGTCACTTGTCCAGGATCAGATAAGCATAGTATCAGCCATAAAATGAAATCTTGACGCAAGGAATTTAGTTACGCCCCCGGTGGAAATCCCCTCTGTGTTTTAGAGGACCGTAACATCAACGCTGTTGCCACGGCTGTACCACAAAGGGAGGGCGCTTACCCGTGTGTTGCGGGGTCGATTGCACTCTTATGATCGCTGTTAGGATAGTTAAGCCTCTTA,894,50.11,Escherichia coli
SEQ_423685,GGCAGGCAAGAGATACCGGGCTTTCGACTACTAGCGTTCGAAAGGATTATTTTGGAACATAATAGCAGAAGGCATATAGTATTACCCCCGACCGATGGTGCTACACCATTACCTCGTGGACCAGATTGGGATTAGAGCGGACACGGAGGTCCCGCGGCAATGAACACTAAGCTCGAGCGCCTAGCGTCCCAGTATGAAAGACACGCGGGGCTCGGGTCATCAACGTGTCTGTACCAACGGTCGATGTCAAGGGCGACTTCCCGGTCAACACACTCCGTCTCCTGACATAGGTACTGTGCCAAGAACTTACATGGGGCCCGCAACGATCTTTTGCGTGATATTCACAGGCCATTCTTCTAGTAGTCCGGGATATATACTAGCCAAAGACTAACTGTCATCTTCAATACACCCAACTGATCGGTCTTTCCTTCTTTACCTCCTACTGATGACCACTTTCAGAATTAAGATACATCTATTAGCCGTCTACATGCGTCTTTTAAAGGCCAATGGGGTCCCGTAGCTATCAAACAATTTCTCTAGAATGTTCCCGTTCCAAGCACCAGTCAATCTGTGCTTATGTGTAGGTTTTGCATTAGCTAGACGCCGGCTAAGCTTATACCAGTGAATAAGATATAGATTGACGGCTAGCGACCCCGCTGAGCGGGAACGTGACGATGCTTATCTAGTCCAATTTTCTACTATTGGAGCTCAAATAGACTCAGAAGCAACTGCGGCTAAGCTAGTAAGTTACGCTAGTTCCGTTGACCGAGCCTTCAATCCTAAAAGTTTCCTCGTCTAGGTTGGATCAACGATCATGATAGAGGCTTCTCGGCCATGTGACAAGAGAAGAGCGTAATTCACTCAACGCCTCGTTGGAAGGTAGTGCCTCCGTTTGCCACCCCCTAAAGACAGCTCGTTGGCTCCGAGTTCGACATGGCTTACCACTTATCATTCTCCTATCACATAATCTGAATGGGAACCCACGGCTTTTGAGTTGTCCTTAAATACCCTAAGGGATCCCCAACTTATGTTGAGTTCGTTCTTATCGGTTGTCTTAGAACTCTGGTCAAATTTGCTAGCGCTATAGGGGTAAATCTTACAGTCTCATTACCCCTACGACTCGGGTTGTTACCACTGAGCCGTAGAGTCCAGTTTCAAGTTCTCTTGCCATGTGAAGACTTGAGTCAACATGTCCCATGAACTGCCGAAATATGTTCTCATGTCACTTTTATACACATGGCAGCCGCGAAGCGGACGAAAAGATTGAGACTGTGTTGAACGGAATTGCCTAGGTTTTTGTTAAATCGCGAGAATGGCGATACTACTAGGGGGATTCACGACCTCGTTACCAGTGGGAACATCTAACTGTTTGCAGATGAATTGCTATAAATGCGGTCAAAGGACCATGGGTGTACGTTCTAACGCGCAGACGCGCACGCAGGACGCTGGTAGGAGATAATCTTAGACTACCCAGTTTGCGCGGGTCGTCGTGACATAAATACTCATAATGGAAGATGAAGTACACAGTGGATCAAGTAATATTCTCCTGACGTCCGGTATACCCGGTCGCGAGCATACGCAAGCCGAGCCACTCTGTCAGAATCAGCTAGTCATCCCTATCCACTCGCGACAGACGATAATTATTACTCCAGGCATAACTCGACGTGCGAAACCCGAGGGATTTAATTGGTCCCGAACCACCGAATGTGCGAGGCGCCCACGAAGTCCCGGTTTGTGGGATATAAATCATACTGCGCGCTGCACCTGTAGTGTAGGAATCTATTTGACCAGTTTAAAACAGTGAAGCTTACCCCGTCGATATACGACCGGTGGCATAACAAGGGGAGTGCAGGCTACTCACGAATTGGTTCACTGTCTTACATCC,1885,48.01,Caenorhabditis elegans
SEQ_260720,TTGTACTTTTTACCTGGGCAATAGTGCGCTAGGAAATAGTCTTAGTCAAAGCAAGATGATTGACTCTGTAAAGTGATCAGAAAGGAAGTAAATATGTAGCTCCTTTCGTGAATGGCTGCTTACCTATGTTGGGCGTTGACCAGCCGGCGATCGCCTGATTCCGTGTGTGCGCGTGCGCAACAATTGAACGTTGGCCTCCGGCAACGCTCGTACTAACACCAGCTATCGACGCACAATATCTATACTCAACCAAGAAGGACGAAAGTGTACAGTGAAACTTATTATCGACCCTGACGTACGGCACCTCGCCTATCTGTGCCTCAAAACCTTGCACACCTGATCGGCTTCGAAGCGCAGACTACTTCCTGGGACTCGTCCAATGTGGGGAAATACCGCCAGGGGCTTGATCTAGACAACACGGCACCGCGTTAACCATTCCTAGCGCGGAGATGCGGACAATCGCCACAGGAGCACCAGGTCGTGCGGATCGCGGGGAGCTTCGTGCAGCACCTCTTGTTGGTGCGACCCAGTTCTGTCTTAGTCAACCCCGGCAATACGCCCTGTGAACCTACGGCTTCAACCTTGAACAGGCTGCGAGCTGTGTAATGCCTTACGTCCGCGGTACGGGTCGTCGTAGTCTAGGTCAAGGCCGATCAGCAACTCGCCTGAAAACAGTGATCATCTGGACAGGGCAGATCCGTATACGGAAGTGAACCGTCGACGAACCTATCGTCATCCTACAAGCAGCAACCATCACCGTAATCTACATATGTCGGAATGATCTCTGCTTCATTGAGCGGGTGAAACAATCAACGATGAGCTGGAATATTCGTGGATTCGCTTCGGTATGGAGGAATCGCAATCTGGCCAACACCTCATTACTTCATCACTTTGGACACGGGATAGGACAGTGGCGCACTGACCCCCGAGACTTTCAATTAATTGCCGCCTCTGCTCATACGAGGATTAACGGCACTAATAATTGGGGACAAGTCGTACTCGTTTTGGGAGAAGCTTTATGATCTCAACCCGCCCGGGCGCTCAAGCCCGCGCACAGTTGTTTAATCTTCCCGTCGCAAGCACGTAATTTGCCGATGCACCCCCTACGGTGGCAGGGATACTTCGCTGCTCATATTAGAAGTACCAGTTCGACCATATTGAGGCGGGCTAGGTGGAACAGCCGTGTACTCATTTAGCTATATAATGACGACTGAATACATGAAGGTTCGGGCGTACGCAGGTAGTGTTCCCTTGCCTGGATCCCTCTCGTAGCTAAGATGCCTTATGAGGCTTCAATATCCCGTGCGGCTCCTACTGCACAGTTCGGAACCGCTTTCAATAGGGTTCCCTCCCAACATCTGGCGCAGTGCCGGCGATTTCAGCCAAGCGACCTGAACAGATGATGATGCCGTCATCTAATGCGAGTTTGAAGATCCTCCAATAAACACCTAACAGCACCTTAAACGAACCGTGGACTGTTAGTTTTACTGTCGTCCACCGTATTGAAGGGAAGATTCACTACGAATATTTCCTCCAGATGCTTACGAGGTCATTGGGCGCCTGATTCTTGGGTTGGCTGGCCCGTGATTCAACCCCTCCTTGAAAGATCGGGCCGACTGCCGGCGGGGGCGAACCCGTTCGGCTTATATTATACCATGATTAACAGGCGGTATGAACCCCTGCAGA,1686,51.6,Caenorhabditis elegans
SEQ_629185,AGGGCTCTCGGCAGAGTTGTAATTCAAAGGCCTTGCGCTCCCCTATGATTCAACCATTATAACACCCTAGCCGAGTACTAGCGTGTGGGTGCAACAACCACATGCATCATCTGTGAGTGAGGATCTAGCCATTTGTGTTGCTTTCAGGGCGTAGAATGCGAAGCGTGCATTTCAATTCCAATACTTAATTATCATCGGCCGAAGAACCGGTACACCGTTACAGAAAATTGACCTTCCCCTAATAATTGTTGTCGGAGAAAACATGGCTGTCAGAACCTTGAGTAGATGCGACCAATTAATGGAGACCGGATCGAGACCAGCCTAGTGGTACGTTGTCAAACGTTCGAAGCGTAGTGATTTGTTGGGTTGACTAATGCCCAGCTGCCGAATTAGTGAACACGTCATTTTCAGGGTCTGTAATTCGTCAGCTCCAATCGTTGCACATTAATGGTATACTGGGATGACCGAAGGCTCTCCCCGAATGAAGGGGAATATCATTCGTAGTTGGTAGGGCCATTGTGAGTCGTAACATGAGCTTTTGATTTCGTAGGTAAGCCTTCCATTACGCACCGTGGGATCAAGGCAGGCAGTGGCGAAGGGTGTATAAGGTATTCGCCTCGCAGGGAGCACTCCGTCCTGAGAAGTCCGCCATGCGGCATACCATAGATAAGAAATAGAAACGCAGAAATGGGCATGGCGAAGAGCTAATCGTAAACAGATGTTGATGCTTCTTTCTAACAGTATAGACGATGTCTATGTCGAGTGGCAGCGGTCGCCTCAAATACAATCTCAGGTACTATCATTAAAGGCCTCAACGTATTTGTGTGAATCTAACTACTTCCGGGTGGCCAAGGGAATGGTATCCCCAGTACGACCACACATTCTGTGCAAAGGGCTAAATACCGTGAGGTCGCCAATCGGGGCTTTATTCCACACGAGTAAATCGAGTTCCCCGTCTACGGTCTGTTTGACCTCGCTCCCCGTAAAGACAACTTCGGAGGGATGGACTAAACAGAAACCCCTACAGGGATTTACAGTGAGGATGAGTCATGACGTGGGTGAACAGAGGGTATGCATGCCTTCACCACCGTCCAACCATCGCTTGCGCGCTACGCCTCAAGTAGTTGCCCTATGCACACAGGAACCAGGTCCTAGCAGTTGGGCTATATCATCGGTACCCGCTCCTTGGCAGAGTGGGACCCAACTTCTTGAGCTCAAGCCGGTGATTCCGCCCTAGACCAGTGGTAGACGTAGGATTCGATGGTCATATCTTGGGTCGCAGCTATAAAACACAACTGTTTCGGTGTCCGGCGAGACCCTCGCCTGGTCAACAGGCGCAAGTTAGCAACCCCGCCTGCGAGATTATAAATTGGTAGTCTTTGTCCAGGAAGGCGATCTACGGTTGGTAGGCACTCTGGGGTTCAATCATGATATGTCGGATTAGTAAAGTCGTTGTGGCGACGCATCCGTTAACGGCACGCTGTGCCAAATGTTAAAAGCAGCCGTAAATGCATATTTCACCCCCGTGTCGTGCCCATCCGCTATAATGCGAGTGACGCAGGCCATTTTCAAAGTTAACCGAGAGGGTAGAACCGCATGACGGTGAAGGAACTGTCTCGTTGGGCCGGACTTCATACAAATATAGACGAAACCTCGCGATATTGCGCGCGCCACCGACCAGAAGCCTTGAGTGGAACGAGTCCGAGTTTTATCCGCTACTTTATGTCACGCATCAGACTCGGTCTTTAAACTTCGGTCGAGTTACTCGACGAGCTTG,1777,49.8,Escherichia coli
SEQ_730408,GGCGCACATTTGGACTTACTCACTACAGATGCGTTGCCCCCAGCGGGTCACAGCGCACCCTTACACATGAAATGCCCCCACAATTTCTCACACTTGGAACGTCATTGGTAACTACCCTTTATGACCCTTGCGGGGAGCGAGCTAAGCTTTCGTTGTTGGGAGTATATATTGTAGACTTATGGCATCACTCACTGTTTTGGGGGGCCGACTGAAATGCAGGTGGTGACAACCACCCTCTTTCCCGCTTTGAGAACTCGTGAATTTGATCCGCGTTACTTGTTAATACAAACCGCAAAGTGCAGCCCAAGGACATTGGCTGAAACTGCTACAGACCGCGTCTAGCTTCCTCAGATGACAATGAAACAGAGTGTAAGTAGGAGCCGAAGATACCACGGAGCCTATGGGTGCAGACCTAGTCTATTGGCACATTCCCCAATGGTACTTATCAAGATGACTCGGACCGGTTGATAACAGGGTAGCGTCGACGAGACTTCATTCCACAGCTCAATTGTATTACCTGGCTTAGACGATCACTTATGCTACAATAGGAGATTACAAGTTTTGCCGCGCAAAATCCGAGCTCGATATTGCCTGGCCAAGCGTCGATCACAACATAGCCAACCGGCCCTCGGCCACGGCGACCTCCTGCTTTAGTGGGAATTTACCAACATGTGAATTGTCACACTGCCCAGAAAAGGGTGAGATCTAGATACACGATAGCCAGGAGTCGCAAAGCCCGTGTGTTGACTCGAAGGTTCCTAACATATCCCACAGTAGTTACTATAAAATTTGGACCAGGCTGCGACCGCTGTCTATGCCGACCAAATGACGATGTCCCGTGTTGGGCGGGAAGTGTGCCTGGCACCTGCTACCCGCTGTCCGATACGCCCCGTGGGGGTTGTACTGTATAACAATTCGCTAGTCATGCTAGTATGCAAACATGCCCGGGCGTTGCATAGCGGTTTAAGAATGGACTTAGGTTAATACGTCCCCGCTCATCCCACCGTTTACCGGTGGCGTTAGCGAGTATAAAGCACGTCTTAGTATTGAGCAGAGGCGTACCCTGATTGGTAGCTCCATTTGAAAAATCAACTCTACAAGAGATTGGGTTTCCTCGCCCGATCGTA,1127,50.13,Drosophila melanogaster
SEQ_282156,TAGGGCGGCCGCGCCTAGCAATGCGCGCATTCGCGTGATGAGAAGGGCGTAGGATGAACGTTCACGATTTGGTGGGAGCTTATTTAATCATGTTAACTATACGTTTAATCCGGAGTTCTAAGGTTTGTTCTTCCGCTAGGCAAGGGCGTATCATGCCACTACTTAACTACGAGGATTCCTATGAGTAAATTGATGTCAGATGAAGGTAAGGAAAGCTAACTACTATTCCCTGCGGAAGAATTCTAGTAAGCAGCTAAGTTACTCGTTAGGGCAGCGGTAAAAATCCCATTGAAATAAGATAAAGTAGATCCAGTTCAGGAGCGTGGTGGATGTTATCTTAAGTAAATGGTATCAGTGTAAAGTCAAGGGGCATCATGATATCCCATGACGGGGAGCATATTACTATTAGCCACCTCCAAGCCACCAGTATGCGCATTTAACCGATACAAGCATTGAACCATGCCGGGCCATCCTGTGTTCATACCAGGTACGCGAAGTGGATCTGAGATTTTATTCTGAATTCGTCCAGAAACAGTCTCCTCTACACTTGTTCGTGTCCACAGAAGACGCCCGTGCGTGCTCACACATTTAATCCTAATGACGAAACAACTACTGGCCCTCCCCTAGGC,629,45.95,Saccharomyces cerevisiae
SEQ_642063,CCCATAGCAGGCACGTCCTCCAGACAGGACTAACTGTCCTATCTACCCATGGTCGTGGTTGGTTATGTGAAAACTAAATTTCCGGGTGCTCTGCGACAGTATGACACGGGGAGCATATGCATCTCATTGAGGTGGATCTTGTAATACTCTGACTATCCCGAGAGGGATACGATGCGTACCGCTAAGATCGGCAAAACGTGCCAAATTTAAAAGCACTTCACAATACGTCCAAGGGGGACAGCGAGAGTGAAGTGCTAAACCCGTGCTCCGTATACCCTCCATCTCTCTTTCGTACGTTACCGCCTAGGTGATGCAAATCATGGTAAAGTTCCCAACAGGTCAAATCTAAGCGTGTGCGCTACTGCCCTTCACACGCCCTTTGTCTTCCACTGAGCCCATTGGCAATGGCCCTACGACCAGAATTATCACCCTAATCACCCACGCAGTGATTTAGCTACTATGTTGATTTGTGACTGAGATATCATTGAAGTGTTGAAGTTTGCACCCGTTGAACCCCGGCCAGAGGTGAGGAACTGTTCGGCTCTGCAATCAGCGCATCTGCTTAATGTCTTAAAGGAGGACGCAGAGCTGCGAGGGCCGCGTGAACTAACTACTCGCAAGTTCGTGTGAAATCTCGCCAGGGGACACCGCTCTTCTCCGCGGACAGGGCTTACTGAAAACCACTAGGCTAGTCCGAGTGTAAATTCTATTATTATCCCTTAGAATACGGTGGCTCCCTCGGTACGCGAATACATGGGAGTGATGAGAGTAGGGCTATAAAAGCATCACCGGGCATGACTCCTACCCTGCGCCGCTTTCAAACGTTGCAATACAAGCGCCTCACGGATCTGGCGGTAGCGATTTTACCCTGGGATCGTAGAAGCCCTGGCGAGGTAAATCTAGGGTCTATAATGACATGTCAATCCCGACGGTAATGTCACATCATCCGACGAAGTGCTTTCGCATCATTTTTCCGTTCAGCCTTTTCCGTCTCGCGCCCATCCTACCCCGGCGGCTATTCAATAGGATTGGATCTCTGAGGCGAACTAACATGGGAAGTCTCGGGATCATTTAGTCCCAAGTTCTTTTCGAAGCCGAAGCGCATCATGAAACCGCCTGACTGCCATCTGACCAAGAGGGCCTCACAAACCACGCACCTTTTACGCTTTATCGGTGAGAT,1180,50.51,Drosophila melanogaster
SEQ_519107,GATGACTGCTCACACGCGTACACACATCCATTGTAATTGTATCGTTCTCTCCCTGGCGGAGATGTGCCACCTTGTTCTGCCCTCTATCTGGCGACGCTTACGCGCTCTCTCAGGACAATACCCCTACACAATGTGAACAAGAATACGTGGCTGCGAAAACCCGCTTGCGGCGCCAAGTAGTTGAACGACACTATTTTGGCGGCAGCACGACGCCTCAGCAGAAAAGTTTGCACCTGTTGTAAACGCAGGCTCCATACAGGACTAGGCTTTTGAGCAACACTGCGAAGACAGCTAGATCGCCCTAGAACTCTTTCAGCCTTGTAGGAATGTACCGATGACCGCATCTAAGAAATAGCGACAGCCGATGGGTCTCTCATATAGCGATTTCTGCGTCAGCTATCACAATATGCGGTACCGTCACTTTTGGAAGAACGATATAAGACTACGCCTCTCGATAAGCACTACTGGGAACGCTACAGTTCCAAATAGATAGTATTCAGTGAATAACTAAGTCAAGGGCCGTCAATGATCGGCATCACAACGTTCCCTAGTAAGAGGCCGGTGAGAAAAGTATTTGCGCTGTTCCCTTGGCTAAGGGTATGCGCCGACTAGTAAGGCCCCTCTCGTATTACTGGCTCTGTGGATAACACGGGG,654,49.85,Escherichia coli
SEQ_972568,ATTACGCCGATCCATGTATCAGTACGCTGTCACCCGACCGGACATATTACACGGCTATAACAGGGCGCCGAACTCTGTCTGCCAAACCGCAATTCAGTCCTGACTGCTCTGTCGCGAAGCTCCCGGGTTCGGCCCGGCATCCTTTCCACGCTTCGTGATTCGGCTAGCCGTCGCGCAGTGACTCGTCCTCTGGGCTTTTCCTGCTATGATTCTTCATAACTTCTGAGAACGGCTACGACCAGCACAAATTGAATAGCAGCTACTTTTAGGGGATCTGTATGGACGACTACACGTTTTTTAGTAGACTAAATCATTGTGCGCCGATAGAGGTGCAGTTCACGACCTCAACTTCGAGTGAGTCGCGGGCTAGTGGAGGACCACACGACTGATAGCCATTAATAAAAGTGACTGATCATCTGTGGATTAGAAAAGAATGGAATACCGCTTATTGTCTTGATTCCTGGTTTGCTACCGTTTTTCTCGAATCTCATTAAGTTCTAGGAGATATACGAATTCCTGTGCATACCAGTCGCCCATCGGATGCGGCCGCGCCGGCCTTCACACTTTTCGTGCGCGGAAGAAAACACGCATCAGGTTTGGTCGCCGTAACAAGAGTCAGCTCCGGCGGGGAAAAGGCACCGCCATCGCGTGCCCACATCCGTACGGTTCTATATGACCGCCGGGAGGGGCGCTGGTTCCACAATGGTCCATTGTGGTTCCGCATTCTGAATTCTTTACAGTCGCGCGTAGTAGCCCATGTGACTGCGTGCGATACGCAGATCAACCCCTCCGGCGGTACGTCGTTCGCACTGCCCTTGGGTGTCACACCCGGCAGGGCAAGAATTGTGAGGCAAGTGCAAATCACAGAGGTTGGCATGCTATAGGCCATAATTGGACGGATTTCATGCATAAGGCCCGCATCACACTTAACACAATCGAGCTGTCATCCTAATAAACTGGTCCTTTC,967,52.02,Drosophila melanogaster
SEQ_803296,GCAGCCCGCTCCGCATGGCGAACTGTCGACTGTAACTCATTGGGACTGGCTGGAATTGCGTGCCTGCTGAGGTTATATCAAAATATGCGGAAGTTGCTTATGGGTAAGGCATTTTACTTATGGAGAAGAACATCAAAAATGGATCAAGAGCGCCCAGCTATGCCCTCACAACCAACGTCTTTAGAAGTGTATTTGTTCGGCGGAAATAGAGCTTCGAGCTCAAAGAGAACGGCCACACTGCCATGGGCAGTTCGAACCTGGACAACAATATTGTACTGGACTTGGAGAGTGGTTCTTATCAGTGGGTACTACGCCACCTGGTTAACGTAATGTAGCCGCCGCAATTAAGTGGTGCTAACCCCCAGAATTTGTCTACTCCCAACCGTGTGATTTTAGGTAGCAACGGAGTGCAGCCGGAGGATGTTTCGTGTCACTTCCTAGGGCGCGTGGTAGAGGGCTGTCGACGGTTGGCACTTTGCACAGGGCCACGCAATTAGAGAGACAAGGTACAGGGACATCTAACACAACGCACCCACTGCCAACCGATTCTCATGTCTCCTAGCCTGGATACCCTCCGCGCTTGTGATTCTGGTCCGACGATCCGGCTGGCACCGGGGCCCACGAAAGCGTTCGCCACATACGGGAATGCCGTTTTCAGATGAAGCCCGGGAGTCGTTTGTGGGCATGTACTGGGAAGGAGCCAGAGGTGAGTTCCCCTTGAGCATCCCGACAGAGTAAAGAACCCAGCGACGGTGTTACCAAAGGGAAATGGCACTCGTCGGTTAGGGAGTGTGGGCCGCATAACCGAGATATCCTGTTATCACCCAGGGTGACTAATTCTGGGTTGCGGTGTTTTACCGCTGGGCTCCTCCAAATCGATCACGACCCCCTGAATGCAGTCATGGCATAGTAAGCGTTAAGTAACGTCCTAGAGACAAAGCGCTACAAGAAGGTGCGCGGCCGGATCTGAGGGCTACACTTTGCGTAGAGACGTCCGACGTACAGCCTAGA,1011,53.02,Saccharomyces cerevisiae
SEQ_336917,TACTAAGAGCTGGACAAAAGCTTCAAGACGGCGCTATGGTCTTCTGCTGTGTCCTTGGGTCATTGGACCGATCGCAAGGAGAGTTAACCCGTACTCGCTCATCTGTCAAACATGGTTTTTCGAAAATCAACCTCTATCT,139,46.76,Saccharomyces cerevisiae
SEQ_159156,ACGCTTTTTACTTTGAAATTAAAATCTCTTCTAGAGGTGGCACATGCCCCGTTATAAAGTACCTACAAGGCGACATGACCTAGCTACATGGAGAGCTAGAGTTCCTCGTGTACCTATTGGTTGCGCAACACACAGCGCGGTGGCTACCCGAAAGTAGAAAAATTGATAACCTGGCACTACAGGAGAATCAACCGTCAAAAAGACTGGAGTCAGCGTTATCTCAGAACAAGTTCGGCAACGAACTATCTCACATTGCACGACTGCGACTAGGATCTTGTGAGCCATGTCCATTGTGACTCTGCCCGTCGTAAGTTTCTCTCCTTAACCACGAACGCTGTTTGTACTATGCGTTGGCGGATATGCCTACTAATTTCGGTAAGAGACCCACTCGGAACCAACTAAGTTATTGTGGTGAGCCCATGTTAACTCAGCACGATACTACGATATCCAGCCGTGCCTATGAGTTAATGCTTTAGTATCCGTTAGCGCTGCTGGGCTATCTTGGTAAGGCCTAGACTTGTTTCGTCGTTCCCAGCCTTATCCAGGCAAGATACCGGAGTTGTGGTGCTTGTGTTGGTGAACAACTCATCCAGGCGAGGTATTCCAAACCCTTAATTAAATCAGCTTCCCTCAACTTCCCCCAAGCGAATCGGCTATCTCAGTAACGGTTTACGGGTAGCTTAATAGCCCTCGCCACCTGCCGGGACAGAAATTTCTAGTATGCAGACGTGACGAACTATATAACTTCATATCTCCCCTGTTCATTTTCTAGTTTGGTCATTGTCTATGCAAATTGCAC,799,46.56,Drosophila melanogaster
SEQ_123309,CACGGGGCTCGAGCAGGATTTCACTTCCTCCAGCTAGTTTCCACGGAAGTACGCATCATCGACTCGGTTCCGGGATGTTGTGACGGAACAAGGGAGGAAAGGCGGATTCCGTACGCTATAAAGAACAGAAATACGTAAATGCCGCGAATTATCCCGAAAAGAAACTGTCGCCCCAAAAGGATTTTATCAGCTTTTCCTGGCTAAAGCCTACTCCCTTGCGAGTCAACCCTGAATCTAAACACTCATGGGGCTCTGCACATTAGGTCATCAGGCGAGGATAGATGTTCAACCTATAATTGTATCAACGGTCTGATATTCCTTCCTCCCTAACCTGACTCGTGGATATACTCACCCTATGCGACGGACGCCTCCAGTATCTATTCCCCACTGCGTACGTACATACAGCAAGCCTTTTGGACTACTATATAACATTACGAGCGGTGCCTCTTATAATCGTTAAAGCGCAGTCCAACAGATTCACCGGGCTCTGGTATAGAAGACTACTATTGCCGTCCAAGACAGCCGTTAATCTGTGACTTAGTTTTCCAAGGTAGTCAGCCAGGGGACGCCCGCTACAAAACTGTTTTAATGATGATAAGCAGGCGGCCAGGGTGACGGCCATTTGACGCGATAAGTGGGTAGTTTTTTCACCCTCTTACTCAATTGCGGCGAGCTAAGCTTTATTATGTAAACGGACTATAACGATCAGCTCTTTATGTTTACGCCCTTAACTCTTACAATCTATACAGACTTATTTATCCCCACTAAGAACCGACACGGAAGAAATGAGTACAGCAAATCCTAAAGCGTTCATTCGACGTAACCGCGGCTATTGTTAAATTGTTTCACAAGTACGTTCTCCACGGGCCACGGCAAAGTAAGAGAAATGTAAACCTGGACCGGCAATAGCCGTTTAGCCCAGGCACCAAACCAGTCATTGCAGTATGTATGGTCGCATTCA,961,46.72,Arabidopsis thaliana
SEQ_464776,AGTATCATTCTTTCAGGTCATGACGGGATGCGGTAATGTATAACCCCGTTGAACGCAGTATGTAAGACCGCATGCACTAGGCTCCCTCGATACAAGCACCGTTCTGGAGCTGATGATCGGACAACCTTAGAGAATGTTCTAGCCTTGACAGATGCCAGACGTCAAGCAACCAATGTATGGACTATCTATCTGCCTCTCGCAGAGACAATCCTTACTGGAACCACAAACGGGTGCCATACAATTCCTGTCGCGCTCAACTCGAGCCACGGTTGTACCTAACACAATGCAGGCATCACACGATAAAGGTTACTCCGGGTTCGAAAGCGCGCTCAGATTCTTACTGCGTAGTCTACTATTTCCAGCGC,365,49.32,Arabidopsis thaliana
SEQ_549316,AGGCCCGCGAGGTCCGCTGTGAAAGACGCTCGATCGATTCTCTGCCGTGAAGCAAGTCCCGGTGGGTATCTATGGTAACAATGCCTTAAAGTGGTCCCGCATGTCAGCTCATGCAAATGGCTCGCTAAAAGCGAGTAAGCTTGGAGGAGAAATCTATGACGTCACCGATTGCCCTCTAGAATAGAGTTAACTCGCGGTTGCTGTGTAAAGCATGTTCGGAATCGGCAACCGTTCATGTAATAGCCCTAAATGCGTTACCACGGACTCGGCCGCCCCACGATGCTTTTCTATAATCTCCATATCAATATGCAGCCTAGCTCGGAAAATGACGCGTGCTGTGAAGCTCTGAGACAAAGGCTTTAAATAACAAGCTTGAATCAGGTACCCGGGTCGCTGCGGAACTTAGCGGACTGATCTCCATAAGAATGACCGTTCGAACGCAGAATGCACGGTGTGGGATGTCGGAAGACACTGACCGTATATGTACTCGATCGTAGCTGGGGCAGGTGCACGCACGCATTTTGAATCTAATTGGGCCCTGCATCACAATCATAGGCGAGACATGTCCAAGTGTGGTATGGCGGGCGCCGGACGAGTGACCTGTAGAAGATTTACTGCATCTATTTGGTCGGTCGCACACCGCAAATGGCTGAATGAGCGAGGCAGGTACGAGCAGGTAACAAATTAGTCAATGGATAGCGTTATTTTCAGAAACTGCGGGGCCGTCTATACTTAGGTTATTGTACCCTACCGGCCATCATAGTTACCACTGCAGAGCTCGAGTATTTAACTTCCTCCCGTCGGTGAAGATGCTTTTGAGACAACCATGAAGGATACGACAGGTGCCTGCATTACACATGAGATAGTTTTCCTTAAATACAGCGCCTGATGTATTTTACTTCGAGTCAGTGCGCACCGTTCCGGAGTTACCATAAGAGCTTTAATTCAAGCGTTAAACTTACACGGATGTCACGTCACCCATGAACAGCCGCACCTACCATAGACAAAGTTCTCGAGTCCGAATACGTCCCCCAGTACCCCTATCCTCCTAAATTGCTACGCGAGAAAAGCCCAGGGTTCGCACTAGTCGGTTGTAATCTAGATGCATGTG,1111,49.41,Homo sapiens
SEQ_474416,TACCATATGTCCCCAATCGCCGTGCCCCAACATCCTTTGACGAAGCAATCACGTGGGATCCCTTATATCGGACGAGATCGACAAGTACGAAGCGCGAGTTGCGACCTAAGAATGTAAACCCAGTTGTGTTGTTAAAGCGAACCTTCCGGACATCCTAATCACATCGTGTGGTGAAAGCTCGCCAGTCCGGGAGGAGACCGTAACGAGACGGGCCTCCGCTTTGTCGTAGTTACTGGTCTTCACGTAACACTGGGGCATAACGCACTTTAAAGGGTAGTAAGTCGATACCATGGGATCGCGTCCTAGCTAAGGAATATGATCCGGCAATAATTCTAAGCCTTGGGTGCATAGCTTACCCTAGTCCTGCGGTGATATTGGAGCAGAAAGATTGCCGTCTATTGGACTCTCAGCCGTAACAGACGGGACTTGGCGATTCACGTGGTCTAAAGATTCGGTAGATTATGGCTATCTAGATGTTAGTAAACAAGAACAGAGCTTCTTCGAGTAGGAATCGGTGTAGCTAACACCTAGCATTGTCAAATTGAAGATACGGAGAATGACACTGTACCGCATCTACATTACGGCTCCCAGGAGAAGGTGGGACAGCCTACAGATCTACGATGTCACACCTGACTGAATAGAACTGGAGCCAGCCTAACAGGAGATTGGTCATACTTTCTCTGTGCCTTATGGTCTCATACGATGTAGGGCCGAAGTGCCAGTGGGAGCAGTATAGTAATTAGCACAGCCGTCGACTTTAAGCCGTTACTCTACATCTGTGGCGAGCGTCGCGGGAACGCGGTCATATCGATTTACGTTATCTATAAACGGGGGGTTTTCCACAACTGGGGGGTATTCGGTAAAGCGTAGTTCGACACTGAGTCCAAAAGGTGTGAACTGCATTCATAATCGGGTGCCTTGCACTACGCACATATCGATCCGTAACGACGGCGATAGCGGTTGTTTGTAACGTGGATCGTCATAGGCCTGGATCCGACTATAGACTCAGCGCGTATTGTAAGTGGGCCATCTGACATGATCTGGCATTCTTCTTACACACAGCGAGTCACAACCCTTCAGTATGTAGTCTAACTTCCATGTTCTATCTTGCCGGCTGAGGGTTAACTATCGTGTATTGAGAGACTTAGATTGCAAGCACCGTCCTAAACTAAGCGCCGTTGGGCACGAAGGTCCGGAGAAGTGATCAGATACTAGATACCGAGCTGCTGCTAACAGCTGACTAGAGTCTTCATTGTTTTAGCTGTCAAGCGAATTGCTGACTCAGTGCGGTGACTGGCGGGCTTCCCTTTTTCCATAAGCATCGAGGGAAACGGCGCGGAATCTTCTATTAGCGAACTAATACAAGATGGAGCTTGAGCGCACTAGTACTGTTATGATCGGCAATGTTGCGCTAGCCAGTCCTTGCGAAACATCGCAACGCGTACCCTTGCTTGACTGACTACGTCCATTCCAAATGCTTATTTCAACCTGGTACACGCTCGAACTTGCCATCCCGCCGTATAATTACGGTCATATTCTGTCGACAGATTGATCGCCAGGGCGGACTACCATCGGGGCAGTACACCCGCAGCTTAACGAGTCACAGGCTACCTCGCGTGTTATCCCTCTAGATCAAAACCACGTCCAGAGTGATTTTGTGCACTAGCAACCACTATGCCAGTCATAGACCACCGCAAACAGGGCTGTTTGCCCAGTTTCGCCCGGAACCTCCCACTGAGTCCGTCGTTGAGGGGCACTCCAGGCTCTTCCGTGGGAAACCCTGAATCCCGGGGTCCCCCCTCACCAATCGGCTTATTCAAAATTAGCCACTCATGTATGAGCAAGGCTTAAAAACGATTGAACTGCGTGCAGGGTGTGCTTGGTAATTCCACGAATA,1897,49.76,Caenorhabditis elegans
SEQ_234281,GTCATGGGAGTAGCTGGAGGATCCTCAAGGCAAGTGGAGTATCACCATAGACTTCCAAAGATCCTTATTGCCGCTCGCCAGCCTATAACACCGCCGACCGCTGAATATTCTCCCTGCGTAACTGATTACCGGTGGCCTGAGCTAATAAGCGCGGCTAGCTGGATATCCGCTTCATTATGGTATGTTTCACGTCACCAGATGAGTAGGGCGGCGCGCTCGTAAGATAGCGGTAGT,234,52.56,Homo sapiens
SEQ_696390,CGTGGGGTTATGTAATGACGCAGTCCGGTCCGAACCCCTATTCGCGCTAATCATTCAGTCATGCTAAGATCTCTTACCATAAGGCAAAGGATAGACTGGCACCCCGACACGAGCCGAAAGTGGACACAAACAATGCGGGATCCTGTCGCGGATTAATCCGGGCGGGACAAGGGCTCGAAAGGAGTGTCGAGAGGCGATGCTCGGCCGTAACTGTCTGAGCTATCATTCAGATGACCTCGTCGGACAGTGGGGCGTCTTAGTCAATGGCCTTGCAAGCCTGTGTTCAATCTCCACAGTTCGATATGAGTCCGAAGGGGGGGTTGCCGTAAATCGCGGATCTCACTCGACACCCCGGGGCACGGCCCCAGTCGGCGACGGTTAAAAGCTCCCCAGTCATCGTTCCAATTGGGTGCACACCAAGACCGTAGGAGCGGAATGTTGACAGGGAGGCCGTCATATGAAGAGCATTTTATGACGCAACTATAGTACGAAGTAGTACTTTAAAGGGACTATGACTCCTGGCATGGAAAAGCTGACGACACGTAAGTCCGAGAGTTTCATTTAACCCATCAGACGATGAAGAGCGTCTCAACTGGCGAAGAAATAGGGTTCGCAATACCTAGGGAACAAGTCGTAGCGCCTTAAGTGGGCATTTAGACAGGCCAGATCCCTTGTATATAGGTCGTCAGCGATTCGAAGATCAACATGTATATGCTCTTAAATGGGGGAAAAAAGGACTGTGTGCTGACCCCGCTGCGATCTCTGTCTCATGCATAAAGGGCGCGAAGGTCTGGAGCACCTTGCGAATCAAAAGGCCGAGGGTGGGCCGAATACTGGAGGAAGCCGTAAATTCTCACTGGTCAAATGGTGTCTCCAAAATTACTGTTAGCGGTAGGATTCGAGGTCATCTTATGGCTTTCTTCTGAATGATACCCCTTCTTTTGTTGAATTAACATCCGTGAGCGCAGTAGTTACTTTAGGAGACATGGAGTCGATGTACATCCAGAAGTGAGACATGGGATTTCGTAGTACCGAAGCAATGACAATAACTTGTCGCTTGCCAGACTCAAACAACGGGCGACAAGCTCGCGGTACTGTAACAAGGAATGACTCTCGGTATTTCATCTTCTCTATACACTGCCTCAATCTACTCAGCAGGTTAACCAAGTGGTTTTGATGTGATGTTGCCGAATGGAACTGGCAACGCAATCCGCGTGAGAAGTTGTCGCAAAGATCACACTGTCCATGTATTGGCCTGATATATAGGAACTATAGTGTCTCGCTCAGGATCGCAAACTGGATGTCGAGGAAGTAACGTAAAAGCAATTATTCCACTGATTTTACGGACCTTATATATATTTAACCGTTAAACTCTATTGACATCGCACTCCCTGGCGATTGAATCGTTAAACAATATTGGGGAGCGACATGGTAAATCCCATGATGATCGGGTCCTATCATTCGACGGTGGCACGTTATGCCGATAGCAGTTAATCCTATCCGGCCCGAAGACTTATTGAGTTTCGGCTGTTATTGCCCTGAGTCTCGCTAGGGTTTTCGAACGCAGAAGAGAGTTTGGAAAGTAAACTAACCGCGGGCGTGCAGCGCTCCCCAACCTTGTGGGATCCCTGGGACGGTTGGT,1642,49.15,Saccharomyces cerevisiae
SEQ_659502,CGATCCCTATTAAGGAGCAAATGGCCAATGGAAATGCATACCTTGTTATTAATACTCAAATGTGCGCTCTGGATGGACGATATTGATACCCATGACAACTGAGGTGGTTGGAGGGATTAGTGTTTATTGGCTTATCACCAACACTTAGAAGACGAAGGCTGAAACTGCCGCCGTTATGTGGTCCGGTTCCAGTTCATTCCAAGGGTTGGAACGCCTAATCGGGAGAAGTAGAGATGCATGAAGGCCGCCCTTTTTCGGATCATCGCTTTTCCGATAATCGGCGACCCCAATTGTACAGCCGTTATGTACTATACACATACATCCGGCCCAGCGACATTTGCGGTATGTCATCTGCGGGTGTAGGGAGACGGTCAACATGCGGAGGAGACAATTGCTTCCCACGGATCTTATTCAAGTGCCTAGTAACGCCTTCAGGGTCCGTATGAAGAGGGACAAGTGGAGCACTACAGGTAAGCAGCATTAACGACAACTAGACTTTGACAAGCGCGTGGACGCGTAACGTTAGGTCGTCAGTTACAGGCTGTCACTATGCCATCCTTCTTCATCCCGGATAAGACGGTCGTTACGGCCAAGACATTCTGCTAGGTGGTGCAGCGAAGGCCTGACCAGTTTGCGGTTTGCCTGATCGAACTTTCGTAGGGCCCTCACTTTGAATGCATGGTCATGCCCTGAACTAAGCGTACATTGCAAACCGGAGATGGGGTGAATGTTTGCCTACCTACCGGTCATTGCACAAGCTGAATATGCTACAGGGGTCGAGGATAAACAACGGAGGAAATTTCACCCAAGTTACGATCGAACCTAATTTCAATCTATGAAATGGTGGCAATTGTACTGGTCGGCACGCTGGTCGGCTGAGGGCAATTTGAGTATACTTGCCGCAGTCGCGCCAGAAGCACGCTTCAAACGACGCAAGCCCATGACAAGCCAGCGCTGCTCATTCCCTGGATGGTCTACACTGGACTCAGTTCTCATCAGGGTGGCATCGCTTATTGTGGACAATATTTGAGGGCTCGGTCACCCTATCTCTAACTTGACAACGGAGGGAAGGATTGCACTTAGGACACGCGGGGTGTTATGGCTCATAGCTTGCCCTTCACTAAGACTCCGCTTTCGTAGCCAAGGACGAAATGCTGGAGCGTTTCGCGGTCCAAAGCGTTGATGTGAAAGTACACTTTCCTGATCTAGAGCGGCCAATGTTCTAGTATGGATATTAACTTGATGGTCTACTAGTTTTTTTAACTCGTGAACCCACCCATAAAAGCCGTAGCGTGCGACGCGTCGCGGCACCTTAAGGAGCCCGTAGAGGAATAACCGAACAGTTGTAGTTCCCG,1355,49.89,Escherichia coli
SEQ_444388,GATTCGTCGGCGCCTCTGTCAGAGAAAAATGGCTCCCTTAAGAAGTCAGGCTAGTTTTGTCCCTCGATTTCACACTTGATTCCTTCCCTATTGAGCAAATCGACGTCCGCTCCAATCAGCCGTGCTCCCTTGATTCTCAAGTATGAAATCTTCCGATGCCGCGACTAATGTTTCATTACCCGGAGGACCCTAATTTATGGGGATGAACGCATAACAATCAGTGCCAATCTCACAAAACGTCAAACTTGTCGGCCCGGCAGGCGACCGGCCTTTTGATAGCATGTTTTCGTTTTCCGTAATGTTGAGTCGAGACCCTTGTTTATGTATGGACCCAAGGGCTGAGTTCATAGGACTCAGGAGAGGTTGGGGTCGTAAGACGAGTGGAACTGTACGCACAATGGGACGTGGGTACAGGATATTACTCAAGATTTTTGGGCCTACAGTGTCGCAGCCTGCACGCAACACCTAGTTCTTTCAAAAGAACCCCCGGGACCGTCCTTGTA,503,49.3,Homo sapiens
SEQ_586435,CGAGACCGATTGTTCTGAGACGGAGGGACCTCTTTAAGGCTGGAGGGGTGGGTGGATCAGTTCGTTTGTAGAGGAGTTACAACGGTAGTGGAATTAGGCAACGCTTATGATGATTGACCCGTTGCACGCAAGGGAGTTAAGAAAAAAGTCAGAAGAAACCCACGCAGCTACAGGCATTTTCGACGGCTATTCTGGGCTTACATGTACATTGGTGTGCACATTGGCACCGTCAGGGTCTATTGATGGGCCGGCAATTTGATAAGTCGTCTCCGGACGCACAGCAGGCATGGGACTATTGGGTCACGACGGACCTTAACGGTAACAGACGCAGAACCCGGAGATATGTGGGACGCGGCAATTTAGCCGGTTCTGCAGCGAGAACGAACTACCGAGTCCGCTACCCCGTTGGACGGCAATTGATCGACTTCCGGGTAGGACCTTTCCAAGTCCCACGTATCGATTTCATCGCGGCATGATACGTGAGGGCGTTGGTGACGCACGCTGGAATTGAGCGTTCTTAACTCTACATTCTGTTAGATCGTGTCGGGTGCCGCGACCGATTGATGTAGAACGTAGGTGTGCACTAGAGGGGCGAGGTGCTTGAAAGACTATTTCACGAGTGCAACCTTACCAAAAAGGGTACTGCGAAACAATAAGTAGGTCATTGCTGTGCACATACTCTGAGGTCCATATCCAGATATATCGGTCATATCATGGGCACTCATATGTTAGATAATCACGTTGCCTATGACAGGGCCAACACAAACACGGCAAGTGACCGGTGCCCCGTGGGTCCCGCTAGATGTGCTTGAGTTCACCTTTCAAAGCGAGAAGTAAGTGCGCCTAAGTCTCCCATCCATGGGGGATCTGTGTTTTGTCCTAAAATCATTGGTAGCCAAATTTGACA,907,50.72,Mus musculus
SEQ_194686,GGCAAGTTGGGCATGCACTCCGAGTTAGAAAAGCATCCATCATTGATACGGGGTGCCCACACAAGCTTTAGTTACGGAGGAAATGCCCTGGAATCGTCTACGTAACCTTGAGGTGTGTCTGATCCGGACCGCCTATATTGTCGTCTATTTTCCATATAGACAGCTGGGGAAATCATATTATAAGGCCATGGCGAAATCCGCAGACGCACCACCTTAGCACCTTATGGGTGAGCGCTTGATCCATACGCCGTTCAATACATTCCACTTTGGGTATTACTGGTGTTACTGGCCCCACGTCCCGTGCATAGAGGATGCTTCTCCGTGTCGCATAACGAAGTCGTCGGCTTTAGTAACGCAGATGGCTATGTCGGCATCGTGATCAGGCTAAAGCCATCCACACTCTATGCTTATAATGATTATCATGAAAACCGGTGCACAGGAAGTTCTAAGTGTTTAGGTGGGTCCTCTTTAGATGGATAGTAGACTTATGACACCGAAATTGCCCTCACTTCACGCAGCGGATATTTTTGATAACGCTGACCTTAAGAAGTCGAGAAATATTCTCTTCGGCCACCTACGGAGGTCTTTAGCACGTACACCATCGATAACGTCAGTGTCTACCTCGCGTGGGGGTTGCTAGCATATTCCTACTGCTTAAAGCCGCTCTGAACGCAGGTTTTGCGTAACAGAGCTCGAACCTTCCAGACACTCACACTTGTATACCGCAAACATCGCCCAGAAAACTACCTTACTATCTTGTCCCTAGGTTTTAGCGTAGTCTTCCGCAGTACCAGGCTTAGCGGCACTGTTAAGCTGGAGTGGGAAAGGTGTTTTCAACTCTAGAGGTGAAGGCTCAGGGGACAAAAAATAAGTTATCGGACATGAAAGTCTAAAGGACATATACCCTCTGGAGAAGCCTTACGGCCCATTCGAGTGCCCGGTTAGAATTGCAACGTCCTCACGATTAGGATAGAAAGTTAACAAAACTTCGTTCCCCTAAACAGTGTGCCCAGTTCGGCGGTGCCTTAGCTAATTGATTCACTCCCTCAGGCCGGCGTTAATCATGCATTATAAGTAGGGGATTAACCTCGACACAGAGGGGCACCCGTATTCACGCATCGCTTCATACTCCAACTAACTCACGAGTATTTAGGCAGATCGCCTCGAAAGCTAAAAGGACCGAATCAATTTAGCACGATTTGGACATATGAGAACCTGGTCTATCTGGGTACAAACTAGAGAGCGGCATCCACCTTGCAGTTCCATAATTCCGTACCGTCCTCGCTGATATCGGTTTGGGCGTTAGCGGCCCGCCGCGGTAGATTGCTCATGTGTCGAGGCGCCGTAGCGCACTGCGGCCAGGGAATCTTCTCGGACTTCCCGTTTTTGTATGTAATGTGTTCCCACAAACCCCAGGCGCTTTCGGTGGAACTGACGATATATAGTGAATCTTCTGTGGAAGAAACAGTTAGCCTAGAGAGTACCTACTACTTCAGGCAGTACTGAAGCGTCCGAAAGCCTTCAATCTGACACCGGGCCATGTCGTGTTAATGGCACCTGGAACGAACAGCTTCTGCGGTTCCGGCTTTACCCCTCTTACGTCATACTCCAGGCGAAGCCGAACATGACAGCTTACCTCCACTCGGGCTTAAAAGAAAAATGGACTATCTAGTCGAGAGTTCGAGGGCGAGCGATAGAAATTCAACAATACCGAGGCATAGTACGGGTGTTTGCTGGAGTTGATGACGACTGGTTATGGGGAAGGGACCATGAATTAT,1778,48.82,Arabidopsis thaliana
SEQ_741119,AGGCGGCTAAAGCTCGGGTCAGGTCCTCAAAGCGCATTCTTCTTATGAAATAAGGGATGAGCCGGTGGTTGGATGGGTACGAGTACCTAGAGAACAACAACATGGTACACGGCTAGTCTCTGAGAGACCAGGCTTCTTGTTCCCTAGTATCCGCGTACCATACTGTCAAACGAACGATTCTGCGCTGCCGCGCCGTCTCTTTACTGGCAAATCGACGCAGTACAGGGGTGGGCTAACCCGCCGACATAAGTTAACTAAACCATGACGGGCTATTATCTAGTCAGATCCCTCACGGATAATGGACAGAGAACCAGAACGCAAAAACGGGGGGAGGCATCACTGTAAGGGGACCAACGAGGAAACCCTATCGCAGTGATGGTAGAAGCGTCTTCCATGTATCCAAAGCTGTGTGGGCGGCGATGTCGATCACGCCTCAAACGTCCCTTAAGCTATACTTCGGTAGGGTGCTGGACAATATTATGCTCCACAGGCTTAGATGATCGATGTT,508,51.18,Escherichia coli
SEQ_189601,AGTGAGTAGTAACTTGTTAGCCGCCGGGGCCGGAGAAGTCCGTCCGGTAACACGGGCAGCGCGTAGCGTGTCAAACGATTGGGTAACATGTTAGCCCTTCTTTCGAGCAAGTGGCTAGCAAATTATATACCGTTAAACCCATGTACACCCTTTAGAAGTTTTTCGACACTGAGGTGGTGACTCAGATCAGTCCAAGGGACCTGTAAAGATCGTGTCAGAAACCGCCTATACCGTTCAGCGGTGGTCAGCTTCCGATGTCTCGCTATACCTGAGTGGTAGGCTCATGCATTACTTTCTGCTTGTTTGTTCTGCGGATGGTCCAAGTTAGCGACTATGGGATTGGCATCTTACGACCACGTTATCACTCTAGAGTTTGACCGTCCGTTTTTTACTGATGCCGGTTTGTTAGAGGACACCACTAATCGAATACTGTCACTATTTTCAGGCCTGTGAAGTAACAGACTCATAGGGTCGCAATTTCACCCAGCGCCGTTTTTACATACAGCCATATTCTAATAGTAGGGGCTTGCCTAGAGCTGCTGTTTATAATGTCAGTCGGCCTATACAGAACGTGCTCGATACATGGATACCGTGCATCACTAACCGCTGCCATAAGGCGGGTCTAAAGGGGCAACGTTTCCTGTTCCTATCGTTTGGGCGAAGTGTTGGAAAATGGAGATAGATTTCCTATTCCCTCTGTTACTCCAACGCAATATTTCTAGAAGGGGGCAGAGTTGTTGGCTCACGATCCGGAGTACACTTATGGCAAGGCAAGGATTTCTTGATAACTCGCTCCTGAGCACACCCACCCACTTTCTAAAAGGCCACATCACGTCATTGGCAAGCCTGACTGAACCATGATCAGTACCCAGTGGCACAGAAATCGGCCCATCACAGTCGGCCATCCCAGGCGCGAGTGGCAGGTGTCGTGCAGTCATGATAGAATCGTTATCTACTTCAGGTTAATTCGTCCTAACCCGCTCATGCCTATGCGCATCTGCGCGTTGGCCACGCGGCAAGGGATGTTTAATGGGCGGCCTAGGCCGAGGGAAGCCTACAACAAATCAGCCGGCTGAACTGTTACAGCCGTTAAATCATCAGCAGGGGATTAGTAGGCTCCTCCTGGCCCCTGAGTTGAAACTTGGAGTAAGGTAAGATTCCTATAGGCGGAATAGTACTAATTGCAAGATGAAGATTAACCCTGGCTTGATACGCAACGCTAATCGCCTATGGCATATCAGAAACCGGTGCCCGGACACAATCTGTAATTCAAAGGTCGAGGGACACGTCCGTACTATCTTATTTTGGACGCGGAACTACGTAGTCGTTTACACCTGGGGGACATGCATGGACGAGAGGGTTCCAAACTATCTCGGTAGGTCCAGAATGGTTCTTTTCAGCACTTATTAGGTGTTTTCTTTCAAAATGCCTTAAAAAAAATGCCTTGCTTGTTGATCAGTGTAATGCATC,1470,48.57,Homo sapiens
SEQ_341363,GCCATTGGCCCCCGGGTAAGGGAAGGGACTATGAAGTACAGAGTTATCCTTTTCTGCGGTTTACAGCGGGGGTAACCGGCACAGTGTTCATTCCAAGAACGGTGCTTCTGGATTTTGTAGGCCTATCTGGATTCTAGCGACGACCATCTCGAGCGGTAAACCCGCGTTTTCTTGACCGTCGAGGACTCTTCATGCTGTGTGTTTCCTAACGTTTGTAGCATAGGTCGTTACTCGTATTTAGACCGGCTAAACTTCAGCTCGATCCCGAATGCTCTATTGTTTGTACTGGGATAGGTTGATTGTTACCGTAGCTCTTTTCATCAATGAGACTTGGGGACTGCATCGGTGGTGTGGCTTTCGGACTGAAGAAAAAGAATTTAGAACCAGCCCATCACACTGGTAAATATCTCACTGATAGCCCCGTAGGCGACAAAACGACCTGCTGTCCTCACGTGGAACGGCCAGTGCATACTAAGTGTGGCTGCTACCCGTCCACTTGCGCAGTGAGCCCTAATACGACTAAATGTTGCCTAGCACTCTTGACTCGCCATGATACACAGATATTATTCTTATAACACTGCGGATAGAAAAGTAGCCCGATAGGGTCTCTGAATGTTGTCAGTACTGCAGGGTGGTTCTTTCGTTAACATACAGTTTTCCTTAAGAACCGTCGTGATATTGCCTGTATTAGAGGTGGGACCTTGACAGTGACGCTAGTAAGCTCTGGAGTAACCCTGAATTAGGTAGACGAGTCTTGCGTATGGTATCACCCAGTTGTAATCGTTGTCTGTCCTGGACCAGTGGCGAAGAGCCAAGAACTAAGTATTGTCTGGTTCACCTATCTGGACGTCTCACCATCGGCTCCTTTACCCGCCTGGTGTTCTGCAATTCACCGCTCTTGCAATCCAGAAGGGCTTCAAACTTGGTGTGAGATCTTGTGTAACGGTGTGTATGATGCGTATCCTAAGTGAACCTATGACTAAGCCTCCACCGCTCCCTAAATGGTTCGTCTAAGGGCGACTAAGAGCTTACAGGGGCTACCCAACGGAGGGTACTCTCCGAGCCTTCTCGTATAACACACGTAAAGGTTCGCGGTTCACGTGCGGCGTGTCGGTATCAGCTCCAGAAGGGGCGTAGGTGGTCTAGTCCGTGACAGCTCGGATTATCGATTAGCTCCGTGAAGAAGGCAGATACAGACCGGAGCATTCTAAAATGTTAGTACAAAATTTCTATTAGTGATGAATGAGGGCCGTAGCAATGCCCGACAGTTACCCTGTTATTTAGATCCACGTGTGCTACTCGAACGACCTACAATAGTAGGACCTATTTAGAATCCTGGGGCGCTGTCACGACAAGTTACCTAAGTTGGGCTCATCGGAGGGACCCAACGGGGTGCCGTCCCAGCTGAAGGATCAACCGGTCATTTAGAATCCTCCAGCTTGCCCATGCAAGCCATCGCTAAACTTTGTGCGTTAATTCTTGCTACGATGCCGTATGTAGTGAGGCTTCCACAGTTACCGTCGGTACCTAAGACGGAATAGCCTCACCACACGACGGGAATACCTTTTCTCGAATCGGTTTAGGCTGTAGGGTTGGTCTAGTCAGTGGACACCCAGTCATAAGCCCTCGGTTAGTGGTAGTGTCTCCGCAATTCCACAACGCCTACAACGTCTTTAAGCAGTTAATCTAGTGCACCCTCGGTGATGACAGTGGCGTGGTTTGCATAACTGGCAACCATATCGGTCGGCCATCCACGTAAGTTCCAGCTGGCAGGCCGGCCTGGGTGTTCAATGATGAGTGAGATTTGACGTGATGCGGGACAC,1823,49.75,Saccharomyces cerevisiae
SEQ_838975,GGAGCAGATTTGGCTCCGAATAGTCGTTGGTGGTGACGACATCATAGGTAAAGACCTCTATGTGGGGCGTGCTCAATCCCCCTCTTGCGAATCGGTTTCAAAACTTGCAAGTCCTAGCTGTTCCTAATAACAGCCTGATAGCCGGGGGGTCTGAGGATCTGATCCGTCAGATGTCCAGGCTCACCCCTATCGAACCGCCCGTCGATCGAAAGTTCTCCCCCAATCCGAACGGATTCGTGCAGGAAGCATCCATCGCAGGGCTATCGAGAAGTCGGGTTTGATCGTGTGTATATTGGCTTGACCGTACTGAATGAACAAACTCCAGCCTCGCGTTACCCCAGTCATTGCCTGTTGATCGGTAACGAGTCAAACACTACAGCGACAGTTGGAGCTCAGGCGTCAATTTAGGTCTTCCTGGACAAAGAGACAGAACTCGACTTCGATATGTGGCCAGCTTTCCTTTTAACTCCTAGTCAAGCGCCACATCGACGTATTGGATGATCAGAGGTGGTATTACTTCGGGACCTCTTGCCATATGTCCTAGCTTCCAAGTCGACCCGAACAACGAGTCATGATGTTGATTGAAGGGAGTCTGCCTCCAAGATAGCAGTCTTTTGTTGCGATATATTACGCTTAAGGATGTAAGACCTAACTGCTAATTTGAGGTGCCGGCATGTTAACTGCGGGAGGACGGGTGGCAGCGAGTAAGCCAGTGCGCCTCGTATTCACATGGGGTAGGTAGAGCTCCGTTATTGACCCTCGAGTTAGTTAGCCCACCGATCACGCCCTGAATGGATTTGGTCCTTTGGCCTGCACAGCTACTGCATAATCGTTGGTACCCAACGGTTCGAATTGTCACGAGGGGCGCTGCCCTTGGTAGAGGGCAGTCAGCGGAGAAAGAATCTCCATGATGAAGCTGCCATGTGCTTAAGTTAGTGTCAGAACAGGCACAATATTCGCAATGAGCGACGGGTAGAAATAGCTTCCGCAGAGAGCATGTAAATTCAGACACGATTCCTTACTATCGATGAATTACAATGTGGATTGTTCAGATCTAGAGGACAGGAGACCAGCACTCTCGCCGGGATTTTCTGCTCACGTGTAAACTTTGAGCAGGAGGGCATCTCTTTCAGGTTTTGTCAGTGAACGAGGTGTGGAATCCGGAACCCGCGACAGGGACTCCATGGGTCCCATGAGAATGGGCGGGTGATTCGTCCACCCGTCTGTTCGCTACAGCGATTTGCATTCTATCGTCCTTCGAACCTAGTGCGCGAAAATACCCCGAACTTGTAGGCGATTGTCCTTACACCGCATGTTATTATCCATCCTATCGAGTGACCTTGCCATGCCAGATCGCAACCGGCGAACATCCTGCATCCGCAAGCATGGTAATATGACCAACCATTACGATATCCCACGATCAACATTGTTAAGATCACAGATTTGGTGTCATGAATCTTTAAATCACTGAGGCAATGTAGCACGTCAGCC,1491,50.17,Mus musculus
SEQ_940058,ATAGGGTTATACCCGTAGGACCTTACTATCATTCTCTGCGTGATAATGAATTTCATT,57,36.84,Caenorhabditis elegans
SEQ_835609,CTATAACGTTATCTGTGCGCCACAGCAAAACCATCGTTAAGGAATCCTACGATCAGCGTCGTCGGATACGGGCTGCCACTATTCAGGCTAATATCAGATTGGAAGATTCTGATGCGAACTCTTGCGTAGTCTGGATACCACCAACTGTTAACGATCGAGATCTTGAGGCTCAGCCGACATCGACTTCAAGTGAGTAAGAGCGTTGAAGTAACGTCTTGAAGGCTCCCCGAGGATCAAAGTCATCAGTCCACCGAAGCCGGTTCCTGTTAGGTGATTATTGCAGACGTGAGAGCCACTGCGTAGTCGAAGGCCTCCTCTAACATTCGGTCCGGTGAGATCGCACACTGGTCGGTTCGGTTTATGGCGAGGAAGCATGACCAACGCACCGGTAACCTACGTTTACATAAGTGTTGTAGGAGCGAAGTCGGATGAGATAGGCCGCATTCCATGAATTAAAATGTTAGTGGACGGCCTACCAACCATGTCAAGCACGTCTATACGATATCATATTAATCTGGGCGGTTCGGCTGTGTCTCGCACGCATCCAGAGCGCGATTGAAGTTCGATGCGCCTATAGAATGGTGTTTCTGTGTGGTGGCATTTTTGACCGAGTGTGACGCTTTAAAAATAGACTTCTCTTATAGCCCCTTAAGAGTTTCGTCCAAGCTGTCAATTAGGCGACGTGAGCCGATGATCCACGCGAAGATTTACGAAGCCTATCGTCAGTGACACGAGTTAATTATGTGTCTCTCCATACAGTGTGGCCTAACCGCGGTGGGACCAGCGGCGTTTCATCGTGGGTCGCTCGGTAACCCAGAAAAAGAAAAACCAGCAGGCAAGACTATATCGGATCTCCCACGTTAATGATAACACTGACGTCGAGTGACAGTTCGCAACCGAACGGATGCCGGCTCCCATAGGCTACATGGACCGACAATGGAATATGCGTGATTTGCTAGTTATACATTTACGCAATTCCCAAAACGCCCTTGCCCAGCAGATGCCAACATATCAATACGTGTGCTTATTATGGACTGGCAGAGAGCATGAGGCTAGAAGACTGACCTACCTATGCTCACATCCCCGTGAGACCCATCGTACCGGCCTTTTCTGTGGCTCCTTGACATTGCTAGGGCAAAGGCCGAACTTTTTGACGTTCTGCACTAGGGTGAGCCTACTGTCGTATCTCGGTATGTCGAGAAGCTATTTGTTTGAGCAAGGTTGTAATAAATGTATCAGCAAGGGCCTTCCGACGCAACAGGCGCCAGCTGCCACGTCCCACAAGGCATGTGAAATATATTAATTGCTCTCACTTCAATACTTTCATCGGCCCAACGTCTCTACGAGCTCGAAGCCGTCATAGTCAGAAAATGAAACCGCTGTTTCGCATGGATGGCTACCACTGAAATATTCGGAAAATCTCCTGATGACGGCCCGTATTCCTAGTACAAGGGATCGGCCCCGCACACATTGCTCAGAGCGTCTAGATCGAACTTGGTCTTTATTCGTATTTCCACGAAGTATCGCGTGGGTCTACGGCCAGTTCGTGAAATTCTCAGGACTTCTGTGGCACCCTCTGGCGACAACCGCCCTCTCTCTCTTACCGAGTCGAAAGGCGCCGCAGAGTGCTGTCACGCCGCCGTATACGATGGCATTCGAGAAATTCTTTGGTCGAGGATCCCTCAATCTAACTTCTGGGGGAGTGATTAATTAGATCTGCTGCCAACAGGCGGATTTTAAGAGCTCTAGACTCGGCTGTTCACTTACGGTCGGCCCTGGGGTACCGGAAATCTGATACTCACTCTGAGTCTTAGGCGGATCTCCTACCGAACCTATGTATTTACTCGTCACCTGCTTGCCTAAAACCCTTCACATTTTCACAC,1883,49.65,Homo sapiens
SEQ_923913,GTTGTCCTCCCGCGTGCTTAATGAAACAGTACTGAGTCGGCGGAATCGCCCGTAGTGGGTCTCCTGTTATTGAAAAGTGGTAGGTCAGGCACGTCCCGCAGGGGACGTCGTGCGAGGCACAGGCGGGGGTCCAATCTATCGTTCGTTATTCTAGCGTAAATTGTCGGGAATGCACCGGGCGATTGCTTTCCAGGTCGGTGTTCGATACATGTGCTGTCTTAGATTTAGTGGCCAATCAAACATGCTAGCGGCCGGGGTCCCCCTGCCTTTTGAAACGCGTTGGACCAAAGTCAGGGGGTTCCTAAGTTGTAGGATTGGCGATACATATCCTCGGAGACTATATAAGACCAGCTGATAGTAAAACCCGATTACTGAGTAGGACTTGTACCGGGGTATCGCGGGTATTCA,408,52.45,Escherichia coli
SEQ_685249,TACCCCACCGCTTGCGTATAGCCATAGACGCCGCCACAGTTGCTTATCTGTCTTTGTTTATATAGTTGCGACAATACTTCGGGACTTGATTATTGTCCAGTCCGGAGGGCTCTGTTATGGAGCCCCCCATATTTTGGGCCCACCGCGGGATGAGAATTCAAGTGTTTCGGATGAGCAAGTTATTCGCCACTAGCACAGACCGCCTATGGAAGGCTTGATTTTGGAGGCATCATGGCCTTGAATGGCTCCTTCATAGATTAGGTCCTATTTGACAATAATGCGAGCAAGCACCGACGTCTTATCGACAGTGAAATTCTCGAGTACCTGACCGTGCGCATTCTATCGCTATGCGACCCAGACAGGCTTTCTCGAACGGTCCTTCTCGGCGACGAAAGGGGGTCAGTTGATCTAACTGCGATACCCGACCGACTAGAGGACAGAAGTAAAAAGCGTCTTGCACAAAAGTTGATAGCCAAACGAACAACTTGCTTTGTTAGCACTCTTGGAGGTGCACTGGCCTTCTGAGACCGTATCTAGTAGCCTCAGGGTCTATACGAAAGTAAAATCCAACTCATCAAAGAGTTCTTACCTGGTGAGACTGATTACACCGCGCACTTGACCTCGATCCCGGGTTGTGGCGAACTGCTAGGGGCTGTTTCATGAAGCGGCGTCGTGTCTTAGAATCCATATTCGGTTACACGTGCACATCGATTAGTACATGATAGATACTGAAACAAATCTGCGCGAAGTCGGTACCCGCGCAAATGTCGCCCGATTCGGCTCAACTGAAATTCTCTGGCCCTTTCCGCGTTTGCGCGGAATCAACGCGCGTCGTCACCACTCATGGAGGGAGCAGTATACAATCTATTAATTTGACTCCCGAGGTCGGGCCCCTCGGCAGAGATGTTGTTTCAGCGGCAGTGGCAAGAATCTTGGCCAATGGCCCAGCTACTGCCACTCTTAGGCCGGAGATAGTATCTGTGTGACTCTCGAGCCAACGACCATGAGTGGTCGCTTTCTCTAAGTCATTAGACCGCGTGTTTGTCATTGAGGTTGAATGAGCCCGAGTAGGGTTCACCGAAAATTGGCTATTTGTCAGCTATCTTTTATACGGATCCGGGCGTAAGCCTAGCTCTCCTGTAAGGGTGGTACTACACTTGGTTCTATACAAAAGGGATTTGTAACTCAGTATAAGAGAATCTATGAGGATCGATTTTAGCATGGTAGCGCATCTCACTCCAGTAACAGATAGAAACGCACCGGACCTCGACGGGCGGCAATTGTTGCCCGCTCTATACTCCGCCACCCCTATAGTTTTTTGCACTAACTTACGTATCCGCCCCGAAGCAGTGCCAGGGTGCCACGCCCGGGCAGCCGACGTGCTCACTCGTTTCGGGAGGAAGGGAC,1407,50.6,Mus musculus
SEQ_340711,TTGGGAATATTTCCAACGCCTGCTCATCAATACTTACATAAGACTCCGGCATACTGTTAAGCTAAACGGTTGAGCCTAACCCACGCGGCTTAAAGTATTACGTCCGAATTATTGACGGGGCGAATGATCTACTGTTTGCCGGCAAAAGCGGCGTTGCGCACCATTGACCCCCTCGTATGGTCGTCCAAGGCGGCGGGGAGGTATTTGCTTCCTGCCGCCACCCATAATGTTCCCCCGGATTTCATAACTGAGACCCACATGTGTTATTAGAGTCAATGTAAATGGACATGAAGGTCTTACGTGATGAGGTATTGAATCACTCCGAGGCCATCTACGCCTTAACTAAGGGAAAGGCCAACACACACGACCCTGAGTCGTCCGTAGTCGGGACAAGGTCGCAAATACGTGCGATACTACACCTTAACGATCGCGAGTCTGCTTAAGCGTTAAACTAATACGCCGAGGGACACCATCCTCTCACCCAGCCTCCAGGGTACAGCATCACATTGTTCTTTTTTTGCTGGTTACGTACCGAAAATTGTCTGTGGCATTCCTCGTCCTACGGACTTTTTACAGATTGGGATTTCAAACACGCCTCTGAGACCGGCGCAGTCCATAGTGCGTGCTGCGACGGACGGACGGTCAAGTGATAGTTGTAATAGCTACCGGTAATACGTTAGTCGCTGTTATTAACCACGTCAGCGGCTCCTAACTTCAGTTGACTGCGGGTAGTCCGATTGTCTTCAAGCCTCCGGCGCGGCTGTATTGCCGGGGTTATGGCTTCGTCGGATAAGCTCCGCCGGAGTCATCGACGACATATGGCGACTGGTCTCCTACCCGTGTTCGCTTTCAATGAGCGGTCGTAGGGACCTCTGGCGTGTTTAGCCAGCTAGGTACGCATATAAGTAAAGCGTTTTTGGGGGAGGCACCGCTTACTGACCTCCGGAAACCTGCACGTTTAGTGTATCCGGAGCGCCAATCGCAGCACAACCAACTTCAATTTGCGTGCGGACACCCC,1018,51.67,Drosophila melanogaster
SEQ_409428,GTCTTCCCGCCGTCCTGTTCCTGTTTAGCATTCCACGCGGAATACTGACCGTCCACCGTAAATTCGGCTTTCACATACGATTTCAGGAGTCTACTACACGTCGCGGTCGCGTTGAAAAGTTTGTCCGTTGAGTGACATTGGATTACGGTAGCCGAAAAATGCCCTCCTGAGCGCACACGACGGGATACGATCCGAGTGGCCACCATCGGGCTGTGGATGTTCCACTGAGGTCTGAGTTACACTGCGCCTGCGTGATATCACGACTGACGTACTGGATAAGAGACATTATGATCCGCCGTTTCGGTGCTGCCCATGAGAGGGGAGATTTCAACCGAATCTTGATCGGCCCGCCTACGTCTAGTATTTATAAAGTAATATGGGAATCTCCCGGGGTCCTAGTGGTTCACACGTAAAATAGGAAACATGCCGCGGATGCTATCGTATTGTCTGACTCTCCTTTCTCGGTTCATCAGAACGCTTTGTATGAATATCCTATAATCTCCCATTTTATCGGCGCCCGTGCAAGCGCCTCCAAGCGACGAAGAAAGTAGGAAGCCCTACGGCACGTCTAAGCTTGCCCGGCGTTGGAGGTCTGTTAACTCTCCTATGTTCATGTGCTTCAGAGTTTGTTAAAGAGACTACCTGCCGGATCCCACCTCAGTAACACCGGACCCCCAATTTTTGGCGTCCTATTACGTAGAGCACCATTCAGGTGGGGCGTTCCTAGAACGACCGGCCTCCTTGCAGAGCCCGTACCGCCTGCGATCTGGTATCAGTCAACTGCATCAAGAATCCTGATGTGGTCTCTATCCCGACAGCCTCCAATCCGGCATCCCTCGTGTGTCGACCTTTTAAACGCATTCCACTATAGGTGGGCAAAATGGCCGGCTTATCAGATAGACATATTCGATTTCACCGACTGTTGCGCTTAATCCAGAGCCTAGTCATCTCAAGATTCGCGAAACTCCGATACTGGTCGAAATATTAGTAGGTGCCGGGCCCTGTCTGCTTCCATGGGTGTACGAAGTAAACCGTCACGACGTAATATTCTTACTTGGTTTCCTGCACAAGCCAATTCGTTAGTCCGTACCAGAGGCAGGAAACATGCAGGTTCCGTTACTCTGTCTGTGTGCGCGATCGCGGACAACCCCTAATACTCATTACCTCAAGGTAACTAACGTTCGTTTGTGGCAGTTCGCTCCGAGTGTCTTGCTCAGAGC,1220,50.98,Caenorhabditis elegans
SEQ_189376,CTCTCACCCACGTTGAGGTGAACTGCGCCGAACTTCAAGGGAGACCTCGAGCGAGGGTTAGGTTACGCCGCCCTATACTAACTGGTCAAGTTACGACTGTTCTTTCTGACTTAGCGATGGAGGAT,125,52.8,Homo sapiens
SEQ_130841,CTGTCAGTCGACCGGCAGGATCAACCTCTATAAGAGTTTAGGGTGTGGGGTACGAGAGGAGCAAAGTAGGCGCTTGCGGAGAGCATCGAACGCAAAACACCATTGCATGCTACGTCCGTTCGGCCGTTTTCACCCTCAACAAATAGTCATTATCTGAATAATTCGCTATATCGGCACGAGTCATCTTATCTTTAGTTACCAACCAACTGGCCTTAAAATAGAAGAGAGTTACACTGTGACATGTGCTCTATTGCGTAAAGAATAGGCCCACAGTACAGGACCCTGTGAGTACTGAAAACGGATAATAGTAATAAAATGTCGGTACCTACGGGAGTAGTACAAGCTGTAGGCTGTATCCCGCGGCGGCCGCTCGCCCCCCTCAAATGCACACACAAACTTGATAGTATTCTAATCAGCATGGTTCTCTAGCTCATCACCCCCCTATTACGCGCAGGTAGATAATAACGTGAGAGAGAACTCCGCATGAAAGCAAGTATAGATTCATTCACTTGCACAAAGTAACGAGCATTGTGCGGGTTTAAACAGGATTGTCGCTAATTTTTTATTGTCCTTAGGTGTTAACGCGCAGTCCTAGGTAACGAAAGAGGCTGTGTGCGTAACGAGTCCTTCGAGCCCATGGATCCACCGTTGGTAAAATGAACAGTTTGACATTGGGGACCGTCGGGGCCAGACTGTTAGAATGACGATATGTTAAAGTGTATCTGCCCTTACGGAGGTTACTCAGTTGGCGTGGGGGCCAACTATGACACCAGTCAGTAGAGTAATGCTCCTAGGAGTACGATGTGCCAGAGGCCTGGCGGCCGACGTCATCTTCATATGGCGAAGGATAGCACGTCTCAAATTTACAAACCCTCTTTGAACGTGCCTACATGTCAACTATACGCAACCACATGATGTCGGATGGACTGAAATCACCGGATATCTCAACCATTAGAGGTCGCGGCATCCGGTCCCAATCTATGAATCGCACTACTGAGGCGCTCGGGGGTAGCGTCTGTACATGTAAACCTAGTACGAATCACTTCCTGCTGCGGCCGCTTAGTAATCGTGGAAGTCACAGTTTTGAAGGCGCGACTCATAGATTCGAGGTCTCAAGCCCTACTCATTCATGAAACTTCCAGCTGCTCCATCTCTGCTCCCCTCCTCTCAACGAGTCACGTGGACAATATAGGGCACAACGTTAAGACTTTTCTTTCGTCATCCTTTCCTCGCCAATGTTGAATGTGCGATGGAAATCGAGCATCTATGCGTCCCGCGCCTGGATTGACATTGTTGGCCATGCTGTCCACTCGCTATCCTCTTCACATACTCCTAACCCACGAGTCTGTGTTCAATATAATAGT,1364,48.17,Saccharomyces cerevisiae
SEQ_517362,TGGTGCGGCACCTGTGAGTCAGTTGCATCGTCTTCGCATATGCTGCGTCGCTATCATGTTAGAGGAGGCAAGAGACCGTATAACCTACGGCATGCTCTATCCCCGACCCCTCCAAAGTGACTCCGCGCGTCATGTCGCCGACTGAATTAAGTTGCACCCCTTCCACCTTAAGGGGAGAAGCGACCGAGCCATAGGTCCTCCGGTTATAACCCGTCCAACGGTTTAAAACCAGCAAAGTTGCCTCAGTTTTTTCCATGCTAACACGTTTAATTCCAAAAATGAGCCATTTCCAAGAATTTCGGAGTTCGAGCCTGTAAACCTCCAACGTAATGCTCAGGCCCACCCACGTCAAAATCCTTTACGCAGCCTGCAGTGTGGGTTATCATTGATGAGCGCATCACGTGATCTTCAAAGTCGTTCATCATAATTCGTCCACATTCCGCGTTAGGGGGATATGCCATCCTTAAGTGATGTCGATTACTGAAGGTAAGCCGACGTTTTGTAGGAAGCCATTAGGTTGGAGACGTAAGTTCGTCTTTTCGTTCTCTCGCGGAGTAATTTAGCACTCCCATAATAAATCGTCTCAGACACTTGGCGACATTTTATGAATTCGCTTGAGGTTGCACGGTAGGCCGCTGGGAGGCAGGGGTGCGCTTGACGGCGTGGTTCTTTACGGCTAGCAAAAATCGACTGGGTCGACGCCTGGTTAACAAGGCCGGATTGTGCCGCTTCCGCATAAAAGAGACTGGTGGGTAATGAAGCCCTTACGTCATAACCTTCACATTCTGCTGTTATCTTTAGCGTGTTGTCGGTGTTACTACGGGCCAGCAAATCAGAATTAGTACGACTACCCACGGCCAATCATTACGTATCTTGCTAACGCGATGCCGTAATCGTCCCCATAGCGTGAAGACCATTCCATGTGCAAGAGGCGCTTGTGAACGGGAGCTACGCTGTCGCGTGGGTGCGCCCCATCGTCAAATCCGTACTCGGAGGCTGCAACCAACTTTGGGGAGGCGTAGGCGCGTATGATAGGTGATCCATCAGACCAAGATCGCCAAGGCAGGCGGCGCCTATTTAGGCAAGAATGGTTCCAACACGCCCTTGTGACGCCCTTGGTGCGATAATTAAACGTCCTGTCCCCGTTGGGTTGCCGCACGTAACTTACACATCCACACTAAAGGCGGCCGTACTTCCTGAGCATCTGAAAGCTTGCCGCTTAAACATGAGGAAGGATTTTAGACACGGGAGTGCGACCGGAAGTTTGGTAAGCGCTCTGATGAGCAATACGGAGTCTAAGCTTAGGCGAAGAGGAAAACGGGAATGGGGGCAGACTCTCCACATAGAAAATTTTTCCCCCTGTAGTTAGTTTGGTTCAGCAAGGCGGGGTATACATTGTGATAAGCGTTTGCGGCAGCGGAAGAACCGGAAAGTTCCGAACTTCAGCATTACAGCACTCGATCGCCTACAATGTTACCGATAACGGGCTCTAAGCTTGATTCCTAGCATATTGCGCATATCCTTAAGGGTTATGGAGAACCTGGTGTTAAAAGAAGAGACGCGGTACATGCGGTGACGTGGGCGGTAGGCTTTTGGTAGCGCTTGCTAACTTTGTACTCTCTGCAGACCTTTACGAAGATTTACGTGGAAAATATTCACGCAAGGGTCGTCAGAAATGTCGAACCTTTCGCATCAAAGTCTTTCACCGCATGAGTCCCCA,1720,50.35,Escherichia coli
SEQ_531334,GGTATATTATTTCCTAAAACTCATGTAATTCGAAGTCGGGTTCTCAGGTAATCTACTGTGGTTAACCTATGCATCGGCTCGACCTGACAAGGGCCAGGGGGGGGACGGCCTCATCCATATCCCGGCTCCCACGGGCCCAAGATATTCGACGATGACTACGAAACATCTATGATATTGAGTGGGGACTTGGTAGTACGCGTATTGGGAACCATAGGAACTTGGTATGCGATTCGGGAACCCGGTAGAACCAAGATCGGGATTTTGGCTAAGTAAAAACGTCGTAAGGGCCTCTTGGCTAATTAATTCTATATTCTCGTAAAAAGTAGCAGACTATTCACATAAAATTAATCAGGGGAGATACGCGATAACCCCTGCATGGATCTGAACGAAATGTTAGGACGAGGACCGGTACAGTACGTAGTCGGAGTTGCCAAGGCTTTCAATCGTGGAGCCGCATATTAGGGCCCTTACCGACCGCTATTGCGTCGGCATTGCGCCCCTACGGGCTCTAAGGCTTTTGTCCGTTTCCGCTGCCCGTGGGCTATGATTAATGGCCCAGAGAGTCATCCACGTTAAGTTGGAACCCTTATAGCCAAGCCTCTTGAGTGCGCTTGGCGTACGGGATAGATCTGAGCCTAGTGAAAAGGACTTCGAGTGAGTGTGCGCGCGTGGTCGCGCGGCGCTAGGCTCTACCGCATTTGGCACTTATAAGCTGTGAGACTCCATCACCATTGCCTGTAAGGGCCTCGGGAAGGATTCACCTGCGTAGGTCCCCGACGTCGTCGGGGTGCCCCGTCAGCACACAATTCTTCAACCTTTTGCCTTATCTGTAAGTAGATTCAGTTCTTTAGTTAATGACAACGTGAGGATCCCAATGAGAGGGAATTGATAAAGGTCGTGGCCTTGTCGAAAAATTCAGAGCGACACGTGGTACAACAACAGAGCTCCAGCGTTGCTCGGTCGCCCAGTTATTCATACGAATACAGATGCTATGATTAGGTTATTCAACGATAATCACTCGTAATCCATTATCTACTGGGTTCGATCAGCATAGACTGTAACAGAGAAGGAGGGTCGCGCGGCAGTTTCACTTACCTCCCGGGGACAATGGTCCAACATCATGCTGTGCTGGGTCCCAAAGAGAGGCGGCTATGATTTACGTTTACATTGTTAAACAACACTGTAAGCTATCGCTGCTAATTCAAATCGTGGAAAATACATTTGCCCCAGTCGCATTTTCTTCTACTGGCTGGTCCTTTCCGTCTTAAAGTTATGAAAATTTAGGAGGGCGACTCGTTAGATCTCAAGGAGTTGAAACCCGGCGTGAGCGTGGGACGTAGTAATACTAATGAGAAAGACGATCGACCCCCAGCAGTTCCGTCAGGGATCCGCGATAACGGCGGGTTCGGACCCCCTTGTACTGCGCTAGATCAAATGGTTGGGTGTTGCTATGATTCCTCGATTTCAGTTGCGGTCATGATCGCAGCTGTGTATAACGCTAGGTCTCTAAGACTCGGTAACTATGTATATCATCTCTTATCAGATATATCAGTTTCGTTCATTATTCGGCATATGCAGGTTTCACTGCGGTGTGGTTACCGTAGCAATATCCTGTGGAGTCTTCATAGCAGGATACTGTGATAAGAACAGGCACGCTGTTACCTGTAAAATACGAATCTATGAGGTACTTGCCCGACTGAGAACACCGGGGATTGAATCTGATAATACACCGCAACACATTAATATGGACCCCGAGACCCGGTGAGATGGCTAGAAGTAAAGGTTGGCCCGGTAATAGTATTATGTTGTTTCCGC,1815,48.37,Caenorhabditis elegans
SEQ_433331,GATTAGTTGCCTTAGGGATGAGAGCCGGGTATCTCGACCCGTTGCAGCGCGCAGGGGCGACCGAAAGCCGAGCTGGGACTGTGAGGTAGTCGCATGACTTCTATACAGCGACGGGCGGGGAGGTTACCCTTTTCTTATTATAAGAGTGTATGGGATTAACCGAAACGTCGCGACAAGAATTTGGCTCATCATGCCGCCAAAACCTTAGGACGTTTAACTTTCGGTGTTAAATCTGTAGAGTCTGGGGCGGATGTGAAGCGAAGTGTAGGATTGATTAGTTCGGCTTGCGGAAACAATGACAACTTTATAGACGCGAGCTCTAGTCACAATCTAGCTCTATGTAATACCTACCAGGAATTTACCGGGCACCGCGAGTCTACCTAGTAACATTTAATTCAGACAGTAAGTTTAAACAACATTGTATGTCAACCTGGCTATCTACATAGGGCCTATTTAGGCAATCGGTAGTGTACTCGAGCAGGATCCATTCAGCCAACAGCGCCAGGAACGTAATGGGTGGGTGTGAGCTGGAGCTGTTGTCAGGTACCGGTTGTTATGCTCCTAGTGGGTTCCCCTGAGTGCTAGTGATTGCCCGACGACTGGAAAATCTGAAAGTCGTAGTAAAAAACCAACCCGACAGCCCCGGGCCATCTTGTGTCTCATCGTGCTGGGGCACCCAACCTCTGTGAAAGTTGCTTTCTTACGCCACATTGAACCTGAAGTTACAGAGCAAGGCAGTTCAAGTTACGATCCTCTGGTCCGGCCATCCAAAGCAAGATAGAGCTGACATGGTGCAGACAGCTATTATTTGTGCTAATGGGCAACCACCGGACAAGCCGTCTAACGAGTGTTGGTGAAAAGCCTACTGTTAGCCTGCAGACAGCTAAAGAATTCCCAGAATAACCTTCCATGAAATCATAATGGAGCTAAGTCGGTTGCAGCCCAAATTTTCAGCGATGCAAGAACGAATAGTGTCAACTTCTCAGGCTGATTCCAGGGACTGATTATGGCTATTTAAGTCAGGGCATTTAGATCGCGCTGCGATCCAGTTGTCATCATACACACGCTCGTTATTAGGGTAGAGGTCCTGATTCTTCAACCCCGGTACTATGAACTACCTGGCAAGACGCTAACTCCAGCCAACGAGCAGAGGAGCGGTGTTAATCGGGGGTTATATAGCTTTCCATACATCGTAGCGTTGGACGTTCGAGCCGTCAATACGTGGCTTGTGGCTGTTCCTATTAGACTACACAAGTTGGGGCCCTACGACGAGGGATTCTTAACGTCGTGAAAAATATCCCGGTTCACTCCATCACTTACCCACATGGTAATTTGAG,1337,48.62,Arabidopsis thaliana
SEQ_197228,CGGTTTCGCCCTGCCAGAATAGAGCACTTACCATGGGGTACAAGACTATGCCTATGTATAGTAGTGTCCAGCAAAAGGCTCGCAATTATACTTGGTAAACAGCCTCCCTCACAAGGACAAATGCCGGCGCAACACGCGGTTGTAGCAAGGACTTGCGGTGGTAAGGCCCGTTATCTGTCTCAGCATTTGTTTTGTGGAACGCCCCGCCAATAAAATTACGGGTGGTATGGGAAAGCCTGCTTAATAGACCAGCACCTATACCACAAGTTGATGGGGAGCAGATGTAATCGTAGATCATATATTCTCTATTGTAAACTACAACATATGTAATCTCGCGTCGGTGGACGATATACAAGCTCCACTGGTCTCCCTCTACGGCCAACAACCACACAGCCACAAGTAGCTCCTGTGTTTGTGCCCACATGTTATAACCGCGATCTCCTGGTTTTCAGAGGATACAGAGCTGTTCGAGAGAACAGGACAAAGAGTTCCCCATTCGGTAAACTCGTTTCTCTTAAAGCCTTCGTGCGAATGGCAGAGACGCACTTAGTCCACCTAATCGAATTTGATTCGGTCCGAGGCGACGAGATCAAGTCCTCCCTCCGAGTTTCGGGGCTCACTGTTGTGATAGCCGGACTTGGCCTGGGACTCATACCGGCGGCTTCTCAGTATACACGGGGGCAACCCCGGCCAGGCGGGATAGGGTATCACTGATAATCTTACGGAAAAAATCTTCGACATTTGTCCGTCCTCAGTCTAGTTTAATAATGAAGTAGGGTCAAGGAACTTGACACGGGAGTATAGATCCACTTCAATAAATAGAATTGTCAGGCTCGACTTCGTCCCAGTTAATCCCGCTCGTGCGTTACACCTCACCTACTTTGCTCTCTAGTTACTGTCACGGGCGATTCTGTCCATCTTAAGATCCCTCAAGGAACAGTAAAATTGCAGGGCCTCAATCCTATCTGAGCCGTCGGCTGTATTAGAAGGTTAATTCTGATATGTGCCATTCATGCGAGGCAACCACTGTTCTAACGAATATCACACAACATCCGCGCCCTTTGTCCGTCATAGCTGGGCAAGCCGCAAGGGTTCCACTTAACTCCTGCCAATCTCACTTAAGCGCCACTATCTTTATTCTTGCTGCGTACGATGCTAAGACTACGTGAACCAGGTACCATGTAGATTCCGCTGTGATGTGACTGGCACTGTGCCCGCTTTTATCTCACTCAACCAACAGCATGTGTCAGAGCCGGTGGGCAGTTCCGTGTCTATAGGGGATGGGATGACCCGAGGCAAGGCACCACCGGTCGCACCCTTTTATCCCAAGGGCCCAAACTGCTGTAGCGTCTAGAGCTTTCACGGTGTCTCTGCTGATAGCGGTAGGAGACTCCTCATTAACTTCGAATTGTGTTCCCCCTCGACGGCCCCGAGGACGGCAATCTACATATGTGTCCCACTA,1462,49.93,Saccharomyces cerevisiae
SEQ_772375,ATTCAGGTTTCCGGACACGGAGTCTTGACTTGATAGTCGGTGGGAAAGCCGTCTATTAGAATGTTAACTACCGGACAGAATTGCGGACTCTAAGCGGATATATTACTACTCCCCCAGTATGATCAGATATGATACGGACTCCCATCGAAGTCTACAAGTCGATGCACGCCATAAAGGCCCAATGCTAGTTCAACAAGAGCGTTTACGAAACAGAATAAACTGTCATCACTCTCTGAATCAGACAAAGATATCTACGGTGTGAAAGATAGGCCTTGCAAGGGACATCCCTGAGGGAGCTATCAAAATCGATGGACCCCGCGTGGCTGCGGACTGCCTCCTCACGAGGTTTGTCAAACTTCTGGATGGCTAGTGAATATGACTCTAGAGCTTCGAAGTCCTATACTAAGATACTGCTTTACGACACCAACTGTGCCCCATGAGGTTTGGGGTGTCAACAACATGAACGTGATTGGATGGATAGTCTTTCGGCAGTGCCCTCCAGGATAAGCGGACAAAAGGGGTTACATTTAACACACGCCCTAAGAGCGTCCGGAAGCCGCGGCGTTGAAGAAGTTCGCAACTGACCCTTGGGGTTTAACGTTTATATTGATCAACGCCGACGTACCCCCTATTCGTACCACAGATATCCTACGGCTTTTTGTGTCTCAGTTGGATTGCTAAGTCACGTTGCGTTGTTCCGAAAAGCGCTTGGTTGTAAGGCGAAAGAGCAATACAACAGCTTTAAAAGGGACCCTGGCTGCGGCTATCGGACTTTATGAAGAAGAGTACGTATTCTAATAACGTGTAGCCTGATCTGATGTCGCGTCGAGATTCACCATATGCTTGGCAATTTCCGAGACTAACCAAGTGTAGCAGGGTCAAAAACAGCGGTCAATAGATAGACGTGAATGAACCATACGATACCAACTATCTGTAACCTCGCACACCCCGTTATTCGAACTCACAGATCCGGTCGGCGTGGTGTCCCGGGACGCTGTCTCCGGTAATATCTTCTATCAGGGGTTGTACAACCCCATACTCAAAGACTGTTGGCTTTTTTCACGGTCCCTTTGGCCACGTCCTTTACGAACCACTGGTTAAGACCAGTTCTAACGAGTCCTGGTCTAGCAAATCCTAAAGTGTCGGCTCATAATATTCAGGAAGAGGTGGCTGGCCACGCCGGAATTTTGAGTACTCTTAGGAGTGAGTCTCGTGGGTCGACTGGGAGGGGAATCTTGAGCCTCAGGGCCGACATGTATTGATGAGGAAACGGGCGCCTGGGTCCCACCGTCCGCAGAAATGCCGTACGGGACTAAGAGTTGTTGTCAATTCACCCACATCAAATCAATGATAGACCCCAAGCCCTAGGGGCGTCAGGATTCTGGTATAAGCGACGTCGATCTGCCTATATTACTAGCCGATTGTAGGCCACTCCAGATTTTCATAGGTC,1450,48.76,Caenorhabditis elegans
SEQ_710016,TTGTAATAGAGCTGCATACATGGGTGCAGTGCTAGGACTCCGCCAGCATTGAACGCCCCTATGCCAAATTTTACACGGTCCAATTCGGGCAGACCCGCTTGTACAGATCACAGTGGGTGTATAGATGACTGCCCTGTCTATCCACAGGACTTCATACGTTAGTGTGCGATTTATAGGAGAACTTCGCAACCGACACAGACATAAAAA,207,47.83,Saccharomyces cerevisiae
SEQ_335721,AACTTCGTCATCTCTTAATAATGAGGGTCGACAGAAATGAGCTGCGGTCTTTCACGAACGCGGCTGCGGGGGCCGCCGTGAATTACTTTGCGGCTAAACATTTCGCACAGCTCGTGTACACTTACGCTAGTCGATAGATGAGATTCAAATACTAGAAGAGTTGATGGGCCACATGGGCCCAGGTGATAGCTTGTTCTAATGGAAAGAAAGGCTTAGGGCGTAGATCAATACGTGCACCTAAGGAGATACACAATCCTTTTGTACCAATACCCAAAGCTAGGAAGGCCCAGCGGGACAGATTCTGTAGAGCGCTATTGCTATTGTTTATATCTTAAACCTACCAAAAGGGTTGACTCGACAGTCATTACGGGGACTTGTGGTCCTCTGTGGGTAGTCCCTTGGTTCTCTGGATTTCTCCCTGCCGTCCATCGTAGTATCCTGACAAGTGCCATTTTACGCACATGCGGTGTTAGACTCTATTACTGCACCCGCCACCGTAGGAACCCCAAACAGCTCTATATTACATTGGAGCAGAGATGACACAGTATTTCTCTTTGCGGCCACAAGGAGTCCAGTTATGGTTTCACTGTCATCTCATGGCCGTCACTGACAGGAGGTCATGGCCAATCTGATGGATTTCGAGCGAATGGGGGATGCCTTCCGGCGAGTTATCAACGTTCTCTGTACGCATTATGCAGTCTGTTCTGACTAGCGATTCTTAGTACACTTGGTCGCTAGGATCGTAATACATCGACTTGAAACTGACTTAATCTACTTGGCCCATGTATGTAATAGTGGTGACATCAGAGCTGGGGCATGCCTAGCTTTTAACATAGTGCAATTCGGGGGACCATCACATGTAAGCTGCTGATTGTGGTTAGTAGTGTGAAGCGTGGCTTCGCTCGGACCAGCGTGGTCGTGTGTGCCTTCGGTTCTCAGCGCCAGAACCCACTGGTAACCGGGTCCTCCGATTTACTCAGTTTCATTTGCGCCTAGGTCTGCAAGCACACTTCCTGTAAGTAGAGGACTGCTAATGACATGTGTCATACGCCTGTGTTGAATTTGACCGAGCTTTTATGCGAACTCTTCATGCAGGCCATAGTGAAATCTTGGCCTCCGACAGGTATACATCCAGGCGATGCCCGCATTGTCGGACGTTTTACGTCGAAGCATCTTTGTCACCTAGACCGGCCTGGTAAATGACGGTGTAAGCTCAAATGACAGCTCCCTACCCTGTATTCGCAAGCGGTTAGGAAGGGTCCCTGCTTCCCAGTCCATACAACCGTAGAGATTAATCTACCGAGGAGATACTTGAGGAGCCCGTTGCGTACGCTTCGGAGATGTCATTGAGGCGGCAGTAGCCATGCAGTAGTCTAGACCCATTCGTAAGCATACCAAACTAACGATTCCGGATGGACGCATTGGGTTGTACAGGTCCTCCACAGTCCGCGCTTCAATCTGCCTCTACCCTCTTGCTGATGAAGCGCTCCCACGCGGGGTCCGTTCGGTGACAACTCGTTAGCAATGGGATCACAAAGATAGGCTGGCAGCTTATGGATCGGCTTCGCTTGCGGGACCGCATAATCGCGTTCTCGCCCAGCCCCCTTAGTTCTTGCCGGATGGTTGGAATGCCTGGAGAAAGAGTAGTTAGATCCTATCGTCTGATTGTAGCGAATTCTACGCTGCTGTGGTATAACCCTCCAACCGCGCCCTTACCACCGTCAGCAAACTATATGCCTTAAGCGCTATGGGCATGGGAAATAATTGGAAATAGACTCCGCGGCCTAAGGTCAACGTTATCCGGGTACTGCGCTTGCTCGAGTCGGCCTATACACATAATATCGACGATTTACTTTATAACTGCCGCCCAGTTCTTGCCCCGGCGTTACGTCCTGCCCATGTCTATAGCT,1910,50.21,Mus musculus
SEQ_424455,CCTCTGGGGATGGCTACGGGCGTCATTCGAAATCTTCCTGCACGCCTCTGTCAACAAGGAGTGTATCGCCGGAGCGCAGGGAAGGAGTACGTCTTCCAGCATGACGATACTAACGAGCAGGTTAGCCCGCGTTTAAGAATTTCTTGCTCTTCTGTACCAAATCATATGTGGCCTCTTGTGGGTCCGTTCATGAGATTAATAATTAAGGTCACTGGCTACAACTTAGGGAGTTGTTTCTGAGGAGGCAGTTACCGCAATCCGCGCAATGTTGGCTCAAGTGGTGTTGGTACAAATTTCACATGTATGTGCGTGAGAGGTACACAGACGGGGGGCAAGATAAATCCAAATCAGCGTCTTTTCTTTTAATTCGGGCGATTGTTGCCACCCCACTGATGTGCAGGGAAAATAACCCCCGACGCAACCCATGTGAAATAATAGAAGTAGCTAGTCCCTATACCGAACCTAACGGCTATTTTATGCCCAACGTTGTGATGTCAGGCGTCGCTCTGAATTTCACCCGGTACCGACTAGGAGTGCAGGGCAGGCCTTAACACAGGCGCGAGGATACGTTAGAGTAATAAACTGCGTCTAAATTATGAGCGATCGTGTGTAAACGTACAGGTTTCAATAGTGCAACTGATACGATGCGAGCAAGCCTACTTCTATGTATCTTTCCGAACCGAGTATGAGGCCTGGGCGATTTGCATGTCAAGCGCAGGCGCCCTTGGGTGTTTTTACGGAAACCGTATACTAGCTGTTACATCCGTGTTTTGAAGAGCTCTTGCGGCCTACGCCAACTGAACCAGGTTGTCGCTACGTCCAGCCTACCCGATCAAACCCATACGCTCCACTTCGGGCTGAAGTGGGCCGCCATTGGTAAGCCGTACTATCGGAGGAAGATACGTAGATCCACCATTCCACTCTGCATATCCTTCTCAAGAGGTGCTGAAAGCCAACGCAGAGCGCCACGCCTTGAGATCGTACAGATCCTCAGCGTCACCTTGCGCAATAGAAGTATCCTCCCAAGTCAATACCCGATGTACGTATCACTGTTTTGTGGTCTCTAAAGATAATGTAGGTAGGCTTAACAACTCGAAATTGACGCTATCCCAGTTAGAATGCACTTTTCCTTAAACCTACTACTATCTCATGACGGCTAAAAATGTAAACGTCCAGAAGTCACCTTTTGAATGATGCACAATGGTACGCGACTACACGGGTCTCTTGCAGGAAATCCATATGGTAGCACCGGTTGAATGGATATGCCTAGTGCTGTCGAATACTCGGCTACAGTTGAATATATACAGCACGTATAACTTACGATGTTCGCTAAACATCAAGGCCACCCCGTAAGACGCCCTATTCGGGAACATATTTGTCATTTGTCGCCACAACTGCGTGCCGGGTCAAGAGTAGGGTTGGGCAAGGGACCTTTACTTTAACTAGGCTTGCGAAAACATTGGGAACTACGGGTGGTCCTCACGTCAACACAAAGGCGACACTTGTTGCACCCGCCAAGGGTCACAAAGCTAGCTTATTTAGTAGTAGGAAGACTAAGCTGGGGTTCTGTTGTGCCCCATGGACGCACACAACCCTTGATTCTCGAAGCAAGAATGAAGTGCTATTTGACCTCGAGCCGATCTTAGTGCCTGGTGGCGCTTTTTTCCACCAGACACGGTTCTCATCTCGCTCACCGCGGCACCACTCGGTGCGGCGTATAGGGTCGAAGCACGATGACCCAACCGCGTCTTATGCTCCGGAAAAAAGCTTAAAGCCCCCACCACTTTGAAGTAGATTTTTCAGCGTTAGTTAGTGCCGGAT,1821,49.15,Escherichia coli
SEQ_582440,CATGGTATCTGACCCATACAAACCGCATGGAGCTTGGCCACCGAACCCAGGTCTGTGGCATATATCAGACACCGTGGTCACACCTCCGCTATCTGGGCAATGACTATCGCTTTGCTTCTACGTAGGAAGCTCCAGGCTTGCCATCGGAAACTGTCTTATCCGGATATGGAGCTAGACCTGCATAGTGATCTAGAAAATCTCACCAGTTGAGCGATTATGCGTGTTGCCAACGAAGACGCCCCAGT,245,51.43,Escherichia coli
SEQ_846835,CAGCGAATGACAGTTAACTAGGGTGGTCTGTCGACGTTCTCAGCAACAAGGGTTTGCAGCAATGGATTTCCTCGAAATAAGTCCTCGTCATAGGCTGCCTGACGCGGATGTAAATCTGGAAGATCAACTGCTCACTTGGCTTCTAGTTGACGCTCACTTTTCCACGGGGGGGAACGCCGCTCCTCCTAGATGCTAAATTAATCGTCCGTGGACCCTAGTCGAGTCTCTTAGTTTGCAGGCCAATAGGTCTCCGCATTTTTAAATTCTCACACGCTTACGTGTGTCAGGCAAGGCATCGCGCTTGGGCGGTCGACGTCGAAATACGGGCAAGCTATTAAATCCCGGTCAACATAATACGTTTGACATGGTTGTGCAGACTCATTCGCGGAATACCTAAGCCTATTCTCTGTAAGGAGCACACAGGAACCGCCCCAGCACATCGAAAATTGCGGAGATAACACTTGGGTGGCAACAAAGCGTCAGGCGTATCTGCCGTTCGCGGAACTAGTGGCCCGACTGGGCCGGAGCGCTTGAATCTAACAGTTGAGTTGTCGTAACGAGACAGATATTCCGTGGCAAGTATCCGATGTGCATTATCACATCCCACCCGGTGCGGGAATCCGTCAAACACTTACTGTAGTGGTAATTTACAGCAACATCCAAGTTGATTTACGTTAACAATTCGCCCCTCACCGTATCCAACGACCGAGGCATCTGTGTCTCCCTTACAGGCTATTTGGTTAATACTTTTGCTAAAACCGGATTTAACACAGAAACTTCCTCATTCAGCTCTCCAGGCACGACACGGATCATGCGATTCTACGATCCATGAAAAAATAGCGGGAACAAGTAAAGCCTCGGCTGTTCATGGGATCTACAAACATTTTGGTACTGATAAAACAACGGCTCAGTGGAGTAGCAAGCCTCTTCGATTCCTGCTGGCTCACACCCTATATGCACAGCGCCCTAGGACTGGGCGACTTTGGCACTCAAAAAGCGGTGCGGGATGAGCCGCGGAATAATTTTAGACAATCACATGGTTCACTTATGTTCGCAGTGGAGAGACATAAAAGAGCAAAATCGGCTGCTTGCAAAGTGAAGTAACTACCTGCGGTTCTTCACAATTCTTTGCTTCTCCTGACATAATTCGCACTGGGCACTTCGCAGGTGCTATCATTGCCCCTTACGATTATAGGATCTGCAAAGACGAGTACAATTGTCCCCGCTGGGCGTCGTATCCTATTATTACTTTTGGCGAACGATACTGCGTTTAGGATGCGTAGTGCATCATTTCTCTGCGACCCAACGGTAACTGACTGCTCGCCTACGAACGCCCCGTGGTGTTCTACTTCCATACGTGACTGAGCACAGACAAAGGCCACTGTCGCTATCTTGGATTCTGTTCTAGACCCGGTCCTTCAGAGCACGCTGGAGGAACGATTTAAGGGGTGTACACAATACGTGGAGCTGTTGAGCCGTGCAGGTCGCGTTCATTCTCTAGGCGCGGACTTCTAGCATTACGCCAGATAGCTGTGCTCGCTCAGATTACTCGGCGCGGTGGTGCCTACTGTAGGGCACGGCTGCGACCAATAGTATTTAGTACGACACATAGAAGGATGTATCTGCTGCGCATTCGTTTCATTAGCATGCACTTCGAAGTTT,1662,49.46,Arabidopsis thaliana
SEQ_215561,CTAGCCGGCTCTACGATGTATGACAGTATAGCTCTTCTGACTACGTCCCGACAGACCTCGTCATTATTTCATTCGGTCACATACCAGGTGTTCTACTTAGTAGGGCGTGTGCGTAGCCGACACATTAATTGCTTGTACGACGACGTCGCAAGGGAATCGCGACTCATGGATCAGTCCACGGAAGTCGCGAGCGACGTCGGTGCGTGATCCACTTCTATTTCTCTCACCTACGAGGGCCAACGCTATCTTGTTGGTCTCAGGACTCATAATCGAGAATGAACGAATCGACCGGTCTTCGTCCTGAGAATAAGCTGTTCGCCGGAACACGGATAATGCCTTCGCAACCTGTATGATAGGCGACCGCTCTGAGGGCTCGCCCTAACAAGATCGGTACCCTTTTAAGTCCTGGAAAGTGTACCAGCAATGATAGCAGTTCTTGACGCTATTGGCGGACCAGAACGATGAGATAGTGCTCGAGCCGGCCCAGGTTAATTATGTGGGAAACTAAGAACGCCGTGAGAGATTGTGGATACAGACTCTTACCTGTGCGGACGCAGAAGGAAGTCGCGAGCTTAATTTGGGCCTGTACGCTGCACGCGTTACAACTTCACGACGTATGCCGTCCCTAGCTATAAGTGGGGGCACAGAATAACTATCCGGCTTCCAGTAACTATTGAGATAAGCCTACCATCTAGGTGCAGTTCACTGGGGTGAGTATGTATCGGATATGGATGGTTATAATGGGTTCTGAGAGGGGACCCGTAGGTTTTCGTTCCGTCCAAGGCACGCCCCCAGTCTAACCACCTCAAATGGCTACATTTGATCCTGTATCGGATAAGAGTGAAGCAGTTGAGCATTATATCTACACAGCTACCAGTCCAGTAAGCGCGCTCAGTACGCCTTCGAGTGAAGCGGTCGGTTCGTACTCAAAACATAATCATTGCCCAGACTGCTCCAAAGCCTTGTGTGGATGACGAGTATCCTCGTGATATTTCCGCCAGTGGGGGCATTAAGGAGTGTATTGCACAATCTCTGTTACCGTGGATCGTGTATTTCGTCGGGAGGACAAGGCCTAACGCCTTGGACATAAACACCCAAGTGAATAGTTCAAAGGTTTCAAACTAAAGGAACCTTGTCAAGCCAGAGCGCCCTACGAAAATTAAAAATGTCTGCGGCGCAAGCCTCGTTACTTTCTTCCAACGACTTCATTGGTATCACGGGTCTAGGACTACGCTGGGGACAAAAGTTTAAAACCTCCACTTGTACCCTAGCGCGGGTAAAATTGCCGTATCAATCACCTTGCCGGACGTCTGGCTGCACTAAGGTTGATTCAGAGC,1337,49.89,Saccharomyces cerevisiae
SEQ_475972,GCGCATGGATCCTAGGATTTTCAGTTACCAATGTTGGTTCCACGATCTTAGGGCCGTCGCGCTGAACTTTGAGCTAACCATGGTACTACAATAACCGGCAGACAGGATCATTGTGTTCGCAACGTCGAGATAGAAAGGGACCCCTGATCATGAAGAGAGTGTAACACAGTCTTGGCGTTCGTGTTATATGCGGTTAACTCGAGTCGAGAGTCGCATCCTTCTGCTTGCGGCTGGTATAGATTGAATGCCCAAGATAATCTACTAGGAGCTCAAATCCTGTTGTAAGGCTCTACGGACTTGTACATACCCTGACATATGATATCATGCCAAGAACATACCAATCGAACGCCAATTAGTCCGCGCGGTATGCGTAGCATAAGTGCTCGCTATCAAGCGTAACCTAGCATGAGTCCCAAATGTCTCGTTTAAGTTCCCCCACTAACGATTACATTGAAACGGATAAACACGCACTTCACGGAGACGGGTTCTTGGGTGATACCCCTCCCAATAAATTAAACGAGGACTCTAGGTCCACTAGAGTGAGCCAGGGTCTTATGCCGATCCCCTTATTTAGTCGCAGGAACGCCATCTCGATCCAGAAAGCGTTATCGGGGGGGGTTTCTAGGTAATGCCTTGACCACCGTTTGTCTACTGAACACGGGACACCGCTGAAGCAGAATCTAAAACACGGTCGAGCAGCTTTCTGTCCTGCGTGAGTCGACGCACTATTAAGCCGATGGCCTTACACTTACAGCACTGACATCGCTTATCGAAGCTCCCGCTGACGGCACGGATGGTATTAAATATAACTGAGTCTCAAGGTTGACCCGTTAACTGACGAAGTTGAAATCCTACTACTGTAAGTCCTTACGGTGCAGCTCTGTGGACGCGTTCACTCCCTGAGAGGCTTTCGTACAGTCATATCATTTGTGGCAGGATCCGACACTGCATCCTGTGCACCGCGCTGCCTTCACACAGGCGGTTCCCAATTGTTGGTTCAGCGATTTGATCAAATTTCCCCCCTCAATCGAACACGCAGCCGTCCACAGGTACGTGACTACGCGGAAATTCACATAGATCTTAAGGGTCACTGCCCTATCCGACCGATTCATGGCATGTTGGGTGCCTCGGTCCTAGGAGTGCAAACCCGTTACGAGCATTCGCCCAGTGCGGTGTCTCTGCTCGGCAAACCTGTATCTCTGTTAAGGAGCCTGGGCCTAAGTGAGCGTTAATTTACCACTAAATCAAGCTTCCAAGGTAAAAGGCCTGACTCGATGCTACGGATGGATACAAAGGGAGAGCCTATGGTATCCTTTTTATTCGTGGATGTAACCCTTGGGACTGAAACAGGTTAGGTGG,1359,49.52,Caenorhabditis elegans
SEQ_862429,GTCGTTCTATTCCGACAATAATGGTACCCCTTGATCGCCACACGCCTTGCAACCGGACGCATGCACTCGGTGTGGCTTCATTATCGATAGGCCTATCGTTCAGCCACAGGCCGGCCACATTTACAGCACGGCCACTCTAACGCTAGTGAACGTGTTTTGAAGCAGCTCCAAATTGCCACGCAAAACAACTCTGTTGTCCCACGATTGGGGCTTGTAAGATTTCAGTCTTATAACACGATTTAAGCCGCTGGTGAGGCGCTAATCTCGCTCGGAAGAACCAATGGGGACTAGTCTCAAAGGCGTCCAGCTGCAAGATGTACTCTCAATAAAAGCGTGTTCGGTTGGTATTCGACTTTTGATCGAGCCCGGAGAGGGTCAGTAGAAAGTTCCCCTTAGGAGGAAGCATTCCGTATCGACGAACTTTGATACTGCACGGCATCTATCGCTAATACGCTCTGAAAGGGACCCCAATGACCTGTCCGCTGATTTGTAGGCGCTAAATATATAAAGATGGAGGTTCAGCTGTAGCGACACAGAATCTGTTCGATGGCGGGCGCCATACCTGTAACTACCGCAAACGTCCTATTGTTGCTGGGATCAGGCCTGCCATCTACTAAATTGTTAAGTTGCAGTTAACCACCGATGCACTCACTAATACTGGATCTTCGAGACGACGCTTCATCGGCTACCTACGCCCGCTAGCCGGCGCCTCCAACCCATGCATGCGGAAGGCCACTTCTGCCTGAGGCTGTGGGTCATTAAGTATTATGAGCTACACCCGAGCATCGGTCGAGCCGGTGTACCCTTACTATTCGACCTT,820,50.98,Drosophila melanogaster
SEQ_403645,TGCCAAGGAGTAGCCTCAGGTTACGGCGTAACAACGCCAGCAGGACGTCGATAGGCTCATAACAGCATTCATGGTATATTCTCCTACATCCTTGGGTCCCAGGAGCGATATATAGCCGCTCCGCGATCAAATCAATCAAGACAACGAGTTAATCCTCGTACATCCGGAAACGGCGATCGCCACTTTGGTAAATTCTTTAAACGAGGTGAATCCGGGCTACAGGGTCACAAGTGCCTGTTCCGCATCTCTCCGTTTTCCGTGTTATCATTCAGTCCATTATAAATACTGCTAAGGAACCCGCGAGAGCGCCTTGTCAATTATTCATGATGAATAGCAGGCGGCGTCCCCCTGCATGCAAATGCGGCAATCGCATTCGCTGGTCTCGTAGCATGTTTCCGGTCGCCACGCGGAGCGACCAGTCTCCATAGATACGCTCGTGTGGAAATAGTTTCCTTAAACAAAGTATTACCCAGACTGTATAAGTTCTTGTCAGCCCTGGAGCAGACTCGAAGTGCCTCATATTAGATACTTTAAGCCACTAATGCAACGCTCCCGCGGAACGCGTGTTACTGAACTGGAACCATGACATTGTCGAATAATTGTTGATCCGATTTACGGCGATCTAAACATCTTTATCACGCAAGGCAAATAGGGCGATCTCGGGGTGCATACGAGTGACATTCGAAATGAGAACGCCTGTCCGAGAGGTCTAAAACGAAGAAGGCTTCCCGGGAACTGGCGCCATGAAGCGGTGACCAGTGACTATATTGAGCGAATGTCGTTGTGCGTGCGAGCACGATTCCCCTACCCATGATTTCCCGCTTGCCATTCAATTAGGTATCAATATGGTCCAAGTTCACTAAGTATGCTGCTCCAAACGTCGAGCAAGAGCGTCTCTTGCCGTGACTAATACGAGAAACGTGATTCAGGGTGCTTGAAACTCATCCAGTTGAAAATAACTTTCTCATTCACCGTTCCCTGTACGGCCAGGTGCATTATTAACGTGGCCCCGGTAGTGCCCGCGGCGGTTTCCTCCCTACAGTCGACGCGAAATAGAAGAGTGTACGGTGCTAGGCAGAATTGCTGGTAGCCTTAGTGTCGCTAGTGCATTCCGAGCCTGAGGTGAGTCAAAGTAAAGACTGTCTTACTTACCGTCCGTCGGCCGCCGAGGAGGTCACGAATTGTGAACCGCGCAAAAAGAAAAGCCCCAGGCTGACACGGCTTATAGGTGCAGCTAACCGCCGCAAATGTGCGCCTGACCAAGGCACGCAGTTTTCTGAGTTTATCCATGAGGGTAACCGTGACGGCCTCTTATGACTGGATACGTCACGGACTAGCATGTAGAACGTTTGGAGCGCTGTTCAGGG,1367,50.4,Arabidopsis thaliana
SEQ_526814,ACCAGCCTGGGGTTAAATGTTTCGGTTCAACAAATGTATTCAAAGTAAGGCGACTCTCCGGATGGCGTCCTTAGTGTATAGGTATTCTGTGGAATGTCGGCTTATGT,107,44.86,Arabidopsis thaliana
SEQ_664527,AGGTGTACTGGTACCCCTTTTAGGATGCAACGATTGCCGTTCAATAATTGTTTGTGAATTAGTTGGGAGAATTTTTAGCATGGTCGACGCACTGAAGCCCAACGTACGTTCAGATCCCTATGTGACTTCTGCTCAATCTTCTCCATCGCAGAAACAGGAGTTTATCTGGCTACAGCAGGACATGCCTCTTTTGGCACTTATTTGTGTTGTAAAGAATCCGCCGAACGTAGGGAAGCAAGGAGAGCCGTGGTTCAAACAGGCAATGATCTGCAACGCCGACGCAGACAGACTGTCGTCGTCGTCAGTTCGGCATCCTCGACTCGGGTCTCCACATGTCCCAAAATTCGTGAGATGAGGAAGTTTAAACTCGGCGTCCCTAGACTAACGAGATCAATGCTCGTGGGAGCTTCCTTTCCCGTTCATTCTCTCAAGATGTCCCCGCCTGCAACCATCGACCGATTCAGGTTGTACGCTCAACGGCTATACACTAAGAGATTTTAAACAGTACGGTTATGTATACAACGGCTGGAAGTCCAGGTACTCCTGTAATGGGCGTTATGAATCATCGGCAAAGGTATCTATAGTACTTGCGCCCGAAGTGATTCACCAACAGAAGGTATCGATCGCGCCCCACGAAAGGCGTCGCCGTCGTCCCTCATCCGGCACATAAATATTTAGATCACATCCAGTCACAAACGATTATCAAGTGGGCTTACGTTAGTCTGTCACGGACCCCCATTAGTACAAGGCTTTGTACCCGAGGACCCAAGGCCTAAGTAAATCATGAAAGCGTGAATCCGATTTTGGGTGCATACCAAGGGCATTCCATTAGCGCTGGTATTGTCGAGTGACGTTCCAGGCACGGAACGAGCTTCGCGCTTGTCTCCCTACGAGGCGAGCGACAAGAGTGAAGGCTCGCACAACAAAGCAACCAGAAGG,939,49.52,Drosophila melanogaster
SEQ_890630,TTCCAACCCCGCGAATCATACATGTTAACTCAACTAATAAATATTGTACGTAATTTTTAGTGGTGCTTTGAATGTGTCCTGTGTACGATCGATACCGGAAACAGTGGCACGTGTCACAGGACGAGTGTTCCCGAAGAGGAAGTAGTCGCTCACCTAAGTGTCGTTGGAATTGGCCATACTTTACCGATCTAGAGTCGGTGTGCGGATTGGGTAAGGTAGCCCTAAGATCTAACGGAGTGCCTAATTAGCTTGGGTTAACAAAGGACGGACGCTCGACTCCAGAACGCATCGCACTAGAGTTCCTTGCTCGTTGTTTCTTGGATGGCCCACCAACAGTTCACGCTGACAGTAGGGAACCTCTTTATTGCCCTATGGAAGACGGTCATCTTCCTCACGCCGCCCGACAGGGTCAATGTCCCAAAGAAGCTACAAAATTG,437,48.28,Homo sapiens
SEQ_846284,ATAGATGATCTAGGCGGTTTGCGAATTGCCTCTGATCGTTGCCGGGCGTTGCTCCTAACCTGTACGTGCCAATTAATGGATAGGGGACGTCTGTTTGACGTTCAACGTTAGAACCTTTTGGCTGACATGTCGCTTGACGTGCATCAATGCCGCTAGAGCTAGTAGTCTTCGTGTAATAGTTCCAGTAACGCGTGAGTAGGGCCCCTCTGAGGTGGGTGGGGATTTGAAGGCGGGCCCCCGGACCTGTTCGGTATCTACTTGTCTCTTGAACAAAGCATACGGCGGTGCGCATTTAGCTAAGGACGTATAAACTTTAGGCCGAATCACTCACTCCACGAAGCTTCTAGTACT,351,50.71,Escherichia coli
SEQ_124637,GTAGGGCGAAATTCTTCGAAAAGTAACTCCACGAGCAGGATGCCTTTTGTATAGACTCTGCGCGGCGGGACCATTCCACTGACGAATGTCGGGTGTCTTCTTGGGCTTATTCACGCACAAGTCGTTTCGCAGACGGTCACGCACGCTGTGAGCTCGCTTACCGACTAACTAGGTAGTGGTAACGCGCGGTTTTGGTAGCGTTGCACTCTATGAGTGACGCGAAAAACCTATCCTAGACGGCCAAATAATGTTAGACGACGATGTGATGCGGAAAGCACCTAGTGTTTTATCATCAGGGCCGTAGCTCCGGGCGGGCTGAATATCTATCACTGCACATTGGTGGAATGTTTTTGTTTGGGAGTATCGGCGGTTAATTGTGTCCGATAGTCACGCATGGCATATTGAAGTATGTGTGCCTTTTCTTGCATATGGGCGTCAGCTCCACCATCAACCCAAAGCTCAAGGTAATCCGACGCGACGTGTGAACGTTCGGACCAAGGCCCGGCGTCCGTACGTAGACCTGATCAAGTTAAGCGCTCGTCCATAAGAACCCGTATTGTAACATTTTGTCCTTCGTTATCGACATGGCGCAAACGTTGTTTTCAAACTATGATTCATAAAATGTGATTCCGATAAAAGCTGTAAGTTCCAATAACGTTGGTTATATATATAATAAATAGGTCTGGGCACTATTCTCGCCTGTAGAACCCGTATGTGACCCGCTCCCATATTCCTGCCTTCTATGCTTGGCTTGCTTAAACGAGACGTGGATATTAAGTTCAGTACTAAGTGATCTGTTGAGCGGTCAAGAAACTGGGTGAGGCACGGTAGAGCCAAGTGTTACGGTATACCCGGGCAATCCTAACTGAGTATCCCGCGCCTCTGGAAGTACAAAGCTGTCTGCTGGGTGAAGAGGCCCATAAACTGCATTAGTAAAGAGCATCTAGGTATATAGATTACGCATGGCTCTGTCTAACTGACGAATAGCGCTGTTCCAGGGGGCTGTGGCGGGGTCGCATTATCAATTCCACTAAAGCGACGATCATGTCAAAAGTGTAGCGCAACCAGATAGCACCGTACCAACTCGGATGTTACTGCCCAACGAGGCTAAAAGCTGCTAGCAACGGGAGCTATCCATCGGCAGACCCTAATAAGCCGACTAAGTGCTCACTTCCCGCTAGAACCGCAAAAAAGCTCCCGGAAGTAGCCCAGACCCTTGTAGAGGACGAAGGATCTAACCCGACCTACGTTCCTAGAGCAGCGTCGGGCTATTCCTTTAATCAGATTAGTCTGGGAGCTCCCTAACGGTAGCGAAGCGTACAACGATAAATGTTACCCCACTCGACTCGCCCTTACTTGGACAAAGAGGGCAGAGCCTCCTGGAGGACTAGCACGATCTGACACTGGTTCATAATTCTCTCGACT,1425,49.19,Saccharomyces cerevisiae
SEQ_469156,GGGCACTTTTCAGTCGACGTTAGCTTCCGGTGGATTATCTTGGCTAACCTCTGGGCATTGGTTTCGCTGCCTAGCTTAGATTGAATGTTGTGAAGAACGTTGCTCTTTGGGGCAAACACACCGGCTGATTAAGATCTTCCCACTAGTAATAGTTCAGTAACACGGGAGATGAACGCGAAAACCCAATGCACCAAGACAGAAGGCCAAGGGACCTTCTCTTCCACTCGCTTCTATCGTCTCGTTTTTATCACGAAGCAGCGCGATAGC,267,48.69,Saccharomyces cerevisiae
SEQ_806304,ACTGGGTGCTGCCCTCTGCGCCGTGCGATGCGTGCACAGAGGGTTGCAGGCGTTCGACCTGTAATTGTACGTGTTCGTGAACCCGTCAAATGAAAGACAGCGACAGCGCGGGTTAGGATAGAGGTTAATAGCGTCGTCTCGTGATTATCTGAAGTAGGTACAGACTTACCGAGACACGTCGCGCGATGACTAGTGGTGGTTGGCGCCTAATGCCCAAATGCAGCCTACAGAGACGACCGACTCAGCGTCGATCTCAAGTTCATGATTACATGCCGGAGTCTACACCCTCTGCCATCCATTATTTTCACATTTCTCTATCTGCCAATAAAATACCTACGTTTAGAAGCCACAGACACCATGCTTAATCTGCATCGTCTATGACCATGTGTAACCTGTGGCATTAACCGGGATACAGATCCGGCTTCATCAACTGGGCGGTGCTCGCGGCCCACAGTGACGATCCCCACGGGAGGCTTGCGCATCCCCAACAATGGGAGTCCAATGCTCCACACAAATACGGAATTGAGCCCTTCGAGCGATTATATCGGCGCAGAAGACCCTTACCAGAGTGGCAGTTGGGTGTAACTGGGCCTTAACGGGGTCTATTGATCTTATCGTTGAGTTCGTGTTACTGAAAACCATGCCCCCCTACTTGCGTGCAACAGCCGAGTCCTCTAAGATGCCCATTGGCGGGCCCAAAATCAGCAGCGCCGCCAACTTTCAGACAGCAAGCCAAAGTGTATGCGTGGAACGAGCATACGATAATTCACGGCCGTCCGGAGCCATCTGTCTGCGTTCGTGGCGGTAGTGGGTCAATCTGTGGCCCGAACCACAAGTTTCGTTCAGGGGATACGCAGGTGGAATATTTCTTATATTGGTCACTGAAAGACCCGAGTCGACTGGTGCCGGCGGCCTCTTTAAAGGTCTAGGAGCCGGAAAACGGCAGGCGTGAGAATGCGATGGGTGGGTGAGGTTGTGTATATTGGAATAGACACTATCTTAATTGATGGTCGGTCAGAAGTATGTTGATCATTCTGACGCTTGCTCGTGTGAAATACTCATGGTGAGAAGCGTATTACCCATGGCGCTATACATTAATCGCGAAGGGTTTCCGGGACAAGGCCTTCTGTCCTATACAACGGAATGTGAATTCCCTTTACCAGGATTCTCTAGGCGATACAGAATAGGATGTGTCCGAGAGTGTGCGCAGAGGTTGAATGGCAATCCCGTGACTAACTGGATTAGCTAATTCAGACCTCCCTGGAGTACTGACCCACGACTCGAGAAGCGTGATGGTATGGAACGTGCCGCCCGGCGTACGCACATTCGTATCGAGCCTTAATTTAACCAATATCGAGCGCACGAGTTGGAGGCTGCTCGCATGCTGTTTCCCCCACGGCAGTCCTCAGAGGTCAGAGTTCTACACAGCGAAAAAGTGAGACGAC,1445,51.83,Arabidopsis thaliana
SEQ_867842,AGACCCTTTAGAAGACGAACTGTCCGGTGTCTTGAGCCGCGAATTCAGCGGGAGCACGTGGCGCGGCTTACCTAACGCATAGAAGTCCTTGTGAGTGGTACCGCACTTTACTCCCAATCGTGTTGCAAGTCTAGCAGTCCGATCGTTAAGTCCCCGTCGATAAGTGCTATCCTCGGATCGATCTTTATCTAACTGAAACTGCCGTGGATTGCCGCTGGCGGTCTTATAAAAGACGCTATGATGTCAGCGTATCCGGGCACACGATCCGGCCTGCTCAGTTCGGAACCCGCCAGATGGATCAACATTCTATGCGCGAATAAAAAGTCAATTGACACAGCCCGTTAGTAGTCAGAATTGCGTTTACCGAAACTACAATATCCCGAGTCAAGTTATTAAGTCGAGGCCGTGACGAGCAACTGCGGGCGCTGCTGATCCGGTACTCCTCACACAGGCCGCCATACGTTACGGAGTCCAGAAAGTTGACTCGGGAGGGACAATATGACACGAGTGGAAGGCAATCGTGAAATACCGCTCTGGCTCGTCGATTCATCGGCGTCCGGGTAGATCGTCTCCTCAGAGTTAGGTCTTGCGACTGCCGCGAGATTCAGCTAGAACTCTACCCTAAACTTGAGCGCTCCTGGGCGGTTTACGAGGGACCAAGTCTTTAGGAACTGCGAGTAAATCGAGGAGTGTACCATCGCTCGCAATATAATAGGCTGACCATTATAATGTTAATCCTAAGGGTTTGCTTCAAGGCATATGTCGACCTGCCCCGGTCCTGCTCACTGTTTTCTCCCCTTTAGAAATATGTCGGCAGCATACACAATCAACTATCGTTATAGCGACTTATCAATCAGCTTACGAGGGTGTGTCATAGAACATTGCGGACGACCTTGCGCATGAATACGCCACCGTGCCGGCTAACCTATATCTAACCTCACACGCTTGCCATCTTCTGTAATATTAGCTCTTTGTAAGCAGGTTGTAAGGCGGGTAGAATTAAATATGGTTAGTTTGAACTAGTGACACTTATTGAGCTTTCTCATGGCGTATTTTGAAGACGTGAAATCGCTGAGAAGACTACTTTATCTATCATGGGGAATATCGCCGCGTTTTTAATTCGGCTCCTTACCACCCTTTCTGCCACCCCTCGCGCCAAAAAACACGAGGGTACGAGTGCAAAGCGCTTATTAAATCCGGTTCGCTAGCTCTGAACCAAAACTTACGATGTCATTTGTGGTCCTTGTAGTAAAGCCGCTCTTCGATATACGGAGTGAGTATCGATCAACCGTGGAACTGCCAAGAACAGTTCACGGGTTGTTACCGCATTCGCTATGGTCGGCTAGCGCCAGCGGGGCGGTAGATCGCTATTGGTCAGTGTCACCTACTCGAGCATTGAATTTATGGAAAACTGTCCCCGCTAAGTGCTCGCTCGACCGTGGGTGTAGCAGAAAAGCGGCGTTACCTCCCTTCATATGCATAGATATACGGGGATTTAGGGGGCACGGAGTCGTTATAAGGCAAGTGAACCAGTGGAGTGGTTTTGCTGGTAGGCATCTGTTGCGACCTAACTGAACGAGGTAGTCTCAGTTGCAAGCCATTACTGATTCGAACTACAAGCCCAGGTGCATACATGGTCGGTACGTTACTAGCTGATTCCCAGTCCAGTAACCGAAAACGAGCGAGCCCCAGTGCCCAGGCGGACTTGGTCTTTGGCACCGAGGCGTTTTTCTTACGGCCTATTATAGAGTGGTAACGGCGACGATACCCCGCTGGCAGGAGCGAACCATTTGGGCAACTATCAGCGACTCTATCCTTCATACAGGGGGCGAAGAGTTTCTTCACTCGAAGTCCTCGTCTAGAAACAGCTCGCTCTGAAAAGCAGCCGTCGAGAGATGGATCGTCAGACGCGGTTGCTGGAATGTA,1926,50.21,Caenorhabditis elegans
SEQ_360377,ATGTACATGCCGTGCTGTGGCCCCCGGAAGGCAGCATGGACATTGCGGTGCGCTGGGATGATGTCACCACCGTAACAAGCCTCAGTAATTACAGGGAGCGTTGGGCCTGACCCCCTCAGATTTGGTTCAAGTCGGGCGCTATCCAGTGTGCTTTACTGGGCCTCTGGATCCACTCATTTACTGAGCACTTCTGTTAACGGCTGATAATTTAGGTCCACTTGTAGTGTACTTCCCTAGATGGGCCACAATGCGTGGAATACTTGTGTTCAGAGTTTGCTTTAATGGCGTGCAAACAAAGCACCCGCGAGGTAAACGGTACGATACGTGAAACGAAGCCTTAACAGGTATGAGTGCTGAGTGGGAACAATTCTTAAATGTCGTCTTCTCAATAAATAAAATTTCAAAAATGCTTTCGTCGCGACATAATCAATCAAGCCAACCGGTTGTAAGAGTGGCTAAATGGCTAAGATGGAAAACTACTGGGGCCTCAAGTGTTCCAATCCGGTAGCTGCCTGCGAGTTGGCGAACATTAAATATATTAGAAGGTGCGGCAGGACTCCCAATAGGAAGCCGTATCCGCTATCGTCCCGAGCGGGCCAGTAGACCGATACTCCTCATTTCCTAAAGTCCAAACGAGCGCTGAATAAATAAGAATGACCAGCATAATATTTCATGTCTGGGCCCCTAGAATGGGTGCGTGATGCAAAAGCGTAATGTCTGTCTACCTCCTTGATCTACGAGCTAAAGGCTTTTCTATAACCGGTCCTACTGGCAGCCTTCCTATACGGTAGCGAGGGGATGGAGATTGATCAGTCACTTATAACTATGAGAAAAAAGACTCGGGTGTGAGTTGATATATTAGTCGTCTGACCGCTACCCACTCACGCTAACCTTTCTCTATCTGTCTCTTCCACGATCATGTTCACGGGCACTGCCATCCAAGCATATGTAGCCGAGCCACAGACTCTGAAAGGAAGAGGAGTACATCGCGGACTCGAAATCGCTCCGGCTACACTGTGGATTATCTCAAATGCGAGCCTGGATGTCTCACGCTAACAGAATCGGGGCGGTCATGCTTATTTTAGACACTGCTTTTCATCAAACTCCCTCTACCAAACGGCATCAGCTAAATACAACGGTCGCTCCACCTCTGCGAAGATTTCTGCGGAGTAAGGCAGTGCATTTCGGGCTCATTATTACCGTTCAGGAGGGTAATAGGAATCCCATAACGTTGCAATCCCTGGATGTAAAGCACGGGACTTTCTAGGCTCTGCCAGTCCGTAGCTTTAAGGTATGCAACGCAGTATAATGTTCGGGAAGTTATTCGAGGCGGCTAGTCTACACCCTAGACCATCCCTATTTTGGTGGGTTGCGCTTCTTAACGCTGCGTCGGCATCTCCGACTTGAGGTACCTAGTTGGATCCCCGACTGACCTAGACCAGTAGGCGAGGTTTCTCTGGACCGGCCTGAGTGTTATTCCGGTCCACTTCATCGGGACCGGGGGTCGAAGTCGCGCACTCAGCTTGTCAGCTGCCTCTTCTTCGCAGTCTAATGTCCATTCGTAGATGACCCTAGAAAAGCCTAATATCTGTATGTCGGGCGACCCTACGTAACTGCCTTGGGTGATTCAGCCAGTGCAAAGAGAAGCTCCAGCATTCCAGAATTGAAATCAACACCCTGTCAGAGTGCTCATCAACGCTGCCCTTAGCACATGATCCAATACTAATGGTACTGTGCAGGAAGGAAATGGT,1751,49.17,Escherichia coli
SEQ_693518,CAACGTCTGATTCTGGCCTCTCAGGGTCTGTTCTGTAAACTGTCCTAGCGCCGGATTGGACATAGTAACGATAAGCTTACAAGGAGTGGCCGTCGGATGGAGTCGGAATCAGCAGAGGTACCATACCGGCGGCATTCGAGCACTTCTTTACATTTAAACAGAGCCAAGGAGAATGCATTCTGCGTACCTATCTCGTGGGGGCTCGGACCGGTGTTCGCCCCCGAGTCGTCAGGACGACTATGCCACGGGAAAGAGAGGGCATAACGTAATCCCGGTTAGCGTTCACGTTTTGCTACGGGATCGATAACCAACGAATGAGATGGGTTGCGGGTACAAGGGTCGTTCCATTTGGTGGTTACTACTGGAATAGTATATTTCACATCTTGGATAGCCCTTTGACATTATTTTCCTCACATCAAAAGGCTACAAGACGTGTTATATCTTAAAGGATTTCTTATGGAATAGATGGGGTGCCCCGCATCATGCGTGGTAACACTCGGGTCGGCACAGCGAGAAGTCGGCAGATCTGAGTATTACCGGGTTCCTACTGCAGACTATTTCCCACATAAGTCGGCCTGCAATGTTGTTCGCTAATTCCTCACCGCTGATTGTAAGTGACCCTACATCAAACCGGTAGCGATACCTCCACCGGATGTGAATACTCACGAAGTATAGACTTCGTCGAGTCATATGCGGAACACCAATACCTTAAACGTTGTGTTCCGTTAGTCTGGTATCATCCTGTAAAACCTGGCCAACTTTCTGCTCTAGCGCACTTCAGTGACAACTATAATGGCTTCAACATGTCGCGAGCTTGGAGCCTAGCAGACGCACGAATTTGGGCGCTCTATTGGTGCAGTGAGACAAGCGCAGATGGACGCATAGGACGATTCTAAAATAGGGGAGTGGGTAGTTGCGTTAGCGGGAGGAGTGAGTGCGTACCCCAGTGACCGGTCTGTGCGCACGGTCTATGTATGGATTCTAGTTCTCGTGCGACACCTTATACGTGTTTCCAATCCCTCATGCTCGCTTGGTGACAGTTCAAACGGCCAGCCGACGCAAGTGATGATTGACACCCCCCACGCGCAGAGCATCTCATCGCTTAGACCAGTACAGCACCGACGTTCCACCAGCGCAGCCGCTGAGGTCTACATGGGTGGGACGTCAAGGGGGCTTACCCTTACATCTGTTAATTCTAACGTCGGAAAACCCGCTCACGAAGTTGGAAGTCTGTTGCCATCGGATCAATCCTTCGGACCCGTACGCTAAACTCTGTTAACTGTTGTGGATCTTTGATCTATAGTCTAAGATAGTCATACTCCTGATAAGAGAAGAGATCCTTCGTGAATTCGAAATATTGTTACGCTTGGCGGCCTCGCACATCCGACACCCAGACTGCGGCTACCGAAACTCTACCACCATTGGCCGAAAGGACAGATTGCTGGCATCTAACAACTTTGTGCTGGCCTTTTTTCCGTACTACGCATGACCGCATCCCCGACGCTTAGTTAGATGCCTCTTAGGAAAGTTAGTACCCTTATGTATGGTTGGCGCTGTGGCGGATGGTGTGTGAAACGATATTCAGACGGAAGATTCAAGCCCCCCTTAATAACGACTGTAGCCTCTACCCCATTCGTAATCGCTTTTGCGCGTCGGAGATACGTTTCTCTCTCCCATCTGACAAATTTGCAGGGATTCCGTGTTTAGTGCGCCCACCATATATCTACCAGTCGGTCGCACCCTAGACATTGTTGACTACCGATTATTATGAAAATTTCACGCTTACGACGTAGTCTGTAGGCGATCCGGCCCGCACTAGGACGACCCCGGACGTCTCGCAACAATAGCGTGTTCTTATTGCAACTGCGGTCAGGGGCGGCAACGTTCCCTCACGCGGTAGCAGCCGACCCACACAGATAATAGGAGAGGGACATGTTCTCAAAGATTGAGTCCCGT,1956,50.46,Escherichia coli
SEQ_280471,CGTGAAGCTATCGTGAACTTTATGCGAGATATGCATCACTCACGACTACGTCTTCGGGGGGGAAAATTAGGGTGCAACGATCTGCCGATGCTCATAGGCTGCGCCACAGGACAGCTGGAGTCTTAGGCCGCGGAGGGTTGAATGACTGCCGGACGAAACAGCGCCAGCTCATCTTCAAGCGCTACCAACGTTATACAACGAGCGATTCCGCACACCCGTACATAGCGGCTTGAGATTTAGAGGCAACATACTTCAAGTGCATTGATTTGAACCGATTCAAGGTCCTTGGTCACGGTACAGCACGGTGCATTTGGGTTGATAAATGGTGTGGTCATCGACCATAATCCGATGACTTGTTAGTTCGGGGTGGGACTATGGAATTTCCTAAGAATTCTAGGTTTTCCAACTTACAAAAGCCAGTTTGCGTGCCCTGACTCGTCACCGTAGAGGGCCGCCGGAGTCTAATAGGAAACGGTGTAAGACGGTCCAGTAAAAGTAGCAACCGTCAAACCAGTGAAACACACGCTTCTTAAGTTGTCCGATTACGCCTTTCTTGATTGGAACTGAATTGAACAAATTGACTGCCCTCTGGGTGGAATGATCAATTAAACCGTTCCAAGGCGCAGATAAAGACTTGACCGTCTGTTGAGTTGACGATTGTTGGGCTCTATGAACTCCCGATAGTGCTCTTTATGTGAGTCAAGGCGCTCCCGGAAGAGATTGCGATATGGACCTGCGGCTCAACGGAAGCGTGGTAGTGCTAATAGCCAAACGCTTTCTGAAGCCAAA,789,49.18,Escherichia coli
SEQ_714037,CCTTATCTGGCACTCGACTATTCCCTAGTCTATACGCGTTTCCCAAAGGACCTCCGATAGTTAGGACGATGACAACAGATCGCCGTCGTTCACTATCTTCCGCGTTGGGGCGTCTTCGACATACTCGAGTGTTCATACGTACGCTCGCAGTGGCTAGACGGTTTGGATCTGTCGACAGGGACCAATTCCCCTTAAATAAATCACAATAATACGATGACCGCAGCCCAGCGAATCCTAGCCTGCTGTTGGGAACCTGCGCGACGGAATACGTTTCCCCTCCTGCCACTATTGCACCCCATTGGGCGCGGGACTATGTTCTGTTTATACGACCTGGCCACCTGCTGTCGTCAGATTTCCTTCTCGGCACTTATCAATTGAACTGCCGCCTCGCAACCGTGCTGATCTCATTACGCGGGTCGCCAGCGGTGTCCCTGAGGCTACGACACGGCTAAAACTCATCGGTTGTTCCTCTAGGGACCGGGTGTTGCATAACCTTAGCTTCCCCAGTGCAGACAACAACTTGGATGCGGCTGGGATGAGAGAAGGGCATGCATCCTCGCGAGTTCCTCGTATTAGGTGCAACAAAGTTCGGTACCTGACAGGGGTTGTCTTACCTTCCCGGGAATCGCACGTTTTAGAAGCTCGCTGCGGATCTTTGCTTCGCATGTTAGTCACGTAAAAGGGTGGGCAGATGCGGGGTACAGGAATAAGGAAAGCCGCGCCCTAGTATCATCTGTGCATATCCGCGATCGAACCGCTATTGATCATGGTGTCGAAATGTTGTGATCCTGCAAGTCGCCAGTTTGGTCGGTCTTCTACTGTCGGAATGATGTACCATCAATTGTTTGAGACAACCTCTTCATGGGTTAAAGTATCACTCCCAATGCCAAAGTCGCCTCCAAGGGTGATGGCGTTGGCCTGTAAGCTTACCAGTGTTGTAAGAACTCTTCATAGATTAGGGTAAATAAATAGCATGGCAGAAAAAAAAAATTGTGCGTGAATGTCGTCTGAGTCCTCCCTTTGCGACTGCCGGTATACGGGGTCCATTGGAGGACTATCATTAGATATGGTGGTGTCTTGAGGATTTCGGGCTCTGCGGCATCTGCTGCGCTGTCTAAGTCGGCCCTCATGATTAAATCTCTTAGACTTACTTGCTGCAGACGGGTCAAGACAAAAGTTAGTCGCGGGAGTTGGCGTCGTGCTGATGAGCAGAGTGAATCCATTCCCTTGCTCGATAAGAAATAGGCTAATTATGGGACAGTGCTCCTAGTACCTTGGTGCTAATAG,1287,50.66,Arabidopsis thaliana
SEQ_321648,CATTGTATCGGCCATGTTAGCGTTAAGAATGCCAAAGCGTTTCTGCTAGGGGATATGCGCGCATGCTTGAGTACAGTCGCAGATATGAGGGCGTGGGGCAGCAGAGGTGAACTTGCTCGACCCTCCCATCGGTCGACCTAATTCACCGAGGATAGATTATGGATAAGTCGGGGTGACCCCAGCCAATTAATCGTTCTCACGTCGTTGGGATAGATAACATGGGATGTTAAGCATTTAGTATCCGATCTATTCGAGTTGCAATAAGCTTCTGACGGGAGTGGTAATCCTCGACGAGCGTTGGACTGCCAAGTTTGACAGACAACACCAAGCTGATCGAAAAGAACGGAATTATTTGTTATTTCGAGAACTGTCTCCGCGGTTGGGTCCGGTTAGGGTTTGACTCCGCACTATTAGGAGGGCCTATCCGAGTGTAAAAGTAGGGACGCGCGGGCTCGGAGGATGCCGCCCGACCGACTTAGGCCGGATAATTTTCGACGGGGTCCGATCCTTAGGTAACTAGTGACACGACCGGATTATTTAGTAGCCTTATTCTTGTGCTGGAGCTCCCCTGGACTCGTCTCGGCCGTTATTAGAAGGCCAATCTTTGCTGCACCATGCAAATCGGCTTCTATCATCTTACCTGTGTGACTTCGGGCGCTCCCATAACGCCAATCGACGACTTACTGAGGGACCAGTGGCTTGTTTAGATATAACAGGTATCTGTTTTCTCTGGGTGTAATCACTTGATGAACCACGACCCTGTCAATAGCTTTACACGTGACGCCCCGGGATTTTCGCTTCCTTGAAACACTACTCGATGTATCCAAGCATGGATTTCGCCCCTGGAAAACGATAGATGACTTATTTGTTTTGCCCCCGGGCTCCTGCCGGGGGTTAGCTGTCGAAAATTGAATCTGTAGCTCGCGCTACTTTTTCGTACCAGACCCTAGGGTTGCATCCAACGAGGGAAGACCGAGAGAATCATCTTTACCTTGTAAAGGGTCACAGCTACTTAACAACAGCTGGAGAAACATTCGCAGCCCACGGGTACTTATGACCTCCACCTGTCTATCTCATCATTACCAGTCCCATCCATAATAAGGACAATGTTATTGGACATCTAATCCTGCGAGCAAACGGGATAAAGCCCTATATACGGGGAACTCCGTGACGGTACCAGCCGTGCCGC,1189,49.87,Drosophila melanogaster
SEQ_831628,GAATAGGCGCTTAGAGTCGATGTGATCGTTTCAGTGGGGCGTCATTCAAGGCGTAAGCATTGGTGTAACGGTATTCACGAATCGAATGGACCCCCATTCGAAAAGGCCTGTCCTATATATAGGTAAACCCCGCTCCGCCATCATCCGGGGCCTTTTCTACAGATTACTAGTAACGTCGTTCGGAACGCGTTAGCGAACATAGACATACCAAAGGTCGACCAGGCGATGGTCTTTCTACTCGCATCTGTCTATTTTTTACATGTGTGCGGGCCTCTGTGGGGTGGTAAACGTCGCGGCCTGCCGCCGGTCACGAAGCTTATTGGGATTTTTAGCAGCCATAACATAGGCCGCCTTCGACCGAGTATGCGGGGGGTGGGACTCAGCAGTTTAGTCGTGGCCCACCTCATTCTAACTGAGAGGTACGAACTTTTATGGAGGCACCGCCTGTCGGGTGGCTCCCGTCCAGTCAGGCTACGTTCTTGCTCTGTCTCATCACTATGTCTCTGCCGATGGGTGGGGCAAGACCTGAATGCCCTATCGTGGGTCCGCGATATCTGCGACTTCCAATGCCTATACTTATCAATGCAGAATACGAGTCAGCATCAATGCTTACAGACCGACTCTGCCTAACTGTGAGCAGTTGAGCGCATGGTCGAGTTTTCTAGCGCTCTTTCAACGTTTATTGCACGCCTGGTCACGTATACCAATGCGTCAAGTTTGTACGATTTCTTAAGTCTCATGGAGGACATCTGTAAAAGTCCCTGCCTTGACCAGCCAATAAAATGTGTTGGGGGTGTTCGGGTGCATTCGCATAAACACTCGGGGGCGATTTAGCGTCCTGATTACCCTTCTGTCACCGGACACCCATCATCAGGCGAGTATTTTTGATGCTGAGCGCGACAGCGTGGACAAGCACTCCCCAGAACTAAGTTTCCCCATTACGTCCCAATTTGTGGACGAGTATCCCGTTCGTAATCTAGCGTTACGGCGATCTCCGCATCAACTAGCTAAAGGACGAGGACAGAAAGCCAAATGTATTGGACCTAAACTCAAATTTCCAATATGTGGCAGCTACTTCGCCACCAAAGCCGAAAAAGGCCTGTCTAACTGAGACTACCTCGGAGGCAGTAACGTAGGTTACTTGGTGTTCGTCTTCATGCTCACTGGCTCCATCCACGCATCCCACTTATGCGTTGGAAGTAACCTCGCAGGCGAGGGAAAGTTTGTAGACATTCTCAAGTGAAGGAGAGACGCGCTTTGCGTTTGGACCGCCAGGGGTCTGCGTACCGCGCCCATGAATTAGGGGCTGTGCCCCCCTTATCAGTTAGAAGCTAGGGCCCCGCGGTTTCCAAACAGGCATGATCCCAGCCGTAGAGTACCGTGGACAAGGGGGCTAATATACAACTTCGCTTATACTATGTACGCTGAAAGAGTTGCAGATCACCCATGTCGCGGGAGTCAACTCGTAGTTAGATGTAGGAGTTCCCGAGGTAATTCGCCTGAAACGCTCGATTATCAAAAGGTATCCCTGTTCAGTATGCACAATCCCATAGCCCTACCAACTTCAGCTTGCTCAGGACTATACCTTCGTGCAAGCTTATCGTAAGAGGCGTTTGCTGTCGCAACCGACTAAGGGCTTGATTTGCTTGTCATGCGTTCTGGATTTACCATGCGCGAACGCCAGCCCATCGTTCGACCCGGCGACTTGAGGCCTATTTTAATATCTCGAGGACCTTTATCCTTAAGAAATCCCCCCCTCGGACCATGGCGAGCTAAAGCAGGATGAACACCTCGACGTCGGAAGACACCTCCGTGAGATACAACAGCTATCTACTGTCTATACAACTGATTTTCCTGTGCACGTGAGACAAACAGCTCTCCAGTGCTGTGCTGAAGCGTAATCATGTTACGAAAGGTTATCGT,1923,50.81,Drosophila melanogaster
SEQ_515016,GCGTTAGGGTTCCTCATAGAAAAGGGAGGATGGGATAGGGAATCTTATATAACCGCCCTTCTCTATAAGTCTTTTCGATTATTGTCGCCCACCACCGGCCGTACCGTTATGAAGTAACGGGTCCGTCTATATCTCAAGGGGAATGGGTTACGAAAACCGAGCTTTCTTCGAGGCCCCATGCTGCAATTTTGCTTAGCCAAGGCTCTATTGTAAGCTACAATCGAAAACACGTGGGGGTGCCTCAAGCGAACTTTCAAGGGCTGTATTGACATGGGACGACCCCTCCCGACGTTAGCATTGGTCAAGTGGGCCTCCCATACTAAAAACCTGGCGTGATCGGAACATGCCTTGGATTGCAAAATCTATTACAGCAGGTGAAAGCCTGCCTCGTGGCAACGCTCGATTCCGAACGTTCGTGCCGAGCACCGCATCGTAGAGGGCGCCAAGATCCTTTCATGCAGACGTTGATTTTGTAGCTCGCTTGTACTCTCGGACCTTGTCGCATACTAGCGATTGTACTTTCCAGTTGGACGTCAAATGATACGAAAATCGAACCTACTACTGCTATTCGGCTCGTCCACGACATCCGGGTCGCCTCGGTACTGATTTTTGCCCCACTGGCCTGAATGCGTCCTCGCCAGATGGTATCCGTGGGGTACGCTAATCTACCGAACGACTCGCAGCATTGCCATGCCCCGACTTCGTTAGCCAGTTGTGAACCCCGTAAAAAATATCGAATGCGACTGGCCGTCCGTAAACGGAAGGGTGAAGCTCAACGGCATTGTAACAGCACTCCGAAGCACTTC,806,51.36,Escherichia coli
SEQ_957056,GCTCTGCATGTGGGCCCAACGGCTGTGTTAATGTAAAAGCTGTTACAAGTGCAGCAAACAACTTATCTCCAGGGACAATTTACGGGACACTAGAGGACCCCACACCATAGGAAAGTCATGGGTCTTCTAGGACGTGATAGGAAATCGGACGTAACCCATAGTTCGAGCGCTCCATTCTAGGCGAGTTTTGAACGATGGGTTAAACAGCATTGTGCCGAAATGGTCTCCTGATAAACCAACGCGAGCTGCCCAGCGATTTCAAGAATTTGGCCGGCATCGGGTCCTCCGTGAGTCGCCTTGACTGGACTTAACCATAGGAGGTGTGAAGGAGCCCAGATGGTCTCGGGTGTCCCTACGCAACCGTGTACGATCTACGGATAGGAATCGTAGTGAGATGGTTGCTTAGAGATGGCCAACCAATAACTGTATACGCACACTGCGCCTAGTCAACGTCTGTCCACAGGCATCTACCCTCATCCCACCTTGTGGACGAATGTGTCAAACAGACGTCTCAGAAGGCGTTCGAATATGTGGTGAGCTAGGTGTCGACATACCTGTGGCACACGCGCGGTAGTACCGAGTCTTTTCGCCCGTGATAAGAGCAGTACGTAGCTCCCTAACCTGAAGCAGTGTCGTCGTCTTGTAGAAGACTAGAGCGGTCATTTACCGGGGTCTGGACCGTACAACTGGTTGGTGGTTATTTACTGCGCGCAGAAGGAACAATTGCAGCGTCTCCTGAGGTCTAGGAGAGTGCGGAGTCGCGACCTACGTGTGGACCGGTAGCAGTGGCCATGTGGCTGTACGTCTACAAACCCTTCGGAACGTCATCCCTGAATCTCCACTAGGAAATCTTCACCAGCTTAACACAGCTTACCGAGGGATAGATGGACAGTCAACCGTTGTAATCGTTCAGTACCGAGTCGACTGAGGGTCATCAGTTTCCGCCGTCGCAGGGTCAGCCGGATTCCTTGTCATAGACCTGCCTTACTCAAAACTCCAAATGACAAGCGACTCCTCCGTATCCTAGCTGTCTATCGAGTTTGTGGGGCGGCGGGGCCGACCAATCGCGTCAAAAGAATGCATGGATGAAGACCACCTTGCACAAGACCTATAGCAACTCAGCAGTCCGTTGCGAGTCAGTCGCCGTCGTTCGACTATCTTCGCGCACGTGTTAACTTTACATGCGATGTGTGACGTTGGCTTCAGTGCTTATAACGAATGCGCAATAATTAGTTATCCGCAGCTTACACTAAAACTCAAAGGTTCCTCGACGATGTCATTCCAACCATCGTCGCTTCCCTGGGGCTATAGAACGACATTCTCGTCCCCGACATAACCCTGCGACTCGATTATTCAAGATACCTTGACTTCTGCCAGACACCAAAGTAGTCTGTGTCTGTAATGAAGTTCGGACCTTTGATCGCCAAAGTCGACTGACTGATCCATGTCACTTTTGTTCACCGTACGCAAGTTCTTGCGGTCGCCTTAATTTGCCACACTCATTTACAGACTATTACAGCTGACAAGGGAATGTGCTTCATAGAGCTGACCTCACAAGGCTCGACGGACCGTTCACCGGAGGCCTTGCTCTCCTGCATTGCGTTAGGGTGTGCATGG,1617,51.21,Escherichia coli
SEQ_513690,GCATACCCACTTTCAGGATATAGGCGTATGCAAGTCTAGAGAATTAGGGTTGCGGTCCCCGATGTTGGCGCTACGTTTACTTTGCTGTGATCGTCTCCGTGAATACAACATCGCCGGCCGGTATGAAGTTGATTAATTCTGCGACCGACTTGTGTTCTGTTCGGTCCTGAGGCACTCGCTAGCCCCCTGTTCTGTCTATTCCCAGACTATGAAGCCCTGTGGGACATACCATCGTCATACAGGACCCGTTGAGTGGCCGATATGATTATGCATGCTCCAGTCCCCCGATCCGCACAGGTGAGCCATGTGAATTTACCTAGGCGCTATTCTTTCAGGGCCAACAGGCGTACGCGCTACAGCGCCATGGTTCCACGGCCTCTTACTCCTTCAGCTCG,395,53.16,Drosophila melanogaster
SEQ_430817,GCAGATTCAGACCTCTCAGCATCACCACAAAAGACTGCAACTAAAACCGGGAGTGCCACCTGCTGCTGCAGTCCAAATTGCGTAGATGGAGATACATATTTCAGAGCTACAGGAGGATGCGTAGCGCAAGACTCTTTTGACTGCGACCACCGATATCTGACATTGGGAGGAGGAGTGGCGAAACAAATGATCCTGGCCCGACTTCGCCTTTAAGGCACGCCAATTGTCCGTGGTCGATTTAGTACCCGATGTCTGCCCGGCGCACCAGTGGCACTCAACTAATAACCGGCACATTAAAAGCTGTTATCATCATGATCAGGATAAAATTTCCTGGACGCGACGGTTTTCAGTGGACGCCTCCCCCTCCATGACGTATACAACATGTTACAATGGGCGTTGGAACATTAAGTAAATTTC,417,49.16,Caenorhabditis elegans
SEQ_498566,AACAACAGCTTGCTGGCATTCTGCGTCCCGACTAGCATAATCGTACACGGGGAGACCACACGCTGTTAGACTATGGACCACTGTTGGTTCGTGTATGCGCACTCCTATGAATCGCGAGGGGTGAGTGCAGCGGTGTACCTAGGAAAGTCGGCTAAGTTTGGAAACCCCGTCGTACCACTTCGAGCAACCCAACTCGGCGCACAGAGCATAAGCCTCTACGCGGTGCCTCCCCAGGGGTCCGGTCATTGACGGTCTCTTCACTTCTGTTAGTGAATGAAGCCCTTGCAAGGCTTGTCGGGCATATTGTCGTTCGAGTATTAAAGGGAAATCGCGTCTCATCACGAACATCAAGCTCAATCATCGTTAGGGACCCGACCGTGATGACGCTCATTAGGTGCGAGGCAACGGCTATCGGCCTTATCCAAAGGTGTGGATGCCCGGCGGATTTTGGAATTTCGGTGCTGACAGAATATGTAATGGGCGAGACCGTCTTCCAGATGAAGGTGGGATGTTTGCGCGACCAATAGTCGATCAGGTCCGACGAGTAGCACGTTATTCCCTATTTCTTGTCTGGTACATGTGACGGCGGTATGCAATGTAACTTCTTGCCACACCGGTGCGGTGGAATAATATACCCGGCATGAAACCGTAAACCTGGTCCACAATATAAGTGTCTGAAAGGGAAGGCGCAATCCCGGGGGCAGACGGACTTTCATTCGATCGCATAGATTGGAAGGATAGGACATCCTCTCAGCCGGCGATCAATTAACGATAACATGAGGCAGAGTTCGCGCGGAGTCTCCAGTAGAATTCCAGTGGCTAGGCAAGATAGCTTCAACGGGCTTTATGAGTCGCGCTGTAGCCGCCATTACCCCCTACCTTCATTACTATAACAGTTCCACTTGGTTTGGCCTGATTGTAGGGAGGCCCCCGGTTGTCGTGGTAACGTGTCAAAACTTTGCCTCCGGATCGCGCCCAACTCGCATGGATGGCGGCGCCAAAATAGGGGTTCTGTGCTACACTAAGGTGCTAAACAGTTCGGCATTTGTGGAAGATCCTAGCCCGTTCATTCCTATTTCGTCCAGGCCGTGGAATGTGTGACGTCCGGATTATCTTCC,1118,52.33,Saccharomyces cerevisiae
SEQ_802984,GAAATATGAATCGACTAGAGGTACAAGGTTGCCAAAGATCCGTAGCCCTTCTGGCCTTGTCAAAATCCTACGAAAGGCCACCGCGGGAAGGTAAAGGATACGGTCACAGTACTTTTTTGTCGCTTCTGACCTTAGTTTCTCCAATCGAATGAGGCGGAAGATGGCATCCCTTGGCTTCAACCAGAGAGCGTCTCCTGGCAATTTAGTGTAACCATGGGCGCGGTAATGGGCGACTCCGTGAGCCATCGTATACGGCATAGAACGACTTGCCCGTAAACTGGAAGAGCATCTGGTTCTGTACTTTCCTTATCACCGCAAGGACCCCGACATGGCTATTTGCGCATTGGTAGCGCACAATTACGCGCTAATGTGGAATGTGCAGAGCGAAAGCCTGCACATGAAGGTCACGTCAAATGATTTGCTGAGTAGGGCCATCCCCAACCGCGAGTAACAGTATCCGGCTGATCTTTCGTGACACAATTCAGCCAAAAGTTTTCGAGACCGCCGGGCCCAAACACGACCTGAACTGTCTGAGTCCTCCCCCCGCTTACTAGGCAGGGTGGTCAGCTTAATACCGGAGAGTCCCCGTCCCTGCTTAGAGCCCTGTTATATGATTCATGTAACCCGTCGACCTATGTTATCTCATGAAATCGTTCTTATAGTGCCCAGCTTAAAATCCTGTCAGGCGCATATGGAAACTGGGT,704,50.57,Homo sapiens
SEQ_844873,TAGACACTGCTGTTAGGTAGTCCCTGACGCCAGTTGATCGCCCTACCACGCAGCCCATTACATTAATGGCAACTTCCTGCAGGGGGTAAGGCATGCGACTATGCCAGATCTACGCGTCACTAGAGGTAACGCCTACAGAGTATTACCTTTTTACGTCGACATTATTCGGCCAAGTGGGTCAAGCCCGGAGACTAGCGAGGCTACACGTTAGCTATCATGTTACGCTTACGTATGCGTATAAAAGTAAGCGGCTACGGCGGAGGATAAAGCTACAAGATAACTGTCAGATGGCAGTTGGCCTCGGATTTTAACGTCTCGAAGCGTATGCTCGTCTCGGATTACGGCATATTTATCCATTTGAGGATGTGCAACTGATTTGCATCTTGCAGCAGACGTTCTGTAATTTCCAAACAGCCTCCCCCTTCCCTTCACATATATACGTAACTACCCTCGATTGAAAGGAAGTTGTTTGAAATGAGATCGTTATAGTTGGCGTCGTCTTATCGCGAACGTTTACAGTGTTCCTGAAGACACCAAGCTAGGCCTGAATCCTCCCCATATTCGTGCAAATGACACATAACACGCCCTTACTTATTCGTACTCAACACTGCCCACCAAGGTCCTTCATGCTGCTCCACATATGACCGTTCAGAGTCAAGATCGTACAATTCCCGGTGGGCTCCTATAGAGTCCCTGTTCACATCGCACAGTATGATCCGGACGGACCTGCAGTTCGTGACAATGAAACTACCGCGCGTTATTGACGGCAAGTCTGCAATATCGATATTCCAGATTTGCTGTACAAACACGACAGTCAACCAGGCGGCTTTCCCATGGTACATATTGATTCATTAACATAAACTGCTAGCGATCAGTAAAATTTCGCGCCAATAGGAGAGAATCAATTGACCTCGAACGGTTGTGTTCCATCCAACACCGTAAATGTTTTTAGTCCCCGTAACCACAATGAGCCTGCGCCCACGTTCTAGGCAACGAAAACAAGACGGGGGCCACTTCCTGTTCGCGAGGCTGGATAATTTCATCGTAATTTTAGAAAGTCCAACCCCTATTAATAGGAAAGGTCTACTCGGGACTTCTCATCTGATCTAATTTTGAAGCCGTTATCCTACATTGGCACAAAACCCAAGGCGTACTTGGGACTAATTGGCGGCGCTATGGACCCTGGGATATTGAATTGGTATATACGGGACCAACCGCCGTTGAATGATAAGGTTATCATGGACCTCATGTCCCCCGTATTGTCGTAGAGTTATAATGACCCGGCCTGACAAAGCCTAAGGGACTCGGCAGCTTGCCAAACCTTTTAGATGCAATGTAGTTGGGGGCACTGCTCTACCAGACTTGCGGGTGCGTACTTCACACAACGACAGAGTTCGATTTCGTCACCGAGCGAAAAGTGGCGTATGTAGTAACGCCCGCCCCTCATCTCAGCGTGTGACCGTAAAGTGGGCCTACTGGCTACTTCCCGCTATAGCCCGGTGCTTTATGGCCTTCAGACTGCGATATGCTTGCTGCACGTGAGCAATCAGACCATGTCAAGTCTGCCCTCTCAATTGTCCTCGACACGGGCGGTTGGCCTGTCTAAGGTGAATACACGTGACTTCTTTTATTATAGTCAAATCTGGGTAGTGCAAAAGGTTTAAAGCCGCAGACAGCGCTGCCGTGTACGTCGATTTACACCATACCCTGGTCCAGCGTTTTCACTGGTGCGATTCGGAGCCCTAGGTAGTGATGATGCATAGGGAGACACTGCTATGTCAGCAGGCAAATAATCTTGAGTCACTTAGCGGCTCAGTCGGCTGTCGTAAGGTCTGAGCGGATTCGAGGTGACACCGAAGCAGCCCTCTCTGAAGAACCCTTACACCAGAACTGCGCGGAGAACAGGTCCGGCGGGGGAAGAGAACGCTTACCTAGCAATCTGCCGCAGGAGACACTTCGCGCTCGCAAGGTGAGAGTCGCGCGCGCCTTTTCTATA,1996,49.5,Saccharomyces cerevisiae
SEQ_550569,ATATTCAAGCACCACGCATCCCAGATCTAGGTCAGTGGCCTACTTCTCTAGTCCTCTTCCCACCAATAACCACAGCTATGCACAGAGCCGAGTGGAGGACAAATGCCGACTTGTCGGGGTGAGGGAGGAAAGTGCTCTGTTCCACAGGGCGTCCGAGGTATTATATTAAGATTCTGCACGACAAGAAAATTCAGGGCGAAGTAGCCGGGAGCGCACAACTAGTCCGAATTTCAGATTGCTTTTTCCTCTATATTTGCCGCCTATTGGAATCGCCCTTAGTCTGTGACACGGCTTCGATGTCGTGGAGTAGTGAGCTACGTTCGAGTGGTCCCAATAACAACCAAACCCGTGTGGCCGGCTATAATTCGATTCCGGATAAAGGGTTCGCAAGGAATGTTATAGTTCAGGCCCTGAACACTGGTCACCAAAGTGTTCATGGGAACACCGGTATTAAGATCGGACTTACGCCAAAACCTGGTGCCCGCCTTCGACCTCTAACAGTTCCATTCGGTTTGCCCGATCTTTACTTTTTTAGTAATCATTGACGTTTACCGGAAAAGCGTCTGCGACGGCGTCAGGTATTCCAGGTGTTAAGGGTAATTCTGTAGACATGTGCTGTGCACTGCTAACTCTTTATGTTGAAAATGGGTCTAGGAAGAGCCTGTATGTGAGGATTCCTATTTTGTGGGACCACTCCGGTCCGAAGATGCCATTTCGGAGCGTTACATAAGGGACCGTTAGTTGGACATCGATAAAATCACTGACAGCG,769,48.63,Escherichia coli
SEQ_162536,TGCTGCAGCCAAGCATTGAGCTCCTTCGTGGTATCTCTCGAAAGACCCGTGAACGACGTATTTGGCCTTCGGGCGTACACAACCTGATCGGTTCCTCCGCCTGAGAAAGTAAAATTTCCGGTCCAGCCGCATTTTGCATCCCGAGCTTGAGCGTTCCAATAGGCTTGCTGGTGAAGCGAGGAGCAGGATGGTAGGAAATACCTTCTTTAGCAGTCGTCTGGACCGCGCTGGGGTGAAAACACAAGCGTAGCGACCCACTGATACCTTCGCAGCTAGATTCTGTCAGTGCGCAGGTCCGACTGGTTCTGGCACACTGTACGGGACCATTGAAGATACGGCACGCCCGTGTCCCGATGCAGGGGTGGACGATCATGAGCCGGCGTGTGGTCGGACCTAACCTTAGCGCGTTCGAAACGAGCGGAACCCACACCTATCGCGTAGGTATCGATGGGATATACCCAATCGCGATTTATAGCTAGACATGTTTACAGCCACTCATCATGCGTTATGATACCAGCCGATTGCCCTTGCACGACGTCCAAATTGTCTGGAATTTAAATCACCTGCGGTTGCCAAGATCAGTTACCGGGGTAGGGGCCCTGCACGTGGCGCATGGTACAGCCGCACTGCGAGGTCGAGTAGGGTAATGAAGGGAACTTAACCACGTCTCATCGGGGGTAAGACGCCTCACAGATCCACGATTATGCTTTTTGGCACGACGAACGGGACTCTCCGCGGTAATGCACGGATGCGCGCCCCTCCTTAGCCACAAGTCTCGCGTAGAACTATCACGGA,795,54.84,Saccharomyces cerevisiae
SEQ_723557,ACAGCGCCGCCTCCTATCGATAGACAAGCTGCATAACAACAAAATTTCCCTCAGTCGAGAGCGTTCGGCTCTACACTTATATTTTTTGACTGGCCACTCTACACTGGACTCGCGAATCTCAGACACTGGGCGAGGGCTATGGCGTAGTTTGTCATACGAGCATCTGTTCGGACCAACATAGATGAGACTCGTAGCTAAAACAGCGTAAACGACGGGGTTTACTGCCTCAGGACGAGGAGCCTATTCTTCCTTCTACTTTGCATTGCGTATCCTCTATTCGCAGTTCCTTAGTATCACCCAATAGGGATTCGCGTGTCTTATCGTAACCGGTGGATGAAAGGCTAGCGAGCTCCTCCAGAGCACGGACGACAAGGGGTTGGCACACGCTCTGCCACCCTGTTGGCTAATACGTGTCCGTCACTGTGGTAAGCTATAGAGTTTAAATATTGCTTAGAGTTCACCCGGGGTCAGGGTTAACTCTCATCGTCAGAGGTGGATACGGGTGTCGACATCGCAAAGTGCGGCCTTTGAAGCGCAAAACGGGGCGATCATGTTACTACGACTTAATTGGCCTCTCAGGCAGCGTAGGTTTGGAAACGTAATATATGCCCGCAATGCTAACTGACTTATTACGGACATCGTATGGTTAGTTGA,654,49.54,Homo sapiens
SEQ_220627,GATCGACGATTCGTACGGGCACCCGGCGTGCGGTTTTGGTCACATTGGATCGTATTACGCCTGACTCACTTTAGGCTCGTGCTTTTATTGATACCCCTGATACTCCCGGGGAAACATTCGGCCCTTCGAAGTAAACGCTTTTAGTTCGATTAGCGACAGTCCGCCATTTACAAGACAACGGCCCCATCTGTTAGGCTGGTATCTAGGCTTAGACGCTCATATCCGATCCCATGATCAAAATAGCTTCGCTACGTTGACACACACGACGCGGCCAGCGGTGACTCCGAGACTCTAGATAACGGCTTGTAGGTAGGCTCCCGCTAATTATATGCGTGCTGCCCTTATGCTCAGTCAAAGCGGCTTGTCACAACGACCGTAGGCCTTGCTTCGATTTCATCAACCGATGCGCATGACACAAACGTAACCACGGAGTTGAAGTCGTGAATTCCCCTTGAAGCAGCAAACGCGTGTGGTCACTTACCGATAATATAGTTTTGTAAATTTCCGTTCAGACCTTTTTCGGCCGAATAAAGAGCATTGGATCTACAAGCGAACTAGTAGTTG,564,49.29,Arabidopsis thaliana
SEQ_226041,GTTTAAGTTGACCCAAGAGGTGTGAGATGTACTATCCAACAGCTAAATAAACCCGTCATCGGACAGTCAATGCGATCGCATAGGAAGTGTCTCCCAGAATCCCCGGATACCGAAGCCAAAGGCGTATGAGGGTACACACCAACATTTGTACCAGATCCGACGTCGTATTTATCGGCAATACTCCACGCACTCGTAATTGACGCAAGCTGGTTTCCGACCTACAAGAATAAAGGTTTGTCTAGTGCTACAGACAGAATGATACAGAAACCTAGAAGCCCTTCATTGACACCAGAGGCAGGGATGACACCGCCATAGGCCCCGATGACGCATACTAGGGCGGATTTTGATAACGAGGTAAACAGTGTTTTTTAACTGGAACGTCAATAGGGGAGTATCAGCGGTAGGCTCGTTTGAAGCAATGAGGTTGCCACCCTACATTGGAGATAAGTGGGCGAGGATATGTTTGATGACTACAGGCCAAGTCATAGTGCGGCAACCAAATCGTCTGGGCCCGGCGCGCCCCCAATCAGCCACAATGTTTAATCTTCACCCGGCCGGGCCTTTGTGGAGCGCCACACCTAATACACCGACGTGCTTCCCAGCTTCCGGCACGCGGGAAGGCCTCGTATCGCTTGATTACCTGTTAATCTACCCGCTCCAAAACAACGTCCAGCGGCCAGGCATTCAGACCGCCGGGTACCCTGTTAGACGTAGCTTAACGGGGGCAATCCTGGAGTGTTCATCGGGACGGAGTGCCGGTGGTGTGATGAGGCGACAGCGATGGCCGCCTTGAAGGATTACTATAGCCATATATTCCAGGATCTCAACTATGCTCACTTTTGCATCGGGGCGCCATCTGTACTAAACAATGGAGCGTTCTCCTGATTGAGTAACGTCCGGAGCGGGACACATGGTAAGTCCGCCGACGCAGTATGCTTGCTGGGCGTTACATCCAGGCACCTCACACTGCTCCGTTTGTCTTTGCTATGATCTGCCCTTGACGGACGAGAAAAGTGAAGTTGAACTTCGAGCTGCACCTGTGAGAAAGCAGTACGCACTCAATATGACGACCCCGGTGGTACGACGCAACTCCCCTGACGCACTCAACCACAATCCCTAAGTCCGTGTGTGTGCAGAAGCGCTCCCTCGCGGATGGGGCACACTCGCTGAGGACGCCCGGATGGGCCACCAACTCGGGATTCATCCGAGAGACTCACGAGCTTTGGAATACGTTACTCAAAGTTTATTCTTCTAGGGAGATTAGGTGAACGTTGCCATTCCTCCGATTAAGTTCGTCGGATGTCAGCCTCACCCTTGGTTGGAGTATTTTGATCCCAGGGACCTAAGGTGTCTTTATACTTTTCAATGGGTTGAATGAGGGAAGAGGGATAGAGTGCTAGAACTTCCACATTCCCAAAGCCCGGAGAGAGAGGTCGCGGCGTGTACCGTCACGAGGGAAGGTGGTCCTTGTTGTTCTCCTTAGTTGTATCTGCTGCCCGGAGTAACAAGGGGTAATTGCGTGCGTGCTATTTCCTTGCGCGAAATGGAATGCTGTCTAAGTCTGCGCTACCAGGTCGTCTTTACACCTCTCCTGAAGGTGCCTGAATGATTGTCTGAAAGAGCTACGGTCCACCTCTTGATCCATTACCTTGGTGGG,1657,52.08,Mus musculus
SEQ_964288,CCCGATATGCCCCAACGAACCTTCGCTCCCCCGTTTGATTAGGTACACCGCGCACAATTGATTACGGAATAGAAATACCTTCTAACACCTGCAGCCTTATTCGCGTCGGTATATTAGCCGCCGGCATTACTCGGCAGGTCGACATCTCCCCTGTATTACCCTGGACGCAGCCCAGGTGAAGCCTACTAAATCAGGCATGCATATGAGTTTTATAGGCTGCTCCAGATCCCTCCTGCCATCTCCACGTAGAATAGGATCCTCCTCTCGCCACCAACTAACTCAGATAGCACTGGCGATGAGCCAAACATTCAATTCGTGTTCAATGCACCCCTGTACAAGCCGTCATGGAGGCGGTACCCGCATTCGAGGCCCTCTGACGTCCCAGTAGTCGACGTTTGAATTGGAGGGACACCTGTGCTCACTTGCGCTGTAAACTCGTTGCAACTGGAGCCAAGAGATTTCACTTGTCGAATTCTGCGTAACAGTTGGGCTAGCGTATTCTGCACACTTCCTGGTGCTTTGCGAAAGGATCGCCAAGTCCTAGCTGGTTAAGATGCGAGCATAACATCGCGTTGGTCGAGGAATCACACGAACCAGGTGCTACTACGAAAAAACGGTACCATCGCGTCCCAAGCCTTAGAATTGTTCCCTCAATACCAAAGGCCCCTAAGGATTTCTTAAAGAGAAAAAAGACAGTTTACCCTGTCCTGATAGAGAGCCCCGAGGGGTTGTCTAACGTAGACTCGCCTCGACTCCTGGCTGTTAAATCTGCAAAGGTACACTTCGAGCCTTAACAGCACTACCGATAGAATCGCATGCATTCAGGCATTCTTCATGAGGTCCTTAACTGTCGTGTATCGCGCACAAATGTCTACATCTACTGATTGAAGGTCCAGCTTCCATAAACTGTGGTGAAATATTTGCTTACGAACAATGCGGGTCGCCGCTCAACTTACGTTCACTATCTTGGTCGTGTCTTACGTGCAATTTGGTAATAACTCTAGAATATCATAGTGTCGTCGATCTAGTTGCGTACACGGAAGCTGACCATCCGTAGATCTAGCGAACTGAGGGACATGCTACGATAGGTTTACACTTACTTAGATTGCGTTGAATTTATTTCGTGGACCAGCGCGGTGGGCGCCCCAGATTCACACTATATCGCGTTCTGTACGCGTCCCGGGTTGTCCTACGGAAAACACATAGGCTACTAACTGGAAGTCTTCGGTACCAATGCGTTGTACTCTGTCGTCAACACTACCGTGAATGAAAAGCAGGAGTTCCCGCTCATTGCGCCCATACAGCGGTGAACGCGTTCTTCAACCGAATGCATTACTGATTGCGCGAGAGGACTACACATTGTGATCAAGGCACAAGGGGATGTTTGTGCAACCCGGACAGCATCCAGCAATGACGGTCATTTCAGTAGCTTTAGTAGTTGAATCTCTTCGTAATAGCAATGCTCGCACTCTGACG,1476,49.25,Escherichia coli
SEQ_261120,TGAGCCAAAAGTCCGAGCGGCGTTTTATAAGATGGTTTGGCCTACTCACCTTAAGGGCAGACGATAACAAAGCGCCAAGAACCAGCGCGAATGTGTCACTCACAACTAACAGCCTCTATTTCGCTTTCAGACGAGAACACTTCGTGTCGCTAGCACGAAGGCGCGAGCTTGTAGGATAACAACA,184,49.46,Arabidopsis thaliana
SEQ_243298,ATCTTATTAGCCGATCTGTAGCTACCAGAAGTGTTTAACACTTGTGGTTCCGCCGGGGGGACTGGTCTCAGACGTGCGAATCCATACCTACCTCAAACGACACAGGGGAATTCGTTTGACGTATAGACAGATACGGATCTTAGAAGTCCATAAAACGAACTGTAGGTTTGCCCTGCGCGATGTATTTCCTCAACATCGAAGTCTCTGCAAAACGCCCCCAAGTACAGGACGGGCTTTGGGTGTAAGGACACACAGTTCTGAGCACTTTTGACTAATCCACGTTCGAGTCGGCGAGTCCAATTTCCAGGGAGGGGAATTTCGGGATGCTGTTATCGTCGGAGGCTTCATACGCCGTCAGACCCATATTATTTATTAATTACAGTACTTTAATGGGTGCTGGACTTAAGGCACCCCATAGGGGTACCTTTCATGCCTTATTGTTGAGGCTCGTTCTGGATCATTAGGGTTTAGAAGCCTCTCACAACTATAGTAGTCCAGGGCTACTCACCTTAGGACCTCGATGCGTCTTGCGGCCAGGGGAGTAATAGTACAACAACCGGCGGATTTGAGGTTTACTCGGTCGGGTATCGGTTCTGGCTGTGTCTACGCGCTAGGCACTTTCCGATGTAGATGGCTGCCACCCGGTGTTCAGCTAAGTACATAGCGGTATTTCCTCGTAACCCTCGATGATGGGCTTATCCCATATCTAAGCAAAAGCCAAGTCCCTCTTAACGAATCGAGGGCCTCTAGTGGTGCGTTAATCTATCCCGTTGCCGTGTGCGCGACTAACAACTTACCTCCTTCCCCCGTAGTCGGATGCAGGGAAGGAACCTAGTTAAGTTTCATACTTAATTTTTTCGGGTATGTAACCTTGACCCGAAAGGTCATTCGGCGAGTCAAATGCTGTACTCTAATCCTTATCTGCGGTATCGGACCGTCTCTGGAATCTGATATAGTTCTAATACCACAATAGAGACGGTCGGCGGCGCGCCCGCCAG,998,49.4,Homo sapiens
SEQ_273930,TCTGCCTCCAGCCTACATAGCAGTCCGTAAAACTCTCAGCATCGGTTCTGATGTTGATTACTATTTCTTCACGATTCAGCTAGAGTTTATGGCAAATAAGACTTTTCCAACAGCCTACAGAGGTTGTATCTACGTTTATTGCGG,144,42.36,Arabidopsis thaliana
SEQ_529901,CAGTGACTATAGACTCCATCCGTTGTCAAGATAACTATCTCATAGAATCGCAACTTTCTCAAAAACGTAATATACAGGTGCGCGTAAGCGACTTGTGTGGTCTTATCCTAGTCAACTCCCGGAGTGGCCAACAGGCGCGTGTGTCCGCGGCATACCTGCATAAACTTTTGTTATAAACTGCAAGTACCACTTATTATGCCTAGAGTTTTAGAACGTCCAGCTCTGTGCCAGACGGTTTAGACAACCAAACCTTCACCTAGAGCTTACTGAGAGTTCGGATAGCGTCGTGACATATCGCGCGCAGTGCCTTCACCGCAAAAATGTCCTCTTTTTAGTAGCGCACTGCCTTGTCTAGTCGCGGACACGAGGTCCCCGCTGCGCCTGATGTTTCAACAGCAAAAAAGCGAACAGCCATGAGGGAACATTGATCTCCTTGCCCAAGTTCGTACTTTCACACTGGCTATCAGTAGAGTATTGAGGGATGCGCACGTTATACCGCAACTAAGCATTATGGCGCCAGCACCCCTGGAAACCCGAGAGTACTCCATGCTTTAACCAGTGGTGCCGCCCTCATTCACTTGTTCTGTTTCCCCCACCATAATAACATAAATCTAAGAAAATAATCGAGCGGGTGCCTCTCAAAGATCGCAGTCTATAACAAACAAGTGCAGGCACCCATCAAGTGTTGGCTCGTTTCGTACCTGGTAGAACGAAGCACGGAGGATTTTACGAATGCACAGAACTCGGTCCAAGCAGATAGCGCGTAGCCTTACCAACCGACCAGGGTGAATCGCTTATGCGTAAACGAATATCTCGACTAGCAATTTATGGCCTAACGGTTAGAGTATTGCAGGAAATCCCGAAAAACCATGGCATGGCTTCAGAGACAGCCGTCTTGCATCCTCCGGCTGATCCCGAACCTCTGAGTGCGCCAGCGCAAGGCCGCTGCAACGAGTCCTCATCTTATTCAGTTCGGGCACGATGCGATTTAATAAACGATATGTTTTGTCATATTGCGACCAACACCTAGAGCTGTATTGGACGAGGAAACTTGGTCGCGCCGTAGCAGAACTATGGTCGGGTCCCTCGGGACATCGGCGTCGACGCACCGGCGGCAATGATGTACAGTCCGTGAGCGGACCA,1143,49.87,Drosophila melanogaster
SEQ_797369,AGGGACGTCTAGCCGCACTAATCCCCAGTGGGCTCAGCCAGCTCAAAACCCTGGTAGTAAGCCACTTACGTGAGACTTTTTTGGGCCGTGTAAATGTATGAGCCTCTGGCCCTACGCTCCTCCGGGCAGATCAATCGGCTAACAAGAGCTGCGAGGCGCACCCATCGGCTATTTGTGGCGTGTAAATTGCCTCAATGTCACTTATCGGAAGTCTGCCTATGAAAAGAACAGGCAAATCAGCCCATGCCCAACCGCATCTGGTAATGCCGCCACTCCTCTAACGAATAGTAACCTTCTCGAAAGTGACTGCACAACCTCCAGCCCATGTGTGGACTCGATCTCCGCGAGAATTCTGGGCAAACTCGTGATTGGCTGCACTCGCCTTGTCACGCAACATGACTGAGCAGTTATTAGCCTCAGTGAGTCAACTGAACGCGATCAACCAATTTTTTACCCCAGCTACATGGAGCTTCACTTTATTGGGCTCGGGGAGTGCACGCGACCCCGATGCGCCGCGGTTACCGTTACCTTCTATCCCATGCATTACAGATAAGGCAAAGTAATGGGCTCGTCCACCCGCTCATTAGCCAATAGTTCTTCTGAGAACTACGAGCCGTAAGATCCGTACTGGGATCATGTAGGACAAGGCCCTTTAGATATCATCGGTGTCCGGCTGCAATTTCACAAGCAATGTTAGATTGGAGACCTGCTGCTCACCGGTATAGGACATGGCTGTTTTGCTCAGGTACGTGGTGAATCCTCTTCATGGTGTAATGGCATTTGCTTGCACAGCGGACTCCCTAGGAAGGAAAAATATGTTTACTATGACAACTGAGAAGGCCACCTGCATGTTAACATATTTCGCGGTCAACCGAAGTAGATTTGGCTCGTCACTCGTAGAAATGTATCGAACTTATTAGACTCTAGCGTCACCGTCTTCAGCAAGTAGACTGTTCCTATTGACATATGGACCGATTGTCCATCTGGGTTCCCGTGAGTGGTTCCTTCCCCACAGTCTCGCGCATTAAGGCGGGGCCTTGTCGAACCTACTTTTGTAAATATATCCGCACACCGGAATATCTTGATGTTTTTCAATAGCACTTCAGGGTCGGCGCGCCGTCCCGAGCCCCCTTAAATCACGCGTTCCTTTACTAAGTACGAATGATCAGGGGACTGATCTAGGTTGGGCATATACCACTACCCCTGCACCATGGGGGACCCCGTTGGTTAGGTCCTTTGACATAGTCGGATCTTTACAGAACGCGATTAACTCCCCATGTTCACTATGTGGATACCGGCTTCTTGAACGGCAGGTACCCCCGTCCGATGATCGAGCATTCGGGGTACTCGTGCCACTGCTAACTACTGCGATAACAATCTCCAGTTTAGCAGATATCTTTATCAGGTGACAATGACGAACACATCTTCAGTGTCTGGTGGGCTCAAATCAACTGGACAGGATTACGAGGACTTAGTGATGTTCTGGGGACGCGGGTTTACTAATCATGATAATACAAGCACACTTTTAGCTTAACACCGCCTTATTCTCGGTTGGAATAGGTTCTCCACTATCTTATTGATATGCTATCTCTACCCGAGATGCATGGTGCACAGCAGGAGTTAAGAGGTTCCAACCCAACAGAGGATTACGACGTCGCGGGCACATTTGTTTACGTTACTATCCTACGGGCTGTAAGCGTGTGAAGCCCTGATTAGCTTCCCGTCCATAACCATTTGTATAAGTGCAATTCTCTTTCCCTCGGAATGGTCTGATTCCGCTGTC,1783,49.41,Escherichia coli
SEQ_743049,TGCAACCTATGTGGACCGTGGGGGGGCGGCAGAAACTCTCACGGAATTTGCGGCCCATCCGCTACGTTCGCTATTTTCGTCGCTTTGGATTCGAGGTCCTTACTACTTGTGTAGGAGGGGTGCAGGACATTCCTTCCTTCCGAAGTTCTATAGAGCACATTACTGTAGAGAGTGACTTCAGCTTTTTTTAACCTAATTTGAACCATCAAATCATCCCAGAGCAGTGTCTGATGGGTTGTTGGGACTGCCGCAGTAGACCCACGCTGAAGGGCACCGACATCCTACTCTGAGTGAGCGTATACGCTATCCTCGCAAGAATCACACCCGTATGAAAGCAAGGTCGCTCACCTACCTCGAGACCGCCTATTAGGGCGTTTAGTTATCATTAAGTATTACGTCATTAACTTCAGGACGCGAGTTCAATCGATACTAAAACAGACCACAGTATTTTGCTTTTCCTCAAGGTAATCATTCGTAAACCTAAGACAATTCTATTCAGACGTGTCTTTTCAGGGAAGGTATACGTGTACGATACGCTCCACTGCACGAGTACTTGTGGAGAACTCGAATTGAAGTACGTCTAAGAACGTATACCGTATACCGCCTTTGAAGCTCCCTACGGGTGCCTCGAGCACAGCTAGACGCGTGTACTTGGACCGTAGGAGATGTCATCGGGTGAAAAGTGACTTCTGCTCACCTTGAAGGGTGTGCGGCGATTCCTTTTACCGTAGTATACGCTCCCGGGATACAAGCGCAACTCAACGCCGGGACTTAGCGTAAGCGTCACCGAAGGGCGTGGTTGGCTGTAAAAAGGACGTAGCGATACGGGAACCTGTCGAACTCAACGTCCTGGCGAAAACAGCCCTCCAGAAGACCCAGATGCTGTTATGGTTGAGAATGTACTATCACGATGCTGTGAGTACTCTAGAATCCTCCCTGGAAACTGTTGCTATGAAAAACTATTATGGTTCGATGTCATGTCCG,984,48.78,Arabidopsis thaliana
SEQ_238853,CATTATGTATCCGCATTTCGACTCCAGTTCCGCGGGTAGATCCGTTACAAAGACAGCCGACATGACGTGACCTTTAAGTACGAGCATGTTATAATGACCCTGGAGCATCAGTTTCAACGCGTCGTAAGAGTCAGCTTGGGGGACAAACAATGTGGTAATGCTACCCCCTTCTAATTCACTGAGCAGCGTGAACCATACCTAGAGAAGTGTCGGCAAGTCCAAGCTCGAATTAGGCGCTGCCGAAGACCCCTTCCGACAGGAACGTTCGCTATATATACTGAAGGTGCTGTTGTTACGGTCGGACAACATTTCTCGCGCTCCCTTCACTTAAGACGTACGTCGTCAGGATGGCGAGGGGAGGACCCGCCATGACCTTGAGCCCGGCCGATACGACCTTCTCTCTAGGCGCACGATGTTCTTTGTTTGAGTAACTCTTGAGTTAGCCCCTCAAGTTCCTCACTGCCAGCGACGGTTCGGGCCCCCCCCCCTGGGCGCTTCCTGCCCTACGCGGCAATTGCAAGTCACGGTACGCATGGCCACAGTAAGCAGACCCGTATCTTGATCGGATAAGAACTATATGGCTTCCATCGGGTAAATCTTTAAACTCTTACTAAGACTTACAAAACGCGATAGCATCGAGCCATGGAAGGCACACAGACACCCAACGGGGGACCATTTTAACAGTTCTATTTGTAACAGTTTTGATATAACGATTTAAGGAGTTGTTACGGAACACTCTACTCTGAGCGCTCTCGGTTGGCTCGTTCCCAGATCGGGGCTGGGGTGTACCGATATATTACCCCCTGCACCTTCACGTGCTCGCGGGGTCCGGCGGCACTAACGCAAAACTGTCGAACCCGTATCCAATGCTCACTCTACCCTACGTTAGCCG,892,52.02,Arabidopsis thaliana
SEQ_342670,TCAAGTCACGAGGAGAGAACTACATAGGACATATTGCGAAAAACCCGGGAGAGGGCGTCCTAAGCTGACACCCGATATACCTTTTGAGGGTTATGACGCGGATATATGCCGAGGAAGCAATTGCTGCCTATCCCCTGGGTCCAAAGATCATAGAGGCAGCCGATTCCGAGAGATCGCAACCGCAGTTTATTGCCGGATTTCCTGCTGTCATAACAGACCGCATGGCTTTTTTTGCTCTGGATTCACGTCGGTATCCGTTCTACTGACGAAAGTGAATGGATAACAGACTAAGTAACATTTGATTTAGGATCCACTCATTAATTTATAGCTAGTAAGAATCATTGCGTCGCTAATTCGTAATCGATTCTAGGAACTGCTATGGCTTCACTAGTTAGGGTGCCACTATCTCCAGGCGTACTACATCACGGTACCCTCGTATGCGGCCTATTTGGGTCGGGTATGGCGAAGGGAGATCGATGCCCGTTTTTAACGAACAACATGAGATTAGACTCCTTAGGGTTGGCGCACAGCGTAGGTCAGG,541,47.69,Saccharomyces cerevisiae
SEQ_922439,TATTGCAATGAGCTCAATTGAAATCAATACCTACGGAGTAACGGCACTTAATATCTCGCATTGCTGTGAATCATCTTCTTAAGGTGTCAACGCCTACAAGTTCGCGGCTGACGCATGGTTCGAATCTGTTTAAAGGCCACCACTGGTGACCCGCACCTGACCCTCACCTATCACATATACATACTCCATCGTTCTGAAAACGCGACGCGATTTGGGTGCCGACTGTAAGATAAGAACAACTGTTGTTCCCCCTTGTCGCGATGAGCCCATGATCAGTAAGTGACGGCCATTAGCTTAAAACGGACCCGGAAGGGCAGGCATTCCTAATGCTTCTATCTGCTTCGGCCTACCCGTACCCACAACATAGCACAAAAAACAGTGCGGAGTACGCTGGATTAGAACTTCACGAGTATGGTGGACGACTACACACTCAGACTCGCT,441,48.53,Homo sapiens
SEQ_856944,GTCATCATTCCAGGGATCCCAGGACGTAGTGGTCGCTCTAACTGGGACCACCTGAATGCGGTCTAACTATGATATACCGAAACAAAGATTCGGCTACGAGGATTGTCTTGTTTTGACGAACGCCATATTGCAGCTCGTTGTCTTGTGCAGAGAATCATAGACTAATGACATCCGAACTTTTTTAACCCTAGGGAAAATACATCACCACTGTTCTATGCTGTTTCTAGGCAACACTGTTACCTTCTTGCAGGGGGTAATGGCCAAGAAAAATGATAATTGCACTACAAGTGCTGGTATAGTGAGATTAGTTAACCCGCGCCTAGCTAACTGCTTTCAGTAATAGCGCGCGTCTGGACAACAAGTGATCGGTAAATCAGACAGATGATGCGCGCAGTTGCTAAATGTGACATAGAGGCTCATATTGGATACGCGCTTCCGCCCGTAAGCCCTACGTTAGGAAGGTAGAGCCAGCACCCTTCTCCATGTGATTCTCTGCATCAACCAACACAGCCCGAGGCATTCCCATTGGGGCCCTAAACATGTCACGCCTTGGAAATGTTGTCGTCTGTTCGCGCATCGATTTTAAGGACTAAATACACTTGGCAAAGTGCTCGCCTCTTGGGGGCGCGCTATTCTGGCGCCCACCGCGCCGAGTTCACCCATATCGCAGGGCCGTAGCGGCTAACCTTCACGTGCCATCCTTTTGACCATCCAGTTTTCAGCCCACGTCGCCGTACGCCTACATATTCAGAGCTCTAAGCTCGCCGCATACGCAAGAGAAGTGTGGCAAAGCGGCAACTTTCCCTGCTAAGTCCTCTCACTTAAGGCTCTACGGTCTGAGAAACTCTCACTCAAGGCGGCGGTCGCAACCCGGACCTTATTGCTACCTATAGATGGCACTCTATCAGAATTGTAGATAGCTAATAAGAGCCACCTGATATCAACAAATCCCAGCACCTTCGTCTCGTCATCTCCTCATATTATCAAAATGTTAATTCCTGGGTCGAATTGTGCTGGAGCGTGCGGCACGTTCATACGGAAATTTCTGTCAAACGGTTTTCTCCAGAACAGATTTCTATCAAATATCGTTAGGCCACGTATCATGCTAAGTTCGCTCGTCGAATGCGAGAGGATCTCCTATCGAAATAAGGCTTTCTTAAGTTTACTCCCAGGTGACGGTGTCCGACGCTTGGGGATATATCATTTGAGAGCACAGCCCTCAGGGCACTGTGCCCCCTAGTACAGCTCTACATGTGAGATTGCTAACAGTTGCGATAAGCGACTATTTCCTCGTACGGCGCTCCGGCATAACAGTCCGGAACACCTCGAGTTCCTGGGCGCGGAGGCGCGTCCCCCTTTCGGGCTCTCACAGGGTCCGGGTCCGGACAATTTAAGGCAGCTTGGAACAGACTGTTTTCAAAAGAACGAAACTTGGAATATTACAGCGCGACTTAGTCAGAGAATAAGATTTTAAGATTCATCAGCGGCTGACAGGGTTATCCCACGTCTTCATCGGAGCTCACCCTGGAACGACGGCCCAAGTGGTTTTTAACTATCGTAGCATGATAGCCTCTCACTCTTGTTTGATTAATTCCACCGAAGAAAATCAAAATTCATAGAAAAGTTGCATACGTAGCGCGACATGTACAACCGTATACGCTAGGCATGGTTGTTTCCGCATGGGAGGGAAATT,1693,48.79,Caenorhabditis elegans
SEQ_166665,ATATACTATTCGAAACCCTTGCCCAGTTATTAGGCAGTCGTCCCCCCTCCGACGGCGTGTCACGGCGCCCGGTGGCTCTACAGGATTGAAGCAACTCAGGGGTCGTCTCGTTAAGAGGGTGCTCTCACTCAGTTGTTATAGAGGACGAAACAACCTAGAGCAGGGAAGAAGGCGCGATAACATAAGGCGACACTGCTGTAATTCGTGGACGGCGCACCTCTACTGCTCACACGAACAGATTTTTCCACATGTCATTGTTTGTGGGGATACTCAGCCATAAATAGACGTCAGTGGGACTCTTTGTTATTTGACAGCAGCATGCGCTTATCAGCTAGTCAACGGCTCAACGCGAACCGAGACCTCTGCGTAGGCGAGAGACAAATTTGCTAGTCATCGTTTCATCTCCCCTCAGGGTGTTTTTAGACGCTACGTGTCCTTTACCTTACTGTCATGGCTCACGTTTTCCTAACAATATATATGTTAGCGCGAAACATACCACACGAGCATCGGCTCCTACTTCTCAATCCATATCCACCGAGACGTTTATAGTTACGCGACAGGATAGCTGGCCAGAGCGGTAGCTGTTGCAGTAAGGAATGTAACCCTGCACAGTAATCGCTGGTGTCACCATCCAATGGGATGGACTGTAAAAGTTATTCCATTAAGGACGGAAAGGTGGGCGGTTCAAGGTGTCGAAAGACAGTGACATCCTTTCTCCAAAGACCACGGACAATCAGCCCACACCCCGAGTTACTGGCGTCTAATCGGTTTACTGGAGGAAGAATGGGCACATGCTAAGACTGTGTGGACTGTTGCCCGTACTTGGTGACACGATTAAGAGCG,843,49.82,Saccharomyces cerevisiae
SEQ_617012,AATTAGTTGGAGCCTGTTACGCTTTGGGCCAGAAATCTGATAGACCACGGGTCTCCATTTAGGGGCTCACAATTCGATCCCCGTTTACAAGGCTCCTTCCAAGAGCGTTCAAGCACAAGGCGGGTCCAGATGGGTTTACAGGCGTGCCTAGAGGTATGGTCATTTGATATGGATTGGTTTTAAAGTACATAGATAAGCTTATGGGAGATCTCCATTCCAACGTCACGCGCGTTCTACTGATGTGACAACCCCTGTCCCTCTGGGGGCTCAATCTATTCCATAGCCGAGGTTCATGGTTGACGCTATGGAAATGGGATGCTGCGTATGCAGATGCGTGAATACTCGGATGCCCATCCCCTTACATTTACCAGCCGGGGCCCGTGCCTCTGCTCGGTGCCTCGAGGGTCCGTGTCACCCTTTCAGTTTCCCGCCATTATAGAATGAGAAATCAAATTTTTGAGAACTGAAAAGCTACCCACTATCACCTAGAAACCCCTGTATTCACGGGCCATTGTACAGAACTGCGCGCTGTGAGGAGTCATGGCGACCCTGTCGTCTCTGTGCTAGGTACTGATAGGTACCTCTGCATCAGATCTTTGCATCAGGATCACCCACTGGATCTTGTGCGAGCGAGATTTGACTGAGCCCTTGCATCCACGTTACGAAGATGAAACTTTATCGACCTTACAAATCAACCTAGAGGCAATATCTGAGCGTTATCACAATAGGGACACGGTCTGACCCCGAGTATAACCTGACGCCTACTTATAGGAACAGGCAGGAAGAAAAGCTCACACACATTCCTGTTCGCCCTGTTTGAGGGACTGTTGAGACCGATCTTTCCCTCGGCGGCCTTATGTCGAAACATAAATCTCATCCCATCCTAGCGGCTGCTTTAGTGAACTTACCGCCGTTATCTCTTGAACTCGTGTAGTCGAGATCTGGCTCCTAATTTTAGACCGGATTTCACCCAGGCAAATAAGCCACAACTTGTGCTCCTGAATAATATGGAGCTGATACTGATTGTAGGCCTTTTTGAAGTCTACTCGATGGTCCCGTACTACGGAGAATTGTCGCAACCTTCTTAATAAGTACATACTACTGTCCATATAGTAGACGGGCTCCCAGACAGGCTCCAGCTGGCGTAATCACTTTTCTTTTGACAGACCAGTCCTAAGTCGAATCCAACCCTGAACCCCGTATGAGTGGTCCTACGTAAAGAAGTTAGGCTGACCCGCA,1239,48.91,Arabidopsis thaliana
SEQ_881062,TTCGAAACACTCCACCCTAAGCATCCGCAGGGCTGTGCAATCTAATTCCAGCGTTAGCATTGTCGGATTCTCAGATCCGTGCTACGCCGATTGCCACCTTTTAACGGAATAGCCACAGGCTAGCGAGTCCTGGGCAGTGGCCAGTAGTACACCCAGACCAGGTCCTGTTGCTCAGCTAGCCACGGCAACGACACGGTAATGTTCGTTTTCGGTTCGTCTTGAGGAACAACTTCTTTCTGTTCCTGATCCGAGTTAGAGGCCACGATCCGGGACGGCACGAAGATCCTATACCGAGGACGATGCGGCCGGTTTTGTTGCCTCTAGTATGAATGAGGGTCGTTTCGAGCATCCGGGGTTCTGCTACCCAGGTGAGCTGGGTACGGGTCGGGCATAACTAGCCGAGACGGGGTGCTCAAGGTGTACGTCGGTCAACGTAATTCGAACGTTATAAAGGCGGCAAGGTCTTCGCGTCGGTCAGGGTCGGGGTTGCTCGACGCGATGAGCCTCGTGGGCTGGGGGCCTCGTCCGATTTAGAAACATGCCAACGTGGTCCGTACTATGCCCGTCCGTATCGGTCCGTTCGCCCCCCCCACAGGGGTACCGTACCCTTAAATCGGTGCTCTCCGTACAACCTCTGAGTGTGTAAGCTCCTGGACACCCATACGTAAAGATTTGTCAAATAATACCCGCCGTACAATCAAGGTGCTGAATTGTGCTAGTGCAATGTGGAACCGCTGTTAGAACCGTGGCTCACAATCTGGTCGAAATGGAGTACCGGCCCAGTGTCACTATTTGGAATGGCGTAAGTACCCTCCGACCGATCGGCTCGGTCCAAGTTAGGCGAGAGGACGGTGGCAGTGATGTATCTGAGGGAATATCCCTGAAGCGGCTGACGGGATCGCCCGTAAGCGAACAAGTTGATGTT,925,55.03,Escherichia coli
SEQ_576507,CTCGACCTGTTTGAGTTCGTCAACCATGTCTTAGAGGTCGGAAACTTTCCGGGATCATCCTGTAAATCTGCTAGCGTGCTAAGACATCTCTGTACCGATCGCGGTCCCTCCTAAAGACGAGAGCCTGATCTGCCCGACCCGCTATAGTAAAATACTCCTCATAGGCAGCTCATTACATACTACTAGTAATTCAACGACGAGATGCCTAGCGGCCCACCCGCCTTGGTGGCGATTAGTGAGTAGGACGGGGAGAGTTTGGGTGCAGTTCCTACGACTGTAGCAGGCATTACGTAATACTCTAGAGCAAAGAGCGAATGGCTTCAATTAAAGATCGATCACTCGCTGGATCGAGATTCCCGTGAGTAGAGTGTCTCCCGTTGTTATCAGGGAATACTCATGCTCAGGTATACCATTACTCGTGGACCATGCATGTGTAGTAAGTTCCGCTCACTGTCATAGATTCAAGCATTTGCCGATTTCTGCTTTTACTTAGAGCAGAGCTTACTCGTATTGCACGGGCGCCCCTGAAAGCGTTGGCCCGCCTCGCTTTCATCCTCCCCGTTTATTACCAATCAGACGTTCTCAGCTAAGGCCCATCTCCTGGGAGGAAATTACGTTCTATCTCGAAGGCCCGGCTATACGCTAGTCCTCCATTGGCTTGTAGTGCAATCGGCTGAATGGAGACCGGGAAACAGGACGAAGGGGGTGTTGCACGGGGCATCCCCTGGCTCGTGCTCATCAGGACGTGCGGCAACTCCAATTTTTCATTATAGGTTAGCCACTTGCAATCGTATGACTGCCTGCGACCATCACAGTTGCTAGACTTGCATATATGCACCCATGTACAGTGCCCGTCGGGGCTGACTTTATAATCGTGGCCAAAGGTGTTAGACAGCGAGCAGATCTTAGGCAACTAACAACACATAACACGGGGGACATGAATCGTTACGAAAAATTGGGCACGTTGCATATTTGCCCTGTTCACAAAATGAACACCCAGCGTAGGAACAGGGGCGCACTGAGTAACATCCATCGGAGTAACAACGGGGGCGCAAGAATCTATATATGAGCGCAAGGGCAACGTGTGTCATTACTACGGGGCGCCTTGAAGTGAACTGGCGGTCACATTAAAGTTATAGAAGTTATAAAGTAGGAACAAACCGCTAACGCTGGGTGCTCTCTTAGTCACACGAAAGGGGGGAAACGAATAGTAGCAGTGAACTAAGTGTGGCCTCGTCTAAGCGGTGCTATGGGTAGGCTACGTTCCCGGAATGAAAAGAGTGATGTTAGCGTCTAGCAACAGCCTCCTGTAT,1313,49.89,Escherichia coli
SEQ_551259,CGCCTCACTCGCACATTCGATCGGCGGGCCTTAATCATATGAGAGATGCCCACATTGCTGTAAACCGTGATTCTTATATAGGCGATATACTGAAATGTCCAATACGTTACCTACACAGGAATAGGCCCGGCGGCAAATCTTGGGAGTGTAACCCTTGCTTTTAGATCACTCTGCCGGGACTGTGTATGCCCGTCGAGATTCCTGGTTAGCCGGCTCATTACGCCTAATACCTTTCTCAAGAGGTTTCCGATTATAGGAGCCATCCTAATTGCTCAGTAAGACTTCCTCGCCCGTCTCTACTAGAATCAATACCATCTCTAGACGGAATCTAACATCTCCATTGTAATGAGACCACGCAAAACTTAGAGGAGGAATAGGGCTGCGGAACCTGTGTCCTATGCAGAGCAGAGGATACTTGTGCAGTGACACGTCTTACACCCCGAAGAAGACCAATTAGAAGACCAGCCCATGCGAAAGCCACACCCGGCGAAAGGACAGCTGGGATGCGCCTTGCATTCGAGGACCTCCTGGATGAACTCAGGACAATGGACTCCAGCAGACATTTCGGCCCGGCAACGGGATTGAATAATAGAGTGAATACGTGGGCCCTCCGGTCTGTGGAGAGCTATCTTTGTGTATGTGCGTCATCTACAAGCTGGTTACTGCAGCAGGCGTCGTGTCCCGGGGTTCACATACTACCGCGTCACATTGCAAACCCTTAAGGTTGGACCTACGCAACATACTCAGTTTATCTTAGACGCTAACTCCTACGGTGGGGTCGGAAAACATTAGTTCTCGTCACTTGACCTTTATTGTTCGCACGTAAACGCTAGTGAGCGTTACCTTGGGGCAGTAGCAACAGAGTGTCGACCACGGCACTTGGCCTCATGACGTAGGCGCTCCTAAGGTAAGCGTAGTAGCCTGCAGCAACCTGGAGGGGCTCTGGTAGATGCGGAGCGCTGTGGACCGAGAAGTCCCGGACGTTCGTCTGTCACGCACAGCGTTGCAGAAACGGGGGCCATATAGGAAAGGGACGAAGGGACGGAGCCCGTGTCTTCCTGATAGGCTCTAGATCGAGCTTAATGAATACGTTCTCCATACCAGCATAGAGCAGCCCGTCATCGATAACGATCTTGAAATTTTCCTTGTCGTTGAACACCGGGCGGAAGCTACATACCCTCTCGCCGAATTCGTAAGTTTACGACTTATGGTCGGAGGACCTCACGTAGTTATATGGGCCGACACCCTACAATAATCCCGCCAATCCTGCGAGGAATGATCGTTAATCGTCGACTTGTATCAAGTGTAAGTGTGATGCTGAGGCTGATAAATCAGGCATATGCAGCGCTATCGGTAGTGTGGTGCCTCCGAATCCTGAGCTGACAGGAAACCGCTATCCGGTGCGTGCGAAGGGCTCGGTCGGTTGAGTCAACGCGATACTGCCTGCGTACGTGTAGCTCTCGCTGGCCTCGTACAACCGGCTGAGTAAACGGCCTCGGGTGTCGATGACAGTATTTCTGTGCGTACCACCAAGGTGGGACCGTCGGTGATTGGCGACAGAATGATGGGTTTAGTGTCCACTAAACTCAGTTATGCCGTCCACCTCAAGTTCTCGGTACTAGCTGGACATCTTGCGTGGTATACCTAAAGATGCCCCCTGGAGTGACGTAGGGACACGAAAAAGCCCACAGCCGCATGACTCTAAGCATACTATTAAAGTTAGTTATTCACCGTTAAATTTGCGGGTCTCCGCGTGGAACTCAGACAGCTACTCGGCTTCGCCCGGGGAGTATCCAGACGGAAGCACCACGGCGACTCTGGGAGAATGCCTGTGTCTGATGAGGTCAATGTTTTCTTGATCTGGCGCGTGGAGACAATGTAGATTAATCCTCAGCGTCACAGCGAAATCAGTGGGTATAATCTTCCTCTCTTTTTTCTGCGGCTTATTAAGTTACGGCATTGGGCCCAAAAGCGAGAGTGAAGACG,1986,51.51,Escherichia coli
SEQ_385715,GGCTTATCGTCAAAAATACTTAAGCTTTCGCAACAATTGAACGGAGTCTACTGGGTTGACTCTCGTCTGCCTGTGGTTGGGCCCCGAGCCGACTTTCATGTAGCCCTGGTAGCCGATCGCTCGGCTGGTCAGTCACCCATTTCATCTACCACCTGTGGCAGGTGCTGGGTCACGACACGATAACGACGTAACAGTCTATATACACTTAAGAGAACACGGGCAATTTTCTTATCGCTGGATAGCCACTGGTGAATGCTCAGTGTCACGGACAGCCTACAGGGTTAAAGGGGCTTGCATGGATCTTATACATGCGTACGTCCCCTAGCAGTTCTATCGGCCGCCTCTTGTATCATTCGGACAAGCTCGCCAGCGTTCATTACTGACGGAGTGCGCCGCGAAAGCCGGCGCGGTGTCGGGTGATAAGTTCCAGGCGCGAGCCTATCCTCCAGACACCTGCTTTTTTACTCTCTCAACTTTTGGTCACCCATCAAGAATCTCGTCAGCCCGGGCTTGGATCGAATTGTGGTATTCGCCAAATCCTATACTCTACGCAATTAGACATGGACGTTTTCGAATCCATACGATAAGGCCAGTATTTAAAATGTTGGGGTGGACGTACAATATGCGACCAGAGCTACGTGGATGACAGTAATCCAACTATCTACGTTGCCGGTCACCGATATTGTGGAGGACAGGTACCGTGATATGGACGCAAGACCTTATACAGGGTCGATAGTTCGTCATGTAATTGGTTTCGTTGGGGAGGCAAGTTTAGTCCGCGCATCCCCCCCGAATTATCCTGATCTGTCGGCATGATCAAATGGCGTCAAGTCAATGACTGCGCCGGGGTGACGGGACCGTATGCATGTGCAGGATGCGATGGACTGTCTGGTATACGCTCCCTATCCGGTCTTCCCGGGGCGGCGCAACCTTGTGTTTAAGTTCTCAGCTATCGCAACTCCGTACACCGTTATGCGAGACAGCAGTAGAACTTACAGAGACACCGATGTCTAGTGCACATCACCTAAATGACCGCAGCTGTCTGCTTTAGGTGCATTATAGTTCTCGCATTC,1073,51.16,Caenorhabditis elegans
SEQ_835499,TGACCGAGGGTTCCCGGCACACGAAAGGAAGAATATAACCCAAGACAAAGGAAACTTCTTAGCCTGATCTCCGTAAATTTCACTGGCCTTACTCGTGGTAAATAGACTTGCAATGGCCATGAATGCAATATTGTCGGGCATTCGTGATTGTCCCTCAGTAGGCCACTTGCCACGGGCCCAAATTTAGTATTCACAACTTGACTTTCTTGCTTGAGGGAACTTACACGCGAAGAATGCTGAATTACTAGACAAGCGACGTCACCTCCGATGCGGGGTCTTTCTAGCAGCATGGAAGAAGAGGTGTACCCCCCCATCTTAGCCTAGTGCCCGCAGTAGGGCTTATTTACCTTAGTGAACTCCCACGACGGCACTATACCGAACCCCTTAGTTAGGATTAGTTAGAATACGATAGTCGGCGTCAGCAGGCCAGGATGAGAATCTGCACGTGCGCGTGTTGCTAGTTTCTTCTGGAACACAGATTTTATTTTACGATCTAAGCGCCGACAAGAGAATCTCCTAGTAGTAACTATGAATCTGGATTGGCGGGCACGGCAAAAATGCTCCACAGCCAATGATGTGCAATCGCAACCGTCGAGAGGAGTCCTATGGTGGCTGGGTTCATCCGACTCTATCGAATAACGCAACGTAGTTAAGGTGGACACAGGTTGTGTTACATTAGCCATTGGTGTAGATATCCTAGTTCGATCAAATGCGGCCAGTCCCGAATGGCTACTTGCGTTAAACGGAAATGCGGGGGGGGGTGGATCAGAGCTTCAAAGTTTAGGATTCTACGGTGGGGGTCCTCCGCTCAAGTCCATTGAACAGGGTGGAGAATGTGGCCACTCGATATTTACGGCATCAACGATCTCTAAAAGGCGGCGGACTGTCAATGCAATTTAGAGATAGTCACGAACAGGTCGAGCCGGCACTGCACGCCAACAGCGTCTTTTAGACAAGGGGTACGATCGTTGGTAGGAAGTCTGCAATTCCTCAACAATGCTTGGCCTGACTCGGAGGATAGGGTCTGTTGGAACTCTAAACGCAACCAAGTTTAAGGATGCGTTGCCCATGT,1072,49.16,Caenorhabditis elegans
SEQ_383450,GCACGGCCAATCCGCCCGTTTGATCCCATACTAACACTTCGCCTCACTTATTAACTATCGGTGTACGTATCGGAAGGTTGTCTCGCCCCGGATTAAGTAAGATCCCGTCTTAGACACAACATGCTTAAGGATAAAAAACGTCCGCAAGACTAATATGTATGCCGCCATTAGGGGGTTCCCCCAAATAAGAGTGGGCCGGGAAGGGCCCAATAATCGCAAGCCCTTTGCGACAACGGCGCCCCGGAGTACAGCCGTTCGGCTTGGTTTAGCACGCATATGCGAAGTTCCGTTCCCCTTTCGAAAGGTGCTGATCAACTCTGTAGATGGCGGGTAACTCGGCATTTCAGCCTCTCGGACTGTAAAATCCCACCCTACGCAGGGCTATAACTCTCAGGCAACATTATCACTCGGTTGAGCAAAGCCAGCTCGGATTTATCCTCTTAGACGAGTAAAATTCCTTTGGCGGTTTTCCTTTACGCTCATGGATAGCCTAGTGCCGACATAGGCCTCATAGATAAGTTGGCGGGCTACAGGAGGGGAATGTGCTATCATTATCGGTTGGGCTAACAGTCACTCATGTAAGCCGGACGAAGTCCTCTGGGAAGAAACAGCTATTTACCGAGCATCAAGTGATTGAACCGGAGATTGTTGGCTTCGTTAGAGACTGTTAAAATACGGGCTGGGTAAGGAGCGCATATCCGCCGCCTCCCGTGTACCAACTGCTCCCGTCCTGACTCATATCCCCGTCTGTTAGGAAGATCCGATTAATATTCGACCGAGTCCAAGCACGCAGCTGTCATTGGCACGATATGAGGTGGGAAGTCGCTTTGGCCAATGCGTATGACAGAACAACCTGATGGTATGATAACACATAGAATTGCACCGAAGAATGACATCAACTTATGTGTAAGCGGCTAGCCAGGAATCTCGATGCTCCCCTAAGAATATTTCACCCCTTGCCACCTGTCGACTTTCGTCTTCGGGATCCCGGCAATGCCGGCTGGTTACCATTAATTTCTCTCACCTCTGCTGGTACTTGATTAAATAAAACAGTAAGTTCTACACCCGTAGCCCGGCGCAATGATACGCCACAAGGGCTAGCATAGGTCTTGTCCTTGGGCTGCAGTGTGCTTAGTAATGACGAAGACCGTGAACTTTTAGAGGCTTGGTGGTAGGACGTTTTTCCATGTGGCACTTGGAGTATGCTAACGAGAGTCTAGCGTACAACGGAATGGCCTAATAACGATACGTGTAACGGACGGGGGGCACTGGACTCGTTGTTCGCCTGGAAGCGGGCATCCTTGATAAAGTGGTAATTAGTCCTGATAACCCCTACTTACCGCGCGCATTCGTCTAGCAGCTCGTGTCTAAAAGTATTAAAAGGCTAGTATCTGATCTGTCAGGCTAGTTACGTATCTAGCCTATTCCCGAGAGAAGTGCATAGGTATTCGTAGGATCAAAGACCTACATAACTTCGATTCACCCGTGTTGGGTCGAATCCACCTCAGCCAAAGCAGACTTAACAAGGCCAGGTATAAGCCCGTGCCTCTGTTAAACGTACATCTCAAGATTGGCGCAGAGCAACTTGCCGCTCTGGTCAATCCGCCCCC,1610,49.81,Saccharomyces cerevisiae
SEQ_306641,GTGACATCAACGCGTTGCTCCGCTAAGCGAGGAGAGCAACGGCTACTCAGCCGTTCTACGTAGTATTATATGGAGTTACCGACACCGGCACGTTTACGACCCTTCATTCATAAATAAGGGCGGCGATCCGCGAGGTCCTTCTTAGGAGATACAATGCTAAAAGGTTATGGTCTCCGCAGAAATCACCTTTGTCAGTATGCCTGCAAACTTCTAGCGCGACCAGTTACGTGACAAGGCATACTTGGCGATAACGGGCTCTCTAGAGGGAGAAGTCTGTCTTGTGCGGTCCGACTGGTTAGAATACTTAGAAAACAAACCGTCCTTCAAAGCTATCATTCGCTCACTCCTATCAATGGAGCAGTCGCCCTCGTGGGCCCTTCGAGTGCGTGCGTCAATTCCGCCCCCCACTGAATAAACGCTTGTGAACCGCTGACTAGGCGCTGGATGATGCAATTGTCCCTGATCGACGAAATAATTCACACTCCTTGAGTTGGAAACTCGCCCTCACCGATTGCTGCAACGTTGCTAGGCCGATAGCCGCACGCACGCGTGGAAAGGTAACCATGAATATATACTGGCGCATCGAAAGGAGGGGGCCACTATCTGGTATGGCCTGTTTGGGGTCCTACGGATCCCGTAGACACGGGTCCCACCTCGTTTGTCAGCACTCTCCTTAGAGGCACCAGGTCGAATCGAGGAATTAGTGGGCCAGGCATCTTATAAAGCAGGGAATGTGTTGCATCAGATGTCACCGGCGTCCGTGAAGCTATTCCATACATAGTAGACTAAGAGCATATTAGCACACGCGCGCAGGCAAGTGCAGACCCATGCTAGGTATCTTAAGGGGTCATCTCCGAAAGTTTTATTGAGTATGTTTGGTATAGCATTTGTCCTGCGGGGCGGATTCAGCTTCTAGTCGTCCTCAGTTCTAATATCGTGGTGATAATATAGTCCTCATCTAGTCTTCGAGACATTGCATTGTAACGAGTGGGCGCCATACTATAGGGGGCTCGGGCCATAAGGAATGGCTGAATTTGTGACAGTAGTAAACGAACGAGTCTATGACCAGTTGAATAAGCCTACCCTATCGGTCCCAAGGGAACACCCAACCCAAGGGGTCTAGCCGTGTGGAGCTCAAGGTGGGGGTCGGAGATCCGCAGTTTGAAAACCCTCCTGCAGTTCAGCTGTGCGAGCGGCCATAGCACATCTTTATGATATGGTGTCCTTGCTAACGGCGGTACGTCCCTTACCTGATTCTTATTACTGGTCAGGCTAACGCCGCAGCAGGTGCAAAGCAAAGTCTGGTACTGCTGAGTAGTAACTAAGACAAGATACTCTCTGATTCCCCTGGACTAGAAATCCACGGAAGCCTGCGATTCTGCCCCATTTTTGCCAATAAGTTGGAAAATCCTTTTATGACGAGACAGTGGGGGTCCTATGTCAAACAGTATTCAATTGCTGTATTAAATCTAAGGAACTTCTCCGTGTTATACGCCGTATCTCACTCGTTCGTATACTTACCCACGGGTCATCCGGACGTGCCACACAGTCACCACACGGGACCATCTATGTCGAACTTTTCGATTATATACTGGTGTGATACGGCCCCGTAGACGGTAGGAGTCAGTGTCGAACGATTAGTCTCGTTAAGTATGGCTGTTCGATATGA,1669,49.91,Homo sapiens
SEQ_127794,TTCACAAAACACGCCACAACATTCACTAGGGCAAGGGTAAAATGCTGCACTGCTATATTTCAATCGGTCTGCGCCTAAAGATATTTACCAAGATATTTTCCTCTTTAGGAAAAATGGGGAATGGAACAAGATCGTTGGGAGTCTAGTAATGGAACGACAACTACGTGATCACGTCTATCGCGAATACCCAGTAATCGTCTTCGAATTATTAAACCCGCGGTTCGAGTCAGGTCTAGTGAACCGTAATCGACATTACAAGATGTAGAGGTGGAACGCATCTCTCTGGTAGAGGAAGAAGGCGCACACGTTTAATGACCTCTCGAACCCCACACATCTTGAGTCGAACACCCGGGGGCTTTAAGGGGCTCATATGAAACCCTGCCCCTGAAAGTTACTACTTAGCGAAAACCTGTCCCGCAGCCCGCGAATTTTAGGTGTGAAAACCGTAACGCTCTCCAGTCTTATCAGCCACAGACGACTGAATCGATGCTGTCAGCCAGTTGTCGAGGTCGGAATCTGTCCCCCAGCAGGACAGTCATGATTTAGAGTTGAACCTTGATATATCTAAGCTTAGGTAAAGGCCAGGCTAGAGACGCCTTGGCAGCTCGCGCACAGAATAGAACATACGATCGAATTCTGGTCAAGTAGCCCCCTGAAGAGCTACGTCGCTGAATTGGAGCATATCCTAGTTATCGCCTCCAATTCGCCACCTGACACCCAATTTCCCCGTTCATGCAAAAGCGTCCCAACTCGGCGGCTCCAGTTCACCCACGCGGATTGAGATACCGCATTGCTGCCAGGATCCACAAGCGTGGGACAGGTACATTTTTAGCGCCGTGCGCAGGTAGCAGTAGGGGATAGCCAGTTATCATCTAATAGATGGGTAGAATAATCAGGGGTTTCCTGTAGTCACTGCATTCTACCTCGCGGAGATGCTTCTGCATCGGTGCTCTGCAGCTCTACGGACCGCCGCTCCCGTTTCGAGCCTGGACGAATGCTAAAAGCGAACCCCCGTTCGACTCCAGAGTCTACTTCTTAAGCAGTCGGCGCGGGACTCTCGAGTTTAGTAGCCAAGTCGCGCTGTAGATACCC,1092,50.27,Saccharomyces cerevisiae
SEQ_795186,TTAACACTCGCTATGGGCGGGGGTTTTAATCCGGCGCGCGGCAAGACCCCTTGCCCCGTCACATCGATCTTCTGGCCACATAATACTCGAGGGTGATCATTGCAGGGGACTCTGAAACAGTAGACATCGCCCGAACGGTCTTCTTCGAACGCTATAACAATGTTCGACGTTACAGGCTCAGTTACAAAATCGCTAATGACTGTTCTGGGATATGAACAGGTTAGTCTGAAGAGTCACCGTATTCCCTGTAGCCGACTTAGAAAATATCAACAATACACATGTGTTGTATATAACCCCGCACGTGCTCCGGTTGTCATCCGGAATTGCAGGAGCCGACTACGCCCCACGTTTGGTATCTCGTCGTGTAAGAGCTGTAACATCGATGCGGAACTGGCACACTGACGGATAGCGTCGATCGGGGTCGGCCTGAGGTCGCACCAATAGGAGGGCTTGCCTAGGATGATCTTTGTCTACGACAAGCTGCTGAGGCTGGCACCCAGGGCGTCCAACTTTACTCCCTGAATTTGTCGGATTCCACGACCAATGCGTGAAGGGGTTAACAAACCGACTGTGGATGATGTTTGGTATGTCCCCTTGCTTGTACAGGTAGGCTCAGGTCAGAAGTTCTGGACTCGCGGTGGAAATCTCTTAACATCAGGGTCATCGATACTAAACTTTGCGTACAAACCCCTACTGCTCCGCATGCCTATCGGACTGTCCAGCGTGTGTATTAACTAACCACAGTACGTCACGTATAGATTCAGTAAGGCACTCACACGACATTCTGGCGCGATTGGCGTTGCCACGGAGGAAAGGCTTCGTAAATGGATGCAAGCTAAGGCCGCGCTGTTGTTTCTGCACCAGCGTCGAGTCCCCGTGTCATCGTAGGGGCGATCAGCATGCCACCATCTTCGGTAAGAGAGCACTTATGGAACACTTAGCCATAACCTTTCCGCACAAACGTAGTCGTTATCGGTAGGATGGGTGCTTAGAAGTTCCCCACAGTGGATCTTTCGCTACGCGACAGTAAGTGTCACTCTGCGTATTGCGCCTGACCGTTCAATTAGCTCCCGGGTTTCAGATACGTTGGACTATAACGGATCGTAGTTGACTAACAGGCCAACTACTGACGTGCGCCACCCACGCATTAGCGTCACCAAAGTGTGACCACCGTGACATGTAACGGCTCCCGTACCAATACAACGGGTGCCTTGCGGCTAACGTCGCCGGTTCCAGTTATGGGGTGCACAATGCTCGCTGAAAGACGCCGCCCCGGTATATCATAGGCGGCCGTGGTACCTCAGCCTTTGGCATGTCTAGAGGCCG,1326,52.41,Mus musculus
SEQ_900729,CTATTAAACGGGTATGCCTATGGTCCCTGCCGGACGAACAGGGGGACTAACGCAGAAGACATCACTCGATCTAAACGGCCGGCTCACGGGTCTGTCACGCTGGCGGTTAGAAGCGGTAGGTCCGGTGTGTGGAAAGAGAGCGATGGTACAGTGGTGGCTCGTGCATCATCTCTTAGGAAACGGCCGCAGCACTCACACGCAAGTTGTCTGCAGTCCTTGTACTCCTCGAGTAGCCTGCTTCCCCGCCATTCCAACTTCCAGACCGTAGTTCATACACCGGCATCGCTTGTGTTTAAGGAGCTATATATCCGCTGTGTCGTATGATTATCCCCCGTAAATACACTATTATTAGAACCCGGGTTGGCTCTAGGGAGGATAAGCAAACCAACTTTGAGGTGTATATTCGCCGTGGGAAAAGGTCAGTCGAAAGGTTGCGCTCGCGTGATCGCAAGCGGAGGGGGGCCGTGGAGAGACTCGGAGGTATGGCCCGGGTGCCTCCTTTTCACTTCATAGAGTCAGTGCGCTTGCCCATAACGCGACGTAGTCGCCTCGCCGGAAAGAGGGCTAACGATGCATGTAAATTCTGTTCCTGTTCTAACAATCCGTATGTACCGCCGATGTAAGTCCCTATTGCTTAACCCACACCTCGGGTGTACCTTCATCTGCTAAAGGGGCTCTAAGACCTCGGCTAAACCAATTGTTGAGACGGTTCCGGTTAAAGGACATATTTAGGACCTAATACCCGGGGCGCAGTGAGACAGCTAGATTAATCAGACGGGGTGTCCGGAGCCGGCGGATGTTTGGTATAGTCGAGGTCTTTAGTATGGAGTCACCTCGTCCAGGCTCGCCAAGCACGCTATAAACTTGGCG,870,53.22,Drosophila melanogaster
SEQ_543019,ATGAGTGCGGTCGGGGCCAACTAGCGACGATCGGAGGTAGTGCGAGCAACCCACGGAAAATAAGTGGATGGTACGGATCGCAGGTTATGTTCGGAAGGGCCTGCCCATTCTACCATAACTAAGGCCGGTAATAATAAGCCACGGCGTGCAGGACTATAGACAGTACTAACAACATGTAAGTTGTGTCGTTAGTACTCGACACTGATACCTCTTTTATACCACTCAACTATCAGTCCACTGCTATTCCAAATGGTACCTCCAGTAGTTAGGGGACCCAAGGTTGCTTAGTATTAAAGTTTTATTGCCAGGCCCAATAGCCCCTCTGGTTCATGATAATTTACAATTGGGGTGGACCACTCAATGTACGCCTAACATGATTTATCATCTGTAAAACGTGCTCAACATACACCATTCCGCGGGTCGCGCATCCCCACTACGCCAATCTGGTTCAAAACTAGGCAAATTTCGGAGCAGTTCCCCATCGAGCGGTAAGGGTTTAAGATATGTGGCGGTATGCAGACCGATCTATTCTAATTGGGAGTGTACCGACAAAGTATCAAAGCCGTCAAGTTGCCCGCAATTTGCTGTCAGCTAAACACCTTCAGGCGCGGAACCGAGTGATGCCGGAGATGCCATGGTGGCCACTTGAGGCGAAAAAGCTGTAATATTCCATGTAGACTATTTCAACCCGTCCAACTTCGCGTCATTGCCCCGTCGCAGAGGCGCCCATTGTTCCCGAGAGTCCTACGAGATGAGGCCTAACTAGAGGAGTGACGGTAGTAGTTTCAGACGGCGTCCATCGTGAAGTATCATGACTAAAGATGCCTGTCGGTCTAAGCTCAAACAACGGCTGAAAGCATACTGTTATCAACAGGGCGTATTTGATTGATGTGATAACTCATAATCCCTCAGTGAGAGGGATAGGCTTTTTGAGCTCTAGAGACTCTTTATGCGTATATCCCAGCTGCCTGGCAGAGTTTATGTAAAGAGACGTCATACTCCTAGCGATTGCACCGCCTCCAAGACGGCTAAAAACAACAATTTACGCCCGAAGTTCTCCCCCGTTGACTGTTGCTCCTATGCGGCCAATACAAATTGATTCGGACAGACATACTAAGCAACGGGGGAGCGCTATAAGGGTAGTTAAGCCATCGAGTCATTAGTTGGACCTCGTATAACTATTGAAGACTGACATCTTGTGGGAGGGAATATATAAACCCTCTCAGTCTGCATGATTTAACTGTGGAAAGCTGCAATCCTACACATCACCACCCACTAGGAAGCACGGAGCCGCACGATCGAAGATCACGCTCACTTTTAAGATCCTGGGGATACATATGCGTGCCATGTACGTAGAATTTCGTATAAGGGGGGCGACATCTAATATGCACAGGTGAGCTTCACATTCTCGTAAGAATTACCGCCGTTGTCCATCACCTTTCGGAGACTCTTTGAGTTTTATTCTGTCTGAAGATTCCCTACTGCATCAAGTCAATTCCGGTAAAGTCCTAGATGGTAATTTATCAAGGCCAAGTTCTGATCCTACAAGACTGGCCAGCGTGACACCCAGATGCGCCGGACCGCTGATTCTGCCTTTGACGTGCGGAGCAAAACCCTTATCGCCATACAAAAACCTTGTGTTGTCCACCTATATCCTACACATATCGCTCAATAAATCAACGTGTAGAAA,1690,47.46,Mus musculus
SEQ_640978,ATTCTGGAATCTAGTCGGGCCCCGTTTGTTCACCTTTTATGTTTCCACTAACATACAGTGATGAGTTCTCTATCTAAAAAAGGGTATTTTTCATTTAGGTAATCTGATCGATAGCACACGCCAGGCTTTTGCATGACAAGTCACCCACGTTGTCAACAGAAAGGTTGTGCGCCCAAGTCAGTGTATCCATTTCGACTCCCAGGGGGCATGAAGGGTATGTGCTCAAGCCGCGGGTCTAAGGGGTCGATGACCCTAATTCGGTAGTTTAGCCGTTTGCCCAACAGCCGCTGAAATGCCGCGCTCTTCTCGTGAAGTGCCGCTGGCTACGAGCACCCACCTAATCGGTGAGCCCTGCTAGCGCGGAAACTTTACCCCCGGACCAGGTCCTTTAGATAAGATAACAGACACTTGCTAAATCTCACGATATGGGCTTACGTTCGGGACTAACTTGGGTTCATGTCTTGGAACTATGAGCAAGGTTTTTGTTTATCGCCACGCAGCTAATGTCGCGTGAAGATGTATAGTTATCACGTACTAGACTCCGACCTGTCTTCACCGATCGTCAATACAATACCCTTCTAGCAGACAAGCTCAGTTTGTGGTCTGCGGTGAAAAATGGACAAGCGGTATAGTCTTTATGACTGGACAGGTGCGACCTCTATTTTCACGTACTAGGCTTATAGCATCACGTTTTTGTAGGGCCACCTCCTCAAGGTATGTGTACGCGGCGCGACGGCTTGCGACATGGTATCAACTTGGCCTCGTCGGTCAAGTCTACAAATATCTGTGATCTA,794,48.49,Mus musculus
SEQ_813878,TCATTAATGGTGCAGCAATCCACGACTAGTACTCGCAGTCCCCCGCCCGAACGGGTTCTTGCTACGCTCATCCTTGGGACCGGGCCTGTAGTATCGTCGACTAGAGTATGGCCGGACACAAAATATAAAACGGGACTGCAGTTATATCATTCAAAAGGATCGGGTTGTCATCCCTCCAGTCATAGTGCACAACTGATCGCAATGTACTTATCTTCGTTAGTCAACGTCCCATAGCAACGGCCCGAGGTATCCAAAACAGTTATACCACGTCTAGGATTAGAGGACAGTAATTGTAGCGTGACTTCCGAGTTCGAACTAGCCTGGGGTATCGTCGTTTTCGCCTGAGGCTCCTCTACTGCATCACACACAGGAGAAGGAAGTTGCTCGAATTTGGTCAGTCTGACTGTGCAAGGCCGCCGATACTTAGTCGTAATGGTATTAGTGGGCTCTTCATCCTGAGGGGATCTTACAGGAATTTATGACCCTTTAAATGATGTTCGACCACAGGGGGTGTGTTCGTTTTATGATGTTTACCCTGAGTGATGGGGTTGCTAAAGTCGATGGCTAAAGAACTCTGCAAGCGAGTTTTGTTTCGAACGGCATGCCAGACTCTACGAGGAACCGAATACCTAAGCGCTGACCTGCAATGAAAAAGTTCAATGTCCCATCTGCCTGGCTGTTTATGATCGCTTGGAACCGCCCGCTTAATTAATACCGAGAATACAGGCGTCGAGGGATCTCTACATACGTCTCACCTGCGCTCTTATCCTGGGTAAGGGCGCTATGCAGGGCACAATTAGTAGACTCAAGATATCTATGTGGCATCTAACTGTAAGTCGCGTACCAGTCTAATTTTAGTCGTTAAAACTAGAACAAGCTAAGATCACCCGATACCCAGCTGCAAAGGATCGCCAGCGATTCTTCCATACAGGCCCTGTACACAGGCTTCGACCATCGAGTCTCGTTTGAGAGGAGGTGCCCGGCGCCGTGCACCAACCTCGAATACTTCGGACGCGACCTGGGCATCTACGATGAACCGAGTACATATCGGCTCCTAGATAGCTTTACTATAGGCGGGTCTAATGGGTTCCCCGGCCATACCTAAAACATCAGTCTCTCGTGAAGAAGCGCAGGATAGCTCTACAGGAGCGG,1152,49.48,Homo sapiens
SEQ_866174,CAGAGGGGTCGCCCTGTAGCATTTGCGTTACTCCTCGGGTGTGCGCCTACGATCGCTTACCGTTAAATTCCGGAATGTCGTTTACGCTACTCACCCAAACATACATACGACAGTGCGATGGAATCCAGGACCCGCCTGCAAGGCTAGAAGAAACGATTTAGGCTTCAACTGCCCGCAATAGTAATGGACGGTCATACTTACCGGGCGTGCCTGTAGGTAGAGAAGCATACTAATCGTGCAGTGCGAGGACCCGTGTATGCACCCGAAGATGCATTTAGATATATACGCTGACTATGGTGGTTCCATATATGGTTGTAGTGCGTATTGGACGCAGGGCGGGGCCTAGTGGGGTCTTGACGGCGAAACGTCCGTAGCAATCAAGCAGTCCTCGATGTCAAGTTGCCTACTGGCGTATGCTGCGGGCTCTCAGTCTCCAACTCTTGCGTGGGATCTAGCGCGCACAGCGCAACGGACTATACACTTCTGGAGTCCAAGTAGGGGCGGGTTTGTCGTGGGGACTTTGCACCTGAAATCGCGAAGCCAGTGCACACGGAAGAAAGGGCGGCATCGCAAGAGCCAAATAATAAGGCCGAGATCACTACAGACTAAGGTGACGCTAGAGCGTACGACTGTCCATGTCAAGGCCAGGACTAAGGGGCTCATGGAGTACGCTTGGAGAATGGGAGGACAGGGACTATCTAAACTTTGTCTTTCCCACGAATAAGAAATTCCGTCCTCGACGTTCACAGGTTTAAGGTGCCATGAAAGGTTCCTAGAGAGTCCCTGCACGCATACCCCCCTCTTGAGTATTCATGGTTCAAGATGTACTGCCCCCCTGGTCGCAAAATGCGAGATTAAAAGGGGATGGGTTTCTCATAAGACTACAAAGGAACTCTAGCCTAGATTCGAGCGAATCCTCTTCTCGTCTGAGGATGTCGGAGGCCGATGCAGCTAGTATTAGTAATACGTCACCGTACTAGGAAACGGACCACCGCCGTCTGAACTACTAATACGGATCGGCTGGTACCTGAGTTAATACTATTAGATTTTTCTGTCGCCCGGGCTACATTCCTGCCGTTTCGCAATACAAGGTTGTCAGTGCACTTCAGAGGTCCCAGGTACGACGCTTTCACGAGCAAAACCCGATCTCGAATTGATAATAATATTGTGCCTTGAGCTGTGCTGTGAAACATTTTCCTTAGAGGAGATGAAGAAACCTTCCTGCGATCTACCCACATTGCCGAGGTCGTAGGATTAATCAGCGA,1265,50.83,Homo sapiens
SEQ_433486,CTCTAGAGTCCTCTGGCGTTCTAGAGCCATCTCAAGCTAGTTGCTCGCCAACGGGGAACGTTACTCTTGTCTAAGTACCCGACATCCGACAGTGCTCGTGACCGACTAACACGGCTCCTGTTGGCTTCAAGACTCATTCAGACGGCCTGCTCATTTGGATCTGCGACACAGAATGAACGAGCGAATACTGCTCCATCCTCCCTCGCGTTATCCATGGATCGGAATACTGGCGCCTAAGGGCTATTGGGCCCGACGTAAAACTCTAAAACCTAAAAAGCTCGGCGCGGGGGTCAGGAGCTTAGCTGGTACGGGAAGTTGCGGCAAGCAGATGTGTTCGTACAAAAGCAATTTATTCAACCAACGATTTTATCAGTATTGTAGCTGATTCCGGTAATTAGATCGAGGTATATCTTCTCAATGTGACACACGTCATGCGATATCGTCGAGTCCGAACAATAAACGGTTCCCTTCTGGGGAGGAGGAAGCACGTGATAGGACTTCATCGCAAGCCGTTGACAAATCATCCTTGTATCCGTCTCCCCGTAAAGATCTCGAACGCTGCCCCCACGAGGATCGTTAGGACCGCCCCAAGTGACTCTAACGGGCTTAGATCAAGAAGAACGGCACTTCATTCATGCTTGTAAGCTGTGTTAATACGACTCTTAGCTACACTGTAATTCTCATTAAACTTCCTGTTATTATCTGGAAACGCATATTTTAGGTCCTCACTCTTTGTGGCTAACCAGGGGGTTCTTGTAGGATATGTAGTCAAGCTGGTGCACATTCACTGGGGTGAGCAAACCAATGCATGCCTCAATGTTCGGAGAAGCAATAGGAGACGGACGCTTCTAGCAGCGCCCGGCCCGTACTACCGTCACGAGACTGTTCGTATAGCCCGCTCCTTATCGATGAGTGGAAGAGAGGGGGACGTAACATCTTGCGTAGGAATGCACTAGTCGCCATTCGCATGGCGTAGGTTATTCTATAACGGCTCCTATCCGTTTTATCACGACCTAGGGCACGACACCATCAACCACGTATGATTGTCTCTGGTGATCGCCAGTCTCAAAATTGTTAGCTAGAAGATGACCCTGAGTCCTTTTCCACTCCAGTAAGGGCAGTCCTGTCCCAAGCAATTTTGTCCGACTAAAGTTCTCGGAAAATCCTCAACCCTACGAGGGACCTGTCCAGCAGGACAACGGGTAAATGTACCACGGCTGGCGTATGAGTGCTAAACGCCCTGCGGGTAGCCGGTAAAACCATCGTACCTGTTGTAATCACTTTGGTGTTGCATTTCGAAAACTACATAACGACCGTGCTACAACCCTACATCGACTGTGTGTGGGGTTGAGCGACGGTCGCGTCACTAGGATGTCACACTCTGAACGGACAGCTATGAAAGGTGGCGTCGGATAGAGTCGAGTGTCCCGAGATCCCCGAACTTCCATCCGGGGTGGACTGCGGAA,1466,50.34,Saccharomyces cerevisiae
SEQ_919871,CAACCATCCTAGATCGCCGCTCTATTATGGCTATGATTAGCCAGTTCCTGGAGTCCTAAACTTTCTGCTACACCCCACTCTCGGTACACGATATGATTCTTCTTGCTAAGGCTACGTGGGAAGCCGCTTGTACCCCCTAATCGTGATGAGGCTAAAGCTTTGGCTGACGTAGTGGGTACAACGATTTTGCGGCTCTCTAGATTACGAGTTCCCATACAAACGTAACCACGCGGCACCCTCGTTGAACGGACTCAGGTTTACGCTGGCGTCTGCTCACTGTGCGCCGCAGATCGTCATAAGGTCTAATCGGTATGATATAGGTGTTAGTGTCGAGCAGTCCACCCCAGTGTAGCAGTTGGTGAGGTCCCGCCTAAACTACTATCTAGTACGAATCGTATAGTACCTGGGAGTTTACTTCTCCTCATTGATCGAGATACGCCGCCGCCGACAAGCAAGAAGGTTCCCGACTAGTATAGTACCCCAGGGAGCGACTGCACACTGTTATACTCCAGACAAGACAGGACTGCGGGAACTGCACCTCAAGGAGAACAGTGATTATTTTCATTGTGTTAGTGAAAGGCTCGCGGTGGATGGGCGCTTGTTAACTCGACCAACCCATCGAGCGATAAATAAATATCGAGTGATGCCCGACGTGCAGGTCTCCGATCACTGATTCGAACTGACTGGAACCGAGTATCTTGAAGGCCCTCTAGCCGCTAACATTTTTTGGGGTCCTCAGGGGGCTACTAATTCACTGGCTAAAATCTCAGTGTGAGCTGCCGACATCCGTCCAAACCTCCCGCTTTAATCACTGGAGGCATCCGCGCGAGCCAGCTCTCCCATATGGGCTGTACTGTTTATCGCTTAGCCTTCAAGTGGTCTCGGAACCAAGCTATGCAATACTACCCTACTGCATTATATTAGGCTCCATCACTGACTCATAACCCCACGTATGCACGTGGCGGTGTCCGGCTTCGTCTAAAATCTCGTTTTGCTTCTTTCCCCAGTCTCTACTCTTATACACTATGCAAGGTGGAAGGTCGACGTTAACGCAGGGCCATAAGCGAGTAGGTATCTGTCAGATGACAGAACTCATCGGCGATGTACTGACAACACCTAAGCATGGAGACCTCATCTGGATAATAGATATCTCCCTTGACCCGTAGCTTTTACGTGAAGATGTTGAATAGCTTCACGGTTAGAGTAGCTACCCAAACGTGGCTTCCGCCAGCCCAACCGGGGTTCTCGCGCATACCGTCTGTCCCGGCTCTGATTCGAGCTGAAGATCAACGCCTGGGAATTATCCTTTCACGGCGCGTTATTACCCAAGTTTATAAAGTCAAGGAATATGGTCGATAGTCTAACGGGCGTTACCTAAAGTAGCACTTCCTACAGTGCGTTCCTGTAAAAAACGCGAGTTTTTGGTTTATCGTTCACCCACTAGGGCTAGTCGTAAAGAAGTATTTGGCTGCAAGATAGTGTGCGGCGTCCACGGTCTTTGCATCGCCCTTGTGATTAGTCCTCGAATTCTTGTGCCTATACCCTTGGCTATAATCGTACGGAAACGAAGCCCAACATTTATGACCGGTGACAATGGCCAACGACCGGAAACCGAGGCCTACTGCCCTCCGATGCCCTTCGTGTTCCAACGACATTTATGAGTCCCTAGTAGACGAGTCCGCAACGTTAATACAGAATGATACCCGCCAAGTACCTATTAAAAAGTAGAACAGGCTAGGTCGCGCGGCTTTGCCACGAGCATTGGCCCTGGAATTCTTCTCATGCAGCATTTCGAG,1796,49.89,Saccharomyces cerevisiae
SEQ_392473,CTTTTTCGACTCTTTATAGATTGCTCGCAGAAACTACGACGCCACCTAGTAATCTCAATGCGGAGGGAGCTTTGATAAATAGGTTCGGCCGCACCTGATAAAGGTGCAAGTCGTGTGACGTGAATCCAGGAGGCCATATCTATAGACACGGTATTGCATGCCGAGATAGTAGCGATAACATACAGTCCTTATTAACGCGCTACCTGTTTATCTAACTACCGGCAGTAGGTTTACGTGGTGAGCTGTTGACGCGCAGGTAGAAAAT,265,46.42,Mus musculus
SEQ_644028,CAACCCCTGAAGCAGGCACCCGCCCAGTGTCAAGATGCTGTGGCGCATTATAATTACGGTGTAGGCAAGACTGTGGGGAGACTGTCCGACATGGCAGTTCAAATCGCCGCTGTAAAGCGATAGATCTGATATAAGCAGAGAGGTTCCACTACGCGGGATACGTTGCCCGGCGGAACTTGAGGCACACTT,189,53.97,Drosophila melanogaster
SEQ_571693,GGCCTAGGAACACGGAGGAGTAACCATGGATTTAGTCCACAGACAACATAAAAATGTAAAGCTCAAGAACACACCGAAGTGTTCGGTTTGGTCAGCACAAGGAGATAAACTTTGTGTTCTTGATACCGTCCCTACCATTTGGGCATGACACCGCCTCTCTATATTTGACCACAGTCACGCTTAAGCATGGGGATGCGGGAAAATGACGTCTTGAATTCAAGCCGTGTCGCATTCGTTGAGCAGTCAGGACTCTCTTTTAAAATCCATCTCTAGTCCGGCACCGCATCAGGCAATATTGTGATCTGAGTCGATATTCATCTGTTGGTGGCTAACTTGTGACGTGGGTTCGCTCCGCGCAGTTCCATCGGGGAATACGTCTACCAAACTGGCCATCGATGTGGTCTTAGTCTTTCGGTGGTAGTTACGTGCCACCATCGACTATTATATCAGTCCTCCATTACTTCGGACTGAGGCGCGAGTGTTATTTCACTTAAATGTGTTCTTCAAAAAAAGATCCAGGCACTTTGAGTTAGAATATGCAGTAAACAGGGTACCTATAATTCACACTGCCACTGTATGGCTACTGGAGTGAACCCGTCCACCAGCGAGTTGATACGCGTACTTTACGCGTATGAAATGGTTGAGTATGTTTAGCGCACGCGAGGTTATTGGCATCGGCTCCGATCGCTAGAGACCGCGGGGTAAATCGGGTGAGGTCTACTAGATTTTACGTTCAATCTATAGCGTTACTGATAGTGTTTATTTATACGGGTGTGCTTTCTTTAAGCCCTGTACCGCGTTTATACACGGGATGCATGTCACCGTCAGCGACCTCTATTGCCCGTGGGTTGGGTTTTTTGTGTCCCGATGGTCGCGTGTGGTCAAGTCAGTGGCTCTCCCCCCAGGAAAAGAGATGTTCTGATAGATGCCGGGACGAGACGAGAGCCGACCTCTGGGTATCATTATGTTAGGTAATGTATTCGAGATTTTTAACATGAGCATGAGTGTTATACAATATGACAGTAACCGCTTCGGGTACGAGTTGCGAATCATGAGGCGGAATATAATGGGGACAAACAGTATCACGCTGAGGGAAGTATCAGGGTACTTGCGCTTACAGATTGCACGCTTTCAACCAGGGTAGAAAAAAAGTGAAAAGATATATCGTCTA,1171,46.71,Escherichia coli
SEQ_199329,CCCTAGTGGACGAGAACTCACCTTCACGCCGCCACCGTCCTCTTCTGAGGCAATACTATCTGGTTAGTGGAAGGGGTCTAAATTACAAAGCCCGGTCATCCGTCCCTGCGGGAGGGTCGCACGATAGCAGAAGTGCTACCTCCAAGCATCCACTAGAGATTCGTAACTACTTGTGTTAGAACTAACGCATTATCGCATTAACATGGCTTTGGTAACAGTTAGCACAACATTTCTATACGGTACTCCCACGCAAATCACATTAGTGATTTCAAACGTTATTGAGACCGTCTATCGCTAACAATGGATATGCCCCTGACCGCTCACGCAACTTTCCATGCATCTCAGCAATGGAAGAGAGTGCAGCGTAATATACTGCCGTTACGCCTGAGCTATAAGCTCAATGTCACGATGTACTCTTAGCTGTCTTTTAGTTGTTAAGTTGTGGCGACAGACCAAGGTGCCTCTCAGGCGCGCCAGAACGCGTTGAATGAGCTAATGTGGACTTCATATCCATCTTCCTCAGTGTGGTTCGTTCCCGGGAACTCAGCGCATTCAAGGCCCCAAGTACTGGTGTTATGCAGCATAACACTCCCTCTCCGGTTCCTATTCACGTTGGTCCGTAAAGCTTCTAGGGTTGAAGCTCAGCACACTTTTTGAGGCTTATGCGCCAGTGTCTGTACCCATTCGTGATGCGACGATAAAATTTTGTCCTCTTTCCAGCACTCCGGGAAGGTTTCTCTTACGTGATAAATATTACTCGTTTCCGCATCGATCTGTGCACGCCACCTTGGGAGACGTGGTTACGTCTGTACGCGACGCCGCGTACC,827,49.21,Arabidopsis thaliana
SEQ_121141,AATAACAGGGACTTGTACAATTTTGTTATATTAGAAACCTGGGGAAATCCGCCTCTCGAAAGTTACTAACCCTGGTCATCTCTACCGGCTAATGCCCTTCCAAATATCAGGTGACCCCGTGTCAGCTAAGCTCTGCGCCGCAACGCCTCTACCAACCGTGCGTGGTTAGCCCCGAGTGACTTTCGGATCGGAAATAAGACGTATCAACCTAGACGAGATAAAAGAGAATTGTCTCTGAGGCTCAGCACGGGTGCCTGCTCATCAGACTTGAAAAAGAAAACACCGGTTCTGCGGAGCAAGTCGGCCGAGAACCTCACTCCGTGCTTGTTTGGTTGCTGGAAGAGTGACTTCTAGATGATCGACCATTGAGTTGGAATGTCCTTCTGGAAGGCGTGACACGAGCCACCTATGGAGTTCTAAGGTGGCAACCACCCGATTTGGCTTGTCAAATGAGATTGGTCTATTTATTTGAGCATGAATAATTAGCGAATGGTAATCAAGACCCGTGTCGTTGGAGCATGTTGCGTGGTGTGGGTCTGGTTTGTTTAGACTTGTGACCCAATTGGGATCTCCAAGGGAGGACCGGTTTATACACAAGTGCGTTTTAAAAAGAGGGTAAAATCCCAGCTGGCCTAAGCAGTACTGGGCAACCGTACGGGATCTCCGGATAGCCTCCGCCAATCAACTCCAGAAACTTTCCGGCAGATTTGTGAACAGAGTTTCATTTGGCAAGCGTTGATAAAGAGGTGGGAAATTGTAACCCTCTCGAGGACGAAGTTCAAGGCCTGGAGAGAGGAGATGTCACGACTGCTGAAGTCCATTGTCCTTGTAGTGGGTACCGTTTCCTCCTCTATCAGCCAAAAACCGCGACCTATGGGTTCCTGTAGAAAAATGACGTTAAGAATTTAGCTTTCCGCAGTCCTGGCGGTACGGTCGCAATGCATCATATGTCTTTTAGTTTTCCTCTAACGAGGCGTTGAACTAAATATGCCAATAGAGGCGCAGTAAGCACCAAC,1016,48.23,Arabidopsis thaliana
SEQ_722171,GCGGTGGCGGTCGGGCAGATCTCAGTAATGCAGATTGCATTAAATATGGTTCGTAAGGCTGCTAAATGGAGGACTTTAGCCATGCTCGCGGCAGTTTGGCGCCTGCTCAGGGTCCTTGCCTATTGATCTGTGGTTCGGACGCCACATGCTGTGTCGCCATTTCATGGGTATGGTGGACAGGGTCCCAACCTACCCTTCGCACCAGTAAAAGTTCCGGATAAAGGCTGAGCCGAATTTCATTATGCGTCATAATCTCAACCCACCTGAATGTCGGGCCACGTCTTTGCCGTATTAGTAGGAGGGCATGCATGCGGAGAAGTTCGGGCAGAGCAGTAGTGGCCGTCACGGTTGATGCGTCACCCTCAGAGAACGTAAAGCGCCCAGGGAATCAACATCACTGCTGAAGTTCTGCCATGGAAAGTTTAACCTTACTTCCGAACCGCATTACCACAAAGGTGAGGCAAGCATTTTATGTGGGAGTGTAGGCTGAGCTCTATCGTGGGTAGCATTGTGCCCCAGTAGTTCTCAACAGCGCTGGTCTTATCGAACGGTTCATGGATACGCCTGTACACTCTAAGCAGTCACGAAGTTGCCAGGATGGGCCGCTGGGGAGGTTCCTAATATTGTCAAAACGCGGCAAAATTCGGCGCAACAGATCGGAAAACCGACGGCATGGCCGGTATAGGGAGCAGCGATAATCGGGAACGCTTATAACCGAAGTATCGGGGATTGCATTTTAGCAGTGAGAAACCATATAACGCAGCTTCTAGCATCAGAGGGTCGCACAGGTCATTGAAAGGCTGACGGCCCTAATGCACTCACATTGCTGCGTAGCATGACAACTCTTCCTGATCTTAGCGACCCGTACATTCTTCCCACGGGGCCTGTTAACTCTTAAGATAGGTACGACTTCCCCTACCAGCAGCACCGCGTCGAAACAGGTATCTCGACGATAGGGAACCAAACGTCGTAAGGTTTGCACGCCCTTCATAAAATGCCAGCCCAGCTGTATACCCAGTCGGGGAATGTCATTTAGGCGGCTCCTAATTAAAAGGAGTTTGGATCGGGTTACTCGGCGTTCTTTCAAACCTGAACGATGGAATAAGGCATGGGTGATTGGCTCGTATACAGTCGTAACAAGTCGATCCCGGGAACGGCAGTCGCCACCATACTAGATACGTAGGGGTCAATCGCACTATTTGGGTACTGTACGATTGGATCAATCGGCACGAAACGGGAACTGCGTTGACTGTTCTAGTACCTCGAACTCTGATAAGGTCAACTTGGACCGTTACTTGCAGGGAGATGATTGAGTATATGTGCCCCGTTCTGAGAATTGATCTCGCAGCGTCTTCGATATCTATTATTTTAAAGCGCCTGAGGACACTCAGCTTCAGACATG,1402,50.71,Arabidopsis thaliana
SEQ_925916,CGTACACAGGTGGGACGACTCATTGCTGATGTCTATCCGAGGATGACCAAGCTGAGTATTTGGATTGAGTACATCGCCTTGCGCGTAAGGATCAGAAGAGCGGCACACGTTGGCACGCTTATACGCGCTGAGTGCACGGGACAGCCCCTGGAAGAGGGCTCCGTGTCCCTCTGTCACCGGTGTACGGGAAGTGAATTCCAAGTGGAAGGGGGCCCCTACTAAGCGGGGAACCCTTCCTCATGT,243,56.79,Mus musculus
SEQ_793522,AAACGCATCGTGTGTCCACCAGGTTCGAGACTCGCAGGCGTCGCGATCACCGACCATAATATCGTTGTTTACACCGTTGTGGACGTTGGTCGTGTTTGATAGAGATATCCCCCCAACCATGACAAGGCTCCACAAAAACACGTTCATTACGCGGATTTGGAAGCTGTCTGGTACGATTTGGGGATAAGGGTCTATGCCCACGGGCAGAACTAGGGATAAAGTCGCTTATGCCCCGAGTATGTGCAGTTGCGGGGCGAGCTCAGACTCTCCTAGCGGAATACTGGTAGAAGTCCATCGACACAGTGAGTGTTCATGAACCGCGTTTTAGTTTCAATCTGCGGTGTGGTCCGCGACAAAGTGTTATCTGCCGGGACGATCCCCTATCTATGAGTCAATATACATGCTAACTACAGCGCAATTGCATATGACGTTTCAGACAGGTTAACTCCGCATCGGAACAACATCTGCTAAATCTCGCATTATAAAGGCGAGTCACCTGTTAAACTCGTCCGTAACATTTTGTCCAGGGCTCCAGTGAGTTTCGGACTACGGGTGACTGCATACGGAAGGTTACGAAGTGGAGAAGCACTGAGGTTAGTCCAAAGGCGATCGTACGTGACACGGTAGGATACCGAAGATCACTCGTCATCAGGTTATACGTGCACTGGATCCTACGGCGCGCAAACACTCGGCAGACGACCCACATGGGAGTGGCGTAGAAAAGTTCCGTTAACTACGTTCCATCCTAAAAGTAATTTTAATCCGGCAAGAGCATTTGATTTGTCAGGCGTTTCGATTCGGCCTTAAAGTTGAGGGGCTAATTTATACAGATCTCGGCACAACACTGGTACCCAACACACGGGGTCTTGGGAGGTTCGACTCAACCTAGCCGGATTTTGTAAAGGTCGTGGGACAAGTTCTTGAAGGAACCGGGATAAAGTCTAGCATTCGCGGACGGATATTAGAGCGAAATTAGGCAGACTTCTACTAGCCCATTTACATCTCATGCTAGCGCGCGCCTTTTTCCAATTTCTTGGTCCTGCTCCCACCATGTGGACAGGGGGCTTCATTGCTCGTGATAGACCGTCCAGGATCCCTCTTCACTCATAAGCTTATAACAGTTAGTCTCAATGCGGAACCCGTTGCTGGCGTGGGAGGCACCACGACTATACACATTTTCGATATTCAGGTACCTTTTATCAACTGGTACTAGACGATTGCCGGTGTCCTGATGGCTCTTGAAGCACATGCCTACACATGCAAAG,1265,49.33,Escherichia coli
SEQ_851584,CGCTGGGTACAAATTGGAGCATGACCCAAATAGAGCGCCCCCAACACCACACGTCATGCCGATGGGTACCCCCTGATCAAATAACTCCTCATTAAGGAGCCGGGTTTACCGTTAGCCTTAGGCTCACGACATTCCGTCATAAACTCGCCGTGTCCCATCCTTGCCGGAGCTATCATATCAGCCGTCCCCGTCTCGTGATCGTTTCAGACTTCACTAGTTGAGAGACACACCAACGCGCTGGGATGACTAATTACTCCGTAGATAGTTCCGGCCTTTGTCTTAAGACAAATTTTGTTTATCCTTCGGGCGTCCGCGGAAAGGGTCTAGGCAGAGGGGTGGGAGAGATTCAGACATTTTCATAGGCTTCGCGAAAGATACTGCGTACGCACATATTAGGACGAACTGAAGAGAGAGGGGCAGAACCCACGCACCAGGTGGAACTCCGCCTTAGCCAGTACGCTTTACCACTCATTAGAGGATGTCAAGGTTGGTTATTAAACCAGGGTCGCTTCTCATTTGCAAACTATTCTACGAGTGTGTTAACCTGCGCATACCAGAACAGGGAACGCAGAGGGAAGCTAACGGGAATTCGTCGATAAATAGGAAGAAGAAGCCACCGCCTACCATATGCAAGCATTACTTACCTCTACGAACTTCGTGACCTTTGGTCTCTATCGATATAGCACGTACGACCACATCGTTGACGATCACTAAGTCGGTCGGGTTCTTGGGAAGGACCATATCAGATAGAGATAGAACTTTGAAC,766,49.48,Saccharomyces cerevisiae
SEQ_423974,GGCCGCGCCGACACGAATATACAACGACGGCGTTGTTGCACCGGAGATATACAGCGTGTTTCGTCCATGCTGATAGACAATTTAGATCTGATAGCCTACACGAGGCCTTGTCTCGTACAGGCTCGACGGCGGGAAGGCGATATTGCCAGTTTGCCCACTAAACCACATAAGCCTGAACTTTGCGGCTGCGCGACTTACATTGTGTCATAAGATGCCCGGACGTGAGCGAGGTGATCGCCCGAGGCGTGGTGGACACATAGGGGTTGGTCAAGTTCGACGGTCTTATAGGAGGACCGTTAATGCGGGCGGGCCAACACGCCCTAACACCGGAACCAGATTGTAGCGGGGTATGAGAAAGCTGGGTATGATCAGAGGCCACTAATAGCTATGTTTTTAATCTCAATGTCCAGTTATAGAAAGTTCTCCCCGCGGGGGAGTGGATAAGTTTTTAAGATTGTACGAATCACGAAGGAATCCACCGCGGAAAATCTCGGCAGTGACGTCGACTTTTGCCTCAATTACGTAAGTCATCCTCGACCGCCAATGCTGTTACCTTAATCGACCGGATTAATGCATATGTTGCGAATAGCCCGTACGCCACTTACTAGGAACTTCGTACGGGGCGGAACACAAAGACTGTGAAACGGACCGTTTGCCGTTGCACGAAAGCCGAGACACGCTATCTAACGAAGGACCGTACGTTAGAATTGTGGGGCGGACGGTGTCTTATCCGTTATAAACATCTAAAAGGGCTCGGCGCGCATCTGTGCAAACAGTGTCATCAAAGTAATAACACGATCGCGTGCACTAAATGGCAAGAGTGGACTTGGCTCTCAACTGAAAGGGGAGTAACTGTGGGTCTCCCGAATACGCGGACCCCCGCTTGCTTTCGCGCACTGATGAGTCAACAACCCTCTTGTAGCAGCAGGCCTTGGTTCTGCAGTGAACGCCTTAGATCCGTACTTTGAAGTTGATCATCAGCTATAACCTCGGGAAGTGTCACGCGCATAACACTAAGAGTTATCGTCGCCAGATAGAGGGTGTCTACGAAGCGAGTGACGATCACATATTGGGGACTTTCTACTGGGAGTAAATTCGTCAGCCAATAGATTGACCCGATCCAGAAGAGTGATCGTCAGTTAGGAATACGGACCAAAGAAGCGATGGTTCGGGTCTTTTAGAGTGCTACCGCTGGGAAGAACCCATATTGTCCTACTTCCGTTCCAGTGGGACCAAGCGTTACACTGCACTCCGTTACCTGATAGGACGCGAGGAGGTAATAGGTCCCCTCCGACGTATCTCTGACTCCTTTGCGGTTGAATAATCGACTCCACCGAACGCATAGTGTTAAGTTAACTTACTCGGGTTTCCAACCTGAAACTATTCCGACAAAAGCTGAGGCTCTTACTTCTGGGGACGTGAAGGCGATAACGGCCGCGGAGTACGCCCCGCTAGATTACAGGTAGGTAGACGACAGCGGCATGTACGACTCTAGGAGGTGCACGTATATGTTCCTGCATAGGAGCCACTGTAGCTACAAGATGCGACCCTGACACAGTCATTAGCGCGTGAGAGGTGGGGATGGACATCTGAACGAGCTATTGACACCTCCGTGCTGGTCTCCGGAGATTTTATAACGGCCTACACGCTCGGATATG,1658,51.15,Arabidopsis thaliana
SEQ_850521,GTTGTGTGCAACGTAATGTACCACTAAGCGAGTGGCTCCCGTCTTCGGTGTCACTCCCCGAGAGCTTTCAAACAGTTCCTACATACGCAATCATGAGTATCCTAAATCATTAAATACACTTTTGGGCTCGGAGCACCAGAGACATAAGGCACATGCGCGCACAAACTTCAGCTCGACCCAGGCAAAAACTGCCGCATGCTTACTGGATACTCGTTGTACTCAGTTCCAAACCATGTTCTAAGTGCCACCAGGTATCTTATCAACATCAAGTATTTAAATCGAGGTCGTAAAGCGTACGTGCCTCGGGCGACAAATAGCAGACTACGGTAGGCAGATGTGATGGAGTGTACAGTAGCCGGAGAGCCGCTGACAGCTGCGAGTGTAACGCCCACCCCTCGCGAGTAGGAAGCGCTCTTTCGGGCCTTGGTATTTGGGGTCGAGCCATTCACCCAAATTCCATCTCGCTACTCAGTCGTCATAACAAAGTCACTGGGAGAGCTAGTATTCTGATCATCAGTTACATTTAAATAATTGACGCGTACAAGGTTTTTGATATTGACAAAATGAGCGTAGCTTTAACGGGAGACGTAACCTTTCGTCAGAAAGTATAGGCGTTAAGTCTGCGGGTACGGACATTTGCATTCATTCTCCCAGGGTGACAGGCCCACGGCTCGAATATTTGGATCTAGACTTTGTACTAGAGAGGACAGGCTACCGACACTTCACTCAGCTCTCACACGTCGTGTTTGCCGGCCGTAGAAAAATCCGTGCAATTATGACACGCCCTGGGGGCGACGGTAGAGTTTTAAGAAGTATCGCCTATTCCCGATTCGATGCATACCGCTAAGCGAGCCGCAACCATCCACGTCCGGAACCAGGCCGTGACTGAGAACAACCGACCCCCTACATCTATAGTGGACGAGGAATGAGGCGACTATTGCGATGTGGTCATCTCTCAAGACCCAGATCTTTGAATATTGGAGCGGGTAGAGAAGGTACTTTAGGACGACACCGACAGCAGGAGTTCAATCTCAGATTAGCCGTCATCCTATGACTATCTTTCAGGCAACTTCGGTCCATAGCATTGGCGACGCAGTTGTGGCTGCCAACCTTTCCCAGCCAGCTATGGTCGACGGCAGCACGTCGTGACAGACGTTATCTGACTCCGAGTACCCGCGGACGAAGGGGCGTTGTCGAA,1198,50.33,Arabidopsis thaliana
SEQ_358311,CCTAAGGTGATATCTCTGATTTGAAGAGGCGGTTAGTCGTGTAGATTCCTGTATATCCAATACAGCGGTGGCTTTAGCATATTTCCTTGCGGCGAACCTACAACATGCGAATATGGGCACCGTATGCGGTTCCATCCTCCCTGTTCGCGACGGTTTCTTAACTCAAGATACAGGCTCAAAGCGACCTCGCCCTAGCATCAAAACATACGGGACTGTAGGCCTTGTCGATGGAGTGGGACCAACGTAACTCAATTGTTTACGTTTAGAGAAATATGTCGCTAAATTAAATCGATAGCCGGACAGTCTGACCTTCGAATGGCCTGGTACTCAACTTGTCCCTTGCATGACGGCACAGTGGCGTGCTGACCTTCTGCAAATAGACGTAATGCTAATAGGAATGTGTGACGATAGGTACGTCCTCGGCTTGCTACCGAAGCAGGCGGGGGTATGTCAGGGTGTAATCCATGACTTGAATGAACAAGAAGGCCCTCTCGAGTGGGCCCCATACGGTCATCCTAAGCCGGGTCTATGGTATCCGTGGGGTCTAGTGCGTTCTGGCGGGAGCTCGATACGGCATCATCGACAGTCCACATTCTCATGTACCCCCGGCATGAGTACAACTTCGATGTTATTCGTGGGGTTAGAAGGCCGGAGGCTGGTCGTCTGGTCCACGCGACGCTATACAGAAATTAGGGCCGCTTCCTGGCGGGACTGTTTGCCGGGGATTACGCAACCGCAGAAGCGAGTGACAGCAGTTTCCTCCCCCTACTCGTGGCTGAAACATGGGTTTTGAGGCATGGCGAATGTTAGATCTTCGAACTAGGGCGTGAGTACGTCGAATCTACGAGAAGTAAACCTCAAAGTCAGTCTCGACCTTGTCGGAAATGGTTGAGAAACTATACAATGTTCCCCATCTCTTGGGTGGGTACGGAGCCATACA,940,51.17,Caenorhabditis elegans
SEQ_200054,GACCTAGCAACGGCCCTCCTGACGTCAGGCCACCATGACAGAGATTGAACCAATTATGCTTCTTATAACGATCAACTGAAGGTCCTATCGACACTTGAGTTAGTCCCTAAGCGAAACTTAGCTTCTCCAGCAGCTTGTCGATTCAATGGAGCTTCGACTAACTTCCAGTATGGGAAATGCTAATTCGCTAGCCGAATAATGCCGCTCATTGCGGCCGGATTTGAGGAATTCCTTGACCTTGGAATGTTGAATGCTTAACATCGTGGCTTCGAGTGGCGTGATCCCTTCTCAGGGAGCTCCTACCATCTTGGGATCAAAACTGACACGATAAGAACGTGGGCCCGATTAACTCACAAAACATACGCAAATTGCCATTTTTTATTGGACGACGTCTAGCGGCCTACCG,406,47.78,Escherichia coli
SEQ_721334,TCCTCTCACGGTCCGGCCAGAAACTTAACGCGTGTCCTCGGTGGAACGGCGCTTGTACGCATCCACCAACATACCATAACTCGGCGTAATGACATCACGGTCGGTCACGGTCCCACCAACGCTCTCAAACATCGAGTCCCAGGGTGTACCCGAACAGGCCATATGTAAACATTTCAGACGCCTATCCACGCCCGTCATTGTAGATCCCGTGATGGTAGGACAAATCCGTCAAGTCCGTATCTGGCGACACGCTCATCGACGCCCTATGGACCCGTACAATCGAGTCCATTGCCTGTCGAACGGGGGCGTGATAGACAATTCATAGCTATTGCGCATCAATAGCATAAGAGCTTAGACCTTTGTCCAGCACGTACTACATCCTCTGAGGTCAACTTGGTATCCCAATAGAACAGTCAACTCTATCATCTTACACTCTTGACATGATGGTTTATACAACCGCGGGAAAAGTCAAATCAAAGGGCTTTGCATTAAATTTGTAATGTTCCTGATTATTGTTACGTGGGAGTCGATAATGCGCAATACACGGATAACGCCGGTCGTATGATTATCTGCGCCCGGGAGGCTTAACACTCCGTAGTTCAGGATTTGGACTAGTTCAGCAGCTGTGTATATATGGATCGGCGACTCACACGGTTTCCATATACCTCTGGGACTCTACTGGATTATAGGATTCATGCGCGCTTGAGTCTCGACCCTAGGATTTGTCGCCGAAAGGTCCATTCGTCGGGAGTAGATCCGGTGCGTTACCGATCTTCAAATAGTTTGTGACTACCAGCCGCTTAACTGCGTCGCTTAAGCCTTTTGTTCGAGGTTCATTACCCCTGGACTGCTAGAAAGTCCCATCCATACAAATAGGGCTACTGAGCACTACGGTAGAGATCCCAGACCGCGTCCTTGTTTCAAGTCAAGCGATGACCCGCGGGGGCATGACTCGCGAACATTATATTGGTGAAACCTCCTGAGGTGCCTCGCCGTCATGTTGTGTGTGTGATCGAACTCGGGGGGGTTCAAGATCTAGGTGAGGTGACGTTCCAACTGCCACTACAATGATCTTCACTAGCCGGGAGACCCGGCTGAAATTTACCTGGCGCTCTAGTTGCTATTTCATTATATTAGAGTGCAGGTGGGATTAAATATACGCCCTTACAATGTAGGCCGAATGAGCGCCTAGACAGCTGATAACCGTTGATAGCCCCCCCCTAAAAGCCTATCTTAAGGGTAACATCGGGGCTTTATCACGAAGTGCTTCGGTCCTGTGCATGTTCCTACGTAGATGTTGGCAATTCCCCTACCCACATGCAAGACCTTCTTCGTTCTAAGAGGCAGGAGGTCTATAATGACGTCCGGCTAACTATTAGAGGCGCTTGAAGGCCTTTATGAATAGAGACAGACAAATATCGCGAGTTACAAGAGCGCCTTGCTAGCCAGCGAGAAAATGACGTTGGCGTCGAATGTAGTGCAGAGCACCGTCCCGTTGGAGGTAATACTCGCTGGAAGTAACTACGACGATAACTAAGGTCGCAAGGAGCGCGCCGGCGATGTTCGAGGCCAGGTCTTCTTATCATTGAAGAAAAAGTTGTTCAGGAACGCAGAAATGAGCATCACGTTGTGGCATATGAAACTGCGGAACAACGTTGAATACGCGTGCTTACTTCTACTAAACGCCCACTACTCTTCTCGCGGATATTCTGCGCGTGTATGAAAAAGAGTTCATCCATAGATCTGCAATTTTAGGTAGGGAGAAAGGC,1769,49.29,Drosophila melanogaster
SEQ_240331,CGCAAAGCTTTGACCGTGTTCCTCAATACTCGTAGATCCACTACCTTGCGCAACAAAAAAGGGTTAGAAATGCAAAGCAAGGTCATTATGCCGACTCCCATAAAGTACAGATTAGCTGTTTTAGGGAGAGTTCCGGGCACCCGGCGGACTTATGAGCGCCAAAAGGTTCATTGTCTGTCAGCGCCTGGCTTCATGTCTAAATGGTAACAACAACCCACGCGAGCGGCACTCTTACACCATGACATCTTCTCTACAGCTTAGCTACCATCCGTCTGGCTAGCCCTGGGGGTCTATGTGGAGACACCAAGGGGTATTATCCCACATTTACTAAAAGGTACTTCAGAGAGGAACTTTCACTTGCGTCAGGCCATCGTTTGACATGCGTGTGGAGTCTTTCCAGCACAATGTTTACAGCTTCTGTTTCTCACTGTCTCTCAGTTGGCCATAGAACGGTACATATCTCGGTCCTGTGAGGCCACGCAGCTGTGAGCCACCGAAGGCTTATCATCGTAGAGTTCGAGCGCGCATAACCGCCAAAGGATGTAATAACTCCACCGGACACGC,564,49.82,Caenorhabditis elegans
SEQ_229530,AACACCGTTGGGGGTAGTATTGCATCTCTCGTGAACTTTTCAGAAGTCGAATTAGGCGGTCATGCAAGCCCAGCGATTGGCCTTCGAGGATGGGGCCCGCTGAACATGGTAACCC,115,53.91,Homo sapiens
SEQ_499388,CGGCAAGATATCTCTTAAGGAAATAGCCCAACCTCTTACAGTAGTGCTCTCATTCGTCACAATCGAGCTTCTAGTATTCCGTGAAAAACACTAAAGACCATGGTGGATGATGCTGCTGCGATCCGTCCATGCACAGATTCACGCACCTAAACCTGGGTTCTAGACATTGCCGGAATAATTGTACGTAGTCCATCGTGCGAGTTAGCAACACAAGTAGTCTCCACCCCTCCTCACAGCACTTTAACGAACGCGTGTGCGCCTATGAAACGCTTACAGTCTCCGTGTTTCATACACCCCGATCCGGGCTAGTACCATATGCCCCAATTACCCCACTGAAAAACATCAGAAGAGCGGCCGGGATGAAAGTCCAAATACTACGTGAGCTACCGTAATATCGATCGCTGTAAGCGGTTACACTATTAGAGTTAGAATCATGTGTAGCCCCAGCACATGACGTATTGCCCCTAGAGAGAAGAAGAACACGGTGCTTAGAATGTCGGAAATTTCTCCATCGACCGAGTTCAGAAGGACGGACTGTCTATTTTCTACTAGAGATCGTCTTCGCCAGGGCGCACGTCAAGTCTGACGTAATGATCTGCGACTAGAGCCGCGGGCTTCCTTTCTCAACCTCCCACCCGTGCCACTGCCGATGGCACCATGGTATGCATAAGAGTTCTTCTTCTAAGGTACCAAGCTTTTGTGCATTCTTCTACCTAGTCTATAGACCCTTAAGAGCACTTAACCATCCAATCGGTGCATGGCTAGGCGCCCTGACTCAATGACCTGCCTTGTGTCGCTGTGGATAACATCCCTCGTCTCAGGGTTAAACTCTTCCTCTAGTCACGTCATTGCACAGGGTCCCAGCCTCCGCGTAACCAAAACTGTTTTCAGTAAGTTAGTGGCCAACCTAGGGTTCGGTGCGTAGCTATGAATGGACCGTTGGTGGGTGTGCGATTTGAGTTTGCGTCCTAGAGAATCCATATTTAGGGGGGTCTTGTCCTTGCAGGATAAAGCATAATCAGATCTTCGAGTCACGTATTAACGACATCAGACCACCTCCAGACATCGACTTTCGCGGTGGACCTAAGTTAACATACACCGGTCAAATCACCGCCGGCGCTGCAGTTTGGGTGCGTTCTGCGGGAGGAAGCCCACCAGGATCCTGTTTAAAACACATAGCCCCGATTCAGAGCAAGAAAAGCGCACGCGAACTTCCCAGACCGCAGAAGCATCGCACTGGCCCTAGGGTTGGTCGCTCAGTTGGGGTCCGATATAAAATCCGTCTAAACGAGTTCAAGTATCATTAGAGGATGTTCATGACATACCCCGACAGGCGGGACACCAATG,1347,49.89,Saccharomyces cerevisiae
SEQ_980047,GGTGTGTGCCGTAATTCTTGATGAACTACCGCGGACCTATCATGACCGGACAAATCTCCACAGGTGTTTCTTACGTCTTTATCGATCCTTTTCGCTTCGCATCGAGTCAGATTGCGTTTAAACGTCAGCGAGGTCAAGGTTAAAGCCGGTTAACGTAAACTAACCAAAATTTCACTTGTAGGGCACCTAAATGTTACACCGATGACCGTTCGTAACGTAGTAGTAATCTCGTCAGGCTACAGAAGTACGAGCAACACGTTTGCTTACAGACGGCTGAAGCTGCTCGACAGTAATGACAATCCTTAGATCCGGTGAGGTCGAGACTTACATGCGGACTGACGCAGGCTCCACTCAGAGGTAGTATATCGCGGCGAATAATCTCTGCCCATAGCGTGGATTAATTCACCGATCGCTAGCGGTTGCTTTACACACGGGCCGGTCTGGATGTTGGGAGTTAGGCTTATATGTCCAGTCGGTTAAGTTAATCAATGGCCGGAACGACTATGAGGTAACACTTCCTGTTCTTCCCAATCACCCGTGAGCTAGGGTCGACGTCTCACGGCCCTCGATCGGTGCTTTGCCCCTGGTTCCAGGTTTCAGGGGGGTAATTCGTATGCATGTTTGAGACGTACTCAGGTACCTGTGCCAGCGTCCCTGATTGATTTGCGGCTCTCCACGTTACTATGTGCGGGCCAGTGTGGTTGGTTCACAAACGATGCAATAAGAGCTACCTTCCCACTAGTTCTGGGACGTACGGAGAGTCCGACTGGCTACGAAGTACGGCCTTCGTCATGCATTAGTTCAGGATCGCCATTCACAGTCACATGTGGGCGCTCAAGGGAAGCTAGTTAGCCTTTTTGCCTTATGTACAGCAACATGTGGCCCAGCGCCGATGTCTATGCGTTAAGAGCTCATTGGCATCCAGTCAAGACTCTGTCACTCCCTGGAGATCACGTCAGGGGCGGGATGGGATCGAGTAACTACGACGACGCATCGCGGGTCTTCATGAGAAATCCGAACTCCCGAAGAGACTTAATCTAATGTGTTCTGAGCTCGGGGACGTGGGTTACCTGGTCAGGCAACACAAGATAAGAGTGATTAAGTACCTGTGGGCGGGGGGAGGAGCATATTAACGTACTGACCTCTTGTAACTACACCAAGCGCTCCTCGTGTAGTACTAGAATGCCTAAAGCGCCCGCCTAAACAACAATGGAATGTTGATTCTCACGGACCAAGATACCACTACTGCCGTATTTACCTCTGTTCTGAGGCTATTGTTAATGGTTGCGGACGTTCCCCGCGCGTTCCCACGAGCGCTGTCTCCGTCGCGCATGGAGGCGCCGTACGGCATTGATAGAAGAGAGGCTGATCGACGCTTGACTCCACTATCCTGGACTC,1398,51.22,Escherichia coli
SEQ_509307,ATAGGGGGGTTGTGATTTCCACGCTCCAAACTAGCGTGCAGTAGTTCAATCATTTGTGAGCATTAGACCTATTGCGCCGTGCAATACGCACGAGGGACTGCAATCATTTAGTATGTGTCGTATGTTTTTGCGAAATTTCCATTTTCTGTGCCTAAGGCCTTCACCCGTCGTGGCGTCGGTCATTTGCCGGCTCTAACTGCGCTACTTTTAAGACTAAGGGCTTCTACTTAGTCGGCCTCAATTGGCGTGTGGCCTGTTGAAGCATAGCACCAACGTTGCGTAAATTCCTACTGAACGGTCCAGAAGATATACAATACTGTAACCGGAACATACAACCTGGCCAGTCCATTTGCATGAATGGGCTCAATTATCACCAGGTTGTATCCGGCGTAGTTTAGACTAGGTTACGTGAACTTGTCATGGGCGCGTCAAACACACGTATTCGCAAGTCATCTGACATCCGCGTTACAGAGAGAAAGTTTACGTTTCTGCTCATATGGCATCATTCAACTATTCTCTTAACTCAGTGTATTATATCGGGATCCCAAGCTGTCCCATTCCAAATTCGGCCTCACTGTGTGCGCAACTGGGACTACGGTGCCGAGGTAAGTGTAGATACACTTGTTCCCCCCTTTCCAGACAGGCACAACTGTGGACGATCAAGAGTGTGGGCTTAGAGTGAATACCGGGAATCTGGTTGTGAATTAGAAATCGCCGTCAGGCCTTTTTGGTATGGGTACACTCGGCCTAAAAACGTAGTTATTTACCCACTATCCGCCACATAAGGTTGTGCCACGGGGGCGGGATAGAAGTGACAGTCCTCGTGTCGGGGTGGCGTTTGTTCAGGTCTGGGAAAGGAGTGCGAGTGAAAGCAGGTACGTGAGTAACTCCGCCTTTATGAACCACACTTATACCTGTGAACTAGTCAAGCCATGCCCTTATGAGTGTACTACTCACGTCGGATCTTATTAATTCGACCCAGATTCCTAATAGTGGCCCTTGAAAAGCAAGGTTTAAACTCCGCTTCTTGGCAAAAGAGTGGCCCTTACTCGCCGGCTCATGAGACCTAGTATTAGCACCATACGGCGTCTCGACCTAACAAGCTCGGTAAATCAAAAGGTGAGGAATCTGGTGGGCAACTATCGGTTACTAACGACGTGGGGCCTCGGGCGGCGCGCGGGATTAACATTACGCATAGGGACTAGTGGCCGATCGCTTCGCGTACCCATTGATGCCTATGTAGCCGGCAAACGCATAGATTTAGCTCATCAACCGCTTCTCCTTGTTGTGGAGCTAGAAATATCGTTAGACACGACCTTAAAGTCCTTGAATTCTAGCCTGGCTGTAATACCCACATCTCGTTAATCGCGCCCCATACAAGGAACGTTCCTCAATACCTCTAATTGCTCTCCCAGCATTCGGTCTGCGGAACCAGATGTACGCCACGTTGATGGTCTCGTGGTTTCAAGCCTTGGACTGCCGGGCTTAAAGGGTCACCATACACACAAAGAAGGAGTCTATTCCTATATACTAAGTTGAGTAGTCCGACGGAACATGACTCTCGGTCACCGGGGCGAGGCTGCTGTAGTGTCTTTAGCCTTATCCTAGCTCGTCCTACTCGACTTGGTGCGCGACCGTCTCCTAGCGCAGTTGTTATAATATCGCAACTAGCAGAATGGTAAACCCTACCCGGGTACTCATAGTAGGGCTCTGCCTCCCGTTGTGTTTCTAGTAATGCACGCTGAAATAGGCGGTCGGGA,1760,49.26,Saccharomyces cerevisiae
SEQ_628020,GTGTGGTATTGCAAACTTGTGCGCTCAACCCGTGGCGGCTGCCTTATTCGTGGAGGTTAATTACATACTTAGGCGCCAGATTTAATGGTCCGTAGTGCGAACGGGAGAGATTGGACAATTTCGGCAGCTCCCTTAAGCGAGTGCATTGAAACCAATCGTTCACAGTCTTATCTGCCGGAGGCACGGTCTTAATGCTAGTTTTAGTACATCAGACCATGATGATTTGACCAATTCGGAGGCATGACGTCATCATAGGGGGGCCACCGGTAATCCCTTGGGCAAGTTATCGCCATGCGTTTAGATTGCGACAACCACTCGCGCGTCAGCCCTGAACAGGGAACGAAAGCGGGACGTAGCGGACTACATTCCAGCAGTATGTTCGCTGGCCCTATAGTAATTAAATATTTCTAGGCTCCTGAGAATCTAGTCATTGGTGTCTCTCAGTCGCATTACTAGACGCACCGGGGTCACCTTACTGAAAATGTAGGGATTTCACTGAGCAACATAATGGTCCGGGACCTATTCTAGGCCTAGACTGTCGCCCGAGATCCAAAATTGCCGGTACAAACGGTAGAATGGGGATAGGGTTACCGCGCCATCAGGTTCTTTTGATGGCATAACAATCTGCATGTCTGTTCACTTTCTGGCATCCTCGAGTTATTTGCGTGACCCGATGAAAATGACCTTAATTTAGGGCAGATCTGGTGAACCGAAATCGAGCAGCACGAGGTTTGGTCGAGATACGTCCTGCTGCGAAAGACGAATACCAATTGTGAACATCGGCAATTAGCCGCCCATAGGAGCTGGGAACAGTAACCGAGAATACTGTCCTGTGGCAAACTATCTGACGCCTGGATATATGTAACCTCTTTGACTAAGCCGCATGATACGAGCGGATATCGATGTTGACCTGCAGCT,918,49.02,Saccharomyces cerevisiae
SEQ_730864,AAGTTGGGCACGGGCGATTGGGAGAATCCCCAAGCTGGACCTTCCTGAGATATGTGCACCTGGATCCAGGGCAGCCCGCCTATCTCGCTATGTGTGTAGTGGTGGGATATGATCCTACTTTAAGGGGGAGTCGCAACTGTAATTCGGGTGTTAAGATCCCGGCCGGGACTATAGCGCACAACGGAGTCAAACTTGGTTGAGAGGTCTGCGTTGTGCTCTACTCGAGCGACGTCTAAGTAGTGGTTATCGTCCCCTAGCGTATCAATGCTTAGACTGCCATCGGAGAGGTATGAGGCGCCCGCGGTGAATCCCAATCAGTTTGTCACTAACTTCTGTTGGGGGCTATGTCACGTGAAGAATCAAGCGCCACATCCACATACGTTTACCCGGGTCGTATGCAGATGACTCCCCAGCTGCAAAAGGCTTAGTTAGAGTTAGTGAGTTTGTAATTAAACGAATCTGACGATAAACAGCGGGTCCCTATCCCAGGCTTGAACTGCAGCGATCGAGGATCCATTGTGGACATTTCGTCCACTTACACCACATTCTTGATAACTTATACGAGGACGGTACGCTCAAAACCCTTCGTGCTAGTCCTGTATCGTCTGGGGTCTGATCTTGTGGGCAAGTCATGTTGGTGGGGTCACGTCGCTTGTTATGTGCAAATCAGAGTGGCAATAAAAGACACCACACAGTTTTGATCACAGCCGCAATTCACCTATAGCCTTAAAAACGGTGAACGTCACCTGATGTTTCGCGTACACCAACCGGAGGATGTACTCTCATATCTATCTTTTATCGCATTAGGGGAATTAGAGGAGTCTAGTTATTTCCATCATGTAGTAATTTATAGTTCGCATAAGTATTGACTGCCTACACCACGCGATGCGCAGCTCGGTACCGACACGTGCAGATCCTGAAAGCATATTCTAAACAATGGGAGGGCGTCCGGCCGCTACTTCTATCCACTGGACCTTAAACAGCAGATCCGCGAGATCAGATTTATTAGACGTCTGACTCATTGAACAAACACGACCGCAAATACATGAAGGAACCCCCGGTCTACACCTCATCGACTTCGATACTTCGCGGTGTGTCGAGGTGTGCTTCTTGCGACCAGCGAAAGCGGTGGGTCATTGAAGCCTCAATTGGGTTGGGCCGTTATGTCTATGCGAAAAAGTAGGTACCGCATCCGATTTGTGTGCCGGCTGTTATTGCAACTCGCTCTTTCCTCTTGGAGATCAACATAAGCATTACGAAATCTTGAGCGATGGCGTTCGGCCATGCTCGCACGGGTTAACTCGGGCCCCGTTTTTTAGAAGTCTGTACCAGTATCGCACGCGCTCTACTTAGCAGTAGAGACGCCCCGTCTAACCGTCTGAATGGCGTAGCTAGCGCACAAACGTACGCAACCCTGCCGGTTCGTGACCCGGGGGTGCGTATGCGGCCCGGTAACTTTCGCCTTAGCCACTACTGACTACCGACGTGCGGGCCCAAAACAACGAAAATCTGAAATCTCTCCCGGGCCCTTCCTGATGAGCCAAGTCACTCTTGGCAGACGCAGTAGTGCACAATTGACGCGGTCCTTGCAGCGCTAGTAAAATCACGTCCATTTGTAGGAACAGGGGTCGGTGGCGCACCTAACACCATTGGTCAGCAAGTAGAGCCGGCCACAGTAGGTTAACGAGTGCTACCGTAGCGTTTTTGTGTAGCCGACGATTTCTGCATA,1729,50.9,Arabidopsis thaliana
SEQ_975435,GTACCTGGTCATACGTAACCGTGTCCCATGGCCGTCGCCCAAAGGAGAGTACTGGTAGATCCACGACTCAGATGGCCATTCGTTGTAGCTTCGAGTAGAATAACCTAACAATATCCGTCTATTCGAAATTATGGGTGAGAGTAAAACTTGGGTGGTGATTGAGCTAAGGCCAAAGGGGACAGCACTTGCGTTGTTCCTGGGTAGGTTGTTGCATTCGCGGGAGCTCTGTCTCTCCACGGGTGCCACTGACCTTGCACTTTTGGGAGGGCTAGTGTCGCCGTCCAGTAGGCGCCCGTAAGTGCGCCCAACAGAGATGAGTAATGGGTACGTAAACGTTCTTTTACTCGGACGCATTGTCGATCTCCCGTCGACCCTCCATCCGACTCCTGTCCAAA,395,52.66,Homo sapiens
SEQ_589890,AAGCGGTGGTTTAGTACGAAATACTACCGCTCGGCCACCCGTCCTGGGCCGGCGGGGGTTGAGTCGGCCGTTTGCCTGTGGGTAAAGATGTCCAGAACGCTAGAAGTAAGGGCCTCAAGCGGGGATGCACATAATGTGGGCAAATTCCCCAGAGTTCGATCCGCGGGCATCGAACCCAAAACGATCCGAAGAACAGCAGGAAATATTAGGCCGAGAGTCATGGCCTCTCCATACATTTAAACGTCGAACCATATTGTTAAAGTCATGGTAACTATTCGCCACAACAGAAGAATAGCCCGAAAGTTCCCCGTAGCTAGAGTCGTTTAAGTTTACCATCACAACACAGACACTGTTGAGCGATTTAGTACTTCCGGGGCAACAGCGTACTTTAGTGCCGTTCTTAGCAACGCCGTCCGTGTGGACTTGCAATCGTGCTACTAGCTGATCATCTATCCCTACACCTTGTCGCTTCAGCGGCGTCGACATATATTTCATCACCCCAGCCTCAGCCAGAGAGCGTTGAGCGACTAATACAGCCATAGTCGACTTTCGGCCCCGGGGGGTCTTTAAGCGAATGTATTAGCATGAACTAGTGTGGATAACCGAACCTTGGGATCGTTACTCTAGACAGTAATTACCATACATCTGAACAGTCCTCGGCACTCGATAAATCGCATAAAACGGTGAGGAAGAGTAGGTAGTGCCCCAGTTTGTTCGCTAGTTAGATCGGTAGTAAAGTGCTTTGAACCTAGTGGCGCAGTTAAACAATGTGTTGGGGGTATCTCGCATCTATCTTTAATCGCGCATTCTAGTTAGGGAGCCGTGTCGACACCTGTGTCCCTAACAGCTGAAATCTCTTGATTGCCCTAAAGGTATTCCTTGAGGGC,887,49.49,Escherichia coli
SEQ_275789,TCTGTGATAAGGTGTAGTGCCTCACAGTAAAAATTTCTTCTGTAAAGGCAGGGCAAGCATTCTGCCGATCAGTACCTATAATCCTAGCGGTGGGCTAATACGATTGGTACTCGTTATTGCATAGGAAAGTTAAGACGTAGTCTGTCGGACAGAGCCGTTTCGAGAAAGCCAAGCCCTTTTCATACTTGGCGCCGAAACGCAACAGCGCAATGCAGAAGCTACGCTAACGTCAGCCAGCTTGAGTTAATTCGAGGTTACCCAGTAGGTAAAGAAAACTCTTCAATTTCATGTCGTGTCGTGAAGGTCCGACCCATCGTCAAAGGGGAAATTACTCTGTCTTTGCGATTACCACCGGGTCGGAAAGGATTATTAACCCACTCCCAGATAGTTCTGTGCTCAACTTGATTCCACGGGCGGAGATTATGACCCTGGAAACACCGGCGCCATACAGTCGACAGACTCTTAGGTCTATACAGAATCCCAACCACCCGATCGATAAATAAAGACCGCGAACAAATCCCTGAGGGGTCCTCCCGATAGGTACTAAACGGAATTTCCTCTCAAGCAGTGCGCTGGTGGTGTAGTGACCGCTCTTTGCAGTTTGGCTTATGCTGGAATCGAGATCCACCTCCGTGCCTATCCCAACAGGAGCAACGGGTAGGCTCCGTGAACCCAAAACTGAGTAAGTGAAGGGCGCCCTCCAGCCTGCCGGGGTTCTAAGGTCGATGTATACCTATGGGGAAGATGCTGAATCTCCCCACGCCTTAATCGTTGCAGATTTCCCCGACGCGTATGCATTTAGCCCGGCGAACTCTGAATGTCCAACCGGCTGGTGCAGCGTCTCTTTCCTAGCAGTTTTCCGCTCTCGTAAACTTTTGCCTAGCCCTGCGTTTATAGAGAAACGGGTTGTGATTTCGCTTTCCAAGTGTAAACCTAGAACACGTTATTCACTACTGCAGTTCGGCCCGCTAATTGCCATGAACAGT,986,49.7,Saccharomyces cerevisiae
SEQ_790486,AGAGGGCTACCAACCCCCCACGTGCCTTGGATGTATGACTAGACGCCGGGGTAGCACGTCCAAGCACGAGATTTGTTACATGCACGACTGCTCATCTTGCTGTGTTCGTTCGGTTATCTCGCCATAGGGCCGCACGGCTCTCGACCGTCCCCCGATAACGGTGCGGTAAAACGAATTCCCAAGTGGTACAACTTGATACAGCGCGGGTTCGTATGTGCGCCGACGAGTCCAAACAGTAGAGTACCCGCGCTAAGCCACGTTACATCATAAATACGTCGTGCGCGCCGGAATCGCACTATCCACACGTGCGAGTGTAAGACTGGATGACCATGGGCTAGGCTGTGAGAAGATACATGCCCTAATTTTGGATGACACTAGGCATGGCCCTAGGGGTTCTGGGGGCTCTTTGGAATTCTGAGGCCGGGATCCTATTCTATGCAGGAGTCCTCTAACCACTTCCCCTCTTACCGTGAAATGTGTTGACGGAAAATTTTGCAAGCTGCAATCCATATCCATCGCTGGTGACTTGGAGCGGCTTCGCAGCAGCAGGTTTGTAGATGGCAGCCACCAGGACGTCTTTTAGCCGCGCAAGGCATAGCCAATCAGCAACCACAACAGTCATGACGTAATATGGTCGCTGAGCCTCGACGGAGACCACGACTGGTTGCGAAAATCATCCAAGGCAGGTACCTTGCTTGGCCAAGCGATCCGCTGCCCCTTTCCATCACGAGCTACGTGACGAATTGATGCCCTCTACTTGTAAATTGTCAAAAAGGGGACTAGAACTCGTGGCGCCCAGGTTAACATCCGCCTGCAACACGGGGAATACGACTTTTCCCAGACTGCTATAAGCAGGTAGTAACATCTTTCAGCATACCCGTAAATTTGCCGGTTTACGTTGGGAGGTCAAATTGAGCTTTTTACCTCAGTGATGGGAGCCTCAGAATCAGGTGACGCCGATAAATTCATTGTTTTTACAGGGGTTTCGAAAAAGGTAAGTCGGACGAGGTCGTTGTAACCAACCACGTTTCAGCAAGCAATCGCAACTTGATCACCTGAAAAGTCCCATGGACGGCGTTGTTTTGGCTCTCTAGTAATACTTCCGCGTTGTAAGAGTCTTTCAAGT,1126,51.33,Caenorhabditis elegans
SEQ_614719,ACCCGCCATGCATGGCTAGATCTGGATAAAGAAGGATCCCAGTGATCTCTCAGCCCCGTACAGCGATCGCAACACAGCCCGCCGTACAATATTACATAATTTGGCCGACGGACGCGCTTGGGTACGACGCCATTGGCTGCTAGCCTAGAGTCCCCCGTTGCGAGCAACGGCGGCAAAATAGGATGTTAACATGTGTTCTTACTGTAGGATGACTTAGCTGCTGCGTGCGACACGGAAAATTGACACCGTTAAGTCATACTCCCAGCCGAAGAGCGAGGCGCTACAAGATGCGATGTCCTGGACGTTGTGCTGGCGGGATTTGTACTAACGTTTGTCACATTGTCAAGCCTCTACATGGATGCGTAGCTCCCTGGTGATAATTATAGGGGACATGCCAGTTATGGGTCTATCGAAGCCTGGTTCGGAGCAGGTGATCTGGCGCCACGCTCGCATGAGCAACCCCGACGCTTGGTCGAAAACATAACGCTCTGTCAGACATTAATAGGGCACTAGAGAGGGTCTCTGTGTGAAGTCTAAACTCGTATGGACATCTTACAATTCGAATGTCGGTTCGGTTAACGTCACGATCCCCCCCGACGACGCCTTTACACTTCGTGCGTTGAGTTTATTCGCACCTATCTAGGATGCCGTGGTGCTGTCATATGTCTACTTACCCAAAGTAAGTTACACGATGTGATGTCTAGTGTATCATCCACGGCCAATAGCAGACATGCACCCGGGCACACGGTAATATACCGCTAGAGTGCTCACCTTATCTACGTTATCGTCCTGGCCAGATACTGTTACTTGGTTGTTAGATAGAAGCGCATGCTCCGACTTCAAAACGTACCCCTCTGGGTACCCTATGTGAGAGGGTCCTACCCGGTAATCCAAGCAAGGAAGAACCGAATCAAATGAAGTCACGGAGGGGCAGCCCTGTAGCAAGCGCCCCTACATGCGAGCCTGCTGCTGAATGAGTATTCGGGTTGGGTACAGGCTGTTTTAAAGGATGGCGTTGGGTGAGCCATCTCTTGAATTTGTTAGCTAATACACCAAACTTTGGCTATTAGCAACATTGCAACCCATCTGAGGTCTCTCGTAAGCTAATCATGCTGGGATATACACATCCGTTACTGACGTTAGACATTAACTTACGCACCCGACAATCAGCGAGCTCGAGGCATACTTCGGACCGGCGGAGAAGTGATACTACGCGATTCTAACCGGCCGTCACCACCGAGGCCAGAGTATGACGGCGAAGCCGCTGGTCGTCTTATTAATGGGGTGAATAACTGAGTAAGGGAAATCGCCAAGCTTAGAACTCGAATTCCACACGGCGCTGTGAAGTGTCGCTGACAGTATAACTCTGGCAGACTCGCGCAGCCGAGTTACCAAGTCATGCTGTCATAAAGATTTGTCCTATGAGAAGCAAGTTTTTAAATCCCCACACAAGTAGACTGAGGTCTTAAGATTCGTCCCAGCCCGTATTACCCGCGACTCTCACGTACCTTCTGTAACGACTT,1523,50.49,Mus musculus
SEQ_840228,AAACGGACCACGTGCGGGGTAATGCCTTACCCGTCGCATTGTCGGCCTCAATATTGGCCCCGTCCCTGTGTGAAGTTTTGGCATTTCAGGGTTCCGTTAGTCGGAAGTTGACTCTCCAGCCCCGAGATAAGGTTACGCCGTGTAGTATCGTCGACAGCTCCAGGCGGCCCACGAAAGGACGCAATTCAACTCGTTGTCAGTAGCGCAAGCAGACGCTAAAACCTCAGGTCACTTTTCAGGCGATTTGCTCTTCCTGAGGTTGGAGGGACCCCTATCAGCTAGCAAATATATAAATATATTGCAGAGTTATCCTTACAAGCAGGCTGGGCAAACTCGCCGGCGGACATTAGGTGGGTTTTAGCCCTACTGTGACAAGACATTCCAAGAAAATACCACAGGGCACTTGACAAATTAAGATATGGTCCTCCGTGGGTGCGTGATTTCTTGTCTTGACCAACGCGGAACTTCGCCCGTTACATATTAGCAGGAATTAGGCACATCTTTGTTGCGGCCGTGCTGGCGTGCTTCCACTTTAATTATCCAGATTGACCTGACTATGCGCAGAACATAAGTTTACCCAACAAGTCTTCTAATTATACGAGCTCAACAATCGTTATTTGCACTCGCGTGAATAAGAGTGCAGACTTAGACATAGTAGTTCAAGGTTCTGGTTTTTACGGATTTTGTGCGTATGTGTCATTTCATCTTGGTGGGAATCTAGAAATTAGATTCTCCGCGCTTTAGTGTGGGAAAGAACACTGGAACTAGCGGCCGCGCAACATCGTTGACACGGCGGCGAGCGGGACGCAATTTTTCCCGGCATGAGTCAGGTAGGTGAACACTCGAGTGCCCTTGAGCCCCAGCCTCCCTGACAGAGCATCAATCTACATCAAGAAGTCAGGGGGTGATCACGGTTTTCGGAGTACTCCCGCTCAATTCTAAAAATGTAGTACGAGACCACCCCTAACTTGGCTGACAGCCGCTAATTTCACCGAGCAGGTCCGGCCTCTTCCTCCAAGCGCAACCGCCACAAAAAACTTCCCCGGTATAGTATGGAGGTAACGTGGCGTTACATTGGAATGCTATTAAACCGGGACTGACGAGCCTAGTTGGCTATTCTACGGTGCATTTCCCACCGGGCGATAGGTCCCGACGGACACTTGTGGTCAACGCCTCTTTCAACGGCTATGTTGTATCACCCATCGGCAATCGCCGTCTTGCTGAGGCGAGTACCGCAACCCCTAAGTTTGGGTACATT,1258,50.24,Homo sapiens
SEQ_507013,GAACATAGACGTCACTGGTACTTTTTTGTTTTCTATATGTGCAAGAGGGATGAAATGCGATGTTGAATCTAGAGATCCAGTAGGGCGTAACGCTGTTAGCAACAGTATCTACCCGCTGTTATCGAACATCTAAGCCGTACCTATATGCCACCGTAGGGCGCTGTGAAAGAACACTGGATAAACGAGGCGTGCTTGTTAGAGATTGGTGTTATGTAGGCTGGTTTTTTGGGGTAGTATTAAGGAGCAAGG,249,44.58,Caenorhabditis elegans
SEQ_469568,TGCCAACCCGATAAAACACATTAATTCTCGTGACTGCTAAGCTTTGATAGTTTTCTGGTTCAGCGACAAGGATCCGGAGCCCTACGTAACTAGACTTTGGTTAGGGGGCACCGGAGAGCGGCCGTTAAGCTTAAGTCGTGTACCGCTAGTCGTGTACGCACCTTCTGTCGTGTAATGGTGAGGCAACAAGGTAGTTCTTAAGGTCGATCGTATTTAACTGTGAATCTAACTACCTTACGTAGATATGGACGCACACTTGCTCAAATACCTAAGACTTGGGCTGCGTCACCGGTCCTCCCTCAACTGCTCGAAGACTTTACGACCGACCGTTTAGCAAATTTCTTTGGGTCTTAGACCCGCACCTTGTCTACAGGGTACACCCAATTGATAGAAACCTTTATATTGCATGATTATGCATACGAGACAGGATGTCATAATCGAGATTTCAAGTGTCCAGTGTATCTTGGTAACCTCCTCGACGATCTGAACAAAACAGAACCAGCCTGTATTTTACAGTGGTCACGTCATGAAGACACTCATCCCTCATTAGCCCTACTCACGTGTTATCGTAACGTAAGCCCCCTCGTACTTGAATGTGCAATGACCGGATATCAGTAGCAATAGTGCCGGGTTGGTGGAACACTGCGCGATACTGAGAAGCACAAGCGACACCCAAATTAGCGTGGGACACTCAGCAAACCCTAGATGAAGTTGGACACAACGTCAAAATTCCGGTCGCACGTTCGTGGGCCCCGGTATACGCAACGACCCCCCGTGTGTATCAGGCTCAGACATATTAGCTTACTGCACCCACTTTAATAGGGATGGCAGTGCTTCCTGACGTCCATCGTGGTTCATTCCTCGGGATACTAATTCCACCGGAAACGACAAGCCCACTTACTTTCCAACCTATAGATATAATTTGCCCATATGATCAGAGATCTAGCCGGGTTCATGCAGCACCTCCGAAGATCCTATCCATACCTTTGACAGCGACTCGCAGAGGTGTAGTCCTGACAAGCCAGATGGGTTGTCCTATTTCATTCTTTTGCTATTTGCGGTTATTTATCAGGCGGGCGATCTACTTTGCATGACAGAGCGAAACCATACAGCGACAGCTTGTATCTGAGGTTGCCACCCAGTTCTTATCATCCAGGGTTACACTCTGGACGTACATTGTTAAACAGCCAAAACTTGTCCAACTGAGAAATTTGCGCCTCTGTCGTTCGCTACTACAATCGAAGTGTAAGGGTCATATGTGCCCGACCAAGCTCAGCCGCCGGCGGAA,1288,48.06,Caenorhabditis elegans
SEQ_146943,TGCAGGTGCCGGATTGAGTGTCAGACCGCATCCACTGACATTGCCTCAGAAGCTCGCCAAGAGAGGTCTTGCATCTCACTACCCGGGGCTCCACACACATAGCTTACTAGGCGTGTGTAGAAAGGAAGTACGATATTATAACTAAACACCATGATAGGGAGTGTCTATGATCGATACAATTGAAAGAGCTAAACTGTAGTGTGGCGCCGGTATGCTCTTGGGGTACCCATATTAGAGGGAGCATATAGGTCGCACCCGACAACCCGCTTTTGTGCACCAGTGTTCTCCCGCAAATCGAAAACCCTGCGTAACACGTTCGTTGATCAGGCGGGGTACCTACTTGGTGGATCAGGACATACTAATGGGCTCTTATCTAATGCATGCGTTTGTCTCCTATCCGCCGCTGTAATAGACTCGGTTATATGATAGGGGTTAGCGGCCTTGGATCGCATGCACTTCATCGTCCATAGGGCACAGGATGTCTGAGGCGCGTAGATCCAAGATAGGTTTCATTGGCGCTTTAATATCACGTTTCCTGCTACGTCGGGTAGGCTATATCTCAA,563,49.56,Homo sapiens
SEQ_392261,TAAATAATTTGAAAGTAGTCGGCTACCGAAACAACTTTCGTAGAACTAAAGCAATTCTATGTATCTCATTTGCGTAGCTAGAGGTTTTCCTTATCCAGAAACACGGAACTATCACCCCGTCGATACCAATTGATGTTTTATAGATCTGAATAATCACAACGTAAGAGGATGGCAGATCAACTTAATGATTAGACCCTACTAGCTTCGCGCAACAATACATCCGTGATGATCTTGGCGATATCAGACAAGATGAGGGCGGAGCCAAGCGTATTTCGCTGAGTAAGAAGATGTCTAGGGATATAACGTTCTTATGTTCAATGGGACAGCGCAGTAGTAGCCCGTAGTACCACATGGGGTCCCTATTTGAGAGATCCGGTTCCGACGAGACGTGTGGGCGTAAACGCCATTACCGTCTTGAACAAAGGGGCTCTGTTGCTCGATATTGTGACCTTCTTAGTACAGCAAGAGCAAAGCTCCGCGCAGCTCGGCGATCCATTTCGGTGAGACGGTGTCCCCTACTAGTTGGACATATGCACAATTGACGAGTCGAACGTCAAAGTGGCGCTAGGGTGCACTTCCGATAGTTACCTGAGCCCGTCACCCTGGGGGTGCGACGCGCCGGTCAGAAAATCCGACGTGGAAGGCCCATGACTCTGAGCTTACAAGGTCTAGGCAACTATTTAGACCGTCAACAAACCGGTTACAACTCTAAAATCGGTCATAGCCGCAATTGCACGGCCGTAGGTACGCTCATTCAAGCGTGGAAAATTTCTTTTAACTCGGTGCACTTAGGTTCTTTAGCAGCTTAGCCAATTCTTTGCGCTTCGCTCGCCACACTTCAGCTAACACACGTTATGCGCCAGGCTACAAAGCTATCCCGCCCAAGTCGTCCGACCGTGCATCGAAGGTTACTTAATATCCTGCACTAGCTATATCGCGTCGGCCGAGTGGGCTTCGTCTCGATTCGAGCCGTGCTGAGAATAAAGTATCGATTCGTAGAGGGATTTCCCGATCATGAACTGAAGCGCCGTACACACCTTACGGCGCTATCTCACCTTTCAACTTGAAGCGCGTTACTATGTAGCTCTCGGGACAGAAACCGTGTCAAGTGCCTAGGAAAGTCGATGAAGAGGAACCTGGTAGCGTCGCTAGACGACGGACCGGGGGTTAAGCC,1174,49.23,Homo sapiens
SEQ_855766,AGAGGCCGCTTCAAGCATGGTAACCTACCAATGTGGATGTCTGGTATGTAACAATTAGTTTGCGAATGAATTACGGGAATGAATTAAACTAAAGTGTCGAATCTTCTCAGGGTAATCAATTAAGTGTGCTCAATTTCATATATCGACATTACGCCACAAACGCGGGCGTTGTCTGTATCCACGAGATTTTAACCACTGGAGATGTTGACTAGGGAAGGTTCCACGGTCGACGAATCCTGGAGCCATGCGCTTGGATAAATGGTTTGCAGGTAATGGTTCTCGCGACCCCACATTAACGCGAAATGATTGATCCACGATCAAATTGAGAGTCCCTTCAAGTTGACTACTGATGACTATGTATTCGTACAAGCAGAATTGATATCGTGTTACAGTCTATGTAGTAGCAGATGAATGGGGTGCCATAGACGGATCGCAAGGCAGGTGCAGGAGAGATAGTATATGACATGCACTCGGCGATGGGCGATCCTAGTGTGTGCCACTGAAGCCTGACCATGCCACAAGATTACAACATCACACCCACACGCCTATGACTTTACATCTGGGCGTGAATCCAGGCTGATCTAGTGCGTGAGTCTTACGAAACGCGTGCGCAAAGTACATGATTGCACTGGGTATACTGCCCCTTCACATCGAATTGAGTGTGAATGCTTGGGTTAAAAAGCGCGGACCTTACTGATCTGGTCCAAGGTCCTCTTTGACCCAAGCATTGTGGCTTGGCTCCAAGCCCTACCAGCTTCTCACAAGCTCTTTAAATAGTCGAAGAAGCTTCCAGGCTAGCGACGTGAATAATGGGCTGAGCCCATACTTTCCTTCACCTTTAACGGGGGTTGTGTCCAAGGGGTTGATGACTAATGGGGGTAACTTTGTACCTAAGTTGGGAACCCGTGTGGGTAGGTCTCCGGCCAAAGCGGGCTGATTCGCCGGCGTATCCTTTTCTATTATTTGATTAAATTTAACTGGTTCGTTGGATCGGAAGAAAACCTCCGTATTCTGGCGGCTTCAATGGACCTGATCATCCACATTGCCCTACTGTCTGCGTGACTGCTCAATCCGTTGTCTCCGTACGCCAAAAATAGATAGGCCAAGGGTACATGTCTGCTAAGCCCCTGTCGTAAACGGAGAACCGACCTTCTCCCGGTGTTACATAAGGAATAG,1176,47.62,Homo sapiens
SEQ_377821,ATGCCTGTATATTCAAGTCACGGGTCTCGCTCCGTATTTGCGATAGGCAGCGTCGCCCTACGAGCGCAAAGTGGTGAAGAACGTTACATGAGAAATCCGCTTACCAGATACAACACACCTGGTGCTCCGCGCTGATCCCTATGATACAGCACATTGGCCACAGGCCATGACGACTGGTCGGGAGACTCATATGACTGAGCCAACGTGAAGCAATAGTTCATCCATCCGGGCGAAGGTAAAAATGGCGCCGATCCGCGGGGGTAATACCTAAAGCCTTGAATATTTACAACAACGAGAGTAGGAAATCCCACACTTCGTTCTTTTACTAGGGTGCTAACGGTTTCTAAGTTTCCGGGGAGTTCATAGGCGCCCTTTGGCCGGACGTAAGTGACGACGCAAGATTGTTCAACCCGGACTCGATGCAACAACCGCGAGCCGTGATAAGATAAATGACAGAGTCGTGAGACATCTACGCCGAGTGCTTTATCAGTCCAAAACATCTTCAGTCTTTGCGCACTGAGCATGCCCCGTACTCCGTCATAGAGCTGAGGAGGGACGATCAGCACGGACTTCGCAAACTACCTGATACGAAGTCTACTATATCCAGGGATCGAGGAGCCCTTTGTAGGTATAAGACCAGGAGAGATATGCG,652,50.77,Saccharomyces cerevisiae
SEQ_745474,AAGATGAAAGCTGCGTTACTCGCTAGCCGTCGCGGAGGTCCCCTACCCAACGTATAATTCGACTGGGGGAGTACGATCGGATACTAACCCTGTAGCGGGTCTGCTAATAGCGTTCCATTCGTATCACGCAGCCCACTTAGATTTCAGCGAGTTGTAAACTAGTCGACAGTCCGTCAGGCAGTATCCATCCTATGATTTTTTGACGAAAGCTAACGAGCTTCCATGCGCACAGGACACCTCCTTCGAACAGAACAGTTTGGACGTTGCCAGAGCCGACGCTCCAGAGAATAGGTTTACGTAATCCACCCAATATTCTGACGGCAAGCTCGCTCGAATCTGATTTTGTCACAGACTCTTATCCGGAACTACACGGGATAACCGCACAATTAGAACCACACGTACTCTCATTATTGTTTTTCTTACAGTCACTCTATCAGCACCGACCTCTTTGAGAGCAGGACCAATACGTTGAAAGGTTTTTTCTGTGCTCTACGCGGACTTGCGGTATGTGAACAGTAAATGACACAGCTGTCTTAGTAAGACACCTAGTACTCCAAGAGTAGGTATACAGGTTTCCCCGCAATTACAGGTGCTAAGTGCTCTGCATGCGATGCGAATACGTGACGTATTTGGTCCATTCCCATTGAAACTAAAGCCAAGTCGCCTAGCACATTAGCACAATCCGCCATTACTTCCACCCTACGCGGCCTGCACATCGTCAGAGAAGTGAAACACACTGCGTTGCCACCTTTAGTATTATGGCAACTCAACCAAGAGGCCGAACTTTCTCTTATGCGAAACTCCCCTGACGGCTATGCCGAGTGTTACAGCCGAATCATAAATACACGCCCCCTAGCTATTCGTTCTTTGAAATCAGGTAACCTTAAGGTGAGACACTCCAGCTAATTATCTACTCCACAGTTGCACCTACCGTCCGTCCACAAAAATTCCTCGCAGGCAGCGCGTCTCTAGGAGTTGACGGACTGGTTCGTTAAAGTAGAGATATAGTCAATCGGCTCATCTCGAGGGCCGTATAAAGAGTTAAATATTTCAGACATTCGGTTCGCTTTGCACGACCATCGAGTGGGACTATGAGGATCACGAGTCATCATTCAGGTTGTCCTAGAAACTTTGTATTCCGACTCGGTGCGTGAATCGTCCTTTTACGAACTGCGATAGAAGCGTCTTGTTTTGGTCATATGGCGATCTG,1210,47.69,Homo sapiens
SEQ_249701,AACCCAACCTGACGAGTATTATAACACTCGAATTTAGACTCGGGGTTACTCATCCGAATTGTGCTCCTTCCCTAGCGATTGTGGGCGGACCGCCTAGATTTTCACCGAAATACCTGACTATCGGACCAGGTTGCGGAAGCCCTTGTACCATCTTAAGCCAGCAACGGCTGGTTGACCAAAAAAGCGGGGTGACACATACTTGCATGAATGCGATAGCATCCCCGTCTATCAGGCTCGCTCGCAACTGGTCCGCACTTTAACGAAGGATGCGCAGAGGATCCCGGATAAATACCGATTATGAGGAGTGATCAAACCCTAGAGTATGAGACCATCCGTTTTGCGAGTGCGCTTCCCCGTACTGTAACGATCTTAGCAAGACTCAGGTCTGAAAGAAGTGCTAGGTGGTGTACAACTATACCTACGAGGTTAATCAGT,435,49.43,Caenorhabditis elegans
SEQ_250432,TATGGAATATAACGAGGGCAAGGCAGCAAGAAAGCAATTACCGCAGAGTTTGGCCGACATAGCGGTCGAATCGCTTCCATACGGGACTTCGTCTGAACGAATATGCCTTCCAAATACAAACTTGTGAGCACTGGTAGTCCAACTCCTGCGTAGACGGCGACATTCTCATCGATTCTTGATTACATTGCACTGCTCAGTGGGGAAACACTTGCTTGAAGTATCTAGCAGACCTATTGCCTCAAAGTCCTGAGTTTCTTGGCTTTGCACACACCCAAACAATGCGCTACCCAGCTGGTCGCTCTTGCACGGGGCGCACGATCATAAGCATTGTGGACTGATTCTATGGTACTCCGTAGAGATTTACGGAATCATTCTTGACGTCCCACGACGTTGAGCAAGCCGCAACACCCCCTAGGACGGGTTATGTTGTTCGGGGGAGGCCTGCTATCTGTGGATTTAATTATTCTTGGGCAGAAGAAAACTGTCCATGGTACCGGGAGCTGATCTGCGCTTACATGTCTGTCTGGAAACGATTTCGGCCGTTATACAAACGCGTTAATGTTTGACAAAGGCATTCAGGTGCCGGCTAGGATTTTTCCCCTACTAAATTCGATATAGAATAACTACCCCCGCTGGTACTCACGTTTAGAATGTGGCAGGACTGAACTATATAGAGATGCCGTGTTTTCAAGTATCTGGGAAAGATAAATACACCTTCACTAATGGAAGTAATACCGATTAACAGAA,747,46.85,Escherichia coli
SEQ_418096,ATATCAGGGCGGCCTACTCACTGCTTCGCCCTTCCTATATCAATATCACGCGATCAGAGTGCACTGGGCGGCAGCACATAGCTTATAGCTATACTTAAGAGGTTTTGCTGTCAACCTCAGCTAGGCAAGGCAGCTAATCGATCGGTCGAAGCTCGTCTTCCCTACAACATCGTGGCCTCGTCATTGAGCATGCATTAACGGGGGACCGATACTAATCCGGCGACGAAAAGGGATAGCCGATCACGAGAGAGTGACGTTCACTTGATGATAGATTACGTGCGTACTCCTTTGTCTGTAACTAATGTCGGTATTTGACGGTGGATATCGGGCGGTGTCACACAAATTTCATCCCTTTCACTGGTACACAGACCCGTTCGCGAACCCATTAACGATCTCCTAGGTTCGCTCAGATGGCTCAGCGACTCGATCGGTTGACTACGTCGAAATAACCGCGCCCGTAGTGAATCTGTCTTACCCCTAGATATTTAGCGCTCTAATCGACTGGCCTGGCGATAGCAGAGTAAAAATCCCACAATCTGAAAACTTTTCGTTAGTCCTTGGAGTAAGCAGGGCACAATTGGGCTGATTGGTATGACATTACGTCGGGGAGTTTAATACTTATGCGTCAATGTCCTCGTACTGGAAACGTTCGAACATCCGAGACTGCCCTGGCCCTGATGCCACCTGTTATAAGCACCCTGAAAACGACGTATTTTGGAACAATCATTTCGAAATCTAGCGCGATGACAACGCGGTAAATGAAAGTCAGTTTCTACCCCGCTATCTAATTCCCATGCATGATACCGATAACTTCCGTGATATACCTAGTTTAGATGAAGAGCCAGCGGAGACCCGACTGGCCGAAGGGCAAGAGGCGGTGATGTGGAGCTCGTCGAATTCCCGAGAAAAATTATTTTAGGTGGCTAGCTTCAAACATCGCCAACCGAACAGATGGCTACCATGGGAAGAGATGATCGGCACATCCTCGTGCACAAAGTCTCCCCCTCCACTGTCCGTCTAAGACCCCACTAAGTGTTCTTCGAAGCCACTGTATAATAACCAATCTCATGTTACATCAATCATTGGACACTCTGTCTTGTGATTCGTCTGAGGATTGTGGCCGCTTACTCCTTGCGTCCGCAACACATGTAATGGGCACTATCTCTCTACTGCTGGACGTCGCAACGCACCCAAATTACTTGGGTGTCACAGCGCACCGTATGGATAGCTGCGTATGCGAGTGTCGTATGCTGAGCAGGCCGATAATTAAGACTGGGTTTGTGCCAAGGTCGCCGCGGTTAAGGCCCTTGAGCTGCCCCGGGTAAAGTTCTACTTACTTCGTATCAACCATTTTTGCCTCGTTTCTCTTATCAACCAGAACATATTCTAGGAATGGCATGCAAAGCTATTGGGTAGCCCCATATCCCGCGGGTCTCTATAATGCCCAACTTTCGTCACAACGTGTCACCATCAGACCCTCTGAAGGAGGAATCACCATAGTCCAACGTGGGCAACTCCCAGATAGAACGGCGCTGCCTA,1539,49.32,Homo sapiens
SEQ_667450,GCTCATTCCACGGGAGCCCCGCTATGCGGAGGCCCTATCCCCTGGCAGTGGGCTTATTGAGCGCGTGTAATTATTCTAAGAGAATCTCCTCTAGATATTCGAATGTACGTTCATGTCCAGGCTTAGCAATGATTTGACTAGTGGGTCTAACGTCTTTTGTTGACGGTTACCCCTGCACC,179,50.28,Homo sapiens
SEQ_613645,AGCGAGAGTGTCAGGGTTACTCAGAAAAGAGGGTAATAGTCACTGCCGTAGGGTACAGAGATTGTATCCCAGTCGGAGCTTTGTTTATGTAGTTTGTCGGTTTCTAGTTTTACACAACTAACGCTGAAGGCACTATCGACCCATCCAACCATAGAACCCTAACAACCAAGGAACCTAGTACCGCTGGCTAAATGGGCGGCAATACAGTAAAATCTATCCGGGCGATCCTTTGTTCGCCATTCTTTCATCGGCTACGGGCGCAGCGGTAATCCCTCTGTTTAGCATAGTGGCAACGAGCTTCTGACATTATAGTTCGGTTAGACACGCATGAATCTCCTGAAACCGACGTAGACCCTGATAGAATACTCGGAATTCTCCACAAATGGCGTCTGCTACCTACGCGTCGACGGATTAAATGTTTTAATACCCGATCATCGCCACCGGCCGACATGCAGAGACTCTGGCATGATGCATAACAGAAAAGTACGCCCATCCTTTAGTCGTCACTATAGGCCACGAAATCGCGTCCGCCCCTAGTGTGCCGGCAAGAATTATAGACGTCAGAACTCCCAGACATCAACCATGGTACGCCCTTATAACCAGACACATATGGTGGATCTGAGCGAAGTGATAGAAATGGTGCTGAAA,648,48.15,Mus musculus
SEQ_992582,ACAAGACCCGTGTAGCAACTGCTAATAACTCGTAAATCAGGTTGATAAATGTAACGGAACTACAATACTTGGAAATCTTCTCTTACATCGACTCCTTCATTGGTCATCCGGTTCGCGATGGAGAAGAATTTTGAGGGTACCGGCTCGGGTAACGACCTATCAAACTTTAGGTGCACCACAGTATCTTGAAGGCCGGAGTAGACCTCAAGAAGACCAGCAAGAAAGCGGGTCGACACCGTTCACAATGTGTTAGCTCTGAGTGACGGAGATCGGGGTGGGGTAATCTCCAAAGCATATCAACCGTGCAGATCCTTCAGCCTCGTTCATGTTTCGGTGCAGTTACTGAGAGGTTCCGATAAACGTAATGTCTGAGGAACGATCAGCCTCAAGTAGCCACATGGCGGGTCCTGTAGGGGCGTCGAGACGGTACCAGTTGATGGCGGACTCAGGCAAGCGTCCCCTTCGGGTAGGTTGTCAGTTGACTAAGGCATCCCGTTCCCACGTCCGCATAGCTCTCTTCTTCGTATTGTGTGGCGATCAAGTTAATGGTCTTTAAGTTGCAATGGCCATAACGTAATGTTCGCTTCGAACTCTCAGGAATGAACGACGTGAGTTCGTTCGAATACCACCGTGAACACACTTTTTGACATCGTGGTATTAGCCCTTGATTTCCCCTCGCGCGAATTGCGTCATCTTTAGTTTATAACACTTGCACAGCAAAACACCCGCTATGGCCACATCTGCCTAATTCGGGGGCTTTGTGGATACAGATTGTTAGTGTCAAGGAATCCTAGGACGAGATGGAAGACTCCAAAATTTATTCACACGCACTAGACGCATTCACCGACCTCGTACCTTTTCGTCCTGGCTAACCTCGCGCCTCCTACAAGGTTTTCGACCCGCCGGTCCGACTCTCATGCGTAACTGTCTTTCCTACATAACTCTTGTAAGGCTTGATTCGACCCCGTTGTTCTCGGCAGCAAGTCTAAATGGGGTTATCTAATCATATTTGGTCAGGCAACTAAACAAAGAGCCTGAGAGGCGACCACGGTGAGGAGATCTATATAACGAGTTTCGCCCCATTGTAGGGGCTATCCTCAGGCAGGCGTGACCAAATCTATTAGCCTTAGCTTCACCTAGGCCCGCTGTCATTTCGTCGTTGCAAACCCAGGCTGACGACAAAACGGCGTTGAGTTGCTGAATAGTATTCATATCACTCTGAAACGAGTGTCATAGCCCAGAATGACTGAGCGAATACCTTGGGAACTTCGACTCCTGCGTGTACCCAACCTTTAGCGGGCCTGCGCATATACCGGGTGGTTCGTGATCCAGTATACAGCAGGGTTGGATTCCTTAGTGTGATGCTTCGTGCGGGTTAACGGCGTCTGTTCCGGTATCAACGGTATTGCAACCGCAGCGCGCAAGTAATACGTACAGCAAAAAGGTGTTCAGTGCATACGCCAGTATAGCTCTATCTCATATGGTCTTGATCTCGATTACATAAGCCGCATTGGATCGTGGC,1522,49.21,Arabidopsis thaliana
SEQ_305199,AGATTCGCAGGTACGTACCTATAATTACCTCGCAGCGATGGCAGGCATTATCAAGGTGTCACTTCACATGGGGATTAAAGGCACCTGCTATGGGCATTGGGTTCGAACGCGAAAACAGTGGAACCAACGTACCTCCGGATGTCACGAACGGGAGGCGTATACGCGTCTAGCTGGTTAAGCGGTACTTCTTACCTTACGACCAAATCTACACAGGCTATATGCGATCCCAAGCAGAAGGATGCCTTACGGCGCGTACCACCAGTCCGTCTGGTCGTCCCGGCCGCTTCTTTTTCCCTGTTCAGTACAGTTAAATGCCTGGTCAATTGTCCTAATCTGCTGTTAAGGTACTACCGAATAGCAGTCTAATTCGGCCGGTACTTACGAAGGAGTCCGCGTTATTGAGATGCCGATTTATAGTGCTCACTGGCATGGGCTATAAACTCCGCAAGATGAGTCTTTGCTGCTCACTATTTATGCCACTGACTGGCCCGGCCTTTGCCTGTAGCAGTGATTGGAACATGTCGCTGCCAAGCATTATTCCATTATCGCCGGATCCAGTGAATTGTCTAACCCGTGTCGCTAACCGTCGATTTCGGAAACGTTTGGTCCAATGCATCAGTTATACCGAGAGCCTGAGCGAGGATCGATTCGACGTTACCAAGCAAGGTCGAGTCGGATCCTAGGGGCGAAAAACCCTAATTATACAGCTAGTCAAAGGCTAGGGGTCATGTGGAAGAGCTGGGGCGAACATCATCAAATAGACCCTTGGCGTCATTTGTTGGAATGCACATAGATCTAGCATCGCAACTGGTTACACTCATCACGTAGGCAAATGAGGCCAATTGCCTGACTTGGTCGGCGGCTAGTACTAGATACATCAATACGACTGCTCAGGGCCGAGTCCAAATGCACAAACTCCCCTTGTAACGCTCTAGGGCTCATAAACAACTCCGAGGGTCTTCCCCCAGGATGTTCTTGAAGGTAGCGCATTAGGGAATCCTTCGCTTCACGACTTACCTTCAAACCTGGTCGTGGACCGCTCAAAGCTGGTTGGTGTGTGCAACTTACTATATTAATGCATTTGCACTCTGTGTGAAGCGGAAGGCCATTCTAACAATTGGGACCGCTGTGCGACCAACTGCGTGAGAAAATTACTAAGATACAGGAGTTAATGTTCCTAGCAGCGATTTGACTAACCTAGCTACTGCAGTACATTACGACAGTGCTTTGCAGATTGTAACCCAACACGACGCGCAATGCGAAATCAACATTTAAAGCGGACCGAAGTGCTGCCCGGACAAGAAGTGTCGTGTTTGACCGCGACACCGCTACCCGTTTTTGTGTCGAATGGAATCATCCTCAGCTTTACGCACAATGCGGGGTTCACCTCA,1391,49.53,Arabidopsis thaliana
SEQ_484660,CCCGTACCAATGTGGTTTATATCTCGCTTGTTCATTTTGATCCGTGCTTACTTGGAGGGACAGTACCCACAAGCTGATACTCGCGATTTTATGAAAAATCCTGTAATGACTGAGGGCGTGGTGATTGCTACCCAGCACTCACGGAAGCTGGGACACCCCTAGAGTTATACCGCCCGCTTCTTTGACGAATAGTCAATTTCGAAGGGTACCATGAGAAATTTCGGAGATTTGTATAACACGTTCTTGCACACTTCCACGGCTACGCGTAAGAAAGTTACTAATGTCACAAGGGCGAATAACTATCAGCTACCTGATTGTACAGCACAGTAGATACTATAATAGAACTTCCAACAAAACGGGTTATACTAGAACTGAAAAGGACGAATCCGAATCCGAAGGCCGCCACTGAAGATCACGTCACACCTGTAAATCCTACAACGACCCTGTACTTACCTCCTACGTGGAAAGCGCTAGGGAAAGGTGATCGTAGTTATCCACGTTTTTGCAGAGCACGATACGTGTACGGGCGTCCGTTCTTCTATAGAATATCGTGAACTAATCGTTATTTAACCTATAATTCTATCCCCAGTAGTCGGTGGCTGCAGAGACTAAGCCCCAAATAAAGCCAGGGTCTTTCCACGGGGAGCTAGTGCACCATGTTGGAAGCTGTTAACTTGCGAGACGATGCGCTTTTAGCACTTATCTTAGAGAGACTCGCAGATTCCGTGTCGGGTCTGATGCTCTGCTTTGGCTGGTGGGCGTCCCTCCTATGGTCAGTAAACCTGGGATGAGTAGGACTTTTGGAGCCGTGTGTCGGTGGCAGCCCGATAGAGATCAAGCCCGTAAATCGTCCGCCGGGTGCCCGGGCTGAGAAAGTCAAAGTGATCTCCGTGCACGGTGATAGCGGTCGATCTCAACTACGGAAATATGAAACAACTCTGCGTGCTCAAACCGTCTCGTGTTCGAACCCTTGAACCCCCGTTGCTTCACGGATTACCGAAGTCACGGTATAATTAATACCAGATCACTCCATACCTGAAGGTCCTGGAGCTTAGGTCTAGTAAGAGGTGCTAGTTTAATGGGGTAAAAATCGATTCCTCTTGAATCGGTCCAGTTGGTTTGTGGACATGTAACAGAGAACCTAGAAGTGCAGCCGAGGTACTAGGGAGAGCGAGGGACATGCCCCAACTGTAGCTTTTTA,1201,48.13,Escherichia coli
SEQ_406945,GCTTAACAGGACATCTAATTGATATCCAACTTCTCTTGGGCCGTCTTACGGCATATGTGGAAGATCCCCGGCCGTATGGATGACCACCATCAATCAAGCGATCAATAGAATTGAGGATATTGCGCTGTTACCGGTATACCCCAAAATGAGCGATCAAGTTTACTGTAGTTTCCTGGTGAGATGATGAACATTAGCCCCGGGCTCCCGTCAACATTTATTTCTGGATGTTCCGGGCGCCCTAGCCTTATTGATCTCGAGAAAGGCTAACTGGTCCAGGTAAATTGTCGCTTTTCCTATGACGTCACATTTAAAACATGTCGCTTGCGTAGATGTTTCGACTCTTGTTAGAATCATGTATTTGTCTCGAACGTGGCACACCGCCCTGTATTAGGCCTCGCGTTCCGACGATCCCGGCAGTCTCGGGACTTCACCTTTAGGTCCTCCCCACCGTGAGTATATCCAAGTTAATGCCTTCCAACACATTAGACGGT,491,47.66,Mus musculus
SEQ_450929,ACGCGTCGATGTACGAATTGCATTCATTTTAATGCTCTCAACTACTAACGAGTCATTTGTTGCTGACGGAGGTGCTCTCGTCCTTTTTTTTAGCTCTACCACACCTACAATGAGGCGTTCTAGCATCAGGTAACACCTACTTACGTGAAAACTTGTGTGGTTCTTCCGCGATGTTAATAGCAGGAGCGCCCTTATCACCACTTACTTGAATAGGTTTTTCTCAACGTTCTTCTGTCTTAGCCCTTTAATGTTGCGGGACAGAGAGCTAGGAGCGTGCAAACCACGGGATACGCGTTATCCTTATTAATTGCCCTGCTTTCTGCGCACTATCTGACTATGCCCATCATGAACGCCACACAAACGCCTCGGGCTTTCGGACATATATCCAATTATCGGCGCATATGTGTATAATTTACAGTTGGACTCCGCTAGTCATTAGATTGGGACTAGCACCCATCACGAAAGGGAGGTCTAGGATTCAGGTACCGTCCCTCTTGTCTTTTCCCGCTACCACGAGCACCCCGTGTGGGGTGCAGGGCGCCCAGTAGGTGCTAGCGCTATCCGGAACTTCCAGTCGTTCCTGCGGGCGTAGAGCGTGACAGTGTTGTGGGGTCGACGCTGGCCAATCGCACCTGTTATAACGGACGCCCGGATTTATTGTTGGGCATGTCAGATGCCTTAGAAGGATGTTAAGCTGAGAGTATCGCTATCTGCTGGGGATGTCCCTGCACGGGACTGCAGATCTCTAGCAAACGCCGCGCATGGGACGCGATCACAACGAGTGGATGCTATACGAGGGGAACTATCTAGAGCATAGATGGCCACCCTTGGTAAGAGTGCTTCTGTGTTGCGTGGAC,857,50.64,Mus musculus
SEQ_394329,CTTGAAACATGCATGGATGTATCCGCATTGGAGGTACATGGGGAGTGTCTTTAAACTCAAAGACAAACGCGTGGTGTCGGCACAGATGCTGAGGCACTGACGCGGTAAAAGGCATCTGCGCACACAAGCCGAATGCCCGCAGCTAGTTAGGTGGGTCTGGGTGCGACCATGCATATTTGCAGCAGGAATGCTAATACGTACGTCTGTCATTGAAACCGGTGGGGCCACGGTATTGCAGCTTGAGATTACGCCGACCTCGGCTTACGCCGCTACCTTTTTTGTGATCTGGTATTGTCCCGTGGCAAACTCAGACTGGAGATATACGAATACTTCAGTACTACCTGCCCTTTATTGCCCCCTCTCTACTACTCAGAACCATACTGAAGGGGGTTGCATAGAATTAAGGCGACACAAATAGTAGTGCAATCGTGGGTAAGAGACATAAGCGTCGTACAGGTGAAAGCAAGCCACGAAATTCTTCCAAGAAATTAATAGTTCCTGCAACAACAGTAGTGTGGTCATAGATCCCTATAATGGTTACTCGGTAAGCAAAGCTAGATAGCAGATTGTACCAAGAAGCCTTGCCTGCCGGACTACCGGGTTTTCTTAGTAGATAAGAGGTTTATCCCGCGGGGTGGTGTGCTCCCCGGGTGAATACTCCCCTAAGGAATAGGGGGTCGCAAGCAATGGTCCAGGGCTAATAAGGGTGGTCTGTCTCGGACATAGAACTCAGTTCGGCTTCAAACTGCCAATCCGCCAGTTGTGCATGTTCCTTAGTGCTTCACCGTCTGGATGGCCCCAGAAGTTGTGAGACTCACAAGAGGGATCAAACAGAGATCGCAGGACACCCGGATTAAACCCCCCTTGTATGGTCTGATTAGCGCCCGTGAAGGAATTGGAAGACCACGGGAGGCGTAGGGGCGCGCAGGTAAGAAAGCTTGATTACTGATTGTTAAGGCCCGCACTTACAAGCTACCCTTCTCGTTGGAAGCCCTCAACCCTGTGTAAGGCGTGGTTCTGATTCCGCGTTTCCTCGACGGAGCTAGGAATAGTCTCCCATCCGGCGGTTGCGTTTATTGTACAGACATGTTTGCATCAGGTATTCGACTTGCCCGTTTTAGGTCACATAGCATAGAAAGTCCTTGATATCCTTAGATTTAAGAGCACTTGGTTAATATGACACCTGATTGGTCTCGCAGCGTCTACATCTTCGTGCCGCGGCTGTTACCAGGCGACCTCCTTGACTAACCCGTGCTGTGTTTTTCACCGTCTCACTATGGCGCCCGATTCTTGGTTATGAGGGGCTAAAAGAAATGACGGGGCCTAGGCCTCCCGCCTGATGGGGGCCCAGGTCTGACTACGAGGGTTCCCCCGTTTAGTCGGTAGTGTTACTTACAATTTGTCTTACAGACTAGGACGACTCATTCCCAAGAATGTCAATGGCCTGTACGCCTTGGGAGGGGCCTCACCTCTAAGTCGGTCTGATTCCCGCCATCAAGACCGGTGAGTACCAACCATTGATAAATTAGTTGCACGTGACCGGTGCATATGGCGAGATATAAAGCAAATGGTAACCGGGGCGCTCATGCAGCCACGGGACGATCATGTGTGCCTACAACATACCATTGGCCATCATTATCTTCTCTAGGGTAAGTTTGGGAGTATTGTCCGTTACGGAGTAGAGTTCG,1688,50.47,Saccharomyces cerevisiae
SEQ_485401,CAGCAGGTTTTCGTTGATGACCTAGCAGGCCTACCCTCCCGTTGCGAGTAGTCACAGTCTTGACGAGAACTTTAGAGGTGAACCGATGGATTACCCTCCTGGAGCAGAAGAAGGCTTGGGCGAATCATTAAGGGCGTACGAAAGATAATTAGCGGCCGTAACACATACTATTGAGACCAGAGCACCCAGCACCCGATGAGAGCAACCGCAGGGGATGAACAAAAGCGTGATTGTCCTTCTGTATCCGCTAACCCAAGTTCCTAATTCTAAATCTAACGTCGATACCCGCTACGTGGAGCGGACTGTAGTACGCAAGCTACGTCCACGTGAGCAGTCCGCAAGGGGGGAGTCGTCCTACTGTCTCAAATAGGTATTCACGGCCATCCAGTGAGCCTGCTTAGAATCGTAGGCGGTCTAGACACCGTGTGAGTATCGTGCCGTCCTAAAATCTCGTTGTCACAAGCCATTCATGTCTAGAAGGATGTTAGGCCGGACTCTTCCGCAGCGACACATCAGCCCCAGACTCCGCCAATTCCGCGAGAGACGGCTTTTTCAAAGCATCTGGAAGCTGGCGCCTCAGGTCGTACGTGTTAGGCCTACATTCCCTGGAGAACTGTCACTCCAAGGAACACGCAGAACCCGGAACGGGTCGCCTAGGGAAAGGGAGGCCCTTTTACGTTGTTCTATCACTCTCCTAGGAGTGTCAATAAGGCGTTCTTTCGGCACCCGCAAGGGTATTGATTGCTATTAAAAGTATTAGTCTACCTTGGTGGTTCTGAATTCTCCTCGTGAGCCATGATGAGTAGTACACACTGAATACCCACCTTCTCCCTAGTAGCGTATGACTCTAATGGATCTTTATGCTTGGTAGTATGTAGTCACGGTGCGTACTATGAGCCTGAGTCTAGGTTGCGAATAAGATGGCAGCGTCGACTTAATTCTAAGTGAGTTTGGCCTGGAACGTTGGCGGACCTGCATAGATTAATACATTCGTTTTAGTCTGCGCGACGAGTAATATTAATCCAAAATGCAATAGACAGAACCTGCTGTCTCAACACATGGCCTGCAGGAAGCATATGAACAAGGCATCGCGCTATCTCATAGCTGCTAAAAGCTCGATGGGAG,1125,49.96,Escherichia coli
SEQ_208451,CATTTGGCTAAGTAGTTACGCCGATTGATGCAATCCATGCGGCCGCGACCTCAACAGAGGGCTCACGTACCTTTTGACGGAGGGGGTTTCTCTCTTATAGATTTTCTAATGGACGCGGATGTCTGAACAAGCAGATGGAAGTACAGTATTCATCTTAAGTCTGTTCCGTCGCGCTACCCCTAGGTAAAATAAAAGTAGCCGCTAGTCACCTACAAGGATGAACTTTTAGGTGGCAGTCGTGGCTACGTGAGAGCTGCGACCTGTTGCCAGCTGAAGACGACCCATTCTGTGTTCATTCAGCCGAAGTCCATCTTCTCGGGTAGTGAAGGCTACAGGAAGAAGCAACCATGTATTCGAACTGCAATAAATCCAGCGGTAGGTCGGCATACCGAATTAGATTAGGTTGCTATTGTTGGAGGTAGAGGGCCCGTCGCGATATCATCATGAACGCTATGGGCTTAGATATGATCTAGAGCGATGCATGCGAGTAGTTCCTGCCCCCATCATAGCCGGCCAATTGCTGGCCTGCGTGGAATGCAATCCGGCGAAGGGGTAACTAGGACACCCCTCCTGCGGGACGTCCTAACCCGCCTACTAGGCCGCAGAGATGAGTTAATAGATAGGCCGAAAGGGAGAGTACCTATATTGAGTCCTCTGGGGCCTAGTCGCCCCACCAGTCGCGCACTTCCATACACAAGAATGTCCCTCACAGCATAACGACAGCAGCTGCCTCGCGTGCAGAAGGTTTAAGCGCCAACCCGGCCTGCGAGGCCACCGTTCAGCGTAGTTCTTGGTCCTGTATCGAAGGGGCTTTTCACGCTCTTGATTGACCAAGATATGTGATAGAGACTCATACAGAGGGGGTAGAGGTTTGTCTGCTAGATACGAAACGACTCAACGTCATACAGCCAGCACCTCAGAATAATGCGTCAAACATAGTCTTCGAATATTCTTACTGCGGCATTGGGCACACGATGCTATGATAGTTGTCGAATTTTCGCCATGTGGCGCGTGTAACTCAGATGTTACATTGCAGAGCATATTATAAAGGGCCCAGACGCTGCGGAAGGTCTTTTTGCAGCGACTAGTATGATCGTAGTAGTGAGTACACCCCCGAACATAGTATAATGTAGCCTACGTTGATCGCCTTTCGCTCAAACAGTCCCCAGCCCGGAACGACGGCCCCCCAGACTGACCCTTATTC,1204,50.91,Drosophila melanogaster
SEQ_658882,AATCTTATGACCGTCATCGATGGAAGTAAGTTAGTCGACCTAGATCGTAGGAGGTTTTGCTGCGGAATCACGTAGATTTAAGCTTTGGTGATTCTTGGGCAAAAGCTACCACCCTCTCAGCCCCCAAGCAGCTTTCAGCGGAAGAAATCCAACACTCCCGAGTCTTCGCCTATCGAGTAACACACAGGTACCGCCGAAGGACACCGTTGCAATTGACCCTTGAACTAGACAACCCTAGGGAGAGCTGCTGCTAGGGTTAGAGTTACCGAGGCCAACGCCTTCACCTGTCCAAGGGCTGAGTACACAAGCGGTTCTGGAATTTCGCACGTAAGTCTATCATTGTCATCGCAGATATACAAGTTTCGATTAGGCCGCCTGGTGAAATTTACAACGAACGCGCACGAGAACAAGGGTTCGTCGGAGATTATAGGTCCCCCGTAAGAGTTGGCAGTTGGAGTCGGACATGCATTATTGAGGATGACGCGACTCTACCAAACAGAGGTACCGCCCGACAACATATCAGGAATTTCGTGGTGCCGGGAGACTAGCAATTGTGCGGGAATTTAGACGCACCCGTTTCCTAGAGCCGTGTATGTAATATCCCTGTTTATACTCGGCTACACCGCTGTTCAATACGCCGGGTAGTGACCGCCTCCTCGATCTATCGGTTATAAAGCCCAAGGCCCGGGTTGTCTGGGGAATTCGTCACTCAGATGCTCGGGAGCGAGATGGCAGTATAAAGCACTCGTTAAGTCGACATCCCATTGCCACTAACCCTTATGGTCTGACGTGAGTTTGTGGCTAGCAAAAGGCATAAATACATTTATAACAGATGATGTCCTTTGGTGCACCGTGGGAGAGTCGAATTGTAGTTTGATAATGTGAGGACACAGTTCCTTTTTTGACAGGCGCCCGACTCTTCGATCCCCCGTTAGCCCGAAGATTCGCTACGATCGGTGATTAGGGATCAATGACTAACCGTGTGTTGCGCCTTACTTGCTCCGACTGTTACCGTTGCGTTGGACCATGGCAGTCTTGAATCCGAACAAAGCATGAAGCGGTCCCCACAATTTGGGTGC,1079,50.14,Mus musculus
SEQ_604860,TCTATTCAATCTGGTATCACGAATTGTCTGATCGTCAGCAGGCGGTCTAGCCTCGTGATCTCCCGATCTGCGGGATTCAGATAAAAAAAGGGCACAGAAATTTTAAGACCTCAGACTGGTCGGCGAGACAAGCGGCCCGTTAAAGTAGGCTAATAAGATACGTCCACTGCGCCCATCAAATCCGACCGTATACAACATCGC,201,48.76,Escherichia coli
SEQ_910126,CCGATCTAAATTAACCGTACAAATTCGATAGACGAGACCGTACGTCAGCTCGGAAGGCGAGCAGCCAAACCCGCGGATTCTTGTAAGACGGGGTGATCACGAAGGTACTTTAGGACAATTTGAGCAACGAACGTGAGCTTTGACGCGCTGAATGGACCTAACAAGTCGCAGTTCTAGCAAGAGGTATGACACGCGTGAGCGGTACTTCGGCTCTCTGTGTATGCGTATGATAACTCACTGCCAGGATCAAGTCTTTATTGTAGCTTATCTAAGAGTGCCCTGAGCCGCCGTTCGCATGGAGCTCTAGCCGTCCCTCGAGCTTATCCGGCGGTTCACGAATAAGACGGCGGGTATGCGGTCAATTCAGTTCACTCCGCCCAAATTCTGGGTCGGGAAATTTGTGCTTGCACCTTTCTTCGGGAAGGAATCTAGAGCACAAACTTCTGATCATGGTGCTACTACCCCCGCCCCTTTTGGGTGGCGGTTGAAACGCGGTTACGGGGATCGTAGAGGGTCATAAACGCCGTTTTGTGAGAACGGTATGAGACAAGTGCACGCCTCGCAAATCAGATACGAGGTTTGGGAGTATACACTTGAAGTAGGCTAGTGCTTAGGTGCGGAAGAGTCGGATACTGAAAAATCCGACAAGCGATTTATGCTTGAGGTTTCACTTTGCTATCCATCACTAAACGCGGACAGCGATCAACCGATGGTACGCCAGCCACTTGTGGGTACCAGGCGTCGCCTCACCGACTTAACGGTAAACCTCTGCTCCTGTCTCGGTGCTTGCGTCTACTCTAAATTGAAAGATGCGGTTTGGCCGGGGAGCCGGCGTCGGTGGTTGCAGTACACGCTAGTAACAGAAGGGCCCCAGCCGGGGCAGGACCACATACGGAGCAACGTTGTTGTAATAGTCGTTAGACATTGCGGAGTCGGGGATTACGGTCAACATGGGATTCTGCC,963,52.23,Caenorhabditis elegans
SEQ_537113,TTAGACTTTCCTTTCTTTCCTGCGGGGGCCACATCACGTTCGCTCGATCTGTCTGACCCTGATCTTCACGTGTCTCCCCCCAACGGACGTGCATACATGCTATCTACTGGCAGCGTGGGTTCGTGCTTGGTGAAAGATGTGTGCCGTAAAGTCTCACTCCAGTTACCGCCATAGACCCAATGATCTTTAAATAATACCACGAGGCACTGTAACGCCAAATACGCCCTCTGTTACGCCGCACTCTATTTGCATTAGTAGACCTCGCATCAGCTACTCTTTCCACAAGGTTCCGTCACATTACGGCAGGGATGCTTCCTTATAAGGGCAGAATCGTCTTTGCTGTATTAGCGACGGTTCGGGCTTATAGTCTTCACCCTTACCCACGGAAGCGTCACACACTAGCCGGCGTGGCGTTCTATTATAAATATCTAAGCAATCCCACAGCCAGGTTCAAATCGTCGTGCCCGTAAGGATTAAGGATCACTGTGGTACTGTATGGACTAACGGGACCGTTTGACTAACACGTTTCCAACGCGGTTTCTGATTCTAGGCAGTCCACCAGAGTGGCTTGGGTGTAAGTGCGAGGTGTTATTCCAACGTGGTGCCATTGCATGGATATATAGTGGCATTAAACCATTTGCGAACACGGCGGACAACCCAACTAGGAGTACACGTCCATAGGGGTCGCCAGTGGCAGGTCTCATTCCTTGTTGACAGCACGAAAAGAGACCCCGAAATTAAACAGTCTCGAACAGTCTCCACGCGCGACGGGATATAGAAGTTCTCCATCCCCCATGGTGCTGCGCGAGAGTATGTAGGAGCCGTCTTCCGAGTATGGCTAAACTTTTTCCTTCACGAGGCGGATGCATGTACTTTTGAAGTTAGCCACATCCGTAATGGGCGGTGTCGCGGTGAGTCTGGTTTGCCCCAGCTTCTATATTTTAAAAAGCTAGCGCCCGTCGCCCAATGTATGAAAGTCATCCCCCAGACCTATTTGAACCAGATCCGCTACGCTTGCTGCTCGGCGCCCCAGCCCTGCGGCCAAAATGGCTATGCTGGACCCCCTCTGTCCATTGAAATGCGCGTCAGCTGCAGAAGTGACAAGGTGCGATGCTCCCCCACTTCAGGGCGCATCTATATTACATGTAATACCCAGAAGGATCGTGTGACGCCGGTATTTAGGAATATCGTGCCATAATTAGGTCGGAGCTAGGGGGAAGTAGGATGGCTTAACTCAGGACTGGGCAATATAGAATCTAGGTCAAGACGAATACCGGAGGTTACCTCCGAGTCCAAGTGGCAGAGCAAGTGATTCTTACTTTTCACGCCTTGAACGAGACGACTGTTTCACAGATTGTCGCTTTGGCGGCAGGAGAATGTGTACGGCAAGGAGTTTTCAATTTAATGCGGTGCCAGAGGGACTGTAAGGAGCTAGAACACGCGAGCGACCCGTTGGAAACACGTGTCACGGAGATTCGGGGGCGACCTCTCCTCTTCGAGACGCCTATAGTACGGTCGGTCTGACCCGTTAGTCCAGCGGAAAGATGCGGGAGTAGTGCCCGTCGTTCCAAGTGACAGTCTGGTGGTAGCGGGACTGCAGCTGCCACCTCGCCATCTGGACAACCGTACCAATCTATTAGTACTGGCCTATAACGTTTCGGATTACTGGTGTCGGAATGAAACCGACACACGGC,1694,51.71,Saccharomyces cerevisiae
SEQ_938849,AACCAGCTGTCCCGCGATTGAGACAATCGTGTAACCTTGGGTAAGACCAAATTATCGTAAGCCCTGTGACGCTAGGAACGCAGAATCGCACCCCCTCTCGACCCCTGCGCATTCACAGCCATTCCCAACGCAAGTAAGTAATGGTCCCGGGTGTCAGCGTGCAGTCGCCGTGTACGAGGGCGTGCCTGGCGCTCGGGATTCCGCATATCCCTGCGTTACCCTCCTGCTCAACGCCTCATCCTAGACCTTGAACCGTCGATGGACTGAAGTGTGGGGGCAAGCGAACTTATTATTATAAAGCTTTGCCCATGGTCATTTCTTATTTAACCGTCGGTTTTTAGGGGTTCAGCGATGCTTAAGAGGATGCGTTGCGGTCCGGACGGCGGTCGCTGTGGCCCGTTCTTGTAATGACCGTTTTGACCTAGCACTAACCCTGCAAAAAGGATTGAGCCTGTCCTATTAGCCGCCGTTCGTTCAAGCTTTGTTATCTCATCTTGTAAATAGCGCGTTTCTCTGCGATATGAGGTTGATTAACTTATTGTACATCTATGTTAGCGGATTTAAGATCACGTCTTGTCCGCTCCTCGCCGGGACGGACCATCCGTAATGGTCGCCTCTGCCAGAGTTAGTGTTACTGGCGTAATTACATATCGACACGCATAGGAGCTCCCAATACACCCGGTACACATCTTCACATAATTAATATACCACCTTGGCGTGCTTGGTCAGTGCTACCGACCCGCCCTAACACGACCGTACCTCACGGCCTGTCCTAGACAGAGGTCTAAACCAACAAACGGGGTTAGGTCTCGGGCCCAGATCTGGTTGGCTTAATCATGCTCTCCACAATGCTGCTTCCAGGGGCGCT,868,52.07,Escherichia coli
SEQ_125598,AAGCTCTCTTTGCACTCTTGTATCACTGTAACGGTGGTCTGTCCATGCGCGGAGCCCGGTGTAGTATATAGGCCCTGACCAGCCAAACCATCAGTTAAGCCTACTAACTTCTCGAAGTATTCAGGGAATGACGAAGCAGGGGAGAAAGGCTATATGACACGAAGGGCTTGCTACTAGAAGACGATTCTATTCTATGGTTATCGGTACTAATTTCTAAAGTCGAGCGCTTGCTTCATAGCTTTTTGCGGAAGGGACCCGGCACCTCTTCGGCAACTGCTCCAAAGAGCCTGGTCCACAAGTGACGCGAATGAACCTGCGTCGAGGACAACACGTAAGTCAACTAGGATGTCCGACCAGCTTGCGAAGCCTAGAACATCTTGATTAGTAATTCCGCGTTCGTCCGCTATCTGTCGCCTGACCAAAACAAGGTCGGCAAAGCGTTGTGTGAGGGACTACAGAAAGTGGCTATTTTTCCTCCCTTTACTTGAGTACTTACGCGTAGAGTCTACTCCCCCAAGTCGGAATGATCCTGTAGCGTCACGGGTTCCTATACTCTATTATCACCAGTAACAAACGAGTTGATGTGAATACCTTGTGAACCAACGACGCCTCTACATTGTTCGGATAAGGAGAGAAGCTTAGACCTCCGTTGCTCGAGTGCCCCACGCGCCGTGTTAGAAACGATCCTACGATATGCGTGCGCGACGTAGCGGTACCGGACTTCAGTCGCTGATCTTTATCCTCCTTGTGGTCGAACTACTCGCGCCAACGGGTCGTGCAATCCGACAATTTTTGATCAACGTTAGATTAGAATCTCGGAACCACTTTTTAAGTACAGAACCACGGGTTCGCGGTTTGCAGAGACTCCCCAAGGCGACCCTAATTGAATACCCCTTACTAATTTCTATAGCAACAGTTCACTACCGTTTGACATTCAGGCACCCACAGGGCGGGTTGTTATGATACATTTGGCGTCCGGTGAAGAAACCTATTCTAGATAGGCATAAAATCACACGTATAGGTCTAAGGATTTTCGATCTTCAGCAACGAAGTCATTGTTCTGACTCGGAGGAGCGCTGTCGGCCCCGGTAGTCATG,1097,48.95,Escherichia coli
SEQ_912211,TTGAGCTTGTAGAGCAAGGTTATTCAGCCCCCACCGACGGCATGGGGGACACGTCTTTAAAATTCAAGGATGCTTCCAGATAGCGTTACGGTTCAACTGACGCCTACAGACCAGTGTTGCCTGTGCTTCCATGCTTATGCCTGGCTCATATTAGGGGCTGCGTCCCAACAATTCAGTCTTGACCTGACTTAGGCGCGGAGTTACTGCAACACCCTTTAGTACTACTCCGGCATATACTGTAAGTTTCCTGGAAAGGGTATTTTTCGACTCCGCGCGTTGTTCGGTCAAGCATGTTTTAACATTTATTCATAGCCCCCCCGTTGTTTCTACCAGAACAACTGATATCCGGTGTTCCATTGTTGTTTGGGCTACGAAACAAACCAGGGTCTCTCGCATTTAGGGGGGAGACCGGATAAGTCGCTCAGGTAGTTCTCGAAGAGGAAGCTCTTGTATATAACCCTCGGTGCGTTAGTGTTCCGGTCGTGAGTCGCTGTGGCGAACGTGCCTTACGCGAGGGGGTAGACCTCGGTTTATCAGGGATTCAGGAAGATGGTCGGGAATGCGTCGGTGTAATGGGAAAATTGGGCCAAGCGCGAACTCAATGCATGCAGACGTCAAGGGGTAGGCAGTGTGGGGCTGCGATCCCTGTGAAAGTTAGATACCCGATGAGACAAACCCGGGGGGATTTATGCTC,694,51.15,Saccharomyces cerevisiae
SEQ_139039,GCCCAACATGCTTCTTCAGCTCGCGTGCGAGATCTGACAGACATCTAGATCCAGGTCATAAGAGGCCCCGACCGAACATCGTGTTTGGCACCGCTAGATAAAGAGACGATGAAAATCTACCTGCGGTGAGCACGGAACGTAGGCGGTTACGCTTATGCCGATCAATTGAGTTACAGCTACGATGTCCGCAAGGCCTCTGTAACGCCGTCCCGTTGAGGCTACTTTAACAACCTCGGAACATCAAAAAGGTAGAACATAGGGCTGCAACTTAATCTGGCTCGTGTTAGAGCGAGGACAATGCAGGGACAACAACGCTCAGTAGCATGCGGAGGGTGCGGTATGGTATAATGGGCATGCCACAGCTTGCACAGCCACCAACATACGCAGGATCATGTGTTGTAGATGTACAAGGGGCTTTTATTATAAAGGGTTGGGTCCCGATGTTATCAGAGTATTCGCTCGAGTGCCTTTAAGATACACGTGATCTGCTCCCTCAAACATGGTGGGCAGGAAAGCAGCCAACTGGAACAGTTAGACGCAGTACAGTGCTTTATGTTTACGGGA,564,50.18,Caenorhabditis elegans
SEQ_204119,ACCCATTTGAAGACTAGACTGTACAGTCCCTGTCGTTCAGCGGATGAACAATGTTCATCTTATTTAAAGACACCAATCTAATGACGAACTTTGGTAATTGCAGGGGGCAGCTTCAGAGTTAAGCTATACGGGTACCGCATCTGCGGGCCGGACATTGTCGAGCATCCTCTTGTTTAGCCTTCCAGGTTACGGCAGTCATAGAGGTCTAACGTCGCGTCGAGATTCGATTACTTACCAGCCTTAAGTTCTTAGTTTCATCCGGGTAAGCCT,270,47.04,Mus musculus
SEQ_132685,TACCGGAATCTCCGCCTCATGAACATACGATGGATCTGAATTAATAAATCTGAACGGTCGGCGGTTTGGTGTAGGTGTCAGAACAGCTAATGCATGGCGGTTTGACCAGCCTCTCCTGCTTGGAACCACTAACCGCCTGTTGAATGGTCATCATCACCGGCTTAGCTAAGTGGACTTCTGTTTCTTAATATCACGTGGACAGGGATAACCGAAAGGCTCGATTGTGGCAAGGTTTGGATGCTTTGGGTGTGGTACGAGTCTCGGATTTTAACGTGGGCGTCACGGGTGTCTTTCAAGGCGGAAATAGTCCACGGTCGAGCAGCGTTTTTAGCCCCATATTTGATGAAGAGTTCGAGCCTCGAAGCCAACTTGGATACTCTCGTCTGTGTAATACATCCAGCTGTCGCAGGCCGTAATCTAGAGCATCGGCACTATCGCTCGGGGAGCGTCATCACAAGACTTGAAACAATCACCAAGCTCGTAAGCGAATTAGTGCCACAGACGATTATGAGGACGGACCACGACCGAAATTTGCTAACATGCCCTGTTGCGAGAAGCTACTCCTGGTAGAAAGTTCCTTAGTCAAGGGCTCCTCACCTTATATAGACGTATGAGCTTCCCTTAAATCGAATTCCTCTAGGCCTCGCATGGTAACACAGGTGGCGCGTTCCCGCTAAAATGCAGCATATGATTTGAACCAGCTGTCCCTTCTCCAATTCTGCTGATCCTGGGCTTAAACATGGTGAGATGGGATCTTAGTCTCCGCCCCGCACCCATCAAGAACTGAAACCCCCTGAAAACCTGATTCCAGCTGCGCGTAACCTGCGATACGACTGGTGTTCAGTTTACGTCTCGAAACACGAAGGCCATAGTACACGTAGCTCTCTTTACTATACCCCGCGAGGATAACTACTCGGCGGCTAAGCAATAACGGTGATATTAGCGAAGAAAACACAGTCTCCCGACTGCTACTGTACCACTAAGATGTCAATATCGAGACCAATTTCCACTACCTTTACATCAGGCGCGGGTGTTCCGGTTGAAGTCGAGGCTCGACCGCATATCATGTTGAGCCGTCTCCGGTAGAAGAATAACGAATGCGACAAGATACCAGTTTCGCTCTTTAAGCGCGGTAAACAGTACACGTGGATGCGATCGGGAAGAGTACGGAATAAGAAGATTGACCAGCGGCTGTCAATGTAGAAATAGCACGTGAAGGGCTGAGCC,1227,49.47,Drosophila melanogaster
SEQ_664542,TTACAACTGTTTTTACCATCGCATAGCCACTTCAGGTAGTGAACTAATAAACAATCTACTTACGCACCCTCAGGTGGCAGGGTTGCGCTATGGCGACATCGAGGTTATCTCGCGTTGTAAGTGCTGTGGCCCATCCCGTACATAAAGGTAATGAAATTTAATGCAGTAGATAGACTTGTGCAGTATCTTCGAGTTCCGATGAACAATGTGATACGACAACTGGACACCGACCGTGGGACCGCCCGGCCGTTTGTCTAGCCTGCCCCGCACCGAAAGAGACGTAAACGTTGACATGGTAACTGCGGCGACATTGAATCCGATTTGCGACAAACAAGGCATAATAGCGCTTGCGTGGTGCGCCTTAGCGCAACATCCTAAACATAGTCAATAAACCTAACAGCTCGATGTTGGACCCGCTCGACATCCCCTCTCTCCGGGCTCTATTCCCGGTATGTTTTGGCACCCGCGATTTATCCATGAGTATTGACTGCTGATCCGACATACAGCAGCCTTCCAACTGTTAGTGCCCAAAG,533,49.53,Drosophila melanogaster
SEQ_392024,GTTCACCCACCGTTCCCTCAACCAATCTGGAAACCTCGATGGAGGTAGGTAAATTGGCATTAGCGCCTAAAATATCTACGGGTGCGGCCATCCCGCTTAGCATGTGTCCGCCGAGTTATTATATAGCGAGCCCTCGGGAACTGACCACACCCTACTCTGTATCTACCAGCTAATAGACTTGGCTCCTTATGTTTCACTCAGAATTGTTGTTCATAATTAAAATGAGACGCGATCATAGGAGCTGGTAAGATCAAGTGTATTGCAGGCGCTATGGCTGGTATTTCCGCACTCGTAAAGAGCAAGGCTTGCTCGTTCCCAAGAATGTGCTGCTATGTAAGGACTCCTCTGGCACGTCAGGTATAGCCATATGGAACGGAATTCGTATGCTGTAGGCGGTAATGCATAAATAGACAATGCGACTGGACGCGTACATCCAGTCTTTACACACCATAACAAGTTCTTACTATGTTGCAAGCGACAACGGCTAATACACCGATCCAGTGCCGTCGTACGACGCGGCATGGGGTACACCCGACGCAGGCACAATTTCTTACGTTACTTGTGCCCCATTATATGGATCTCTCGGAGGAGGCCTGTTTTAACTCGGTCAAAAGCCGCTCGATATTGCCGGTATCTACTCAGTTGCCCATCACTGCACTCGATTCCGGTAGGACGCATCTGAAGTCAATGGACCTGATTGGGCATAACGGCGTAAAAGAAGTAACGGGCACAGAAGGTAAGCGATGAGTCACCAGGTGTAAGCTTTCTCCCGGCTTGTACCGAAACCTGTAAGAATCCGACGTGATCAATGACATTCTCTAACTTTCGCTGCGTCACAGCCGGTCCATAGGCAGCGTGAAGACACGGAAGTGGCACATCAACGACAGTTTGAAGGTTACCTATAGCCCTTGAACAGTCTGTCTCGTACAGATTGACGACCTCCGGGTCTGACAAGTGGCATGGGGGGGCTATGATCCGTGGCCCGAACCTGGAGACATGGATCTACAGGTTGTCTGTATTGCTTGTAGAAAACTCTAAAACGAAACGGCCCGCTGCATACATAATCGAGGCTACTTTGATTTCTGAGACGGGCAAGCTGTAGTAGAGTGGATACTCCCAAGGGGTTCATAGTCTCCGGTTTTTTACTCCCTAAATTCGGTCATTGACACTCAAGCAAACATGTTTTGCGATAGATTCGACTGCGAAGTGACGTCTGGACAATGTCAACCACGCTCCATGTGCTACCTACGTAACCGGAACGGGACAGACGACGAGGGGAGCTCGGGCAAGTGGTTAGCGCTGCTACAACTGCCCGAAACGTGATCAAATATTTATTTTTCGTGGCAGTAGACGGCTCGTACAAAAGAATTAGCTTCAGGTACATTCCCTGGGAACCTTGTCTTTACGTCCAGTTGGGGATTGAGTCGCTCCATCTCTACCTGTTCTAGGCCTATCCTTCTTCGAAGTCCGAACGTTTGCTTCTATGCAGCAATCGATAAACGATTGGGTCAGCCTTAATATTAGGGCGTATAATAGAAGCTTTGACGGCTGAGAATCTTTCTACCCGTAACTCCTGGTGCAACCGAACCCAGTGGGTCAAGAGTTTATTTAACCAGCATCGGATCGGCTGCAGTACGAACTTGCTAAGGCGCGCACCCATCGCCCACCGTGTATCCTTTAGTTGTGAGTCTTTAGTGGCAACGCGGCTATGAACAAACGAGCAATAAATGGGCGGATACAGCAATGCAAATGTCTTCTATATTCTCCGGGGCTGACCGTGATTGGCGTTGTCGGACTAATTATTCTCAGCCCAACCCAGGTACCGGGCTCGCATAGTGTTCACCTTCGCGTCGCTATTTTCCGTAATCCAAACCTAGGTATATTGTCGTGCATGCGAACCTGCGCGCGCTCCAG,1914,49.37,Homo sapiens
SEQ_467914,CCCCCGTATACAGCCTCGCACTATCTGACAATTTTAAACTCCTGTTCCGGC,51,50.98,Arabidopsis thaliana
SEQ_556856,TGATAGTTAAGTTCAACAGGTTTTTTCCAGTATCGATTAGTAGTTGCGCCTGGTCCCTGATGGTGGGTACGTCTATGCTTGCCCTTGCACGCTTCTGCCGTTGCCTCCCTGCAAGTCTGATTCCTGCATCTGGCAGAAGCCCAGTTTAGGATAGCGTAAGAGTCCTGTGATTCACGCGCTCAAGCAATGGTGATGGCGTCGGGGAGTATAACAACCTGGTGATTACCGGCACCACAAAGAAATACCCGTCACCCCGTATAAAGAGGCTGTACTTAGGAAATTAGGAGTTGGCACCTTGCTAGAGTAATTTTACTTATCTTGCAGAATTTTATTGAACCACGTTATCCAGTGAAAATCACAGGGAGACGTTGGCTCTACTCAGTATAAATCCGGAGTAGCGTATTTTAGTGATCGTCACTACTCAATGAACGACATAGCGAGCATAGCCCAGCGGCGATCGTTTAAATGCCGTGCCAAGGCTCGCGGCGGAAAAGGAATAGGCGGGTATACAAAGCCCCCTCCAAAAGGGCAGATTGCACGAAAATTTCCAGTATGTGTATGTCGCGAAGCTAGGACCGCAGTTAACGCAATTATAGGCTGGTTCGGGATATTGGTGAAGACGGTTTTCCATAGGATCGTAAGGATGCACGGCCTCAATTTCTTGAAGGCCCGATCGGGGTGTAGGAGCGCCCAGAATGTTGGAAGATCGCGGAAGAATTGAGAAAGGGAGTAATTCCGGGCCCAGACTAGCAAGGGATCCGAACTACTATGGACATCGATATCGTTCCCGACAGGCGAGACAGTCCTCGGTTTGGGCTGCGGAATCAACTCGGCCTCGAACTTGGGCTTGAGAGTCTGAGAGCGCGACGCTAAACCGGGGGCCATCGCCCATTCACCCCCGTATCGGATTCTAACTATGCATACTAGACTTCTTATATCCAGGTCCCATCCTGGGAGCTTACGTTATCGTTGGAATGATCACGATTCAATCGGTTCCTGGTGTTGTCACCCTATAAAAAACTACGCTAACTAATCCTAATACATATGGCGTGATCTGAGTAATGATTACGGCCTTCAACAGCTTTCGAGAGGGCCGTATATGGGAACGGGACCGCGCGCCGCTCTATGGCTTCGCACTCTCGTGGAGCTACCCCGCACCTTTCGCGGCCGTGCGCCGCTCTGCGTGAAAAATAACAGGTGACCGGAACAAAGGGCCAAGGTTTATCCTTCACGGGTGGCCGTTGCGGTCACGGTCAATCTGTAACGTGTGAATCATGTTTGGAGTGGAATGGTGATCCGATAATGACCCGAGTACGCGCTTAGCAAATCGGCCAGTTCTAGACGAACTAGATGGAAGGCCCTTACTCGTTATTTAGTTCCCGAAAGGCTCTTAACGCGAGCGGGCTCCAGAATTTTTAGGCCACACGACCAGGGGGATTGATCTTTTCGAGGTTCCACTATCATCAATAAACAGTCCAGTAGTGGCTCTGCACACTGGCAGAGGGTTATCGCAGTGTCACAAATAACGATCCCGTCCAGCATAGACCCTTGAAGCCCGTAAGAAAGGGAGCAGTCCAGAGGTCATCAGAGATCGAGCGGATGTCTATTTGGGCAACTGTAATGGCAGGGGGCCGGCCGATTTCTCTATTACTACCAACGCTCCTTTGCTATCTCTATAATGAGCCCGTTCGGGCGCTCGGCTGATTCTACAGGGTAATCAGGTGGATCGTGCAGTTATTTTTTACGTCAGGGTTGAAATTGCCCCGCGCTACGTGAATTCTTTTATGGAGCTCTGCGGGCAATCATATGTACAAGTATGAAAGTTACGTCATTTCAATGAGAAAGAGCAAGAATGTTTGCCGGGAATTATTCTGTGGTAGGCGGCAAGCCAGGCCGTCACTGGGGAGATAGTGCGTCGGTCAGGGTAAAGAGGATGATTAATCACTGACTGCACTGCGTCACTCTCTACTATCTCTATTTGAAAGGCGAGACAAGTTATG,2000,49.95,Saccharomyces cerevisiae
SEQ_211308,CTGGACACTCGGCCGCTTCTCCTGTCGTGCTTGACGCTTTTGGATCCTTCACTGGAGATTATGACGCGACTTGCGTCTATGCTTTGTGCAGGTCTGCGTCTGGAAGGGAATGTAGCAAGTCATGAGTGAGAAACCAGCATGCGATTATAGTTTGCCTTTCCGTCTTAGCGTCCTGCATCAAATACCGTTCGACCTTTTCAAACGTACGCTTGATGACAGATCACTGGAACAGATAATCTGCACCCTGCGGATGATCTTCGTTACATAAAGATCTTAGTTCCTATATTGCATAAGTTGATCTCAGTCATTGTAATGGCAGTATAATATAAACAACTTTTCGGGATACCCGAGGCAAAAAGCTCCATTGTCGCACCTCTAGCCCTGTTACAAATGGTTTATTCGCTTAAATAGAGCGCCAATGGCTGATCGTCGTTAAGGATTCCCGTAGATGGCTACACAAGACA,464,45.47,Saccharomyces cerevisiae
SEQ_917647,ATCAGGCTAAGCTTGGACCTAAACTGGTTCACACGAACCATGGCGTATCTCGATCGGGAGTGGGTTCGAAAGACTCATACTTTAATGATTCCCTTGCGGACCTGCATTTCTAATCCATGATTAGACTGATCCACATCGCAAATGCATGACATTCAGCTGATTGGCGTACGAGGACTCGTCTCCCATAACATAGAGAGTTAACCATTGAATATCGCTCCAACAAACATTGGTAGGCTCAACATTAAGAAGAATAGCTAAGCAGTAATCCATTTCTGTTGACTCGCCCCAAAGCCAGTCAAAGTCACGGATCGTTCTAGGAAGAGACCTCGAGCCCAGGAGGCCCTACTAAGACCACTCTTCCGTGAAGTTGCAGTGTCGCGCCCCGGGTGACTTCGTTGGTTTCCTATGAACCGCGGTGGCTACCACTGTTGGGTAAGTGTACTAGGGCTGGTACTATCAAGGGTATAGCGTTACAACCCCACTTTATACAGGTGCTGTAAGGGCGGCTGTACGCGCAATCGCCGTCGCATGGTATGCTTTTGCATCGTCTCTCGCCAGACCAAGCGCACAATTTCTGTGACACATGTAGACCGGCAAAGTGTGTCGGAGCCGACGTGCAGTATCCAGAGTGTCAATGACAGCACGTTGCCACCCAACTCGTTATTCGATCATCCGGAAGTGTCGGGAGTGAATTAGGGTCGCATCTCTAAGCAAGAGCAGCCTTTGTCGCATCGTTACGCAAGCCAAACGCTGGCTCGAGTCAATTTACGACTACGCAGGGAACCGAGCTACCGCGATTGCACTGCCGCCGCTACGTGAGGAAAATTCGTAATTAGGCCCTCTCTCAGTCAAACGGTCACGACGCGCTCAGGTTAGGGGTCCCTCTGCCTGTACAGGCGGTATATATATCTGATTACCTTAACGCCGCGCTCGTATGTCTGACTCCCGATCCGTGGCATTGGTCACCGCTGCTATTTTATAAGGGAGGACTCAGCTCTACTCGCCCCGTTTTGCAGATAATGAACAGTGTGAACCTTATTATCCTCTGTCTCCAACTTCTTCGCGCACCTGTATCAATCACAAATAGGCTTAAGAACATTTCGGCTTCTTTTTCACAAGTCTACTCCGTCCAAACTATCCTAAGACTATCATCGTGCTAGGTCAAACGGCTGGCGAACCATACGCTTCCCGGTACATGTTTTGAACCCAAAGTGTAGACACGTTAACTTAATTATTTACGGACCCGTGCTAGTCTACCCTCGTTACAAGATGGATCAATCAGTGGGTTTAGCCGCGTTCCTAGTTCACAGCTCTTTTCGAAGTGAAG,1327,49.51,Escherichia coli
SEQ_243819,TTAGCTAGGTCCCCCACTAGGCGTGAGAATGCTCGTGTAGGATCGGGCGGGGGCTGCCTGTTCGGTTAACAGCGAGGACGGCTTCTCACCGATCAGACAAGGGTCCGCCTACGTTCAAATGCTCATGTGCACTAGTCCAACTAACATTGTAACATCTCCGTTATGTCATGTCACAACATTAAGGTGTCATTAGTTACTTGGCATGTCGTGCATCAGTTTAGAAGCTGAGAAACGTTCCTATATAGGCATGTTGAAGCCAAAGTGACACCATGGATTCCCCTGAGAATACTAGTGTCGTCGTATGTCTCGAGAAAAGGGGTCCAAACCGCACCGGTGTTCTCGAGTTGGGTCAATTGACCCGCCCACCAATGAGTTGTTTATGCCTACCCGAGCGCATAGCTGCCCAAAGAGACAGGGCGAAGCCAGAAACCTGGGCGGGAACGCCCCTCGGACCGCATTTGGGAACCTCCCACTACGTGAACGAAGGCGTTACTGCTTAACGAGCCATTGATTCAGGCTCAACATAGCTTAACCCCTCGTCGGTAGAGCCAGCGATATGGCCGAATCACTCACGACCGACGGCAATTGTCCGCGGAAAATGCTGCTCTACGAAACAGATCGTCATGAACTTGCTGTAATAAGAGGCACCAATAGCACTGCGGTGAAATCGAGTGTCATGCTGCTGGTACAAGGGATGCATTAGTACGGCAGGTAAAACGCCCCCTACCCCATGAACTTACCCGCTAGTATTCCAGAGTACCACTTGACTGCTGGACCACGACATTCAACCTTCACGTATTTACATTCGAGAGCACTTAGTGGATGGTTTTGCGGCGGATGGACCCCTTTACGTATATGGTGCTACTTAGCAGGTTAGAACCTTAATCCACCCCAATCCACCCTACCCATTTAATTGGGACCTTTGTCCAAAAGGAGACCATACCATCCTTGGGTAACGCCTATTTATTTCCAGTCCCGTTCCCCAAAACTCCATCGGAGCATGATAACTGCCCTGGGTAAAAGAAGGCGTCCCGAGGGATAGTATTTGGGGAAAAACCAAGGCGTTTCGAGCATTTAACGAGGCGTACAATAACAGGTGAATTTTAGGGCCCGTTTATTAGTTATGTACTCAAGCACATTATGCCTTGTTCTCTCTCTCTGCAATAACTTTACGACCCTACGGGGATGTGCAACTTTGGTAGCCGCGGGCAAGTTGCAATCACAGTACGGCTGGAGTGCTACGGACGGCGATCATCTACGAGTAGTTCCCCCAGTGTTATAATTCGGCGATACATGAGTGCATGTCAAATAGCTCCGTTAGAAATTCAGAGTGGTGTTTGGACATCTCATGCGCAGCAGTTTTCGCTTGCCAGAAGGTAACCAGCCCCCTTCCTTGAACAGAGGATCTCAGATAGGGCTCCCCGATGTCAGCGCTCATGAAAAGGCTGGGACATATGTTTTAGTGCCGTAAGGACTCCAGCAGACGTCGCAAGGGACGCGCTGGACTACTGGTGACGTAGCAGTGCAATCGGCATTTGTTATTTCTGCACAGGAAAAGCATATAGGCATTAAGTAATCTTGTGCTGCGAACTCTCGGTGATACTAAATAGACTGAGAGTCCCGTGACCATTTGTTTGTTGCGGCATTGTATTCAGGGTTAAGTGGACGGTGCATCTGGATTACGGACCGATACATGAAGTTTAT,1704,49.59,Arabidopsis thaliana
SEQ_806091,CCTAGCCAATATAATCCTCTCCGGCTGTGAACACGATAAGAAAATTCACGGTCTGTGCGTCACCGTCTTCGACGATCCGCTTAAAGTACGTGTTTTGGATCAGTAACAGGCCGGGTGGGCTTTCTTCTGGCGGATAATTCTCAGTCAAAGTTGCAAGGATAGGAAAGACCCGAATGTTCATTTGACGTCTACCAATGATGGGTGAGACCGTAGCCACAAAATAGAATACAGGGAACATTGCTTTGTTAGGGAGATTAGTAGCTCCTAGGCGGAGCAGGCCTTGCGCCATAATAGACGTCCGGTTTTCGGGGTCAACGTATTATCAACGAACCAGGTATAGCCTCTTAAGCCGCATCACCGTTCTGAGACGGTTTGGTACAAGTATCAAGCTACTCTCTACAGGAGCCACACACGATCCCGCCGGATACTTGAGATATCCCTAAATCGCTAGGGGCCACAAAGACCGGAGGATCACGTATGGACGTAGAGATACCTTAAATAACCATTCTGACAAAGGAAAGAATCGCACGTTCTAGTCGACGCAAACTCCCCGTGGGTCATCGCGGAAAATGGAGATTCGTATCACAGATGACACCCCTCCATCCAACGCGGCGCGAAGTATGACATCTGGACGGGTACAGATCTTTAGTTCAAATTGTTTAGTTTATATCATGGGCCGTAGCTTCCTCGTGGATCTAATGGTTATTGGGTCATAACTGCAGTTGCGTCGGTGCGGTCCGGCGTTCGGGACTAGGTTCCTACGTAACTCGGCGTCCAGCTGCGGGAGGCCTACAGGAGTCTAGAACGAACACTCATAGACCTCGCTAGTGGGGCATAAGGATTAGCGTATAAGTCATATTGACAAGAGATAGCCAGCACGAGGAGAATGCCCGTTTGCCGCGTCAAGCTGGTGGAATACTGCGCCGTTACCGGCATAAGAGCGACAACAGCACGTAACCCCGCGCTCCCTAGGAACACGTCTTACTATTAGCGACAGTCGGCTTGTCTAGACGCCACGCTTAGAGAGGCCCTACACATCCCTATACACGTGATTGTACAACGCCAGACTTTGTTACTTCAGCTGGATATATAGAAGGCCCGAACGTATCAATTCGCGCCTGGCCAGCCGAAGCTACGTCTCGTGCGCGGACGCACGCAATTATCCGCATCTCGAATCGGATGACGGCGGTGAGAATAGCCGGCGGCCTATCTACGACGCCCAGAAGGAGACACTTGGTGTACTACATCACTCGTGCCTTTGAGATCTCCTGTGCCTGACCCTGTGCCACCATGTTCTACCTACTGAGTTCTACAAAGGAGAAAGTTCTGATTCGGGCTTAAGTGTCTCACAATAATGTCAGAAAGTCGGGCTGAAATAGCTCACCTTTGTCGGTATCACCTCACTGAAATATGTTGACACGACATACGAGTCTCCCCACGGACGGAATGTTTGAAGACTACGTGCCCGAGTAACACGGGCAGTCCACAACAATTTAGAAGAAGTTCGCAAGCGACGGGCCGCGTGCATCCCCATCATATCGTTAAGTATAAGATAACCCATCATTCACTTAGGCAGAGTTTTCTTACCAGTTGTGAGTAATCATCGGCACAGGCGGACTCCGTGACGAAGATTAATGACTCAGTCTCTAATGCGGAAACCGAAATCCAGTATAAGGTCCCGTTAACGCGGAGGATGTGAATAACCGGCACGCTCCGAATCGATACCGTGGCGCACACCCGACCGTCCCCAATACTTACTCCAGCACTTAATGCGGGGACTCAATGTGGGGTATGGCCGGATGTAGGCACGGAGGACTGGAGTACTATGTTGTTGCCCAATTACCTTCAATATCTGGAGTGTAAAGTCGAGTCTGGATTGACGGAAGTTCTCTGGTTAGGCATGAGGACCGCGATTTGTATAGGTCCCACTCG,1932,50.47,Escherichia coli
SEQ_740225,GTAACCGAAAAGATAAGTACAACCAACTAAAACACCAGGCAACGTGACGGTTGCTGAGCGCCTCATGTTCTGGGTGATGATTGATAAATTCGCTGGTGCGTGCCCGAATGCATGTACGCCAACTGTTCCGCATTTAAATCAAGCTTTGATTCGGGTGCACAAGGAGTACCCTGTCGACCTTGATCGCACGGACGGATGGACGCGTTGCCTGATGAAGTCTCCCAGCACTACTACTCTGGTGTTCGACAACCTATGATTTCGGTTCTCTGGGGTTTTGCCAATTAACGCGAGGGCGTGATTAAAGGTAAATCCCCGTGACCAC,322,50.0,Saccharomyces cerevisiae
SEQ_203214,ACTCTAGATTAAAACCATAAACGGGGATTCGAACTATAGGCACCTCACTTATCCAGGAACGGGATAGGTTTGGAATTACCAGATTGTCGTCGTTAACTGCCGCATAGTCAGCGTACTGCGTATTAGTCACGTGTAGATTAGCGGAACATTATAAGTCCGGTACGAAACTAAGCTTACAATCTGGCCAATAATGGAAATACCAAAACCTATCCGTAGAAAGCTAGCGCTTAATGGGTCCACACCACTCGAAACCACCTTGGCACACCGTGGGCTTCGCCTACGCACCCCTCGTCCTCCGAATGACTGCCCGGCTCCCGCAGTATGCTTCCCGTCCCGGGTTCTATCAGAATACAAGCATGGTTCCTATTTGTGGGGTAGTGGGAAAGAACTATTGCCAGCCCCAACGGTCCGCCCGCAGCTAAGAGACTAACGCTCACCTTATCGCGGCCCAAGGTTCAGCTACAGGTACATCCGGCTTTTCAGTCTACAGGCGCGCATTTGAATGTCGGTAACCGACGAATAAGATATCACGAGCATGCAAGCGTTGGTAAATGTGCAATTCCATTAGGATTACAGCATCCGCTAGGGGATTCAAGTTTCCATGTTAGATAGTAATACCTAGGCACTATGGTAAAAAACGGCTAGCCTGCAGCGCAAAAATCCTACCCCGTACTATATACATTGCTCTCGCCAGAGCTCCAGCCACTGATACCTGCTTAGCATGCCGGCAGCCAGAACCGCCTCCAAGACGGAACCTGT,759,49.8,Caenorhabditis elegans
SEQ_281307,AGTTGCGCGCCCGGGACTCCGGGTCATTAGTTGTAAAGGCCTTATGGGCGGGTCGGGATAACGCAGGGCGGCACGAATCATCTTGCATCTGTAAAGTTGAACATACATCCATAAAGCTCCATTCTACGTCTAGAACTGTTGCTGATTGCTTGCAGATTTCTAACATAGTTAAGCCCCAGTAATGACCTTGGGCGCAATTGCATCATCAGCCTGCTAGCGCCCTTGTTCATCTCTGGAGCTTTATTTTATGTCAGAAGTACAGGTTGTAGGGGTAGAAACATACACACGGGTATTTTGTCGTTTAGGACCTACTATGCTCCGCAGCCTGAATGTATGGACTAACGTGATGATTAGCCAGCCTAAGCATTTAGTTCGACTTTGCCGGGTGTACGCCTAGTTGACTCTAGGTGAAGACACTCCCTCGTGTATGCTGGTAATATCTTAGGATAAGCCGGAGACTGCCGCAGCCATTAAATCTTTGATGGACTGACTTTCCGCATTGAGGTGGCCCAACCAGCTTCGTCAAGACCATTTGGTCTAGTGAATCTAAAGTCAGCGGGGCTGTATGCACCTTAATAACCAATGGTCGACTGGGGGGTACACGGATATTGCTGTCGAGGTGGGATACTCAGACAATTGCC,641,48.36,Homo sapiens
SEQ_937447,TTACGGCAGAAAAAGAGCGAATAGTGCGAGGCGGCGACAATCACAATTTTCTTGAACGCGGACTTCCCGTTGTACCCCTTGTTCCGACGGACCTTAACCCGTTGCCGCCTGGGGCAGTTTACTGTAGGGCGTCACTCGCCATCTAGGGGCGGAGTCCACATTCTTTAAATCGTTATTTGAACGTGGTGTTGTTGAATTCTGCAGCTTAAACAATGGGATCCGGCCCGTTAGAACTTCAGAGTTACACTATGCGAGTGCACCCCTGATCCGTTACTGTCAAAAAAAGCGAACACAACAGGTTAACGGGTTCGCCGTGCTTTAAGTGAATAAGGCTCGCCGTGAGACGACCTAAATGCCAAGGAAGACAGTCAGGAAAGACTTCTCACATGCAACCCCTGCCTGATTTGTTACACCTCACTCATACTTTTCTTCGAGCCTCGACCCAACGGAAAGAAATTGAAACCCGTCGCTGCTGAGAGCAACCAATACACGCGTCAACTCCGCACCGCAACAATCTTTGCCTGCATGGCGACCTTCTGCATGCGCCGAATTTGACGCGCGCAATGGGCAAGTCGTAAATTACTACGCGTGGTTGACCTGCTGAGATTTTGCCCAGAGAACATGGAGTTTCTACCTCTAAATAATTCCTCAAAGTCTCCTCCGTGGAACCCATGTCATCAAAGTCATCCTACTTTAGTTGAACCGAATTCAGAGACCCAGTCTTGTAGTGACGTGCTAATGCGATCTTGGTAGCTCACTATTTTGGGTCCAAACCACTGGCCACCTCACTCCGGGCCCCCCGCTTTATCTGTGTTTAGAGAAATTCCGTTTCAACGCCCGGGTTGCGAATAAGCCTGCACCAATGTCCTGAAACCCATGCCGAGGAGAGGCCAGCATCTCCTCCATTGTATCGTAGTCGCTCACGCCCAGCTGGGCACATACCTTGAATAGTTTTCACATACTGTATCACGGTTATGTACTCCGGATGGCGAAGACAAGTCGCGGTCACCGAGGCTCTACCGTTAGAGGGGATTCTGACACAGACGTAAACTCATGGGTGAGTTCCTTTAAACCTTGACCATTGACTTATCCGGCACATCCTCGATAGCCTATTTATAGCA,1121,49.96,Caenorhabditis elegans
SEQ_761142,ACCAAGACTACCTGTAATGTCATGGGGTGCGTCTGCAGTCTACGGTCGTCGGCTCCTTCGATGGCCTAGTACTAGCAAGCAAGCCGCTCATGAGAGATTTAAGATTGGGAGGCCCCCGTCTCGTGCTAAACTCTGAGTCGGCCGACCTCGTCTCTAGCTTATGACTTTGCAACGTGGATTCGCCTCATATTTCTGTTGGTCCGCCAAAATTCGCTCACGCTGCATCCAAAGCGTTAAGCGTTAGGAGATAGACCCAGAATCAGCCAATAGTACGGGACACGCATACACCGAGGTCTGAATAGGCTTAATTAAGATGTATCCGTCTACCTCATAAGGCGATTATCTAGTCCGGAGAGCCAAACATTAGCGATTCTGGCTATACTCTCTTGATTAAGTTCCTCGCTTTGTAAACGTTCAGAACCGTCATTAGATCGAAAGTTTCACGTAAGTGAATTGGAGCTCTAGGGCAAGAAGCTGCAGTTGAGCTCATGCAGGCTGTTGAGGACTCTACGGGTCGTAGCTGTTGTAAGCGGGTCGCACGGCGG,545,49.91,Drosophila melanogaster
SEQ_139805,TCTTTCCTTCACTACATTGAATGGTTCGCGAGGCAGGATCGGGTCAAAGGGGTGTAGCCCACGTTTGTATATCACAATGGCAGTAACCTATCAGATATGACGCGTGTGGCCCTTTATAATCGCATCTTAATTCAGGAAGTTGCCCCATAGACAACGGCGCCTAGCGGCATAAGTCTTACTCGGTGGGAAATACGGACTAATTGGGACAATTAGGGCAGACTGCTTCTCTACGTGAAACCAGGGTCGAGATTCAGGCTACTTCAGACATCATATTATGTATGCTTGGTCGTCATCATGTAGTGCTTGCCCTCCACTCGCGGTGATTTACAAACGGTGAATGAGGGGCTTCCATTACGGTCGGACAGAAACATTCGCTAACTTTTCGAGTGACTACTCACTAACGCCT,406,47.78,Saccharomyces cerevisiae
SEQ_577144,GTGGTTGACACGAGCTTCGTAGCGCAACGCACGAAGGCTACTAGTCTAAAACACTAGTTGTGAGGACCCATGTCCAGCATTGTTTGGACTAGGCCCAAGATCACTGGATTGCACGGCGACAGGATTACCATAAAGCCCATCAGCGCTTAACTCTATGCGTGTGCCAAACCTCTTTCTCATGTGCGTAGAGTGATTGAAGCCGAGACATCGACGGAGATACTTAGTTAACTATCCGGTACACGGCTAGCGCTGTCTGACGCACATAGTCCTGTGGTAGACCACGTGCCCCTATGCCTCTAAACAGCGCTACGTTTCAACCAGCTTCCCGTCATAAGAGATGCCGAAGACGGGATCGGAAAACTGCATATCATCGTTCTATAGATTACGGCATTGCGCTCAATCGGTGAGAATGTAGTGGATATCAGTGCCCACTATAGTCATGTTAAGAAGAGAACTACCTGGGAGCATAATCCGCGCTGTTGTGGCTTAATATCCCGCTGTCCGACCCGGGATTAACCATTGGTTATGAGTAAGCAGTTTGCCTTTTGTACTCAAACCCACCAAGCGTATCATTACGACTCGCCGGACTAATATACTTATAAACGCGCAAATGCCCGGTTTTGAAGGCATGGCAACCCCCAGGGATAGTATTCCAGCACTAGACCACGGTTTGCGTACGGCCGATAACGTGAGAATACACGGTCGTCGCCAGAGGCTGTGTTCGTTGAGTAATCAAGTCGGTTCCGCCTACTTAGCCAATGCCTTAATGAAGACTAAGGTTGCAATAGGAGCTCTCAGACGAAGATTATACAAAGGTGAACAGTCCGTTCGGGGCTAAAATAGTATCTTTATGTGTATTTAGTCTTCGATCATCAGTAGTCCATACTCTCATATGCGCAGTGAAGAGTGGTATTTTAAAAGAAACACACCGGGCTGCTACTTGTTCCGTTACGCCCTGAGTCTGGTAGCCATTGCTCACCTCCTTATTGGTATAACCATACTCTACATCTAGTTTAAGTCTATACGATTTAGAATCAGTGCCATTGCTTTTGGTCCATCCACAGCTACCCGCGCGGGATAGGATGCAGGATATACGAGCCCAAAAACTGCCGAGTCGCCACCATGCCTATGATGAATTTAAGTCTCCGGATTGTATTCACGCAGAGGATGAGCCCAACCTAGGTGTCAAGTCACACGTTAGCCAGCGTGAGAGGATCGACGCTACAGGCTAAGCACCACTCTGATACAAGGCTCTAGAGCGGTTGTGCATCTTTGCGGGGGAAACGAGAAATCGTTGCGAGACGGACCAACTGCTATTACATATAGTTATTCGCATCGCCTAACTGATCTACAGTGACAGTGTCAATCTATTAGACAGACGGCGGGAGTTCTCACGACTATCTACAAACGTAGAGTCAGAGAAGTCTCTTCGGGCCCCTTTGTGACTACGAACCCCGTATCCAGGCGAGACCCAGCCGTTGAGTCTTCACGGTTATGCCGGATGGCCCCACCCACGCTGAAGCCGTCGATAGTTATTTTATCTACGTAGACTTTAAAACACGAGGCACCAAAAATTAATTGAGATTAGGTAACATGAAGTGAAAAGACGGATCCTTAGTATCAAGGGTGTATTCAGCACCCAATCGCCACTCATGTCATGTGGTAGCCAGGAATCATATGCAAAGCCCCGCTTACGACTCAAAGAAAGCCGAATCTTTTGCAGTGGGAGACGATCCGGCTTCAGAGCCTTATCGTAGAAAGGTCTCTAAGATCCAAGCAAACTGGAGCGGTTCTAGCACGCTATAGCTTTCCAGCCAGACGCCCTCTCCGAATAAGACCGGAAAGAATCCAGCTCAGGGGCTGAGGGTTATGGGCCGATAGTCCCAGACGACTAGAAGAGCGGGGAGCTTCGTCTCAACGATGAATACACGCACGCATAGTAATAATATC,1950,48.51,Caenorhabditis elegans
SEQ_463691,CCCCTCCAGTCATTTTCGTGGCTTAGTGCACTGGAGCTATCGTGTGATAATGACACGGCCACGTAAAACCCCCTGGATTCTTAGCTTTATCATGCAGTCAATTAATTGATGATCTTAACGATCCTGTAGCTCCCGCGCAATGACGGCTTCGAACCGGTGTAGACGGCAGTTTGGAACACTCATGAGCAAACGGTTACAAGGATAAAGCTGCGCTCACAGAATGGTCTGGCTCTCCAGTGGTACATACGATAGAATCCGCATCGCTCCCTCACAAGCCGCTGATTCCGAAACAGCCCGCCGTGCGGTGCGCCGCAGCAGCTGCCAGTCGGGTCTGACGGTGTCCTGACGCCCATTTATTTTTCGCCAAGGATCCTGG,376,53.19,Caenorhabditis elegans
SEQ_326728,CTCTCAATGATCCATCTCCCTCCCGTGGAAAATGCAGCATGTGACACGGATTCCGTTCGGCGCATGAGATATAGCGCCTACTACTAGTCAGTCACCTTACTACATATATCGAGACAATGGTAGTTATCTGTTGTTAAGGATGGTCCTTATACCATGTCCCCAGATCCTGTATCAAGAGAACCCGAGCAACAGATCGCCGGTCGGCGCCACGGAAAACGTTTGTTTCGGGTCCTGACTCCGCTCGATTGGCAGGTCAAGTCCCATAGTTCAGCGGTATCATACCGAAACCGTCAGCATTCACTATGGTAGCAAGGAAAGGTAACAGACGTCCAACGTGCATAGGAGTGTGAAATGTGACGGGCATCATCTTTTACTATTAGTAGAAAGATCCACAGTTGATGTGCCGCGTTTACTACAAGACGTTAAAATTGGGCAGAAGAATTGTGCGTGACCTTGGTGTGAATCAAATCATATAAGCGACGTTCACCGCTCCAGAATCCAAGCGTAGTGTGTTCCTAGTCGTCGACCCTTCGAGAGACTGGTAAGTATTAGTCCGAGATCATCGGCCCACCTATACACCACCTGTTTTTGGGGTTAAAGAGACAAACGCCACTGAGCGACGGGTATGGGGTAGGCCCCCCACCCCGAAGAATACTTATTATTGAGCGCGTCTAACTCGATCCGGACTGCACTTACTCGGCGAGATCTTGTGTTGCTCGTACGACCGTCGATACGTACATGAGACCCGCGTGTGGGCCCTAGCAGACCTGCTGTACTAGTCCCAGTTGGGCAAAGACCTCCCGGGTTTAGGATGACTTTAAGTGACGAACATCAACAAGCACGAAATGATACACTTAAAAACTTCAGTGAGGAGCAGGAGTGCTGTGGGGCGGGAGAACGTGTGTTTACGGGAGCTCTCCAGGGCGAATTCAGGGTCCTTCCTCTCGCAACGTATTCCTCGCTGAGGATTGTCTCTCGCGTGGGGCTACCTCCGCTTATGTGATCCCCATGACTCCGCACGTTACCGAAATGCTCCCTTATGGAGGTCATGCCCCGACTACCTTGCGAAAAATTGGTTACATATGAATGCGCGTAGAGGATGGTCTTTTGTGTCGGAGTAGATTTACTCATATTACGAATCACAGTTATTACAGATGAAAGACGTGCTCGATAGTTAAACCTAAAACGGTCCGCTGATGAGAAACTTTCTGCTGGTGAGCCCACGATCAAGAATCTACCCATAAGAAGAGAATGTTAATCTAACGCATGGCGGTAAATGCAGAGGAGGCGATCCTATTGGTATACGGCATGTTTACGATATATCCGCATTTTGTCGCTTAACTCCCTGAGGCCGGCCCTTCTTTCGAGGAGATGAAAAAAGGCACGTTTGAACTTCCTGTCTGGATGATATTCAATCACTGTATTCAAATACTATTACCGTCACGGAATCGTCCTGTGTCCCGACCAGACTACCTCATTGAGACTGTAGCCCACTACTTGTTCCTTGAGAGGACGGCCTCCCTGGAACCGGCCTGCAGTTCTACCATGCACGTACATCGACACTACCCTCGGCTCTAACTCCCACAGCGCTTAGATGTCCTGGCACCGAAATCAGTTGCAATAGATAACCTCTCGAGTAATTCGAATTGCTTACCACGCTGACACACGAGTACAACCTGGTTGTATTAATGTCCGAGCCTTCAAATTTCGCGAGGAGAAAACACGCTTCGCCAGCGCAGCGCGGGGAAGACAACACCGTACAAACCTCGTAATGGGGCATGAGATAGGTCAATGATAATCCATTTGCCTTTCTGAAGGCCCACATTTAAATGCCGTAATGAGTAATTCTAACAGTTTCAACTTCTAGGGAGCCTAGTATTTCAAGCGCCTCACACATCCCGAGCAAAGACGTTCTTCGGGTTATGAATAGGAA,1933,48.73,Caenorhabditis elegans
SEQ_188652,ATTGGTTTCGCAAATGAGGAGACGGTGCATCTATTATCAAGAATACCACCCGGGCCTCGAGTAGAGCTCTTTTCGCTTGAAGAAAAAACGGCCTTCACCAAGATTTCAAAAGGCATGTAGTCAAAAACCTTGATAGAACCCCTTGCTCTTCCTATCCCTGTTGCGGAAATTAACACTACCCCGTAGGTCTGGTGGATCACTATGTTCCCAATTGGTACTCATTGGTGGCAAGCCTCTGCGGGACCACATTTTCTTACACACTAGAACGGAGTATGTGGTTTCACCCGCTCCACAAGCATGTGTACAACGCGAGACCGAACAGAGATTGTAGCCTGGGCGACTAACATTCTGAACCTACTTGGATTCATCATTCTCGCTTACTACCCTGTCATCGGTTAGGGCCGTTGTTAGGACCCTATAAATATCCTGTTCTGGACACCGTCCTAGCCTGTTAGTGCCCGCATTCCTGTTAAGGGTTTATCGTCTTAGCCAGGCAAAGCGCCGGCGCACCACTTTTCCCAATGCCGAATTCTAACACCCTACCACGAGTGTCGCACATTCTAATTTTCGTGCTTGACAAAAGCCACATGTACCAACTGGGGTTTGTCGATGACATTAGAGTGAAAAATTTTAATGTTCCTATAGATCTCCCAATTTGGGTGGTGCCTAGGCTCAGAGAAACTCTATAATTGCGGCGAATTGCGACGTACAGATCTGGAAGATAACGTCAAAATGTGGCAGATTCCTGCAAGCCCTTCCAGGCGACCTTATTTCTCGAAGGAGCCCGGATCCCAAATGAGGTTTAGGAAATACCGGCCTGATCGCGTCTGGTACTATATATTCAAGAAGAGCAGCAAGAATATCGCATACATCGGTTTCGTTGTCTCGAACACGGCGTAAAGAAGCGCGGATCATTCCCCCATACAGATTTAAACGGGAATGTGGAAAGAATAGGGCGAACAGGCTATAACGAAGTTAAATGACGTCCCATCGGCTGCTGGTCTTTACAAAAGCAGAATCTTTTCAATGCACAAGGTTCGGGTAGTTTGTGAGGGGGATTGGCTGACAGTTGGAGATACATTCTGTCCTTCATTTATAGCGTCACACTATGACCTTCACAACATCCGGATTAAAATGTCTGCCGTGTTGACGGCAGCAACCTGAGTAGACTCTGAATGGGGGGGGCTTATCCCACATTGATCTAACTGATTTATCCGGAATCTACACTGGTAACCAGCCGAACTATCCTCTTGTAAGCAAGCGCTCCGAGTGGATAGAGTTGGATTAGCGCAGACGCTCATGTGCGCTAATGAGAGTGTCTAGTCAGTTTTCCTCCCCTGTCACAAGCTGTGGGACCTTTGTGTGGCATCGCCAAAATAGTGTCCGCCCTGGCTGCACCTACGAATTGTCGGTATCACATTACCGCTGCCTATGCAATGTACGCCGGTTCCGATAACATCATCGCCCTATTTGTACGGAAAACCG,1485,47.68,Drosophila melanogaster
SEQ_918931,TATAAACGGTATATAGAGTGGACATACATTAAACCCGCGCTATAATATGGACAACTTGGTGTCGCTTTTGGGATCCGTCACTGAGCACCGAAATGGAGTGCCAAAAGTGTATTCAACTTTACCCTCTCGTCTCTAATCGGGAGATAAATGTACCGATTGGCTCGTTTCAACTACCGGTACCCGGACTCTTCCATCAAGTCTATGCAACGACACGATACAATGAGCTCAAGTACAAGGAGTTCTTTCCATGGGAGGTTCTGTCTATTGTGGGGTAGAACACAGGCAAGCTATAACATTAAGTCATGTGCGACCTGCCGAGTCTTTTTGCTTTATCCGTCTATTATTTCCGGGCACGGAGGATTGAGCTCTAACTTAGGTAGCGGGACAACTTTACTCATACAACTTGCATTATCGCTCTTCGTCCAATTGTATGCGAAAGTACGAGTGAGT,450,44.67,Drosophila melanogaster
SEQ_248599,TTAATTTTAAGCCCTGCTGAGACGCCAGTGCACCAAGTTCTACAAACGTCTAAGGATGTGTAGCAGTAATTGTCCCGGCCTCCGTTAAGCATCAGTTTTAGTTGGCCTTTACGCGCATTTGACCGGGTGGGAGGCCCGACAACGCGCGTAATTAAAGAGTAACGTCCTTTACGGGCCCGTCGCCCTTATCCTCGCGAAGGAGTGGCATCGCACGTTCTCTGCGTCGTACGACGACTTGAACACTGTTCAAACGGCCATGACAGTGCACTTGGCAACCTAATTTAATTTGCGCTTAATACCTCGACGCCTTACCGCCTTTAGGTTCTTGATCGCACGGAGTCGGCCGGTTGGCCGGCTTCTCCCTTTTCAGGACATGAACCTCTGCGGTAATTCCTGCGTCACATCGCGATGCTCCACGTCTACAAATGAGTCCTTTGTGCAAGACAACTGAACATTGTGCCACGCAGTAAACGTGGCCGATGCGCTCGCAAACAATAAGTCCCTAGCTTCAACTAGTGCTTTATGTAGACCTTACATATGAACGAGACCCACTGGAAGGGTGGGCGCCTCGCGTATCA,578,51.73,Saccharomyces cerevisiae
SEQ_636556,GGCACGAGGTGGGCCGTTTAACTGCGTACCTAATGTTCATAACGGCCCTATTCGTTGAAACCAATCCCTTCCTCCAGGAGGTCGTATAGTTTCTACCGCGACCCCTTTTGACCGATCACAGCACCTTCGTTCTATCTGCTCAGTAAT,147,50.34,Drosophila melanogaster
SEQ_749833,CTAAGAGGTCGTGGGGCCCTGAAGGCCTTACTGGGATGTCATTACAGCGATATTTAAGTATCACAGCAATGTGGAACGGAGAGAAAATATATGACGGGAGCCGATGATCCTCAAATGTCAGGCGACACTCACTAATTTGAGTGTTTCACATTGAGACGGGTTGCCCTCGTGCAACAATTACCCTCCGGCCAATACTTCTAAGACACCCACTCACATACCTCCTAAACTACTGTGACGAAAACTCCAAAAATATGCTGCACCTGTAGCGTAGCTAGAGATGAAGTTAGACCCCCCAGCGTCCCGGTCTCTGAATACACCGTTTAAAGTCGGATTGCTTGTGACACTTAGAGCGGTAGCCTCTGGCAGCAACGCGGCTATTTATCGTGCTATAGCAGGCTGGCAGCGTGATGTTTGTTTTTAGATCAGTGGGTCAGGCCAAAATTGGTGGACCCCGACGGAAGAGAAATCGCGTACATCAAGTACTTAGTATACCGAAATTCCAGGTCGGAACACACCTGAAAGGGTTCCTAAATCACCGATGATCGCCATGTGGCTTCCTAGAAAGGAAACTAGTAGGGAAAAGACGTGATTGGCTACACTAGGTTCGGATAAGAAGTGTTACCGAAGGGTTCACCAAAACTAATCCGATAAATGTTGATTTTTCTTAGTCTCAGCCTGACGCCGGTGAGTGCACCCAAACCGAATCAAATAGCCCGGACTCACATATTCACCTAGCCCATCCAGATGGAAATGTCTCAGTATAGTTGTCCCATAAACCGGTAAAGTAGAGCCCATAGATTCTAGTGCCTTGATCAACCCACACATACTAAGGTACCCAGTGTACAGTCGCTCCGCCTTTGGCAGAACATTCCGCCTATAAGCAGAGCGTCGGAGAAGCGGTCGGCAGAGAGTATCGGGTAGTGTGGCGTTAAAATAAGTGTTGCCCAGTAAACAGAGTACTGCCCCCGTGCGTAACACTTAAAGTAGACAATGGTATTTGCGTAGGCCCATGTCCTCTGATTATTACAAACTGCA,1035,47.63,Escherichia coli
SEQ_825489,GAAGGGCGGCTTCACCTATCGACCGTCCTTATGCGCTGAACAGGCCCCTTAAAAGTCCGAATACTAACGTAGGTAATTGTGGGATGAAGACGATCATTCATCAGTCCACGGCTTGATTTATCACATAATTTTGACCCGTCTCTTGTAAAAATCCAATCCCAGTGTGACTTTCTTGCCCTATAATTGTTAGGCTAGAACCGGCGTGCGGTTATAACAAGCGAAGCGCATCGACCGGAATTCGAAATTGTGGTTCTTTTTTATCACCGGTGCCGATAATCTGCGGAAGGACTAAACTCGGTCTCATGTTACAGTTGGGGCCTTCAAGATACATAGATCATTATTTAGCTGCCACCCGCGGTTCCAATCGCTTTTCGCCTCCTAGCGCATACGAGTCGGGCTATTTAACATATCACCACATTAAAATCAGTCTCATCATAGACGTAAATCAGGGTGATCCTTTTGACCCAAGCTTCCAGGGCGCCTACGTCGGTAGGAAATAGCCCACGGCAGATAGTAGTCGTTAATTATTGAAGTCCGCTGTAAATCCGCTCGACTCGCACAGGCCTGGTGAGACTGCAGTTGTTACGTCCCTTCGGATACATGCAACGAGCACAAGATGAATACCATAG,629,47.06,Mus musculus
SEQ_996357,CTCTGGCAAGCGATTTGCACTCCCAGTCAAACGAGGTACATCGTCGAAACAAGCCAAAACGGGCTTCCTCCT,72,52.78,Drosophila melanogaster
SEQ_531266,GATAAGTCGTCTACTTTAACGCGCCCGGTGTAGTGTCTTTGTTGACGTAGGGCTATTCGTTGCGGTCGTGCTGACGTGAAAACGAGTAGCTTATACACCGGGGGATCCCACTCCCCTTCTCAGACTAGA,129,51.94,Mus musculus
SEQ_581721,CATTAAGTGATTAATATGCCGAATGCGCGGAACAAAGCCACTTTCCCATTCACATATAGGGCATCCCAACCTAGAGTTAACTGGCATACTTAGGGAGCGATCAATATGCATCACCAGCGTGCCTGTTAATGCAGAGAGCTCGATAGATTTCGCGTTGCGAAATACCACCCTATTACGTCCGACGAGCTAGTTCGGCTTGGCCCCTGGAGCGGCCACTGTTAGAGCTCGTATCTCCTCCGTAGACAATCGCACTGTAGCTACCTATTGTTAATTACCCACGGTAAATAATCCAGCTTTTTCGGATTACTAACTCTACAGATGCACCGAGGCCGGCACCGCGTTATTTCAAGAATGCTGTTCGGCGAGCTGCCGCCCGGCTAGGGCAAAGAACTCCCAGGGATATTATTCCCAAACGGTTGATAGCATACTGGTAACGCACGGGATTAGCCGGTTGTGGTATGTGACAAACCAGCACTTAGCGGCGACTTTGAATCACGTTACCCTCGGCCCTTCAGCCTTAGGCGGGCGCTGCCTCTGTAGTACTCTTTGCGCTGTCGCAGAGCTAAATCCCTTTTTTCTCGACCCTTCCGGATCCTCATCTAGTGGTCGATTATACAAGACCAGTGTACCATAGCGACATCCATTATGGTCGAGGCTTCCGGATAACAATGACAACTGCATTCAATCAAGCTTTCTCAGGCTTGATTTCCGTGCTGCTAACCGTAGCCCAGATCTCTGTGATCATAAGTAAGTGACGGTCACCAGTTACCTAAAGAAACTGCAAGAGGGAGTCGTGGAGTTGTGTGACCATATGGCACCGGCTGCCAATACTGTAAACGGGTAGAGTGTTGATGACATGGTCGCAGAAGGCACCGGCACTATACCTATCATTCAGGAGTTCCACTCCAGCGCCGCGTATCAAACTCTCTGACGGCAGACGGGAAATGTACAAGGTGTACAGACGGCACTGGTAAGCCTAGAGAGTCAAAGCTCTTCTGCCTCATACAGCCCCCTCCTGGTGCGTTGGGGCGAGTAGACGACTACATTCCGGCATACAGCGACACCTCCGCACCCGTACATTGACCTAATGCAAGCTCAGTATTTACAGGTATATCGGCTTGCTGGAAGTGAGATAGGATATACGACCAGCCCGTCTGTCACAACTTGCCCCTACAACCAATTTCCTGCGTGGAAACTACACGCATGATCCTCACTACTCCCATTGACGAGAAGCATTAAGCTAACAAGTCGATCTCTGAACTCCTTGGGCAGCATTGGTCTTACTCGGTGGAAGCAGCGGTTCTCAATTCAGGCGGGACATGACATACGGGCCACGAAAAGGAGATATTTCCCTCGCTCATCCCGGGGAGACGTGGAGTATCACAGCCCCCATCACGGTAATAGATTTGGCACCGCCGTAATCACTATAGCCTATAGTCATGTATATCTATCATGGGGCCCCGATACCGGCGGTGTCTCTCCCAAATATCTTAATTAATGTGTGTAGATCACTTGTGCGAACCACGAGCGGGATACATTTTTCCAGGCTCCTAACGAATCGCCCTTCGTGATTTAAAGGCAGTTACTGGGTCTGTAAACTTTTTGGTGTCGAATTCTCTTGGCAGCCCATGGCCCCCTAATTTCTATCGTCACCTGCGTACATTAAAGTGGTCTCTGCGTTAGTACGTGCAGTATGCGGTTAATCCGGGTTGCTAGGAACTTAGGAGGGGCCGTCATATATACACAGGGCCCCCCAGCGTACGAAAACCATAGGGGTGACTAGACATTGTCTCCATTTCGCCTCCGCCCTCGAAACCGAGATGAATTGCACGACGCCCTCTCTAAAGCTGGACTTAAGTGTCGGAGGCCTCGCAGAAGCTGCGCCACGATATACGCCTTTTAACGTCTCCATCGACCGCTTTGCTAAGATACATACACCTCCTGAACCCAAGCG,1954,50.56,Escherichia coli
SEQ_544664,ACAGTTTCAATCGCACTCCTCTTTGAAGTAGCACGGCGCTTCACAGATCTCGGTAGGCGTCGATCTTCGCGTGGTACACTCTGGTTTCCTAAGCCCAACTGTCCTAGACTCAGAATCCAATCTGTCACGAAAACATTGCCTAGAAACAGCTCGGACCATCGTTACGTAATCAGTCGAGCAGTTTAAATCTCAGACGGACATGGTCGTAATCTCACAGAATGAATTTAATGACTTCTATTAGCTTACTTCGGTGATCTGCAACGCAACCTCTTGAGCCCCTTACTGCGTTGGAACGTGGGCCCCGCCGCCCTGTGATTGGACGGAGTACCGCTAACTCCGGTGCTGGTCGAATTCGATGTCCACACTTCATTAAATACTTCCCACCGGAACCGAGCGGGCATGCTAGCACATCCTTTGTATTCTAAAGAGCTATTACGTGATCACATACTACTTGGAGCAAATCTACGAAGTCCTTCATGTT,481,48.23,Escherichia coli
SEQ_375167,AATGTCTCTAGGAGTACTTACCAGGCGCCACGAGGTCCAGATAGTAATGGAGGTGGCAAACGCCGGCCGACGCTCGGTAGCTGACTGCGCTGTCTACCCAAGTTCGCGCTAACTTGATAACAGATGGCGTGCTAGATTTGGGGTCGGGTCTGTACAATTCAACGAAGAGGACGTGCAATGGCTAGGCTATTCATACGCCTCGCATATCTCTTTGAGTATTTATCACTATTTATGGAGCGATTTTGAACGACCGTCGTACGCGGCGATCCATCAGGTAGACTACAAACGAGTGCGTCCGTATAGCTTATTGGGATATCGTTGCATCTTATCGGCGGAGATTTAGGTCCGCCTTTAACCCCAGGACATACGGCTCTGATGTTTACCCCAGATTCCCTCTGTCGGAGACGATAGGATTGCATGCTATATAGAGATGCGAAATAGTTGTGTTCACTGAGTCGATGTAATCCGTTGGTACTTAGACAACTGTGCATATAAGGCGACGGCATAACAACCACTACTTATCGTTATGTTGGCATCGATTGATTACATACGAGCTGCCGGGCGTGGCGTGCTATAAGGTCCGACGAGGCAGGGGCGGGACTATGCGCCAAGCCTATTGGAAAACCTCGTACACGTGATTTCGAAGAGTTATGGCCAGTAAATTGTAGATTACTGCCCCTCCACGTTTTAAATTCTGAGGTTTTTGCAACTAATAACTCCTACCTTTATTCGAACGGATGCAGATCCGCCCGCGACAGGGACCCCTAGTTGTAAAGTCCCCCTGAGTCAGTTTTACGCAGGGGCAATCGAAAATGGTTCACTTCGTAATATCTGATATGTGAGTACTGTCGCCCTCGTAGGTATTGCGATATATAAGTAGTGGCTTTTTCTCATTTTTGATGAATTTCTGGGGTTCAGAAGATAACTAACAGAGGACTTTAAGACCCATGTGAATTTTTTACCTATAAGGTTATTAGGGCTGTTAGTGTGTGAGGGCTTATGGTCACCTGACATGAAAGCCCGATAACGCCAAGTCGACACTCCAGTGTTTGGGTCCTTGTTTTCTAGTCGTTTTACCGGGCACCACAGTGAGCCCTTAGCCAGTCCTGATGTACTGAAAATAAGCAACATACAATAACGGCTAAAATAACACCTCTCCAGCATACGCAGAAGTATTCTATCCGGGACGAAAAGCCTAGCTTGGTAGATTTAAGTTGAACTTAAAGAGGGTTTTGCGTCCCGTAGATCGAAGAATAAATGCCTGCTATGCAAACTGCGCAGTATACATCGGACTGCTTTCTTGGACTGTTTTCTGGTAATAGGCTCCCAAAGTACGAATTCTATATTAAGGGATAGTAGGGTGGAGCAGGTTACACATCTAACCTCGGCCCTGCGCGTGTGAACCTCGAAATGCAGATAACGTTTTTGTCTCTTGGCGGACACAGCCGGTCACGCTTGTTACCCACAGCCTATATGAATTATTCCCTGTAGATGACCTAAGCGGCGCCAGCTTGGGCGTCACCGACAGAAAGTACGACGGACCCGTAGCGGCCGTAAAAGGCATACCTTGATCGACCAATACGTCTCTCCGATCCGCAGCGGCCAGGGTGGGTCTGCATTGAAGCTTATAAGGTGATCATGATTGACTATTCCCCCAGAATCCCTAGGGTCTATAGGGATTTAAATGTATAACGATCCTCAGTTTGTCGTCCGCGCGTAGGTTAATTCTAAGTATCGAATAATCTGTGGTCGGGCCCAGCGATATCTGCTCAACGCAGTATACCAGCTCTGACAACTCGTGAACTTCGGAAGTTTGGCTGTGGGCATACCCGGAGTGCCTATACCGGGTCTTGTACGTGTGCGGATCG,1868,47.81,Mus musculus
SEQ_192697,GCGGTTTAGGGCCCAAGCCTTAAACTTAACATCTCCGTCACGACCGTCAGGGCCAACAGTTGCAGACAGTGGGAGTTCTATATATGATACGAACTCTGTACTGGGCACCGGACAAAGCAGTTGTGGCCCAGCGGATGACTCTTCGCTCTTTCTCTATAGACCACTACGAAGTGGGCATAATTCCACCCCCACACCGTCCCTTTATTTGTCAGGCCACTTGATTGCACATCCAGTCGTCAGATAACCTTCCATGTATGGCGTTGATAATGCAAAGTGCTATAAATCATCGCGCCAGCTAAGATGTTCTACCAGTGAGGAGAGGCGATGGGACCCCACTAGGGTCCGGCGCGACGGTACATCGATGGGGAGGTGACTTATTAATACGCGGTTCCGATCCCCGACTCAGCGTGTTAATTTACGGCAGAAGGGCACCAAGTCGATTGCCTCTTGTGGAATTGGAAATGGAAATGTATGGTTGCTACTATGCATTGCGGAACTGGTCATATCCTCGGAGGCGCGATTCGCATGCGTTACTTATCCGGTCGGCGCGATCGGTATTGCTACGAAGAGTGAATCGCCTTTCTATCATGTTTCAGGGAACCTTTTGTGGTGTGCTGGATCGGAGGGGTTAGAATCAGTGGTGCCTGGTGGTTCATCACACCCATCCCGCTCATGACATGGCGCGGCTACTACCCTGACTATTCAGTCAGCTGCTACATTGCTCGAGTGACTACCGACTATCTGTTTGTTTCTGGATTCTGATTGGACTCTAGTGTCTAAGCCGAAACCCGTATGGCGTCTTAGGAGGTTATACACGATGAGTGTAAACATGCGTGTATCGGGTCGTGTATGGCCCTGAATGCCTTTCGTAGTTCAAATGTGTGTAGTGGGCCGCGCGAAATTGTCAACTCTCCTCGCGTCAGCTCGTCAAGACACACCGCAGGCTGTGTTCAAAAGCGGGATCGTCACGGCATTGGGTAGCTCCGTGGACACCCACTATTTAGTCATCAGGGTGGAGCTAAACTAGATAATGACCTGAGTTTGCTCTTGTAGTTGATCCTAACGGTCAAGGCACGAACTGTCACATATGCTGACGTTTTGATGCCGATCACCTATGACACGGCGAACAACGGTCTATTCAGTGGTTAGCCTGCCGGTCATACGCAATCTCCAGGTAACAGTACAGAAGTTCAGTGCGATTTCATGTCACGGGGCCCGCTCGATTTCTATGTAGAACAGGAAGGATTGTGAGACCTAGGTAATTCGGCTTGGGGAAGAGACGACGGTGGCAACAGAGCATGGTCTGAGTCAAACCACACGTAATCCCACACCGTTAGCACGATAGGTCGTTTCATGCAACTAATTACTCGCAGTTGCCTACAATCCTCCATCTGAATACCGCGACACTTGGATTCCGGTAGGATGACAAGAGCTAATCCGACTGAGGTATCAGATACGATCACATGGGGTAAAGTCAAACACCTACACCCTGCATAGCTGCAGTCCCTCGAACAGCCTTGGTAAAAAACTTATTGCCTCCATATCTTATTTAAGGGATCTACTTGTCTATACTTTCTGACTCAGCGAGTCCATTAGAAATGAAGGTAATCACATCGACGAAAATGAAAGATGCTGTCACCTTGCACCTAGTGCCAATATTTAAGGTCACGATAATATTCGCCAATGCACTAGGTGGGGGCCCACGCTAGTCCGATGCAGACACGCTATGCAATGAAAAGCGCGCCAGTGCATTGCTCTGTAAATTAATCACACGGTACTTCTAGCTGGGTAATAGGCCTTAGGGACGTCCACTGAGTTCTTAAGCGTAAGGAATAAGAACGGGGGCCG,1848,49.51,Drosophila melanogaster
SEQ_197781,ACAATTTTCAGACTACTCGGATCTCGGCCGTGCTTATAGCGGAGCGATTGGCGGTGAACCGCCGTAGTCTTTAGACTGGGCACTCGTAAAGGGTAGCAGAGTATTGGGTTAAACAAAAGCAAAGAGACATCTGCAGCTTCCATAACGACTCCGGTACGACACTTAGCCGCCTAGGCCCGCAACCTCGCTTGAAAAACTGGTGTGTGATCACTAGGTTAGCTTGAGTAAAGTCACTCGCCTCAAGACTTAGCATCGTCGCATTACAGCTTCCATTTCTACCACGGGCTAATGGGTGGTCTGGGGGCACACGTTTCAGGTTGTGTATCGCGGCCAGTCTAACCAATGCATTCGAGTCCTGTACACTATCATGACACGAAACGTGGGCACCATCGAACGAGCTGGTGGCCAAATTCGCGCTCATAAAGGTACAAGAATGACGGCAGTTTGGATGGTTAGAGGATAGAACAGGGGTCCAGGGCCTAGGGAGCTACTCGGCTTGACGGTTTGGTGCCGGTACTAACCAGCTTCCCATCTGGCATTT,541,51.57,Saccharomyces cerevisiae
SEQ_420256,TGGACGCTCGATAATGCTACCTACAACGCCACACCTTTCACAGGGACTATTGGAATGACCCAAATTGCTTCGAGTTTGGACCGTAATTTATGAGCAGTCCACCAACGTACTATGCCCTGGGGGGTAGAACGAACATAGCTACCTATGCATCGAACAGTCTAACTGGCCTTCACCGGATAAGAAAAAACTCTGGTTGGCTTCACGGCTCAACGGTTGGTCATCAATATCCCATTCTGGGTATGTACTGGGATCGAGCTCCTCTAGTTCAACTCGAAGGTCAGGCCGTTATACGGACACGACCGATTCGTCGAGGATGATAATAGACCGCCGGTAGAATAAGTCAGATATATCAATAATTGTAGAATCACGACTAAGAACGCCGACTGGACACCGTTTACCTGACGTCTATGGTGCTTGAC,419,47.73,Mus musculus
SEQ_247029,AGCCTCCGAAGGTAAGTAGTCGAGAAATCGCTCACTATGCGTCATTTACGTATCTACACTTTAAGGTCGTGACACTATACAGCTTGAATAGTCAGAAATACGAAGGACGATTGGATCGATCGGGTTCCCGATGTATCTCAGAACTTCGCACCGGCATGATCCGCCTCACCTCGCGAGCTTTTTTGACTCGGCTGGTACCTACTTCGGATCGTGCGAGCAGGCCTTGCGTTTTCCTTATCGCGTAGCTGCCTACGTCTAGCCCGTTTTCCCGTGACGTAGGGTAATTCTGCACTTTTTCTAGACCTCTGGCTGAAGATGATTATAAACTAGAGCTTGTTGTGCGTTTCACCACCGTTTGCCGTCGGTTACCGACACACTGCGAACTTAGCAACGTAGGATCCACTATCCGCTAGATTATCAACTATACACCGTTGGATTTGATCTACTAATATGTATTGGTGTCGATGAGAACGGCCTGACATGAAGCGTAATGAACCTGAATAAAACGGATTCGGGCAGAATATCCCTCCGGGGTCGTGCCCAACGGTGCAGGACGTAATTCGACAGTAAGATTATTTTCTGCGCGGACAGAACAATTCCCACACTCACGTAATAGACAAACGGATAGTCTAGTCGCAAGATAAGCTGTCGATTCGTAATTAAAATCCCAATCTCTTTCCCCGAGCTCGGCCTTGAAATTGCGAGCATTCAGTCTCGTGAATATCTTCTCATGACTGACATTATTATCACACCATCGCCGTGCCGTCAGGTCTGTTTGCCGGGAAAAACCGTGGACTCTGATCCATACCGCGCTGCCTGGCAACTTGGTACAATATCGTCTGCGACCGCTACGTGTACAACACAGCAACATCAGTGTCCTGGGATCTCACCTGCCATGCGGTAACGTGTTCCGTGCCGATTCTTCCAGCGAATGGTAGGTATTTGGCTACAGCTCTGTCACCGCACTAATCAAACCCTATTGGCTTCCGCTGGTATAAAAATGGACACGAAGTAGTTATGCCCAACTGTTCGGAGCCAAACCCAGGAGGTACTTTGGGGTTTGTGAAGCCATCAGGCGGTCAACGGGCGCTACCCCCTCACGTTGTTAAGAGGTTGTACACCTTCTTTGACAGTCAAACTTATCCGGTAAAGAGCTTCTACTTTTATGCATGACGGTATCCGCCGGCCGTCCATGGCACAGGATTATTTTAGCGCCAAGGTGCTAAGGGGCTCCGCCACGCCTAGAATGTCGTTGACGTGTTCTACGTGCTAGAGCGTTACTTCGTTGGCAGGCGTTAGACACGTTCTCAATTGTACTGGGGGTAGTTCGTACATGACAAGTGGATGGTAACACATGAGTGTCGCATACTACACTAGTGCTGTCTGACCGAGCTACAGTGGGATTATACAAATCGGACTGGGACCCTCGTGAAAACATGGCTAGTAGCACTTTTTGAGAACCTCGTCAACTTTAGGTATCTTCCACCCCCCCAGCGTCACACAAGGCCGAAGTGGGATAGTCGCAATCTAGAGACACTAGAATAGATTAGGGTTTGCACCAGCCGAAGGCCACTTACGCAGACTGGATCTTGCCGAAGGACATGGGAAGGTGAGAGCAACACTCGCGCATATTCAGCCGAAACGCTACGGTCATATATTGGCCTTAACTGCTGATGCCGATTCAGAAAGTCCTGATGAAGAATTTAAAGTGCCTAAATCATCCCACTCTAATGACTGCTTCTCTGAATTGCGTCCA,1756,48.97,Drosophila melanogaster
SEQ_625676,TACGCAGATAACATCAGGTCATACACCTCGACACCAACTGGGTGCGAGCAGAAACGGATACACACGGGAGTCCATTATTAAATATTTACGGAACCCCGTGAGCGCCGACAAGGAATGGACACACATATTGTCATGGAGGACAACTCGAAACTATACCCGGGTCTGAGATTAGTCAATCACTGTGAATTCTCCTCAGCAATCTATGTCTATAGATAGCCACCACGCCCCCCCAGTGGTACGGGGCATAGCTTCCTTAACCTTGCGGTGATGAATCAATGATACGAGTAATACACCGTTAGACTAGACGGCCGGGAATTAGATGCGAAATGACATCGGGAGGCGATTGCTACATTGACTCACTCGGGGCCCATAGTGGCGTCCGAACCTCCAAAACCTATACAAAACAACAACGCTTAGACGGTGGACGCCTTGCAATATTGAAACTCACAACCGGCACGATTGTTGCTCATATTACTTGCCCCCGGCTCGGAATCATCGCGGTTCTATATTAGTCTGGCTCCGGGAATTGATCGTTTTGGTCCTCCGCAGGGGCATCTTAT,560,49.29,Escherichia coli
SEQ_393715,GCTCGGTTCTGCAGCTCCATATCGATCTCGGTTTACCCACGCGAAACACACTCGGTACAGTAGGATCGTATCTATTGGAACACAAAAATACTGTATACTGAATGCTCTCGTGTCAAAAATGCCTGTGTTCTCCCCCTGTCCTAGCGGGCAACTCACCACTGGGACGGGCCAGAGCTTGCGGCAGTGTAGATCCCCAAGGGGTGGGCCTGGGAGGTGGCAGGACATGATCAGCACCAGGACCGCCCTAAGACATGAAACAGGGGGAATCCTCGGTCATGGGGGCTCAAACCGATATACAGCGGTTCTCTAATTTTCGTGCTACGTTGACGAACTGAAGCAGGTACTTATACGTATCCCTCGGTTATGAACTTACGCCAAGACTTAAGTGAGCCGTGGAACTTATAACTGTATAGAACAAACGTGGAAACAAGCGCTCACTAGACGTCACTACTGTGCACCAATCGCGACGAGTACACCGAAGGGGCAACCGGACTCACCGAGCCCCTAGATTGGGGAGGGCCCCTTAACTCCATCCTCGAACCTTCCCAAAAACGAAACGGTGGCATATTTATAATTATACGTCTCCCAAGTCCAGAGCCCGGCGCCTATAAGTAGGTACTTGACACTCGTCACCTAAACAATATGGCCGTACATCAGGTGGAAACCCAATACGAC,675,51.41,Escherichia coli
SEQ_619882,GAGATCAACGACGGTGGAACAATATAGAAGGGGTCTGTTAACCCCTAGGCGCACGTGTCAGCCCTATATCTCTCCCACAAGACTACACGTCTGGTTTGTCCACCCTTAAAGTATGGGATCAGGTGTAAGCAGACTCGACCCCTTGCTCCCGTTGTGGCGACGGTACGCCCCCTCTTCCAATTGGAAGAGTTCTACAAATTCTAGCAAATATTCCCACATTATACCGACTGAACATAATTACACAAGACACCGTGACCGGATCTTTGATAAGCATTTGAACATCAGCGTACTTAAAATTCCGCCAGTTTGTGTCATGAGCTTGCACAACCGGGGGTCTGCATAACCATGAGAGGTTGAGTACCCTGTAGACACAGACGCCGCACACATGGCCAATGTCAACGCGCCGTCACACCAAAACTGCAGGGATCCTCGCACTTACATTCCATGCTCCTCGATTTGATAATTCCGTCAGCCATCCTCCCACAACGTCATAACCCATATACCTTAGTACCCGGATGATTCACTACATAGCCAGCCGTCATGACCGAAAGTCTGCAACATATGGTCCAGCCTTTTTACTAACCTCCATGCGGCTCCCAGGCAATGCTACCGATTCGTCTCGGGGCGTAACCACTCCATACGCCTTCCCGGTGTTGACACGACTACACGGAGTGGACATCAGTAGCACCTGTGGACACCCGATGTGCCCTGTCTTGTCTAGTT,723,50.48,Escherichia coli
SEQ_141746,ATTTCGGAGCAAGTCGTCACTACCCATAGAGTAGATTGAGCACACTCAGATCGGCTATCCCGGCAACACGCCAACTGCGATTTAACTCCACAATTTGCTTTCGGTTATGTCGTCTCAATCAATTGACCCTCCCCACCCATTCTTGAGTGAGGAAACCGGGATGCAACGCGTTTCCGCCGAAATCTTTTAGGAACAGAAGACCTGTGAACCTCTCTCCAGGCCGCCCTGTGTGTGATAGGGATCGTCAATGAAACTATACAGCATGATTACATTCTACGTGGTTGGTTAGGAGATTCCTCAAGCGCCAAAGAGTGAGTTTAGAAAGGGTCGTATCGTTTATTCCTGGATCTGCAAAGCAAACCGGTGTGGTTTCAATAGCCGGGTGTTAGCAGAGAGGTCCGGCACTAGAATTCTTATCTGCGCATCGTTCTAAATCCTTCTCGTCGTTCTACCTAGAATGGCTTA,465,47.74,Escherichia coli
SEQ_143493,CTGACCACCGCGTATGTTTCTACCAGATTAGGGCGTCCCTAAGAAGACATAATGCGGGTGACTCCTAGTATGCCACACCGACCCTAATCCATTGACGGATTCATCGACTACGATTGCCATTAAAAGGGCCTCATCTTTGGGCAATACATATCAGCAAGGGAGTGCCGTAATTCCGAAGACGCTGATAAAACTCCAAAAATTAGCTACGCCTGGTGGATCGATTTGGTTTCCGAACAATCATTCTCTATCCCGCTACTAAGATCACCTTATGTTTCCCCGAACTACATATCTAGTCCACTCGAATCTAATCACTGGCTTGCTTCAGCAGATGCAATTATGTCCTAGTAAAGCGTGCCCATTTCCTGGCTGCACAAGATCGATGATTAATATAAAAGTGGCGGATTCTTGGAAGAGGCGTTACATCAACTACATGCAGCTCAGGCCAGGACTCCCAGTTTCGTTAGGCACGTCACGTAATCCGCGAGCAGCTGGCCCCACCCCCAGCCGCTCAGCTTCGCTCGTACTCGCTATCATCATGTCTGCATGAACCAAAGTGCACGAATGACACATAAGTTTATACGCCTTGTAGATCTGAACAGCCCGGCACTGGAGTATCACGAATCGGGGGAGTCACTGAGGTGTCCGAGTGAGTCTCTGTTACTGGATCCGTGAGTCACGCCACGCCGTCTTGGGTTGATGTGCACTCAACAAATGTGTCCCTAACAGCACGTTGCTCGCAAGAAGCTATTAGCAATCACTTGGATTGGCTCTCACATGAACTCCATTCCCTGAATTCCTTGGGAGACGCCAATAACCCTAGCCAGTATATATCCGGATAAGTACTGACCTCGAACCATCAATGACGTGTTCGCCAGATCCCAAGCCGCCTATCGTTAGTGCCCACATAGTTTACCCTTCGTTGACACATCATGCGTTAACGGAAGCTTGGGTATTCAAGGCGGATAATCATCTGATAGTTGAGGCGGGGCCGGATTATCTCCAATCAATAGGGTGGGCGATGGACTAGTTCAGACTCTGGCCCGCCATGCCGGATTGGTTAAATATGTAGCAGCAAGTCCATACGCGGATAAGAAGTCGGATTTCTTACGTAGCTCACCGGTGGGGCTGTGGAGCGACCGATTAAGCATCTTGAGGCGCTGCTGAAGTGTGGTGCAAAGGGGTACTCTTACACCTCGTGACATGCTAGTACTCAGGTGGGCAACAGGCCGGCGCTATTCAGATAATGGTCGGGAGTAGTATGCCCGCCTCCCATAGCGCTAGTGTCCCAGTAAGAAAGGTCTTTAATCTAGGTTGACGGCATGATTGGATACCGACCGTGCGCGGAAGTCTCGGCTTGAGAGAGAAAATTGATACAATCCCCCTTATGCTCTTGTATAGAAAGCCCCTTGTCGGTGCGAGAAACATCGGCATCGTCCCAGTCTAGGGCTCTCGCAACCTGAGTGTCTTAGTCATTAGCACTGGTGTCAGCGTTGCAAAGGCCGTGGCCATGGTCTCGCCTGGATAGCTTCACCTACACATCTGGAAACATAAGGCGTTAGAACCGCGAATCGATAACGCAAGACTTTCCATTTTTTACTACGTTCGATAGCGAGGCTCATGCAGGGCGGTCGATAGCTAGGATACCTGTTAATAGGGCGTTCTATGCATGGGTCAGACAGCGATGGTCGTGACATTCGGTGGTTATATTACGTTTGGGAGCCTCCATCTATCATGCGTATCAAGGTAGGCAGGACCTCTCTGATTTTTGAACAAAAGCCGGCGCTTGCTCCAGGATTAACTGAGTACGAACTTGTGGCCAGATTTACTAGCGCAGTTTTGGCAGACTAGTACAAAGTAGAAGAGCACTCGTAGTTATACTGCCAACTTGCTGACGTCACTATTGAATCTCATCTGGCAATGCTGGAAACCGCGCGAGG,1937,49.77,Saccharomyces cerevisiae
SEQ_186211,GTTATTAACGCAATATGGGCCATCGTTCCTACCACGAGAATCGTAAGCTAAGTAGCAGAAAAGCAACTCCATACGCAGACATCTAAGACAACTTACGAGGAACGCGGTTCTCTCAGCCTCGCGATAGTCAAACCGAGTGCCCAAAAGTTATATCCACTCTCGGCCCGGTACTGTGTGCTCTACAATAGTGCCAACCCGAGTATTCATATCGCCTATGATGATCCTTGTCTTGCTAGCACTCATCACGTCGCTAGCCCTGAAGACCCGCTGACGCAATGGAACTAAATCGCATCTAGGGCTAGTCGCCCGTCCTGAGATTATGCCGAGAGACCCGCGCACTTTTCACCAACAACCATCAAGTGATGAACAATCCGACCTCCTCTGTAATCTGGCTGGCCCTTACGGGCTTTGCAGCTGACACTACGGGAGCCAAGGGCAGTCAGCGAACGCAATTTAAACAGTGTCGCTCGCGCCATATGTTTTTAAAACACCCGCCGAGAGTGCATCAAAAAATAAGTCGTCTGCAACGCGCTCCCCGCTAGAAGCCCGCAGCCTTACAGACGTTGTAAGCTAGGAAGGCGTCGTTCGACACCCATAGACTAGAAGCAATAGCCCGCGGGCCCAAGGGCAGAACAGTCTACTATACCGTAACCCCACTTTTGGTACTAACTGATTCTGAGAAATGTGGATTTAAGGAGACTACTAATGGAACTCCACCTAAGGGACGCCTCCATCCTCTAGGGTGATTTTCATCTCATAGTCGAGGAGTAGGCGCTTCTAATATTGAAGAATACTTCGTATGTACCAGACTCGACCCAATATCATTATAATAATCGCCTTTCCGACAGTGCTACCGGTTCGGGGTGAATTCCAGCTCCAAACAGGCCGGATGCGCCCAGCAAAGCTGCTAACTACGGGCGAGTGACTAACGTCGGGATTGCTGGTTAGAGCTAAGCTTCTCTAGCCCTAATCAACCCAGAGATTTGCACGGTAAGATTTGCTCAGCGAGGTCGCTCGGGCGTCTGAGCATTCAATCAGTGATACGACTACGTGAATTCGGCCTTGCTCATACCGGGGGGTGGATTTAGGTTATGCCACCCCGTTCCGTTCTAGCGCGGTAAATTTAAAAGATGGGCATGCGAATTGGTTACAAGTTGTTGATCAATATCGGGACTCCTAGAAGTCAATACCCTGTAGAACTTCAATATACTCCCGGGTGCACACCATAGGGTAGTTTTGTCGCAGTTCTCCCCCATTGCGCTTACCCATTGACAGCGAACTCGCGCAGTTGGCCGACAGTCGCTCCCAGAGGTCGTAGCATACCAAGTTAGTCAGACCTGGGTATTTATCTCGAGGACCATCAAGGCAGAAATTAAACGACCACTCGTTTCCCAGTCTACAACACCAATTAGGGCAACCTACACTATCTTTCAATCTTAGTTTATGTGATTATTACTGTATTATTGACGGGTGAGCTTTTTATCTTGGACATTCACAGTTTCATAGTCTGCACGCAGTGTACGTATCGTCCTATAGACATACACTGGGGTTTAAAATCTAGCGTGTAAGGTAGGGCCACTTCCTGCTTCTTGGAAATTTATGAACCATCGAATCTTCCTACCACATTCGAGAGAGCAGTTCAATTAATTACTTCGGGGAAATAACTCGGCCGAACTGTCCTTGGGCAGCACTAATCTGAAGGCTCTTTGTTGCTTTACTCTGCACCAGGCAAAACAATACGCGAACAGTCCGTCGTATTCTAAACAGTAGCTCGATTGGCGCGGATGCATGTGTATTTGGTGTTCGCAACAAGGCTCCACAGCCGAAACGGTATGAGCGGATTAACTG,1848,48.59,Saccharomyces cerevisiae
SEQ_706499,GCCTCATCTGCCGCCTACTAACCTGCATGTACCAATCCTAACCCAATCAATAGCGATCAGGATAGTCGCCACGAGGCTAGGCTGACAGTAGGAAGCGCTCTACTCTCGTGTAACATCCCTATATCAGGACTAGCATGCTTACCCCATTTGCGAGGACCAGGTTCACCCAGGCCAGCAGTCGCAAGGTGGATATTATGGCAATTATTTGAGGTGGGTTTCGTTAGATGTCTTCAACTTGTGGCACTAATATATAGTCTGGTATTGGCCATCGCGTTCTTTGCGTAACGTCGTACTACGAATAGGAAAGGGCCCGCAGTATAAAACTCCCAGAAGAGCGGCCGCTTAACGAACGTATCACGATTTGACGAGCTGTCTACGCCTCGGAACCAGGTAGTGTTAGTGCCAGACGTGCTACAACGAAAGCTAGTGCCTCTCACTGAAGGCATGTAGTACTGGCGCACAGATGGCTGTAAAAATCGCGGTACCCAGACCCTTTGCCGATGTAGGGGCCTACACGTTGATCTTCATCACCGAAACCGTGCTGACAAGAGACGGACGCTGTCTGAGCATGACTACATCTAGTCCTTCACGGGAGCGGTCTTTGGGAATGACTGGGCGTCTTGGGCCAAGCCCACACCGAAGGCCGAGACGAAATACGGGCAAGGTACTACTGATTCAGAAAGAGAGTAGGCAATTTGTGCTATGTGTTTGGGGTGAATCGGCCATCCGGGAGCGGATTTTAAAGAGTGGAGCATCTCTCGCAATCCTAACGTAAAGAATCTCAGGTTTATCCATAAGGTGGGATCGATCCAACCTCCTACAATCCAAACACACCTATTAGCATCTGCTACAATGACATGATCGAAATAATCGACAGGACTTAAGAAGTACCCATGGTACGATTTCCTGACCTCATGTTATAGGTGCAGACGGATAAATAAAAGATAGCGAACATCTGCCATACTGCGCGAGTCACGAATGGTCTCTTGCTGTAGGTTGCACGAACGATGTAACCCTTTACATATCGACTGCAGAGGAACGCTGCCGCGCCCGCAACGTCTCCACTTGCAATGAACACGCGCATCGACTTCAGTGCAGGTACTTCCACTGTTATTTTTCGAGTTTAGGGACTATTCGACTAAGCCGGACTCCCCTGGATATATGAGCCTAGGTTGAACAACAAGGTCCACAGGCTTCAGGGCGTTTGTTGCTCTTTCGAAGTAGACGTCAGGCCAACGGTCTCGCTGTATGCGGATGTTTGGAAGCAAGACGCTTTTTGTTACGCCAATCCAGTCATCCCTAGAGGGAGGTATCTTCCGTACCGGCACCGCGCGAGCAGCCTGCGCGTCATCTACGTATAAGGTGCAATGACCTAACCACAGGTCTACTTAG,1392,50.14,Saccharomyces cerevisiae
SEQ_925140,CGCACGCAAGAGAAAATGCCGGTTTGCGCACAACCGATGGAGGCTTCCCCAGTTGAGCTCTTTGTGCATTTGTGGACACACGACGATGTTGATCATAGGAAGCTTACGCTTTCCCGGAGCGACTTGCCTCTCGTCCGCGAGTATTATCCGTCTCCGTCAAGAGAATACCTGTCTTGCGGTGCGGGGGGGCGCGAAGTTGATAGAGTGTTCATGCGTAGTGAACACACACCGCACGGGTAGGGAAATATCGCAGGGGAAATTAGGTGCTATGGGACTCAGCGCGCAAAGTAAATTCAGGAGCTGAAAGCCCGCGAGAGACATCGAGGCAAGGCATGGTGCGCGGGTCGGGGGCAACGAGAACGCCCCTAACCAATACTTCTTAAAATGCCGTTACGTTCGACAGAGCGCGTTACCACCCTTCCAAAGTACGCTTATATCGCAGGGTCATATGCTGGGTTTACTCGACGTACCCTGCCACTGCTGATCTTCTGACTCCAGTCTCAATGTGGTGGTACATCCCCAACTTACTCTGGGTCTTATCAAGAAGGTTTTCAGAAAAGAGAGTCTAATTCGGTAGTACCTTGGCGTGGATGTGCGACAGCATTGTAATGGGCGGACGATTTAAGTGTTTACTAAATAGTACCAGTTGTGTGAGTACAAAGCTTCGTGCATGCGTAACGCCTTTGAACGAGGGTAAGACTACAAAACCTGGCATCTCCTTCTTACATGGCCTCCACGA,739,51.29,Drosophila melanogaster
SEQ_708133,TGTCGAACCGCTAGTCACACATGTCTACATCTTTGTTGCCCCCGGTGATTGTCCGTGATTTTGGGATCGTCAGATTATGCTCGGTCGCAGTGTTATGTCACAAATGGCCAGATTTACAGGTGCACAGACGGACTGTTGTTGTTCCCACGTATAGGTCTGATTTATTGAGAAATCAAGGCCGTGGTGATACACGGCGGCGGGTTAGGAAAGGCCATTGATATGGGGGCGCGCGAAGGACT,239,50.63,Homo sapiens
SEQ_802806,GTGATTAAAACTATAGGAAGTCAGTTCATATCGCACAATAAAGCCAATGGACATCCCATAACAAATGCTTGCAGATATAATGCGTGATTTCCTATGCAGTTCATGGGTTGGCTGCGTTACGTCTAGTTTTTGTCGAGTACTGGACTCGTAATAGATGTACCGACTTAGTAGTATCTGAAGCCCTCTCGACTCCAGTCATATTTAAATCTTACGGGACAATGAGCTATGGATCATATCCGTACGGCAGTAACCTTGATGGATTCTGGTATACCATTGCAGAAAGGGCACCTTCGTTACAGTAACCCGACGCTTATCTCCATGGAACCGTTCGCATCTTTTATTATCTATGGCGAGACAGCAAGCTGCCAAAAGGTTCGAAGGTTGTCCGGATGTTAGTTTTGCACTACGATGCTGGGGAGCTTCGGTAGGGCGGTATGTATGTCGGTTAACGATTTACCTCAGCAGCTGTAACGAAATATTCAAGCCAAGATCATGAGCTCCGAGAAAATCTAGCTTGATTCAACCGATTGTGCCTAGTGTTAGTCCGTCCGCTGAAGGCTGTGTGGGATCCAGTAAGGATTCTGTAAGCCATGTCCGTAAACCCGGTTACCTTCAGGGGCCAGGCCTTTGGCCCTACTGTGACGACGGGTGACCAAACGACCAGGCAAAGTGCGGCCGTTAATCTTCGACCGCGCTCCTTACAAATATAGCATCTGTGAAGCAGGTCAAGGCTGAACTTTAGATACTAAGAGAATGTGGTAGTACCCAGATGTTCGCGCACGGACAAAGGTCCCCTGTTAATCCAAAGCGGTTCGTCTCCGTCAGTAATAGGTAGGGGAGATGCTGAGTGCTGAGGCTGCATTTCTGGACGGACGGACAGCGTTAGGACGCTCTAGGACGGAGCCCAGCGTACTCTGCCAGCCCGTGTTATGCGAGTGACTATGAAGTCCTGGCCCAGACAGCCATCAGCCTAGCCGTGAATGGCTTTGATAACCGACAACTGGTAGAATCAAGGAGATCTCCACGAAACCGCAAATCCGTGTGCCACTAATGTCATGCTAGTGCGCATCGGTGCCAAATTGATACAATAGCGTCTAAGTAAGGGAAGGTACGTTACAGGCGCTACTCCGACGGTCATTTTCCCAGCAGGGATCAGGTCCCGCCCTCCAGAAATTCATACATACACTATATGCCCTCATTATTGCC,1206,48.76,Escherichia coli
SEQ_823309,GGGATGGGAGAGATAAGACAGTACTGACCCACCGTCTACGTCGTGCGCCTAGGTGGGCCCGCACGGCCATTCTATGATTTCGGGCGCGCAGTTCGTTGGTTGCCTGTCATGGCTGAGGGCTCCAGGGCGTCCCGTGATACGACTCCTTTCACATGTTGGCTATGAGTGCGAGCGCTGAGTGGATTGGTGGTCGATCAGCTCAAGCACTTTGCTTTA,216,57.41,Drosophila melanogaster
SEQ_811186,CACCATTATACTTTTTCACAAACCAGCGCTGTGTTTATAATTTTCACGACGTAGGTCGCAGTTGCGACCGGGAACTTGTGTGACATATCTCCCAGGCCGTTCTAGCGGAACGCATGCGGGTTGTGTATAAGACTTACACCAAAGTGAAACTTAAAACAGCCGGGGCAGTTTAGAAAATCTCTCACGCTAGCATAACTCCTACCCGAACGTGCATGTCCGGACTTCGTGCCAGGGGGAGCGCAGTTATTTAGATATTGCGTGTTACCTTGGGTGAGCCTCGGCAAGCAATTGATCGGGCCGCTGTATGTCAAAATTCCGGGGACCGCATGCTACAAGTGGTGCTTTAAAAGGGAAATCCTAGGGTGTGAGCTGTACGGATTTTCACAAATTCAGCCGGAAGGGAACAACCGGTCGAGCATGCCGTAATCTCTTCTGGGGTGCCGTAACAATGAGGCTTACCGAGTGGTCCTTCACTTGATCTGCGGCGCGAACGGTGTACATCATGCTAGCGCCGTAAGCCAAGTATGCTCGTCGCTGTTAGGCTCTCCCGAACCAAACCCGGCTTGTAGAGTTATGCATACGCGTGGTTGCACAATGCGTGCGTTTGGACTGCTTATCGTTCGCCGTAACGCGGAAAACACTCCAATGAGTCTGACCTACAATTCTTTATCACACTGACGGAGGAATGGTAATTTCATAACTCAGTTGAAAAGGCAGGATGAGAGCCAATGTCAAATATGGAACGATATCCGTATGTAAGAGGCCATCCCTCACCAGTCTGGTCGAACCACTTTGCAGGACCAGAGATACAGCTCATTCCGCGATACGGCTAGGACAGAGGTACAGTCAGTGCACACGGGTGTGCACTTACCGCCCGAGTTGAATCTCGGCAGCCGATACCGGAATTCAGTTGTAACGCCAGGCAAATTCGTCGGAAATCTTCTGGTGTCAGGTGCTCCGAACCCGGTGGTTCCTTAACCGCGATGCGGTCATCTGCCACCGCTTGGAACGGAGGTTAATCGATAGTCTAATACTCACCGTTCCGCGATCTTTGAGCCTACTAACAGAGCGACGGGGCAAGGCTACACACCTTATTAGGTCCCAGTCTGGGATTATTCTTACGTATCGGCCCGGTTTCCGGAAGTCCCTCATTGAGAACTGTGCCGCATCTCTGGGGAGCGGAATTGTGTCTGACAGCACACCATTTCGTGTAAGGTCCTATGATTTATGAGGCTTTCGTGGAAAGTGTCAGTCGACTGCTTCGCTCGGATCCGCCAGCTGAAAACCATTAATATCATCGCAAATGTTTGGTCGCCAAGATATGAAAAATGTCCACTTGCTAGTAGCACACCGAAACTTCCCAGGTATACGCACACCCACATCGGACCCCCGACTCGCGGTTTGGCGGGTTATGCGGGACCCTAACAGAAATGTACTGACGGCTCGTGCTACGGTCCCCAGAGCGCTGCTGACCTATTCGGGGGACGAATACGCGCACTTGGACTTTGCCGGAACTACTTGGACTTCTCGTCGGGAGACACGAACGCAGCATGATTTTATCGGTCGCGGGATGCTTAATTAGCCGAAGCCTATTGGCATATGCACGTCTTACTCATCTCAGGCAGCCCATAACATCAAACGAGTG,1645,51.31,Mus musculus
SEQ_880280,TATTAAACTTTTGATGATCCGGATTGAAGTGAGCTTAGAGCCGGTATCGTGCCGGACGGCCGTATATATTCGTAGCAACTGGCAAGCGTGAAACCTTATACTACTGGATTCGTAGCCCTTCAGCTGAGAGTGCTCCTACTGGCTTACGGCCCGATGGTTTTGATTAGAGTGAAGACTGACTTTTAATATGCCCTTGGGTTACCCGCGCACAGACTTAGACGGGTTAATGTCAGCCTTTGGCGGAGTGATATGGTGGGGCTGTTGTAATCGTTACGCCCCCGGAATTATTGCGCAATATTATTAGCTAATTGCAAACAGTCTGCAAAGAATTTTGCGCTGGAAGTCGGTAAATTAGACTCGTAGAGCCTTCTGACTCTCCATAGCCCAAATGTCACCCACGCTCAGAACATCCCATCCATCTGGTGTTAGACCTTCACTGTCGTAGAGAGTGGCTGGCACACTTACTAGTCGTAGTCTCTATAGTTGAAAATTCTGGTATCAAACGCAGAAAGTCAAATCTCGCGCGCCGAACACGGCGATGCCAATGCACCGATTCGAATTTTAGTAGACACAGAAGCTTTCGTGAGTGGCACACCACCAAGCAGGCGTCGAACTACTCTGTCTGTAACGTCAAAAGCAGGGTCATCCGGAGTAACACGACGTGCGAGCAAAGTTAGACACCACATTTCTGCCCAAACGGGTAGTTTTAACACTAATCGGCAATCAATTCCGCATTTAAAGCAAGTCGCGAACAACTCACCCACTTAGTACCCTCACATTACGAGAGTGAGCCTAATAGTAACAACTAAGACGGTTCGACTGCGATAGCCGCAACAGTTGTACTAATCACCTGGGTAGAACTTCCGAACAGAATTGCAGCCGCTTAAGTTAGTATTACTATCAAGGACTTAACGCAGGTGAGGCAAGACGGAAAAAACGGTGACTGGAGCCCTTACTCGCTAGTCCTAATATTGTTAATCCTGTTATACCTATCCTCGCGTCGACCGGGCATTCAACACTCTAGTCTCCCTCCCCGTAATGCCTGTTAGTGTAATATAGAAGGTGGACCCTGTATCTATCGGTGTTTTTTTAGCTCGATAATCGCCCACTCAGTAGCAAAGCTTTTAGCTTCAGCATAACTGGGTGGGTACTAGCAGACACGGATTGACTTTACCTTGGGCCTTCGTCTTCGCGGACGTGGCGACCTACTCAGTGTAGTTTTCCGATAATTAGACAATACTTTACATCGAGATGCAAAACAAATCAGTTTGCCGAGCAGTTATAGGGAAAAAGCAATCCTGTTGCTCCGCTCGACAACCTGCATCTAAACTATTTCTGCTGCTCTTTATATGTAGAAACTGTAGGACGTCAAGATAATGTTCCCTAGGCGATCAGAGGATTATACTCGCAGTTAGGAAATCATCAAACCGAGCACGGGACGATATCACTCCTTGGAAATCGCTTCTGGAGGAAGCAAGACAGTTTTAGGGCATAATCGTGCAGAAGACGTCGATTTGAACTGCCGTCCGTGAGGAGTTCCTACTCCCTCAACAAGTAAGGCGCCCAGACTGAAACCCGCCTAGGATGTACAGGAGGTAGGTACCAAGATGCAAGAATG,1618,46.91,Saccharomyces cerevisiae
SEQ_227685,CCCGCGGGATATCTCAGGGGCATCTCCAACATCAAGGATACTACCGAGGTGAGACCAAGTGCGCATGCAAGACAAAAACCACGGAACTTCAAATTCGGTTGCCCTACGATACGTGTGCGCGGCCCTAGTGCCCTGTACCCGGTAACGGCAGACCTACGTCCACACAGCTGCCTAATGCGTTCCTCTGGCGGTCTGTTTCCGCAGTCGCCTCGCTACCCCGGGTGGCCAACATATAGCGTTATGCTGAGATCACGTCCGTGGAGAAGAAACAGTGTAGGGGCACTCCTGTTCTACGAGGGATCGGGTGCGAAACAGGGAGCATATCGGTTGTAGACCATGCCGTAGCCTCAGGATTACCCGTACTACTCTAAGTAGTGGCTAATATGAGACTAATCCATTGCGTGAAAGAGGGTCATTATTTTATGTCACGACTGAACAGTTTAATGACCGATGAACCCAGTACCCGACACTTTCGACTGGTTCAAAAATGGTCATTACCTGGGATAGGTGATTCCAGCCGTCCGAATTTTCGACCCATCGAACACAATGCAGGAACAGTGTCAACATGAGGAGAAGGCACCTTCCAAGTACCCCAGAACGAGAAGAATGGCGTTGCACCGTCTTTGCGTTGTTGCTGTCCCTATCCTGGCAATCCTTAGCTACAACTCCGCGTCGCTATTTCACTTAAGGTCCCTCCTTCCAGCTTGCTCGTAGAAGGCAATGGCATTCCTCACGGGCCCATGGCAATCACCAGTGGAGAGAAGTCAATGTACTGGATACCGGATCTGGGAGTACATGTCTGCTTAAAGTCAAGCGCGGTCTTTATTGAATTGTACGACAATTCGTGAGACATTGTAACTCAGATGTTCTGCCGCCTCCAACTACGCATATCCACTGCGACTTGTTGGCTAAATAACTCTACGAGCGCCGCACGCTTAGTTCAATTTATTAAAAAGCTACCCTATCGGTTGTGCTGATTAGCTTATTGTTGGGCTTTGTATCGTACCTATGCCCCACGCGGTCATATCAAGGCCATGGTCCACTCCTTTGACAGGTACACCCCCGCCCGTGCTTCACCGACTACGCCGTAGATTGTGTTCTCGCCGCTAACGCAATAGAAGCGGGTCGTAACAAATCTCACGTTCTGGAGGTATGACATGACAGGCTTGAACATAACTTGACTAAGTGCAATCAGC,1196,50.59,Escherichia coli
SEQ_270256,TCTTAACCATGTGTGCACGCAAGCTCAACTTGAGGCATGGTTCTATCTATGGGTGATGTAAGCCTAGGAGACCAGGTATGAACGGAAATTTGCCGTTCAGGGCCCATCTTCAGGTTACTGCCGAGTGGCTATGCAAATTTCTTGTACTTTTCAGTCTTGCTCGACCGTTCTGCCTACTATCCTGGTTCCATGGTCCCCTTCCAGCATCCACTGGCCAGCCGTCTCCCACGATAGCAGCGAATGTAATAAACTCATGCTGAATGTTTACTTTACGGTTCGGTTCGGCCATGATCGTTCGGCCCGCAAAGAAGTTTAATGATGTTGGCTATTGAGCCTTGCAACACGTAGTAGGTCTGAAACCATCCAAACCACTACGTATCAAATCGACTGCAGGAATTGTAGTTGCTTGTGCTGGTCACTAAACAGGAGTACGAGGAACCCCACATATGAATTGTTTTGCCACGAAAACGCCAACCCGATCGTCGCGAGAGTGTGGGAATAACGTTTCCTTTTGCGCTGCAAGCATAAACCACTATGTCTTACAGGCCCGAGCGGCCGTAATAAGTTGGATCCAATTGTGTGCATAGAACAGCCGCGCGGTGGGCGCAAAGATATGATACCCTACACTTGCATTTTAGATTCAACCGAAGAAACTCCGATTGCGAGAGGAGGGTAAAAGCGTCCCTGTCTTTATGTCCACCCCCCATAGTGGCATAGCTGGGTATATTGACATGTGCATCACATAACCTACATGCTCGGCCTGATTCCCCTGTGGGTGGACGACCTCCGCGCGCACCCCCTGCGCAAATGCAGCTGCAACTATAGCTTCCGCACCACCGAAATGTTTCGAGAACCGCGTCGTACCTCTGTGGCTCAGGGCCACGCCTGTACCGTGTCCGCATCGGTCGCACTGTATGAAATACCTAAAAGCTATTTCACCTTGCGGTACCTAGAACAACCAACGGGACCTCCCACTACGCTTTTGATGATCTGGTATAGTATTAAGTTACTTGGGTCTTCCCCGGGGGCCGTTATTCGGATATAGCTTGTGTAACTCTCCATTTGTCGGGCCAGACTATAGCCCTCCCTGCTCGGTTCGCATACTTGCCTATACTCACCGGAGAGAATCCATATGTCGATCTACCTTCTCCCCCACGTGAATTATCATAACGAACAGAGAAGAGTACCCGGGCAACTGACCCGGCGTCCATGTGGCTCATATGGCATCACAGTGTACCTAGTCGGTACGCGCTGGCTACAGGTACGCCATGGCAACCATACCTTCGATTCTGTCAGACTGAGGTACAGTTCGCTAGGCCCTAATTGTTGCTTCAGTTTCATGTCTGCGACCCATTGACCTCCCACGGCCGCTGCTTATAGCTATTCACTTCACTGTTTTCTACCGAAGATCACAATGCACAGTTATAGCAAACTCAATGGGTACAAGCTGCATGGACGTTGGAGGCATCAAAACTCTGCTAAACGCCGTGCTGTTGGGGAGTCGATTCATGGCAGAATGAGGGGGAAAGAGCACAGCTGACCAAAATCGTGAGATAGCCCCAGATGTTTCTCACGGCGGCCCTGCATTGAACCGCACTGCCCTCACTCGAGGTTATTCGTTGGATTACATTAAGAGATCTGGCCGAACTATCGCCGCTCCAAACTCACCATTCTTCTCGTTGACCGATGCATGAGTTTGACCATGACGGAGGACACGACCGGCCAACAGGTTTTTTGAACAATGATTCCTGTTCAACGACGAGGTTGTACCAGTGATCCCAGTGTGACTCATGCAAATGGTGCGCCAGAACCTATTGTTACAATGACCGTTGCTTGAGGCATCGGGTAGTTAGTACCGACATTTCATTGGACGGCAGTACGCGACTAGGCCTGTGCTATTAACCCGACAGCGGCCGCTCAAATCAAAGCTGTACGTTCTAAGGGAACAAGATTACCTACTGAAGGTGTTATGGCCGAGCG,1980,50.4,Arabidopsis thaliana
SEQ_997267,CTGTGGCTGCAAAGATGGTTAACCAAAAGCAACGGCCATTAGAATAGTGTTCCAAGGCACCCGAAGTACGGGTATAGCTACTAATACAGATCTGCACAGTCGCATAGCGTTCCCGAGATCAGCGACGAATTTATGACGTCGTTATGCTGTTTTTTCTGCATGGGTGATGGTAAGGTCCGATACACAGTTATAGTGATCTCTATGCCGAGTGTGACGAAATTCCAGGGGGTTACTGACGCCAAGCTATTTATTGAAGTTGCTATCTCGGCCGAGGTGCTGTTTCACGGGGGGGTCAGGCCTAGCCAAATTACATCAAGCCAGGATTTGTTCCGGGGGCCGCGCTAAACGCCGGCGATGTTGTTATTTCGTATTCTGCAATTTATAGGGCTAGACAATAAGCTACCTCGCAATATGCTATACCACCTTGTTACGGGGGCGACTCAACTTTTTTTCAAAGTGGGTCTCTACCTCACGTTCTCCAGTCGGAAGCATCTAGATTGTCCCAAACACTCATGTAGGCTTCAGCTCAACCTAGGTAACTGCAACAGCGTTTCTAGTTATCAGTTGAACCTTCTATACTGGCGTAGTGCCTCCCGAGGTCTGTTCAGCACCAATGCGGCTCACGGCTTCCCAGATAATTCCTTTACGGGCGGGTGGCCTCCTCTCAGACACTCAATGGGAAATACTGTGTAACACAAGCTGAGCGTCTATAGTGACTCGCCTATGAAACTGGCGAGTCTGATGACAGCAACCGCTCACCCGACGTACACAGGCCTCTACCATTGCGGCGAGACAACTCATTGAACTGCAGGCGCCTGGAGATAACTCCGAAACGAATTAAGGAGTGTCGTGTGGGAGCCGGCCCCACAGACAAAGGGATCTAGGATTGGGGTCAGAAATGGTAGCGGCCCTGTTAATCCCCAACGAAGGAGAGTATTAGGGCGTCTCCTCAGCAGCCCTAGACGCGTTATACCATACGGTACAGGGCGCTAGCGAGGCAACGTACGTAGCACTACTGCGGCAATACAGAGTGCGCTAATATGTCTCAGATGCGCTGGTTCCTATCGCGTGTTACTTGAGCCCGCGTTCTACCCGACCGCTTCTCCTGAATTTAGAATAAGCATGTTGACCTCTATTCTAGTACCGGATAGCACGAGTTGAGAATCGGGGCTTCAAGAGACCCCTCCCCGTATGTGTTCATAGGTGTACATAAGATCCGTTACTTCTCCTAACTTGTACCCCCAACTGCTCACTTCTCCGCCTAAACCCGCGAGACTCGTAAACGCTCGTCCTGTACGATCTTAGGCCAAGTGTCGAAACCATTGGAAGCCATAGCGAGTTCCGGGATTGGGCAGGGCGGGTGCGGAAGAGTTAGCATGCTCAATCTACTCACATGCCTGCCTGCCCATGTCGCGGGCACCCGACTGCTAGTCCTTCCTTAAACGTCGGCTACCGCCAGTACTTAACTCGTCAGGGCTTTACAGTCGATTGTCCATTCCCTCCC,1504,51.4,Saccharomyces cerevisiae
SEQ_907470,CGGTGTTAGCTGGAACGATGATGCGCGATACTTATTAAAATACCGGCATATTGGGGGGTGGAGAGGACTTGGATCTAATGTCCAAAGTATACTAGTGGGTATTGTCGGGTCGCACTAATTCTGCTTGGCGATTAAGTCGATTAGGCATTAGCCTGTTTCGTGCCAAACGCTTACAGGTGCTCTGTAGGCACCCAGTCTCACTGTCGAATACTCGTGCTCTCGATCCACGCCTGACCGTATAAGTCCCCCGTAAAATCGGAGAAGGTAGTGCGACACAACTGAAAGATGCACACGAACTAGCGAACGCGCAGGATTTACCAACTTACGAGGCGTCGACTCGCCCACGTAGAAGTCTTCAGGTACTAGCATCACTATTGCAGTGGACTTGATCGAGAGTCCTGCCGGCACATAGCACGCTTAGTGAGACGGGGGGGACCTGCATTCTAGAGCTCTAGAAACCGACGCGAACTTGAGTCCACCGCAAATTGGAGGCGCCACCACGCACGAAGGATTTCACGTTCTACCTCGGGGTAAGGTCATTCTCGTAAGTCATATCATACGCCTTCTGAACTATCACGGGGACGGCACTTTCCGTCCACTCGCCCTAACTCCGCAGTGTCACTCGTTCGCTAACGCGTTCAGGGGCCACATCATTAGCGGGCCGGCGTAAGCCCTGAACGGCTTCACGGCTAATAATACGACTGCTACCGCATGTGCGGTCACATAAGGCCGTTGGGTAGGATATGATAACCCTCTCGGCGCGTATTTGTACCGCTGTTTCCATGATATTCTATTGATGGGGCCAGCTAATCGTCAACTGGAAGGACCCTCTGTCGAGGAACCTGTACTTTGATCTCGCCCATATAAATACATGTAATCCGTGCGGGTCAAGCCCAATAAGTAAGGACCCGTGATGCAATATTAAGTTAGCGACTTGGACTACCGAAGTACGTAGTGCGTATCTAGAGTCTCATCCACTAATCAGTCCCGCGAAGCCCTCTCCCGAGTGAGAACCGCGCGTCATCCGTGACGTCGGTCCCGCCTGTAGGTCTCCAAGTATGCCTGGTCTGGGGGATACCGATTCCTACGAAGCCCCGGGTTTGCTTGGGGGATCTGCAACCAGTTGACTACTTATGGGCTAGATCTTGATTATCTGGCGGACCGCCTGGGGTATTGATTGCTACAGCGTCACTCCGAATGGGCACCCCTTTTCGATATGAAGCTCCTTTGCATTTGGGCCTTATTCTCTCCTTCAACGGACACAGCGGAGGGAACCGCGCCATCTTTCTATTTGGACCTTGGCAAAAGTAACGTTGCTTGGCCCCGTATATCGGCTACTAATAAAATACTTACATCTGAGTTAGGACATATAGCATACGAAAGCTAAACTCATGCTCGACGTGCAACTTGATTAATTTCGACCATGGTGTTGAAACGGGCCATCTGGATACCAACTACCGGCTCTGGCAAGGCCACGCTGAGTTACCGCTCGGACACTTATAAAACTCTCCACGGTCGCACCTATACCCTCGTTGCATGACGCAAAGGGCCCATACACTTATTTGTTCTTCTCGAGGCACCTTCGGAGAATTCCGATTATTCCTACCATTTGTGTTAGCCGCGCCCAAACATGCCCGGCTCTAAATCTCTTGCAAAAACATATGCGACCGGCCGGTAGACCGGCGACAACAGAAATGCTATACGCAGTGTATATACATACCCAA,1724,51.16,Drosophila melanogaster
SEQ_589191,AGCCACGCAAGATGACCACAGTTTGTTCTTTAAGCGACAGCCTTACACCATCTGCCGCCCTCGCCCCGCGTTTCAGGCGGAGGTCTCTCTGCCAAAAGGAATAGGTCACCGGCAGCCGCTAGCTCATAACTCGAATTGCTCAATATGTATAGGGTGATTTGACATAGCAAGATTAGGCCCGCGTAGCGCCCCCCAACCGCATACTATCAAACCGATTATCATGTTCACCGCTCCTCGCCCGATAGGGGCCACGTATGTGCCGTTAAAAGGCTCGGGCCAGTAGTATAGTTTATAAGAGTGGAACCAGACAGAGAGTAACAAACTTCGCGTGAAAAGGTATGCAAAGACTGGGAGGACAACTGTTACCATTTCCAGAATCGTCAATCAAACACTCTTCCGAGCTAATGGGTCTTATCTAGTGAAAAATAACCTGCTTCTCTCTTACGTTGCAGACACGAGGCTCTGGCCGTCGGACAGCCGATCGGTATAATTTTTTCAAACGGACTTCTGGTAATCGGGCAAGCTGACATCTAGCGTGTGATTAGGTTGACGCACAGCGTATTGGGCGATATTCAATACGTCATAACTCATGAGATGCGGAAAAGGTTCTGCCCTCTTGTTGAATTAGTCGATGACCGTCGACACCCAGAAGCTGTGCAAATTGCTCAAGCTTTATGATTACGGTCAGA,689,48.77,Homo sapiens
SEQ_985117,GTGAGCCAGAAAATGCTTTGCCGGGCCCAATAGAGCATTCTACACTATGCGAGCGAGCCGAGAGCAGTCCACGTGGATTTACAGTGGGTAAGCGGCACATCGCTGGCTTGATTCGCCGTTGGTTCTTGGTCGCTAAGGGAGCTTCCGTAATAGCCGCTGGCACCTTAAACATGATCTCGGTCCCCGTGACGGCTTCGCGGGCTAATATAAAAAAGGCCCGGCGGGTGAATCAGGTTTACGCTGCTGGTTCTCTGTAGCGAATCGGTTGATCCTTGATAAGCGTCACGGGAGTGATTCATCAATCATTTCCAAGAACCGATGTTAGGCACATAGCACGAACCGATGCTTCGAGAAAACAGCGCGAAGGGGGTTTCGTGAGCATGTATCCGTTGTAAGAACTGAGTATGCCTTGGGCGAGCTTGCATGTAGAGCAACTGTCTGGGATTCATTGGAAGTGGTTGAATTAAGCTAAGTGCTGCGAAAATTTAGAAAAATAAGCGCCACCTCAGCGAGACCAACGCCCCCAAAGGGTGCGTTTTCTCGCTCCGGATTCCGATGGGATTTGGACGGACTGGCGTCTTAGAAAGTGGCCACATTTCGGCCAGTGGGTTATAGACCTGAATCGTTGTGAACTCAACTAGTCAACGCGAGACATTCGGAGGCTATATAACATAATGCTCAGTGAGGGACAATATTTCACCGGCGCTTATTCTCAAACCCTATGCTCGGAAGAGCAAATCCTTACGTCAGTGAGGGACGCTGTAGGGTAGGCGAACCACAACGTGCTCAACGTCTAGTAATATGATGAATCTCCGGCCATCCGCAGGGTCAGGCAGAAGTGAGATTGGTACGCCCCAAGCGACAACTCTTTTAACTTATCAAATTTACTATTGCAGATCAGTAAAACCAATCCGATTTATACCATACGTCAGCTAGTCATAGTCAGAAGGCGGCCCAGGCTGTCGTAACGACGGGACGACACGGAGTGATTGGGGCATTCTGGTCCATAGTCTGGGCATACATCGGCGCCGACTCCTTTACTTATTCGTTGAATCATCAGCTGGCTGAATCAGTGCTCAGGCAGTATGCTGGAGCGAGTCGTCTTCATATGTTTTTAATATTTCTCGGCCGACCACTACACGCAACCATCTCATAACGTCGTGTTGCCGCTGAGTTTCAGGCCGAGAGTACGCACGACGGTCTACCCCTTGAGGTCGTTTCCGGTTTCGATTAAGCACGCACACGACGGGAAAACTGGGGGGTACCAACCAGGTTTGGTAATCTTATTGCATTGAACGGACGTGCCCGCTAAATCGACAGCACATAACAATCTAGAGAGAGCAGTTAGCGTTTCCGGTATTCATCGAAATGAGATTCGCAACGCGCATCTCACAAGGTATCCCTACTTACTAAGGTTTGCGGACCGTGCACCCGGGTTTCTAGAGACATGATCCATCTCCCTCCTGCCGCGAATCTAAACCTCACATCTCGCCCGTGCCGTATGGCAGTCCCGTAGGGGATATTTTCCACTTTATGCTAGGTTATCCGTCAAAGTTCCCTTTCAATACTTCTCCCGATCCAAATGAACGTCCGTTCTGCACTAGTTCACAGCCAGCAGGTGTCACCTTGAAGGTCAATCGGAAATTTTTTAATGTAGAATATGCTATAAGCCTTAAACAGGATCAGACAACATTGATCTTGACAATCAGAGGAGGAAGTAGACACTTTCTAGGCGGAATTATATCTGGCTTGTAATGCGAGTGTGAGCGATAGAGGTAGGTCTGTTCATCTTCGGCAACTCAAAAGCGGACCCTGAAATGCAAATTGCCGACATTGAGTTGTAAGCCTTTAGCCCACGAGTGTACCACGCAAGTAGGGGTTGAGCTCAGTGTTTAGACGCTCGACGGGACTCAACAAAGAGGCA,1924,49.43,Drosophila melanogaster
SEQ_773686,TGTCAGGACTCTGGTGAACCACTCCCCACGGGAAACAAGTGATCTGTTTCTGGATTCGGGCCGGATAGTCAGGTCTACCTAACACGACCGTAAGAACGACGGATTTACCTCTCCTATACTACCGGAGGGACAAGTAACGTTTGTTGTATTCTCCCTAAATTCGATCGAGAATCTATGGTAAAGTCGGGTGGATCGTTGGTTACAAGCAGATATTGTTCATACTAGGCTAGTATCGGTCATCCGCAAGATTAACTATCGCCTCGCGAACTTTGTACACAGAAGTGTGCCTCTCGAAAACACGTGAACTCCTTTCCCGAGCCCATTAGAGCGCAATTAGGCTCGGCTGCGTATCTTTGAG,358,48.04,Saccharomyces cerevisiae
SEQ_226217,TTGTTCAGGCTCACCCTAGGCCTATGAGCAATTTAGCAGAGGGGTGATGCGACTCCGCCTTTGGCAGTCCCCCTTGACCTTACCTAGAAGATAGATTTAAGCTTCCATCGAATTCTCCGTGACGGCTAAGGTACT,135,50.37,Saccharomyces cerevisiae
SEQ_255356,ACTCAACTCTGGAAACGATGCATGCCGATACGTGGAGCATCAACATAGGTCTCTCGGTTGGGCGATGCCTCACCGTGGAATGGTCTAAACGAGAGTTCGGGTCTTACACAACAGTGAAACTCTGGGGTTACCATGGATTTTCAAACTATGATGTACTAGTGTTGAGTCCCCCACCATGTTACCTCTTAGTCGTTGCGAACAATGAGACGATGAGGCCTCGTAGGTGCTGTATCTCTAGTTCGTATAATTTATGCGGCTAGGTTTAATGCCCGTTGAGAGTGGAGAGAAGCGACGTAAGAAGTTGGCCTTGGCTGCAGTTTAGGCCCAATGTTTTTACGAACAAGTGGGGGTAACCCAACTGCTGAGTGATCTTTCTAATATCAGGAAAGATGATGGACGGTCAACTATCGAGGCCGGGAGTTTTACCGCCGATTGTTAAAAAGCGACCTTGACGTATCGGCAACTGGACATTCTGCTAACATGTGACGAATGATCGTTAGCGGAACCTGCGCTTGTAGCCATACAGTTGTTGTTGAAAGGATGAGGGAAAGGAGGGATCTCAGCGCGGCGCTGCTCGTTACTCCTCTAGCCAGGATTTAGCGGGTTGATTAGCGAAGCGCCCTGCGAGGGGGTGTGGGTCCCCAGAAGAAGAATTAAACTAAGCCTCATAGAAGATAGACTGTAATATGAGCCCAACCGGGTTATCCGCTTCCCAATTCTACTATCGAGTGCGGGGCTTCAAGCGTTTTGCGCCCTAATAGCTGCACGTACGTAACATGGAAGCGGGAAATTCCGATCGGAAAAGCCTATACATAGGGTGTTCTGCGAGTGTAACTCCTTTCCTCTTCCGAAGCGCAAGCCGAATTTAGTACGTATCTCATTATCCGGCCCTGCTCGGCCGATCACTACGAGTGAGTCAACAATCTTGAGGCTTCCGTCCCTCCAGGCCGAGAAGACCCTTTACGGTTCATATAGATACCGAACATCTCGGCACCTCCTGGTCTGCAATCAGAGCGGATAACACGATTTGCACGTGAGCAGATCTAGAAACTCTAAAAGGGCGTTCAGCGCATGCCTCCAAAACACAGCTTATGAAATTGCGGCATCTGTTAAGAACTCTACGTTTACCAGCGGACT,1137,49.34,Arabidopsis thaliana
SEQ_857703,TAACACACAAGTGTCTTTCTGTCACCATTAGCGAAGATGAGAACCTACACCCGCGCTTCGTGGCGTGTCTCAAAGCCCGATTTAAACCAAAGCTAATATGCAGGTAATTCTGTGCAAACAGGTTCCGTCGGTTGGTTCAGGGTAGAGTGCCGGCCCTGTTATCCAGCGGCATCCTCCGCAATCAAGGGTAGCCAAGCTAAAGCCTTCCAATGCTGTACGTGCAACTCCCGTTTCGGAAACACCTCATTAAACAGAAAGTGGCATCACTCTTGCATGAGTGGGAACGTTTTCATGCTTACCTCAACCGTTTCCTCGTCTGCGCGCGCGGCTAGCGTCAACGACGAGTACACTCTTATTCCAGCCTAACGCTCGGGCACCCGGCCATCCCCCAGTCAGGTTGCACTCCTCTCTGGTCTGTACCAACCCCCCTTCCTATTTAGCTGTCAGTTAATAGCAGGATTGGACGTTCACTACGTGAGTCGGACTTCCAAACCTCCCCTTATCGTAGGATCCAAAGTAGGGTAGGTTGTTTACGTGTGGTATGGCAAGGGTAACGCTACACCTAACACTCTATTCCCTATGCGTGCCAGTCGCTCTGCGATACGATTACTAGCATTGAATCCTCAGAGTTGGGTTCTAATCGGCGTTATCTGTCCAACGCGTATCAATCGGGCGTGGTAGGATTACATATCTCGATTCAACAGGTAGTATGTTACTGTAAGGCATTTGTATCAGAGGTGTTTTTGCGGCGTGCGGAGACAGGCGTCCTGAGTTCTGAAGTTTTGGCATATCTTTGGCCTTATGCGGCTACCGATAATATCCCCGCGTCTATGTGACGCTGGTAGTATGATGACACTACGCTTCAGGCTGTTTGATGATATTCAAGAGCTTTCTAACCCAGGGAGCATCAGAAGCAACGACCGCCGGATATTACACGCTATTATCTTAGTTGCGAAACTGCACAAACGGCGGCATTTTGCAGTTTATCGGGCGCACGCAGTACCTCATACGAACAGAGGGTGACCCGCGGGACAGGGTTATCCTTAGGGTACGCAAATTATAAGCGGTCTTGGCGCTAGACTAGAAGGACCTATTAAGTTAACCACTAGCCTTACTTCAGGAAGGGTGTTGCATGATACGGCCTATGCTTCCCCCTCCAGTATCCGTATCCGCTTTGATGAC,1182,50.0,Drosophila melanogaster
SEQ_260993,CTAGGGTCGAGGCCCAATTGCTCCAGATGGCCTGTTGAGTTACAACTGACGGCAGAGAACAACATTACCACTTCCATTTTCCCCGTCATCCACGCCATATGGTAGCT,107,51.4,Homo sapiens
SEQ_151206,CTTATCGAATGGTAACGGTATCCCATCGTGGCCAGCATCAGTAACTTCAAATGAGTTTTTGACGCCGTTGGCGTTGAAGCCAGAATGCGACCAATGCGTGGATGTTTCTTGGGTCAACCTTGTCATTTGACCCCCTTGTTCAAACAGCTAAGACCGCTAAGCTCTGACTTATCGCTTTAAAATCTCCCATCTGTACCCCGATACCCTGGAACTCCGTGGTGCTAGAAGGAACCCCTGGGTACACTGTGAGTTTCCCGAGTATCCCTCTTTTCCTTAGTTTAAAGGTCATGCACTTCTAGGCTCCACAACACGTAGCGGTGTTTCAAGCAGCCCCCGAGCCTCGGATTATATACCACAGGTTGTCCAATTCGTGAGGGGCGCACATTGAGAACGGTGTTATCAGGGGACGGATCTATCTGCTTAGTGAAACAGCTAGTTCTTCGAGATCCGTTTAAGCGGCAAGTAGGTGCAGGTGTCTTCGTGAAATTGCCGATGTTTTACCCAGAGAGTGCAATCGGACAACGCCTGCGAACTAGCCGCCAATAGTGAAGTCAAGGGCATCGAGGTTTTCCTTGGGAAGGTAGTGTTGTACTAACACTTTCTGGTTTTGCTATTAGTTGGAACGGACACCATCACAACTGACCGGGCTAACCTTAACAGTAGTCAGCTGATGCGATGCTAAAGACCGACAGCTAGGGCTCAGTGGTGTCCCTAGCGCGTAGTAGCCACACACTGATAGTATACAGTACGCGTGCCGAAATCGTTGTCATCCTTAGACGTAACCTTCCCGGGGGTATGAAGCCGACTCATTTTACCCAAATTTTACGTTCGATTAGAAAACCCCATGCTATAGATGGGCTAGATAACACGGCTGTAGTTATTATGCTCACTAGCGTGCGCTTTATAGCTGTGGGTCGAATGGCCTCGGGGCTCCAGCACTCCTAAGATGGATATGTGAGATGGCGGGGCCCGGATAGGACTTCAACCGACGTCTAATATTTGAGTGAATCGCAGGCATTGCAGCTACGGCATCCTCCTAACTTACTCGTGTTCAATTTCTGTGCTGGTTCAACAAGATAACCATCTGTTGCGTAGAACGGACGAAAGTGACCTAAAGCAGAGGAGGGCCCCTGTCAGATAATGAGGGTACCACTTATTTTCACCTGTCCAAGCGACTAGTTAGACGATGTGCGATGCGGGGATTCACAAGCTTCAGCTGCGCCTTTCATGAACTTCCATCTAACAGGCCAGGTCGGGGTTATGGTGCGACCATTAGCACGCTCACGTCCGTCCAGACGAGTTTAATGGAGGCGTCGGACTGGGACATAGCTTGCGCAAACGGAAGCGCGGACGTGTCCAAGAAAACTAGTCCCCTCCGAAGCGGTAGAGAACTGAGTCACTAGCTTAGCTCGGCGTGCAAGTCAAGGCTAGCCTGTTTGTCGTTGCAATGTGCTACACGACCTAGCCAGACTCACGTCCAACTCCGGGTTATATCAGCCACCTCCCGGTCCACGCATATATTGTGATGATCCATACATCCATCTGACGCAAAATTGAGCGTTCACTAGAGACAAGGTTTGTCAACAGTATACAATCATAAACATTCCATTCCTAAGAACGATATACGATATTCATCCGGCCTGATAGCACGATGAACGAGCCTAGTTGACAGGCTCGCCATCGACCAGGGGTAGTTATAAACCACTTCGTCGCAGCTGCTATGTATGATAGCCTACTCCTGTTGGTCCTGTAGCAT,1756,49.6,Drosophila melanogaster
SEQ_453018,TTTCGGACATAAGACAAAATTTGTACGGGTGAGGGCACCGGCTCCGTAAGTGGGCGTTAAAGCCTTGAATTGCTTGCCATCCCTATGAGGTGCGCCTGCCAGTGTCTCCCGTTCTTTTTCTTCTACGGCACACCACACTACAGATTGAAGTTCGCTTCACATACCGACGGGGGAAATCTATAACCGGCGACGTTGGGATTGTGATACCACTAGACGCATACCTTTGGCGGTATATACCAGGCCATAAGGACAGTGATCCTACGTTGATAAGTGGGGCGATAGTTTTTAGAATGCCCGTTCTCGAGCTTTGAACTAATACCGCGAACAGGTCCTCGCGAAGGGTATGTCAACTGAGGAGCCACGTTAAGGCCACGCTGTTGGTATTACGCGATGGGGTATTATCATGGCTTATTAGACCTAGTCAGGGTATTGCAGATCACACCCTCCGCTAAGAACGACTAATTGAGTCGTATAGATGTACGCACGCTAGGTCATAGCAATTTAGAGCGGTCAAGATTACACAGTTGTGTGATGAGAATGGGCCGATGACGATGCCCTACCGTGCCCTTTGGCTCACACTGGGCCTAACGAATGGCTTAAATGGGTATTCCTCAAGCTCGTACCCATTGTTCGAATAGGGCCGATGGGAGTCCGACCTTCGAGTCTATTATCTGACTGGGGCGAGGCAGCCCCCAGCAAAAAATTCGAGGCACCGTAGGACTTTTCCAACGCTGCAGCAAGTGTCCCACTTCAAGGTGGCCATTACTGCAAGGCCTCTTATCATGCAATATAGATTTGCCGGTTATATTCTGTAGTGGGAGCACTGCGGTTCGTCCCCCAACTACGAGTTCGGACATCTTCACGCGTATTCTACTCCTATTCCGCCGCCGATTAATCAATCCGATTGGCGCTGATTTTCGGAAGAAAAATTCCGATCGGTAAAGAGAACACGACAAAGATAACCACAGTCATTACCCTCCAGAGGCGAGCGGGTTGATCTGAATTATTTGTGCGTAAGTCTGAGACTTCGCTACTGAACGAGGGATTGATCACGATTCGGATTCAGCGCCGCGTATCACTCAAATCGCACTCCATGCAGACAGGTTGTGCTCGGAGCTGGATCTGGCTGATGTGGAAGACCCAAGCATCTTGCGGTTATCTTACTACTTAAGTGAGAGAAGTACTAGAGCCAGATACGCTGCCGATACTGCGAATTTCTCACTACTGTCAGACTTGTACACCATTCCCCCGAAGAAACAGAACGCAACTCTACTGCTACTCAGATGCCTTTGACGGCAGCCCTTCGTCACCAGTGCTGCATGGCCCCTGGGCGAGGGAGTTATATACTCCCATGAAAAATAGTCACAATGATGACTGATTGAGGGGAGATTACGGGGCTTCTTTAGTGAGGCACGACCTACCGCCGCTGTACGACCTCATTCCATATTATGCAACTGTGAAAGATAGGGGCTGCGCTACCTGGTTCCGTCGCCCCATCGATGTCGGGTCTCGTACCGACCAAGGAGTCTTTGTTGCCTACGGACCCCAGTTGATGTCGAGAAGCTTTGATTTTACGGGCCGCTTATGGCTTCAATCCGTACCGGCTTTACACTGCGCA,1618,50.31,Escherichia coli
SEQ_662269,CGGAACGGAAGTCTTTCTCTCGTGATACGGGGATGTACATTGGTATGCAGAAATCGGGTACGAGTTCGTCCAATTAAGTCGCAGGGCCTGTCATCTAGCCTGCTTCATTTTAATGCACGTTCACCCACTCGTCAAAGCGGTTCCTCTCATGCAAGCGACCTGGTATACGGTAGACAAAAACAGCCCTTAGACATGGGCACGAATAAATAAGGTAAAGCGCCGCTAGTCCTCCGACTAAAAAACTAAAGCGTGTCGCGCGGAGACGCAGACATCGTCGCGTGGCTGTAATTCTCCTCGCTGCAGGCTCGTATCGAACTAACTCATTGCACTACCGAAACTCGTTGAACGAGGAAGAAGCCCTGGGGCGCTACAAGGACCGCTTCTATTCATCTTGACTGTTGTATCGTGTCCGGGTCACTTGGTGCATTCACCTGAATATTGCGCGCTG,448,50.89,Mus musculus
SEQ_950220,TTCAGCATATCAGAAAACATGATTTTCCGTTACTATATCAGTGACGAAACAGAGTCCAAAATCCCAGATTGATCTGTTCTATTCCGCCTACGGCGAGAGTACTACTGCGGTGGCAGGTACCAAGCCAAATGTTACCCCCTTGTATAAGGAACTTTTCACGCGCATCAGCCGGACGAACTTGGCTTTAGGTCATGTGCCCGTGTGAGGGGAGCCCAGCCAATACCAACTGCGGCCAGGATGATAGCGTGAGCGCGTTGTTACGCCTAAACATAAGCCCTATCAGTGAATAGGTCGCGGGCGGTGCCATAACGAGTGCACCGTACTTCGGACAACAGTGGGCCGGCACTCAATACTTGGCATAACATGTTTACGCAAAATTCCAGTTAAAAACTTCTTAGCACGCCGTCGATGTTGTAGCTTTCATCAATCATTCGACGACAAGCTCGGTAGAATTCAACTGGTAACGTCAGATAACCTTGGAGCGTCAGACTTTGGCTACCGTGTGAGCGATATGTTGCCCCTAAGCCTAAGACCCGAGAATTACGTGAAAGAGACCTCATATCCTAAGTATGATTGAATCAGGCCTCCGTGCTATTGTAGTACCTAGTGAATCCAGAGACTAATCTCTCATGACTTGACCCCGAAAGCAAATGTAGTTCAGCTGACGCTGCAGTGGTTAACAAAGGCTCTCTGCTTTGACTTGTATACTTCTCCCCAAACACACACATTAAAGATACCTGAGGCTGCCCGGCCGACTCCTAGATACATCTCGTCACGGAGCTACTCGATGGGGACACACACTGGAGTCGCTTATGCTGCTGCCTGTTCAGCCTCGCATGAATCGGTCGTTATCAATGGCAGTAATGGAGGGTAGTATTATTATCCACCTTAAGTGATTTACCCTTTGGTATACTCCCTCCGTAGAGACTGCATAATGCTAAGAAATAAAGGTCTCTGGGTTTTAGTCTTGGCGCGGAGGCCAGCGAAGTGAGGTAGGTGGCACGAAGGCGCTATTGCCCCGGCTGGGCGGGGCCTTTGGACTTGAACCATCTACACTTTGCACCGACTTTCGAAGTGAAGTAACGCACGGTGCCGGCCCGCGCTGAGCTGGCATGTCGAACTTAAGGTGCTGGACCCTCCCGCTTTAGAATGGTAAAGTTCGTAACACCCCTACGTTTACTGAAACGTTCCACATCAAGACATTGTGCTGATGCTTATCCATCTCGTCCTTCGCCCCCAGCCACACGATCTAGTGCGGCCATTAACAATTACAAAACCCCTCGCTCTTGACCGCACGATGGGAATCTTGACTTCCATCTTTGCTCACAGCGGGCTTCAACGGATAGAATAACTTTCATGGGTGAATCCTAGTTTCAATACGAGCGCTCCGTCGCCACCCAAGAATCGCCTCGCCGTAAAGCACTACGGCCAGTTTTCAAAACTAGATGGTTCGTATAGGCTCCGAACAACGAAAACTGATTTTCCGAACACGCCTGCACAAGAGACCGAGATAGTGATACTTCGTATCGATCGACTGGCCTATAGTGATCAGACGCCTCCATGGGAAGTTACATGACACCCTTCTGTGTAAAAGACAGGCAGCGGCAGATCAGCACGGCCTCGGCTGAA,1629,49.72,Caenorhabditis elegans
SEQ_704797,TCATACCTTACTGCAATTCGTCGATTCGGACCTGCTTCAGCATTTAAGGCTGCGTACGACCGTTCCGCCCCTATATGATTACTGCACAATGGAGATTGATCCGCCCTATAGGCACCTATTTAACAGACCAACCTCACAGTATCGGCCCTGGGAAAATTTATTGGTGGTTTGGGACCCGCACGTACCAGGATTCTAGAAGACTACCGTTCTACTAAAGACTATTTTGCGCACTGTATCAAGCTGCGTTGTGGTTACCAATATTCTTACACGGACTCGCTACAGCTTTGACCGATTACAGTCAGCGTAATATTAAGGTTAGTGCGATCTCAGGCGTCGTAATCTGGGGAAGCCGGCTTAGCTTCGTGCACATAGACGCTAGAAGACGCGTCCCCCCGTTACGATCGTTACACCCCCGGATGGGGACCATCCACATTGAAGGTGCAGATGGGCGAACTTAGGGACTCCACTTCGGGCCCCTGGTGGGAGCAAGTTCTTGTCAACTGGCTTGGTAGCGATAATTCTTGATAC,528,50.0,Drosophila melanogaster
SEQ_725660,TCTGAACTTGTCAACTTCTCACAATGCCTATTGCGACACAGGGAAAGGGTCGGAGCTGTCTAAAACCTTGCTTGATATCAGACTACCGGGACCGCGATCATCGGAAGCTCAGCCATGGTTTCAGAACGGGCTTCGTGCAGTGGTTACCGCTATCTTGGTCCGACACCTGATTCGTTACCTCAGTTGTATTGCATCAGCCATTCCAAAATGTTGACAAATGAATACGTATGCCCTACCCCACAACTAGGCCCCGTGCAGATGTGCTTGGTCATAGTCAGCTGGCAGGGTCTGAGAATATCGAAAGGGTAAGGAGGCCAGGGACGCCGTCATACCATTTTATGTTGAACGCTATTCTATTCCGTGCATTCGTTACTCGCCTTTCACTCCAGTCCCGGGAGCCGGGATCCCTGCGTGCGCCTCACTACGTCCACAGGACCGGCACCACAATCGGCGGATTCTGTTGGTATGCATGGTGGTACTAAAGCACGTTCGTCGAGGAAGACCGAGAACGGAAGCCAATTCGCAGCTCTCTGCATTTCCTGGCATGATTCGACGTGGACGTTTCCACACTGCCAACGACCTGTTTTGGCTTCGATTGGATCCAGAATGAGTTAGCCAGGCAACTGTGCCATACTAGGGGAGTGTTTTTGCGGCTCTGACGAAAGCCCTGGATGGTACCAGTCTAGAATCTATCCCAGCAATCGGGACCCGGCCCTGACTACGGGATATATGTGGATATCTAGAAAGTCTTCCAATCATCCACAAAAACTGCTGGGAAGGATGGGTCGTTCCTGCACCCGGATGGCATGGTACCGAATACCCAGCCACTTGGCAGTCAGATAACGCGACGTAACCCTTCTTGAGGTGGACGATCCACGACACACATTCTTCGGCTGATAATCGCGGACACACAGCTAAGCGGGGAAGTTGTATCTTCGCAGCAGCGTTGCATACGTAGGTGAATACTTGGATCTGTAACTCTCTTAACAAGATCATGCCTGGTCACCGCGTACTTGGATTAGGTTCTGTGGTCGGACTGCACTCATCTTTCGACGGCTTGCGTGTTTTTTATAGCGTATCCCGCGTTTTCCCTTGCGTTCGATTGTCGGTGTTACGTACCGATCATGGGAGTAGAGCTTGGAGGGGTGTTGCTGCTCGAATGTTGTCCGCGCGTACACTGTCCTCATCTCGGCCGTTGAGGCACGGGTCTTAAAACTTACGAATGGGTAGGCAAGGATTGACGACCAGGTCGACGGCAGTGGCCTCTGCAATTTTCCATTCATACGATTACGACAGCGAGATGAGCTTGACAAGAGCTCTTGTCGATTAAATGTTGACTA,1340,51.49,Homo sapiens
SEQ_887573,ACCCGTGAAGGTTGTTAAATTACTCAATCCATGAGGCCGACCCGTTGGCCATATCTTATAAGGAACTGCCAGGTGAAGGGCGACTACAGCTGATCTGAATAGCAGGCAACTCTGTCGAGGGTCGCATCCCACCGCCTTAGGCATCATCTGTCGAACCGCTGGTCTGTGGATAGTCGAGGGTACGGATGCGGAGCGCGGATTAATGCAACTTATAAAGAGCGCTTCCGAGTCGGTCTCGGCGCGGGGTTGCTAAGATTTCGATTGCTCACAATAGGCGTTCCGTTTGCCTAAAGAAATATAGGCTGCCACAGCACGTCAAGCAGAGTTATTGGAATCTCCTAGCGGCCTCACTTAATAACTGGTCGTTAGGCGTTAAGGATATTACCGAGCCATGGCGTGGGTGCTCAGGTTTTTACGCGAAATCCCGAGTCGCCCCAGCCCGAGGGGCTTTCAAACGATTAAAACTATTCCGATTCGGTTGCAACCCGCCAGTAAGACCTGTAAGGGGTATTTGTTGGGTACGCCATTCTTTCGCGCTTTGTCGAGACTAACTTCGAGGCCGTGGCTTCTCCGCATTCAGCCTAATTCAGGCCCAGTTGGCATCCACCAAAGCTCATCAATCTCGACTAAGGTCTCGTCACGTGGTTCTTCGGTAGTCTGTGTCACCGTTTTCCTGGAGAAAACAGCATTCTCGTACGCGCTGTTCGATTGCAGCCCATGTTGCGTCCCTGAGCACGCATTTGGCTGGCTTTGGGATAGTCTTCCTGTAGCCTACAGCACCTCATCCACATGCCTTAATGGCTGCATGGTACAGCCCGACAGAGAGCTCGCCTAAGAGGAGTAGTGAGTATGTTCGGTGCCGTTTCCGTGATGAGAAGAACAAGTGTGCTGTGTGACGGTAGCTGTTACATTCGTGGTAGCGCTCTCACTGCTCCATATTTCTGCCCCCTTAAAAAAGTGAAGAGCTGAAGTCATTTAAACAATCCAAACGCCCCTCAACCTTGGGAAACGGAGAGGGACCGGTGACAGTAGTGAAGGAAAGTTTACCACTGTCTTTGGAACACGCAGCCGCGCACTAAATGCGCTGGCGTGGGCGTGTTTATCTTTAAACTCACCGCTAAAATGCTGTAAGACGACGTTTTGGTTCGACATCCGAAGACACGTGCAAGCCGGTGCGATCTCATCTGTACAGCGGATCTTCAACCCTTATTTCGGTCCCTACTCGGTGGCCCGGGGCGCGGGTTCATACAAATTTTAACCCCACTTTACGGGTGTCTATAGGGGGGCAAGCAAAACCTTTGAATGCTTGGCCATTGTCAGTAAACAGGTTGGACATCACCCTCATGATATTGAGCCCTTGCTGCGCAGGAAGCACGTATGTACACTTGATGTCATTACGCACAAAAGTCAGACCAACAAACCTCCTTGAGGCACCGTCACGTCGGCAAGGTTAATGCACTAGACTTCCAAGGAACTTTTCCTAGGCGAACACCGCCACTACTAGAGTATATCCGGTTCCCTTATGTAGGCCTACATTAGTCGCTCGGCCGCGTCGAGGCGCATTCGTATCGGTTACTCAGCCATAATGAGTGTCGTTTCCCACTCTTAGGAACTCTTACATCATAGTCTGAGTTAAATAATTGGGCGCATCCGTGGTGAGGGCGCGTGAGCCGTGGAGTGCGGCGGACCCGGATAGTAGCTTGCGCCGGAGTGCGTCCGTGCACTGC,1727,51.82,Escherichia coli
SEQ_529017,AACCTGTCCACTACCCCTATCTCTACGTAGGTCAGGTAGGTCCAAACTAATTGTGTCTTCTACTCATATCTCACTCTATTGACGTGTCGTACAATCAAGAACTATTAAGTAGCCCCGCTAAGGTCGTAGAATTTTTGAGATGCATATTCTAAGGACGGTTTGGTCGATAGACAGAGAAGCCAGCTCTTCGCACGAGGGCTACATTATTCTTCATAATGAAAAGTACGGAGTGGAGTAGTCACCTCGACAGACCAAACATAGCCACGGCACAAGATTCAGGTTATTATGCCGATTAAGTTGCCCGCGGACCACCAGGTAGGTAGAACTTTCTATTTCAAAGTCCGTTACCATCCGAGTCGCATGTTACAGTTTTAGAAACCTTTAATGAGTAGGATCATGGATCGGCGAAGAGGCATGCTGCAGCATGCGGTCGATTTGCACTCTTATGGTGCCTGATGTGCAATAGAAGTGTCAGGAGGAGCCGCATTGGTACATATTACGAATGAGCTGTTACATATCCGCGGTATCGAAAGGGTTCTGGGATAAAAGCCGCTTCTCCAGGGCGTGACAAGGCGTCTGCGAGTCCTAACCCTACTTCGCCGGATTATCCTTTCTCAGTAATAAATAAAAAGGGTTACTAGCTGTCGCACACCACCGGGCTTGCCAAGGGAATTCCGCTATGGTTGTGGTAGCAGTTCCGTACCCAGGCTAACTGATGACGACCATAGTATAACGTAGTCCCGGATAGAAACACGGAGCAAGTAATCCGTCGCCGTTCCCAGTAAGCACGCTTTCACTTCGGTAAAGAATCGGCAAAGAGCGAAAGTACTAACATTTACTGAAATTCACGCAGAGTTAGCACGCGACGAGAAGGTGTCCTAGTATTAGTCCCCTTGTTGGGATTTGGCTATCGGTTAAGTCACTATTAGCTCTACGAATCCAGTCTTTCTCGTCCGAGCATGTACTATAAATAAAACCACAAACTGGATGATATCCTTGCTGACTGGATGGTCAGCGGTCACTCTGAATCGACGTTATATTTCTTCCACCCGCACTCGCGTCAGTTTCTATTGCCTCCGATCTACAAACGGCTTAAGAATTCAAATGTAGGGTCAGTGTGTCTCCACAAGTTTAGCGGATTGTAAGGCAAGACCAGCCAACGCTTGCCTTAAATGTACATTCCATAGACTCGCCCTCGCATCTTCAATTACAAAAGTCCTGCCAAGTCGTTCTCTTTACTGCATCGGACTCACCGTCGTCGCCTCTGACCACACTTACGTAATTACCACACATGGCGACTGTTTTTTTGGTAGGCCAAGATACTTAAATGCGTTACTTAGGGCTAATGTTCCGAATCCGCGCAATGTACTCGCGGCTCAACATTGGACA,1389,46.65,Escherichia coli
SEQ_883038,AGTGTTAACTCCCACAATATTGTTAGGACAAGTTAGAACACCTACCGAGCAACCCGTTACACCCATCGAGGCGTGCCGAGAACTCGTACCTGAAATCTTCGCGTCTACTCTAATGGTCAGCACCCTAATAAAGGTACCTGCAGGAGGTCCCCCACTACGGTGATACCAGGAAGGGAGGAAATAGTACCTTCTGGAAGACTCTTTCATTGTGAGCAACACGCTCGGGGCTCGGTGCCGGCAGAAATTCAATGGTATCCGGCTAACCGTGTTGAAAGTAGCAGCCCGTTGTTCTGGGACTGGAAAGCTACGGTTCGAATTGATAGAACTTCATCGTTTCCGGGCCAGTCAGTTGTGGATGGTTTTCTCGTCCAGAACCTGGGGGCAGAACAGATTTTCCCCAAAGTCAAAGATCCGCCAAGGCCGGTGATACAGAGACACTAATACGAACCTCTCCCGGTTCACAGCCTATCCTCGGGCTCTTAGGGCTAAGTTGGGCCGTGTGTAAGTGCAGATTATGTTGGTTAGCCCAGATCATTCTGAGAACATAGTGAATTCTCGTTCATGGCCTTCTTTGAAGGCACCAGTTTACACTCCGATCACACAGATGTTTCCACAGAGTTTTGGCATGTCGTGGATTTAGCCTAGGGCCAGTAATAATGGTGAACCGCATTCGTTATCTCTCTGATTACAGCGGTCTACGGAATCCAGAGGGATCATAATGTCGAAGAATGATTCGTGCGAAGTTGGAAAGCGGGATTGCAATCAC,766,49.22,Saccharomyces cerevisiae
SEQ_118052,ATCGAGAGTTACGATACGCCGCCTACGATTTTATGGCTTTTATTTCGTGTTTTTTACCCCGCCGGACTTAGCTGGGATACATCGTCGATGTGCCTGCCATGCAGAGGTACTAAACTGTATATGATCGGCAATGGGTTCAGGGGCCAACGCACAGACATGGTCGCGAGGGCGGGATAGTGTAATGAACAAGCGAGGCGACCGTAAGTTCCCCTTTAATGGCGTTCGTGTCCATTAAACGAGCGAGCAGTAATTGTATGGCAATGGGATGATCACTCGGCCATGCTGATGATCCGATATGTCCGTTCGAGGGGTTAATAGCAGGAAACAATAAGCACGTGGTGAACTCCTCTCAGCAGTTTTGTGCGTCCAGTCAGTGATTACTATGGTTGAGTCGGGAGTTCCATACGCAATCTGTTCCACCCTAGGATCCCTACTCGGGGATACCTGTGCCGACGTAATAGTACACAGCAGGGCACGAATTAACAGAGGGTACCCGGCTCGGGACTAAAAGCAGCTTGGAACTCGCCACTGTCCAGGCGACTACATCCCCCTACTGAAATGTTAGAAACGTGCTGCTCTCGTTCAAGACTCGAAAGGCGATGTTCGACACTGCAGCCCTTACCCGCCGACTCATAGAATGCGCATATACATGTAGGCACTCTCCCAACAGATCGCGAACCGTCCATCTTACCGCAAGGCGTACTACTCGCTGATAGCCATTGTCAAGTAATCGTCGAAATTTCAAGTCTCTCATGATGTAATTTCGGTATTGGACGTAATGGTGTGCAGATTCTCTCTGTTGGGTCACATTTGTTAGCTTAAGAGGCCCGCATTTTCTTATAAGAGAACTGTTGCGACTCTGTACAGGGACAGAGATCCAACCGGCGGGTGTTTTCACATGAACAAGCGGTAAAAGACTACCCTTATCCCGGTGTAGGACTATCCCACATAGAGGTATAACAGGACGGCAATCACTTAAGTACCCCAAAGCGTCGCCCCGAGGCCCACTTTAGAAACCGCATCATTAAGACCCCAATTTAGCCTCTACAAGGAAGCAACTACCCTGTTTGCACTGCGTCCAAAAGCGTCTATTCAATGTGTTAGGTGCTTAGTGCTCTGAACGTTGGATGGCTATACTTATCGTGAGTCATGTCCAACACCGACTTTTAACTGTCCGGTGGGTCTGTGATCGATTAAAACGGAACCCTCGATTTGCCGCACATCACGCATCTGGACAAGCGCGCCTTTTACTTCCTGGGTTTCCGGTAAATGCGTCTTAACCAACAGCTCACTTTGACAGAAGTCCGTGAGGGTGTCCTAGAGGCTTTCGCCTTCCAAGGAAGGGTAAGTGGTAGATGCTCAACGTGTATGAGCAGTGCGACATAGTCCTACAACCGTTTGGCATCTTAGCAGCATAAGGAATACTCCGCCATGTTGCCTCTGGCGGCCGGTGACCGATTTTGGAATCTAATAACCTGATGGATCGGCGTGCGGCTGA,1498,49.73,Saccharomyces cerevisiae
SEQ_392724,ATATGTTTCCGTATGGTTTTTATCTTACGCCTTGTTGTTATAACATAACTGCAAGACGTCTCCGTGCTGCATGCTCCTAACGGGCTCTCACCGCACGTGGTATTTGACCGGCGAGAATGGCCCAAAGACAAATACTGTAACTACTTACCTGCATGGTATGCGAATTTTGTGATCTCGAGCGAAGGTTCCGTCAGGAGCAACCAAAGCTTCTTGCAGGCTTAACGAACTCGAAAGATGTTAATAAGTTTAACGGGTCCACTCAGGCTGTGAACACCAGAGCCAACTAGAGTTCAATGTCATTGCATGTAACTCTCATAAATCCAGATCGGAATTGCAGACTTCTACACGTCCTTGGACTGGAATGAAGTCAATTAGGGTCCTGATGGGATCACAGGCCGTAGCTCTAAAGGAACGCAGTACGTTGAAATTCACCCCGACTATCTTTAAACATGATACTCACTAACTCATTACGACATGCTCTAGGGATGGTTCTGTTGTTCCAGTCACCGTTTACTGGTGACCTGACGCACACGTTGGAAATTGAGCCTAGCGTAATTGCCCAAAGGAGGAGGCGAGGACAGTGCTTCATACGTTGCTAGGTAAACCTTAGACTCCTGGCTTTCGGGCGGACTGAAGTGAGCATACGTCGTGCAAGTCCCTTCGGGAAATCAATCTCTTGATTCCGGCTTACACACCTGAGCTTGAGTTATAGCACTTTTGGAGATCAAGTGATGAGGGATGAAGAATGGTTGGACAGAGGTGCTGCAGAAATTGAAACTCGGAGGTTCGATCACACAACGAGTACGGAGACTTCTGAATACTCAATGCAAGTCAAAGGTAGTTTGGGGAGGGTTGCACCTTGTCTCTGCTCAGACGCGCTACGGTTCGCTCTCCGAGGGAGCTGGAGCTCAGTGGGGACATTCTCCATATCGACGGGCGGTCTGCTGACTTACCAGATGAGCGCTCGAGCCATCCCTGACGTCTTGGCTATACACGCTCTGCCAAAGTAGCTTTCACGGCGCAAAGCAAGGGTGTTGGCACGCTGTCGCGAAAATGTTACATTTGCCTGCCAGTTAGAAGTGTACGTGGTGATTTCACCGCCCAGTGACGAAGAGGGAGTCGTATTTCTGTACAGTCATAAAGTTCACTCTAGCCCGTTGTAGCCCATAGACCCAAAGGAGCCGGTGCATGACTGATACATTGACGGCATTGCATATGAAACACTGTCAACCCAGACTTCCCGTCAACTTGCAACTCCGGTGGCTCAGACCGAGCCACGTAACGATATAGACGGCCTCGCCATGACGTTATTCCCCCGCGTAGATCGTACCCACCGTTCCCGAACATTAGCCTCATACATGTCTTTTCGGGGAGCAGCTAAAACCTCATGTTGTAGTTGCCAGCTCCTCGTATTAACTTCCTCCCGTCCTAGGTATAAACATTTCCGTCGTGCTCAGATCAAGAAGGACTCGGATTCAAATGATTTTGTTAATATGGATTCGACTTTACAGTTTGCGGCCCTATTTTGTTACTTGGCGCATATGAATGGGGAGAACGTTGTCATGCTCTGGGCCGAATGAAGCCTATAGCTGAAGTGAGGACTACCTACGTGGCAAGACAAGGAATGGGGTTTTGGCTTGGACGGATCCGACAAAGTGTTCGTGGTCGCCCGCGGTGGGCGCCATTGACTATCTTCAATTCCATTAAGCGTCTACAAGCATGCACGAGTCACTGGCCGACCACTCTAATGCCAGGGCATACCCAACAAACTCGTAATTATACATATTCTTTACAGCCGTAAATCGCGCTTATGGAATTGGGTAACAAAGCACACGGCGATTTTGGAATCGGGCTGGGGGCGTTCAGTTTCGCGAACCCCAATGAATTTCTGCCTGCGCT,1899,49.08,Homo sapiens
SEQ_132458,CTACTAGACTGCATCGTCAACTACTCCGGGGGCAGATCTACCCTTGGTATTCTACGAGCCCGAGTTCATTCCGAAGGTAAGATCTTCCCCAGCCGGGTATGTTCTTTACCAGGTTTCCGGTTATGCGTGGGTTTGTGGCGCGTGGTGTTTGAAGTTTTCAGAACCAAAGACGCTCAGCATTGACGCCAGAAAAGATTACGTAGACTAAATGGGAGGAATAAAAATTTTGCTGTACCCTTTGAATGTCTCAACGAAGAAGCTCACTGCTTTATGAATGTGGATTCGAGTGCTGTCCTGGGAGGGCGAAGACTTGGTGGACTGACTCCCGAGATTCCTTATGTCTTTCCGCCACACAAGACACGACGACCTTATCATGGAGTATGCCGGCCCCTTCCTAGATGAAGAATACAGTACTGATCACTTTACGGGTGCGTTGAAAACCACGGCTGCACCATTTGTTACAGATCACACCTTGATCTCTTGCACGAAGCGCGTGCTGAAACAATAGAGTTCCGCTAGCCATTGTTTTTGTGTTTATCTCCATGCGGAATGTAACTAAGCGACCTCGGTCCGCGGAGATATGCAAATATGTGAAGAATTGCAGCTTGCACTTTGAATACATAGCGCGTTCTGCTTTTGGAAAACTCTACACTTTAACAAGTGCTGGTAGATGAAGGAAGGCGAATATCCGGGCAACGCACCGAAAGCGTCTTTATTGATACACCCCCTCCTAGGATTCCATGCTGCTAAGGACATCATTTCGACCGCGGCAAAGCCGTGACGGGTCTCCAAGGCGGCATTACGCTCCTAAGGATACAACTAGGCCCGTCCTATTGTCAGGCCAGGTCTCAAGTGTCTGAGCCAGCTTAGTGGGAGGGAATACCCTTG,888,48.87,Drosophila melanogaster
SEQ_190650,CGATGAAGGACCCCGCTAGCGTAGCCAAGTGTTACGACTAAGTGTCTTATTGGCTTCGGCAGAAACTTACCAGGATCAAATCACTCATTACCGAGACTAAACAGTGGTTTTCGAATACTCCTACACTTACGACCATATTAAGGATCACTTCCCTCAGATAGATAATGTCCCTCGGCTCCCGAACTGATCGATTCCGGTAAGCACACTAATTGCTTCGCCCAGCACCCCAAGGGACAAGGGAGCGAAGTCACTCAAGTTCCGGATTCGTGATATAAAAGTTGAACCACACCTAGGCACAATCGAAGCCCGTGCGTTCAACTTTTGGGTTTGTCAAGAGTGAACCAACGGGCGGGAAAACCAGATCCTCACGACAAGCGTCCGATGCTATTGTGTATTAGGCTGCCCACTGATTTACGCTCGACAGCTGAGCCCTACACATACCGGGCGCAATCCCATCATATCATATAAGCAAACGGAGAAGGCGACCTTAACCATTGCCCCACATGTGTTCGCGTTAACGACATCTTCCCGCATAGAGCCCATCTGCACTGGACTCTAGCCTGATATCTAGAAACGCTGCAGTTATTATTATCGCCCCTGGGATTAGGACGTCGTGTCCGCACGCAACAGTAAGAGTCTGACGTGCCGAGTATTCAAACTTTATGCTCCGTCTCTGGTAAGAGTGATCACGACGCAGGCCACCCCAGTTCACCAGAGGAAACCTCCATTCAAGTCCCTGATCCAGCGCCCGGCGGGCCACCTACGGTCCAGACAATTGCAGTGATGTCAGCCGTTGCCCTCTGGTTTGATATTTCGGATGACTAGGGGCGTCCGCACATACTACGAACTTATCTAGAGAGCTCCCTACCTGCAAGTTCGGCAGGAAGTATTAAGTTTATACCGAGAAACAATGGCGGTTTACAGGCAACTGAGGCCCCAAACCTAAGCATATGAGCTTGCTGGGATGGATCAGATTCGCCTACGCTTCTGTATATTGGGCTTATGGACGGGTAGTTGTAATGTCTTACCCCGAGA,1035,50.24,Homo sapiens
SEQ_133201,GTGATTGTGGCGTATCGCAGCTACACGTTCGCTCATCTATATGACTAAACGTGATTGTTTGGCTGTCGGACGGTTGATGGCTGAACTCGCAAGATACACCTTTAGTGATCCTCCCACTTACAATAGCATCATGTTAGAAAATCGCTGGTACGGTGGAGCACAGTGTGATATGGCGAATTCGGCTTGTTGGGGTACTGTAAGTAGTCATAGTGGCCTATCCCGTGTGTAATTTGCGGGTCACATATCTGAGATGGGTCGACCGGTGCCAGGGCGCAAGAATTCTCTAAGTCAGACCTGAGATACACCCGCTCTCAAGATGACAACTGGCGAAGGGAGCGGTGGTGTGGTCGAC,352,50.28,Drosophila melanogaster
SEQ_776697,TTATCAATGGGCCGTAGAATTAGACCAGGAAGACCCGTGATTGCGTAAAACCTCACGCTCGCCAGCTTGTCGTTATAATTGAGTTCGGCCAGCAGGCCGCTAGGGTACCAAGTAGACCATACTCTATCAAACACAGGTGGTATGCCCAACTCTCACAGGTCGTGCTATATTCGTTTATACCTAATTAAACCCCGCCGCAGTACAGTCAAGTGGGCGGGACACTTTTCGAATTATCTTACGACGCGTACCACACTACATGTAGAGATGTCCATCTAACTCATGGAAATTTTATGTTAGCAATGGCAGTGGGTTTGGGTGATTACGTTCCATGAATCTGCAATAAATATCATACGTGGTAAGTCCACACTCAGAAATGTTGTTTCGGGTGAGTGATACCTGAGTTGGCACTCATGCATGTTTTTGAAATTTCTTCCTATCCCCCTTGTCCACTTTGGGCGCCCGGCTATCTATACACTATAAATCGACGTAATCTTGTCTGTTACTGGTCAGTGCGACGCGTGGATCTTTGTGCGTCTGACCCGTAGGTAAAGCTCCTGTATTTCCATACTCATGAATAGCCATTCCGATAAGCCCATATGTGCAACGTATGAGCCCAATGCACGGAAAGTGCTTGCGCGACGAATTGGCCGTACAAGTATTTTTTGATAAATCATCAGGCCAGTCCAGTCGATTTCCCCCCCGTTTGAAGCCCAGGGTTCTTTGGTCTTAAGGTCGAAGCAAACGAGCAAATAACCGATTGCGTTGTGCCAGTAAGTCGTGCCCCGGTCGGAGCGCGGGCGCAGAGTGAATGTCGATGTATTCCTTGAACTCACTGATAGCATTCCAGTTCGTAGTTGCTACGTAGAAGAAAGTAAGGGCACCGATCTAAGTTAGGCAGCGATTGCAAAGCGGCAAGGGAAACACCCACACGGTGTTCAAAAGTCTCTCAAAGAAGCCACGCGGGCGTAGAACGTCTCTCACTAATGGCGGGTATAGGGCTATGATAGATCTGGTTGGGAAAAGGCGGACGTTAATAAGCAATCGGGATGGCACTCTTAAGACGGCGAGGTTCGAACGACAAAACTCCGGTTTCAAAGCAACCTATGATCGGGTATGTTCCGTGGTGCATTGTTCTTTGCGCTCAGGAGTGCTTCACCCCCCTGGGGACACTCAAGTGCCATATATAGCCTCAGCTTCTCATGCCTCAATAATGACGCCACGGGTGAGACGGGCAAACTTCAAACATACTGCGT,1253,48.36,Escherichia coli
SEQ_840504,CACTTCTTCATCGATATAACTTGACGCCTTCGACGCGGCATAATAACATCGTTCGGAGTTGATTACCAAAGCCTGTAGTGCCGTGAGCGTATAAACGTCGCGAGCCTTAATAGACTCTCAACCTATGCAATCATAACACACGCTCAAGTCCAGCTCCCTCGAAGACAAGAAGGGCTTTCTCTAACCAATATCAGATATTGCAGCTATGTCTGTCTCTATAGGACGGCACCGATCGAGGTGCATTAGGTGTATATTTCCCCCCCATTGTCCACCATTTGTGTCAATAGCCACTAGCGGGTGTATTAAGCGCCGATACGATGTGCTAGCTTAGGCGCTAGGTGGCCGGGCGTAGGATTCCGTTGTGATGTAATGCCGGACCCCCATTTATAGAACGAAGAGTTCCTAGCATCTCGTTGTCGGGGACGTGAGCGCGGAAAGTGACAATTCGCAACGCACCGCCGTGATTAAACTTAACTAGAAATTCTTATGGCAAATAATTATTTGGTACGCGGATCAGCCCTAATAACTTTCTTGCGCGCGGCTGTGTGGTATCAGGCACGCAAGCAAGAATTCTAGGTCCTGTCGTACTCATTGCTAAGAAACAGCACTAATCTCTGATAGATGCTGTGGGAGCGAACCCACCTTTCGGTCTTTGTAGAGCTCCAGACTATGTGAGTGTTTAATAAGTACCTCGATAACGCATCACCGGTTCCGGCCCTGGCCTTGCGCCCTAGGCCGGAGGGCCTTTTGAGATGTACTGAGGTCTAGTGTCATTCTCTAATGGGAACGCCCCTTAAGGGAGCGACTGTCTTGGGTAGTATTACTAAGATTATTTCCCGAATAAACCGAGACCGAAGACAAAGCTTGAGGTGAACCTAGTAGACGTGTATGGATTACACCCGTTGCTGTTAAGATGTAATAGCCCGAACCCTCCCCCGCTGGACTCTGAACAACCAACCGTGCATAACTAGATATTATCCTCCCTTGCGCGAGTCTCTTGCGGAGACGTCGCCTTAGCTTCAGGCGACACACCGAACGATTTAGTGCATACACTCAGAACTTATCTGTCAGACCGCGAATACGCCTTTCTATCTCTACTGTAAACTTATTATCGTCGTCCTCTGACTGGCAGCGCGAGCAACCCGACTAGTATGTCG,1157,48.92,Homo sapiens
SEQ_715894,CGCAAGGAGAAAGAAGCTCCTAACATGTTCCGTTGGGACTTCCTCAAGGTTTACAAAATTGATTTCAGGGCCTTCGTTGCGGAATTTGAAGAGCCCAGCACAATTAACCCATGCCACCGAGGTGAAATGCAGACGACCCACGGAAAGTCTAAGGCCCCTCGCAACTTACCAGTTATGTGCTCCCGGCTGTGAAAACTTTCGGCTAAATTCTCAAAGCTAAGAGTCAAATTAAGACTGACAGCATGGAATTGACGATATTTAACTACATTTCGAGTCCCCACGCCGCCGGCTGTGCCCGACTCTCGATGTTTTGCTGCCAGAATTAGGTACGTACCAGGCACCGGCTAGTCGAATTACTGAGTTCCCCTCCAAATTGATTGCCGTCGCCCGCCTCAATTATGCGAAGAGGTGGATATTCCAGTTGGCGCGGGTGTCGTCGTTTGGTTGGTCTTATTTCTCTGTAACATGAACCTCGAGGTCAGGATCCCCCTGTTGTGTATCCAGCTTCCACTTTAAAACTCATCTCTGGCGAGCAAAACCAGAAACCGTTCTATGAGCACGACTGTCCAAACTAACACTGCTAGTACGGTCGCTCAGGATGAAGGCTTTTCCACGGCCTCCTCTTTCCCCACAGCACTAGTGTGCTTCGTAAAGAGCCTTGAATAGGAGGCAACCCCTGCTGGACCACTCTAGGGCAACGGTTGCCCGTGTCAGGAATCGCATTAGGGGAGCCCTTTACCCACTCTCATAGGAGTAAAAAGGTCGCTACAGATACTGCGACGCAATTCTGTTGTACGTAGGCCAAGCATGCAGTAGCAGCCTTGGCAATCTACTCATTCCTATTCATCACGATAGGTTTCCGCGGACCCGGCCAGCCTCTACATTATAGAACTTGCTGGGAGATGAATCCACCCGTGACACCATAGATAAATCCATTACTAGACCCGAACCTGGAGCGCTGATCCGGTCCGGTATCAAAGTCCAAATCTTGAGACTTTAAAATTATACAGCTGACGGGATTGTTCGGGGATGGATCCCGAGAATCAGCACGGTTTGCATTGTTTTCTATCACAGACACGAGCTGGTGCATTCAGATGGCTGCGCCTGGCCGTATGAATCCGTGTCGTTGCTTGGTCATAGGTCAATTTGCAAATGGTCCTAGGGGACGACCGTTCATCTAAGGGCTTAATATAGGCTGCGGATTCGCCCCCACCCATCCGGCCAGGCGCCGCCCCAAGTTCATAGCTATAGGTAAAACCGTATGCATCATAGCTTATGCGTTTTGCTTCCACATTCAAAATGCTAGGGCCAACTAGGAGCACGCATTCGTCGATACGCCTGAAACTGGCGGAAGTTTGCCTGTCGGTCTAAACTAACGAAGTCGCGCGCGACGCTAAACTGTGGGGCAGGGGTGGACTCCGCAGCGGGGGTATCCACGCGGTCGCGACACTCTGGCAAAAGTCAAAATCTCTACTATCGGGTACGATTTTCACCATGTCCCTGACCCCTATGTTGTGATGTCTGGTAGATAACGTGGTTAATCCCCTCAGTCGCAAGTGGTCATCGATGCTAAGATAGGTATGGGTACAGGTTCGCGCAGCTAATGGCGCGGTGTCGAGTGGGAATGGTTCGCGCCTGGCGGTGACTTACACGACCCGGGTTCCTAGGGAGGCAAAACTACGCTGTTGTTCAGATTGGGCGCCCTGTTTTTACTGGCATTCGTCTCCTGCCACCATACATCCCCACAGTGGACATCTTCTACGTATGAAACGCCTTGAAAACGTAGCAGTCGCATAATACCGCCATAT,1808,51.11,Caenorhabditis elegans
SEQ_291134,CAGCCGTTCAATTGCTCAGCTGTCGTACGATGCCGCGTGTCCTTAGTACCAGGAGATCGCAAGAGTAACTAAGGCCCATAGTATTGCACCGGGTTATCATATTGGATGTATATCTTCGGGTTCATCAGCCCTACGTCCATATTCTGCTCTTGCGGCGGAACTTTCATGCGCACCTTTCTAGGCTAGTTAAGTTAAACAAGGGCAAAGCTTGTATGAGGAGGTACGAGCCCCCTGTGCGAGATGTGCGAACCGTAAATGAGTCAGACAAACGGCCTATACAAATCTGTATATAGTACTTAATCCTTACTGCGTAATGCCCAAGCTATCGAGCTGGGCTGCGAGGATTACGACTCCTTTACTAACGCGAGGATATACGCCGCAAATGGCCAGTATTCTCAGGGCGGGTTTCCTGGCGAGGGACAAAAGTCGGTGTTCAACGATAAAGCGGACCATAATGTTCGTCCCGTACCTTGCCTCGCAGCGTTCCTTGGATCTGCTTCTCCTCTCTGACATAAGGCAAAAGCATTTCAGTGTGTTGTCCCAGACCTAAGGCATTTCTATTTTTTAGACAACGCATGATAGCGAAGAGTTTGTTTGGCTAGTCCAAAGTTCTTATATGCATCGATCTACGTACTTGCACGCTAGGCCGCAATGGCACAAATATCTGCCTCCGTGTGCGATGAGCTTCAGTTTAATAGGGGAGCTCGCCATCTTTCCATGTCTATATCGACGACTGTTGAAACTTCGGAACGTTAATAGGCCTCTATGTTATTTCTACGGGCATGCCACTGCAGGAGCGGTTTGCGTTTCTCTTCCTGGTATCTGTTTTTTCCACTAATGTACAATGCCCGCTGATCTACCCATGAATAGACAACACCAGGCCAAGTCGGAGGACCCAGCCCAGTGATCTGCCTCAGTGCGGAATCGGTGAATTGACTGACAAACGACTTTCATATCTAGCGATTGATGTACGCGGAGTCCCCGGCCCGTTGTGCTGATTTACGCGTTGGGCCGGGCTCTCCTTCATGCATACATTATCGACCATAAGTCACTTTACCGGTCTTGTGCGAAACCCCGCTCAACAACAATCCACAATACCTGTTATCGCCTTAAATAGGCAGTACATTACATATTCACCACTGTTTGGAGCGTGATAACATCAGTACTTGCCAAAAGTTCAGCGCAATCCTGCCGCAAACGAGGTACGTTATTCTAATTACTACCACTGTCAGCTGCGTGTCCAATCTCCAAAATCCTAACACTTTAAGGATAACACTGGTTCTCTGCTTACGGCACTGAACGGACCTAGAATGAGCCGGTATTAGTGCTAGTCCCCTGAAGAGTAACTGAACATTGACTCAGAGATGAGGTTTACCTAGCGGACATCGTAGTACCATATGCTTGAGGTCGGCTATTCCTCGGCTGTTAACGTGTATTAAACCGGTGATTACCTAATGACCTTAGATCGAAGCACCCGAGAATGGATTGCACAATCTCGCTGGCTACGCTGAGTAAAGCGGGATGGCTAGAGTACGATACCGCAAGCTCCGGATCCTATCCACCCCAACTGACATAACGCCGCAGGACGGGCGTCGCTAGCGTACAAGCGCGGATCAGAGGTCTATTACAGCCCAACCGACCCGTATCCTGTAACTCCGGGCCTGATAGATTTAACGGACTACTTGAGCCTCTTGGATACTCGTGCTATTCGCTAAGGAAAAATGTCCTCAATTCCAACCGGCCCCCAAGGGGATCGATTTAACGTATGCT,1770,48.64,Caenorhabditis elegans
SEQ_854631,GACGCTACTGTAGACATTGTAGTCGACAGTTTCTTTGAAGCTACGAAAATCTGTCCATATCACTTCTAATCAA,73,38.36,Drosophila melanogaster
SEQ_454896,TTCGTCGCAGTAAATTGCCAACACTCCCTGAGACTGTCTCAGTTCAGTTCATTCATGCATTCCGCAGGGCGACCGGTTCTACAGGCTCTTTAGAGGCTATCTTAACTATTTAGTTCTTCGTTGTTCAACACAGCGCCCCCCAGTGGATCCCCGACGAATCTTTCACACAATATCTTCAACTGGCAGTATGACGGGTTTTGAACACCACTGCCCTGTTTAGAGTTAGCAATAGGCTTTCGATGTGTACAACCTCGATATTCAATGGGTTTCACTTACGACTAAGCGGGCGGAGCGGGTTGTGCACCTATTTTAAACCATTGGGTTAAAACCTTCGCGAGACTCGAATGGGGAGCTTATTGCAGCAGGACAATACTTATAACCTTGAGAGCCCCCCCACGTGAACAGTGTCAGTACTTCCCGGGTGACTCACGAGATCACTGCTCTAGGGAAGCTAGGACCGGGATACCTGTGATTATTTTGATAGCCTGCAGGTCGAGCATGCGCCTTACCACGAATCTTTTCAGGTAATTGTGCAACTATACTATTTTAGAATAAGGACTACTTCCTGTCGTAACTATCCGCCGGAATCCCCACGTACCAAACGCTTCGGCAAATTTCACTTTGATTCCGAAATATGCTTTGCAGACATACCTAACATTGACTCTGTGAACCTTGTGGGTGCGGCGTCCGTGGGTCACGCTATATTGACGCTTAGCCGGCGCGTCCTAGCTAGCGCGTATCTATTCGCTGTAACGTGAATCACTGTTGCCGTTGGGCTTCGCGACGATGGGAACTCCTAGACCTATAAAACCGAAGTATGCTAACTTCAAAATCAAACTTATATTGTAGTAACCTAGCGCCTTCCCCACCGAAATTTTTACGGGTATTACCCGCGACTTCGCGTCTAATCTACTCACCTGATTACAGAGTCACTTGCGCCAGTGCCAGATTCTGCTTTGCTCAAGCTGTTATGTACAACAAACGTAAAGCACTTTTCAGGATTGTGCCAATAATAGAACTGGGGC,1025,47.41,Homo sapiens
SEQ_227548,GCAACCGGGGTCATTGTCCTGAACCGAAATAAAAACACTCCGTCTCATAGGCCGTAGCTGATATAAGACTGCCATTTCAATGCATAAAATTGCTCCCTCAGTGGAAGGCGGGCACCCCTCATGCCTCTGTAGAACAGTGGCACGTTTACACAGGACATCCCGATGTGATTCAGGATTTCACTAAATTCGCCTGGAATAGTACCACGGCGGCTGACTTAGACAACAAGCCTGAGTCGTTATTAGTGCCGTGCTTTAAGCTCGCACGTACAGCCGTCTGCTAGGGGTATCTGACGGTGCTGACTAGACTAATACACAGTTTGACTCTCCGTAGTCTAGTGCTGTACCTTGTCCGGGTTTAAGTAACGGTGTTAGTCACTGGATACCGGGGAGCAACGGACCTTGTAATGCCGTTGTAACATCGGTCTAATCCT,431,49.42,Escherichia coli
SEQ_979817,CAGCGAGGGGTAAATCGGCATGGGCCGCGATACTATTGATTTTCATCTCCTGGTATTATTACACACCATTTCCCAGCATACTCGGATCGCCCGGAGCCGCTATAGTATT,109,49.54,Homo sapiens
SEQ_211016,GACAGAGCCTCGTCGTTCACAGAAAGGTCCCGGAGGTTTCTCGTGCACATGCCATAGATGCTTATCTCTGTAAAACACGCACCTGGCGAGTACTCACTGCAGAGTCGGGTAGAGTGAGTTCTCAGGCCCACCTCGAATTCGCATATACTGGTGCGGTTACCTTTAGGTAGCCCAATAAACCTGGAGAGTTTACTCGCTAATGGTCTACTCGGACCCATGCTCTTTCTAAAGGACTGTTGTGTGCGGACCGACTAATTATAGTTAAAGTAGGATGGGCCCAGGGGTATTGTCTTAACGTTGTCGCGGTCTAACGTTATTGAGCGTGGTCACTAATGTACTGGAGACCTTTCAAACCCCAGTTGGGGTCTTTTAATCGCGGATCGAGTAAGTCGTGAAGGCATCATGGAAGAATGTGTGGATTGCAGGGTCCTAAGTTAAGAGCCCTTCCCGGGTGGATGCGTCGTCCCTGCCATGAGCACACTTTCAACTACTCTCATTAGGTTGTGCTTGTGTTTACTTGGGCGTGTGCATGCTCAACAACTAGCTGCGAGCCTTACTGCGTGTGTTTAATCCCCCCTGTAGAGCCAGTAGTTCCGGGACGGGATGAAGTGTCCAGGTCTAAGTAAAAAGAGATGACGGGAATTTGAGAAGGCTAAAGGATTTATACTTATTTGTGACTGTCCTTCTGGGCAGGGGAACTCGAAACTGTATATAGTCGGTCGGCGACAATCTACAAAAGAGCCTCGACCTGCCGTCAGACAGAATCCGGGGGGTCGCGCAGCCCACCTGTCTCACGCTTTTCGGAACCCGACTCAACGATTGCACTAATTAACTCCTACGCGGCGGAGCTGCGCGGGGACTTAGGCCCAGTGTGACCAGAGTTCCAGCCCTGCGAGGAAAAAACAAAGTCAGCGCCTAGGCGCGGTTCATCACATTAGTTCCCTTTTTGCGAATGTTTTTGAATAGTATTTCGAGGTTTGATATAAAACTTCAGTTCGCCACTATTGCCTATGGAATAAGGGGACTGGCAAACTAAGCCCGAGTCCGCGCGTGGAGTCTTTAATCTACATGATTCCTCTCACGCACCGGCCCTCGGGCTAACCGCAAGACAACTCTGACTAGTGCGCATTCGATAGTCGCGTATTGCGTATAGGGACGGTTTACTTTTCGTAGATTCATTTAAACCTTTGGAAGTACACCCAGATATCGTCTCCCTAAAAGCTCCGACTCACGATAGGTGATGCAGGGGGGCGGCGGCATAGCGCGGGGCGGCCATCGCAATATAACGAGGGGAGAGACATGCTTTCGCACGAAAACTGCTTGTGGCATGGTAAACCCCACCGGATTCGTTGATAGAGGTTTATATAGCTCAGTGTGTCACTGATCTCTCGGGCTCGAAGAAGGCGTAAGAGCGAAAAACGTCGCGTACCAGAGCTGATTTGCTGACACCACGAGTTCGCTCTTATCCCAAGGGTACAGGATGCCCTCGGCTCGATCTCCGTCTCTTTGGATGGTCCTCCCATCGCTCGTTCCGTAAGGATTGTGTAGCGAGCAAAAAGATGATCTCATTCCTCTCCCTACTTGTGGCAAAAAGTAAATTATTAATACTTACCTACGTGTAGCTAAGTCTGCAAATCGACAGGGTACCTGAGGAAGTTCCTAGCAGAGATGCCCGGTCGGGCACGGTCACTCTAATCGACCTCCTCACATTCTCATTACTCTCCTACTAAACTTT,1735,50.2,Homo sapiens
SEQ_594860,CGGAATCCTATTAGCTCTGCTGTTGATGACTGCCATCCCTACGCCTTTGGACGCGCCGCGAACGCTGTTATGTATTCACTCTGAACGGCGGGGCACGATCGAGGCGTCAATAGGAGGTTGGATAAACAAGCTAGGTACCAAACATGGTACCAAAAGGATGCAACAGTTAACTAGATAACCTGGTGCGCAGGCCTTGTTAGTCACGTGCTGTAAGCTGTCGTGTGACGGCACGCCTTTATAGGACCACAAGACTACTGAGTCTTCCCCAAAGTCGTATTAAAGGCATACAGTGTGATCTGATCCGTATCATCGAGTGCCCTGGTGCTTACAGTCAAACGGGTACCATGACAATATGCTGTTATTCTAATGGTCTATGGAGATCCAGGCCCCGCTTGGAGGGTAAAGTCGATGCCTCAAACAAATCTCTTCTGTATTTCCTTCACTGCAATGCTTAAAGCCGCCTCTAGGCATATATGCCGGTCCTAGCAGGGTAGCTTCCTCGCACGTGGGCTAATACTACACCATGGTGAAGCCATCACAGCGTCGTTAGGGAGGGTCAATTCCTCGAGATTCCAAGTAAGCACGCGCGAGCTAGTCAACAGTATCTCACTTTCCGTCATAAGTTGGCAAGCGGCCCTCATTAGGAGTCGGCCCCGACAACCCATTGTGTATCAAGTGCTCACCTATGATATTAATACCCCTCGGATTCGTACCGTAATGTCACCTCAACGTACAGGAAAGCTGATCTCTTCACCCGTGCTACCCTCGACCATTCCTCAAGAAGGGGCCGGGCCTACAATCATCCACCCTTTCGTCGAACGTAAGTCAGGGTAACATTAACCGACTGTCACCTAACTGTCCCTCGCCGAAGTTTAAGCGAAAGCGATGGAGGGTGACCTGACCCAATAGGGTTTTTCGACCTTATGCCGTGAATCCAGATCTCGACGAATCAGAAGTATATTTGGCTGACGTACCGGCGTCGTGGATCTCTGCCACGTTGCTTCAATCTTGGTGAGTCTAACTTTACCTTGTCATCTATGTAACGTTTCCTTGATAATAGTCCCTATAGCCGAGGCCGGCGAGATCTGTCATGGGCGGCTGAGCTGGGGTTAATTAAACGGGATCAGCTATCTTAGGCCGGGCTCATGGAACCCCACCTAGACGACCGGTGTGGATGATTGCGAGGCGCCCTATCTCACCTTTTTAGTAAATCGAGTAAAGATCGCAATGCGATTGATATATAGTCAAGTCTACTGGCTGGGAGCTAACTGTCGAGTTTTGCTAACCAAGACAGGTGTAATTCGGCATCGTCAAGCGGCTGTCGCCTGACTTGCCGCCCCCACGGAATCAGACTTAGGGGTACGTCTTCTATGACGTCCTTGCTGTGGAACCTAAAATGGTTCCATCAGCCCCCATGTAACTATGCCGATGGAGCAGCGACGGAAGAATAGTCCGTTCGATGCACTAAGCTTAAGCGTAGGTCATCTGTCAAGCACATACCTCGTAGTTACGTGGATATCGACAAGTGTATAGACTTATATCATCGTCGCTGGTTACTGTCCTTTGCGCATGGGA,1575,50.03,Caenorhabditis elegans
SEQ_742633,AGGGCGCTCAAGAGGCATACAATGTAAAAACCAGGACTGCCACCCTCTAAACAAAGTTCAATTATGCCTGGGCTCGGGCACTCTGATCGGCATAGCCAGGCGTGCGCCGGTGATGAATAGCTGATTCGATCTCCTGTGCGCACCAGGTCGAATCGGCTGTAGTCGGGGGGCCGAGAAGTCGCACAATCCGGGTGCAACGGGTTCCAGGGCCGAAGTGAGAGTGAAAAGTGCGGTGGTCAAATTGGTCCGATCATAATTAGTGCATCAGGCGATAGCCTTGTTATGCTAGCCTCTACGGTAAATTCAAGACCAATAAGTCGGCCAGGTGTGGAATTCAACTCGATACAAACTAACTGACCTCCGGACCGTAGCATGACATGACGACGTCCACTTTGAAAC,399,52.38,Caenorhabditis elegans
SEQ_840300,TATGTAATGGACAAGTCCGATCCGTTCTCCGAAAGGTAACCACGCATTCTATGCACCTTGCGGATTGGCAAAGATCCATACTTTCTGAGCTACCCGAATCACGCTGGTCATATAATTCCTAACGTTTTCGAGACCGCGACGACCCCGGAAGACCTGTCTCATGATCTGCAGCACCAAGACATCTCACGGGATGTAAGCAACTCAAAACGAAAGTACTTGCTGGAGGGTACCAGTAATCATGAGACGCTTGGGGCCTGGAAGTCAGGTATTTTCCCGAAACAAAGCATCGCATTCTATTACTCGACTATACGGAGTCCATAGTAATGGTTACGCTTGATCTGTTCCTATGGGCCTCCTTTAGAGGAGTGCAGATCTGGGAAATCTCTACGGTTATAGAACGACTATAGGGACGACGTTCTCCGTTGTTCTCGTAATCTGAATAGGGGTATTGAACGTTTGGGTGTGAGGCATTCGGGCATTCATGTCACAGTCATCGCAGGTGCATGGTACACTTTTTTGGACTCAACTCGGGGAGGCCTTTCTATATTTGCATAGGATAGTTCATGGAACGGGTAATGAATCTGAAGTAGGCACCTACAGTCGGAGTATTAGAATAAGCTGGTCCAGCATAAGTGGATTGGAGGCTGGAGCTCCAAAACCGAGACAATGGGACTAATCGTCGAACGACCAATCATCGGCAGAGAGCTTGCGATGGGCTCCGATACTAATCTCATTCTGGGGATCGGAAGTCGATCCCTGGATAGATTCCAGTTACTTTTCCTCAGGTCAGCTAATGGATTCGCCTGCCTGCTCTGATATAACCAGCAACTACTGAGAAATTAGACGGCGAGCGATTGTTATGTTAAGGGTGCGACGAGCGGTTGTAACGAGACCTTTCACGTGCGAGTAGATAATTACGGCCTTTGTTGCTAGTCCAACCCACTCGAGGTTTGGATAAATGGAGGGCCTAAAACGGCAGTGAGAGTCATATGTAACTAATGATACCATTAAGTAACTCAGTAAAAGACGACGTAGATTGCTACAGTTGGAGCGGGACTAGCTCCCTCTCAACCCTGGAACAGCCTCTGATCTGCTTTTTTCGTATGATTACCGAGGTAAACAGAGTATGTTACTTGAGTTGGGGTTATGATATAAGCAAACGCACTCAGATAACATTAATGAACCTTACCTTGCAAATTGGTTTTACCCGCTCGCGCGTAAATAGTTTAGCGGATTTATTCCAAAGTATGCAGAGAGTTGAGACCGCAGTAGGGTCTTGCGGTGTTTTTG,1290,46.51,Caenorhabditis elegans
SEQ_149392,TGGTCAGCGCTACTACGTCCTCACCCTCGCACGCACTGTCTAGTCCAGTAGAGGCTTATCCCTGCGCGGCAAAAGCCAAAGCCCGACAGGAGCTCAGATGCCAAACCTTACCGAAGAGCTTATGCTTGAATGAGAAACGTAAGGTCGAATAACCTGCTTGCATGACGTTACACCTAGCGATGGGTTTTTGCCATTAAGCGGAAGAGTAGAGGCACCACGTACATAACCATTGGTATTATGATCAACTACCGTAAGTATAACAAGTTAAGGGTGATGGGGCGGATAGAGATGGATCGTCGAGCCGCGATAGCCGTAGAGTGAAGATATGACGAGCTCTTAAGTGCTTCAGCTCTGAAATGCGCGAACAGTCGCGGATTCTTAATTTACCCCATACGGGAACTGTCATACACCAACGTCGAACCATGGCAGCTGTAGCTACCATCCAGGGTGCTAACCCGCTCGGGGAGTAGTGGGGTCGTGAGTCCACATGATGAAGGAATGCTATGGGGTGAGACGGCCTATTTGTGTTTGGCTCCCAATCGTACGGTCAGGCAATTGTTCCATGGACGTATTGCGTTTCATCGTGGGCAACTGCGACTGCGCAACGTACTAGAATCCATCTGGCTTAACTTGAAATGTGGGCTATCCCTGGATCTCTCGTCTACCCGTCCGACGTTCAATAGATATGGATTATGATGAGAGCTGCAGACGATAGTCTAACAGCTTTATACTACTTGAGGCGAATAAGCACGACCGGTTCCGACTTCCACGTCGCTTCTACCCGAAACGAGTTAGGGCGCAAGGAGTGTTCACAAAACGGATGGAGTCTATGTTACAACGAGGGGAATCGCTCATGTCAAAGGAAAGGTGCGGGACCTCAAACCGCCGTCTTATAAAACCGTATGCCTTAATAAGGATACCTGGGGTGCCTCGAACAGATCAAATCCGTCCGCGTCCGCCGAACCGCCATGGTAGAGATGCTGATCCATGCACCATCCACTTGCTGGTGCTCGCGAGTCTAGCACA,1026,50.88,Caenorhabditis elegans
SEQ_481717,ACGCAAGATAATCCCCCCAGACCCTCCTAGCTTTTATGTGGGCGGGGCCGATTAGGACCATGTTTAGAGGACTAGGGGCGCACAGCGATTGCGGGTAACATTTTGATCGTTTCGTACACTCAACGTTTACGACATCCTGCTAATTGTTCTTGCCAGTGATGTGTAGCATACCGGTCGGACAGGAACCATCGAGCTTCGTTGACCACGATGAGCGGTGATCCCCGTGGATGAGTAGCATCTGTAGGACAACACACTAACGTTGACTCGGCTGACCCTATATCTTTACCTACTCTGACCGCAGGAGACTAAGACGCAGGAGTACGGAATTCTAACATGTCTGTAAGGTGCCTTTTTCAGCCGACGTCCCCACACTCCGTTTTTAGTGGCGTCTATTGTGTTCACCTCGACGTAACTGGCGCTGGACTGAGCGGCAGTATTGCAATCGTATGGGTCATATACTCTACGTTTATGAATCACCCAAGACCTCCTCGCTGTACAATTCCCCCGGGATGTGGCGTGCAACTGCATGCTTAGTCTACATTGGGGTTCGTCTCGCCCGAATAACACTTCCTCACAACCTGGGTATATTATAACATGTGGCAGCGACATGCCGATGATCACTAGGATCGCCAGATAATAGAACAGTGACGGGACCTGTTTCCGTCGTGCACAATATAGGGCGTTAGTAGGCAGAGCGTAGCGCCTGCCGCCGTAGTTAGGGCACGGCCTCAGCCCACTCAGTCTAATCCCGGTCACGGATAGATTGCCGCTGGCTAACGTGAAGTATTTAGGCAGGTCGAGATCTCCGT,809,51.79,Homo sapiens
SEQ_264439,GTCCCGGGAAACCTCGGGTTTGGTCTTGTCGGTCACTAGGATGATAGCCTAATTCGAGGTTCCTATTGGCACAGGGATTGTAAATGAAGCCTGTTGAGAGCAGCTAGTGTCTCAGAGGAACCAACGGGTGCCTTGGGACTAACTTTCATACAAAAACTAAACCTCTATTTCTAACATCATAGTTTTATTACAACTCGGCTAACTGGCCTTAAGGTTCTATCAACCTCTTCTGGAGGGTCCGTCCCGACACCATAGGCGTTTTAATACATGGCTAGTCAGGTCATATGGGTGCGGACCCACGATTCAATATTTAAGCGAGAGCCCAACACTAGACGTCACCTCCCAAAACTTTGGGACAAATTAATCTAGATGCGCGACGCTAGGTCAGGCGCTATGTCACTCAGGGGTAACTAGCCGCTGCGCTTCTACTGTGCCGCTAAGTTTATATCGGTCAAGCAACGTGTTCTCGCGTCGGCACCCTCTAATCCCACATGTTGCCGGCAAGAATGCCACTGCGTCCACTCTCGCAGAGCGTATACTTGTACGAGTATCTCGCGTGGGGGCAGTGCAGTCTTTTTACTGATAATTTGTAACTTAAGATGATGGCTGGGCTTTCTCGATTAACATAGAATGTTGACAGCGTCGCGATCTCAGGTTTTCTCAATGCCTCCCGCTCGCGCGGCGCTCCTGGAAGAAGGGTGTAGCGGGTACATGCCCGGATCGCCACTACGCGTGTTGCCCCATCAATCAAAGGAGCATAGTTACAATGCCGTACTCACTCGGGCTTTTGTTCTCTGCGGAGCTCGGGCCCAGCACGCTAGCTAATTGCGCGCATCGCTGGTTACCTGGGGTAGGGTATTTGCCCTTCCCAAATAATTTGGGGAATTTGCTTTCTGGATAGAGGTGTTTTGGCTAAGA,918,50.22,Escherichia coli
SEQ_386146,ATAAACTCCTTTCCGAAATCTTCCTCCCGCGAATAGCTTTTTAGCACTAGTCCTAGTAAAATGTTACTAGCCGCTGAGTGAGCTTACGACAGACCTCAATCGCTCTCTAATAAAATTTACTATATAGCATTTTAGAGAGGATAGAGGTGGTGAATTTGTGTGCGCGTAGTGCGCCTTGCGAATACTCTTGCGGTGTCCAACGGCAGTTTAAGGAGCTGTAAATCGCAAGTAGAAGTCTTGATCGGGGACATCGGTCCATCGAGGTAGCCCGCCGGCACAACATACCCTGCTGGTGCGATGCGTATTTTCTCATCCCATTAAACCACTCACCAATGCTCCGCAGCCACCCAAGGCATAACATAGGTTCCACGCCCCCATTACGACTGCTATCATCATTTTATGCCTTATTTACTAGCCTGAGAGAACTTGAGCCCCCTCTGGGCCCGTTATGTCGCCTACTAATTCCCAATGAAACAAGAGGACATATTGATTACAGACGATGAATCCGACGGTTCCCGCAAAGCAATTTATTTCTGCACGTTTGCAGTGAACGAGGCATGGAAGTTAAGCAGACTGGTATTCCCTGATAGCTCGAACCCTAGATCACACCATACGCTCGTATTGTAAACCGAGCATCGGTGAGAAGTCGGGACGCCCCAGTGCTGTGACTGAGCATATCAGCAAGAAACAAACCGCAGTCGCTCAAACTCTTGGATACAGATTTTCGGTCAAATAGGGAAGGGAACTCTTGCACTTTACGCTCGAAGTCTATTTGACTGTCTCGGTCAGCATGGAAGTGGAGCGTCCAGGGTTTGCCTATGTAGCGCTCCATATCAAAGCACAACTGCGAACACTAGTACACAGATGGCATCGCTAAGCATCCGTTAAATGATTGCGCAAGGACTACGGTACGAAGCTCCCACGAGTCTAGGTCCCCCGCTCGCCATTCACCAGAATCGAGAGTTCACAGCGATTTGGCATAAGTGCGTTGTCTGCTCACCCCTGCTGAAAGAATAGACGGAGTTAGTCGCAAATTTCCTTTCAAAAATTTCCAGTAACGGCAACTGACAACTACCGCACAGAGGCGCGCCTAGATCAAACCGGGAGCGGCGTAAGGATTATCATCTCTCATGAGTTAGCCTCACTAAGCTCAGACGACCGGAGTTCAGACTACTGCGATGCATAATTCGGGAAATGATCGATCGGACTGTATCCTTGTATAAATACGGGATACGAAGCAAATTTAAAGGAGCGACTCAAACATCGGTGGCGGGGTTAAAGCGTCATTACCCAGCATATTCACTGGACGCACGGCAGGCTGATCGAGAGCTCCTCGGCGTCTCCCTCCTCCACTGCTCTCCTTACTAACTCGAGGGTACCCTACAGACTTGGTCGAGAAATTGACCAGTTCCTATTACAGCTCGGTGGGCGGTACCCAAACTACCACGGACATCTGCCGAATTTCCGTAGACTCTCTCCGAGGAACCCATCTCGTCTTTTAGCGCTAGCTCAACAAACGACAAATGGGAGTTTAACCAATGACCCCTACTAAGAGGACGCGTATATTTTGCCCTGGTGCACTACTTCGTAGTGTATGGCCTCACCATGGGTTGTTGCGTGGCCGGTAACTGCATCAGAGGATGTTACTTTAGATCGTAACCCCAACATTACCGTGTGCTCCAGTATTTGCCTTATCCCTCTGTGAGCCCGGGGAACCCCTAGACTTGCTACACTAACAGCGGGGGACTCGTTAACGATGGACGGAAGTGTGATGCGCATGTAGCCTAAGGTCCCATAACGCTTGACGTATTCTATAGAACCGCGTCTCATTTAGCGGTAGTGTTAGGGGTCGCTAAGTGAGCGTGGACGAGGACGGAGGATCCCTCTGGCGAATATCTTATGGTAGGTGTTATGACAGGCGACCCGAGTCAGCCGCCCTTCAGGACCCTCAAGGGTCTACATCGACCTAACATTTGACCTAACGCACTCTGCGTTGTGG,1999,49.77,Drosophila melanogaster
SEQ_774061,GGGGTGGTCAGGACCTTCGATTTTATTAATATTTCAGGATGTCTGAGCCTAATGTCCTTTGTTGTGTAGAAGAATATTGCAACAACGTAGGATTTTCTATTGCTCTTAGATTGACTTGAAAACAGTTTTCAACGTATGCGAGTATTCACCTTTGCCGACAGTTCGGTATCGATTGTGTACCGCCCTTAAGGTGGGACCGGTGACATCAATGCCGGGTTGCCTGGCAGTAGCCGCATTCGCCCTTGGACAACTACAGACAAATCTCCTGTGCCGCGTACGCTAGTGCGTTCACCACGCGAGCAAGGGATGAAATTCTGATTGCAGGGAGAGCAGAACTTACTTGGGTCCCTATTGGGAATTAAGTGGATAGCTAAAGGCTTTACCTACTGGCGCACGTGCGATGGAAGCGGACGGCTCAACGGATGGGGGATTACACTGGAGCCTCTCGGGTACATTTCGGGGGAGAATTTGGTACACCGCTCTAAGGTTAATCGACGAAGGAGAAGCCACAGTGTCATCTCGCGACTAAGGTATTGTAGGAGACGTTTGATTCTCAAGGGGTAGCGCAACGCGAAATCTCTTTTGCCGTCCTCCGGTCCAAACTATTGTTCTTCGGTGGGTCGGAAAAGCTAGCACTGGAAGAATAGCTCCGTAGGGCCGCCACGTATGAGATATCACCTAATCGGTGGGCCTTTAGAAGCCACCATGATAATACGCCGATATAGTGCTT,730,49.32,Drosophila melanogaster
SEQ_156321,TCACCAAAGTGGGCAATAACGACGTGCGTTGAATTAGTGCTCATCTCAACGACTAGCATACAAA,64,43.75,Drosophila melanogaster
SEQ_293329,GTATCTTAATCGATCCAGTAGATCCCTAAATATAGCGCATAAGGTTAGGCGCGATGGGTGGGGGGAGTTGCGGAGGCGTCTGGTTATAGAGTAGCGGTGCATCCAGAGCGTACCGGAGCACTGTTAGCACAGCCAGTTGTCCGCAATAAAGAAGAGATCAGTGACCTATTATAGCATCAGTTCATTACTCCAGTGTATCTTTTGTTACCCGCGATTACTCTGCAATGGCCGCTACGCGTTCCGATAGATAAGCGGGGAACTGTCCCTGAATTGTCGTGCTTTGCCTTGTCCCCCAGCTACATGGAAGTGTGCCCCTACACGACCCAATCTTCTTGTATCAATTAGAAAGACTCCAACTAGAAACACCAGTGTTTGTCCGAAACATGGAGATGTCGAGCACCGCTTTGGGTACCCGCTAGAGTGGACGCTCCCTCACCGGTGGTAGCGAGCTTCGAATCTGCCTTATTCTAGAGGAATGATACAGCGGGCATACGGTAGTGAGTAGGATTTGGACTTGAGAATAGTTGACGAGGGATATGTTGGGGGGGAAATCTACCTAGGCTGCCTCATCCGGAGGAAAATCGTTCGAAAGTCAGTACCAACGGGGGTCATAAGTTGCCATAACGCAAGATTCGTGAACAATCGTGACCTTGTTTACGGGTCATGACACGGTAGGTGCCTCCAGTCGCTCGTAGCTGTCGACCCGGTATCGATGGAAACCGGGGAGAAATGATGAGAATGAACACTACATGAATCGTAACTGGATCATCTACTCCACAGTCAATGGCTCCCGTCCTCAGGAACCTCATGGATCACGGTCAGGTCCGGCGTGGTTCATCGCGAAATTAGAAAAGGAATCCCAATTTTTAGCTGCACGATTCGGAGTGCACTCGGCTCCCCTAAATTCCGGAGGTCATCTGATTCCGTGCGGTGAACTTTTCGAAGGCTTCTGTCACCCAGCAGCACTGCGGCAATCCGAGCATGGTTCGAATTCACACCCCTCACACAGAGACGTATTCGTAAATCGGACTTCACGAGGACCCCTCCCTCATCTAAGGAAACCGGAAGTCGTCAGTGATTCCACGGTCATTTAGGATTTCGATCCAAAGCTGAA,1114,50.45,Caenorhabditis elegans
SEQ_510680,AGCGATGTCTACATGACATACCCTATTATGTGACACTGAGGTCACGCCCCCGGACAGATTTTATATACCCGATGACATCTACATGCAGATATCAAATATAGGTACTTATCCGGACGGAATTGAGCGAGAATATTTACTAAGACTCCCGTAAGCCTGCCATACGACTACGGCTGCAATCCTCACGGGTGATTCCATAGGGCGGCCAAGTGAAAGGGTCGGTAGATGCTGTCGAACACATAGACGTGTAACTATTAGTACGATTAACTCTATGATAGACTAGCCGCCTGAAGCGACTCTTTGATCGAGCGCTAAACAATAGCGTAGCCGACAGCCAGTTCATTTGTATACCCCAGGTATCAGGTACAGCCGACATCCACACCTCCAGACTCTGTTTGATCGTATCGCAGAGCGGTCCGCTGAGTGCACATCAATGAGAGCGCTACCAACGCGCGGCATAGCACAAATTATGTCGTGCGATCACCGTTCGCACGTCGCCACCATAACAGTGTCCAGACCAAACCTGACTGACGTACATGGAGGCCGACGCACGATGGTCTAAGAGGACAGTGACCTACGGCCATATCCCCGACGCAGTCGCGAATTTCGTTTCGTTGCCCAAGTGTGGACCAGTTACCGTATCTGGAAAACACGCTGTTTATGTGGCGACTAACAGAGACCGCCATTGACGTCTCTACAGTTCCTGTTGGATACAAAGACTCGTCTAGCTGGCGCCAATCGAAATATGACGTGGACGCGGCCGTAACGTTGATGCGTGGGCACATTAGGGGGGGGAACGCTTAAACTACACGTAATGACCAGAACCCCCCTCTGCAAAGCTAGACTGGTGATCAATTTGGCTTCGATCCTATCGATACACGGACTTCCTGCTTTAGCCAGTGTATGCCCTACTGTTGACACGTCAGCCCGCGTCAGGTCGAGATCTACTATCGCGGATGAATCTCGATCTTGCCAGTACTATGGGAGCGACATTAAATGTATACGTTTGCTCTAGTAATTGTCATACCCGGTTCTTCAACACCGATTGTGCATCAGCTTTGGCCGCAATACGTCGAGCGCTTCGGTCCGTAATGCATACCGTGACTTAAAAATTGTAAATTCGTTGTATTCTCACATGGGCAATTGCTTAACGTGAGCGTCGACTACATAAGGACAAGCCTCGTCCCGTAGTAGGCCTGCATGCCTAAAT,1207,49.79,Escherichia coli
SEQ_636534,AGCCGTCGGGCAGCATGGATCTAGAAGGTCAGAAGGGCACTCATTGTCTACAATAGGTTATACTACATTGATCGCTCATACAAGCGCGCCCTACAAGCTACGCGTTTCGTGATTCCTCATCATTGTAACAATTTAGAATCTCACCCTACGACTCGAGGACTGAGTATCGGCTTGCTCTGCCGCCCGGAACCATTTCGAATCCGTACACTTTCAATACACACCACGCGGTAGAATAAAGTAGGAAACCTACTCAGAAATGGAGTAATTTCCCCGCCTGGATTTGGCTTGCGGACGTGATCTTAAAGGACGGGATCGCATCTGAGTATCGTGACCACTGCTACTCTACCGTGCATTCGTGTTGCGCCGCAGAGCCTGACTTTATCGAACCCAATGCCTTTCGGTAGTATTTGTTAGTCCTCGCTTTTAGGCTCCATGGCTGATTCCCCCCGCTAAGCAGTAATCCTTCACACTTTTTGGCCCTCATGGACGGAGACGAAGTTGCCCCGCGAAAATCCTCGTCACCCCCTAAGCGAGACCTCGGTTTGGCCTACTATAGTAGATTAGTAACGGCGGGTTGCGTGATTAGTGTCATGGCGGCTTCATTATGATAAAACCGCCGCTTACGGTGCAGGCCAGCCTCCATCCCGTCTAAGCTTCTAATAGATAACCAAGCCTTAACTTTCGACACTAAAACTAGGGTCAGTGCAGGAATTTGGGGAGCAAAACCGTTGAGGTGCCGCAGTAGGCACTACCGAGAGATACGCTAGGATTCTCACTAAATTAAGCGTCTCGAATGAGCGGTTGAGCCGGTGTAGAAACCTTGAACAAGTACACAAGCCGTAAAATGCATGGGCGGGATCCCAACAACCCTAAGGCGCTTCAACTCACGAGTCGAGTTACGTGTGAACTCATCTTGCTTTCTCATGAAAGGTACGGCGTGTAAGTTTAGAGGATACGCGGGTTAGATACTTTAAGAGTCAGTCTTCGTGCCTAGCAGTATTGAGGCATGCTTTAAGACCGATTATGGGGTAGCGGATCACAGAGGAACGCACTAGCCGAGACTACTGGTCCAGTTCTCCCAGTTCCTTGGCTATTGATCCCATGTCGTCATTCCCGATCTGATTTCCGGAGTCATCCGATACAGAACTTCAATGCGTGGCCCAAGTGATGAGCCCTCGACTAGTTCCACCATCCGCATAAAAAACCTCGGGCGGGGGTCCTAAACCTATCCAGTGCCCTTATGTCTACATTTTTTTGAGGGTCCATAACATACACCCCCTGACCTGTATGGCTAGTTGGACCCAACTGCCATATGACGGTATACGGGAGACCAATATT,1338,49.63,Mus musculus
SEQ_114320,CCGGTCGGACATGGCCGGCTACCCAGTTAGGTACTTCCGCTGGGGAAAACTGAAAAGCGACACTCGCGCGCATCGAACAACCGGTAGTTGTCCAGTCTTAAGTCACCAGAACTAGAGCAGAGCTCGTATATAGATCGCAAATGAGTTCACGAAAATCTCTACCTATGTGTCAAGCCAGTGATTGCCACGATTCCGTTTAGTTCGGGTGCACCTAAGGCCAAGTGGTTCTATTTAGTGAATTTGATCGATTCGTACCTTGCATATAGTCTTTCTTATACGACGTTACATCGGATACCAGTAACTCCAGGCCGGTAGTCCAAAAGGATAGAATCGATACGCAGTAGTCGCGAGAGCGTCTAACGGGCAGACGTGCGAGAACCGAGGCGGTCCACTGGGGGGGTCCCGACTCTACGCGCTGGGCAGCTCTCTTATGACCCCGTAGGAAGGTGGCCCGGTCCATGACGTAAAGGAGACCATGATCTCAATCGAACCTAGGCATAGGTCACTTCTTGCGACGTTTCCTTCGCTCCCTTTTGGATCTTTCCGCCGGGCAGACCGAGGATCTAAAGACTAACACGGCATACTTGACCACGGCTCTCTAGTAGACGGGTGTGAAAAGAGTAAGCTCAAAGGCGCTGTTTGACGGCCAATCAAGGCTGTGAACACGCGGACACCCTACCGTTGCTAAATTTAAACCAGGATACAGCCCATTAGAGCGCTCTAGTTTGCACGACGGCCTTCAGACCGCCCGCCACTCAAAGCCAAGACAGCAAGTTCCATGGAAGCCATCTTGGGCGCACTAACCTTTGGAGAGATGGTACGAACCAGAACCCACGCCAGGCGAAAAGGGTTCTGAGCGTAAATCACTCGGTGAGTAAGTTCGAGCAATTCGGCCACGTCAGACCGCACTTTGGACAGTGAAAAACGTACTCAAGGGGGCAATGACACTAGGTGCCAGGTATTATATATGGCTGCTTATCCCCGCACTATTACGAAGCAGTGGGTCTCCTTTTGAAAGTACTATCTCTTAATTGCACCAATGGTTGTCCGGTTCGAACACCATAGGGGGCCAAACCCGATCTCTAGGCCAGCCAAGCCCAAATAATCTTTATCAGGACCTAAGCTCGTGTTCAGAAGCTGTCCATTTTTGCCCGTCAACCAATTCATCTCGCGGACATAACAAAATATTGTGCTAGATCAGCTTGGGAGTGACACTTCTTTGGCACGTTAGGGTCTTTCATCGTTGGCCAGCAGAATCCTAAGTATTGTAGATATACAAGAAACACAGGGCACGCAGAGGAAGAGGTGCGAGATCTCTACGTTCCTGTCATGAAACTTGTGCTATGTACGTATAAACTGAGGTTGGCTTTCGTGATGCGCCTGTCTTGAATCATATAACGGCTTTACAAGTGGTATATGGTCCCCCTCCCATCTCGTTTCTCCGCGTGGCCGCTGGGGGCCTCTCGTTCGTTACGCTCCCTATACGGCAGCGTAGATGACTCTAAGTGCAGGATCACAACATCAAACGTCTAGCTTGCCTACGCTGTAGCCTATATTATGTTTTCTCAATGACTTCCTTTTTCGAGGGGACTTTCGCGTCTCGTTCGGATTACGGACGAGTCTGTCCCGAGTAAGGTTAGCGCCTTTTTGATCGTCAGAAACAAGTCCTTAACTAGTTTACAAGATGCGTTAGTAGACACTCTCAAGCTGCAAAATGGTCTAGGTACCGGAAAACGACTAGGGTCCGCCATTCGTAGTGCGTCAGAGCAGCTCTGCGTGTGCCTTTATATTCCGCCAAGGAACCGCTCGAAATTCCCTACTATAGTTTATCATGCTACCGGTACGTGTTGATCTATTTACTGCGA,1865,49.92,Caenorhabditis elegans
SEQ_905875,AAACCCAAGCAAGATATCGGCACTCGAGGAATGAACTCCGGCTATCCATGGTGAATACTCTTGATTGCGAGCTTCCGCTAATCAAGTAAGTATTGGTATGGAGGTGAAGTATTAATTGTGTCCTTTAGAGCTAGATTCGTAAGATCACAAACAAATATGTACAACACGTGAATTCTTGCTCGACGGGCCAATATCTACACAATCGCAACCATTTACTTACTCCACATAGAATAGGGATGCTTCTAGAAGAGATGTTAATTCGACCGGACTACAGGAAGTATCTCAAATCTCGGAAAGGGTCCAGTGGCGAAGGCGTACTCCGACTCTCCTGTAGCACGAGCAAAAGCACTTAAAAAACAAAAGAAGAGACTCTAGAGGAGGCGTTTTGGTTACTAGCACCATAGTAAATTGTCGTTGTCTATCGGAACATTGGCGCGCTTTCGGCGGCTGAATCGCCAAAAGGGACCGTTATAGCTGAGTAAGCGGACAAGAAAGTTAAGTAACGGATGGTGCAGTATACGGGCTCCCCATCCGCATAGACGTTCCGATCACACTGATAAAAGGATTCATATCGGTATCCGCTCTAGTGTCGCTTTGTTCCGTGCGATCCTTTTTTGGTCGGCTTTTCGAATCTCGTTCTCTTATCGAAAGCGACTGAGCATTCCTCACACGTGACGTATACACATCAATGGCCGTCAATCGTTCTACCACGAGGTTTCCCCACGGCTGAAGCAGTGGGCTCGCTTGTGACTCGAGCGGATCTCGGGGCTGGTCGCTGCGGTGTTCTGCGCCTACGGGCATAGTGATTCCATGAACGACGCGAGAATTAACAACGCACGATTTGCTTCCGTAATTCGAGCCCTTAGTCGAAGGGCGAGTGTACTCACGGCTCAACCCTTACATGGCACCTGGCTCATCGACTCAACGATGAGTGTTAGACTAATTGGTCGTATAAGTCATGCCCC,965,47.98,Caenorhabditis elegans
SEQ_136275,TACACTTGATAAATCTTTATTCGGCGAGTAGCACTACCCATTAGGACCTAGAGAGGATGGTGATAGCTGATCAGCTAGGTGCTTCGGCCTGCTGAGCTGGCGCTGGCTAGAGACGATGGCGTACCTCTCTGTAGCCGAGCAGACCTCTCGCAAAGAAGATGGTGACTACCTAGCCGCTTGGCCTTGGCCGACTGATGAAGTGTGCCCGGCGTCTTATGCCCAAGTTGACCTTCGGGCGCCGTGTTAGCGTATTTTACGCGCGAAAGAAATCATGTATAAGTACGTTAGCAACCTGAGAGTACTAGATCTCGTGCCATATCAATCCCCCGGATTGACCGACGGACAGAAAGCCGGCGAAATGCCGTCCAAGGATTTCATACTACACGATCAGCTACTGGCCGCTTGGTAGAGAGAATCACTCCTGGGCAATCATCGACTGCCAGCCCGCGGCCCCTTCCTCACGGTCATTTCCCGTGAATGCAGATCGGAAACCTTTGTTTTGCTACCTGTTGACACATACGCCGTCTAAAAGGGGGCCCACACGATATAACTGAAGGTGAGCCCGTCTATACGTTAATAGTGAACTCGCCGTAAGATCGCTTTAGCGACGGTGGAAAGCAGAGTGTACCGCCATAGTCATCGTAGTACCCTGCCGTTTGTAACTTGCGATCCCCACTTCGGAGTTGCATTAGACGCAATGACATTCTGGTAGTGTGTCGTGAGTGTCACCGAGAGGTCCCGGTCCTTCGTATCTGTGCAATCTCACCGTGAACATTTCACACCGCTCTCTGGCTACTCGAGAGTACTGCTAAGTAGCGTGGATGAAAAGCATAGT,835,51.98,Drosophila melanogaster
SEQ_277805,ACCTAAAGTGTGCTGTTCGCACAACTTTAGGAACCGGGAATGGCAAATCTTGGGTGGGTACCAGCGGTGGCACAAGTTCTCCACAAGTATTCTGGACTTCTACGAACGCGATAGGGGACAAGGGCGGTACTTTGACCCAGTAACAGCTGGGGACGTTGGGTCCTATCGCCGTCACGATGATTCTCAAAAACGTCCCGCGTTAATGGCTACGTGCTGCAAACTAATTCAGGTAAAGCTAATGTTGAGTAGTAGAAGAGTGCGATCTGGTTCTTGTTCAGCGAAGCGTAAGCTCCACCGAGATTCCGCCTAGATGACGCGTAAGATCGCCCCCCAAATTTGAAGGTAAGAAGACAATGAGATGATATGAAACGGGATTACAGAATACGTCTAGG,392,48.98,Homo sapiens
SEQ_328723,ACTTAAGACCTGACGGGCCCTTAGCGCATGGATGTTGTTGGTCAAGATTTGCCATTTATGTGCCAAGGAGGCTTGTCTCGAAATCACCAGTTTATTAACGCCAGATTCTGTGGCGAAATCAGTTGCGAATGTAAGAGTCTCATAGAGATCACAGCAGTTGGCTGAATCGGCTAACGCCCTTCACTAAGCTGACTCTAACTACGGCAGGTTGAGAGCCCACGATGTAAAGCGTACTGTTTCTGGTACCCCGGTAAGTAATAAATGCGAGCAAAGTCTGTCAACCACGATACAGGATTAGAACCGTATTAGTCCGCTCAACCTTCAGCCCGACATTTACGTGAACCGGAAGATTTTAGTATTATAGAGATATTTTCTCAAACTAAAGCTAACAGTCTGTGTCCGTGGAACCGATATCAGGGAGCTGCCATATATGGGTGCTACACTATACTGTGCGTGACAGGATTTTCATACGCTGGTTCGGGGAGTCCCCGTCATGGACGAGGACAGAAGACTACAGGTACAAAAGAAATCTCGGCTAGTCAGCCAGTAGTCGAGATGACCAGCAGTACTAGATGTGGGGGTATGGACCATTCACGCCAGCTGTGTCGCCTGTCTAGTTGGGCTAGCCGCTGACCCCGATTCGCGAGGCAAACGTGGTCCCCGAACACGCCCGAGAAATCGGCATGCCTTACCAGTCAACCCGAGGGGGCAACGTCTATCATACTGCCTGCGTACTTGCCTATATGGTCCAACCTGTCGCGGACACGGTAGTCGCCAACAGACTATCCGGTTAACGGCAAGAATACGTAATTGAGGAGTCTAAAAGAGATAACGCACCCAGCCAGCTTAAATTTATGAATGTATCCATAAAACAGTAACAGCGGTGCTCATATGCACGCCAGTTAAGGCATCGGTGACCAATCTCGCGGGCCTCACACGCCCCCACTGCGAAAACTCCAGAGACACTGTCCCATATTGCAGCGCTGCAAGAGGCGAATACATGACCTGGAATCAGCGCTAAATTGAGCCTATACTTCTCAAGAGCTTTTACAGATAACAATGGGTGGACTACACGCCTGTTAGCTCTGTGACGCTTTCCTGAATACGTTGCCGTCTTTATCATCGGCCTGAGAATGTCAGTCCGGTCGGCATGATTTTGTCTGTCGTCAAATTTGCTATTTGTCCACGGCTCCCTTCAAGCGTGCCTTCGCAATTGGTACTAATGCAGTCGATGTACAAGTGGAATACTCAGTCCGGGTAGCCCCGCCGCCACTGAGCTACGGAGATGACGGAACCGGTGATGTGATAAGACGAAGGATGACAAAGCACCGGGATGAAAACAACAGCAATATGTATTGCCGTGACATCTGAAGGCGTTGACTTCTCTCAAAGACGCGCCAGTTGGGTCTGTGGCTAGTTTGTGGGACTCCTGGTGTGCAGCGGCTTAGTCACGTGTCCTGGCTAATGACGAAGTCCGAGATAGACAAAGCTTTGAACTGATTAGCGTCTGTTCGATGGGTACTGACTTCGCTTCACAACTAAATTGGCCCGAACGTGTAGTATGAGAGGTTTGGTATCCTTCAAGGTACTGACGTCCTACCGCGAGGAGGGGGCCTCCCTTGCATGACAATGCTTCATCGTATGCGTTCCTAAACATCAATACACCATGTTTGGTGCTAATTCCCAAACGTGACCTGAATATGCCTCATCGGAATACTTTGTGATGGCCTTCTAGTGTATTGATCACTTGCGTATTTCTGATGAGCTACGAGACCCGAGTGATCGCATGCGCGTGACGACCAGATAGTGCCAGATTGGGTCC,1822,49.62,Caenorhabditis elegans
SEQ_647130,GTATTGGGAAACCCTTCTCCTAACCTAGCTAGATTTATCCTATCGACTTCGTCGAAGCGAGTCAGAGCAGACTTCGTACGCCAGATTGCACGGGGCGGCGGGGTAACCGCCCCGATAACCGAAGGCCCGCTACCCGGCCAGACCCGGATGGGGCTGACGAGCAGCTGGCAAAATCGCCTAGCTACTTGGAGGAGACAGTCTTTAGTAATATTTATGAACCCGCTGTCAGTCGGAATTCGAGGTAGGTGAAAGAGTCCGGTATCTATGGAACCCCCAAGTGATGTTGAAGAGCACCCTCGTATCTCAACATAAATCTGGACGAGTTGACCCATCCTTGCGCTTATATTGCGGAGCTGGGCACGCTCTATCATTACATAACTTTGGGCCGAAACCCCTTAATTTGATGGGTTTCGCTCGGACTGCGTGATCGCGGCACCTGTACGGACCACCCCGCGTAGAAGCAGCTTAAGTCCTGCAGTGAGAGGCGGCGGAAGTTCGGAGAGGTTGCCAACTTGCTCTGCTGGAACCATTTAGTGGGGTGCCTGATGGTTGTGACAGGTTGGCCGGGGAGATGAGTGCCACTCCTGATCGTTTGGTTTTCTAAATTGATGCTGCACCAGAGTCTTGCCAAATTCTGATCAGAATTCGGAAAGCCCGATTGTAAACTTTGGCTCCTGTGCCTCGTGCTGCCGATACCGCGAAATACCGCGAATTTTCCCTATTGAGAGTTGCACTGAGGATAACTTAGACGACCAGTGCTCTACAAGGCAGGAGTATCTAGAATACGGTTCCGCGGTAGATCTAACAACCGGTAGTTAAATGCTCGGTTAGTACGAAGTCTTGTTGAGTATCGCAGCCCGCGTCCTCGCTTCTTGTGACTATAGAGCCATGGACTGATAGGCCGCCATTCATCCTCACAGACGAATAGCGACAACGATAAGAAACAGATCCACCAGATCTCACCCACTGAGCCTTATTAAGCATATAAGAATAAGACAGATTGCGGCCATGCTGTCAGC,1019,51.42,Escherichia coli
SEQ_308189,ATACCACCGGCTAAGTCGATTACCAACCACTTAAGACATCATCTGTGAACACGGATATGTGGGGGCCTCGTCCCGACTATTATTCACTAAACACTGGTATTTAGTTTATAGGGTCTGTATAAAAACGGAGAATGCTGCATTTCTCTCAGTGCAATATGATCTGTAGCTGACTTGTGGCTAGGAACCGACGAGGTCCGCACAGTAGGAGGTGAAATTACTTGTGCCTACATCACGGACCCCGGCGTCGTGTTACCAAGGAGTATTAAGATTAGCACCCTGCCGGCTGGCTGGAGCGGGCGGTGTCTAGCTATTTAAAGAGGAAGTTGCGACGGAAGCAGCCTCTGTAGAATATTGGAAAATCAAGTCTCATTCGTGCTGTGCTAGCGTTAGTGGAGGATCGATCGCCCTAGTCGGTCCCTGTGCGAATCCACTTACGTGTTTGGTTAGTTTATTTGCCGATCTGTGTAAGGTAGCTTCCCCCCGAAGTGCATGGTTGCCCTATAGATTAAGTGACCTTTAGGTGTCGGGTGGACCTGAGGAACAGGGGTCCCAGCACGTACAGTTC,565,49.38,Saccharomyces cerevisiae
SEQ_757984,TCGGAGAATCATCGTTGTACGGCCAGTCGATTCATCTTTGTGATACGGAGGGGCGCTAACGTTCGCGGCAATCCAGGCGCATTGCCGTTGTGCTCTTGGCTGTGACGACCTTATTTGGAATACTGATCTATATCACTTTCAGCCATTACGGGTGGGACAGCGCTGCGCTTATCAACATGGTGTAATAAAGCTGAAGTCCCGATTTCAAGCGGTGGCGTCGGTTAATGCGCAGTCAGTCCTATCGTCTCTACGGCTGACCTTATGCACAAAGACAGACGATGCACCAACACGTATGCCCTCATTAGGCACAAAAGCGCGTCACACGACTACGCGGAATGCTCCTAGTGATTGCCGAAATCGCGGGTGAAGCGAACTGGTTAATGAGGACTTGGCTCTGTATCTTCTCCTCTGCACCCTAAACTTCGATCCCTCAGTCTACCCTACGAGTACTGGCGAGACTTTGTCCTGCGCAACAAACGATTAAACATCCTCGTAGCAGTTCTAGATTCTGCCAAGCAATATGACCTTTAATTAACGATGAGCCCCTCCAGATCTGATCTCCGGCGAGTCCGACAGGCTGAGAATGCCATTGTCTATCAGTCTTCACCAATTCCGGCGGCAGATAGAAAAGTCTCACACCTCTGCAAGAATGTATCGGATAAGATTAGCTTCATGTTTCAAAGTGATTATTTAATCAACGATCTAACAGTTAATTAACTCCGTAGACATAGGTGGTAAAGCCGTGACTAGGACTGTTGCTTTACACAGTGACATCCCGATAAGCGCCGGTGTAACCGTATCTGAGCCCCTCGACGACGTGCGGAGTAAGCTTACCAGCCTACGAGATGCGGTGTCACCAATCAAGTAGTTGCCAGGCAGTGCGAGCCCCACGCTGGATACCACAGTAGTATCGTATCCCGAGTCTAGACCTCCCCAGTAGTTGCAGGACGAACCTAAGGCAACCCAGCATCATGAACGTGGTTTTCATTAAGCACAGAACCGTGCAGGGAATTTCCTCTGATCCATTATAGATAAGATCGCACAGTAAATGAAGCGCTGCTCGGAGCATGCCGTAACATCTTGCCAAAACCAGTGTCAGAGGCTGAGAAGCTCTTTCACAGATTTCATAAAGTGCATCCGACCTATACACTGTGAGAGTGGGTCGTGCCCAGAACGCTCTCAAGTAAGCAATTATAGTTGGGCCCGACGTGTTTAGGTGACGTGCGTACGTTGCCGAGTATGGCCCCGCCTTTAGCCCACTTCCTAGGTAAAAGAGGTCTACCGCGGGACTCCAAGCGAATCGAGCGCTAGGTCCTTGGGCCACACAGAAACGCTAGTAGTTGACGGACGCGGGATCCCAGGGCCAATCGGAAAAAACTCAACCGGCTTCTATGCCACATCGCGTTAGGCCAGACGGAATCAAATTATACGAGTGTCCGTAATGGAAACTCGTCATACCGGCTAGAGGTTGTACACAACGTCTACCTCATGCTAATGCACTAGCTAAGGGAGTGGAGTGTGCACCTAAGACTGTCGAGAACTATACAAGCCACGTTAAGTCCTCGGCGTACGTACTCTGAATGTCGTCGTAGCACGGAGCGGTCTAGCCGAGGGCGGCCTTACAACAGACAATTATACACCGTAGGCTGGATGGTACATTGCAATTATGGCAAGCTATACGTATATGCGTACAAATCCAGCATGGCAATGAGCACGTAAAACTTCACCTGACCGTGGTAAGTGCCTACTAGGGGGTACGATCTGACAATTTATTGACCAGCTTTGCTACGCCAGAAGCATCCACGAGGAATGATAGATTGCGATGTGGATGTGACACGATGCGCTATAGGAGGTCAGGTATACGCGTTAGGGCGGGACCACCCAGTAGACGGTCGCACGTTAGCATGTTGTGAGGGTATGCAGCCTCTCGTCGGTCCCAGAC,1942,50.41,Arabidopsis thaliana
SEQ_992697,GAAGAGCCCCAGGAAGGATGGGAATGAATAAATGATATATCGAGGGGGCTTGAACTTCTGCTATGGGAGCTGACCAGAACCAATCAAACTGACCCTGCTGGCTGGGGTATGTCAGGAGGTACTGACGATCCCATAAGCCCCTTCCTTTTGGACAACCTGGACTCGCGGCCAACCGTCCCATAATCGGACACCCACTTACTTAGCGCTGCGACCTATCCTGACCATGAACTGAACAAAGCTTCCCACGGAAAAAGGTATAATCCACCGAGTATGATCGCCGGGACGACCCCGCAGGTTCCTAGATGAATACCGATGATATCTAGCTAGCCTACGTCATTTATACCCCATTCTTCCAAACAGCCTAGCATCTACTCAGCAGCGTTTTGCGATTCGACACTCACGTAGAGAATATTTTGGACGTCGGCCTTTCAGGTTGATGATCTTACCTCTAAATCCAGGTTCCATTCGGTACTATCAACTAGGTCACCTGTTCTTCCATTATTCATCCC,509,49.12,Mus musculus
SEQ_342710,TACGCGAGTACGGCGCAGGAAAGGTGGATCATCCGTCTAGTCTCACAGGAATCATTACGCTGTGCTTGTCGGAGAAGCTGAATAGTGCCCGAAACTGATTACACTCAGGATAGTCCATGCCGTAAATCTATCCCGATACCCTGTAAGCACTTCGCACGAAGAAGCACTCACTGAGGGCGGAGTGAGTCAAGGGTGCTTGCGGCCTGCCGCCAATAACATACTGGACCATTCGTAAATCGCATCGTCTAATATTGAGAAATATAGCCGATAAACTAATCCGATGTACGATCACTATTCATTCCTTGCGTTAATCGACCCATCAAATCGCGGTGGCCCTTTGACAGGTAACTTAATTTGCGCAGTAATTAGTTGAGCTACTCAACTGCGGGCACAACGTGTCTTCCCCAAGACGACGTTGCGCGAGCGGGAGCACCCGGTTCCTAGAAGTTATAGGTAAGACAAACCACTAAAATAACTACGTCCACGGCTTAAGAAAGACGAAATGAAGCCTAAAGGTGGTATTATCGCGTATCACAATAATGGGGAACGCCTAGGACCTTCCAGCGGAGCAATCCTCCCCAGGGTTATGCTACCCTCGTTAAGACCAAGCGCCCTACGATGGTGTTTGACATCTTTCACCCCTGTGTGATCTGAATCGATAAGGGATCGCAGGGCGTGCGGAATGTTATTAGGAACTTTGCTAAACCCAAACTAGACCCGCGCTCAAATTCACCCGCGAACGGCGAGCGGTAATGCAATGGCGCGATGCGGGGCACCGTGCTATCAGTCCGAATAGGCCATAGTCCGGTTCTGTAGCGCTTAAGGACACTAGCCGCCTGATTCTGCGCTGATAGTATAGCGGCAAATTATCAATAACCATCAGAGGCCTACCAGCGTGATACTCCGGACGTCGCGGCGAACTAAATAGTCCCCACTCGTACGCATGCCCTGCTTCTAAATCGGTAAGAAGGGTCCTAAGATATTACCATTTCAACTTGAAGATGCCGAGCAATCTCTTAGCCTGATATGGAAGAGCCCGGTCGATGAACCTAATCGGCGCTGGGAACAATCTTACTCAAAAACATGAAGAGGAATGATGGGACCGGCGGCACGGCCCCGCTGTACATTGTTGATTTAATGCAGGTATGAGAAGAGCCAGTAAGCTTCTTTGGTTCCGAATTATGAGTAGTACGCCCGCCCTCTGACTCCAGGCGCGCGCTTTGTAGGTTTTACGTAGCCAATGAAGGTGGTGGGATAAAGAAACAACGTTACCTAGCTAGCGGCTCTATGGCACGCGCCGCCTGCTAGGTTCGACATATGTAGATATCATTCCTATCTGCTTTGGACCTTCCATTTAGGTCTAACCTTGGATCGACACCGTAATGTCACAACGATGGGAAGCTTTCCTACCCGGCGGTGATCATCAGGTTACCCTCTGGAAGTCCAGGGTCTTAAGAGTACGGATCGGGTCGCTAAATTGCTAGTGGGTCTGAGGACAGAAACCTGACTCCCCCTCCAACCCATGCGCTGTCACTAGGCTCTAGCGGCTTGTACTTGGACTTATTGGGACCCGAGTTGTGTCCTTGTCTCGCGCTTTTTGCGTATGCACCGGAGTGAAGTCCCCAGACAATACGTACTGCCGAAGGCACCCATACAGAGGAAGTACCCTTGCGTCGAGCTCCCGTACAATCCCATACGGATCCTAAATCATGCCGTCTCATTGCCGCATTAACCTTTGTCAGTCCAGTGTACATAGGGCATTAAAACGGGAGACTCGCAGACTTAGCTGGTCGGGCTATCATTGCCTATTGCTAGATACGGAAGTTGCCCGGAGTCAGTTGGTGGAACAACTCAAGGCGGGATCGCTTAGGATATTTTCAAACTCCCAGCGGTGGTATCTTGTCTTTAGCTACTTGCTCGTGCCGTTTGTCCGGACTATGTCATGTGAGGTTCTAGAGCTCTCGATTG,1968,50.46,Escherichia coli
SEQ_158389,TCTTTGTTTGCCGACTGTTAGCGACGTGTATATGGGGCTTGCGATCGCGAGACCGGATTACAATCTGCAGTCCCCAACGACAACCAACCTTGCCTATAGCCACTAAGTGGCGTGGTCCTACACGTGACGCGCTGATCACACCTATAAACCCTATTCTGCCAATCCTAGGCATATCAAAGGGCACCGGATGGTTTTAAATAGAGGACCGTGAAAGACATGCAATGGACGCTAGTCCCTCCTTACGTCAGCGGGGGAGCGCAGAGGCAATGGATAAGTCACGTGTAAGTCTAGTATCTTAGTGCAGGCCCTAGAGTTGTTAAGTGCTGGTTCTCTATAGCATTATAGGCTCGTCTACTCGCGTCCTAATCGATCGACTTAGTCCGTAGTCCGGTAGGATATACTGCTCTTAGTCACGGACGGCTTTAGATCTGAAGGACTGGACCTCTCGGGGTGCTGGGGAACCAACGTTGACTCAGCCGGGACCCGCACCGGCCGCCCACTATAACGGTCATGCACTAGGGGCCGAGCGCTCGAGTACCGTTTGGCAGCTTCGGGTGAGTATATTTCGAATTAGCACAGAGGTACAGCCCGAAGGTTTAGGTGGAAGCTCAGCCACACGGGACGCACTCCGGGGCGTAATCCGATCCTGGTAACATGGTCATATAAGCCGTCCACTTTAGAACTGCTTTTAGTTTACTGGGCCCGTCTCTTTGATGCTACTCGACGAGCTTATGCAATCCGTAGATTGTATAGCGCTTTCATCTCGTAGGGCAGGTTCCACCAAAGCGCCCTGAGTGCGCCACAATAGGCTGAATGCGTCGGAACAACTGCTGGGCTCGGGCCGAATACCCCTCAGCCTGGATGATAGTGTACACGACTCCATTAAGCTCGCAAATAGTAGTTGGGGTCCCTCGAGCAACGATTCAACTTCGACGAACGAAGACACTCCGTATAACACTCGGTAAACTACTCACACGCGGGAGTCGTATGCCAGCCCTCCCTCCCAGTAACGCTACACTGCTGAGACTAAGATACCGGCCCCGTCGTAGTTCGGCTTAACGTACGTAATGGACGAGAGCCCGGGAGCACTAATCAAAGACCCCCGAGTAGGCGGCGTCGGCTTCATTGTGGGTCCGATCTGTACTAAGGTCCCTAACTGTCATACTCCAATATTCAGTCCACCCGGCCTCGGTAGTCGGGTAACTCAGTTAGCAGCCTGGTTTGTTACAACAGGTACAAATACTACCTGCACTGATTTGTTATGT,1265,52.65,Mus musculus
SEQ_889894,GTATCAGGGAGGCTATTGGACGATAGAAGCGAACTGGATCTTGCCAGGGAGAGTAAAAAGCACAAGTAGCCTTAACGGCGATTAGCTTGTCACAGGGAGCAGCAAACCGCCTGTTGTGGACCTGATGCACTTGCCTTCTAACCGTCGGCAAGCATTCTCGTTCCGTAAGCCGGGAATCTTCCAGTTGCTTACACACATACACCAACGGTGATGTTGTCGGCGCGCTTGCGGCGGATGAGTATCAAACAGCACAAGTGCCAGTTCCCCCTTCCAGCGTGTTCCGGCGTAATGTCGGCTGCGGTAGAGTTCCTCACCGATGTAAGGTTGGGGGCAACACAAGAAACCACCGCGGGACTGAAACGGCTCTGTAGCGGGTAGGTAGTGGCTCCCCTGCTCCGGACCAACTATCGGAGCTTGAACGGTC,424,55.19,Caenorhabditis elegans
SEQ_181827,GGTATAAAGCGGGGGATCTGGTTCGTAGTCGACAACTGGGCTTTCCGAAGAGTCATGGTCCCCACTCTAGAACAGAAATGAAGTAATTTGCGTTTGAAGGACTTTGAACACTATTATACTAGCTTTGCCCGTAGCCTCGCAGTCTTATAGGAGACGGGCACTTCATTCCAGATCGTGCATTAGCGCCGACGATTAGGGCGAATTTGCTGGATTTAGAACGTGACTCCGGTGGTGGCTATTAGGGATGGTTACCGACGAATCGAAGGTAGCCTCGTAATTTTTTGTGGGGAGGCCTCAAGAGTTCTTCGTTAGACG,315,48.57,Escherichia coli
SEQ_354144,CAAGTTACCTGTCGGGTGTGTTAGCGCCGGAGCAATGCGACATGATTTTACGTGCGGGAGACCTTCAAAGTCCCATAAGGATGGCGCCCGCTTCAATTTCTACATTATGGTCGTTATCGAGCCTCATTGCCAAGTTCATCCTCATACAAGCGTGGGCGTCGGCATCTGATATTGTGTTCTAGCCGTTCATGCGCTCTCTCTTACCGGCATGTATTAGTCTAGGCCACGCGGTGGACGAATGCCAATCCACCGTTACTTGGACAGTGAGTCGGACCTAACTGCAGCTCGTTCGTTTTCGAACGAAGTGCTCGCAAGATTAGCACTGGCAGCCATGTAGTTTTGGTCTAAACGACAACCTTACGTAGGTTCTCCTGTTCAGCGATCTTGCGTAAACAAACCGATCCCGGATCGGCATACCGCCTGGACCGTTAGAATATACGGAGACGTAAGCGGTTCCCGTGCGTACCGGAAACAAACCGGGCCATCGCCCCCAAGATTAGTGCAGTTGGAGCATTTTGTCTCGCATGGAAATGGGTGGACAAACTGGGCTACAACCTTGTTGAGAACTAGCCCCTGGCGTGCTGAGGCACGACATCTGGAGCTGCATGACAGGAATAAGTTGCATCCTTTCTCCCGGTGTGGCCACTAAGGTACACTTCACTCCCAGTGTCTGTTACGATAGGGTCTGACTGATCAACGTGAATCAGTCCGTTCGTAGGTGCTATCCTACGCGGTTCCGTGATTTAGCGTCGCGATACGATGAAATAAGCGCCTGGGCTTCGAACGACCGCAGATAACGGTCCTTCATGCATAACGCAGAATGGCTCATACTTACATATTAGGGTATGGGAATGGCTGTGCTTAAATCACCCCCCGGTACACGCGGAGGTGTACACTGCTTGGCTCGAGCCCATTGAACCAGCGAAACCAATGCGACTGATTGCCTGCAAGGCGTCTGCGTAATCGTGAAATGTCAGGGCCCCGATCGACTGGTCTCAATAACGGCTAACGAGGTCTGGCTCATAGTACGACTCACCTCCGTTAGGTGACGCTATCTCAATCGAGTGCGATTCAATATGACGCGTTTCTAAGCGGACCGCTTGCCGAGCAGGTAGGCAAAGAGTATATGAACGCTTTCATCGCGTCTGTTACTCCGAGGCAATAGTTAGAGCGGGTTGGGCGCACCTTCCCCGGTGTAATCTTATATCCTGCATTCATGAGTACACTGTCGTATCTAAAATGCTCCGCTGTGTACTGGCGTTTGCGTAACCGTCCAGGGGTACTCCGCTAAACGTGGTTATAATTATGGCCCCCTTCTGATGACTTGTCCTTACACGTGGCCCACCGGTTAGCGCAACCAGTTGAAGATGGGATTGCGGGATACCATTTAGTGATCAACGCCATCCCTTTTGAGTCTGAGCTTTTTGTTATTCGACAGAGGCTTCGTCCGCACAGCTTTCACCGTTCCTTGGGGGGCGGAACGCCCATAAGGTCGGGCAAGAGGACGTAAAAGTCGGAAGGAATCAGAGCTGTGACGTTGGATAGAGATGGCCGCACGACAGGTGACACACTGTTATTCTAATGGGAGGACATCGGGGCGAGGTCCTAGCACAACACCATCGTTCTAGCATTTCGTAACACATGAGCTCCCGCTCCTCCGGAATCCACCTGCCGTGGTGCTCACCAAGGCGCTGGTCCGTAGCCCGGGTCTCCAGTGTGTAATTCGCAGGATAGATTCTCTACATAAGCCCATCATAATTTTCAATTCAGGGCGCCCCGGAAGGTTAAACCCAGTCGGTCCCTGACCTACGCGCC,1815,52.4,Arabidopsis thaliana
SEQ_639049,CTCCCGGTGTAGCTCACAAAAGATACTCGGTGAGAAAAAATGGACGACCCTACCGGCTTTCAGTACGTTAAGTGGGTAGCTGTTATCATTCCGCAATCAAACACTGGCTAAGAAGATAAGGAAGACCCTCGGGCTAATATCAGCCCGCTTGTGTACGCACACTTTTCTTCCTTCATGGTGCCTACAGAGACCCAACATCATATGGCGCTAAAACTCAAAGTGTTCTGGGCCCTTATCAGCTAAGCGCGGGGGCCCTTAGGTAAAATCCGAAGAGTGGGGACCCCGGATGAATTGCGCGCAGAAAGGTCCGTGCCAGTGTTACGTCGGAACTTCTATTGACCCATACGGACATACAGCGTTGAGGTGGATTGTTAGCTTTTTCAGTATCGGTGTATGCGGTGTTTTCAAAGCGTGGCAACGGTGGTCGGGTTAATGTATCAACAGATATAAGGACTACTTGTGTGGTACCGGGGTACGTGAACTTCTAGCAGTAGCGTACATACGTGTCCGGTATTCTGTCATGCTCCAGAAATTTGTAGAAATAGTCCTGAGCAACGAGGAGACGCAGTTGGAGGAGTCCTTTGGCACGAACACCCCGCGAAAACGTACCTCGCAAGGCCTTGGCTAGTGTAGTCTGTGCTTAGAATGATTACGATATGATGTATCATGCAACGTTTAACAGGTTCTCGCGGACACGCAGAACTATATTATGTACGTTAACCAGTGAAAGAAAAAGCACGGGATGATGCCGCGTACACTGTTCATGCCTAGCGCCCGGGACCTGCCGCAGAGCTTGTCACTCGTGTTCATTGACGGCAGGCACCATGGTGCACGTCCTCCGGCCCGTATACGATCCACAGCCCGGTCGGAAGTCTTCCGGTCAATGGAACGTATTAGATCTTTCCGTTTT,910,50.0,Drosophila melanogaster
SEQ_544904,AATTACACCCGTACGATTGCGATGTGAGTTGTGTCCACGAGTGAAAGGCCGTGTGATAGTCGAGTTATTTATAACTGCGTAAGGACGAGTGGTTTTTCGGGGCTTGTCTACGGGATACACGGAACGGACATATGCCGGATACACAGAAGACGTCAAGGTAACATGCCGTACCACCCCCGAGCTTGTATTATCCCGTCAGCGCACGTCTCGACGC,214,51.4,Homo sapiens
SEQ_578555,CCGAGAGGGAATATCCCACGATGCTGATGTATGCTGAAGTTACACCGAACTTATTGCTGTTTCGGGCTCGCCTGCAATCGTTAGATGAATTCCGCAAATCTCGAAATTACTTCGAACGAGAAGCTTAACGGTTTTTTTTGGATCAATTGGGCTACCATCTGCGAGTCTCATTAGCGAGTTTCCTGTCGTATTGAGCTGTGATCCCTTGAGCGAATATGACAAAGCATAAACGCAAATGTTAGCAGCTTCACGTGTCGGGTAGCCACCACGCCAATGGCAACCAACCCCGCCCGGTGGCTCAACGTTGCTTCAAAACGGATGTAACGAAAGTACCCCCGTCGAGGGTGCAAACACGCACGTATAGTGGGCAGGTACTTGGTCTACCTTCAATTGTACGGAGGTCGCATCGTGTACAAGACCTGGGGGGCCTCCCAGTGACAACTTATCCATGCCTTCGATTATCCGTCTTAACCCAAGACTGGTGTCCGTATCTAAAAATATGTGGCATCTTTCCATTAGAACCCATTGTAAGAGCTCGTGTATTAACACAGAGGTTCCTCCTCATCCGTTATGAGGGACTGCGATCGGGTGACGGGGGTTGTGTCACCGCGCATACGGTTCTAGTTAAGTTCACTATTTGGCCGGGCTGTACCTGCGCCGGATTGGCGTTTAACTCGCAAGTTAGCTCGCCTCCTACAACTGTGGCAGCGTTACTGAAATTCATAACAGTACTCCTACTCGGGTATACAACCAGCGGTTCCACTGGAATGGATTGACTGTCATATGTCCACTTATGCGCTTCAGAGGTCAGCACTTTTGGACAGCACTCGAATAATCTAATGAGCTCTACCACTGTGGGGCCGGATCCGAGGCACAAGCTGTGCATCAAACCAAGCGACACCTTTTGACCAATCGCAGGCCGGTATATTAAAGAAATTTATGGGCAGGCGAGCTCACTTCGGACCTAGAACTTGAAAATAAGCGTATTCACTTAAATAATACATGTATGCATTTCGCGAAAACGATAGCTAAGCCGCGGGGATCGGGGCTCGGGAGATGGTTGTTGACTGAAAATAAGCTTTGCTGGGATCAATGCGTGTATCTACGGCCATGTTAGCCAGTAGTGTAGATATCTCATGTTGCCACACTTCCCGCGCACCATACCGTTTAGTACCGATCGTGGTAGGGGGGATGGGTCGGGCGTCGGTGTGGGTGCTGTGTATCCCCGTACGATAGACTGACCCGCAAGCCCGTGCCCGTCCTAATAGCCCTTTAGTAAACTGATGTCGGTAAGATGGCATGATCATTCTCGGCCAACCCTCGAATGTCCTCGCAACTCAGTATTCTCCCTAGCGCCACGTATGATCGTAAGGCTGCTTTAAAAGCCAACACGCGTAGAGACCGGCAACACAGCAGTTCCAGTTACTGTATTTACAAAG,1439,49.69,Escherichia coli
SEQ_491757,ATTTAACTCCACAGGACCGAAATAAATACTCCTGGCGGGGACTGGAACACCATCACTCTCCGGGTTCCTCCAGTATGGCGGATTAGACATTCCTTCCGTTCTTCATAGCTCCGGTAGCATGTATGTCCGATTGCCCCAGCTCAGACGCACGAAGCTCTTTTAAACGCTACGGGAGCGTCTCAAAGAACATTTCTGGTGTGGCGGAATTGCGTCATATGCGATACTGACGTTTATATAGTGGCTGCGCGCCCGAACAGACGTAGGTAAACGTTGATATGGGAGGTTCACTAATCCAGAGGAGCGCCTCCGTCTATACACGAGTTGAAGATTCTATTTGGCTTAACCACCCTCCTTGGTTCCTTATCTTCGCATATTCATCCCCCACGGTCCGATGATTAACCGTATCCCGGGGTCCCATATACATAGCCCTTTTGCACCCTCTTATATGTGAAAAATCGTTAGTTACAATCCTAGTACTCAAACAAACTGTGTTGCAAGTGATCCGGTTGTGTAGCATGCTGATAATACCCTGCACTGTAACGGTTTCAGCTCCCCCGCATGTTCGACCCGGGACGGGTCGAAATATCAGGATTTGTATGGCTTACCAACGGTCCTACGAACTCTATCCCCCGACTCAGGCGTCAAACTCAAGCAGTAGAATCACCAAAAGTCTAGGGAAAAGCGCCCCGCCCGCTGGTAGACAACTGGGCCCGTACAGTTACGGCTGTGCCCGTTGCTCTGACGTTATGCTTGGCATATTACACCTTCCGCTAGGACGTGGCTAAACAATAATGACCTATCACTACATTACCAACAGGCGATAATTACGGCCGCGTATTACCACGTTGCTTCCTCCAGCCTATCTAGGGTAAGGTTCAGTATCGTCTGTGTAACCGTTTCCACGGTCCCTTCTGTGAGAATTATTAGCCGAAGAGTCACAATATTAGACGGCTAAAATCATCACAATATGCTGCGGCGGGGGTGCTTCAGAAGTAGGTGTTCTACAGAATAGGCTGTGGACCTCAGCGACCGTCAATTTGGGAGTTTCTATCTTGTCGGCTATTGAGTCAGTGCTACCATCAGGTGTGTGGACCAGACCGCCCGTTCAAAGGCAAGGCGCTTGTTACTTCCTGCAGTTCCCCTGGACACCGATCGTAGACATAGCGGACTTGGTTAATGGTGGTTGAGACAACGGTACGCGCCGCTCTCCGCGTTCCTCCCATTCACTCTCGTGGGTGCGTAGCTTCAGTAGATCGCTGAAAGATCTAAGCCGGTATGGCCCATCTTTATCTACGCAATACAGGAAACGTGTCTGTTGAGAATTGCCATTGATAGACGTGGTGGGACACAATCGTCCTCGGCCCTAAGGTTCATCCTAACAAGGAACCATCTTCAGAACTGCTAACCTCAGAATATTTCCCAAAACCCTTAGCACTGTAACTAATCATTCGCCGCTCTGGCATTAGTGGCCTTTTGGATGAGTTCTTCTCGTAAGGTAAGAGACCTGCGCCAGTAAACAGCGGTAAATCGCCAAGAACCAGGGTGGAGCTTGCAACGTTACGCTCTTGCGCTAGGAGGGTTAGGAAGTAGAGCTGCAGGCCTCTCCGATCAAAAGGCGACGGCAGGTGTGGCACCAAAGAGCCCCTAGTCGCGTGCGCATTATGAAATTACAGTTCTCACCTGCTCACAAGCAACGTGCCCTCCTTCAGATACACCACTACGCCAATGCTCCAAGTTATTGGTTCTGGTGCCTGTGGTCTGGAGTGTGCTCTCTATCATTCACCATATCGACATACAACAGAGGGCGATCTTTGTTGTATACACTACCGGAAGTAGCTCATATAGTTCAATCGAGAATCCCCAAAACCTGCATCAT,1876,49.73,Caenorhabditis elegans
SEQ_331985,GTCACTCCTTATTCTCTACGTTTCGACTGATCCGTAAGGTGCGGGGCGCTCGCCTCTCGCTCGTGGCCATCTGCCTGGAAGGCGGACAGATGTATCATATAGGTCAGCTGACGGCCCTTCCAACTATATGACGTTGCCTTGAACGCCGCCTATACGCTGGGCGTCCAAGCCTCACGATTCTCCCTGTATGAGGGAAACCCTGTCGGTTCTGGGCCTAAGACGTCGCAGTGACAGTGAAGGTTGTTGGGCCCTAGACCTGAAGCGCAGCCGAATACTAAAGAGAGTGGCTTTCCCCTTTGATAAAACGAAGACAACCGATAGACCACCGCTGGCACTCTCCTGTACTGCGGGACCATCCCCCCATTTAGCCTCGAGAGTAAGTCAACATTGCCGGAGGGCATTCTGACAAGGACCATAAAGGTTTCAAATTGCATGTCCGCAAACCGATGTAAGGGACGTGAACCGTCGAGCCTAGCGAGGTGAGAACCTCGGGGGCCCAAACCCGCGAAAACAAGTGTAATAAAGTATTGGTATGACATCATGAAACAGACGGCGGTAAGGCCACCGCCCTGACGCGAGAAGCTGTCCCTGGTATTCGCAATTCTCCCGGTCGGTCTGAGGGGGTCGGCCAATACACATTACCGTAGTCACGCCTTTGGTTAATAACGACCCCGAGTATGGGCAGAGAGACATTACTATCTGGGGCTGCAGGGCATCTGACATACGTTCCACGGCAGATTATCGCGTTAAACCAGAGTAAAGCTTTATTAGTTGTTTATCACCCACGGAGATGGAACCGTAAAACCCGTAACAAATGTCAACTAATCTAGCTAGGGGTGCATCTCAGGGAAAACCCACACGGCTCAACACGTAACTTAGGATGAGATAGGACGTGGGCTGCAACCTCGCAGTCGTAGGTCACGGTATTATGTTCCAATCACGTCCAACCCACACAGGGCAGATCTTAGACTCGAGTTGGCGGCTCCCTCAGTGAGGTACGTGGTCCCTGACTTTCTCCGACGGTCATCCACCCGAAATCTCGACAGCGTTACCCGGGGTATCACGGCTCAGCAGGGTGGGGGAATCGGATGCTGAATTAACAGTTCGAGCCCAAGTACGAGAGAGGGGTAATCCGCGTATCGATTCAACCGAAGGCTCGAGAGTCCAAACCACATACTTCAGCATTACCTCTGTCCATTAGTCCACAAACGTGAGTGACTGAAGTGTAACCGCAATTCGACCGTTAATGAGGCTCCACTGA,1261,52.82,Arabidopsis thaliana
SEQ_617948,TTGAGGGGATGCGCCCCCCGGACTATTTACGCCGTACCTTAACTGCTGGACATGGATACCTGGTTGGGGAGATGGCGCAATAGATCCTGTGGGCTTGGGTGCTTGCAGATTGGGATTTTTGCATATTCCAGCAAATTTAGCTGTGGAGCAGTAAGGACTCAGCTCCCTCTGGATCGAGCAAACCGCATGCGACTCCGCACCCTCTAATGTCGGAATCCGATCGTGACGAGACATGGCGCTCTCTTTATGGCATGCAGCCTGCGTCTTTGCGGAAAACTTTATGGCGCTGTGCGTGAATAGCATCTTTAGTGCCTCTGGTCACAATTGCTGAGTCAGACGGAAACCACAACTAACAGAGACGCCCTGCCGCTTCGCCCCCGTCCCGTTGGAGTGGCCTCTGTTCGGCACTGCTAATCTCGCGATGAAAGATCTATTGCGGCGGATACTTCCTTTATGTCATATCGCAAAGGATCTATGATTTTTGGCTGGCTGCATACTAGTCAGTGTGACATCTGTCTTCTCGTTATCCGGGACCGTTCCTAGTACGCTATTACCTTGAAATCCAATTGGCACACATTACAATGCTCGATTTTAGCCGAAGCAATTGTTCGATAATGTGTTAGAAGCCTACAGTCCCCCCTGTGACGGCCGGTCCCGGTCACGAACAGGAAAACCTGGTTTTCCGGAATAAACCAGGCTCTCTCGTGTCCCCAGTTTGGGGCTCATCGATCTGGGGATTATCACAGTATTTGTAGAAATGGACACTTCACTGAGTTACCCGCGATCGCGGTGGATCGATAATAAGTAAGTAAAGTCCTGCTCCGCTCCTGGTCACAGCGAAAAGTGTTAAAGCGTACAGGAATATGAATTAAATATGGCTTTTTCAGAATTGCTATCTGGACGCATAACTAAGCTTGCTGTCACAGAATCCACTACCTAACTAACTCTCACTGACGCATTAGCGCCCAGTTTCCTTTTCCTGTTTTGA,988,49.29,Homo sapiens
SEQ_291129,TGCAGTTATACTCGGAGTAAAGAGGTTTAGCTGCCGCCTTGTTGGTGCAAACGCCTTAGCTATCCCGCATCCACAAAGCGTTACGATAACTAGCTTAATGAAACTAAATGCGGTTAATGGCCTCCCATCCCTGCATATGCCTTCCGGGGCAAAGGATTCTTTCACTATGGTTACTGCGATGATCTCATACAGGGCCATGCGGCACAAAGGTTTTATACGACAGCCGAAAGGCCCGCCCCTAGTTCCTAAGATTACGCGACCCACTAGTACGTCTTTATACCCCAACTTTCCGCCCAAATCCCTATCGTCTAACCCGTAGTAAAAACCCGATTCAGCGGAGCACCGTCGTACGGGCTTTGCCCTTAGGGGAGTTTCTTAGTCCCTCGACTCTATTAAAGTTACCTGTTCGTCATAGATTAGAGCATGGGTCACGGTGCCCGATTTATGATCAGCTCGGCCCGTACTAGATTGTGACGTATGATAAGCCGTTAAGTGGAGATCCAGTCCTGCAATAGCGTTGGGATCACCCAAAAGTGGAACCAGTAAGGCACGGTTTCTAGAGGGCCAATACTCCCCGCAATGCTAGCTCGCGATAAGAGTCGGACCCTGGATTAAACGCGTGTGACCTTTGTCACATTGAAACTAATGAGGATTGACTGAGCATAAGTCGAATGTGGACAGGGCGTGCAATTTTTATGCGCGGCTACTGACATCCCGCTGATCGTATGCATATCGAAGGCAGTCGCAACGAGTCTGTTCCACCACAGGCCCAAACGTTTGGATGGAGATACGTGAACCCCAACGTCTAATAGCGAACAAGCATACGAAATGGTTAGTAGACGATACCGGTCCACGCTTGCGATACGTTGCTATTTTATTTCGCTGAAAGCGTAACTGGGGATGGCGTTTGGCCGCTGTCCTGACATTCCCTGTGTATGGCACAGTGACGGTGTCTTTGGAGGCCCAAATTCTTGCGATCTATCAATGGACTGACTGCTGATAACTCGGT,1009,49.55,Arabidopsis thaliana
SEQ_464120,GAGGCGGAAGCGGCGAGAGTCAGGATTTAGCAGGCCCTGGGAGAAGTAACCAAACAACGCTCTCCGCTTCATCGGATTAGCTGTGGCCGAATCCGAAGCCACAGAGCCGAGGCAGTGTCTATAACAGCAGCGGGGGCAAAGCCGTGGGACTGGGGAATCCAAGTAGCCAACTCGGGAGGCTAGAAAGGTACTAGTGCCGTTAGGGATCCCCATAGCGGCCTCTCGGGGCTCTGTCAACGTCCGCGCTCGTATTTGAAAACATGTACGCTTCGGAACCCTTAAAAAAACCCGTGACATCGACGTGGTCAGGTCGGTATAGTATTGGAATTGCGGTCAAGCGTTCGTAAATTTGTGAGCTAAATCGTTAGGGTGAACCGTTAAAAGACAGTACTCTCCCGTGGTTAAAGCCACCCTGTAGTGGATCCGGTTGCGAAACTAGGCGATGACGCAGCTTCGCTCTTCCCCCTCGTGAACGCCCCACGGTTGTTCCCAAATGTGGGGCTTTGCTTCACCTCCCGATTCCCCAAACAAACCTTGTCGCACGGGATAAAAGCGTTGTCAAGGTAGTGAGCACTAAGGAGCCGATGTCGTATATTAAAACGCGAACATAACATATTTCCGCCAGAAGCCATTAAGTAGGGTGATAGCCTTGAAGCAGCCATCCAACACTCTTATGCAGAGGGCTGGGAGGTCGGAATTGGGTGTTTTTATGCACCCCCTGATGAGGCGTCTCGGGCAAGGGGCTTTTAGAAGGACACCCTTCCGTATAAAGAGAGATACATAGAAAATGAGACATGGACATGCGTTACAGCATGAGTGCTCTAGAATGTAACGCTATTACCAATACACACAACCTCCATTCCAGGCCACGTGACGGGGACGGAGGTCAACATTCTACCCTCCGTTCCATCTCCGGTCATATCGTACATTAGCCCGCGCGACACCAGGGCCCACGGTAGTGAGGCGCACGGCACTCCGGAACTCCAGGATAGTCATCTCAGAATTATATTGAAAGAGTTCTCTAGTTACCGTCGCTGGTGCCCCGTTGCACGCTTGACAGATGAATAAGGATGCTGTACGTGGGGCCCTGTAACGTTTCCGCTAAATCCTTTTTGAGCGGTCCTTGAGCGTAACCAGGGCTTGGAAAAAAACAGACCTTCATGCTACAATAGAGAGACCGCCCCATCCGGTGTACCGCGAATGCTAAATTCGTGCAACTATGTGATATAATTCGGAAACACGGAGGGAGTGGGCGATACTCCGGTATACGACGCGTTGCCGAGGCACTGTGGAGAGCGAAACTACACGCGGATTCATTGCGGCATTCGTGGGCCTATGGATCAGTCCATACGAAGCACAGCCTGGAATGCCTAAACCTCTCCCACTGCCTTATGTAAGGATGTTGGCGGGCCCTTTCCCGTGTTATAACTTAGAGACGCTAGTCTCTACGAAATAGATAGTGGAGTTCACTGGCCAGACTTCTGTAAATGCATACATTATGCGCAATCTGGGAGTTTCACCATGCGGGAAGAGAATACCTAATGGATTATAGGGGAAGTGTAACGGACTCCTGAGGTCCGGGGCTAGTCCGACGGTGACCGGTTATCTAGGGTTCCTCGCCTGGAGAAACGCCGAACTGACATACCGGGCCCCGGTCTATATTCACCCCGCGTCCTGGTGCAAAATTCAGTAGGGTCGGCCGAACTTCAACTGAACTTAGGATATCCGAGGAACGCAGAAGGGAACACCGTGTAAACTGGCCATATTACCAGGTTAACTGGGGAATATACCGCAGTATATAGATTAGGCGGTACACGAGGTGTATGAGATTCCACCTA,1838,51.74,Homo sapiens
SEQ_553087,CAGTGCGTTACCAGCGAATGATTCGTGCTGACTAGACCTACTATATCTAGATAGCCCGAGCCATTTACCATGGGAGTTGGTAGACTGAATCCGGTCTCCAGCCATACCGATTCTGAACACATTACGCTTGGGAGACAGCAGCAAAACTAATCGCGGCACGCGAGTTTCACCGTAGGTTTCTCGTAAGTAATACCAAAGGTTCTGCTCCACCTGAGGGGTGGACGCTCCCATTCAACAACGGCCATCAAATAACTTGGGCCAGTTTAGCGCGTCCAAATAAGGACATTTCAATCACAAGCTCACAATATTTCCTCACTAGCAGCGGTACTTATTCTTACATGGAGCCCGTTACCCACATGCAGTTTAAGTCTAGAGCAATAATCGCACCGCGAAAGGATGCAATTTTGTCTAACTGGGATTGTAGCTCTTTCCTCTACTTTGGCTATTGGCACAAGTATAGTGGCACCCCATGGAACTCATCCCCTAGTAGGTTGTTTCGGCCGCAATAATGCGCCGACATTTGTGAGGACCGGCCCGCGGTAGCGGATATAAGTGGGTGATAGGAGGCGCTACACCGTTTCAGAATTGCGGAACATTGGCCATAGGCCCGTACAGTCCATGAATGGATTAGGATTTCCATACCAGTAGTGAGTGAAAAGACCAGGGCACAAGGTTGCACCGTCCTCTATTCATGTGGCTATGAGGGAACATACTTCTTCTTGTCAAGCTCATAGACTAGCACCGTCTGGGTTAAGAATGTGGGGCAGGTAGCCCCGGTACCCGTTGAAATGGGGTAAGACGAGGCTCGTGGTAGGATCCTCAGGTTAGGATCTAACTGCGCATTAGTTCGGTCTAGACTGTACTAAGTAGCGTCGGTCGGGGTCATTTTTCATGATACCCGCGCAAACCTCTGAATCTGGGTGGCTAATGACAAAAATTCTTGGGCATGGCCAGCGTCGGCCTTAAAGAGCATCACACCGGTAGCAATTTATGTAACGACCATAAAAAAAAGGCGCAGAACGTACGTCTGGCCACCAGCGAGTTCTTAAATTTGGAGTGCCTGCTGACTCCTATGACTAAATTCATTAACCTTACCGGCCGCCGTGCTTCTGTAGGCCCGTCGACATAGCTGACCTTTAGTTGTATCCTAGCACCCACGAATGTGGCTTCTCGTCCCCACAGTGTAGCAACATAAGATACTTCCATCACATTCGCGGCGTCGTAATATCTCAGCGAAGGGGTTTCGAACGCAGAGATCAGGTGCACAACTGGGATTTCTAGACGGCTACGGTTTCTGGCGAGACACGAAATGCGTGCCGATCGACGCCCAGAATAGTGACCGGAAGTACGGGTCGATTACTCGCGGTGGAGCCCTGCCTATGGCTTCCCGGGACCGTGGCCTTCCCGCTGTAAACATCCGTCATTATAGTCGCACACGATACCGTAGGGGTGCCAGTCATTTTCCGTAACTCTATGGATGAGCATTAATCGTCAAAGCCTTGCATCGTAGAATATCGGGCAGGCGACTCGGAACTACACAAGTTCCCTTTTACTTGTACAGAGATGCCGTTTCTTAGATTTCGCGGTCCAATCCCCCCGCACAACAAGTACAATGTGAGCTGAAATCACGTACCCTTATTCGCGTAGCAGCTGTGATTCGTGTATGTGGCTTGAAATGACGCGAGATGCATTTTATGCATACAATCTGACAGTGTAGCGTGCGAGATGACTTCCGTGGT,1739,49.8,Escherichia coli
SEQ_766499,TTAATGCTAGATTTGGCCACAAACATCTCTAAGAAATTGGACAATTCTCCTGTTCCAGGGGGGGTGCCTACATGCGTGCGTGACGTATGAATGCAAGTTCAGTCTGCGTCCAGTTGGGTATTGAGTGA,128,46.88,Arabidopsis thaliana
SEQ_678503,CCTTGAATCCCATATGCCTCCGCGGGAACCATGCCGGGTTAAACTATAGGGCCTGCTACTTTTCCCTAAGTCATAACGCGATCTCGGTTTCCAATTACCCAGATACTTAGAATACCGCGTCAACCCGGCGACGGAGAACATCTGACGATG,150,51.33,Drosophila melanogaster
SEQ_988973,CAACAAACTCGAAGCACACGGTTCCATATAAAAGGTCGCGACACAAATAATACTTCAATCCGATGGGAAAATGGGAATATATCTTATGCTTTATAATTGCTGCGTGCGTTGCACTCGAGACTGATGTAGTTCCAGCTTTGCTACGTGCTGGGCGGAGAACCCCTCGCCCGGCTTTAATGCAATGTGATATGTGATTGCGATCATCCGCATTAGACGGTCGTCGGCAGCACTAGCGCCACATGAGTTATAACTTTCGCATCGAGAACCAGTAGAATCGCACTTCGGTGTCAGATACTAGCGATCATAGCATTGGGCGCGGACCAACGTTGCTGCAATACGCCCTGGAGCGGGAGTTAATCACTTGGGCCGTACATAGTGCTAGCACATTGTTGTTGAATATTACTGAGGCACTGAGTCGACGAGACAAAGCGTCCGGTAGATATGCTTTTGCCTCCGACATAGTGTCGTTTAGCAAACCACTAACACATCCTTTTGCGTTTGAATGATACCATTTCTTAATTCCTTAG,527,46.87,Arabidopsis thaliana
SEQ_446739,TTGCCCTAATAGAATAGCAGGCGACGCATCATCACGCTGTGTGTCAGTAGAGTCGGTCCTTGCTGTTACCTAAAGTACTAAACGATGACAGCTTAATCCACGGTGGCCCCAAAAGTCAGGGACCCGGCCGAAGATGCTTCGTCTATACGGTGAGACAACGAACGCCGGTTCGGTGCGGTAAATACTACTTAGCTCCTTCTCTAGACAAACCCCGGCCTGACATTGGCCGTTCGATTTGCTTCGGGCCAAACGGGCGATGCGACCATGTAGTAGGCGATAAATGCATCCGTGACGGTATATTTTGATAATCTACAGTGTCTCAATGAATCACCCCCCGCGGATACACTCCGTCGCCACCAGTAGTAACTAGGTGATCGTTCTCCGGAGTAACGAGCATTGGACTGCTTATACTGTAGGACCTTTTTAACCACTTGACGAGTTAGAGTGCTAGGTCTGTGAACGTCAAACTCTCGCCGGTCGATGCTCGGCCACGAGGCATTCACAATATATATCTTAACCCTCGAGTGGACCGGTAGAGAGAAATACTGCAAAGCTTGCCGTACCCGTCGCGGCCGAGCCATTCACGCAGGTCCTATCATGAATTTTCTATATGACGCATTCTTGCGGCGGGGCACCTTGACCGATTGTGCTATTATCGGTGTACGACGTTCATGGACCAACCGACGGCTATCAGCGTCTACGAGACGAGGAACCCCGGCTCCGAGGATACTGCCCAAAGCTGTCGATCCGAACATGTGCGGTCAGTCAGAAGTCTCACGTAAGAGTTGGAGAGAGTGTCTACCAGACAAGTAAGCCGTTGGTGCTCAAAGGCGGCGACCTACGTAGTTAAGGCAGTCACCAGGGGAATACGATCTAGGGACTTTTCGGTTACACATGCCACCTCCCCACTGGTTCCCTTAGTGCCCGCCCCCCAGCGAATGTCATACAGTTACGCCTTAATGCAAATCAACAGGGGATATGCAGTGCCCTCGCCATTGCACGCCATGATCGGTTTCAAAATAGTAGCACAACCAGTTAGAGTTAATGATATGCGGATAGGCAAGGCATCATGCATATATGTCAACAAGTAGTAATTGGCAATCTTATCGACGCGATACAAACACAATATGGCACTCCCAGGCACTTCACCGCCGACTCGAGGCGCTGCCTGAGATGTTCTAGGCTGACCGGGGGGAGCTTCTTTCGCGAGTCATCATCTCTATGTTGGTCACGTACTAACCGCCCGTTAGCTTGGTATAATGAGATTGACCTCGCGGACCTTCTGATTGGTTCAATGTGTGTTAACTTTACGAAGGTGGCCGCAGTAGGCGCAAGGTATCGTGCGGCCCAGGACCTTCAGTAACGAAGTTACTTTAAATAAGCGATGCCAGTCCCACACTCTTTCACATACGCAGGCGGCACCCCCATAGACGGACGCGACGCGCTCCACGAACGAAAGGGGAATATCCTGGCCTCACTACGAGACACGCCTGGCGCCAACCCTTGAGTGCCGGAGAGGCCCTCTACCTCGAGAGTTTAGTGAATAATACGTAGGCGGGTAGGAGTTAGCGCATTCAATTGAGTATACCATCGCCGTGCTTTA,1603,51.84,Mus musculus
SEQ_592053,GAACAAGGCTTACGATTTACTATTAGGCACCCCCCCACTAGTCCCAAAAAAGGGGAAACGGCTGCAGACCTCGTGGGCGCATAGAGGTCGTTCTTTAAATAAGATTTAATTGCGTCCTACCGACCCTTGAAATGCTAATGGATAGGCCTCTTCCCCTCAGCTTGGATTGCAAGGGCAGTACTTATTTATAGACGCTTGACAAGATGGTATGACTGCGCGAGGTCTCCGAGGCTGGGTGCCTAGCAGTCCGAAAATGCTCGGAGACCGCCGCTTCGCGTATTTAAATTGGGTCAGCCTGCGAGGCTTCCGGGATTAACTTTTGCCTTTTGCAGTTATCGGTGAGGAAAACGCCCTAAGATGGGACCGAGTCGGGGGTCCGGAGGTGATGTATATGTCTGTGAGATCGGTTCCTCATCTGACCTGCTCCTGTTAAATCAAGATCCAGTGTAATTCCACCATCGTCTAAGCAAAGCTCACTAGTGGACTGACGAAGGATCGATCTGAGTCGCCAAGGATCGGCGCGCCCGGGCGGGACGCAGAATTAATTTCCCTCAGTAACCCTGAGGACTGCAGCCAAGAGGTGACGATTCCTTGTCGGTGAACAGTTTATACCCAAGCTGAAATCGTAGCATAATGCAACATTGGTTCGACTACATCGCATGGACTTTGGAGATACACACCTTCACAATCATGACCTAAGTGCAAAGTTTTCAAGGTTAGCTCGTTCGATTGCTTCGGACTGTCCAATTCCGCTGATAGCCCACCGATATACTTGATCACAGGTCGTATGAACCTTGTTGCAACTCGGAACGCCTTTTCAGGCACGCTGAAGAATCAGTTCACCAACCTAACGTAGATATTGGTAGCTAAGCGACATAGACCGCCGGGGCAGACCCAGCAGCGACGGCCCCCTAGAGGTGGACGCCCCCCCATTAGTAAGCCGATCGAGATTCCGGGGGACGCTTGGCGATAATGTCTGGAATGCCCCGATCAGTGTCCCAACCGGGGATGATCTACACGCTGTCTAGCAGCATGCCTTAGCGGCTGCTTGCGATCCCCCGAGACCCGCCGGACTTAAACTATGAATCCATTCTGCTGAGCCTAATAGGTGGTGTTCGCGGGACGCATTCCCGTATCCTATTGCCACCGGTCTTATGATTGGAAATACACTAGGTAATCCCTTTGCTATCCGCGCGATAGGATGGTCTCTTAGTTGGATACAGACCAGTGGATCGTCCA,1239,51.57,Homo sapiens
SEQ_121000,CCAGTTCAGAAAGCCCACCACATGTGACTACCCGGAACATACCAGGGGGTGCGTAGAGGGTTACGCCTATCTCCGATCAGGCTCACGAGCAAGGATGAGTCGCGTCAGATGAAGAAATGCAAGGGGTCCAGTGCCAATAAGTTGTACTAACGAAAAGGACACGCACATTTGAGTCCGTATCCCTAAGAAAGCAGCGGACTGGGAAGCTAGCATCCGTTAGGCGGAAGTAGGTGTTGGCGCTACAGAATCGTCTGATCTCGATCACGATGACTCCAAGCCCGCTTACAGCCAAGTGGGTTAATGGCCATACGTCGCACCTTCGTCTTTTTGGGCACGATATGCCATACCTCCATATCTTAATATGAAGATACAAGTGCATGTGCACTCGTTTTTTGCTACCTAACCTTGTTCTGTCATTTTTGTGGGAAGTGCACAAGGCGAAGCATGCTCCGCTTCTTTACTGTTCCCAAGTAGCCTCCCCGGATACCTGTATTACGGCGTATTAATGCTGATGATCAAGACTTCTGGCACACCACAAATTGGCGTCGAGAGGGCAATATAATATGCAAAGTGCGTCCAGAATATCGTGTGGCGCCGGTCCTCTTAGACGGACCCCGATGCTCACATGTTCCCTCAGACCCTACACTAATCTCCTATATGCTTCCCGAACTAGCTCTATTAAGCGTGCTAATAATCTCAAGGTTTCTGACAGCATAAGTCGTGGAGCGAAGCTGATTGTATAGAGTGATTATCCATAAACAATGAATCGTTTCCTTGTATCAGAGCAAAGTCGAATGTCAACGCTACTGAAAGCTTTGCTTATCCAGTGTCTTTGTGTTAAGCCCACGTCTTGGTTGGGAAAGTTCCTGAACCACTTGCGTAAGGACCAGCACGTCTTAAAGTTCGCATCCGCTAAGGGAGCAACTCCAGTGAGTCTTCTCGACAACTTTGGGCCGTCTTGACCGTCATTCGGGAAGTATTAGAGGGGTAGCCGTACTCCTGAGCCTGATGCGAAGGCGGAAGACCAGTCCCATCCGTAAGCCTCATGAGCACCCTGCCTGTGGCGCTGAGTCCGTATGCACTCAGTACGCCTACGCCATAATAAAAAAAGAGGTCGTACGGTACAGAACCGTTCAGCTAGCCAATTGAACTTTTCATGCAGGCATTGTTCACGCACGACTGGCCATCGAGGATGTGCCGCCCAGCACCTCCTCCCTAGTTGCTTTACGTGTTCTACTTTGTTGGCATTATGGGTCGTATACGCACGTGTAAGCAACGGGATTTGGGACGAGGAAAAGAGTTGATGTGCAGACATATTACTTTATAGACTTGCGGTGGCCCGAACGCGGGCCCCAGTAGGGCCGAAGCGCCA,1372,49.93,Homo sapiens
SEQ_881662,CGCCGCAACCAAATCCAACGGCTTACTTCCTAGCTTAGTTCCAATTACCGCTTCATTACGATAAGAGGATCGAAGGGCCGGAACGCTGGGCCCCCAACCCGTTTCCTACGAATTCTGGTTACTAGCCCCGGTAGCTACCGTGAATGCCCCGACGCTTGTCCAGCGAGTAACCTTTCACTTTCGCTAATCGCAAAAGCAGAAGGTTTACTGTGCTCATCACTAGTGTCCTCTTGAGCCCTGATAGCGTGAAAATGCCCCTCTTGAGTGCGCGACCGCCGATGCACACGACGTACTTGATCACGCTAACGCAAGAAGCGCTCAAGAGAGGGTGGGGTGGACCAGGTAATTTGCGCAGTGCAACACCATATGGTTGCTACACTCCACTCGAGGCCGATCGGATTGGTGCAGCCAACGCCTGGGGTAGCTGTACCCGTTAATAAAGAGTATCCACGACGCTTAAAGCGGGCGTGTACGACCACCTACTGTGATGCCTGTATATGCCGCTACATTAATACGCCTCGGCGTATTGCCAATAGGGTTCCGGGTGAGGAAGGAGCTCCCACAAAGAGGACTGGTTTTGCTCGTGATGCTCCATCTGAATTGCAAGGTGCTGGAATCGTCAAACACAGACCACGCGGCTTGATTTACTGTCGGGAGCATAGTTGGCACCACGTTGCGCCTAGGTTCCCAAGGACGGCTTAGCCGAGTCGTCAACGTTGCAGTTGCTGTTTAGTGGCCCTCACAGTGTATCTGCGCCGCTAACAATCATTTTTAGGCTCGAGCGGTATCTTTATGTGTTGATTTGACACTCAACTAGGTCTCCACATTCGCAAAGGTCTGCCAGGATCTGCGGACCCTCGGAAGACAGCAGGCCCCAAATTTATCGCTCGGAATGATCTTATCGTTAGTCCGAGCACTTCGCCGTCAATGTCGTCTGGTGTTTAAAATAGATGTTAGCCGGCGCCTGCTTTGGCCGATCGTATAGGAGTACGGCAGCAATTATGAAAGAGATCCGAAGCGTCCCATGTCGTTGATGTCGCGGTATTCCAGGTACTAAGTGTGCGTATCATTGTGTATTCCATTATACATCAGTACGGCTATTTGACGCTTAGTCGGGCGGTTCTCTAGTAGGCTTTCCCAGGCCAGAGAGCACACTCATCTGTATATATCTCCAGTCAAAGATTACCCCAGGTGGCGGCGTTCGAGTTGGCAGACTTAGGCGGTCGATTCACAAACTCGAGTAAGAATCGGCTCGACTAACCACCTAGGTTCTTCGTCCTACTCGTTCCGACACCCGCTGTAGTTGTTTCCGCCAGACAATTCTGTACTTGAGCGGTGACGATCTATGTCTGTTTTCCCGCAACCGTGATCTGTGTGACATCGTACCGGGCCAGCTATGTACCGAAGCACCCATGAGTTAAAGTCCCGTCCTAGACTCAACATGTAACTTGAAGGATTGACCGGGTTCTATCAGCCTTGAATAGTAATCATAGGGGTTACTCTCAATCGCCGCAACTATTACATAACCTCAGTTCTTGTACACAGCCGTCCCTAGTAACTCCATTCCCAGGCACCTATGTGGAGGGCTGGGCAAAAACTACACTAGCCCCATAGGTGTGTCTATTCCTTGGCAAAGGATTCATTACCCACCACGCCGAGCAGGGTTAGAGTCTTGTTGGCCGTTATCACGGTCGTGGCTCGTCCCGTATCTACTGATCATGGACACGAGGACACTATTCGCAGAGCCAAGGGTACACGGACATCGGGAGGGAAGGTCTACTTCGGTTGTTCTAGTAAGTACAGCAAAATGCAGCGATTGGAACGAGCTTTTATAAGAAACAGTGAGACACGTTCATCGGAGACTAACGCGCGGTCGGGCAGCTTAGCGCGTCTGAACA,1898,51.42,Caenorhabditis elegans
SEQ_367315,CCGTTCTGGACCTCCTCCCTGCTGGAGGTGGCGCGCACTAAACAATACTAATATGGTTCAACCAACGCA,69,53.62,Mus musculus
SEQ_247886,AGGCCCAACTCAGATGGTCTCCCCGGTCATCCCCCCTGAAACGCTGCAAAAGCGTGGCGTCGCAAACTTCCACTAAGCAGCCCGCTAAGAAAAGCACCTGTCTTCATCGGACCAACATGTGCCTTTGCGCGACTCGACAAATTTGATCCCGATACAATCTTAGCTATAGCACAGGAAGTACGGTCGAAGGGGCGGTGAAATACGACGATACCTAAAAGGAACTTAATAAGCTCGAGAATACTCGGAAATCTTTACAACGGTATTAGGGACAGTCAGGTGGCGGAGTCGACATTTCTATTGAGACGGAAAGTTTAAACACGTCAGTAGTTACGGAGTGGCTTACTGTTCTCCGCTATGTTTTCTCAGGGCAACTCTGAGAGCAGCAAGCTGTATCAAATGTAGGGCTCGCAGTCCCATACGAGGCTTCTCGGGTTTGATTGATAGCTCCAGGCTCTTATATTGTCGTCGGCGGACTTAGACACTTCGATCATCACGCTACGTCCAGTCTTGTCCTCGGTGGGAAGACAGATACGAGATTTTGTCTGTGGCCCGTATCCCAGGCATACCACGTAAGCAGATGACTTAAGGCTTGGGTTCAATTTACAAAGCGGCGACTCTTAAACATACACGTATAACTCTCCTCAACGAGCTACCAATATTACCCCGCGGATTCTACCGGTAGCACCTACACACCAGGTACGAGTCTGGTCTTGGTCTTCTCACGGTACCTAAAGAATGCAAATTTAAAGAATCGACGGGCGCCCTTCTCTTGACTACGAGCAAACCGGTCCCGCCTTAAAGGATATCCGTTGGGTATACCCGACAATAAGTGGGGTCGGCTTGTTGACCCGGCCACCCGGGTTGTGAAGAAAACAACATACCCACGCAATTCAGGCATGCCTCACAAGGACTGAGTATATTGTGAATCGGCTTGCCTTCCGTACAGTGGGGCTGGGCACATGGAGCCCGTACTCTTTAAGTCGCAACTTATTCATTGTCAGGATGAGGGGTTTT,1014,49.7,Arabidopsis thaliana
SEQ_881490,AATTTGCTCTCATCCCTCATGTAGAATCTCATCGCTAGCTCGTGGTTTAGTGACCTCCCTAATCTCTCGAGACATTAAACGTCAGATCTATCAGAATGCCTCTTCAACGCCTACTAGGGCATTGTCATAGTAGGGACGGACCCGAATGCAGTCCCTTATCGAGTAAGTGGCCGACCTGTGTTCTGCCCTTCCGGCTGTTTCCAGCGAAGGCACGCATCTTCAGGAAGATCCCATATATCTGACAGTCCCTGACGTAACCAGTTTAATTCAGTGGATACGGTACTGGCTGCCATCTCAGAGGGTTCCGTCCATCGCCTCTTTTAAGATGCATATTTCACCCTACCTATCCCATTCGCTGGGGGTTGACCTAGATAACACCTTCCCCTTGACGGTGCTAAAAGTCTCCAAGGCCTTTTGAGACTTGCCTCTTCTCCGCCGCAGGCAGCGCTTGCAACCCCTTGTAGCCGAAATTTGGCGCACGTGTTGCGCTCTGAGTAGTAATATTAAGTCAAAGCCGCTGCTTGACTTTGATGCGAATATTATAGCCATGCGGTGACGTGTGCCAACCAACGGTGTCGACTTGCGTACGCTCGGCGAGAGGAAATACTACGAACGTGCAGTAACAACTTTTTAGCGTCTGGCCTGTAAGCAAGCTATACTTAAGGGGAGTCGACCGAAGCCCGAGCAGGTCTCGGTCAAAAGTCTGAGATAGGACACACTTCACCACCTACTGTCTGGATCAATGGTTACGCTGGTTTTGTTTGGTACAATGTACACACGCTCATTCCGCTAGTGGGCCTCCTGTATGAAGACGGATTACATATGTCCGGTACGGAGAATGGAAGATGGTATATGTTACACCGCTTCCCACTTGTTGCGGGCAAGAATGGTCACTCTGATAAGACTTCAATATGTTGCAACCAAAACATCCGATCTGGTTGACGCAATCTGTAATAATAAGAGTGGACAAGCTCTAGATCGAGACGTACTGTGGCGCTGCAACCGCTTCTTGGTGAATATACACGACCCGTTGGACCATTCGCTGAGATATTCGATATGAACAGCAACTACGGGGTCATCTGTACACAGCTTCGCGCAGCAAGGGCCCTAGTCTACTAAAACTAACCGGGACTACACTGGA,1141,49.34,Drosophila melanogaster
SEQ_158597,TTTCGTAAGTGTTTTCGGGCTTCAGGTCCATTGACCGTCACGACATGGTGGCTGATTCGAACCTCCTTTGACGGGATTGGCCGCCACTTGGATGAATCCGATTATA,106,50.0,Mus musculus
SEQ_941762,TTCGGGTGCGCCTGTTCCTTGGACACCCGTCGCAATGGCCTGGGGCTGGGATGCCGTTGTAACTAACACGTTCGAGCTCCGTGTGGAGTTATAGCGACCTCTTAGGTTCGACTGATCGGCTCGCCAACCCGTCGTCCCGTACATGTATGACTATTGAGCCTAGCAGTGAGACTCGTACCGCCAAGTCAATAAGGTTTCCTAAGTTAAACGGAGCGGATGAGGGCGTCCCACGACCGACGGTTTTCTGCAAACGTTGGAATGCGAAGGGCTATCGCACTTCGTGGGGCCAAACAACTGCTATCGCAGTGGGCGCCATGTATGCGCGTGTACAGAGGATACATCCGCACCAAAAAAGTTATCGCTCATTCCCAGGTTTGCAAGCTGTGGATACTATAAGCGACTATACACCGCTTTGTGCACCAGGAGTGTTTAATTTTAAACAATCATCCCAAATGCGCTTCACTAGATGCCTGGTGCTCTGCTAATTCTACCAACCCCGCCGTTGTTCTTGTATATTAGGCGGCAATTTCGGAATTTTGCAGGGTGTTCGCACGGCGAGAAGGAATTGTATGGACGACAGCGCTGTTTCTACCCACCGCGCGTCTAAGTCCTGGTAGGCTCTCCCTTAATACATTTCAACGCCTAACGATCCGAGCATCCAGAGCGCTTCAAAGTTATTTGGACCATCTTCTCGGAGTAGGGCCTGTCAGCCCCTCCCGTTGTTTCAGGGCATGGGGGTTAGCACCCCAAGCCTCTGCTAAGGTTGTGGGCATCTCTTCAAGGTTACCGGAACGTTCTATTGCATCGACGTACACACTTGCTCACAAGCTCTGAACGCGAAGCAAGCTAATTAGTAGTTCCCGTACCGAAAGGAAAAGTCGTGATTCATGGCATAACTAGTTTTCACCATCTGAACGTACCCAGAATCCGAGACACATAAAATTGTGAATAAGTCACTCCGGTTCCATTAAGATGCTGGCGATTGCGCCTCTCTGAACCGAAGTAACAAGCGGCGGTAGTGCGCACCAGAACTTCCGTATGATTTTCGTCCTGCTGCGCCCTCGATACGAGGGGTAACAAGATAACTTGTAGCTTTCGAAAGAATTTGGTCCTCTTCTAAAAAGCCCATACATCCAAAAGTAAGAGTCCAGATGAACCAGTGGTGAATGGTTCGGGCGTCCGTCGAGGATGCGTACCTCGTAGCGGACATACTAGTAGAAAGGTGTGCATTAGTACCGTACTTTTAGCGTATGGACCATTAACGGATCAGGCATAGTTCTGCAACTTTGTCTGCGACCGTGGACCTACAGCCTACCTAGGACACTCGCGATTTTATTGAGTAGCGGAGCCTGTTAGCTCCATCCCCTAGACCAAGCTCATGGGTTTTGTGATCATTCCGCTGTCACTACGGACCTGTTCCTTTCATAATGTTTATCGTATGGCCACT,1447,50.17,Saccharomyces cerevisiae
SEQ_701996,CAGAAACATGTCGATCACTCAAAATTGCATGCAATATTCTAAAAGTCTAGTACGTAAATGCGCAAGTCTTTGTGAGCTGAGGGAAAGTTGAGCCCCTTTGAGCAGCCGCATACGGACACCAAAACTAATCTCTGAATCGGCCGTTTTGTATCGTATTATTAGCATGGCCGTGTGGGGCACCGTGGGGTGCAGCAGGACCGTGGGTCTATTAGTGGCTGGATGCACGCATGAAATACGTTACTTCTGATAGAAAAAATATTAGTAATGGGCGCTTGGAATCCTTTGTAAATGCCTATCAGGCGTAACCAGCGCGGTGAGTCGCATACTTTTCCTAGCCGGAACAGACGCTGTCCGGGAACCAACTCACAGATGCATAATTGTATATGACGCTTCAGTTTAAGCGTGAAAGAGTCTTACCTGAGCCCTGGTTGGGTTGTTTACCGGGGCAAGTAAGTTGGGCGACCTGTGAGAAAAATAACCATACGGTGTCCCCGTTTGAATTCCGAACTCATCTTGTACTAGGCGAACGTTTTCTGAAGCACATTCGGTGCGCTCGATAGGCAAACTCCGTCTCAGTCGACCGTCATACTCCGCTGCGGGTTGCTTCCGCAACAGAGATGGACGGAACGGAGTGTGTTATTATATCAGTTTGCTAATTTATTGATCAGTACTGGTGGGGCCCCGGATACTTGCACAGTATAGACCGCCTGCACATTAGTGACTGAATAGAAGTTTGGATTGAGCTGGATCTCGGCATCTGATGGCCCAGGCTCCGAGGGTCTCGCTTCTTGGGATAAGAGCTAGAACTGTTGGTTTCTGCCGACTGTCTACGACTTGCCGCTAAACAACTGAACGTGCAAATACTCGTGAGTGCCACCCCTTTAGGTTGAGAACCCGATTAAATACAAAGGGTGTGCAAGTGCAGGAGGTTGGTCGAAAGAGCCCCCCACGTAAGCCGCCTATCCATTAGAAGCAGACTCCCAGAAATCATTCCGTTGGGATCATCAGATCACAGAGTCGAATGCCCCGGCGTCAAGTCGGCCTTTACAGGTGAGTGTCCGAGTGTGAAATGTAGGGATACCGGTAATCGGGGCGATGGCAATAAGTCGGAGTGCGATTACGGGACCCACGCACCTAAAGCCTCGCTTATACTTAGCCTCGTGCCTGGGTGTCAAGTTGCGACTCAGACCGAACCTTAGTCCACTCCTGAAGTCGTTCCCCCGGCGTTACCGCCAACAGCAAATCTTCTGATGGTCCGCAAGGTACCGTATATAACAACCTCGTTCACCTGTATTAGAACCTACTTTCAATCGGGGCGCTGGAGGAGGACTGTAAGCTAGTACTTTTGCACCGAACAACTACGAGCCATATGTTAACCCGAAAATTTGTTCTAAGGTCAGGCTGACATGCTCAGGGCCCCAGGGATCCCAATTAGCCTGGTTGAATCTA,1449,49.76,Mus musculus
SEQ_878527,CGGTGTCCGTTATAGCGTTATGGAGGATTTGGACTCGAGGGTGAAGGACGGATAGTCGCTTGCCGTTACTGTTCGGAGTAATGGGTCAGTGAATGTTGAGAGAATAGGCACCAGTGCCATTTTCGCCACACCATAAATGCCCGAAGATATCTTCTGAATGTGGGAGCATCGAATATCGTCACCCAAAGTTCTTTTCATCCTCTCTTTTACCGTGGATTATGATATGCATACTCGAGCGGTTCCCTAGGGTCTTTCCCGGGCCTGTAAGTGTTCGCAACTGCAGCTATCAATTAGGTCACCGAATCGACTTAAGTGAGATATTTGACTTACCCTTCCACCTACGTGGATTGGGAGCTTAGTAGCCGCTGGGACTTGCGTTTGAAGCTGTTGAGCCCCACGGGTAAAGCTTTTACGTATTAAGGATGAATTCACTAGCGCTTCGACGCTCATTCGGCTAAAGTTAATCCGTGTAGATTTCATCGACTATAGCGATGCCCGAACCACACCCCCAAATTGGCGGGTCGCTAAACTACCCGGATTTGAAGTAGATCGGGTCGTTGTCACGGGGTCCCGTTAGAGCAATAGCGAACGAACGAGAGTAAATTTCGCTGTGTACACTATTTGCCGAACAGCGAACAGGAAGCTCGTTGTATAGCATGGGGCGGATGGTACATCTCCAGCGCAATGTGCCCAAAGGTGGCGAGTGGCGTCTCTATATGCACCAACTGAAGTCCCGGCGTAACCTTGGAGTGGTCATCTTGTACGGTAAGGTGGCCCCACACACGACGACAAGCTCGGCGTATGCACTTTGCCAAAGTTTACTCGGAAGGCGAGTGACGATCAGAGATCGTACCTTGTGTAGGCCTACCACCCGCGACTGCCCTTGGCGATGAGGAAGCTAGTCATCGCTAAATACGAGAAGACGGCATCCGATAGCACGGTAGTAGTCTTGAGGTTGAGGGTTCTCTTAAACCCTGAACCGGTCTTATTCTTGGAGCCTGAGTCAGAACGAGTGGTGTTCGAACTATATCGCTGAGAGCTGCTCTGGTATTATCGCTTTTTGATGCTTCGATCACTAGCTACGCCACCTCGTTCTATCGCCGCGTGATACTTTTAAGATTCTTCAGTGACTACGACGCGTCACATGGATCCCGCCTATCCATCTGGCTAGCCTAACGCAGGGGCGGCACCAATTCGATAAAATGTAACGATGACCTCATTATGCCTCGACCACATCGTCGGCTTACTTCAATGACCAGGTTGAATTGGGGCTAGTCGAGACGTTGAGTAGCGGACATTGCTTTTGTATTCAAAAATCACCACTTAGACCTCCCGCACCTGGCGATTGGCGCACGAATTTCGCATACGGGTACACCTCAGTAGTACCAGTATGGGGTGCGCTATTGAGACTGCCATATCACGCTGGGACCATTCTGTGCGCTACTCCGTCACTCGGAAGATCGCGGAAGGCAACTATGGAGTCTCACTACAATACTTAGCGGGCAGTTGGTAAGTGCACGCTATCCTCGGTGCAGCCTGGGACTTCTACGTTTTCTAAATTGCCTCACTGTTATCGTACTACTCTGGTGCCTTACATCTGGCACTCGGGGCGTCTATTATGTAGGACTCACACCGACAAATATCATTTTTTGTTAGTATTGCATTCGGATCCCGCGTACGCAGCTTCTACTACTACAGTTCACTAATCGTAAGAATGTACATACGGGGGGTCAGCTTCAACTAGTGAACTATTTTGGTGGCGTTACCGTCGTATGACTACATCAATGCGCTGACAAAATTACCTTCGTGCTAGCCCATGCATCTAGCTACCACAGCTTGTGGAGCCTCTATTTTCTCCACGCCACGTAATTACCTGCCA,1879,49.71,Drosophila melanogaster
SEQ_127444,TTCCACTCAGCAGGTTATGGAGACTCCCCACCACACACTACTCATACTAATTTAGGGTCCGGTCCATCGATCTTCGACCCAGACAGCGGGAGCTGCTGACACAGTTGCTATCGGTCTCCCACAGTGCAGGTTTCCCTTGTTAGTGGTTAACGGGGTTATCTCCACCATGCGGGGGAACCCGTAGATCCATGACTCCTGGATCCAGCTCTGTTACCTCTCCTCCTTCCGCACTTTAGCGTCGCAGCTTACTGATCTACATCACGGAAGCTCTAACGTGGAACAAGACCGCAATGCCATGAGCAGGCCTACTAGAACATACTGTCCTACTATCTCTCTAGGACAACGAAAGGCGATTATCAATAACTCAATTTGAGCTATTTTAAGGCTCTTCGGTGCAACGTTCGACACGACGATGTGCATCCCTTAACCCCACTCTATGGGGCTACACTTAGTAGATTGTGTGGGCAACGGATCAGCCAAAGATGAAGGTCCATAGGTTTCGTATCCGACCCCTTTCTCTACCGTCGGCGACCACCACCCGTGGCGCCGAAGCTTCCAATCATCTACGGAACTGGTTCATCCAAGCTGGTGTAAAATAATGTAAAGTAAAGGTTCGTCTGTGGCTCTATATTTCGTGTATACGATCCAAGTTGACTAAGACTACGTGACGCCCTAGCGTATTCCGAGGGATTGAATCGGGTGTGCGGGCTGGTAGACAACTGCATGGGGGCCCGCCGCTACAGCCACAAACTAGTGTTCCTAGGTGGCTGCCGCGCGATAGTACCAATACTTATGATAGTTGGTTGCCTCACCGACAACCACTGACTCGCTTGGCAGGACACGGACT,847,51.36,Saccharomyces cerevisiae
SEQ_217035,TTCAAGGGGCCTGTCCCCCTATCTAATCCAATATGATGCTTGATACCCGCAATAGGAAAGTCCCCCCATACCACGATTGCCTTAACCAATCAATCGCTGCGTCTCCGGTTTGCCCTAGAATAGAGTTACTGATCCCGCAGAACCTCCCAACCCGGTGGCCTGCGCTCGACCCGCCCTCAGAAGCACCGGACTCTCCCTACGAAGGACAAGGGTTTAGTGAGAAACCCAGCTGTCCAGGTGGAAAGGTCCCCCACGGCATTACGACTGGACGGGCTTACTGATTGGCCGTCCGCATGCTAGAAAAATTCGTCCCTCTCCATAAAACAAATTTTCGAGGTCATTCCGGTTATCTCATGCGAGCCTTTAGGATTTGAATTCAGCGAGAGGTTCAAGGCTACCGCCCCGCCTGATGCAATAGTCCGTACTAATGACGTTAGTCGCGCGCTCGCGAATTTGAAAGTCGCTCGTTGGAAACCGAACCCCGGAACGACTGCCCTTTGACTGACAGT,509,53.24,Caenorhabditis elegans
SEQ_194997,TCTATAAGTCTGGTTGGGACCTTTTTGACTTAAATTGGGCGGGTCGGTCGCCGGTTAATGATGACGAACAAGCTTGGTGGACACCACTGGGGACTGCTTGAGGCGAGCCTTGGAGGAAGTACTGTGTCAGTACGAGAAACGAGCTCGGTGTATCCAAAGGCCTGATCGCTGTTGAAGATGATGGAGACTTGTGGTCGACCGTCCTAGACGCTCACCCGCTTACCGTTAGAGGTCCTGTGTGTGGATAACGATTTGTCGATCTGCAAAAACTAACAAAGGCCCGCGTTACCTCGGCAATCATAACTGTTGCACAATACACACCCGGGGCGCCAATGCAAGTGATGTCCGGATACCGGATAGTCCGTTGTTTTTTGCACCCGATTTTTTACATAAGTTGGGTCCAGAACACGTACGGACGGAGAGACTAAGGGGTCCAGACCTAGTCCTACAGCCCCGTTTTCGGCGATTGACCGCGGAAAAGGAGCCTTATGCGAGGGAAACCCTAATACCGACGGATTCCAACACACTCGCACCCAAAAGGAACGGTCGTTCCGAGCAACTTACAACTGACCATGAACCCGCGCGATGCGGCGTGAATATACCTGGGAGAGGGCGGGGTAATGGAAAGTTGTAACTAACACCTAAGGGTCGGTTGCTCATCGGGAACGGGGCATGGACGCCGCCTTGCTTAAGACACACCGAAGACATTCTATTACAAGTAACTGGGTTAGTTTACCTGCGCATCGGGTCAGGAAGTCCGCGGATACGACGTAGACATGAGCAGGTAGGGCCAGACCCACTTACACCCGGTGAATGGGAAAGATAATTTGATCAGTTGGGCTATACCCTTAGACTAAGTCGGGCTGGAACGAGCAGATACGACTTGATACTGGATAGGTATAGCCGCCCAATCGATATGTGTGAAAAAAATCCAACCTGCCCGTCACACATCTTCTTTCGCAAGTAGAAGCGTTCTAACGCACCAACGGGCCAGCGGCCGGCGGGTTGTTTACAATTCCGGTGTAGCCTGAAACGGGGACGAATCTATACCAAGTTGCTGCTCGATCCTCGCATGTAAATGGATCGGGAGTATGGCATATTCGACCAGTAGCGGACGGCTGATAGATCGCTCTCTGTTCGGCACGCGTTGACCCGCACTAGGTTCGGGTCCCGATACGTCCACCGCATCATCCCGTTCAACCAATTAGTTTCGCCTCACTGAGTCCTAGAGTTACGGGCAATAGGGGGTATTCTCCGGTTTACCGCCAGACACGGAAACTCAATCAGCGCCGGGTTAGTGGTGTGACAAGTCCGATTTCGCGCTTCGGGTAGGGAAGGAGAATATAGCTGAGTAAGCTCCGTGCCTTGAACGCCCGGAGACCACTATACGGCGGTCTGCCGTCGTGAAGGGCGGTCTACACCAAGGTGCCGATGTGACAGTGGTGGAGCGAAACGTTATAGCGCTGGGTTATCACATTCTGGGCTCTATAAAGGAAACCTAGCCTATAGTTCTCATGGAGCACCCCAGACGTTCTCCCGAAGTTAGCGAGACTGAACGCAGCGCCGTATCGCAGGTTCTGTTGTTTCAATAGACTGGTTCGAAGAAGGTGGGATTACAAATATATGCCATATTGGCCCTAGCCATGCTTGGGTGTAGTTGTGAGCTACTAAGAGCGAGCCAAGCTGGCGTGTGCTCGTAGCGTTCAGGCCGGTGTTACGAGAACCTTCACGGAATCCAGGCAGCTACGATCGGGTTAAGCTCTATCCCCTAATACGCCGACGTATGACCTACCAATTGAGATGCCTTATCCGTCCAATTGACTATGGCCAGTGTTGAAGTCGCCTTCCACTGAGG,1855,52.51,Arabidopsis thaliana
SEQ_125350,CTGCACCCTGTCGGAACGTCCTTGTTGCGCATCCCATGGTTTGGCGTAATGTATCTTGGGCACGTTCGGCGAGATGCATCCGATCTAGGTGTCTGTTTCAAGCACCTACTTTGTATGCTTACCTTGGGCGAGCCGCTGTACGATTCCGCACGACCTAGAAGTACCTTTTACGTAATACGTAACGGCCAAAGCTTCGCCCAAGGACATCAATGAGTATCCTGCGGGTAATATGCACTCCTCCCCCCTTAGGCCAAAAGGCATTCTGTCCAAAATGCGCAACTGCTCGCTTCCTCGGGTATGCCGGGCCGGTGTGTCTTTCCGTAAAACATTTCCTCGTGAGGTTATTTACCGACTCTATGATAGACGTGATCAACGCTCGTCCATGTATGCTCAAACACTGCACGCCCTTGGAGCAAGGCAATGCCGAGTGTTCATCTTTACCTTCTGATCTTTGAAGGCTCATGGTCTAAGAGTTGTGCAAGGCATATGGGATGAGTTCAAGGCGTACGGTCCTCTAGTTAGTCCCCTTGCCATGAGAACAGAGACAAACCCACGCGCGCAACATCCGGGTACGTTAGTAATATGCCGCTTACGAATACTTCGCGCGGATATATACGTGGGAGTAAGCTATCTCGCTTTTGTTCGGTCTGCAAAGAGGAAATGGCGTTGGTAACCAAAATTACACTGCTGTCGATTGCTCTCGGACTCCCCCACCTTGCTAATTAAAGGGTTGTTACTGGCTGGAGGGTGATTACGGGAATATATGGTGCGTCTCAGCGGGTAACCTTTCTCAGAAGCCGAGCACCGTTGGCCATTCCTGCTTGAGATTCGTTAAACCCATCCTCCGTGCGTTGAAAAGCAAGAGAAGTTTCTGGTATTGCGATGAGCTGTATTCCGGGTAGAGACTCAAGCCATCTCTTTCCCCGCCGGCAGTCGGTGTTCTTCAAAGAAGGTAAAGGACGTACTAATAAACGCGGGTATGGCTAGCGCGCGAATTGGGTAGATGGTCTAAC,1013,50.44,Saccharomyces cerevisiae
SEQ_394640,ACCGACAATCGGGTCGCCAACCTGGTGTATCAGCCTCCCATGTTCAATCTGGCACGAGATCCAAATGGATGTGTAGGAAATAATTCTCTGATTAGTCTAGTTCTCCTGGAAGGACTCTTCTCCCCCTTCGCAATATGGTTTCACAGGGGAACGTTGCTATACGCCACAAAAGCAGTGTACAACCATTATGTTTGGGTACGGGTTCGTGTAAATGCCTATTGTTTTGGTTCTAGTTCTGTCAAGCGAGGAGAAAGGCGACACACCTGCACTCCGGTATTTCGGTAACTATATGCCCTTCTTAGTCCACCCACTAAGATATGAACGTGTTTTACATGACTGTGGTGGCGGTGAGCTGGTTGTAGGTTCTTTCTCAGTGCCCGATTTGTTAGTTTTCATCATATGCTCTGGGCGACCATCAGCACGTTTCTGACGGAAGGTAGAGAAATTGAACAAAGATCAGCGGGTTATGTATGTCAC,477,46.54,Escherichia coli
SEQ_167419,AGGACACACTATATAAGTATTGCCATCCAAACGTAGATTAGGACCTGAATCTCCGGTTATAGCCTATGTCTCAACGTCGGGTCCCGGTTTTAACGATCAGCGACGTCTGGATCTGGCGTGCTGTGAGCGGGACGGACCGAATGATGGGGGCAGCTTCTTTCTATAGAACGGATATGTTACGCGTCCGGGGCTCTTCCTGAACCGCCGTGATCTAAGAAGTATAGCTAAAGCGCACGCAGGAGAGGAGACATGAGTCCTTAAACTAGACAATTAAGAAAGTACCGGCTTCGATTGCTCAACGAGACCATGCGTGCCACACTTCACTGTTTAAAACTCGCATATCGTCCCCTTTCCCGTATGTATATGTCTTGTTTCTCCAATATCCCAGTGGCCGTCCTGATTAGATGAACACGACGTAGTGATACTGAGAGTCATTTTGCTAGCACCGAGTTCTTGACACCCCCAGACTGCCACATCTTGTCAGGTGACGTATTCCACCACCTACCGCTACCGACTATATTTTCCTAACTGTTGTCGGGTCCGCACCTGCTAAGGTGTCTGTGAGTACCAGTTTAATGACTTAATTGGCATGACCTTCGGCTCGTAGTTCCGCAGCCTTAGCTGCGAAAGGAGATCTGGCCTCTACGGGTTTCGCGCCACTACCAGGGTAAGAGTCTTGATCGCCTTAGGCACGAGACCACCACACAAGGGAGTCCGCTTACGGTTAGGTAATCCCCGCCGATTGTTTAGAGCCAGAGTTGAGTCACAAGGGCACATACCGTAAGATCGCGTATGTTTTCGACTCCGAAGGGGTTCACAACAGTCGATTCCCATTTGATCCTCTGCGTCCTACCCTGTTCATATTGGACTTAGTTGAGCGCTCGGAACCTAGTTCACCTAAAACTGTTGAGAGTGTACACTGCCAGGGCAGGGTGTTTCGCCCACCGACTTAGACCAGA,959,50.36,Saccharomyces cerevisiae
SEQ_529501,GGCAGACTACGCTATAGTTTGACACATTCTTTATCTGGGCCAAAAGAGACGTCAACGACCCGAGCCTATTGTTTTAAGACAGGACCCGACAGAATAGGGGAGATTGGCGCCTCTGTGCGCGTATTTTTCAGACACCATGTCAACGACGCAGAGTCGCCCGTAGAGTTCGCCATTCAGTGGGATATTAGGCTAGCACTTCCCTGGAATCGAGGTTGAGAACCAGGTCGGGTGCGATCGCAGAAACGCATTCGGCTCACTTGATCACTCATATGTATGACCCTGAGCGATGCCTCTCTATAACGCTCTCTGCAGATTAATACGACGTTTCGCAGGCTGCCTACTACTATTCAGGAATGCTGTTCGTTAATGTCGGTGCTACAAATCCGTCAGACTAATAACTGTTATCGTTTTAATGACTAATCCCTTCTTCGGCCTTTGTAAGCGAGCTTTTACGCTACAGACTGGGGCAACCAGACATAGACGATCGACCACTACGGTTGGGGACACGGTTGGTGCATTATACGCGTGTCTCACGTGGGCTGACTGACGTGTATCTTCCGCCTTTGGCGGTACTTACATCAGAATGTTCAGGGTCATGATAAGCTTATTCATTCCTCTTCAGAAAATGTGTCTCAGCACCACGGAGAGTATGGCGGCGCACCGGCTTTGGACGCGGCGGAACGAATACGCGACACACACGATTTAGACAAGAGACACTACCCGGATAGCGGCGGCCCACGTGATGGATTGCACGGCTCCCCTCATCAACATCTTGGCACCTGGGAGACTAGAAATATTGTGAGGTATCCAATGGCTTTCTTCCTGTCATGATTGTACTGTTATGCCAAGACGTCCCAGGAGCTCAGTCCAGCCAACAGCATTGCGGTCACCCGTTAGTCTGCAAATTCTGTCGGTGTTACAACCAGCGCACCCAATAACTAGATGTCTCCCTATGACAACTTAATCTTAATGTGCTCATGCCGAC,985,49.95,Caenorhabditis elegans
SEQ_870087,TGGATGTCATCGGAAAGTGATGTCACGGAAAACGTAGGAGGGGCACATTAGCGAGGAGTGACCTGCGGAGTCTAATATGCAATTGCGGTATCTTTATTCCGGCATTTCTGGTTACTCCTGGAAATTACCGAATGAGATGGATCGCCTCCTGGCCGTTCACTTGGGCTAACAGGACAAATACCGGTCGCTATTGGAATACTGAAAGCGTTACAGTGAGAACCCTTGGCACACCAATACCACCGGTTGCCGCGTATGGGCCGTGACACTGGGTGAGTATTATGTTGAACCAAAGCGGCACTGTAACGATACGACTAGATGTTATGATGATCTGGGGAACGAGTGCTTTCATCGGTCGCACATTCCAGTTCTGTTGTGTACTTGCCCCGCGATTTCCTCCTGGGTACGACACGGCACAGGATGCGTCAATAGAATACGCAGGACCTAAGCCGTCGGAGCTTCCCGAGGAACCCGGATTGTTACGCGTTATGAGCTGACGAAGCTTATCCGGACACAAAGTCTTGAAGTAGGAATGTGACATATGGGCTGACATGTCGAGTTTAACTGCATGAGCAGATTCATTCAGCTGTCTGACGGTGCCCAAGTCTTTCGAGGCAGGTACCTTCAATGTAAGAAACCAGTTTGACATTATGCTGTGCGTTCCTCCGCAGTCGAAACAGCGGATTTTCCCATGTATCACTCGTAAGCTGTGAGAACTATGGTAGAGAACGTTAGGTTGGGGTACAATAAGTTAGGTGACTAAGGGTCTACTCCCGCTATCTGGTTCCAGTCGGTCTCCACCGTCTTCCCCAAGTTGAAGACCGGTGGTTTTGGTCACGGATTTATAAGGCCTTCTATGACGGTCATATCCGTCAATTGGCAACTGTGAGGCGGCGCCTCAATAGCAGCCCTAATTGCCTGGTTCTTCACAGCCTAAATTGATAATCATCTACCGGCGCAAACCGACTGACTGCGAGCAAAAAACACAGGTGTGAACCAGTTCCAGACCAGCCCGACGTCCACCACGCGATATACAAGATAGTCGAGGTCCGCCGAGACTAAAATGCACATTTTTGTATTTCTCGACGTTGAATACTGGCCGACGGCCGGGTCGTCTCGTCATTCTGCGCACGAAGCCACACCGATCAGCAGGCGATCTCTGCTGACACTGGACAATGAAGGCATAGGAGCCCGGCCGTGTTTCGGACGACCGGGCGCGGTGCGGCGATGCCGCCGATTCGGAGATTTGCGCGCCACTCAACAGCTATATCACAACATCATTCATTAGATCTGTGTTGCATGCGACAGTAGCATCAATATGTGTTAGCGTCTCTCTATTTAGACGCTGGAATGCTGAGTAGGCAAGGGCTCCGTAAGATCGTGTCCCCTTAGCTACTAACAGCGGCTACCCACGGCACGTGCAGAGTACAAAAAATAGGGTTCGCGGAACCCCGTCGGGTTTATTCAACGAGACAAAGGGGCAAGTGGGGGGAGAACTGCAGTCTGCTCAACTCCCCCATATCGTTAGCGAGGAGGGCGATAGGACGTCATGTGACGAACCTGTTGCGAATATCGGCGAGGCCAGTCCTCTCTTGGCGGGACTTGTAAGGTCGAAGGCCAATAGGTAATTATAGGTCCGAGAGCAATACAATCTCTTATTTGCCGCCGATACAGAACTACCTTGTGCTCGTCGATAACTAAGTGTAGTTTTTCTTGCGAGTCTATTTCAGTCTAACTTACCATGGTTCGTGAAACTCGTAGGGATAGAACATAGTTCGTTAAACGGTCTCGGGAGTCTGCTAGGCAGCCTACTATGCGTTTAAGGCGTATACGTAAAGGGAAATCTACTGACCTAACAGCTGCTGCTCTAACTACGGCGCCCAATCGGACATTAAGTTCTCTGTCGGTACTAAATATGTTATATAACCCTCATTCATATCGACGCTCAAAAATTGACGTTGTACATAATCTGGCTGTGTCATGT,1981,49.92,Saccharomyces cerevisiae
SEQ_790213,GCGTGTGCCCCCAACAGACTGGGGGCGGGCCCGAACGTTTCCATGGCACGCATTAACCGGGGACCTGACCCTTCGGAGTTAGATACAGTTATACACGTACGAAGGTTC,108,58.33,Arabidopsis thaliana
SEQ_456121,GAACCCCGGAGAGTGCATTTCGGTCGTGACCCGGAAACAAGGAGATTAACCCTGGTCGGTGTAGGCGCATGTACTAATACAAGAGCAAGCAGAATGGACCGAGACGTCAATGGCCCCGCAGGTCTTCCGACAAACGACTTCTGCTCTGAGCGCGGATACGGCGTCCCCTTCCGTTAATAGAGCCCGCGTCGCAGCCTACATTGGATTGCTATTACGACTAAAGTTGTTCAGTAGTGGGTGCAGGCCACCAAACACCCAAAGTACCTGGGACCCGTTAGGATACAGCGCGGGCAAGGACAGAAGAGAATTTCCACCGTACTAAATGCGTTTGTTTACCTGGCCGTGAACTGGTGCCGTGTTCGCTTGCCGTTTTCTGAAGAATTAGTTTTAGTGTGCGCCCTTAGGTAGCTGATAACTGAGCCAACCCTCGTTTTCTAACATTCTGGTTGCGTGCGGTGGTGAGACTCTATGCGCAACGATTGTGGGAGTAAGATACAGGACAACTATCTTAGGGGAACACTCGAAGGCTTTACTTCGAAATTGTGGCGGCAGCGCTTGCTTGCCTTCGCTCCCTTGATTGGGACAGAGATATGGAGAGTGCCTTTAACCCGCTTAACTGCGTACATTAGACCTCAACTTGTTTTTCCTGCTCGCTGCTTAGGAGCTATCATCGTTGAAAAACTAGCTCACCATAGAAATATGTCTTTAAAAGTTAAGCGTATTCATGGCGAGGTAGGGTGGGTGACGTCCAAATCAAG,758,50.13,Caenorhabditis elegans
SEQ_398420,ACAAGAGCTGAACTTAGTCAATCCAATTAATCGAGCCAAGCTGGGTGCCTGAGTCCTCCCACTATGTAGCAGTTGCTCTGGCTCTATTACATATAGAATGAACAGTTCGGGTGTGTTTGTGCAG,124,45.97,Arabidopsis thaliana
SEQ_167410,ACGTTCGCGTCGGTTAACTTTAGCTAAAGTCAGGGCGCTGCTATAGAGCGACTCTCCATCTCAGCACGTCCCACAGTCGCTTCGGGCAGGGTATGCAGTTCGTCCGCATGAACTGTCCTTAACCTTCCTGCTGAGGCCATGGTCGCATAGGCGTCCGCACCTGTTGCGACAAGAAGGACCGTCGCCGAAACTCACTCGCTAATCGTGCTGAGGGCAGAAAGCCTGGCTTATCTTCATATGAGTATATATACTTCGGTCGGCCATCAACATTCGTTAATGCCGCGGTGATCTGGTCCAAAAGAACACGGCCGAGGGCCTTCCATGTTGTTTTACGTTTTAAGCCAGGTGGAACGCCATAGAGGAGTGGCCAACGGAGACAGGCCGCCGAAACACTTACCCGGAATACTGCTGGATGCACGCATGCTTCTTGTTGGACGGAGCGGGCCTCTCAGTTTAACCTCTACAATAAAGGGTCCTATCACGGGTCCCAAACTCGGCTACTTTGCGGTTCGCGAGGGGGTCGACTCTTTGGCTCGTCGGGCGCTCATAGAAGTGACGTTGTCCGACCAGCCAGGCCTACTTGCGATATCAAGTCGCCGGCAATTTGACTCAGGGGACAGATCGGCTGTTTTGACGACGTGAGAGCTGTACGTGAACTGAAAATTCGAGTGGCTATGAGCCCGTGCGTTGCAGCTCCTGGTCAGCCTAGACAAGCGAGAAAGCTAAGCGCCACATTGTTTCTCTATAAGTAGAACGAAATG,761,53.75,Escherichia coli
SEQ_351611,TTATTAGACTGTCGCCATCCAGGGGACGATATCGCCAAACAGATTCAACTGGCTGCGTATACCGGGCGTTGGGTTCTCGCGGTGCACTCTACCGACACTGCAGGTCAGACATCGGCGGCGTACGGTCTAAAACGTGTACCGCAGATATGACGGTGCATCACGTCCATAATGGTATTGAGCCTAGGCCTGTCCCGAAGTCGAAGACATTTCCGACCTAGGTTTAACTGCCTGCGCTTGGTGCTGAGTTTGCCCTTTTATACCTAACGCTGCTAGGGCGTGCTTTTAGATGCGAAGACGATTGCATCGAGATAGTACATTTCCAGTCTATCTCAGAGGGGGGTCCTGCGCATCTATTTGTCAATAATGTACAGGCGTAGGGCCTGTAATGTGGCGCGGCCCATGGCCTACCTCCTCAGGAGTCGCTGAGTGGTAACATAAACGAGCCCGGTTCCAAGTGATTACCCGAACTCGCAGTCGTGGGTGAGCATAGGCGGATGGAGCTTTGGATCGGTTATGAAAATTAAAGTCCATGGCATGACCGAAACAGTGCAAACTTCGATCTGGCTGGGATTTGCGGTAACCGTGAACAATGACGCCCACCGGACCAAGGGAGGCCGCGGAGTGTCGATCAAATTGAGCACAACGTAGATCCTGCGCCATGGGTACTCCGATATCTATTCATATAAGATGCGTGGCAGACCGGAGGACCAAGTGGGGGGATGAGTTAAGGACTTATCAGTGGACTTAGACGTTCAATGCAGACGTATCAGCGGGCAGTGCATTTCTATCTTCAGCTGAGTAAGGGAAGACCTGAAACACTTTTTATAGATCCCGTCGGCGCGACGTTTGCTATGCAATACCTGGGTTCCAGGTATGCGGGTGGATCTCCTGCCCGAGGATAGCCTTGCGACACGAGGTTGCCACGGCCTCATGTTCTTATACCGAGCCTTATATCCTTAACGCGTTATGTGCCTGTGTATTTACTTCCGGGTCGTCTACTACGATGGTGATGCGGTGTTTACATCGCTCTAAGTGATATCACCACCCCACAGGTCATGTAACGCGAAGCAACGTAATCCACCATTTGGAAAGGAGATGGTCGATACCGCAGGTTGGCTCGCAGTGGCTATGGAGGTTTATCGAGGCCCCGAAGAGTCCTTAGATGGATGGGCTTCTTCCTTAGCCTGTTGTTTCCGCTTCCTATAAAAGCGGAACTCATCATGCCCTGCGGGGAGACTAAGTGGTGGCGCGCTAACCTCGCCACTGGGTCAGTCCAGAGCGCGGTAGGGGTTGCGAAATTCTCCCGCAATCCTCCACACAAACTACACCATGGGACGAACGTCTAGTTGTTATACCATTCATCCACTTGCGAACTTGAGAGCGTGCCTTCAAGTTTCATTTATCCGCATCATGCAAAACAGTCCGCCTCGTACTCCCTCGTGGCATAACGGCGGTACTAATGTACGACGAATGGATGAAGAATAAGGGCAGCGAGCTTGTGTCGCTTCATGAACTTCTGGAGAAAGTTACCCCGGTCTATGGGCGCTGCGCACTATGGTAACGTCGCGTCCATCCAGACGAAACGTTACGCCGATTCTGGTAGATTTAAGCGCCCAACCGAAGGCAGGGCGATAACACCGTGCGGGGAGGATCAACATGGTTGCAGTCCCACAAATAGCTCGCGTTCAATGGCGAGCTAATTTTCTGACGAGCCCCGTAAACGGGCTCTCCACTCCTGTTCTGTCCAACTTAGGTACAATGCTGGGCAAATCCGCACGATAAGCTTCTTCCTTTGCTCAACTTGCCTGTATCTTCAGTGTTGGACCGCCTTACTGGATTAGGTTCTGGGGTATCAATGGCATGACTCTTACAGACAATCCTTCCAGACGTGGAAAGATCTGGCATCGGAAATGGTATTGTATTTA,1925,51.64,Caenorhabditis elegans
SEQ_924996,GCGAGCACTGTACCAACCGAAGAAAACGTCTCCAGACCTGACCTATAACCCATCGGATCCCTGTCAGTCTGTTATCGCCGGTATTAACTGGGCTCACAAACAGCTGATTTGGTAAAGGTTTTCCGGACCCCGGTAACAGCATACATCTCATTCATACCAAACCTGTACGCTCACTGTGCTGCGTAATAGACCGGACGCCTGTACCGAACCGCATACCTCCCGTAGGATCATGTCCGTAGTTAAACTAATTTTGTACGACTAAAGAAAAGCGACGTCACATTTGCTTTTCCACTAGGATAATAAGCGGATCGAAAGTGGATCAGGGAGCTCAAATATTTTGGTGCTGTTGTTTTATGGGCATAAGCGTCCATGTTGTGTTCAGTGCTACAAACCCTTCCTCCTTAGTACCTGCGGTACCGGTCGCACCGTCATTGTCCTCTGCGTTTGGTCCCAATAAGAACACTACACAGGAACCTGGAACTAGCGGCATCGTCCTCATATTTTTCTCTAGTAGAGTGGCAGGACGCGGTGCTCTAAAGCCACATCTGGGGCGCTTAACTGTTCGGTGACAAACAGTCTGCCCCGAATATAATGACCACCCGTTGATCCTGGAAGGGTGTGGTACGGGTTTACCTCAAAACTCTATACGCAATGGGGTATCATATGCGAGGGATTAGTGTGGATATTAATGATCTTTAGCCTGTCGAAGATGGCGT,716,48.18,Saccharomyces cerevisiae
SEQ_841573,TGATGCGTCAGCAAGGTCTTTGGCATTAGAAGGTCTCAAAGCTTCACGCGTGGCTGTCTGCGCGGCACCTTCGCAGACCAAATGCGGATTCACCAGTTCCGATTTTAAACCCTCGTATACCGGATTCCTTGCGCGACATTCAGCTTATCTGGGATATAGGCAACACAGGGAATAATCCTAAAGGGCCTCAAAATATGGTGCAAACTCTGCAACCACCTTTGTTGCGTTGGTGGAGGTTATACCTCTGTTGGCCTTAACTGATCGGCAGTCGTCCATTGGGACTGATCCCTGCTGTTCTACATATTAGCCTTTGGCATTTGTAGAATCAGATAAACAGGGGTGCTACTCGGAGAACAGCCCATCACTGATGTTATGGCGAAGCTCAGATTACATCTATGGTTATACTTTGTATACTCGCGTTACCGCACGTTACTGCACGTTTCGATATCACTGGCACACCGTGTCGATAGCAACATTGGTATTTTCCATAACGGAGCTCCTGGTGCACCTCAAGGTGCATAACGTACCTGGAGTGTTTGGAGTAGGGAGTAACATCTCCTAAGCTCAGGTCATGTAGTATGAATGGCGGTAATCCTACGCTTGGACCGTTTCACTCCCCCCCTCACTGTCGATAGCTATATGACTGCGGTAGGCAGTCAGGCGCGCGGCCGGAGTGACCGCCTACAGCTACACACTTTTCGTGAGCCTTAATCATGACCATGTAACTCGCCGTTCAGAACCCGTACTCGTATTGCTATCCTTGCATTAACCTCTATGGTGACGTAAGAGATAGAACCGCCAGGTAGAATAAGGTGGCTAGGAGAAAATTCAGCAGCCGGGCTGACCGTTACTCCAGTTGCGGGCAACTCATACATATCCATCTGTCGAAC,890,49.33,Saccharomyces cerevisiae
SEQ_787216,TAAGAAGAACTCAGGTAGCAAAACTGGTCAGGTACCCAGTCTCTTCGCGAATGGAATGTCGGGTGGTGCATCGACCATCATGGAGATTTGGCGGGGAGACCAGTACCTGTAACTGCCAACATCATCTACTACCTCGGGGATAAGTCTTGTATAAGCGTAAGAGTGAGTCAGAGTTGCTTTGAACGAAACAAGGGGTATTGCGTAGGACTAGTAATAATAGTTTGGCGGAAATCAGCGGCGATGTCAATCGCGCTGAAGGCGCACCAACCTCATCATCGTGGTCTCAGTTCTCTCGTGAGGCTTGCAGACAAAAGTATACTACATAGCGCTAAAGCTCCTACTGTTCAGAATGTGCGGTCGGATATCTGGGTCATTTGAAAATACATCAAACCCATCCCG,399,47.87,Drosophila melanogaster
SEQ_696149,GTACGTGTGCTCCGAACTATACGTTGATCGGGGCCATTCCTAGTCTCGTCGGGGAAGGTAGACTGTTGACTGTAGCCCGGATATCTTAGCCTTACAATACGATGTCTAATCATACTGCGAGTGTTGAACAAATTGTTTCAGCTCATTGATCTACCTCATGCGTCATATTGACCCCTCCTTAAGTTAGCTCTATGTTTCGATGCGGTTAATGCTGTCTCAGGTGGGTTTTGCTAGATATAGCTACTCGAAAGTCTCGCCACTGCTCTATATAGCAGCCAGGGACGCTATAGGGAATTCGACCTCGGGAGCTGTCGGATAGCAAATCAGTCTCGA,333,47.45,Homo sapiens
SEQ_466135,TTCGGCAAGCTTGCGTGCGAAATACAAATCTACAGTCGCCACTTGGAATACTCATACTTCCTGCCTATTAAAACTACAACTATGGAGGACTCGAATCAATACAAATCTAATACCAATTCCCGGCTGCAGAGGAGCCTAACATTGTACAGACTACGATACAGAGTGATCACACGATGGCAAATGCGACAATTTGCAATCTTGAACAAGACCGGAGTAATTGATTACCCGATAACTAAGATATAGGAAGGCTAAGTCACTCGCCTCCGTGGCGACGAATAAAGTACTCCACCCCAACGCCAGTCAGGTTTTCTCCGTTTCTACCCGACGTATCCATTCGTAGGTCCGCGCTCGTAGTATGGCCCGGGATAATCGAAAGACAGTTTGGGGTCAAACCAAGTTTTGTGGAACATGTTGCGCCTGTAGTGTTTGCCGCGATTTCCTGTCGGGGGGGTCACGAGACGGCTTAATCCTTTGACCTTAAGAGGAGATCACGTTTTTTAGAACTGTAGTGCTGTTATCTTGTGTTGTTCTAAATCAAAGATAAATCCAGTGTCACCGACTGCCCCCAACAGAGTTCCGAGGATGTGCATATTAATTACTTCGAGGATGTCTCTTCACCTAGTTCACCAGACATTTGATACACTGATCCTCCCTTTACATCCCCATTCCGCCCATTATGGCGGGGTCCGGTAGGGAGTTTTAAATACGCTATGGACTCTCCTAAGTCAGCGCTGCTAGAGTGCCTTGATCTTCCGAACGCAGGGCTACAAGAGTTATCTGCCTACTCCAATAGACATGCCGGGCATAAAGCTCTCAGTCTTACTCGCTACAACTGTGAAGTTCTTAGAATATTCAGTGCCTCGGCGCGAGTCAACCGCCTTTTCCATCCTGAATCCTGCCCATCCTAGCAAATACCGCCCCCATTTGCCAACCCACGGCCCTGCGTTGTCAGAAAGCAGATTTGCGACTTACGACCAGCTATAAGAAGCTGACACAAACCTAGGGTTCCCTGTTTCCAACGCCTTACCACACGGAAGTTTGGTTATCCCCCATCAAGCCGTCAAGGTAACTAATGAGCGTTTACGCGTTCATGAACGCGGTAGAGCTTCTCGGGTCGTATCTAGGTGAATATCGGTCTCTTTTCCAACGCAGGTGCAAAATGAAAAACTAGGTTGCGGAGCAAGCGCTACCTCGTGATGCACTTAGGGAACCCATTTGTTGAAGGGGGAGTGAAACACCCTCCTATCGCGATACCGCGAGTGCGAGTCTTAAATGGGAATCCAACAACGTGGGAGCGGATCCAACGGTGTGAATCACGGGACTTACGACACCGCGAGCTGACGCTCACTATAGTTTCCGCGCTGGAACTCAGATCAATCGACTGTGTGCAGTTC,1394,48.78,Arabidopsis thaliana
SEQ_420589,TAGACTTTCCAGTAATATGGCACGTGTTGCATGCCCAATCCCACGCCACCTTGGTAGGTTGCGGCTGCGCGCACAACGAGCAATAATTTTAACGGTACGATCGTCGGAGACGATCAGGACGATAGGCCAACTACATTGATCATTCTCCCCTCTTTCTAAATCATCTTGGAGCGATAACCACTCACTAATAGCACTGATGCAACTCACGAAACAACCACAACTGTTTTCCGGAGTTCCTCCAACTTTCATGCAGCAAAGGCACTCTGGTTGTGTAGGTCCCGTGGTTAAGAAGAGACGGGCGCCCCATTAGTAGCCGCGCCGTCGGACGGCCGGCAATCGGCCTGCTTTTGCTGTGACCTCAGGCGCACTCATTGTGATAGATCCAGTCCATTGTTAGGGTGTTTAGCGGTAGGTGGGCTGCCCTGCGGATTGTTTTAAGAGACACCTACTGGTGAAGTGGGGGCGGCCATATCGATGTTAGTCCTGAACACGAGAACTCCTACGTTACCCCATCCCTCTTCAGACGGCCTAGAAGGATGTAATGCACATTTAAGAGACTTGTTTCAGCGCTTTACCGGTTTTTATCTCATCTCACCTATTTGTGAAAGGTCCTCAATCTCGACTAGGCTTTTCAGGCAGGCGTTCAACGTTCAGGTTTCTCGGTCTCAGAACCATGTTTTCTAGAGCGCTTGGATACCAGTCATAGTATGCTTCATGGCAGAGCTCGTCAGGTCGGGAAACTATCCTGTATACTCGACAGGGTTGAACTGTATCCCTATATTATTATAAGTAAGCTCGAAGGAGAAGTACTTTCTCTTAAACCCCTCAAGATAGTACGATTAGTTACATTCTCGTTAATATGGCTGCTCGGAAGTCATTGCAGAGGGCGTAAAGCTACCTGTCATATCACGTGGCAGCCTATTACGTTCCGTGCGCACATCAAGGAGTCTGTTTTTGAATGTTTGCTACGCCCTATATTATGTAAATGCGTCCACACAGTCAGGACCACGTCAGCAATGTTGCCAACGCCAACCACATTGTTACTTTCGATGGATGAAACGCGGACCTCACTGATAGAATTATTTGAGATTCCCTCACACAAGCATAGACGCCCTGTGTTGCGTTTAATCTACATCGTCAATTATAATTCGCCCCCTTGAGAGGGAGCCGTGTAGGGAATCCAAGGTCTAAAGCACCTTGACGTTGACTGATCTAATCATACTGCTCCACTGCCCGTGTACAAGGTTCGTGCAGCCTATGATATCCACGCGCCCACCGGACCCGAGTTAACGGCTATACTGGGTCAACTGATTCCTAGCACTCGATATACTAACAAGTCGTAGGTTATGCCATATCCACTTATATTCGCTAAGCGACGAATGCCTATTACTATTTTGTACGTCTTAGTCCGCCCGCCTGTATGGATGACACCGGAGTGCCTACAAGTGCTAAATTCATACTACAAGAAGCTCGGTGTCGGCGTTGTATATAGAGGCAGCGGCGCAGCAGTATACCCAAACATATCACCGTGCGTGGGCTTCGTCACGGTTGTACCGTCTTGGTCTCGGTCTACGTTATTTTCCCGCTTATAAAAAGATCCTGAGAATTGTCGTGGCCTGCAGCCGGCAGAATGCCTTACATCTGCTGCCAGTAGCCTAGGGCGGCAGGTCCGGAGCCCAGAGAAATCTAGAACTGGCTACAGGCCGTTTGAAGGAAGATAATCAGAACTCGATCCTTTTTTTAGATTCCTGGACCCACTATATACAAGACATGTGAGGGGGCCCAGCTACCATTTGGCTATGCAACGTGTCGAACCCGTAAGAAACAATAAGATGACCACCTGTCCCCCTTGGAATAAGTCGC,1863,48.63,Caenorhabditis elegans
SEQ_846303,CGCGCCTGTTAACGTTGGATATATGACTTAGTAGCATTATTTCACACGTGTGAGCGTTCCTGAGACGATGATGAGACGGTTCACTCATGACATTTTTTCAGAGCAATACCCATCACCCGGTTTGCAATGTCTCATATTTTTCCAAGGATCGCTGAAGCGCCCGTCGAGCGATCGCTTTCGCGCGAAGCGCGACTGAGTATCGCCATGGCGTTTTAGTATTCGTCCGAGGAATTGGTAAAGAAATCTTTCGTATCTTTCACTACATTCGGCGGGCGCCTCCTAGCTCTTTCTGCCTACATCGACTTAACATTCCGTCAAGGACCGTGGCTTTGTCATGCCTTCCTATCAACAACAGCCTTTCTTCTTCAAATCGGCTTCCCAGGTGGACAGTAGATTCGTTCTGCGAAGCAGATATGCCGAGCATAGTTAATAGTTACGCGATCCACCCATACCGTTCGGAGAGAGGGAATTGGAATACTACCCATCGCTGTTATATGTTCTTGAATGGGCGCTACCTCTAGCTCTTCAGGATTCAAGACATATAGAAGGTCTCGACCAGGTTGTGCAAAAGTCACGGTAATAATCCAGCTGTCACGTTGGCGTCGCCGTCCGTGGCGCCACAGTGATTCGTATCAAAATGTTCCTCTAGGGGGATTCACTAGACATACTGAATAAGGGAAGTCCTTTTATGTGACGCCTTTTACCCCCCCCTAGGAGGCATACTGAGCTACGTTTTTTGAGATTGCATTCAAATCACTCATTAAACGAAATTTATGATGAGATCCTTTGGCGCTTTGCCGCGTATATTACCCCCAATTTCCGCGACCACTAGGGCCCCACTGCTCTGAGAGCGTAAGCCAGTGTGAGACGGCATTTGGGCACGGCTATTTGCACCACCAGCAAAGCATGTATATAAGCGATGGTCTCATAAGGGGGTGGCATTAACTTCAAGATGCCTTCAAGTTAGTAATGCCCCAGGGTTAAGTTGAGCGTTTGCTATCCGCTTGTGACATATAACCAGTAGCCATGAACTTGGGCCCTCATTCCTTTAGAACACTAGCGACATGTGATTATGCAACCTACCCGCCCTGCACTTGTGTTCGTCTTTGTCTCTTCTCGCTCGAAATATCTAGTAGCAGGACCGACCCTTGTTGCCCCAGTGACTATCGGGTAACCCGTGACATTACCGGGATTAGGAGTGCATCGCAGTGGGAATGCAGTTGAACTTGTCATAAAACCTTTGAACTTCGAGTGGCTGTCAGAAGGACTACGTGTGGATCGAGGACTAAAACGTTCGCCGTGCGTAAGGGATACTGGTAGCAGTATTACTAACTCCGCGATAGACAATTTGGCCAGCATACGAGTAGGGATGCCGCGGGCAGTACCGGTACATGGCCGCCACGTTACCCGTAACGCCGGCGTTAGCTTCAACAGTCCCCCAGCTCTGCATGAGTACTCCTATGTTCAGGATCAAAAGTATCTGCGTCTAATAAGCAATCAGCGGTTGCGAAGACCTGGACGAATGGCGGTAGTTCTATCCCCTACCGCGCGCTTATTCATGGACCATAATGTTCAAGGCATCATATCGCGGGTGTAGATCGGCCTACTCCATAGGACCCCCTTTATTTTCACCGTGGC,1638,49.08,Caenorhabditis elegans
SEQ_858592,CTATAACCAAAGAAAACGCATCTTCTGTTGGATCGGACACAGTTTCCGATGGTGGAGTATGGGTTAGCTTAAGTAGGCAACCGGACACCGCGAGTCGCGGCGAAAATTGTTAACCAAGCAAGAAAGTCAAAGGTCGCCTTGTATTCGGACCCCGCAAAAGCCCTCGATTATAGTTGAACGATCAGTACGAACAAAGAGTACTTGTTGGTCGTCTTGAAGACGGAACTACTGTGGGCCCTTTTCCCCTCTTGTCTGGGCGCACAAGAAATACCGTCTTCTACGCACTCCGGTAGATGGCTCTCCTGCTGCGTGTCACCACCGCGATAGGCGGTATAAGCGTTTATCTTCGATTCACCCGCAGCACTGCCTATTCCTCTTACTAAGGAGGGAATGACATTATTGCGTTGTATATAGGGGGCGAGATCCCGATAAGCTTGCCGTCAAGTAATGGCATAGGTATAACGATATTTTTTAATGGTCGGAGCAAGTTCGCTTTTTAACGACGAAACGCCAACCCTTAAACTCTGCACGTCCCCATAGAGAAAGTCCACGTATCAATGGTATCTAACTGCTTGATGCCATATGCTCAATTACGACAAGCGCATCGAACAGCTTCAGGGACGTCCGTTTAATAGACCTAGTACCAGAGACCACCAACATAACCTGCATACAAGGTGGTTACTATTCGTGGGCTATACCTAAATTGTAGCGGTCAATGTTGTATATCGCCTCACTGTTAGGTGATGGCCGAAAGACTCTCCTACAATGTGGGCCTCGCTGTGCATTGGACTATCTGAAGCAGGGACGATTATATTTCCCCCCCGGAAACCTTGCAATCTCACACCCGGCCGCTTGCACTGGGTTATTCCAGTGCCAGCCGCCTCGGGGGAACTCCCCACCGTGTCGCGTACAGACTGGGAGAGGATTAATGCTCTCACTAGAGCCTACGTGGTACGATGGTGATAGTGGTCCCGCTACATAAAAATATATCGCATGAGGGAGCTCTCAGCACGTCGTATGCAACGTCACTTGGTGGTCGGGAACGGGGGTGTTAGGCTACTTGTGGAACATA,1072,49.53,Homo sapiens
SEQ_160247,AGGCGAACCTCGAAGATACGGACTATACGTATAGCCTGTCGTCCGTGGAGGCCTGCGAAGTTCTCCAAGCGTCGGTGGTACCCATCGGCACGCCTCGATTCTGACACCCAATTTACATGAGTGGTGCGAATTTGCGTAACAACCGTCACACTCTGTACTACACAAGGACTAAAGGGGTCTGCGATAGGCCGACGTTAGCACGCTATCTGTTTCACGTGCTTTTG,224,52.68,Saccharomyces cerevisiae
SEQ_342370,CAAGGCAAAAACGCCGCTCCATAGGCGTAGAAAGGCGAGTGGAAACGACCCAGACTGAATCGATTTAACTGTACACCTAGTTGTGGCGCCTGTTCGACCGTCGTTCGTACGCTATCGGAGGATACGGCTCCCGCCGGGGCAACGGGGTCTGTTTTAGATGTGTAGTGCGCCTACGTTAACGGATCGTTGTAGCCATACATAAATACTGAGTGTAGGATCTTTCACGTCTCAGGCAGAGTCCGCCTAGTTCCTACACGGTTCGGTGCCGGGAAATAAAGGACTTGGCGATCAAGCTTCAGCTACCGGCCTGAATGATCGTTCGGTATGGGGATTTGTAAACGCGTAATGCATAGTGACGATCTAGAACACGCCAGAGTTGACCTGCTGCGCCAATGGAAAACCCGACATCGTATGGCCAAGTCTTTGATGGCATCGTAATGGGCTGCAACATATTCTGGATCAAATATTTCTCCAGAGATTTATGCCGTTTGCAGTATCCTAGATCCATCGATCTTTCAGGTAGAGTTCAAGAACTTGGCCCGGCTACTGTTTACTCAGGCAACACACAGGCATCAGTCATGGCGAGGCCTACAAAGGTCCCCGGTGTACCGAATAGAGGAAAGTATTGGAATTCAGCACTCGCAAGATTGCCACAGAGTTCACAAGCCAGCGTACCTGCACGGGTTGTGACCACTGATATGTGGACTAGGAGGGGCGTGGAGGTAGGCTAAGACAAAAAATATTGCCAATCGATTAGTTCTTTGTTGGGTGCTTCGCGTCGTCAAAGTAAATCTTTCTCGGATGACGATTGTGACTGGTGGACTTTAGAACGCAACTCTGGTTCCCGACATATTGAGAGAAAGGTGATCAACATACACTGTTAGCTAAACTGAACTTAGAATGGTTACAACCCCTTTTCGTAGCGCCCTGAGTTTACGATCAGAATCTAATCGTTATGCAGCCCTCAGCAGCCCATTGCACCATGGATGCAGTGACTCTTTGATGATGTTCACAGTCTGGCGAGAGATACTAAACCACGAGTGGTGATATCAGTCGCTCTGTGGCCAATTCCAGGAGAATGGTTTATGCATTGCCAGTTTGTGCTTTGTTATGGTTCGCTTAATTCGATTCTTGGTATTCGAATCATCCCTACCTATTAGGCCTTAAACGGACCGAGCTTTATAGCTCTGAACTTGCGGAGCCATCAGAGACGCTCGGCGTCTTCCGGCTGGATAGGTAATGTTACATTACTATGTGCGCTACACAATGAGTATGTAGCAGGGGTCAAAATATTTCCACGGCCTAATTTAGGGAGCCTGTGGCGAGCCATTCTACTCGAAGTGACTCCCGGAGACCCAGGCTTTGGTTACAACTTCCGGTCGGCACCAACTTGGTAACCATGAGGTACCGTCCTTGCTATAGTCTCCCGATATTTATGGGGGTGTGCTAGATGGGTCGGCTCCATTGTCCGGTTCCAGGGCCTCAAGACCGGGTGCAGGATAACTGAAGGCTGGCTTGCAGTTGGTATCGACGTAGTGCATGGCACAGAAAAATTCTTGAGGTTGAGCACGTATGCCGGTAAACCAAACAAGACTTTATTGGCCCGAATGTTTTGTCACAGACTGGGCGCACTTTAACGGTAGTGCGGCAGGGTGCCCCAACGAACGGTGGCACTCAGAGATCTTACGCAATGCCTCGTTGATCGGCACAGAACAGTCTGCGTCGAGGGCTCATCGGGTAGTTTTCGACCCGTCATTATGGAGCGCCCGAGGTCACGGTCTATGGGTCCGCGAGCCGGAGAATTACTGTAGGATTGTGTCCCCGCGACCCCGCCGTGTGAGCAGGCAATCCCAACATAGAAGTGAAGTCCAATCCTACTCTACAAACTAGCCAAGAAGGAAACTTCTAAGAGTGTTCTA,1919,49.92,Arabidopsis thaliana
SEQ_582493,GGCCATTCCGGGGCGGTAATCGGTTGGCTCATACAGGCCTTTGCGTTTTAATAACTAGAATAGACTATCAACATGGGAACGGTACCTGCTGATGCCCTTTGGTATGTAGTTAAATCTACTGTCTGGCGAGCCATCTGCCTGGATCATAAAGCATACAGGTACGCTGGCTGTTGTCCATGACATCCGCTTGGGTCTTCAGGACACACGCCGCATCGAGTGTGATCATTGAGCAGTCCGTGCGATGTATTTAAAATAGCCGATTGCTAGTGGATAAACAACCAGGCAGAGTAAATCAGAAAACAATGGCACGTTCAACCGTCAAAGGACCTTCAATAGCTCAGGCATCAGATAGATCCGATATTGACAGACCTAAGGTTGTTGCTGTTTCAAACTGTTACGCGAACTAGGCGATATCCCCGCCCGCATGTGCGGAGCGGCCTTAAGGGCGTCACGCCCTGCCCCAGGCAACTCATCTAAAAAGTGAAGGCACGTGCGGGATGACTTCCACATGGGAGTAGGGCGTACCTACACCCTATCTTACGGCTGTCGCCACGGGCCAATGGGAGGAGTGCACCAGTGTCCCTTCCCTGGGCTCAATCACTATGACAAGCCGCCGGCGACGTCCCAGGTGTTCACGAGGCCGCTTTACGATGGCGTTAGGCCTCTTGCGTACCTAGCGGGGCTCTTCATCGGAAATAGTCATAGCCCTGTTCGCGGATTATGCCCGCGGGCCAGTGGTACCACCTCTTAGGCTCCTCCTCCTGCTAATTACTCTAACTCCTATCGGTAATTATGGGCGTGCACACCCGCTCACCCGAATTAGGATCGTTGCTGGCCTGAGATATATGA,849,52.77,Mus musculus
SEQ_169183,AGCTGAGTGGTATATGCGGAATATTCCTTTTAACGGATGCGTTCGTATATGCCCGATAATC,61,42.62,Homo sapiens
SEQ_398679,TAATAATTAGCTCTGGCACTCTAGGCAATGAAGAAAACTTCAGACAGCCCCGTCCGCCTTAGACCAGCTTGCGTCAACCCCACTGTGTTAGGGAACCAGACAAGCCTGCCCTTCTGTCGACTAGTCGCCTGTTTCTCCACAACGGTTCGTATCGTGGCGTCGCCATGCTGGTATAAGACCCCATCAGTCTGTCGTTCTCAGAACCACGTGGTCCTACTAACGTTATGCCACTCGCGGAGTTATTTGGCTAGCATCAGCAGAATTCGAGGATCTATTATTATGACATCGAGATCCGTGCTTGACGGAACGTAAACAACTTCAACCACTGAAAGGCATTTCGGGGGGAGCATAGATCTACCATGACGCGGGCCAGCCTTCTGTATATTCCTTGGGCTGCGCTCTTCAGCTAACTAGCACACATATATCTATCCGCTACCACTCCTGGGAATGTCATTACTATAGCCTGATGGCACGGTGCCCATAGGTTTCCTGCTGCACCAACAAGGACTCCCCCGCGTCTTGAAGTTTCAACTCGGATTTCGCGCTAGCGCTGGCGACCATTCATCATTTGGACCCCGTTCTGAGGTACATATGTGTGTGGGGCGTAGCTATCCCTACGTTACTATTTACTATGCTTCCGTCGGTGGGTCAGGCTCTATGGTGTATGAAACTGTACTTACCCATTTGAGGCGGGTAATTTCCTAATCTGGATTCAGTTTCGGATGGACTCCAATCATTACGATTCTACCTCCGTCTGTCCCGCTGGGAACGCATAAATCCACATTCATGGCTGTCCGACAGTCGACTGTGAGTCTGCCGAGGTTGGAAATATCATACCGCATGTACGGGCTAAAAAATTAGTCGCGAAACGCAGCGCTGCATCTTGCTAGCTCTGTCGGCGCGTGGTGGGTTCGCGAACCTTGGGGCAGTCGCTTAACTCACACACCATAACTACGGGCATGCAGGGTAACACATGCTACGAGGACGCCAATGTGGCCAAATGCCCTGGATCACGGCGTACGTATTGGGGAATGGATCAGACCAGCAGGGGCACTTATCATGTCTCAGTCCTAAACACATGACTATGCGCGCTACACCTCTGACACACACGCAAAAGAACGGTTCCCCGGACCGGGTGCAGGGGAGGGGGTGGGATTATGAGCCAGGTACGGTACAAAGCTAGCGGTAACAACCTGGTTTCGCCCGTGGATTTGATCTCGTAGGTTGAAATCTGATCGTACCCGAGAGTTACTCCATTTCAGTTATAGTGTATTACCTAAGGAATTGCATCCGATTGAAGTCTCATTACCGGACTTAGCATCTTTTCGATGTCGGGACTCGCACAAATTTTGCAATTTCAGTACGGTGAGTGATAGGGTCTGGTAAGTCTACAGGGTCTAGAGTCGATCACCTAAAAGCAGCGGCTTCTCGGGTATAGCAATTCCCGAGTGGATTGATGGTACCTTATGTGAAACGGCTTTAACGCTATTATTTACCATACCGTCGTGTTCCACGACCTTCCAGTCGTCAGCGACGGATGACCCCGGCGAAGTGGCAGGCCATCTTGGCTGTAACGCCTATACTCGTACACCTATGACGGCCGATCATCCGCATGGACCGAGAAAGGTGAGAATTCAGGTTTAACGGCCTTAACACTAAACAGTACGACCCTGACCTTGGCTACATTAAGGTGCCAGCTGTGCCTAACGGGGCAGCTGGGTGGAAACGTGTGGTTGTGTACACATTGCGCCACTGGGATGACTGTATATGCTAACAACGGTCGCACAGACAACACCTGTGCCAGGCAACGTAGACGGCCGGGCCAGGGATGTGATAATTACTCTGTGGACACATCTCACAAATAAGAGGCGTGATTAG,1878,50.96,Arabidopsis thaliana
SEQ_535616,CGACACCTTTCTGTGAGATGCCTAACATAACGGCCTCAGACCTTGGGATATTGGTACATCTGTATCGTGCCAGACGTTATCTTGTGCGGACTTCTTAACAAGCGGCCAGTGCTCTTTTCCGCAGTGCATTACACCACCGCACTCCCGTACGGTCGTAGGCGTAGGGAACACAGTAGCAAGGACCCTCTTCCTTAAGCGCTTTTATGGCCTGCGGATGACGTGCGGTTCTACCATGCTGGAATACCTGGTACGATCAGAAGATGCTAGTAAGTACCATTATTGATCGATAGCCCATCCTAATACCAGGCCGCGTACGACTTCCGGCGATGCGATTGACTTGTTATAGCTAAGCCTCATGTTCGACCTGCTTATTTACCACCAATAAATTCTGACCCCTAAGTGGGCTCTAAGTTGGGATAGACTTCAGCAAGGCAGACCCAGGGAAATCATAAAGCAAACCATCTCACCCCCGCTTATGATAGACGCCAGCATAGTGTTCAGCGTTGAATCGTGACGACCTTCCAAAACATGTCTATCCCTTACAGTCGTACATACTTGCTGGAACGCGCGCGCTCTAATCGAACGGCCGGGGCGATCCTTCCCTACTCAGAGTCGCGAAGGTAGATCAGCGGAAAGACTCGATATGATGCTACAGGGCAATTGTCCAGGAGTCATTATAATTCGTTTTAAAATCTTAGTGCGGATCCACACGGTGCGGCATCAAGTCTGCGGCATGTATAGTACCCGTTCTTGGGTAATGAAATGATCTGCAAACGGACATCTGGTAGCCCTGAACGTCTGAATCCATAAGTCGCATAGGACAGGGCTGATAGGAGGTCTGAGCTCCCTTTCATGTGCCCGTAATCATTTGGGCAGGCAGATGTCGAACTCAATAACTTGTCTTTGAGGACAATGTAAACGGGGTTGCCTGTTGCGCCATCCTGGAGTCAAGTGGTCGGCGTAGGTGAGGTCAAGGTGCACAGACTTGATACCCATGGGTCGAGACTAAATTGGGTGCTAACTAGTCGTGCTTGACTGTGTTGGACTTTAGTTTCGGCATTCCCGATCCGGTGGCAGGTTGGTTGCCGTGGCGCGCCATACGAGAAGGTCAGTCGGCGTTGTCGACCGCCATTTCAGATTCGGCTATGTTTTGCCTCAGGAGCGAATTCTCTACACTAGGAAGGAGGCGGAACTTACACCAGTATAGGGAATAGGAAGGATCAAATGTTGCCTTCTGAGCTTATGCGCGCCAGTTTCACTCCGCATTATAGCGTGTCCGCCCTCAAACAAATAAGGGCTGTTCAAGCTCATCAGGAATCTGCTGTCAACACGTCTGGGGTTACACACCGCTATCATTCAAGAGTACCGACGTGGACCCTCGCTTCTCTGCTTAGAAGCTCTGATCGTATGAGTATGGCACCTTTCCGCCGACAGCTTGGGGCAAATGACGTAGTGCAGAATAGAAATCTCTACTGGTTATCTCCTCGATTGCCGAATTGCTTACAGTTTGGCCGATCTGGGCTCCAGATTAGCTATAGCCCCTTCAACTATGGCTGTGAAAGTTGACGGTGCAAAACGAGAGACTCTCACATAGTGTGCGCTGCGTATTTGGTTCTATAGGGACCTCCGGCACCCGTCGGCGGAGGGACTTTAGCCGGTGAACGGTGCGCACAACCGGCAGACTCGGGGAAACCCGGACAAAGGTTACCTGTGTCACCCTAGTCATAGAGTGACGGTT,1738,50.86,Caenorhabditis elegans
SEQ_250042,ATCCCCCAGAGTTTCGGGCTGCCGGTAGTCCAGTGGTGAAGTGTCCCGAGTTTGCCGCCAGCACTTCGACTACAATTTAGGAGGAAACCGATACCTCGATACTGGGACCCACCGAACCCTAAGATTTACACAGTTGGACCAAAATGAATTAGTGAGCTCCACCCGGGCAAACGCAGCTCGGTTGATGATCCACTGAACTGTCTCAACGGTTGAATTGTCCATAGAAGGCTTGGGCCGAAGTTTTGGAATAGGCTTTACGCGAATGGCTTCAGACCTTCACTGATGGCCCAGTATCGCTAGATTCCGACCGCCGCGTGATACCGTTACAATTTCGAATAACAATTGTCACATGAGTTAGGTTTGCCAGTCACGGTCCTCTAATGCTGCCATTAACGCGACTTCGGTCACGAGATCCTCACCAAGTCTACGGGGGAGACTGCTATGCTTTGGGAATGTGTGCGGAGTCCTTTACCCCGGCCTAGATAACACTTCTAAACCCATGGTATCGTTATCTGCTATATCCTCACCTTCACATCATCTTAGAATCCCGCGCACATACTTTTTCGCCAATCCTTGGCTCACAAGAAACGTAGCTGCTGATGTAAATCTATTTTTCCAGAATGACAGTCTTAGCGCACCAAGGTCCTTTTCATGTCAGGGCACGCTAAGCACAGAAGTGAGCTTCGAAACAAACCCTGGGAAAGGGCGATAGTCGGCTACAGTCTAATGCGCAATTCAAATCGAAGATCTCGCTGGTCTTAGTTGCGAATAGGAGTTCAAGTTGTAGACCCGACCATTTGCTTATGCCCCGCATAAACGTAACTTCTGTTAGTGCACTCGCAATATGACGAATTGCGGTAGTCGATGGGCTAGATTGGCGGAGCATACCAGAACTCGGTATGAGTCGGGGACCAGTGTACCGCAACGGGTAGCACTTCGACTAGCAGACGGAACGAAGCTACGAAGTAATGTAAAGCTTAGCAGGATCTTCAGTTACACGTTCACAGGGTTTCTATAGTCTTTACTCGTACATGAGATGACGTACCCGCCGACTGAACGACAGGGTTCGAGGAAATTTACTCCCATACGCTAGTGATAAAAATATCCTTCCCCTCTAATGGGGGTCCCGCTGTCAGTGGAGCGCACTAGCGAGATGAGGCTGCACGCAGTTTTAATGCGCTTCCACAGCGTACTCCTTATTCTTAGCTCTCGTTCTGAAACGCGGATTGGGGTGGGGGAGCCTAGAGCCAACTGCAGACTTGGTAACCGGCGAGCTAGCGCACCAGGAGACTCCGCCACGAAGCCAGCCCCTCTCATCAAACTCCGCAGTGTAAGCACCCCTGAAGATATTTTGGCTCCAAACGACCCCATCGGTCATCGCTTTTTGAAACAGCTCTGCATGCTTCCGAGAGACATGGATTGCTGCTCAAATTCTCTAGGACTGCTTCTTCTGTATTATAACTGCATGAGGATTGCAGCGCGACACCACATGTGCTGCCGTCCAAGATCTCTGCCCGTCCGAAGATCGCCGCAGCAGATTCTTGCAAATACCCAGGTACCTACTCCCATGTTAAATCCACCGCGCTTTACCTAAAGGACCGGAGTCTAACTTCCCCGGTCCCCTTCTAATAGACAACAGGGCACTAACCAGGACCCGACTTAATAATTTCGCCATGGGCCAAAGTGAAAATAACCGAGTCTGAGAGCATATTATCAATCACTCACTTCGGCGGAATTGAAAAACGGATAGCCGACGTCGGGTTGTGTCCTCGGACCTGCCGGCCATTTGCTTTCCTATGAACTATCCCTTGCGCAGGCCTTTATTTCGAG,1830,50.16,Escherichia coli
SEQ_204346,AGCCCCTGGTGTCCGTCATGACGTCCACCTGAGACTCGAGCCAATGTCCGATTCAGAAAACGAACCGACTGTGTCATTGCGGGCGTAGCTCTTCCTTGACCTGTGATAACAGGTAGATTCCTCCACTGCGGTACGAGGTTCTATTATTATTCTCTTACACAGAGTGTTGGCGAGCCTACTATAAGGCCTATCGACTGGAATAAAACCCTCGGGGCAGAAGGCGCAGAGTAAAGTACCTCTAAACCCGTCCACAGCATAAGCAGGCCGCCATAGTTATCTCACGCTCTACAAGCACCGGGGATTGCGCCGCGCCAAATAGATACTGGAAGGTCTCTAGGACATAGTAGCGGCCATATGCAACTCGCGGGTCAATCGCTCGGATGGCGACTAGCCGCATTCAGTTTTATCCGATACGCGAAATAGGTGAAACATCCACGGACTACACATAGGTTAAACTCTTTAATATCGATAAGCCGGCATGTGTGGGGTTGGGGTGCCGCATGTATGGGTGTCCGAGACTACATATTTTCCTATTATTTCATTCCGCCCCTACGCTGCTCCAAATGATCTGTATGGCCGCCTAACTATTTGTATTGGTATTAAGCCCCAGTAAGTGATAAGGGGACTTGTCTGCTCGCAAGGGATATGTGCGGGCCGACGCTCTAATGACTCACGTTTAAAAAGCTGAGTGCAGACAATCCGCGTAGTGATACTTACCCTGAGAATACCCACAGCAACACGCCTTGGGCCCCCTGCTCAGCTTAGATTTCCAATTTCGGCAGTTCGCCATTTCCGGAATTGCGATACGTAAAGTCAGCATCCGGGTAGGGCACCCGAGGGCTTTTGTTGAGTTGCGCGCTCTGGTGGTGTAGCTGCCCGCCGTGAGGGCTCAGCGAGGGCGCCCCCCGTGTCATGTCAATGATCCCAAGCTACATTATAGTCAGCAACTTACGACGACAGTCAGTATGACTTGGCTGGGAGCGTCGCGACTGTTAATCAATCTGTCTTAAGACTACAAAGGAAATCCTTAGACTCGTCGGCCTCTAGTAGTCGACCCTTCAAAAGGCCGCTTTACTTCGTAGTGCCGTGTCGACTTACATCGGTTCCAGACGATCGGTCATTACAGTTCCCATTGACAGCATGCGTATCGTTTACAGGACTAACCCTCGTTCTAAGACTGCAAGACATGACGCGGGAGGCTTTGTCAAACGAGCTGTCCTTGTCGCAACTGTGCACTTTAATGAATCCCCGCTCGCACACTCTGTCCTATGCACTGACGTCCAGGTAGGTAACCAGAGTACACGGCATACTCGCCCTAGGCTGGCCTCAAACATTTCACATCGCGACTAACGCATGGTGGCGCGCGTTGGCCTTTATTAAGTGCGCCGGCAATGAACATCTAATCACCATGCATGCCTCTACAACAAGCCTTGACAGGGACACTATCTAAATTATAGCAATCCGAGCCCTTGCAGTGGAGCACTGGAACGAGTCTAGCAGATGAATCTCATCTAAGAAATAGTTTTATGCCGTCCAGTAGCCGGTGTCCGTGACCGAGACGCAGAAGACTGCCCCCCCGGGGTCCATACAGAGCCCACAGGCGGGCTACTTATCGCCACGACGGCATGATGCAAACTTATTGCCTCGAGATAATAGGAATCCCCTGTCTTGCCGTTGGACTGCCCACAAGTGTTGAACATGTCCATTCCTTTAGGCGTCTGAGCGGTCGCTGCTCCAAGTTCCGTATACGCCGTGGGCACGACCATATTCCAGGCTTCTGACCTGAACCTGGTACAGTTTTACTACGCGTTTGTGTGTATTTCGACACTCGTAGCAACTTAACCTGGGGTACAAATTTTGCGTGGTTACCACCATAGACCTCCCTAGCTCAGGCAAAGCCACAGACCCAGCTCGGGGGCTGGAATGTCCGGCAGTAATCAATTGCACGCCAGGGGGTCAGCTGAT,1965,51.76,Caenorhabditis elegans
SEQ_327705,TATGGATAAAGCCTACGCTGGGTTGAGGGTGTGCATGATAATCATATACCACAGAGGAGACGCCTAAGGATCTTCGCCGATTTCAATTAGGACCTGCAACCTAGTCCACTAATATGGGAACGTCTTCGCCAACGACGATAGCTATGCGTACCCAAGGATCGTCTGGATGCTCCTAGTGTCATCCCAGCGGATCCCGAAGGTCGACGAGGAACCAACGGGTGTCCAGAGATCGCCGAGGACTCCCGGTCAGACGATGATAAAAGAATAATCCGTCTGGGACGCGGACTAAAAGAATAATATCCCATCTACTGCCCGTTTGTGTAAGGGCGGACGCAATAAGGCGCTCTTAGTAGCTATAGTATCGTTTGTGCGCGTTGCACTGGGACGATGTACGAGCATCAGGCCCGCCGAGTGATCTCGGGAGCCGCATTATTTATGTGTGGACACGTCGCACGAAGGCCACGGTGGAGCGGACCAGTACGAGTCAGGTAGTGCGAGGGACATCAGCGCGACATTCTCATTCTCCCCACTAATTTCCAAGGTGTCGGATCTAGGCTTACCGGGTGAAATGAGGCGAGCACATAATGTCGAACCCCCGCGTAGATGCAAGTCTTTCTCACGCCCTCGGGATGAATCTTCGAGTGGAAGTGAAACCCATCGCCTT,664,52.86,Arabidopsis thaliana
SEQ_333089,CCACTGAACGTGTTTTGACCTTTCGAAACATTTGCCGCCGGACGCGGAAGGTTTGCTTACGTTAATTCTCGCCCTTCGAGCATTGTACGCCACTGCTATCAAGAAGGTGCATTATTAACGCAGGAGATTCCCGGCGATGAGGTATTTCCTAACACGCCTCCCTAGCACACCCCCGTTCTTATTACCATCCTGTGAAGATTTCCGCGCCGTCTGTGTCTAATGAGTAGGCACTAGCCACGAGCGGGCACAGCATGACGAGATCATCTGACGCGGAGTGTATACAAGAATCGTCTTTCCACCTTTCGGTAGCCAAGAATACTAGGTGTCGTCTCTTACGTGCAATTGCGGATGTATTTTGTTTAGACATGGCACACAAAGGTTTTGAGACTTCTACAGTAAGTGCCTTCGACATGGGAATTGTCGCCATTCAAGTGGAAGTAAGCTGCATGCCCGGATTAGTTGGGATTCTATCCTGAGTGCGACTCCCTGTAGGATAGCTGAGACAGCAGCGTCGCACGCAGCTTTATCGGCATGTTCCCACGGCCAGCCAAATCTAATAGATGTACGCACGTTATCCGTAGGAAGTTTTGATCCACTATCACGGTAGCAACCAGCTCGGGCTCCTGCGCCGGTGGGGTTACGCTACTGACTCACAAGTCTGATTATTTGTATCCCCGGGTCCGGATCTCTGTCCAGAGTTGATCATCGTCCTCTACATGTCACTTGTGATGCCATGGGCCTCATCAGCCTACACGGGCATCCTGATGTCGGGATCCGAAGGCTCACCACTGCTGAAGGCGCTGGGGCATAGAATGCGTCTAAATATTAGATCGCTTAAGGACCGGTATGTCCGTTGCAAATTCAGTGCATTTAGGTATTAGCGGGTATTACCTGCGACGTAGCAGAGAGGGCTATAGGCCTTCTATACCCTAATACAGGGCCGACACCTTAGTCCGTCAGTGAATTGGGAAATACTGGGGGGGCGCTTTACTTGCTAGCTAGGCACTCTCCCGGCAACGCATCAGAGTCGAGGGCGGGCACTGGGGGGATCTCGACGCGAGTACCTAGTGATTACTAGTGAGACTACTTTTATTCCTGTGTAATACTGATGCTACGACTGATAAGTAGTTATGGAATTCGACAGTTATTCAGCATACGAACCCGGTAGCCCCTGTGGATGTCTAACCTGGTCCTGTAAGCAATGTTTTGTGGTTTACGACACTGATGTTACCCGACGCGCAAACTGCGGGACAGGGCACGATATTCTGAGGTCATTGTGCTAGCGAATGTCCTGTGTGGGGTGCTCCTCGCAAGCCACCGTCGGCTTCTGTAGAGCCGTGCGACCCATTTGTGGGGCAGAGACTGCCATATGGTAAGGTGATCATTAAGAAGTTGGATCGGATACAATTGCTTCTCGTATTTGCCTGGTCGCGCCCTGCCCCTGACGCTGCTACAAGTGGTCCATTCAGTCCTTATAGAAAAGAGCTGGACCACGATACCAGTGTTCCGGATATGAGACATTGCGGTGTCGACAATAGCTCGATGCGTAACTACCCATAGCATGTATATTCCGTTCGGTCTGTTCTCTGGTGAGA,1595,50.85,Homo sapiens
SEQ_446764,ACGATCAAACAACTTTTGGTATCTTAATGAGTCCAGAGTCAGTGTTGGAAGCGCGACACTTAGGCAACTAACCTGGTCTAGCGAGTAGACTACGCACTCAAAAAGGGGACATGCTTCTGGCGTCACTGTTCTGTCGTGGCGTCAGCTGAGAAAAAGCCCTTCTAGACAACATTCACAGGTACCAGTATAGTTACAGAGACTGCCTCTGCGTATGAAATGAGATACTCGTGGGTACGGTGGTTGAGTACGACTTACACTTATGGCCTATAGGTTTCTAGGAACCGACTACGCGGGATCGCGTGTGATATCGGCAGAAGAGACGTACGGGTTAACGGAATACCTTCAATCCACCTTGCAAACATAAGCTGGAGTATGTACTCGCGAGTATGATTACCGCGAGAGTGAGCTCGGGTCTCGCGTCGGGCGTATCGCTCTTACGAAACCACGGTTCGTGCAGCCTTTACCGATTGGTCGTATAACAAGGTTATTGGGTCAAAGTATTGGAGATGGAGCAAATAGAGCCCGACCCCGCCCAAAATCCTTCGGCGAACCTTCTCCGTCCCTGAGTCCTAATTGATGAGGGTTCTCAGGGCGATATACATATCGTTACAACTCTTTACAGGCGCGTAGTAATTTCGAGCAGTGTGGCCAGTGGTCACATGCCTCTTACCCATTCCCCCAAATTCTGGATAAAGAATTTCAGCTATTCCCGTTGGCTTATAGTTCTGAGGATACACCAATATCCTCATCACGTAGCAGGGCGTATCCTAAACTTGGCCTGAGAGTGGCTCTCCCCCTAGCAGGGGCATTCCACCTTAGATGCCCTCAGATTAGTCTAGGCCGCGGAATGAAAGGTTCCATAGGCTGATCTCAAAACAGTGGATTTTTTTGTGTAGTCCAGCGGACCTGTGCCGATGGAGGGAAGGCCCGAGTCGCTGATGCCATTCCGTTGTGGTGTGCCCCGACTTCACACTCTCGTCGCGCTTAACATGGACGGCACTTCTAGAGTGGAAAGCGATCCCTAGGGGACGGTACGCCAGAGTCTAGGCAGTCCTAGTCTGACCTGACAAACGAAAGTCTAAGGCTGTTACAGAAACGCCTAGCGTGCTACAAAAAACCAAAGCACTCCACTGTATGATGGCTATCGCGTAATTTCCTAACTACAGGGTATTTTAACGAGGTCACGCAATCTGCTGCAATCCAACTAATACGTTCCGCTGAGTTCCGTCACGTGCTGTTCGACTGAAACTAAAGGAGGCCTTATCGTATCATGGTAATGGCGGTCCGTAGCCAACGCGCCTAAGGCCCAATAGACCGGTTGCCAATACCTGAAGTTGGTTAACTACTCCGACGCCAACTTTAAAGTGACCGGTTCGCTGGAGTCCCTACGCCGTGAACTGTCAATTCGGCGTTAACGAAGGGCCAAAAGGAGCCAAAGCTCGCTAGTTAGATTGTGAGGTCCTTCTCATCACTGTCTTCCGATTCTGCATTGCCGTGAAAGCCTCACGCTGTAGACGACATCGATCGCGGCGCGTTCAGACAGTACAGGCGGATTTGTAATGATTGGTAGCCTAACAAAGGCCGGACCCCGCCGAAGATTTCATTAGTACAAATTGTGTCACGATTTAAGACGAATACGGTTGGGGCTGAAGCAGCGGGGCAGGCTGCTCGGAGTGCCGGCAGTTTGACATGCCGCTCATGACCGTTGGCGATCTGGGCCGATTCGTCAGGGACGTAAGATGCGGTTCGGATTGTCAAATACACCGATCACCTGGCCTACTCTATAGTTATGATGAGCAGTCTCAAGCTTTTCTTTGTCTCAATGAGCATCTGCCCTCCTGCGGTATACCGCACGAGTCGTATCACTTTTACATGGCTTGGACAATGTCCGATGGCATGGTCCATAGCTTCTGACCTAT,1919,50.5,Saccharomyces cerevisiae
SEQ_254043,CAGCAGCAAGTTCATCATGAACGGAGGCTCCGGAGACGTAATTGACTAACAAGGTAGCGTGGAGGCACAAAAAGTATTGACAGTCCATGTCTCATGTTTCGAGCTTGCAAAAGCAAGTTAAATCACTATAAAACAGTGTATACGGTCTAAAAAGTCCCGTAGATGACGCGCACGCCCTCGTAGAGATTTCGAATGGTGGGGGTGCTCATTACGCAGACACGAGATATTGAGCTCTTTCGTTGGGTCGCAGCTTGACTGATTCAACCCTGGGTAAATTACGTACGCTACCAAAACCCGTAAATCGATGGCGTGTGTGTAATTGCAGGCCGGCCAGCCCGAGAACACGAATCATTGAAACTCTGTATCCGGGCAAACCTGGAGGAACGTATAGATCGTTCTGATGGCAAGGCAGCCAAACTGGCCAAGCCCTCTTACGTGAGGAGCTTTTAATCGACCGGCGGGCACTCTTTGATGACTCGGCGGTAGACTGGGAGCCCTCATCTAAACACGCAGAGCTTTCACGTATTGATCCTTTGCAATTCATCCGACGGAACTCAGAGTAAATATGATGTTCGACTAAGTCCCAATTACCACAGTCAAGGCCAACGATCCGACGTCTTCATATTAGCTGCGGTCCCTGGATGTAGGCATTTTCCCGGCGTTCTGTTTGTGCAACCACGCATCCCCCACGTCAGAAGTACGGGCGGGATACCTACTGTTGGACTCTACTGACGTAGAGTGAAGTACCAGCGCATCTTAACAGTTGCGCTTATCGCGTTTAGACCACATGCAGAACCAGAAATGGAGAAATAAGGATGGGAACCAGCCAACACCG,835,49.58,Drosophila melanogaster
SEQ_565909,TCTAAAACTAGATGTAAAGGAGCTCTGGTATCTCTGACCTAAACATAACTGGAACTTGCATCTGGGGGTGAGGGCTCTGGCAGACCGACCTACCTACAAGTATTCACAAGAATGTGTTGGATGTAAGTGATGTAAGGCGAATCCCAAGGCGAGATCACCCTTAGTGAGCGGACTCACGAATAATTAACCACGGTCTTCCGCTAGGCTCGTGCGCGATCTGGTCGTCGTGTTCAGTCCAACCGGTCCCTCTCCGGTAGGACTAAGCAGCATCTCAAGGCAACGCATAATTGAGTACTGTCCCTTCGCAATCTATCGGTGTATAATCGATGTTGCATCCGCATCCCATTACCCAGCGCTAGCGCCCCCCTAGCGCTTGTCAAGCAACCTCATTCACCCACGCAAGCAGTAACGCTATTCGAATAATTGGCAGGCATACTAAAATTTCTGAAGTCCTTGCCGATCGCCGAGTGGTCGGGCACGTCTCCATCTCTAGGAGTGTGGAGTTTAAGGACTTCCGTCAAGAGGTGCCATATGGTAAATAGCGCATGGTATCCCGGGGTGAATAAAAAAAACGTCAGAAGCACGGCGCAGAAAGTCGAATTATTACTCGGAAAACCTACAACACCAACTCCATGGGGTTGAGCTGACCCTATCGATACTGCGAATCGGCTCTTCAGGGTGTAACGTTGGGTCCGGCCGGTCGTTTCGTATCGTGTCGAAAGCACGTACTTACGCGCCGAGATTACCAAATAGGGATTATGTGGCCCAGCCTTTCCCGTTGCAACCTATCGCGCCTTTAGAATCGGGTCTTCTTCTCTTCTTTCGTTGGCGCATGTGATGTAACGTGTTGCCCGGGGCCAATTTATGATTATATGGCCCTTCAGGCCTTTTGGGCGTCAATATCCGCTAAGTATGGAGGAAAACAATACTGAGGGAGCATCGGCTATCAAGCCGCGTACTGTACAGTATTTAAACGAGGGGATTTTGCACCCGAGGACGGAGGGGAAGGTTGCCGATCTATGTCGACAAACTTTCAACAACAATGGAAGTTTCCTCCCCCGGCGCAGCCAGATGACGCAATTTCAACATTATGAAAAGGTTGACCGGGCCCTTTTCCTGCCCGAATGCTGTTTCGGACTGGACGGAGTCAAAACCTAGGTTCTACAATGCGGAAGCGACAAAGGCCGCTCTGCAGGAGTGTACGATGTTGCAGTTTTGTAAGACAAAAGCAGGCGCAGCGCACAGTCCTTCGAGGACAGGGGCACCATCAACCAGTTGGATAATGAGCAAAAGATACAATTCTCCAACGACGAGCATACGATATGTCGCCCGGGTAAGATGCGTCAGCCGGTCATAACCTAGGTTATGCTCGATAAATAAATGAGCATTCGTCCCGCATTTCTCGCCATTGCCACCCGTAGACCGTCCGAAGCTTACGGCTTAACTACCTGACCATCGCACTACCGCAGGCTTCGAGCTGCAAGGTGAGGCAGAGACTTGAGCCGACAGGTATTGACTCAACCTCTCCCTGGACTGGTCCCGCTACTTTTCGTTGGATGATAGACTTGTTTGAGACGTTCTGGAAGACTGCCTACCTGGC,1600,50.81,Homo sapiens
SEQ_803220,AAAAGCGATGCTACTAGATACTGGGGTGCTCGCTTTAAAGTTGATTTCTACGTGGCACTCCGCCAAGTGTCTCTTTTGGCATACCTCCGTACTGTATAAGGATTTCAGAGCCTTGCTTTAAGGAGTAGATAGGCAAAGGACAGCTCGGACTTGGTCCTACCATAGGCAGTACATCCTCATGGAGCCGGGCGATTACAGGTGAGCCGGTTCAGTCTTTAATGGCTTCCAGCGTCCAATGTGGCGATGGGGTATAAGATGAAGGTAAGTCTCCGTCCCTGCCAATTAGATGACACTTTCCTCTAGGCTTCCCTCATTGCGAAAGCCGCGAAACCATGAGTCATGCAGCTAGGATTAGTCTAGTAATGAAGCCGCCGGGACCGGGGATACGGGGCTGACCTAAAACGATCTGGGCTATAAGTTCGGAACGGGTCGGTATTTCTAACATTAACATCTTGACTCCAAGGATCACGACCGCTACAGGGTACTCCGCTACCCCTCTATGCTACGTCTGTTAAGACACAGGTTGGGTATGGTAACACGCCGATATGGCTAAGGCTTTATCTTCAACGAGACAGATCGAGGTTTAATGTTGGGGAGACAAAGTGCCCTATACGAAATCATCGTCAGTCTTGACGATGCATCGTATAGATTGGACCTTGACGTCCCCTCGACTCATCTGACTATGTTTACTTCGGAGAGCAATTCATCTTACCGATTCTAACG,723,48.69,Homo sapiens
SEQ_701059,TAAGATACTGGCTTAGCGGACGGTAATCAAGTACTTAGACTGTGTTGCGAAGATCACTCTTTTGGTATCCTGCCGAGCCGTACACCCGAGTTCAACACGCTAGATATGCATAGGATCGAGATATATGAGGCCACCGTTCTCACTGTGTACGCAACGAGCTTTTCCTTAGATTGGGATCCATACTGAACGTGTTCCGTCAGCTACCCTTGGGCGAAATATATCATACAGCAAAGCTAGCTCCAGGAGACGCATCCGTGATTTCATACCCAAGAACGCAAAACCATGCGCCACTCTGCGGCGACATGAGTGGGTGCGCCTGATT,322,49.38,Mus musculus
SEQ_285103,CTGTGGGGGTCCAGGTCTAAACCGAACGCTCCTGACCACTTTACATGGTAAGGCGCGTAGCTACATAAATTAGCAAGAAGTGGAACCGCGCGTCGATGACATGAGCGCCTACTCTAAGCAGTGGTTACATAACAGCCGGCAGCTGCTTTCAACTCGTGTCAGGCTCACGGGCTGAGATTATTGGAATACTTTATGCATTCGAAGAGTAGTTGGATGGTAGAGTTTGTGGATATCCGACCAGTGAAGTACGTTTGACTGGCATTTGCATGAGGCTGCAATGCGATCGCGCTAGTTCTCTAAGTGGATCTCCATGCGGTTGCCTTATACAACGCCTCCGGTTTAGAACCTGTTAAACATGCCCTGAGTTCCCGGGTGGCTGGGAAAAACTTTTTCTCTAAGATGTGGAGCGTGACCGGTCAACTAGGTTCCCCGGTTTAAAGAATCGACTGAACGGGCCGAAGGTTAGGGCTCAAAACTACGATAATAACCCAATTTACCAAATCATGCTTCGGGGAGAGGTAGTGCAGTGCAGAGGCTCTAGGTCCGATGGGATGTCGCGGGAACCCGAGCTTTGCGCACATTGCGGCGTAAAACCTCCATATTCGGATAATCCACATGGTCGAAGTGAGATCGGGTCGTGTTGCAGGCAATAGACCTTCCGTCTATTCAGATCCGCCCAGAATACGTCGGACGCACATTCGATGTGTGACAGTGGATCACTGGGAGCATAGGTTCACTCATGTACTGAGCGAGGGAGACTTATAGCTGACCCCAGCGCCCTGCTATACCACACGAAATAGTTAGCATTGCTTAAAGACCCTTGTAAAACTGTGCCTAAGGGTAGATCCCACGATAGCCGTTACGACTGTCTGCCGCGAGAATTTACGGTCCACACTGATGAACTCAACGTAACGATGGTATCGAAAAAAGCTCGGGCAATTTACTACCAGCACTGGATTGGACTTTGGCCTGTTGAGATTTCAAATTACTTTAAGGTTGACCGCGGAGCACACACCTGAACGGTCACTGTTTGTTGCATTACGCGGTCGCAACGTAAGAAGACCTGAAAGCCAGCTGGTAATTTGGCCGGTCACTACTCAACATGATTAGGGTACAGAGTAGCACTTGCGCCGAAGTGTGAGCTTGGGCTGCGACGGCTGCGAATAGCTGTCACTGCGAAGTTGCTTTCTGCATTGCGACCCGGAGCTCGTGACAACCCAACCGGGTACGAATATTGCCCTTGTGGCCTTATATGCTTAGCCGTGCTAGAGCTCAGCTTTATTGTGCGCTTACGTCGCTTGGCCATGGCCGCCAGATCTACCTGTTGTGTGGATTAGTACTCACCGAGCGCACCCTCAGATTACATCACGGGCGTCCCGGCGCGCCAATTTTTAGCAAGTCGTGGGACCAACGGTAGAGGTGTTCTGTCGGGTATATG,1438,50.97,Homo sapiens
SEQ_497002,CTACTTATCAACCCGGACGGAGGCCGAAATGGCTCAAAATCATGTTCCTGCAATAAGCCATAGGTATCGTCGCCCTGCTTCCCGAGGATATGTTATGGTCCAGAAGCCTGGCGCACTGACGACGGCCCGTTTCGGGTCTACTTTCACGAGCACCGATGAGGGAGTTCAATAGTATTGGGAGTGAATAAGCGCAGACAATCGCCAGGCCATCACGCTGCTCAGGAAGAATGTTTGATGTACCGACGCTCATATAGTAAGCCAAAGCAAACAATAAACCGAGGGAGTCGGATTAAGTGGCGGTCGCAGCAAGACGCGTGTAGGAAAGCGATTCAACAACACTAGTAGCAACGATTATCATACAGCACGCTAAATCCGCCACGTACTCAAACCAGATTAGGGCACATCGTATATTGAACGGTCCTGAATTCACTCACAAAGCCATGGCCAACTAAACTGTCTCGGGTAATGTGGTCCCGGCCGAGACTCAGCCTTAAAAATATGAGCCCTCTGGATCTTGTGTGACCAAAGAAAAGCCACTTCTGCACGTCTTAGACCTGTGCCATCAGCGCGGGGCGTCAGACTGCAAACATGTGGCCCTGAATCGTTACAGGAGTTGTGTTATTCATTACACCGGGTGTTACTACCTAAAACACTGACGGGACATTGTGGGTACCCATCCACAGTCAAGCTGGACGGTCTAGTTTGGAGGGTGCCTAGCCAGTGAGTAGCCTTACAAGCACCCCAGAGTTATACATTATTTTAGCCTTACCGAGAACTACGGCATTAAGAGAGTATTGTCAACTCTCCAGTAGTGATTGGGCCGATTCTCTCCTGTCGTCGGAACGAACTGTTTCTTAACCGGCCTGGAGATTTAGTACTTGTCTCCCACGTCAAGGGTACATGGGATCAGGAAGTCCGGTTAATAAACGGTCAGGTGCTGGTCTGAGGTTGTACAAGTGATCCAACAGGACCGTCTGTCTGCAAAGTGCATGCTAGCTCAAAAAATCCAGCGATAGTTGTTGACCTGTGAACGGAAATCCGGATGCGGGTCCAGAGGCGAGACCTAGGCTGAACTCCAGTTGGTGGCAGAATAGTGCTTAGTAGCGGGAACGTGTCCATATTGGGTATACCATCTGCCACGGGGAGGGAGTGCATGTACCGCTGTTTACTAATAACTTGGCGTAGTCACGTCGTTCTCGAATGAACAACATCATGGGTAAGCTGTGGCAGATAGCTCAGGACGTGACTGTTGAGGTTCGCGCAGGGTGCATAATACTAAAAATCATGGACTTATCGTGTATCGGAATTTCGCGCCAACGATGCAATGATCTCTTTTTACAATAAAGTTGTCTCGATCGCATCGATCTGAATTCATGATTGGTCCGGATGTTTGCACCTTATATTAGCTTACTAGAAGGTAACCATCTCGATGTCGAATAGCTGTAACAGGGCTTAAGATCCAGTCGAAGATAGTTAGTAGAGTTGACGTCCTAGCA,1496,48.6,Caenorhabditis elegans
SEQ_706603,CTATAGACGTAGAGTGTTCACTGCTAACTTTAATGGTGATGATTAAAGAGTTATGCTCATGTTACACTGTCTGCCTCATGAAACCATAAGCATTAGGGGATTGGCATGATTTGAGCAGTAGCTTGTGCCACGCTAAAGAGCACCCGCTCCTGACAACTTCGCGCCTGATCCCCAGCGATACGCTGCGAGTAACTCTGCATCGATGCCTTGGCGTTAACGTCCGGGCGAATCATCCCGTACTAAATAAAATCCATTTTATCAAGTGGAGTGGGTCTCCAAGTGAACGTGACGGTCTTATAGCTGCAATGGAGGAGCGTAGTGGTTAGGATCGTTCTTACGCTTGGCGTCTTAAAGCTCTAAGGAGAATAGCGAGTTAAATCACGATTAGTAGGAGGTAAGTTCTCTGCTGATATTTAACGAGTAGTCCATGGGCACCTAATATTAAGTTAGGCACCGACGCTGGATCCGTTGTCGGCCATTGTGGGACTCCAAGTCAGGGTTATGTCTAGGAGTAATCCCGCCGGTTCGACCAATAAGGCACGCCAGACTAACCAGACGTGCGAGCACTCTGCGAGTTTAAGGCATTAATTCTTTCACATGCAGTGAAGGATCATATAAACCTTCAGGTGTGCACAGCGGTTCCACCGCCGGCATTTACTGGGACGTCAGAGTCGTGCTATCCTTTTACGCCTTAAGCGGTGATTTAAATCGAGCGGTTAGAGAAAGGCAAATAATGCTCGAGATACTCGAAGCCCCTGCGTAGCTTGGCTAACGAAGGGTACTGATCCGATAGGCCGTTATCTGGTTGGGGTACGACGGGATGATTCGTCCGGTCCTTCGGCTCCTTAAATATCCTTCCGCGCCACGGAGGTGTGCAACGTTTGCTATATCAAGATGCCGCAGCACGCCTTGTCAGTAAATTAGAGCCCCGAACAAGACTGGTTCGCGATCAAAGGGCCGCTACATCGGACGCGCCCTGTCGCACTTTGGTTGTTGAGACTAGAGAGCGATTAAGCTTAATGTCCATCAAGCTGGCTAACCACCTCCACGGAAGTGGGGACGAAAGTGTAGTGGATTGTCGTCGAGTAAAGACGAATGGTTGTTATGCGTGTAAGTAATCTCATTCAGTGGCATCACAATTTTTGGTGGCTGTAGCACTACTTTTTGGCGCGGGGTGACCATGCCTTCATGTGTCCCGAGTGGGCCTTATCTCGTACTCCAATTTTTACTTGATGTCACAGGATATCGCTCCTTCGGTGTGCGAGATGACGGTCTCTCTAACTTATTTATATCCATTATATTTGTCGTAAGTCACTCGTCGGCTTGCTTCTTGGTCTTTTCCATAGGTGTTATCGCAATTATATACGGCAAGTAACGACGAGGAGAGGTTACAGGAACTCTTCCTTTGGTTTTCCTAACTATGGGGCGGAAGTGGGATGACTTTCCGGAACTTTCGCCCCGAGTTGCCTGGGGCAACCGCACGCCATTGACCAAATCTCTGTCGACACTCATTGGAGGTAGGATTACGGAGCTACCAGGGCGCAGAATGTTAAGACGGAAGGTGTTGTTTTACTGTGGTACAAAATTCTAGTAAACAGTAATAGGTCTAGATAAAACACTCGAAAATAACACTCGCACCAAACAGCGGTGCGAACTAAGACCACCCCTCGTAAGGCGAACGTTGCTGTCTCTGGAGTTGGTGCTTTAACTGGGCCGACGGACGGGCCTTCTTCCCTACTATCGCAGTCGCACCCATGCCTATGAAAGCACGCAGAGACT,1779,48.9,Escherichia coli
SEQ_360323,AGCAGTTACTAGAGACCTCTCCACTGATCACTCTCGCTAAGGGGCAACAGGTTGATCACATGACGCAAAGCATGAGCCAGACTCGCGGTCACCCGAGTTGCAAATCCACGTAATAAGAGGACTGCTCAAGTGGCAATGTCTCTCTCGGATGAAGGTATGGTTTTACCCAGGGCAAATACTTTATCCCCGATACGGTAGTCCTATCTGAAGCTTCCGTAACCTAGCCCTAGAGCATACATAATAGCTGGTTTCAGAAGTAGATGCGGGTTGGAAGGACTTCCCGGCGAACGCGTCATACGTATCCACTTTATGTTCTACACACCTGACTTAGTTGATATACCCATCAGATTATCTTCGCACTGAGGGTGGCAAAGGGTTTGGGTGGACATGCCCAACGTTCGATCACTATGTGGTGAAAGGTGTGCTGTGTGGGGTTGAGTCTTAAAAGGGGTTTACCGGCCTCCTCGTTTCCCCAGGACTTTAACTAAAATCCTTCCTCACTACAACGGATCCTAGCCTGATAAGCGGAGCATGTACCCTCAATTAATAACATATCCCTCCCTTACTGTAGCTGCCTAGTTGCCCTCCGAAAAACATTTAGACAGGACTTTAGGAGAATGCGTCAACTTCGGGGCAGAAGGAACTCTGACTCAAACTTCTAACACGCTATTACGGCACTATTCGAACGAGGCATGGCAACGTATTGTCCCTTCGTTACTATGGGCACAAGTCATGAGCGCA,741,48.31,Caenorhabditis elegans
SEQ_165829,AGCGTATGGCTGGCTAATCGCGAATTTTTTCAGAGGGTCGGGTTCAGATTCTGACGGGCAGCAAGCGGGAGCAATGTATCTTCCTTTCCCTGAAAGCGTTTTTAAAAACCTGGATTAGCTGCGTAATATCTGCGTACGGAGGGGCGGCGGAGGGTGGCCATTCGGGCTGAAACCTTAAGCCTCTTGAGTGCAACCAGGGTTGTGGGCTATCATTAGATAGCAAAAATGTTTTAAGAACATAAATCAAAACGGCTATTCGTTTTGGTTGCTGGGAAGATTGTCCGGACACCTTTCCAATCCAATAATGGGTCGTGGTACCCACACAACGGTTTTGCCGCTAGAATAATACAGGTCGGAACCGACCATGTGGCAGGATCTATCAGATTGGCTGCCGGTTCAAGCCTGCCCCCGTTTTCGCGTGCGTGATATACCTACTTCATCGTGGATGGGACGTCCTGGGCAAACGAACCTTCTTAGGAGGCGACTCGTCCAGGCTCGTAGCAAAGACACTGTAGAAACAAGATTCCAGAGGGAAAGAGGCGGGGCTTGACCTTTTAGCCGCTTGACGGGAATACCGGTACAGACGGCATGATTGAAGTTCAGCTAGAAATGAAAGGTACCACCTTTAGTCGGGACCATTAGCCCATAGGGCACAGCGTACGCTGACGAACTCGACTGGGATCCCCAACACTAACCTGGCTATAAGTATGCCGTAATTTCGATCATACCCCAGTCGAATTGTGACGGCGGGTTGGTAAAAACGGACACGTGAAGACTTGTACAGGTAAAGTCTCAGGTTTACAAGGATGCCATCTGATATTGTAGAATAGGTCCCCCTGTCGTTTAGCCCATGTCTCCTTCTGGCACCAAGGCAAGCAGTTGCTTATTCTTAGACATCTTGGGTTCTGACGACGGAGTGCACTGTTTTACATCATTAATCTCGGCCCGCATTATTCAGGACAATGAGGAACGCGGGATGTTTCGCGGGTCCGGAATCAACAAGATGACTATATGCCCCTCCGATATGGTAAGTCAAATTTCTGTCGCTACTTCGTTTCCCAATTTAAGGGCCTACTTAACTCTGTCTGCGGCGTGTTGACATAGTTCTTCATAAGCGAAGTAAAGCACGACTAGGCTTACAGGTATCATCTTGACCCATCTCCATGTGTTTCCCCGTATCCACCTTGGATCGACCAGCCAATAGGGGTGACTCCTCTCCGGTTATCCATCGGCTTTCATGCCAACCCGCATTAATGGTCTGCCCGCACGGACTAGTTGGTGATCCGAGCTCCTAGCGTACATA,1303,49.58,Homo sapiens
SEQ_661802,TGGATTGGTAAGGCGAGTCCGCGCCTTCAGCTTCGCGTGAGCGCGTTTTGGACGTACATGATATGCGTTGCTAGGTTGGGCTTGCGTCGAGTAATCAAATAACGCATTTCACCATTGACCCCAAGAACATTAAGTCGGGAATATAGGCCTTGCTGACCCCAGCAGTAGCTAGTATGACTTAACGTAAAATCCGCGGGTGGCGTTTGAAATAGGCAAGTCTTTGCAATGGGTTGCTATTTCAGGTCGATTGACCGGTTCCGTAGTGGGAAATAAGTACCAGCTGCCAATACGACGCGGTTAGGGTACACGATTCAATGTGATTTGTTCCGTCCGTTCGCCAACACCTAATGCCTGTTGGAACTGCAGCTTCGGGCTTCAAGGGGTGACGTATGATTCGAATTCTAACCTCTGCCGCTCCTCAAGCACAACATCGGCTCCCGAAAGCGTCGATCGTGGCCCAAGTTATGAGTTACTGACTCGCAGACTACACCATCTCTCGTGGATTTTAGTCTAAAACGCTCAAGCAAGGGATATCGAGACAATGACTGTTGTTCAAACACAGGATACGCCCGAGTTCGTGGGGAGGAGTGTACAACCCTGGAACAAAAAGTCGGCATGAAACAAAACTATTGTAGGTACGAGTGAAATTAGTAAGATGTGTTTGGATGAATAGCCCTTCGATCATAACAAGGGAGGACATCGAGCCAACCGAAGCCCCCCGCTTTAATTCTGAGTCTGAGATACCAGTGACAGCCTATTAACGCCGGATACTCGCTTGTCCCTAATCAACCCAGTCGCGCTGCCAGCAAAGACGAATAGAACCAGGCCCACGCGGCGTAGGAGTCATCTTGAAATTTTACAACCTGGCCCACCACGTAAAGAATGGCTGGCGTGATCGATGCTACATAAAGATCAACCCTGAGTAGGGTTAATTAGTCTTGGCCGCATCATGTAACTAGTGTGCAACGATTCAATTTGGTGTCTATTAAGACGCTGTCCCTCACAGTGTGAGACTAGTCCCGTCCTTATCTGGAGCGTACTGGTACTGGCGCCCCAGAATTAATTGAACACGCTGGCTCCAACTGTCGCGTCTAACGCCTCGACTCAGTTCCCCCACTACGGTTGGCCGATACAAGTCTTTGGGTTGATATCAGGGGGGAGATTTTATTGAATAGCATGTAGTTCATTTTAAACGCTGTGCCAACTACCCACCGTGAACTATTATTAGGTCCAGGGGTCATTCTCGGGCGATAAACCCTTAGGCCACCGGAGCCGCTCCGCCTGTCCTCGTTGTCGGAGTCACGAAGAAGCGCGAATCCATTTATCAATGATCGCATCACCCCGATCGAGGCGCATAGAGTTGATACGTTGACGCACTTACGGCTCGCAAAGGTGAGAGAGGGGAGAGGATGTATGGAGGATTTTCGACAGAAATGATGACCACGTAGAAATA,1453,49.48,Caenorhabditis elegans
SEQ_732239,CGTTTGCAAAAACATTAGTGCCAGGTTAGCCAACACGCATTTTGAATGCGGCTACGGTCTCCACGGCCAGACGTTTCTTGTCTTATCCATAGACGGCGCAATAGAGTGGACGGGGCCCCCAACACGTGTGGCCAGTCCGAATTTGGGCATAATTCCGGTAGACGTTTCCGGTGGACATCATTTATTTCTAAGAAGGACGCGAGTTACGGAAAAGATAATGGCTACGCGGGGGATGGATACGTGTTCAAGTATCAGTACACAATATCTGGGAGAAGACCACTCCGGTGATACCTGGCGA,298,50.34,Saccharomyces cerevisiae
SEQ_540536,CTCGATGACTTGACTGCCAATCATATGCCCCTAGAACAGGCACCGAGCGTTACTTCGTCCATTGAGTCGGTCCTCTAGTACTCAATTTTGTAGTTTTGTCCCTACACGATGGGCTTTTCGGTGTTGTGGTTGATAGCGTCCCTATAGCTGTTCCCAAGCGCTGTTTCACTGGCGGTCAAGGCATTGTGCCATCGTCGTACTAAGTCGTAGCAATAGATCGGCCACTTTCAACATACGGATTGTTCTGGAGTGCACGACCATGAGTGGCATAATTTAGGACGAGCAAAATCTTCGTCATCCTGTTGGCTGACCAAAGTCCTTGGCTCGTATACAAGTCAGTAGAATTGTTACCCTGGTATAAGGCTCGTATGCCGGCGGTAAATTTATACATTTAGACGTGAGCGATATGTATATTGAGCTTCAGAATACGGGCAATACTTTAGAAAGCCTCAGAGGGTTGCAGGGTTAATAATATGTATCGCCTTGGGCTATGGCTAAGAGCCCACCAGCACGTCAGCGTCAGGTACTAATAAGGGGCTACCTCCAATCACCGTTAATGAGTTGTATACAGGGAGAAGGTGATAAGGTTTCTTAGCTCCAGGACAAGTCCGGTGAGGGTCAGCTCAGAATGTGGCATCAGAAAATGCCGCTTGCTGGTGATGTCGATATTTCGCGGAAGTGCTTCATGAGATACCTCCTGTCTCAACCGATGTACAGACTAGTCATATGGGGTCAGTGTACAAGCCGCAGTCTTCCAAGCTACCATGGCTCATAATGAATGCTAAATCTCGGCATTGATCTAGACGTATCGTAGCTTCTGCCTTAATGCCACCGACACCATTGTTAGTTGGTAAGTTATTGTTAGTCGAGTTCATATCGCTTATCGTCAAGTCTTTTAGTAATCGGGCATAATCACCAGCCGTTGGAGGATCAGACTAGAACAATCAGCACCTTGGCAACTTGTGTCAGGTGCGTACTGAGGTCACCGACACACACGCTTAGACAACAAGTGTCATCTGCATATACTCGGAGGCTATGACTTCGAGATAGCATCATTGCACGTCACGTATGTCTCGTGGAATTAACGTGCTGCGGGCCTGGTACCAATTTCTGAGGAATAACGTCTTGTCGCGGACTATATGCTTGTGGGTTCGGGGACAGGCGTCTGCCACGATTGTACTCACCTGGTACTGGTTGATAACGAATAAAAGCCTCGCACTGGAGAGCCCCTATACGCCGCCAACAGTCAATAGGAACGGTAATCTAGGAATTGCACAGGCCCTATCGTGGCTTGCTATGAGCGAATGCGGTAACGTTTGATGACGCGGCTTTGCTTGGACAGCCTTGGCCCTGTTCAAGCTAAGATATCCCACAGAAGACCTGTCCACTCTCGATACTACACCCC,1405,48.19,Saccharomyces cerevisiae
SEQ_631077,GTAACTACGGGCCCGGAAAAACATCAATTCCTATTGTAGAGGAAGAATAAGTCTTGCTTAACTGTAGGAGTCGTCTTGAATCAACGATACGGGGGTACAATCGGTCCGATTAGGCCTAAGGTCGCAATATATGATTTTGATGACCTACTAGATACGGACTTCGACAGCCATGTCGCATGATGTGTTCATATCTTCTTCGTACTGGAGGTCGCGCTATTTGCTGAAGTTTATTGAGGATTACGACAGAGTTATCTCTGGACGCACCGGGTTTATTCAACAAAAATTCGGGTGATAATCCTTTTCTTCGAAAGACGCTAAAGCCACCTTCGTAACTGCTTATCCTCAAAAAGCACCGCTAGGCCCTGGACACCGAGCTTCCAACTGTATGCTGGCAGATTAAGCTGGGGAATGGTATAGTTCCTGGTTTCTTCTTCTCACGCTGTATATACATCTACCCCTTGGTAAAGCTCCGAATTTACAGGCATGTACACCCTCCAGACATTGTAGTTTCGAATGCATGCATGCATTACTAGTAGTAACCCCAATCTTCGCTCCTAGTACAAGACCCCGATTCCGCACTATGGGCTATGGCAAATCGCCGTGAGTACATGTTACCCGAGAATTTGTTGGATAACGCTTCCATAGGAATACAAAATCTCGGTTACGCAATGTGGAAGATACCGTACCGCGCAGATCACGAACACTATCATGGTCAATGTTCTAAGTTGACTCGAAGGATGCCGAAGTAGTTACTACCACTCACATGATTGCGGAACGGCAAAAATAATAACCCACACTCGCGGAAGCGTCAAAGGCCATTCTGTGCTGGCGATAGAGGCATGGACCACAGTAATAAACATGAGAAATTCCTACTGGAATAGCCGTGCCGTATGGGAGTTGACTCTCGCAAAAGAACCAACACATGCAATAAGACGCTATTCACTG,945,45.5,Mus musculus
SEQ_249663,GTTCATGCGCACCTATTACTGATATACTACGCCTAGGTCGAACCTCCGGCCGCGTGAATAACAAGGCTTGTAACGGGGGGGTTTAGGTTGCCCAATTCAAAGAAAGAATTTCTTAGGAGTGCACTACTAGCCCATTGTAAAAATCGTTCGTGTTGATCCCACGTTGCTGTAACCTCCTCGCTAGCGATTCCCGTCGGAATTAACAGCACGCAAGGCGGATCAT,223,48.88,Drosophila melanogaster
SEQ_667206,AAGCATCCGATCGGTCTCTGTAATACCCACAGGGATGGGTCCCGCTAGAGGCTTGTTGCAATTCACGAGGGAGCCACAACGGTTAAGGAGAATTAACGACCATCTTGGCGTGGGAGCCTGTCGTACGCCACAATCCGGGCGACTGTGCAAATTGATATATCGCTCCTAAATTAGAAGCATATGTCCACCAGGGAGTAGCCTGGTATATTTTGGGGCCGCCCCACCGAATTGGCTTAGAATGCGGTCGTTTGTCGTCTCAGCGATTAGCAGGTCGGTTATGTGGTTGCCCTGACCTATACATTTACGAATCGAGCAATTCAATATAGTTCAACAATAAGTAATAAAGTGATGGGACAGGTAGGTGTCTCCCGAATACCGCCGTCACCACCCCTTAAATAGGTCAAATTATTGCACACCAAGCGATATACAACACTTCTGATACCCGAAACGACCCGCTCTTACTGTGAACACCTTAAGGTCGGCCACGACGTCCGCAACCGATACCGCCTAAACACGCCGTGACCGAGGTGGACCTGCGCATAGGGTCACGCACGTGCTGGGATGGCATCGGCTCCGGCTAATGACACTAAGGGAGAGACACCGCGTTTTGGCCCAGACGCCCTCAGGGAAGTCACCTATAAGTTTTTTGATCCGGGGTTTGCGGGATTGCTATAAGCGCATGTAAGGCTTCCCAGGGAGAGGAATGAAGTCAGAAGGAGAGAAGGCGATCGGTATGTAAGTCTATCGTTGAACATGTGGCCCGGCCCGGACTGGATAAAAACGGCATATAGTGATAGGACCGATCGACCACATAGGAGTGGGTTCAGAATATACACAAATCATTAGTAGAGTCGCGATTTATATGACGAAGGGTGTCGCTCTTATTCTGGTTTGTCCATGCAGTTTGCCTTGCGCGACCAGGTTAATAATCGAGGGGATCATTATTTAGTGAGTTCTGCAGTCCGATACAATATCTCTGCCCAATTTTTGGTTGTAGCCTACCCCGCGTGCCGGTAACTAGTCTGAAGGGCAAGCAGGGCTCCCATAGTGTCGGCACTTTGAGCCCTCAAGGATCGGCCGCAGGAATATGAGGCCAGTTTTACCCTCCTTCCCGATAGTGAGGATAGCAATATCTACGTGCAAATTTACTGCCGGGGCTTCGATATAGGGACTGACAACAGGCTGTATGCACAAAACGAGGCATAGGTG,1209,50.45,Saccharomyces cerevisiae
SEQ_318692,AAATTGCTCAGAGTCTGATTGGTCCAATGAGACGAAGTCCGGTATCACACACTATTCTTCCTGTTACTCGTATGAAAAAAGTGGATCGCGTAATATTAAGGTTCGCCTTGATAGTTATTGCTACATTGCAGGAGCACCCATTTCCCAATAGTTAATGCTATTAGTCAATTGAGGCTTATTAACCGAAGATGGGACGTCGGCAACGTGATGTGGAATTGTATTGATTCAATACCCTGAAGCACATCGGAAATGGGGCCGGCACAAGAATCTTGCTGCCTGCTTGCAAACCGGTCTATCCGTGGCATCCGTAGCCTAAGGTACGGGCCTGGGTAGTTTGCCCGCTGGACTCTGCTCCCACCTGATGGTGCGACCACCTTTGCCACCATTTAAACCTTGGGGTGGCCTCAAGATTGGAGGCACCTACAATACGCTGTTCCATTGCACCTGCCATCGTGCTGCATCGGAATATAGACTCCTTCGACGGCCTAGTTTGCTGCCCTCAGAACGTACAGAGGCAGCTTTGTCATGTAATCACAGCTCACTATTTACCGCTTTCCGCTCCTAGCTACCTCTTGCGAAGCAATCCAATCTTAGCGGAACTAAGCGCCAAGCGCTACAACCCAGCCATCGATTTAAAATATCTTGGACGTATCAATCGCGCGACGCATCCGCACCCTAGAGCGAATCACCCAAGCTTACTGTACCGACATTAGTTCTTCGCAGATGTCCTTGTGCGTCGACTATGCCCATAGTATTACGGAATTAGTGAACCTAAGGGTTTGCCCCAATTCGATACATGCTGTAATACTAGCCCTACTCCCGGCGGTGGCTGTCTGGGCTGTTAGAGCCAACACTACCACGAACACACTCGGCAATGACCCTATCGAGCCCTACAAAGACCGCGGCGAGGCAGCGAAGGCGCAACGCGTGTGGAGACTCATAACCTGCTGCACGTCACCCG,961,50.57,Caenorhabditis elegans
SEQ_932627,GGCGGAATACCTGTACTCCCGGTTGCTCCAAAGGCAACTAACTGTGGAAATACCGAGCTCTTCACATTGGGGCTCTAGACTCTACAGAGAACACCCCGACAGTAACGGGACCTATCATCCCTCGGCATGTGACCTCCGTGGGTCATTCCCGGGACAGAGGAGTGAGCTCGACCTTAGAGACGCTTAATAAGGAGGAGCCCGTTATCGGCGGGTCCCCTGATCATTACGTCCAGGGGGCAAAGCTGACCCATCCCTGGGCCCTACGCCCTGCGCTGCTGCACGGATTAAGGCATGCCGCCGAGTTTGGAGCGGATTATGACTTGATAAGGAGTCTCTCGTGCCACCAGATAAGCTTCGGTTAAGTAACGTAGATGGAGGGTGTGAGCTTTCTGTGTGTCGTAACTAATGAGCGGAGGATTCCGTGAAGGGAACGTATAACCAGAGCCTCGACAATCTTGAACGCAGCCATAGATAGAGATTTTCAAATGAAAAGCCTCAGGATATATCTCGGTTAAGTAAGTGTTGCTGCCGGTGTAGACTGTGCGTAAGCGGAGGACTTATCGAGACACAGGCTCCTAAAAATCCCGTAGCCAGGCGGCTGGCTCGTGCTCAAGCATGGAAGTACCATGCCCAAGATTGGATGAGAGGCAAAGACGTGGGCATACCGATACTCATCATTCGGAGTCAGCTAACGCATTGCTGAATGAAATGTAAATATTGCCCCGCGGCACTAACGTCTTTACCTTGCTGTCATGCGATGGCTCAGGGTTCATGGAGGTTGTTTCCGTCAAGACCCCCGATTCTGCATAACAATCATGAATACCCTAGGAAGCGGCTCGGCAAGGTCACGAGCATGATACCCGGTTACACTCAGATACATGCGGGGTGTCCGTGAATTCGAGAGGCCTTCGGGCTTTGCCTGTTCACTTAGAGCATCTTTCGGAGTCATCTCGAAGAAGGCGAGCTTCGACCCGAGCGAACTGCACGTAGGTTGAATTACGGTCTTGGCAAGATCCAGAGATGTATCATGCTGGCACTTGCCATATTCGCTCTATCGCCGCGCCAATCACTTCTTCAGTGCATCTGATGAACAAGACTTTTAGGCCACCCCTCTGTACGCCGCGAAGGGAGTGGAAATACGAAATTGGTTGCTGG,1155,52.21,Homo sapiens
SEQ_231361,ACGGGCAAATTTGGCCCTCGAAGCGGGGACCTCAAGATGCCCCAGTTTAAAGATAGAATACGGGGGGATACCTCGACACAGAACCCGACGCACGATTTCGCGATCGACGTGAGAAGGATAAACAGAGAAGCTGCATCACAAGATAACCCAGATCCTCCCACGCACGTGCACACTTTGGCGGTCCTATTCGGTGCATAGACACAAAGTTTATTCCCTCTTAACAAATGACAGTAGCCAACTGCCTACGGGGACTGCCACTGTCCTCAGTCGACTAGACCCACAACTGATTAATACTGCTGAGCCTGGTATAGTCGTATACGGTTGCCCCCGCCGAACGGCGCGTAAGACTCCGTGGCGGCCCTCGCGTCGGCTGACGACTCCTTTCATACAGAGTAGTTCCTGGGTGCTCGGACTTTGGATTGCTAGCAGAACCATTTCGACACCGACCGTCGAACATTTGTAGATCGTCGAATGACGCCTGGCCTCTACGGACTACCACAAAAAGGGATGTTATCCTCCAAGATGTCTAGCCTCTCGGACCCAATTAGATTGGTGATTACGTACAAGTCCAATAATGATCCGTGGATATGGCGGTTCTTTTCTAGCCTAACACCGCACGCGAGCAGACGTTGACCAGAAGGCTACCCCTTGCATCTTTTAGTTACCTCGAGCTAAGAAGGGAGGCGTAATGTTGAGTATGAACTCCAGTCCTTTGGCTTCCGGGTCACCCGTGCTGCCTACGTTTTCAGCAGTTACCCCCCGAACTATAAATATCACAAAGAATGCAGAGTTTTCCAGTCTGGGCTGCACTTCTGTCGACGAGACCCGGCTACGTTAAAAACCCAATGTAGCGACGATAAAGAATACCTTACTCA,875,51.09,Mus musculus
SEQ_196365,CGCAGTTTCGACCAACCCAAAAATCATGTCATGGACCGGACTCCCCCCGCCCCATAGTATGCTTCCCTCGGGCTGAAGGTACTGATTTAAGGCCGGAGCTGCTACGCCCAGCAGGACGAGGACCGAGAGAGGCAGGAAGGCGGACGCCCCAGTGTAAACCATCTATCCAATCATGCCAGCAAACCAGTCAACAGCGATTAATGCCAACGCCTTAGAGAAACGTCTGCCACTGTGTGAAAAAAGCAGACTCTTCCGGGTACGCGTAGAATTTGTATGCTACCCTTTATAATACCTATGCGTTTCTGCCGTGTTACTGACCGCCCATGCATAGCCGCTGTGTATGTGTGTTTGGCTTCTGTAATGTAAACAAAAGCAGGTCGGCTCAATAACCTCTATATAAGACGGGATCCAAGGTGCGTGCGCTAAGCACGCCCAGGCAATCCTCCTTCCATGAGCAGCCGAGAGCCACGAATCTTCACAGAGAACCTCCGAGGAACCGGCAGTTGTTCCCAAATCCCTACCCTGCATACAGGCAGCATAGTGCGTAATTATATCTAGGATCTCGGACGGGGTCATACGGGGTCTCTACGGCCGGACATTAGTTTTACACGTGTTGAGCGGATACGCGACTGGAATTTTAAGGCGGTTTGCAGATATTACGATACTCTCCGCGAGGGACACCTCCAAATGAGACTGTACGATTGTGATTGTGTCGTATTCTCAGGCTGCAATGATATCAGAACCTTTGTGACCGTACCCTGATAAGCCTCGAAGTGCCAGTGGTCGGGAAACGGGACCTGATTGGACTGGCATTGGCTGGGACTGAACACTAGGTTCAATGTAACGGCTATACGGCGTCGGTCGAGCCACCTGGCAATGTA,881,51.87,Caenorhabditis elegans
SEQ_314166,CCCAGTATTTCGCCCGGCGCATCTGCGTAACACGAACTCAAAAATGCGATCATTCGCCGAATATCCTGACACCAGATGCTGCGTCGAGCGTCCAGAGCTGTTAGCTAAGTCTGACCTCAACATTATTCAAGCATAACCACACCAGATTGGCTCCCGTTGCCAACCACATCAGCGACCTGTCAAGGTTTCGAACAGCTTTCAAAGAGTCAGTACTCTTCAGAGAAGAGTGACCCAGCGGACCGGTCAAAAGGTAAAAGCACTAGGCGATGGCCTGCCCACATAAGGACCCATCCTGGATTACAAACTCGGCTAGGGGTGAGCTCTCATATCACCGCCCTTGACTCAGGTGAAGTACATTGCGCATTGATTCCATGCTTATCACCCACATGCCTCGAACGATGGCATGTGCATCGGTAGGAACCAAGCATGGGGCTGCTGTGTGTGTGGGTAAACGCCTGGATTGACAAAAGAGAGTATTGGTCGACTCATCGCTTTCAGCTAGCTTAGCGGCCCAAAAAAAGGGTCACCAAGCTACGCATTTAGTGCCCCTCGCGTTCCAGATGTCGGAAGTTATCTGTACGAGACGATAAAGCCCACGCTCTGGAGATAAGTAAGCGCAACTGTCTCCTCGGATGGTACGTCTGGGTGCTCAACTAATTGTTGGCACCTGTTCAGCCCCCGTGCGACTGTCCGATCTACAGAGATTAATTGTAGATCAGGGCGTATCCATGCGACATCGCCTTGAAAACAGGTGAAAATACTAATAGTTATTTACGCGGGCTCTAGTAGGAAAAAATAGCGTTGTAATTGATCGGCTTGGGATATACCGTCGCCCGCTCCTGTCCAGTCAACAATGCTCAAAACGCTCGTTCAACCCAACCATGTGTGTCCGAAGCCAGCATGGTACTCGCGCGGATTTACGCTATGCAACAATTATCTTAAACTGTTCGAGACGCCTTACTTGCGACAGTTTTGTGATCATACTACAACCTCTGGCGAGCGGTTTGAGCCGAATGAATCAATACCCGTGAGTTCTGTACTTCGCCACCGAAATTATGTGACTAGCTTGTTGCCCTAATTTATGTGCCACAATAGCAAGATGAAATTCAGCGCCGGTTGGCTCAATGACCTGTACGTCGCGAAGACTGGACAATACTCGGCAAACAATTTGTTGCTAAGGAGGTTTCCTTGA,1192,49.33,Homo sapiens
SEQ_546600,ACACTCTAGTGAATCTCCAGATGCGATCTCTTGTGGTTTTTTGTAACGAATCGCCGACGTTTCCCAGAAAGATGCGGTGGGTTGGGCCTGGCTAATGATCGTAACTTACAGAGTAGGGGCCGAATGAAAGGGCTGAGTTGGTCTTAATGATTATAAAGGCATACCGGGTCTATCCCTGTACTGTGGGTTATAGGT,195,47.18,Arabidopsis thaliana
SEQ_209897,TTCAGACGTGGCGACGGAGTCTCGAAAATGGTACATTAGGTACGAAAGGAAGTTAAATAAGACAAGGGAATTAAGCCGTTTAAGACAGCCAAACATGAGCGTCGTGGGCTGTGTCCATGCAATGCGCCCACACCGCGCCTTCCGGCGTGCACTCCTGAAGCTTATCTACGTGGTAATTAGACTTATAACCTGGTCCCCCTATCATCTCGGCGACCTAAATGGTTGCCAAGCAGGTCTAAGCTGGGCAATGCAGCCTCTGAATGTACTTGCGCGATCCTAGATAATGGTTGGTATGATCCGGAGCTCTCCCCTGGTTAATGTCCACTTCCGCCTCGAAGAATCCAATTCAGATTTAACGCGATCAGCACTGACATGGATCATCTCTAGTTGATATTTAACTTAGGACCGCCCGGAGTCGAGTGCATAAAGAGTCTTATACTCGCGTAAGGTTTAGATGGTAGGGCTTAGTGGTAGATTAGGCCGCGGGGGACCAGCGAGTTGAGTCCCACCGTTAACCAGTCGTCGATTTCAGGTTGATTTTACGATAAGATTAAAAATGTTTCACCG,567,48.5,Mus musculus
SEQ_421052,GCATATATAGCCCTGTTGTAGCTTCTAGCATCTCTTGTATACTGTACAAGGCGCACCTGCTAGGTCCATGGACGGACGTGGCTTACCCCAAATCCAGGTAGTTTAACGCGTTGGGTGGTTGGGCAGGCTAGGAAGAGGTTTCGCTAGATAGCAAGCCTTGAAGTGGCTGTCACGAAGCACTGTCCCGTTGTTCTGCCTCATAACGGGGTTTTTTTCAGTTCAACCCTGCTTACGGGGTTCTGGTCCCGTGAGTCAACATAGGTTCGTGATCAACGACTGTACCTCTACCTCCACGACAAGGCGTAAGGGCGAAAATATGGACCTCGCATGGCCAAACCAGGGCGCCTGATCAGCGCTAGTTGGGAAAAAGGGTTCCAGTACTCATGGCTGTGTAGAACCCCGGGCAACGGAACGCCACACGAACCGATCGCGCCAAGAAATTACCAGGAGTTCCAACCGTATTTTGGAGTCAGGTTTCCCCCGGCAGATCCCGTGCAGAAGCGCTTCGTGGTCACGTCCAAGGCCGTAAGTTAATAGTCCATCGTTGAGTTATATCCACACGAGTTGATGATCCAGGCACCATAGGCCAGAGGCGTGTTCGTGCCTTTTCGCGCACGTGATGGCGGATATGTAATATGTGCTTAGTACTGCATGCTCCAGCAATTCTGGGTACTCCCAAGCAGAACTGTAGCGTCGTAATTCAAATAGGCACTACATGATATTGCCGGCTGTTCCCTGTAGACTGTTTAACTCTGCTTGCTGGGGATGAAACCTGCATACATCGACCGTTAGGAAGGATCTTGAGGAGCCAGCTGCCAAGGGTCCGCGTAGCTGGGGGTTGTCTCATGCCATCCCTTGATGAAGTGGCAACCCCCCGAATGCTTCAAAGTGATACCAAGGGGGCGCCAAGCTGGACGCTACT,922,52.71,Drosophila melanogaster
SEQ_259081,ACAGTCTAAACTATTAGGCAGGCTTGGCTGTGATTTGGTCCTAAAAGAAGAACCTATTACAGAGGGGCGGAGGTCCTACCACCTCAGTAGATGTGGCGTGGATTGTAATAATTAGGCCAATGTGACGGTGCTGGAGGTTATCTGTGCCAGTGAGAGGACAGTCATTAGATGCGGCAAACAAACAACACAGACTTTACCTTAAAGAACCTCTCAGAGCTGGAACGCTTAAAATCCCCTCAATTATTGTCTTAGTTACACTTTGGGTCCTAGTTCATCGAGTCCCAAAATGTTAATGCACTGGTCCAGAAACAGACCCTTAATGGGCATCATAGTTAGCTGTGGCTGTTGTCAAGCGCGAATTGATTTATCATGTCAAGCCTCACCAGTCTTCCCGCGGAAGTTTGCGATTCGGAGGTCCAGAGCGCTGCACTGAACTAGTTGGGCCACGATATGCAAAAACGTCTATCGTCTTCCGAGAGAGGCACTTGTTACTCGCCAAGTGATATAGACTCGCACATCCGGAAGGATCATACTGAGTCGCCGCCGATAACGATTTCGAATTCAGCGTCGATCAAGACCGCTGCATGCTGCTAGGGCAGGAACCCGAAAGAAGGTCCAGCTCCCTTCGATCTCGACTCTATACACCGGTAGTAGGGCTTAGAGCACGCTTACCTAAACCTAAATATCGCGTGAACAAAATACAACATGGCCAATCACGATTTTTCCATCGGTGACTCGCTACAAACGGGTCGTCAGCGCATTGCAGGAGGTCCGACTCGGTATTGCTTGGAGGGCCAAAAGCGTTACCCCGTGCAGGTGACGTAACATAGAACAATGCTGGGAAAACCAAATGTCCACTATCTACCCACACGGCGGAAGTCACATTAGTCAGTGCGGCGGCTAGTTCACATTTGAACGTTCCCCCCTGTAGGCCTCAATCGGTCTGCCTCTTGGCGTTGTCCAGCAGACAGCGGCCCGTTCCGGTCGTCTCAAGATATACATAGGTGCCCTCAACGGGAGATATCTTTATAGTTTAGTAGATGTTTGCACTCGCTGGGGGAGTGATTACTTGTCGGTTGAATCACGGACGTATCGCAGACAAAGTGCATGAGCTCAGATTTTAACCAGAGGCTCTTATATCATTCGCCTTTTCCCCTTGTTAGCCAGCATTAAATCTCCACTGCAAACAAGAATTCCATTTTACCGGTAAGTCGCGGAATGTCCTTGTACGTAAATCTACAGCTTATTGGCGACGAGCCCGGGGTGACATTTGTATTCCTGTATTGACGTTTAGTCCGACGGACGCATTGAACCAATGCCGCCGCATTTTAGCGGTGAATACTCGTAGAAACGAGTGCATAACTTTTGCACGTTGCGCTTAACCGCCGTATGGACTGCCTGGAAGACGCGTGTTATAACGGACCAGAATGTTGGTGGTGTACATTGTATACTTTGGTGTGCAACCCACCTCAAGTTGTCAGCGGCCGTGTACGGAGATGCAG,1502,48.93,Mus musculus
SEQ_755140,TCTCTAGCTAACGTCTATAGCTCCATTGGCGATTCTGCATTAGTCAACAACGCCGACCGCCCATGCGCACATGCGCCAAGTCTCGACCATTAGGGTGAAGACACGCTGTTATGGAATCAATCAAGATCATATTGTTAACGACCTTCATCGACGAATCTGAACACGACTGTTTGTTACACATTAAGCACATGGGAGATGTACGTGAAATTCACCCCCCTTGACTCCTATGGTGCTGAAGAACCGTGGTTGAACAGTACATACCTAGGGTTAAGCAATGCACATGTGAACCCAAGGATCTCCCGGGAGATATATGTAGCAAGACTAACGGACATGTGCCATACGCAGAAAAAGAATGGAACGTGGCGTTCGAATAGATGACCCCCTAGTACTAGAGACTCACGGCCTCCGAAAAAATATTTAGCTTACCTCTAGGCTGTTGTTACCTCATTTCAGCTCATAATGACGTATCGAGCTTACTGATCAGAGTGGTCTGTCCGAAAACTTGCCCGACAGTTCCTGGGCGCGGGCGGTGCTAACTCTAACCGTTCTCCGCACGGTGGCGCCCCCAATCTCGCGGGACGAAGCAGCAAAGCTGTCTGGTAGGCTAATAGTCTTGAGTCAAGCCGGACTCGCCATTGGTCCACGCCAGCGGTATGAGCGCAAACTATTACCATCTCGCGCGATCCACCACTTCGTCGCATCGGTTTCATGGCAACCTCTGCCAAACGATTACGTAGCATCCCTCGAGGCCCCTGACTCGCATGGGCACAGAGGCTCTGCTGTATCGACCATGAGTTCTTCGCTTCGCCCCCTTACAACTTACACGTAATATAGTGTGCAGGGGTAGGCATCTTACCGTATTCTACGACACATTTACTTGGACAACCCTCAGTTTGGTTGGAGTAACGGTGGACTCAAGTGTCTCAGCTCTCCTGATCCAACCGCCTGCCACCATACAGAAACCCCTCGAGTTTGCCAGTGTTCACTGGATTCTCACCGACTCGGTAGAGGCCCGGACTCGGTGCCTTCGGACTATAGAGATGAAGATTCTGTATCCAACCGAAGCCAGCAGTGTTCCGCTATACCCTTCCAATCCGCTGACGACTGCAGAGAGGAGGACAAAGGTAGGTCTACAGGGCTTCTCTC,1146,51.22,Mus musculus
SEQ_794074,CCGCGACTCAAGACAGCCGATACGGGTGCGTAGTTAATTCTCGAATGATTATGAGACCTGAAGATGTAAAAGAAAATCTAAAGCCCTACAGCAACATCTACAGGTCTATATACATGGTATTCGGACCGTAAGCGACCGCTTGGGCCTCAAGCTGCAGATGCAATTATGCGCCCGCCCGACCTAGCGAGCCCACGGAAGTCTTATGAGTAGACACCTCCTCTGGTTGTAATGGGAGTTGAGCTCTTCTGTTAGCTGCCTCTTGGGACCGGAAATAGACAAGCAACGTGAATGCCGTCAACACACCGAGCATACTGGGATCAGTACACGTGCTCAAGGTCAAGGTTTACCGTCATCATCCGCAAGGAGAAGACTTTTTCCGGGCCGCGCGTACATTAAACGGGTTACCCTGTAGCCAGTAGTAGTTGTGCAGTCTGGATAGATAAGCCCTTCGGTCCGTGGGGCCAAAGTCTCTGAGTCCCGATAGCTACACCACCTGCATGTGGGAGTAACGTTCCATGCGGGCGTCTATCACCCCGCCGCGGATCCGATAGGATAAGAAGTCTCTCCACCCCAACTGGGCAGCAAGAACGCTACAGTTATCGAACCTAACCTTACCCGGATCAGGTTGTGTGTGAACAATTAAAAGGCCCGATTTGTCCGGGTGAACGTCTGAACGAGCCAGCATTTGAGTTTTGTACGGCCGACATAAGACGTATGCTGCTCCGGTATCTTGCTACCTCTCTCACGTTAAGTGCTTAGCCGATGCGGTCATCCAGATGCGGAGGGTTCGCATGCGTAACAGTGACGGTCAGCTCTGAACGGGTATGTTTGCAAAAGTATTTGGCATCGTAACTAGCCTCTATGTACAGCTATTTAGCATGGTCAGGCCCACGCCTCACGACATCCAAACTCGCCAGTGCCATCTTAGTAGCAATTACTCGCCTCACCTGGTCGTATTGCGGATAGGTGTGAGGCAACCGAGTTGGAGAAATCGGCCGAACAACATATGTTTATTCGCTCAACGAGCCTTCGTGTTTCTAGTTGCGTATAAGACCGGTAATGGTACCCAACACTCTTAAAGGATGTCTACGGCACCGCGGCTCAATCTCTAAGGGTCAGCTTGCCAAAGTTTTCCTGGATTTTCCAGAGATGACGAAGTTATCAAGACCCCGTTCGGCAGTGCCATGCTGCGCGCAAGTTTAACGTATAACGGTAGAAGCTGTTACCGTCAATGGCCAAAATCCGTCAACTTATGAACCACACTACAAGCCCGTGTCCTTTAATCGCGAACAATAGCCGTCAGCGATAGGTTGTGCTTCCGTCGTTAGTA,1330,50.6,Drosophila melanogaster
SEQ_256222,CCGAACTAACAACCTAGGTTCCAAAGGTCCAGGGACCGTAGTTGACGTTGTACGTCTTTACAAGTAAATTGGGACCCCAAACTAAACTTCTTTTTTATAACGCAGCCAAAGCGCCCTCCGGGCCCTAGCGGTGAACCCACATCACGCAGCAGAATGTTATGTAGGGACACAAACGCAGGCCGGCCAATATACGAGGTGACCGGAATCAAATACCCGGGGTTACTTCGTCTCAGATGTCCTAAAAGACGCCCGTACCAGTGCGCAGGTTCGTTTCATGGAGCGCACGGTCCACCGTCTTAAAACAATCCGCCGCTCTCTAATTAGGACGTAATCACATCCTCAGCACGACGGTGGAGCTCATAGCGCAAGCCCTCCTCTAAACTGACAGAGTGTGCTTCGGATATAAAATTTTCTAAGTTAGCGTTCGCTAAGGGTCCTTCGGTCCCGCCCCAGTAACGTGCAGTAGACCCTGGTCGGTAGTAGCCGACCTAAGGCCGTTAAATTATAGCATGCATCCGGATGGCCCTACGCGGGGTGTGTGTGGAGGATACAGAAACCGTGGTGCTTTGCGCAGACGGCATACAAGGCTGCCTATGAGGCCGTGTATGACACCTCCATCTTGATGTTGGGGTCGTTCTTAGTCCGCGACCATTCCGGTA,659,52.5,Saccharomyces cerevisiae
SEQ_404424,AACGTTCCCCCCCTTATAGAAGACACTTGAACCCAGTATTCGTACATTGCCTCCGAGTGTCTCTAGTATCCCGAACCATAGCGTTAGTCGCCTGATAAATGCGTGTCCTTTCCGGTTGGTACTTCTTATAGGCCGTGTCTATGGGGTCATATCGCACATATTCCAAGCGGTATATCGTGAGACTGACGCACGTGCATAGGTGCAGACTGCATTTTTTAATAGCGGCCCTTGTTGTACATTCAGGAAGGAACACAACATGTTTACTGACTTCCATGCACCTAACATATTCTGCAATTGCCGGACGTGCAGGATTTCACGCTGCCACTTCCGTATTTATTAGTAGGTTCTCCTAGGATTGTCACCGACGCAATCTCGAATAACTTACGGATCAAGAGATGTGCGCGCGGGGAATCCTTCTGAGCTCTCATCTGGATCAATGGTTGGACACCGAACGTGCCGACTGTCCGTATGAGAGCTGCATGTTGGGCGCAGGTGGCGTAATCAACTTCACCCGATGATAATCCATGTATCCACATCTTCGAGCCGCACCCGTTCCGTTTATGTGGAGCATGCGCTTATCGGCGGCGTTACCTCGCACAGGTCCTACTCCCAACCTGTGATCGTCGATAAACGCTGGTGGCCCCCGATGTCAGCTCTGTGAACTGGTCACTTACAGGTCCGTGATCATAGAAGTATTTGCCTTACGAAAATTCACCGTAAGGACGCACTACAAACTGTTAAGGCCACACATACGAACTCCTTATCTGGAACGAGTCCTGGGATCCTACGCCACCACAAACTAAGGCGATAGGGGAGACGCCTGGCGACGCAGCAAGACCATGTTGCTGTGCGCTAGATGTATCAACGATCCACAGACACGTGACATTCCTAATGACGGAGGCGCAATGGTAAATTCCATCGCAAAGACCTTCAACTTTGTAGCAATAGATCGACGCCGAGTAAGGGGTGGGAAAAGGTGTCTGGACCCCGATTGCATTGCCAACGTGGCGGTAACGATTCCCTGGGTCCAATGCACACGTTATCTGCCTCTGACTCTAGCGTAGCCGCCATATTGTGAATCGTGAAAGGCAAGAAATGACCTATCTACTAGTAGCGCAGTTCTAGTACACACTTGGGATTGATGACTCTTTCTGCTGCCATTACACACGCTGTTCGGGCACCAATACCGAACTAACACTTCCCAATTAGTATTCCGTCCCTGAGGGTGGTCCAAAACTGGACTAACTATGCACGTATAGCGCACTATAATCTGGCACTAACAGTTTTAGGATGGGGGACACAGATGATCCACCACATATCGTCGTCAACTGGACGGGTAGTTTTGACGATTGGTCCCGCGCAATGTGCTGGCCGCTGAGGGAAGCAATTACGTAAGTGAGCATCCCTCAGATTCCGTCGCTAAAATCCCAATCCCGGGACGCCCTGGCCCCGACCAATCGAGATCTATCAGGACCTAGCAATTTCGTCTAGTTCCTGTTAGTCAGCGTCGAGCCTAGAGTGTATAAGACGGTAACTTTTGTGCACCGTTGGTCATCATCAATCGATTGACAAGACTGTCCAACATGAATACCAACCGATGCAAACATGGTTCTAACATCCCAAACTGTTGTCCAGAGAGTCTAGATGCCTGGGTGTGTAGTATACCACTGAGGGCCCGCAATGTTTCGCAGGCTTATTAAGACAGCGATCAGTAGTGGCTGGTTCACCGTGAAGCGTGATTCTTGAGTAGGCGATGCCGGTCTTGATCGAGCTAGGGTTCGGTCATGCCCTCTGAACTCAGCGATATTAGGGCCCTGAGTGTGACACTCGTGACTTGGGCTTAAATCTTCAAATATAACTTGGGTTATTCAGACTCACTCGTGGCGGC,1888,49.89,Caenorhabditis elegans
SEQ_608582,GGATCGTGGCATTTTCTGCCTGAACGTCTGTCAGGCCATTCCATTATCAAAAACAGACGCGAGAACTAAACCCTTGATCTGACAGTCCGTTTTTTCCGCACAAGCCCCGGGATAACACCCAACGTAAAAGCCTTCGCATTGTGTAGATCCTGCCTGCAGACTACAATGATAGATGTTGGCTACATCGTGACCCCGGTGGCATATCTCCTATCTCTCGGCTGCGGTGGATCTGGTGAATAGTCACCCAGCGCATGACCCTTTTAAATTGAATATTCCGCGCCCCCTTCTATCTAGCAATCGACCGCGCATAGGGGTGAGGGGTTAACGGGCATTGAACTACAATTGATCTCACAATATGCCCAGCCCACAGTTCCGGGGCTCACGCATCAATCTCCCAGCTGCTCCAGTTCATACCTTTAAACACGTTTGGGCCCATCTCAAAATCCTATTTCGTCCACAGAACCGATACCTACCAGAACAGTAAGGGTCGTTACTTGTCGAGCGGTACATATTGGTTTAACCTTGGTCGCTCCCGCTGCTCGTGGAGGTAATCAGTTGACAATAAGCCCGCGAGCTCATGGGGACCTAACCTCTCGACTCCGTCTAGCTATTAAAAATATGCCTAAGGAAAGTTGCAATAACCCAGTTCTGAAGCGGGCGGCTTGCCAACCATCGGTTTACCAGTGCTCCAAGCCTGGACCCAACAATCTTAGGCAATACACACCTGTCCTTGATCGTTGAGAGCGTTATGGTACCACGACAGCATATAGCCTAATCAGGTGAACGAGGCGAGGTGGTATGATAGCTACTCACTCCACGCCCGCGTTACGGGCCCGTTTTAGCCCGTCACGCGTTTTCAACCCGGCGGTAAACAGCATCAATACGCGGTCTACATGAATATTGACTGGCTGTCTCCTTGGTGTCTGTCAGCGGCCGCCATAATGAAAGGACCTGCTCGATATCGAATCTAAAGCGGTGGGCGTCCATCTTCCTGAATTCACACGGTGGGCTCGCCGCACTACATCCTTTCTTTAGCTAACGTGACCTCTTAGCGCATAGTCCATGGTTTCAAGTACCCCTAAAGTATATCAAGCTAATTACGAATGGCACCGGCGATTTATGTAACTCGTCCACAGTAGTCCTGACTAAGGGGTAGAGAACGAAAGATAAGGTATGCGCGTGGCATAAGAGGCTACGCTGTCTAGCAATCATACCGGGCGCCGTATATGAAGGAAAAATTGAATGAGAGGCCTCGCTCCAGCCCTGAGATTACCAGGCTCTGCCACAGTCGGTGTATAAGTTGTGCGGAGGATGGTTTGTTCTGTTCTGCGATTCCTGAATCAGCAGGAAATAGACATAAGATTTGAGACCGGAACCGGCCCTGGGGCTACCGGCCCCCTGGTGTTCCGGTACCACATTGTCAGCAGGCCCATCCGAAAGAGGGAACGTTAGGAAGCTGCGACGTTGAGCGCTCCCGATAACGACTAATAGGTCATACGCATCAATCAACCACGGAAAGTGAGTCAAATTCCTCCATTGTAAGTGT,1546,50.65,Homo sapiens
SEQ_701154,CAAGCGTCGAAGGACTTTTTATCCTCAAAACCACCTGGGTTACGATTGGTGAGATCCAGACGGACTCAGGCGCTGTCTAATAGTGGCCGCAGCCCTTTTTCCTATCCCGTGTCGGCTAGTTAATGGATTGCTTTCTGGCCGGATAATAGCTCCCAAAGTGTCGTTAACCCCTCTCCACATCCATGTGCACTTACGACAAGCGGAGCGGCTGTATGTAGTGATTTGTCCACACCAGATCTCTTTGAGTCTTATCCAAAAGCCGCATACGTTCTCGGCTAGACCTATGAGGCCGACAGGATCACCCTATAAGTCCGCCATATTACCCGACACACCGTCTGGATCACGAGCGAGCCCGTAACGGCTGACACTCCCAACGGTCAGGAACTCTTGTATTAGAACAAGGTCTTAGAAGTAAACCGGGGTGTATTTCTTGCTCTTGCAGCTGCTACACCGTGGTATGCACTCCAACGGATGCCGTTCTTAGGAGCCCGTTAATACTACGAATGACAGTACATTACCCATCCACACAAGATATCGCTAATCCAGCCTAACGAATAGTGTACACTATGCATGATGGCCTTGGCTTTCTAAGTGAACGCGGAAATGTGGCTTCCATTACAATGGGAGGGCTGTGTCCGAGGTCTAGCGCCATGACGTTCACCTGGGCGGCCTCAAACCGCTAGCGCGGGGTGAGGCTATGCCATGTGGCTAACCGAAGTTGTGCGCACATTCCTGGTCTTTTCAAGCCCCGACGGCTGGATATACCTCTCGCTTATGCAGTAATTGGCCGACCCGCGAGAGATGGGTAACATATGCCTTTCCATGGCTGACGAGCACTTTCGAATCGTCGCGCAGAATCAAATTTTCGCACGTGCAGAACGCTGGTGGCAAACACGAAAGGCTGCACGAGAATTCGGAGCCCTACGTCCTTTGTCAATTGTACAATTAGGAAAGTTAACATCTAAGCAGTCGGCCCGGGGAGAAGTAAAAAAACACTGCCCTTTGCCTCACCAACGGTTCTTAGTCGGAGTT,1032,51.07,Mus musculus
SEQ_891899,TTCCGTAGGTCGGACTGCATGGACACAGGCAGACAGTTCCCGAATTCGCAAGCTGGTTTGGGCGAAACGGAGTTACTGTTGATACCACGCTAGGCGCGGACAGTTGACGTTAATTCGGGAGCATCTCTAATGAGCTGTTCCTTAACTGAACGTGGACCGTGTAGTATCATCTGAACTCAATCCAACTGAGGCGAGGACAAAAGGTGTATGTGTACCATGCAATGCTCTAGTAGTTTACTATCGTTAAGCCGAAAGAGGACGCACGTAACAGCCGGACACCTCTGAGAAGTCCAAGGAGGCATCGCGCTTAGTAAAGGTG,319,50.16,Saccharomyces cerevisiae
SEQ_843475,GAAGCAGACCGTGTCCAAGTTAACTGAGACAAAATATTCGTCCGCGTTACCGCCGTAGCTTGTCACCTGCAATGTGCCAGTACTCAGGTAGGTTCGAAACCGTCATTAACTAGTTCTGTGGAACAGGGTCTGCAAATACGTGCATCGAAGCCGCACTATGGTATGATATACCGCCTCTGCTATCGACCGCCACAGCGAACTAGCAGTCCCCATTACCTAAATTTTGGATGTCCAGCGAGGCTGCCTGCAGTACGGGAATGCCTTCCGTACAACACAGGCCCTTAGGTTCCGTTGCTCTCCGTATCAACAATCACCTGCATGTGACAGACAAAGATTACGTTCCTACGCTCGGGTTGTGCTCATAGTCTAGACCTGGGGGCTGAGGGTTTCAGAGGAACTAAAACTACCGCGTGGTGGCCCTCTGATATGATCTCTTCGTAATTAGGATTCCACTCACGGACAACAGTTTTAAAGCTGGCCGTGCGGCCGTCATTAGTCTCTGTATACTCGAGATGCAGACCAATGATGCATTTATCTCGGCGCCTTGCCCACTCAGCAAGTATGAACTAGTGATTACCGTTGGGAGTCCCTGTAATTGTACGAAACCGGTATGATATGAAACATATATCGCGTGGAGGCCTTAAGGGCTTGCGGAGGGAGACGCGCGTTTGCTCGGTTTGCGTTGAGGCCTAAAAGTGAGAGTTCGCTGAGCCAAACTACCACCTCCTCCGTGCGAACGGGACTGACCCTATAGTATTCGCCGACGCGCGGTTCTATACTAAACTCGCGAGCAGAATTCTCCCCAGAACTTTCATGGTGAGGGGAAGTGCCGTAACGCAATATATTAGACGATTTGGGGTGGCACATTAACCCTTTCCTGGCTCTTCGCCTACCGTATTTTGATCCCGACTACTCCATAGCCGATCGACTTCCTGATTCCCGCTGGTTGGAACAAATCCTCTCTGAACGCCGTCACAGGGTCAACGAAAAGTGCCACGTTCGACTCACACGTAGGGACGTAAGGATACTGAAAAACTCCTAGAACACCCCTCCAAAGGGCTATGCTTCTGACTCCACTGGAGGCACCTAACCAAAACGGACTACAGCGGTAACCCCGCTTCAATCCAGTTACGATCACATTTAGCACACCTGAAACCCGCCTAACGGATTATATTACCCCCGGCGAGCTGCCGCTTCATACGGGTCGCACAGTATCGACAGTAATACCCTCTGCAAGTAAGTCAGGATTCTCACCAGGCCGCACGAAATGACCCGCCTCCCTTCCCAGATAGATAGTCGATCGAACGAGTCTCGATATAGGTC,1323,51.17,Saccharomyces cerevisiae
SEQ_241660,CGTTCTAGCGCTTATAACAAACCAACCACTGGGTCGGCCGTATATACATGTTAACTTTCCGAAGCCCGCTGGGTCCGAGGTAGACCGGATCTCTACACGTCATGACCCACGTCTACTGACGACCTGTACACCTGTCCTTCCGGCCGATAGCAGTGGCGTCAAGGCCCCCGGAATCATCGGGTGCATCATTCTCGGTATTTGGGAAGTTAGAGCTTCCCAGCGCATCATACTCCATGTGAAGAAACGGGAGTCCATACCTCTTTTTGTGTAACCCAGTATGGTGGCGAACGACTAAGGGTGGCATTCAGTCCAACCCCTTCAGATGTGTCGACAGGGCCCTATCAATATACCTGTAAACACAAATCGAGGCCGCCCACGAACATATGATCCACAAGAGCATGCTAGTTTCTATTTTAACATCGAAATTCGCTTACC,435,50.57,Saccharomyces cerevisiae
SEQ_905943,AGCAGCTCGGCTCTGCTACGAATCGTCCTGGCCCGCACTGTAAAAAGTACGGAGCAACCTCACACAATAGAGATAGTCGTTATGCCCAGACCATAATAGCGTTTAGGTTTCGTGGAGAGTACCGAATTGTATCTCTTTACCAAGAAACGTATTCTGCACTTGCTAGAGGCGAATCGTGTCCAGGTACTGACTATACCGGTGGCTGACGAGAGCTCCAATCGCGCTTAAGGCCTTACCCGCTATAAGCTTATATAGGACGTGTAGACGCGCGACTTGCGATAGAACAGGACTGCCTTGTTCAGCCTTTGACTGAAGCATGGACGTTTATCGGACCAATACTATGAAAATGTGACGGTATACTGGATCTATGACCGGGGACAGGAGTTCAAGACGATTAATGCCAGGTTAGAGTTACCCAATAGTGTAGTATCGATTCCCCAGCGTATGTGGGACGTGGATTTCTCAGGGCTGATGGACATTCTCCCAGAAGCCCACGAGCGCCTATACGAGGTGGTAATAGTCGTTGCACTCACACGCTAGATGGAACTGCTAGCCGGCTTGTAGTATCTGGCACGGATGAGAATGGTGGCCGTGGACCGCCCGTGATCGCTTGGCTGTCGCTAATTTCTAGTGCTGGGACGCCGCAGAACAGCGGGAAGAAATCACGCTATGAGAACAACCTGGTGGAAGGACATCGAACCATCGCAAATGAGTTCGGCGAGGGCGTTTATTGGGACACACGACTCCAGTTTGGCTGGTAGCCGTGATATGCAAATCGTCTAACGCTACCTCAGTCTAGTGCCAGACACTGCTTGCTTCACCGCGCCCAAGCGCGATAACATTCCCGGTACACGCATGCAAGAGCATCCGCGACTTCACGCGTCGTGGCACCACGTATGTTCGATACCGTTGCACCGGGTGTTGTAGCCTACAACTTCCTAAAGTCGGTGCATAGGCGTGTGATTATATCTAGCATGTTGCATAGCCGCATAGTGACCGCAAAAGTTTTTTGGTTACGGGAAGTTTAGTGGTCGTCCTAACTGCATTCTAGCAGATTGTTCCGTATGTGGGCTGGAGCGGGAGCAGCAAAATGCAGGGGGTAACGTGCGCGCCCCCGTCCCCAGTACTTTAGTTTACAGACAGTTTAGATAACTGAACACTAAGGATGTCAGTAGCCATGCTGTCTATTCCGCGGTCCTAACCCGACGTTTACATTTATCCTGCAATGACGTCACGCTTCCAAAGGAGCCTCACTCCTTTCGGTGTCCCGGACAATAACGTCTGAAAAGCGTGTCCACCCCGCGCTAACCGTGGGGGTGATAACAACCTGTAAAGGTGATTATGTAGCCAT,1351,51.15,Escherichia coli
SEQ_207137,GCAGCAACCGAAGCTTGGACACTATGTCAGTGCTAAGGTGTAAGATGTGGGGTCCGCGATTAATCTACAAATATGAGATTTTTCAGTTGGGGGTTGGTTAGGGTGTAAGATTAGACGTGTTGACACATAAATAAATAGCTTCACCCTTGGCCCCTGCCATCGTACGGCCGTGTGCGCGTGCGAACAAAAGTTAGAGATTAGTATGAGGACGGTAAAAAACCGTTGAGGATATCCCGGTCTAGACATGTCTGTGTGGCTATACCAACAAGGCGTACTAGCCTGAGCGCACTCACGACTCCCCAGCGTCGGCGAATCCGGCTCGGGGAAATGATATCGGGAGTTTTTGGCGACATATCTGCCGCCTTATTCCCTCGAGTGATACGGTACTTAGAAGTTCAGTCCTAGTAAGACGAAACAACGGTGCTGGCCTCGGATATGGACGTAACTGAATGACAGTGGATGGTATCACCTGCTGAGTCGGCCTCACTTTGGACACTGTGTATACTCGTATGCGTCAACCGTCACCTCCTGAGCCACCTGTTCATTGATGCAGTACGCGGGCTGTCTAGTGTGTTGCTACTTGAAGTCTCTCTCGGGCTAATAACGCTCCCGTCCAAAAGTAGCATCCCCAGCTTGTGAGTTGTCTTCACGGATGTGGGGGGGTACACGGTAAGAAATAGGGGAGGCCCTTATAGGGTTAGAATGGAGCCGTTTAGTGAGCTTGGCAACCACCTATTCTTGAAAACCAAAGTATATGCGTGCTCGTCTACACCTTCGGCCCTAATTCCCGCATGGATGATGCTTGGCACGTAGTGGCCCCTGGAATGCCGGGTAGCAGGCTGCGGAGGGCTCACGACCACAGGGAACGGATAAGATAGGAGCATTGACCGGCACACGAGTAGTGTTCTTCGGGGGGTAAAGGCTTTACAGCTGGCCCCCATCGCCCTGCGCCTAGAGCATGCCCAAGCCTTTAGATACCACAAGGGATCGTATTATTTTAAAACCTGCCCCTTTCTCTAGCATCGCCGGTTAGCGGCTCCAGGTCCCGGGAGTGGTAGGAGCATTAAATTGCCACACTCACTGAGTTGTCAGCCACACCGCCATCTCCGATCATGCAGGCTGGTGATTGAAACACAGAGCAATCGCTAACTATCAGCACGATGGATTGTCGGATTGCTAAATCTATCATTCGAGAAGATCGCGACACGCCAGCTCAAGAGCCTCTAGCTTAGGGTTACGATCTACAGTAGGAGCCGAAGATCCCCGTAATATTTTCCCGCCAAGGGAGCCCTGCAATGCAAGGTTGCTATCACTTAGCCATAAGTTCCATACCAGAATCTTTTAATAGCGCGTTGACCGGGCTTACGATGCTTACTTGTTAGTTTAACATATAATCTGCTCCAAGACGCGTAGGCGAACCACCGAGTAACTTCGCTCCGTAGGACGACAGACTTGACGTAGAAGATATGTAATTCAGTACATATAGCGCTGCAAAGCAAATCACGTTGCACAATGGTCGATGGCGGCCGGTCAGGTTTCCCTGGCGA,1547,50.94,Mus musculus
SEQ_552141,TGTCGAGTGGGAGCTTAGATTCCCCGCCCAGCTCGAGAATGGTGAATCACTGCAATTACCCGATAGTTAATGGTCATTCTATTCACACCGCTTGTCCGGCATCAACCTTGACTGCAAGCATCTTCCCACTGTGCGTGTTTTCGTCAACAGCCCGGTGACCTGTATCGATTGGAGGCTTCATAAAACGCTTTTCTATCCGATTAGATAGTGTACGTGTTTAATCACGCCCGACAATATACAGTGGAAGCCACTTGGACCCTGTACCCGGGACCTTGCAGTGAGTCGGCATAGACCCCACACCAACCTAGTGGGGGTCAATAGTACCGGGAGCACGGCTTCGGTTCCTCACAAAAACGATACCGAAGCTACCTGCTTATTCGTTCCTTTGGAGCGCCGGCTTCACCAATGGAATATAGCACTGAAGGTGAAGATAATCGAAACGCATCACGATAACGGACCCGCAGGACGCTAACCGATGGTTTCACTAACCCAAGTACCATTGGCGGAGCTATGCGCCGTGTTCATGTTGATTTTTTATTGCCAGAAATAGCCGATTAGCCTTAAACTGCCGCCACCACTCGTGAGTACCTCGCTCGCCGGTAATCTACTTTTTAAAGTCACACCTTGCTACGCTGGCCAGCTGGCCTAGACAGGCGCATGGTGGGTTGAAACCCTTTACAGAGACACGCGGAGGACTGCAAGTTTCAGCATCCGTAAGAGCTAACGATTGACTTAATGGGGATGCCGGCCGGTTCGGCCATGCGCTCTTTACGGAATGGGGTTACTCTAGAGTGGAGAATTCCACGGTAAAAGCATTGATGGGTTTTTATAGTCTCGATTACGTCCACAGTGTAGTGTCTAAGCACGGAAACTCGCAAGTACGAAGAGCCTTGTAACCGGGATTCAAACAACCATTGCAGTCCCGGCCTCAACTGTAGGA,940,50.43,Homo sapiens
SEQ_562139,ACAGGGTTGCCAGCTCAGCAAAAACTATACGTAGACATAACATTTGCACAGGGACTCACTGAACCTTCAGGCCTCGGTACCCGGCTCAGTACTTCAAGGGACCCCTATTCTTGGTCATCAATACATTTGACAAAGTAGAACGAGCTAGGTATAACTTACGGCTTACCATATCACTCACGTGACAATAGGCGGCAGGATCGAATATCGCTTTATATTAAGGGCAGTTTACGTGGCCCATTGACAGTCCCCTCAGGTACATCTGTCGATTCGTCTTAATTGACAGTTAGACCGCCGCGTTAGAATGTGCTTACACTAGACGATCGTGCGGGTCAGTAGTGCAAGGACCCCGTTGCAAATCGCACGGTTGCATCACCGAGTCCACGCCCCAGAAGCAGACACAACTCCCGTCTAGTCTTATCCTGACTTTTTACGCGTATCCAGTTAAGCCTTGAGTCCCGTTTAACTGAGGGCCCGCTGCAGTACTCTCGGCTCGGTACAAACAGCACATAAGACACAGCAACAAACGATTCCACTCGGAATCAACAGACGCATAGTGCTTTTGGTGGCCGGTTCACGATGATATTTAAACTTCGAAGTGGGTAGCCGTCACTGCGACTATCCTCTGGGAGGAGTGCAGGGGGAGGAGATAGGAAAGTGCACTACTCTCTAGTGCCGACCACGACCGTATTAATTAATGTTTGACATTACCGACACTCTCCTCAATTGGCAATCATCCGGCACACAACGCAGATTAGCCCCCTTTGATTCATAGCACGGAGATAGAACCTGAGTTTCGCTCGGGTGTCTGGCAGTGGTTGTCTAAGAGGCTACCCTACCAGAAGTATAAGATTGATTGTCCTAGCAATGAGTTAGAGTACCCAGTACAGAAAGGAGTACACAAATCCGCAAGGCACCAAAATACGGACCTTACTTAGCAATTAAAAGCGGCGAGAAGATACAAGCGTTGGTATAACGGTTTCTGGGGCCGCTTCTTCTCTAGAAGTCCTGACCCCACCCGACTAACGGTTGCTGTAATTACAGGAGCAGTTCTTCCAGCGGGCCGGGCCAAGGATCTCAGGACTCCAATTTTTGTATCCAGTCAGATCTCTGCGCGATCCGCGGCGTATCCATTCCACCTTTTCTAGGTACTTACCGTTTATGACAGAATCGCGGTTCTGTGGGAAACGGCCAGTGCTAAAGCGCTTATTAGCAACAACTAAGAATTCAAGTGCGGGCGCAATATGTCGAGAGCGCTTGTGATATTGGACGAATGAGTCTATGTAGCATTGACCTCTCATAACTCCAGACCGGGTGGGACCTATGAGACGTAGTATACTATTGGAGAATGAACCATAGGTTCGCTGGACGAGAGATTTGCTAGCCGTTCGCGGGGACGT,1397,49.18,Saccharomyces cerevisiae
SEQ_849765,CCCTTCCAAGTCTGGGTCCTCCGGCCATGAGTACCTCGTCGTGAATCTGACTGGCAATAGTTCTACTCAAGAGCAACACAGAGTCCACCGAGTTTTACGTGGGGCATCGCGTTGTACTCTGAACTGTAGTGAAACCTACGTAGAATTGTCTGAAGTTATTACCTGATGTGGCGAGGTCCCTGAGCTATGATCCAGACCTGCGATCATAGCATGATGGATAGTTGGGGAGTGGCAGTCTAAGCGGGCTCATGGTCTATTACTTACAGAGTCGTTGTATATCAGTTACTTGCTCGGGGAAGAGCGTACCCGGTGGCTGGGTCTTAGGTACAGTTTCACAAGTTCACACTACGATCTATCATCGGGTCACCAACAGTGTCTCAATGACGAATCTTGTCCATAGTGTGGAGACCGTACCTAC,418,49.52,Mus musculus
SEQ_217143,TTTATGATGGCGGCTCAGTCAACATGCCACATTCTTAACGTGCGAATTACGCACTCATACTGGGGGCCGCAAGCTATTGTGGACGGCAGAACATAGTGGTGGTTTTTAAGCAAACGTAGACGCGTTAAATTCCACTATCGGATCACCATCTCACGGCCCCATGCCGCTGTGACCGTCTGCAAACAACCGCGGATTGAATTCAACCATCTAAAAATTTGTTTGGGTACTAGCCCTCATCCATTGGGTGACACGCAGCTAGCCGGCCGAAGTTCATCACAACTAAAAGGATCACCACGATGATTGCGCGTTTCTAGCCATGACTACACTAGTTCCCCGAGGACTCTCTGGGGGCCTTACTGGTGTCATGTCCCACCAAACTTATTGGGGTAGAAGTGCAAAAGGCCGGGCCCGCAACTCAATGCGTGGCTGACGCTCCACCCCCATGCCGTTTCGTTTAATTATCAACGATATCGGTTGTCGGGCTGTAGGTGAGTGGCTAGAAGTTTGATCCTAGGCGTAACCTTACATTGAGAAAAATTACGTTAGTTCTATCTCTCAATGAGTATGTCTCACTGTCGATTCAATAACAGAGAATCACAGTCAAGGTGCAATTCGGACCTTCGCAGAGTACATACAGATTTCTTGCGAGCGATCTACGTGGTCTGTTAGCGAGGAAATACACCCCTGCCGGGACCGTCTATGTCGGAGCTGTCCTTTACGTGATCCTCATCAATTATGTTTTAACAAACAGGAAAACAAGTACGAGAATTCCGCAACAGCTTAGCGACAATGGCACGTAGTTCCGCTACCGGGCTAGGTCAAACTAGCTGTAAAGAGAATACTTAGGATATGGCATCTGTCTACGTACAAAGTAGTCAGCTTGTGGGAACAATCCGTCTTGCTACACCTGGTAATAGTCGATTCCGGGGTTGATCCCTATTATTTGTTCAGGTTATAGATGATCTAGGGACCGTACTGGACGCTCCATACTCTGGTCAAGCCTGGAATTGGTTCTACTATAACGGAAGGAGTTT,1034,47.68,Escherichia coli
SEQ_871902,CATTTACTGCCGGGATGGCACTCCACTAGTCACATGTTCCCTTAAACGTGCCTTGTGAAATACCACACCGATAAGACAACATAAGTCAGATTCCATGCTGCAAAAGTACAAGCCCTTTCACCCACTAGCTGGAAAGACCCGAGACTACAGATGTATATAAGTATGCGCCCAAATATCCATTGACTCAGATCAGTACGCCTACAATAGATTTTTTGCCGTAATGAGCGTGCACAACTTATGGCCGCTAGTTTGGTAGTAGGGGCAATAGTGATTGTGGCGATCCCTATACGGGAAAGATTTTGGCAGTTGGATGCGCCGGACACGAACCAGTAGCCCCCCAGAGAGCCGAAGCCCTGCTGCGACATGCTGTACATCATGGTGCCGACCAGGACAGAACGCAGTACTTCCCTGCGTCCGTCGAAGGTTAAAGCAAAGGAGGCAAGACAACCGCGCGCTTGGATTATCACTATTCACTGGATTCGTGTTATCAATCGTCGTCCGTGGTGAACAACTCATTGGAGGTCAGT,527,49.34,Arabidopsis thaliana
SEQ_636190,ACAGCTCCGCCGTGAGATCTACGACGACATATGGGCATAGTTCAACCCCTCACTTCCATCATCGCTCCCGGTGGCCTAATTAGAGCGTAGAATTCGGCTATAGTGGGCTCAACTGGGCCTGGTTGGCGAACCCCTTACGGTGAGGCGACCAGCGAAATGGCTGTTGCGGCAACGGAATGATACACAAGTGCACTTTATTATAACGTAGATAGCGCTATCATGGACACTGATTACCTACTGTATCTCTAAAACACTATAGAGCATGCGCAAACATCAAGATTTTTCCGACGCGTCAAAGTGAAACGAAGCTGCACTCAGCGGGTCGCTATTCGCTGTGTCCAATATTGAA,349,49.28,Arabidopsis thaliana
SEQ_360715,TTCCTTCAGTTTCCGAATTTTGCTACCTCCCAGACTCAAAGAGAGTGCTTGCACTTTTTCCAGCCTAACGTCGGACCTTACTTCATGGTATTCAACAGGGACGGTTACAACCAAGGCGATCGATTATTTGTCTAAAAATCTCCACGTAAATAAAGTTTTGTTATTGTATACTTTTGCCTTTCTAGAGAAGCCGGTTGAGCCATTGCGTGCTGACAACACCACCCCGCACCCCGGTAGCATCTGCCTAACCTACACGGCACCATGCTCCTAGGGGGAGGTTGTCGTTGTAGGGGCTTAACGCTCCGAGCTTATGAAGGTGATGCTACAGTCTTCGACTCGTGCAGTAGGTGAGGCCCCTTTGGCTAGGCAGTATATCAAAGCCCCACCTCAATGGGACACGAGTCCTGGGGCAACGCGTATGGTTACTACTCGTGCAGGCTCGCATCGACCGATGTGCCACTTCTCTAGGGCGCGGAGTTTACAACGAACATGATGATTATACATTGCAGGTTGGTCTCCATCCTCTTACGATGGACCTGTTAAGAACTTTCTCCATATTCAATATCTCTCCGCCATATTGTTAGTACTTCTGAGCTGCCTACGTATGAAAAGAAGTCAATCATCGGGACTACGATAAGGTCTATTGCAAAGGCTATTACTGCGCTACTATGCCCTGAGTTCACAAGGTGACTTCTCGAATACCAAGCCGCATCATCCGCGATGAC,725,48.41,Drosophila melanogaster
SEQ_107652,GCAACCACCTGGGATATAGCGTCGCGCGATAATTTACCCTGAATCTCTAGACGGTTTGTAGCTGAATATTATTTTTCTTACCGCTTGGTTTAGGACGCGTGCTCTCTACCGTATTACCTTGCGTCACTCGGGGGCCTTTGGTTCTATGAGAGCCATCAAGATGGCTGGGATTCTCTGCATTTAGCGGTTCACAGTTCGTATGGCCCGGGCGATAGTGGACGGTCGACCATCTCTCAGCATCTCGCATCTCGTGCAAATGGGATGCATTCCCGCCCTTCATATCAAAATTGGCATATATATTTTAACAATGTGGCTACACTACAAATGTTTGTACCCTTACGAGGAGCCATTGCATTTGGGTGCCGATTCTGACTGGGGGCCTGCTTCAGATTAGAAGGTGGTTGGCGTTGCACTCCGAAAGACATCGTATCTCTGCGGGGATGACCCAAACGAATAGGGACTCCAAACTCACCAACTAATATTTGCAGATGAGGGATACCCTTCGTCGGGAATATGTACGAGTTCATTCAACCATGCCGGCATTTAAATTGATCTAGGAACTTCTGATCGGACAGCACAATCGAGATGCGAGATACTGCGGTGATTATGCGAGGGATGATCTAGCGGGCTGATATAAGTAGTGGGACCGTGCGTGGCGTTGGCGAAAATCCGGGCCCTACAGCGAGACAGTTGATTGAACGGCGTTACCATCTTCG,716,49.16,Arabidopsis thaliana
SEQ_908710,ACTATGTCCGCCAGGTCTCCGTATGACCCCAAGAACTAAATGTTGGTCTAGAGCTTAACTCGTTTCCATGGTTAACCATAATCAACCGCGGTCATAGGAGTGCTCACGCTTCAGCGACTTTTAACTCGTAGTAAGACCATCACTGGTCGGGCTCCGCTCCAATACAGGAGCCCAGAGTGAGTCGACCAGCGAAATGCCCGTCGCCGACCGAAAGTGGTAGCCTGAATGCCGACGCCTTTTCAAATGATGCCCGATGACTCCGGCTGCGTCGCTAAATTGGTACCCTGCCGGCGGCGCAGGCGATGTGCGCTGATAGCGACCGCTTTGTTTTAGATTAGGCCATGTGGTAGTGTACAAGTGGGGGTGCGTGAAGCGCATTACCACTCAATTGCTTAGAGGACCACGGCGAGAACCTCACATTTAGTGGGCCCCGGGTATGATCTTGTTCCACATAGGAGTTGTACTTACATCGCGGCACAAATCAGGTTCCCCCCGGCCTCTATGAACTGTCTCCGACTGGGAGATGAATAGTCCGGAGGTACAGCAGAGCTAGGCATGGTAATGGCCATAGCGAACCGTGAGAATGTCACTTAGTTCTAGCTCGCAAGCTGCGCCAAATGCCTACCCTGAGTGGTCGGTGTGCCAATCAGCCGTGTTCGATTCCTTAGCTTTTTAGGCTTATCTGTTTTGGATCGAAAACCCCACTACATGTTGGGGCAGACCAGAATAGGATTAGGGCCTCCAAGATCACGCCGTCCCTAGCTGCTCAGCGCTTCAGCAACAGGCACACGCTGGTTCGAAGACCACAGAACGCCATAGCGACTCGCACCGCGTACAGCAACAGTCGTAGAGA,853,53.58,Mus musculus
SEQ_970319,TAGTGCGCTATTTCTCACAGGGCCCTTGGCTTTGCGCGCCGCGAGCGGGCTAAAGGTATCACACTCTCCTTAAGTGTCGCTACAAGCCCGAGAGCGTAAAACATGCGGCAGCCCCCGGCAGGTATGATCAATGAGACAGGAAACCCGTGTTCTGGGGACGACAAGCTGAATTTCAGATTTTTCTACCGGAATGTCCTATCCTCCTATCACATCATGTTCCTTACCAGTACATTTGCTGACTTTGGGCCGCTACTTGTATATATAACACGAACTGGCGGATCAACCAATTGTCAGCGCTACGATCCGAGCATTAATAATTTAGCGAGTGAGGGAGGACGTAGGCTGGGTGTTTGCGCCCCGAGCTACTTACTCCGCCGTCACGCGCGTTCCAATAGTGCATATAAGCCGATTAGTGGTTTATGCATAGGTCCACTCTGAGGTAGCAGTGCACTGCTCTAGGGTCCGGGCTATGTGAGCCGAACCAACCTTACGGTTCTATATCGCATAAAAGCCGAAACGCAAATGTATGTGACTAGTGAACTTAAATGCCGATCCTGTAACTTATGCAGACAGTCGTTAAGTCAACAGGCGAGGCCCGACGAGTTGTTAGCTAGGTTGGGCAATCCCAATCCTAAAGGGTACTATATTACTTTTGGTAGCTAATCTCCCGCGCCATCGTACCATGGTGACGCGGGAGTTCATTTTGCTATAGTCGACGTCGGCCGATGGGCGGGTGTAAATTCGCGGGCCAATGACGCCAGGGGTCACACATTCTCCTCCGTCAGGGAGAATGATATTGTGTATGGTCCGGTCCCGGATTCTGTAGCAGATCCCTGTCACCTGGATTAAGATCCACAATGTACCGGACAGTATCGCGACCTATGTGCATCACGTACCCTTGTCCTGATAGTCGTAACCCGGG,922,51.08,Escherichia coli
SEQ_267046,TAGCACAGACCTACGGGATGACCAATATGGCGTAACTGTGGCACTGTCTTAAATTCTTGTCACCCGATCGCGGGGTACCCGGCGGTAACCTCGCCCGATTGGGCGTGTTAGCAGGGTGTTCCACGTTTAGAGGACTGCTATTACTGGTTGCACCTTACGCTTGACGCCGGCCTCGCCTGTGTGTTAGTGGACCTCCGGAGCCCTAGGTACACATCTGTTGGAGTAACTGCCCCTGTGTTCAATGACGGGCCGCGAGAGAAAGGTAGCTCTCAATCGAAGTGCTACGTTATGGTACCAAACTCAAATTCCCCCCACAACGTCAGGTCATAATGCACAATTGGCCTGAACGGAGGCTAACTAGAACTGCATACATGCACGCTTAACAGGCACATCGTAGGCAGGTGAGGAATCTAATCATTCGCATCTGATAAAATACACCAATATCGGCGGATTACGAGGCTCTCAATCTCTTCCTTGGTGAAGGAGTTAACGCT,494,51.42,Mus musculus
SEQ_577221,GAGTTCAGAGTTCTCACATTCGTGAGCATAGCTGATAATGTTAAGTCTCCTCAGTTCTAGATTGTGAACAGCTCGGGTTCGCCTGCATGATACAGGACTCATACGTAAGTCTACCCGCGCTTGGGTAGTAACGATAAAAAAAATTCTTACCCGTAGTTCTGAGCGTTTACAAAGGCGCTTGCGGTGCGGGGGAGATAGCGACGACCTTGAGAAATATAGTTACGGGAGGATGGTGGATTCGTGCCCCAATGGGAGAGGGATCGCCGCATAGTGGAATAGCAATTTTCTGTGGTGACATCCTTGATTCAGCACTAGATCCTATTGCCAGCCTATCAATTCGTCTAGAAGGCCCCTTTGTTCCAATTTCAAGTTCACATCTCCAATTGGTACCGTTCAAACATATCAAAACATTACGTTACGCGGAGGACATTTGCAAATCGCTGCGACCGCGCACGTTTATCCAATACGGAGACGTCTGCGCGAGCGACAAACCAGAAGCCGTACGCGGGCTGTCGTCTAGTGTGGACGTTCAGCTTCCCCACGCAAATCTAACTAAGCCCTCATACTAACGGAAATAGCCTGCTCCGTCCCGGAATTAGAAATAGGATTTTGCACCCACTCATTGGAACTTCTACGGCACCTTTCATGTATAACAGCAATCGTTGGGGCCTTGATGGCCGAGCTCCGCGGTGCAAGCAGGGTGCGATAATGAATATCACGCTGATCACATTACTACAAAGAACCTGACGGCCCGCTATTTTTTGAATGGCGTTACTCCCTCCCCCGAGGCAAGTCAAAGGCGCCCAAATTGGTCAGGGTACGAATCTCTAGCTTGCTCTTCCTCCCTTCGGTCCTATGGTTTCTGTCTTCGTCACCGGCTTTCGTGAGCGAAAAGGGCTTCATGTATCAGTGTCGATTGCGCGTTTCAGCGTAAATACCGCGTCAGCACCATATTGAAGGTGCCGGTTCTGAAGAAAACCAAGAGCGGGCAACTAGTTAGCTGATGAACCCATGGCAGCTGTAGGGATGGCTGGGCCACCCCTGAAGGTATACAGAATGGCATATGAAGACAGTGTGCTGGTACCACTTATTCCGGCGGCCCTTACTTGATCGACATCCCCGTGACTGGCTCACTTTCATGCCACCGATTCTTAGAAAACCTGCGATTAGCGATGCTGTTCACGGGGAACACGCCGCGCGGTTCGCCCGAGGACGCGTAAGCCGATCATAGATTTGATGTTTGTCTTGTGTGGCAAGACCTGGTAGATACGTGTGCCGTTGCCAACGTGGGCGCATTTTAAAAACAGAGTCCGGCGTTTCACGACCAGCGCACTAGAGCCTGGAATACGAAGGTTGTAGGACGCTGCACCTATAACGTCCTTGTTTACTTAAGCGCTGTCCGCAAATTGTATGTCTATGTGGTTGTAAACAACCAAATAGACCCGCGGCGAACTGCTATGACAGGATTTGTAGGTCTTCACGAAACGCTGCTGTGGCTATTGCGCTGGTGGACGTTGGAAAGCGCGAAACCCGAATTCCACAATTATTCCAACGCGGTTATCGCCCACGACGTAAAGTATTGTTATTTCGTCTTGTTCACCACACGGCCATCTGCGTTCAAGGGGATCCGAAAAATTAAGTTCCACGTGTAATGTGAGACCCGTTGGGCTGCTAGGAAACACCTCTAACAAGGTACTTTGGACAAAGCCGATGTAAGGAGGTCGTACCTCCGTTAGTGTCAAA,1743,49.97,Caenorhabditis elegans
SEQ_445160,GGTCCTCACTATTTGAGCTGACTAAAAGGACTATGCCAAAAGCTCAGGGGGTAAGCCTGAAGAATCATGCTCGTCAGGGTTCGAACCCCCCTGCCATGACCGCTTCGCGCTATCATACTTCTCCTAACTTCACGGGATTATTTGACTAGCGACTCAAGGGTTACAATGCGCAGCATAGCGTCACAGCATTGGAGTTTTGCGCCTAAGAAGACGGGAAAACTTTAGACCTCCATAGCACTTATCACCCTACCGATGCGTGGATGGTGCCTGTGAGCGCCGCCTCTTTCCAAATTTCAGCACCTTGTACTGCCCAAGACCGTATCTAGTAAGGTCTGAGGTGTCACTCTCGGGGGAGCTTTAAGCATTCAGCCATCTTCTGGTGTACGGAAGAGAGCCCGGACACCTCCTAGCACACAGCTCGTATTACCTCGCGTGTCTACCCCACTACCACATCTGCCTCTTTACGCGCTAAGCGACTTATGCAGAGAACTACCAACACGCTCGACAACTACCTCATAGAAAGGACGGTGCGGTCCTAGACGAATAAATGGACCAAGCCGGCATGCGTTGTCCTAAAGAGCTGTGCAGCGCAGGGTTCAGGGTTAACTGTTCCTATGTAGAGTGTACTGGTTTTGACAGTATTTTCACGGTCGCACAATGAGTAAAGTCAGCCTTCTGCGTTCAGTAATGGTAGGCTAGCCATTCCCGAAATCCTGGTCCAAACCATCTAGCGCTGACTGGGAGAGTTGACGACGCGCTTGGGATTAAGTTCAGCAACGCCGTGCGGATGGGAAGGCCCACTGTACCAATTTTGCATCGTTGCATCACTTTCGTACACAAAGCGAGATTGACGCGCACTAGACTTATGTTAAGCGTCGAAAACAGTTCCTACCTCATCTTCCCCGTCATCGTAGAAGCCACGAATCCCGTTGGCATGTGATATCTTCTTTTGTTTTCCTTATGGGGATCGCTACAAGAGTAAGAAACACAGCGTTGAACTGACAAGTCTAAGCCGATGGTTATCGAGTCATAGCGTTCTCGAGGGGGTCCCGGTTACAGTCGAAGTCAAATGAGTACGAGTGGGACCGGTAAAGAACGTCAATCAAACATCATTATAACGGAGAAGTTCCACCGTAAAGAGTTCGTTTGTATCAGGACCGGAGGGCAGGGCAACACGCTAGGGAGGCTAGTCATATCCCCAGGACTTGCCGGCCTATTATAGGTAAATGAGAGGTTCATTGAACAATTTATACGAACCCATATAAAGTAACTCCGATTTCCGGCATCACCAAGCGGTGAGTCCCTTGGTTCCGACTGTGGCTCAGGCAATAACTAGTATCTCGGCATAAACGCGCAGCACGGCGGTCCCGTGACCTCCTGGGCGCTGCGGCGTAATCGTTCATCGGGCAGTGAGTGGCATGCGAGATCAGAGAGGCGCCTTGACGAGAAAATAGCGTTTTAGACAGTGTACTTGGACTTCTTCAAACCGAATAAATAAACCCGTTACGTGGACTACTCATGTTGTCAGGGTGCGTTTAGAATATTATAGTACGTGTCCCAATACGGCGGTGGATGTCCAGACTCAAGGGTATCGTCAGTAAGTACAGTCGTTCGTGTATGAATGTCACGATGCATTTTTAATGAGCGAGTTCTTCCAACGCATCTATTACGCATGTCAGTGACTTGTTTTTCGGAGCTTGTGAACCACTGAGACTGAAAGATAGCCTCAAGTAAGGTCAGGGTCACATTCCTTGGCGAGGA,1761,49.52,Caenorhabditis elegans
SEQ_966108,TGGGGAGAGATTTGATCGACCTTCAACAGTAGCTTCATCATTCTAAGTTCATGCGGCTACTCAAGGACACCCTTCCAATCGAGTACCTCACCGACAGTCGCTGAAACGGTCTCCAATGCTGCACAGCTGACGAGTGTACAAGTCTTCTGGACAGTGCGATCACGGCCTTCTACGCCATCCGAAGAGCCTCATCTCGGCAAGATGAGGAAGCTAGTCTCGCGGGGGCATAGCAGTAACCCACTGGTTGGGGTGCGACCGGGGGCACGGGTAAACAAATATATAACTCCACTGGACACTGTGTTTTCCTGATTGAAAGGTCGGGCCCATCGATAGCCTTGCTCCGAGCTCCTAAATCATGAAGTGATATCCACGAAAAATTCGCCCGGCGATACCTCTTGCTCTGTGTATCAGCTGCTTATTATAAGGGCGACGTTCTCTCCAGTGGTAATAGCTTCGAGCGTCTGGACCAACATTGTGACCTTAACCCCTTGACGTCCAATCGGGCAAGATACACGCGATTTGAATAGTCCCTAGGGCATAAGAACCACTATACCCAATTGGAATGGCCGTACTCACGGGCGCAGCCGTGTCTTGTGACAAGTACGCCCGGATGTAGAGGATTCTGGACGTACAGGCGGATTGAGAAGTAGGAATTAGACCGAAGAGGCTCCTATCACGCGTTTATACATCCGTCCGTGTTAAGATTTTTGCATTTTATCACGTTAACACGGACATTGGGTGGGATACACACGCGTTTCTCCAGGAGGGAAATGAGACATTGATCCTAGCAGTTTTGCGTGCATGTCACATATGCGAGGACTCGAATTGCGTTGAACAACGTCGAGGTCACATTTTTTGCGCGCAACTTGGACCGAGCGCAGTCTTGCAATGCATGAGTCGCGGCTACTCCGCATGGATGGGCATCAAGCGAGCATAAGCTATAACCCACCCCCAGGTAGTAATTTAGGGTTTCCGTATGACATCTCAAGTCACTTACGATTGAGATAAGGACTTTGGCGGATTTGTGCCATGGAAATAAGACGTACCTAATAACTGTAACGTATAAACAGATGTCGACACATCACTGTATTCCCACGTCTCGACCACGCTTCGCGTCACGCCACACGCCGACCGTGAGCAGGTGATCGGCTCCATTTATCGAAAGACAAAGAACGATTTACCACCATACGTCATGCCTTAGTCCACATAAAACATAATTGTGCTAGTCGACTATTAGTAGCCGGCGCGTCAGAGGTCATTGGTTGGTCGTAGAGTGAAGTAAGTTGATGCTCCGGATTTTGGGCTACCATTGAGATTTACTCCTAGAGGGACAAAACCGGTATCAGTATAGCCTTGGAAAGCGCGCATGAAAGATTGGGCCGGATTAGCTACGACCTATTGATGACGAACTGTAAGCCCAATCTAGTGGTTATTCAAGGTCAAGGTGACAGCAAGTTGTCTCGGTGCCAGACTGCCAGGAGTAAGCCCCCTAATAACTCTGAATAAGTCCGCAGGAGCATACACATGACAGTTGCCGCATGAGACAGAGGTACCGTATTGTCATTCCCTTATCAGGCGTACTCTATACACCGTCTAAATATGAGCGTCATAAGTTCACTCGCTTAATTGCCCCTTAACTCTCCTATGGCCAGGAATAAGTAATTCAGATCCTCACG,1676,48.99,Arabidopsis thaliana
SEQ_427469,CGCCTTACTGAACCGGTTTGGCGCTTGCACGCCCTCTGCGACCAAAGGGGAAAGGGTCGGAGCACATCTTTAAGTCGGCGCCGCGACTCCCCGCGTGGCGAGTGTAGCGGGTCGTACGACGCCATACCAGGATGTCTTAAATCGTTCCGTACAGGATGTGGCATAGAATCTGTGGCGCTGTACAACGTAGACCGCATCCATCATAATTGACGTGTTATCAGACGTGTCCATGCTCCGGATGGTAATCTCTCGTGATGTAAGTCCAAGGATCAAACACACCTCCTAATAGATGGGACGCCGAGATGTGAATTTCATAAAATAAGCTTGCTGCTCGTCGTCAACCGGGACTCTGTTGACAGTTTCATCGTTAGGCCGGGCAGGGTGTTAGTCACACCTCCTGAAGACAATA,409,52.57,Drosophila melanogaster
SEQ_758533,GTAACAAAACGACCTTGGGTGTTTCCGCACCCGAAGATCCCCGGCATGGCTCGGTAGCGCTTGGAGGTTTTGGCCTATATCGTCAGTTTCGAACAGGTGGTTTCAGCCTTCGGGTGGTATTAGATTAACATGTTCG,136,51.47,Homo sapiens
SEQ_727631,GACTGTGGCTGATCGCAGACTTTCTCTCCGTAAGCGATCGGGTAATAGGACAATCAGCGCTTATATTGGAGGAAGCTTAACGTGTCCGACGAATCCGAATAAGTTTTGATACGATCAAGGGCATTAACCAAACCTCCAACACGAGAGAGATCCTTTGTTCGAGTTGGTTAGCTAAACATGC,181,45.86,Escherichia coli
SEQ_581551,GCTACCTAACACGTTAAGCCCTGCCATTACAACTCCTGGCTGAGAAGTTTGAGGAGCGAGGTGACTACTCAAGCCCATCGGCTTTGGCCAGATATTTCATCCATGTATGGCCCGAACCAACTATCTTAGGCTTACGGGTTAGTTGGACCGCCCCCCATGCCGGGTAGTCGGTACCAGGTCAGCCTGGAATCCAAATTTGGAAGTTTCCCAGCACAAATTGAGGTATTCACCTTACAACATGATTGTTAACCACCAAGTCCAGACGTCAGCTGACCAGTACTGGGTATCTTGCTCAAGGGGATTCGTCACCTCATGCACGTGTTACTGTACGAGCGGTCCCTAGGATAAGTGTATCTAACACGTCGAAGTGTCCAGACCCGGTTGTATCAATATGAGAGACCAATGATTACACTTAACTCGAGGCAAAGAAGTGTGGGAGCTTAAAGCTTTAGGAGGACTACTTGTGGCCATAAACGAAGCATATTACCCCCAAACAAAAATTTCGATAGCTCACTCCGTGCGCAGGACCTCGGGTGACACGCCCCAAGGCGCGTTAATTCGCTCGCATGACGAGATCACTTCAATAGTACTACGAATTAGCACCTTCCACGAAATTGCCAGCATAGTGTAGTGGAGGGGTCACTTATATTGCCTCAACGCTGCTATACATGTTGTATTCTCTGTTCCCTGCTTTAAGCTGAATTTGTGTCCTTGCATGAGCAAATACGCAATTCGATTACCAGGCACACTCCTTTTCCACTCGCCAACGAGTCTAGGCGGGGGAACGCTGGACTCATACCAAGCCCACCGTGATAAGTACCCAGACGTGGCGGTGCATAAAGAAAGTACACGTGAAGTATATCCCTGAAGCGAAACGTCGTATCGGCTAAC,891,48.93,Escherichia coli
SEQ_561284,TCCGCTCTCCTAGGTCCCATTTAACAATCTGTGGCCTCATGGCATTCTGCATGTTCTTCCATACCACACGCTCTGAAGGGGACGGTCCGGGTGCATATCAGCTAGATGGTAGCGCCGTGCAATCATGCTTTCTCTATTGCTAGAGTTGCACAAGTAAGCCCGACGGTTAAGGACTGATGAGGACTA,186,51.08,Caenorhabditis elegans
SEQ_359815,AGCCGATGCCGGGTCCCACGCGAGGCTGTTGGACGAGAGCGAAAACGGCCGGTTGCGCGTGTTGTGCAAAGGTAATTTAACAGGCCCGGTGGCCGGGGACCGAGAAGTAATCATGGTA,118,60.17,Caenorhabditis elegans
SEQ_234970,AGGCACCTTATGCTTATGATTCGTTTGGTGTCCAATTACCCTGACCGCTCCTTGGTCCGGAACAGTAACCGCTCCATCGCTGGGCGACGGTACCTCCAAAGGCTGGAGCAGCAAGGAACTACATTGCCTGGAAGAAGTATCAAGCGTGCTGACATTTGGAACGCCGCTATTTGGGCCCAGACTTCATCTAAGCCACTGGCAAGAATAGCCTCCACTGAAAGCAATCAAGAAACGAACCATGCTGTGTTCTCCAGCTAAGGTGCAGTCTCTACGATCCAAACAGCTGAGACGGTCCCAGTAGTGGGCACCTTCCGTTACTCCTTTGCGCCCAAGGGACATCGACCTGTTAAACTAAACTCCTAGACGCTTTTCCCCAGCAGCGCCTCAACGTGGCACCACAATTTCGGGCCTTAGCAGATTATGCCACATAACGGACTAGACGGGAGGGCGCACTACGAGATTCGATCAATGACAGGTCGGACAAACAAACTTTCTCCGGGACCCAATTCCCACTTATAAGATCCCCCTGTATGCAAACTGATGTTACAAGGTTGAGTACTTGACAAGACGCTTCAGTGGGCGTTTGGTAAGATTATCAACTGGTATACCCAGCTTTAGTATTTCGAATTATGATTTACAACTGCAGTGGATGCTCCTGTCGGCGGCATGTGAAGTCCTTGCAGTAAGTGTATGGAGAGCCTCAATTGTGGAAGATCGTCCATTGTTAAGGCTAACTGAGATATAATTATACTCGTGGTGAACTACACCGCATATCAGCCATATTCCCGGGTTCTGAGCACAATTCATATACTGTGGCCAACCACGGTTCTCGCTAATCATTTGTGCGGCATGAGTTAAGCCACTGAACCATCTTCACCTCACATGAAGCGACGGCACTGAGAGGCAATAGACGGACCCTTACACCATAAAGCGAACTGGCGTCACTACTTCCGGTGTGAATACTCGCCCAATGTATACGATTAATTGTTCACTTATTGTTTACGCCTGACGACACGCCGAAACTCCGACTTATGTAGTCAGACTAGATGCTTCGGTTGAGGACTTGGATGATTGACGTACGCACTACAGTTCAGGCTTTAGTTCTCTAGAACGCTGAGCTCTCGTCCTGGCTTTATTTCCGGAAGTTTACGCAAAGAGTTCCACCGTACTGTGAAAGGTCGTGAGGTATTTCCTGACATGTCCCCTTGTATAGACAGACGACGTGGATGGATCCTCGGCTGATCAAAGCGAGGTGGCAGGATTGGGCAGTAACTAGGAGTCTGCGCCAGATTCGTGGTCGAGTC,1304,49.16,Escherichia coli
SEQ_569042,AATCTAATATTTGGCCCTATCCCGCAACTGTTTCTTTTGCATAACTGAAAGGCTTTCACAATAGCGACATCCATGTACAACTCAAAGCTTTAGCGACCATCGGCTCTTTACGGGCAGTAAAGGGCGCGTGTTGAGAATCGACTGTAGGTCTCAATGGGGAACTGGCGTGTTGTTCTAACCATCAGCGCGGATTGGTTCACGATGCTGTGTTTTAACTCCCTGGAACGTATGGGAAGATTTATTCTCACTTGTTTCCTGCCTAATTGCAAGTCCACCATACCTAACCCCATAATCGAGCGATGGCTTAGACGCCTAGAGCTGGACTGCATGCTTTTTAGGGTACAATTTTTCTGGCGACTAAATCAATAGGTTTCGAGCGTCTCCAGGGCAAAATAAATAACCTTGCGTGGCATCAAGGCGCGAGGGATGAAGCTGGTTGGTCGTGTGCAAAAGCCGAAGTTTGAGATCTGCGCAAC,476,47.06,Homo sapiens
SEQ_716897,ATTGGCAGGGACCGGGGAGGTGGATCCATCGCGTCACTTCAAATCTCCTGCCAGCAGTCCAACATCAACGGACCTGATATTTGATTCTCCTGGTATTAAAATTCTCCAAGATATTACAATGGGATGGGATGCCAAGGAGGAGTATGTCTCAGACATGTTTTCGCCTCTGTGTAACTAAACATACGTTGCATCATAGTAGCGTCTCTTCAGGTTCCAACCTAGATCTGTCCGTCCAAATCT,240,46.25,Saccharomyces cerevisiae
SEQ_401806,CTCATCGCTGACTGACGCTAGATGCTCACTATCGCAGAGTGCACTGCCGACGCTCGGGATAAAAATTCTTACAGAATCCCGACGGCCCACCGTGATCATCTCATAGAGCGTTCTGAGGCGACTATGGGGCGAGGGCTGGGCTAGCTTCTAATTCTTCGTTTGTTTCGTTGGTTAAGCTCTAGATGAGTGGGTGCACAAAGACGTTCCACACGCCTCCAAGGCTGTAATATGAACGGTTAGTGCCAGTCCGACCCCGGACGCTTTGGCGAGCTACTTATTTAGCAGTTCAGTAAGGCGCTAGAGTGCATTTACTCAATCGTGTCGGATTGTTCTAGGGCCTTTTCGTGAGGGCTCACGAAGTTACGGGCTCGGGATCTACGATGCTCCATTACAAGACAGGGTCGTTAAAGGGGAGCTGATAGAAAGCGGCGTATTCCGGGGTATTTGTGTGTTTATTGCTTTTCGCAGCGGATATGCATAGGGGTCTCGTTGCACCTTACGTTCAACGTACCAGGGTCTATTCATATGTTACGGCACCATTAGTCGGCATGTGTCGGATGACTCTTGACTCTTTTTCGCAGAGACTTCGAAGTGGTGGGGATTGATGAGGCCGAATTAGGCTACTATCACCTAAAGAACATAATCGGCGTGTAGTACTACCTGCAGGCTCTCTTTGGATTTACAAGCTAGGAGGATTGTCCCCCGGACTGCTGATCGCTTGCAGGAACGTACCCCTCGATCATATAACAGAAGATAGCGTATGTGAAGTTCTGACCACTATTCTGGTGGAAGGACAAAAGCTATCCCTACAGCGACGAGAGCTACCGTTCAACCGAAAATGTATACTTGTTGGGCTTCGCTTCGGACGATGCCCGGCCCTGTCTAGACTATCTGACCTCTCTATCTCCCGTAGGTCCAGGACAGCTGGATTTCGGATCTGAGACGCCATTTTACCGCTAAACGAGTAATGTGCCAGGAGCAAATGAGGGACTTGTAAAGTCGAAGCAAACTCTGTATCCCATGCGCCTAGCACGGAAAGCGTATATGCTGGCTACGTTTCATCTACAGGTCACCTACCGGATGATCCCAATTTGGGACGACCTGCTATAGTCCACGCCGTCAGATCAAGAAGCTTTATGGGATGCTTCTACTTTAGAAATTATGATTAAGTTCACGTGCGTGGGGGCGTGATCCCAAACTCTGGTCAGATCTTCGCACACAGGTGTTCTGTGAGTGACATGGGGCAATTGGGTAGAGCGAGCCAAGGGAAGTACCCTTAGCACTGACAGCTGGAGTTCGAGCCTGAGAAGGGACTTTGCACTTAGCGTTGCATAGTTAGAGGTGTTGTTTATTTCTGTGTCTGCACAGGGGATCTCGGAAAGGCACGACTATAACTGCCGCCGACATTATCTGCCGTCATAGTGTGGTAATTAGCCATAGTGAACTCGACAACAACAACTGACGCAGGGTCGTACCATGTGACGGCATCTAAAGCAAGGAGTGTTAATTATCTTACGAGAATGACCATGCCTACTCGCGCCGATCGTCTTTAGTCGCGAACGCATATGCCAGACGGAGGTAATATCCACATAATGCGTAATCGCGCCTCCAATGCATAAACAACGGGTAAAATCGCACCGCAACACACCTGGTT,1654,49.76,Escherichia coli
SEQ_611449,AGGTTGGAATGATAGGGCGAATCTTAGACCCGCGAGTCCCCATGTTGAGTCCTTCACGTAGGGGAAAACGTGATGTGTGGGAGACTACTTCCGGCTACGATTAGAAACGAAGCACTTCGACTCTACAATGTAGCCCTTGTAACACACTCAACGAGAGTAGCCCCTGGGAGCACTAAGTGCGTGAAACTAGCCTTTTTCTCAGTTCGCTGCGCGAATTCCAGTTGAATCAAGGATGCTAGTGTGCACATCGGAACGTTGTAATTGGCGGAACGATCACTCAAAATGCTCTGGAAATTTGAGATATCGTTGGGTACGGCAAATCCCATCAAACCTGCAGCGCAGAGGGAGCTTATTGTGGGGGGAAGAGTCCCATAGGGTGGCAGTCTGTGGGGTATCCTCTGGGATCTAGTTGCCTTTGTAAGCCAGCCACGACTGGCGTGGTCCCCAGTCGTTACCTTGTCCTCGACCGCAATTGACCGACTGGACTGACAATACTCTGTCAATTGTTTGATATCCGAAGGATACGCAGCCTCGGCTAAAGAACTGCTAGTAGCCTAGGTAGTATGCCTAAGTAGACGCATATATATTTGTTCGGAGACAGGGAGAACAAGCATGGATCGATCCATAGCGTCCAATTTAACCATCTACGAGCGGTTCGTGCGAGTGAGAGTTAAGCGGTTTAGCGGTAATGAACCCCGATTGTCACAACTTCAGCACTACTTTAATGGAGCCGGGTCGCACATCACTCGGATCGGCATGAAGCAGAGATAGCCAACGCCAGTCTGTGTGAATTGGCAACGCACCACACACCATCCTCTCTCAACTTTCATCACCAGCAGCCCCGTTTACTATCGACAGACTTCTGTTAGCTCCCTAGGTAGCATAATTGTCGTACTGTGTAAAGCACCTGGCGATTACTTTTCACATAGTGTCCAACATTAAGACGCTGCATGGGGACGGCGTAACATTCGTTGTCGTACTGCTCTAGTAGAAGCGGTCGAGCCCATGTGACCGCTATACGGCGGTGGATAGGCTCACCAGTGTCTATAGCATGCAAGTCAACGGGAACAATCCACTAAACATCGGCATTTGACAAGTTAGTTTGCGTTAACTGAAATGTTTAGACAATGGCCAAAGAGTGCAGTTGATATATCTCTCTCGAACCCACACACGAAACTCGTAGGTTGTATTTCCTAAATCGTGATCACTGCGCCCAACCTAGTGGATTTCATTATGTTACATTTTGATACCTTTGTTGCCCTACCTAAAGATTGCCTCGCCAATTTCGTCTCCGGGCATAGCTACTCATTCATTGTTAATTGTTACAGTTGATGTCAATACCGCTCCATGGCTGTAAAGTCACAAGCAGGCCAACCCTTAAGTGTTGGTGCTGACGATACTACGTTCCAGACGTAAAATCGCGTCTCGATGTCGAAGGTGTTAGCGCCTCAGGGGTACTTGCAGCAACTCGCGGGTTACATCGTTGCTACTTCGCTACATTACTCGGACCCCGGTGTATCTAGCACCTAGCTGCCAACAGCTTATCGTACTAGCTCTCACAAGATCTGATTGCCTTCGCGTTCTATTTACTACTGGCCAATGCAAAGGGGCGGTCATTTGGTTACTTCGCGAATGTATTCGGCCACGGCACAGTCAGCGTCCGGGGGCGCTAGAGATGTCCATATACCCTGCTGCGTCCAAGTTGACAAGCCGCCGGCTATAATACTTGCATAGAATATATTACGGGTGATCAAGGCTTAACTGCTTATCACGGCAGGCGAACGCCTTGGCTGTAGCTCAATACAGGGCATGTTAGGCCTATCTGAGCTCCCCATACATAGTAGCCGGGAAATGCCTTTAGTAGGCAGGGTCGTATTTACTGATATCTTCGCTATCATACGAACTTTGTGGGGACGCACCGACAC,1925,49.04,Saccharomyces cerevisiae
SEQ_420332,ACTGACCAATGAGGGCTTTACGGGCTGGCTGCAAGAACGATGTTCTGTGGAAAAATTCAGCGGCCATTGGTAAATGCGAGAGTACTCGAGACTCCCATCCCGGTGAACACTATGAAACCTTACCGGGCACGTAGCAGTATATTTTATCACCTGGTGAAAAGTACCCCAGCAAACCGTTGATTGCTGTCTGCCGTGGTCTAGTATTCAACTCGTATGGTGAGATTTCCATAATAATACTTAGTCTACACAGCGTAGCATGGACAGGTTATCCGTTTCCGGGATCCTTACTGCTTGACTATACAAGAGCTGCACCTACCGCTTCAAGCATTGCGCTCTGTTCTGCACCTAGTGCGGTAATCTGCTCTGGTAAATCCTGGTATCGACCCTAGCGGTGTGTGCAAAATGCGTGTTTCAACGGCGGCGCACGCTTGTACGGTAAGTGGTCGGTATTCTTCAAAAATACAATGGTCAGCCCCGGTCTCGTACCTGTTCCTATATTCCAGGACAATGTA,512,48.44,Saccharomyces cerevisiae
SEQ_241149,CCTTTTTAAGTCTAATCGGACAGAGCCGTGGTGGCTTTTATACTACAGGTAAAAGGTACCATACTGCCCACATATACTTCAATTACTTTCTCACTGGCCAATTCAACCAGCAATAGCGTCTGATGCCATATGCATACTGGGTTTAAACATCATCTATCTGCACCATCGGCGGTATCCAAGGCGCGTTCAAGGGAAGGAGGATCACCACACCACTACATTCTATGATCAGTGAGTCCCTGAATTAGCCGTGACTTCGAGCCGGTGGTTCGCGAAAGGCGCCGGGGAGCTAAGATCGTCTTTGCGGCCGATTCAGAGCACTAATCATATCTTAGGAACGTTAACGATCTTATGTAACCCCAAGCCGACCGTCCTCCCGAAGG,380,48.68,Homo sapiens
SEQ_317925,ACGTCGCGTTCGTAAAGAAGACAGAGTTACGCAAGAGGGCTTTACGACGGAATTATCGGCATGCTTAAATGTCTAAGATGAACTTAGTGCTGTGGGTTAGTGTGGCCTAGGGTGGAAGTTGGGGTTGAGCGACGCCGCCTCCTTTCCATCTTGACATAATTAAAGCTATATGTACCCGGGTAGACTCTTGACGTTTCCCTTACTTATGGGGGGCGGGGTACTAAAGACGTTTAAGGGTCAGACTTATCGACGAGATGTGACGAATTACAGACAGCCTGTCGGCGTTTCCGCATTACCATGGTGCGGCTTTGAGATAACGCGATGAGTTCGTAATCCACAGATACTCTTCAAATGATACAACTGTCCTCATCTGCAGATTTGCACCTAGCGACAGGCAGAACGACTATCTCGAGCTGACTTCCCATCAGCTTACGTGTGATTGGGATTAGATGCTGATCTAATAACTAGGGATACCCGCATGGATGCGGAGCAAGGGGCGTAGTACATTCCGGATTAGCGAGCGGCAGTACAATGATTTCACGCAATACTGGGACATAAACGGATTTTAGCAATTTATGACCAAGAATTGCCCGGGGGTCGAAGGTTTCTCCTACCGCTCAGCAGTTTTTCACTCCACCCGGACTTATGGCGCTAACGGGGACTTAGCTCCCATCATGTGTGACGCACGCACATCTTCTGTGGATCGCAGTCTCACATGTGTGGTGCGCAGGTGATTAAGATACATGACCTCGGGTCGCCTTGGAGAAGATAGCCCGTCGGCGGTAGGACGTGGGAGTGCGGACCCGATCTGTTGTGATCGGGTGCTCTGATAATAACGTCGGTCATGTCGGGGACGGCTGACACTACGCTGATACTACCATGTCGCTGCTGAACGTACTAACGTTAACCAATGTCTCCAGGACACGCCTACCGCCCAGAATCGGTTCCTACGGATCTTATTTTTACTAGAATTACTTTCTGTACTGTTTCTTTGTTTGGAATTCTGTAGGGCGGTTACTGGAATGGCCGGCCCTATTACAGTATATGAGAAAGAGCTTCGGTCTCCGCGTGAAAGCCGTGCATCTCCATAGAGTCTGCTGCAGAGTGGATGGTAGTATAACACAAACTTGTTGGGTGGTCAAGATTTCATGGCCACGGCTCTCCCTTAGTCAGGATGTCGTGGAGGGCCCAAGAACTGTCTTCGCTTCAATGATCTGGGGCCCCCGTGTCTACCCACTCCTATAAAGAGCATTGCACAGTTAGGTTGCAGAGGTACGATGCTCCTTACTCTGCTACGTTCGCAACGACCATCTAATCTTTAAGTGTACTATGCTTGGCCGCACACGCGTGGGCCGTCGCACCGGACGTCCGTCATCACGGCCCAATTCCGCACCCCAGTCGTGCGGCATGTAGTCAAACCGGGCCCCGTACTTCGCACATGCGGAATTATCTAGGACCCCGCTATTAACTTTCGCGCTATAGTGATGTTGGATTGGGCTTGTCTATGAGCTAGGTTACGTATGCTCACGAAAGGAGCTAAAGGACGGCGGGAAGCACATATGGTGTAGTTGTGTGTCCATCCGAATAATTTCGCGAGCAAACCAGATCGACGGGGTGAAACGATACATCCAAACTACTCCAAAGCCTCGCGTAGATCTGTCGCAACCGAAATTTCAGCGTACTTTCGTAGACAGATATTCTAGAGTCCACAGTGCCAGCAGTAAGAATTAAGCCGGAGTAATAGGTGAGGTATCGTGACATAAAATCGTACCCTCAGGTTGTGAGCGTTTATACGATAATACCAAGGATCATGTCAGACCAAGGGCCTGGCCAGACATCTTGATACGATAAGGCTAGACGTTCTAGAAATTACCTAGTAGTTATCACGTCAGAGTGTTGAACTACCTTCAACCCGACTGCGGCCAAATAGTTTGCACATGTGCTGTGGACACGAGAGGCGC,1961,49.92,Arabidopsis thaliana
SEQ_822631,CCGGTATCATTTCTTGCTCGCGTGCGAGGCATCCGGTAAAACCGCTTAGTGTGGGCATAATCCCGTCCTTCGATAAGCCGAAGTTGATTTCGCAACGGGATACGGCCCACATGTCGACTGGGCATCAGAATGTTAGTAAGGATGCGTTTCTCATCGGCTATCAAAGCGTACTGCTGGAGCTCGAGGCTTATACACGACTGTATGGCGGAGTCCATGGATCGTCACACCCCGCGCCTTGACTGAATAGTTTTCCTAGATTCAGGTTAAATGGGAATACAGTGACTTGCGGCGCAAGTAACGGGCCCGTTACCCTTCGCAGTCCTCTAACTGCTGGATAACCACTCTGTAGGAACGTGAGCGCCCAGAGAGAAGTAGGACCGATAGGGGTAGACGCTTTTTGGAATGGTTTGTATTTAAGGAAACTCTGAGTCTCGCCCTAAAAGTAGGGTGAATCCCAAACAGCTACTCGCAGGCTTGAGGTCACCGTTAGCTTTTCTATTCAACGGGCTCTTTCGCTAAGTACTTGATGGTAATTGTGCCACGTTTATTAGGACATAACCAGATCTCAAGTTCCAGAGAGGTGTATGTTGTAGGAACGTCGAGAGACCTAGCGTGATGCACGCGCGAAGGACACTGCACTATGGAGGTCATGATCATAACTAAAAATAATTGTCCGGGATCTGTGGGGAAATACATGTCCATCAAGTGCACGCGGGCGCATCTAGGCAATAGGGAATTTTCCGGCCCGCCTACTGCACAAGCCTTACCTTTACTATCAGTTCCGTCGAAAGCGAGATCCCGGTCCCTTACTAAAGAGGCTAGCAGTATTGCGCGACTATAATTTATGTGCTACCGGAGCCTCATGCTCCACTCTGTCTTACAGTACCCCGGAGCGTACCAAGTATCCAAGTATACAGGAATACTCGTACCAAGCACAACCCGGTCAACCGATGCGCTACCGCAGCAGCTATTCCGAGCGGTATGAGAGTAGCCGTGACGTGAGCACCTCAAGCCTCTGTCAATCCCACCGCGACCAATGAAGATGGGACCTACGCCGGGCTCGGATAACGCTAGGACTGACCTCCCTGGACTTCAAGACAACCCCTGGTAGCTCGGTTGGTCTTGACCGCGGGTCTACCTGCTGGTACGAACTCCCCTATTTCCGACACAGAGTGCTTGGGAGGTGCGCGCCCGGGATCAAGATCGCGTCAACCTCCCTTAAGGGATTTAATGATAGGTGTGCGTAATTGAACTAAACCGCGAATCCGATCAAGAACCCGTTCAGGCACTTAACCACATCCATAAGTCCTCCCACTCGGGTCGGGTACAAGCTGTATATGGGTGTGTCTTTTCGGATCAGCCCCGCAGGTCTTGATCAATTTACCTCTGAACCATTCCTGGACTATGTTCCTATAGCGGGTCCCTATTATGCGAGGGCCACACCAGCTCCAGGGTCGAGTTCGGCCATAAGTGGGGCACACTCATTGGCATTTATTCGGAAGAAGTGGCGATTGTTGCCCATTTAGGGGCGTGTTAAGCGCCGACTTGCTAAGCCCCATTCGAAAGCTTCAAAGTATATCCACCCTACGATGTGAGGATGGTGGTCAATTACCATGCGACCTGGCCAACATTCGTTAGCTAGTCATGCCATCCGGTTCGTTGGGACGGCAACGTCTAGGGGCGAATGGTTAACTAAATGTCGCGAACGCGGGGGACCAATAGAGAAGATATGTCAGTGGGGTGACCGACGGAACCGCGACTTTCACATTCGTATCGACCAGGAATAGGGGGACTGCCAGTTGTGTGTCACAACTCTTCTAGAACAGGCAGTGGAGGCACTAGGGTGGTTAGGCAAATAATCATGGCGATATCGTTCTGAAGATCCCCGG,1889,51.67,Caenorhabditis elegans
SEQ_536166,ATGACGCGGCAAACCAAGAGCGCGCTACTCCGTTCTACGGTCTAGGCTTGCCCGACTGTAGAAGACAGGTGGCGAGTGAACCGGCCACCTTTTGCACGGGTTTGAGCCAGGTAGGACCCCAACGGAGCTGCGTCATCCAGGGGGGTGACCCACTCTCCTCTGATTGGGGCCCGGGTCCACAACTCTGGATTGGAAGCCTACAACAAATGAGAAAGGTGTAAGTTCCAACTGCTGAGTTGGATATCACCGAGGCGGCCTGGTGTTCCCCCCACCTAAGACTCAGACCATTGCGGCTGTTGTCTGTACGCCCGTAGCGCAACGCTTCAGAGACCATAACCCCCCCCCCGTGGCTAGATGGCCTGTGGAGCCATGAAGCTCGTAAGCTTAAGAAGGACTTTAACGTATGAAAGAACGGCGTACTGCACCAGTAACTGGTCCAAGAGATAAACCGGAGCAGAGGGTATAGGATGACGTTACGTTACAGCAAGACCCACGAGTGGTTGCTAGGCCGTCACATGAAGTTTTCGATGGTCTTTTGAGCACTCCGTTTAGCATGACCCAACTCAGATAGGCTGGAATACCCCTTCTAGCGACCTTCGACGCCGACTGTTACTACTACCAATAATGTGGTAGGTTAGACAGTGTGTGTTGGATTTCCCTGCGCCTTACTCATCTGTTGGTAA,683,53.73,Mus musculus
SEQ_632563,GTTCGGTCAAGGACTACTCCCTTGAAGCAAGCTTGGTGGCTTCGAACAGCACCGCCTCCCGACCTAAAGCAACTTAGACTCTGTGCTTGATGCCAACTGGATAGGTCACTCATTTCATGAAACGAGCCTGTCCTTGTGTCTGCGTATCGAAATGCCAAGTTTAAGGGCTCTTAGGCTATTCTGCCTGAACTAATAGGCGTATTTAGGATTCGTAACGTGGCTCTTCCGACTTCCGAACCAATGGAACAGTACTACATAGAACCATATGCAGTGCGAGTCATCGTTGGGGTCTACATGTCCTCGGTATTACGACGATGAGTAATCTGACTAGGAATTCTATCTAATCCGGGAGAGAGGGTCAAGGCTTAGGGCTTGCTAGACCAGGGTTTGTTCACTGCGGCTACACGAACCGTTGTAGGCCCTTAAACTGTACAGGGCGTTCATGGGCCTAACCTTAAGTAAATTTACGCACCCGCTATGGTAACTTAGCGTTTGCGGTAAGCGAAGCTTTCTAGGCCGTCAACCTACGAAGACCTAGTTCGCTAGTTTGCCTTTGTAGAGATTTAAGTCAGAGGTGTGGACACCCCACCTCGGCACATCAACTCTAGACCTTCAATCGTATAGAGAAACCATGCCGGCGACCGCTTGCGTTCGCCACTGACCTTGCATCATGATGACGGAGGCGCCTCTATGGCTTTCAACTTATCCCCTTAGCGGCTGTGAATTAACCAAAATGCGGTCAGAGTAACCTCACTGCTTGGTCGAATGTAAAATCACGTGCTGATCGTATCAACATTAAGCACGATTCGGAGACCCCGTACGATAAAAAACTAGGAGCAGTGACGTGCACGTACGTACCAGACAGAAACGAGCTTTTTACTATAGGTACCCGGTGTTGGCTCATTAGTGAGTCCGCAGAGATTGCAGAGCCTTTAAGTGCGCAATCGCGATCTGACTGTGGTTTGGGCAAGGTCCTAATCGAGAATTTGGTGCGTTAGGTAAAGCCGGGCGCAGAATGTTCGATGTTGTCTACGAATAAGTCCGCATGCTAGACATTCCAAAATATAAGTCTACACGTGGAATGTGGTTACCACAAAATTGGTGGCTACTTGGTAACTGCAAAGTGTCCCCAACCGTCGGTGGCCATTGCTCGGAATTATGAGATAACATGGTGATATGGGTTTGGGAACGCCTCACGGCAAGTTGATACAGCCAGTACGCTTTAAATACTGCACATCACCGGCGGCGCACCCGGTGCTTAATTCAATAAACCCACGTGACTTCAATAGACAGCAATAGTGTAACCGTGTGTTTTCACCGTACGGCATTCCGTCACCGATTTAGAACCAGCACTGCGCGTTGTGGAGGCTATAGCGTGGACGTGACGGCGGGGTGGGTAGCCTTTCATGGATCACATGGAATTAGATGGTTCTGGCGATATCTTTAAGAGCACAAAGATGTGGCGTGTGGTGTATCGGATGCATTTTGATTATATTGCACCGATGGGGGGAACGG,1515,48.84,Escherichia coli
SEQ_597617,TTCGAGGAGATATCGTGCGATTAGTGTGCCTGAGCTGGCTCTTGCCAGCTCCTGATGGTCTGAGCCTATTCGTGCCGGAGCTTTCGCCATGTGCATTTTTACCGGTCCACCGCCTGGATGGTCGGTGAAACATGTCTACGAGGCAGCATAAGCTCAGTCTTGGGGGGCGCTTAGGCTATGTGTTCGATAGAGAGAGAGCTGTTTTGTCATGATGGTTGTTTGTCCAAAGCATAATGAGGTTGGTTGCGCTCGGCTGTGCCGGCAAGTCATCCAAAATTTGTACCATTCCGAAAAGACGAACCTATAATGCCAATCACGTTCTCTGTGCGATTTGGCAGAAGATACTCAGGAGAGAGTCGGTAACTGTCTTAAACCGCTCGAGCTTGTGCAAGCAGATGTTACGTTTGTCGTCAACCTTCACGACCCGATCAAACTCACTAAGAGCGTACTCGGCCTTCGGCCTGATTATTTCCGTCTAAGTGCCCCAGCGTAGTACCCTCTGATCACCGCTATCTGAGTGGCATGCCCACCATCTGTCGGAGGATTGTAGCGCGGTCGACTGCGCACAGGGAAGTGACTTGTCCGGCAAAGTGGCCGATGTGGAAACTGCAGCTAGAGCCGCTGAAGCTTCAGCTAACGTCGACTGTGGCCTGCCACCTCTTTTCGTCTACAGGTGGCAGGGTGCGCCCTGCACTCGAA,699,53.08,Escherichia coli
SEQ_982599,CTTATACCCTCCGTGGGCCGACTGCGTGCGACTACTAGCGAAGAGGTGCAAACAACCGCTTAGCCAACTAAGATTTAGGTGCAGACGATGGAGTGTTTATCATATC,106,50.0,Escherichia coli
SEQ_159516,ACTATTGTTCATCAGGTCGAAGCCAAAATATCCAGGTATTTGTTGTTATTTACTTTACCCCAGGATCAATTTAGCATTATGGGACGATCGTTCTTCATGTATTTCACCCTTGGGGTATATAGGTCTGTGCCGTGCGTTAACAACCCCTCTCGCTTTGTCCTAATCTAAACTATAGGTGTAGATCACGGGTTGGCTTCACACGTACCATGGACGAAGAGCTTCCCTATGGAAGTCCATTCCTATCTCGTATTCTGAAACAGCGCACCTTACACGGGAAACATAGAGAGCGAAAACCTCTAACGAAAGTATAAGGTGATTGATTGATTCGAGGCTTCATTTAACTCCGCGGCGTTCACGGAAAGATGTGTTCTGAGTTGTGTGGTGGTTGCCACCCGTCTTAATAATGGCTATCAGGTTCCACCGTTTGTGCGGCTGTTGTCCGAGATTAGCGACAGATTAATGATACAGATTCAATACAAAAGAAATTCCATCGTCCTACTTAGCCAACCGATACTTGCAGCCCGACGACAGCAAGGTTTTTACTATTCGACGCTTATAAACCTTCAGGTACCAGATAGTCGCATTGGTATGTTCTTATCATCTCGGGGTATAAGCAGGGGATTGCACACTCCTGCCGGGGCGTTAGACAACAGAGGAATTTCTCTAATTCGTTCGGATAATCCTTGTATAAGATAATTAAAGTATCGAGGCACGCCTACCGTAGGGGTTCGCTCACGCGGTCGTCGGAAAGTGTTCATCAAATCTCGTGCTTTCGTCGACGTAAGGGTCAGAATAGAGGCTTCTGTATGACGCGTATGGATAGGCAAGTAAAACTGCGAAATAACTCCCAACACGCCACAATCGAATTTAGACTAAGAACGGTTGGGCGTCGCTGTACATCATTGTTTAACAGCTTCAGATCGGCCGCAACTGTCCCGAACCTCCTACACTTGATCACGCGACGCACTAATTTCAGCATGAATGCAGGTATGACCCCTATCAATCGATAGCAAGAACCTCCAGTTCCTTCAACGAGATGCGCGTAACGAGCACGGTAACCGTCTTCTGGGACACGTAAGTAAAACTGTGTGGCAAATTCTTTTACAATGCTGAAGTCTAAATCAGCTGCAATGAGTCTATGTTGCTCTAGCCTATGGCTTAGCCCTATTATGGATCTGCGTCAAGCTTGATGTCTAGAGGGAAGTGGGTATGAACAGATCCGCTATAGCGGTTACGCACGTACTGAAATCGCTTGAGAAGGCGGGAGCACTAGGGCATTGGCCCCGGGCACTAATCGAAGCTAGTTTAACATGAATCACCTCACAGTGGCAGCTTTAGGCGACGAGCTAGCCCGCTGTCTGGTACTTGACTCCGTCATGGGGTCCGCAAAGATGAAGCTCTCCTAAAGGCTTGCTGCAAAGCGGTCCTTCCCGTCTTAGACGATCCTAGAGAATTACGCCATTGGTTAGCGGTATAAATAGGCTTCGCATGTCTCCAGGCGTGATAATATAGGTATCCGTCACACCCCGTAAAGCGCATGTTCCGGATAACATTCAAAGCGTCGGGTGGAATAATTGATCACTCGTTGCGCGATATTCCACACCCGTCGCGAGTCCGTATGCTACGTATCCGCGTGACGAATAAGTTCCGGTGGCTAT,1658,47.29,Arabidopsis thaliana
SEQ_161928,CCGTCGGTCCGGCTCAGACTATCGGGATGCCTTTCAATACTAGGTAACCAATTTAATTACTACAGCTGTAGCGAGATCAAGTTCCCTTGCCAAATTCAACGTGAATCTGACCTCGACATCACCGATTTCTCATTAGTCCGGTCACGGGGTTCACTAGAGGACGCATCAGCGGTGATCGCGCTCATGTCCCGCTTACTGATGCGATGTGGGGGTCCTGTCAGACACGGCTGTATTCTCAAGGTATTAAGAGCAGAGTCCGCCAATTTAATCGCCGCAAGAGTCCCACGTTGAAGTATGCTGTATTCATGGGGAATTGCATACAGTTAACCGAATTTTTCAGTACCGATCCGGAAGCCGGTCAGTCGTCCTTACGGGTATGGTCAAATAACACTCGCAAGGTACCGATTTGGGTGGTCGTCGACATCGAACTGCACGCCTCTAATTTGTGTCTCACCGGACTCCCTTCAAGTCGGAGAACCCTCCCTGATCTCACACGTTCTGGGAGATGCCGTACAGTAGCTACAATAATCTCGGCCTTGAAACCGACGTTGTTGTGCAATCCAGTTAAATAGAGGAGGCCCCCACCTAAGAGCACTTTAAGAATTACACAAGCAGATAGGTGTACGACGCTAGAAATATTGAAATCCCTACATATAACGTAAATGAGCCCGTGGCAAAAACTTGCCGGGCGGATAGACACCTATGCGTGAACGGCGCCCCCCCCCTATACGGATCCACCCGGGCTACCCTCACACTCGAGATCAGCCGCTTCTGCTCTCTAAACTCCTGGCTAAGATGATCACTTTCCTCATTATTCCATGTGGTCGACTCATCTACACTTCGCAAGCCGACGAACATCGATGCGTTTTGTGACTGCGCCGCTCTGGGAGGTCGTGTTGGGGTGCATTTCACGGTTATTCACCTAACCTTAGGGGGATTTGCTTACAGTGTATCGTTCTCGCATTTTAAATCGCAACCCCCCCGGTGTATCTCAAACGTCTCCGGGGCTTTACGCCGTCCTGAACGCCTTTGGACCAGCAACTTCGGTGCCGCAGTGTGACTGTGGGAACCCCATACCGGCCACGGATTGCAAACGTTATAAGACTCTTTAATTAGATGGTAGGACGGCCACCCCATCACCAAGGTCTATGGCATGGCTCATTCCCCCCTAGTGAAACGTGGTAAGGTAGATGCGGTAATGATTGTATACCCGCTGCGCGACACTACCGGGGGCGACAAGCTGGGC,1246,51.44,Escherichia coli
SEQ_602119,CATATTTGTAATTCAGTGCAATATATCTGAATATTCGACTAGTGGCTCGGATCGCTCCGTGGGGCCCATCCATTGGCAGCACCCACTCAACAACGTTCCGAAGAGTCTAGTTAGGGTTCTCTTGGCTCCTAGAAAAGTCCTAAGCGACTAACCTCCTCTATTAAATACGTCCGGACCAACGGACAAACCTTACTCGTCCACTGGTCGGAGTCTGTGGTGTTTATAAATGTCGGGGAACGTGGTAGAATCGGGTAGTAATGCACTCATCCGGCTCATCGG,279,48.75,Mus musculus
SEQ_751483,ATCGCCGCGTACGAGAGCGACGTATCTTGGTGTACTCAGCGAGTCCAACGTAGCAACTCCAGAAATAGAGATTAGATATTGACGTCGCCCCGGGACTCTGTAAAGTAAGTCTTAACGATTAAAGCGGCATATCGGCCAGGCTTTTGTCAAGGGACGCCACCGCACTGTTTCTGCCTACCCATGATCCTTCAATGATTAATCTACCTCGATTCCTGGGGTGTAAAACGGCATGTACGATCTCCATACTATCGTAAAGCCAAAAGTGTCTTTTCTTCGAATCAACTGCAAAACGATTAGTATCCAGTAGCTTTGCTGATTCAGCCTGGAGATTAATATATGTCTCCTGAAATACGGTATTTATGCGCGCGTCTCTACGGCCCCGTGGAACAAAGGACGAGGTGGTATTAAAGAAAAATTAGTGGCACCATGGAAAAGGAGGCCAGCACGTGAAATTTCAGGCACTGCGAGTAGACAATGACATGTTTCGTTTTGACCACCGGTGCTACTGAGTGGAAACAACAACAATGACATCCACCATAGCGAAGGGCGTGTGTCGATGTGACAGAATCCCTAGACATCACGTCTTAAATGCGGGAACTTCACGTGGAAGTCTGGATTGGTGGTCTAGGACATCGGGCTCACCACCGCGCTCCGGCCGATACTTGTCGTACAAACAACACAGTAAGATCA,690,47.68,Arabidopsis thaliana
SEQ_504334,CTACTCGACATATCTCGTATCGCACCCGTGACTAGCTGTCGGCGAACTCTGACGAGGTCAAAATCTGCGCGTCTGCCGGGGTGTCGGTTGCTAAGCCAGGACCGCTGCTACATTAAAACCCGCCAGATTACAGCGCGGAAACCACACCATCAAATGCTAGAATAACGACTTGTGTATCATTGGTTGGATCCGTTTAACAGCTTACCTGGATGTCACTACGATTAGGCCTTTCCCATATGGTAACGAAACCGTCATTATCGGGGACCCCACAGTGCAGCTATATGCCTCCAACGACACAATGCCCCCCATACCAATAAGATGCGAACCCCTTGATTCCTAGGTTTATAATCTAAGGGGTAAATGCAACAGCACTAGTAACCTTTGATCGTAGTAAATTGACGTCCCTATTCGTGGTTGTTTGGGCAAACTGTTGAGCGTGCTTGGTGCCAAGCTGCCACCCCTTGGAGAGAGTGCCACCTCCTCTACTCCGATCTTGTCCCCGACGTTCTAACCTACCCTGCTCTTATCTACTAGGGGATTGCTTCCCCATGATAATTCAGACCCACGCATGTTGGAAGTTTGAAAAGTAGTGGTAATGAACTAGGATGCTCACTTGATGCTGATTGGGCAATTGCCCTATGGGCGAAACGGTCACCCGGCGTCCCTCGAGCAAGGGAAGTTGCTTAGTCAAAAACGGCGCACCCAATTTTATCCGTTCAGCTCATTATATGGAAC,735,49.52,Drosophila melanogaster
SEQ_879570,CACAGACAGCGATGAGACTGTCTGGAGAGCCTGATAGCCGCGGCTCATTCGTAATTCCGATCAGGGGGTGGGGACAGACAGTAGCCTACGAAATATATCATCCGAGAACCGGATAACAATCACTTTCGTCTACCTAGTGCGTAGGGTTTTTAGAAGCTAGACTGGAGTAAACACCGTCGGGTGATAAACCTCTCCCAAGTCAGAGGCGTTAAAGGCTATTTGTTATACCCTAGGCTACATCCTCTCATCAGCCTACCCTGTTGTGTGAGTGCCGGCGATTACCGTACGCTGTCGAATAGTCATAATCGACCGTAAGCGCGAAGGGACATGTACTTTGCGGGAGTGTCGGAGTAGGTTTCAGGGACTGCCGTACTACGTCCGAGAAGACACGATGCGACGCGGCTCCGCTCGGGCGACATCCTAAGTTCTGAAGACGCGACTCTGGAGTGCACCCTTCCACCCGTTTCATATCGCCGTCATCCCACTGTTACTCAGTTCATGCGGATTAAGCTGAATTATCCCTGAATAAATTACTCATTAGAATGCCGTGAAGGTGAGCTCGAAGGGAAACTCACAAGTTC,581,50.95,Drosophila melanogaster
SEQ_153522,TGGTTTACGCTCACTGCCGTTAACGACCTTTCAGCCCTTCTTATCTCACCTCGGGCCCGCGGTCTCTCGGTGAATGCTGTTTAGCAACCGTAAGCTCTATATACCCGGTCGCACTGGCTTGGGGCGATCAATCGGACACTATATACCGCGAGGGAGGGGGACGTTTCAAGTTCTTTAAGAGTCCGACAGCGAAGTGGACGTGTGTAGGACCACAGCCTGCTTTCTCTCTAGACTCGCGTAGCCTCATTATATATCGACTACGTCAAGGTCTGTTCTTGGTTTGACCGGACGCCCTAGTAAGAATGGCCCAATTGGGTTGGAAAGACCCTCCTAGCACGCGCTTGTAAAACGTGGAGTGGTAGCTGTTACTATTTGATCGAATCTCTACGACCTACTCCGATAGACATCAAGAAGCAATCTCAAGA,425,50.82,Drosophila melanogaster
SEQ_485420,CCAAACGTGAAGAGAACCGATTCTTGCGCCTCCAGCAGTTGGCCCAGCGTGTAGGAACTCGAAAAGCGGGACGATCATCGTGATTACCCCCGCTGGAGACATGATTTATAAGTGTGAATGACTAGCTCCCAAAATATGCAGCGTTCGTGATACTGATCTACGAGACCCCATAGACATTAATATGAACAAGCCTCGCTCGCGTCGTCTAATAACTTGCATCACCGAGGTCATGCCCGTCCTGTAGTTTTAAGGTTAAAGTACTAAGGTGACATAGTATACTTCTCTGGAGTCCATTATGTTGCATAATAAAAATTACCAAGAAGTGAGATCTCCCGCACAAATCGCACACGGTTTCCGTACATGAAATCCTCGGTAAGTGTCCTGCTTGGTGGTAGTACTTCACTAGACTTACACGGCACGTTCGTGGCGCACTCCGCGCGATCCTCTTTCCGGTTACGACGGCCATGAGCCGGCCTCTGTTCCGACACTATTAACACACGTCTGTAATACCTCGCTCAAATTTAATCACTTAGTCCCCCCAACCTTCAAGGTCCTCGAGAGAATAAGTCTAGTTTCCCAGTTTATCGATCTCAATTAGAGCTGTGTTTAATACGACCCGAGTGTCCGGCCCTACCTAAAAATGTGGAGTGCTGAAAATAATCCTCCCGCAACCTTAGTAACCCACTGGGCACCCGTTACGCTCTTTATCTGTACATGCGACAACTCGCACGTATCTTCTTTCCCTGCTCAACAAAATCGTGGAAAGCGACTTGACGCAGTACTCACGAGGAATACCTGGCGCGATTTTCCCTTCGAAGCCGATCTGTTTAAGTGGCGGCTCAATGAAACACCGGACCAGTAGATATAGTAAGTGTTTAGTTACCCCCCTGGCTGACTTAATTATCGCGTGGTCTTAATATCGAGTACGGATGAGCTATCACTGCCCCCACGCAGCATATCTTAACCCCCCCGTCCGGCCGAGTTAATCCATTATGTTCTCCTGATAGAGTTCAGGTTACTTCCTGCTTCCGAGAAATCGGCAGACTTGATGAAACACATCGTATCTATTGACCTCAAACATGAGTAACGGTACGTGACTGGCGGGGTGTTTCTCGTGAAGCGGGCGCTGAAACAACTGAATGGTCACGCATCTTTAGGCGCCGTTGACAATCCACCCTAGGAACGATTACATATAGTATTCGTTTCAGCTACACTAACTACTCGACCAATGAGCAAACAACACGGTGCTTACACGAGAGACCAGGGTCACTTGAGAATGCGCCATCTGCCTCCTTGACATCAATGTTTGGTAACGGGGTGTAACACCTTACGGACAAACTGCAGAAATCGACAACGTCATTACTGTAGTTCAGGCCGTCAAGAAAATAACCTGCATCAAAGCGACTCAAGCGAGGGCCCTGAAAACGTGACTGCCCCATATATAGCTTCCCTGTAACTTGTCGTATCCTGATGGGGTGGGGTAGGAGTGCGTAATGCCCCCAATGTCACTCTCGGTAGCCCTAGTTCTTCGGTCCGAGCCACTTTATCATTATCGAAAAAATTAGATTGGCAAATCGGCATATGGGGTAACCGGCCTAGGCGGCGCGGTGCTGCGGGCGACCTTTAGGTATTAGTTGGCTTCGGTCCTGAGTGGCCCTGAGTGCCGCCTACTCCAGCCAGTGGTGGTAATCGGACAGGGCCACCCGT,1707,49.21,Arabidopsis thaliana
SEQ_929252,TTAAATGATCGACGTGAATACCTTAGGTCGTATCCATCAGATTTCGGGTCAGTTCACCCCAATCTTACCTGTTAGGTTTAGACCGTAGCCGTTAGGAGACGGGGAGCTACTGTGTTAATTGCTACGGACGGAAGGGTTCGCCACTCGCACAGGTAAAAAGGCAGCAGGTAGCAGCTCCTGGTAACGACGCTAACCCCCTATCATCGAAAAAATGGCTCCCTGAAAATAGGACGCTTCGGTGCAGTGACGCGAAGATGTAGGGCGATCGCACCCCTTCGGTATTGGGCATCCATTGCCCATGGCTTAATTACATTCGCTTTGTGCCTGGAAAGACGACTTTCGCGTATATCTCCCACGATGGGTACCAGCGACGACGTCGTCCACAACCCGAGCTGACCAGTTGAGCCGGAAAGCGGATCGACCTAAGTCTTATTCCGCACATGGGGTTTATCCCATCCGACACATGTCTTCGCGGCACGGAGATAGAGGAGTTCTTGAGCCATGTGAACGCTGTCAGAGAAGTCAAGTGGGATTGGTTTTTTTAGTAGTGAAGAGCGCCCCCGTTTTCCCAGCTCGAGTCTGCAGCGCCACCTGTCTTGTCCACCACGCCGTCGCCTACCGTGCTTCGATAACCATGGTGAGCGACAGTAGAGGGGCGCGCGTTCGAATACCGCTCTGCCTCATGAACCTCAAGTGGCGGCATCGGATCTCGATCACACTAGACCCTGCCT,731,53.63,Saccharomyces cerevisiae
SEQ_620548,GGAGCCTCTATGCAGCTCGAGGGACCGGGTACCCCATGGCGACGCGGAATGAGGTGGGGGAGGTAATCCCTATCGAGGGGCGCTGACGTGGCAGCCGAGCTAGTTCATAGCATACACGTTACTCTTCTCCGATCATAAGAAACTACCGACCCCTCCATGACGCAGTACCCTCTGCTGTGGCTCAAATTGGCTCAGGAATCATACACAGTAGATCCGTACTTTTTCATACAAACCGTTACAATCGAGTATCCTAGCGAGCCGTTGTTAACTGCGGTTAAGATACGCAAGTTTCAGAAACGTGGCATCGAAGGTTAACATCAGAGGTGTTGCTCGATTGAATGCGGGACGGGAACCGTATCCGAATGGAACCGTGAAAATGCCTGCGGTCTTAGCCCGGATTGCCAACAACACATACGCATGAGTTCAAATAGCCGTTGACCGGCTCGTTGGGTGCTCTTTTAAACCTCTAGGAGCAGTGAGCCGGATTCGCCCGAGTGTGGGAAATGCACTGTGCCCATGCGACTGATCGTTCTGCGTGGGGCTGGCACAGAAGCCGGAAAGGCCCATTAGGTAGCAATGTATCTATTGGCAGGGCTGCCGGATGAAAGAGCATTGGCCTACGAAACGCCTTATAGTAGCGCAATCTGATTGCAGGTAATGGCGACGCCGTTGTCCAGCTACGACACGGCGGTTCTCCCCCACCTAGGGGAACGGGGCTCCGCAACTGACACTCCAAGCCTAAGAGCATAAAGTGTCAAGCCTTTGAGTCGGTCCCGTTCCGGATCGGTCTCTGAAAACCTATCCTTTGCGAGACGACTCTCGCCTCGTGGGCGGCTTTAGCGCCGTTTATCAACACCTTCCCTAACTCGTTGAGTAACAGGATAACGAAACGCCTCGATTGGCTAAGACCGACCAGGTGTACTGAAGCAAGCTGGTCCTCCTGGTCAACGTGAAAATGACAGAATACCTGGGTTCTCTGGGCTGAATTAAAATTAATCGGACGAAGTTATTGATTACCTACGTTTCACTTCAGTAGCACCCTCCATCGAGTAATTGCGCATAGTTCCGGTAGCCTTTGACTCCCATACACGGAAGAGGGACAGTTACGAGGTCGACCAGCCTATAATTGAGAGCGTTCAATCGGTGGCTAATTCTACCATTACCCGAACACTGACTGCGAGAGCAATGAACTCTATGGATGATTATCCAGCTAAACGTTACCGATTAAGAT,1231,51.58,Drosophila melanogaster
SEQ_349603,TAATGTTGCAGTCTACTTCAGGCCGGTCCAGGCAGCGGACAGCCGATTGACTCGGAACCCTTCGGCGGATCCCGAAGACGCCGGGTTATGGGGGATTATGATAACCACGGTGATCGTTAGAACCGGGTGGCTATATCATAGCTGCTTCAGGTGACTGTGGCGTCATATACTCAAGCAATCCACAGCACGTACAGCATGCTAGCAAACCGGCACCTAGTGAACTTTAAACGGCCACTCCGGAATTCACATGTATAACCAACCGCTCAGTATTACAATTCAAGCGAAGACACCTTTGCTAGCTTTTTCATGGAAGACTGCGGATTTTCTCGGCTCTGAAAAGCCACGGGCATACAATATAGCTGGCCCTTTAGCTGGTGTCCGGGCTCGAGCGGCTTCACCCGGGGTAGGATCTGCCTCTTTCCGACTAGCGTGCTTGGATACAAAGGGATAAATTGGCGGATCTTCCACTACTGTTAGGGTGACGGAAAGTCTGGCCTTGTCGGGAATTAACCGAGGTTTTGGTCATCGAAGCGTGCAAATAACGGGATACTCGTGTAATACGCCGTACTTGCCCTGAGGTCTTTTGCGCCCGTCGATGCTTTATGACGACGCTACCATGTCTGGTGCACGCTCTCCGATCCCAGAGTGTGTTCACAATAAGGTATATATATGTGATTCTCTGCATCATTGGGGCTTTCCTTAACGCAATGTCTGTGGTAATCGACATTGCAAACCACCTCGCCTCTATCATTTTCCAATATGGCAGCGCATCGCAACAATTGAGAGGGTATTGTAACCTGTGTCACGTAAAGGACAGAGGAGCAGTTTAGAGTCTCTTAC,840,50.0,Caenorhabditis elegans
SEQ_439690,ACCCGTTTATAAAAAAGTTAACACGGCATACTAGGAGTGCTGACTACTACGGACCCGGTAGTCGCCGGCGACTAAACCTCTTTGTAGTCAGCATTTTGCAGTTTACCGAGAGATAGACATTTAGATGGTTTCAGTAGTCAAGCAGATGAGCACACGCCCGAAGCACATTCCCCATATCCAATACAATAGAGGATAGATAACTCACTCTTGTCCCGGGCGCTTCGTGAAACAACTGTGAGGGGATTCAAATGGGTTAATCACTGCATAAGGGTGATTCCGCCCTTCGGAGGCCTGCTTCTGCCAACGGGAGTCGTTTTGCTCGCTAAATGGGATGGCGGAGCAAAAAGTTCGGAGCAGTAGGGGCACTTGTGTCTGCATAGCCATTGAAGTGGTGAGTCTCAGTCCGATGATGCAGCTTTGTCCTTCGTGTCGCTAATTGGGAGGATCTTAAAAGGTGCCGACGGATTATGATTGAGGCCCGGCAACGCACTGCAACATGACGCCCTCCCCCTTTTCATAAATCACGTCTGCCTATCTATAGTGTGGAACAACGTGGTTTTGCCCTAAAGAATGACCATACTCGGTCGCCGGTAAACCAATAGGGCGTACACATATTATTAATACCGTAAGCTGAAGGATAGGTGGAGGAAGGAACCCGGTAATTGCCTCCCTCAAGTAGCTGCAAAGGTCAGCGAAACATACGGCAATTAGAGGAATTTTGCTTAGTCTCCGCGCTCATCGATTGCCGGGACCTCTAAAG,760,48.95,Homo sapiens
SEQ_703501,AATATCAGACTGCCCGACCGCCAGGATCCAGATTTATGCCACCCTTTAGTGAGAGCTCAGTCGAAACGGGACTTCGGACTTCTTGGCGCTTACCGATAGGTATAGTATGGGCGTGCCCAGAAGCACGAGGCACGGTGAGAATTACCAAGAGACACATGTCTTTAGTCTTTCTCTCGCACAAGCGAGGTGATGGTCTGACTCTGCTGAGAAGCACCAGCGGCACGACGGCGGACGAGACCCAAGCAGAACGTTCAAATCAAGCGATGGCTTAGCAGGCAGGCTAAACGTCTTGTTGACCGAACAGATGAGATAACCGCATGACTTGCCATGGCGTGGCCTGGTAGCTCCGGTAAAAATAACTTCATCCGATTGGAAAACACATTTAGAAGGGATATAATAAGACGATCCCCTGTTACGTCCCCGGGGCTCCGACGCTCAATCGCCTCTGTACAGACATCTGTAACTATATTTCTGAAATGCACCGCCACAATAAAGGCTAATATTGGATGACGCTCCGAGTCAAAAGCAAATCCGATACGAGTAAAACTCTGACAATATGACCTATATTAGAGACACTCGAAAGACGTCAATGTCTGCGCAAACTGAACGAAGGGCCAATGGGTTTTTTCAGTTACATTGGTTGCCTAATGACAAGGAGCCAGAGGGGCTGATAGTCGCCCCAACTGTCCCCTTAGTCCTGCCTACTTCCCGAAAAGTTGCCTACTTCATAGTGAGGTTATCTATATTGCTGTTAAACACCAGACTTGGTGTTAGTTTCGAATAAAATACCTAAGAGATTATCCGGAGGATTTATATACAAATATTAAATGTGAGGACGTGGCCACGCATTTTTAAGAATGCTGTACTGTCAAAGCGAGCATTTCCATATGAT,892,46.75,Escherichia coli
SEQ_672721,CGTCTGTTTCAATACTAGTTGCATTCTGTGATGGCTCGTGCAGCCTGTAGGCTGCAAATCCCACGACAAACATCGCTATCGGGTATGGGGGTGCCGTCTCAGCACAAGTAGGGGACCCCTCCGCTCAAAGAGCAGCACTCGCGTAAACTATAGCGCATCCCTTCCAAAGTGAATATGATGCACCTGTCCGCACTGTACAGCTATAATACGCTCCATCGATACACCTAGAAGTGCTTATTATCTGTGTTCATTTTATAGTACCGCAGATAACGCGCATGGCAACGATCCTGTGAGTACATTGAGAGATATTGTATAGGAACGACTGGATTTCTAATTAGGCCCTGCATAGATCCACTATAAGTGAATGGCGGTGTCATCTCCGTCATTGCCTATTCACATATCCTCGGGTTTTCATTGACGCGTTGTTCTCAGCTTCACCGACAACAAGTAGAGTACTTCGAACTTTCATTGTGCATATCCAGACTAGGGAAGTAACGTATTTAGACGTGAGTTAGGGAATAAGCAGAACCCGCGCCTACAATTCGAATGCTCTGCGAACACGTGCGCCGGGTTCTGGAGGTGGCAAGGCTCGCCTACTTAGCTAGACATCCGCCTTCCGAGACCCGTGCGCGGCATGGGCTATGCTTTTTAAGGATGGGACTCAGACTCACTAGAGTATAGTTCTGTTTCTTCTGTTCGTGCATAAAATCCTCCAAAGTCGCAAAACTATGGACTCTATCGTCCCTATGCAGAAGGTGTGACGAGTTCCTAGGAGATGCAGATTCTTCGAATGCTCGTAACGTACTTGGAGCCAGTTGCAGTCCCTCTCTACGAGATTTGCCGAGGAACTAATAACGGCCCCGCGCTCAGGACCGTACTGCTTACTGGTCACGAAATTTCAAAGCAATCCAAGGCGCAGGGAAGATTAAGTACAGCGAAACAGTATAGAATAGCCGATACTCGCCTAGTATCGCGAGTATCGGCTAGTAAGGGCCAGCTACAAAGTATGAACACGCATACCCCACAGGATTCTATTTGCCAGACCAGCATGATAATCACGTTAGTTGCATTGAGGGCGGTCAAGAAGTCCCCGGGATGAATCGGTGTTCATTTGCGTGTATTTCTCGAGGTAAGTCAATTGGATTCGTAATCTGAACTAACCAAGATAGGCGGCACTTTTATATTGACTGTTGGTACTATGCTAAT,1206,47.68,Caenorhabditis elegans
SEQ_991710,TGGACCCCGGTGGTGAAATAATGCTTAAGATTGTTGCCACACTCGGGCCGGGCTCCGATAGGAGTTGGTAAGCAATTCCACTTAGGTTTTGAACACTTGTTTTCACATGTGTCGTCATGATTGACGGGCTAGCACCTTGTACGAGTTTGACGTGACTAAGTCTGCGTCATCCTCGTTTCAATCTATTCGCGTAAGTAATCCCTTCCCTGATCTCGGAAAGTGTGCTCTCTGTTTTTTCCCGTAGCAACGAACCTGAAGAGTTTATATCGGAGCGCGAGGGTTCCGCTTCTAGCTCCAACTCTAAACCTTGTGGCACTCGCCCGCCTGCTGTATTGCACCAATGCCATGCAATGAAGCATGTCCTCAGGGCAGCGAGTGCAAAGCTCAGTACTACCCTCGTAAGACGGGGATTACCGCTTACTTGGGCGATTCGCTGAATCCCAAACAGAGAAGTGGACCAATAAGTGAATCTGCTTTTACCAAGGTTGCCCACCGTTATGCTCGCGTCTAGGGCGTCCTGTGCAGCTGCTCTTATGGCGACTTATTAGTGAGCAGGGTCGATAATTCGCACCAGGTGAG,579,50.43,Mus musculus
SEQ_878750,TGTGCCGGATATAAAACAGTGCGCATACGCCGATGTAGAGAGCTGGACTTTTACCCGACTATCGGGCTTCGCTGATTCTCTTTAAGTTTTAATGGTCCCGGGAAGCCTTGATTTACCATATCACTTGTTCCGGCAACATGTCTCTTATGCCCCATAGCAACGCCCCCCTCTATAGAAGCTCTTTCGATTTGGCTTATCCCGTCCCTTTAGAGCGGCTAGAAATCGTTTCTCCCCTGCTCATATGTGTTGCTAGGCGCATTGTGGGCTCCTCTTCAGCAAAGCTCGTATTCTAAACGTGCTCTAATTCGTACCGGGCTATCCCAACTTGTCGCACCCAATTCTATCCCGCCTGGCCTGAGCCGAGTTAACTGCTTCTGCTGAAGATTACTGTACTAGGGCAACGTTCTGTTACCCAACCAGCACCTGCCAAAGTGAATAGGGAGTTAACCGATCCTGACATAATTGTCTTATTAGGTGTAA,480,48.33,Saccharomyces cerevisiae
SEQ_198609,AACTTGAGACATCCCCCGCAGTATCTTACACAGTAAAGGCTTGTCCAATTGACAGCAGCTGTCTGTTATGGCTGGATACATGGGCGTATTCCCAGTGGGCCTCCGGCCTGAGTGTTTCTCGAAAATTCTTCTGCGCTCGGTGGCTATACCCGGCTCTAGCTGTAAAAAAAACCACAGGTAGCGGTCGTGTAAACTCGTTCCTCTGTCGACACCCGTGCGTTGGTACCAGCGCCGCCATATTTAGGCACCATTTACTCTTGGAGAAAGTGGCCGCGCCGTACGTGCGGCTACCATCTTCTGAGAAAAAGGGGATACGGCAATCATGAGGTACTTCAGCCAATTTTACATAGACGCTTAGTATAACAAGATGCGCTCGTGTTTTTACGCGATTCAGGCTCGATTAGCAATGTAGATCTCGGCTCCAGCACTGCTAAAGAAAACTGGAGTATAACAGCACGACCTGATGCGACCGGGTTGCTCGATCATGCCTTTTACAGATGGATTTCAAAAAGGTTTCAGTGTTGTTGGTAGCACACACTCTACAACCAAATACAGAGGTCTGTCATACCGACCGTTAATGTAGTTGGTGCCCCTTTCGAGATCTGCTATGCGATAATCGACGCCACTCGTCACACAAAGAACTCAAGGCCATCCTTCGGCGCCAAGCATGCCATTTGCCGTATCGGGTCCCCAGTGGGGTTGTTCCATGGTGGTCACGGCTGTTTCAACCAACTCCGACTGTGTAGCTGCGTGCTTTCAGACTATTAGAGCGCACTACGTTCGTAAGTGTTGGAAAGCGCCGTTTTCGGCTGCAAAGTCTCCTGTAACATCGGTCTCCCGTGGACCAACCGGAAACCGATTAGATACTCCTCTGATGCCTTCGTACTATGGCCGTGTGTTACTTAGAGCACCTATCTAGAAACTCCAATGCTGGAATTTGCTCCTTGCAGCCTTTATGACTTTGGGTCGACGCGTTGAGTTTATCTTCTTTACTTGACA,999,49.55,Drosophila melanogaster
SEQ_102354,TGAAGGTCTATAACGTTACACCGGCAGGTCTAAAGGCCCGGAATGATAAGAACGAAGGTGTTGTAAGACACCCGGTAACATCTCTC,86,47.67,Saccharomyces cerevisiae
SEQ_789883,GAAATCAGGGTAGACTCTTTTAGCAGCGATTGCTTCAGAGAACCGGATTCCTATCTTCGTAACGGTGATATGTTCGGAACAAAAACCGGGCTATCGTTGCTGTCGAACCTCGGGTATTCAAAGACATCGGGTTCGGAACGCCTAAACAAGGAAACAGAGTAAGCGAAGATAGCCCCTAACAGCGCGACAAAGATGTTCGAGTGCCAAAGCCTAACCGTAGAATCGTAGGGGAGTACTAATCAATCGTTGCAGGGATACGGAACGAACTCCTTTCCGTGCAACCAACACAAGGGTACCTAAGCCCCTATACGTCCCATGAGTGCAACGCACTGCATCACATGCGCACCGGCTAGGCTAGATGCCGGGTAGGTGAAACACGTAAGCACAGTATTGACAGGATGAAGGATAATCTTTATTCTATGCATCCCCATCCAGCACTGTGGGGGTATTTCAAATGATAATAAGTCTTTACTCTTCGAAGCTATGCCGGCCTTGGGTATGACCAGTAAAGGCCCCGATCCCCTCGTTGTTCTACGAATCCTCTAACAGCGTCCGATGTGGCGCTGCTGGTGCGAAATAAAACGTCATAGTAGCGTAGCCCCATCACACTACGTAGCCCGCAATTTACACACCTTCTAAGGTGGGACAAGAATTACGACAAAGCGCCTCCCTAAGGTGTCTACGCCCTTCACCCTATAGACGTCATGCACAAAGGCAGGACAGGCCCGTCCGTTGTTCTCCTGACAACTGTACAGGAGGGGCATGTCACAATCATTGTTCCTGTTAGCGCCAGTACGCCATCCTTATGAGGGTAACTATACTATGGAAATGAACGCGGCACATGCGGCGAGGTACAACGTTATATTGTAAAGATACGTGACGAGAGCTCCGGAAAGTCACGATCGGATTTGGTATCGCTGCGACCCTACGCTAGCGAGTAAGAGCTAACTAGTCGATCCTAACCTCTTTTGGGGTAAAATCTTAACATATCTCATCGTAGCGCACTCTTATAATGCGGTTCGCCAACGATGCAGCCGCTAAGGTGACCCGAGCCCGCTAAAAGCACCAGCAAAA,1074,49.53,Saccharomyces cerevisiae
SEQ_285350,ATAGGCAGTCCTAAGGCGTACGCCCGTACGAGGTTCCGTCTGATTACGCTGGATCCCGTAACTTAGTACCCCTCGGACTCCATTTAATTAAAGCCGCCCCGATCTTGAAACCAGTGTTCGAAGTTTTGTAAAAATGAGGTTGGGGCCTGAGATTAGATCCAACAACATTACAGCCAGCATGATAGTGTGGCCGACATGTAGACATGCGTACTGAAGGAATGGGACCAATGGAACGCTGTACCAAACATGGCTAGTGACATAAGCATATGGTGGCCTCCCTTAAAGTTAAGAGGACGCCTAAGCCCACGAATTGACTAAGAGAATGGCGCTTTCGGTAGACAAGGTCTGCTCGGCGTGCCAGAAGGACTTTGTCCCGCCGAGGCGTAGGAGCGTATGCGTTTTTGTACTCCTACCATTGTGTCTACGGAACCCCGACCCGAAGGGGTGGTGTCCTTAGCTAGACCCACTGGACAAAGATCCACCCAATAAATACATACTGGTATGGCTGCACCTCGGCGGCCTATTTGCCGCAGGTGTCCACCCGATAAAGGACACAGGACGGTTCTCCTTCATCAATCTGTCCTTATTAGAAGGCGGTAATATAGGATAGACTTACTCACCCGCGCATCTTATGATCTCGTGATAATACGGGTTTTATGCGTCCTCTGTTTGTTCGGTTGGTGGGGAATTGTGTAGTGTCTTGTCTGACAGAGCGTGAACCTGACGCTGTACCCCCACGTCACAAGGGTTATAAACTTGCATAGTTTCCCATATATCTTGTTTCAGATTTACGGCCCCCTCAGTTCCCCGAACTACCCGAACCTTTTTGCCCCAACCTTGGCTCGGATAGTGCTGCGGCTTGCAACGTTAAGCAGGTTGCGCACGTTGATGAACCTGCTAAGCAGTGGTGGTTAGTTTTAGTTCTAGCATTTGCAAGAAGGGCTCGGCCTTAAACAACCGAACCGCCACGACCACGTTGCGGAGCTTTCAATTCACAGGCCTGCTGGATGGGTTATGACATAGGCCTGACGCCGTCTCCTCTCACTTACCCAACCTACGCAGGGAGAAAGGGCCGAGGGGGTGCCAAAAGTGATCGAATTCCGGGATAATTTGTCTGCAAGTTAATCGATTTCTGTTGAATTAGCCGCTACCATAGTTAGTCTAAAGCAGCGTTTGAGGCGCTTTAGTGGTAAGGTGGCGAGCGTAGTAGGTGTAACCTATCGATTTTGTACA,1233,50.04,Caenorhabditis elegans
SEQ_416412,CTTCAGCCATATCTATTCCTGGAAGTTCGAGTAATCCATGGCTGAGTGGAGTAGAGATAATTGTTTTGATAATACCGTGAAAATCGCACGCCGGAGCGGTAGATTCAGATAGCAGTACTCCTTGTTGTTCGAGTTCGCACAACGGCTGAGGCGGTGATTTCCTAGGACCGTACCGTACCCAAGAGTATATTTCTATAGCTGGTCTCACGTAATTAGAGCCCAACTGTAGCACGTATGGTACCTAATGTCTTCGCTGGAGTAGTGCAATCGACGTAAGGTCCCAACTTCTAAAGAGGAGAGTTCCAAGCAACCTCTTTACCACAGGTGCGAAGACGTACTCGGGGCAATTTACATGAAGCGAGAACGATTTATATGAATCCCGGCGCTAAATGGCCCCGCCGTAACGTGCCTGTGACCCCATTGACTCGCTAACCAGTTTCTTTGACCAAACAATTCCCTTCCCCAAACGTCCCTACCTATGTCGAACCCACCGCACTAGACCAAGGCCCATGCGGATTGGTTCAATGATTATTAGTATATAGAACATGGCATAACATCCTCGAAGGGTCAGAAATCGAATGGAGTGCAACTACCAGTGCGCTCACCAGGGCGATTAAATACTAGATCCTAGTTCTCCCACTTGTTACCTCACGCAGAATTTTTCCAATTTCGACGGTACATTCAAAACGTCTCCCGCGTGAGCATGTACATGTTGTTATCAGGCAGCATGCCAGTTAGGTTTGATATTCCAATTGCACTGGGTGTACCGACAGAGTAAGCCAGTAGAGCATGCTCCTAGGCCTTTCCTTGCTCGGCGATCAGCCCGCTCTTCTGGCATGTGTCCCACCGAGTC,853,48.42,Saccharomyces cerevisiae
SEQ_680628,TCGCGTATTGTCGTGGTCGACTATGAAGAAGTAAAGGCGATTGGTGTAAACGGTTCGCGCATGCCATGCATGCCGCTTTAACCGA,85,50.59,Escherichia coli
SEQ_186824,GGAAGATATTGCTCTATAAGGTGCTCATCTAGCGAGAATACCCACAGTCGGTTTTTGCCCTCGGTCACTTATTTAAAGGAAATAATGAACGGGTCAACTACAAAGTAACTTCTCCACGCTATACTAAGAGTTGCGAACTCACGGGCCTGGAGACATCGGCTGCGACAGAACCGAGTGACTTTGTAGAACACCATGCGAGCGCATTGATAGAGACCGCTAAAGGAGGTAACGGGCCTTGGATTAACCATAGCCGAACAGCCTTTAACGCGCAAAGGGATACTAGGTATACCAGGTTTCTGTAGGATGGTATGACGACTCAATCATTTATGTGAATCATGATGACGATCCGAGCCCGGTTCTTTGAACGAGACGTTGGGCGACGGCTGAAGATGGTGGGGTATGCGCTTGCCTTAGACGACACCAAACAGGCCGAAAGGCATGCAGCGTGCTGTAAGGTTAGAGGTCAAATACTAATTCCTAAACTACCGCCCAAAAGGGAAATCTAAAGAGTCTGTCCTTCAGACAATGCGATGTGGCAGCAGACCGATCGCGCAGTGAGCACCGAAGAACAAAGGTGACCAGTCAGCCGGAGGTTGTATGTAAGCAAGGGCCTTGTGAACCAACAGTAAATTTTGCTCAAGGTATCGTAGTTGCCTTGATTCCAAGGTGTCCCGAGTTTGGGGACCGTCCGCTAGTGGCTAGTATAAGAGTCCTAGTATCTCCACGAAGTAGGTGAGAGGTGCCGGATTGTCATGGGTTTTGAAGTGGTCCAAATAAATGTTTCCGCAGAATGACGCGCCGTCATACCATCGACTCCCTGTAACGAGAGGGTTCCTTAAATACGAAGTAGATGCACGAGCACGGATAATTGACAGTATGTTGATCCACGTGATATAAATAACCTACCAAGAGACCCATCACGTAGAAACTCTGATGATAGTCCAGGTCTAAGCCATCTGCAACTAACTACTCTGCGTGGGAGAAGAACTACATAGCAAACGCAGGATATGAGTGTGTTACGAGCGGATAAACTACAGTGCACGAAAGGGTCGGACCCGGTCTCGGAGCTTTGCCCATAGTGGTTCACCAGCAGTGACTTCTGATGAGTAGGTACTAAGCCCTCGGACGCGACTAGTATCCAGCATGTGGCTGACCCCTTGCTAGGGATTCTCACTGCGGTTTAAAGCATTGTCCGCTGGGGCACGAACTCTTTGGTTGCTAAAGAATAAAAATTAGCTGATCGTTGCCTCACAATAAGCGCTTCAATCATGTCGTTCGTGTAACCGCAGGGGACCTCACTAGTCCAACTCTTAATTGGCGGACGTATTATTTCGGTAAGTCCGTTGAAGTCGCGGGTCAGCACGTCAGACGGACACCTATTACATGCACGCCACCGTGGCAGTGCGCACGGCACCGCTTGACCCACCATGGGGCGATCAGAGGTCCGAGTGAACAACTCTGAACCAGGGGCATATGCAACGTACTAGAAGGTTCAGGTGCCAATTGAGTCAATCACAGTGCGTTGATCCCATAGACGCTTCCTGGACACCTATATCATCCCCTCTACTATGACTGCTACGCTATACAGTTCGCTGTTTCGATGGTCCCGCATCAAACTTGGGAGCTAAAGGGCAATGCTCGTAAATCCACGAACGTTATACGGAACCTAGTCAACGAACCGGGATAGACGGATGCCGCTCTCTATGCTACCTGTGCCCGGGCGGTCAACACAGTTATCCTATCTATCCGATCAGGTAGACAGAGGCCAAATATATTATCCAGCCGTGTCTCAACCACTACCCGCACTGTAGGTCGTGTCATGACACCGCCAACAACACATAAAAGTCACCCCTTTGCCCGAGGGGCACGCCCACGGGAGTTACTTCCCGACGCCCACTCCGAGTTTACGTCAGAGTTGAACCGTGGTTCGACGATTAAGTTGACCTTCAAGGATTCCTTG,1960,49.95,Homo sapiens
SEQ_711822,ATTGTCACATACATAAATCTCTGAATCCGTGATAATCGCGCAAAAAAGTAACTCTGTAGGCACAACCCACACGAAGAAAAGATAGTGGTCCGTATATGGAGGACGATAAAGTCTAAGCCTCGTACACAGGCTCCGGGAGAGCCTCCCCAAACTAAAGAGGGGGACTCAGGTGCGGTACATTCGCTGTCTCGGAAGCAAGGAAAGGGGCGTACATTCGTATGTCAGGTATTAACGTGGAGGTAACAAGCCGTTCACCCCGCCCTGTGTTCGTAGCGAGGTGGCATAAGTTTGAGGGAATAATTTGCAACGGATGTGGCCCTCCTTAGCTATAGAAGGACCGCACGAGCGAGTTAACCGCGGTCGCCGGGAACTGTTCTGACGTCGCATTTATGATGTGGAATGTATCGCCACTCTGCTATCCTTTATATCCGTCTCCATGTTGCCAAGTTCTGGTTAGAGACCCGTAGATATTTCTGACCGGCACGTTGATTCGTTGTCCAGTTCAGCGAGAAGTCCCAATGCAGACCATGACACTGATTTTGTACGCGCACCAACAGCTATTAGCGGGCACTTAGGTCCCCTATTTAGTCTAATAGCATCCGGCTTTGTTAACACTACGTTATGTAGTCGCCTTGGTCGGGAGAGGCGTATCTGTGCTTGATTACCAACGTTCAGAACATAATGAGGTCGATGTACTAACATCCACGAGCGCCTATGACGGTCGAGCAGAGCACCGTCGCTTTGAATCTGTGCAAGACAGCGCTCCGAGTTACGATGATACTTAAAATGCCGTCCACGCGTAGAACTTCCAGGGACTTGTTCCGGTTACCAGATAGCTACAGTGGACCGACTCGAATTACCTCCTAGGGCTCGCAAACTAGTGGGCCATATACGGTGCGGTGTTTACATGGAGGAAGGAGATACTTATTGCCACAACCAGTCATGACTGGCCTGACGCGCAATTTCTGCCACTCCTTCCAGCTGGGTAGCAAGCCAGCATTTATGACAACGTCGCTCGGCACGAGGAGGACCAATGCCGTTCACAAACGAGGGCGGACTGTGAGGCTACTTCCACCCTCTGTCCGCCGGCCTAACTTATAATAGTGTCACAGGGGGTCACACATGCTTCTCGCGGACGTCAGTCGTAGTGAGAACTGAAGGGGGACCGAAGCGTGCCGGTTAGCCCACACTGCCACATGAGAAGCGCCTAGCGCCGCGGATCGTTTGGTCATCTCTCAAATTGTAATGCTTGTGGATACCTACTCCATGATCTGCGGTATGTCTTCTGAGCAATCTTATCTGCGTGGGAGTCGAGCACACACAAGGATTACCGCGGTGGATCTTCCGTCTTAGACAGGTCAGAATTTTACCTTGGCCAAACCGTCGTTTCTCGCCCTTCGACACGCACTGAAGCGCTGATAATTGCTCCGGA,1432,51.33,Saccharomyces cerevisiae
SEQ_786503,TCGATGGGAACGCGGACTGGCATGGAGTCAAGGAGTGACCCCGTGGGATACCGTCAGCCTTTCCAAAGGCTTTGATTAATTCAATGCATAAGACTTGTGGTGACGGCATATCCAGGCTACGTATATTCTCATTGGCACTTGGCTGAGTTGTCTACAGAAAGCGGTAGCGTCCGTTCGTTAAGCGTACATTGTATGGCTGGCGGAGTTAGCAACAACACTCCCTAAGCTCCGTACGGTAGAGTGAGATACCCTTGGTGAAGACTTATATGATGACGTCTGCGTCGCCAGGAGCATTTCGCTGTTGAAGAAAGTTAGTAGACTGACCGCCCTTCGAAAATTAACCCATCACTTCGTAGTGCGGATTCGCTTGAATCGGGTCATTTCAGTGCACCGTAGAAGCAGATTCTACGTTGTTTCGATATGCCCAAGGGATAACCGTAAGTTGTTCGTCTCGGGAAAGCGTCTACTACGTGAGATTCCCATTTCGTAATGAAATGTATAACTTCAGTTTTGCCCATTGCGCGTGGATGAATGGTTATGTGTTTCATTCGGGTACAACTCCATCGTGTCCCGCCCGAGACTCGTTGTACCCTTGTGCGCCGACGCTGCACCCAGATAGTGTCCTACACCCTTGATGCCCTTACCCTAGTGAGCGAGACTATTG,664,49.25,Saccharomyces cerevisiae
SEQ_885742,TCTCGTACCATCTAACTTACTGGGACTTGGCCCCAAGCCCACGACTATTCTTATATCCTCATCTGCAAGGTCATCCGTGTGGGATGGTCTGCCACGGAGGTTCGTCCACCCAGTCGCTGGGGTGCACCAACCTAGCCTGCCTGACCAGTTACCAGCATTGTGTTCATCGACTGCTACGGAAGGTGTTGCACGAAGACATGAGAAATTCGCCAAACGTTAGGCGACGCCATACCCGAGACTGTGCGAACATGAGTATTAGTGAGATTATGTAGTCCATGTTTACAATTGAAGCTCGCAAAGGGTCCGATAGTTAACTAATTAATTGCGTTGCGGACGGGCGCTGGCTGATCTCAATGCACGGCATCGCGGACTGAATAATGGCCCAGTGGAGATGAACGCAGACTCGCCTTTGCTCGATGGTTTACTGCCAGGATTGGACACAGATTCACGTCTCAGAGCCGCACAGCCGGGAATCGCTGTCATCCGGTGATCAGAAACCATTGTCGTGTGGTAAAATTCTGTAGTCGTAGCATCCGCGGTTACTAAGTTTGATTGTGTCCTACAGGTTGATAGGGAACCAATCACACCTCCTGTTTGATGTTGGAAGCTTACTTGGTGTTCTTAGAGCCGATAATCCTCAACGCGTATAAGTGTTTACTGCAGTTCGTACGAGCGCCAGACCTTCGCACTCCCTTGTGTAACGCGGTT,708,50.56,Mus musculus
SEQ_988809,ACAAGTCGCGCCACCCTGTATAGGGAAACTACATCTACACCCGGTACTCGAGTGGTCCATTATGTTAATTATAACGTTGACCGCTGTCCCGTGAAGTGGAGAAATGTTAAGGGTTGTATAAACGTCGTGCACTTCGACAACGAACGTCTCATACCCAACACACGATATCGCATTTGTTCGGTGGAACCCGTGGTGCGAATGTATTGATGTGTGCAGGCCCGTGAACGATGCGGCAGTCGAGGGCGCCAGGAGCATACTCACCTCCGGGTGTAGCGTGGCCGGAATTCTGTTCCGTTTACAGATTCGTTGATTATATGGAATATAGGTAAGTTCTGCGTTGTACATGGTCCAGGCAACCTTCCCATGAATGGTGCACCCGGTCTGCTTATACTTTCGTCACACGACGTCTACTCTATAGTTCCACGTTGAATCTTTCCGGGTTTCTGTAGTATCCTGGTCTCCCGTCATTTTGTTTCAAGACCACCTTGAAAATCAGCGAATATGACTTCCTTGGACGCTGTTGGCATCGTGGTCATCAGAGAAGAACTTAAGGGGCATGTATTATCGGGTGATGCAGCCCTGGATTCATAACCCCTGCGTGTAACGATGAAGACGGAAGTATGGCAAGTAGGCCGAGGGCCGGAATTTCCTTGACCGAAATATCCCCCAGTTGACCTCAGTGTGGCTCGCCCGCAATAGTCCTTTTGCTGCATGTTCTCCAAAAGCAAACACCGACCAGTTATGGGTTATGGGAAAAAGAGCGCCAGGGCCGTAATCTACGCAATTTTTGTATTTGGATGGCTATACATTGTATAAGACCCTCGCACACTGATGCAGTAACAGACCAGTGTGGGTATACGATCGATGGATCGGCCTTGCGCACAGAACGTGCCGAAACCCCAGTTGGACCGGACAAATCCAGGAGCTCATCATCCCAATATCCACGAGGTTTGGTTTAACGCTGCTAATGACGTCTACGTCGGAGCGTTAAGAAGGATGTTGGGTGACTTTTTAACTGACAGCTCCATATATTAGCTTAAATCGCACGGAAAAAACCCTTGTAGTCGCCAATCTATGCCGCGAAAACTAGACTACGGCGATATCTCCAGCAGGATGGTTTGCATAACAACGGCACGAGTTCGGCTAGAGCGCCGGGAGTCGGAAGCGACGAAAAACGTTTGTTTACGCCGTAGGGGTAGTTCGCTAGTGCCAACTAGGAGGAATAGCTCTCAGCTCCGGGTACAAAGGTAAGAGCCTTCGAAATGACTCGTTGGCTTCCTACGTATACTCATCCCTCAAGACCACTCGTCGCTACGCATACACACGTATACCAAGTATCCGTGATTGCCCTATTTGGTAGGTG,1363,49.38,Escherichia coli
SEQ_909821,GCTACCAAAAATAGGCGGACTCCGCAACCACGAACGTATAATCGTTAATACAATCCAAAATATCCCCATCCGGAAGGTTCTTACGTGATACGATTACTTTCATTTCTAATAGCTTGAATCTATGAACATGGGTTAGCCG,139,41.01,Homo sapiens
SEQ_696215,CACTAAGGAAAAAAAAGCGATCTTCGCCGCTGCGCCCTCGATCGCGAGAAAACAGAAAATAGGTACACCGTAGTCCCGTAGTGTTATCAGGATTGCATAATCCTCGGAGTCCTGAAGAGAATGGACTGTGCAAAAACGGGGTGCATCTTGCGATGGTCGATGTATCTGTCTATGCGATTACCGCGCAAATGAGCACCATACTAGCGGTTATTGAAACGGGGACAAGGTATTGTATAAGTCGAGGTGTAGCTCCCCAGGATGGTGGCGCTTTCGTTCTCTAGACCCTGTCTGTATGCCCCCTCGTGTTATAAG,312,49.36,Arabidopsis thaliana
SEQ_154621,AAAGAAAGGCTTGCTGCCCCGCTACAGTTTAACGAGAGCCTTGGTCTAGCAGCGGGTTCCACACATACCCCCAGGTGGCGGCCATGTCGACCACTTCAAAAGTAGACACAAATGACATCCAAACCTGTCTAAGTGGTGTTTCTTAAGTCTAGCTATCCCTCCAGCCGCATCAAATCAACCCGGGAGAGTTCGTTATCGACACTTCAAATCGGTGGGACTCACCGAGACTCTATAAATGCCCCGGAAGACAGCGCAATGAACGATACGTAAAGGAAGAGATACGCGTTGGCTTTCACAGGTGTTCCAAACCAGTCCACAGTGACAAAACCTATACCAGAGTTTGTAGGCTCA,351,49.57,Homo sapiens
SEQ_261452,TTTTGCAGTGGACAAGCCTAGCAGCGCGAACGAACAACTCATACGCTGGCTCTGCCCTTACCTATTTTAGCAAGCCACATTTGAGCCCACGACTGAATAGAGGAAGCGAACGCCAAGAAAACGATGCGGCTATATTAATCCCCGTAGCTTAGATTAGCTCGATTTTGGATTGCCGGGGGAGCAGTCCCTAATATAAGTTCTCACATGCCTCACCTACTATAGTGTGGG,228,48.68,Saccharomyces cerevisiae
SEQ_166993,AATGTCGTGGGACTGCGACATTAGGTCCAAGGGGTTCGTGCTGGCAATCTTAGGGGAGGCCGTGGGATCGTGGCTCGATCACCTCAATCAGACACAGTTAGGTCTAACACTCGGAACACGCTTTTAAAGTCCAATAATTTCACCGAAGACGCACCTGTATACTTTTTCGCCTATTGAGACCGTCCGATATCGCGTACATTCGGATAAAAGCTCATATGACCGATCCCGAGGCGGGAGTTAACGACTGTATGCCTCCCATCGCAATAATGTTGGGAATATGATAGAGTGGAGATTACACTGCCCATT,306,48.69,Escherichia coli
SEQ_723791,AGCTATATTGCTATTATTCGTTTTTGCGATATAGGCGATCACTAGCCACGCTAGATTGTCTCCATCCTCATTCGCCACTGATATCGGAAAATCACCTTTCGGTGAGTCGTTTGGAAGGATAGGGGTCGAGGAGTGGAAGACAAACCTAAGGATCGCCGTGTGGGGGTTGCTCCAATAGTAGGGACATATATAGAGCGGGATGAATTCCTTGAGATCTACATAACTGCAGGGCTCTAGGCAAGTATTTGCATGAAAGGGATTTTGGGCAGGATAATGTACGGCGATAATTTCCAATCTATTATGAATTCCGATGCATTCAGGCTCTTATACTATCGAGCACTTACCAAGCATTCGGTCTAACAACTTTTGCGGGCTAGCGGTGCGCCAAGCTGCGTCTCGCCACCCTAACCAGACCCGCACTCAGTCTACGATGTGAATGGACGGTAAGATCAATATATCATGCTCGGGATCTTCGCCGGGGCGGCACCCAGTGGCGGGAGGGAAGCCTATAATCGCGGTATTTACAAGGAAAAGGCCAGAGCGAACGTCGCGACCATACCCGTACTGGCTACGCTAGAACGCCATGGTTGAACCCGGACAAGGGATAATACGGTCACCTCAACACTTCGTGTATGTAGGGGATTCGCTTAAACGGGCCGACAATACCTATTTGCCCGAGACACGTTACCGGCAGTAGGGACTCACATCGAACATCCCTTGCGGGTTAGTCACCAGCCAATCTGGTCGCCCATTGGGAAAGGACTTGGCTTAAGTGGCTCATTTCCGCCCCCACGCTATGTCTTTGAGTTTTTATTATCTGCCTTACGGAACCAGTGTGAACGGGGGATCTGTCTTAGTCTCTCTAAAAGTTGACGATTTAGTTGGACTACACGGTGGGTTGGGTAAGCACGGATCAGTGACTACTTTTTTAAATGCTTCTCTGAGTACTGCGACGAGTCCTGCAAGTAGAGTCCCGCAGCAAACATCTTTAGCTATAGACCGTGTGGGGTTATAGTTGACCCGACGGCCTAAGTCGGAGCGGCGAGGGTTCACCCCAGCATCAGGTCGCCCGAAAGCCGCCGTGTACCATATATGAGAAAAGATAGTTTCC,1111,50.05,Escherichia coli
SEQ_376365,ATTCGCATTGTACTGGATTTAGAATTCTTGTAAAGGTGTAGACCTAGCCGTCGCTCCCAGCTCCCTCGTGTTCCAATTTATGGATTGTCCTGCGTGAGTTCTCACGGTCCGTTTGAACTGACCCAACAACGTATTGGTGTACTGGTCGCAACGGGAGCTAGTCCGTCCATCGCAGCAGGCCTAGAAGGGCGGAGAAGCGATGCACTGAGTACGCTTCGATATAGAGACAGGTACATTCATCGTATTTTAATGGCCTAGTCGAACACTTGAGCAGGGTCCGACTTGATGCTACTACAGAGGAGTCAGTTGGCTTGCTAATGACTGGAGGAATATAATGGGGTAGATATAGGCCGGTACGGATGGCTGATCTAGATTCTGTCTGACGCCTGTAAGTTCTTATTGAACAAACAATTCGACGGGATAACGTTCTCCCGTCCCTTTATAACCTCATAAGTAAACCCAGTGCCGTAATGACGTCCTGGATGAGCATCCAACTAAAAAAAACCTGCGGTCGTTATTTGATAGGTCATGTTCATACACGGGCTCAAAGGCTCCTAATGGTCCCTCCTATCCGCGCTTGTTACTTTGAAAGACGTCACCAACAAGTTCGCCGTCGCGACGACGACCCAATGGCCCGCTGAATTGCCTTTGCATAATGAAGACCTCTGTTGCACTTGCACCCAGCAGTGTACCACGTGGTCGCGCCGTGAGTATACGGAAGGTGAAGCCGATCTCTAGAAACGCGCCAACCTTGTAGGAATTCGATGAGTGACGGTCGGGGGCTGTTAGAGTGAGCGTGTCGGCCCATAATGGAGCGATCGGTCGTCCCAGAGTTCGCCAACGCCGCTAAATCACCGATCAGAATAGGCTCACGAGTGATTTAGCAAGCCGACCTCTTCATCAGTGGCCTACGGATGATTAAGCTGGGACCGCTACTCACGACACTTCTCGCGGTAC,957,50.68,Saccharomyces cerevisiae
SEQ_129024,AAGTAAAAAAGTTCTCAGATAGCACGAGTGCGAGCGCGTGATTCTTTCAATACCATTACCCGTTGCACTATTCGAGTAGTATAGTCGACCTGAAGATCACAAGTAGAAGTGGTGGCCTGCACCAGAGCTATAAGGGCCGGCCTTACGCGGGGCTTTTGCTCAACACGTCCGGTAAACCAAAGACTGGCTGTCTCAATTCATACAGACGCCTTGGAATTCTGCTTAACCTAAAGTGCTTTAACTATACTCATGCTTGCCTCACGGGGCGACGATTGCCGGTAGGTGATTTTCCAGCTCGATCTCACGTTAATGTAGAAAGAAGGTTTGCTATTTTGTCCGTCGGCAGTGGGACAGTATTAAGACGGCCAGAACAGCATTCATTAGGGGCCAGGTCCGTCAATTCAATACCATGATTTCCGCGTATTGCAGGCAGCGCCTGGATGGGAGCCTAGTTAATCGCAGCACCTCCGACTAAGTAGTTGCATAAGTCATCGAATATACTTCCGGGTTAAAAGATAAGAGAGTCACTGGCCGTTGGACATAGGTGTCATTAGATAAACAGGAATTAAAATGGTATAGGCTTACAGTGCCGTGGGCTAAAAGTCGTACTAAGTCACCCATCTGTCCGACCACCCCTTACCCGGTAGACGGCGCCACTTTCGGACGTTCGAGAGTCCATCAACCTTTTCGCAGACGTGCTTCAGATCTGGTTAGCGCCTTATTTTCGCTGGTATGAGCGGAGAGCCTATGTCGTGGCGATTTCCGCTAGCGATTAAGCGCAAATCGACTCTGGATTCCCTCCAGGCGCTGCTGTGTCCCCCTCCCAGTCTTCCATAGCCTCTAGTGTTTTGCTAGCTTGGGAGGGGGCAGTGCTAGCCTCCAGGGCGTTCAGGATCCTTCTAACAGGAACTGTCAAGGGCAGCTTTTCTTAGGAGTCACGTTCCAGCCTCCTAATGGCAATTTGTGGCGCAACGTCTGACTAACAAAATAATCTCGGTGATCGACCTCGACACGGTATGGTTCTACTGAGGTCATCGGGCGGTGGGACTTGCACAAGACGGAGCTTCTGTACCTGCTCTCTTC,1083,50.23,Caenorhabditis elegans
SEQ_391936,TGCGCGGACCTGACATCCGCCTTCCCTGGAATAGTGTGTATCGGCCATCTACTGAGCACATTGTAGATATTTACCCAAAACGTACTCATAGTCCCCTCGCTCCTGCATCTAGGACGAGTAATAGTCCTCGACTTCTACACATGACGGCTTTCACCTATTAATATCAATTTGATTTATTCGAGTTCAGCGTAATTCGTGATGATAAGTGACCCGTTTGGCGCCTTGATCTCGAGGGTGGTTTTTTCACGCTGAGTCGACTGAGACTATGCTTACTCGGTATACGGAGTATTCACACAGGATTGGTACACCGAGCCCTTAAGAGAGATGCCCTAGTACGATTGAATGCCTCATAATGATTTCGTAGAGTGGGCATTGTCGCAGGGACGCCAGAGATGGCTATGCAGTACTCTGTCCTGCAGCAGGACGATCAGGTGCTGACTGGGCAAGCGTAGTAGTATCCCGTCTTAGTCTCAGACGTTTGAGCCACCCATGCCGACACAGCCGGTAGAAGTATTCCATGGCGCTTATGTGGCAGGCAAACGGTAAACTATTTTTTATCTTAATCGGCTGGCTCCTGTTAAGATTAGCTTCTCCGCGTCCATTTCCGCCACAAAAGAATAAATTGGTGTACCTCAGTTACTTTCGTGGATTTCGTGTCTATGGATCCAGGAACCAGATTCCGGTGAATAGATCGACTGCCAACTCCACCCCGAGTTTATTCACGCCAACTCATGACACTCTGTAAAAACTCCTGTCAGTATCCTATGTCAACATGGCTACTTGCTTCGGTATGCAGCGCTATATCTCGAAGAAGGCAGCTGATCCCTCAGTTGCCAACAGCCTGGACTACCTCATGAAACATTATGCATGATATCGAACTATGACCGGTTACTTCAT,897,47.49,Homo sapiens
SEQ_675288,TGGTAATCTGGGGTAGATTTTTTGAAATTCGTGTACCTCGTTGCTAGACGTGCACTTACTTGTTTTAAAGCTTCACATTGGACGGGCTGCACCCTTGCAGAAGCGAGACAGTCTACTGCGCTCTACGCAATTCATCCGCGTTAGTAGTGGCTTGAAGTCAGAATTACATGTCACGAATTCTAAAATCGATTAATAGCCTCTTGGTTTCGCCGGTGGGTCACTTGCTTACTCTCTGTATCGGCAAACTACCATGCGATACGCCGCGTATAAGAGAGCTAAGAGAATCTTCCGTTCCGACCTGATACTAAGAGAGGTAGTGTTGGCGGGACAATACTTCTCAAGTTTTCTCCTCGGCCTTTATAAAAGCACAGTGGTTATAGAGGTTTAAGGATAAGCTTGTATATGTGCTTCACTTAATTAGACTGTGTAGTGCAGGCCCCTGCCGGAGGTTGTCTCCTGTTCCACGCCCGGATCGTGAGAGCGACACAATCGAATCATTCGCCGCGCTCGGAGCGACCGTAAGTGGCTATTTGTTTTGCTGTCCTCTCCGTTGCTGGGTGAGAATATCATCGGTACGTAAGGTTACGCAGATCTCCGGGCTAAAACCCGAAGCCTCCAATGTTAATTTAGCCTAGACGGACGCCAAAATCCTCCAGGCATACTGTGCCTGAATGTTCCGGTGCGGTGGTATGAGGGGCTGTTCGTTCTTAGACTATTGGGCGCGCTCATCGCATAACTAAACGCGCACGAACTTCTTCGGGGGGGTCGGTAAGTTCGGCTCCTCCCCCTTGTATAAAGGACTTGCTGGAAGATACAACTAGAACCTCGGTCGCAGGAAGGGATCAAATCGTCGTATATAGTCGCCGAGTGGCTTAATCCCGTTACTGCCAGGAATAGGATTCTACGTGTTTAACCCCTGCGGCAACTCTATCCCTTGTGTACAGCCACGATAAGTGTCCGCATCGCTCAAGGCTCAAGCGTAGTGCAGGGCACTATAAGGTCCAAATGTATTACATGGAATTTTGCAGCGGGACTTACGTTCCGCGCTCAAGCTATAGAGTTTATAGGCGAGTCGAAGTCTTTACCAACAAGCACGGTATGAGAAAGGAGACACGCTCCTCTAATAGCAAAGAGGCCGAGCCGAAACAACACAGCTGGTTCAAGGGAAGCTCATTGTGTTCGGTGCTCCGTTGGTTGACTAGAAGATACATTAACCGGCTTGTATACTTATTTGGAAGTAGACGTTTTGGTCTGAATACAACCTCGCTGCGACTCATGGCCAGCACAACAAGAAGTTATTGTCCCTGTGGTTGCTCCATGACCCAGTCACCACCGGGCTCTTCCGTGTCAACCTTGATATTGTGTAGATTTTTGGCCGTGAGGCGTCTAGATTACTATCGGTGTGAAAGATTGGAGCTCGAGTACCTCTCAGACAACTTCCCGCAATACCAACCGTTTAGCCGAATGCCGGGTACCTGGAATATTCTATTGTGTCGTATTCAAGGGCCCATCTCAGAGTCTAGAGCCTTGTTTTTGTGGTGTTACGATAAGGAATCAATGGCTGACGGGTCGGCCGGCCTTAAGCTTGAATAGCGTTGTATCTAGGACGCGCACAAGTGAACTATCCCTGTGCCGCAGGGCAGAGTTTTTCCACGTGCACTACTTTCACTACTTCGATACCATCACTTTACTCGAAAGCTCGGGATCAGCTTCTAGGTGGATTAACGAGAAGTGAGTAATGCCTCTCACCATCCACATAAAACGATTCACAGCTGGCCCCCATTAGGGAGAGGCCAAACTCTTATTTTAAGCCGGACTGGAAGTCCTGGTCATGG,1835,48.88,Caenorhabditis elegans
SEQ_233322,TGATCCCGTAATCTGGGCAGGTTTTAGATAACTTCGAATCCACTAACATAGCTATAACGAGCGGATTGGGGCAGTGCTGCAGTTTTCCAGTGGAGCCAATACGCACTGTTAGCTGATAATTCCGTGGTGCGTTGTTGACGAACACATAATCTGCTCCTAATGACTTGCGCACTGTCCCAATGACTCCTATGCGATGGGCGATCCCTGGCCGCTATGGTAAAGGGCCGCTAGCGGATCGGATACTGAGAGAAGGAAGAAGACAGTATCTCCTGAGTTACGAGAAAGCGACGTCTAGATGTATAGAACTGCTTGTGTGTGTCTTGCGTCATGAGATATGGCGTCCTCCCTGATTATCTGCGTCGTTGCCGCACTTAGGTTTACCCCGTTTAATCGGGACATCGGGTGTATCAGGGTGCACATCGCGACACTTCTTGACATTCGAATTAGTCTATTCTTTGTAACGACGAAATTGTGAAGAACCTAAGGCCCTGATAACAGATACTTATTACAAACACTACTCTAAGGCAATTTGTTAAAACAAACTACCCTAAGTATCGGCCGTCTCCTACCCGAATGCCATACTGAAAGCCGACGCAGGCCTAATATCGTACGTTCTTCCTGCTTTATAGGTTCCTTAGGCGGTGTCAGATGCGTAGGTTATCGCAAGATGGCGATAAGAATCAGCACGCGTACGACGGTCAGTCTGGGGATACCCGGCGCACACCTGGGTCTCGCCATGCTTAGCTCAATGCTTGCTAGAGCTCGACATAGGACCTGTGAGACAATAAGAATCCCCGTCGACCAGTGTACGACCTTATTAACAGGTTTACAAGTATAGGCTAGAGATGGCTGGCCGACCTTTGGGCGATTCACTGCGTAATTTCTACTTTACTGGATGGGCTTTCACAATCTCATTATAGCGCAGCGATTCCAGGCAACAACATCACACTATAACGGCAGTAAAACAGCAAAACGCCAAGTAGCTCTCGGGAATTCGCTTTTAGAGAGCCGACCAGCATTCCCATCACTGCCGGGACCGTGTCCAGTGGGGAGTAAAGGGGTAACGGGTGGCGGGCCCTAATCTGGTTATCGAGTACGAAAAGTGTTCAACATTGCTTACCAATGCCAGCACCTAACTGAGAAACTAAAATGTTATAATTATACTTACTAATGGTTTTGGTCTGGGGCTTACCCCGTTGGCCTTAACCAGTCTTGGGAGTAAGTGAGGGCAAACCTCACATCGCTCCTTGAAAGCACGTCCCTACTTGCAACGAATTTAGCCGTGCAGAAAACCGCTCTCACTAAATGCACATAATAGTACCTCCGGGGGCAC,1333,48.39,Mus musculus
SEQ_115677,CTAGGTACCTGTAGCTCTTCATGCGATCATGCAAACGAGCCAGCGAAGTTAGAGTCTATTTGGGAGATACTGACGACTCGTACTAGGTACGAGCAGCTTTCCATATCTGTAGTGTAGTAGACGTTTTCGCGAGGTTATTCCATACGAGCCGGTCTTGGGCCAGCAGACTGCACCGTCTCAATGAGTAGAGGACTTCACTGTGTAAAGGAGCACCTTGTTCCGGCTCGAAGGGAGATTTCCGCGTATTGGCGTTTTGTACTGATCGAGAAGCATGGCGCGTAAATCCAGATCGCCCCATCACTAACTTTTCTGTCTTCACCTATCATGTGGGTTGATCAAAGAACCACGATATTTATTGCAGATCAATCCGCTGCCGCCGTATAAGTTGCTGGTTTGCAAGCATGGTATTAGCTCATACGACGAACGACTTGTCTGATTCTGCTGCTTGGAACAAATTGGGTACCTAGAATGCATGGGCGTAGGTCTTAAAGACAGTCCGCCCCCTAATTAGGTCTGAGCCCGAGCTTGTCAAGCAAGGCACTTCGTTTCTATGGTCTCGTGGGAAAACCTACTCTTAGCTTCGAATCCCTGAGTGTGCTCGTATGCCGCCGAGCAGCGACTATATGCAGCTTAGTGTGGTGAGTCCCTGTGAGAAGGAAGGTTACTGGAGAGCTACTAATTTAATATTAACTTTTTGTCTATTCTGCGGGCATATCCCACCGCCGGTTATGGGGGCCAAGAAATTGATGACTGACTCGTAAGATCGCGCCTTAAGCCGACACAGGTGGATTTCGAATTCCTTCAGGCCTGGCGGGGATCATTCCACGGTAAGCCGGGAGACACGATTACAGACCGCGCGTAAGTATGATACCTTTAATAGCGGGTTACATTAAATCTGTGGACGGGTTCGCCGGCTAGAGAAGTTGGCCTTAGCCAGATGTTAGCCGATTTTGGACATGCCTCTTTGATTAGTGATGATGCTGCTTTGTGACGTTTGCTCGTGCCCCTGAGGACCCGGATCGAAATGCTTATCGATCGCTTTATAAGAATCATAGGGTTGCGCCCCCCGTAGGAGGTGTCGTCTCTATGCTCCGAACATCATAGTGATTGCACCTTCGTTCGTGGAGGATCCTAGTCGAGTCGGATAGTTGAGGACACACCTACGGCCTGGGTTATGGGCTAAGGATAAAATTCTAACATCATGTTCATGTACTGATGCCGTGTAGGTCACCAGCCTAGGTATACCTCTGTTCATCCGCTTAAGCACTATACACCGAGGTCAAAACTTCCAAGCTAAACCCCTCGCACATCGAGTCCTAAGGGAACACGCTTATTCAAACTCCAACGCGGAATTACCGGGAGGGAGCGGAGCTAATACTTTCCCACGCGTGACGTTTGTCTAAACCGGCTACGGATAACTTAGTTTCGTTGGCCGGTCCCGGGCGAATGTTTTCAGAGGCCCATGCCACCTTTCGTGGAGGTGACGCGCCGCTAGGGTGTTTCTCTAACGGGTTTACCTTGGCGGTTCTCAGGGATGCGGCCCCCGCGCTAGCGGATAGAAGTATGATATGAGCTCATACTGCAGGCTTAATGACTTGCGACAGAAACTGTTGCCTAGGGAGCCCCGGATATGTCGGCATGGTTGACCAGTGATAAGAACGTAGTACTCGCGCGGGTAGAGCTACACATGACTTATGCTAGCCTTCGCAAGCTCAGGGCACCATCCCGTCCGTAACGCGCTGGTCCGAGCACGTGTTGGGCGCTTTGACGAACTCCCATCATACACCCTCGAACCGCTAAGAATGAGCTTGCAATCTGATCTACCCAGCCTGGGCCGGGTC,1841,50.95,Mus musculus
SEQ_930133,TTTCGGAGGTGCGTTGCATCTAGGGGATATTTTCTTTTACAGGGCATGGCCCTCCCTATTATACGGTAAGACGCCGAAGGCAGCAAGCGCCAATCGCGGAGCCAGAACAGTGTTATGGTACGATAGGAGAGTAAAGAGCTACGAAGTGTGGTTGCGTGGGGCCGATGCAAACGTACTATCCGTCCTGATTTTTTGAGTGTGTAGCCTGCAAACCGATGCGAGCAGATCGATGCAACCCACTCGCGTTTATAGTGTGTACTCCTCTCAGTAATGAGCCGCCGCGGTTAGCAATTGAGACTTGTATGCTCGGGCCGAGCGGGGTAGCCTGGCTAGTTGCGAACTGCCAGTAGATTACGAAGGTTCTTGCTAGGCTTTCCTACCTTGGCCTGATTTAGCTGTGTTATCTTCGGGCCGCTGGTTTAGTTAGTTAATAGTAATACCAGAAGAGGACAGTGCCATTTCGTATCGACTTCAGAACTGCATCTCTCAGTCTTTCTCCCCTCAACATAGACCACTACTCTGCGCAGCCCAATATTGAAAAATCGCCTAGAATAATGCCGACGTCACATTAGGGGGTACACGGCTGCACATTGGGGCTCTCCAAAAGAGTATAGCTCCGCCTCATGTGAGACTGTAGTGTTCGTTTACCATTTAATGTTGGCTCTGCCTCGGGACAAACACCTAGAAAGTGTAACCATGCACCGGTTTGTCTAGATTAAAAACGTGCCCCCTCTGCTGGCAATCGGAGTATCTATTGCATATACATAGCGACCCACTAACAGTCATTTCTTGCCTGCGAAGTAGGGGGATAGTCTTGTCTAAGGCACGTCACACTTTGTTAAGAGAAACCCGGTCGATATAAAAGCATGCGTTGAGCGCGGATAACGTGCAAATTGATTTGCCAAAGTGTCATAATCGACAAGACGAGGCCGTAGTTCTTAATTAGCGGGTCCTCCCCTTAACACCGCGTTTAAACAGTTTTCCCACCTCAAAACTGTAAAACTCACATAGACGGCTACCCTCTTTAGTCTCCAAGTTCCCGGTTCTAGATTCAATAACCACTATGTGATGTGCAGACCTTGTTCCTACTACCCAGAAAATAAGCTCCCGTATGCGTACCGTCAAGCACTCGAAGAATTATGTAACTTCAGGCCTTGTA,1159,47.97,Drosophila melanogaster
SEQ_283982,CTCTAATTTGATAACCGCATCAGTAAGCCATTTACGGTCGCGAGGAATTTCTCGTTGATACTGCGCTCATCCAACAAACAACCGGAGGATGAACCAGGTAGTTCGTTCTTAGGATTAGGTTCATGAATCCTTACCCGTACCGTGCACAGCGGCCACACAGTTAAGTAAGTGTGAAGGGAGGTTATTGACATGTGTATGACGTGCGTTGTCTACAGCTGTTTGTAGGGTGACCTGTTGCGCGTGGACCTCTTACAGTGCTCCTTTGAGAGGCGATCCTCCGGTTGGATCAGATGAGGACATACAACCTGCCTTTTGTAAACTTCCGGTACTAGATTCAGTTTCTAAAGCATATTTTCAAGTCCCACTCCCCCTCGTGGTCCCGGGGGGCGCGTTGGGTGAAGATGGGACGCCTAGATCTACTAAGGCCAGCTCTTCCAGTTCGGTGCTGTCATGAAATCATCCGTTCTTTGAAGCTGTCATTTCGAGTGTATTCTAAATCTTATAACTGTTCCTTCTGCTGAAAACAACTAGATAGCGTCATTGTTTAGAAGCCAGCCCCAGTTTTTAACGTGAAGAGAATTCGACTGTCCCCTACTCAGAAATGCGACGAGTGCTGACGCGTATTGGACCCTTATGGCCGCGGGTCTCCTTCTCCGCTGGCCGGGCGACGGAGTCTAACGTGGGCGGCCGAGTCGGTCCGTGAGCTCCAAGTGTAAGTGGGCGGTTAGGACGCCCTATGCCTCGGACGAATTTTTCTTGGTAACGTAGTCCGGATTGTTGGTCCTACGAAAGCTGTAAACGATGCGCCCGATAATGCGATCGTTAACGGGTAAAGATGCCGCCCCTTCATGTAGGACACGGTCTCCGGTCAGGAGACTTATACTTTGATCTGCTAACGGCGCCGGAATCAGCAGTAAAATTAGTCTTTTGTAAAGCGGCCCCTTAGAAGAGAGTACGAACGGGGTGCCAGCCATGCGAGGGAGCATAAGACCTGGTCAACGACGACCTTCGGGGTTTGTCTCGGTGAGCAACCCCAGATCCATGAACAGACCAGTACCGCCTGATGAATCAGAAGTCGGTTAACGCGGACCGACAGAAAGCCTGCCTGTGATGAATCATACCATTTGTACTCCGGGACACCAATTTTGGTCACTTACAGTCGCTTG,1166,50.77,Drosophila melanogaster
SEQ_233148,AATGATCGCACTTTGGGGATCGAAGGGCAAAACCATATGCGGTTTGTCCGAGTGCCCCTGAATAACCATACATGTTACGACGATTTGTTGTTCTACTTACGGGGAAAAGCCACAACATGTGTTGTTCACCGAGCAACAATCCTCGCACTTTATTACGCATGCATCGCTAAATGAAATTAGCTGCACTTTGAAATGACATGCCACGGCCTCTGCTCTTCTATCTTCTTTGCCTTCTCCACCCACCTGGGCTAAGCTTGTTGTCCTGCGTGTGTGAAGAACCAGTTTAGCGAACTTGTATTAGGGGGTTAGCGGGACCTGTGACTTGCGTGTGAAGGACCATTTCCGATTATTTAAGTTAATGACCCAATAGGGGGCTCGTGTAGAGCTTGTCTCTGCCCTGCTCTGTTGGACCGTGTCGCGAATGTCGCGAGTTACCCAGCCCGGTGGAGCAACGGTGTGAGAGTCTTCCAACGAGAGCTTCCGCACACCTCGTGTTGGGATATAGGTGACCGCTTCGCTTAACTCCGACTGTGCTACGACTGGTAAAATTAACGGCTCGCAGCGAGCGCGAGAGATCCTCACTTAAACCTGTAAGTCCCGGCCAGCGGGGTCGGACCATCGTTTTTGAGCAGCTTACCGCGTGAAAGCGTCTAGTGTCCGTTTCTAATAACTTCGCATCAGTCATATTCATATGAGCGTAACCTGTATTAGACTCTATTAGTTTGTCTACTCCATGCTGGCTACCGTCCCCAGACTGATAACAGAAAAGCGAATGGTGGATC,782,49.62,Arabidopsis thaliana
SEQ_235069,CCCCACGAGTGGAATTTGATGCCAGTCGTAGATCGTAATCAACCGCGTGCCCTCTGTTGGGCCTGGATGCTGATGTTATACGATAAGTACAAGGATGCACTTCCCTAAAAGCTCTCGATGTAATACTTCGATTTTACCGTTAGTGAAAGTTATTTGTAGAACAATGGGAGCTTCCAGGAACGAAGGCCTCAAAAAAGCAGGAAGATCTCTCCGTGTACCTTGGACTCCCAGTCATGTCGTAAAAAGAACCTATTGTGTCGAACGCGGCAGAAAACCTGGCCCATCCCGTTATTCTTTTCCCGCGCGGGACGGAAGGAACGAACGTGATCTGCCCCCCGGTTTGGCTATCCACCATCTGTCGTAGTTATCGGCGGTATTTGGTCCGCACATCCATGCGCGGCGGCTCGTTCTCAAGTACAGATAGGTATGGCCAATGAGGATTCAAAATTGAACAATACCCGTCCTCCCAGCGTCATGTAAATTGATGTCGACTATAATCATCGCCCAGGATAAACAGCGATAATCCTTGGATTGTCCTTGCTAGTTATAATGTTATGCAAGAGATCCTTCCAATATCAGCCTACGTTCTCTCTAGATGACAGCAATATCCAAACGCGTCCGTTGAGCTGTATATACGTACCGTACTAAGTTGGCCAAACTTCCTCTAATATTGGCCCAATGGCAAACGACATTTATGTCCAGAGGTGTTGGTAACAACGTCTTACGGATAACTCCTTTTAACGCTCCCACCGATGTGCCGCGGTCTTGTGACGTGCACAGCAACCCTGGACCCGTTGCTTACTCGTTACCAGTCGGTTACCGGCCCGGCACTAGCGACCCTCACGAAAACGAGCACGTCAGTTGTTTGCAGACACGCAGCACGGGCGGGTCAGTAATGCATTGGCTCATTGACACGACAATTGCTTCTGATTTGCCCGCGCGTACAGCCACTGGTAGAGGGGACCTGTCATGCTCGATCCAGGAGCTCAGCGCCAGAGATTTGGGTGGGTTTATGTGGTTGCGGTCAAAATCCCTATCCGAAATCGTGAACCAGGGCGACTAAAATAAGAAGGCGTAGCTCAACGTAGGTCCTTCCGGCTATTGGATTTGTTCTCTAGGTACCCGTGTAGTAATCCGGGGGAAGGTGGAATGTTGATGGTACCAAACGGTCACTCTTGGAGGGCTGGATGACAGCGAAGGATTGGTGTGTCCTCCATTAACGGGTTCAATAAAGGGAGGGACGCCTGGGTTCGAGGACGCCCAACACGGGGAGTCATGAGAGACGAATGATGTTGGCTCAATTGCTGGGTGAAAAGAGAAGTAACCACTGCTTATGTTCACAGTCGGCCGATCACGAGCATTGGATTTGTAGCAATCGTAACATTTAACAAATTTTTATTCTTGCGCCACACACATCTCTCGCCTGTGCGCATGATCCCAATCGGGTGAACACTCTGCGGCGCCAGCGGCTGGAATACTACTGTGCGTAAAAGGGACACGGCGGTCTTAAGGCGACTCAAGTTACTCGTCCGCCGTTAAGCAGCGAATTAGGAAATGGCTCCACACTTAACGCGAGTGTTCTGGCCCAGAGCGTGCGTTTGTGGAGGCGAAAAAAAGACAATGATGCCTCCTTGGCAAGCGGACCCCATGCCCTCATTGGTCAAGATGGCTTATCATTAGTGTCCTGTTGCTTTCAGCTCGTATCCGGCGCCCCTGCAAAATGTATAGGACCATGGACGATTATCCACCTGTAACCGGCAGCTGCGATACCCCAAATCCAAAGGAAGCCCGCCACGGGTATCCTGAATCATCCACGCGGATACAAATCTCCCACATGACGTTAACATAAAAGAGTGACGTAGGATTGGTGCTTCCGTTAGTCTTGCTCCAAATCCTCGCTATGCAATGGACTTTCTGTTGTGCT,1924,50.26,Drosophila melanogaster
SEQ_236027,GAGTTTGCACGCGGCACCGACAGGTCAACCACCCTGGGATTCGTCCCTTGACCCTATTTTATAGCCCTAGCGCTAACACGGCCAGTGGACTTTGACATGCGCGAGTATCGAGTGAATTAGCCTACTTCGTAGCACGCGCCGACCTTTTTGCCTGCCCTGGCCAAGTCATAGAGTAATCCTATGGGACCTTAGGAATTACGAACGAATTCACCCGTGGTCTGATTTCCATAACGAGGGAACGATTGCTAACCGCTCCGGGGTGTAAAAAGGCTCCGGATGTACGATGCAAAAGCCATAGGGTTCGTGGTCGGACATTACCCCTCTTAACAGGAGACTTGCGCATCCCTATGAACAGAGTCTTATATGGGATGCCGTTCAACGACCACCCTGATTGACCGATAGACGAACACAGGAGATGACCCTGGGAAAATAGTCATTGACGTATTTGCTTAGCTATAGGCTCTTTAGTCGGCGGACTCTCTTTGTGTTCTTGCTGCCTAAACTGCATGTACGAAGTCAATAGCTTTTAAATCTAATGCAATTTAGTAATCGAAGCGATGGATCACAGTTATATCGGATGTATCCAAAGCGTGGATTTATATGAGCACTTTCTTGTCGGAGCAAATTGCTTTCGCACCGCTACATTAGAGTCGGCGACATGAAGAACTAACGTGAGTGTGCTAGGTTTTGGGGATGTCATATAGTCCCTATTGTAAGGCGAGATGATAGGTGCGTCGTCCTTCCTATATTATGGATGGTGCCGGGACATGCCTATTATCGGCCGTAGTTGGGGACGCGCATGGTATGACTCCACTGAACGTAAGGTGGTACCGCAACTGCGGCTGACTGCGCGATGCAAGTCCAGCATGATAGTCCCCGTGAGCTATTTCGCTTAAAGACTGCAAATGGCGGAGGCAAAAGGGATAGGCCATCATCCGGGGGGGGCTTCTGAGGGTCATAGAACACAAATTTCGCTGTCAATTCGGTGCTAGCGTGTTAGCTTGGCACGTTCCAACGTTTCGCACGAATTGACCTATGCAGCGAGACATCAGGGAGGATTGCTAACGTCTGGAAAGAAACTGTGCTAACCACCAATGGCTACTTGGATGATTCCGCCGTAAGTAACTATAACGCGTACGGGAGGGACGGCACTGGAGCGAACCATTGGGCCACTCGGTAATACGGAATCATACGTAAAAGCTCTATGAATTCGAGCCCTAGTCGGTCTCACGCCGAGGGCTGCTGCCTGTGAGGTAATTGATCTGAGGATCCGCCCGGGCGGACCTGGGGACTCATAATATGATATTTCCGGAAGCATCTGATCCACGTCTACCTGCCGTTATCCCCAATACTGCGCTATCGTCTCGGGTCTTCAACCTAGGATGGTGTTTTGGCTATTATTGGTGCGTCCCGAGTTTTGGGCATGCTCGTAAGCCAGGCGGTCGCATGCGCCAAGTCTCGATATTAGAAACCACCACGCAATTCAACGAATGCTGGACAGCGGCATGAACGTTACTAGTTACTTTTGTCTTCACGTTGTGTGAGCACACCGGCGCTGTCGTGAGTGTGCTGCTAATACAGGTGGGCCCACCACAGATGAAGACCTATGCAGGCATATCCGTCTGATTCAAGTAATGAGATCCACTACTACTAAACTTGTTAAGCCCCATTTACTTGGAACGGAGGCATAGCGGCCGTACTTTTCAAGACTCAGTTCTGGCTGCTGGAGGTGCCCTAGTGTGCGTGTGA,1749,50.31,Saccharomyces cerevisiae
SEQ_710308,ATACCCAGTACCCTCCGTGTACTATATCTGTGGGTGCCGCGCGGATCCAGTATGCGGTCAGACGCCCTCTACGCAAGGCTCCACTGGGGCAATTTACGTGTACATGTTCATGATTTGAGGTCAGTAGGGATTACGAATATTCTGCGCCCGACTGTCAGAAGATGGGCTGCGGGCCCTAAAGCCAACCATCACAAGCCTTTTTTGCACCTCGGCTGCGATCTAAGTTGCGCATCTTTCTAAAGTCTGGACGTACTACGCACAGGAGAGAAGCATCAGACATCTAGGGTTTCACCATCACTTATCAAACTTGCCGACATACTGTAGG,325,51.08,Drosophila melanogaster
SEQ_320448,ATCGACTTGCTACAACTTTCAGTAGCAATGCCGATAACAGGGCCTTTAGTATGCGGTCAGGTCATCTATCGCCCGGGAGCGCGTCTCCCCAGTACCGGTCATCCCTTAAACCTATCGGAGTGCTTACGCCCCACTCGCTACCTGGGAATAACATGAGAGTTGGCTTTTTCTACTAGGCCGACCTTGTCCATAACAAGATCGACGTGTGGCGTGCGACAGGGAGTGACCCCGTGGCTGACTCTCGAGACACTGTTCCTGGATGCATACGCGCGGGTCCAGGAACAGGTCGGGTTTTCAGACCGATAGTGAGAAACGGAATACGGGGGCACCCAGGGTTTGCAAACGTGTTATGATAGTATGATTTCCCTGTTGTGAGAGGGCCCTTATAAGGTTCTAGGTCTGTTCCTTCGTATCACGAATCCCGTTCATGGGTTACCCCCGATCATTCGTAGCAAAAACCATCGGCACCCAGCCCCAGTAAAACAAATGTGCTCATTACGAATTTAATCGTCATTCCAACAGTTTAGACGATCGAAGGAATCATCGGATATGCCGGAAGCAAGTCCATAATAGACGCACGAATGACTCCATAATAGTACGCCTTTAGCCGACTTTGCCAGTCTCTAGCCGAGCTTTGTTATTGTTGCGAACCACATCTTGCTGTAGACGAGTAGGACGTCCTATATACCCTAGATTCTGGGTGGACGTCCCGGACCATACCGCTCACCAATAATCGTGTGGACGACGTAGCCTTGCAGAGTCGCGCTGCGAATTTGTGTTTTGCAATGTCACAAGCGCAGTCCCAGAAAGGAACGTGGGAATTCACGCAGTCTTTATCTGACGAGTGAATTCGTTCTAACAGCGAGATGGATTATATGCGGTATACATATCGCTCTCGATCATGGATCTTCAGTAGGGAAAAATCCGGCATAGGTAGACGTATTGCTTTTGATGGCATTCCCTAGAACAGTCCATGAGTACTAATACGGCAGCTACAAAAAAGCCAGTTTGAAGATAACTTAGGTCCTACATTAAGAAGAAGCTTAAGAGACTGCATTGGACACGTAAACGGCGTAAGGTTGCACGAAACCACGTCTACTGTCTCATGCTGAGATAACTTGAAGGCGTCGGATCGCCGTTCCTCCAGAGTCATAACGATATCATGTCACACCTCTTCCCGCCTTCTTCGAGTACCAACGGGTCTTGGACAGTTCCTCGTTACAAAGTAGTTTCCTTAATGGGCGTTCTTACCTTTAGTGGCTGTCATAGGGACTAACCCGGTGGTCAGGCCTCCCGGCACTGGAGATGGACTACATGTACGGTAAGTTAACCGAACGAGTACAGTCCTTTTGTCTAACTAACACCCCGCTATGTGGCTATATCCCCAATGCGACCATTGAACAATGGACATGCGTTATGGCAACTTAGAACGCCTTTAACTGGACTAGCGAGTGCCAGCTGATTTCGAGAGTGCGCAACTCAG,1483,49.02,Mus musculus
SEQ_888514,ATCGAGGACGATGGTGAGTGGAGTCTACACACCACTTGTCGAAGCGTCTGAGCTTGCAACTATAGTTTTGATATTGAATAGGGGCTTTTATTCCCTCAACATATCTGGCTATCCCGGCATTTCAGGCACAGACAAACTCGTTGCCAAGCATCACTGACGTGTTCCTCTGTTGAGGTGGGCGCGGCGTCTTGTTCGGAGACAGACCGGCAGTCAAGTATGTATTAGCGACAGAATCTCGGGGACTGTTAATTTTACACTGAGCTTACGAAGGCTGACATAACAGTGTTTGCTGGGGTCACTGCGCGTAAACTCCCTTAGTTGTGTGACACAGGCTAAGCATTTCTGTTCCGCCTGGGATAGTGACTACCTCGCTTAAATCTATACAGATCGCCGGATGATTGTGTGCAATCACAGGTTCAGACAACCTCTAAGATGCCGCGTATGATTTGATAGGCTGCTTCATTTTCAAAACGATTTCCATACGTCACCATCAGCCTTCCACTCGCGTGGGCGCCGTCTAGAGTCTCCTAGTTGGATGGATCTGGTACCGTTTGATGTGTGAGTCGCCCTACCTAGGCTCGTT,583,49.06,Homo sapiens
SEQ_467932,CAATAATGCAACTGTGCCTCTTAGGGTTACCCGTAACAAACGGGGATTAATGGTAATGACGCGTGTGTTAACGAGTCTTGTTATTCGGTTGTTGTATAAGGGGTACGTTCCGCACCACCCCGACTGGCCAGAGTTCGTTCGGGGGGCAGATACTCTTCCAACATCCATGTTCGTATGCTCACAACACAAGTAACATCTTTCACCGGATACTCCCGTCAACCTGAAATTGCTAGGAGGGTCTCCTTGCCGCAAGTCGCGAGGCCCTGCGGGACAAGACCTGGGCTAGCCGGGCCCAAGCACCACAAAGCCTTGTGCCTAATGATCCCCAAAGGGTCCCCTTCTTTACAGATCGTCCACAGACCGCAGAGAATATGAACCTACTAATTCTGCGCGATCTACGTAGCATATCAGAGGTGAGCTCCGAGCCATGCCTCTAATAAAGACCGCTAGATAATTGAAGCCAGCTCTCAGCCATATGTCGGTTCATACGTCACATTCGATGATGATACCGAATGGCCACGAGTCGATTAGACACTAATTACACGAGACTATAAGACGCCGGGCATTGACTCTGTTCCGATGTAACTTGTATGGCTGTTTTTTAGGGGGCTGTCCGAGATCCATACCCAGTGGGTTATTCGGCGGGACGTTTCACAGAGGGCGCAGCGGCCCTACCGCAACCGTCGATCTACCGGTTCCGTCTGACGACTATTACCACGCTTGTCACCTCGCACGGGGCGGTGCATGGCTATATTAAAACGTCACGAGCGGAACTGCGAATTACACCATGATTGACTTTTAGTACTTAATATAAGGCAGAAGGGCACCATAAACTCGGGTTCGGCGTAATGTGATGTTGCGTAGTAGTACGAGAGTTAAATAAGGTAAGTAACACTCAGTGTCCTATGGCAACACTTTTCCAGAAGGGGAACCGGAAATAACAGCCTTGTTTTTCGGGCTGACCGGGAAGTGAAAGAGACTGTGAGCACGACTACGCGTCCAGGGACTGGTTGTGTATCGAAGGCGGT,1028,50.58,Mus musculus
SEQ_275719,ATCGTTGAATCGTCGTTATGCCCTCCAACAAGGAGTACACTACTCGAGTTAGTCGGATAAACAAGATGATCATTTATGATCGAGGCAGCACCGACCCGCATCCCCGCAGGCAATCCACTACTATTGGGGGCGGAAACAGTCCCGTACGAACCTCCAACGTAAGGTCCGAGAATTGATAAGACCCTCCGGATCAGCAAGATGCAGCAACTGTCGACCCAAATAAAGTTAGGCTTATTGATTTTATTGGGCACCGCGACGGACGGTGGGGAGCAGATTACGGCCTACGTCCTTACAAGACCGATCGCAGCCTTTCGATATCATCAGACTCCATCCAAGTCAAGAACATAGACCCGGAGGGCCAGATTTCTATTCACTGTTAGGAATATTTGAGTACTGCGTAGTTCTTCATGCGCCGTAGACGGTTTGGCTCCCCCTGCAGTCGCGCATCCAGTATATACCCACAACGGTAACATAACAACGGTGGGGGCCGCAACTACGCAGGTTTGAAGCCAGCAACAGGATTAAAATCTCCGCTAGTTTGACTATAGGCGGTTTCTTGACGGCGGACCTTGAGAATGAGGCAGCCGGAACGCCCCTTTCAGGCACTCGTACGAAACAAGATGAACCGTATGCAGAACGGCTTTTCTTGGGGACCGGCGTACTGAACAAATCATTACGCGTGCGGTTCCAGGACTTCTTATAATGCAGTGCCAGCAACCTAGGGTGCCGTAAAGAATGGGAACGTTAGCCTCTTGTAGCTCACGTTTCATTCTTACCGTCTTTTCTGTCTTTATTGGTATCTAGAATCTTCCTGTCACAATGGGGGTTTATCGGCTTCCCACTTCTCTAAAGTTACAGGCCCAGACAGGCTTGGCACTGTCACGCGACGCTGAGCCGCGCACGCCCCATTAGTCCTCCAGACCTCCCAGCCAGACCGTCGGCGGAGCTGATGTTAATCCAAAGAAGCTGAAACGGCAGGGCCGCCTGATGAGTCGAGGAGCTCCTCGGGTCCCTGGTGTCACCTATCGTGATGTACCGCGTACGCAAGAGATGGACGCCCGTAGAAAGGCAAGGCCCCTCACGCTGAGACCACCCGCCCCACTTTGCCGACACAAGTTTTAACCTTCGCCCCCCCTGGCCAGGACTCGTGTCGGAAGGACAGGTATCTTGAGATAACAGAACTTCCGCAGAGCTTCTCCCTATTGTGTGCCTTACTACACTCCATCGCATTTGGTCGAGTTACACTGGGCGAGCTAAGGCTTGACTCTTACATGACACGTCGAATAGGAACCCTCGTTGATCCTCCGTGAGGGGAGACGCGGCTGTTGAAAGTCAGCAGAGAATGCTCCGATCTACTAAAGTCGCGCGGCGAGCCGTATGAATGGCTTCACTCTACTGCTGTGCCCGTAGAGTCCATTTCGATAGCTACATACGACTTATAACTGTAAGCTTAGTGGCACGACTCAGGGGAAGCGAGCCATCCGACTATGACTATCGAACATGGAGGATCACCTCCCAGAATCCAGCGCTTAAGCAGAGCGCCCTATACCCATGAATACGAAGCTCCATATACCGGGCTGGATATCATCTATGACATTTCAAGTGGTCCACGGCTAATACTCGCGGATGATTAAGTAGTAATGCGAGTAGTCCCTCCTTTTGCAAGGAGAACGCAGGCGGAGGTTAAGCTCGCCATAGGCGTGGCCATAGAGCATATGATTAGCTTAGTCCTCGCCAAATTTATGGACGCCCCGGTGAGTTATGGGTTGCGAGCCCTTTAATGATAGAAGTTTGAGAAGGGGCAGAATGCGCTCGCTAACACATGCCGTTGGGGTTATCTTCTAAAGTAGCCCACCTATTCGATATGTTAGTATGATTGTTAGACCTGCAACATATAATACACAACGCACATAAACCGAGCCGTTCAGGCTGGTGTTATTGGTTTTGTATTCACAGTCCACAGCTAACGCCGAGGAAAAGC,1981,51.34,Escherichia coli
SEQ_364625,TGTACCGCTAAGGCGGTGTAACTATTTCGGGTTGCCGGTTCGTACTGCCCTCGGAAATAACTGTGTGACGAAGAACGCAGAAGCTCAATGTCGGTCCGTTAGCTTCGTGTTGGAGACATCAGCGACTCTGAAACTCTGTACGTTACACTACCAAGGACGGGCGTTCGCGGAGCCAGAAGCACACCTTCACGTCCCTAATGGGTTGGTTTTAAGTCAGAGTGCAGGCCCGGCCTGGCCGTTAGCTGGTACCTATCACGAATA,261,53.26,Mus musculus
SEQ_930741,GGAGTTAATTTCGGGCTACGTCTTTGCTTTTATAGATGCAATCACTGCATGCGCCCGATGCTGGGTCGAATAGGATTCATGGCAGTGTCTTGCCAGGGGCGAGACATGTAAGACATGTGAGGGAACTATAAGCGATATCGTAAGACCCTTACACCTGCAACGCATTCTTGTCCCCTCGCTTCGGTCATGAGACGTCAGATTTGACGAGGCAGGGCAAGGCCTGGGTTGTGTGAACTGTAAACATGGCTGCATGGAGCTATTTGCACAGGCCTGACGGACTAGAGCAGTGTTTATGGCGCCGGTTCCTAGCTATGACCCTCCGTTGGAGCCGCCGTCATTACTGAACGTTACGAGACACATTACGGATCCGATCTCTGAGATCAGAATAATGACCAACGTACCCCACATATTCCGAGTATACGGCGGAGCTTGCATGCTCAACGTGTCAAGACGCGTGTCTTCCATCCTGCAAAAAGCTTTGGGCGCAGGCTCACACGGTAATTGGCAGTATCCGTCCGATCGCTACCATTGCCTGTGAACCAGTACCCATGATCACTTGATCGACCAAGCTGATTCTTAAGCTATACCCTCGTTGACTCTCCTGTCTAGCGTGTCACGACCAGAAATTCAACTTTTTTAACTAGTCTCGCTATGCTTAAAGAAATCTTATTCTATTGAGAAAACACCCCATGAGAGGATTGTTCACAAGCTAACATCACACGTTCTCGATGGGATGGTGCTCCGTGGGCGTTTGCGATCAATTGCTTTGCCAACACACCCTATGGATGGACTTATTGAAACGCTTGCCTCCGCAAATGGGCATATGCTGCGGTGTTAGAACATCCTAATTAGGATGACCATGTCTAGGGTTCTGAAAAATTGTTCTCGGTTTCCCGTTTGGGTTGCCCCTGAGGCTTGATTGCTTATCTGATACACTCTCCTATATAGAATAGTTGAGCACTGAGATCATGCCACACCCGGGGTAGCCTTGTGGGTCTGATCTTGCAAACAACACAAGGTTACCTCTAAGCACGTTCTAACAGTCCCCGCATAAGTATTGTGGCGTCTCGGCTCGGTCTACCCCGGTCGTGTAATGCGCCGAAAGTGCCCAGGCTCGATCGCAGACCTTATGAAGGCGTGGACTGTTACCTAGTTGTTGGTGGCCGAATGCCTGGTCACTACTGCGGGTTAGCATGCTTCACAGCACTGTCAGAGAAGGGTCACCCAACAGCTTGGCCTACGGGGACTCTTAAGTCGCCTCTCCACGGAAGAGTAACCTCCGACCCTGTAGACTTTCGAACTCCGCCTTGAACACGCGCCAAGCAACGCGGCGCCGTAGGAATTACGTAGTCGTCCGCCACACACGGGGATGTGTAGACCTAAGCATTAGCCCTGCTTAGTATACGCAAAACAGCAAAGCGTAATGAAGTGGAGCGTTGGCGCTCGTGCATGAGCAGCCTATTCACATGGAACACGGAGAACTGACCTTTAAACCTCCCCATAGGCATTGCGAACCCCCCCAGGATACGACGTCCGTATACACCATTTAAAGGCGGATGCGACTCCGCCCGTTCTTATCGGTGGTATACTCAGGCTGTCACGGTATACGTAATGCGAAGGACGTTTTACTCTGGGACTTGAAAACTCGAATTGCCGAAAACTACCCGCTGTGTGTTCCGAAGTATAATGTTAAATGAATTTAGTCGTTACGCGACCCTGATTCGCATTTATGAGTGATTTATCCGGCGCTTAGTTAGTCAGGCAAAGGACGTAAATTAAAATTCGCACCGACACGGGTTCCATAGCATTGCAAGCAAACACTTAAGCTCTCCTACCCATTACTACCACGATTAAATCAGGCTAAATTTGCGTAATCGGCGCCTTCTCCTCAGGATTAGCGTTTTTTCGCACTCTTAT,1917,49.66,Drosophila melanogaster
SEQ_950383,AGTATAATTTTAGTCTCTACGAAAGGGGAACAGCTGTCTCACGTCCAGCGTCCCGCCGGTTGTATTGTTCCCGGGAGGGCATTATAGGATCAGGCCGCGGGTTCCAGACACTGGGTCTCCCGATGCACTTGGGTACCCGTGTACTGGGTCGCACTGTAAACTAACTTTGGTATCAAATATGTGAGAGTCGGCGCGGGCCTATCCGTAAGCGGGACGTCAAATGGCCACTAACACTTATGACCGGGAACCGCCACACAATTTATTATCGAAGGGTATAGAGTCAGTGATCGATTTAGCCCGTCTAAGCTAGCCTTCACGACGGAAACTCGGTGCCGGTTTTACTCAGTCACAACGCGACATAATGCACGCTGAAGTGACGGCCTAGCAGCTTGCACGGGGTCACCTACCTAGGACAGTTCTACGAGACACGTGTCCGTTGTACAATATCATCAAATGTTAGTCGGATGTTATCACAACGCAAACCGCGGATTCTGCTTCACCCACATCCTAGAGCCCGAGAAACCTCGATCCCTACGAGGAACGTGCAGTAACCAAGCGAATATCGTAAAAAAGTAGCGGATCTGGTACGACCTCGGAGTTTCTCGGAAGGGGACCGACCTGGCTCTTAACCTTAGATTCGCTAGGCCTAGGACCAGATGCCGACACACGGCCTTAGCCTAAGTATTAGCTAGTGAACAATTTTAATGTCATCTCGGAGGAATGCGAGAACTTATTGTTCCGACTTATCAGGCCCGACAGGACAAGCGATCGGCGTCATGCATGGCCCGCTGTGAGGGGTTTCCGTAAACCCGTGCTCCATTAGCCCATGGAGTGCGCCCTCGGTTCCTCAGGTTATTCCACACTCGTCGAAGCCATCACGAGACCCGAAAAAGGTCATCGATGTTGTGTGCTGCACCATATGGTCCCATTCCATATGCCGCGACTCTTGCAGTGGAGCTAGCATGGTAAGCCAGCAACCGGTGTTGCGTACGCCACGGGGCATTCCAAAACAGTTCTAACTCGACGTGAAGCTGCCGGAATCGGGGGGGTATATTTTGACGACTGCCCAAACTACTTCCGGCAAAAGGGTAATTAGGCAGCGTTTATTCTTGGTCGAGTTATCCTTACTGCATGGGTAGATTCTGCACACCGTAGGGAAAGACTGTTCGTGATGGCTTTAAAAGACGCCACACAAGGACGGACTGAATCGTGCGAGCGCGACTTCCTGAACAAGTCTCATTCACTGTACCGGTAAGTCGTAATTCGCGGTCGTACTTGACTGAAATGTACATTCGGCGAACTTGCAGATCAGTCGCCTATTCACAGAGAGGGTGTGTCGGAAAACCTAGCTGCGAGGTATCAATCAATGCATAAGCGACAATTGAACGGCTTTAAAATAGCTCTGATGCTGGCTCCACCCCTCCTCTTAAGGAACCTGATTTTTGATGCATTATCCTCTCGCACGACATGCTGTGCTGGATGTGAATCACAGGGACGGCTGCCCAAATCGAACCGCCGATTCACTAATAGGGATAGCACGTCTGGGCGTAACTACTTCACCTCCACAGCCTTTCTTACCCCTACGGTCAAGTCTGCAGGAAAGCGTTCCCGGGGGGGCGGAACGGCCTCCGGTCCGGGAATCAACTCGACTACCATCCTCCGCCGGCGGGGTATCCATGTGGGGCACTCGTAACCCTACGCTTAATATGTCTACACGCAACCAGTGCAAGCGAGCCAAAGTTATACCGGGCAAGATTTTGGCTACGTGAACCTGCATGA,1779,52.0,Caenorhabditis elegans
SEQ_754232,TCCTCGCTAGTCAACGGAGCCTTTTCGGTGAACCCGCCTCCTGCTTTGTTCCAAGTTTGCGCCAGCTAAGGCGCTTGAGACGTAATTCGTTAAATTTACACTTATGGGTACAGTACTGCTCTTATCATGTGTTTACGGCAGAACCGAATCGGAATCGAGATGCATAGCCAAGAGACGCCTCCGTGCGGGCTCGGGTATCGCGATTCTATGAAGCTATCGCTACAAGATACTAACTTCAAGTCACGCCGCCGGTCACTGGGTTAGCTCATTGACCAGAACAAGATAAACGTTATTTGAGAGGTCGGAAAGCATACAACATTCCTCCCCATGCATTGGTTTTGATGAGCTCGGCACCTATTATGCGTGCGATCGAATCTTTAGCGCAGGCGATCCCGATTTGCGGATGTCGCACCAACTGAAAGACTGTTCCCCCCATGGGCGTCTACACACGTTTTTTAATGAGCGATTGTCACTCGTCGGGTGATATTAATAACTGCGATCCGCACGGCGAGAGTTGGCGATTAAAAATCATGGAAATAGGTTGTAAGACGGAGAATCCTTGCGAGGATCATCTTGACAACAGAGGCGTTGCACAGGGTACTCATGCTAACCCTTACATGTGCTTCAGGAACGTATGTTGCAAGACGACCTGGGAGTTTCAGCGGGCCGTTTGTCGGTAAGGGAATAACGGCTGCTATTCTCCTGAAAGGCTTACTTGGATCAGGCCGCGACTACAGTATTACAAAAACCAAGTCCCTTTTATTAGGGCTCTTTGAGAGACTTATTTAAAATTCGGGCAACGCTACGTCCATACGAGTTAGGAACCAACACGCCCCTCGAGCATTCTTAATGGTGGCCATGGCTGGACATAGAAAGAATCAGCGGGCTAAGAGTTAACGCGACGTCGCTCGGCATAGATTTTGATACAAACTTGCGAAGGCTGGCGTATATGATGATACTGCGATTCGGGGAATACCAACCTACCCGGCACGGAGAGCTACATATAAAAGTGCGCATGGTCAATGGCATAAACCTTCCCCGAACATAGCAACCCGAGATTGGTCATGGGCTTACTTAATTAGGGCAGCTGAAGGAATAGTCGGCGCGTCTAACTCGCTCTTTGTCTGCTTCATCCTTAGCCCTCTCTGTGCGATACGGTGATTTTGGGGCACTTGTACTATAATTTCCGGATGGCCCGAAATCCTTAGGCCGAAAATTGCAGGTATTCATTCTTGTTACGGGTGGCCGTCGCTATTTGTCCGCATCGCGGTGGTCTTAACGGGCCATCTTCCAGCATCATGTAGGCTCGGTTGGTGCTTCGAATATCTTGTTCCCGTAATCCGTATTCTACTTTCTGTCGGTATTTACGCACACTTACTAACACAAAAAGGTCGGTGTAAATTTAGCTGCCAACCTGTTGTATATCGTTAAGTCTCTAGTACTTCTCTGTAAT,1453,48.11,Saccharomyces cerevisiae
SEQ_629629,TAATCATGTTCCATTCGGCAAGATGCCTTTTAGCACTGTGCGCCTAAAGTACTGGCTAAGGCGTTCCTCCCTGCGGACCTTATTGCAGATAATTCTGCCATTGCATTACGATGCGAACATCCATCAAATGGCGCCAATCGACATCAGTAGATTACGCCCGTACTCTCTTCCCACCCTCGTGACCGGCCTACCTTTACGTAAAAGCCAACACTTAATATTCTCATTTGCCACAACCGGCTACGCCAACTGTATATCCCTCCTAGGGAATGGACTTCGACCTACTCTGCGCGTAGTTTCTATTGGACCAATTAGCAAGAGCCCGGTAGTGTTTATTATGAGACTGTAGACGTGTAGGCAGCCCGCTCTTCCGAATCCCACTCGCTCGGGTTTGCTCATGGACCGGGGGGCGCCGGG,414,51.21,Caenorhabditis elegans
SEQ_784644,GCGACGGTAAGATGTCAGACAAGGCCCATAGCCGCTGGTTTTATCGTGTCGGACCCCGAATACGTAAATCTGAGGATGAAGGTTTATAGACGCACCGCAGTTACCGGCTGGGAGATCGGGAGCAGGTATTCTACCTTTTAGGGAAACGTGGAAGTCTCAAGTTGTCCATGCGTCGTGAAGGCAAGCTCGGGTCACCCGTGCGTAGGGGTTTCCACCCAACAAGCGCTGCAAGAACGGCGCTGTGAGTGCATTGCCCGGGCCATTAGACGTATACGCCTAGACTGACCGCTGTACGGCCCAAAAGGTCTCTGGGCATCGAGGGACGAACGAGATCTAAATTCTTAAGCTCGCCTCTATAATCAAATACCAGGTTAGAAAAGGAAACTCTTGGCGGGTACGAGCCGTCATGTCTATTCTCTGATTGCCTGGTGGTTCGGGAGAATATGTAAGATAAACATTCATCAAGTATAACACAGGTCTAAGGCGCAAATACGGGAGCGAGTGGATCCTATTCAGAGCGGCTGGGTACACACCTCGGTGATATCGATTTATACGGAAGAACAGCCAAAGGACGAGCTCCAATACCCCGTCGCTGATTCACG,602,51.5,Drosophila melanogaster
SEQ_326890,CTAGGTTCGCTCAGGGGCAGGTAAGAGTAAAACCCCGTATGATCGCTTTCGCATCGGTCGTGGCCCTAGTCTGATCCGGGAAGTGAGAGAGACAACTGATGAGTGACGACTGAACACTTTGTTTATCTGGCCTATACACGCTTGCTTACTTTCGTGCTTTATAAAACATGCCGAACCGCCCGTAGCATT,189,49.74,Homo sapiens
SEQ_261925,GCTCACCCCGCCCATGATTGGAGCGTAACACTGGAGTCTAACGGGACGAGGCGGCCCGTCCAAGTCTTTCGCATCGAGTAAAATCACATATGTCGATTCCGAAACGCGATCAAGGCCTGAGCTAGGCCATTTCATCACAGGTTGCTGCTAAACTCTAAACAAGTTAGTAATGCCCGATCATCGGTTGTCGTTATCAATCGTAAAATGGCGCGGATGGGTCCGCAGTTTATCGCGCTGGGACCAGATACGTGAGCCATTTCTTGAAGCCTCGACCCAATGGGGGTTGGTCAACATAAGCAGCTGAATCGTCAGGTGTGCCTGTATGGCTTCGCGGGAAAAAAGTCCCCGTCTCAGAGAGGCGGAGTGATGGTGACTCGCCGGGGAGTGTGGGCTATTACGCAAAGATGTCCTCTCGCCGCGAGATCGATAGTTTTTGCGATTACCTCGCTCCACATTTAATGTACCGACATCCTTGGCTTAGCTTAATGAGACTTGCCAATAAGCCCCGAGAGGCTAGAGGTCGATGGCGGCGCGGCCGTATTAGGGTACACCAGGTTATCACTCACCCTTAAACATCCGCGATTACCAACGATTACGAGGTAGAAGCGTTGTCGCCATAACCCTAGACCTTATCACTCAGGATTGAGCACTTCGGGAGTAGGATCGTGACCTCGGTCCTCGTCCCCACGCCCGATGGATCATTATTGCGATTGCCAAACAAGCGTCTAGTCAGCAACTCAAGCGCTTTGCTCACGGTCCACGAAAAGCAAGGCGTGGTTCTTGATCCTCACCGATAAATAAAATAGCCTCAATTCCGCAACATTCCTCTTGTGCAGACGGGGTTCAACGGTAGCGAGAAAACTCTGTAATACGGGGATTGCTTTCAGAGGCAATATGCTAAACCTGGAGACCGGGCTCTAATCCCACGCCGTCGGTGCGACAGCGCTGCCGCCGCCGGAATTAGTAGGGAGTGTAGATTGTCTTCTGTTAGACCAGGTTCCACATAATCCCGTAGCGGATCGTACTTTCCGGTAGGGGAGATTACTAGCGTACATGTGAGGCCAGCCTTGTACCGTCCAAGTACTCGCAAGGTCGAGTAGTAGGGGGCGGCCACCCAGAAAGAGACCTGGTATCCCTCGCAATCGGACAAGAGAGCCGGAGGCTGTCTGAGTACCTCTGGCGCGTGGCACGTCCAGAGATGATCCTATTCATGGTTTTGTACTCCGACCACTCTCTACGAGTATGAGGTTCTCGCGTAAGAGACTAAACGAAAAAGTACTAATGCGCAGTGCTCTATATGCCCGCCCGTGCAATATCCGTGTTGCAGTCTATTAGCACGCACATGAGGTACTGTTCTTGGGTGAGATATTTCATCGGGTAGCCTTAGTCCGGCGTATACTATACCGGATAACTCCTACGCATCAAGGGGGATGGCCGGTTACTGTTGATCGCCCTTCCGGCTAGTCTCGCATAGTGTACATGCACAGCACCGGTCTGGTTTACGAAGCCAGTACGACCGATCAATGATCTCGCTCATAGACATTCCTGGGTCGTAGTTGAACCTTAGTCGATGGCCCACCCCTTCCGCACTGGGATCTGGTACCTAATGTTATTATATAGAGAAGCCTCAGGA,1633,52.17,Arabidopsis thaliana
SEQ_176406,AGACTGTCACTGTTTTAAGGGCGAAATGTCCCCGTAGTGAAGGGTCTTTTACATCGAGAGACGGATCGAGTCTCATAACCTCGAGTTAGTAAAAGATTCGTTGAGTAGCTCAATGAAATTCTAAAGCTGGCCACACCGCGCATTAAGGCGGCAATGAAACTGTCTAGCGAGAGCACTACCATACCCTGATATTACAGTGGAAGTGCTCGCTCTCCTAACGGTTGCCTTGGGGTATTTTTCGAACAAGAAGAGCCCGAAGCCGCAACCGTGAAAGCGTGCGTAGGGGCGTGAAGTACTGAAGGTCATCTTCACAGTGAGACTATGGTAATGTTCGGAAGGAACGAGCAACGGATCATGGTCCTTTTCTACCACCGGTCGAGATAGGGCCGGTAGGTGTTATCGCCTAGTCAAGGAGGGTCACTTGTCAGTTCTGCGCGTCCAAAGCAAACCAAAATCAGGATCATTCGGATTGAGGATTCTTCTGTTAAGTCACTTTGAACCTCAGTTTGAAAGGACTAATATTAGGGGAAAGAAGTTTAGTATAGACTAGGGTGCGCGGGGTAAAAACCGAACATCAGCTGAGCTTGTCAGTCTTATACCACTCAAATTGCAGCTCGAAGGTAGCGAGCTCTTACTCCTCGTTATGACATTTATAGTCTATACTTACTGGCGGTTTCCTCGGGTTCAGACAAGACAGGCGCAGTCCGCTCGTCACCCAAGTCCTCATCGAAGCACTGTAACTGAGAGTGTATTTGTGGCCTTGGGTTTAAGCAACACGGCGAATCAGCGACAAATGGAATAAGTCCGACGCAATGTGGTCCCCAGTCAGTACGTTGAGGTTGGTCAGTACAGTATTCGTTTGGGCCGATAAGCGTGGCCCCCTTCAGTTGGGCCAGAGCAGCGGATATTCAGCTGTGGTGACGGCACCGACTCCGGGCAAGACCAGCGTAAAGACCGGTGTAGTAAAACACGCTTCGTGGAACCGACTGACTATTGACCCCATCCGGGCCCATTCTGGCGTGCCGTCGCTGTCAAATTAGCTCTTAGAAGCTTCCATCAGGTTATTGGGTGTCTGAGGCTTCTCCCTTCATAAACAGTATCGCAGAGGCGTTAGGAAGCCGTATTCATGTTGGGAAAACTAGTTTATTGTGGACCGGACGGCACATGGAAAGTGATACCATCAATTCGGCTGGGAGGTTCTAGGTCGTACGGTCATCCCGAGCGACATGCGGATGCAGAAGATGGTGGTAAGCCGGTCACCGCGTTTTCATACGCGATGCACTGGAGACAGAGGGTAATATTGCACAAGAACTACGACCCACGGGACTGTCGTGCGGCACACTAAAAGGGTGACATACCTACCACATAAGCCATTCGTCAATTGGCGAAACAAACCTGGCAGCGGGCCGAGCGAGACACGGATGGACGGCCGCGTAGTTAGATCCGTTATTTTGGCGAATAGAATGGCCCGAGGGACGTATGGGTTGTGCCTGCGCGCTCATCCTTTCGCTAGAAAGCGACTTAGCTTAACGGCAATCAGCACTTTTCGACGAAGGTAAAGCACAACCGGCCGCAACCAAGTGTGAAGGAGCAGGAGATGTGTGGGGGACTACTGACGACTGGGTCCCTTAGTGTGAAGAGACCCACGCCGCCGGGGCCCCGTTCAGCGAAAAAAGTGGGGCTATCGTGCATACGCACCTTGCATTGCCTGGAATGTGAACGGGGCACCAGAGGAAAACTGGGTGATTTCGTTCAAGTTCTAACAGCGCAGGAATTCGAATACGCCAAACTCCGAGGGTAGGTGAGCTGGCCTGTACGCACCAAACACTCGCTGATGACAAACGTATACAAAAGCCTCCTCTTGAACCATTGCCTCAGGTGTCCGG,1886,51.33,Drosophila melanogaster
SEQ_334070,ACTGTAGCGTTTAAAACGGGGCGAGGGAAGCGTACAGTACACGTACAATCATAGGTAAGTGAGAGTTCCAACTGAATCGCTAATGTTTCACGAACCTTAAAGGGTGGGTGCCAAACCCAGAAAGTAGTGATAGAAAATCGGCCTTAAGATGTGGTCAAAATTCATCGACGGCTTACTAGCATGCAAATCCTAAGCCAGGAGTTAAAGGCGATTATTTCTGTAGAGAATAGCTAAGAAACCCGGCACGCTCAGCCGTCGTTCACCACGGAAAAAGACACACCTAACTTTGTTAGTACACTGCTAGCCCCAGATGTCGGATAGAAGCCAGGGGCGTTGATCACAGGCTCCCGGCTAATAGCTTTGCGCGGCCCCATCGTTACAGGGACGTCGGCAACAGAAAAGGGTCATCCTGGTGGTAGGAGTTAAATAGGACGCGTAGGCGATCCGAATAATGTCAAAGGCTCGTACTTGTCTCGGGTAACTATCCAGTCGGATACTCACACACAACATCTGATGTTAGCCGTGTTGTTCTGCTCCAAATCAGTTCGGGGTGACGCGTCTACATTCGCGGGGCGTCAAACAGGAGCTCTAAGCTGCCACTATGAGTGAGACTGAGCGATCTTACTCGTTAAGTTGGAATTTAAAGACTCGGTCGTTCTTACATAGTAAGTGTGACAGATGGCGAATGGTATGACGTACTTCTTTTCGTGGGACGTCCTCCACCACCAATTAGCCCCCGCCATAAAGTTGGTGAGGGTTTAAAGCACGCGGCATAAGGCCTTGAACGTTCCAATAGGGCAGTTCAATTACGTTCAAAATCATAATCGCATTGGTTGAACTCTTATAATTCAATCTCACAACGTCTCCCGAAGCGTGTCACTATTCCATGCCGCACACTGTCGCTAAAAGGCTTATGGTCCATCTACGCCTCGTCCTGACGCGGATCCCACCGTTAGACGGCATATTCCAAGCTCAGGGTTCAACCGTAACGTATCTGCGACGCCCCCAAGCGGGGTTCTACTATGCATGTTTGGTCAGTAGTTCTGTACGGCTAACCGTAATAGTTATTGATAGATGGGTACCTTTAGCCATACGATCTTTGCAAAAAACGCATTGAGCTATTCCCATCTCTAAAAAAGGTTATTGCGTATACCGGAAGTGCTAAAGAGGAATCTTCTAGGTAGCCTTGACTTACTAAGGCACATCTGATTTAATTCGGAGCCGTGAACTTTACAGATCCACAACGTCACTTTTGCTTATGTTGAACAGCACGTACGTTCTAATCCCTCTAGGGAGTTGTAACTCTGGCCAGAAATGTAGTGCGGATCCCCGATAGGGTCGCACGACTTGCCAAAATTCCAGCATCCCTATGGCACAAACAGCGACTGCGCATATGAGATAGTCAAGGCATGCACCCGTTACCGGATTTTAAGTTAAGGGTCAACAGATTAGTTAGCAGACTCCCGCAAATAGTACT,1477,47.46,Arabidopsis thaliana
SEQ_749225,CAGAAGTGTGACGCCAGTTGGGTGCCGGGGACCTGGAGGGCAATGTCACACCCTCTCGCAGGTGAGCCTCAAGGGAAAGATTATACCTTGTCCCATAGAAAGTGCAATTTGACTTCGGCGGTGAGGCGTCGCATACTTTTTTCCAACACTAGTTGCAGGTTGCATGGGAGGTCTTGTCAATTTTCAAATGCATATCCAGGGACCTAAACCGAGAACCATAACTGCTCAGAAGTGAGAAATAATCATGTAAACTGGCCACGACCCCACCATACACTCTGCGTGCCAGGCGTGGCTCGCTGAACTCTTTCCAGTGATGGCGCGCATCTGCAACATCAATTAGTAATAGCTAGTCCGTCGCACAAATCCCAGGACTCGTCGGGTCACAGAGGTGATCTACTGCGGAATATCCAACTCGATCCTGCTCGTCGTTTGGAAATTACCCTCATGAGCTATTAATAAATGAGGTATTGGACATATTCTTCCCACATCTAATGCAAGAGCGACACTGTGG,511,49.32,Arabidopsis thaliana
SEQ_599292,TCGTCTGGAGACTACCGGTAAGACAGTACCTGTTAAGCACGTTAATTACTAGTGTAACCCGACCCGTGGATGTGGTTAGTCACGTATTCAGGGGCTGGAAGCACTGCGAGGATCCTACGGCGCGGCCTCAAAACCTCCAACAACCTAGGATGATAAAGAAGTTGCCTTTATGACGACTACTATCGACTCAACACATCTATTCTCGAAGATAATTCAAAGGGTTTTGCACCGGAGGTAAGGCGTGAGGGTAGGAAAAGTTATCTATAATTTGGCAACATTGTGAGGAATGAGGAGCTGTGAAGGATCGCTTGCCTCTGTACTGAGCCCCCAGGCGCAGTTGCTTCCCAGGGGCGTAAGGTTAATACGAACAAGGAGCACATCTAAACGCGAATGAGGAAGGAACGTCAGCATTCCAACCGGACTACGAGGCAGAAGGTTTAGAGAACGGCGACGAGGTAGGAGAACCATAATTCAGAGTTAACAATCCGCCTTCGGAAGGAGTGGAAGTCGAGGCAAGTCCAGTTTGGTTAACTAAGAAGGTCATAGTTTATCGTACTCTCGCACGGATCGAGCGGCCCAACAGTAAATTTCACGCGTTGATACAAATCGAGCACCTCCGTGTCCGGTTAACAGTGAGTTGCTACTTTCCTCATATGTGCTTCCTATCAGTGAG,673,48.59,Homo sapiens
SEQ_666686,TAGTTAAAGAGGTTCGAATTTATTCGACTAGGTCGCAATAAACTTGGAAGGGCAGAAAACGGTCCTCGTCCAGTTGATGAGACTTGCCCTTCGCCCCCCGTCACTGGATCTACCGTCAGGAAGGGATTCCCACCATTGCCGCGGCATTACGCTACCTGCTGATTATAATCGAGCTGGAGGATCCAATTTCCCGTACTCTTATGGCCCTATCAGGGCCTGACGAGTCTCATTCAAAGATAAGACACTTACTGACAGTTAGAAGTGCCCAGGGACCCAAGCTGCCAGTATCGGGCGTCATAGCTCAACCCTCCAAGCTGATTGCGCCGGGAACCGGGGAAGTCTTGCTTGCCCAACGTGTGGTTATGTTATAGGGGCTTGCCTGGAAATCGCTGTGGTATGTGCTGGCTGTCTAACCTTCATCCTCACGAGCCTTGTACGTAGATTGCAATGGCTGCTTTCATATGAATGACAGGTCCGGACTGGTTGAGGCCGCACGTACTCACGGCTCTTGGGCCAGTTTGTTTACAGCCCCCTTCGTTCTCAGTCTCTTGCCACCAGTTCGCAGGCGATCCCATCTGTATAGTTAGCTTATTCGCCTGAGGCACTCACGAC,612,52.29,Mus musculus
SEQ_242444,ACCGTCCAGCAGGTTGCTCCATATCATATTTCCTTCTTCTGGAGTAATGCCGCAGTGGGACCGGACCGGAGTACATAGCGTGTCTTTGAAGGGAATATGTCCCAATTCCGTATTCCAATCAAGCGCGGCTGGTGAGACTGTTGCGGAGATGAATATGGACAGGCCTGATTGTAAAACAGAGGTATGTAGTGCAAGGGATGCATTCACACTAGGTCTGGAGCAAATCAGTCGTGGATTCCCCCCTTCAAGTCTCTTGCACAAGGCCAAACATTGCCGGTCCGTTAATCGGGCGCACGGCCTTTGTCAGATCCCTCCGAAATGGCGCTAAGTGGCTGTGCGAGTGGTGTTGTACCCCTGCTACGCTGAGGTTGCAACCAATTGCGGACGACATCTCAATGAATTGTCGAGCGGCTACTTATGTCCTTCTCCATTCATGGCCTTCTTAGTCTTTTAGTCTGCAACACCTAAGCAAAGCTGGGTAGTACGCCGGCGTTAAAGGGCCACAACCTTCAAACGATGAGGGGTTGGGACTGTTATCATAACCTGCCCGTAGAAAGTAACCCCCATCTTTATTTTTACTCTGGCCATACCGCTGAAACCTAAATAACCGGGTCGAGTGCCCTGCTATCGATGGCGTTCCCCTCGCTCACATTGACGTTAGAGTCAGACGTCCCTGCCGTCCTGAGGATCTCGCTTTCAGACAGCGACGCCAGGTTCGGAGCTGGGAGAAGTTGTCACTTTGAGATCGTGCACCCTCGACAAAAGTACCTGTAACGCTGTCATGCGAATCACCTCAGCAAGTAACTTTCCCGTTACAGAGTCGGCCCTTC,830,51.57,Mus musculus
SEQ_499634,TAAGCGTCTAAGTTCTACCTGACGATATCCGTTTTCATGTGACGGTAAGCGGACTGGAGCAGGGGGGCACGATTTAACAGGCATCATGGAAAATCGCACTGGAGAGCGGGCGATGAGTGCTTCTCCTGTTAAATATTTAAGAGCAATTAGCGTTAGGCGTCGTCGTTGGTCAGAGCTGAGAATGTAAGCTCGTAATAGATGATTTCAAGTCCGTCTCGGTACGTCCATATCACCCGATGATTGGTATCCCGCGCCTTAAACAGGCTGCCCCTCACACTATGCGGGGCCCACATGCCTACCGAAGAGCCTGAGGGTCTATACCATTGAGCATGTTAGCGCCCTAGCTTGGAGCTTCCCTAGGCTGCGAATTACGCTCAACATTTCTGTTTGTAACTACAGTGTCACTGGTCTCTGTCTTCAGACTAATAGAGTACAAGGCGGTATTTTCAGTCTTAGATCCTAAGAACGGTGGTTCAATAAATGCCACAAACGACTGTGGCCTTGTACTCTA,511,48.53,Saccharomyces cerevisiae
SEQ_960368,ATACAGTTCGTTGAGAATCAACACAACAGGATAGTCCTAGTTCATCGGTCACCAACGAAGAACACAGACGCAGACGCGTCAACTTGGAACCCCGCTCACTGACCGCGCTTTCGGAACTGCTAGGACGTAGATGACCCCCGCAAGAGCCAAATACCGTATACCTTATGTCTGACACACGTTACACGTGTAGCAGGTCGTTCTCCGGGGATTCAACTAATTAGATGATCCAAGGTGACCTCGTGCACTTAAACCGTCGATACCTGACGGAGCTCTGCAGTCCCGTAAGTACGCAAGTAAGGCGTGCACTGATAACTTAATTTTGGTCGTAAGGGATGGCGCTTCACAAGGTCGGTAATTATCTTTAGGCGAAAATTATCGGCCCGAAAGTGAATGGAGCCTTACCTCCTGACCGTGATTATGGCTGTGGAGACAAGGGGCTTGCCTTCTCCTTGGGCACGCGTCTTTTTAGGTGAAGCTTTTGCCTATGGGTAGGAGTGAAGCCTGCTAAAGGGGACACGAGATTCTCTGACTGTGGCCAGCTAAACTGCTGCGGGTACTAATGAACCCTTACACGCCTGGGATGACGAACATGATTTGCTAATGGTCTATCTATTTTTAGACCTCTAGCATGATATGAGACAGATAGGACAGAGTATTGGAGCCAGTACCGGGGCCAGTGAGCAGGGCCCGGCACACATGCACGCGTTACGGAATTGTATTAGACCGGGCCCATCGAGCGCCGCCGCCTTTGGCACTCGTAAATCTGAGGAGGGTATACTTACAGGCTATATCTCAGTAGATTACTAATTCCTCGCCGCGTCAGAGGCACACAAAGAGGAAATTGTTAATCTTTTGCACATAACTCTGTGGGGGTAAGAGATTGTGCCGACATAATCACGGATAGCAACCCGTCGGACTCGCTGCTCGCAGAATCTAGCTCTGGATGCAATAGGTTCTCAGATGGGGCTGAGGCGGGATGCCGAGGGATTATAGTACAATGTTAAATCACGATGAGGATACATCTGCCGGTTTTCTTGGACACCCCTGATTTATCCTATCCAGCATTGATCTCCAGGCCCCTGGGAGAGCCGTACTGGTCGGTCTAAGCCGACTAACTAGCCGGTAATGCGAGGCACAAAATCTTCAACACCCAGCTGGACGACTCAGCTGTGGGCATCCCCCGGCGCGGGATCCAATAACAATAACCATCTAGCAACTGTAAGATCCGTGCGCAGTTTTTGATACAAACCGCGATTCTCGCCGCTCCTTTTCTGCGATGCGGGCGTCCTAATGACAATGATTTTGGTTACGGCCCGCTGTGGGTCTACTAAAACGATCCGTTAGCCAACGTTTTATACCGATGACACCGGTGCGCCCCGTTTCTCGCTTTCGGGCGGACAGATCTAATCATGCTTAGCGCCCTGCCGCAAACACCAGTGTAAGAGAGACACGTCATTTCGCGGTGAAGTTATTCCGACGTAGTGTGCCGGCTGTAGCCGAGAGGGGGGGTATGAGGATGGACGATGGATGTCGTGAGTTATTTTTGCACTTGTCTCTGTTGCTAAACTAAGCACGTGTATGGCGTCTAGGCTGGCAGCCATGTTGGGCGTTATCCAATGACACTGGTATGTCTGTCGCCGGACGTAACTGTAATTTGGTTTAAAGGTATGTTATATTTCAAAACAGTCACGTCAAGAAGCAAGAGTTTTACTGTATATTATCTTTGCGTTTTGTCTAACATACGGTCCATCTGTGATGTATCTCCGGCCCATAGTGTCAGAAGGATTTGATTAGATCTTCAGCCCGCTCACTCCCCGCGTTGTTTGGGGAGTGACCGCTTATTGCTGTCGTGCACGCTCTCGTTTGCTTCATACGGTGACTAGGTTCACCTTTGCACGGCGGTAAGTTCCAACCCGGCACCGCCCATGGATTTAGCGAGTCACGCACTGACCAGTGTACACTGTAGCGCGCAAAGAGACTTCCTCGCAGTTTCTTACCAC,2000,50.5,Homo sapiens
SEQ_628869,TAAGCGCGTTCTTAGCGGATAAACTCACACACTCTGTTGCGTCAAGTTTTCCTCCGAAAATAAAACCCTACTCGTCACATCTTGCCGACATAATCCTGTATGTTAAAGTCCCCTAACGACCTCGATTGGAGTCGCTGACGAGCTAAGAGCGTATGTTCGCAGATACGGTCAGGTCTCTGCTACTGTGAACAGCTTCGAAATATCTTTCGGACCGTGCCGCTCGGGTCAGAAGGTTAGTGAATGCTGATTTAGCTCCGGGGCGTCGAAGTAGAGTGGCACACTCCTAGTCCTCCGTTAGATCAGATTAACTCAGAAATATGGGAGCGTAGGACTAAGTTTGTTTTAAAAGTGTAACAGTTTGTATGTCTAAGAGACAATCTTGACAGGAGGGAGAGTATAGTCAGAACATAGTTCACAATCTTACACTCTGATTTCAGAAATCCTGGGTTGTGCGTCTTTGAGGGTGGGCTATTTAGTCTCTGCTAGAGTCTTAAGATCCTAGAGTGATATGAATCACTGCAAAACGTGCAGTCCCACCAGTTGTAGTTACATCAGGAGACATGGCCATCTGGTACCGGAACGTTGGGGAACATCCGATAAGAGGGCCGCCACCCGCTTACGTCGGTACGTTTAAGCGGAGAACCTTCGTTACTGTCGGGTCGTAAGCTCTATGCAGTGAGGTATGACAAAGACAACATGGGCTGTCTAAGATTGAGTCTTGACAAGTAAGACCAGGTCGCGGACACGGAGCGCCAAATTAGGTTGCTTAAAAGCAGGTCATCTCACTAACTCCTTACGTGACGCGGTTACGCAGCATCCCGAAAGAGGGGACTGAGATTTCGGTGGGATCTTGGATTATAGGGAGTAAAAAACCGCGATTCTCCTTCATAGAGAGAGGCACGTCAGGTCTGGGGAGATAGCATCTCAACGGTACCTCTGGGCCGCGCCGTGTTAAATAAACTACGGTACCGATTATCTGTACGGCATGCACAGGTAGGAAACAAGTAGACCACAGGTGCATGGGCTGTTTTAGTCAATAATAGCACCAAGGCCCACGACCTCCGGAATGTCATTATAAGTAATGTCCAGGTTGGCAGTTTGATGGGAAACCACGTACATGTTGTTACCTACGCGCTCCATTACGCGGTTATGGCTGACAATTGCATACATAGTGATGTGTGCCTTGTCTCAGAAGATTTTACAGATCAGGTCCTCCCGTACTAGAAACTGCTCGCAAGTGCAAGTCCAGACTAATTAGTCGTGAACTTACGCCCGTTATGGATTGCAATTACGTTACTCTGGGAACATTGACCAGTGCGCGGACATTTTTAAACCGAAACCCTAGGGAAGGATTTTTGGCGAATCAATACGTTGACTAAAAACTCGAAGTGCGGTTCAAATCCCGCATTGAATCGCCATTGAAACCGCCGTATTAGTTCGTCATCCTCTCGTGATAACCGCAGA,1464,47.34,Saccharomyces cerevisiae
SEQ_639156,AAGCTCCTGCCTCGCACTACCCGTATCGTAGGACAGCCAGCTTTATTCATTGTATGTTCCGCTCCGGGTCGAACCTTCCGTGGCGACGCGATAGGCGAGCCTTTGCATTAGTTACTTATGAAATTGAAGGAATCCCTCGGGCATGCTTCTGTGTCCGTTCGTCATTTTTTGTGCAGACGCCCACCGTTTCGCCCTCTCACATCCCACTTCAAAGACGGGGCAACGGTGAATAACGTAAGGTTATGGAAGGTGGCCACCCCGTATCGAGTTCCGTAACTCTCTTTTGCAATCTACGGTTTAGGCTTGTAGGGATCGTTCACTCGGATAGATAGTGTATAATCCTAGTGGGTACTGGCGTTTCAGAACGTCGCTAACCCATGTGACTGGCTGAATACCACAGTCTTCGTTCTTCCAGTGTTTGGCTATTTGCGAGGACACTAAGCGCTGTCAGGACCGACACGTATTGAGTCTTCTCGGCCTGTGTTCGGGTACTATGAACTAGAGAATCCCGTCAAACATTTCATGACGATGGGACACTGTATAGCTAGGGGGGCACACCAGCGATCGCTAGAAACAGCTAACGCCCCGAATGGAGGGTCTCACCGAACGGGACTGCAGGAGAGCGAGCTTGCTGCAAAGGCATCGGCACCAGCAAGACGGAAGGATCACACTGGACTCAAGTGGTAGCAGGACCTCTTTCGTGTAGTCGAGAACAAAGGATACCAGATTCATGGGAGGGCAAGAAAGAGGATTCACGTATATTAGTAGGGGTTTTAGGAAGCGAGCGCTGAGGCCTCTCCAGAGAGCGTCGTCTTTAGCCGAGGGCAGCCTTGCTAGTTCGGTCATTAGGTATAGATGCATTCTGCCAAAGAGCAGAGGCCTCAGCAACAAGGGATTTAACACGTGTTAAACGCCCGTGCGCATGCAGTTCATCTTACTCGTGACACAAATCTTCTTGTGTCGATTCACAAAGGTCCATTACTGGTAGTTCGGAAGACAGACGGTACCTAAGTCGTCAATCCAGGCGGAATCAGCACACTGCCTTGTGTG,1050,51.14,Escherichia coli
SEQ_917061,TCGATCATTGGGATTGGCCGTCAAGCATCGAGCAGCCGGAGGGGATCAGACTTTTTAGCTACAGTGTTTATCGCTGGAATGCAGTACTTGATATGGGTCCCATATAGACCAAAACCTGTTGCGCTCACCACGACTGATGTGACCTCGCCGCCGTAGGGCACTTACCAAACAAATGCGAGATCGTACATCTCCGTAGCCGTCTGTTACTTGTTTATGCGCTACTGGTTGTGGTGATATAACAACACGGACTAGCCTGGGGCCCTCCCGCCAGCGCTCTAGTAATAATCTAGCGTTCCACTGGAAGAACGTCGCCCGCTCTGTTTCTTCTTTCGTAGTGGACACGACAAAGCGGTCGACGTTTAATACTGGTCCCTCTAGTCGTATATCCTTATGCACGCGATGTCATTCAATATACCACGCATATATAGAGTCGTTACGCCAAACCTGGTGTAGCTGGACCCGAAATTAGCGGCCCCGAAGCAACACCGTATATCGACGCTGACTCACGAGGGCACTATGGTTAGGGCACAGACTCAAAGGTAAATTCGTGTGATCTTTGGCTCATTAGTGTTAAAGAACTGATGTCAATTCTTCTTCAACGCCTAATAACCGGAGTTGCGTCGTTAAGGTCAGAACGGTGAGGTTTGAAAAGTATTCTTTAAGGGGTGCAATAGGGGGTTCAGGGGCCGTAGGTCTCACAATACTCTGGATGTAAATTCACCTGTTCCACAGGCTGCTCGCTTGTCCTACTTAACTCCTAGATTCAACAGTTTCATCATCATACGTCCACCCCGTAGCACCGCTCCGCGGATATGTATGGGAATCAGTGAGCAAGACAGAACGTGGACCGATCGCCGCGGAGTGAGCAATGCCACACACACGCGGGTTGTGGCTAGGAAATAATTACGGAGTCATTCGTTCTAGTGGACCTAGGCCCCAAAGGTGGGAACGTCACACAAACACCGTCAGCTCCAGCGTCTTCTTCTGCATTGGCCGCTGAGTGGGTGTAACTCGGTTTCCATGCACAATGAACTCCTAACCGAGTGCGAACTTCCCTTCTACAGGCGGCTACCTCATAATACTGTCCTACAATGGAGACATCCCTTTAGTGTAACGCATGTACTCAGAAATCCGTCAGATGCGATCCTATCATTCAACCGGTGACCAACAACTGTAATACTAGCGACAGGTGACCGACGAGCCCCTTGGCACGCGTCAGTCAGAGAAGACCCACAGGGGGCCTAGGCACCGAGGAAATGCTGAGGGGGGTGGCGCGCAGTTAGCGAACCGGTTGCTTTATATTGGTTTCTTACTGGGATGCCAACTATGGCCGTTGATCCGACACTTCCAATCTGATTGACGTGACATCACAGGGTCCAGATTAGCGAAACACAATGAGTACCATGGGGAGCACGTCAGTATAGCATGGGGGACGCGTAAGGCCTACGTACGGCGACTCACAAGGCGGGTATAACGAGCTCTATAGTGGTGTAGGTCAGTGACCTATGTGGGACCCCATTCATCACCGAATGGCGCTTATATGCGAATTACGTAACCAGTTGAATTAGGAGGGTAAAATCAATCAATGATCAAAGGATGTGGCAATGACGATTATTGGCGTGATCGGAGTTATCGTGCATTAGAGAGACAAGGCGAAAACATAAGGGTTCGTTGCACAATCGAAAAGTGGAAGAGTAGCACTAATAGGCGAAGACCACCACCCACGTCGAGTCCGTTACCCAGGGGATTCTACCGAAGCATTCGAAAATGTCCCTAAGAAGGAGGTATTCGCCCAGACTTTGGATAATCGTGGGGTAGTGAGTGGTAACCCACAGTGTCATGCCTCGCTATTTTAGCCTATCGCTAGTCTGACAGTAACGTCTAATAGAAACGGCGCTGTTGCGGGTCTGCAAAATCCGCTACAGCGCGGCCTTTCGACTAAGAAACACGAATCGCCGGGGCCCGATTCTTACGTATCACGACACC,1986,50.3,Drosophila melanogaster
SEQ_130404,GCTCAATCTTAGGTCAAATAAAAATTGTAGGCCTAGAAACCCAGCTTCCTGCTACGCTAACGTGCACCACTGTGAAACCCAGCTGCGCCACGCAACGCTCAATAAATCTGTGATGGCACGCTTTTTCTAGCCAGTCGATTGATGCTCCCCAGTACTGAGTTGCAGACGACCGTCGCAATTGGTCGCTTGATGGCAGAATTCTCCGTCGTACCCTCCTGTCGCCAATACATTCCACTTGCTACAAAGGGACAATGGTATGTAATGTTTTCGTCACATCCACATGACTATACGCATCGGGAGCTACAATCAGCTACCACTCGGCGGTGAGCGATACCCTGTAGGGGCGGTCACGGGGACGCCTTGGAGATCTGTAGGCTCCCTAGACATCTTGAGGTTTGGTGGGTCTAGGAACCACAGCGCGTCACGCGAACCGGTCAGGTCACACTAAGCCAGATCAGTGCATTTAGAATTGCGTTCTCTCGTCTATTAAGCTCTCGAAGCCGAGATGAGAAACATCAAGCCGGATCTGGATTCGGCCAATGCGGCAGGGACCGGCATACAATCGCCCACCTATCTCTTAATTCAGGGTTCATGCATACGATAAGAGGATTCGATCGGATTCAACGGCGAGCGTGGAGGGTGCTGGACGATTCTCCGTCTCTTCCTACGTCCGCTGCTCTTCTAAAGACCAAAGGCTTGCAGTCTACGAAAATCTGATTGAATTAACCATGGGTGCTACACGTAGTCTCGTTGGCCTCGAGGGACAATAACCGTACCGAGCATATATCTATTTTTGATATCCTTCCGATATTAAGCTGGCTCTGAAGGTCAGCATTACTTTTAATCAGGATCAATAGTGGAGCACGTCAGCTGGATATCTCGACGTTTCTTTTTTTCTCCTGCTTAGCTGGGCACTTACTACAGGGCAGCTACGGGTCGTGCTCCTGCTAGCGCGCGTAG,960,50.52,Caenorhabditis elegans
SEQ_465713,TCATTGATGTGACGCATAGATGGGAAGCGGTCTCCGTGGTACACCCCGTGAGGACCATATCGTAAGCAGTGATAAAGGGGCGCCCCCGATCCTTATAAGAAAATTGAGTTGACTGGCCGTGCCTAGCTTGATTCCGACAGAATATGCTTGCAGCTCATTTTCAAGAGATCGGATCCCGGTGCCCTGTTACCTGCGAACTTTCCGGAGTCACATGTGGAGGGACGAATGGGCCTGGCACGACCATAACTAAACATTAGCCCGATGACTGTACGGAAACCTGCTCAGTGGCGGGAGGTG,297,52.86,Caenorhabditis elegans
SEQ_863587,TTCGCGACAACAGACGAGTACTTATCAAGCTTACGAGCTGTGAAAGATGTATTAATACAGCGAAAACGGACAGTGCCACACTTGTGCCTTACCGTTGTGAAGAGGCGAGGATCTCTCAATAGTACCCATGAACCGTCCGGTTAGTCCCTAGTTCATGACTAAAGAATCTGGCCGCCAAACTAGTCCCACTCCACTCCCGGGGGGGGGGATCCAA,214,50.47,Homo sapiens
SEQ_164911,CGTCTAAGTACATATGGCTATCACTGAATCAGGAAGGTGTCGCGCCGGCTGAATGATCCGATCTCACGCGGTGGGGTTCCCTAACGGGCGTGGTTAATGAGTTATTTATGGTGCCCTTAGGGTTATTATACTCGTATGTACTGGATACTTATCCGCCAACGTGTGAGGACGCTCCAGCGATGCTTGTACACACGTAAAGGTGCGCATTACGCGCGCGTATACTTCCAGTCGCTAACGGTAAGCGAATTAGGACGCTCGGGGGACTCATCGTTTGTACGGGAGCCCAAAGAAGCATATGTCGCATGCTGTACGGCTGAGATACTTCGGGAAGGATACGTTTATACCCTACGCAACAGGCAGATGTAACAGACACGCATCCCGGGTTTTCCCCACGCGGAACTAAAGAATCTTTGCTTGCGGCCACAGGAACGAGACGCTAAGTTTTGGGGGAGCTGGTGTGCACCTCCACCGCCATCTGTATAGTCCCCAATCGAATGATGGTGACGTTGGCGACCTAGTGAGCAAAAAACCGTCGAAGTCGCCCTCGGTCTCGCTAGTGGGCTTGGCGGGTCGAGTTCCCTCCCCTGTCATCTTGTGCTTAAAAAATTCGTCCAGATCCTGGCCTGCGTGGTGCGGTGATTTATCCCGGATCCTATTAATAAACGATCGGTGTAAATTACTGGCCCCCGTTCACATCATCTGGCTCAGCTCACTGCAACCAGTTATGAACTATTAGTGGCCGGACAATATGCACCTACGGAAGATGGTTGCGTGATTCGCTCCCAAGGCGTGTATGCCAACTCGGCTCTATGTGACGAGTCCGAACTGTGTAGCCGTGGAATTCTTTGGCCTAACGCAGTGCATCTTTTCTGTGTTATATTCAAAACGTTTTGAGCATGGACCTTTTTATTAGAGTGCGTTAATCCTCGTAGGGTTGTATAAGGGCGTGATATCGGCTTCCTATGCGGTTCCCAGGAACCGAGTAACGACTGTACATGTCTTTGGCTCATCACTGCATAGATGCTAGTAGGTAGAACCTCGTAGTGATAGAACCTCATGGGTTGCCGCTCATATCGCGCGACCCCAGGGTTGGTGATCAGTGACTTCTGCTACATTGAAGACGAGGCCCTCCTGCTCCCGCTAATCTCGTTCACAGACACAGAGAATCGTACCAAGATAGAGCATCGAAGGTTCACATTGTGCTTATTGGGTCATAAAGTTTTCCCGATTATCCCTGGTAAGTCGAACTACTCGTATGAAGTCTTCCTTCGGTCGAACCAGCTCGTTGCGCTAATTACATGGTCAGCTCGAAAAACCCCATCTCATATGACAGATGGGGATCCCAAGTAGCAAAGGACAATAGTGTGATCCATCTCATCCGGTTGACACGTACGGACATAGCATCGCTGCTGCATGCGCGCTCCCCTAGTCGCTCGATGTGCCCCTGGACTTCGATCCTGGAGGTGCCAGACCAAATGGCGCCTAACAATGGGGGTAAACCGAGACAAGCGAGGA,1515,51.02,Drosophila melanogaster
SEQ_356470,AATTGGGCCCCCCAATACAAGATTGAGACAGTACGTTAAATTAACCGTTACGAGGTACCTCGAACGGGCGAGCAGTAATCCTGCTCATCTATTAACATCTGTATAGCACGGAAGTCACTTACGAT,125,44.8,Arabidopsis thaliana
SEQ_463384,CTGAATCAGCACCTGGACAGAGATCGTCTCGGACCGCGGGTAGATGAGCAGGTCACTAACCGGTGTAGGCAGGTCAATAGCTATATTTTATGGATCCCGTTTGTGTACTTGTATCGAGTTCATCACCGATATCGCGCAATTGAGAGCGAATGCGCGGTGGCACCACTCATGTTTAGTTGTGGAGGCTAATCACGAAGCCACTACCAAAAGAATGAAAGATGCTATATGTAAAGTAGACTATTCGGTAAGATCCCATAGCAGACCCCTGATCTAGTGGACCAGCTAGAAGCAACTTACTCGATTAGGATCACACTTCGTGCCAAGAGTTCTCCGGAGATGATGTTTGACAGACTAATTTTGCCCCAAGCCTGAAGGGGTCCATACGCATAATGCCGTAGGCGTTCCATTAGGGTGAAGCTTTCCGTCGATGTTGTCGTAAATCAGCGGGGTACGCGACGTAAGCCGTGTTATCCCAGGCATCCTTATGGAAGCGTAAGTGGAACTAAGATCACAGCGGGAAATACGAGAGTCGCACCGGCCCGGGCCGGGTCTCACGTACCCTTGAAAAATACTTGACGTCTGTCTCCTCGCACCTCTAGCCTGTAGGAAGTTCCAGGTATACGGATAGGCCCCTTCCTTTAATAGGATGTTATGCTCGCGTGTAGTTCGTTTCATTTCCACTCGACCACTGATGCTACGAGGGCCAGGGCTTATGAGAGGAGCGTAATTCCTGCAGCCCCGGTAGCAGCACGGGAACATCTACTGATCCCCCAGAATACACATTCACCCCCCCACCGACTCACCATTCTAAGACTCCGGAGCCAGTCCCTATCTAGTTTTATACACCCCTGACAGCCCATCTGGATTACACAAGGTTGGCAGGGCGATTCAGGCGGACTTGACCAGCGAATGTACTGCAACGAAGCGACAACAGGTGGTATGTAGTACATAATCCAGACACAGGCTAACATGTTCTTGTTTCATTTCACCGCACTTTTCCGAGAGGCGATGAGAAGATTGGGCCCCCATTCACGAGTGTACATACTGCAGCACGGGCACTCTCCATATGCTAGACAACCGACCCCACAAATCACTGCAATTTGAAATCCCACGCTCTCTTTACCTTCCACGAACTGGCTCGCCCGGGGGACATCCCTGTGTGACTAGTGAGACTTAACTCGTATGGGACCCCCCCCCGGTACCGTTGAGCTTAACGACAACTCTAAGCTCATACGAATTAGTATCTTCGTATTTGAATCCGAACTACTACGTGGAGGGAATAACGGGTAGGGACCAGCAGCGAGGGATGTAATCCTTAATACTAGATCTGACCACTTCTTAGTTATAGAGTTGCGTAGGTGGATGACGCCACCGGTGTGCCCATCAACAGACCGGTCTCAAGATCTACGAAGGGGGTTGCTTGCTCGTCAATATTTGGTGGGGCGTACCGCTCTGTTTAGACCGCCAACCCAAAGACTGCGGACGACTTAGCGTTCAACTCCATGGGATTAATACTCGGCAAGCTAAGTCCGCCGCAACGAATTGGGGGATAAGCCACTATTGTCTGCATAGAGGCAGGAGGGTTTGACTTACACTTCAATGTCAAATCGCGGCGGATTTGACTAGTAGGGACACTCTCCATGGTCCGCGATTGAGACTGCCCTCGTCATACCAGCCATACATTGATTAGAATACCTTTAGCTGTAAGATGGCCGGCGTCTCGACCGTCCCCAGATTGACGACTTCGAGTCTAAAAACACAGCAACTGATTATAACATATAGACGCGGTCGGATTCGTGGATTCCTTAAGGTGCGTGTCTAGCACGGTAGGGAGTCGACGGGGAATGGTTATGTGTGTGGACATGGGACATTCTGCTGCCAATGGGACTTCCAATAAGCGACATAAAGGTTGTACGACTGGCTAGACTATCGAAGAGG,1938,50.46,Caenorhabditis elegans
SEQ_290709,TTGCACCTCGAGGTCTACTGACAACAGGTTTTCTAAAATACGGCCCGTGCGCTAAGATACTTGATTTGATGTCACCTGTAGAGACCTGATACTAAAGATCAAAGTCTATCACAGTTAGCCACACACGTTCACTGGATGTCACGGGTCGTCGAATTAGCTTTAGTTTCTCTTGACTGCTCTACATTCGGTAGACATGAAGTCGGCTAAACAGGGTCCACAGGAAAGAAGTACCAGTCCATGCAATACGGAACACTTTGACCCCCTCCAGGCAGTAGCTTCGAACGGCCGTACATCGATCCGGAAGTAATAAAAATCCCCTACTAGGCGTGGCTCATGCGTTGGGAACTTCCGACTCGGTGGCGAACGTGATATGGCTAGGGCCAAGGGGACGAAGGATTATCCCGCTTA,408,49.02,Drosophila melanogaster
SEQ_177678,GGACGAAGTGAGAAGGGGGCCATTTTATCAAAGAAGCAAAGTAAGCGCTTACTTGAGGGCATATAGACTGTCTGCCTTCCGAGCCCCGCGAATTGGCCTAGTGTTGCCATCTGAGTTGCAGGGCCTGTTAGGTGCGGAACCCTCTAGTTTAATAGCGCGGCCTCACATCTCTAGCCGCTCTTTATAGTCGCTAATTTGCTGTCGAAAGCAACGTAATACCTGGCGAAAGTCGAAGCGGATTACTGACCAATATGCCACACTAGTGTGCTCTTCCGTCGGGCGGGCAGATCAATTCAGCTCGACGACAATGATGACGGTTACAGGTACATAAACCACATAGACACAAAGCGATCCCATCGCCGGGAACTTCAGGGACATCTAATCATGAGTCTTGAACCCCGGCTTGAACAGCAGTGTTATAGCTAGCTAACTTGAACTCCTGGAGGAATAGTCCAGAGCGGA,462,50.22,Mus musculus
SEQ_964451,GAGGGTTTGACGGACACGAGCACGCGCCTAAGGTGGCGCACTTTTAACTTGAATCTCGAAGAAAGAGGTCACTCGCCCGCCCCTTCGGAGGTGGACAAAGGGCAGAGTGTCATGCGGGTTGA,122,57.38,Homo sapiens
SEQ_822460,TCCCAAGCTGACGCATGTGGGTGACGACGTACTCTCTACGCTTGCTATTTGTCCTACATACTACGATATCATCGGAGTCGTGCTTCCAAAATATATCGGTCTGATCGTCATCAGTCTCCAGTGCACGTGTCGTGATTCCTTGTCGGGACAGAAAGTACCACCAACGCGGTATACCTGTACGATTTATCCCGCCTATATGGGTTTGCATGTTAAGGCGAAAGCATGATAGGTCAAAGTGTAAAAGGACCGGTTAGCCACAACGGCTTGACGCGCCCACGGAGGGAGGTGTATGGGGATTCGCCAGAGTCGTCGATGCTATCGTCGATACTATCTGCAGTATCCCATGACCCGTTTGCAAATCTCGATGCTTGCTGACAGAGAACTAGCCCGAAAACACACTCCACGTCAATTACGCACATCCGCAGACTTACAACAGACCGGTAAATTTGCCACCATGCGATCCTATTGCTTACTTGTCTTGGACTTTTGGTACGACACACAAATCGTTTTTGATCGCTGGAAGTTCTATATCCATTGCGTCTCAATCTGTGTCCCTTCTCAACTGATACCTCTCGCTTATAGTAGTCCTAAATGCATTTGATGAACGTGAACTATCCGCTCGAGGCGCAAGAGTTCACTACATGACGCGACCAAACTTTGACCTTTCTCAGAACCCAGTCTACTGGTTATGCGGATGTTAAGAGGAGGCCGACCATCTTTGTCAAAGGTGCGATGAAGAGCAAGTTTTCGTTAACAATCCTACCTGTTACTCAGGGATGGTCAGTTACCGACCCAGCGTAATGCGGTCCCTGTATGCTACGGATAGCGCTGGTGAGTCCTATGGACGGACGAAGCCTAGTTGACGGCTAGACTGTTGGCGACGGCGCTAAAGCGGTGTGCACCATAGGCAGAGCTAAACCTACATACTATGGGAGGAAACTTAAAGATCGAACAACTCGGTTGTGTGCTCAGGAATCGTACCACCGCGCGAGAAAGGGTCTCGTTTCGATGTTACGGTAAGGTATAGATGTGGCGATGACCGAGATGCGACACTATTTTAATAGCACTATCGAACATTTGACATGCATGAAGAAAAATGCATGTCGACTAACCTAGTACTCGTAAGTGGGGACAATCCCGCCGCTTCCAAGAGGGTTCAGCTCCGTTGATCTGCCTGGATGCGCCTCTCGAAAGCTTACCAGCCTTAGACCAGCACCTATCCTATATGTGGGTACGTGACCCGACGTACTACTAATATGGTTCTCATGTTTATATCGGGCCGAAGCCTTATCGTTAGCCCATCACCTGAAACCATTGGTGAACCTGTGTTGAGATTATCCTTGCCATACTATGGGCGATCGAACTGTTTTTATTCGAATTAGCGTCCAGATTACTGAATCTACTAGAATAGCCCTGTTGACGGGTATTACCTGTACGTCCCCTACCCATGATTAAGTCGATGCCCCAGATATCGACTTCCTGCGTTAGAGTAGTTAACAGTTGTGTTTTAGAGTGTATACCACTCACGCAGGATCTAATTTACTCTTACAGTGCTATGCGGACGAGGGTGTCCGCGCCTATTTTAGGGAGACTGCCGACCTGATACTTGATGCTATCTATCCAGTCGAGTAGGCACAGCTTAAAGAATCGACGCAAGTTCTACAGTGTAGCGGCGTATTAGCACGATCCCTTTATTGTAATGCAAGAACTCCTACCCCTTGAAACTCCTGAATCTGAGCCACGGTCCACCCGAGATTGTTCTTTGGGATACGGCCTCTTGCTTTCACTACTCCCTTAGAGTGGACTCTGACAGCTTATCCCTGCCTTTCTA,1831,48.12,Escherichia coli
SEQ_347099,CTAGAGGATATACAATTACAGTTACGACTGTATCAATTCTCCTATCGATGTCCAGAAACTCTCATGTGGCGGCCCCTGCGCAAGTTGCAGATAGCATCAGGCAACTACAGCTTCGAAGGAGACAATGTGCGGCAGGGGTGGAGCACGTCAATCGCGCTATACTAATGCGACCTGTGGCTGATAGTCAGGCAAGTATTCATAGGTGTGTCTTTTACGCAGACGGATCGGTTTGCAGTTCAATCTACTACCGTAAGACCCAACCTCAAGATCGGTGCTCATCACTCGGGGCATTCACTGTCTGTGGGCATTACATGGTGCGCATTTCCCACGGGCCCCGATCTTGAGTTGCTGCCGATACATAAATGCATCGTCTAAGTAAGGCCATGTAATCTCCTGTAGAGGGGAATTTATGCCCGGCTATATTTAAACAAGCCGCGTTAGTTTCAGTCTTCCCGACCGTTCGATTGGGCGCATCGGATCGAAGGATCTTCTCAGATGTACTGTGAGGTGACTGGAATGATAGCGCACGGACTGGAACGGTTCCTGGTCCCCAACCAATTTTGCTACAGCTCATGCTTTTCCGAGAAAGTTCGCCGTGTTCGCTATTACATGATGACGATAGACAATCCTTATTTATGAGTTAACTCCGAATTCAGCTAGGCGCCGTTCGACAGCATTTGTGTCTTCATGCGGTCTGACGAAAAATCGCTATGGGTCCAGTAGGGGTCTTCATCGACACAGTGTGGCATCAACAGAATATGATTGCCCACGTTCGCAAAATCGCTCGCTGTCCATGCTCATGCACAATCTCTCGGAAAACCTGTCTTGTAGATACGGTAGTTGTTTGAGAAGTACAGGCTCCGTGCACTAACTTACGATACTTAGTAACATACAATCGAGCCATTGTTGTCAGGCGCCTGTCCGCTCCGTGATGGCTCATAGGCCGCGTTGGGCCGGTTACTTGTAAAAACAAACCGCACTTTGCCGCATCAGAACAAATTCAGCTGGGGCTCTACTATGCTAGCTAACTCAACGGTGGACCATATTTTATTTTCACCAAACGCTGCAT,1069,48.64,Homo sapiens
SEQ_142576,CTGTCTGCCGAGAGTATCTCATGCTTGTAATTTCTCCTTAGCCCCTGGGCGGCCCAGTCACGTGTCTTGGATGACTCATACAGGGCTCACGTGTTATTTCTAGTATGTTTGCGACTACTCCTTTTGTCATAACTGGGACAGCAGACGCTTCTAACAGTACACTAAGCGCTCAGCACGTAGTACGTCGCCATCCTGGGGCCAAGGGTTTCCTCTACAGGCCAGGATCAGAAAACGAAATAATAGTTGAGATGTAAAGCAAGCGACCACGCGTAGAGGTTATCCGTGGGATTTGTTAAAAGTATCGATCCTCAAGATGGTGTGGAGGACGCAATAAGACAGGTGTCATGCTGGCGTCCGAACGCACTTCGTCAGAACACACTTGACCCCATGCATCCTCGGAGTAGCCCTGTACCGTGCCGTTTGGTCACCGCTTCCTCTGTAATGTCATAGCCACCAGCGTAGAATCCACCTCCCTCGGTCTAGAGGTTTTACATACATCAGATTCTTTTATGCGACATAGGCAGGCAACTCCCACATACGAAGTCGAGCGGCCAGGTACCGTCGCCTTGCATTGAGCTATGCTAGCATTGGGCCGCACATTTTCTCGCCACGGAATACAGTTTAGCTGCCCCACGTAAAGTGTCTGTATTCTTAAGCCAACGATGTTGTGGTTGGATCCCTAGTTGATGGTCCTCTTCTTTTGGGCCGACCCTATCTAGGCCGATTTACCATGAACACGCAAGGACCCCGGTGGAAAACCGTAACGTGAGAACGGCATGTGCGTTGAGGTCCCTGGCTGATTTGCATCACTTTCGTAAGCAGCTTGCACTGACCTGGTCTAGGTGCGAGATACTGAGTAAGTCTGGCCGCCTCGCCTGCTACCCACAACGGGAGATTGGGAATTCGAAGCCATGCCGGTATGCCTCCCTCCGGGACGATGTTCCCATGTCTCTATGCTTACAGTTGATTGCACGAACCCTTCGACTTCTGGGGAGGACTATCCATAAAAGCAGAGCGTCTCGTAAGTCTAGCGTTGTCTGTCGTCCGAAGGAGGGACAGCTGAGTTCTCGAACGAGCCTGATTTACTTAAAAAGAAACCTTTTCTAAGTCGCCGACGTCATAGTGGTGGATCTGTATCTCAGAACGACTTAGCGCAGGGGAGCGTCGGGTCACCGGCTATCTACGTCCTCCTAGATAAGGAGTCGGTATCTGCAGCTAGGTTTTTCCGTTTAGGTACTAATGGGCTTCTGGGTAGCCCGCGCCCCCAGCATGTCCGGCGTTCGAGCCCTATTCGCTCTTTGTCATTGCCCATATTAGGAGTAGGCGGAATAACAGTCGCTCGAGTCTCGCGGAATAGGAGTTTAGACACATGGTAGGTGCTGTGAGTCGACGGTGAACATTTAAATGACTAAAGCTAGTTCACATGTGTTCCCCGTCCTCGGGTTCAAGTGGGGAGGCTAGTCTTCGTAGCGAGAGCGACCTATGGATTCTGTTCGTTCGTCACGCCGATTAGGCTATCGCCCGATTCAGTGGAGTGAACAGCTCGCTCCACTCGGACTCAGAACACACGCCCAGTTTTACGAGACAAAGGCACCTAGCTCTTTTTTCTACATGTCTGCCTCATCAGTGGCCTAAGTGTAATGTA,1645,51.49,Arabidopsis thaliana
SEQ_739163,CCCAGGTTTTCTGACAGTAAGATCAGTCGCTCCTCTAAACCAACAGGTTTGTCACTCACCCCTAAAGCAGAGTGTCACCGCGTCTCAAGAGATTACAAATAGTGAATCCCTACGCGATTCCGGCGGGGCATCATTTGAAGGCATGCGGGGATGGTATGCGTGAGGTTCAAGCGCCCAGCAGTGCAGATCGGTAATCGATAGTTCACTTCCGAGATTGTGCCCGCCACATAGATGCTCGCGAAATGTTTTGTGTTAAACTAGCGACCTTTACCAGAAAAACCCGCTCAACGTGTCAATGGTCTCCTGAGTGCGAACGCTGTCGCTCGGAGTCCTCGACTTTGATGACGCCCTCATACCGCCTGGCCCACATTGCAATATCCCGCTAAAAATGTGGATTACAATGCATTGATAACTAGGCACGTGGCGACCGTACTGCCTGTCATATTTGCTACGAAAGCAGCGGGCGACCCGTCCCCTTAGGTCCT,485,51.75,Drosophila melanogaster
SEQ_300531,AAACTACAATAGGCTCGCCGTCTAGGCGTCATATGCAAAGGTGGAATGACCCGTGACACACAAGTATATGCCAGATAAGTGGTGACACGCTGACAATATACTCAAGGACACACGCGACGTCCGGTCTGACCGTGTGATCAGATAAGTTCGCGCGCTATGGCGTCGACTCACTGCGTAATGGCTTGAGTGTTTAGACTATCTAATATGCAACGCTGTCGTTCATTCCAGCGGGGGTAAGTAGACAATCTCGGACCCCCAAGGACTCGCGTCAGGGCGATAATGACATGTCTCACCGGAAATGAACAATTACTTTCCTTGACGGGGAAGTATGTGCGCATCATAGTTTTCGACTAAATGCTGAGATGCGCGTAAACGCCTCCTTTGTGTTGTGCATATCAGGTTACCAAACCCGAAACCCCACCAGTTTGCAGACCCCATCTGGATTCCACTCACCCTTACCTATCACGTCCGAAAGGTTTACACAGGGACTATTAAGGTGAGACCAATGATCTCCCAGTTCGATTATTGCTTTCAGTCCACTGTGCAACACCGGACTCGACTCTTATGCAAGTGACTTCATAGTCACGAGCACACCCAAGGGTCGCAGGCAAAGCAGGTGAGACTTGGATTCGCCTTATTCCAGTGTGCGCGGGGGCTGTAGGAATAACTGTGCTATGACGGCGTACGTTTTCAAATCGGGGAAACATTTGCAGTAGCCTATGTCAGCTAGTTTACACCACACAGTTGTTGGCTGGGGGTTGTGGGCTCCGAGGCCTCTGCGCGTTCGTAGCTAGAGTCTTAATAATTCACCTAGTTCGATAAAGGCAATTAGACACGAGCGGGGTATGCCTCAGGATTGCTTACTAAGCCGGGCCTGCGTCTCGAGTCTTTTTCTGGCGGATTCACGTGAAACTCGCGGCGTCGCGAATAGTTGGCCTTCACCAAGTGCGGCTTTGTGTATGTCAAGTCCAAGACGACTCCCGGCTTGGGCGATGGCTAAAGTAATCAGATAATCTGTGCAGCAGAATAGTACCTAGTGTAATCAGAGTCCCACGACCCTACATTCGTATCGACCCCGCGGAATAACTGATACGGCTATCCGGTAACACCGCTCGTAGGTATGAGCTGACCCTTCTCCTTTTTTGCTTGATTTGGGGCGGGAATGGACCGGAGTCACGCCCAAGTTCGAGCCTTGTTGCTACAGCGAGAATTTGCATGCCGTAAAGGGAATTCTTCCACCTTTCAAGACCGGCCTAGTTTGGTACACAACTATCGTTCACCCATGGTGAGGA,1292,50.46,Homo sapiens
SEQ_937738,GTTACCCGTAGCGGCCTTAAGCTTATGGAGCTGTCTTCGTAGAGATCAATAATAGGGCGCCATTCCAAACTTTGGCCGAAGGTCCTATCAGTCTTACAAGCTGGTAATTCCCGTCGGCACAAAAAATACGTATTTTTAATCCTCAAGATTTTAGCGGCAGTAAACCCTACTTTTGCTCCGGTTTAACGTCTGGCGCAATGTTGGGCTCTATTAACACGACCCGTCGAGCGCGACAGATGAGAGACAGACGTATAAAATTCATTGATCTCGCATGTGGACGTTACCCGCGTTTTCGATATACTGCGACATCCTACCCATTCCATTTACCACGCAAGATATATTCGGCCGGTGGCATGGGGCGACCCCAAACGCACCGTAAAATTCGGATCAGCATAGTTTCTGGTAACGTATCCCATGCAATATTCGTGGACCGGCCGACGGAATCACTAGTTTTGAAGCTGTGATTCAGTATCACCTTAAGGCGCCTAGATTTTCAAAGCTCACATGGTTGTTGCTGTGCAAGCTACAACGATGGATTCGCCCGTAGCAGTGTCAGGACCCACTCCCGATTCAGGCTGCACTTCTGCTAGTCCCGGGTTAAGAAGTCGGTGGCACCCGCTTACTCCCCCTAGTAGCATTCAGCCTGTGTTACTGCAGAAGAGTTTAACTCCGCCGACTCAGTTTTGGACTTTGACGAGCGACCTGAGAGGTCAGCAGAACTTTTAACGCTCCAAAACGGTTAGTGGTCCCTTAACTGAAGACTACAACTGCAGAGTAGTTATTAATAACAGAGCCACTGTTAGCGCACGAACGTTTTTGCCTAATGGCTTTGTCCTGGGCAATCATAGTGTTTGACC,857,48.31,Saccharomyces cerevisiae
SEQ_481414,GGGCACGTGGACAACTAAGGTCAAAGGCATGCAGACGCTGTGTCATTGATCTTTCGGTGTCTGAGTTTTACGTTCAAACCGTTGTGAGCCAGAATATTCATTGCGATACATGTAAAGAAATATGCTCGGGGATACAGCGATACGGTGTGTAGTCCACGCTCGAAGCCCAAGATAGGTCGGATCGAACGAGGTAAGGGCTTGCTGGCTCACAATCTTTGCTAGAGCGCATGGTAGAGATCACACGTAAGGAAAACTAGGCTTAGGTGAGAGACGAGAGTTGATATGCGCTCCGATAATTAAGTCCCTTCCCTCCCTAACTTTCTCTTTCCCGCGCATTTGGTGACTGTTCCGAAGACGTTAAAGTTCCCCCTACATTCCTAGACGGACGACTATATGTTCTCCTACGAAATAGCGTCAATATCATTGAAGTTACTATGAGGCACCACGCTGTGACAAAGCCTAATGGGGGGCACACGACGCTTTCGCCTGGAAAGATTACTATAGCTAGCTGTTTGAAAGTGGAGTCGGGTATGCCCAACACACGAGGTCATGAAGAAAGCAATAGTACTACTAATAAGGCCGGGTCCGGCTGATTTCGTTGAGAGCACAGGGAGTTCCACTTCCCAGTTAACGTGAAAGTGACCCTTCCGCCCTGTCCTTGCATCCCGATTGGATTCAAATACTTATTTTGCATTCGGATGACATCAACTATTCTCGAGCGCAGGTAGCGGCGCAGGCCACGTTCCTAGCAAGGAACGCCGAGTGAGGAAGGAACTAACGCTTTGGCTGGGGCGAGTAAAGAGAAACGCGTCTGTCCGGGGATACCTGACTTATAACGAAATCTAACGAACAATCTACAGTGAACGACCTGGTGGGGCTTCTAGCCCTTCTGTGTCTCTTGTGCGGGTTATTGATAAGTGTACAGACAAATGCTCCTGCAGGCGCGCGAAAGTTACTTCCAAGTTAAACAAACCCGTTATCGGCAGCATCAAGATGGTAACTATCGGGGAGCCACAGGTGACTAGGGAGAAAGACACGTCCCGCCAGCACAAGCAGGATCTTGTTAAAGGTTTACATTCGATCGAGTATGGCGTCACGCAGTACCTCCCTCGGGTCATACTGGCCCAGTAGGCGATAAGTAGTGAGTATTGGCAAATCCAGACGGAAATTTTCTAATCCCCGACCTCCACTT,1192,49.16,Caenorhabditis elegans
SEQ_213385,ACAAATCAGTCGTGCCCGGCACCCTTTCGCAAAAAAGCAACATCCAACAGTCGATGCTGATCAGCAATTCATGCGTCTGAGGAGAATGTATGTTGAAAAGAAGACCTTGCCATCATTTACGTTGGCTTTCGTAAACACGGACCCCCCTTGCGGTGACCTAAGTCCTAGTAGCCTTTAGAGTTCGCCGTGCACACCACACGAGTTTCTGATAGACTGGTTTAAGAGTCGGTCAAAGTGTAACTTCGTAAGTCCTCTAGAGGAGTACATGTAGCAGAATCCGTTGGAAGTTGATGGAGGAATGAGTGACTTTCATCGACACGGGGATCACATGTATCGGGACTAGTAGCGCCCAGCGCTAAATATGTTTGAACTAGCCTGATCCAGCAAAATAAACATTACTCTCTTAAACAGTGGTTTGCCCTCCCAGGCGCTCGTGGTCCTGACGGCCAGGCCCTAACCACTCCATAATTAAAGATGTGCGGTTCCTTAGGGAAGACCGCTACGTCCTTACAGGGCCTTTC,521,48.56,Saccharomyces cerevisiae
SEQ_480156,CCATTTAAAGACGGGGGCCGAAGCCTAGGTAGAGGCTCGTTCGTCGTCCACTATGTCATTTTACTGAGCGCTGTGAACAGCCATTAACGAGGATACACATTATAAGCTGCTATCACGCTAGGATTACTAATTTAGGTTCCGCACGATTGTCACGTCTGCCAAGGCTCGCAGCAAAGCCATGGGTCCTGTTAAACGATGTGTATACACTGCCCCCTGCGGGGTCGACATTAGCGTGTGTTACAATCCTAATGCACACGTGATGCCATCATGGACCTGCCGGGCCTGGAGTCACTGGTGGGTGAACAGCTGGACTAGCACCGTGCAGGGTAAACTGTGTGGCCTAACCGGGCGCAGCCGTGGGAAAGTCAATGCGATATCCATTAACAGCGGCCTAGGAATGTGCACGAGGGCTGTCCAGCTAGACAAATGAGGAGACTGCGTCTAAATATTCCAGCGAAAGTTCGCGCATCTCCGACATACAGTACGACGCTCAGGAGACCACGCGACCTGTTGTAACGACGAGTATAGGGAATTCGGCCCCGTTACTTATGGGAATGAGCTCCCACGGAAAGTGACCGCCTGACGCAATGTAGAAAGCCATGGAATAGTTCGGACTGCTACGTCCAAGATTGGGCGGTTCTCACGATCCGCGAACACCTCTACTGCCTCCGATACATCAGTACATTTAGAAAGGGCGCGCCTGCGTATCGGCACTGCCTCACATCAGCATTTATTATGGTTTTCGTTTCGACGTTACAGATCAGGCATTAATTCCTAAGTAAGTAAGAATGTTCTCACCTCGACTCCAGCCCTGCCTGTAGCCGCGACCTTTGCTGGTCTCTCTCGTACATATT,854,51.76,Saccharomyces cerevisiae
SEQ_849619,CCCTCTCCGACCGTCGTACGATCTGAAACGCAAAGTTTGTGGTTGAATTGGGCAAAATAATTAATGAGAAACGCCGTATAATGGCCCAAGGTCCTCGGGCTGGAGCTTTTTAAAGGGCTGTCGTGCAACCGCCAGACCGAACGCGCTAGCCTGGTTGCATTCAACCCAAGGTTTTCCATAGGTCTGGACTGGGGTAGAGAAGTTCATCCCACTATCCACACATTACTGATAGGCTGGCCCTTACATGAGATACAACTACCTCAGGAAGTCGAGCAAAATGATCTGACTATACCCACCCAAGTCCCATAAGTGGGGGACGCGCAAGACGCAGGGCGAGTCAGTTGTCAGTACTAGCA,356,50.84,Drosophila melanogaster
SEQ_772441,CGGTTTTTTATTATGTGGTACACCTCATGATAGTCCTCAACAGACCATCCGGGGCGCATGGTCTCGCAGGCAAGACTGATTGCTATTATATCTACTGCTAGAAGGAGGCGGGAACATACAATAGGACTCCCACGATAGATGAAGATTCGAAGACATTGCCGCAGAACCTCTGATATACAGGCGATTAAACCAAGCACTCCTCGCAAGTGGAGATTGGGGCCTACCGAGCACCACTCT,237,48.95,Arabidopsis thaliana
SEQ_958828,GATAGTCTCAGGGCATGAGGCCGAGAAAAAGATACGACATCTTGCACTAACCCACTGTACTCTCATCCTTTGCTCGTTAGTCTCTTCGTCAAGTGTGATGGCGTATTGCCAATAACGCGCTTCCAAGGTTGTGACTCCGCCCCGGTCACGACACGGGGCAAAAGGATCAATGTCTCTTCTGGCACGTTGTTCCACCGTTGAGATGGTGAAGCCTACCATGACTACAGGATGACGTCCCGCTAGGCAAGTCAGTTTTGGAGTCTCACTGTGGGACAGTTAA,280,51.07,Mus musculus
SEQ_906963,ACCTATCGAACTTAGTCAGCCGCCTAGCACGGCTAAGATCCAGCCGACAGGCTCAGTGCCACACGGTTAGATCCACCATACATCGCGCAGGGCACGGGATACAAATAGTTGTAAACTAGCCGCCTAAGGGGCGACAGGTATAAAAGTGAGAACCACTGAGCCCTGACCTTCAGTATCTTAGTTCACTTGACCTTGAGTTGCCAAGCTGTACCCGAGGTTACAATCGAGCCGTCTAACAAGACGACCGTCACCTTAAAGGATAATTGCTTATATTGCTCAGTCGCTTTGCTCAACGTCTATGTACTACCGCCGCTAACTGAGCCTACATACGACGATAGTTATCATCCATCATTCTGGAAAGAGCCCCAGGCGGATAATGCCACCTCTGGGAATAGATTTTGTCAGTCTTCCCATGCAGCCTCGCAAACCGCGCGCAACGTGATCTAAAATACATACTGCGGAGCCACGTCCCGAAGTCATTACCCTTTAACGCTTACATTATATTTCACACCTCCGCAAAAACCCATTCATATAGCTCTGCTAGAGGCAGGATTTGGGTATGCGTAAGGTCCTTTTGCAGCGTGGATGATGCACAGTCTATCCCGATCCATGCACGTGCGCTAGAAATAGTTGATGATCTATAGTCTATAGTTCCGACGGAAGCGCCAAATTACAATAGGGTATATGTCGGAGCCGCTTACGCGCCCATGAGCGTTGGAAAATCAATCGGGGGTTGGGGAAACGTCCCGCCATGTACGGAACATACCAATGAACGTACGGCGCGCTGAACTACGAGAATAAACTAAGCCGTGCGGTCGGGATAACGCATGCTTCACGATCTGACTATAGCGACAAAGCGTTGACTATGTAGTATTAGGACCGGTACAGACAAGCGGTCAGCATAATGCGACCCCACTGAGATAGATCTTCTATAAAACGGCCCGTTCTAGGTGCCCCCAGCGCACTCAAAATGCTTATAAGTTATCCTACAATCGCATTTCGAGTCAGGTTGCTAGTGGAAATTCTGGCATTAGGCCTAAACACCTGCGCGTTGTTCACACCACACATTATCTACTATGGAAGCTTCGGTCGTTTTGCTACCATTAGCATTTCCATACCTATTTCAACCAGGTCCTTCTCTCACGTAACACGTCTCTGTATTCGCCATGATACGTCAGCCATTCTAATATCACGGCCTCACGCACTAGACAATTCTCCTCATACCAGTCGAGTAAGCATCTTATCAGTGACTTATAAGCCACGGCGAGGCCGCATTCATCCACGCAATGGATGGTGCGATCGACCTAATTACTTTGGTTTTAGCGGTCTGTATATTCATCAACCAAATGTTAATCGAGACCATGTACGGAAAGAAGGGGAGAGTTGTTTGCAAATCAGCTTGACGTTTGTCGTATTGCTATATCGGGGACTCCTTCTAGCTCGCTCTGTGAAACGGGTTCATTGC,1465,48.05,Caenorhabditis elegans
SEQ_928775,TAGATTAGCAGCTCGCATGTCCAGCCGCAGCGCTTGTCGATGAGAACCCCCAACCGGTATCGAGCACATCGCAACCCTTTTTTGCACGCACGATCTTTATAATGCAATGGCATGTGAGGGCATGAGCCGTGACCGCTACTGGAACGGTGCGGGTAACTTCCGCACTGTTTTTGTATACATATCGCCAATACCGCCAGATGGAGGGGGCACGCTGAGTAATACCAATATAGCCGAGGTAAGGGTGACCGTAGAGGTAGATCACCCTAGGTTCGTCAGTTTGCAGGTGAAGGTGGCGTTTCAGCAAAAGTACGCTTATGCGAAACCAAACGAAATGCTCTATGAGCACCTCAACGCCGATATAGACGTGAGTCTATCACGGCGCCACGCTCACTCTGTGGAAGGGGGAGTTATACTCTGGAACATGATGCAGTGTTACCGCGTGGGCCGGACTTCAATAGATGGGACGTAGTCAAGGAGGGGCATTAATATTACA,493,51.52,Saccharomyces cerevisiae
SEQ_402513,ACACCCTGCATACTCAAGTCTACAAATTGCCAGACTCCAACAGGTGGAGACGAGACACACGCGGGGCAGAGAATGTGGGAACTAGGTGTTCCGTTCGGTCTTTAAGTTTTCTGAATCTGTTAGAGAGTGATAAAACGCACTCATATCCGCAGTGCGTATTGTGGCACTAACGAAAGAATCAATACCCTCCGAATCAGTTGAGGAGGCACTTCCCAGGTGGCTACCCAGAGTACCTACAAGATCACTCTGACAGTTACTCCTCACTAGCTCCACCTGTGGTTCATCATCTACATGTCGAGGAGATATCTCTTCGTTAGTGATTCGTGGAACTGCGCCCCCAGCACGCTTCGCGCTTCTGCGAAGGTCGTCTTTTGAAGTCCGTCAGATGATTCTCACGCTGCCTCCAACTGTGAGGACTGGCACGAAAGAGTGTTGATACTGGTTTAGATAACTATTTAAGGAGTGTGGCATGCCTTTGCAGACGTACCCCTTACGTTAAAGCAGGTTAGGTTCGCGCTACAAAACTAGTACCTTGCATATCTGGCGAAGTATGATGCCGACACATACCAACAAAAGAACCACATCGAACCGTTCTGTGCCGTAATCACATCTACGGAGCCTTATATGCAAGGTGAGAGTCGGGTACCCGCTAGATATTATACGCTGGTGATCCCGCCTGTCCAGTCGATAGTACAGCACGTATAATCGTTGTTCCACGGTGTCATCCTTGCATAGGGGGGAGTTCGATCGATAACTGTCTTTGCGGAATGTTATGCGTAGGGTGGATCACGTCTGTTATCTAAGGAGCGGCTGTAATATAACGATAAAGCGTACCTCTGGCAAA,844,48.46,Arabidopsis thaliana
SEQ_631623,CAGGTGATTAGTGATAATCGTGCATCTGTTGCGTTGAATGCACTGGTGTTCGCGGTCAACCAGGTGCAGACAGACGTATGCATGATATCATCAGCCCACCGCGGTATCACGAACTTTCTTCACCACGCTGGGTCTA,136,50.74,Homo sapiens
SEQ_360714,ACCATAATACGACATGGGCGTTGATATGCTCCCGACGACGAGATACATGTTCTTGCTACAATTTGTTTAGGCTACATATCTGGCGCGAGCTGTGAGCAAATAAGGAATGACGGCGAGTTCCGTCCTGTTGTGGGGCGCTGGTCCTATATACCACCAACACACAGAAGGTCGGGGCATACATGGACATTATCGTGTGGTTTTGTTAAACTTAAGGAGTTCGCGCAATATAACGTGACACTGCGGAATCTAGACGCCACAAGGCCACTACTTCATTACGCGGTTCACGAGGCATTCGCAGGACCATAGACTTCAAGCAGTTATGTAAGAATGACACCTAGAGAGTCGCGGGCGCCGCAAAGTCTCAACAAGCGGACATAAATCGTCCCCTACTAAATTATGACATGGTAGACACTTAAGTTAGCGTGCTATCCTCCAATTAGCCATATCAGTAACCAGCCCTCATAGTTGGGCCCTTAGTCGGTTCGGGTATCTTATCACAATCAGCCAACGGGCACCCGACAGAGACTGTGGGGTGCAAACTCTAGGGAGAACCTTTTATGGATAATTTTCGTACTCCGAGCAGCTTCCTGATGCAACCGTCACACCAAAGTATAGTTACATAAGCCTCTACCTGGCAATATTAGACTGCACCGCCTGTGGGGAAACGTCACTGGGTCGCCATGCTAGGTCATTTCCAAGCACGCTGAGGAGGAAGTTATCTCTGCATCCACACCACCTACTCCGCAGATTGGCGCCGTGAACCTGACGAGAACAATCTTTCTCCGGCCATTGGGGCGTTTTCTCTCTGATAGCCAGTTCACTGTCGTTAGAACTCGGTACGCGGAATGACGGCCGACTGGTCGGTGCTGTGGTACAGCCGCATCGGCCATCACATTCCCTTCTGGTCAACGAAATTATTCCCTGGTGAAGAATGGTAGACCCGAAGGAGATCCACCAGAGGAAACGGTAACAGCCGTTTGTTATTGTTCTCCTTATTGCGGTTCCTGCATTCTGTGTGACTTGTACTCAAATCCTCCCAGCTTATTACGCGCTTTTGGAGTGTCAAAAGGTAGGAAATAGAGGTCTCCAATCGTGAAGTTGGGACGATGTAGTTGTCGGGCTATAATTGAACGTGATCTGTAAATCCGCTGTTGCAAGCTAGCCGTATTTGCTACGCAACCCAACATCTGAAAGCGTAGGGACAAAAACTGTTACTCCTATATAGCCTCGCGACGGTCGACCAACGGCCCTGCTTTAGGCATCGTTCTTCTATTTTGAGCGTGATTAGTTCGCCGACTATCACTGAGAATATGTTCGACGGGCCTTGTCCGTAAGCTAACCAAAGGCTCGAGTAGAACTGTGGAGGGGCCCTGGGTAGCGGGCATAGGCTTCCGGGCGCACTACAGGTGGCTGGACAACGGGGACTCGGTTGTCAAGCTCGACCAAACGAAAGAGGCATATTTTTCAAGAGTATGCGTTAACGGAGTGGCGCCCGAGCTAATATCACTGTTGCGTGCCGCTAGTACACAGAATCCCTTATGTCTTCGTAGTGCCCGCGCGAGGCGACAGTAACGAGCAGATCCCCTACTTTAAGCTACAATACGGGCTTGCATGGTAGGCCCTGGGGGTTAGATCCACTCAGAAAATCATCGTATGATCCTCGCCGTAAAGACTAAAGCAGGTTTAAGTTCGGCGGAGACTACATGGCATTCCTGCATCTCCGATTGGTAGTCCAGGACGAATCACCGGTCAACTATGGCATCTAATGCTGCGTTTGTTTGAGGTTACCCACTCATGGACGCAGTGGTCTTCCACCTTTGATACACCTTAACGCAGAAGCGGAGTCTAGATTGATGACACGTCCTACATTGGACTATGGAAATCTGGCACTGCACACCGCGCTCAAACACAAGCAGGGTACAGCCGTAGGCCAAT,1935,50.18,Drosophila melanogaster
SEQ_567143,CTCGACACTCGGACCTTCGGCGGCACTCCATAGCGAATTCTGGATTTATTACTACATACGGTCCAGACACTGCTTAGCAATACACTATGGGCTGTTAATTTATAGTCGTTCCGGGACTCGGTGTAGCAGGGCGTGTTGTATGACGACGGTCGAAAAGTTAGACTAGAAAGAAGGCCTTATCCAGCAAAGTACTCCGTACCCCATTTAGAATCCCATAACCGAATCTTTACTAGGGCAAAAATATCCACTGATGTACACTAAAAGAGTGAGCTTTCGAAAGCTTATACGCATAACCTTCCAAGATTGCACCTGGGGTTGTGCGACATCAAGGGGAGCTTGATTGTCCCATTACAGGAAATAGACCGACTCGTCAGAGCGATCTCCGCCAATTTGTACGATGAGTCGGTGAGTAGCGTAACAACTAGTAACACAGGCGCTCAACAGTATTGGCACTCCGTTTTTCACAATCGGTTCTATACTGTGCAACTCACCTAGAGCCGTCTTGTAACCGCATCGCGCGTATCTGTTAGCAGACCGCACATGACTTGGCGTGTGGCTGTTCTACGTTCCCTCTCGCATGGTAATGGTCCCTGGTAAAGGCAGCGGACGCCCCTGAGCGCTGTCGTGAGTTACACACATCGCGCCCGGGGTTCACTCGGATACGGTGTCGTTTTCTTCGTGAGCCTGACCTAACAAGGTCTCAGGGCTCAGTAAACGGATCCACGTGCACGCTCGTTCGAAGAGGCGTTATGAGTGGTTGCCGAGAACAATTACTACTTCTCACACCTCCCCCGTAATAGTGAGTTCACAACTGGTGTCGCTGACTAGAATTCTGGGGACCGAGACGGTTAAGGAAGGGTGGGACCTTTTGCTTGACGAAGTAATACAGGCAGATTTCCCAAGGCACCCTATGCCCGCATTCCATTATCACGAGCGACGGTATAGACCCACAGGAATGGATCGGAGAACCGGCCTAGCTCATGGGATCGGTAAGGTGTCCCTAATATCGCCGGGCGTATCGCACCATTGATGCAACTCGTCTCGGTCTACCCTCGAACTTAAACGAGTTCTTCTTGTCATCTCATACCGCGCATTAGCCTAATAACCCATAATATTGTCAATGTGAATTCCGTATAAACTGTCGTGAAGCTGCGAGAAAACCGTATCCATACGGAATAAACATTTGGGTCTAATCCTTGACTGGTGGGCGCCGCACGCATTGGTTCCCGTCTCAAGCGGTGTGCGACCTTGACGTACCATGGGGGCCTTGCGGACCGCAAATAAATCGGTATGGGCATTGACTGTCTACTATACG,1315,50.19,Arabidopsis thaliana
SEQ_356505,GTGTGGCTCCAATGAGATATGACCAATGGCACGTATCTAGCGGGACCGATCCTACGTAAAATCCTCACTTCCTACGCATTAGATCTCCTTAGAGAGGCCATTATGAGTTACCAGTGATCCGCTACCTCAAAGGAATCTGCGACAACATTTTTTAGTATCAAAGGGTTTTTTGTTCTGAGGGATGCTGAAACAGTCTGGAGCACATGCTAACCTAAATGAGCATTATCAAGTTGCAGGCTGAAATGCTAATCCCACGACTGTGCCGAACCCCGGGCAAGGAGCAGCTAGCAACACCATCTGGGATACATACATCCGGCCTGAGGCACACGTTTTACACTTAAATGGTGGCCAAATCTTGTAAATGATAGGTTCAGTTAATGTCCGCAGTAGCAAATCATCATGTGCTACCTAGAGGTTTTAGCCCCGATCTGATTCATTAGGGTGCCCCTCGAGCCGGATTCGTGGGCG,468,47.44,Drosophila melanogaster
SEQ_642631,AGGGCTAAATGGGATCATTCAAAAAACTGCAAGTGGACTAGGTCCAAACCGTAACCTCGGTGTTCCTCATGCGTGTAGGCTTGGCGCCGGTGGGAGACCGTAATTCTCAGGACCTAAGACCCGCGCTAATCGGTTACCCGTCGAAAACAGTCTTGTTCCAAAACTAGACGTCCTTTTCCTAGGGCGGAGGCCTGCGGAAAGCAACGGGGTGCGCCAGGACGCCTACGTCCTCCGGGCAATGTGTTATATAAATGCTCTTTCCTAGGCGCCAACATTTCGAGCGTCTTCCCATTGAAAGGGCTCTGTACTGACAATGTAAGCTCACAATTGGTCGCGGTTAGGATAGGGCGTAACAACGGGCATTCAGAGCACAACGCAACTAGGTTTCGTAATTATCACAACTCATCTATATAAGCTAACGCAGAATCACTAGCACCCCTAAACCTAAAGCATTGTGTCTACGCGATGCCGTGCACTAGTTGCGAGTCCGAGCGGCCGGGGATCGGGTTCCGTAGTGCAATGACTCTGAGGTAGACCGGTTGGACCCGCTTTTATTCTAATTTATCTTGAACTCTGAAGCGTAGCAGGGACACGCTGGGTATAGGGGCGCTCTTAACCCAATCCCGTCTCGCCAGCCCGATAGATGTCCGGACTTCACCCAAAGGCTCAGCCTCTATTTTCCAACCACGACCGCTACCTGGATGAATGCTCTGATTCCTATTCTGGGCCTTGCGTGGCCCACAACATGAGTATCTTGCTTTGCTTG,766,51.83,Mus musculus
SEQ_245374,TAACGATTTGATGTACGCCGACCCGTAATATAGCCACGCCGTCTATGTACATACCTCGAGAGTTATTTAAAAGGGTCCGCGGAACACAGCGTATTAGGATATCCGTACCGACAAAATCATTCCAGGTTGGTTGCAGCTCTAGTAACGCCAACAAGAGTTTCAATCGCTACGGTCCCTGGTGTGTTGTACCAACGACATCTATTTGGAGTAGCACCACAAGCGCATCGTGATCGGACACCAAGAGACGGCACAGGCCAACGTGTCTGCCTACTCAAGTAAGGCAACGGTGTCCGTAACCGTAAACGGGGTAAAGTCAGAGATATTCTTGGCATGCATCAATCCATATCATCGTTCGCGAGCGGCTCGAGTCCCACACACGACGCCTCGTTGGTTTGCCAAGGACCGTATGCTCATCCGAAAGTTCTCGACGTTCTGGTCACTCTAGCGGCAACCGATCGCGGGAACGGAGAACAATCCAGTTAGCCGTAACTTAAAACCTCTAGGGCATGGAACCAACGACGCTGCTATCCAGCACTAGGGCTGTGACCTTTAACATCAACGGGCTGAAAAGGGCTATGCCATGCGCTAATATTCCAGATCTAGGCGCCTAGAGCCCTCCACAAACGGAGCCGCTTCTGCCCGGTTTCGTCTACAGCAGTCATGTGGCCGCCGTTAGCCATGGTTGTATGTTTAAGGGTGAAAAGTCTAATGGAGCCGTGGGGATTAGACATCGGCGTGAAGCAAGGCCAGATAGACACTAATTAACATACCGCTATGTTAGACTCGTCGTTTACAGTCAGATTCGCCGTGCTACCAGGTTCTTGGCCGCTGTTAGGACTCCACGGTGATTGTAAACAGACCAAAACATAACGTGTCGAGTAATTAAAGGAAACCGTTCATCCGTATGGTGGCCCTGCCCGTTCCTGGACTATTTTGCTGATCCAGAGAGGCACGATGACACATCAGGCCGGTGGACTGCATATAAACCATTAGCCTTACGGGGTACCCGATGTGGCTCACGTAACCAAGTACACCCTGTGGCTGAGTTCATGCCGGCTGTGACACTCCTGGCCAACTCTAGAACAGGGCCATTTGCCTGTCTTCTCGGTCTCGCCGGACATCGGATGGCTCGGGACCGTAAAAAAATATGACTACCATATGAAGAAATGGCTAGACTCTAGAACCCGTAAAACTTCTATGCTAGGGACTGCCTACTTATAGCTCCGTCTCCGAAAAACGGCGCTGGACCGGTCCCGATTCGCATTCTACAAGTGTTCTGTGGGTAGATTCTCTGCCAAACCCCCCGATGTTACTGGATCCATTCTGCGCAAGTTTCGTCCTATGGTACGAATGTACCAAGACCCAATTATTACATACCATGGTACTATTGTCATGTAGGCACCCGGCTTTAGGGGACTTCTCGAAGTCCTCGGATTAGCACCGGACGTCTGCAAGCAAATACAACCCGAACATCGCTGAGATTGCGAGAGGCGCGTCAACCCACTTCCCACGGTTGACATTCATTGCGGCAGGCTTGACAGGTGACGGCAGATTATCCCGCATAAAAGAGCCCAGCGAGGCTTGTGGGTCCTGAAAACCAATAGATCACTCGCTCAAACCATAGGGGAGCCTAAATCTGACTGACCTAGGTTACCTCTGACGTGTCAAGAGGGTTACCTACATAACCAATAGCAATTGTGTTCAATCTATGGCTGCAGACTGCTAACATTGAGCTCACCTTCACCACCAAATGGCGGCTTTACAGTTCGGCCGAGCGCCGGTCAGAACCCGAGAGCTTTTTGAGGTAGGCTTGAATCATTTCAGGCATATCATAACTAAAAAAAAAGCCTGAGCGCTCACG,1861,50.62,Caenorhabditis elegans
SEQ_198476,CACGTGCTATAATACACATCCATAAGAAAGAGAGAAGGGGGGTCGCAGTCGTACAGTAAGAGTTCAAATTCGAGCTCCGAAGTGGAGCGGCCCCTGCGCGTATTATAACCCCATCGTGATGCGACGCGAATAGCGCCCTTCGGCGATTTTAATAGCTTAAAGGTGCGCTGCATTTCATACGGGGCTTTAAGCGCCTGAAAAAAACAATTGCTGCCCAGGCCTGCACAAACCATGATTTATGGACTGGGGTAACGCCAACCTTGTCTTATACTACTTTCTTGATGTGAGCGTAAGCAGCACCCGGAGACGCCATCGTATGTCTCAACAGGATTCAACCAATGAGAACTACAACTCTCCTAAGCAGCGCTACCGCCCTAGGCGTGAATTCATCTTCAGAAGGTTCAGGCGACTTGATACATCTCAGGGGTCTTCCTCCTTGATACATATAG,449,49.0,Saccharomyces cerevisiae
SEQ_937425,TGGCACGACTCACCATACTAAACTTGATTCATCTCTCCCCTTTTCAGTGACGCATGCCCCTGCGCTTGTCCGACATGAACCATCAAGACCTGCCCTCAGTTTCTCCGTTGAAGGACCAACTACCCAGTTGGTCCGAAACGATTGTTTAGTGGCGGGTAAATTGCACAAGACTTGTATACGTTAGGAGGAACTGGAGGGGTGGCATGGATCCTAATAGTCTAGAGGGGGCCATTCACTGGACGACACAGCTAATATGTAGCTAGTGGTCCATGAAAATTTTAGATCATGCGGTCGACTGTTTTAGTGGTTCACCTAAGTAGGCTTGCAGGGGCTGTTAGACCGGCAGGTTAGCCAGGTATGTGCCCGTTGGCTTGGACTTTAAAGGAAGTATGTGAAAAGTATGGACTCATCGTTTCGGCTTGTAAATTGCATGCGGAGCCTATCGAATTGGGGAACACCATATGTCACTCGTATTCATACCTTGGTTTGGAGGTGCTTATCGCACTCCCATGCGCATGATGTATCGAGCCTGTTCGATAGTCATTTGGACGGATATTTACTTTATGGGACAACGTCGCCTCCTTAGCTTCCAGGGCTGGAGACCACAGGGCGCCCGGCGACACCAATCCGTACCACCTATATGCGAGGGAGTCATGTTCTTAATACACTGACATAAAGGTGAGGCGACGCGTAGCATCTGGGTCTCTGTGGACGACGCATAGTTAGGTGACTTAAAGCGTCTATTTTCTCGGGACTGCCCCTTTGGCTCCGCTCTATAGTCGAGCCTAACGTCTGCCTTGAAGATGTGCGTCCGTTGCCCAATCGGAATTTGGCGCGGGTTAAGTACTGACCAAGCTAATCGACTATGGACGGAACGTTACGGTGACGGCGTTGGCTCAACGTTACTCTAGCCAAGACTGCGGTGACGGAAAGGGGAACGACAACACCTACGGTTCGCAAAGATATCCGAACCATGCCGAGACTGTAGCTCGATAGTGAACTACTGATAAGGCGAATACGTCCGTGGCTCGATGTGATTTCCCACCGCGGCCCAGGAGTTAACCGTCTGGCATTCGCCTTATCGCCATCTCGCCTTAACTCATGTACACACCTTGGCTTACCTTAAGTATTCATGCCGACTGACGGATTGGTCGTTCGGGAGGACTGCATGAGTGGGCGGATACGAATGGCCTGGGATTCGCCTAACTACCGATCACGGCTCTATACTGCTTGAGTCCTAAGGGGTGCGATCCCCCAACCGCATATAGTATTGTAACCGCTAATGCGATACTTAGAACCTTGTAGTGGTATGGGCGGCGTCTACTCACTTTTAGAACTCGGAGTTTTCCGAAACATTGACCGATATCTCTCGTTTTCTTGTATTCCGTAAGACCTCAGATACCTGGTGAGTTATCAGCAGGAATTTGTATACAAGCATCCTTCCGCAACTCGCTACCCGGCTTCGCATAGCTTCAACATATCGGACGCGACGGAACATTCTGTCCCAAAAGGACGTCGACTCACATGGAGCACGGATCAGCGATTGAACCATTACCGACCATTTGGCCCAGGTTAATAGGAGAGTCCTCTGTCTTTTACTGTCCCATTAGTCTCGGAGCTAATACATGTACCAGAAATTAGGTTCTGACTATACTGACGCTCTCCAATCAGGAGTAGGTCTACGCACAGAGCATTGGTGGTTAAGGGGGTAGGCTGAAGGGTTCTACAGTGCTCTTCGCTCGTCGAGGGTCTACACGAGGATCTCGCCCCACAATTGAAGAGCTTTGCAGCTCTATGTCTAGCTTCTTCGTACTTTATTAGTCGTCCAGGGGCTTAAGCGTTTACATGTTTAGTGCCTGTCTAATTACCAACTCACAGGGTGATTCAGAATGTCGACCACGCGTGCTGGTGGCAAGGTGTTCGTCTAGTTGAACAGGTCACCTCCAGGTATCGCTTCATGACGCTCCGCTAACAAC,1976,50.1,Homo sapiens
SEQ_101469,TGGTTAACCTTTTCAGCGGGAGTACATAAGACCAGGTCGATCCTCGGAGCCAATCAATGAAGAACCGCGCCTAATGTTCCGGGATATCTTATCGTTAGGAGAGTGGTAGACCCCTCGGAGGGCGTGTGAAACTACACTGCAATTCACTGAATGAGAGATCAATGAAATGTGAAGGATTCCATGGTTGACGTTATCCAGTAATCCACACCGCTAAGCAGTACCAAGAGCGTGGAACATAACAAGATGGAGGACTAATCTGGGATCGATGCTCTCACTATCAATGCTTCCATCAACACTTCTGCTTCGAGATTATGGCATAGGTGCAATTTCACAGCCCAACCGTTGCTGGCTGGGATTTCTTTGCATGGCGTGTTCAGGCCTGGTCTGAAACCATCCGATGAGGTGAAGCTCGGAACGGTGCTATCCGGCCACGATAAGTTTTCTCCGAGGACAGCATTCGGTAATAAAAGGAAATCACTTGAATGACCGTTCTCTCGGGCCAATTAGGACCCGGAACATTGGGAGATCTAGGTGCTGCCAATTTTCCATATGACGAAGGTGAACAGCTCCCTTGGTATTGGGTGAAATCCGTCCGTACTTCTCTCAAGAGGAAAAACC,618,48.22,Arabidopsis thaliana
SEQ_447832,CGGCTAGGCCACGACCGGACGGGACCGCTAAATCAGCAGACAAGAGCCCTATAGTGGACGTCCTCTGTCATATTCA,76,56.58,Mus musculus
SEQ_406296,CTTGTAAGATCATAACCACTTTTTTCACAACGAGACCTGCTAGACCCAGTACATCATGGTTAACAGTATAGGCTGGGAGATTATGCCGGATATTCAGCCGGGTCGATAAAGAATGAAGCGTTCGCCCGTTACACTAGGTAGAGGCTGAGATCACGTTCGTTCTCTTAGCCGTCGACTGATTGTTGCTCTTCGTCGCCTACGACCTGAGGATACCCGTCCTTGGCCCCCAGAAAGTGTTGGCGTGTCACCGCAGGCACCTCGGAATCCCAGTGCCGCTTGTGAAGACATGCCCAACGATCCCGGCAGGGTTTCCCTACAGATGCACTTACGAGCCGAGCCGCGAAGGATCTCGAGTGCTGTTCATGATTGGGCAGTCGCCCGTATAACTTCGGGTAGTTGTTGAGAGACTTCTATCGCCATGTCTATGTCCCTAGTTAGATATATTTGTTAGTGTTCCGTGCGGACCCTGCAAGGTCACCAGCAATAAAATTGGTTTATGAGGTAAACTGCTAAGGGCATGGATCAACTGGTAAGCAGGTATCTGAAGCCCGTGGATGAGAGAATTCAGGTCGCCCTGGAGATGTATATGAGCGCAATAGCCGTCACCGGATGTGTCGGGCTTGATGGAGCTGCGGACCCGGGGTGTCGGACCATCCAACCCTGTTTCAGTTAGCAATGTTGCCTCCTATAGCCCCAGCTCGGTCACCCCCTTCAACAATAATCAGCCTCTACTATCGATTATTTACAAGGCACGGAGTATGAGGTATACCCGCAAGCGCAATTAACGATGTAGCAGGGAAGGTCATATTCGCATTCTCAGTGGTCATAACCGGCGGATCGTGCTACACGCAGGGGGGATAATAGCACATGTGAGGGATGCAATCGCTAAGAACATATGCCAAGTATGCTGGCACGACTGCCTCCAAACTAATCGCCTAATTTAAGATGGGCTTGCACATTCAAACCTTCCGATATAACGACTCGTACAGCCCTTTGAGTTTATACCTCGCCAACTCTTGGCGCATGGCCGGTATAGACAAGCACCACCCTGCCACAAGCTTTTGGTCAAAGGCGCCCACCTTTGAGCTGCTTCTAAGTAGTAGGAAGCGATACTGCAGTTCTGAAGTGGCGAGTTGTGAACGGAGGAGCTATATTATGGGTTAACCGACGAACGCATTAGTTTTGCCCTGGATCTTAGCGGTGCGATTACAGAAGAGGATTGCCCGTCTAGTTGAAGATCATTCAGCTAGCCATTGGTCGTCGTCGGAAGACAGGGACGGGTTTCTGATCTCTCTCAGCCATATGTTCTTAGCGCCCAACCAGATGCTAGCCAAGGAGCTTGTGCTAACAGCTTTCTAAGCTACTCACGTGAATCATCAACCACACCAACAAGAGTCGCCACGGCTCCACCTGTCGCGGGAGTATTTTTCCGTTGTGATGCTTAGCTCTGGGTGATCCCCATGTACCGATCAGGTACGTTTGAAAGGTATCCCACCACACCCGATAAGCTCGCCAGCCTCAGTGATACCTAACATGCTTATACATATCCAGCCATGGCGTCACACAAGGAGTTGAAAGTTTGACTGTACCTAAACCAGATGGATCATTCCCGTCCGCGAGAGCTGGTGGAATGTACATCGAAGAGATAGACC,1652,50.54,Mus musculus
SEQ_369241,GAGAGTCCGGGTGGAAAAGCGACTTAAAACACATGCCGAATGAGGGGTACTTTATTGTATATCCGCATAACGTCAGGTTCGTGCTGCTGCTCCGACTCTTTCCACGGTCGACGTGTGTTCACGCTATCATTTACGTCGACGAACTCTCTACTTCCAAACGGTTGGACGTGGGGGAAGATCTGACGATGCTTCCTGTGGCGCGACCGAGCCAATGTGTACAAACCCGCGCGAACCCATTAGCACTCAGTCCATAGTTCGCCCTGTCAGTTCGTAATCATTACCATTCCTGCATAGTCTTCAGGATGCATTGGATTACAGGATCTCGGATACTATCGTCGGAACTCGACCCGCGTCCCGGCGGCACTCGATTGTGAGTAATGCATCATATATCTCGCTACTTAAAACTCGTCACCGTGCTGGTGGCGTTCTAATTAAGTTCTTTTCCCCTCATCGGGTCGATCACTATCCGAATCATATCACTAGGGGTGTGCATCCTCATTATGCGATATAGACCAGTCGAGTGAGTACGCCGTCCCGACCCGGGAGACTAATCGTATCATCTCAACTCGGTTTTGATGTGACCAGACAGCCCACAAACTGTGCGACTAATCACCTGAGTTTCTAGAGTTTTTATAGTGGGCTTTGGAAGCACTGGTGAGTTTTAACAATTACTTGCCGCGCAGCTCTCGTGTATAATTTTAAACTCCCGTTATAGTTGTGCGAGTACGATCAAGTGTTCTTCGTACTAAATCATTTAGTAGACGACAGGAATGGAGTCCACTACTAACTATTGTGAGGGTGGGTACTTAGCCAGTCCACCACCTATAGCTGGTAACAAACGATGGGAGGGCTTAACGCTGCTTTCGTAGTCCACTCCACGCTGTGAAACGCTACGAAACGTGACCGAAGATTAGAGAAAAGATAGGTGTTGTTAGGTGGAGTCGCGAGCCGTCGACGATAACTTCCAGGATAGATTAGATAGACAAGGTCCGTCTTGGAAAACTAATTTTCGCCTGGCTCCTACTTGACCCGTATGGAGCCAGCGACAACGATGTGATGCGTGTGAACATCAACGTCGTACCAACGCGAGATCGGTCACTAGTGCGGAGAATTTGCTACTTCACACACGGTGATGAGCGCTCTGCCGGAACCATCTGACCGATAATGTACGTAATAATTGTTGGCGTCTCCTGACCTTCTCTGCCGCTTATTTCGACTGGGTGGGAACCTTTTTGCACGATACAACCTGCGACTATGCTTCACTCGCCTAGTCACGCGAAGACGCTAGCGGCGTCTACACTCCGATTCTACAAACCGAGATAGTGGCCCTCGAGTTCATGGTTATATGCATAAGCGAGATCCACCGCCTAGACCTAGGTATACACTACTCCGGTACTTGCACGCGATGATTGTATCAGGAGCCGAAACGAGCTTCCACGACGCGTCGTTACGAACTGATAGGTGTGGCTAATGACCATGAGTGTGTCGGTGAGAAAGTTCTCTTATGAAAACCCAGACTCCCTGGACGCACGGTTAGCCAGTGTGATCACACCTCCGTATCCTTGCGGAAGGAGTAGAGGCTAGTGTCGTGTTGTCGTACTAGAAGTCGGTGCTGGTAATTCGGCTACCCACTCAAATTGCTATACGCTTCAGAACCGGGACGGAACCTCCAGGGCTGGAAGTTTACGACGTCTATGCAAGGAAGGTAGAAACGCGGAGTCCAGGGCAATATACCAGACCCGCATATGAGCCAAACGATGCGTCCTAGAGGGAACACACTCCTTCATAAGAGAATGATCCGTGTCCGACATCTTGGCAATAAATGGACAGAGCCTTGGCCCACTGTAGTAGCCTCTGAAACCTAGGAGTGTCTATTGCCTAGCTGCAGCCAGTGTAGACGAATGTCCGTTCTAGG,1915,49.82,Arabidopsis thaliana
SEQ_726057,AGAAGACTTAAACGTGTGTTTAGTCCTCTCGCGTTCGGGGAACGGTAATATTAAGAACCTGCTAATAGGCTAACCGTGGCCAGACTTCGTGCGGTTGGACAAAGGATCAGCTCATTGGGGCACAATGAATTACACGCGCTGCGCTTTCCGAAAAGTAGTAGCTTCCCCTAGGCTCGACTTGCAGAACGGTTCTAAGGACCCCCGCGGGGTTTCTCAAGGGACTACGGAGCATTGTTGCTATTTCGTAGTCATGTATCCTAACGTGCCCGCTCAAGTGAGCTCTTAATGTGCCTTGCACTCGGGTATGGTATTAGGCACGGAACTGTGGTTGTAGGCACATATACTCTCCTCTAAGTGATGGGGCTGATTACGGTTTATCTATTCGATACGTAGCTCCATGAAACATAGCTATAATGTGATGGACGCAGAGTTAGTATCTAGTGACCTATGATGTTTGTATGGACCCTGTGATCCTCCTGAGCACTCTATAACTGTAGCCTGACACACTAGTGGGCACTTAGATAAAGTTACATGCTGGCCTCAACCGGTCGACATAAATGACATCCCTCTAGGTTACAGTGTCCGTCGCCAAGTATGAGTCATGCCCTGAGTTTATCGCAGTTGCCGATAACAGGCGCAGTCAGGTGGATTGACCTTTGCACGTCTCTGCCGGTACGAGTAGAGAGACTTGGAGGCGGCAGAGCTAGACAATTTACAAAAGGAATGACAGATGGTCAGATTCTAGGATATTTCAGCAAGATGTGCGTGACGCACTTATATGCTTCGTTAGAGAAAAGTGTAGAATCGCATGCGAACAGATTTTAGCCCCTGAGAAGTTGCTCCACGCAAACAATCTGTGGCCAGCTGCCATCAACGCCTTTTACACTAAAGCAGAGGATGGGAACATCCATATGACTTGCAATTAGCACATGAAATTGATAGGGCCTTAGGACTGAAGGTGGGTATTCTATAGACTGGGGTTTGGGATATCCTCGCGTACGACTTCTCTGGCAAGCATGCCTTTGGGTCGCATAAACACATAGCACCTTCAGAAATACCCCGTTCTGCGTAAACTACTGTAAGTTATACCCGTAGTTCTCTTCCATGAGGCCGGTCCATTGGACTGGCCAGGCTGTTAGATGGCTCTTGGCCATATGGGCCCTGGAGACCCCAGGTTTCGCTCCACCCCTGACCACCTTTTTCAATCAGTCTCCTAGAAAATCCGTACCACAACACGAAACTGTATGTATAGTGGACTCGACTTGATCTTTCCTGTACTTGCACGGATATAAGCAACGAGGCCAGTGAATCCGTGTGCGCATAAAACATGAGTCGGGCCTAATGCATGTTTTTATTGACTTATTAGCTTGTCTCAGACGAAGCCTGGCATGTGCAACTCAGCCAGAGCATCGAACTCGAAAACGGCAGCAATAAACCGTCACAAGCAATGTCCCGGAGAACACTTGTGTAGAAATCATAAACCGGGTGGTGAGCACTGGGGCTCTCTAGGATGGTCCCACATCCTCCGCACGACGTGTACGACGTGGCAACGCTCGAGATGAATACGAAGAGTAACGGTCATTCCATTAAAAGCGCTAGTCTTCCAGATAAAAGTCGATCCAACAGCTCGAGAATGTTGGGTATAAAACACTACCTATCGCGAAAGTTCTCTCATTTGCGGGATTTTCGATGATACGGGCCGTGTCTAGTTCAGCCAGAATCGTTGGAACCCAGTTATGCACGTCAACAAAAGGCTGCACACCACTTCTATGGAGGAACAGACTTGAATCGCTACTTCTCTGGACGGTCCTGCCGTCTTGCCCGATATATGCGACTTTACGTGGCGGTTTGTCTTCGTAAGTAAAGCACTTTAATAAAGCTCTTCCTAGGATGTTGGATGTCATTTTGACC,1911,47.99,Homo sapiens
SEQ_927403,CCATGGGCCATACTCATTGCGCGAGTCTCACTAACCACACACAAAGAGGTTCTTGATAAGGTGCCATAAGATAATTTATGGGGATGCTTGAGATCGGTCTCAAGACTGCTAGCTTTGAAGGCTACTTCGCATCATCCGGGATATGCGTAGTAAGACAACAATCTTATCGAATCACGAACAAGCGCCTATAAAGCACAACTCGTAGTTTATACCTGGCAATTCTGATCGATTCTTCAGTAGAAAGGATGACGTCTGCGGAAAGACCATGGTTGCCTCGTGCGCAATTAGATCACTGTCGTCCGCAGCTGAAACAAAACCCTATGACGAAATGAGACTCTCGAATCAATTGGATAATAAGCATGGTAGGGGGGATGTGGCAAGATCGTCGCGCTTGGATTGATCTGTACTTTCGTGACTGAACAAGGTCCATCCTGCTGAATAGCCTATGGGTCGAACACCTTCTCTATTTTGACGGGATGCGGCACCGCTGCGGGCAGAAATCACGATGGCTGGAATTAAAAATAAACAATACCTATTGCCATAAAGATCTAGTATATGTCGGATATAACAAACGCAGGAAAAACCCCCCTGCCGTCCCACCTGGTCAATGCCCATCTTTAGGTACAGTTTGGCCTTCAAGTAATATACTTTCATCATAGGTCATAAATTCAACGATCCACACCCTTTCATGGCACACACAATCAACCGCGCGTTCAGTCCATTCCGTGATGGATCCGGGCTGTATATAGGCACAACAACTGTTCCGTACAAGACCGTTGGCACATTCGCTCTTCGTGCTGACAGTCCCGGCGCACTAAATCAGTTATCTCGAAGCTGCACGGTAAAGCTTGGTGCGATCATCACCAGTTCAAACCGCAAATAAGCGTACAGCATCAGTTACTCTTGGACCAAAGCGGAACAATCTCTTCAATCAATCCAAATGGGCGTAGGTACTGCAAAAACGTATTCATTCAAAGGGCGAAACCGTTCCTCTTACACAGGACTGGACACGCGCGGCGAACGACCGGCTAGACGAGGAGGCAAGTCTTTCGCACCAGGTGCACAGGTACATTTTAGCCATAGAGAGCCACTACCGTTAACGTTTACTTTGTGAATCACCGCCGGGCTACCGCTCCCCACATGCTCGCTCGTGAGGATTATTTTCCAGACGAGCTGCCGGTGGGTTCCCGCGTCCGCTACGCGGCCGAGT,1210,48.6,Homo sapiens
SEQ_301082,ATTTAGGGGGACTCATCATACGCGTTAGTCGGCCTTGGATGGGAAATAGAAAACCCAAAAGCGGGAAAAATAGCACCCCGCAACATGTGCAGACGATTGGCTCATGGCCTGTCACAACAGTTATGTAATTTTTATATCCCAGCGTACTGAACTACCAGGTCCAACCAGTAATTTTGAAAGTACGTTCGCAGATACTGATGTTGAACGGTAGCGTTGCAACAATTAATCAGGCAACTCCGGTCGAGTGGGATAATCGCCTAGTCTCATTCTTACGAGAGTGCCCACCCCACAGGATCGGAGTATCTAGTACACATAGCTCAATGAACGGTGTGCTTGCGCCGACGTTTCATCACAGTCGTGAAACCTGACGTCTACGTCGCTAAAGTGGGGGAAAGCCAGTGCATTAATACAAACGAGAGCTTATCATTTAGTAAGGTCAATGACCAACGGCCATATAGCCGAGACTAAAATTTGGGATAATGAAATGGCGGTAACCTTTTCCCTTTCCAGCGACGCCAAGCAACTCCACCTATATATTCACTGTAGGTCATTGGTTTCAGACACGTAACACAGTCCCAGGGGAGAAACGAGTTGACCAGGCAATCATTATTTGAGTGGCTCCCTCATAGCACAAGGCGCACTAAGGCGAAATGAGTTATGATCCACCCCGATCCCCTTCCATACCCTGTACCAGTGAAAGCACACGACTAATCTCCCAGTGGTTTTTGATTTTCTTCGGCGCCAGAAGCACCATAACATCGTAGAAAGTCCCGTTCGGTCCCCATGTATGCCGTAGTGCCACCATTGAAACGCTGTGTAACCAACCAGTGTGTATCTGTAGTACACTACTTACTCCATATAGATATGTGTGATCACCAAGCGTAGGTTCCCGGTCGCATTGTGGCTGAGCCTACTATGTCATGCATGTAAATAAGTTACAGCGGGTTTTATGCATATATCATGCGAGTACGATAGAGTGGCCCCCTGATGACGTAGGGAGTGCTACTGCAATCTATAGCCCCACGGTCCTGTATGATTGGGCGTATGGGACTGCGTACGGCGTGAGTTTCCGTACCTTAAGCGCCTAATTAAAATTTTCACTCTCCAGCCCTAGGTCCTTATGTTCTCGCCACGGTGAATCATATAA,1147,47.34,Escherichia coli
SEQ_757162,CGGTTGGGTGAGATGGTGATTACTTGTACCCTGCCGTAATCTAGTGAGACCGTGCGTGGCATGAACTCGGGATGACTGCATGGGGCGTTCCTGTACCAAGTGGGGCGGTACTCAACAGGACAACTGGCCCCGCGTGACTGGCCACTAGTTTCTGGTCTCCGGGAGTCAACCTTGTGGGAATCGCGAAGTTCCCCACGGTCACGCGGCATGGCTTGGCAACATTATACACCAGCTAGGGTGCATGGTCGCAGAAGCAACACCATGCTTTTTCCACTTTGATACAGTTATGGGACGTATGAGGCCTTTGCTCTCGTTGCATCCAATAGATAGAGGATGCTCAGGGACTCTCGGTAACGGGTCCAATAACTAAATACGCATACGCACAGCGAAATTTATGATGGAATTCAGACCTGGTACTAGGAGAATATGTTTACTCGCGTGGAGTTTTCGTAAGGACTCGGTGGAGATATTTTACGAATAGCGGCGACGAGTTTTTGTAGGGGACCGCAATTTCTGAACCGTTGTTGTGGTTGATACCTTTTTGGAGTGTGGGGATGCAATCTCGCCTTCAAATGGATGTATTCTGGAACCTGGATAGTTGGATGACTTAAAAGGGTACAAGTGTGGCGAAATACCCGAGTAGGATCCCCAAACTAAATAGCTGACATCCCAATATCCACTGACAGACCGTCAGGTGTGGAGGACTAGCGTGGATACCTTCTGACACAAGTCCGGGCGATTAGTGCCCAATCGGTTTGCCGCGAACGCTCTCTCTACCGGAGGATCCCGTTCGCGCAGTAAGTGAATGATGAAAAATTGTGGTAGGCTGGTAGTAAACGTGGACAGATAGACCGGTGTAAGCAGGCTTTTGTGGAAGTCGGATACACGGGATATACCATTGAGATTCGGAGTACAGTTTAGAACGCTTCTCTAGAAACCGCTGTTAGCCTCCGCGCGTCATAGCCATTCGCAGAAAGGAGATGTCCCTGTGTCATTACCATATATCTCCGTGGCATTATACCCAACCCGTATATTGGCGCAAACTGAGAGAGGAGTTCAGCCTGTCCGAACGGTCGACAAGTTTGACCAGTTACCGGAGTAACGAGCTGGACGCTCATGACAGTCTTGGGCAAGATCAATAGCAAGGGCTCACGATGCTGGTGCCTCCAACGATTTCAGGTGCCCGCAACCCGTAACCCTTCTTGAGGGGTAACGTGTAAGGGCTGAGCGTACCTGGGTTACACTGGCTCCTCCTGTTTCTGAAACGACAGCCACAGTCAGTCCAACCGAACAAGTAAGTTACAGCATCGCTATTCGTAAGAACTAAAACACAGCCCTCGAGATGTTCGCGAGGTTGGTCGGGACCCAAGAGGTTACGTCCAACTCAAACACGTGATCCTTCATGGGACTTTATTAGGGCTGTGCGCGGTACCTGCGGTTTGGTGGTGTAAATTACCGTAACGCAGGAAAAGACTGTTATTTTCTTACCCCACTTATATCTACGGTGGCGCGTGTTGAAGCCGTCGTACCTATCCATCACTTGGAGCATGATACAGTTGAAACAGACCACCTCGGGCTTCTTTTTCCCGCCGGCCTTGTCTAAGTCGACATTTCGGTAATCGCTTATGGGTTGCTCGAGGATAGGGATACACAGTCAATGTGCGTCCATGCGCAGCATGCCCATTTTGGACACCACGGTGTATGTCCCTTTCCGTCCACCGGTGTTAGTACCGTCTGGGCGTCCACGCACTGTAGCTATTAATGGCCCGATCAGCCGGGTATTGGGCCCGTCGCCCATCTTCAGAGTCTGTACGTGACTCATTTCAG,1827,50.96,Arabidopsis thaliana
SEQ_728896,AACCACTTCTAGGGGCACCTATACTCGACGCGCATCATTGGTGCACCCAATTATCCACTACGCGTGGTAGTATAAACTCATCATGTTCGATCCTTTGGTGTCAGCGTGCTCGATACACAGATTGCGCAGGGCGTCGTGAGACTCGGCACCATGTCACTTTTCGTCGTTAGTCGGTAGAAAGCAGAGCCAAACGATAACTGATCCACGTGTTATATCTCCTGCTAGGCGAGGCGCTCTTAGGCGGTGCCCCGAATACGGAAACTTACCGACGTGCTGATCACCGTAGCTCAAATCCCATGCATGCAAACTACCGTTGTATGAACCCGCAGAACACGGCAGAAAGTATAACGTACGAGGATTACTGCTAGAACCTAGGATAGCCTAGAGCCGGATGTGGGCGATTTATGGTCCCAT,414,50.97,Escherichia coli
SEQ_765145,TCCCGGGTAGCAGAACGATCTGCTCTATAGAATCTCGAGTTAGTCACCTCATGCGGCAGATTTCATAATGGTAGGTTGAGGCTTCGATTGGCAAGTATGAGCGTACATCCCCATTAGTCCAACTAGCGCCTCTCTATTGTCCAAGTGTCGGTGCAATCACCCTTGGTCAGTTCCATCATTGGTGCTTATTACACACCGAGTAGATCACGAGAGTGAACAAGCGACCAGAATCGGCAACAGTTTTCCGATAACCTCCTCAGGAATCGTCGCCAGACGTTCAGAGGCAGAATCGACATAGTAAGTTCCGAGCATACGTTGAAAGGCTTAGTGATAGACCGAAGACTGCGCTACGGTAATGTGGTCATAAATTACCGGAACGGTACGCGAGTAGTCGTCCGCATAGGTAATCTCGGTTGATCTCGTGAGTACTGTGCGCGATGCTTACGGCCCCGAACCAACTCATTATAGTTTAATCCTGCTTTTCGCTTGGCAGCTAGCCCACCCCCTACAGCTACGACGTTCCCTGCTAGAAGACTAATCCTCCGTGTGGTATGATATTCGCCGCCCCAAATTACGCCTGCCAGCATGGGACGGCTTTTTTATAGTAACGCTCTCCCGACCGTACAAGCAAAGCGGCACAATACATATCCCGATTTGCCATCGTGATAAGGAAATGACTTAGCTCGAAAGCTCAAGTACCATGTACTTTCTGGCACGTCCTGGGCTTCAAGAGCATCACAAGCTACACTTAACCCCTCCAAAAGCTGCTAAGGACGACTTCGATTAGCGTAAGGGCGGACCAGGATGAGGAAAATCCGCACATCTGAAGAGACGTGGGGCGGCAGACCGAGACGGAAGGCTAGGTACCCAGACAGACGGGGTATTAGTGAAGCGGGTGAGTGGACACGAGTGATAGGTGGTGACCGTACTCCGGTGTGGACACATTCTGCTTAATGTTGATACTACCCTCGACGGCTACGAGAGATAATTAATATCGTGGCGCTGAGTTACAACAACCGAGTGCGGCTGATGACACGAATAGATCAGAACGGACTCTCGTGTTTACCTCCTTCTTCTTAAGGACCCCTGTATCGGTGACTAT,1102,50.18,Caenorhabditis elegans
SEQ_712429,CCTGTCAATCTATCTAACTGATATCTATTAATACAAGTCACTAGCACGCTTTGGATCTTCACCCTCTTGAAAGCAAAGACGAGGGACATCTCAATCATATGCCGGTGGAAAACAGCCAAATCAATACGGCCAAGCGAACTAGCAGGGCGTGCCCATAATTAGTTCCGTATAAACAGGCCAAAGGAAGCGACGTAGCTTGCGACCGGAAGTCTGTTTAGCTAGCGGGGCACCGGCCGAGGCTCATATAGTATGAAGGCCGGGTTATGCTTCCGACGTTGGGTGTGACGGCGTCTGGAACATGAGAACAACTCT,312,49.36,Drosophila melanogaster
SEQ_260974,ATTTGGGGAACTGGCTGACGTTGCGAGATTTAATCAGTGTAGACGTACATCACAACTCGGTAAAGTGCGTAGGCTTGGCAGCCATTAGAACAATTCGCTACACGTCAAGATAGCCCTTTACCCAAAAGGCCGTTTTGTGGGCATAAGCTGTGAATGAAATAAAAACGCTCCTGACACCGAATCGTTGCACTCTCATTGCCGCCAGAACGTAGCTGTGCTTCCTATGCTTAAGCCAGAACGTAACTGAGTCTTCCTCACCTTGCACTCGTGTGGCCTTCATATAGGGGACACACATGAAGCCCTCCCCTGGGCGAGTTAGTCGTGGAGGGACGCGCATTACTTCAACTTTTGGCTCGACGAAGCGGACAACCGGGGACTGTCGGTGGCGGGTAGATTGGACTAATTGATCGACCTCTCATGTGGTGAGAAGTTTCAAACACAAAGCCCCGCGACCCACCTAAGATCACACCATGTCTGGACTCATAGGGGATCGCTGGGCGAATACCACGAGGCACCATAGACAAATTGCCACGCACGTTGCGCTGAAATCATCGCAGACATGTGGGCTTCTGGTCCGCACCTTGCGGACGAAACGTTTTAGGATGTACAAGCCAATGGGATGGGTTTTCCCGGCTTAGGACGAAGTTCGGCCACGGGTTGCGATTGGCAAAGTTTTGACCGAAGACTGTGTACCCGTGACTAAATGGAACTTAACTTACCCTAGTGCTAAAGTTTGGGAGATGGGCGGCACGTGG,755,51.52,Caenorhabditis elegans
SEQ_780530,ATGCGTGACCGGGAAACCTTGATACACTAAGCCCGTTGGGCGGCAACGCTCTACTACGCCGGTATCCATACAAGCACTGGCAAGAAGTAACCTGCTAGATACAGTCATTCCCCATGATCACGTGCAGCGACTAGCTAAATGCTCTTACACCACAGGCACAATTCGGTTCACCCAATGCGCTCCGCTTCGAATATGGGTTGGTGTGCTTTATCTCCGTCCCATGTCTTGCAATGACACGGCCAGTTCCCGTCATCCTATCGATCGCGCGTCAATGACCCCCAAAGTGTTACTCCAATGTACGTGGTAGACTCCTACAGGCCGAGCTCTACGATCGACTAAAACGGCCTCTGCTTCGCCGTTCTTTCCGTGTCCCGGGGCAGATTCGTGAAGGTCCCCAAAACCCCTAATCACCATCGGGGGCCTATTTGCGCATCAAGCGATACTTTAACGCACGGTCTTGAACGACGCAGAGCCTAACCGTAAGGGGAAGCATCAGGAGCGGTTCGGACGACGAACAGCGCATGAGATGTCGTGTATCCCGACCATCTAATCTGTCTTCCATGCCTTGGGGAGGCTGACCTCAGGATACTCCACGTCGGCGCGTGTCTTCGACCTGGTACATCACTTCCGGCAATCGATAACTCCTACGTTAGCGCGCGCGGAGGTGATGCACTTATATAGCAGCATAATGGCCTGCAAGCTACCTTCGAGTTGCCTCGGCCGTGAACGATACCTGCCAAACTATAGTTGTGCTGATTATTTTTGCTGTAAACCACCGACTAGTATGCACATAGACCCCCTGATGACTACAGTACCCGAGCTACGAACGCCGTTTGTACCGGGGGACGGCCCTCCTAATGAGACAAGACCCCACTTCCACTTGTCTTTGGAGACGCCTGTGACCAGGCACACCAGTAAAAGGCACAGAAGCGTGACTACACGAGGCTTGCTGGATACAATTCCCTAACTTACTCTGCGACGGGGCATTCCCAACTTCTCGTTGCGTCAACATAATGAAGGACCGGACTAATCCTGAGCAGGCATATCGCATGAACTAAGTGCGCAACGCTAAGCTGGTCGCCAAATAGGTTTGTTCTACTCGGGGATGCTACTAGTTAACCGGATAGTCTCACGCACACGAGATCCACGCCTAGATCGGGAATGCTATCCAGCCACACGACTGCGTAGACACATTACTCAAACAAGGCACATAGCCGGTTCGTTTTTTACCTTGTGAATTTAGTTCTATTCTAAGCTACTTCAAGGCACCATACAATATGCTCCCGAATTTCATAGCGTGGGGGGTAGTCGCGGGTGCATATTAGATCTTGATTGATCCAATATACTTAGATCGTGTGTCGCGTAAATCCTGGTTTGAATTCAGGGTAAGCGGATCCTCATTCTCATCCCAAAAAGCCAAAGGCCTAAGCTAGTAGCGATGTCCTATACTGGGATCCGCCTTCATATGACGCACCAAATGAAGAAGAGACAATGACAGCGATAATTCGTCCCTTGCCGCCGCTTGGTGTACTTACGGCTTTGAACCATGGACTCTTACGCAGCCGCCAGATGTCTAACAGGTGTGGTACTAGTACCCTCGAGACCATTATCATAAGCTGAAATCCGGACC,1630,51.17,Escherichia coli
SEQ_855462,CTAGTCTGCCATAGCCACAATTGCCCCCGTACCGCTGATACGGGGTGCGACATTGTCAACACTAAGCCATACACCTCCATGAGCCGCTAGATGACCCACTGGACTACTCGCTATACGAAACAACACGTCAAACCTACATGATCGGCAAAATCCCCTCATAGGCGAGTTGCACTCACACTATCTGGTGATGCGGGGCATTTGACAAGTATGACACCTCCATTACTCTCTGACTTCGAGCAGGATAATTCGCAGATCCACTTGTCCATGTGTTGCCAACGATCGATAATGTTGTAAGGAACTATGGGAATGGTGGCGAGGTTCTCGGGGGACGGTCTCTGCTTTAAACCTCTTTAATTAAGCCGTTGAATACGACCAGCCGGTGAATGAGCAAGCACACCACAGGTGGCCATATTTCCCGCAAGCATCCTCACCAGGCTACAGAGTTGACGCACAAGTTTGTGTGCAATATGGGTATTTTGTGTCGATTAGCGGACGGCTTGTAAGTTATGTCTCTCGATCTATCGTAGCGCATCGAGGTACCGGGGGTCATTTTGTACGACCTTGATCAGAAGATGCCGCAGGGGCTAGCGTTGGGGTTGAGATGATGATGTAGACGTTGGCGGGACCACACTCTGTTTTATTGATAAGCTGAAAAAGGCCCTCTTTATGATGGTACGCGCTATTGCGAGTAATGTATCATGTCGCCAGGGCAAGTACTTAAGTGACCTGCTCCGGTAGCCCAACTAATCTATCCTGCTCAGCGTTGCTTGAAATTCTGCTCATGTCTACGATGGTTTGTCTATAACTGATCAAACAGTTTGTTCAGGTTAGAGCTACTATGTGAATAGCGCCCTACGTGTCTGGGCAGTGAAAGGTATGCCGTACTCATGCGGATGGACGCAGCCTTCAACGTACGGGTTAAGTCAGGAGACCAGTTGTTGACCACATAACTTGTGGGATATCGGCATCCGCTTAGAATATGGCCGCTTAACTGCTGTGGAAGTTGCTCTAACAACATCCCTATAAAGCTGCTGAGAACCGAGACCCCAATCGCGAGCGCCCCGGCATGCACGCACGGTAGACGGCTTCCTATTACGAGGTCGAACAGCGACGCGGCCTGAAGACCATACCGTAAGACCATGGCCTCCAGTTACGTATAGAGAGTCCCCGGGGATCAGTCGTTTGCGATGAGATTGCCGGTGACATTATACTAGAGGAGATGATACGAAATTTCCATAACGGTTCCCAGTTCGCTTACAAAGTGCTCAAACTAATGCTGTGTCGTGCTGGATACCTTAGTCCGTTGCGCTGTTTGTGCGCGAAATGGTCGCATGTAACAGAATCAAATTGTAGTCCATTTCGTAGGACAAGCTCTCGTTTTCTAGCGAGATGATTCGATGGCGAGCGGTCCGCCCGGTCTGTGCGCTAAGAGAGGTCTGGTGCGGTACCTCGAGCGACAATTTTTTCTCGAACACATCTATGCAAACTCATACGCCGGCCTGTGTGGTCTCGAATGCCCCCTCCGGAGTTTCGGTACCGAGGGCATACAGTATTATGAACTTTGTAACATGCGTTTGCAGACATTCTCTCCATCCCGTGTGGATACGCGCCTATCACGAGATAGGTGCGTGTTTAGGGTACGACGCCGTATCCAATGTTGTTAAACGGACGCGAGTTGGTGAGATCAAGATGAGTGCGCGACGAAATATCTGGTTGATCTAGGATGTCGTGTCTACTTTATGGTAAGCCAGCTCGTGCCTCACGAGTTGTTTCCCACAAGTTAATACTAACACGGTAGTGCCAGTGGGGTT,1811,49.92,Caenorhabditis elegans
SEQ_687815,GGGGTTTGCCAGATAACAGGTGATTATTGACGAGGTACGCAGGCGTTGAATCGGGGGACAACGTCGGCTATTCCAATCAATTGCCGGCAGGTACTTTCAACGTACGAGGTATTAAACACAGTAAACAGTGCCACAGATCTTTATTGGGACACTGTCGCACGTATGACATCCTGGTATGAATACCCCCACGACGCTCATGGAGTCTCCAGCGGGGTCGGTGGCGCGTTCACTTTCAGGAAGACCGTGCCGAGAGAATCACAGAGCTTCTGGAATCGAGGTTACAGTTTCTGTCGCGAGATCACAGCATATTGATACGATGCACTGCGGCGCTCCCCTCAGCATTTAAATGTCGTTTCTTTTGTCAAGTTCCTGCTCCGTAAATTTTAACCGCGATCCAAAGAACGCGCTCGTTTATGTCGAGACAAACTCCCCGCGACCAGGACGAGCACGTGGGAGGACTGGTCATATAAACCACTTAGTTTTCTCTTGTTTGCCGCGGCCTGGCGCTGTTCGCGCCTTACCCTCAATACATTCCTCGAGCAACCCCCAGCCAAACTATTTGTACCGTAGATGCATACCTGTGCGCTGACGCAATGACGCTTTAAATCTAGCGGTGTGGTGTCAATTTAGGTCGCCCTCAGTCATGCTATCCCTCGCGTCTCATTAGCTCACCAACCCACGTAGGCGTCTAGGGTACCCGCCTGAGTCATACCGCTCACCGCCACTATAACTGTTACGTCCCGGGCGAAGCAATCGCGTGAATGCCCGAAAGAGGATTAGGGGCCAAGAGTCTGGGTGCTGAGGAATTGGACTTGTACTCCTTGCCCCGTAGGCGGCAATAAAAACTCGACCAAGTTGGCTGGTCTAGGTAATCGCCAAATAGTATCTCGCGATGTAATAGCTGGGGATCATGCGGTTTAGCCCCTACACAGGCGATGGTCGCTTTCCGCTGCGATTAATGACTTCTTATGCGGAATGTGCAAACAGTCCTTTATCGAATTCTGAGTGGCGGTCTGCTCGTCCGTGTCCCTGCCCGTATGGAATGCCCATTCGACGCTGGAACCCCCACGACAGAAGAACGCCGTACGGATGCTTGACTTCGTATAGACTGAAATCTCGGCCTCAGTTCCTGCCCATCCTCGCGTCCGGAAAAAACCCCCTGCTACGCCGCTCAAATCCATAGGATCAAGTTGTACGGAGATAGCGCGGGTTACCTCCGGGCCCAACGGCAAGTGTTACAGGGTTTTCGGTGTCGGGCGCCTGACTGCGAGAGCCTCATAACTCGGGACTGTGTGAAGAGAACCGTTCTCAAACCGGGCTGACGCCCGTATCGTGACTGGGAGCTCCAGTGCTGGGAAGAACCGTTACCAAGTTAGATCTTGCAGCAGCCAGATAGAAGGACTCCGGGACCAACTCTTCATAGGAGGGGGCCTGTCTCATAGTCATCAGCCTCCTTGCCTGTAAAGAAGCGAGCACAAGAGTGCGTACCTACAATCGGGTACTTAGTCTTTCACACGTGATCTCCGACTGTTCTCTTATGCTCTTTCTTGAACCTGCAACCCATGATAGATCGTAGGAAGATGAAGTGTTCAT,1593,52.61,Drosophila melanogaster
SEQ_285405,CGTTATCTGAAAACCCAACCAAAAATCACTTAGTTGCTGACTTTATGCCACTGATAACGTGTTGATGCTCGAGATGCGTTAGACTGCTTTAAGCGAGGAACCCGGCGACAACTGCGTACAGACCCCGCATGAGAACGCACTATAATAGTACGATCTGCTGCGGGAGCAGCGCCCACCAGCCACTTACTGATCGTCCAGCTGCAAAACCGAATGAGCACGAGGACGAAGCATGAAGCATCACAGGCGTAACCGTTTTTGAACTTTACGAGGTGTCTTAACCGAGTCACACAAGACAATAAAAATCTTATACCCTGACATGATTGGTAGAGGGGGAGCTAACGACCCTGACTTCCGTACGCAAATGATTCATTGCACCTCTGTGCGGGCTAGTTCGGTCTACATTTCGGAGGCGTTCCAATTGAGGCAGTTGTGAGTGCGCTGCGTTTACCGGTATTGACACCCACGCGCCTAGGAGGCCTAGACAGGTATTTAGCCATTACAAAATATTTGCGCGAGACTAAGTTTCTCAGAATGGCTTGAAACTCGAGATATAAAAGTTCTGGATCACAGCCTAATGCAAACGCCAGGTATTGCGACAGATAGTTGCACAAATGAGCCAATATCTGGCGTACGCGTGACTGTATTAAGACACCTCGTTGCAGTCTCAAGTTGAACATTGCAAGTAACCCTTCCTGCGCGCTACATACTCTAGCCCTTAGTTACGAATAACCAGCAGCTCGCCGCCCACGTACACACATTGAAAGGCCATAATCGCCACATAGTAGTCCCAGAGTCATACTAGACGGAGGCGATTTTTTCTTGAGCCAGCTCGGACCAGTACATCGAGTCCCCGCTACCGACAGTCTTGGAGATTCGGACTGTGGCCACGTTCTAGACATAGCTCCGCTTAGAAAATGCTGTGTGTCCGATATTTCATAGCACAAGCACAGCTGGCTGGTGCGTAGGCAGCAGTCATTGATAGCACTGGTTAGCCCAGACGTTTGCTCCTGCCTCTGGACATTATGGTATCTCTTGGACGACTGAGGAAATTACGACTTGGCAACACGAAGCAAAGTGGCATCACACCGAGATTGCATTGATGCAAGACCGACTCAACTGCATTATGCTAGGGGCAAAGATAGATAGATGG,1150,48.87,Mus musculus
SEQ_535524,CCGTCGATCTACACCCCTCGGGTGTCATTGGATCGTCAGGCTTAGGCTGGCCACACGCACTTAGACGTGGTAACACGACGATTCCCAGTCGCTGCTACGTATTGTCAGCAGACTCAATGACTGGGACGCGTTGGGCCCCAAATGCGCCTTAGTTAGGATTGCGGCCACGCTTAACAACCGCGGAGTTGACATTGTCGCCCCTCCCTCAGGAACCTCCCTGCCCAACTATAGAAGCCCAAGGTACCCATTGTGCGTATCCCCTGAGGGCGCTGCGCCTTCGAAGATCACGAGGGGTCTCTATTGAAATCATGCTTCGGCTGGCCGTTACAGCATTTACCGGGATATGAGAAGAAATCGTATCGGAGGTCTAACACCTTGCCCAACTAGTCGGTATTCCTCCCAATTTTACAGCGAGGGGTAGAAAGCACTTTGATCCAGCTGGACCGTTCAAATATCCATACCGGTGCCTACTCACCTTGCCGGTATGTTGATACTTCTGCCTCGCAATGCACTTACGATACCCAGTCAAGCTAAATAAAACCGCACCATTTTGCGCTACTAGCTGGTCGAAGCTCGGCCCGAAGTTACGTCCCCGGATGCTGGGGTTTTCAGTTAATCACGACCGCTGGCCAGGCTCTATGACCTGGCGACTGAGGAAGGTTCCTATGCTCCTCGGACCGCCGAATTTCCCACGTCATTGTGACGTGTCAACTGTAGTCCTCTGCCTGTTTATCAAGTCTTTCACGCCGCTGACCTTACATATGTCCCCTGGTCTACGTACAACTCAGCCAAACAGATTCCGCGACGTTACCGCGGAAGGTAAACATCCACGGGACGTAGACCCTCTAGTTCCGTCACACTCATGAACGTGCCTCTCATGTGCAATAGGTTAGAGCTATTTTAGACTTAAAATATATTAAGAGGGGGTCACCCATGAACTGGTTGCAGTATCCGCAGTAACACGGCGGCGCGCCGGCGATGGCGTTTGACACATGTTCGCGGGTTGGCGCTTTTGACAGGGGGGGGCGGACATGGGGACAATTTTGAGCGTGCATTTGGGGGTCCTTACTGTGCCGCGATTACTTTTAGGGGTTAGGGCGAAGTCTCCATGTACCGACAGTGCATAGCTAAGGTGATATGCACCCAACGGGAGTCTCTCGGCCTCTAGTACGGTGGCGACTAGCAGGCTTGGTATCTGGATTTTGTTGAGTTGTCGCGCCCACGGGGTCCGTGCAACCTCCCAGGACGGATTGCTATGGCCAAAGATGGCTAGCTAAATGCCGCCAGGAAGGTTGCAATCAGCCACTCTCTAGTCGAGCCCGAGGCACGATATCACATACCAAATCATGGCATTCAGAGTGCTTGGTCTAAGACGCCTGAAATTGTGCCTCCACCACTGCTCAGACGAAACTCCATCCTGGTTGGGTAACCAGTTACCGTATCTGCTTCCCTACGGGTCGGTGGAAACGAGCGCGCAAGACAACACCAATACAAATGCAATCTACGGCTACGGCCTAGGCATTCCGGCAAATTGAGTGGATAGAG,1545,53.4,Arabidopsis thaliana
SEQ_616441,GCCAATTAGTAACTTTTCGCTACTATCCAGAACTGCGCGGTCTGGTCCTGGACCGTGATCCTTGGTTTTTCATGTAAAATGTATATCCTCCCGGGCTGCGCGATCAAATCAGAAGCAGACGCCCTCAGCTACGACAACGGAGATGTGCATGTCTGGTACCCCCTGATTTCATGTACTAGTCACCTGAACCGGAGGGATCGTAGCTAAAGCCCCTTATGGGGCTCTCGCACGTCACAAGTGGTTGGGAGCCGTACCATGTGCGCTCGACGTGACCGCGTACCTACGCGTCTATTTAACGACAACCGCTCCCCCTCTATGTCCAGGCTTAAACAGGACTCGCTGTTCCTGCAAACGAGTAACTGCCTGAAGACGATAACGGACCCGGCGGAGTACTGCCGCTGTACGAGCAGGGTGCTCTTAACCTATAAATC,431,53.36,Drosophila melanogaster
SEQ_373943,TGGGAGAAGGCGACGAAAAGTCAAATTCCGAGTTCGTTGTGCAGGTCGCGCAGAAACGAATGGTGAAGACCATCTTATGTGGGATGTCGTCATCCAGGTGCGCTAGACGCTAGAGCGAGAGTCACAGATGTATAGCCATTCGTAGTGATCCGAACCAATACACGCAACTT,170,50.0,Caenorhabditis elegans
SEQ_481465,CGTTCGCTGGACTAGTCGCCCTGTTTGCCGAGGTTTCCCCCTGCACGGTATATCCGAATTTCCACCTGGGTGGTGGGTAATCCTTTTTTCTGGTGATATCGGTCACGGGAGTGTAATCCCTGGGATGAGGCTTGGGTCGGCGGGTGTGCTAAGACAACGGGAGAACGTAAAACCGGCCCCGGCGAACCCCTCCTCCTGCGACTGCTCCGCCCCACATACTTCGCTTACACTTGCTTCATGGTCAAAAAAAGCTCAACGACATCTTCCAAATGCGGCTTGAGATACTAAACACCCCACTCACTATGACCTTCCACTAAGGTGACACCTTTTATTACAAAAGGATAATTGGCGCGACACTACCGTTTTGGGAACACACGTCATGTAATCACTGGTTACTTCAATGGCACCTGGGCCTCTGCCAAGCCTATACGCGTTACTTGGCGTTTAGTAACTCTTTTCATGTAATTCAAATGACCACATGGCGCAAAGACATCCCCAGTCTTATCGGGCCTGGTACTGTTAGTCGTAGACGCTGAAGGTCCTCGTTGTTTGATATCCGTCCACAGGTTGGAGCTAGTCCACAGGCACTGTTCTGTCAAGAGACCGGGCGTACAGGGGAAATGAAGTCAGCCCGTCTAGTTAGCAAACTCGACTGGGTGTTAGGCCTTTCTGAGTGAATGTGAGGCCCTGCCATTTTACCTGCGGTCGTTGCTTTAGCTACTGTCTCCGATCCGTTTTGCACATCTGCGTCCTAGAAGGTCGCAATCGGAGATCGCGCGCGGTTGACGGAGCGTCAAGTCAATTTCCATTTGTGTCGACTACTTACGTAATTGCTATGAAGAACTGAAGGGTGCGGGCATTTCGGGTTATGTACATTCAGCTATACGCATAGAGCTTTCGGCTGAACGTACAAGGCCACATTGTAATGGCTTAGGCGCTTGTCCTGCGCTTAAACCTCTGTTGGCCGATGAGGTATGATGTGCTACACCTCCTTAGTACCACCCCCGACGCAGACGACTCCAGATACGGGTCGCTCATACCTATCGGGTACCGGACTCTTGTCAGGGACCGACCCGATTGAGTTGGCAAACCGCTACCACATCGTTCGACATACCCAAGTGTACCAACGCAGAATGCCAACATCGCTCTCCTTCACGACCTTGCATGTGCGTGCCAAATATCTGCTGGGGTCCGATCCGCCT,1202,51.91,Drosophila melanogaster
SEQ_580920,GTCGAAGTATCCCGTGCCTGTAAGAAGTACTTTGTCGGAACACTGCACCGCTACATTGCTCTT,63,49.21,Escherichia coli
SEQ_382928,ATACTCGTTAATATTAGAAAGGGAGTCAGCACATTGGGATGCACAGGTGAGCCGCCGTCGTGGCGCGTTCGAATGGGAAGGCGCGCCTGTATGTTCTGCTTTTATCAGGCCCGGCCTATCGCTGACGGCGCGTGTACGCAGAGAGTGATATTTATTAAGACATTGATCAGAACTCAATTTCGGACTTCTGACCTAGCAAGAACTCATAGAAGGACGTTAACCGCAGTATGATAGAGCTTGCTCACTCGTGTCCCGACGAACGAACGCGTCCTAGAACAATTACCGACATGTCAAGACCCGTATTACACAGTTCCCTGAGGATATCCTGGAATCGCCAAGAATTCACTACGGGGCACTCTTCAAGCTTCGAGCATATTTAGGTGCCTGTTTGTAGTACCTAGCCAAAGGTTCCCACGAGTCGGCGGACGCGGTTTCGTTCTTCTCTAATCAATAGCGCGGCCTTGCCTAACCAACTCGAAGGTTGAATACCCGGAATCGCACACTCAAGAGTGGATCCATGAACCTTTATCCGGTGTCAGGCATTTTAACGCGCTCTTACTAAAGCTTGTCCACTGATAAGGTGGGCTCGGGGCTCGGCTGCAAAACCTCCATCCGGTGCCACCACTGACCTCCGGCCTGCATATGAAAGGATATGTTGGCATAGAATCATCGAACGATCCATAGTTTCAACGACGAGCGGCGGGTCCGAGTATATGGCCAGGCGAGTATTCTCTAACGAAGACACGCTAGAGCATGATAATTGGGCTGATAAATTCGGTAAACCAGAACGGTATTAATACTCGACATCCATTGAAACCTGAGCCTCGTCATTACTTAGACCCTACATCGATCAGTCGCATGAAGCACAATATGGCCAGCTGACCGGCTTAGCAAAGGGCAGCCCGATTTGATGGGGGTACCAGTAGACTGTGGAGCCTGGAATACTGTTAACGCTTACGTGCTGGGATGCCCGTGATCGCCCGCAAAACCCACTAGCCGTGGTTCGTATGACAAAACGTATCAAAGGGAGACATCGGACTCCCTATTCTCTGTCGCTTCAAGGAAGTTACAGATCTGGCAGGGGGAACCTCATGTTAACTATGGCTAGGCGCACTATATAGCGTTACCAGATCAAGCCCAATGCGGGCACAACTGCGCGCGTGCAAAGACCGCTTCTCGTGGGACGACTTGGTGTTACAGATGGGTTTGCAAGCGCGCGATGTTCGTGACATCTGACACAGTCGCGATCGCGTACTCCACGAATAAATGGCTAAGATTGGTTCCGCCATTCAAGAGGGGAACTGGCCTTCGACTGCGGGGACCCCTCGAAAAATAAGGAATCACCGGTTGAACTACACAACTAGGCCGGGGTCCATGTACCTTATAGTGCGACTTTCACCGGGCCCCTGAGTCGCGCTTGTAAAGCAATGAAATTTTTTAAAAACCATAGACTCACCTAGAGCTATTCAGCCACCTCACAAGTTGTGGGAGCACTAGCCCCTTAACAGTGTGGCAAAATGCATAGCTTATTAATCCTCATGATCTGCACGTCGTTAACGGTTGCCAGCTTGGATCGTTCTTTATCAAAGGGCTCGTAATAAACCGAATTGAGTCCAGCGTAGTGAAACGTCAAATTTTGGTGACCTACTCTAACCGTGTGGTATCCGGGTATGCGGATTTGGTGCAAACGTGGTTCGCAGTCCATTCTTCCCAGCTTGATCGTGTGAATCGCACAGAACTGCGTCGCGACTGCGATAGGAGTTCTTGTACCACCTCGATGATCCGGACCTCTGCGGTGCTGTTAGGCATCAGGACTCTTTTACTGCCTGGGACAATTTGTCATCTTTATAAGAGCAGCTTTAATTCGCGACCTTCACCACTCTATTAAACTCTTAAGATCGATGTGCCTCGGACCGTTACTTACATTCCGAACGCGGCCCCGTGGGGCCGCGTGGCTACAAGATCATTTAACGCCAATATCTAAT,1985,50.08,Mus musculus
SEQ_157509,ACGACCGCTCGTAACATTCGGAACACTGCATAGTCGTTTTGGGCGTACAATACGTTGTGCCAACTCCCAGACGCTCTCTCATTAAGTCTCTCGCTATGCGCTCCCATTGAAAGTGAGAATTCTGTGTCCCCCAGAATACGATCCGAATCGTACGGATTCCGGAGCCAGCCCGGGGTACATTGTGAAACCTACAGAGCAGGCGCCCCAGCGCCGGGGTCATCTACGACTCGGACATAAACACTACGTAACGTGCGGAGTTCAGCGACGGCGGGTAGTGGGCTATTTGCTCTAAGGCCTCGAGGTCTTAGCCAATTTACATGTCAACGCGCCACTTTATACCGATATGATAAGTAGTGGTGTTTCCTGACCGCTTATCAATGGCCGCGGCACCTGAACTGCCAAGGACGCTATCCTGCTCGAGCGCGGATCCTAGGTGAGTGTGGCGTGAACCTTGGCCTCCCGGGATGGGCCGTAACAGTCACGGTAAAAAATGTCATGACAAGAGAGGCACTAGATTAAATGTATCGTATACGCTATATTCGAATGCCGGAAAACGCAACGTAAAGCTGGTCTATAACATCCTACCCATTTCGTGGCGGGGTTCAGATGGTAGGGCCCCGCAGGCTTAACCCTACCTTGATGCACCCGTGACTTTTTGTGGGGTTTACCATGGGACAAGTGCGCCGGTAATTAACGGCCCGCGGCTTGGACTGTGTCGTCAGATGTGGCTAACAGGACTGGAAACAATGCGTCTCCGGATGGACTGAGGGGAAGGGAGTCCACTCTGCTTTGTATACGAGACTCATCGTTTGTAGCAGTAGCATTTTACGGCCATATTCTAACTCTCGGCCTCAAAAAACTACGTCTATAACGACAGGTTCGCTTCACCCGACTAGGCTGTTCGCCCTCCGTGGAGTCGTAGCGCCGCCATTCATGTGAATTTACAGGTGCGTCGGTTTGGATAGTCTTTGGTCATGGTATTTGCCTCCCTCGGTGCGCCTAAATCATTCAGCAGCCGTGCTTACAAGAGGCTTCGCGGTATAATCACACGAGTCAAACTAGCTATGAGAGCGGCCACCTATGGAACCAACTCATTTTATCTGCGGTTTAGAAGTTGTCGACGTGGGGCCTACGTCCGTTTGAAATA,1147,51.96,Saccharomyces cerevisiae
SEQ_373021,GGACGGTAGCTGTCGGATCGTGGGATCCGCGACTGGTCCGCCTGGACGATCTCCGTTTATACCCCAATGTTCCATTTGGACCTGTCTCGCGACTCACATTCTAGTATGCCGGCACTCTAACATGGAGACCTTCGCGTCACGATAAAGGCGAAATCAATTTGGCGTCTCGCGGGAAACTCACTAGGACAAATTTCTAACCGGTACTCTCTCTTCGATACTTGGTTAAGCATTTAGGCTTCGATGAGCTGGCCTTGCCTCGAGGGTAATGGTCCAGGAGGACACCAAAAGTAGTTCTCCTATAACAATGTCCAACCGACTAAGGAGATACGCTGATATTGAAATATCAAGTGCGAACATGCATGGGCAACGTCCCCGTTTATTAATGGCGGCATCGCAAGACCGATTGTGTATTCAGGTGAACTCTATGTACTCCATAAAAATCATTGAAGACCCGCTCATGCCCTCAGTGGTCACTGAGACTATCCCTAATAATCCACTCAATAAGCCGGTCAATCCAGCATAGGGAGCCCCGTTGCGCGTGAACGAGCCCCATTAATCAAGGTCTAGAGGAAAAAAAGTGGATCGCGGGGGGCTTTCGATCGCATGCTGACTGGAGAAGTCACTGAGGTTCTGTGTATCTCAAATACACGGTACCGAATGTCGTTACTGTGACAATATCCCAAGTCGCCCATAATGGCAATCAGCATTGGGATCAACAAATGACCTGCGGACCTGCTTACAAAACGAACCATCCCCACACGGTTCCACCTGCCAGTACAATTGTAATTGTTTACACGGTGTCGCTCTACGAGAGACGATGACGCTGCACGGTTGAGCTACTTCACCCACC,850,49.53,Caenorhabditis elegans
SEQ_761635,CGATTCGTGGAGATCTACCCGGCTGTCTCAGGCTCGTGCACGAACATCTTATGCCGCGAAATCGGTAATATAAGGCCTGACACCCGCCGTTGCACCTTAGACACTTTGTTGTGATAACCGTCAGAGATTACCAAGCAACAGCGCAAGAAATACCTGATTTCAACGACCGAAGTTGGCCCGGAACGGACGCTAAAAAGTGATGAAAATTTTACGTTTAAGTAAGGCCTTTGCAAACTTTGTTTGAGCTGGGTCAGTCGTGTTTGATGTCGACCTACATTAGTTCGCGAGCTCTGCACCGCAGTACAATCCGTGATGGGCATTACAGGAGTATGTTGTACGTTGAGCGTCACATACACTGGCAGCCATCTACCAAACTGTTGATGCGGACCCGCTAACGTACATAACTACCCTTCGGTAAATATTGTGTCCTTTCGGGTCGAGGTGCGGAATTGCCGTGGAAAGATTACCGCAGGTGCGCTTCGCTAAAGCTCGGCTAAGTGAACAGAGTTTTGGCGTCTAGAAACGTGTCCTTGGCAGTGGGCCTGTGGGCCGACCAGAAATGAGTATGGCTCGAGCCCACATGCAATGCGTTCAATGCGTTGAATTGCCTATTCCAATGGTCGGCATTCCGAAACTAAAAGTTCCTCTGCCACGTCGTAATTGGGTCTACTCTGAAACGTGGTCCCCCCCCTTTTATTTTCTCTTATACAACTACATCCACGAGGTCTGGATAAGCGCGAGTTCTGGGACATATTCTTACTGGAAGTTGTGGGAAAACGGAATAAGGACTACACCGGTTCCTTAACCATGCCTTGCTAGACCAGGGGCCGCCGCGTCTAAAAGGAATTCAATAATCTCCAAGTTCCTGTAAAGTGGCTCACACCGGATAACAACGAAGCTGATTATCAGAAAGCCACAGGGTCCGAAGCCAAGACGTGTTCCAAAACATGAGCCGAAATATGGTAGCCTACTTATGCTGCCCTCTCGATCGTAACATTGCGTATTTAATCCAAAAGGGTGGTGCAACTCAAAGAACTGGTAGGTACTTCAGAGTCGATGGTCTTTAATAGCCACGATATTACACAATCATTACTTAAGATTTCTGGCGCTAGCAAGTTGGTGGGAGCGTTACGCCACAACGCTATTGGGTGATCGCGCTCAGAGACGATCAACATACTTGTCGCAAGGCAATCTCCAGATAGCGCCTTTATTGCCCATGACGTTCTGGACTCGGCAAGAAAGCTTGAGGGTTAATGTGGAAGCCGGACAAACGCCCTGACTTTGATGTCGCAGGGATCAGACTAAGCTAGCCATTTCCCTAGAAGCGCATTGGACTTGTCCACCTCCTGGATCAACGATATTGATACCATCTCGGGAAGGGTCATAGACCATTAGTAAACTACGGCGCTTACGTACCTACATGCCGCGGGGTGCCCTTCAGCGTGGCGCAATGTGCCAGGGCAGCTCCCGGCCCGGAAGGTTTGACTTGATGAGACGCTTCGAACGGACTGATAAGTACAATGATATGTAATTCACGCGACTGGCCCACAAAGACATTGAAGTTCCGCATGTAGTTCGAATCGGCACGGTCTTCATAGAATCCCTCGGGTGATAACGTGTACTCGAAGGAATTATTTCGGGTGTACGAACAGGAGACGGCCCAGCGATTTTTGATCCCTGACCGATACACTTCCTTACTCCACCCGCCACTTTCGCAAGTCGCAGAAGTGTGACTGTTGTTGCGTCATCCCAACTTCGTTCGGTGACGTGGGTACCAATAGGACCTGTCTTTCTTAGCTGGCTATTTGCTATGCACCAGGGTGTTCGGTTGAATCCGGCTCCAGATTA,1848,49.4,Escherichia coli
SEQ_175937,CGCGCTATCACCTTGCACTAAGAGATTGCACTTCGTAGCTACCGCGAGAAACGACCTCTTGCTATTACATGGTGAGGCCCGGTTCGCTAACACACGTCATAGTCATGTTAAGCCCAATAAAACGAGAGAGCAAACTCATGGACGCCAATATCTACCCTTGATCGTAGTGTGCTGATTGCCGCCAACCCTCCAATTCTAGATATTTTCAACTGTCGACTCGGATCTATTCAGGGCGGCTGTTCTGTGTAGACCACGAGCCGACGCGGGCCCGCAGTTGGGGCGGCGATACAGAGCCCCATCCACGTGCAAGATGCTTCCAGCTAGGTTCAGTTCTTGGTCGTGGTTTAAAGCCCTTTTTATTAACAGTACAAGCCTGGTGGAGCTAGCATTGCCCGCAGACAGCCGTCTACGCGGATTGTAAAATTCGGCATTTACGCCAACTGATATTCCGGAGTGGACTGTGAGACACTCGTAAATTTCCCCGGCAACATTAAACTATAAGTGCATAGCCCCAAGTACCTAGAAACCCGACCTCAATCCCGCTGGTTAGCAAGGCGGGGGCGATTTAGTAACGCAAGACGTTGATATACCAAGCGACCAGCTATGGTATGCATGTCTTTTCCCTAAGGATAGCCGTTTGGCTCCATTACCCCATGTGTTCGTATTGAACAATGGCGTTGGATAACATGCATCTTGCAGCCGAACCAAGACATCCGCGTTCCACGAAAATAAGTGTTTCTTATAACGAGCCTATCTATTCGTCTAATTCGGCCTCCACTATTAACGATACTAGTACACGCACAGTTGTGGGCTTGCTTCTGACCTGGGGGGAACTCGCCCGCCGGTACGGACACGATATGGTCATCTCATCCGGGTTGTGTTCTGTTGGGAACTCGGCTTTGACAGCCTAACAAATAGTTGCATACCTCGCCCCCCGCATAAATACTCTGATCGGTGTTAACAATATAGATCCAATCTGTTTGATTTTATTCAGCAATTGTAATTGACCCCCTAGTGTCTGTAGATTCTCAGTGGAATGTATTCGGAACTGCCCGCAAAGTTACCCTGACCCGGGCGACGTCTGTTAAAGTATAGAGCTGATGCCTTGGTTCTGTCTCTACTACTGTGCAACTTAGGATATAAGAGGCTTCGGGGCGTACAAACTGACGCGTTACCGGGCGACGCGATCCTGGTTAGGTGATATTAACGGGTCGCAACATGCAATTGCGAATCGTGCACTCCGCCAGAGGATGGCCGCTAATGGTTCCCAATCAGTCAAGCTCGTGCCCCTTCACAAGCCGCCGGTACCCTTAACACTCTTGCACGATGGTAATGGGACCATTCTGCGAAGTTGTGGATCCTACACAAGGGAGCCAAGTCGGTGTCCGAGCGGGCGGGCAAACTACATAGTAGCATTGGGCAGATAGTGGCGAAAGTAGCTTGAAAGATATTGGTTTCTATAGACATCTGGGAGCGATTAACTGAAGTGTTTTCTTAGTCAAATTCCGGAGGGAATTGGCTATCTGGCTACCGAATTCTAGAAAATGACTTCGGAGCAGTAGACCGAGCTTCGGGCTACTGGCGCCGGCACAATTCTGGTGTCGGACGATCGTGATGCCCTTGTATGGAGTACGCACGAGCCGAGCCCTAAGGAGGCCCGATAGCTGCGATATTCCGAACGATTCGCTCGACAACTCCATAGGTCAGTAAAACAGACTCCGTCGTTCAAAGTTCCTCCAGCTGAAAAAAGTTCACCGTGCGTAGCGTCTTGGATTGACCGACACACAAAATCGCATACATTTTCGTCGAACATGACAGACAGTCTCCAGAGTCTAGCAGCGGCTTATTAA,1850,49.84,Drosophila melanogaster
SEQ_873372,TGATAGGAACATGACTTATACCGCAATTAGTAGCGCCTGGTCCTCAAAATGCATGCTTACAAAGCGACTGCGGATTACTTATCCTCAGTGGAGTAATCTCGAAAGATTACAATGAAACGATCATGGCAATTTTCGATCAATACAGCCTTCCATCATAACTTCCAGCTGGGCTGGGGTTCTTCCCCGAGGCGCAAACTCCATAGGGCCAGACATAGCAGCCCGCTAAGGTCTAAACCGAGCGAAGGCGTTCGCTGATGATCAGACGGCAAGCTGCGAGCGCGGGTTATTCTTTGGGGGAGCTGACGACCCGAAATTAACACCGATTAGTCTTACCCCCCTGGTCGGAGATTCGGTGACGATATTCCCTCGTGGAGTGGCGATGTCAAAAATAAGTTTACTTTCAGCCTAATCAACCGTCGGTAAAATGTTCGGATTCACCATTGGAACGCC,450,49.11,Caenorhabditis elegans
SEQ_136013,TTCTTTGCAAACTACAGATTCCGATCTCGTTTTCGATTCCGTACTGCCACCTCCACATGAGGGACATCGCCTTCTCAGAAGTAATAGGACCTGGGACCCGTAGATTATCTGTGCCACCTAAGTGTGACGAGCACAGCCGACGTATGGTAGTTAGTAAATAATGGCGATACGAGCGTGCCAGGCAATAGAACTTAGTGAAAGCCTGCCGATTATCAGGACATAGGCGCGTTTGTCATAGTGAAAATTCGTCCCATTTGACCTTCTGGCGTTACCTAGCCTTAGTTAGGGATGGCTGCTATCGACTCCATCAGGCACGGGCCATTAAACTTCTGTAGTGGATCGCCGAACGCGAGCACGGGCTTACGCGAGAGCGCCAGCGGCCGCAGCCCAAATGGGGTTCCTTCCTCAACCTGGGCAAGGTGTGGATTTCTGGTGCGGAATCATAATACCCTAGTTGTCCGTCGAAACGCGGGGGACGTGCTTATCTTGGCGCATGTACCACCCGCCATCTTTACCGGGCTGCCTGTTTTCCGTGTGCTGAGAATGGGCTGTACGAATCTTGCCCTGGCACATTTATTACCTGCAAGAACCTTACGGAGACCCTTGTTACGCATAAGGTATCGGAATCTGATGACAGCCGAATAAGTTCTTTCACATACTAGTGGTTCAAGTAAAATTACAATCGGGGGAAGCTGTAGTAGCATTGTCTGGCGCTAACGGAGGATCAGGTGACTCCGTACACAACAGAGCCAGCGCAGTTTCAACACTTGTGTCGCCTAGCCATCAGACGGCTGCATCTAGCCCTCACGCTCTCAGACACTTACACACTCATTGTTCCGATCTGGCAACCCGTTAATCAGAGCCCCATCGTGGTGACGCACCGCTCACTGAGTACCCCACGTACAGCGTTT,911,51.7,Arabidopsis thaliana
SEQ_383448,ATAATACTAATCGGTACTTCAAGAGAAATGGGCGGGAGTAGTCGTTATACATCAGCGCGAAATGTAGGCGGGTTTGCATCTAAGGTTTGGTACAGTACAGGCATCCCACGTCACAGGTGACGCCATATGCGGCGCGCCACACGTGGGGCCAGCAAACTGTTTGGTAGGTACTAACTAATCGTTCACTACTTCGGCAGTACCAAGGCTTGGAAGCCTGGGCTGTTGAGCCGAAGTTGGTTATAGCTCTTGGGATGCTTGAGCCGACTAAGACGGAACCACTCATTATTACGTTCCCTACCGAAATCCCACATTCACCCTTAAAGAGGGAGCACGATGGTCTACCAAGCGTAACGCCGTCCCTCTTTGGTATCTCTATGGCAATGTTACGCAACCGTACGCAGACTCCCTCTAATGGGACACCGCCGCACGGTTAGCCCCGTCGAGTCAATTACTTACTAGAGCGGTATATAAACAGGATGCGACGTTTTGGTTGGATAGTAAACTTCCGGGCAAATCACAATCTAAATTGGTAATAGTTGAGGAAAGCCCGCATCTGTATCGTCGACTCCTTGTTCGCAATCATATGGCGTACCCAAGCCAATGACCATCAGACTGAATTGCCGTACATCAGTTACCTACGGGAGCCAGAGTTTTTTTGATCGTGTTCCGACGGAGAGGTGTGTGTTGAGTCGCGTCCCTGCAGTGTACGCCTCCCTTACATGTGCGCCGCGAACTCAACCTCATTACGGATTGATCATTGCAGATACGAATTTTATACAAACTTTAGCATCCGAGGGGAAGATGGAACATGAATGCTTCGCTGAGCTTGCGAATGTACCAAAAGTAGGCACTTACTCCTTGGCCGTAGAGCGAGTGCGGTAAAATTGTATTATACATAATTCGCAATCAAAGGGATAGGCGGTTCGATCCTCTCGTACTGGTGTAATATGATGAAAGGAACTCGGTATAGACTTCGGTGCTGACGAATTCTACGTGGGGATAGAATCGGACCTCACGAGTATCCATCTGCATATTACAGACATTACATAAAATTATACCCTATGTCCGACCGAACAACTACCATGCGTGTACCAGCGCTGGTAGCGCTCTCACCACCAGATGACGGCCAACGGTAACACTCCATCTGCCGATCTGTGTCGACCCCAACATCTCGGGTTTCGCTATGAGACGTCAGACGCCAAATACGTGCGTGTGTGCGGTGGTGGGACCATAGTCCCGTGGTGGAAAGACTTTTGCAACGACTGACGAGGACTCGCTTCACCCCGATCTTGTTGGGGAAAATATAGTACCCACAACATTATACCGCCTACCCGATGCGACCCGAATCTGAGAGTCGTAAGGTTGGGCTCGACCAGTGCTCCTCTCAAGGTATGTATGGTGTCTGCCATAGCTTTGCACAGAATGGGTGGGTCCATCCTAGGAATACCCGCGCTCGGGGGCTCTCCGACGTCGCTCCAACGTTATCAGGTAGGAGAGCGCCATTGTCGCGTGAGATTGCATTACACGTGTGGACTCGTGGTCGGTGACCTAAAAGTCATGACGTCCTAGTTTACTATATCGCTACACCCAACCGCATTTTTGGACAAACAAGAATCGTTGGGTGCCGAAATACACACTTGAACGACGGACTGTAAAGCTACCGGTTTCTACTAGCGCGCTGATTCTTCCGCAGGAACGATATACCTAATAGTATGCAGTCCGGGCCGCGACGT,1733,50.03,Escherichia coli
SEQ_401609,GTTCTTCGACATCGCAGATCAGGCAAAGATAAAACTGTGGAGAGGCTTTTCTCGGACGGGTATGTTAGGGTGTAACTGGTAATTCCTCCCCCTCCTGCAGACAGTCTAGTGGCTGATATCCGGTACGACACAATAACTATGGAACTGGCGCGGTTTGCCCGGGCACCGCTAGGGATAAAGGCACCTCGAGACACACGGGCTACCGATTCTTAGTGTCAAACTCTTCAGTTTGGATTCCAAAATGTGGAGAGGGAGGTTCGCCGTCGCTTGACATATACGGCGGCCCAGACAGGGGTCCAAGCACCCAAACTGCTAGAGAGAGTACTCCAACCCCAGCGATACGAAACGAAGGCCCAGGCTAACATCTCGATCCCATTGGTTACAAAACAATCCCTCACTTTAGGGACTGTAACGGGTCCACCTGGAGCGACGACCGAGCGTTCTGCGGATGCCCAAACCAAGTAGGAACGACCCGGGAGTCTTTTCTCGCGTGACACCCTACGAAGTGTTTGTACTCGCTGCTATCTAGCCCAGCCTTGTAGATCACATCATACACGTGATTTTACCATTGGATGCAGAACGTAAACAATGATATTAAGACCAGGATGACTCAGGACAGACTCGATGCCTCTTGAAGTCCCAGTACTTCCTATTCTACAAGCGTTTAGTTCCCCAGGCACCAGTGCAAGTGCCTGGAGTGACCGGTTCCCACATTTCGCATCGTCGGATGCGCCATTCCGACTATTCATGAGATGCCTTTGGCAGTAATACTTCCAGC,778,51.54,Caenorhabditis elegans
SEQ_131188,ACGGAGGGACGAGACGCTAATCGCCCAGGATACGGAAGGCCATGCTGGATCTGACTTACGGTTAATGCCCATAATGCTTCCCACAGCAAATGTACGTTCGTGTAGGGTCCGGCTTTCTATGGCCCCATTCCGCGCGAAACGTGAGTGGTTTCAGCCGGCCCAACCCACACATCAAGTGCGGCGCAGTATCTATGAGCATTCAAACAAGCTGGAAGGCGGAAACGGAGCGGGGGTGGGGAACGTCTCCCGGAATCGGTCCTGACCGGAACGGGTGTCGGTAGCCGTTCACATTCACAGGTACTCGTAATCTCAAAAGGAAGGGTGAAGCAGCATTCCTGCCGTTTACATTCGGGATGCAACGGCTATCTGTTTTGGCTCCTAGACGGTCCAACTTAGGTACAGTTGGCATTCGACGTATGACACCGTCTCCACACATTACTGTAAATCATTTCTAAGGGGAGTCCTGACTTATTGCCGAAGGACGCGTGCCAATTATCCTTACGCTCATCCTACGTCCCCCATCATAAATCATTTGGAACCAAATCTCAGTCAACGGAGTATCCGTGAGTAGACTTTGTCTCTAGCTTCACGCGGACGTTAGGATATAGTTCGGTAGTATCTAGTCGCGGTACGAAGGATTAGTGGAAAGGATTGACTCGCATCACTCGTCGCCCATATGACTAACTAAACTGACAGTCGGCCCCCAATGTAAGACGCCTTGTGAATTTATCGCCATAGCGACAACCTTGGCTAAAGCTTCTCTGAAAGTGGTGGTTGGCTGGTTAAACACAAGCCGATTTCCTGGATGCTGAGTGTACCGTGGGAGGGTCGCGTTAGATTTAACGCCAGAGTCCCCTGATACTGTTCGAAAATCACGCCGGTGCGGTGGACTTGCAGCAATTACGAAGAGGGCTCTCAATAGATCGATGCCGCATCCTTTCGTTGAACGACCTGGGTAACCTGTTCTAGCATGCTATACCACACTTATAGTGTGATAAGATGCCCTG,1007,50.94,Caenorhabditis elegans
SEQ_593191,GCCTCAGTAGGTATCAGTTGCCTTGTCACGGAGCCAAAATGGCCGCCGTTTGAGAGCTGGACAGCTGGATCGACCGGAAGGAAGACCGGAACCCCTCACATGATATCCTACGTAACAACGGTCACTTTTGGTATACCGGACTTAGATCGCA,151,52.98,Caenorhabditis elegans
SEQ_789263,CGACAACACAGCGTCTGTGCTGTGGAATCTGATATAAGCTAGAGGGCTTTACCTCTCATCTGCTCTTACGCTGGTTGACAATCGCAATCATATCGTCCTTCTACACCGTTGACGAAAAGGCGTTTGATGCGACCCCGGGTTCACCTGAAGTGGAGCAACGGTCCATAGCTCCCTTATCGTACTACGCATTTTTTGCTTAGAATTGCTGACGGGGCTCACAACCCCCGATTCATATAGGCGGATGTCCTGAGTACCATCTAGACAAAACGCTGGCCGAGATTGTTGGCGCTCCATGTACTTGAGGCTCACCGATTGCTCCCCTGAGGATTTGGCGAGATACAATCGACTGATGAATGATTATTTTCCATAGTTTCGGAGAATCCCGAATGATCGCCCCCCAGGGAAGTGGGGCACTTCAGTACAGAAGCCGTGCGCCTGTAGTAGACCTGATCTCCCTCTGTGAAGCTTTACACCGTACTCTTCGCGCACGCAGCCTCCACTTTCGTGAATATGGAGATGTCCGCAGTGTGAAAGGAGCCCGTGGCCAAAAGAGTTCCCCCTAGTATCCCACAGAAGTGACCCGCGCTCCTTGGAAGGAATTTCCGTGGACAATGGGTAATCGACACTTCACTCTCGATAGGGCACGTCCGTGAATAGTATATCGGATCATATGTCTATCAGCTAGCCGTTCTAACGGAGGGCCGATGGCCCAGCTGGTCAGTAGGCAGGCATATGTACGACGAGGAGTAGGCCGCTAGATGTCCGGTTAGTCGGTTTCCCGGTGATTTGATCGTGTCATCCTCGTTACAGCAAGACCCTGTACTGGGTGGCCTGGCCGGCCGGATTTTTAAACAGGAAGAGGGATAAGAGCTAAACGTCTGTTGCCGTCAGTAAGTGCGCAATGCAGACTGTTCGTTGTGCCCATCGATCTGGGTGGCTCTGGAAGAAGCCAGGCACTACTTCGATAGATCCGTATGATTTTAGTTGTACTGACATTTAGATCTCTCTTTAGACCGTCAATTGAGTGTGTCTGCCCGCACCTGGGATAGACTAGACCTAGTGTACAGCCCCATAGTTCGGATTCATTTACCGGGCCTCCATTGTTCCTCCCTCCTGACGAGTCACCGGTGCCGGCATAGCTCATGCTGCCACGTCCTCGCGGTTAGCCCACAAATTCCACGTTGACCACACGTTAGGTTGAATTCTACTGTATGATTAGGATAATGGCGTCCACGGCTTGCAATGTTCGAATTGCATCGATGGTGTTGCCCTTTTGGTAACATAGACGTGCTGGACTGCATGACCCAGTATCCTTGTAGTCAACGGGGTGCTTTCTGTCAGAG,1343,51.45,Saccharomyces cerevisiae
SEQ_260328,TTCTACACGACGAAGAGCATGTACCCCGCTCCCTGCGGGATTGCGTCCGGCAAGTGGTTCTAGCCTGTTATGCCTGTCGATCCCACGGTCCATGAGCCCTGCAACTTAGGATCTTATCGCCTCTTGGTATCACCAGAACTTTCGGGGGTTGTGTCAGATGAACAAACAAGCGAGTCGAATGTGCTATCAGATCTCCCGGTGACGCTACGTGTTGCATTGAGAGCCGGGTTTAGTAAAATGGGCGAACGGCCATCTCACCCTAGGAAGTTGGACGGGCAAATTTTTATGAGGCGCACAGCCCGGATCAAGGTGTGATCACTGGTGAAGTAAAAAGACAGAACCTTACACACAAAGGAAGAACCTAAGAGAGGAATAGGACAGAGCGCACCTTCGATTTATGAGTCTCTCAAACAATTCTACTGATTACGGCAAGAGGACCCTGCCAGTATATCCGCCTCCTATCAGGTGTAACATGCAAGAATGCTGAACATGTATTGAGTTGCAAATCAGGCTGGCCACTCACGCTCTACATATGTGGACCCTAGGTGAAACGGGCCGCCCGTTAATCGGGATTTAGGGTTTAGGTGAAGGTTAATGCGTTAGACCATGCTTTTGTTCCAACTGCGGAACGTAGGCGAGGTAGTGTAGCCTCCTCCCGTTGGTCTACAAATTGATGCTATGTTTCGCCCCGGGAAATAAAGCGGCCCCTATCTTCTCCAGCGTATTGTCACCAGGATAAACCTACGCGCGACCTTTTTAGCGGACATGAGCGCGTTTTGTACACTAGAGCATTCAGAGGCAATATCAACAAACCGCGCATAAAGAGACCATGAGTATGAAGTTTTTTCCGTTATAACAAGCTCCTGCTAGACCACACTACCGTTGATCTTACTGGTGCCTACGGGACCTGATCATGAACCAACGTTCGCCCCGTGCAGGCAAACCGATTTAAGAAGGGGGTTATCCCTTCGATATGAAACCGTCACAGATCTGTACACTATGTCATACGAATCCATTCACTATAGCAGTGGAGTCAGAAATCAATGGTACTCGGGCCTCCAATGGCATCGACACCCTGGCAAGAGGGGGTCCAATCCCCCTCTCGCACATTTTGAGGCACGTTTGAGTATCCAGGAATGCCTGGACGTCGCGGAAGGGACACACATTAACTGTTTTGCATTGACACATCGAAAGACTCTTGGCACTCCGTCATGGTCGGATCAATTCTCGTTGCCACGCAGCTTTGCTGGCGGCCCACTACATTCCAATTGTGAGTCTACCAATTTGCAATCATATGGGGTG,1302,49.69,Saccharomyces cerevisiae
SEQ_729847,CATCTACGTACGTACTGCGTCTGCTCCGTCTGACTCCCGGTGAGAGGCTATCGGTTTAGGGTATCTCTTGCAGATTTAGCTGATTACCTCGGGTATGAGTGAGTAAACGGCCAGTATAGAAGAAGTTCGTATCAGTTGGACACCTCCATTGGAAGCCACCCCAGGGGCATGAACCGAGATAACGGAGTGCAAACGCCTCTTATTATTAGAATGGCCATGCAGTCATATACGACTTTTGATATTCATCACTTTACAACGCTGTCGTACAACAACAAGTCTTGTGAGGAGTTTCTCCTTACAGTGTCCAAACCCATCCAGCAGATTACATCTGTTCGTTTGAGAAGAACCTTACAGGTCCGGGGGCTTTACGCCATTTGGTTGACAATACGGTATTATACCGACTCAAGTAGGCAGTGCTGACGGCGCATCTAGCGATCATCTCCTATACTTTATACAAGTAAAGGATTGGGATTATTGTGGATCGTGACGAGCTTCCGTTGGGGCGCAGACCTCCAAGGGCGATGCGCCGCGAAAGGCGGGCCTCCAAAAGGCTTCCCAACCAGATGATAACTCTAACGTACAACCGTATAGGAGTCGTTCAGGGCACGTCGTAAGCGTCGAGTAGAGCGGTCGGACTAAAGGATATGGGATTGTCGTACCAGAGGCACGGATGATATACCTAAAGAAGACAAAACATATGGGCGGTTCGCTGATGATTCTCAGTTATGGGCAGAGCATAAACGCGGTGACCGCTAGCAACAATTCCTCTTCGACTGACCTCGGCAGGTCACATGTTGG,798,49.12,Caenorhabditis elegans
SEQ_697710,GAGCACACAACTATTACTAATGATGAAAAAGCAATCACCTAGCCGTAACCTGAGCCGAGAAATATTTAGGGATAAATAGACCTCCGTGAATCGTGGTTTTCCAAGTATATGTGGGAAGACTCGACGCAACGGAACTAGTAGGCCGCATATGCACGATGCCACGATCAAATCGCAAAGGGATGAATAGAAAGGTGTACTTGGGAGGTCCAAGGAACATGGTATGTGCCTAACCCTGGCTTACCAACCCTGCCCCCGAATCTGCCACGTCTGAGGGAAAATCCCAGACTACGTAGTACCACGCGTTAGCTCAGTTAGTTAGGCCTAATTGATCTTGACACGTGAGGACGGGCAGTATGTTCTCGTCAGCTAGAACCCCAGCAAGGGACAAATCCCTAAGCGAACGTTTGTGCTTACGACGTTGAGCCTACGCCAGTTAGATCCGACAAGCCTGGGTGCACATGGTGCCGGCGTGCAACTAGTCGGTGCCGCGGGATGCAACAAGGGAATACGGGATTCAATATTGTAAACACTCGGTCCGATTTCCACGCGTAACATCGGCTCCT,563,50.27,Caenorhabditis elegans
SEQ_512262,TTTTACCAGTGACTCTCCAGGCGTATAGAATCATAGCTTGGCACGCTAGAACTATGCGATTCGTCCGGGCCTCGCGGCGATCGGGTAATCGGCCCAAAAGTGATGTATGAGATCGAGCAAAGAGCCGATATTCTCCCAATCAACTGATACAGACGGAAAGCAGCACTACTTCCCGTACATCCAATCAGCAGCACAACAGCGGCGATCCGAACCAGTGTGAATCGTTGTACTATAATTGCCCCGCGCTTATAATACTAGCCCTAATCTGCTCTAGACCGGGCTATCACCGTCCCTTCGGGATCACATGTGCGGTGGAAGTAAATTACAATGTTACCCCATGCGTCCGCGGGCCGGCTTAAGCCATATCGGACATCTGACCGTCTGAATACTGCGGGGACTGAAGAAAGTAACGTATTCTATGGGACCTCCGAGGGCTCAAGGGGTCGGTGATTTATGCCAAACCACGTTCGGTTGGAACTGGTCAGGTGACTACGGCCGCCGAGGAATCACACGCTTCAGTTCTATAAGATAATCACCTCTCTACTCCAGTCTCTGTAAGACCGATATGAACAAGGCTCGACACCCGGAGGGATGTAGGCCAAGTAACACCGGGTCATATGTAACGTGCACGTATCATACATCCGAAGACGTACGAACCGGCTGTGGGATGCTGTGTCTACTATTACCAATGTACCATGAAGTAGCCCTAGAAGACCGCTGTTGTGATTCATTGTGTTGTATCTCCGCGACAAGAAGCTGCATAGGCGGGAATGGCCTTGGTTTGCGCAAGTATCCGGGGTAGGTGTACCCCACGCTCCCTCCTCGAGCATGCTCTCAGGCGTCGACTTTCAGCATGTCCACGGCATCAGAAAACTAGTGGGCTTCTTAATCGCGTCCCAGACTTCCCCCCAACTAGTTAGCGACTTAGATTGTGATGGATGGTTGGTAATAATGTCAATCCCAAATACATAGTAAACGAGGATACGCCTCATGATAGCCACTACACCTTCAACAGTTTAGGTCACGAGAGGGATGAACACGGGCTCGAAATTTTAATGATCCTTTTTTAACCCCAATGATATTAAGGTTAGGACAGGAAAGGCGTATGAAGCCGTGCACAACCACAGCGTGTTTTGAACGCATCCCCGAATTTAATAAATATGCATGGCGAAGTCGCTGATGAGTGTACGTCCTAGTATCAGATTTTGGTGTTAAAAATGCCCTCCGGGTTCAACCTAAGTCCCGTCATGACGCCACGATATACTACCGACCTGGCTCCACTACCTGCGCTCATAGTGGAACAGTCCCCCGCTTCGCAGTACTCGATCATTCATTGGGAAGAGTCTTTTGAATTTTGTTAGCAGAACTTGTCTTAGCAGTTACAGAAAATTACTATCTGAACCATAAGGGTGGCGTTGTAATCCGTAAGTCAACCATCATGAGTTTGTGATTCATACTGTCCTCCGAAAGCATAG,1475,48.81,Mus musculus
SEQ_764224,ATGCTTCAGCGCGAGGTTTCCTTGATAGGGCATTCTCGTGGAACCCCTCGGCGTATCCATGGCTCCTTTAAAGCAGGCGAATTCTCCGTGGCTCTGATCTGATGCTCACCCGTATATAAGTCCAAGAAGAGCATCTATGATGGTTTAAACCTCTTAGAGCTAACGTAAGCTAAAAGGGCATAGAAGGAAACTTCTACATGCATGCGGCGGACATGCACCTCCCATGCATTCCCAACTCGCTCACAACCAGCACCAAATTGCGATCAATGAAGCACAGGATACTCTTGCGAATACAGACGTCCAGGAACTGATGCTCATACAGTCTGGGCGGTTCTTTTAAGAGAGCGATAGGTACGCTCCTGTGCGAGGCGTGGCAGTGTCAGTCTATCAAAGATCTGGGAGGCCCGTCTGGCAAGTTCAATCCACCTCTCCCCGCCAGTTAGCGAATTCGGACTATCTCCCTCTAAAGAAAACCAGGGATTGTAGCTTCGCAATGACTCGGACACGGTGGAGATCAAACACTAGTATAGCAGTTCGCAAGCATAACGGCGCATAATCACCCACTCCGATGCGCAACCTCCAGAGCCGTAAAATGGATGGCCCCTGGCACGAGCATGGTAAGTCTAGAGGGTTAGAGGCAAACGGTTTTTAAAAGACCTATCGTTTTTCAGTGCGGCAGGTGCGGGTGTCAACCAGGTTATTAAATTCATAGCGACAAATTACGCCATGTCAGCAAAATAAACACTCGACACAGGCACGTCATTCATCTATAAATGGAATCACAAGGGTTAGTACGTAGCCGTTAGTGACTTTCACCCCTAGGCCTGGTTCCATTGCGCTACCGTTCAGGAACGTGTAGGTTTGACTGGCCCGATTGGGTATGCGAGATGCTGCTATGTCTATGAGGTATCCTAAGCGAGCTGGTAGTGCGTCGGACTCAAGGAAGAAGGTCTTCATCCATACCCGTGCACGGATGCACCAAGCGCGTTCCAGGCTTAGCAGGCAGAGTGTCCATGACCCATACCCAGAGCACATACATATAGGATTAGCAAAGTCGCGCACCTGAGTAGATTGAGGGCTATTCCACCGAGCTAGCGGGTACCGCTATAGAAAAGGGAACGATTCGGCTGAGCTAGAGACAGTTCGCAAAGCACTTATGTTCTCGGGCTGATATATATCAGTATTCCTGGGTTGTGAAAATGTCCAAGCTTGTGGGGTTAAGGCTCACCCATACTGTATTGACTCTAGACACACAATGAAGCGCACATGTCCCCGGCGCGTCGGCGAGTCAAAACATGTCCATTCTGTCGGGCTCGAGCTCTATGGAGTGAGTCAATCCTGGGCATAGTGACAGTTCCGGTTAATGTAGCGGATCAGGCTGGTCACAGGCATCCCAAGAAGCAATCCAGGGATATGATGATACGATCTCCCGTACCGAGGGATAAAAGTGTTCTGGTTGAACATTGTACCAAGCGTAGTCGTGTAATTAAGTAGCGTCTTACAGCTGCCGAGCGAATAAAGTAAGTCACGAGCCTGGTCGGGATGTCACGGGAACTGCACGGTAAGCCTTTCCACAGTTGATTTCTGGGTCTAGCCCGGGTATCCCCATCGATCACGTCCGCAACTCTATCGCTGCTTACGTAGGCGTGTCAGACTCATCAACTCATATGTTCAGGCATATCAAACAAATTCATATCTGCGTCTGGCGACTACGGGCCTAGTTGGTCCACGTTCCGAGATGCTTCTAGAGTCTCCGCAACTAATTCCGAGGTGCTAGGAACGGCCCGTTAACGCACGAATTCCTAGTAAGCGTAGGCCCTCGTGACTATCTCTTTACAGGTACACTCGTTTGACTGGCTGAGTTAAGTACGCAACACAGATACCAGAAGATTAACCCATGTTAGCCAACGTCAATCCCGGGGGGACGCTTAGTCTGCAAGGGAGGGTATAGGTCTAGGGGACCTTTAGCTCCGGGGAGGCCT,1982,50.45,Escherichia coli
SEQ_661692,CGTTTTACTTATTTAGTGTCGGCTTAATGGTGATAACCGGCTAGCTGAAAACCCGACCAAGAGGTACCCGGGGTATCCTACAATTGAACTATTTGTAACGGGGCAGCCAGCCGGCTTCCGGTTAGCACTCCTAAACCCTTATGGATGGTCACAGGTGCGGAGAACGTTACCCGATATGAGATTCCGCAGATTCTAAGCCAAGACTGTGTTCAGATGAAGTGACGACTTATGACTGCAATGGGTACAAGTGGTTCTATAACAAATCGCAGCCCTGGGTTTGCGCCACCCTCCGAATATTTTTTAAATATCGGCCTTCGGTTACTATTCTAGCTTCAGAGACCCCTGGCTGTGCGTGCAGTTCTGGTGTACGTCCCGCTGAGCATGTTGCGACCTAATACATGAATATGTCATAAGCTACCGCTGACATGCGGGTTGTGCAGTCCACGGCCCCCGTTAGCCCAAGGTCCTCGCGCAAGGATAAAGTAAGACTAAGCCGTCTTCTAGTAGACAGTATTTATCCACCAGTACCCGCGCGGATAGCGCCCCCTATGTCAACACCCGAACGCGTTAGATTATCTGCCTCAGGAGGATGGACCCGTAAGCCGGCGGGGGGTGATTTGACAGTTACCTCGATCCAATGATGGACGTTTGTCCTCAAAGCCTGACAATGGTATTCCATGTTGTTATCATGCGGGGTATTCGGAACCGGTTTTCTGAGGCAGAAAAGTTGTGTACCATGCCTCCGACTAAGCAGGGGAAAATACGTAGAACTTACACAATCGGATGGATATGTTTAATCACAAACAAATATTCTTTGTTGATCTTAGACGTCCGGGACTATGTCAGTCTCAAGTCATCACAGGTTCTACGCAGTAAATGGTTCTAAACCAGGATGTGTATCTTTCGAGAGGGACTACGTCGATATGAATGCCCCGCAGAATGGAAGTGTCGATGCTCGCGACGTTGTGCGGTTTGGTACGCTAGTCTTCATCAGCATGACCGTTGTTATCTGATGGCATGCACTGGAGGGTCCAGGTGTCGGTTGACCGTTCAGGGTACCGCGTTTCGCTATCTTAGTCGCTAACCGACTTCGAGAACGCTCCGTTAGACGTTGTCGTTTTTGAGGGATGGGTACAAGCGTTGAAACCTGGGACCATTGTGGTTTCGTATATTGCGATCTTGGGTAATTGGAACCGTAAAGTCGCTTACGGACTTAACCGCCCTGGTTCCCGAGCATACGATCCGGTCGATTTCGTAGCAGTCCGCAGCTCCATTAACCTCGACCCGAGGGGCCCATGAGTGGAGCCCACCGATCAGGGCTCGAGGGCAGACCTAGCATTAGAAACCAATCGCAGAACCAAAGCGACCGCAAGTGGTCCAGGATGAATCAAGATTCTTTCTTGTGTTATATGCCTGTTTTTATCCTCGTCACGAATGAGGGCCGCCAAACCGGGAATAGTGACTCGACTTATGAGCCAGACTACCTCCGGCCACGACGTCCGATAGCTGTCCACGAGTAGGAACAAACACGGCAGTTCGGCCGGCGCTGCAGTCTACTCGTAGCGAAAAAATGAGTGTGGAGGCTCTACTAATGTCCCAGCCATCTCGGCCCGCTGATGTTAGCCATTGATAAGCCTTGGTTTGACCCGAGCGTAGGCGGCACGGGGACTCGGTTGAGCCGAGTT,1685,50.98,Drosophila melanogaster
SEQ_332992,ACGCAACCTACCGCTCTCAGCCCCCACGCAGTAGGCCGATTAGGGCTTATTCGCTAATTGCATATCCAGACTACCAAACTAAGGAAGCTTCTTACTGAAAGTTGTTACTATCCCGAGCACCAAAAACTTTGAGCAGCGTGCTATCGGTAAGGATGTCCAGGGTTCCTAACAACTAAGTGCACATGAAGAGTTCTTACGGATCAATACCTGTCCGCTAGAGCAATTGGCGACTCCCTGACGGCCCGGTGGCAGACATTTATCTCATTCGCAGTATGGGGATACTGCAAGCCCGAAGTGCCACGCGGGCTTATTTTCTGGGTACTTAGGCGCCGATCAAAGGGCTAACCCTTATCCCCATGGATCCAGGACTGAGATTACTGTAATCACAGGGATTCAGATGGTTGATGTTATCACCGCTTCAATGGGTAAATTCTTGAACTAAACCGGCGCAACACTACATATAGTGAATTTCGGAATAGTCAAACATCTAGGGCAAGGGCATACTGATTGCCTTGAGATGCTAATCCTGTTGCCTCCTAGGTTGCAATTATACTGCATAAGGTACTAGCGACTGCCTGCGAGAACTGGAGGAATATACTACACTTTGTAATATACACCCGATAGAATTCCCGGAGTACGACGCAATCTATCGAGTTCCTGCTACACTAGTGCTTTTCCTATGACTAGGCTTACCTGGTCTGCCCTCAAACAGTACAACATATAACCGGTGAGCCTACACGATGGGAGGATTCCTTAGGTAAATAGTTCGATCTATACCGCCGGGGCGTTTGATGGTAACTCTAATACCACCTGACAGTGTAATCGCTTGAGAGAGATTATTGACGTTGGTCCGAATACCCCGGTTCTTGGATGACGTGCAGCGGACGGAATATAAACGGATAAGGCTATACGTTACGCGACAGCGTCCTCTCTATCGTGTTCATGTGGTTCATTTATTTCAAGCATGCATGCCATAACGCCAGGTTGCGAGGACCATAGCGAAGTTAGAGCGGCACATACACGGAACAGGCGAGTGGATTGGTGTGAGAACCACATGCTTATGAGCCAATGTTGTAAATTCGTCCAATTGTTGGCAGGGCAAATATGACTTCTGACTACCTACGAACCCGAGCCTCGAGACACCCCGCCGTGCGATGAAAACTTCGATTAAATCGAAAGGGATTCGATTGTCCACATAGGTCAGAGTAAGTCCAAACTTCCCCGTACTGCGAGCGGAGTGAAACCCTAAGCGTAACACCTTCCGGCACTTGTTTTAAAATCTAAGTTAAAGTCCAGGTAGTTCCTGACGAAGCTAATTGCTACATAACGATTCGTACGCTACAAGACGGTTTCAGACATGTACTTCGGTGGGACCAGGCCCTGTGAGGGCAGAACAGAACGCCATTTATACTGAGCGTAAGAATAATGAGCATCGTTCCAAGTGGCGGGGATCTTGCCGCTATGGCAGATCCCGCGCCATAGAGGCTATTGTTCGTCTTGTTTACTTGTTGACGCTCCGCATTGGTGCAGGAGAGGCCTGAAGGATATGGATTTGAGTCTACAGAAAAATAGCCCCCTGCCCCACATGATTGAGCACCAATGTGCGGTCTGAGCGAGTACCCACCTATTAACAAAACGTATTTGTACTTTTTCGCTATTGGATCATGGGAGGTTTCACACAAGCCGGCTTGGCCAATTGATAAGGTAACCGAAGGATGGGACTAGGAGGAAAACCGACGGCCCATCGGTTGGAGGTGTAGTTCGGCGGATAAAGTGCCCACGGTACCCTTGAATCAACTCAGCATGATGAGTCGATTTCTAAGCCCGGTTCACCACCAAGGCC,1843,48.35,Homo sapiens
SEQ_538803,GGATGCGATCTTTCTCTCGACCCACTGATAGACGAAGTGTACTCGCCGCCACCCAGATGCCGGCTATTAATGACGATAGTATGAGTCATGAATGAGCGATGGTCTAAGCGAGCTGGGAGCAGCAAGAGAGACGGCGCGCCTACGCCGTCCCGAAGTTGGCCACATAAGACATTAAGAATCAGATTCTGGTATTGAACGACCTTGTCGGACAGTTAGACGCCGCTCGCCCGCGATGCGAGAAATTGCAAAGTACGTATAAACTACCTTGTTCACTCCCGATGATACCTTCCAGAGATTCACGTCGAATACGAGGATGGTTGCGTTTAGTGATATTTTTCTTGTGGCATCTCACATCAGATAGAGTACCAAAGAGACTGAGTCATAGGGCATATAGCTGAAGGATAGAGCACAAGTAGACGGCGGGGCTCAGTCTGGCAACGAAAGCGTCGTTACAAGATATTAGAGTCCTGGGTTTACACCTGTTCAAACCGAATGACGACGCAGCATCAGTGCCCCCCACGCTCCTGACCAGTGGGTGGTAGGGATCAGGAGAGGATCGTGATTACATCGCCGACACAGGACCATTTGCAATTCTATGGCGTCAGACTGAACTCTATCTCTGTCCCATCGACGCTTATAGATCGCTGTGTATCACAGCCGCATTCAAGTCAGAGGGGGAATCGATCCAACAAGGAGCTCGGCAATTCAGCCAACAATTATCCGGGTATCTTAGGGAGGGGGATAGCCATTATATTCGGAACCAGTACCGACACCATTACGGTGCCCATCCCTGATATGGCACTCTCCCGAAGTGCCTAAAAGTGTTTACTGCTATTCACCAAAACCTATATAATCTCCGCACTCTTAAGCCTGCATGGTGTTTTAGACTAATCTGTATCATGC,903,49.39,Mus musculus
SEQ_476224,GCCCGTATTACGCCAACAGGCGTGGTATGAGCTGGCATAGTCCGAAGCGCAATCTTTGTAGGAAACGGCGGCAGGTGGATTATGATACATAATGTCCTGCACAGGACACGAGCGAACTGAATCGAAGGCTGGGACATGAGCAAACCACTTGCTTTCGAGGCAATAAACATATGCATCAACGTCGGACCGTGTCCCATCAGACGGGGGGATAGCCGTCGCATGCTCATCGATAAGACGGTTGACAGTCGAACCCAAGGATTCGCTTGATGTTGTAGCTTTATCGTTCTCTAGTCGCTCGGGGAGGCACTCAAGTACGCCGGTGCCGTATACTAGCGCGGTGTCGGAAGATTCAGTGGCCTGAAAAAGCATGCGTGGGCCTACAAAGTATTATTAGCGGCGTAAAACCTGGCGTGGACTTCTTATTACCCTGTAATGGGAGGTTGAATCAGCAAGAAGATCAGTCATGGCCTGGACCCACCCGCGCGCTTGCCTAAATTGCCTGTGTATTAGCGTATTTTCTTGCGCACAACTACGCCATCTTTCTGAAGGTATACTAAGTAGAACTGGTCGTGTCAAATCTACTGAATGGTGTTTGGGTCGGTTGGAAATATAGGTACTTTAACGCTCGCTAACAGCATCGGCGCGCGGGCCATACTAGTCTGAAGCCGCGACCTGAATTTGTAGGCTGCGACAAGGATACCGCGTTAGGTCTTCAGCTTGCAGCAACATTTGCGTGGACACTCGGCACCACCGCTGTGTAACAGTGCCGCGTCATGAACACCGCCTAGGCGATACATGGGCACAAATGCCAGTCCTGATGCCTCATGCTTAGCACTACCTTAGTGGATTTTAGCCGGGCCC,861,51.8,Arabidopsis thaliana
SEQ_605853,CAGCGCTCAATCATCAAAAAGATTGATTTATGCCCTTTGCGGTGAAATCTTCGACTTCATGCGGGGTGGCTCATTGTAACCCCGATCGAGGCCCTCAAATAATGATCAGCTAGGAAAAGCAGCCTGCTTGCACCGTGATATTTATCACAACAACTATCCAGAAATAATGCTCTGTCGCTCTATTGGCCACATACTGCTCCCTAAGGAGTAGTCATCCACGATGGGGGGCACATCCTAAAGGACAGAAGCGTGGTCCTTGACGCTGCGGCGACTGAATTGGTTCCGGCCAGGGGCAAGCATGAGCTGCCGACAAAGGAGATTGAATCATCACGACAGCTAGTCTAGTGCCTGTGCAAGTCGTTCAGATGTGAGCACTAGTACTATTAAACCACACGGCCAATGTCTGGATGCCGAGGGGAGCACCAGCCGAGGCAGGTCTACCCCTAAAATGACCGTCCGCGTGGAGGAAGTGTGGGATATCTCCGAAATTATAAACTTCCGTAGAAGTTACCATTCATTAAATATGAGAGCTTCTAGGTGAGTATGAGAGGATGACTTTAGTCGTTGATAAATGGATGTCGACAGTCGTTATATATGCATGTAAAATATAGTGGTCTGCGGAAGCTCAAGTTCACAACGGTAGCACTACGCCTGCGGTGCG,661,48.56,Saccharomyces cerevisiae
SEQ_775472,CGTTGACAACTATTGTAGCAAATCTTATAGATAATTGCAGTCCCATGTGGCCCATGGACTAGAACCAAAACAAGTGCACCGGTGTGGCCCTAAATCGGTGCCTGAGATTTATCCCTGGAGGCGACTTAACATGCATGGACCTTGAAGAGCTATTAAGACTTACTAGTGTAGAACACATTTGAAATATTTGGGCAGCCATCAATTAAGTCGAGGTCGTCCGGACCACACTTGTCGTCAGGGTGGATTTGTGTAACTTCTGTTGGTGCACCAGCAAGAGTCTTCCCTAGAGGTAGTGGCATTTGCCAATGAAGTTTTTCTAAGTGTGCCCGTGCCCAGTATCCAGACTTTTAGGCTTGACCCGGGTTCCAAGTTGCGGCGGTGAATCTTTTAGCAGATTGATAACTCTGCACGGTGTTATACTGATAAGCACGCGCGTCGCAAAAGGGACCCACCAAGTCCGCAGTGGGATACGGTTACTGCAAGATTGTATCCAGCAAGTGTATTAGAGTTGCCGCGGTCAGCACATGATAATTCGTGCCCTGAAGTCAGTACAGTTAGAAGTGAATCTTTTCAGGGGGTCCATACCTACACAATCCAG,598,47.32,Drosophila melanogaster
SEQ_260104,CATCTTGGGCTATCCCGGACGTGTTCGATCACAAGGGGTGAAAACCGAGACAGGCTTGCGAGATTTAAGGTTACAAATTAGGTAACATTGTGCCTCGTAAACATTCTCCCCGACTCGGGCCCCAACGTACGGTCGTATTTCGAAAACGAGGCACCGGTCATGTGCACTGACGACATCCCGCACATGTGGTGTATGAGCCCAGACCCGAACACGCTACATCGGACGACGGATTACCACCACATCATTAGATTTGCGGTCGATGTT,264,51.89,Caenorhabditis elegans
SEQ_295595,TATCTCACCTTCCCGGACAAGCTTCAGGAGATCCTTACCCTCAAGAATCCTCTGACTCGCCACTCATGCTGTTAAAGGCAGACGTCTCAACAATTCTGGAAGCACTGTTACAATGCGCTTGTTTAGAGGAGACACGTCCCATATCAGCAGGCCCATTAACGCATCTTTTGTCAGTCCTCCCTAGGGGAATCGTCCCCAAATACATGCGCTGGCAAGGGGCGCTTCGTGATCATGACTAGACCTCGCCGCTGGGTTGCCTACGAGAGTTATAGGTGTTCTGGCTTAGTACGGAACATAATTTCCACTGCGTTCGTACGGTGCCCAGTGTAGATGGGAAGTATACACACGGTAATTACGAATCTGCCATCTTTGACCCCCTTGAAAATCCGTAATGTGTGCGTCGCCTCCCGTTTGCATTGATTGTTGTCGTAACGCCATTCTGCTCTGCGATGCACTGAACTACGCCAAGAAGTAGGAATAGTATTGTATCAACCATTTGGGACCCTCGGCCAATTTCTATAATTGGTCAACGTCCGTCCAGTCGGGACTAAGCATAAGATCATCAAAGCGCACCCCGCTCACATGGGAGTCAATCAACGCTGCGCCTCCGCTGGCATTATCTGACATTCCCTTAGCGAAGCTAATAACTGGCTGAGTCCGTATTTTTCTATAGATCCATTTCGTAGTGCTCTATATGGCTATGTTAGTGCCTCTTAGCGATGCATGACGGTCTAGGGCTAGGACGTTACGTATCAGCCGGGTGCAGACATACACAACATGCTACACCGCTAAATAAGGAGGCTATCGGGACATCGATCTAGTGTGGGGAACGACGACCAGGTTGTTAAATGACGATGCCTGGTATTGGACTGGAGCAGGGGCACCGACTAACTCGCGTCTCGCGTCGAGTCTCGCTGTATAACTGTAACCTCCCGCCCAACAACCTTATTCGATTCGCGAGAGGCGACATTTGATACTTGCTGCGGTGTTGTCGGGCACGTGGGTGGCTCTGGCACACGCAGACTGGCGGATCATAGGATTGGATTACAGAAGGCCAGGCATGTCAAGCTAGGCATTTTCTTTCCGTGTGCTCAATCTGTAAAAGTTTCGGAGCTCACTCTAAATCATACCGCCCTTAAGCTAACTGGATACGATTTTGGGAGCCGTGGCGCTAGGTGCCCTATACAAGAAGGAGTTAAACGGATGTCCGGGTACCTTAGGTGCGGCTTCTAAGTAGCAGCTAACCACTAACACCGGTGCCGTCTTACATTCGATCATGAATTGATAATCCGCCCCTCTGCTACAGCCCTTAAGAAAGATTAGAGACCCATCAGTGCAGATTAGTTTTGTCCTGACATCACTATTAAAGGAAACGTAAGAATATCTGATTCTCCGTGACTTTGGACACAGTATGTAGAGCGCATGTAGACTTTCAAGGTTGAGTGCGTAGGGAGTGGTCGCCATGTCGGGAGTAACCACCACGTCGGGTGGGGTGATGCGGGACCCGAGTAAACATGTTGGTTTTGGAAAGGAGGTTCTACAAGATTTCTACTAGTTTGCTAACCTCAAATTTATCGTGTTTCTCCTAATCACATAAAGCCAACCTTGTCTGATTCGAAGACTCTATGGACGTCCATCCGCACAAAAGAGAGTTGAGGGCAGAACAGTCCGAGGGAGACGGACGTACCTATACTCCGTAGCAAGGTGGAAAGAAATCGATCAAGACTTCAAGTAGCCTGACGGTACATAAGGATTAACTTACGGCAAATGTAAATCTCACACTCCAGTCTGAGTGACTATCCGGCATTTGAAACACGCAGAAATTTGCTTCGGACGTGCAGTGCCTAGAAGGGGTACTTAAATCGTGCGCTTAGATCCGAGAGATTGTCGGTCGATCCCTGCCAGTTACGACTCATTATACAGAACTTAGGCCAGGTTAAAGGACAT,1947,48.79,Drosophila melanogaster
SEQ_941369,CGCGGGACATAGATAAGGAAACTGTGATACGAACATATCCAGTGGGACTGCCGTAGTGCGAGTAGTCCTTAAGGTGTAAGGAGTCCGATCGCCTTGGTGCACATCTCCTCAGTTTAGGTTCCCAGAATGTATCGAGGTGCGGATGTGAAAAAGGGTCGATTTATGGTTGTCGCAGGCCGATTATCCTACCGCAAACTTATACTACGTACACTCGTGACGTGGGGTATGCAGCTAGGGGTCAAGCGTCCTCTGCGAAGGAATATCCTGGCTCATCACGAGGTGCTAGAGCTAGGGGCCACGACAAATAATGCAAATATAACAGGATGTAACGTGGCTTGAACGGAACCCAGGGTGGTCCCAATATAAAACGTCAGTACTATCTTCGCTGGCTAATATAGCCTTGACGTGTTCTCCCGACAGCCGGGCACTACTTTGACCCTCTATGTCCACTCAGCGGTAATGATAATAAGGCTTTGCTCGAGCTTAGGTACGATATAACAAGAGCACTCTGGGCTACTGGATGTCAGGATGCACCGACCGGGGATCTGCCTGATGAGTTCCACTGTAAGGCTTTGCGGTTCAGTGGAGTCGAGGTTTTCGGTGTGACCGTGTTGATCCGACTTACATGTGGATAGCATTCCCCATCTCCCGCCGTCCGCGTTGCCATTAACTCACCTTGCGGGGCAAGGGGCTTTTTCCTTCAATTGACCTTACCCTCATTATATTTATCCAGAGAGTAGGCGATGTCCAGTATGTTGGGAAGCTTGACAACCTGAAGAACCCCACCCGGCTTTTGGGAACCTGCGACGCCCGACACCCCAAGCGGCTCTTACAAGAAGTAACATCTATACGAGACGCTGTGATGATTAGTTCCCGGCCCGTCACGTATACTCACAACCGCGAGTGAAAGTAGGTGTATGGGATGGGGGGGCTGCCGCACAGAGCACTGGTGGCTTCCACAGGCACCGTTACCGGGGGATTATACTCACAGAGGTGGGGTTGCGCGAGGGTCGGGTAGGAAGGCGGTGCAGATACGGCGCTGTCGTATCAGCAACATATAGATTCTAAGTCCATGTGATCACGACTTCGACGCTTAGGAAGTGGTGTCGGATAATGTCTCCTCACACGCTCGGATCGGGTAACGGTAACCGAAGTGTGTACTCACGCGAGCTTCAAGGCTTTCAGTGCTACATTGTGATGTGAATAAGTGTGTTCACCCCAGAGCATGCGGTGTGCACATAGTGCACCCATTGTACCATGTCAGACGTGCGCACTCCGATAGTTAGCGGAAAGAAATCGATTTTCCAACGCCCGTCCTTTCAGGATCGAACATGATTCGCAACTCTCAGTAACTCGCCCAAAGTCACGGGTGAGCGATTGGCCGTGAGTAGAATGAGAAGGACTTCCAGGTAGCAACAGGTCTTGCTAATCTGCAGCTAGCTTCATGTAGGCAAATGACTAGCTGCCGGGGCCAATGGTTGCCCGGTCGCCGGACTCGCTCACTTCACTCGTCCATCACAGCTGACCGATCTGACATGTTGAATAGGATCCATCTTATTAAACGCGCTGGCGGAGTGCTATAGGGCGGGGGATCTAATTTTCCTTCGACTCTCCCCTAAAGTGGGTAATGGATGCGTGACCCCTGCGTAACTTGGAGGCGGCCTGGTAACTCGATTAAGCGCCTCTAGATACTCCATGGAGTTTATATAAGTGGGGCCACGGGTCACGCCCTTCTGAACATCTTGACGCGTCTGTCCTAAAACGTGCAGTCTGTGGGTATCCAACGAAGCCCGGGTGAATGTCGCAATGGCATAACTGCGGTTATCCGCAGAGATCGCATGTGGGCCCGTTCGCTGATGGGCCAACCCGCACGGGCCTTAATATGATTAAAGCGTCCTTCGTCCGTTTTGTATTCCCGAGCAGTAATGAACTGAGCCCGAATCCTTACTATGAGGTAGTCAAGAACCCCGTCCTCAAACAAACACAGGAGCTTCGTACAT,2000,52.05,Arabidopsis thaliana
SEQ_720190,CTACTAATTTCGGCACATGGCCGAGCGAGGGAGTTGAGCACGCCGGGGCTCAGCCACATCGGCAATTTCAAGGCCCTGTCACGTGCTTACGCGCCTGAAACTCCACTAGGGCTGCTCGGGCCTCCCAGGGGCGACGAGTAGGCGCTAATAATTGTCTTCATCTTATTGTCCGTAATGCTGTGTAATATCATTGTATGCTCTGCCCTATGGGTTGACACCCTTACGAACCATTAATATACCCGCCGTACGCCCCCCTACGTTCTGAGATCTCAGGAGGCCTCTCCCCAGCGACTTGGTCCAGGAGAGTGGTACTCGGAGGGTGGGGGACATCAGGGGCGGGAGTCCCGACGTTCAGGGGACCCCCAGGGGCTTAGCAGTACTTCGCCCAGGTCGCCTGAGTCACCTATCCTTACAACGTCCGCGCAGACCAGAACGGCAAATCATACAACGACGATGCTGGAACTACCCTATAAACAGAAGGTTTCAATCTCGACTGAACCATTAACCTATCCGTACGCTGGGATGCAACCTCGAAATAATTATATAGTGCTGACTCCCATCTAGCTATCACTAATATCCCGGTTCGTCTCGACTGAGATAAGGCATGGCTGGTACGCCCGTTCTGATAGCAGTGTCAGCCACGTCACATATTTCCACACGGCTCTCCGATCTAGGCCTCTTACTAGAGCCGATGATCGTCGAAGTGGTATCCTGCAGTCCTTGCATACTCGAGCTTTGCGACTAAATGTAGCTGCTTTTCTGCACTATGGTGCAGCAAAAAAGGATG,787,53.24,Saccharomyces cerevisiae
SEQ_109574,TCTGAAAAGGACCGGCCTAAGGTCATATATGCCGCGGATGGTTTTCCGTCAGCGTAGGTGGACGTCATTTAGCTCGTTTTACTGAATCCGTTGGAAGCTAACAATAGAAAGAACTGAGCGGCGTTCTCTCACACGGCCCGTTAACCCTTGAGTCGACCGTATGTGGGGAGATCGCTGCTTCTCTTTCATCGCCATCTGGTGATGAGGTCTTCATCCAACGGACTTCAATTATGAGACGCAACAATGTATTAATAGATGGTAGGTTGACATCTAGCACATTCTTTCGTACGAATGCGACTTAGTATAAGATTCGTGGTCTGTCTGTAGACCCTCGTACAGTCAGCTTGCTACCTTTTACTCCAACTCGGACGGAGCGCTTCGGTTGACTACAGTAGGAGCGCATGATACCAAGTCAGCAGGGATAGTGCCAATTGTCAGTGGCATGTTAA,449,47.88,Caenorhabditis elegans
SEQ_699834,AAGCCGACGCTTCCCAGTCGGCCTTGTGTGATGTAAAACCCAGCATAATACACCGTAGCCCTCCGGTAAGGCGAGACCACACGACGGTTGTACGGACTTGACGTGATTCTAACTAGTTGGTTGCTTTTTACAATACGGATTTGTCCGAAGTATGGTTTTCCATTTCTGCACGCGCCCCCCCAAAATGTGGCTATTGCGAAGATGCGATTA,210,49.52,Saccharomyces cerevisiae
SEQ_780474,TCACGCTTGTATTAGTATGGTGGATCCGTAACTCAACTCCTTGTGATCTTCTTAGTGCACAAACTGGAATCTTAGGTTAGTCTATTACAGCGTGCGCTTATGCTTTTATATCGCTGGCGCCGTCAACGTCTGCATTCCACCCCTTTCATAATAAGGGGGACCGAAACCTGTCTACAGAAGTCTGGGTAGCGTGCCTGCATGTGAGTCTTTTGATTTGATTCTCGTACCGGTGAAGAGCACCTCCTGGTGCGTTAGTGCCTCCTACGGCGACGTGTTTTCTATACGTCCGCCTTTCTGGCAGCCACAAAGGCGGCGAGGCGGGGCCGCCACCCCATAAGTACGACGCATTCCGACCCATATCCGA,364,51.65,Homo sapiens
SEQ_344505,AGTGGGGCCCGACACTGGAAAACCAAATTCCTCGGCGTGAATCGTCCTACCGACCCGCCAAGGTGTCGAGACGAATCGGATCCCAGACAAACGTATAGGACCTGGCGTACATACCAACCGAGTGTTAAAAGTCACACCTCTAAGTCGCACATGCGCTTTGCCGACATCCTC,171,54.39,Arabidopsis thaliana
SEQ_417382,CAGAACTCGGATATCCTTTCCGGAGTGATTCAAAGACCAAAGTCGAGACGTTGTACCCCGGAGTTCTCATAGAAGCGGGTTCATAGATCGGAATCAATAACCCCCCTAAGCGCAGAGTAATCTCGTCACAGCTACAGACATGTGATGCTCACCTTATATTGGGCTCATCCAACAGTTGATGAGGTATGTCACTAACACAATACCTCGGGGGGCATACAGGGGGTAAGAATCCCGCTTGGCAGTATGCCTAAGTAGAGTTGGTCCAAATATCCCCGTGACAAGCCATTCACGAAGACCACTCGAAGCGTTCAGGTTCATATAATGAAACTGACGTCTAAATTGACAAGGACTCACCATTGCCCAACTCACACGGGATTTAGTCGGGACTCCTGGTCAGATGAAGCGAGCAAAACGTGTTTTAAAGCTATAGGATTAACCCGGCCGGTCGCGTTCCATCGGGAACTGGAGGAAAGGGAAGGTCTTGCTACAAGGCGACCTTGTTGCTGGTACATGTGCGCCTTAGTGCCGATTGAAACGGCAACTCTTCAGTAAACGCGGCGGTGTCGGGCCGAACAGTCCACCACGGGCAGGTCACCAGTTCGCTCATTAGGGAAGCAGCAGCTTTATAGGGGTGGCTCGTATGCAGATCGTGCAGCCCGTTAGGCCTGGAGTCAAACGAGTGACTTGAACCCTTGGTTGTCACAGATCGAATGACCGCACCGCAGTCCGACGCATAAATTCTTTAGAGCTTGTAGGTTCTAGGCGACCAGAGAGGTCAATGGGCCTCTCTCTTGCGGAGGTATTCGCGCCGTTACATTCTGACACTGATAGATCCACCGAACAAGATTCGTGTTTGGCCTGAGAGCTGGCAACAGAGTATTCGAATGGCATCGCTCGGGTCGGGTAGCGAAGCCCAGTTTCGCGCGGAATCGTTAATTGCTTGCATCAGCGAAGATACTTAGTCCGGAGCAGACTGCTTGAGAATCGCGGGGGCAAGCGGACCGAAGTAGTTCCGCCGGTCAGCATCTCGAGTGCCTCGTCCGGTGTACCCTTTACTACCCCTGTGTGAGTAGCCGTATACAGGGTAATTGGTGTTCCTGGCTATGCCTAAGGCTCATTAGCCTGTGTTACAGGCAGATTACCTGTCCCCGGAGAGAAGGGGGGCTAACAGAATGGGCACTAGGCCTAGGCTGCCTATCCTCGCTAGTAAGCTGTGGGCGTTGTGGTCACGTCAACACGACGATTTCCGTTCATCAAGGCTTCGATCAAAGTAAGTAGTGCAAGAGGCGTCATGTCCCCACGATGGCGGGCATCGCTGCGGCTTCAATTCCCGCGCGTATCAAACGATATTACTGTGACATTTCGCACGGCCGCCGCAATATTTTACAGCCGAACCCGGGCAACGACTCACGTCCCGTTTATGAAGAACCGTTGTAAGCTCATTCTCACAATCGCCTAGCGCGTATGGCTTAAGTACAGGTATATACATTAGTATTACTTAACCAATCTCTCCAGACTGGACCTTCCTGGCCAAGTCTGATTAGCGGGGTGAGCTTTATATAACTATGGGCAGGAGATGGCGGCGATCGAAGTTTCATAGGGTAATTGTCATACCGACTCTATACCTTTGCCGGTGTAGCCTAACCCATCTGGGTTCTATTACTCGCCATGGAAGTTGTTCTGGTCACCTGGGCCGACAGTCCAAGGCTCGGTAGTCCCATAGGGCGCCCATACACCTTACTCCTTGGAGCCGGAAATTACGGGAGGGTGCCACCACGTTAGCAAATGCATGCGCCTCTTCTGCCTCGTCTTAAATAATCCGCAAAGGCAACAGATAGATTGTGCATTTGCCTAGACCCGGAATTTGTTCGGCCGCCTACGACATTCCTAGTGGCATTCCATCCATGGGAATCGATCACGCCGGTTTCGAATGTAGAGAACACTTTTCAGAGAACTGGGCCGAGGTAAGACAAATTTATCAGACTATTCAGGCGTCAA,1998,51.55,Homo sapiens
SEQ_205379,CTGTGCGCAGATCGGCTCTGAGATCACGACGCCACCTACGGACTTCGGTCATATGGGATGTTGCCGTAGTTGGGACACGTTGCCTGCGTCATAAAGGTATGTTAGAATCTATAATATGGCCACGGCTCTTCATTCACGACGCGCCATAGCAGTGCCGCATCATAGCTGGCCCCTGCCTGTGTATAAGCGCGGAGCTCTGACTGGAGCACGCTAATATGATAGTTCTAACGTGAGGCGCTCGACTTTGAACCTTCGGAGCAAAGTGCGACTAGCTCGGTATGTGGTAAGGCAGGAACGTATAATAATGGGATGTACAAGACCGGAGACCCCTTGCCGGACCGGATTGCAGTTGGGCATACGCCCCGGACAGGGGAAAGATACAGTCTCTTCACGATATTGATTGTGAACGGCATGGGGGGCATGCCGAGGTCACGATGTCACATCGAGGTATCGCAAATGTCAATGTGCTGAAGCCGTACATCCGGGGAGTTCATGGACCTACTTTCCAAGGTTCTCATCTAGTTCTTTATCCTCGCGGACCACTATGTCGCCTGGGTTGAGAAAGACGGCCGTGCCTAGGTGAGCGCGCTGTGAAAGATGCTGCTTCGACTTCCGTTAACGGCTGAAGTGGGCTCCACGACACGCTTGGCGGGCCAGTAAATCTCTCAGAACTGACCCATGGGGATTGCTTTGGGACTGGCTACAGGCGTGCGGCTGGGCGTGCGGCACCTCATAACCCTATCTTGAAATACGAGGGCAACAACGAGTTACCTAAACGTGGCCACCTCCGATGGTGGTACCGTCTCTCTCGTATTAAACTCATTAATGATGCGGAAAGGAAATGAGATGTAAGCCCCCGGACAGGGATTAGGACCCTCCAGGCCTAAGCGCCTTCACCTGCTAAGAATATACATCTACCCATATACCTCCGATTTGAATTCAGCTACTGTGGGTGTGCACAGAATCTTCCGCTTAAGTACGTAAAGTGGGTCGGTCTTATTTAGTGGTAGACCTGCCTGGCGACCGCGAAGTATAGCCAGTCGCGCGAGCGCGCCCATTGGGGCTAATGAAATACCTGCCTTACAATCGAGTCCCCCCTTCAATTCATTATAGCTTACAATCTTTTATTTACGTGGGAGAACAGTCCATAGCCACCCGAAAAGAGTGTTCGCCCGATATCCGCACTAAATTTGTCGGAATATGAAGTAGCTAAATATCGCACATAATCCGCTCATTATTCACGCAGCGTCGTTACCGGTGTTACGCTCGCAACCCAGCCCATCCGTGAGGCACCCCGTAAGTATCTCAATCATACTCGGATGGCCTGACAGGTTGTAGTTGTGGTCTGCCCCTTTGAGGCCAAATATGAATGGTGCTCCGGGATAGAAGCAGTTTAAGATCACTCCTCGCCATGGACGCTCTTCTATCACAAGAATCTAATTGTAATGGGGCCCCCGATTGCCGTAACGTGCTTCAAAGACGACAACTTTGTCGTTTTGCTAATTGACGGTCTCAAATGCGTCGCTAGTACCAGGCTATTTTGGCAGGCCAATATGGTCCAAACATAGTATCCAGCGGCAGACTAAATTGAACACCCTCCTTGCAATACCAAGTGAAGTCAGTTGCTAGATGACAGTTCATATTGACCGGCTACGCCGTCCCCGCAATAGCGAGACGTTCTCCGCTGCGCGATTCGACTCAATAGTAACGCATTTCTTCCGAACTATATCGCGTATCCTTTTGGGAATTGAAATAGCCCAGCGAAATGCACGTAATAGTTACGGTATGCTCTTTCACGCTAGATTACTCGCCTGTGA,1817,50.8,Saccharomyces cerevisiae
SEQ_708120,AGACTATCATGTCATCCCCCGTCGTAACCTTTGTAAAAATTTCTGATCGTGACTTATGTAACCTCTGAGCCCCCGGAAGATCTGTCAAAATTGAAGATTGTCGCTGAGCTGAATGAAAAAGCGTTACAACAATATGCGTCAAGTATTCGACTCTTGAGTACTCACTCTTCGTAAGGAGGTGTCCTGCTCGCTCAACGGAGGGAATATAATGAGATCAATAGACGCCAGTCTGCGACAGGAGTCACCTCGACCGTATATACCCGAAAGGGGCCAGAAAAGTTGCAACGATCAAATAGCCTGGGCTAAGTCCGGAGTCAATCTACGCACTTGCTTATCGGCGTTTATTTCGCGCATGCATTGGAGCCTATCTGATCGGGACTGTGGATGACAAGTTAACGACAATAGGCTTTCTGCTCGTTCGAGTATAAAGTGTTTGAAACCCGCTCACGCAGCACCCAGTTTACACTATATTGCGCACCCATTGGCAAGAAGGTGCTAGGAGCTCCTTCGGAGTCCGCCAGCTCCTCAGGGAACGCTCTATGTACCCTCTACCAGACTCAAAGCTCCTGGTTGATGTCACCCCCAGAGCAAGCGCATGATTTAAAGGTACTGGTTGGTCCATGTTTCGTTCGGATTCTAAGAACGGTAAGATCGGTAATGATCTTATTCCCCTGTAAGAGCCCCCGGGCTTTTGACACCCCGCCCAACTTATGATGATAGTAGAGTTGCGAATCTTTAGTCCCAGAAGCCAGCAAATTATTGCTGGGCTTTCGCACGTCAAATTTCACTACTTCACTTTGTATTAACGTGCAAACCGAATAATGCGAGGGACAGGAGGCTTAACATCTCCCATAGACTCGTTCAACAACGTTCCCGGTCACAACTGGACGCCCTCTGTGTGACTACCTCACAGACCGCGTGGAGACCCTGCCGTTAACAAGCGCGAATAGAGTTCCCCGAGTAATCTTTTTACAGTCCCTGAAACTTTCGGGAAGCGGAATAAGAGCCAAAGGCACGCTGTGTATTTCCTGCTTGTGGGGTACGTATTGGCGTCGCGGACTTTAGTCCATCCATGCTGAACCGCGCAGGGTAATTAGTCTTGGTCTTTCAAGGTCTGCACTGTACACAAGTGTCTTACAGGTAAGCGGTAAAATACATCACGAGGGGACACCCCATTCGCTTAACGGCTTGAGCATCGCTAACTCCGAATTATAGTACTGAAGGATTCTTAAACTTCCTGGACACACGTCTTCTAGGCACATAGGTACCTCTCGTGGCATCTGCTTCTTTAGTTTGGTCACAGGTGTTCTTCTTGTATGAATGTTGAGAGTCTCTAACGAGCCCGAGAAATTCATGGCCCCGGATAAGGGCTTCTGTAAGCCAACTTTTTCACTGCGTGGGCTCAGTCTTACGTTTAACGCAGACAAAACGCTTTAGGGATTGCTGCAGTGAAATTGACATCAAATCAGGAAAATGATGACCCTGAAGTCGCTCATTGGATCAAAAACAGACAGGCAATCTCACAGCTAGATATTCCGAACTAAGACATGAGCACTAATGCC,1562,47.7,Saccharomyces cerevisiae
SEQ_243065,TTCGCAGCCGATCCACAAACCAATAACTGCGTTTCTCCCCTATGAGCGCCATAACATGGGGGTCGCGTAGTTTATAGCTTCGCGTTGCTTTCTCGAGGGATGCTTGGTGGAAGGTATAGACCTCTTCGGTCGATGAACGCGTATTACGGCCGTAGGACAGTGTACCGCTTTATGTGCTGGAATACGCCGAGGGGCGCTGTCGTTACGACATTCAGGTCTTACCGCTCTGTCAAGCCGGTACTTCGCATTGCGTACCCGGGCTACAAACCAGCGGTCACGTATGAGCAGGGGTGTTCTGCTAACATCCTGCAATCAAGACTATAGTAAGGGGGGCCCGGGCGTGTACGCCGGATAACGACGTAGGCTTTCAGTATCCCATTCACTCAAAACTGGGGATTTCAGGCCCACTCTGGTGTGGTGCCATGGGTCAGCCCGTCTCATGCTCGGCTGCCATTGTCAAGACCGAGATGTAGCATGATTCGACGCGCACTTCAAGATCCTCGGCTTTTAGACGGGACGAGGGACTCGGCACGGAAGCGTAACGAAAATTTCATGACGACGACGCTGATCTGAGCCTGGATTCTTCAGGTACGGCGCTTACAATATGGCTTTTTCATTGTTAGCCAACTCGTGTTTGCCAGCTCGTTTATTGCGATACCTTCGCCAACATAATAGGCCTGGAGCTCGAGGGGAAAGTTGGACGGTTTGGATCTACATTACGTTTTAAGGAGCTAAAGGACCCTTAAGCAGTAGTTAGATCCGTCATTCAGCGATATGAATAGAGAATGGTTTCGTACGCAGCCTTATGGATCGCAGTAATGATGGCAGATAGTACAAGCACACGGGTCCTCCTACCTTATTCCCGACGAGATAGCTGCTCCAACTTTACGATACCAAAATCCCGAGTCACTGCTTAACCTGGGCCTTAGCACATCCCCGGCTCTCATGCAGACATTATCTCATTAAGAGTCGGATGGTCTCACGTATCAGAATCTCAATTCGGACGATGTAGTCAACACTACTATAATTCCCACACCGATGCGATCATGCGACTACACATCCCTTGATGACAATCCTCAGAATGGTTGAGATGTAAATCCAGGAGCTTATATAATCGACTTGGGCTAGGCCCCAGCCAGTGCACTTGTCAGGAAGTCACCGGAACGTGTCACCCAATCAATGTCTTGTTACGATAGGTCGCGTGCCGTGTCGAAATCTGAGGAGACATTCATATCAAGTCGAACCGCTCTGCAGTGTCCTGCGAGGTATAACTGTCGCCTGAGTTATCCGTCCCAGTC,1298,50.69,Caenorhabditis elegans
SEQ_866334,TGTAACAAGTAATGACGAACCTGGAGTCGCGGTCATATGGAACATATCCCATAGTGCCGAGGAATCCCTATCACTCTATTACGCTGGCGCCGGCATACCGAAGCATTGCTCATACCTTTTTGCAGTGCTCAGCCCGTTTGACTCATTAGATAAGTCAGAGGTGGAGTGGATTCGTTCTAGCAACATGAGGGTACTGCCGGGGTCAGCGGACAGCCCGAAATCGAATAAGCGCCTGCCGCAAGACTTTGAAGCTGGGACTGGCTAGACCATGCCCCAGCTTGTAAAAGTCCTCAACCAATTCTAGGTAATGATTCGCGATGTCCTATCTGAGTTCGGGACTGATAATGAAGGCAGCGCAGGGTCGCTAACTCTGACAAGCTAGCCCAGTAGAGGAGTAGCGTTTCGGTCCTTTCCTGACAGCCGCGCCACTCACTGCCCCGGAAATAATGCAACTCGGGGCTGATAGCCCCCGGTAGGGTTGGCGATAGGGATAACATCTGCTCGCGATGAAAAGACGAGATTGAAAACGTTAGTCGTTCCATCGATCCAGGGAT,554,51.99,Mus musculus
SEQ_297855,GCAATTCGCGGAGAGCGGGGGGGGCACAACCCCTAAACTACGGGCCTTAGTTGTGTGGCTCGTCGTGCGGGAAGCCAATGAATGGCGTAGTTACTACACTCGCACCCGGCACAGAATACTTGTACTCGCAAACCGACCCTCTGGTCTACACGCATTCCAGCGCGCCTAATGAGGGGAAATTACCTTAATGGCACCTCCTCATCTGGTCAAACCGATGATCCTGGGGAATCCCCGTAGTTATAGGCAGTCAGTGTCCCCCGAGAAATTCCAGTACATTGTCAGGCTGGCTTGCGCGGCGCTACGGAGATTTTCTGGCCTCCGATCCCATTTCAGCTACCGTAGCGCAACACAAGTCGCCTATCCAAACCGCACTCACGGCATACCGCTGAGGCGGGTCTGGGCACGGAGTGTTGCGCAGTAAGGCTCGCTAAATTCGGCTTCTTTTCTGTGACAACCGGAATACCCAAAGAACCACTTGCACGGGCTCGGATTGGACGAAAACTTTACCGAAACCGGTTCACCTTCCTCGACGTACAGGGGGGTGCCCTGGTCCTAAGGGGTAATGTTTGTGTGAGTGCTTTCTGGTAACTATAGGAATAAGAATTCCCGACGAGCGTAATAATAAGTGCAAAGCCTTAATTCTTTGGGTCTCACCTATGGTGCAGAGAAATTGCCCTCTGATCATGACGTAAGTAAAGGCGTTCTAAGAGTCAGGGATCGTAGAGTTCGGTCTGAGATTGTTTTATGTTTCGTGGCTTATATTTACTTCCGCTGACAGGCTCAATGATGCAACGTCGCGTTTGTGTTTAATGCATATGAGAATTATTGGCTACCCCTTTAAGCCTTCCTCCGACTATCAACAGTCGCGCTTTCTAGTCCCTAAAGGCAGGGCCGAGAGCGGTCTTCTCTTCCCTGTTCACACCACTCTGTTGTCGTCAAATCCTGATGCAGCACCTTTGGCTGTCGAATTGCAATGAGTGTTGCGTGTTGCCGAAGGTCGTAGTAGCGGTAGTATAGAGTATACTTCTAGGCCAAAAATCAAAACTTGATAAATAGGTCCGTCAAGGGATAGGGCCGCCTTTTGCCATGAGGCTCTGTCCAGTCGTGTTGATACACTAGCGTCACGAGTTAGGATGCTTGGTTGTTTCGGGCAAGAGCCTTATTCAACCGAAGCAGCAGGCGAATATAGTCGCCGCGGCTATACAACGAGAGCGCCGAATTATACTTAAGAATACTGCCGCAGGGCTATCATGAGTCGCCCGGCGTGGCCAGCTGTCCGTAAAGGGGTCGAGGCCATGAGGAGGAGTAGGGCACGTTGGAGATTCTTGGCGACCGTGTGGTCCAGGCCAGGTTCAATAGAATTTGCGGCAAAGAAGCGACGTCTATTGCCTTGAAATAACATAATCACGTCAATAATCACGGTTGCGCATGGTTAGGTTAGTGACCAGATAGAGGCGTTGTAAAGTTTTGAGACACTGAGCAGTGCCAGTAAGGCCATGGTGGATGTGAACCGCGCCGATACTTTCTGGTCGTATCTTGAGTTATATCAGCCTACGTCGACGAGGGAATTGTAGGAGGGAACTTAAAATCTTACCCCCTCTTGAGGCATTCTCTTTAGTATAAGCGCGGACTTACCTATTGTCTAGAGAGCGGTCGACAACTGGCTCAGGGAGATCCTCTCCTTAATTCCTTGAATATATGAACTCTATGCCAGGTTCACTTCTCGCAGATAAGCTTACTTCTCTAGAAAAGTGGCCGCCGAGATCCCAGCGGATCGCAGGCAATGGCTCTGACCGGCAACTCCCGACAGGCGCGTGTAACTGATCACATAGTAAAGTTTTTGGATATGAGTAATATGGAGTGCAGAAATCGAGGCAACGCACCAAGAACTTTACAGTTAGCTTGAGACTCTG,1913,50.24,Arabidopsis thaliana
SEQ_360463,CCACTCTGAAATTGAAAGGTGCAGCCTAACCTAGGCTCAATTAGCGTGTGTCCTTACTCTCGGGAGCTTCGCCGACTACCAGTTCACATGGTTCTTCCCTCGTCAATCAGTTTGGTTAGATCCCCAGATTAACCCGATAGAGCGGGTCTTCCAGGATTCCAGCAGCGGTCCTTATTTCCCAAGTGGGGGTCCGGCTCGATTCATATGTCGCCCAATCATCAGCGCACACCTCATCTAAGTGCGCTTGGCGAAACAGGTGGCTGTCTGTTTCGGCAAACTTAACGCAAATTGCAACCGCCTCGCGTGCCATCTAGACGCTTGAGGTAATCCAGTGTTAGCCTACAATCAGGACTATAGCTAACACATCACAATCGAAGAACCACACTTCTCTCTGAGGCATCTGTCGTACTATGAAGGGAATCTTCTCGTCACATCTAGGGATGTATGCTCTAGGGCGTTTTTGCTGTCTACCTTAGTTCGTGAATACATTCTGCTCGGCGGATTCGTATTTGATCGAGCCGGGTCACTAAACAGGAGCCCAGCAGCGGCGCCACCGGCTGTACAGGGGCCTGTTAGCAAAGTCTCAATAGAGGTAGTCAATATTTATTTGGCTTGGGTCCAATTTTCCGAAATGAACCCAGCAGGTCCTGTTATACTTCCGGTCAGACTCTTGTGTCACTCACAACCAGGGATGACTTCTCGGGTTTTCTTCAGGTTGTGGCCGCATGCGTCAGGTGAATCGATCTAGGGTCCGTCTCTGGAGGAGTAGTATAATTGATTGTTGCGCCCCGTTGCGCCTAGGCAGTTGCTGTACCTGTGCGTGAGCTGGTGAGAGTGAACGTCTCGTAAATTCTCACGCGCACATTTGATTTTGTGGAGATGTCGTTCGGGAGATTGTGCAGGTAGCTTGAACTGAGCTTTATACTCAATGTGATATCTACAACTCAGGGACTCAAAGCGCTCCACTCGGCTATGATGTGGACAAAAGGGCAGTCGTGCACTCGTAAAACGCCCTGACGCTGGTTCTATCGTTCCCAGGTGTAACTTAAGTTTAATGCGCCCCCCTTATTGCAGGTATACAAAACTCGTGTTAGGTACAAAAAATGCGAAACAGATCGTGATTCTTCTGTTGACTGATGTGCGTTAATGGGTCACTAGCAAGTTGCCGTGTAGGCGGAATGGACTTATATCGCCGGGTATCCGTAGCTATACTCGCTGGGAATTTCCCGTATCACCCATCCTCGCGTAGCCGTTTAATCACCTCATCCGGAGACTCCAAGCCGCATATGAGGCCAGAAGACTGCTAATCTGGACTCTTCCATTGATCAATCGCTGCGAGGCATGTATCGAGCAAAGCGATAGGCCTTTGCTTAGGCTTGGGATGGTGTGGAACGAGGTAGGAACCTACCACCTCTTGGCGTCATCAATGCCACTGTCATGTTGTTCCCGCGATCGGTTATATAGCCCATTTTTCGCACTTCAGATTGTTAGCGACCCATTTTAGCACTCTCCGGGTGAGCCACGGTGGCAATCGAAGTATTAAGTTTTAAATTTACCGAAGGCGGCTACGTTGGGAGTCTGCTTTGCTTACCTCCCTTTGTCGACGCCAGGTCCACCGGTCTCTGATCCACAATCGCTCTAGCTGGGAGCGCGAACTTATGCAGATTGGTTAATCCACTCAGTTCAGCGCAACTTGACAACTGGATAATGTACCATGACGACCGCTATCTGGAAGGTTCCTGGGGAGCCGCACGATAACAGTCCGGCCCGTGACTGAGTATCCTGCAGGACTCCGATGGCGTGAGTTGACATAGTTGAGCC,1821,50.36,Escherichia coli
SEQ_216420,CAGAACACAGGGCTCCCAACCGAGATATGACCATGGTGAATTTACAGACGTTCGTGTCCGTAGTGAGGGCATGGGCCTCGCGGAACTGGGTGTTGCGTAGTAGGCCATAAACAGTTCAATAAGCCTTCAGGTTTCGGATGACATAAGCCTAAGCGGAGCGGTTTGCCCAGGCTCGAGTGACTTTACACGTTAGGCAATACAAAACGCAACCAACTAAAGTGGATGTATACCCTGATGACTTTGCGTAGCAACACCGTAATAGCCACAGGCGTTGTTCAACTGCGAATGATCGGCTACCCACTCCTGTCCAACCATCGCTAAAGCACTTCTGCGTTTAGACCGGCATAGCATTTACCTTGTCAACCGAATTTAATAACCTTCGATAGGGGAATCATATGAGGAGTTACTCCCGCTCGATTTCTTCTAAATCGCTCGGCTTACCGGCGGTATTATGCTTAATTGGTCACATAGTGCAGTCTATCGCGGCGCCAGGTTTACGAGTATATGTTCATGAATCATGGCCGTGTGGCTAGGCGATATAATGCTTGAAGTCGTCTAGCTGCAAGTGGATCGCAGACGGTAATGCTCCCAGACTTCCCGACTAAATTCGAGGAGCGGACGTGATGTGATAGAGATAGCGATAGCCTGATTTACTCCTATCCAATTATACCGGTACGAGGGGACGTCGATTTGTTAGGTCCGACGGACGGAGATCAGTCACACATCCCAATGTGTCCCAGGCGGTCGATAGGTGTCGGCCCGGCATCTGCCCCCAACGTTACGCACGGACTGCACTCTTTGCACGTACGAGCTTGAGGTTTTCTTGATCCTAATAACACCCAACCTAAAGCATTTTCAGTTTTCAGCAGTCTGAGTGAGGGTAGGTGAAATGGGCTTTTGTCACAACGACCAATACACACCCTTGGCTGGGGTGCAAGCGACCAGATAGCCAGACGTTAAAAATACGGCGAACAAAGACGCATAACCTGGCTCTCTATCCACGTCCGGTATCCTTGTTGATACTATCCTCCAATCGAGTCTATACGTTTCCCACTGCGCTACGTGCTAAGAGAACTATGTAAAGCCATTAACAAGGGTCAACTTCATAGCGACTACATGCTCGGTCCAAGTAGTAAACCGTGCTACGTGTAAGTCTTAGCCCAAGGCGGTTATGATAACGGTTTACGCGGTCCCGAATTATTGGATGGGAAGAAGTTTTGCGGAGATTGCCACTATGTAC,1240,49.03,Arabidopsis thaliana
SEQ_847737,ATAGTACCTGGACCCAAACGAACCATAACCTTGTTCTGAGATAAGTTTCATAACAGTGGTGGTTCGTACGATGTGTCACCATGCCCGACGGGCCAGTGTTGGCCGATATGCCATACCGTCCTGCGTACGCACTGTGGAAGTAGCCATCATCTGCATTATCGAAGTTATCCGGTTACCCTGACATCTTCTCACACGTGTGGTTCTTCTCTGTTAGAGTGAGTTAGAGGCCACATCGAAGAAGCTCGGCTAGAAGAGGTTTAATTATCATACGCCTCTCCTACTTGACCAATAAACCAAACCACGTATCCAAGCGTGCACGAGGAATCCACGCGGTTCGAGGTATAAGCGGCGGTATACTCGTCATCATATCGCTGGGTGAATCCCATTAAGTGAAGCAGTTCGATTTTAATGCCAAAAGGCGGTTAGTCCCATACATCCCCACACACGAAAATCACGAAGTAATCTGGCCGGAGGACATTAAACGTGGACCAACGTGTTCTCGAGATACGGCTGATGCAACAGGTATTTGGAGAGTTCGGTACGTAAAGTTGCTCGCGACACATCAGGGACCACTCTGACGCTAGTAGAGCTCTGAACCCGACAGCGACCATAAGCATCGGTGGAGAAATGTTGGCATTTGAGGTGACTGAAGGCCACCAACTCCGGCGCCCTCTCCCAATATCCGGGGATAAGATAACCACAAATCCGGTAACACTCCGAGACTAGAGAATGAGCAGTGTAGCCGACGGTTTAGTTGTATAATTGTGGCGAGGTACACGCTGAGCTTCAAATGGGACTCGATTAAACTAGGTACCAGAAACAGACCCCTCCGTCCGCCTTTTTCACCGGGAAGCTGGTCGGATTCACCTCTATCTGGTAAAGTTACTCTCACATCGGTTAATAGCAGTGACGCCTAGTGTATCCGTTTCGTAATACGCTCCTTAATCTGCATAATCAACCGAAAGGTGGGGAAGGGTCCAGTAACTCGGCGGTCAATCGCATAGCCTCGTTGATGGAGTCCTGTTCAATTCTCGTGTGCCGAGATCAGCTAAAACTTTACCTTGTGCTCTGGTCTCAGCGTCGCCCGTCGACCAGTATCGGAAGCAGTAGGGAACCGAGAATTGCGATCTCT,1132,49.65,Homo sapiens
SEQ_433715,TGTATTTCGCTGCAGTGAAGGGGGGTTAAACCTAGGAGGAGACCGGCTTCGCTCCTGGAACACTATACCACCCACTGAACAGGTGATATATTCTCCAGTACGGGTCAAGACGTGGTTCCAGTCCAAGCGAATCTAGCGTCCGGAGACTAGAAAAGACGACCTCTGCCTTTTGGGTTTTCTAAATGCATATACGCCAGCGAGTCGGGCATCCCATCGAAAGGTCTAGTTTCTGGGAGGGCATTACGTTGTCGTCCATACTACCACTCTATAGGGTCCCGCCAGCCTCAACATCAAGTCTTTGGTAAGTCCCACCACACTCAACGAGCTTCGGTCGGGGAGCTATATTCTATCTAGGTGCTAGACCTGCACGCCGAGCACTGGGCGAGCTGCCTACGGGGAACTTTGCTACAAATGTCAAAAGATAGGTACGTAGACACATTTCTTAAGTTGGAATGACACGGTCACCCCACCTCGCATAGATTATGCATATCTCCCAAGGCTTATCGTCAGAAATCAAGCTGTATCAAGCTTCTCCGGTCGACCATGACGTACACGAGGTCCCTCAAGCACCACATCGACCGCATGATTTTGAAGGAGACTCTCCGAGACTCCCCCTCTCATCAAGCAGGCACGATAACCCGTGCC,645,51.47,Drosophila melanogaster
SEQ_740756,CAGGCATTTGTGGGTGGGCCAGGGTGCAAATAGCAGATACTCCTGTGTCGTCCACTCTGTCCAAAATTTTCTATTGATGAAGCGAGGCATCGGTCCCAAAGTTTTAGCTGCCCTGACTTTGGAATATGTATTGCAGCGTGAGCATGTAACTACGTAAGTGACTAGAAAGAGTGTCCACCATTCTTGTCGGATCCAAGCAAGTAGGGCAGGTCATGGGAATATAGTGTTGACTAAAGGTAAACGCACGGGAGGACTCGGTGTACTCGTCCACGCCATAAGGACAAAACCCAATATAATATATTGTATTGGACGGGTGGCGTGGTTTCAGCCATTGACCAAGAAATCATCGTATCCTGGCCTGGCTGGTCCTATTCGCATACCGTTTTTGTGACCGCGGCGTGACACACTTGCTATACGATCTCCTGGGTACCATAGCCGCAGTTATCCCTCTAGCCGCTGTGTTCTCTCAGAGTGACTGTTCGCGAATGAACCCGACCACTAGTGGTCACCTACGGTGACATGCGTCGCTAATCCAGCTCCTATACT,546,49.45,Caenorhabditis elegans
SEQ_930685,GTACCAGGCGTAACCTTCCAATCCCTCTCGTTCATCTTGGCAACCGGTAAATGGAACGATCGCCGGGTGCGGAAAAGAGCCCCGCCGAGGCACGCGCATCCCCCCGCAGGTAGTCCCTGCCTGCTAGGGCGAGTATACCGGTCCTCGCAGGGGTAGTAATTTACTGTAGTTTAGTCGCCTTTGTCCATCTGCCATTGACGCGTCCGGGCCTTATTTGCAGCTGATCCGACGAGCCTTCGCCCGATCAGAAATTTCCACTTGCGTTTCAACGATGAAGTGGTCTGCGCCGCCCCTAATAAAATACCGTTATAAAACCGCCTTCACGCTTGTATTCCAAGCGGAGGACACTCCGCCGAGACTCGTTCCTATGATCGGCGGTATGCCATGTCACTCGCGTTTTGTACGCCGGCGGGAATCGGACAAATTGCTCTGGCATCTCGGGGGGTCCCCTCGGATTGAGGGGCAGTACTGATCCGAGTAAGTATGGCTGTATCCACTTTCTTCGTTGATAGCACGCAACTCACCGGCTTTCGGATTTTATTAGCGAGCCCGCTGACATCGATTCGCAATCCAAACCTCTACGGGATATTTGCTAAGTGCTGGTCTCGAACCTTCTTTTGCGCCCGTTCGCACAGCTACTTTACCCAAGACAGATACCTTGATGTTGGCCCCCGCGCTGTGCAATCCCGTCGATTTGGGTCATTAGGCAGTAGGGCGTTGGTTCTGGTACACAGTGGAAGAGGTTTGGCTTCCAGAAAGACGGAAAATTAGTCGTAACCATTGGGGTTGGATTCCGAATGACAGAGCGGGGTCCAATGGCCCGTCTCTATAAGTATAATCTTCCTCGCCAACTAATAACCTCCCTCTTTGCCTTCGCTTGCCAGCAATGGGGTACTAACTGCGTTGCCTTGATTCACAAGGTGTGTTGGTAAGTCATAGCGGGGGGTCTCAGCCAAAAAACCCGCCTCGGGCTCGATAT,979,53.52,Drosophila melanogaster
SEQ_982655,CGGATAGTGCACGGTGGATTATCCCTTACGACCCAACCTCAGTAGGAAGGTAATCTAGAGATTCTACTGATAAATGTTCATCGGGGCTGAATATTTAACAAGAGAATCTGCGTATGCAGGGTCGACACTAGAGCAGAGGGAGCCTCGGACCTGGTGTTTGTTTGACAATCAACGAGTCAGCGTCATTGACCAGGATCACACTGTTGGGAACCGCCTTTCTCGCTGTTTACCTGTTTACTACTTCTGAACGACCGAGTAACGATTGAGTCATCAACAGGTTGTTAAATGGTCATCATGTAGCATACACTTATCATCACGGACACCGCTGGGACCGGGGTTTTGTCTATACCCGCATAGGTCTGTTTAAAGCGCTACTCGCAAGCGAACGTAGCTAGCGGATATCCGTCGAATCGCATAGGTCGAAACGGATACGAAGATCCACTGGTTGATACCTGCATCACCCAGAAACTGGGCTAACGATTAAAGCTCCGTAGTGCGGCAAATGGCCCAGCGAGAAACGTGGGGAAGGCATTCGCGGCCAGTTTCATGGTCCATGTTCCTGTGTGAGTTGTACATTCTCGAGGGTCGGATATTTCGGCAGCCGACATGTGACGCCAACCAAACTAGTAGGGGCAACACTGATGTGCACACCGTAGATTCCTCAACGTAGCCAAACGCGGCAGTGCGGCAACCCCCGTGCCGGGCACGCAGGCAACGAGTACCACGTCAGCAAGTGCACGTGTGTCTACAGCTCCACCGAGGCACGAGTCATATACGGCCACCACCGAGCTTGGGGACTAATCTACAGCGAAATGTGAAGACTCTCATACGCCTAA,836,51.44,Escherichia coli
SEQ_722288,CCGCATGTAATGGATCCTGGAAGTTGTTCATTGACGTACGGTACTTCTGACTGCATTGGCGTGCCACCATGGAGCCACGGTTGCGTTGGTGCAGCGTCTATCCAAACTTAACGCTTAACACACCAGTACAACGGACCCATTCCAAAGCTCTATCGAGTCCTTGGCGTGGGGGCAAGCGTGGCACGCCCTGCACGGGTCATTCGACCCTATGGGCTAGAAGTTAAACAATGACGTTGGTGATACGGCCCGTCCATA,255,53.73,Drosophila melanogaster
SEQ_367985,AGTGACTCTCAGGCATCAGAGTGATGGGAATCAGCAGCACAACGGAGAGGACGGTCCTACCCAAGAGGGCACTATACAAAGTTCCTTGACTAGCGCCAGACCCATCGGGTCTTAATACAGCCTCGTATTGGACGTTGCAGCCCCTCCCATATTGCCCCACGCTCTGCACGGTCTGTTCCGCCGCGAAGACCATCTCT,197,55.84,Drosophila melanogaster
SEQ_386723,TGGCGACGCCGGCGATTTTTATCAATACAGGGGTAGGTACGGACACTGGCTGAGCGATGCGTGTAGTCTGGGGCTTTAAGCCACACCAGATGGGCCAGTCGTCGTCTTCCCAGGTTCGGAAACCTTCCCACTAGAGAAGGATCGCTTACAAATGTCCAGGAGTGCATTACTTTGGTAATCGCGCTCCCTAGGCCAGTGCCACGGGCAAATCGCAGCGTGATAGGCCCACCAAGAAAGGTGTCCCACAGAATTTCTGCTGAGATGCCGTATACTATCGTCACGGAAGTAATGCCACAGGAAACCTGTACCTTGCTAAACACCACTTGGTGACCTCTCGCACGTATCCTCACCAACAGCGACGCGAGAGCTAAAGTGTAACCGACTGCGGCTGCCAGCCATCAAGGATCCTCCGGCCTCAATAGTGATCCTAGGCCCAGTTATGATCGGCACAGATGGGGATAGCCTCACTCATTAAAGAGCATCCCCGTTGCATAGTGATCCGCAGACTGTGTTTCTCACTGTGTATCAGCTGCACGTTGAGTTAGCAACCCTATAAATTAAATATCAGGCCGGTTATGTCCTTGCCAGGGGACCCGTCGGGGGAAAAAATTTTTGGAGAATTCGCGTTGTCATAATTATTTTTTTGCGGTTCTACATGTTATCCACCACGCTCCTGCACAGTTCAGGCTGTCGCCAAGCCGCGCGGCTCTAGAACGACATCTCCTCTCGTAATTGGCCGCAAAATGTAAAGACCGGCTTTGGCTCTGTACGATTCTCGTCAGAACGCGATCATCATCGTGTGACGACCTGCCCTCGTGGCACTCAAAGTCGGCGCAAGAAATGATCACGTTAGTCAAAGGACATAACCAGGACGCATAACCGTGGCACCATATACGAATGGGCGCTGGGCGCACGGGTGGACAATTCGTCTCAGTGGGCGTCTCTTACGTTCTGCTTTACGTGATCACCTAAATCTCACACCTCCTGCATGACCGTCGACTGCTCATTTCGATCCTCTGAGGTGGCAGATGCGTTGCCGGTATATCGGCTACTACTCGCGGCTGCCGGTCAGTCAAACATTATAGATGGAAAACCTAAACGGCTATGAGTGGCGCATGAATCGGGTTCAGCCTCAGGTCGACCCCCCCTTCTGTTCTTCAACGCGTCTTAAGACGGCGATATGTCTACGGCACCATGCCGTTACTGTTTGTTATATGGATTTTCCGACAAAATGACCCAGCCCGCAGAGGTAATAATGAGGCCGTGTATATAAAGTCCACCCCACGAAATAAGAAGGTTAACCAGGGACGGAACCAGTTTGTCCCTGAAACCTCCTCACCGTCTTAATATTTCCGCTTACGGTCGATAGCATCAACATTGAAAATTCGCTGTCACTGTGATCGCAGTCTTCTTGGCTCATTCCTTGTAAATTGTATTGAAGTTACCCAGTCTAATATTGGTAGCCTTATACTCGGGTAAAAATCAAGAGAGCCGATGTGGGTGTAAAGGACTGAAACTAGACCTAGTATAAGACACCCGAAGACG,1545,50.42,Caenorhabditis elegans
SEQ_107167,GTGGGCCTGCCGTCCCGTCCCATCCGTAGATCTCATAACTTAGCTTGGCTATCACTTTAGACAAGTAATCTCAAAAACAGCGAATCCGTCGTACCTCAGGCAGTGCGCGCTAAGTGGCCATCTACGTAGTTGCAGTTCTCTCGCCAACGGATGAATTGAGATCAATAGCCCTTAGCCAAATTGACATGAAAGATTTTCTGTGCTCAGATACTGCCGAGGTCGGTCAAAGTTAGACGTTAGTCCGCTACTTGAAAAGTGAGGTAAGAACCTTCCTCGGGAGGTGGCCGTCCGATAGACAGTTTTTTTAAGGGGGGAAGATATGTATACAGCACTGTCGTATTATCCCTGGAACTACGCCAAGCGCATGCGCCGTCAGCCGTTAAGACCAGTAAAAGGGACATTAAGAGCACCCCATTCAAGTCAGCGTACTTGTCAACGAAATTCAATCAAAGCCGCAGGAAAGAGCTCGCAGGCGTTCTATTCTGATCTTCCGCCGTACTCGACAGAAGATCGCCGATGACTTTATATAGGTCCCCGCTCGGAGGCGAAAGACCTTTTACCTTTCTATACCTACGATCATGACTCGCATAATACGACGATTGCGGTTCGGCATTTTAAGACGCGCTCCCTCGTGCTAGCTGCGTCCGACCAGCTGGTCAGTCTAAATCGAACAGTCTGGAGACGGATTATCTTGGATCTACGCTAGGAAGGGGGTCAATGTGCAGAAAATAAAGTCCAAGCAGCTCCGTTTGGGTACATCTAACCCTTCGCTGAACCATTTTTCACTCCATTTGAATATTATGATTATCAAGCGGCCGAAAATAGGTGTATGGAGGTTCACCATAGTCCTGGTGGTAAGAACCGCTTGTCTACCGGTTACAGGCGCGGTTGTGAGCATTTGTAATATAGCCTATTCTTCGCAGGGGTACCGATCACTGGGGGGCCGTAGGGCTATTAACTCGCTAGGATGGGTGGTAACACTAGCACATGATAACGGTGTATATCCCCTGACATGATTGGTGCTCTCGCACTTATGGTGAGTTTTCGCAACAAATTGTACCAATATCCGTTTATGGGAACAGGAATCCCTGGTGCCGCAATGGTCTGCGATCTGAAAGCGGCAGGATAGTACGTACCGGTGAGCAACGCAGACGTCGAATTCAGGGCGTCTAGGTGTTATCCTAGAATTACAGCGACGCGTTCCTGCGTGCCAGTAAATTCCAACCTTCAGTTCGTTGAGGAGAAAACTGGGTCTCC,1257,49.01,Homo sapiens
SEQ_753167,TAGTCTCCACAGAGGGATAGGCCTTAATGAGCAAAGTACCCATTTTCTTCACTAAAACAGATCTATCGAAGTGAGTTTGGGGAATTACGATCCTCTAGCCACCAATTGAGTATCCGGCCGCTCACGGATAAACTCAGGCCGGCGAGGGATTAATATTCCGCACATCCGTGACAGCTCAGGGGGCTTTTGTGGTTTCACCAGCAATGAGGTATCTCGTTTCAGCGTATCTCATTATGTGGGGACACCATCATCCCAGCTAACGCACAAGCCGTTTGTTAAATCAGATCGGGAGCTTCGTCGATAACTCCTGAGAACGAACCTCCACGAGCATTCATTGACAGGGGCCATCGGATTCCCTTGTGCGAAAGGTCGCGGAGTAGCGTGAATGGGAGACATCTATATCGTGTACATTCAGCCCATTACGCTAGGGATCGGCGTTGAGTCGGGTGTCGTGAGATCTCAGGTCCGAAGTCAACATCGGTGGCCGCATCTCTGAAGATCGCGGCGTGTGCGGAGCAGCCCGCATCCCGCTCAAGAGGGCCGATTTCGAGAGTTAGTCACGAGAATTACGCGTATAGCCGCCTTCGTCTGGCTGCAAATAACCAATGACACCCGAAGGGGTATCGAATGTCTCCTAGTGAGATCTAGTGGAGTTTTCCTAGAGCCAATCAGGGCAAAGCGGTCGTTACCGATTCCACACCGTTGCTTAAGCATCTTGACTCAGAAGTCGATAGTTCCAGCGCGAGATGGGTCTAGGCGTCTTTCAACCGAGCGGCAGAATGTCCTTACCATTGTTTATGGGTCGTTCCATTATTCGGGTGCCCCACTCTTCGTATATGATTCATGCAGCCGTATCCGTGTACGACGCATCTCCAGTAATTTACAACCGATAGACTAACTAATTATATTTTAATGTTCGGTCGTCCCGAGTCGTTATGAGTGCTATAAGCTCCAACATAAAACACAGGCATCCGGCCCTATTTTAAGCTTAGGGCCCGACTGTGATGTACTCAAGCACGCCTCCCAGCAGAGAGTCATGCCACACATCTAAGGCGCCACGTGACCTCGTCGGACAGACAGGTTGTAAGCGAACAGTCATCCA,1102,50.64,Arabidopsis thaliana
SEQ_288892,AGCTCATTCGGCAGAGGCGTTCTGCATGGCGGGCGACTATCCAGAAGCTTAAATACGGTCCCACAAATCCTGGGTAGCTGATCTCTTGAAAAGCACCTGGAGAAGATGACGCGTAATAGACTCGATTAACGAACCCTCTGGACACCCGCAGCGGATTTCACCTGTCTACAAGCAGACGTATCTCAACCAAACATCAATTCGCCTGCTACTGGACGAGGAAGTTCAGAAAAAAATTTACGTTTAAGGTGGTCTCGGCGTTAAGCTAAATAGTTGTCGGTGTCGTAGCTGAATTTAAGACGAATCGGACCCAACGTCAACCCGACTATATTAATCACTTTTTGGCAAAATTCACGTCGCGTTTACGACTGTGGGGTGGACGAGCCGCGACAAACAATCGAGGTTGGCATCCAGGTCCTGAAACGTGGCGCAGACGGAGCCGATAGCACAGTACATACCAATTAGATTTACACGGCTCCTAACATACGTGAGCACGTCAACACGGATGTGTCGTTGAGAAGCATCAGGTCTAGCATAGAATTGGAACACGCATATACGGATACGATCGATGGAGAAAAGCAACAAAACATCACTCCCTTCTGTTGAAGAGGTATTTAGCAAGCATGGCAGAATTATCTACACTGTTCCTGCGCATGAATCCTAGTCACCATGCGGTGGGAATAAAAATTAAACGAAGTTTAAAGCGTATCCTGTGACCTATAGGAGTACTCCTGAGACGATACCTCGTAAGGGAAACATCCCTACGCTCCGCCGAAGCTCTATCACGAGATCAATAAGAGCTTGCCTAGACGGATCCTATATGGCAAGAATTGGCCAACTTCTCAGGCTGGTTCATAATTAAGAGGGGAGCAGGAACAACCTGGCGTAGCGCCGATATATACTGCCTTTGAGGCAAGGTCATGGAACGTACACAGCGCGGCGAAGGAATCCAGTCTACGCACCGGACTCTCGAGAAGAACGGGGGATATTTCATATACGTAAAGACATTGAAGGAATTTTTTCTCCCGCCCAAGCTGATAGTAGAATACCTTACCAGAGACCAACGGTCCTTTTCTCCTTGTTCCGTAACTAATTCGCGCGATTGCATTTTTAAGTCTACTCCCTCCCGATGTGAGCGAGGAAACGCCGGGTAAGTAACTGCAACTGAAATTCGTAATGTGGGCATAAATGTAATGGAAGATCGGCCCGATCCAGACCATATGAGATCTGGCCGACCACCCTGCTGAATGATCAACCTGTATTCGTGCACCAAGTTCCCCACGAATACTCGTCCTTCTACCAGAGGTGCCCGCCATACATTGAATTATTATTAATACCAATGGCTACCAGGTCTTTCTTTACCATAAAAAGTCACAAAACTTCCTATAAGGATTACGTATGCGATCGCAAACAAACGGCAGATCCATGAAGGATAAGGGTTAGCGGCTGGTGGGCGTCCACAAAACCTCAAGTCGGTTTGTCAGAAAGGAAATCCATTGTGTCTCCGTTCGACTTGGCCGCGCGGAGAAAATATGGGGCTGATACAGTGCGTTACCAGCATTATTCAAACATTATTAATGCTGAACCGCGAAGAATTAGCGTACCACCGCCGGGA,1612,47.33,Saccharomyces cerevisiae
SEQ_567542,TAGCTACCACGGGCTGCAAGGATACGGCGGAATCTTTATAATCGCCCCCCGACGGTAGCGGAAGGACTTGTCGGAGAGCTAGAGTGGGAGTAGGACTTAATTAAGGGCAGACGTTTTGGGGAATTATCCGTACTAGCCGTGTGCAACGTAAATTGTGGAATTGCGGTCGTTTCGTACTATCAAGGCAAGCTGGTGTAGCACTAAGGAACTTAAACCACCGTGGGTAGGGGGCATGTAAGCTTCCGATCAGTACATACTAAGCAGACGCCTCTTGAACGTTTGTGTAAGTCTTTATCTTGGTATCCTCGCTCACTTCACGCTTTTGCCGCCTGGACCGGCCAGACAGCAGCACCATTTACTTGAATGGTAACTCCAGCAAACTAATTGTGGTAATTAGGTCAACTCTCCGATCACGGCGTGGGCTTTATACGGTGTATGGTCCGACGAAGACGAATGCGAACGCCCCTTGTAGTTCGGTGTAGAGAAGGAATCCATGTAGGTCCAATGATGCACACAGATCCACTTATGGGAACTGTAACGTAGGTTTCAATAGTACATCGAGCCTATTCTACATATTCAGGTAATAGACGGAGGATATCCAAGGGACATTTATCTTTGTACCCGCTCGTGCAGTGCACAGCTGTGTAATCGTTGATGTCCCCCATCCCCAAATCGGAGCGTGACCAGAGGACTATATGAGCGCTCGAATTGGAACGAATAAGGAAAAGGTTCGAGGCCTCGTGATGGATGTCGTTTTTGGGTTGAGCACCTGCACGTCGTTCAATGTACGTTGCGGTTACGTCGGTTTAGTGTTGGATTGGGGGCCTCAAGGCTTTCCATTGATGAACTCGCTTACCTCATCGACTACGGGATTTGTCGGTCTCTCCCGGGCACAATTATGTCGGTGAACGGAGGACGTGTTGCGACCTGTCCACTCTGCCAATATTACGACTCGTACGGTATGGATGTTGACGTATTGAGCGCCGCAGCTGGTCAATTACCCGGAGTGGGCACTAGTATCATATTTGCTTGATATCCAGCCCTCTCTAACTAAATGGCTCACAACCTACCCGTACGGATTGTGTGACGTGCCCAACCCCCTCCAATGAATCCAGTAAAGGACACCTGTGCATCAACGCTCATTTACTTACGCAGAAGTCTGGTCTACTAGAATGTCGCGGCTCCCCCCAGAGCAGCCACGCGTATACTTAAAGTCCTAGCCCAATCAAGAGCACCAGCGTGCTAATCTACCGGAGACTGAACATTGGCAATAGCACCCCTAATCCGTCTTTTGGTGAATCCGCTCTATCGGGGTATGTATGTTTCACAGTGCGTACGGGTCCTCCATCGAGTTAGAGCCAGGTAGTACTCGCACTACTCTTACTGATTGGGCAACGATTCGGTATATCTAGGTTTTTCGGGACTGCGGATAGCTTTGGCTCCGGTGAGGGGCTGGTTTTCGCACTAGTGGCATTAATGTGACCGCATGGCTACCTATCATCAATGAATGCACTAGAAATTAAGCGTCGGAAGGGTACTTCGCGAACGAGTATAGCAACAGCGCATCACGCTGAATCTCCAGACCGCCACGGCGAACGCAAAGACTACTGGCATACGTTTTAACACATATGTCGCGTACGGAGCGCTGTTGGACCGGTGCTCACTTAAAAAGGCTATGTTATCCGTCGGAGCCGAGGGTAAAAACGAACCAAACATGAATCTCGGATTTTTAGCGACAAAATAGTCACCACTCCATCGGACGCATATTGACAACTCGCGCCCAATCTAGAGAGCGCGGATGTTCCACCGGTGGGGGACCGATAGGGGTCGTTTCACTTGTTATGTCCTCTCCTCATGAATTGCCGCTCGCGTTGATCCGGACATCTGGGAATCTAGCAAGCGCATTGCCCATCTGGGTCGTTGTAGTTTGCTCTTATATATATCTTTGGTCTGTGCTAAAGACCATCTTACGGGAAGGGTACAG,1984,49.95,Saccharomyces cerevisiae
SEQ_714432,AAACTCGACTCGTATATGTATCCCCAACCCGCATGGTCACAGGCACTACTTATTGTCTAACAGGGACGCCATCTTATTGAGGTTTATTACGGATGGGTGTGTTACAAACGTATCACCACTCTCAGAAAAACTCACGAAAAAAAAGGCGGCCCCCTGCCCGACGCGAGCAGGATATTTGCTACCGACCGGTAAATTATTGGGAGCTGGTTTCGCATCTAGAGAGCTATCCTGCTTCAGGGTGTTCTGAGGTACGACCGGTAGCCCGCGGCCGCCCCTGCAGGGTGG,285,52.28,Drosophila melanogaster
SEQ_610054,GTACGTCTAGCAAACCCGCTTCAACCGTATACCATAGAGAGGCTAGCTACAGGTTGTGGCTGGTGGTGAAGTACAGCGTCACGGTAGAAATAACGCTACGACAAACGTAGAATACCAACGGTAAATGGGGGGGCCCTTCACACTTATTATGCATACACCATAGACTTTAGGAGGCACAGCTAAGGCCACCGGGGGCGCGAGGCTGTGTAGAATTGCCGTTTCCTTCATATTGTCCTGTATCAAGCTAACTTGCACCGAGTATCCCTAGGATTGATAATGGATTTGACAATTTTGTAAGCGCTGCGCCCATCCTTCAGGACTAGTTAGGCGCAATTACTGGTGGCTTGAGTGTACATCTCCCGGCTCACTAAAACCATAGGAATCGTGGATACTGAGAGTACAAACAGTGTGGCAGGGCGGAGTATTAGCGTCTCGTCAAACTGTTCTGAGCTAACTATCGTGAAGATCGCCTGGTTTGGGCTTGTAGTGAATCGTTCCTGCGCGTCAGAGGGATTCTACCTTCTGCCTAAGTACCGTTATCATCCTCAGGGACTTTAGGCCTTTTTACCCGCTATCGACCTAATGCTTGCCTATGACTCCTGGCTCTCATCTCGTATTTACGGTCAGGCACCCGAATGAACCTCTTTTCCTGACAGATGGATCCGCGCAGCGACCGTGATAGTGTGTGGAACTTTCCTCAGGCTCCATGTCGCCACCCCGCTCGTCCGCGGCAGTCTATACGGGGAAGGAAAGTCATTCGCGAGGGTGTGCCAGTATATTGAGGTGCCAGTGCCAGGCCAATCTATGCTTTAGATCAATGATCGCTCTGCCGTACTATCATGACCGTTTAATGAAATAAGCTGCAAACCTTAAGTAGTCATCTTGTAGAATGATCGTCTGGACAAAGCAATCCAGGATGAGCGGAGGCAAATCAGGATCCAAAATCTCCGTGCAACCCGTGCTTGTGTTTTGGCTAACGGATGCGTTACTAGAGCCGAGGAGCCGTTGGACTGGCAGCGAAGTATACCTAGGACTTCAGTATGTACAGACAATAAGTTACGGTCATTACTATCAAAGGGGATCAGCACGACCCGGGATCGACCTGGCGGCGGGAGAGGACGGGACTAGCGTGCCAACCGTAACACCGGCTGGTGTCTTCTCAGGGAAGTAGTGCTCCCGTCTACCAGTCAAAACCTTCGTGAATCTAATTACGAGGGGATGGAAGGGGCCATTAAACGTCTGTGTTAACTGACTGTATGATACAAGACCCTTTAATTTGATAAGCATCCCGGGAGCATGGCGCGGGGATCAACGGGTATCATATGTGCGTAGGCCGAATAGTGACCTGCTAGCCACATATTTTTCCTGTCGGGCTAAATTGTATCACCCCTGAGGAAAACCGAGCTTGTCCCTCGCCAACTTGGACGGGGTGTGGGCTGGTCGACGCCTTTGAGCGTCTGAGGATCACTTGATTCACAACTGTCGAAGAGCTGAGTGTACTCCTCTGAGGGCTGGAGCCCCTGTAATGGTGATGCCCTATGGACCACTTTGGGTTAACGAAACAGTGTAGAGCTATCGTGCTATGCAGAATTATACCACCGGTAGTACCCGAGTAGGCTCTTGCTAGCTGCTACTCTTTGAGAAACATTGGTCAAATCCGTCCTTCTCACATAATGAATTTCGCTTGTTAGTATATAGGCCTGCATTTGTGCTCATCCAAGTCTGAGTAGCGCCGTACTCTTGAGTGAGCAAACACCGCAGATACAGACCTCGTGTCTTCCAAGCGTTGGTACTCACCCACCCATGGTTTTATTTGTTCCTTACCAAAACCGCCG,1835,50.08,Drosophila melanogaster
SEQ_561364,GGAAATAACACAGGTTATCTCACTGTGACCGTATAATATGCCCGCCCATTCTGCCCGCGGAGACCCTCCCAGTGGTAAATTTTCGGCCCCATTAAAAACGTATCAGCTGGTAGGTCGGCAGATTACAATCTTACTTGAGGAATTTTAGTCTATGACATAAACCAACGCGATTACCCTATATCATCTCTGTCCTTTTCCCGACAGTCCACTCACGATCAGTCATAGAGCACACCACGGGTACGGAAGCCTGAAAGCCGTTCATATATCCATGTGCCCGATACTACTAACATAACTCCCGAAGGCTCGTTGGGGGACTGACTCTCCGGGTTAACGTCAGATAGAGTCAACTAACCTTCAGAGCCTAGTGCAGATGGCGCAACATAACACGACCCGGCTCAGACTCCTTCCGTACCTAAGTCAAACTTCTCGATGAGGGTTGCTATGGAGCGGCATTTACCCATACATGGCAAGTTCCGAAATGCGGCGCATACCAACTTGAGCAGGTCGTCGGTTTTATCCTAAGAAGATGAAGTTAAATTCCATCCACAGTATTCAGGTACTGCACGTGATGTCTGATCTAGAGTTATACCCAACAAGAGGTGCGCTGAGCCGGATGAATCTTAGTACTATCGGTTTTAATACACTTTCGCTAACCGCAACGAAGAATGTTGGTTCCTCATTACCGGAGTTGGGTAACTGCTCATTGGCGTAAAAGACATTTCGGCTAGTAGTAAGGTTAGGGTAAACCCCTGCGCTCCCCCATCGGAGGTACGGATAAGAGGATGCAGTAGGGACTCGCACCTGACTATTCGTCCGAGCAACACACCCTGAAACGGCTAGACGGTTAGGCGGTAGAGATGAAAGCGCGTTATCAACGCCGTACTCCTCCATTGCTTTATATATGGTGAGGTTTGCACCATCGAATTTTTAAAGCACTACATTAGTTATATTACTGGATATCTGAACTATCGGAGGGTGCCGCCGGACACATTCAGCAAGCCATCATGCAGCGGCACAGCCCACCGCGTATAGCGAGCCTGCGATAGATTCGATGAGCAATTCAACTCTTGATCACTGGTTTGAATCTGCAATCGTCTTAAAACATGTCAGGCACCACGAGTACTTCGTGTCTGTTCGCCACGAGGCGATACCCTCCGTGCTAAGCCATTTTAGAAAGGGGGTAGACAAATTGGCCATTATGATTTCCTAGGTCCAGGGGAGTCGACCAGTGAACCCCTGTATCATTTCGATTTACAAGACCT,1262,48.18,Mus musculus
SEQ_856967,TCAAACCCATATAAGCTATTTGTTAAGGGGACCGGCACTACTACTCCCATGGCCCTATCCGGATAAGTTACGGACGCCCGTGACACGGCTTCCTCGGGAGGCTGTTAATCCCAACATTTGCCGATGGCAACATTATTAGCACGGTAGCGACTGGTGAAGGTGTAGCTACACGTGTTTTATTCACCTCTTACGAGGGGTTAAGGTCGTATATCTAACTCCGTAGGATTGACATGTTTAATCCCGAGCTTCCCAACTAGTAGGGTCGCGCCCCGGGGGCCTGCTGGTCTTCTCTCACAAAATGTAAGGTTGGGGATCGACTAGGTCTCGTCACCAATAATCACTGCACCCAATATCTCTGGCAGATCGGGTCCACAATTTTGCGCCCTATTTGCATTGGACAAACCGGGCACTGTGGAACGTAAGGGTTGCCAGTCTATATTAGAATCTACGCTAAGTCAGGGAATTCTAAGCCTAACACTGGGTATAGATCGTCAGCCCACTATTAAACCACTCGATAAGTAGAACCCAACCCCCTCAGCGAAGCAGTGCTTGTCATTTCCCAAAATTGAATGGCAGCGTAGCGCTGATACCGCGTAATGACATGCATCACTAAACTGTGTTTCTGAAAGATCAGTGCTTTCGGCGCTCCCCCCTCGTTGCCATTTTTTGTCGCATTCGATGTATCAGAAATGTCTG,696,48.85,Arabidopsis thaliana
SEQ_230383,ACCAAATAGACCAGTTAAACCTGAGGAACCGGTAGGTCATGCCCGCCTCAACTTGTCGAGAGTGTCCTGAGCTGGCAATAACGGTTATAGATTCTCGCATTATTGCACCCCGAGGCTGTATGGAGGCTTGAACCGCTGCCCCTGAAGCAGCCACTAAGTGGAAATGTAGATGTTCCTTTTCCGAACCAACCTGTTTGCGGTCGATTGGGACTAGTTCTAATGGGGACCTATTTGTCTGCCCTGGTTGCGCAATTATTCCTACCAAGGGAGACATTAGAGTCCAGATGCTCGAAGTCCTTAGATTTATATATCGGAACATCATCAGCCGCC,330,49.09,Homo sapiens
SEQ_229127,GCGCAAATCCTATCCCCTGCACCAGACATCGGTGCACCAAAGCCAGGAATGAGAGGAAAGTTTGTTATACGTTCCGATCAGCGTCACGTATAACTGGAGCTCCTCGCGTTACGACGAGTCATCGGGCCCCGGTCACGAATCATTTTGAAATCCACCAGTAGTTTCGCCTGCAGACCCCACGGAGAACCCAAGGATGACATTCCAAGGGCTCTTGACATCACCAGAAGGGCTCATAACTCGCAGTTAACGTTGTAATACTAACAGGGGTGAATGAGTAGCCCAGTCGCCAGGGGCGGCGCGGATTACCTCGTGACATAATCAGAAACCACACGCCGGTGGTGCAACGCGAGCGCCAACACATATCCTAACGCAGCATAAATACACTCTCAACGGGAATGACATCACTATGAAAAGGTTCATTGCCGCGCCCCTCCCCCTTTTCGGCTCCTATGCGGACGACAGGTACCCATAAAACCAACGAGAGCTGTGACGACTAGGGGGTTCGAGCTAAGTAAGGGCGGGTATAGCGAAGGTTATACCCCTTTTCAAACCGATAGCACATAATCCAATTACCCCTGCCGACACGTTTTTTTCGCTGCTTCTCCATGAAACGTGTGCGGCGCTACGGCAGTGGAGTTTGGAAACGCTTCCGATACTGTATGTCTACGACCCTATGGACTAATTTGAGAGGGATTCCAATGCCAAGCAAGCCCATCCCTTCAGTAAGAGTGAGCTTAGGGGGGCTCGGTACCTTTCTGCCTATAGGACCAACCGCCATGCCATCTTGCCAGGCTGATCCCCTGAACGGATTATTTGCTCCTATCATATCTAGCAGAAACGTCAGTGGGTTATGACAATGTAACACTCCCATACCAAAGATACTACAATCACGTTATATCAGCGTCACCACGCGGAAAGCGAACGGATCGGTCAAGAACGGAGGCAGACATTTCGAAACTCGGGTGCGTGATGTGTCTTTCGCATTCAAGTCTCGCTTCGGGCCCAGATGATGTATACTAGTGGAAATTTGACATTGCGAGTTCCACCCTGGAATCTCTCATATTTTAAGCAGGGACTGCGGCTATAAAAATGCCCGTGCCCATAGCGGTGGGCCCGTTCTTAATAGTAATTCGGTGTACGCCCGTAAAGCACATGGGCTCCTTTATACAGTTCTCGGTCAGCCCTCCGCTCCTCTCAACATCGCTATTGGAGCGTACGTCCTACAGGACACGCGTCCATCTCTCGATGTCTGCCGAAGTTTGTTTGTGGATTGA,1274,51.1,Drosophila melanogaster
SEQ_377262,CACGAGAGCGGGCCTACCGGTGGACACAATTGCGTACGGTGGTACTGAGCACGTTCGACCCCGCTGCTATGGAGACGCGTATCTCTTTTTGCTAGTGTTCAGCAAGCCCGGTTACCACATTTCTGTTGTAGGTTACTAGCGTGTTCCCTATGGAATAATAAAGTCTCGCCGACGTAATCAATATTCCCCCAGTGTGTTTGGATACTGTTGCCGCCGGCAGGGACACAAACCGCCGTTAAGGAGTAGCCACGCACCGGGGACTTGTCCAGCTGGAGTCGCGCGATTCCGAATCGTGCCTGATCGACGTGGCTGCGATGGAGCATAATGCCTTAGATTAATTCTAAGCATTTTTTTGAGTTTGTCCTGTCCGACTCCTAGTCACCCTAGTGTACATGGGGTCCTTTCGCGCACAATTAGGTTAAAAAGAGGTGGCGATCGAGCATGGTGCTCGAACAGGGACCGTACATGGACATACGAGTCTACATAGAAGAAATTGTTGGAAACTCCCGAAGGTCCTTTTCGTCTGCCATCCCTTTGGTTCCGAGGTCGATAAAGCGCAGGGTGGGGGGACTATAGCAACACGACGTTTTTTGAACGGCTCCAGCTAGAGAATTTGCCTGTTTCCTTCAAAAACTCAGAAACGCGCAGCTGGGTATAAATGAAACGTTTATTTAGACGGCTCCATGTTAAGGTGACTGGCTTAAGCCTCGCCATCATACCCTGGCCTGTTCAAGCACGGTAGTCATCTGTTACGTTAGATGGTCGAGTGGTCTGCCCGCGGAGGGGATAACGAGCTAGTTACTTGTACTGGTAAGAGATTGACGGCGTGTCCCCCAAAGGCATTAAGGGAGTTAGGCCCATAAGGATAAAGCTCTCATATGAATAATAGTTACGGTGCAATTAACACGCTTATCGGAGTGGCTTTGCTAGTTGATCCAATTACACCTCCAGGTACCGTACCTACCTCGCCACCCGTACGATGCTCACGTTAATGATGAAGTCCCGTCCTGAGTGCGCCTTGCCTATCTTAGCCGTCAGACTGCGAGCCGACCTCCTTCTACTACCACTGAATCAGCCGTTCACATTATCTACCGAAGGACTAGCAGAGCGCAATGTACGCTGGGAAACTTCCTCGCGAAGTTGGGACGAACACGGGGTGCAAAACGATGCGGCGCAGAGCCAGGTCTCAGGATCGAGCAGAACTGCACTGACCTGCTGGCGGCCCCTTCTAGGTATCATCGGTCCCTATACGCGCGTCGATGGGTCTCAGCCGGACAT,1278,51.8,Mus musculus
SEQ_800046,CATGATGGAGTGGAAAACGACACTTCGTATTTTTTGAGAACCACACTGTAGCCGTACCGTCACCCCTAATCTCTCTATGTCAAAAACCAGAATGTGCGTACCTTCTTGCATCGATGCATTATTCGCACTAAAAATCTGTCGAAGCATATGTGCCTTGGAAAAACGTGAATGAAATCCTATCCAAGAAACTGATTCGAACCCTGCGCCGTCCGGATGACATTCTAAAAAATCGAGAGGTCCCTAGCTAGTAGTCGACAACCACAGGTATATAGTACTTCATATTACTCGTGGGATGGAGGGTCTGCTCCTGACACAGACTTCGTCTGATCAGCTCACCCTTCGCCATTCGTGAACCCATCCTCCCAGGCGGGTTTCGTTGCTATTTGGCGTGTGCGTCCCACTCCAATTTATTTTCAGAGCCCTGGCAATATAAGGATTTGTTTTGATACTATTCACTCGTGCTTTTAGTGCTATAATAGACATGGATAGTAGGGGACACGAGCCTGGGCACTGTTAATCGCTCCTGGCACGTTGTGGACGGGACTTCCGTACGTCAAGGACCTATCGAATTCCAGAGATGCCGAAATAGAGGGGCAAGTAAACGGTGGAGCACAATCTTGGCGTCAGTTGACACATACGTTCGCAAGAGATGTAATGTCACCGTAGAGCAGCCTTTCGCCCACGCTAGATAGGTCACTGCAGAAATCTACCGGCAGGCACGCGAGTCCGCACGTAGGCTTGACTCCATACTGGATCCCGTAAAAAAAACAGGAAAGATCAAGGGGTTCTCTGATGCGACTTATTACAGTTGTGTCAGAGGGCTCTGGCATATGATTAGAGCATCTCACCATAAATTATGACCTCGCAACTATAGGCACTCTCGCAACGGTCGTAAAACGCCGCATCTCCCTTTGGTAGCCTGGAATACTTGGACATCATGCGGACTTTAGGGGTCAATTTCCTTGAGTAATGCGCGTCATCGCCGTGATGCTACAGATTATACTTGGAGGTCCGCGTACTCCTTCGGAGTATTCCGAAATCTGCAGGGCTTCGAGCACCAGTTAGACCCTGACTATTGCTAAGTAGCTGACACGTGCAACGGCCGTGTGAAGCATATCACTCTCCCTGGCCAATGACGCCGGATGTGTCATCACATAATTGACGCCAGTTTGTGGCAAAAAGGCCACTGTGATAATTAGGTTATATTATCCCTTGGATAGCATATAATATTTCGTCCTGAGAGTAAACACAGAGCAATGTATTCCTGCCACAGGGGGGCGTCTAATACATCGAATGTCACTTTTAGGGCGAGACGGTAAGGATGGTGACGTCTTGAGTCAAAACTACGTTTTGATGAAAAATGAGAATTGACGTAGGAGCCCCTGGGGCTTCGAATCCGAGCTCTGGCCGGCACGTCAGTTATCGTGTCTTTA,1433,47.87,Homo sapiens
SEQ_854896,CACCCTTGTTGACTACTTTAATGGTACATCCAAGACAGTACGTCGATCTGTCCACTTCTGGATGATAGTATCAGGATACGGGACGTGGGTATATGTATATCATCATAGCAGGAACAAAATCGGGGCAGCCGTTGTGCTTTAGAACAGGGTTTACTTACCTAGGGAGCATTTGACAATATGGGCTATCAACTTCACCTTAATCTAGTATCCCATTTCCGCATGACCCTCCTTCGTATCAGCCTATCTGAGTTTTGAGTTGGAGAGATTTGGCGGAGATAACCTGACGGGAGCAGCTACCGAGTACGACACGAGAAGATTGTTTGATTAACATGCCTAATAAATGCTGGCGAGAGATGTATAAGTGTGCTCGCCTGGATCATACACCACTTGCGAATCTTAGGATATCTCGGGGAAAGGCGATTTGCGTCTCATTCTCCTCACGAGGGTGTATCAACCTTCGCCAATAATTGGATGCGTAGCACGGACGTTAGCATCACAGAAGAGACTTTATGACTTGAGACCCAAATATCCGAAAGAAACTTTTCCAGTGGCAAGCTTGGCACCAGGCACCCGATAATTCTGGGCGAGACGTATACTAAATCGGCCTAACCCGTTAGTCGCACGCGCGATTTAAAACGCACCAAGCGGTGGAAGAACGCGAATGTTTGTCGGACCAATAGTACAGGTCATGCGGTACTGACAAATTATCGAATATATGATGACTTACCGAATTACACGCATCTCGGAAAATAGATAGACGATCAAGTGCGACTTGACTCATTGTTCCTAAGCTACGGTTTAAAAGGTGACTCGAAGTCATGAGACGTGCGACACGAAGGACCGTAGATCCGGATCATTCAATGGAAAGAGCGGTTCCCCGTGACAATGATTTGCACCTTCATGTCAGAACGCGTAATTATGAATTGGCATAGGCCACGTGGCTAACTAATCTATAACAAGGAGAAAGGTTAAGCATACATTAACGCTCTCGAGAGGGCTAGCAAAGCTGGCGTAGGCCTCGACAACCACTGGTGGGGCTACGATTTAAGTCGATAGCACACACGGAGCCATTCAGATCATAGGATTACAGGCGCATGGAACATTCGTTCTTAACGGCCAAATATTCTAACGGTCACCTGTATCTGCCACCATATGATTCCTCGAGAGCGGAGCCATTAGGATGTCAACTGGCTGGAAAGACAGCGCGTCCGTTATTGTATTTTCCGGATGTCGTGGCGTACTGGTGACCAGCTAACCAAGGTGAGGGTTCTTGTTTGCATTTATTGCAAGTACTTCTATGCGGACTTACCTCCCGTGAACTTCCACAAGTGGAGCTTACTGCCAATGTATGTGTTCCACAGGGTCGTACCGGAAGTGGTCTGCGGTTTTCCGCCTTGGAACCTAGGCATACATTTGCCACGAAGACAATGCAACACTTGGGTTGCTCATTGTTCTACGGTAGCTACCGGCCCATACAAAATATCCTAAAGTAACTGGACTGAAACAGGTTCGGGGCTTCCACTAGCTGGAGTGGTGATATCCAGCGCTGTAGCCTGAGGGACGGGGCATCCGCGATTCCAACGTGTGACGGTAACTTTGCCACGAGGTTCTGCCCTGGACATACTCCTCGTCTCGCA,1637,47.89,Saccharomyces cerevisiae
SEQ_789135,TGCGTCGATGACGTACCCTACCCCCACCATTCCTACCTGGTACCGCGTGAACGGACTTTCGGCATCTAGGCCAAATAGATATCACTTGTTACATAAGTGTTTCCGTGCATGTTAGTAAGGACGTTGCGAGTGAATCTGGGTCAAAGTTTGCACGGCATAAATAACGGGCGGGCTGCGAGGGTTAAAAGCTGACATAGATAAGGCCCGATAAGAGACGGGCAGCTACCCACTCCACGATCGTTCCGGCGGAAATCAACCTAGTATGTTTACCATTTTCACCACGCTGCTGTTATTCTTCATCGTCGCATGCAACGAGAGAGAAGGTAGACCCACGCTAATCAACGATGACACATTTTTCATAGCCTAATCCCACCGTTCTTAGACGGTCAGACTTTGGATGTCGCACCACCTCCCAGGTTTGGCTTGGCCGACCTGGTGCCGACTTTCCTCAGATCGCGATTGTCACCACGGGCGATGAGTGGGTTGAGGGATAGAAGTCACGTCTGATTAAGTGCATTATCGACGCCGCTTCCCTGAGATTGCCGGAACTTCTTGGCTTATTCAGCAGGTAAAGACGGCTATCGCGTGTCCACGTCCGGCCAGTTAAACTCTGCCCAGTCTCCACTGCATATAGGGTACATCATCGCCGCCTCGCCGCAGAAGCGATTGGCAGGCACTTTTCAGGAAAATCCACAGAGAGTTAAAGGATAGGGGTGGTATATTAGAAACCCTTTTGTTTCTTCGCGAAGATGTTAAAATGCCGAAATAAGTGCTGGATTTGTCCGCTACTTCAAGCACTCACATGGATGTGCCCAATGTACGGGGGGCGTGTGTTGGCCTTCAAGGCTGTTCTTGGCGGAGACCTTACAGAGGTCGAAGCCCATAAGTTCGGACGCGGTCCGAGCGGTCTATATACCAGTAATCTGACGGCTGGGGTCCTAAATCCTACTCTTAGAATTGAGGATATATTCCTGGACGGCTGCAAAGTCACTCTAGATTCGACTGTCTTTTTGAGCTAGCAGAAGGCCAAAGCTGCATATTTGACCGCCTCTCGTATCAGCTAGTCACTAGGGGCAGTGGGCATTCCTTGCGACTTGAGAA,1101,50.59,Escherichia coli
SEQ_365256,TCTTATCCACCCGATCTCCAGCCACCGTCACCCAAGATGGCATATCGGTGCGCATGTCGCCCCTTCCTTTTATCGCTTGCTTATTCCTCATACTATCCCATTGGAGCAAGACCATCAAGTACCCCATGCCTAAACGCGATAACTCTAGAACTACACCGGTCACTACTGTTCATATCCTCCGTTTAAGCTTGCTCTTTAATTGGCGCATAGATATCTGCAAGAAAGGGTCATTTGGCTATTCTCCCATTGGATTATCGGTCTGCTAGAAGAGTTCCGGGCTCTAATCACGCTGGCTTCCCTAGTACATCTTACAATACTGGTACAACAAAAAGGTTACCAAAGATAAGAATCGGACTGGCAAGCATCTGAACCCGTGCCGACCAATATAAAGCGTGGTGCCCGAATGTTATCTATCGTCACGGCCCCCGAAAAAATTGCAGCTCACCCTAAGCCAGCGTAGTAGTTTACAACACACTGTGCGGTCGCATTATTACTTGGGAAATTCGGTACGACTTCGCTCATGAGTAATGCTGATAATATCCCCAGCCAGTGTAGACATTTGGGAGAGCTAGGCCGAGGATACTAGAATCCTTAAGTGTCCCCCAGTCCTCATGGGCGGGTACTGTGACCTAAAAAGGACGTTCAACGTTTGTAGTCTAGGAATGTGGTAGAAGAGGGCTGCGTACCGGTATCGCGAGCCTGGCATAATTTTACTGGCGTGACTCCGTAAGCGTGAATTGCGGAGACGATCCTCTATATAATTACAGAGGCAGGGTAAGGCAGCAGGCCGACAAATCAAGATTCTCTTGAGTATCTGCATTACTGTGAGACATAGCAAGGTGGAACCAGTCTGGGGCGTATACTGATTATATGAGTATTTAAACTGCCTTTACGTCCAGCTTCAGTGGACAGACTGGTCTGACTCGCCCAGTTTCTAGTGGATACGACCAATCAGTCGAGGTAGATTTTTCCAAGCTCGAAACTGCCGGCTGACTACGACGGATTTATCATATTGGCATGCAGCAAAAAGTGTCTAAACATGCACTCGCAAGGTGACCACTGTACGAGTCAAGTGAACATTTTATAACGGCGTGTCTTCCCAATTCCGAACACTCACATCTGTGCACGGCTAGTATACGTATCGGCTCTAAACTTGGGAGCGTACTGTATTGGCGAGCACCAGAACACTCAGGACGCAGCCAGCCCATTTGCGTATTGGAGCGCAATAGCTCAATCCCGCAGCTATCTGAACATGCCTACGTCGCTTGGGGGCCAAGATCGCGATCCTTCACATCGAAGAATTTCGCGCTACTATCTGGATAACAACAGTTGACAGTTTCGGGC,1344,48.21,Escherichia coli
SEQ_516953,GCGGTATACAAGAAAGCGGAGAGCAAACCTTAAATATTCTTGGTATTTCATTTTGATCCTTAATAGTCGCCAGTTCTACCCAAGAG,86,39.53,Escherichia coli
SEQ_986619,CTATCGTGGTTCGATCAGGCGTTTGCTCTAGCCCGTTAGGTGCTCTTAGTACGCGCATACCTACTATGACGCCGCAAGACTTTGGCCCTATGCATGAGGCGCATTAACTGAACCACGACTTGCCACATCGCCGAGGTCCTTGCGCGGACACCGGCCCATCCAGTTCCTCCCTTCCGAAGCAATTCGTTAGTGAGCGAGAACTCCACCGAATAGAGCAGTTAATGTAGGAAAACCAACCCTGGGACGCTAGGCGAGGTTATAGTCCCCACTTGGCACTCACTCCCGTACTCTGCGCTCAGGTGTACATTATGCGTACGGGGACTCTAGAATACTTCAATGGTTGACGGAGACTCGGCAACCATACAAATTAGATGCACAATGAATGCCCATGGAGAGTTAGACCTGACATATGGGTGTCCCCGTGTGGGCTGAGTAATTGACGCTCCGTTCGAGCTCATCCCGTGGTGCGTTAGTCTGGTCCATGTCTTTGAATGCGTTATCTTCGTCCAACTCGGAGCCCGTCACTCGTGAACTTACTTGGCCAGAACAGACTGTGGCTCTCTATGGGTGATAAAGCTAATTACGCCATACATCAAACCTGATCGCCCACGGTTTGTACTATTAATTCGGTACGTCTATAACCAGTTTGTATGGAGTTTTGATATACTGGTCCGGTAAAACATAACTTATTTAGAGTCCCAGAAAAAGGCTTGCGGGCCTAACGCAGTCCATAAACCACTTTATGATGAACAACACGTTTAGATGGAGAATCGTTTGTGGGCGAAGTGAAGATCTCCTACCTATTGCCTCAGATGTAAAATGGTTCTGTTATGTGATTCCTCAGTGATCGTGGCAGACGGCGATCGCGGAACAAACCCTGTACTCCGAGCATTGGAGACCCCTGGAGACGCTAAAGGGCGACGGGCGTGTACCGACACGGGAAAGTAAATAACTGCCGATTAGCGGTGAGCTTCCCTCGTCCAGGAATATCTTGAAGGTCTGCCCCCCCAATCAAAGAGTGAGTCATGCGAGCAGGAACCGAAAGCCCGCTTAACAGCCCAGCTGAAAGTGACTCGGAACGCCGCAGCAAATTTGCCGAGAAATCGTTCAGGTTGCTGTTTGGCTTGCTCCGAATACTTTTGAAGTAGGTAACATCGACAACCTATAGTTAGTTTTAGCTGGACTCAGCTCCAAGCTTGCAAGGTAAGATAGCCTTCTATGACGCAGTCGTCAGTGTTTTGCGCGTCTTGTACCACCATCCTGCAATACCGCAATCACCATAACTAAGAACCAAGGGTCCATCCGTTACTCAACGCAGACGAGTTGGTCAGGATCTGCTCACGGGCGGCAGTGCTCGAATAGGCTACCATGAGTAGGTGGAGTTAATTTACATATCTCGGGAGCTTTGGCGTACGTGAACGCCAAAAGCTAGGATGACTTCTCAGCTGCGGACTCACCCTACCATTGAAGTGATCCCCGCTTTCCATTAAACGGAGACCGGCGATACGTCAACCTACTTCATTAGTAGTATGTGGACTGTCAGGCTCAGCATGTTCCTTAAAACGTGTGCGCCGGATGGCGATCTTCTCATACTCGTACGGAATCCGCCCATATGCCGTCGCAGGATGTGCCATCCATCCCCGACTTACTAGTCTAGCGTATTGTTGGTGAGGGATCGTCCGCTAGATGACATTCCGTCCGGAGCTTGGGAATATCTAGTCTGGAGAACTTTGCTCCTGTAATAAG,1746,50.23,Mus musculus
SEQ_463404,TTATCCTTGAAAAGTGTTCTCATCGCTACCAACGAGCGGGCACTGTGCAACTGGAGGGAGATTAAGGGCGCGCCCTATTTACCCGCCTCAGCACCCTATGCGAATGCTAGGGAAGATAGCCTGAGGCGCGAATGCCACACCTTCTTGGAATTTATTCCCAGATCACACTCCGAAATCCAAGCCAAGTAGGTCCGCAATACTCCAGCTGTGCCAAGTTTCGCGTACTCCGGCTTCAATTATGAAGAGGTTTGCGTGAACATCACGGGAGTAATAGCCAAGAAGTATTTATCCGTTAAAGGAACGGCAACGTCAACACTTCACTCAGTTATAAGAAAGGACCGCAATCATTCTTCCAAAATGTATAACCCTGTTGACCCTAAGTGCTAATAACGCATTGCCTTTTAAACGGCATTCAGCTTCAATTAGATACTTGCTTTAGGTTTAGACCAAATTATGAGCCTCAATGGGAGCTGAGAACAGGAGGTTAGAAACGTCACATTCTCATTACACGAGTTTCTATTCCTCAGGTGTATGGGGATTGTAGACCTCACCCCTTGGCGGAACGCTA,568,46.48,Mus musculus
SEQ_436162,TTATAAAACAAAGTAGGACACTGATAGACAATCGGAGGTGGCTACGAACAGATGACCACTCGCAAACGTTTAATAGGTCATCTCTCTCCTTGTGGAGGTGAACCCCTCAAAGCCCATCTACGAGCCGGTTTAGCGGAAGCGCCAAACTGGAACTCCGCGGATAGAGTATATCTGAACGTAGATAAAAACTTCGACCTTCATGCTGACTAGAATTCATCCCGCGAGGAGGCCAGACCTGACACGTATGTAGACTTGTGGTACAAGTATCCTCGTGAATCGCGGACTGTAATTACATCTAATCACGCTCTTTAGTCTCTATCCTAGTGAATATCGATCATTTCCCAAAACTGTCTCCCGGCCGGACTCCATGGAGTCCGCCAGCCGGCATTTCGCAACTTCCATGCCAAGCTGGTGGACGTCAGCGGACGATCGTCTGAGATTACAGCTCATTCGCCGAGCATTTCGCGTGTTGTTTAGAACACGGCAGTGTGGCCACTCTATTCCCACTACAGTACGTGTCTAGGAGTTCGATTCGACTCCAGGCCTCGTCATCGATTGGTACGAAAGGAGCCCCGTCAGATCCTCCGCTGATATGGTTCATCAATATCCGCGGGCCGGAAATAGCGTGCACCACTGGTAAAATGTTACGGACTCACTGCCACTGAAAAGTACTACTTGTGCACCATGTAATACTCCAAAAATGCAACGACGAATTTTGTACGTAATTCCGTTAGCGCACCCTCAGGATGGCAGTTGTCCGTTAAGATCCGACTAGGGGGCCGTTGATACAGATATCATCCACCAGCAAATTAAGGGTTCGAAA,823,49.09,Escherichia coli
SEQ_682086,AGCGCCTAGCGCACGACGCCGGCCTCATAAGTCCTATCCCGGATTGCTGTCACGGAACGGTGACGGTAATTGTCGCCATACAGTCTGTCGGCAG,94,59.57,Mus musculus
SEQ_537963,AAGGTAGAGGTCTTCTCAAGAGCTGGACCTCTTAGGGGGACATAGGTAGTTTACGAAGCGGCGGGGTTGTTCTCGGTGGATATATCTACTCAAGTATTTATCGCTTGGTGTGTTTTAAGTTTTAAGGATAAAACTGACTTCATCAGGCCGGCACCTCGCATCCTTTGGAGGAACATACGTTATTTTTAATGTGTTAGTTAATGGGCCAGTTACTCACGACGAATGCAGATTGATACGAGCTCTGTCAAACATAAGCTACACAAACCTAGGAGAAAGCGGAGCATGCCTCGTGTACGACCTCACGCTCCGAGCAAGTTGGATACGCTCGTAAAAGCCTAAGCCAAACAGACCACCCGCCCACTCTCGGGACAACTTCAACAGTCAACCTAGCTGCCAACAAACAAGAAACGGCGCCGGACGCGTTTGAGAGGCTCGTGCGCCCGTTAAGCAGCTACTCGAAGTACGGTAACGCTACCTAATTAGGACGAGTTAAACTGCACAGGGTTATGGGTGATTATGCCTCGTGTAGTAAGAGCCTTTATGAATTGGCGGCTTCTGTCTGCATCACTGCGCAATTGCTAGAATCACATAACCTCTATTGTCTTCCAACCGTTACGAAAAAACAATAATACTACCATCCCGGGCCCCTCTGCCCGGACCGCTGTCACTTGTGAGGGAACAAACATCAACCATCAATGCGTAATCCTATGCGCTATTGTCAGCGTTGCTAACGAGTGTTACGTCCACCGGTCACCCGGGGTCAGACGTAAGCGCGAAATGACGCTACGAAACAACAAACCTGCTCTTATGGAGGCCAATCACCTCGCCTTCGGATCCCACATAGTTCCGCTGTCTGCATGCCAGGGAAAGACGCAGGCCAAGGGCGCGGCTAAGTACGCGCGCTACTCTAAAATACGTGATACACTTAGTTGGCCCCAAAGGGACCGTACTCCATATTCACTCACCACCGGGGATAACGAGTAAATAGGGATAGGCTCGTCTGGTCAAAGAGTTGCAAGCGCGGAAGAAGGGCTTATCCATTTCATGCCGGCTGACATCATTTTAAAGATATAGCGATATGTCGACGTGAAGCATAAGTGTAATGCGGAGGGACATAGTATCACTTCGGAAGAGACTATCGATCTAACTTTTGCTCGTCCCGCTGCTCTCGCCTGTCTTGTGACGGTTGACTTAAAGATAGAGGAACACCCGGCCAAGGCTACCGCATTGAGGGCTTAATGGGCGCGCACTGGCGCTCAGGGGAGGTTATGTGAGAGAGCCTTGTTTGTTAACGCTCTACCACAGGTAGTGTGGGGGAAATAGACAAGGAAGCATAGAGTCCAACAAGTGGGAGGCATCCTACTCGTCTGGCGCTGCGCATTAGTTGCCGGACAACAGGAATGGCAATAATACTTTCGAAAGGGTAACGCAGCTAAGCTTACGATGTATGTTTATTTGAGGCTTAGATCCCAGGCAGGCACCACACTGCAGAAAAACAGCCATGACGGGAGGAGTCCTTCGGTGGTAGCGCTTATGCCTGCCTTGGTACGGGCAAGAGATCATCAATCCACGTCGATCTTGATACAAGACTCGCACCCCCCATAGACTACTCCGGAGGTAACCTAGAGCCGAATAGAATGCTACGCAGTCATGTGTCAGTGCCGTCGTCTGTCGAATCACTTCGTCCTGTAAACGGCCGACAATTGAAGCGTTGCCTGTCCTCGTCTGACACGTTTTCTAGTGCAACATGCTTACTTGCGTAT,1763,50.09,Arabidopsis thaliana
SEQ_326453,CTATACTGCAATTGGTCAGGGCCCGATTAACACCGGTATTGTTAGTAACGAGAGCTGTGCATTAGGTTGGTTCGGACCTCGGAGAGTCTTTGTCGATCTAGGGAGGAACAGTATTACTCCACACTCGATGGGTTAATCATGCACATCGGCGAAGTTGTGTTCGCGGTCACGTAAGTCACAATCACATGCGAGCATGGGTATTGCGTCAAGGGTTAAGACGCCTATAAAGGTAAGTCAACCAGCACAAAGAATAATGGCCCAACACACGAGTTTACCGACGCAGTTACAGGTGTTAGGATGCCGAACGTTCGACTGGCGTTTCTACCTGCCTAACCCTGAGTCACAAGTAGACGTCGTTTTTATCGCGCTGGCCTCAGTTATAAGGTCGACCCAGTGAGCCCTTAAAGGTACTCTTGTTATGTGCGATCACTCTCATATCATAGTCACTCGGCGGCTCAAGGTTAGCTATAAAAAGCAGATACAGATGAACGATCAGAGTTAATTAGATTTTTCACGCCATACTGAAGAAGTCAACTTGAGATCAAAAACGACTGCTAGCAGTCTAGGGGGGAATGGAGGAACGAGCTGAGCGGACCGTCGCGGCGCTTGTGTTCGATGTGCAGTCTGGACTTCTCGGTTCAAATTGCTCATCGGGGCAATTAACGCCAGTTGCAGTGTCTCGTATGAGATAACTTTGGCAGCTGTAGACACCATGGGGGGTACGCCGAGTGACCGTACCACATACATCAATGCCGTCCCCGATCCGTAACCACGTCTAAGCGGACACTGGTAGAGCGTCGAATAAAGTGATACGCTGCCTAAGGTTAAGAATCGCGGCTATGCAGACTCAAGGGGGCTAGCCTGAGATGGCGCGATTCGTATAGGCTAGCGCATATCAAAATTCTAGATATACCTTAAGTCGAGTATGCGTTGGGCGACCTGAGCCTAATACTCCTAGAG,960,49.17,Homo sapiens
SEQ_278361,GCGACCTATATCAGCGGCGCAAACATCTTGGTATTAGCACGAGTCCACCCTTCCATGCCCATGACAGATCCGTTAAAGCCCAACAAGGAAACGTGCATATTTATGCCTTCGCTCACAAATGCTGGGGGTGCCAACGCCAGATGAAACTCAGATTAGGGTATTCACCACAGCTGATACCGCAATATGTACGCCATCTATTCAAAAAGGCTAATATCGATAATGCTTCTATCAAATGGAGCCGTCTTATTGACGTGCTGGTTGGGTCGCAATCGGCAGGTGTAACGTGCTGGCATTCATGGTATACGAATCTCGTCTGTAGTAACGCGGCAAATAAGAAGATCTTCGAGGGTATCATGCTGGCTAAAGATTAACTAATATAGTTCGGCCAGGTCGGGCTATTATGCGTATTTACCCTGGCGCAAAGGTATATAACCGCCACCCATAGCCTTACCAGACTACACCAAATGTATACTGGTGACGGAAGTGGATTATGAGACGAGGAGGTCAAGCATTTTTGTGAGAGCGATTTCCATAGTTTTAGACAGTTTTAAGAACTTATCTCGATTAAAACCGTATAGCACCGACTCTATAACGTCGATCAATACTAATGAAGCGGCTTGATATATTTTCCTCAAGCAAACCCGAGTTTTGGCCGTCTGGACTTGTTCCTC,671,45.16,Arabidopsis thaliana
SEQ_253091,TTTAACTGGCTGATCATGCTCAGTCCGCAGCGACAGTCGTAGAAAAGATACCGTGTGCGGACGAGGAGAGGGCGGTAGTCCCAGGATATTAACAACAGGGTTGTCCAGGAATCGAGCGATGCCGCTGAATACTGGGGTAAACGGATATAGCCTGTACGACACTGGTGACGGATCACACAACTATTACCCGGGATCGCCAGAGCTGTCCGTTTAGATACAGGCAGCCGAATTCGCTTCTGCTTCTGGGGAGAGGAGGCCCGATTTACTAGCGGGGAGTTAGGGCGCATGGTCATTTCCAGGACAAGACCTCTCTGATATGAGCCGCGTGATTGAACTTTTGAAGCATGTCGGACGTCTATCGCCATGCGTAGGATTCTTCTCTCTTTCTTTTCTACACCGACCGCGGGTGTCATTTGCGCTACAGCAGATTACTCCATGGGCGTCCCGCTAAAAGCAAAGCTAGCGCGTTGGGTTTCGTACCCTGGTATTTCCCAAAGTGAGCATGTCGGCTAGACTAACGAGAATAGCATGTATTCTCGGGTACCGAATCACTGGGGTCGGCCCTTATTCTGAGATATCCTCGTTTTCGAGTTGGTATTCATAAGGGTCCCGTTTCTGAGTCGAGTGGTTGACATCCGTGATCTGCTCGGGGGCAGGCTTGCGAACTAGGTTCGGCCAGGCTATGATTGCCGTTGCCACTTCTTCCTTTGTCCTAACGTCTAACAGGAGTCCCGGGTTAATTACGGCACTAGCTACGCAGGCTCCTAGACCGAAAGTGCTAATCCGCAATACCGACCATCTGGTATCGCGTTGGGTCCCGGTTGTCTCACTGCATCGAAGCTCACGAAGTCACTCCAGTGTCTAGATAAAGGGTGCTCAAGCTGTCCACGATGGGTTAGCGGGGCAAGAATTCGTGCATAGGTCTCGCAGCGGATGGACGCCAGAGACAATACGTAGACGCTAGCTATTATCAAACTTATATCGGCAATTAAGCCGCCACGCCACATGTGTGGTTCATCCCGTACTGGCGCCCACGCGCGACCGAGGCGATGAAGGTCGGGAACGATATCAGGGTTCTTATCCTAGGTAGCATAGAGATGTTTGGAAACTGTGGGAGAGAACGCCCAAGCTAAGTGCCGGGGAACCCAGGTTATAGAAAAGTTCGACATCCGTACAATCCCAAGGATGTTATTTTTGGGACGAACAAGGGGGAAGCCGCGTCCGCGCATGCCCTTCACCATCCTAAATGTGACTATGAGTCGCAATTACCCGTTGCCCAATCACGAGTAGCCTTCATGTAATATTTCATAAACTACCTCCTTGTGATTAGATCCGCCTAGGATGCGGCGGCGTCTAGAAATTGGCGCGCGATAGCAGACTTCCAACGCCCCGGGTGCAGGTGTTCTATCTAGGCAACGATTGTCACCCACGCCGCGACGCCTGCTAGTTCACACTGTAGTGTGCAATATACCTCGCCTAATGAGTG,1486,52.36,Mus musculus
SEQ_654214,ATGCACCAGTAGGTATGCCACAGGTGGGTAACAGCGTTTTTAATTCCCACCAAGGTCTTCATACGGAAGGATGACGTGGATAGTTACCTAATTACCTGTGAGGCTCTCCCAGCATTTGGTGTTTGTGCATACGTCGTTGTATCGGGCGTGTCGTATGCACTACGCATGGAGCAATGGGCCAGTCCGGCATGCTTAGGTTTTGCAACTAGAAGGAGACCAAACAGCGACGGTATTCACCCTTCGTCCGACATAGCTCAAGGATCGTGTCCTACTAGTGGATGTGCAATCTAAATAGGACCCTGGAGTTGTAACGTTCTATTGCAACATGGATTTTATCGGGTTCATGGGAGAACGAACCTGAGCAATACTTATTGAAGACGGGCATTTCAAACATGGTGCTCTATCACAGATCCTTGATTCGTGAACAGCAACGAACCACGTTCGTTTCGTAAAGCGTAATAAGTGAATAAGAATACACCGGAACCCAAGTTGAACGGACAGGATGAGAACAACCCAAAATCCAAAAGGGAGATTCTTAGTTTAACTCTTCAATTATTCAATGACGTCATGGTCTATGTCACACGACGAATTGTAGTCAGCAGGAGCCATACTTGTCAGTGTATCCTACAGCTCCGTGGCTCCGCACCCGCACTGCCGGAAAGATCCAACCCTGTCATATCTACGGGTTACCAAGCAACGTTCGAGGGCTGGAAGTTCCTAATCTCTTCGTATCTGTGAAATCTGTAGACTTCGGGAGCGTGTCTAACGGAACTGTGGCTAGTAGACTCTCCAAAGCGGCTTGGGGACCAAGCACCACCTTCTCATAGTTTGACAGCTATACGAAGTCTGAAGCACCCATCCTAAAAAATTTTAGAGAGGGCCGTGGATCTGAGAAAACTGCCATTCAACGACTACTATTAGTAGTCAAACGCCTCGCATTCGCCTACGTTACCAAATGGTAATAGTTCCACAACGTTAGCTGTCCTCCTATAATCCTGCTTTATTGCCCCTGGCGTTCAACCTCAAAGATGTCGTGCCTCGCACGCCCCTTACTGGTTGATTATAACGATTCCGCTCTTCTACACCTCGACTGATGGGCGCGCTTCATATATTAAGATCTAACGGTGACACCCGGGTTGCGTATCACAGTTACTGTAAGCCAGCTCGTCCCCCGGTAATAGATAGGAGAGTA,1192,47.4,Arabidopsis thaliana
SEQ_321486,GCGGTCTTCTCTAGGAGATAGATCGCTAGAGGTAAAATGGTGGTCTGTTAAGGCCCCCCGCGGAGCTCTGTTGAGACCGCGTTAGCCAAACTTCACGCATGTAGTGTCTATAGGTCCCGCCGCATTAGCATCAGCTCCGGAAACACTAGTCATGTTGCAGACATGATTTGGCCGATTTCTGCTATGTAGTGATACAAGACTGTAGCTCTGACTGTAACTCTACGATTGCAGGTGTTCAGGCCTTCACCCATCTTAAATAGAGCTCCCCGTGGTCAATGAGTGGGGCCGTGACGTCTGCCTTCTTATGCCCAGACCCGCCAAGCTACCGAATTAGTATCGTCATCCATGTTTGAAGTCATCGTGGCGCTGCGTTAGTAAAGGTCCTCACCGCACTCCCATCCCATGACCGGCGCATAGTACAAGCTGTGAAACACGCTGCAACCATCCGCATCTAGGGCGCGAGCCTAGTTTTACAAGTCGCCGAACCCAAACTCGGTGCTCACTTACTTCGAGCTTAACGTACTCATTGGGGAGGCTCGACCAATGGCCAGTCAGAATTCTTGCTGATTCTTTATCCCGCTGTGCTGATGAGTGATAGTTAAGCGGAGACAGGATAGTCGTAGCTTAAGGTTATCTTATCTAACCCTGACTGATGAGTAAAGTAATTATAGGTATATCGAGGGGAGAATCCGCGGCATTGTCTGCCCGTCCATGTCGTGTCCCAGTAGTTATTTGATTACCCCTCGACGACAAAGACAAGTAATAGAACAAAAAGGCCTTGCTCGAGGTTTGAGACAGCATTAGATGCACACGGGCCTGACAACCCGGCTCCGTTACACGGATATAATGCGGCCTGTCATGGTCGCTATGGGTAGGTTGCTTTTAGTCTTTCGTTCATCGTCGTGCAACTTTGAGTACTCAGCGTTCTTAACGGGATATGACCACCTGTGGTGTGCAAACGAGTTTAGAGAAGTTGTCCTCAGGTACGCATATGAGAGGCAAGCTTCGTGATGGCTGACAGGTAATCACGGAAGTATCGCTACATGAAGTGGAATGACGCTCTTTTCAGAAACGGACAGCCACCGGCACAACGCTTTGCCACGGGAGCCGGAATAACAAAGGCCTTCGGTTCTGTGTCAGAGGCCATCTGACGAACTCAGTTGTGTCACCAACCCGGGCTGAGCGATAAAGTGTTCCTATGGGATACCCGTTGGCAATCTCCCACGCCTAAACGATTATTTGCGCTTAGCTGCGTCCAAGATGCATGAGCCAGGGACCTAAATTTGTTAACCATCAGCCAGTCGCTTCTAAGAGAAGTTAATTGCGTACGACCGCGCATAGGTTCTGAGTCATGAACGTATTAGGCACTGCCATTGAGAAAGAGTGCCAGTCCATTCCCTCACTAGAATACTCACGGTGTGTGGAAGAGCCACTCGTGGTCGTGCATTAGTCAGACGCACACAGCAGCAAGAGCGGTAGCTGCAGGCATATCACCCGGTCGAATACAGCAGGATACCGCATAGGCGGTATCGGAGGGCACAGTGCTGCGTCCGGCCGGTATTCACAGAGCGTCAGTGATAAACGCCCTTCTTAAGTAGAAGGACTGTAGCTCACAATTCAGCTCCTGAGAGGATTCTCGGCCCATATCGTGAGGTCAGAGTACTTCTAGAACCTGCTTGATTATCCCTGGGTTCCAA,1697,50.62,Arabidopsis thaliana
SEQ_841543,TTATGAGGGTCAAGCGTTCCCCGAACCTACGAGACGGGCGAATCTTATCGTTGAAAGAACGTGCAAGCTGACTCTGTTCGATGGGAAGTGGACCCGACATTCATGCAGCACCTAACGTACAAATAGAGCATGCCAATCGAGTGCTATTCAACCTTGTAACAAACGATGGATTGTTGGAGCAGGTTTATGACTGTATACTACCAGCTCCGATTTGCATAACTGACAGCGCACCTGTGCCGGATCCACGAGCTCCTCTGATAATATGGTTGCGTAACTTGATTATTTGCACTCCGAGGGGTGTGGCACTTATCAATCCAATCAGCATTCTCTTATAGCTGAACGCGCAGCATCGCAGCAGGGTTAAACGCTCCCATAACCTGGTATTCCAACGATAGAGACACTCTTTAGTTACCCACATAGTTAGTATGACCGCGTCCCGATTAAATCAGTCTTAAACAGGCCTTTGCTCGCACGTGGTCCTTTGTTTCGAAAGCAGATCGGGGGTGGGGCATGACTCCGACAATAATGTGTTGGATGATGCTTTAAACATGCCTCTATCTCCAGCTATCTGTTATGAACAATTCGACTAGTTGCCTAGCTGTCTGAGTGCGACACCTACTTGAAAAGCACGGAATTCATAAAGGCATATTTAAGAAAGCAAAGTCTCAGGATCACGATGAAGATCTGATCCACTCTAAAGTATCACGCAGCCGGGCTTTGGGGGGTCCAGACATGAGCTCTGTCAAAAACATCAAAGGCCGTGTATCGCCTCAGGGCGTTGCCTTCTGGAGCTAAGCACAAGAAGGCTATCGCGCGGCGACGCGGCGGGGAATCGTATGAGTGTCAATTGTGGGCCAAATGTAGGACGGCGTTGTGGATGGTAGTTGCGTGATTCGGTTCCCTAGCGCACGTGTTTTTCAACTCTGGACAGAGTATGTGGTTCAGGCCTTCATACCGGCAAAGTCGCTAGCAGTCTGCGTAGTATAACTACTGGACTAGTGTAGAAACGGTTATAT,1016,48.33,Drosophila melanogaster
SEQ_638115,GCGAACGAGACTCTGAAAACTTTGGTAGACTATTTCCTTCCCAGGCAGCGGACACAGAATGAGGAGCACGCGTTCATGTGACACATCGAGGAGGCGAGAGGCCCCCAAAACGCTGACATTACCTTTAACGTTTGAGTAGCCAACTGGAGCCGCGGTGGGTGTTGGAATCTTCTCGCTCTAGCCTGAATGAAGCAGTACAGTGTACTCGCTTAACCAGCGTCTCAGTAGCTTGCCGGTAGGATTAGTAGAGGCGGATGCGTTTGGCCCAAATTATGTGCGCCGGAGCACCCCCATCTCTCAGTCCAGTAGGCAGACACGTGGATGTCCGCATGCTGCACGATCGCCAGGGAAGAGTCATGCATAAACATTGTGCCCGTATAAGGGAGAGGGCTACTTTGAGGTGTGCGAATCCCAACCCCGTCAATTACCCGACGCAACCACGCAAAACTAGAGATAACATATTTGCGCTATGTCTGACAGCCTTCCTGTTCGTGACAGAGGGTGAGTAGTAGCGTGGGTAGATAGTGTCTGGACGCGGTACAGATGAACCGGTGTCATCTTCGTAATCCCTCCGTTTTTGCATGTGGTTCCAGCAAGCCCCGTCATGCAGTGGGGGTTGTTGACCCTCAGACATTTGAAACTGGATGTAGC,651,52.69,Homo sapiens
SEQ_350040,TCTTGCCTGACGATTGCTTACGATTAATCCTTAGAAAAGAGTGATCATCTCCTCTATACAACAAGCAGCTACTTTTCCACGATGTGTCCCGCCACGTCCATGCTCGCCCAGTCTTGCAACGTGGATAAATAGACACGACCCGCGTAGATTAATTCCGCTTCGTTCTACTCTAGTTGTTTTGACGGGTTGATAGCAGATGAACTCTGTGCGGATATGCTGTGTTTAGGACGCGAGCCCCACAGATATCAGCGAATGATAGGACGATCGAAAGAGCCCCCGCCGACCCAATAACTGTGGTCGGTTTCTCCTCTTACACATCGCAGCCTCTCGAAGATTTCAATAATGGTTGAGCCAGTCCCCTCCGTAAGGGACTCCCACCCTTGTTTTAACCCGCTTGTCGAGCGCGATGCTAGGACTTCGTTAACCAATGCGATATTGTGGCCTGCTTGATTCCAGACCTCGGACAGGGACCGTAATTCCACATTTCTACGTCTGGAAGACATGCGGTTGTGCACCTACGCGGAATCAAATATCATATAGGGGTTACAGGTTCATGCCCCCCATGGCGTACACATAGAGCTAAGGACTGTGGGGAATGGGTCAAAATAATACGGACCGGTCC,622,49.84,Escherichia coli
SEQ_427898,GGGCTCTTAATGACCTCAACGAGACGGGTCTCTAAATTAGTCTAGGCTGAGACAAATTTGTGGTCCTGGCTCAAAGCTAACGCATTACTAGTTGTTCACCACTGAAACGGATAAGAGCTGGGAACTGCTATCCTGGGTTTTAGTCGGCAACGATCTGCTGTTAGTGAACTATATTAATTGTATTCTGTCGAATCCCTCATCCACATTTAGTAAAGGTTAGTCAGTGCAGAAATTAGAATTAATACGCGAGCTGCATTAGCCCAGTTCTCTCTGCAGGGCCCCAAATAAAAGCCGTTGGTGTAGTCTCTCCAATGCGCGATTCCCCAATGGCCAGAGTATGCTAGTGTACGCATGCCCTTCAAAGTCTCACAGATCGAGTGTGCCCATCGCTTAATACTGTATCGGATCATCCCCGATCGGTAGGGCTCTCTAAGCTGATATTGATAGGGTTTAAGCCAAGGATAGAAGCGTTCTAGCCTCCGTGCAACGAAACAATCGTGAGGCACCCCTAATATATTGTCAGCACCCGCCTAACGGCCCATTATCGGACCTATAGAAGACTCGCGGGGAAAACTCAACGAGGGTTTCACGAGTAGATGCCAAACACCAGTTAAAGACGTGCAACTTTAAGGGAGCTTATTTATTTGATTTGCGAATGGTGAGGCTCCTCGTAATGACAACTCAAGGCCCCTAATATTATAGGAGCTTACAGGCACCCGGAGTAGCGAGGGCATGATTAGGCAACGCACTACCGCCGAGAATACAAAAAGCAGTTGTGAGAAGTACCGACTCGAACACTTGGAGCGGGGGGGTTCGAGTAGCGTGGTGTCACGGGGTGATAGAACTTGTGGCCCAGGCGGGAGAGCTTCTTTTTCTAACGTAAGTTTCAGACAGCTAACGCACTGGTGGCACATGCGATGTTTTCATGAGGTATGGTCAGTAATGCCTTGGTAGAGACGCCATACCTAGGTCAATTTCGGAATTTTACTTCAGAGGAGGTGGGGAGGATCAACAGCACTTCTACTAGTTAGTACCCTGAAGTGTGGAGTGGGCCTCCGGCTTACTAAATCCGTAGGCTCAAGTAGTATGAACAAAATCATCCTATCTCCCATTGTATCATTACCTACATTAACATGAACGACTAATGCGACTTGTGGTTAGTGTGCTGCGTTAGGCCAAGGCCCCCCTTCAGACCCTCAGTGATAATTACGGATTGCTGCCTCGCTGGATAATACTCCAGGTTTGGAACACGACAGCTGTAGAGATGTTTAAGCTTGATATGTCCGGGGTTTGCACGCCGCCTTCTGGCATCGGCTTAGGGATTCCTGACAACCAACATTCGTTTTACCAAGGAAGATTTACGTTTCAGTTAGTGGATTGGAACGTCCATTTCGCGCCATACGGACTTCTTACTCACACCCGAATGGCCAGTTTGGGGTACCGCAATACCGAAACGCAATCGCCCAGTCGATCGAGAAAAGGAGATTCATTGAAGCAGTACGGTAAGAACTACGCCCCGTATCAGTGA,1528,47.97,Saccharomyces cerevisiae
SEQ_448742,ATTAGCCGTCGGAATTCTCTTTTTGGTCTATAAGCACGTGGGCTCATGATAACTCGTACAAAGTCTTGCTAACAAATCCCGCGATTTGAATGTAAGGCTGAACAAGGGGTACGCTGCCCGTGGAGCTTCATAAATTGCGTGTGCTAGTATCCGTGTCATGTCCTCGGAAAGCTGCTAGCATTATATGAGCGAGCGCATGTCCGCGTATGGCCAAAAGACAAGCAACCATCGCTGATGCATGGCCGATAACCCTAGTTGTCTGGTATGCTGGTCTGAAGGAGCTCGTACACTAGGATTCTCTTTTAAACGTCCAAGTCTCTAGGGGCAGATACTGACCTCCTACTAAGACAGTAAACTAAACCGTTTATCCATGTCCGGCGCATGTGCCTCCTGCCCCGTAGATCATATTTTTACTAGATCATAGACCGAGCAATCGCGAGAGGCCAGCACAATGAGTAAGGCGAGCCCTTTATACCAGCATGCGGCTTAAGGGCCTATTCTCGGCATCCCCGCTTTCGAACGCATACAACAGTCTGAAATCGGAGGAACTGCGATTTAGAAACCATTTAACAAACACAAATCCATGGGCTTTCTCAACCCTACGTGGCAAATGGCCGGCTTTCCTTCCAAGGCGGAAGTACAACACGCCATACTAAGTCGTGCTGCTTTTGACAGCGGCTCTCGTCTAGCATACGGGCCGTCCTGACGTGAACGTGATATGTCATCTCGAACGTAACGAGGAAATCAGTGTTTAAGGATGTACATTCCCTATCAGACATCCTTATGTCCGCTCATGTTCGGCAGAGCTGAAATGAGCCCAATCCACGCGCCAGCCGGTACGCGCGTGCACTTGTTTCACGTGGTACGGACCCCCAAGGCCGACGCCTGTCTGGAGACGAGAAATCATGAAACTCAGGCTTTCGCCAGCACCCTCAGCTGAAACAACAAAAAGAAATCGTGCGCATAGCCAGTCTGTAGTTGTCTAGACCTGAATGGGACAGCGGGTTTAGTGCCTACCCAATCTGAGGTGTCTGAGCAGGCAATGCGATACCTATTCTGCCTCAATACACCCCAGGGCAATGCTGTCTCCCTGATATAGTATATCGAACGACGAGATGGACCAGCCGTTCTCAGATACGCAGACGTCGAATTGGCATCACCCTACATTGACTATTGGGGGATTAGGCGGACCACGGCTCGGCCTTGGCGTGACTTTCGGGCAGGTCCTTACCTTTGATCCTAGCGGATATTGGTAACGCATGGGGAAAGCCCCCGATCACCTCCTTTGCTCTATGGAAATGACCAAGGGGAACATTACGAACCTCAGTTGTCCCAGGGGAACTGCTAGTGAGTACCTCTCTCGCGAGAGGAGCAGTCTTGTTAAAACCTGTCTTAATTCATGCAGCGTGCTTACGAGTACGGTAATATAGCACCAGGGAGTCAGGAAGGCATCGAACACATGAACCCTGATCCTCTTGGTTATTCACGCACTGGACATAACTACGATAGCGCTGCTAGAGTGCCGCGGGTCTCTTCTACTGTACTTTAACGGCCGCGCAGAATCTTATGCCGCGCTCTGGGCTATCAGCGAACGGCAACCTTCTATCGACTTTCAGTCACCAAAGTTGCCCGGCTCCATCGTCTGATCTGTTAACACCGACCCTGTTAGTTGTGCTTCATCTTCGCGACAGTAATGGTACCTGTCGGTTGACATGAAGACCACCGATGGGGAAGGTACGCTACCTCTAGTGACTTCTGCATACTGAAGTATCCTCCTTGGTCACGCCCCCGAGAGCGC,1798,51.0,Mus musculus
SEQ_126027,CAGACACCGAGGCCGCTGCGGGGGATCATGAATTATTCACTGTGAGTAATCCGACTTTGCTCCGACATTGGTCTAAAGGAATAGACTGACCTCTGTCTTTGAGGAGGATTACCCCTCAGACGGTTGCTTTTACTACTGCCATACAAGATAATACACGGCCAGTGGGCGTGAGGTGATCCTGAATGCTGAAGTCATGTGGTCCAACGTGAGGTCCGGATCGAGTATGGTACTCGATATAGCGGGGCACAAATTGATCAGAATATGGTCTAGTTACAAGTATACTCAACCAACATTTATACGTGGCTTGCAATAGACATACATGGCGAGTCGTTTCGCCCCCCGTGGCTTAGATTGACATCAAATGGCTTCTGATAGCAAGACCAATGAACGGCAAAGCATAAGGAGCTACGAGACTATGAAAACGTCGGTCGTCGCAATCCCTTTTCTTGTGGCGTTTCGTCCAGCTTGCTCCTCTGAAGCGACGGGCCAATTTGCTTTCTGGACTAGAGTTGCATACCGCCCCCTTGTTAGGAGGGTCGCCAGCGCCTTCGCCTGCTGCCCGACCGAAGGGACGTACACCAGGCCATAGATTTGCTTGTAGCTTCTTGTCACAACTCAGTCGTTGAAGTGTGCCAGGCTGATCTCGAATAAGGCCAGTCGCGTAGTTAGAGCACTTGGCGACCTCCAGGGTAAGCACTTGATTCGCCCGGGTCTTTCCGAGAAGAATAGAATAGTACACCACGAGCAACCACTATAGTCGTGTGCTCGCTTGTCGGCACTAGCGTCGGCTCACGCGGCTAAGTCTGGACGATCTCAGTATATCCGAGGTCTCATGTCGAGTGTTAGACTATCTGCTCACGTACTCATTCCTCCATGGTCGCTCTTCTTACGCGCCAGGCGAGGCGTGGGGATGTCCATGCAGTAGGCAGAGGTGCTGCACGCAGCACTACGGTCGCCAGAGTCGTAATCGTATATTTCGCTTGATGCATCCGAAAACCTATAAGCGTTGACCGATACCAAGATGTGTACCCATCGCAATTTCGGATATAGATTGTCACGGCCGCTCCCGAACTCGTTCAGAGATAGTTGACTTCTGGAGTAGTTCGTTAAGTGCCCCTTTAGGATCAAGTGTGGTCATGATATTAAAAAAAGTATCATGTCAGTCCCCCCAGATTACAGACCATATCATCCCGGAACTCGTTTGTCCTCGTGCCTGAGGTGGATTTTTTGGGGAGGAATTACAGGCTCCTGACGCTACCGACAAGTGCACGACGCCCAAACCGGCAATAGTTTATCGTCTGTAGACGCCCATCAATGACGAGTTTAGTGAGTACAGTTCAGATGTATTCTGGCGCCATATACGGCCGGCACCGGGGTGACCATATTGGTAAACCGGTTTGTGCGAAAGAATCCGCCCCATTACAAAGTTACCGAGCGCCTCGACGATCTAAGTCGTTATGTGTGCAAAAGGCAGGTGTCGCTGTCCCATTGGATGCATAACCTTAGTGCCTCTGTGGCGTTGCTCCTTAAACAAAGCTTATTTTTAACTCGGAGCGACCATGTGCGGCTCATTGTACCTGTTTTACGCGGACGAACAGTCCCCACTCAAA,1610,50.56,Saccharomyces cerevisiae
SEQ_404542,GTTTGCAGAGATGTGCGCCACTTGTCGCGGCAGACGCTATGGAGTATCAATTATTTGTTCCACCCTCGAGAATTCCAACGTGATGGTTCCGTAATCCGTTTAGTTCTGAAGCACGGAATCTAACAAGGGCCTGCTCCTCTTGTTGTGCGAATCTAGCTGTAATGGATATCAACCCGCATAAGGTTCAAATTCGTGACCGCCGCCAGGGTCTACCCAAATCCCGTACTAGAAATGCAATATGGCAAGGGCAGATAGAGTAAGGGGGATTTTTTGTTTAGAAGTTGTATGGAAGAGAGTCGCTTTGTGTACCAGTCTAAGCGCCCGACTCTGGATCGTTTGTGGGCTGACCAAAGTCGTCGCAATAAACCAAAGGAGTACAGAAGGGGATGCTTACTCCTGCCTCCGGCGAGATATCAGACCTGAGGTATAATTATCCGACCATCGTAAGATTCCTTTTGGATTAAGAAGCGGTCCTGAGTTAGCCAGCGCCTTGTGGTGTAATGGGCACGAGTGAGAATCTCTCAGGCAGCTTTCATTCGTGAACTGATCACTTCTTCCGCAAATATGTAATATATGTTCGCCCGGTGTGCGGCAGGTTCACTGTGTGTCGGTAGTTCCTCTTTTTATTTGGTTGAATTTGTAGCTCACTAAACGATGCAAACCTAGCTCGGAGATGGGCCAAAAATCCAATTACGTCCAATTAGGAGGCCGTCACAGAGCTGGCTCCACCGTGGACTTGTATCTTTTTCCTCACTTAGAGAACGTCATTTCATGATAGGTAAGTTACGAGGCTCGGGCCGCAGGTGCAGATCTCATAGCCATTCATTCCGCCCTGAAGGGCCCTATCCTATAAGGCTATAACCATGAGTGCCTTAAAGTTGAAGTCTGCGCCCGGTCTGCTCTCAAGTGTTTATTCGCCTACTGAACGGGCCTAAGCAATACGGTGAAGTTGTTGACCCTCTGACCTCACAATGCTGATGCAGCCAGGGCATTAATTCATTGGACAACAAGCAGTCTTCTTATCATCGTGTGACGTAGCATCAAGGCTAGACAACTCCTAGGCGCGGATGACAGACTCTTGTGCTCCTTCAATAAGTCCACGCCATTCGTTTAATTTATGCGCTAAACTAAACACT,1136,47.71,Arabidopsis thaliana
SEQ_713156,TCTTTTGGAAGTAAAGAAAAGGCCGAATTATCTAGTATGCGTGCATCACATCGCGTTGCACCTTCGGCGGGCCACGGGGGCTGGCTCGTTACAGGTTCTCGTATTATTTCAACGCTATGGCCTCGATTGTGGTCGCGGTTTGTTCTCATCTCGAATATTGCAGCACAACTGATAAGAATTTCTGCAGCTTGACCCCTGTACAAATTGACGACGTCGAGCCGGCAAGAATCTACGAATCTCCGGCCCTATACATGAAACAAACCCGCAGTAACGTATAAGTTTGACATATCGTTATGAAAGAAGTGGCCGAGAAGTTGAAACCCTCTTGCGCCGAGGACACGCTCCAGTCCACCCGTTTCGTCTAGCATAACGGACTTCCCCTACGAAGCGTTCTGTGTTTTCTCATTAACTACTCGCAGTAATGGCCTTTAACGAGGGCTTATAGCCACACGGGGTCACGTTATGCTCGTCGCGCTATTGAGTCTGATACAGTATTGGTCGGTTGAGAGACTTCGCCGCCAGCGTTGATTAATGTGAAAAAATTTTCTCTAGCTTGGATTCTTCCACGTACTAACACTCACTGACCGAGGATACCCAAAATATGTTCGCTACAAGCTCATCCCGGCGTGAACTTTGTCTTGTGCTCGGACAATCCACTAGTACTGATCGGGCTCAGCACGCGAGCTGCACCTTCTTGAGGCCAGGCTTCGGTGGGTTATAGGTGTCTTGATTATTCTTAATATTCGGGGCAGTGGTAATACTTCGTCGGATACCCGGTAAGAAAATCGGTCCCTGGGTTCCGTTAGGTATTCTTGGACGGCAAAGCACATCGAAACCATTGCTGAGAG,848,48.7,Escherichia coli
SEQ_900819,ATCAAGCGAGACAGTACGAACGAAGCTTTGTTACCACCACATTACCACTTTAAATCGGCAGATGAACCTCGCTAACCCACACCGCGTCATTTTTGGCCTGGAGGAGTGAGAAATCGGTTGGCATCTTCGGCGGAATTCGTGTTTAGGTGCATTAATAGATGTTGAAAGGACAACATAATGCCAATAGTCGGCAAGAATATGGGCGACTATCCACGCCGGCGGCTAGTCAGCGCTAATCTCGATGTATCGCACGGGCTAGGAGTATGTAAGATGTGCAGTATCCACGGGTCGCAAGCTAACCTCAGGGCCAG,311,49.84,Caenorhabditis elegans
SEQ_701832,GTTATCAACGGAAGATGAGGGGATCTCGCTGGCGGACTTGCGCCTCGTTTAACGTA,56,53.57,Arabidopsis thaliana
SEQ_316531,GACAGTATTGAGTGTGGAGTCGCGACCCGTTCTGTACGGACCTGCATGGTAACGGACCAACTCGCGATTACAGCATCAGGCCTCGCGGTAAAGAGTAGGCACGCCCTACCGACGATGTAGGATCGATGGTAGTCAAACTTTTTACAACGAAATGTAATCTCGTTACCCGATGATATGGCCAGCCTGCTTTCAATTCCTGGTATGCATCCCCTGGATTTGGTAACGGAGAGATGGCCACATCCCAAGGAAAGCTGCACGATCGTTCGGTTTCTACAAGCCTCGAATTGGGTGACCTCGGGCACTTGATCATTTCCAAACCCTTAGTGAGCAAAGCTGCGCAGGGACATCAGTTTGAGCGGACGGCTCACGCGCGACGCTGCGTGAGGGAACCCGGTAGAGTATGGCACGCTGCTTGAATTGGAGGGTTCCCTGACTCAATGTGCTGAGATTGCGACTGACGCCCGTCTAGGAATTTTGCTCTTCCAATGAATAAAAGGGCTAATAAAGCTCCGTGCCTTATATTGCAGATATATCTGCTTATTATGTAGCTGATACCCAGTATCCTCATCTACAGTTGCGATCTTTTGCATAAACCTCGCTACCCTCTCTGCATTCGGGATGCTGATTTGGCCCCACGCCGAATTTTATGAAAATACTTGAAAATTTCACGCCTTCGTCCCTACTCGGGTTTATGGCGGTCACGACATTTTTCTTGATCCGGGATTGGGCCACGTGGCACTATGCCGTGCCTCCGTAGCTCACGCGACGACAAAACTCTAATTCGGGTTTTCTCGGCATAGGCGGCCTAGACGACGGCGAGGACCAATACCTGTACACGTCA,841,50.89,Drosophila melanogaster
SEQ_518423,CACTTCCCAGCACGGTCTGCGCTCAAGCTACTGGCGTCCCGAACCCCGGGCACTCTGGGTGTCCCTACGCTCAGGGCTGACGTCAAGAGTTTCCAGGACGGAATCTAGAGGGCACCAAACCTTATATGTCGCGGTTTATGAATTTCATGTGACCCCCTCTGAAAAAAATAGATCGCCTTGTAAAAACAAATACGTCGTACGCCCGATTTTCTGCTCAATGGTCGGATAGTCCCGGCCTCTTGTACCGTGAGTTCTCCTACGTGAGTAAAACGAATTGTTAGATACACGTGTGGCAGGCAAAGTCACCCGGGCTAAGAATACATACCCCTAGGACCACACGGCAGATAATGCGCCCCGCTTTCCTCCAAAAGGGCAGGACAATTGCAACGCAAGAATAATTACAATAGGTGCCATTCGACGTAGTTCTGAGTCGCGTACCTTCCGTATGGACCTATTGGGAGCGGGCACACTACTCAATACCACAAGTGGAGCCGGCCGACGCCAGTCCTTGAAGCATACTCGGGCACCTGGAATCCTACCTTCCCGTAGAGAGCTAAAAATGAGCGGTCACAGTGTCCGAGAGTATCACTTAGTGTAAACATCTAAGACGGGAGTGTCAGACGACCTCTGGCGAAATTACGGCACCAGGGCCTGCGACCTTTACGGAATATGAGGTCTCGAGGTTGGCGCTGCAGCCGGAGAGTATCGGCGGGACGTCGAAAGCGTGAACGTCAACTGGACCGTCCGGATCTTTTACTGTGCGGAGACAGCTATTGTCTGACTCCGCCCGTAAACGCATCAATTTGCTGCAAAGACTAACATCGACTAGCTTCGAGCATGATGTTAGTGGTCTTATCCTATGTGTCCGACAAATGCCTATCCGCACTGAAGGTTAAGATGTCGCTTCCGGTCACATTCTTCACGAGACACGGGCTGAAACCCTAGGAATCATGATCCTTTAATAGGATGCCTGTTACCTTTAAGCCATCCGCCTTAGATCGCTAACGCGGATAGTACAAACTAACTGACCTGGGATCGGGCCCCCCGCCAACTTGTCGCCCCATTTGTGATAGTGACCAACATGCTTCTCCGTCTAGGTACTCGTTAGAGGGATCTGTTTATAGCTACGGAAGAGCGTAACTTACTCACGAGCTGTCATCCTTGCCTAAGGTATGAGAGAGCACATTAAATCTCATGTGCACAAACGAACCACTCCCGTCCGCCATTGTCGCTCTCCAGGAAAGCTTATTTACGTGCGCGCTTACCCTCACCGGTGCGCCCGGACATCGGGTCC,1294,51.85,Saccharomyces cerevisiae
SEQ_799222,GCATTGTGGTATAGGGAACTCACACAAAGAAGTGGCTAGGGAAGATGGAAACGGGCCTGCGCCTCAGTTCCTTTTAGAGCTCTTCACGCTCCAACTCGCTACGTTTTTGTAGACATCTCAGAATGCTCCTCTGTGATCTAAGTGGGGGACATAATAAACCATGAGACGCTTACCGCGAACAGTTGCCCCTTTGTCTCTTGACGTAAAGCACCAACTACTTATGCGTTAAATTGATGGCATAAGTATCATCAGGGCCAACTTGCCCATAAGATACGCGCGCCTTAAACGTCACTAGAGTCCTTATGAAGTCAGGTCCAACACCTTTTTAAAGACTTAGGCCTCAGACATGGGTTCACGAGGTTTCACTGGGTAATCCACGTAATAACGAAAAGCTGCAAAGACTGTTCCACATGCGTTACTTTCGCTCCTCTTGGCGTACCATTGGACCGACAAACTGTTGACTAAAGTCGACTGTCTCTAAGGAGTGATCAAAGTATAGCATCCCTTCTTACGATCAGTCCTCTCACGGCTTGTCGTTGAGCCACTTGC,549,46.99,Caenorhabditis elegans
SEQ_486274,GCAAGATTATAGATCCTAGATTAGAGGTAGCGAGTATGGCTCGCTGTCATCAGATTTAGCCTTGCCTTCGCAGAAATACTTCATAGCATTCGGAGCGTTCCCTTTGTTGCCAGACTGTGTTACTTGGTGCATCGGTTCTCAGGGGTTTCATGAGCCGTGCCTCCAGCACAACTTCTATCAGCCTGGTTATAAAGATCTATGCGTGGGCTGGCGGCAACGAGCCTAGAGGAGTGCTAGCACCATTCGTCGGATGCGCAGTGCGAACGCCCTCGACGGACCTTCTCTGGGGGGGTTCAGGGGAAGGGATCGCGTAATGGTAGGGCGATCCGCGAAGTCATTAACGGCCACCCCGGATACTCAATTAAAAACAAAAGGTTTCGCAATTTTTAAATCTGAGTAACAATGAGAGGGCGAACCTGTTGCGCGACGGCCGCGATCGACGCAAGCGAGGTACGACACTGCAGTATTCCCCGGCTTTGAAGATTACGCCGTCTACGCACGGACGATGTTACACCGTTGTGCTATATACACTCACGCGTCGCTCGACAGCGCCGGCAGTTTTCTCTAACTCGGCTCTTCCTCGCCCCCATGTCCCATCACCGTGCGATGGGAGGAGTAAAGTAGCAACGAAGGGTTTGTCGACGAAAGCCACTAAGCAGGTGCCGGAGCCGGGATAGGAATCCTTGTTTACCGTTCCGAAGCTAAAAGTCTTAATCGCGTCGCGTCATACCTAACGACCAACCACTTCTTTCCATCATGTCGCGTGAGAGATTTCTTATCGCCCTTGCTAGACGGCTATCCCAATTTGACAGACTCAAAACAACTTGCCCAATGTCTCTTCTTTTAATCGAACGAGCGCGGCGGAACAATTCAAAGGGAGCCGTCCAGCAGCAGCGTTCGGTCCAGAACCCACTAGCGACTCTTCGGCCCCCATCACTGCGGGTATCTTGTAAACGACGAAGGGCACGTTTCTTCGAGGGATTAATTCCACTGTGGTTCACCTGCGGGTAAGCTTTTTTGACGTGGCTGCGGGAGCCAACGGACGGATCGAATACTTGCGACCAATGAC,1069,52.76,Drosophila melanogaster
SEQ_194305,ATTACGAGGCGCCGAACTACGGCTGTTGCCTCGCAGGTGTGGGACCTCGTAAAGATCCTGTTATCGGAGGGACTATCACCGCTAGGTCGCATTCATCCCTGAAAACGTCAACAAGGTCGTGGTCAGTTGCCCTACGAGGACGTACCGCACAACAAAAAGCCGCTGCTCCCCCCTATGTCTCCAGCCGTTACAACCCGTTAAATATTTGCGGAGCAGTCCGTAACTGTTTTTGTGCTTAGGCCTGGGCATCACTGGATATCACCTATAAGTAGTTCTCGGTGGTAGCAGGATGCTACGGGTTCGACAAGGTGGGTAAAGTTAGTACCCATAGATAGGTAGCCCTAAAGCATATACAAAAACGTTGTACATAGCTACGTTGGATGGCACGCAATAAGCTAGTGCGCACTACGGTGACCTCCATAACATAATTCGTTCCTCAGAGGGACGTGAATGTATGCTTTGAGCGGGCCCTGTGTATTGATTGCTTACCCGCCTCATTAATCGGCTCAGGTAGTTTTCTCTGGGCCGTAGCAGCGGATGCAGCCAAAGAATTTTTAAAACCTGTAACAGTTACTCTCGATGGCTCTTCGCCTTTTTCTCAGTCCAAGAATTCCTACACCATAGCTGCCCTTAATGGCAGTTTAATAGCTGACCCTCTATGCCAATTGCAGGGGTAGACGGCTAGTGACATCCGGACCCGTATCTGAGGTACACTCCACGTGGGACCCTGGTCACTACTGACTGGATTTAGAACGCGTTACGCGACATTAATTTCGATATTATGTGAATGACAGCGTCCTCTCGCTTCGATCGCAATTACTCACGAAACTTACCTTTAATTTGGTATTGGACCACGGAGATTACAAGTCCGGCGCATCCTAATTCCACGGATCGGGTAGCGGTGCTTGCTAGAAAGTGCACACTAGTTCCGCGGCCCTGGTTAGCGCAATCTCTGTCAGATAAGGTACTTGTTCAGAGAAGCCCTGTGCTCCGCGTAGAGATATGGACACCGATGGCTCGACGACATCGGGTCGAGATTCCGATCTTACACATTGCTATGTATCCTTGGGATGAACTGGTGCGGTCGTAATCCGGTTCCTCATCCCGCGACCCAGTTACGAAAGCCGGTCGGTCACTATACCAACCATGAACGATACTCGAGGCTACTCAAGACTTCGGTTCCCGGTATATCCGTAAGTACACTCA,1206,50.0,Arabidopsis thaliana
SEQ_444366,CTACTTCCGCTTGCCTGGGGTAAACGTTGTACTACTATTAGCACGATACGTGGACCTATCATGTTAGCGGGCCCTGAGTGTACGGATTTCGAAGCAGTTCTGGTGACTGTTCCATGAACGAGCCCTTAACAGCATGATTGAGACCCGGATCACCCTGGCAAGTTCGCACCAGGACGCGATTACTAGAACAAAGCATCGATGATGTCGCGGATCTCCATAAATCTCCAAAGTACCAGTGTATAAAAAGCTGCGAACTTGGCGGCCGGGCTGGCCCCTATTTATCGTCTTGCTGAGTGAGTGTTCCGGTTTAATGCACGGTTGTGGGCGAGCTGCACCCGCGTCTAGTTCGTGAGGAGGCACCGACAACGTTCTGCACAGGAATCACTTCCTGTAGATAGTATCTACTTTACGAGGTACCAGGTCAAAGAAACCTACGTCTGGTCCACCCACGGCAGCACTGCGTCCTTATTCCACACAGAATCTAAGCAAAGGTGCAGGCTGGGAGTTAACTGATTTAACCATCCCTAGAAGAATTAGCCGAGCTTTGTACGTTGTCGAAATAAAGCTCAAGGATAGGCTTATCCTTTGCGAAATCACGTTGTGAACGACTGCGCTA,616,49.84,Mus musculus
SEQ_254968,ACCAGTGTTTGCGTCTGGTAAGTCATCAGATTCTGGCCGTTGTTGCGGTCTACAGAATGAGCGTGGTGTCCTACCGAGAGGCTTAACGACAAGCGAAACAACGTTCTTCCGCAGCTACATTGATCATACGCTCTATAACAGGGATCTCCGAGTGCCACCGAGCAGAAGGCGAGCGTCCCCTCGCTCTGCGTTCCGTACGAAGTTTCAAATCTATTGCCCATGGGCCGTGAAGTGGGGCTTGGGCAGTACAGCAAGCTGTCGCGCTTGAGCCCTAACGGTCATTCCGGGGTCGTTAGAGCTTCATGAGAGTAACGATTATTATGCTGGCTAAGTTACCCGGAGCTGTTTACGCTCATCTACGCAGCTCGTACTAATATGTATCTTGGTCAAGCGTTGTGGCTGAATGAGGTGTCCCATCGAACAGAGACGTGAACACCCTGGACTACGCTACTTTCAGGGATTTAAAGACTCTCCCGACATACATGCTGTGAGCTCGATGCAGCTAGGACACTCTCGGGCCAGTAGAGCTGCACCTGAGTGCACTTATGATCTTGTTTGCCACTTTCATGGTGGACGACATAAGTCGGGTATGTGTAAAGTCCTTTAGACAGCGAACGAAAAATAGCCTGTAATATTAAATCCTAGTGCGCGTAGAAAGGTTCCATATAGGGGGCCGGAGCAGTCGGAATCCTGTCGCCTCCAGCCTGTAGCGGGCCGCATACAACAAATGAGACAGGCGTGGGTTATCAGTATAGTCCTCACTAGTCCGGTTTGTTACTAATTCTTGTTCATTAGATCGTTGAGACGGCCACCGGAACTTAACACCTCCTACGGTCGTACCAAATAATCCCTCAGGGAAATTCGGGCCTTTGCGTGACCGAGCGTCATAAAGCTAGCTTGGTGCATACTCTACGATTGTTGGCCAGTTACTTGCCGGTTGCGTCCTTTCAGGCGCTTTTACTTAGCACACCACCATCAAACTACACGAAAACAACGAGTTATTAATTCTTTTTTTGACGGTCCCATGTTGGGAACTGCCTCCTCCCGGCGATGGCACGGAGCACGTTGAGGAACCATCGAGTCACTGTAGGTTTGAGATACCATGTATTCTGCGTCTTCTTTGTTTAGTTGTACTATCGGCCGCGTTGAGTCCCTCTCGTCCAGAGCCCCGCCGGTCAGACATCGGGCATTAGTCCCAAATACACAGTTTGCCGAAAAATAGAGTGGGCCATACCGCTACAGATATCCCTCTCACGACAGTTGCATGGACACAACTGTCCGAGGCAAAAAATTACCGACTGTGTGACACCGCGGATCCCGATATTGTGGCAATAACACGGGAACAGGCTCACTCCCTGGGTACGGAACAACAGCTCAATCAACCCGGACCACGAACACACAGGTGACATTACGCTCCTCGTGCAGATGGTCCTTCCGGGTACGCATGGCCGCCTTCCGTTCAACGGAAGTATGGTGCTAGACTTGGTACGCCTGGATCAGCGGGGAGACGAGGCTTGTACGAATTGAGCGTCGTAGTGAAAGATGGCTAATGCACAAAAGACAGAGTCGTGAAATCCGGTTAAAGTTTACAGGATCATTTTT,1602,50.69,Arabidopsis thaliana
SEQ_361093,CCACCCATAACCTGTCCAAAATAGGACCATGGAGTGCTGTCCAAAGAAGGTTTGATAAACTAGTATACTGTATATCCATGTCTGGCCGTCCAAAGCGATTCGGTATGATTCATTTAAACCCACTTATACCGTCCTGCCTGTATAGAAATCCTCACCCCATCCAGTTGCGTGCCGCCGACTCAGTTACTTCTAGACAGTGGGTGCTTTGCAAGGAGTTCGCAGCCGCCGTTTTAGGTTAAATACCGCGGGTTGGGTGTCGTAATTAACTGTCTCTACTCCCTTAGAGTGCAAACTGGGCCATGCGGCCGGGTGAATAACTTGCGCACCCCCATCCTCGTCATTCGAAGGTAAGTCACGCAGGAGATATAAATCAATGTCGTGGGTTATAACATTACATCTGTCGCGGGCCTAGAAGATTTCGCCCCGCCGGTTTACTGCTTCGGGGCAATTGACCATAAATACTTGTAAGACAACAGTCGGTTCCCTCGTATGGAAATCGCGATGGTGACGAGTTGATTGATCAGGCAGCGTAGTCTCTGTGTAAGATCTCGCGATACTTGTGGGCCACCCCGAAAGGCGATGTAGTCCAAGTTTACAAGGGATTTATTGGGTAGAGGAACTGCTTTAAGGTAGGCTAATTTCATTCACTTCAACGTAAGGGGTTTAATCCCTCCACTAGTAGCCCACCGACGATAAATTTGCAACAACGCCAACTAAGAGATAGTCAGCAGCTGTCGATGTCACTGTACTCCTTGTGAAATGACACTTTGCTCCTAGGAACTTTGCGTTTCGTTTGGAGGCCATATGGGCAAAGGAACAGTTCAACCCGTTAAAAGCCTAGGGTAACCGTTTTCCAACCCTAGGATGAACCGCCACAAACGTTATTGGGCGAAATTACAGGTGACTCGACCAAAGGACACCCTATCCGACTCAATTGTGACAATGACCTGCTAGCGCGGTCACAGAGCACTTGCAGTGAGCTATTCCTTTCCCAACACCGGATCCTCTCATCTGGCATCGTTGGGTAGGAATACGGTGTCATCAGAGTTTGCCCTTGCGCACCAGAAATAAAGAACAGGGACACCCTTCCTTGCCGACGCTAGTTTCAACTAAGAGACTCCACAACTTACACTACGCCTGTTATGGATCGGAGTAAGAAACCAAAGGCTTCAAGGCTACAAATTAAGAGACTCCATGTTGAAAGTCCGTTTTAGGAGCATTAGCGCTTTCTTGGGTGACCGACGATAACTTCGAGGAACCCGGATGAACTTGAGAGACGCTGCGTAAGCCGCCTACGCGGTATGTTAGTAGATGTTACATATTGAAAGAACTAGACTCAACGATTTCATTTTCCTACCATGAATTCGGTTTCAAGCGGGAGGGATCAGGCCCTCAGTTCTGTAGGGATCACTCCTTTATTGTGGGTCATGTCACACCATGCCGACTTAGTATAGGTTGTTACAAGTCATGGTTCCGTTTTGATAATCGTCAAATATAGTACACGCATGACCGCAGGAGTCAAGCCGGACTCGGCCGGGGCAATAAAAAGCG,1551,47.9,Escherichia coli
SEQ_736451,TTCGTGGTCTCTGTGGCGACGAACGAGCTTCTCATTTGGTGATAATTTCCGAAATCGATAAGATAACTATTCTGGCCGTAACTATAGAATACTAGCGTGAGAGGGTTATGCGGTGCATAATCTATAGCGAGACCCGGGGTAACGGTCCCCAATTCCTTGTTGAAGACAATATCTCTTCAAAGGACGCGAACTAAGGACGAGGCTAGGCTGATGCTGGGCGAAGGCTAAAGAAGTTCCCACGCAAACTACCACAAGTGCAACCGGACCGAAGATCGATTGGCGCATGGTAGTCATAACTATGGAGCACACCTCTCAGAGGGGGCGTGTACTAGCCTTGCCTGATAATCACGCCCCAATTGCCCTGCGGCCTCGGAAACAGACCTGGACTCTAACATGTATAAGTCCGTTAAAACGGACAAGTTCAGATTACCGCGAGTCAATCTAGGCTGGAAGAGTCCGGTCAGAGAGACACTGCCTAGTCAGTCGACTCCTCGGCATAATTCCGATTCGGAGGGGTAATTGGGACTCAGCAGTCTAGCCATGCAAGTCTGCAAGACTTATTCTAAACATAAACTTTCTCTCGGACCATAACTGATTTCTCGATGCCCTCGGTCAAGAAGTCACTGTGCTCCGCCTCCGAGGCGGCAGCACGTTGTCCAGTTAAATTAGAACTGTTACTGTTTAGTGTCTTAGTTGTGGTTTACTGTTAGTGTAGTCGCTACCATGTCTCAGTACGCTTGCAGCCCTGCCCGAGCATCGGAAACGATAAGGCAGTCCGTCATTCAATATCTAAAGTAAGTCCGTTATTGACCCCCAAAGTGCGTGACCTTCTATACAAGCCGCATAGATAGCCACGTCGTTTTAAGGCGCAATCCCAAGAGAGCAAGCTGCATCTTCTGTGCCACCACGAGCTTAGACAGAGGACTACAAAAGCACTTTACGAGAGCATCAAGTGTTCGGTATTACATACATTGTTTAATATGCGGGGTCTGAAGCGAGGAATGCAACTATCTATACGGGTTTCGATGTGCCTAACGCCGAGAAGTTTCATTTGCTTACCTAGTTCGACGACGACCACGGCATAAGTTAAGCTAGCTAGCCGGATCACCGAGAGCAATCTCCTAAGACCACGTCTCTCCAGACCTCTTGTACTTATGAAGCAACCGACATCCCGCGTAGGTTTAAGCGATCATGGGTGATCAGGTCGTTATCCTCGAATTCCTGTAGGGGCATATGAGCTTCCTTTGGATGGGTCCCTGTCTCGGGCCTCCAAAAGGAGTTATTCTGTGACTGTCGCGCGTCGCTCGTGCTAGACGTAAGTAGGCCCCAGCTTAATTCCCGAGTCGGTACGAGGTCCCTAGCGTAAGGGTAGATTTGTTTAATGAGTAAATATTTCTACGACGTGACCAATGGCAGCTCGCAAGGGGGGTGGTCCAGATCTGCGTTATCACCACATAGAGGGTCATTGTATCTGAACAAGTTATTGTGAACGCAAGGAGGAGAAACGTGATGTAGGACACAAAAAACATAACGAAAGCCCAGTACTGGACCATCGGAGGTTACCCAGTATACTAGTAGTAAGTTGGGTGTAAAGCATCCGGTAGCCCTCGGCAAAGGATACAGGCATACCACTTTTGAAGAGAGACTATGGAGTCGTTCCCTGTCAGATAAAGCGCGCTGTGTCACGCCTCGTGCGCGGGTAAGGCGCTTGTAAGAAAGCGTTGGCGGAGCCACTACACCTTCCCTCTAGAATTAAACTAAAGACGTTATTTGTGATCAGCACGACCCATTATAGGCTCTTGGCCTGCGATTAGGCACATCCCTTGGGTTGATGCGTAGTAGCTTTTATTTGGATCTTCAGGACCTGGGTCTCGGACTTACGGCAGCTGTAATGTCAGGGTAGTGCATGCGTGGGTTGGACCACCACACCTCTGGCGGAACACTGTTCACTGCAAGTTCTGGACAATTAAGCTGCGAACCCGACTACTAGGCGTCAT,1997,49.32,Escherichia coli
SEQ_849737,TAAGAAGAAAAGGTATCTCCCATTACCTACCCGAAAGTGCTGTGTAAAGGGGCGATGAATTAATATGGACTCGATTTTACGCTAGGAGATGAACAAATGATGGTATTGCTTAGGCCCGCTTCCTAGAGCCCTTTCATGAGTCGATAATTTCAGTATCACAGGGTCGATCTTATACGCGCAGACCGCGAGTAGCTTGTAAGCTCTTTGTCACACCACCATGATTGCTTTATCGGACATCAGAGGGAGAGGTGCGGAGTCATCATCTTCTGGATGGTGGGTCGTACATCTACCATTTGTTCACGGGGCATGCTAGGCCTACCAAAGTAGTGGCCCCCATTTCTTGATGAGCAAATAAGCCACGTAACCTATTCCTCTTTTATATGTTAATGCGAGATAACACCATGGCCTATTTAGCCCTGAGTCCCCAAAGCCAATCTAGTTGAGTTCCGACCCTACTCTCATTTACACCTCTTCCTATTTGTCTTGGAGGCTGTGGTTGCCTGAGAAATTCGGACGGTGTTACGGACCACACAGGGGAGTTCACCCCACCTATCTGGCAGACAACGTAGCGCCTAAGTCTGGCTCGCCTCCCGACTTTGTACCGCTCTGGTGGACTTGGAATGACTGGAAGACGTCGCCAAACAGGCAATGCTGAGGATTTGTGTGTACAGCAGGGATAGCATTACCATGACCAGTCATC,700,48.43,Mus musculus
SEQ_525397,CAGTACTCACCGTTCCTTGAGAGTAGTTAAGTTTGAACTTACGTGTAACCCTTCTTTTTGTCTTGTATTCGATCACGGAAATGAATGGAGGTCGCCCCCAACTACAGGTACGTAACACTACACGCATCCTTGCCCCTCTTAGGCTGAATCTATTCGTGGCTGGATGTTGCGCGCTCATAGGCGCTGGTCGCGAATAAATTACTTTCATACCAAGGGGTCAGCAGGGCCTACCAAACTCTAAATTCTCCTTTGGGCATACCACTAAGAGTTGGTAGTAGGCACCCTAAGAAAAGTGGCATCTCATCTGGTACGCCGCCACGAACAGTCGCTTGAGCAAGTATTACGCGTCTCTATGTTTTCCAGACACACGAAGAGAGTGATAATTTAGATATAGACGTGAGACTATGCGTATAGCCATCACCGCGAGCTCAAGTGTGGCTGAGGCACTGCGTTCGTGTACATACAGACTCCGGGGATCACCCCACTGTAGAGCCCACGTTTATAGAAGAATAAGACCTCCTAAGGGTTGGGTGCTCTTTGTTAGCCTAGCCCTAGAAGTACCGATGGGGTTCCTGGGGAAGTTGGCTGGCTCTCGGTGCCTTTTTCGCACAGTAGACTTAGCCGTTTCAGAAAGGGAGTGGCCCACGTTACCCGTTGCTGAGGATCCGCTTTGCTGTAGCAGGCCAGGGACGCCAAAAGTACCGGTTTACACCCTGGAGACAAAGCACGGGTGGTAGGCTCCGCTCCAGGCTTCATCGCCCCTACGCTCGTACCATGTACCGGGTTCAAAGGTCTTAAAGGGCAGTAATTGGAAACGGAAAATTTTGTGCATCCCCTCTGCTCCCGTGCCCATCTCTCAGAGCGTACGCGCTGCTGGCATGCGCCAGTCGATTTATTGGATCCTTTACGCTACAGCCAGGACGGATCTCCTTGACATCGGCCAACGTTTTGCCTAACATTAAACCTCTAGGAGGGTGCCACCTGTAAGGAGAACTTATGGCCA,1003,51.25,Drosophila melanogaster
SEQ_576986,ACCAATCTTTGCGAGTAACTCAGACATAATAAATCTACGGTAACCATTGGGTGTAGTTGAAGCAATACAAGATGAGTGGTTACCGTGCATGAGCGAAGGGACAAGACAGAAAGCTACTGGTGATCGATCAGAATATCAAATCGTGGTTTCCCCCACGGGAATCAGAAGAACCAGACGGGAGGACGCTAATAAAAAGGTCTACGGTCAGTGCCAAGAACATCCGGAGAGTGTAATGGCGCCGCTACGTCGAAAGTTGCGCGCAGGTATCGTTGAATCTGAGGAATTCGTGAGGAGCGAATTTAGCCCGCTGCGCAATCCGGACGCTAAAGTGTCGTTGTCCTTAGGCACACCCCCTGCGTCGGGAAAGTCGCGCGTCTAGAATAAACTTGCTCGAGGTATCCATCTTAATGAACGTCCACGCTATTACTCGAACTTGACAAGGTAGGCTACAGCATTTTCCGCTCATTGGAGTGGTCCTAGTTCGGCTCTATTTGGATCAAGTCTTAACATTAGGTTCGCGAAACACTCCATGCCGATGCCTGGCCTTATACTACGCTCACGCCTTCCTGGATGTAGCGTCGGGTAGAAAAACGGAAGTACGAGTCTCCGTGGAGAAGATGCTCCCCGTTTAGTGGGACCTGGCACCTTGGCAAATAGGCATCCCTGGGTCGACCCTGCACAGCTCCCCATCAGTTGTGCGATGACAGTATCTAAAAGCATAAGCCCTTGCTGGGTGAATCCTGAGACTATAAAGAGCTGCAGGAAGTCGCTATCTGTTTCCTCGGCTTTGTCTCGCGGAAGACCGCGGAATTTTTTGCCGAGTATCAATTCCAGAACCTTTGCCTATACTTTCACCAACGGAAACCAGCTTGCAGATAGTTATAAAGAACAATCCCATGTTAGCAGAAGGCATGCCCATTGGACCCCCTAGAAAACAACGGGAAACGTGAGACAAATATCAGCTCACCGATTAAGAGTGAGAAGGACCGACCATACACCGTCCAGAGACCCTCATGGTTCGCGGGTTAGGAATAGTTAGTACCGAGTCGTAGAATCGCTGTTCTTGCAGCGACGGCCCTGTGTGAGTTTTATAATTGTTCACCCAGCACCGCGTAGAACCGTGGCAAGGGGATTAGGTTCTTATATGCAGCTGCTAGCAATTAGGCGAACAATTCGATCATCCTTTTACTTGAAATCTATTGGCCGTGAGTGGTGGACCCCCAGTTCCATGCGCGACGTCTTTGACCTAAATGCATTTTGTTGACGTCCTCCAGCTTCTCTACGCGCCGTTAATACTAGAATCCGCGCCGCGACGGCTAAACAGGTCATA,1330,49.55,Saccharomyces cerevisiae
SEQ_663648,GAAAGGAATATGGGGTGCCGGGATAACCCACGGCGCCATATGACATAGGATAGAGCTGACTAGGGAATTCTAAAAAGCGCCAGAGTCTCATGTGGAAGTCACCGAGCAGTATAGATAATGCATGGTTAATGAGGACCAGAGGTCCTCTCCTCGATTCCGGGACGATGTGACGGCAGTACATGTAATAGAACAGCAAGGTTAAAGGGCAAATGTTTGTCGCTTGCAAAGGAATGCTCGCATGGGCGTGCATTACTATGTTACTCAAATATCGTAGGAGGATGATCCCATCTCTCCGTGTAACTGGGCAGTCAAGTGGGGGAAGCTAATGACCTTACGCACAGGTATTGATCCGTGACGCGGTCAGCACGGTGTAAGTTTAGGAACATCTATTACTTTTTTGCGCACATTGTACTGTGAATATAAATCCGGGGTCGTCGCGAAGTAGTAGCTAGACGATTGTATTTATAGGGATGGCTATTCAACGTAACGGATAGCGTGTAATTCCATGAACTGATACTTTAAGAAATTGGAGTAGTGGAAACGCGCAACTTAAGGGCGATATTGTCCAGGGTGCACTCTATAGCCTATAATGTGATTGTGGAGCCCTCAGGGCGGGAGGCGACAATCAATCAGCGATGTGCATGATGTTTCGTGCTCAATGCCGTGAGGATTAGGCCTCTGTTTTCTCTTTCAATTGCATAGGTGTTATTGTAGTATCCGCCGAGGCGCACTCGAGCAGTCTGCTTCTGATCCGCGAGAATCATAACCAATGAGCCTGGACAACAGAGTACGGCACGGGCAGATACTGGGGTTAAAGCACATCCTAGAGTAAACAAAATGTCACACGTAAGCTCTCACGGAAAACGGATCGCAACGTCAGATGGGTCGCGACTGAAGCGAATATATGACCGCCAGCATTTAATGGCAATCTATTCCTATGGCAGCCCGACTTACCTGTGGCCCGTCACGAAATTTGTGTCAAGGTAAAACGCTGGTAAGCGGCGATACAGCTACGAGCAAGGAAGCCAATATCCAGCACCAGCGTGAATCATTGCATTGATGCAGCCGTCGAAGACTAATGGTAAGGACCACAAACCTATATGTATCACTTGGTCTGATCATATTGATACTACGAACATCGATGTCTTTGCCTCCGGATCTATTATATCCAACATAGAAGAAAGTCCCCTGGGTTTTATTATCTTGCTACAAAAACGCTCGCATAGAATACTCTTTCTTTTAACTTTGACTCGGCCGGTATCGCATCTCTTCCGCAATACAGCGGCGATTTCAGACTTGGTAACTCGCGCCTCGATGCTAAACGGTAACTCTTTTCCTTAGGAGGCTGTGGTCATGCCCGCCCGAGTCGACACTGCGCCACCACAAACAGTAAAACCGACGCC,1403,47.54,Homo sapiens
SEQ_413383,GCTTAGAAAGGCAAGATACGGGTGCGCGCGCCGGCTCTGAATAACGTATAAGCTTGACCTTGTAGGTCTTCCTCCAGGAGGCGTCAATTCATGTTGACACCAGACACGAAATCCCCTGAAGGGCTGGTTTGATAGGATACATCAATTTACATCACGCCCCCGCAGTCGCGGATACGCGCATGGGCGAAGTGCTTGACATATCGTTTCTCGTCGGCACCCGTCTTCATGTTAGAATATATAACCTTATGG,249,50.6,Caenorhabditis elegans
SEQ_188323,TACGCCCACTGGATTATACGGTACGCCCAGAGCCGCGACTGCCCACACTAGATGGCGGACTGCATAGTGCGTCTAGGCACCCAAAGCGCAGTGCTTGCAATACAACACTGTGTACCTCCTATTACATGAGTATCGTCTGTCGAGCCGCTATAACTTTTTCCTCGAACCGCTACATTTGTGGATGTCACTTACTAAGAATTCTACCTTCAAAACTATGAGGCCCAACACCGGAGTTTCATTGAATCTATCGGTCGAAACGCCTTTCAGTATCCGCCCGTCGGTTGAAGCGTCCTGTGCGTCGCCGTCGTATAGACGAGCAGGCGTCTGCGATTAAGGTCCATGACCCTTCGAGGACATGCCAGTCTTATAGGAGTACTAGTGAAGAAATGCATATTGTATCTATTGTAGCCTCGATCCTGATAAGTCGTAGTCGTTCCCCGACTAAATTATATATTCTTATTCTTCGTAATAGTTGTTCATTCGATCGAGTGTGGCTACCATTGGAGCTTTGTCAGGCAAAAGAAGGTAAACTATCTGTACAGGGGGAGTGTGGGATACTATTTATTACCGAATGCTCATCACGGCCCGACGACGCAAACATCCCCATGAAAGAGAATCGATGTAACGGCTCGCGGAGTACAGCTTGCTGCGGCTCCTATAGGCAGCTTGACTTGAACCAAACAGGGCAAAAGTTCGTATTCTCCAAAATGCGACACTAAATTAATGACGTGGACTAGCTAAACCTCGAGGCCGGTGGTTCACG,763,48.1,Escherichia coli
SEQ_914101,AACCGAAACCTTTAATCATTGCTAGACTTACAGATTTTCGCTTGTTTAGTAGAGTCGCTTTGTCTAACCTGTTCTCGATTTGAGACTTGACGAAATCGACTTCTTGAGCTTGTGTGCAACATTTGGCCACAAAACACTTCATACCATCGTTGTTCTCGTGGGTTGTCTTTAGATTCAACGCTCGTGACCGGCCTTCCAAGCAATATCGCATCGATGCAGGACAGTCGTGCAGATGGTGGGGTGTGGCACCTTTAGCTCTACTTCTGGTGAAGCTTGTAAATAACGGTCTGCGTCTCGGGCGCCATAGAGTTCTACCCGAAACTCGGAGCAAATGGTAGATGTCCACTTCACAAAGTATCAGCCATAAAGCCATCCGCGGGACGCGTACGATGGCTAGTAGTGCCGTGTTCCAGACAGAGGTGTGCTCCAGGGTTCAAAAGGTGACTATCTCAACCTTATATGGTACTGCCTGAAGATGACTTCGTTCTACTGTTCGATCTTATTTCATACACTTGTCTGTGGTCGCGCCGCTCTTATTAGCACTGTTTATCTGTGTATTAGGCAATAGTTGATGGTGACCAATCTTACAGTCGTCATTGCTGGTTATTCGTTGAGCAGAATTTAGCTCTCTTTCCCCACTAGCTTCTTAGAAACGTATAGTCAGACAGTCGTGAATTAGTCCAACCAGCCTATGAGGGTGATTTTAGAATGCATGAAAATTTCGGTTTTGAATACCGAATAGCATTACTCCTAATCAACATACCTAGCCAGATGTTACCGGTTCGTGGACCCCGCGTAAGATGGTATAGTCTGCGGTGTTTGCTGCCCTGTTCGCGGTTGCGGTGGCCTATATTGGGCGAAGATATGTTATTTCAGCAACAACTTTATACCTTCAACATTCACTCCACAAAGACGCCCCTCTGCAGCAAAGTACCAAACATAAGCGATGTAGGAAATCGATACGAATCCATGAGGGTGCACTAGTATAAAAACTATTGGACAGGGACTCCAATGTCGATGGTACACGCAGAGTTCGCCCGGGAGATTTCGAGGATTCGATATAAAGTCTCGGCAGACACAGCTCACGCACAGAGCAACCTACGGTGCCGCCAGCATTTCACATAGGCCCTTTCTAAACGACCTCCTACAATGTCGGCGCACAACGGGTGAGGGGTGGGATCTTACCTTGGGAACAAGTCGGACGTTCTATTAGCCCGCTCCGTGAAAGCACAGTCTATACCGGCCGCTCATATGACTCTAGAAAACCAGAAGGTACTCGGGTTTGTAGCGAGCGGGAATATTAAGAAAGGTAACCGACATGAGGAGGTCATTGCCAGTCGCGTCTGAGTAAAGGGGTGGCTGACTCAGGGGTGTACAGTAGGCTGCAACGCGGGTACCCTTGATGAGACAAATCGTTTCTAGTTAGACTGTAATTTAGGATCTCGGGGCCACGCAAATCGCGCAG,1465,47.71,Saccharomyces cerevisiae
SEQ_391716,TACAGGCACAAATTTACCTAACTTGTCATCGATTTCGGTCACTCCATCTTCGTGCCAGGCCCGTGGTATAATGTTGTCCATCAAAGGAAGAAGATTGACCCGATCGATAATACATTGTTCTATCAGAGGTTCCGTATAGTAGTACGATTCATGCAGCGAAAGAGGGCTAGACTGTCTGATACCCGTGGGGCTAATTCGTCCTGCTGGCGTGGGCCATGCAGCTCCATGACGAATGGGATTATAGCTGCGAATTCAATGCTGGATACAACAATCCTATAGCTTAAGATAGTATCGCAACTCACGATTACGGCTGCCCTCGCTCTAGTTGCGATCTACATGCTTATTTGTTGTGACAGCCCTGCCAAGCAGCGTGGCCGGAACGGTTTTTCCAGTCCCAAAAATACTGGAGTCTAAAGATCGCCGGGGAGTTAGAATTGCGAGTGCATGCCCTGTGTATTGTGAGTGACAGTCAATGTAGCGGGTTCATTTGGGTCAGATATTACATATGTTCAGTCCCCAGCACATAGCAAGAGCTCCGTCATACAAGATAAACACCCCGTTGTCGCGCCTGAACGGGTCTCACCTACGCGCCATAGTACGCAAGCAGCACAAATGTTCTGGAGTCCACGTAGGGAATGGAACGTCCGTATCTGCGGAAACGTACTGTTCCTCATACTTAGGTTGTGCCGGCGCCTACCCCCTAGTGGCATTCAGGTCGGAAGCAGCACCCA,731,49.66,Caenorhabditis elegans
SEQ_265573,TTCTACGAGCATTATAAGTTACAGACAGGTCAAATCACCCCTAACAGCGGTCACTGGGGTTGGCTTCTTCCACGAAATCTTAACACCCGTTTAGTAATATTAGTCTGCTACTAGTTGGGTATCCGTGTGAGAACTCGGGTCATTGTTGATGAGCATGCGGAGAAAGCGGTCGGGAGAGGTGGTACTAGAAGCCAGAACCGTGACTGCGGGATGTTCGGTTGTTCCGCTACAGGAGGCCCCCGCTAGTAGGGATGTTGATGCTTGTAAGTTAACTTAGATATGCCATGGGCCGTATGTATGCAGCGCTTTCACAACCGGCTTGCATCACACTTTGTGTCTGCGATAGCGAGGTAATCCAATCGATGTGATGCCGCGCCCCGATTGTCTCGCGTTGGTTGAGGAAAACTCAGACACGTATGATAGTGGCTTGATAGGCTCTGGCACATAAATGAGCGTTGTTTTTCGCCCCTAACGTCATGGGTTAAAGTAATACTTGCAACCTACCTTAGAATCTTTGGTGCAACACGAGCACATTGGGTTTCATCCGCTGCCCCATACGCTATAAGGTGGGCACTTACAGTTGGCAAGGGTTACGCAGATTCTGTGTCAAATAGGAGTAACGGCCCTGTCGTAACGGTAGACGAAGCCGCAGACGTCCAGGCTAGATATCCCACGCGAAGTAGTACAATCTATACAGTGCCGTATGGCTAGTCGTGCCCCCTGTCTTCGGGTGTCATAACGGGGAGCAGCCGACCGTAACGTCTGCGTTTCGGCGACAGTGACTCTCGGCTGGATCCTTAGACACCCCTAGGGTATACGAGAAGGTCCCTACCCAAGGATCGCTGCATTGGCTTGCGTACCGTGGGATCACGTCCGGATAG,881,51.42,Drosophila melanogaster
SEQ_877670,CATCAATCATGCTCTATGGTGGGCCCCCTACGGAAGGCTCTTCGTCGCCATAATCAAAGGCCCAGAGCAGTCGACCTGCCCGGAGACGGCGCACGCTAACGAGTCGCGGCTGCGAAACGGAAATATGCCTCGATTCGCAGTTGACCAGCGTACGAATGCGCCGAACAAAGCTTGTCTTGATGAGAGTTTGTGTGTACCCGATCGAACGCCTCTGTGTTGTGGAAAGAGAAGATTGCATAAAACTTCCATCTGCGGCTATGTGAACTTAAGGTAGCTTGCTCACTATTGACTCTGTTGAAATTAAGCTAGGCATCCTAGTAAAACTGGACTCCGGCGCCTACTTCGGAGTTAACACAATACTGGATGGGAGACACGATCCGGAACTACAATCAGTAAAGGTCTTGGATCGGTCTCACTCCTCGGGGTGACGGAACGCAATGCCTCTTTAACATTATTGAGGGGTATAACGTATCAATAGCATTCCAGAAATCGGCCCGATTTAAAGAATTCCGGACGCGAAGGGATCTGGACTCCCCGGTTTTGCTACCCAAAAACCGTTTTGGTCAGTTCTCGGGAAGCTGTAAGTCAAAAGCCGTCGCTCTTCTGATGTTTGATCACTGCCCCGTAGTGCCATCCGATCGTATAGGACGGCGGAACATGTTTTGTTTTCATCCGAGATGTGCATTGTATACCATCCAAAAACACCAGACTCTCAGTGAGATAGGGTTGCGAGTAGGCAGTACTCGTCCCAGGATGAGACAGGCTTAGGGAGCATAGGGACTCATAAGCCAGTTAAGGACTCCCGAGCGATTAGTGAGCGTTTGAGTGCAGCCTAGCGTCGACCACTCTACCTGCCGTCTTGTGGCTGTCGGATTGGTGAGGTAATGGCTGAGGAACCATTTTGTCGCCGGCGTTACTTCATGGAGGAGACTGTTCGACCGGCTGCAAGTTCTACGTCAATGCCCGCATGGCCGGTTATCTTCTTTAGGCTCTCATTTCGAAAAGTGCGTCCGCTCTCAACAATGTGTACGTATGTACAGCAACGGACGATGTGAGTCGGTAAGGCTTGAACGATAAGATGCGTTAAGTTTAGGTTCGATCCAGGCGTAGGGAGTCTCACAATTCTTGTAGAATAGAAGGGTCGCATGTTGACGTGGAAGACCCCGGGTAGCTCTACAACCCAGCGGAGTAGGATTCTTATAATCTGTCTGCTAGTATAGTTTTCCGGCGACGAGGGGATTAACCGTCCTCATAATACCCCTGTCCTGTCCGGTAAGCTATATCTCAAATGGAGCTACGTCCATGCATGCGCG,1313,50.34,Saccharomyces cerevisiae
SEQ_651644,CTAGGGTCGTAATCCGCCGCTGAGCCCTAGGGGATGATGACAATATTGAGCTTTGATGAGTGTATCGAGAAATGGCGACTGATGTCAGCCCCTGAGTACGCCACGAACACTCTCCTTCCCAAGTACCACTCTCCCTCGCCGACTGCCTCACAATTGGGCGACGAGCTGATAGAATATAAAATACTTTAAAGAAGATGTTCCTCGCTAGAAGTTTTTGTTGGGGAAGGGTTACATCTTAACTATTCCCGTAAAAAACATCCTATGTCAACTCAGGGGTAGTCTATATGAGAAACTGCGTGCCGGATATTCTGGGGTGTACTGGAAGGTGATCAGAACGTCAAAGCTAGTCATGATATCTAAGCCTTAAGTAATTGCAGTCGAAGTTAGCGATGGTCCCATGCCCACTTGATCCGCCCCAGTGACCGTTGGCCAATCCCGATGTGTCAGTTGAAGTACCTGACAGTTTGAGTGTTCTGCGATCTTTATAGTTCAGCCTATTTAGTGGACTGGGAAATACAAGCTTTGGTGTCCACGCACATTATACTACAATCTCCTCACGATAGGAGGGCAGGGCCTCTAGGGACAAGACGGGTATAGTTCGCTTTCTAACAGCGTACCAGAAGCAGAAGCCCCCGTAGCTCTGTTGAGCCTCCAAGTCTATGCTCCCGATGGAGCTGACGATTACGGTAGACTTGTCACCGGGGCGCTAACTGGCGGCTTTACCTCTGGTCTTTGCCGTTACGAACCTGACCGTGCCTATTTCAGCCTTTCGTAACAAAACGTCCAGACAGTGATTTGGACAGAATAGAAGTGCACCATAAAATAACGAGTTCCAAGTGCGGCTAATTGCGCACTGGCAAAATATGTGGGGTGTTAGCCCTACCCCACCCACGATACAGCTGCCCACGAGGCAGGCAATTGAAGTAATCCAACGAGCGCGGATGAACCAACACAGGCCTGTATAAGGTAAGTGCTCCTCCCGTGTATGTTTGTGAACAATAGGAGGCCATAGCAGTCTCCGTGTATGATAGTTTCTCGTATTGACGGGGCCGAATCTCTATGGGAGATGCCTATTTACACCCATCAGCCGGGTTGGACTGGTGGCGTACGTAACGTGGCCGGGTGCCGTACTGCAGCGGGTACACACGAACATGAGATGATTGTGCTAGATCGGAGTACGTAGGTGGACAAGTTCGGCTAAAACGTAAAAGGTCCGTGACCAGCTTACTCGCCAACGTTAATACTAGCTTTATCGTCGTTTCCCGTGAGTACGTATATCTATCCGTGAAGGGACTCCGGACAGCCGTCTGGCCCAGTCCAGCATTGTCGGCAGGCCCAGTTTGACTCAGCTCTTCAACCACTCAAAACAACCATCATATACAGGTGGTAGATCCTTTCCTAACGACGGAGATCCCGAAGGATGTAACAGAACTACCACGTCTCGACTGCGGTCGTGAGTCGGGCCGGATCGTGGTTGAGAGTCCCTGACCACGCGTGGGTTGGCTTTTATGTAATCCTCTCGCCATGGAAGTCGTCGCACATCCTTTGCTCCCACCACTTATCAGCCCACTCACACCCGGCTAGTAGACTCCGCGCTACTGGTACGCTAGACGTGCAGGTCCGAGGACTACTGCATGGTTGCCAAGGCGACGGGTGGCACTCCCGTCCACGTAGGTTTCATGGTCGCACGGCCGCCAAGATACCTCAAGAAAGACAGAGGAGTAAACATGCTCGAGCGCCACCGCACTAGTTGCTAGCTCTCCCCATAATACTACCCAAGTCTCAATGGCACCAGACCGAACGCTCGATTCTATAGCACCCGCGCCTATTGACGGAGGGCCACTTAACGCCTGATTAACTGCATAAACTCTCCCGGTCGGGCGGCCGGGTTGTAGCAGAACGCTCGTAGTATGACATTAGTTGG,1924,51.61,Escherichia coli
SEQ_472681,CGCCCGACCAGTACACGGTTGAGCCTGGTCCTGACAAGCCGAGTATGGTAAGCTTCAATTTGACTCACATAAACAACAGATCACCTCGTAACGCTCGATGGCTCCAGGTTCGGATACGTTATGTAGCTGCAGGCGGGAAGGGGCCCAAACTCGTCCTCGGTCAGTTTTCACCACACCTGAGACTTCTCGTCTAATCTATTCGCCTTCAGTATGGCGGGAGATATCACGACCCAGCTGTGTAAACGAGCGCAGATCGCCTCTGGATCCTTGCATCTAGATACACATCCGTTACACGGCAAGAATGCTGCAGCGTGGGTTTCTTTCGTACATTAGCACGGATTTTAGGGAGCGAAGTGGCGGTAGACCCCAGTACTAACAGTGACCACGGCTTAGGCGCACCTGTAACGCAATTGTAGGATTGCTCATTCTGGATACTGGTACTCGATACTATGTACTGAACTATAGTCGAATTCCTTGTCGGGGAATAAACGCCTAAATGACTGCGCTGAGGACACTGTGGCCCAGGCTAATAAGGTTTCAGAACACGTCGCATTTAACGCATACTAACAGTAGATCAGCACGAAGTCATTCTGTCATCATTACTTCTCCGTGCCGGATCATTTGTGATGTGAATTTTTCAGTCAAATCATGGTGTCCGAATGGGTGCTGGGTTTTGATTATATATGTGAGGGTTCGCTCATATGCAGCGTTCAGAATTGGGCCTACCGGTTATTTCGTCGGA,742,48.92,Saccharomyces cerevisiae
SEQ_923385,CCCTTCTAAAAGCAGCCAAAGATCGGTATATTCCCGCGTGGTATTATATCCCTGGGAAATTCATATTGTCACGGAAGCCCACAGCTGAAAAACTGGCAGTATTAGAGTCTAGACCGGTACGACACTACATCGCTCGCTTGTTGACAAACTTACATGACTGGGTCCGGCTGGCTGGAGATTGGACATGGCATAACCCACACAGGGTAAAACATTCCTGATAGCCTCACACTACCGGTCCGGGGGTTGGGCGCCAATTTCAAACATAACCATGCCTCTTTTGCGCGGTAAGCCATGGGGTAAAAAAGGACAACCAGCAGTCTCTCATCTCAGATATCGGCGAAAGACGATTCCACAGTGTACAGTTTCGGCATAGCCAAGGTACTTGAACATCGGTAGAAGTCTCGATAAATGGCTGACCGCCAGCACCGCCGCATTCCGAAACTTGGTCATCCCGGTCGAGCTTGATCTAAGAAAGCCGATACCATGTTTTGTTCTAAAAGCCATTAGTCAGCTCCTGCCATCTTGCGTCCATACTTGACCTGACTGACGCGTGTTTCTATGGAGCGCTAGCATCGTTTCTGCGCAGGTACAAGCCCGGCCCGACGCGACACAAGACCTGGCGAATGGTCGTTCCACAGCGGGGCCCCGCTCATCGGTCTACGGCGTTTGTTCATTCGCGTTTCCATCCACCCTTCGAGCATTCGCGTGAGGCTGTGGCCGATTTTAGGCCGGAATACTAGTACCCTTGGCAAATCGCGACTCTTGTGCGCAGCTCAAGTTGAGACCCACCGGGATCTTATTCGCCGGTAATTTGTTATGGCCGTTGACGATAGATTTTGATCGTACTGCTACAGGGCGTGTCACCCGGTGATATTCCGCCACTAGAGAGCACCTCCGCTAAAGTACCTATGATCCACGCACGACCTAAAGACTCCGGCATTACGGCCTAGTCCGCTCCTAGAAACAGAGGGACTGCAGAGGCGACTAGTTGCTGCTTAGGGCTACCTGCCCAGCCACGGTATGCTAAGCGTCGAGTCGTGACTTGGCGGAAGTGAGGTACGAGCAGCTACTGACACTCAGTGCTCTGTTATCCCCATTGGCCCTCATTATCCCTGTTATACGTGACTACATTTATCCATATATTCCAGGTCTAGTGTGTAATTAATGCGCCT,1172,51.79,Arabidopsis thaliana
SEQ_177424,CATTTAAGCTAACCGTGTTCGAATATAAGACCGGGTTGCGTCAAGAGACCGTTCTGCGGCCAATCGCGCTATCCCTTTTCGATGGGGATCCACTCTTTGCGATGTCGGGCTGTGAGTGCAAGGCTTATAAAGTCATATGTCGCGATAATTCAAAACAATGGAATGGAATTCGAGATAGCTGCCACTCCACACGGTCTGGGCGTGTGAGCCATTCTTCGTGATTATCTCAGGGGTGCCAGCTGTCGCTCCCCATCCTTCTAGCAGCTCCCATAAATACACGCGTAGATGTTGACTTCTCGATTTACACGCTGTTCAACGGCTAATCCCTGCTGCATCTGACAGCAGCCTGCAGAATAACGTCCAGGATTAGAGATCGCACGGAAACAATTTCGGATATGCATCTATGTTTGACTGAGGGCACACCGGCTCGTTTATATCTTAGCTCTCCCAAGTCCAATCCCCTGAGCCAGATGAGAGCACCTACTGTTCCTCCTTAAAACCTAATCTTATGTTGCGACCTTGTATGGCACCAGTAGCCTCAATTTTGAGAGGTGTCCATGCCTTTGGCAGCGATGCGCCTGCGGGGCAGGCCAGTACCCCGTCGCGCGTGCACTGTCAGCGCCTAGAGGTAAGGCGCACAGGCCTGATAACATCGATGCGCCCCCATATAAGGACTGTAATGTAATCACGCCGATGTTACCTACTGTACAGGTCGCTATTTTGGGTACTGTCAAGTACTAATCTGAAGTTGCGTGTGTACCGACTTCCCCCCGGGGAAGATTGCGAGCATACTATCGTAGAAGGGTACCACTGGCAAGGAGATTTTATAGCATTCGTGGCTGAAGATTCATTTGTCGAATTTTAGCGCCTGCCACCGCCTGAATAGGGTTCACACAGGGTTGCAAGACATCCTTGCGCGGGCCTGGATCGACCGGAGGTTGTAAATGTTTATGCGTGCGGCGCGATCTCGTTCAGTACACCTAATAATGGGTTCATAACGTGCCCGCTGGACATGAGAGCCATACCTAAATCTTGACACCTTAGCCCTACGGGTAGGAACGTCGTCTAACCCGTCCGCGGTCATTTACAGTTTATTCTGCTGTCAGTTACAGCGTGCGTGCAATGCCAGCCTCGCCTTGCATACTTGAAACCTCTATACAGACGCTCGCGCTCTTACCATACCTTAACACCTACTTGTGCACGTTGCTGGGTCTCAACACCGTGGGTTCGTAATGCCACGCCCCAAGGGCCAGCCCGCCGATAGCAATCACATAAGTATAATGGAGAGATGGTGGCTGCGTGGGATGTCTCCAATGCTAAAGTTCTAATTTTGCCCAGTACCTAACTACAACATCCGCTCAAAACGTATGGGTGACAGAGTCGTTACTCAGTACTAACAGGTAGCTCATAGTTTGCCAAAGAGAGCGCGGTATTCGAACACCATCACTGTTAACAATAATGCAAACTCAGTTGGGTTAGCACACCTCCCGCGATACACACGCAGCTCCATTGCATCACGTACAACTGTGGGTCTGCCTTTATGTTCGACACTTCGTTCGGAAGAAG,1566,50.45,Caenorhabditis elegans
SEQ_691420,ATGAAGAGTGGTTTGCGGGCACGAGGGCGAGGTCTCGGCCGGCGCGGGGTTTTTCCCCATAAAGTTGCGCTCAATTGTTTGACCCCTCGGACACTCTAGATCCTGTAAAGCTAAATGGGGATGGCGGGCCCTGGATCAGTCTCCCATAAGTCACTGGCTTAGCTCGTGTATGTTTCTGCTCTGTCTTGGTATAATTTCAGTAAGTAAAGGTTAACTACGAAAGTATTAACTGGCGAGTATAGTGTCGCGGTCTATAGATGCGCTAGATGCAAAGACTCCAGACCGGTCCGACCTAAACAATTTCGGTCGGGGCTCATCTGGGGAAGAAAACAGGCACACGGGAAAGTGCTTCACCCATTGCGCTGGATCCCAACATGGCCCAACCCGATCTTGTTACGTGCTAGCCGCAAATGTATTGTGAACGTATAACCTCCTCTAGACTGCTACGGATCGCTCGCGCTTGAAATGACGGTAACGTCTGACAACCTGCAAGCTACCAACACTTATCTCTGTGTATGTCAGCAGTATAGGATGACGTGGATTACCCGGGAATCCTGTATAGATCTTCAAATCTCTCAGATCTCAAAGTAAATTTACAGTCGGTTCCGTTGATCTTGGGCACACTACGAAGTAAATCTCCCGTACACTTCTAACTGGGGATGGACAGCTTGTTATGATTTGGGTATGAAATATGCGAACATGAGATTCATATATAGTTGTGCTCTGAGATCGCCTATACCGCGAAATCGGGTGACTCACGGAGACAATGCGCCTGTAAGGAGCACGTAGGGTTCTGGAAGGGGTGCCGGTACTAGCTTTGATTGTCGGTCGCATTGCCTGATTTCACTTGAACATAAAATAGAGCCGTCTCAGGTGGGCTACCAACGGCCTGCGGCAATCTATTATGTATTTAAAATGGACGCCTCTATCGCTAGAAGGTTAAAACCTTTTCCACTGCTAACTCTACACGTCGATTAGGTTGTTTAGCACCTTCACCTTCGAGGCCGCTTATGGGCCGGACGATCGAATACGAAGTGTGCGGTTGGCGTTTGTTGGCCCTCCTGGTCGTATCGCGCGTTATTTTCGGCGGGTGTCGAAAGCAAAGACTTGATGATGTCCAATTGGGACTGCGGCGTCTCTGTCATAATTATAGCTAGGCTCTTAGCCCTTCGTGCTTATAACCAATTGATGTTGA,1195,48.62,Homo sapiens
SEQ_214068,GTTCAATGGACGCGACTTCAGGATGCCTTCACGAACAAACAAGTAGTGATTTTTGGTCTAACAATAACAACGAAGGGTGCCTATTAGGCTCCACCCCTCTTTTAATCACGTTCGATGTGGAAGTACACTACTTGGAAGAAAACGGCTTCAACTAATCCCAGACGCTGATCGACAACTGAGCTCTTAGCTTCATGTGCCATGGCGACATAGTGCAGTCATGAGCCCGTGAACTATCTCGCTCCTTGGACCAATCGTCTCATTCCCTGAACCAGGAGACACATGTCTTTTTCCGTAGTCTCAAGTCAGCACCGATCTCAAAGATTAAGACCCAACAACTGCATTCCTGAAGTATTCCGCGTCGCGCCAGAAAAAGTAGTACTAGGACGGGCTGTAGCAGCCTATCCCCCGAAGTAATCTAGATTGATCACAATGTCACAGTTGACACCATTGCGCCACCTCGTTTCTTCGGCTTAAGTCCGTACTAGGTTGTTCTGGGCCGTGTGATTGGAGTACGCGAAAGGCAATTCCGGAGGAACGTTGGGGCTTGCACCGATTGTGGGTTCTTATTCCGGCTTGAATAGGCACAGATTACTTCCAT,598,48.33,Saccharomyces cerevisiae
SEQ_407748,TACAGGCTTAGTACATACTCTGTGAATTTACTTCACAATGTAACAAGTCTTTGGACATGATTACGGCTCACAATCGTTCGGCGTGACTCCCGTCCTCAACCTCTGCCCGGTCATCGTACAGTCTCTCCCAGAAGTAGACCTAATGCGTTAGCGAGTGGACCAGCCGCCGGAAACGCTGTCTACCGAGTATACCCAAGTTTCAATGACTCCCGGTACGACTATCATGGGCTGCTTTACCCGCCCTGGCTAGATTGATCATACGCCTATTATGCTCTCTGTATGGAGTGCGCTCTGTTGGTAGCGCATAGGGATTCTGTTCGCCTAATAACGAGTTGTGGCTTTCAGATTAGCCGCAAGGGTAAACGAGTAAGGGTTCACATGTCCATACCGGGCAGGGAAAACCGCTGGAGTCCATGACGGAATGCGGACCCCGAAAGTGCCAATCGTCCGGCGCCCCAGGGGG,463,52.48,Homo sapiens
SEQ_960342,AGACGACCGCGGACGTGTTAGTGAAGCTCTACAAATCGTTTTCTGCAGTCAGGCCAGGCTGGGGCATTCTCACATCTTCTAGTGTAACGCCAACATAGATGAGGTTATAGCGTCATAACTGCCCTAAAGATAACAACGAACATCCACAATAAGCATATTATGGGATAGGAGTTAAGTCAGTCACCAAACGTCGGATGGGGTGTTATTCCCGCGGGTCCGCCAGGCGGTCTAGAAAACGTTCGCGCGGCTCTTTGACCGCTGCATGCGATTACGTGGCATATTAACCGGCTCCTACCGTCGCTTCTAGGTCCTATATCCACCAGGGCCAACAGATGCTGGTTAATGGTGCGAGAGATAGGGGCCGTTACTTGTGATACGGGCACGCTGACGTGGACAGCGACATAAAGACAAATGCTCTGCGTCGTCGGCCCCCACGTCGTTGGGCTGAGGCCTTTGCCCTGGAAAATCCCCAGAGCGCGTCGTCCACACGTTCCAAAGAGTCGCTCTTACTTGTATGCACGCTGATCCCGTGGCACTATCGGCCCGCTAGTCTAAGGCCGTAAGTTTACTCAAGCCCAGTGCACAACGGTTAACAGGTGCTTGTAGTCCAACCAAAATCATAGTTTGACTTTCAGGCGGCTTAGGGGCGTGTATCGTATGTCCTTCCGACTGGATGGTGGCGCGCTAGTGGCGAAATCCGCTATTGAATCGCTCTCTTTTATCAGTTTGAATGAGCCCTGGTATAGTGCGGTATTCCGACAGGCTCCTGACTGGGCGCATAGGCACTCATCAGGAAGCAGTAGCTAGCTTCTGCCAGTAGATTCGGCGGGAGCTAATGTTATCGCTCCTCACAGCTTCGGTAGGTTGACGATACCTGGGTCTGTGCTAGTGGGAATCGAGACATTAGGCAGTTGCTTCTAATTAACATACCTACCGTATTATCAGTGTCGGCCCAAAGTTGCCGTGCGCTAACTCACTCGTTACTCATGGGCACCTTCGTAAGGCGAAGCACCGAGCA,1018,52.36,Homo sapiens
SEQ_744415,AATCGCGAAAACTGCATAGTTTCGAGTGTTCTCTGTAGCTCCCGTATCTGGCCAGTTTCTGGCGATCATAAGGAGTTTCCCCAGCTCATTTAACTGTGTATACATATGTCGATAAATAGGCTCATAAATAAGCGCTACGGGTACGTTAGTTGAGCCGTACTGTAGGTCGGTTAACTCGCGGGAAGCCCGCGGGTCGCAAAAAGCGCTAGGGTATTGGGCTTGTAATTGGAAGGGGTGAGTGCCTACCGTCCAGTTACAGTTAGGAAAGCGCCATCTCGTGCGCATGACCACTACATACGGCCCTTGGCGGGCTCCGGTGACCGTGCACAGTTGCTTGTTCATCAATCGCACGGAAATCTCTCTAGGGAAGAGTAACGAATGGACCACTGAGACCGGAAGCGTGCTCGTGCGTTAATAAGTGATTTGAACAGTCAAAACCTGTCCAGCGGGCAGAGGGGCAACGGCGATCGTATTCAGCCTTAAGAGTAGGACGGTTCCAAACGAG,505,51.29,Escherichia coli
SEQ_976822,AATCTAGGCCATTTAGCCCTTGACCTCCAGAGGAGCCAAAACATTCAAAGCATGTGGGATAAAAGACTCCTTTACACCTGTTAGGCGCATGACCGTCGCGGTACAACTTGTCACAATACTGCTTTGACATTCTTCCGCGGCTTTAATTGCCAGCCTTAATCGTACCATGCCCGTTACGGTAGCGTCTCGCGGATCACATCCCGAGCGCCCAAACTTGTGGTTAGTATGCCATCCATGGTGCGACTTTTCGATGTATGATGTTTACACAACGTGTGATTCATTCCCGATAGTGGTGAACAACTGCTTGGACACGGCATAAAGTCGGCGCAGG,331,49.24,Caenorhabditis elegans
SEQ_680774,TGTGGTTAAGGAAGAAAAGCTATCCGGACAGTTACGAAGCGCCATGGAAAGGCGACCTTGTGCGGATAGAATTTCTTGACGAAACATGCCGCTTTAATTTAAGTGTGCCTAATAGGTAATATCATGTCATGTTCCCGTATTAATTTGCATCGTACCTCCCGTCTTCTCCAATCATGGTCTCTGACGCCGTAGAACACGAGCCGGTTCGGGACTTTAAGAACGCGGTAAGGACCTTGGCGCCATGCTGGAATTGTTAACACCCTATGTCAGAAACATCGGATTCGCTCCAGAAATCCGTATCCGCAATACCCTCGCGATCCGAAGGATAGCAATCCACTGCCGCCAAAACCATCTGATCCCGCAAAATAGGACAACGATATAGCTCCGTCCGTCATTTATTATTGCGCAATGCCACCAACAAGCAAGTGACCATCTTGAGAGATTCGACGGGCACCTCCTATCGTTCCAATCCTATCTCGGTTCGATACTCAGACAACGAATCTCGTGTGCTAATGAGCCCGAAATGGATCCGGAGTACCGAAGCTGCTCGTGTTAGGCACTTCACGTAGTGGGGCCCACTCGGGTTTGTTAGGCCATCAGGGGTCGTTACGCCATTATGATACCTCGTGGAAAATTGGCATACTGGGGTTGTAAGCTGCGTGCGATAACCCAATTGAAGTGGATAGCGGGTCCATACGTGTCTGGGGAATTAGCCCTATTGGGAGTTAGGGTGCTTACCTCATACATGCTGCCTCGGAAGCTCGACCTCTCACGGGGGGTACCTTGCGAGTTTCCGATGAACCCGCGCACGAGAACCGCGCAATCATTCAGTGCGGGCGACTAAGTTCCTGTTTTGGCCGGCCGTCTTATGGACAACTAATGCTTGAGCCAGACCATGTTCATAACTGTTAAGTACGTTACCCCTAACAATGTGTCGTGTTCTGATTGAGATAGAAAGAAGGCCACCACCCTGGCGACTGTAGAACGTCGATAGGGTATTCGGTTAAACCGTAACTCGGATCCAACTGGCTGGATTACCAAGACGGGCGGAGCCTCCATACTCTAGTCGGTCGGTTTGAGTCCCTTAGTGGCATCTAAATTACCGATAACCTCTCGAACTCGTGAAGCCAGCGTACCACAGATTTACACTCCAAGTATAAGCACATCACCTCGTCGACGACTGCAGCGGTCATCTGGGGAGCCACCACCTATAGTGCGAGCTTGCACCTTAGTTCTGAGACTTTGCGCGCTCCCTCCTTTTGACATGATGTTGTTAGACTAATTTTCCGAGTCCAAATCGGCACGTAAGTAGTCAATAAGCGACGCCTGTGGGACGCTAGTGAAGATATAGAAGCTGTGTAATGCAGGTTGGACTAACATCATAGCACGGTCATGTTCTAGTATCTTTGCATTTCAAACTTGGAGCCCGTGTGGAATACAACCTCAGTTTAGCGATACATAGT,1463,49.49,Homo sapiens
SEQ_593637,CCGTAACACAGGTCAGGCAAGGCTCTCTGCGTGGCAGTGTGGCAACACCAATGGTTCATGAGACCCCGAATAATGCCACGGGATACTGCTTGTATCCGCGGGTTCGAGCCTGCAGTGTCAGATAGTGTGGGAGGACTGGCTCGTGTGACATAGATGGGTGCTATGGTTATGTATCTTGGCTGTGCCCCCCGGGACGATGCCGCCTATTGGTAAGGCGTCCAGTATTGTCCGCGACCAGCATCGTATGTGGGTATACTCTCTAAGTAGCCAACATGTATTTATAAGCTAAGAACCTTCTATTTTGTTCTGGGCAAGGGCAGTACGGAGCAACCAAGAATTTAGACCCCTTCTG,352,51.99,Homo sapiens
SEQ_331885,TACCCTCACAATCCGTCTGTGGCGTTTACGGCATGTCCCTATCTGTTAGCAGCACGATGCCGCGGCCAACGTACGCTACACATGTAGAGTGAACCGTAATGAGGTAAACCTTTTGCGAGAACGCGCCTCAGCCAATAACACT,142,52.11,Caenorhabditis elegans
SEQ_149520,CCTCTTGCCCGGCTTCAAGGAACTTATCTATGCACGCGAAAGGTCGCCGAACTCGCAGGCAGGCATACGTAAATAAATA,79,50.63,Escherichia coli
SEQ_999283,ACTTCTGTTTCAGGTGGTTTAGTCCTTCACCGACACCTAGGGGTGCGCTAAACAGGCTTAGTCCGTTGCAGGCTTAAACTGTTTTGAACGAGCAAGATGACTATTTCAGAAACTACGAGGGGAGTGTTTGATCGGATCCGGGCGCATTTCGGTGTAACAGGACTAGTTTTGCGTGAATAAGGTCCCCGAGTGCATGCCATATCACGGCAGATGTCACCGCCGAGCGAGGCTATTAGTTATATCTTATAGGCTTTGGAGGTTTCAGTCAAATGATAATTGTACTCGCCTTAGGATTCTCCAGAGGCCCATTCGGCATCATTCGTTATCCTTCAGTACTAGTTGCGCCTCCGGTAGAAAGTGAATTAGATAGCTCCACACGGTGGACAACACTCCCCCGGTGTGCCATGGAGCTGGGGGCCGTGCGAAAAAGATTGCTGCTATTCGGGCAAAACTCGTCAACATAAGAGTATGTAGGTAGAGGGTGTAAGGTAAAGAGGCTACTGAACTAAGGCCGTGACATAAATCAACCTCGCTATAGTAGCAAAGAGACGGCATGCAGATACCTCAGTTAATAAGGCCTGTAGGGGAGCGTTGTGTACCACCATACGTGATTGAGATGGGCGTAGGTACGATACCGACGAAGATTCGTGAGGGCCAAAAATAACATCATAGTGATCGGCTTTCGTAACCTAGATACCCGGTGTTGGGGTTTCGGGTGGGCCCCGGTTAGCGTCGGCATAATGCGGGATTGTTGCAGGTGTAACTAGAAAACGCAGTGTGCGGGCGTGTCAAACGCATGTGCAACTCACAAACTCTGCTAGCATCCGCTCCAGGAAAAATTCCACTAATGGCCACGCTGGAAATTTACGCGTAACACCAGCGGATCCTTATGTCTTGCGCTGCGGACTTCCAGACGGGCCGCCTGGCCCACGCTGTTCTCTTTGCTGACGCACTGATGTTGGAGGACGGATAAAAGCCCCCGTTAGAGCGCAGTAGTAACCTATTATAGGGGGGTAGTGGAACAGGCTGAAGCGCACGTTAGCAACGTCATCCGGATGGCGGTCTAACGTAAGACATGGATCCATAAGGGACCACCCCAACAGCCCAGATTTTGATATTCCACCCCGTCCTTGCACCCTTGAGGACCACAACGCATTGCGTTGCCTGGGAGCGCACCAGATCATCACAAAATCTATTCGACCAATAAGCAGTATAAAATGAGCAACAGTCCACGAACACGGGATTAAACCCATACTGGAAACTGTGTCGGGTCGAATAACCCACAGGTTCACGATTTAGCCTTCCACGACGTTTGGGAGAAGGTTGATTGTTGATAAATCCGGATACACTGGTAGAGACCCCTGAGGACACAGGCGACTTTCCCCAGGACGACTGAACACCTACCTATCATATGACTCTGCACTCAGGCTCTGCTTTCGGCACGACGGGGCGGGTGGGCCTTCTGTTGGGCGCCACGTCGAGGCGGACTAATACGGCAAAGGTGTTTCTTGTGGCTTACGGAATGACACATGCTGCGAATCGAATGACCCTCCACCTAGGTGGTTTGCGAGGGCAGTCCCTTAGCCTCCTGAAATCTAAGAAGCATTCAGGACCCGTGAACAACGAGGGCTAAGGGCGTGCAACGAGGCCCGGGAAGTCCTCCGTGCTGAAGCAGCGCCAAGGTGGGGGTGATGGGGCGTTTTCGGCCACCTTCCCAGCGGCACGTACATAACTAAGGAGAGGCGCTGCCCTTGCTAATAGCCCTCTCAGCTACCGTTTGTCTACCCCAGTAATTACTCACAGCAGGTGTATGTTGAACGTGAGCAGACTACCCGGGGAGCAGGTGCTTGAAAGCTTGCTCCGACACTTAGTCAAGCCCGACGCAGACAACGACGGCGGACTTTGGGCTCGTTAGAACCTGTATTACCTACA,1932,52.17,Homo sapiens
SEQ_309291,ACGGGACCTAGCTTAACAAGGTAAAAAAGACAAGCAGATAGGTCGGTTCCCCGCAAAGTGCGGTTGTGGGTACCGCAGTCCTTTGCTGCCGCTCACGGTAAGCATGCGGTCGTAATTATCTGTATTTTCCTTTACATTTGTTCGGTGCTTCGAGTGTCCATGACCATATTGATATTAGGCACTGGTTTAGGAGGGACGTTTGCGTATGTACAAAGCTACTGGCTGAAATCGTATGATGGCCTTGTGTGACTCTGTTGTAAGCAACGAGCAACCTATTCCATAGCCCGTATTACGGCACCGAAACCTCATGACTCGCCCAGACACCGCTCAGAAGCCCCCGATAAGAACCAAATCAGTCATGGATAGGTTTCGAAATGGACTACCTTCGCATTCAAAGCGATAACCCCGACTATCACCCCCTTCCGCCCTCGCCAGGACTTCGCAAGGTTGAGTCAGCGGGGCTACCGAACTGCCCAAGGACTTAGCGTTCGCGTTCAACTCAAAACTGCTGAGTCCCGGTGTAACAGAAAGGGGTTCGCCTGACAGGAGCGGTTCGCAAACAACATTAGTTAATCTCTAATAACGGGGCTCGTACAAGAGTTACTGGGCAGTCAGCTGCAACATAATATAATTCGTGTCCAGGATGTTTTGTTAGCTCGGGGGCGG,666,50.15,Arabidopsis thaliana
SEQ_886851,AAGGTCATTTAATGTTCAGGCTTATTTGAGGGGTGAAATACAACTCTAATAGTGTGTCCGCAGCGAGAGATCCCTCGACAGCTTGACCTATGGAGACGAGCCGCCTGATTCAGATACTTCTCCGGCTCTGTGGAGGCCAGTGTAATGACTTTGTGCGGAGCTATGCCGGCTGCAAGTATGGGGTCTTGAGAAGGCCTCGCTGTTGAAGACATAGATAAATGAGCCTGAGTTCACGGTCAGCGGACTAAGATATTCACAGTAGCTCACCTGTCCAACCCGGAGCATTCACGTGGGTGTTACTTCATTCTGTCCCACAAAACGTCCCGAATAAGCAGTATATCCGCTTATCGGTTCAGCTTGAGATGCCCGAATGCGGGAAACAGC,384,50.0,Drosophila melanogaster
SEQ_939476,TTATCATTAGCAATCGCGCCAGTGCGTCGGGCAAATTCAAGATGCCGGATAGTACCGTCTTACGTCGCGCGCGAATTGCTTCTGCTGCTGCTATCGAAATGAGTACCCGTCAGCAGAGCACGGTATCTCGCGTTCTAGGCACGATACACAGGATCGAATGGATTGCCTCAACATGTCGCAAAATGCAACGTTTTACTGTTAGTGGCCAGCGACACGATTAGCAGAAATTAGCTGTATATCAAATCACGATAGGATACTACAATGAGCGTTGTCTCCTAGTACCCGTGAATGCTCTCTTTCCTCTGTCCAACTCAGCACGCTCACCTTGATTCAGTCAGGAGACAAATAAAATACAGCAGTGTTAAATCGTTCCCCGAAAAGGCCCAACACCTTACGATGATGGTTGTTAGGTCACGTAGTTTGCTGAACGAGCAACCTATCGCCCGTTGGGAAACGACCCGATGCGTAAGCCGATTCTAACTGGTTTTGAGCTTAGGTAAGTGCAACTCAGTCACAATAGGCCTTCGCAAGCACCGCGAGCCTTTAGTACTCATTAAGCCTCCCAGAGCATCAAATGAGGCGAGGTGGATGGCGTGGTGCCAGGGTGCTATACTCCATAGGTCGTCGATTACGAGTCTTGGTGAGACGTCCTGGGTATCAGGAAGCGTAAACGGTTCCTAAGACGAAACAACGCTATCCTCTCTTCCTAGATAACTAGATCCGGTTTCAGGGCGGGTAGGACCCGGAGCGTATGATCTCGCACAGGGGACGATCATTCAGAGAACAATCTCGAGAGGTGGAAGGGTCCGGGACCAGGGTCTTTTTGTCGGTATACGGGCCAGGAAATTCTGGACCATAGCCTAGTACCTCGGGCTTTCCTTCATGGTTCGTGTTGTGAAAAAATTGGGCACTAGTACTTTCGCGAAAAATGTCCCCGCTCTTGGTCCCTCTTGGGGTGCCTGCGAGAGCGAACATAAATGAATCCTGATCCTAACGGCATTTCACTATAGAGCTACGTACTGTAGTTGATGTTTGTCGCGGTTCTCTTATGACCGAATCTCGAACTAAAAAGAAGCGCTTTCCCGTTATGATACCGCTCCCGCGGACGGGGGCAGCCCCATGAGCTACATGTCATTGTTTCCGCGACAGCACGAAGATCTCGTGTGCCAGAATTTACAAAGCTCCCTCACCGACCAAGCCTTTTTAGTGGGCTGTATGGGCTAGCAGTTTCACTAACCACAGTCTCGAGTAGACCGTCGGCTGAGGTGTCTGGCGTGCGAGGTACTGCCGGATGCTCCTGCCGCTTACACTGTCCTACGGCCGGCCCTCGTCCCAAACGACACAGGTTGAGACTTTATATCAGCATGCCCAGCCTCAGCTTTTAGACTAATTTCAGCTGATCTATAGATCATTCCGACCATCGGCCCCAGGCCGTGTGTGCGGAAAGTCGCGCCCATCTAGCTCTAGGGTTGTCCGACAATCTACCTTCTTAGAACGTACGACATGTTGAGTCCAATTACAGTCCTAACGCGCCCGCGTGCAATTTTCCGGCAAGCGAGAGACAGTCCGGACAAACTTCCAGAGGCTCATCGAGGGACCTTTCTAAGCGCACATGCTGCTGCGATGGGGCGGCTTGAGCGATGAGACTGTGGGTAACATTCTAGGTTCTGGTACCCATGGCTGAGCCTACCCCGGGCCCTGTCGATTCTCGGGTTAATGCCGCTATCCATATTTAGCGTTTAATATAGGAGCAACAG,1757,51.34,Caenorhabditis elegans
SEQ_851883,GGACAATTGGCCTGCCATGTAACAGACGCCTGAGTGGACTCCCAAGTCCTTCCCGTCATCTGAAAGCACTCACCCCACCGAGTTACCAATACGATCGAACTTCTCGAAAGCAATCTACGTGTGCGTGATTCGGTACCATGCAGTAGGATCTGAGTAGAGTTCGCAAGCCTCACTTATAGGCTCTGTCAAGGCCCTTTAACAGAGTGTGAAGC,212,50.94,Escherichia coli
SEQ_136268,AACGATAACTGGAATATGAAGTCTAGATACCTCGTGTCAGCATAGGATGGGTCGTTACCTTAATACACCTGAACTTAAATAGAAAGCCCGTCGCCGTGATCGAATACCCGACTTAATCACCAGTGAGTTGTTGGTGATTCGGAAGGAGTGTTAGTCGATTGTTCGGTTAGAAACAGCATGCGGAAGTTATCTTGGCTGCTTAGAGGTAAGCTACATGGACGTACCAATATGGGCGGATTCTTGCCAAGATACCGCCCTTTTAATGATGTATTGATAGGGGAAGTCCATTAAGGTCTGCAGATATAGTAACAGCAATCCACTCAAAGGCGAATCTCGGCAGGTATAAGTACAGGATACAGGGGGATCGAAACAATTCTGGACCGTCCTCAAGAAATCTAAAATTGACCAGATACCTGGATCCTTTAATCAAGCAGGAAGAGTGCACACCAAGCCGGTCTGATCAAGGGAAGGAGGAG,476,45.17,Homo sapiens
SEQ_308810,CAAATCAATAGAAGGTGTAACCCAGAATGTTTGTGCGTTGAGCTCCACCGTAAATCGCGTGACTGAGCTGGTCTGAATAATAAAAGGAAATAAATCGGGAGCCAATTTCGCCGCTTCAAAATCAGACTATAGCTCCCACACAGATGCAAGATTTCCTACCCTTCTCCTTTAACGTGCCGCCCAGCAACCGCATCAACACAGTAGTAACCCCCACTCACGAACAATTGGCGTCCTAAAGGCTTAAATGCCCATTCCCTGACAGTAGAGGTGAGTCCCCCGGATGACTCGCGGTTCCCTGATGCTTCCTGGGTGCTCAATTGTGGGCCCTAACGGAAATTCCGCGAGTGCGCGCAAAGAAACGTCCTATCCTACATTGTGGCTATGTGAGTCCAACGCCCTACTTAGCAGGGGGCCGCCCCGCTGCCGGCCGGGCCTCTCCCATCGGATTTGTGACATCATGCGTAGCTTCCGAGGACATCTATGGCAAAGCTTCCGTATGGAACCAGGCGTGAGGGTACTGTTATCCACGTGAATCGCTCGGACCGCAGGAAGGTAAACAAGGTCAGTTAAGATAAAAAAGGGGCTCATGAGTTGCATCTGTCGCGCTACGCGGGCTTAACAACGCGGTTTCGCAACGAGAACACTGACACCGAAGACCATGCACGTGCGTGCAACATTGGCGGACCATCCATTTCAGCGAACGCCTACTCGCTGGGCGGTCCGCTGACGCCCGGTTTGGAGGAGCGCACCAACGGTCGGACTTCTCCGCCGAGGTGCGAGTCTTTGCAAGCAGAACAGCGCGGGCCAACTGGTAACTCGGGTTCTTCTGTTTCCCTCGTGAGGGGGTCATACTCCTAGTTTATAATGTGCGATCAGGCTCTTCTCTGGACTCGTAACTTGAACCAATTTGCACAAAGTTTTAATCTTACATGACAATTTGGGTCGCAACGGGCTGGCGCACTGCGCTAATCCGTGTGTGTCCATTGTCTTCCGCCCTACCAGACTTTATTACACACTCTCACAATAGATTAATTCATGAGCTTGGTAAAACGAAGCCTGGCCTAGAAGTCGCGAAGCTGGTAATTCGCTCCCTATGGGAAGTGCCTATCTGTTCGGCATATCGGTGTTTGGAGGGTTTTGTGAAAAGCCTAATTATTTTACTCACGCTCGCGAGCGATTAAGAAGCAGGTTGTACTAGGCCACAACTTACCGCGACGTGTCGGGCCCGTTCGCCACGGTAGAGTACGCGCAACAAAAAGATGCACGTGATCGAGGACGTCACTCCCTGCATTATGGGATTTCCGTAATGGTCTCATCGCCGAAAAATCCCAAAGAATGCCCCAACTCTGCGAGCGATACCAGCACTAAGTGGCTAGATGGCACTATAATGGCAGCTAGCTGATCTGCGGCACCTTTGCCGTTTTTTATTGAGAGATGACGGTCTTTATCGAAGGGGGTGTTTCACCCGTAATCATATTCCCCGTGTACAGTGATGAGTATGGAGGCAAAACTTAGGACCT,1520,51.64,Saccharomyces cerevisiae
SEQ_909345,TTCGCACGACTGCTGATAGTTTGCCGGTCACAACTGCGGGAGCACTCTGCTCCTCAACTGCACTGCGGGACATTGACCTCCCAAGATTGTCTGCCCGTCAGGCTCCGCCCCTGCCAAGCTTGCGTAATCCAGGAGACGGCCATTCTGATAAAGAGGCGGTAGCGGCCCCTTACCGCATTGTTTTCGTGCAACTCGGGTGGTTCTCCACGAATGGAGAAGCTGGTTAGGACCGGCGCCACTCTACGGCGGACAAGCCACTCCGTATAAAGGTCGATGAATAACAATATGCCTCTCAATACTTGAGGAGTGGGCACGATAAACGATCGACGAGCCGTCAGGGGTGACCCTGCACAGCCCAGGGCTTGCGCGTCTCTTACCCCATGGAGACAGGCGTGGCGGCTGTAGCTTACTACCATCACGGGGCATAGTGAGGAACCCGATTGTGGTGACTGGAATCTACGACAGGTCCAGAGCACTTTATAGTAAATTTGCGTATTCCATATCTCAATTCGGGACATGTAGCTCTACCCGACGACTGCACGAAACCGAACCAGATGAACAAACTACCACTTACTCCACGCGTAAGATTCGTGCCTATAGCGGAGTGCTAGCACCACGACAGCATTGAGCGATCCGGCGCCGACCCAAGCATAAAGTACCGACCTAGCAGGATAACAATAATAACTTGGCTCGGCATCACCGCGCGTGATGCCGAGGCTTGCAACCCTGGATGACTATCAGAAGAGAAATATCGAAACATGTGGTACACTGACGTGGACGGAATGTCGATCTCGAGCTTTGAGGTGTCTAAAGCGGACAAGGCCCAAGTGGATGCTGTTAAACTCTGGCATCGCTTAGTATGTACGCAAGGTTTGCAGCATTCCACACGCAGAACTTGGGAGGGACTCTCGAACGCTTACTTCGAGACAGCCTAAGTCAAGAACAGGTCATATCGCCAGACGATTTAATTGCCATAATACTTAATGGAAGCTGGAATTTCCGTAAGGCTCCAGCGTACTGAGTACGACGACTGAATCGCACTACAGTATGTGCATCGCTGCTTGCGCGTGAGGTTCATACCTCGAAGAACGCTGGCCTGCCTCCCCATTTACGGGAGCTTTGTTCGTTGAGAGCTTAGGTTAACGCTTTGGTTAATTACATTAACCGGACCTCGTACAAATTCTCTCTTGCTTAGACAGCTAATTCGCTGTCGCAATTGGATGCTTGGCGTGTAAATTCCTCGGACCCGGAGTGAGACGGAGGCCTAATTGTCGGCGTGAATCCGCCCAATGCGTTGGACCACCCGTTCAACGAGGATCGTCGTGACATGCCTTAACGCTTAGTCGAAATTTCTTTTTGTGATGTTATAAAGTAGGCTTTCCTATAGTAGTGGCGGGACAATGCGTAAGTGTATTGCGCAGGTCCCAATGCCAGGTTGGGTTGCGACGCCGTATTTTCAGGAGTCCACAGCAACCTACTCCTAAAGTAATGGCGCCATCTATAGGACCCTCGTGTCACGGTGAGCCTAGCTCACAGCTAGATCCGATACTCTATTGTTAAATCTTTTAGAGTAGGTTATCCTGCGTAGTGACCGGTGGGTTTGCAACCGTAAGGTAAAGGTGGAATACAGGGTATAGCTCTGGTATCTTCATGGAAGTCGTTTCTCTTGTTTGTTTCAGGGATTCCGTTCTCAAGAACCCAGTCCGCCTGTTTGCTGTACGAAGTGCTATCCTGCCATAACGTCGCATTTGTCGATATTTGATCTACCCGCTCGTGATCCTAAGGCCGTC,1790,51.06,Homo sapiens
SEQ_271541,TTCTGCTCAACGTATCCCATAGATAAACCGTTCTTTGCCCGTAACTCATACGGTCAGCTATTAATTTCACGGAAAATGACCTACCAGACCAAGTAGAAGCCGGTTACGCGGTCGGTTGTCTCCCTCACTCGATTGGTCGGTCCGTGCTTAGATGGGGCTCCGCCACAAATTGATCATCAGGAGATTTTCTAGTCGTTTTACCATACTGGCGCTAGAGACCTGTTCATTAGGAACTCTAAAGATCAGGTTTACGGGCACCCTCACAGCTCGGAACCTTTAGGCTCCCATTCTGCAGTCATTATGCGTTCTAGTATCCCTCGCTATTCCTTGGGATTTGGATGCGTGCTTCTATATGAACAACGGCTTTAGAGTGCCTTCGTGCGCTACTGATACCATCGCATCGGCGGCATATGACAATCTCAGCGGACGAGCTTGCACGTGGCCTGCAGTGAGGCCAGTTTTGGGTCTTTCCCCACATCGTTCCCGGGCACCAAGCCCGCTCACATCGAAACCATCCTTGGTAAACTGATCCAGCCGAATCGTATTACTATTAAGGTCTCTAGATTACGGCAGTTCAATAGAAATGGGTGCGTGACATACGGGTTATGCTCACGCAGGCCGAGACGTGTGCAATCAGCCGGCTTCTTGTTCCGAGTTCCGGACTATGGCCAGCGGCTAGCTAAAATCCTAACGACTTAGTGTCTGCGGGGGCACCCCGGGCTTAAGTGAGACCGTCGTAGTGAGAATGACGATGATATTAGTATCTCCCAGTTGAAGAACCGATTCGCTCAAGAACTTTGGGTGTTTTTGTGATCTGCACGATCCTGCCATATGCCAGAGCTGCAAAAGCCGATTGACGGACGCCAGAGGGCGTCACGCATCACTTTAGCCGTCATCCTGAATAACTAACGACGTGGCACACATTGACGTTCCAATATATTATCATGGGAAATAAGTGTACCAAGACGGGCACCATCATGGGATGCCCCGTGATAACTCAGGGCCCCTGGATTGCTGGGCTCCTACACTCGAGTGATGCTCGATGTACGTGTCTTGTACTCTTGATCGGTTCAGACCTTGAATACCTGAGCTCGATCAGGTCCTCAGACACAAGACAACCGATGGACCGTAAGTGATAGTAAGCAGGACAGAGACGTATCGTACTAATTCCATGCTCCCGAGCATCTCGGATTGTGGATACGCCCTGGAGGAGGGCTGACGATTATATTCGAAGTCCCCCTTTGCCGTTTTAAGTCTTGCCTCCCCCGACGAAATCAACACCGCTTAGTTTCTAGCTGCGGGTAATTCGGGCCAACCCCGGACGTACGTAAGTACCCTGGGCCTTCGACCCAGTTTTTTGTTATACCGAACCCTTACATGCCATCACGGATTCCACCAGTACTTACTCACGTCTAAATCAGATACCCCGACGTCATCTGCGCTGTTTTCCTCAATTACCGACCCCGCTGGCACTATTGTCACCGCGGCTCGGGCGTCTTAACCACGATAGTAATTCGCAGACCCATACGTGAGTACAATTGATAGGCCAGGCAATCTCAAGGGCCCGAGGTAGTGCTCACTATGCTGACTCGCTAAAGAGTACGCTCGG,1609,51.03,Homo sapiens
SEQ_687668,CGGATTCGACACAATCCATTTGTGCAGAAATCTTTTTGTTGCTGAGACAGTGAGAAGTGCAAGCCAGCGTTTGAGGTAATGCGTCCTGGTCTCGGCTGACCGAGGTTTTCAGATAGCGCGTGGTGTTTAAACCTCCTGGTGCGCAATCTCAGTCTGCAAAATTCCACTTCAAATGCCGTCCAATTGGAGCCATGATCGTACAAACATCGCATATGGTTGCACTGTTGAGCGTTAACTGTGGTCAGGAAGTTAAGAGTCGCGTGACCTTCTGAACACAGTGTCTTTTAATGGTGGCCGTCATTAACGATTGGTCGCTGTACAACGTATAATTTGTGTTAGGAAATAGTGCAACTACAGCAGGGTCTACTAGTGATACTTTAGGCGGTGTGATGTCTTTCCCCCAGTTTTAACAGTTATATGGGGGGGCGGGCAAATGGTCTGTCAGGTCGTTGTTGCGGATTGCGGACTCTTTTTAACTCCCGCACTTATAGATATCTATTTCCCATTTTGCCCTATGTCGATTCGACGGAAGCCGTGCGCAGGGGAGACGCATGGGACGAAACTGCCCGAGTAAGGTAGCCGATGTGTCCTTCGGGCTCCCGACTTCTGATGAGAAGTCGTCTCTGGGAGAATAAGTCGTATGTTCAATTCGGCGGTCTTCGACTCTCCGCTGACAGTACTCGATCGCTTGCGGCCAGTCTACGTGAATTTCCCCCTCGACATCGCGAGCTTGTAAAGCGTCATATATTTATGAATTTTGTTGCCAGAATCATTCGTGACCGCGTGTGAGATGTCCCGCAGGTATGCTAAAACTACAACCCGGTGACCATATACAGTGGCTGCGAGAGCTCCTCGGTCACCAAAGGATCCGACTAGCATGACGTGTAGAGGGATAACCTGTCTGGGGATCTTCAAGGGGTAGCTCAGCACTGCTCAATGTATCCTCAGGTTGATCGACGATAGTCGTCTTCGGGCATACAGCCGTCATCCTGCGTTAATCTGCGATCATTGATGGTCCGGGCAATCCTTTCTCCCGAGAACTCAAATCATTGCAAGATACATGTCACAATGCCTTTTGCCAATACGACAGGTCCCCCTAAATAGCCAGGATTTCGTTAGGAGGCTTACCGTCCTCGATTGTAACGGGTACATAGCAAGATGAGTGCGTGTACTACAGAAGTTTCAAGCTTATCGTCCCGCCCCCCAGTCATGGATGCGGTGTACAGTCTATCCCACTGGATTTAACAATTTTATAATGTAAGCCACACTGACTCGCGAATAGAGCCACGACGAATCATTATCTCAGGCGAACCAGGGCGCGTAATCTCAAGGGAAGCGCGCTAAGATAGCATAGTCTTCATCCCCAGCTTCCGAAAAGGCAATAGCATCACTTCGTCGCGACAAATCTTAATCACCAAGATACGCCATCACCGCCGCCTGACAAGACATGTAAATGTGGGTGGCCCACCGCCTGGGCCGCTATTCGCAAGTCCCAACCAGTGACTCGCACGTAGTAGCGCTCTAGAAGAGCCCACTCATCGTTTTTTCCACACTATACAAACTCTGTCCTGTTCGCGAAACAATTTCGGATGGAAACCACATGAACGGCTTGCAAG,1616,49.44,Escherichia coli
SEQ_352611,TGTCAACCCTTTTAGTTCTATACGAGTAAGGTACAGTACGGACTCGCACTTGAGGCCCACCGCGACACTTGCTTTTCATATTGAGCGTGGCAGTGCAACTACGTAGCGAGTTCGACCCGCTTATTGACAAACCCCTTCTGATCTCTCGGTGGATTTAGAATCCCACCGAAAGAGACAACACCGCCAGTTCCCCTCGGAGGCTCAAATATGGGAAGGATCTGTGAATGTTACTAGCAGATGACCGTAGAAGTAAAATGCATAACGATGGAGGAGGACCCTAATTAGTTAGAGCTTATAAAGAGCGTCATGTCGTCAACGGGCCTTCAGTTATTCTTCCGCGAAGAGATACCTTTCCGATTTACCTATCTTTCTGATTGTTAAAAGGAAGAACGCCCATGGTGGGCTCATCGTGTGTGTCGGGGCTCGTACTATGGAATAATTTCGGCGCACTAGAAGCGCTATGTACGGCTAGGCTCCCGTCAACGTGGGTTAGAAGGGGGAGTATCGATCATGATCGTAACGGCGCAAGTGATCCCGTCTCCGGGACATATCACGCATGTGGGCCTATCGCTCACCTTGGTGATTTGACAAGCTCAATTAGGACAAAGGGAGCTCCGCGTTACTCCAGTCGCTGATTCTCAGTACCTTTGTAGTTACTACGAACCGTCTATTGTATGGTCCCATCTCTAGGTCTGTAGGTTATCTGGATTCCGCTCTCGTGTGTCATATGCACTTTCTCGAGTCGTCGGCGCTGGTACACAGATCATAGATATGATTGCTCACTATTGAAGACTTGTCGGGGGGATCACGATGGAATCTAGAGGGGTCACGAGTCTACTAGGT,843,48.99,Caenorhabditis elegans
SEQ_484692,GTTATGGGCTAGTCGTGCCTCTGATCCATGTCAAGGCCACATTCGAGGGCTATGTGCCTGCATCAGAAGTGAATCGATTGGTGCTTAACTGCTACCGAGATCGGCCTTCAGAAGCTCCTCAGGGCAAAACGGGTAAGAGGTATTGTCTGCCCGGTTTGGGAGCCAAAGTCTGACGCTGACATAACTTCCAAAAACAATCACTACGGCGGGCCCCCGTGCGCTACTAACGGCGCAATGGTTTAATCATATCAAGTCTGCACGATCTGTATCCAGCCAAGCCTTACGCGGTGCAGTGTCCTTCGCCTCGTAAGCGTCCGGTTCGTATTACTACCGGGTGTACCACGGACCGTTTCCCTTACCACCCGATAGCTATTTTTTGAGGTCGACCATCGCTCTCCTTCGCCTCCACATTATAATCCGGTGAGTTGTTAACGGACCCCGGAACGTCTCTAGTATTAATTTCAAACATATCCGGAGCGTTTCCGTGCTCCGGGTAGTCCTACAATCCAAGAGAATTCAGAACCTTTCGGGGGAGACCTGTAAGTACTTCTGTTCCGCTGGTCTACTCGCAGAACAGCGCGGAGTGGCCGTAGGCCGCGCACTGCCACTAGCAGGCCGCACCAAATTTGGTTTTCCCCGTGTGCCTGACTAGTTTTATGCAGGGTGTGCCTCTGTTCCCGCTCAGCGTCCTTGACCATCAACTCTCTAACCTATTTGCTATCCGGTACGAGATCACCGGGGTCTGGACTCCTAGGATACGGTCCGCTCAGTCATAACGCTTGACCTACGTTTGTTGCACGTTTCTGCTGTGGACAAGTTTCGTTCCTATAACTGACATGTGTGATCGGGCCAGTCCCTATTACTCCTAGCCTGCATATGCATTTTAAAGGATCAGGATATGGAGCCATGCCGCGCACACCTCACGGTCTGGAGTAGTTTGTTTGCATCGAGTGCCGGGAACTCGATAGCCTCTAGTACCACGGCATTTACGGTCCGGTCGACAAATACTCTATTATTGTCGTAGCAAACCAAACATACAGTTGCGTAGGCGTGGGTTTCAACTCTCGTGC,1070,51.96,Saccharomyces cerevisiae
SEQ_304939,GGGACAGCTGGATGCTCGATCCTTGATATATTCGGTCTGACAGGCAGATCACGCTCCAAGCGACTTTGCTTTAGGTTTCACGGAGGCTGTGAACTAAATTGCTGACCCACTGGCGCAACCCATTGGCCCGGTAGCGCATGCTTCTCCGACGCGACTTAAAATGCCCGACGTGGGATCCTTGAAAGCTACGTGCCGAAAGAATCTAGCCGCGTTTATCAATCAGTTAGTTGGATCTCAAGTGTGCGCCGTAATTGATAGGGGATTCTGGGTTGCTCACAAAGCCGGACTAGGGCACTTCCTATTTTTTGACCGTACTTCTGATCTCTTGTCACTGGATAAATTCTAAATCGACTCTCCGGTTGGCTTTACATGGCTGAATGGCGAGGCCATCGTGGTACTATGCGGGAGACGGTATAGTAACCCCGCTATGACATCAACTATCAATGAAATGTGTACTAAACTTAATGGTGAATTGAAAGGTTACCCGAGACCTCATGGCATCTAACGCAAAGAGAGCATTTAAAACCCAAAAATCTACGGCGTTACAGAGTTATATACAGGAAGAGAAGAATGGTACTGTTGTCGACGACGCGCGGACTGTGCAAACCGAGGTCCAGGCTGCCAACTAAATACGTACTCATTTTCATAAATGTACAGATTGCTTTACATGGTCTATACCAGTTGCATGTTATTGAACTTTGGCGGGTGAATGGGCTTTTGGAAGTGACTCCGATCGACGGTAATAGGTGCGCTACGCCTCGACTATCGCTAATGATGCCTTTTGACCTGATAACTGAGAGCGATGTCCTGGGCACATTCGAACCACGCAGGTGTTCCTCTAGTTCATATACTCTGATTTCGCTATCCTATAAGTCGTCAAACTCCCTTTACAATAGGTAGACTCTCCGAGTTAAATCCCAGATCAGGGAAGCCGGCTACGCTTCCTAATTGGTCTTCGTGGGGTATGATGAAACTAAAAGGCCCTAAAATCACGTCCATAGCTCCCTTTGCAATCGTCAGACGACGGAATACAGTGATGCTCTCTGGTATCTATCTTGGCTAGCGGAGTATACTTAGACTGTCGGGGGGTAGGTGCAAGAACTTTCTCTAACCATAGCGACCCAATATGGAGACCACCACTTTACTACCGCTCGAATTCTATGCTTATAAGAGATGCCAGCATATAGGTCCGAATCCTAAATACTTGAGCATAGGGGACTGGAGCACAGTTATGGAGCTGCACGCCACTTTACGGGTCGACACAACGTAGGTGGCTAAGGTCACCGCCCACCTCGAGAAAGGCATAAGCGTCGCGCCTATGGTATTGTCCACGCGTAGCTAGACAATGTGCGCGCATTAGTGGGATGTGGCCGTGCCCGGCACGCTCGCCGTTTAGAGAGGAGGATATCGTAAGTTATAGTATCCGTCGCCGAGTTGCGTGGTATTTATTAATATGTTTGCTGCTTAACAAGCGCTCGCCGCACGGTATCTGTTTTTTATCCAGCTTCGTCAGATTTACTGGCTCAAATACGGTCTGGTGGAGGGGTTCACCATTACGTTCTTTCCGGTCCACCCGATAAG,1581,48.26,Escherichia coli
SEQ_873646,TCCACATTGCTTCTCCCTGATCGCGCGTGCCATGCCGCCTTTGCACCCGACGCTCGGTTGGGAGCTTGTGGCTTGCTGAACTGGTGGCGCTACCTTAATTAAATTCTTGGGTTCAGAGCATAAATGGTTACGAAGAGTCGAAGAAGCTATCCAGTCAGGCTGTAGTGGTGAGCTCTCAGCGTGACAAGCCAAACCATCCTTACGATATGTAGCATTATGCGGAGGCAGTTTAGGAGCAGATGAGGAGTTGTAAACAGCAGACG,263,51.33,Saccharomyces cerevisiae
SEQ_921210,TTTTCGTATCTAGCGATGATGAAGACCGTTGTGGCAAGCACGAAAGCCATCAATTTTGGGGTCGAAATGAGCAATAAATGTCCCACGTGGGTTTGGTTTAAGGATCCCGGGTACTGGTATGGGCCGGGACATCGAGCGACTAACCCAAACCGCATGTCGTAGCCATGATGTTACGCCTAAATTCTTTCACACTAGCGAATGAAGGGGACTTATGATTACACGCTCGATGCTTTGCACAGACCGGGTGGATGATTTTCCTTAGGCACCTACTCACCCAGAGTAGGTCCGACCCGATTATTAAGCCACACTTCGATTCGTTCACCAAGCTATTTCACAGTTCTATCCGCAGGTATTTGAATGTTCGGATGTCCCGGTCGGGCCTGACCCTAAGTGCGTGGCGACCATAAGTACTTTCCCAGAGGTGTGTCTAGCTCGTTGCGTCCTACAAGACAGGCCCCGCGTATACAAGTTCTGCGTACCCCGCGAAGGCTAGCAATAGTGGACCGAGCAGAGAAAGCATACCTCTATGTATTGGACTATAACGAAGTTGTCCCCCCTGTTGCCTCCTCTAACCAAATAAGGAAGATAGCCCCATCTTAGTGGCCAGTAGCATGAGGGGATTTGCGGAGAGGACCCTATTCCATTCGCCCAGTGTGCGAAGTATTTAATTTTAATATGCGTGTGGGGCAGAACACCACCAGTGCGTCTTCGATGTCTCCGATAAAGCGTTAGTGTTCCGGGCGTCCTACATACTTCGTCGGGTCCCTTGGCCGTCTGCGTCGAAACCGACGCATTACAAACGTAATTGAGGATAGATCGATTCAAGTCGGATCGTAGACTCGAGTACTGGTCTTCCGACAAAGTTTGTTAGTCAGACGATGCTTCTTCCGAGAACTAGCTGTGGATCCGTTGGTTCCTGAGCGGGATTGCTCGAACATCA,940,50.11,Caenorhabditis elegans
SEQ_892131,GTAAACACAGACACGCCCCCAGGTCGGCCGTCATTTTCCGCTCCGAGGAGTGTTCCCACAGCTTCGAAAGCTAGCATCACAATGCAGGTGGGGTCTTGGTACCCAGGCCGAATAGACGTGTTGTCCTAGGAAAGAGCCTTCCCTTGATGCGAATGTCAGGGTTCTGTACAGCGGCGTATTAGAACATCTATGGTGGGCTTCAATTTGGAGGACATGGTATAGATTCCGGCCGGCACTCCGTAAGTGTCCGTTGTGATCGTCGAAAAGGAACGTTATCCCAAGTGGCACGGTCAGGTAAGCGTCAAGCGAAAGGACATTTCACGGTTCTGACTACCTCCCTTTAAGTCAGGAATGTCTAAATACGTTGTACGGCAGTAGGTGAGAGCGAACCACAGTAAGATGTCAGTCTAGGTAAGCTCGTGAGTAGGTACGGTCTGTATTGATACCCGCCCTTAATGCAGCGGAAAACACCACCTAGTATCTCCCATTAACCTCTTCTCCATAGTTAAACCGCTAGCTCGCCGCCTGCCTATCAGTCAGCGGAATCCGTGCAAAGATGTGGTAATCTGATGGGAACAGCGCCAGGCGAGACAGAAGCTTAAACATTTGATGTAGACTTAATAACCTGGCGAGCGATTGTACCACACGTCCGCTTGTTGACCTTTTCGGCTTGCCAAAGAACCTAGGACTCCTTAGAACCAAGGTTATCCAGAGGCTGCGTCTCCTGCATCCAATTTGGACGTATACTAGCTGGATTCAGTGTTACGTATTAATCCTTTGGGACAGCATGAGGCTTCCCCTTCGCGAAGCCCATATGGTAGGGTAGCAAGGCACGGACGACCTTTTGTTCCTATAGAATCGCATTCTTGGAGTGATGAATACAACCACCCGTGCAAGTAACCTCGTCGTGCATCCCGAGGCTTTCTAGGGGATGTACTTCCCAACGTGAGATTTGAGTCCATGATTTGCGGTTAATGTAATTCCCGTGTGGCTCATCAGGTAGCGGTGGGTTGCGGAATTTTTTCAGAAATCCATGTACCAGCGGGGGTTAGACTTGCAGGGTACGACATGTCTGTTCTACATAGGTGGACGCTCTTTATCGCGTGCCCGAGTTGTGCTGGGTCATTAGCATCAATGGTGCCGTGTCTGGCGACAGCTGAAATCGGGCTTGTCCTCTTGCACAAACAGGTCGGGCCTAGCAACCATGGGACAGGCATAATATGAACAACTCTACCTGCAAGTCTACGACTCTTCCGCTTGCTTACGAACTGCGCTTCTCGACCGTGATAGCACGAGTCCACGTGAGCCTGAATTTCCGCAGGTTTAGCCCGCAATCGAGGAAGGTGCCTAGGAATGGCTCCATTCAGGAGAGAGCGTCCCTGCTCCGGATATGATGCTAAACCTACACACCCCTATGGCTCGAGGATTGTCGCATCCTTTTCTGACACAAAGATAATCGCAAGTATGTCAGGAAAAGAGTAGACCGCTTACCATTCTAAAGTCCCCTATGGCGATGAGTCGCCATTAAACCTCTGGTTGGCATTGTCTGAGCTGGGGTGGGCTGTCAATAGAAATCAAGATATACAGAATCTAAGTCTAAATCGGAGGGAATAGGGTGTAGGCGCCTATACTATTTGCCCCTCCTAGGTCCCCGCCACCTAAGAAGGCTCCCACGGCAAAACCCTTGTGCTCTATGAAAGAGGTCCTAACGCGTGAGGCAGGCCTTCAGCTAGGAGAGAAAACGCGGGCTCCAGTGTCCTACCCACTACCGATCTTCCGATCATCTGGAAACCTGTCGGACAGACAATACACGTAGAC,1818,50.77,Mus musculus
SEQ_124283,GCCATGAGGCTTCATGTAAGCGTCGCGATAATCTAACCCGCTTATGTGGAACACCGGATTTGCTTACGAACCATCATGGGCCCTGCAATTCCTCTTTACACAATTCGGTCTGTGACATCTAGGCAGCGAAACTCCGATGAGGGTTCCAATCTACTCCATTGTTCTAACTAACCTGCCAGAGGCCTCGTTGGTTTTGTAGTTGGACACGCGTGGGGATCCTTCATAAACCTCTATCACATCGCGAGTATCTAGGGCTCACTCACATGAGAAAGTGCTTCGCCACAGGAAACTAGGGCTGTCAATAAAGCCCCCAAGACAACAAACGATATGCTAGGTTGGACGCGAGTGGAAGCCGCGAATGCTGAAGGTGTCATTTCGGGGCATGTGGTCGTCCCTCGGAAGATTGAGAGATGTCTCTACTCGCCCGGGTGTACGTGCCCGAAGTAATATAGAGCCAGTGGGTTTGCGGCTGGATAACAAGAACGACCAACTGGAACTTGTTTACGGTGCGTCAGGCTTACCATATGTCAGTACTCGGAATCTGATATTAAGCCGAAAGTCTACTGACAGCGTCCGCATCATATCTACCTTAAAGCTGGGCAATCGAGCACACTCCGGGCATATCATGATCAGATCCGACCAAGGCTGTGATGCGTATTAACAGAGAAGAACTTTAGTGAGTGCCGAATGGGAGTCGCGCCCTTGTTCTAAATGCGGCCATCCGTCATTGCTAGCAATATCGGATTCCAACAGGTATTTTATGAGCCGAACGATAAAACTTGAGGAGCAGCACTATGTAGGAGCGGCGCCATACGTATCAACCTACGGTCTAGTAAGCGCGCGGGTCGGAAGATATAGCGTGATACAATAATCCGCCCGAAAGATTGGCTTACCTACGCCGCGTATGGGCCGGCAGGTGACACACGACCTGGCCCCGAGCGGCTCCGATGAATATGTCAATGTTATTGAAAAAAACTTGATGCGCCACGCGCATGACGATAAAACTTGCTCCAAGACCCGTTAAGTTGCGAAAGTGAAAACGTCCGCCGCCGTGTCCTGAGCCATGAACGTGGTGTTGCTGTCCGCCCGAGACGTCAGGCGAGTACGGCGAGATAGTTCTTACGCTACCTGCACTATTGTATCAAACGCACGGGTACTTGTGAGGGTTGCTGATAAAGAGGTCGACACGTCGGCATGTATGCGACCGTTGACCTAGTCTTTGCATGAAGTATGCTCATCAAGGGTCGCACCGTCGGGATGTTGACTACGTGGGGATCTAAGACCACATTCCGTTCAAGTATAGCCAGTAAGTGGGACAGGATGGAGTAGGGTACTGACACGATGGACTACACAAGATCAAGTTCTTCTATTTCGCTTGGTTATGTCGGTACCAACATCACTAAGACAAGCGTCTCACGTATATTTCTACTGCATGCTAACGAATCCTTCGAGCTTGTAAGATCTTGCCACTTACCTTTCATAGGGCTTATCGTTTGTCTTATAGGCACCATTCGCCCTGATTTTCCCTCGAAGTAGGTGCCCCAATAAACGAACGCGTGTACCTGATTATAGGAATGGCGGGAGACAGTATGAGATCAAAGCGTTGGTCTACATCCTGGCTAGCATAGATGCGAGATAATACTGTCACGATGGGTGACTTATTCTATGGATGTCAAGATATCCGAAATTTCCCGATTAGCATCCAGGATCGAAGGTTCAAAAAGTATGTTGCGACTCGTACTTAGCCGTCAACCTAAGAACATCGTGGGCAGACTGGACGT,1781,49.35,Arabidopsis thaliana
SEQ_136234,AGTGAAGACGTGGGGAGTGACATCAGATACCCGCTGTGCTTCGCTGTCATCGAGGGGCATACGATTCCGCGAGAAGTTAAGGTGGCTAAGCTCGGGTAGGTCTGCAACCAGTGCCGCCGCCCCACGCATATGTGGTCTGAGTACGGGCGGGCGTTCAAGGTCCCAAGGATGTACATTCACGCTACTGCGCCACCTTGCAAGCGTATCACAAACCTTGAGTGTCTTTAAGTCGGCCGCCGGGAGCACATATTACTACCCGCTCAGCTAGGTGACACAGGCGAAGCCATTCGAGCCTTAAGTTGAGGGAAGCTCGTCCGCGTGCCGCTGTTGCAGCGGAGATGGAACTGACACATTTCTCCCAGCACGGAAGCCGCTGTTAGCGCCTACGCGAAGAGTTAAGGGCTCAGTTACGCACATTCGGTCGGCAAGCTGTGCAATTAAGCTTAGTCCAAGACGTTCCTCTACTCACAAGTCCCTAATTCTATACTTGCTTTGAATTGGCTCCTCGAACTTAAATGCGGAGTTTAAAGGGTTTAAAGTGGCGGGCCGGGCTTGTGCGCATTTACTATTTCAGCTGGAATCCGCTGGCATCTATGGTCGTCCTACATAGGTGTCTAGCGACGACCTAAGCGTTCAGCGGATCTATTGACTATAGGCGCCCTAGGAACTAAGGGGACGTCCGCCGAAAGTGACCCACCCCGTCGTCTTTAAGAACGTGGTTCACATACAACGGCCCGTAATCGGGAGTTCGGTGTCCGACGGGGGTCACTCACGTCGATGCAGTCGAATTTAATGGGCTTCAATGTGCAACTAAGCCTGCATACGTGTCGCAGAATTGCACGATTGGCATTGTCATATCCCACGCGGTGAGATTGGAGAATCATAACCAATCGACCCTCCAGGGATATGCGACTGGGCATATACGGAGGCTGAGTCTTCCAAAGGACAGTTCCCATAAAGAGCGTTATCGGTGATTCTGTTACGCGTAGTTTAAACGTCGAGTCCGAAACTCGGACGTAATCCCACGAATCATAAAACTAGCATACCACGGGGTACAATTAACCAGGTTAGTCATCAGTGAAAAGGATTCGCGCTGCTTGGAGTTTCTACACAGAATGAGTCTACATCAGTCGCTTTGGAGTGATAAGCCTCATTTCTAACACTTTACTATACGTCTAGATGAAATGGCTGGTCCGTGAACCACGTTCGGATTATACTAGTGGCGCATAAGTCACTTGGGGGCGCTGAAAGGCAATAAGATTGGAGTGAAGGGTCTACAGCTCTCGTAGCCGCGAGGCAGGAGCTGTCGTAGTATTCCCTAGTTCGAAATGCATCAGCCCTAATGTCAAAGTACTCACGCGTATGATCGATCGCCCGGATGTCAACGTCCTCAGGTCGTGTCCTTGGCATCACGCTTCTATATACCACTGGATGGACTGCTTCATTCGAAAAAGCGTGCGCCATGTAGGTCGATTGCCCTCCCGACGGCAAAGCCACCCAAATCTCTGGGCTACAAAATGCCCCCACAAGCGGAATGACTCGAGAGGATTTTGGAACGCATCCGATAGAACGGTTTGCTTTAGTA,1585,51.48,Escherichia coli
SEQ_416092,GGGAATCAAATCTGTTCTACGCCCTCTATAACGGGCACGTCGGGCGCATGAAATTCACCGTGCCTAGTACCTGTTTATAACGCAGGTGAGTGGTCTTCCGGCTGATATATATGTTGCGTGAATTTCTTCTTAGCATAGATTCGACAGTATTTTTCGTCGCTCGCTCGCCCTATAGCAGCCCTTCAGATTACGTAAAATGTATTACATCTTAACTACTCTTACCCATAGGGTGAACCTGGGAGACTTCCTTGCGCCATAAAACTGTGGTTAAATGGTCTCCTTCTGGAGCGGTTGAGTAGCTTTGAAGGTCAGTTCAGTCTACTCTCATTTTTCCTTAGAGGCTGTTTCCGAGATATCAGTAGAAGATTGCCATACCCCTAGCATTGAGTGCTAGACCTAAAGGATCCCAATTAACTGCTAAAGCTGGAGTGTAAAGGAGAAGACTCATCCGTACGTTGTAAAGGAAAAATACCTACTCTACCCCGGTCCGTTTACTTGAACAGATTGGTTTTGCGAAATGCGAAGTCCTTGTCCCGGGTAGCAGCTTTGTGCGCTTCAGTTATGTCCCACTCCTATACTCCGCGAAAAGATCGTCAAGTAATTCTGTGTGAGATTTTAGAGGAAGGGGGATTAGAACCCTTCGACTGAGGAATTATACTTCCTCCCGTG,669,45.44,Drosophila melanogaster
SEQ_195808,ATGTCCCTCTACTTTACATTAAAGCTCGCGTCCGAAACGAACTCATATCTTTATTAATGGGCCGTTGGAACCGGCGATGGAGATGCCCTCAACCCAGAAGGACCTGATCAGGTTTAACCTTTGTACCTTGGGGTGAAGCCGATCGGAGACGTCACACAAAACTCCTAGAATGGCTCCATACTTCATAACGAAAATAAGCCTATTCAAGAGGGGAGAACCGGCTTGAGAATGCAGATAACGCTGGGGCTACCGATAAAGCAATTAGCCAAT,270,47.04,Saccharomyces cerevisiae
SEQ_970090,TATAAACCTATTCTGCATCATGTCAAACTTATAGAGTCTCGCGCCGAGACTCAAGGTCACCTCGCGAACAACACATGCGGTGTATAAGGTATTAAAACACACCATTATGGCGCCAGTGGGGATACAAGCGAGGGCTCGTATCACTGGTCGGCCTCGTGGATCAGACGTCGCCACTTGTACCACGGATGAATCGCACACCTCCTGGCCTCTCGTTACCTGGCAGACCGTGGATATGACTGCCCTTATTGTTCATTAAAACGTCCTAATTACTGATGGTGCAAAGTTCCACTCTGCAGATAAGATGGAGAGAGTGGCATGTTAATTCAGAAGTGAACGGCCTATCAGTGCTCACACATACACGTAGAGGTACCTCCTCCGTCGGGTCGGGTTCGATCTGTGCATGTACCGGAATAGGCCCCCAGGGAATTTGATACAACAGAGCACAGTCGGGCGTAGCTGCCAGGGGGACCGCTACAACCCCTCCAAACTGTGCGCAAATGAAGAGCATAGCAGATATGACCGCACGCCACGATACCGGATCCAGCGTCATTGATCGCTGTTGCGTGTACTACTGTAGAACCTCGAGGCCCGTAAATAGGTTCAGGTATCACACAACCCTCTTTGGGGATCTTGACCTACTATATTTAATCCCCATGTTCGGCCAGTAACGCCCTACCTTTGAAGCACCTTCATAAATTAGAAAAAAGTCCTCGCCGCACTTGAGCGTCACTGTATACTGGAGCAGACAACGGCAAATCGGGATATAGGCGGCGAATCTAAACACTACTAAAGTGTGAGACCCACCGAAAAACCCGCTATGCCCGTACAACACGCCAGTTCCAAGGAGGACCCCACATGACTATCCCGATGAGTACCGGCTTCCACCAGAGCCCTCACTGTTCCTTTGGGCAGAGAACCACTTTCGGGAATGCTGGGTCTAGAATTGAATGTGGGACCTGAGGCCTCTCTCGGAGCTGTTAGCCTCTAGACTACATCGCGGTGAGCCCCCGATCGTGCGGCGGGTCCTAAGGAAAATAAAATATCGTGTGATTACTAGCGACGAGCCGGTAATGGATTACCTAGTGGTTCACTAGAAGCTTATGGG,1105,51.13,Saccharomyces cerevisiae
SEQ_692332,CTACTCGGTGCAAGCCTAACTACAAAATGGGCGGTGACGTTCAAAAGGCTACGTTCGATGGTCGAGTAATCGTACTTCGTCTGGAGCTGGATGGGCTCTGCTTTCTTGCGAGTAGTCCTATCAATTTCAGGTGCCTGCTGTGAGTATGACCTCAATGGCCACTCTCTTCAAGGTGTGAGCAAGCGGCGTCCATAGCCGAATCTGGTGCACGGCACTCTCACTACGGTTCCTGATGGTCCACGCCGAGAGAATTCTTCCCGCGTTGGATATGGACCATGTGTGAGTACGACTTCACTGATGGCACAGGTCTATGACTATGCAGGCCGTATACTTGTAGATTACGCAGGAGTATAAGCCGGTTGTGTTCGTTTAGTGAAAGGTTAATAATGCTGGACATGGCTGCAGCACATGTAACCATCTAGCGCCTAACCTTGTACTACTCCAGCCCGACTTAAGGCTGAGCCCAAGCATTCTCTCCATCGTGACACCAGCAAATTCTCGTGTATCGCGTCCCTATCCCTGATCCCGAGGGTGTGGCTGACCTCTCAACAGTATCTTTGAATTTACATCGTTCATAGTGAACTCACACAATAGAGATGACGCCATCAATGGGGCGCGTTTCTAGTCCAAGAAAGTTGTCGACCGGAAACCCCGAAACACGGACGGATTAAGTACCGAGCCCCGACAACATTTGCTCTGTGCGGAGACTCGGCCTAATACTGTTAGTGCTATACTCGTGACGACGAGGGTAGGATCGGCTTCTGCCTCAATGGAAGAAACCATAACAGACTTAAGTGCGGGGCAGTGCGGATAGCTTCTAGCAGCTGGAAGGAGGCTGCCTGGGAGCGAGGGATAAAGGGTACACAAAGTGACAGCTCAGAGTTTATCACGAGTAACTAGAGTCGACTCTAATCGAAGTAACCCTGTCCCACTGATGAATCTTTGACGTAGGCCCACTCTGCGCCACTGTTGCCTTAC,978,50.82,Saccharomyces cerevisiae
SEQ_489750,GGACTGGATAGTGGCCCACAGTTTGCCGCAAGGGTCGAGCGGTCCAAGCCTTTTAAGTGGGGGCCAATACATCCTGGCGTTTAGTGCGATTCTCAGGGACCCTTCGTCTGTCACCCGAGCACCCTTAGCATGTGCAGTCCGGAGATTTTAGGGCCACCACGTTAACTGGGTGGCTTCAGGCAAATACCGCAGACCCTTAATAGTTTCTACAGTCAATAAGCCACACAAGCGTAATGGAATCGCGAAAAGGACAACGGGTGGTAAACACTTAGGAATACGAGTTACGGTCTACTGGGGAATGACGTGCGAACGACACGGGTGGCGTCAGCCAAACCATTAAGGGTTGGCGTATTTCTGCACGTACAGGTTACACGTGTGTTAGAAGTTGGTGTGTACCTACCTTGCCCAGATTTGCGGAGATCAGTCAGGGCCCGGATCTCCGGTGCACTTTGGTAATATGCTGAAGCCGCTTAAATGCTATTATAACTCCAGCGTAGTTCTCACCTGTCGACTTTGGGTGCCTACTTTCTTAACTTCGCCCAGAGCCGTGGCGCACTGTAGCGCCTGCCCGTCGACAACAGCCCGAGAAAGTTCGGACCGTTGATATGATCAATCTAGTCCTTAGATGGTCGCGAGACAAAAGCCTATAGCAGTCCGCTATTAAGGAGCGACCCCAACGAATATTTCAAACCCCGACCAGATTGGTCTCGCCCAGAGTCTACCCAAGCAAGCCGCATGCTTTGGAGTGACTTAGTGGACTAACCGGGCACTGTAGGCACTGTTGAAGGAACGAACTGAGCCTAGTACCGAGAACACTGTACTCTGACTGGGATTCATTTGCAGTTGCAATACCAAACCGGTGTTTGACTTTTGAACCTCCGCTGCTCCTACTAACTCGACGAGGTGACTATGGAAGAGTATGTTGCCGTAGGCCCGATCTGTAAATCTTAATGTAACCGCACGTCAGGCCAAGAGTTTCCCCTCGAGTGGAAGAGGCAACTGCCCCCCTACGCGAAGGCTATTATTTCGCTCATATGTACAGTGTGAACAACGGTTTACCGAAGTTAAAAAGGGGCGAATCTCGCAGCGGCCTAACTATCGAGCTGCATAATTAAGTGCGCGTAGTTCAGGGGAACAAGGATAAGTCGTTGCTGTTTTATTCGCAGTGCCAGAAGCGTGCGATCATCCGCAAGTCTGAGACGTGTTTGATGAGCTTAGTTCATGATCGTATGCCAAGACATTCTCCACCGGAAGGTTATTATACCCTCCTTCCCCGTAAGCCCTCTAGCGCGTACCTTGCACATTTGTTCGTAATGATTGCAACGTTTTACACAGCCCTGGCTCGGGGAACGAGAAGATGCATTCATGGTCCCCCGCGGCGTCCCGCAAATCACCAGGGGACAAGAAGACCAGGAGTTCTCACTGTAAGGCTCGCTGGCAATATGGCCTTTTGACCAGTTTGGCACTAGTGCGCTCCTATTGTAGGCCCAGCTAAGTTCCTTACTAGATTTTTCTGATCGCGTAGCAGCGCACTAAGCGGGGGAAGCGCCGGCAGTATAGATTCCAATCGTGGGTTTGACTAAACGAGCGGTTATGCGGATGTGAATGTAAACGCCAGCTAAGTTAGTCTAAACCAACAGGATCTCTTATGTTCGGTCATTCCTGTTTGCTCAATGCTCCGGGCGTTGCTTGGACCTGTGCGTATCCTTCGGCTAAATAAGTGTCCTGCGATGCATACGACCTCTCACTTACCGTTGGGCGTTGTGGAGTGGATATGCTAGCATTATGGAAATATCGCCAGATTTATCCTCGAAGTTTGATACCTAACGTGTAATTACACACGGGCGACAGATCATAGGGGATAATAGAGCACGAGTGGTTGCCTCAAAGGCCGCGCCTTGCTCATATTGAGTTTTGCAGTTGGCTAACCCGCGTCATCGGGGCGCTGCTGTAGTGCACTAGGGTGATGCAACATTTAGCTGCTACATTACAACTGGT,1998,50.7,Escherichia coli
SEQ_644653,GGCACTTCGCTAAGGAGATCGAGGCTTTCTTTGCCAGAGAACCTGTCTTCGGGCCGCGGGCTAAGGCGGATCTACTACGTCTGCCTTGCATATAGGACAGCGACTTAATAGAACGTGTAGTCGTCCCGATGCCCGGACTTTATGCCCAACAAGGTGCAAATCTTTCAAATAGAGAGATGCGGTGTCCCTCCAAAGCGGACACTGCGCCCTCGACGCACCATAAGATTCTGCATTGTAACCTATAGGAGACTTGCTGGAGTTACAAATAGCCCCTTGTGTCAAAGCTACACCACCAGGAGTTTGGTGTAGGTACTTCTAGGAAACGTTCGATATCGCCCCTTGAGCCCAACCGGTGTATAACAAACAAGAATGATTTCGATCATTTAGACTCGGCCCGGAATGCCCGCTAAACTATGTAGCGCTTCCGGCCAAAAGACCACGCTACGAAATGCCATCGGAATCCTCCCTACCGTAGATTTAATCCTCGGATAAGGACAAACTATATAAGAGGGAGATCAAAGAATTTTTGTTTTCTCCTATAATGGGATATCTGGTGCTTCGCCGAATCCAGATATCGTGGCTCAGTACCACTAAATAGAACCCAAGAGTTTTTGGTTAATCGTGACTATCGGTATCAATTAAGCACACTGGGTTAAGTGACACTCTTTGAGCGCCCCCCTCCGGGAATTTTCCCGTCTTGCTCCTGAGTTCGCCCCAGGACAAACAGAAGATAAGGTTTAGCGCACGCTGCTTGTAACGAATATTCTTAGTGCGGATGTCTATATGTTGCAGACGTTAACTTAGTATGACGACAACCTTGTACCGTGTCCCACATCGATCGGGGCCCCCTAGCGCGTTAGGCATACGATCTTAATGCATGGGTTGTGCCGTCACATCCTACGTAATGTACCAGGAGAAACCAAAGGGACGTTCGCCCTCTAACTAATGTGGTTTAATAAGAAACGTTGCTTAATTGCCAAATCGAACTAGGTTACTTACGGTCGTTCACCATTTCCTGGTGAACAAGGAGATATCAAAATGACTGAGTCCCGGCTATGATTGATCTTGCGTAGTTCAGGATATTAAGTTATGCTCCCAGCAGAGGCACAGAGACGAGATATTTGGAGAACGTCTGTCACGATGTAATACGAGTATTTCTGGCTCGGTGGCCTCAATGGTTGGAATCCTCTTAAAACACGGTTGCTGTACTCACGATGTCTTACAAGCGTAACCGGAATCCCACACCAGAATACGCCATAACCGTAGAAGACGGAGAGATGTCTGAGTGATGATTAGTGCCAGAAATGGGGGGCGCGCATACTGCTGGTTGAAGATAGTTATATTCAAAGCATATCGAAAAAAGTCGTTCTACTACAGCCGCACATAAGACAGAGTAATGCACCGCCCCTTTTCCTGCTGCGTTTTAGGCACAAA,1434,47.21,Arabidopsis thaliana
SEQ_155446,ATCTGACATTGTCATTGTGCTAATGAAGGGGGCGTTGATTCAAGCTAACTTCATGGCCCCTTCTTGAACTCCGACAGGCGGGCGGTTTGGGTTTCATACTTGAAATTTCAGACGGAGACATTCACTGCCCTTAAGGTGTTCGTGAGAACCTAACATCTGAGGCCTTGTCGGTTATTAGTGGCCCACGATAAATGTGACGGCGTGATCTCACGCTTTAGTAACTCTCAGATACCAAGCAGAGTCTTGCCCTACGCCTTTTGCTGGTTCAATCCTGGAAAGAACGCATATCCCGTTTCACGCGCTCCGTCTCCTCGACCGATTCGTTTGCCAAATATAAAAGTTAAACTATGTTCTGCAGTCCTGCTGTCTACTGCTGATGACGGATTCTTCACCTGGGACAGTGGGAGCGGCTACCCCACAAGCCTTGAGGGAAGCGGAGTTCCTCGCTAAATCTTGAGAATAATCCAAGGTCCGGTGATGAGCGCGGGACGCCCTTGCTAACTTATCTCCACTACACGCGTACATTCGTAGCCTGGTACCGACCCAACCATTCGAGTAGGTGTGTTGCAGGACACTCGATACATACTCGTCCTCACTATTCCGTGTCACTTTGTTCATCGGTACCAGTCGTGTATAGATGGCGCAACTACAGCAAGTTCACAGACCTCAAAATCTCTTACTCAAAGAGGTTGGGGCTGAAAACCGCAGAAAGTACGATTAACCTTCGGTTATCCGGGTACCGATTGATCTAGTGACAACGAAATTGATACTTGACCGGCAGACAAGTACCTCCTTGGTCTGGTGTGGATGGGGTGTTGATATATGCGAACGGGGGGAATAACTTCTCTTTAGAGGTTAATATCCGCAAACACTCACTTATTCGTACAATCACGAAATATTACACTTTTCGCTGAGTATTCCAATTTATACAATGGGTTCTATCCTGTCCTTACCCAGGGCACGTATTCACCAGCTGGCCCAACGGAAATTGTTAGAGGCATGTGCCATGACCCGTGAAAGGGGTAGTTGCCTCGGACTAAGATTGCCGATGTCCAGAGCACGCGAAAGGGGCGTCTAGTCAGCGTTGCCGCTTGCGTTTTACGCATTGAGTGCCACGTCCCGAGGATTCGTAAGACGCAAATGTCAAATTTAGTAGGCCGGGGCGCGACGACAGAAAAACACCCGTACGAGTAACCAAAGGCATACATACACAAGGCGTAAGAAGCTAGGATTGGGAATGTCGGAGGGGATGTCCGACAGCATCTCTGGAGATTGTCATATGCTAGGATAAACTCCAGTCACCTCACAACT,1311,48.89,Drosophila melanogaster
SEQ_197324,TCGAGTAGCATGCTTGCAAGGTGAAACGCGTCAAACCGAGATTACCGAAGTAAAATCCCTTTAGGAACTGATCTGATGACTACCTTTCACCGTCCGAAATGTAACTCTTTGTCAATTGTCCTACAAGTCTTGGAGATGACAAACCGAAGAATCAATAACGGACTGACCTTCAGCCTTGGCCACAGAGATGGTTAAGACGCACTGGGGACCATACCAGTTAACCTGGCTTAACCTCGTCGCGGCTTTGAACAGTTCGCGAGATGTTAGTAGAAGATCTGTCCGGCGAGTCGCAAAGTAAGAGAACTGCTTTGCAGTGCGGAGCTTCACGATGTAGGTCGGGTAAGCTAGGAGAAGATCTAGACGCCGGGTCGAGTTCACTCCTCACAGCCAGTTATACAATACAGCTTCATTCCAGGGCAAGCTGCGTCGGGTAGACGCGCCTTTCAACGGTCCTTGAAACGTGAATCAATAGCTACATTCACCACGATAGTGTGAACCCTACGGAGAAATGTTCGGCTCCGTCAAATTAAACTAAATAGAGGATTGTGGCTCGCCTTCGGTTCCTAGCGGCATTCGCGAATTGCACGTGATAGGGCTCCCGCAGCTTCCTTCCCCGCCTCATATACAATGTTAAGGGATATTCTCCCGAGATGCCAAGCGATTATCTGTACCCAATGTATAAGTTTTC,688,48.55,Homo sapiens
SEQ_906182,ACTAACCGTTATGTGATTTTCATCGCCATAGAATAGACAGCTACTAGATTGGTGGGGGCTACCCAAACACGCACGACGTAAGCGACTTCTGAATGGTCGTGCTCAAGGTCCCAACACTAGAGACTAAACCCGGTGCTGTATTGTGCCTCACGGAGGATGGTCGGAAGACAATTGCGGTTCCTTCTCACTTTCCTTGCTGTAGGTACGCAAATTCTAATGCGCATTGCCAAGAAAGCAAGCTCTAGACACAGTTTTTAACCATAATTACATACCGCTCTTTTAAATCATTCCATGTGCATCGCAGAGGACGCATATCGTGACTGTACTGAGAGGATAAGCCTAGGTCGCAGTCTCAGTAAATCCACTTGTGTCTCGGCCCGAGGCTATACGGTACCAAGTCGCGCTAGACATCGGGTAGCCATAGCTACTCAGTAGTTGTCGTTACACTGGGTGCGGCTCCGTTTATTGAATCTGCTCAGGGTCAACCGTCCACCAAAGTTGCAGTATAGAGCACTCGCGAATACGGATGGGGTCGAATCATTGCGCTGTTTATGACGCCACGGTTGTAATAATGGGCACCCGTTATCTCTTAAGCTGAAGGGAGTCATGCAGTACAGAATATTGCATTCTCCAGTTCTTTCCGGAGGACTACTATGGGGTCTATATGTCCTGGATAAAATGCTCCCTAGCACTGGGTGGCGGTTGGATTTCGGACGCTCTACGCGCCCCACGTTACTTCCACGGCCTCAGCCACGAGGGGCAGCCAGTTTGGTATTCACTGTGACTTATTATGGCTCCAAGACCCATATACTAATACAGGGTCCACTTCCGAATCTTATCAACTATTCCACTATGCGGACGCCTGGCTCAGGTCACGACGTACTTTCGACTCATAGTCGTCTTATACGCAGGAGTGCTTTTATGGTATTGTGAGGACCGAGCACGGAGGGATCCA,955,49.32,Mus musculus
SEQ_302621,CTCAGCGTTCGACCTTCCACCGGCCAGCTCCGACAAAAGTCTCGATAATTGTCAGTTAGTACACGTAGCAGGAGTTCGACTTTTCTCACGCGAGGTCTGTCAACTCTCCCTAATGTTTTTATATCTTGCCATACTATGCCCGATAGCTGGCGTTGCACACGCTTTTATTCTTCCAAGTCTGGCTCGCGTGAATCAAAGTGACGAGCATGGAAGGGCGACGTGTCCTACCTCTCCCCGCTTCCGCTCCTTGGCTGGCTCCATTATTGTTGCCGGAGACGCACCTAATGTAAAAAGTTTTACGGTGTCTCAATTTCACGTCCAGAATGTTGATTCGTGCTCACGCATATCTGATGGAAGGACCCACTGTGGTTGGTTAGCTCATTTACAGGTAAACATCCGTGGTCCCTTCATAAGGCCATTACGTAGCTTAAGGCGTTTTCCGACTAAGTGTCCAACACTCCCGTCCTGGTGTCAAATGGGCGGGACATTCGCA,493,49.9,Saccharomyces cerevisiae
SEQ_304621,AGGGGTTGAAAACTTGACTTGACCCTGTATCCGGAGGGGTACCACATAAAGAACTGCTATGGGGCACTAAAGGAACATTGATTAGTAACAGGAAGAGTTGTCTAGCATTTGGAACGAACAACCGATTTGCAGTAATAGCTACGTGATCGGTCGAAGGTAAATCCATGTGTATAGCGGCTAACCAAGTTCC,190,44.74,Homo sapiens
SEQ_754166,CTCTTAGTTCACCTTCCTGCTATGTGTTACTCATCGCGACCGTTGAACAAAGATTCTGGTAACTTATGGCTCGGAAGGCATAGGGGGTGCCAAAGCCGCCATGCTTCCATAAGCTGCGTCTAGGCGTCACTTAGCCATATTAGCTTAACGTATACGCGCATGTGTGGAGAACCCATATGTATAGACCAAATTAGCTCACCCAGTCGCACTTGCTCACGGAAGCCCTGGGTCAGTGCGTCGCTGAGCCCCCAGACATGAGAATTATAATGCAGTGCGCCAGTCTAGAAAGACGCCGATGCGCAGGGCTTCGCCAATTCTATAGACCCACTAACACCATTTTCAGGGCAGCATATGACCGTGCTGCTATCCCAAATACAGGGCCTTTAGTCACGTTGCACTATACAGGCCTTCGCGTCCACCGGCCTACTTGTCAAGAGCTTGAAGCCGTGGTTGTACGCTCATTCTAGCAGATGTATTTAGGTGACAAACCGCGGATGCGAACAATGGGCGGTTATTAGTCTCTGTTCAGCTTTGGCCCGCCCCCAACTGCGAGATAATCGCGTACTTTTGGCCGTGACGTTGATGCGTATGAAATAAATCAACCCCGGACGTGTTGCAACCCCGTAAGGAACTCGTAAAAGTTACGGTTCGAACAGTGCCGTAAGCACCAAACCCGGATAGCTAATAATTACTGTACGGCACACGCAGGGACGTCACGCGGCTGGAGCCCAAGTTTGCATTGTTATCCCTCCCCAGTGCAAGTGAGGGTTCTGGAGCTTTTTCCGGGGCGGCGTCATATGTGGCGCAAAGTACAGAGACCGACACGTTAAAGAATGGATCGCGTGGTTGCACCTGCAGCGCCCCTCCATGTCCGCTCTACTCAGTGTCTATATTCGGCCGCAGACACAGGTGTAACGCATACGTACAACTTTGCGGTCCGCGGGCCTCGGCAAGCAAACGGCACAGTTCCGGGCGAAGCCACATGAACAGTATGGCATAAGTCGTTTGGCTGAGTAAAGACTTCGGAGGGGCGAGACAATAATAAAATTATTTCACTAACTTCAACCTACAGCATTAAAGGCTTAGCTTAGTCTCGCTGTCCGTTTCCGCGCCCGAAGACCTATATCAGGCCACTCAGCCTACGTCAATATCGTTCACTGGTCTGATTCGCTTAAAATAACGGAACCTGCGATTTAGTACCCATGCTCTACCGAACTTTCATGGGATCCCAGTTAGCTGCGCTGGCCTCGGCGGTTAACGCAGATCCCAATGTAGTCCCGGTTAAAGCTATCTAAGGTGGTGTGGTCCGTCCGCGGGAATGATGCGAAACCCTATACTTGAACGACGTGGCGCCACAAGAACACTAACATCTCGCGGA,1378,51.74,Caenorhabditis elegans
SEQ_166211,TCCCTTGAACGCCACTAAATCTGGGCTCAATGTGTTGTAGCGTGGTGCCGCCGGTTTAGTCTGTAGTTACAACTGTCGCCAGCTGGGGATTAGGACTGTTTGTTACGCATCTTATGTAAAGTGTGGGAGCTGACAGTCTCAGAACATAGTCTGTTCCGGCTAGCCAGGTTCGTTAGGATCGCCGAACCCACCTACCCTTTGCAGATAAAGTATGCGAAATTATAACTACACCTGAACCTTCTTCAGTTGCCACTAGACTGATTACATCGCATAGGCTCGTTCCCTGGTACAGATAGTACACACGGCTACATCTTTAGCTCTCATAATCCTTTCTTCACGACATAGTCGTGTTGAGTCCACGGCGCGCCGCTTGTGGCCGGTGAAGACAAGGTGCGGCAAGAGAGAGGCGCAAATCCTTGAGAAAGTTCTTAGAACTGCCGGCCTTTGACGTATTAAATTTGCTCGAGTGCGTTCCACCGCAGGACGTCTTGGCATATAGTGAACGGCTGCCTTAGCGTTTGGTATTATATAATGTCCTAGCTTACAGCCGGTAAGGTACTCTGGTGGTGGGATATCCGAGCCACCTCCCCAACCCCGTGTAGAACGTTCCTAACGTGACGGTTCAATTTAGTGCGCCCGGCGGCACGGCCCCTTATCGGCCGAGCATCAACCACATTCGCCATCACCAACCCGGTCCGGTGCACCCGTTTCCCCGAGGGAGCTAATCAGCTTGTCGCTCTCAGGGGGTTTCAGGGCTGCCGATGCGTCAGAGACAAGCAAGTGAACAATTAGTGACCGCGTGTCTTGTTGCCCAGACTTCCGTTTGTCGTAAACGCCCTGCAACGCTCTCTTCGAACGAACCTACTATATTAACGTAGTGTGGGGCAATCCCAGCTACATGATTCCCGGCAACTAACGCTACGCTCGATAGTGTCGTGGAGGGCAGCGCACCACGGAGGTCCGACGGCTCCTGGGGCTGGAAACAAGGCTTAATGAAGCGAGCCTGCGTATCCTACACATGGCTGGACCCAGATTCTCCTTAACCGTATCCAGGAACAGTGGTTGATATTCTGTGCTCGAAGGGGGCACTTCACGGGATGTGCATGACCTAGATGACCCACGAGAACCGCCGAGCCACTATGGCGGCTATCACTGCGTCCCTAGTGTTGTAAGGCGCTGCGGGAAGCAGGCACCCCCGGCTAATAATATCGTACATGGGGAGGGCGAGGTCGTACGACTAGAAAAGAAACTCGAGCTAGGGGCAACGACAACGGTACCTGATAAAAATTGGAAGCTTGCGGCTACTAATCTGGAGAGTTTTCAGTTAAGATGATAGCAAGCTCCCGAGAGCGGTGCCAGATTTTCCCGGGCACGGTGTTGCGATTTAACCTCGCACGGGAAATGCCAGATAAACCGAGTATTTCGAGCCCAGCAAGCCACACGATTTGAAAACTGATGCTTCTCAGGGATTGGTCCTATTACGTTGTGTCAAGAGAACCGCCTGGTCGGGATTTATCCGACTCCAATTCTGTTTAAACGGTTACGTCCGTAAGGAAGTTGTCGGGCCAAGATCGACACAGGACTTCTAAGTGCCGCGATCTGCAATTTTGGATACGATCTAGGGTGTTCGTACACCGCACTCTACAT,1647,52.28,Arabidopsis thaliana
SEQ_694292,CCCTTATCGCCGTCTAAAGACTATGAGGCCTCAGACACAGGCCGAAAGTTTATAGGCGACTAGGTCCCCGACCAAACTCGCAGAGCATGACTGTCCCCTTAAAGTCTCAAGAATTTCTTTGATTTATCCCATCGATCCAGCCGCGACCCTTTCAGTGGAACGAGAACTGAACTCAGGCCGGAAGAACCAACCATCATCGTTAGTCGTATGTAGTGGCTATAGCGCGGCCCTCTTGCCACACGCTCGATACAGAGCCTGAGGGTGCCCGATTGTCAATCCATCTTTCATTGTGACACACACCGTTCACGCCCGCTGAGAAGAGTAACGTAGTTCAACGCCGCCTGATCTAGTACCGTATTGCCGGGCTGTGACGGAACATGTTAAATACTGTGGAGAGTATGGCTCATAGATCAAGCCGAGTTACGTAAAGGCTGCCCTCGCAACGAGAGCTTTACGGTCAGCCGCGAGACTGATGAAGGTGCCCGATACGCAAGTTCACAAGGGCTTGAAGGGAACCCGACCGGTCTTCGCGGCAAGGACCATACACTGAGTGGCCTCTTTCCCCATTCATAGAGCCGTGGTCCCTCTTGCCAATGTGGATCGCAGTGCCGAGGAGCCAATCCACCTGCGATCAATAAATCTACTATCAGAGTCCTCACGTGGGTGATATTCGTTTGCGCTAGTCTTTTGAGGACTGGTACCTGCCACGGCTCGTGATAATATATCCGCAAAGGGCCAGGTAGACGAATACTCCTCCTGCCTACGGTCCGCTAGAGTCGGGTGCAGCCGTGGAGAAAAGTGACAGCATAGACCTAGACGTGCAGTCGTCTAATGATGTCTAACGACAAATGCTAACCTCCCTTGTACCATAGTGAAACTGGAGGTTTCTTACATGGCGCTGCCTCCGACTATGAGTGGACGTAGCGGCACATTCCGTCCATGTTTAGGACGCTCCGTTCTAGTCCTCGGCGAACCTCTACGGCGGCGCTTTTATCCGACTTATGGCGTGTTAGACCGACTTGGAGACAGTCGGGGAGACTTTGAAAAGAAGATGACTAAACTCCCACACCGACGTTCCCCGACAGTCGTTTAATGACTACGGGTCTTAACTCCAATGTACATGCCTCCAACGTCCCAATCGTACTGTGTGCAGGCACGGGTCAGCTGCGATCCTCGTGGGGTCGGTACCTGATTTATCAGATCTAGCTGTAGCAGTAAGACCCGTCGCGGACCTTGGAGTTACCCGATAAGAGCTCGCGAGTTAGTATCAGGTGCGGAACTCGCGGTGTAACACGAATAATCGCCGATACGCGCCCTGTTATTTGAACACCCTTCTGACTCAAAGAGTTGTATTCTAACGATCATAGGGCCTACCGGCGGGGCGTAAGTTTACCAGGAGTTCTCAACAATGTATTCCTTTGGTTTCAATCACCCCGCATGTCCGCGTCGAATTCCACCCTGTCAGCGCTTGGGATTACTGGTTTACGGAGTCCACAACTTAAGAAGTCAGTTTCCGCGGCGGACTAGGACCTAGCTGAGGGCGAGATGGGCACTGTATTTGATGTAGAATGTAGCCGTCAAGAATGTAACACAGATCCGTCTTTACGAATCTATGAAGGACAGACGTCCTTTGATGCCGGTTGGATTCGTGACTTATGGCACAACGCCATCAGTCTGTTTAAGCTTTAAATAACATCGCACGAAGCTACCGCACACTGAAGCGAACTCGGAGTTTTAGCACATTTTCTAGGTGACTCTTCGGTGTTTAGCCCAAAATATAATTTCGCATTCTAGCCTCGATTGTTCGCCATCATAGGGTTGGACTCCCGGGTATGCAGGAGGTGGGCTTGTTAGCCGGTTCCACTACAACTGTCGGCCCAAGGGATGCACCAGAACGGGCACTAACCTC,1909,51.6,Drosophila melanogaster
